# This file was generated by Animated Java via MC-Build. It is not recommended to edit this file directly.
$data merge entity $(nose) {transformation: [-1f,0f,0f,0f,0f,1f,0.0042f,3.6786f,0f,0.0042f,-1f,0.6032f,0f,0f,0f,1f],start_interpolation: 0,interpolation_duration: 1}
$data merge entity $(glowing_eye) {transformation: [-1f,0f,0f,-0.125f,0f,1f,0.0042f,3.7461f,0f,0.0042f,-1f,0.6384f,0f,0f,0f,1f],start_interpolation: 0,interpolation_duration: 1}
$data merge entity $(head) {transformation: [-1f,0f,0f,0f,0f,1f,0.0042f,3.5559f,0f,0.0042f,-1f,0.4154f,0f,0f,0f,1f],start_interpolation: 0,interpolation_duration: 1}
$data merge entity $(leftthumb2) {transformation: [-0.5429f,0.7836f,0.3021f,0.5329f,-0.7319f,-0.2651f,-0.6278f,3.4648f,-0.4118f,-0.5619f,0.7174f,1.3669f,0f,0f,0f,1f],start_interpolation: 0,interpolation_duration: 1}
$data merge entity $(leftthumb) {transformation: [-0.5429f,0.7836f,0.3021f,0.7509f,-0.7319f,-0.2651f,-0.6278f,3.3462f,-0.4118f,-0.5619f,0.7174f,1.2904f,0f,0f,0f,1f],start_interpolation: 0,interpolation_duration: 1}
$data merge entity $(leftpointerfinger) {transformation: [-0.5429f,0.8307f,0.1231f,0.6643f,-0.7319f,-0.3962f,-0.5544f,3.5813f,-0.4118f,-0.3911f,0.8231f,1.5187f,0f,0f,0f,1f],start_interpolation: 0,interpolation_duration: 1}
$data merge entity $(leftmidfinger) {transformation: [-0.5429f,0.8307f,0.1231f,0.6835f,-0.7319f,-0.3962f,-0.5544f,3.4947f,-0.4118f,-0.3911f,0.8231f,1.6473f,0f,0f,0f,1f],start_interpolation: 0,interpolation_duration: 1}
$data merge entity $(leftringfinger) {transformation: [-0.5429f,0.8307f,0.1231f,0.7027f,-0.7319f,-0.3962f,-0.5544f,3.4081f,-0.4118f,-0.3911f,0.8231f,1.7759f,0f,0f,0f,1f],start_interpolation: 0,interpolation_duration: 1}
$data merge entity $(invisibility) {transformation: [0.5276f,-0.0774f,0.846f,0.5732f,-0.7168f,0.4938f,0.4922f,3.4459f,-0.4559f,-0.8661f,0.2051f,1.4031f,0f,0f,0f,1f],start_interpolation: 0,interpolation_duration: 1}
$data merge entity $(swiftness) {transformation: [0.1231f,0.5188f,0.846f,0.4819f,-0.5544f,-0.6711f,0.4922f,3.4071f,0.8231f,-0.5296f,0.2051f,1.6184f,0f,0f,0f,1f],start_interpolation: 0,interpolation_duration: 1}
$data merge entity $(suspicious_stew) {transformation: [0.5222f,0.1077f,0.846f,0.5719f,-0.8425f,0.2189f,0.4922f,3.3734f,-0.1321f,-0.9698f,0.2051f,1.5822f,0f,0f,0f,1f],start_interpolation: 0,interpolation_duration: 1}
$data merge entity $(log) {transformation: [-0.846f,0.5188f,0.1231f,0.5633f,-0.4922f,-0.6711f,-0.5544f,3.2174f,-0.2051f,-0.5296f,0.8231f,1.5354f,0f,0f,0f,1f],start_interpolation: 0,interpolation_duration: 1}
$data merge entity $(planks) {transformation: [-0.846f,0.5188f,0.1231f,0.484f,-0.4922f,-0.6711f,-0.5544f,3.1712f,-0.2051f,-0.5296f,0.8231f,1.5161f,0f,0f,0f,1f],start_interpolation: 0,interpolation_duration: 1}
$data merge entity $(lefthand1) {transformation: [-0.846f,0.5188f,0.1231f,0.9006f,-0.4922f,-0.6711f,-0.5544f,3.19f,-0.2051f,-0.5296f,0.8231f,1.4285f,0f,0f,0f,1f],start_interpolation: 0,interpolation_duration: 1}
$data merge entity $(leftforearm) {transformation: [-0.9537f,0.2544f,0.1603f,1.0174f,-0.2863f,-0.6052f,-0.7428f,2.7581f,-0.0919f,-0.7543f,0.65f,0.8822f,0f,0f,0f,1f],start_interpolation: 0,interpolation_duration: 1}
$data merge entity $(leftelbow) {transformation: [-0.9537f,-0.0722f,0.2919f,1.0038f,-0.2863f,0.5147f,-0.8081f,2.8547f,-0.0919f,-0.8543f,-0.5116f,0.722f,0f,0f,0f,1f],start_interpolation: 0,interpolation_duration: 1}
$data merge entity $(leftarm) {transformation: [-0.9537f,-0.0722f,0.2919f,0.75f,-0.2863f,0.5147f,-0.8081f,3.0746f,-0.0919f,-0.8543f,-0.5116f,0.2908f,0f,0f,0f,1f],start_interpolation: 0,interpolation_duration: 1}
$data merge entity $(rightthumb2) {transformation: [-0.0343f,0.1333f,-0.9905f,-1.0966f,-0.6582f,0.7427f,0.1228f,1.6955f,0.752f,0.6562f,0.0623f,-0.7211f,0f,0f,0f,1f],start_interpolation: 0,interpolation_duration: 1}
$data merge entity $(rightthumb) {transformation: [-0.0343f,0.1333f,-0.9905f,-1.1485f,-0.6582f,0.7427f,0.1228f,1.8881f,0.752f,0.6562f,0.0623f,-0.5549f,0f,0f,0f,1f],start_interpolation: 0,interpolation_duration: 1}
$data merge entity $(rightpointerfinger) {transformation: [-0.2192f,-0.9756f,-0.0089f,-1.3011f,-0.7317f,0.1584f,0.663f,1.6858f,-0.6454f,0.1518f,-0.7486f,-0.7949f,0f,0f,0f,1f],start_interpolation: 0,interpolation_duration: 1}
$data merge entity $(rightmidfinger) {transformation: [-0.2192f,-0.9756f,-0.0089f,-1.3025f,-0.7317f,0.1584f,0.663f,1.7894f,-0.6454f,0.1518f,-0.7486f,-0.9119f,0f,0f,0f,1f],start_interpolation: 0,interpolation_duration: 1}
$data merge entity $(rightringfinger) {transformation: [-0.3447f,-0.9387f,-0.0089f,-1.3039f,-0.7048f,0.2525f,0.663f,1.893f,-0.6201f,0.2348f,-0.7486f,-1.0288f,0f,0f,0f,1f],start_interpolation: 0,interpolation_duration: 1}
$data merge entity $(hugeasssword) {transformation: [-3.8815f,0.5222f,-0.0348f,-1.012f,0.3681f,2.909f,2.5966f,1.9049f,0.3721f,2.5701f,-2.932f,-0.7921f,0f,0f,0f,1f],start_interpolation: 0,interpolation_duration: 1}
$data merge entity $(whey) {transformation: [0f,0f,0f,-0.853f,0f,0f,0f,1.7259f,0f,0f,0f,-0.7647f,0f,0f,0f,1f],start_interpolation: 0,interpolation_duration: 1}
$data merge entity $(ice) {transformation: [-0.991f,0.1333f,-0.0089f,-0.9986f,0.094f,0.7427f,0.663f,1.8918f,0.095f,0.6562f,-0.7486f,-0.8039f,0f,0f,0f,1f],start_interpolation: 0,interpolation_duration: 1}
$data merge entity $(righthand1) {transformation: [-0.991f,0.1333f,-0.0089f,-1.2133f,0.094f,0.7427f,0.663f,2.1217f,0.095f,0.6562f,-0.7486f,-0.6395f,0f,0f,0f,1f],start_interpolation: 0,interpolation_duration: 1}
$data merge entity $(rightforearm) {transformation: [-0.991f,0.1322f,-0.0195f,-1.0581f,0.094f,0.7931f,0.6018f,2.6641f,0.095f,0.5946f,-0.7984f,-0.2148f,0f,0f,0f,1f],start_interpolation: 0,interpolation_duration: 1}
$data merge entity $(rightelbow) {transformation: [-0.991f,0.1336f,-0.0042f,-1.0331f,0.094f,0.7188f,0.6889f,2.7989f,0.095f,0.6823f,-0.7249f,-0.0869f,0f,0f,0f,1f],start_interpolation: 0,interpolation_duration: 1}
$data merge entity $(rightarm) {transformation: [-0.991f,0.1332f,0.0103f,-0.75f,0.094f,0.6403f,0.7623f,3.0746f,0.095f,0.7565f,-0.6471f,0.2908f,0f,0f,0f,1f],start_interpolation: 0,interpolation_duration: 1}
$data merge entity $(chest1) {transformation: [-1.0833f,0f,0f,-0.0023f,0f,1.0315f,0.3312f,2.9557f,0f,0.3312f,-1.0315f,0.137f,0f,0f,0f,1f],start_interpolation: 0,interpolation_duration: 1}
$data merge entity $(chest1lid) {transformation: [-1f,0f,0f,-0.3438f,0f,0.9521f,0.3057f,2.1853f,0f,0.3057f,-0.9521f,0.3006f,0f,0f,0f,1f],start_interpolation: 0,interpolation_duration: 1}
$data merge entity $(chest2) {transformation: [-1f,0f,0f,-0.3438f,0f,0.9521f,0.3057f,2.0365f,0f,0.3057f,-0.9521f,0.2528f,0f,0f,0f,1f],start_interpolation: 0,interpolation_duration: 1}
$data merge entity $(chest1lid3) {transformation: [-1f,0f,0f,-0.2812f,0f,0.9521f,0.3057f,2.3811f,0f,0.3057f,-0.9521f,-0.3093f,0f,0f,0f,1f],start_interpolation: 0,interpolation_duration: 1}
$data merge entity $(chest3) {transformation: [-1f,0f,0f,-0.2812f,0f,0.9521f,0.3057f,2.2324f,0f,0.3057f,-0.9521f,-0.3571f,0f,0f,0f,1f],start_interpolation: 0,interpolation_duration: 1}
$data merge entity $(hugeasssword2) {transformation: [0f,2.8877f,-2.6461f,-1.2344f,-1.1973f,2.5194f,2.7494f,4.1414f,3.7292f,0.8089f,0.8827f,0.2394f,0f,0f,0f,1f],start_interpolation: 0,interpolation_duration: 1}
$data merge entity $(belt) {transformation: [-1f,0f,0f,0.0297f,0f,0.9521f,0.3057f,2.5364f,0f,0.3057f,-0.9521f,0.1398f,0f,0f,0f,1f],start_interpolation: 0,interpolation_duration: 1}
$data merge entity $(torn_part) {transformation: [-1f,0f,0f,-0.0938f,0f,0.866f,0.5f,2.2701f,0f,0.5f,-0.866f,0.0621f,0f,0f,0f,1f],start_interpolation: 0,interpolation_duration: 1}
$data merge entity $(lowerbody) {transformation: [-1f,0f,0f,0.0039f,0f,0.9763f,0.2164f,1.7629f,0f,0.2164f,-0.9763f,0.0938f,0f,0f,0f,1f],start_interpolation: 0,interpolation_duration: 1}
$data merge entity $(leftfoot) {transformation: [-0.9239f,0.017f,-0.3823f,0.1587f,0f,0.999f,0.0445f,0.1571f,0.3827f,0.0411f,-0.923f,-0.3802f,0f,0f,0f,1f],start_interpolation: 0,interpolation_duration: 1}
$data merge entity $(leftlowerleg) {transformation: [-0.9239f,0.2583f,-0.2824f,0.4886f,0f,0.7379f,0.675f,0.8719f,0.3827f,0.6236f,-0.6817f,0.4163f,0f,0f,0f,1f],start_interpolation: 0,interpolation_duration: 1}
$data merge entity $(leftleg) {transformation: [-0.9239f,-0.2053f,-0.3229f,0.25f,0f,0.8438f,-0.5366f,1.7825f,0.3827f,-0.4957f,-0.7796f,-0.0781f,0f,0f,0f,1f],start_interpolation: 0,interpolation_duration: 1}
$data merge entity $(rightfoot) {transformation: [-0.9239f,-0.0164f,0.3823f,-0.4767f,0f,0.9991f,0.0428f,0.177f,-0.3827f,0.0395f,-0.923f,0.3875f,0f,0f,0f,1f],start_interpolation: 0,interpolation_duration: 1}
$data merge entity $(rightlowerleg) {transformation: [-0.9239f,-0.0825f,0.3737f,-0.6257f,0f,0.9765f,0.2156f,1.2271f,-0.3827f,0.1992f,-0.9022f,0.7471f,0f,0f,0f,1f],start_interpolation: 0,interpolation_duration: 1}
$data merge entity $(rightleg) {transformation: [-0.9239f,0.3311f,0.1919f,-0.25f,0f,0.5015f,-0.8652f,1.7825f,-0.3827f,-0.7993f,-0.4633f,-0.0781f,0f,0f,0f,1f],start_interpolation: 0,interpolation_duration: 1}
data modify entity @s data merge value {"cameras":{},"locators":{"soup":{"px":0.5640232193327656,"py":3.395607419898366,"pz":1.409114437557731,"ry":103.62577052242877,"rx":29.487351109085157},"lefthand":{"px":0.6001123759733152,"py":3.3245873583393184,"pz":1.5831003310875418,"ry":171.4949731735579,"rx":-33.67144974563642},"sword":{"px":-1.0607073740666613,"py":-0.5660278375310721,"pz":1.9669205832536392,"ry":359.3196762156379,"rx":41.526982743825414},"righthand":{"px":-1.0934859403033816,"py":1.8786839429208486,"pz":-0.7935080295011011,"ry":359.3196762156379,"rx":41.526982743825414},"chest":{"px":-0.3750000000000001,"py":2.0780355274458957,"pz":0.4302758119462131,"ry":0,"rx":17.8}}}