# This file was generated by Animated Java via MC-Build. It is not recommended to edit this file directly.
$data merge entity $(bone_nose) {transformation: [-1f,0f,0f,0f,0f,0.9994f,-0.0334f,3.6765f,0f,-0.0334f,-0.9994f,0.6287f,0f,0f,0f,1f],start_interpolation: 0,interpolation_duration: 1}
$data merge entity $(bone_glowing_eye) {transformation: [-1f,0f,0f,-0.125f,0f,0.9994f,-0.0334f,3.7453f,0f,-0.0334f,-0.9994f,0.6613f,0f,0f,0f,1f],start_interpolation: 0,interpolation_duration: 1}
$data merge entity $(bone_head) {transformation: [-1f,0f,0f,0f,0f,0.9994f,-0.0334f,3.5468f,0f,-0.0334f,-0.9994f,0.4456f,0f,0f,0f,1f],start_interpolation: 0,interpolation_duration: 1}
$data merge entity $(bone_leftthumb2) {transformation: [-0.0269f,0.9696f,0.2431f,0.3957f,-0.9996f,-0.0266f,-0.0044f,3.538f,0.0022f,-0.2431f,0.97f,0.9529f,0f,0f,0f,1f],start_interpolation: 0,interpolation_duration: 1}
$data merge entity $(bone_leftthumb) {transformation: [-0.0269f,0.9696f,0.2431f,0.6543f,-0.9996f,-0.0266f,-0.0044f,3.5311f,0.0022f,-0.2431f,0.97f,0.9762f,0f,0f,0f,1f],start_interpolation: 0,interpolation_duration: 1}
$data merge entity $(bone_leftpointerfinger) {transformation: [-0.0269f,0.9889f,-0.1464f,0.4883f,-0.9996f,-0.0263f,0.0062f,3.8119f,0.0022f,0.1466f,0.9892f,0.9973f,0f,0f,0f,1f],start_interpolation: 0,interpolation_duration: 1}
$data merge entity $(bone_leftmidfinger) {transformation: [-0.0269f,0.9889f,-0.1464f,0.4654f,-0.9996f,-0.0263f,0.0062f,3.8128f,0.0022f,0.1466f,0.9892f,1.1518f,0f,0f,0f,1f],start_interpolation: 0,interpolation_duration: 1}
$data merge entity $(bone_leftringfinger) {transformation: [-0.0269f,0.9889f,-0.1464f,0.4425f,-0.9996f,-0.0263f,0.0062f,3.8138f,0.0022f,0.1466f,0.9892f,1.3064f,0f,0f,0f,1f],start_interpolation: 0,interpolation_duration: 1}
$data merge entity $(bone_invisibility) {transformation: [0.6648f,0.2052f,0.7183f,0.4471f,-0.7221f,-0.0694f,0.6883f,3.6361f,0.191f,-0.9763f,0.1021f,0.9607f,0f,0f,0f,1f],start_interpolation: 0,interpolation_duration: 1}
$data merge entity $(bone_swiftness) {transformation: [-0.1464f,0.6802f,0.7183f,0.2901f,0.0062f,-0.7254f,0.6883f,3.6996f,0.9892f,0.1052f,0.1021f,1.1266f,0f,0f,0f,1f],start_interpolation: 0,interpolation_duration: 1}
$data merge entity $(bone_suspicious_stew) {transformation: [0.5546f,0.4202f,0.7183f,0.3877f,-0.6549f,-0.3122f,0.6883f,3.6712f,0.5134f,-0.8521f,0.1021f,1.1412f,0f,0f,0f,1f],start_interpolation: 0,interpolation_duration: 1}
$data merge entity $(bone_log) {transformation: [-0.7183f,0.6802f,-0.1464f,0.3985f,-0.6883f,-0.7254f,0.0062f,3.5163f,-0.1021f,0.1052f,0.9892f,1.1911f,0f,0f,0f,1f],start_interpolation: 0,interpolation_duration: 1}
$data merge entity $(bone_planks) {transformation: [-0.7183f,0.6802f,-0.1464f,0.3312f,-0.6883f,-0.7254f,0.0062f,3.4518f,-0.1021f,0.1052f,0.9892f,1.1816f,0f,0f,0f,1f],start_interpolation: 0,interpolation_duration: 1}
$data merge entity $(bone_lefthand1) {transformation: [-0.7183f,0.6802f,-0.1464f,0.7527f,-0.6883f,-0.7254f,0.0062f,3.5068f,-0.1021f,0.1052f,0.9892f,1.2121f,0f,0f,0f,1f],start_interpolation: 0,interpolation_duration: 1}
$data merge entity $(bone_leftforearm) {transformation: [-0.9239f,0.3827f,0f,0.9641f,-0.3583f,-0.8649f,-0.3516f,2.8818f,-0.1345f,-0.3248f,0.9362f,0.9606f,0f,0f,0f,1f],start_interpolation: 0,interpolation_duration: 1}
$data merge entity $(bone_leftelbow) {transformation: [-0.9239f,0f,0.3827f,0.9641f,-0.3583f,0.3516f,-0.8649f,2.9477f,-0.1345f,-0.9362f,-0.3248f,0.7851f,0f,0f,0f,1f],start_interpolation: 0,interpolation_duration: 1}
$data merge entity $(bone_leftarm) {transformation: [-0.9239f,0f,0.3827f,0.75f,-0.3583f,0.3516f,-0.8649f,3.0722f,-0.1345f,-0.9362f,-0.3248f,0.2977f,0f,0f,0f,1f],start_interpolation: 0,interpolation_duration: 1}
$data merge entity $(bone_rightthumb2) {transformation: [-0.0324f,0.1008f,-0.9944f,-1.0401f,-0.6642f,0.7412f,0.0968f,1.7179f,0.7468f,0.6637f,0.0429f,-0.7511f,0f,0f,0f,1f],start_interpolation: 0,interpolation_duration: 1}
$data merge entity $(bone_rightthumb) {transformation: [-0.0324f,0.1008f,-0.9944f,-1.1004f,-0.6642f,0.7412f,0.0968f,1.9079f,0.7468f,0.6637f,0.0429f,-0.5847f,0f,0f,0f,1f],start_interpolation: 0,interpolation_duration: 1}
$data merge entity $(bone_rightpointerfinger) {transformation: [-0.1871f,-0.9823f,-0.011f,-1.2428f,-0.7325f,0.1321f,0.6678f,1.7034f,-0.6546f,0.133f,-0.7442f,-0.8291f,0f,0f,0f,1f],start_interpolation: 0,interpolation_duration: 1}
$data merge entity $(bone_rightmidfinger) {transformation: [-0.1871f,-0.9823f,-0.011f,-1.2445f,-0.7325f,0.1321f,0.6678f,1.8078f,-0.6546f,0.133f,-0.7442f,-0.9453f,0f,0f,0f,1f],start_interpolation: 0,interpolation_duration: 1}
$data merge entity $(bone_rightringfinger) {transformation: [-0.3137f,-0.9494f,-0.011f,-1.2462f,-0.709f,0.2266f,0.6678f,1.9121f,-0.6316f,0.2173f,-0.7442f,-1.0616f,0f,0f,0f,1f],start_interpolation: 0,interpolation_duration: 1}
$data merge entity $(bone_hugeasssword) {transformation: [-3.8965f,0.3948f,-0.043f,-0.9596f,0.2653f,2.9031f,2.6157f,1.9299f,0.2956f,2.5993f,-2.9149f,-0.819f,0f,0f,0f,1f],start_interpolation: 0,interpolation_duration: 1}
$data merge entity $(bone_ice) {transformation: [-0.9948f,0.1008f,-0.011f,-0.9456f,0.0677f,0.7412f,0.6678f,1.9173f,0.0755f,0.6637f,-0.7442f,-0.8305f,0f,0f,0f,1f],start_interpolation: 0,interpolation_duration: 1}
$data merge entity $(bone_righthand1) {transformation: [-0.9948f,0.1008f,-0.011f,-1.1695f,0.0677f,0.7412f,0.6678f,2.1404f,0.0755f,0.6637f,-0.7442f,-0.669f,0f,0f,0f,1f],start_interpolation: 0,interpolation_duration: 1}
$data merge entity $(bone_rightforearm) {transformation: [-0.9948f,0.0996f,-0.0188f,-1.0369f,0.0677f,0.791f,0.6081f,2.6828f,0.0755f,0.6037f,-0.7936f,-0.2368f,0f,0f,0f,1f],start_interpolation: 0,interpolation_duration: 1}
$data merge entity $(bone_rightelbow) {transformation: [-0.9948f,0.1014f,-0.0012f,-1.0179f,0.0677f,0.6733f,0.7362f,2.809f,0.0755f,0.7323f,-0.6767f,-0.0995f,0f,0f,0f,1f],start_interpolation: 0,interpolation_duration: 1}
$data merge entity $(bone_rightarm) {transformation: [-0.9948f,0.1011f,0.0078f,-0.75f,0.0677f,0.6055f,0.793f,3.0722f,0.0755f,0.7894f,-0.6092f,0.2977f,0f,0f,0f,1f],start_interpolation: 0,interpolation_duration: 1}
$data merge entity $(bone_chest1) {transformation: [-1.0833f,0f,0f,-0.0023f,0f,1.0142f,0.3809f,2.9608f,0f,0.3809f,-1.0142f,0.1383f,0f,0f,0f,1f],start_interpolation: 0,interpolation_duration: 1}
$data merge entity $(bone_chest1lid) {transformation: [-1f,0f,0f,-0.3438f,0f,0.9362f,0.3516f,2.1834f,0f,0.3516f,-0.9362f,0.2644f,0f,0f,0f,1f],start_interpolation: 0,interpolation_duration: 1}
$data merge entity $(bone_chest2) {transformation: [-1f,0f,0f,-0.3438f,0f,0.9362f,0.3516f,2.0371f,0f,0.3516f,-0.9362f,0.2094f,0f,0f,0f,1f],start_interpolation: 0,interpolation_duration: 1}
$data merge entity $(bone_chest1lid3) {transformation: [-1f,0f,0f,-0.2812f,0f,0.9362f,0.3516f,2.4086f,0f,0.3516f,-0.9362f,-0.3353f,0f,0f,0f,1f],start_interpolation: 0,interpolation_duration: 1}
$data merge entity $(bone_chest3) {transformation: [-1f,0f,0f,-0.2812f,0f,0.9362f,0.3516f,2.2624f,0f,0.3516f,-0.9362f,-0.3903f,0f,0f,0f,1f],start_interpolation: 0,interpolation_duration: 1}
$data merge entity $(bone_hugeasssword2) {transformation: [0f,2.8877f,-2.6461f,-1.2344f,-1.377f,2.4771f,2.7033f,4.1402f,3.6666f,0.9303f,1.0153f,0.2983f,0f,0f,0f,1f],start_interpolation: 0,interpolation_duration: 1}
$data merge entity $(bone_belt) {transformation: [-1f,0f,0f,0.0297f,0f,0.9362f,0.3516f,2.5419f,0f,0.3516f,-0.9362f,0.1208f,0f,0f,0f,1f],start_interpolation: 0,interpolation_duration: 1}
$data merge entity $(bone_torn_part) {transformation: [-1f,0f,0f,-0.0938f,0f,0.8838f,0.4678f,2.2835f,0f,0.4678f,-0.8838f,0.0435f,0f,0f,0f,1f],start_interpolation: 0,interpolation_duration: 1}
$data merge entity $(bone_lowerbody) {transformation: [-1f,0f,0f,0.0039f,0f,0.9836f,0.1804f,1.7779f,0f,0.1804f,-0.9836f,0.0938f,0f,0f,0f,1f],start_interpolation: 0,interpolation_duration: 1}
$data merge entity $(bone_leftfoot) {transformation: [-0.9239f,0.021f,-0.3821f,0.1579f,0f,0.9985f,0.0549f,0.1574f,0.3827f,0.0507f,-0.9225f,-0.3821f,0f,0f,0f,1f],start_interpolation: 0,interpolation_duration: 1}
$data merge entity $(bone_leftlowerleg) {transformation: [-0.9239f,0.2553f,-0.285f,0.485f,0f,0.7448f,0.6672f,0.8812f,0.3827f,0.6164f,-0.6882f,0.4075f,0f,0f,0f,1f],start_interpolation: 0,interpolation_duration: 1}
$data merge entity $(bone_leftleg) {transformation: [-0.9239f,-0.202f,-0.3251f,0.25f,0f,0.8494f,-0.5278f,1.7974f,0.3827f,-0.4876f,-0.7847f,-0.0781f,0f,0f,0f,1f],start_interpolation: 0,interpolation_duration: 1}
$data merge entity $(bone_rightfoot) {transformation: [-0.9239f,-0.0124f,0.3825f,-0.4764f,0f,0.9995f,0.0324f,0.1691f,-0.3827f,0.0299f,-0.9234f,0.3868f,0f,0f,0f,1f],start_interpolation: 0,interpolation_duration: 1}
$data merge entity $(bone_rightlowerleg) {transformation: [-0.9239f,-0.0786f,0.3745f,-0.6211f,0f,0.9787f,0.2054f,1.2233f,-0.3827f,0.1898f,-0.9042f,0.7362f,0f,0f,0f,1f],start_interpolation: 0,interpolation_duration: 1}
$data merge entity $(bone_rightleg) {transformation: [-0.9239f,0.327f,0.1988f,-0.25f,0f,0.5194f,-0.8545f,1.7974f,-0.3827f,-0.7895f,-0.4799f,-0.0781f,0f,0f,0f,1f],start_interpolation: 0,interpolation_duration: 1}
data modify entity @s data merge value {"cameras":{},"locators":{"lefthand":{"posx":0.4150215137284458,"posy":3.6374203147886086,"posz":1.1770378586716659,"roty":188.4212171542123,"rotx":0.35280120905727047},"sword":{"posx":-0.9998085497665862,"posy":-0.5610450729457284,"posz":1.922160817217321,"roty":359.1548214219465,"rotx":41.900440345400234},"righthand":{"posx":-1.0402935259800508,"posy":1.9016085692166764,"posz":-0.8221704775510849,"roty":359.1548214219465,"rotx":41.900440345400234},"chest":{"posx":-0.3750000000000001,"posy":2.069968430831942,"posz":0.3886774306390995,"roty":0,"rotx":20.584375000000005}}}