# This file was generated by Animated Java via MC-Build. It is not recommended to edit this file directly.
$data merge entity $(bone_nose) {transformation: [-1f,0f,0f,0f,0f,0.9993f,-0.0368f,3.6889f,0f,-0.0368f,-0.9993f,0.5662f,0f,0f,0f,1f],start_interpolation: 0,interpolation_duration: 1}
$data merge entity $(bone_glowing_eye) {transformation: [-1f,0f,0f,-0.125f,0f,0.9993f,-0.0368f,3.7578f,0f,-0.0368f,-0.9993f,0.5986f,0f,0f,0f,1f],start_interpolation: 0,interpolation_duration: 1}
$data merge entity $(bone_head) {transformation: [-1f,0f,0f,0f,0f,0.9993f,-0.0368f,3.5586f,0f,-0.0368f,-0.9993f,0.3837f,0f,0f,0f,1f],start_interpolation: 0,interpolation_duration: 1}
$data merge entity $(bone_leftthumb2) {transformation: [-0.2801f,0.9152f,0.2899f,0.4421f,-0.9314f,-0.186f,-0.3128f,3.569f,-0.2324f,-0.3576f,0.9045f,1.0982f,0f,0f,0f,1f],start_interpolation: 0,interpolation_duration: 1}
$data merge entity $(bone_leftthumb) {transformation: [-0.2801f,0.9152f,0.2899f,0.6913f,-0.9314f,-0.186f,-0.3128f,3.4967f,-0.2324f,-0.3576f,0.9045f,1.0878f,0f,0f,0f,1f],start_interpolation: 0,interpolation_duration: 1}
$data merge entity $(bone_leftpointerfinger) {transformation: [-0.2801f,0.96f,0.0013f,0.5557f,-0.9314f,-0.2714f,-0.2424f,3.7772f,-0.2324f,-0.0691f,0.9702f,1.2064f,0f,0f,0f,1f],start_interpolation: 0,interpolation_duration: 1}
$data merge entity $(bone_leftmidfinger) {transformation: [-0.2801f,0.96f,0.0013f,0.5559f,-0.9314f,-0.2714f,-0.2424f,3.7394f,-0.2324f,-0.0691f,0.9702f,1.358f,0f,0f,0f,1f],start_interpolation: 0,interpolation_duration: 1}
$data merge entity $(bone_leftringfinger) {transformation: [-0.2801f,0.96f,0.0013f,0.5561f,-0.9314f,-0.2714f,-0.2424f,3.7015f,-0.2324f,-0.0691f,0.9702f,1.5096f,0f,0f,0f,1f],start_interpolation: 0,interpolation_duration: 1}
$data merge entity $(bone_invisibility) {transformation: [0.6235f,0.0533f,0.78f,0.4935f,-0.7748f,0.1756f,0.6073f,3.6109f,-0.1046f,-0.983f,0.1508f,1.1327f,0f,0f,0f,1f],start_interpolation: 0,interpolation_duration: 1}
$data merge entity $(bone_swiftness) {transformation: [0.0013f,0.6257f,0.78f,0.3684f,-0.2424f,-0.7566f,0.6073f,3.6363f,0.9702f,-0.1899f,0.1508f,1.3325f,0f,0f,0f,1f],start_interpolation: 0,interpolation_duration: 1}
$data merge entity $(bone_suspicious_stew) {transformation: [0.5676f,0.2633f,0.78f,0.4644f,-0.7882f,-0.1f,0.6073f,3.6009f,0.2379f,-0.9595f,0.1508f,1.3235f,0f,0f,0f,1f],start_interpolation: 0,interpolation_duration: 1}
$data merge entity $(bone_log) {transformation: [-0.78f,0.6257f,0.0013f,0.4696f,-0.6073f,-0.7566f,-0.2424f,3.4381f,-0.1508f,-0.1899f,0.9702f,1.3311f,0f,0f,0f,1f],start_interpolation: 0,interpolation_duration: 1}
$data merge entity $(bone_planks) {transformation: [-0.78f,0.6257f,0.0013f,0.3965f,-0.6073f,-0.7566f,-0.2424f,3.3811f,-0.1508f,-0.1899f,0.9702f,1.317f,0f,0f,0f,1f],start_interpolation: 0,interpolation_duration: 1}
$data merge entity $(bone_lefthand1) {transformation: [-0.78f,0.6257f,0.0013f,0.821f,-0.6073f,-0.7566f,-0.2424f,3.4083f,-0.1508f,-0.1899f,0.9702f,1.291f,0f,0f,0f,1f],start_interpolation: 0,interpolation_duration: 1}
$data merge entity $(bone_leftforearm) {transformation: [-0.9391f,0.331f,0.0919f,0.9936f,-0.3278f,-0.7833f,-0.5282f,2.8453f,-0.1029f,-0.5261f,0.8441f,0.9015f,0f,0f,0f,1f],start_interpolation: 0,interpolation_duration: 1}
$data merge entity $(bone_leftelbow) {transformation: [-0.9391f,-0.04f,0.3412f,0.9861f,-0.3278f,0.4017f,-0.8551f,2.9206f,-0.1029f,-0.9149f,-0.3904f,0.7299f,0f,0f,0f,1f],start_interpolation: 0,interpolation_duration: 1}
$data merge entity $(bone_leftarm) {transformation: [-0.9391f,-0.04f,0.3412f,0.75f,-0.3278f,0.4017f,-0.8551f,3.0765f,-0.1029f,-0.9149f,-0.3904f,0.2622f,0f,0f,0f,1f],start_interpolation: 0,interpolation_duration: 1}
$data merge entity $(bone_rightthumb2) {transformation: [-0.0379f,0.1276f,-0.9911f,-1.0871f,-0.6716f,0.7311f,0.1199f,1.7202f,0.7399f,0.6702f,0.058f,-0.7792f,0f,0f,0f,1f],start_interpolation: 0,interpolation_duration: 1}
$data merge entity $(bone_rightthumb) {transformation: [-0.0379f,0.1276f,-0.9911f,-1.1405f,-0.6716f,0.7311f,0.1199f,1.9098f,0.7399f,0.6702f,0.058f,-0.6099f,0f,0f,0f,1f],start_interpolation: 0,interpolation_duration: 1}
$data merge entity $(bone_rightpointerfinger) {transformation: [-0.2136f,-0.9769f,-0.0053f,-1.2911f,-0.7204f,0.1538f,0.6762f,1.7115f,-0.6598f,0.1483f,-0.7367f,-0.8544f,0f,0f,0f,1f],start_interpolation: 0,interpolation_duration: 1}
$data merge entity $(bone_rightmidfinger) {transformation: [-0.2136f,-0.9769f,-0.0053f,-1.292f,-0.7204f,0.1538f,0.6762f,1.8171f,-0.6598f,0.1483f,-0.7367f,-0.9695f,0f,0f,0f,1f],start_interpolation: 0,interpolation_duration: 1}
$data merge entity $(bone_rightringfinger) {transformation: [-0.3393f,-0.9407f,-0.0053f,-1.2928f,-0.6942f,0.2465f,0.6762f,1.9228f,-0.6348f,0.2331f,-0.7367f,-1.0847f,0f,0f,0f,1f],start_interpolation: 0,interpolation_duration: 1}
$data merge entity $(bone_hugeasssword) {transformation: [-3.8846f,0.4999f,-0.021f,-1.0025f,0.3542f,2.8635f,2.6486f,1.931f,0.3534f,2.625f,-2.8853f,-0.8459f,0f,0f,0f,1f],start_interpolation: 0,interpolation_duration: 1}
$data merge entity $(bone_ice) {transformation: [-0.9918f,0.1276f,-0.0053f,-0.989f,0.0904f,0.7311f,0.6762f,1.9182f,0.0902f,0.6702f,-0.7367f,-0.8577f,0f,0f,0f,1f],start_interpolation: 0,interpolation_duration: 1}
$data merge entity $(bone_righthand1) {transformation: [-0.9918f,0.1276f,-0.0053f,-1.2052f,0.0904f,0.7311f,0.6762f,2.1447f,0.0902f,0.6702f,-0.7367f,-0.6907f,0f,0f,0f,1f],start_interpolation: 0,interpolation_duration: 1}
$data merge entity $(bone_rightforearm) {transformation: [-0.9918f,0.1267f,-0.0165f,-1.0539f,0.0904f,0.7873f,0.6099f,2.6831f,0.0902f,0.6035f,-0.7923f,-0.2596f,0f,0f,0f,1f],start_interpolation: 0,interpolation_duration: 1}
$data merge entity $(bone_rightelbow) {transformation: [-0.9918f,0.1277f,0.002f,-1.0299f,0.0904f,0.6909f,0.7173f,2.8126f,0.0902f,0.7116f,-0.6967f,-0.1262f,0f,0f,0f,1f],start_interpolation: 0,interpolation_duration: 1}
$data merge entity $(bone_rightarm) {transformation: [-0.9918f,0.1269f,0.0147f,-0.75f,0.0904f,0.6163f,0.7823f,3.0765f,0.0902f,0.7773f,-0.6227f,0.2622f,0f,0f,0f,1f],start_interpolation: 0,interpolation_duration: 1}
$data merge entity $(bone_chest1) {transformation: [-1.0833f,0f,0f,-0.0023f,0f,1.0336f,0.3244f,2.9565f,0f,0.3244f,-1.0336f,0.1092f,0f,0f,0f,1f],start_interpolation: 0,interpolation_duration: 1}
$data merge entity $(bone_chest1lid) {transformation: [-1f,0f,0f,-0.3438f,0f,0.9541f,0.2994f,2.1873f,0f,0.2994f,-0.9541f,0.2779f,0f,0f,0f,1f],start_interpolation: 0,interpolation_duration: 1}
$data merge entity $(bone_chest2) {transformation: [-1f,0f,0f,-0.3438f,0f,0.9541f,0.2994f,2.0382f,0f,0.2994f,-0.9541f,0.2311f,0f,0f,0f,1f],start_interpolation: 0,interpolation_duration: 1}
$data merge entity $(bone_chest1lid3) {transformation: [-1f,0f,0f,-0.2812f,0f,0.9541f,0.2994f,2.3791f,0f,0.2994f,-0.9541f,-0.3333f,0f,0f,0f,1f],start_interpolation: 0,interpolation_duration: 1}
$data merge entity $(bone_chest3) {transformation: [-1f,0f,0f,-0.2812f,0f,0.9541f,0.2994f,2.23f,0f,0.2994f,-0.9541f,-0.3801f,0f,0f,0f,1f],start_interpolation: 0,interpolation_duration: 1}
$data merge entity $(bone_hugeasssword2) {transformation: [0f,2.8877f,-2.6461f,-1.2344f,-1.1727f,2.5247f,2.7552f,4.1429f,3.737f,0.7922f,0.8646f,0.2038f,0f,0f,0f,1f],start_interpolation: 0,interpolation_duration: 1}
$data merge entity $(bone_belt) {transformation: [-1f,0f,0f,0.0297f,0f,0.9541f,0.2994f,2.5373f,0f,0.2994f,-0.9541f,0.1148f,0f,0f,0f,1f],start_interpolation: 0,interpolation_duration: 1}
$data merge entity $(bone_torn_part) {transformation: [-1f,0f,0f,-0.0938f,0f,0.8838f,0.4678f,2.272f,0f,0.4678f,-0.8838f,0.0435f,0f,0f,0f,1f],start_interpolation: 0,interpolation_duration: 1}
$data merge entity $(bone_lowerbody) {transformation: [-1f,0f,0f,0.0039f,0f,0.9836f,0.1804f,1.7663f,0f,0.1804f,-0.9836f,0.0938f,0f,0f,0f,1f],start_interpolation: 0,interpolation_duration: 1}
$data merge entity $(bone_leftfoot) {transformation: [-0.9239f,0.0179f,-0.3823f,0.1585f,0f,0.9989f,0.0468f,0.1571f,0.3827f,0.0433f,-0.9229f,-0.3806f,0f,0f,0f,1f],start_interpolation: 0,interpolation_duration: 1}
$data merge entity $(bone_leftlowerleg) {transformation: [-0.9239f,0.2576f,-0.283f,0.4878f,0f,0.7394f,0.6732f,0.874f,0.3827f,0.622f,-0.6832f,0.4143f,0f,0f,0f,1f],start_interpolation: 0,interpolation_duration: 1}
$data merge entity $(bone_leftleg) {transformation: [-0.9239f,-0.2046f,-0.3234f,0.25f,0f,0.8451f,-0.5346f,1.7859f,0.3827f,-0.4939f,-0.7808f,-0.0781f,0f,0f,0f,1f],start_interpolation: 0,interpolation_duration: 1}
$data merge entity $(bone_rightfoot) {transformation: [-0.9239f,-0.0155f,0.3824f,-0.4766f,0f,0.9992f,0.0404f,0.1752f,-0.3827f,0.0373f,-0.9231f,0.3874f,0f,0f,0f,1f],start_interpolation: 0,interpolation_duration: 1}
$data merge entity $(bone_rightlowerleg) {transformation: [-0.9239f,-0.0816f,0.3739f,-0.6246f,0f,0.977f,0.2133f,1.2262f,-0.3827f,0.1971f,-0.9026f,0.7447f,0f,0f,0f,1f],start_interpolation: 0,interpolation_duration: 1}
$data merge entity $(bone_rightleg) {transformation: [-0.9239f,0.3302f,0.1935f,-0.25f,0f,0.5056f,-0.8628f,1.7859f,-0.3827f,-0.7971f,-0.4671f,-0.0781f,0f,0f,0f,1f],start_interpolation: 0,interpolation_duration: 1}
data modify entity @s data merge value {"cameras":{},"locators":{"lefthand":{"posx":0.49380780433416827,"posy":3.5579081073327985,"posz":1.3449314128560967,"roty":179.92571959403094,"rotx":-14.031062396853123},"sword":{"posx":-1.0641767492109953,"posy":-0.5889297909677396,"posz":1.8681954107040197,"roty":359.58392358067033,"rotx":42.55039475878918},"righthand":{"posx":-1.08390366690309,"posy":1.9046993893573558,"posz":-0.8482509093526754,"roty":359.58392358067033,"rotx":42.55039475878918},"chest":{"posx":-0.3750000000000001,"posy":2.0808573171468807,"posz":0.40826207048690566,"roty":0,"rotx":17.421875}}}