# This file was generated by Animated Java via MC-Build. It is not recommended to edit this file directly.
$data merge entity $(bone_nose) { transformation: [-0.98462842185141f,0.043949719814503775f,0.1690422817245094f,0.07713422730719932f,0.1158691977772323f,0.8885582623226407f,0.4438902380821526f,3.516801049225729f,-0.13069506451608034f,0.45665373817192834f,-0.8799921383312135f,0.5794313634462103f,0f,0f,0f,1f], start_interpolation: 0, interpolation_duration: 1 }
$data merge entity $(bone_glowing_eye) { transformation: [-0.98462842185141f,0.043949719814503775f,0.1690422817245094f,-0.04886740837351433f,0.1158691977772323f,0.8885582623226407f,0.4438902380821526f,3.5759574855537317f,-0.13069506451608034f,0.45665373817192834f,-0.8799921383312135f,0.6247215244297167f,0f,0f,0f,1f], start_interpolation: 0, interpolation_duration: 1 }
$data merge entity $(bone_head) { transformation: [-0.98462842185141f,0.043949719814503775f,0.1690422817245094f,0.10336146571170185f,0.1158691977772323f,0.8885582623226407f,0.4438902380821526f,3.490205318270773f,-0.13069506451608034f,0.45665373817192834f,-0.8799921383312135f,0.35826225903646114f,0f,0f,0f,1f], start_interpolation: 0, interpolation_duration: 1 }
$data merge entity $(bone_leftthumb2) { transformation: [-0.9320673641737974f,0.3506604621382624f,-0.09103663512614002f,0.6178228412040498f,0.36122554384571687f,0.8803185260091395f,-0.30749861664479455f,1.8697604999982405f,-0.027686370572464536f,-0.3194941831365267f,-0.9471836843117853f,0.18344602539030566f,0f,0f,0f,1f], start_interpolation: 0, interpolation_duration: 1 }
$data merge entity $(bone_leftthumb) { transformation: [-0.9320673641737974f,0.3506604621382624f,-0.09103663512614002f,0.6960399263437006f,0.36122554384571687f,0.8803185260091395f,-0.30749861664479455f,2.0593739530811144f,-0.027686370572464536f,-0.3194941831365267f,-0.9471836843117853f,0.02414852348037161f,0f,0f,0f,1f], start_interpolation: 0, interpolation_duration: 1 }
$data merge entity $(bone_leftpointerfinger) { transformation: [-0.32728834823976316f,0.940528930002367f,-0.09103663512614002f,0.6786569878895546f,0.9075370154408606f,0.28604399376010864f,-0.30749861664479455f,1.7165963952210155f,-0.26317086220017377f,-0.18325983046584277f,-0.9471836843117853f,0.08761151390129279f,0f,0f,0f,1f], start_interpolation: 0, interpolation_duration: 1 }
$data merge entity $(bone_leftmidfinger) { transformation: [-0.43239568212078083f,0.8970765324921919f,-0.09103663512614002f,0.6644325136510952f,0.8690025897112537f,0.38765848350922544f,-0.30749861664479455f,1.6685497363702664f,-0.24055866884907598f,-0.21207214577853667f,-0.9471836843117853f,-0.06038593677242367f,0f,0f,0f,1f], start_interpolation: 0, interpolation_duration: 1 }
$data merge entity $(bone_leftringfinger) { transformation: [-0.43239568212078083f,0.8970765324921919f,-0.09103663512614002f,0.6502080394126358f,0.8690025897112537f,0.38765848350922544f,-0.30749861664479455f,1.6205030775195173f,-0.24055866884907598f,-0.21207214577853667f,-0.9471836843117853f,-0.2083833874461401f,0f,0f,0f,1f], start_interpolation: 0, interpolation_duration: 1 }
$data merge entity $(bone_invisibility) { transformation: [0.3413917276608717f,0.12125228627467083f,0.9320673641737972f,0.5450927400010319f,0.8501683779146906f,0.3830533065609407f,-0.3612255438457168f,1.8902203552444867f,-0.400830908836418f,0.9157336115955856f,0.0276863705724643f,0.07707513327314142f,0f,0f,0f,1f], start_interpolation: 0, interpolation_duration: 1 }
$data merge entity $(bone_swiftness) { transformation: [-0.09103663512614023f,0.3506604621382624f,0.9320673641737974f,0.43199304590937687f,-0.3074986166447945f,0.8803185260091395f,-0.3612255438457169f,1.7321681359801335f,-0.9471836843117853f,-0.3194941831365267f,0.027686370572464324f,-0.05869889637361417f,0f,0f,0f,1f], start_interpolation: 0, interpolation_duration: 1 }
$data merge entity $(bone_suspicious_stew) { transformation: [0.27933256295004605f,0.23070272629049782f,0.9320673641737977f,0.5115861617521495f,0.667885004340616f,0.6507270760082922f,-0.3612255438457168f,1.7912994337169095f,-0.6898571883025459f,0.7234158725324115f,0.027686370572464508f,-0.08554551770079363f,0f,0f,0f,1f], start_interpolation: 0, interpolation_duration: 1 }
$data merge entity $(bone_log) { transformation: [-0.9320673641737974f,0.3506604621382624f,-0.09103663512614002f,0.4637700618566011f,0.36122554384571687f,0.8803185260091395f,-0.30749861664479455f,1.920790146548363f,-0.027686370572464536f,-0.3194941831365267f,-0.9471836843117853f,-0.172477123036143f,0f,0f,0f,1f], start_interpolation: 0, interpolation_duration: 1 }
$data merge entity $(bone_planks) { transformation: [-0.9320673641737974f,0.3506604621382624f,-0.09103663512614002f,0.3763887464653075f,0.36122554384571687f,0.8803185260091395f,-0.30749861664479455f,1.954655041283899f,-0.027686370572464536f,-0.3194941831365267f,-0.9471836843117853f,-0.17507272027731152f,0f,0f,0f,1f], start_interpolation: 0, interpolation_duration: 1 }
$data merge entity $(bone_lefthand) { transformation: [-0.9320673641737974f,0.3506604621382624f,-0.09103663512614002f,0.7872969132823079f,0.36122554384571687f,0.8803185260091395f,-0.30749861664479455f,2.0601727238593686f,-0.027686370572464536f,-0.3194941831365267f,-0.9471836843117853f,-0.21582958604241526f,0f,0f,0f,1f], start_interpolation: 0, interpolation_duration: 1 }
$data merge entity $(bone_leftforearm) { transformation: [0.020272743496419943f,0.7939911347491626f,0.6075912226249367f,1.3576906512961542f,0.4987943420242449f,0.518651991604555f,-0.6944093288322309f,2.483753090852878f,-0.8664832486757773f,0.3171406463138487f,-0.3855237868405857f,-0.09311032222035959f,0f,0f,0f,1f], start_interpolation: 0, interpolation_duration: 1 }
$data merge entity $(bone_leftelbow) { transformation: [0.020272743496419943f,0.7939911347491626f,0.6075912226249367f,1.5065639890616223f,0.4987943420242449f,0.518651991604555f,-0.6944093288322309f,2.581000339278732f,-0.8664832486757773f,0.3171406463138487f,-0.3855237868405857f,-0.03364645103651295f,0f,0f,0f,1f], start_interpolation: 0, interpolation_duration: 1 }
$data merge entity $(bone_leftarm) { transformation: [-0.3548120165610854f,-0.3999150547421096f,0.8450895703382402f,0.9526753515799027f,0.4660100947963105f,0.7079646101101889f,0.5306794723554531f,3.0228739047519557f,-0.810520218410244f,0.5821117245187077f,-0.06482989839623648f,0.12724164312079386f,0f,0f,0f,1f], start_interpolation: 0, interpolation_duration: 1 }
$data merge entity $(bone_rightthumb2) { transformation: [-0.8739675024190952f,0.03339802794897384f,-0.4848354117063315f,-0.756682510095519f,0.09381706106909399f,0.9904646440914178f,-0.10088680715147008f,2.3048814776591064f,0.4768429130937007f,-0.13365762430171957f,-0.8687672160586706f,-0.05676569358665598f,0f,0f,0f,1f], start_interpolation: 0, interpolation_duration: 1 }
$data merge entity $(bone_rightthumb) { transformation: [-0.8739675024190952f,0.03339802794897384f,-0.4848354117063315f,-0.7899247164221366f,0.09381706106909399f,0.9904646440914178f,-0.10088680715147008f,2.5391639688155494f,0.4768429130937007f,-0.13365762430171957f,-0.8687672160586706f,-0.16378689788080428f,0f,0f,0f,1f], start_interpolation: 0, interpolation_duration: 1 }
$data merge entity $(bone_rightpointerfinger) { transformation: [-0.7467684594363115f,-0.4552707892525825f,-0.4848354117063315f,-0.9192002998437164f,-0.469317597235942f,0.8772473112341029f,-0.10088680715147008f,2.2196999294422604f,0.47125137762748204f,0.15220270492296284f,-0.8687672160586706f,-0.10849925953992923f,0f,0f,0f,1f], start_interpolation: 0, interpolation_duration: 1 }
$data merge entity $(bone_rightmidfinger) { transformation: [-0.7261990684207401f,-0.487411055045329f,-0.4848354117063315f,-0.9949558329228307f,-0.5071359011595582f,0.8559410201046938f,-0.10088680715147008f,2.203936365824843f,0.4641638619926498f,0.17261353806041563f,-0.8687672160586706f,-0.2442441370490965f,0f,0f,0f,1f], start_interpolation: 0, interpolation_duration: 1 }
$data merge entity $(bone_rightringfinger) { transformation: [-0.7542203375599033f,-0.44281633434932943f,-0.4848354117063315f,-1.070711366001945f,-0.4546960607212194f,0.8849143147827286f,-0.10088680715147008f,2.1881728022074256f,0.47371212225953274f,0.14436187005589707f,-0.8687672160586706f,-0.3799890145582638f,0f,0f,0f,1f], start_interpolation: 0, interpolation_duration: 1 }
$data merge entity $(bone_hugeasssword) { transformation: [-3.4230393844747895f,0.13080894280014754f,-1.8989386958497985f,-0.7484486873577119f,0.36745015585395147f,3.8793198560247197f,-0.39513999467659117f,2.381780696171176f,1.867634742950328f,-0.5234923618484016f,-3.4026715962297933f,-0.3844802530249808f,0f,0f,0f,1f], start_interpolation: 0, interpolation_duration: 1 }
$data merge entity $(bone_ice) { transformation: [-0.8739675024190952f,0.03339802794897384f,-0.4848354117063315f,-0.7353147893191162f,0.09381706106909399f,0.9904646440914178f,-0.10088680715147008f,2.3648387945280427f,0.4768429130937007f,-0.13365762430171957f,-0.8687672160586706f,-0.3898425231623555f,0f,0f,0f,1f], start_interpolation: 0, interpolation_duration: 1 }
$data merge entity $(bone_righthand) { transformation: [-0.8739675024190952f,0.03339802794897384f,-0.4848354117063315f,-0.9606082645524694f,0.09381706106909399f,0.9904646440914178f,-0.10088680715147008f,2.6327565080946873f,0.4768429130937007f,-0.13365762430171957f,-0.8687672160586706f,-0.3311951764661937f,0f,0f,0f,1f], start_interpolation: 0, interpolation_duration: 1 }
$data merge entity $(bone_rightforearm) { transformation: [-0.5841442202209661f,-0.47662293676757234f,-0.6569673554519233f,-1.2176110153911779f,-0.12650827199046458f,0.8529954232599911f,-0.506354090548792f,3.26754105806665f,0.8017301211133493f,-0.2126720104869524f,-0.5585690904937463f,-0.5285385523943856f,0f,0f,0f,1f], start_interpolation: 0, interpolation_duration: 1 }
$data merge entity $(bone_rightelbow) { transformation: [-0.5841442202209661f,-0.47662293676757234f,-0.6569673554519233f,-1.3069778160350978f,-0.12650827199046458f,0.8529954232599911f,-0.506354090548792f,3.4274776999278984f,0.8017301211133493f,-0.2126720104869524f,-0.5585690904937463f,-0.5684145543606892f,0f,0f,0f,1f], start_interpolation: 0, interpolation_duration: 1 }
$data merge entity $(bone_rightarm) { transformation: [-0.8519444156662278f,0.5106522968197087f,0.11586606219202356f,-0.7410535587325859f,0.1657069958476394f,0.05301882397453028f,0.9847487983397126f,3.2181973694801793f,0.49672115330664157f,0.8581510566660823f,-0.12978774903898288f,-0.09242968487950923f,0f,0f,0f,1f], start_interpolation: 0, interpolation_duration: 1 }
$data merge entity $(bone_chest) { transformation: [-1.0666807903390274f,0.04761219646571242f,0.1831291385348852f,0.08602144991020155f,0.12552496425866833f,0.9626047841828607f,0.4808810912556653f,2.9432852190183363f,-0.14158631989242038f,0.49470821635292234f,-0.9533248165254812f,-0.013755199580977262f,0f,0f,0f,1f], start_interpolation: 0, interpolation_duration: 1 }
$data merge entity $(bone_chest1lid) { transformation: [-0.98462842185141f,0.043949719814503775f,0.1690422817245094f,-0.3463440837703638f,0.1158691977772323f,0.8885582623226407f,0.4438902380821526f,2.2018586375537694f,-0.13069506451608034f,0.45665373817192834f,-0.8799921383312135f,-0.026119745404959996f,0f,0f,0f,1f], start_interpolation: 0, interpolation_duration: 1 }
$data merge entity $(bone_chest1) { transformation: [-0.98462842185141f,0.043949719814503775f,0.1690422817245094f,-0.35321122749138f,0.1158691977772323f,0.8885582623226407f,0.4438902380821526f,2.0630214090658567f,-0.13069506451608034f,0.45665373817192834f,-0.8799921383312135f,-0.0974718919943238f,0f,0f,0f,1f], start_interpolation: 0, interpolation_duration: 1 }
$data merge entity $(bone_chest1lid3) { transformation: [-0.98462842185141f,0.043949719814503775f,0.1690422817245094f,-0.1765120956748868f,0.1158691977772323f,0.8885582623226407f,0.4438902380821526f,2.4789839964640716f,-0.13069506451608034f,0.45665373817192834f,-0.8799921383312135f,-0.5816962674911387f,0f,0f,0f,1f], start_interpolation: 0, interpolation_duration: 1 }
$data merge entity $(bone_chest3) { transformation: [-0.98462842185141f,0.043949719814503775f,0.1690422817245094f,-0.183379239395903f,0.1158691977772323f,0.8885582623226407f,0.4438902380821526f,2.340146767976159f,-0.13069506451608034f,0.45665373817192834f,-0.8799921383312135f,-0.6530484140805025f,0f,0f,0f,1f], start_interpolation: 0, interpolation_duration: 1 }
$data merge entity $(bone_hugeasssword2) { transformation: [-0.6620822700876627f,2.959575198698483f,-2.4784752346275685f,-1.0313124786920753f,-1.7385700991550976f,2.0165879821820893f,2.872459694794757f,4.234636906722899f,3.4466358751305863f,1.5857381029493438f,0.9728379057660185f,0.12194045173504f,0f,0f,0f,1f], start_interpolation: 0, interpolation_duration: 1 }
$data merge entity $(bone_belt) { transformation: [-0.98462842185141f,0.043949719814503775f,0.1690422817245094f,0.07792331829942101f,0.1158691977772323f,0.8885582623226407f,0.4438902380821526f,2.527528318928502f,-0.13069506451608034f,0.45665373817192834f,-0.8799921383312135f,-0.07627491267148043f,0f,0f,0f,1f], start_interpolation: 0, interpolation_duration: 1 }
$data merge entity $(bone_torn_part) { transformation: [-0.9669906519852323f,0.1993331957746235f,0.15873045087648124f,-0.18099950567489037f,0.24116321377836036f,0.9170738798978001f,0.3175150439416816f,2.239016963480558f,-0.08227626202780643f,0.34531402501414676f,-0.9348737031467197f,-0.045864645650782326f,0f,0f,0f,1f], start_interpolation: 0, interpolation_duration: 1 }
$data merge entity $(bone_lowerbody) { transformation: [-0.9669906519852323f,0.23783861479355933f,0.09144327359765898f,-0.21555817129629598f,0.24116321377836036f,0.9701075194900934f,0.027050045265596186f,1.7379766435185182f,-0.08227626202780643f,0.048209894646834235f,-0.9954428274717102f,0.07861430555555535f,0f,0f,0f,1f], start_interpolation: 0, interpolation_duration: 1 }
$data merge entity $(bone_leftfoot) { transformation: [-0.933896330007806f,-0.16948218116796085f,-0.3147931076587142f,0.46967599226247053f,-0.3299105542703673f,0.747830616064681f,0.5761195815347593f,0.24217682370447935f,0.13776063455251666f,0.6419068138671078f,-0.7543139439913791f,-0.12891056455889927f,0f,0f,0f,1f], start_interpolation: 0, interpolation_duration: 1 }
$data merge entity $(bone_leftlowerleg) { transformation: [-0.933896330007806f,-0.16948218116796085f,-0.3147931076587142f,0.3300232813011794f,-0.3299105542703673f,0.747830616064681f,0.5761195815347593f,0.9832831602215883f,0.13776063455251666f,0.6419068138671078f,-0.7543139439913791f,0.6991018444456938f,0f,0f,0f,1f], start_interpolation: 0, interpolation_duration: 1 }
$data merge entity $(bone_leftleg) { transformation: [-0.9745416399926913f,-0.2239199471204426f,-0.010407083904278684f,0.09434721225484755f,-0.1496219458944769f,0.684346779863141f,-0.7136474490759841f,1.6124050651066333f,0.16691873869373006f,-0.6939066070743158f,-0.7004573455561799f,0.10434074925487187f,0f,0f,0f,1f], start_interpolation: 0, interpolation_duration: 1 }
$data merge entity $(bone_rightfoot) { transformation: [-0.9683157307472929f,-0.08270877629959907f,0.23562593763812317f,-0.4917295618097888f,0.08090974496139863f,0.7887388805612078f,0.6093851586326131f,0.3200738036412303f,-0.2362464531360542f,0.6091333247116417f,-0.7570727467753889f,-0.18255909640010914f,0f,0f,0f,1f], start_interpolation: 0, interpolation_duration: 1 }
$data merge entity $(bone_rightlowerleg) { transformation: [-0.9683157307472929f,-0.08270877629959907f,0.23562593763812317f,-0.6196875049717769f,0.08090974496139863f,0.7887388805612078f,0.6093851586326131f,1.1014516356999882f,-0.2362464531360542f,0.6091333247116417f,-0.7570727467753889f,0.6095191010506398f,0f,0f,0f,1f], start_interpolation: 0, interpolation_duration: 1 }
$data merge entity $(bone_rightleg) { transformation: [-0.9799848813157128f,0.18282646332907057f,0.07873233512496383f,-0.433585880760641f,0.08236555749060102f,0.7325101346014229f,-0.6757627084657752f,1.7728230474154316f,-0.1812170560812204f,-0.6557526478616275f,-0.7329115326085052f,0.0427764206269433f,0f,0f,0f,1f], start_interpolation: 0, interpolation_duration: 1 }
data modify entity @s data merge value {"locators":{"lefthand":{"posx":0.5251784760671887,"posy":1.822955032853438,"posz":-0.13012129767006167,"roty":354.5099961423727,"rotx":-17.908549998387386},"righthand":{"posx":-0.8101955335496976,"posy":2.3597344903010837,"posz":-0.32947561192918995,"roty":330.83529915879467,"rotx":-5.790239051364075},"chest":{"posx":-0.40627343596108145,"posy":2.0805868088888064,"posz":0.0787539468074191,"roty":10.873786876987822,"rotx":26.352358357838934},"sack":{"posx":0,"posy":-0.4375,"posz":0,"roty":0,"rotx":0}},"cameras":{}}