# This file was generated by Animated Java via MC-Build. It is not recommended to edit this file directly.
$data merge entity $(bone_nose) { transformation: [-0.9930902418349807f,0.03406577608391641f,0.11230001991068465f,-0.10036937438209158f,0.05485176982875596f,0.9807190330864577f,0.187567218587408f,3.9308842458628437f,-0.10374514407331495f,0.1924310293111893f,-0.9758110698487916f,0.0928548120023499f,0f,0f,0f,1f], start_interpolation: 0, interpolation_duration: 1 }
$data merge entity $(bone_glowing_eye) { transformation: [-0.9930902418349807f,0.03406577608391641f,0.11230001991068465f,-0.22611790416844813f,0.05485176982875596f,0.9807190330864577f,0.187567218587408f,3.9975980886514164f,-0.10374514407331495f,0.1924310293111893f,-0.9758110698487916f,0.12696735034395845f,0f,0f,0f,1f], start_interpolation: 0, interpolation_duration: 1 }
$data merge entity $(bone_head) { transformation: [-0.9930902418349807f,0.03406577608391641f,0.11230001991068465f,-0.08354696972900805f,0.05485176982875596f,0.9807190330864577f,0.187567218587408f,3.8449110239208917f,-0.10374514407331495f,0.1924310293111893f,-0.9758110698487916f,-0.11363147203456458f,0f,0f,0f,1f], start_interpolation: 0, interpolation_duration: 1 }
$data merge entity $(bone_leftthumb2) { transformation: [0.6996119899987836f,0.30333476246443614f,0.6469397849341053f,0.6473814178363126f,-0.1289543588104352f,0.9441497310287319f,-0.3032359786406668f,2.130350796761004f,-0.7027900374889584f,0.12872182130088722f,0.6996548119803443f,0.1467682606431745f,0f,0f,0f,1f], start_interpolation: 0, interpolation_duration: 1 }
$data merge entity $(bone_leftthumb) { transformation: [0.6996119899987836f,0.30333476246443614f,0.6469397849341053f,0.7770578499910035f,-0.1289543588104352f,0.9441497310287319f,-0.3032359786406668f,2.335982648528133f,-0.7027900374889584f,0.12872182130088722f,0.6996548119803443f,0.2381270729983676f,0f,0f,0f,1f], start_interpolation: 0, interpolation_duration: 1 }
$data merge entity $(bone_leftpointerfinger) { transformation: [0.7577146722254777f,0.08565856736865762f,0.6469397849341053f,0.6313313720700297f,0.1525680256922327f,0.9406226335753417f,-0.3032359786406668f,2.026073714530441f,-0.6345009637743755f,0.32846867589183887f,0.6996548119803443f,0.3055542050459475f,0f,0f,0f,1f], start_interpolation: 0, interpolation_duration: 1 }
$data merge entity $(bone_leftmidfinger) { transformation: [0.7538355528283895f,0.11489505629630167f,0.6469397849341053f,0.7324157134659837f,0.11608036917146908f,0.9458188458425074f,-0.3032359786406668f,1.9786930928678366f,-0.6467281555529586f,0.3036870706629065f,0.6996548119803443f,0.4148752694178763f,0f,0f,0f,1f], start_interpolation: 0, interpolation_duration: 1 }
$data merge entity $(bone_leftringfinger) { transformation: [0.7538355528283895f,0.11489505629630167f,0.6469397849341053f,0.8335000548619376f,0.11608036917146908f,0.9458188458425074f,-0.3032359786406668f,1.9313124712052323f,-0.6467281555529586f,0.3036870706629065f,0.6996548119803443f,0.524196333789805f,0f,0f,0f,1f], start_interpolation: 0, interpolation_duration: 1 }
$data merge entity $(bone_invisibility) { transformation: [0.35856499958293253f,-0.6180406172121973f,-0.6996119899987834f,0.7754689915601584f,0.9141281993093299f,0.3843701452653049f,0.12895435881043518f,2.1146372734172725f,0.18921093071377676f,-0.6857735682458856f,0.7027900374889584f,0.1659958093471665f,0f,0f,0f,1f], start_interpolation: 0, interpolation_duration: 1 }
$data merge entity $(bone_swiftness) { transformation: [0.6469397849341054f,0.30333476246443614f,-0.6996119899987835f,0.8921315343501073f,-0.30323597864066687f,0.9441497310287319f,0.12895435881043515f,1.9232103753249272f,0.6996548119803442f,0.12872182130088722f,0.7027900374889585f,0.24314647843731438f,0f,0f,0f,1f], start_interpolation: 0, interpolation_duration: 1 }
$data merge entity $(bone_suspicious_stew) { transformation: [0.5483232246601846f,-0.4581317547913475f,-0.6996119899987837f,0.8825513842447827f,0.7275371911695399f,0.6738400469020271f,0.12895435881043535f,2.0135235087801755f,0.4123484894641833f,-0.5797024119691714f,0.7027900374889585f,0.29114725122000196f,0f,0f,0f,1f], start_interpolation: 0, interpolation_duration: 1 }
$data merge entity $(bone_log) { transformation: [0.6996119899987836f,0.30333476246443614f,0.6469397849341053f,1.0163821560340094f,-0.1289543588104352f,0.9441497310287319f,-0.3032359786406668f,2.1052385675215075f,-0.7027900374889584f,0.12872182130088722f,0.6996548119803443f,0.2741472321796017f,0f,0f,0f,1f], start_interpolation: 0, interpolation_duration: 1 }
$data merge entity $(bone_planks) { transformation: [0.6996119899987836f,0.30333476246443614f,0.6469397849341053f,1.0819707800963954f,-0.1289543588104352f,0.9441497310287319f,-0.3032359786406668f,2.093149096383029f,-0.7027900374889584f,0.12872182130088722f,0.6996548119803443f,0.20826066616501185f,0f,0f,0f,1f], start_interpolation: 0, interpolation_duration: 1 }
$data merge entity $(bone_lefthand) { transformation: [0.6996119899987836f,0.30333476246443614f,0.6469397849341053f,0.8970959808712318f,-0.1289543588104352f,0.9441497310287319f,-0.3032359786406668f,2.38299071431382f,-0.7027900374889584f,0.12872182130088722f,0.6996548119803443f,0.46016098400267735f,0f,0f,0f,1f], start_interpolation: 0, interpolation_duration: 1 }
$data merge entity $(bone_leftforearm) { transformation: [-0.015727386348881517f,0.6331052773218507f,0.7739059097499229f,1.292311145880287f,-0.46541577145528745f,0.6804040289623323f,-0.5660728902292578f,2.8396757333435314f,-0.8849524331845824f,-0.36909086306632977f,0.2839562040203367f,0.15327776444663876f,0f,0f,0f,1f], start_interpolation: 0, interpolation_duration: 1 }
$data merge entity $(bone_leftelbow) { transformation: [-0.015727386348881517f,0.6331052773218507f,0.7739059097499229f,1.411018385378134f,-0.46541577145528745f,0.6804040289623323f,-0.5660728902292578f,2.9672514887739685f,-0.8849524331845824f,-0.36909086306632977f,0.2839562040203367f,0.08407322762170194f,0f,0f,0f,1f], start_interpolation: 0, interpolation_duration: 1 }
$data merge entity $(bone_leftarm) { transformation: [-0.36473989027203374f,-0.5519503484579371f,0.7498770734470463f,0.7930724387416366f,-0.4991076698142706f,0.7957781768953851f,0.34297030062328443f,3.2435700440140396f,-0.7860383873430825f,-0.24917444895939675f,-0.5657346971937174f,-0.1478996191082083f,0f,0f,0f,1f], start_interpolation: 0, interpolation_duration: 1 }
$data merge entity $(bone_rightthumb2) { transformation: [0.32023331586596004f,-0.045867692842918716f,-0.946227656625381f,-1.267961450044905f,0.9365149967170985f,-0.13522781021669633f,0.3235013141672999f,3.1691707494097825f,-0.1427945528844324f,-0.9897522892609365f,-0.00034866785077839087f,1.375005634812295f,0f,0f,0f,1f], start_interpolation: 0, interpolation_duration: 1 }
$data merge entity $(bone_rightthumb) { transformation: [0.32023331586596004f,-0.045867692842918716f,-0.946227656625381f,-1.360072407672998f,0.9365149967170985f,-0.13522781021669633f,0.3235013141672999f,3.1636527567181663f,-0.1427945528844324f,-0.9897522892609365f,-0.00034866785077839087f,1.1322465127303618f,0f,0f,0f,1f], start_interpolation: 0, interpolation_duration: 1 }
$data merge entity $(bone_rightpointerfinger) { transformation: [0.2767447987494908f,-0.1675277236828098f,-0.946227656625381f,-1.3543509734403907f,0.8089077433329696f,-0.49093295113283286f,0.3235013141672999f,3.3256198338130445f,-0.5187297746814482f,-0.8549381844845062f,-0.00034866785077839087f,1.4413744846168666f,0f,0f,0f,1f], start_interpolation: 0, interpolation_duration: 1 }
$data merge entity $(bone_rightmidfinger) { transformation: [0.28378885569646145f,-0.15529683583297202f,-0.946227656625381f,-1.5021990447881064f,0.8295520369664676f,-0.45518163154592917f,0.3235013141672999f,3.3761669141516855f,-0.48094417903461184f,-0.8767511477514316f,-0.00034866785077839087f,1.4413200052651824f,0f,0f,0f,1f], start_interpolation: 0, interpolation_duration: 1 }
$data merge entity $(bone_rightringfinger) { transformation: [0.2911286499869903f,-0.1410578994384667f,-0.946227656625381f,-1.6500471161358221f,0.851068038926275f,-0.41355784704224174f,0.3235013141672999f,3.426713994490326f,-0.4369522883278408f,-0.899484616964511f,-0.00034866785077839087f,1.4412655259134983f,0f,0f,0f,1f], start_interpolation: 0, interpolation_duration: 1 }
$data merge entity $(bone_hugeasssword) { transformation: [1.2542471538083435f,-0.17964846363476497f,-3.7060583217827423f,-1.5817930872889483f,3.668017070475303f,-0.5296422566820607f,1.2670468138219246f,3.0948822611645754f,-0.5592786654640269f,-3.876529799605335f,-0.001365615748882031f,1.2782118225541506f,0f,0f,0f,1f], start_interpolation: 0, interpolation_duration: 1 }
$data merge entity $(bone_ice) { transformation: [0.32023331586596004f,-0.045867692842918716f,-0.946227656625381f,-1.5860800501486834f,0.9365149967170985f,-0.13522781021669633f,0.3235013141672999f,3.082362148875507f,-0.1427945528844324f,-0.9897522892609365f,-0.00034866785077839087f,1.295907866962672f,0f,0f,0f,1f], start_interpolation: 0, interpolation_duration: 1 }
$data merge entity $(bone_righthand) { transformation: [0.32023331586596004f,-0.045867692842918716f,-0.946227656625381f,-1.5470582586624662f,0.9365149967170985f,-0.13522781021669633f,0.3235013141672999f,3.2927933615683354f,-0.1427945528844324f,-0.9897522892609365f,-0.00034866785077839087f,1.0127602605559929f,0f,0f,0f,1f], start_interpolation: 0, interpolation_duration: 1 }
$data merge entity $(bone_rightforearm) { transformation: [-0.30511853771387343f,-0.03891736886613334f,-0.9515188470776f,-1.5186152369752666f,0.935659616532351f,0.17379661038965433f,-0.3071413684406589f,3.3326757578842607f,0.1773238842736129f,-0.9840122847899835f,-0.016615157191984697f,0.2998434209573964f,0f,0f,0f,1f], start_interpolation: 0, interpolation_duration: 1 }
$data merge entity $(bone_rightelbow) { transformation: [-0.30511853771387343f,-0.03891736886613334f,-0.9515188470776f,-1.5259122436376666f,0.935659616532351f,0.17379661038965433f,-0.3071413684406589f,3.3652626223323208f,0.1773238842736129f,-0.9840122847899835f,-0.016615157191984697f,0.11534111755927451f,0f,0f,0f,1f], start_interpolation: 0, interpolation_duration: 1 }
$data merge entity $(bone_rightarm) { transformation: [-0.4578875546711699f,0.6298622005303564f,-0.6273855239167653f,-0.9938036326791162f,0.8890008562686541f,0.3211881309422777f,-0.3263673729026939f,3.364936249329061f,-0.00405768787073453f,-0.7071858262754307f,-0.7070160834693083f,-0.16012845260375158f,0f,0f,0f,1f], start_interpolation: 0, interpolation_duration: 1 }
$data merge entity $(bone_chest) { transformation: [-1.0758477619878957f,0.03690459075757611f,0.1216583549032417f,-0.09905076110044105f,0.059422750647818955f,1.0624456191769958f,0.20319782013635865f,3.2164013908622255f,-0.11239057274609118f,0.20846694842045507f,-1.0571286590028575f,-0.3199189758636633f,0f,0f,0f,1f], start_interpolation: 0, interpolation_duration: 1 }
$data merge entity $(bone_chest1lid) { transformation: [-0.9930902418349807f,0.03406577608391641f,0.11230001991068465f,-0.5053458659405321f,0.05485176982875596f,0.9807190330864577f,0.187567218587408f,2.4914587622614204f,-0.10374514407331495f,0.1924310293111893f,-0.9758110698487916f,-0.10500344494306853f,0f,0f,0f,1f], start_interpolation: 0, interpolation_duration: 1 }
$data merge entity $(bone_chest1) { transformation: [-0.9930902418349807f,0.03406577608391641f,0.11230001991068465f,-0.510668643453644f,0.05485176982875596f,0.9807190330864577f,0.187567218587408f,2.3382214133416612f,-0.10374514407331495f,0.1924310293111893f,-0.9758110698487916f,-0.13507079327294186f,0f,0f,0f,1f], start_interpolation: 0, interpolation_duration: 1 }
$data merge entity $(bone_chest1lid3) { transformation: [-0.9930902418349807f,0.03406577608391641f,0.11230001991068465f,-0.37133552557056343f,0.05485176982875596f,0.9807190330864577f,0.187567218587408f,2.6081907760546814f,-0.10374514407331495f,0.1924310293111893f,-0.9758110698487916f,-0.7236483400603685f,0f,0f,0f,1f], start_interpolation: 0, interpolation_duration: 1 }
$data merge entity $(bone_chest3) { transformation: [-0.9930902418349807f,0.03406577608391641f,0.11230001991068465f,-0.37665830308367537f,0.05485176982875596f,0.9807190330864577f,0.187567218587408f,2.4549534271349223f,-0.10374514407331495f,0.1924310293111893f,-0.9758110698487916f,-0.7537156883902418f,0f,0f,0f,1f], start_interpolation: 0, interpolation_duration: 1 }
$data merge entity $(bone_hugeasssword2) { transformation: [-0.43984174465018244f,2.9578566143432417f,-2.529407295479872f,-1.253311199853704f,-0.7346382728006812f,2.436649232887633f,2.977133672138743f,4.471602824216299f,3.8219266902411007f,0.8087660617458086f,0.2811611807640929f,-0.4829827681791289f,0f,0f,0f,1f], start_interpolation: 0, interpolation_duration: 1 }
$data merge entity $(bone_belt) { transformation: [-0.9930902418349807f,0.03406577608391641f,0.11230001991068465f,-0.09551309596113373f,0.05485176982875596f,0.9807190330864577f,0.187567218587408f,2.7994417269588556f,-0.10374514407331495f,0.1924310293111893f,-0.9758110698487916f,-0.2655110919150697f,0f,0f,0f,1f], start_interpolation: 0, interpolation_duration: 1 }
$data merge entity $(bone_torn_part) { transformation: [-0.9750910431763457f,-0.015836829350786952f,0.22123890334518492f,-0.21290284194760783f,-0.019063114992638398f,0.9997407006078134f,-0.012455087112328456f,2.4893797564176574f,-0.22098428714287238f,-0.016362346540527095f,-0.9751401019605563f,-0.11242107955272085f,0f,0f,0f,1f], start_interpolation: 0, interpolation_duration: 1 }
$data merge entity $(bone_lowerbody) { transformation: [-0.9750910431763457f,0.05142396871390987f,0.2157615187167926f,-0.1731299305555556f,-0.019063114992638398f,0.9497243355945718f,-0.3125064543753081f,2.071455023148148f,-0.22098428714287238f,-0.30883533123844475f,-0.9250873920959017f,0.19004833333333332f,0f,0f,0f,1f], start_interpolation: 0, interpolation_duration: 1 }
$data merge entity $(bone_leftfoot) { transformation: [-0.9502963130903828f,-0.261713581138874f,-0.1686581088773264f,0.5013064585750623f,-0.31052278983202647f,0.8361418935390528f,0.4521573600729734f,0.3218640705605188f,0.022685915746708113f,0.4820509749175283f,-0.8758558090928692f,-0.1211703374899451f,0f,0f,0f,1f], start_interpolation: 0, interpolation_duration: 1 }
$data merge entity $(bone_leftlowerleg) { transformation: [-0.9502963130903828f,-0.261713581138874f,-0.1686581088773264f,0.2368815350488988f,-0.31052278983202647f,0.8361418935390528f,0.4521573600729734f,1.1799869835186434f,0.022685915746708113f,0.4820509749175283f,-0.8758558090928692f,0.5481763760071425f,0f,0f,0f,1f], start_interpolation: 0, interpolation_duration: 1 }
$data merge entity $(bone_leftleg) { transformation: [-0.9808791971567616f,-0.09377577001395501f,0.17054090566609792f,0.1197208788000492f,-0.1647648639462979f,0.866507893566897f,-0.4711861006111515f,2.0220078927359513f,-0.10358939336303456f,-0.49027561161508815f,-0.8653889163864488f,0.12230440517212376f,0f,0f,0f,1f], start_interpolation: 0, interpolation_duration: 1 }
$data merge entity $(bone_rightfoot) { transformation: [-0.9120113143560588f,-0.05819382272450718f,0.4060157865235332f,-0.4172676006131162f,0.12702684439030953f,0.9011401603341622f,0.4144938823667984f,0.2486647128839219f,-0.3899994144749121f,0.42959658259124167f,-0.8144605592502165f,-0.140290952950199f,0f,0f,0f,1f], start_interpolation: 0, interpolation_duration: 1 }
$data merge entity $(bone_rightlowerleg) { transformation: [-0.9120113143560588f,-0.05819382272450718f,0.4060157865235332f,-0.5442089219783912f,0.12702684439030953f,0.9011401603341622f,0.4144938823667984f,1.1846819066397098f,-0.3899994144749121f,0.42959658259124167f,-0.8144605592502165f,0.4614310575258088f,0f,0f,0f,1f], start_interpolation: 0, interpolation_duration: 1 }
$data merge entity $(bone_rightleg) { transformation: [-0.9308402946440397f,0.1530233663315131f,0.33184363068103184f,-0.3848339627048092f,-0.051536193333671564f,0.8440513896404102f,-0.5337801723769504f,2.018472096426923f,-0.36177391647778023f,-0.513966050437832f,-0.7777908024357605f,0.028359732835389808f,0f,0f,0f,1f], start_interpolation: 0, interpolation_duration: 1 }
data modify entity @s data merge value {"locators":{"lefthand":{"posx":0.9169870695144939,"posy":2.0483044030896265,"posz":0.31904529946786686,"roty":137.24180842175832,"rotx":-17.652067590296827},"righthand":{"posx":-1.5405566869508074,"posy":3.1672186563185063,"posz":1.297991205084627,"roty":270.02111246195085,"rotx":18.874802262186254},"chest":{"posx":-0.5560559251141645,"posy":2.4025705625963827,"posz":0.032198059636564746,"roty":6.564933560429694,"rotx":10.810843780194807},"sack":{"posx":0,"posy":-0.4375,"posz":0,"roty":0,"rotx":0}},"cameras":{}}