# This file was generated by Animated Java via MC-Build. It is not recommended to edit this file directly.
$data merge entity $(bone_nose) { transformation: [-0.9531930733095484f,0.00023054494619424715f,0.302362219603782f,0.028284581563492374f,0.07865451241582146f,0.9657614889344334f,0.24722098245856058f,4.263642304995701f,-0.2919527918539696f,0.25943148101218233f,-0.9205752951217508f,0.28364409811543323f,0f,0f,0f,1f], start_interpolation: 0, interpolation_duration: 1 }
$data merge entity $(bone_glowing_eye) { transformation: [-0.9531930733095484f,0.00023054494619424715f,0.302362219603782f,-0.10140006146362736f,0.07865451241582146f,0.9657614889344334f,0.24722098245856058f,4.3302370879646315f,-0.2919527918539696f,0.25943148101218233f,-0.9205752951217508f,0.29683966856182803f,0f,0f,0f,1f], start_interpolation: 0, interpolation_duration: 1 }
$data merge entity $(bone_head) { transformation: [-0.9531930733095484f,0.00023054494619424715f,0.302362219603782f,0.08487495202589547f,0.07865451241582146f,0.9657614889344334f,0.24722098245856058f,4.190686459417008f,-0.2919527918539696f,0.25943148101218233f,-0.9205752951217508f,0.07922798267540376f,0f,0f,0f,1f], start_interpolation: 0, interpolation_duration: 1 }
$data merge entity $(bone_leftthumb2) { transformation: [-0.8067677659454616f,0.37316390514044573f,0.4581205864526295f,0.6180672953046287f,0.05404788800865379f,0.8186899156795217f,-0.5716866692222781f,2.7145442331223837f,-0.5883915342976758f,-0.4364579267982087f,-0.6806613552287486f,0.1412522751337127f,0f,0f,0f,1f], start_interpolation: 0, interpolation_duration: 1 }
$data merge entity $(bone_leftthumb) { transformation: [-0.8067677659454616f,0.37316390514044573f,0.4581205864526295f,0.74873278432781f,0.05404788800865379f,0.8186899156795217f,-0.5716866692222781f,2.866466881233356f,-0.5883915342976758f,-0.4364579267982087f,-0.6806613552287486f,-0.023953375743557798f,0f,0f,0f,1f], start_interpolation: 0, interpolation_duration: 1 }
$data merge entity $(bone_leftpointerfinger) { transformation: [-0.11997029550456334f,0.8807568656927101f,0.4581205864526295f,0.7360030048438532f,0.7189702766139101f,0.3952924152817201f,-0.5716866692222781f,2.565124952280272f,-0.6846085520516565f,0.2607896661217576f,-0.6806613552287486f,0.1517087045245651f,0f,0f,0f,1f], start_interpolation: 0, interpolation_duration: 1 }
$data merge entity $(bone_leftmidfinger) { transformation: [-0.23375115671904922f,0.8576047603650561f,0.4581205864526295f,0.8075843464770764f,0.6613109398825407f,0.4856358646405852f,-0.5716866692222781f,2.475798910214291f,-0.7127609960738435f,0.16932773539496127f,-0.6806613552287486f,0.04535536777007315f,0f,0f,0f,1f], start_interpolation: 0, interpolation_duration: 1 }
$data merge entity $(bone_leftringfinger) { transformation: [-0.23375115671904922f,0.8576047603650561f,0.4581205864526295f,0.8791656881102998f,0.6613109398825407f,0.4856358646405852f,-0.5716866692222781f,2.38647286814831f,-0.7127609960738435f,0.16932773539496127f,-0.6806613552287486f,-0.06099796898441881f,0f,0f,0f,1f], start_interpolation: 0, interpolation_duration: 1 }
$data merge entity $(bone_invisibility) { transformation: [0.41167174380039445f,-0.4238539219916582f,0.8067677659454615f,0.6112325825271706f,0.7657487771061151f,0.6408647565300292f,-0.05404788800865385f,2.6826683492225385f,-0.4941206185910798f,0.6400314184866205f,0.5883915342976755f,0.01491837345109523f,0f,0f,0f,1f], start_interpolation: 0, interpolation_duration: 1 }
$data merge entity $(bone_swiftness) { transformation: [0.4581205864526293f,0.37316390514044573f,0.8067677659454617f,0.6045785161904148f,-0.5716866692222781f,0.8186899156795217f,-0.05404788800865391f,2.467427651675168f,-0.6806613552287487f,-0.4364579267982087f,0.5883915342976757f,-0.08424713196807063f,0f,0f,0f,1f], start_interpolation: 0, interpolation_duration: 1 }
$data merge entity $(bone_suspicious_stew) { transformation: [0.5318114789840319f,-0.2574923739689885f,0.8067677659454618f,0.6796381344335802f,0.5003798193416795f,0.8641173891303153f,-0.05404788800865371f,2.537101008945884f,-0.6832251365519313f,0.43243359623232597f,0.5883915342976759f,-0.09224666533562911f,0f,0f,0f,1f], start_interpolation: 0, interpolation_duration: 1 }
$data merge entity $(bone_log) { transformation: [-0.8067677659454616f,0.37316390514044573f,0.4581205864526295f,0.6721235470087159f,0.05404788800865379f,0.8186899156795217f,-0.5716866692222781f,2.617706425286841f,-0.5883915342976758f,-0.4364579267982087f,-0.6806613552287486f,-0.23387161355215988f,0f,0f,0f,1f], start_interpolation: 0, interpolation_duration: 1 }
$data merge entity $(bone_planks) { transformation: [-0.8067677659454616f,0.37316390514044573f,0.4581205864526295f,0.5964890689513289f,0.05404788800865379f,0.8186899156795217f,-0.5716866692222781f,2.6227734147876522f,-0.5883915342976758f,-0.4364579267982087f,-0.6806613552287486f,-0.289033319892567f,0f,0f,0f,1f], start_interpolation: 0, interpolation_duration: 1 }
$data merge entity $(bone_lefthand) { transformation: [-0.8067677659454616f,0.37316390514044573f,0.4581205864526295f,0.9527901964535481f,0.05404788800865379f,0.8186899156795217f,-0.5716866692222781f,2.826732140617754f,-0.5883915342976758f,-0.4364579267982087f,-0.6806613552287486f,-0.17461754432639473f,0f,0f,0f,1f], start_interpolation: 0, interpolation_duration: 1 }
$data merge entity $(bone_leftforearm) { transformation: [0.026855261911571893f,0.765668383497887f,0.6426746621887263f,1.5002129995001012f,0.38096066476414997f,0.5865502864276134f,-0.7147221371932887f,3.293938015390271f,-0.9242011506215073f,0.26402781672281694f,-0.2759375747999261f,-0.07830315613571107f,0f,0f,0f,1f], start_interpolation: 0, interpolation_duration: 1 }
$data merge entity $(bone_leftelbow) { transformation: [0.026855261911571893f,0.765668383497887f,0.6426746621887263f,1.643775821405955f,0.38096066476414997f,0.5865502864276134f,-0.7147221371932887f,3.4039161940954488f,-0.9242011506215073f,0.26402781672281694f,-0.2759375747999261f,-0.02879794050018289f,0f,0f,0f,1f], start_interpolation: 0, interpolation_duration: 1 }
$data merge entity $(bone_leftarm) { transformation: [-0.38834612417216374f,-0.6187639684316235f,0.6828751270995357f,0.9461232272905252f,0.30647356622490446f,0.6121310782008352f,0.7289509560361879f,3.7159813016665013f,-0.8690576741769488f,0.49236845397672646f,-0.048083931647908085f,0.06823145105878572f,0f,0f,0f,1f], start_interpolation: 0, interpolation_duration: 1 }
$data merge entity $(bone_rightthumb2) { transformation: [-0.5266489193086025f,-0.14300404888891746f,-0.8379682319709127f,-0.6113377638543077f,0.4059417201708865f,0.8237862861179401f,-0.39571135266594726f,2.9020329990938967f,0.7468950633226752f,-0.5485672217744954f,-0.3757948477278917f,-0.23288477031818788f,0f,0f,0f,1f], start_interpolation: 0, interpolation_duration: 1 }
$data merge entity $(bone_rightthumb) { transformation: [-0.5266489193086025f,-0.14300404888891746f,-0.8379682319709127f,-0.7180191044976023f,0.4059417201708865f,0.8237862861179401f,-0.39571135266594726f,3.0702439044467256f,0.7468950633226752f,-0.5485672217744954f,-0.3757948477278917f,-0.39953125540392587f,0f,0f,0f,1f], start_interpolation: 0, interpolation_duration: 1 }
$data merge entity $(bone_rightpointerfinger) { transformation: [-0.2517110667816954f,-0.48420117830005704f,-0.8379682319709127f,-0.7679778873789411f,-0.33073031247134016f,0.8567554994185311f,-0.39571135266594726f,2.8257899353017506f,0.9095377943066639f,0.17753656848362276f,-0.3757948477278917f,-0.15545637169549686f,0f,0f,0f,1f], start_interpolation: 0, interpolation_duration: 1 }
$data merge entity $(bone_rightmidfinger) { transformation: [-0.23035093486170272f,-0.4947198085946048f,-0.8379682319709127f,-0.8989104236243963f,-0.3677866805042234f,0.8415138044114139f,-0.39571135266594726f,2.7639600364476964f,0.9009280795113586f,0.21704107438258474f,-0.3757948477278917f,-0.21417431665297995f,0f,0f,0f,1f], start_interpolation: 0, interpolation_duration: 1 }
$data merge entity $(bone_rightringfinger) { transformation: [-0.2724461379408132f,-0.47284494723818093f,-0.8379682319709127f,-1.0298429598698513f,-0.2933129753160697f,0.8702758320685009f,-0.39571135266594726f,2.702130137593642f,0.9163736139983356f,0.13797692556656205f,-0.3757948477278917f,-0.27289226161046304f,0f,0f,0f,1f], start_interpolation: 0, interpolation_duration: 1 }
$data merge entity $(bone_hugeasssword) { transformation: [-2.0627082672920265f,-0.5600991914815935f,-3.2820422418860753f,-0.7749737482390646f,1.5899384040026387f,3.226496287295266f,-1.5498694646082936f,2.8296463462804167f,2.9253389980138116f,-2.148554951950107f,-1.4718631536009092f,-0.5181242402752616f,0f,0f,0f,1f], start_interpolation: 0, interpolation_duration: 1 }
$data merge entity $(bone_ice) { transformation: [-0.5266489193086025f,-0.14300404888891746f,-0.8379682319709127f,-0.7645104206109784f,0.4059417201708865f,0.8237862861179401f,-0.39571135266594726f,2.810431846182154f,0.7468950633226752f,-0.5485672217744954f,-0.3757948477278917f,-0.5212231127994519f,0f,0f,0f,1f], start_interpolation: 0, interpolation_duration: 1 }
$data merge entity $(bone_righthand) { transformation: [-0.5266489193086025f,-0.14300404888891746f,-0.8379682319709127f,-0.9581101699094494f,0.4059417201708865f,0.8237862861179401f,-0.39571135266594726f,3.1054978679835497f,0.7468950633226752f,-0.5485672217744954f,-0.3757948477278917f,-0.4833847414039036f,0f,0f,0f,1f], start_interpolation: 0, interpolation_duration: 1 }
$data merge entity $(bone_rightforearm) { transformation: [-0.605744811120988f,-0.4444457722384149f,-0.6599554373890695f,-1.1947291932367938f,0.08753426161203337f,0.7871854926683618f,-0.6104725654576997f,3.6776985384522107f,0.7908292969054921f,-0.4275593007664181f,-0.43792929507409895f,-0.8381647297962269f,0f,0f,0f,1f], start_interpolation: 0, interpolation_duration: 1 }
$data merge entity $(bone_rightelbow) { transformation: [-0.605744811120988f,-0.4444457722384149f,-0.6599554373890695f,-1.2780627755314966f,0.08753426161203337f,0.7871854926683618f,-0.6104725654576997f,3.8252958183275285f,0.7908292969054921f,-0.4275593007664181f,-0.43792929507409895f,-0.9183320986899304f,0f,0f,0f,1f], start_interpolation: 0, interpolation_duration: 1 }
$data merge entity $(bone_rightarm) { transformation: [-0.8604158602440579f,0.5057543128505635f,0.06242693708273778f,-0.7145834174304682f,0.2756264850533927f,0.35883520684412995f,0.89177762646651f,3.8058783581972575f,0.4286193978083467f,0.7845061308633507f,-0.44814678673424135f,-0.41939488537636027f,0f,0f,0f,1f], start_interpolation: 0, interpolation_duration: 1 }
$data merge entity $(bone_chest) { transformation: [-1.0326258294186774f,0.0002497570250437677f,0.3275590712374305f,0.10720273047579366f,0.0852090551171399f,1.0462416130123027f,0.26782273099677395f,3.5769253286347125f,-0.31628219117513373f,0.2810507710965308f,-0.9972899030485634f,-0.16697925783713624f,0f,0f,0f,1f], start_interpolation: 0, interpolation_duration: 1 }
$data merge entity $(bone_chest1lid) { transformation: [-0.9531930733095484f,0.00023054494619424715f,0.302362219603782f,-0.3367207624142819f,0.07865451241582146f,0.9657614889344334f,0.24722098245856058f,2.8469886466596175f,-0.2919527918539696f,0.25943148101218233f,-0.9205752951217508f,-0.0837291216329788f,0f,0f,0f,1f], start_interpolation: 0, interpolation_duration: 1 }
$data merge entity $(bone_chest1) { transformation: [-0.9531930733095484f,0.00023054494619424715f,0.302362219603782f,-0.33675678506212475f,0.07865451241582146f,0.9657614889344334f,0.24722098245856058f,2.6960884140136123f,-0.2919527918539696f,0.25943148101218233f,-0.9205752951217508f,-0.12426529054113228f,0f,0f,0f,1f], start_interpolation: 0, interpolation_duration: 1 }
$data merge entity $(bone_chest1lid3) { transformation: [-0.9531930733095484f,0.00023054494619424715f,0.302362219603782f,-0.08344539839876232f,0.07865451241582146f,0.9657614889344334f,0.24722098245856058f,3.0004486815211444f,-0.2919527918539696f,0.25943148101218233f,-0.9205752951217508f,-0.6552256205794773f,0f,0f,0f,1f], start_interpolation: 0, interpolation_duration: 1 }
$data merge entity $(bone_chest3) { transformation: [-0.9531930733095484f,0.00023054494619424715f,0.302362219603782f,-0.08348142104660516f,0.07865451241582146f,0.9657614889344334f,0.24722098245856058f,2.8495484488751393f,-0.2919527918539696f,0.25943148101218233f,-0.9205752951217508f,-0.6957617894876308f,0f,0f,0f,1f], start_interpolation: 0, interpolation_duration: 1 }
$data merge entity $(bone_hugeasssword2) { transformation: [-1.1842520267814804f,2.753116667482376f,-2.5215418953633253f,-0.986808069471071f,-0.9682821812960287f,2.328336193549684f,2.9969247513024f,4.859901836741251f,3.605586572560191f,1.5295348844714485f,-0.023372692107472788f,-0.4695503211853583f,0f,0f,0f,1f], start_interpolation: 0, interpolation_duration: 1 }
$data merge entity $(bone_belt) { transformation: [-0.9531930733095484f,0.00023054494619424715f,0.302362219603782f,0.09806050970245522f,0.07865451241582146f,0.9657614889344334f,0.24722098245856058f,3.15735250437664f,-0.2919527918539696f,0.25943148101218233f,-0.9205752951217508f,-0.140462109116951f,0f,0f,0f,1f], start_interpolation: 0, interpolation_duration: 1 }
$data merge entity $(bone_torn_part) { transformation: [-0.9624546709199248f,-0.1314437216379031f,0.2374943251246162f,-0.03258504971001605f,-0.05502407231779059f,0.9512447732024495f,0.3034892632706911f,2.851710598436038f,-0.2658069936814794f,0.27902675408820166f,-0.9227625440019855f,-0.06923689655881118f,0f,0f,0f,1f], start_interpolation: 0, interpolation_duration: 1 }
$data merge entity $(bone_lowerbody) { transformation: [-0.9624546709199248f,-0.053944184481174204f,0.26602825298279975f,0.05033437499999999f,-0.05502407231779059f,0.9984792460666049f,0.003398034701245901f,2.3690675f,-0.2658069936814794f,-0.011367503460538962f,-0.9639592429014251f,0.09782812499999999f,0f,0f,0f,1f], start_interpolation: 0, interpolation_duration: 1 }
$data merge entity $(bone_leftfoot) { transformation: [-0.9855676420585714f,-0.16684112905878656f,0.028302533783188755f,0.5142009739250035f,-0.1489053818746466f,0.934488058122747f,0.3233555520040376f,0.421491033311327f,-0.0803965812449342f,0.31447751410930247f,-0.9458541925527504f,-0.17469344355010313f,0f,0f,0f,1f], start_interpolation: 0, interpolation_duration: 1 }
$data merge entity $(bone_leftlowerleg) { transformation: [-0.9855676420585714f,-0.16684112905878656f,0.028302533783188755f,0.3247630358832105f,-0.1489053818746466f,0.934488058122747f,0.3233555520040376f,1.408506556906369f,-0.0803965812449342f,0.31447751410930247f,-0.9458541925527504f,0.31950640723854196f,0f,0f,0f,1f], start_interpolation: 0, interpolation_duration: 1 }
$data merge entity $(bone_leftleg) { transformation: [-0.9663214467199814f,0.02201555384927415f,0.2563945728710177f,0.3188216570786595f,-0.05991027929577159f,0.9497111213781928f,-0.30734271484009185f,2.365129693300913f,-0.25026709740536124f,-0.31235252731374696f,-0.9164072667962703f,0.05036284734353626f,0f,0f,0f,1f], start_interpolation: 0, interpolation_duration: 1 }
$data merge entity $(bone_rightfoot) { transformation: [-0.9224281057798431f,0.10814959852387598f,0.3707155971988978f,-0.4781723969598563f,0.2229708205042437f,0.9329541249468125f,0.2826315869615278f,0.43102298637109004f,-0.3152941529287776f,0.3433660802756322f,-0.8846973109742524f,-0.2510081198155216f,0f,0f,0f,1f], start_interpolation: 0, interpolation_duration: 1 }
$data merge entity $(bone_rightlowerleg) { transformation: [-0.9224281057798431f,0.10814959852387598f,0.3707155971988978f,-0.4151527657263043f,0.2229708205042437f,0.9329541249468125f,0.2826315869615278f,1.4225938619105143f,-0.3152941529287776f,0.3433660802756322f,-0.8846973109742524f,0.2658434967707163f,0f,0f,0f,1f], start_interpolation: 0, interpolation_duration: 1 }
$data merge entity $(bone_rightleg) { transformation: [-0.9482687213897277f,0.20582738519063581f,0.2417054396149928f,-0.1926472142719633f,0.08170676738622572f,0.8939348428972071f,-0.44068639735943593f,2.3210247269562676f,-0.30677424304720324f,-0.3981401564272701f,-0.8645079407633481f,-0.061160971011116325f,0f,0f,0f,1f], start_interpolation: 0, interpolation_duration: 1 }
data modify entity @s data merge value {"locators":{"lefthand":{"posx":0.7114464608136833,"posy":2.5576118903301652,"posz":-0.13397629800519353,"roty":33.94261003797229,"rotx":-34.86792627104517},"righthand":{"posx":-0.798556064907725,"posy":2.8418002116129872,"posz":-0.43675854327697633,"roty":294.15430438165004,"rotx":-23.31034669056884},"chest":{"posx":-0.4137665518274334,"posy":2.75045822860506,"posz":0.03477277592109684,"roty":18.182724698409743,"rotx":14.313124967999071},"sack":{"posx":0,"posy":-0.4375,"posz":0,"roty":0,"rotx":0}},"cameras":{}}