# This file was generated by Animated Java via MC-Build. It is not recommended to edit this file directly.
$data merge entity $(bone_nose) { transformation: [-0.9751493470980566f,-0.05735715952197909f,0.21399511000442145f,-0.13330858869447568f,-0.013114252238334453f,0.9791564795342307f,0.20268350937942967f,4.046973783658289f,-0.22116004892942023f,0.19484030598852561f,-0.955575997982282f,0.10711154081751034f,0f,0f,0f,1f], start_interpolation: 0, interpolation_duration: 1 }
$data merge entity $(bone_glowing_eye) { transformation: [-0.9751493470980566f,-0.05735715952197909f,0.21399511000442145f,-0.2665532959188399f,-0.013114252238334453f,0.9791564795342307f,0.20268350937942967f,4.104558583702373f,-0.22116004892942023f,0.19484030598852561f,-0.955575997982282f,0.12600422817883264f,0f,0f,0f,1f], start_interpolation: 0, interpolation_duration: 1 }
$data merge entity $(bone_head) { transformation: [-0.9751493470980566f,-0.05735715952197909f,0.21399511000442145f,-0.08615465155394728f,-0.013114252238334453f,0.9791564795342307f,0.20268350937942967f,3.964024101978246f,-0.22116004892942023f,0.19484030598852561f,-0.955575997982282f,-0.09588311479216877f,0f,0f,0f,1f], start_interpolation: 0, interpolation_duration: 1 }
$data merge entity $(bone_leftthumb2) { transformation: [-0.7901850753816455f,0.09991061380761808f,-0.6046696750232219f,1.1446395546100967f,0.6128447313819151f,0.12016048045062756f,-0.7810139525996337f,3.8226351497632933f,-0.005374184731828158f,-0.9877141935734542f,-0.15617871158390575f,1.8963409094474002f,0f,0f,0f,1f], start_interpolation: 0, interpolation_duration: 1 }
$data merge entity $(bone_leftthumb) { transformation: [-0.7901850753816455f,0.09991061380761808f,-0.6046696750232219f,1.1174683245635144f,0.6128447313819151f,0.12016048045062756f,-0.7810139525996337f,3.785360106535923f,-0.005374184731828158f,-0.9877141935734542f,-0.15617871158390575f,1.6407647690847806f,0f,0f,0f,1f], start_interpolation: 0, interpolation_duration: 1 }
$data merge entity $(bone_leftpointerfinger) { transformation: [-0.782506432290331f,0.14852025966705484f,-0.6046696750232219f,1.1427677560110436f,0.6190957869718186f,0.08208296046343613f,-0.7810139525996337f,3.642292527365056f,-0.06636331801532053f,-0.9854968899342038f,-0.15617871158390575f,1.9581254132006187f,0f,0f,0f,1f], start_interpolation: 0, interpolation_duration: 1 }
$data merge entity $(bone_leftmidfinger) { transformation: [-0.7836781522027542f,0.14220807947296302f,-0.6046696750232219f,1.0482881192886653f,0.6184140492999259f,0.0870704856605613f,-0.7810139525996337f,3.520259097271363f,-0.058417611972295946f,-0.9859997934378308f,-0.15617871158390575f,1.9337224895156333f,0f,0f,0f,1f], start_interpolation: 0, interpolation_duration: 1 }
$data merge entity $(bone_leftringfinger) { transformation: [-0.7836781522027542f,0.14220807947296302f,-0.6046696750232219f,0.9538084825662869f,0.6184140492999259f,0.0870704856605613f,-0.7810139525996337f,3.3982256671776705f,-0.058417611972295946f,-0.9859997934378308f,-0.15617871158390575f,1.909319565830648f,0f,0f,0f,1f], start_interpolation: 0, interpolation_duration: 1 }
$data merge entity $(bone_invisibility) { transformation: [0.04682998911460694f,0.6110765081097698f,0.7901850753816452f,1.024431705106669f,0.05163338240996683f,0.7885146346380227f,-0.6128447313819152f,3.794750153067191f,-0.9975675144773065f,0.06949944027138806f,0.0053741847318280675f,1.8539670983783012f,0f,0f,0f,1f], start_interpolation: 0, interpolation_duration: 1 }
$data merge entity $(bone_swiftness) { transformation: [-0.6046696750232221f,0.09991061380761808f,0.7901850753816454f,0.8563712498844187f,-0.7810139525996336f,0.12016048045062756f,-0.6128447313819153f,3.6639571489437928f,-0.15617871158390575f,-0.9877141935734542f,0.005374184731828123f,1.9581568551080202f,0f,0f,0f,1f], start_interpolation: 0, interpolation_duration: 1 }
$data merge entity $(bone_suspicious_stew) { transformation: [-0.16499467968417203f,0.5902408849952885f,0.7901850753816457f,0.9063728310175828f,-0.22116837991642138f,0.7586210404032925f,-0.6128447313819152f,3.6426775144336365f,-0.961177040612739f,-0.2758800731067851f,0.005374184731828049f,1.8709826927800746f,0f,0f,0f,1f], start_interpolation: 0, interpolation_duration: 1 }
$data merge entity $(bone_log) { transformation: [-0.7901850753816455f,0.09991061380761808f,-0.6046696750232219f,0.8164379159097923f,0.6128447313819151f,0.12016048045062756f,-0.7810139525996337f,3.6785417390289115f,-0.005374184731828158f,-0.9877141935734542f,-0.15617871158390575f,1.7396937116592883f,0f,0f,0f,1f], start_interpolation: 0, interpolation_duration: 1 }
$data merge entity $(bone_planks) { transformation: [-0.7901850753816455f,0.09991061380761808f,-0.6046696750232219f,0.742358065092763f,0.6128447313819151f,0.12016048045062756f,-0.7810139525996337f,3.735995932595966f,-0.005374184731828158f,-0.9877141935734542f,-0.15617871158390575f,1.7391898818406795f,0f,0f,0f,1f], start_interpolation: 0, interpolation_duration: 1 }
$data merge entity $(bone_lefthand) { transformation: [-0.7901850753816455f,0.09991061380761808f,-0.6046696750232219f,1.057857765551584f,0.6128447313819151f,0.12016048045062756f,-0.7810139525996337f,3.5797773623148283f,-0.005374184731828158f,-0.9877141935734542f,-0.15617871158390575f,1.498989294185879f,0f,0f,0f,1f], start_interpolation: 0, interpolation_duration: 1 }
$data merge entity $(bone_leftforearm) { transformation: [-0.5226808399225361f,0.11563073178613875f,0.844650385333763f,1.0996416924226997f,-0.8470857279224129f,0.04133430432115079f,-0.529846435145545f,3.5055476881662804f,-0.09617956710251924f,-0.992431866252232f,0.0763444937050698f,0.8004298044143834f,0f,0f,0f,1f], start_interpolation: 0, interpolation_duration: 1 }
$data merge entity $(bone_leftelbow) { transformation: [-0.5226808399225361f,0.11563073178613875f,0.844650385333763f,1.1213224546326008f,-0.8470857279224129f,0.04133430432115079f,-0.529846435145545f,3.5132978702264963f,-0.09617956710251924f,-0.992431866252232f,0.0763444937050698f,0.6143488294920899f,0f,0f,0f,1f], start_interpolation: 0, interpolation_duration: 1 }
$data merge entity $(bone_leftarm) { transformation: [-0.6152895588385447f,-0.2828530936142111f,0.7358076421301558f,0.7391288226135102f,-0.7879036414376392f,0.1910228108690445f,-0.5854213333463318f,3.4856871523776336f,0.025032191146140026f,-0.9399491545613301f,-0.3403953234782516f,0.1709990299272898f,0f,0f,0f,1f], start_interpolation: 0, interpolation_duration: 1 }
$data merge entity $(bone_rightthumb2) { transformation: [-0.5676238425297251f,0.3208965274850877f,0.7581745129188939f,-2.019000790153097f,-0.5724378167938263f,0.5080369709636012f,-0.643594112805926f,3.099029380336709f,-0.5917077989143862f,-0.7993271262644233f,-0.104680589995238f,1.1982758357682741f,0f,0f,0f,1f], start_interpolation: 0, interpolation_duration: 1 }
$data merge entity $(bone_rightthumb) { transformation: [-0.5676238425297251f,0.3208965274850877f,0.7581745129188939f,-1.875511625073569f,-0.5724378167938263f,0.5080369709636012f,-0.643594112805926f,3.1686216932931375f,-0.5917077989143862f,-0.7993271262644233f,-0.104680589995238f,0.9933011114858533f,0f,0f,0f,1f], start_interpolation: 0, interpolation_duration: 1 }
$data merge entity $(bone_rightpointerfinger) { transformation: [-0.36296868958527473f,0.54168730679327f,0.7581745129188939f,-2.007350225638229f,-0.28320069926928454f,0.7110442896859108f,-0.643594112805926f,2.909143201946103f,-0.8877224196302225f,-0.44832006397674423f,-0.104680589995238f,1.1859553816290793f,0f,0f,0f,1f], start_interpolation: 0, interpolation_duration: 1 }
$data merge entity $(bone_rightmidfinger) { transformation: [-0.38625129228596733f,0.5253392686327741f,0.7581745129188939f,-1.888885457994652f,-0.3139464712614372f,0.6980144920730836f,-0.643594112805926f,2.8085816218201773f,-0.8673220580556638f,-0.4866152707101751f,-0.104680589995238f,1.1695990394423235f,0f,0f,0f,1f], start_interpolation: 0, interpolation_duration: 1 }
$data merge entity $(bone_rightringfinger) { transformation: [-0.4153586463885567f,0.502641624649674f,0.7581745129188939f,-1.7704206903510746f,-0.35294046177600724f,0.6791315398381171f,-0.643594112805926f,2.708020041694251f,-0.8383974149003591f,-0.534912842215107f,-0.104680589995238f,1.1532426972555674f,0f,0f,0f,1f], start_interpolation: 0, interpolation_duration: 1 }
$data merge entity $(bone_hugeasssword) { transformation: [-2.2231933832414232f,1.2568447326499268f,2.969516842265668f,-1.6847747444416428f,-2.24204811577582f,1.9898114696074383f,-2.520743608489877f,3.0738865846456114f,-2.3175222124146795f,-3.1306979112023248f,-0.40999897748134884f,1.166043735225172f,0f,0f,0f,1f], start_interpolation: 0, interpolation_duration: 1 }
$data merge entity $(bone_ice) { transformation: [-0.5676238425297251f,0.3208965274850877f,0.7581745129188939f,-1.6809196301440703f,-0.5724378167938263f,0.5080369709636012f,-0.643594112805926f,3.0748928478617086f,-0.5917077989143862f,-0.7993271262644233f,-0.104680589995238f,1.1877786559310908f,0f,0f,0f,1f], start_interpolation: 0, interpolation_duration: 1 }
$data merge entity $(bone_righthand) { transformation: [-0.5676238425297251f,0.3208965274850877f,0.7581745129188939f,-1.7189085053765143f,-0.5724378167938263f,0.5080369709636012f,-0.643594112805926f,3.038680320378967f,-0.5917077989143862f,-0.7993271262644233f,-0.104680589995238f,0.8367486561990373f,0f,0f,0f,1f], start_interpolation: 0, interpolation_duration: 1 }
$data merge entity $(bone_rightforearm) { transformation: [-0.6944079740688442f,0.32532333630423066f,-0.6418428876333272f,-1.4326659131188306f,0.7141146268368206f,0.42129790993437044f,-0.5590602568799181f,3.258505873382775f,0.08853171910288651f,-0.8465652945525322f,-0.5248707810231698f,0.22247677276135333f,0f,0f,0f,1f], start_interpolation: 0, interpolation_duration: 1 }
$data merge entity $(bone_rightelbow) { transformation: [-0.6944079740688442f,0.32532333630423066f,-0.6418428876333272f,-1.3716677875617873f,0.7141146268368206f,0.42129790993437044f,-0.5590602568799181f,3.3374992314954692f,0.08853171910288651f,-0.8465652945525322f,-0.5248707810231698f,0.06374578003275355f,0f,0f,0f,1f], start_interpolation: 0, interpolation_duration: 1 }
$data merge entity $(bone_rightarm) { transformation: [-0.6827953751638982f,0.533570379940116f,-0.4990923013885827f,-0.905239385547522f,0.7294021410438182f,0.45856841618529515f,-0.5076293178274914f,3.4304315870793225f,-0.041988001803920136f,-0.7106459437215342f,-0.7022957712934372f,-0.24257418565767092f,0f,0f,0f,1f], start_interpolation: 0, interpolation_duration: 1 }
$data merge entity $(bone_chest) { transformation: [-1.0564117926895613f,-0.06213692281547734f,0.23182803583812323f,-0.033281725093001834f,-0.01420710659152899f,1.0607528528287498f,0.21957380182771546f,3.337617101005477f,-0.2395900530068719f,0.21107699815423606f,-1.035207331147472f,-0.3023727838079004f,0f,0f,0f,1f], start_interpolation: 0, interpolation_duration: 1 }
$data merge entity $(bone_chest1lid) { transformation: [-0.9751493470980566f,-0.05735715952197909f,0.21399511000442145f,-0.4107636372038962f,-0.013114252238334453f,0.9791564795342307f,0.20268350937942967f,2.584621674667746f,-0.22116004892942023f,0.19484030598852561f,-0.955575997982282f,-0.13711085124595818f,0f,0f,0f,1f], start_interpolation: 0, interpolation_duration: 1 }
$data merge entity $(bone_chest1) { transformation: [-0.9751493470980566f,-0.05735715952197909f,0.21399511000442145f,-0.401801581028587f,-0.013114252238334453f,0.9791564795342307f,0.20268350937942967f,2.4316284747405223f,-0.22116004892942023f,0.19484030598852561f,-0.955575997982282f,-0.1675546490566653f,0f,0f,0f,1f], start_interpolation: 0, interpolation_duration: 1 }
$data merge entity $(bone_chest1lid3) { transformation: [-0.9751493470980566f,-0.05735715952197909f,0.21399511000442145f,-0.21272618566368515f,-0.013114252238334453f,0.9791564795342307f,0.20268350937942967f,2.715285438628839f,-0.22116004892942023f,0.19484030598852561f,-0.955575997982282f,-0.7354542218952688f,0f,0f,0f,1f], start_interpolation: 0, interpolation_duration: 1 }
$data merge entity $(bone_chest3) { transformation: [-0.9751493470980566f,-0.05735715952197909f,0.21399511000442145f,-0.2037641294883759f,-0.013114252238334453f,0.9791564795342307f,0.20268350937942967f,2.5622922387016156f,-0.22116004892942023f,0.19484030598852561f,-0.955575997982282f,-0.7658980197059759f,0f,0f,0f,1f], start_interpolation: 0, interpolation_duration: 1 }
$data merge entity $(bone_hugeasssword2) { transformation: [-0.8381475141839849f,2.6641385150509778f,-2.7459338110863047f,-1.2445739963913502f,-0.7938437450694327f,2.6287780335233677f,2.792779249539236f,4.511272605939468f,3.7426726587639383f,1.154196604077819f,-0.02256870075760561f,-0.6019414543332515f,0f,0f,0f,1f], start_interpolation: 0, interpolation_duration: 1 }
$data merge entity $(bone_belt) { transformation: [-0.9751493470980566f,-0.05735715952197909f,0.21399511000442145f,-0.007214327977098801f,-0.013114252238334453f,0.9791564795342307f,0.20268350937942967f,2.921477955532445f,-0.22116004892942023f,0.19484030598852561f,-0.955575997982282f,-0.24781275589928597f,0f,0f,0f,1f], start_interpolation: 0, interpolation_duration: 1 }
$data merge entity $(bone_torn_part) { transformation: [-0.9681223805571162f,-0.04267665721958636f,0.24681523290304505f,-0.16371269677137246f,-0.03286883124283364f,0.9985028118520073f,0.043723845397736355f,2.606945131802456f,-0.24831169162395994f,0.03421750505511695f,-0.9680756510472983f,-0.10871400810738385f,0f,0f,0f,1f], start_interpolation: 0, interpolation_duration: 1 }
$data merge entity $(bone_lowerbody) { transformation: [-0.9681223805571162f,0.03351732054835232f,0.2482249896518911f,-0.12044201388888892f,-0.03286883124283364f,0.9654370709207545f,-0.2585554138375066f,2.1751095138888887f,-0.24831169162395994f,-0.2584721480454193f,-0.9335595602250744f,0.173024097222222f,0f,0f,0f,1f], start_interpolation: 0, interpolation_duration: 1 }
$data merge entity $(bone_leftfoot) { transformation: [-0.9704401826642591f,-0.2198409790710934f,-0.09958159160658309f,0.5025001535790594f,-0.23944733118125242f,0.9286531934975499f,0.28331654428808506f,0.22660744716149528f,0.030192187757978307f,0.2987861946741602f,-0.9538423571774095f,-0.0649389680963035f,0f,0f,0f,1f], start_interpolation: 0, interpolation_duration: 1 }
$data merge entity $(bone_leftlowerleg) { transformation: [-0.9704401826642591f,-0.2198409790710934f,-0.09958159160658309f,0.2739143433029534f,-0.23944733118125242f,0.9286531934975499f,0.28331654428808506f,1.2133017361778569f,0.030192187757978307f,0.2987861946741602f,-0.9538423571774095f,0.41308067174033924f,0f,0f,0f,1f], start_interpolation: 0, interpolation_duration: 1 }
$data merge entity $(bone_leftleg) { transformation: [-0.9837626246726868f,-0.08275101428472209f,0.15925880802001605f,0.16430837408893142f,-0.13436414395869542f,0.9278665906542819f,-0.3478647248081448f,2.1475338341516075f,-0.11898476841744744f,-0.36361498811579396f,-0.9239192417642341f,0.09779036734368163f,0f,0f,0f,1f], start_interpolation: 0, interpolation_duration: 1 }
$data merge entity $(bone_rightfoot) { transformation: [-0.906860132944291f,-0.048670530122053135f,0.4186060858979296f,-0.4116018452079637f,0.0870485703243846f,0.9502555959716714f,0.299062297933124f,0.2275570783897043f,-0.4123355759243201f,0.3076503942098082f,-0.8575161934908351f,-0.12793524290586056f,0f,0f,0f,1f], start_interpolation: 0, interpolation_duration: 1 }
$data merge entity $(bone_rightlowerleg) { transformation: [-0.906860132944291f,-0.048670530122053135f,0.4186060858979296f,-0.5299127082587075f,0.0870485703243846f,0.9502555959716714f,0.299062297933124f,1.2357972664909063f,-0.4123355759243201f,0.3076503942098082f,-0.8575161934908351f,0.3451180246671657f,0f,0f,0f,1f], start_interpolation: 0, interpolation_duration: 1 }
$data merge entity $(bone_rightleg) { transformation: [-0.9188521273857271f,0.1869635114798713f,0.3474918556609974f,-0.33788798584763025f,0.006784152074876829f,0.8879813607213408f,-0.45983093372253403f,2.125412429860959f,-0.39453526664139066f,-0.4201591940997986f,-0.8171973992365107f,-0.0034248798590927627f,0f,0f,0f,1f], start_interpolation: 0, interpolation_duration: 1 }
data modify entity @s data merge value {"locators":{"lefthand":{"posx":0.8921602136953393,"posy":3.623903350936021,"posz":1.819803005219322,"roty":284.4822800171782,"rotx":-51.353505919552994},"righthand":{"posx":-1.7509948503875443,"posy":3.0233448828785736,"posz":1.1464311703494243,"roty":82.13891525772532,"rotx":-40.06034853842504},"chest":{"posx":-0.4710889677687776,"posy":2.4913452759738726,"posz":-0.006890872214553839,"roty":12.62275866770264,"rotx":11.693927395126568},"sack":{"posx":0,"posy":-0.4375,"posz":0,"roty":0,"rotx":0}},"cameras":{}}