# This file was generated by Animated Java via MC-Build. It is not recommended to edit this file directly.
$data merge entity $(bone_nose) { transformation: [-0.9954139392853405f,-0.04486476842470262f,0.08448811768904849f,-0.08620557193978859f,-0.02624168196265738f,0.977384062941432f,0.20983747910196957f,4.005366628689069f,-0.09199164964392931f,0.20665804136857724f,-0.9740790472715712f,0.10629368286066165f,0f,0f,0f,1f], start_interpolation: 0, interpolation_duration: 1 }
$data merge entity $(bone_glowing_eye) { transformation: [-0.9954139392853405f,-0.04486476842470262f,0.08448811768904849f,-0.2166182893708849f,-0.02624168196265738f,0.977384062941432f,0.20983747910196957f,4.060940850768696f,-0.09199164964392931f,0.20665804136857724f,-0.9740790472715712f,0.14277825230635535f,0f,0f,0f,1f], start_interpolation: 0, interpolation_duration: 1 }
$data merge entity $(bone_head) { transformation: [-0.9954139392853405f,-0.04486476842470262f,0.08448811768904849f,-0.06484498805924488f,-0.02624168196265738f,0.977384062941432f,0.20983747910196957f,3.9239754160714977f,-0.09199164964392931f,0.20665804136857724f,-0.9740790472715712f,-0.101624978277989f,0f,0f,0f,1f], start_interpolation: 0, interpolation_duration: 1 }
$data merge entity $(bone_leftthumb2) { transformation: [-0.969228922212285f,0.11565620253325525f,0.21729919273388804f,0.8445625566937088f,-0.1315693311669044f,0.5026879951661897f,-0.8543970333586666f,3.2097469854118312f,-0.20805001188057212f,-0.8566962252346999f,-0.47200293455137593f,1.7634374384231424f,0f,0f,0f,1f], start_interpolation: 0, interpolation_duration: 1 }
$data merge entity $(bone_leftthumb) { transformation: [-0.969228922212285f,0.11565620253325525f,0.21729919273388804f,0.891496218706527f,-0.1315693311669044f,0.5026879951661897f,-0.8543970333586666f,3.260012811588127f,-0.20805001188057212f,-0.8566962252346999f,-0.47200293455137593f,1.5130029236265972f,0f,0f,0f,1f], start_interpolation: 0, interpolation_duration: 1 }
$data merge entity $(bone_leftpointerfinger) { transformation: [-0.9428949591210295f,0.2524483252100381f,0.21729919273388804f,0.9697418402766722f,-0.05867174312285606f,0.5162977202611254f,-0.8543970333586666f,3.069408847831914f,-0.3278821779589099f,-0.8183559782587353f,-0.47200293455137593f,1.794736705024075f,0f,0f,0f,1f], start_interpolation: 0, interpolation_duration: 1 }
$data merge entity $(bone_leftmidfinger) { transformation: [-0.9474343404992394f,0.23483873462436355f,0.21729919273388804f,1.0036948391413423f,-0.06827999352004854f,0.5151150860466153f,-0.8543970333586666f,2.935909311369622f,-0.3125796105437363f,-0.8243222772964565f,-0.47200293455137593f,1.7209862465004224f,0f,0f,0f,1f], start_interpolation: 0, interpolation_duration: 1 }
$data merge entity $(bone_leftringfinger) { transformation: [-0.9474343404992394f,0.23483873462436355f,0.21729919273388804f,1.0376478380060123f,-0.06827999352004854f,0.5151150860466153f,-0.8543970333586666f,2.8024097749073307f,-0.3125796105437363f,-0.8243222772964565f,-0.47200293455137593f,1.6472357879767698f,0f,0f,0f,1f], start_interpolation: 0, interpolation_duration: 1 }
$data merge entity $(bone_invisibility) { transformation: [0.13415496830624224f,-0.20639220146595605f,0.9692289222122847f,0.7938707147410097f,0.4263095075351569f,0.8949579402862602f,0.1315693311669042f,3.1264210050018795f,-0.8945740037939192f,0.3955408250643804f,0.2080500118805719f,1.6767762698661528f,0f,0f,0f,1f], start_interpolation: 0, interpolation_duration: 1 }
$data merge entity $(bone_swiftness) { transformation: [0.2172991927338878f,0.11565620253325525f,0.969228922212285f,0.7684720407479955f,-0.8543970333586666f,0.5026879951661897f,0.1315693311669042f,2.891296581920377f,-0.472002934551376f,-0.8566962252346999f,0.208050011880572f,1.6934509505083217f,0f,0f,0f,1f], start_interpolation: 0, interpolation_duration: 1 }
$data merge entity $(bone_suspicious_stew) { transformation: [0.19665472408583018f,-0.14806152721736585f,0.9692289222122852f,0.8291929288848673f,0.09450625539450946f,0.9867918112690242f,0.13156933116690447f,2.9426580614737143f,-0.9759075197917241f,0.06572446553955474f,0.2080500118805721f,1.6284333551956462f,0f,0f,0f,1f], start_interpolation: 0, interpolation_duration: 1 }
$data merge entity $(bone_log) { transformation: [-0.969228922212285f,0.11565620253325525f,0.21729919273388804f,0.7629706424035235f,-0.1315693311669044f,0.5026879951661897f,-0.8543970333586666f,2.953109575133903f,-0.20805001188057212f,-0.8566962252346999f,-0.47200293455137593f,1.4797165008704094f,0f,0f,0f,1f], start_interpolation: 0, interpolation_duration: 1 }
$data merge entity $(bone_planks) { transformation: [-0.969228922212285f,0.11565620253325525f,0.21729919273388804f,0.6721054309461219f,-0.1315693311669044f,0.5026879951661897f,-0.8543970333586666f,2.940774950337006f,-0.20805001188057212f,-0.8566962252346999f,-0.47200293455137593f,1.4602118122566057f,0f,0f,0f,1f], start_interpolation: 0, interpolation_duration: 1 }
$data merge entity $(bone_lefthand) { transformation: [-0.969228922212285f,0.11565620253325525f,0.21729919273388804f,1.0274013238169746f,-0.1315693311669044f,0.5026879951661897f,-0.8543970333586666f,3.1383738140096353f,-0.20805001188057212f,-0.8566962252346999f,-0.47200293455137593f,1.332305039236608f,0f,0f,0f,1f], start_interpolation: 0, interpolation_duration: 1 }
$data merge entity $(bone_leftforearm) { transformation: [-0.5316690332322195f,0.1162534783703324f,0.8389357352435979f,1.0785968864167121f,-0.7792046932441284f,0.321045074315023f,-0.5383029874377302f,3.303799195119028f,-0.33191578017358686f,-0.9399016911490585f,-0.08010446833291646f,0.6512660265730258f,0f,0f,0f,1f], start_interpolation: 0, interpolation_duration: 1 }
$data merge entity $(bone_leftelbow) { transformation: [-0.5316690332322195f,0.1162534783703324f,0.8389357352435979f,1.1003944136111494f,-0.7792046932441284f,0.321045074315023f,-0.5383029874377302f,3.363995146553095f,-0.33191578017358686f,-0.9399016911490585f,-0.08010446833291646f,0.47503445948257733f,0f,0f,0f,1f], start_interpolation: 0, interpolation_duration: 1 }
$data merge entity $(bone_leftarm) { transformation: [-0.6057891535223291f,-0.2148710105370623f,0.766061322810049f,0.7684694456995639f,-0.7693268298773364f,0.40370084255931427f,-0.4951382216591522f,3.4308914954508385f,-0.20286875142709362f,-0.8893008931445431f,-0.4098636250592758f,0.009356885178843255f,0f,0f,0f,1f], start_interpolation: 0, interpolation_duration: 1 }
$data merge entity $(bone_rightthumb2) { transformation: [0.09976660649877223f,-0.9080541369323141f,0.4067976261334738f,0.27970030519847144f,0.89453313414852f,-0.09718068516168248f,-0.43630996589802007f,3.7298357106644286f,0.435725941548291f,0.4074231201485946f,0.8025891259107859f,-0.13629928036487365f,0f,0f,0f,1f], start_interpolation: 0, interpolation_duration: 1 }
$data merge entity $(bone_rightthumb) { transformation: [0.09976660649877223f,-0.9080541369323141f,0.4067976261334738f,0.09177074665714971f,0.89453313414852f,-0.09718068516168248f,-0.43630996589802007f,3.668716917572935f,0.435725941548291f,0.4074231201485946f,0.8025891259107859f,0.032205444405689065f,0f,0f,0f,1f], start_interpolation: 0, interpolation_duration: 1 }
$data merge entity $(bone_rightpointerfinger) { transformation: [-0.2168228621333087f,-0.8874139608032381f,0.4067976261334738f,0.419706621648875f,0.80734843334037f,-0.39726832348038804f,-0.43630996589802007f,3.777991861787637f,0.5487953659053345f,0.23382545056214651f,0.8025891259107859f,-0.01620137675915609f,0f,0f,0f,1f], start_interpolation: 0, interpolation_duration: 1 }
$data merge entity $(bone_rightmidfinger) { transformation: [-0.1779080415028869f,-0.896027019760441f,0.4067976261334738f,0.4832687507322303f,0.8239086174154644f,-0.3616741680112171f,-0.43630996589802007f,3.7098184296160714f,0.5380737114161449f,0.25754101819441516f,0.8025891259107859f,0.1092031741644042f,0f,0f,0f,1f], start_interpolation: 0, interpolation_duration: 1 }
$data merge entity $(bone_rightringfinger) { transformation: [-0.13865456280383226f,-0.9029344403586834f,0.4067976261334738f,0.5468308798155855f,0.8389004446094037f,-0.32539154520702096f,-0.43630996589802007f,3.6416449974445055f,0.526327803035164f,0.2807663418608761f,0.8025891259107859f,0.23460772508796449f,0f,0f,0f,1f], start_interpolation: 0, interpolation_duration: 1 }
$data merge entity $(bone_hugeasssword) { transformation: [0.3907525421201912f,-3.556545369651564f,1.5932907023561058f,0.26596353640828213f,3.50358810874837f,-0.38062435021658975f,-1.7088806997672454f,3.4592855824015603f,1.7065932710641398f,1.595740553915329f,3.1434740764839115f,0.06368083712846664f,0f,0f,0f,1f], start_interpolation: 0, interpolation_duration: 1 }
$data merge entity $(bone_ice) { transformation: [0.09976660649877223f,-0.9080541369323141f,0.4067976261334738f,0.27859302907130623f,0.89453313414852f,-0.09718068516168248f,-0.43630996589802007f,3.446826950386141f,0.435725941548291f,0.4074231201485946f,0.8025891259107859f,0.050506633039452825f,0f,0f,0f,1f], start_interpolation: 0, interpolation_duration: 1 }
$data merge entity $(bone_righthand) { transformation: [0.09976660649877223f,-0.9080541369323141f,0.4067976261334738f,0.08923357227959183f,0.89453313414852f,-0.09718068516168248f,-0.43630996589802007f,3.6325303761985372f,0.435725941548291f,0.4074231201485946f,0.8025891259107859f,0.28637480864838627f,0f,0f,0f,1f], start_interpolation: 0, interpolation_duration: 1 }
$data merge entity $(bone_rightforearm) { transformation: [-0.2771005315564395f,-0.9193141340101441f,0.27942229406458957f,-0.5306140018569848f,0.9596766637207794f,-0.2791149853990803f,0.03339949154440608f,3.387489369012413f,0.047286324882490544f,0.27741007179778154f,0.9595872318576657f,0.48781954149644036f,0f,0f,0f,1f], start_interpolation: 0, interpolation_duration: 1 }
$data merge entity $(bone_rightelbow) { transformation: [-0.2771005315564395f,-0.9193141340101441f,0.27942229406458957f,-0.7029854019838868f,0.9596766637207794f,-0.2791149853990803f,0.03339949154440608f,3.3351553092500854f,0.047286324882490544f,0.27741007179778154f,0.9595872318576657f,0.5398339299585244f,0f,0f,0f,1f], start_interpolation: 0, interpolation_duration: 1 }
$data merge entity $(bone_rightarm) { transformation: [-0.5021937577720477f,-0.6565848983234356f,-0.5627590078785003f,-0.8866602278963983f,0.6867051490558185f,0.09273493721498942f,-0.7209967196041586f,3.3566924074825453f,0.5255829790956095f,-0.7485295603470419f,0.4043093238742439f,-0.18895205065949122f,0f,0f,0f,1f], start_interpolation: 0, interpolation_duration: 1 }
$data merge entity $(bone_chest) { transformation: [-1.0783651008924522f,-0.048603499126761165f,0.09152879416313585f,-0.03079851214576328f,-0.028428488792878827f,1.0588327348532178f,0.22732393569380036f,3.299285970632169f,-0.09965762044759008f,0.22387954481595865f,-1.0552523012108688f,-0.31708540356543247f,0f,0f,0f,1f], start_interpolation: 0, interpolation_duration: 1 }
$data merge entity $(bone_chest1lid) { transformation: [-0.9954139392853405f,-0.04486476842470262f,0.08448811768904849f,-0.37305862223701897f,-0.02624168196265738f,0.977384062941432f,0.20983747910196957f,2.5402203570388746f,-0.09199164964392931f,0.20665804136857724f,-0.9740790472715712f,-0.10855813026262562f,0f,0f,0f,1f], start_interpolation: 0, interpolation_duration: 1 }
$data merge entity $(bone_chest1) { transformation: [-0.9954139392853405f,-0.04486476842470262f,0.08448811768904849f,-0.3660485021706592f,-0.02624168196265738f,0.977384062941432f,0.20983747910196957f,2.387504097204276f,-0.09199164964392931f,0.20665804136857724f,-0.9740790472715712f,-0.1408484492264658f,0f,0f,0f,1f], start_interpolation: 0, interpolation_duration: 1 }
$data merge entity $(bone_chest1lid3) { transformation: [-0.9954139392853405f,-0.04486476842470262f,0.08448811768904849f,-0.2567200506371385f,-0.02624168196265738f,0.977384062941432f,0.20983747910196957f,2.67628759721124f,-0.09199164964392931f,0.20665804136857724f,-0.9740790472715712f,-0.7268280418182304f,0f,0f,0f,1f], start_interpolation: 0, interpolation_duration: 1 }
$data merge entity $(bone_chest3) { transformation: [-0.9954139392853405f,-0.04486476842470262f,0.08448811768904849f,-0.2497099305707787f,-0.02624168196265738f,0.977384062941432f,0.20983747910196957f,2.5235713373766413f,-0.09199164964392931f,0.20665804136857724f,-0.9740790472715712f,-0.7591183607820705f,0f,0f,0f,1f], start_interpolation: 0, interpolation_duration: 1 }
$data merge entity $(bone_hugeasssword2) { transformation: [-0.3309117942821075f,2.7557115981974127f,-2.7634812736371193f,-1.2868732514626329f,-0.8218634598160474f,2.661995789291937f,2.752925107769728f,4.456606570749815f,3.8151429351469877f,0.8124714044998989f,0.35334456136435527f,-0.4487018042254045f,0f,0f,0f,1f], start_interpolation: 0, interpolation_duration: 1 }
$data merge entity $(bone_belt) { transformation: [-0.9954139392853405f,-0.04486476842470262f,0.08448811768904849f,0.007894629442943196f,-0.02624168196265738f,0.977384062941432f,0.20983747910196957f,2.8833368145037244f,-0.09199164964392931f,0.20665804136857724f,-0.9740790472715712f,-0.26894774114977793f,0f,0f,0f,1f], start_interpolation: 0, interpolation_duration: 1 }
$data merge entity $(bone_torn_part) { transformation: [-0.9681591012235508f,-0.1323776630719467f,0.2124714311092592f,-0.06777275926146938f,-0.13150143713572468f,0.9911467794925063f,0.01831484460409427f,2.5615833845833267f,-0.213014851006322f,-0.010208615050202707f,-0.9769956281527115f,-0.11194636785270207f,0f,0f,0f,1f], start_interpolation: 0, interpolation_duration: 1 }
$data merge entity $(bone_lowerbody) { transformation: [-0.9681591012235508f,-0.06235942960862633f,0.24244433640919166f,0.0231292333984375f,-0.13150143713572468f,0.9507808642709891f,-0.28057640700413516f,2.14963291015625f,-0.213014851006322f,-0.3035243806928824f,-0.92870750162565f,0.18766062011718754f,0f,0f,0f,1f], start_interpolation: 0, interpolation_duration: 1 }
$data merge entity $(bone_leftfoot) { transformation: [-0.9818008202962312f,-0.18386098149672725f,-0.04756827295659288f,0.5217807198706124f,-0.18919245980363525f,0.9250652000122316f,0.32933357809083474f,0.241191566327271f,-0.01654784484918316f,0.33233945779788254f,-0.9430146625317208f,-0.0995230894864722f,0f,0f,0f,1f], start_interpolation: 0, interpolation_duration: 1 }
$data merge entity $(bone_leftlowerleg) { transformation: [-0.9818008202962312f,-0.18386098149672725f,-0.04756827295659288f,0.32511860055126696f,-0.18919245980363525f,0.9250652000122316f,0.32933357809083474f,1.2168351091515879f,-0.01654784484918316f,0.33233945779788254f,-0.9430146625317208f,0.41405607371690406f,0f,0f,0f,1f], start_interpolation: 0, interpolation_duration: 1 }
$data merge entity $(bone_leftleg) { transformation: [-0.9824597382188212f,-0.012290868013708867f,0.18606933477194734f,0.28504664760379483f,-0.08062656410109009f,0.927732892144519f,-0.36443248756720237f,2.1466259781086605f,-0.16814345048278934f,-0.373042377480945f,-0.9124511848110594f,0.09010663989649076f,0f,0f,0f,1f], start_interpolation: 0, interpolation_duration: 1 }
$data merge entity $(bone_rightfoot) { transformation: [-0.9146895164877062f,0.03475010077498161f,0.4026607906598686f,-0.4248107692032465f,0.1812686064903689f,0.9257334015837408f,0.33187955363755517f,0.2172895686736478f,-0.3612273881218886f,0.3765523909172601f,-0.8530647402271929f,-0.16548885665729612f,0f,0f,0f,1f], start_interpolation: 0, interpolation_duration: 1 }
$data merge entity $(bone_rightlowerleg) { transformation: [-0.9146895164877062f,0.03475010077498161f,0.4026607906598686f,-0.44812694499993094f,0.1812686064903689f,0.9257334015837408f,0.33187955363755517f,1.1932832196122471f,-0.3612273881218886f,0.3765523909172601f,-0.8530647402271929f,0.38331861719420907f,0f,0f,0f,1f], start_interpolation: 0, interpolation_duration: 1 }
$data merge entity $(bone_rightleg) { transformation: [-0.9236583409435245f,0.21884315538178217f,0.3145841014788777f,-0.2177440050486374f,0.036810389176684055f,0.8677738755155306f,-0.4955936201480858f,2.058312866415326f,-0.38144558354262265f,-0.44617953148402223f,-0.8095813311620526f,0.01655104741322292f,0f,0f,0f,1f], start_interpolation: 0, interpolation_duration: 1 }
data modify entity @s data merge value {"locators":{"lefthand":{"posx":0.8414049131515478,"posy":2.9395216539546714,"posz":1.5735256279330392,"roty":24.720245518702683,"rotx":-58.69318533622112},"righthand":{"posx":0.295778281411798,"posy":3.5390252231353725,"posz":0.07244949871492729,"roty":153.12152642760785,"rotx":-25.868678372545006},"chest":{"posx":-0.4145625282020558,"posy":2.4455266944340197,"posz":0.027850854236648542,"roty":4.95722354953088,"rotx":12.112828278177606},"sack":{"posx":0,"posy":-0.4375,"posz":0,"roty":0,"rotx":0}},"cameras":{}}