# This file was generated by Animated Java via MC-Build. It is not recommended to edit this file directly.
$data merge entity $(bone_nose) { transformation: [-0.9048542039109446f,-0.01755996375808193f,0.42535928030020204f,-0.03504510228631415f,0.03022728711418749f,0.993977220150645f,0.10533563943562739f,4.140802221569197f,-0.42464712500899787f,0.10817085325729327f,-0.8988736761787954f,0.1646560497151261f,0f,0f,0f,1f], start_interpolation: 0, interpolation_duration: 1 }
$data merge entity $(bone_glowing_eye) { transformation: [-0.9048542039109446f,-0.01755996375808193f,0.42535928030020204f,-0.16418400793193566f,0.03022728711418749f,0.993977220150645f,0.10533563943562739f,4.208205213354701f,-0.42464712500899787f,0.10817085325729327f,-0.8988736761787954f,0.15026596346900953f,0f,0f,0f,1f], start_interpolation: 0, interpolation_duration: 1 }
$data merge entity $(bone_head) { transformation: [-0.9048542039109446f,-0.01755996375808193f,0.42535928030020204f,0.04677379919626139f,0.03022728711418749f,0.993977220150645f,0.10533563943562739f,4.037793645766326f,-0.42464712500899787f,0.10817085325729327f,-0.8988736761787954f,-0.01701913944402836f,0f,0f,0f,1f], start_interpolation: 0, interpolation_duration: 1 }
$data merge entity $(bone_leftthumb2) { transformation: [-0.33825966400606067f,0.9407728954870591f,-0.022951227056565382f,0.4649828867598935f,-0.8836432874143011f,-0.30914130893222713f,0.3515767223797895f,4.310854626813383f,0.32365867872521725f,0.13920492171099547f,0.9358776893682647f,0.1403164419814231f,0f,0f,0f,1f], start_interpolation: 0, interpolation_duration: 1 }
$data merge entity $(bone_leftthumb) { transformation: [-0.33825966400606067f,0.9407728954870591f,-0.022951227056565382f,0.6937390290951923f,-0.8836432874143011f,-0.30914130893222713f,0.3515767223797895f,4.265084907110342f,0.32365867872521725f,0.13920492171099547f,0.9358776893682647f,0.2544331726333204f,0f,0f,0f,1f], start_interpolation: 0, interpolation_duration: 1 }
$data merge entity $(bone_leftpointerfinger) { transformation: [0.033199253862982114f,0.999185193404876f,-0.022951227056565382f,0.42096923474588743f,-0.935339939951174f,0.03915360791571976f,0.3515767223797895f,4.479650542526222f,0.35218887869306f,0.009795114478292066f,0.9358776893682647f,0.21722565640046676f,0f,0f,0f,1f], start_interpolation: 0, interpolation_duration: 1 }
$data merge entity $(bone_leftmidfinger) { transformation: [-0.016134299050374445f,0.999606385319117f,-0.022951227056565382f,0.4173831055182991f,-0.9361326198372973f,-0.007037496518069952f,0.3515767223797895f,4.534584405398063f,0.35127681743990835f,0.02715783629096946f,0.9358776893682647f,0.36345654536425814f,0f,0f,0f,1f], start_interpolation: 0, interpolation_duration: 1 }
$data merge entity $(bone_leftringfinger) { transformation: [-0.016134299050374445f,0.999606385319117f,-0.022951227056565382f,0.41379697629071077f,-0.9361326198372973f,-0.007037496518069952f,0.3515767223797895f,4.589518268269906f,0.35127681743990835f,0.02715783629096946f,0.9358776893682647f,0.5096874343280495f,0f,0f,0f,1f], start_interpolation: 0, interpolation_duration: 1 }
$data merge entity $(bone_invisibility) { transformation: [0.9351926393515427f,0.10485765117148996f,0.33825966400606067f,0.46115980903416576f,-0.2773230025476295f,-0.3771823072011913f,0.883643287414301f,4.269168322897209f,0.22024232009462338f,-0.9201838838651671f,-0.323658678725217f,0.26389101918082686f,0f,0f,0f,1f], start_interpolation: 0, interpolation_duration: 1 }
$data merge entity $(bone_swiftness) { transformation: [-0.02295122705656546f,0.9407728954870591f,0.33825966400606067f,0.31184230800661494f,0.35157672237978926f,-0.30914130893222713f,0.8836432874143012f,4.330929004538621f,0.9358776893682648f,0.13920492171099547f,-0.32365867872521703f,0.4373745458760342f,0f,0f,0f,1f], start_interpolation: 0, interpolation_duration: 1 }
$data merge entity $(bone_suspicious_stew) { transformation: [0.8429301933294764f,0.41838868158691706f,0.33825966400606083f,0.4127577244851039f,-0.13159443229934104f,-0.44928548384680794f,0.8836432874143013f,4.349579957199618f,0.5216815068232208f,-0.7893626955490743f,-0.3236586787252173f,0.4328428552321736f,0f,0f,0f,1f], start_interpolation: 0, interpolation_duration: 1 }
$data merge entity $(bone_log) { transformation: [-0.33825966400606067f,0.9407728954870591f,-0.022951227056565382f,0.4975666541521416f,-0.8836432874143011f,-0.30914130893222713f,0.3515767223797895f,4.244575894249551f,0.32365867872521725f,0.13920492171099547f,0.9358776893682647f,0.5244557382656745f,0f,0f,0f,1f], start_interpolation: 0, interpolation_duration: 1 }
$data merge entity $(bone_planks) { transformation: [-0.33825966400606067f,0.9407728954870591f,-0.022951227056565382f,0.4658548106515734f,-0.8836432874143011f,-0.30914130893222713f,0.3515767223797895f,4.16173433605446f,0.32365867872521725f,0.13920492171099547f,0.9358776893682647f,0.5547987393961636f,0f,0f,0f,1f], start_interpolation: 0, interpolation_duration: 1 }
$data merge entity $(bone_lefthand) { transformation: [-0.33825966400606067f,0.9407728954870591f,-0.022951227056565382f,0.8180420198709392f,-0.8836432874143011f,-0.30914130893222713f,0.3515767223797895f,4.377214616295701f,0.32365867872521725f,0.13920492171099547f,0.9358776893682647f,0.4490961212193608f,0f,0f,0f,1f], start_interpolation: 0, interpolation_duration: 1 }
$data merge entity $(bone_leftforearm) { transformation: [-0.5083747762015889f,0.6608559467956537f,0.5521091418431731f,1.244072950257801f,0.08855741945260526f,-0.5976202265269682f,0.7968736714848536f,3.9948856247075155f,0.8565702950615787f,0.45400383525987487f,0.24529135163605892f,0.8285879463425113f,0f,0f,0f,1f], start_interpolation: 0, interpolation_duration: 1 }
$data merge entity $(bone_leftelbow) { transformation: [-0.5083747762015889f,0.6608559467956537f,0.5521091418431731f,1.3679834402819862f,0.08855741945260526f,-0.5976202265269682f,0.7968736714848536f,3.882831832233709f,0.8565702950615787f,0.45400383525987487f,0.24529135163605892f,0.9137136654537379f,0f,0f,0f,1f], start_interpolation: 0, interpolation_duration: 1 }
$data merge entity $(bone_leftarm) { transformation: [-0.909462253882151f,-0.22758498682082737f,0.3479705196383195f,0.8620365252482611f,-0.061210410835739096f,-0.7544939830531137f,-0.653446336849452f,3.538895260116173f,0.4112562393069778f,-0.615584196767925f,0.6722532278246572f,0.4873681913808089f,0f,0f,0f,1f], start_interpolation: 0, interpolation_duration: 1 }
$data merge entity $(bone_rightthumb2) { transformation: [-0.0885861163385454f,-0.9873261363694135f,-0.13167991659285244f,-0.08784252797749231f,0.5038931954651018f,-0.15845657319361126f,0.8491072735383358f,4.153010938131393f,-0.8592113520874958f,0.008866501767021768f,0.5115439742489334f,-0.5449868055885494f,0f,0f,0f,1f], start_interpolation: 0, interpolation_duration: 1 }
$data merge entity $(bone_rightthumb) { transformation: [-0.0885861163385454f,-0.9873261363694135f,-0.13167991659285244f,-0.3412298944483019f,0.5038931954651018f,-0.15845657319361126f,0.8491072735383358f,4.1867132368083615f,-0.8592113520874958f,0.008866501767021768f,0.5115439742489334f,-0.4990970933495723f,0f,0f,0f,1f], start_interpolation: 0, interpolation_duration: 1 }
$data merge entity $(bone_rightpointerfinger) { transformation: [-0.267146169122226f,-0.9546168466402732f,-0.13167991659285244f,-0.03312510851690645f,0.46654854767695847f,-0.24768788966119104f,0.8491072735383358f,4.333622021588621f,-0.8431876285761313f,0.1654006814549663f,0.5115439742489334f,-0.5720040320835275f,0f,0f,0f,1f], start_interpolation: 0, interpolation_duration: 1 }
$data merge entity $(bone_rightmidfinger) { transformation: [-0.22525210314488847f,-0.9653610151621539f,-0.13167991659285244f,-0.05370009548453964f,0.47690849084309805f,-0.22710158384752016f,0.8491072735383358f,4.4662950330789855f,-0.8495997771836827f,0.12846392886349012f,0.5115439742489334f,-0.4920752861071316f,0f,0f,0f,1f], start_interpolation: 0, interpolation_duration: 1 }
$data merge entity $(bone_rightringfinger) { transformation: [-0.20083277232187374f,-0.9707350808163937f,-0.13167991659285244f,-0.07427508245217283f,0.4824845834999371f,-0.21500108071632057f,0.8491072735383358f,4.59896804456935f,-0.8525695421761224f,0.10699503803076287f,0.5115439742489334f,-0.41214654013073576f,0f,0f,0f,1f], start_interpolation: 0, interpolation_duration: 1 }
$data merge entity $(bone_hugeasssword) { transformation: [-0.3469622889926362f,-3.8670273674468696f,-0.5157463399886721f,-0.2286625310853873f,1.9735816822383156f,-0.6206215783416441f,3.3256701546918155f,4.286994610454579f,-3.365244462342692f,0.034727131920835264f,2.0035472324749892f,-0.27003913713510386f,0f,0f,0f,1f], start_interpolation: 0, interpolation_duration: 1 }
$data merge entity $(bone_ice) { transformation: [-0.0885861163385454f,-0.9873261363694135f,-0.13167991659285244f,-0.21185140213682546f,0.5038931954651018f,-0.15845657319361126f,0.8491072735383358f,4.281597163231587f,-0.8592113520874958f,0.008866501767021768f,0.5115439742489334f,-0.25675249884884643f,0f,0f,0f,1f], start_interpolation: 0, interpolation_duration: 1 }
$data merge entity $(bone_righthand) { transformation: [-0.0885861163385454f,-0.9873261363694135f,-0.13167991659285244f,-0.4849444627073418f,0.5038931954651018f,-0.15845657319361126f,0.8491072735383358f,4.394490921097533f,-0.8592113520874958f,0.008866501767021768f,0.5115439742489334f,-0.45335296223368576f,0f,0f,0f,1f], start_interpolation: 0, interpolation_duration: 1 }
$data merge entity $(bone_rightforearm) { transformation: [0.16608984012332895f,-0.9726847169238619f,-0.1621684509100157f,-1.1870101093874517f,-0.3589097753711892f,-0.2128010741961519f,0.9087901165637565f,4.289362872964426f,-0.9184758778273985f,-0.09273696287732822f,-0.38445014964944346f,-0.44495977604392406f,0f,0f,0f,1f], start_interpolation: 0, interpolation_duration: 1 }
$data merge entity $(bone_rightelbow) { transformation: [0.16608984012332895f,-0.9726847169238619f,-0.1621684509100157f,-1.3693884938106757f,-0.3589097753711892f,-0.2128010741961519f,0.9087901165637565f,4.249462671552648f,-0.9184758778273985f,-0.09273696287732822f,-0.38445014964944346f,-0.4623479565834231f,0f,0f,0f,1f], start_interpolation: 0, interpolation_duration: 1 }
$data merge entity $(bone_rightarm) { transformation: [-0.24822614294675566f,0.34610015786147263f,-0.9047643133358219f,-0.8789691376008305f,-0.035391580040885634f,-0.9366130441985254f,-0.3485734377421506f,3.6568298609879335f,-0.9680553796245268f,-0.05450400137086345f,0.24474087483413676f,-0.269877643423691f,0f,0f,0f,1f], start_interpolation: 0, interpolation_duration: 1 }
$data merge entity $(bone_chest) { transformation: [-0.9802587209035233f,-0.01902329407125542f,0.4608058869918855f,0.09094041707480821f,0.032746227707036446f,1.0768086551631988f,0.11411360938859633f,3.393805523890884f,-0.46003438542641434f,0.11718509102873437f,-0.9737798158603617f,-0.1624422097560628f,0f,0f,0f,1f], start_interpolation: 0, interpolation_duration: 1 }
$data merge entity $(bone_chest1lid) { transformation: [-0.9048542039109446f,-0.01755996375808193f,0.42535928030020204f,-0.3724511075591595f,0.03022728711418749f,0.993977220150645f,0.10533563943562739f,2.6835729456046375f,-0.42464712500899787f,0.10817085325729327f,-0.8988736761787954f,-0.029610767511294454f,0f,0f,0f,1f], start_interpolation: 0, interpolation_duration: 1 }
$data merge entity $(bone_chest1) { transformation: [-0.9048542039109446f,-0.01755996375808193f,0.42535928030020204f,-0.3697073632219592f,0.03022728711418749f,0.993977220150645f,0.10533563943562739f,2.528264004956099f,-0.42464712500899787f,0.10817085325729327f,-0.8988736761787954f,-0.04651246333274653f,0f,0f,0f,1f], start_interpolation: 0, interpolation_duration: 1 }
$data merge entity $(bone_chest1lid3) { transformation: [-0.9048542039109446f,-0.01755996375808193f,0.42535928030020204f,-0.04340193087240854f,0.03022728711418749f,0.993977220150645f,0.10533563943562739f,2.74916438417345f,-0.42464712500899787f,0.10817085325729327f,-0.8988736761787954f,-0.578911271000273f,0f,0f,0f,1f], start_interpolation: 0, interpolation_duration: 1 }
$data merge entity $(bone_chest3) { transformation: [-0.9048542039109446f,-0.01755996375808193f,0.42535928030020204f,-0.04065818653520824f,0.03022728711418749f,0.993977220150645f,0.10533563943562739f,2.5938554435249115f,-0.42464712500899787f,0.10817085325729327f,-0.8988736761787954f,-0.595812966821725f,0f,0f,0f,1f], start_interpolation: 0, interpolation_duration: 1 }
$data merge entity $(bone_hugeasssword2) { transformation: [-1.6659905145091256f,2.5664552025577856f,-2.4450073776182104f,-0.9315710383993006f,-0.4125645877895404f,2.542838582571717f,2.9502610361906094f,4.612266136223093f,3.520588565033615f,1.5124673265980069f,-0.8112807895579748f,-0.7982579525216332f,0f,0f,0f,1f], start_interpolation: 0, interpolation_duration: 1 }
$data merge entity $(bone_belt) { transformation: [-0.9048542039109446f,-0.01755996375808193f,0.42535928030020204f,0.07123583333258045f,0.03022728711418749f,0.993977220150645f,0.10533563943562739f,2.9831177370248962f,-0.42464712500899787f,0.10817085325729327f,-0.8988736761787954f,-0.07426417773291372f,0f,0f,0f,1f], start_interpolation: 0, interpolation_duration: 1 }
$data merge entity $(bone_torn_part) { transformation: [-0.9117840342497547f,-0.15308991217275544f,0.38106869942069527f,-0.05669581536968322f,-0.04258898079922157f,0.9581653129394593f,0.2830289946173564f,2.6865024002250357f,-0.40845569356017764f,0.24183199099905306f,-0.8801597778401988f,-0.08093725719197029f,0f,0f,0f,1f], start_interpolation: 0, interpolation_duration: 1 }
$data merge entity $(bone_lowerbody) { transformation: [-0.9117840342497547f,-0.031414876302360506f,0.4094667024730455f,-0.00989636574074067f,-0.04258898079922157f,0.9989269606786445f,-0.01819631676492059f,2.2054630324074074f,-0.40845569356017764f,-0.03402988063795085f,-0.9121435816920718f,0.10383733796296282f,0f,0f,0f,1f], start_interpolation: 0, interpolation_duration: 1 }
$data merge entity $(bone_leftfoot) { transformation: [-0.9670755876746924f,-0.22638827197814088f,0.11618351759900875f,0.5462381465108254f,-0.18281165550662928f,0.9357353404332233f,0.3016268413137932f,0.23009576411549604f,-0.177000426099804f,0.2704583571921398f,-0.9463205793162194f,-0.1431157072586441f,0f,0f,0f,1f], start_interpolation: 0, interpolation_duration: 1 }
$data merge entity $(bone_leftlowerleg) { transformation: [-0.9670755876746924f,-0.22638827197814088f,0.11618351759900875f,0.2772375681088771f,-0.18281165550662928f,0.9357353404332233f,0.3016268413137932f,1.2218335128581694f,-0.177000426099804f,0.2704583571921398f,-0.9463205793162194f,0.30232204961078857f,0f,0f,0f,1f], start_interpolation: 0, interpolation_duration: 1 }
$data merge entity $(bone_leftleg) { transformation: [-0.9408518500446348f,0.021013557532071042f,0.3381659750291776f,0.26363547800060766f,-0.06627676894988714f,0.9673792580635189f,-0.24450922470540645f,2.203674599911352f,-0.33227275868652145f,-0.25245950461078315f,-0.9087678539464998f,0.08666837278986582f,0f,0f,0f,1f], start_interpolation: 0, interpolation_duration: 1 }
$data merge entity $(bone_rightfoot) { transformation: [-0.903831246524495f,-0.02298100402869438f,0.4272715166174478f,-0.41160018603384035f,0.07966705693143422f,0.9720562072608485f,0.22080690755928484f,0.21005612313734767f,-0.42040722858421625f,0.23361112760307712f,-0.8767458928683565f,-0.22466401790023083f,0f,0f,0f,1f], start_interpolation: 0, interpolation_duration: 1 }
$data merge entity $(bone_rightlowerleg) { transformation: [-0.903831246524495f,-0.02298100402869438f,0.4272715166174478f,-0.5027431365935588f,0.07966705693143422f,0.9720562072608485f,0.22080690755928484f,1.254504962751088f,-0.42040722858421625f,0.23361112760307712f,-0.8767458928683565f,0.16920649746037453f,0f,0f,0f,1f], start_interpolation: 0, interpolation_duration: 1 }
$data merge entity $(bone_rightleg) { transformation: [-0.8838219703475295f,0.27417449421025375f,0.3790607754114929f,-0.22447966399372818f,0.09911586838675844f,0.901612221466958f,-0.4210361584654647f,2.161501061723975f,-0.45720320358124084f,-0.33455006923623354f,-0.8240397331494895f,-0.09576509099601764f,0f,0f,0f,1f], start_interpolation: 0, interpolation_duration: 1 }
data modify entity @s data merge value {"locators":{"lefthand":{"posx":0.4561392281155421,"posy":4.3460757309177875,"posz":0.46861426373013476,"roty":181.40482558079412,"rotx":20.58378486043696},"righthand":{"posx":-0.20267188096602867,"posy":4.318045733113554,"posz":-0.34543497679479845,"roty":194.4354843321421,"rotx":58.11470389584253},"chest":{"posx":-0.46609269124340297,"posy":2.605935278405724,"posz":0.09080734340653032,"roty":25.324150970842652,"rotx":6.04650452221619},"sack":{"posx":0,"posy":-0.4375,"posz":0,"roty":0,"rotx":0}},"cameras":{}}