# This file was generated by Animated Java via MC-Build. It is not recommended to edit this file directly.
$data merge entity $(bone_nose) { transformation: [-0.9904051755756533f,-0.07404270261082932f,-0.11668447361600356f,-0.07600959331505698f,-0.09666614597107931f,0.974590807581756f,0.20206042165708432f,4.085431246575621f,0.09875851566349864f,0.21140112574729836f,-0.9723972025960983f,0.22576958061627675f,0f,0f,0f,1f], start_interpolation: 0, interpolation_duration: 1 }
$data merge entity $(bone_glowing_eye) { transformation: [-0.9904051755756533f,-0.07404270261082932f,-0.11668447361600356f,-0.20075175519109906f,-0.09666614597107931f,0.974590807581756f,0.20206042165708432f,4.132284669851345f,0.09875851566349864f,0.21140112574729836f,-0.9723972025960983f,0.2863603770542954f,0f,0f,0f,1f], start_interpolation: 0, interpolation_duration: 1 }
$data merge entity $(bone_head) { transformation: [-0.9904051755756533f,-0.07404270261082932f,-0.11668447361600356f,-0.08871678288708221f,-0.09666614597107931f,0.974590807581756f,0.20206042165708432f,4.002928643509097f,0.09875851566349864f,0.21140112574729836f,-0.9723972025960983f,0.01758019206538597f,0f,0f,0f,1f], start_interpolation: 0, interpolation_duration: 1 }
$data merge entity $(bone_leftthumb2) { transformation: [-0.47942289978368446f,0.8416427948108951f,0.24857813481058427f,0.26350843561359655f,-0.7332758415632477f,-0.5397996118591029f,0.4134282515944854f,4.489717245181031f,0.4821412898131774f,0.01593063023447317f,0.8759486238802012f,-0.2138929652115787f,0f,0f,0f,1f], start_interpolation: 0, interpolation_duration: 1 }
$data merge entity $(bone_leftthumb) { transformation: [-0.47942289978368446f,0.8416427948108951f,0.24857813481058427f,0.491157884675583f,-0.7332758415632477f,-0.5397996118591029f,0.4134282515944854f,4.392665983680311f,0.4821412898131774f,0.01593063023447317f,0.8759486238802012f,-0.1351297181010586f,0f,0f,0f,1f], start_interpolation: 0, interpolation_duration: 1 }
$data merge entity $(bone_leftpointerfinger) { transformation: [-0.04170336359113702f,0.9677136665146756f,0.24857813481058427f,0.27908282236134463f,-0.8989273310030982f,-0.14493700134601079f,0.4134282515944854f,4.669369225786051f,0.4361083386508814f,-0.20621233057591384f,0.8759486238802012f,-0.15203106797567692f,0f,0f,0f,1f], start_interpolation: 0, interpolation_duration: 1 }
$data merge entity $(bone_leftmidfinger) { transformation: [-0.10150589636424107f,0.963278497578651f,0.24857813481058427f,0.31792315592549847f,-0.8882358529371065f,-0.20028517254309675f,0.4134282515944854f,4.733967390097689f,0.4480330596734831f,-0.1788306063345951f,0.8759486238802012f,-0.015164095494395487f,0f,0f,0f,1f], start_interpolation: 0, interpolation_duration: 1 }
$data merge entity $(bone_leftringfinger) { transformation: [-0.10150589636424107f,0.963278497578651f,0.24857813481058427f,0.35676348948965225f,-0.8882358529371065f,-0.20028517254309675f,0.4134282515944854f,4.798565554409327f,0.4480330596734831f,-0.1788306063345951f,0.8759486238802012f,0.12170287698688596f,0f,0f,0f,1f], start_interpolation: 0, interpolation_duration: 1 }
$data merge entity $(bone_invisibility) { transformation: [0.8601051018479763f,-0.17427821704988067f,0.47942289978368446f,0.27347764262151475f,-0.5017128650254373f,-0.4589016683862442f,0.7332758415632477f,4.459919790083524f,0.09221396229991026f,-0.871226928999693f,-0.48214128981317705f,-0.08726055795006697f,0f,0f,0f,1f], start_interpolation: 0, interpolation_duration: 1 }
$data merge entity $(bone_swiftness) { transformation: [0.24857813481058416f,0.8416427948108951f,0.4794228997836845f,0.18114356294164558f,0.4134282515944852f,-0.5397996118591029f,0.7332758415632478f,4.572344266506044f,0.8759486238802013f,0.01593063023447317f,-0.48214128981317717f,0.09993395792933882f,0f,0f,0f,1f], start_interpolation: 0, interpolation_duration: 1 }
$data merge entity $(bone_suspicious_stew) { transformation: [0.8678410780807981f,0.13040531568368594f,0.4794228997836847f,0.2806340368917386f,-0.3145022626239082f,-0.6028224174532276f,0.7332758415632477f,4.562740694063386f,0.384629939032313f,-0.7871464836085372f,-0.4821412898131775f,0.07623306073522981f,0f,0f,0f,1f], start_interpolation: 0, interpolation_duration: 1 }
$data merge entity $(bone_log) { transformation: [-0.47942289978368446f,0.8416427948108951f,0.24857813481058427f,0.3525455894576262f,-0.7332758415632477f,-0.5397996118591029f,0.4134282515944854f,4.445900581727935f,0.4821412898131774f,0.01593063023447317f,0.8759486238802012f,0.1644852271789088f,0f,0f,0f,1f], start_interpolation: 0, interpolation_duration: 1 }
$data merge entity $(bone_planks) { transformation: [-0.47942289978368446f,0.8416427948108951f,0.24857813481058427f,0.30759969260290576f,-0.7332758415632477f,-0.5397996118591029f,0.4134282515944854f,4.377155971581381f,0.4821412898131774f,0.01593063023447317f,0.8759486238802012f,0.2096859730988942f,0f,0f,0f,1f], start_interpolation: 0, interpolation_duration: 1 }
$data merge entity $(bone_lefthand) { transformation: [-0.47942289978368446f,0.8416427948108951f,0.24857813481058427f,0.6750439463934403f,-0.7332758415632477f,-0.5397996118591029f,0.4134282515944854f,4.481350006291644f,0.4821412898131774f,0.01593063023447317f,0.8759486238802012f,0.02055916778797646f,0f,0f,0f,1f], start_interpolation: 0, interpolation_duration: 1 }
$data merge entity $(bone_leftforearm) { transformation: [0.23445512295092727f,0.897028883509935f,0.37465981566080064f,1.3389761610151796f,0.1456928560960597f,-0.41347268889477556f,0.8987846945852478f,4.212889750550335f,0.9611474325017149f,-0.15613941746735058f,-0.22763149015089693f,-0.0010743913540302227f,0f,0f,0f,1f], start_interpolation: 0, interpolation_duration: 1 }
$data merge entity $(bone_leftelbow) { transformation: [0.23445512295092727f,0.897028883509935f,0.37465981566080064f,1.5071690766732924f,0.1456928560960597f,-0.41347268889477556f,0.8987846945852478f,4.135363621382565f,0.9611474325017149f,-0.15613941746735058f,-0.22763149015089693f,-0.030350532129158454f,0f,0f,0f,1f], start_interpolation: 0, interpolation_duration: 1 }
$data merge entity $(bone_leftarm) { transformation: [-0.33154970882671025f,-0.4687600871704564f,0.8187421885141073f,0.9109155184377916f,-0.11791127174552618f,-0.8404353946933505f,-0.528928425537884f,3.678870885930924f,0.9360404492180219f,-0.27190499815666963f,0.22337401237642932f,0.030156113120785213f,0f,0f,0f,1f], start_interpolation: 0, interpolation_duration: 1 }
$data merge entity $(bone_rightthumb2) { transformation: [-0.5042204005825174f,-0.39197292001825723f,-0.7694927014655607f,-0.7129006145357545f,0.8502426936307445f,-0.06936072692418985f,-0.5218011608726865f,3.1899135355947226f,0.1511593515596734f,-0.9173583375829256f,0.36824520486104106f,0.8209976552465296f,0f,0f,0f,1f], start_interpolation: 0, interpolation_duration: 1 }
$data merge entity $(bone_rightthumb) { transformation: [-0.5042204005825174f,-0.39197292001825723f,-0.7694927014655607f,-0.8747879559088251f,0.8502426936307445f,-0.06936072692418985f,-0.5218011608726865f,3.1283115148167395f,0.1511593515596734f,-0.9173583375829256f,0.36824520486104106f,0.6274917177362613f,0f,0f,0f,1f], start_interpolation: 0, interpolation_duration: 1 }
$data merge entity $(bone_rightpointerfinger) { transformation: [-0.5279701581144349f,-0.35934453457907484f,-0.7694927014655607f,-0.8373909182227455f,0.8441644697072938f,-0.12292231935543482f,-0.5218011608726865f,3.219606368538695f,0.09291856770539052f,-0.9250738396865564f,0.36824520486104106f,0.9622944703103594f,0f,0f,0f,1f], start_interpolation: 0, interpolation_duration: 1 }
$data merge entity $(bone_rightmidfinger) { transformation: [-0.5117932590610975f,-0.38203225305051636f,-0.7694927014655607f,-0.9576241528267393f,0.8487228084474742f,-0.08598338754054843f,-0.5218011608726865f,3.1380749371523375f,0.13318128397283047f,-0.9201403233725811f,0.36824520486104106f,1.019832783569897f,0f,0f,0f,1f], start_interpolation: 0, interpolation_duration: 1 }
$data merge entity $(bone_rightringfinger) { transformation: [-0.5072224234873641f,-0.38808039824608304f,-0.7694927014655607f,-1.0778573874307331f,0.8496836489795664f,-0.07590286666974398f,-0.5218011608726865f,3.05654350576598f,0.144094100394059f,-0.9184946158407662f,0.36824520486104106f,1.0773710968294348f,0f,0f,0f,1f], start_interpolation: 0, interpolation_duration: 1 }
$data merge entity $(bone_hugeasssword) { transformation: [-1.9748632356148599f,-1.5352272700715075f,-3.0138464140734462f,-0.8912867848403172f,3.330117216720416f,-0.2716628471197436f,-2.043721213418022f,2.9062934671388305f,0.5920407936087209f,-3.5929868221997925f,1.4422937190390777f,0.7875888371643733f,0f,0f,0f,1f], start_interpolation: 0, interpolation_duration: 1 }
$data merge entity $(bone_ice) { transformation: [-0.5042204005825174f,-0.39197292001825723f,-0.7694927014655607f,-0.8772837642059301f,0.8502426936307445f,-0.06936072692418985f,-0.5218011608726865f,2.8940921864090408f,0.1511593515596734f,-0.9173583375829256f,0.36824520486104106f,0.7995606963209866f,0f,0f,0f,1f], start_interpolation: 0, interpolation_duration: 1 }
$data merge entity $(bone_righthand) { transformation: [-0.5042204005825174f,-0.39197292001825723f,-0.7694927014655607f,-1.1253787412769225f,0.8502426936307445f,-0.06936072692418985f,-0.5218011608726865f,3.073006391808408f,0.1511593515596734f,-0.9173583375829256f,0.36824520486104106f,0.6195186124670811f,0f,0f,0f,1f], start_interpolation: 0, interpolation_duration: 1 }
$data merge entity $(bone_rightforearm) { transformation: [-0.2504024597373813f,-0.6472301436359238f,-0.7199942703428204f,-1.5424928745522422f,0.8889288929762391f,0.14091633977356105f,-0.4358302518376387f,3.106324749517693f,0.38354143373240196f,-0.7491566767731859f,0.5400557769866459f,0.03918280160104565f,0f,0f,0f,1f], start_interpolation: 0, interpolation_duration: 1 }
$data merge entity $(bone_rightelbow) { transformation: [-0.2504024597373813f,-0.6472301436359238f,-0.7199942703428204f,-1.663848526483978f,0.8889288929762391f,0.14091633977356105f,-0.4358302518376387f,3.132746563225236f,0.38354143373240196f,-0.7491566767731859f,0.5400557769866459f,-0.10128407529392669f,0f,0f,0f,1f], start_interpolation: 0, interpolation_duration: 1 }
$data merge entity $(bone_rightarm) { transformation: [-0.6478988959752405f,0.7550934369813842f,-0.10030414757977257f,-0.9448791201695848f,0.7531013707672605f,0.6547446860013403f,0.06440280662734518f,3.3572363128010596f,0.11430374421923978f,-0.033812683724404366f,-0.9928702616539665f,0.04496568800628503f,0f,0f,0f,1f], start_interpolation: 0, interpolation_duration: 1 }
$data merge entity $(bone_chest) { transformation: [-1.0729389402069578f,-0.08021292782839842f,-0.1264081797506705f,-0.05192949756371955f,-0.1047216581353359f,1.055806708213569f,0.218898790128508f,3.379274545790395f,0.10698839196879018f,0.22901788622623986f,-1.0534303028124397f,-0.20041412590569935f,0f,0f,0f,1f], start_interpolation: 0, interpolation_duration: 1 }
$data merge entity $(bone_chest1lid) { transformation: [-0.9904051755756533f,-0.07404270261082932f,-0.11668447361600356f,-0.2938151075340405f,-0.09666614597107931f,0.974590807581756f,0.20206042165708432f,2.601116489415613f,0.09875851566349864f,0.21140112574729836f,-0.9723972025960983f,0.06934058378229366f,0f,0f,0f,1f], start_interpolation: 0, interpolation_duration: 1 }
$data merge entity $(bone_chest1) { transformation: [-0.9904051755756533f,-0.07404270261082932f,-0.11668447361600356f,-0.2822459352510984f,-0.09666614597107931f,0.974590807581756f,0.20206042165708432f,2.4488366757309636f,0.09875851566349864f,0.21140112574729836f,-0.9723972025960983f,0.0363091578842783f,0f,0f,0f,1f], start_interpolation: 0, interpolation_duration: 1 }
$data merge entity $(bone_chest1lid3) { transformation: [-0.9904051755756533f,-0.07404270261082932f,-0.11668447361600356f,-0.3066657749708145f,-0.09666614597107931f,0.974590807581756f,0.20206042165708432f,2.736603081162875f,0.09875851566349864f,0.21140112574729836f,-0.9723972025960983f,-0.5597737813598005f,0f,0f,0f,1f], start_interpolation: 0, interpolation_duration: 1 }
$data merge entity $(bone_chest3) { transformation: [-0.9904051755756533f,-0.07404270261082932f,-0.11668447361600356f,-0.2950966026878724f,-0.09666614597107931f,0.974590807581756f,0.20206042165708432f,2.5843232674782257f,0.09875851566349864f,0.21140112574729836f,-0.9723972025960983f,-0.5928052072578158f,0f,0f,0f,1f], start_interpolation: 0, interpolation_duration: 1 }
$data merge entity $(bone_hugeasssword2) { transformation: [0.4570141883293465f,2.6640413310799165f,-2.834484008729172f,-1.3889851357803258f,-0.7914033181569136f,2.8579672450582705f,2.5585116360810334f,4.444527156351445f,3.808555710168052f,0.27419845048754454f,0.8717777182713111f,-0.09106745181201098f,0f,0f,0f,1f], start_interpolation: 0, interpolation_duration: 1 }
$data merge entity $(bone_belt) { transformation: [-0.9904051755756533f,-0.07404270261082932f,-0.11668447361600356f,0.024559661241989713f,-0.09666614597107931f,0.974590807581756f,0.20206042165708432f,2.9677116708831592f,0.09875851566349864f,0.21140112574729836f,-0.9723972025960983f,-0.16049542332034222f,0f,0f,0f,1f], start_interpolation: 0, interpolation_duration: 1 }
$data merge entity $(bone_torn_part) { transformation: [-0.9669858878378929f,-0.07402602968533764f,0.24384101306258485f,-0.07957469623221039f,-0.023226706463068028f,0.9784975249803369f,0.20494661186326896f,2.653936356434091f,-0.253769211744137f,0.19251685779790934f,-0.9479126788024195f,-0.0846740636041014f,0f,0f,0f,1f], start_interpolation: 0, interpolation_duration: 1 }
$data merge entity $(bone_lowerbody) { transformation: [-0.9669858878378929f,0.002724527477418528f,0.2548153638860635f,-0.022306226851852098f,-0.023226706463068028f,0.9948383106149702f,-0.0987788228297474f,2.1843344675925924f,-0.253769211744137f,-0.10143624935286666f,-0.9619313252451978f,0.12490909722222232f,0f,0f,0f,1f], start_interpolation: 0, interpolation_duration: 1 }
$data merge entity $(bone_leftfoot) { transformation: [-0.9771093461174913f,-0.21272019180568844f,0.001039588867269431f,0.5395419938007858f,-0.20142594948068607f,0.9267857857143902f,0.31701013199810874f,0.2295692153240828f,-0.06839770427504892f,0.3095451944319471f,-0.9484215810838178f,-0.15759181951292478f,0f,0f,0f,1f], start_interpolation: 0, interpolation_duration: 1 }
$data merge entity $(bone_leftlowerleg) { transformation: [-0.9771093461174913f,-0.21272019180568844f,0.001039588867269431f,0.3033958027350956f,-0.20142594948068607f,0.9267857857143902f,0.31701013199810874f,1.2090149764888025f,-0.06839770427504892f,0.3095451944319471f,-0.9484215810838178f,0.3315307071491279f,0f,0f,0f,1f], start_interpolation: 0, interpolation_duration: 1 }
$data merge entity $(bone_leftleg) { transformation: [-0.971374127762038f,-0.014953986168246405f,0.23708370296631492f,0.2579536068353735f,-0.08828711608580007f,0.9492574010035055f,-0.3018538914331276f,2.1657684210049344f,-0.22053954078076887f,-0.3141444969082696f,-0.9234043242342207f,0.061395792880178206f,0f,0f,0f,1f], start_interpolation: 0, interpolation_duration: 1 }
$data merge entity $(bone_rightfoot) { transformation: [-0.9085184644954774f,0.005039032377765873f,0.41780907234148235f,-0.41910384353452323f,0.13296062521721577f,0.9514395703001928f,0.27764462230744197f,0.21921000819610215f,-0.39611838097730245f,0.30780081069089693f,-0.8650736601575972f,-0.22903556403382874f,0f,0f,0f,1f], start_interpolation: 0, interpolation_duration: 1 }
$data merge entity $(bone_rightlowerleg) { transformation: [-0.9085184644954774f,0.005039032377765873f,0.41780907234148235f,-0.47770820304101647f,0.13296062521721577f,0.9514395703001928f,0.27764462230744197f,1.2320543999755627f,-0.39611838097730245f,0.30780081069089693f,-0.8650736601575972f,0.24534574351233668f,0f,0f,0f,1f], start_interpolation: 0, interpolation_duration: 1 }
$data merge entity $(bone_rightleg) { transformation: [-0.9198952262090676f,0.21879535080511064f,0.3254488905090838f,-0.2504992091859461f,0.07010883487335029f,0.9082752972253118f,-0.4124581369298499f,2.144468709526714f,-0.38583882406170944f,-0.356601428651569f,-0.8508626392558722f,-0.043256625073316554f,0f,0f,0f,1f], start_interpolation: 0, interpolation_duration: 1 }
data modify entity @s data merge value {"locators":{"lefthand":{"posx":0.3278541096113301,"posy":4.550357220119818,"posz":0.10435320352372707,"roty":164.1570316924993,"rotx":24.420374932043426},"righthand":{"posx":-0.9064065264248564,"posy":2.983039343433749,"posz":0.8223117782284854,"roty":244.4262832390532,"rotx":-31.453147536552045},"chest":{"posx":-0.3019056513551023,"posy":2.505611805996238,"posz":0.2111512799432122,"roty":353.15741192142207,"rotx":11.657472805922348},"sack":{"posx":0,"posy":-0.4375,"posz":0,"roty":0,"rotx":0}},"cameras":{}}