# This file was generated by Animated Java via MC-Build. It is not recommended to edit this file directly.
$data merge entity $(bone_nose) { transformation: [-1f,-2.3762003369516417e-17f,1.2013727574106909e-16f,-5.302509945905567e-17f,0f,0.9809953026841154f,0.19403148226950373f,4.154354056652737f,-1.2246467991473532e-16f,0.19403148226950373f,-0.9809953026841154f,0.4331603014863702f,0f,0f,0f,1f], start_interpolation: 0, interpolation_duration: 1 }
$data merge entity $(bone_glowing_eye) { transformation: [-1f,-2.3762003369516417e-17f,1.2013727574106909e-16f,-0.12500000000000006f,0f,0.9809953026841154f,0.19403148226950373f,4.214004559387816f,-1.2246467991473532e-16f,0.19403148226950373f,-0.9809953026841154f,0.48053025355103546f,0f,0f,0f,1f], start_interpolation: 0, interpolation_duration: 1 }
$data merge entity $(bone_head) { transformation: [-1f,-2.3762003369516417e-17f,1.2013727574106909e-16f,-2.7594735970354423e-17f,0f,0.9809953026841154f,0.19403148226950373f,4.0695571875f,-1.2246467991473532e-16f,0.19403148226950373f,-0.9809953026841154f,0.225505625f,0f,0f,0f,1f], start_interpolation: 0, interpolation_duration: 1 }
$data merge entity $(bone_leftthumb2) { transformation: [-1f,1.0408340855860843e-16f,-1.3877787807814457e-17f,1.2379312046583295f,-1.3877787807814457e-17f,0.3812832767127626f,-0.9244582537352237f,2.57022074506097f,-9.71445146547012e-17f,-0.9244582537352236f,-0.38128327671276263f,1.4644061392652363f,0f,0f,0f,1f], start_interpolation: 0, interpolation_duration: 1 }
$data merge entity $(bone_leftthumb) { transformation: [-1f,1.0408340855860843e-16f,-1.3877787807814457e-17f,1.2379312046583295f,-1.3877787807814457e-17f,0.3812832767127626f,-0.9244582537352237f,2.584725717831622f,-9.71445146547012e-17f,-0.9244582537352236f,-0.38128327671276263f,1.2051061703538948f,0f,0f,0f,1f], start_interpolation: 0, interpolation_duration: 1 }
$data merge entity $(bone_leftpointerfinger) { transformation: [-0.12854320606946837f,0.02266563541681549f,-0.9914448613738105f,1.2057335290555002f,0.8810174866845695f,0.4615841864892015f,-0.10367365595514831f,2.2943802138282035f,0.4552854404979217f,-0.8868068040753037f,-0.0793023323513209f,1.396127032737499f,0f,0f,0f,1f], start_interpolation: 0, interpolation_duration: 1 }
$data merge entity $(bone_leftmidfinger) { transformation: [-0.12854320606946837f,0.02266563541681549f,-0.9914448613738105f,1.0508202694658424f,0.8810174866845695f,0.4615841864892015f,-0.10367365595514831f,2.2781812050852115f,0.4552854404979217f,-0.8868068040753037f,-0.0793023323513209f,1.3837360433076051f,0f,0f,0f,1f], start_interpolation: 0, interpolation_duration: 1 }
$data merge entity $(bone_leftringfinger) { transformation: [-0.1260786200725189f,0.033782664431261884f,-0.9914448613738105f,0.8959070098761845f,0.9178946617753232f,0.38304198587786537f,-0.10367365595514831f,2.2619821963422195f,0.3762626362595345f,-0.9231129771802941f,-0.0793023323513209f,1.3713450538777112f,0f,0f,0f,1f], start_interpolation: 0, interpolation_duration: 1 }
$data merge entity $(bone_invisibility) { transformation: [-0.08641011328638329f,0.9876721143508954f,0.13052619222005118f,1.212242519932172f,0.5962110675559016f,0.15623138195825206f,-0.7874795986025713f,2.5117241804092387f,-0.7981639275522832f,0.009774959081559675f,-0.6023610171062426f,1.424674122844709f,0f,0f,0f,1f], start_interpolation: 0, interpolation_duration: 1 }
$data merge entity $(bone_swiftness) { transformation: [-0.9914448613738105f,9.727060045337952e-17f,0.1305261922200512f,1.0195483964394116f,-0.10367365595514813f,0.6075587665778731f,-0.7874795986025716f,2.451026058737786f,-0.07930233235132077f,-0.7942747290165876f,-0.6023610171062427f,1.548735981372806f,0f,0f,0f,1f], start_interpolation: 0, interpolation_duration: 1 }
$data merge entity $(bone_suspicious_stew) { transformation: [-0.4190027039255485f,0.8985541982805566f,0.13052619222005146f,1.0263466084245827f,0.5068208609638407f,0.35072567153917344f,-0.7874795986025717f,2.4638060527343106f,-0.7533719858044569f,-0.2638026839813848f,-0.6023610171062429f,1.447036563451489f,0f,0f,0f,1f], start_interpolation: 0, interpolation_duration: 1 }
$data merge entity $(bone_log) { transformation: [-0.13052619222005143f,9.727060045337952e-17f,-0.9914448613738105f,0.9676358000270555f,0.7874795986025716f,0.6075587665778731f,-0.10367365595514831f,2.6087174083026383f,0.6023610171062427f,-0.7942747290165876f,-0.0793023323513209f,1.4005062708491576f,0f,0f,0f,1f], start_interpolation: 0, interpolation_duration: 1 }
$data merge entity $(bone_planks) { transformation: [-0.13052619222005143f,9.727060045337952e-17f,-0.9914448613738105f,0.9553989695064257f,0.7874795986025716f,0.6075587665778731f,-0.10367365595514831f,2.6825436206716295f,0.6023610171062427f,-0.7942747290165876f,-0.0793023323513209f,1.4569776162028678f,0f,0f,0f,1f], start_interpolation: 0, interpolation_duration: 1 }
$data merge entity $(bone_lefthand1) { transformation: [-0.13052619222005143f,9.727060045337952e-17f,-0.9914448613738105f,1.03125f,0.7874795986025716f,0.6075587665778731f,-0.10367365595514831f,2.566977002045062f,0.6023610171062427f,-0.7942747290165876f,-0.0793023323513209f,1.0538255322044288f,0f,0f,0f,1f], start_interpolation: 0, interpolation_duration: 1 }
$data merge entity $(bone_leftforearm) { transformation: [-1f,9.727060045337952e-17f,7.440448987835061e-17f,0.96875f,0f,0.6075587665778731f,-0.7942747290165876f,3.006577302436013f,-1.2246467991473532e-16f,-0.7942747290165876f,-0.6075587665778731f,0.5048442190924199f,0f,0f,0f,1f], start_interpolation: 0, interpolation_duration: 1 }
$data merge entity $(bone_leftelbow) { transformation: [-1f,1.1314261122877003e-16f,4.6865204053263004e-17f,0.96875f,0f,0.38268343236509f,-0.9238795325112867f,3.0783304460044674f,-1.2246467991473532e-16f,-0.9238795325112867f,-0.38268343236509f,0.3316168067465537f,0f,0f,0f,1f], start_interpolation: 0, interpolation_duration: 1 }
$data merge entity $(bone_leftarm) { transformation: [-1f,2.6506208041798655e-17f,1.195617780139768e-16f,0.75f,0f,0.9762960071199334f,-0.21643961393810288f,3.5732421875f,-1.2246467991473532e-16f,-0.21643961393810288f,-0.9762960071199334f,0.2539062500000001f,0f,0f,0f,1f], start_interpolation: 0, interpolation_duration: 1 }
$data merge entity $(bone_rightthumb2) { transformation: [0.9675565001438352f,-0.0816464392155002f,-0.23909888747721475f,-1.1266156265930944f,0.09319116888008824f,0.9949468766344876f,0.037364672058513494f,2.4922492214710044f,0.23483999887620302f,-0.058434336127887974f,0.9702760448908947f,1.2095016894630741f,0f,0f,0f,1f], start_interpolation: 0, interpolation_duration: 1 }
$data merge entity $(bone_rightthumb) { transformation: [0.9675565001438352f,-0.0816464392155002f,-0.23909888747721475f,-1.1670715966389857f,0.09319116888008824f,0.9949468766344876f,0.037364672058513494f,2.739445572326478f,0.23483999887620302f,-0.058434336127887974f,0.9702760448908947f,1.2780884718914942f,0f,0f,0f,1f], start_interpolation: 0, interpolation_duration: 1 }
$data merge entity $(bone_rightpointerfinger) { transformation: [-0.1984821664735942f,0.07412132239966353f,-0.9772977331180469f,-1.2785134941922338f,-0.005759245950638231f,0.9970308394757035f,0.07678760460161443f,2.776720635279198f,0.9800875780653626f,0.02086946813167409f,-0.19746595813423778f,1.6067485470856104f,0f,0f,0f,1f], start_interpolation: 0, interpolation_duration: 1 }
$data merge entity $(bone_rightmidfinger) { transformation: [-0.2015263821049404f,0.06539310482015655f,-0.9772977331180469f,-1.4312162649919287f,-0.04924363882691449f,0.9958306722604151f,0.07678760460161443f,2.7887186984982004f,0.9782444384461266f,0.06360042474189528f,-0.19746595813423778f,1.5758944911271358f,0f,0f,0f,1f], start_interpolation: 0, interpolation_duration: 1 }
$data merge entity $(bone_rightringfinger) { transformation: [-0.20645889799972905f,0.0475800827979933f,-0.9772977331180469f,-1.5839190357916235f,-0.13584861380587318f,0.9877493699854071f,0.07678760460161443f,2.8007167617172026f,0.968978780760322f,0.148618026545797f,-0.19746595813423778f,1.545040435168661f,0f,0f,0f,1f], start_interpolation: 0, interpolation_duration: 1 }
$data merge entity $(bone_hugeasssword) { transformation: [0.11516937816304951f,0.8217955366516745f,-3.8277494547123507f,-1.3811369617908158f,3.807590236126283f,0.8672271536573577f,0.3007514513563232f,2.5742672391845405f,0.9106428420995317f,-3.729992887081224f,-0.7734083360257648f,1.3237770941388824f,0f,0f,0f,1f], start_interpolation: 0, interpolation_duration: 1 }
$data merge entity $(bone_ice) { transformation: [0.029404947616097743f,0.20982013701744878f,-0.9772977331180469f,-1.384874853738215f,0.9721506985854338f,0.22141969880613385f,0.07678760460161443f,2.5556177017252972f,0.23250455542966766f,-0.9523386094675464f,-0.19746595813423778f,1.3350245012332242f,0f,0f,0f,1f], start_interpolation: 0, interpolation_duration: 1 }
$data merge entity $(bone_righthand1) { transformation: [0.029404947616097743f,0.20982013701744878f,-0.9772977331180469f,-1.3556091367397674f,0.9721506985854338f,0.22141969880613385f,0.07678760460161443f,2.8564099137169894f,0.23250455542966766f,-0.9523386094675464f,-0.19746595813423778f,1.1488951765320596f,0f,0f,0f,1f], start_interpolation: 0, interpolation_duration: 1 }
$data merge entity $(bone_rightforearm) { transformation: [-0.9509921005999333f,0.2018742373436343f,-0.23422386064073875f,-1.1505695594975172f,0.2948733764899028f,0.36405417770370696f,-0.8834671739990806f,3.107760095978025f,-0.09307908698504846f,-0.9092366842541075f,-0.4057399851784711f,0.5217452631208692f,0f,0f,0f,1f], start_interpolation: 0, interpolation_duration: 1 }
$data merge entity $(bone_rightelbow) { transformation: [-0.9509921005999333f,0.2018742373436343f,-0.23422386064073875f,-1.1127181399955857f,0.2948733764899028f,0.36405417770370696f,-0.8834671739990806f,3.17602025429747f,-0.09307908698504846f,-0.9092366842541075f,-0.4057399851784711f,0.351263384823224f,0f,0f,0f,1f], start_interpolation: 0, interpolation_duration: 1 }
$data merge entity $(bone_rightarm) { transformation: [-0.9509921005999333f,0.30920254202419595f,-0.002795103272071006f,-0.75f,0.2948733764899028f,0.9041258097428805f,-0.3092025420241959f,3.5732421875f,-0.09307908698504846f,-0.29487337648990275f,-0.9509921005999333f,0.2539062499999999f,0f,0f,0f,1f], start_interpolation: 0, interpolation_duration: 1 }
$data merge entity $(bone_chest1) { transformation: [-1.0833333333333333f,0f,1.3267006990762992e-16f,-0.002323125000000018f,0f,1.0833333333333333f,0f,3.4129415625f,-1.3267006990762992e-16f,0f,-1.0833333333333333f,0.143836875f,0f,0f,0f,1f], start_interpolation: 0, interpolation_duration: 1 }
$data merge entity $(bone_chest1lid) { transformation: [-1f,0f,1.2246467991473532e-16f,-0.3437500000000001f,0f,1f,0f,2.7294921875f,-1.2246467991473532e-16f,0f,-1f,0.53515625f,0f,0f,0f,1f], start_interpolation: 0, interpolation_duration: 1 }
$data merge entity $(bone_chest2) { transformation: [-1f,0f,1.2246467991473532e-16f,-0.3437500000000001f,0f,1f,0f,2.5732421875f,-1.2246467991473532e-16f,0f,-1f,0.53515625f,0f,0f,0f,1f], start_interpolation: 0, interpolation_duration: 1 }
$data merge entity $(bone_chest1lid3) { transformation: [-1f,0f,1.2246467991473532e-16f,-0.28125f,0f,1f,0f,2.7294921875f,-1.2246467991473532e-16f,0f,-1f,-0.10546875000000006f,0f,0f,0f,1f], start_interpolation: 0, interpolation_duration: 1 }
$data merge entity $(bone_chest3) { transformation: [-1f,0f,1.2246467991473532e-16f,-0.28125f,0f,1f,0f,2.5732421875f,-1.2246467991473532e-16f,0f,-1f,-0.10546875000000006f,0f,0f,0f,1f], start_interpolation: 0, interpolation_duration: 1 }
$data merge entity $(bone_hugeasssword2) { transformation: [-1.3493280322890861e-15f,2.887669569172986f,-2.646061646494669f,-1.234375f,2.1741867565575984e-16f,2.6460616464946694f,2.887669569172986f,4.5732421875f,3.916666666666667f,5.710562051440511e-16f,-1.1937237951956666e-15f,-0.12109375000000017f,0f,0f,0f,1f], start_interpolation: 0, interpolation_duration: 1 }
$data merge entity $(bone_belt) { transformation: [-1f,0f,1.2246467991473532e-16f,0.029705624999999965f,0f,1f,0f,3.0146115625f,-1.2246467991473532e-16f,0f,-1f,0.274739375f,0f,0f,0f,1f], start_interpolation: 0, interpolation_duration: 1 }
$data merge entity $(bone_torn_part) { transformation: [-1f,-3.6825839484795376e-17f,1.16796641102639e-16f,-0.09375000000000004f,0f,0.9537169507482269f,0.30070579950427306f,2.7294921875f,-1.2246467991473532e-16f,0.30070579950427306f,-0.9537169507482269f,0.26953125f,0f,0f,0f,1f], start_interpolation: 0, interpolation_duration: 1 }
$data merge entity $(bone_lowerbody) { transformation: [-1f,0f,1.2246467991473532e-16f,0.0039062499999999497f,0f,1f,0f,2.2412109375f,-1.2246467991473532e-16f,0f,-1f,0.41015625f,0f,0f,0f,1f], start_interpolation: 0, interpolation_duration: 1 }
$data merge entity $(bone_leftfoot) { transformation: [-0.9721302901002078f,-0.03544925533791244f,-0.23174565662741847f,0.29133642822954087f,-0.04516433869071952f,0.998303393462021f,0.03674938248247611f,0.1998468156727533f,0.23004973718810423f,0.04619182717971679f,-0.9720820096686716f,-0.12748566476091444f,0f,0f,0f,1f], start_interpolation: 0, interpolation_duration: 1 }
$data merge entity $(bone_leftlowerleg) { transformation: [-0.9721302901002078f,0.028012838425233527f,-0.232761637631822f,0.35817597814749913f,-0.04516433869071952f,0.951860686689356f,0.3031854476156427f,1.2092341473789474f,0.23004973718810423f,0.30524828258096615f,-0.924067424163981f,0.3531280656551598f,0f,0f,0f,1f], start_interpolation: 0, interpolation_duration: 1 }
$data merge entity $(bone_leftleg) { transformation: [-0.9721302901002078f,-0.07863391139942671f,-0.22086060546804848f,0.24999999999999997f,-0.04516433869071952f,0.9872403634863622f,-0.15269789525054142f,2.2607421875f,0.23004973718810423f,-0.13846722601880365f,-0.9632777095616516f,0.23828125000000003f,0f,0f,0f,1f], start_interpolation: 0, interpolation_duration: 1 }
$data merge entity $(bone_rightfoot) { transformation: [-0.9892797570087576f,0.022414176844961966f,0.14430234595825653f,-0.34247938214389345f,0.04589620043287386f,0.9858009934615051f,0.16152380653060128f,0.23083491933373046f,-0.13863297284022674f,0.16641516146875673f,-0.9762616928236039f,0.000768849669209537f,0f,0f,0f,1f], start_interpolation: 0, interpolation_duration: 1 }
$data merge entity $(bone_rightlowerleg) { transformation: [-0.9892797570087576f,-0.0002317395329736599f,0.1460325603058525f,-0.365173732186829f,0.04589620043287386f,0.9488334079594911f,0.31242391509902584f,1.2354444135884541f,-0.13863297284022674f,0.3157769944704121f,-0.9386510473039033f,0.4953035797297357f,0f,0f,0f,1f], start_interpolation: 0, interpolation_duration: 1 }
$data merge entity $(bone_rightleg) { transformation: [-0.9892797570087576f,0.08225972644101574f,0.1206602659475887f,-0.25f,0.04589620043287386f,0.9595257844070457f,-0.27785573206948444f,2.2607421875f,-0.13863297284022674f,-0.26933920335497563f,-0.9530148437341299f,0.23828124999999997f,0f,0f,0f,1f], start_interpolation: 0, interpolation_duration: 1 }
data modify entity @s data merge value {"locators":{"lefthand":{"posx":0.9953639565066511,"posy":2.48904556816905,"posz":1.4073267376428575,"roty":274.5731600320048,"rotx":-5.9507555886836565},"righthand":{"posx":-1.370126302460134,"posy":2.6420973406019352,"posz":1.3747874996735334,"roty":281.42299284810315,"rotx":4.403940767397813},"chest":{"posx":-0.3750000000000001,"posy":2.6669921875,"posz":0.69140625,"roty":0,"rotx":0},"sack":{"posx":0,"posy":-0.4375,"posz":0,"roty":0,"rotx":0}},"cameras":{}}