# This file was generated by Animated Java via MC-Build. It is not recommended to edit this file directly.
$data merge entity $(bone_nose) { transformation: [-1f,-1.224646799147353e-16f,-1.232595164407831e-32f,-2.320955859368935e-16f,0f,0f,1f,2.5625296633176897f,-1.2246467991473532e-16f,1f,0f,1.8976078220027035f,0f,0f,0f,1f], start_interpolation: 0, interpolation_duration: 1 }
$data merge entity $(bone_glowing_eye) { transformation: [-1f,-1.224646799147353e-16f,-1.232595164407831e-32f,-0.12500000000000025f,0f,0f,1f,2.52763403831769f,-1.2246467991473532e-16f,1f,0f,1.9653159470027037f,0f,0f,0f,1f], start_interpolation: 0, interpolation_duration: 1 }
$data merge entity $(bone_head) { transformation: [-1f,-1.224646799147353e-16f,-1.232595164407831e-32f,-2.1697402996314675e-16f,0f,0f,1f,2.7497846633176897f,-1.2246467991473532e-16f,1f,0f,1.7741309470027038f,0f,0f,0f,1f], start_interpolation: 0, interpolation_duration: 1 }
$data merge entity $(bone_leftthumb2) { transformation: [-1f,9.71445146547012e-17f,-1.3877787807814457e-17f,1.2379312046583293f,0f,0.4617486132350338f,-0.8870108331782217f,1.4913987683637233f,-1.1102230246251565e-16f,-0.8870108331782217f,-0.4617486132350339f,1.8614389480896827f,0f,0f,0f,1f], start_interpolation: 0, interpolation_duration: 1 }
$data merge entity $(bone_leftthumb) { transformation: [-1f,9.71445146547012e-17f,-1.3877787807814457e-17f,1.2379312046583293f,0f,0.4617486132350338f,-0.8870108331782217f,1.5288374243686882f,-1.1102230246251565e-16f,-0.8870108331782217f,-0.4617486132350339f,1.6044463117184398f,0f,0f,0f,1f], start_interpolation: 0, interpolation_duration: 1 }
$data merge entity $(bone_leftpointerfinger) { transformation: [-0.12854320606946837f,0.02266563541681548f,-0.9914448613738105f,1.2057335290555f,0.8371797612376264f,0.5383948959330925f,-0.09623400338396579f,1.2226985937593895f,0.5316076481273504f,-0.8423877996530732f,-0.08818221730122618f,1.76897137957725f,0f,0f,0f,1f], start_interpolation: 0, interpolation_duration: 1 }
$data merge entity $(bone_leftmidfinger) { transformation: [-0.12854320606946837f,0.02266563541681548f,-0.9914448613738105f,1.0508202694658422f,0.8371797612376264f,0.5383948959330925f,-0.09623400338396579f,1.2076620307306447f,0.5316076481273504f,-0.8423877996530732f,-0.08818221730122618f,1.7551929081239332f,0f,0f,0f,1f], start_interpolation: 0, interpolation_duration: 1 }
$data merge entity $(bone_leftringfinger) { transformation: [-0.1260786200725189f,0.03378266443126188f,-0.9914448613738105f,0.8959070098761843f,0.8809182465412337f,0.46338111690423145f,-0.09623400338396579f,1.1926254677019001f,0.45616578616915976f,-0.885514919174438f,-0.08818221730122618f,1.7414144366706166f,0f,0f,0f,1f], start_interpolation: 0, interpolation_duration: 1 }
$data merge entity $(bone_invisibility) { transformation: [-0.0864101132863833f,0.9876721143508954f,0.13052619222005118f,1.2122425199321718f,0.6646320368669121f,0.15474937028503727f,-0.7309698269877655f,1.4366554278833075f,-0.7421573605994711f,0.023588703440753894f,-0.6698104397350119f,1.8166768226046206f,0f,0f,0f,1f], start_interpolation: 0, interpolation_duration: 1 }
$data merge entity $(bone_swiftness) { transformation: [-0.9914448613738105f,9.029043306084032e-17f,0.1305261922200512f,1.0195483964394114f,-0.09623400338396562f,0.6755902076156601f,-0.7309698269877656f,1.365196430423132f,-0.08818221730122602f,-0.737277336810124f,-0.669810439735012f,1.9348682706788136f,0f,0f,0f,1f], start_interpolation: 0, interpolation_duration: 1 }
$data merge entity $(bone_suspicious_stew) { transformation: [-0.41900270392554856f,0.8985541982805565f,0.13052619222005146f,1.0263466084245825f,0.5716224187772997f,0.37273438583616797f,-0.7309698269877656f,1.3869432612668298f,-0.7054676069489432f,-0.23166663628524753f,-0.6698104397350122f,1.8347025320236152f,0f,0f,0f,1f], start_interpolation: 0, interpolation_duration: 1 }
$data merge entity $(bone_log) { transformation: [-0.13052619222005143f,9.029043306084032e-17f,-0.9914448613738105f,0.9676358000270553f,0.7309698269877656f,0.6755902076156601f,-0.09623400338396579f,1.5354094895902668f,0.669810439735012f,-0.737277336810124f,-0.08818221730122618f,1.801204052211512f,0f,0f,0f,1f], start_interpolation: 0, interpolation_duration: 1 }
$data merge entity $(bone_planks) { transformation: [-0.13052619222005143f,9.029043306084032e-17f,-0.9914448613738105f,0.9553989695064254f,0.7309698269877656f,0.6755902076156601f,-0.09623400338396579f,1.60393791087037f,0.669810439735012f,-0.737277336810124f,-0.08818221730122618f,1.8639987809366694f,0f,0f,0f,1f], start_interpolation: 0, interpolation_duration: 1 }
$data merge entity $(bone_lefthand1) { transformation: [-0.13052619222005143f,9.029043306084032e-17f,-0.9914448613738105f,1.0312499999999998f,0.7309698269877656f,0.6755902076156601f,-0.09623400338396579f,1.5245718973529894f,0.669810439735012f,-0.737277336810124f,-0.08818221730122618f,1.4521878023658914f,0f,0f,0f,1f], start_interpolation: 0, interpolation_duration: 1 }
$data merge entity $(bone_leftforearm) { transformation: [-1f,9.029043306084032e-17f,8.273593852918138e-17f,0.9687499999999998f,0f,0.6755902076156601f,-0.737277336810124f,2.0111162204704085f,-1.2246467991473532e-16f,-0.737277336810124f,-0.6755902076156601f,0.9443457719152677f,0f,0f,0f,1f], start_interpolation: 0, interpolation_duration: 1 }
$data merge entity $(bone_leftelbow) { transformation: [-1f,-2.1265768495757707e-17f,1.2060416625018976e-16f,0.9687499999999998f,0f,0.984807753012208f,0.1736481776669303f,2.1957676741601975f,-1.2246467991473532e-16f,0.1736481776669303f,-0.984807753012208f,0.9769048052278171f,0f,0f,0f,1f], start_interpolation: 0, interpolation_duration: 1 }
$data merge entity $(bone_leftarm) { transformation: [-1f,-1.1099069304367542e-16f,5.1755810150196606e-17f,0.7499999999999998f,0f,0.4226182617406996f,0.9063077870366498f,2.378754686685652f,-1.2246467991473532e-16f,0.9063077870366498f,-0.4226182617406996f,1.4432655194255388f,0f,0f,0f,1f], start_interpolation: 0, interpolation_duration: 1 }
$data merge entity $(bone_rightthumb2) { transformation: [0.9850783334221398f,-0.16238018855068f,-0.05703815730284721f,-0.9231497964326693f,0.15702247237280562f,0.9836300467988808f,-0.0884074329700981f,1.2429583620461286f,0.07046006097208765f,0.07813197425303134f,0.9944499858751736f,1.9738135306121405f,0f,0f,0f,1f], start_interpolation: 0, interpolation_duration: 1 }
$data merge entity $(bone_rightthumb) { transformation: [0.9850783334221398f,-0.16238018855068f,-0.05703815730284721f,-0.9678466581510174f,0.15702247237280562f,0.9836300467988808f,-0.0884074329700981f,1.476631175595161f,0.07046006097208765f,0.07813197425303134f,0.9944499858751736f,2.0779580209758173f,0f,0f,0f,1f], start_interpolation: 0, interpolation_duration: 1 }
$data merge entity $(bone_rightpointerfinger) { transformation: [-0.012313133818350742f,0.004834052683230923f,-0.9999125055074701f,-1.0187806428877546f,-0.1283759705112455f,0.991705080519501f,0.006375222906317535f,1.4682325610131401f,0.9916491299501387f,0.1284432372936196f,-0.011590421160062758f,2.42315559389159f,0f,0f,0f,1f], start_interpolation: 0, interpolation_duration: 1 }
$data merge entity $(bone_rightmidfinger) { transformation: [-0.012512272859857029f,0.004292360382511001f,-0.9999125055074701f,-1.1750169718732968f,-0.1715113530924567f,0.9851615158405695f,0.006375222906317535f,1.4692286895922522f,0.9851026843879144f,0.17157611532220068f,-0.011590421160062758f,2.4213445905853304f,0f,0f,0f,1f], start_interpolation: 0, interpolation_duration: 1 }
$data merge entity $(bone_rightringfinger) { transformation: [-0.012838763741345183f,0.003185510220794313f,-0.9999125055074701f,-1.331253300858839f,-0.25672118425274015f,0.9664644794759737f,0.006375222906317535f,1.4702248181713644f,0.9664002274945223f,0.2567805725436947f,-0.011590421160062758f,2.41953358727907f,0f,0f,0f,1f], start_interpolation: 0, interpolation_duration: 1 }
$data merge entity $(bone_hugeasssword) { transformation: [0.008046464244432047f,0.051181213524141456f,-3.9163239799042584f,-1.157284698481424f,3.6832805873501506f,1.3315774144044552f,0.02496962304974368f,1.2883899932328995f,1.3317872003591493f,-3.6830096185874837f,-0.045395816210245805f,2.140197868651025f,0f,0f,0f,1f], start_interpolation: 0, interpolation_duration: 1 }
$data merge entity $(bone_ice) { transformation: [0.002054416402833714f,0.0130675438785042f,-0.9999125055074701f,-1.1575209791108199f,0.9404120648553576f,0.3399772121883715f,0.006375222906317535f,1.2683839107790913f,0.34003077455978276f,-0.9403428813414851f,-0.011590421160062758f,2.149577745319489f,0f,0f,0f,1f], start_interpolation: 0, interpolation_duration: 1 }
$data merge entity $(bone_righthand1) { transformation: [0.002054416402833714f,0.0130675438785042f,-0.9999125055074701f,-1.1849877548375938f,0.9404120648553576f,0.3399772121883715f,0.006375222906317535f,1.588680455755846f,0.34003077455978276f,-0.9403428813414851f,-0.011590421160062758f,1.9991375179628115f,0f,0f,0f,1f], start_interpolation: 0, interpolation_duration: 1 }
$data merge entity $(bone_rightforearm) { transformation: [-0.9536955904735654f,0.01311301474342079f,-0.30048755307935154f,-1.1114665739246634f,0.26679636578662325f,0.4981469042265841f,-0.8250268850240705f,1.9351562700070002f,0.13886835461806113f,-0.8669934893952834f,-0.47857901064700176f,1.3883312456094834f,0f,0f,0f,1f], start_interpolation: 0, interpolation_duration: 1 }
$data merge entity $(bone_rightelbow) { transformation: [-0.9536955904735654f,0.01311301474342079f,-0.30048755307935154f,-1.109007883660272f,0.26679636578662325f,0.4981469042265841f,-0.8250268850240705f,2.0285588145494846f,0.13886835461806113f,-0.8669934893952834f,-0.47857901064700176f,1.2257699663478678f,0f,0f,0f,1f], start_interpolation: 0, interpolation_duration: 1 }
$data merge entity $(bone_rightarm) { transformation: [-0.9536955904735654f,0.3007735371810309f,-0.0000065489172389420245f,-0.7500000000000002f,0.26679636578662325f,0.8459705050208197f,0.46168561146939546f,2.378754686685652f,0.13886835461806113f,0.440305784616135f,-0.887043626953738f,1.4432655194255388f,0f,0f,0f,1f], start_interpolation: 0, interpolation_duration: 1 }
$data merge entity $(bone_chest1) { transformation: [-1.0833333333333333f,-9.381190609217842e-17f,9.381190609217843e-17f,-0.002323125000000153f,0f,0.7660323462854265f,0.7660323462854264f,2.3432358291831754f,-1.3267006990762992e-16f,0.7660323462854264f,-0.7660323462854265f,1.2520850589961319f,0f,0f,0f,1f], start_interpolation: 0, interpolation_duration: 1 }
$data merge entity $(bone_chest1lid) { transformation: [-1f,-8.659560562354932e-17f,8.659560562354933e-17f,-0.3437500000000001f,0f,0.7071067811865476f,0.7071067811865475f,1.583259557850786f,-1.2246467991473532e-16f,0.7071067811865475f,-0.7071067811865476f,1.0455179550081057f,0f,0f,0f,1f], start_interpolation: 0, interpolation_duration: 1 }
$data merge entity $(bone_chest2) { transformation: [-1f,-8.659560562354932e-17f,8.659560562354933e-17f,-0.3437500000000001f,0f,0.7071067811865476f,0.7071067811865475f,1.472774123290388f,-1.2246467991473532e-16f,0.7071067811865475f,-0.7071067811865476f,0.9350325204477078f,0f,0f,0f,1f], start_interpolation: 0, interpolation_duration: 1 }
$data merge entity $(bone_chest1lid3) { transformation: [-1f,-8.659560562354932e-17f,8.659560562354933e-17f,-0.28125000000000006f,0f,0.7071067811865476f,0.7071067811865475f,2.036249839548418f,-1.2246467991473532e-16f,0.7071067811865475f,-0.7071067811865476f,0.5925276733104738f,0f,0f,0f,1f], start_interpolation: 0, interpolation_duration: 1 }
$data merge entity $(bone_chest3) { transformation: [-1f,-8.659560562354932e-17f,8.659560562354933e-17f,-0.28125000000000006f,0f,0.7071067811865476f,0.7071067811865475f,1.92576440498802f,-1.2246467991473532e-16f,0.7071067811865475f,-0.7071067811865476f,0.4820422387500758f,0f,0f,0f,1f], start_interpolation: 0, interpolation_duration: 1 }
$data merge entity $(bone_hugeasssword2) { transformation: [-1.2088408246486076e-15f,2.8876695691729855f,-2.6460616464946694f,-1.2343750000000004f,-2.769501559647311f,1.871048133674022f,2.041890734188255f,3.351026510817155f,2.7695015596473116f,1.8710481336740223f,2.0418907341882533f,1.8852072576671306f,0f,0f,0f,1f], start_interpolation: 0, interpolation_duration: 1 }
$data merge entity $(bone_belt) { transformation: [-1f,-8.659560562354932e-17f,8.659560562354933e-17f,0.029705624999999868f,0f,0.7071067811865476f,0.7071067811865475f,1.9690119396088657f,-1.2246467991473532e-16f,0.7071067811865475f,-0.7071067811865476f,1.0629852602703664f,0f,0f,0f,1f], start_interpolation: 0, interpolation_duration: 1 }
$data merge entity $(bone_torn_part) { transformation: [-1f,-9.029043306084032e-17f,8.273593852918142e-17f,-0.09375000000000011f,0f,0.6755902076156604f,0.737277336810124f,1.7649170825808334f,-1.2246467991473532e-16f,0.737277336810124f,-0.6755902076156604f,0.8992326247502477f,0f,0f,0f,1f], start_interpolation: 0, interpolation_duration: 1 }
$data merge entity $(bone_lowerbody) { transformation: [-1f,-6.123233995736765e-17f,1.0605752387249069e-16f,0.0039062499999999046f,0f,0.8660254037844387f,0.49999999999999994f,1.2717406158892128f,-1.2246467991473532e-16f,0.49999999999999994f,-0.8660254037844387f,0.7768768221574344f,0f,0f,0f,1f], start_interpolation: 0, interpolation_duration: 1 }
$data merge entity $(bone_leftfoot) { transformation: [-0.9753667896506382f,0.19694237044233098f,0.09936462333830573f,-0.005983418801914692f,-0.042585433717795204f,-0.6100893892113566f,0.7911873469708557f,0.3977175079230781f,0.21643961393810277f,0.767466377046102f,0.6034478052176969f,-0.8687585467566121f,0f,0f,0f,1f], start_interpolation: 0, interpolation_duration: 1 }
$data merge entity $(bone_leftlowerleg) { transformation: [-0.9753667896506382f,0.2142608761874686f,-0.05245857967945701f,0.2397722719800208f,-0.042585433717795204f,0.0504419307711354f,0.9978186671210092f,0.300366052125832f,0.21643961393810277f,0.9754731613711667f,-0.04007499173882395f,0.21956433879210735f,0f,0f,0f,1f], start_interpolation: 0, interpolation_duration: 1 }
$data merge entity $(bone_leftleg) { transformation: [-0.9753667896506382f,0.032967434327222433f,-0.21811183810258436f,0.24999999999999992f,-0.042585433717795204f,0.9420272412718134f,0.3328230123307041f,1.2912718658892128f,0.21643961393810277f,0.3339129002834377f,-0.9174181535933481f,0.6050018221574344f,0f,0f,0f,1f], start_interpolation: 0, interpolation_duration: 1 }
$data merge entity $(bone_rightfoot) { transformation: [-0.9905012255519768f,0.0342161898626608f,0.13317873152765183f,-0.36958853022015103f,0.043246217459636076f,0.9969141999569977f,0.06551215612031924f,0.156307480314419f,-0.13052619222005168f,0.07064934731037192f,-0.9889244576150155f,0.8970479507478104f,0f,0f,0f,1f], start_interpolation: 0, interpolation_duration: 1 }
$data merge entity $(bone_rightlowerleg) { transformation: [-0.9905012255519768f,-0.03318573692637762f,0.1334392335285439f,-0.4269063115578653f,0.043246217459636076f,0.8460103199996509f,0.5314097318731773f,1.013201398679295f,-0.13052619222005168f,0.532132732801452f,-0.8365391011935979f,1.61591327423925f,0f,0f,0f,1f], start_interpolation: 0, interpolation_duration: 1 }
$data merge entity $(bone_rightleg) { transformation: [-0.9905012255519768f,0.1371140723475735f,-0.010346658605385249f,-0.25000000000000006f,0.043246217459636076f,0.23921052628205797f,-0.9700041694710877f,1.2912718658892128f,-0.13052619222005168f,-0.9612377724996688f,-0.24286798443683122f,0.6050018221574344f,0f,0f,0f,1f], start_interpolation: 0, interpolation_duration: 1 }
data modify entity @s data merge value {"locators":{"lefthand":{"posx":0.9953639565066509,"posy":1.4156042396430648,"posz":1.7973869625699772,"roty":275.082691734047,"rotx":-5.522348441990871},"righthand":{"posx":-1.1419089250476016,"posy":1.3511357850609267,"posz":2.1963295882860554,"roty":270.66411058133366,"rotx":0.3652758403617192},"chest":{"posx":-0.3750000000000001,"posy":1.4285799494662288,"posz":1.1118092157443447,"roty":0,"rotx":44.99999999999999},"sack":{"posx":0,"posy":-0.4375,"posz":0,"roty":0,"rotx":0}},"cameras":{}}