# This file was generated by Animated Java via MC-Build. It is not recommended to edit this file directly.
$data merge entity $(bone_nose) { transformation: [-0.9999858658024777f,0.001794148823367537f,-0.005004920106126724f,0.001189312727038177f,0.0023973260209865415f,0.9923735026431727f,-0.12324400220566634f,0.49461840935705337f,0.004745632014621815f,-0.12325425867579905f,-0.99236377739973f,0.5455320856435153f,0f,0f,0f,1f], start_interpolation: 0, interpolation_duration: 1 }
$data merge entity $(bone_glowing_eye) { transformation: [-0.9999858658024777f,0.002591542940652569f,-0.00464242398493034f,-0.12347145169843383f,0.0023973260209865415f,0.9991413011346162f,0.04136318647028592f,0.56112466497569f,0.004745632014621815f,0.041351472431018665f,-0.9991333918474392f,0.5837905044765228f,0f,0f,0f,1f], start_interpolation: 0, interpolation_duration: 1 }
$data merge entity $(bone_head) { transformation: [-0.9999858658024777f,0.002591542940652569f,-0.00464242398493034f,-4.2973640519969737e-17f,0.0023973260209865415f,0.9991413011346162f,0.04136318647028592f,0.3789930272920107f,0.004745632014621815f,0.041351472431018665f,-0.9991333918474392f,0.3533334117606922f,0f,0f,0f,1f], start_interpolation: 0, interpolation_duration: 1 }
$data merge entity $(bone_leftthumb2) { transformation: [-0.4961184080262001f,0.7746989281226268f,0.3920562408420528f,0.41901004877580855f,-0.6823110898264148f,-0.06861355269466232f,-0.7278349792957929f,-0.3512130310648447f,-0.5369526067703175f,-0.6285966521961996f,0.5626261164666023f,1.0467683562168744f,0f,0f,0f,1f], start_interpolation: 0, interpolation_duration: 1 }
$data merge entity $(bone_leftthumb) { transformation: [-0.4961184080262001f,0.7746989281226268f,0.3920562408420528f,0.6425032968576816f,-0.6823110898264148f,-0.06861355269466232f,-0.7278349792957929f,-0.4302389480047356f,-0.5369526067703175f,-0.6285966521961996f,0.5626261164666023f,0.9406903630885924f,0f,0f,0f,1f], start_interpolation: 0, interpolation_duration: 1 }
$data merge entity $(bone_leftpointerfinger) { transformation: [-0.6320283750751091f,0.668454962668926f,0.3920562408420528f,0.4779484467255939f,-0.6575047372675835f,-0.19479158961356322f,-0.7278349792957929f,-0.351309434084623f,-0.4101556455427663f,-0.7177911949161162f,0.5626261164666023f,1.2407784893656246f,0f,0f,0f,1f], start_interpolation: 0, interpolation_duration: 1 }
$data merge entity $(bone_leftmidfinger) { transformation: [-0.5713636275285963f,0.7209961921911664f,0.3920562408420528f,0.5392072343571647f,-0.67197993890994f,-0.1367450350692347f,-0.7278349792957929f,-0.46503364959959065f,-0.4711545042127443f,-0.6793123627829486f,0.5626261164666023f,1.3286888200635312f,0f,0f,0f,1f], start_interpolation: 0, interpolation_duration: 1 }
$data merge entity $(bone_leftringfinger) { transformation: [-0.6605844200609962f,0.6402500511436726f,0.3920562408420528f,0.6004660219887353f,-0.6483822486459625f,-0.2232861450119516f,-0.7278349792957929f,-0.5787578651145583f,-0.378455656072786f,-0.7349987547310719f,0.5626261164666023f,1.4165991507614377f,0f,0f,0f,1f], start_interpolation: 0, interpolation_duration: 1 }
$data merge entity $(bone_invisibility) { transformation: [0.8059209176825626f,-0.3230448879942911f,0.49611840802620016f,0.44040453446696715f,-0.1317874556299125f,0.7190852823125253f,0.6823110898264145f,-0.47990770879696365f,-0.5771685550861979f,-0.6152709623428292f,0.5369526067703175f,1.0450374914223706f,0f,0f,0f,1f], start_interpolation: 0, interpolation_duration: 1 }
$data merge entity $(bone_swiftness) { transformation: [0.3920562408420527f,0.7746989281226268f,0.4961184080262002f,0.3831683746526068f,-0.727834979295793f,-0.06861355269466232f,0.6823110898264146f,-0.6426222283066813f,0.5626261164666022f,-0.6285966521961996f,0.5369526067703176f,1.2076863127982356f,0f,0f,0f,1f], start_interpolation: 0, interpolation_duration: 1 }
$data merge entity $(bone_suspicious_stew) { transformation: [0.8678057981757441f,-0.027921709655901183f,0.49611840802620033f,0.4776010673691039f,-0.369781350887488f,0.630645169041764f,0.6823110898264149f,-0.6131605071323625f,-0.33192596943954866f,-0.7755688550310518f,0.5369526067703175f,1.1799953563315555f,0f,0f,0f,1f], start_interpolation: 0, interpolation_duration: 1 }
$data merge entity $(bone_log) { transformation: [-0.4961184080262001f,0.7746989281226268f,0.3920562408420528f,0.5463049689214472f,-0.6823110898264148f,-0.06861355269466232f,-0.7278349792957929f,-0.719821130544912f,-0.5369526067703175f,-0.6285966521961996f,0.5626261164666023f,1.077454567131685f,0f,0f,0f,1f], start_interpolation: 0, interpolation_duration: 1 }
$data merge entity $(bone_planks) { transformation: [-0.4961184080262001f,0.7746989281226268f,0.3920562408420528f,0.49979386816899096f,-0.6823110898264148f,-0.06861355269466232f,-0.7278349792957929f,-0.7837877952161384f,-0.5369526067703175f,-0.6285966521961996f,0.5626261164666023f,1.027115260246968f,0f,0f,0f,1f], start_interpolation: 0, interpolation_duration: 1 }
$data merge entity $(bone_lefthand1) { transformation: [-0.4961184080262001f,0.7746989281226268f,0.3920562408420528f,0.8517575454323398f,-0.6823110898264148f,-0.06861355269466232f,-0.7278349792957929f,-0.5436519031589804f,-0.5369526067703175f,-0.6285966521961996f,0.5626261164666023f,1.0369614896356334f,0f,0f,0f,1f], start_interpolation: 0, interpolation_duration: 1 }
$data merge entity $(bone_leftforearm) { transformation: [-0.7407367976266883f,0.5651639291105465f,-0.36317864732675004f,1.2085170496010054f,0.501401202196329f,0.10530538650849991f,-0.8587826325726272f,-0.4248529994989735f,-0.44710829904826704f,-0.8182301074909337f,-0.36137744826917584f,0.4393456992447597f,0f,0f,0f,1f], start_interpolation: 0, interpolation_duration: 1 }
$data merge entity $(bone_leftelbow) { transformation: [-0.8332608806492284f,-0.4182415261129712f,-0.3615941517977926f,1.1300967634548233f,0.10951293284035374f,0.5162040772061072f,-0.8494352642882776f,-0.3280647350228284f,0.5419254767220087f,-0.7474004124366566f,-0.38432980780722636f,0.2992081219128866f,0f,0f,0f,1f], start_interpolation: 0, interpolation_duration: 1 }
$data merge entity $(bone_leftarm) { transformation: [-0.8332608806492284f,-0.4182415261129712f,-0.3615941517977926f,0.75f,0.10951293284035374f,0.5162040772061072f,-0.8494352642882776f,-0.019461890351938765f,0.5419254767220087f,-0.7474004124366566f,-0.38432980780722636f,0.05606442022147354f,0f,0f,0f,1f], start_interpolation: 0, interpolation_duration: 1 }
$data merge entity $(bone_rightthumb2) { transformation: [-0.4287742469586715f,-0.7584017683575107f,-0.4908965297261989f,-0.4570523099151534f,0.7778202904133014f,-0.03352660343516374f,-0.6275918758902711f,-0.3316694680859115f,0.45950869520216064f,-0.6509245152967446f,0.6042756278547947f,1.083071147525449f,0f,0f,0f,1f], start_interpolation: 0, interpolation_duration: 1 }
$data merge entity $(bone_rightthumb) { transformation: [-0.4287742469586715f,-0.7584017683575107f,-0.4908965297261989f,-0.6849954457806469f,0.7778202904133014f,-0.03352660343516374f,-0.6275918758902711f,-0.3935240488627525f,0.45950869520216064f,-0.6509245152967446f,0.6042756278547947f,0.9750766765501884f,0f,0f,0f,1f], start_interpolation: 0, interpolation_duration: 1 }
$data merge entity $(bone_rightpointerfinger) { transformation: [-0.4712084504520166f,-0.7327913709408598f,-0.4908965297261989f,-0.5213334985872791f,0.7746550323054415f,-0.0777046860902651f,-0.6275918758902711f,-0.3084411172562632f,0.42174895037980287f,-0.6760020624482064f,0.6042756278547947f,1.2739691525214643f,0f,0f,0f,1f], start_interpolation: 0, interpolation_duration: 1 }
$data merge entity $(bone_rightmidfinger) { transformation: [-0.6186440101210876f,-0.6134331144012972f,-0.4908965297261989f,-0.5980360813569976f,0.7394742426766071f,-0.2435288108918321f,-0.6275918758902711f,-0.4065023478641181f,0.2654381908451733f,-0.7512612943720284f,0.6042756278547947f,1.3683872193737758f,0f,0f,0f,1f], start_interpolation: 0, interpolation_duration: 1 }
$data merge entity $(bone_rightringfinger) { transformation: [-0.6697541016004978f,-0.5571804380019864f,-0.4908965297261989f,-0.6747386641267161f,0.7154353855361132f,-0.30705153710627214f,-0.6275918758902711f,-0.504563578471973f,0.19895138228246534f,-0.7715369810116625f,0.6042756278547947f,1.4628052862260876f,0f,0f,0f,1f], start_interpolation: 0, interpolation_duration: 1 }
$data merge entity $(bone_hugeasssword) { transformation: [-0.000016793658005881302f,-0.000029704069260669176f,-0.00001922678074760946f,-0.6152423479723279f,0.00003046462804118764f,-0.00000131312530121058f,-0.00002458068180570229f,-0.6285411205398612f,0.00001799742389541796f,-0.000025494543515789165f,0.000023667462090979463f,1.0979456875597178f,0f,0f,0f,1f], start_interpolation: 0, interpolation_duration: 1 }
$data merge entity $(bone_ice) { transformation: [-0.4287742469586715f,-0.7584017683575107f,-0.4908965297261989f,-0.5966927227330125f,0.7778202904133014f,-0.03352660343516374f,-0.6275918758902711f,-0.6401707093988946f,0.45950869520216064f,-0.6509245152967446f,0.6042756278547947f,1.1009365597486958f,0f,0f,0f,1f], start_interpolation: 0, interpolation_duration: 1 }
$data merge entity $(bone_righthand1) { transformation: [-0.4287742469586715f,-0.7584017683575107f,-0.4908965297261989f,-0.9088272431160018f,0.7778202904133014f,-0.03352660343516374f,-0.6275918758902711f,-0.47370953377593117f,0.45950869520216064f,-0.6509245152967446f,0.6042756278547947f,1.071966218095512f,0f,0f,0f,1f], start_interpolation: 0, interpolation_duration: 1 }
$data merge entity $(bone_rightforearm) { transformation: [-0.7865935313680746f,-0.5449555768632179f,0.2903343514907929f,-1.2473735116294908f,-0.4135586253078791f,0.11580108534250816f,-0.9030832586572264f,-0.3523288056462185f,0.45851922516221644f,-0.8304297248287628f,-0.3164594638772339f,0.4643575453757314f,0f,0f,0f,1f], start_interpolation: 0, interpolation_duration: 1 }
$data merge entity $(bone_rightelbow) { transformation: [-0.8079826536044262f,0.49983317850581566f,0.3119788857264594f,-1.1536547906596504f,-0.09665406135501534f,0.4098795163548221f,-0.9070042858202592f,-0.27547639632968934f,-0.581224589894415f,-0.7629977560501149f,-0.2828646325798945f,0.3212954661163348f,0f,0f,0f,1f], start_interpolation: 0, interpolation_duration: 1 }
$data merge entity $(bone_rightarm) { transformation: [-0.8290160501837845f,0.4641137397217988f,0.3119788857264594f,-0.75f,-0.11444076150238938f,0.40527341093443964f,-0.9070042858202592f,-0.019461890351938765f,-0.5473898981936278f,-0.7876242117856784f,-0.2828646325798945f,0.05606442022147336f,0f,0f,0f,1f], start_interpolation: 0, interpolation_duration: 1 }
$data merge entity $(bone_chest1) { transformation: [-1.0833333333333333f,-8.527867711287151e-17f,1.0163116982094626e-16f,-0.002323124999999984f,0f,0.8298814800455596f,0.6963532438270843f,-0.07150806290574668f,-1.3267006990762992e-16f,0.6963532438270843f,-0.8298814800455596f,-0.13129286842986393f,0f,0f,0f,1f], start_interpolation: 0, interpolation_duration: 1 }
$data merge entity $(bone_chest1lid) { transformation: [-1f,-6.985714745057531e-17f,1.005861659309428e-16f,-0.34374999999999994f,0f,0.8213483757192263f,0.5704268977734035f,-0.837954664989127f,-1.2246467991473532e-16f,0.5704268977734035f,-0.8213483757192263f,-0.2821439870607591f,0f,0f,0f,1f], start_interpolation: 0, interpolation_duration: 1 }
$data merge entity $(bone_chest2) { transformation: [-1f,-6.985714745057531e-17f,1.005861659309428e-16f,-0.34374999999999994f,0f,0.8213483757192263f,0.5704268977734035f,-0.9662903486952561f,-1.2246467991473532e-16f,0.5704268977734035f,-0.8213483757192263f,-0.3712731898378534f,0f,0f,0f,1f], start_interpolation: 0, interpolation_duration: 1 }
$data merge entity $(bone_chest1lid3) { transformation: [-1f,-7.665351767214054e-17f,9.55083035924386e-17f,-0.2812499999999999f,0f,0.7798844830928819f,0.6259234721840591f,-0.43264758575655404f,-1.2246467991473532e-16f,0.6259234721840591f,-0.7798844830928819f,-0.7642198686821896f,0f,0f,0f,1f], start_interpolation: 0, interpolation_duration: 1 }
$data merge entity $(bone_chest3) { transformation: [-1f,-7.665351767214054e-17f,9.55083035924386e-17f,-0.2812499999999999f,0f,0.7798844830928819f,0.6259234721840591f,-0.5545045362398169f,-1.2246467991473532e-16f,0.6259234721840591f,-0.7798844830928819f,-0.8620204112109489f,0f,0f,0f,1f], start_interpolation: 0, interpolation_duration: 1 }
$data merge entity $(bone_hugeasssword2) { transformation: [-1.6719478217487493e-15f,1.6552548584844062f,-3.549705499226879f,-1.734375f,-2.5175848046056117f,2.719232172391629f,1.2679987862876712f,0.401125129636524f,3.0003407355493303f,2.2817067129392097f,1.0639773139072208f,-0.08054889992786102f,0f,0f,0f,1f], start_interpolation: 0, interpolation_duration: 1 }
$data merge entity $(bone_belt) { transformation: [-1f,-7.871877887341986e-17f,9.381338752702732e-17f,0.029705625000000038f,0f,0.7660444431189781f,0.6427876096865394f,-0.4607890510103215f,-1.2246467991473532e-16f,0.6427876096865394f,-0.7660444431189781f,-0.2870573242809212f,0f,0f,0f,1f], start_interpolation: 0, interpolation_duration: 1 }
$data merge entity $(bone_torn_part) { transformation: [-1f,-1.0328566345430088e-16f,6.580022455450643e-17f,-0.09374999999999994f,0f,0.537299608346824f,0.8433914458128857f,-0.6758554456349288f,-1.2246467991473532e-16f,0.8433914458128857f,-0.537299608346824f,-0.4743181810278101f,0f,0f,0f,1f], start_interpolation: 0, interpolation_duration: 1 }
$data merge entity $(bone_lowerbody) { transformation: [-1f,-7.871877887341986e-17f,9.381338752702732e-17f,0.003906250000000083f,0f,0.7660444431189781f,0.6427876096865394f,-1.140292591488787f,-1.2246467991473532e-16f,0.6427876096865394f,-0.7660444431189781f,-0.6804543187564593f,0f,0f,0f,1f], start_interpolation: 0, interpolation_duration: 1 }
$data merge entity $(bone_leftfoot) { transformation: [-1f,-1.81651523181452e-17f,1.2110997096803036e-16f,0.2812500000000002f,0f,0.9889379619687231f,0.14832972519744053f,-2.9165859056333936f,-1.2246467991473532e-16f,0.14832972519744053f,-0.9889379619687231f,-1.3810665996851328f,0f,0f,0f,1f], start_interpolation: 0, interpolation_duration: 1 }
$data merge entity $(bone_leftlowerleg) { transformation: [-1f,-6.312919181536654e-17f,1.0493952052185693e-16f,0.2812500000000001f,0f,0.8568962136260015f,0.5154889708552666f,-2.045169293749712f,-1.2246467991473532e-16f,0.5154889708552666f,-0.8568962136260015f,-0.677537668339871f,0f,0f,0f,1f], start_interpolation: 0, interpolation_duration: 1 }
$data merge entity $(bone_leftleg) { transformation: [-1f,2.006103624689983e-17f,1.2081039959920316e-16f,0.2500000000000001f,0f,0.9864917761048824f,-0.16381079231062473f,-0.9927558414612707f,-1.2246467991473532e-16f,-0.16381079231062473f,-0.9864917761048824f,-0.8258965396480584f,0f,0f,0f,1f], start_interpolation: 0, interpolation_duration: 1 }
$data merge entity $(bone_rightfoot) { transformation: [-1f,-1.1983000955877234e-16f,-2.5265918462686283e-17f,-0.2812499999999997f,0f,-0.20631188094622377f,0.9784862839000001f,-1.595957359268248f,-1.2246467991473532e-16f,0.9784862839000001f,0.20631188094622377f,-2.5911070570709187f,0f,0f,0f,1f], start_interpolation: 0, interpolation_duration: 1 }
$data merge entity $(bone_rightlowerleg) { transformation: [-1f,-1.2222619333229323e-16f,-7.639076522424663e-18f,-0.28124999999999983f,0f,-0.06237779356254619f,0.9980526092698063f,-1.818504140935838f,-1.2246467991473532e-16f,0.9980526092698063f,0.06237779356254619f,-1.4934765187402657f,0f,0f,0f,1f], start_interpolation: 0, interpolation_duration: 1 }
$data merge entity $(bone_rightleg) { transformation: [-1f,-8.075968313307389e-17f,9.206232349264319e-17f,-0.24999999999999992f,0f,0.7517459201848286f,0.6594528576672223f,-1.0369474896272202f,-1.2246467991473532e-16f,0.6594528576672223f,-0.7517459201848286f,-0.7732309841836287f,0f,0f,0f,1f], start_interpolation: 0, interpolation_duration: 1 }
data modify entity @s data merge value {"locators":{"lefthand":{"posx":0.5261668371511663,"posy":-0.6391216105179184,"posz":1.16811195439944,"roty":145.12995742173032,"rotx":-46.70519847406463},"righthand":{"posx":-0.61737002247783,"posy":-0.5569200809331877,"posz":1.1447443887901787,"roty":219.08943700330525,"rotx":-38.87267812979933},"chest":{"posx":-0.37499999999999994,"posy":-0.978418141248673,"posz":-0.18945998446546772,"roty":0,"rotx":34.78},"sack":{"posx":0,"posy":-0.4375,"posz":0,"roty":0,"rotx":0}},"cameras":{}}