# This file was generated by Animated Java via MC-Build. It is not recommended to edit this file directly.
$data merge entity $(bone_nose) { transformation: [-1f,-5.783579471197226e-18f,1.2232803454285907e-16f,-2.10774027108202e-17f,0f,0.9988842058626913f,0.0472265103311745f,4.273664344575264f,-1.2246467991473532e-16f,0.0472265103311745f,-0.9988842058626913f,0.1744058043655417f,0f,0f,0f,1f], start_interpolation: 0, interpolation_duration: 1 }
$data merge entity $(bone_glowing_eye) { transformation: [-1f,-5.1904507774286775e-18f,1.2235463639497142e-16f,-0.12500000000000003f,0f,0.9991014264697339f,0.042383246998583354f,4.33983263895281f,-1.2246467991473532e-16f,0.042383246998583354f,-0.9991014264697339f,0.2121397632662806f,0f,0f,0f,1f], start_interpolation: 0, interpolation_duration: 1 }
$data merge entity $(bone_head) { transformation: [-1f,-5.1904507774286775e-18f,1.2235463639497142e-16f,2.4750153691583844e-18f,0f,0.9991014264697339f,0.042383246998583354f,4.158234897543458f,-1.2246467991473532e-16f,0.042383246998583354f,-0.9991014264697339f,-0.017914284139786477f,0f,0f,0f,1f], start_interpolation: 0, interpolation_duration: 1 }
$data merge entity $(bone_leftthumb2) { transformation: [-0.9978858240869731f,-0.029084718743111245f,-0.05812023074538433f,0.9652246187552811f,-0.032365786545651525f,0.997887291346088f,0.05633302433962685f,1.9022820840697898f,0.05635900946205431f,0.05809503339874918f,-0.9967189318693881f,0.1681449094330234f,0f,0f,0f,1f], start_interpolation: 0, interpolation_duration: 1 }
$data merge entity $(bone_leftthumb) { transformation: [-0.9978858240869731f,-0.029084718743111245f,-0.05812023074538433f,0.953125f,-0.032365786545651525f,0.997887291346088f,0.05633302433962685f,2.1518205375452366f,0.05635900946205431f,0.05809503339874918f,-0.9967189318693881f,0.09721517254108791f,0f,0f,0f,1f], start_interpolation: 0, interpolation_duration: 1 }
$data merge entity $(bone_leftpointerfinger) { transformation: [-0.9995769500822006f,-0.029084718743111245f,1.2225766882242654e-16f,1.0638633461910834f,-0.029035554695153114f,0.997887291346088f,0.058119620899593286f,1.8269943456379845f,-0.001690392827321043f,0.05809503339874918f,-0.9983096261513696f,0.031350060746665506f,0f,0f,0f,1f], start_interpolation: 0, interpolation_duration: 1 }
$data merge entity $(bone_leftmidfinger) { transformation: [-0.9995769500822006f,-0.029084718743111245f,1.2225766882242654e-16f,1.0638633461910834f,-0.029035554695153114f,0.997887291346088f,0.058119620899593286f,1.836075536403546f,-0.001690392827321043f,0.05809503339874918f,-0.9983096261513696f,-0.124635818339486f,0f,0f,0f,1f], start_interpolation: 0, interpolation_duration: 1 }
$data merge entity $(bone_leftringfinger) { transformation: [-0.9995769500822006f,-0.029084718743111245f,1.2225766882242654e-16f,1.0638633461910834f,-0.029035554695153114f,0.997887291346088f,0.058119620899593286f,1.8451567271691074f,-0.001690392827321043f,0.05809503339874918f,-0.9983096261513696f,-0.2806216974256375f,0f,0f,0f,1f], start_interpolation: 0, interpolation_duration: 1 }
$data merge entity $(bone_invisibility) { transformation: [-2.1847966314265682e-16f,-6.690163003241106e-17f,0.9999999999999998f,0.875f,0.9995762153536631f,0.02910995876408263f,6.832246489395193e-17f,1.9343484259011807f,-0.029109958764082462f,0.9995762153536631f,-9.59782995516406e-17f,0.06890291756068673f,0f,0f,0f,1f], start_interpolation: 0, interpolation_duration: 1 }
$data merge entity $(bone_swiftness) { transformation: [-9.978693610260477e-17f,-7.117600770234454e-18f,1f,0.822916875f,0.058119620899593286f,0.9983096261513696f,1.2905148261042784e-17f,1.8100578849640176f,-0.9983096261513696f,0.058119620899593286f,-9.920458661690126e-17f,-0.1261505147811027f,0f,0f,0f,1f], start_interpolation: 0, interpolation_duration: 1 }
$data merge entity $(bone_suspicious_stew) { transformation: [4.521758647912248e-17f,-2.7888028814781436e-18f,1.0000000000000002f,0.875f,0.9293382012122477f,0.36922961388217984f,1.1083463326581829e-16f,1.898450091094009f,-0.36922961388218f,0.9293382012122477f,1.2891725404525674e-16f,-0.12100449457236351f,0f,0f,0f,1f], start_interpolation: 0, interpolation_duration: 1 }
$data merge entity $(bone_log) { transformation: [-1f,-7.117600770234454e-18f,1.2225766882242654e-16f,0.78125f,0f,0.9983096261513696f,0.058119620899593286f,2.025963151592599f,-1.2246467991473532e-16f,0.058119620899593286f,-0.9983096261513696f,-0.16053530568575983f,0f,0f,0f,1f], start_interpolation: 0, interpolation_duration: 1 }
$data merge entity $(bone_planks) { transformation: [-1f,-7.117600770234454e-18f,1.2225766882242654e-16f,0.6875f,0f,0.9983096261513696f,0.058119620899593286f,2.025963151592599f,-1.2246467991473532e-16f,0.058119620899593286f,-0.9983096261513696f,-0.16053530568575983f,0f,0f,0f,1f], start_interpolation: 0, interpolation_duration: 1 }
$data merge entity $(bone_lefthand) { transformation: [-1f,-7.117600770234454e-18f,1.2225766882242654e-16f,1.03125f,0f,0.9983096261513696f,0.058119620899593286f,2.2737243199773287f,-1.2246467991473532e-16f,0.058119620899593286f,-0.9983096261513696f,-0.11480822464363116f,0f,0f,0f,1f], start_interpolation: 0, interpolation_duration: 1 }
$data merge entity $(bone_leftforearm) { transformation: [-1f,-5.338744932842919e-18f,1.22348255521526e-16f,0.96875f,0f,0.9990493226839742f,0.043594160671958315f,2.9754997162289984f,-1.2246467991473532e-16f,0.043594160671958315f,-0.9990493226839742f,-0.06854593475422338f,0f,0f,0f,1f], start_interpolation: 0, interpolation_duration: 1 }
$data merge entity $(bone_leftelbow) { transformation: [-1f,-4.943277015076149e-18f,1.223648717523571e-16f,0.96875f,0f,0.9991850045053993f,0.040364920061178866f,3.162846904573761f,-1.2246467991473532e-16f,0.040364920061178866f,-0.9991850045053993f,-0.06097751224275235f,0f,0f,0f,1f], start_interpolation: 0, interpolation_duration: 1 }
$data merge entity $(bone_leftarm) { transformation: [-1f,-4.943277015076149e-18f,1.223648717523571e-16f,0.75f,0f,0.9991850045053993f,0.040364920061178866f,3.6611780030745487f,-1.2246467991473532e-16f,0.040364920061178866f,-0.9991850045053993f,-0.009570520821369215f,0f,0f,0f,1f], start_interpolation: 0, interpolation_duration: 1 }
$data merge entity $(bone_rightthumb2) { transformation: [-0.9996607540089595f,-0.023784375252248982f,0.010615101888272296f,-0.9463729258739701f,-0.02200137473497651f,0.9892483297410709f,0.14458105551652484f,1.884272407992379f,-0.01393974189177593f,0.14429846013856665f,-0.9894360201638251f,0.06675820602603419f,0f,0f,0f,1f], start_interpolation: 0, interpolation_duration: 1 }
$data merge entity $(bone_rightthumb) { transformation: [-0.9996607540089595f,-0.023784375252248982f,0.010615101888272296f,-0.9512987254521528f,-0.02200137473497651f,0.9892483297410709f,0.14458105551652484f,2.139233677050707f,-0.01393974189177593f,0.14429846013856665f,-0.9894360201638251f,0.017591592443416543f,0f,0f,0f,1f], start_interpolation: 0, interpolation_duration: 1 }
$data merge entity $(bone_rightpointerfinger) { transformation: [-0.9985373988580918f,-0.053147714063434714f,0.009918849305598753f,-1.042609713713992f,-0.05062960036513403f,0.9835682797744231f,0.17329189995048483f,1.8190857805199667f,-0.018965933896927207f,0.17253625564330938f,-0.9848205592086328f,-0.08725972917242544f,0f,0f,0f,1f], start_interpolation: 0, interpolation_duration: 1 }
$data merge entity $(bone_rightmidfinger) { transformation: [-0.9999052832394658f,-0.009541539616649608f,0.009918849305598753f,-1.0410598935099924f,-0.0076787664084497845f,0.9848405728634435f,0.17329189995048483f,1.84616263988723f,-0.01142195676089408f,0.17319932177623643f,-0.9848205592086328f,-0.2411379415487743f,0f,0f,0f,1f], start_interpolation: 0, interpolation_duration: 1 }
$data merge entity $(bone_rightringfinger) { transformation: [-0.9999052832394658f,-0.009541539616649608f,0.009918849305598753f,-1.0395100733059925f,-0.0076787664084497845f,0.9848405728634435f,0.17329189995048483f,1.8732394992544932f,-0.01142195676089408f,0.17319932177623643f,-0.9848205592086328f,-0.3950161539251231f,0f,0f,0f,1f], start_interpolation: 0, interpolation_duration: 1 }
$data merge entity $(bone_hugeasssword) { transformation: [-3.9109381455275263f,-0.208161880081786f,0.038848826446928456f,-0.7867740083778468f,-0.19829926809677498f,3.8523090957831574f,0.678726608139399f,2.056690748376672f,-0.07428324109629823f,0.6757670012696284f,-3.857213856900479f,-0.18566586719222092f,0f,0f,0f,1f], start_interpolation: 0, interpolation_duration: 1 }
$data merge entity $(bone_ice) { transformation: [-0.9985373988580918f,-0.053147714063434714f,0.009918849305598753f,-0.770341428488448f,-0.05062960036513403f,0.9835682797744231f,0.17329189995048483f,2.0421135815109017f,-0.018965933896927207f,0.17253625564330938f,-0.9848205592086328f,-0.18806540346950812f,0f,0f,0f,1f], start_interpolation: 0, interpolation_duration: 1 }
$data merge entity $(bone_righthand) { transformation: [-0.9985373988580918f,-0.053147714063434714f,0.009918849305598753f,-1.0329527426780296f,-0.05062960036513403f,0.9835682797744231f,0.17329189995048483f,2.280763623236677f,-0.018965933896927207f,0.17253625564330938f,-0.9848205592086328f,-0.18044846550818236f,0f,0f,0f,1f], start_interpolation: 0, interpolation_duration: 1 }
$data merge entity $(bone_rightforearm) { transformation: [-0.9998942319271075f,0.0011739017169556882f,-0.014496444862745966f,-0.9694074465868705f,-0.0005870632660840975f,0.9926672501522664f,0.12087756546133471f,2.976880762993786f,0.014532044440522474f,0.12087329080444766f,-0.9925615684956184f,-0.0808589111810937f,0f,0f,0f,1f], start_interpolation: 0, interpolation_duration: 1 }
$data merge entity $(bone_rightelbow) { transformation: [-0.9998942319271075f,0.00032902235469100703f,-0.014540175486899017f,-0.9693457548953659f,-0.0005870632660840975f,0.9980162196385776f,0.06295459232688401f,3.164008804176019f,0.014532044440522474f,0.06295646974388464f,-0.9979104682293728f,-0.06905457310411534f,0f,0f,0f,1f], start_interpolation: 0, interpolation_duration: 1 }
$data merge entity $(bone_rightarm) { transformation: [-0.9998942319271075f,0.00032902235469100703f,-0.014540175486899017f,-0.75f,-0.0005870632660840975f,0.9980162196385776f,0.06295459232688401f,3.6611780030745487f,0.014532044440522474f,0.06295646974388464f,-0.9979104682293728f,-0.009570520821369402f,0f,0f,0f,1f], start_interpolation: 0, interpolation_duration: 1 }
$data merge entity $(bone_chest) { transformation: [-1.0833333333333333f,-5.355216766332494e-18f,1.3256194439838684e-16f,-0.0023231249999999845f,0f,1.0824504215475157f,0.043728663399610436f,3.5054509638847637f,-1.3267006990762992e-16f,0.043728663399610436f,-1.0824504215475157f,-0.1260207116905328f,0f,0f,0f,1f], start_interpolation: 0, interpolation_duration: 1 }
$data merge entity $(bone_chest1lid) { transformation: [-1f,-4.943277015076149e-18f,1.223648717523571e-16f,-0.34375000000000006f,0f,0.9991850045053993f,0.040364920061178866f,2.806763021755911f,-1.2246467991473532e-16f,0.040364920061178866f,-0.9991850045053993f,0.23739236039415454f,0f,0f,0f,1f], start_interpolation: 0, interpolation_duration: 1 }
$data merge entity $(bone_chest1) { transformation: [-1f,-4.943277015076149e-18f,1.223648717523571e-16f,-0.34375000000000006f,0f,0.9991850045053993f,0.040364920061178866f,2.6506403648019425f,-1.2246467991473532e-16f,0.040364920061178866f,-0.9991850045053993f,0.23108534163459535f,0f,0f,0f,1f], start_interpolation: 0, interpolation_duration: 1 }
$data merge entity $(bone_chest1lid3) { transformation: [-1f,-4.943277015076149e-18f,1.223648717523571e-16f,-0.28124999999999994f,0f,0.9991850045053993f,0.040364920061178866f,2.832621798670104f,-1.2246467991473532e-16f,0.040364920061178866f,-0.9991850045053993f,-0.4027105331171169f,0f,0f,0f,1f], start_interpolation: 0, interpolation_duration: 1 }
$data merge entity $(bone_chest3) { transformation: [-1f,-4.943277015076149e-18f,1.223648717523571e-16f,-0.28124999999999994f,0f,0.9991850045053993f,0.040364920061178866f,2.6764991417161355f,-1.2246467991473532e-16f,0.040364920061178866f,-0.9991850045053993f,-0.4090175518766761f,0f,0f,0f,1f], start_interpolation: 0, interpolation_duration: 1 }
$data merge entity $(bone_hugeasssword2) { transformation: [-1.3489371169864379e-15f,2.887669569172986f,-2.646061646494669f,-1.234375f,-0.15809593690628368f,2.6439051181743407f,2.885316131484214f,4.67549985260289f,3.9134746009794807f,0.10680806683770924f,0.11656055132276519f,-0.34389997744971534f,0f,0f,0f,1f], start_interpolation: 0, interpolation_duration: 1 }
$data merge entity $(bone_belt) { transformation: [-1f,-4.943277015076149e-18f,1.223648717523571e-16f,0.029705625000000003f,0f,0.9991850045053993f,0.040364920061178866f,3.10216173209182f,-1.2246467991473532e-16f,0.040364920061178866f,-0.9991850045053993f,-0.011303455246234134f,0f,0f,0f,1f], start_interpolation: 0, interpolation_duration: 1 }
$data merge entity $(bone_torn_part) { transformation: [-1f,-4.133571047840254e-17f,1.1527773794564265e-16f,-0.09375f,0f,0.9413141652426112f,0.33753169082858886f,2.817594784872244f,-1.2246467991473532e-16f,0.33753169082858886f,-0.9413141652426112f,-0.02779858263387855f,0f,0f,0f,1f], start_interpolation: 0, interpolation_duration: 1 }
$data merge entity $(bone_lowerbody) { transformation: [-1f,-4.757883400485051e-18f,1.2237222059015668e-16f,0.0039062499999999883f,0f,0.9992450123199357f,0.03885106631395823f,2.32421875f,-1.2246467991473532e-16f,0.03885106631395823f,-0.9992450123199357f,0.09375f,0f,0f,0f,1f], start_interpolation: 0, interpolation_duration: 1 }
$data merge entity $(bone_rightfoot) { transformation: [-1f,5.129773515424324e-19f,1.2246360553591168e-16f,-0.28125f,0f,0.9999912270311376f,-0.0041887779554038536f,0.17214138275288637f,-1.2246467991473532e-16f,-0.0041887779554038536f,-0.9999912270311376f,-0.24771342148526487f,0f,0f,0f,1f], start_interpolation: 0, interpolation_duration: 1 }
$data merge entity $(bone_rightlowerleg) { transformation: [-1f,5.129773515424324e-19f,1.2246360553591168e-16f,-0.28125f,0f,0.9999912270311376f,-0.0041887779554038536f,1.282150237647499f,-1.2246467991473532e-16f,-0.0041887779554038536f,-0.9999912270311376f,-0.09871606995782496f,0f,0f,0f,1f], start_interpolation: 0, interpolation_duration: 1 }
$data merge entity $(bone_rightleg) { transformation: [-1f,5.129773515424324e-19f,1.2246360553591168e-16f,-0.25f,0f,0.9999912270311376f,-0.0041887779554038536f,2.34475f,-1.2246467991473532e-16f,-0.0041887779554038536f,-0.9999912270311376f,-0.07712500000000004f,0f,0f,0f,1f], start_interpolation: 0, interpolation_duration: 1 }
data modify entity @s data merge value {"locators":{"lefthand":{"posx":0.875,"posy":1.9470620929729667,"posz":-0.14947731315992538,"roty":0,"rotx":3.33188657407407},"righthand":{"posx":-0.8632788586195529,"posy":2.019291116168469,"posz":-0.17715151752913688,"roty":0.5770482575089204,"rotx":9.979272544487156},"chest":{"posx":-0.37500000000000006,"posy":2.7380069402147647,"posz":0.3909922098442995,"roty":0,"rotx":2.3133680555555562},"sack":{"posx":0,"posy":-0.4375,"posz":0,"roty":0,"rotx":0}},"cameras":{}}