# This file was generated by Animated Java via MC-Build. It is not recommended to edit this file directly.
$data merge entity $(bone_nose) { transformation: [-1f,-2.1265768495757707e-17f,1.2060416625018979e-16f,-1.4714319564249304e-16f,0f,0.9848077530122081f,0.1736481776669303f,3.516908060121804f,-1.2246467991473532e-16f,0.1736481776669303f,-0.9848077530122081f,1.1970410996608671f,0f,0f,0f,1f], start_interpolation: 0, interpolation_duration: 1 }
$data merge entity $(bone_glowing_eye) { transformation: [-1f,-2.1265768495757707e-17f,1.2060416625018979e-16f,-0.12500000000000014f,0f,0.9848077530122081f,0.1736481776669303f,3.577527984873925f,-1.2246467991473532e-16f,0.1736481776669303f,-0.9848077530122081f,1.2431639742265685f,0f,0f,0f,1f], start_interpolation: 0, interpolation_duration: 1 }
$data merge entity $(bone_head) { transformation: [-1f,-2.1265768495757707e-17f,1.2060416625018979e-16f,-1.2193363185298415e-16f,0f,0.9848077530122081f,0.1736481776669303f,3.4278235658131058f,-1.2246467991473532e-16f,0.1736481776669303f,-0.9848077530122081f,0.9911893895428088f,0f,0f,0f,1f], start_interpolation: 0, interpolation_duration: 1 }
$data merge entity $(bone_leftthumb2) { transformation: [-1f,0f,1.2246467991473532e-16f,0.953125f,0f,1f,-5.551115123125783e-17f,1.2696942909865545f,-1.2246467991473532e-16f,-5.551115123125783e-17f,-1f,0.8976423214938574f,0f,0f,0f,1f], start_interpolation: 0, interpolation_duration: 1 }
$data merge entity $(bone_leftthumb) { transformation: [-1f,0f,1.2246467991473532e-16f,0.953125f,0f,1f,-5.551115123125783e-17f,1.5149367909865545f,-1.2246467991473532e-16f,-5.551115123125783e-17f,-1f,0.8121848214938574f,0f,0f,0f,1f], start_interpolation: 0, interpolation_duration: 1 }
$data merge entity $(bone_leftpointerfinger) { transformation: [-1f,0f,1.2246467991473532e-16f,1.0625f,0f,1f,-5.551115123125783e-17f,1.1868117909865545f,-1.2246467991473532e-16f,-5.551115123125783e-17f,-1f,0.7653098214938574f,0f,0f,0f,1f], start_interpolation: 0, interpolation_duration: 1 }
$data merge entity $(bone_leftmidfinger) { transformation: [-1f,0f,1.2246467991473532e-16f,1.0625f,0f,1f,-5.551115123125783e-17f,1.1868117909865545f,-1.2246467991473532e-16f,-5.551115123125783e-17f,-1f,0.6090598214938574f,0f,0f,0f,1f], start_interpolation: 0, interpolation_duration: 1 }
$data merge entity $(bone_leftringfinger) { transformation: [-1f,0f,1.2246467991473532e-16f,1.0625f,0f,1f,-5.551115123125783e-17f,1.1868117909865545f,-1.2246467991473532e-16f,-5.551115123125783e-17f,-1f,0.4528098214938574f,0f,0f,0f,1f], start_interpolation: 0, interpolation_duration: 1 }
$data merge entity $(bone_invisibility) { transformation: [-2.1137110478670835e-16f,-6.648751360330414e-17f,0.9999999999999998f,0.875f,0.9961946980917453f,0.0871557427476583f,5.5511151231257815e-17f,1.2961867909865545f,-0.08715574274765814f,0.9961946980917453f,-9.957992501029601e-17f,0.7965598214938574f,0f,0f,0f,1f], start_interpolation: 0, interpolation_duration: 1 }
$data merge entity $(bone_swiftness) { transformation: [-9.957992501029599e-17f,0f,1f,0.822916875f,-5.551115123125783e-17f,1f,-1.232595164407831e-32f,1.1607699159865545f,-1f,-5.551115123125783e-17f,-9.957992501029599e-17f,0.6090598214938574f,0f,0f,0f,1f], start_interpolation: 0, interpolation_duration: 1 }
$data merge entity $(bone_suspicious_stew) { transformation: [5.17558101501966e-17f,3.160941884019652e-20f,1.0000000000000002f,0.875f,0.90630778703665f,0.42261826174069944f,1.1102230246251565e-16f,1.2493117909865545f,-0.4226182617406996f,0.90630778703665f,1.2246467991473535e-16f,0.6090598214938574f,0f,0f,0f,1f], start_interpolation: 0, interpolation_duration: 1 }
$data merge entity $(bone_log) { transformation: [-1f,0f,1.2246467991473532e-16f,0.78125f,0f,1f,-5.551115123125783e-17f,1.3743117909865545f,-1.2246467991473532e-16f,-5.551115123125783e-17f,-1f,0.5621848214938574f,0f,0f,0f,1f], start_interpolation: 0, interpolation_duration: 1 }
$data merge entity $(bone_planks) { transformation: [-1f,0f,1.2246467991473532e-16f,0.6875f,0f,1f,-5.551115123125783e-17f,1.3743117909865545f,-1.2246467991473532e-16f,-5.551115123125783e-17f,-1f,0.5621848214938574f,0f,0f,0f,1f], start_interpolation: 0, interpolation_duration: 1 }
$data merge entity $(bone_lefthand) { transformation: [-1f,0f,1.2246467991473532e-16f,1.03125f,0f,1f,-5.551115123125783e-17f,1.6243117909865545f,-1.2246467991473532e-16f,-5.551115123125783e-17f,-1f,0.5934348214938574f,0f,0f,0f,1f], start_interpolation: 0, interpolation_duration: 1 }
$data merge entity $(bone_leftforearm) { transformation: [-1f,0f,1.2246467991473532e-16f,0.9687499999999999f,0f,1f,-5.551115123125783e-17f,2.3274367909865545f,-1.2246467991473532e-16f,-5.551115123125783e-17f,-1f,0.6090598214938574f,0f,0f,0f,1f], start_interpolation: 0, interpolation_duration: 1 }
$data merge entity $(bone_leftelbow) { transformation: [-1f,-1.598484835071783e-17f,1.2141697760125282e-16f,0.9687499999999999f,0f,0.9914448613738104f,0.13052619222005152f,2.513332702494144f,-1.2246467991473532e-16f,0.13052619222005152f,-0.9914448613738104f,0.6335334825351171f,0f,0f,0f,1f], start_interpolation: 0, interpolation_duration: 1 }
$data merge entity $(bone_leftarm) { transformation: [-1f,-1.598484835071783e-17f,1.2141697760125282e-16f,0.7499999999999999f,0f,0.9914448613738104f,0.13052619222005152f,3.0049761896741725f,-1.2246467991473532e-16f,0.13052619222005152f,-0.9914448613738104f,0.7297792305630744f,0f,0f,0f,1f], start_interpolation: 0, interpolation_duration: 1 }
$data merge entity $(bone_rightthumb2) { transformation: [-0.043619387365336f,1.598484835071783e-17f,-0.9990482215818578f,-0.8677488366041686f,0.1304019602072943f,0.9914448613738104f,-0.0056934725397687225f,1.3057431074291321f,0.9905012255519768f,-0.13052619222005163f,-0.0432462174596361f,1.0011531955458066f,0f,0f,0f,1f], start_interpolation: 0, interpolation_duration: 1 }
$data merge entity $(bone_rightthumb) { transformation: [-0.043619387365336f,1.598484835071783e-17f,-0.9990482215818578f,-0.9531250000000002f,0.1304019602072943f,0.9914448613738104f,-0.0056934725397687225f,1.5484009739150315f,0.9905012255519768f,-0.13052619222005163f,-0.0432462174596361f,0.9654469122217237f,0f,0f,0f,1f], start_interpolation: 0, interpolation_duration: 1 }
$data merge entity $(bone_rightpointerfinger) { transformation: [-0.08715574274765849f,-0.9961946980917454f,1.2141697760125282e-16f,-1.0625000000000002f,-0.9876721143508954f,0.08641011328638373f,-0.13052619222005163f,1.216964713516435f,0.13002950065171948f,-0.011376107230962362f,-0.9914448613738104f,0.9618018411670308f,0f,0f,0f,1f], start_interpolation: 0, interpolation_duration: 1 }
$data merge entity $(bone_rightmidfinger) { transformation: [-0.08715574274765849f,-0.9961946980917454f,1.2141697760125282e-16f,-1.0625000000000002f,-0.9876721143508954f,0.08641011328638373f,-0.13052619222005163f,1.196569995982052f,0.13002950065171948f,-0.011376107230962362f,-0.9914448613738104f,0.8068885815773729f,0f,0f,0f,1f], start_interpolation: 0, interpolation_duration: 1 }
$data merge entity $(bone_rightringfinger) { transformation: [-0.2164396139381031f,-0.9762960071199333f,1.2141697760125282e-16f,-1.0625000000000002f,-0.9679436594388268f,0.21458794303666365f,-0.13052619222005163f,1.176175278447669f,0.12743220028900526f,-0.028251038652918725f,-0.9914448613738104f,0.651975321987715f,0f,0f,0f,1f], start_interpolation: 0, interpolation_duration: 1 }
$data merge entity $(bone_hugeasssword) { transformation: [-3.916666666666667f,6.260732270697817e-17f,4.755498289382403e-16f,-0.7968750000000002f,0f,3.8831590403807574f,-0.5112275861952023f,1.3999967052020457f,-4.796533296660467e-16f,-0.5112275861952023f,-3.8831590403807574f,0.7958667747416407f,0f,0f,0f,1f], start_interpolation: 0, interpolation_duration: 1 }
$data merge entity $(bone_ice) { transformation: [-1f,1.598484835071783e-17f,1.2141697760125282e-16f,-0.7812500000000002f,0f,0.9914448613738104f,-0.13052619222005163f,1.38450537924308f,-1.2246467991473532e-16f,-0.13052619222005163f,-0.9914448613738104f,0.797906246495079f,0f,0f,0f,1f], start_interpolation: 0, interpolation_duration: 1 }
$data merge entity $(bone_righthand) { transformation: [-1f,1.598484835071783e-17f,1.2141697760125282e-16f,-1.0312500000000002f,0f,0.9914448613738104f,-0.13052619222005163f,1.6282876510796558f,-1.2246467991473532e-16f,-0.13052619222005163f,-0.9914448613738104f,0.7342920465221345f,0f,0f,0f,1f], start_interpolation: 0, interpolation_duration: 1 }
$data merge entity $(bone_rightforearm) { transformation: [-1f,1.598484835071783e-17f,1.2141697760125282e-16f,-0.9687500000000001f,0f,0.9914448613738104f,-0.13052619222005163f,2.3274367909865545f,-1.2246467991473532e-16f,-0.13052619222005163f,-0.9914448613738104f,0.6580071435763766f,0f,0f,0f,1f], start_interpolation: 0, interpolation_duration: 1 }
$data merge entity $(bone_rightelbow) { transformation: [-1f,1.598484835071783e-17f,1.2141697760125282e-16f,-0.9687500000000001f,0f,0.9914448613738104f,-0.13052619222005163f,2.513332702494144f,-1.2246467991473532e-16f,-0.13052619222005163f,-0.9914448613738104f,0.6335334825351169f,0f,0f,0f,1f], start_interpolation: 0, interpolation_duration: 1 }
$data merge entity $(bone_rightarm) { transformation: [-1f,-1.598484835071783e-17f,1.2141697760125282e-16f,-0.7500000000000001f,0f,0.9914448613738104f,0.13052619222005152f,3.0049761896741725f,-1.2246467991473532e-16f,0.13052619222005152f,-0.9914448613738104f,0.7297792305630743f,0f,0f,0f,1f], start_interpolation: 0, interpolation_duration: 1 }
$data merge entity $(bone_chest) { transformation: [-1.0833333333333333f,-7.609642590806252e-17f,1.086769589807985e-16f,-0.0023231250000000678f,0f,0.8874147146464078f,0.6213744727136332f,2.936798804868506f,-1.3267006990762992e-16f,0.6213744727136332f,-0.8874147146464078f,0.5476710157858673f,0f,0f,0f,1f], start_interpolation: 0, interpolation_duration: 1 }
$data merge entity $(bone_chest1lid) { transformation: [-1f,-7.024285468436541e-17f,1.0031719290535247e-16f,-0.34375f,0f,0.8191520442889918f,0.573576436351046f,2.1524982795816037f,-1.2246467991473532e-16f,0.573576436351046f,-0.8191520442889918f,0.4762106248481581f,0f,0f,0f,1f], start_interpolation: 0, interpolation_duration: 1 }
$data merge entity $(bone_chest1) { transformation: [-1f,-7.024285468436541e-17f,1.0031719290535247e-16f,-0.34375f,0f,0.8191520442889918f,0.573576436351046f,2.0245057726614486f,-1.2246467991473532e-16f,0.573576436351046f,-0.8191520442889918f,0.3865893066683072f,0f,0f,0f,1f], start_interpolation: 0, interpolation_duration: 1 }
$data merge entity $(bone_chest1lid3) { transformation: [-1f,-7.024285468436541e-17f,1.0031719290535247e-16f,-0.28124999999999994f,0f,0.8191520442889918f,0.573576436351046f,2.5199456841189924f,-1.2246467991473532e-16f,0.573576436351046f,-0.8191520442889918f,-0.04855865352447722f,0f,0f,0f,1f], start_interpolation: 0, interpolation_duration: 1 }
$data merge entity $(bone_chest3) { transformation: [-1f,-7.024285468436541e-17f,1.0031719290535247e-16f,-0.28124999999999994f,0f,0.8191520442889918f,0.573576436351046f,2.3919531771988374f,-1.2246467991473532e-16f,0.573576436351046f,-0.8191520442889918f,-0.13817997170432816f,0f,0f,0f,1f], start_interpolation: 0, interpolation_duration: 1 }
$data merge entity $(bone_hugeasssword2) { transformation: [-1.2625837081690032e-15f,2.887669569172986f,-2.646061646494669f,-1.2343750000000002f,-2.2465077090415972f,2.167526807040804f,2.365440430819164f,4.039219397594806f,3.2083455067985516f,1.5177186095615944f,1.6562992208456009f,0.9961736503057484f,0f,0f,0f,1f], start_interpolation: 0, interpolation_duration: 1 }
$data merge entity $(bone_belt) { transformation: [-1f,-7.024285468436541e-17f,1.0031719290535247e-16f,0.029705624999999947f,0f,0.8191520442889918f,0.573576436351046f,2.535423381607429f,-1.2246467991473532e-16f,0.573576436351046f,-0.8191520442889918f,0.4264273643716948f,0f,0f,0f,1f], start_interpolation: 0, interpolation_duration: 1 }
$data merge entity $(bone_torn_part) { transformation: [-1f,-9.715776287805219e-17f,7.455177354798985e-17f,-0.09375000000000003f,0f,0.6087614290087208f,0.793353340291235f,2.3048545204873503f,-1.2246467991473532e-16f,0.793353340291235f,-0.6087614290087208f,0.2586233630838947f,0f,0f,0f,1f], start_interpolation: 0, interpolation_duration: 1 }
$data merge entity $(bone_lowerbody) { transformation: [-1f,-7.024285468436541e-17f,1.0031719290535247e-16f,0.0039062499999999883f,0f,0.8191520442889918f,0.573576436351046f,1.82421875f,-1.2246467991473532e-16f,0.573576436351046f,-0.8191520442889918f,0.09375f,0f,0f,0f,1f], start_interpolation: 0, interpolation_duration: 1 }
$data merge entity $(bone_leftfoot) { transformation: [-0.9238795325112867f,0.03335305878500258f,-0.38122720636965335f,0.15561088908250448f,1.3877787807814457e-17f,0.9961946980917455f,0.08715574274765797f,0.159508020926462f,0.38268343236508956f,0.08052140686538034f,-0.9203638919632242f,-0.38766065702212993f,0f,0f,0f,1f], start_interpolation: 0, interpolation_duration: 1 }
$data merge entity $(bone_leftlowerleg) { transformation: [-0.9238795325112867f,0.24598416875659634f,-0.2931525168369742f,0.47354117796659345f,1.3877787807814457e-17f,0.7660444431189781f,0.6427876096865391f,0.910577070979034f,0.38268343236508956f,0.5938583163412473f,-0.7077327819916305f,0.37989095829103414f,0f,0f,0f,1f], start_interpolation: 0, interpolation_duration: 1 }
$data merge entity $(bone_leftleg) { transformation: [-0.9238795325112867f,-0.1913417161825448f,-0.33141357403559163f,0.25f,1.3877787807814457e-17f,0.8660254037844386f,-0.49999999999999994f,1.84375f,0.38268343236508956f,-0.4619397662556433f,-0.8001031451912656f,-0.07812499999999997f,0f,0f,0f,1f], start_interpolation: 0, interpolation_duration: 1 }
$data merge entity $(bone_rightfoot) { transformation: [-0.9238795325112867f,-1.249000902703301e-16f,0.38268343236508984f,-0.47459838560581247f,-2.7755575615628914e-17f,0.9999999999999999f,3.608224830031759e-16f,0.14715196302347344f,-0.38268343236508984f,2.7755575615628914e-16f,-0.9238795325112867f,0.38244328331188093f,0f,0f,0f,1f], start_interpolation: 0, interpolation_duration: 1 }
$data merge entity $(bone_rightlowerleg) { transformation: [-0.9238795325112867f,-0.06645228065352396f,0.3768696111424634f,-0.6062232514033064f,-2.7755575615628914e-17f,0.9848077530122079f,0.1736481776669307f,1.212992781233645f,-0.38268343236508984f,0.16042999720436074f,-0.9098437264664094f,0.7002138194657291f,0f,0f,0f,1f], start_interpolation: 0, interpolation_duration: 1 }
$data merge entity $(bone_rightleg) { transformation: [-0.9238795325112867f,0.31347591593739144f,0.21949819938655485f,-0.25f,-2.7755575615628914e-17f,0.5735764363510463f,-0.8191520442889917f,1.84375f,-0.38268343236508984f,-0.7567978077333786f,-0.5299155298754944f,-0.07812500000000003f,0f,0f,0f,1f], start_interpolation: 0, interpolation_duration: 1 }
$data merge entity $(bone_sack_top) { transformation: [-1f,0f,1.2246467991473532e-16f,-0.0625f,0f,1f,0f,-0.8125f,-1.2246467991473532e-16f,0f,-1f,-7.654042494670958e-18f,0f,0f,0f,1f], start_interpolation: 0, interpolation_duration: 1 }
$data merge entity $(bone_sack_main) { transformation: [-1.1666666666666667f,0f,1.4287545990052456e-16f,-0.0625f,0f,1.1666666666666667f,0f,-0.8125f,-1.4287545990052456e-16f,0f,-1.1666666666666667f,-7.654042494670958e-18f,0f,0f,0f,1f], start_interpolation: 0, interpolation_duration: 1 }
data modify entity @s data merge value {"locators":{"lefthand":{"posx":0.875,"posy":1.2961867909865545,"posz":0.5778098214938574,"roty":0,"rotx":-3.1805546814635168e-15},"righthand":{"posx":-0.8750000000000002,"posy":1.3710535250375524,"posz":0.8154370442074831,"roty":0,"rotx":-7.500000000000002},"chest":{"posx":-0.375,"posy":2.0116799586336906,"posz":0.5683546044963728,"roty":0,"rotx":35.00000000000001},"sack":{"posx":0,"posy":-0.4375,"posz":0,"roty":0,"rotx":0}},"cameras":{}}
execute on vehicle unless entity @s[tag=aj.transforms_only] run function animated_java:wander/variants/item_off/apply