# This file was generated by Animated Java via MC-Build. It is not recommended to edit this file directly.
$data merge entity $(bone_nose) { transformation: [-1f,-1.3032184045825173e-17f,1.2176929007600525e-16f,-8.822152960342723e-17f,0f,0.9943217110499598f,0.10641585847363239f,3.646405281264851f,-1.2246467991473532e-16f,0.10641585847363239f,-0.9943217110499598f,0.721880942730469f,0f,0f,0f,1f], start_interpolation: 0, interpolation_duration: 1 }
$data merge entity $(bone_glowing_eye) { transformation: [-1f,-1.3032184045825173e-17f,1.2176929007600525e-16f,-0.12500000000000008f,0f,0.9943217110499598f,0.10641585847363239f,3.710015492075487f,-1.2246467991473532e-16f,0.10641585847363239f,-0.9943217110499598f,0.7637836385361417f,0f,0f,0f,1f], start_interpolation: 0, interpolation_duration: 1 }
$data merge entity $(bone_head) { transformation: [-1f,-1.3032184045825173e-17f,1.2176929007600525e-16f,-6.381044782984152e-17f,0f,0.9943217110499598f,0.10641585847363239f,3.5435564452182295f,-1.2246467991473532e-16f,0.10641585847363239f,-0.9943217110499598f,0.5225493330730424f,0f,0f,0f,1f], start_interpolation: 0, interpolation_duration: 1 }
$data merge entity $(bone_leftthumb2) { transformation: [-0.9414254624072712f,0.2562464768330327f,0.21921642694358845f,0.8476482772440199f,-0.20595873932171363f,0.07782464684405824f,-0.9754610817662629f,2.74808661170449f,-0.2670189064996448f,-0.963473438894013f,-0.02048990281768824f,1.8214981195563833f,0f,0f,0f,1f], start_interpolation: 0, interpolation_duration: 1 }
$data merge entity $(bone_leftthumb) { transformation: [-0.9414254624072712f,0.2562464768330327f,0.21921642694358845f,0.9292244916442767f,-0.20595873932171363f,0.07782464684405824f,-0.9754610817662629f,2.6838120572631037f,-0.2670189064996448f,-0.963473438894013f,-0.02048990281768824f,1.5834624688483756f,0f,0f,0f,1f], start_interpolation: 0, interpolation_duration: 1 }
$data merge entity $(bone_leftpointerfinger) { transformation: [-0.9414254624072712f,0.2672560758667354f,0.2056508902085507f,0.9844033664015502f,-0.20595873932171363f,0.02719982223421733f,-0.9781825838602103f,2.6577815375609473f,-0.2670189064996448f,-0.9632415894170792f,0.029437119237337203f,1.925371409829785f,0f,0f,0f,1f], start_interpolation: 0, interpolation_duration: 1 }
$data merge entity $(bone_leftmidfinger) { transformation: [-0.9414254624072712f,0.2672560758667354f,0.2056508902085507f,1.0165363179966362f,-0.20595873932171363f,0.02719982223421733f,-0.9781825838602103f,2.5049405088327896f,-0.2670189064996448f,-0.9632415894170792f,0.029437119237337203f,1.929970959710619f,0f,0f,0f,1f], start_interpolation: 0, interpolation_duration: 1 }
$data merge entity $(bone_leftringfinger) { transformation: [-0.9414254624072712f,0.2672560758667354f,0.2056508902085507f,1.0486692695917224f,-0.20595873932171363f,0.02719982223421733f,-0.9781825838602103f,2.3520994801046315f,-0.2670189064996448f,-0.9632415894170792f,0.029437119237337203f,1.9345705095914527f,0f,0f,0f,1f], start_interpolation: 0, interpolation_duration: 1 }
$data merge entity $(bone_invisibility) { transformation: [0.18572064481800324f,-0.1901879921954921f,0.9640209384204432f,0.8202778503082275f,-0.07952730386161065f,0.9749613448896156f,0.2076674840015516f,2.6510463818299947f,-0.9793790124506895f,-0.11523412513521815f,0.16594531139936675f,1.7865788360003274f,0f,0f,0f,1f], start_interpolation: 0, interpolation_duration: 1 }
$data merge entity $(bone_swiftness) { transformation: [0.20565089020855049f,0.16843794597239137f,0.9640209384204435f,0.7858188289089615f,-0.9781825838602103f,0.005748801703642406f,0.20766748400155166f,2.4560426910668154f,0.029437119237337165f,-0.9856954953917432f,0.16594531139936683f,1.9169351491480777f,0f,0f,0f,1f], start_interpolation: 0, interpolation_duration: 1 }
$data merge entity $(bone_suspicious_stew) { transformation: [0.239568443812602f,-0.11519805126900268f,0.9640209384204437f,0.850941863504875f,-0.4081876395058875f,0.8889640414792248f,0.20766748400155194f,2.4673676722763473f,-0.8809028389577481f,-0.44325200726082115f,0.16594531139936675f,1.838302772203816f,0f,0f,0f,1f], start_interpolation: 0, interpolation_duration: 1 }
$data merge entity $(bone_log) { transformation: [-0.9640209384204435f,0.16843794597239137f,0.2056508902085507f,0.7912595292530331f,-0.20766748400155188f,0.005748801703642406f,-0.9781825838602103f,2.4027651372457095f,-0.16594531139936683f,-0.9856954953917432f,0.029437119237337203f,1.7009133273004078f,0f,0f,0f,1f], start_interpolation: 0, interpolation_duration: 1 }
$data merge entity $(bone_planks) { transformation: [-0.9640209384204435f,0.16843794597239137f,0.2056508902085507f,0.7008825662761166f,-0.20766748400155188f,0.005748801703642406f,-0.9781825838602103f,2.383296310620564f,-0.16594531139936683f,-0.9856954953917432f,0.029437119237337203f,1.6853559543567171f,0f,0f,0f,1f], start_interpolation: 0, interpolation_duration: 1 }
$data merge entity $(bone_lefthand) { transformation: [-0.9640209384204435f,0.16843794597239137f,0.2056508902085507f,1.0679476600322246f,-0.20766748400155188f,0.005748801703642406f,-0.9781825838602103f,2.4866874144176396f,-0.16594531139936683f,-0.9856954953917432f,0.029437119237337203f,1.4950558713261468f,0f,0f,0f,1f], start_interpolation: 0, interpolation_duration: 1 }
$data merge entity $(bone_leftforearm) { transformation: [-0.9818730478508758f,0.0503701891855544f,0.18272427847837613f,1.0391420669614133f,-0.17805858388203413f,0.08529991036012069f,-0.9803157991170396f,2.550852686758176f,-0.06496505683793649f,-0.9950812878021407f,-0.07478483841044847f,0.792497537888059f,0f,0f,0f,1f], start_interpolation: 0, interpolation_duration: 1 }
$data merge entity $(bone_leftelbow) { transformation: [-0.9818730478508758f,-0.1008618112428277f,0.16047496046688373f,1.020230477353383f,-0.17805858388203413f,0.7810377267715447f,-0.5985609493321982f,2.6972972605278405f,-0.06496505683793649f,-0.6162848078545777f,-0.7848392045493713f,0.6769441364153257f,0f,0f,0f,1f], start_interpolation: 0, interpolation_duration: 1 }
$data merge entity $(bone_leftarm) { transformation: [-0.9818730478508758f,-0.1008618112428277f,0.16047496046688373f,0.75f,-0.17805858388203413f,0.7810377267715447f,-0.5985609493321982f,3.067570838356049f,-0.06496505683793649f,-0.6162848078545777f,-0.7848392045493713f,0.3791168514469061f,0f,0f,0f,1f], start_interpolation: 0, interpolation_duration: 1 }
$data merge entity $(bone_rightthumb2) { transformation: [-0.016631631568897343f,0.11873792427461782f,-0.9927863285573143f,-1.0695367011285044f,-0.5686082640257885f,0.8156101923589797f,0.10707313482721616f,1.5868574518768779f,0.8224402901809561f,0.5662873117588836f,0.05395043677266394f,-0.4868871294725412f,0f,0f,0f,1f], start_interpolation: 0, interpolation_duration: 1 }
$data merge entity $(bone_rightthumb) { transformation: [-0.016631631568897343f,0.11873792427461782f,-0.9927863285573143f,-1.1252581534072732f,-0.5686082640257885f,0.8156101923589797f,0.10707313482721616f,1.7960299368959718f,0.8224402901809561f,0.5662873117588836f,0.05395043677266394f,-0.3433989439680133f,0f,0f,0f,1f], start_interpolation: 0, interpolation_duration: 1 }
$data merge entity $(bone_rightpointerfinger) { transformation: [-0.2047939940631579f,-0.9784411689202609f,-0.026688929495439537f,-1.2740320806104686f,-0.8053450595006796f,0.15294131550935036f,0.5727375394961606f,1.5642421360296355f,-0.5563081476425685f,0.13878700577583858f,-0.8193042242624353f,-0.5577978847981533f,0f,0f,0f,1f], start_interpolation: 0, interpolation_duration: 1 }
$data merge entity $(bone_rightmidfinger) { transformation: [-0.2047939940631579f,-0.9784411689202609f,-0.026688929495439537f,-1.278202225844131f,-0.8053450595006796f,0.15294131550935036f,0.5727375394961606f,1.6537323765759107f,-0.5563081476425685f,0.13878700577583858f,-0.8193042242624353f,-0.6858141698391589f,0f,0f,0f,1f], start_interpolation: 0, interpolation_duration: 1 }
$data merge entity $(bone_rightringfinger) { transformation: [-0.3307541531446344f,-0.9433394888479772f,-0.026688929495439537f,-1.2823723710777934f,-0.7784923733281732f,0.25675150539335057f,0.5727375394961606f,1.7432226171221856f,-0.5334335149270651f,0.21021244791468718f,-0.8193042242624353f,-0.8138304548801644f,0f,0f,0f,1f], start_interpolation: 0, interpolation_duration: 1 }
$data merge entity $(bone_hugeasssword) { transformation: [-3.8875536036822282f,0.4650568700755865f,-0.10453164052380486f,-0.9900159936070128f,0.32182811646922327f,3.194473253406004f,2.2432220296932956f,1.7886280638815275f,0.35161259892809726f,2.2179586377222944f,-3.208941545027872f,-0.5818314983485736f,0f,0f,0f,1f], start_interpolation: 0, interpolation_duration: 1 }
$data merge entity $(bone_ice) { transformation: [-0.992566877535888f,0.11873792427461782f,-0.026688929495439537f,-0.9763624162123054f,0.08216888080065274f,0.8156101923589797f,0.5727375394961606f,1.7746002658634081f,0.08977342951355674f,0.5662873117588836f,-0.8193042242624353f,-0.5920824474309555f,0f,0f,0f,1f], start_interpolation: 0, interpolation_duration: 1 }
$data merge entity $(bone_righthand) { transformation: [-0.992566877535888f,0.11873792427461782f,-0.026688929495439537f,-1.1956536835743554f,0.08216888080065274f,0.8156101923589797f,0.5727375394961606f,2.0169430822625714f,0.08977342951355674f,0.5662873117588836f,-0.8193042242624353f,-0.4536705191210465f,0f,0f,0f,1f], start_interpolation: 0, interpolation_duration: 1 }
$data merge entity $(bone_rightforearm) { transformation: [-0.992566877535888f,0.117669361896735f,-0.031063079201402857f,-1.0503966230321988f,0.08216888080065274f,0.8362389564250807f,0.5421740336691345f,2.5913165741728355f,0.08977342951355674f,0.5355915692278088f,-0.8396918496242936f,-0.06957335120196109f,0f,0f,0f,1f], start_interpolation: 0, interpolation_duration: 1 }
$data merge entity $(bone_rightelbow) { transformation: [-0.992566877535888f,0.11900706083921812f,-0.025461993030162687f,-1.0280827991248453f,0.08216888080065274f,0.8096554247612f,0.581125088240672f,2.7431269663155606f,0.08977342951355674f,0.5747133308225686f,-0.8134158338317511f,0.038185398327270526f,0f,0f,0f,1f], start_interpolation: 0, interpolation_duration: 1 }
$data merge entity $(bone_rightarm) { transformation: [-0.992566877535888f,0.12130468251850753f,-0.00980650894770984f,-0.75f,0.08216888080065274f,0.727415377418583f,0.6812599677971314f,3.067570838356049f,0.08977342951355674f,0.6753902891618033f,-0.7319758798343767f,0.37911685144690593f,0f,0f,0f,1f], start_interpolation: 0, interpolation_duration: 1 }
$data merge entity $(bone_chest) { transformation: [-1.0833333333333333f,-4.547288103636869e-17f,1.2463372151848658e-16f,-0.002323125000000027f,0f,1.0177115687989504f,0.37131425214215785f,2.9547067095379047f,-1.3267006990762992e-16f,0.37131425214215785f,-1.0177115687989504f,0.22077151329512254f,0f,0f,0f,1f], start_interpolation: 0, interpolation_duration: 1 }
$data merge entity $(bone_chest1lid) { transformation: [-1f,-4.197496711049418e-17f,1.150465121709107e-16f,-0.3437500000000001f,0f,0.9394260635067235f,0.3427516173619919f,2.1785312048891905f,-1.2246467991473532e-16f,0.3427516173619919f,-0.9394260635067235f,0.35413375465899133f,0f,0f,0f,1f], start_interpolation: 0, interpolation_duration: 1 }
$data merge entity $(bone_chest1) { transformation: [-1f,-4.197496711049418e-17f,1.150465121709107e-16f,-0.3437500000000001f,0f,0.9394260635067235f,0.3427516173619919f,2.031745882466265f,-1.2246467991473532e-16f,0.3427516173619919f,-0.9394260635067235f,0.3005788144461801f,0f,0f,0f,1f], start_interpolation: 0, interpolation_duration: 1 }
$data merge entity $(bone_chest1lid3) { transformation: [-1f,-4.197496711049418e-17f,1.150465121709107e-16f,-0.28125f,0f,0.9394260635067235f,0.3427516173619919f,2.3981064597617165f,-1.2246467991473532e-16f,0.3427516173619919f,-0.9394260635067235f,-0.24768606727500345f,0f,0f,0f,1f], start_interpolation: 0, interpolation_duration: 1 }
$data merge entity $(bone_chest3) { transformation: [-1f,-4.197496711049418e-17f,1.150465121709107e-16f,-0.28125f,0f,0.9394260635067235f,0.3427516173619919f,2.251321137338791f,-1.2246467991473532e-16f,0.3427516173619919f,-0.9394260635067235f,-0.3012410074878147f,0f,0f,0f,1f], start_interpolation: 0, interpolation_duration: 1 }
$data merge entity $(bone_hugeasssword2) { transformation: [-1.3202735419591063e-15f,2.887669569172986f,-2.646061646494669f,-1.234375f,-1.3424438346678014f,2.485779276362607f,2.7127520560763347f,4.135528758373519f,3.6794187487346672f,0.9069419089755837f,0.989753415241046f,0.36958369499387655f,0f,0f,0f,1f], start_interpolation: 0, interpolation_duration: 1 }
$data merge entity $(bone_belt) { transformation: [-1f,-4.197496711049418e-17f,1.150465121709107e-16f,0.02970562499999997f,0f,0.9394260635067235f,0.3427516173619919f,2.535638082069543f,-1.2246467991473532e-16f,0.3427516173619919f,-0.9394260635067235f,0.20721648182950916f,0f,0f,0f,1f], start_interpolation: 0, interpolation_duration: 1 }
$data merge entity $(bone_torn_part) { transformation: [-1f,-7.101917798661128e-17f,9.97691043596393e-17f,-0.09375000000000001f,0f,0.8146765616755987f,0.5799155971832664f,2.270604483741224f,-1.2246467991473532e-16f,0.5799155971832664f,-0.8146765616755987f,0.11040389517208984f,0f,0f,0f,1f], start_interpolation: 0, interpolation_duration: 1 }
$data merge entity $(bone_lowerbody) { transformation: [-1f,-3.7731045581745926e-17f,1.1650736468535706e-16f,0.0039062499999999883f,0f,0.9513548295432939f,0.30809736822090866f,1.7627495659722223f,-1.2246467991473532e-16f,0.30809736822090866f,-0.9513548295432939f,0.09375f,0f,0f,0f,1f], start_interpolation: 0, interpolation_duration: 1 }
$data merge entity $(bone_leftfoot) { transformation: [-0.9238795325112867f,0.01696754674869047f,-0.3823070909152184f,0.15871401837582988f,0f,0.9990165723989012f,0.04433833637329532f,0.15705406174994974f,0.3826834323650896f,0.04096328148088829f,-0.9229709638789247f,-0.3801690401963864f,0f,0f,0f,1f], start_interpolation: 0, interpolation_duration: 1 }
$data merge entity $(bone_leftlowerleg) { transformation: [-0.9238795325112867f,0.2583340691157541f,-0.2823298038479517f,0.4886821154694655f,0f,0.7377633311770916f,0.6750594545449174f,0.8717903254688227f,0.3826834323650896f,0.6236736132822825f,-0.681604441511861f,0.4164444149575116f,0f,0f,0f,1f], start_interpolation: 0, interpolation_duration: 1 }
$data merge entity $(bone_leftleg) { transformation: [-0.9238795325112867f,-0.20538333819312757f,-0.32289982006711226f,0.25f,0f,0.8437778925298699f,-0.5366925265716408f,1.7822808159722223f,0.3826834323650896f,-0.4958392405513089f,-0.779549124893855f,-0.07812499999999997f,0f,0f,0f,1f], start_interpolation: 0, interpolation_duration: 1 }
$data merge entity $(bone_rightfoot) { transformation: [-0.9238795325112867f,-0.016417278355743053f,0.38233111615210763f,-0.47670797949246857f,0f,0.9990793533683836f,0.04290041576736073f,0.17706898287487638f,-0.38268343236508984f,0.03963481606368918f,-0.9230289659316612f,0.3875362934841456f,0f,0f,0f,1f], start_interpolation: 0, interpolation_duration: 1 }
$data merge entity $(bone_rightlowerleg) { transformation: [-0.9238795325112867f,-0.08255896459327224f,0.37367181693568113f,-0.6257098706960983f,0f,0.9764515140524519f,0.215736971112219f,1.2271728395146715f,-0.38268343236508984f,0.19931497201655798f,-0.9021235683227176f,0.7472586800471888f,0f,0f,0f,1f], start_interpolation: 0, interpolation_duration: 1 }
$data merge entity $(bone_rightleg) { transformation: [-0.9238795325112867f,0.3311378345230893f,0.19181851827726498f,-0.25f,0f,0.5012459439170733f,-0.8653048617144609f,1.7822808159722223f,-0.38268343236508984f,-0.7994374511204997f,-0.4630908683392845f,-0.07812500000000003f,0f,0f,0f,1f], start_interpolation: 0, interpolation_duration: 1 }
data modify entity @s data merge value {"locators":{"lefthand":{"posx":0.8652639825413481,"posy":2.4370689416105735,"posz":1.793018205833495,"roty":98.14605259013547,"rotx":-78.00964438056408},"righthand":{"posx":-1.0708538265247196,"posy":1.7606106651282327,"posz":-0.5797127991561916,"roty":358.13424313672755,"rotx":34.94134417797099},"chest":{"posx":-0.3750000000000001,"posy":2.066262135707209,"posz":0.47949710099679244,"roty":0,"rotx":20.044606413994174},"sack":{"posx":0,"posy":-0.4375,"posz":0,"roty":0,"rotx":0}},"cameras":{}}