# This file was generated by Animated Java via MC-Build. It is not recommended to edit this file directly.
$data merge entity $(bone_nose) { transformation: [-1f,-3.862430802411097e-17f,1.1621428765981046e-16f,-1.5139398079419484e-16f,0f,0.9489616740167317f,0.31539140959665035f,3.4459049454731696f,-1.2246467991473532e-16f,0.31539140959665035f,-0.9489616740167317f,1.2336283077290378f,0f,0f,0f,1f], start_interpolation: 0, interpolation_duration: 1 }
$data merge entity $(bone_glowing_eye) { transformation: [-1f,-3.862430802411097e-17f,1.1621428765981046e-16f,-0.12500000000000014f,0f,0.9489616740167317f,0.31539140959665035f,3.4991515807601976f,-1.2246467991473532e-16f,0.31539140959665035f,-0.9489616740167317f,1.2880974794297941f,0f,0f,0f,1f], start_interpolation: 0, interpolation_duration: 1 }
$data merge entity $(bone_head) { transformation: [-1f,-3.862430802411097e-17f,1.1621428765981046e-16f,-1.2486306550460238e-16f,0f,0.9489616740167317f,0.31539140959665035f,3.387788741874836f,-1.2246467991473532e-16f,0.31539140959665035f,-0.9489616740167317f,1.0169869438021955f,0f,0f,0f,1f], start_interpolation: 0, interpolation_duration: 1 }
$data merge entity $(bone_leftthumb2) { transformation: [-0.9986307201755945f,-0.04803876135595638f,-0.020711400941486796f,0.9342255417234366f,-0.05115071723311736f,0.9796551957006804f,0.1940600465402373f,1.1991396905400977f,0.010967627278095254f,0.1948537270468463f,-0.9807709907046813f,0.6419945741152004f,0f,0f,0f,1f], start_interpolation: 0, interpolation_duration: 1 }
$data merge entity $(bone_leftthumb) { transformation: [-0.9986307201755945f,-0.04803876135595638f,-0.020711400941486796f,0.9206744512456414f,-0.05115071723311736f,0.9796551957006804f,0.1940600465402373f,1.4559766662989342f,0.010967627278095254f,0.1948537270468463f,-0.9807709907046813f,0.6059667523323413f,0f,0f,0f,1f], start_interpolation: 0, interpolation_duration: 1 }
$data merge entity $(bone_leftpointerfinger) { transformation: [-0.9986307201755945f,-0.047516009755643775f,-0.021884093275141975f,1.0307910170061696f,-0.051150717233117364f,0.974597669922258f,0.21804354131375442f,1.1463892971569563f,0.010967627278095252f,0.21886436575881155f,-0.975693650974978f,0.4862690097127552f,0f,0f,0f,1f], start_interpolation: 0, interpolation_duration: 1 }
$data merge entity $(bone_leftmidfinger) { transformation: [-0.9986307201755945f,-0.047516009755643775f,-0.021884093275141975f,1.0273716274319287f,-0.051150717233117364f,0.974597669922258f,0.21804354131375442f,1.1804586004872304f,0.010967627278095252f,0.21886436575881155f,-0.975693650974978f,0.33381687674791494f,0f,0f,0f,1f], start_interpolation: 0, interpolation_duration: 1 }
$data merge entity $(bone_leftringfinger) { transformation: [-0.9986307201755945f,-0.047516009755643775f,-0.021884093275141975f,1.0239522378576877f,-0.051150717233117364f,0.974597669922258f,0.21804354131375442f,1.2145279038175045f,0.010967627278095252f,0.21886436575881155f,-0.975693650974978f,0.18136474378307463f,0f,0f,0f,1f], start_interpolation: 0, interpolation_duration: 1 }
$data merge entity $(bone_invisibility) { transformation: [-0.0003714787745561167f,0.021935186774722386f,0.9997593258303108f,0.8418890653899133f,0.9912235959954727f,-0.13215560454994463f,0.003267862886067534f,1.2456428261699513f,0.13219547929231013f,0.9909862480212308f,-0.021693581711643907f,0.5447151611517073f,0f,0f,0f,1f], start_interpolation: 0, interpolation_duration: 1 }
$data merge entity $(bone_swiftness) { transformation: [-0.021884093275142198f,0.001541712309993331f,0.999759325830311f,0.7855064341005199f,0.21804354131375442f,0.9759335710813082f,0.0032678628860674805f,1.154197915251681f,-0.975693650974978f,0.21806257808170182f,-0.02169358171164392f,0.33337311824361654f,0f,0f,0f,1f], start_interpolation: 0, interpolation_duration: 1 }
$data merge entity $(bone_suspicious_stew) { transformation: [-0.007851351587794616f,0.02048527992405129f,0.9997593258303112f,0.8377135301362931f,0.9766453775152809f,0.2148327899790726f,0.0032678628860675412f,1.2407791040218439f,-0.21471414218974813f,0.9764359813404262f,-0.021693581711643685f,0.35155091824631907f,0f,0f,0f,1f], start_interpolation: 0, interpolation_duration: 1 }
$data merge entity $(bone_log) { transformation: [-0.999759325830311f,0.001541712309993331f,-0.021884093275141975f,0.7431529905061784f,-0.003267862886067432f,0.9759335710813082f,0.21804354131375442f,1.3726852292605207f,0.021693581711643706f,0.21806257808170182f,-0.975693650974978f,0.33510687390254634f,0f,0f,0f,1f], start_interpolation: 0, interpolation_duration: 1 }
$data merge entity $(bone_planks) { transformation: [-0.999759325830311f,0.001541712309993331f,-0.021884093275141975f,0.6494255537095868f,-0.003267862886067432f,0.9759335710813082f,0.21804354131375442f,1.372378867114952f,0.021693581711643706f,0.21806257808170182f,-0.975693650974978f,0.3371406471880129f,0f,0f,0f,1f], start_interpolation: 0, interpolation_duration: 1 }
$data merge entity $(bone_lefthand) { transformation: [-0.999759325830311f,0.001541712309993331f,-0.021884093275141975f,0.9941621279561027f,-0.003267862886067432f,0.9759335710813082f,0.21804354131375442f,1.61067172708631f,0.021693581711643706f,0.21806257808170182f,-0.975693650974978f,0.41468954958802884f,0f,0f,0f,1f], start_interpolation: 0, interpolation_duration: 1 }
$data merge entity $(bone_leftforearm) { transformation: [-0.999590407586994f,0.026055875822054365f,-0.011836739213684827f,0.9501932142195114f,0.023274743489626843f,0.9808170356626623f,0.19353611773878215f,2.2987393749150526f,0.016652428518362548f,0.19318134974436163f,-0.9810217442724638f,0.566889427663688f,0f,0f,0f,1f], start_interpolation: 0, interpolation_duration: 1 }
$data merge entity $(bone_leftelbow) { transformation: [-0.999590407586994f,0.026354242885373753f,-0.01115665460636961f,0.955134634760519f,0.023274743489626843f,0.9754649031620956f,0.21892123929499274f,2.4816390442579457f,0.016652428518362548f,0.21857190254216607f,-0.9756787483816272f,0.6078716593903442f,0f,0f,0f,1f], start_interpolation: 0, interpolation_duration: 1 }
$data merge entity $(bone_leftarm) { transformation: [-0.999590407586994f,0.026354242885373753f,-0.01115665460636961f,0.7499999999999999f,0.023274743489626843f,0.9754649031620956f,0.21892123929499274f,2.9676215572493807f,0.016652428518362548f,0.21857190254216607f,-0.9756787483816272f,0.7512902902867449f,0f,0f,0f,1f], start_interpolation: 0, interpolation_duration: 1 }
$data merge entity $(bone_rightthumb2) { transformation: [-0.033637342989109205f,0.00527717738792374f,-0.9994201721775728f,-0.8761554562155703f,-0.014581147495668377f,0.9998770390663287f,0.005770345367540673f,1.2393036301499214f,0.999327733676166f,0.014766792026961205f,-0.03355625960815492f,0.7975545531425747f,0f,0f,0f,1f], start_interpolation: 0, interpolation_duration: 1 }
$data merge entity $(bone_rightthumb) { transformation: [-0.033637342989109205f,0.00527717738792374f,-0.9994201721775728f,-0.9602692174038774f,-0.014581147495668377f,0.9998770390663287f,0.005770345367540673f,1.4850090941923921f,0.999327733676166f,0.014766792026961205f,-0.03355625960815492f,0.7983083640807829f,0f,0f,0f,1f], start_interpolation: 0, interpolation_duration: 1 }
$data merge entity $(bone_rightpointerfinger) { transformation: [-0.09240727711892914f,-0.995671190529548f,-0.009988767938935713f,-1.0718370350665174f,-0.9956251978506587f,0.09225434179635097f,0.014818968403988778f,1.1581800459535583f,-0.013833312701656404f,0.01131444957541124f,-0.999840298592982f,0.7476964369855424f,0f,0f,0f,1f], start_interpolation: 0, interpolation_duration: 1 }
$data merge entity $(bone_rightmidfinger) { transformation: [-0.09240727711892914f,-0.995671190529548f,-0.009988767938935713f,-1.073397780056976f,-0.9956251978506587f,0.09225434179635097f,0.014818968403988778f,1.1604955097666816f,-0.013833312701656404f,0.01131444957541124f,-0.999840298592982f,0.591471390330389f,0f,0f,0f,1f], start_interpolation: 0, interpolation_duration: 1 }
$data merge entity $(bone_rightringfinger) { transformation: [-0.22157788925613528f,-0.9750915154527076f,-0.009988767938935713f,-1.0749585250474347f,-0.9750658783128741f,0.22142025906719717f,0.014818968403988778f,1.162810973579805f,-0.012238134773690094f,0.01302326252355105f,-0.999840298592982f,0.4352463436752355f,0f,0f,0f,1f], start_interpolation: 0, interpolation_duration: 1 }
$data merge entity $(bone_hugeasssword) { transformation: [-3.916416728189882f,0.020668944769367984f,-0.039122674427498214f,-0.80656172951579f,0.020087927512997362f,3.9161850696764544f,0.058040959582289386f,1.3620016407978943f,0.03942415630640393f,0.05783660210559806f,-3.9160411694891795f,0.607419686898154f,0f,0f,0f,1f], start_interpolation: 0, interpolation_duration: 1 }
$data merge entity $(bone_ice) { transformation: [-0.9999361859208209f,0.00527717738792374f,-0.009988767938935713f,-0.7910201825074635f,0.005128832556509965f,0.9998770390663287f,0.014818968403988778f,1.3462984240537876f,0.010065742035677599f,0.014766792026961205f,-0.999840298592982f,0.6070316785534252f,0f,0f,0f,1f], start_interpolation: 0, interpolation_duration: 1 }
$data merge entity $(bone_righthand) { transformation: [-0.9999361859208209f,0.00527717738792374f,-0.009988767938935713f,-1.0399970836387795f,0.005128832556509965f,0.9998770390663287f,0.014818968403988778f,1.5980129847221218f,0.010065742035677599f,0.014766792026961205f,-0.999840298592982f,0.5819948027380543f,0f,0f,0f,1f], start_interpolation: 0, interpolation_duration: 1 }
$data merge entity $(bone_rightforearm) { transformation: [-0.9999361859208209f,0.005336868818228419f,-0.009957003431682888f,-0.9735930079522913f,0.005128832556509965f,0.9997704328469948f,0.02080328535447121f,2.3003309669492196f,0.010065742035677599f,0.020750890008606866f,-0.9997340053239769f,0.6115770072313133f,0f,0f,0f,1f], start_interpolation: 0, interpolation_duration: 1 }
$data merge entity $(bone_rightelbow) { transformation: [-0.9999361859208209f,0.00521729690613444f,-0.010020174605003826f,-0.9726147647823911f,0.005128832556509965f,0.999947825334052f,0.008834120573497695f,2.4878211841993543f,0.010065742035677599f,0.008782165034492029f,-0.9999107732265804f,0.6132236631752805f,0f,0f,0f,1f], start_interpolation: 0, interpolation_duration: 1 }
$data merge entity $(bone_rightarm) { transformation: [-0.9999361859208209f,0.007214089914239444f,-0.00869373296293326f,-0.7500000000000001f,0.005128832556509965f,0.9755711106067712f,0.2196240042119213f,2.9676215572493807f,0.010065742035677599f,0.21956540040766914f,-0.9755458552938918f,0.7512902902867448f,0f,0f,0f,1f], start_interpolation: 0, interpolation_duration: 1 }
$data merge entity $(bone_chest) { transformation: [-1.0833333333333333f,-7.719764679275528e-17f,1.0789750126372903e-16f,-0.00232312500000007f,0f,0.8810499593748293f,0.6303666236379607f,2.9012995890715474f,-1.3267006990762992e-16f,0.6303666236379607f,-0.8810499593748293f,0.5684981837140054f,0f,0f,0f,1f], start_interpolation: 0, interpolation_duration: 1 }
$data merge entity $(bone_chest1lid) { transformation: [-1f,-7.125936627023565e-17f,9.959769347421142e-17f,-0.34375f,0f,0.8132768855767656f,0.5818768833581176f,2.1177663115995142f,-1.2246467991473532e-16f,0.5818768833581176f,-0.8132768855767656f,0.4890657940217984f,0f,0f,0f,1f], start_interpolation: 0, interpolation_duration: 1 }
$data merge entity $(bone_chest1) { transformation: [-1f,-7.125936627023565e-17f,9.959769347421142e-17f,-0.34375f,0f,0.8132768855767656f,0.5818768833581176f,1.9906917982281445f,-1.2246467991473532e-16f,0.5818768833581176f,-0.8132768855767656f,0.39814753099709255f,0f,0f,0f,1f], start_interpolation: 0, interpolation_duration: 1 }
$data merge entity $(bone_chest1lid3) { transformation: [-1f,-7.125936627023565e-17f,9.959769347421142e-17f,-0.28124999999999994f,0f,0.8132768855767656f,0.5818768833581176f,2.4905311900008082f,-1.2246467991473532e-16f,0.5818768833581176f,-0.8132768855767656f,-0.03193971080081706f,0f,0f,0f,1f], start_interpolation: 0, interpolation_duration: 1 }
$data merge entity $(bone_chest3) { transformation: [-1f,-7.125936627023565e-17f,9.959769347421142e-17f,-0.28124999999999994f,0f,0.8132768855767656f,0.5818768833581176f,2.3634566766294385f,-1.2246467991473532e-16f,0.5818768833581176f,-0.8132768855767656f,-0.12285797382552294f,0f,0f,0f,1f], start_interpolation: 0, interpolation_duration: 1 }
$data merge entity $(bone_hugeasssword2) { transformation: [-1.2597656687303674e-15f,2.887669569172986f,-2.646061646494669f,-1.2343750000000004f,-2.2790177931526276f,2.1519807749053133f,2.3484749137918066f,3.9991022740854403f,3.185334468508999f,1.539682104035768f,1.6802681690784542f,1.0281883415535753f,0f,0f,0f,1f], start_interpolation: 0, interpolation_duration: 1 }
$data merge entity $(bone_belt) { transformation: [-1f,-7.125936627023565e-17f,9.959769347421142e-17f,0.029705624999999947f,0f,0.8132768855767656f,0.5818768833581176f,2.5011778685159682f,-1.2246467991473532e-16f,0.5818768833581176f,-0.8132768855767656f,0.4431791422801789f,0f,0f,0f,1f], start_interpolation: 0, interpolation_duration: 1 }
$data merge entity $(bone_torn_part) { transformation: [-1f,-9.900057260005579e-17f,7.20866454447678e-17f,-0.09375000000000004f,0f,0.5886321304637168f,0.808401023617453f,2.272618909015394f,-1.2246467991473532e-16f,0.808401023617453f,-0.5886321304637168f,0.27064971709476365f,0f,0f,0f,1f], start_interpolation: 0, interpolation_duration: 1 }
$data merge entity $(bone_lowerbody) { transformation: [-1f,-7.27416518704037e-17f,9.852030201833311e-17f,0.0039062499999999883f,0f,0.8044793167052474f,0.5939806638211872f,1.7962782118055556f,-1.2246467991473532e-16f,0.5939806638211872f,-0.8044793167052474f,0.09375f,0f,0f,0f,1f], start_interpolation: 0, interpolation_duration: 1 }
$data merge entity $(bone_leftfoot) { transformation: [-0.9238795325112867f,0.025910900508856666f,-0.38180523129148736f,0.1569936008921216f,0f,0.9977051500030334f,0.06770844598293718f,0.1580145416290829f,0.38268343236508956f,0.06255444742178173f,-0.9217593675689059f,-0.38432249541849883f,0f,0f,0f,1f], start_interpolation: 0, interpolation_duration: 1 }
$data merge entity $(bone_leftlowerleg) { transformation: [-0.9238795325112867f,0.2516552946822465f,-0.2882988415951714f,0.48046954913390494f,0f,0.7533611784900243f,0.6576069758937488f,0.8927361642008986f,0.38268343236508956f,0.6075496254648778f,-0.6960149733955158f,0.39661752592831234f,0f,0f,0f,1f], start_interpolation: 0, interpolation_duration: 1 }
$data merge entity $(bone_leftleg) { transformation: [-0.9238795325112867f,-0.1977695168231597f,-0.3276184177091697f,0.25f,0f,0.8561081823804004f,-0.5167966525252722f,1.8158094618055556f,0.38268343236508956f,-0.47745784973844635f,-0.7909408273166918f,-0.07812499999999997f,0f,0f,0f,1f], start_interpolation: 0, interpolation_duration: 1 }
$data merge entity $(bone_rightfoot) { transformation: [-0.9238795325112867f,-0.007464216808445237f,0.3826106308953827f,-0.4758331075043015f,2.7755575615628914e-17f,0.9998097605917842f,0.019504938487444667f,0.15996606333844654f,-0.38268343236508984f,0.018020213451441724f,-0.9237037742157591f,0.3854241656649724f,0f,0f,0f,1f], start_interpolation: 0, interpolation_duration: 1 }
$data merge entity $(bone_rightlowerleg) { transformation: [-0.9238795325112867f,-0.07379045739409863f,0.3755017680441678f,-0.6153886000156309f,2.7755575615628914e-17f,0.9812334067442183f,0.19282375758483494f,1.2188953471963433f,-0.38268343236508984f,0.17814592301454696f,-0.9065414611073058f,0.7223409283894806f,0f,0f,0f,1f], start_interpolation: 0, interpolation_duration: 1 }
$data merge entity $(bone_rightleg) { transformation: [-0.9238795325112867f,0.3217983655472241f,0.20710485590121114f,-0.25f,2.7755575615628914e-17f,0.5411910691331623f,-0.840899653163506f,1.8158094618055556f,-0.38268343236508984f,-0.7768899784536032f,-0.4999953519500294f,-0.07812500000000003f,0f,0f,0f,1f], start_interpolation: 0, interpolation_duration: 1 }
data modify entity @s data merge value {"locators":{"lefthand":{"posx":0.8371019199859759,"posy":1.2933398508323353,"posz":0.3312821750009307,"roty":358.71511310577296,"rotx":12.594146704952507},"righthand":{"posx":-0.8846905813351809,"posy":1.3309246269892365,"posz":0.6233671154093641,"roty":359.42761338286664,"rotx":0.8490954253709062},"chest":{"posx":-0.375,"posy":1.9760182432262603,"posz":0.5797730021832856,"roty":0,"rotx":35.58266117969822},"sack":{"posx":0,"posy":-0.4375,"posz":0,"roty":0,"rotx":0}},"cameras":{}}