# This file was generated by Animated Java via MC-Build. It is not recommended to edit this file directly.
$data merge entity $(bone_nose) {transformation: [-0.9914f,-0.1205f,-0.0504f,0.0573f,-0.1302f,0.9418f,0.31f,3.7872f,0.0102f,0.3139f,-0.9494f,0.9717f,0f,0f,0f,1f],start_interpolation: 0,interpolation_duration: 1}
$data merge entity $(bone_glowing_eye) {transformation: [-0.9914f,-0.1205f,-0.0504f,-0.073f,-0.1302f,0.9418f,0.31f,3.8239f,0.0102f,0.3139f,-0.9494f,1.0273f,0f,0f,0f,1f],start_interpolation: 0,interpolation_duration: 1}
$data merge entity $(bone_head) {transformation: [-0.9914f,-0.1205f,-0.0504f,0.0627f,-0.1302f,0.9418f,0.31f,3.7289f,0.0102f,0.3139f,-0.9494f,0.7551f,0f,0f,0f,1f],start_interpolation: 0,interpolation_duration: 1}
$data merge entity $(bone_leftthumb2) {transformation: [-0.5323f,0.5865f,0.6104f,0.486f,-0.0225f,0.711f,-0.7028f,2.3783f,-0.8463f,-0.3878f,-0.3653f,0.3694f,0f,0f,0f,1f],start_interpolation: 0,interpolation_duration: 1}
$data merge entity $(bone_leftthumb) {transformation: [-0.5323f,0.5865f,0.6104f,0.682f,-0.0225f,0.711f,-0.7028f,2.4926f,-0.8463f,-0.3878f,-0.3653f,0.2431f,0f,0f,0f,1f],start_interpolation: 0,interpolation_duration: 1}
$data merge entity $(bone_leftpointerfinger) {transformation: [0.7741f,0.1677f,0.6104f,0.5175f,0.627f,-0.3361f,-0.7028f,2.2107f,0.0873f,0.9268f,-0.3653f,0.3824f,0f,0f,0f,1f],start_interpolation: 0,interpolation_duration: 1}
$data merge entity $(bone_leftmidfinger) {transformation: [0.7456f,0.2673f,0.6104f,0.6084f,0.6655f,-0.2513f,-0.7028f,2.0931f,-0.0344f,0.9302f,-0.3653f,0.3327f,0f,0f,0f,1f],start_interpolation: 0,interpolation_duration: 1}
$data merge entity $(bone_leftringfinger) {transformation: [0.7456f,0.2673f,0.6104f,0.7038f,0.6655f,-0.2513f,-0.7028f,1.9833f,-0.0344f,0.9302f,-0.3653f,0.2756f,0f,0f,0f,1f],start_interpolation: 0,interpolation_duration: 1}
$data merge entity $(bone_invisibility) {transformation: [0.6375f,-0.557f,0.5323f,0.5216f,0.6471f,0.7621f,0.0225f,2.3244f,-0.4182f,0.3301f,0.8463f,0.2561f,0f,0f,0f,1f],start_interpolation: 0,interpolation_duration: 1}
$data merge entity $(bone_swiftness) {transformation: [0.6104f,0.5865f,0.5323f,0.5289f,-0.7028f,0.711f,0.0225f,2.0951f,-0.3653f,-0.3878f,0.8463f,0.196f,0f,0f,0f,1f],start_interpolation: 0,interpolation_duration: 1}
$data merge entity $(bone_suspicious_stew) {transformation: [0.7896f,-0.3054f,0.5323f,0.6086f,0.3474f,0.9374f,0.0225f,2.1593f,-0.5059f,0.1672f,0.8463f,0.2058f,0f,0f,0f,1f],start_interpolation: 0,interpolation_duration: 1}
$data merge entity $(bone_log) {transformation: [-0.5323f,0.5865f,0.6104f,0.6606f,-0.0225f,0.711f,-0.7028f,2.2131f,-0.8463f,-0.3878f,-0.3653f,0.0608f,0f,0f,0f,1f],start_interpolation: 0,interpolation_duration: 1}
$data merge entity $(bone_planks) {transformation: [-0.5323f,0.5865f,0.6104f,0.6107f,-0.0225f,0.711f,-0.7028f,2.211f,-0.8463f,-0.3878f,-0.3653f,-0.0185f,0f,0f,0f,1f],start_interpolation: 0,interpolation_duration: 1}
$data merge entity $(bone_lefthand1) {transformation: [-0.5323f,0.5865f,0.6104f,0.9213f,-0.0225f,0.711f,-0.7028f,2.4184f,-0.8463f,-0.3878f,-0.3653f,0.1869f,0f,0f,0f,1f],start_interpolation: 0,interpolation_duration: 1}
$data merge entity $(bone_leftforearm) {transformation: [-0.5323f,0.5865f,0.6104f,1.2909f,-0.0225f,0.711f,-0.7028f,2.928f,-0.8463f,-0.3878f,-0.3653f,-0.133f,0f,0f,0f,1f],start_interpolation: 0,interpolation_duration: 1}
$data merge entity $(bone_leftelbow) {transformation: [-0.5323f,0.5865f,0.6104f,1.4008f,-0.0225f,0.711f,-0.7028f,3.0613f,-0.8463f,-0.3878f,-0.3653f,-0.2057f,0f,0f,0f,1f],start_interpolation: 0,interpolation_duration: 1}
$data merge entity $(bone_leftarm) {transformation: [-0.8198f,-0.4304f,0.3777f,0.7949f,-0.0833f,0.7422f,0.665f,3.3576f,-0.5665f,0.5138f,-0.6443f,0.1392f,0f,0f,0f,1f],start_interpolation: 0,interpolation_duration: 1}
$data merge entity $(bone_rightthumb2) {transformation: [-0.0458f,0.4179f,-0.9073f,-1.0948f,-0.6351f,0.6889f,0.3494f,2.1801f,0.7711f,0.5922f,0.2339f,0.5212f,0f,0f,0f,1f],start_interpolation: 0,interpolation_duration: 1}
$data merge entity $(bone_rightthumb) {transformation: [-0.0458f,0.4179f,-0.9073f,-1.0699f,-0.6351f,0.6889f,0.3494f,2.379f,0.7711f,0.5922f,0.2339f,0.6864f,0f,0f,0f,1f],start_interpolation: 0,interpolation_duration: 1}
$data merge entity $(bone_rightpointerfinger) {transformation: [0.4301f,-0.1836f,-0.8839f,-1.0218f,-0.8553f,-0.3962f,-0.3339f,2.0358f,-0.2889f,0.8996f,-0.3275f,0.7633f,0f,0f,0f,1f],start_interpolation: 0,interpolation_duration: 1}
$data merge entity $(bone_rightmidfinger) {transformation: [0.4025f,-0.2382f,-0.8839f,-1.1582f,-0.8997f,-0.2812f,-0.3339f,1.9737f,-0.169f,0.9296f,-0.3275f,0.7178f,0f,0f,0f,1f],start_interpolation: 0,interpolation_duration: 1}
$data merge entity $(bone_rightringfinger) {transformation: [0.4025f,-0.2382f,-0.8839f,-1.2963f,-0.8997f,-0.2812f,-0.3339f,1.9215f,-0.169f,0.9296f,-0.3275f,0.6666f,0f,0f,0f,1f],start_interpolation: 0,interpolation_duration: 1}
$data merge entity $(bone_hugeasssword) {transformation: [-1.4652f,-1.0994f,-3.4619f,-1.1421f,0.331f,3.677f,-1.3078f,2.1858f,3.6172f,-0.7818f,-1.2826f,0.5057f,0f,0f,0f,1f],start_interpolation: 0,interpolation_duration: 1}
$data merge entity $(bone_ice) {transformation: [-0.3741f,-0.2807f,-0.8839f,-1.1318f,0.0845f,0.9388f,-0.3339f,2.1698f,0.9235f,-0.1996f,-0.3275f,0.4944f,0f,0f,0f,1f],start_interpolation: 0,interpolation_duration: 1}
$data merge entity $(bone_righthand1) {transformation: [-0.3741f,-0.2807f,-0.8839f,-1.3232f,0.0845f,0.9388f,-0.3339f,2.4152f,0.9235f,-0.1996f,-0.3275f,0.6651f,0f,0f,0f,1f],start_interpolation: 0,interpolation_duration: 1}
$data merge entity $(bone_rightforearm) {transformation: [-0.3741f,-0.2807f,-0.8839f,-1.4833f,0.0845f,0.9388f,-0.3339f,3.0752f,0.9235f,-0.1996f,-0.3275f,0.4722f,0f,0f,0f,1f],start_interpolation: 0,interpolation_duration: 1}
$data merge entity $(bone_rightelbow) {transformation: [-0.3741f,-0.2807f,-0.8839f,-1.536f,0.0845f,0.9388f,-0.3339f,3.2513f,0.9235f,-0.1996f,-0.3275f,0.4347f,0f,0f,0f,1f],start_interpolation: 0,interpolation_duration: 1}
$data merge entity $(bone_rightarm) {transformation: [-0.5433f,0.7389f,-0.3984f,-0.8788f,0.1445f,0.5499f,0.8226f,3.3619f,0.827f,0.3894f,-0.4056f,0.5642f,0f,0f,0f,1f],start_interpolation: 0,interpolation_duration: 1}
$data merge entity $(bone_chest1) {transformation: [-1.0486f,0.1965f,-0.1884f,-0.0728f,-0.0058f,0.7334f,0.7973f,3.3445f,0.2722f,0.7728f,-0.7088f,0.2339f,0f,0f,0f,1f],start_interpolation: 0,interpolation_duration: 1}
$data merge entity $(bone_chest1lid) {transformation: [-0.9679f,0.1814f,-0.1739f,-0.4592f,-0.0053f,0.677f,0.736f,2.592f,0.2512f,0.7133f,-0.6543f,0.0882f,0f,0f,0f,1f],start_interpolation: 0,interpolation_duration: 1}
$data merge entity $(bone_chest2) {transformation: [-0.9679f,0.1814f,-0.1739f,-0.4876f,-0.0053f,0.677f,0.736f,2.4863f,0.2512f,0.7133f,-0.6543f,-0.0233f,0f,0f,0f,1f],start_interpolation: 0,interpolation_duration: 1}
$data merge entity $(bone_chest1lid3) {transformation: [-0.9679f,0.1814f,-0.1739f,-0.5101f,-0.0053f,0.677f,0.736f,3.0639f,0.2512f,0.7133f,-0.6543f,-0.3466f,0f,0f,0f,1f],start_interpolation: 0,interpolation_duration: 1}
$data merge entity $(bone_chest3) {transformation: [-0.9679f,0.1814f,-0.1739f,-0.5385f,-0.0053f,0.677f,0.736f,2.9581f,0.2512f,0.7133f,-0.6543f,-0.4581f,0f,0f,0f,1f],start_interpolation: 0,interpolation_duration: 1}
$data merge entity $(bone_hugeasssword2) {transformation: [0.681f,3.275f,-2.0373f,-1.1009f,-2.8826f,1.8067f,1.9408f,4.3184f,2.5626f,1.162f,2.7245f,1.1977f,0f,0f,0f,1f],start_interpolation: 0,interpolation_duration: 1}
$data merge entity $(bone_belt) {transformation: [-0.9679f,0.1814f,-0.1739f,-0.0913f,-0.0053f,0.677f,0.736f,2.9787f,0.2512f,0.7133f,-0.6543f,0.0274f,0f,0f,0f,1f],start_interpolation: 0,interpolation_duration: 1}
$data merge entity $(bone_torn_part) {transformation: [-0.9962f,0.0536f,-0.0682f,-0.1801f,0.0046f,0.818f,0.5752f,2.6131f,0.0866f,0.5727f,-0.8152f,0.0205f,0f,0f,0f,1f],start_interpolation: 0,interpolation_duration: 1}
$data merge entity $(bone_lowerbody) {transformation: [-0.9962f,0.0306f,-0.0811f,-0.0863f,0.0046f,0.9531f,0.3026f,2.1047f,0.0866f,0.3011f,-0.9497f,-0.0014f,0f,0f,0f,1f],start_interpolation: 0,interpolation_duration: 1}
$data merge entity $(bone_leftfoot) {transformation: [-0.9944f,0.0904f,0.0546f,0.0397f,0.0613f,0.9151f,-0.3985f,0.5555f,-0.086f,-0.3929f,-0.9156f,1.2401f,0f,0f,0f,1f],start_interpolation: 0,interpolation_duration: 1}
$data merge entity $(bone_leftlowerleg) {transformation: [-0.9944f,0.0904f,0.0546f,0.1316f,0.0613f,0.9151f,-0.3985f,1.6319f,-0.086f,-0.3929f,-0.9156f,0.9449f,0f,0f,0f,1f],start_interpolation: 0,interpolation_duration: 1}
$data merge entity $(bone_leftleg) {transformation: [-0.9965f,0.0729f,-0.041f,0.1709f,0.0719f,0.4971f,-0.8647f,2.1748f,-0.0426f,-0.8646f,-0.5006f,0.1207f,0f,0f,0f,1f],start_interpolation: 0,interpolation_duration: 1}
$data merge entity $(bone_rightfoot) {transformation: [-0.9954f,-0.0627f,-0.0718f,-0.0254f,-0.0757f,0.0633f,0.9951f,1.4469f,-0.0579f,0.996f,-0.0677f,-1.0571f,0f,0f,0f,1f],start_interpolation: 0,interpolation_duration: 1}
$data merge entity $(bone_rightlowerleg) {transformation: [-0.9954f,-0.0627f,-0.0718f,-0.084f,-0.0757f,0.0633f,0.9951f,1.3642f,-0.0579f,0.996f,-0.0677f,0.0583f,0f,0f,0f,1f],start_interpolation: 0,interpolation_duration: 1}
$data merge entity $(bone_rightleg) {transformation: [-0.9595f,-0.2211f,0.1743f,-0.2578f,-0.2403f,0.9658f,-0.0977f,2.2257f,-0.1468f,-0.1357f,-0.9798f,-0.0456f,0f,0f,0f,1f],start_interpolation: 0,interpolation_duration: 1}
data modify entity @s data merge value {"cameras":{},"locators":{"lefthand":{"posx":0.655163923461443,"posy":2.170629039596288,"posz":0.17616848064510168,"roty":59.10233483251231,"rotx":-44.65117622500468},"sword":{"posx":2.1106510558306253,"posy":3.3995240730024037,"posz":1.7967312272119709,"roty":290.3288364074369,"rotx":-19.505527676341185},"righthand":{"posx":-1.1487232439617183,"posy":2.1682759351186904,"posz":0.5891868401143149,"roty":290.3288364074369,"rotx":-19.505527676341185},"chest":{"posx":-0.4736607733947156,"posy":2.43455757503261,"posz":0.15370342380430388,"roty":345.1184322953635,"rotx":47.39135526715654}}}