# This file was generated by Animated Java via MC-Build. It is not recommended to edit this file directly.
$data merge entity $(bone_nose) {transformation: [-0.9976f,0.0366f,0.058f,-0.1936f,0.057f,0.9132f,0.4034f,3.6346f,-0.0382f,0.4058f,-0.9132f,0.9567f,0f,0f,0f,1f],start_interpolation: 0,interpolation_duration: 1}
$data merge entity $(bone_glowing_eye) {transformation: [-0.9976f,0.0366f,0.058f,-0.3178f,0.057f,0.9132f,0.4034f,3.6895f,-0.0382f,0.4058f,-0.9132f,1.0113f,0f,0f,0f,1f],start_interpolation: 0,interpolation_duration: 1}
$data merge entity $(bone_head) {transformation: [-0.9976f,0.0366f,0.058f,-0.1872f,0.057f,0.9132f,0.4034f,3.5974f,-0.0382f,0.4058f,-0.9132f,0.7356f,0f,0f,0f,1f],start_interpolation: 0,interpolation_duration: 1}
$data merge entity $(bone_leftthumb2) {transformation: [-0.0659f,0.6902f,0.7206f,0.3272f,0.1368f,0.7216f,-0.6787f,2.2862f,-0.9884f,0.0538f,-0.1419f,0.6794f,0f,0f,0f,1f],start_interpolation: 0,interpolation_duration: 1}
$data merge entity $(bone_leftthumb) {transformation: [-0.0659f,0.6902f,0.7206f,0.5581f,0.1368f,0.7216f,-0.6787f,2.4051f,-0.9884f,0.0538f,-0.1419f,0.6805f,0f,0f,0f,1f],start_interpolation: 0,interpolation_duration: 1}
$data merge entity $(bone_leftpointerfinger) {transformation: [0.6307f,-0.288f,0.7206f,0.3512f,0.5565f,-0.4792f,-0.6787f,2.1168f,0.5408f,0.8291f,-0.1419f,0.6787f,0f,0f,0f,1f],start_interpolation: 0,interpolation_duration: 1}
$data merge entity $(bone_leftmidfinger) {transformation: [0.6629f,-0.2033f,0.7206f,0.4564f,0.6143f,-0.4025f,-0.6787f,2.0023f,0.428f,0.8926f,-0.1419f,0.6596f,0f,0f,0f,1f],start_interpolation: 0,interpolation_duration: 1}
$data merge entity $(bone_leftringfinger) {transformation: [0.6629f,-0.2033f,0.7206f,0.569f,0.6143f,-0.4025f,-0.6787f,1.8963f,0.428f,0.8926f,-0.1419f,0.6374f,0f,0f,0f,1f],start_interpolation: 0,interpolation_duration: 1}
$data merge entity $(bone_invisibility) {transformation: [0.7504f,-0.6577f,0.0659f,0.4132f,0.6597f,0.739f,-0.1368f,2.2474f,0.0412f,0.1461f,0.9884f,0.5893f,0f,0f,0f,1f],start_interpolation: 0,interpolation_duration: 1}
$data merge entity $(bone_swiftness) {transformation: [0.7206f,0.6902f,0.0659f,0.4514f,-0.6787f,0.7216f,-0.1368f,2.0295f,-0.1419f,0.0538f,0.9884f,0.5039f,0f,0f,0f,1f],start_interpolation: 0,interpolation_duration: 1}
$data merge entity $(bone_suspicious_stew) {transformation: [0.9301f,-0.3614f,0.0659f,0.516f,0.3672f,0.9201f,-0.1368f,2.0863f,-0.0112f,0.1514f,0.9884f,0.5601f,0f,0f,0f,1f],start_interpolation: 0,interpolation_duration: 1}
$data merge entity $(bone_log) {transformation: [-0.0659f,0.6902f,0.7206f,0.6298f,0.1368f,0.7216f,-0.6787f,2.1575f,-0.9884f,0.0538f,-0.1419f,0.4676f,0f,0f,0f,1f],start_interpolation: 0,interpolation_duration: 1}
$data merge entity $(bone_planks) {transformation: [-0.0659f,0.6902f,0.7206f,0.6237f,0.1368f,0.7216f,-0.6787f,2.1703f,-0.9884f,0.0538f,-0.1419f,0.3749f,0f,0f,0f,1f],start_interpolation: 0,interpolation_duration: 1}
$data merge entity $(bone_lefthand1) {transformation: [-0.0659f,0.6902f,0.7206f,0.7963f,0.1368f,0.7216f,-0.6787f,2.3249f,-0.9884f,0.0538f,-0.1419f,0.7325f,0f,0f,0f,1f],start_interpolation: 0,interpolation_duration: 1}
$data merge entity $(bone_leftforearm) {transformation: [-0.0659f,0.6902f,0.7206f,1.2663f,0.1368f,0.7216f,-0.6787f,2.8514f,-0.9884f,0.0538f,-0.1419f,0.7108f,0f,0f,0f,1f],start_interpolation: 0,interpolation_duration: 1}
$data merge entity $(bone_leftelbow) {transformation: [-0.0659f,0.6902f,0.7206f,1.3957f,0.1368f,0.7216f,-0.6787f,2.9867f,-0.9884f,0.0538f,-0.1419f,0.7209f,0f,0f,0f,1f],start_interpolation: 0,interpolation_duration: 1}
$data merge entity $(bone_leftarm) {transformation: [-0.4328f,-0.5609f,0.7057f,0.7446f,0.0664f,0.7609f,0.6455f,3.3305f,-0.899f,0.3263f,-0.2921f,0.7563f,0f,0f,0f,1f],start_interpolation: 0,interpolation_duration: 1}
$data merge entity $(bone_rightthumb2) {transformation: [-0.4373f,-0.1239f,-0.8907f,-0.7201f,-0.5211f,0.8422f,0.1387f,1.9955f,0.733f,0.5248f,-0.4329f,0.0861f,0f,0f,0f,1f],start_interpolation: 0,interpolation_duration: 1}
$data merge entity $(bone_rightthumb) {transformation: [-0.4373f,-0.1239f,-0.8907f,-0.8266f,-0.5211f,0.8422f,0.1387f,2.2139f,0.733f,0.5248f,-0.4329f,0.1778f,0f,0f,0f,1f],start_interpolation: 0,interpolation_duration: 1}
$data merge entity $(bone_rightpointerfinger) {transformation: [0.6144f,-0.6523f,-0.4439f,-0.7961f,-0.7506f,-0.3097f,-0.5837f,1.9066f,0.2432f,0.6918f,-0.6799f,0.3527f,0f,0f,0f,1f],start_interpolation: 0,interpolation_duration: 1}
$data merge entity $(bone_rightmidfinger) {transformation: [0.524f,-0.7269f,-0.4439f,-0.8664f,-0.7846f,-0.2091f,-0.5837f,1.807f,0.3315f,0.6542f,-0.6799f,0.2544f,0f,0f,0f,1f],start_interpolation: 0,interpolation_duration: 1}
$data merge entity $(bone_rightringfinger) {transformation: [0.524f,-0.7269f,-0.4439f,-0.9358f,-0.7846f,-0.2091f,-0.5837f,1.7158f,0.3315f,0.6542f,-0.6799f,0.1481f,0f,0f,0f,1f],start_interpolation: 0,interpolation_duration: 1}
$data merge entity $(bone_hugeasssword) {transformation: [-3.4156f,-0.8066f,-1.7387f,-0.7478f,0.4193f,3.1524f,-2.2862f,1.9871f,1.8703f,-2.1799f,-2.6628f,0.0453f,0f,0f,0f,1f],start_interpolation: 0,interpolation_duration: 1}
$data merge entity $(bone_ice) {transformation: [-0.8721f,-0.2059f,-0.4439f,-0.731f,0.1071f,0.8049f,-0.5837f,1.9729f,0.4775f,-0.5566f,-0.6799f,0.0465f,0f,0f,0f,1f],start_interpolation: 0,interpolation_duration: 1}
$data merge entity $(bone_righthand1) {transformation: [-0.8721f,-0.2059f,-0.4439f,-1.0144f,0.1071f,0.8049f,-0.5837f,2.1826f,0.4775f,-0.5566f,-0.6799f,0.0055f,0f,0f,0f,1f],start_interpolation: 0,interpolation_duration: 1}
$data merge entity $(bone_rightforearm) {transformation: [-0.8721f,-0.2059f,-0.4439f,-1.0977f,0.1071f,0.8049f,-0.5837f,2.751f,0.4775f,-0.5566f,-0.6799f,-0.4051f,0f,0f,0f,1f],start_interpolation: 0,interpolation_duration: 1}
$data merge entity $(bone_rightelbow) {transformation: [-0.8721f,-0.2059f,-0.4439f,-1.1364f,0.1071f,0.8049f,-0.5837f,2.9019f,0.4775f,-0.5566f,-0.6799f,-0.5094f,0f,0f,0f,1f],start_interpolation: 0,interpolation_duration: 1}
$data merge entity $(bone_rightarm) {transformation: [-0.9535f,0.2708f,-0.1321f,-0.7184f,0.1165f,0.7358f,0.6671f,3.1679f,0.2779f,0.6207f,-0.7331f,-0.0355f,0f,0f,0f,1f],start_interpolation: 0,interpolation_duration: 1}
$data merge entity $(bone_chest1) {transformation: [-0.9495f,-0.4504f,0.2632f,0.1035f,-0.084f,0.6715f,0.8459f,3.254f,-0.5149f,0.721f,-0.6235f,0.2505f,0f,0f,0f,1f],start_interpolation: 0,interpolation_duration: 1}
$data merge entity $(bone_chest1lid) {transformation: [-0.8764f,-0.4157f,0.243f,-0.0066f,-0.0776f,0.6199f,0.7809f,2.4983f,-0.4752f,0.6655f,-0.5755f,-0.1414f,0f,0f,0f,1f],start_interpolation: 0,interpolation_duration: 1}
$data merge entity $(bone_chest2) {transformation: [-0.8764f,-0.4157f,0.243f,0.0583f,-0.0776f,0.6199f,0.7809f,2.4015f,-0.4752f,0.6655f,-0.5755f,-0.2454f,0f,0f,0f,1f],start_interpolation: 0,interpolation_duration: 1}
$data merge entity $(bone_chest1lid3) {transformation: [-0.8764f,-0.4157f,0.243f,0.2038f,-0.0776f,0.6199f,0.7809f,3.0034f,-0.4752f,0.6655f,-0.5755f,-0.4804f,0f,0f,0f,1f],start_interpolation: 0,interpolation_duration: 1}
$data merge entity $(bone_chest3) {transformation: [-0.8764f,-0.4157f,0.243f,0.2688f,-0.0776f,0.6199f,0.7809f,2.9065f,-0.4752f,0.6655f,-0.5755f,-0.5843f,0f,0f,0f,1f],start_interpolation: 0,interpolation_duration: 1}
$data merge entity $(bone_hugeasssword2) {transformation: [-0.9516f,1.4307f,-3.5196f,-1.3943f,-3.0584f,1.8642f,1.5847f,4.0845f,2.2541f,3.1334f,0.6643f,0.2847f,0f,0f,0f,1f],start_interpolation: 0,interpolation_duration: 1}
$data merge entity $(bone_belt) {transformation: [-0.8764f,-0.4157f,0.243f,0.2654f,-0.0776f,0.6199f,0.7809f,2.9074f,-0.4752f,0.6655f,-0.5755f,0.076f,0f,0f,0f,1f],start_interpolation: 0,interpolation_duration: 1}
$data merge entity $(bone_torn_part) {transformation: [-0.9811f,0.0279f,0.1913f,0.0079f,0.1319f,0.8201f,0.5568f,2.5274f,-0.1413f,0.5715f,-0.8083f,0.0002f,0f,0f,0f,1f],start_interpolation: 0,interpolation_duration: 1}
$data merge entity $(bone_lowerbody) {transformation: [-0.9811f,0.0841f,0.174f,0.0382f,0.1319f,0.9496f,0.2844f,2.0109f,-0.1413f,0.302f,-0.9428f,-0.0009f,0f,0f,0f,1f],start_interpolation: 0,interpolation_duration: 1}
$data merge entity $(bone_leftfoot) {transformation: [-0.9372f,0.3485f,0.0136f,-0.0581f,-0.0135f,-0.0752f,0.9971f,1.5983f,0.3485f,0.9343f,0.0752f,-1.1606f,0f,0f,0f,1f],start_interpolation: 0,interpolation_duration: 1}
$data merge entity $(bone_leftlowerleg) {transformation: [-0.9372f,0.3485f,0.0136f,0.3264f,-0.0135f,-0.0752f,0.9971f,1.3617f,0.3485f,0.9343f,0.0752f,-0.1357f,0f,0f,0f,1f],start_interpolation: 0,interpolation_duration: 1}
$data merge entity $(bone_leftleg) {transformation: [-0.9228f,-0.1412f,-0.3584f,0.1622f,-0.1555f,0.9878f,0.0111f,2.2123f,0.3524f,0.066f,-0.9335f,-0.0561f,0f,0f,0f,1f],start_interpolation: 0,interpolation_duration: 1}
$data merge entity $(bone_rightfoot) {transformation: [-0.9373f,-0.248f,-0.2448f,0.1643f,-0.0933f,0.8555f,-0.5094f,0.5695f,0.3358f,-0.4546f,-0.825f,1.2613f,0f,0f,0f,1f],start_interpolation: 0,interpolation_duration: 1}
$data merge entity $(bone_rightlowerleg) {transformation: [-0.9373f,-0.248f,-0.2448f,-0.0733f,-0.0933f,0.8555f,-0.5094f,1.5968f,0.3358f,-0.4546f,-0.825f,0.8838f,0f,0f,0f,1f],start_interpolation: 0,interpolation_duration: 1}
$data merge entity $(bone_rightleg) {transformation: [-0.9692f,-0.2426f,0.0412f,-0.2723f,-0.1678f,0.529f,-0.8319f,2.1856f,0.18f,-0.8132f,-0.5535f,0.0941f,0f,0f,0f,1f],start_interpolation: 0,interpolation_duration: 1}
data modify entity @s data merge value {"cameras":{},"locators":{"lefthand":{"posx":0.5708247581651316,"posy":2.0989076421804365,"posz":0.5582304151492229,"roty":78.85622729800633,"rotx":-42.7409596401925},"sword":{"posx":0.8343687383352989,"posy":4.131894242025011,"posz":2.6175570579027996,"roty":326.8568499110595,"rotx":-35.712128885851506},"righthand":{"posx":-0.8026049682340044,"posy":1.9794521583999534,"posz":0.11057352970789375,"roty":326.8568499110595,"rotx":-35.712128885851506},"chest":{"posx":-0.04599963896080178,"posy":2.3351344012948743,"posz":-0.1078988186075433,"roty":22.888661201070676,"rotx":51.34013242255636}}}