# This file was generated by Animated Java via MC-Build. It is not recommended to edit this file directly.
$data merge entity $(bone_nose) {transformation: [-1f,0f,0f,0f,0f,0.9367f,0.3502f,2.6922f,0f,0.3502f,-0.9367f,0.6781f,0f,0f,0f,1f],start_interpolation: 0,interpolation_duration: 1}
$data merge entity $(bone_glowing_eye) {transformation: [-1f,0f,0f,-0.125f,0f,0.9367f,0.3502f,2.7434f,0f,0.3502f,-0.9367f,0.7345f,0f,0f,0f,1f],start_interpolation: 0,interpolation_duration: 1}
$data merge entity $(bone_head) {transformation: [-1f,0f,0f,0f,0f,0.9367f,0.3502f,2.6421f,0f,0.3502f,-0.9367f,0.4595f,0f,0f,0f,1f],start_interpolation: 0,interpolation_duration: 1}
$data merge entity $(bone_leftthumb2) {transformation: [-0.89f,-0.4013f,-0.2165f,0.9983f,-0.1657f,0.7269f,-0.6664f,1.2499f,0.4248f,-0.5572f,-0.7135f,0.2031f,0f,0f,0f,1f],start_interpolation: 0,interpolation_duration: 1}
$data merge entity $(bone_leftthumb) {transformation: [-0.89f,-0.4013f,-0.2165f,0.8814f,-0.1657f,0.7269f,-0.6664f,1.3712f,0.4248f,-0.5572f,-0.7135f,0.0055f,0f,0f,0f,1f],start_interpolation: 0,interpolation_duration: 1}
$data merge entity $(bone_leftpointerfinger) {transformation: [-0.89f,-0.4013f,-0.2165f,1.1002f,-0.1657f,0.7269f,-0.6664f,1.1196f,0.4248f,-0.5572f,-0.7135f,0.1084f,0f,0f,0f,1f],start_interpolation: 0,interpolation_duration: 1}
$data merge entity $(bone_leftmidfinger) {transformation: [-0.89f,-0.4013f,-0.2165f,1.0664f,-0.1657f,0.7269f,-0.6664f,1.0155f,0.4248f,-0.5572f,-0.7135f,-0.003f,0f,0f,0f,1f],start_interpolation: 0,interpolation_duration: 1}
$data merge entity $(bone_leftringfinger) {transformation: [-0.89f,-0.4013f,-0.2165f,1.0326f,-0.1657f,0.7269f,-0.6664f,0.9113f,0.4248f,-0.5572f,-0.7135f,-0.1145f,0f,0f,0f,1f],start_interpolation: 0,interpolation_duration: 1}
$data merge entity $(bone_invisibility) {transformation: [-0.4186f,0.1807f,0.89f,0.8962f,0.6661f,0.7272f,0.1657f,1.1889f,-0.6173f,0.6622f,-0.4248f,0.1494f,0f,0f,0f,1f],start_interpolation: 0,interpolation_duration: 1}
$data merge entity $(bone_swiftness) {transformation: [-0.2165f,-0.4013f,0.89f,0.8636f,-0.6664f,0.7269f,0.1657f,0.9568f,-0.7135f,-0.5572f,-0.4248f,0.1132f,0f,0f,0f,1f],start_interpolation: 0,interpolation_duration: 1}
$data merge entity $(bone_suspicious_stew) {transformation: [-0.4552f,0.0266f,0.89f,0.8744f,0.3772f,0.9112f,0.1657f,1.0298f,-0.8066f,0.4111f,-0.4248f,0.0418f,0f,0f,0f,1f],start_interpolation: 0,interpolation_duration: 1}
$data merge entity $(bone_log) {transformation: [-0.89f,-0.4013f,-0.2165f,0.7307f,-0.1657f,0.7269f,-0.6664f,1.0739f,0.4248f,-0.5572f,-0.7135f,-0.0215f,0f,0f,0f,1f],start_interpolation: 0,interpolation_duration: 1}
$data merge entity $(bone_planks) {transformation: [-0.89f,-0.4013f,-0.2165f,0.6473f,-0.1657f,0.7269f,-0.6664f,1.0584f,0.4248f,-0.5572f,-0.7135f,0.0183f,0f,0f,0f,1f],start_interpolation: 0,interpolation_duration: 1}
$data merge entity $(bone_lefthand1) {transformation: [-0.89f,-0.4013f,-0.2165f,0.8596f,-0.1657f,0.7269f,-0.6664f,1.3179f,0.4248f,-0.5572f,-0.7135f,-0.2447f,0f,0f,0f,1f],start_interpolation: 0,interpolation_duration: 1}
$data merge entity $(bone_leftforearm) {transformation: [-0.9239f,-0.1464f,-0.3536f,0.7045f,-0.02f,0.9411f,-0.3375f,1.9837f,0.3822f,-0.3047f,-0.8724f,-0.4214f,0f,0f,0f,1f],start_interpolation: 0,interpolation_duration: 1}
$data merge entity $(bone_leftelbow) {transformation: [-0.9239f,0.3536f,-0.1464f,0.7707f,-0.02f,0.3375f,0.9411f,2.0469f,0.3822f,0.8724f,-0.3047f,-0.2579f,0f,0f,0f,1f],start_interpolation: 0,interpolation_duration: 1}
$data merge entity $(bone_leftarm) {transformation: [-0.9239f,0.3536f,-0.1464f,0.75f,-0.02f,0.3375f,0.9411f,2.1819f,0.3822f,0.8724f,-0.3047f,0.2715f,0f,0f,0f,1f],start_interpolation: 0,interpolation_duration: 1}
$data merge entity $(bone_rightthumb2) {transformation: [-0.89f,0.4013f,0.2165f,-0.9983f,0.1657f,0.7269f,-0.6664f,1.2499f,-0.4248f,-0.5572f,-0.7135f,0.2031f,0f,0f,0f,1f],start_interpolation: 0,interpolation_duration: 1}
$data merge entity $(bone_rightthumb) {transformation: [-0.89f,0.4013f,0.2165f,-0.8814f,0.1657f,0.7269f,-0.6664f,1.3712f,-0.4248f,-0.5572f,-0.7135f,0.0055f,0f,0f,0f,1f],start_interpolation: 0,interpolation_duration: 1}
$data merge entity $(bone_rightpointerfinger) {transformation: [-0.89f,0.4013f,0.2165f,-1.1002f,0.1657f,0.7269f,-0.6664f,1.1196f,-0.4248f,-0.5572f,-0.7135f,0.1084f,0f,0f,0f,1f],start_interpolation: 0,interpolation_duration: 1}
$data merge entity $(bone_rightmidfinger) {transformation: [-0.89f,0.4013f,0.2165f,-1.0664f,0.1657f,0.7269f,-0.6664f,1.0155f,-0.4248f,-0.5572f,-0.7135f,-0.003f,0f,0f,0f,1f],start_interpolation: 0,interpolation_duration: 1}
$data merge entity $(bone_rightringfinger) {transformation: [-0.89f,0.4013f,0.2165f,-1.0326f,0.1657f,0.7269f,-0.6664f,0.9113f,-0.4248f,-0.5572f,-0.7135f,-0.1145f,0f,0f,0f,1f],start_interpolation: 0,interpolation_duration: 1}
$data merge entity $(bone_hugeasssword) {transformation: [-3.4858f,1.5718f,0.8478f,-0.7519f,0.649f,2.8472f,-2.6101f,1.1295f,-1.6637f,-2.1825f,-2.7945f,0.0078f,0f,0f,0f,1f],start_interpolation: 0,interpolation_duration: 1}
$data merge entity $(bone_ice) {transformation: [-0.89f,0.4013f,0.2165f,-0.7442f,0.1657f,0.7269f,-0.6664f,1.1156f,-0.4248f,-0.5572f,-0.7135f,0.0231f,0f,0f,0f,1f],start_interpolation: 0,interpolation_duration: 1}
$data merge entity $(bone_righthand1) {transformation: [-0.89f,0.4013f,0.2165f,-0.8596f,0.1657f,0.7269f,-0.6664f,1.3179f,-0.4248f,-0.5572f,-0.7135f,-0.2447f,0f,0f,0f,1f],start_interpolation: 0,interpolation_duration: 1}
$data merge entity $(bone_rightforearm) {transformation: [-0.9239f,0.1464f,0.3536f,-0.7045f,0.02f,0.9411f,-0.3375f,1.9837f,-0.3822f,-0.3047f,-0.8724f,-0.4214f,0f,0f,0f,1f],start_interpolation: 0,interpolation_duration: 1}
$data merge entity $(bone_rightelbow) {transformation: [-0.9239f,-0.3536f,0.1464f,-0.7707f,0.02f,0.3375f,0.9411f,2.0469f,-0.3822f,0.8724f,-0.3047f,-0.2579f,0f,0f,0f,1f],start_interpolation: 0,interpolation_duration: 1}
$data merge entity $(bone_rightarm) {transformation: [-0.9239f,-0.3536f,0.1464f,-0.75f,0.02f,0.3375f,0.9411f,2.1819f,-0.3822f,0.8724f,-0.3047f,0.2715f,0f,0f,0f,1f],start_interpolation: 0,interpolation_duration: 1}
$data merge entity $(bone_chest1) {transformation: [-1.0833f,0f,0f,-0.0023f,0f,0.9778f,0.4664f,2.0846f,0f,0.4664f,-0.9778f,0.1031f,0f,0f,0f,1f],start_interpolation: 0,interpolation_duration: 1}
$data merge entity $(bone_chest1lid) {transformation: [-1f,0f,0f,-0.3438f,0f,0.9026f,0.4305f,1.2992f,0f,0.4305f,-0.9026f,0.1621f,0f,0f,0f,1f],start_interpolation: 0,interpolation_duration: 1}
$data merge entity $(bone_chest2) {transformation: [-1f,0f,0f,-0.3438f,0f,0.9026f,0.4305f,1.1582f,0f,0.4305f,-0.9026f,0.0948f,0f,0f,0f,1f],start_interpolation: 0,interpolation_duration: 1}
$data merge entity $(bone_chest1lid3) {transformation: [-1f,0f,0f,-0.2812f,0f,0.9026f,0.4305f,1.575f,0f,0.4305f,-0.9026f,-0.4161f,0f,0f,0f,1f],start_interpolation: 0,interpolation_duration: 1}
$data merge entity $(bone_chest3) {transformation: [-1f,0f,0f,-0.2812f,0f,0.9026f,0.4305f,1.434f,0f,0.4305f,-0.9026f,-0.4834f,0f,0f,0f,1f],start_interpolation: 0,interpolation_duration: 1}
$data merge entity $(bone_hugeasssword2) {transformation: [0f,2.8877f,-2.6461f,-1.2344f,-1.6862f,2.3883f,2.6064f,3.2459f,3.5351f,1.1392f,1.2432f,0.3635f,0f,0f,0f,1f],start_interpolation: 0,interpolation_duration: 1}
$data merge entity $(bone_belt) {transformation: [-1f,0f,0f,0.0297f,0f,0.9026f,0.4305f,1.6687f,0f,0.4305f,-0.9026f,0.0498f,0f,0f,0f,1f],start_interpolation: 0,interpolation_duration: 1}
$data merge entity $(bone_torn_part) {transformation: [-1f,0f,0f,-0.0937f,0f,0.7314f,0.682f,1.4136f,0f,0.682f,-0.7314f,-0.0777f,0f,0f,0f,1f],start_interpolation: 0,interpolation_duration: 1}
$data merge entity $(bone_lowerbody) {transformation: [-1f,0f,0f,0.0039f,0f,0.9026f,0.4305f,0.9123f,0f,0.4305f,-0.9026f,-0.161f,0f,0f,0f,1f],start_interpolation: 0,interpolation_duration: 1}
$data merge entity $(bone_leftfoot) {transformation: [-0.9325f,0.0588f,-0.3563f,0.2263f,0.0588f,0.9982f,0.0107f,0.1688f,0.3563f,-0.011f,-0.9343f,-0.1874f,0f,0f,0f,1f],start_interpolation: 0,interpolation_duration: 1}
$data merge entity $(bone_leftlowerleg) {transformation: [-0.944f,0.2948f,-0.1482f,0.5762f,0.0631f,0.602f,0.796f,0.7143f,0.3239f,0.742f,-0.5869f,0.726f,0f,0f,0f,1f],start_interpolation: 0,interpolation_duration: 1}
$data merge entity $(bone_leftleg) {transformation: [-0.944f,-0.2834f,-0.1691f,0.25f,0.0631f,0.3478f,-0.9354f,1.1103f,0.3239f,-0.8937f,-0.3105f,-0.2054f,0f,0f,0f,1f],start_interpolation: 0,interpolation_duration: 1}
$data merge entity $(bone_rightfoot) {transformation: [-0.9167f,0.0051f,0.3995f,-0.3387f,0.0236f,0.9989f,0.0415f,0.1751f,-0.3988f,0.0474f,-0.9158f,-0.1351f,0f,0f,0f,1f],start_interpolation: 0,interpolation_duration: 1}
$data merge entity $(bone_rightlowerleg) {transformation: [-0.9167f,-0.2789f,0.2861f,-0.6921f,0.0236f,0.677f,0.7356f,0.8131f,-0.3988f,0.6811f,-0.614f,0.7149f,0f,0f,0f,1f],start_interpolation: 0,interpolation_duration: 1}
$data merge entity $(bone_rightleg) {transformation: [-0.9167f,0.3911f,0.0815f,-0.25f,0.0236f,0.2567f,-0.9662f,1.1103f,-0.3988f,-0.8838f,-0.2445f,-0.2054f,0f,0f,0f,1f],start_interpolation: 0,interpolation_duration: 1}
data modify entity @s data merge value {"cameras":{},"locators":{"lefthand":{"posx":0.8488738478285538,"posy":1.043076127397274,"posz":-0.006638269615080156,"roty":343.1228803393749,"rotx":-41.79014278289851},"sword":{"posx":-1.635517425829926,"posy":3.587525978320639,"posz":2.6340762335687185,"roty":16.877119660625112,"rotx":-41.790142782898506},"righthand":{"posx":-0.8373213998334544,"posy":1.1301604612137894,"posz":0.0031269620285734046,"roty":16.877119660625112,"rotx":-41.790142782898506},"chest":{"posx":-0.37500000000000006,"posy":1.1755674096734796,"posz":0.27619081543119445,"roty":0,"rotx":25.500000000000004}}}