# This file was generated by Animated Java via MC-Build. It is not recommended to edit this file directly.
$data merge entity $(bone_nose) { transformation: [-0.9994813104558089f,-0.002604182280137214f,0.0320987271428477f,-0.03311262516973025f,-0.004170104775579397f,0.998799151189877f,-0.04881460650811181f,3.906589146358619f,-0.03193305929127146f,-0.04892314193746061f,-0.9982919442263707f,1.131726137672787f,0f,0f,0f,1f], start_interpolation: 0, interpolation_duration: 1 }
$data merge entity $(bone_glowing_eye) { transformation: [-0.9994813104558089f,-0.002604182280137214f,0.0320987271428477f,-0.1593442184214068f,-0.004170104775579397f,0.998799151189877f,-0.04881460650811181f,3.9753981172435595f,-0.03193305929127146f,-0.04892314193746061f,-0.9982919442263707f,1.159258032377928f,0f,0f,0f,1f], start_interpolation: 0, interpolation_duration: 1 }
$data merge entity $(bone_head) { transformation: [-0.9994813104558089f,-0.002604182280137214f,0.0320987271428477f,-0.026780421728714584f,-0.004170104775579397f,0.998799151189877f,-0.04881460650811181f,3.774119769275364f,-0.03193305929127146f,-0.04892314193746061f,-0.9982919442263707f,0.9508318563382969f,0f,0f,0f,1f], start_interpolation: 0, interpolation_duration: 1 }
$data merge entity $(bone_leftthumb2) { transformation: [-0.98476645984089f,-0.003172848766532739f,0.1738532501943687f,0.9319965829173562f,-0.1082248056832685f,0.793750670749904f,-0.5985376045988224f,1.9480836306309939f,-0.13609706465335622f,-0.608234992182119f,-0.7820024189719351f,1.882777992619299f,0f,0f,0f,1f], start_interpolation: 0, interpolation_duration: 1 }
$data merge entity $(bone_leftthumb) { transformation: [-0.98476645984089f,-0.003172848766532739f,0.1738532501943687f,0.9460755296822151f,-0.1082248056832685f,0.793750670749904f,-0.5985376045988224f,2.0915955021573733f,-0.13609706465335622f,-0.608234992182119f,-0.7820024189719351f,1.6667849508297814f,0f,0f,0f,1f], start_interpolation: 0, interpolation_duration: 1 }
$data merge entity $(bone_leftpointerfinger) { transformation: [-0.98476645984089f,-0.003172848766532739f,0.1738532501943687f,1.062974823331692f,-0.1082248056832685f,0.793750670749904f,-0.5985376045988224f,1.8149267012235988f,-0.13609706465335622f,-0.608234992182119f,-0.7820024189719351f,1.8445913106966905f,0f,0f,0f,1f], start_interpolation: 0, interpolation_duration: 1 }
$data merge entity $(bone_leftmidfinger) { transformation: [-0.98476645984089f,-0.003172848766532739f,0.1738532501943687f,1.0901393936745623f,-0.1082248056832685f,0.793750670749904f,-0.5985376045988224f,1.7214052005050327f,-0.13609706465335622f,-0.608234992182119f,-0.7820024189719351f,1.7224034327323257f,0f,0f,0f,1f], start_interpolation: 0, interpolation_duration: 1 }
$data merge entity $(bone_leftringfinger) { transformation: [-0.98476645984089f,-0.003172848766532739f,0.1738532501943687f,1.1173039640174323f,-0.1082248056832685f,0.793750670749904f,-0.5985376045988224f,1.6278836997864667f,-0.13609706465335622f,-0.608234992182119f,-0.7820024189719351f,1.6002155547679608f,0f,0f,0f,1f], start_interpolation: 0, interpolation_duration: 1 }
$data merge entity $(bone_invisibility) { transformation: [0.011991534030717569f,-0.1734682180805209f,0.9847664598408897f,0.8725511677091117f,0.7385642203166065f,0.6654399175755402f,0.10822480568326838f,1.9001553299149698f,-0.6740764760616654f,0.7260154911660128f,0.136097064653356f,1.77698498439714f,0f,0f,0f,1f], start_interpolation: 0, interpolation_duration: 1 }
$data merge entity $(bone_swiftness) { transformation: [0.17385325019436848f,-0.003172848766532739f,0.98476645984089f,0.8542885947616667f,-0.5985376045988224f,0.793750670749904f,0.10822480568326837f,1.6748056076080824f,-0.7820024189719351f,-0.608234992182119f,0.13609706465335605f,1.7056364523163803f,0f,0f,0f,1f], start_interpolation: 0, interpolation_duration: 1 }
$data merge entity $(bone_suspicious_stew) { transformation: [0.07059798085091679f,-0.15890545828326544f,0.9847664598408902f,0.905297379406487f,0.4664294918242057f,0.8779128206100149f,0.10822480568326862f,1.7507224663612888f,-0.8817366127457718f,0.45168366666988674f,0.1360970646533562f,1.658870546098439f,0f,0f,0f,1f], start_interpolation: 0, interpolation_duration: 1 }
$data merge entity $(bone_log) { transformation: [-0.98476645984089f,-0.003172848766532739f,0.1738532501943687f,0.8207282888034481f,-0.1082248056832685f,0.793750670749904f,-0.5985376045988224f,1.8117387744566507f,-0.13609706465335622f,-0.608234992182119f,-0.7820024189719351f,1.5334257088751126f,0f,0f,0f,1f], start_interpolation: 0, interpolation_duration: 1 }
$data merge entity $(bone_planks) { transformation: [-0.98476645984089f,-0.003172848766532739f,0.1738532501943687f,0.7284064331933646f,-0.1082248056832685f,0.793750670749904f,-0.5985376045988224f,1.8015926989238442f,-0.13609706465335622f,-0.608234992182119f,-0.7820024189719351f,1.5206666090638605f,0f,0f,0f,1f], start_interpolation: 0, interpolation_duration: 1 }
$data merge entity $(bone_lefthand1) { transformation: [-0.98476645984089f,-0.003172848766532739f,0.1738532501943687f,1.0606937775034633f,-0.1082248056832685f,0.793750670749904f,-0.5985376045988224f,2.055936943708657f,-0.13609706465335622f,-0.608234992182119f,-0.7820024189719351f,1.4398288025857948f,0f,0f,0f,1f], start_interpolation: 0, interpolation_duration: 1 }
$data merge entity $(bone_leftforearm) { transformation: [-0.98476645984089f,-0.003172848766532739f,0.1738532501943687f,0.9941985074401524f,-0.1082248056832685f,0.793750670749904f,-0.5985376045988224f,2.6166309837963353f,-0.13609706465335622f,-0.608234992182119f,-0.7820024189719351f,1.0158762949633442f,0f,0f,0f,1f], start_interpolation: 0, interpolation_duration: 1 }
$data merge entity $(bone_leftelbow) { transformation: [-0.9968649933176471f,-0.0688357656722229f,0.039010542961183496f,0.9812918013766105f,-0.07366626945200924f,0.9873835431502231f,-0.14016782605553785f,2.801765398137002f,-0.02886980850008345f,-0.14260216015345056f,-0.9893589632063472f,0.9891383899345721f,0f,0f,0f,1f], start_interpolation: 0, interpolation_duration: 1 }
$data merge entity $(bone_leftarm) { transformation: [-0.9968649933176471f,-0.0688357656722229f,0.039010542961183496f,0.7275906217847269f,-0.07366626945200924f,0.9873835431502231f,-0.14016782605553785f,3.2837229178337224f,-0.02886980850008345f,-0.14260216015345056f,-0.9893589632063472f,0.942439506848652f,0f,0f,0f,1f], start_interpolation: 0, interpolation_duration: 1 }
$data merge entity $(bone_rightthumb2) { transformation: [-0.9005818520647896f,-0.0511819796702235f,0.43166275341821014f,-1.0148927221235926f,-0.17256209702484643f,0.9535377976253412f,-0.24695746834263013f,1.6537401010983874f,-0.3989669790871685f,-0.296894044158603f,-0.867570905540987f,1.067657581620637f,0f,0f,0f,1f], start_interpolation: 0, interpolation_duration: 1 }
$data merge entity $(bone_rightthumb) { transformation: [-0.9005818520647896f,-0.0511819796702235f,0.43166275341821014f,-0.9905558990226307f,-0.17256209702484643f,0.9535377976253412f,-0.24695746834263013f,1.8664837265816299f,-0.3989669790871685f,-0.296894044158603f,-0.867570905540987f,0.9207061033358019f,0f,0f,0f,1f], start_interpolation: 0, interpolation_duration: 1 }
$data merge entity $(bone_rightpointerfinger) { transformation: [-0.9005818520647896f,-0.0511819796702235f,0.43166275341821014f,-1.0520287604464464f,-0.17256209702484643f,0.9535377976253412f,-0.24695746834263013f,1.5231540260451615f,-0.3989669790871685f,-0.296894044158603f,-0.867570905540987f,0.9338200620404506f,0f,0f,0f,1f], start_interpolation: 0, interpolation_duration: 1 }
$data merge entity $(bone_rightmidfinger) { transformation: [-0.9005818520647896f,-0.0511819796702235f,0.43166275341821014f,-0.9845814552248511f,-0.17256209702484643f,0.9535377976253412f,-0.24695746834263013f,1.4845669216166255f,-0.3989669790871685f,-0.296894044158603f,-0.867570905540987f,0.7982621080496715f,0f,0f,0f,1f], start_interpolation: 0, interpolation_duration: 1 }
$data merge entity $(bone_rightringfinger) { transformation: [-0.9005818520647896f,-0.0511819796702235f,0.43166275341821014f,-0.9171341500032557f,-0.17256209702484643f,0.9535377976253412f,-0.24695746834263013f,1.4459798171880895f,-0.3989669790871685f,-0.296894044158603f,-0.867570905540987f,0.6627041540588923f,0f,0f,0f,1f], start_interpolation: 0, interpolation_duration: 1 }
$data merge entity $(bone_hugeasssword) { transformation: [-3.11083254775404f,1.5055285115273984f,-1.8429277084546707f,-0.7625054709128151f,-2.0920098457841183f,-3.175860050352109f,0.936848719643455f,1.7279498042243513f,-1.1342369429507206f,1.7284601873729601f,3.326591305779868f,0.8574869045490623f,0f,0f,0f,1f], start_interpolation: 0, interpolation_duration: 1 }
$data merge entity $(bone_ice) { transformation: [-0.9005818520647896f,-0.0511819796702235f,0.43166275341821014f,-0.7476341610419555f,-0.17256209702484643f,0.9535377976253412f,-0.24695746834263013f,1.7157470589024686f,-0.3989669790871685f,-0.296894044158603f,-0.867570905540987f,0.8683597330372774f,0f,0f,0f,1f], start_interpolation: 0, interpolation_duration: 1 }
$data merge entity $(bone_righthand1) { transformation: [-0.9005818520647896f,-0.0511819796702235f,0.43166275341821014f,-0.9720856579313897f,-0.17256209702484643f,0.9535377976253412f,-0.24695746834263013f,1.9032735631668851f,-0.3989669790871685f,-0.296894044158603f,-0.867570905540987f,0.6672828864276787f,0f,0f,0f,1f], start_interpolation: 0, interpolation_duration: 1 }
$data merge entity $(bone_rightforearm) { transformation: [-0.9892795327892332f,-0.029908793304775916f,0.14293869345761115f,-0.9335187245097584f,-0.033065674607873206f,0.9992578082054302f,-0.019760918582032713f,2.6082520785771646f,-0.14224158030281786f,-0.024275436629063292f,-0.989534252064791f,0.674565791505307f,0f,0f,0f,1f], start_interpolation: 0, interpolation_duration: 1 }
$data merge entity $(bone_rightelbow) { transformation: [-0.9882120067593626f,-0.02939583575555152f,0.15024285186612468f,-0.9390304437139243f,-0.03389169100975829f,0.9990484460478636f,-0.027450969561164384f,2.795573662211139f,-0.1492929434941006f,-0.03221936202940001f,-0.9882679443011828f,0.6685246611247946f,0f,0f,0f,1f], start_interpolation: 0, interpolation_duration: 1 }
$data merge entity $(bone_rightarm) { transformation: [-0.9882120067593626f,-0.07321420373168538f,0.1344496562605086f,-0.7636677208592973f,-0.03389169100975829f,0.9610641033635804f,0.27423920672736835f,3.2749495460910834f,-0.1492929434941006f,0.266449750605799f,-0.952216439379711f,0.8641641315476446f,0f,0f,0f,1f], start_interpolation: 0, interpolation_duration: 1 }
$data merge entity $(bone_chest1) { transformation: [-1.0818253690512774f,-0.01497508724823683f,0.05514280324834863f,-0.01586678678233746f,-0.006364595490863393f,1.0705421462732405f,0.1658617378663098f,3.137747062742525f,-0.056784451326186786f,0.16530689920781436f,-1.0691399657074805f,0.7699177010524406f,0f,0f,0f,1f], start_interpolation: 0, interpolation_duration: 1 }
$data merge entity $(bone_chest1lid) { transformation: [-0.99860803297041f,-0.013823157459910921f,0.05090104915232182f,-0.36728954524394963f,-0.00587501122233544f,0.9881927504060681f,0.15310314264582445f,2.400449232285035f,-0.052416416608787805f,0.15259098388413633f,-0.9868984298838281f,1.033925591935377f,0f,0f,0f,1f], start_interpolation: 0, interpolation_duration: 1 }
$data merge entity $(bone_chest2) { transformation: [-0.99860803297041f,-0.013823157459910921f,0.05090104915232182f,-0.36512967689083853f,-0.00587501122233544f,0.9881927504060681f,0.15310314264582445f,2.2460441150340866f,-0.052416416608787805f,0.15259098388413633f,-0.9868984298838281f,1.0100832507034807f,0f,0f,0f,1f], start_interpolation: 0, interpolation_duration: 1 }
$data merge entity $(bone_chest1lid3) { transformation: [-0.99860803297041f,-0.013823157459910921f,0.05090104915232182f,-0.2722680585700929f,-0.00587501122233544f,0.9881927504060681f,0.15310314264582445f,2.4988981212439123f,-0.052416416608787805f,0.15259098388413633f,-0.9868984298838281f,0.4049698113290988f,0f,0f,0f,1f], start_interpolation: 0, interpolation_duration: 1 }
$data merge entity $(bone_chest3) { transformation: [-0.99860803297041f,-0.013823157459910921f,0.05090104915232182f,-0.2701081902169818f,-0.00587501122233544f,0.9881927504060681f,0.15310314264582445f,2.344493003992964f,-0.052416416608787805f,0.15259098388413633f,-0.9868984298838281f,0.3811274700972025f,0f,0f,0f,1f], start_interpolation: 0, interpolation_duration: 1 }
$data merge entity $(bone_hugeasssword2) { transformation: [-0.19936244251326135f,2.8470731015522195f,-2.682295127071357f,-1.2487574576687208f,-0.5996539753628123f,2.6317840273188646f,2.838028491956811f,4.317671121337653f,3.8653521837116607f,0.5551264412229896f,0.30193527105718554f,0.6209297528182895f,0f,0f,0f,1f], start_interpolation: 0, interpolation_duration: 1 }
$data merge entity $(bone_belt) { transformation: [-0.99860803297041f,-0.013823157459910921f,0.05090104915232182f,0.01496048397800807f,-0.00587501122233544f,0.9881927504060681f,0.15310314264582445f,2.724266829608768f,-0.052416416608787805f,0.15259098388413633f,-0.9868984298838281f,0.8400024384631991f,0f,0f,0f,1f], start_interpolation: 0, interpolation_duration: 1 }
$data merge entity $(bone_torn_part) { transformation: [-0.99860803297041f,-0.028318971099055065f,0.04449755457167794f,-0.10414856200059211f,-0.00587501122233544f,0.8981122211024932f,0.4397271000853641f,2.4428008861974115f,-0.052416416608787805f,0.43885359082755293f,-0.8970284527748585f,0.7854630499464775f,0f,0f,0f,1f], start_interpolation: 0, interpolation_duration: 1 }
$data merge entity $(bone_lowerbody) { transformation: [-0.99860803297041f,-0.013627610041456524f,0.05095375090733327f,-0.007139511036614293f,-0.00587501122233544f,0.9887733381344521f,0.1493076355635901f,1.93957875f,-0.052416416608787805f,0.1488004503992189f,-0.9874770606099584f,0.8567893323577113f,0f,0f,0f,1f], start_interpolation: 0, interpolation_duration: 1 }
$data merge entity $(bone_leftfoot) { transformation: [-0.9909357693191292f,-0.06392846044897427f,0.11815012919387527f,0.29277850534839217f,-0.03567483287293256f,0.9731599876497984f,0.22734762971478883f,0.25668654738858887f,-0.12951296222152364f,0.22107191224139788f,-0.9666196781746884f,1.1549461600257978f,0f,0f,0f,1f], start_interpolation: 0, interpolation_duration: 1 }
$data merge entity $(bone_leftlowerleg) { transformation: [-0.9909357693191292f,-0.06392846044897427f,0.11815012919387527f,0.20370461909398763f,-0.03567483287293256f,0.9731599876497984f,0.22734762971478883f,1.3013549400277866f,-0.12951296222152364f,0.22107191224139788f,-0.9666196781746884f,1.5487146972590473f,0f,0f,0f,1f], start_interpolation: 0, interpolation_duration: 1 }
$data merge entity $(bone_leftleg) { transformation: [-0.9909357693191292f,0.08233033974309129f,0.10615091258059278f,0.2574494934832396f,-0.03567483287293256f,0.6005341877552093f,-0.7988028515451604f,1.95911f,-0.12951296222152364f,-0.7953492342958397f,-0.5921536862349402f,0.7150296480280146f,0f,0f,0f,1f], start_interpolation: 0, interpolation_duration: 1 }
$data merge entity $(bone_rightfoot) { transformation: [-0.9885805797038019f,-0.019297534494651075f,0.1494524760414588f,-0.3705854745450355f,-0.0006636588383362868f,0.9923145402270425f,0.12373929372248776f,0.17037107377760696f,-0.15069172833782665f,0.12222707726367987f,-0.9809956904054866f,1.1444868786384035f,0f,0f,0f,1f], start_interpolation: 0, interpolation_duration: 1 }
$data merge entity $(bone_rightlowerleg) { transformation: [-0.9885805797038019f,-0.019297534494651075f,0.1494524760414588f,-0.4149563959642265f,-0.0006636588383362868f,0.9923145402270425f,0.12373929372248776f,1.252208015720932f,-0.15069172833782665f,0.12222707726367987f,-0.9809956904054866f,1.4308082384524559f,0f,0f,0f,1f], start_interpolation: 0, interpolation_duration: 1 }
$data merge entity $(bone_rightleg) { transformation: [-0.9731004793175667f,0.14136404507438186f,0.18191114290259972f,-0.23908501533859844f,-0.04880459324677894f,0.6451962772117643f,-0.762456474528282f,1.95911f,-0.2251523236165649f,-0.7508248601586713f,-0.620941591889103f,0.6562633179651624f,0f,0f,0f,1f], start_interpolation: 0, interpolation_duration: 1 }
data modify entity @s data merge value {"locators":{"lefthand":{"posx":0.9105815661891298,"posy":1.7692252289089774,"posz":1.6059219552470292,"roty":12.534039564856386,"rotx":-36.76523293039093},"righthand":{"posx":-0.8380087217628418,"posy":1.688529044661347,"posz":0.8491513435869116,"roty":26.452792267874912,"rotx":-14.297543585144739},"chest":{"posx":-0.4055853878630808,"posy":2.3145812252455475,"posz":1.176953522092942,"roty":2.9525159552987077,"rotx":8.806801283325328},"sack":{"posx":0,"posy":-0.4375,"posz":0,"roty":0,"rotx":0}},"cameras":{}}