# This file was generated by Animated Java via MC-Build. It is not recommended to edit this file directly.
$data merge entity $(bone_nose) { transformation: [-0.9988877016724493f,-0.022315535768215947f,0.04153764931853282f,-0.10876821036239265f,-0.021202830281139035f,0.9994095077057698f,0.027038415178783942f,4.343807812870218f,-0.042116498377727796f,0.026127624666022656f,-0.9987710186993364f,0.7043425635560882f,0f,0f,0f,1f], start_interpolation: 0, interpolation_duration: 1 }
$data merge entity $(bone_glowing_eye) { transformation: [-0.9988877016724493f,-0.022315535768215947f,0.04153764931853282f,-0.2365895983906862f,-0.021202830281139035f,0.9994095077057698f,0.027038415178783942f,4.4078820805623335f,-0.042116498377727796f,0.026127624666022656f,-0.9987710186993364f,0.7356997926651124f,0f,0f,0f,1f], start_interpolation: 0, interpolation_duration: 1 }
$data merge entity $(bone_head) { transformation: [-0.9988877016724493f,-0.022315535768215947f,0.04153764931853282f,-0.09823462521864076f,-0.021202830281139035f,0.9994095077057698f,0.027038415178783942f,4.225466928447725f,-0.042116498377727796f,0.026127624666022656f,-0.9987710186993364f,0.5140915390046106f,0f,0f,0f,1f], start_interpolation: 0, interpolation_duration: 1 }
$data merge entity $(bone_leftthumb2) { transformation: [-0.19656162928553433f,0.10111699483400266f,0.9752634922154918f,0.2917918214174532f,-0.9799695749478102f,-0.05270971916505471f,-0.19204509283537846f,3.6634405376876322f,0.03198684212647843f,-0.9934772462725461f,0.10945228672574378f,2.6988110155871126f,0f,0f,0f,1f], start_interpolation: 0, interpolation_duration: 1 }
$data merge entity $(bone_leftthumb) { transformation: [-0.19656162928553433f,0.10111699483400266f,0.9752634922154918f,0.3999335859090365f,-0.9799695749478102f,-0.05270971916505471f,-0.19204509283537846f,3.634102180864317f,0.03198684212647843f,-0.9934772462725461f,0.10945228672574378f,2.464521690810983f,0f,0f,0f,1f], start_interpolation: 0, interpolation_duration: 1 }
$data merge entity $(bone_leftpointerfinger) { transformation: [-0.19656162928553433f,0.10111699483400266f,0.9752634922154918f,0.4339689763798359f,-0.9799695749478102f,-0.05270971916505471f,-0.19204509283537846f,3.749579615998609f,0.03198684212647843f,-0.9934772462725461f,0.10945228672574378f,2.7921384273268477f,0f,0f,0f,1f], start_interpolation: 0, interpolation_duration: 1 }
$data merge entity $(bone_leftmidfinger) { transformation: [-0.19656162928553433f,0.10111699483400266f,0.9752634922154918f,0.5863538970385065f,-0.9799695749478102f,-0.05270971916505471f,-0.19204509283537846f,3.7195725702430806f,0.03198684212647843f,-0.9934772462725461f,0.10945228672574378f,2.809240347127745f,0f,0f,0f,1f], start_interpolation: 0, interpolation_duration: 1 }
$data merge entity $(bone_leftringfinger) { transformation: [-0.19656162928553433f,0.10111699483400266f,0.9752634922154918f,0.7387388176971771f,-0.9799695749478102f,-0.05270971916505471f,-0.19204509283537846f,3.689565524487553f,0.03198684212647843f,-0.9934772462725461f,0.10945228672574378f,2.8263422669286427f,0f,0f,0f,1f], start_interpolation: 0, interpolation_duration: 1 }
$data merge entity $(bone_invisibility) { transformation: [0.18573202817931986f,-0.9627393933983444f,0.1965616292855345f,0.3776963580670331f,-0.06924697547724293f,0.18672034855329028f,0.97996957494781f,3.566071604313322f,-0.9801573700664857f,-0.19562303503198541f,-0.031986842126478454f,2.6860540024543234f,0f,0f,0f,1f], start_interpolation: 0, interpolation_duration: 1 }
$data merge entity $(bone_swiftness) { transformation: [0.9752634922154918f,0.10111699483400266f,0.19656162928553456f,0.5366277714993439f,-0.19204509283537868f,-0.05270971916505471f,0.9799695749478102f,3.4861610569899444f,0.1094522867257438f,-0.9934772462725461f,-0.031986842126478406f,2.842775864986063f,0f,0f,0f,1f], start_interpolation: 0, interpolation_duration: 1 }
$data merge entity $(bone_suspicious_stew) { transformation: [0.5038072816390767f,-0.8411550088182681f,0.1965616292855344f,0.5558184037245939f,-0.12893299224172294f,0.15177587320850414f,0.9799695749478105f,3.5325339174925507f,-0.8541396293809577f,-0.51905908666715f,-0.03198684212647855f,2.753145552134426f,0f,0f,0f,1f], start_interpolation: 0, interpolation_duration: 1 }
$data merge entity $(bone_log) { transformation: [-0.19656162928553433f,0.10111699483400266f,0.9752634922154918f,0.5957458515309266f,-0.9799695749478102f,-0.05270971916505471f,-0.19204509283537846f,3.425070941218903f,0.03198684212647843f,-0.9934772462725461f,0.10945228672574378f,2.6370902387399844f,0f,0f,0f,1f], start_interpolation: 0, interpolation_duration: 1 }
$data merge entity $(bone_planks) { transformation: [-0.19656162928553433f,0.10111699483400266f,0.9752634922154918f,0.5773181987854078f,-0.9799695749478102f,-0.05270971916505471f,-0.19204509283537846f,3.333198793567546f,0.03198684212647843f,-0.9934772462725461f,0.10945228672574378f,2.640089005189342f,0f,0f,0f,1f], start_interpolation: 0, interpolation_duration: 1 }
$data merge entity $(bone_lefthand) { transformation: [-0.19656162928553433f,0.10111699483400266f,0.9752634922154918f,0.6396885234290768f,-0.9799695749478102f,-0.05270971916505471f,-0.19204509283537846f,3.6628873143156975f,0.03198684212647843f,-0.9934772462725461f,0.10945228672574378f,2.377303832680049f,0f,0f,0f,1f], start_interpolation: 0, interpolation_duration: 1 }
$data merge entity $(bone_leftforearm) { transformation: [-0.9669594315010298f,0.10111699483400266f,0.23401882656518413f,0.6466949017878395f,-0.2401010752243356f,-0.05270971916505471f,-0.9693158201441153f,3.6259650355159994f,-0.08567923615044327f,-0.9934772462725461f,0.07524645926151781f,1.672234465709301f,0f,0f,0f,1f], start_interpolation: 0, interpolation_duration: 1 }
$data merge entity $(bone_leftelbow) { transformation: [-0.989232555705587f,0.08120819111390615f,0.12175459099434412f,0.6619214376216969f,-0.11152584360797815f,0.12041309188474093f,-0.986439391706498f,3.648542490244388f,-0.09476780539677782f,-0.989396743980272f,-0.1100597386036977f,1.4867225762129999f,0f,0f,0f,1f], start_interpolation: 0, interpolation_duration: 1 }
$data merge entity $(bone_leftarm) { transformation: [-0.989232555705587f,0.08120819111390615f,0.12175459099434412f,0.48232608064947946f,-0.11152584360797815f,0.12041309188474093f,-0.986439391706498f,3.7151789888883413f,-0.09476780539677782f,-0.989396743980272f,-0.1100597386036977f,0.9747331136236844f,0f,0f,0f,1f], start_interpolation: 0, interpolation_duration: 1 }
$data merge entity $(bone_rightthumb2) { transformation: [-0.3027916702172125f,0.5931129862918215f,-0.7460121915485491f,-1.7922479762374823f,0.1070507983618618f,0.7989695626534354f,0.5917666470184567f,3.68749439726719f,0.9470255176166898f,0.09932081073660366f,-0.30541454702987697f,-0.7734841278672292f,0f,0f,0f,1f], start_interpolation: 0, interpolation_duration: 1 }
$data merge entity $(bone_rightthumb) { transformation: [-0.3027916702172125f,0.5931129862918215f,-0.7460121915485491f,-1.7105438015560703f,0.1070507983618618f,0.7989695626534354f,0.5917666470184567f,3.934006588473805f,0.9470255176166898f,0.09932081073660366f,-0.30541454702987697f,-0.7752264075929634f,0f,0f,0f,1f], start_interpolation: 0, interpolation_duration: 1 }
$data merge entity $(bone_rightpointerfinger) { transformation: [-0.8057339588573291f,0.5265442289856881f,0.2711899011135251f,-1.9735055376966373f,0.47570958775938066f,0.8481003869926173f,-0.2332940669986559f,4.092371083333879f,-0.35283590471761306f,-0.05896531611753171f,-0.9338254204278568f,-0.9413528171991802f,0f,0f,0f,1f], start_interpolation: 0, interpolation_duration: 1 }
$data merge entity $(bone_rightmidfinger) { transformation: [-0.8675686063884207f,0.41687018452186053f,0.2711899011135251f,-1.9311321156476489f,0.36094051215579315f,0.9029373317057726f,-0.2332940669986559f,4.055918885365339f,-0.34212082645458375f,-0.10451518678531607f,-0.9338254204278568f,-1.0872630391410327f,0f,0f,0f,1f], start_interpolation: 0, interpolation_duration: 1 }
$data merge entity $(bone_rightringfinger) { transformation: [-0.8279346153536333f,0.49089745388753847f,0.2711899011135251f,-1.8887586935986607f,0.4382631983355254f,0.8680433441297404f,-0.2332940669986559f,4.0194666873967995f,-0.34992805215350703f,-0.0742996802065085f,-0.9338254204278568f,-1.2331732610828854f,0f,0f,0f,1f], start_interpolation: 0, interpolation_duration: 1 }
$data merge entity $(bone_hugeasssword) { transformation: [1.1061155020093354f,3.742888234065591f,0.3279846662357545f,-1.8161499001569936f,3.709855720687312f,-1.033875450025627f,-0.712986580024978f,3.7663630957723755f,-0.594774583919019f,0.5120224593760039f,-3.8372325930540483f,-0.9648004664542901f,0f,0f,0f,1f], start_interpolation: 0, interpolation_duration: 1 }
$data merge entity $(bone_ice) { transformation: [0.2598852822163702f,0.9267770377072116f,0.2711899011135251f,-1.8346914989057996f,0.9518963469300229f,-0.19866359254907404f,-0.2332940669986559f,3.754593833985173f,-0.16233602430944102f,0.31877437063562925f,-0.9338254204278568f,-0.9672448156156367f,0f,0f,0f,1f], start_interpolation: 0, interpolation_duration: 1 }
$data merge entity $(bone_righthand) { transformation: [0.2598852822163702f,0.9267770377072116f,0.2711899011135251f,-1.5295512345151066f,0.9518963469300229f,-0.19866359254907404f,-0.2332940669986559f,3.935611582986702f,-0.16233602430944102f,0.31877437063562925f,-0.9338254204278568f,-0.9573172734224602f,0f,0f,0f,1f], start_interpolation: 0, interpolation_duration: 1 }
$data merge entity $(bone_rightforearm) { transformation: [0.16861017630663583f,0.9381350422276578f,0.3024454512641184f,-0.8851888791439513f,0.9638357191255595f,-0.09267572115137425f,-0.24986379739127576f,3.8141133559410334f,-0.2063766338119724f,0.3336373079461946f,-0.9198341327450594f,-0.6954575933354022f,0f,0f,0f,1f], start_interpolation: 0, interpolation_duration: 1 }
$data merge entity $(bone_rightelbow) { transformation: [0.06418936955532278f,0.6273336940947647f,0.776100612736201f,-0.7675638115011829f,0.9643163692469601f,0.1611769276149659f,-0.21003794420761418f,3.8443340298688393f,-0.25685339172074606f,0.7618887282654971f,-0.594602304825278f,-0.5526034567856215f,0f,0f,0f,1f], start_interpolation: 0, interpolation_duration: 1 }
$data merge entity $(bone_rightarm) { transformation: [0.06418936955532278f,0.36492082258508446f,0.9288231898913354f,-0.6281705494829718f,0.9643163692469601f,0.2168767958750975f,-0.15184991081101135f,3.7465735317464595f,-0.25685339172074606f,0.905426556190383f,-0.3379779378994616f,-0.03314168869215872f,0f,0f,0f,1f], start_interpolation: 0, interpolation_duration: 1 }
$data merge entity $(bone_chest) { transformation: [-0.8020253439845481f,-0.09655616814569902f,0.7218333361037005f,0.012985353090837648f,0.022673836508640705f,1.0699381550865439f,0.1683132571697591f,3.589707387276424f,-0.7279095794503311f,0.1397152883335733f,-0.7900875859431153f,0.36828624806849664f,0f,0f,0f,1f], start_interpolation: 0, interpolation_duration: 1 }
$data merge entity $(bone_chest1lid) { transformation: [-0.7403310867549675f,-0.08912877059602987f,0.6663076948649543f,-0.4396076844791344f,0.020929695238745268f,0.9876352200798867f,0.1553660835413161f,2.8610569151173193f,-0.6719165348772287f,0.12896795846175999f,-0.729311617793645f,0.33612658115406807f,0f,0f,0f,1f], start_interpolation: 0, interpolation_duration: 1 }
$data merge entity $(bone_chest1) { transformation: [-0.7403310867549675f,-0.08912877059602987f,0.6663076948649543f,-0.42568131407350474f,0.020929695238745268f,0.9876352200798867f,0.1553660835413161f,2.706738911979837f,-0.6719165348772287f,0.12896795846175999f,-0.729311617793645f,0.3159753376444181f,0f,0f,0f,1f], start_interpolation: 0, interpolation_duration: 1 }
$data merge entity $(bone_chest1lid3) { transformation: [-0.7403310867549675f,-0.08912877059602987f,0.6663076948649543f,0.03351637546591238f,0.020929695238745268f,0.9876352200798867f,0.1553660835413161f,2.959280206433553f,-0.6719165348772287f,0.12896795846175999f,-0.729311617793645f,-0.08909389056515896f,0f,0f,0f,1f], start_interpolation: 0, interpolation_duration: 1 }
$data merge entity $(bone_chest3) { transformation: [-0.7403310867549675f,-0.08912877059602987f,0.6663076948649543f,0.04744274587154205f,0.020929695238745268f,0.9876352200798867f,0.1553660835413161f,2.804962203296071f,-0.6719165348772287f,0.12896795846175999f,-0.729311617793645f,-0.10924513407480896f,0f,0f,0f,1f], start_interpolation: 0, interpolation_duration: 1 }
$data merge entity $(bone_hugeasssword2) { transformation: [-2.6097051382210723f,1.9019913288617085f,-2.2163361329579923f,-0.8260318046515811f,-0.6085171605368211f,2.5529056325477204f,2.9073454343122194f,4.802608854285607f,2.856470503025109f,2.2815300993015133f,-1.405515723535843f,-0.5031251584841733f,0f,0f,0f,1f], start_interpolation: 0, interpolation_duration: 1 }
$data merge entity $(bone_belt) { transformation: [-0.7403310867549675f,-0.08912877059602987f,0.6663076948649543f,-0.015021447449802293f,0.020929695238745268f,0.9876352200798867f,0.1553660835413161f,3.175294489334857f,-0.6719165348772287f,0.12896795846175999f,-0.729311617793645f,0.4339038019391054f,0f,0f,0f,1f], start_interpolation: 0, interpolation_duration: 1 }
$data merge entity $(bone_torn_part) { transformation: [-0.7403310867549675f,-0.2578637865709653f,0.6208189346012993f,-0.08199860253706993f,0.020929695238745268f,0.914215309667346f,0.4046879235003832f,2.8997179225142102f,-0.6719165348772287f,0.3125966013012975f,-0.671425003268016f,0.3153800204704229f,0f,0f,0f,1f], start_interpolation: 0, interpolation_duration: 1 }
$data merge entity $(bone_lowerbody) { transformation: [-0.7403310867549675f,-0.05924521016017791f,0.6696266773787355f,-0.07493857107901544f,0.020929695238745268f,0.9935946430491941f,0.11104788679285132f,2.3969042635819426f,-0.6719165348772287f,0.09622728499246477f,-0.7343490176895158f,0.4372787211918885f,0f,0f,0f,1f], start_interpolation: 0, interpolation_duration: 1 }
$data merge entity $(bone_leftfoot) { transformation: [-0.9828962399789815f,-0.10321640158648328f,0.1525167396672191f,0.4243900216732546f,-0.07066419201635267f,0.9761605284994661f,0.20522474160373277f,0.33846963929738116f,-0.17006338054342124f,0.1909371546954145f,-0.9667582166989648f,0.3160330633713646f,0f,0f,0f,1f], start_interpolation: 0, interpolation_duration: 1 }
$data merge entity $(bone_leftlowerleg) { transformation: [-0.9828962399789815f,-0.10321640158648328f,0.1525167396672191f,0.2864507963741176f,-0.07066419201635267f,0.9761605284994661f,0.20522474160373277f,1.3898658419123076f,-0.17006338054342124f,0.1909371546954145f,-0.9667582166989648f,0.676392139790188f,0f,0f,0f,1f], start_interpolation: 0, interpolation_duration: 1 }
$data merge entity $(bone_leftleg) { transformation: [-0.9828962399789815f,-0.024866761416198896f,0.18247362990813304f,0.22456239940919923f,-0.07066419201635267f,0.9659217263339973f,-0.24900158747009293f,2.4204338883573664f,-0.17006338054342124f,-0.257637075694901f,-0.9511580225312317f,0.4221082045503793f,0f,0f,0f,1f], start_interpolation: 0, interpolation_duration: 1 }
$data merge entity $(bone_rightfoot) { transformation: [-0.7665030270875531f,-0.09179480845184446f,0.6356467750306823f,-0.2707843618950587f,0.10842474440037506f,0.957031324129037f,0.26895189056322943f,0.3769604379243785f,-0.6330222620629792f,0.2750722773692601f,-0.7236145783188435f,-0.1557786092742387f,0f,0f,0f,1f], start_interpolation: 0, interpolation_duration: 1 }
$data merge entity $(bone_rightlowerleg) { transformation: [-0.7665030270875531f,-0.09179480845184446f,0.6356467750306823f,-0.47028357355014727f,0.10842474440037506f,0.957031324129037f,0.26895189056322943f,1.3973437818095098f,-0.6330222620629792f,0.2750722773692601f,-0.7236145783188435f,0.26055991257719435f,0f,0f,0f,1f], start_interpolation: 0, interpolation_duration: 1 }
$data merge entity $(bone_rightleg) { transformation: [-0.7665030270875531f,0.24667504681802344f,0.5929793678897636f,-0.19968041128567557f,0.10842474440037506f,0.9597468915498586f,-0.25909453672761473f,2.4204338883573664f,-0.6330222620629792f,-0.1343031103054203f,-0.7623945765120309f,0.15749898782935762f,0f,0f,0f,1f], start_interpolation: 0, interpolation_duration: 1 }
data modify entity @s data merge value {"locators":{"lefthand":{"posx":0.591035246989172,"posy":3.5240617402555827,"posz":2.70999669017558,"roty":96.40342069695514,"rotx":-11.072157594247251},"righthand":{"posx":-1.829045487117089,"posy":3.850583454940296,"posz":-0.9728536452416433,"roty":16.19369318955637,"rotx":-13.491085173118998},"chest":{"posx":-0.5612830601006245,"posy":2.7757078162852067,"posz":0.42102363231555173,"roty":42.41519083516772,"rotx":8.938028508172382},"sack":{"posx":0,"posy":-0.4375,"posz":0,"roty":0,"rotx":0}},"cameras":{}}