# This file was generated by Animated Java via MC-Build. It is not recommended to edit this file directly.
$data merge entity $(bone_nose) { transformation: [-0.9871457881155048f,-0.05609842906441513f,0.14965346391688955f,-0.21690372826029705f,-0.012991957133541218f,0.9614411124615176f,0.2747038338258122f,3.9183837802595263f,-0.1592934463675742f,0.2692284411522378f,-0.9498113730731366f,3.2879906358643685f,0f,0f,0f,1f], start_interpolation: 0, interpolation_duration: 1 }
$data merge entity $(bone_glowing_eye) { transformation: [-0.9871457881155048f,-0.05609842906441513f,0.14965346391688955f,-0.349317522378927f,-0.012991957133541218f,0.9614411124615176f,0.2747038338258122f,3.9722711986692696f,-0.1592934463675742f,0.2692284411522378f,-0.9498113730731366f,3.3194521695110075f,0f,0f,0f,1f], start_interpolation: 0, interpolation_duration: 1 }
$data merge entity $(bone_head) { transformation: [-0.9871457881155048f,-0.05609842906441513f,0.14965346391688955f,-0.18195351016125677f,-0.012991957133541218f,0.9614411124615176f,0.2747038338258122f,3.8511077025993075f,-0.1592934463675742f,0.2692284411522378f,-0.9498113730731366f,3.0768902206249584f,0f,0f,0f,1f], start_interpolation: 0, interpolation_duration: 1 }
$data merge entity $(bone_leftthumb2) { transformation: [-0.05834023676584443f,-0.039251723241674044f,0.9975247961813603f,0.578718082913483f,-0.44655823721154597f,0.8947084051806843f,0.009089030616782401f,1.6702622578527684f,-0.8928505796339171f,-0.44492265835940004f,-0.06972568053294964f,3.820995017204054f,0f,0f,0f,1f], start_interpolation: 0, interpolation_duration: 1 }
$data merge entity $(bone_leftthumb) { transformation: [-0.05834023676584443f,-0.039251723241674044f,0.9975247961813603f,0.6543378674460554f,-0.44655823721154597f,0.8947084051806843f,0.009089030616782401f,1.890459509744226f,-0.8928505796339171f,-0.44492265835940004f,-0.06972568053294964f,3.7059224898172043f,0f,0f,0f,1f], start_interpolation: 0, interpolation_duration: 1 }
$data merge entity $(bone_leftpointerfinger) { transformation: [-0.05834023676584443f,-0.039251723241674044f,0.9975247961813603f,0.7203572773519953f,-0.44655823721154597f,0.8947084051806843f,0.009089030616782401f,1.6461516697994887f,-0.8928505796339171f,-0.44492265835940004f,-0.06972568053294964f,3.9462998779638605f,0f,0f,0f,1f], start_interpolation: 0, interpolation_duration: 1 }
$data merge entity $(bone_leftmidfinger) { transformation: [-0.05834023676584443f,-0.039251723241674044f,0.9975247961813603f,0.8762205267553328f,-0.44655823721154597f,0.8947084051806843f,0.009089030616782401f,1.647571830833361f,-0.8928505796339171f,-0.44492265835940004f,-0.06972568053294964f,3.935405240380587f,0f,0f,0f,1f], start_interpolation: 0, interpolation_duration: 1 }
$data merge entity $(bone_leftringfinger) { transformation: [-0.05834023676584443f,-0.039251723241674044f,0.9975247961813603f,1.0320837761586703f,-0.44655823721154597f,0.8947084051806843f,0.009089030616782401f,1.648991991867233f,-0.8928505796339171f,-0.44492265835940004f,-0.06972568053294964f,3.9245106027973136f,0f,0f,0f,1f], start_interpolation: 0, interpolation_duration: 1 }
$data merge entity $(bone_invisibility) { transformation: [0.04783765593607247f,-0.9971499262641735f,0.05834023676584464f,0.6739526758481738f,0.8920959307933805f,0.06892453148486316f,0.4465582372115459f,1.6599966999321865f,-0.44930658679395463f,0.030682788513187197f,0.8928505796339169f,3.732405906041096f,0f,0f,0f,1f], start_interpolation: 0, interpolation_duration: 1 }
$data merge entity $(bone_swiftness) { transformation: [0.9975247961813603f,-0.039251723241674044f,0.058340236765844655f,0.8632653789879261f,0.009089030616782302f,0.8947084051806843f,0.44655823721154597f,1.5172841284185625f,-0.06972568053294984f,-0.44492265835940004f,0.8928505796339171f,3.733079928607495f,0f,0f,0f,1f], start_interpolation: 0, interpolation_duration: 1 }
$data merge entity $(bone_suspicious_stew) { transformation: [0.38599805297687545f,-0.9206529855880373f,0.05834023676584444f,0.8628284996591322f,0.814722385062569f,0.36988265173764984f,0.4465582372115462f,1.6197614366799886f,-0.43270421580569385f,-0.12483951326145856f,0.8928505796339173f,3.740188090551765f,0f,0f,0f,1f], start_interpolation: 0, interpolation_duration: 1 }
$data merge entity $(bone_log) { transformation: [-0.05834023676584443f,-0.039251723241674044f,0.9975247961813603f,0.8992116118781264f,-0.44655823721154597f,0.8947084051806843f,0.009089030616782401f,1.6901612008991533f,-0.8928505796339171f,-0.44492265835940004f,-0.06972568053294964f,3.597599625141178f,0f,0f,0f,1f], start_interpolation: 0, interpolation_duration: 1 }
$data merge entity $(bone_planks) { transformation: [-0.05834023676584443f,-0.039251723241674044f,0.9975247961813603f,0.8937422146813284f,-0.44655823721154597f,0.8947084051806843f,0.009089030616782401f,1.648296366160571f,-0.8928505796339171f,-0.44492265835940004f,-0.06972568053294964f,3.513894883300498f,0f,0f,0f,1f], start_interpolation: 0, interpolation_duration: 1 }
$data merge entity $(bone_lefthand) { transformation: [-0.05834023676584443f,-0.039251723241674044f,0.9975247961813603f,0.8728110903785015f,-0.44655823721154597f,0.8947084051806843f,0.009089030616782401f,2.0251938292904366f,-0.8928505796339171f,-0.44492265835940004f,-0.06972568053294964f,3.711760532976462f,0f,0f,0f,1f], start_interpolation: 0, interpolation_duration: 1 }
$data merge entity $(bone_leftforearm) { transformation: [-0.9662031027242145f,-0.039251723241674044f,0.2547761105532857f,0.7808436518265409f,-0.14751487888759285f,0.8947084051806843f,-0.4215877491173279f,2.651653305332589f,-0.21140228190083432f,-0.44492265835940004f,-0.8702602503191358f,3.3993094626099434f,0f,0f,0f,1f], start_interpolation: 0, interpolation_duration: 1 }
$data merge entity $(bone_leftelbow) { transformation: [-0.9920882912603368f,-0.07036088444169017f,0.10397195912710411f,0.767650985993724f,-0.09289665690996865f,0.9685114087167556f,-0.23098887921377748f,2.8332491944669806f,-0.08444544676355636f,-0.23882000989462482f,-0.9673851194818095f,3.3545307107547013f,0f,0f,0f,1f], start_interpolation: 0, interpolation_duration: 1 }
$data merge entity $(bone_leftarm) { transformation: [-0.9920882912603368f,-0.07036088444169017f,0.10397195912710411f,0.5122021063369583f,-0.09289665690996865f,0.9685114087167556f,-0.23098887921377748f,3.3044021576017335f,-0.08444544676355636f,-0.23882000989462482f,-0.9673851194818095f,3.2468790493116675f,0f,0f,0f,1f], start_interpolation: 0, interpolation_duration: 1 }
$data merge entity $(bone_rightthumb2) { transformation: [-0.35017037143425056f,-0.7078233259113874f,-0.613487449150625f,-1.6107645877618104f,0.8393801339354046f,-0.5278047122070307f,0.12985829402327592f,4.432510866118471f,-0.41571829611430455f,-0.46947665018379275f,0.7789544102243879f,3.543571379207896f,0f,0f,0f,1f], start_interpolation: 0, interpolation_duration: 1 }
$data merge entity $(bone_rightthumb) { transformation: [-0.35017037143425056f,-0.7078233259113874f,-0.613487449150625f,-1.8367800534524235f,0.8393801339354046f,-0.5278047122070307f,0.12985829402327592f,4.314168084146532f,-0.41571829611430455f,-0.46947665018379275f,0.7789544102243879f,3.495003248336948f,0f,0f,0f,1f], start_interpolation: 0, interpolation_duration: 1 }
$data merge entity $(bone_rightpointerfinger) { transformation: [-0.4997879941818678f,-0.7309034059062406f,0.46474957999585337f,-1.9919606352710884f,0.16578343983294633f,-0.6073744393195513f,-0.7769247978655437f,4.331654461748811f,0.8501339964669224f,-0.31124990232274363f,0.42473013356160766f,3.807156072286646f,0f,0f,0f,1f], start_interpolation: 0, interpolation_duration: 1 }
$data merge entity $(bone_rightmidfinger) { transformation: [-0.40011020015432835f,-0.789885849744215f,0.46474957999585337f,-1.9193435133967363f,0.2436434123394186f,-0.5805391856586318f,-0.7769247978655437f,4.21025996208232f,0.883487246855362f,-0.19762236282534248f,0.42473013356160766f,3.873520155655647f,0f,0f,0f,1f], start_interpolation: 0, interpolation_duration: 1 }
$data merge entity $(bone_rightringfinger) { transformation: [-0.4674307479664911f,-0.7520081939375157f,0.46474957999585337f,-1.8467263915223842f,0.19211895167731127f,-0.5995649813556445f,-0.7769247978655437f,4.088865462415829f,0.862901387333395f,-0.273871337278732f,0.42473013356160766f,3.9398842390246482f,0f,0f,0f,1f], start_interpolation: 0, interpolation_duration: 1 }
$data merge entity $(bone_hugeasssword) { transformation: [-3.374944457919893f,0.30898366253997717f,-1.9633025187211866f,-1.6493475376865023f,-1.5257611158572186f,2.076562755363447f,2.9496131811058333f,4.2938091299979275f,1.2736093204243253f,3.306462459653599f,-1.668982648084615f,3.694126018304706f,0f,0f,0f,1f], start_interpolation: 0, interpolation_duration: 1 }
$data merge entity $(bone_ice) { transformation: [-0.847364115945489f,0.2568693887982711f,0.46474957999585337f,-1.640121057574827f,-0.5294112564107217f,-0.34075149309607505f,-0.7769247978655437f,4.307405422958971f,-0.04120408467058162f,-0.9043818535614248f,0.42473013356160766f,3.708900798589581f,0f,0f,0f,1f], start_interpolation: 0, interpolation_duration: 1 }
$data merge entity $(bone_righthand) { transformation: [-0.847364115945489f,0.2568693887982711f,0.46474957999585337f,-1.773221314986761f,-0.5294112564107217f,-0.34075149309607505f,-0.7769247978655437f,4.065585835648974f,-0.04120408467058162f,-0.9043818535614248f,0.42473013356160766f,3.4857771307053795f,0f,0f,0f,1f], start_interpolation: 0, interpolation_duration: 1 }
$data merge entity $(bone_rightforearm) { transformation: [0.3833017568958081f,0.5272133576536085f,-0.7583705154290975f,-1.4146312433889758f,0.9209874726631424f,-0.280153902738892f,0.27073209262613307f,3.8068107167969605f,-0.06972688404155543f,-0.8022218310989646f,-0.5929403809406808f,2.935337529418715f,0f,0f,0f,1f], start_interpolation: 0, interpolation_duration: 1 }
$data merge entity $(bone_rightelbow) { transformation: [0.3414375900444325f,0.6370516408431552f,-0.6910756680738322f,-1.2951840607308842f,0.923334812145078f,-0.08988965792407416f,0.3733264979603063f,3.7899564059361968f,0.1757077026930341f,-0.7655619219222809f,-0.6189036652961426f,2.7917946690582873f,0f,0f,0f,1f], start_interpolation: 0, interpolation_duration: 1 }
$data merge entity $(bone_rightarm) { transformation: [0.3414375900444325f,0.81537740966018f,-0.4675254559064191f,-0.9475746582259383f,0.923334812145078f,-0.19799073350443347f,0.32901746781499314f,3.4786997531580255f,0.1757077026930341f,-0.5440214602956683f,-0.8204678262748057f,2.50698749851744f,0f,0f,0f,1f], start_interpolation: 0, interpolation_duration: 1 }
$data merge entity $(bone_chest) { transformation: [-0.9608657184464636f,-0.09132131301465582f,0.4919436959802936f,-0.09157761794292121f,0.11472753125224276f,0.9965457526366832f,0.4090785591859625f,3.278179655308164f,-0.48701722330759306f,0.41493143024140344f,-0.8742180754884312f,2.7584488424038396f,0f,0f,0f,1f], start_interpolation: 0, interpolation_duration: 1 }
$data merge entity $(bone_chest1lid) { transformation: [-0.8869529708736588f,-0.08429659662891308f,0.4541018732125787f,-0.5144936039914983f,0.10590233654053179f,0.9198883870492461f,0.37761097771011926f,2.5378739241391677f,-0.44955435997623977f,0.38301362791514165f,-0.8069705312200904f,2.6589716814399047f,0f,0f,0f,1f], start_interpolation: 0, interpolation_duration: 1 }
$data merge entity $(bone_chest1) { transformation: [-0.8869529708736588f,-0.08429659662891308f,0.4541018732125787f,-0.5013222607682307f,0.10590233654053179f,0.9198883870492461f,0.37761097771011926f,2.394141363662723f,-0.44955435997623977f,0.38301362791514165f,-0.8069705312200904f,2.599125802078164f,0f,0f,0f,1f], start_interpolation: 0, interpolation_duration: 1 }
$data merge entity $(bone_chest1lid3) { transformation: [-0.8869529708736588f,-0.08429659662891308f,0.4541018732125787f,-0.16815003078508642f,0.10590233654053179f,0.9198883870492461f,0.37761097771011926f,2.7731620607009297f,-0.44955435997623977f,0.38301362791514165f,-0.8069705312200904f,2.1701033323755494f,0f,0f,0f,1f], start_interpolation: 0, interpolation_duration: 1 }
$data merge entity $(bone_chest3) { transformation: [-0.8869529708736588f,-0.08429659662891308f,0.4541018732125787f,-0.15497868756181876f,0.10590233654053179f,0.9198883870492461f,0.37761097771011926f,2.629429500224485f,-0.44955435997623977f,0.38301362791514165f,-0.8069705312200904f,2.1102574530138085f,0f,0f,0f,1f], start_interpolation: 0, interpolation_duration: 1 }
$data merge entity $(bone_hugeasssword2) { transformation: [-1.778565670082601f,2.338173112009639f,-2.590352955343454f,-1.1618535894146544f,-1.4789763293646336f,2.1282704254944442f,2.936557813311802f,4.576044610364892f,3.1606345806120206f,2.3116421159034624f,-0.08353175203848749f,2.4351942949414243f,0f,0f,0f,1f], start_interpolation: 0, interpolation_duration: 1 }
$data merge entity $(bone_belt) { transformation: [-0.8869529708736588f,-0.08429659662891308f,0.4541018732125787f,-0.08903483010006615f,0.10590233654053179f,0.9198883870492461f,0.37761097771011926f,2.858938373623666f,-0.44955435997623977f,0.38301362791514165f,-0.8069705312200904f,2.725916148166528f,0f,0f,0f,1f], start_interpolation: 0, interpolation_duration: 1 }
$data merge entity $(bone_torn_part) { transformation: [-0.8869529708736588f,-0.1976350963061364f,0.41743837409425455f,-0.17540399113375155f,0.10590233654053179f,0.7927138404929455f,0.6003244641076864f,2.61275296624983f,-0.44955435997623977f,0.5766672661067117f,-0.6821698773966528f,2.5637069530510956f,0f,0f,0f,1f], start_interpolation: 0, interpolation_duration: 1 }
$data merge entity $(bone_lowerbody) { transformation: [-0.8869529708736588f,-0.06296180138414394f,0.45754807291131083f,-0.12238712074292235f,0.10590233654053179f,0.9365456747123244f,0.33416596818481203f,2.098121159190427f,-0.44955435997623977f,0.344844908247317f,-0.8240041666655897f,2.5551030290997385f,0f,0f,0f,1f], start_interpolation: 0, interpolation_duration: 1 }
$data merge entity $(bone_leftfoot) { transformation: [-0.9797593318177933f,0.004816972867758618f,0.200121084567175f,0.09834156482086262f,-0.003065791885878781f,0.9992321086716447f,-0.03906141215740616f,0.13511447187348047f,-0.20015557108425344f,-0.03888431267245901f,-0.9789922152866828f,2.8745986223083757f,0f,0f,0f,1f], start_interpolation: 0, interpolation_duration: 1 }
$data merge entity $(bone_leftlowerleg) { transformation: [-0.9797593318177933f,0.004816972867758618f,0.200121084567175f,0.07293766498203087f,-0.003065791885878781f,0.9992321086716447f,-0.03906141215740616f,1.2496392075153935f,-0.20015557108425344f,-0.03888431267245901f,-0.9789922152866828f,2.9818792087252235f,0f,0f,0f,1f], start_interpolation: 0, interpolation_duration: 1 }
$data merge entity $(bone_leftleg) { transformation: [-0.9797593318177933f,0.10423216315640683f,0.17090145663418824f,0.14861626484542165f,-0.003065791885878781f,0.8458296843080342f,-0.5334442295718304f,2.162129329042227f,-0.20015557108425344f,-0.523170910226388f,-0.828389972209242f,2.44132808312083f,0f,0f,0f,1f], start_interpolation: 0, interpolation_duration: 1 }
$data merge entity $(bone_rightfoot) { transformation: [-0.8175758425254968f,-0.03938206817317377f,0.5744726228682506f,-0.40140581525457275f,0.38467648411692557f,0.7050202028053265f,0.5957940216247363f,0.564069588572817f,-0.42847840585747676f,0.7080929079878853f,-0.5612581307839521f,0.9590553801803557f,0f,0f,0f,1f], start_interpolation: 0, interpolation_duration: 1 }
$data merge entity $(bone_rightlowerleg) { transformation: [-0.8175758425254968f,-0.03938206817317377f,0.5744726228682506f,-0.5333605023201691f,0.38467648411692557f,0.7050202028053265f,0.5957940216247363f,1.2546602312361799f,-0.42847840585747676f,0.7080929079878853f,-0.5612581307839521f,1.830830806270048f,0f,0f,0f,1f], start_interpolation: 0, interpolation_duration: 1 }
$data merge entity $(bone_rightleg) { transformation: [-0.8211779602684681f,0.16817425591741164f,0.5453294208237282f,-0.34321494476044345f,0.381204490916209f,0.872773011631173f,0.30487769067868187f,2.162129329042227f,-0.4246762221677025f,0.4582408644096214f,-0.7808107430808642f,2.3513166324179804f,0f,0f,0f,1f], start_interpolation: 0, interpolation_duration: 1 }
data modify entity @s data merge value {"locators":{"lefthand":{"posx":0.8921612250128463,"posy":1.6619849253796077,"posz":3.7171534134245134,"roty":86.00160320066428,"rotx":0.5207702645547063},"righthand":{"posx":-1.7308367398321247,"posy":4.275236809716741,"posz":3.712532473776711,"roty":132.4238872065302,"rotx":-50.979868772179024},"chest":{"posx":-0.6078957647314586,"posy":2.4246886326982753,"posz":2.74707390144909,"roty":29.36751221112101,"rotx":22.18577941068695},"sack":{"posx":0,"posy":-0.4375,"posz":0,"roty":0,"rotx":0}},"cameras":{}}