# This file was generated by Animated Java via MC-Build. It is not recommended to edit this file directly.
$data merge entity $(bone_nose) { transformation: [-0.9984007210303603f,-0.034200986525125536f,0.04501436178337881f,-0.0141932234822773f,-0.03125925120686292f,0.9974275366171224f,0.06450711907910317f,4.104260228080501f,-0.04710477109638658f,0.06299683895726474f,-0.9969014689633824f,3.2262490080338146f,0f,0f,0f,1f], start_interpolation: 0, interpolation_duration: 1 }
$data merge entity $(bone_glowing_eye) { transformation: [-0.9984007210303603f,-0.034200986525125536f,0.04501436178337881f,-0.14287980257024596f,-0.03125925120686292f,0.9974275366171224f,0.06450711907910317f,4.165635753770143f,-0.04710477109638658f,0.06299683895726474f,-0.9969014689633824f,3.259413809316385f,0f,0f,0f,1f], start_interpolation: 0, interpolation_duration: 1 }
$data merge entity $(bone_head) { transformation: [-0.9984007210303603f,-0.034200986525125536f,0.04501436178337881f,-0.0015410282284911009f,-0.03125925120686292f,0.9974275366171224f,0.06450711907910317f,3.9931802734032287f,-0.04710477109638658f,0.06299683895726474f,-0.9969014689633824f,3.031795570653755f,0f,0f,0f,1f], start_interpolation: 0, interpolation_duration: 1 }
$data merge entity $(bone_leftthumb2) { transformation: [-0.5182282820484468f,-0.13594540260216906f,0.8443685778121126f,0.8830651205884711f,0.17485444811238648f,0.9495896727564226f,0.2602025660320509f,2.0338155414438033f,-0.8371770240877542f,0.28248593045616505f,-0.4683335664180889f,2.012360151221898f,0f,0f,0f,1f], start_interpolation: 0, interpolation_duration: 1 }
$data merge entity $(bone_leftthumb) { transformation: [-0.5182282820484468f,-0.13594540260216906f,0.8443685778121126f,0.9218831579291873f,0.17485444811238648f,0.9495896727564226f,0.2602025660320509f,2.2889315475514542f,-0.8371770240877542f,0.28248593045616505f,-0.4683335664180889f,2.04161509126962f,0f,0f,0f,1f], start_interpolation: 0, interpolation_duration: 1 }
$data merge entity $(bone_leftpointerfinger) { transformation: [-0.5182282820484468f,-0.13594540260216906f,0.8443685778121126f,1.062751238592016f,0.17485444811238648f,0.9495896727564226f,0.2602025660320509f,1.9704197261987133f,-0.8371770240877542f,0.28248593045616505f,-0.4683335664180889f,2.018537496422441f,0f,0f,0f,1f], start_interpolation: 0, interpolation_duration: 1 }
$data merge entity $(bone_leftmidfinger) { transformation: [-0.5182282820484468f,-0.13594540260216906f,0.8443685778121126f,1.1946838288751584f,0.17485444811238648f,0.9495896727564226f,0.2602025660320509f,2.011076377141221f,-0.8371770240877542f,0.28248593045616505f,-0.4683335664180889f,1.9453603766696146f,0f,0f,0f,1f], start_interpolation: 0, interpolation_duration: 1 }
$data merge entity $(bone_leftringfinger) { transformation: [-0.5182282820484468f,-0.13594540260216906f,0.8443685778121126f,1.326616419158301f,0.17485444811238648f,0.9495896727564226f,0.2602025660320509f,2.051733028083729f,-0.8371770240877542f,0.28248593045616505f,-0.4683335664180889f,1.8721832569167882f,0f,0f,0f,1f], start_interpolation: 0, interpolation_duration: 1 }
$data merge entity $(bone_invisibility) { transformation: [-0.06183651875023029f,-0.8530039229886153f,0.518228282048447f,0.9243278892416913f,0.9686543452699936f,-0.17645022347640466f,-0.17485444811238635f,2.0989349754890174f,0.24059302637111676f,0.4911716868887689f,0.8371770240877539f,1.9070991270001956f,0f,0f,0f,1f], start_interpolation: 0, interpolation_duration: 1 }
$data merge entity $(bone_swiftness) { transformation: [0.8443685778121125f,-0.13594540260216906f,0.5182282820484471f,1.0740653507800004f,0.26020256603205094f,0.9495896727564226f,-0.17485444811238643f,2.028239456680923f,-0.46833356641808904f,0.28248593045616505f,0.8371770240877541f,1.7374304257702722f,0f,0f,0f,1f], start_interpolation: 0, interpolation_duration: 1 }
$data merge entity $(bone_suspicious_stew) { transformation: [0.23363720363324336f,-0.8227108269395474f,0.518228282048447f,1.089019438328439f,0.970586871065665f,0.16549032506547304f,-0.1748544481123864f,2.1032109407095696f,0.0580928807462808f,0.5438380710709487f,0.8371770240877544f,1.8060450553066711f,0f,0f,0f,1f], start_interpolation: 0, interpolation_duration: 1 }
$data merge entity $(bone_log) { transformation: [-0.5182282820484468f,-0.13594540260216906f,0.8443685778121126f,1.0630221386460688f,0.17485444811238648f,0.9495896727564226f,0.2602025660320509f,2.250499249597411f,-0.8371770240877542f,0.28248593045616505f,-0.4683335664180889f,1.7409173146796169f,0f,0f,0f,1f], start_interpolation: 0, interpolation_duration: 1 }
$data merge entity $(bone_planks) { transformation: [-0.5182282820484468f,-0.13594540260216906f,0.8443685778121126f,1.0144382372040268f,0.17485444811238648f,0.9495896727564226f,0.2602025660320509f,2.2668918541079472f,-0.8371770240877542f,0.28248593045616505f,-0.4683335664180889f,1.66243196867139f,0f,0f,0f,1f], start_interpolation: 0, interpolation_duration: 1 }
$data merge entity $(bone_lefthand) { transformation: [-0.5182282820484468f,-0.13594540260216906f,0.8443685778121126f,1.1322063404510097f,0.17485444811238648f,0.9495896727564226f,0.2602025660320509f,2.436051725569919f,-0.8371770240877542f,0.28248593045616505f,-0.4683335664180889f,2.035468477266162f,0f,0f,0f,1f], start_interpolation: 0, interpolation_duration: 1 }
$data merge entity $(bone_leftforearm) { transformation: [-0.9864720594356354f,-0.13594540260216906f,-0.09160635056670799f,0.976396574759237f,-0.156108568155008f,0.9495896727564226f,0.2718631426709849f,3.0897273171128563f,0.05002990007395233f,0.28248593045616505f,-0.9579659222503194f,2.2521864834079364f,0f,0f,0f,1f], start_interpolation: 0, interpolation_duration: 1 }
$data merge entity $(bone_leftelbow) { transformation: [-0.9606020228472035f,-0.06527010850768553f,-0.27015470870828034f,0.964158429414046f,-0.22092381315714074f,0.7690988061876358f,0.5997330198520527f,3.233933343273038f,0.16863102467212138f,0.6357883604283339f,-0.7532175902499102f,2.371396800988249f,0f,0f,0f,1f], start_interpolation: 0, interpolation_duration: 1 }
$data merge entity $(bone_leftarm) { transformation: [-0.9606020228472035f,-0.06527010850768553f,-0.27015470870828034f,0.7298340173095111f,-0.22092381315714074f,0.7690988061876358f,0.5997330198520527f,3.5514140053683545f,0.16863102467212138f,0.6357883604283339f,-0.7532175902499102f,2.749717067544752f,0f,0f,0f,1f], start_interpolation: 0, interpolation_duration: 1 }
$data merge entity $(bone_rightthumb2) { transformation: [-0.6230749013875243f,-0.45805275714883303f,-0.6340073650434029f,-0.11513558304571944f,-0.41407577171278315f,0.8808477914104375f,-0.22945244310710278f,1.8910203772851906f,0.6635653114361765f,0.1195610305898508f,-0.7385026996720481f,3.199957491718457f,0f,0f,0f,1f], start_interpolation: 0, interpolation_duration: 1 }
$data merge entity $(bone_rightthumb) { transformation: [-0.6230749013875243f,-0.45805275714883303f,-0.6340073650434029f,-0.28165027073898874f,-0.41407577171278315f,0.8808477914104375f,-0.22945244310710278f,2.0874332596133396f,0.6635653114361765f,0.1195610305898508f,-0.7385026996720481f,3.1661683433056647f,0f,0f,0f,1f], start_interpolation: 0, interpolation_duration: 1 }
$data merge entity $(bone_rightpointerfinger) { transformation: [-0.6230749013875243f,-0.45805275714883303f,-0.6340073650434029f,-0.22921962237519788f,-0.41407577171278315f,0.8808477914104375f,-0.22945244310710278f,1.7423599572550588f,0.6635653114361765f,0.1195610305898508f,-0.7385026996720481f,3.164897522034574f,0f,0f,0f,1f], start_interpolation: 0, interpolation_duration: 1 }
$data merge entity $(bone_rightmidfinger) { transformation: [-0.6230749013875243f,-0.45805275714883303f,-0.6340073650434029f,-0.3282832731632296f,-0.41407577171278315f,0.8808477914104375f,-0.22945244310710278f,1.706508013019574f,0.6635653114361765f,0.1195610305898508f,-0.7385026996720481f,3.0495064752108165f,0f,0f,0f,1f], start_interpolation: 0, interpolation_duration: 1 }
$data merge entity $(bone_rightringfinger) { transformation: [-0.6230749013875243f,-0.45805275714883303f,-0.6340073650434029f,-0.4273469239512613f,-0.41407577171278315f,0.8808477914104375f,-0.22945244310710278f,1.6706560687840892f,0.6635653114361765f,0.1195610305898508f,-0.7385026996720481f,2.9341154283870594f,0f,0f,0f,1f], start_interpolation: 0, interpolation_duration: 1 }
$data merge entity $(bone_hugeasssword) { transformation: [-1.665989017231438f,2.631930442611023f,2.374384239650218f,-0.24591460369922197f,-2.8533881601862654f,-2.5523269687489036f,0.8270917903616632f,1.9990042919345756f,2.1030773593833514f,-1.3779865629359958f,3.003081156178563f,2.9090718783815217f,0f,0f,0f,1f], start_interpolation: 0, interpolation_duration: 1 }
$data merge entity $(bone_ice) { transformation: [-0.6230749013875243f,-0.45805275714883303f,-0.6340073650434029f,-0.2290219840345914f,-0.41407577171278315f,0.8808477914104375f,-0.22945244310710278f,1.9917109791267997f,0.6635653114361765f,0.1195610305898508f,-0.7385026996720481f,2.896835529287365f,0f,0f,0f,1f], start_interpolation: 0, interpolation_duration: 1 }
$data merge entity $(bone_righthand) { transformation: [-0.6230749013875243f,-0.45805275714883303f,-0.6340073650434029f,-0.5191166288262871f,-0.41407577171278315f,0.8808477914104375f,-0.22945244310710278f,2.1012335952041163f,0.6635653114361765f,0.1195610305898508f,-0.7385026996720481f,3.0695389054291202f,0f,0f,0f,1f], start_interpolation: 0, interpolation_duration: 1 }
$data merge entity $(bone_rightforearm) { transformation: [-0.049779336281737474f,-0.3410474424724766f,-0.938727148676511f,-0.7411367915990681f,-0.2080487510499968f,0.922815273575535f,-0.3242340019835176f,2.7681572876585316f,0.9768509276577908f,0.17916085744016186f,-0.1168916262844346f,3.1362846319988162f,0f,0f,0f,1f], start_interpolation: 0, interpolation_duration: 1 }
$data merge entity $(bone_rightelbow) { transformation: [0.05309298854218403f,-0.23655271552657703f,-0.9701669687969499f,-0.7854904257603013f,-0.18939169710256498f,0.9515184843735687f,-0.2423702930724753f,2.9465670034785756f,0.9804651547282391f,0.19660973188636838f,0.005717839740723395f,3.1731489567275104f,0f,0f,0f,1f], start_interpolation: 0, interpolation_duration: 1 }
$data merge entity $(bone_rightarm) { transformation: [0.05309298854218403f,0.06613049946150418f,-0.9963974566450035f,-0.7329018467529955f,-0.18939169710256498f,0.980361460251778f,0.05497446972561284f,3.476459215166725f,0.9804651547282391f,0.18579064641142218f,0.06457488729960092f,3.049549562108307f,0f,0f,0f,1f], start_interpolation: 0, interpolation_duration: 1 }
$data merge entity $(bone_chest) { transformation: [-1.0599324323820638f,0.01806513755735966f,-0.22322186429825f,-0.03159129692063447f,-0.05431398453337282f,1.026829651848867f,0.34100141976119996f,3.3964023545486377f,0.2172656000840013f,0.34482695370298316f,-1.0037435639301358f,2.747590789642628f,0f,0f,0f,1f], start_interpolation: 0, interpolation_duration: 1 }
$data merge entity $(bone_chest1lid) { transformation: [-0.9783991683526744f,0.01667551159140892f,-0.2060509516599231f,-0.29640820582712435f,-0.050135985723113376f,0.9478427555528005f,0.3147705413180308f,2.608306231240328f,0.20055286161600122f,0.31830180341813835f,-0.9265325205508946f,2.961091884708138f,0f,0f,0f,1f], start_interpolation: 0, interpolation_duration: 1 }
$data merge entity $(bone_chest1) { transformation: [-0.9783991683526744f,0.01667551159140892f,-0.2060509516599231f,-0.299013754513282f,-0.050135985723113376f,0.9478427555528005f,0.3147705413180308f,2.460205800685203f,0.20055286161600122f,0.31830180341813835f,-0.9265325205508946f,2.911357227924054f,0f,0f,0f,1f], start_interpolation: 0, interpolation_duration: 1 }
$data merge entity $(bone_chest1lid3) { transformation: [-0.9783991683526744f,0.01667551159140892f,-0.2060509516599231f,-0.3672596487122204f,-0.050135985723113376f,0.9478427555528005f,0.3147705413180308f,2.813089608379886f,0.20055286161600122f,0.31830180341813835f,-0.9265325205508946f,2.354997434879221f,0f,0f,0f,1f], start_interpolation: 0, interpolation_duration: 1 }
$data merge entity $(bone_chest3) { transformation: [-0.9783991683526744f,0.01667551159140892f,-0.2060509516599231f,-0.36986519739837803f,-0.050135985723113376f,0.9478427555528005f,0.3147705413180308f,2.664989177824761f,0.20055286161600122f,0.31830180341813835f,-0.9265325205508946f,2.305262778095137f,0f,0f,0f,1f], start_interpolation: 0, interpolation_duration: 1 }
$data merge entity $(bone_hugeasssword2) { transformation: [0.8070328940013647f,2.8694179366138792f,-2.5407511469673896f,-1.2722704276713894f,-1.2328512868289538f,2.6528265226692134f,2.604393772639757f,4.517807117246114f,3.628919038824338f,0.2631157985357343f,1.4498256667602927f,3.1185412605255576f,0f,0f,0f,1f], start_interpolation: 0, interpolation_duration: 1 }
$data merge entity $(bone_belt) { transformation: [-0.9783991683526744f,0.01667551159140892f,-0.2060509516599231f,0.02007583361019842f,-0.050135985723113376f,0.9478427555528005f,0.3147705413180308f,2.9792496918971363f,0.20055286161600122f,0.31830180341813835f,-0.9265325205508946f,2.735663598092011f,0f,0f,0f,1f], start_interpolation: 0, interpolation_duration: 1 }
$data merge entity $(bone_torn_part) { transformation: [-0.9783991683526744f,0.06887131703735012f,-0.194914876436705f,-0.10514698530772724f,-0.050135985723113376f,0.8356694691934886f,0.5469395955619276f,2.706007755083985f,0.20055286161600122f,0.5448974948991911f,-0.8141653823089133f,2.672031842213451f,0f,0f,0f,1f], start_interpolation: 0, interpolation_duration: 1 }
$data merge entity $(bone_lowerbody) { transformation: [-0.9783991683526744f,0.007071708724699997f,-0.20660362606331034f,0.016000460616134207f,-0.050135985723113376f,0.9614600463565965f,0.2703349074676506f,2.2034250878170627f,0.20055286161600122f,0.2748537250897002f,-0.9403371626719581f,2.6504755948680523f,0f,0f,0f,1f], start_interpolation: 0, interpolation_duration: 1 }
$data merge entity $(bone_leftfoot) { transformation: [-0.9913357828870947f,0.1225687088332947f,0.047225810554930386f,0.02264816463960309f,0.11167908168509026f,0.9757650217903986f,-0.18817652607155266f,0.16665285771306926f,-0.06914584789852593f,-0.1812719886395078f,-0.9809991426362574f,2.9366465211166752f,0f,0f,0f,1f], start_interpolation: 0, interpolation_duration: 1 }
$data merge entity $(bone_leftlowerleg) { transformation: [-0.9913357828870947f,0.1225687088332947f,0.047225810554930386f,0.15136678682269553f,0.11167908168509026f,0.9757650217903986f,-0.18817652607155266f,1.2780546787203853f,-0.06914584789852593f,-0.1812719886395078f,-0.9809991426362574f,2.886274135114533f,0f,0f,0f,1f], start_interpolation: 0, interpolation_duration: 1 }
$data merge entity $(bone_leftleg) { transformation: [-0.9913357828870947f,0.1301640924401917f,0.01762596399781797f,0.25822787867399183f,0.11167908168509026f,0.9058766049622922f,-0.4085527619487672f,2.2546780227530543f,-0.06914584789852593f,-0.40304452064407525f,-0.9125644996914911f,2.479643414813778f,0f,0f,0f,1f], start_interpolation: 0, interpolation_duration: 1 }
$data merge entity $(bone_rightfoot) { transformation: [-0.9747990393170307f,0.14654017142797707f,0.1682046702813358f,-0.6321120738734574f,0.2224597207370119f,0.6949374049427683f,0.6837935915618261f,0.6837222662421042f,-0.016688486935743332f,0.7039801001230575f,-0.7100236003363026f,1.1040677808780526f,0f,0f,0f,1f], start_interpolation: 0, interpolation_duration: 1 }
$data merge entity $(bone_rightlowerleg) { transformation: [-0.9747990393170307f,0.14654017142797707f,0.1682046702813358f,-0.4953879828888401f,0.2224597207370119f,0.6949374049427683f,0.6837935915618261f,1.3496065561039763f,-0.016688486935743332f,0.7039801001230575f,-0.7100236003363026f,1.9941377242904907f,0f,0f,0f,1f], start_interpolation: 0, interpolation_duration: 1 }
$data merge entity $(bone_rightleg) { transformation: [-0.9587745418131202f,0.21517198879745564f,0.18561355879350253f,-0.24163976545628907f,0.2745440066845927f,0.8699474314759097f,0.40965479963261475f,2.2546780227530543f,-0.07332780076213732f,0.4437256829454602f,-0.8931576299455619f,2.4911472555481975f,0f,0f,0f,1f], start_interpolation: 0, interpolation_duration: 1 }
data modify entity @s data merge value {"locators":{"lefthand":{"posx":1.1090335156380908,"posy":2.1558542868085286,"posz":1.8046511593462387,"roty":60.984823423119764,"rotx":15.082082032043028},"righthand":{"posx":-0.2703718166304181,"posy":1.9427133232114868,"posz":2.968715740813916,"roty":319.3537849379345,"rotx":-13.264836937132333},"chest":{"posx":-0.2958299381157455,"posy":2.4983164123834882,"posz":3.092236005256082,"roty":347.4620683055165,"rotx":18.346962142759192},"sack":{"posx":0,"posy":-0.4375,"posz":0,"roty":0,"rotx":0}},"cameras":{}}