# This file was generated by Animated Java via MC-Build. It is not recommended to edit this file directly.
$data merge entity $(bone_nose) { transformation: [-0.9903198498755638f,-0.07767637014891457f,-0.1150346750459604f,-0.016164925336107458f,-0.03382374356040531f,0.9388188738081013f,-0.3427463735085292f,4.235749025476606f,0.13462001825137618f,-0.33553763380905144f,-0.9323582717946046f,2.6077445551431913f,0f,0f,0f,1f], start_interpolation: 0, interpolation_duration: 1 }
$data merge entity $(bone_glowing_eye) { transformation: [-0.9903198498755638f,-0.07767637014891457f,-0.1150346750459604f,-0.14120002106774124f,-0.03382374356040531f,0.9388188738081013f,-0.3427463735085292f,4.307047072111777f,0.13462001825137618f,-0.33553763380905144f,-0.9323582717946046f,2.6343886579906584f,0f,0f,0f,1f], start_interpolation: 0, interpolation_duration: 1 }
$data merge entity $(bone_head) { transformation: [-0.9903198498755638f,-0.07767637014891457f,-0.1150346750459604f,-0.02811450796450754f,-0.03382374356040531f,0.9388188738081013f,-0.3427463735085292f,4.0556456325764225f,0.13462001825137618f,-0.33553763380905144f,-0.9323582717946046f,2.4745869454259286f,0f,0f,0f,1f], start_interpolation: 0, interpolation_duration: 1 }
$data merge entity $(bone_leftthumb2) { transformation: [-0.8172325539499872f,-0.34738264193309654f,0.4598437265506222f,1.3252067288838825f,-0.5313533848926544f,0.7631323836501505f,-0.3678213498256432f,2.2805118895308887f,-0.22314688688731463f,-0.5449351017396673f,-0.8082395695364577f,3.1699051464683285f,0f,0f,0f,1f], start_interpolation: 0, interpolation_duration: 1 }
$data merge entity $(bone_leftthumb) { transformation: [-0.8172325539499872f,-0.34738264193309654f,0.4598437265506222f,1.2793108365813048f,-0.5313533848926544f,0.7631323836501505f,-0.3678213498256432f,2.4362312901254857f,-0.22314688688731463f,-0.5449351017396673f,-0.8082395695364577f,2.967193766766276f,0f,0f,0f,1f], start_interpolation: 0, interpolation_duration: 1 }
$data merge entity $(bone_leftpointerfinger) { transformation: [-0.8172325539499872f,-0.34738264193309654f,0.4598437265506222f,1.5042357512359423f,-0.5313533848926544f,0.7631323836501505f,-0.3678213498256432f,2.226703627439837f,-0.22314688688731463f,-0.5449351017396673f,-0.8082395695364577f,3.132521057955883f,0f,0f,0f,1f], start_interpolation: 0, interpolation_duration: 1 }
$data merge entity $(bone_leftmidfinger) { transformation: [-0.8172325539499872f,-0.34738264193309654f,0.4598437265506222f,1.576086333509477f,-0.5313533848926544f,0.7631323836501505f,-0.3678213498256432f,2.16923154152958f,-0.22314688688731463f,-0.5449351017396673f,-0.8082395695364577f,3.0062336252158115f,0f,0f,0f,1f], start_interpolation: 0, interpolation_duration: 1 }
$data merge entity $(bone_leftringfinger) { transformation: [-0.8172325539499872f,-0.34738264193309654f,0.4598437265506222f,1.6479369157830117f,-0.5313533848926544f,0.7631323836501505f,-0.3678213498256432f,2.1117594556193238f,-0.22314688688731463f,-0.5449351017396673f,-0.8082395695364577f,2.87994619247574f,0f,0f,0f,1f], start_interpolation: 0, interpolation_duration: 1 }
$data merge entity $(bone_invisibility) { transformation: [-0.30598272456748365f,-0.488370274515803f,0.8172325539499871f,1.2986395544541804f,0.7281706915918954f,0.43293304825307466f,0.5313533848926542f,2.222036889416251f,-0.6133041791581397f,0.7576697504187823f,0.22314688688731438f,3.0563362264597496f,0f,0f,0f,1f], start_interpolation: 0, interpolation_duration: 1 }
$data merge entity $(bone_swiftness) { transformation: [0.45984372655062206f,-0.34738264193309654f,0.8172325539499873f,1.3893376997207996f,-0.3678213498256433f,0.7631323836501505f,0.5313533848926543f,2.0220548389542015f,-0.8082395695364577f,-0.5449351017396673f,0.22314688688731446f,2.966962528523944f,0f,0f,0f,1f], start_interpolation: 0, interpolation_duration: 1 }
$data merge entity $(bone_suspicious_stew) { transformation: [-0.12049723707814014f,-0.5635701984854378f,0.8172325539499874f,1.401143814523036f,0.5361848023475406f,0.6558730350415753f,0.5313533848926546f,2.117298555840342f,-0.8354557280838186f,0.5022142902033323f,0.22314688688731463f,2.930335140065711f,0f,0f,0f,1f], start_interpolation: 0, interpolation_duration: 1 }
$data merge entity $(bone_log) { transformation: [-0.8172325539499872f,-0.34738264193309654f,0.4598437265506222f,1.302660607030648f,-0.5313533848926544f,0.7631323836501505f,-0.3678213498256432f,2.1456340981898476f,-0.22314688688731463f,-0.5449351017396673f,-0.8082395695364577f,2.8034120018805453f,0f,0f,0f,1f], start_interpolation: 0, interpolation_duration: 1 }
$data merge entity $(bone_planks) { transformation: [-0.8172325539499872f,-0.34738264193309654f,0.4598437265506222f,1.2260450550978368f,-0.5313533848926544f,0.7631323836501505f,-0.3678213498256432f,2.0958197183561613f,-0.22314688688731463f,-0.5449351017396673f,-0.8082395695364577f,2.7824919812348594f,0f,0f,0f,1f], start_interpolation: 0, interpolation_duration: 1 }
$data merge entity $(bone_lefthand) { transformation: [-0.8172325539499872f,-0.34738264193309654f,0.4598437265506222f,1.4057529685801637f,-0.5313533848926544f,0.7631323836501505f,-0.3678213498256432f,2.4807499575076f,-0.22314688688731463f,-0.5449351017396673f,-0.8082395695364577f,2.7482224347154713f,0f,0f,0f,1f], start_interpolation: 0, interpolation_duration: 1 }
$data merge entity $(bone_leftforearm) { transformation: [-0.937294209184354f,-0.34738264193309654f,-0.02837015179829816f,1.1033619440187814f,-0.2649938687047589f,0.7631323836501505f,-0.5894126013017744f,3.009974869862905f,0.22640188819522122f,-0.5449351017396673f,-0.80733383424307f,2.391829650477017f,0f,0f,0f,1f], start_interpolation: 0, interpolation_duration: 1 }
$data merge entity $(bone_leftelbow) { transformation: [-0.924876896052561f,-0.3147375339709907f,-0.21340808761159893f,1.0443486563992206f,-0.18645556608236033f,0.8644581705488457f,-0.4668472911437414f,3.1720607768408136f,0.3314167301526689f,-0.39198514778139515f,-0.8582019546084189f,2.3183324352680055f,0f,0f,0f,1f], start_interpolation: 0, interpolation_duration: 1 }
$data merge entity $(bone_leftarm) { transformation: [-0.924876896052561f,-0.3147375339709907f,-0.21340808761159893f,0.6913320711400901f,-0.18645556608236033f,0.8644581705488457f,-0.4668472911437414f,3.578091684882962f,0.3314167301526689f,-0.39198514778139515f,-0.8582019546084189f,2.221656082179717f,0f,0f,0f,1f], start_interpolation: 0, interpolation_duration: 1 }
$data merge entity $(bone_rightthumb2) { transformation: [-0.9271050412424577f,-0.3607313746526013f,0.10173061409460615f,-0.7268344531769512f,-0.3607109346045977f,0.7850308852670947f,-0.5036011624623591f,2.1124369666519924f,0.10180306557024094f,-0.50358652138238f,-0.8579258425542937f,3.453572711750738f,0f,0f,0f,1f], start_interpolation: 0, interpolation_duration: 1 }
$data merge entity $(bone_rightthumb) { transformation: [-0.9271050412424577f,-0.3607313746526013f,0.10173061409460615f,-0.806607473371202f,-0.3607109346045977f,0.7850308852670947f,-0.5036011624623591f,2.261923407190981f,0.10180306557024094f,-0.50358652138238f,-0.8579258425542937f,3.2567556965905364f,0f,0f,0f,1f], start_interpolation: 0, interpolation_duration: 1 }
$data merge entity $(bone_rightpointerfinger) { transformation: [-0.9271050412424577f,-0.3607313746526013f,0.10173061409460615f,-0.7848759824135263f,-0.3607109346045977f,0.7850308852670947f,-0.5036011624623591f,1.9412760849999144f,0.10180306557024094f,-0.50358652138238f,-0.8579258425542937f,3.3929144603461427f,0f,0f,0f,1f], start_interpolation: 0, interpolation_duration: 1 }
$data merge entity $(bone_rightmidfinger) { transformation: [-0.9271050412424577f,-0.3607313746526013f,0.10173061409460615f,-0.7689805739612441f,-0.3607109346045977f,0.7850308852670947f,-0.5036011624623591f,1.8625884033651707f,0.10180306557024094f,-0.50358652138238f,-0.8579258425542937f,3.2588635474470347f,0f,0f,0f,1f], start_interpolation: 0, interpolation_duration: 1 }
$data merge entity $(bone_rightringfinger) { transformation: [-0.9271050412424577f,-0.3607313746526013f,0.10173061409460615f,-0.7530851655089619f,-0.3607109346045977f,0.7850308852670947f,-0.5036011624623591f,1.7839007217304272f,0.10180306557024094f,-0.50358652138238f,-0.8579258425542937f,3.124812634547926f,0f,0f,0f,1f], start_interpolation: 0, interpolation_duration: 1 }
$data merge entity $(bone_hugeasssword) { transformation: [-2.794825735679222f,2.686928538853121f,-0.5564547709019241f,-0.5975813987027542f,-2.5601262774496276f,-2.267596703535695f,1.9089359369564345f,2.12573041210287f,0.9874109217923368f,1.7258904933362549f,3.3744035701608834f,3.1429361872890538f,0f,0f,0f,1f], start_interpolation: 0, interpolation_duration: 1 }
$data merge entity $(bone_ice) { transformation: [-0.9271050412424577f,-0.3607313746526013f,0.10173061409460615f,-0.5774589547043938f,-0.3607109346045977f,0.7850308852670947f,-0.5036011624623591f,2.1191004128737685f,0.10180306557024094f,-0.50358652138238f,-0.8579258425542937f,3.1492140537861184f,0f,0f,0f,1f], start_interpolation: 0, interpolation_duration: 1 }
$data merge entity $(bone_righthand) { transformation: [-0.9271050412424577f,-0.3607313746526013f,0.10173061409460615f,-0.8962389769877022f,-0.3607109346045977f,0.7850308852670947f,-0.5036011624623591f,2.209442864212444f,0.10180306557024094f,-0.50358652138238f,-0.8579258425542937f,3.021958007253262f,0f,0f,0f,1f], start_interpolation: 0, interpolation_duration: 1 }
$data merge entity $(bone_rightforearm) { transformation: [-0.8029079327592111f,-0.14502857010053502f,-0.5781916337745856f,-0.9389962002644623f,0.04834209189040193f,0.9509159604369744f,-0.3056499277570448f,2.8798100482727453f,0.5941396247213192f,-0.2733597447336037f,-0.756486983559657f,2.804438319310484f,0f,0f,0f,1f], start_interpolation: 0, interpolation_duration: 1 }
$data merge entity $(bone_rightelbow) { transformation: [-0.7885473888077124f,-0.11784557531842099f,-0.6035771996873383f,-0.9610922456366662f,0.0665461417266629f,0.9593535210605524f,-0.2742488516840412f,3.059688833471599f,0.611362925459038f,-0.2564239497523402f,-0.7486535456187834f,2.75635882873192f,0f,0f,0f,1f], start_interpolation: 0, interpolation_duration: 1 }
$data merge entity $(bone_rightarm) { transformation: [-0.7885473888077124f,0.06910784164267632f,-0.6110786543711286f,-0.7349473755645431f,0.0665461417266629f,0.9974199350042233f,0.026927388983446376f,3.5430003515652704f,0.611362925459038f,-0.01943140446961339f,-0.7911117455167157f,2.6376297286003463f,0f,0f,0f,1f], start_interpolation: 0, interpolation_duration: 1 }
$data merge entity $(bone_chest) { transformation: [-1.0397148318499205f,0.018159509281640115f,-0.3037670353495464f,-0.0642506425401402f,-0.025580526876475954f,1.0723596983398622f,0.15166220733021313f,3.4170596349608773f,0.3032322809120501f,0.15272858511163087f,-1.0287542341170632f,2.3051131596720267f,0f,0f,0f,1f], start_interpolation: 0, interpolation_duration: 1 }
$data merge entity $(bone_chest1lid) { transformation: [-0.9597367678614651f,0.016762623952283184f,-0.28040034032265826f,-0.29366088695237874f,-0.02361279403982396f,0.9898704907752575f,0.1399958836894275f,2.677688122522629f,0.27990672084189244f,0.1409802324107362f,-0.9496192930311355f,2.6759324131689852f,0f,0f,0f,1f], start_interpolation: 0, interpolation_duration: 1 }
$data merge entity $(bone_chest1) { transformation: [-0.9597367678614651f,0.016762623952283184f,-0.28040034032265826f,-0.296280046944923f,-0.02361279403982396f,0.9898704907752575f,0.1399958836894275f,2.5230208583389953f,0.27990672084189244f,0.1409802324107362f,-0.9496192930311355f,2.6539042518548075f,0f,0f,0f,1f], start_interpolation: 0, interpolation_duration: 1 }
$data merge entity $(bone_chest1lid3) { transformation: [-0.9597367678614651f,0.016762623952283184f,-0.28040034032265826f,-0.4133088069802401f,-0.02361279403982396f,0.9898704907752575f,0.1399958836894275f,2.768848785138658f,0.27990672084189244f,0.1409802324107362f,-0.9496192930311355f,2.050088383518296f,0f,0f,0f,1f], start_interpolation: 0, interpolation_duration: 1 }
$data merge entity $(bone_chest3) { transformation: [-0.9597367678614651f,0.016762623952283184f,-0.28040034032265826f,-0.41592796697278434f,-0.02361279403982396f,0.9898704907752575f,0.1399958836894275f,2.614181520955024f,0.27990672084189244f,0.1409802324107362f,-0.9496192930311355f,2.028060222204118f,0f,0f,0f,1f], start_interpolation: 0, interpolation_duration: 1 }
$data merge entity $(bone_hugeasssword2) { transformation: [1.098234666263744f,2.8157575953047402f,-2.4911177330824823f,-1.3015330812537185f,-0.5483172111169242f,2.687444287429213f,2.795937984958684f,4.5736039938689785f,3.7193422310386146f,-0.4352357340861767f,1.1477547656032387f,2.561968978874408f,0f,0f,0f,1f], start_interpolation: 0, interpolation_duration: 1 }
$data merge entity $(bone_belt) { transformation: [-0.9597367678614651f,0.016762623952283184f,-0.28040034032265826f,-0.0034834239863234875f,-0.02361279403982396f,0.9898704907752575f,0.1399958836894275f,3.005194999482817f,0.27990672084189244f,0.1409802324107362f,-0.9496192930311355f,2.364298980816702f,0f,0f,0f,1f], start_interpolation: 0, interpolation_duration: 1 }
$data merge entity $(bone_torn_part) { transformation: [-0.9597367678614651f,0.09139461991463989f,-0.26561694197751534f,-0.1268445215542702f,-0.02361279403982396f,0.9159935125640856f,0.40049759162589366f,2.7228082829499978f,0.27990672084189244f,0.3906442222677391f,-0.8769545707939335f,2.3585595850924985f,0f,0f,0f,1f], start_interpolation: 0, interpolation_duration: 1 }
$data merge entity $(bone_lowerbody) { transformation: [-0.9597367678614651f,0.007292043320554676f,-0.2808062722216856f,0.002807586185760956f,-0.02361279403982396f,0.9940304881971777f,0.1065167803311452f,2.224768848318854f,0.27990672084189244f,0.10885869114908438f,-0.9538354223810558f,2.4122043928699797f,0f,0f,0f,1f], start_interpolation: 0, interpolation_duration: 1 }
$data merge entity $(bone_leftfoot) { transformation: [-0.9873446547311389f,0.13116829553568324f,0.08913703506462338f,0.004313667510268626f,0.09332060176709388f,0.9349878076611277f,-0.3421827944401439f,0.18624080630736617f,-0.12822557490483602f,-0.3295340312794749f,-0.9353959184051543f,2.89229006624342f,0f,0f,0f,1f], start_interpolation: 0, interpolation_duration: 1 }
$data merge entity $(bone_leftlowerleg) { transformation: [-0.9873446547311389f,0.13116829553568324f,0.08913703506462338f,0.13613297990701623f,0.09332060176709388f,0.9349878076611277f,-0.3421827944401439f,1.2760677947474321f,-0.12822557490483602f,-0.3295340312794749f,-0.9353959184051543f,2.6704327407985615f,0f,0f,0f,1f], start_interpolation: 0, interpolation_duration: 1 }
$data merge entity $(bone_leftleg) { transformation: [-0.9873446547311389f,0.1392953462943714f,0.07581120810658135f,0.2513054988793272f,0.09332060176709388f,0.8968220699006534f,-0.4324366314559106f,2.243118973523894f,-0.12822557490483602f,-0.4198892490167362f,-0.8984716025008723f,2.2436912496658805f,0f,0f,0f,1f], start_interpolation: 0, interpolation_duration: 1 }
$data merge entity $(bone_rightfoot) { transformation: [-0.9861287498148165f,-0.012595833411629107f,0.16550357630375678f,-0.3250344569289167f,0.08640143946518576f,0.8124167125367963f,0.5766401620154882f,0.39767138125389145f,-0.1417211347929827f,0.5829411892906275f,-0.8000591789245456f,1.2422006596549977f,0f,0f,0f,1f], start_interpolation: 0, interpolation_duration: 1 }
$data merge entity $(bone_rightlowerleg) { transformation: [-0.9861287498148165f,-0.012595833411629107f,0.16550357630375678f,-0.3644368600408686f,0.08640143946518576f,0.8124167125367963f,0.5766401620154882f,1.210347933631429f,-0.1417211347929827f,0.5829411892906275f,-0.8000591789245456f,2.0118266341071362f,0f,0f,0f,1f], start_interpolation: 0, interpolation_duration: 1 }
$data merge entity $(bone_rightleg) { transformation: [-0.9679438932198992f,0.08629331191926425f,0.235877264475212f,-0.24864465570033392f,0.1256093617408655f,0.9795643674056287f,0.15708576750381625f,2.243118973523894f,-0.2175015122277473f,0.18167860200699257f,-0.9590025952787761f,2.2366312967076083f,0f,0f,0f,1f], start_interpolation: 0, interpolation_duration: 1 }
data modify entity @s data merge value {"locators":{"lefthand":{"posx":1.399230369637129,"posy":2.1415759691418916,"posz":2.8795338206236494,"roty":29.637488367050082,"rotx":-21.581316882733212},"righthand":{"posx":-0.6603281654371556,"posy":2.0808864233357633,"posz":3.180031721869839,"roty":6.7624079197865115,"rotx":-30.238538363232657},"chest":{"posx":-0.28088777176965185,"posy":2.5932089602089583,"posz":2.824246248205738,"roty":343.549363494718,"rotx":8.047608054314983},"sack":{"posx":0,"posy":-0.4375,"posz":0,"roty":0,"rotx":0}},"cameras":{}}