# This file was generated by Animated Java via MC-Build. It is not recommended to edit this file directly.
$data merge entity $(bone_nose) { transformation: [-0.9980851880956182f,-0.025368955334579866f,-0.056412528833286596f,0.003958157257824642f,-0.014780041534188977f,0.9834180653889815f,-0.18074971380016247f,3.8094945301557255f,0.060062531385065246f,-0.17956983257725956f,-0.9819099589839148f,2.4951854525325805f,0f,0f,0f,1f], start_interpolation: 0, interpolation_duration: 1 }
$data merge entity $(bone_glowing_eye) { transformation: [-0.9980851880956182f,-0.025368955334579866f,-0.056412528833286596f,-0.12055162520157274f,-0.014780041534188977f,0.9834180653889815f,-0.18074971380016247f,3.8805397924941953f,0.060062531385065246f,-0.17956983257725956f,-0.9819099589839148f,2.5247992939978117f,0f,0f,0f,1f], start_interpolation: 0, interpolation_duration: 1 }
$data merge entity $(bone_head) { transformation: [-0.9980851880956182f,-0.025368955334579866f,-0.056412528833286596f,-0.0034728915021239454f,-0.014780041534188977f,0.9834180653889815f,-0.18074971380016247f,3.6542188529652995f,0.060062531385065246f,-0.17956983257725956f,-0.9819099589839148f,2.333490624933961f,0f,0f,0f,1f], start_interpolation: 0, interpolation_duration: 1 }
$data merge entity $(bone_leftthumb2) { transformation: [-0.953233038043496f,-0.1276668835431169f,0.2739487945378749f,1.0976928332786577f,-0.24454373268651602f,0.8584427450355936f,-0.4508596414622852f,1.7606660062790829f,-0.1776095098414283f,-0.49676676654355884f,-0.8495161220787659f,2.9034207993065078f,0f,0f,0f,1f], start_interpolation: 0, interpolation_duration: 1 }
$data merge entity $(bone_leftthumb) { transformation: [-0.953233038043496f,-0.1276668835431169f,0.2739487945378749f,1.0897944667005552f,-0.24454373268651602f,0.8584427450355936f,-0.4508596414622852f,1.9326633133682112f,-0.1776095098414283f,-0.49676676654355884f,-0.8495161220787659f,2.708994951559903f,0f,0f,0f,1f], start_interpolation: 0, interpolation_duration: 1 }
$data merge entity $(bone_leftpointerfinger) { transformation: [-0.953233038043496f,-0.1276668835431169f,0.2739487945378749f,1.2487863761431108f,-0.24454373268651602f,0.8584427450355936f,-0.4508596414622852f,1.65659971272245f,-0.1776095098414283f,-0.49676676654355884f,-0.8495161220787659f,2.8516015187484727f,0f,0f,0f,1f], start_interpolation: 0, interpolation_duration: 1 }
$data merge entity $(bone_leftmidfinger) { transformation: [-0.953233038043496f,-0.1276668835431169f,0.2739487945378749f,1.2915908752896539f,-0.24454373268651602f,0.8584427450355936f,-0.4508596414622852f,1.586152893743968f,-0.1776095098414283f,-0.49676676654355884f,-0.8495161220787659f,2.7188646246736656f,0f,0f,0f,1f], start_interpolation: 0, interpolation_duration: 1 }
$data merge entity $(bone_leftringfinger) { transformation: [-0.953233038043496f,-0.1276668835431169f,0.2739487945378749f,1.3343953744361967f,-0.24454373268651602f,0.8584427450355936f,-0.4508596414622852f,1.5157060747654858f,-0.1776095098414283f,-0.49676676654355884f,-0.8495161220787659f,2.586127730598858f,0f,0f,0f,1f], start_interpolation: 0, interpolation_duration: 1 }
$data merge entity $(bone_invisibility) { transformation: [-0.1033048618447755f,-0.28403323872673497f,0.9532330380434959f,1.0475307162931182f,0.8158811042931939f,0.5239621994581896f,0.2445437326865159f,1.7187293018776928f,-0.5689166276147583f,0.8029873802478701f,0.17760950984142804f,2.7905132493774643f,0f,0f,0f,1f], start_interpolation: 0, interpolation_duration: 1 }
$data merge entity $(bone_swiftness) { transformation: [0.2739487945378747f,-0.1276668835431169f,0.9532330380434961f,1.0665370102048184f,-0.45085964146228524f,0.8584427450355936f,0.2445437326865159f,1.5052088834068942f,-0.8495161220787659f,-0.49676676654355884f,0.1776095098414281f,2.689249121314619f,0f,0f,0f,1f], start_interpolation: 0, interpolation_duration: 1 }
$data merge entity $(bone_suspicious_stew) { transformation: [0.00007027265172875052f,-0.3022362821438236f,0.9532330380434962f,1.1048805004350535f,0.58747182658705f,0.7714111846286781f,0.24454373268651616f,1.593953615429971f,-0.8092446156930729f,0.5599803692859764f,0.17760950984142826f,2.6545149186694252f,0f,0f,0f,1f], start_interpolation: 0, interpolation_duration: 1 }
$data merge entity $(bone_log) { transformation: [-0.953233038043496f,-0.1276668835431169f,0.2739487945378749f,1.012397892419549f,-0.24454373268651602f,0.8584427450355936f,-0.4508596414622852f,1.6571989379265146f,-0.1776095098414283f,-0.49676676654355884f,-0.8495161220787659f,2.535947113081404f,0f,0f,0f,1f], start_interpolation: 0, interpolation_duration: 1 }
$data merge entity $(bone_planks) { transformation: [-0.953233038043496f,-0.1276668835431169f,0.2739487945378749f,0.9230322951029712f,-0.24454373268651602f,0.8584427450355936f,-0.4508596414622852f,1.6342729629871537f,-0.1776095098414283f,-0.49676676654355884f,-0.8495161220787659f,2.51929622153377f,0f,0f,0f,1f], start_interpolation: 0, interpolation_duration: 1 }
$data merge entity $(bone_lefthand) { transformation: [-0.953233038043496f,-0.1276668835431169f,0.2739487945378749f,1.2102285312153351f,-0.24454373268651602f,0.8584427450355936f,-0.4508596414622852f,1.9470349211527385f,-0.1776095098414283f,-0.49676676654355884f,-0.8495161220787659f,2.482705177720833f,0f,0f,0f,1f], start_interpolation: 0, interpolation_duration: 1 }
$data merge entity $(bone_leftforearm) { transformation: [-0.9824862907252739f,-0.1276668835431169f,0.13572713576614143f,1.0569366240574054f,-0.1780012429981519f,0.8584427450355936f,-0.4810318191002207f,2.547018520741947f,-0.05510214177330365f,-0.49676676654355884f,-0.8661330923304178f,2.1435054907017244f,0f,0f,0f,1f], start_interpolation: 0, interpolation_duration: 1 }
$data merge entity $(bone_leftelbow) { transformation: [-0.9869751078013533f,-0.1479096766750597f,-0.06326819205877678f,1.0292035596808318f,-0.14016563779117228f,0.9836539824333114f,-0.11304174815385964f,2.7314536424481926f,0.07895397750019226f,-0.10270136507839606f,-0.9915738495179939f,2.124248984749525f,0f,0f,0f,1f], start_interpolation: 0, interpolation_duration: 1 }
$data merge entity $(bone_leftarm) { transformation: [-0.9869751078013533f,-0.1479096766750597f,-0.06326819205877678f,0.7413250475135926f,-0.14016563779117228f,0.9836539824333114f,-0.11304174815385964f,3.1961519550278377f,0.07895397750019226f,-0.10270136507839606f,-0.9915738495179939f,2.1211561675859314f,0f,0f,0f,1f], start_interpolation: 0, interpolation_duration: 1 }
$data merge entity $(bone_rightthumb2) { transformation: [-0.8802098856712479f,-0.07737344587167437f,0.46823488447631945f,-1.0488226586749514f,-0.16293910890763508f,0.9759178606143631f,-0.145035085831913f,1.5551781158121685f,-0.4457369223600339f,-0.20395509115446853f,-0.8716197088393409f,2.2297218888053196f,0f,0f,0f,1f], start_interpolation: 0, interpolation_duration: 1 }
$data merge entity $(bone_rightthumb) { transformation: [-0.8802098856712479f,-0.07737344587167437f,0.46823488447631945f,-1.0277837333340005f,-0.16293910890763508f,0.9759178606143631f,-0.145035085831913f,1.7821203158964056f,-0.4457369223600339f,-0.20395509115446853f,-0.8716197088393409f,2.105216991094732f,0f,0f,0f,1f], start_interpolation: 0, interpolation_duration: 1 }
$data merge entity $(bone_rightpointerfinger) { transformation: [-0.8802098856712479f,-0.07737344587167437f,0.46823488447631945f,-1.0767200174428224f,-0.16293910890763508f,0.9759178606143631f,-0.145035085831913f,1.437277283197174f,-0.4457369223600339f,-0.20395509115446853f,-0.8716197088393409f,2.0825301056448193f,0f,0f,0f,1f], start_interpolation: 0, interpolation_duration: 1 }
$data merge entity $(bone_rightmidfinger) { transformation: [-0.8802098856712479f,-0.07737344587167437f,0.46823488447631945f,-1.0035583167433975f,-0.16293910890763508f,0.9759178606143631f,-0.145035085831913f,1.4146155510359377f,-0.4457369223600339f,-0.20395509115446853f,-0.8716197088393409f,1.9463395261386724f,0f,0f,0f,1f], start_interpolation: 0, interpolation_duration: 1 }
$data merge entity $(bone_rightringfinger) { transformation: [-0.8802098856712479f,-0.07737344587167437f,0.46823488447631945f,-0.9303966160439726f,-0.16293910890763508f,0.9759178606143631f,-0.145035085831913f,1.3919538188747014f,-0.4457369223600339f,-0.20395509115446853f,-0.8716197088393409f,1.8101489466325253f,0f,0f,0f,1f], start_interpolation: 0, interpolation_duration: 1 }
$data merge entity $(bone_hugeasssword) { transformation: [-2.9921567955041306f,1.5674066925265788f,-1.9825518275997553f,-0.7927852171245988f,-2.074678938346353f,-3.2779161295873074f,0.5396766883525681f,1.6583957404929444f,-1.4432542366742904f,1.462456797786531f,3.334443746820068f,2.0369290762004195f,0f,0f,0f,1f], start_interpolation: 0, interpolation_duration: 1 }
$data merge entity $(bone_ice) { transformation: [-0.8802098856712479f,-0.07737344587167437f,0.46823488447631945f,-0.7778229775692406f,-0.16293910890763508f,0.9759178606143631f,-0.145035085831913f,1.6456929474975268f,-0.4457369223600339f,-0.20395509115446853f,-0.8716197088393409f,2.0470805139115837f,0f,0f,0f,1f], start_interpolation: 0, interpolation_duration: 1 }
$data merge entity $(bone_righthand) { transformation: [-0.8802098856712479f,-0.07737344587167437f,0.46823488447631945f,-1.0025864703150862f,-0.16293910890763508f,0.9759178606143631f,-0.145035085831913f,1.8444052889919615f,-0.4457369223600339f,-0.20395509115446853f,-0.8716197088393409f,1.8574193946317288f,0f,0f,0f,1f], start_interpolation: 0, interpolation_duration: 1 }
$data merge entity $(bone_rightforearm) { transformation: [-0.9997704012718016f,-0.017527901708652757f,-0.012325477780306324f,-0.9522325405341778f,-0.018966877076967918f,0.9915372531337049f,0.12842948735401244f,2.540758639179002f,0.009970070951011639f,0.1286337759290269f,-0.9916420469985491f,1.9627362958817398f,0f,0f,0f,1f], start_interpolation: 0, interpolation_duration: 1 }
$data merge entity $(bone_rightelbow) { transformation: [-0.9998074459545138f,-0.017970986247148494f,-0.007881285886000733f,-0.9556021004555182f,-0.018808372260981362f,0.992139715731039f,0.12371349805912679f,2.726784835878572f,0.005596083166324602f,0.12383791068343353f,-0.9922866802143206f,1.9859559041348835f,0f,0f,0f,1f], start_interpolation: 0, interpolation_duration: 1 }
$data merge entity $(bone_rightarm) { transformation: [-0.9998074459545138f,-0.01476928583209719f,-0.01292049573050074f,-0.7438750990774388f,-0.018808372260981362f,0.9090190980598791f,0.4163298265741914f,3.1723984092601576f,0.005596083166324602f,0.4164926740753237f,-0.9091218489810823f,2.221388155760571f,0f,0f,0f,1f], start_interpolation: 0, interpolation_duration: 1 }
$data merge entity $(bone_chest) { transformation: [-1.0807371097938814f,0.011668486789404952f,-0.07404226523766079f,-0.01844458755752164f,-0.017284766944874422f,1.0024895410460541f,0.41027681878951433f,3.0774954779379664f,0.0729359133564529f,0.41047494152557984f,-0.9999008881051875f,2.0094763387600705f,0f,0f,0f,1f], start_interpolation: 0, interpolation_duration: 1 }
$data merge entity $(bone_chest1lid) { transformation: [-0.997603485963583f,0.010770910882527648f,-0.06834670637322535f,-0.33966921014873935f,-0.01595516948757639f,0.9253749609655886f,0.37871706349801326f,2.291401690977269f,0.0673254584828796f,0.3788999460236122f,-0.9229854351740193f,2.134686211986851f,0f,0f,0f,1f], start_interpolation: 0, interpolation_duration: 1 }
$data merge entity $(bone_chest1) { transformation: [-0.997603485963583f,0.010770910882527648f,-0.06834670637322535f,-0.3413521649741343f,-0.01595516948757639f,0.9253749609655886f,0.37871706349801326f,2.146811853326396f,0.0673254584828796f,0.3788999460236122f,-0.9229854351740193f,2.075483095420662f,0f,0f,0f,1f], start_interpolation: 0, interpolation_duration: 1 }
$data merge entity $(bone_chest1lid3) { transformation: [-0.997603485963583f,0.010770910882527648f,-0.06834670637322535f,-0.3211036010463629f,-0.01595516948757639f,0.9253749609655886f,0.37871706349801326f,2.5350145078736577f,0.0673254584828796f,0.3788999460236122f,-0.9229854351740193f,1.539190826423315f,0f,0f,0f,1f], start_interpolation: 0, interpolation_duration: 1 }
$data merge entity $(bone_chest3) { transformation: [-0.997603485963583f,0.010770910882527648f,-0.06834670637322535f,-0.3227865558717578f,-0.01595516948757639f,0.9253749609655886f,0.37871706349801326f,2.3904246702227843f,0.0673254584828796f,0.3788999460236122f,-0.9229854351740193f,1.4799877098571255f,0f,0f,0f,1f], start_interpolation: 0, interpolation_duration: 1 }
$data merge entity $(bone_hugeasssword2) { transformation: [0.2676912666284651f,2.909249722701997f,-2.6086174910298707f,-1.253153473952824f,-1.4833084987005518f,2.4946724502378173f,2.629958752810572f,4.231884775353272f,3.615026287764909f,0.8081789373403502f,1.272285157417888f,2.2875355320962507f,0f,0f,0f,1f], start_interpolation: 0, interpolation_duration: 1 }
$data merge entity $(bone_belt) { transformation: [-0.997603485963583f,0.010770910882527648f,-0.06834670637322535f,0.01816378289271836f,-0.01595516948757639f,0.9253749609655886f,0.37871706349801326f,2.65982688346672f,0.0673254584828796f,0.3788999460236122f,-0.9229854351740193f,1.9772138739099685f,0f,0f,0f,1f], start_interpolation: 0, interpolation_duration: 1 }
$data merge entity $(bone_torn_part) { transformation: [-0.997603485963583f,0.03061364367594511f,-0.062049090357470194f,-0.10838737867629093f,-0.01595516948757639f,0.7708353085304595f,0.636834640773705f,2.3960529239367925f,0.0673254584828796f,0.6362984613714177f,-0.7684995450203186f,1.8732292398287365f,0f,0f,0f,1f], start_interpolation: 0, interpolation_duration: 1 }
$data merge entity $(bone_lowerbody) { transformation: [-0.997603485963583f,0.010538229573459151f,-0.06838296944974169f,-0.006494428080205462f,-0.01595516948757639f,0.9266585697866121f,0.37556534399176555f,1.8923271646796023f,0.0673254584828796f,0.37575635824093195f,-0.9242696802782089f,1.8131551275155608f,0f,0f,0f,1f], start_interpolation: 0, interpolation_duration: 1 }
$data merge entity $(bone_leftfoot) { transformation: [-0.9942472137368124f,0.026958151371897263f,0.10366164214016318f,0.18540846426678503f,-0.021196539922580252f,0.8991469878429859f,-0.4371331615745894f,0.371887717896372f,-0.10499135522458906f,-0.43681569606356346f,-0.8934029678709426f,2.968187787832245f,0f,0f,0f,1f], start_interpolation: 0, interpolation_duration: 1 }
$data merge entity $(bone_leftlowerleg) { transformation: [-0.9942472137368124f,0.026958151371897263f,0.10366164214016318f,0.19938800564983183f,-0.021196539922580252f,0.8991469878429859f,-0.4371331615745894f,1.436542505353038f,-0.10499135522458906f,-0.43681569606356346f,-0.8934029678709426f,2.6208628323871155f,0f,0f,0f,1f], start_interpolation: 0, interpolation_duration: 1 }
$data merge entity $(bone_leftleg) { transformation: [-0.9942472137368124f,0.08606365075725025f,0.06376147735835047f,0.25809994072695336f,-0.021196539922580252f,0.42542220167037775f,-0.9047467363971196f,1.9114525041711454f,-0.10499135522458906f,-0.9008934445006592f,-0.4211505870633943f,1.6713501186988784f,0f,0f,0f,1f], start_interpolation: 0, interpolation_duration: 1 }
$data merge entity $(bone_rightfoot) { transformation: [-0.9834955011264118f,-0.0900573305923459f,0.15692761538584907f,-0.32964109213480564f,0.055369616073432826f,0.6759095106827089f,0.734901720629732f,0.44803407533394424f,-0.17225215493568938f,0.7314615578246346f,-0.6597675231055022f,1.333107461496343f,0f,0f,0f,1f], start_interpolation: 0, interpolation_duration: 1 }
$data merge entity $(bone_rightlowerleg) { transformation: [-0.9834955011264118f,-0.0900573305923459f,0.15692761538584907f,-0.4536596848064077f,0.055369616073432826f,0.6759095106827089f,0.734901720629732f,1.0849567545678438f,-0.17225215493568938f,0.7314615578246346f,-0.6597675231055022f,2.245943020650294f,0f,0f,0f,1f], start_interpolation: 0, interpolation_duration: 1 }
$data merge entity $(bone_rightleg) { transformation: [-0.9676994710557645f,0.17846743720742353f,0.17806489708813494f,-0.2384345680948846f,0.021708858743292987f,0.7626731008428569f,-0.6464197295123387f,1.9114525041711454f,-0.2511701796998551f,-0.6216744446310752f,-0.7419126806587059f,1.612583788636026f,0f,0f,0f,1f], start_interpolation: 0, interpolation_duration: 1 }
data modify entity @s data merge value {"locators":{"lefthand":{"posx":1.1074570150982783,"posy":1.620103755307818,"posz":2.604681597672734,"roty":17.87328007348981,"rotx":-26.798851040475117},"righthand":{"posx":-0.8664498643291176,"posy":1.6174348626814603,"posz":2.022098533690234,"roty":28.24473167090821,"rotx":-8.339310936427527},"chest":{"posx":-0.36083832814444283,"posy":2.1738926156988683,"posz":2.257325360183906,"roty":355.7649995597526,"rotx":22.254237237137456},"sack":{"posx":0,"posy":-0.4375,"posz":0,"roty":0,"rotx":0}},"cameras":{}}