# This file was generated by Animated Java via MC-Build. It is not recommended to edit this file directly.
$data merge entity $(bone_nose) { transformation: [-1f,0f,1.2246467991473532e-16f,-1.2362943136298432e-17f,0f,1f,0f,4.213815151748971f,-1.2246467991473532e-16f,0f,-1f,0.101578783436214f,0f,0f,0f,1f], start_interpolation: 0, interpolation_duration: 1 }
$data merge entity $(bone_glowing_eye) { transformation: [-1f,0f,1.2246467991473532e-16f,-0.12500000000000003f,0f,1f,0f,4.281523276748971f,-1.2246467991473532e-16f,0f,-1f,0.13647440843621395f,0f,0f,0f,1f], start_interpolation: 0, interpolation_duration: 1 }
$data merge entity $(bone_head) { transformation: [-1f,0f,1.2246467991473532e-16f,1.0569180501135333e-17f,0f,1f,0f,4.090338276748971f,-1.2246467991473532e-16f,0f,-1f,-0.085676216563786f,0f,0f,0f,1f], start_interpolation: 0, interpolation_duration: 1 }
$data merge entity $(bone_leftthumb2) { transformation: [-0.9983662846435121f,0.000593905804667244f,0.05713500645843106f,0.9480967342412775f,-0.0024997085872550356f,0.9985346152910992f,-0.05405898188493292f,1.863409855326083f,-0.05708338763675978f,-0.05411348576234841f,-0.9969018093646733f,0.2603224123439813f,0f,0f,0f,1f], start_interpolation: 0, interpolation_duration: 1 }
$data merge entity $(bone_leftthumb) { transformation: [-0.9983662846435121f,0.000593905804667244f,0.05713500645843106f,0.953125f,-0.0024997085872550356f,0.9985346152910992f,-0.05405898188493292f,2.1036732352721788f,-0.05708338763675978f,-0.05411348576234841f,-0.9969018093646733f,0.161858749438127f,0f,0f,0f,1f], start_interpolation: 0, interpolation_duration: 1 }
$data merge entity $(bone_leftpointerfinger) { transformation: [-0.9999759903934067f,0.006929548089551851f,1.2234742904110203e-16f,1.0625f,0.006922913559759668f,0.999018587339991f,-0.043748547599352865f,1.7738116775231094f,-0.0003031576644378861f,-0.043747497213935976f,-0.9990425739591617f,0.129383620964829f,0f,0f,0f,1f], start_interpolation: 0, interpolation_duration: 1 }
$data merge entity $(bone_leftmidfinger) { transformation: [-0.9999759903934067f,0.006929548089551851f,1.2234742904110203e-16f,1.0625f,0.006922913559759668f,0.999018587339991f,-0.043748547599352865f,1.7669759669607104f,-0.0003031576644378861f,-0.043747497213935976f,-0.9990425739591617f,-0.02671678121629003f,0f,0f,0f,1f], start_interpolation: 0, interpolation_duration: 1 }
$data merge entity $(bone_leftringfinger) { transformation: [-0.999945978655382f,0.010394218149063675f,1.2234742904110203e-16f,1.0625f,0.010384266453933602f,0.9989886043359859f,-0.043748547599352865f,1.7601402563983115f,-0.00045473194745249184f,-0.04374618424398646f,-0.9990425739591617f,-0.18281718339740907f,0f,0f,0f,1f], start_interpolation: 0, interpolation_duration: 1 }
$data merge entity $(bone_invisibility) { transformation: [-2.0604405947811534e-16f,-6.59037587757909e-17f,0.9999999999999998f,0.875f,0.9914279781858945f,0.13065436873763273f,4.5743874441769875e-17f,1.8844491011623723f,-0.13065436873763256f,0.9914279781858945f,-1.017958659652487e-16f,0.15581870400737358f,0f,0f,0f,1f], start_interpolation: 0, interpolation_duration: 1 }
$data merge entity $(bone_swiftness) { transformation: [-9.969717588392928e-17f,5.357651878489312e-18f,1f,0.822916875f,-0.043748547599352865f,0.9990425739591617f,-9.714128967742234e-18f,1.7409590251299876f,-0.9990425739591617f,-0.043748547599352865f,-9.936733372331312e-17f,-0.025577487008276167f,0f,0f,0f,1f], start_interpolation: 0, interpolation_duration: 1 }
$data merge entity $(bone_suspicious_stew) { transformation: [5.656193940750052e-17f,2.4021163225498618e-18f,1.0000000000000002f,0.875f,0.8869511292202079f,0.46186328537241206f,1.1091600681902422e-16f,1.829416127833158f,-0.4618632853724122f,0.8869511292202079f,1.1760761543086423e-16f,-0.02945106544124959f,0f,0f,0f,1f], start_interpolation: 0, interpolation_duration: 1 }
$data merge entity $(bone_log) { transformation: [-1f,5.357651878489312e-18f,1.2234742904110203e-16f,0.78125f,0f,0.9990425739591617f,-0.043748547599352865f,1.9522457364093335f,-1.2246467991473532e-16f,-0.043748547599352865f,-0.9990425739591617f,-0.08174975454550443f,0f,0f,0f,1f], start_interpolation: 0, interpolation_duration: 1 }
$data merge entity $(bone_planks) { transformation: [-1f,5.357651878489312e-18f,1.2234742904110203e-16f,0.6875f,0f,0.9990425739591617f,-0.043748547599352865f,1.9522457364093335f,-1.2246467991473532e-16f,-0.043748547599352865f,-0.9990425739591617f,-0.08174975454550443f,0f,0f,0f,1f], start_interpolation: 0, interpolation_duration: 1 }
$data merge entity $(bone_lefthand1) { transformation: [-1f,5.357651878489312e-18f,1.2234742904110203e-16f,1.03125f,0f,0.9990425739591617f,-0.043748547599352865f,2.2033735220116037f,-1.2246467991473532e-16f,-0.043748547599352865f,-0.9990425739591617f,-0.06146681100911881f,0f,0f,0f,1f], start_interpolation: 0, interpolation_duration: 1 }
$data merge entity $(bone_leftforearm) { transformation: [-1f,5.357651878489312e-18f,1.2234742904110203e-16f,0.96875f,0f,0.9990425739591617f,-0.043748547599352865f,2.906508902882879f,-1.2246467991473532e-16f,-0.043748547599352865f,-0.9990425739591617f,-0.0766174683218019f,0f,0f,0f,1f], start_interpolation: 0, interpolation_duration: 1 }
$data merge entity $(bone_leftelbow) { transformation: [-1f,5.5142409150392024e-18f,1.223404715282293e-16f,0.96875f,0f,0.9989857615551481f,-0.04502719411734413f,3.0938187331744693f,-1.2246467991473532e-16f,-0.04502719411734413f,-0.9989857615551481f,-0.08506006721880392f,0f,0f,0f,1f], start_interpolation: 0, interpolation_duration: 1 }
$data merge entity $(bone_leftarm) { transformation: [-1f,8.486248887407324e-19f,1.2246173958594898e-16f,0.75f,0f,0.9999759903934067f,-0.006929548089551846f,3.5940232767489713f,-1.2246467991473532e-16f,-0.006929548089551846f,-0.9999759903934067f,-0.057275591563785914f,0f,0f,0f,1f], start_interpolation: 0, interpolation_duration: 1 }
$data merge entity $(bone_rightthumb2) { transformation: [-0.1779338526789403f,-0.9453970361990799f,-0.2730640730979173f,-0.7270919514563298f,0.0766840117714081f,0.26332691814883574f,-0.9616540420114079f,2.133116890569346f,0.9810500019924934f,-0.1920504572351545f,0.025642064392250204f,0.24158956138516818f,0f,0f,0f,1f], start_interpolation: 0, interpolation_duration: 1 }
$data merge entity $(bone_rightthumb) { transformation: [-0.1779338526789403f,-0.9453970361990799f,-0.2730640730979173f,-0.9822788571331479f,0.0766840117714081f,0.26332691814883574f,-0.9616540420114079f,2.115515291998272f,0.9810500019924934f,-0.1920504572351545f,0.025642064392250204f,0.19668193384447652f,0f,0f,0f,1f], start_interpolation: 0, interpolation_duration: 1 }
$data merge entity $(bone_rightpointerfinger) { transformation: [-0.23501893973958757f,-0.9719808973615933f,0.004385559010155603f,-1.0976856258002177f,-0.9693607542091374f,0.23404894290978465f,-0.07457090935414695f,1.786910412462256f,0.07145506394071839f,-0.021776764841541625f,-0.9972060701531373f,0.17374108019981602f,0f,0f,0f,1f], start_interpolation: 0, interpolation_duration: 1 }
$data merge entity $(bone_rightmidfinger) { transformation: [-0.1923980425111665f,-0.9813071690913296f,0.004385559010155603f,-1.0970003822048808f,-0.9786472090671163f,0.19154325794253146f,-0.07457090935414695f,1.7752587078756705f,0.07233694369417967f,-0.018639212073503435f,-0.9972060701531373f,0.01792763173838833f,0f,0f,0f,1f], start_interpolation: 0, interpolation_duration: 1 }
$data merge entity $(bone_rightringfinger) { transformation: [-0.1061393546870978f,-0.994341593346459f,0.004385559010155603f,-1.0963151386095442f,-0.991617255889233f,0.10551965362340235f,-0.07457090935414695f,1.7636070032890852f,0.07368619415680024f,-0.012263704188470023f,-0.9972060701531373f,-0.13788581672303937f,0f,0f,0f,1f], start_interpolation: 0, interpolation_duration: 1 }
$data merge entity $(bone_hugeasssword) { transformation: [-3.9159165375657126f,0.07470212228356402f,0.017176772789776112f,-0.8276206004674593f,0.07321417568395192f,3.9050752785033884f,-0.2920693949704089f,1.9739824061292102f,-0.02269654326234649f,-0.2916923720733759f,-3.905723774766455f,0.019920573918996536f,0f,0f,0f,1f], start_interpolation: 0, interpolation_duration: 1 }
$data merge entity $(bone_ice) { transformation: [-0.9998084776763521f,0.01907288228516528f,0.004385559010155603f,-0.8122966067894721f,0.01869298102568985f,0.9970404966391629f,-0.07457090935414695f,1.9581115705406968f,-0.005794862109535274f,-0.07447464818894703f,-0.9972060701531373f,0.021174785017410318f,0f,0f,0f,1f], start_interpolation: 0, interpolation_duration: 1 }
$data merge entity $(bone_righthand1) { transformation: [-0.9998084776763521f,0.01907288228516528f,0.004385559010155603f,-1.0573434569182014f,0.01869298102568985f,0.9970404966391629f,-0.07457090935414695f,2.209714599039593f,-0.005794862109535274f,-0.07447464818894703f,-0.9972060701531373f,-0.030055282249495795f,0f,0f,0f,1f], start_interpolation: 0, interpolation_duration: 1 }
$data merge entity $(bone_rightforearm) { transformation: [-0.9998084776763521f,0.01907288228516528f,0.004385559010155603f,-0.9815133310662062f,0.01869298102568985f,0.9970404966391629f,-0.07457090935414695f,2.9107555573835575f,-0.005794862109535274f,-0.07447464818894703f,-0.9972060701531373f,-0.06647674552936045f,0f,0f,0f,1f], start_interpolation: 0, interpolation_duration: 1 }
$data merge entity $(bone_rightelbow) { transformation: [-0.9998084776763521f,0.01907288228516528f,0.004385559010155603f,-0.9779371656377377f,0.01869298102568985f,0.9970404966391629f,-0.07457090935414695f,3.0977006505034006f,-0.005794862109535274f,-0.07447464818894703f,-0.9972060701531373f,-0.08044074206478802f,0f,0f,0f,1f], start_interpolation: 0, interpolation_duration: 1 }
$data merge entity $(bone_rightarm) { transformation: [-0.9998084776763521f,0.018798334659770172f,0.005443397883180312f,-0.75f,0.01869298102568985f,0.999648535773645f,-0.01879833465977017f,3.5940232767489713f,-0.005794862109535274f,-0.018692981025689847f,-0.9998084776763521f,-0.057275591563786095f,0f,0f,0f,1f], start_interpolation: 0, interpolation_duration: 1 }
$data merge entity $(bone_chest1) { transformation: [-1.0833333333333333f,0f,1.3267006990762992e-16f,-0.0023231249999999797f,0f,1.0833333333333333f,0f,3.433722651748971f,-1.3267006990762992e-16f,0f,-1.0833333333333333f,-0.167344966563786f,0f,0f,0f,1f], start_interpolation: 0, interpolation_duration: 1 }
$data merge entity $(bone_chest1lid) { transformation: [-1f,0f,1.2246467991473532e-16f,-0.34375000000000006f,0f,1f,0f,2.7502732767489713f,-1.2246467991473532e-16f,0f,-1f,0.22397440843621394f,0f,0f,0f,1f], start_interpolation: 0, interpolation_duration: 1 }
$data merge entity $(bone_chest2) { transformation: [-1f,0f,1.2246467991473532e-16f,-0.34375000000000006f,0f,1f,0f,2.5940232767489713f,-1.2246467991473532e-16f,0f,-1f,0.22397440843621394f,0f,0f,0f,1f], start_interpolation: 0, interpolation_duration: 1 }
$data merge entity $(bone_chest1lid3) { transformation: [-1f,0f,1.2246467991473532e-16f,-0.28124999999999994f,0f,1f,0f,2.7502732767489713f,-1.2246467991473532e-16f,0f,-1f,-0.41665059156378603f,0f,0f,0f,1f], start_interpolation: 0, interpolation_duration: 1 }
$data merge entity $(bone_chest3) { transformation: [-1f,0f,1.2246467991473532e-16f,-0.28124999999999994f,0f,1f,0f,2.5940232767489713f,-1.2246467991473532e-16f,0f,-1f,-0.41665059156378603f,0f,0f,0f,1f], start_interpolation: 0, interpolation_duration: 1 }
$data merge entity $(bone_hugeasssword2) { transformation: [-1.3493280322890861e-15f,2.887669569172986f,-2.646061646494669f,-1.234375f,2.1741867565575984e-16f,2.6460616464946694f,2.887669569172986f,4.594023276748971f,3.916666666666667f,5.710562051440511e-16f,-1.1937237951956666e-15f,-0.43227559156378614f,0f,0f,0f,1f], start_interpolation: 0, interpolation_duration: 1 }
$data merge entity $(bone_belt) { transformation: [-1f,0f,1.2246467991473532e-16f,0.029705625000000003f,0f,1f,0f,3.035392651748971f,-1.2246467991473532e-16f,0f,-1f,-0.036442466563786f,0f,0f,0f,1f], start_interpolation: 0, interpolation_duration: 1 }
$data merge entity $(bone_torn_part) { transformation: [-1f,-3.6825839484795376e-17f,1.16796641102639e-16f,-0.09375f,0f,0.9537169507482269f,0.30070579950427306f,2.7502732767489713f,-1.2246467991473532e-16f,0.30070579950427306f,-0.9537169507482269f,-0.041650591563786005f,0f,0f,0f,1f], start_interpolation: 0, interpolation_duration: 1 }
$data merge entity $(bone_lowerbody) { transformation: [-1f,0f,1.2246467991473532e-16f,0.003906249999999988f,0f,1f,0f,2.2619920267489713f,-1.2246467991473532e-16f,0f,-1f,0.098974408436214f,0f,0f,0f,1f], start_interpolation: 0, interpolation_duration: 1 }
$data merge entity $(bone_leftfoot) { transformation: [-0.9999742808485569f,-0.0013859682058607987f,-0.007036812740428709f,0.2830223336910708f,-0.001406522962700744f,0.9999947566094111f,0.002916924208822427f,0.11080742540784927f,0.007032733079458676f,0.002926746626710588f,-0.9999709869889306f,-0.2551451458870141f,0f,0f,0f,1f], start_interpolation: 0, interpolation_duration: 1 }
$data merge entity $(bone_leftlowerleg) { transformation: [-0.9999742808485569f,-0.0013507404026966855f,-0.007043659686273861f,0.28260608355161404f,-0.001406522962700744f,0.9999676422793562f,0.007920611555993398f,1.2189295612486073f,0.007032733079458676f,0.00793031491367546f,-0.9999438238075192f,-0.09271045900585924f,0f,0f,0f,1f], start_interpolation: 0, interpolation_duration: 1 }
$data merge entity $(bone_leftleg) { transformation: [-0.9999742808485569f,-0.0014492300084929081f,-0.007024056790345622f,0.25f,-0.001406522962700744f,0.9999805199046516f,-0.006081242009491327f,2.2815232767489713f,0.007032733079458676f,-0.006071206107940187f,-0.9999568396295052f,-0.07290059156378598f,0f,0f,0f,1f], start_interpolation: 0, interpolation_duration: 1 }
$data merge entity $(bone_rightfoot) { transformation: [-0.9999901079921805f,0.001394950402290016f,0.0042235093420630926f,-0.2835232469277113f,0.0014065452245142394f,0.9999952471865139f,0.002743580673906629f,0.11070454712422162f,-0.004219662109546152f,0.0027494940912809185f,-0.999987317286536f,-0.2578536474455953f,0f,0f,0f,1f], start_interpolation: 0, interpolation_duration: 1 }
$data merge entity $(bone_rightlowerleg) { transformation: [-0.9999901079921805f,0.001377923066182125f,0.0042290951527515375f,-0.2826443954940945f,0.0014065452245142394f,0.9999760776939542f,0.0067724198294325955f,1.2190124556384967f,-0.004219662109546152f,0.006778301250193804f,-0.9999681240338828f,-0.0966932420988981f,0f,0f,0f,1f], start_interpolation: 0, interpolation_duration: 1 }
$data merge entity $(bone_rightleg) { transformation: [-0.9999901079921805f,0.0014160094777215591f,0.004216495576464656f,-0.25f,0.0014065452245142394f,0.9999964869830796f,-0.0022466980284056885f,2.2815232767489713f,-0.004219662109546152f,-0.0022407451123339613f,-0.9999885866913796f,-0.07290059156378603f,0f,0f,0f,1f], start_interpolation: 0, interpolation_duration: 1 }
data modify entity @s data merge value {"locators":{"lefthand":{"posx":0.875,"posy":1.8748791063750139,"posz":-0.06272185904619307,"roty":0,"rotx":-2.5074074074074066},"righthand":{"posx":-0.9063951897168695,"posy":1.945450450210527,"posz":0.03737652791873646,"roty":0.2519764065412744,"rotx":-4.276568181190352},"chest":{"posx":-0.37500000000000006,"posy":2.6877732767489713,"posz":0.38022440843621397,"roty":0,"rotx":0},"sack":{"posx":0,"posy":-0.4375,"posz":0,"roty":0,"rotx":0}},"cameras":{}}