# This file was generated by Animated Java via MC-Build. It is not recommended to edit this file directly.
$data merge entity $(bone_nose) {transformation: [-0.992f,0.0133f,0.1253f,-0.0236f,0.011f,0.9998f,-0.0191f,0.2673f,-0.1255f,-0.0176f,-0.9919f,1.6692f,0f,0f,0f,1f],start_interpolation: 0,interpolation_duration: 1}
$data merge entity $(bone_glowing_eye) {transformation: [-0.992f,0f,0.126f,-0.152f,0.011f,0.9962f,0.0866f,0.3331f,-0.1255f,0.0873f,-0.9882f,1.6939f,0f,0f,0f,1f],start_interpolation: 0,interpolation_duration: 1}
$data merge entity $(bone_head) {transformation: [-0.992f,0f,0.126f,0f,0.011f,0.9962f,0.0866f,0.1605f,-0.1255f,0.0873f,-0.9882f,1.4734f,0f,0f,0f,1f],start_interpolation: 0,interpolation_duration: 1}
$data merge entity $(bone_leftthumb2) {transformation: [-0.7549f,0.355f,0.5514f,0.9217f,-0.5862f,0.0119f,-0.8101f,-0.0074f,-0.2942f,-0.9348f,0.1991f,2.198f,0f,0f,0f,1f],start_interpolation: 0,interpolation_duration: 1}
$data merge entity $(bone_leftthumb) {transformation: [-0.7549f,0.355f,0.5514f,1.0559f,-0.5862f,0.0119f,-0.8101f,-0.0737f,-0.2942f,-0.9348f,0.1991f,1.9858f,0f,0f,0f,1f],start_interpolation: 0,interpolation_duration: 1}
$data merge entity $(bone_leftpointerfinger) {transformation: [-0.7939f,-0.2561f,0.5514f,1.0764f,-0.4364f,-0.3915f,-0.8101f,-0.0326f,0.4234f,-0.8838f,0.1991f,2.3317f,0f,0f,0f,1f],start_interpolation: 0,interpolation_duration: 1}
$data merge entity $(bone_leftmidfinger) {transformation: [-0.7939f,-0.2561f,0.5514f,1.1626f,-0.4364f,-0.3915f,-0.8101f,-0.1592f,0.4234f,-0.8838f,0.1991f,2.3628f,0f,0f,0f,1f],start_interpolation: 0,interpolation_duration: 1}
$data merge entity $(bone_leftringfinger) {transformation: [-0.7939f,-0.2561f,0.5514f,1.2488f,-0.4364f,-0.3915f,-0.8101f,-0.2857f,0.4234f,-0.8838f,0.1991f,2.3939f,0f,0f,0f,1f],start_interpolation: 0,interpolation_duration: 1}
$data merge entity $(bone_invisibility) {transformation: [0.4017f,-0.5184f,0.7549f,0.9278f,-0.0587f,0.8081f,0.5862f,-0.1348f,-0.9139f,-0.2798f,0.2942f,2.1704f,0f,0f,0f,1f],start_interpolation: 0,interpolation_duration: 1}
$data merge entity $(bone_swiftness) {transformation: [0.5514f,0.355f,0.7549f,0.9438f,-0.8101f,0.0119f,0.5862f,-0.3188f,0.1991f,-0.9348f,0.2942f,2.319f,0f,0f,0f,1f],start_interpolation: 0,interpolation_duration: 1}
$data merge entity $(bone_suspicious_stew) {transformation: [0.5548f,-0.3497f,0.7549f,1.0146f,-0.3316f,0.7392f,0.5862f,-0.2872f,-0.7631f,-0.5755f,0.2942f,2.2516f,0f,0f,0f,1f],start_interpolation: 0,interpolation_duration: 1}
$data merge entity $(bone_log) {transformation: [-0.7549f,0.355f,0.5514f,1.014f,-0.5862f,0.0119f,-0.8101f,-0.3787f,-0.2942f,-0.9348f,0.1991f,2.1165f,0f,0f,0f,1f],start_interpolation: 0,interpolation_duration: 1}
$data merge entity $(bone_planks) {transformation: [-0.7549f,0.355f,0.5514f,0.9433f,-0.5862f,0.0119f,-0.8101f,-0.4336f,-0.2942f,-0.9348f,0.1991f,2.0889f,0f,0f,0f,1f],start_interpolation: 0,interpolation_duration: 1}
$data merge entity $(bone_lefthand1) {transformation: [-0.7549f,0.355f,0.5514f,1.2743f,-0.5862f,0.0119f,-0.8101f,-0.2038f,-0.2942f,-0.9348f,0.1991f,1.9501f,0f,0f,0f,1f],start_interpolation: 0,interpolation_duration: 1}
$data merge entity $(bone_leftforearm) {transformation: [-0.9501f,0.2766f,-0.1439f,1.4117f,0.1568f,0.0251f,-0.9873f,-0.161f,-0.2695f,-0.9606f,-0.0672f,1.2588f,0f,0f,0f,1f],start_interpolation: 0,interpolation_duration: 1}
$data merge entity $(bone_leftelbow) {transformation: [-0.6192f,-0.7719f,-0.1439f,1.2669f,0.0368f,0.1545f,-0.9873f,-0.132f,0.7844f,-0.6166f,-0.0672f,1.1432f,0f,0f,0f,1f],start_interpolation: 0,interpolation_duration: 1}
$data merge entity $(bone_leftarm) {transformation: [-0.6192f,-0.7719f,-0.1439f,0.75f,0.0368f,0.1545f,-0.9873f,-0.0159f,0.7844f,-0.6166f,-0.0672f,1.0086f,0f,0f,0f,1f],start_interpolation: 0,interpolation_duration: 1}
$data merge entity $(bone_rightthumb2) {transformation: [-0.7549f,-0.355f,-0.5514f,-0.9217f,0.5862f,0.0119f,-0.8101f,-0.0074f,0.2942f,-0.9348f,0.1991f,2.198f,0f,0f,0f,1f],start_interpolation: 0,interpolation_duration: 1}
$data merge entity $(bone_rightthumb) {transformation: [-0.7549f,-0.355f,-0.5514f,-1.0559f,0.5862f,0.0119f,-0.8101f,-0.0737f,0.2942f,-0.9348f,0.1991f,1.9858f,0f,0f,0f,1f],start_interpolation: 0,interpolation_duration: 1}
$data merge entity $(bone_rightpointerfinger) {transformation: [-0.7939f,0.2561f,-0.5514f,-1.0764f,0.4364f,-0.3915f,-0.8101f,-0.0326f,-0.4234f,-0.8838f,0.1991f,2.3317f,0f,0f,0f,1f],start_interpolation: 0,interpolation_duration: 1}
$data merge entity $(bone_rightmidfinger) {transformation: [-0.7939f,0.2561f,-0.5514f,-1.1626f,0.4364f,-0.3915f,-0.8101f,-0.1592f,-0.4234f,-0.8838f,0.1991f,2.3628f,0f,0f,0f,1f],start_interpolation: 0,interpolation_duration: 1}
$data merge entity $(bone_rightringfinger) {transformation: [-0.7939f,0.2561f,-0.5514f,-1.2488f,0.4364f,-0.3915f,-0.8101f,-0.2857f,-0.4234f,-0.8838f,0.1991f,2.3939f,0f,0f,0f,1f],start_interpolation: 0,interpolation_duration: 1}
$data merge entity $(bone_hugeasssword) {transformation: [0f,0f,0f,-0.9969f,0f,0f,0f,-0.3187f,0f,0f,0f,2.094f,0f,0f,0f,1f],start_interpolation: 0,interpolation_duration: 1}
$data merge entity $(bone_ice) {transformation: [-0.7549f,-0.355f,-0.5514f,-0.9796f,0.5862f,0.0119f,-0.8101f,-0.328f,0.2942f,-0.9348f,0.1991f,2.104f,0f,0f,0f,1f],start_interpolation: 0,interpolation_duration: 1}
$data merge entity $(bone_righthand1) {transformation: [-0.7549f,-0.355f,-0.5514f,-1.2743f,0.5862f,0.0119f,-0.8101f,-0.2038f,0.2942f,-0.9348f,0.1991f,1.9501f,0f,0f,0f,1f],start_interpolation: 0,interpolation_duration: 1}
$data merge entity $(bone_rightforearm) {transformation: [-0.9501f,-0.2766f,0.1439f,-1.4117f,-0.1568f,0.0251f,-0.9873f,-0.161f,0.2695f,-0.9606f,-0.0672f,1.2588f,0f,0f,0f,1f],start_interpolation: 0,interpolation_duration: 1}
$data merge entity $(bone_rightelbow) {transformation: [-0.6192f,0.7719f,0.1439f,-1.2669f,-0.0368f,0.1545f,-0.9873f,-0.132f,-0.7844f,-0.6166f,-0.0672f,1.1432f,0f,0f,0f,1f],start_interpolation: 0,interpolation_duration: 1}
$data merge entity $(bone_rightarm) {transformation: [-0.6192f,0.7719f,0.1439f,-0.75f,-0.0368f,0.1545f,-0.9873f,-0.0159f,-0.7844f,-0.6166f,-0.0672f,1.0086f,0f,0f,0f,1f],start_interpolation: 0,interpolation_duration: 1}
$data merge entity $(bone_chest1) {transformation: [-1.0833f,0f,0f,-0.0023f,0f,0.3258f,1.0332f,0.0409f,0f,1.0332f,-0.3258f,0.8226f,0f,0f,0f,1f],start_interpolation: 0,interpolation_duration: 1}
$data merge entity $(bone_chest1lid) {transformation: [-1f,0f,0f,-0.3437f,0f,0.6428f,0.766f,-0.4844f,0f,0.766f,-0.6428f,0.2591f,0f,0f,0f,1f],start_interpolation: 0,interpolation_duration: 1}
$data merge entity $(bone_chest2) {transformation: [-1f,0f,0f,-0.3437f,0f,0.6428f,0.766f,-0.5848f,0f,0.766f,-0.6428f,0.1395f,0f,0f,0f,1f],start_interpolation: 0,interpolation_duration: 1}
$data merge entity $(bone_chest1lid3) {transformation: [-1f,0f,0f,-0.2812f,0f,0.4439f,0.8961f,0.0956f,0f,0.8961f,-0.4439f,0.0868f,0f,0f,0f,1f],start_interpolation: 0,interpolation_duration: 1}
$data merge entity $(bone_chest3) {transformation: [-1f,0f,0f,-0.2812f,0f,0.4439f,0.8961f,0.0262f,0f,0.8961f,-0.4439f,-0.0532f,0f,0f,0f,1f],start_interpolation: 0,interpolation_duration: 1}
$data merge entity $(bone_hugeasssword2) {transformation: [0f,1.6553f,-3.5497f,-1.7344f,-3.7354f,1.0674f,0.4977f,0.4123f,1.1778f,3.3854f,1.5786f,1.1194f,0f,0f,0f,1f],start_interpolation: 0,interpolation_duration: 1}
$data merge entity $(bone_belt) {transformation: [-1f,0f,0f,0.0297f,0f,0.3007f,0.9537f,-0.2037f,0f,0.9537f,-0.3007f,0.4821f,0f,0f,0f,1f],start_interpolation: 0,interpolation_duration: 1}
$data merge entity $(bone_torn_part) {transformation: [-1f,0f,0f,-0.0938f,0f,0f,1f,-0.2845f,0f,1f,0f,0.2086f,0f,0f,0f,1f],start_interpolation: 0,interpolation_duration: 1}
$data merge entity $(bone_lowerbody) {transformation: [-1f,0f,0f,0.0039f,0f,0.3007f,0.9537f,-0.5654f,0f,0.9537f,-0.3007f,-0.2148f,0f,0f,0f,1f],start_interpolation: 0,interpolation_duration: 1}
$data merge entity $(bone_leftfoot) {transformation: [-1f,0f,0f,0.2813f,0f,-0.9101f,0.4144f,0.5233f,0f,0.4144f,0.9101f,-2.0877f,0f,0f,0f,1f],start_interpolation: 0,interpolation_duration: 1}
$data merge entity $(bone_leftlowerleg) {transformation: [-1f,0f,0f,0.2813f,0f,-0.6273f,0.7787f,-0.2923f,0f,0.7787f,0.6273f,-1.3202f,0f,0f,0f,1f],start_interpolation: 0,interpolation_duration: 1}
$data merge entity $(bone_leftleg) {transformation: [-1f,0f,0f,0.25f,0f,-0.0382f,0.9993f,-0.3588f,0f,0.9993f,0.0382f,-0.2595f,0f,0f,0f,1f],start_interpolation: 0,interpolation_duration: 1}
$data merge entity $(bone_rightfoot) {transformation: [-1f,0f,0f,-0.2812f,0f,0.6075f,0.7943f,-1.8893f,0f,0.7943f,-0.6075f,-1.4314f,0f,0f,0f,1f],start_interpolation: 0,interpolation_duration: 1}
$data merge entity $(bone_rightlowerleg) {transformation: [-1f,0f,0f,-0.2812f,0f,0.486f,0.874f,-1.4845f,0f,0.874f,-0.486f,-0.3871f,0f,0f,0f,1f],start_interpolation: 0,interpolation_duration: 1}
$data merge entity $(bone_rightleg) {transformation: [-1f,0f,0f,-0.25f,0f,0.9931f,0.1177f,-0.4324f,0f,0.1177f,-0.9931f,-0.2363f,0f,0f,0f,1f],start_interpolation: 0,interpolation_duration: 1}
data modify entity @s data merge value {"cameras":{},"locators":{"lefthand":{"posx":1.0484606081071952,"posy":-0.3119955187414144,"posz":2.2139723412658325,"roty":109.85111765212469,"rotx":-54.10685062614512},"sword":{"posx":-0.9968956838150047,"posy":-0.3186669001126276,"posz":2.094015318165945,"roty":250.14888234787531,"rotx":-54.10685062614512},"righthand":{"posx":-1.0361831756406514,"posy":-0.2606185462559386,"posz":2.1431050614375775,"roty":250.14888234787531,"rotx":-54.10685062614512},"chest":{"posx":-0.375,"posy":-0.6442221033166207,"posz":0.3117068579557962,"roty":0,"rotx":50}}}