# This file was generated by Animated Java via MC-Build. It is not recommended to edit this file directly.
$data merge entity $(bone_nose) {transformation: [-1f,0f,0f,0f,0f,0.9962f,0.0872f,0.218f,0f,0.0872f,-0.9962f,2.1954f,0f,0f,0f,1f],start_interpolation: 0,interpolation_duration: 1}
$data merge entity $(bone_glowing_eye) {transformation: [-1f,0f,0f,-0.125f,0f,0.9962f,0.0872f,0.2824f,0f,0.0872f,-0.9962f,2.2361f,0f,0f,0f,1f],start_interpolation: 0,interpolation_duration: 1}
$data merge entity $(bone_head) {transformation: [-1f,0f,0f,0f,0f,0.9962f,0.0872f,0.1113f,0f,0.0872f,-0.9962f,1.9981f,0f,0f,0f,1f],start_interpolation: 0,interpolation_duration: 1}
$data merge entity $(bone_leftthumb2) {transformation: [-0.6573f,-0.3963f,0.641f,1.4361f,-0.6369f,-0.1627f,-0.7536f,0.254f,0.4029f,-0.9036f,-0.1454f,2.6796f,0f,0f,0f,1f],start_interpolation: 0,interpolation_duration: 1}
$data merge entity $(bone_leftthumb) {transformation: [-0.6573f,-0.3963f,0.641f,1.3937f,-0.6369f,-0.1627f,-0.7536f,0.1498f,0.4029f,-0.9036f,-0.1454f,2.4455f,0f,0f,0f,1f],start_interpolation: 0,interpolation_duration: 1}
$data merge entity $(bone_leftpointerfinger) {transformation: [-0.5467f,-0.5388f,0.641f,1.6324f,-0.5813f,-0.3068f,-0.7536f,0.2442f,0.6027f,-0.7846f,-0.1454f,2.6856f,0f,0f,0f,1f],start_interpolation: 0,interpolation_duration: 1}
$data merge entity $(bone_leftmidfinger) {transformation: [-0.5467f,-0.5388f,0.641f,1.7326f,-0.5813f,-0.3068f,-0.7536f,0.1265f,0.6027f,-0.7846f,-0.1454f,2.6628f,0f,0f,0f,1f],start_interpolation: 0,interpolation_duration: 1}
$data merge entity $(bone_leftringfinger) {transformation: [-0.5467f,-0.5388f,0.641f,1.8327f,-0.5813f,-0.3068f,-0.7536f,0.0087f,0.6027f,-0.7846f,-0.1454f,2.6401f,0f,0f,0f,1f],start_interpolation: 0,interpolation_duration: 1}
$data merge entity $(bone_invisibility) {transformation: [-0.3389f,-0.6731f,0.6573f,1.4391f,-0.2277f,0.7366f,0.6369f,0.1238f,-0.9129f,0.0661f,-0.4029f,2.6724f,0f,0f,0f,1f],start_interpolation: 0,interpolation_duration: 1}
$data merge entity $(bone_swiftness) {transformation: [0.641f,-0.3963f,0.6573f,1.5787f,-0.7536f,-0.1627f,0.6369f,-0.0286f,-0.1454f,-0.9036f,-0.4029f,2.7885f,0f,0f,0f,1f],start_interpolation: 0,interpolation_duration: 1}
$data merge entity $(bone_suspicious_stew) {transformation: [-0.0882f,-0.7484f,0.6573f,1.5779f,-0.4659f,0.6143f,0.6369f,-0.0099f,-0.8804f,-0.2501f,-0.4029f,2.6875f,0f,0f,0f,1f],start_interpolation: 0,interpolation_duration: 1}
$data merge entity $(bone_log) {transformation: [-0.6573f,-0.3963f,0.641f,1.4967f,-0.6369f,-0.1627f,-0.7536f,-0.1252f,0.4029f,-0.9036f,-0.1454f,2.6055f,0f,0f,0f,1f],start_interpolation: 0,interpolation_duration: 1}
$data merge entity $(bone_planks) {transformation: [-0.6573f,-0.3963f,0.641f,1.4351f,-0.6369f,-0.1627f,-0.7536f,-0.1849f,0.4029f,-0.9036f,-0.1454f,2.6433f,0f,0f,0f,1f],start_interpolation: 0,interpolation_duration: 1}
$data merge entity $(bone_lefthand1) {transformation: [-0.6573f,-0.3963f,0.641f,1.542f,-0.6369f,-0.1627f,-0.7536f,0.0169f,0.4029f,-0.9036f,-0.1454f,2.2834f,0f,0f,0f,1f],start_interpolation: 0,interpolation_duration: 1}
$data merge entity $(bone_leftforearm) {transformation: [-0.9998f,-0.0148f,-0.0115f,1.4693f,0.014f,-0.1819f,-0.9832f,-0.0948f,0.0124f,-0.9832f,0.182f,1.59f,0f,0f,0f,1f],start_interpolation: 0,interpolation_duration: 1}
$data merge entity $(bone_leftelbow) {transformation: [-0.369f,-0.9294f,-0.0115f,1.295f,0.1734f,-0.0566f,-0.9832f,-0.1054f,0.9131f,-0.3648f,0.182f,1.5216f,0f,0f,0f,1f],start_interpolation: 0,interpolation_duration: 1}
$data merge entity $(bone_leftarm) {transformation: [-0.369f,-0.9294f,-0.0115f,0.75f,0.1734f,-0.0566f,-0.9832f,-0.0651f,0.9131f,-0.3648f,0.182f,1.5333f,0f,0f,0f,1f],start_interpolation: 0,interpolation_duration: 1}
$data merge entity $(bone_rightthumb2) {transformation: [-0.6573f,0.3963f,-0.641f,-1.4361f,0.6369f,-0.1627f,-0.7536f,0.254f,-0.4029f,-0.9036f,-0.1454f,2.6796f,0f,0f,0f,1f],start_interpolation: 0,interpolation_duration: 1}
$data merge entity $(bone_rightthumb) {transformation: [-0.6573f,0.3963f,-0.641f,-1.3937f,0.6369f,-0.1627f,-0.7536f,0.1498f,-0.4029f,-0.9036f,-0.1454f,2.4455f,0f,0f,0f,1f],start_interpolation: 0,interpolation_duration: 1}
$data merge entity $(bone_rightpointerfinger) {transformation: [-0.5467f,0.5388f,-0.641f,-1.6324f,0.5813f,-0.3068f,-0.7536f,0.2442f,-0.6027f,-0.7846f,-0.1454f,2.6856f,0f,0f,0f,1f],start_interpolation: 0,interpolation_duration: 1}
$data merge entity $(bone_rightmidfinger) {transformation: [-0.5467f,0.5388f,-0.641f,-1.7326f,0.5813f,-0.3068f,-0.7536f,0.1265f,-0.6027f,-0.7846f,-0.1454f,2.6628f,0f,0f,0f,1f],start_interpolation: 0,interpolation_duration: 1}
$data merge entity $(bone_rightringfinger) {transformation: [-0.5467f,0.5388f,-0.641f,-1.8327f,0.5813f,-0.3068f,-0.7536f,0.0087f,-0.6027f,-0.7846f,-0.1454f,2.6401f,0f,0f,0f,1f],start_interpolation: 0,interpolation_duration: 1}
$data merge entity $(bone_hugeasssword) {transformation: [0f,0f,0f,-1.4608f,0f,0f,0f,-0.0707f,0f,0f,0f,2.5942f,0f,0f,0f,1f],start_interpolation: 0,interpolation_duration: 1}
$data merge entity $(bone_ice) {transformation: [-0.6573f,0.3963f,-0.641f,-1.4567f,0.6369f,-0.1627f,-0.7536f,-0.0781f,-0.4029f,-0.9036f,-0.1454f,2.6146f,0f,0f,0f,1f],start_interpolation: 0,interpolation_duration: 1}
$data merge entity $(bone_righthand1) {transformation: [-0.6573f,0.3963f,-0.641f,-1.542f,0.6369f,-0.1627f,-0.7536f,0.0169f,-0.4029f,-0.9036f,-0.1454f,2.2834f,0f,0f,0f,1f],start_interpolation: 0,interpolation_duration: 1}
$data merge entity $(bone_rightforearm) {transformation: [-0.9998f,0.0148f,0.0115f,-1.4693f,-0.014f,-0.1819f,-0.9832f,-0.0948f,-0.0124f,-0.9832f,0.182f,1.59f,0f,0f,0f,1f],start_interpolation: 0,interpolation_duration: 1}
$data merge entity $(bone_rightelbow) {transformation: [-0.369f,0.9294f,0.0115f,-1.295f,-0.1734f,-0.0566f,-0.9832f,-0.1054f,-0.9131f,-0.3648f,0.182f,1.5216f,0f,0f,0f,1f],start_interpolation: 0,interpolation_duration: 1}
$data merge entity $(bone_rightarm) {transformation: [-0.369f,0.9294f,0.0115f,-0.75f,-0.1734f,-0.0566f,-0.9832f,-0.0651f,-0.9131f,-0.3648f,0.182f,1.5333f,0f,0f,0f,1f],start_interpolation: 0,interpolation_duration: 1}
$data merge entity $(bone_chest1) {transformation: [-1.0833f,0f,0f,-0.0023f,0f,0.3258f,1.0332f,-0.0083f,0f,1.0332f,-0.3258f,1.3473f,0f,0f,0f,1f],start_interpolation: 0,interpolation_duration: 1}
$data merge entity $(bone_chest1lid) {transformation: [-1f,0f,0f,-0.3438f,0f,0.3862f,0.9224f,-0.5737f,0f,0.9224f,-0.3862f,0.8083f,0f,0f,0f,1f],start_interpolation: 0,interpolation_duration: 1}
$data merge entity $(bone_chest2) {transformation: [-1f,0f,0f,-0.3438f,0f,0.3862f,0.9224f,-0.634f,0f,0.9224f,-0.3862f,0.6641f,0f,0f,0f,1f],start_interpolation: 0,interpolation_duration: 1}
$data merge entity $(bone_chest1lid3) {transformation: [-1f,0f,0f,-0.2813f,0f,0.6428f,0.766f,0.0774f,0f,0.766f,-0.6428f,0.5912f,0f,0f,0f,1f],start_interpolation: 0,interpolation_duration: 1}
$data merge entity $(bone_chest3) {transformation: [-1f,0f,0f,-0.2813f,0f,0.6428f,0.766f,-0.023f,0f,0.766f,-0.6428f,0.4715f,0f,0f,0f,1f],start_interpolation: 0,interpolation_duration: 1}
$data merge entity $(bone_hugeasssword2) {transformation: [0f,1.6553f,-3.5497f,-1.7344f,-3.7354f,1.0674f,0.4977f,0.3631f,1.1778f,3.3854f,1.5786f,1.644f,0f,0f,0f,1f],start_interpolation: 0,interpolation_duration: 1}
$data merge entity $(bone_belt) {transformation: [-1f,0f,0f,0.0297f,0f,0.3007f,0.9537f,-0.2529f,0f,0.9537f,-0.3007f,1.0068f,0f,0f,0f,1f],start_interpolation: 0,interpolation_duration: 1}
$data merge entity $(bone_torn_part) {transformation: [-1f,0f,0f,-0.0938f,0f,0f,1f,-0.3337f,0f,1f,0f,0.7333f,0f,0f,0f,1f],start_interpolation: 0,interpolation_duration: 1}
$data merge entity $(bone_lowerbody) {transformation: [-1f,0f,0f,0.0039f,0f,0.3007f,0.9537f,-0.6146f,0f,0.9537f,-0.3007f,0.3099f,0f,0f,0f,1f],start_interpolation: 0,interpolation_duration: 1}
$data merge entity $(bone_leftfoot) {transformation: [-1f,0f,0f,0.2813f,0f,0.3364f,0.9417f,-1.3474f,0f,0.9417f,-0.3364f,-1.6309f,0f,0f,0f,1f],start_interpolation: 0,interpolation_duration: 1}
$data merge entity $(bone_leftlowerleg) {transformation: [-1f,0f,0f,0.2813f,0f,0.3364f,0.9417f,-1.1189f,0f,0.9417f,-0.3364f,-0.5345f,0f,0f,0f,1f],start_interpolation: 0,interpolation_duration: 1}
$data merge entity $(bone_leftleg) {transformation: [-1f,0f,0f,0.25f,0f,0.6712f,0.7413f,-0.425f,0f,0.7413f,-0.6712f,0.2706f,0f,0f,0f,1f],start_interpolation: 0,interpolation_duration: 1}
$data merge entity $(bone_rightfoot) {transformation: [-1f,0f,0f,-0.2812f,0f,0.1354f,0.9908f,-0.9758f,0f,0.9908f,-0.1354f,-1.7676f,0f,0f,0f,1f],start_interpolation: 0,interpolation_duration: 1}
$data merge entity $(bone_rightlowerleg) {transformation: [-1f,0f,0f,-0.2812f,0f,0.1354f,0.9908f,-0.9779f,0f,0.9908f,-0.1354f,-0.6476f,0f,0f,0f,1f],start_interpolation: 0,interpolation_duration: 1}
$data merge entity $(bone_rightleg) {transformation: [-1f,0f,0f,-0.25f,0f,0.5042f,0.8636f,-0.4646f,0f,0.8636f,-0.5042f,0.2831f,0f,0f,0f,1f],start_interpolation: 0,interpolation_duration: 1}
data modify entity @s data merge value {"cameras":{},"locators":{"lefthand":{"posx":1.5793150543715269,"posy":-0.041052458579099935,"posz":2.6405843733420014,"roty":77.21624320407042,"rotx":-48.90475259253312},"sword":{"posx":-1.4607416358939818,"posy":-0.07070278794546295,"posz":2.5941695207982143,"roty":282.78375679592955,"rotx":-48.90475259253312},"righthand":{"posx":-1.514485255526371,"posy":-0.004117488626564171,"posz":2.5931986668863427,"roty":282.78375679592955,"rotx":-48.90475259253311},"chest":{"posx":-0.3750000000000001,"posy":-0.7419178080094443,"posz":0.8109645084325294,"roty":0,"rotx":67.28000000000002}}}