# This file was generated by Animated Java via MC-Build. It is not recommended to edit this file directly.
$data merge entity $(bone_nose) { transformation: [-1f,-1.224646799147353e-16f,-1.232595164407831e-32f,-2.320955859368935e-16f,0f,0f,1f,2.584258890722938f,-1.2246467991473532e-16f,1f,0f,1.899418590953141f,0f,0f,0f,1f], start_interpolation: 0, interpolation_duration: 1 }
$data merge entity $(bone_glowing_eye) { transformation: [-1f,-1.224646799147353e-16f,-1.232595164407831e-32f,-0.12500000000000025f,0f,0f,1f,2.549363265722938f,-1.2246467991473532e-16f,1f,0f,1.9671267159531411f,0f,0f,0f,1f], start_interpolation: 0, interpolation_duration: 1 }
$data merge entity $(bone_head) { transformation: [-1f,-1.224646799147353e-16f,-1.232595164407831e-32f,-2.1697402996314675e-16f,0f,0f,1f,2.7715138907229377f,-1.2246467991473532e-16f,1f,0f,1.7759417159531412f,0f,0f,0f,1f], start_interpolation: 0, interpolation_duration: 1 }
$data merge entity $(bone_leftthumb2) { transformation: [-0.13052619222005143f,-0.33909411358656827f,-0.9316534201490777f,1.400708264961973f,0.7309698269877656f,0.6019331651414688f,-0.32149584248672514f,1.430421288481039f,0.669810439735012f,-0.722974167473301f,0.1692995215240642f,1.7690931590748054f,0f,0f,0f,1f], start_interpolation: 0, interpolation_duration: 1 }
$data merge entity $(bone_leftthumb) { transformation: [-0.13052619222005143f,-0.33909411358656827f,-0.9316534201490777f,1.2379312046583293f,0.7309698269877656f,0.6019331651414688f,-0.32149584248672514f,1.5505666517739363f,0.669810439735012f,-0.722974167473301f,0.1692995215240642f,1.606257080668877f,0f,0f,0f,1f], start_interpolation: 0, interpolation_duration: 1 }
$data merge entity $(bone_leftpointerfinger) { transformation: [-0.12854320606946837f,0.02266563541681548f,-0.9914448613738105f,1.2057335290555f,0.8371797612376264f,0.5383948959330925f,-0.09623400338396579f,1.2444278211646376f,0.5316076481273504f,-0.8423877996530732f,-0.08818221730122618f,1.7707821485276871f,0f,0f,0f,1f], start_interpolation: 0, interpolation_duration: 1 }
$data merge entity $(bone_leftmidfinger) { transformation: [-0.12854320606946837f,0.02266563541681548f,-0.9914448613738105f,1.0508202694658422f,0.8371797612376264f,0.5383948959330925f,-0.09623400338396579f,1.2293912581358928f,0.5316076481273504f,-0.8423877996530732f,-0.08818221730122618f,1.7570036770743704f,0f,0f,0f,1f], start_interpolation: 0, interpolation_duration: 1 }
$data merge entity $(bone_leftringfinger) { transformation: [-0.1260786200725189f,0.03378266443126188f,-0.9914448613738105f,0.8959070098761843f,0.8809182465412337f,0.46338111690423145f,-0.09623400338396579f,1.2143546951071482f,0.45616578616915976f,-0.885514919174438f,-0.08818221730122618f,1.7432252056210538f,0f,0f,0f,1f], start_interpolation: 0, interpolation_duration: 1 }
$data merge entity $(bone_invisibility) { transformation: [-0.0864101132863833f,0.9876721143508954f,0.13052619222005118f,1.2122425199321718f,0.6646320368669121f,0.15474937028503727f,-0.7309698269877655f,1.4583846552885555f,-0.7421573605994711f,0.023588703440753894f,-0.6698104397350119f,1.8184875915550578f,0f,0f,0f,1f], start_interpolation: 0, interpolation_duration: 1 }
$data merge entity $(bone_swiftness) { transformation: [-0.9914448613738105f,9.029043306084032e-17f,0.1305261922200512f,1.0195483964394114f,-0.09623400338396562f,0.6755902076156601f,-0.7309698269877656f,1.3869256578283802f,-0.08818221730122602f,-0.737277336810124f,-0.669810439735012f,1.9366790396292508f,0f,0f,0f,1f], start_interpolation: 0, interpolation_duration: 1 }
$data merge entity $(bone_suspicious_stew) { transformation: [-0.41900270392554856f,0.8985541982805565f,0.13052619222005146f,1.0263466084245825f,0.5716224187772997f,0.37273438583616797f,-0.7309698269877656f,1.4086724886720778f,-0.7054676069489432f,-0.23166663628524753f,-0.6698104397350122f,1.8365133009740524f,0f,0f,0f,1f], start_interpolation: 0, interpolation_duration: 1 }
$data merge entity $(bone_log) { transformation: [-0.13052619222005143f,9.029043306084032e-17f,-0.9914448613738105f,0.9676358000270553f,0.7309698269877656f,0.6755902076156601f,-0.09623400338396579f,1.5571387169955149f,0.669810439735012f,-0.737277336810124f,-0.08818221730122618f,1.8030148211619492f,0f,0f,0f,1f], start_interpolation: 0, interpolation_duration: 1 }
$data merge entity $(bone_planks) { transformation: [-0.13052619222005143f,9.029043306084032e-17f,-0.9914448613738105f,0.9553989695064254f,0.7309698269877656f,0.6755902076156601f,-0.09623400338396579f,1.625667138275618f,0.669810439735012f,-0.737277336810124f,-0.08818221730122618f,1.8658095498871066f,0f,0f,0f,1f], start_interpolation: 0, interpolation_duration: 1 }
$data merge entity $(bone_lefthand1) { transformation: [-0.13052619222005143f,9.029043306084032e-17f,-0.9914448613738105f,1.0312499999999998f,0.7309698269877656f,0.6755902076156601f,-0.09623400338396579f,1.5463011247582374f,0.669810439735012f,-0.737277336810124f,-0.08818221730122618f,1.4539985713163286f,0f,0f,0f,1f], start_interpolation: 0, interpolation_duration: 1 }
$data merge entity $(bone_leftforearm) { transformation: [-1f,9.029043306084032e-17f,8.273593852918138e-17f,0.9687499999999998f,0f,0.6755902076156601f,-0.737277336810124f,2.0328454478756566f,-1.2246467991473532e-16f,-0.737277336810124f,-0.6755902076156601f,0.9461565408657049f,0f,0f,0f,1f], start_interpolation: 0, interpolation_duration: 1 }
$data merge entity $(bone_leftelbow) { transformation: [-1f,-2.1265768495757707e-17f,1.2060416625018976e-16f,0.9687499999999998f,0f,0.984807753012208f,0.1736481776669303f,2.2174969015654455f,-1.2246467991473532e-16f,0.1736481776669303f,-0.984807753012208f,0.9787155741782543f,0f,0f,0f,1f], start_interpolation: 0, interpolation_duration: 1 }
$data merge entity $(bone_leftarm) { transformation: [-1f,-1.1099069304367542e-16f,5.1755810150196606e-17f,0.7499999999999998f,0f,0.4226182617406996f,0.9063077870366498f,2.4004839140909002f,-1.2246467991473532e-16f,0.9063077870366498f,-0.4226182617406996f,1.445076288375976f,0f,0f,0f,1f], start_interpolation: 0, interpolation_duration: 1 }
$data merge entity $(bone_rightthumb2) { transformation: [0.002054416402833714f,0.0130675438785042f,-0.9999125055074701f,-0.8856013523412369f,0.9404120648553576f,0.3399772121883715f,0.006375222906317535f,1.4144387309287858f,0.34003077455978276f,-0.9403428813414851f,-0.011590421160062758f,2.3113713174199297f,0f,0f,0f,1f], start_interpolation: 0, interpolation_duration: 1 }
$data merge entity $(bone_rightthumb) { transformation: [0.002054416402833714f,0.0130675438785042f,-0.9999125055074701f,-0.9678466581510174f,0.9404120648553576f,0.3399772121883715f,0.006375222906317535f,1.4983604030004092f,0.34003077455978276f,-0.9403428813414851f,-0.011590421160062758f,2.0797687899262547f,0f,0f,0f,1f], start_interpolation: 0, interpolation_duration: 1 }
$data merge entity $(bone_rightpointerfinger) { transformation: [0.00148246279528962f,0.013144718857147419f,-0.9999125055074701f,-1.0187806428877546f,0.9246874032340361f,0.3806738273551118f,0.006375222906317535f,1.4899617884183882f,0.380724321004523f,-0.9246159492097122f,-0.011590421160062758f,2.4249663628420275f,0f,0f,0f,1f], start_interpolation: 0, interpolation_duration: 1 }
$data merge entity $(bone_rightmidfinger) { transformation: [0.00148246279528962f,0.013144718857147419f,-0.9999125055074701f,-1.1750169718732968f,0.9246874032340361f,0.3806738273551118f,0.006375222906317535f,1.4909579169975002f,0.380724321004523f,-0.9246159492097122f,-0.011590421160062758f,2.4231553595357678f,0f,0f,0f,1f], start_interpolation: 0, interpolation_duration: 1 }
$data merge entity $(bone_rightringfinger) { transformation: [-0.00024594997965881205f,0.01322576418889928f,-0.9999125055074701f,-1.331253300858839f,0.8670886691509815f,0.49811303572871274f,0.006375222906317535f,1.4919540455766125f,0.4981537707762397f,-0.8670112356819523f,-0.011590421160062758f,2.4213443562295076f,0f,0f,0f,1f], start_interpolation: 0, interpolation_duration: 1 }
$data merge entity $(bone_hugeasssword) { transformation: [0.005020993688525599f,0.03193707723906427f,-2.4437861634602576f,-1.157284698481424f,2.2983670865064942f,0.8309043065883802f,0.015581044783040059f,1.3101192206381476f,0.8310352130241093f,-2.2981980019985904f,-0.02832698931519339f,2.1420086376014624f,0f,0f,0f,1f], start_interpolation: 0, interpolation_duration: 1 }
$data merge entity $(bone_ice) { transformation: [0.002054416402833714f,0.0130675438785042f,-0.9999125055074701f,-1.1575209791108199f,0.9404120648553576f,0.3399772121883715f,0.006375222906317535f,1.2901131381843394f,0.34003077455978276f,-0.9403428813414851f,-0.011590421160062758f,2.1513885142699265f,0f,0f,0f,1f], start_interpolation: 0, interpolation_duration: 1 }
$data merge entity $(bone_righthand1) { transformation: [0.002054416402833714f,0.0130675438785042f,-0.9999125055074701f,-1.1849877548375938f,0.9404120648553576f,0.3399772121883715f,0.006375222906317535f,1.6104096831610941f,0.34003077455978276f,-0.9403428813414851f,-0.011590421160062758f,2.000948286913249f,0f,0f,0f,1f], start_interpolation: 0, interpolation_duration: 1 }
$data merge entity $(bone_rightforearm) { transformation: [-0.9536955904735654f,0.01311301474342079f,-0.30048755307935154f,-1.1114665739246634f,0.26679636578662325f,0.4981469042265841f,-0.8250268850240705f,1.9568854974122483f,0.13886835461806113f,-0.8669934893952834f,-0.47857901064700176f,1.3901420145599206f,0f,0f,0f,1f], start_interpolation: 0, interpolation_duration: 1 }
$data merge entity $(bone_rightelbow) { transformation: [-0.9536955904735654f,0.01311301474342079f,-0.30048755307935154f,-1.109007883660272f,0.26679636578662325f,0.4981469042265841f,-0.8250268850240705f,2.0502880419547327f,0.13886835461806113f,-0.8669934893952834f,-0.47857901064700176f,1.227580735298305f,0f,0f,0f,1f], start_interpolation: 0, interpolation_duration: 1 }
$data merge entity $(bone_rightarm) { transformation: [-0.9536955904735654f,0.3007735371810309f,-0.0000065489172389420245f,-0.7500000000000002f,0.26679636578662325f,0.8459705050208197f,0.46168561146939546f,2.4004839140909002f,0.13886835461806113f,0.440305784616135f,-0.887043626953738f,1.445076288375976f,0f,0f,0f,1f], start_interpolation: 0, interpolation_duration: 1 }
$data merge entity $(bone_chest1) { transformation: [-1.0833333333333333f,-9.381190609217842e-17f,9.381190609217843e-17f,-0.002323125000000153f,0f,0.7660323462854265f,0.7660323462854264f,2.364965056588423f,-1.3267006990762992e-16f,0.7660323462854264f,-0.7660323462854265f,1.253895827946569f,0f,0f,0f,1f], start_interpolation: 0, interpolation_duration: 1 }
$data merge entity $(bone_chest1lid) { transformation: [-1f,-8.659560562354932e-17f,8.659560562354933e-17f,-0.3437500000000001f,0f,0.7071067811865476f,0.7071067811865475f,1.604988785256034f,-1.2246467991473532e-16f,0.7071067811865475f,-0.7071067811865476f,1.047328723958543f,0f,0f,0f,1f], start_interpolation: 0, interpolation_duration: 1 }
$data merge entity $(bone_chest2) { transformation: [-1f,-8.659560562354932e-17f,8.659560562354933e-17f,-0.3437500000000001f,0f,0.7071067811865476f,0.7071067811865475f,1.494503350695636f,-1.2246467991473532e-16f,0.7071067811865475f,-0.7071067811865476f,0.936843289398145f,0f,0f,0f,1f], start_interpolation: 0, interpolation_duration: 1 }
$data merge entity $(bone_chest1lid3) { transformation: [-1f,-8.659560562354932e-17f,8.659560562354933e-17f,-0.28125000000000006f,0f,0.7071067811865476f,0.7071067811865475f,2.057979066953666f,-1.2246467991473532e-16f,0.7071067811865475f,-0.7071067811865476f,0.594338442260911f,0f,0f,0f,1f], start_interpolation: 0, interpolation_duration: 1 }
$data merge entity $(bone_chest3) { transformation: [-1f,-8.659560562354932e-17f,8.659560562354933e-17f,-0.28125000000000006f,0f,0.7071067811865476f,0.7071067811865475f,1.947493632393268f,-1.2246467991473532e-16f,0.7071067811865475f,-0.7071067811865476f,0.483853007700513f,0f,0f,0f,1f], start_interpolation: 0, interpolation_duration: 1 }
$data merge entity $(bone_hugeasssword2) { transformation: [-1.2088408246486076e-15f,2.8876695691729855f,-2.6460616464946694f,-1.2343750000000004f,-2.769501559647311f,1.871048133674022f,2.041890734188255f,3.372755738222403f,2.7695015596473116f,1.8710481336740223f,2.0418907341882533f,1.8870180266175678f,0f,0f,0f,1f], start_interpolation: 0, interpolation_duration: 1 }
$data merge entity $(bone_belt) { transformation: [-1f,-8.659560562354932e-17f,8.659560562354933e-17f,0.029705624999999868f,0f,0.7071067811865476f,0.7071067811865475f,1.9907411670141135f,-1.2246467991473532e-16f,0.7071067811865475f,-0.7071067811865476f,1.0647960292208036f,0f,0f,0f,1f], start_interpolation: 0, interpolation_duration: 1 }
$data merge entity $(bone_torn_part) { transformation: [-1f,-9.029043306084032e-17f,8.273593852918142e-17f,-0.09375000000000011f,0f,0.6755902076156604f,0.737277336810124f,1.7866463099860812f,-1.2246467991473532e-16f,0.737277336810124f,-0.6755902076156604f,0.901043393700685f,0f,0f,0f,1f], start_interpolation: 0, interpolation_duration: 1 }
$data merge entity $(bone_lowerbody) { transformation: [-1f,-6.123233995736765e-17f,1.0605752387249069e-16f,0.0039062499999999046f,0f,0.8660254037844387f,0.49999999999999994f,1.2934698432944607f,-1.2246467991473532e-16f,0.49999999999999994f,-0.8660254037844387f,0.7786875911078717f,0f,0f,0f,1f], start_interpolation: 0, interpolation_duration: 1 }
$data merge entity $(bone_leftfoot) { transformation: [-0.9753667896506382f,0.19815831957545463f,0.09691700588462113f,-0.005651403274287814f,-0.042585433717795204f,-0.6002402545500605f,0.7986852431670101f,0.40562877198840763f,0.21643961393810277f,0.774883808838919f,0.5938930680834845f,-0.8681703222277662f,0f,0f,0f,1f], start_interpolation: 0, interpolation_duration: 1 }
$data merge entity $(bone_leftlowerleg) { transformation: [-0.9753667896506382f,0.21359450287818182f,-0.055109109835217523f,0.2397722719800208f,-0.042585433717795204f,0.0628003999500315f,0.9971171398592962f,0.32209527953107986f,0.21643961393810277f,0.9749017889543224f,-0.05215740994323409f,0.22137510774254465f,0f,0f,0f,1f], start_interpolation: 0, interpolation_duration: 1 }
$data merge entity $(bone_leftleg) { transformation: [-0.9753667896506382f,0.032967434327222433f,-0.21811183810258436f,0.24999999999999992f,-0.042585433717795204f,0.9420272412718134f,0.3328230123307041f,1.3130010932944607f,0.21643961393810277f,0.3339129002834377f,-0.9174181535933481f,0.6068125911078717f,0f,0f,0f,1f], start_interpolation: 0, interpolation_duration: 1 }
$data merge entity $(bone_rightfoot) { transformation: [-0.9905012255519768f,0.03364647742090865f,0.13332380409062855f,-0.36997230516518f,0.043246217459636076f,0.9966249940652216f,0.06977381944491062f,0.16192951134038402f,-0.1305261922200517f,0.07487680389587548f,-0.9886133609166288f,0.8964343345345197f,0f,0f,0f,1f], start_interpolation: 0, interpolation_duration: 1 }
$data merge entity $(bone_rightlowerleg) { transformation: [-0.9905012255519768f,-0.032912743409902315f,0.13350682941807115f,-0.42699762013324827f,0.043246217459636076f,0.8470954461174808f,0.5296782701248564f,1.0202932730147118f,-0.1305261922200517f,0.5304206410842816f,-0.8376257258801653f,1.6135672614063312f,0f,0f,0f,1f], start_interpolation: 0, interpolation_duration: 1 }
$data merge entity $(bone_rightleg) { transformation: [-0.9905012255519768f,0.13724814934879823f,-0.008382581962736283f,-0.25000000000000006f,0.043246217459636076f,0.25307323455375774f,-0.9664800580601406f,1.3130010932944607f,-0.1305261922200517f,-0.9576621969425486f,-0.2566048122925706f,0.6068125911078717f,0f,0f,0f,1f], start_interpolation: 0, interpolation_duration: 1 }
data modify entity @s data merge value {"locators":{"lefthand":{"posx":0.9953639565066509,"posy":1.4373334670483129,"posz":1.7991977315204144,"roty":275.082691734047,"rotx":-5.522348441990871},"righthand":{"posx":-1.1419089250476016,"posy":1.3728650124661748,"posz":2.198140357236493,"roty":270.66411058133366,"rotx":0.3652758403617192},"chest":{"posx":-0.3750000000000001,"posy":1.4503091768714769,"posz":1.1136199846947819,"roty":0,"rotx":44.99999999999999},"sack":{"posx":0,"posy":-0.4375,"posz":0,"roty":0,"rotx":0}},"cameras":{}}