# This file was generated by Animated Java via MC-Build. It is not recommended to edit this file directly.
$data merge entity $(bone_nose) { transformation: [-1f,-5.863060724389709e-18f,1.2232425084814827e-16f,-7.94727504264787e-17f,0f,0.9988533096507103f,0.04787552401616363f,3.6676680719320256f,-1.2246467991473532e-16f,0.04787552401616363f,-0.9988533096507103f,0.6450091451928243f,0f,0f,0f,1f], start_interpolation: 0, interpolation_duration: 1 }
$data merge entity $(bone_glowing_eye) { transformation: [-1f,-5.863060724389709e-18f,1.2232425084814827e-16f,-0.12500000000000008f,0f,0.9988533096507103f,0.04787552401616363f,3.7336279103457737f,-1.2246467991473532e-16f,0.04787552401616363f,-0.9988533096507103f,0.6831063176809312f,0f,0f,0f,1f], start_interpolation: 0, interpolation_duration: 1 }
$data merge entity $(bone_head) { transformation: [-1f,-5.863060724389709e-18f,1.2232425084814827e-16f,-5.584297041772582e-17f,0f,0.9988533096507103f,0.04787552401616363f,3.5532977179225957f,-1.2246467991473532e-16f,0.04787552401616363f,-0.9988533096507103f,0.45205734859967717f,0f,0f,0f,1f], start_interpolation: 0, interpolation_duration: 1 }
$data merge entity $(bone_leftthumb2) { transformation: [-0.7918605341370187f,0.5444702073841395f,0.27660276164078246f,0.680765072531534f,-0.4414726867079491f,-0.19739657473192773f,-0.8752922135921051f,3.2027416204306443f,-0.42197009534693375f,-0.8152219241134127f,0.3966792823903524f,1.6434364393234775f,0f,0f,0f,1f], start_interpolation: 0, interpolation_duration: 1 }
$data merge entity $(bone_leftthumb) { transformation: [-0.7918605341370187f,0.5444702073841395f,0.27660276164078246f,0.837930087868856f,-0.4414726867079491f,-0.19739657473192773f,-0.8752922135921051f,3.079531306608902f,-0.42197009534693375f,-0.8152219241134127f,0.3966792823903524f,1.4774085963739674f,0f,0f,0f,1f], start_interpolation: 0, interpolation_duration: 1 }
$data merge entity $(bone_leftpointerfinger) { transformation: [-0.7918605341370187f,0.5759160945166599f,0.20316876372344514f,0.8216039723885104f,-0.44147268670794915f,-0.3099563793907986f,-0.842038544109361f,3.2087972393328985f,-0.4219700953469338f,-0.7564705512785181f,0.4996934497081931f,1.7956814386241005f,0f,0f,0f,1f], start_interpolation: 0, interpolation_duration: 1 }
$data merge entity $(bone_leftmidfinger) { transformation: [-0.7918605341370187f,0.5759160945166599f,0.20316876372344514f,0.8533490917202987f,-0.44147268670794915f,-0.3099563793907986f,-0.842038544109361f,3.077228716815811f,-0.4219700953469338f,-0.7564705512785181f,0.4996934497081931f,1.8737585401410057f,0f,0f,0f,1f], start_interpolation: 0, interpolation_duration: 1 }
$data merge entity $(bone_leftringfinger) { transformation: [-0.7918605341370187f,0.5759160945166599f,0.20316876372344514f,0.885094211052087f,-0.44147268670794915f,-0.3099563793907986f,-0.842038544109361f,2.9456601942987235f,-0.4219700953469338f,-0.7564705512785181f,0.4996934497081931f,1.9518356416579108f,0f,0f,0f,1f], start_interpolation: 0, interpolation_duration: 1 }
$data merge entity $(bone_invisibility) { transformation: [0.36771399804290217f,-0.17177402914620354f,0.9139365943839776f,0.6928468816412168f,-0.48547081829274924f,0.8027818014798259f,0.34620725555506937f,3.1298143524427204f,-0.7931610808842504f,-0.5709948004348936f,0.21180282728718047f,1.6523991598977825f,0f,0f,0f,1f], start_interpolation: 0, interpolation_duration: 1 }
$data merge entity $(bone_swiftness) { transformation: [0.20316876372344495f,0.3513436421694627f,0.9139365943839778f,0.6357624928782808f,-0.8420385441093611f,-0.4136564110892208f,0.3462072555550694f,3.0099166281686514f,0.49969344970819307f,-0.8399083394465626f,0.21180282728718058f,1.8487980912034097f,0f,0f,0f,1f], start_interpolation: 0, interpolation_duration: 1 }
$data merge entity $(bone_suspicious_stew) { transformation: [0.40428830858881165f,-0.03564919331786287f,0.913936594383978f,0.7144717916126692f,-0.730760892357962f,0.588327336098895f,0.3462072555550696f,2.9913222696920228f,-0.5500358913185515f,-0.8078366670401658f,0.21180282728718045f,1.7854623851296263f,0f,0f,0f,1f], start_interpolation: 0, interpolation_duration: 1 }
$data merge entity $(bone_log) { transformation: [-0.9139365943839778f,0.3513436421694627f,0.20316876372344514f,0.6822317269598905f,-0.3462072555550696f,-0.4136564110892208f,-0.842038544109361f,2.867687731342456f,-0.21180282728718047f,-0.8399083394465626f,0.4996934497081931f,1.6840404580957045f,0f,0f,0f,1f], start_interpolation: 0, interpolation_duration: 1 }
$data merge entity $(bone_planks) { transformation: [-0.9139365943839778f,0.3513436421694627f,0.20316876372344514f,0.5965501712363926f,-0.3462072555550696f,-0.4136564110892208f,-0.842038544109361f,2.835230801134168f,-0.21180282728718047f,-0.8399083394465626f,0.4996934497081931f,1.6641839430375311f,0f,0f,0f,1f], start_interpolation: 0, interpolation_duration: 1 }
$data merge entity $(bone_lefthand1) { transformation: [-0.9139365943839778f,0.3513436421694627f,0.20316876372344514f,0.992202762231893f,-0.3462072555550696f,-0.4136564110892208f,-0.842038544109361f,2.8771391469623357f,-0.21180282728718047f,-0.8399083394465626f,0.4996934497081931f,1.5113986597524778f,0f,0f,0f,1f], start_interpolation: 0, interpolation_duration: 1 }
$data merge entity $(bone_leftforearm) { transformation: [-0.9687918040916043f,0.1508619471369036f,0.1966802309104724f,1.0346549524488269f,-0.2352729092020783f,-0.30985991288407283f,-0.9212130549352117f,2.658958292873955f,-0.07803267597952306f,-0.9387371875522653f,0.3356834732094176f,0.8412269782371741f,0f,0f,0f,1f], start_interpolation: 0, interpolation_duration: 1 }
$data merge entity $(bone_leftelbow) { transformation: [-0.9687918040916043f,-0.09539229403229915f,0.2287853810106538f,1.0167688973177709f,-0.2352729092020783f,0.6444331530891094f,-0.7275661958854459f,2.7797895090781632f,-0.07803267597952306f,-0.7586871696812091f,-0.6467647795300784f,0.6989731339219474f,0f,0f,0f,1f], start_interpolation: 0, interpolation_duration: 1 }
$data merge entity $(bone_leftarm) { transformation: [-0.9687918040916043f,-0.09539229403229915f,0.2287853810106538f,0.75f,-0.2352729092020783f,0.6444331530891094f,-0.7275661958854459f,3.0732765803561835f,-0.07803267597952306f,-0.7586871696812091f,-0.6467647795300784f,0.3227713005711372f,0f,0f,0f,1f], start_interpolation: 0, interpolation_duration: 1 }
$data merge entity $(bone_rightthumb2) { transformation: [-0.02524070750660201f,0.12927592980918015f,-0.9912873653267947f,-1.0885049139615404f,-0.6107289183729222f,0.783047911905254f,0.11766968991147107f,1.6351026803474806f,0.7914373600908705f,0.608377926648225f,0.05918786547595845f,-0.6072962394043717f,0f,0f,0f,1f], start_interpolation: 0, interpolation_duration: 1 }
$data merge entity $(bone_rightthumb) { transformation: [-0.02524070750660201f,0.12927592980918015f,-0.9912873653267947f,-1.1415139017677272f,-0.6107289183729222f,0.783047911905254f,0.11766968991147107f,1.8371950654085145f,0.7914373600908705f,0.608377926648225f,0.05918786547595845f,-0.45303806871443264f,0f,0f,0f,1f], start_interpolation: 0, interpolation_duration: 1 }
$data merge entity $(bone_rightpointerfinger) { transformation: [-0.21519410934757877f,-0.9764049768910888f,-0.018022663632614094f,-1.2932166605508748f,-0.7721441459951234f,0.15881922482618271f,0.6152803195544869f,1.619042898547172f,-0.5979004207287056f,0.14632079458478364f,-0.7881023486607014f,-0.6793610170565816f,0f,0f,0f,1f], start_interpolation: 0, interpolation_duration: 1 }
$data merge entity $(bone_rightmidfinger) { transformation: [-0.21519410934757877f,-0.9764049768910888f,-0.018022663632614094f,-1.296032701743471f,-0.7721441459951234f,0.15881922482618271f,0.6152803195544869f,1.7151804484775608f,-0.5979004207287056f,0.14632079458478364f,-0.7881023486607014f,-0.8025020090348162f,0f,0f,0f,1f], start_interpolation: 0, interpolation_duration: 1 }
$data merge entity $(bone_rightringfinger) { transformation: [-0.34079951760887206f,-0.9399632292771594f,-0.018022663632614094f,-1.298848742936067f,-0.7448082771188325f,0.25824553956303775f,0.6152803195544869f,1.8113179984079493f,-0.5736866035849504f,0.2231106651477013f,-0.7881023486607014f,-0.9256430010130507f,0f,0f,0f,1f], start_interpolation: 0, interpolation_duration: 1 }
$data merge entity $(bone_hugeasssword) { transformation: [-3.883159049117254f,0.5063307250859557f,-0.07058876589440521f,-1.0061393824868015f,0.35609578659982244f,3.066937654962245f,2.409847918255074f,1.8404731874033207f,0.3668097160687247f,2.3828135460388813f,-3.086734198921081f,-0.6914878662518711f,0f,0f,0f,1f], start_interpolation: 0, interpolation_duration: 1 }
$data merge entity $(bone_ice) { transformation: [-0.9914448636044052f,0.12927592980918015f,-0.018022663632614094f,-0.9926679928962511f,0.09091807317442274f,0.783047911905254f,0.6152803195544869f,1.8268174688864507f,0.09365354452818503f,0.608377926648225f,-0.7881023486607014f,-0.7024571079890025f,0f,0f,0f,1f], start_interpolation: 0, interpolation_duration: 1 }
$data merge entity $(bone_righthand1) { transformation: [-0.9914448636044052f,0.12927592980918015f,-0.018022663632614094f,-1.2087734345835766f,0.09091807317442274f,0.783047911905254f,0.6152803195544869f,2.0645364751424475f,0.09365354452818503f,0.608377926648225f,-0.7881023486607014f,-0.551577438590547f,0f,0f,0f,1f], start_interpolation: 0, interpolation_duration: 1 }
$data merge entity $(bone_rightforearm) { transformation: [-0.9914448636044052f,0.12794357328036993f,-0.025836495286571563f,-1.0564441104066884f,0.09091807317442274f,0.8189515986837176f,0.5666146688743887f,2.6258260841923726f,0.09365354452818503f,0.5594181987293884f,-0.8235777392132898f,-0.1512214619667498f,0f,0f,0f,1f], start_interpolation: 0, interpolation_duration: 1 }
$data merge entity $(bone_rightelbow) { transformation: [-0.9914448636044052f,0.12961310308773608f,-0.015411876602488217f,-1.032141653577738f,0.09091807317442274f,0.7704802334684424f,0.6309469976191855f,2.7702911279677056f,0.09365354452818503f,0.6241479418714622f,-0.7756728435719049f,-0.03419372286585065f,0f,0f,0f,1f], start_interpolation: 0, interpolation_duration: 1 }
$data merge entity $(bone_rightarm) { transformation: [-0.9914448636044052f,0.13052617527698504f,-6.482501757753112e-8f,-0.75f,0.09091807317442274f,0.6905917757778365f,0.7175074237931371f,3.0732765803561835f,0.09365354452818503f,0.7113690440239693f,-0.6965508572973915f,0.322771300571137f,0f,0f,0f,1f], start_interpolation: 0, interpolation_duration: 1 }
$data merge entity $(bone_chest1) { transformation: [-1.0833333333333333f,-4.176526393467996e-17f,1.259246210149625e-16f,-0.002323125000000021f,0f,1.028252563127884f,0.34103926098331827f,2.955776687845086f,-1.3267006990762992e-16f,0.34103926098331827f,-1.028252563127884f,0.16783475566270784f,0f,0f,0f,1f], start_interpolation: 0, interpolation_duration: 1 }
$data merge entity $(bone_chest1lid) { transformation: [-1f,-3.855255132431997e-17f,1.1623811170611924e-16f,-0.3437500000000001f,0f,0.9491562121180468f,0.3148054716769092f,2.183886987472451f,-1.2246467991473532e-16f,0.3148054716769092f,-0.9491562121180468f,0.3241043685019455f,0f,0f,0f,1f], start_interpolation: 0, interpolation_duration: 1 }
$data merge entity $(bone_chest2) { transformation: [-1f,-3.855255132431997e-17f,1.1623811170611924e-16f,-0.3437500000000001f,0f,0.9491562121180468f,0.3148054716769092f,2.0355813293290064f,-1.2246467991473532e-16f,0.3148054716769092f,-0.9491562121180468f,0.27491601355242845f,0f,0f,0f,1f], start_interpolation: 0, interpolation_duration: 1 }
$data merge entity $(bone_chest1lid3) { transformation: [-1f,-3.855255132431997e-17f,1.1623811170611924e-16f,-0.28125f,0f,0.9491562121180468f,0.3148054716769092f,2.385559242765471f,-1.2246467991473532e-16f,0.3148054716769092f,-0.9491562121180468f,-0.28394882988617814f,0f,0f,0f,1f], start_interpolation: 0, interpolation_duration: 1 }
$data merge entity $(bone_chest3) { transformation: [-1f,-3.855255132431997e-17f,1.1623811170611924e-16f,-0.28125f,0f,0.9491562121180468f,0.3148054716769092f,2.2372535846220263f,-1.2246467991473532e-16f,0.3148054716769092f,-0.9491562121180468f,-0.3331371848356952f,0f,0f,0f,1f], start_interpolation: 0, interpolation_duration: 1 }
$data merge entity $(bone_hugeasssword2) { transformation: [-1.324940640138673e-15f,2.887669569172986f,-2.646061646494669f,-1.234375f,-1.2329880974012275f,2.511525849417723f,2.740849510124784f,4.140484844353072f,3.71752849746235f,0.832994684710934f,0.9090541807705578f,0.2816431927037786f,0f,0f,0f,1f], start_interpolation: 0, interpolation_duration: 1 }
$data merge entity $(bone_belt) { transformation: [-1f,-3.855255132431997e-17f,1.1623811170611924e-16f,0.029705624999999975f,0f,0.9491562121180468f,0.3148054716769092f,2.5364904706159175f,-1.2246467991473532e-16f,0.3148054716769092f,-0.9491562121180468f,0.16668521318642723f,0f,0f,0f,1f], start_interpolation: 0, interpolation_duration: 1 }
$data merge entity $(bone_torn_part) { transformation: [-1f,-6.531335338045671e-17f,1.0359422617510187e-16f,-0.09375000000000001f,0f,0.8459110516373227f,0.5333240035080353f,2.2697085093897797f,-1.2246467991473532e-16f,0.5333240035080353f,-0.8459110516373227f,0.0819020431433951f,0f,0f,0f,1f], start_interpolation: 0, interpolation_duration: 1 }
$data merge entity $(bone_lowerbody) { transformation: [-1f,-3.113906762314008e-17f,1.1843967364941567e-16f,0.0039062499999999883f,0f,0.9671333296414768f,0.2542697832944185f,1.76171875f,-1.2246467991473532e-16f,0.2542697832944185f,-0.9671333296414768f,0.09375f,0f,0f,0f,1f], start_interpolation: 0, interpolation_duration: 1 }
$data merge entity $(bone_leftfoot) { transformation: [-0.9238795325112867f,0.01669241687462919f,-0.38231920253318397f,0.15876795948216105f,0f,0.9990482215818579f,0.04361938736533605f,0.15703873375494848f,0.3826834323650896f,0.040299059207515475f,-0.9230002039112795f,-0.3800388148459124f,0f,0f,0f,1f], start_interpolation: 0, interpolation_duration: 1 }
$data merge entity $(bone_leftlowerleg) { transformation: [-0.9238795325112867f,0.25853717952260435f,-0.28214382185549053f,0.48893280686392576f,0f,0.7372773368101241f,0.6755902076156602f,0.871154299585692f,0.3826834323650896f,0.6241639651811595f,-0.681155441263304f,0.4170496375219874f,0f,0f,0f,1f], start_interpolation: 0, interpolation_duration: 1 }
$data merge entity $(bone_leftleg) { transformation: [-0.9238795325112867f,-0.20561565833058093f,-0.3227519333110306f,0.25f,0f,0.8433914458128857f,-0.5372996083468239f,1.78125f,0.3826834323650896f,-0.4964001109779611f,-0.7791920946816271f,-0.07812499999999997f,0f,0f,0f,1f], start_interpolation: 0, interpolation_duration: 1 }
$data merge entity $(bone_rightfoot) { transformation: [-0.9238795325112867f,-0.016692416874629232f,0.3823192025331842f,-0.4767242133981858f,0f,0.9990482215818577f,0.04361938736533602f,0.1776236915474234f,-0.38268343236508984f,0.040299059207515364f,-0.9230002039112792f,0.3875754855994981f,0f,0f,0f,1f], start_interpolation: 0, interpolation_duration: 1 }
$data merge entity $(bone_rightlowerleg) { transformation: [-0.9238795325112867f,-0.08282785436160817f,0.37361230700898834f,-0.6260152607486827f,0f,0.9762960071199334f,0.2164396139381029f,1.227447074687821f,-0.38268343236508984f,0.1999641293420579f,-0.9019798986506f,0.7479959568539517f,0f,0f,0f,1f], start_interpolation: 0, interpolation_duration: 1 }
$data merge entity $(bone_rightleg) { transformation: [-0.9238795325112867f,0.33141357403559185f,0.19134171618254497f,-0.25f,0f,0.5000000000000001f,-0.8660254037844386f,1.78125f,-0.38268343236508984f,-0.8001031451912655f,-0.4619397662556435f,-0.07812500000000003f,0f,0f,0f,1f], start_interpolation: 0, interpolation_duration: 1 }
data modify entity @s data merge value {"locators":{"lefthand":{"posx":0.7372900487057203,"posy":2.945618420918798,"posz":1.7617071020214496,"roty":157.8739897233306,"rotx":-57.3560150549092},"righthand":{"posx":-1.087354281143173,"posy":1.8134921596299942,"posz":-0.6908688940955403,"roty":358.6899637954042,"rotx":37.9722916306704},"chest":{"posx":-0.3750000000000001,"posy":2.0753763692655562,"posz":0.45273468466558353,"roty":0,"rotx":18.349070699708452},"sack":{"posx":0,"posy":-0.4375,"posz":0,"roty":0,"rotx":0}},"cameras":{}}