# This file was generated by Animated Java via MC-Build. It is not recommended to edit this file directly.
$data merge entity $(bone_nose) { transformation: [-1f,-3.768914188096502e-17f,1.1652092692257073e-16f,-1.384943149718244e-16f,0f,0.9514655736143444f,0.3077551985372897f,3.489068204381034f,-1.2246467991473532e-16f,0.3077551985372897f,-0.9514655736143444f,1.1296787685074479f,0f,0f,0f,1f], start_interpolation: 0, interpolation_duration: 1 }
$data merge entity $(bone_glowing_eye) { transformation: [-1f,-3.768914188096502e-17f,1.1652092692257073e-16f,-0.12500000000000014f,0f,0.9514655736143444f,0.3077551985372897f,3.542750844372553f,-1.2246467991473532e-16f,0.3077551985372897f,-0.9514655736143444f,1.1837182818166667f,0f,0f,0f,1f], start_interpolation: 0, interpolation_duration: 1 }
$data merge entity $(bone_head) { transformation: [-1f,-3.768914188096502e-17f,1.1652092692257073e-16f,-1.1202145134004525e-16f,0f,0.9514655736143444f,0.3077551985372897f,3.429212908383153f,-1.2246467991473532e-16f,0.3077551985372897f,-0.9514655736143444f,0.9135114323399048f,0f,0f,0f,1f], start_interpolation: 0, interpolation_duration: 1 }
$data merge entity $(bone_leftthumb2) { transformation: [-0.996581540587832f,-0.08221624303218276f,-0.00810693167951952f,0.9789591320940733f,-0.08161183085128074f,0.9949748093259095f,-0.05800549863566179f,1.2631621601596341f,0.012835186975080626f,-0.05714558765594137f,-0.9982833464436698f,0.9349483692887736f,0f,0f,0f,1f], start_interpolation: 0, interpolation_duration: 1 }
$data merge entity $(bone_leftthumb) { transformation: [-0.996581540587832f,-0.08221624303218276f,-0.00810693167951952f,0.9581034169982506f,-0.08161183085128074f,0.9949748093259095f,-0.05800549863566179f,1.5022152649360865f,0.012835186975080626f,-0.05714558765594137f,-0.9982833464436698f,0.8356230434293515f,0f,0f,0f,1f], start_interpolation: 0, interpolation_duration: 1 }
$data merge entity $(bone_leftpointerfinger) { transformation: [-0.996581540587832f,-0.08194803746381729f,-0.010476264382504765f,1.0776286450066812f,-0.08161183085128074f,0.9962343863419499f,-0.029266987118256774f,1.175721231739873f,0.012835186975080626f,-0.028311951993938288f,-0.9995167288993255f,0.7970327126124479f,0f,0f,0f,1f], start_interpolation: 0, interpolation_duration: 1 }
$data merge entity $(bone_leftmidfinger) { transformation: [-0.996581540587832f,-0.08194803746381729f,-0.010476264382504765f,1.075991728696915f,-0.08161183085128074f,0.9962343863419499f,-0.029266987118256774f,1.1711482650026455f,0.012835186975080626f,-0.028311951993938288f,-0.9995167288993255f,0.6408582237219282f,0f,0f,0f,1f], start_interpolation: 0, interpolation_duration: 1 }
$data merge entity $(bone_leftringfinger) { transformation: [-0.996581540587832f,-0.08194803746381729f,-0.010476264382504765f,1.0743548123871485f,-0.08161183085128074f,0.9962343863419499f,-0.029266987118256774f,1.1665752982654178f,0.012835186975080626f,-0.028311951993938288f,-0.9995167288993255f,0.4846837348314087f,0f,0f,0f,1f], start_interpolation: 0, interpolation_duration: 1 }
$data merge entity $(bone_invisibility) { transformation: [-0.025134596611845517f,0.008317289744673578f,0.9996494759386725f,0.8851608090041387f,0.9929301411946369f,0.11624891328215764f,0.02399843469719427f,1.2812898243547672f,-0.11600856330615374f,0.9931852862643608f,-0.01118035722244803f,0.8272239724707691f,0f,0f,0f,1f], start_interpolation: 0, interpolation_duration: 1 }
$data merge entity $(bone_swiftness) { transformation: [-0.010476264382504987f,-0.024314052318050536f,0.9996494759386727f,0.8344241738044177f,-0.02926698711825678f,0.9992835026143003f,0.02399843469719422f,1.139232501632873f,-0.9995167288993255f,-0.029005314388415183f,-0.01118035722244803f,0.6443247027777786f,0f,0f,0f,1f], start_interpolation: 0, interpolation_duration: 1 }
$data merge entity $(bone_suspicious_stew) { transformation: [-0.02646347559313588f,-0.0007808425376080591f,0.9996494759386729f,0.8843362306348278f,0.8932896566542938f,0.4488403551893907f,0.023998434697194346f,1.2289608500850489f,-0.4487017648438499f,0.8936116191267844f,-0.011180357222447814f,0.6411742099141025f,0f,0f,0f,1f], start_interpolation: 0, interpolation_duration: 1 }
$data merge entity $(bone_log) { transformation: [-0.9996494759386727f,-0.024314052318050536f,-0.010476264382504765f,0.7870887608328909f,-0.02399843469719423f,0.9992835026143003f,-0.029266987118256774f,1.350249544637806f,0.011180357222447809f,-0.029005314388415183f,-0.9995167288993255f,0.5917443574379992f,0f,0f,0f,1f], start_interpolation: 0, interpolation_duration: 1 }
$data merge entity $(bone_planks) { transformation: [-0.9996494759386727f,-0.024314052318050536f,-0.010476264382504765f,0.6933716224636404f,-0.02399843469719423f,0.9992835026143003f,-0.029266987118256774f,1.3479996913849441f,0.011180357222447809f,-0.029005314388415183f,-0.9995167288993255f,0.5927925159276037f,0f,0f,0f,1f], start_interpolation: 0, interpolation_duration: 1 }
$data merge entity $(bone_lefthand1) { transformation: [-0.9996494759386727f,-0.024314052318050536f,-0.010476264382504765f,1.0312499999999998f,-0.02399843469719423f,0.9992835026143003f,-0.029266987118256774f,1.6069846223131252f,0.011180357222447809f,-0.029005314388415183f,-0.9995167288993255f,0.6129328373133873f,0f,0f,0f,1f], start_interpolation: 0, interpolation_duration: 1 }
$data merge entity $(bone_leftforearm) { transformation: [-1f,6.5598094642969384e-18f,1.2228886591350292e-16f,0.9687499999999999f,0f,0.9985643697321154f,-0.05356490923639476f,2.3099371464878375f,-1.2246467991473532e-16f,-0.05356490923639476f,-0.9985643697321154f,0.5908725787836115f,0f,0f,0f,1f], start_interpolation: 0, interpolation_duration: 1 }
$data merge entity $(bone_leftelbow) { transformation: [-1f,-9.458210633629509e-18f,1.2209889466423714e-16f,0.9687499999999999f,0f,0.9970131367611228f,0.07723215085537061f,2.496877109630548f,-1.2246467991473532e-16f,0.07723215085537061f,-0.9970131367611228f,0.6053536070689935f,0f,0f,0f,1f], start_interpolation: 0, interpolation_duration: 1 }
$data merge entity $(bone_leftarm) { transformation: [-1f,-9.458210633629509e-18f,1.2209889466423714e-16f,0.7499999999999999f,0f,0.9970131367611228f,0.07723215085537061f,2.992970173296879f,-1.2246467991473532e-16f,0.07723215085537061f,-0.9970131367611228f,0.6751263430204639f,0f,0f,0f,1f], start_interpolation: 0, interpolation_duration: 1 }
$data merge entity $(bone_rightthumb2) { transformation: [-0.009543288060965278f,0.03263765363390035f,-0.99942168738639f,-0.9212708283713571f,-0.22636467369071017f,0.9734507491298016f,0.033951045985754935f,1.2910788234943988f,0.9739958727622433f,0.22655776875645225f,-0.0019019090972398622f,0.3693579922161455f,0f,0f,0f,1f], start_interpolation: 0, interpolation_duration: 1 }
$data merge entity $(bone_rightthumb) { transformation: [-0.009543288060965278f,0.03263765363390035f,-0.99942168738639f,-0.9986747674498677f,-0.22636467369071017f,0.9734507491298016f,0.033951045985754935f,1.5327116903501918f,0.9739958727622433f,0.22655776875645225f,-0.0019019090972398622f,0.4247570534237224f,0f,0f,0f,1f], start_interpolation: 0, interpolation_duration: 1 }
$data merge entity $(bone_rightpointerfinger) { transformation: [-0.11957217253664941f,-0.9922411072418356f,-0.03405995675807383f,-1.1202337943091303f,-0.9676508289224102f,0.10879516890432997f,0.22763014850597252f,1.2265982312856554f,-0.22215843184682083f,0.06017637678171086f,-0.9731518046208347f,0.3092402795613369f,0f,0f,0f,1f], start_interpolation: 0, interpolation_duration: 1 }
$data merge entity $(bone_rightmidfinger) { transformation: [-0.11957217253664941f,-0.9922411072418356f,-0.03405995675807383f,-1.1255556625525793f,-0.9676508289224102f,0.10879516890432997f,0.22763014850597252f,1.2621654419897137f,-0.22215843184682083f,0.06017637678171086f,-0.9731518046208347f,0.15718531008933145f,0f,0f,0f,1f], start_interpolation: 0, interpolation_duration: 1 }
$data merge entity $(bone_rightringfinger) { transformation: [-0.24806266951724826f,-0.9681450466420899f,-0.03405995675807383f,-1.1308775307960284f,-0.9451718228102122f,0.23416818925031238f,0.22763014850597252f,1.2977326526937718f,-0.21240324234247854f,0.08865905371486485f,-0.9731518046208347f,0.005130340617326035f,0f,0f,0f,1f], start_interpolation: 0, interpolation_duration: 1 }
$data merge entity $(bone_hugeasssword) { transformation: [-3.9123063661084987f,0.12783081006610972f,-0.13340149730245585f,-0.8530646642068094f,0.09417563792436347f,3.8126821007583898f,0.8915514149817257f,1.4499539927217475f,0.15895793376310016f,0.8873512609627714f,-3.8115112347649363f,0.20762996203072082f,0f,0f,0f,1f], start_interpolation: 0, interpolation_duration: 1 }
$data merge entity $(bone_ice) { transformation: [-0.9988867317723825f,0.03263765363390035f,-0.03405995675807383f,-0.8379670223608955f,0.024044843725369393f,0.9734507491298016f,0.22763014850597252f,1.4343681240833854f,0.04058500436504685f,0.22655776875645225f,-0.9731518046208347f,0.2034558562006974f,0f,0f,0f,1f], start_interpolation: 0, interpolation_duration: 1 }
$data merge entity $(bone_righthand1) { transformation: [-0.9988867317723825f,0.03263765363390035f,-0.03405995675807383f,-1.0805936655442059f,0.024044843725369393f,0.9734507491298016f,0.22763014850597252f,1.6908554644379898f,0.04058500436504685f,0.22655776875645225f,-0.9731518046208347f,0.23983055558667107f,0f,0f,0f,1f], start_interpolation: 0, interpolation_duration: 1 }
$data merge entity $(bone_rightforearm) { transformation: [-0.9988867317723825f,0.03283687471074189f,-0.03386793097192899f,-0.9945456308560052f,0.024044843725369393f,0.9720988125520733f,0.23333611834662848f,2.3692137624316647f,0.04058500436504685f,0.23226200355219595f,-0.9718061633508037f,0.41578768536384975f,0f,0f,0f,1f], start_interpolation: 0, interpolation_duration: 1 }
$data merge entity $(bone_rightelbow) { transformation: [-0.9988867317723825f,0.032437309635211985f,-0.03425081068701428f,-0.988463635299403f,0.024044843725369393f,0.9747691934373666f,0.22191634688703932f,2.5519829862011707f,0.04058500436504685f,0.22084573907842453f,-0.9744639639061025f,0.45719626144105435f,0f,0f,0f,1f], start_interpolation: 0, interpolation_duration: 1 }
$data merge entity $(bone_rightarm) { transformation: [-0.9988867317723825f,0.0381830015786499f,-0.027701181915815918f,-0.7500000000000001f,0.024044843725369393f,0.9173313570357546f,0.3973978194318178f,2.992970173296879f,0.04058500436504685f,0.39628933847554604f,-0.9172282254876937f,0.6751263430204638f,0f,0f,0f,1f], start_interpolation: 0, interpolation_duration: 1 }
$data merge entity $(bone_chest1) { transformation: [-1.0833333333333333f,-7.016590813185721e-17f,1.1259703719604342e-16f,-0.0023231250000000613f,0f,0.9194245824546136f,0.5729481200678387f,2.915136056012682f,-1.3267006990762992e-16f,0.5729481200678387f,-0.9194245824546136f,0.4969314837375116f,0f,0f,0f,1f], start_interpolation: 0, interpolation_duration: 1 }
$data merge entity $(bone_chest1lid) { transformation: [-1f,-6.476853058325281e-17f,1.0393572664250164e-16f,-0.34375f,0f,0.8486996145734895f,0.528875187754928f,2.1281337269444234f,-1.2246467991473532e-16f,0.528875187754928f,-0.8486996145734895f,0.46758466995103726f,0f,0f,0f,1f], start_interpolation: 0, interpolation_duration: 1 }
$data merge entity $(bone_chest2) { transformation: [-1f,-6.476853058325281e-17f,1.0393572664250164e-16f,-0.34375f,0f,0.8486996145734895f,0.528875187754928f,1.9955244121673157f,-1.2246467991473532e-16f,0.528875187754928f,-0.8486996145734895f,0.38494792186432975f,0f,0f,0f,1f], start_interpolation: 0, interpolation_duration: 1 }
$data merge entity $(bone_chest1lid3) { transformation: [-1f,-6.476853058325281e-17f,1.0393572664250164e-16f,-0.28124999999999994f,0f,0.8486996145734895f,0.528875187754928f,2.4669443940999245f,-1.2246467991473532e-16f,0.528875187754928f,-0.8486996145734895f,-0.07611352063510446f,0f,0f,0f,1f], start_interpolation: 0, interpolation_duration: 1 }
$data merge entity $(bone_chest3) { transformation: [-1f,-6.476853058325281e-17f,1.0393572664250164e-16f,-0.28124999999999994f,0f,0.8486996145734895f,0.528875187754928f,2.3343350793228166f,-1.2246467991473532e-16f,0.528875187754928f,-0.8486996145734895f,-0.15875026872181197f,0f,0f,0f,1f], start_interpolation: 0, interpolation_duration: 1 }
$data merge entity $(bone_hugeasssword2) { transformation: [-1.2767562986395042e-15f,2.887669569172986f,-2.646061646494669f,-1.2343750000000002f,-2.071427818706802f,2.2457114995177188f,2.450764050372708f,4.039997983278466f,3.324073490412834f,1.399436350100983f,1.527216785570554f,0.8857391753103332f,0f,0f,0f,1f], start_interpolation: 0, interpolation_duration: 1 }
$data merge entity $(bone_belt) { transformation: [-1f,-6.476853058325281e-17f,1.0393572664250164e-16f,0.02970562499999995f,0f,0.8486996145734895f,0.528875187754928f,2.507842454274534f,-1.2246467991473532e-16f,0.528875187754928f,-0.8486996145734895f,0.39736153149579734f,0f,0f,0f,1f], start_interpolation: 0, interpolation_duration: 1 }
$data merge entity $(bone_torn_part) { transformation: [-1f,-9.418285989142736e-17f,7.827634846676446e-17f,-0.09375000000000003f,0f,0.6391748912524289f,0.7690614139276822f,2.268751784936631f,-1.2246467991473532e-16f,0.7690614139276822f,-0.6391748912524289f,0.2397937505432891f,0f,0f,0f,1f], start_interpolation: 0, interpolation_duration: 1 }
$data merge entity $(bone_lowerbody) { transformation: [-1f,-6.628563800042612e-17f,1.0297481255867885e-16f,0.0039062499999999883f,0f,0.8408531556231064f,0.5412633099321107f,1.7820638020833335f,-1.2246467991473532e-16f,0.5412633099321107f,-0.8408531556231064f,0.09375f,0f,0f,0f,1f], start_interpolation: 0, interpolation_duration: 1 }
$data merge entity $(bone_leftfoot) { transformation: [-0.9238795325112867f,0.022120831217478848f,-0.3820435554134815f,0.15771486891286984f,2.7755575615628914e-17f,0.9983279209459017f,0.05780451764207817f,0.1574974630271314f,0.38268343236508967f,0.053404410736203556f,-0.9223347328964646f,-0.3825812003807023f,0f,0f,0f,1f], start_interpolation: 0, interpolation_duration: 1 }
$data merge entity $(bone_leftlowerleg) { transformation: [-0.9238795325112867f,0.2545037989821288f,-0.2857873785008538f,0.48396500129554426f,2.7755575615628914e-17f,0.7467984091566457f,0.6650504763407835f,0.8837948520913579f,0.38268343236508967f,0.6144265231781316f,-0.6899517651318147f,0.40505629394356835f,0f,0f,0f,1f], start_interpolation: 0, interpolation_duration: 1 }
$data merge entity $(bone_leftleg) { transformation: [-0.9238795325112867f,-0.20101085693177853f,-0.32563974696323267f,0.25f,2.7755575615628914e-17f,0.8509376665477488f,-0.5252666824102515f,1.8015950520833335f,0.38268343236508967f,-0.48528313698893777f,-0.7861638935663795f,-0.07812499999999997f,0f,0f,0f,1f], start_interpolation: 0, interpolation_duration: 1 }
$data merge entity $(bone_rightfoot) { transformation: [-0.9238795325112867f,-0.011260635057783228f,0.38251772181798555f,-0.4762857596472299f,0f,0.999566977472528f,0.029425457454976045f,0.16699177734768123f,-0.3826834323650899f,0.02718557787743414f,-0.9234794718610393f,0.38651696460746715f,0f,0f,0f,1f], start_interpolation: 0, interpolation_duration: 1 }
$data merge entity $(bone_rightlowerleg) { transformation: [-0.9238795325112867f,-0.07751306602774498f,0.3747510293537628f,-0.6198556733962117f,0f,0.9792716320058524f,0.20255140273173738f,1.2222501072368293f,-0.3826834323650899f,0.18713309526530303f,-0.9047290175791318f,0.7331253975289944f,0f,0f,0f,1f], start_interpolation: 0, interpolation_duration: 1 }
$data merge entity $(bone_rightleg) { transformation: [-0.9238795325112867f,0.325845141175448f,0.20067773513541232f,-0.25f,0f,0.5243961932064007f,-0.8514743874895094f,1.8015950520833335f,-0.3826834323650899f,-0.7866597590591422f,-0.484478909830228f,-0.07812500000000003f,0f,0f,0f,1f], start_interpolation: 0, interpolation_duration: 1 }
data modify entity @s data merge value {"locators":{"lefthand":{"posx":0.8828691261704659,"posy":1.2748876709226487,"posz":0.6085796880240416,"roty":359.3994860339783,"rotx":-1.6771143229436847},"righthand":{"posx":-0.9315904299782412,"posy":1.41785543915708,"posz":0.2189262321703015,"roty":357.99548692602315,"rotx":13.157588721949692},"chest":{"posx":-0.375,"posy":1.9924532529468728,"posz":0.567139285493462,"roty":0,"rotx":31.9294872563958},"sack":{"posx":0,"posy":-0.4375,"posz":0,"roty":0,"rotx":0}},"cameras":{}}