# This file was generated by Animated Java via MC-Build. It is not recommended to edit this file directly.
$data merge entity $(bone_nose) {transformation: [-0.9887f,-0.0489f,0.1416f,-0.1139f,0.0145f,0.9096f,0.4153f,3.6972f,-0.1491f,0.4127f,-0.8986f,1.0967f,0f,0f,0f,1f],start_interpolation: 0,interpolation_duration: 1}
$data merge entity $(bone_glowing_eye) {transformation: [-0.9887f,-0.0489f,0.1416f,-0.2457f,0.0145f,0.9096f,0.4153f,3.7461f,-0.1491f,0.4127f,-0.8986f,1.1373f,0f,0f,0f,1f],start_interpolation: 0,interpolation_duration: 1}
$data merge entity $(bone_head) {transformation: [-0.9887f,-0.0489f,0.1416f,-0.0813f,0.0145f,0.9096f,0.4153f,3.6627f,-0.1491f,0.4127f,-0.8986f,0.8774f,0f,0f,0f,1f],start_interpolation: 0,interpolation_duration: 1}
$data merge entity $(bone_leftthumb2) {transformation: [0.2545f,0.9658f,0.0503f,-1.0406f,0.3327f,-0.0386f,-0.9422f,3.3489f,-0.908f,0.2565f,-0.3311f,0.4849f,0f,0f,0f,1f],start_interpolation: 0,interpolation_duration: 1}
$data merge entity $(bone_leftthumb) {transformation: [0.2545f,0.9658f,0.0503f,-0.7994f,0.3327f,-0.0386f,-0.9422f,3.2589f,-0.908f,0.2565f,-0.3311f,0.5195f,0f,0f,0f,1f],start_interpolation: 0,interpolation_duration: 1}
$data merge entity $(bone_leftpointerfinger) {transformation: [0.9907f,-0.1262f,0.0503f,-1.1016f,0.0052f,-0.3349f,-0.9422f,3.2431f,0.1358f,0.9338f,-0.3311f,0.4128f,0f,0f,0f,1f],start_interpolation: 0,interpolation_duration: 1}
$data merge entity $(bone_leftmidfinger) {transformation: [0.9907f,-0.1262f,0.0503f,-1.0937f,0.0052f,-0.3349f,-0.9422f,3.0959f,0.1358f,0.9338f,-0.3311f,0.3611f,0f,0f,0f,1f],start_interpolation: 0,interpolation_duration: 1}
$data merge entity $(bone_leftringfinger) {transformation: [0.9907f,-0.1262f,0.0503f,-1.0859f,0.0052f,-0.3349f,-0.9422f,2.9486f,0.1358f,0.9338f,-0.3311f,0.3093f,0f,0f,0f,1f],start_interpolation: 0,interpolation_duration: 1}
$data merge entity $(bone_invisibility) {transformation: [0.9665f,0.034f,-0.2545f,-0.99f,-0.1205f,0.9353f,-0.3327f,3.2786f,0.2267f,0.3522f,0.908f,0.3872f,0f,0f,0f,1f],start_interpolation: 0,interpolation_duration: 1}
$data merge entity $(bone_swiftness) {transformation: [0.0503f,0.9658f,-0.2545f,-1.0981f,-0.9422f,-0.0386f,-0.3327f,3.1245f,-0.3311f,0.2565f,0.908f,0.2431f,0f,0f,0f,1f],start_interpolation: 0,interpolation_duration: 1}
$data merge entity $(bone_suspicious_stew) {transformation: [0.8966f,0.3625f,-0.2545f,-1.0259f,-0.4332f,0.8377f,-0.3327f,3.1037f,0.0925f,0.4085f,0.908f,0.3131f,0f,0f,0f,1f],start_interpolation: 0,interpolation_duration: 1}
$data merge entity $(bone_log) {transformation: [0.2545f,0.9658f,0.0503f,-0.8789f,0.3327f,-0.0386f,-0.9422f,3.0859f,-0.908f,0.2565f,-0.3311f,0.2445f,0f,0f,0f,1f],start_interpolation: 0,interpolation_duration: 1}
$data merge entity $(bone_planks) {transformation: [0.2545f,0.9658f,0.0503f,-0.8551f,0.3327f,-0.0386f,-0.9422f,3.1171f,-0.908f,0.2565f,-0.3311f,0.1594f,0f,0f,0f,1f],start_interpolation: 0,interpolation_duration: 1}
$data merge entity $(bone_lefthand1) {transformation: [0.2545f,0.9658f,0.0503f,-0.7027f,0.3327f,-0.0386f,-0.9422f,3.0226f,-0.908f,0.2565f,-0.3311f,0.546f,0f,0f,0f,1f],start_interpolation: 0,interpolation_duration: 1}
$data merge entity $(bone_leftforearm) {transformation: [0.3092f,0.699f,-0.6448f,-0.1701f,0.1284f,-0.7025f,-0.7f,2.5617f,-0.9423f,0.1337f,-0.307f,0.5887f,0f,0f,0f,1f],start_interpolation: 0,interpolation_duration: 1}
$data merge entity $(bone_leftelbow) {transformation: [0.3092f,0.699f,-0.6448f,-0.0391f,0.1284f,-0.7025f,-0.7f,2.43f,-0.9423f,0.1337f,-0.307f,0.6138f,0f,0f,0f,1f],start_interpolation: 0,interpolation_duration: 1}
$data merge entity $(bone_leftarm) {transformation: [0.5f,0.5365f,0.6798f,0.2055f,0.7281f,0.1646f,-0.6655f,2.8247f,-0.4689f,0.8277f,-0.3082f,1.0425f,0f,0f,0f,1f],start_interpolation: 0,interpolation_duration: 1}
$data merge entity $(bone_rightthumb2) {transformation: [0.1213f,-0.904f,-0.41f,-0.9769f,0.9557f,0.218f,-0.1979f,3.677f,0.2683f,-0.3678f,0.8904f,0.2587f,0f,0f,0f,1f],start_interpolation: 0,interpolation_duration: 1}
$data merge entity $(bone_rightthumb) {transformation: [0.1213f,-0.904f,-0.41f,-1.2336f,0.9557f,0.218f,-0.1979f,3.7135f,0.2683f,-0.3678f,0.8904f,0.2446f,0f,0f,0f,1f],start_interpolation: 0,interpolation_duration: 1}
$data merge entity $(bone_rightpointerfinger) {transformation: [-0.1606f,-0.9841f,0.0755f,-1.2261f,-0.4066f,-0.0038f,-0.9136f,3.5541f,0.8994f,-0.1774f,-0.3995f,0.5229f,0f,0f,0f,1f],start_interpolation: 0,interpolation_duration: 1}
$data merge entity $(bone_rightmidfinger) {transformation: [-0.1606f,-0.9841f,0.0755f,-1.2143f,-0.4066f,-0.0038f,-0.9136f,3.4114f,0.8994f,-0.1774f,-0.3995f,0.4605f,0f,0f,0f,1f],start_interpolation: 0,interpolation_duration: 1}
$data merge entity $(bone_rightringfinger) {transformation: [-0.1606f,-0.9841f,0.0755f,-1.2025f,-0.4066f,-0.0038f,-0.9136f,3.2686f,0.8994f,-0.1774f,-0.3995f,0.3981f,0f,0f,0f,1f],start_interpolation: 0,interpolation_duration: 1}
$data merge entity $(bone_hugeasssword) {transformation: [-3.9036f,0.1205f,0.2959f,-1.0676f,-0.2226f,1.5769f,-3.5783f,3.5008f,-0.2292f,-3.5832f,-1.5648f,0.2932f,0f,0f,0f,1f],start_interpolation: 0,interpolation_duration: 1}
$data merge entity $(bone_ice) {transformation: [-0.9967f,0.0308f,0.0755f,-1.0525f,-0.0568f,0.4026f,-0.9136f,3.4954f,-0.0585f,-0.9149f,-0.3995f,0.3084f,0f,0f,0f,1f],start_interpolation: 0,interpolation_duration: 1}
$data merge entity $(bone_righthand1) {transformation: [-0.9967f,0.0308f,0.0755f,-1.2916f,-0.0568f,0.4026f,-0.9136f,3.5533f,-0.0585f,-0.9149f,-0.3995f,0.0526f,0f,0f,0f,1f],start_interpolation: 0,interpolation_duration: 1}
$data merge entity $(bone_rightforearm) {transformation: [-0.759f,0.334f,-0.5589f,-1.0517f,0.6385f,0.2134f,-0.7394f,3.6658f,-0.1277f,-0.9181f,-0.3753f,-0.5657f,0f,0f,0f,1f],start_interpolation: 0,interpolation_duration: 1}
$data merge entity $(bone_rightelbow) {transformation: [-0.759f,0.334f,-0.5589f,-0.9891f,0.6385f,0.2134f,-0.7394f,3.7058f,-0.1277f,-0.9181f,-0.3753f,-0.7378f,0f,0f,0f,1f],start_interpolation: 0,interpolation_duration: 1}
$data merge entity $(bone_rightarm) {transformation: [-0.1121f,0.7992f,0.5905f,-0.4547f,0.988f,0.153f,-0.0195f,3.5734f,-0.1059f,0.5813f,-0.8068f,-0.0954f,0f,0f,0f,1f],start_interpolation: 0,interpolation_duration: 1}
$data merge entity $(bone_chest1) {transformation: [-0.4971f,-0.4254f,0.8634f,0.2405f,0.4194f,0.7789f,0.6252f,3.2386f,-0.8663f,0.6212f,-0.1928f,0.4845f,0f,0f,0f,1f],start_interpolation: 0,interpolation_duration: 1}
$data merge entity $(bone_chest1lid) {transformation: [-0.4589f,-0.3927f,0.797f,0.0403f,0.3872f,0.719f,0.5771f,2.6535f,-0.7997f,0.5734f,-0.1779f,-0.1108f,0f,0f,0f,1f],start_interpolation: 0,interpolation_duration: 1}
$data merge entity $(bone_chest2) {transformation: [-0.4589f,-0.3927f,0.797f,0.1017f,0.3872f,0.719f,0.5771f,2.5412f,-0.7997f,0.5734f,-0.1779f,-0.2004f,0f,0f,0f,1f],start_interpolation: 0,interpolation_duration: 1}
$data merge entity $(bone_chest1lid3) {transformation: [-0.4589f,-0.3927f,0.797f,0.5796f,0.3872f,0.719f,0.5771f,2.999f,-0.7997f,0.5734f,-0.1779f,-0.1748f,0f,0f,0f,1f],start_interpolation: 0,interpolation_duration: 1}
$data merge entity $(bone_chest3) {transformation: [-0.4589f,-0.3927f,0.797f,0.6409f,0.3872f,0.719f,0.5771f,2.8867f,-0.7997f,0.5734f,-0.1779f,-0.2644f,0f,0f,0f,1f],start_interpolation: 0,interpolation_duration: 1}
$data merge entity $(bone_hugeasssword2) {transformation: [-3.1217f,0.2861f,-2.3481f,-0.5693f,-2.2605f,0.7846f,3.1008f,4.7028f,0.6969f,3.8266f,-0.4602f,0.1175f,0f,0f,0f,1f],start_interpolation: 0,interpolation_duration: 1}
$data merge entity $(bone_belt) {transformation: [-0.4589f,-0.3927f,0.797f,0.3073f,0.3872f,0.719f,0.5771f,2.8642f,-0.7997f,0.5734f,-0.1779f,0.305f,0f,0f,0f,1f],start_interpolation: 0,interpolation_duration: 1}
$data merge entity $(bone_torn_part) {transformation: [-0.8587f,-0.1313f,0.4954f,0.2011f,0.2841f,0.6825f,0.6734f,2.6497f,-0.4265f,0.719f,-0.5487f,0.0376f,0f,0f,0f,1f],start_interpolation: 0,interpolation_duration: 1}
$data merge entity $(bone_lowerbody) {transformation: [-0.8587f,0.0237f,0.5119f,0.2013f,0.2841f,0.8534f,0.437f,2.1438f,-0.4265f,0.5207f,-0.7396f,-0.071f,0f,0f,0f,1f],start_interpolation: 0,interpolation_duration: 1}
$data merge entity $(bone_leftfoot) {transformation: [-0.9719f,0.0034f,-0.2351f,0.2671f,-0.0689f,0.9519f,0.2985f,0.3023f,0.2248f,0.3064f,-0.925f,-0.2804f,0f,0f,0f,1f],start_interpolation: 0,interpolation_duration: 1}
$data merge entity $(bone_leftlowerleg) {transformation: [-0.9719f,0.0034f,-0.2351f,0.307f,-0.0689f,0.9519f,0.2985f,1.3125f,0.2248f,0.3064f,-0.925f,0.2015f,0f,0f,0f,1f],start_interpolation: 0,interpolation_duration: 1}
$data merge entity $(bone_leftleg) {transformation: [-0.9929f,-0.0219f,-0.1166f,0.2684f,-0.0011f,0.9845f,-0.1754f,2.3174f,0.1186f,-0.174f,-0.9776f,0.0755f,0f,0f,0f,1f],start_interpolation: 0,interpolation_duration: 1}
$data merge entity $(bone_rightfoot) {transformation: [-0.9767f,-0.199f,-0.0809f,0.0024f,-0.1665f,0.9393f,-0.3f,1.0694f,0.1357f,-0.2795f,-0.9505f,1.1289f,0f,0f,0f,1f],start_interpolation: 0,interpolation_duration: 1}
$data merge entity $(bone_rightlowerleg) {transformation: [-0.9767f,-0.199f,-0.0809f,-0.2059f,-0.1665f,0.9393f,-0.3f,2.1575f,0.1357f,-0.2795f,-0.9505f,0.9648f,0f,0f,0f,1f],start_interpolation: 0,interpolation_duration: 1}
$data merge entity $(bone_rightleg) {transformation: [-0.9812f,0.0252f,0.1916f,-0.1452f,-0.1868f,0.1293f,-0.9738f,2.3288f,-0.0493f,-0.9913f,-0.1222f,0.0681f,0f,0f,0f,1f],start_interpolation: 0,interpolation_duration: 1}
data modify entity @s data merge value {"cameras":{},"locators":{"lefthand":{"posx":-0.9790164109835888,"posy":3.072482609123552,"posz":0.3147972269136302,"roty":8.642544159310717,"rotx":-70.43119860503512},"sword":{"posx":-1.4261378414584314,"posy":6.866969704364065,"posz":1.7966759609031275,"roty":10.707468129705944,"rotx":-66.0088597898159},"righthand":{"posx":-1.1475720630993824,"posy":3.498038945356898,"posz":0.32346080413117706,"roty":10.707468129705944,"rotx":-66.0088597898159},"chest":{"posx":-0.07401855907715582,"posy":2.530482147981357,"posz":-0.14381547391560282,"roty":77.41528765667677,"rotx":35.25021042706025}}}