# This file was generated by Animated Java via MC-Build. It is not recommended to edit this file directly.
$data merge entity $(bone_nose) {transformation: [-0.9893f,0.0512f,0.1366f,-0.1405f,0.0967f,0.9312f,0.3515f,3.7394f,-0.1092f,0.3609f,-0.9262f,1.0325f,0f,0f,0f,1f],start_interpolation: 0,interpolation_duration: 1}
$data merge entity $(bone_glowing_eye) {transformation: [-0.9893f,0.0512f,0.1366f,-0.2655f,0.0967f,0.9312f,0.3515f,3.8022f,-0.1092f,0.3609f,-0.9262f,1.0756f,0f,0f,0f,1f],start_interpolation: 0,interpolation_duration: 1}
$data merge entity $(bone_head) {transformation: [-0.9893f,0.0512f,0.1366f,-0.1213f,0.0967f,0.9312f,0.3515f,3.6902f,-0.1092f,0.3609f,-0.9262f,0.8145f,0f,0f,0f,1f],start_interpolation: 0,interpolation_duration: 1}
$data merge entity $(bone_leftthumb2) {transformation: [0.2876f,0.9559f,0.0596f,-0.9644f,0.2939f,-0.0288f,-0.9554f,3.3683f,-0.9115f,0.2923f,-0.2892f,0.2732f,0f,0f,0f,1f],start_interpolation: 0,interpolation_duration: 1}
$data merge entity $(bone_leftthumb) {transformation: [0.2876f,0.9559f,0.0596f,-0.7249f,0.2939f,-0.0288f,-0.9554f,3.2796f,-0.9115f,0.2923f,-0.2892f,0.3201f,0f,0f,0f,1f],start_interpolation: 0,interpolation_duration: 1}
$data merge entity $(bone_leftpointerfinger) {transformation: [0.9853f,-0.1603f,0.0596f,-1.0231f,0.0098f,-0.2952f,-0.9554f,3.2597f,0.1708f,0.9419f,-0.2892f,0.2035f,0f,0f,0f,1f],start_interpolation: 0,interpolation_duration: 1}
$data merge entity $(bone_leftmidfinger) {transformation: [0.9853f,-0.1603f,0.0596f,-1.0138f,0.0098f,-0.2952f,-0.9554f,3.1104f,0.1708f,0.9419f,-0.2892f,0.1583f,0f,0f,0f,1f],start_interpolation: 0,interpolation_duration: 1}
$data merge entity $(bone_leftringfinger) {transformation: [0.9853f,-0.1603f,0.0596f,-1.0045f,0.0098f,-0.2952f,-0.9554f,2.9611f,0.1708f,0.9419f,-0.2892f,0.1131f,0f,0f,0f,1f],start_interpolation: 0,interpolation_duration: 1}
$data merge entity $(bone_invisibility) {transformation: [0.9575f,0.0239f,-0.2876f,-0.9106f,-0.112f,0.9492f,-0.2939f,3.294f,0.2659f,0.3136f,0.9115f,0.1805f,0f,0f,0f,1f],start_interpolation: 0,interpolation_duration: 1}
$data merge entity $(bone_swiftness) {transformation: [0.0596f,0.9559f,-0.2876f,-1.0139f,-0.9554f,-0.0288f,-0.2939f,3.134f,-0.2892f,0.2923f,0.9115f,0.0392f,0f,0f,0f,1f],start_interpolation: 0,interpolation_duration: 1}
$data merge entity $(bone_suspicious_stew) {transformation: [0.8915f,0.3499f,-0.2876f,-0.9442f,-0.4299f,0.8537f,-0.2939f,3.1162f,0.1426f,0.3857f,0.9115f,0.1125f,0f,0f,0f,1f],start_interpolation: 0,interpolation_duration: 1}
$data merge entity $(bone_log) {transformation: [0.2876f,0.9559f,0.0596f,-0.795f,0.2939f,-0.0288f,-0.9554f,3.0953f,-0.9115f,0.2923f,-0.2892f,0.05f,0f,0f,0f,1f],start_interpolation: 0,interpolation_duration: 1}
$data merge entity $(bone_planks) {transformation: [0.2876f,0.9559f,0.0596f,-0.768f,0.2939f,-0.0288f,-0.9554f,3.1229f,-0.9115f,0.2923f,-0.2892f,-0.0354f,0f,0f,0f,1f],start_interpolation: 0,interpolation_duration: 1}
$data merge entity $(bone_lefthand1) {transformation: [0.2876f,0.9559f,0.0596f,-0.6298f,0.2939f,-0.0288f,-0.9554f,3.0445f,-0.9115f,0.2923f,-0.2892f,0.36f,0f,0f,0f,1f],start_interpolation: 0,interpolation_duration: 1}
$data merge entity $(bone_leftforearm) {transformation: [0.2838f,0.7119f,-0.6424f,-0.0927f,0.0342f,-0.6771f,-0.7351f,2.5936f,-0.9583f,0.1867f,-0.2164f,0.4364f,0f,0f,0f,1f],start_interpolation: 0,interpolation_duration: 1}
$data merge entity $(bone_leftelbow) {transformation: [0.2838f,0.7119f,-0.6424f,0.0407f,0.0342f,-0.6771f,-0.7351f,2.4667f,-0.9583f,0.1867f,-0.2164f,0.4714f,0f,0f,0f,1f],start_interpolation: 0,interpolation_duration: 1}
$data merge entity $(bone_leftarm) {transformation: [0.5533f,0.4719f,0.6864f,0.236f,0.6948f,0.1932f,-0.6928f,2.8622f,-0.4596f,0.8602f,-0.221f,0.9078f,0f,0f,0f,1f],start_interpolation: 0,interpolation_duration: 1}
$data merge entity $(bone_rightthumb2) {transformation: [0.1607f,-0.9284f,-0.3349f,-0.9447f,0.96f,0.2259f,-0.1655f,3.648f,0.2293f,-0.2949f,0.9276f,0.1027f,0f,0f,0f,1f],start_interpolation: 0,interpolation_duration: 1}
$data merge entity $(bone_rightthumb) {transformation: [0.1607f,-0.9284f,-0.3349f,-1.2011f,0.96f,0.2259f,-0.1655f,3.6893f,0.2293f,-0.2949f,0.9276f,0.1097f,0f,0f,0f,1f],start_interpolation: 0,interpolation_duration: 1}
$data merge entity $(bone_rightpointerfinger) {transformation: [-0.0894f,-0.9957f,0.0248f,-1.1723f,-0.3787f,0.011f,-0.9255f,3.5374f,0.9212f,-0.0921f,-0.378f,0.3908f,0f,0f,0f,1f],start_interpolation: 0,interpolation_duration: 1}
$data merge entity $(bone_rightmidfinger) {transformation: [-0.0894f,-0.9957f,0.0248f,-1.1685f,-0.3787f,0.011f,-0.9255f,3.3928f,0.9212f,-0.0921f,-0.378f,0.3317f,0f,0f,0f,1f],start_interpolation: 0,interpolation_duration: 1}
$data merge entity $(bone_rightringfinger) {transformation: [-0.0894f,-0.9957f,0.0248f,-1.1646f,-0.3787f,0.011f,-0.9255f,3.2482f,0.9212f,-0.0921f,-0.378f,0.2727f,0f,0f,0f,1f],start_interpolation: 0,interpolation_duration: 1}
$data merge entity $(bone_hugeasssword) {transformation: [-3.9121f,-0.162f,0.097f,-1.0352f,-0.151f,1.4761f,-3.6247f,3.4747f,0.1134f,-3.6242f,-1.4807f,0.1499f,0f,0f,0f,1f],start_interpolation: 0,interpolation_duration: 1}
$data merge entity $(bone_ice) {transformation: [-0.9988f,-0.0414f,0.0248f,-1.0189f,-0.0385f,0.3769f,-0.9255f,3.4694f,0.029f,-0.9253f,-0.378f,0.1639f,0f,0f,0f,1f],start_interpolation: 0,interpolation_duration: 1}
$data merge entity $(bone_righthand1) {transformation: [-0.9988f,-0.0414f,0.0248f,-1.2782f,-0.0385f,0.3769f,-0.9255f,3.525f,0.029f,-0.9253f,-0.378f,-0.072f,0f,0f,0f,1f],start_interpolation: 0,interpolation_duration: 1}
$data merge entity $(bone_rightforearm) {transformation: [-0.7588f,0.3954f,-0.5176f,-0.9978f,0.6254f,0.2201f,-0.7486f,3.6388f,-0.1821f,-0.8917f,-0.4143f,-0.6719f,0f,0f,0f,1f],start_interpolation: 0,interpolation_duration: 1}
$data merge entity $(bone_rightelbow) {transformation: [-0.7588f,0.3954f,-0.5176f,-0.9237f,0.6254f,0.2201f,-0.7486f,3.6801f,-0.1821f,-0.8917f,-0.4143f,-0.8391f,0f,0f,0f,1f],start_interpolation: 0,interpolation_duration: 1}
$data merge entity $(bone_rightarm) {transformation: [-0.1359f,0.7799f,0.611f,-0.4121f,0.985f,0.1723f,-0.0008f,3.5601f,-0.1059f,0.6017f,-0.7916f,-0.1832f,0f,0f,0f,1f],start_interpolation: 0,interpolation_duration: 1}
$data merge entity $(bone_chest1) {transformation: [-0.4157f,-0.4554f,0.8907f,0.221f,0.3875f,0.816f,0.598f,3.2415f,-0.9223f,0.5481f,-0.1503f,0.469f,0f,0f,0f,1f],start_interpolation: 0,interpolation_duration: 1}
$data merge entity $(bone_chest1lid) {transformation: [-0.3838f,-0.4204f,0.8222f,0.0555f,0.3577f,0.7532f,0.552f,2.6328f,-0.8514f,0.5059f,-0.1387f,-0.1132f,0f,0f,0f,1f],start_interpolation: 0,interpolation_duration: 1}
$data merge entity $(bone_chest2) {transformation: [-0.3838f,-0.4204f,0.8222f,0.1212f,0.3577f,0.7532f,0.552f,2.5151f,-0.8514f,0.5059f,-0.1387f,-0.1922f,0f,0f,0f,1f],start_interpolation: 0,interpolation_duration: 1}
$data merge entity $(bone_chest1lid3) {transformation: [-0.3838f,-0.4204f,0.8222f,0.6062f,0.3577f,0.7532f,0.552f,2.9641f,-0.8514f,0.5059f,-0.1387f,-0.1488f,0f,0f,0f,1f],start_interpolation: 0,interpolation_duration: 1}
$data merge entity $(bone_chest3) {transformation: [-0.3838f,-0.4204f,0.8222f,0.6719f,0.3577f,0.7532f,0.552f,2.8464f,-0.8514f,0.5059f,-0.1387f,-0.2279f,0f,0f,0f,1f],start_interpolation: 0,interpolation_duration: 1}
$data merge entity $(bone_hugeasssword2) {transformation: [-3.2203f,-0.0041f,-2.2293f,-0.5217f,-2.1621f,0.9603f,3.1215f,4.7024f,0.5433f,3.7971f,-0.7919f,-0.0297f,0f,0f,0f,1f],start_interpolation: 0,interpolation_duration: 1}
$data merge entity $(bone_belt) {transformation: [-0.3838f,-0.4204f,0.8222f,0.2931f,0.3577f,0.7532f,0.552f,2.8578f,-0.8514f,0.5059f,-0.1387f,0.3129f,0f,0f,0f,1f],start_interpolation: 0,interpolation_duration: 1}
$data merge entity $(bone_torn_part) {transformation: [-0.8489f,-0.1489f,0.5072f,0.1954f,0.2871f,0.6758f,0.6789f,2.6467f,-0.4438f,0.7219f,-0.5309f,0.0394f,0f,0f,0f,1f],start_interpolation: 0,interpolation_duration: 1}
$data merge entity $(bone_lowerbody) {transformation: [-0.8489f,0.0105f,0.5285f,0.1988f,0.2871f,0.8487f,0.4442f,2.1419f,-0.4438f,0.5288f,-0.7234f,-0.0737f,0f,0f,0f,1f],start_interpolation: 0,interpolation_duration: 1}
$data merge entity $(bone_leftfoot) {transformation: [-0.9824f,0.0629f,-0.1759f,0.179f,-0.0281f,0.8811f,0.4721f,0.4259f,0.1847f,0.4687f,-0.8638f,-0.5482f,0f,0f,0f,1f],start_interpolation: 0,interpolation_duration: 1}
$data merge entity $(bone_leftlowerleg) {transformation: [-0.9824f,0.0629f,-0.1759f,0.2759f,-0.0281f,0.8811f,0.4721f,1.3308f,0.1847f,0.4687f,-0.8638f,0.1045f,0f,0f,0f,1f],start_interpolation: 0,interpolation_duration: 1}
$data merge entity $(bone_leftleg) {transformation: [-0.9877f,0.0033f,-0.1559f,0.2593f,0.0185f,0.9952f,-0.096f,2.3284f,0.1549f,-0.0977f,-0.9831f,0.0655f,0f,0f,0f,1f],start_interpolation: 0,interpolation_duration: 1}
$data merge entity $(bone_rightfoot) {transformation: [-0.9759f,-0.2159f,-0.0335f,0.0622f,-0.1562f,0.7968f,-0.5837f,1.066f,0.1527f,-0.5644f,-0.8112f,1.4793f,0f,0f,0f,1f],start_interpolation: 0,interpolation_duration: 1}
$data merge entity $(bone_rightlowerleg) {transformation: [-0.9759f,-0.2159f,-0.0335f,-0.1721f,-0.1562f,0.7968f,-0.5837f,2.0396f,0.1527f,-0.5644f,-0.8112f,0.9778f,0f,0f,0f,1f],start_interpolation: 0,interpolation_duration: 1}
$data merge entity $(bone_rightleg) {transformation: [-0.9586f,0.0064f,0.2847f,-0.131f,-0.2764f,0.2194f,-0.9357f,2.3262f,-0.0685f,-0.9756f,-0.2086f,0.055f,0f,0f,0f,1f],start_interpolation: 0,interpolation_duration: 1}
data modify entity @s data merge value {"cameras":{},"locators":{"lefthand":{"posx":-0.8975584432079879,"posy":3.084973799366944,"posz":0.1171841505875883,"roty":11.648716526704845,"rotx":-72.82259023195846},"sword":{"posx":-1.2036043874215716,"posy":6.8869504639429335,"posz":1.5810665085300961,"roty":3.747107494600016,"rotx":-67.7372144626238},"righthand":{"posx":-1.112304738939839,"posy":3.4743315168959703,"posz":0.1870247062719318,"roty":3.747107494600016,"rotx":-67.7372144626238},"chest":{"posx":-0.05867386914520267,"posy":2.5106636876444073,"posz":-0.14970142387355503,"roty":80.42375562125272,"rotx":33.505320804851735}}}