# This file was generated by Animated Java via MC-Build. It is not recommended to edit this file directly.
$data merge entity $(bone_nose) {transformation: [-0.9909f,0.1307f,0.0309f,-0.1378f,0.1341f,0.951f,0.2786f,3.7569f,0.0071f,0.2802f,-0.9599f,0.9608f,0f,0f,0f,1f],start_interpolation: 0,interpolation_duration: 1}
$data merge entity $(bone_glowing_eye) {transformation: [-0.9909f,0.1307f,0.0309f,-0.2539f,0.1341f,0.951f,0.2786f,3.8283f,0.0071f,0.2802f,-0.9599f,1.0142f,0f,0f,0f,1f],start_interpolation: 0,interpolation_duration: 1}
$data merge entity $(bone_head) {transformation: [-0.9909f,0.1307f,0.0309f,-0.1482f,0.1341f,0.951f,0.2786f,3.6916f,0.0071f,0.2802f,-0.9599f,0.7465f,0f,0f,0f,1f],start_interpolation: 0,interpolation_duration: 1}
$data merge entity $(bone_leftthumb2) {transformation: [0.381f,0.9137f,-0.1412f,-0.9669f,0.087f,-0.1874f,-0.9784f,3.3042f,-0.9205f,0.3605f,-0.1509f,0.1257f,0f,0f,0f,1f],start_interpolation: 0,interpolation_duration: 1}
$data merge entity $(bone_leftthumb) {transformation: [0.381f,0.9137f,-0.1412f,-0.7549f,0.087f,-0.1874f,-0.9784f,3.1746f,-0.9205f,0.3605f,-0.1509f,0.2013f,0f,0f,0f,1f],start_interpolation: 0,interpolation_duration: 1}
$data merge entity $(bone_leftpointerfinger) {transformation: [0.9556f,-0.2585f,-0.1412f,-1.0453f,-0.1745f,-0.1107f,-0.9784f,3.2014f,0.2373f,0.9596f,-0.1509f,0.0676f,0f,0f,0f,1f],start_interpolation: 0,interpolation_duration: 1}
$data merge entity $(bone_leftmidfinger) {transformation: [0.9556f,-0.2585f,-0.1412f,-1.0674f,-0.1745f,-0.1107f,-0.9784f,3.0485f,0.2373f,0.9596f,-0.1509f,0.044f,0f,0f,0f,1f],start_interpolation: 0,interpolation_duration: 1}
$data merge entity $(bone_leftringfinger) {transformation: [0.9556f,-0.2585f,-0.1412f,-1.0894f,-0.1745f,-0.1107f,-0.9784f,2.8956f,0.2373f,0.9596f,-0.1509f,0.0204f,0f,0f,0f,1f],start_interpolation: 0,interpolation_duration: 1}
$data merge entity $(bone_invisibility) {transformation: [0.8979f,0.2203f,-0.381f,-0.9272f,-0.272f,0.9584f,-0.087f,3.2072f,0.346f,0.1817f,0.9205f,0.0481f,0f,0f,0f,1f],start_interpolation: 0,interpolation_duration: 1}
$data merge entity $(bone_swiftness) {transformation: [-0.1412f,0.9137f,-0.381f,-1.0576f,-0.9784f,-0.1874f,-0.087f,3.0536f,-0.1509f,0.3605f,0.9205f,-0.0769f,0f,0f,0f,1f],start_interpolation: 0,interpolation_duration: 1}
$data merge entity $(bone_suspicious_stew) {transformation: [0.7685f,0.5141f,-0.381f,-0.9965f,-0.5834f,0.8075f,-0.087f,3.0325f,0.263f,0.2891f,0.9205f,0.0029f,0f,0f,0f,1f],start_interpolation: 0,interpolation_duration: 1}
$data merge entity $(bone_log) {transformation: [0.381f,0.9137f,-0.1412f,-0.8532f,0.087f,-0.1874f,-0.9784f,2.9714f,-0.9205f,0.3605f,-0.1509f,-0.0454f,0f,0f,0f,1f],start_interpolation: 0,interpolation_duration: 1}
$data merge entity $(bone_planks) {transformation: [0.381f,0.9137f,-0.1412f,-0.8175f,0.087f,-0.1874f,-0.9784f,2.9795f,-0.9205f,0.3605f,-0.1509f,-0.1317f,0f,0f,0f,1f],start_interpolation: 0,interpolation_duration: 1}
$data merge entity $(bone_lefthand1) {transformation: [0.381f,0.9137f,-0.1412f,-0.7156f,0.087f,-0.1874f,-0.9784f,2.9333f,-0.9205f,0.3605f,-0.1509f,0.2796f,0f,0f,0f,1f],start_interpolation: 0,interpolation_duration: 1}
$data merge entity $(bone_leftforearm) {transformation: [0.3952f,0.6641f,-0.6346f,-0.2047f,-0.1332f,-0.6421f,-0.7549f,2.4919f,-0.9089f,0.3829f,-0.1653f,0.4943f,0f,0f,0f,1f],start_interpolation: 0,interpolation_duration: 1}
$data merge entity $(bone_leftelbow) {transformation: [0.3952f,0.6641f,-0.6346f,-0.0802f,-0.1332f,-0.6421f,-0.7549f,2.3715f,-0.9089f,0.3829f,-0.1653f,0.5661f,0f,0f,0f,1f],start_interpolation: 0,interpolation_duration: 1}
$data merge entity $(bone_leftarm) {transformation: [0.5165f,0.5261f,0.6756f,0.178f,0.6666f,0.2483f,-0.7029f,2.776f,-0.5375f,0.8134f,-0.2224f,0.9215f,0f,0f,0f,1f],start_interpolation: 0,interpolation_duration: 1}
$data merge entity $(bone_rightthumb2) {transformation: [0.2125f,-0.9194f,-0.3308f,-0.9979f,0.9716f,0.235f,-0.029f,3.4809f,0.1044f,-0.3153f,0.9432f,0.033f,0f,0f,0f,1f],start_interpolation: 0,interpolation_duration: 1}
$data merge entity $(bone_rightthumb) {transformation: [0.2125f,-0.9194f,-0.3308f,-1.2517f,0.9716f,0.235f,-0.029f,3.5361f,0.1044f,-0.3153f,0.9432f,0.0363f,0f,0f,0f,1f],start_interpolation: 0,interpolation_duration: 1}
$data merge entity $(bone_rightpointerfinger) {transformation: [-0.0966f,-0.9949f,-0.0274f,-1.2271f,-0.2539f,0.0513f,-0.9659f,3.4197f,0.9624f,-0.0863f,-0.2575f,0.3342f,0f,0f,0f,1f],start_interpolation: 0,interpolation_duration: 1}
$data merge entity $(bone_rightmidfinger) {transformation: [-0.0966f,-0.9949f,-0.0274f,-1.2314f,-0.2539f,0.0513f,-0.9659f,3.2688f,0.9624f,-0.0863f,-0.2575f,0.294f,0f,0f,0f,1f],start_interpolation: 0,interpolation_duration: 1}
$data merge entity $(bone_rightringfinger) {transformation: [-0.0966f,-0.9949f,-0.0274f,-1.2357f,-0.2539f,0.0513f,-0.9659f,3.1179f,0.9624f,-0.0863f,-0.2575f,0.2537f,0f,0f,0f,1f],start_interpolation: 0,interpolation_duration: 1}
$data merge entity $(bone_hugeasssword) {transformation: [-3.9129f,-0.1336f,-0.1075f,-1.0965f,0.0693f,1.012f,-3.783f,3.3199f,0.1568f,-3.7813f,-1.0086f,0.1024f,0f,0f,0f,1f],start_interpolation: 0,interpolation_duration: 1}
$data merge entity $(bone_ice) {transformation: [-0.999f,-0.0341f,-0.0274f,-1.0803f,0.0177f,0.2584f,-0.9659f,3.3156f,0.04f,-0.9654f,-0.2575f,0.1169f,0f,0f,0f,1f],start_interpolation: 0,interpolation_duration: 1}
$data merge entity $(bone_righthand1) {transformation: [-0.999f,-0.0341f,-0.0274f,-1.3395f,0.0177f,0.2584f,-0.9659f,3.3545f,0.04f,-0.9654f,-0.2575f,-0.1225f,0f,0f,0f,1f],start_interpolation: 0,interpolation_duration: 1}
$data merge entity $(bone_rightforearm) {transformation: [-0.7232f,0.4615f,-0.5137f,-1.0186f,0.6208f,0.1085f,-0.7765f,3.393f,-0.3026f,-0.8805f,-0.365f,-0.7085f,0f,0f,0f,1f],start_interpolation: 0,interpolation_duration: 1}
$data merge entity $(bone_rightelbow) {transformation: [-0.7232f,0.4615f,-0.5137f,-0.932f,0.6208f,0.1085f,-0.7765f,3.4134f,-0.3026f,-0.8805f,-0.365f,-0.8736f,0f,0f,0f,1f],start_interpolation: 0,interpolation_duration: 1}
$data merge entity $(bone_rightarm) {transformation: [-0.2418f,0.7116f,0.6596f,-0.4775f,0.9119f,0.3989f,-0.0961f,3.4841f,-0.3315f,0.5783f,-0.7455f,-0.201f,0f,0f,0f,1f],start_interpolation: 0,interpolation_duration: 1}
$data merge entity $(bone_chest1) {transformation: [-0.4785f,-0.4245f,0.8743f,0.174f,0.3275f,0.8471f,0.5905f,3.2234f,-0.915f,0.5252f,-0.2459f,0.4077f,0f,0f,0f,1f],start_interpolation: 0,interpolation_duration: 1}
$data merge entity $(bone_chest1lid) {transformation: [-0.4417f,-0.3918f,0.8071f,-0.0249f,0.3024f,0.782f,0.5451f,2.5789f,-0.8447f,0.4848f,-0.227f,-0.1233f,0f,0f,0f,1f],start_interpolation: 0,interpolation_duration: 1}
$data merge entity $(bone_chest2) {transformation: [-0.4417f,-0.3918f,0.8071f,0.0363f,0.3024f,0.782f,0.5451f,2.4567f,-0.8447f,0.4848f,-0.227f,-0.199f,0f,0f,0f,1f],start_interpolation: 0,interpolation_duration: 1}
$data merge entity $(bone_chest1lid3) {transformation: [-0.4417f,-0.3918f,0.8071f,0.5197f,0.3024f,0.782f,0.5451f,2.9092f,-0.8447f,0.4848f,-0.227f,-0.2159f,0f,0f,0f,1f],start_interpolation: 0,interpolation_duration: 1}
$data merge entity $(bone_chest3) {transformation: [-0.4417f,-0.3918f,0.8071f,0.581f,0.3024f,0.782f,0.5451f,2.787f,-0.8447f,0.4848f,-0.227f,-0.2916f,0f,0f,0f,1f],start_interpolation: 0,interpolation_duration: 1}
$data merge entity $(bone_hugeasssword2) {transformation: [-3.161f,0.2389f,-2.3003f,-0.6111f,-2.135f,1.196f,3.0581f,4.6476f,0.8889f,3.7219f,-0.8351f,-0.1306f,0f,0f,0f,1f],start_interpolation: 0,interpolation_duration: 1}
$data merge entity $(bone_belt) {transformation: [-0.4417f,-0.3918f,0.8071f,0.2385f,0.3024f,0.782f,0.5451f,2.8309f,-0.8447f,0.4848f,-0.227f,0.2713f,0f,0f,0f,1f],start_interpolation: 0,interpolation_duration: 1}
$data merge entity $(bone_torn_part) {transformation: [-0.8184f,-0.2035f,0.5373f,0.1574f,0.2393f,0.7295f,0.6408f,2.5992f,-0.5224f,0.653f,-0.5483f,0.0201f,0f,0f,0f,1f],start_interpolation: 0,interpolation_duration: 1}
$data merge entity $(bone_lowerbody) {transformation: [-0.8184f,-0.0325f,0.5737f,0.1726f,0.2393f,0.8884f,0.3918f,2.087f,-0.5224f,0.4579f,-0.7193f,-0.0513f,0f,0f,0f,1f],start_interpolation: 0,interpolation_duration: 1}
$data merge entity $(bone_leftfoot) {transformation: [-0.9686f,0.2479f,-0.0189f,-0.0281f,0.1172f,0.5223f,0.8447f,0.9651f,0.2192f,0.8159f,-0.535f,-1.065f,0f,0f,0f,1f],start_interpolation: 0,interpolation_duration: 1}
$data merge entity $(bone_leftlowerleg) {transformation: [-0.9686f,0.2479f,-0.0189f,0.2498f,0.1172f,0.5223f,0.8447f,1.4148f,0.2192f,0.8159f,-0.535f,-0.0777f,0f,0f,0f,1f],start_interpolation: 0,interpolation_duration: 1}
$data merge entity $(bone_leftleg) {transformation: [-0.9099f,0.0092f,-0.4148f,0.2262f,-0.0199f,0.9977f,0.0659f,2.3488f,0.4144f,0.0682f,-0.9075f,0.0679f,0f,0f,0f,1f],start_interpolation: 0,interpolation_duration: 1}
$data merge entity $(bone_rightfoot) {transformation: [-0.9501f,-0.2579f,0.1755f,0.1738f,-0.3048f,0.887f,-0.3468f,0.815f,-0.0662f,-0.3829f,-0.9214f,1.1619f,0f,0f,0f,1f],start_interpolation: 0,interpolation_duration: 1}
$data merge entity $(bone_rightlowerleg) {transformation: [-0.9501f,-0.2579f,0.1755f,-0.1392f,-0.3048f,0.887f,-0.3468f,1.8523f,-0.0662f,-0.3829f,-0.9214f,0.8786f,0f,0f,0f,1f],start_interpolation: 0,interpolation_duration: 1}
$data merge entity $(bone_rightleg) {transformation: [-0.9312f,0.0026f,0.3644f,-0.1212f,-0.3313f,0.4105f,-0.8496f,2.3129f,-0.1518f,-0.9119f,-0.3814f,0.0269f,0f,0f,0f,1f],start_interpolation: 0,interpolation_duration: 1}
data modify entity @s data merge value {"cameras":{},"locators":{"lefthand":{"posx":-0.9580814808442097,"posy":2.9931282840618083,"posz":0.015116653962476412,"roty":316.9079854154487,"rotx":-78.07505012477398},"sword":{"posx":-1.0718788000577057,"posy":6.890026993970034,"posz":1.089341761161708,"roty":353.9189945537395,"rotx":-74.99045078414957},"righthand":{"posx":-1.1730449950912751,"posy":3.32833462352432,"posz":0.13972651839692452,"roty":353.9189945537395,"rotx":-74.99045078414957},"chest":{"posx":-0.1403115725068657,"posy":2.4542911719026956,"posz":-0.14449096620184443,"roty":74.29333470183613,"rotx":33.03128751267802}}}