# This file was generated by Animated Java via MC-Build. It is not recommended to edit this file directly.
$data merge entity $(bone_nose) { transformation: [-0.9965664630540708f,-0.08279106195846675f,-0.0009616525821365962f,-0.9348697556009555f,-0.07380672734125115f,0.8830375875252243f,0.46346217323186767f,3.122182615800868f,-0.03752135012327784f,0.46194183516696224f,-0.8861161826800735f,0.8476150875568715f,0f,0f,0f,1f], start_interpolation: 0, interpolation_duration: 1 }
$data merge entity $(bone_glowing_eye) { transformation: [-0.9965664630540708f,-0.08279106195846675f,-0.0009616525821365962f,-1.0650126335867944f,-0.07380672734125115f,0.8830375875252243f,0.46346217323186767f,3.156572792040284f,-0.03752135012327784f,0.46194183516696224f,-0.8861161826800735f,0.9051237123269114f,0f,0f,0f,1f], start_interpolation: 0, interpolation_duration: 1 }
$data merge entity $(bone_head) { transformation: [-0.9965664630540708f,-0.08279106195846675f,-0.0009616525821365962f,-0.9248270482466607f,-0.07380672734125115f,0.8830375875252243f,0.46346217323186767f,3.099933503234248f,-0.03752135012327784f,0.46194183516696224f,-0.8861161826800735f,0.6246462675309329f,0f,0f,0f,1f], start_interpolation: 0, interpolation_duration: 1 }
$data merge entity $(bone_leftthumb2) { transformation: [0.8274224241783994f,0.1920936171743317f,0.5277046278057657f,-0.8394931102302731f,-0.22108822180053506f,0.9752181710948108f,-0.008337682385964218f,2.239227885911597f,-0.5162287575753773f,-0.10977049242566575f,0.849387019470399f,2.186911741159491f,0f,0f,0f,1f], start_interpolation: 0, interpolation_duration: 1 }
$data merge entity $(bone_leftthumb) { transformation: [0.8274224241783994f,0.1920936171743317f,0.5277046278057657f,-0.7472872730896858f,-0.22108822180053506f,0.9752181710948108f,-0.008337682385964218f,2.4776803107438177f,-0.5162287575753773f,-0.10977049242566575f,0.849387019470399f,2.2325778423871814f,0f,0f,0f,1f], start_interpolation: 0, interpolation_duration: 1 }
$data merge entity $(bone_leftpointerfinger) { transformation: [0.7316999348768479f,-0.5130944991137324f,0.448719556382875f,-0.9877047899537583f,0.6627561511664827f,0.6893672572219309f,-0.292450113286526f,2.280577696270388f,-0.15927802545299974f,0.5113773749879237f,0.8444665126328296f,2.3475763155407496f,0f,0f,0f,1f], start_interpolation: 0, interpolation_duration: 1 }
$data merge entity $(bone_leftmidfinger) { transformation: [0.7122184491818825f,-0.5398107449509593f,0.448719556382875f,-0.917592359268934f,0.6878039666812559f,0.6643783821409507f,-0.292450113286526f,2.2348823660693684f,-0.14025185939046758f,0.5169194569555904f,0.8444665126328296f,2.479524208139629f,0f,0f,0f,1f], start_interpolation: 0, interpolation_duration: 1 }
$data merge entity $(bone_leftringfinger) { transformation: [0.7122184491818825f,-0.5398107449509593f,0.448719556382875f,-0.8474799285841098f,0.6878039666812559f,0.6643783821409507f,-0.292450113286526f,2.1891870358683487f,-0.14025185939046758f,0.5169194569555904f,0.8444665126328296f,2.611472100738509f,0f,0f,0f,1f], start_interpolation: 0, interpolation_duration: 1 }
$data merge entity $(bone_invisibility) { transformation: [0.8286491661556411f,-0.37793618411195196f,-0.4129222689180816f,-0.8813882333699258f,0.5391911978487564f,0.34074034249354385f,0.7701745718730295f,2.2889453195673384f,-0.15037756345939102f,-0.8608485695732307f,0.4861340645045745f,2.256975676461784f,0f,0f,0f,1f], start_interpolation: 0, interpolation_duration: 1 }
$data merge entity $(bone_swiftness) { transformation: [0.4487195563828751f,0.7925565970649028f,-0.41292226891808176f,-0.883072572035956f,-0.29245011328652615f,0.566836890188785f,0.7701745718730297f,2.117238544523347f,0.8444665126328295f,-0.22483322790461424f,0.48613406450457464f,2.4204399794510953f,0f,0f,0f,1f], start_interpolation: 0, interpolation_duration: 1 }
$data merge entity $(bone_suspicious_stew) { transformation: [0.9079372945147783f,-0.07172913676273768f,-0.41292226891808187f,-0.8344044070355541f,0.3901339290347121f,0.5046054362134171f,0.7701745718730302f,2.207540444098515f,0.1531188644325792f,-0.8603652042494155f,0.4861340645045746f,2.4258522051384683f,0f,0f,0f,1f], start_interpolation: 0, interpolation_duration: 1 }
$data merge entity $(bone_log) { transformation: [0.41292226891808187f,0.7925565970649028f,0.448719556382875f,-0.6755896404859237f,-0.7701745718730298f,0.566836890188785f,-0.292450113286526f,2.192482590198711f,-0.48613406450457447f,-0.22483322790461424f,0.8444665126328296f,2.3917573508827514f,0f,0f,0f,1f], start_interpolation: 0, interpolation_duration: 1 }
$data merge entity $(bone_planks) { transformation: [0.41292226891808187f,0.7925565970649028f,0.448719556382875f,-0.6368781777748536f,-0.7701745718730298f,0.566836890188785f,-0.292450113286526f,2.1202787240856145f,-0.48613406450457447f,-0.22483322790461424f,0.8444665126328296f,2.3461822823354477f,0f,0f,0f,1f], start_interpolation: 0, interpolation_duration: 1 }
$data merge entity $(bone_lefthand) { transformation: [0.41292226891808187f,0.7925565970649028f,0.448719556382875f,-0.5947035445861832f,-0.7701745718730298f,0.566836890188785f,-0.292450113286526f,2.535874521754369f,-0.48613406450457447f,-0.22483322790461424f,0.8444665126328296f,2.4306929815129656f,0f,0f,0f,1f], start_interpolation: 0, interpolation_duration: 1 }
$data merge entity $(bone_leftforearm) { transformation: [0.4396295878239572f,0.7384932233838488f,0.511227527159747f,-0.053275685501604525f,-0.7755565135317414f,0.5992088544272953f,-0.19864753483096081f,2.9104492656348904f,-0.4530319192156626f,-0.3091545047254864f,0.8361731712867326f,2.175941503747177f,0f,0f,0f,1f], start_interpolation: 0, interpolation_duration: 1 }
$data merge entity $(bone_leftelbow) { transformation: [0.4396295878239572f,0.7384932233838488f,0.511227527159747f,0.08519179388286713f,-0.7755565135317414f,0.5992088544272953f,-0.19864753483096081f,3.0228009258400084f,-0.4530319192156626f,-0.3091545047254864f,0.8361731712867326f,2.1179750341111485f,0f,0f,0f,1f], start_interpolation: 0, interpolation_duration: 1 }
$data merge entity $(bone_leftarm) { transformation: [0.1247035199775357f,-0.2969169595107629f,0.94672559448876f,-0.29097568862262624f,-0.9781184896706487f,0.12336311155644364f,0.16752839422474325f,2.7626840186129873f,-0.16653303657118865f,-0.9469011890699028f,-0.2750361537477986f,1.4696171769680497f,0f,0f,0f,1f], start_interpolation: 0, interpolation_duration: 1 }
$data merge entity $(bone_rightthumb2) { transformation: [-0.7050523326191954f,-0.47753999512707024f,0.5242678335758058f,-1.2951272282888773f,-0.7064135778111804f,0.40799649911111224f,-0.5783759277468963f,1.8986651855176047f,0.062298197022371826f,-0.778135213036342f,-0.6249996199044028f,-0.07456579359551768f,0f,0f,0f,1f], start_interpolation: 0, interpolation_duration: 1 }
$data merge entity $(bone_rightthumb) { transformation: [-0.7050523326191954f,-0.47753999512707024f,0.5242678335758058f,-1.3674377121560235f,-0.7064135778111804f,0.40799649911111224f,-0.5783759277468963f,1.9492967061054312f,0.062298197022371826f,-0.778135213036342f,-0.6249996199044028f,-0.3188085235965633f,0f,0f,0f,1f], start_interpolation: 0, interpolation_duration: 1 }
$data merge entity $(bone_rightpointerfinger) { transformation: [-0.25976968194509564f,-0.687070670615077f,0.6785673186373568f,-1.4518223802270305f,-0.5209545255073954f,-0.49195823756761936f,-0.6975553561135673f,1.7245889198110151f,0.8130966084639071f,-0.534706448502269f,-0.23013674029711523f,-0.09020338269153261f,0f,0f,0f,1f], start_interpolation: 0, interpolation_duration: 1 }
$data merge entity $(bone_rightmidfinger) { transformation: [-0.2341753926529525f,-0.6962099392806333f,0.6785673186373568f,-1.3457962366899434f,-0.5023991701858135f,-0.5108929427520797f,-0.6975553561135673f,1.61559589541827f,0.8323202263987349f,-0.5042619572136852f,-0.23013674029711523f,-0.12616224836295686f,0f,0f,0f,1f], start_interpolation: 0, interpolation_duration: 1 }
$data merge entity $(bone_rightringfinger) { transformation: [-0.2341753926529525f,-0.6962099392806333f,0.6785673186373568f,-1.2397700931528564f,-0.5023991701858135f,-0.5108929427520797f,-0.6975553561135673f,1.5066028710255253f,0.8323202263987349f,-0.5042619572136852f,-0.23013674029711523f,-0.16212111403438112f,0f,0f,0f,1f], start_interpolation: 0, interpolation_duration: 1 }
$data merge entity $(bone_hugeasssword) { transformation: [-2.5347283827253517f,1.3608613393548883f,2.657721997996314f,-1.1825186014311426f,-1.6432317194783752f,2.2750256323202507f,-2.7320918114448056f,1.811452332696724f,-2.493034159349695f,-2.883156701449445f,-0.9013688994970347f,-0.1704873730202544f,0f,0f,0f,1f], start_interpolation: 0, interpolation_duration: 1 }
$data merge entity $(bone_ice) { transformation: [-0.6471646934617918f,0.34745395898422676f,0.6785673186373568f,-1.1778356212049306f,-0.41954852412213833f,0.5808576082519789f,-0.6975553561135673f,1.8089318782571953f,-0.6365193598339646f,-0.736125115263688f,-0.23013674029711523f,-0.1490398030968536f,0f,0f,0f,1f], start_interpolation: 0, interpolation_duration: 1 }
$data merge entity $(bone_righthand) { transformation: [-0.6471646934617918f,0.34745395898422676f,0.6785673186373568f,-1.2315580761169045f,-0.41954852412213833f,0.5808576082519789f,-0.6975553561135673f,1.8274605444111065f,-0.6365193598339646f,-0.736125115263688f,-0.23013674029711523f,-0.4993926950055516f,0f,0f,0f,1f], start_interpolation: 0, interpolation_duration: 1 }
$data merge entity $(bone_rightforearm) { transformation: [-0.9338322300023523f,0.3480963772295698f,-0.08237887088618617f,-0.9168403085368962f,0.3385042867516813f,0.7854903456363171f,-0.5180924287835853f,2.3221204075773065f,-0.11563828976411496f,-0.5116970090510478f,-0.8513483170058201f,-0.8763146526352642f,0f,0f,0f,1f], start_interpolation: 0, interpolation_duration: 1 }
$data merge entity $(bone_rightelbow) { transformation: [-0.9338322300023523f,0.3480963772295698f,-0.08237887088618617f,-0.8515722378063519f,0.3385042867516813f,0.7854903456363171f,-0.5180924287835853f,2.469399847384116f,-0.11563828976411496f,-0.5116970090510478f,-0.8513483170058201f,-0.9722578418323357f,0f,0f,0f,1f], start_interpolation: 0, interpolation_duration: 1 }
$data merge entity $(bone_rightarm) { transformation: [-0.836547869657279f,-0.1578639476984523f,0.5246585897409176f,-0.8694110196736251f,0.3050978855068981f,0.6611635365835011f,0.6854035731972928f,2.642058639908902f,-0.45508564252356704f,0.7334451253566674f,-0.5049309913834311f,-0.3070707886807782f,0f,0f,0f,1f], start_interpolation: 0, interpolation_duration: 1 }
$data merge entity $(bone_chest) { transformation: [-0.4056997833046636f,-0.7827178760889637f,0.629580434407266f,-0.4038245776002887f,-0.08436517730527703f,0.7031420913963161f,0.8198077989847222f,2.7353759064879157f,-1.0009502054527535f,0.25798262900572877f,-0.32427574754596494f,0.44168877283507746f,0f,0f,0f,1f], start_interpolation: 0, interpolation_duration: 1 }
$data merge entity $(bone_chest1lid) { transformation: [-0.37449210766584334f,-0.722508808697505f,0.5811511702220917f,-0.26530376660832444f,-0.07787554828179419f,0.6490542382119842f,0.7567456606012821f,1.9690621490116138f,-0.9239540358025417f,0.23813781138990348f,-0.29933145927319843f,0.08060509494970612f,0f,0f,0f,1f], start_interpolation: 0, interpolation_duration: 1 }
$data merge entity $(bone_chest1) { transformation: [-0.37449210766584334f,-0.722508808697505f,0.5811511702220917f,-0.15241176524933928f,-0.07787554828179419f,0.6490542382119842f,0.7567456606012821f,1.8676474242909913f,-0.9239540358025417f,0.23813781138990348f,-0.29933145927319843f,0.0433960619200337f,0f,0f,0f,1f], start_interpolation: 0, interpolation_duration: 1 }
$data merge entity $(bone_chest1lid3) { transformation: [-0.37449210766584334f,-0.722508808697505f,0.5811511702220917f,0.13040195854431835f,-0.07787554828179419f,0.6490542382119842f,0.7567456606012821f,2.4587195596019225f,-0.9239540358025417f,0.23813781138990348f,-0.29933145927319843f,-0.05340699390952776f,0f,0f,0f,1f], start_interpolation: 0, interpolation_duration: 1 }
$data merge entity $(bone_chest3) { transformation: [-0.37449210766584334f,-0.722508808697505f,0.5811511702220917f,0.2432939599033035f,-0.07787554828179419f,0.6490542382119842f,0.7567456606012821f,2.3573048348812997f,-0.9239540358025417f,0.23813781138990348f,-0.29933145927319843f,-0.09061602693920018f,0f,0f,0f,1f], start_interpolation: 0, interpolation_duration: 1 }
$data merge entity $(bone_hugeasssword2) { transformation: [-2.276175416703193f,-0.830393384746913f,-3.0772959033447513f,-1.5495809605759931f,-2.9639205040216887f,1.9423163771835448f,1.668190670919302f,3.5930123302960784f,1.1723815488200267f,3.298201281800572f,-1.7571760260409877f,-0.4996611485848345f,0f,0f,0f,1f], start_interpolation: 0, interpolation_duration: 1 }
$data merge entity $(bone_belt) { transformation: [-0.37449210766584334f,-0.722508808697505f,0.5811511702220917f,-0.1801072707984065f,-0.07787554828179419f,0.6490542382119842f,0.7567456606012821f,2.3802724894111074f,-0.9239540358025417f,0.23813781138990348f,-0.29933145927319843f,0.4156076675958577f,0f,0f,0f,1f], start_interpolation: 0, interpolation_duration: 1 }
$data merge entity $(bone_torn_part) { transformation: [-0.5675904671207757f,-0.31886319835726984f,0.7590568637243141f,-0.11401083369705459f,0.022100772402262846f,0.9157232356167035f,0.40120133550487946f,2.327529059501839f,-0.8230143482909901f,0.24449379641424013f,-0.5127086560826812f,0.2762435583349028f,0f,0f,0f,1f], start_interpolation: 0, interpolation_duration: 1 }
$data merge entity $(bone_lowerbody) { transformation: [-0.5675904671207757f,-0.0758524361676965f,0.8198094105101777f,-0.13683045314777703f,0.022100772402262846f,0.9939843403568395f,0.10726922664306941f,1.8249421297603863f,-0.8230143482909901f,0.07900341165294283f,-0.5624996386259752f,0.39714168037080905f,0f,0f,0f,1f], start_interpolation: 0, interpolation_duration: 1 }
$data merge entity $(bone_leftfoot) { transformation: [-0.8529150318527482f,-0.5202466256100343f,0.043076474641793594f,0.8639912775063622f,-0.3360136544100836f,0.6103016014201532f,0.7173829288310579f,0.44782581534393895f,-0.399489091719437f,0.5973900372690917f,-0.6953746737296747f,0.28410866455611994f,0f,0f,0f,1f], start_interpolation: 0, interpolation_duration: 1 }
$data merge entity $(bone_leftlowerleg) { transformation: [-0.8529150318527482f,-0.5202466256100343f,0.043076474641793594f,0.2802241653510954f,-0.3360136544100836f,0.6103016014201532f,0.7173829288310579f,1.014656405954843f,-0.399489091719437f,0.5973900372690917f,-0.6953746737296747f,1.0536795135058854f,0f,0f,0f,1f], start_interpolation: 0, interpolation_duration: 1 }
$data merge entity $(bone_leftleg) { transformation: [-0.8003849799762242f,-0.17188074073212276f,0.5743017121527093f,0.0832924392277028f,-0.4350405459891234f,0.8256520251821052f,-0.3592312635950785f,1.7585723693271549f,-0.41241193917483104f,-0.537378585708498f,-0.7356292835214964f,0.5797844452438574f,0f,0f,0f,1f], start_interpolation: 0, interpolation_duration: 1 }
$data merge entity $(bone_rightfoot) { transformation: [-0.7988709350745818f,-0.23023944220926368f,0.5556905706228259f,-0.6588253799203092f,-0.08309573214794384f,0.9572258266534307f,0.27713889939886405f,0.27859721360547707f,-0.5957335661888211f,0.1752300286737052f,-0.7838410677640966f,0.2412605307843369f,0f,0f,0f,1f], start_interpolation: 0, interpolation_duration: 1 }
$data merge entity $(bone_rightlowerleg) { transformation: [-0.7988709350745818f,-0.23023944220926368f,0.5556905706228259f,-0.9996266861511618f,-0.08309573214794384f,0.9572258266534307f,0.27713889939886405f,1.297938435639176f,-0.5957335661888211f,0.1752300286737052f,-0.7838410677640966f,0.5560900946015106f,0f,0f,0f,1f], start_interpolation: 0, interpolation_duration: 1 }
$data merge entity $(bone_rightleg) { transformation: [-0.6380642598020998f,0.7069429296896664f,0.30511892916079525f,-0.34894317847416456f,0.1650646493364381f,0.5126324830393891f,-0.8425974971183289f,1.7726749579786645f,-0.7520822175152376f,-0.48725725401953945f,-0.44379262839494965f,0.17134319942800932f,0f,0f,0f,1f], start_interpolation: 0, interpolation_duration: 1 }
data modify entity @s data merge value {"locators":{"lefthand":{"posx":-0.7832308304111718,"posy":2.2249718572859107,"posz":2.4417027261002153,"roty":152.01540787346062,"rotx":-17.00469780796158},"righthand":{"posx":-1.2545388936798108,"posy":1.7714226064310823,"posz":-0.1936156515881503,"roty":71.26558496239058,"rotx":-44.23119745601081},"chest":{"posx":-0.32265471477648977,"posy":1.8078211387706085,"posz":0.08361845863044498,"roty":62.74852431132243,"rotx":49.17813640052131},"sack":{"posx":0,"posy":-0.4375,"posz":0,"roty":0,"rotx":0}},"cameras":{}}