# This file was generated by Animated Java via MC-Build. It is not recommended to edit this file directly.
$data merge entity $(bone_nose) { transformation: [-0.9970674119041882f,-0.06812830048456411f,-0.03485843931917848f,-0.8646734833262995f,-0.07646536497281148f,0.868431961979037f,0.4898764899164025f,3.173926148827822f,-0.0031022698558668405f,0.49110534723857924f,-0.8710946641068444f,0.9702674124106356f,0f,0f,0f,1f], start_interpolation: 0, interpolation_duration: 1 }
$data merge entity $(bone_glowing_eye) { transformation: [-0.9970674119041882f,-0.06812830048456411f,-0.03485843931917848f,-0.9927033422730022f,-0.07646536497281148f,0.868431961979037f,0.4898764899164025f,3.2060733317534535f,-0.0031022698558668405f,0.49110534723857924f,-0.8710946641068444f,1.0335288436558239f,0f,0f,0f,1f], start_interpolation: 0, interpolation_duration: 1 }
$data merge entity $(bone_head) { transformation: [-0.9970674119041882f,-0.06812830048456411f,-0.03485843931917848f,-0.8627886307381173f,-0.07646536497281148f,0.868431961979037f,0.4898764899164025f,3.1584267061318276f,-0.0031022698558668405f,0.49110534723857924f,-0.8710946641068444f,0.746510427510499f,0f,0f,0f,1f], start_interpolation: 0, interpolation_duration: 1 }
$data merge entity $(bone_leftthumb2) { transformation: [0.7267224456534983f,0.06147902107643305f,0.6841745515224035f,-0.34447703652605066f,-0.07495568450805706f,0.9971368805828f,-0.009984324790963284f,2.2274957720227317f,-0.6828295045934432f,-0.04402693890206699f,0.7292499546161022f,2.124924038107599f,0f,0f,0f,1f], start_interpolation: 0, interpolation_duration: 1 }
$data merge entity $(bone_leftthumb) { transformation: [0.7267224456534983f,0.06147902107643305f,0.6841745515224035f,-0.27093192096298774f,-0.07495568450805706f,0.9971368805828f,-0.009984324790963284f,2.471182878023235f,-0.6828295045934432f,-0.04402693890206699f,0.7292499546161022f,2.176446639540514f,0f,0f,0f,1f], start_interpolation: 0, interpolation_duration: 1 }
$data merge entity $(bone_leftpointerfinger) { transformation: [0.646285055634219f,-0.4068246262770898f,0.645607737189062f,-0.44877485867127087f,0.6892343992015422f,0.6743222174967992f,-0.26503865745866f,2.2255810175615f,-0.32752338820481797f,0.6162655843422591f,0.7162018987227907f,2.3113217207083188f,0f,0f,0f,1f], start_interpolation: 0, interpolation_duration: 1 }
$data merge entity $(bone_leftmidfinger) { transformation: [0.6327773731821175f,-0.4275318066183599f,0.645607737189062f,-0.3478986497354799f,0.7107011506413101f,0.6516581807432706f,-0.26503865745866f,2.184168727333584f,-0.30740310744339805f,0.6265446271416049f,0.7162018987227907f,2.423228267383755f,0f,0f,0f,1f], start_interpolation: 0, interpolation_duration: 1 }
$data merge entity $(bone_leftringfinger) { transformation: [0.6327773731821175f,-0.4275318066183599f,0.645607737189062f,-0.247022440799689f,0.7107011506413101f,0.6516581807432706f,-0.26503865745866f,2.1427564371056684f,-0.30740310744339805f,0.6265446271416049f,0.7162018987227907f,2.535134814059191f,0f,0f,0f,1f], start_interpolation: 0, interpolation_duration: 1 }
$data merge entity $(bone_invisibility) { transformation: [0.6649605031956606f,-0.5898973481397378f,-0.4580924009929421f,-0.3587158407235102f,0.7159247147367401f,0.32868635855035483f,0.6159684087126746f,2.2566400182776265f,-0.21278940767550203f,-0.7375543345141513f,0.6408855370660949f,2.198000375032403f,0f,0f,0f,1f], start_interpolation: 0, interpolation_duration: 1 }
$data merge entity $(bone_swiftness) { transformation: [0.6456077371890621f,0.6110171862019436f,-0.45809240099294224f,-0.29654754414485585f,-0.2650386574586601f,0.7418473087640653f,0.6159684087126747f,2.0744050660971043f,0.7162018987227906f,-0.27626177557775355f,0.640885537066095f,2.336319415835911f,0f,0f,0f,1f], start_interpolation: 0, interpolation_duration: 1 }
$data merge entity $(bone_suspicious_stew) { transformation: [0.826615253525232f,-0.32689229845919926f,-0.45809240099294246f,-0.2663058206037772f,0.5603318160157869f,0.5537248192274081f,0.615968408712675f,2.172171177405812f,0.05230180302692489f,-0.7658526292829687f,0.640885537066095f,2.345238001773133f,0f,0f,0f,1f], start_interpolation: 0, interpolation_duration: 1 }
$data merge entity $(bone_log) { transformation: [0.4580924009929424f,0.6110171862019436f,0.645607737189062f,-0.11671964705470861f,-0.6159684087126748f,0.7418473087640653f,-0.26503865745866f,2.1947313656161325f,-0.6408855370660949f,-0.27626177557775355f,0.7162018987227907f,2.2841942247285982f,0f,0f,0f,1f], start_interpolation: 0, interpolation_duration: 1 }
$data merge entity $(bone_planks) { transformation: [0.4580924009929424f,0.6110171862019436f,0.645607737189062f,-0.0737734844616203f,-0.6159684087126748f,0.7418473087640653f,-0.26503865745866f,2.136984327299319f,-0.6408855370660949f,-0.27626177557775355f,0.7162018987227907f,2.224111205628652f,0f,0f,0f,1f], start_interpolation: 0, interpolation_duration: 1 }
$data merge entity $(bone_lefthand) { transformation: [0.4580924009929424f,0.6110171862019436f,0.645607737189062f,-0.09866369253961649f,-0.6159684087126748f,0.7418473087640653f,-0.26503865745866f,2.5424677530309006f,-0.6408855370660949f,-0.27626177557775355f,0.7162018987227907f,2.3529688557655963f,0f,0f,0f,1f], start_interpolation: 0, interpolation_duration: 1 }
$data merge entity $(bone_leftforearm) { transformation: [0.419497794308559f,0.625087261666008f,0.6582457868252145f,0.3548881359843177f,-0.7063922310092146f,0.6802105484144276f,-0.19576420969004593f,2.978280846255593f,-0.5701154414152265f,-0.38285705573834655f,0.7269036100689599f,2.0428786026113137f,0f,0f,0f,1f], start_interpolation: 0, interpolation_duration: 1 }
$data merge entity $(bone_leftelbow) { transformation: [0.419497794308559f,0.625087261666008f,0.6582457868252145f,0.4720919975466942f,-0.7063922310092146f,0.6802105484144276f,-0.19576420969004593f,3.105820324083298f,-0.5701154414152265f,-0.38285705573834655f,0.7269036100689599f,1.9710929046603738f,0f,0f,0f,1f], start_interpolation: 0, interpolation_duration: 1 }
$data merge entity $(bone_leftarm) { transformation: [0.13131997685573804f,-0.5188588080375075f,0.8447133247442622f,-0.030491547506457772f,-0.95497597173545f,0.16245826685583628f,0.2482502868842878f,2.8605501063975787f,-0.26603751067573495f,-0.8392811500636095f,-0.47416367855558417f,1.4056290546560417f,0f,0f,0f,1f], start_interpolation: 0, interpolation_duration: 1 }
$data merge entity $(bone_rightthumb2) { transformation: [-0.7106955849882026f,-0.5673396280582406f,0.4159778021878252f,-1.4021708646597237f,-0.6642584352034647f,0.3464493855757641f,-0.6623696509466747f,1.9464716571265155f,0.2316732974240242f,-0.7470599505186399f,-0.6230801823134536f,0.30958944886307516f,0f,0f,0f,1f], start_interpolation: 0, interpolation_duration: 1 }
$data merge entity $(bone_rightthumb) { transformation: [-0.7106955849882026f,-0.5673396280582406f,0.4159778021878252f,-1.5057582303633308f,-0.6642584352034647f,0.3464493855757641f,-0.6623696509466747f,1.9748313161228044f,0.2316732974240242f,-0.7470599505186399f,-0.6230801823134536f,0.07313172426795561f,0f,0f,0f,1f], start_interpolation: 0, interpolation_duration: 1 }
$data merge entity $(bone_rightpointerfinger) { transformation: [-0.22432478557449353f,-0.7679904934244325f,0.599890817221479f,-1.543512901776243f,-0.5087620554125166f,-0.43273663622352554f,-0.7442447007821951f,1.7772629953657761f,0.8311675893280419f,-0.47215421811061326f,-0.2936508688408171f,0.3371033426187757f,0f,0f,0f,1f], start_interpolation: 0, interpolation_duration: 1 }
$data merge entity $(bone_rightmidfinger) { transformation: [-0.19934722034105293f,-0.7748494648353584f,0.599890817221479f,-1.4497799615853868f,-0.4944876652119547f,-0.4489785900361512f,-0.7442447007821951f,1.6609747608685583f,0.8460157413993696f,-0.44500172194443f,-0.2936508688408171f,0.291220394362398f,0f,0f,0f,1f], start_interpolation: 0, interpolation_duration: 1 }
$data merge entity $(bone_rightringfinger) { transformation: [-0.19934722034105293f,-0.7748494648353584f,0.599890817221479f,-1.3560470213945308f,-0.4944876652119547f,-0.4489785900361512f,-0.7442447007821951f,1.5446865263713403f,0.8460157413993696f,-0.44500172194443f,-0.2936508688408171f,0.24533744610602035f,0f,0f,0f,1f], start_interpolation: 0, interpolation_duration: 1 }
$data merge entity $(bone_hugeasssword) { transformation: [-3.0695099073989423f,0.6307902950023763f,2.3495723674507927f,-1.2909564546051662f,-1.85149341812925f,1.84804419866737f,-2.9149584113969307f,1.8501680700663832f,-1.5780870789603385f,-3.3951603822618552f,-1.1501325696265337f,0.18938397032718363f,0f,0f,0f,1f], start_interpolation: 0, interpolation_duration: 1 }
$data merge entity $(bone_ice) { transformation: [-0.7837046572082406f,0.16105284127720243f,0.599890817221479f,-1.2812275199812437f,-0.4727217237776808f,0.4718410720001795f,-0.7442447007821951f,1.8501818302504065f,-0.40291584994732044f,-0.8668494593008992f,-0.2936508688408171f,0.20922405328418703f,0f,0f,0f,1f], start_interpolation: 0, interpolation_duration: 1 }
$data merge entity $(bone_righthand) { transformation: [-0.7837046572082406f,0.16105284127720243f,0.599890817221479f,-1.418143885925832f,-0.4727217237776808f,0.4718410720001795f,-0.7442447007821951f,1.8267040204065876f,-0.40291584994732044f,-0.8668494593008992f,-0.2936508688408171f,-0.1173938636791434f,0f,0f,0f,1f], start_interpolation: 0, interpolation_duration: 1 }
$data merge entity $(bone_rightforearm) { transformation: [-0.9327071748851797f,0.21683642689400498f,-0.2881653863487899f,-1.2021774678425268f,0.35403154488602684f,0.7027406330642f,-0.6171039360319623f,2.2590690964531057f,0.06869491351854096f,-0.6775969056986371f,-0.7322181657431835f,-0.6196136988879073f,0f,0f,0f,1f], start_interpolation: 0, interpolation_duration: 1 }
$data merge entity $(bone_rightelbow) { transformation: [-0.9327071748851797f,0.21683642689400498f,-0.2881653863487899f,-1.1615206377999008f,0.35403154488602684f,0.7027406330642f,-0.6171039360319623f,2.390832965152643f,0.06869491351854096f,-0.6775969056986371f,-0.7322181657431835f,-0.7466631187064018f,0f,0f,0f,1f], start_interpolation: 0, interpolation_duration: 1 }
$data merge entity $(bone_rightarm) { transformation: [-0.9209598427019613f,0.024221451001944727f,0.3889039591489641f,-1.0189389768142543f,0.26256092758992794f,0.776037057047557f,0.5734354762238587f,2.6646477834241984f,-0.2879144446419724f,0.6302220302403967f,-0.7210585726320555f,-0.14140358121976582f,0f,0f,0f,1f], start_interpolation: 0, interpolation_duration: 1 }
$data merge entity $(bone_chest) { transformation: [-0.6295934061939192f,-0.7265312983546807f,0.4993751360443486f,-0.3861370724200146f,-0.12729590899640145f,0.6821303761660268f,0.8319284900611865f,2.807426126703849f,-0.8723640326956572f,0.42480764297946416f,-0.4817993068034797f,0.4508397562821601f,0f,0f,0f,1f], start_interpolation: 0, interpolation_duration: 1 }
$data merge entity $(bone_chest1lid) { transformation: [-0.5811631441790024f,-0.6706442754043207f,0.4609616640409372f,-0.30659360800127455f,-0.11750391599667827f,0.6296588087686401f,0.7679339908257107f,2.036459763217496f,-0.8052591071036836f,0.39213013198104385f,-0.4447378216647505f,0.08193608857005878f,0f,0f,0f,1f], start_interpolation: 0, interpolation_duration: 1 }
$data merge entity $(bone_chest1) { transformation: [-0.5811631441790024f,-0.6706442754043207f,0.4609616640409372f,-0.20180543996934946f,-0.11750391599667827f,0.6296588087686401f,0.7679339908257107f,1.9380755743473963f,-0.8052591071036836f,0.39213013198104385f,-0.4447378216647505f,0.020665755448020684f,0f,0f,0f,1f], start_interpolation: 0, interpolation_duration: 1 }
$data merge entity $(bone_chest1lid3) { transformation: [-0.5811631441790024f,-0.6706442754043207f,0.4609616640409372f,0.025032654536138427f,-0.11750391599667827f,0.6296588087686401f,0.7679339908257107f,2.5357614708400096f,-0.8052591071036836f,0.39213013198104385f,-0.4447378216647505f,-0.15264538423994173f,0f,0f,0f,1f], start_interpolation: 0, interpolation_duration: 1 }
$data merge entity $(bone_chest3) { transformation: [-0.5811631441790024f,-0.6706442754043207f,0.4609616640409372f,0.12982082256806354f,-0.11750391599667827f,0.6296588087686401f,0.7679339908257107f,2.4373772819699098f,-0.8052591071036836f,0.39213013198104385f,-0.4447378216647505f,-0.21391571736197984f,0f,0f,0f,1f], start_interpolation: 0, interpolation_duration: 1 }
$data merge entity $(bone_hugeasssword2) { transformation: [-1.8054331841603382f,-0.09635896941798394f,-3.4743925719934334f,-1.7581863240355498f,-3.007741464067367f,2.005428506742487f,1.5073239756111732f,3.5966979481795076f,1.7418898015202724f,3.3629227215526507f,-0.9984229895201538f,-0.2041170683216023f,0f,0f,0f,1f], start_interpolation: 0, interpolation_duration: 1 }
$data merge entity $(bone_belt) { transformation: [-0.5811631441790024f,-0.6706442754043207f,0.4609616640409372f,-0.16072644337120706f,-0.11750391599667827f,0.6296588087686401f,0.7679339908257107f,2.4598531577224527f,-0.8052591071036836f,0.39213013198104385f,-0.4447378216647505f,0.37865129613726795f,0f,0f,0f,1f], start_interpolation: 0, interpolation_duration: 1 }
$data merge entity $(bone_torn_part) { transformation: [-0.6983973661636116f,-0.2881655105646006f,0.6551349154615201f,-0.12352833468517307f,-0.008865412727228301f,0.9187762637407967f,0.394679086909451f,2.3789197897912753f,-0.7156553104623106f,0.26983479335983557f,-0.6442256288751238f,0.22071349280284513f,0f,0f,0f,1f], start_interpolation: 0, interpolation_duration: 1 }
$data merge entity $(bone_lowerbody) { transformation: [-0.6983973661636116f,-0.07782546350945609f,0.7114663141465437f,-0.11737470271838898f,-0.008865412727228301f,0.9949347870514442f,0.10013078433765098f,1.8798966597154734f,-0.7156553104623106f,0.06362363353688308f,-0.6955497896359816f,0.35734716856980886f,0f,0f,0f,1f], start_interpolation: 0, interpolation_duration: 1 }
$data merge entity $(bone_leftfoot) { transformation: [-0.8923423778649637f,-0.4507420891488556f,-0.023006688230858163f,0.8411245971651159f,-0.3626296353035929f,0.6857219869888308f,0.6310936230972094f,0.4289345874447532f,-0.2686734740457225f,0.571501879036123f,-0.7753795535540889f,0.2678351788692621f,0f,0f,0f,1f], start_interpolation: 0, interpolation_duration: 1 }
$data merge entity $(bone_leftlowerleg) { transformation: [-0.8923423778649637f,-0.4507420891488556f,-0.023006688230858163f,0.34461746900801454f,-0.3626296353035929f,0.6857219869888308f,0.6310936230972094f,1.0926926426062022f,-0.2686734740457225f,0.571501879036123f,-0.7753795535540889f,1.020978752043f,0f,0f,0f,1f], start_interpolation: 0, interpolation_duration: 1 }
$data merge entity $(bone_leftleg) { transformation: [-0.8405347366295772f,-0.21188231554019432f,0.4985819407993756f,0.11412580971718586f,-0.4477604589900252f,0.7897571267758446f,-0.4192728801106615f,1.812307374276226f,-0.30491298477449136f,-0.5756644552758908f,-0.758713582593879f,0.5157764106754253f,0f,0f,0f,1f], start_interpolation: 0, interpolation_duration: 1 }
$data merge entity $(bone_rightfoot) { transformation: [-0.8219143041424476f,-0.20723873188915776f,0.530572438836936f,-0.6637339706933996f,-0.050142852523734724f,0.9541728884106241f,0.29500958499859364f,0.28367572095546456f,-0.5673989133440561f,0.2158763712186007f,-0.794648900565419f,0.23595270482570863f,0f,0f,0f,1f], start_interpolation: 0, interpolation_duration: 1 }
$data merge entity $(bone_rightlowerleg) { transformation: [-0.8219143041424476f,-0.20723873188915776f,0.530572438836936f,-0.9751595728558092f,-0.050142852523734724f,0.9541728884106241f,0.29500958499859364f,1.296884336967901f,-0.5673989133440561f,0.2158763712186007f,-0.794648900565419f,0.5975348811292804f,0f,0f,0f,1f], start_interpolation: 0, interpolation_duration: 1 }
$data merge entity $(bone_rightleg) { transformation: [-0.716177738328754f,0.6400077084687571f,0.2783396079219841f,-0.3820200609293092f,0.17318916305508225f,0.5493060073832127f,-0.8174813481268471f,1.8084175303146761f,-0.6760879831224563f,-0.5372457942630026f,-0.5042532183601297f,0.1589787080629471f,0f,0f,0f,1f], start_interpolation: 0, interpolation_duration: 1 }
data modify entity @s data merge value {"locators":{"lefthand":{"posx":-0.21748914821340287,"posy":2.1986628119585445,"posz":2.354669540378013,"roty":137.96747077050588,"rotx":-15.369249842193877},"righthand":{"posx":-1.366589576258558,"posy":1.8101204753459679,"posz":0.1895835099788401,"roty":63.917919455905405,"rotx":-48.09426540608575},"chest":{"posx":-0.35486494905049476,"posy":1.873444404228043,"posz":0.1017538928593707,"roty":46.02623254705071,"rotx":50.16872380620677},"sack":{"posx":0,"posy":-0.4375,"posz":0,"roty":0,"rotx":0}},"cameras":{}}