# This file was generated by Animated Java via MC-Build. It is not recommended to edit this file directly.
$data merge entity $(bone_nose) { transformation: [-0.973225677261942f,0.17603637296170274f,-0.14779369578071394f,0.05348870484061741f,0.025519919611194444f,0.721776668812227f,0.6916553867796903f,3.419638906190172f,0.22843054704017174f,0.6693650989951694f,-0.706944021423277f,1.1132193382730324f,0f,0f,0f,1f], start_interpolation: 0, interpolation_duration: 1 }
$data merge entity $(bone_glowing_eye) { transformation: [-0.973225677261942f,0.17603637296170274f,-0.14779369578071394f,-0.05108805868675984f,0.025519919611194444f,0.721776668812227f,0.6916553867796903f,3.4475632940492997f,0.22843054704017174f,0.6693650989951694f,-0.706944021423277f,1.2117638659140348f,0f,0f,0f,1f], start_interpolation: 0, interpolation_duration: 1 }
$data merge entity $(bone_head) { transformation: [-0.973225677261942f,0.17603637296170274f,-0.14779369578071394f,0.004077175117554316f,0.025519919611194444f,0.721776668812227f,0.6916553867796903f,3.4600321081287597f,0.22843054704017174f,0.6693650989951694f,-0.706944021423277f,0.8981894248834277f,0f,0f,0f,1f], start_interpolation: 0, interpolation_duration: 1 }
$data merge entity $(bone_leftthumb2) { transformation: [-0.8497883843974633f,0.2573976126580681f,0.46000670727835663f,1.294219107302703f,0.0020672040171428735f,0.8742932926062691f,-0.48539361879946485f,2.0893058360513552f,-0.5271199374058053f,-0.4115309314032369f,-0.7434963779923099f,1.290295671369569f,0f,0f,0f,1f], start_interpolation: 0, interpolation_duration: 1 }
$data merge entity $(bone_leftthumb) { transformation: [-0.8497883843974633f,0.2573976126580681f,0.46000670727835663f,1.3966549645122395f,0.0020672040171428735f,0.8742932926062691f,-0.48539361879946485f,2.262239183684793f,-0.5271199374058053f,-0.4115309314032369f,-0.7434963779923099f,1.1258334552026328f,0f,0f,0f,1f], start_interpolation: 0, interpolation_duration: 1 }
$data merge entity $(bone_leftpointerfinger) { transformation: [-0.7860727891334518f,0.428291099065944f,0.4457087666232751f,1.440366561361682f,0.15295497622881732f,0.8334038288518693f,-0.5310770502496659f,1.9708757741503187f,-0.5989109661968106f,-0.3492918443306827f,-0.7206253270967324f,1.3025467307659533f,0f,0f,0f,1f], start_interpolation: 0, interpolation_duration: 1 }
$data merge entity $(bone_leftmidfinger) { transformation: [-0.7832149874877725f,0.4334950734779886f,0.4457087666232751f,1.5100085561465688f,0.15847891523165467f,0.8323710711726542f,-0.5310770502496659f,1.8878949850488083f,-0.6012143684257104f,-0.34531206342263976f,-0.7206253270967324f,1.1899490234070889f,0f,0f,0f,1f], start_interpolation: 0, interpolation_duration: 1 }
$data merge entity $(bone_leftringfinger) { transformation: [-0.7832149874877725f,0.4334950734779886f,0.4457087666232751f,1.5796505509314556f,0.15847891523165467f,0.8323710711726542f,-0.5310770502496659f,1.804914195947298f,-0.6012143684257104f,-0.34531206342263976f,-0.7206253270967324f,1.0773513160482244f,0f,0f,0f,1f], start_interpolation: 0, interpolation_duration: 1 }
$data merge entity $(bone_invisibility) { transformation: [0.210588521953535f,-0.42898719336380703f,0.8784204359822625f,1.2972804017710005f,0.7913761647690734f,0.6023421213065374f,0.10444010118404078f,2.0618430905706195f,-0.5739130946901432f,0.6731671091413958f,0.46633657685559915f,1.1903727524916727f,0f,0f,0f,1f], start_interpolation: 0, interpolation_duration: 1 }
$data merge entity $(bone_swiftness) { transformation: [0.44570876662327485f,0.17239847158223312f,0.8784204359822627f,1.3117542518666034f,-0.5310770502496659f,0.840862314509802f,0.10444010118404076f,1.8429596298676414f,-0.7206253270967325f,-0.5130588027052344f,0.4663365768555993f,1.1004440571901775f,0f,0f,0f,1f], start_interpolation: 0, interpolation_duration: 1 }
$data merge entity $(bone_suspicious_stew) { transformation: [0.34461074146111415f,-0.33109058355433835f,0.8784204359822628f,1.3727696171574473f,0.5376372036390024f,0.8366830358791202f,0.104440101184041f,1.92285072265616f,-0.7695386112033984f,0.43628032611355105f,0.46633657685559954f,1.0793051350378433f,0f,0f,0f,1f], start_interpolation: 0, interpolation_duration: 1 }
$data merge entity $(bone_log) { transformation: [-0.8784204359822626f,0.17239847158223312f,0.4457087666232751f,1.3328601086673553f,-0.10444010118404087f,0.840862314509802f,-0.5310770502496659f,1.9932730157534284f,-0.4663365768555995f,-0.5130588027052344f,-0.7206253270967324f,0.9376744184118171f,0f,0f,0f,1f], start_interpolation: 0, interpolation_duration: 1 }
$data merge entity $(bone_planks) { transformation: [-0.8784204359822626f,0.17239847158223312f,0.4457087666232751f,1.2505081927940183f,-0.10444010118404087f,0.840862314509802f,-0.5310770502496659f,1.9834817562674245f,-0.4663365768555995f,-0.5130588027052344f,-0.7206253270967324f,0.8939553643316046f,0f,0f,0f,1f], start_interpolation: 0, interpolation_duration: 1 }
$data merge entity $(bone_lefthand) { transformation: [-0.8784204359822626f,0.17239847158223312f,0.4457087666232751f,1.5816364366015019f,-0.10444010118404087f,0.840862314509802f,-0.5310770502496659f,2.246194777497191f,-0.4663365768555995f,-0.5130588027052344f,-0.7206253270967324f,0.9485134034211812f,0f,0f,0f,1f], start_interpolation: 0, interpolation_duration: 1 }
$data merge entity $(bone_leftforearm) { transformation: [-0.6981308914061609f,0.07168238542448438f,0.7123727213224087f,1.586890555569594f,-0.42698035058052763f,0.7569954708946649f,-0.49461665687994594f,2.750388696898406f,-0.574718225465809f,-0.6494763218661787f,-0.4978749528271243f,0.46396689543538855f,0f,0f,0f,1f], start_interpolation: 0, interpolation_duration: 1 }
$data merge entity $(bone_leftelbow) { transformation: [-0.6981308914061609f,0.07168238542448438f,0.7123727213224087f,1.6003310028366848f,-0.42698035058052763f,0.7569954708946649f,-0.49461665687994594f,2.892325347691156f,-0.574718225465809f,-0.6494763218661787f,-0.4978749528271243f,0.34219008508548004f,0f,0f,0f,1f], start_interpolation: 0, interpolation_duration: 1 }
$data merge entity $(bone_leftarm) { transformation: [-0.6359376070021436f,-0.7620579408102593f,0.12186490408814943f,0.8907500226662775f,-0.6891383590305572f,0.6318248258182144f,0.3548037649073835f,3.0172953436715155f,-0.3473782982758964f,0.1416512771838292f,-0.9269645265915694f,0.5434389480478992f,0f,0f,0f,1f], start_interpolation: 0, interpolation_duration: 1 }
$data merge entity $(bone_rightthumb2) { transformation: [-0.928927215706928f,-0.35069912203300047f,-0.1187617519416775f,-1.3365916812690235f,-0.21533367463802033f,0.7726216653993431f,-0.5972329283641624f,2.1115732519983283f,0.3012069661974322f,-0.5292125168217666f,-0.7932266230739553f,1.7113574353954382f,0f,0f,0f,1f], start_interpolation: 0, interpolation_duration: 1 }
$data merge entity $(bone_rightthumb) { transformation: [-0.928927215706928f,-0.35069912203300047f,-0.1187617519416775f,-1.4327470931207575f,-0.21533367463802033f,0.7726216653993431f,-0.5972329283641624f,2.250014887799346f,0.3012069661974322f,-0.5292125168217666f,-0.7932266230739553f,1.5137848705974335f,0f,0f,0f,1f], start_interpolation: 0, interpolation_duration: 1 }
$data merge entity $(bone_rightpointerfinger) { transformation: [-0.8569303396688814f,-0.5074242654679705f,-0.0905041864736974f,-1.4502818586819994f,-0.3316594512041402f,0.6772425817113542f,-0.6567682193467558f,1.964377036260913f,0.3945534201878672f,-0.5327880444709986f,-0.7486417689969121f,1.703875563794708f,0f,0f,0f,1f], start_interpolation: 0, interpolation_duration: 1 }
$data merge entity $(bone_rightmidfinger) { transformation: [-0.8535461524451633f,-0.5130964411071196f,-0.0905041864736974f,-1.4644231378185146f,-0.33614376688708636f,0.6750280542607483f,-0.6567682193467558f,1.8617570019879823f,0.39807830087687246f,-0.5301595685113649f,-0.7486417689969121f,1.5869002873889406f,0f,0f,0f,1f], start_interpolation: 0, interpolation_duration: 1 }
$data merge entity $(bone_rightringfinger) { transformation: [-0.8535461524451633f,-0.5130964411071196f,-0.0905041864736974f,-1.4785644169550298f,-0.33614376688708636f,0.6750280542607483f,-0.6567682193467558f,1.759136967715052f,0.39807830087687246f,-0.5301595685113649f,-0.7486417689969121f,1.469925010983173f,0f,0f,0f,1f], start_interpolation: 0, interpolation_duration: 1 }
$data merge entity $(bone_hugeasssword) { transformation: [-3.7982868773438745f,-0.8874921074097609f,-0.35447473035531485f,-1.2698650098689501f,-0.44226504728317195f,2.920228595626523f,-2.5723421924414605f,2.0513156141232374f,0.8471695244322146f,-2.4545672706911725f,-2.932180261904573f,1.4179551356706477f,0f,0f,0f,1f], start_interpolation: 0, interpolation_duration: 1 }
$data merge entity $(bone_ice) { transformation: [-0.9697753729388615f,-0.2265937295514283f,-0.0905041864736974f,-1.2511717426425393f,-0.11291873547655454f,0.7455902797344314f,-0.6567682193467558f,2.0414301212442076f,0.21629860198269307f,-0.6266980265594483f,-0.7486417689969121f,1.4243676266796594f,0f,0f,0f,1f], start_interpolation: 0, interpolation_duration: 1 }
$data merge entity $(bone_righthand) { transformation: [-0.9697753729388615f,-0.2265937295514283f,-0.0905041864736974f,-1.553092274092415f,-0.11291873547655454f,0.7455902797344314f,-0.6567682193467558f,2.179074000454091f,0.21629860198269307f,-0.6266980265594483f,-0.7486417689969121f,1.2983727152543172f,0f,0f,0f,1f], start_interpolation: 0, interpolation_duration: 1 }
$data merge entity $(bone_rightforearm) { transformation: [-0.4337412629216191f,0.023607749427391106f,-0.90072814489508f,-1.5356848772478016f,0.4614087120285506f,0.8644587838707479f,-0.1995319810277584f,2.7304386239907203f,0.7739318557233016f,-0.5021490666681371f,-0.38584426591697063f,0.8723447231587652f,0f,0f,0f,1f], start_interpolation: 0, interpolation_duration: 1 }
$data merge entity $(bone_rightelbow) { transformation: [-0.4337412629216191f,0.023607749427391106f,-0.90072814489508f,-1.5312584242301657f,0.4614087120285506f,0.8644587838707479f,-0.1995319810277584f,2.8925246459664855f,0.7739318557233016f,-0.5021490666681371f,-0.38584426591697063f,0.7781917731584895f,0f,0f,0f,1f], start_interpolation: 0, interpolation_duration: 1 }
$data merge entity $(bone_rightarm) { transformation: [-0.5247581109517968f,0.7528136678972742f,-0.39736696694284207f,-0.9175174619613994f,0.7525494349483969f,0.628446090559275f,0.19678632884327169f,3.013247613296415f,0.3978671549011684f,-0.1957730642550597f,-0.896311683714451f,0.6508783539642886f,0f,0f,0f,1f], start_interpolation: 0, interpolation_duration: 1 }
$data merge entity $(bone_chest) { transformation: [-1.082434478317173f,0.03466704625675355f,-0.027292987472465894f,-0.021313476278936164f,0.002785883484343993f,0.7224986791446423f,0.8072168287384561f,3.082980052346639f,0.04403351126757587f,0.8064768847581377f,-0.7219883623351341f,0.35504457985347837f,0f,0f,0f,1f], start_interpolation: 0, interpolation_duration: 1 }
$data merge entity $(bone_chest1lid) { transformation: [-0.9991702876773906f,0.03200035039084943f,-0.02519352689766083f,-0.37446896946824737f,0.002571584754779071f,0.6669218576719775f,0.7451232265278057f,2.336469578390665f,0.040646318093146956f,0.744440201315204f,-0.6664507960016622f,0.12093024386615021f,0f,0f,0f,1f], start_interpolation: 0, interpolation_duration: 1 }
$data merge entity $(bone_chest1) { transformation: [-0.9991702876773906f,0.03200035039084943f,-0.02519352689766083f,-0.3794690242168176f,0.002571584754779071f,0.6669218576719775f,0.7451232265278057f,2.2322630381294184f,0.040646318093146956f,0.744440201315204f,-0.6664507960016622f,0.0046114624106495805f,0f,0f,0f,1f], start_interpolation: 0, interpolation_duration: 1 }
$data merge entity $(bone_chest1lid3) { transformation: [-0.9991702876773906f,0.03200035039084943f,-0.02519352689766083f,-0.3281604296572244f,0.002571584754779071f,0.6669218576719775f,0.7451232265278057f,2.8136534213378668f,0.040646318093146956f,0.744440201315204f,-0.6664507960016622f,-0.30855519220323635f,0f,0f,0f,1f], start_interpolation: 0, interpolation_duration: 1 }
$data merge entity $(bone_chest3) { transformation: [-0.9991702876773906f,0.03200035039084943f,-0.02519352689766083f,-0.33316048440579465f,0.002571584754779071f,0.6669218576719775f,0.7451232265278057f,2.7094468810766204f,0.040646318093146956f,0.744440201315204f,-0.6664507960016622f,-0.42487397365873697f,0f,0f,0f,1f], start_interpolation: 0, interpolation_duration: 1 }
$data merge entity $(bone_hugeasssword2) { transformation: [0.09867464701583739f,2.969948533991436f,-2.5514597385136595f,-1.2218876129243845f,-2.9183993039005727f,1.7572904617538718f,1.9326545252060188f,4.057384188554471f,2.610265617673177f,1.8524615289524267f,2.257249978784424f,1.0923341572166758f,0f,0f,0f,1f], start_interpolation: 0, interpolation_duration: 1 }
$data merge entity $(bone_belt) { transformation: [-0.9991702876773906f,0.03200035039084943f,-0.02519352689766083f,0.0012398951560450497f,0.002571584754779071f,0.6669218576719775f,0.7451232265278057f,2.7197042109743896f,0.040646318093146956f,0.744440201315204f,-0.6664507960016622f,0.14444993902657483f,0f,0f,0f,1f], start_interpolation: 0, interpolation_duration: 1 }
$data merge entity $(bone_torn_part) { transformation: [-0.9996566032170059f,-0.019467938286370494f,0.017540667704384796f,-0.11947800395842427f,-0.012874724854473968f,0.9478996610696768f,0.31830877148440867f,2.513811414122833f,-0.022823608491191052f,0.3179736340058244f,-0.9478247997243852f,0.01211950086698424f,0f,0f,0f,1f], start_interpolation: 0, interpolation_duration: 1 }
$data merge entity $(bone_lowerbody) { transformation: [-0.9996566032170059f,-0.013292322233946116f,0.02258295406421666f,-0.01854062500000001f,-0.012874724854473968f,0.999745267989092f,0.018537545504737796f,2.024305f,-0.022823608491191052f,0.01824043045126885f,-0.99957309367169f,0.14600687499999992f,0f,0f,0f,1f], start_interpolation: 0, interpolation_duration: 1 }
$data merge entity $(bone_leftfoot) { transformation: [-0.9302344899868699f,-0.14790621226900028f,-0.3358158899249212f,0.7365473328174733f,-0.22145499951405456f,0.9559987971034182f,0.19238999244214322f,0.2173163913742675f,0.2925773506094686f,0.2533426526261532f,-0.9220853011475723f,0.19731073529087773f,0f,0f,0f,1f], start_interpolation: 0, interpolation_duration: 1 }
$data merge entity $(bone_leftlowerleg) { transformation: [-0.9302344899868699f,-0.14790621226900028f,-0.3358158899249212f,0.6240605208739969f,-0.22145499951405456f,0.9559987971034182f,0.19238999244214322f,1.2483176762783537f,0.2925773506094686f,0.2533426526261532f,-0.9220853011475723f,0.6200371129461484f,0f,0f,0f,1f], start_interpolation: 0, interpolation_duration: 1 }
$data merge entity $(bone_leftleg) { transformation: [-0.9303432683954298f,-0.34855540867757334f,-0.11381334749047806f,0.26629446607418417f,-0.19869888233244443f,0.740135725920727f,-0.6424370211324852f,1.9825546052744496f,0.3081560598319406f,-0.575072373095255f,-0.7578530173532535f,0.12501359514832183f,0f,0f,0f,1f], start_interpolation: 0, interpolation_duration: 1 }
$data merge entity $(bone_rightfoot) { transformation: [-0.9579674004000011f,0.07708578880901668f,0.27629788218256196f,-0.7493165301860899f,0.13748979712279452f,0.9687457401970563f,0.2064381908481166f,0.22037445318038462f,-0.2517449246025026f,0.2357574266204719f,-0.9386533812697782f,0.19139671578537532f,0f,0f,0f,1f], start_interpolation: 0, interpolation_duration: 1 }
$data merge entity $(bone_rightlowerleg) { transformation: [-0.9579674004000011f,0.07708578880901668f,0.27629788218256196f,-0.7062514440202031f,0.13748979712279452f,0.9687457401970563f,0.2064381908481166f,1.2633584338547659f,-0.2517449246025026f,0.2357574266204719f,-0.9386533812697782f,0.5971600963660197f,0f,0f,0f,1f], start_interpolation: 0, interpolation_duration: 1 }
$data merge entity $(bone_rightleg) { transformation: [-0.9261487951860397f,0.37540067810746997f,0.036133237809244656f,-0.3299358961401129f,0.2713928192321186f,0.7299450619163543f,-0.6273217210352313f,1.977248287993098f,-0.2618670405848928f,-0.5711869549108954f,-0.7779343465504116f,0.10303245227968531f,0f,0f,0f,1f], start_interpolation: 0, interpolation_duration: 1 }
data modify entity @s data merge value {"locators":{"lefthand":{"posx":1.3947791944698418,"posy":1.945669985828505,"posz":1.0327359621892624,"roty":31.73690615416311,"rotx":-32.078255694428016},"righthand":{"posx":-1.3371335289176651,"posy":2.0294561450997235,"posz":1.4661353049211052,"roty":353.1068959206568,"rotx":-41.05386208262924},"chest":{"posx":-0.4037565742798344,"posy":2.1784418201647835,"posz":0.17980586559962053,"roty":357.8351053583327,"rotx":48.16968424509984},"sack":{"posx":0,"posy":-0.4375,"posz":0,"roty":0,"rotx":0}},"cameras":{}}