# This file was generated by Animated Java via MC-Build. It is not recommended to edit this file directly.
$data merge entity $(bone_nose) { transformation: [-0.9503048598249446f,-0.09915942888874724f,0.2951068976753166f,-0.8439284213497839f,-0.03116171136578616f,0.9734554087355154f,0.22674548495686925f,2.564263440498267f,-0.3097573584886204f,0.20628130033046582f,-0.9281693832464657f,1.3118431269812056f,0f,0f,0f,1f], start_interpolation: 0, interpolation_duration: 1 }
$data merge entity $(bone_glowing_eye) { transformation: [-0.9503048598249446f,-0.09915942888874724f,0.2951068976753166f,-0.9797283674702211f,-0.03116171136578616f,0.9734554087355154f,0.22674548495686925f,2.618366641660636f,-0.3097573584886204f,0.20628130033046582f,-0.9281693832464657f,1.3194794279723159f,0f,0f,0f,1f], start_interpolation: 0, interpolation_duration: 1 }
$data merge entity $(bone_head) { transformation: [-0.9503048598249446f,-0.09915942888874724f,0.2951068976753166f,-0.7764242828196253f,-0.03116171136578616f,0.9734554087355154f,0.22674548495686925f,2.4865234344613567f,-0.3097573584886204f,0.20628130033046582f,-0.9281693832464657f,1.1125677987856464f,0f,0f,0f,1f], start_interpolation: 0, interpolation_duration: 1 }
$data merge entity $(bone_leftthumb2) { transformation: [-0.2581212189470201f,0.09197094039606638f,0.9617248995695016f,0.08013114030003268f,-0.9335344505595209f,-0.28007093173733955f,-0.22377154156485707f,2.1626492430421793f,0.2487707095858323f,-0.9555635087833997f,0.15815029160175387f,3.237614708370791f,0f,0f,0f,1f], start_interpolation: 0, interpolation_duration: 1 }
$data merge entity $(bone_leftthumb) { transformation: [-0.2581212189470201f,0.09197094039606638f,0.9617248995695016f,0.18487292925507567f,-0.9335344505595209f,-0.28007093173733955f,-0.22377154156485707f,2.074840991052306f,0.2487707095858323f,-0.9555635087833997f,0.15815029160175387f,3.0167850531125353f,0f,0f,0f,1f], start_interpolation: 0, interpolation_duration: 1 }
$data merge entity $(bone_leftpointerfinger) { transformation: [-0.24912319415858028f,0.11411770975733171f,0.9617248995695016f,0.2280078274272671f,-0.954391860210982f,-0.19764228886731078f,-0.22377154156485707f,2.2583553050477154f,0.16454121457935195f,-0.9736090971077831f,0.15815029160175387f,3.3105333279899702f,0f,0f,0f,1f], start_interpolation: 0, interpolation_duration: 1 }
$data merge entity $(bone_leftmidfinger) { transformation: [-0.17755406266589144f,0.20870978026644796f,0.9617248995695016f,0.3782773429850017f,-0.948500015361163f,0.22421868353364693f,-0.22377154156485707f,2.2233910016782064f,-0.26234000017288805f,-0.9519276283287349f,0.15815029160175387f,3.3352443110527443f,0f,0f,0f,1f], start_interpolation: 0, interpolation_duration: 1 }
$data merge entity $(bone_leftringfinger) { transformation: [-0.025732761407741542f,0.27280586969191944f,0.9617248995695016f,0.5285468585427364f,-0.6483591731266843f,0.7277064516741418f,-0.22377154156485707f,2.1884266983086977f,-0.7608996041612948f,-0.6293014203491566f,0.15815029160175387f,3.3599552941155184f,0f,0f,0f,1f], start_interpolation: 0, interpolation_duration: 1 }
$data merge entity $(bone_invisibility) { transformation: [0.17544081114196997f,-0.950049450352534f,0.2581212189470203f,0.15961551736897367f,-0.29850815219722654f,0.19851023321313074f,0.9335344505595207f,2.059677698082935f,-0.9381435950096582f,-0.24083132934590634f,-0.24877070958583228f,3.2477208806515745f,0f,0f,0f,1f], start_interpolation: 0, interpolation_duration: 1 }
$data merge entity $(bone_swiftness) { transformation: [0.9617248995695015f,0.09197094039606638f,0.25812121894702034f,0.3140407589874386f,-0.22377154156485726f,-0.28007093173733955f,0.9335344505595209f,2.0070254729134356f,0.15815029160175392f,-0.9555635087833997f,-0.24877070958583228f,3.419730240514084f,0f,0f,0f,1f], start_interpolation: 0, interpolation_duration: 1 }
$data merge entity $(bone_suspicious_stew) { transformation: [0.48979648479085014f,-0.8327501665060364f,0.25812121894702017f,0.3356277982071896f,-0.34840040627933744f,0.08444280030249293f,0.9335344505595211f,2.0308488589647125f,-0.7991974476879415f,-0.5471714298656704f,-0.24877070958583247f,3.3221660998011253f,0f,0f,0f,1f], start_interpolation: 0, interpolation_duration: 1 }
$data merge entity $(bone_log) { transformation: [-0.2581212189470201f,0.09197094039606638f,0.9617248995695016f,0.36800615614773513f,-0.9335344505595209f,-0.28007093173733955f,-0.22377154156485707f,1.8978318467467372f,0.2487707095858323f,-0.9555635087833997f,0.15815029160175387f,3.2334562101457043f,0f,0f,0f,1f], start_interpolation: 0, interpolation_duration: 1 }
$data merge entity $(bone_planks) { transformation: [-0.2581212189470201f,0.09197094039606638f,0.9617248995695016f,0.34380729187145204f,-0.9335344505595209f,-0.28007093173733955f,-0.22377154156485707f,1.8103129920067822f,0.2487707095858323f,-0.9555635087833997f,0.15815029160175387f,3.256778464169376f,0f,0f,0f,1f], start_interpolation: 0, interpolation_duration: 1 }
$data merge entity $(bone_lefthand1) { transformation: [-0.2581212189470201f,0.09197094039606638f,0.9617248995695016f,0.42547529287195984f,-0.9335344505595209f,-0.28007093173733955f,-0.22377154156485707f,2.0681905871261845f,0.2487707095858323f,-0.9555635087833997f,0.15815029160175387f,2.9274304589408415f,0f,0f,0f,1f], start_interpolation: 0, interpolation_duration: 1 }
$data merge entity $(bone_leftforearm) { transformation: [-0.35100689165359444f,0.02920632361923542f,0.9359172787550887f,0.40814026885684135f,-0.9217666931150825f,0.16507456489140426f,-0.35085118139974864f,2.118044648901785f,-0.1647432107109954f,-0.9858485576834621f,-0.03102089357304999f,2.2104981783617053f,0f,0f,0f,1f], start_interpolation: 0, interpolation_duration: 1 }
$data merge entity $(bone_leftelbow) { transformation: [-0.35100689165359444f,0.02920632361923542f,0.9359172787550887f,0.413616454535448f,-0.9217666931150825f,0.16507456489140426f,-0.35085118139974864f,2.1489961298189235f,-0.1647432107109954f,-0.9858485576834621f,-0.03102089357304999f,2.025651573796056f,0f,0f,0f,1f], start_interpolation: 0, interpolation_duration: 1 }
$data merge entity $(bone_leftarm) { transformation: [-0.42802773646004966f,-0.3359436057869258f,0.8390078370025902f,0.05139236888416959f,-0.9030642809201584f,0.1955464470063906f,-0.3824088016630035f,2.0673344480573377f,-0.035597209821046555f,-0.9213595827873371f,-0.3870779738746459f,1.5819778508269908f,0f,0f,0f,1f], start_interpolation: 0, interpolation_duration: 1 }
$data merge entity $(bone_rightthumb2) { transformation: [-0.36698995085779806f,0.40662555099028064f,0.8366445106801587f,-1.4701614995898333f,0.8557979039172414f,0.5000975658729707f,0.13233432003371617f,2.20910848795755f,-0.3645933674934958f,0.764563984169919f,-0.5315200753405014f,-1.3747843939947937f,0f,0f,0f,1f], start_interpolation: 0, interpolation_duration: 1 }
$data merge entity $(bone_rightthumb) { transformation: [-0.36698995085779806f,0.40662555099028064f,0.8366445106801587f,-1.2989420846296498f,0.8557979039172414f,0.5000975658729707f,0.13233432003371617f,2.3430626254104334f,-0.3645933674934958f,0.764563984169919f,-0.5315200753405014f,-1.2327031879454131f,0f,0f,0f,1f], start_interpolation: 0, interpolation_duration: 1 }
$data merge entity $(bone_rightpointerfinger) { transformation: [-0.04666580084909522f,0.4268437808523972f,0.9031205289321818f,-1.3822856669916823f,0.94872238231596f,0.3019130033928916f,-0.0936716588676299f,2.4608543581641227f,-0.31264699634546683f,0.8524393967490678f,-0.41904526073712267f,-1.5505162255145892f,0f,0f,0f,1f], start_interpolation: 0, interpolation_duration: 1 }
$data merge entity $(bone_rightmidfinger) { transformation: [0.10213766240384764f,0.41706259499016973f,0.9031205289321818f,-1.241173084346029f,0.9947677505290549f,-0.040776743768363245f,-0.0936716588676299f,2.4462181614660556f,-0.002240630724151371f,0.9079625812927066f,-0.41904526073712267f,-1.6159920475047647f,0f,0f,0f,1f], start_interpolation: 0, interpolation_duration: 1 }
$data merge entity $(bone_rightringfinger) { transformation: [0.2539658411553918f,0.3462292040650109f,0.9031205289321818f,-1.1000605017003755f,0.9034409800501385f,-0.41835393614860594f,-0.0936716588676299f,2.4315819647679886f,0.34539216420220037f,0.8397054973986279f,-0.41904526073712267f,-1.68146786949494f,0f,0f,0f,1f], start_interpolation: 0, interpolation_duration: 1 }
$data merge entity $(bone_hugeasssword) { transformation: [0.4000391777484033f,1.6334951637114983f,3.5372220716510454f,-1.197698819579238f,3.896173689572132f,-0.15970891309275606f,-0.36688066389821716f,2.175163821323633f,-0.008775803669592871f,3.5561867767297675f,-1.6412606045537306f,-1.4244193984445632f,0f,0f,0f,1f], start_interpolation: 0, interpolation_duration: 1 }
$data merge entity $(bone_ice) { transformation: [0.10213766240384764f,0.41706259499016973f,0.9031205289321818f,-1.2058113236010195f,0.9947677505290549f,-0.040776743768363245f,-0.0936716588676299f,2.1602577118429975f,-0.002240630724151371f,0.9079625812927066f,-0.41904526073712267f,-1.438571303922197f,0f,0f,0f,1f], start_interpolation: 0, interpolation_duration: 1 }
$data merge entity $(bone_righthand1) { transformation: [0.10213766240384764f,0.41706259499016973f,0.9031205289321818f,-1.0477887427233845f,0.9947677505290549f,-0.040776743768363245f,-0.0936716588676299f,2.395828224193557f,-0.002240630724151371f,0.9079625812927066f,-0.41904526073712267f,-1.2252359806780933f,0f,0f,0f,1f], start_interpolation: 0, interpolation_duration: 1 }
$data merge entity $(bone_rightforearm) { transformation: [-0.5608670396682897f,0.051215741827317196f,0.8263202234018039f,-0.9352724318755532f,0.7694943122344337f,0.4004983189135765f,0.4974732153455652f,2.593667967786353f,-0.3054614005935694f,0.9148650415971072f,-0.2640365285541721f,-0.548172555161577f,0f,0f,0f,1f], start_interpolation: 0, interpolation_duration: 1 }
$data merge entity $(bone_rightelbow) { transformation: [-0.5608670396682897f,0.051215741827317196f,0.8263202234018039f,-0.9256694802829313f,0.7694943122344337f,0.4004983189135765f,0.4974732153455652f,2.6687614025826485f,-0.3054614005935694f,0.9148650415971072f,-0.2640365285541721f,-0.3766353598621195f,0f,0f,0f,1f], start_interpolation: 0, interpolation_duration: 1 }
$data merge entity $(bone_rightarm) { transformation: [-0.4514223756559521f,-0.31415197880777657f,0.8351804433583769f,-1.0664651788600106f,0.869041824120383f,0.0575660103428412f,0.4913781256656885f,2.4392835448668237f,-0.20244541656123927f,0.9476258167992081f,0.24702462356813742f,0.134931409237237f,0f,0f,0f,1f], start_interpolation: 0, interpolation_duration: 1 }
$data merge entity $(bone_chest1) { transformation: [-0.7539155101116801f,-0.7114776706991363f,0.31467767448722406f,-0.32308713102407954f,0.22153966047381735f,0.22370969105512048f,1.0365738102403896f,2.4295502711488273f,-0.7457497526391152f,0.7857255305357368f,-0.010188631612946324f,0.6339669775425826f,0f,0f,0f,1f], start_interpolation: 0, interpolation_duration: 1 }
$data merge entity $(bone_chest1lid) { transformation: [-0.6959220093338586f,-0.6567486191068951f,0.2904716995266684f,-0.225506378567903f,0.20449814812967756f,0.2065012532816497f,0.9568373632988212f,1.9838092833332273f,-0.6883843870514911f,0.725285105109911f,-0.009404890719642761f,-0.0930812883530225f,0f,0f,0f,1f], start_interpolation: 0, interpolation_duration: 1 }
$data merge entity $(bone_chest2) { transformation: [-0.6959220093338586f,-0.6567486191068951f,0.2904716995266684f,-0.12288940683245067f,0.20449814812967756f,0.2065012532816497f,0.9568373632988212f,1.9515434625079695f,-0.6883843870514911f,0.725285105109911f,-0.009404890719642761f,-0.20640708602644608f,0f,0f,0f,1f], start_interpolation: 0, interpolation_duration: 1 }
$data merge entity $(bone_chest1lid3) { transformation: [-0.6959220093338586f,-0.6567486191068951f,0.2904716995266684f,0.004072179524735126f,0.20449814812967756f,0.2065012532816497f,0.9568373632988212f,2.58400208493843f,-0.6883843870514911f,0.725285105109911f,-0.009404890719642761f,-0.056082272279575476f,0f,0f,0f,1f], start_interpolation: 0, interpolation_duration: 1 }
$data merge entity $(bone_chest3) { transformation: [-0.6959220093338586f,-0.6567486191068951f,0.2904716995266684f,0.10668915126018748f,0.20449814812967756f,0.2065012532816497f,0.9568373632988212f,2.5517362641131722f,-0.6883843870514911f,0.725285105109911f,-0.009404890719642761f,-0.16940806995299906f,0f,0f,0f,1f], start_interpolation: 0, interpolation_duration: 1 }
$data merge entity $(bone_hugeasssword2) { transformation: [-1.1376808231461186f,0.27179547646401075f,-3.737925539841189f,-1.8655701317948323f,-3.747613006253716f,-0.04410803304464494f,1.1374220916426292f,3.1746016519141143f,0.03683582198526704f,3.90697574578758f,0.2728762023776281f,0.624898819940876f,0f,0f,0f,1f], start_interpolation: 0, interpolation_duration: 1 }
$data merge entity $(bone_belt) { transformation: [-0.6959220093338586f,-0.6567486191068951f,0.2904716995266684f,-0.07721841316606791f,0.20449814812967756f,0.2065012532816497f,0.9568373632988212f,2.2154924039180153f,-0.6883843870514911f,0.725285105109911f,-0.009404890719642761f,0.36834337676835516f,0f,0f,0f,1f], start_interpolation: 0, interpolation_duration: 1 }
$data merge entity $(bone_torn_part) { transformation: [-0.5663916843761604f,-0.7193843651779976f,0.40210271698533095f,0.05549778855835874f,0.18334130329018267f,0.36569475875428237f,0.9124983889999502f,2.1128207805814427f,-0.8034839303790668f,0.5905535357248288f,-0.07523360330005693f,0.06652733103530212f,0f,0f,0f,1f], start_interpolation: 0, interpolation_duration: 1 }
$data merge entity $(bone_lowerbody) { transformation: [-0.5663916843761604f,-0.5651744441795945f,0.5998152278125509f,0.3024245441466458f,0.18334130329018267f,0.6231628478343338f,0.7602986463139731f,1.6837206249999999f,-0.8034839303790668f,0.5405977365151369f,-0.24933443584334194f,-0.08390852488092881f,0f,0f,0f,1f], start_interpolation: 0, interpolation_duration: 1 }
$data merge entity $(bone_leftfoot) { transformation: [-0.9709210670859986f,-0.0027774920719499385f,0.23930977172992474f,0.3113483581657199f,0.06921304026665749f,0.9539740510645109f,0.29184176018531677f,0.1839559421862187f,-0.22909240694445604f,0.2999377279782228f,-0.9260458308461686f,0.15629615744953662f,0f,0f,0f,1f], start_interpolation: 0, interpolation_duration: 1 }
$data merge entity $(bone_leftlowerleg) { transformation: [-0.9709210670859986f,-0.0027774920719499385f,0.23930977172992474f,0.2714981784523488f,0.06921304026665749f,0.9539740510645109f,0.29184176018531677f,1.1974306954411373f,-0.22909240694445604f,0.2999377279782228f,-0.9260458308461686f,0.6313224648843814f,0f,0f,0f,1f], start_interpolation: 0, interpolation_duration: 1 }
$data merge entity $(bone_leftleg) { transformation: [-0.9355535945210018f,0.3096183666564f,0.1698771540031905f,0.5355714383951866f,-0.021392600964622727f,0.43043293416872996f,-0.9023940313680996f,1.5995237577374495f,-0.35250791268112136f,-0.8478466584895648f,-0.39608934042587585f,-0.12809669553632702f,0f,0f,0f,1f], start_interpolation: 0, interpolation_duration: 1 }
$data merge entity $(bone_rightfoot) { transformation: [-0.7675980622105207f,0.00676506172288005f,0.640887301234262f,-0.38033816947890176f,0.6323925893083578f,0.17054598743950625f,0.7556365678212943f,0.9961463684010738f,-0.10418170440401286f,0.9853259335843841f,-0.135192267797902f,-1.7700656451362786f,0f,0f,0f,1f], start_interpolation: 0, interpolation_duration: 1 }
$data merge entity $(bone_rightlowerleg) { transformation: [-0.7675980622105207f,0.00676506172288005f,0.640887301234262f,-0.47130270908278316f,0.6323925893083578f,0.17054598743950625f,0.7556365678212943f,1.0692455704810184f,-0.10418170440401286f,0.9853259335843841f,-0.135192267797902f,-0.6561979870851264f,0f,0f,0f,1f], start_interpolation: 0, interpolation_duration: 1 }
$data merge entity $(bone_rightleg) { transformation: [-0.75026842085778f,0.6444541989644776f,0.14750238120559236f,0.12974526965648447f,0.6078536300848517f,0.7601687617846049f,-0.22943304826978084f,1.7184573723436425f,-0.25998319398807607f,-0.08247568819909445f,-0.9620933031677941f,-0.6937941609772005f,0f,0f,0f,1f], start_interpolation: 0, interpolation_duration: 1 }
data modify entity @s data merge value {"locators":{"lefthand":{"posx":0.36999283914980213,"posy":2.010727673365623,"posz":3.2823162569394584,"roty":99.33839351350093,"rotx":-12.930650907613797},"righthand":{"posx":-1.2168637790619456,"posy":2.255617944746284,"posz":-1.4464206961862671,"roty":65.10883897977163,"rotx":-5.374870535213539},"chest":{"posx":-0.25159335571644714,"posy":1.8277876841167358,"posz":-0.15845410534280685,"roty":88.14552549448013,"rotx":73.10468738678607},"sack":{"posx":0,"posy":-0.4375,"posz":0,"roty":0,"rotx":0}},"cameras":{}}