# This file was generated by Animated Java via MC-Build. It is not recommended to edit this file directly.
$data merge entity $(bone_nose) { transformation: [-0.9893668985377098f,-0.0955591199750747f,-0.10964303291802216f,-0.10995274332693533f,-0.12122968641327121f,0.9583210467715022f,0.25869699350188136f,3.604981833707677f,0.08035236903796375f,0.2692382326200382f,-0.9597157239962392f,0.7584757732572496f,0f,0f,0f,1f], start_interpolation: 0, interpolation_duration: 1 }
$data merge entity $(bone_glowing_eye) { transformation: [-0.9893668985377098f,-0.0955591199750747f,-0.10964303291802216f,-0.23626767232374146f,-0.12122968641327121f,0.9583210467715022f,0.25869699350188136f,3.645686850857085f,0.08035236903796375f,0.2692382326200382f,-0.9597157239962392f,0.820239315307188f,0f,0f,0f,1f], start_interpolation: 0, interpolation_duration: 1 }
$data merge entity $(bone_head) { transformation: [-0.9893668985377098f,-0.0955591199750747f,-0.10964303291802216f,-0.1186846079437273f,-0.12122968641327121f,0.9583210467715022f,0.25869699350188136f,3.5350936511237983f,0.08035236903796375f,0.2692382326200382f,-0.9597157239962392f,0.5455195097658885f,0f,0f,0f,1f], start_interpolation: 0, interpolation_duration: 1 }
$data merge entity $(bone_leftthumb2) { transformation: [-0.0833591357955534f,0.526153143097775f,0.8462943486091294f,-0.10927278245306488f,-0.9520640035482352f,-0.2928753006190488f,0.08830736908666217f,2.6751386381916977f,0.2943219115647434f,-0.7983651597456104f,0.5253452998526219f,2.7233492430973434f,0f,0f,0f,1f], start_interpolation: 0, interpolation_duration: 1 }
$data merge entity $(bone_leftthumb) { transformation: [-0.0833591357955534f,0.526153143097775f,0.8462943486091294f,0.09208452903935588f,-0.9520640035482352f,-0.2928753006190488f,0.08830736908666217f,2.610859694273354f,0.2943219115647434f,-0.7983651597456104f,0.5253452998526219f,2.572450871370586f,0f,0f,0f,1f], start_interpolation: 0, interpolation_duration: 1 }
$data merge entity $(bone_leftpointerfinger) { transformation: [-0.0833591357955534f,0.526153143097775f,0.8462943486091294f,-0.03177201797090992f,-0.9520640035482352f,-0.2928753006190488f,0.08830736908666217f,2.815230810603005f,0.2943219115647434f,-0.7983651597456104f,0.5253452998526219f,2.826848541265312f,0f,0f,0f,1f], start_interpolation: 0, interpolation_duration: 1 }
$data merge entity $(bone_leftmidfinger) { transformation: [-0.0833591357955534f,0.526153143097775f,0.8462943486091294f,0.10046147399926655f,-0.9520640035482352f,-0.2928753006190488f,0.08830736908666217f,2.8290288370227956f,0.2943219115647434f,-0.7983651597456104f,0.5253452998526219f,2.9089337443672845f,0f,0f,0f,1f], start_interpolation: 0, interpolation_duration: 1 }
$data merge entity $(bone_leftringfinger) { transformation: [-0.0833591357955534f,0.526153143097775f,0.8462943486091294f,0.23269496596944303f,-0.9520640035482352f,-0.2928753006190488f,0.08830736908666217f,2.842826863442587f,0.2943219115647434f,-0.7983651597456104f,0.5253452998526219f,2.991018947469257f,0f,0f,0f,1f], start_interpolation: 0, interpolation_duration: 1 }
$data merge entity $(bone_invisibility) { transformation: [0.5979103840744849f,-0.7972166751237204f,0.08335913579555361f,-0.0163005543002923f,-0.28406432733588305f,-0.1134970972444606f,0.952064003548235f,2.601925968648544f,-0.7495402794720999f,-0.5929283108620816f,-0.2943219115647433f,2.7782956697161314f,0f,0f,0f,1f], start_interpolation: 0, interpolation_duration: 1 }
$data merge entity $(bone_swiftness) { transformation: [0.8462943486091294f,0.526153143097775f,0.0833591357955536f,0.0667880173646592f,0.08830736908666197f,-0.2928753006190488f,0.9520640035482352f,2.6085573898220074f,0.525345299852622f,-0.7983651597456104f,-0.2943219115647433f,3.00023923339039f,0f,0f,0f,1f], start_interpolation: 0, interpolation_duration: 1 }
$data merge entity $(bone_suspicious_stew) { transformation: [0.8345161372934902f,-0.5446412315241762f,0.08335913579555347f,0.11771620748121128f,-0.22811485875944418f,-0.20380810671036853f,0.9520640035482354f,2.6322121300688113f,-0.5015440437388441f,-0.8135282321855608f,-0.2943219115647436f,2.9142212803015735f,0f,0f,0f,1f], start_interpolation: 0, interpolation_duration: 1 }
$data merge entity $(bone_log) { transformation: [-0.0833591357955534f,0.526153143097775f,0.8462943486091294f,0.21534047897865294f,-0.9520640035482352f,-0.2928753006190488f,0.08830736908666217f,2.51048612508472f,0.2943219115647434f,-0.7983651597456104f,0.5253452998526219f,2.8666438754731582f,0f,0f,0f,1f], start_interpolation: 0, interpolation_duration: 1 }
$data merge entity $(bone_planks) { transformation: [-0.0833591357955534f,0.526153143097775f,0.8462943486091294f,0.20752555999781985f,-0.9520640035482352f,-0.2928753006190488f,0.08830736908666217f,2.421230124752073f,0.2943219115647434f,-0.7983651597456104f,0.5253452998526219f,2.894236554682353f,0f,0f,0f,1f], start_interpolation: 0, interpolation_duration: 1 }
$data merge entity $(bone_lefthand1) { transformation: [-0.0833591357955534f,0.526153143097775f,0.8462943486091294f,0.3412718503079497f,-0.9520640035482352f,-0.2928753006190488f,0.08830736908666217f,2.6725236955330587f,0.2943219115647434f,-0.7983651597456104f,0.5253452998526219f,2.5770550670251753f,0f,0f,0f,1f], start_interpolation: 0, interpolation_duration: 1 }
$data merge entity $(bone_leftforearm) { transformation: [0.32300778995943435f,0.41557884990739363f,0.8502706552240703f,0.6589222097897991f,-0.8615698307692534f,0.5008931248168424f,0.08248335722713425f,2.946747824462759f,-0.3916163867022956f,-0.7592103114558356f,0.5198425806389575f,1.9841925014061996f,0f,0f,0f,1f], start_interpolation: 0, interpolation_duration: 1 }
$data merge entity $(bone_leftelbow) { transformation: [0.32300778995943435f,0.41557884990739363f,0.8502706552240703f,0.7368432441474354f,-0.8615698307692534f,0.5008931248168424f,0.08248335722713425f,3.0406652853659173f,-0.3916163867022956f,-0.7592103114558356f,0.5198425806389575f,1.8418405680082304f,0f,0f,0f,1f], start_interpolation: 0, interpolation_duration: 1 }
$data merge entity $(bone_leftarm) { transformation: [0.07073563485101081f,-0.5060503632271366f,0.8595984526742168f,0.28237365610896126f,-0.9481911996397121f,0.23346650719551934f,0.21546888161339708f,2.8849224083232747f,-0.30972555414112696f,-0.8303050161811668f,-0.4633180993835275f,1.3827464845178357f,0f,0f,0f,1f], start_interpolation: 0, interpolation_duration: 1 }
$data merge entity $(bone_rightthumb2) { transformation: [0.28529501008448044f,0.327671790925966f,0.9006874900054215f,-0.8718526927779645f,0.7190988670273729f,0.5481026539647419f,-0.4271771297210966f,1.641959529277198f,-0.633643098803139f,0.7695548571402666f,-0.0792574614214906f,-0.7034654822098745f,0f,0f,0f,1f], start_interpolation: 0, interpolation_duration: 1 }
$data merge entity $(bone_rightthumb) { transformation: [0.28529501008448044f,0.327671790925966f,0.9006874900054215f,-0.714523142414665f,0.7190988670273729f,0.5481026539647419f,-0.4271771297210966f,1.7398721048290056f,-0.633643098803139f,0.7695548571402666f,-0.0792574614214906f,-0.5215110696670796f,0f,0f,0f,1f], start_interpolation: 0, interpolation_duration: 1 }
$data merge entity $(bone_rightpointerfinger) { transformation: [0.28529501008448044f,0.327671790925966f,0.9006874900054215f,-0.7486165809902533f,0.7190988670273729f,0.5481026539647419f,-0.4271771297210966f,1.6186534321222672f,-0.633643098803139f,0.7695548571402666f,-0.0792574614214906f,-0.8470411646019552f,0f,0f,0f,1f], start_interpolation: 0, interpolation_duration: 1 }
$data merge entity $(bone_rightmidfinger) { transformation: [0.28529501008448044f,0.327671790925966f,0.9006874900054215f,-0.6078841606769062f,0.7190988670273729f,0.5481026539647419f,-0.4271771297210966f,1.5519070056033457f,-0.633643098803139f,0.7695548571402666f,-0.0792574614214906f,-0.8594251429490631f,0f,0f,0f,1f], start_interpolation: 0, interpolation_duration: 1 }
$data merge entity $(bone_rightringfinger) { transformation: [0.28529501008448044f,0.327671790925966f,0.9006874900054215f,-0.4671517403635591f,0.7190988670273729f,0.5481026539647419f,-0.4271771297210966f,1.4851605790844244f,-0.633643098803139f,0.7695548571402666f,-0.0792574614214906f,-0.871809121296171f,0f,0f,0f,1f], start_interpolation: 0, interpolation_duration: 1 }
$data merge entity $(bone_hugeasssword) { transformation: [1.117405456164215f,1.2833811811267002f,3.527692669187901f,-0.6311805572300943f,2.8164705625238775f,2.146735394695239f,-1.6731104247409618f,1.4789043632876802f,-2.4817688036456276f,3.0140898571327113f,-0.3104250572341715f,-0.5335594666381519f,0f,0f,0f,1f], start_interpolation: 0, interpolation_duration: 1 }
$data merge entity $(bone_ice) { transformation: [0.28529501008448044f,0.327671790925966f,0.9006874900054215f,-0.6407581634958824f,0.7190988670273729f,0.5481026539647419f,-0.4271771297210966f,1.4591043395221783f,-0.633643098803139f,0.7695548571402666f,-0.0792574614214906f,-0.5356830878621696f,0f,0f,0f,1f], start_interpolation: 0, interpolation_duration: 1 }
$data merge entity $(bone_righthand1) { transformation: [0.28529501008448044f,0.327671790925966f,0.9006874900054215f,-0.4593699791806014f,0.7190988670273729f,0.5481026539647419f,-0.4271771297210966f,1.7625554344664227f,-0.633643098803139f,0.7695548571402666f,-0.0792574614214906f,-0.5041819439473092f,0f,0f,0f,1f], start_interpolation: 0, interpolation_duration: 1 }
$data merge entity $(bone_rightforearm) { transformation: [-0.5033450504117774f,0.4051658170766811f,0.7632066698467399f,-0.15495380261417926f,0.2079605267143986f,0.91409421794545f,-0.3481151821558f,2.3977196982608517f,-0.8386871762192596f,-0.016505192858046018f,-0.5443632969388028f,-0.45486353264725027f,0f,0f,0f,1f], start_interpolation: 0, interpolation_duration: 1 }
$data merge entity $(bone_rightelbow) { transformation: [-0.5033450504117774f,0.4051658170766811f,0.7632066698467399f,-0.07898521191230157f,0.2079605267143986f,0.91409421794545f,-0.3481151821558f,2.5691123641256235f,-0.8386871762192596f,-0.016505192858046018f,-0.5443632969388028f,-0.4579582563081339f,0f,0f,0f,1f], start_interpolation: 0, interpolation_duration: 1 }
$data merge entity $(bone_rightarm) { transformation: [-0.24702263864562626f,-0.5151440078002348f,0.8207353210530566f,-0.4537812006330666f,0.3384470645704561f,0.7477750699870811f,0.5712145211647349f,2.803545195504599f,-0.9079831498878126f,0.41887837845050857f,-0.010368393630576955f,0.006193333684286817f,0f,0f,0f,1f], start_interpolation: 0, interpolation_duration: 1 }
$data merge entity $(bone_chest1) { transformation: [-0.3577233092422377f,-0.16411360129371824f,1.0093125734906405f,0.05610722143284749f,0.14762493662730744f,1.0498003287390398f,0.22301851711527948f,2.915931770250294f,-1.011855732415287f,0.21118027076628446f,-0.32428688090718827f,0.3909050140455845f,0f,0f,0f,1f], start_interpolation: 0, interpolation_duration: 1 }
$data merge entity $(bone_chest1lid) { transformation: [-0.33020613160821943f,-0.1514894781172784f,0.9316731447605914f,-0.3176803897616547f,0.13626917227136073f,0.9690464572975753f,0.2058632465679503f,2.219605255329308f,-0.9340206760756496f,0.19493563455349336f,-0.29934173622202f,0.05591483695669047f,0f,0f,0f,1f], start_interpolation: 0, interpolation_duration: 1 }
$data merge entity $(bone_chest2) { transformation: [-0.33020613160821943f,-0.1514894781172784f,0.9316731447605914f,-0.2940101588058299f,0.13626917227136073f,0.9690464572975753f,0.2058632465679503f,2.068191746376562f,-0.9340206760756496f,0.19493563455349336f,-0.29934173622202f,0.02545614405770713f,0f,0f,0f,1f], start_interpolation: 0, interpolation_duration: 1 }
$data merge entity $(bone_chest1lid3) { transformation: [-0.33020613160821943f,-0.1514894781172784f,0.9316731447605914f,0.29981060182611285f,0.13626917227136073f,0.9690464572975753f,0.2058632465679503f,2.342969574394941f,-0.9340206760756496f,0.19493563455349336f,-0.29934173622202f,-0.07747467055581303f,0f,0f,0f,1f], start_interpolation: 0, interpolation_duration: 1 }
$data merge entity $(bone_chest3) { transformation: [-0.33020613160821943f,-0.1514894781172784f,0.9316731447605914f,0.3234808327819376f,0.13626917227136073f,0.9690464572975753f,0.2058632465679503f,2.191556065442195f,-0.9340206760756496f,0.19493563455349336f,-0.29934173622202f,-0.10793336345479637f,0f,0f,0f,1f], start_interpolation: 0, interpolation_duration: 1 }
$data merge entity $(bone_hugeasssword2) { transformation: [-3.649053150312317f,0.5526756999057612f,-1.3111973362950413f,-0.279668449754819f,-0.8062977157244717f,2.170656322342249f,3.1588625961999197f,4.2627471480861105f,1.1724218002029108f,3.212954789409132f,-1.9085665881492488f,-0.6129777658608822f,0f,0f,0f,1f], start_interpolation: 0, interpolation_duration: 1 }
$data merge entity $(bone_belt) { transformation: [-0.33020613160821943f,-0.1514894781172784f,0.9316731447605914f,0.005067771057026438f,0.13626917227136073f,0.9690464572975753f,0.2058632465679503f,2.4986189500297034f,-0.9340206760756496f,0.19493563455349336f,-0.29934173622202f,0.3823563990885524f,0f,0f,0f,1f], start_interpolation: 0, interpolation_duration: 1 }
$data merge entity $(bone_torn_part) { transformation: [-0.4568104539329897f,-0.2855945377937035f,0.8424725331783445f,-0.0205040958627076f,0.14080357861563197f,0.9119095145911555f,0.3854807251305241f,2.227820154951693f,-0.878349908309079f,0.2947147725861804f,-0.37635706635176724f,0.2044787012717574f,0f,0f,0f,1f], start_interpolation: 0, interpolation_duration: 1 }
$data merge entity $(bone_lowerbody) { transformation: [-0.4568104539329897f,-0.019039975085175846f,0.889360269253294f,-0.09166312500000003f,0.14080357861563197f,0.9856198512580338f,0.09342302208301194f,1.7196725000000002f,-0.878349908309079f,0.1679017217149582f,-0.44756055502980296f,0.27121f,0f,0f,0f,1f], start_interpolation: 0, interpolation_duration: 1 }
$data merge entity $(bone_leftfoot) { transformation: [-0.8391342215411548f,-0.4494591773064636f,0.30631865876909725f,0.2549498767170423f,-0.3298735714591067f,0.8683479451905683f,0.370365648019846f,0.2260740650046129f,-0.43243318632319977f,0.209753448039735f,-0.876925695606006f,0.8986290276749171f,0f,0f,0f,1f], start_interpolation: 0, interpolation_duration: 1 }
$data merge entity $(bone_leftlowerleg) { transformation: [-0.8391342215411548f,-0.4494591773064636f,0.30631865876909725f,-0.29073341988305546f,-0.3298735714591067f,0.8683479451905683f,0.370365648019846f,1.1324925052318604f,-0.43243318632319977f,0.209753448039735f,-0.876925695606006f,1.2660600556739428f,0f,0f,0f,1f], start_interpolation: 0, interpolation_duration: 1 }
$data merge entity $(bone_leftleg) { transformation: [-0.7398597843559223f,0.3902010254544329f,0.5480362556447153f,0.044813212377296366f,-0.29811026880854824f,0.5400823266795268f,-0.78706360972448f,1.6330598252666668f,-0.6030736004201338f,-0.7456770348098015f,-0.2832792573528669f,0.5920283426902028f,0f,0f,0f,1f], start_interpolation: 0, interpolation_duration: 1 }
$data merge entity $(bone_rightfoot) { transformation: [-0.38328463993028195f,-0.39679755187434906f,0.8340634631619792f,-0.32152605158231007f,0.24543473813718963f,0.8267947150643273f,0.506135128049882f,0.2811989026763413f,-0.8904130842227046f,0.3986988808490965f,-0.21951307374407153f,-0.5041838024161265f,0f,0f,0f,1f], start_interpolation: 0, interpolation_duration: 1 }
$data merge entity $(bone_rightlowerleg) { transformation: [-0.38328463993028195f,-0.39679755187434906f,0.8340634631619792f,-0.8898735377801028f,0.24543473813718963f,0.8267947150643273f,0.506135128049882f,1.1206588416171503f,-0.8904130842227046f,0.3986988808490965f,-0.21951307374407153f,-0.028150008063081107f,0f,0f,0f,1f], start_interpolation: 0, interpolation_duration: 1 }
$data merge entity $(bone_rightleg) { transformation: [-0.22884167535440303f,0.7548613862308711f,0.6146725015363685f,-0.22374719095209733f,0.2435239267727036f,0.6557380577137175f,-0.7146416757791824f,1.7224447869822872f,-0.9425007081218523f,-0.013852337111434243f,-0.3338936824717489f,0.021580195519247808f,0f,0f,0f,1f], start_interpolation: 0, interpolation_duration: 1 }
data modify entity @s data merge value {"locators":{"lefthand":{"posx":0.16882633445795472,"posy":2.6212432056362513,"posz":2.893214954058892,"roty":121.83033745840534,"rotx":5.066238738986097},"righthand":{"posx":-0.6332048700650154,"posy":1.5246303969896875,"posz":-0.6058730251830697,"roty":84.97111817164614,"rotx":-25.288546635332278},"chest":{"posx":-0.46410516786092404,"posy":2.1311321311054474,"posz":0.0613153599544237,"roty":72.18805820195931,"rotx":11.880037342993186},"sack":{"posx":0,"posy":-0.4375,"posz":0,"roty":0,"rotx":0}},"cameras":{}}