# This file was generated by Animated Java via MC-Build. It is not recommended to edit this file directly.
$data merge entity $(nose) {transformation: [-0.9964f,0.0109f,0.0838f,-0.8023f,0.0284f,0.9771f,0.211f,2.5402f,-0.0796f,0.2126f,-0.9739f,1.2508f,0f,0f,0f,1f],start_interpolation: 0,interpolation_duration: 1}
$data merge entity $(glowing_eye) {transformation: [-0.9964f,0.0109f,0.0838f,-0.929f,0.0284f,0.9771f,0.211f,2.6025f,-0.0796f,0.2126f,-0.9739f,1.2893f,0f,0f,0f,1f],start_interpolation: 0,interpolation_duration: 1}
$data merge entity $(head) {transformation: [-0.9964f,0.0109f,0.0838f,-0.7879f,0.0284f,0.9771f,0.211f,2.459f,-0.0796f,0.2126f,-0.9739f,1.0422f,0f,0f,0f,1f],start_interpolation: 0,interpolation_duration: 1}
$data merge entity $(leftthumb2) {transformation: [-0.497f,-0.562f,0.6611f,1.011f,-0.8641f,0.2514f,-0.436f,1.2539f,0.0788f,-0.788f,-0.6106f,2.55f,0f,0f,0f,1f],start_interpolation: 0,interpolation_duration: 1}
$data merge entity $(leftthumb) {transformation: [-0.497f,-0.562f,0.6611f,0.9296f,-0.8641f,0.2514f,-0.436f,1.2783f,0.0788f,-0.788f,-0.6106f,2.3045f,0f,0f,0f,1f],start_interpolation: 0,interpolation_duration: 1}
$data merge entity $(leftpointerfinger) {transformation: [-0.2748f,-0.6981f,0.6611f,1.1994f,-0.898f,-0.0593f,-0.436f,1.2699f,0.3436f,-0.7135f,-0.6106f,2.5259f,0f,0f,0f,1f],start_interpolation: 0,interpolation_duration: 1}
$data merge entity $(leftmidfinger) {transformation: [-0.497f,-0.562f,0.6611f,1.3027f,-0.8641f,0.2514f,-0.436f,1.2018f,0.0788f,-0.788f,-0.6106f,2.4305f,0f,0f,0f,1f],start_interpolation: 0,interpolation_duration: 1}
$data merge entity $(leftringfinger) {transformation: [-0.6743f,-0.329f,0.6611f,1.406f,-0.7022f,0.5629f,-0.436f,1.1337f,-0.2287f,-0.7582f,-0.6106f,2.3351f,0f,0f,0f,1f],start_interpolation: 0,interpolation_duration: 1}
$data merge entity $(invisibility) {transformation: [-0.5022f,-0.7076f,0.497f,1.0241f,0.2124f,0.4562f,0.8641f,1.149f,-0.8382f,0.5396f,-0.0788f,2.4735f,0f,0f,0f,1f],start_interpolation: 0,interpolation_duration: 1}
$data merge entity $(swiftness) {transformation: [0.6611f,-0.562f,0.497f,1.1982f,-0.436f,0.2514f,0.8641f,0.9882f,-0.6106f,-0.788f,-0.0788f,2.4699f,0f,0f,0f,1f],start_interpolation: 0,interpolation_duration: 1}
$data merge entity $(suspicious_stew) {transformation: [-0.2299f,-0.8367f,0.497f,1.1744f,0.0436f,0.5014f,0.8641f,1.0555f,-0.9722f,0.2204f,-0.0788f,2.396f,0f,0f,0f,1f],start_interpolation: 0,interpolation_duration: 1}
$data merge entity $(log) {transformation: [-0.497f,-0.562f,0.6611f,1.0885f,-0.8641f,0.2514f,-0.436f,0.9854f,0.0788f,-0.788f,-0.6106f,2.2763f,0f,0f,0f,1f],start_interpolation: 0,interpolation_duration: 1}
$data merge entity $(planks) {transformation: [-0.497f,-0.562f,0.6611f,1.0419f,-0.8641f,0.2514f,-0.436f,0.9044f,0.0788f,-0.788f,-0.6106f,2.2837f,0f,0f,0f,1f],start_interpolation: 0,interpolation_duration: 1}
$data merge entity $(lefthand1) {transformation: [-0.497f,-0.562f,0.6611f,1.0516f,-0.8641f,0.2514f,-0.436f,1.2779f,0.0788f,-0.788f,-0.6106f,2.0786f,0f,0f,0f,1f],start_interpolation: 0,interpolation_duration: 1}
$data merge entity $(leftforearm) {transformation: [-0.7459f,-0.4045f,0.5291f,0.6981f,-0.6211f,0.7092f,-0.3335f,1.7367f,-0.2403f,-0.5774f,-0.7803f,1.6514f,0f,0f,0f,1f],start_interpolation: 0,interpolation_duration: 1}
$data merge entity $(leftelbow) {transformation: [-0.7459f,-0.4045f,0.5291f,0.6223f,-0.6211f,0.7092f,-0.3335f,1.8697f,-0.2403f,-0.5774f,-0.7803f,1.5431f,0f,0f,0f,1f],start_interpolation: 0,interpolation_duration: 1}
$data merge entity $(leftarm) {transformation: [-0.7276f,-0.6207f,0.2922f,0.0984f,-0.6774f,0.7173f,-0.1632f,2.0878f,-0.1083f,-0.3167f,-0.9423f,1.4427f,0f,0f,0f,1f],start_interpolation: 0,interpolation_duration: 1}
$data merge entity $(rightthumb2) {transformation: [-0.6769f,0.2967f,0.6736f,-1.5756f,0.609f,0.7397f,0.2862f,1.837f,-0.4134f,0.604f,-0.6814f,-1.2889f,0f,0f,0f,1f],start_interpolation: 0,interpolation_duration: 1}
$data merge entity $(rightthumb) {transformation: [-0.6769f,0.2967f,0.6736f,-1.4453f,0.609f,0.7397f,0.2862f,2.0429f,-0.4134f,0.604f,-0.6814f,-1.1991f,0f,0f,0f,1f],start_interpolation: 0,interpolation_duration: 1}
$data merge entity $(rightpointerfinger) {transformation: [-0.1998f,0.5273f,0.8259f,-1.6f,0.9758f,0.1837f,0.1188f,2.0651f,-0.0891f,0.8296f,-0.5512f,-1.5111f,0f,0f,0f,1f],start_interpolation: 0,interpolation_duration: 1}
$data merge entity $(rightmidfinger) {transformation: [-0.1531f,0.5427f,0.8259f,-1.4709f,0.9881f,0.0979f,0.1188f,2.0836f,-0.0164f,0.8342f,-0.5512f,-1.5973f,0f,0f,0f,1f],start_interpolation: 0,interpolation_duration: 1}
$data merge entity $(rightringfinger) {transformation: [-0.1293f,0.5488f,0.8259f,-1.3419f,0.9914f,0.0547f,0.1188f,2.1022f,0.02f,0.8341f,-0.5512f,-1.6834f,0f,0f,0f,1f],start_interpolation: 0,interpolation_duration: 1}
$data merge entity $(hugeasssword) {transformation: [-0.9595f,1.9891f,3.2347f,-1.3156f,3.7446f,1.0498f,0.4653f,1.8823f,-0.6307f,3.2065f,-2.1589f,-1.3796f,0f,0f,0f,1f],start_interpolation: 0,interpolation_duration: 1}
$data merge entity $(whey) {transformation: [0f,0f,0f,-1.4373f,0f,0f,0f,1.6761f,0f,0f,0f,-1.3511f,0f,0f,0f,1f],start_interpolation: 0,interpolation_duration: 1}
$data merge entity $(ice) {transformation: [-0.245f,0.5079f,0.8259f,-1.3197f,0.9561f,0.268f,0.1188f,1.8631f,-0.161f,0.8187f,-0.5512f,-1.3899f,0f,0f,0f,1f],start_interpolation: 0,interpolation_duration: 1}
$data merge entity $(righthand1) {transformation: [-0.245f,0.5079f,0.8259f,-1.2282f,0.9561f,0.268f,0.1188f,2.1729f,-0.161f,0.8187f,-0.5512f,-1.2427f,0f,0f,0f,1f],start_interpolation: 0,interpolation_duration: 1}
$data merge entity $(rightforearm) {transformation: [-0.5808f,0.0833f,0.8098f,-1.0988f,0.743f,0.4608f,0.4854f,2.4349f,-0.3327f,0.8836f,-0.3295f,-0.5944f,0f,0f,0f,1f],start_interpolation: 0,interpolation_duration: 1}
$data merge entity $(rightelbow) {transformation: [-0.5808f,0.0833f,0.8098f,-1.0831f,0.743f,0.4608f,0.4854f,2.5213f,-0.3327f,0.8836f,-0.3295f,-0.4288f,0f,0f,0f,1f],start_interpolation: 0,interpolation_duration: 1}
$data merge entity $(rightarm) {transformation: [-0.4777f,-0.2378f,0.8457f,-1.1736f,0.8443f,0.1417f,0.5168f,2.3419f,-0.2427f,0.9609f,0.1331f,0.1104f,0f,0f,0f,1f],start_interpolation: 0,interpolation_duration: 1}
$data merge entity $(chest1) {transformation: [-0.8322f,-0.6362f,0.2763f,-0.3833f,0.1563f,0.2484f,1.0428f,2.3874f,-0.6758f,0.8409f,-0.099f,0.5236f,0f,0f,0f,1f],start_interpolation: 0,interpolation_duration: 1}
$data merge entity $(chest1lid) {transformation: [-0.7681f,-0.5873f,0.255f,-0.344f,0.1443f,0.2293f,0.9626f,1.9033f,-0.6238f,0.7762f,-0.0914f,-0.1841f,0f,0f,0f,1f],start_interpolation: 0,interpolation_duration: 1}
$data merge entity $(chest2) {transformation: [-0.7681f,-0.5873f,0.255f,-0.2522f,0.1443f,0.2293f,0.9626f,1.8675f,-0.6238f,0.7762f,-0.0914f,-0.3054f,0f,0f,0f,1f],start_interpolation: 0,interpolation_duration: 1}
$data merge entity $(chest1lid3) {transformation: [-0.7681f,-0.5873f,0.255f,-0.1326f,0.1443f,0.2293f,0.9626f,2.5109f,-0.6238f,0.7762f,-0.0914f,-0.2037f,0f,0f,0f,1f],start_interpolation: 0,interpolation_duration: 1}
$data merge entity $(chest3) {transformation: [-0.7681f,-0.5873f,0.255f,-0.0408f,0.1443f,0.2293f,0.9626f,2.4751f,-0.6238f,0.7762f,-0.0914f,-0.325f,0f,0f,0f,1f],start_interpolation: 0,interpolation_duration: 1}
$data merge entity $(hugeasssword2) {transformation: [-0.9989f,0.6642f,-3.7285f,-1.9435f,-3.7702f,0.1901f,1.044f,3.0863f,0.358f,3.8553f,0.5908f,0.6315f,0f,0f,0f,1f],start_interpolation: 0,interpolation_duration: 1}
$data merge entity $(belt) {transformation: [-0.7681f,-0.5873f,0.255f,-0.1581f,0.1443f,0.2293f,0.9626f,2.1655f,-0.6238f,0.7762f,-0.0914f,0.2464f,0f,0f,0f,1f],start_interpolation: 0,interpolation_duration: 1}
$data merge entity $(torn_part) {transformation: [-0.6715f,-0.7365f,0.0812f,-0.058f,0.132f,-0.0112f,0.9912f,2.052f,-0.7291f,0.6763f,0.1047f,-0.0629f,0f,0f,0f,1f],start_interpolation: 0,interpolation_duration: 1}
$data merge entity $(lowerbody) {transformation: [-0.6715f,-0.512f,0.5356f,0.1822f,0.132f,0.6286f,0.7665f,1.6244f,-0.7291f,0.5854f,-0.3545f,-0.2277f,0f,0f,0f,1f],start_interpolation: 0,interpolation_duration: 1}
$data merge entity $(leftfoot) {transformation: [-0.972f,-0.0377f,0.2321f,0.3286f,-0.0502f,0.9976f,-0.0481f,0.1344f,-0.2297f,-0.0583f,-0.9715f,0.5059f,0f,0f,0f,1f],start_interpolation: 0,interpolation_duration: 1}
$data merge entity $(leftlowerleg) {transformation: [-0.972f,-0.0377f,0.2321f,0.2511f,-0.0502f,0.9976f,-0.0481f,1.2485f,-0.2297f,-0.0583f,-0.9715f,0.5905f,0f,0f,0f,1f],start_interpolation: 0,interpolation_duration: 1}
$data merge entity $(leftleg) {transformation: [-0.9349f,0.3398f,0.1028f,0.5349f,0.044f,0.3981f,-0.9163f,1.5631f,-0.3523f,-0.8521f,-0.3872f,-0.1634f,0f,0f,0f,1f],start_interpolation: 0,interpolation_duration: 1}
$data merge entity $(rightfoot) {transformation: [-0.4756f,-0.0525f,0.8781f,-0.2832f,0.0902f,0.99f,0.108f,0.2171f,-0.875f,0.1305f,-0.4662f,-0.2633f,0f,0f,0f,1f],start_interpolation: 0,interpolation_duration: 1}
$data merge entity $(rightlowerleg) {transformation: [-0.4756f,-0.0525f,0.8781f,-0.4763f,0.0902f,0.99f,0.108f,1.2989f,-0.875f,0.1305f,-0.4662f,-0.0469f,0f,0f,0f,1f],start_interpolation: 0,interpolation_duration: 1}
$data merge entity $(rightleg) {transformation: [-0.6051f,0.7416f,0.2898f,0.1905f,0.0728f,0.4139f,-0.9074f,1.6792f,-0.7929f,-0.5279f,-0.3044f,-0.5034f,0f,0f,0f,1f],start_interpolation: 0,interpolation_duration: 1}
$data merge entity $(sack_top) {transformation: [0f,0f,0f,-0.0625f,0f,0f,0f,-1.5625f,0f,0f,0f,0f,0f,0f,0f,1f],start_interpolation: 0,interpolation_duration: 1}
$data merge entity $(sack_main) {transformation: [0f,0f,0f,-0.0625f,0f,0f,0f,-1.5625f,0f,0f,0f,0f,0f,0f,0f,1f],start_interpolation: 0,interpolation_duration: 1}
$data merge entity $(blast_off1) {transformation: [0f,0f,0f,0f,0f,0f,0f,-2.5f,0f,0f,0f,0f,0f,0f,0f,1f],start_interpolation: 0,interpolation_duration: 1}
$data merge entity $(blast_off2) {transformation: [0f,0f,0f,0f,0f,0f,0f,-2.5f,0f,0f,0f,0f,0f,0f,0f,1f],start_interpolation: 0,interpolation_duration: 1}
data modify entity @s data merge value {"cameras":{},"locators":{"soup":{"px":1.0150268969126592,"py":1.1146358431302583,"pz":2.4363348808473155,"ry":80.98698029298987,"rx":59.7847816179776},"lefthand":{"px":1.1686847237377374,"py":1.0536272430124456,"pz":2.339978300971819,"ry":47.27594408026431,"rx":-25.847519449487503},"sword":{"px":-4.408931321409757,"py":1.5086754847932144,"pz":0.6234215134867045,"ry":56.28018125615087,"rx":6.822555180050553},"righthand":{"px":-1.3635272414060873,"py":1.9467315017788533,"pz":-1.4091328315382143,"ry":56.28018125615087,"rx":6.822555180050553},"chest":{"px":-0.371105751884689,"py":1.7430604665909075,"pz":-0.2378357456353341,"ry":70.28532653069472,"rx":74.28084537043522},"sack":{"px":-0.062499375,"py":-1.56248875,"pz":-7.653965954246011e-18,"ry":0,"rx":0}}}
execute on vehicle unless entity @s[tag=aj.transforms_only] at @s run function animated_java:wander/animations/sneak_idle/zzz/frames/0_root_function