# This file was generated by Animated Java via MC-Build. It is not recommended to edit this file directly.
$data merge entity $(bone_nose) {transformation: [-0.9947f,0.0061f,0.1022f,-0.8259f,0.0284f,0.9755f,0.2182f,2.5347f,-0.0984f,0.2199f,-0.9705f,1.2657f,0f,0f,0f,1f],start_interpolation: 0,interpolation_duration: 1}
$data merge entity $(bone_glowing_eye) {transformation: [-0.9947f,0.0038f,0.1023f,-0.9536f,0.0284f,0.9703f,0.2402f,2.5956f,-0.0984f,0.2418f,-0.9653f,1.3034f,0f,0f,0f,1f],start_interpolation: 0,interpolation_duration: 1}
$data merge entity $(bone_head) {transformation: [-0.9947f,0.0038f,0.1023f,-0.8072f,0.0284f,0.9703f,0.2402f,2.4599f,-0.0984f,0.2418f,-0.9653f,1.055f,0f,0f,0f,1f],start_interpolation: 0,interpolation_duration: 1}
$data merge entity $(bone_leftthumb2) {transformation: [-0.4823f,-0.6434f,0.5944f,1.1168f,-0.8753f,0.328f,-0.3553f,1.0677f,0.0336f,-0.6917f,-0.7214f,2.3147f,0f,0f,0f,1f],start_interpolation: 0,interpolation_duration: 1}
$data merge entity $(bone_leftthumb) {transformation: [-0.4823f,-0.6434f,0.5944f,1.0098f,-0.8753f,0.328f,-0.3553f,1.1177f,0.0336f,-0.6917f,-0.7214f,2.0834f,0f,0f,0f,1f],start_interpolation: 0,interpolation_duration: 1}
$data merge entity $(bone_leftpointerfinger) {transformation: [-0.2332f,-0.7696f,0.5944f,1.3015f,-0.9347f,0.0088f,-0.3553f,1.0892f,0.2682f,-0.6385f,-0.7214f,2.2728f,0f,0f,0f,1f],start_interpolation: 0,interpolation_duration: 1}
$data merge entity $(bone_leftmidfinger) {transformation: [-0.4823f,-0.6434f,0.5944f,1.3944f,-0.8753f,0.328f,-0.3553f,1.0337f,0.0336f,-0.6917f,-0.7214f,2.1601f,0f,0f,0f,1f],start_interpolation: 0,interpolation_duration: 1}
$data merge entity $(bone_leftringfinger) {transformation: [-0.6918f,-0.4099f,0.5944f,1.4873f,-0.6832f,0.638f,-0.3553f,0.9782f,-0.2336f,-0.6519f,-0.7214f,2.0474f,0f,0f,0f,1f],start_interpolation: 0,interpolation_duration: 1}
$data merge entity $(bone_invisibility) {transformation: [-0.5892f,-0.6483f,0.4823f,1.1221f,0.2958f,0.3825f,0.8753f,0.9721f,-0.7519f,0.6584f,-0.0336f,2.226f,0f,0f,0f,1f],start_interpolation: 0,interpolation_duration: 1}
$data merge entity $(bone_swiftness) {transformation: [0.5944f,-0.6434f,0.4823f,1.2956f,-0.3553f,0.328f,0.8753f,0.8154f,-0.7214f,-0.6917f,-0.0336f,2.1862f,0f,0f,0f,1f],start_interpolation: 0,interpolation_duration: 1}
$data merge entity $(bone_suspicious_stew) {transformation: [-0.3319f,-0.8107f,0.4823f,1.2638f,0.1471f,0.4606f,0.8753f,0.8901f,-0.9318f,0.3615f,-0.0336f,2.1232f,0f,0f,0f,1f],start_interpolation: 0,interpolation_duration: 1}
$data merge entity $(bone_log) {transformation: [-0.4823f,-0.6434f,0.5944f,1.166f,-0.8753f,0.328f,-0.3553f,0.8324f,0.0336f,-0.6917f,-0.7214f,2.0061f,0f,0f,0f,1f],start_interpolation: 0,interpolation_duration: 1}
$data merge entity $(bone_planks) {transformation: [-0.4823f,-0.6434f,0.5944f,1.1208f,-0.8753f,0.328f,-0.3553f,0.7503f,0.0336f,-0.6917f,-0.7214f,2.0092f,0f,0f,0f,1f],start_interpolation: 0,interpolation_duration: 1}
$data merge entity $(bone_lefthand1) {transformation: [-0.4823f,-0.6434f,0.5944f,1.1071f,-0.8753f,0.328f,-0.3553f,1.1443f,0.0336f,-0.6917f,-0.7214f,1.8473f,0f,0f,0f,1f],start_interpolation: 0,interpolation_duration: 1}
$data merge entity $(bone_leftforearm) {transformation: [-0.774f,-0.4469f,0.4485f,0.7216f,-0.5836f,0.7784f,-0.2316f,1.6549f,-0.2456f,-0.441f,-0.8632f,1.5177f,0f,0f,0f,1f],start_interpolation: 0,interpolation_duration: 1}
$data merge entity $(bone_leftelbow) {transformation: [-0.774f,-0.4469f,0.4485f,0.6378f,-0.5836f,0.7784f,-0.2316f,1.8008f,-0.2456f,-0.441f,-0.8632f,1.435f,0f,0f,0f,1f],start_interpolation: 0,interpolation_duration: 1}
$data merge entity $(bone_leftarm) {transformation: [-0.7441f,-0.6374f,0.1998f,0.1099f,-0.6564f,0.7533f,-0.0413f,2.0311f,-0.1242f,-0.1619f,-0.979f,1.4136f,0f,0f,0f,1f],start_interpolation: 0,interpolation_duration: 1}
$data merge entity $(bone_rightthumb2) {transformation: [-0.6509f,0.2796f,0.7058f,-1.5251f,0.6387f,0.7042f,0.31f,1.8577f,-0.4103f,0.6526f,-0.637f,-1.3253f,0f,0f,0f,1f],start_interpolation: 0,interpolation_duration: 1}
$data merge entity $(bone_rightthumb) {transformation: [-0.6509f,0.2796f,0.7058f,-1.3962f,0.6387f,0.7042f,0.31f,2.0569f,-0.4103f,0.6526f,-0.637f,-1.2196f,0f,0f,0f,1f],start_interpolation: 0,interpolation_duration: 1}
$data merge entity $(bone_rightpointerfinger) {transformation: [-0.2036f,0.4855f,0.8502f,-1.5371f,0.9755f,0.1742f,0.1342f,2.0969f,-0.083f,0.8567f,-0.5091f,-1.5365f,0f,0f,0f,1f],start_interpolation: 0,interpolation_duration: 1}
$data merge entity $(bone_rightmidfinger) {transformation: [-0.1399f,0.5075f,0.8502f,-1.4043f,0.9898f,0.0482f,0.1342f,2.1179f,0.0271f,0.8603f,-0.5091f,-1.616f,0f,0f,0f,1f],start_interpolation: 0,interpolation_duration: 1}
$data merge entity $(bone_rightringfinger) {transformation: [-0.1177f,0.5132f,0.8502f,-1.2715f,0.9909f,0.005f,0.1342f,2.1388f,0.0646f,0.8583f,-0.5091f,-1.6956f,0f,0f,0f,1f],start_interpolation: 0,interpolation_duration: 1}
$data merge entity $(bone_hugeasssword) {transformation: [-0.885f,1.8625f,3.3299f,-1.261f,3.785f,0.859f,0.5254f,1.9036f,-0.4805f,3.3367f,-1.994f,-1.4024f,0f,0f,0f,1f],start_interpolation: 0,interpolation_duration: 1}
$data merge entity $(bone_ice) {transformation: [-0.226f,0.4755f,0.8502f,-1.2649f,0.9664f,0.2193f,0.1342f,1.8851f,-0.1227f,0.8519f,-0.5091f,-1.4138f,0f,0f,0f,1f],start_interpolation: 0,interpolation_duration: 1}
$data merge entity $(bone_righthand1) {transformation: [-0.226f,0.4755f,0.8502f,-1.1759f,0.9664f,0.2193f,0.1342f,2.1857f,-0.1227f,0.8519f,-0.5091f,-1.2474f,0f,0f,0f,1f],start_interpolation: 0,interpolation_duration: 1}
$data merge entity $(bone_rightforearm) {transformation: [-0.5708f,0.0367f,0.8203f,-1.0801f,0.7437f,0.4466f,0.4974f,2.4379f,-0.3481f,0.894f,-0.2822f,-0.5895f,0f,0f,0f,1f],start_interpolation: 0,interpolation_duration: 1}
$data merge entity $(bone_rightelbow) {transformation: [-0.5708f,0.0367f,0.8203f,-1.0732f,0.7437f,0.4466f,0.4974f,2.5217f,-0.3481f,0.894f,-0.2822f,-0.4219f,0f,0f,0f,1f],start_interpolation: 0,interpolation_duration: 1}
$data merge entity $(bone_rightarm) {transformation: [-0.473f,-0.2849f,0.8337f,-1.1878f,0.8443f,0.1237f,0.5213f,2.3326f,-0.2517f,0.9505f,0.182f,0.1093f,0f,0f,0f,1f],start_interpolation: 0,interpolation_duration: 1}
$data merge entity $(bone_chest1) {transformation: [-0.8193f,-0.652f,0.2721f,-0.396f,0.1563f,0.2484f,1.0203f,2.3766f,-0.6914f,0.8288f,-0.0918f,0.5452f,0f,0f,0f,1f],start_interpolation: 0,interpolation_duration: 1}
$data merge entity $(bone_chest1lid) {transformation: [-0.7563f,-0.6018f,0.2567f,-0.3402f,0.1443f,0.2293f,0.9626f,1.9041f,-0.6382f,0.765f,-0.0866f,-0.1627f,0f,0f,0f,1f],start_interpolation: 0,interpolation_duration: 1}
$data merge entity $(bone_chest2) {transformation: [-0.7563f,-0.6018f,0.2567f,-0.2462f,0.1443f,0.2293f,0.9626f,1.8683f,-0.6382f,0.765f,-0.0866f,-0.2822f,0f,0f,0f,1f],start_interpolation: 0,interpolation_duration: 1}
$data merge entity $(bone_chest1lid3) {transformation: [-0.7563f,-0.6018f,0.2567f,-0.1285f,0.1443f,0.2293f,0.9626f,2.5118f,-0.6382f,0.765f,-0.0866f,-0.1783f,0f,0f,0f,1f],start_interpolation: 0,interpolation_duration: 1}
$data merge entity $(bone_chest3) {transformation: [-0.7563f,-0.6018f,0.2567f,-0.0345f,0.1443f,0.2293f,0.9626f,2.476f,-0.6382f,0.765f,-0.0866f,-0.2978f,0f,0f,0f,1f],start_interpolation: 0,interpolation_duration: 1}
$data merge entity $(bone_hugeasssword2) {transformation: [-1.0055f,0.5914f,-3.7389f,-1.9549f,-3.7702f,0.1901f,1.044f,3.0871f,0.3391f,3.8671f,0.5205f,0.6226f,0f,0f,0f,1f],start_interpolation: 0,interpolation_duration: 1}
$data merge entity $(bone_belt) {transformation: [-0.7563f,-0.6018f,0.2567f,-0.1625f,0.1443f,0.2293f,0.9626f,2.1663f,-0.6382f,0.765f,-0.0866f,0.2712f,0f,0f,0f,1f],start_interpolation: 0,interpolation_duration: 1}
$data merge entity $(bone_torn_part) {transformation: [-0.6577f,-0.7051f,0.2652f,-0.0501f,0.132f,0.2387f,0.9621f,2.0621f,-0.7416f,0.6678f,-0.0639f,-0.0404f,0f,0f,0f,1f],start_interpolation: 0,interpolation_duration: 1}
$data merge entity $(bone_lowerbody) {transformation: [-0.6577f,-0.523f,0.5422f,0.1932f,0.132f,0.6286f,0.7665f,1.6345f,-0.7416f,0.5757f,-0.3443f,-0.2006f,0f,0f,0f,1f],start_interpolation: 0,interpolation_duration: 1}
$data merge entity $(bone_leftfoot) {transformation: [-0.9675f,-0.0394f,0.2499f,0.3344f,-0.0502f,0.9981f,-0.0368f,0.1351f,-0.248f,-0.0481f,-0.9676f,0.5054f,0f,0f,0f,1f],start_interpolation: 0,interpolation_duration: 1}
$data merge entity $(bone_leftlowerleg) {transformation: [-0.9675f,-0.0422f,0.2494f,0.2493f,-0.0502f,0.9984f,-0.0255f,1.2467f,-0.248f,-0.0371f,-0.9681f,0.613f,0f,0f,0f,1f],start_interpolation: 0,interpolation_duration: 1}
$data merge entity $(bone_leftleg) {transformation: [-0.9281f,0.3558f,0.1101f,0.5472f,0.044f,0.3981f,-0.9163f,1.5613f,-0.3698f,-0.8455f,-0.3851f,-0.1354f,0f,0f,0f,1f],start_interpolation: 0,interpolation_duration: 1}
$data merge entity $(bone_rightfoot) {transformation: [-0.4512f,-0.0348f,0.8917f,-0.2841f,0.0939f,0.9918f,0.0862f,0.2135f,-0.8875f,0.1226f,-0.4443f,-0.2546f,0f,0f,0f,1f],start_interpolation: 0,interpolation_duration: 1}
$data merge entity $(bone_rightlowerleg) {transformation: [-0.4512f,-0.0449f,0.8913f,-0.4708f,0.0939f,0.9908f,0.0974f,1.2977f,-0.8875f,0.1276f,-0.4428f,-0.0449f,0f,0f,0f,1f],start_interpolation: 0,interpolation_duration: 1}
$data merge entity $(bone_rightleg) {transformation: [-0.5829f,0.7569f,0.2955f,0.2094f,0.0767f,0.4132f,-0.9074f,1.6774f,-0.8089f,-0.5063f,-0.2989f,-0.4819f,0f,0f,0f,1f],start_interpolation: 0,interpolation_duration: 1}
data modify entity @s data merge value {"cameras":{},"locators":{"lefthand":{"posx":1.2521708128010332,"posy":0.8943485415685855,"posz":2.0682250409641116,"roty":39.48801876648426,"rotx":-20.80881066753555},"sword":{"posx":-4.441846954586092,"posy":1.4754629471590133,"posz":0.44661156929505896,"roty":59.0867695137259,"rotx":7.709837631819966},"righthand":{"posx":-1.3067690510215901,"posy":1.9701644300087535,"posz":-1.4306772287985834,"roty":59.0867695137259,"rotx":7.709837631819966},"chest":{"posx":-0.36636364728287846,"posy":1.7439193022191941,"posz":-0.21691703352410444,"roty":71.36532653069473,"rotx":74.28084537043522}}}