# This file was generated by Animated Java via MC-Build. It is not recommended to edit this file directly.
$data merge entity $(bone_nose) {transformation: [-0.9942f,0.0051f,0.1078f,-0.833f,0.0284f,0.9759f,0.2163f,2.5341f,-0.1041f,0.2181f,-0.9704f,1.2697f,0f,0f,0f,1f],start_interpolation: 0,interpolation_duration: 1}
$data merge entity $(bone_glowing_eye) {transformation: [-0.9942f,0.0019f,0.1079f,-0.9609f,0.0284f,0.9692f,0.2448f,2.5947f,-0.1041f,0.2464f,-0.9636f,1.307f,0f,0f,0f,1f],start_interpolation: 0,interpolation_duration: 1}
$data merge entity $(bone_head) {transformation: [-0.9942f,0.0019f,0.1079f,-0.813f,0.0284f,0.9692f,0.2448f,2.4602f,-0.1041f,0.2464f,-0.9636f,1.0588f,0f,0f,0f,1f],start_interpolation: 0,interpolation_duration: 1}
$data merge entity $(bone_leftthumb2) {transformation: [-0.4796f,-0.6576f,0.581f,1.1325f,-0.8772f,0.3429f,-0.336f,1.032f,0.0218f,-0.6708f,-0.7413f,2.267f,0f,0f,0f,1f],start_interpolation: 0,interpolation_duration: 1}
$data merge entity $(bone_leftthumb) {transformation: [-0.4796f,-0.6576f,0.581f,1.0209f,-0.8772f,0.3429f,-0.336f,1.0874f,0.0218f,-0.6708f,-0.7413f,2.0391f,0f,0f,0f,1f],start_interpolation: 0,interpolation_duration: 1}
$data merge entity $(bone_leftpointerfinger) {transformation: [-0.2258f,-0.782f,0.581f,1.3163f,-0.9416f,0.0222f,-0.336f,1.055f,0.2499f,-0.6229f,-0.7413f,2.2221f,0f,0f,0f,1f],start_interpolation: 0,interpolation_duration: 1}
$data merge entity $(bone_leftmidfinger) {transformation: [-0.4796f,-0.6576f,0.581f,1.4071f,-0.8772f,0.3429f,-0.336f,1.0025f,0.0218f,-0.6708f,-0.7413f,2.1063f,0f,0f,0f,1f],start_interpolation: 0,interpolation_duration: 1}
$data merge entity $(bone_leftringfinger) {transformation: [-0.6948f,-0.424f,0.581f,1.4979f,-0.6792f,0.6525f,-0.336f,0.95f,-0.2366f,-0.6281f,-0.7413f,1.9904f,0f,0f,0f,1f],start_interpolation: 0,interpolation_duration: 1}
$data merge entity $(bone_invisibility) {transformation: [-0.6044f,-0.6361f,0.4796f,1.1363f,0.3123f,0.3647f,0.8772f,0.9386f,-0.7329f,0.68f,-0.0218f,2.176f,0f,0f,0f,1f],start_interpolation: 0,interpolation_duration: 1}
$data merge entity $(bone_swiftness) {transformation: [0.581f,-0.6576f,0.4796f,1.3093f,-0.336f,0.3429f,0.8772f,0.7834f,-0.7413f,-0.6708f,-0.0218f,2.1289f,0f,0f,0f,1f],start_interpolation: 0,interpolation_duration: 1}
$data merge entity $(bone_suspicious_stew) {transformation: [-0.3504f,-0.8045f,0.4796f,1.2761f,0.1688f,0.4495f,0.8772f,0.8595f,-0.9213f,0.3883f,-0.0218f,2.0684f,0f,0f,0f,1f],start_interpolation: 0,interpolation_duration: 1}
$data merge entity $(bone_log) {transformation: [-0.4796f,-0.6576f,0.581f,1.1761f,-0.8772f,0.3429f,-0.336f,0.8044f,0.0218f,-0.6708f,-0.7413f,1.9518f,0f,0f,0f,1f],start_interpolation: 0,interpolation_duration: 1}
$data merge entity $(bone_planks) {transformation: [-0.4796f,-0.6576f,0.581f,1.1312f,-0.8772f,0.3429f,-0.336f,0.7221f,0.0218f,-0.6708f,-0.7413f,1.9539f,0f,0f,0f,1f],start_interpolation: 0,interpolation_duration: 1}
$data merge entity $(bone_lefthand1) {transformation: [-0.4796f,-0.6576f,0.581f,1.1135f,-0.8772f,0.3429f,-0.336f,1.1199f,0.0218f,-0.6708f,-0.7413f,1.8019f,0f,0f,0f,1f],start_interpolation: 0,interpolation_duration: 1}
$data merge entity $(bone_leftforearm) {transformation: [-0.7792f,-0.4534f,0.4328f,0.723f,-0.5757f,0.7906f,-0.2084f,1.6397f,-0.2477f,-0.4115f,-0.8771f,1.4933f,0f,0f,0f,1f],start_interpolation: 0,interpolation_duration: 1}
$data merge entity $(bone_leftelbow) {transformation: [-0.7792f,-0.4534f,0.4328f,0.638f,-0.5757f,0.7906f,-0.2084f,1.788f,-0.2477f,-0.4115f,-0.8771f,1.4161f,0f,0f,0f,1f],start_interpolation: 0,interpolation_duration: 1}
$data merge entity $(bone_leftarm) {transformation: [-0.7473f,-0.639f,0.1824f,0.1102f,-0.6519f,0.7582f,-0.0147f,2.0194f,-0.1289f,-0.1299f,-0.9831f,1.4104f,0f,0f,0f,1f],start_interpolation: 0,interpolation_duration: 1}
$data merge entity $(bone_rightthumb2) {transformation: [-0.6454f,0.2701f,0.7145f,-1.5077f,0.642f,0.6986f,0.3159f,1.8623f,-0.4138f,0.6626f,-0.6242f,-1.334f,0f,0f,0f,1f],start_interpolation: 0,interpolation_duration: 1}
$data merge entity $(bone_rightthumb) {transformation: [-0.6454f,0.2701f,0.7145f,-1.3804f,0.642f,0.6986f,0.3159f,2.0607f,-0.4138f,0.6626f,-0.6242f,-1.2248f,0f,0f,0f,1f],start_interpolation: 0,interpolation_duration: 1}
$data merge entity $(bone_rightpointerfinger) {transformation: [-0.2048f,0.4725f,0.8572f,-1.5168f,0.9755f,0.1707f,0.139f,2.1034f,-0.0807f,0.8647f,-0.4958f,-1.5433f,0f,0f,0f,1f],start_interpolation: 0,interpolation_duration: 1}
$data merge entity $(bone_rightmidfinger) {transformation: [-0.1408f,0.4953f,0.8572f,-1.3829f,0.9895f,0.0408f,0.139f,2.1251f,0.0338f,0.8678f,-0.4958f,-1.6207f,0f,0f,0f,1f],start_interpolation: 0,interpolation_duration: 1}
$data merge entity $(bone_rightringfinger) {transformation: [-0.1191f,0.501f,0.8572f,-1.2489f,0.9903f,-0.0024f,0.139f,2.1468f,0.0717f,0.8654f,-0.4958f,-1.6982f,0f,0f,0f,1f],start_interpolation: 0,interpolation_duration: 1}
$data merge entity $(bone_hugeasssword) {transformation: [-0.8801f,1.8148f,3.3574f,-1.2425f,3.7887f,0.8304f,0.5443f,1.9091f,-0.4596f,3.3701f,-1.9421f,-1.407f,0f,0f,0f,1f],start_interpolation: 0,interpolation_duration: 1}
$data merge entity $(bone_ice) {transformation: [-0.2247f,0.4633f,0.8572f,-1.2462f,0.9673f,0.212f,0.139f,1.8906f,-0.1174f,0.8604f,-0.4958f,-1.4186f,0f,0f,0f,1f],start_interpolation: 0,interpolation_duration: 1}
$data merge entity $(bone_righthand1) {transformation: [-0.2247f,0.4633f,0.8572f,-1.1597f,0.9673f,0.212f,0.139f,2.1898f,-0.1174f,0.8604f,-0.4958f,-1.2484f,0f,0f,0f,1f],start_interpolation: 0,interpolation_duration: 1}
$data merge entity $(bone_rightforearm) {transformation: [-0.5676f,0.0223f,0.823f,-1.0743f,0.7439f,0.4422f,0.501f,2.4389f,-0.3528f,0.8966f,-0.2676f,-0.5879f,0f,0f,0f,1f],start_interpolation: 0,interpolation_duration: 1}
$data merge entity $(bone_rightelbow) {transformation: [-0.5676f,0.0223f,0.823f,-1.0701f,0.7439f,0.4422f,0.501f,2.5219f,-0.3528f,0.8966f,-0.2676f,-0.4198f,0f,0f,0f,1f],start_interpolation: 0,interpolation_duration: 1}
$data merge entity $(bone_rightarm) {transformation: [-0.4716f,-0.2992f,0.8295f,-1.1921f,0.8443f,0.1182f,0.5226f,2.3298f,-0.2544f,0.9468f,0.1969f,0.1087f,0f,0f,0f,1f],start_interpolation: 0,interpolation_duration: 1}
$data merge entity $(bone_chest1) {transformation: [-0.8153f,-0.6567f,0.2708f,-0.3995f,0.1563f,0.2484f,1.0134f,2.3745f,-0.696f,0.825f,-0.0896f,0.5516f,0f,0f,0f,1f],start_interpolation: 0,interpolation_duration: 1}
$data merge entity $(bone_chest1lid) {transformation: [-0.7526f,-0.6062f,0.2572f,-0.3391f,0.1443f,0.2293f,0.9626f,1.9045f,-0.6425f,0.7615f,-0.0851f,-0.1562f,0f,0f,0f,1f],start_interpolation: 0,interpolation_duration: 1}
$data merge entity $(bone_chest2) {transformation: [-0.7526f,-0.6062f,0.2572f,-0.2443f,0.1443f,0.2293f,0.9626f,1.8687f,-0.6425f,0.7615f,-0.0851f,-0.2752f,0f,0f,0f,1f],start_interpolation: 0,interpolation_duration: 1}
$data merge entity $(bone_chest1lid3) {transformation: [-0.7526f,-0.6062f,0.2572f,-0.1272f,0.1443f,0.2293f,0.9626f,2.5121f,-0.6425f,0.7615f,-0.0851f,-0.1706f,0f,0f,0f,1f],start_interpolation: 0,interpolation_duration: 1}
$data merge entity $(bone_chest3) {transformation: [-0.7526f,-0.6062f,0.2572f,-0.0325f,0.1443f,0.2293f,0.9626f,2.4763f,-0.6425f,0.7615f,-0.0851f,-0.2896f,0f,0f,0f,1f],start_interpolation: 0,interpolation_duration: 1}
$data merge entity $(bone_hugeasssword2) {transformation: [-1.0074f,0.5692f,-3.7418f,-1.9582f,-3.7702f,0.1901f,1.044f,3.0875f,0.3333f,3.8704f,0.499f,0.6198f,0f,0f,0f,1f],start_interpolation: 0,interpolation_duration: 1}
$data merge entity $(bone_belt) {transformation: [-0.7526f,-0.6062f,0.2572f,-0.1639f,0.1443f,0.2293f,0.9626f,2.1667f,-0.6425f,0.7615f,-0.0851f,0.2787f,0f,0f,0f,1f],start_interpolation: 0,interpolation_duration: 1}
$data merge entity $(bone_torn_part) {transformation: [-0.6534f,-0.6937f,0.303f,-0.0477f,0.132f,0.2897f,0.948f,2.0652f,-0.7454f,0.6594f,-0.0977f,-0.0335f,0f,0f,0f,1f],start_interpolation: 0,interpolation_duration: 1}
$data merge entity $(bone_lowerbody) {transformation: [-0.6534f,-0.5263f,0.5441f,0.1966f,0.132f,0.6286f,0.7665f,1.6376f,-0.7454f,0.5727f,-0.3412f,-0.1924f,0f,0f,0f,1f],start_interpolation: 0,interpolation_duration: 1}
$data merge entity $(bone_leftfoot) {transformation: [-0.966f,-0.04f,0.2553f,0.3364f,-0.0502f,0.9982f,-0.0334f,0.1354f,-0.2535f,-0.0451f,-0.9663f,0.5055f,0f,0f,0f,1f],start_interpolation: 0,interpolation_duration: 1}
$data merge entity $(bone_leftlowerleg) {transformation: [-0.966f,-0.0437f,0.2547f,0.2487f,-0.0502f,0.9986f,-0.0188f,1.2461f,-0.2535f,-0.0309f,-0.9668f,0.6198f,0f,0f,0f,1f],start_interpolation: 0,interpolation_duration: 1}
$data merge entity $(bone_leftleg) {transformation: [-0.9259f,0.3606f,0.1123f,0.5509f,0.044f,0.3981f,-0.9163f,1.5608f,-0.3751f,-0.8435f,-0.3845f,-0.1269f,0f,0f,0f,1f],start_interpolation: 0,interpolation_duration: 1}
$data merge entity $(bone_rightfoot) {transformation: [-0.4437f,-0.0294f,0.8957f,-0.2843f,0.095f,0.9923f,0.0796f,0.2125f,-0.8911f,0.1205f,-0.4375f,-0.252f,0f,0f,0f,1f],start_interpolation: 0,interpolation_duration: 1}
$data merge entity $(bone_rightlowerleg) {transformation: [-0.4437f,-0.0425f,0.8952f,-0.469f,0.095f,0.991f,0.0942f,1.2974f,-0.8911f,0.1269f,-0.4357f,-0.0443f,0f,0f,0f,1f],start_interpolation: 0,interpolation_duration: 1}
$data merge entity $(bone_rightleg) {transformation: [-0.5761f,0.7615f,0.2972f,0.2152f,0.0778f,0.413f,-0.9074f,1.6768f,-0.8137f,-0.4996f,-0.2972f,-0.4753f,0f,0f,0f,1f],start_interpolation: 0,interpolation_duration: 1}
data modify entity @s data merge value {"cameras":{},"locators":{"lefthand":{"posx":1.2634081461858881,"posy":0.8650549159224249,"posz":2.0137940200317086,"roty":38.087772630362565,"rotx":-19.636399265564727},"sword":{"posx":-4.448895078043489,"posy":1.4634111134599312,"posz":0.3930927607275809,"roty":59.95341105393952,"rotx":7.987807081695909},"righthand":{"posx":-1.2878962188847434,"posy":1.9758348242914354,"posz":-1.4353394646980098,"roty":59.95341105393952,"rotx":7.987807081695909},"chest":{"posx":-0.36487254995461804,"posy":1.7442558032849829,"posz":-0.21061552281782608,"roty":71.69407653069472,"rotx":74.28084537043523}}}