# This file was generated by Animated Java via MC-Build. It is not recommended to edit this file directly.
$data merge entity $(bone_nose) {transformation: [-0.9964f,0.0105f,0.0845f,-0.8031f,0.0284f,0.9764f,0.2142f,2.5393f,-0.0802f,0.2158f,-0.9731f,1.2516f,0f,0f,0f,1f],start_interpolation: 0,interpolation_duration: 1}
$data merge entity $(bone_glowing_eye) {transformation: [-0.9964f,0.0104f,0.0845f,-0.9299f,0.0284f,0.9762f,0.2149f,2.6015f,-0.0802f,0.2166f,-0.973f,1.2902f,0f,0f,0f,1f],start_interpolation: 0,interpolation_duration: 1}
$data merge entity $(bone_head) {transformation: [-0.9964f,0.0104f,0.0845f,-0.7886f,0.0284f,0.9762f,0.2149f,2.4591f,-0.0802f,0.2166f,-0.973f,1.0427f,0f,0f,0f,1f],start_interpolation: 0,interpolation_duration: 1}
$data merge entity $(bone_leftthumb2) {transformation: [-0.4956f,-0.5666f,0.6583f,1.0167f,-0.865f,0.2537f,-0.4329f,1.2457f,0.0782f,-0.784f,-0.6159f,2.5399f,0f,0f,0f,1f],start_interpolation: 0,interpolation_duration: 1}
$data merge entity $(bone_leftthumb) {transformation: [-0.4956f,-0.5666f,0.6583f,0.934f,-0.865f,0.2537f,-0.4329f,1.271f,0.0782f,-0.784f,-0.6159f,2.295f,0f,0f,0f,1f],start_interpolation: 0,interpolation_duration: 1}
$data merge entity $(bone_leftpointerfinger) {transformation: [-0.2719f,-0.7019f,0.6583f,1.205f,-0.8996f,-0.0574f,-0.4329f,1.262f,0.3416f,-0.7099f,-0.6159f,2.5148f,0f,0f,0f,1f],start_interpolation: 0,interpolation_duration: 1}
$data merge entity $(bone_leftmidfinger) {transformation: [-0.4956f,-0.5666f,0.6583f,1.3078f,-0.865f,0.2537f,-0.4329f,1.1944f,0.0782f,-0.784f,-0.6159f,2.4186f,0f,0f,0f,1f],start_interpolation: 0,interpolation_duration: 1}
$data merge entity $(bone_leftringfinger) {transformation: [-0.6747f,-0.3338f,0.6583f,1.4107f,-0.7021f,0.5655f,-0.4329f,1.1268f,-0.2277f,-0.7542f,-0.6159f,2.3224f,0f,0f,0f,1f],start_interpolation: 0,interpolation_duration: 1}
$data merge entity $(bone_invisibility) {transformation: [-0.5071f,-0.7052f,0.4956f,1.0295f,0.215f,0.4533f,0.865f,1.1411f,-0.8347f,0.5452f,-0.0782f,2.463f,0f,0f,0f,1f],start_interpolation: 0,interpolation_duration: 1}
$data merge entity $(bone_swiftness) {transformation: [0.6583f,-0.5666f,0.4956f,1.2038f,-0.4329f,0.2537f,0.865f,0.9805f,-0.6159f,-0.784f,-0.0782f,2.4578f,0f,0f,0f,1f],start_interpolation: 0,interpolation_duration: 1}
$data merge entity $(bone_suspicious_stew) {transformation: [-0.2353f,-0.8361f,0.4956f,1.1795f,0.047f,0.4996f,0.865f,1.0481f,-0.9708f,0.2268f,-0.0782f,2.3843f,0f,0f,0f,1f],start_interpolation: 0,interpolation_duration: 1}
$data merge entity $(bone_log) {transformation: [-0.4956f,-0.5666f,0.6583f,1.093f,-0.865f,0.2537f,-0.4329f,0.9784f,0.0782f,-0.784f,-0.6159f,2.2648f,0f,0f,0f,1f],start_interpolation: 0,interpolation_duration: 1}
$data merge entity $(bone_planks) {transformation: [-0.4956f,-0.5666f,0.6583f,1.0466f,-0.865f,0.2537f,-0.4329f,0.8973f,0.0782f,-0.784f,-0.6159f,2.2721f,0f,0f,0f,1f],start_interpolation: 0,interpolation_duration: 1}
$data merge entity $(bone_lefthand1) {transformation: [-0.4956f,-0.5666f,0.6583f,1.0547f,-0.865f,0.2537f,-0.4329f,1.2716f,0.0782f,-0.784f,-0.6159f,2.0685f,0f,0f,0f,1f],start_interpolation: 0,interpolation_duration: 1}
$data merge entity $(bone_leftforearm) {transformation: [-0.7472f,-0.4067f,0.5256f,0.6996f,-0.6195f,0.7125f,-0.3294f,1.7328f,-0.2405f,-0.5718f,-0.7844f,1.6452f,0f,0f,0f,1f],start_interpolation: 0,interpolation_duration: 1}
$data merge entity $(bone_leftelbow) {transformation: [-0.7472f,-0.4067f,0.5256f,0.6234f,-0.6195f,0.7125f,-0.3294f,1.8664f,-0.2405f,-0.5718f,-0.7844f,1.538f,0f,0f,0f,1f],start_interpolation: 0,interpolation_duration: 1}
$data merge entity $(bone_leftarm) {transformation: [-0.7283f,-0.6218f,0.288f,0.0991f,-0.6765f,0.7193f,-0.1581f,2.0853f,-0.1088f,-0.31f,-0.9445f,1.4411f,0f,0f,0f,1f],start_interpolation: 0,interpolation_duration: 1}
$data merge entity $(bone_rightthumb2) {transformation: [-0.6743f,0.2991f,0.6752f,-1.5751f,0.6143f,0.7346f,0.288f,1.8391f,-0.4099f,0.609f,-0.6791f,-1.2916f,0f,0f,0f,1f],start_interpolation: 0,interpolation_duration: 1}
$data merge entity $(bone_rightthumb) {transformation: [-0.6743f,0.2991f,0.6752f,-1.4441f,0.6143f,0.7346f,0.288f,2.0439f,-0.4099f,0.609f,-0.6791f,-1.2002f,0f,0f,0f,1f],start_interpolation: 0,interpolation_duration: 1}
$data merge entity $(bone_rightpointerfinger) {transformation: [-0.1996f,0.526f,0.8267f,-1.5985f,0.9759f,0.1829f,0.1192f,2.0687f,-0.0885f,0.8305f,-0.5499f,-1.5123f,0f,0f,0f,1f],start_interpolation: 0,interpolation_duration: 1}
$data merge entity $(bone_rightmidfinger) {transformation: [-0.1492f,0.5425f,0.8267f,-1.4693f,0.9887f,0.0904f,0.1192f,2.0873f,-0.01f,0.8352f,-0.5499f,-1.5982f,0f,0f,0f,1f],start_interpolation: 0,interpolation_duration: 1}
$data merge entity $(bone_rightringfinger) {transformation: [-0.1254f,0.5485f,0.8267f,-1.3401f,0.9917f,0.0471f,0.1192f,2.1059f,0.0264f,0.8348f,-0.5499f,-1.6841f,0f,0f,0f,1f],start_interpolation: 0,interpolation_duration: 1}
$data merge entity $(bone_hugeasssword) {transformation: [-0.9446f,1.9909f,3.2379f,-1.3149f,3.7523f,1.021f,0.4669f,1.8839f,-0.6067f,3.2147f,-2.1536f,-1.3817f,0f,0f,0f,1f],start_interpolation: 0,interpolation_duration: 1}
$data merge entity $(bone_ice) {transformation: [-0.2412f,0.5083f,0.8267f,-1.3191f,0.958f,0.2607f,0.1192f,1.8649f,-0.1549f,0.8208f,-0.5499f,-1.3921f,0f,0f,0f,1f],start_interpolation: 0,interpolation_duration: 1}
$data merge entity $(bone_righthand1) {transformation: [-0.2412f,0.5083f,0.8267f,-1.2265f,0.958f,0.2607f,0.1192f,2.1733f,-0.1549f,0.8208f,-0.5499f,-1.2429f,0f,0f,0f,1f],start_interpolation: 0,interpolation_duration: 1}
$data merge entity $(bone_rightforearm) {transformation: [-0.5804f,0.0818f,0.8102f,-1.0981f,0.743f,0.4603f,0.4858f,2.435f,-0.3332f,0.884f,-0.3279f,-0.5943f,0f,0f,0f,1f],start_interpolation: 0,interpolation_duration: 1}
$data merge entity $(bone_rightelbow) {transformation: [-0.5804f,0.0818f,0.8102f,-1.0828f,0.743f,0.4603f,0.4858f,2.5213f,-0.3332f,0.884f,-0.3279f,-0.4285f,0f,0f,0f,1f],start_interpolation: 0,interpolation_duration: 1}
$data merge entity $(bone_rightarm) {transformation: [-0.4775f,-0.2394f,0.8454f,-1.1741f,0.8443f,0.1411f,0.5169f,2.3416f,-0.243f,0.9606f,0.1348f,0.1104f,0f,0f,0f,1f],start_interpolation: 0,interpolation_duration: 1}
$data merge entity $(bone_chest1) {transformation: [-0.8317f,-0.6368f,0.2762f,-0.3837f,0.1563f,0.2484f,1.0421f,2.3869f,-0.6763f,0.8405f,-0.0988f,0.5244f,0f,0f,0f,1f],start_interpolation: 0,interpolation_duration: 1}
$data merge entity $(bone_chest1lid) {transformation: [-0.7678f,-0.5878f,0.2551f,-0.3438f,0.1443f,0.2293f,0.9626f,1.9033f,-0.6243f,0.7758f,-0.0912f,-0.1834f,0f,0f,0f,1f],start_interpolation: 0,interpolation_duration: 1}
$data merge entity $(bone_chest2) {transformation: [-0.7678f,-0.5878f,0.2551f,-0.252f,0.1443f,0.2293f,0.9626f,1.8675f,-0.6243f,0.7758f,-0.0912f,-0.3046f,0f,0f,0f,1f],start_interpolation: 0,interpolation_duration: 1}
$data merge entity $(bone_chest1lid3) {transformation: [-0.7678f,-0.5878f,0.2551f,-0.1324f,0.1443f,0.2293f,0.9626f,2.511f,-0.6243f,0.7758f,-0.0912f,-0.2028f,0f,0f,0f,1f],start_interpolation: 0,interpolation_duration: 1}
$data merge entity $(bone_chest3) {transformation: [-0.7678f,-0.5878f,0.2551f,-0.0406f,0.1443f,0.2293f,0.9626f,2.4751f,-0.6243f,0.7758f,-0.0912f,-0.324f,0f,0f,0f,1f],start_interpolation: 0,interpolation_duration: 1}
$data merge entity $(bone_hugeasssword2) {transformation: [-0.9991f,0.6617f,-3.7288f,-1.9439f,-3.7702f,0.1901f,1.044f,3.0863f,0.3573f,3.8557f,0.5885f,0.6312f,0f,0f,0f,1f],start_interpolation: 0,interpolation_duration: 1}
$data merge entity $(bone_belt) {transformation: [-0.7678f,-0.5878f,0.2551f,-0.1583f,0.1443f,0.2293f,0.9626f,2.1655f,-0.6243f,0.7758f,-0.0912f,0.2472f,0f,0f,0f,1f],start_interpolation: 0,interpolation_duration: 1}
$data merge entity $(bone_torn_part) {transformation: [-0.6711f,-0.736f,0.0892f,-0.0578f,0.132f,-0.0003f,0.9912f,2.0523f,-0.7295f,0.677f,0.0974f,-0.0622f,0f,0f,0f,1f],start_interpolation: 0,interpolation_duration: 1}
$data merge entity $(bone_lowerbody) {transformation: [-0.6711f,-0.5124f,0.5358f,0.1826f,0.132f,0.6286f,0.7665f,1.6247f,-0.7295f,0.5851f,-0.3542f,-0.2268f,0f,0f,0f,1f],start_interpolation: 0,interpolation_duration: 1}
$data merge entity $(bone_leftfoot) {transformation: [-0.9718f,-0.0377f,0.2327f,0.3288f,-0.0502f,0.9976f,-0.0477f,0.1344f,-0.2303f,-0.058f,-0.9714f,0.5059f,0f,0f,0f,1f],start_interpolation: 0,interpolation_duration: 1}
$data merge entity $(bone_leftlowerleg) {transformation: [-0.9718f,-0.0378f,0.2326f,0.2511f,-0.0502f,0.9976f,-0.0473f,1.2484f,-0.2303f,-0.0576f,-0.9714f,0.5913f,0f,0f,0f,1f],start_interpolation: 0,interpolation_duration: 1}
$data merge entity $(bone_leftleg) {transformation: [-0.9346f,0.3403f,0.103f,0.5353f,0.044f,0.3981f,-0.9163f,1.563f,-0.3528f,-0.8519f,-0.3871f,-0.1625f,0f,0f,0f,1f],start_interpolation: 0,interpolation_duration: 1}
$data merge entity $(bone_rightfoot) {transformation: [-0.4748f,-0.0519f,0.8786f,-0.2832f,0.0903f,0.9901f,0.1073f,0.217f,-0.8755f,0.1302f,-0.4654f,-0.263f,0f,0f,0f,1f],start_interpolation: 0,interpolation_duration: 1}
$data merge entity $(bone_rightlowerleg) {transformation: [-0.4748f,-0.0522f,0.8785f,-0.4762f,0.0903f,0.9901f,0.1076f,1.2988f,-0.8755f,0.1304f,-0.4654f,-0.0468f,0f,0f,0f,1f],start_interpolation: 0,interpolation_duration: 1}
$data merge entity $(bone_rightleg) {transformation: [-0.6043f,0.7421f,0.29f,0.1912f,0.0729f,0.4139f,-0.9074f,1.6791f,-0.7934f,-0.5272f,-0.3042f,-0.5027f,0f,0f,0f,1f],start_interpolation: 0,interpolation_duration: 1}
data modify entity @s data merge value {"cameras":{},"locators":{"lefthand":{"posx":1.173490498147497,"posy":1.0464271162906695,"posz":2.3282937747556955,"roty":46.906722060449596,"rotx":-25.649924812723302},"sword":{"posx":-4.411019851634671,"posy":1.5091804229273236,"posz":0.6167314264543531,"roty":56.370852132186826,"rotx":6.84648195099693},"righthand":{"posx":-1.3625556409912156,"posy":1.9487654007768624,"posz":-1.4108995196684868,"roty":56.370852132186826,"rotx":6.84648195099693},"chest":{"posx":-0.3709514366030296,"posy":1.7430816327302403,"posz":-0.23712740360428147,"roty":70.32157653069474,"rotx":74.28084537043523}}}