# This file was generated by Animated Java via MC-Build. It is not recommended to edit this file directly.
$data merge entity $(nose) {transformation: [-0.9879f,0.0034f,0.1553f,-0.8905f,0.0284f,0.9869f,0.1591f,2.5408f,-0.1527f,0.1616f,-0.975f,1.2967f,0f,0f,0f,1f],start_interpolation: 0,interpolation_duration: 1}
$data merge entity $(glowing_eye) {transformation: [-0.9879f,-0.0091f,0.155f,-1.02f,0.0284f,0.9708f,0.2382f,2.6017f,-0.1527f,0.2397f,-0.9588f,1.3273f,0f,0f,0f,1f],start_interpolation: 0,interpolation_duration: 1}
$data merge entity $(head) {transformation: [-0.9879f,-0.0091f,0.155f,-0.8603f,0.0284f,0.9708f,0.2382f,2.4655f,-0.1527f,0.2397f,-0.9588f,1.0876f,0f,0f,0f,1f],start_interpolation: 0,interpolation_duration: 1}
$data merge entity $(leftthumb2) {transformation: [-0.4863f,-0.6336f,0.6018f,1.0474f,-0.8736f,0.368f,-0.3185f,1.0026f,-0.0196f,-0.6806f,-0.7324f,2.3344f,0f,0f,0f,1f],start_interpolation: 0,interpolation_duration: 1}
$data merge entity $(leftthumb) {transformation: [-0.4863f,-0.6336f,0.6018f,0.9435f,-0.8736f,0.368f,-0.3185f,1.0657f,-0.0196f,-0.6806f,-0.7324f,2.1049f,0f,0f,0f,1f],start_interpolation: 0,interpolation_duration: 1}
$data merge entity $(leftpointerfinger) {transformation: [-0.2403f,-0.7617f,0.6018f,1.2327f,-0.9468f,0.047f,-0.3185f,1.0255f,0.2143f,-0.6463f,-0.7324f,2.296f,0f,0f,0f,1f],start_interpolation: 0,interpolation_duration: 1}
$data merge entity $(leftmidfinger) {transformation: [-0.4863f,-0.6336f,0.6018f,1.3268f,-0.8736f,0.368f,-0.3185f,0.9758f,-0.0196f,-0.6806f,-0.7324f,2.1816f,0f,0f,0f,1f],start_interpolation: 0,interpolation_duration: 1}
$data merge entity $(leftringfinger) {transformation: [-0.6917f,-0.3992f,0.6018f,1.4208f,-0.6663f,0.6743f,-0.3185f,0.926f,-0.2786f,-0.6213f,-0.7324f,2.0672f,0f,0f,0f,1f],start_interpolation: 0,interpolation_duration: 1}
$data merge entity $(invisibility) {transformation: [-0.5787f,-0.6547f,0.4863f,1.0535f,0.3388f,0.3494f,0.8736f,0.912f,-0.7418f,0.6703f,0.0196f,2.2408f,0f,0f,0f,1f],start_interpolation: 0,interpolation_duration: 1}
$data merge entity $(swiftness) {transformation: [0.6018f,-0.6336f,0.4863f,1.2268f,-0.3185f,0.368f,0.8736f,0.7569f,-0.7324f,-0.6806f,0.0196f,2.1946f,0f,0f,0f,1f],start_interpolation: 0,interpolation_duration: 1}
$data merge entity $(suspicious_stew) {transformation: [-0.3199f,-0.8131f,0.4863f,1.196f,0.1989f,0.4442f,0.8736f,0.835f,-0.9263f,0.3762f,0.0196f,2.1354f,0f,0f,0f,1f],start_interpolation: 0,interpolation_duration: 1}
$data merge entity $(log) {transformation: [-0.4863f,-0.6336f,0.6018f,1.0994f,-0.8736f,0.368f,-0.3185f,0.7842f,-0.0196f,-0.6806f,-0.7324f,2.0141f,0f,0f,0f,1f],start_interpolation: 0,interpolation_duration: 1}
$data merge entity $(planks) {transformation: [-0.4863f,-0.6336f,0.6018f,1.0538f,-0.8736f,0.368f,-0.3185f,0.7023f,-0.0196f,-0.6806f,-0.7324f,2.0123f,0f,0f,0f,1f],start_interpolation: 0,interpolation_duration: 1}
$data merge entity $(lefthand1) {transformation: [-0.4863f,-0.6336f,0.6018f,1.0438f,-0.8736f,0.368f,-0.3185f,1.1045f,-0.0196f,-0.6806f,-0.7324f,1.8718f,0f,0f,0f,1f],start_interpolation: 0,interpolation_duration: 1}
$data merge entity $(leftforearm) {transformation: [-0.7719f,-0.4413f,0.4576f,0.6624f,-0.5689f,0.8007f,-0.1875f,1.632f,-0.2837f,-0.4051f,-0.8691f,1.5648f,0f,0f,0f,1f],start_interpolation: 0,interpolation_duration: 1}
$data merge entity $(leftelbow) {transformation: [-0.7719f,-0.4413f,0.4576f,0.5797f,-0.5689f,0.8007f,-0.1875f,1.7821f,-0.2837f,-0.4051f,-0.8691f,1.4888f,0f,0f,0f,1f],start_interpolation: 0,interpolation_duration: 1}
$data merge entity $(leftarm) {transformation: [-0.7434f,-0.6349f,0.2104f,0.0523f,-0.6479f,0.7616f,0.0088f,2.0141f,-0.1658f,-0.1298f,-0.9776f,1.4736f,0f,0f,0f,1f],start_interpolation: 0,interpolation_duration: 1}
$data merge entity $(rightthumb2) {transformation: [-0.6124f,0.1434f,0.7775f,-1.3328f,0.6136f,0.7062f,0.3531f,1.8871f,-0.4984f,0.6933f,-0.5204f,-1.3793f,0f,0f,0f,1f],start_interpolation: 0,interpolation_duration: 1}
$data merge entity $(rightthumb) {transformation: [-0.6124f,0.1434f,0.7775f,-1.2312f,0.6136f,0.7062f,0.3531f,2.0905f,-0.4984f,0.6933f,-0.5204f,-1.2537f,0f,0f,0f,1f],start_interpolation: 0,interpolation_duration: 1}
$data merge entity $(rightpointerfinger) {transformation: [-0.195f,0.3672f,0.9095f,-1.3246f,0.9808f,0.0695f,0.1823f,2.1288f,0.0037f,0.9275f,-0.3737f,-1.5878f,0f,0f,0f,1f],start_interpolation: 0,interpolation_duration: 1}
$data merge entity $(rightmidfinger) {transformation: [-0.1909f,0.3694f,0.9095f,-1.1825f,0.9815f,0.0585f,0.1823f,2.1573f,0.0141f,0.9274f,-0.3737f,-1.6462f,0f,0f,0f,1f],start_interpolation: 0,interpolation_duration: 1}
$data merge entity $(rightringfinger) {transformation: [-0.1746f,0.3773f,0.9095f,-1.0404f,0.9831f,0.0156f,0.1823f,2.1858f,0.0546f,0.9259f,-0.3737f,-1.7046f,0f,0f,0f,1f],start_interpolation: 0,interpolation_duration: 1}
$data merge entity $(hugeasssword) {transformation: [-0.9875f,1.2949f,3.5621f,-1.0626f,3.7461f,0.8932f,0.7138f,1.9467f,-0.5763f,3.5869f,-1.4636f,-1.4153f,0f,0f,0f,1f],start_interpolation: 0,interpolation_duration: 1}
$data merge entity $(whey) {transformation: [0f,0f,0f,-1.1782f,0f,0f,0f,1.7353f,0f,0f,0f,-1.4233f,0f,0f,0f,1f],start_interpolation: 0,interpolation_duration: 1}
$data merge entity $(ice) {transformation: [-0.2521f,0.3306f,0.9095f,-1.0639f,0.9564f,0.228f,0.1823f,1.9282f,-0.1471f,0.9158f,-0.3737f,-1.4273f,0f,0f,0f,1f],start_interpolation: 0,interpolation_duration: 1}
$data merge entity $(righthand1) {transformation: [-0.2521f,0.3306f,0.9095f,-1.0158f,0.9564f,0.228f,0.1823f,2.23f,-0.1471f,0.9158f,-0.3737f,-1.2468f,0f,0f,0f,1f],start_interpolation: 0,interpolation_duration: 1}
$data merge entity $(rightforearm) {transformation: [-0.5383f,-0.105f,0.8362f,-1.0226f,0.7464f,0.4013f,0.5309f,2.4507f,-0.3913f,0.9099f,-0.1377f,-0.5709f,0f,0f,0f,1f],start_interpolation: 0,interpolation_duration: 1}
$data merge entity $(rightelbow) {transformation: [-0.5383f,-0.105f,0.8362f,-1.0423f,0.7464f,0.4013f,0.5309f,2.5259f,-0.3913f,0.9099f,-0.1377f,-0.4003f,0f,0f,0f,1f],start_interpolation: 0,interpolation_duration: 1}
$data merge entity $(rightarm) {transformation: [-0.4586f,-0.4211f,0.7825f,-1.2255f,0.8443f,0.0682f,0.5315f,2.3074f,-0.2772f,0.9044f,0.3243f,0.0994f,0f,0f,0f,1f],start_interpolation: 0,interpolation_duration: 1}
$data merge entity $(chest1) {transformation: [-0.7802f,-0.6964f,0.259f,-0.423f,0.1563f,0.2484f,0.9548f,2.3776f,-0.7352f,0.7918f,-0.0718f,0.6014f,0f,0f,0f,1f],start_interpolation: 0,interpolation_duration: 1}
$data merge entity $(chest1lid) {transformation: [-0.7202f,-0.6428f,0.2611f,-0.3273f,0.1443f,0.2293f,0.9626f,1.9097f,-0.6786f,0.7309f,-0.0724f,-0.1028f,0f,0f,0f,1f],start_interpolation: 0,interpolation_duration: 1}
$data merge entity $(chest2) {transformation: [-0.7202f,-0.6428f,0.2611f,-0.2269f,0.1443f,0.2293f,0.9626f,1.8739f,-0.6786f,0.7309f,-0.0724f,-0.217f,0f,0f,0f,1f],start_interpolation: 0,interpolation_duration: 1}
$data merge entity $(chest1lid3) {transformation: [-0.7202f,-0.6428f,0.2611f,-0.1151f,0.1443f,0.2293f,0.9626f,2.5174f,-0.6786f,0.7309f,-0.0724f,-0.1067f,0f,0f,0f,1f],start_interpolation: 0,interpolation_duration: 1}
$data merge entity $(chest3) {transformation: [-0.7202f,-0.6428f,0.2611f,-0.0146f,0.1443f,0.2293f,0.9626f,2.4816f,-0.6786f,0.7309f,-0.0724f,-0.2209f,0f,0f,0f,1f],start_interpolation: 0,interpolation_duration: 1}
$data merge entity $(hugeasssword2) {transformation: [-1.0225f,0.3787f,-3.7618f,-1.9826f,-3.7702f,0.1901f,1.044f,3.0927f,0.2835f,3.8937f,0.315f,0.593f,0f,0f,0f,1f],start_interpolation: 0,interpolation_duration: 1}
$data merge entity $(belt) {transformation: [-0.7202f,-0.6428f,0.2611f,-0.1737f,0.1443f,0.2293f,0.9626f,2.1719f,-0.6786f,0.7309f,-0.0724f,0.3402f,0f,0f,0f,1f],start_interpolation: 0,interpolation_duration: 1}
$data merge entity $(torn_part) {transformation: [-0.6161f,-0.7549f,0.2248f,-0.0269f,0.132f,0.1824f,0.9743f,2.0915f,-0.7765f,0.6299f,-0.0127f,0.0253f,0f,0f,0f,1f],start_interpolation: 0,interpolation_duration: 1}
$data merge entity $(lowerbody) {transformation: [-0.6161f,-0.5537f,0.5602f,0.2249f,0.132f,0.6286f,0.7665f,1.6639f,-0.7765f,0.5462f,-0.3141f,-0.1214f,0f,0f,0f,1f],start_interpolation: 0,interpolation_duration: 1}
$data merge entity $(leftfoot) {transformation: [-0.9524f,-0.0455f,0.3013f,0.3545f,-0.0502f,0.9987f,-0.0077f,0.139f,-0.3006f,-0.0224f,-0.9535f,0.5133f,0f,0f,0f,1f],start_interpolation: 0,interpolation_duration: 1}
$data merge entity $(leftlowerleg) {transformation: [-0.9524f,-0.0576f,0.2992f,0.2446f,-0.0502f,0.9982f,0.0326f,1.2414f,-0.3006f,0.0161f,-0.9536f,0.6776f,0f,0f,0f,1f],start_interpolation: 0,interpolation_duration: 1}
$data merge entity $(leftleg) {transformation: [-0.9064f,0.4015f,0.131f,0.5831f,0.044f,0.3981f,-0.9163f,1.5561f,-0.4201f,-0.8248f,-0.3785f,-0.0533f,0f,0f,0f,1f],start_interpolation: 0,interpolation_duration: 1}
$data merge entity $(rightfoot) {transformation: [-0.3784f,0.0154f,0.9255f,-0.2841f,0.1047f,0.9941f,0.0263f,0.204f,-0.9197f,0.1069f,-0.3778f,-0.2323f,0f,0f,0f,1f],start_interpolation: 0,interpolation_duration: 1}
$data merge entity $(rightlowerleg) {transformation: [-0.3784f,-0.022f,0.9254f,-0.4507f,0.1047f,0.9923f,0.0664f,1.2946f,-0.9197f,0.122f,-0.3732f,-0.0396f,0f,0f,0f,1f],start_interpolation: 0,interpolation_duration: 1}
$data merge entity $(rightleg) {transformation: [-0.5161f,0.7979f,0.3114f,0.265f,0.0879f,0.411f,-0.9074f,1.6721f,-0.852f,-0.4409f,-0.2823f,-0.4178f,0f,0f,0f,1f],start_interpolation: 0,interpolation_duration: 1}
data modify entity @s data merge value {"cameras":{},"locators":{"soup":{"px":1.041039275173675,"py":0.8840259336892868,"pz":2.1994148705789485,"ry":92.31386230303988,"rx":60.877390804684524},"lefthand":{"px":1.185103057741107,"py":0.8422770850327835,"pz":2.0805871477762974,"ry":39.40814336296168,"rx":-18.57279864012911},"sword":{"px":-4.460536114083309,"py":1.339423858159849,"pz":-0.0715528939039769,"ry":67.66239706945842,"rx":10.501018615606181},"righthand":{"px":-1.1068694039658382,"py":2.011481817644539,"pz":-1.449563759805673,"ry":67.66239706945842,"rx":10.501018615606181},"chest":{"px":-0.35044859974027964,"py":1.7495178036562171,"pz":-0.15834621088302794,"ry":74.5040765306948,"rx":74.28084537043523}}}