# This file was generated by Animated Java via MC-Build. It is not recommended to edit this file directly.
$data merge entity $(bone_nose) {transformation: [-0.9962f,0.0099f,0.0863f,-0.8054f,0.0284f,0.9758f,0.2166f,2.5384f,-0.082f,0.2183f,-0.9724f,1.2532f,0f,0f,0f,1f],start_interpolation: 0,interpolation_duration: 1}
$data merge entity $(bone_glowing_eye) {transformation: [-0.9962f,0.0096f,0.0863f,-0.9323f,0.0284f,0.9752f,0.2196f,2.6003f,-0.082f,0.2212f,-0.9718f,1.2918f,0f,0f,0f,1f],start_interpolation: 0,interpolation_duration: 1}
$data merge entity $(bone_head) {transformation: [-0.9962f,0.0096f,0.0863f,-0.7905f,0.0284f,0.9752f,0.2196f,2.4591f,-0.082f,0.2212f,-0.9718f,1.0439f,0f,0f,0f,1f],start_interpolation: 0,interpolation_duration: 1}
$data merge entity $(bone_leftthumb2) {transformation: [-0.4935f,-0.5773f,0.6505f,1.0311f,-0.8666f,0.2628f,-0.4243f,1.2228f,0.074f,-0.7731f,-0.6299f,2.5125f,0f,0f,0f,1f],start_interpolation: 0,interpolation_duration: 1}
$data merge entity $(bone_leftthumb) {transformation: [-0.4935f,-0.5773f,0.6505f,0.9451f,-0.8666f,0.2628f,-0.4243f,1.251f,0.074f,-0.7731f,-0.6299f,2.2691f,0f,0f,0f,1f],start_interpolation: 0,interpolation_duration: 1}
$data merge entity $(bone_leftpointerfinger) {transformation: [-0.2663f,-0.7113f,0.6505f,1.219f,-0.9042f,-0.0494f,-0.4243f,1.2397f,0.3339f,-0.7012f,-0.6299f,2.4851f,0f,0f,0f,1f],start_interpolation: 0,interpolation_duration: 1}
$data merge entity $(bone_leftmidfinger) {transformation: [-0.4935f,-0.5773f,0.6505f,1.3207f,-0.8666f,0.2628f,-0.4243f,1.1734f,0.074f,-0.7731f,-0.6299f,2.3867f,0f,0f,0f,1f],start_interpolation: 0,interpolation_duration: 1}
$data merge entity $(bone_leftringfinger) {transformation: [-0.6769f,-0.3445f,0.6505f,1.4223f,-0.7f,0.5744f,-0.4243f,1.1071f,-0.2275f,-0.7426f,-0.6299f,2.2883f,0f,0f,0f,1f],start_interpolation: 0,interpolation_duration: 1}
$data merge entity $(bone_invisibility) {transformation: [-0.5184f,-0.6984f,0.4935f,1.043f,0.2248f,0.4456f,0.8666f,1.1192f,-0.8251f,0.5602f,-0.074f,2.4341f,0f,0f,0f,1f],start_interpolation: 0,interpolation_duration: 1}
$data merge entity $(bone_swiftness) {transformation: [0.6505f,-0.5773f,0.4935f,1.2175f,-0.4243f,0.2628f,0.8666f,0.9589f,-0.6299f,-0.7731f,-0.074f,2.4245f,0f,0f,0f,1f],start_interpolation: 0,interpolation_duration: 1}
$data merge entity $(bone_suspicious_stew) {transformation: [-0.2483f,-0.8335f,0.4935f,1.192f,0.0589f,0.4956f,0.8666f,1.0273f,-0.9669f,0.2442f,-0.074f,2.3522f,0f,0f,0f,1f],start_interpolation: 0,interpolation_duration: 1}
$data merge entity $(bone_log) {transformation: [-0.4935f,-0.5773f,0.6505f,1.1041f,-0.8666f,0.2628f,-0.4243f,0.9591f,0.074f,-0.7731f,-0.6299f,2.233f,0f,0f,0f,1f],start_interpolation: 0,interpolation_duration: 1}
$data merge entity $(bone_planks) {transformation: [-0.4935f,-0.5773f,0.6505f,1.0578f,-0.8666f,0.2628f,-0.4243f,0.8778f,0.074f,-0.7731f,-0.6299f,2.2399f,0f,0f,0f,1f],start_interpolation: 0,interpolation_duration: 1}
$data merge entity $(bone_lefthand1) {transformation: [-0.4935f,-0.5773f,0.6505f,1.0629f,-0.8666f,0.2628f,-0.4243f,1.2547f,0.074f,-0.7731f,-0.6299f,2.0409f,0f,0f,0f,1f],start_interpolation: 0,interpolation_duration: 1}
$data merge entity $(bone_leftforearm) {transformation: [-0.7507f,-0.4125f,0.516f,0.7034f,-0.6151f,0.7214f,-0.3182f,1.7225f,-0.241f,-0.5562f,-0.7953f,1.6288f,0f,0f,0f,1f],start_interpolation: 0,interpolation_duration: 1}
$data merge entity $(bone_leftelbow) {transformation: [-0.7507f,-0.4125f,0.516f,0.626f,-0.6151f,0.7214f,-0.3182f,1.8578f,-0.241f,-0.5562f,-0.7953f,1.5245f,0f,0f,0f,1f],start_interpolation: 0,interpolation_duration: 1}
$data merge entity $(bone_leftarm) {transformation: [-0.7304f,-0.6245f,0.2768f,0.1009f,-0.6741f,0.7244f,-0.1442f,2.0786f,-0.1104f,-0.2919f,-0.95f,1.4371f,0f,0f,0f,1f],start_interpolation: 0,interpolation_duration: 1}
$data merge entity $(bone_rightthumb2) {transformation: [-0.6707f,0.2994f,0.6786f,-1.5711f,0.6197f,0.7289f,0.2909f,1.8418f,-0.4076f,0.6157f,-0.6744f,-1.296f,0f,0f,0f,1f],start_interpolation: 0,interpolation_duration: 1}
$data merge entity $(bone_rightthumb) {transformation: [-0.6707f,0.2994f,0.6786f,-1.4397f,0.6197f,0.7289f,0.2909f,2.0455f,-0.4076f,0.6157f,-0.6744f,-1.2026f,0f,0f,0f,1f],start_interpolation: 0,interpolation_duration: 1}
$data merge entity $(bone_rightpointerfinger) {transformation: [-0.1999f,0.5221f,0.8291f,-1.5929f,0.9759f,0.182f,0.1206f,2.0732f,-0.0879f,0.8332f,-0.5459f,-1.515f,0f,0f,0f,1f],start_interpolation: 0,interpolation_duration: 1}
$data merge entity $(bone_rightmidfinger) {transformation: [-0.1459f,0.5397f,0.8291f,-1.4633f,0.9893f,0.0821f,0.1206f,2.0921f,-0.003f,0.8378f,-0.5459f,-1.6003f,0f,0f,0f,1f],start_interpolation: 0,interpolation_duration: 1}
$data merge entity $(bone_rightringfinger) {transformation: [-0.1222f,0.5456f,0.8291f,-1.3338f,0.9919f,0.0389f,0.1206f,2.1109f,0.0336f,0.8372f,-0.5459f,-1.6856f,0f,0f,0f,1f],start_interpolation: 0,interpolation_duration: 1}
$data merge entity $(bone_hugeasssword) {transformation: [-0.9299f,1.9826f,3.2473f,-1.3104f,3.76f,0.9896f,0.4725f,1.8865f,-0.5814f,3.2296f,-2.1382f,-1.3848f,0f,0f,0f,1f],start_interpolation: 0,interpolation_duration: 1}
$data merge entity $(bone_ice) {transformation: [-0.2374f,0.5062f,0.8291f,-1.3146f,0.96f,0.2527f,0.1206f,1.8675f,-0.1484f,0.8246f,-0.5459f,-1.3954f,0f,0f,0f,1f],start_interpolation: 0,interpolation_duration: 1}
$data merge entity $(bone_righthand1) {transformation: [-0.2374f,0.5062f,0.8291f,-1.2215f,0.96f,0.2527f,0.1206f,2.1745f,-0.1484f,0.8246f,-0.5459f,-1.2434f,0f,0f,0f,1f],start_interpolation: 0,interpolation_duration: 1}
$data merge entity $(bone_rightforearm) {transformation: [-0.5795f,0.0774f,0.8113f,-1.0964f,0.7431f,0.459f,0.487f,2.4352f,-0.3347f,0.8851f,-0.3235f,-0.5938f,0f,0f,0f,1f],start_interpolation: 0,interpolation_duration: 1}
$data merge entity $(bone_rightelbow) {transformation: [-0.5795f,0.0774f,0.8113f,-1.0819f,0.7431f,0.459f,0.487f,2.5213f,-0.3347f,0.8851f,-0.3235f,-0.4279f,0f,0f,0f,1f],start_interpolation: 0,interpolation_duration: 1}
$data merge entity $(bone_rightarm) {transformation: [-0.4771f,-0.2439f,0.8443f,-1.1755f,0.8443f,0.1394f,0.5174f,2.3407f,-0.2439f,0.9597f,0.1395f,0.1103f,0f,0f,0f,1f],start_interpolation: 0,interpolation_duration: 1}
$data merge entity $(bone_chest1) {transformation: [-0.8305f,-0.6383f,0.2758f,-0.385f,0.1563f,0.2484f,1.0399f,2.3856f,-0.6778f,0.8393f,-0.0981f,0.5265f,0f,0f,0f,1f],start_interpolation: 0,interpolation_duration: 1}
$data merge entity $(bone_chest1lid) {transformation: [-0.7666f,-0.5892f,0.2553f,-0.3435f,0.1443f,0.2293f,0.9626f,1.9034f,-0.6257f,0.7748f,-0.0908f,-0.1813f,0f,0f,0f,1f],start_interpolation: 0,interpolation_duration: 1}
$data merge entity $(bone_chest2) {transformation: [-0.7666f,-0.5892f,0.2553f,-0.2514f,0.1443f,0.2293f,0.9626f,1.8675f,-0.6257f,0.7748f,-0.0908f,-0.3024f,0f,0f,0f,1f],start_interpolation: 0,interpolation_duration: 1}
$data merge entity $(bone_chest1lid3) {transformation: [-0.7666f,-0.5892f,0.2553f,-0.132f,0.1443f,0.2293f,0.9626f,2.511f,-0.6257f,0.7748f,-0.0908f,-0.2004f,0f,0f,0f,1f],start_interpolation: 0,interpolation_duration: 1}
$data merge entity $(bone_chest3) {transformation: [-0.7666f,-0.5892f,0.2553f,-0.04f,0.1443f,0.2293f,0.9626f,2.4752f,-0.6257f,0.7748f,-0.0908f,-0.3214f,0f,0f,0f,1f],start_interpolation: 0,interpolation_duration: 1}
$data merge entity $(bone_hugeasssword2) {transformation: [-0.9998f,0.6547f,-3.7299f,-1.945f,-3.7702f,0.1901f,1.044f,3.0864f,0.3555f,3.8569f,0.5817f,0.6304f,0f,0f,0f,1f],start_interpolation: 0,interpolation_duration: 1}
$data merge entity $(bone_belt) {transformation: [-0.7666f,-0.5892f,0.2553f,-0.1587f,0.1443f,0.2293f,0.9626f,2.1655f,-0.6257f,0.7748f,-0.0908f,0.2496f,0f,0f,0f,1f],start_interpolation: 0,interpolation_duration: 1}
$data merge entity $(bone_torn_part) {transformation: [-0.6698f,-0.7342f,0.111f,-0.057f,0.132f,0.0293f,0.9908f,2.0533f,-0.7307f,0.6783f,0.0773f,-0.06f,0f,0f,0f,1f],start_interpolation: 0,interpolation_duration: 1}
$data merge entity $(bone_lowerbody) {transformation: [-0.6698f,-0.5135f,0.5365f,0.1837f,0.132f,0.6286f,0.7665f,1.6257f,-0.7307f,0.5842f,-0.3532f,-0.2242f,0f,0f,0f,1f],start_interpolation: 0,interpolation_duration: 1}
$data merge entity $(bone_leftfoot) {transformation: [-0.9714f,-0.0379f,0.2344f,0.3293f,-0.0502f,0.9977f,-0.0466f,0.1344f,-0.2321f,-0.057f,-0.971f,0.5058f,0f,0f,0f,1f],start_interpolation: 0,interpolation_duration: 1}
$data merge entity $(bone_leftlowerleg) {transformation: [-0.9714f,-0.0383f,0.2343f,0.2509f,-0.0502f,0.9977f,-0.0451f,1.2482f,-0.2321f,-0.0555f,-0.9711f,0.5934f,0f,0f,0f,1f],start_interpolation: 0,interpolation_duration: 1}
$data merge entity $(bone_leftleg) {transformation: [-0.934f,0.3419f,0.1037f,0.5365f,0.044f,0.3981f,-0.9163f,1.5629f,-0.3545f,-0.8512f,-0.3869f,-0.1598f,0f,0f,0f,1f],start_interpolation: 0,interpolation_duration: 1}
$data merge entity $(bone_rightfoot) {transformation: [-0.4725f,-0.0502f,0.8799f,-0.2833f,0.0906f,0.9903f,0.1051f,0.2166f,-0.8767f,0.1294f,-0.4633f,-0.2622f,0f,0f,0f,1f],start_interpolation: 0,interpolation_duration: 1}
$data merge entity $(bone_rightlowerleg) {transformation: [-0.4725f,-0.0515f,0.8798f,-0.4757f,0.0906f,0.9901f,0.1066f,1.2987f,-0.8767f,0.1301f,-0.4632f,-0.0466f,0f,0f,0f,1f],start_interpolation: 0,interpolation_duration: 1}
$data merge entity $(bone_rightleg) {transformation: [-0.6022f,0.7436f,0.2905f,0.193f,0.0733f,0.4139f,-0.9074f,1.6789f,-0.795f,-0.5251f,-0.3037f,-0.5006f,0f,0f,0f,1f],start_interpolation: 0,interpolation_duration: 1}
data modify entity @s data merge value {"cameras":{},"locators":{"lefthand":{"posx":1.1853142862257997,"posy":1.026406002797799,"posz":2.296317742618648,"roty":45.9208541875862,"rotx":-25.104233347623662},"sword":{"posx":-4.415047758059386,"posy":1.5068906193663199,"posz":0.5994299432620354,"roty":56.63710752111905,"rotx":6.92840064067718},"righthand":{"posx":-1.357722077205916,"posy":1.9517097569629114,"posz":-1.4136651528577908,"roty":56.63710752111905,"rotx":6.92840064067718},"chest":{"posx":-0.3705064534442061,"posy":1.7431472834729562,"posz":-0.23510349461227248,"roty":70.4253265306947,"rotx":74.28084537043522}}}