# This file was generated by Animated Java via MC-Build. It is not recommended to edit this file directly.
$data merge entity $(nose) {transformation: [-0.9857f,0.0098f,0.1683f,-0.9021f,0.0284f,0.9937f,0.1087f,2.5566f,-0.1661f,0.112f,-0.9797f,1.2981f,0f,0f,0f,1f],start_interpolation: 0,interpolation_duration: 1}
$data merge entity $(glowing_eye) {transformation: [-0.9857f,-0.0044f,0.1685f,-1.0315f,0.0284f,0.981f,0.192f,2.6198f,-0.1661f,0.194f,-0.9668f,1.3242f,0f,0f,0f,1f],start_interpolation: 0,interpolation_duration: 1}
$data merge entity $(head) {transformation: [-0.9857f,-0.0044f,0.1685f,-0.87f,0.0284f,0.981f,0.192f,2.4714f,-0.1661f,0.194f,-0.9668f,1.0931f,0f,0f,0f,1f],start_interpolation: 0,interpolation_duration: 1}
$data merge entity $(leftthumb2) {transformation: [-0.5182f,-0.5676f,0.6398f,0.9553f,-0.8541f,0.3829f,-0.3521f,1.0563f,-0.0451f,-0.7289f,-0.6832f,2.4676f,0f,0f,0f,1f],start_interpolation: 0,interpolation_duration: 1}
$data merge entity $(leftthumb) {transformation: [-0.5182f,-0.5676f,0.6398f,0.8708f,-0.8541f,0.3829f,-0.3521f,1.1201f,-0.0451f,-0.7289f,-0.6832f,2.2305f,0f,0f,0f,1f],start_interpolation: 0,interpolation_duration: 1}
$data merge entity $(leftpointerfinger) {transformation: [-0.2929f,-0.7106f,0.6398f,1.1437f,-0.9335f,0.0677f,-0.3521f,1.0714f,0.2069f,-0.7003f,-0.6832f,2.4425f,0f,0f,0f,1f],start_interpolation: 0,interpolation_duration: 1}
$data merge entity $(leftmidfinger) {transformation: [-0.5182f,-0.5676f,0.6398f,1.2437f,-0.8541f,0.3829f,-0.3521f,1.0164f,-0.0451f,-0.7289f,-0.6832f,2.3358f,0f,0f,0f,1f],start_interpolation: 0,interpolation_duration: 1}
$data merge entity $(leftringfinger) {transformation: [-0.696f,-0.3261f,0.6398f,1.3436f,-0.6425f,0.6806f,-0.3521f,0.9614f,-0.3206f,-0.6561f,-0.6832f,2.229f,0f,0f,0f,1f],start_interpolation: 0,interpolation_duration: 1}
$data merge entity $(invisibility) {transformation: [-0.5097f,-0.6868f,0.5182f,0.9645f,0.3507f,0.3842f,0.8541f,0.9642f,-0.7856f,0.617f,0.0451f,2.3757f,0f,0f,0f,1f],start_interpolation: 0,interpolation_duration: 1}
$data merge entity $(swiftness) {transformation: [0.6398f,-0.5676f,0.5182f,1.1343f,-0.3521f,0.3829f,0.8541f,0.8018f,-0.6832f,-0.7289f,0.0451f,2.344f,0f,0f,0f,1f],start_interpolation: 0,interpolation_duration: 1}
$data merge entity $(suspicious_stew) {transformation: [-0.244f,-0.8197f,0.5182f,1.111f,0.1982f,0.481f,0.8541f,0.8802f,-0.9493f,0.3111f,0.0451f,2.2818f,0f,0f,0f,1f],start_interpolation: 0,interpolation_duration: 1}
$data merge entity $(log) {transformation: [-0.5182f,-0.5676f,0.6398f,1.0215f,-0.8541f,0.3829f,-0.3521f,0.8315f,-0.0451f,-0.7289f,-0.6832f,2.1544f,0f,0f,0f,1f],start_interpolation: 0,interpolation_duration: 1}
$data merge entity $(planks) {transformation: [-0.5182f,-0.5676f,0.6398f,0.9729f,-0.8541f,0.3829f,-0.3521f,0.7514f,-0.0451f,-0.7289f,-0.6832f,2.1502f,0f,0f,0f,1f],start_interpolation: 0,interpolation_duration: 1}
$data merge entity $(lefthand1) {transformation: [-0.5182f,-0.5676f,0.6398f,0.9892f,-0.8541f,0.3829f,-0.3521f,1.1517f,-0.0451f,-0.7289f,-0.6832f,2.0048f,0f,0f,0f,1f],start_interpolation: 0,interpolation_duration: 1}
$data merge entity $(leftforearm) {transformation: [-0.7565f,-0.4175f,0.5033f,0.6257f,-0.5823f,0.7804f,-0.2279f,1.6638f,-0.2977f,-0.4655f,-0.8335f,1.6533f,0f,0f,0f,1f],start_interpolation: 0,interpolation_duration: 1}
$data merge entity $(leftelbow) {transformation: [-0.7565f,-0.4175f,0.5033f,0.5474f,-0.5823f,0.7804f,-0.2279f,1.8102f,-0.2977f,-0.4655f,-0.8335f,1.566f,0f,0f,0f,1f],start_interpolation: 0,interpolation_duration: 1}
$data merge entity $(leftarm) {transformation: [-0.7345f,-0.6257f,0.2626f,0.022f,-0.6557f,0.7542f,-0.037f,2.0407f,-0.1749f,-0.1994f,-0.9642f,1.5116f,0f,0f,0f,1f],start_interpolation: 0,interpolation_duration: 1}
$data merge entity $(rightthumb2) {transformation: [-0.6061f,0.0667f,0.7926f,-1.2589f,0.5381f,0.7683f,0.3467f,1.8806f,-0.5858f,0.6366f,-0.5015f,-1.3656f,0f,0f,0f,1f],start_interpolation: 0,interpolation_duration: 1}
$data merge entity $(rightthumb) {transformation: [-0.6061f,0.0667f,0.7926f,-1.1748f,0.5381f,0.7683f,0.3467f,2.0986f,-0.5858f,0.6366f,-0.5015f,-1.2524f,0f,0f,0f,1f],start_interpolation: 0,interpolation_duration: 1}
$data merge entity $(rightpointerfinger) {transformation: [-0.2366f,0.3051f,0.9225f,-1.2482f,0.9677f,0.1587f,0.1957f,2.104f,-0.0867f,0.939f,-0.3328f,-1.5936f,0f,0f,0f,1f],start_interpolation: 0,interpolation_duration: 1}
$data merge entity $(rightmidfinger) {transformation: [-0.2353f,0.3061f,0.9225f,-1.1041f,0.9684f,0.1547f,0.1957f,2.1346f,-0.0828f,0.9393f,-0.3328f,-1.6456f,0f,0f,0f,1f],start_interpolation: 0,interpolation_duration: 1}
$data merge entity $(rightringfinger) {transformation: [-0.2217f,0.3161f,0.9225f,-0.96f,0.9742f,0.1123f,0.1957f,2.1651f,-0.0418f,0.9421f,-0.3328f,-1.6976f,0f,0f,0f,1f],start_interpolation: 0,interpolation_duration: 1}
$data merge entity $(hugeasssword) {transformation: [-1.1157f,1.0206f,3.613f,-0.9899f,3.63f,1.2553f,0.7664f,1.9504f,-0.9583f,3.5669f,-1.3035f,-1.3904f,0f,0f,0f,1f],start_interpolation: 0,interpolation_duration: 1}
$data merge entity $(whey) {transformation: [0f,0f,0f,-1.0951f,0f,0f,0f,1.7336f,0f,0f,0f,-1.3869f,0f,0f,0f,1f],start_interpolation: 0,interpolation_duration: 1}
$data merge entity $(ice) {transformation: [-0.2849f,0.2606f,0.9225f,-0.9895f,0.9268f,0.3205f,0.1957f,1.9309f,-0.2447f,0.9107f,-0.3328f,-1.4008f,0f,0f,0f,1f],start_interpolation: 0,interpolation_duration: 1}
$data merge entity $(righthand1) {transformation: [-0.2849f,0.2606f,0.9225f,-0.9668f,0.9268f,0.3205f,0.1957f,2.2489f,-0.2447f,0.9107f,-0.3328f,-1.2447f,0f,0f,0f,1f],start_interpolation: 0,interpolation_duration: 1}
$data merge entity $(rightforearm) {transformation: [-0.5287f,-0.1468f,0.836f,-1.0039f,0.7474f,0.3862f,0.5405f,2.459f,-0.4022f,0.9106f,-0.0945f,-0.5664f,0f,0f,0f,1f],start_interpolation: 0,interpolation_duration: 1}
$data merge entity $(rightelbow) {transformation: [-0.5287f,-0.1468f,0.836f,-1.0315f,0.7474f,0.3862f,0.5405f,2.5314f,-0.4022f,0.9106f,-0.0945f,-0.3957f,0f,0f,0f,1f],start_interpolation: 0,interpolation_duration: 1}
$data merge entity $(rightarm) {transformation: [-0.4547f,-0.4592f,0.7631f,-1.2332f,0.8443f,0.0504f,0.5334f,2.3035f,-0.2834f,0.8869f,0.3648f,0.0926f,0f,0f,0f,1f],start_interpolation: 0,interpolation_duration: 1}
$data merge entity $(chest1) {transformation: [-0.7701f,-0.7071f,0.2555f,-0.4249f,0.1563f,0.2484f,0.9385f,2.3877f,-0.7457f,0.7823f,-0.0671f,0.6126f,0f,0f,0f,1f],start_interpolation: 0,interpolation_duration: 1}
$data merge entity $(chest1lid) {transformation: [-0.7109f,-0.6527f,0.262f,-0.3208f,0.1443f,0.2293f,0.9626f,1.9156f,-0.6884f,0.7221f,-0.0688f,-0.0899f,0f,0f,0f,1f],start_interpolation: 0,interpolation_duration: 1}
$data merge entity $(chest2) {transformation: [-0.7109f,-0.6527f,0.262f,-0.2188f,0.1443f,0.2293f,0.9626f,1.8798f,-0.6884f,0.7221f,-0.0688f,-0.2027f,0f,0f,0f,1f],start_interpolation: 0,interpolation_duration: 1}
$data merge entity $(chest1lid3) {transformation: [-0.7109f,-0.6527f,0.262f,-0.1085f,0.1443f,0.2293f,0.9626f,2.5233f,-0.6884f,0.7221f,-0.0688f,-0.091f,0f,0f,0f,1f],start_interpolation: 0,interpolation_duration: 1}
$data merge entity $(chest3) {transformation: [-0.7109f,-0.6527f,0.262f,-0.0065f,0.1443f,0.2293f,0.9626f,2.4875f,-0.6884f,0.7221f,-0.0688f,-0.2038f,0f,0f,0f,1f],start_interpolation: 0,interpolation_duration: 1}
$data merge entity $(hugeasssword2) {transformation: [-1.0263f,0.3256f,-3.7658f,-1.9854f,-3.7702f,0.1901f,1.044f,3.0986f,0.2695f,3.8985f,0.2636f,0.5832f,0f,0f,0f,1f],start_interpolation: 0,interpolation_duration: 1}
$data merge entity $(belt) {transformation: [-0.7109f,-0.6527f,0.262f,-0.1732f,0.1443f,0.2293f,0.9626f,2.1778f,-0.6884f,0.7221f,-0.0688f,0.3551f,0f,0f,0f,1f],start_interpolation: 0,interpolation_duration: 1}
$data merge entity $(torn_part) {transformation: [-0.6054f,-0.7927f,0.0717f,-0.0211f,0.132f,-0.0112f,0.9912f,2.0989f,-0.7849f,0.6096f,0.1114f,0.0416f,0f,0f,0f,1f],start_interpolation: 0,interpolation_duration: 1}
$data merge entity $(lowerbody) {transformation: [-0.6054f,-0.5611f,0.5644f,0.2326f,0.132f,0.6286f,0.7665f,1.6713f,-0.7849f,0.5386f,-0.3065f,-0.1016f,0f,0f,0f,1f],start_interpolation: 0,interpolation_duration: 1}
$data merge entity $(leftfoot) {transformation: [-0.9482f,-0.0457f,0.3142f,0.3569f,-0.0502f,0.9987f,-0.006f,0.1384f,-0.3135f,-0.0214f,-0.9493f,0.5271f,0f,0f,0f,1f],start_interpolation: 0,interpolation_duration: 1}
$data merge entity $(leftlowerleg) {transformation: [-0.9482f,-0.0589f,0.312f,0.2436f,-0.0502f,0.9981f,0.0361f,1.2401f,-0.3135f,0.0186f,-0.9494f,0.6936f,0f,0f,0f,1f],start_interpolation: 0,interpolation_duration: 1}
$data merge entity $(leftleg) {transformation: [-0.9006f,0.4127f,0.1362f,0.592f,0.044f,0.3981f,-0.9163f,1.5548f,-0.4324f,-0.8192f,-0.3767f,-0.0327f,0f,0f,0f,1f],start_interpolation: 0,interpolation_duration: 1}
$data merge entity $(rightfoot) {transformation: [-0.3599f,0.0231f,0.9327f,-0.2834f,0.1074f,0.9941f,0.0168f,0.2019f,-0.9268f,0.1062f,-0.3603f,-0.2275f,0f,0f,0f,1f],start_interpolation: 0,interpolation_duration: 1}
$data merge entity $(rightlowerleg) {transformation: [-0.3599f,-0.0162f,0.9328f,-0.4447f,0.1074f,0.9925f,0.0586f,1.2939f,-0.9268f,0.1213f,-0.3555f,-0.0383f,0f,0f,0f,1f],start_interpolation: 0,interpolation_duration: 1}
$data merge entity $(rightleg) {transformation: [-0.4989f,0.8073f,0.3152f,0.2791f,0.0907f,0.4104f,-0.9074f,1.6708f,-0.8619f,-0.4241f,-0.278f,-0.4015f,0f,0f,0f,1f],start_interpolation: 0,interpolation_duration: 1}
data modify entity @s data merge value {"cameras":{},"locators":{"soup":{"px":0.9539499172337241,"py":0.9361576277074847,"pz":2.333838943711858,"ry":94.96986065615798,"rx":58.65516331381646},"lefthand":{"px":1.104414278628444,"py":0.8871239018975159,"pz":2.226258568170983,"ry":43.12045134483631,"rx":-20.6187309499568},"sword":{"px":-4.4363171707921225,"py":1.288236788384296,"pz":-0.2054968310146572,"ry":70.16104114032113,"rx":11.283654223480905},"righthand":{"px":-1.0347166306174211,"py":2.0097565611357213,"pz":-1.4327617708756124,"ry":70.16104114032113,"rx":11.283654223480905},"chest":{"px":-0.34316164424276785,"py":1.7554202299893933,"pz":-0.145789701378128,"ry":75.28532653069473,"rx":74.28084537043522}}}