# This file was generated by Animated Java via MC-Build. It is not recommended to edit this file directly.
$data merge entity $(bone_nose) {transformation: [-0.9857f,0.0103f,0.168f,-0.9013f,0.0284f,0.994f,0.1059f,2.558f,-0.1659f,0.1092f,-0.9801f,1.2973f,0f,0f,0f,1f],start_interpolation: 0,interpolation_duration: 1}
$data merge entity $(bone_glowing_eye) {transformation: [-0.9857f,-0.0036f,0.1683f,-1.0306f,0.0284f,0.9818f,0.1877f,2.6215f,-0.1659f,0.1898f,-0.9677f,1.3232f,0f,0f,0f,1f],start_interpolation: 0,interpolation_duration: 1}
$data merge entity $(bone_head) {transformation: [-0.9857f,-0.0036f,0.1683f,-0.8693f,0.0284f,0.9818f,0.1877f,2.4719f,-0.1659f,0.1898f,-0.9677f,1.0927f,0f,0f,0f,1f],start_interpolation: 0,interpolation_duration: 1}
$data merge entity $(bone_leftthumb2) {transformation: [-0.5203f,-0.5622f,0.6428f,0.9489f,-0.8528f,0.3822f,-0.356f,1.0635f,-0.0455f,-0.7334f,-0.6783f,2.4787f,0f,0f,0f,1f],start_interpolation: 0,interpolation_duration: 1}
$data merge entity $(bone_leftthumb) {transformation: [-0.5203f,-0.5622f,0.6428f,0.866f,-0.8528f,0.3822f,-0.356f,1.1268f,-0.0455f,-0.7334f,-0.6783f,2.2409f,0f,0f,0f,1f],start_interpolation: 0,interpolation_duration: 1}
$data merge entity $(bone_leftpointerfinger) {transformation: [-0.2967f,-0.7062f,0.6428f,1.1375f,-0.932f,0.0675f,-0.356f,1.078f,0.208f,-0.7047f,-0.6783f,2.4548f,0f,0f,0f,1f],start_interpolation: 0,interpolation_duration: 1}
$data merge entity $(bone_leftmidfinger) {transformation: [-0.5203f,-0.5622f,0.6428f,1.2379f,-0.8528f,0.3822f,-0.356f,1.0223f,-0.0455f,-0.7334f,-0.6783f,2.3488f,0f,0f,0f,1f],start_interpolation: 0,interpolation_duration: 1}
$data merge entity $(bone_leftringfinger) {transformation: [-0.6959f,-0.3203f,0.6428f,1.3384f,-0.6416f,0.6794f,-0.356f,0.9667f,-0.3227f,-0.6601f,-0.6783f,2.2428f,0f,0f,0f,1f],start_interpolation: 0,interpolation_duration: 1}
$data merge entity $(bone_invisibility) {transformation: [-0.504f,-0.6894f,0.5203f,0.9584f,0.3497f,0.3879f,0.8528f,0.971f,-0.7897f,0.6118f,0.0455f,2.3872f,0f,0f,0f,1f],start_interpolation: 0,interpolation_duration: 1}
$data merge entity $(bone_swiftness) {transformation: [0.6428f,-0.5622f,0.5203f,1.1279f,-0.356f,0.3822f,0.8528f,0.8081f,-0.6783f,-0.7334f,0.0455f,2.357f,0f,0f,0f,1f],start_interpolation: 0,interpolation_duration: 1}
$data merge entity $(bone_suspicious_stew) {transformation: [-0.2379f,-0.8202f,0.5203f,1.1052f,0.1959f,0.4842f,0.8528f,0.8863f,-0.9513f,0.3048f,0.0455f,2.2944f,0f,0f,0f,1f],start_interpolation: 0,interpolation_duration: 1}
$data merge entity $(bone_log) {transformation: [-0.5203f,-0.5622f,0.6428f,1.0163f,-0.8528f,0.3822f,-0.356f,0.8375f,-0.0455f,-0.7334f,-0.6783f,2.1667f,0f,0f,0f,1f],start_interpolation: 0,interpolation_duration: 1}
$data merge entity $(bone_planks) {transformation: [-0.5203f,-0.5622f,0.6428f,0.9675f,-0.8528f,0.3822f,-0.356f,0.7575f,-0.0455f,-0.7334f,-0.6783f,2.1624f,0f,0f,0f,1f],start_interpolation: 0,interpolation_duration: 1}
$data merge entity $(bone_lefthand1) {transformation: [-0.5203f,-0.5622f,0.6428f,0.9858f,-0.8528f,0.3822f,-0.356f,1.1573f,-0.0455f,-0.7334f,-0.6783f,2.0159f,0f,0f,0f,1f],start_interpolation: 0,interpolation_duration: 1}
$data merge entity $(bone_leftforearm) {transformation: [-0.7552f,-0.4153f,0.5071f,0.6239f,-0.5839f,0.7778f,-0.2325f,1.6675f,-0.2979f,-0.4717f,-0.8299f,1.6599f,0f,0f,0f,1f],start_interpolation: 0,interpolation_duration: 1}
$data merge entity $(bone_leftelbow) {transformation: [-0.7552f,-0.4153f,0.5071f,0.5461f,-0.5839f,0.7778f,-0.2325f,1.8134f,-0.2979f,-0.4717f,-0.8299f,1.5714f,0f,0f,0f,1f],start_interpolation: 0,interpolation_duration: 1}
$data merge entity $(bone_leftarm) {transformation: [-0.7338f,-0.6247f,0.267f,0.0209f,-0.6566f,0.7531f,-0.0424f,2.0436f,-0.1746f,-0.2064f,-0.9628f,1.5134f,0f,0f,0f,1f],start_interpolation: 0,interpolation_duration: 1}
$data merge entity $(bone_rightthumb2) {transformation: [-0.6063f,0.0637f,0.7927f,-1.2571f,0.5329f,0.7725f,0.3455f,1.8799f,-0.5903f,0.6319f,-0.5023f,-1.3642f,0f,0f,0f,1f],start_interpolation: 0,interpolation_duration: 1}
$data merge entity $(bone_rightthumb) {transformation: [-0.6063f,0.0637f,0.7927f,-1.1737f,0.5329f,0.7725f,0.3455f,2.0989f,-0.5903f,0.6319f,-0.5023f,-1.2521f,0f,0f,0f,1f],start_interpolation: 0,interpolation_duration: 1}
$data merge entity $(bone_rightpointerfinger) {transformation: [-0.2392f,0.3027f,0.9226f,-1.2465f,0.9663f,0.1669f,0.1958f,2.102f,-0.0948f,0.9384f,-0.3324f,-1.5935f,0f,0f,0f,1f],start_interpolation: 0,interpolation_duration: 1}
$data merge entity $(bone_rightmidfinger) {transformation: [-0.2375f,0.304f,0.9226f,-1.1024f,0.9673f,0.1614f,0.1958f,2.1325f,-0.0894f,0.9389f,-0.3324f,-1.6454f,0f,0f,0f,1f],start_interpolation: 0,interpolation_duration: 1}
$data merge entity $(bone_rightringfinger) {transformation: [-0.224f,0.3141f,0.9226f,-0.9582f,0.9734f,0.119f,0.1958f,2.1631f,-0.0483f,0.9419f,-0.3324f,-1.6974f,0f,0f,0f,1f],start_interpolation: 0,interpolation_duration: 1}
$data merge entity $(bone_hugeasssword) {transformation: [-1.1228f,1.0112f,3.6135f,-0.9882f,3.6212f,1.2803f,0.7669f,1.9503f,-0.9832f,3.5607f,-1.3019f,-1.3889f,0f,0f,0f,1f],start_interpolation: 0,interpolation_duration: 1}
$data merge entity $(bone_ice) {transformation: [-0.2867f,0.2582f,0.9226f,-0.9877f,0.9246f,0.3269f,0.1958f,1.9307f,-0.251f,0.9091f,-0.3324f,-1.3992f,0f,0f,0f,1f],start_interpolation: 0,interpolation_duration: 1}
$data merge entity $(bone_righthand1) {transformation: [-0.2867f,0.2582f,0.9226f,-0.966f,0.9246f,0.3269f,0.1958f,2.2497f,-0.251f,0.9091f,-0.3324f,-1.245f,0f,0f,0f,1f],start_interpolation: 0,interpolation_duration: 1}
$data merge entity $(bone_rightforearm) {transformation: [-0.5287f,-0.1473f,0.8359f,-1.0036f,0.7475f,0.3858f,0.5408f,2.4595f,-0.4022f,0.9107f,-0.0939f,-0.5667f,0f,0f,0f,1f],start_interpolation: 0,interpolation_duration: 1}
$data merge entity $(bone_rightelbow) {transformation: [-0.5287f,-0.1473f,0.8359f,-1.0312f,0.7475f,0.3858f,0.5408f,2.5319f,-0.4022f,0.9107f,-0.0939f,-0.3959f,0f,0f,0f,1f],start_interpolation: 0,interpolation_duration: 1}
$data merge entity $(bone_rightarm) {transformation: [-0.4548f,-0.4596f,0.7628f,-1.2332f,0.8443f,0.0499f,0.5335f,2.3037f,-0.2833f,0.8867f,0.3654f,0.0921f,0f,0f,0f,1f],start_interpolation: 0,interpolation_duration: 1}
$data merge entity $(bone_chest1) {transformation: [-0.7703f,-0.7069f,0.2556f,-0.4243f,0.1563f,0.2484f,0.9388f,2.3887f,-0.7455f,0.7824f,-0.0672f,0.6121f,0f,0f,0f,1f],start_interpolation: 0,interpolation_duration: 1}
$data merge entity $(bone_chest1lid) {transformation: [-0.711f,-0.6525f,0.262f,-0.3205f,0.1443f,0.2293f,0.9626f,1.9162f,-0.6882f,0.7222f,-0.0689f,-0.0904f,0f,0f,0f,1f],start_interpolation: 0,interpolation_duration: 1}
$data merge entity $(bone_chest2) {transformation: [-0.711f,-0.6525f,0.262f,-0.2185f,0.1443f,0.2293f,0.9626f,1.8803f,-0.6882f,0.7222f,-0.0689f,-0.2032f,0f,0f,0f,1f],start_interpolation: 0,interpolation_duration: 1}
$data merge entity $(bone_chest1lid3) {transformation: [-0.711f,-0.6525f,0.262f,-0.1082f,0.1443f,0.2293f,0.9626f,2.5238f,-0.6882f,0.7222f,-0.0689f,-0.0915f,0f,0f,0f,1f],start_interpolation: 0,interpolation_duration: 1}
$data merge entity $(bone_chest3) {transformation: [-0.711f,-0.6525f,0.262f,-0.0062f,0.1443f,0.2293f,0.9626f,2.488f,-0.6882f,0.7222f,-0.0689f,-0.2044f,0f,0f,0f,1f],start_interpolation: 0,interpolation_duration: 1}
$data merge entity $(bone_hugeasssword2) {transformation: [-1.0262f,0.3266f,-3.7657f,-1.9849f,-3.7702f,0.1901f,1.044f,3.0992f,0.2698f,3.8984f,0.2646f,0.5831f,0f,0f,0f,1f],start_interpolation: 0,interpolation_duration: 1}
$data merge entity $(bone_belt) {transformation: [-0.711f,-0.6525f,0.262f,-0.1727f,0.1443f,0.2293f,0.9626f,2.1783f,-0.6882f,0.7222f,-0.0689f,0.3546f,0f,0f,0f,1f],start_interpolation: 0,interpolation_duration: 1}
$data merge entity $(bone_torn_part) {transformation: [-0.6056f,-0.7923f,0.074f,-0.0212f,0.132f,-0.0084f,0.9912f,2.0987f,-0.7847f,0.6101f,0.1097f,0.0413f,0f,0f,0f,1f],start_interpolation: 0,interpolation_duration: 1}
$data merge entity $(bone_lowerbody) {transformation: [-0.6056f,-0.561f,0.5644f,0.2325f,0.132f,0.6286f,0.7665f,1.6711f,-0.7847f,0.5387f,-0.3066f,-0.102f,0f,0f,0f,1f],start_interpolation: 0,interpolation_duration: 1}
$data merge entity $(bone_leftfoot) {transformation: [-0.9483f,-0.0455f,0.314f,0.3563f,-0.0502f,0.9987f,-0.0068f,0.1381f,-0.3133f,-0.0222f,-0.9494f,0.5285f,0f,0f,0f,1f],start_interpolation: 0,interpolation_duration: 1}
$data merge entity $(bone_leftlowerleg) {transformation: [-0.9483f,-0.0584f,0.3118f,0.2436f,-0.0502f,0.9982f,0.0345f,1.2401f,-0.3133f,0.0171f,-0.9495f,0.6933f,0f,0f,0f,1f],start_interpolation: 0,interpolation_duration: 1}
$data merge entity $(bone_leftleg) {transformation: [-0.9007f,0.4125f,0.1361f,0.5918f,0.044f,0.3981f,-0.9163f,1.5548f,-0.4322f,-0.8193f,-0.3768f,-0.0331f,0f,0f,0f,1f],start_interpolation: 0,interpolation_duration: 1}
$data merge entity $(bone_rightfoot) {transformation: [-0.3603f,0.0223f,0.9326f,-0.2834f,0.1074f,0.9941f,0.0177f,0.2019f,-0.9267f,0.1065f,-0.3605f,-0.2276f,0f,0f,0f,1f],start_interpolation: 0,interpolation_duration: 1}
$data merge entity $(bone_rightlowerleg) {transformation: [-0.3603f,-0.0163f,0.9327f,-0.4448f,0.1074f,0.9925f,0.0588f,1.2939f,-0.9267f,0.1213f,-0.3558f,-0.0384f,0f,0f,0f,1f],start_interpolation: 0,interpolation_duration: 1}
$data merge entity $(bone_rightleg) {transformation: [-0.4992f,0.8071f,0.3151f,0.2788f,0.0907f,0.4104f,-0.9074f,1.6708f,-0.8617f,-0.4244f,-0.2781f,-0.4018f,0f,0f,0f,1f],start_interpolation: 0,interpolation_duration: 1}
data modify entity @s data merge value {"cameras":{},"locators":{"lefthand":{"posx":1.098978488335538,"posy":0.8931260059118526,"posz":2.2388183886899147,"roty":43.46225449339369,"rotx":-20.854096188947185},"sword":{"posx":-4.435104965619779,"posy":1.2872550423130105,"posz":-0.20594843775620975,"roty":70.18575423418412,"rotx":11.291319907931836},"righthand":{"posx":-1.033066240520448,"posy":2.00925862820149,"posz":-1.4317133356418945,"roty":70.18575423418412,"rotx":11.291319907931836},"chest":{"posx":-0.3428351571439472,"posy":1.7559369060671917,"posz":-0.14627603431681502,"roty":75.27098326897594,"rotx":74.28084537043522}}}