# This file was generated by Animated Java via MC-Build. It is not recommended to edit this file directly.
$data merge entity $(bone_nose) {transformation: [-0.992f,0.0111f,0.1257f,-0.8505f,0.0284f,0.9902f,0.137f,2.5567f,-0.123f,0.1395f,-0.9826f,1.2726f,0f,0f,0f,1f],start_interpolation: 0,interpolation_duration: 1}
$data merge entity $(bone_glowing_eye) {transformation: [-0.992f,0.0065f,0.1261f,-0.9785f,0.0284f,0.9845f,0.1729f,2.6209f,-0.123f,0.1751f,-0.9768f,1.3032f,0f,0f,0f,1f],start_interpolation: 0,interpolation_duration: 1}
$data merge entity $(bone_head) {transformation: [-0.992f,0.0065f,0.1261f,-0.8277f,0.0284f,0.9845f,0.1729f,2.4676f,-0.123f,0.1751f,-0.9768f,1.0681f,0f,0f,0f,1f],start_interpolation: 0,interpolation_duration: 1}
$data merge entity $(bone_leftthumb2) {transformation: [-0.5053f,-0.5531f,0.6623f,0.9584f,-0.8624f,0.297f,-0.4099f,1.1886f,0.03f,-0.7784f,-0.6271f,2.5585f,0f,0f,0f,1f],start_interpolation: 0,interpolation_duration: 1}
$data merge entity $(bone_leftthumb) {transformation: [-0.5053f,-0.5531f,0.6623f,0.8794f,-0.8624f,0.297f,-0.4099f,1.2264f,0.03f,-0.7784f,-0.6271f,2.3141f,0f,0f,0f,1f],start_interpolation: 0,interpolation_duration: 1}
$data merge entity $(bone_leftpointerfinger) {transformation: [-0.2857f,-0.6926f,0.6623f,1.1472f,-0.912f,-0.0159f,-0.4099f,1.2041f,0.2944f,-0.7212f,-0.6271f,2.5368f,0f,0f,0f,1f],start_interpolation: 0,interpolation_duration: 1}
$data merge entity $(bone_leftmidfinger) {transformation: [-0.5053f,-0.5531f,0.6623f,1.2507f,-0.8624f,0.297f,-0.4099f,1.14f,0.03f,-0.7784f,-0.6271f,2.4388f,0f,0f,0f,1f],start_interpolation: 0,interpolation_duration: 1}
$data merge entity $(bone_leftringfinger) {transformation: [-0.6785f,-0.3176f,0.6623f,1.3542f,-0.6831f,0.6044f,-0.4099f,1.076f,-0.2701f,-0.7306f,-0.6271f,2.3408f,0f,0f,0f,1f],start_interpolation: 0,interpolation_duration: 1}
$data merge entity $(bone_invisibility) {transformation: [-0.4933f,-0.708f,0.5053f,0.9713f,0.2602f,0.4343f,0.8624f,1.0877f,-0.8301f,0.5569f,-0.03f,2.4769f,0f,0f,0f,1f],start_interpolation: 0,interpolation_duration: 1}
$data merge entity $(bone_swiftness) {transformation: [0.6623f,-0.5531f,0.5053f,1.144f,-0.4099f,0.297f,0.8624f,0.9257f,-0.6271f,-0.7784f,-0.03f,2.4663f,0f,0f,0f,1f],start_interpolation: 0,interpolation_duration: 1}
$data merge entity $(bone_suspicious_stew) {transformation: [-0.2214f,-0.834f,0.5053f,1.1214f,0.0959f,0.4971f,0.8624f,0.9969f,-0.9705f,0.2394f,-0.03f,2.3958f,0f,0f,0f,1f],start_interpolation: 0,interpolation_duration: 1}
$data merge entity $(bone_log) {transformation: [-0.5053f,-0.5531f,0.6623f,1.0359f,-0.8624f,0.297f,-0.4099f,0.9339f,0.03f,-0.7784f,-0.6271f,2.2719f,0f,0f,0f,1f],start_interpolation: 0,interpolation_duration: 1}
$data merge entity $(bone_planks) {transformation: [-0.5053f,-0.5531f,0.6623f,0.9885f,-0.8624f,0.297f,-0.4099f,0.8531f,0.03f,-0.7784f,-0.6271f,2.2747f,0f,0f,0f,1f],start_interpolation: 0,interpolation_duration: 1}
$data merge entity $(bone_lefthand1) {transformation: [-0.5053f,-0.5531f,0.6623f,1.0033f,-0.8624f,0.297f,-0.4099f,1.2366f,0.03f,-0.7784f,-0.6271f,2.0894f,0f,0f,0f,1f],start_interpolation: 0,interpolation_duration: 1}
$data merge entity $(bone_leftforearm) {transformation: [-0.7465f,-0.4008f,0.5312f,0.6524f,-0.608f,0.7352f,-0.2997f,1.7148f,-0.2704f,-0.5467f,-0.7925f,1.6817f,0f,0f,0f,1f],start_interpolation: 0,interpolation_duration: 1}
$data merge entity $(bone_leftelbow) {transformation: [-0.7465f,-0.4008f,0.5312f,0.5773f,-0.608f,0.7352f,-0.2997f,1.8526f,-0.2704f,-0.5467f,-0.7925f,1.5792f,0f,0f,0f,1f],start_interpolation: 0,interpolation_duration: 1}
$data merge entity $(bone_leftarm) {transformation: [-0.7287f,-0.6179f,0.2952f,0.0542f,-0.6702f,0.7322f,-0.1218f,2.0763f,-0.1409f,-0.2866f,-0.9476f,1.4868f,0f,0f,0f,1f],start_interpolation: 0,interpolation_duration: 1}
$data merge entity $(bone_rightthumb2) {transformation: [-0.6528f,0.1596f,0.7405f,-1.403f,0.5469f,0.7757f,0.3149f,1.8544f,-0.5242f,0.6105f,-0.5937f,-1.3354f,0f,0f,0f,1f],start_interpolation: 0,interpolation_duration: 1}
$data merge entity $(bone_rightthumb) {transformation: [-0.6528f,0.1596f,0.7405f,-1.3005f,0.5469f,0.7757f,0.3149f,2.0715f,-0.5242f,0.6105f,-0.5937f,-1.2364f,0f,0f,0f,1f],start_interpolation: 0,interpolation_duration: 1}
$data merge entity $(bone_rightpointerfinger) {transformation: [-0.2342f,0.4041f,0.8842f,-1.4117f,0.9654f,0.2037f,0.1626f,2.0738f,-0.1144f,0.8918f,-0.4378f,-1.5672f,0f,0f,0f,1f],start_interpolation: 0,interpolation_duration: 1}
$data merge entity $(bone_rightmidfinger) {transformation: [-0.2157f,0.4142f,0.8842f,-1.2736f,0.9736f,0.16f,0.1626f,2.0992f,-0.0741f,0.896f,-0.4378f,-1.6356f,0f,0f,0f,1f],start_interpolation: 0,interpolation_duration: 1}
$data merge entity $(bone_rightringfinger) {transformation: [-0.1975f,0.4232f,0.8842f,-1.1354f,0.9797f,0.1174f,0.1626f,2.1246f,-0.035f,0.8984f,-0.4378f,-1.704f,0f,0f,0f,1f],start_interpolation: 0,interpolation_duration: 1}
$data merge entity $(bone_hugeasssword) {transformation: [-1.1139f,1.451f,3.4633f,-1.1366f,3.6466f,1.2794f,0.6368f,1.9157f,-0.8953f,3.4056f,-1.7148f,-1.3914f,0f,0f,0f,1f],start_interpolation: 0,interpolation_duration: 1}
$data merge entity $(bone_ice) {transformation: [-0.2844f,0.3705f,0.8842f,-1.138f,0.9311f,0.3266f,0.1626f,1.8961f,-0.2286f,0.8695f,-0.4378f,-1.4014f,0f,0f,0f,1f],start_interpolation: 0,interpolation_duration: 1}
$data merge entity $(bone_righthand1) {transformation: [-0.2844f,0.3705f,0.8842f,-1.0888f,0.9311f,0.3266f,0.1626f,2.2156f,-0.2286f,0.8695f,-0.4378f,-1.2549f,0f,0f,0f,1f],start_interpolation: 0,interpolation_duration: 1}
$data merge entity $(bone_rightforearm) {transformation: [-0.555f,-0.0391f,0.8309f,-1.0477f,0.7451f,0.4206f,0.5175f,2.4497f,-0.3698f,0.9064f,-0.2043f,-0.5848f,0f,0f,0f,1f],start_interpolation: 0,interpolation_duration: 1}
$data merge entity $(bone_rightelbow) {transformation: [-0.555f,-0.0391f,0.8309f,-1.055f,0.7451f,0.4206f,0.5175f,2.5286f,-0.3698f,0.9064f,-0.2043f,-0.4148f,0f,0f,0f,1f],start_interpolation: 0,interpolation_duration: 1}
$data merge entity $(bone_rightarm) {transformation: [-0.4667f,-0.3586f,0.8085f,-1.2067f,0.8443f,0.0915f,0.528f,2.3223f,-0.2633f,0.929f,0.2601f,0.1005f,0f,0f,0f,1f],start_interpolation: 0,interpolation_duration: 1}
$data merge entity $(bone_chest1) {transformation: [-0.8019f,-0.6723f,0.2663f,-0.4019f,0.1563f,0.2484f,0.9907f,2.3919f,-0.7114f,0.8124f,-0.0825f,0.568f,0f,0f,0f,1f],start_interpolation: 0,interpolation_duration: 1}
$data merge entity $(bone_chest1lid) {transformation: [-0.7402f,-0.6206f,0.2588f,-0.3307f,0.1443f,0.2293f,0.9626f,1.9118f,-0.6567f,0.7499f,-0.0802f,-0.1377f,0f,0f,0f,1f],start_interpolation: 0,interpolation_duration: 1}
$data merge entity $(bone_chest2) {transformation: [-0.7402f,-0.6206f,0.2588f,-0.2337f,0.1443f,0.2293f,0.9626f,1.876f,-0.6567f,0.7499f,-0.0802f,-0.2548f,0f,0f,0f,1f],start_interpolation: 0,interpolation_duration: 1}
$data merge entity $(bone_chest1lid3) {transformation: [-0.7402f,-0.6206f,0.2588f,-0.1186f,0.1443f,0.2293f,0.9626f,2.5195f,-0.6567f,0.7499f,-0.0802f,-0.148f,0f,0f,0f,1f],start_interpolation: 0,interpolation_duration: 1}
$data merge entity $(bone_chest3) {transformation: [-0.7402f,-0.6206f,0.2588f,-0.0217f,0.1443f,0.2293f,0.9626f,2.4836f,-0.6567f,0.7499f,-0.0802f,-0.2652f,0f,0f,0f,1f],start_interpolation: 0,interpolation_duration: 1}
$data merge entity $(bone_hugeasssword2) {transformation: [-1.0136f,0.4954f,-3.7507f,-1.9643f,-3.7702f,0.1901f,1.044f,3.0948f,0.314f,3.8806f,0.4277f,0.6074f,0f,0f,0f,1f],start_interpolation: 0,interpolation_duration: 1}
$data merge entity $(bone_belt) {transformation: [-0.7402f,-0.6206f,0.2588f,-0.1638f,0.1443f,0.2293f,0.9626f,2.174f,-0.6567f,0.7499f,-0.0802f,0.3005f,0f,0f,0f,1f],start_interpolation: 0,interpolation_duration: 1}
$data merge entity $(bone_torn_part) {transformation: [-0.6391f,-0.6921f,0.3356f,-0.0396f,0.132f,0.3311f,0.9343f,2.0754f,-0.7577f,0.6414f,-0.1202f,-0.0107f,0f,0f,0f,1f],start_interpolation: 0,interpolation_duration: 1}
$data merge entity $(bone_lowerbody) {transformation: [-0.6391f,-0.5371f,0.5505f,0.2076f,0.132f,0.6286f,0.7665f,1.6478f,-0.7577f,0.5625f,-0.3308f,-0.1649f,0f,0f,0f,1f],start_interpolation: 0,interpolation_duration: 1}
$data merge entity $(bone_leftfoot) {transformation: [-0.961f,-0.0401f,0.2735f,0.3389f,-0.0502f,0.9983f,-0.0299f,0.1346f,-0.2719f,-0.0424f,-0.9614f,0.5222f,0f,0f,0f,1f],start_interpolation: 0,interpolation_duration: 1}
$data merge entity $(bone_leftlowerleg) {transformation: [-0.961f,-0.0451f,0.2728f,0.247f,-0.0502f,0.9987f,-0.0117f,1.2443f,-0.2719f,-0.0249f,-0.962f,0.6423f,0f,0f,0f,1f],start_interpolation: 0,interpolation_duration: 1}
$data merge entity $(bone_leftleg) {transformation: [-0.9186f,0.3766f,0.1196f,0.5634f,0.044f,0.3981f,-0.9163f,1.5589f,-0.3927f,-0.8364f,-0.3823f,-0.0984f,0f,0f,0f,1f],start_interpolation: 0,interpolation_duration: 1}
$data merge entity $(bone_rightfoot) {transformation: [-0.4186f,-0.0181f,0.908f,-0.2846f,0.0988f,0.9929f,0.0654f,0.2091f,-0.9028f,0.1171f,-0.4139f,-0.2439f,0f,0f,0f,1f],start_interpolation: 0,interpolation_duration: 1}
$data merge entity $(bone_rightlowerleg) {transformation: [-0.4186f,-0.0346f,0.9075f,-0.4624f,0.0988f,0.9916f,0.0834f,1.2963f,-0.9028f,0.1246f,-0.4117f,-0.0424f,0f,0f,0f,1f],start_interpolation: 0,interpolation_duration: 1}
$data merge entity $(bone_rightleg) {transformation: [-0.5531f,0.7761f,0.3028f,0.2344f,0.0818f,0.4123f,-0.9074f,1.675f,-0.8291f,-0.4771f,-0.2915f,-0.4532f,0f,0f,0f,1f],start_interpolation: 0,interpolation_duration: 1}
data modify entity @s data merge value {"cameras":{},"locators":{"lefthand":{"posx":1.1161548054389578,"posy":0.9979804188274902,"posz":2.3396921962224764,"roty":46.565966767856764,"rotx":-24.201052239117313},"sword":{"posx":-4.444843317220634,"posy":1.376133897853697,"posz":0.18484840690500093,"roty":63.658074567645585,"rotx":9.357515465335961},"righthand":{"posx":-1.184220310271189,"posy":1.9757006706863152,"posz":-1.4296216428224742,"roty":63.658074567645585,"rotx":9.357515465335961},"chest":{"posx":-0.3554654588224199,"posy":1.7515936598766175,"posz":-0.1925428196192005,"roty":72.78532653069477,"rotx":74.28084537043522}}}