# This file was generated by Animated Java via MC-Build. It is not recommended to edit this file directly.
$data merge entity $(nose) {transformation: [-0.9925f,0.011f,0.1218f,-0.846f,0.0284f,0.9894f,0.1424f,2.5556f,-0.1189f,0.1448f,-0.9823f,1.2706f,0f,0f,0f,1f],start_interpolation: 0,interpolation_duration: 1}
$data merge entity $(glowing_eye) {transformation: [-0.9925f,0.007f,0.1221f,-0.9738f,0.0284f,0.9842f,0.1748f,2.6197f,-0.1189f,0.177f,-0.977f,1.3018f,0f,0f,0f,1f],start_interpolation: 0,interpolation_duration: 1}
$data merge entity $(head) {transformation: [-0.9925f,0.007f,0.1221f,-0.824f,0.0284f,0.9842f,0.1748f,2.4668f,-0.1189f,0.177f,-0.977f,1.0658f,0f,0f,0f,1f],start_interpolation: 0,interpolation_duration: 1}
$data merge entity $(leftthumb2) {transformation: [-0.5032f,-0.5548f,0.6625f,0.9631f,-0.8634f,0.2901f,-0.4128f,1.1963f,0.0368f,-0.7798f,-0.625f,2.5593f,0f,0f,0f,1f],start_interpolation: 0,interpolation_duration: 1}
$data merge entity $(leftthumb) {transformation: [-0.5032f,-0.5548f,0.6625f,0.8837f,-0.8634f,0.2901f,-0.4128f,1.2322f,0.0368f,-0.7798f,-0.625f,2.3147f,0f,0f,0f,1f],start_interpolation: 0,interpolation_duration: 1}
$data merge entity $(leftpointerfinger) {transformation: [-0.2831f,-0.6935f,0.6625f,1.1518f,-0.9105f,-0.0227f,-0.4128f,1.212f,0.3013f,-0.7201f,-0.625f,2.5372f,0f,0f,0f,1f],start_interpolation: 0,interpolation_duration: 1}
$data merge entity $(leftmidfinger) {transformation: [-0.5032f,-0.5548f,0.6625f,1.2554f,-0.8634f,0.2901f,-0.4128f,1.1475f,0.0368f,-0.7798f,-0.625f,2.4395f,0f,0f,0f,1f],start_interpolation: 0,interpolation_duration: 1}
$data merge entity $(leftringfinger) {transformation: [-0.6772f,-0.32f,0.6625f,1.3589f,-0.6866f,0.5984f,-0.4128f,1.083f,-0.2644f,-0.7345f,-0.625f,2.3419f,0f,0f,0f,1f],start_interpolation: 0,interpolation_duration: 1}
$data merge entity $(invisibility) {transformation: [-0.495f,-0.7084f,0.5032f,0.9761f,0.253f,0.4366f,0.8634f,1.0948f,-0.8313f,0.5547f,-0.0368f,2.4784f,0f,0f,0f,1f],start_interpolation: 0,interpolation_duration: 1}
$data merge entity $(swiftness) {transformation: [0.6625f,-0.5548f,0.5032f,1.1492f,-0.4128f,0.2901f,0.8634f,0.9331f,-0.625f,-0.7798f,-0.0368f,2.4687f,0f,0f,0f,1f],start_interpolation: 0,interpolation_duration: 1}
$data merge entity $(suspicious_stew) {transformation: [-0.2228f,-0.8349f,0.5032f,1.1263f,0.0885f,0.4968f,0.8634f,1.0038f,-0.9708f,0.2369f,-0.0368f,2.3977f,0f,0f,0f,1f],start_interpolation: 0,interpolation_duration: 1}
$data merge entity $(log) {transformation: [-0.5032f,-0.5548f,0.6625f,1.0408f,-0.8634f,0.2901f,-0.4128f,0.9398f,0.0368f,-0.7798f,-0.625f,2.2744f,0f,0f,0f,1f],start_interpolation: 0,interpolation_duration: 1}
$data merge entity $(planks) {transformation: [-0.5032f,-0.5548f,0.6625f,0.9937f,-0.8634f,0.2901f,-0.4128f,0.8588f,0.0368f,-0.7798f,-0.625f,2.2779f,0f,0f,0f,1f],start_interpolation: 0,interpolation_duration: 1}
$data merge entity $(lefthand1) {transformation: [-0.5032f,-0.5548f,0.6625f,1.0073f,-0.8634f,0.2901f,-0.4128f,1.241f,0.0368f,-0.7798f,-0.625f,2.0898f,0f,0f,0f,1f],start_interpolation: 0,interpolation_duration: 1}
$data merge entity $(leftforearm) {transformation: [-0.7463f,-0.4008f,0.5314f,0.6564f,-0.6094f,0.7325f,-0.3034f,1.7172f,-0.2676f,-0.5503f,-0.7909f,1.6798f,0f,0f,0f,1f],start_interpolation: 0,interpolation_duration: 1}
$data merge entity $(leftelbow) {transformation: [-0.7463f,-0.4008f,0.5314f,0.5812f,-0.6094f,0.7325f,-0.3034f,1.8546f,-0.2676f,-0.5503f,-0.7909f,1.5766f,0f,0f,0f,1f],start_interpolation: 0,interpolation_duration: 1}
$data merge entity $(leftarm) {transformation: [-0.7286f,-0.618f,0.2954f,0.0582f,-0.6709f,0.7307f,-0.1262f,2.0777f,-0.1379f,-0.2902f,-0.947f,1.483f,0f,0f,0f,1f],start_interpolation: 0,interpolation_duration: 1}
$data merge entity $(rightthumb2) {transformation: [-0.6565f,0.1711f,0.7346f,-1.4186f,0.5509f,0.7741f,0.312f,1.8521f,-0.5153f,0.6095f,-0.6024f,-1.3317f,0f,0f,0f,1f],start_interpolation: 0,interpolation_duration: 1}
$data merge entity $(rightthumb) {transformation: [-0.6565f,0.1711f,0.7346f,-1.3139f,0.5509f,0.7741f,0.312f,2.0686f,-0.5153f,0.6095f,-0.6024f,-1.2337f,0f,0f,0f,1f],start_interpolation: 0,interpolation_duration: 1}
$data merge entity $(rightpointerfinger) {transformation: [-0.2321f,0.4154f,0.8795f,-1.4292f,0.9661f,0.2034f,0.1588f,2.0719f,-0.1129f,0.8866f,-0.4485f,-1.5632f,0f,0f,0f,1f],start_interpolation: 0,interpolation_duration: 1}
$data merge entity $(rightmidfinger) {transformation: [-0.2118f,0.4261f,0.8795f,-1.2917f,0.9748f,0.1567f,0.1588f,2.0967f,-0.0701f,0.891f,-0.4485f,-1.6332f,0f,0f,0f,1f],start_interpolation: 0,interpolation_duration: 1}
$data merge entity $(rightringfinger) {transformation: [-0.193f,0.4349f,0.8795f,-1.1543f,0.9807f,0.114f,0.1588f,2.1215f,-0.0312f,0.8932f,-0.4485f,-1.7033f,0f,0f,0f,1f],start_interpolation: 0,interpolation_duration: 1}
$data merge entity $(hugeasssword) {transformation: [-1.1067f,1.4995f,3.4449f,-1.1527f,3.6534f,1.2673f,0.6221f,1.9122f,-0.8765f,3.3891f,-1.7568f,-1.391f,0f,0f,0f,1f],start_interpolation: 0,interpolation_duration: 1}
$data merge entity $(whey) {transformation: [0f,0f,0f,-1.2637f,0f,0f,0f,1.6992f,0f,0f,0f,-1.3706f,0f,0f,0f,1f],start_interpolation: 0,interpolation_duration: 1}
$data merge entity $(ice) {transformation: [-0.2826f,0.3828f,0.8795f,-1.1542f,0.9328f,0.3236f,0.1588f,1.8926f,-0.2238f,0.8653f,-0.4485f,-1.4011f,0f,0f,0f,1f],start_interpolation: 0,interpolation_duration: 1}
$data merge entity $(righthand1) {transformation: [-0.2826f,0.3828f,0.8795f,-1.1017f,0.9328f,0.3236f,0.1588f,2.2116f,-0.2238f,0.8653f,-0.4485f,-1.2547f,0f,0f,0f,1f],start_interpolation: 0,interpolation_duration: 1}
$data merge entity $(rightforearm) {transformation: [-0.5575f,-0.0278f,0.8297f,-1.0524f,0.7449f,0.4244f,0.5148f,2.4484f,-0.3664f,0.905f,-0.2159f,-0.586f,0f,0f,0f,1f],start_interpolation: 0,interpolation_duration: 1}
$data merge entity $(rightelbow) {transformation: [-0.5575f,-0.0278f,0.8297f,-1.0576f,0.7449f,0.4244f,0.5148f,2.5279f,-0.3664f,0.905f,-0.2159f,-0.4163f,0f,0f,0f,1f],start_interpolation: 0,interpolation_duration: 1}
$data merge entity $(rightarm) {transformation: [-0.4677f,-0.3478f,0.8126f,-1.2038f,0.8443f,0.0961f,0.5271f,2.3241f,-0.2614f,0.9326f,0.2487f,0.1015f,0f,0f,0f,1f],start_interpolation: 0,interpolation_duration: 1}
$data merge entity $(chest1) {transformation: [-0.8048f,-0.669f,0.2673f,-0.4001f,0.1563f,0.2484f,0.9956f,2.3916f,-0.7082f,0.8151f,-0.084f,0.5639f,0f,0f,0f,1f],start_interpolation: 0,interpolation_duration: 1}
$data merge entity $(chest1lid) {transformation: [-0.7429f,-0.6175f,0.2585f,-0.3319f,0.1443f,0.2293f,0.9626f,1.9111f,-0.6537f,0.7524f,-0.0812f,-0.142f,0f,0f,0f,1f],start_interpolation: 0,interpolation_duration: 1}
$data merge entity $(chest2) {transformation: [-0.7429f,-0.6175f,0.2585f,-0.2354f,0.1443f,0.2293f,0.9626f,1.8753f,-0.6537f,0.7524f,-0.0812f,-0.2596f,0f,0f,0f,1f],start_interpolation: 0,interpolation_duration: 1}
$data merge entity $(chest1lid3) {transformation: [-0.7429f,-0.6175f,0.2585f,-0.1199f,0.1443f,0.2293f,0.9626f,2.5187f,-0.6537f,0.7524f,-0.0812f,-0.1532f,0f,0f,0f,1f],start_interpolation: 0,interpolation_duration: 1}
$data merge entity $(chest3) {transformation: [-0.7429f,-0.6175f,0.2585f,-0.0234f,0.1443f,0.2293f,0.9626f,2.4829f,-0.6537f,0.7524f,-0.0812f,-0.2708f,0f,0f,0f,1f],start_interpolation: 0,interpolation_duration: 1}
$data merge entity $(hugeasssword2) {transformation: [-1.0123f,0.5112f,-3.7489f,-1.9624f,-3.7702f,0.1901f,1.044f,3.0941f,0.3182f,3.8785f,0.443f,0.6097f,0f,0f,0f,1f],start_interpolation: 0,interpolation_duration: 1}
$data merge entity $(belt) {transformation: [-0.7429f,-0.6175f,0.2585f,-0.1632f,0.1443f,0.2293f,0.9626f,2.1733f,-0.6537f,0.7524f,-0.0812f,0.2955f,0f,0f,0f,1f],start_interpolation: 0,interpolation_duration: 1}
$data merge entity $(torn_part) {transformation: [-0.6422f,-0.6836f,0.3467f,-0.0413f,0.132f,0.3469f,0.9285f,2.0732f,-0.7551f,0.6421f,-0.1325f,-0.0156f,0f,0f,0f,1f],start_interpolation: 0,interpolation_duration: 1}
$data merge entity $(lowerbody) {transformation: [-0.6422f,-0.5348f,0.5492f,0.2053f,0.132f,0.6286f,0.7665f,1.6456f,-0.7551f,0.5647f,-0.333f,-0.1708f,0f,0f,0f,1f],start_interpolation: 0,interpolation_duration: 1}
$data merge entity $(leftfoot) {transformation: [-0.9621f,-0.0398f,0.2697f,0.3377f,-0.0502f,0.9982f,-0.0317f,0.1345f,-0.2679f,-0.044f,-0.9624f,0.5208f,0f,0f,0f,1f],start_interpolation: 0,interpolation_duration: 1}
$data merge entity $(leftlowerleg) {transformation: [-0.9621f,-0.0442f,0.269f,0.2474f,-0.0502f,0.9986f,-0.0153f,1.2447f,-0.2679f,-0.0282f,-0.963f,0.6375f,0f,0f,0f,1f],start_interpolation: 0,interpolation_duration: 1}
$data merge entity $(leftleg) {transformation: [-0.9202f,0.3732f,0.118f,0.5607f,0.044f,0.3981f,-0.9163f,1.5593f,-0.3889f,-0.838f,-0.3828f,-0.1046f,0f,0f,0f,1f],start_interpolation: 0,interpolation_duration: 1}
$data merge entity $(rightfoot) {transformation: [-0.424f,-0.0215f,0.9054f,-0.2846f,0.098f,0.9927f,0.0694f,0.2098f,-0.9003f,0.1182f,-0.4188f,-0.2456f,0f,0f,0f,1f],start_interpolation: 0,interpolation_duration: 1}
$data merge entity $(rightlowerleg) {transformation: [-0.424f,-0.0363f,0.9049f,-0.4639f,0.098f,0.9915f,0.0857f,1.2965f,-0.9003f,0.125f,-0.4168f,-0.0428f,0f,0f,0f,1f],start_interpolation: 0,interpolation_duration: 1}
$data merge entity $(rightleg) {transformation: [-0.5581f,0.773f,0.3016f,0.2303f,0.0809f,0.4124f,-0.9074f,1.6754f,-0.8258f,-0.482f,-0.2927f,-0.458f,0f,0f,0f,1f],start_interpolation: 0,interpolation_duration: 1}
data modify entity @s data merge value {"cameras":{},"locators":{"soup":{"px":0.9670927883658318,"py":1.062196924750185,"pz":2.4395874572103255,"ry":85.81459701861067,"rx":59.69610950729718},"lefthand":{"px":1.1210185003559057,"py":1.004493489228724,"pz":2.34163565153216,"ry":46.669143776288564,"rx":-24.383030337122037},"sword":{"px":-4.443731549160174,"py":1.3868008044476845,"pz":0.22545068355926245,"ry":62.97955618692531,"rx":9.138809225884648},"righthand":{"px":-1.2004407009770974,"py":1.9724748302360127,"pz":-1.4285464928617877,"ry":62.97955618692531,"rx":9.138809225884648},"chest":{"px":-0.35688852626398404,"py":1.750859350288826,"pz":-0.19679258945613073,"ry":72.55125670647597,"rx":74.28084537043522}}}