# This file was generated by Animated Java via MC-Build. It is not recommended to edit this file directly.
$data merge entity $(nose) {transformation: [-0.9934f,0.0108f,0.114f,-0.8371f,0.0284f,0.9877f,0.1536f,2.5532f,-0.1109f,0.1559f,-0.9815f,1.2665f,0f,0f,0f,1f],start_interpolation: 0,interpolation_duration: 1}
$data merge entity $(glowing_eye) {transformation: [-0.9934f,0.0079f,0.1143f,-0.9647f,0.0284f,0.9834f,0.1792f,2.6171f,-0.1109f,0.1813f,-0.9772f,1.299f,0f,0f,0f,1f],start_interpolation: 0,interpolation_duration: 1}
$data merge entity $(head) {transformation: [-0.9934f,0.0079f,0.1143f,-0.8167f,0.0284f,0.9834f,0.1792f,2.4653f,-0.1109f,0.1813f,-0.9772f,1.0611f,0f,0f,0f,1f],start_interpolation: 0,interpolation_duration: 1}
$data merge entity $(leftthumb2) {transformation: [-0.4998f,-0.5577f,0.6627f,0.9726f,-0.8647f,0.2781f,-0.4182f,1.2104f,0.049f,-0.7821f,-0.6213f,2.5597f,0f,0f,0f,1f],start_interpolation: 0,interpolation_duration: 1}
$data merge entity $(leftthumb) {transformation: [-0.4998f,-0.5577f,0.6627f,0.8925f,-0.8647f,0.2781f,-0.4182f,1.2429f,0.049f,-0.7821f,-0.6213f,2.3148f,0f,0f,0f,1f],start_interpolation: 0,interpolation_duration: 1}
$data merge entity $(leftpointerfinger) {transformation: [-0.2789f,-0.695f,0.6627f,1.1612f,-0.9077f,-0.0344f,-0.4182f,1.2266f,0.3135f,-0.7182f,-0.6213f,2.537f,0f,0f,0f,1f],start_interpolation: 0,interpolation_duration: 1}
$data merge entity $(leftmidfinger) {transformation: [-0.4998f,-0.5577f,0.6627f,1.2647f,-0.8647f,0.2781f,-0.4182f,1.1613f,0.049f,-0.7821f,-0.6213f,2.4399f,0f,0f,0f,1f],start_interpolation: 0,interpolation_duration: 1}
$data merge entity $(leftringfinger) {transformation: [-0.6752f,-0.324f,0.6627f,1.3683f,-0.6925f,0.5878f,-0.4182f,1.0959f,-0.2541f,-0.7413f,-0.6213f,2.3428f,0f,0f,0f,1f],start_interpolation: 0,interpolation_duration: 1}
$data merge entity $(invisibility) {transformation: [-0.4978f,-0.7088f,0.4998f,0.9858f,0.2406f,0.4409f,0.8647f,1.108f,-0.8332f,0.5507f,-0.049f,2.48f,0f,0f,0f,1f],start_interpolation: 0,interpolation_duration: 1}
$data merge entity $(swiftness) {transformation: [0.6627f,-0.5577f,0.4998f,1.1595f,-0.4182f,0.2781f,0.8647f,0.9469f,-0.6213f,-0.7821f,-0.049f,2.472f,0f,0f,0f,1f],start_interpolation: 0,interpolation_duration: 1}
$data merge entity $(suspicious_stew) {transformation: [-0.2254f,-0.8363f,0.4998f,1.1362f,0.0753f,0.4966f,0.8647f,1.0165f,-0.9714f,0.2325f,-0.049f,2.4002f,0f,0f,0f,1f],start_interpolation: 0,interpolation_duration: 1}
$data merge entity $(log) {transformation: [-0.4998f,-0.5577f,0.6627f,1.0506f,-0.8647f,0.2781f,-0.4182f,0.9506f,0.049f,-0.7821f,-0.6213f,2.2779f,0f,0f,0f,1f],start_interpolation: 0,interpolation_duration: 1}
$data merge entity $(planks) {transformation: [-0.4998f,-0.5577f,0.6627f,1.0038f,-0.8647f,0.2781f,-0.4182f,0.8695f,0.049f,-0.7821f,-0.6213f,2.2825f,0f,0f,0f,1f],start_interpolation: 0,interpolation_duration: 1}
$data merge entity $(lefthand1) {transformation: [-0.4998f,-0.5577f,0.6627f,1.0155f,-0.8647f,0.2781f,-0.4182f,1.2494f,0.049f,-0.7821f,-0.6213f,2.0896f,0f,0f,0f,1f],start_interpolation: 0,interpolation_duration: 1}
$data merge entity $(leftforearm) {transformation: [-0.7461f,-0.4011f,0.5315f,0.6644f,-0.612f,0.7274f,-0.3103f,1.7217f,-0.2621f,-0.5568f,-0.7882f,1.6753f,0f,0f,0f,1f],start_interpolation: 0,interpolation_duration: 1}
$data merge entity $(leftelbow) {transformation: [-0.7461f,-0.4011f,0.5315f,0.5892f,-0.612f,0.7274f,-0.3103f,1.8581f,-0.2621f,-0.5568f,-0.7882f,1.5709f,0f,0f,0f,1f],start_interpolation: 0,interpolation_duration: 1}
$data merge entity $(leftarm) {transformation: [-0.7284f,-0.6182f,0.2955f,0.0661f,-0.6724f,0.7278f,-0.1346f,2.0802f,-0.1318f,-0.2967f,-0.9458f,1.4753f,0f,0f,0f,1f],start_interpolation: 0,interpolation_duration: 1}
$data merge entity $(rightthumb2) {transformation: [-0.6633f,0.1941f,0.7228f,-1.4496f,0.5593f,0.7703f,0.3064f,1.8478f,-0.4973f,0.6075f,-0.6194f,-1.324f,0f,0f,0f,1f],start_interpolation: 0,interpolation_duration: 1}
$data merge entity $(rightthumb) {transformation: [-0.6633f,0.1941f,0.7228f,-1.3402f,0.5593f,0.7703f,0.3064f,2.0629f,-0.4973f,0.6075f,-0.6194f,-1.228f,0f,0f,0f,1f],start_interpolation: 0,interpolation_duration: 1}
$data merge entity $(rightpointerfinger) {transformation: [-0.2274f,0.4378f,0.8698f,-1.4636f,0.9676f,0.2022f,0.1512f,2.0685f,-0.1097f,0.876f,-0.4696f,-1.5544f,0f,0f,0f,1f],start_interpolation: 0,interpolation_duration: 1}
$data merge entity $(rightmidfinger) {transformation: [-0.2033f,0.4495f,0.8698f,-1.3277f,0.9772f,0.1494f,0.1512f,2.0921f,-0.0619f,0.8807f,-0.4696f,-1.6278f,0f,0f,0f,1f],start_interpolation: 0,interpolation_duration: 1}
$data merge entity $(rightringfinger) {transformation: [-0.1835f,0.458f,0.8698f,-1.1918f,0.9827f,0.1066f,0.1512f,2.1157f,-0.0235f,0.8826f,-0.4696f,-1.7012f,0f,0f,0f,1f],start_interpolation: 0,interpolation_duration: 1}
$data merge entity $(hugeasssword) {transformation: [-1.09f,1.5956f,3.4068f,-1.1846f,3.6675f,1.2407f,0.5923f,1.9054f,-0.8379f,3.3549f,-1.8393f,-1.3897f,0f,0f,0f,1f],start_interpolation: 0,interpolation_duration: 1}
$data merge entity $(whey) {transformation: [0f,0f,0f,-1.2973f,0f,0f,0f,1.6934f,0f,0f,0f,-1.3672f,0f,0f,0f,1f],start_interpolation: 0,interpolation_duration: 1}
$data merge entity $(ice) {transformation: [-0.2783f,0.4074f,0.8698f,-1.1866f,0.9364f,0.3168f,0.1512f,1.8858f,-0.2139f,0.8566f,-0.4696f,-1.3997f,0f,0f,0f,1f],start_interpolation: 0,interpolation_duration: 1}
$data merge entity $(righthand1) {transformation: [-0.2783f,0.4074f,0.8698f,-1.1272f,0.9364f,0.3168f,0.1512f,2.2038f,-0.2139f,0.8566f,-0.4696f,-1.2537f,0f,0f,0f,1f],start_interpolation: 0,interpolation_duration: 1}
$data merge entity $(rightforearm) {transformation: [-0.5624f,-0.0054f,0.8268f,-1.0616f,0.7445f,0.4318f,0.5092f,2.4457f,-0.3598f,0.9019f,-0.2389f,-0.5883f,0f,0f,0f,1f],start_interpolation: 0,interpolation_duration: 1}
$data merge entity $(rightelbow) {transformation: [-0.5624f,-0.0054f,0.8268f,-1.0626f,0.7445f,0.4318f,0.5092f,2.5267f,-0.3598f,0.9019f,-0.2389f,-0.4192f,0f,0f,0f,1f],start_interpolation: 0,interpolation_duration: 1}
$data merge entity $(rightarm) {transformation: [-0.4698f,-0.3261f,0.8203f,-1.198f,0.8443f,0.1052f,0.5254f,2.3277f,-0.2576f,0.9395f,0.2259f,0.1034f,0f,0f,0f,1f],start_interpolation: 0,interpolation_duration: 1}
$data merge entity $(chest1) {transformation: [-0.8105f,-0.6624f,0.2692f,-0.3966f,0.1563f,0.2484f,1.0052f,2.3909f,-0.7017f,0.8204f,-0.087f,0.5558f,0f,0f,0f,1f],start_interpolation: 0,interpolation_duration: 1}
$data merge entity $(chest1lid) {transformation: [-0.7481f,-0.6114f,0.2578f,-0.3343f,0.1443f,0.2293f,0.9626f,1.9096f,-0.6477f,0.7573f,-0.0833f,-0.1506f,0f,0f,0f,1f],start_interpolation: 0,interpolation_duration: 1}
$data merge entity $(chest2) {transformation: [-0.7481f,-0.6114f,0.2578f,-0.2387f,0.1443f,0.2293f,0.9626f,1.8738f,-0.6477f,0.7573f,-0.0833f,-0.2689f,0f,0f,0f,1f],start_interpolation: 0,interpolation_duration: 1}
$data merge entity $(chest1lid3) {transformation: [-0.7481f,-0.6114f,0.2578f,-0.1224f,0.1443f,0.2293f,0.9626f,2.5172f,-0.6477f,0.7573f,-0.0833f,-0.1635f,0f,0f,0f,1f],start_interpolation: 0,interpolation_duration: 1}
$data merge entity $(chest3) {transformation: [-0.7481f,-0.6114f,0.2578f,-0.0268f,0.1443f,0.2293f,0.9626f,2.4814f,-0.6477f,0.7573f,-0.0833f,-0.2818f,0f,0f,0f,1f],start_interpolation: 0,interpolation_duration: 1}
$data merge entity $(hugeasssword2) {transformation: [-1.0097f,0.5424f,-3.7452f,-1.9587f,-3.7702f,0.1901f,1.044f,3.0926f,0.3263f,3.8743f,0.4731f,0.6142f,0f,0f,0f,1f],start_interpolation: 0,interpolation_duration: 1}
$data merge entity $(belt) {transformation: [-0.7481f,-0.6114f,0.2578f,-0.1621f,0.1443f,0.2293f,0.9626f,2.1718f,-0.6477f,0.7573f,-0.0833f,0.2855f,0f,0f,0f,1f],start_interpolation: 0,interpolation_duration: 1}
$data merge entity $(torn_part) {transformation: [-0.6482f,-0.671f,0.3598f,-0.0448f,0.132f,0.3664f,0.9211f,2.0689f,-0.7499f,0.6446f,-0.1489f,-0.0252f,0f,0f,0f,1f],start_interpolation: 0,interpolation_duration: 1}
$data merge entity $(lowerbody) {transformation: [-0.6482f,-0.5302f,0.5465f,0.2006f,0.132f,0.6286f,0.7665f,1.6413f,-0.7499f,0.569f,-0.3375f,-0.1824f,0f,0f,0f,1f],start_interpolation: 0,interpolation_duration: 1}
$data merge entity $(leftfoot) {transformation: [-0.9642f,-0.0392f,0.2621f,0.3355f,-0.0502f,0.9981f,-0.0351f,0.1343f,-0.2602f,-0.047f,-0.9644f,0.518f,0f,0f,0f,1f],start_interpolation: 0,interpolation_duration: 1}
$data merge entity $(leftlowerleg) {transformation: [-0.9642f,-0.0426f,0.2615f,0.2481f,-0.0502f,0.9985f,-0.0222f,1.2454f,-0.2602f,-0.0345f,-0.9649f,0.628f,0f,0f,0f,1f],start_interpolation: 0,interpolation_duration: 1}
$data merge entity $(leftleg) {transformation: [-0.9233f,0.3664f,0.1149f,0.5555f,0.044f,0.3981f,-0.9163f,1.5601f,-0.3815f,-0.8409f,-0.3837f,-0.1166f,0f,0f,0f,1f],start_interpolation: 0,interpolation_duration: 1}
$data merge entity $(rightfoot) {transformation: [-0.4346f,-0.028f,0.9002f,-0.2844f,0.0964f,0.9923f,0.0774f,0.2112f,-0.8954f,0.1204f,-0.4286f,-0.249f,0f,0f,0f,1f],start_interpolation: 0,interpolation_duration: 1}
$data merge entity $(rightlowerleg) {transformation: [-0.4346f,-0.0397f,0.8997f,-0.4667f,0.0964f,0.9912f,0.0903f,1.297f,-0.8954f,0.126f,-0.427f,-0.0436f,0f,0f,0f,1f],start_interpolation: 0,interpolation_duration: 1}
$data merge entity $(rightleg) {transformation: [-0.5678f,0.7669f,0.2992f,0.2221f,0.0793f,0.4127f,-0.9074f,1.6761f,-0.8194f,-0.4915f,-0.2951f,-0.4673f,0f,0f,0f,1f],start_interpolation: 0,interpolation_duration: 1}
data modify entity @s data merge value {"cameras":{},"locators":{"soup":{"px":0.9767980012370181,"py":1.0748498008064524,"pz":2.4417058521777095,"ry":84.40596609177335,"rx":59.85249369923794},"lefthand":{"px":1.1307184560978099,"py":1.0164945268342331,"pz":2.344132684281418,"ry":46.8465218363842,"rx":-24.72148699321273},"sword":{"px":-4.440134722081877,"py":1.4086133446697655,"pz":0.30589101403480257,"ry":61.63546768998643,"rx":8.697731172743767},"righthand":{"px":-1.2326610189579295,"py":1.966243279520834,"pz":-1.4258184158426077,"ry":61.63546768998643,"rx":8.697731172743767},"chest":{"px":-0.3597205144833178,"py":1.749367469430179,"pz":-0.20515134874884142,"ry":72.09044127678852,"rx":74.2808453704352}}}