# This file was generated by Animated Java via MC-Build. It is not recommended to edit this file directly.
$data merge entity $(nose) {transformation: [-0.9955f,0.011f,0.094f,-0.8141f,0.0284f,0.9821f,0.1862f,2.5459f,-0.0903f,0.188f,-0.978f,1.2559f,0f,0f,0f,1f],start_interpolation: 0,interpolation_duration: 1}
$data merge entity $(glowing_eye) {transformation: [-0.9955f,0.0102f,0.0941f,-0.9411f,0.0284f,0.9805f,0.1947f,2.609f,-0.0903f,0.1965f,-0.9763f,1.2919f,0f,0f,0f,1f],start_interpolation: 0,interpolation_duration: 1}
$data merge entity $(head) {transformation: [-0.9955f,0.0102f,0.0941f,-0.7977f,0.0284f,0.9805f,0.1947f,2.4613f,-0.0903f,0.1965f,-0.9763f,1.0488f,0f,0f,0f,1f],start_interpolation: 0,interpolation_duration: 1}
$data merge entity $(leftthumb2) {transformation: [-0.4973f,-0.5608f,0.662f,0.9973f,-0.8648f,0.2586f,-0.4305f,1.2406f,0.0702f,-0.7865f,-0.6135f,2.5551f,0f,0f,0f,1f],start_interpolation: 0,interpolation_duration: 1}
$data merge entity $(leftthumb) {transformation: [-0.4973f,-0.5608f,0.662f,0.9163f,-0.8648f,0.2586f,-0.4305f,1.2673f,0.0702f,-0.7865f,-0.6135f,2.3098f,0f,0f,0f,1f],start_interpolation: 0,interpolation_duration: 1}
$data merge entity $(leftpointerfinger) {transformation: [-0.2755f,-0.697f,0.662f,1.1858f,-0.9011f,-0.0527f,-0.4305f,1.2568f,0.335f,-0.7151f,-0.6135f,2.5314f,0f,0f,0f,1f],start_interpolation: 0,interpolation_duration: 1}
$data merge entity $(leftmidfinger) {transformation: [-0.4973f,-0.5608f,0.662f,1.2892f,-0.8648f,0.2586f,-0.4305f,1.1896f,0.0702f,-0.7865f,-0.6135f,2.4356f,0f,0f,0f,1f],start_interpolation: 0,interpolation_duration: 1}
$data merge entity $(leftringfinger) {transformation: [-0.674f,-0.3278f,0.662f,1.3926f,-0.7f,0.5699f,-0.4305f,1.1223f,-0.2362f,-0.7535f,-0.6135f,2.3397f,0f,0f,0f,1f],start_interpolation: 0,interpolation_duration: 1}
$data merge entity $(invisibility) {transformation: [-0.5009f,-0.7084f,0.4973f,1.0105f,0.2201f,0.4514f,0.8648f,1.1364f,-0.837f,0.5427f,-0.0702f,2.4777f,0f,0f,0f,1f],start_interpolation: 0,interpolation_duration: 1}
$data merge entity $(swiftness) {transformation: [0.662f,-0.5608f,0.4973f,1.1847f,-0.4305f,0.2586f,0.8648f,0.9756f,-0.6135f,-0.7865f,-0.0702f,2.4728f,0f,0f,0f,1f],start_interpolation: 0,interpolation_duration: 1}
$data merge entity $(suspicious_stew) {transformation: [-0.2285f,-0.837f,0.4973f,1.1609f,0.0525f,0.4995f,0.8648f,1.0436f,-0.9721f,0.2236f,-0.0702f,2.3996f,0f,0f,0f,1f],start_interpolation: 0,interpolation_duration: 1}
$data merge entity $(log) {transformation: [-0.4973f,-0.5608f,0.662f,1.0752f,-0.8648f,0.2586f,-0.4305f,0.9747f,0.0702f,-0.7865f,-0.6135f,2.2791f,0f,0f,0f,1f],start_interpolation: 0,interpolation_duration: 1}
$data merge entity $(planks) {transformation: [-0.4973f,-0.5608f,0.662f,1.0286f,-0.8648f,0.2586f,-0.4305f,0.8936f,0.0702f,-0.7865f,-0.6135f,2.2856f,0f,0f,0f,1f],start_interpolation: 0,interpolation_duration: 1}
$data merge entity $(lefthand1) {transformation: [-0.4973f,-0.5608f,0.662f,1.0387f,-0.8648f,0.2586f,-0.4305f,1.269f,0.0702f,-0.7865f,-0.6135f,2.084f,0f,0f,0f,1f],start_interpolation: 0,interpolation_duration: 1}
$data merge entity $(leftforearm) {transformation: [-0.7459f,-0.4029f,0.5304f,0.6863f,-0.6183f,0.7151f,-0.3263f,1.7321f,-0.2478f,-0.5713f,-0.7825f,1.6606f,0f,0f,0f,1f],start_interpolation: 0,interpolation_duration: 1}
$data merge entity $(leftelbow) {transformation: [-0.7459f,-0.4029f,0.5304f,0.6108f,-0.6183f,0.7151f,-0.3263f,1.8662f,-0.2478f,-0.5713f,-0.7825f,1.5535f,0f,0f,0f,1f],start_interpolation: 0,interpolation_duration: 1}
$data merge entity $(leftarm) {transformation: [-0.7278f,-0.6196f,0.2939f,0.0872f,-0.6758f,0.7207f,-0.1542f,2.0856f,-0.1163f,-0.3108f,-0.9433f,1.4542f,0f,0f,0f,1f],start_interpolation: 0,interpolation_duration: 1}
$data merge entity $(rightthumb2) {transformation: [-0.6762f,0.2571f,0.6904f,-1.5311f,0.5855f,0.7563f,0.2919f,1.8384f,-0.4471f,0.6016f,-0.6619f,-1.3006f,0f,0f,0f,1f],start_interpolation: 0,interpolation_duration: 1}
$data merge entity $(rightthumb) {transformation: [-0.6762f,0.2571f,0.6904f,-1.409f,0.5855f,0.7563f,0.2919f,2.0488f,-0.4471f,0.6016f,-0.6619f,-1.2097f,0f,0f,0f,1f],start_interpolation: 0,interpolation_duration: 1}
$data merge entity $(rightpointerfinger) {transformation: [-0.2123f,0.4961f,0.8419f,-1.553f,0.9721f,0.1948f,0.1304f,2.0622f,-0.0993f,0.8461f,-0.5237f,-1.5273f,0f,0f,0f,1f],start_interpolation: 0,interpolation_duration: 1}
$data merge entity $(rightmidfinger) {transformation: [-0.1762f,0.5101f,0.8419f,-1.4215f,0.9836f,0.1245f,0.1304f,2.0826f,-0.0383f,0.8511f,-0.5237f,-1.6091f,0f,0f,0f,1f],start_interpolation: 0,interpolation_duration: 1}
$data merge entity $(rightringfinger) {transformation: [-0.1537f,0.5173f,0.8419f,-1.2899f,0.9881f,0.0815f,0.1304f,2.1029f,-0.0011f,0.8519f,-0.5237f,-1.691f,0f,0f,0f,1f],start_interpolation: 0,interpolation_duration: 1}
$data merge entity $(hugeasssword) {transformation: [-1.0264f,1.8477f,3.2974f,-1.2692f,3.7093f,1.1492f,0.5107f,1.8886f,-0.7266f,3.2566f,-2.051f,-1.3828f,0f,0f,0f,1f],start_interpolation: 0,interpolation_duration: 1}
$data merge entity $(whey) {transformation: [0f,0f,0f,-1.3868f,0f,0f,0f,1.68f,0f,0f,0f,-1.3552f,0f,0f,0f,1f],start_interpolation: 0,interpolation_duration: 1}
$data merge entity $(ice) {transformation: [-0.2621f,0.4718f,0.8419f,-1.2725f,0.9471f,0.2934f,0.1304f,1.8692f,-0.1855f,0.8315f,-0.5237f,-1.3929f,0f,0f,0f,1f],start_interpolation: 0,interpolation_duration: 1}
$data merge entity $(righthand1) {transformation: [-0.2621f,0.4718f,0.8419f,-1.1937f,0.9471f,0.2934f,0.1304f,2.1834f,-0.1855f,0.8315f,-0.5237f,-1.2478f,0f,0f,0f,1f],start_interpolation: 0,interpolation_duration: 1}
$data merge entity $(rightforearm) {transformation: [-0.5747f,0.0531f,0.8167f,-1.086f,0.7435f,0.451f,0.4938f,2.4386f,-0.3421f,0.891f,-0.2987f,-0.5929f,0f,0f,0f,1f],start_interpolation: 0,interpolation_duration: 1}
$data merge entity $(rightelbow) {transformation: [-0.5747f,0.0531f,0.8167f,-1.0761f,0.7435f,0.451f,0.4938f,2.5232f,-0.3421f,0.891f,-0.2987f,-0.4258f,0f,0f,0f,1f],start_interpolation: 0,interpolation_duration: 1}
$data merge entity $(rightarm) {transformation: [-0.4751f,-0.2683f,0.838f,-1.1822f,0.8443f,0.1292f,0.52f,2.3371f,-0.2478f,0.9546f,0.1652f,0.1082f,0f,0f,0f,1f],start_interpolation: 0,interpolation_duration: 1}
$data merge entity $(chest1) {transformation: [-0.8249f,-0.6452f,0.2739f,-0.3877f,0.1563f,0.2484f,1.03f,2.3887f,-0.6847f,0.834f,-0.0949f,0.5346f,0f,0f,0f,1f],start_interpolation: 0,interpolation_duration: 1}
$data merge entity $(chest1lid) {transformation: [-0.7614f,-0.5956f,0.256f,-0.3406f,0.1443f,0.2293f,0.9626f,1.9055f,-0.632f,0.7699f,-0.0887f,-0.1727f,0f,0f,0f,1f],start_interpolation: 0,interpolation_duration: 1}
$data merge entity $(chest2) {transformation: [-0.7614f,-0.5956f,0.256f,-0.2476f,0.1443f,0.2293f,0.9626f,1.8697f,-0.632f,0.7699f,-0.0887f,-0.293f,0f,0f,0f,1f],start_interpolation: 0,interpolation_duration: 1}
$data merge entity $(chest1lid3) {transformation: [-0.7614f,-0.5956f,0.256f,-0.129f,0.1443f,0.2293f,0.9626f,2.5132f,-0.632f,0.7699f,-0.0887f,-0.19f,0f,0f,0f,1f],start_interpolation: 0,interpolation_duration: 1}
$data merge entity $(chest3) {transformation: [-0.7614f,-0.5956f,0.256f,-0.036f,0.1443f,0.2293f,0.9626f,2.4773f,-0.632f,0.7699f,-0.0887f,-0.3103f,0f,0f,0f,1f],start_interpolation: 0,interpolation_duration: 1}
$data merge entity $(hugeasssword2) {transformation: [-1.0027f,0.6229f,-3.7346f,-1.9488f,-3.7702f,0.1901f,1.044f,3.0885f,0.3472f,3.8621f,0.5509f,0.6257f,0f,0f,0f,1f],start_interpolation: 0,interpolation_duration: 1}
$data merge entity $(belt) {transformation: [-0.7614f,-0.5956f,0.256f,-0.1594f,0.1443f,0.2293f,0.9626f,2.1677f,-0.632f,0.7699f,-0.0887f,0.2597f,0f,0f,0f,1f],start_interpolation: 0,interpolation_duration: 1}
$data merge entity $(torn_part) {transformation: [-0.6637f,-0.7021f,0.258f,-0.0535f,0.132f,0.2296f,0.9643f,2.0577f,-0.7363f,0.6741f,-0.0597f,-0.0501f,0f,0f,0f,1f],start_interpolation: 0,interpolation_duration: 1}
$data merge entity $(lowerbody) {transformation: [-0.6637f,-0.5183f,0.5393f,0.1885f,0.132f,0.6286f,0.7665f,1.6301f,-0.7363f,0.5799f,-0.3487f,-0.2124f,0f,0f,0f,1f],start_interpolation: 0,interpolation_duration: 1}
$data merge entity $(leftfoot) {transformation: [-0.9694f,-0.0381f,0.2423f,0.3307f,-0.0502f,0.9978f,-0.0438f,0.1343f,-0.2401f,-0.0546f,-0.9692f,0.5102f,0f,0f,0f,1f],start_interpolation: 0,interpolation_duration: 1}
$data merge entity $(leftlowerleg) {transformation: [-0.9694f,-0.0392f,0.2421f,0.25f,-0.0502f,0.998f,-0.0395f,1.2474f,-0.2401f,-0.0504f,-0.9695f,0.6033f,0f,0f,0f,1f],start_interpolation: 0,interpolation_duration: 1}
$data merge entity $(leftleg) {transformation: [-0.931f,0.3489f,0.1069f,0.5419f,0.044f,0.3981f,-0.9163f,1.5621f,-0.3622f,-0.8484f,-0.386f,-0.1475f,0f,0f,0f,1f],start_interpolation: 0,interpolation_duration: 1}
$data merge entity $(rightfoot) {transformation: [-0.4618f,-0.0444f,0.8859f,-0.2838f,0.0923f,0.9909f,0.0977f,0.2151f,-0.8822f,0.1269f,-0.4535f,-0.2583f,0f,0f,0f,1f],start_interpolation: 0,interpolation_duration: 1}
$data merge entity $(rightlowerleg) {transformation: [-0.4618f,-0.0482f,0.8857f,-0.4733f,0.0923f,0.9905f,0.102f,1.2982f,-0.8822f,0.1288f,-0.453f,-0.0458f,0f,0f,0f,1f],start_interpolation: 0,interpolation_duration: 1}
$data merge entity $(rightleg) {transformation: [-0.5925f,0.7504f,0.293f,0.2012f,0.075f,0.4135f,-0.9074f,1.6782f,-0.802f,-0.5157f,-0.3013f,-0.4912f,0f,0f,0f,1f],start_interpolation: 0,interpolation_duration: 1}
data modify entity @s data merge value {"cameras":{},"locators":{"soup":{"px":1.0015236490434654,"py":1.1024032285215173,"pz":2.440183573649111,"ry":81.96630381728917,"rx":59.85439159043926},"lefthand":{"px":1.1553206141368275,"py":1.0422543740601857,"pz":2.3435089836406475,"ry":47.17636786144794,"rx":-25.498129234024734},"sword":{"px":-4.421996980563306,"py":1.4705417156505147,"pz":0.515953194903922,"ry":58.11733891225994,"rx":7.492183599898543},"righthand":{"px":-1.3175562226513888,"py":1.9513582928764184,"pz":-1.415087780756628,"ry":58.11733891225994,"rx":7.492183599898543},"chest":{"px":-0.36719114029398503,"py":1.7452798264200853,"pz":-0.22674437974974282,"ry":70.89842467522598,"rx":74.2808453704352}}}