# This file was generated by Animated Java via MC-Build. It is not recommended to edit this file directly.
$data merge entity $(bone_nose) {transformation: [-0.9957f,0.0082f,0.0927f,-0.8138f,0.0284f,0.9753f,0.2192f,2.5365f,-0.0886f,0.2208f,-0.9713f,1.2585f,0f,0f,0f,1f],start_interpolation: 0,interpolation_duration: 1}
$data merge entity $(bone_glowing_eye) {transformation: [-0.9957f,0.0072f,0.0928f,-0.941f,0.0284f,0.9728f,0.2299f,2.5979f,-0.0886f,0.2315f,-0.9688f,1.2969f,0f,0f,0f,1f],start_interpolation: 0,interpolation_duration: 1}
$data merge entity $(bone_head) {transformation: [-0.9957f,0.0072f,0.0928f,-0.7973f,0.0284f,0.9728f,0.2299f,2.4594f,-0.0886f,0.2315f,-0.9688f,1.0485f,0f,0f,0f,1f],start_interpolation: 0,interpolation_duration: 1}
$data merge entity $(bone_leftthumb2) {transformation: [-0.4881f,-0.6092f,0.6249f,1.0739f,-0.8709f,0.2932f,-0.3944f,1.1499f,0.057f,-0.7368f,-0.6737f,2.4222f,0f,0f,0f,1f],start_interpolation: 0,interpolation_duration: 1}
$data merge entity $(bone_leftthumb) {transformation: [-0.4881f,-0.6092f,0.6249f,0.9779f,-0.8709f,0.2932f,-0.3944f,1.1881f,0.057f,-0.7368f,-0.6737f,2.184f,0f,0f,0f,1f],start_interpolation: 0,interpolation_duration: 1}
$data merge entity $(bone_leftpointerfinger) {transformation: [-0.2503f,-0.7395f,0.6249f,1.2605f,-0.9187f,-0.0223f,-0.3944f,1.1686f,0.3056f,-0.6728f,-0.6737f,2.3879f,0f,0f,0f,1f],start_interpolation: 0,interpolation_duration: 1}
$data merge entity $(bone_leftmidfinger) {transformation: [-0.4881f,-0.6092f,0.6249f,1.3582f,-0.8709f,0.2932f,-0.3944f,1.107f,0.057f,-0.7368f,-0.6737f,2.2826f,0f,0f,0f,1f],start_interpolation: 0,interpolation_duration: 1}
$data merge entity $(bone_leftringfinger) {transformation: [-0.6841f,-0.3761f,0.6249f,1.4558f,-0.6924f,0.6042f,-0.3944f,1.0454f,-0.2293f,-0.7025f,-0.6737f,2.1774f,0f,0f,0f,1f],start_interpolation: 0,interpolation_duration: 1}
$data merge entity $(bone_invisibility) {transformation: [-0.5525f,-0.6756f,0.4881f,1.0828f,0.2578f,0.4184f,0.8709f,1.0497f,-0.7927f,0.607f,-0.057f,2.3391f,0f,0f,0f,1f],start_interpolation: 0,interpolation_duration: 1}
$data merge entity $(bone_swiftness) {transformation: [0.6249f,-0.6092f,0.4881f,1.2571f,-0.3944f,0.2932f,0.8709f,0.8907f,-0.6737f,-0.7368f,-0.057f,2.3155f,0f,0f,0f,1f],start_interpolation: 0,interpolation_duration: 1}
$data merge entity $(bone_suspicious_stew) {transformation: [-0.2881f,-0.8239f,0.4881f,1.2286f,0.0991f,0.4814f,0.8709f,0.962f,-0.9525f,0.2992f,-0.057f,2.2473f,0f,0f,0f,1f],start_interpolation: 0,interpolation_duration: 1}
$data merge entity $(bone_log) {transformation: [-0.4881f,-0.6092f,0.6249f,1.1359f,-0.8709f,0.2932f,-0.3944f,0.8986f,0.057f,-0.7368f,-0.6737f,2.129f,0f,0f,0f,1f],start_interpolation: 0,interpolation_duration: 1}
$data merge entity $(bone_planks) {transformation: [-0.4881f,-0.6092f,0.6249f,1.0902f,-0.8709f,0.2932f,-0.3944f,0.8169f,0.057f,-0.7368f,-0.6737f,2.1343f,0f,0f,0f,1f],start_interpolation: 0,interpolation_duration: 1}
$data merge entity $(bone_lefthand1) {transformation: [-0.4881f,-0.6092f,0.6249f,1.0861f,-0.8709f,0.2932f,-0.3944f,1.2019f,0.057f,-0.7368f,-0.6737f,1.9516f,0f,0f,0f,1f],start_interpolation: 0,interpolation_duration: 1}
$data merge entity $(bone_leftforearm) {transformation: [-0.7618f,-0.4297f,0.4848f,0.7136f,-0.6007f,0.7489f,-0.28f,1.6903f,-0.2427f,-0.5045f,-0.8286f,1.5766f,0f,0f,0f,1f],start_interpolation: 0,interpolation_duration: 1}
$data merge entity $(bone_leftelbow) {transformation: [-0.7618f,-0.4297f,0.4848f,0.633f,-0.6007f,0.7489f,-0.28f,1.8308f,-0.2427f,-0.5045f,-0.8286f,1.482f,0f,0f,0f,1f],start_interpolation: 0,interpolation_duration: 1}
$data merge entity $(bone_leftarm) {transformation: [-0.7368f,-0.6318f,0.2408f,0.106f,-0.6661f,0.7394f,-0.0981f,2.0569f,-0.1161f,-0.2326f,-0.9656f,1.425f,0f,0f,0f,1f],start_interpolation: 0,interpolation_duration: 1}
$data merge entity $(bone_rightthumb2) {transformation: [-0.6616f,0.2934f,0.6901f,-1.5535f,0.63f,0.7166f,0.2993f,1.849f,-0.4067f,0.6328f,-0.6589f,-1.3089f,0f,0f,0f,1f],start_interpolation: 0,interpolation_duration: 1}
$data merge entity $(bone_rightthumb) {transformation: [-0.6616f,0.2934f,0.6901f,-1.4226f,0.63f,0.7166f,0.2993f,2.0503f,-0.4067f,0.6328f,-0.6589f,-1.21f,0f,0f,0f,1f],start_interpolation: 0,interpolation_duration: 1}
$data merge entity $(bone_rightpointerfinger) {transformation: [-0.2014f,0.5075f,0.8378f,-1.5709f,0.9757f,0.1792f,0.126f,2.0843f,-0.0862f,0.8428f,-0.5312f,-1.5241f,0f,0f,0f,1f],start_interpolation: 0,interpolation_duration: 1}
$data merge entity $(bone_rightmidfinger) {transformation: [-0.1412f,0.5274f,0.8378f,-1.44f,0.9899f,0.0648f,0.126f,2.1039f,0.0122f,0.8471f,-0.5312f,-1.6071f,0f,0f,0f,1f],start_interpolation: 0,interpolation_duration: 1}
$data merge entity $(bone_rightringfinger) {transformation: [-0.1181f,0.5331f,0.8378f,-1.3091f,0.9918f,0.0216f,0.126f,2.1236f,0.0491f,0.8458f,-0.5312f,-1.6901f,0f,0f,0f,1f],start_interpolation: 0,interpolation_duration: 1}
$data merge entity $(bone_hugeasssword) {transformation: [-0.9034f,1.9383f,3.2814f,-1.2913f,3.7741f,0.9233f,0.4937f,1.8939f,-0.5292f,3.2758f,-2.0807f,-1.393f,0f,0f,0f,1f],start_interpolation: 0,interpolation_duration: 1}
$data merge entity $(bone_ice) {transformation: [-0.2306f,0.4949f,0.8378f,-1.2954f,0.9636f,0.2357f,0.126f,1.8752f,-0.1351f,0.8364f,-0.5312f,-1.404f,0f,0f,0f,1f],start_interpolation: 0,interpolation_duration: 1}
$data merge entity $(bone_righthand1) {transformation: [-0.2306f,0.4949f,0.8378f,-1.2032f,0.9636f,0.2357f,0.126f,2.1789f,-0.1351f,0.8364f,-0.5312f,-1.2453f,0f,0f,0f,1f],start_interpolation: 0,interpolation_duration: 1}
$data merge entity $(bone_rightforearm) {transformation: [-0.576f,0.061f,0.8152f,-1.0898f,0.7433f,0.454f,0.4913f,2.4363f,-0.3401f,0.8889f,-0.3069f,-0.5922f,0f,0f,0f,1f],start_interpolation: 0,interpolation_duration: 1}
$data merge entity $(bone_rightelbow) {transformation: [-0.576f,0.061f,0.8152f,-1.0784f,0.7433f,0.454f,0.4913f,2.5214f,-0.3401f,0.8889f,-0.3069f,-0.4255f,0f,0f,0f,1f],start_interpolation: 0,interpolation_duration: 1}
$data merge entity $(bone_rightarm) {transformation: [-0.4755f,-0.2605f,0.8403f,-1.1806f,0.8443f,0.1331f,0.519f,2.3374f,-0.247f,0.9563f,0.1567f,0.11f,0f,0f,0f,1f],start_interpolation: 0,interpolation_duration: 1}
$data merge entity $(bone_chest1) {transformation: [-0.826f,-0.6438f,0.2743f,-0.3896f,0.1563f,0.2484f,1.032f,2.3814f,-0.6833f,0.8351f,-0.0955f,0.5342f,0f,0f,0f,1f],start_interpolation: 0,interpolation_duration: 1}
$data merge entity $(bone_chest1lid) {transformation: [-0.7625f,-0.5943f,0.2559f,-0.3422f,0.1443f,0.2293f,0.9626f,1.9037f,-0.6307f,0.7709f,-0.0891f,-0.1737f,0f,0f,0f,1f],start_interpolation: 0,interpolation_duration: 1}
$data merge entity $(bone_chest2) {transformation: [-0.7625f,-0.5943f,0.2559f,-0.2493f,0.1443f,0.2293f,0.9626f,1.8678f,-0.6307f,0.7709f,-0.0891f,-0.2942f,0f,0f,0f,1f],start_interpolation: 0,interpolation_duration: 1}
$data merge entity $(bone_chest1lid3) {transformation: [-0.7625f,-0.5943f,0.2559f,-0.1306f,0.1443f,0.2293f,0.9626f,2.5113f,-0.6307f,0.7709f,-0.0891f,-0.1914f,0f,0f,0f,1f],start_interpolation: 0,interpolation_duration: 1}
$data merge entity $(bone_chest3) {transformation: [-0.7625f,-0.5943f,0.2559f,-0.0378f,0.1443f,0.2293f,0.9626f,2.4755f,-0.6307f,0.7709f,-0.0891f,-0.3118f,0f,0f,0f,1f],start_interpolation: 0,interpolation_duration: 1}
$data merge entity $(bone_hugeasssword2) {transformation: [-1.0021f,0.6291f,-3.7337f,-1.9491f,-3.7702f,0.1901f,1.044f,3.0866f,0.3489f,3.8611f,0.557f,0.6273f,0f,0f,0f,1f],start_interpolation: 0,interpolation_duration: 1}
$data merge entity $(bone_belt) {transformation: [-0.7625f,-0.5943f,0.2559f,-0.1603f,0.1443f,0.2293f,0.9626f,2.1658f,-0.6307f,0.7709f,-0.0891f,0.2584f,0f,0f,0f,1f],start_interpolation: 0,interpolation_duration: 1}
$data merge entity $(bone_torn_part) {transformation: [-0.6649f,-0.7245f,0.1818f,-0.0542f,0.132f,0.1255f,0.9833f,2.0569f,-0.7352f,0.6778f,0.0122f,-0.0521f,0f,0f,0f,1f],start_interpolation: 0,interpolation_duration: 1}
$data merge entity $(bone_lowerbody) {transformation: [-0.6649f,-0.5173f,0.5388f,0.1875f,0.132f,0.6286f,0.7665f,1.6293f,-0.7352f,0.5808f,-0.3496f,-0.2147f,0f,0f,0f,1f],start_interpolation: 0,interpolation_duration: 1}
$data merge entity $(bone_leftfoot) {transformation: [-0.9698f,-0.0385f,0.2407f,0.3313f,-0.0502f,0.9978f,-0.0426f,0.1347f,-0.2385f,-0.0533f,-0.9697f,0.5055f,0f,0f,0f,1f],start_interpolation: 0,interpolation_duration: 1}
$data merge entity $(bone_leftlowerleg) {transformation: [-0.9698f,-0.0398f,0.2404f,0.2502f,-0.0502f,0.9981f,-0.0371f,1.2476f,-0.2385f,-0.048f,-0.97f,0.6013f,0f,0f,0f,1f],start_interpolation: 0,interpolation_duration: 1}
$data merge entity $(bone_leftleg) {transformation: [-0.9316f,0.3475f,0.1063f,0.5408f,0.044f,0.3981f,-0.9163f,1.5622f,-0.3607f,-0.8489f,-0.3862f,-0.1499f,0f,0f,0f,1f],start_interpolation: 0,interpolation_duration: 1}
$data merge entity $(bone_rightfoot) {transformation: [-0.4639f,-0.044f,0.8848f,-0.2837f,0.092f,0.991f,0.0974f,0.2154f,-0.8811f,0.1266f,-0.4557f,-0.259f,0f,0f,0f,1f],start_interpolation: 0,interpolation_duration: 1}
$data merge entity $(bone_rightlowerleg) {transformation: [-0.4639f,-0.0488f,0.8845f,-0.4738f,0.092f,0.9904f,0.1029f,1.2983f,-0.8811f,0.1291f,-0.455f,-0.0459f,0f,0f,0f,1f],start_interpolation: 0,interpolation_duration: 1}
$data merge entity $(bone_rightleg) {transformation: [-0.5944f,0.749f,0.2925f,0.1996f,0.0746f,0.4136f,-0.9074f,1.6783f,-0.8007f,-0.5176f,-0.3018f,-0.4931f,0f,0f,0f,1f],start_interpolation: 0,interpolation_duration: 1}
data modify entity @s data merge value {"cameras":{},"locators":{"lefthand":{"posx":1.2195226511770754,"posy":0.9634509054557897,"posz":2.191692172626445,"roty":42.847705566994705,"rotx":-23.228009307011433},"sword":{"posx":-4.427248090117358,"posy":1.495069305561767,"posz":0.5375115699205997,"roty":57.62188073530069,"rotx":7.240845998522252},"righthand":{"posx":-1.33787007174467,"posy":1.9598435660083997,"posz":-1.4214127768630982,"roty":57.62188073530069,"rotx":7.240845998522252},"chest":{"posx":-0.36885321387071235,"posy":1.7434249527168464,"posz":-0.2277209126022573,"roty":70.80532653069469,"rotx":74.28084537043522}}}