# This file was generated by Animated Java via MC-Build. It is not recommended to edit this file directly.
$data merge entity $(bone_nose) { transformation: [-1f,0f,1.2246467991473532e-16f,-1.3663985743281037e-17f,0f,1f,0f,4.215712013888888f,-1.2246467991473532e-16f,0f,-1f,0.11241340277777782f,0f,0f,0f,1f], start_interpolation: 0, interpolation_duration: 1 }
$data merge entity $(bone_glowing_eye) { transformation: [-1f,0f,1.2246467991473532e-16f,-0.12500000000000003f,0f,1f,0f,4.283420138888888f,-1.2246467991473532e-16f,0f,-1f,0.14730902777777777f,0f,0f,0f,1f], start_interpolation: 0, interpolation_duration: 1 }
$data merge entity $(bone_head) { transformation: [-1f,0f,1.2246467991473532e-16f,9.268137894152728e-18f,0f,1f,0f,4.0922351388888885f,-1.2246467991473532e-16f,0f,-1f,-0.07484159722222218f,0f,0f,0f,1f], start_interpolation: 0, interpolation_duration: 1 }
$data merge entity $(bone_leftthumb2) { transformation: [-1f,6.06761872405558e-17f,1.0637668037952485e-16f,0.953125f,0f,0.8686315144381912f,-0.4954586684324079f,1.9732035328706643f,-1.2246467991473532e-16f,-0.4954586684324079f,-0.8686315144381912f,0.5006124375703009f,0f,0f,0f,1f], start_interpolation: 0, interpolation_duration: 1 }
$data merge entity $(bone_leftthumb) { transformation: [-1f,6.06761872405558e-17f,1.0637668037952485e-16f,0.953125f,0f,0.8686315144381912f,-0.4954586684324079f,2.14388823789271f,-1.2246467991473532e-16f,-0.4954586684324079f,-0.8686315144381912f,0.30487383743216445f,0f,0f,0f,1f], start_interpolation: 0, interpolation_duration: 1 }
$data merge entity $(bone_leftpointerfinger) { transformation: [-0.9996481265944145f,0.02652589294024606f,1.2071385983281063e-16f,1.0625f,0.026146664691880053f,0.9853566262522879f,-0.168489379565003f,1.8125563474308204f,-0.004469331243909871f,-0.1684300926332105f,-0.9857034690888536f,0.31395456498839114f,0f,0f,0f,1f], start_interpolation: 0, interpolation_duration: 1 }
$data merge entity $(bone_leftmidfinger) { transformation: [-0.9996481265944145f,0.02652589294024606f,1.2071385983281063e-16f,1.0625f,0.026146664691880053f,0.9853566262522879f,-0.168489379565003f,1.7862298818737887f,-0.004469331243909871f,-0.1684300926332105f,-0.9857034690888536f,0.15993839794325773f,0f,0f,0f,1f], start_interpolation: 0, interpolation_duration: 1 }
$data merge entity $(bone_leftringfinger) { transformation: [-0.9992083428780468f,0.039783005453429894f,1.2071385983281063e-16f,1.0625f,0.03921424648622661f,0.9849231299174155f,-0.168489379565003f,1.7599034163167568f,-0.006703013906079653f,-0.1683559937476969f,-0.9857034690888536f,0.005922230898124353f,0f,0f,0f,1f], start_interpolation: 0, interpolation_duration: 1 }
$data merge entity $(bone_invisibility) { transformation: [-1.909682194656319e-16f,-6.294498450428521e-17f,0.9999999999999998f,0.875f,0.9672677527758766f,0.2537579445848061f,1.7305376622192092e-17f,1.92563295747382f,-0.25375794458480594f,0.9672677527758766f,-1.0575849688222571e-16f,0.3263292725074955f,0f,0f,0f,1f], start_interpolation: 0, interpolation_duration: 1 }
$data merge entity $(bone_swiftness) { transformation: [-1.0133074509222068e-16f,2.063399793746044e-17f,1f,0.822916875f,-0.168489379565003f,0.9857034690888536f,-3.741215771957474e-17f,1.7605603153447105f,-0.9857034690888536f,-0.168489379565003f,-9.6405457452332e-17f,0.164326177304717f,0f,0f,0f,1f], start_interpolation: 0, interpolation_duration: 1 }
$data merge entity $(bone_suspicious_stew) { transformation: [6.971663461897145e-17f,1.0338695633879393e-17f,1.0000000000000002f,0.875f,0.8221440410307373f,0.5692795234308445f,1.0943506868353366e-16f,1.847836348691842f,-0.5692795234308448f,0.8221440410307373f,1.0375860105494798e-16f,0.14940781172044496f,0f,0f,0f,1f], start_interpolation: 0, interpolation_duration: 1 }
$data merge entity $(bone_log) { transformation: [-1f,2.063399793746044e-17f,1.2071385983281063e-16f,0.78125f,0f,0.9857034690888536f,-0.168489379565003f,1.9631513426608391f,-1.2246467991473532e-16f,-0.168489379565003f,-0.9857034690888536f,0.08214178916127957f,0f,0f,0f,1f], start_interpolation: 0, interpolation_duration: 1 }
$data merge entity $(bone_planks) { transformation: [-1f,2.063399793746044e-17f,1.2071385983281063e-16f,0.6875f,0f,0.9857034690888536f,-0.168489379565003f,1.9631513426608391f,-1.2246467991473532e-16f,-0.168489379565003f,-0.9857034690888536f,0.08214178916127957f,0f,0f,0f,1f], start_interpolation: 0, interpolation_duration: 1 }
$data merge entity $(bone_lefthand1) { transformation: [-1f,2.063399793746044e-17f,1.2071385983281063e-16f,1.03125f,0f,0.9857034690888536f,-0.168489379565003f,2.214842503044459f,-1.2246467991473532e-16f,-0.168489379565003f,-0.9857034690888536f,0.07082267767905555f,0f,0f,0f,1f], start_interpolation: 0, interpolation_duration: 1 }
$data merge entity $(bone_leftforearm) { transformation: [-1f,2.063399793746044e-17f,1.2071385983281063e-16f,0.96875f,0f,0.9857034690888536f,-0.168489379565003f,2.9105479013032625f,-1.2246467991473532e-16f,-0.168489379565003f,-0.9857034690888536f,-0.03224480062307386f,0f,0f,0f,1f], start_interpolation: 0, interpolation_duration: 1 }
$data merge entity $(bone_leftelbow) { transformation: [-1f,2.1013129264268734e-17f,1.2064844062457543e-16f,0.96875f,0f,0.9851692807148609f,-0.17158522178720342f,3.095267141437299f,-1.2246467991473532e-16f,-0.17158522178720342f,-0.9851692807148609f,-0.0644170297081745f,0f,0f,0f,1f], start_interpolation: 0, interpolation_duration: 1 }
$data merge entity $(bone_leftarm) { transformation: [-1f,3.2484849883797685e-18f,1.2242158785074978e-16f,0.75f,0f,0.9996481265944145f,-0.02652589294024604f,3.595920138888889f,-1.2246467991473532e-16f,-0.02652589294024604f,-0.9996481265944145f,-0.04644097222222209f,0f,0f,0f,1f], start_interpolation: 0, interpolation_duration: 1 }
$data merge entity $(bone_rightthumb2) { transformation: [-0.9968896497318677f,0.07881005520208542f,-0.000038164361383586504f,-1.0884859175346513f,0.0752690272391978f,0.951954482073159f,-0.2968454776466847f,2.0119589314239197f,-0.02335807774495007f,-0.29592505683004894f,-0.9549255263863214f,0.5993693835993856f,0f,0f,0f,1f], start_interpolation: 0, interpolation_duration: 1 }
$data merge entity $(bone_rightthumb) { transformation: [-0.9968896497318677f,0.07881005520208542f,-0.000038164361383586504f,-1.0691616040026668f,0.0752690272391978f,0.951954482073159f,-0.2968454776466847f,2.220050956087755f,-0.02335807774495007f,-0.29592505683004894f,-0.9549255263863214f,0.4451904346785832f,0f,0f,0f,1f], start_interpolation: 0, interpolation_duration: 1 }
$data merge entity $(bone_rightpointerfinger) { transformation: [-0.9993784780041268f,0.03525132970026302f,-0.000038164361383586504f,-1.2040577477597139f,0.03367371649580005f,0.9543316211978267f,-0.2968454776466847f,1.9020088097470982f,-0.010427776345684162f,-0.2966622667888372f,-0.9549255263863214f,0.4949739201482303f,0f,0f,0f,1f], start_interpolation: 0, interpolation_duration: 1 }
$data merge entity $(bone_rightmidfinger) { transformation: [-0.9993784780041268f,0.03525132970026302f,-0.000038164361383586504f,-1.20406371094118f,0.03367371649580005f,0.9543316211978267f,-0.2968454776466847f,1.8556267038648038f,-0.010427776345684162f,-0.2966622667888372f,-0.9549255263863214f,0.3457668066503676f,0f,0f,0f,1f], start_interpolation: 0, interpolation_duration: 1 }
$data merge entity $(bone_rightringfinger) { transformation: [-0.9954298784212401f,-0.0954953176326295f,-0.000038164361383586504f,-1.2040696741226462f,-0.09117963944702148f,0.9505624838752172f,-0.2968454776466847f,1.8092445979825091f,0.028383630785832052f,-0.29548537791102353f,-0.9549255263863214f,0.19655969315250482f,0f,0f,0f,1f], start_interpolation: 0, interpolation_duration: 1 }
$data merge entity $(bone_hugeasssword) { transformation: [-0.000039044844614498154f,0.0000030867271620816795f,-1.4947708208571381e-9f,-0.9232560089500825f,0.0000029480369002019144f,0.00003728488388119873f,-0.000011626447874495153f,2.033637333263732f,-9.148580450105445e-7f,-0.000011590398059176918f,-0.00003740124978346426f,0.3067822302325526f,0f,0f,0f,1f], start_interpolation: 0, interpolation_duration: 1 }
$data merge entity $(bone_ice) { transformation: [-0.9968896497318677f,0.07881005520208542f,-0.000038164361383586504f,-0.9089110152855547f,0.0752690272391978f,0.951954482073159f,-0.2968454776466847f,2.017586965930726f,-0.02335807774495007f,-0.29592505683004894f,-0.9549255263863214f,0.3117710292102869f,0f,0f,0f,1f], start_interpolation: 0, interpolation_duration: 1 }
$data merge entity $(bone_righthand1) { transformation: [-0.9968896497318677f,0.07881005520208542f,-0.000038164361383586504f,-1.1384321065542935f,0.0752690272391978f,0.951954482073159f,-0.2968454776466847f,2.2651164220823565f,-0.02335807774495007f,-0.29592505683004894f,-0.9549255263863214f,0.2021088228669646f,0f,0f,0f,1f], start_interpolation: 0, interpolation_duration: 1 }
$data merge entity $(bone_rightforearm) { transformation: [-0.9968896497318677f,0.07881005520208542f,-0.000038164361383586504f,-1.0207125870639389f,0.0752690272391978f,0.951954482073159f,-0.2968454776466847f,2.934393313675826f,-0.02335807774495007f,-0.29592505683004894f,-0.9549255263863214f,0.010417108492182109f,0f,0f,0f,1f], start_interpolation: 0, interpolation_duration: 1 }
$data merge entity $(bone_rightelbow) { transformation: [-0.9968896497318677f,0.07881005520208542f,-0.000038164361383586504f,-1.0059357017135477f,0.0752690272391978f,0.951954482073159f,-0.2968454776466847f,3.1128847790645433f,-0.02335807774495007f,-0.29592505683004894f,-0.9549255263863214f,-0.04506883966345207f,0f,0f,0f,1f], start_interpolation: 0, interpolation_duration: 1 }
$data merge entity $(bone_rightarm) { transformation: [-0.9968896497318677f,0.07682950372116726f,0.01755715282821731f,-0.75f,0.0752690272391978f,0.9941990750832672f,-0.07682950372116724f,3.595920138888889f,-0.02335807774495007f,-0.07526902723919779f,-0.9968896497318677f,-0.04644097222222227f,0f,0f,0f,1f], start_interpolation: 0, interpolation_duration: 1 }
$data merge entity $(bone_chest1) { transformation: [-1.0833333333333333f,0f,1.3267006990762992e-16f,-0.002323124999999981f,0f,1.0833333333333333f,0f,3.4356195138888888f,-1.3267006990762992e-16f,0f,-1.0833333333333333f,-0.15651034722222218f,0f,0f,0f,1f], start_interpolation: 0, interpolation_duration: 1 }
$data merge entity $(bone_chest1lid) { transformation: [-1f,0f,1.2246467991473532e-16f,-0.34375000000000006f,0f,1f,0f,2.752170138888889f,-1.2246467991473532e-16f,0f,-1f,0.23480902777777776f,0f,0f,0f,1f], start_interpolation: 0, interpolation_duration: 1 }
$data merge entity $(bone_chest2) { transformation: [-1f,0f,1.2246467991473532e-16f,-0.34375000000000006f,0f,1f,0f,2.595920138888889f,-1.2246467991473532e-16f,0f,-1f,0.23480902777777776f,0f,0f,0f,1f], start_interpolation: 0, interpolation_duration: 1 }
$data merge entity $(bone_chest1lid3) { transformation: [-1f,0f,1.2246467991473532e-16f,-0.28124999999999994f,0f,1f,0f,2.752170138888889f,-1.2246467991473532e-16f,0f,-1f,-0.4058159722222222f,0f,0f,0f,1f], start_interpolation: 0, interpolation_duration: 1 }
$data merge entity $(bone_chest3) { transformation: [-1f,0f,1.2246467991473532e-16f,-0.28124999999999994f,0f,1f,0f,2.595920138888889f,-1.2246467991473532e-16f,0f,-1f,-0.4058159722222222f,0f,0f,0f,1f], start_interpolation: 0, interpolation_duration: 1 }
$data merge entity $(bone_hugeasssword2) { transformation: [-1.3493280322890861e-15f,2.887669569172986f,-2.646061646494669f,-1.234375f,2.1741867565575984e-16f,2.6460616464946694f,2.887669569172986f,4.595920138888889f,3.916666666666667f,5.710562051440511e-16f,-1.1937237951956666e-15f,-0.4214409722222223f,0f,0f,0f,1f], start_interpolation: 0, interpolation_duration: 1 }
$data merge entity $(bone_belt) { transformation: [-1f,0f,1.2246467991473532e-16f,0.029705625000000003f,0f,1f,0f,3.0372895138888887f,-1.2246467991473532e-16f,0f,-1f,-0.025607847222222174f,0f,0f,0f,1f], start_interpolation: 0, interpolation_duration: 1 }
$data merge entity $(bone_torn_part) { transformation: [-1f,-3.6825839484795376e-17f,1.16796641102639e-16f,-0.09375f,0f,0.9537169507482269f,0.30070579950427306f,2.752170138888889f,-1.2246467991473532e-16f,0.30070579950427306f,-0.9537169507482269f,-0.030815972222222182f,0f,0f,0f,1f], start_interpolation: 0, interpolation_duration: 1 }
$data merge entity $(bone_lowerbody) { transformation: [-1f,0f,1.2246467991473532e-16f,0.0039062499999999866f,0f,1f,0f,2.263888888888889f,-1.2246467991473532e-16f,0f,-1f,0.10980902777777782f,0f,0f,0f,1f], start_interpolation: 0, interpolation_duration: 1 }
$data merge entity $(bone_leftfoot) { transformation: [-0.9996414188119107f,-0.004952264257004631f,-0.02631556335021039f,0.28779117175006713f,-0.005250313167298929f,0.9999227194199803f,0.011268957334054149f,0.11603380137060726f,0.02625772281359199f,0.011403081446707274f,-0.9995901668814895f,-0.24684347612605878f,0f,0f,0f,1f], start_interpolation: 0, interpolation_duration: 1 }
$data merge entity $(bone_leftlowerleg) { transformation: [-0.9996414188119107f,-0.0045288703308492525f,-0.02639172463550829f,0.2868219292532318f,-0.005250313167298929f,0.9996126480119185f,0.027331083883477766f,1.220779781293625f,0.02625772281359199f,0.0274598482903086f,-0.9992779837084962f,-0.06284551657336596f,0f,0f,0f,1f], start_interpolation: 0, interpolation_duration: 1 }
$data merge entity $(bone_leftleg) { transformation: [-0.9996414188119107f,-0.005894930111892902f,-0.026120558850951874f,0.25f,-0.005250313167298929f,0.999681645899717f,-0.02467875732037981f,2.283420138888889f,0.02625772281359199f,-0.024532766868186937f,-0.9993541290966059f,-0.062065972222222154f,0f,0f,0f,1f], start_interpolation: 0, interpolation_duration: 1 }
$data merge entity $(bone_rightfoot) { transformation: [-0.9998620790077025f,0.005094319680376042f,0.015807304304939342f,-0.289477830240558f,0.005251472118008318f,0.9999370432259534f,0.009916230389187595f,0.11563629541935727f,-0.01575579268042715f,0.009997874350670734f,-0.9998258835944785f,-0.26273318439868654f,0f,0f,0f,1f], start_interpolation: 0, interpolation_duration: 1 }
$data merge entity $(bone_rightlowerleg) { transformation: [-0.9998620790077025f,0.004868692516733922f,0.01587824913434474f,-0.2865162479919584f,0.005251472118008318f,0.9996944263118699f,0.02415524873759287f,1.2209609513197701f,-0.01575579268042715f,0.024235301404329595f,-0.9995821152676015f,-0.0822657280641457f,0f,0f,0f,1f], start_interpolation: 0, interpolation_duration: 1 }
$data merge entity $(bone_rightleg) { transformation: [-0.9998620790077025f,0.005345920377074764f,0.015723997510709457f,-0.25f,0.005251472118008318f,0.9999679588296674f,-0.006041800610938455f,2.283420138888889f,-0.01575579268042715f,-0.005958393185291807f,-0.9998581162083253f,-0.06206597222222221f,0f,0f,0f,1f], start_interpolation: 0, interpolation_duration: 1 }
data modify entity @s data merge value {"locators":{"lefthand":{"posx":0.875,"posy":1.8887759056939757,"posz":0.1107066386443088,"roty":0,"rotx":-9.700000000000024},"righthand":{"posx":-1.0036002307423033,"posy":2.0144073590402374,"posz":0.32912574978445364,"roty":359.9977101284095,"rotx":-17.268233337599927},"chest":{"posx":-0.37500000000000006,"posy":2.689670138888889,"posz":0.3910590277777778,"roty":0,"rotx":0},"sack":{"posx":0,"posy":-0.4375,"posz":0,"roty":0,"rotx":0}},"cameras":{}}