# This file was generated by Animated Java via MC-Build. It is not recommended to edit this file directly.
$data merge entity $(bone_nose) {transformation: [-0.9005f,-0.2175f,0.3765f,-0.7541f,-0.0147f,0.8806f,0.4737f,3.0346f,-0.4345f,0.421f,-0.7962f,0.5075f,0f,0f,0f,1f],start_interpolation: 0,interpolation_duration: 1}
$data merge entity $(bone_glowing_eye) {transformation: [-0.9005f,-0.2175f,0.3765f,-0.8945f,-0.0147f,0.8806f,0.4737f,3.0759f,-0.4345f,0.421f,-0.7962f,0.5094f,0f,0f,0f,1f],start_interpolation: 0,interpolation_duration: 1}
$data merge entity $(bone_head) {transformation: [-0.9005f,-0.2175f,0.3765f,-0.6567f,-0.0147f,0.8806f,0.4737f,3.0146f,-0.4345f,0.421f,-0.7962f,0.3064f,0f,0f,0f,1f],start_interpolation: 0,interpolation_duration: 1}
$data merge entity $(bone_leftthumb2) {transformation: [0.7127f,0.5647f,-0.4162f,-2.1873f,-0.6665f,0.7301f,-0.1506f,2.3266f,0.2188f,0.3847f,0.8967f,1.053f,0f,0f,0f,1f],start_interpolation: 0,interpolation_duration: 1}
$data merge entity $(bone_leftthumb) {transformation: [0.7127f,0.5647f,-0.4162f,-2.0844f,-0.6665f,0.7301f,-0.1506f,2.4928f,0.2188f,0.3847f,0.8967f,1.224f,0f,0f,0f,1f],start_interpolation: 0,interpolation_duration: 1}
$data merge entity $(bone_leftpointerfinger) {transformation: [0.5529f,-0.5817f,-0.5966f,-2.367f,0.4112f,0.8132f,-0.4118f,2.4955f,0.7247f,-0.0177f,0.6888f,1.0488f,0f,0f,0f,1f],start_interpolation: 0,interpolation_duration: 1}
$data merge entity $(bone_leftmidfinger) {transformation: [0.5245f,-0.6074f,-0.5966f,-2.4603f,0.4496f,0.7927f,-0.4118f,2.4311f,0.7231f,-0.0523f,0.6888f,1.1564f,0f,0f,0f,1f],start_interpolation: 0,interpolation_duration: 1}
$data merge entity $(bone_leftringfinger) {transformation: [0.5245f,-0.6074f,-0.5966f,-2.5535f,0.4496f,0.7927f,-0.4118f,2.3668f,0.7231f,-0.0523f,0.6888f,1.264f,0f,0f,0f,1f],start_interpolation: 0,interpolation_duration: 1}
$data merge entity $(bone_invisibility) {transformation: [0.7336f,0.6631f,-0.1486f,-2.2546f,-0.1772f,0.3978f,0.9002f,2.4471f,0.656f,-0.6341f,0.4094f,1.0719f,0f,0f,0f,1f],start_interpolation: 0,interpolation_duration: 1}
$data merge entity $(bone_swiftness) {transformation: [-0.5966f,0.7886f,-0.1486f,-2.4655f,-0.4118f,-0.1419f,0.9002f,2.3422f,0.6888f,0.5983f,0.4094f,1.0987f,0f,0f,0f,1f],start_interpolation: 0,interpolation_duration: 1}
$data merge entity $(bone_suspicious_stew) {transformation: [0.4626f,0.874f,-0.1486f,-2.4034f,-0.3026f,0.3132f,0.9002f,2.3765f,0.8333f,-0.3714f,0.4094f,1.173f,0f,0f,0f,1f],start_interpolation: 0,interpolation_duration: 1}
$data merge entity $(bone_log) {transformation: [0.1486f,0.7886f,-0.5966f,-2.3189f,-0.9002f,-0.1419f,-0.4118f,2.2551f,-0.4094f,0.5983f,0.6888f,1.2417f,0f,0f,0f,1f],start_interpolation: 0,interpolation_duration: 1}
$data merge entity $(bone_planks) {transformation: [0.1486f,0.7886f,-0.5966f,-2.3049f,-0.9002f,-0.1419f,-0.4118f,2.1707f,-0.4094f,0.5983f,0.6888f,1.2033f,0f,0f,0f,1f],start_interpolation: 0,interpolation_duration: 1}
$data merge entity $(bone_lefthand1) {transformation: [0.1486f,0.7886f,-0.5966f,-2.1402f,-0.9002f,-0.1419f,-0.4118f,2.4576f,-0.4094f,0.5983f,0.6888f,1.4721f,0f,0f,0f,1f],start_interpolation: 0,interpolation_duration: 1}
$data merge entity $(bone_leftforearm) {transformation: [0.4054f,0.8618f,-0.3048f,-1.4975f,-0.8713f,0.2634f,-0.4141f,2.5825f,-0.2766f,0.4334f,0.8577f,1.7563f,0f,0f,0f,1f],start_interpolation: 0,interpolation_duration: 1}
$data merge entity $(bone_leftelbow) {transformation: [0.4054f,0.8618f,-0.3048f,-1.3359f,-0.8713f,0.2634f,-0.4141f,2.6319f,-0.2766f,0.4334f,0.8577f,1.8375f,0f,0f,0f,1f],start_interpolation: 0,interpolation_duration: 1}
$data merge entity $(bone_leftarm) {transformation: [-0.0764f,0.7721f,0.6309f,-0.9829f,-0.9343f,0.1657f,-0.3158f,2.5009f,-0.3483f,-0.6136f,0.7087f,1.1958f,0f,0f,0f,1f],start_interpolation: 0,interpolation_duration: 1}
$data merge entity $(bone_rightthumb2) {transformation: [-0.0374f,0.1813f,0.9827f,-0.2155f,-0.2676f,0.9457f,-0.1846f,1.8632f,-0.9628f,-0.2699f,0.0132f,-1.5659f,0f,0f,0f,1f],start_interpolation: 0,interpolation_duration: 1}
$data merge entity $(bone_rightthumb) {transformation: [-0.0374f,0.1813f,0.9827f,-0.087f,-0.2676f,0.9457f,-0.1846f,2.0794f,-0.9628f,-0.2699f,0.0132f,-1.6309f,0f,0f,0f,1f],start_interpolation: 0,interpolation_duration: 1}
$data merge entity $(bone_rightpointerfinger) {transformation: [-0.6504f,0.2178f,0.7277f,-0.1995f,-0.7445f,0.0075f,-0.6676f,1.8393f,-0.1509f,-0.976f,0.1573f,-1.8317f,0f,0f,0f,1f],start_interpolation: 0,interpolation_duration: 1}
$data merge entity $(bone_rightmidfinger) {transformation: [-0.66f,0.1866f,0.7277f,-0.0858f,-0.744f,-0.028f,-0.6676f,1.735f,-0.1042f,-0.982f,0.1573f,-1.8071f,0f,0f,0f,1f],start_interpolation: 0,interpolation_duration: 1}
$data merge entity $(bone_rightringfinger) {transformation: [-0.66f,0.1866f,0.7277f,0.0279f,-0.744f,-0.028f,-0.6676f,1.6307f,-0.1042f,-0.982f,0.1573f,-1.7826f,0f,0f,0f,1f],start_interpolation: 0,interpolation_duration: 1}
$data merge entity $(bone_hugeasssword) {transformation: [2.1815f,1.5677f,2.8502f,-0.0876f,1.7287f,2.3483f,-2.6148f,1.8103f,-2.7555f,2.7144f,0.616f,-1.5781f,0f,0f,0f,1f],start_interpolation: 0,interpolation_duration: 1}
$data merge entity $(bone_ice) {transformation: [0.557f,0.4003f,0.7277f,-0.1026f,0.4414f,0.5996f,-0.6676f,1.794f,-0.7035f,0.693f,0.1573f,-1.578f,0f,0f,0f,1f],start_interpolation: 0,interpolation_duration: 1}
$data merge entity $(bone_righthand1) {transformation: [0.557f,0.4003f,0.7277f,0.1595f,0.4414f,0.5996f,-0.6676f,2.0334f,-0.7035f,0.693f,0.1573f,-1.5757f,0f,0f,0f,1f],start_interpolation: 0,interpolation_duration: 1}
$data merge entity $(bone_rightforearm) {transformation: [-0.3322f,0.113f,0.9364f,0.3013f,0.7739f,0.6003f,0.202f,2.3919f,-0.5393f,0.7918f,-0.2869f,-0.995f,0f,0f,0f,1f],start_interpolation: 0,interpolation_duration: 1}
$data merge entity $(bone_rightelbow) {transformation: [-0.3322f,0.113f,0.9364f,0.3225f,0.7739f,0.6003f,0.202f,2.5044f,-0.5393f,0.7918f,-0.2869f,-0.8465f,0f,0f,0f,1f],start_interpolation: 0,interpolation_duration: 1}
$data merge entity $(bone_rightarm) {transformation: [-0.0398f,-0.5163f,0.8555f,-0.0345f,0.7782f,0.521f,0.3507f,2.564f,-0.6267f,0.6797f,0.381f,-0.4369f,0f,0f,0f,1f],start_interpolation: 0,interpolation_duration: 1}
$data merge entity $(bone_chest1) {transformation: [0.4656f,-0.5547f,0.8057f,-0.2588f,0.0595f,0.9067f,0.5898f,2.5096f,-0.9764f,-0.2092f,0.4202f,0.4628f,0f,0f,0f,1f],start_interpolation: 0,interpolation_duration: 1}
$data merge entity $(bone_chest1lid) {transformation: [0.4298f,-0.512f,0.7437f,-0.0531f,0.055f,0.837f,0.5445f,1.7433f,-0.9013f,-0.1931f,0.3878f,0.1353f,0f,0f,0f,1f],start_interpolation: 0,interpolation_duration: 1}
$data merge entity $(bone_chest2) {transformation: [0.4298f,-0.512f,0.7437f,0.0269f,0.055f,0.837f,0.5445f,1.6125f,-0.9013f,-0.1931f,0.3878f,0.1654f,0f,0f,0f,1f],start_interpolation: 0,interpolation_duration: 1}
$data merge entity $(bone_chest1lid3) {transformation: [0.4298f,-0.512f,0.7437f,0.3965f,0.055f,0.837f,0.5445f,2.0886f,-0.9013f,-0.1931f,0.3878f,0.4401f,0f,0f,0f,1f],start_interpolation: 0,interpolation_duration: 1}
$data merge entity $(bone_chest3) {transformation: [0.4298f,-0.512f,0.7437f,0.4765f,0.055f,0.837f,0.5445f,1.9579f,-0.9013f,-0.1931f,0.3878f,0.4702f,0f,0f,0f,1f],start_interpolation: 0,interpolation_duration: 1}
$data merge entity $(bone_hugeasssword2) {transformation: [-2.913f,-2.5959f,-0.3413f,-0.1263f,-2.1325f,2.056f,2.5623f,3.6927f,-1.5191f,2.0915f,-2.9425f,-0.769f,0f,0f,0f,1f],start_interpolation: 0,interpolation_duration: 1}
$data merge entity $(bone_belt) {transformation: [0.4298f,-0.512f,0.7437f,-0.1659f,0.055f,0.837f,0.5445f,2.1032f,-0.9013f,-0.1931f,0.3878f,0.5178f,0f,0f,0f,1f],start_interpolation: 0,interpolation_duration: 1}
$data merge entity $(bone_torn_part) {transformation: [-0.026f,-0.3605f,0.9324f,-0.0594f,0.2312f,0.9053f,0.3565f,2.1329f,-0.9726f,0.2248f,0.0598f,0.4889f,0f,0f,0f,1f],start_interpolation: 0,interpolation_duration: 1}
$data merge entity $(bone_lowerbody) {transformation: [-0.026f,-0.0635f,0.9976f,-0.1662f,0.2312f,0.9706f,0.0678f,1.6269f,-0.9726f,0.2324f,-0.0105f,0.4719f,0f,0f,0f,1f],start_interpolation: 0,interpolation_duration: 1}
$data merge entity $(bone_leftfoot) {transformation: [-0.6443f,-0.7541f,0.1272f,0.897f,-0.173f,0.3058f,0.9362f,0.5448f,-0.7449f,0.5813f,-0.3276f,0.3157f,0f,0f,0f,1f],start_interpolation: 0,interpolation_duration: 1}
$data merge entity $(bone_leftlowerleg) {transformation: [-0.6443f,-0.7541f,0.1272f,0.0409f,-0.173f,0.3058f,0.9362f,0.7402f,-0.7449f,0.5813f,-0.3276f,1.0108f,0f,0f,0f,1f],start_interpolation: 0,interpolation_duration: 1}
$data merge entity $(bone_leftleg) {transformation: [-0.6535f,-0.0178f,0.7568f,-0.0187f,-0.2936f,0.9274f,-0.2317f,1.5491f,-0.6977f,-0.3736f,-0.6113f,0.663f,0f,0f,0f,1f],start_interpolation: 0,interpolation_duration: 1}
$data merge entity $(bone_rightfoot) {transformation: [-0.717f,-0.2126f,0.6638f,-0.5929f,-0.0908f,0.9727f,0.2134f,0.2784f,-0.6911f,0.0927f,-0.7168f,0.2104f,0f,0f,0f,1f],start_interpolation: 0,interpolation_duration: 1}
$data merge entity $(bone_rightlowerleg) {transformation: [-0.717f,-0.2126f,0.6638f,-0.9307f,-0.0908f,0.9727f,0.2134f,1.3247f,-0.6911f,0.0927f,-0.7168f,0.4233f,0f,0f,0f,1f],start_interpolation: 0,interpolation_duration: 1}
$data merge entity $(bone_rightleg) {transformation: [-0.4248f,0.8545f,0.299f,-0.1592f,0.168f,0.3989f,-0.9015f,1.6909f,-0.8896f,-0.3328f,-0.313f,0.1923f,0f,0f,0f,1f],start_interpolation: 0,interpolation_duration: 1}
data modify entity @s data merge value {"cameras":{},"locators":{"lefthand":{"posx":-2.3850928259952404,"posy":2.3570212162087727,"posz":1.2225703098459484,"roty":220.8983757106067,"rotx":-24.316233078499682},"sword":{"posx":-2.7514046569161845,"posy":4.298307666997392,"posz":-2.237191641974135,"roty":102.19632071379866,"rotx":-41.88336912489618},"righthand":{"posx":-0.06800546340614694,"posy":1.83647189388041,"posz":-1.65720056922285,"roty":102.19632071379866,"rotx":-41.88336912489618},"chest":{"posx":-0.12390865526645434,"posy":1.6076175574990788,"posz":0.05857043548866277,"roty":117.54135237487904,"rotx":32.98766037019442}}}