# This file was generated by Animated Java via MC-Build. It is not recommended to edit this file directly.
$data merge entity $(bone_nose) {transformation: [-0.9665f,0.1072f,-0.2331f,-0.5227f,-0.0394f,0.8358f,0.5476f,3.2525f,0.2535f,0.5385f,-0.8036f,1.1922f,0f,0f,0f,1f],start_interpolation: 0,interpolation_duration: 1}
$data merge entity $(bone_glowing_eye) {transformation: [-0.9665f,0.1072f,-0.2331f,-0.6282f,-0.0394f,0.8358f,0.5476f,3.285f,0.2535f,0.5385f,-0.8036f,1.2884f,0f,0f,0f,1f],start_interpolation: 0,interpolation_duration: 1}
$data merge entity $(bone_head) {transformation: [-0.9665f,0.1072f,-0.2331f,-0.5796f,-0.0394f,0.8358f,0.5476f,3.2518f,0.2535f,0.5385f,-0.8036f,0.9752f,0f,0f,0f,1f],start_interpolation: 0,interpolation_duration: 1}
$data merge entity $(bone_leftthumb2) {transformation: [0.1958f,0.0073f,0.9806f,0.5045f,0.1596f,0.9864f,-0.0392f,2.0908f,-0.9676f,0.1642f,0.1919f,1.7905f,0f,0f,0f,1f],start_interpolation: 0,interpolation_duration: 1}
$data merge entity $(bone_leftthumb) {transformation: [0.1958f,0.0073f,0.9806f,0.5901f,0.1596f,0.9864f,-0.0392f,2.3293f,-0.9676f,0.1642f,0.1919f,1.8472f,0f,0f,0f,1f],start_interpolation: 0,interpolation_duration: 1}
$data merge entity $(bone_leftpointerfinger) {transformation: [0.2921f,0.0312f,0.9559f,0.5387f,0.7586f,0.601f,-0.2515f,2.0299f,-0.5824f,0.7986f,0.1519f,1.9833f,0f,0f,0f,1f],start_interpolation: 0,interpolation_duration: 1}
$data merge entity $(bone_leftmidfinger) {transformation: [0.2929f,0.0233f,0.9559f,0.688f,0.7747f,0.5802f,-0.2515f,1.9906f,-0.5604f,0.8142f,0.1519f,2.007f,0f,0f,0f,1f],start_interpolation: 0,interpolation_duration: 1}
$data merge entity $(bone_leftringfinger) {transformation: [0.2929f,0.0233f,0.9559f,0.8374f,0.7747f,0.5802f,-0.2515f,1.9513f,-0.5604f,0.8142f,0.1519f,2.0308f,0f,0f,0f,1f],start_interpolation: 0,interpolation_duration: 1}
$data merge entity $(bone_invisibility) {transformation: [0.3694f,-0.9272f,-0.0618f,0.547f,0.8833f,0.3297f,0.3334f,2.1006f,-0.2888f,-0.1777f,0.9408f,1.8424f,0f,0f,0f,1f],start_interpolation: 0,interpolation_duration: 1}
$data merge entity $(bone_swiftness) {transformation: [0.9559f,0.2872f,-0.0618f,0.6905f,-0.2515f,0.9086f,0.3334f,1.913f,0.1519f,-0.3031f,0.9408f,1.8629f,0f,0f,0f,1f],start_interpolation: 0,interpolation_duration: 1}
$data merge entity $(bone_suspicious_stew) {transformation: [0.6643f,-0.7449f,-0.0618f,0.7127f,0.7172f,0.6119f,0.3334f,2.0109f,-0.2105f,-0.2658f,0.9408f,1.8851f,0f,0f,0f,1f],start_interpolation: 0,interpolation_duration: 1}
$data merge entity $(bone_log) {transformation: [0.0618f,0.2872f,0.9559f,0.7993f,-0.3334f,0.9086f,-0.2515f,2.0814f,-0.9408f,-0.3031f,0.1519f,1.7661f,0f,0f,0f,1f],start_interpolation: 0,interpolation_duration: 1}
$data merge entity $(bone_planks) {transformation: [0.0618f,0.2872f,0.9559f,0.805f,-0.3334f,0.9086f,-0.2515f,2.0501f,-0.9408f,-0.3031f,0.1519f,1.6779f,0f,0f,0f,1f],start_interpolation: 0,interpolation_duration: 1}
$data merge entity $(bone_lefthand1) {transformation: [0.0618f,0.2872f,0.9559f,0.8257f,-0.3334f,0.9086f,-0.2515f,2.3998f,-0.9408f,-0.3031f,0.1519f,1.9207f,0f,0f,0f,1f],start_interpolation: 0,interpolation_duration: 1}
$data merge entity $(bone_leftforearm) {transformation: [0.0687f,0.4048f,0.9118f,1.0968f,-0.5604f,0.7718f,-0.3004f,2.9083f,-0.8253f,-0.4904f,0.2799f,1.5302f,0f,0f,0f,1f],start_interpolation: 0,interpolation_duration: 1}
$data merge entity $(bone_leftelbow) {transformation: [0.0687f,0.4048f,0.9118f,1.1727f,-0.5604f,0.7718f,-0.3004f,3.0531f,-0.8253f,-0.4904f,0.2799f,1.4383f,0f,0f,0f,1f],start_interpolation: 0,interpolation_duration: 1}
$data merge entity $(bone_leftarm) {transformation: [-0.1054f,-0.8591f,0.5009f,0.4383f,-0.8774f,0.3174f,0.3597f,2.9144f,-0.468f,-0.4016f,-0.7872f,1.1764f,0f,0f,0f,1f],start_interpolation: 0,interpolation_duration: 1}
$data merge entity $(bone_rightthumb2) {transformation: [-0.7544f,-0.6552f,0.0394f,-1.5089f,-0.5036f,0.5392f,-0.675f,1.9847f,0.421f,-0.5291f,-0.7368f,0.9768f,0f,0f,0f,1f],start_interpolation: 0,interpolation_duration: 1}
$data merge entity $(bone_rightthumb) {transformation: [-0.7544f,-0.6552f,0.0394f,-1.6662f,-0.5036f,0.5392f,-0.675f,2.0592f,0.421f,-0.5291f,-0.7368f,0.784f,0f,0f,0f,1f],start_interpolation: 0,interpolation_duration: 1}
$data merge entity $(bone_rightpointerfinger) {transformation: [-0.2037f,-0.9472f,0.2476f,-1.651f,-0.5764f,-0.0884f,-0.8124f,1.8423f,0.7914f,-0.3082f,-0.528f,1.0362f,0f,0f,0f,1f],start_interpolation: 0,interpolation_duration: 1}
$data merge entity $(bone_rightmidfinger) {transformation: [-0.1779f,-0.9524f,0.2476f,-1.6123f,-0.5738f,-0.1041f,-0.8124f,1.7154f,0.7995f,-0.2866f,-0.528f,0.9537f,0f,0f,0f,1f],start_interpolation: 0,interpolation_duration: 1}
$data merge entity $(bone_rightringfinger) {transformation: [-0.1779f,-0.9524f,0.2476f,-1.5736f,-0.5738f,-0.1041f,-0.8124f,1.5885f,0.7995f,-0.2866f,-0.528f,0.8712f,0f,0f,0f,1f],start_interpolation: 0,interpolation_duration: 1}
$data merge entity $(bone_hugeasssword) {transformation: [-3.7732f,-0.4034f,0.9699f,-1.4564f,-1.0355f,2.0358f,-3.1817f,1.8833f,-0.1765f,-3.3216f,-2.0679f,0.7981f,0f,0f,0f,1f],start_interpolation: 0,interpolation_duration: 1}
$data merge entity $(bone_ice) {transformation: [-0.9634f,-0.103f,0.2476f,-1.4397f,-0.2644f,0.5198f,-0.8124f,1.8793f,-0.0451f,-0.8481f,-0.528f,0.8121f,0f,0f,0f,1f],start_interpolation: 0,interpolation_duration: 1}
$data merge entity $(bone_righthand1) {transformation: [-0.9634f,-0.103f,0.2476f,-1.6985f,-0.2644f,0.5198f,-0.8124f,1.9177f,-0.0451f,-0.8481f,-0.528f,0.5723f,0f,0f,0f,1f],start_interpolation: 0,interpolation_duration: 1}
$data merge entity $(bone_rightforearm) {transformation: [-0.7207f,0.0745f,-0.6892f,-1.614f,0.5211f,0.7139f,-0.4677f,2.3498f,0.4573f,-0.6962f,-0.5533f,0.0319f,0f,0f,0f,1f],start_interpolation: 0,interpolation_duration: 1}
$data merge entity $(bone_rightelbow) {transformation: [-0.7207f,0.0745f,-0.6892f,-1.6001f,0.5211f,0.7139f,-0.4677f,2.4837f,0.4573f,-0.6962f,-0.5533f,-0.0986f,0f,0f,0f,1f],start_interpolation: 0,interpolation_duration: 1}
$data merge entity $(bone_rightarm) {transformation: [-0.8777f,0.4739f,0.0703f,-1.1431f,0.4622f,0.799f,0.3846f,2.7493f,0.1261f,0.3701f,-0.9204f,0.2625f,0f,0f,0f,1f],start_interpolation: 0,interpolation_duration: 1}
$data merge entity $(bone_chest1) {transformation: [-0.9434f,-0.4571f,0.2733f,-0.284f,-0.0973f,0.6944f,0.8258f,2.893f,-0.5236f,0.6946f,-0.6457f,0.5044f,0f,0f,0f,1f],start_interpolation: 0,interpolation_duration: 1}
$data merge entity $(bone_chest1lid) {transformation: [-0.8708f,-0.422f,0.2522f,-0.3916f,-0.0898f,0.641f,0.7623f,2.126f,-0.4833f,0.6412f,-0.596f,0.1344f,0f,0f,0f,1f],start_interpolation: 0,interpolation_duration: 1}
$data merge entity $(bone_chest2) {transformation: [-0.8708f,-0.422f,0.2522f,-0.3257f,-0.0898f,0.641f,0.7623f,2.0258f,-0.4833f,0.6412f,-0.596f,0.0342f,0f,0f,0f,1f],start_interpolation: 0,interpolation_duration: 1}
$data merge entity $(bone_chest1lid3) {transformation: [-0.8708f,-0.422f,0.2522f,-0.1756f,-0.0898f,0.641f,0.7623f,2.6199f,-0.4833f,0.6412f,-0.596f,-0.2172f,0f,0f,0f,1f],start_interpolation: 0,interpolation_duration: 1}
$data merge entity $(bone_chest3) {transformation: [-0.8708f,-0.422f,0.2522f,-0.1097f,-0.0898f,0.641f,0.7623f,2.5198f,-0.4833f,0.6412f,-0.596f,-0.3174f,0f,0f,0f,1f],start_interpolation: 0,interpolation_duration: 1}
$data merge entity $(bone_hugeasssword2) {transformation: [-0.9879f,1.3981f,-3.5227f,-1.7796f,-2.9857f,1.9553f,1.6133f,3.728f,2.3345f,3.0923f,0.5726f,0.4949f,0f,0f,0f,1f],start_interpolation: 0,interpolation_duration: 1}
$data merge entity $(bone_belt) {transformation: [-0.8708f,-0.422f,0.2522f,-0.121f,-0.0898f,0.641f,0.7623f,2.5408f,-0.4833f,0.6412f,-0.596f,0.3425f,0f,0f,0f,1f],start_interpolation: 0,interpolation_duration: 1}
$data merge entity $(bone_torn_part) {transformation: [-0.8789f,-0.214f,0.4264f,-0.1509f,-0.0362f,0.9211f,0.3877f,2.4286f,-0.4757f,0.3253f,-0.8173f,0.1705f,0f,0f,0f,1f],start_interpolation: 0,interpolation_duration: 1}
$data merge entity $(bone_lowerbody) {transformation: [-0.8789f,-0.0759f,0.471f,-0.0942f,-0.0362f,0.995f,0.0928f,1.9332f,-0.4757f,0.0645f,-0.8773f,0.3089f,0f,0f,0f,1f],start_interpolation: 0,interpolation_duration: 1}
$data merge entity $(bone_leftfoot) {transformation: [-0.9268f,-0.3239f,-0.1901f,0.7606f,-0.3755f,0.8079f,0.4541f,0.369f,0.0065f,0.4922f,-0.8705f,0.2442f,0f,0f,0f,1f],start_interpolation: 0,interpolation_duration: 1}
$data merge entity $(bone_leftlowerleg) {transformation: [-0.9268f,-0.3239f,-0.1901f,0.4304f,-0.3755f,0.8079f,0.4541f,1.1955f,0.0065f,0.4922f,-0.8705f,0.9241f,0f,0f,0f,1f],start_interpolation: 0,interpolation_duration: 1}
$data merge entity $(bone_leftleg) {transformation: [-0.9035f,-0.2675f,0.3349f,0.1573f,-0.4123f,0.7563f,-0.508f,1.9073f,-0.1174f,-0.597f,-0.7936f,0.3994f,0f,0f,0f,1f],start_interpolation: 0,interpolation_duration: 1}
$data merge entity $(bone_rightfoot) {transformation: [-0.8731f,-0.1182f,0.4729f,-0.6867f,0.0313f,0.9546f,0.2963f,0.2781f,-0.4865f,0.2736f,-0.8298f,0.2368f,0f,0f,0f,1f],start_interpolation: 0,interpolation_duration: 1}
$data merge entity $(bone_rightlowerleg) {transformation: [-0.8731f,-0.1182f,0.4729f,-0.8905f,0.0313f,0.9546f,0.2963f,1.2915f,-0.4865f,0.2736f,-0.8298f,0.6677f,0f,0f,0f,1f],start_interpolation: 0,interpolation_duration: 1}
$data merge entity $(bone_rightleg) {transformation: [-0.8402f,0.5027f,0.2035f,-0.4161f,0.1932f,0.628f,-0.7538f,1.8873f,-0.5068f,-0.594f,-0.6248f,0.163f,0f,0f,0f,1f],start_interpolation: 0,interpolation_duration: 1}
data modify entity @s data merge value {"cameras":{},"locators":{"lefthand":{"posx":0.756084343204536,"posy":2.045597667243364,"posz":1.875594155871648,"roty":99.0298087881028,"rotx":-14.565165204481723},"sword":{"posx":-2.445443141810649,"posy":4.854634278341209,"posz":2.7762110223744028,"roty":25.12871429140455,"rotx":-54.326951380247586},"righthand":{"posx":-1.5322691618249942,"posy":1.8590644145007458,"posz":0.8293338503042235,"roty":25.12871429140455,"rotx":-54.326951380247586},"chest":{"posx":-0.43185170269289663,"posy":1.963987703523571,"posz":0.17234036831767646,"roty":22.93720932240393,"rotx":49.66786354716759}}}