# This file was generated by Animated Java via MC-Build. It is not recommended to edit this file directly.
$data merge entity $(bone_nose) {transformation: [-0.9669f,0.1312f,-0.2188f,-0.3782f,-0.0239f,0.8072f,0.5898f,3.3139f,0.254f,0.5755f,-0.7774f,1.2037f,0f,0f,0f,1f],start_interpolation: 0,interpolation_duration: 1}
$data merge entity $(bone_glowing_eye) {transformation: [-0.9669f,0.1312f,-0.2188f,-0.4826f,-0.0239f,0.8072f,0.5898f,3.345f,0.254f,0.5755f,-0.7774f,1.3015f,0f,0f,0f,1f],start_interpolation: 0,interpolation_duration: 1}
$data merge entity $(bone_head) {transformation: [-0.9669f,0.1312f,-0.2188f,-0.4354f,-0.0239f,0.8072f,0.5898f,3.3247f,0.254f,0.5755f,-0.7774f,0.9871f,0f,0f,0f,1f],start_interpolation: 0,interpolation_duration: 1}
$data merge entity $(bone_leftthumb2) {transformation: [-0.0419f,0.1792f,0.9829f,0.7184f,0.1559f,0.9729f,-0.1708f,2.1087f,-0.9869f,0.1461f,-0.0687f,1.5627f,0f,0f,0f,1f],start_interpolation: 0,interpolation_duration: 1}
$data merge entity $(bone_leftthumb) {transformation: [-0.0419f,0.1792f,0.9829f,0.8463f,0.1559f,0.9729f,-0.1708f,2.3327f,-0.9869f,0.1461f,-0.0687f,1.5926f,0f,0f,0f,1f],start_interpolation: 0,interpolation_duration: 1}
$data merge entity $(bone_leftpointerfinger) {transformation: [0.1581f,0.3119f,0.9369f,0.7999f,0.6455f,0.6854f,-0.3371f,2.0283f,-0.7473f,0.658f,-0.093f,1.7239f,0f,0f,0f,1f],start_interpolation: 0,interpolation_duration: 1}
$data merge entity $(bone_leftmidfinger) {transformation: [0.1649f,0.3084f,0.9369f,0.9462f,0.6603f,0.6711f,-0.3371f,1.9756f,-0.7327f,0.6741f,-0.093f,1.7094f,0f,0f,0f,1f],start_interpolation: 0,interpolation_duration: 1}
$data merge entity $(bone_leftringfinger) {transformation: [0.1649f,0.3084f,0.9369f,1.0926f,0.6603f,0.6711f,-0.3371f,1.9229f,-0.7327f,0.6741f,-0.093f,1.6948f,0f,0f,0f,1f],start_interpolation: 0,interpolation_duration: 1}
$data merge entity $(bone_invisibility) {transformation: [0.3814f,-0.9071f,0.1781f,0.7812f,0.8798f,0.4154f,0.2312f,2.1097f,-0.2837f,0.0685f,0.9565f,1.577f,0f,0f,0f,1f],start_interpolation: 0,interpolation_duration: 1}
$data merge entity $(bone_swiftness) {transformation: [0.9369f,0.3009f,0.1781f,0.9069f,-0.3371f,0.9126f,0.2312f,1.9109f,-0.093f,-0.2767f,0.9565f,1.5472f,0f,0f,0f,1f],start_interpolation: 0,interpolation_duration: 1}
$data merge entity $(bone_suspicious_stew) {transformation: [0.6687f,-0.7219f,0.1781f,0.9428f,0.6846f,0.6912f,0.2312f,2.0037f,-0.2901f,-0.0326f,0.9565f,1.5725f,0f,0f,0f,1f],start_interpolation: 0,interpolation_duration: 1}
$data merge entity $(bone_log) {transformation: [-0.1781f,0.3009f,0.9369f,1.0076f,-0.2312f,0.9126f,-0.3371f,2.0803f,-0.9565f,-0.2767f,-0.093f,1.4439f,0f,0f,0f,1f],start_interpolation: 0,interpolation_duration: 1}
$data merge entity $(bone_planks) {transformation: [-0.1781f,0.3009f,0.9369f,0.9909f,-0.2312f,0.9126f,-0.3371f,2.0587f,-0.9565f,-0.2767f,-0.093f,1.3542f,0f,0f,0f,1f],start_interpolation: 0,interpolation_duration: 1}
$data merge entity $(bone_lefthand1) {transformation: [-0.1781f,0.3009f,0.9369f,1.0981f,-0.2312f,0.9126f,-0.3371f,2.3768f,-0.9565f,-0.2767f,-0.093f,1.6167f,0f,0f,0f,1f],start_interpolation: 0,interpolation_duration: 1}
$data merge entity $(bone_leftforearm) {transformation: [-0.1301f,0.323f,0.9374f,1.3034f,-0.4901f,0.8009f,-0.3439f,2.9089f,-0.8619f,-0.5042f,0.0541f,1.2183f,0f,0f,0f,1f],start_interpolation: 0,interpolation_duration: 1}
$data merge entity $(bone_leftelbow) {transformation: [-0.1301f,0.323f,0.9374f,1.364f,-0.4901f,0.8009f,-0.3439f,3.0591f,-0.8619f,-0.5042f,0.0541f,1.1238f,0f,0f,0f,1f],start_interpolation: 0,interpolation_duration: 1}
$data merge entity $(bone_leftarm) {transformation: [-0.2465f,-0.9065f,0.3428f,0.5879f,-0.8276f,0.3809f,0.4124f,2.9686f,-0.5044f,-0.182f,-0.8441f,1.0151f,0f,0f,0f,1f],start_interpolation: 0,interpolation_duration: 1}
$data merge entity $(bone_rightthumb2) {transformation: [-0.8027f,-0.5961f,-0.0177f,-1.4841f,-0.4384f,0.61f,-0.6601f,2.0237f,0.4043f,-0.5221f,-0.751f,1.1874f,0f,0f,0f,1f],start_interpolation: 0,interpolation_duration: 1}
$data merge entity $(bone_rightthumb) {transformation: [-0.8027f,-0.5961f,-0.0177f,-1.6318f,-0.4384f,0.61f,-0.6601f,2.1168f,0.4043f,-0.5221f,-0.751f,0.9952f,0f,0f,0f,1f],start_interpolation: 0,interpolation_duration: 1}
$data merge entity $(bone_rightpointerfinger) {transformation: [-0.3851f,-0.9126f,0.1372f,-1.6169f,-0.5918f,0.1302f,-0.7955f,1.8831f,0.7081f,-0.3875f,-0.5903f,1.2343f,0f,0f,0f,1f],start_interpolation: 0,interpolation_duration: 1}
$data merge entity $(bone_rightmidfinger) {transformation: [-0.3651f,-0.9208f,0.1372f,-1.5954f,-0.5945f,0.1173f,-0.7955f,1.7588f,0.7164f,-0.372f,-0.5903f,1.1421f,0f,0f,0f,1f],start_interpolation: 0,interpolation_duration: 1}
$data merge entity $(bone_rightringfinger) {transformation: [-0.3651f,-0.9208f,0.1372f,-1.574f,-0.5945f,0.1173f,-0.7955f,1.6345f,0.7164f,-0.372f,-0.5903f,1.0499f,0f,0f,0f,1f],start_interpolation: 0,interpolation_duration: 1}
$data merge entity $(bone_hugeasssword) {transformation: [-3.8251f,-0.6483f,0.5372f,-1.4328f,-0.8153f,2.229f,-3.1156f,1.9291f,0.21f,-3.1546f,-2.3118f,0.9768f,0f,0f,0f,1f],start_interpolation: 0,interpolation_duration: 1}
$data merge entity $(bone_ice) {transformation: [-0.9766f,-0.1655f,0.1372f,-1.415f,-0.2082f,0.5691f,-0.7955f,1.9234f,0.0536f,-0.8054f,-0.5903f,0.9886f,0f,0f,0f,1f],start_interpolation: 0,interpolation_duration: 1}
$data merge entity $(bone_righthand1) {transformation: [-0.9766f,-0.1655f,0.1372f,-1.6962f,-0.2082f,0.5691f,-0.7955f,1.9888f,0.0536f,-0.8054f,-0.5903f,0.7822f,0f,0f,0f,1f],start_interpolation: 0,interpolation_duration: 1}
$data merge entity $(bone_rightforearm) {transformation: [-0.632f,0.0393f,-0.774f,-1.6466f,0.5349f,0.7448f,-0.3989f,2.4437f,0.5608f,-0.6661f,-0.4917f,0.2564f,0f,0f,0f,1f],start_interpolation: 0,interpolation_duration: 1}
$data merge entity $(bone_rightelbow) {transformation: [-0.632f,0.0393f,-0.774f,-1.6393f,0.5349f,0.7448f,-0.3989f,2.5834f,0.5608f,-0.6661f,-0.4917f,0.1315f,0f,0f,0f,1f],start_interpolation: 0,interpolation_duration: 1}
$data merge entity $(bone_rightarm) {transformation: [-0.8147f,0.5767f,-0.0609f,-1.1159f,0.5286f,0.7817f,0.3309f,2.8291f,0.2385f,0.2374f,-0.9417f,0.3754f,0f,0f,0f,1f],start_interpolation: 0,interpolation_duration: 1}
$data merge entity $(bone_chest1) {transformation: [-1.0121f,-0.3369f,0.189f,-0.2191f,-0.0789f,0.6991f,0.8238f,2.9629f,-0.3781f,0.7559f,-0.6777f,0.477f,0f,0f,0f,1f],start_interpolation: 0,interpolation_duration: 1}
$data merge entity $(bone_chest1lid) {transformation: [-0.9343f,-0.3109f,0.1744f,-0.3939f,-0.0728f,0.6453f,0.7604f,2.1994f,-0.349f,0.6978f,-0.6255f,0.1257f,0f,0f,0f,1f],start_interpolation: 0,interpolation_duration: 1}
$data merge entity $(bone_chest2) {transformation: [-0.9343f,-0.3109f,0.1744f,-0.3453f,-0.0728f,0.6453f,0.7604f,2.0986f,-0.349f,0.6978f,-0.6255f,0.0167f,0f,0f,0f,1f],start_interpolation: 0,interpolation_duration: 1}
$data merge entity $(bone_chest1lid3) {transformation: [-0.9343f,-0.3109f,0.1744f,-0.2237f,-0.0728f,0.6453f,0.7604f,2.6911f,-0.349f,0.6978f,-0.6255f,-0.2532f,0f,0f,0f,1f],start_interpolation: 0,interpolation_duration: 1}
$data merge entity $(bone_chest3) {transformation: [-0.9343f,-0.3109f,0.1744f,-0.1751f,-0.0728f,0.6453f,0.7604f,2.5903f,-0.349f,0.6978f,-0.6255f,-0.3622f,0f,0f,0f,1f],start_interpolation: 0,interpolation_duration: 1}
$data merge entity $(bone_hugeasssword2) {transformation: [-0.6832f,1.8751f,-3.3701f,-1.6848f,-2.9784f,1.9177f,1.6709f,3.8234f,2.45f,2.8542f,1.0914f,0.6909f,0f,0f,0f,1f],start_interpolation: 0,interpolation_duration: 1}
$data merge entity $(bone_belt) {transformation: [-0.9343f,-0.3109f,0.1744f,-0.0882f,-0.0728f,0.6453f,0.7604f,2.6086f,-0.349f,0.6978f,-0.6255f,0.2921f,0f,0f,0f,1f],start_interpolation: 0,interpolation_duration: 1}
$data merge entity $(bone_torn_part) {transformation: [-0.9342f,-0.159f,0.3193f,-0.1432f,-0.0283f,0.9254f,0.378f,2.4703f,-0.3555f,0.3441f,-0.869f,0.1238f,0f,0f,0f,1f],start_interpolation: 0,interpolation_duration: 1}
$data merge entity $(bone_lowerbody) {transformation: [-0.9342f,-0.0556f,0.3523f,-0.0743f,-0.0283f,0.9962f,0.0822f,1.9751f,-0.3555f,0.0669f,-0.9323f,0.2569f,0f,0f,0f,1f],start_interpolation: 0,interpolation_duration: 1}
$data merge entity $(bone_leftfoot) {transformation: [-0.9266f,-0.2686f,-0.2631f,0.7386f,-0.355f,0.8556f,0.3766f,0.3279f,0.1239f,0.4424f,-0.8882f,0.1992f,0f,0f,0f,1f],start_interpolation: 0,interpolation_duration: 1}
$data merge entity $(bone_leftlowerleg) {transformation: [-0.9266f,-0.2686f,-0.2631f,0.481f,-0.355f,0.8556f,0.3766f,1.2193f,0.1239f,0.4424f,-0.8882f,0.8265f,0f,0f,0f,1f],start_interpolation: 0,interpolation_duration: 1}
$data merge entity $(bone_leftleg) {transformation: [-0.9256f,-0.2889f,0.2445f,0.1904f,-0.3772f,0.757f,-0.5335f,1.9434f,-0.0309f,-0.5861f,-0.8097f,0.31f,0f,0f,0f,1f],start_interpolation: 0,interpolation_duration: 1}
$data merge entity $(bone_rightfoot) {transformation: [-0.9022f,-0.0696f,0.4257f,-0.6946f,0.0608f,0.9565f,0.2854f,0.2781f,-0.427f,0.2834f,-0.8587f,0.1997f,0f,0f,0f,1f],start_interpolation: 0,interpolation_duration: 1}
$data merge entity $(bone_rightlowerleg) {transformation: [-0.9022f,-0.0696f,0.4257f,-0.8372f,0.0608f,0.9565f,0.2854f,1.2953f,-0.427f,0.2834f,-0.8587f,0.6459f,0f,0f,0f,1f],start_interpolation: 0,interpolation_duration: 1}
$data merge entity $(bone_rightleg) {transformation: [-0.8767f,0.4537f,0.1601f,-0.4036f,0.2114f,0.6622f,-0.7189f,1.9284f,-0.4322f,-0.5964f,-0.6764f,0.1357f,0f,0f,0f,1f],start_interpolation: 0,interpolation_duration: 1}
data modify entity @s data merge value {"cameras":{},"locators":{"lefthand":{"posx":0.9861611171128958,"posy":2.035986263138197,"posz":1.5566303706731865,"roty":84.33109708500925,"rotx":-19.701530965109445},"sword":{"posx":-2.0118332603219056,"posy":4.840809964249609,"posz":3.1919410945087017,"roty":13.08133992361823,"rotx":-52.700906842535886},"righthand":{"posx":-1.5060816310889917,"posy":1.9074661363645726,"posz":1.015392099669163,"roty":13.08133992361823,"rotx":-52.700906842535886},"chest":{"posx":-0.43089643056043647,"posy":2.038005050587517,"posz":0.1689390146694507,"roty":15.582102145268834,"rotx":49.50322269579957}}}