# This file was generated by Animated Java via MC-Build. It is not recommended to edit this file directly.
$data merge entity $(bone_nose) {transformation: [-0.9916f,0.1068f,-0.0725f,0.0544f,0.0204f,0.6843f,0.729f,3.408f,0.1274f,0.7214f,-0.6807f,1.0866f,0f,0f,0f,1f],start_interpolation: 0,interpolation_duration: 1}
$data merge entity $(bone_glowing_eye) {transformation: [-0.9916f,0.1068f,-0.0725f,-0.0598f,0.0204f,0.6843f,0.729f,3.4315f,0.1274f,0.7214f,-0.6807f,1.1751f,0f,0f,0f,1f],start_interpolation: 0,interpolation_duration: 1}
$data merge entity $(bone_head) {transformation: [-0.9916f,0.1068f,-0.0725f,0.0276f,0.0204f,0.6843f,0.729f,3.4601f,0.1274f,0.7214f,-0.6807f,0.8701f,0f,0f,0f,1f],start_interpolation: 0,interpolation_duration: 1}
$data merge entity $(bone_leftthumb2) {transformation: [-0.8913f,0.219f,0.397f,1.3166f,-0.0044f,0.8714f,-0.4906f,2.063f,-0.4534f,-0.439f,-0.7757f,1.2973f,0f,0f,0f,1f],start_interpolation: 0,interpolation_duration: 1}
$data merge entity $(bone_leftthumb) {transformation: [-0.8913f,0.219f,0.397f,1.4042f,-0.0044f,0.8714f,-0.4906f,2.2347f,-0.4534f,-0.439f,-0.7757f,1.1233f,0f,0f,0f,1f],start_interpolation: 0,interpolation_duration: 1}
$data merge entity $(bone_leftpointerfinger) {transformation: [-0.8716f,0.2943f,0.392f,1.4549f,0.0604f,0.8581f,-0.5099f,1.9341f,-0.4864f,-0.4208f,-0.7657f,1.2883f,0f,0f,0f,1f],start_interpolation: 0,interpolation_duration: 1}
$data merge entity $(bone_leftmidfinger) {transformation: [-0.8708f,0.2967f,0.392f,1.5162f,0.0628f,0.8579f,-0.5099f,1.8545f,-0.4876f,-0.4194f,-0.7657f,1.1686f,0f,0f,0f,1f],start_interpolation: 0,interpolation_duration: 1}
$data merge entity $(bone_leftringfinger) {transformation: [-0.8708f,0.2967f,0.392f,1.5774f,0.0628f,0.8579f,-0.5099f,1.7748f,-0.4876f,-0.4194f,-0.7657f,1.049f,0f,0f,0f,1f],start_interpolation: 0,interpolation_duration: 1}
$data merge entity $(bone_invisibility) {transformation: [0.2137f,-0.3748f,0.9021f,1.3004f,0.8111f,0.5828f,0.05f,2.035f,-0.5445f,0.721f,0.4285f,1.1828f,0f,0f,0f,1f],start_interpolation: 0,interpolation_duration: 1}
$data merge entity $(bone_swiftness) {transformation: [0.392f,0.1802f,0.9021f,1.3025f,-0.5099f,0.8588f,0.05f,1.8205f,-0.7657f,-0.4796f,0.4285f,1.0819f,0f,0f,0f,1f],start_interpolation: 0,interpolation_duration: 1}
$data merge entity $(bone_suspicious_stew) {transformation: [0.329f,-0.2791f,0.9021f,1.3655f,0.5628f,0.8251f,0.05f,1.8991f,-0.7583f,0.4913f,0.4285f,1.0617f,0f,0f,0f,1f],start_interpolation: 0,interpolation_duration: 1}
$data merge entity $(bone_log) {transformation: [-0.9021f,0.1802f,0.392f,1.3218f,-0.05f,0.8588f,-0.5099f,1.9779f,-0.4285f,-0.4796f,-0.7657f,0.9257f,0f,0f,0f,1f],start_interpolation: 0,interpolation_duration: 1}
$data merge entity $(bone_planks) {transformation: [-0.9021f,0.1802f,0.392f,1.2372f,-0.05f,0.8588f,-0.5099f,1.9732f,-0.4285f,-0.4796f,-0.7657f,0.8855f,0f,0f,0f,1f],start_interpolation: 0,interpolation_duration: 1}
$data merge entity $(bone_lefthand1) {transformation: [-0.9021f,0.1802f,0.392f,1.5801f,-0.05f,0.8588f,-0.5099f,2.221f,-0.4285f,-0.4796f,-0.7657f,0.9369f,0f,0f,0f,1f],start_interpolation: 0,interpolation_duration: 1}
$data merge entity $(bone_leftforearm) {transformation: [-0.7159f,0.0944f,0.6918f,1.6002f,-0.4023f,0.7541f,-0.5191f,2.7248f,-0.5707f,-0.6499f,-0.5019f,0.4521f,0f,0f,0f,1f],start_interpolation: 0,interpolation_duration: 1}
$data merge entity $(bone_leftelbow) {transformation: [-0.7159f,0.0944f,0.6918f,1.6179f,-0.4023f,0.7541f,-0.5191f,2.8662f,-0.5707f,-0.6499f,-0.5019f,0.3303f,0f,0f,0f,1f],start_interpolation: 0,interpolation_duration: 1}
$data merge entity $(bone_leftarm) {transformation: [-0.6442f,-0.7487f,0.1563f,0.9067f,-0.6771f,0.6533f,0.3389f,3.0121f,-0.3558f,0.1124f,-0.9278f,0.5096f,0f,0f,0f,1f],start_interpolation: 0,interpolation_duration: 1}
$data merge entity $(bone_rightthumb2) {transformation: [-0.9605f,-0.2627f,-0.0919f,-1.3695f,-0.1565f,0.7827f,-0.6024f,2.1072f,0.2302f,-0.5642f,-0.7929f,1.684f,0f,0f,0f,1f],start_interpolation: 0,interpolation_duration: 1}
$data merge entity $(bone_rightthumb) {transformation: [-0.9605f,-0.2627f,-0.0919f,-1.4418f,-0.1565f,0.7827f,-0.6024f,2.2477f,0.2302f,-0.5642f,-0.7929f,1.4779f,0f,0f,0f,1f],start_interpolation: 0,interpolation_duration: 1}
$data merge entity $(bone_rightpointerfinger) {transformation: [-0.9396f,-0.332f,-0.083f,-1.4759f,-0.2092f,0.7494f,-0.6282f,1.9543f,0.2708f,-0.5729f,-0.7736f,1.6592f,0f,0f,0f,1f],start_interpolation: 0,interpolation_duration: 1}
$data merge entity $(bone_rightmidfinger) {transformation: [-0.9387f,-0.3346f,-0.083f,-1.4889f,-0.2113f,0.7488f,-0.6282f,1.8562f,0.2724f,-0.5722f,-0.7736f,1.5383f,0f,0f,0f,1f],start_interpolation: 0,interpolation_duration: 1}
$data merge entity $(bone_rightringfinger) {transformation: [-0.9387f,-0.3346f,-0.083f,-1.5019f,-0.2113f,0.7488f,-0.6282f,1.758f,0.2724f,-0.5722f,-0.7736f,1.4175f,0f,0f,0f,1f],start_interpolation: 0,interpolation_duration: 1}
$data merge entity $(bone_hugeasssword) {transformation: [-3.8164f,-0.8182f,-0.3253f,-1.279f,-0.4368f,3.0158f,-2.4606f,2.0511f,0.7644f,-2.3614f,-3.0298f,1.3777f,0f,0f,0f,1f],start_interpolation: 0,interpolation_duration: 1}
$data merge entity $(bone_ice) {transformation: [-0.9744f,-0.2089f,-0.083f,-1.2605f,-0.1115f,0.77f,-0.6282f,2.0408f,0.1952f,-0.6029f,-0.7736f,1.3841f,0f,0f,0f,1f],start_interpolation: 0,interpolation_duration: 1}
$data merge entity $(bone_righthand1) {transformation: [-0.9744f,-0.2089f,-0.083f,-1.5589f,-0.1115f,0.77f,-0.6282f,2.1858f,0.1952f,-0.6029f,-0.7736f,1.258f,0f,0f,0f,1f],start_interpolation: 0,interpolation_duration: 1}
$data merge entity $(bone_rightforearm) {transformation: [-0.4433f,0.0401f,-0.8955f,-1.5291f,0.4371f,0.8819f,-0.1768f,2.7521f,0.7826f,-0.4698f,-0.4084f,0.8527f,0f,0f,0f,1f],start_interpolation: 0,interpolation_duration: 1}
$data merge entity $(bone_rightelbow) {transformation: [-0.4433f,0.0401f,-0.8955f,-1.5216f,0.4371f,0.8819f,-0.1768f,2.9174f,0.7826f,-0.4698f,-0.4084f,0.7646f,0f,0f,0f,1f],start_interpolation: 0,interpolation_duration: 1}
$data merge entity $(bone_rightarm) {transformation: [-0.5047f,0.7663f,-0.3976f,-0.9022f,0.765f,0.6104f,0.2055f,3.0244f,0.4001f,-0.2005f,-0.8943f,0.6257f,0f,0f,0f,1f],start_interpolation: 0,interpolation_duration: 1}
$data merge entity $(bone_chest1) {transformation: [-1.0821f,0.046f,-0.0243f,-0.0044f,0.012f,0.7129f,0.8156f,3.0894f,0.0507f,0.8144f,-0.7126f,0.3229f,0f,0f,0f,1f],start_interpolation: 0,interpolation_duration: 1}
$data merge entity $(bone_chest1lid) {transformation: [-0.9988f,0.0425f,-0.0225f,-0.3657f,0.0111f,0.6581f,0.7529f,2.3488f,0.0468f,0.7517f,-0.6578f,0.0825f,0f,0f,0f,1f],start_interpolation: 0,interpolation_duration: 1}
$data merge entity $(bone_chest2) {transformation: [-0.9988f,0.0425f,-0.0225f,-0.3723f,0.0111f,0.6581f,0.7529f,2.246f,0.0468f,0.7517f,-0.6578f,-0.035f,0f,0f,0f,1f],start_interpolation: 0,interpolation_duration: 1}
$data merge entity $(bone_chest1lid3) {transformation: [-0.9988f,0.0425f,-0.0225f,-0.3177f,0.0111f,0.6581f,0.7529f,2.8304f,0.0468f,0.7517f,-0.6578f,-0.3419f,0f,0f,0f,1f],start_interpolation: 0,interpolation_duration: 1}
$data merge entity $(bone_chest3) {transformation: [-0.9988f,0.0425f,-0.0225f,-0.3243f,0.0111f,0.6581f,0.7529f,2.7276f,0.0468f,0.7517f,-0.6578f,-0.4593f,0f,0f,0f,1f],start_interpolation: 0,interpolation_duration: 1}
$data merge entity $(bone_hugeasssword2) {transformation: [0.088f,2.9968f,-2.5203f,-1.1917f,-2.9487f,1.7094f,1.9297f,4.0661f,2.5764f,1.8541f,2.2945f,1.0785f,0f,0f,0f,1f],start_interpolation: 0,interpolation_duration: 1}
$data merge entity $(bone_belt) {transformation: [-0.9988f,0.0425f,-0.0225f,0.0136f,0.0111f,0.6581f,0.7529f,2.7284f,0.0468f,0.7517f,-0.6578f,0.108f,0f,0f,0f,1f],start_interpolation: 0,interpolation_duration: 1}
$data merge entity $(bone_torn_part) {transformation: [-0.9998f,-0.0207f,0.0009f,-0.1065f,-0.0194f,0.9504f,0.3105f,2.5076f,-0.0073f,0.3104f,-0.9506f,-0.0219f,0f,0f,0f,1f],start_interpolation: 0,interpolation_duration: 1}
$data merge entity $(bone_lowerbody) {transformation: [-0.9998f,-0.0195f,0.0071f,-0.0004f,-0.0194f,0.9998f,0.0103f,2.0199f,-0.0073f,0.0102f,-0.9999f,0.1145f,0f,0f,0f,1f],start_interpolation: 0,interpolation_duration: 1}
$data merge entity $(bone_leftfoot) {transformation: [-0.9342f,-0.1323f,-0.3313f,0.7425f,-0.2017f,0.9619f,0.1847f,0.2094f,0.2942f,0.2394f,-0.9253f,0.1746f,0f,0f,0f,1f],start_interpolation: 0,interpolation_duration: 1}
$data merge entity $(bone_leftlowerleg) {transformation: [-0.9342f,-0.1323f,-0.3313f,0.6467f,-0.2017f,0.9619f,0.1847f,1.2481f,0.2942f,0.2394f,-0.9253f,0.5824f,0f,0f,0f,1f],start_interpolation: 0,interpolation_duration: 1}
$data merge entity $(bone_leftleg) {transformation: [-0.922f,-0.3571f,-0.1494f,0.2797f,-0.1798f,0.7369f,-0.6517f,1.9802f,0.3428f,-0.574f,-0.7436f,0.0914f,0f,0f,0f,1f],start_interpolation: 0,interpolation_duration: 1}
$data merge entity $(bone_rightfoot) {transformation: [-0.959f,0.0787f,0.2724f,-0.7468f,0.1351f,0.9715f,0.1947f,0.2096f,-0.2493f,0.2235f,-0.9423f,0.1716f,0f,0f,0f,1f],start_interpolation: 0,interpolation_duration: 1}
$data merge entity $(bone_rightlowerleg) {transformation: [-0.959f,0.0787f,0.2724f,-0.7013f,0.1351f,0.9715f,0.1947f,1.2575f,-0.2493f,0.2235f,-0.9423f,0.5644f,0f,0f,0f,1f],start_interpolation: 0,interpolation_duration: 1}
$data merge entity $(bone_rightleg) {transformation: [-0.9221f,0.3853f,0.0358f,-0.3152f,0.28f,0.7283f,-0.6254f,1.9704f,-0.2671f,-0.5667f,-0.7795f,0.0745f,0f,0f,0f,1f],start_interpolation: 0,interpolation_duration: 1}
data modify entity @s data merge value {"cameras":{},"locators":{"lefthand":{"posx":1.386179450184632,"posy":1.923465746441253,"posz":1.0153092946219033,"roty":27.109863777482815,"rotx":-30.657732408308114},"sword":{"posx":-1.041050509305778,"posy":4.344793543847035,"posz":4.27640846115851,"roty":353.8726474127982,"rotx":-38.92066134481905},"righthand":{"posx":-1.3472771906075285,"posy":2.028145055325691,"posz":1.4238620110037203,"roty":353.8726474127982,"rotx":-38.92066134481905},"chest":{"posx":-0.39606806188981697,"posy":2.1904264399428492,"posz":0.13973281923008188,"roty":358.044457340847,"rotx":48.8380934948556}}}