# This file was generated by Animated Java via MC-Build. It is not recommended to edit this file directly.
$data merge entity $(bone_nose) {transformation: [-0.9997f,0.0205f,0.0107f,0.0093f,0.0215f,0.6551f,0.7552f,3.4024f,0.0084f,0.7552f,-0.6554f,1.061f,0f,0f,0f,1f],start_interpolation: 0,interpolation_duration: 1}
$data merge entity $(bone_glowing_eye) {transformation: [-0.9997f,0.0205f,0.0107f,-0.1147f,0.0215f,0.6551f,0.7552f,3.4231f,0.0084f,0.7552f,-0.6554f,1.1361f,0f,0f,0f,1f],start_interpolation: 0,interpolation_duration: 1}
$data merge entity $(bone_head) {transformation: [-0.9997f,0.0205f,0.0107f,0.0088f,0.0215f,0.6551f,0.7552f,3.463f,0.0084f,0.7552f,-0.6554f,0.845f,0f,0f,0f,1f],start_interpolation: 0,interpolation_duration: 1}
$data merge entity $(bone_leftthumb2) {transformation: [-0.9102f,0.1993f,0.363f,1.297f,-0.0194f,0.8551f,-0.518f,2.0387f,-0.4137f,-0.4786f,-0.7745f,1.3933f,0f,0f,0f,1f],start_interpolation: 0,interpolation_duration: 1}
$data merge entity $(bone_leftthumb) {transformation: [-0.9102f,0.1993f,0.363f,1.3769f,-0.0194f,0.8551f,-0.518f,2.2041f,-0.4137f,-0.4786f,-0.7745f,1.2097f,0f,0f,0f,1f],start_interpolation: 0,interpolation_duration: 1}
$data merge entity $(bone_leftpointerfinger) {transformation: [-0.9102f,0.1993f,0.363f,1.4281f,-0.0194f,0.8551f,-0.518f,1.9014f,-0.4137f,-0.4786f,-0.7745f,1.3757f,0f,0f,0f,1f],start_interpolation: 0,interpolation_duration: 1}
$data merge entity $(bone_leftmidfinger) {transformation: [-0.9102f,0.1993f,0.363f,1.4848f,-0.0194f,0.8551f,-0.518f,1.8204f,-0.4137f,-0.4786f,-0.7745f,1.2547f,0f,0f,0f,1f],start_interpolation: 0,interpolation_duration: 1}
$data merge entity $(bone_leftringfinger) {transformation: [-0.9102f,0.1993f,0.363f,1.5415f,-0.0194f,0.8551f,-0.518f,1.7395f,-0.4137f,-0.4786f,-0.7745f,1.1337f,0f,0f,0f,1f],start_interpolation: 0,interpolation_duration: 1}
$data merge entity $(bone_invisibility) {transformation: [0.2302f,-0.3442f,0.9102f,1.2679f,0.8067f,0.5906f,0.0194f,2.0075f,-0.5442f,0.7299f,0.4137f,1.27f,0f,0f,0f,1f],start_interpolation: 0,interpolation_duration: 1}
$data merge entity $(bone_swiftness) {transformation: [0.363f,0.1993f,0.9102f,1.2616f,-0.518f,0.8551f,0.0194f,1.7935f,-0.7745f,-0.4786f,0.4137f,1.168f,0f,0f,0f,1f],start_interpolation: 0,interpolation_duration: 1}
$data merge entity $(bone_suspicious_stew) {transformation: [0.334f,-0.2448f,0.9102f,1.3266f,0.5561f,0.8309f,0.0194f,1.8702f,-0.761f,0.4997f,0.4137f,1.1472f,0f,0f,0f,1f],start_interpolation: 0,interpolation_duration: 1}
$data merge entity $(bone_log) {transformation: [-0.9102f,0.1993f,0.363f,1.2832f,-0.0194f,0.8551f,-0.518f,1.951f,-0.4137f,-0.4786f,-0.7745f,1.0123f,0f,0f,0f,1f],start_interpolation: 0,interpolation_duration: 1}
$data merge entity $(bone_planks) {transformation: [-0.9102f,0.1993f,0.363f,1.1979f,-0.0194f,0.8551f,-0.518f,1.9492f,-0.4137f,-0.4786f,-0.7745f,0.9735f,0f,0f,0f,1f],start_interpolation: 0,interpolation_duration: 1}
$data merge entity $(bone_lefthand1) {transformation: [-0.9102f,0.1993f,0.363f,1.5493f,-0.0194f,0.8551f,-0.518f,2.1858f,-0.4137f,-0.4786f,-0.7745f,1.0203f,0f,0f,0f,1f],start_interpolation: 0,interpolation_duration: 1}
$data merge entity $(bone_leftforearm) {transformation: [-0.7418f,0.1036f,0.6626f,1.5744f,-0.3864f,0.7414f,-0.5486f,2.6819f,-0.5481f,-0.663f,-0.5099f,0.5286f,0f,0f,0f,1f],start_interpolation: 0,interpolation_duration: 1}
$data merge entity $(bone_leftelbow) {transformation: [-0.7418f,0.1036f,0.6626f,1.5938f,-0.3864f,0.7414f,-0.5486f,2.8209f,-0.5481f,-0.663f,-0.5099f,0.4043f,0f,0f,0f,1f],start_interpolation: 0,interpolation_duration: 1}
$data merge entity $(bone_leftarm) {transformation: [-0.6535f,-0.7217f,0.2282f,0.8903f,-0.6667f,0.6916f,0.2777f,3.0042f,-0.3583f,0.0293f,-0.9331f,0.528f,0f,0f,0f,1f],start_interpolation: 0,interpolation_duration: 1}
$data merge entity $(bone_rightthumb2) {transformation: [-0.9836f,-0.1726f,-0.0527f,-1.4579f,-0.1037f,0.7797f,-0.6175f,2.1229f,0.1476f,-0.6019f,-0.7848f,1.6039f,0f,0f,0f,1f],start_interpolation: 0,interpolation_duration: 1}
$data merge entity $(bone_rightthumb) {transformation: [-0.9836f,-0.1726f,-0.0527f,-1.5047f,-0.1037f,0.7797f,-0.6175f,2.2614f,0.1476f,-0.6019f,-0.7848f,1.3892f,0f,0f,0f,1f],start_interpolation: 0,interpolation_duration: 1}
$data merge entity $(bone_rightpointerfinger) {transformation: [-0.9836f,-0.1726f,-0.0527f,-1.5582f,-0.1037f,0.7797f,-0.6175f,1.9652f,0.1476f,-0.6019f,-0.7848f,1.5661f,0f,0f,0f,1f],start_interpolation: 0,interpolation_duration: 1}
$data merge entity $(bone_rightmidfinger) {transformation: [-0.9836f,-0.1726f,-0.0527f,-1.5664f,-0.1037f,0.7797f,-0.6175f,1.8688f,0.1476f,-0.6019f,-0.7848f,1.4434f,0f,0f,0f,1f],start_interpolation: 0,interpolation_duration: 1}
$data merge entity $(bone_rightringfinger) {transformation: [-0.9836f,-0.1726f,-0.0527f,-1.5746f,-0.1037f,0.7797f,-0.6175f,1.7723f,0.1476f,-0.6019f,-0.7848f,1.3208f,0f,0f,0f,1f],start_interpolation: 0,interpolation_duration: 1}
$data merge entity $(bone_hugeasssword) {transformation: [-3.8524f,-0.6759f,-0.2063f,-1.3394f,-0.4062f,3.0538f,-2.4186f,2.0643f,0.5782f,-2.3575f,-3.0738f,1.2942f,0f,0f,0f,1f],start_interpolation: 0,interpolation_duration: 1}
$data merge entity $(bone_ice) {transformation: [-0.9836f,-0.1726f,-0.0527f,-1.3213f,-0.1037f,0.7797f,-0.6175f,2.0538f,0.1476f,-0.6019f,-0.7848f,1.3013f,0f,0f,0f,1f],start_interpolation: 0,interpolation_duration: 1}
$data merge entity $(bone_righthand1) {transformation: [-0.9836f,-0.1726f,-0.0527f,-1.612f,-0.1037f,0.7797f,-0.6175f,2.2035f,0.1476f,-0.6019f,-0.7848f,1.1632f,0f,0f,0f,1f],start_interpolation: 0,interpolation_duration: 1}
$data merge entity $(bone_rightforearm) {transformation: [-0.4753f,0.071f,-0.8769f,-1.5575f,0.4318f,0.8873f,-0.1622f,2.7745f,0.7666f,-0.4558f,-0.4524f,0.7673f,0f,0f,0f,1f],start_interpolation: 0,interpolation_duration: 1}
$data merge entity $(bone_rightelbow) {transformation: [-0.4753f,0.071f,-0.8769f,-1.5442f,0.4318f,0.8873f,-0.1622f,2.9409f,0.7666f,-0.4558f,-0.4524f,0.6818f,0f,0f,0f,1f],start_interpolation: 0,interpolation_duration: 1}
$data merge entity $(bone_rightarm) {transformation: [-0.5074f,0.7833f,-0.3592f,-0.9166f,0.7733f,0.5978f,0.2113f,3.0381f,0.3803f,-0.1706f,-0.909f,0.5642f,0f,0f,0f,1f],start_interpolation: 0,interpolation_duration: 1}
$data merge entity $(bone_chest1) {transformation: [-1.083f,0.0222f,0.0116f,-0.0061f,0.0233f,0.7097f,0.8182f,3.0945f,0.0092f,0.8182f,-0.71f,0.2956f,0f,0f,0f,1f],start_interpolation: 0,interpolation_duration: 1}
$data merge entity $(bone_chest1lid) {transformation: [-0.9997f,0.0205f,0.0107f,-0.3657f,0.0215f,0.6551f,0.7552f,2.3586f,0.0084f,0.7552f,-0.6554f,0.0388f,0f,0f,0f,1f],start_interpolation: 0,interpolation_duration: 1}
$data merge entity $(bone_chest2) {transformation: [-0.9997f,0.0205f,0.0107f,-0.3689f,0.0215f,0.6551f,0.7552f,2.2563f,0.0084f,0.7552f,-0.6554f,-0.0792f,0f,0f,0f,1f],start_interpolation: 0,interpolation_duration: 1}
$data merge entity $(bone_chest1lid3) {transformation: [-0.9997f,0.0205f,0.0107f,-0.2963f,0.0215f,0.6551f,0.7552f,2.8411f,0.0084f,0.7552f,-0.6554f,-0.3816f,0f,0f,0f,1f],start_interpolation: 0,interpolation_duration: 1}
$data merge entity $(bone_chest3) {transformation: [-0.9997f,0.0205f,0.0107f,-0.2995f,0.0215f,0.6551f,0.7552f,2.7387f,0.0084f,0.7552f,-0.6554f,-0.4996f,0f,0f,0f,1f],start_interpolation: 0,interpolation_duration: 1}
$data merge entity $(bone_hugeasssword2) {transformation: [-0.042f,2.9411f,-2.5862f,-1.2112f,-2.9579f,1.6713f,1.9488f,4.0813f,2.5669f,1.974f,2.2033f,1.0087f,0f,0f,0f,1f],start_interpolation: 0,interpolation_duration: 1}
$data merge entity $(bone_belt) {transformation: [-0.9997f,0.0205f,0.0107f,0.0163f,0.0215f,0.6551f,0.7552f,2.734f,0.0084f,0.7552f,-0.6554f,0.0803f,0f,0f,0f,1f],start_interpolation: 0,interpolation_duration: 1}
$data merge entity $(bone_torn_part) {transformation: [-0.9998f,-0.0202f,-0.0066f,-0.097f,-0.0212f,0.9548f,0.2964f,2.5016f,0.0003f,0.2964f,-0.955f,-0.0476f,0f,0f,0f,1f],start_interpolation: 0,interpolation_duration: 1}
$data merge entity $(bone_lowerbody) {transformation: [-0.9998f,-0.0212f,-0.0002f,0.011f,-0.0212f,0.9998f,-0.0045f,2.0162f,0.0003f,-0.0045f,-1f,0.0951f,0f,0f,0f,1f],start_interpolation: 0,interpolation_duration: 1}
$data merge entity $(bone_leftfoot) {transformation: [-0.9377f,-0.1179f,-0.3269f,0.7466f,-0.1855f,0.9653f,0.1839f,0.205f,0.2938f,0.2331f,-0.927f,0.1546f,0f,0f,0f,1f],start_interpolation: 0,interpolation_duration: 1}
$data merge entity $(bone_leftlowerleg) {transformation: [-0.9377f,-0.1179f,-0.3269f,0.666f,-0.1855f,0.9653f,0.1839f,1.2476f,0.2938f,0.2331f,-0.927f,0.5556f,0f,0f,0f,1f],start_interpolation: 0,interpolation_duration: 1}
$data merge entity $(bone_leftleg) {transformation: [-0.9099f,-0.3683f,-0.191f,0.2871f,-0.1583f,0.7337f,-0.6608f,1.9773f,0.3835f,-0.571f,-0.7259f,0.0719f,0f,0f,0f,1f],start_interpolation: 0,interpolation_duration: 1}
$data merge entity $(bone_rightfoot) {transformation: [-0.96f,0.0716f,0.2708f,-0.7433f,0.1258f,0.974f,0.1884f,0.2035f,-0.2503f,0.2149f,-0.944f,0.1537f,0f,0f,0f,1f],start_interpolation: 0,interpolation_duration: 1}
$data merge entity $(bone_rightlowerleg) {transformation: [-0.96f,0.0716f,0.2708f,-0.7055f,0.1258f,0.974f,0.1884f,1.2551f,-0.2503f,0.2149f,-0.944f,0.5372f,0f,0f,0f,1f],start_interpolation: 0,interpolation_duration: 1}
$data merge entity $(bone_rightleg) {transformation: [-0.9159f,0.3995f,0.0402f,-0.3063f,0.2894f,0.7262f,-0.6236f,1.9656f,-0.2783f,-0.5595f,-0.7807f,0.0545f,0f,0f,0f,1f],start_interpolation: 0,interpolation_duration: 1}
data modify entity @s data merge value {"cameras":{},"locators":{"lefthand":{"posx":1.347305097274039,"posy":1.8941317347967659,"posz":1.100577101838938,"roty":25.111829818924832,"rotx":-31.201034873709194},"sword":{"posx":-1.2157054538881558,"posy":4.318561260750284,"posz":4.230774971023576,"roty":356.1593983426386,"rotx":-38.13421291725188},"righthand":{"posx":-1.4099812934492084,"posy":2.041509117064088,"posz":1.336824957098499,"roty":356.1593983426386,"rotx":-38.13421291725188},"chest":{"posx":-0.39987436805018683,"posy":2.200339279393015,"posz":0.0942396816424759,"roty":0.9380811040965398,"rotx":49.044656110672165}}}