# This file was generated by Animated Java via MC-Build. It is not recommended to edit this file directly.
$data merge entity $(nose) {transformation: [-0.993f,0.0293f,-0.1141f,-0.1012f,-0.0361f,0.8463f,0.5314f,3.1858f,0.1121f,0.5318f,-0.8394f,0.9929f,0f,0f,0f,1f],start_interpolation: 0,interpolation_duration: 1}
$data merge entity $(glowing_eye) {transformation: [-0.993f,0.0293f,-0.1141f,-0.2193f,-0.0361f,0.8463f,0.5314f,3.2201f,0.1121f,0.5318f,-0.8394f,1.0722f,0f,0f,0f,1f],start_interpolation: 0,interpolation_duration: 1}
$data merge entity $(head) {transformation: [-0.993f,0.0293f,-0.1141f,-0.1261f,-0.0361f,0.8463f,0.5314f,3.1808f,0.1121f,0.5318f,-0.8394f,0.77f,0f,0f,0f,1f],start_interpolation: 0,interpolation_duration: 1}
$data merge entity $(leftthumb2) {transformation: [-0.9608f,0.1324f,-0.2436f,1.8193f,0.2023f,0.9357f,-0.2891f,1.9407f,0.1897f,-0.327f,-0.9258f,0.5781f,0f,0f,0f,1f],start_interpolation: 0,interpolation_duration: 1}
$data merge entity $(leftthumb) {transformation: [-0.9608f,0.1324f,-0.2436f,1.831f,0.2023f,0.9357f,-0.2891f,2.1454f,0.1897f,-0.327f,-0.9258f,0.4188f,0f,0f,0f,1f],start_interpolation: 0,interpolation_duration: 1}
$data merge entity $(leftpointerfinger) {transformation: [-0.6612f,0.7012f,-0.2665f,1.9799f,0.7209f,0.4956f,-0.4845f,1.8548f,-0.2076f,-0.5125f,-0.8332f,0.4839f,0f,0f,0f,1f],start_interpolation: 0,interpolation_duration: 1}
$data merge entity $(leftmidfinger) {transformation: [-0.6419f,0.719f,-0.2665f,1.9383f,0.7341f,0.4758f,-0.4845f,1.7791f,-0.2215f,-0.5066f,-0.8332f,0.3537f,0f,0f,0f,1f],start_interpolation: 0,interpolation_duration: 1}
$data merge entity $(leftringfinger) {transformation: [-0.6419f,0.719f,-0.2665f,1.8967f,0.7341f,0.4758f,-0.4845f,1.7035f,-0.2215f,-0.5066f,-0.8332f,0.2235f,0f,0f,0f,1f],start_interpolation: 0,interpolation_duration: 1}
$data merge entity $(invisibility) {transformation: [-0.4302f,0.2299f,0.873f,1.848f,0.7944f,0.5558f,0.2451f,1.935f,-0.4289f,0.7989f,-0.4217f,0.517f,0f,0f,0f,1f],start_interpolation: 0,interpolation_duration: 1}
$data merge entity $(swiftness) {transformation: [-0.2665f,-0.4085f,0.873f,1.8079f,-0.4845f,0.8398f,0.2451f,1.7177f,-0.8332f,-0.3576f,-0.4217f,0.4311f,0f,0f,0f,1f],start_interpolation: 0,interpolation_duration: 1}
$data merge entity $(suspicious_stew) {transformation: [-0.4829f,0.0689f,0.873f,1.8172f,0.5563f,0.794f,0.2451f,1.8048f,-0.6762f,0.604f,-0.4217f,0.3775f,0f,0f,0f,1f],start_interpolation: 0,interpolation_duration: 1}
$data merge entity $(log) {transformation: [-0.873f,-0.4085f,-0.2665f,1.6718f,-0.2451f,0.8398f,-0.4845f,1.8641f,0.4217f,-0.3576f,-0.8332f,0.3333f,0f,0f,0f,1f],start_interpolation: 0,interpolation_duration: 1}
$data merge entity $(planks) {transformation: [-0.873f,-0.4085f,-0.2665f,1.5899f,-0.2451f,0.8398f,-0.4845f,1.8411f,0.4217f,-0.3576f,-0.8332f,0.3728f,0f,0f,0f,1f],start_interpolation: 0,interpolation_duration: 1}
$data merge entity $(lefthand1) {transformation: [-0.873f,-0.4085f,-0.2665f,1.7962f,-0.2451f,0.8398f,-0.4845f,2.1504f,0.4217f,-0.3576f,-0.8332f,0.1645f,0f,0f,0f,1f],start_interpolation: 0,interpolation_duration: 1}
$data merge entity $(leftforearm) {transformation: [-0.8622f,-0.5033f,0.0578f,1.3907f,-0.4994f,0.8251f,-0.2641f,2.6944f,0.0852f,-0.2566f,-0.9627f,-0.0111f,0f,0f,0f,1f],start_interpolation: 0,interpolation_duration: 1}
$data merge entity $(leftelbow) {transformation: [-0.8622f,-0.5033f,0.0578f,1.2963f,-0.4994f,0.8251f,-0.2641f,2.8491f,0.0852f,-0.2566f,-0.9627f,-0.0592f,0f,0f,0f,1f],start_interpolation: 0,interpolation_duration: 1}
$data merge entity $(leftarm) {transformation: [-0.6694f,-0.6553f,-0.3499f,0.788f,-0.7311f,0.4976f,0.4667f,2.8464f,-0.1318f,0.5682f,-0.8122f,0.4404f,0f,0f,0f,1f],start_interpolation: 0,interpolation_duration: 1}
$data merge entity $(rightthumb2) {transformation: [-0.2133f,-0.9165f,-0.3385f,-0.707f,-0.5657f,0.3983f,-0.722f,1.951f,0.7965f,0.0375f,-0.6035f,1.3727f,0f,0f,0f,1f],start_interpolation: 0,interpolation_duration: 1}
$data merge entity $(rightthumb) {transformation: [-0.2133f,-0.9165f,-0.3385f,-0.9607f,-0.5657f,0.3983f,-0.722f,1.987f,0.7965f,0.0375f,-0.6035f,1.3303f,0f,0f,0f,1f],start_interpolation: 0,interpolation_duration: 1}
$data merge entity $(rightpointerfinger) {transformation: [0.4488f,-0.8932f,-0.0264f,-0.7526f,-0.5313f,-0.2429f,-0.8116f,1.7959f,0.7186f,0.3783f,-0.5836f,1.5063f,0f,0f,0f,1f],start_interpolation: 0,interpolation_duration: 1}
$data merge entity $(rightmidfinger) {transformation: [0.473f,-0.8807f,-0.0264f,-0.7567f,-0.5244f,-0.2573f,-0.8116f,1.669f,0.708f,0.3978f,-0.5836f,1.4152f,0f,0f,0f,1f],start_interpolation: 0,interpolation_duration: 1}
$data merge entity $(rightringfinger) {transformation: [0.473f,-0.8807f,-0.0264f,-0.7608f,-0.5244f,-0.2573f,-0.8116f,1.5422f,0.708f,0.3978f,-0.5836f,1.324f,0f,0f,0f,1f],start_interpolation: 0,interpolation_duration: 1}
$data merge entity $(hugeasssword) {transformation: [-2.7724f,-2.7646f,-0.1036f,-0.7668f,-1.5549f,1.6784f,-3.1789f,1.8433f,2.2882f,-2.2091f,-2.2856f,1.2001f,0f,0f,0f,1f],start_interpolation: 0,interpolation_duration: 1}
$data merge entity $(whey) {transformation: [0f,0f,0f,-0.5753f,0f,0f,0f,1.9854f,0f,0f,0f,1.2346f,0f,0f,0f,1f],start_interpolation: 0,interpolation_duration: 1}
$data merge entity $(ice) {transformation: [-0.7079f,-0.7059f,-0.0264f,-0.7447f,-0.397f,0.4285f,-0.8116f,1.8428f,0.5842f,-0.564f,-0.5836f,1.1998f,0f,0f,0f,1f],start_interpolation: 0,interpolation_duration: 1}
$data merge entity $(righthand1) {transformation: [-0.7079f,-0.7059f,-0.0264f,-1.099f,-0.397f,0.4285f,-0.8116f,1.8253f,0.5842f,-0.564f,-0.5836f,1.1866f,0f,0f,0f,1f],start_interpolation: 0,interpolation_duration: 1}
$data merge entity $(rightforearm) {transformation: [-0.3269f,-0.506f,-0.7982f,-1.4524f,0.4533f,0.6571f,-0.6022f,2.2185f,0.8293f,-0.5587f,0.0145f,0.7324f,0f,0f,0f,1f],start_interpolation: 0,interpolation_duration: 1}
$data merge entity $(rightelbow) {transformation: [-0.3269f,-0.506f,-0.7982f,-1.5473f,0.4533f,0.6571f,-0.6022f,2.3417f,0.8293f,-0.5587f,0.0145f,0.6276f,0f,0f,0f,1f],start_interpolation: 0,interpolation_duration: 1}
$data merge entity $(rightarm) {transformation: [-0.6832f,0.5676f,-0.4595f,-0.9511f,0.6086f,0.7902f,0.0712f,2.6226f,0.4035f,-0.231f,-0.8853f,0.4926f,0f,0f,0f,1f],start_interpolation: 0,interpolation_duration: 1}
$data merge entity $(chest1) {transformation: [-1.076f,-0.0922f,-0.0855f,-0.079f,-0.1255f,0.7441f,0.7773f,2.7882f,-0.0075f,0.7819f,-0.7498f,0.2396f,0f,0f,0f,1f],start_interpolation: 0,interpolation_duration: 1}
$data merge entity $(chest1lid) {transformation: [-0.9932f,-0.0851f,-0.0789f,-0.329f,-0.1159f,0.6869f,0.7175f,1.9984f,-0.0069f,0.7218f,-0.6921f,0.0147f,0f,0f,0f,1f],start_interpolation: 0,interpolation_duration: 1}
$data merge entity $(chest2) {transformation: [-0.9932f,-0.0851f,-0.0789f,-0.3157f,-0.1159f,0.6869f,0.7175f,1.8911f,-0.0069f,0.7218f,-0.6921f,-0.098f,0f,0f,0f,1f],start_interpolation: 0,interpolation_duration: 1}
$data merge entity $(chest1lid3) {transformation: [-0.9932f,-0.0851f,-0.0789f,-0.3175f,-0.1159f,0.6869f,0.7175f,2.4653f,-0.0069f,0.7218f,-0.6921f,-0.4282f,0f,0f,0f,1f],start_interpolation: 0,interpolation_duration: 1}
$data merge entity $(chest3) {transformation: [-0.9932f,-0.0851f,-0.0789f,-0.3042f,-0.1159f,0.6869f,0.7175f,2.358f,-0.0069f,0.7218f,-0.6921f,-0.541f,0f,0f,0f,1f],start_interpolation: 0,interpolation_duration: 1}
$data merge entity $(hugeasssword2) {transformation: [0.309f,2.6429f,-2.874f,-1.4224f,-2.8102f,2.1521f,1.6769f,3.6325f,2.7107f,1.9298f,2.066f,0.8852f,0f,0f,0f,1f],start_interpolation: 0,interpolation_duration: 1}
$data merge entity $(belt) {transformation: [-0.9932f,-0.0851f,-0.0789f,-0.0029f,-0.1159f,0.6869f,0.7175f,2.4243f,-0.0069f,0.7218f,-0.6921f,0.0429f,0f,0f,0f,1f],start_interpolation: 0,interpolation_duration: 1}
$data merge entity $(torn_part) {transformation: [-0.9888f,-0.0481f,0.1411f,-0.116f,0.0046f,0.9361f,0.3517f,2.2286f,-0.149f,0.3484f,-0.9254f,-0.1063f,0f,0f,0f,1f],start_interpolation: 0,interpolation_duration: 1}
$data merge entity $(lowerbody) {transformation: [-0.9888f,-0.0034f,0.1491f,-0.0387f,0.0046f,0.9985f,0.0539f,1.733f,-0.149f,0.054f,-0.9874f,0.0207f,0f,0f,0f,1f],start_interpolation: 0,interpolation_duration: 1}
$data merge entity $(leftfoot) {transformation: [-0.9581f,-0.2789f,-0.0646f,0.892f,-0.2827f,0.8861f,0.3672f,0.308f,-0.0452f,0.3701f,-0.9279f,0.1799f,0f,0f,0f,1f],start_interpolation: 0,interpolation_duration: 1}
$data merge entity $(leftlowerleg) {transformation: [-0.9581f,-0.2789f,-0.0646f,0.5925f,-0.2827f,0.8861f,0.3672f,1.2346f,-0.0452f,0.3701f,-0.9279f,0.7331f,0f,0f,0f,1f],start_interpolation: 0,interpolation_duration: 1}
$data merge entity $(leftleg) {transformation: [-0.9651f,-0.2552f,0.0596f,0.2995f,-0.2045f,0.5912f,-0.7801f,1.7929f,0.1638f,-0.765f,-0.6228f,0.078f,0f,0f,0f,1f],start_interpolation: 0,interpolation_duration: 1}
$data merge entity $(rightfoot) {transformation: [-0.9475f,0.102f,0.3031f,-0.7306f,0.1767f,0.9569f,0.2305f,0.2192f,-0.2665f,0.272f,-0.9247f,0.1779f,0f,0f,0f,1f],start_interpolation: 0,interpolation_duration: 1}
$data merge entity $(rightlowerleg) {transformation: [-0.9475f,0.102f,0.3031f,-0.664f,0.1767f,0.9569f,0.2305f,1.2453f,-0.2665f,0.272f,-0.9247f,0.6218f,0f,0f,0f,1f],start_interpolation: 0,interpolation_duration: 1}
$data merge entity $(rightleg) {transformation: [-0.9243f,0.3565f,-0.1366f,-0.3189f,0.3339f,0.5816f,-0.7418f,1.7991f,-0.185f,-0.7312f,-0.6566f,-0.0259f,0f,0f,0f,1f],start_interpolation: 0,interpolation_duration: 1}
data modify entity @s data merge value {"cameras":{},"locators":{"soup":{"px":1.8017412287258814,"py":1.9336023544943137,"pz":0.49448397250557535,"ry":64.21542234590929,"rx":14.187489474424876},"lefthand":{"px":1.7897047032619697,"py":1.8290210418831625,"pz":0.3346864799547565,"ry":342.2634813263779,"rx":-28.97757827630245},"sword":{"px":-0.7021582284482444,"py":4.804443154890709,"pz":3.4243609170177134,"ry":357.40556191812914,"rx":-54.25627381345713},"righthand":{"px":-0.7996654295196608,"py":1.811528208073507,"pz":1.272475995174215,"ry":357.40556191812914,"rx":-54.25627381345713},"chest":{"px":-0.34243760752632396,"py":1.839730753428166,"pz":0.0775429720966902,"ry":353.49683605755365,"rx":45.847769665875774}}}