# This file was generated by Animated Java via MC-Build. It is not recommended to edit this file directly.
$data merge entity $(bone_nose) {transformation: [-0.8277f,0.1f,0.5521f,-0.7596f,0.2796f,0.9266f,0.2514f,2.8722f,-0.4865f,0.3625f,-0.795f,0.454f,0f,0f,0f,1f],start_interpolation: 0,interpolation_duration: 1}
$data merge entity $(bone_glowing_eye) {transformation: [-0.8277f,0.1f,0.5521f,-0.8755f,0.2796f,0.9266f,0.2514f,2.9611f,-0.4865f,0.3625f,-0.795f,0.4455f,0f,0f,0f,1f],start_interpolation: 0,interpolation_duration: 1}
$data merge entity $(bone_head) {transformation: [-0.8277f,0.1f,0.5521f,-0.6685f,0.2796f,0.9266f,0.2514f,2.8048f,-0.4865f,0.3625f,-0.795f,0.2604f,0f,0f,0f,1f],start_interpolation: 0,interpolation_duration: 1}
$data merge entity $(bone_leftthumb2) {transformation: [0.6437f,0.7047f,0.2984f,-1.8524f,-0.4936f,0.6803f,-0.5418f,2.164f,-0.5848f,0.2015f,0.7858f,1.7642f,0f,0f,0f,1f],start_interpolation: 0,interpolation_duration: 1}
$data merge entity $(bone_leftthumb) {transformation: [0.6437f,0.7047f,0.2984f,-1.6541f,-0.4936f,0.6803f,-0.5418f,2.2845f,-0.5848f,0.2015f,0.7858f,1.8808f,0f,0f,0f,1f],start_interpolation: 0,interpolation_duration: 1}
$data merge entity $(bone_leftpointerfinger) {transformation: [0.9142f,-0.4051f,0.0143f,-1.9801f,0.275f,0.5937f,-0.7563f,2.2722f,0.2979f,0.6953f,0.6541f,1.9454f,0f,0f,0f,1f],start_interpolation: 0,interpolation_duration: 1}
$data merge entity $(bone_leftmidfinger) {transformation: [0.8938f,-0.4483f,0.0143f,-1.9778f,0.303f,0.5799f,-0.7563f,2.154f,0.3307f,0.6803f,0.6541f,2.0476f,0f,0f,0f,1f],start_interpolation: 0,interpolation_duration: 1}
$data merge entity $(bone_leftringfinger) {transformation: [0.8938f,-0.4483f,0.0143f,-1.9756f,0.303f,0.5799f,-0.7563f,2.0359f,0.3307f,0.6803f,0.6541f,2.1498f,0f,0f,0f,1f],start_interpolation: 0,interpolation_duration: 1}
$data merge entity $(bone_invisibility) {transformation: [0.976f,0.071f,0.2058f,-1.884f,-0.1895f,0.7426f,0.6424f,2.2496f,-0.1072f,-0.666f,0.7382f,1.8694f,0f,0f,0f,1f],start_interpolation: 0,interpolation_duration: 1}
$data merge entity $(bone_swiftness) {transformation: [0.0143f,0.9785f,0.2058f,-2.0245f,-0.7563f,-0.1241f,0.6424f,2.0912f,0.6541f,-0.1649f,0.7382f,1.9759f,0f,0f,0f,1f],start_interpolation: 0,interpolation_duration: 1}
$data merge entity $(bone_suspicious_stew) {transformation: [0.8929f,0.4005f,0.2058f,-1.9271f,-0.4321f,0.633f,0.6424f,2.1137f,0.127f,-0.6625f,0.7382f,1.9998f,0f,0f,0f,1f],start_interpolation: 0,interpolation_duration: 1}
$data merge entity $(bone_log) {transformation: [-0.2058f,0.9785f,0.0143f,-1.8235f,-0.6424f,-0.1241f,-0.7563f,2.0025f,-0.7382f,-0.1649f,0.6541f,1.9406f,0f,0f,0f,1f],start_interpolation: 0,interpolation_duration: 1}
$data merge entity $(bone_planks) {transformation: [-0.2058f,0.9785f,0.0143f,-1.8428f,-0.6424f,-0.1241f,-0.7563f,1.9423f,-0.7382f,-0.1649f,0.6541f,1.8714f,0f,0f,0f,1f],start_interpolation: 0,interpolation_duration: 1}
$data merge entity $(bone_lefthand1) {transformation: [-0.2058f,0.9785f,0.0143f,-1.5278f,-0.6424f,-0.1241f,-0.7563f,2.1557f,-0.7382f,-0.1649f,0.6541f,2.0635f,0f,0f,0f,1f],start_interpolation: 0,interpolation_duration: 1}
$data merge entity $(bone_leftforearm) {transformation: [-0.1397f,0.9234f,0.3576f,-0.8891f,-0.6384f,0.1921f,-0.7453f,2.2522f,-0.7569f,-0.3324f,0.5627f,1.7786f,0f,0f,0f,1f],start_interpolation: 0,interpolation_duration: 1}
$data merge entity $(bone_leftelbow) {transformation: [-0.1397f,0.9234f,0.3576f,-0.716f,-0.6384f,0.1921f,-0.7453f,2.2882f,-0.7569f,-0.3324f,0.5627f,1.7163f,0f,0f,0f,1f],start_interpolation: 0,interpolation_duration: 1}
$data merge entity $(bone_leftarm) {transformation: [-0.133f,0.6568f,0.7422f,-0.5188f,-0.8377f,0.3257f,-0.4384f,2.3268f,-0.5297f,-0.6801f,0.5069f,1.1352f,0f,0f,0f,1f],start_interpolation: 0,interpolation_duration: 1}
$data merge entity $(bone_rightthumb2) {transformation: [-0.7982f,-0.5651f,0.2085f,-1.1863f,-0.5996f,0.7119f,-0.3656f,1.4674f,0.0581f,-0.4169f,-0.9071f,-0.6134f,0f,0f,0f,1f],start_interpolation: 0,interpolation_duration: 1}
$data merge entity $(bone_rightthumb) {transformation: [-0.7982f,-0.5651f,0.2085f,-1.3071f,-0.5996f,0.7119f,-0.3656f,1.6107f,0.0581f,-0.4169f,-0.9071f,-0.7932f,0f,0f,0f,1f],start_interpolation: 0,interpolation_duration: 1}
$data merge entity $(bone_rightpointerfinger) {transformation: [0.0421f,-0.8754f,0.4815f,-1.4212f,-0.5931f,-0.4097f,-0.6931f,1.3413f,0.804f,-0.2564f,-0.5365f,-0.635f,0f,0f,0f,1f],start_interpolation: 0,interpolation_duration: 1}
$data merge entity $(bone_rightmidfinger) {transformation: [0.0838f,-0.8724f,0.4815f,-1.3459f,-0.5729f,-0.4375f,-0.6931f,1.2331f,0.8153f,-0.2178f,-0.5365f,-0.7188f,0f,0f,0f,1f],start_interpolation: 0,interpolation_duration: 1}
$data merge entity $(bone_rightringfinger) {transformation: [0.0838f,-0.8724f,0.4815f,-1.2707f,-0.5729f,-0.4375f,-0.6931f,1.1248f,0.8153f,-0.2178f,-0.5365f,-0.8026f,0f,0f,0f,1f],start_interpolation: 0,interpolation_duration: 1}
$data merge entity $(bone_hugeasssword) {transformation: [-2.878f,1.871f,1.8859f,-1.1617f,0.0565f,2.8229f,-2.7145f,1.3884f,-2.656f,-1.9674f,-2.1012f,-0.725f,0f,0f,0f,1f],start_interpolation: 0,interpolation_duration: 1}
$data merge entity $(bone_ice) {transformation: [-0.7348f,0.4777f,0.4815f,-1.1577f,0.0144f,0.7207f,-0.6931f,1.3769f,-0.6781f,-0.5023f,-0.5365f,-0.7066f,0f,0f,0f,1f],start_interpolation: 0,interpolation_duration: 1}
$data merge entity $(bone_righthand1) {transformation: [-0.7348f,0.4777f,0.4815f,-1.2069f,0.0144f,0.7207f,-0.6931f,1.5391f,-0.6781f,-0.5023f,-0.5365f,-1.0185f,0f,0f,0f,1f],start_interpolation: 0,interpolation_duration: 1}
$data merge entity $(bone_rightforearm) {transformation: [-0.8202f,0.5306f,-0.2137f,-0.7806f,0.5613f,0.8186f,-0.1216f,2.0535f,0.1104f,-0.2197f,-0.9693f,-1.2169f,0f,0f,0f,1f],start_interpolation: 0,interpolation_duration: 1}
$data merge entity $(bone_rightelbow) {transformation: [-0.8202f,0.5306f,-0.2137f,-0.6811f,0.5613f,0.8186f,-0.1216f,2.207f,0.1104f,-0.2197f,-0.9693f,-1.2581f,0f,0f,0f,1f],start_interpolation: 0,interpolation_duration: 1}
$data merge entity $(bone_rightarm) {transformation: [-0.4456f,0.2601f,0.8566f,-0.5227f,0.761f,0.6141f,0.2094f,2.3152f,-0.4715f,0.7452f,-0.4716f,-0.6732f,0f,0f,0f,1f],start_interpolation: 0,interpolation_duration: 1}
$data merge entity $(bone_chest1) {transformation: [-0.0829f,-0.612f,0.8901f,-0.2307f,0.0162f,0.8919f,0.6147f,2.3106f,-1.08f,0.0604f,-0.059f,0.217f,0f,0f,0f,1f],start_interpolation: 0,interpolation_duration: 1}
$data merge entity $(bone_chest1lid) {transformation: [-0.0765f,-0.5649f,0.8216f,-0.1922f,0.015f,0.8233f,0.5675f,1.531f,-0.997f,0.0557f,-0.0545f,-0.1401f,0f,0f,0f,1f],start_interpolation: 0,interpolation_duration: 1}
$data merge entity $(bone_chest2) {transformation: [-0.0765f,-0.5649f,0.8216f,-0.104f,0.015f,0.8233f,0.5675f,1.4024f,-0.997f,0.0557f,-0.0545f,-0.1488f,0f,0f,0f,1f],start_interpolation: 0,interpolation_duration: 1}
$data merge entity $(bone_chest1lid3) {transformation: [-0.0765f,-0.5649f,0.8216f,0.3389f,0.015f,0.8233f,0.5675f,1.8936f,-0.997f,0.0557f,-0.0545f,-0.1127f,0f,0f,0f,1f],start_interpolation: 0,interpolation_duration: 1}
$data merge entity $(bone_chest3) {transformation: [-0.0765f,-0.5649f,0.8216f,0.4272f,0.015f,0.8233f,0.5675f,1.765f,-0.997f,0.0557f,-0.0545f,-0.1214f,0f,0f,0f,1f],start_interpolation: 0,interpolation_duration: 1}
$data merge entity $(bone_hugeasssword2) {transformation: [-3.2179f,-1.2739f,-1.8337f,-0.7627f,-2.2225f,2.1351f,2.417f,3.4347f,0.2134f,3.0263f,-2.4771f,-0.961f,0f,0f,0f,1f],start_interpolation: 0,interpolation_duration: 1}
$data merge entity $(bone_belt) {transformation: [-0.0765f,-0.5649f,0.8216f,-0.1108f,0.015f,0.8233f,0.5675f,1.9079f,-0.997f,0.0557f,-0.0545f,0.2339f,0f,0f,0f,1f],start_interpolation: 0,interpolation_duration: 1}
$data merge entity $(bone_torn_part) {transformation: [-0.3961f,-0.2754f,0.876f,-0.0283f,0.1416f,0.9243f,0.3546f,2.0011f,-0.9072f,0.2644f,-0.3271f,0.1515f,0f,0f,0f,1f],start_interpolation: 0,interpolation_duration: 1}
$data merge entity $(bone_lowerbody) {transformation: [-0.3961f,0.0008f,0.9182f,-0.1191f,0.1416f,0.9881f,0.0602f,1.4963f,-0.9072f,0.1538f,-0.3915f,0.22f,0f,0f,0f,1f],start_interpolation: 0,interpolation_duration: 1}
$data merge entity $(bone_leftfoot) {transformation: [-0.5919f,-0.7588f,0.2717f,1.0882f,-0.2129f,0.4723f,0.8553f,0.4949f,-0.7774f,0.4484f,-0.4412f,0.3522f,0f,0f,0f,1f],start_interpolation: 0,interpolation_duration: 1}
$data merge entity $(bone_leftlowerleg) {transformation: [-0.5919f,-0.7588f,0.2717f,0.2046f,-0.2129f,0.4723f,0.8553f,0.8875f,-0.7774f,0.4484f,-0.4412f,0.9174f,0f,0f,0f,1f],start_interpolation: 0,interpolation_duration: 1}
$data merge entity $(bone_leftleg) {transformation: [-0.7403f,0.0125f,0.6721f,0.1439f,-0.3492f,0.8472f,-0.4004f,1.6251f,-0.5744f,-0.5311f,-0.6229f,0.4266f,0f,0f,0f,1f],start_interpolation: 0,interpolation_duration: 1}
$data merge entity $(bone_rightfoot) {transformation: [-0.8312f,-0.1172f,0.5436f,-0.6349f,-0.0649f,0.9913f,0.1145f,0.2424f,-0.5523f,0.0599f,-0.8315f,0.2354f,0f,0f,0f,1f],start_interpolation: 0,interpolation_duration: 1}
$data merge entity $(bone_rightlowerleg) {transformation: [-0.8312f,-0.1172f,0.5436f,-0.8485f,-0.0649f,0.9913f,0.1145f,1.3245f,-0.5523f,0.0599f,-0.8315f,0.4296f,0f,0f,0f,1f],start_interpolation: 0,interpolation_duration: 1}
$data merge entity $(bone_rightleg) {transformation: [-0.661f,0.7178f,0.2184f,-0.1825f,0.1604f,0.4196f,-0.8934f,1.7249f,-0.733f,-0.5556f,-0.3925f,-0.0225f,0f,0f,0f,1f],start_interpolation: 0,interpolation_duration: 1}
$execute on vehicle unless entity @s[tag=aj.transforms_only] as $(locator_lefthand) positioned ^-1.8808323873 ^2.0842154328 ^2.0125056327 rotated ~178.7455572188 ~-49.1361057204 as @n[tag=aj.wander.root] run function animated_java:wander/animations/punch/zzz/frames/7_locator_commands
data modify entity @s data merge value {"cameras":{},"locators":{"lefthand":{"posx":-1.8808323873268105,"posy":2.0842154328483145,"posz":2.012505632670989,"roty":178.74555721877917,"rotx":-49.1361057203704},"sword":{"posx":-3.0171302665087296,"posy":3.9335062874192186,"posz":1.2243556183820803,"roty":41.908705359074844,"rotx":-43.87268881224272},"righthand":{"posx":-1.241563291397391,"posy":1.3778538640349172,"posz":-0.7539413405560655,"roty":41.908705359074844,"rotx":-43.87268881224272},"chest":{"posx":-0.28768466434339074,"posy":1.3913741758235623,"posz":-0.16621968741233006,"roty":86.20515815320107,"rotx":34.57266211389811}}}