# This file was generated by Animated Java via MC-Build. It is not recommended to edit this file directly.
$data merge entity $(bone_nose) { transformation: [-0.8246624174811517f,0.0015241636038364204f,0.5656231732518139f,0.013452284562420924f,0.14073782598691828f,0.9690996202585188f,0.20258033061299524f,4.097368564337422f,-0.5478364368409778f,0.24666496090872594f,-0.7993945430945085f,0.26876145568983495f,0f,0f,0f,1f], start_interpolation: 0, interpolation_duration: 1 }
$data merge entity $(bone_glowing_eye) { transformation: [-0.8246624174811517f,0.0015241636038364204f,0.5656231732518139f,-0.10926509350801934f,0.14073782598691828f,0.9690996202585188f,0.20258033061299524f,4.1735075435622555f,-0.5478364368409778f,0.24666496090872594f,-0.7993945430945085f,0.24487849529391323f,0f,0f,0f,1f], start_interpolation: 0, interpolation_duration: 1 }
$data merge entity $(bone_head) { transformation: [-0.8246624174811517f,0.0015241636038364204f,0.5656231732518139f,0.11917985291089887f,0.14073782598691828f,0.9690996202585188f,0.20258033061299524f,4.01564135147315f,-0.5478364368409778f,0.24666496090872594f,-0.7993945430945085f,0.0886134119776662f,0f,0f,0f,1f], start_interpolation: 0, interpolation_duration: 1 }
$data merge entity $(bone_leftthumb2) { transformation: [0.49218496259358063f,0.7208772234499141f,0.48794466008749166f,-0.2334893899754309f,-0.3321261681012632f,0.6736487205110925f,-0.6602193649205838f,2.4733091329966843f,-0.8046403985999749f,0.1628908532266632f,0.5709819602018638f,0.5665298933539138f,0f,0f,0f,1f], start_interpolation: 0, interpolation_duration: 1 }
$data merge entity $(bone_leftthumb) { transformation: [0.49218496259358063f,0.7208772234499141f,0.48794466008749166f,-0.015001126714088486f,-0.3321261681012632f,0.6736487205110925f,-0.6602193649205838f,2.5820957329589254f,-0.8046403985999749f,0.1628908532266632f,0.5709819602018638f,0.6552723442903045f,0f,0f,0f,1f], start_interpolation: 0, interpolation_duration: 1 }
$data merge entity $(bone_leftpointerfinger) { transformation: [0.8326216519842968f,0.2620137273866433f,0.48794466008749166f,-0.2824992900006632f,0.1556934281009022f,0.734758427396413f,-0.6602193649205838f,2.3664332634466465f,-0.5315079877980473f,0.625682715144751f,0.5709819602018638f,0.7165961060566403f,0f,0f,0f,1f], start_interpolation: 0, interpolation_duration: 1 }
$data merge entity $(bone_leftmidfinger) { transformation: [0.8067121575249385f,0.3333549213579433f,0.48794466008749166f,-0.20625793686199267f,0.09127467632691078f,0.7455060855856767f,-0.6602193649205838f,2.263273987677805f,-0.583853087996352f,0.5771439792297594f,0.5709819602018638f,0.8058120373381814f,0f,0f,0f,1f], start_interpolation: 0, interpolation_duration: 1 }
$data merge entity $(bone_leftringfinger) { transformation: [0.8067121575249385f,0.3333549213579433f,0.48794466008749166f,-0.1300165837233221f,0.09127467632691078f,0.7455060855856767f,-0.6602193649205838f,2.1601147119089643f,-0.583853087996352f,0.5771439792297594f,0.5709819602018638f,0.8950279686197227f,0f,0f,0f,1f], start_interpolation: 0, interpolation_duration: 1 }
$data merge entity $(bone_invisibility) { transformation: [0.7606612472455818f,-0.4232592935016912f,-0.49218496259358036f,-0.1266169338272666f,0.6135433746233976f,0.7164193854985387f,0.33212616810126305f,2.3984717908873288f,0.21203536118894956f,-0.5546123281593589f,0.8046403985999748f,0.5656990321345029f,0f,0f,0f,1f], start_interpolation: 0, interpolation_duration: 1 }
$data merge entity $(bone_swiftness) { transformation: [0.48794466008749177f,0.7208772234499141f,-0.4921849625935805f,-0.10711171998924421f,-0.6602193649205839f,0.6736487205110925f,0.33212616810126305f,2.1661590866563696f,0.5709819602018635f,0.1628908532266632f,0.804640398599975f,0.6087917929019816f,0f,0f,0f,1f], start_interpolation: 0, interpolation_duration: 1 }
$data merge entity $(bone_suspicious_stew) { transformation: [0.8595509651818485f,-0.1375721659773806f,-0.4921849625935807f,-0.06891842991007663f,0.3315123207561933f,0.883058202866161f,0.33212616810126333f,2.2431033761907617f,0.3889366522221778f,-0.4486447475442879f,0.8046403985999752f,0.6651226409273525f,0f,0f,0f,1f], start_interpolation: 0, interpolation_duration: 1 }
$data merge entity $(bone_log) { transformation: [0.49218496259358063f,0.7208772234499141f,0.48794466008749166f,0.09020596920591195f,-0.3321261681012632f,0.6736487205110925f,-0.6602193649205838f,2.2652248552645027f,-0.8046403985999749f,0.1628908532266632f,0.5709819602018638f,0.6368137395964002f,0f,0f,0f,1f], start_interpolation: 0, interpolation_duration: 1 }
$data merge entity $(bone_planks) { transformation: [0.49218496259358063f,0.7208772234499141f,0.48794466008749166f,0.13634830944906012f,-0.3321261681012632f,0.6736487205110925f,-0.6602193649205838f,2.234088027005009f,-0.8046403985999749f,0.1628908532266632f,0.5709819602018638f,0.5613787022276525f,0f,0f,0f,1f], start_interpolation: 0, interpolation_duration: 1 }
$data merge entity $(bone_lefthand) { transformation: [0.49218496259358063f,0.7208772234499141f,0.48794466008749166f,0.13213076379226119f,-0.3321261681012632f,0.6736487205110925f,-0.6602193649205838f,2.5373004325713597f,-0.8046403985999749f,0.1628908532266632f,0.5709819602018638f,0.8608533662967515f,0f,0f,0f,1f], start_interpolation: 0, interpolation_duration: 1 }
$data merge entity $(bone_leftforearm) { transformation: [0.2724416520647367f,0.9100762962343467f,0.31230863140907617f,0.769553402476053f,-0.44840293732276093f,0.40727617440203945f,-0.7956512575021542f,2.81163593670295f,-0.8512992141547863f,0.07672843538619088f,0.5190398782199978f,0.8533543264420332f,0f,0f,0f,1f], start_interpolation: 0, interpolation_duration: 1 }
$data merge entity $(bone_leftelbow) { transformation: [0.2724416520647367f,0.9100762962343467f,0.31230863140907617f,0.940192708019993f,-0.44840293732276093f,0.40727617440203945f,-0.7956512575021542f,2.8880002194033327f,-0.8512992141547863f,0.07672843538619088f,0.5190398782199978f,0.867740908076944f,0f,0f,0f,1f], start_interpolation: 0, interpolation_duration: 1 }
$data merge entity $(bone_leftarm) { transformation: [-0.01839046227856872f,0.1520924999732648f,0.9881951539797504f,0.8103800659630007f,-0.35771821274525584f,0.9219381482083397f,-0.14855211593416223f,3.3634701747794384f,-0.9336484730172915f,-0.35622734640964815f,0.03745138852459523f,0.4085699461145028f,0f,0f,0f,1f], start_interpolation: 0, interpolation_duration: 1 }
$data merge entity $(bone_rightthumb2) { transformation: [-0.8343750087361614f,-0.029709081925603974f,-0.5503959622377952f,-1.07032532230351f,0.02290378922822934f,0.9958152284833648f,-0.08847286114743134f,2.4293951599443853f,0.550721128372173f,-0.08642569740396405f,-0.8302028894148219f,-0.3013636530566991f,0f,0f,0f,1f], start_interpolation: 0, interpolation_duration: 1 }
$data merge entity $(bone_rightthumb) { transformation: [-0.8343750087361614f,-0.029709081925603974f,-0.5503959622377952f,-1.1246467147705863f,0.02290378922822934f,0.9958152284833648f,-0.08847286114743134f,2.66605070658421f,0.550721128372173f,-0.08642569740396405f,-0.8302028894148219f,-0.3935059705744579f,0f,0f,0f,1f], start_interpolation: 0, interpolation_duration: 1 }
$data merge entity $(bone_rightpointerfinger) { transformation: [-0.8070771862951966f,-0.21375383064207348f,-0.5503959622377952f,-1.2319579995741616f,-0.19820028378515106f,0.976160437811261f,-0.08847286114743134f,2.337656771318658f,0.5561861764457241f,0.03768420807137787f,-0.8302028894148219f,-0.3438281756393956f,0f,0f,0f,1f], start_interpolation: 0, interpolation_duration: 1 }
$data merge entity $(bone_rightmidfinger) { transformation: [-0.7969852165079049f,-0.24875459678200873f,-0.5503959622377952f,-1.3179573686738173f,-0.24059116130018007f,0.9665859744195641f,-0.08847286114743134f,2.3238328867643716f,0.5540130483770926f,0.06190884133306192f,-0.8302028894148219f,-0.4735473771104615f,0f,0f,0f,1f], start_interpolation: 0, interpolation_duration: 1 }
$data merge entity $(bone_rightringfinger) { transformation: [-0.801792316989094f,-0.23279468458191166f,-0.5503959622377952f,-1.4039567377734727f,-0.22124710970613445f,0.9711963083162276f,-0.08847286114743134f,2.3100090022100854f,0.55513853844238f,0.050836655508985626f,-0.8302028894148219f,-0.6032665785815274f,0f,0f,0f,1f], start_interpolation: 0, interpolation_duration: 1 }
$data merge entity $(bone_hugeasssword) { transformation: [-3.2679687842166327f,-0.11636057087528225f,-2.155717518764698f,-1.0937612273344473f,0.08970650781056491f,3.9002763115598458f,-0.3465187061607728f,2.5214064244917354f,2.1569910861243446f,-0.3385006481655259f,-3.251627983541386f,-0.6244159764723936f,0f,0f,0f,1f], start_interpolation: 0, interpolation_duration: 1 }
$data merge entity $(bone_ice) { transformation: [-0.8343750087361614f,-0.029709081925603974f,-0.5503959622377952f,-1.0802599134178572f,0.02290378922822934f,0.9958152284833648f,-0.08847286114743134f,2.5054889398399918f,0.550721128372173f,-0.08642569740396405f,-0.8302028894148219f,-0.6316705925812718f,0f,0f,0f,1f], start_interpolation: 0, interpolation_duration: 1 }
$data merge entity $(bone_righthand) { transformation: [-0.8343750087361614f,-0.029709081925603974f,-0.5503959622377952f,-1.3134808099032296f,0.02290378922822934f,0.9958152284833648f,-0.08847286114743134f,2.757403917357033f,0.550721128372173f,-0.08642569740396405f,-0.8302028894148219f,-0.5415405751334328f,0f,0f,0f,1f], start_interpolation: 0, interpolation_duration: 1 }
$data merge entity $(bone_rightforearm) { transformation: [-0.6488408315194135f,0.13947908486062996f,-0.7480315235600953f,-1.184332398017748f,0.3709214677685327f,0.9163260482949767f,-0.15087689672229204f,3.3764870374858083f,0.6643965985024558f,-0.37535604178240284f,-0.6462855419981276f,-0.8173325979102256f,0f,0f,0f,1f], start_interpolation: 0, interpolation_duration: 1 }
$data merge entity $(bone_rightelbow) { transformation: [-0.6488408315194135f,0.13947908486062996f,-0.7480315235600953f,-1.15818006960638f,0.3709214677685327f,0.9163260482949767f,-0.15087689672229204f,3.5482981715411164f,0.6643965985024558f,-0.37535604178240284f,-0.6462855419981276f,-0.8877118557444261f,0f,0f,0f,1f], start_interpolation: 0, interpolation_duration: 1 }
$data merge entity $(bone_rightarm) { transformation: [-0.7386280668369116f,0.6739054122433086f,0.016735418427491378f,-0.5958094533457279f,0.5402983405696101f,0.5769783560772997f,0.6125142282396892f,3.6294933666674183f,0.4031206792742f,0.46146231911989627f,-0.7902823836920538f,-0.5887067102077916f,0f,0f,0f,1f], start_interpolation: 0, interpolation_duration: 1 }
$data merge entity $(bone_chest) { transformation: [-0.8933842856045809f,0.0016511772374894552f,0.612758437689465f,0.16245700692546175f,0.1524659781524948f,1.0498579219467286f,0.21946202483074484f,3.3961868325675857f,-0.5934894732443926f,0.26722037431778645f,-0.8660107550190509f,-0.13990890110870333f,0f,0f,0f,1f], start_interpolation: 0, interpolation_duration: 1 }
$data merge entity $(bone_chest1lid) { transformation: [-0.8246624174811517f,0.0015241636038364204f,0.5656231732518139f,-0.34148590050992955f,0.14073782598691828f,0.9690996202585188f,0.20258033061299524f,2.7026343705474f,-0.5478364368409778f,0.24666496090872594f,-0.7993945430945085f,-0.18271942413576775f,0f,0f,0f,1f], start_interpolation: 0, interpolation_duration: 1 }
$data merge entity $(bone_chest1) { transformation: [-0.8246624174811517f,0.0015241636038364204f,0.5656231732518139f,-0.341724051073029f,0.14073782598691828f,0.9690996202585188f,0.20258033061299524f,2.5512125548820066f,-0.5478364368409778f,0.24666496090872594f,-0.7993945430945085f,-0.22126082427775617f,0f,0f,0f,1f], start_interpolation: 0, interpolation_duration: 1 }
$data merge entity $(bone_chest1lid3) { transformation: [-0.8246624174811517f,0.0015241636038364204f,0.5656231732518139f,0.0724078459470857f,0.14073782598691828f,0.9690996202585188f,0.20258033061299524f,2.823616280722168f,-0.5478364368409778f,0.24666496090872594f,-0.7993945430945085f,-0.6605917760031261f,0f,0f,0f,1f], start_interpolation: 0, interpolation_duration: 1 }
$data merge entity $(bone_chest3) { transformation: [-0.8246624174811517f,0.0015241636038364204f,0.5656231732518139f,0.07216969538398627f,0.14073782598691828f,0.9690996202585188f,0.20258033061299524f,2.6721944650567746f,-0.5478364368409778f,0.24666496090872594f,-0.7993945430945085f,-0.6991331761451146f,0f,0f,0f,1f], start_interpolation: 0, interpolation_duration: 1 }
$data merge entity $(bone_hugeasssword2) { transformation: [-2.2153574285696056f,2.3853855986560446f,-2.1777063133452104f,-0.7019504819880039f,-0.7934396282342311f,2.1578929994646288f,3.170840446472646f,4.747699763633421f,3.1309619604534915f,2.234661300144537f,-0.7373220826798392f,-0.7404503979275714f,0f,0f,0f,1f], start_interpolation: 0, interpolation_duration: 1 }
$data merge entity $(bone_belt) { transformation: [-0.8246624174811517f,0.0015241636038364204f,0.5656231732518139f,0.11422130580444945f,0.14073782598691828f,0.9690996202585188f,0.20258033061299524f,2.9791394524578636f,-0.5478364368409778f,0.24666496090872594f,-0.7993945430945085f,-0.11597369453357677f,0f,0f,0f,1f], start_interpolation: 0, interpolation_duration: 1 }
$data merge entity $(bone_torn_part) { transformation: [-0.936826257506571f,-0.09122303767267065f,0.3376905693738017f,-0.061831821972744665f,-0.00945713974851575f,0.9716480186331365f,0.23624286316008955f,2.6767608065051007f,-0.3496671642491027f,0.2181249304505798f,-0.9111280859253109f,-0.08282865306917686f,0f,0f,0f,1f], start_interpolation: 0, interpolation_duration: 1 }
$data merge entity $(bone_lowerbody) { transformation: [-0.936826257506571f,0.014544555321432165f,0.34949251659618363f,-0.026594101562499972f,-0.00945713974851575f,0.9977167845750847f,-0.06687137119074893f,2.1999217431640625f,-0.3496671642491027f,-0.06595205597747261f,-0.9345497314527116f,0.11494273925781245f,0f,0f,0f,1f], start_interpolation: 0, interpolation_duration: 1 }
$data merge entity $(bone_leftfoot) { transformation: [-0.965249640204333f,-0.2484483405851603f,0.08104236149870453f,0.5490461612747419f,-0.21136553710629397f,0.9245772881690785f,0.31698818708333887f,0.22560833385604884f,-0.1536852239470914f,0.2888429681719687f,-0.9449606472717959f,-0.1886368004984738f,0f,0f,0f,1f], start_interpolation: 0, interpolation_duration: 1 }
$data merge entity $(bone_leftlowerleg) { transformation: [-0.965249640204333f,-0.2484483405851603f,0.08104236149870453f,0.26097197915413534f,-0.21136553710629397f,0.9245772881690785f,0.31698818708333887f,1.2026074147965837f,-0.1536852239470914f,0.2888429681719687f,-0.9449606472717959f,0.2769874365677835f,0f,0f,0f,1f], start_interpolation: 0, interpolation_duration: 1 }
$data merge entity $(bone_leftleg) { transformation: [-0.9555585136462559f,0.029147419187147507f,0.2933570434690239f,0.25269467611489826f,-0.04464219118563726f,0.9693176740559623f,-0.24172364702048527f,2.1872810838663486f,-0.2914017875104803f,-0.24407719008024453f,-0.9249385512120408f,0.07153273927655085f,0f,0f,0f,1f], start_interpolation: 0, interpolation_duration: 1 }
$data merge entity $(bone_rightfoot) { transformation: [-0.9060700589181286f,0.005995835242555397f,0.42308521398394794f,-0.42869164588061826f,0.12199998357479731f,0.9611371963834965f,0.2476515571035664f,0.21446529956249027f,-0.40515805846588815f,0.276006050092776f,-0.8715891279567085f,-0.27066895841431754f,0f,0f,0f,1f], start_interpolation: 0, interpolation_duration: 1 }
$data merge entity $(bone_rightlowerleg) { transformation: [-0.9060700589181286f,0.005995835242555397f,0.42308521398394794f,-0.4870452082892308f,0.12199998357479731f,0.9611371963834965f,0.2476515571035664f,1.242676298527031f,-0.40515805846588815f,0.276006050092776f,-0.8715891279567085f,0.16944110971546927f,0f,0f,0f,1f], start_interpolation: 0, interpolation_duration: 1 }
$data merge entity $(bone_rightleg) { transformation: [-0.9064307037682774f,0.2397411471303136f,0.34771764642995434f,-0.2404910772122346f,0.09411891304160733f,0.9172384334310059f,-0.38705979698865695f,2.1669234010177356f,-0.41173414902581473f,-0.3181160772574616f,-0.853977254917432f,-0.08226949322933828f,0f,0f,0f,1f], start_interpolation: 0, interpolation_duration: 1 }
data modify entity @s data merge value {"locators":{"lefthand":{"posx":-0.019879039433127854,"posy":2.2540488048109513,"posz":0.6906013359286607,"roty":139.48375805130075,"rotx":-41.31660495248174},"righthand":{"posx":-1.1494184291718192,"posy":2.4934589455905143,"posz":-0.5657181651273371,"roty":326.4569907430372,"rotx":-5.075757994618818},"chest":{"posx":-0.45573048210205125,"posy":2.6148105246850535,"posz":-0.09035047548532671,"roty":35.28186819489525,"rotx":11.687890450705204},"sack":{"posx":0,"posy":-0.4375,"posz":0,"roty":0,"rotx":0}},"cameras":{}}