# This file was generated by Animated Java via MC-Build. It is not recommended to edit this file directly.
$data merge entity $(bone_nose) { transformation: [-0.9882187832658473f,0.10570792370301504f,-0.11067732950774459f,-0.012879518078415225f,0.025921497632687165f,0.8283098981322765f,0.5596702498941465f,3.019046036256764f,0.15083670760477008f,0.550207731245659f,-0.8212915073933602f,0.6683592116869139f,0f,0f,0f,1f], start_interpolation: 0, interpolation_duration: 1 }
$data merge entity $(bone_glowing_eye) { transformation: [-0.9882187832658473f,0.10570792370301504f,-0.11067732950774459f,-0.12538742608856823f,0.025921497632687165f,0.8283098981322765f,0.5596702498941465f,3.0588394904183653f,0.15083670760477008f,0.550207731245659f,-0.8212915073933602f,0.7531268144383412f,0f,0f,0f,1f], start_interpolation: 0, interpolation_duration: 1 }
$data merge entity $(bone_head) { transformation: [-0.9882187832658473f,0.10570792370301504f,-0.11067732950774459f,-0.04665688549697464f,0.025921497632687165f,0.8283098981322765f,0.5596702498941465f,3.021569971147751f,0.15083670760477008f,0.550207731245659f,-0.8212915073933602f,0.4466303392149166f,0f,0f,0f,1f], start_interpolation: 0, interpolation_duration: 1 }
$data merge entity $(bone_leftthumb2) { transformation: [-0.9062682086471753f,0.413924773166518f,-0.08569840228666303f,0.47909295234945903f,0.4114956729171083f,0.9102936427267805f,0.045130867282882736f,1.6604215147998715f,0.09669149479626682f,0.005636148530279966f,-0.9952984420081288f,-0.1703351626788299f,0f,0f,0f,1f], start_interpolation: 0, interpolation_duration: 1 }
$data merge entity $(bone_leftthumb) { transformation: [-0.9062682086471753f,0.413924773166518f,-0.08569840228666303f,0.5732813273193363f,0.4114956729171083f,0.9102936427267805f,0.045130867282882736f,1.887520974567121f,0.09669149479626682f,0.005636148530279966f,-0.9952984420081288f,-0.25400865613080237f,0f,0f,0f,1f], start_interpolation: 0, interpolation_duration: 1 }
$data merge entity $(bone_leftpointerfinger) { transformation: [-0.19851308649209326f,0.9763443748682614f,-0.08569840228666303f,0.5325682338376702f,0.978170150397121f,0.2028456597770068f,0.045130867282882736f,1.5459390432259725f,0.06144681735824192f,-0.074868551293148f,-0.9952984420081288f,-0.3130882640797732f,0f,0f,0f,1f], start_interpolation: 0, interpolation_duration: 1 }
$data merge entity $(bone_leftmidfinger) { transformation: [-0.3166491652878193f,0.9446634797471747f,-0.08569840228666303f,0.519177858480379f,0.9459446254163435f,0.32117280467721576f,0.045130867282882736f,1.552990741238923f,0.0701574783502196f,-0.06677529159599635f,-0.9952984420081288f,-0.46860364564354334f,0f,0f,0f,1f], start_interpolation: 0, interpolation_duration: 1 }
$data merge entity $(bone_leftringfinger) { transformation: [-0.3166491652878193f,0.9446634797471747f,-0.08569840228666303f,0.505787483123088f,0.9459446254163435f,0.32117280467721576f,0.045130867282882736f,1.5600424392518735f,0.0701574783502196f,-0.06677529159599635f,-0.9952984420081288f,-0.6241190272073135f,0f,0f,0f,1f], start_interpolation: 0, interpolation_duration: 1 }
$data merge entity $(bone_invisibility) { transformation: [0.4048805565337316f,0.1214482150398911f,0.906268208647175f,0.41059404185287085f,0.9107631148499259f,0.03437818784283399f,-0.41149567291710815f,1.721247509468582f,-0.08113127368528285f,0.9920022536588651f,-0.09669149479626701f,-0.2632390787472198f,0f,0f,0f,1f], start_interpolation: 0, interpolation_duration: 1 }
$data merge entity $(bone_swiftness) { transformation: [-0.08569840228666324f,0.413924773166518f,0.9062682086471753f,0.2912719117623309f,0.045130867282882826f,0.9102936427267805f,-0.4114956729171083f,1.6278724072231963f,-0.9952984420081288f,0.005636148530279966f,-0.09669149479626704f,-0.4455847710348395f,0f,0f,0f,1f], start_interpolation: 0, interpolation_duration: 1 }
$data merge entity $(bone_suspicious_stew) { transformation: [0.33892553535984954f,0.2526012974560494f,0.9062682086471755f,0.37512286768194103f,0.8440793455751815f,0.34380426050860696f,-0.4114956729171083f,1.6870395325813048f,-0.41552321217281396f,0.904428667712192f,-0.09669149479626685f,-0.4501217310861009f,0f,0f,0f,1f], start_interpolation: 0, interpolation_duration: 1 }
$data merge entity $(bone_log) { transformation: [-0.9062682086471753f,0.413924773166518f,-0.08569840228666303f,0.33788370715989574f,0.4114956729171083f,0.9102936427267805f,0.045130867282882736f,1.8415194666620163f,0.09669149479626682f,0.005636148530279966f,-0.9952984420081288f,-0.48700699935179687f,0f,0f,0f,1f], start_interpolation: 0, interpolation_duration: 1 }
$data merge entity $(bone_planks) { transformation: [-0.9062682086471753f,0.413924773166518f,-0.08569840228666303f,0.25292106259922303f,0.4114956729171083f,0.9102936427267805f,0.045130867282882736f,1.8800971859979951f,0.09669149479626682f,0.005636148530279966f,-0.9952984420081288f,-0.47794217171464687f,0f,0f,0f,1f], start_interpolation: 0, interpolation_duration: 1 }
$data merge entity $(bone_lefthand) { transformation: [-0.9062682086471753f,0.413924773166518f,-0.08569840228666303f,0.6706100276847773f,0.4114956729171083f,0.9102936427267805f,0.045130867282882736f,1.9648086195118442f,0.09669149479626682f,0.005636148530279966f,-0.9952984420081288f,-0.47866775960553953f,0f,0f,0f,1f], start_interpolation: 0, interpolation_duration: 1 }
$data merge entity $(bone_leftforearm) { transformation: [-0.2895940451398725f,0.8419346006061681f,0.45528169007951313f,1.2449277962101193f,0.5714471965813671f,0.5336710016210553f,-0.6234126751583386f,2.4044785651564817f,-0.7678433372367193f,0.07963284706019205f,-0.6356691113545364f,-0.49530830173840823f,0f,0f,0f,1f], start_interpolation: 0, interpolation_duration: 1 }
$data merge entity $(bone_leftelbow) { transformation: [-0.2895940451398725f,0.8419346006061681f,0.45528169007951313f,1.4027905338237758f,0.5714471965813671f,0.5336710016210553f,-0.6234126751583386f,2.50454187796043f,-0.7678433372367193f,0.07963284706019205f,-0.6356691113545364f,-0.48037714291462225f,0f,0f,0f,1f], start_interpolation: 0, interpolation_duration: 1 }
$data merge entity $(bone_leftarm) { transformation: [-0.6786460880413506f,-0.4448400760975187f,0.5844286046077187f,0.7491530224174263f,0.4531920356666223f,0.37255732588005536f,0.8098259181709643f,2.6885248108030115f,-0.5779761811653786f,0.8144435803851954f,-0.051236592146916504f,-0.06740887027790443f,0f,0f,0f,1f], start_interpolation: 0, interpolation_duration: 1 }
$data merge entity $(bone_rightthumb2) { transformation: [-0.7823107337045837f,-0.16246580205222694f,-0.6013275140005837f,-0.8222260827812751f,-0.22242251705633592f,0.9746023157794241f,0.02604899199022076f,1.8348178114014952f,0.5818231173105102f,0.15412718527537347f,-0.798577905355621f,0.21587137024390657f,0f,0f,0f,1f], start_interpolation: 0, interpolation_duration: 1 }
$data merge entity $(bone_rightthumb) { transformation: [-0.7823107337045837f,-0.16246580205222694f,-0.6013275140005837f,-0.9134575482687732f,-0.22242251705633592f,0.9746023157794241f,0.02604899199022076f,2.076057801562035f,0.5818231173105102f,0.15412718527537347f,-0.798577905355621f,0.18542543513187437f,0f,0f,0f,1f], start_interpolation: 0, interpolation_duration: 1 }
$data merge entity $(bone_rightpointerfinger) { transformation: [-0.48823732974094f,-0.6324788777131726f,-0.6013275140005837f,-0.9739009206881024f,-0.8031441131328481f,0.5952150733611702f,0.02604899199022076f,1.7331600003934167f,0.3414437631404135f,0.49567074322612803f,-0.798577905355621f,0.16105601660568475f,0f,0f,0f,1f], start_interpolation: 0, interpolation_duration: 1 }
$data merge entity $(bone_rightmidfinger) { transformation: [-0.4601842948201972f,-0.6531735111796215f,-0.6013275140005837f,-1.0678583447506937f,-0.828342614749938f,0.5596159063192612f,0.02604899199022076f,1.7372301553918885f,0.3194979301812027f,0.5100925422781206f,-0.798577905355621f,0.03627821889386898f,0f,0f,0f,1f], start_interpolation: 0, interpolation_duration: 1 }
$data merge entity $(bone_rightringfinger) { transformation: [-0.5071471887644108f,-0.6174195897720063f,-0.6013275140005837f,-1.1618157688132849f,-0.7847704992183228f,0.6192388178828236f,0.02604899199022076f,1.7413003103903606f,0.35628218098156245f,0.4851147664139386f,-0.798577905355621f,-0.08849957881794682f,0f,0f,0f,1f], start_interpolation: 0, interpolation_duration: 1 }
$data merge entity $(bone_hugeasssword) { transformation: [-3.0640503736762863f,-0.6363243913712222f,-2.35519942983562f,-0.8836621797460131f,-0.8711548584706491f,3.8171924034694116f,0.10202521862836465f,1.993870216377826f,2.278807209466165f,0.6036648089952128f,-3.127763462642849f,-0.07448368236149348f,0f,0f,0f,1f], start_interpolation: 0, interpolation_duration: 1 }
$data merge entity $(bone_ice) { transformation: [-0.7823107337045837f,-0.16246580205222694f,-0.6013275140005837f,-0.868900046374813f,-0.22242251705633592f,0.9746023157794241f,0.02604899199022076f,1.9821174070227778f,0.5818231173105102f,0.15412718527537347f,-0.798577905355621f,-0.08598290583939792f,0f,0f,0f,1f], start_interpolation: 0, interpolation_duration: 1 }
$data merge entity $(bone_righthand) { transformation: [-0.7823107337045837f,-0.16246580205222694f,-0.6013275140005837f,-1.1238856651265339f,-0.22242251705633592f,0.9746023157794241f,0.02604899199022076f,2.170976387703244f,0.5818231173105102f,0.15412718527537347f,-0.798577905355621f,0.07304911026470985f,0f,0f,0f,1f], start_interpolation: 0, interpolation_duration: 1 }
$data merge entity $(bone_rightforearm) { transformation: [-0.17329383254374758f,-0.7259920266293225f,-0.6655109502276791f,-1.588822187173609f,-0.1183773661892005f,0.6861899017728486f,-0.717725726081402f,2.6918374247100223f,0.9777300480073258f,-0.04559600832986531f,-0.20485350191777382f,-0.015105332168016124f,0f,0f,0f,1f], start_interpolation: 0, interpolation_duration: 1 }
$data merge entity $(bone_rightelbow) { transformation: [-0.17329383254374758f,-0.7259920266293225f,-0.6655109502276791f,-1.724945692166607f,-0.1183773661892005f,0.6861899017728486f,-0.717725726081402f,2.8204980312924315f,0.9777300480073258f,-0.04559600832986531f,-0.20485350191777382f,-0.02365458372986587f,0f,0f,0f,1f], start_interpolation: 0, interpolation_duration: 1 }
$data merge entity $(bone_rightarm) { transformation: [-0.6086297057659f,0.7925715582309639f,-0.03741933113586852f,-0.981018317485315f,0.09770149728762495f,0.12166098183890156f,0.9877514985692254f,2.689316726149452f,0.7874162169317256f,0.5975189792645388f,-0.15148191552655238f,0.2043871579976076f,0f,0f,0f,1f], start_interpolation: 0, interpolation_duration: 1 }
$data merge entity $(bone_chest) { transformation: [-1.0705703485380011f,0.11451691734493295f,-0.11990044030005663f,-0.1274009948017923f,0.028081622435411093f,0.8973357229766328f,0.6063094373853253f,2.5234565382921708f,0.1634064332385009f,0.5960583755161306f,-0.8897324663428068f,0.018631907615138943f,0f,0f,0f,1f], start_interpolation: 0, interpolation_duration: 1 }
$data merge entity $(bone_chest1lid) { transformation: [-0.9882187832658473f,0.10570792370301504f,-0.11067732950774459f,-0.49374127676628654f,0.025921497632687165f,0.8283098981322765f,0.5596702498941465f,1.7471891396447294f,0.15083670760477008f,0.550207731245659f,-0.8212915073933602f,0.015479762653888368f,0f,0f,0f,1f], start_interpolation: 0, interpolation_duration: 1 }
$data merge entity $(bone_chest1) { transformation: [-0.9882187832658473f,0.10570792370301504f,-0.11067732950774459f,-0.5102581398448827f,0.025921497632687165f,0.8283098981322765f,0.5596702498941465f,1.6177657180615612f,0.15083670760477008f,0.550207731245659f,-0.8212915073933602f,-0.07049019535324585f,0f,0f,0f,1f], start_interpolation: 0, interpolation_duration: 1 }
$data merge entity $(bone_chest1lid3) { transformation: [-0.9882187832658473f,0.10570792370301504f,-0.11067732950774459f,-0.5028802670280699f,0.025921497632687165f,0.8283098981322765f,0.5596702498941465f,2.104107799881124f,0.15083670760477008f,0.550207731245659f,-0.8212915073933602f,-0.5200874034952812f,0f,0f,0f,1f], start_interpolation: 0, interpolation_duration: 1 }
$data merge entity $(bone_chest3) { transformation: [-0.9882187832658473f,0.10570792370301504f,-0.11067732950774459f,-0.519397130106666f,0.025921497632687165f,0.8283098981322765f,0.5596702498941465f,1.974684378297956f,0.15083670760477008f,0.550207731245659f,-0.8212915073933602f,-0.6060573615024154f,0f,0f,0f,1f], start_interpolation: 0, interpolation_duration: 1 }
$data merge entity $(bone_hugeasssword2) { transformation: [0.43348620723866554f,3.1333589907630746f,-2.30963826624773f,-1.2516066437744553f,-2.192041812085407f,2.1169063329584232f,2.4604751673869067f,3.66475544964826f,3.216725070623995f,1.0203170047894472f,1.9879413491183102f,0.6252916581216779f,0f,0f,0f,1f], start_interpolation: 0, interpolation_duration: 1 }
$data merge entity $(bone_belt) { transformation: [-0.9882187832658473f,0.10570792370301504f,-0.11067732950774459f,-0.12336828057000072f,0.025921497632687165f,0.8283098981322765f,0.5596702498941465f,2.1194233885150693f,0.15083670760477008f,0.550207731245659f,-0.8212915073933602f,-0.09785433762408138f,0f,0f,0f,1f], start_interpolation: 0, interpolation_duration: 1 }
$data merge entity $(bone_torn_part) { transformation: [-0.9907474058835463f,-0.07317995615256619f,-0.11429904528268028f,-0.2482280402206662f,-0.1016136903640654f,0.9582486461645986f,0.2672717531919712f,1.7372822047546146f,0.08996797022062657f,0.2764131439371555f,-0.9568184457843388f,-0.042444471183768706f,0f,0f,0f,1f], start_interpolation: 0, interpolation_duration: 1 }
$data merge entity $(bone_lowerbody) { transformation: [-0.9907474058835463f,-0.10416335043201785f,-0.0870032997178863f,-0.08837951388888965f,-0.1016136903640654f,0.994268143107218f,-0.03324932379343336f,1.2663986111111105f,0.08996797022062657f,-0.024100954937540896f,-0.9956530059742094f,0.10055134259259257f,0f,0f,0f,1f], start_interpolation: 0, interpolation_duration: 1 }
$data merge entity $(bone_leftfoot) { transformation: [-0.8109697184179706f,0.21324270304477042f,-0.5448281100165575f,0.3860389318796191f,-0.2833041541736847f,0.671645393068528f,0.68459754750047f,0.3901029777975469f,0.5118988088557391f,0.70953578746495f,-0.48425956422448435f,-0.06589132382382801f,0f,0f,0f,1f], start_interpolation: 0, interpolation_duration: 1 }
$data merge entity $(bone_leftlowerleg) { transformation: [-0.8109697184179706f,0.21324270304477042f,-0.5448281100165575f,0.706315511050974f,-0.2833041541736847f,0.671645393068528f,0.68459754750047f,1.0300241676737683f,0.5118988088557391f,0.70953578746495f,-0.48425956422448435f,0.7956543038025995f,0f,0f,0f,1f], start_interpolation: 0, interpolation_duration: 1 }
$data merge entity $(bone_leftleg) { transformation: [-0.8433979979862392f,-0.5371532686767556f,0.011097738416836846f,0.22488128017742132f,-0.22627300474997142f,0.33639604291723185f,-0.9141555985867638f,1.2782982632910738f,0.48729218937443913f,-0.7734920776807936f,-0.4052782458750813f,0.13074257426865177f,0f,0f,0f,1f], start_interpolation: 0, interpolation_duration: 1 }
$data merge entity $(bone_rightfoot) { transformation: [-0.9305076398800968f,0.1594495421103491f,0.32974977441890796f,-0.4919173216202381f,0.36419620089666627f,0.49848425625803794f,0.7866976853908283f,0.4598294442835995f,-0.03893249450994575f,0.8521011926502677f,-0.5219057440954198f,-0.05723483549023589f,0f,0f,0f,1f], start_interpolation: 0, interpolation_duration: 1 }
$data merge entity $(bone_rightlowerleg) { transformation: [-0.9305076398800968f,0.1594495421103491f,0.32974977441890796f,-0.3656925960257717f,0.36419620089666627f,0.49848425625803794f,0.7866976853908283f,0.8919627585119332f,-0.03893249450994575f,0.8521011926502677f,-0.5219057440954198f,0.9682534593487857f,0f,0f,0f,1f], start_interpolation: 0, interpolation_duration: 1 }
$data merge entity $(bone_rightleg) { transformation: [-0.9513493172334528f,-0.02587935412209899f,-0.30702867543361f,-0.4014935575818268f,0.26711549356842595f,0.4273793016376826f,-0.8637172641771651f,1.2086671285597204f,0.15357014584592732f,-0.9036908717376256f,-0.3996822239277057f,0.16314659654629776f,0f,0f,0f,1f], start_interpolation: 0, interpolation_duration: 1 }
data modify entity @s data merge value {"locators":{"lefthand":{"posx":0.3918475163526633,"posy":1.7311198866867126,"posz":-0.48096061293649794,"roty":355.078786423922,"rotx":2.58668682022053},"righthand":{"posx":-0.9303074070962926,"posy":1.9456301193648455,"posz":-0.021367446090283723,"roty":323.0203282647996,"rotx":1.4926661421731453},"chest":{"posx":-0.5139365262391976,"posy":1.6087813412665233,"posz":0.11413222459389627,"roty":352.3250516299279,"rotx":34.03299639349332},"sack":{"posx":0,"posy":-0.4375,"posz":0,"roty":0,"rotx":0}},"cameras":{}}