# This file was generated by Animated Java via MC-Build. It is not recommended to edit this file directly.
$data merge entity $(bone_nose) { transformation: [-0.9558437920739946f,-0.05951672650660357f,0.2877853443446078f,-0.017596702997257824f,0.039677809614101105f,0.9441740122130663f,0.3270490881896904f,4.02812289735515f,-0.291184334361987f,0.3240265327522098f,-0.9001213748682717f,0.37438504941647616f,0f,0f,0f,1f], start_interpolation: 0, interpolation_duration: 1 }
$data merge entity $(bone_glowing_eye) { transformation: [-0.9558437920739946f,-0.05951672650660357f,0.2877853443446078f,-0.1511493924211524f,0.039677809614101105f,0.9441740122130663f,0.3270490881896904f,4.085598293259527f,-0.291184334361987f,0.3240265327522098f,-0.9001213748682717f,0.3913365345560187f,0f,0f,0f,1f], start_interpolation: 0, interpolation_duration: 1 }
$data merge entity $(bone_head) { transformation: [-0.9558437920739946f,-0.05951672650660357f,0.2877853443446078f,0.043641481057256765f,0.039677809614101105f,0.9441740122130663f,0.3270490881896904f,3.9727808178798294f,-0.291184334361987f,0.3240265327522098f,-0.9001213748682717f,0.16582303768419f,0f,0f,0f,1f], start_interpolation: 0, interpolation_duration: 1 }
$data merge entity $(bone_leftthumb2) { transformation: [-0.8193694692202758f,0.22701429881888702f,0.5264011598025337f,0.7021934477987628f,0.023906879922087454f,0.9309823312018871f,-0.3642806062395998f,2.3881211304551906f,-0.5727670852991417f,-0.2858957976635347f,-0.7682457021528052f,0.16977702434253955f,0f,0f,0f,1f], start_interpolation: 0, interpolation_duration: 1 }
$data merge entity $(bone_leftthumb) { transformation: [-0.8193694692202758f,0.22701429881888702f,0.5264011598025337f,0.8028519290906787f,0.023906879922087454f,0.9309823312018871f,-0.3642806062395998f,2.5853070549072488f,-0.5727670852991417f,-0.2858957976635347f,-0.7682457021528052f,0.03401086709231679f,0f,0f,0f,1f], start_interpolation: 0, interpolation_duration: 1 }
$data merge entity $(bone_leftpointerfinger) { transformation: [-0.25187445283550375f,0.8120720897601167f,0.5264011598025337f,0.8426564523524429f,0.796196666642261f,0.4830843693864062f,-0.3642806062395998f,2.2601380090726697f,-0.550118285495554f,0.32736587037621245f,-0.7682457021528052f,0.154455308366845f,0f,0f,0f,1f], start_interpolation: 0, interpolation_duration: 1 }
$data merge entity $(bone_leftmidfinger) { transformation: [-0.3553332774470894f,0.7724248059826f,0.5264011598025337f,0.9249066335715888f,0.7266189124088002f,0.5825157474674498f,-0.3642806062395998f,2.2032191643477326f,-0.5880163416679522f,0.25305201650091813f,-0.7682457021528052f,0.034416917405469205f,0f,0f,0f,1f], start_interpolation: 0, interpolation_duration: 1 }
$data merge entity $(bone_leftringfinger) { transformation: [-0.3553332774470894f,0.7724248059826f,0.5264011598025337f,1.0071568147907346f,0.7266189124088002f,0.5825157474674498f,-0.3642806062395998f,2.146300319622795f,-0.5880163416679522f,0.25305201650091813f,-0.7682457021528052f,-0.0856214735559066f,0f,0f,0f,1f], start_interpolation: 0, interpolation_duration: 1 }
$data merge entity $(bone_invisibility) { transformation: [0.2720293249402087f,-0.5046124446367306f,0.8193694692202756f,0.6974043295631278f,0.8956905155550337f,0.4440348651143829f,-0.023906879922087475f,2.377830510478255f,-0.3517649026229476f,0.7404048347225951f,0.5727670852991413f,0.03979930519608199f,0f,0f,0f,1f], start_interpolation: 0, interpolation_duration: 1 }
$data merge entity $(bone_swiftness) { transformation: [0.5264011598025334f,0.22701429881888702f,0.8193694692202759f,0.7226876576131497f,-0.3642806062395998f,0.9309823312018871f,-0.023906879922087534f,2.1847023238520977f,-0.7682457021528053f,-0.2858957976635347f,0.5727670852991414f,-0.0953631481618617f,0f,0f,0f,1f], start_interpolation: 0, interpolation_duration: 1 }
$data merge entity $(bone_suspicious_stew) { transformation: [0.4282115699222573f,-0.38114108187703843f,0.819369469220276f,0.7854632517689675f,0.689804899766976f,0.7236004846252266f,-0.023906879922087357f,2.2658881000332416f,-0.5837842509370977f,0.5754422771709926f,0.5727670852991418f,-0.0908453984420908f,0f,0f,0f,1f], start_interpolation: 0, interpolation_duration: 1 }
$data merge entity $(bone_log) { transformation: [-0.8193694692202758f,0.22701429881888702f,0.5264011598025337f,0.7616992057476712f,0.023906879922087454f,0.9309823312018871f,-0.3642806062395998f,2.367426508008692f,-0.5727670852991417f,-0.2858957976635347f,-0.7682457021528052f,-0.2162908046852399f,0f,0f,0f,1f], start_interpolation: 0, interpolation_duration: 1 }
$data merge entity $(bone_planks) { transformation: [-0.8193694692202758f,0.22701429881888702f,0.5264011598025337f,0.6848833180082704f,0.023906879922087454f,0.9309823312018871f,-0.3642806062395998f,2.369667778001388f,-0.5727670852991417f,-0.2858957976635347f,-0.7682457021528052f,-0.26998771893203444f,0f,0f,0f,1f], start_interpolation: 0, interpolation_duration: 1 }
$data merge entity $(bone_lefthand) { transformation: [-0.8193694692202758f,0.22701429881888702f,0.5264011598025337f,1.0068451115136328f,0.023906879922087454f,0.9309823312018871f,-0.3642806062395998f,2.6055791397736296f,-0.5727670852991417f,-0.2858957976635347f,-0.7682457021528052f,-0.12056530458406298f,0f,0f,0f,1f], start_interpolation: 0, interpolation_duration: 1 }
$data merge entity $(bone_leftforearm) { transformation: [-0.04027450857078216f,0.6907178001951435f,0.7220019975408404f,1.4916804187228798f,0.38505778751657127f,0.677506020339384f,-0.6266706413074836f,3.1374267503054765f,-0.9220132668417657f,0.25277363964122507f,-0.29325248996437f,-0.026926834142109696f,0f,0f,0f,1f], start_interpolation: 0, interpolation_duration: 1 }
$data merge entity $(bone_leftelbow) { transformation: [-0.04027450857078216f,0.6907178001951435f,0.7220019975408404f,1.6211900062594693f,0.38505778751657127f,0.677506020339384f,-0.6266706413074836f,3.264459129119111f,-0.9220132668417657f,0.25277363964122507f,-0.29325248996437f,0.020468223290620008f,0f,0f,0f,1f], start_interpolation: 0, interpolation_duration: 1 }
$data merge entity $(bone_leftarm) { transformation: [-0.42968717229878606f,-0.6308867394809301f,0.6460269776944262f,0.9257431969714667f,0.27385110770602106f,0.5906987246590898f,0.7589997282570726f,3.5374921203911316f,-0.8604501756464803f,0.50304765045992f,-0.08104663223537095f,0.13080395248723056f,0f,0f,0f,1f], start_interpolation: 0, interpolation_duration: 1 }
$data merge entity $(bone_rightthumb2) { transformation: [-0.6542605011529563f,-0.10811232284355628f,-0.7485017850883546f,-0.6985178144158495f,0.2881215865159609f,0.8794553919157481f,-0.3788722278207315f,2.5345763593947224f,0.699234687365128f,-0.46354065547661394f,-0.5442434314768554f,-0.16019067022207084f,0f,0f,0f,1f], start_interpolation: 0, interpolation_duration: 1 }
$data merge entity $(bone_rightthumb) { transformation: [-0.6542605011529563f,-0.10811232284355628f,-0.7485017850883546f,-0.7889966420499984f,0.2881215865159609f,0.8794553919157481f,-0.3788722278207315f,2.71787872493763f,0.699234687365128f,-0.46354065547661394f,-0.5442434314768554f,-0.3203802224682277f,0f,0f,0f,1f], start_interpolation: 0, interpolation_duration: 1 }
$data merge entity $(bone_rightpointerfinger) { transformation: [-0.3665229496816613f,-0.5526355083381824f,-0.7485017850883546f,-0.8601680496065777f,-0.44759402817525523f,0.810009519035428f,-0.3788722278207315f,2.443061087311362f,0.8156718171535065f,0.19615956259074901f,-0.5442434314768554f,-0.1173135618098805f,0f,0f,0f,1f], start_interpolation: 0, interpolation_duration: 1 }
$data merge entity $(bone_rightmidfinger) { transformation: [-0.3420684787383579f,-0.568097028308697f,-0.7485017850883546f,-0.9771214535266332f,-0.48250013681956466f,0.7897147921593326f,-0.3788722278207315f,2.3838623017143723f,0.8063391183755921f,0.23155196710796938f,-0.5442434314768554f,-0.20235159797813915f,0f,0f,0f,1f], start_interpolation: 0, interpolation_duration: 1 }
$data merge entity $(bone_rightringfinger) { transformation: [-0.38982587673843017f,-0.5364521074100288f,-0.7485017850883546f,-1.0940748574466885f,-0.41253711255719305f,0.8284135233982665f,-0.3788722278207315f,2.324663516117383f,0.8233158061084993f,0.16109056678219563f,-0.5442434314768554f,-0.28738963414639784f,0f,0f,0f,1f], start_interpolation: 0, interpolation_duration: 1 }
$data merge entity $(bone_hugeasssword) { transformation: [-2.5625202961824125f,-0.42343993113726214f,-2.931631991596056f,-0.8135984830934709f,1.1284762138541804f,3.4445336183366804f,-1.4839162256311984f,2.4918892603386555f,2.7386691921800845f,-1.8155342339500713f,-2.131620106617684f,-0.47373870383636263f,0f,0f,0f,1f], start_interpolation: 0, interpolation_duration: 1 }
$data merge entity $(bone_ice) { transformation: [-0.6542605011529563f,-0.10811232284355628f,-0.7485017850883546f,-0.8016864077185255f,0.2881215865159609f,0.8794553919157481f,-0.3788722278207315f,2.4736458700506603f,0.699234687365128f,-0.46354065547661394f,-0.5442434314768554f,-0.47742142308462066f,0f,0f,0f,1f], start_interpolation: 0, interpolation_duration: 1 }
$data merge entity $(bone_righthand) { transformation: [-0.6542605011529563f,-0.10811232284355628f,-0.7485017850883546f,-1.0156702945016647f,0.2881215865159609f,0.8794553919157481f,-0.3788722278207315f,2.7537003575391896f,0.699234687365128f,-0.46354065547661394f,-0.5442434314768554f,-0.43550552234614387f,0f,0f,0f,1f], start_interpolation: 0, interpolation_duration: 1 }
$data merge entity $(bone_rightforearm) { transformation: [-0.6465869546719322f,-0.3802243511891907f,-0.6613280220970801f,-1.2095595225476459f,0.053909448296354634f,0.8419857218661353f,-0.5367996046551695f,3.3624388621958112f,0.7609330334743389f,-0.3827394504572559f,-0.523919298777224f,-0.7536407502333069f,0f,0f,0f,1f], start_interpolation: 0, interpolation_duration: 1 }
$data merge entity $(bone_rightelbow) { transformation: [-0.6465869546719322f,-0.3802243511891907f,-0.6613280220970801f,-1.280851588395619f,0.053909448296354634f,0.8419857218661353f,-0.5367996046551695f,3.5203111850457116f,0.7609330334743389f,-0.3827394504572559f,-0.523919298777224f,-0.8254043971940423f,0f,0f,0f,1f], start_interpolation: 0, interpolation_duration: 1 }
$data merge entity $(bone_rightarm) { transformation: [-0.8725693135763393f,0.48848390598168445f,-0.0025033181566281315f,-0.730601600598867f,0.23988624322986696f,0.4329570076597589f,0.8689089824759374f,3.5556868154658634f,0.42553188284073096f,0.7575828028111412f,-0.49496556806593933f,-0.3515496039169124f,0f,0f,0f,1f], start_interpolation: 0, interpolation_duration: 1 }
$data merge entity $(bone_chest) { transformation: [-1.035497441413494f,-0.0644764537154872f,0.3117674563733251f,0.10400361836182612f,0.04298429374860953f,1.0228551798974883f,0.3543031788721646f,3.3796232754743407f,-0.3154496955588192f,0.3510287438148939f,-0.9751314894406277f,-0.12112609177602304f,0f,0f,0f,1f], start_interpolation: 0, interpolation_duration: 1 }
$data merge entity $(bone_chest1lid) { transformation: [-0.9558437920739946f,-0.05951672650660357f,0.2877853443446078f,-0.2942864521042552f,0.039677809614101105f,0.9441740122130663f,0.3270490881896904f,2.619894562694756f,-0.291184334361987f,0.3240265327522098f,-0.9001213748682717f,-0.08976504656151338f,0f,0f,0f,1f], start_interpolation: 0, interpolation_duration: 1 }
$data merge entity $(bone_chest1) { transformation: [-0.9558437920739946f,-0.05951672650660357f,0.2877853443446078f,-0.2849869635875984f,0.039677809614101105f,0.9441740122130663f,0.3270490881896904f,2.4723673732864646f,-0.291184334361987f,0.3240265327522098f,-0.9001213748682717f,-0.14039419230404615f,0f,0f,0f,1f], start_interpolation: 0, interpolation_duration: 1 }
$data merge entity $(bone_chest1lid3) { transformation: [-0.9558437920739946f,-0.05951672650660357f,0.2877853443446078f,-0.05018372887886616f,0.039677809614101105f,0.9441740122130663f,0.3270490881896904f,2.8269305217153953f,-0.291184334361987f,0.3240265327522098f,-0.9001213748682717f,-0.6482062814388758f,0f,0f,0f,1f], start_interpolation: 0, interpolation_duration: 1 }
$data merge entity $(bone_chest3) { transformation: [-0.9558437920739946f,-0.05951672650660357f,0.2877853443446078f,-0.04088424036220935f,0.039677809614101105f,0.9441740122130663f,0.3270490881896904f,2.679403332307104f,-0.291184334361987f,0.3240265327522098f,-0.9001213748682717f,-0.6988354271814086f,0f,0f,0f,1f], start_interpolation: 0, interpolation_duration: 1 }
$data merge entity $(bone_hugeasssword2) { transformation: [-1.127159265349715f,2.6026761039209485f,-2.701086238236932f,-1.0664596616905582f,-1.2809422620762874f,2.383766237939905f,2.8314524933084253f,4.61067941102464f,3.525475384900731f,1.6982383221192732f,0.16518985901785557f,-0.3423818268480747f,0f,0f,0f,1f], start_interpolation: 0, interpolation_duration: 1 }
$data merge entity $(bone_belt) { transformation: [-0.9558437920739946f,-0.05951672650660357f,0.2877853443446078f,0.12065357684852147f,0.039677809614101105f,0.9441740122130663f,0.3270490881896904f,2.9594480672780814f,-0.291184334361987f,0.3240265327522098f,-0.9001213748682717f,-0.12304117204432038f,0f,0f,0f,1f], start_interpolation: 0, interpolation_duration: 1 }
$data merge entity $(bone_torn_part) { transformation: [-0.9672324084818908f,-0.1527976844502532f,0.20276670241674677f,-0.009215924325449473f,-0.07858022557754576f,0.9395789296856926f,0.3331915110546343f,2.640592984040025f,-0.2414262126002533f,0.3063401745075714f,-0.920798067630557f,-0.06340869839854948f,0f,0f,0f,1f], start_interpolation: 0, interpolation_duration: 1 }
$data merge entity $(bone_lowerbody) { transformation: [-0.9672324084818908f,-0.0847526183322124f,0.23932919100718789f,0.09296781249999998f,-0.07858022557754576f,0.996284971526842f,0.03523355868971461f,2.15684484375f,-0.2414262126002533f,0.015272498014204357f,-0.9702989924110523f,0.08915910156250001f,0f,0f,0f,1f], start_interpolation: 0, interpolation_duration: 1 }
$data merge entity $(bone_leftfoot) { transformation: [-0.9808429436290028f,-0.19281238375162377f,0.027576572388979106f,0.5002787666149481f,-0.1577032891243623f,0.8692513111818232f,0.4685360474141248f,0.35903161602809963f,-0.11431006469346242f,0.4552084838366341f,-0.8830192724813571f,-0.25810598738147444f,0f,0f,0f,1f], start_interpolation: 0, interpolation_duration: 1 }
$data merge entity $(bone_leftlowerleg) { transformation: [-0.9808429436290028f,-0.19281238375162377f,0.027576572388979106f,0.282140508690428f,-0.1577032891243623f,0.8692513111818232f,0.4685360474141248f,1.2513687755304619f,-0.11431006469346242f,0.4552084838366341f,-0.8830192724813571f,0.38256297238223497f,0f,0f,0f,1f], start_interpolation: 0, interpolation_duration: 1 }
$data merge entity $(bone_leftleg) { transformation: [-0.974627313136464f,0.09003012608773885f,0.20492955958040315f,0.33816414911917125f,0.0022247663538206373f,0.919394836302495f,-0.39332936835406546f,2.156804171718341f,-0.22382281140015145f,-0.38289386437619277f,-0.8962670548451307f,0.05327009902793996f,0f,0f,0f,1f], start_interpolation: 0, interpolation_duration: 1 }
$data merge entity $(bone_rightfoot) { transformation: [-0.9110930332284155f,0.09273303822321613f,0.40163381189623204f,-0.4586806945877712f,0.2620274929066633f,0.8824563572078787f,0.39064029929482436f,0.3413871061992435f,-0.3181994665707867f,0.4611560864335193f,-0.8283029579693741f,-0.2904728726479687f,0f,0f,0f,1f], start_interpolation: 0, interpolation_duration: 1 }
$data merge entity $(bone_rightlowerleg) { transformation: [-0.9110930332284155f,0.09273303822321613f,0.40163381189623204f,-0.41751425835881983f,0.2620274929066633f,0.8824563572078787f,0.39064029929482436f,1.2603419545413936f,-0.3181994665707867f,0.4611560864335193f,-0.8283029579693741f,0.34838728640577f,0f,0f,0f,1f], start_interpolation: 0, interpolation_duration: 1 }
$data merge entity $(bone_rightleg) { transformation: [-0.944592115295955f,0.23868208455446702f,0.22533649571109163f,-0.1683276653195452f,0.09131524549815538f,0.8504571147799249f,-0.5180537354455907f,2.0963897433547616f,-0.3152891714923381f,-0.46876812867124396f,-0.8251386495108051f,-0.04213454722837416f,0f,0f,0f,1f], start_interpolation: 0, interpolation_duration: 1 }
data modify entity @s data merge value {"locators":{"lefthand":{"posx":0.8125545832699319,"posy":2.2981441278633428,"posz":-0.12825444214984413,"roty":34.418901749071125,"rotx":-21.363316692934852},"righthand":{"posx":-0.849638734265179,"posy":2.492835656847547,"posz":-0.39612154478549194,"roty":306.02128973197534,"rotx":-22.263843337372183},"chest":{"posx":-0.3654032352537498,"posy":2.511022198452241,"posz":0.021527749515828892,"roty":17.730033404173042,"rotx":19.089764688282777},"sack":{"posx":0,"posy":-0.4375,"posz":0,"roty":0,"rotx":0}},"cameras":{}}