# This file was generated by Animated Java via MC-Build. It is not recommended to edit this file directly.
$data merge entity $(bone_nose) { transformation: [-0.9593927881788561f,0.04778937640349321f,0.27799577963229183f,0.04117588091168017f,0.0948146928122529f,0.9828347287228522f,0.15825950222086388f,4.246939669301462f,-0.26566078373993907f,0.17819110954041098f,-0.9474556857518133f,0.17843488188772283f,0f,0f,0f,1f], start_interpolation: 0, interpolation_duration: 1 }
$data merge entity $(bone_glowing_eye) { transformation: [-0.9593927881788561f,0.04778937640349321f,0.27799577963229183f,-0.08521332501710815f,0.0948146928122529f,0.9828347287228522f,0.15825950222086388f,4.319814838327515f,-0.26566078373993907f,0.17819110954041098f,-0.9474556857518133f,0.19035432815299444f,0f,0f,0f,1f], start_interpolation: 0, interpolation_duration: 1 }
$data merge entity $(bone_head) { transformation: [-0.9593927881788561f,0.04778937640349321f,0.27799577963229183f,0.08733109777022291f,0.0948146928122529f,0.9828347287228522f,0.15825950222086388f,4.155217191445659f,-0.26566078373993907f,0.17819110954041098f,-0.9474556857518133f,-0.02098341390656555f,0f,0f,0f,1f], start_interpolation: 0, interpolation_duration: 1 }
$data merge entity $(bone_leftthumb2) { transformation: [-0.7743108908402803f,0.45461797537004783f,0.4401876199946691f,0.5458877437645895f,0.03702393875784604f,0.7269678452095739f,-0.685672647835835f,2.795885077311661f,-0.6317213565212022f,-0.5146263192859339f,-0.5797308679147803f,0.008859167454835476f,0f,0f,0f,1f], start_interpolation: 0, interpolation_duration: 1 }
$data merge entity $(bone_leftthumb) { transformation: [-0.7743108908402803f,0.45461797537004783f,0.4401876199946691f,0.6949967261249729f,0.03702393875784604f,0.7269678452095739f,-0.685672647835835f,2.915572618788039f,-0.6317213565212022f,-0.5146263192859339f,-0.5797308679147803f,-0.16689142829747253f,0f,0f,0f,1f], start_interpolation: 0, interpolation_duration: 1 }
$data merge entity $(bone_leftpointerfinger) { transformation: [-0.03275517958632068f,0.8973081730451906f,0.4401876199946691f,0.6511492513295816f,0.6329556713977746f,0.35947202680485185f,-0.685672647835835f,2.640845895909704f,-0.7734948068705184f,0.25615991983742353f,-0.5797308679147803f,0.04388997165422573f,0f,0f,0f,1f], start_interpolation: 0, interpolation_duration: 1 }
$data merge entity $(bone_leftmidfinger) { transformation: [-0.1495792649824269f,0.8853591941640109f,0.4401876199946691f,0.7199285669537486f,0.5806290130553153f,0.43900224282821865f,-0.685672647835835f,2.5337095446853546f,-0.8003099353911132f,0.1530232926748344f,-0.5797308679147803f,-0.0466929764574587f,0f,0f,0f,1f], start_interpolation: 0, interpolation_duration: 1 }
$data merge entity $(bone_leftringfinger) { transformation: [-0.1495792649824269f,0.8853591941640109f,0.4401876199946691f,0.7887078825779157f,0.5806290130553153f,0.43900224282821865f,-0.685672647835835f,2.4265731934610053f,-0.8003099353911132f,0.1530232926748344f,-0.5797308679147803f,-0.13727592456914314f,0f,0f,0f,1f], start_interpolation: 0, interpolation_duration: 1 }
$data merge entity $(bone_invisibility) { transformation: [0.4912528956898044f,-0.39889000589450013f,0.7743108908402802f,0.5419339372282947f,0.6644412041770725f,0.7464228789034923f,-0.037023938757846146f,2.7487272627414665f,-0.5631948851579743f,0.5326721778419711f,0.631721356521202f,-0.1127284467430618f,0f,0f,0f,1f], start_interpolation: 0, interpolation_duration: 1 }
$data merge entity $(bone_swiftness) { transformation: [0.44018761999466893f,0.45461797537004783f,0.7743108908402804f,0.5225776395173607f,-0.685672647835835f,0.7269678452095739f,-0.037023938757846195f,2.5236482498788004f,-0.5797308679147805f,-0.5146263192859339f,0.6317213565212021f,-0.18464091890349305f,0f,0f,0f,1f], start_interpolation: 0, interpolation_duration: 1 }
$data merge entity $(bone_suspicious_stew) { transformation: [0.598055138006633f,-0.20681560925133263f,0.7743108908402805f,0.6031588983818242f,0.36907883648716744f,0.9286603471755079f,-0.037023938757845966f,2.5860870235280484f,-0.7114146922584228f,0.3079241194740456f,0.6317213565212022f,-0.19730487576055497f,0f,0f,0f,1f], start_interpolation: 0, interpolation_duration: 1 }
$data merge entity $(bone_log) { transformation: [-0.7743108908402803f,0.45461797537004783f,0.4401876199946691f,0.608028293974054f,0.03702393875784604f,0.7269678452095739f,-0.685672647835835f,2.6482880930704886f,-0.6317213565212022f,-0.5146263192859339f,-0.5797308679147803f,-0.3480319272786647f,0f,0f,0f,1f], start_interpolation: 0, interpolation_duration: 1 }
$data merge entity $(bone_planks) { transformation: [-0.7743108908402803f,0.45461797537004783f,0.4401876199946691f,0.5354366479577778f,0.03702393875784604f,0.7269678452095739f,-0.685672647835835f,2.6517590873290366f,-0.6317213565212022f,-0.5146263192859339f,-0.5797308679147803f,-0.40725580445252746f,0f,0f,0f,1f], start_interpolation: 0, interpolation_duration: 1 }
$data merge entity $(bone_lefthand) { transformation: [-0.7743108908402803f,0.45461797537004783f,0.4401876199946691f,0.9015046474018026f,0.03702393875784604f,0.7269678452095739f,-0.685672647835835f,2.8422013399282906f,-0.6317213565212022f,-0.5146263192859339f,-0.5797308679147803f,-0.3006415783475108f,0f,0f,0f,1f], start_interpolation: 0, interpolation_duration: 1 }
$data merge entity $(bone_leftforearm) { transformation: [0.05386561560635478f,0.8201822327414622f,0.5695608839716604f,1.4908918602940757f,0.4111469467380281f,0.5015778627934618f,-0.7611687301403947f,3.253733309663243f,-0.9099761994927921f,0.27517404065568013f,-0.31019762040654125f,-0.19573588555189927f,0f,0f,0f,1f], start_interpolation: 0, interpolation_duration: 1 }
$data merge entity $(bone_leftelbow) { transformation: [0.05386561560635478f,0.8201822327414622f,0.5695608839716604f,1.6446760289331f,0.4111469467380281f,0.5015778627934618f,-0.7611687301403947f,3.347779158937017f,-0.9099761994927921f,0.27517404065568013f,-0.31019762040654125f,-0.14414075292895925f,0f,0f,0f,1f], start_interpolation: 0, interpolation_duration: 1 }
$data merge entity $(bone_leftarm) { transformation: [-0.38049901004921793f,-0.6153634594201912f,0.6903247903429082f,0.9374666991750429f,0.35982539564292443f,0.5891362502421641f,0.7234944113820198f,3.6708120577807994f,-0.8519073822910437f,0.5236852981142559f,-0.0027423597511826436f,-0.027652507702896928f,0f,0f,0f,1f], start_interpolation: 0, interpolation_duration: 1 }
$data merge entity $(bone_rightthumb2) { transformation: [-0.21500661935148752f,-0.5119076652962413f,-0.8316986809211593f,-0.4996979651575045f,0.3197873979872249f,0.7677633749605244f,-0.5552255579111843f,2.9523297193824702f,0.9227720052773628f,-0.38534392726521227f,-0.0013725874173509123f,-0.5209462517414937f,0f,0f,0f,1f], start_interpolation: 0, interpolation_duration: 1 }
$data merge entity $(bone_rightthumb) { transformation: [-0.21500661935148752f,-0.5119076652962413f,-0.8316986809211593f,-0.6963143707887379f,0.3197873979872249f,0.7677633749605244f,-0.5552255579111843f,3.0931697407510317f,0.9227720052773628f,-0.38534392726521227f,-0.0013725874173509123f,-0.6155662577130507f,0f,0f,0f,1f], start_interpolation: 0, interpolation_duration: 1 }
$data merge entity $(bone_rightpointerfinger) { transformation: [0.23200389341612357f,-0.5044318562439966f,-0.8316986809211593f,-0.590846892773157f,-0.3497734596311367f,0.7545747854122082f,-0.5552255579111843f,2.8501979319698756f,0.9076523124949478f,0.4197206161559807f,-0.0013725874173509123f,-0.3882614335371298f,0f,0f,0f,1f], start_interpolation: 0, interpolation_duration: 1 }
$data merge entity $(bone_rightmidfinger) { transformation: [0.25378608565436755f,-0.49383188119261606f,-0.8316986809211593f,-0.7207998116670882f,-0.3823546426620313f,0.7385996933908143f,-0.5552255579111843f,2.763443938546253f,0.888480472471413f,0.45891237294363424f,-0.0013725874173509123f,-0.38847590032109086f,0f,0f,0f,1f], start_interpolation: 0, interpolation_duration: 1 }
$data merge entity $(bone_rightringfinger) { transformation: [0.20979792229832667f,-0.5140643305592301f,-0.8316986809211593f,-0.8507527305610193f,-0.31655317426610396f,0.769102507930034f,-0.5552255579111843f,2.6766899451226305f,0.9250831960755528f,0.37976202593522f,-0.0013725874173509123f,-0.38869036710505195f,0f,0f,0f,1f], start_interpolation: 0, interpolation_duration: 1 }
$data merge entity $(bone_hugeasssword) { transformation: [-0.8421092591266595f,-2.004971689076945f,-3.2574865002745406f,-0.7546746310257553f,1.252500642116631f,3.0070732185953872f,-2.174633435152139f,2.843127745837115f,3.6141903540030045f,-1.5092637151220816f,-0.005375967384624407f,-0.7118387527702404f,0f,0f,0f,1f], start_interpolation: 0, interpolation_duration: 1 }
$data merge entity $(bone_ice) { transformation: [-0.21500661935148752f,-0.5119076652962413f,-0.8316986809211593f,-0.7433165953281344f,0.3197873979872249f,0.7677633749605244f,-0.5552255579111843f,2.8261347650098068f,0.9227720052773628f,-0.38534392726521227f,-0.0013725874173509123f,-0.7202360664891803f,0f,0f,0f,1f], start_interpolation: 0, interpolation_duration: 1 }
$data merge entity $(bone_righthand) { transformation: [-0.21500661935148752f,-0.5119076652962413f,-0.8316986809211593f,-0.9510357502688529f,0.3197873979872249f,0.7677633749605244f,-0.5552255579111843f,3.0806716595620194f,0.9227720052773628f,-0.38534392726521227f,-0.0013725874173509123f,-0.5859219403429349f,0f,0f,0f,1f], start_interpolation: 0, interpolation_duration: 1 }
$data merge entity $(bone_rightforearm) { transformation: [-0.6032568285494208f,-0.4767810076094101f,-0.6393442496741882f,-1.2107257644484295f,0.0022961513277297563f,0.800596757724738f,-0.5991990981382713f,3.669807544618598f,0.7975436831281251f,-0.36293897876033265f,-0.48187069966831597f,-0.8951511372760135f,0f,0f,0f,1f], start_interpolation: 0, interpolation_duration: 1 }
$data merge entity $(bone_rightelbow) { transformation: [-0.6032568285494208f,-0.4767810076094101f,-0.6393442496741882f,-1.3001222033751938f,0.0022961513277297563f,0.800596757724738f,-0.5991990981382713f,3.819919436691986f,0.7975436831281251f,-0.36293897876033265f,-0.48187069966831597f,-0.9632021957935759f,0f,0f,0f,1f], start_interpolation: 0, interpolation_duration: 1 }
$data merge entity $(bone_rightarm) { transformation: [-0.8677106032086641f,0.4968565651078032f,0.014555507154729919f,-0.7324160892447182f,0.20565547428185754f,0.33219005944346447f,0.9205191960545155f,3.7944115356126766f,0.45253081108048376f,0.8017376866009374f,-0.39042610940691064f,-0.47242281291689225f,0f,0f,0f,1f], start_interpolation: 0, interpolation_duration: 1 }
$data merge entity $(bone_chest) { transformation: [-1.0393421871937607f,0.05177182443711764f,0.30116209460164944f,0.07642662497148969f,0.10271591721327396f,1.0647376227830898f,0.17144779407260252f,3.523017673878837f,-0.28779918238493396f,0.19304036866877855f,-1.026410326231131f,-0.21598116541085527f,0f,0f,0f,1f], start_interpolation: 0, interpolation_duration: 1 }
$data merge entity $(bone_chest1lid) { transformation: [-0.9593927881788561f,0.04778937640349321f,0.27799577963229183f,-0.3925826107669074f,0.0948146928122529f,0.9828347287228522f,0.15825950222086388f,2.821742167579002f,-0.26566078373993907f,0.17819110954041098f,-0.9474556857518133f,-0.057711732270587915f,0f,0f,0f,1f], start_interpolation: 0, interpolation_duration: 1 }
$data merge entity $(bone_chest1) { transformation: [-0.9593927881788561f,0.04778937640349321f,0.27799577963229183f,-0.4000497008299532f,0.0948146928122529f,0.9828347287228522f,0.15825950222086388f,2.6681742412160565f,-0.26566078373993907f,0.17819110954041098f,-0.9474556857518133f,-0.08555409313627713f,0f,0f,0f,1f], start_interpolation: 0, interpolation_duration: 1 }
$data merge entity $(bone_chest1lid3) { transformation: [-0.9593927881788561f,0.04778937640349321f,0.27799577963229183f,-0.154529515178792f,0.0948146928122529f,0.9828347287228522f,0.15825950222086388f,2.9172012428884773f,-0.26566078373993907f,0.17819110954041098f,-0.9474556857518133f,-0.648071731971597f,0f,0f,0f,1f], start_interpolation: 0, interpolation_duration: 1 }
$data merge entity $(bone_chest3) { transformation: [-0.9593927881788561f,0.04778937640349321f,0.27799577963229183f,-0.1619966052418378f,0.0948146928122529f,0.9828347287228522f,0.15825950222086388f,2.7636333165255316f,-0.26566078373993907f,0.17819110954041098f,-0.9474556857518133f,-0.6759140928372862f,0f,0f,0f,1f], start_interpolation: 0, interpolation_duration: 1 }
$data merge entity $(bone_hugeasssword2) { transformation: [-1.0888168035598107f,2.8968629953192875f,-2.4006125327535344f,-0.976495419611069f,-0.6198497170317165f,2.326847777372105f,3.0889874598340428f,4.822145832780116f,3.7108681025279355f,1.23864522162968f,-0.18839776631495328f,-0.5875438033484659f,0f,0f,0f,1f], start_interpolation: 0, interpolation_duration: 1 }
$data merge entity $(bone_belt) { transformation: [-0.9593927881788561f,0.04778937640349321f,0.27799577963229183f,0.05172849188975369f,0.0948146928122529f,0.9828347287228522f,0.15825950222086388f,3.1077717558047864f,-0.26566078373993907f,0.17819110954041098f,-0.9474556857518133f,-0.15442692934274987f,0f,0f,0f,1f], start_interpolation: 0, interpolation_duration: 1 }
$data merge entity $(bone_torn_part) { transformation: [-0.9672268275369623f,-0.141551766018595f,0.21079696779081114f,-0.0622749149618072f,-0.08094872893793094f,0.9587739254611806f,0.2723965182213092f,2.812952493919363f,-0.24066484449565279f,0.24640547354467518f,-0.9388102977871023f,-0.07357027643672764f,0f,0f,0f,1f], start_interpolation: 0, interpolation_duration: 1 }
$data merge entity $(bone_lowerbody) { transformation: [-0.9672268275369623f,-0.07161244792766856f,0.24360607832028802f,0.032890740740740686f,-0.08094872893793094f,0.996310157441664f,-0.028519703047193673f,2.338388657407407f,-0.24066484449565279f,-0.04730462430221475f,-0.9694548494610307f,0.10935969907407417f,0f,0f,0f,1f], start_interpolation: 0, interpolation_duration: 1 }
$data merge entity $(bone_leftfoot) { transformation: [-0.9869247315317731f,-0.16111661427985344f,0.0008865263349421282f,0.5169988325419745f,-0.1552063566073794f,0.9521903384374403f,0.26314110304977334f,0.34192221865760497f,-0.04324043547307141f,0.25956623700697073f,-0.9647564160568785f,-0.20300612924043482f,0f,0f,0f,1f], start_interpolation: 0, interpolation_duration: 1 }
$data merge entity $(bone_leftlowerleg) { transformation: [-0.9869247315317731f,-0.16111661427985344f,0.0008865263349421282f,0.338123877682451f,-0.1552063566073794f,0.9521903384374403f,0.26314110304977334f,1.3578278961203685f,-0.04324043547307141f,0.25956623700697073f,-0.9647564160568785f,0.23318076745699245f,0f,0f,0f,1f], start_interpolation: 0, interpolation_duration: 1 }
$data merge entity $(bone_leftleg) { transformation: [-0.9725327128686079f,-0.00995908580044149f,0.2325561009231609f,0.3010862347556337f,-0.06478305767560902f,0.9711904781317388f,-0.22932688348923164f,2.3488467049177633f,-0.22357271595759354f,-0.23809323870142018f,-0.9451596904399453f,0.03372443575561368f,0f,0f,0f,1f], start_interpolation: 0, interpolation_duration: 1 }
$data merge entity $(bone_rightfoot) { transformation: [-0.9095235681928845f,0.09205771439353325f,0.4053297992233834f,-0.4597864222443608f,0.21464827280860507f,0.9390997639421135f,0.26836588086949614f,0.3486844278238117f,-0.35593961711922684f,0.33108821254211523f,-0.8738920545570494f,-0.30648748404589f,0f,0f,0f,1f], start_interpolation: 0, interpolation_duration: 1 }
$data merge entity $(bone_rightlowerleg) { transformation: [-0.9095235681928845f,0.09205771439353325f,0.4053297992233834f,-0.4199370456718361f,0.21464827280860507f,0.9390997639421135f,0.26836588086949614f,1.3492649849522247f,-0.35593961711922684f,0.33108821254211523f,-0.8738920545570494f,0.19508319264797105f,0f,0f,0f,1f], start_interpolation: 0, interpolation_duration: 1 }
$data merge entity $(bone_rightleg) { transformation: [-0.9398760476860188f,0.19714337749130828f,0.27886820342432467f,-0.20834693290432388f,0.08471560556061379f,0.9256238762864818f,-0.3688417542801969f,2.2854259863615667f,-0.3308417766253332f,-0.3230412807995061f,-0.8866721742999454f,-0.061024364086004285f,0f,0f,0f,1f], start_interpolation: 0, interpolation_duration: 1 }
data modify entity @s data merge value {"locators":{"lefthand":{"posx":0.6382249791021286,"posy":2.598736371027378,"posz":-0.23954457409942004,"roty":37.20927544961276,"rotx":-43.28853007425882},"righthand":{"posx":-0.7424796167326895,"posy":2.852793930179713,"posz":-0.6276837454525125,"roty":270.0945575560387,"rotx":-33.72625205414915},"chest":{"posx":-0.46898731199026056,"posy":2.738549908962197,"posz":0.07088937478998414,"roty":16.352372406155155,"rotx":9.105885924679773},"sack":{"posx":0,"posy":-0.4375,"posz":0,"roty":0,"rotx":0}},"cameras":{}}