# This file was generated by Animated Java via MC-Build. It is not recommended to edit this file directly.
$data merge entity $(bone_nose) { transformation: [-0.980075217292957f,-0.06390291377034037f,-0.18806644054648256f,-0.0818576441902516f,-0.10164567859917963f,0.9748208914932494f,0.1984751509142109f,4.115201586853488f,0.17064795477905817f,0.21363671763057712f,-0.9618932520866116f,0.2570932710448296f,0f,0f,0f,1f], start_interpolation: 0, interpolation_duration: 1 }
$data merge entity $(bone_glowing_eye) { transformation: [-0.980075217292957f,-0.06390291377034037f,-0.18806644054648256f,-0.2021310968409028f,-0.10164567859917963f,0.9748208914932494f,0.1984751509142109f,4.1615732573643065f,0.17064795477905817f,0.21363671763057712f,-0.9618932520866116f,0.32645507318897754f,0f,0f,0f,1f], start_interpolation: 0, interpolation_duration: 1 }
$data merge entity $(bone_head) { transformation: [-0.980075217292957f,-0.06390291377034037f,-0.18806644054648256f,-0.10918349341902711f,-0.10164567859917963f,0.9748208914932494f,0.1984751509142109f,4.031999213871629f,0.17064795477905817f,0.21363671763057712f,-0.9618932520866116f,0.05059475584707013f,0f,0f,0f,1f], start_interpolation: 0, interpolation_duration: 1 }
$data merge entity $(bone_leftthumb2) { transformation: [-0.6297913220518147f,0.6494184636039841f,0.42616727912695174f,0.6046363195141582f,-0.7272609813433991f,-0.6857129697835926f,-0.02981925696596624f,4.515022474950885f,0.2728632545500851f,-0.3287147429015117f,0.9041527869312401f,0.058716191873528084f,0f,0f,0f,1f], start_interpolation: 0, interpolation_duration: 1 }
$data merge entity $(bone_leftthumb) { transformation: [-0.6297913220518147f,0.6494184636039841f,0.42616727912695174f,0.8003205173305498f,-0.7272609813433991f,-0.6857129697835926f,-0.02981925696596624f,4.344308232806563f,0.2728632545500851f,-0.3287147429015117f,0.9041527869312401f,0.05536800332668054f,0f,0f,0f,1f], start_interpolation: 0, interpolation_duration: 1 }
$data merge entity $(bone_leftpointerfinger) { transformation: [-0.2539275130382188f,0.8682754564789662f,0.42616727912695174f,0.6760901010189855f,-0.9632190249543802f,-0.2670578998643013f,-0.02981925696596624f,4.647454193180959f,0.0879200096005393f,-0.41806436083013887f,0.9041527869312401f,0.17576527176222542f,0f,0f,0f,1f], start_interpolation: 0, interpolation_duration: 1 }
$data merge entity $(bone_leftmidfinger) { transformation: [-0.30837070877033723f,0.8504639652413333f,0.42616727912695174f,0.7426787383825717f,-0.9443861863511811f,-0.3274836529402199f,-0.02981925696596624f,4.642794934280027f,0.1142026138122626f,-0.4116618768879609f,0.9041527869312401f,0.3170391447202317f,0f,0f,0f,1f], start_interpolation: 0, interpolation_duration: 1 }
$data merge entity $(bone_leftringfinger) { transformation: [-0.30837070877033723f,0.8504639652413333f,0.42616727912695174f,0.8092673757461579f,-0.9443861863511811f,-0.3274836529402199f,-0.02981925696596624f,4.638135675379095f,0.1142026138122626f,-0.4116618768879609f,0.9041527869312401f,0.45831301767823796f,0f,0f,0f,1f], start_interpolation: 0, interpolation_duration: 1 }
$data merge entity $(bone_invisibility) { transformation: [0.684090156032234f,-0.3679450354170059f,0.6297913220518147f,0.6157166451182389f,-0.6857025444002124f,-0.0300580375026606f,0.727260981343399f,4.437024754889178f,-0.2486617763607198f,-0.9293615901754637f,-0.2728632545500848f,0.16271918239391225f,0f,0f,0f,1f], start_interpolation: 0, interpolation_duration: 1 }
$data merge entity $(bone_swiftness) { transformation: [0.42616727912695157f,0.6494184636039841f,0.6297913220518148f,0.5748792908956496f,-0.029819256965966403f,-0.6857129697835926f,0.7272609813433991f,4.486412727124192f,0.9041527869312402f,-0.3287147429015117f,-0.27286325455008487f,0.39097292418830987f,0f,0f,0f,1f], start_interpolation: 0, interpolation_duration: 1 }
$data merge entity $(bone_suspicious_stew) { transformation: [0.768679085325064f,-0.11178262142234646f,0.6297913220518149f,0.6651815194731056f,-0.6340691667322531f,-0.26276939855109255f,0.7272609813433991f,4.4635764396666655f,0.08419474795549936f,-0.9583615647202498f,-0.2728632545500852f,0.3476563335170282f,0f,0f,0f,1f], start_interpolation: 0, interpolation_duration: 1 }
$data merge entity $(bone_log) { transformation: [-0.6297913220518147f,0.6494184636039841f,0.42616727912695174f,0.7072924821903218f,-0.7272609813433991f,-0.6857129697835926f,-0.02981925696596624f,4.308283823772492f,0.2728632545500851f,-0.3287147429015117f,0.9041527869312401f,0.37453008265581156f,0f,0f,0f,1f], start_interpolation: 0, interpolation_duration: 1 }
$data merge entity $(bone_planks) { transformation: [-0.6297913220518147f,0.6494184636039841f,0.42616727912695174f,0.6482495457479642f,-0.7272609813433991f,-0.6857129697835926f,-0.02981925696596624f,4.240103106771549f,0.2728632545500851f,-0.3287147429015117f,0.9041527869312401f,0.40011101276988204f,0f,0f,0f,1f], start_interpolation: 0, interpolation_duration: 1 }
$data merge entity $(bone_lefthand) { transformation: [-0.6297913220518147f,0.6494184636039841f,0.42616727912695174f,1.0137772011315542f,-0.7272609813433991f,-0.6857129697835926f,-0.02981925696596624f,4.319602678442631f,0.2728632545500851f,-0.3287147429015117f,0.9041527869312401f,0.19588080870131108f,0f,0f,0f,1f], start_interpolation: 0, interpolation_duration: 1 }
$data merge entity $(bone_leftforearm) { transformation: [0.3275447806437307f,0.7236792616803532f,0.6074559596273873f,1.566178157719615f,-0.2902317451409496f,-0.5347750258358128f,0.793587553994356f,3.922803210853471f,0.8991551316572068f,-0.43623846455360293f,0.03487192650866604f,-0.027762689783787417f,0f,0f,0f,1f], start_interpolation: 0, interpolation_duration: 1 }
$data merge entity $(bone_leftelbow) { transformation: [0.3275447806437307f,0.7236792616803532f,0.6074559596273873f,1.7018680192846813f,-0.2902317451409496f,-0.5347750258358128f,0.793587553994356f,3.822532893509256f,0.8991551316572068f,-0.43623846455360293f,0.03487192650866604f,-0.10955740188758796f,0f,0f,0f,1f], start_interpolation: 0, interpolation_duration: 1 }
$data merge entity $(bone_leftarm) { transformation: [-0.23388570921053495f,-0.8921205106306495f,0.3865468529676506f,0.8909983309119032f,-0.21995310360814696f,-0.338716645246031f,-0.9148178323832662f,3.7187332961930544f,0.9470576050273969f,-0.29898499752560126f,-0.11700369231091523f,-0.0073076679226507235f,0f,0f,0f,1f], start_interpolation: 0, interpolation_duration: 1 }
$data merge entity $(bone_rightthumb2) { transformation: [-0.4137002022744972f,-0.574830740649906f,-0.7059899165299179f,-0.5807963856281086f,0.9053131678138994f,-0.17777952947723707f,-0.38574928007919135f,3.1969569820400965f,0.09622998919672685f,-0.7987265229743736f,0.5939492660795744f,0.8156256950242535f,0f,0f,0f,1f], start_interpolation: 0, interpolation_duration: 1 }
$data merge entity $(bone_rightthumb) { transformation: [-0.4137002022744972f,-0.574830740649906f,-0.7059899165299179f,-0.7821014468337987f,0.9053131678138994f,-0.17777952947723707f,-0.38574928007919135f,3.1203927166799077f,0.09622998919672685f,-0.7987265229743736f,0.5939492660795744f,0.6705014251197059f,0f,0f,0f,1f], start_interpolation: 0, interpolation_duration: 1 }
$data merge entity $(bone_rightpointerfinger) { transformation: [-0.4411159620126529f,-0.5540712461549789f,-0.7059899165299179f,-0.6718268470191614f,0.8956161506241894f,-0.22151569619215375f,-0.38574928007919135f,3.259663255015559f,0.05734473645209818f,-0.8024561361998388f,0.5939492660795744f,0.9709500923865443f,0f,0f,0f,1f], start_interpolation: 0, interpolation_duration: 1 }
$data merge entity $(bone_rightmidfinger) { transformation: [-0.4165278690460827f,-0.572785101120838f,-0.7059899165299179f,-0.7821377714769611f,0.9044261014607934f,-0.18223863452851066f,-0.38574928007919135f,3.1993899300031856f,0.09229280201814061f,-0.7991910334952307f,0.5939492660795744f,1.0637546652114778f,0f,0f,0f,1f], start_interpolation: 0, interpolation_duration: 1 }
$data merge entity $(bone_rightringfinger) { transformation: [-0.41063861192629436f,-0.5770218090794538f,-0.7059899165299179f,-0.8924486959347607f,0.9062454350666684f,-0.17296445975751806f,-0.38574928007919135f,3.1391166049908117f,0.10047458293553929f,-0.798203687981623f,0.5939492660795744f,1.1565592380364114f,0f,0f,0f,1f], start_interpolation: 0, interpolation_duration: 1 }
$data merge entity $(bone_hugeasssword) { transformation: [-1.6203257922417809f,-2.2514204008787986f,-2.7651271730755123f,-0.7779800569965298f,3.545809907271106f,-0.6963031571191786f,-1.510851346976833f,2.928831985378792f,0.3769007910205135f,-3.1283455483162967f,2.326301292145f,0.8666717920694342f,0f,0f,0f,1f], start_interpolation: 0, interpolation_duration: 1 }
$data merge entity $(bone_ice) { transformation: [-0.4137002022744972f,-0.574830740649906f,-0.7059899165299179f,-0.7625342610133361f,0.9053131678138994f,-0.17777952947723707f,-0.38574928007919135f,2.9174642722797817f,0.09622998919672685f,-0.7987265229743736f,0.5939492660795744f,0.87764830040971f,0f,0f,0f,1f], start_interpolation: 0, interpolation_duration: 1 }
$data merge entity $(bone_righthand) { transformation: [-0.4137002022744972f,-0.574830740649906f,-0.7059899165299179f,-1.0317291816359968f,0.9053131678138994f,-0.17777952947723707f,-0.38574928007919135f,3.0872930168614725f,0.09622998919672685f,-0.7987265229743736f,0.5939492660795744f,0.720585081530285f,0f,0f,0f,1f], start_interpolation: 0, interpolation_duration: 1 }
$data merge entity $(bone_rightforearm) { transformation: [-0.1678496998561394f,-0.7768577649102071f,-0.606892487477742f,-1.550936073350233f,0.8742876939862476f,0.1671231172936377f,-0.45573116177222983f,3.1319373155151444f,0.4554640561036767f,-0.6070929720930514f,0.651145618761896f,0.22701895283465678f,0f,0f,0f,1f], start_interpolation: 0, interpolation_duration: 1 }
$data merge entity $(bone_rightelbow) { transformation: [-0.1678496998561394f,-0.7768577649102071f,-0.606892487477742f,-1.6965969042708968f,0.8742876939862476f,0.1671231172936377f,-0.45573116177222983f,3.1632729000077013f,0.4554640561036767f,-0.6070929720930514f,0.651145618761896f,0.11318902056720964f,0f,0f,0f,1f], start_interpolation: 0, interpolation_duration: 1 }
$data merge entity $(bone_rightarm) { transformation: [-0.6106683931342559f,0.7406564574101039f,-0.28020015296844636f,-0.9606312398248031f,0.7479839005668915f,0.6556760676896034f,0.10299989685352684f,3.38247200046318f,0.2600080731815155f,-0.1466864218522408f,-0.9543997566662631f,0.13320783370493022f,0f,0f,0f,1f], start_interpolation: 0, interpolation_duration: 1 }
$data merge entity $(bone_chest) { transformation: [-1.06174815206737f,-0.06922815658453539f,-0.2037386439253561f,-0.0848598301099482f,-0.11011615181577793f,1.0560559657843533f,0.21501474682372845f,3.4078896668048606f,0.184868617677313f,0.2314397774331252f,-1.0420510230938291f,-0.16784263402428218f,0f,0f,0f,1f], start_interpolation: 0, interpolation_duration: 1 }
$data merge entity $(bone_chest1lid) { transformation: [-0.980075217292957f,-0.06390291377034037f,-0.18806644054648256f,-0.30221540036508626f,-0.10164567859917963f,0.9748208914932494f,0.1984751509142109f,2.6292771993667046f,0.17064795477905817f,0.21363671763057712f,-0.9618932520866116f,0.12081874898265385f,0f,0f,0f,1f], start_interpolation: 0, interpolation_duration: 1 }
$data merge entity $(bone_chest1) { transformation: [-0.980075217292957f,-0.06390291377034037f,-0.18806644054648256f,-0.2922305700884706f,-0.10164567859917963f,0.9748208914932494f,0.1984751509142109f,2.4769614350708844f,0.17064795477905817f,0.21363671763057712f,-0.9618932520866116f,0.08743801185287617f,0f,0f,0f,1f], start_interpolation: 0, interpolation_duration: 1 }
$data merge entity $(bone_chest1lid3) { transformation: [-0.980075217292957f,-0.06390291377034037f,-0.18806644054648256f,-0.3614407627593669f,-0.10164567859917963f,0.9748208914932494f,0.1984751509142109f,2.7627781978335695f,0.17064795477905817f,0.21363671763057712f,-0.9618932520866116f,-0.5060596128090229f,0f,0f,0f,1f], start_interpolation: 0, interpolation_duration: 1 }
$data merge entity $(bone_chest3) { transformation: [-0.980075217292957f,-0.06390291377034037f,-0.18806644054648256f,-0.3514559324827512f,-0.10164567859917963f,0.9748208914932494f,0.1984751509142109f,2.6104624335377493f,0.17064795477905817f,0.21363671763057712f,-0.9618932520866116f,-0.5394403499388005f,0f,0f,0f,1f], start_interpolation: 0, interpolation_duration: 1 }
$data merge entity $(bone_hugeasssword2) { transformation: [0.7365935588070559f,2.6610423312505196f,-2.7778699426349194f,-1.4163344896393204f,-0.777361007747326f,2.8729553061108177f,2.545999892085924f,4.46632435334244f,3.767415237339229f,0.07252101874818787f,1.0684572565534411f,0.03545233515729032f,0f,0f,0f,1f], start_interpolation: 0, interpolation_duration: 1 }
$data merge entity $(bone_belt) { transformation: [-0.980075217292957f,-0.06390291377034037f,-0.18806644054648256f,-0.003396431118300791f,-0.10164567859917963f,0.9748208914932494f,0.1984751509142109f,2.9968639516822404f,0.17064795477905817f,0.21363671763057712f,-0.9618932520866116f,-0.13249195700843205f,0f,0f,0f,1f], start_interpolation: 0, interpolation_duration: 1 }
$data merge entity $(bone_torn_part) { transformation: [-0.9874761812845194f,-0.08903981434109759f,0.13024094155773694f,-0.08019557646641803f,-0.051127028345236004f,0.9615739617968208f,0.2697434762268622f,2.6868710427717315f,-0.1492542072047834f,0.25970642552018075f,-0.9540837249294227f,-0.06706433019245414f,0f,0f,0f,1f], start_interpolation: 0, interpolation_duration: 1 }
$data merge entity $(bone_lowerbody) { transformation: [-0.9874761812845194f,-0.04575457376927125f,0.15098778220417472f,0.017346087962963212f,-0.051127028345236004f,0.9981828144436165f,-0.031891941333294475f,2.2089547685185185f,-0.1492542072047834f,-0.039212089062088715f,-0.988021049220642f,0.10559826388888877f,0f,0f,0f,1f], start_interpolation: 0, interpolation_duration: 1 }
$data merge entity $(bone_leftfoot) { transformation: [-0.9826262730632392f,-0.17866549166189338f,-0.050092211618533805f,0.5302176910294835f,-0.18554374054793732f,0.948851214582849f,0.2554493245222374f,0.22043028471715198f,0.001890061974326479f,0.26030753864201905f,-0.9655239059372361f,-0.15789996767974418f,0f,0f,0f,1f], start_interpolation: 0, interpolation_duration: 1 }
$data merge entity $(bone_leftlowerleg) { transformation: [-0.9826262730632392f,-0.17866549166189338f,-0.050092211618533805f,0.33970711037883233f,-0.18554374054793732f,0.948851214582849f,0.2554493245222374f,1.233813429772953f,0.001890061974326479f,0.26030753864201905f,-0.9655239059372361f,0.2792272319814136f,0f,0f,0f,1f], start_interpolation: 0, interpolation_duration: 1 }
$data merge entity $(bone_leftleg) { transformation: [-0.984039168302202f,-0.027141577072373434f,0.17586998050018404f,0.28501592372069695f,-0.07854012317096733f,0.953075530399104f,-0.2923670337208965f,2.2028767306229873f,-0.15968207256733605f,-0.30151346263225287f,-0.9399953550694329f,0.019219857989125552f,0f,0f,0f,1f], start_interpolation: 0, interpolation_duration: 1 }
$data merge entity $(bone_rightfoot) { transformation: [-0.9098853597674778f,0.038237998739164086f,0.413079257862365f,-0.42589773307065454f,0.1517556602685724f,0.9574084450883402f,0.24564560427823212f,0.20935815862568785f,-0.38608945112015464f,0.2862041455421786f,-0.8769449263538777f,-0.21380921647951512f,0f,0f,0f,1f], start_interpolation: 0, interpolation_duration: 1 }
$data merge entity $(bone_rightlowerleg) { transformation: [-0.9098853597674778f,0.038237998739164086f,0.413079257862365f,-0.4469452739681936f,0.1517556602685724f,0.9574084450883402f,0.24564560427823212f,1.2337407799977336f,-0.38608945112015464f,0.2862041455421786f,-0.8769449263538777f,0.23843725878155975f,0f,0f,0f,1f], start_interpolation: 0, interpolation_duration: 1 }
$data merge entity $(bone_rightleg) { transformation: [-0.9521275924816289f,0.20150804468682176f,0.22985982733277363f,-0.2376301515065428f,0.10526950449153072f,0.9221131886550897f,-0.372326998481435f,2.164341224323179f,-0.2869796247727201f,-0.3303055785705664f,-0.899194717568974f,-0.0365545672572441f,0f,0f,0f,1f], start_interpolation: 0, interpolation_duration: 1 }
data modify entity @s data merge value {"locators":{"lefthand":{"posx":0.7089407374272595,"posy":4.430501792427872,"posz":0.36050260453512106,"roty":154.763420432369,"rotx":-1.708770872644937},"righthand":{"posx":-0.7813058322081354,"posy":3.011142519411654,"posz":0.8898695065358844,"roty":229.92610052402313,"rotx":-22.690264363084324},"chest":{"posx":-0.299463437459457,"posy":2.5341627238618067,"posz":0.2630950233561214,"roty":348.93725939826726,"rotx":11.447804159221649},"sack":{"posx":0,"posy":-0.4375,"posz":0,"roty":0,"rotx":0}},"cameras":{}}