# This file was generated by Animated Java via MC-Build. It is not recommended to edit this file directly.
$data merge entity $(bone_nose) { transformation: [-0.9441694712689602f,0.018410264995486647f,0.3289453931376575f,-0.5236301338808111f,-0.03964278344582173f,0.9848347557721057f,-0.16890516138935602f,3.979277827412997f,-0.32706644469336776f,-0.1725154079092436f,-0.9291210764962484f,3.1010868648196004f,0f,0f,0f,1f], start_interpolation: 0, interpolation_duration: 1 }
$data merge entity $(bone_glowing_eye) { transformation: [-0.9441694712689602f,0.018410264995486647f,0.3289453931376575f,-0.651883548350243f,-0.03964278344582173f,0.9848347557721057f,-0.16890516138935602f,4.046897845402839f,-0.32706644469336776f,-0.1725154079092436f,-0.9291210764962484f,3.0809451250947935f,0f,0f,0f,1f], start_interpolation: 0, interpolation_duration: 1 }
$data merge entity $(bone_head) { transformation: [-0.9441694712689602f,0.018410264995486647f,0.3289453931376575f,-0.4643067062783837f,-0.03964278344582173f,0.9848347557721057f,-0.16890516138935602f,3.8260451733829055f,-0.32706644469336776f,-0.1725154079092436f,-0.9291210764962484f,2.948405961098279f,0f,0f,0f,1f], start_interpolation: 0, interpolation_duration: 1 }
$data merge entity $(bone_leftthumb2) { transformation: [-0.01222303493456911f,-0.031341437390845925f,0.9994339956791866f,0.1987356751523489f,-0.9549485951833713f,0.29676177400074105f,-0.0023727724792789173f,2.5747828039076417f,-0.29651943945430215f,-0.9544370926332487f,-0.03355679113827164f,4.889700747554968f,0f,0f,0f,1f], start_interpolation: 0, interpolation_duration: 1 }
$data merge entity $(bone_leftthumb) { transformation: [-0.01222303493456911f,-0.031341437390845925f,0.9994339956791866f,0.27645855337877845f,-0.9549485951833713f,0.29676177400074105f,-0.0023727724792789173f,2.6473586320638707f,-0.29651943945430215f,-0.9544370926332487f,-0.03355679113827164f,4.652764529386159f,0f,0f,0f,1f], start_interpolation: 0, interpolation_duration: 1 }
$data merge entity $(bone_leftpointerfinger) { transformation: [-0.01222303493456911f,-0.031341437390845925f,0.9994339956791866f,0.33492782551608014f,-0.9549485951833713f,0.29676177400074105f,-0.0023727724792789173f,2.6543199538580926f,-0.29651943945430215f,-0.9544370926332487f,-0.03355679113827164f,4.996798039512153f,0f,0f,0f,1f], start_interpolation: 0, interpolation_duration: 1 }
$data merge entity $(bone_leftmidfinger) { transformation: [-0.01222303493456911f,-0.031341437390845925f,0.9994339956791866f,0.4910893873409531f,-0.9549485951833713f,0.29676177400074105f,-0.0023727724792789173f,2.6539492081582052f,-0.29651943945430215f,-0.9544370926332487f,-0.03355679113827164f,4.991554790896798f,0f,0f,0f,1f], start_interpolation: 0, interpolation_duration: 1 }
$data merge entity $(bone_leftringfinger) { transformation: [-0.01222303493456911f,-0.031341437390845925f,0.9994339956791866f,0.6472509491658259f,-0.9549485951833713f,0.29676177400074105f,-0.0023727724792789173f,2.653578462458318f,-0.29651943945430215f,-0.9544370926332487f,-0.03355679113827164f,4.986311542281443f,0f,0f,0f,1f], start_interpolation: 0, interpolation_duration: 1 }
$data merge entity $(bone_invisibility) { transformation: [0.055884238461344105f,-0.9983624338428323f,0.012223034934569327f,0.29797572438625014f,0.295425705108036f,0.028228236195782998f,0.954948595183371f,2.507799560432519f,-0.9537298383992266f,-0.049755576297448006f,0.29651943945430204f,4.837857737330779f,0f,0f,0f,1f], start_interpolation: 0, interpolation_duration: 1 }
$data merge entity $(bone_swiftness) { transformation: [0.9994339956791866f,-0.031341437390845925f,0.012223034934569332f,0.4889771442291976f,-0.0023727724792791294f,0.29676177400074105f,0.9549485951833713f,2.4174314064865077f,-0.0335567911382717f,-0.9544370926332487f,0.29651943945430215f,4.945369068430805f,0f,0f,0f,1f], start_interpolation: 0, interpolation_duration: 1 }
$data merge entity $(bone_suspicious_stew) { transformation: [0.3939740692142544f,-0.9190402767037746f,0.01222303493456911f,0.4868387284537935f,0.2679547296909831f,0.1275674072541163f,0.9549485951833715f,2.4934439574363694f,-0.879195482030586f,-0.3729497639129324f,0.2965194394543021f,4.876305077709537f,0f,0f,0f,1f], start_interpolation: 0, interpolation_duration: 1 }
$data merge entity $(bone_log) { transformation: [-0.01222303493456911f,-0.031341437390845925f,0.9994339956791866f,0.5286236078022838f,-0.9549485951833713f,0.29676177400074105f,-0.0023727724792789173f,2.4409015246780545f,-0.29651943945430215f,-0.9544370926332487f,-0.03355679113827164f,4.727628769096934f,0f,0f,0f,1f], start_interpolation: 0, interpolation_duration: 1 }
$data merge entity $(bone_planks) { transformation: [-0.01222303493456911f,-0.031341437390845925f,0.9994339956791866f,0.527477698277168f,-0.9549485951833713f,0.29676177400074105f,-0.0023727724792789173f,2.3513750938796134f,-0.29651943945430215f,-0.9544370926332487f,-0.03355679113827164f,4.699830071648093f,0f,0f,0f,1f], start_interpolation: 0, interpolation_duration: 1 }
$data merge entity $(bone_lefthand) { transformation: [-0.01222303493456911f,-0.031341437390845925f,0.9994339956791866f,0.49261169482323997f,-0.9549485951833713f,0.29676177400074105f,-0.0023727724792789173f,2.7539032661140603f,-0.29651943945430215f,-0.9544370926332487f,-0.03355679113827164f,4.564198005525268f,0f,0f,0f,1f], start_interpolation: 0, interpolation_duration: 1 }
$data merge entity $(bone_leftforearm) { transformation: [-0.9587079412975561f,-0.031341437390845925f,0.2826602157985407f,0.406238934454852f,-0.278972310656921f,0.29676177400074105f,-0.9132945304657589f,2.959398346080801f,-0.055258783733812614f,-0.9544370926332487f,-0.2932512626162944f,3.894237801762532f,0f,0f,0f,1f], start_interpolation: 0, interpolation_duration: 1 }
$data merge entity $(bone_leftelbow) { transformation: [-0.9888846670479687f,-0.05415415010924374f,0.13847181411165838f,0.3960850313093688f,-0.1479636666109972f,0.4500282932292253f,-0.880670930970371f,3.043778651061281f,-0.014624248372407278f,-0.8913707776896973f,-0.453038925524514f,3.7271057809457138f,0f,0f,0f,1f], start_interpolation: 0, interpolation_duration: 1 }
$data merge entity $(bone_leftarm) { transformation: [-0.9888846670479687f,-0.05415415010924374f,0.13847181411165838f,0.14836219114701443f,-0.1479636666109972f,0.4500282932292253f,-0.880670930970371f,3.263946712197562f,-0.014624248372407278f,-0.8913707776896973f,-0.453038925524514f,3.292378804192042f,0f,0f,0f,1f], start_interpolation: 0, interpolation_duration: 1 }
$data merge entity $(bone_rightthumb2) { transformation: [0.2641513577891153f,0.955036489328547f,-0.13464532754303363f,-1.5210442429240807f,0.07293593734481738f,0.11942411353996923f,0.9901607092532128f,4.544955939605395f,0.9617195065203781f,-0.2713727789521204f,-0.038110439803337226f,1.845627764510969f,0f,0f,0f,1f], start_interpolation: 0, interpolation_duration: 1 }
$data merge entity $(bone_rightthumb) { transformation: [0.2641513577891153f,0.955036489328547f,-0.13464532754303363f,-1.2983351597684332f,0.07293593734481738f,0.11942411353996923f,0.9901607092532128f,4.658860466581228f,0.9617195065203781f,-0.2713727789521204f,-0.038110439803337226f,1.77581880285931f,0f,0f,0f,1f], start_interpolation: 0, interpolation_duration: 1 }
$data merge entity $(bone_rightpointerfinger) { transformation: [-0.16973469672460706f,0.9125545439885931f,-0.37206765107111395f,-1.381123214467473f,0.9827425552776319f,0.12856351831461948f,-0.13299808947859787f,4.9915184856361074f,-0.07353368462273764f,-0.3882211045323747f,-0.9186278741805447f,1.7101609607333905f,0f,0f,0f,1f], start_interpolation: 0, interpolation_duration: 1 }
$data merge entity $(bone_rightmidfinger) { transformation: [-0.2678210174897007f,0.8887280605546363f,-0.37206765107111395f,-1.4392587849473346f,0.9629716417718868f,0.23451465911153568f,-0.13299808947859787f,4.970737534155076f,-0.03094381576241441f,-0.39391028045050436f,-0.9186278741805447f,1.5666253553926803f,0f,0f,0f,1f], start_interpolation: 0, interpolation_duration: 1 }
$data merge entity $(bone_rightringfinger) { transformation: [-0.2001438276837954f,0.9063708464345612f,-0.37206765107111395f,-1.497394355427196f,0.9778958640019051f,0.16134183389006868f,-0.13299808947859787f,4.949956582674045f,-0.060515513779912815f,-0.3904621638142247f,-0.9186278741805447f,1.4230897500519704f,0f,0f,0f,1f], start_interpolation: 0, interpolation_duration: 1 }
$data merge entity $(bone_hugeasssword) { transformation: [3.142702915833972f,1.8275872010465812f,-1.4572649666951965f,-1.5517988819774282f,1.768127722002133f,-3.4558147749419876f,-0.520909183791175f,4.673678275520139f,-1.5288624919442488f,-0.239889644714315f,-3.5979591738738f,1.6722239836731587f,0f,0f,0f,1f], start_interpolation: 0, interpolation_duration: 1 }
$data merge entity $(bone_ice) { transformation: [1.2035883507449254f,0.6999270131667757f,-0.558101476606671f,-1.571627167018175f,0.6771552977880508f,-1.3235035308288463f,-0.1994971342178968f,4.680411069614314f,-0.585521805425457f,-0.09187262989058873f,-1.377941811270817f,1.679280175707701f,0f,0f,0f,1f], start_interpolation: 0, interpolation_duration: 1 }
$data merge entity $(bone_righthand) { transformation: [0.8023922338299503f,0.4666180087778505f,-0.37206765107111395f,-1.2660017204621972f,0.4514368651920339f,-0.8823356872192308f,-0.13299808947859787f,4.568530173811308f,-0.390347870283638f,-0.06124841992705915f,-0.9186278741805447f,1.5376739820868845f,0f,0f,0f,1f], start_interpolation: 0, interpolation_duration: 1 }
$data merge entity $(bone_rightforearm) { transformation: [0.9078219115526567f,0.4006683767663249f,0.12379106900063025f,-1.042954872973551f,0.41837734498395834f,-0.8854975903141378f,-0.2021247504686881f,3.922924295786256f,0.028631697627881494f,0.235284656123798f,-0.971504686804779f,1.716498785553512f,0f,0f,0f,1f], start_interpolation: 0, interpolation_duration: 1 }
$data merge entity $(bone_rightelbow) { transformation: [0.7472372510885797f,0.548988339429403f,0.3744973881833217f,-0.9400195593305379f,0.6639394179406315f,-0.5924196232524404f,-0.4563150658153774f,3.8118456164264236f,-0.028652048622016535f,0.5896191933409083f,-0.8071730093070372f,1.8270523843049324f,0f,0f,0f,1f], start_interpolation: 0, interpolation_duration: 1 }
$data merge entity $(bone_rightarm) { transformation: [0.7472372510885797f,0.410965948551015f,0.5222484846480145f,-0.9143149988759077f,0.6639394179406315f,-0.42778404995987274f,-0.6133394296020636f,3.4718837009470387f,-0.028652048622016535f,0.805051424277663f,-0.5925126702259353f,2.2543617530243907f,0f,0f,0f,1f], start_interpolation: 0, interpolation_duration: 1 }
$data merge entity $(bone_chest) { transformation: [-0.7674890816832214f,-0.2194345245230467f,0.7324070658148384f,-0.2777381518633144f,0.15017671409684416f,0.9742762225629555f,0.44927041723514793f,3.2697207812589317f,-0.7496789813988594f,0.4198159629015f,-0.6598083761615687f,2.642604381864569f,0f,0f,0f,1f], start_interpolation: 0, interpolation_duration: 1 }
$data merge entity $(bone_chest1lid) { transformation: [-0.7084514600152814f,-0.2025549457135816f,0.6760680607521585f,-0.6457449998854098f,0.1386246591663177f,0.8993318977504206f,0.41471115437090583f,2.5401186322669873f,-0.6920113674451009f,0.3875224272936923f,-0.609053885687602f,2.3798157283695476f,0f,0f,0f,1f], start_interpolation: 0, interpolation_duration: 1 }
$data merge entity $(bone_chest1) { transformation: [-0.7084514600152814f,-0.2025549457135816f,0.6760680607521585f,-0.6140957896176626f,0.1386246591663177f,0.8993318977504206f,0.41471115437090583f,2.399598023243484f,-0.6920113674451009f,0.3875224272936923f,-0.609053885687602f,2.3192653491049082f,0f,0f,0f,1f], start_interpolation: 0, interpolation_duration: 1 }
$data merge entity $(bone_chest1lid3) { transformation: [-0.7084514600152814f,-0.2025549457135816f,0.6760680607521585f,-0.16836068221510314f,0.1386246591663177f,0.8993318977504206f,0.41471115437090583f,2.797128924337954f,-0.6920113674451009f,0.3875224272936923f,-0.609053885687602f,2.0328912933162466f,0f,0f,0f,1f], start_interpolation: 0, interpolation_duration: 1 }
$data merge entity $(bone_chest3) { transformation: [-0.7084514600152814f,-0.2025549457135816f,0.6760680607521585f,-0.13671147194735603f,0.1386246591663177f,0.8993318977504206f,0.41471115437090583f,2.656608315314451f,-0.6920113674451009f,0.3875224272936923f,-0.609053885687602f,1.9723409140516073f,0f,0f,0f,1f], start_interpolation: 0, interpolation_duration: 1 }
$data merge entity $(bone_hugeasssword2) { transformation: [-2.6479332379459555f,1.5098008491617818f,-2.459517989572183f,-1.206500597752332f,-1.6242853546193812f,1.979385432295101f,2.9637827475988696f,4.593878600870234f,2.385461052276441f,3.023708399311362f,-0.7120680176667658f,2.0782959670790113f,0f,0f,0f,1f], start_interpolation: 0, interpolation_duration: 1 }
$data merge entity $(bone_belt) { transformation: [-0.7084514600152814f,-0.2025549457135816f,0.6760680607521585f,-0.2628626249598684f,0.1386246591663177f,0.8993318977504206f,0.41471115437090583f,2.852763204990696f,-0.6920113674451009f,0.3875224272936923f,-0.609053885687602f,2.5901335087569506f,0f,0f,0f,1f], start_interpolation: 0, interpolation_duration: 1 }
$data merge entity $(bone_torn_part) { transformation: [-0.7084514600152814f,-0.36886551831476333f,0.6016932426083887f,-0.29418801852037313f,0.1386246591663177f,0.7632109162456263f,0.63110403357492f,2.6163483216930556f,-0.6920113674451009f,0.5305160946869496f,-0.4895640311592234f,2.396442995680053f,0f,0f,0f,1f], start_interpolation: 0, interpolation_duration: 1 }
$data merge entity $(bone_lowerbody) { transformation: [-0.7084514600152814f,-0.17086064978844628f,0.6847650452206846f,-0.2378703384578998f,0.1386246591663177f,0.9176638308060571f,0.3723926657459494f,2.1023649963150506f,-0.6920113674451009f,0.35874744874942605f,-0.6264347813959084f,2.3769449692062325f,0f,0f,0f,1f], start_interpolation: 0, interpolation_duration: 1 }
$data merge entity $(bone_leftfoot) { transformation: [-0.9898428201635654f,-0.03707947968265295f,0.1372454136104489f,0.12416737679733111f,-0.05580391093034636f,0.9892447778355022f,-0.13520611321262854f,0.1294481666921321f,-0.13075593636817195f,-0.14149163124245845f,-0.9812660207063277f,2.8600081929241528f,0f,0f,0f,1f], start_interpolation: 0, interpolation_duration: 1 }
$data merge entity $(bone_leftlowerleg) { transformation: [-0.9898428201635654f,-0.03707947968265295f,0.1372454136104489f,0.06194517167182708f,-0.05580391093034636f,0.9892447778355022f,-0.13520611321262854f,1.2476654198717676f,-0.13075593636817195f,-0.14149163124245845f,-0.9812660207063277f,2.8538081455572373f,0f,0f,0f,1f], start_interpolation: 0, interpolation_duration: 1 }
$data merge entity $(bone_leftleg) { transformation: [-0.9898428201635654f,0.02122228327920289f,0.14057313421510076f,0.049900471536280855f,-0.05580391093034636f,0.8514349342935648f,-0.52148295867592f,2.164151559366575f,-0.13075593636817195f,-0.5240306931439517f,-0.841602470141071f,2.314856317407388f,0f,0f,0f,1f], start_interpolation: 0, interpolation_duration: 1 }
$data merge entity $(bone_rightfoot) { transformation: [-0.44015759180489605f,-0.11785560024881651f,0.8901524318151951f,-0.24502647107143172f,0.4452791241413551f,0.8322175237286152f,0.3303641851092811f,0.36609506140880976f,-0.7797357218830123f,0.5417785993272556f,-0.31382822264827454f,0.9710646942620959f,0f,0f,0f,1f], start_interpolation: 0, interpolation_duration: 1 }
$data merge entity $(bone_rightlowerleg) { transformation: [-0.44015759180489605f,-0.11785560024881651f,0.8901524318151951f,-0.512540554328978f,0.4452791241413551f,0.8322175237286152f,0.3303641851092811f,1.238577365096511f,-0.7797357218830123f,0.5417785993272556f,-0.31382822264827454f,1.6203186613022034f,0f,0f,0f,1f], start_interpolation: 0, interpolation_duration: 1 }
$data merge entity $(bone_rightleg) { transformation: [-0.44015759180489605f,0.09927944827143644f,0.8924151979473645f,-0.41654138082971937f,0.4452791241413551f,0.8871889165345231f,0.12092281828590748f,2.164151559366575f,-0.7797357218830123f,0.4505989542034226f,-0.4347100027493728f,2.134767455005033f,0f,0f,0f,1f], start_interpolation: 0, interpolation_duration: 1 }
data modify entity @s data merge value {"locators":{"lefthand":{"posx":0.5166019109410721,"posy":2.507280516452677,"posz":4.830517189269283,"roty":88.07697105706748,"rotx":-0.13594997637519454},"righthand":{"posx":-1.497880244435785,"posy":4.7385978659869705,"posz":1.657995629964041,"roty":337.9508007581861,"rotx":-7.6428749943291825},"chest":{"posx":-0.7608600583963132,"posy":2.4234437913860796,"posz":2.42913489106972,"roty":47.985051191642356,"rotx":24.501127817512987},"sack":{"posx":0,"posy":-0.4375,"posz":0,"roty":0,"rotx":0}},"cameras":{}}