# This file was generated by Animated Java via MC-Build. It is not recommended to edit this file directly.
$data merge entity $(bone_nose) { transformation: [-0.9870885329524063f,-0.021198661461517672f,-0.15876663650183676f,0.04871785483071806f,-0.019092078532533658f,0.9997084480743356f,-0.014782130635041357f,4.049670931466477f,0.15903370916624548f,-0.011560086550014476f,-0.9872054718992302f,2.678845346372347f,0f,0f,0f,1f], start_interpolation: 0, interpolation_duration: 1 }
$data merge entity $(bone_glowing_eye) { transformation: [-0.9870885329524063f,-0.021198661461517672f,-0.15876663650183676f,-0.07056327239852245f,-0.019092078532533658f,0.9997084480743356f,-0.014782130635041357f,4.1154886379030255f,0.15903370916624548f,-0.011560086550014476f,-0.9872054718992302f,2.7323910001783323f,0f,0f,0f,1f], start_interpolation: 0, interpolation_duration: 1 }
$data merge entity $(bone_head) { transformation: [-0.9870885329524063f,-0.021198661461517672f,-0.15876663650183676f,0.021605552784017747f,-0.019092078532533658f,0.9997084480743356f,-0.014782130635041357f,3.923462028515094f,0.15903370916624548f,-0.011560086550014476f,-0.9872054718992302f,2.4954135890937823f,0f,0f,0f,1f], start_interpolation: 0, interpolation_duration: 1 }
$data merge entity $(bone_leftthumb2) { transformation: [-0.89840928148081f,-0.29490488231958645f,0.3254103153454201f,1.3188570031778013f,-0.4052190227683818f,0.8423113757949074f,-0.3553999012283596f,2.0443369049490534f,-0.1692876443683135f,-0.4511570198839432f,-0.8762414261341827f,3.035567673206895f,0f,0f,0f,1f], start_interpolation: 0, interpolation_duration: 1 }
$data merge entity $(bone_leftthumb) { transformation: [-0.89840928148081f,-0.29490488231958645f,0.3254103153454201f,1.2743425445991714f,-0.4052190227683818f,0.8423113757949074f,-0.3553999012283596f,2.2205358654682135f,-0.1692876443683135f,-0.4511570198839432f,-0.8762414261341827f,2.850043396084145f,0f,0f,0f,1f], start_interpolation: 0, interpolation_duration: 1 }
$data merge entity $(bone_leftpointerfinger) { transformation: [-0.89840928148081f,-0.29490488231958645f,0.3254103153454201f,1.4846253328040657f,-0.4052190227683818f,0.8423113757949074f,-0.3553999012283596f,1.971813905530722f,-0.1692876443683135f,-0.4511570198839432f,-0.8762414261341827f,2.9755213124863085f,0f,0f,0f,1f], start_interpolation: 0, interpolation_duration: 1 }
$data merge entity $(bone_leftmidfinger) { transformation: [-0.89840928148081f,-0.29490488231958645f,0.3254103153454201f,1.5354706945767875f,-0.4052190227683818f,0.8423113757949074f,-0.3553999012283596f,1.9162826709637908f,-0.1692876443683135f,-0.4511570198839432f,-0.8762414261341827f,2.8386085896528424f,0f,0f,0f,1f], start_interpolation: 0, interpolation_duration: 1 }
$data merge entity $(bone_leftringfinger) { transformation: [-0.89840928148081f,-0.29490488231958645f,0.3254103153454201f,1.5863160563495096f,-0.4052190227683818f,0.8423113757949074f,-0.3553999012283596f,1.8607514363968596f,-0.1692876443683135f,-0.4511570198839432f,-0.8762414261341827f,2.7016958668193762f,0f,0f,0f,1f], start_interpolation: 0, interpolation_duration: 1 }
$data merge entity $(bone_invisibility) { transformation: [-0.26542130247646256f,-0.34987468490994467f,0.8984092814808099f,1.2737492986681647f,0.8081309843452483f,0.4274597708882289f,0.4052190227683817f,1.9990693924026044f,-0.5258097035362482f,0.8335861377994174f,0.16928764436831326f,2.9218171246841367f,0f,0f,0f,1f], start_interpolation: 0, interpolation_duration: 1 }
$data merge entity $(bone_swiftness) { transformation: [0.32541031534541986f,-0.29490488231958645f,0.8984092814808101f,1.327906867472867f,-0.35539990122835974f,0.8423113757949074f,0.40521902276838173f,1.7972636636199666f,-0.8762414261341827f,-0.4511570198839432f,0.1692876443683133f,2.8097991015083834f,0f,0f,0f,1f], start_interpolation: 0, interpolation_duration: 1 }
$data merge entity $(bone_suspicious_stew) { transformation: [-0.12975024945759378f,-0.4195540915243552f,0.8984092814808102f,1.3485873991541615f,0.6131948705125331f,0.6780778674781796f,0.405219022768382f,1.8929485651819007f,-0.7792027486750863f,0.6034772323140432f,0.16928764436831348f,2.778669842591037f,0f,0f,0f,1f], start_interpolation: 0, interpolation_duration: 1 }
$data merge entity $(bone_log) { transformation: [-0.89840928148081f,-0.29490488231958645f,0.3254103153454201f,1.242752027257204f,-0.4052190227683818f,0.8423113757949074f,-0.3553999012283596f,1.9435888334016491f,-0.1692876443683135f,-0.4511570198839432f,-0.8762414261341827f,2.665330681595975f,0f,0f,0f,1f], start_interpolation: 0, interpolation_duration: 1 }
$data merge entity $(bone_planks) { transformation: [-0.89840928148081f,-0.29490488231958645f,0.3254103153454201f,1.158526157118378f,-0.4052190227683818f,0.8423113757949074f,-0.3553999012283596f,1.9055995500171132f,-0.1692876443683135f,-0.4511570198839432f,-0.8762414261341827f,2.6494599649364456f,0f,0f,0f,1f], start_interpolation: 0, interpolation_duration: 1 }
$data merge entity $(bone_lefthand) { transformation: [-0.89840928148081f,-0.29490488231958645f,0.3254103153454201f,1.3834590546929655f,-0.4052190227683818f,0.8423113757949074f,-0.3553999012283596f,2.2665776799558577f,-0.1692876443683135f,-0.4511570198839432f,-0.8762414261341827f,2.6222458822837607f,0f,0f,0f,1f], start_interpolation: 0, interpolation_duration: 1 }
$data merge entity $(bone_leftforearm) { transformation: [-0.9551185593132341f,-0.29490488231958645f,-0.027922178272534792f,1.1168454333904376f,-0.2460549482153087f,0.8423113757949074f,-0.4795503192213012f,2.850942405536028f,0.1649408988522073f,-0.4511570198839432f,-0.8770700332899676f,2.329039128126282f,0f,0f,0f,1f], start_interpolation: 0, interpolation_duration: 1 }
$data merge entity $(bone_leftelbow) { transformation: [-0.9432914978059087f,-0.26396943509416726f,-0.2012990002537313f,1.0673511643102813f,-0.18131303957396822f,0.917627085421123f,-0.3536751529044464f,3.022997484052489f,0.2780768452200472f,-0.2971206311207637f,-0.9134509284657083f,2.2733290097911385f,0f,0f,0f,1f], start_interpolation: 0, interpolation_duration: 1 }
$data merge entity $(bone_leftarm) { transformation: [-0.9432914978059087f,-0.26396943509416726f,-0.2012990002537313f,0.7353120253760842f,-0.18131303957396822f,0.917627085421123f,-0.3536751529044464f,3.453201147884509f,0.2780768452200472f,-0.2971206311207637f,-0.9134509284657083f,2.2141433456371953f,0f,0f,0f,1f], start_interpolation: 0, interpolation_duration: 1 }
$data merge entity $(bone_rightthumb2) { transformation: [-0.9344901677139764f,-0.1978181035328683f,0.29596642438047605f,-0.9226623409790616f,-0.2968209386091329f,0.8919676650232177f,-0.3410146843703693f,1.8584700930695606f,-0.19653360234091782f,-0.4065239014715968f,-0.892251568047495f,3.078559132625261f,0f,0f,0f,1f], start_interpolation: 0, interpolation_duration: 1 }
$data merge entity $(bone_rightthumb) { transformation: [-0.9344901677139764f,-0.1978181035328683f,0.29596642438047605f,-0.9458831965232266f,-0.2968209386091329f,0.8919676650232177f,-0.3410146843703693f,2.048076210769436f,-0.19653360234091782f,-0.4065239014715968f,-0.892251568047495f,2.9026126063421938f,0f,0f,0f,1f], start_interpolation: 0, interpolation_duration: 1 }
$data merge entity $(bone_rightpointerfinger) { transformation: [-0.9344901677139764f,-0.1978181035328683f,0.29596642438047605f,-0.9693105672523856f,-0.2968209386091329f,0.8919676650232177f,-0.3410146843703693f,1.706949467193458f,-0.19653360234091782f,-0.4065239014715968f,-0.892251568047495f,2.972683106504298f,0f,0f,0f,1f], start_interpolation: 0, interpolation_duration: 1 }
$data merge entity $(bone_rightmidfinger) { transformation: [-0.9344901677139764f,-0.1978181035328683f,0.29596642438047605f,-0.9230658134429363f,-0.2968209386091329f,0.8919676650232177f,-0.3410146843703693f,1.6536659227605879f,-0.19653360234091782f,-0.4065239014715968f,-0.892251568047495f,2.8332687989968766f,0f,0f,0f,1f], start_interpolation: 0, interpolation_duration: 1 }
$data merge entity $(bone_rightringfinger) { transformation: [-0.9344901677139764f,-0.1978181035328683f,0.29596642438047605f,-0.8768210596334869f,-0.2968209386091329f,0.8919676650232177f,-0.3410146843703693f,1.6003823783277176f,-0.19653360234091782f,-0.4065239014715968f,-0.892251568047495f,2.6938544914894553f,0f,0f,0f,1f], start_interpolation: 0, interpolation_duration: 1 }
$data merge entity $(bone_hugeasssword) { transformation: [-3.6600864902130748f,-0.774787572170401f,1.1592018288235313f,-0.7196481403049699f,-1.162548676219104f,3.493540021340936f,-1.3356408471172798f,1.9190182709797667f,-0.7697566091685949f,-1.5922186140970875f,-3.494651974852689f,2.816839300383007f,0f,0f,0f,1f], start_interpolation: 0, interpolation_duration: 1 }
$data merge entity $(bone_ice) { transformation: [-1.4017352515709647f,-0.29672715529930244f,0.44394963657071407f,-0.701955823566738f,-0.4452314079136993f,1.3379514975348266f,-0.511522026555554f,1.9097191033795466f,-0.2948004035113767f,-0.6097858522073951f,-1.3383773520712423f,2.826262073880077f,0f,0f,0f,1f], start_interpolation: 0, interpolation_duration: 1 }
$data merge entity $(bone_righthand) { transformation: [-0.9344901677139764f,-0.1978181035328683f,0.29596642438047605f,-0.9757839406165594f,-0.2968209386091329f,0.8919676650232177f,-0.3410146843703693f,2.047849076096494f,-0.19653360234091782f,-0.4065239014715968f,-0.892251568047495f,2.6476148364254644f,0f,0f,0f,1f], start_interpolation: 0, interpolation_duration: 1 }
$data merge entity $(bone_rightforearm) { transformation: [-0.9299004323221873f,-0.05004652402521149f,-0.3643906302308049f,-0.9471605222042931f,-0.006117177597439153f,0.9926671040890881f,-0.12072531050954131f,2.7480867902356856f,0.3677604738212775f,-0.11003347623508807f,-0.9233877127200533f,2.561690451845089f,0f,0f,0f,1f], start_interpolation: 0, interpolation_duration: 1 }
$data merge entity $(bone_rightelbow) { transformation: [-0.9264850458884227f,-0.04304169984583274f,-0.3738621026789272f,-0.9552308409253868f,-0.0019204335465923539f,0.9939658236533653f,-0.10967339396626918f,2.934455382170692f,0.3763266821262087f,-0.1008927821177937f,-0.9209771304632981f,2.5427730551980026f,0f,0f,0f,1f], start_interpolation: 0, interpolation_duration: 1 }
$data merge entity $(bone_rightarm) { transformation: [-0.9264850458884227f,0.07137290375842742f,-0.3695015133314311f,-0.7053288629664733f,-0.0019204335465923539f,0.9809414800996115f,0.19429391280988922f,3.4192745322835054f,0.3763266821262087f,0.18072000782722977f,-0.9086905452852502f,2.5792081769366733f,0f,0f,0f,1f], start_interpolation: 0, interpolation_duration: 1 }
$data merge entity $(bone_chest) { transformation: [-1.0498675864721334f,0.04373157821096255f,-0.2635843528236593f,-0.027022523348952603f,-0.024724033814681114f,1.0482379776668223f,0.2723912176264355f,3.3085995470188196f,0.2660411324179389f,0.2699922264719118f,-1.0148583273628053f,2.255833331788805f,0f,0f,0f,1f], start_interpolation: 0, interpolation_duration: 1 }
$data merge entity $(bone_chest1lid) { transformation: [-0.9691085413588924f,0.04036761065627313f,-0.2433086333756855f,-0.2902800600895233f,-0.022822185059705645f,0.9676042870770668f,0.2514380470397866f,2.541106315024241f,0.24557642992425133f,0.24922359366638014f,-0.9367923021810513f,2.535932993699257f,0f,0f,0f,1f], start_interpolation: 0, interpolation_duration: 1 }
$data merge entity $(bone_chest1) { transformation: [-0.9691085413588924f,0.04036761065627313f,-0.2433086333756855f,-0.29658749925456596f,-0.022822185059705645f,0.9676042870770668f,0.2514380470397866f,2.3899181451684495f,0.24557642992425133f,0.24922359366638014f,-0.9367923021810513f,2.496991807188885f,0f,0f,0f,1f], start_interpolation: 0, interpolation_duration: 1 }
$data merge entity $(bone_chest1lid3) { transformation: [-0.9691085413588924f,0.04036761065627313f,-0.2433086333756855f,-0.38558036951089103f,-0.022822185059705645f,0.9676042870770668f,0.2514380470397866f,2.7036102004753357f,0.24557642992425133f,0.24922359366638014f,-0.9367923021810513f,1.9204518982442553f,0f,0f,0f,1f], start_interpolation: 0, interpolation_duration: 1 }
$data merge entity $(bone_chest3) { transformation: [-0.9691085413588924f,0.04036761065627313f,-0.2433086333756855f,-0.3918878086759337f,-0.022822185059705645f,0.9676042870770668f,0.2514380470397866f,2.552422030619544f,0.24557642992425133f,0.24922359366638014f,-0.9367923021810513f,1.8815107117338834f,0f,0f,0f,1f], start_interpolation: 0, interpolation_duration: 1 }
$data merge entity $(bone_hugeasssword2) { transformation: [0.9529588140547675f,2.9052804304258872f,-2.447752621707815f,-1.2386358632425767f,-0.9847990175724974f,2.6262435223173903f,2.7337325462180773f,4.469806929123642f,3.6691031835424512f,-0.04968259099622222f,1.3694857598559855f,2.599385554116617f,0f,0f,0f,1f], start_interpolation: 0, interpolation_duration: 1 }
$data merge entity $(bone_belt) { transformation: [-0.9691085413588924f,0.04036761065627313f,-0.2433086333756855f,0.019786889872843418f,-0.022822185059705645f,0.9676042870770668f,0.2514380470397866f,2.890990828454517f,0.24557642992425133f,0.24922359366638014f,-0.9367923021810513f,2.2713230459799942f,0f,0f,0f,1f], start_interpolation: 0, interpolation_duration: 1 }
$data merge entity $(bone_torn_part) { transformation: [-0.9691085413588924f,0.10632585573756653f,-0.22253864263744033f,-0.11173414423191488f,-0.022822185059705645f,0.859769709127492f,0.5101717310239058f,2.6146160843627806f,0.24557642992425133f,0.49949060018032576f,-0.8307835803608283f,2.2293401566695423f,0f,0f,0f,1f], start_interpolation: 0, interpolation_duration: 1 }
$data merge entity $(bone_lowerbody) { transformation: [-0.9691085413588924f,0.034486110464840625f,-0.2442116771373699f,0.00040870773219664567f,-0.022822185059705645f,0.9733885435967842f,0.22802168989732524f,2.1094918884275886f,0.24557642992425133f,0.2265512113839567f,-0.9425321032655178f,2.227280951772893f,0f,0f,0f,1f], start_interpolation: 0, interpolation_duration: 1 }
$data merge entity $(bone_leftfoot) { transformation: [-0.9904339343116911f,0.10245251072222711f,0.09243432701424659f,0.05687730352899119f,0.05914319490461494f,0.9204125583608462f,-0.38644896805156104f,0.19366711654543733f,-0.12467038245044196f,-0.37728531041952007f,-0.9176672001773337f,2.971837280758132f,0f,0f,0f,1f], start_interpolation: 0, interpolation_duration: 1 }
$data merge entity $(bone_leftlowerleg) { transformation: [-0.9904339343116911f,0.10245251072222711f,0.09243432701424659f,0.15633342766590358f,0.05914319490461494f,0.9204125583608462f,-0.38644896805156104f,1.274125991703888f,-0.12467038245044196f,-0.37728531041952007f,-0.9176672001773337f,2.6942819400247235f,0f,0f,0f,1f], start_interpolation: 0, interpolation_duration: 1 }
$data merge entity $(bone_leftleg) { transformation: [-0.9904339343116911f,0.12317018593941993f,0.06220713029479383f,0.25463069946805117f,0.05914319490461494f,0.7862337434586969f,-0.6150923370872039f,2.1273657267254054f,-0.12467038245044196f,-0.6055291949547705f,-0.7859972581358587f,2.06748006328042f,0f,0f,0f,1f], start_interpolation: 0, interpolation_duration: 1 }
$data merge entity $(bone_rightfoot) { transformation: [-0.9801697765684673f,-0.027955104423198568f,0.19617777967549954f,-0.3682167505326669f,0.11243190146396796f,0.7367650881359854f,0.6667355341041681f,0.3660807520076903f,-0.16317560061148034f,0.675570660287036f,-0.7190118262757719f,1.2227913588015231f,0f,0f,0f,1f], start_interpolation: 0, interpolation_duration: 1 }
$data merge entity $(bone_rightlowerleg) { transformation: [-0.9801697765684673f,-0.027955104423198568f,0.19617777967549954f,-0.4293713020715072f,0.11243190146396796f,0.7367650881359854f,0.6667355341041681f,1.0809885238114054f,-0.16317560061148034f,0.675570660287036f,-0.7190118262757719f,2.082725581487986f,0f,0f,0f,1f], start_interpolation: 0, interpolation_duration: 1 }
$data merge entity $(bone_rightleg) { transformation: [-0.9604143731673784f,0.15122934838936836f,0.23395280720529643f,-0.24476974000746213f,0.13022200437953063f,0.9861344582167983f,-0.10286427899343394f,2.1273657267254054f,-0.24626502266641326f,-0.06832652854630158f,-0.9667910964153126f,2.043001479749827f,0f,0f,0f,1f], start_interpolation: 0, interpolation_duration: 1 }
data modify entity @s data merge value {"locators":{"lefthand":{"posx":1.3449328051499754,"posy":1.921325664008901,"posz":2.730139312717284,"roty":20.37351696315875,"rotx":-20.81795538764427},"righthand":{"posx":-0.7910978443031672,"posy":1.8732835000622396,"posz":2.828130415371852,"roty":18.35106340604048,"rotx":-19.93870617790269},"chest":{"posx":-0.2850707037080549,"posy":2.4406306589488422,"posz":2.6744045797460303,"roty":345.4405289660838,"rotx":14.56262472407557},"sack":{"posx":0,"posy":-0.4375,"posz":0,"roty":0,"rotx":0}},"cameras":{}}