# This file was generated by Animated Java via MC-Build. It is not recommended to edit this file directly.
$data merge entity $(bone_nose) { transformation: [-0.938884392778431f,-0.18703053107514656f,0.28899079127685945f,-0.7844500728276593f,-0.0980173575485303f,0.950021698341349f,0.29639731830740756f,3.006415305542221f,-0.32998287018613603f,0.24995670250338908f,-0.9102927838104354f,1.023663709059616f,0f,0f,0f,1f], start_interpolation: 0, interpolation_duration: 1 }
$data merge entity $(bone_glowing_eye) { transformation: [-0.938884392778431f,-0.18703053107514656f,0.28899079127685945f,-0.9245586227826662f,-0.0980173575485303f,0.950021698341349f,0.29639731830740756f,3.048144354082002f,-0.32998287018613603f,0.24995670250338908f,-0.9102927838104354f,1.0311051855680913f,0f,0f,0f,1f], start_interpolation: 0, interpolation_duration: 1 }
$data merge entity $(bone_head) { transformation: [-0.938884392778431f,-0.18703053107514656f,0.28899079127685945f,-0.7072411567003616f,-0.0980173575485303f,0.950021698341349f,0.29639731830740756f,2.944611474888492f,-0.32998287018613603f,0.24995670250338908f,-0.9102927838104354f,0.8223429613167696f,0f,0f,0f,1f], start_interpolation: 0, interpolation_duration: 1 }
$data merge entity $(bone_leftthumb2) { transformation: [-0.5496925180907463f,-0.12701006308905685f,0.8256552424766456f,0.2626196810820194f,-0.5955126926721055f,-0.633558415658802f,-0.4939315406150202f,3.156609261871211f,0.5858351034390764f,-0.7631986489912196f,0.27262621619445204f,2.9310582102791356f,0f,0f,0f,1f], start_interpolation: 0, interpolation_duration: 1 }
$data merge entity $(bone_leftthumb) { transformation: [-0.5496925180907463f,-0.12701006308905685f,0.8256552424766456f,0.3020298485688493f,-0.5955126926721055f,-0.633558415658802f,-0.4939315406150202f,2.959023657486899f,0.5858351034390764f,-0.7631986489912196f,0.27262621619445204f,2.7671874204743436f,0f,0f,0f,1f], start_interpolation: 0, interpolation_duration: 1 }
$data merge entity $(bone_leftpointerfinger) { transformation: [-0.47310200296957733f,-0.30735633287278413f,0.8256552424766456f,0.4425302341772142f,-0.342909142759517f,-0.799027504531356f,-0.4939315406150202f,3.2088911724196256f,0.811534235012983f,-0.5168047326073829f,0.27262621619445204f,2.966315616620053f,0f,0f,0f,1f], start_interpolation: 0, interpolation_duration: 1 }
$data merge entity $(bone_leftmidfinger) { transformation: [-0.5496925180907463f,-0.12701006308905685f,0.8256552424766456f,0.5715388658141901f,-0.5955126926721055f,-0.633558415658802f,-0.4939315406150202f,3.1317143691985287f,0.5858351034390764f,-0.7631986489912196f,0.27262621619445204f,3.0089134629004364f,0f,0f,0f,1f], start_interpolation: 0, interpolation_duration: 1 }
$data merge entity $(bone_leftringfinger) { transformation: [-0.5564543135264576f,0.0930162218574291f,0.8256552424766456f,0.700547497451166f,-0.792634297218541f,-0.35743881162870733f,-0.4939315406150202f,3.0545375659774314f,0.24917758292163594f,-0.9292929992272767f,0.27262621619445204f,3.0515113091808193f,0f,0f,0f,1f], start_interpolation: 0, interpolation_duration: 1 }
$data merge entity $(bone_invisibility) { transformation: [-0.054566155542066855f,-0.8335830313918423f,0.5496925180907464f,0.29976943505743847f,-0.674196504899502f,0.4368337276901983f,0.5955126926721053f,3.0433724514751437f,-0.7365335073509247f,-0.3381059362505661f,-0.5858351034390762f,2.984165277025389f,0f,0f,0f,1f], start_interpolation: 0, interpolation_duration: 1 }
$data merge entity $(bone_swiftness) { transformation: [0.8256552424766455f,-0.12701006308905685f,0.5496925180907465f,0.44314939472759735f,-0.4939315406150203f,-0.633558415658802f,0.5955126926721054f,3.0055386263767656f,0.27262621619445215f,-0.7631986489912196f,-0.5858351034390763f,3.1691447915342668f,0f,0f,0f,1f], start_interpolation: 0, interpolation_duration: 1 }
$data merge entity $(bone_suspicious_stew) { transformation: [0.23382677416294728f,-0.8019745477504912f,0.5496925180907464f,0.46053338972910907f,-0.7829434147678005f,0.17990064518548787f,0.5955126926721055f,2.980458338343834f,-0.5764760610435498f,-0.5696249490868887f,-0.5858351034390766f,3.0710576292333123f,0f,0f,0f,1f], start_interpolation: 0, interpolation_duration: 1 }
$data merge entity $(bone_log) { transformation: [-0.5496925180907463f,-0.12701006308905685f,0.8256552424766456f,0.4318260477630622f,-0.5955126926721055f,-0.633558415658802f,-0.4939315406150202f,2.8222811804821446f,0.5858351034390764f,-0.7631986489912196f,0.27262621619445204f,3.043359192940938f,0f,0f,0f,1f], start_interpolation: 0, interpolation_duration: 1 }
$data merge entity $(bone_planks) { transformation: [-0.5496925180907463f,-0.12701006308905685f,0.8256552424766456f,0.38029237419205475f,-0.5955126926721055f,-0.633558415658802f,-0.4939315406150202f,2.7664518655441346f,0.5858351034390764f,-0.7631986489912196f,0.27262621619445204f,3.0982812338883514f,0f,0f,0f,1f], start_interpolation: 0, interpolation_duration: 1 }
$data merge entity $(bone_lefthand) { transformation: [-0.5496925180907463f,-0.12701006308905685f,0.8256552424766456f,0.5116949351860894f,-0.5955126926721055f,-0.633558415658802f,-0.4939315406150202f,2.82820511037969f,0.5858351034390764f,-0.7631986489912196f,0.27262621619445204f,2.6975811855772873f,0f,0f,0f,1f], start_interpolation: 0, interpolation_duration: 1 }
$data merge entity $(bone_leftforearm) { transformation: [-0.6083350714255988f,-0.042895395026820826f,0.7925203000296615f,0.4262460950219251f,-0.7784789931901499f,-0.1622463777409535f,-0.6063386595555246f,2.652836908429871f,0.1545926842876536f,-0.9858174770186583f,0.06530699785861416f,2.004832605206616f,0f,0f,0f,1f], start_interpolation: 0, interpolation_duration: 1 }
$data merge entity $(bone_leftelbow) { transformation: [-0.6083350714255988f,-0.042895395026820826f,0.7925203000296615f,0.41820320845439624f,-0.7784789931901499f,-0.1622463777409535f,-0.6063386595555246f,2.622415712603442f,0.1545926842876536f,-0.9858174770186583f,0.06530699785861416f,1.8199918282656173f,0f,0f,0f,1f], start_interpolation: 0, interpolation_duration: 1 }
$data merge entity $(bone_leftarm) { transformation: [-0.6557459208384534f,-0.3514130605183328f,0.6682111553998985f,0.014696065615216747f,-0.7050718241786824f,-0.03141421852140858f,-0.7084397431144263f,2.5006798860826263f,0.26994630957483745f,-0.9356933299814783f,-0.22717170196813335f,1.4268949958398187f,0f,0f,0f,1f], start_interpolation: 0, interpolation_duration: 1 }
$data merge entity $(bone_rightthumb2) { transformation: [-0.45036418254611177f,0.48902631745025954f,0.7470109530124779f,-1.538726805812309f,0.5962211872772574f,0.7875021797209714f,-0.15607886716790537f,1.7989622283327606f,-0.6645994274156956f,0.375091425889418f,-0.6462306270233354f,-1.2683138838017274f,0f,0f,0f,1f], start_interpolation: 0, interpolation_duration: 1 }
$data merge entity $(bone_rightthumb) { transformation: [-0.45036418254611177f,0.48902631745025954f,0.7470109530124779f,-1.35495908063795f,0.5962211872772574f,0.7875021797209714f,-0.15607886716790537f,1.9787531218519796f,-0.6645994274156956f,0.375091425889418f,-0.6462306270233354f,-1.2315507785968884f,0f,0f,0f,1f], start_interpolation: 0, interpolation_duration: 1 }
$data merge entity $(bone_rightpointerfinger) { transformation: [0.10596452259479806f,0.5350947449157837f,0.8381199997105241f,-1.487167521988627f,0.9042490121434985f,0.29877010264021675f,-0.30507400709641164f,1.9366100023634691f,-0.4136486963460223f,0.790196203314004f,-0.4521998632014056f,-1.5518179442420754f,0f,0f,0f,1f], start_interpolation: 0, interpolation_duration: 1 }
$data merge entity $(bone_rightmidfinger) { transformation: [0.17490186094535864f,0.5166857895501691f,0.8381199997105241f,-1.3562112720338575f,0.9355103603388373f,0.17818590262093476f,-0.30507400709641164f,1.888942188754655f,-0.30696857288092083f,0.8374279545035986f,-0.4521998632014056f,-1.6224741728672951f,0f,0f,0f,1f], start_interpolation: 0, interpolation_duration: 1 }
$data merge entity $(bone_rightringfinger) { transformation: [0.21926844031555115f,0.49947594253058547f,0.8381199997105241f,-1.225255022079088f,0.9474803856695375f,0.09597275116220666f,-0.30507400709641164f,1.8412743751458405f,-0.23281380941234975f,0.8609953622799257f,-0.4521998632014056f,-1.6931304014925146f,0f,0f,0f,1f], start_interpolation: 0, interpolation_duration: 1 }
$data merge entity $(bone_hugeasssword) { transformation: [0.23078846967325653f,2.123984694422912f,3.2826366655328862f,-1.2748053130809867f,3.4261767873287936f,1.4744044387161275f,-1.1948731944609456f,1.7378137001104306f,-1.883700369489002f,2.9419548512390823f,-1.7711161308721721f,-1.3350828079272954f,0f,0f,0f,1f], start_interpolation: 0, interpolation_duration: 1 }
$data merge entity $(bone_ice) { transformation: [0.05892471566125698f,0.5422939645335094f,0.8381199997105241f,-1.2841993549590298f,0.8747685414456494f,0.37644368648071336f,-0.30507400709641164f,1.718263509049081f,-0.48094477518868134f,0.7511374088269996f,-0.4521998632014056f,-1.339304567827894f,0f,0f,0f,1f], start_interpolation: 0, interpolation_duration: 1 }
$data merge entity $(bone_righthand) { transformation: [0.05892471566125698f,0.5422939645335094f,0.8381199997105241f,-1.1077034349193844f,0.8747685414456494f,0.37644368648071336f,-0.30507400709641164f,2.021533003308909f,-0.48094477518868134f,0.7511374088269996f,-0.4521998632014056f,-1.2858876551433585f,0f,0f,0f,1f], start_interpolation: 0, interpolation_duration: 1 }
$data merge entity $(bone_rightforearm) { transformation: [-0.320574608807936f,0.19394485002791326f,0.9271554968479069f,-0.9657868538312604f,0.7175910114566663f,0.688646618155434f,0.10406236389628368f,2.4592622440475274f,-0.6183001378491174f,0.6986782023583776f,-0.3599357013204282f,-0.7503617901614227f,0f,0f,0f,1f], start_interpolation: 0, interpolation_duration: 1 }
$data merge entity $(bone_rightelbow) { transformation: [-0.320574608807936f,0.19394485002791326f,0.9271554968479069f,-0.9294221944510267f,0.7175910114566663f,0.688646618155434f,0.10406236389628368f,2.588383484951671f,-0.6183001378491174f,0.6986782023583776f,-0.3599357013204282f,-0.6193596272192269f,0f,0f,0f,1f], start_interpolation: 0, interpolation_duration: 1 }
$data merge entity $(bone_rightarm) { transformation: [-0.19429627002834804f,-0.21041348214334113f,0.9581101846788735f,-1.0845517445671327f,0.8107128671907161f,0.5154425786918552f,0.27760330517286563f,2.6325665920117234f,-0.5522622623577313f,0.8306895416482651f,0.07043634695038975f,-0.06707622465130825f,0f,0f,0f,1f], start_interpolation: 0, interpolation_duration: 1 }
$data merge entity $(bone_chest) { transformation: [-0.7275021343926676f,-0.5547049887184073f,0.5802190371369552f,-0.32885009705312507f,0.14303715874007558f,0.6809410735995579f,0.830343746056872f,2.5947919798550476f,-0.7898684237167545f,0.6342182123584156f,-0.3840393774591566f,0.4072938226547835f,0f,0f,0f,1f], start_interpolation: 0, interpolation_duration: 1 }
$data merge entity $(bone_chest1lid) { transformation: [-0.6715404317470779f,-0.5120353742016068f,0.5355868035110356f,-0.41776728483288766f,0.13203430037545438f,0.6285609910149765f,0.7664711502063435f,1.9103474105122067f,-0.7291093142000811f,0.5854321960231529f,-0.35449788688537537f,-0.10303506896803888f,0f,0f,0f,1f], start_interpolation: 0, interpolation_duration: 1 }
$data merge entity $(bone_chest1) { transformation: [-0.6715404317470779f,-0.5120353742016068f,0.5355868035110356f,-0.3377617576138866f,0.13203430037545438f,0.6285609910149765f,0.7664711502063435f,1.8121347556661167f,-0.7291093142000811f,0.5854321960231529f,-0.35449788688537537f,-0.1945088495966565f,0f,0f,0f,1f], start_interpolation: 0, interpolation_duration: 1 }
$data merge entity $(bone_chest1lid3) { transformation: [-0.6715404317470779f,-0.5120353742016068f,0.5355868035110356f,-0.03268571184943808f,0.13203430037545438f,0.6285609910149765f,0.7664711502063435f,2.3931158473396796f,-0.7291093142000811f,0.5854321960231529f,-0.35449788688537537f,-0.2845659456164774f,0f,0f,0f,1f], start_interpolation: 0, interpolation_duration: 1 }
$data merge entity $(bone_chest3) { transformation: [-0.6715404317470779f,-0.5120353742016068f,0.5355868035110356f,0.04731981536956298f,0.13203430037545438f,0.6285609910149765f,0.7664711502063435f,2.2949031924935896f,-0.7291093142000811f,0.5854321960231529f,-0.35449788688537537f,-0.3760397262450951f,0f,0f,0f,1f], start_interpolation: 0, interpolation_duration: 1 }
$data merge entity $(bone_hugeasssword2) { transformation: [-2.097714980418224f,0.5843097039019071f,-3.2555263489384956f,-1.6084443632377243f,-3.002012004974845f,1.2819396995261647f,2.1644473443684094f,3.689846478790872f,1.3884500569677198f,3.654516459736173f,-0.23873345513669286f,0.09435332122167453f,0f,0f,0f,1f], start_interpolation: 0, interpolation_duration: 1 }
$data merge entity $(bone_belt) { transformation: [-0.6715404317470779f,-0.5120353742016068f,0.5355868035110356f,-0.17349209739068308f,0.13203430037545438f,0.6285609910149765f,0.7664711502063435f,2.239855396966016f,-0.7291093142000811f,0.5854321960231529f,-0.35449788688537537f,0.24385573559807963f,0f,0f,0f,1f], start_interpolation: 0, interpolation_duration: 1 }
$data merge entity $(bone_torn_part) { transformation: [-0.6715404317470779f,-0.7365104142960003f,0.08115330037948121f,-0.0580451541017577f,0.13203430037545438f,-0.011172504206447276f,0.9911821823833002f,2.051982276537839f,-0.7291093142000811f,0.6763339299364562f,0.10474742556930217f,-0.06293020417642059f,0f,0f,0f,1f], start_interpolation: 0, interpolation_duration: 1 }
$data merge entity $(bone_lowerbody) { transformation: [-0.6715404317470779f,-0.5120353742016068f,0.5355868035110356f,0.18223534450168183f,0.13203430037545438f,0.6285609910149765f,0.7664711502063435f,1.62438875f,-0.7291093142000811f,0.5854321960231529f,-0.35449788688537537f,-0.22773242183274311f,0f,0f,0f,1f], start_interpolation: 0, interpolation_duration: 1 }
$data merge entity $(bone_leftfoot) { transformation: [-0.9719629933969265f,-0.03769279683244403f,0.23205360420218218f,0.3285935160676631f,-0.05015526829999436f,0.9975897490682931f,-0.04805889335914504f,0.1343700066863136f,-0.22967904117719848f,-0.05832704545073253f,-0.971521124619952f,0.5059314986967693f,0f,0f,0f,1f], start_interpolation: 0, interpolation_duration: 1 }
$data merge entity $(bone_leftlowerleg) { transformation: [-0.9719629933969265f,-0.03769279683244403f,0.23205360420218218f,0.2511240485305236f,-0.05015526829999436f,0.9975897490682931f,-0.04805889335914504f,1.2484551732659255f,-0.22967904117719848f,-0.05832704545073253f,-0.971521124619952f,0.5904949030427984f,0f,0f,0f,1f], start_interpolation: 0, interpolation_duration: 1 }
$data merge entity $(bone_leftleg) { transformation: [-0.9348602680139213f,0.33977809451279944f,0.10279961051285202f,0.5349139797496127f,0.04395311157143897f,0.39813773205044795f,-0.9162886246857269f,1.5631104174082273f,-0.3522561615814944f,-0.8520664251729306f,-0.38715293715784405f,-0.1633860119238984f,0f,0f,0f,1f], start_interpolation: 0, interpolation_duration: 1 }
$data merge entity $(bone_rightfoot) { transformation: [-0.4756144842858588f,-0.052477408502109135f,0.8780896030524227f,-0.28320916245353583f,0.09015608236534449f,0.9900432730155715f,0.1079972247014706f,0.21711630646330704f,-0.8750213217125582f,0.13053204641905047f,-0.46615180162602426f,-0.26333290063494874f,0f,0f,0f,1f], start_interpolation: 0, interpolation_duration: 1 }
$data merge entity $(bone_rightlowerleg) { transformation: [-0.4756144842858588f,-0.052477408502109135f,0.8780896030524227f,-0.4763409133775546f,0.09015608236534449f,0.9900432730155715f,0.1079972247014706f,1.2988522613774336f,-0.8750213217125582f,0.13053204641905047f,-0.46615180162602426f,-0.04690172673310811f,0f,0f,0f,1f], start_interpolation: 0, interpolation_duration: 1 }
$data merge entity $(bone_rightleg) { transformation: [-0.6050583063905984f,0.7415624713294544f,0.28979052524286997f,0.19051952849783305f,0.07275490506043103f,0.41394633257782526f,-0.9073873100568935f,1.6791818874573994f,-0.7928500297391607f,-0.5279332675264183f,-0.3044170182942743f,-0.5034081152640713f,0f,0f,0f,1f], start_interpolation: 0, interpolation_duration: 1 }
$data merge entity $(bone_sack_top) { transformation: [-0.039999999999999994f,0f,4.898587196589412e-18f,-0.0625f,0f,0.09999999999999998f,0f,-1.4875f,-4.898587196589412e-18f,0f,-0.039999999999999994f,-7.654042494670958e-18f,0f,0f,0f,1f], start_interpolation: 0, interpolation_duration: 1 }
$data merge entity $(bone_sack_main) { transformation: [-0.05833333333333333f,0f,7.143772995026226e-18f,-0.0625f,0f,0.05833333333333333f,0f,-1.4875f,-7.143772995026226e-18f,0f,-0.05833333333333333f,-7.654042494670958e-18f,0f,0f,0f,1f], start_interpolation: 0, interpolation_duration: 1 }
data modify entity @s data merge value {"locators":{"lefthand":{"posx":0.4803815193492047,"posy":2.9353249269656083,"posz":3.0438022618179255,"roty":108.27290120634171,"rotx":-29.599319567671536},"righthand":{"posx":-1.3002441310571,"posy":1.799157908569231,"posz":-1.389064039652233,"roty":61.65133168190383,"rotx":-17.76261640467468},"chest":{"posx":-0.49043615048598277,"posy":1.7554273032407626,"posz":-0.10701895246239856,"roty":56.49994682157589,"rotx":50.03805019773547},"sack":{"posx":-0.05625,"posy":-1.45,"posz":-6.888638245203862e-18,"roty":0,"rotx":0}},"cameras":{}}
execute on vehicle unless entity @s[tag=aj.transforms_only] run function animated_java:wander/variants/item_off/apply