# This file was generated by Animated Java via MC-Build. It is not recommended to edit this file directly.
$data merge entity $(bone_nose) { transformation: [-0.9232752014614081f,0.27647722327759006f,0.2666894211908488f,0.5995232957926834f,0.18673468437082397f,0.929731092823277f,-0.3173802966325472f,3.6637758492817816f,-0.3356978701441595f,-0.2432291924221856f,-0.9100255490558089f,-0.5375410960712356f,0f,0f,0f,1f], start_interpolation: 0, interpolation_duration: 1 }
$data merge entity $(bone_glowing_eye) { transformation: [-0.9232752014614081f,0.27647722327759006f,0.2666894211908488f,0.49352735596999653f,0.18673468437082397f,0.929731092823277f,-0.3173802966325472f,3.761143217691078f,-0.3356978701441595f,-0.2432291924221856f,-0.9100255490558089f,-0.5642160121031553f,0f,0f,0f,1f], start_interpolation: 0, interpolation_duration: 1 }
$data merge entity $(bone_head) { transformation: [-0.9232752014614081f,0.27647722327759006f,0.2666894211908488f,0.6153236798187818f,0.18673468437082397f,0.929731092823277f,-0.3173802966325472f,3.489544511903701f,-0.3356978701441595f,-0.2432291924221856f,-0.9100255490558089f,-0.6779147496706159f,0f,0f,0f,1f], start_interpolation: 0, interpolation_duration: 1 }
$data merge entity $(bone_leftthumb2) { transformation: [-0.686921838596874f,0.07450542546985037f,-0.7229020191106447f,1.251530564548853f,0.006711323479980653f,-0.9940380300457038f,-0.10882717013688789f,3.820184277942606f,-0.7267003136065355f,-0.07960738909430869f,0.6823264012228678f,0.007414808483552866f,0f,0f,0f,1f], start_interpolation: 0, interpolation_duration: 1 }
$data merge entity $(bone_leftthumb) { transformation: [-0.686921838596874f,0.07450542546985037f,-0.7229020191106447f,1.208025062056495f,0.006711323479980653f,-0.9940380300457038f,-0.10882717013688789f,3.5671038084671496f,-0.7267003136065355f,-0.07960738909430869f,0.6823264012228678f,0.04620160179609509f,0f,0f,0f,1f], start_interpolation: 0, interpolation_duration: 1 }
$data merge entity $(bone_leftpointerfinger) { transformation: [-0.6709777390839093f,-0.16492890716790182f,-0.7229020191106447f,1.224824013274922f,0.34628761065724195f,-0.9317947937959811f,-0.10882717013688789f,3.8874372124701067f,-0.6556475915910492f,-0.3233526215064701f,0.6823264012228678f,0.18378967320070186f,0f,0f,0f,1f], start_interpolation: 0, interpolation_duration: 1 }
$data merge entity $(bone_leftmidfinger) { transformation: [-0.686921838596874f,0.07450542546985037f,-0.7229020191106447f,1.1118705727888836f,0.006711323479980653f,-0.9940380300457038f,-0.10882717013688789f,3.870432967136218f,-0.7267003136065355f,-0.07960738909430869f,0.6823264012228678f,0.29040317339177496f,0f,0f,0f,1f], start_interpolation: 0, interpolation_duration: 1 }
$data merge entity $(bone_leftringfinger) { transformation: [-0.6061210351660498f,0.3317076446134297f,-0.7229020191106447f,0.9989171323028454f,-0.37420143084010554f,-0.9209397028020966f,-0.10882717013688789f,3.853428721802329f,-0.7018479749108448f,0.2045485328908421f,0.6823264012228678f,0.3970166735828481f,0f,0f,0f,1f], start_interpolation: 0, interpolation_duration: 1 }
$data merge entity $(bone_invisibility) { transformation: [0.011216847422764506f,0.7266447343733968f,0.6869218385968737f,1.1267658875459805f,-0.9997403280774994f,0.021776927070643687f,-0.006711323479980731f,3.7833735251531317f,-0.019835794649761505f,-0.6866681843909582f,0.7267003136065355f,0.01750360617907183f,0f,0f,0f,1f], start_interpolation: 0, interpolation_duration: 1 }
$data merge entity $(bone_swiftness) { transformation: [-0.7229020191106448f,0.07450542546985037f,0.6869218385968738f,0.9453554310901912f,-0.10882717013688789f,-0.9940380300457038f,-0.0067113234799806775f,3.8979275011121337f,0.6823264012228677f,-0.07960738909430869f,0.7267003136065356f,0.1183711669953115f,0f,0f,0f,1f], start_interpolation: 0, interpolation_duration: 1 }
$data merge entity $(bone_suspicious_stew) { transformation: [-0.2379867474455785f,0.686659082586814f,0.6869218385968741f,0.9877293171438353f,-0.9468967567144038f,-0.3214677126258406f,-0.006711323479980765f,3.8095639634108576f,0.21621480098276707f,-0.6520412671297309f,0.7267003136065356f,0.14917140277215524f,0f,0f,0f,1f], start_interpolation: 0, interpolation_duration: 1 }
$data merge entity $(bone_log) { transformation: [-0.686921838596874f,0.07450542546985037f,-0.7229020191106447f,0.8987575408132982f,0.006711323479980653f,-0.9940380300457038f,-0.10882717013688789f,3.680837122631226f,-0.7267003136065355f,-0.07960738909430869f,0.6823264012228678f,0.1030763747920759f,0f,0f,0f,1f], start_interpolation: 0, interpolation_duration: 1 }
$data merge entity $(bone_planks) { transformation: [-0.686921838596874f,0.07450542546985037f,-0.7229020191106447f,0.8343586184448413f,0.006711323479980653f,-0.9940380300457038f,-0.10882717013688789f,3.681466309207474f,-0.7267003136065355f,-0.07960738909430869f,0.6823264012228678f,0.0349482203914632f,0f,0f,0f,1f], start_interpolation: 0, interpolation_duration: 1 }
$data merge entity $(bone_lefthand) { transformation: [-0.686921838596874f,0.07450542546985037f,-0.7229020191106447f,1.111705044927187f,0.006711323479980653f,-0.9940380300457038f,-0.10882717013688789f,3.434050633316583f,-0.7267003136065355f,-0.07960738909430869f,0.6823264012228678f,0.24352690588191797f,0f,0f,0f,1f], start_interpolation: 0, interpolation_duration: 1 }
$data merge entity $(bone_leftforearm) { transformation: [-0.634762590552675f,0.203335556498238f,-0.7454737454118749f,1.2103652092727186f,-0.16500736386821122f,-0.9781716523637849f,-0.12630434822747f,2.722021240783143f,-0.754883450278333f,0.04283538228443934f,0.6544586362180769f,0.20836410898140487f,0f,0f,0f,1f], start_interpolation: 0, interpolation_duration: 1 }
$data merge entity $(bone_leftelbow) { transformation: [-0.634762590552675f,0.203335556498238f,-0.7454737454118749f,1.2484906261161381f,-0.16500736386821122f,-0.9781716523637849f,-0.12630434822747f,2.5386140559649335f,-0.754883450278333f,0.04283538228443934f,0.6544586362180769f,0.21639574315973725f,0f,0f,0f,1f], start_interpolation: 0, interpolation_duration: 1 }
$data merge entity $(bone_leftarm) { transformation: [-0.7747548504216049f,0.16959100793116536f,0.6090926134645602f,1.0889742391879667f,-0.14687117474221315f,0.8887293383135403f,-0.4342683746839263f,2.9998984646091467f,-0.6149664867112996f,-0.4259096773374234f,-0.6636393350098325f,-0.0900907362929147f,0f,0f,0f,1f], start_interpolation: 0, interpolation_duration: 1 }
$data merge entity $(bone_rightthumb2) { transformation: [0.013495276223240926f,-0.9403119086339536f,0.34004616157343903f,0.4803809187513576f,0.9974104545227099f,-0.011366632009480565f,-0.07101538485118697f,3.706286480986911f,0.070641791656636f,0.3401239688083332f,0.9377235323450128f,-0.4462202962758248f,0f,0f,0f,1f], start_interpolation: 0, interpolation_duration: 1 }
$data merge entity $(bone_rightthumb) { transformation: [0.013495276223240926f,-0.9403119086339536f,0.34004616157343903f,0.27883597035085733f,0.9974104545227099f,-0.011366632009480565f,-0.07101538485118697f,3.6974301024854057f,0.070641791656636f,0.3401239688083332f,0.9377235323450128f,-0.28267193508997324f,0f,0f,0f,1f], start_interpolation: 0, interpolation_duration: 1 }
$data merge entity $(bone_rightpointerfinger) { transformation: [-0.49226055171853866f,-0.8075124149473915f,0.32496653508875617f,0.5261647966380822f,0.7428345511007007f,-0.5843243247509602f,-0.3267444157064579f,3.9383807373018445f,0.4537360233800928f,0.08055298386879384f,0.8874879367501586f,-0.2317070928559517f,0f,0f,0f,1f], start_interpolation: 0, interpolation_duration: 1 }
$data merge entity $(bone_rightmidfinger) { transformation: [-0.5934507151518832f,-0.7363511388991848f,0.32496653508875617f,0.5769408177457004f,0.6602098694084152f,-0.6762847145547269f,-0.3267444157064579f,3.8873269223477105f,0.46036852305673703f,0.02063940652017128f,0.8874879367501586f,-0.0930371027387394f,0f,0f,0f,1f], start_interpolation: 0, interpolation_duration: 1 }
$data merge entity $(bone_rightringfinger) { transformation: [-0.6553696864469032f,-0.6818264626419951f,0.32496653508875617f,0.6277168388533185f,0.5987554749266019f,-0.7312523285775333f,-0.3267444157064579f,3.8362731073935765f,0.46041552464258534f,-0.019562893217497462f,0.8874879367501586f,0.04563288737847289f,0f,0f,0f,1f], start_interpolation: 0, interpolation_duration: 1 }
$data merge entity $(bone_hugeasssword) { transformation: [-1.64503136231287f,-3.3187597716616626f,1.272785595764295f,0.5113113118891295f,3.097828992422372f,-2.0263207808689696f,-1.2797489615169602f,3.577251733274732f,1.742872665599019f,0.46918594266727387f,3.4759944189381216f,-0.20077146103440516f,0f,0f,0f,1f], start_interpolation: 0, interpolation_duration: 1 }
$data merge entity $(bone_ice) { transformation: [-0.4200080073990306f,-0.8473429204242542f,0.32496653508875617f,0.5311136701363683f,0.7909350618950737f,-0.5173584972431411f,-0.3267444157064579f,3.5729770994520456f,0.4449887656848559f,0.11979215557462311f,0.8874879367501586f,-0.2095961629290845f,0f,0f,0f,1f], start_interpolation: 0, interpolation_duration: 1 }
$data merge entity $(bone_righthand) { transformation: [-0.4200080073990306f,-0.8473429204242542f,0.32496653508875617f,0.22443114240207068f,0.7909350618950737f,-0.5173584972431411f,-0.3267444157064579f,3.631160477624202f,0.4449887656848559f,0.11979215557462311f,0.8874879367501586f,-0.04066693459077231f,0f,0f,0f,1f], start_interpolation: 0, interpolation_duration: 1 }
$data merge entity $(bone_rightforearm) { transformation: [-0.48405883199475597f,-0.8691948283799839f,-0.10093263835530533f,-0.3548907218286315f,0.8381304066651489f,-0.42740334528040536f,-0.3389156264712952f,3.2835549067209593f,0.2514447625049772f,-0.2486498155249846f,0.9353869790884446f,-0.24582955533659515f,0f,0f,0f,1f], start_interpolation: 0, interpolation_duration: 1 }
$data merge entity $(bone_rightelbow) { transformation: [-0.48405883199475597f,-0.8691948283799839f,-0.10093263835530533f,-0.5178647521498785f,0.8381304066651489f,-0.42740334528040536f,-0.3389156264712952f,3.203416779480883f,0.2514447625049772f,-0.2486498155249846f,0.9353869790884446f,-0.29245139574752976f,0f,0f,0f,1f], start_interpolation: 0, interpolation_duration: 1 }
$data merge entity $(bone_rightarm) { transformation: [-0.617403386540825f,-0.07581554667608753f,-0.7829847132416613f,-0.33294803113005583f,0.7674597410332549f,0.16044013812745034f,-0.6206967922994399f,3.162952973383318f,0.17268064217245016f,-0.9841295468381439f,-0.040870904798640736f,-0.835777051044681f,0f,0f,0f,1f], start_interpolation: 0, interpolation_duration: 1 }
$data merge entity $(bone_chest) { transformation: [-0.922970020979618f,0.3346653667054504f,0.4579700250146301f,0.4450262851959558f,0.09526451207771493f,0.9537132289034765f,-0.5049424332180955f,2.8736309298971f,-0.5591619838853401f,-0.3899247112629853f,-0.8419665708536171f,-0.5062507828198394f,0f,0f,0f,1f], start_interpolation: 0, interpolation_duration: 1 }
$data merge entity $(bone_chest1lid) { transformation: [-0.851972327058109f,0.2462925785222949f,0.462042335389334f,-0.22241939140238337f,0.08793647268712147f,0.9372294364414384f,-0.33744356600624503f,2.4843739254155603f,-0.5161495235864678f,-0.24686220697486916f,-0.8201516445566388f,-0.1323504409334073f,0f,0f,0f,1f], start_interpolation: 0, interpolation_duration: 1 }
$data merge entity $(bone_chest1) { transformation: [-0.851972327058109f,0.3089218769588773f,0.42274156155196624f,-0.27068843467720793f,0.08793647268712147f,0.8803506728339784f,-0.46610070758593436f,2.3468191327852512f,-0.5161495235864678f,-0.3599305027042941f,-0.7771999115571852f,-0.07611129988586135f,0f,0f,0f,1f], start_interpolation: 0, interpolation_duration: 1 }
$data merge entity $(bone_chest1lid3) { transformation: [-0.851972327058109f,0.3089218769588773f,0.42274156155196624f,0.10164769190797675f,0.08793647268712147f,0.8803506728339784f,-0.46610070758593436f,2.1802821300753763f,-0.5161495235864678f,-0.3599305027042941f,-0.7771999115571852f,-0.5979847890505747f,0f,0f,0f,1f], start_interpolation: 0, interpolation_duration: 1 }
$data merge entity $(bone_chest3) { transformation: [-0.851972327058109f,0.3089218769588773f,0.42274156155196624f,0.05337864863315217f,0.08793647268712147f,0.8803506728339784f,-0.46610070758593436f,2.042727337445067f,-0.5161495235864678f,-0.3599305027042941f,-0.7771999115571852f,-0.5417456480030288f,0f,0f,0f,1f], start_interpolation: 0, interpolation_duration: 1 }
$data merge entity $(bone_hugeasssword2) { transformation: [-1.6557377827452018f,3.2776408930072263f,-1.3623069951573226f,-0.13420838477710395f,1.8255611047115765f,2.075530674652755f,2.7748471758490596f,3.879960310086906f,3.0440329869323084f,0.538070973794399f,-2.405123817894974f,-1.7657054166980504f,0f,0f,0f,1f], start_interpolation: 0, interpolation_duration: 1 }
$data merge entity $(bone_belt) { transformation: [-0.851972327058109f,0.3089218769588773f,0.42274156155196624f,0.29392311535613225f,0.08793647268712147f,0.8803506728339784f,-0.46610070758593436f,2.5811580989623315f,-0.5161495235864678f,-0.3599305027042941f,-0.7771999115571852f,-0.24461063020145335f,0f,0f,0f,1f], start_interpolation: 0, interpolation_duration: 1 }
$data merge entity $(bone_torn_part) { transformation: [-0.851972327058109f,-0.07459403859042413f,0.5182459679862073f,0.1057620616759249f,0.08793647268712147f,0.9553543906957819f,0.28207297805645754f,2.3286488023988383f,-0.5161495235864678f,0.2858910939240011f,-0.8073759667691381f,-0.21623201463410152f,0f,0f,0f,1f], start_interpolation: 0, interpolation_duration: 1 }
$data merge entity $(bone_lowerbody) { transformation: [-0.851972327058109f,0.2759797382395439f,0.444947567707054f,-0.0083639990308884f,0.08793647268712147f,0.9131569375238947f,-0.398009527804711f,1.930153935185185f,-0.5161495235864678f,-0.29996598396020624f,-0.8022531257453894f,0.09345782369215432f,0f,0f,0f,1f], start_interpolation: 0, interpolation_duration: 1 }
$data merge entity $(bone_leftfoot) { transformation: [-0.9738876241245046f,-0.22289426486081598f,0.04313396229446f,0.21900574605614792f,-0.21072419502236142f,0.9581807017247437f,0.19361047310087745f,0.214222482085894f,-0.0844847829353271f,0.1794661507709262f,-0.9801299745064833f,0.626765256101772f,0f,0f,0f,1f], start_interpolation: 0, interpolation_duration: 1 }
$data merge entity $(bone_leftlowerleg) { transformation: [-0.9738876241245046f,-0.2225675307811521f,0.04478935423785875f,-0.03478679672941486f,-0.21072419502236142f,0.9595931796929444f,0.18648378465392706f,1.2501187481622362f,-0.0844847829353271f,0.1721767227207865f,-0.9814367235597727f,0.968567266659438f,0f,0f,0f,1f], start_interpolation: 0, interpolation_duration: 1 }
$data merge entity $(bone_leftleg) { transformation: [-0.9786285575888285f,0.0909192972008972f,0.18444335015670163f,0.03577347787085983f,-0.08837691838591138f,0.6239238475427826f,-0.7764721395501986f,1.7627509286967f,-0.18567480701553746f,-0.7761779314409447f,-0.6025551695086994f,0.2752883001658764f,0f,0f,0f,1f], start_interpolation: 0, interpolation_duration: 1 }
$data merge entity $(bone_rightfoot) { transformation: [-0.4978961715620758f,0.03606391926808783f,0.8664865903018154f,-0.3049117113500238f,0.1695494283978578f,0.9839018448305206f,0.05647489955157575f,0.1734687113775737f,-0.8505012534830723f,0.1750308655290729f,-0.49599576915093413f,-0.26913554275642676f,0f,0f,0f,1f], start_interpolation: 0, interpolation_duration: 1 }
$data merge entity $(bone_rightlowerleg) { transformation: [-0.4978961715620758f,-0.25992232869999476f,0.8273693253251615f,-0.7203847218469933f,0.1695494283978578f,0.9064441914014514f,0.38679604756878166f,1.1196257157373237f,-0.8505012534830723f,0.3328642597597198f,-0.40724561566467105f,0.16270725256182056f,0f,0f,0f,1f], start_interpolation: 0, interpolation_duration: 1 }
$data merge entity $(bone_rightleg) { transformation: [-0.6049926657387934f,0.4616432502467681f,0.6487443798579942f,-0.3081399573334299f,0.07273587033723229f,0.8434046532182659f,-0.5323323259347384f,1.8787634811260523f,-0.7929018650303163f,-0.27487009263180134f,-0.5438317978636205f,-0.06485573540694509f,0f,0f,0f,1f], start_interpolation: 0, interpolation_duration: 1 }
$data merge entity $(bone_sack_top) { transformation: [-0.32634347110200923f,-0.37179383338105754f,0.15772568206881063f,1.026594624964207f,0.09564785482441837f,0.48134588101334397f,0.33328244368503496f,3.7035994107600083f,-0.17950529500012963f,0.9324081000912628f,-0.10916110178889052f,-0.010963924931552738f,0f,0f,0f,1f], start_interpolation: 0, interpolation_duration: 1 }
$data merge entity $(bone_sack_main) { transformation: [-0.551112790424589f,-0.21687973613895023f,0.2663593681621186f,1.026594624964207f,0.16152538916255543f,0.280785097257784f,0.56283098576644f,3.7035994107600083f,-0.30313970642479143f,0.5439047250532367f,-0.18434589547493374f,-0.010963924931552738f,0f,0f,0f,1f], start_interpolation: 0, interpolation_duration: 1 }
data modify entity @s data merge value {"locators":{"lefthand":{"posx":0.968631070865527,"posy":3.7595675816856873,"posz":0.16676250644657414,"roty":226.65394169425855,"rotx":-6.247711490246421},"righthand":{"posx":0.4999000504635763,"posy":3.6603163695195464,"posz":-0.183617217588704,"roty":159.88906527215718,"rotx":-19.07129343095406},"chest":{"posx":-0.3344045129253738,"posy":2.5049282586952115,"posz":-0.004546970945655857,"roty":28.543051073266838,"rotx":-27.781481238022067},"sack":{"posx":0.9462197364203735,"posy":3.866797824444024,"posz":0.37116836686247,"roty":55.313098574149976,"rotx":60.077975924224205}},"cameras":{}}