# This file was generated by Animated Java via MC-Build. It is not recommended to edit this file directly.
$data merge entity $(bone_nose) {transformation: [-1f,0f,0f,0f,0f,0.1752f,0.9845f,2.9095f,0f,0.9845f,-0.1752f,1.7354f,0f,0f,0f,1f],start_interpolation: 0,interpolation_duration: 1}
$data merge entity $(bone_glowing_eye) {transformation: [-1f,0f,0f,-0.125f,0f,0.1752f,0.9845f,2.8871f,0f,0.9845f,-0.1752f,1.8082f,0f,0f,0f,1f],start_interpolation: 0,interpolation_duration: 1}
$data merge entity $(bone_head) {transformation: [-1f,0f,0f,0f,0f,0.1752f,0.9845f,3.0723f,0f,0.9845f,-0.1752f,1.5811f,0f,0f,0f,1f],start_interpolation: 0,interpolation_duration: 1}
$data merge entity $(bone_leftthumb2) {transformation: [-0.1305f,-0.3391f,-0.9317f,1.4007f,0.7643f,0.5642f,-0.3124f,1.588f,0.6315f,-0.7528f,0.1855f,1.8089f,0f,0f,0f,1f],start_interpolation: 0,interpolation_duration: 1}
$data merge entity $(bone_leftthumb) {transformation: [-0.1305f,-0.3391f,-0.9317f,1.2379f,0.7643f,0.5642f,-0.3124f,1.6996f,0.6315f,-0.7528f,0.1855f,1.6401f,0f,0f,0f,1f],start_interpolation: 0,interpolation_duration: 1}
$data merge entity $(bone_leftpointerfinger) {transformation: [-0.1285f,0.0227f,-0.9914f,1.2057f,0.8633f,0.4946f,-0.1006f,1.4023f,0.4881f,-0.8688f,-0.0831f,1.8201f,0f,0f,0f,1f],start_interpolation: 0,interpolation_duration: 1}
$data merge entity $(bone_leftmidfinger) {transformation: [-0.1285f,0.0227f,-0.9914f,1.0508f,0.8633f,0.4946f,-0.1006f,1.3866f,0.4881f,-0.8688f,-0.0831f,1.8071f,0f,0f,0f,1f],start_interpolation: 0,interpolation_duration: 1}
$data merge entity $(bone_leftringfinger) {transformation: [-0.1261f,0.0338f,-0.9914f,0.8959f,0.9031f,0.4175f,-0.1006f,1.3709f,0.4105f,-0.9081f,-0.0831f,1.7941f,0f,0f,0f,1f],start_interpolation: 0,interpolation_duration: 1}
$data merge entity $(bone_invisibility) {transformation: [-0.0864f,0.9877f,0.1305f,1.2122f,0.6258f,0.1558f,-0.7643f,1.6184f,-0.7752f,0.0156f,-0.6315f,1.8568f,0f,0f,0f,1f],start_interpolation: 0,interpolation_duration: 1}
$data merge entity $(bone_swiftness) {transformation: [-0.9914f,0f,0.1305f,1.0195f,-0.1006f,0.637f,-0.7643f,1.5531f,-0.0831f,-0.7709f,-0.6315f,1.9785f,0f,0f,0f,1f],start_interpolation: 0,interpolation_duration: 1}
$data merge entity $(bone_suspicious_stew) {transformation: [-0.419f,0.8986f,0.1305f,1.0263f,0.5348f,0.3604f,-0.7643f,1.5697f,-0.7338f,-0.2504f,-0.6315f,1.8773f,0f,0f,0f,1f],start_interpolation: 0,interpolation_duration: 1}
$data merge entity $(bone_log) {transformation: [-0.1305f,0f,-0.9914f,0.9676f,0.7643f,0.637f,-0.1006f,1.7163f,0.6315f,-0.7709f,-0.0831f,1.8363f,0f,0f,0f,1f],start_interpolation: 0,interpolation_duration: 1}
$data merge entity $(bone_planks) {transformation: [-0.1305f,0f,-0.9914f,0.9554f,0.7643f,0.637f,-0.1006f,1.7879f,0.6315f,-0.7709f,-0.0831f,1.8955f,0f,0f,0f,1f],start_interpolation: 0,interpolation_duration: 1}
$data merge entity $(bone_lefthand1) {transformation: [-0.1305f,0f,-0.9914f,1.0313f,0.7643f,0.637f,-0.1006f,1.6876f,0.6315f,-0.7709f,-0.0831f,1.4883f,0f,0f,0f,1f],start_interpolation: 0,interpolation_duration: 1}
$data merge entity $(bone_leftforearm) {transformation: [-1f,0f,0f,0.9688f,0f,0.637f,-0.7709f,2.1475f,0f,-0.7709f,-0.637f,0.9562f,0f,0f,0f,1f],start_interpolation: 0,interpolation_duration: 1}
$data merge entity $(bone_leftelbow) {transformation: [-1f,0f,0f,0.9688f,0f,0.9911f,-0.1328f,2.3333f,0f,-0.1328f,-0.9911f,0.9313f,0f,0f,0f,1f],start_interpolation: 0,interpolation_duration: 1}
$data merge entity $(bone_leftarm) {transformation: [-1f,0f,0f,0.75f,0f,0.6773f,0.7357f,2.649f,0f,0.7357f,-0.6773f,1.3203f,0f,0f,0f,1f],start_interpolation: 0,interpolation_duration: 1}
$data merge entity $(bone_rightthumb2) {transformation: [0.0048f,0.0588f,-0.9983f,-0.943f,0.9503f,0.3105f,0.0229f,1.6604f,0.3113f,-0.9488f,-0.0544f,2.2786f,0f,0f,0f,1f],start_interpolation: 0,interpolation_duration: 1}
$data merge entity $(bone_rightthumb) {transformation: [0.0048f,0.0588f,-0.9983f,-1.0139f,0.9503f,0.3105f,0.0229f,1.7385f,0.3113f,-0.9488f,-0.0544f,2.0412f,0f,0f,0f,1f],start_interpolation: 0,interpolation_duration: 1}
$data merge entity $(bone_rightpointerfinger) {transformation: [0.0022f,0.059f,-0.9983f,-1.0795f,0.9359f,0.3516f,0.0229f,1.7416f,0.3524f,-0.9343f,-0.0544f,2.3841f,0f,0f,0f,1f],start_interpolation: 0,interpolation_duration: 1}
$data merge entity $(bone_rightmidfinger) {transformation: [0.0022f,0.059f,-0.9983f,-1.2354f,0.9359f,0.3516f,0.0229f,1.7452f,0.3524f,-0.9343f,-0.0544f,2.3756f,0f,0f,0f,1f],start_interpolation: 0,interpolation_duration: 1}
$data merge entity $(bone_rightringfinger) {transformation: [-0.0055f,0.0588f,-0.9983f,-1.3914f,0.8819f,0.4708f,0.0229f,1.7488f,0.4713f,-0.8803f,-0.0544f,2.3671f,0f,0f,0f,1f],start_interpolation: 0,interpolation_duration: 1}
$data merge entity $(bone_hugeasssword) {transformation: [0f,0f,0f,-1.2092f,0f,0f,0f,1.5555f,0f,0f,0f,2.101f,0f,0f,0f,1f],start_interpolation: 0,interpolation_duration: 1}
$data merge entity $(bone_ice) {transformation: [0.0048f,0.0588f,-0.9983f,-1.2102f,0.9503f,0.3105f,0.0229f,1.5358f,0.3113f,-0.9488f,-0.0544f,2.111f,0f,0f,0f,1f],start_interpolation: 0,interpolation_duration: 1}
$data merge entity $(bone_righthand1) {transformation: [0.0048f,0.0588f,-0.9983f,-1.2255f,0.9503f,0.3105f,0.0229f,1.8517f,0.3113f,-0.9488f,-0.0544f,1.9499f,0f,0f,0f,1f],start_interpolation: 0,interpolation_duration: 1}
$data merge entity $(bone_rightforearm) {transformation: [-0.9537f,0.0586f,-0.295f,-1.12f,0.287f,0.4708f,-0.8342f,2.1778f,0.09f,-0.8803f,-0.4659f,1.3326f,0f,0f,0f,1f],start_interpolation: 0,interpolation_duration: 1}
$data merge entity $(bone_rightelbow) {transformation: [-0.9537f,0.0586f,-0.295f,-1.109f,0.287f,0.4708f,-0.8342f,2.2661f,0.09f,-0.8803f,-0.4659f,1.1676f,0f,0f,0f,1f],start_interpolation: 0,interpolation_duration: 1}
$data merge entity $(bone_rightarm) {transformation: [-0.9537f,0.3008f,0f,-0.75f,0.287f,0.91f,0.2991f,2.649f,0.09f,0.2853f,-0.9542f,1.3203f,0f,0f,0f,1f],start_interpolation: 0,interpolation_duration: 1}
$data merge entity $(bone_chest1) {transformation: [-1.0833f,0f,0f,-0.0023f,0f,0.8884f,0.62f,2.5805f,0f,0.62f,-0.8884f,1.1383f,0f,0f,0f,1f],start_interpolation: 0,interpolation_duration: 1}
$data merge entity $(bone_chest1lid) {transformation: [-1f,0f,0f,-0.3438f,0f,0.8201f,0.5723f,1.7961f,0f,0.5723f,-0.8201f,1.0681f,0f,0f,0f,1f],start_interpolation: 0,interpolation_duration: 1}
$data merge entity $(bone_chest2) {transformation: [-1f,0f,0f,-0.3438f,0f,0.8201f,0.5723f,1.668f,0f,0.5723f,-0.8201f,0.9787f,0f,0f,0f,1f],start_interpolation: 0,interpolation_duration: 1}
$data merge entity $(bone_chest1lid3) {transformation: [-1f,0f,0f,-0.2812f,0f,0.8201f,0.5723f,2.1627f,0f,0.5723f,-0.8201f,0.5428f,0f,0f,0f,1f],start_interpolation: 0,interpolation_duration: 1}
$data merge entity $(bone_chest3) {transformation: [-1f,0f,0f,-0.2812f,0f,0.8201f,0.5723f,2.0346f,0f,0.5723f,-0.8201f,0.4533f,0f,0f,0f,1f],start_interpolation: 0,interpolation_duration: 1}
$data merge entity $(bone_hugeasssword2) {transformation: [0f,2.8877f,-2.6461f,-1.2344f,-2.2414f,2.1699f,2.3681f,3.6837f,3.2119f,1.5143f,1.6525f,1.5851f,0f,0f,0f,1f],start_interpolation: 0,interpolation_duration: 1}
$data merge entity $(bone_belt) {transformation: [-1f,0f,0f,0.0297f,0f,0.8201f,0.5723f,2.179f,0f,0.5723f,-0.8201f,1.0177f,0f,0f,0f,1f],start_interpolation: 0,interpolation_duration: 1}
$data merge entity $(bone_torn_part) {transformation: [-1f,0f,0f,-0.0938f,0f,0.7399f,0.6727f,1.9477f,0f,0.6727f,-0.7399f,0.8787f,0f,0f,0f,1f],start_interpolation: 0,interpolation_duration: 1}
$data merge entity $(bone_lowerbody) {transformation: [-1f,0f,0f,0.0039f,0f,0.908f,0.419f,1.4455f,0f,0.419f,-0.908f,0.8018f,0f,0f,0f,1f],start_interpolation: 0,interpolation_duration: 1}
$data merge entity $(bone_leftfoot) {transformation: [-0.9754f,0.2077f,0.0743f,-0.001f,-0.0426f,-0.5078f,0.8604f,0.4331f,0.2164f,0.8361f,0.5041f,-0.8485f,0f,0f,0f,1f],start_interpolation: 0,interpolation_duration: 1}
$data merge entity $(bone_leftlowerleg) {transformation: [-0.9754f,0.2061f,-0.0785f,0.2398f,-0.0426f,0.1732f,0.984f,0.4741f,0.2164f,0.9631f,-0.1601f,0.2445f,0f,0f,0f,1f],start_interpolation: 0,interpolation_duration: 1}
$data merge entity $(bone_leftleg) {transformation: [-0.9754f,0.033f,-0.2181f,0.25f,-0.0426f,0.942f,0.3328f,1.465f,0.2164f,0.3339f,-0.9174f,0.6299f,0f,0f,0f,1f],start_interpolation: 0,interpolation_duration: 1}
$data merge entity $(bone_rightfoot) {transformation: [-0.9905f,0.039f,0.1319f,-0.3827f,0.0432f,0.9986f,0.0297f,0.1337f,-0.1305f,0.0351f,-0.9908f,0.9565f,0f,0f,0f,1f],start_interpolation: 0,interpolation_duration: 1}
$data merge entity $(bone_rightlowerleg) {transformation: [-0.9905f,-0.0207f,0.1359f,-0.4266f,0.0432f,0.8914f,0.4511f,1.0533f,-0.1305f,0.4527f,-0.8821f,1.5942f,0f,0f,0f,1f],start_interpolation: 0,interpolation_duration: 1}
$data merge entity $(bone_rightleg) {transformation: [-0.9905f,0.1373f,0.008f,-0.25f,0.0432f,0.366f,-0.9296f,1.465f,-0.1305f,-0.9204f,-0.3685f,0.6299f,0f,0f,0f,1f],start_interpolation: 0,interpolation_duration: 1}
data modify entity @s data merge value {"cameras":{},"locators":{"lefthand":{"posx":0.9953639565066511,"posy":1.596410968244667,"posz":1.838596418938494,"roty":274.7937179753029,"rotx":-5.774787414280466},"sword":{"posx":-1.209133822992762,"posy":1.5554742361979734,"posz":2.101001926716762,"roty":273.1192346315107,"rotx":1.3106052674204587},"righthand":{"posx":-1.195035274737535,"posy":1.6196563210061783,"posz":2.1558180942283998,"roty":273.1192346315107,"rotx":1.3106052674204587},"chest":{"posx":-0.3750000000000001,"posy":1.655454033892834,"posz":1.160490165558113,"roty":0,"rotx":34.90850220158611}}}