# This file was generated by Animated Java via MC-Build. It is not recommended to edit this file directly.
$data merge entity $(bone_nose) {transformation: [-1f,0f,0f,0f,0f,0.4767f,0.879f,3.347f,0f,0.879f,-0.4767f,1.5009f,0f,0f,0f,1f],start_interpolation: 0,interpolation_duration: 1}
$data merge entity $(bone_glowing_eye) {transformation: [-1f,0f,0f,-0.125f,0f,0.4767f,0.879f,3.3486f,0f,0.879f,-0.4767f,1.5771f,0f,0f,0f,1f],start_interpolation: 0,interpolation_duration: 1}
$data merge entity $(bone_head) {transformation: [-1f,0f,0f,0f,0f,0.4767f,0.879f,3.4527f,0f,0.879f,-0.4767f,1.3031f,0f,0f,0f,1f],start_interpolation: 0,interpolation_duration: 1}
$data merge entity $(bone_leftthumb2) {transformation: [-0.1305f,-0.3391f,-0.9317f,1.4007f,0.8149f,0.4985f,-0.2956f,1.8961f,0.5647f,-0.7978f,0.2113f,1.8862f,0f,0f,0f,1f],start_interpolation: 0,interpolation_duration: 1}
$data merge entity $(bone_leftthumb) {transformation: [-0.1305f,-0.3391f,-0.9317f,1.2379f,0.8149f,0.4985f,-0.2956f,1.9931f,0.5647f,-0.7978f,0.2113f,1.7086f,0f,0f,0f,1f],start_interpolation: 0,interpolation_duration: 1}
$data merge entity $(bone_leftpointerfinger) {transformation: [-0.1285f,0.0227f,-0.9914f,1.2057f,0.9014f,0.4194f,-0.1073f,1.7121f,0.4134f,-0.9075f,-0.0743f,1.913f,0f,0f,0f,1f],start_interpolation: 0,interpolation_duration: 1}
$data merge entity $(bone_leftmidfinger) {transformation: [-0.1285f,0.0227f,-0.9914f,1.0508f,0.9014f,0.4194f,-0.1073f,1.6953f,0.4134f,-0.9075f,-0.0743f,1.9014f,0f,0f,0f,1f],start_interpolation: 0,interpolation_duration: 1}
$data merge entity $(bone_leftringfinger) {transformation: [-0.1261f,0.0338f,-0.9914f,0.8959f,0.9346f,0.3393f,-0.1073f,1.6786f,0.3327f,-0.9401f,-0.0743f,1.8898f,0f,0f,0f,1f],start_interpolation: 0,interpolation_duration: 1}
$data merge entity $(bone_invisibility) {transformation: [-0.0864f,0.9877f,0.1305f,1.2122f,0.5581f,0.1565f,-0.8149f,1.9305f,-0.8253f,0.0024f,-0.5647f,1.9313f,0f,0f,0f,1f],start_interpolation: 0,interpolation_duration: 1}
$data merge entity $(bone_swiftness) {transformation: [-0.9914f,0f,0.1305f,1.0195f,-0.1073f,0.5696f,-0.8149f,1.8757f,-0.0743f,-0.8219f,-0.5647f,2.0581f,0f,0f,0f,1f],start_interpolation: 0,interpolation_duration: 1}
$data merge entity $(bone_suspicious_stew) {transformation: [-0.419f,0.8986f,0.1305f,1.0263f,0.4709f,0.3379f,-0.8149f,1.8837f,-0.7763f,-0.28f,-0.5647f,1.9559f,0f,0f,0f,1f],start_interpolation: 0,interpolation_duration: 1}
$data merge entity $(bone_log) {transformation: [-0.1305f,0f,-0.9914f,0.9676f,0.8149f,0.5696f,-0.1073f,2.0263f,0.5647f,-0.8219f,-0.0743f,1.9026f,0f,0f,0f,1f],start_interpolation: 0,interpolation_duration: 1}
$data merge entity $(bone_planks) {transformation: [-0.1305f,0f,-0.9914f,0.9554f,0.8149f,0.5696f,-0.1073f,2.1027f,0.5647f,-0.8219f,-0.0743f,1.9556f,0f,0f,0f,1f],start_interpolation: 0,interpolation_duration: 1}
$data merge entity $(bone_lefthand1) {transformation: [-0.1305f,0f,-0.9914f,1.0312f,0.8149f,0.5696f,-0.1073f,1.9683f,0.5647f,-0.8219f,-0.0743f,1.5583f,0f,0f,0f,1f],start_interpolation: 0,interpolation_duration: 1}
$data merge entity $(bone_leftforearm) {transformation: [-1f,0f,0f,0.9687f,0f,0.5696f,-0.8219f,2.3816f,0f,-0.8219f,-0.5696f,0.9893f,0f,0f,0f,1f],start_interpolation: 0,interpolation_duration: 1}
$data merge entity $(bone_leftelbow) {transformation: [-1f,0f,0f,0.9687f,0f,0.8733f,-0.4872f,2.5454f,0f,-0.4872f,-0.8733f,0.8979f,0f,0f,0f,1f],start_interpolation: 0,interpolation_duration: 1}
$data merge entity $(bone_leftarm) {transformation: [-1f,0f,0f,0.75f,0f,0.9f,0.4359f,2.9817f,0f,0.4359f,-0.9f,1.144f,0f,0f,0f,1f],start_interpolation: 0,interpolation_duration: 1}
$data merge entity $(bone_rightthumb2) {transformation: [-0.0002f,0.1108f,-0.9938f,-1.007f,0.9672f,0.2526f,0.028f,2.0349f,0.2542f,-0.9612f,-0.1073f,2.2331f,0f,0f,0f,1f],start_interpolation: 0,interpolation_duration: 1}
$data merge entity $(bone_rightthumb) {transformation: [-0.0002f,0.1108f,-0.9938f,-1.0648f,0.9672f,0.2526f,0.028f,2.0992f,0.2542f,-0.9612f,-0.1073f,1.9882f,0f,0f,0f,1f],start_interpolation: 0,interpolation_duration: 1}
$data merge entity $(bone_rightpointerfinger) {transformation: [-0.0051f,0.1107f,-0.9938f,-1.1478f,0.9552f,0.2946f,0.028f,2.1234f,0.2958f,-0.9492f,-0.1073f,2.3264f,0f,0f,0f,1f],start_interpolation: 0,interpolation_duration: 1}
$data merge entity $(bone_rightmidfinger) {transformation: [-0.0051f,0.1107f,-0.9938f,-1.303f,0.9552f,0.2946f,0.028f,2.1278f,0.2958f,-0.9492f,-0.1073f,2.3096f,0f,0f,0f,1f],start_interpolation: 0,interpolation_duration: 1}
$data merge entity $(bone_rightringfinger) {transformation: [-0.0195f,0.1091f,-0.9938f,-1.4583f,0.9086f,0.4167f,0.028f,2.1321f,0.4172f,-0.9025f,-0.1073f,2.2929f,0f,0f,0f,1f],start_interpolation: 0,interpolation_duration: 1}
$data merge entity $(bone_hugeasssword) {transformation: [0f,0f,0f,-1.2649f,0f,0f,0f,1.9217f,0f,0f,0f,2.0486f,0f,0f,0f,1f],start_interpolation: 0,interpolation_duration: 1}
$data merge entity $(bone_ice) {transformation: [-0.0002f,0.1108f,-0.9938f,-1.2667f,0.9672f,0.2526f,0.028f,1.9027f,0.2542f,-0.9612f,-0.1073f,2.0596f,0f,0f,0f,1f],start_interpolation: 0,interpolation_duration: 1}
$data merge entity $(bone_righthand1) {transformation: [-0.0002f,0.1108f,-0.9938f,-1.2701f,0.9672f,0.2526f,0.028f,2.2085f,0.2542f,-0.9612f,-0.1073f,1.8795f,0f,0f,0f,1f],start_interpolation: 0,interpolation_duration: 1}
$data merge entity $(bone_rightforearm) {transformation: [-0.9537f,0.109f,-0.2803f,-1.1294f,0.2999f,0.4168f,-0.8581f,2.4962f,0.0233f,-0.9025f,-0.4301f,1.2502f,0f,0f,0f,1f],start_interpolation: 0,interpolation_duration: 1}
$data merge entity $(bone_rightelbow) {transformation: [-0.9537f,0.109f,-0.2803f,-1.109f,0.2999f,0.4168f,-0.8581f,2.5743f,0.0233f,-0.9025f,-0.4301f,1.081f,0f,0f,0f,1f],start_interpolation: 0,interpolation_duration: 1}
$data merge entity $(bone_rightarm) {transformation: [-0.9537f,0.3008f,0f,-0.75f,0.2999f,0.9508f,0.0774f,2.9817f,0.0233f,0.0738f,-0.997f,1.144f,0f,0f,0f,1f],start_interpolation: 0,interpolation_duration: 1}
$data merge entity $(bone_chest1) {transformation: [-1.0833f,0f,0f,-0.0023f,0f,1.0048f,0.4048f,2.8742f,0f,0.4048f,-1.0048f,0.982f,0f,0f,0f,1f],start_interpolation: 0,interpolation_duration: 1}
$data merge entity $(bone_chest1lid) {transformation: [-1f,0f,0f,-0.3438f,0f,0.9276f,0.3737f,2.094f,0f,0.3737f,-0.9276f,1.0895f,0f,0f,0f,1f],start_interpolation: 0,interpolation_duration: 1}
$data merge entity $(bone_chest2) {transformation: [-1f,0f,0f,-0.3438f,0f,0.9276f,0.3737f,1.9491f,0f,0.3737f,-0.9276f,1.0312f,0f,0f,0f,1f],start_interpolation: 0,interpolation_duration: 1}
$data merge entity $(bone_chest1lid3) {transformation: [-1f,0f,0f,-0.2813f,0f,0.9276f,0.3737f,2.3334f,0f,0.3737f,-0.9276f,0.4953f,0f,0f,0f,1f],start_interpolation: 0,interpolation_duration: 1}
$data merge entity $(bone_chest3) {transformation: [-1f,0f,0f,-0.2813f,0f,0.9276f,0.3737f,2.1885f,0f,0.3737f,-0.9276f,0.4369f,0f,0f,0f,1f],start_interpolation: 0,interpolation_duration: 1}
$data merge entity $(bone_hugeasssword2) {transformation: [0f,2.8877f,-2.6461f,-1.2344f,-1.4636f,2.4544f,2.6785f,4.0494f,3.6329f,0.9888f,1.0791f,1.1698f,0f,0f,0f,1f],start_interpolation: 0,interpolation_duration: 1}
$data merge entity $(bone_belt) {transformation: [-1f,0f,0f,0.0297f,0f,0.9276f,0.3737f,2.4558f,0f,0.3737f,-0.9276f,0.9545f,0f,0f,0f,1f],start_interpolation: 0,interpolation_duration: 1}
$data merge entity $(bone_torn_part) {transformation: [-1f,0f,0f,-0.0938f,0f,0.8234f,0.5675f,2.1955f,0f,0.5675f,-0.8234f,0.8566f,0f,0f,0f,1f],start_interpolation: 0,interpolation_duration: 1}
$data merge entity $(bone_lowerbody) {transformation: [-1f,0f,0f,0.0039f,0f,0.9559f,0.2937f,1.6875f,0f,0.2937f,-0.9559f,0.8477f,0f,0f,0f,1f],start_interpolation: 0,interpolation_duration: 1}
$data merge entity $(bone_leftfoot) {transformation: [-0.9754f,0.2154f,-0.0474f,-0.0024f,-0.0426f,0.027f,0.9987f,0.7054f,0.2164f,0.9761f,-0.0172f,-0.8031f,0f,0f,0f,1f],start_interpolation: 0,interpolation_duration: 1}
$data merge entity $(bone_leftlowerleg) {transformation: [-0.9754f,0.2082f,-0.0729f,0.2398f,-0.0426f,0.1465f,0.9883f,0.7161f,0.2164f,0.9671f,-0.134f,0.2903f,0f,0f,0f,1f],start_interpolation: 0,interpolation_duration: 1}
$data merge entity $(bone_leftleg) {transformation: [-0.9754f,0.033f,-0.2181f,0.25f,-0.0426f,0.942f,0.3328f,1.707f,0.2164f,0.3339f,-0.9174f,0.6758f,0f,0f,0f,1f],start_interpolation: 0,interpolation_duration: 1}
$data merge entity $(bone_rightfoot) {transformation: [-0.9905f,0.0402f,0.1315f,-0.3895f,0.0432f,0.9989f,0.0202f,0.106f,-0.1305f,0.0257f,-0.9911f,0.9643f,0f,0f,0f,1f],start_interpolation: 0,interpolation_duration: 1}
$data merge entity $(bone_rightlowerleg) {transformation: [-0.9905f,-0.0083f,0.1373f,-0.4198f,0.0432f,0.9286f,0.3686f,1.0795f,-0.1305f,0.371f,-0.9194f,1.5172f,0f,0f,0f,1f],start_interpolation: 0,interpolation_duration: 1}
$data merge entity $(bone_rightleg) {transformation: [-0.9905f,0.1317f,0.0396f,-0.25f,0.0432f,0.5718f,-0.8193f,1.707f,-0.1305f,-0.8098f,-0.5721f,0.6758f,0f,0f,0f,1f],start_interpolation: 0,interpolation_duration: 1}
data modify entity @s data merge value {"cameras":{},"locators":{"lefthand":{"posx":0.9953639565066509,"posy":1.90705308171408,"posz":1.9150551482307456,"roty":274.2884174661141,"rotx":-6.158764995929529},"sword":{"posx":-1.2649083173252142,"posy":1.9217444902583807,"posz":2.0485548442529313,"roty":276.15977314295435,"rotx":1.6017945293654707},"righthand":{"posx":-1.2528978830747843,"posy":1.98897362853082,"posz":2.100119500076061,"roty":276.15977314295435,"rotx":1.6017945293654614},"chest":{"posx":-0.3750000000000002,"posy":1.9776620794514268,"posz":1.2111182010446973,"roty":0,"rotx":21.943349650265752}}}