# This file was generated by Animated Java via MC-Build. It is not recommended to edit this file directly.
$data merge entity $(bone_nose) {transformation: [-1f,0f,0f,0f,0f,0.8045f,0.594f,3.8154f,0f,0.594f,-0.8045f,1.1305f,0f,0f,0f,1f],start_interpolation: 0,interpolation_duration: 1}
$data merge entity $(bone_glowing_eye) {transformation: [-1f,0f,0f,-0.125f,0f,0.8045f,0.594f,3.8491f,0f,0.594f,-0.8045f,1.1988f,0f,0f,0f,1f],start_interpolation: 0,interpolation_duration: 1}
$data merge entity $(bone_head) {transformation: [-1f,0f,0f,0f,0f,0.8045f,0.594f,3.8273f,0f,0.594f,-0.8045f,0.9065f,0f,0f,0f,1f],start_interpolation: 0,interpolation_duration: 1}
$data merge entity $(bone_leftthumb2) {transformation: [-0.1305f,-0.3391f,-0.9317f,1.4007f,0.8598f,0.4292f,-0.2767f,2.314f,0.4937f,-0.8371f,0.2355f,1.922f,0f,0f,0f,1f],start_interpolation: 0,interpolation_duration: 1}
$data merge entity $(bone_leftthumb) {transformation: [-0.1305f,-0.3391f,-0.9317f,1.2379f,0.8598f,0.4292f,-0.2767f,2.3956f,0.4937f,-0.8371f,0.2355f,1.7368f,0f,0f,0f,1f],start_interpolation: 0,interpolation_duration: 1}
$data merge entity $(bone_leftpointerfinger) {transformation: [-0.1285f,0.0227f,-0.9914f,1.2057f,0.9332f,0.3411f,-0.1132f,2.1329f,0.3356f,-0.9398f,-0.065f,1.9643f,0f,0f,0f,1f],start_interpolation: 0,interpolation_duration: 1}
$data merge entity $(bone_leftmidfinger) {transformation: [-0.1285f,0.0227f,-0.9914f,1.0508f,0.9332f,0.3411f,-0.1132f,2.1152f,0.3356f,-0.9398f,-0.065f,1.9542f,0f,0f,0f,1f],start_interpolation: 0,interpolation_duration: 1}
$data merge entity $(bone_leftringfinger) {transformation: [-0.1261f,0.0338f,-0.9914f,0.8959f,0.9594f,0.2585f,-0.1132f,2.0975f,0.2524f,-0.9654f,-0.065f,1.944f,0f,0f,0f,1f],start_interpolation: 0,interpolation_duration: 1}
$data merge entity $(bone_invisibility) {transformation: [-0.0864f,0.9877f,0.1305f,1.2122f,0.4862f,0.1562f,-0.8598f,2.3521f,-0.8696f,-0.0108f,-0.4937f,1.9641f,0f,0f,0f,1f],start_interpolation: 0,interpolation_duration: 1}
$data merge entity $(bone_swiftness) {transformation: [-0.9914f,0f,0.1305f,1.0195f,-0.1132f,0.4979f,-0.8598f,2.3082f,-0.065f,-0.8672f,-0.4937f,2.0951f,0f,0f,0f,1f],start_interpolation: 0,interpolation_duration: 1}
$data merge entity $(bone_suspicious_stew) {transformation: [-0.419f,0.8986f,0.1305f,1.0263f,0.4035f,0.313f,-0.8598f,2.3075f,-0.8134f,-0.3076f,-0.4937f,1.9926f,0f,0f,0f,1f],start_interpolation: 0,interpolation_duration: 1}
$data merge entity $(bone_log) {transformation: [-0.1305f,0f,-0.9914f,0.9676f,0.8598f,0.4979f,-0.1132f,2.4451f,0.4937f,-0.8672f,-0.065f,1.9274f,0f,0f,0f,1f],start_interpolation: 0,interpolation_duration: 1}
$data merge entity $(bone_planks) {transformation: [-0.1305f,0f,-0.9914f,0.9554f,0.8598f,0.4979f,-0.1132f,2.5257f,0.4937f,-0.8672f,-0.065f,1.9737f,0f,0f,0f,1f],start_interpolation: 0,interpolation_duration: 1}
$data merge entity $(bone_lefthand1) {transformation: [-0.1305f,0f,-0.9914f,1.0312f,0.8598f,0.4979f,-0.1132f,2.3582f,0.4937f,-0.8672f,-0.065f,1.5892f,0f,0f,0f,1f],start_interpolation: 0,interpolation_duration: 1}
$data merge entity $(bone_leftforearm) {transformation: [-1f,0f,0f,0.9687f,0f,0.4979f,-0.8672f,2.7218f,0f,-0.8672f,-0.4979f,0.9872f,0f,0f,0f,1f],start_interpolation: 0,interpolation_duration: 1}
$data merge entity $(bone_leftelbow) {transformation: [-1f,0f,0f,0.9687f,0f,0.5861f,-0.8103f,2.8317f,0f,-0.8103f,-0.5861f,0.8353f,0f,0f,0f,1f],start_interpolation: 0,interpolation_duration: 1}
$data merge entity $(bone_leftarm) {transformation: [-1f,0f,0f,0.75f,0f,0.9999f,0.0153f,3.3312f,0f,0.0153f,-0.9999f,0.8742f,0f,0f,0f,1f],start_interpolation: 0,interpolation_duration: 1}
$data merge entity $(bone_rightthumb2) {transformation: [-0.018f,0.1717f,-0.985f,-1.0801f,0.9801f,0.1977f,0.0166f,2.4492f,0.1976f,-0.9651f,-0.1718f,2.1038f,0f,0f,0f,1f],start_interpolation: 0,interpolation_duration: 1}
$data merge entity $(bone_rightthumb) {transformation: [-0.018f,0.1717f,-0.985f,-1.1222f,0.9801f,0.1977f,0.0166f,2.4991f,0.1976f,-0.9651f,-0.1718f,1.8525f,0f,0f,0f,1f],start_interpolation: 0,interpolation_duration: 1}
$data merge entity $(bone_rightpointerfinger) {transformation: [-0.0255f,0.1708f,-0.985f,-1.2266f,0.9706f,0.2403f,0.0166f,2.5422f,0.2395f,-0.9556f,-0.1718f,2.1827f,0f,0f,0f,1f],start_interpolation: 0,interpolation_duration: 1}
$data merge entity $(bone_rightmidfinger) {transformation: [-0.0255f,0.1708f,-0.985f,-1.3805f,0.9706f,0.2403f,0.0166f,2.5448f,0.2395f,-0.9556f,-0.1718f,2.1559f,0f,0f,0f,1f],start_interpolation: 0,interpolation_duration: 1}
$data merge entity $(bone_rightringfinger) {transformation: [-0.0475f,0.166f,-0.985f,-1.5344f,0.9309f,0.3649f,0.0166f,2.5474f,0.3622f,-0.9161f,-0.1718f,2.129f,0f,0f,0f,1f],start_interpolation: 0,interpolation_duration: 1}
$data merge entity $(bone_hugeasssword) {transformation: [0f,0f,0f,-1.3255f,0f,0f,0f,2.3244f,0f,0f,0f,1.91f,0f,0f,0f,1f],start_interpolation: 0,interpolation_duration: 1}
$data merge entity $(bone_ice) {transformation: [-0.018f,0.1717f,-0.985f,-1.3279f,0.9801f,0.1977f,0.0166f,2.306f,0.1976f,-0.9651f,-0.1718f,1.922f,0f,0f,0f,1f],start_interpolation: 0,interpolation_duration: 1}
$data merge entity $(bone_righthand1) {transformation: [-0.018f,0.1717f,-0.985f,-1.3203f,0.9801f,0.1977f,0.0166f,2.601f,0.1976f,-0.9651f,-0.1718f,1.7248f,0f,0f,0f,1f],start_interpolation: 0,interpolation_duration: 1}
$data merge entity $(bone_rightforearm) {transformation: [-0.9537f,0.1659f,-0.2509f,-1.1401f,0.2957f,0.365f,-0.8828f,2.8529f,-0.0548f,-0.9161f,-0.3971f,1.0902f,0f,0f,0f,1f],start_interpolation: 0,interpolation_duration: 1}
$data merge entity $(bone_rightelbow) {transformation: [-0.9537f,0.1659f,-0.2509f,-1.109f,0.2957f,0.365f,-0.8828f,2.9213f,-0.0548f,-0.9161f,-0.3971f,0.9185f,0f,0f,0f,1f],start_interpolation: 0,interpolation_duration: 1}
$data merge entity $(bone_rightarm) {transformation: [-0.9537f,0.3008f,0f,-0.75f,0.2957f,0.9377f,-0.1824f,3.3312f,-0.0548f,-0.1739f,-0.9832f,0.8742f,0f,0f,0f,1f],start_interpolation: 0,interpolation_duration: 1}
$data merge entity $(bone_chest1) {transformation: [-1.0833f,0f,0f,-0.0023f,0f,1.0753f,0.1319f,3.1855f,0f,0.1319f,-1.0753f,0.7455f,0f,0f,0f,1f],start_interpolation: 0,interpolation_duration: 1}
$data merge entity $(bone_chest1lid) {transformation: [-1f,0f,0f,-0.3438f,0f,0.9926f,0.1218f,2.4595f,0f,0.1218f,-0.9926f,1.0506f,0f,0f,0f,1f],start_interpolation: 0,interpolation_duration: 1}
$data merge entity $(bone_chest2) {transformation: [-1f,0f,0f,-0.3438f,0f,0.9926f,0.1218f,2.3044f,0f,0.1218f,-0.9926f,1.0316f,0f,0f,0f,1f],start_interpolation: 0,interpolation_duration: 1}
$data merge entity $(bone_chest1lid3) {transformation: [-1f,0f,0f,-0.2813f,0f,0.9926f,0.1218f,2.5375f,0f,0.1218f,-0.9926f,0.4148f,0f,0f,0f,1f],start_interpolation: 0,interpolation_duration: 1}
$data merge entity $(bone_chest3) {transformation: [-1f,0f,0f,-0.2813f,0f,0.9926f,0.1218f,2.3824f,0f,0.1218f,-0.9926f,0.3957f,0f,0f,0f,1f],start_interpolation: 0,interpolation_duration: 1}
$data merge entity $(bone_hugeasssword2) {transformation: [0f,2.8877f,-2.6461f,-1.2344f,-0.477f,2.6264f,2.8662f,4.3694f,3.8875f,0.3223f,0.3517f,0.6238f,0f,0f,0f,1f],start_interpolation: 0,interpolation_duration: 1}
$data merge entity $(bone_belt) {transformation: [-1f,0f,0f,0.0297f,0f,0.9926f,0.1218f,2.7742f,0f,0.1218f,-0.9926f,0.8269f,0f,0f,0f,1f],start_interpolation: 0,interpolation_duration: 1}
$data merge entity $(bone_torn_part) {transformation: [-1f,0f,0f,-0.0938f,0f,0.91f,0.4146f,2.4918f,0f,0.4146f,-0.91f,0.787f,0f,0f,0f,1f],start_interpolation: 0,interpolation_duration: 1}
$data merge entity $(bone_lowerbody) {transformation: [-1f,0f,0f,0.0039f,0f,0.9926f,0.1218f,1.99f,0f,0.1218f,-0.9926f,0.8671f,0f,0f,0f,1f],start_interpolation: 0,interpolation_duration: 1}
$data merge entity $(bone_leftfoot) {transformation: [-0.9754f,-0.0416f,-0.2166f,0.1617f,-0.0426f,0.9991f,-0.0002f,0.1333f,0.2164f,0.009f,-0.9763f,-0.2163f,0f,0f,0f,1f],start_interpolation: 0,interpolation_duration: 1}
$data merge entity $(bone_leftlowerleg) {transformation: [-0.9754f,0.0883f,-0.2021f,0.2907f,-0.0426f,0.8238f,0.5653f,0.9603f,0.2164f,0.56f,-0.7997f,0.5278f,0f,0f,0f,1f],start_interpolation: 0,interpolation_duration: 1}
$data merge entity $(bone_leftleg) {transformation: [-0.9754f,-0.015f,-0.2201f,0.25f,-0.0426f,0.9917f,0.121f,2.0096f,0.2164f,0.1274f,-0.9679f,0.6952f,0f,0f,0f,1f],start_interpolation: 0,interpolation_duration: 1}
$data merge entity $(bone_rightfoot) {transformation: [-0.9905f,0.0379f,0.1322f,-0.3852f,0.0432f,0.9983f,0.0379f,0.1712f,-0.1305f,0.0432f,-0.9905f,0.8724f,0f,0f,0f,1f],start_interpolation: 0,interpolation_duration: 1}
$data merge entity $(bone_rightlowerleg) {transformation: [-0.9905f,0.0024f,0.1375f,-0.4036f,0.0432f,0.9545f,0.295f,1.1848f,-0.1305f,0.2981f,-0.9456f,1.3485f,0f,0f,0f,1f],start_interpolation: 0,interpolation_duration: 1}
$data merge entity $(bone_rightleg) {transformation: [-0.9905f,0.1172f,0.0719f,-0.25f,0.0432f,0.7617f,-0.6465f,2.0096f,-0.1305f,-0.6373f,-0.7595f,0.6952f,0f,0f,0f,1f],start_interpolation: 0,interpolation_duration: 1}
data modify entity @s data merge value {"cameras":{},"locators":{"lefthand":{"posx":0.9953639565066509,"posy":2.3273432253342636,"posz":1.9498773231414948,"roty":273.7507164879295,"rotx":-6.499425803784065},"sword":{"posx":-1.325463402359733,"posy":2.324388426972802,"posz":1.910019934215722,"roty":279.8963714801348,"rotx":0.9498884400391508},"righthand":{"posx":-1.3168798021434531,"posy":2.3945215934747988,"posz":1.9582960365607407,"roty":279.8963714801348,"rotx":0.9498884400391603},"chest":{"posx":-0.37500000000000017,"posy":2.378390640760236,"posz":1.1980890091882606,"roty":0,"rotx":6.995884773662552}}}