# This file was generated by Animated Java via MC-Build. It is not recommended to edit this file directly.
$data merge entity $(bone_nose) {transformation: [-1f,0f,0f,0f,0f,0.9086f,0.4176f,3.9939f,0f,0.4176f,-0.9086f,0.9076f,0f,0f,0f,1f],start_interpolation: 0,interpolation_duration: 1}
$data merge entity $(bone_glowing_eye) {transformation: [-1f,0f,0f,-0.125f,0f,0.9086f,0.4176f,4.0409f,0f,0.4176f,-0.9086f,0.9675f,0f,0f,0f,1f],start_interpolation: 0,interpolation_duration: 1}
$data merge entity $(bone_head) {transformation: [-1f,0f,0f,0f,0f,0.9086f,0.4176f,3.9599f,0f,0.4176f,-0.9086f,0.6858f,0f,0f,0f,1f],start_interpolation: 0,interpolation_duration: 1}
$data merge entity $(bone_leftthumb2) {transformation: [-0.1305f,-0.3391f,-0.9317f,1.4007f,0.8614f,0.4265f,-0.2759f,2.4728f,0.4909f,-0.8385f,0.2364f,1.8353f,0f,0f,0f,1f],start_interpolation: 0,interpolation_duration: 1}
$data merge entity $(bone_leftthumb) {transformation: [-0.1305f,-0.3391f,-0.9317f,1.2379f,0.8614f,0.4265f,-0.2759f,2.5538f,0.4909f,-0.8385f,0.2364f,1.6498f,0f,0f,0f,1f],start_interpolation: 0,interpolation_duration: 1}
$data merge entity $(bone_leftpointerfinger) {transformation: [-0.1285f,0.0227f,-0.9914f,1.2057f,0.9343f,0.3381f,-0.1134f,2.2918f,0.3326f,-0.9408f,-0.0646f,1.8782f,0f,0f,0f,1f],start_interpolation: 0,interpolation_duration: 1}
$data merge entity $(bone_leftmidfinger) {transformation: [-0.1285f,0.0227f,-0.9914f,1.0508f,0.9343f,0.3381f,-0.1134f,2.2741f,0.3326f,-0.9408f,-0.0646f,1.8681f,0f,0f,0f,1f],start_interpolation: 0,interpolation_duration: 1}
$data merge entity $(bone_leftringfinger) {transformation: [-0.1261f,0.0338f,-0.9914f,0.8959f,0.9602f,0.2554f,-0.1134f,2.2564f,0.2493f,-0.9663f,-0.0646f,1.858f,0f,0f,0f,1f],start_interpolation: 0,interpolation_duration: 1}
$data merge entity $(bone_invisibility) {transformation: [-0.0864f,0.9877f,0.1305f,1.2122f,0.4834f,0.1561f,-0.8614f,2.511f,-0.8711f,-0.0113f,-0.4909f,1.8772f,0f,0f,0f,1f],start_interpolation: 0,interpolation_duration: 1}
$data merge entity $(bone_swiftness) {transformation: [-0.9914f,0f,0.1305f,1.0195f,-0.1134f,0.4952f,-0.8614f,2.4676f,-0.0646f,-0.8688f,-0.4909f,2.0083f,0f,0f,0f,1f],start_interpolation: 0,interpolation_duration: 1}
$data merge entity $(bone_suspicious_stew) {transformation: [-0.419f,0.8986f,0.1305f,1.0263f,0.4009f,0.312f,-0.8614f,2.4665f,-0.8147f,-0.3086f,-0.4909f,1.9058f,0f,0f,0f,1f],start_interpolation: 0,interpolation_duration: 1}
$data merge entity $(bone_log) {transformation: [-0.1305f,0f,-0.9914f,0.9676f,0.8614f,0.4952f,-0.1134f,2.6039f,0.4909f,-0.8688f,-0.0646f,1.8402f,0f,0f,0f,1f],start_interpolation: 0,interpolation_duration: 1}
$data merge entity $(bone_planks) {transformation: [-0.1305f,0f,-0.9914f,0.9554f,0.8614f,0.4952f,-0.1134f,2.6846f,0.4909f,-0.8688f,-0.0646f,1.8863f,0f,0f,0f,1f],start_interpolation: 0,interpolation_duration: 1}
$data merge entity $(bone_lefthand1) {transformation: [-0.1305f,0f,-0.9914f,1.0312f,0.8614f,0.4952f,-0.1134f,2.5159f,0.4909f,-0.8688f,-0.0646f,1.5023f,0f,0f,0f,1f],start_interpolation: 0,interpolation_duration: 1}
$data merge entity $(bone_leftforearm) {transformation: [-1f,0f,0f,0.9687f,0f,0.4952f,-0.8688f,2.8776f,0f,-0.8688f,-0.4952f,0.8992f,0f,0f,0f,1f],start_interpolation: 0,interpolation_duration: 1}
$data merge entity $(bone_leftelbow) {transformation: [-1f,0f,0f,0.9687f,0f,0.4568f,-0.8896f,2.9633f,0f,-0.8896f,-0.4568f,0.7324f,0f,0f,0f,1f],start_interpolation: 0,interpolation_duration: 1}
$data merge entity $(bone_leftarm) {transformation: [-1f,0f,0f,0.75f,0f,0.9907f,-0.136f,3.4629f,0f,-0.136f,-0.9907f,0.6953f,0f,0f,0f,1f],start_interpolation: 0,interpolation_duration: 1}
$data merge entity $(bone_rightthumb2) {transformation: [-0.0295f,0.1967f,-0.98f,-1.1094f,0.9791f,0.2033f,0.0113f,2.5807f,0.2015f,-0.9592f,-0.1985f,1.9574f,0f,0f,0f,1f],start_interpolation: 0,interpolation_duration: 1}
$data merge entity $(bone_rightthumb) {transformation: [-0.0295f,0.1967f,-0.98f,-1.1449f,0.9791f,0.2033f,0.0113f,2.6316f,0.2015f,-0.9592f,-0.1985f,1.7052f,0f,0f,0f,1f],start_interpolation: 0,interpolation_duration: 1}
$data merge entity $(bone_rightpointerfinger) {transformation: [-0.0381f,0.1952f,-0.98f,-1.2586f,0.9693f,0.2458f,0.0113f,2.6725f,0.2431f,-0.9495f,-0.1985f,2.0327f,0f,0f,0f,1f],start_interpolation: 0,interpolation_duration: 1}
$data merge entity $(bone_rightmidfinger) {transformation: [-0.0381f,0.1952f,-0.98f,-1.4117f,0.9693f,0.2458f,0.0113f,2.6742f,0.2431f,-0.9495f,-0.1985f,2.0016f,0f,0f,0f,1f],start_interpolation: 0,interpolation_duration: 1}
$data merge entity $(bone_rightringfinger) {transformation: [-0.0632f,0.1885f,-0.98f,-1.5649f,0.9289f,0.3702f,0.0113f,2.676f,0.365f,-0.9096f,-0.1985f,1.9706f,0f,0f,0f,1f],start_interpolation: 0,interpolation_duration: 1}
$data merge entity $(bone_hugeasssword) {transformation: [0f,0f,0f,-1.3486f,0f,0f,0f,2.4553f,0f,0f,0f,1.7564f,0f,0f,0f,1f],start_interpolation: 0,interpolation_duration: 1}
$data merge entity $(bone_ice) {transformation: [-0.0295f,0.1967f,-0.98f,-1.3512f,0.9791f,0.2033f,0.0113f,2.4368f,0.2015f,-0.9592f,-0.1985f,1.7682f,0f,0f,0f,1f],start_interpolation: 0,interpolation_duration: 1}
$data merge entity $(bone_righthand1) {transformation: [-0.0295f,0.1967f,-0.98f,-1.3401f,0.9791f,0.2033f,0.0113f,2.7327f,0.2015f,-0.9592f,-0.1985f,1.5726f,0f,0f,0f,1f],start_interpolation: 0,interpolation_duration: 1}
$data merge entity $(bone_rightforearm) {transformation: [-0.9537f,0.1884f,-0.2344f,-1.1443f,0.2901f,0.3703f,-0.8825f,2.9887f,-0.0795f,-0.9096f,-0.4078f,0.9444f,0f,0f,0f,1f],start_interpolation: 0,interpolation_duration: 1}
$data merge entity $(bone_rightelbow) {transformation: [-0.9537f,0.1884f,-0.2344f,-1.109f,0.2901f,0.3703f,-0.8825f,3.0582f,-0.0795f,-0.9096f,-0.4078f,0.7738f,0f,0f,0f,1f],start_interpolation: 0,interpolation_duration: 1}
$data merge entity $(bone_rightarm) {transformation: [-0.9537f,0.3008f,0f,-0.75f,0.2901f,0.9198f,-0.2643f,3.4629f,-0.0795f,-0.252f,-0.9645f,0.6953f,0f,0f,0f,1f],start_interpolation: 0,interpolation_duration: 1}
$data merge entity $(bone_chest1) {transformation: [-1.0833f,0f,0f,-0.0023f,0f,1.0825f,0.0412f,3.3069f,0f,0.0412f,-1.0825f,0.5792f,0f,0f,0f,1f],start_interpolation: 0,interpolation_duration: 1}
$data merge entity $(bone_chest1lid) {transformation: [-1f,0f,0f,-0.3438f,0f,0.9993f,0.0381f,2.609f,0f,0.0381f,-0.9993f,0.9443f,0f,0f,0f,1f],start_interpolation: 0,interpolation_duration: 1}
$data merge entity $(bone_chest2) {transformation: [-1f,0f,0f,-0.3438f,0f,0.9993f,0.0381f,2.4529f,0f,0.0381f,-0.9993f,0.9383f,0f,0f,0f,1f],start_interpolation: 0,interpolation_duration: 1}
$data merge entity $(bone_chest1lid3) {transformation: [-1f,0f,0f,-0.2813f,0f,0.9993f,0.0381f,2.6334f,0f,0.0381f,-0.9993f,0.3041f,0f,0f,0f,1f],start_interpolation: 0,interpolation_duration: 1}
$data merge entity $(bone_chest3) {transformation: [-1f,0f,0f,-0.2813f,0f,0.9993f,0.0381f,2.4773f,0f,0.0381f,-0.9993f,0.2982f,0f,0f,0f,1f],start_interpolation: 0,interpolation_duration: 1}
$data merge entity $(bone_hugeasssword2) {transformation: [0f,2.8877f,-2.6461f,-1.2344f,-0.1491f,2.6441f,2.8856f,4.4764f,3.9138f,0.1007f,0.1099f,0.3587f,0f,0f,0f,1f],start_interpolation: 0,interpolation_duration: 1}
$data merge entity $(bone_belt) {transformation: [-1f,0f,0f,0.0297f,0f,0.9993f,0.0381f,2.9038f,0f,0.0381f,-0.9993f,0.6949f,0f,0f,0f,1f],start_interpolation: 0,interpolation_duration: 1}
$data merge entity $(bone_torn_part) {transformation: [-1f,0f,0f,-0.0938f,0f,0.9416f,0.3368f,2.6191f,0f,0.3368f,-0.9416f,0.6788f,0f,0f,0f,1f],start_interpolation: 0,interpolation_duration: 1}
$data merge entity $(bone_lowerbody) {transformation: [-1f,0f,0f,0.0039f,0f,0.9993f,0.0381f,2.1259f,0f,0.0381f,-0.9993f,0.8008f,0f,0f,0f,1f],start_interpolation: 0,interpolation_duration: 1}
$data merge entity $(bone_leftfoot) {transformation: [-0.9738f,-0.0717f,-0.2158f,0.2137f,-0.0439f,0.9904f,-0.1314f,0.1619f,0.2231f,-0.1184f,-0.9676f,-0.0596f,0f,0f,0f,1f],start_interpolation: 0,interpolation_duration: 1}
$data merge entity $(bone_leftlowerleg) {transformation: [-0.9738f,0.0611f,-0.219f,0.3151f,-0.0439f,0.8946f,0.4447f,1.086f,0.2231f,0.4426f,-0.8685f,0.5649f,0f,0f,0f,1f],start_interpolation: 0,interpolation_duration: 1}
$data merge entity $(bone_leftleg) {transformation: [-0.9738f,-0.0382f,-0.2242f,0.25f,-0.0439f,0.9988f,0.0205f,2.1454f,0.2231f,0.0298f,-0.9743f,0.6289f,0f,0f,0f,1f],start_interpolation: 0,interpolation_duration: 1}
$data merge entity $(bone_rightfoot) {transformation: [-0.9905f,0.0263f,0.135f,-0.3683f,0.0432f,0.9913f,0.1241f,0.2518f,-0.1305f,0.1287f,-0.9831f,0.6598f,0f,0f,0f,1f],start_interpolation: 0,interpolation_duration: 1}
$data merge entity $(bone_rightlowerleg) {transformation: [-0.9905f,-0.0032f,0.1375f,-0.393f,0.0432f,0.9417f,0.3338f,1.2452f,-0.1305f,0.3366f,-0.9326f,1.1764f,0f,0f,0f,1f],start_interpolation: 0,interpolation_duration: 1}
$data merge entity $(bone_rightleg) {transformation: [-0.9905f,0.1076f,0.0857f,-0.25f,0.0432f,0.8351f,-0.5484f,2.1454f,-0.1305f,-0.5395f,-0.8318f,0.6289f,0f,0f,0f,1f],start_interpolation: 0,interpolation_duration: 1}
data modify entity @s data merge value {"cameras":{},"locators":{"lefthand":{"posx":0.9953639565066509,"posy":2.4862089975282844,"posz":1.8631010176594898,"roty":273.72986760403757,"rotx":-6.511378334001585},"sword":{"posx":-1.3485995661457104,"posy":2.4552794747304736,"posz":1.7564136950110192,"roty":281.4521786881895,"rotx":0.6470353923042703},"righthand":{"posx":-1.3417754041656555,"posy":2.5252378802569715,"posz":1.8052212108600822,"roty":281.4521786881895,"rotx":0.6470353923042735},"chest":{"posx":-0.37500000000000017,"posy":2.5406235661926617,"posz":1.098031734609299,"roty":0,"rotx":2.1810699588477367}}}