# This file was generated by Animated Java via MC-Build. It is not recommended to edit this file directly.
$data merge entity $(bone_nose) {transformation: [-1f,0f,0f,0f,0f,0.9998f,0.0183f,4.2227f,0f,0.0183f,-0.9998f,0.2156f,0f,0f,0f,1f],start_interpolation: 0,interpolation_duration: 1}
$data merge entity $(bone_glowing_eye) {transformation: [-1f,0f,0f,-0.125f,0f,0.9998f,0.0183f,4.2897f,0f,0.0183f,-0.9998f,0.2517f,0f,0f,0f,1f],start_interpolation: 0,interpolation_duration: 1}
$data merge entity $(bone_head) {transformation: [-1f,0f,0f,0f,0f,0.9998f,0.0183f,4.1027f,0f,0.0183f,-0.9998f,0.0261f,0f,0f,0f,1f],start_interpolation: 0,interpolation_duration: 1}
$data merge entity $(bone_leftthumb2) {transformation: [-0.2702f,-0.3293f,-0.9047f,1.3788f,0.837f,0.3841f,-0.3898f,2.6621f,0.4758f,-0.8626f,0.1718f,1.2352f,0f,0f,0f,1f],start_interpolation: 0,interpolation_duration: 1}
$data merge entity $(bone_leftthumb) {transformation: [-0.2702f,-0.3293f,-0.9047f,1.2208f,0.837f,0.3841f,-0.3898f,2.723f,0.4758f,-0.8626f,0.1718f,1.0383f,0f,0f,0f,1f],start_interpolation: 0,interpolation_duration: 1}
$data merge entity $(bone_leftpointerfinger) {transformation: [-0.2664f,0.0451f,-0.9628f,1.2052f,0.9077f,0.3477f,-0.2349f,2.4582f,0.3241f,-0.9365f,-0.1336f,1.2653f,0f,0f,0f,1f],start_interpolation: 0,interpolation_duration: 1}
$data merge entity $(bone_leftmidfinger) {transformation: [-0.2664f,0.0451f,-0.9628f,1.0547f,0.9077f,0.3477f,-0.2349f,2.4215f,0.3241f,-0.9365f,-0.1336f,1.2444f,0f,0f,0f,1f],start_interpolation: 0,interpolation_duration: 1}
$data merge entity $(bone_leftringfinger) {transformation: [-0.2617f,0.0672f,-0.9628f,0.9043f,0.9336f,0.2705f,-0.2349f,2.3848f,0.2446f,-0.9604f,-0.1336f,1.2235f,0f,0f,0f,1f],start_interpolation: 0,interpolation_duration: 1}
$data merge entity $(bone_invisibility) {transformation: [-0.0839f,0.9591f,0.2702f,1.1846f,0.4719f,0.2771f,-0.837f,2.6766f,-0.8777f,0.0573f,-0.4758f,1.2636f,0f,0f,0f,1f],start_interpolation: 0,interpolation_duration: 1}
$data merge entity $(bone_swiftness) {transformation: [-0.9628f,0f,0.2702f,0.99f,-0.2349f,0.4942f,-0.837f,2.6092f,-0.1336f,-0.8693f,-0.4758f,1.381f,0f,0f,0f,1f],start_interpolation: 0,interpolation_duration: 1}
$data merge entity $(bone_suspicious_stew) {transformation: [-0.4069f,0.8726f,0.2702f,1.0041f,0.3486f,0.4218f,-0.837f,2.6094f,-0.8443f,-0.2464f,-0.4758f,1.2793f,0f,0f,0f,1f],start_interpolation: 0,interpolation_duration: 1}
$data merge entity $(bone_log) {transformation: [-0.2702f,0f,-0.9628f,0.9336f,0.837f,0.4942f,-0.2349f,2.7386f,0.4758f,-0.8693f,-0.1336f,1.209f,0f,0f,0f,1f],start_interpolation: 0,interpolation_duration: 1}
$data merge entity $(bone_planks) {transformation: [-0.2702f,0f,-0.9628f,0.9083f,0.837f,0.4942f,-0.2349f,2.8171f,0.4758f,-0.8693f,-0.1336f,1.2536f,0f,0f,0f,1f],start_interpolation: 0,interpolation_duration: 1}
$data merge entity $(bone_lefthand1) {transformation: [-0.2702f,0f,-0.9628f,1.0313f,0.837f,0.4942f,-0.2349f,2.6603f,0.4758f,-0.8693f,-0.1336f,0.8768f,0f,0f,0f,1f],start_interpolation: 0,interpolation_duration: 1}
$data merge entity $(bone_leftforearm) {transformation: [-1f,0f,0f,0.9688f,0f,0.4942f,-0.8693f,3.0213f,0f,-0.8693f,-0.4942f,0.2733f,0f,0f,0f,1f],start_interpolation: 0,interpolation_duration: 1}
$data merge entity $(bone_leftelbow) {transformation: [-1f,0f,0f,0.9688f,0f,0.463f,-0.8864f,3.1081f,0f,-0.8864f,-0.463f,0.1071f,0f,0f,0f,1f],start_interpolation: 0,interpolation_duration: 1}
$data merge entity $(bone_leftarm) {transformation: [-1f,0f,0f,0.75f,0f,0.986f,-0.1668f,3.6064f,0f,-0.1668f,-0.986f,0.0545f,0f,0f,0f,1f],start_interpolation: 0,interpolation_duration: 1}
$data merge entity $(bone_rightthumb2) {transformation: [-0.0939f,0.1961f,-0.9761f,-1.1158f,0.9932f,0.0868f,-0.0781f,2.8784f,0.0694f,-0.9767f,-0.203f,1.3842f,0f,0f,0f,1f],start_interpolation: 0,interpolation_duration: 1}
$data merge entity $(bone_rightthumb) {transformation: [-0.0939f,0.1961f,-0.9761f,-1.1511f,0.9932f,0.0868f,-0.0781f,2.893f,0.0694f,-0.9767f,-0.203f,1.1273f,0f,0f,0f,1f],start_interpolation: 0,interpolation_duration: 1}
$data merge entity $(bone_rightpointerfinger) {transformation: [-0.1024f,0.1919f,-0.9761f,-1.2715f,0.9884f,0.13f,-0.0781f,2.9695f,0.1119f,-0.9728f,-0.203f,1.4459f,0f,0f,0f,1f],start_interpolation: 0,interpolation_duration: 1}
$data merge entity $(bone_rightmidfinger) {transformation: [-0.1024f,0.1919f,-0.9761f,-1.424f,0.9884f,0.13f,-0.0781f,2.9573f,0.1119f,-0.9728f,-0.203f,1.4142f,0f,0f,0f,1f],start_interpolation: 0,interpolation_duration: 1}
$data merge entity $(bone_rightringfinger) {transformation: [-0.1266f,0.1769f,-0.9761f,-1.5765f,0.963f,0.2579f,-0.0781f,2.9451f,0.2379f,-0.9498f,-0.203f,1.3825f,0f,0f,0f,1f],start_interpolation: 0,interpolation_duration: 1}
$data merge entity $(bone_hugeasssword) {transformation: [0f,0f,0f,-1.344f,0f,0f,0f,2.7123f,0f,0f,0f,1.2005f,0f,0f,0f,1f],start_interpolation: 0,interpolation_duration: 1}
$data merge entity $(bone_ice) {transformation: [-0.0939f,0.1961f,-0.9761f,-1.3456f,0.9932f,0.0868f,-0.0781f,2.6954f,0.0694f,-0.9767f,-0.203f,1.2147f,0f,0f,0f,1f],start_interpolation: 0,interpolation_duration: 1}
$data merge entity $(bone_righthand1) {transformation: [-0.0939f,0.1961f,-0.9761f,-1.3505f,0.9932f,0.0868f,-0.0781f,2.963f,0.0694f,-0.9767f,-0.203f,0.9815f,0f,0f,0f,1f],start_interpolation: 0,interpolation_duration: 1}
$data merge entity $(bone_rightforearm) {transformation: [-0.9468f,0.1899f,-0.2598f,-1.1538f,0.3069f,0.2892f,-0.9067f,3.1613f,-0.097f,-0.9382f,-0.3321f,0.3331f,0f,0f,0f,1f],start_interpolation: 0,interpolation_duration: 1}
$data merge entity $(bone_rightelbow) {transformation: [-0.9468f,0.1899f,-0.2598f,-1.1182f,0.3069f,0.2892f,-0.9067f,3.2156f,-0.097f,-0.9382f,-0.3321f,0.1571f,0f,0f,0f,1f],start_interpolation: 0,interpolation_duration: 1}
$data merge entity $(bone_rightarm) {transformation: [-0.9468f,0.3217f,-0.0073f,-0.75f,0.3069f,0.8957f,-0.3217f,3.6064f,-0.097f,-0.3069f,-0.9468f,0.0545f,0f,0f,0f,1f],start_interpolation: 0,interpolation_duration: 1}
$data merge entity $(bone_chest1) {transformation: [-1.0833f,0f,0f,-0.0023f,0f,1.0833f,0f,3.4461f,0f,0f,-1.0833f,-0.0555f,0f,0f,0f,1f],start_interpolation: 0,interpolation_duration: 1}
$data merge entity $(bone_chest1lid) {transformation: [-1f,0f,0f,-0.3438f,0f,1f,0f,2.7626f,0f,0f,-1f,0.3358f,0f,0f,0f,1f],start_interpolation: 0,interpolation_duration: 1}
$data merge entity $(bone_chest2) {transformation: [-1f,0f,0f,-0.3438f,0f,1f,0f,2.6064f,0f,0f,-1f,0.3358f,0f,0f,0f,1f],start_interpolation: 0,interpolation_duration: 1}
$data merge entity $(bone_chest1lid3) {transformation: [-1f,0f,0f,-0.2812f,0f,1f,0f,2.7626f,0f,0f,-1f,-0.3048f,0f,0f,0f,1f],start_interpolation: 0,interpolation_duration: 1}
$data merge entity $(bone_chest3) {transformation: [-1f,0f,0f,-0.2812f,0f,1f,0f,2.6064f,0f,0f,-1f,-0.3048f,0f,0f,0f,1f],start_interpolation: 0,interpolation_duration: 1}
$data merge entity $(bone_hugeasssword2) {transformation: [0f,2.8877f,-2.6461f,-1.2344f,0f,2.6461f,2.8877f,4.6064f,3.9167f,0f,0f,-0.3205f,0f,0f,0f,1f],start_interpolation: 0,interpolation_duration: 1}
$data merge entity $(bone_belt) {transformation: [-1f,0f,0f,0.0297f,0f,1f,0f,3.0477f,0f,0f,-1f,0.0754f,0f,0f,0f,1f],start_interpolation: 0,interpolation_duration: 1}
$data merge entity $(bone_torn_part) {transformation: [-1f,0f,0f,-0.0938f,0f,0.9537f,0.3007f,2.7626f,0f,0.3007f,-0.9537f,0.0702f,0f,0f,0f,1f],start_interpolation: 0,interpolation_duration: 1}
$data merge entity $(bone_lowerbody) {transformation: [-1f,0f,0f,0.0039f,0f,1f,0f,2.2743f,0f,0f,-1f,0.2108f,0f,0f,0f,1f],start_interpolation: 0,interpolation_duration: 1}
$data merge entity $(bone_leftfoot) {transformation: [-0.9832f,-0.0221f,-0.1813f,0.3183f,-0.0354f,0.9969f,0.0707f,0.1831f,0.1792f,0.076f,-0.9809f,-0.178f,0f,0f,0f,1f],start_interpolation: 0,interpolation_duration: 1}
$data merge entity $(bone_leftlowerleg) {transformation: [-0.9832f,-0.0011f,-0.1827f,0.3452f,-0.0354f,0.9821f,0.1851f,1.2442f,0.1792f,0.1884f,-0.9656f,0.1794f,0f,0f,0f,1f],start_interpolation: 0,interpolation_duration: 1}
$data merge entity $(bone_leftleg) {transformation: [-0.9832f,-0.0649f,-0.1707f,0.25f,-0.0354f,0.9848f,-0.1702f,2.2939f,0.1792f,-0.1613f,-0.9705f,0.0389f,0f,0f,0f,1f],start_interpolation: 0,interpolation_duration: 1}
$data merge entity $(bone_rightfoot) {transformation: [-0.9935f,0.0285f,0.11f,-0.3238f,0.0358f,0.9972f,0.0652f,0.1646f,-0.1079f,0.0687f,-0.9918f,-0.2776f,0f,0f,0f,1f],start_interpolation: 0,interpolation_duration: 1}
$data merge entity $(bone_rightlowerleg) {transformation: [-0.9935f,0.0174f,0.1123f,-0.3218f,0.0358f,0.9859f,0.1637f,1.2332f,-0.1079f,0.1667f,-0.9801f,0.0579f,0f,0f,0f,1f],start_interpolation: 0,interpolation_duration: 1}
$data merge entity $(bone_rightleg) {transformation: [-0.9935f,0.0409f,0.1061f,-0.25f,0.0358f,0.9981f,-0.0495f,2.2939f,-0.1079f,-0.0454f,-0.9931f,0.0389f,0f,0f,0f,1f],start_interpolation: 0,interpolation_duration: 1}
data modify entity @s data merge value {"cameras":{},"locators":{"lefthand":{"posx":0.9739831616358748,"posy":2.6251927261276293,"posz":1.2343592073679532,"roty":277.8973080418966,"rotx":-13.5868386353074},"sword":{"posx":-1.3439560562924215,"posy":2.7123089855919007,"posz":1.200524972379821,"roty":281.74612661798994,"rotx":-4.481668881974991},"righthand":{"posx":-1.3422091926464186,"posy":2.788404649163213,"posz":1.2396314903396242,"roty":281.74612661798994,"rotx":-4.481668881974991},"chest":{"posx":-0.37500000000000006,"posy":2.700102880658436,"posz":0.49202674897119336,"roty":0,"rotx":0}}}