# This file was generated by Animated Java via MC-Build. It is not recommended to edit this file directly.
$data merge entity $(mas) {transformation: [-0.2071f,0.9592f,0.1922f,0.6372f,0.698f,0.0072f,0.7161f,1.3137f,0.6855f,0.2825f,-0.671f,0.6934f,0f,0f,0f,1f],start_interpolation: 0,interpolation_duration: 1}
$data merge entity $(head) {transformation: [-0.4852f,0.8041f,0.3434f,0.6736f,-0.2342f,-0.4979f,0.835f,1.5727f,0.8425f,0.3247f,0.4299f,0.4229f,0f,0f,0f,1f],start_interpolation: 0,interpolation_duration: 1}
$data merge entity $(item_display) {transformation: [0f,0f,0f,0.334f,0f,0f,0f,1.817f,0f,0f,0f,0.1469f,0f,0f,0f,1f],start_interpolation: 0,interpolation_duration: 1}
$data merge entity $(right_arm) {transformation: [-0.4852f,0.8041f,0.3434f,0.2205f,-0.2342f,-0.4979f,0.835f,1.6862f,0.8425f,0.3247f,0.4299f,0.5644f,0f,0f,0f,1f],start_interpolation: 0,interpolation_duration: 1}
$data merge entity $(left_arm) {transformation: [-0.4852f,0.8041f,0.3434f,0.554f,-0.2342f,-0.4979f,0.835f,1.8472f,0.8425f,0.3247f,0.4299f,-0.0148f,0f,0f,0f,1f],start_interpolation: 0,interpolation_duration: 1}
$data merge entity $(green_right_arm) {transformation: [-0.3551f,0.3903f,0.8494f,0.4414f,0.2259f,-0.8459f,0.4832f,1.7104f,0.9071f,0.3635f,0.2122f,0.6316f,0f,0f,0f,1f],start_interpolation: 0,interpolation_duration: 1}
$data merge entity $(green_left_arm) {transformation: [-0.5023f,0.6959f,0.5132f,0.7144f,-0.6397f,-0.6984f,0.3209f,1.8421f,0.5817f,-0.1671f,0.796f,0.1577f,0f,0f,0f,1f],start_interpolation: 0,interpolation_duration: 1}
$data merge entity $(torso) {transformation: [-0.4852f,0.8041f,0.3434f,-0.0343f,-0.2342f,-0.4979f,0.835f,2.0438f,0.8425f,0.3247f,0.4299f,0.1461f,0f,0f,0f,1f],start_interpolation: 0,interpolation_duration: 1}
$data merge entity $(right_leg) {transformation: [-0.4852f,0.816f,0.3142f,-0.0612f,-0.2342f,-0.4674f,0.8525f,1.8951f,0.8425f,0.3401f,0.4179f,0.2451f,0f,0f,0f,1f],start_interpolation: 0,interpolation_duration: 1}
$data merge entity $(left_leg) {transformation: [-0.4852f,0.816f,0.3142f,-0.1136f,-0.2342f,-0.4674f,0.8525f,2.0852f,0.8425f,0.3401f,0.4179f,-0.1032f,0f,0f,0f,1f],start_interpolation: 0,interpolation_duration: 1}
data modify entity @s data merge value {"cameras":{},"locators":{"locator":{"px":0.32914742174124373,"py":1.6550004069279725,"pz":0.24739198802803442,"ry":141.37926466847455,"rx":56.61850976879855},"hitbox":{"px":-0.691875,"py":2.388125,"pz":-0.13687500000000008,"ry":143.06425833614549,"rx":58.48079999400721}}}