# This file was generated by Animated Java via MC-Build. It is not recommended to edit this file directly.
$data merge entity $(bone_nose) { transformation: [-0.9999858658024777f,0.001794148823367537f,-0.005004920106126724f,0.001189312727038177f,0.0023973260209865415f,0.9923735026431727f,-0.12324400220566634f,0.5744795204681645f,0.004745632014621815f,-0.12325425867579905f,-0.99236377739973f,0.5455320856435153f,0f,0f,0f,1f], start_interpolation: 0, interpolation_duration: 1 }
$data merge entity $(bone_glowing_eye) { transformation: [-0.9999858658024777f,0.002591542940652569f,-0.00464242398493034f,-0.12347145169843383f,0.0023973260209865415f,0.9991413011346162f,0.04136318647028592f,0.6409857760868012f,0.004745632014621815f,0.041351472431018665f,-0.9991333918474392f,0.5837905044765228f,0f,0f,0f,1f], start_interpolation: 0, interpolation_duration: 1 }
$data merge entity $(bone_head) { transformation: [-0.9999858658024777f,0.002591542940652569f,-0.00464242398493034f,-4.2973640519969737e-17f,0.0023973260209865415f,0.9991413011346162f,0.04136318647028592f,0.45885413840312184f,0.004745632014621815f,0.041351472431018665f,-0.9991333918474392f,0.3533334117606922f,0f,0f,0f,1f], start_interpolation: 0, interpolation_duration: 1 }
$data merge entity $(bone_leftthumb2) { transformation: [-0.7452796708617763f,0.41511094716314384f,0.5217672984630985f,0.8092860281239006f,-0.5573673828411942f,0.04159621627221087f,-0.8292233446645083f,-0.2834717227389984f,-0.36592323340411226f,-0.9088193749789634f,0.2003684878366024f,1.2943356789131462f,0f,0f,0f,1f], start_interpolation: 0, interpolation_duration: 1 }
$data merge entity $(bone_leftthumb) { transformation: [-0.7452796708617763f,0.41511094716314384f,0.5217672984630985f,0.9556778034919682f,-0.5573673828411942f,0.04159621627221087f,-0.8292233446645083f,-0.3441339166465279f,-0.36592323340411226f,-0.9088193749789634f,0.2003684878366024f,1.088577533394164f,0f,0f,0f,1f], start_interpolation: 0, interpolation_duration: 1 }
$data merge entity $(bone_leftpointerfinger) { transformation: [-0.8096753827586646f,0.26867203205605544f,0.5217672984630985f,0.9460470384303495f,-0.5553334802716116f,-0.06319311950542245f,-0.8292233446645083f,-0.3220538887278682f,-0.18981701779353222f,-0.9611565787310848f,0.2003684878366024f,1.4389784054443893f,0f,0f,0f,1f], start_interpolation: 0, interpolation_duration: 1 }
$data merge entity $(bone_leftmidfinger) { transformation: [-0.7831780129702182f,0.3382175132286039f,0.5217672984630985f,1.0275731788152087f,-0.558727911986453f,-0.014552148661465564f,-0.8292233446645083f,-0.45162003633169767f,-0.27286502224960907f,-0.9409554445959672f,0.2003684878366024f,1.4702859816688585f,0f,0f,0f,1f], start_interpolation: 0, interpolation_duration: 1 }
$data merge entity $(bone_leftringfinger) { transformation: [-0.8206240606441388f,0.2330987716536592f,0.5217672984630985f,1.1090993192000678f,-0.5520484806916862f,-0.08735627985100969f,-0.8292233446645083f,-0.5811861839355271f,-0.14771129292618798f,-0.968521472670662f,0.2003684878366024f,1.5015935578933275f,0f,0f,0f,1f], start_interpolation: 0, interpolation_duration: 1 }
$data merge entity $(bone_invisibility) { transformation: [0.45900634112275673f,-0.48360251344390426f,0.7452796708617763f,0.81479992355244f,-0.030833646396878578f,0.8296932486133839f,0.5573673828411939f,-0.4097340305009253f,-0.887897778496473f,-0.2788148528972378f,0.3659232334041122f,1.2619247766835633f,0f,0f,0f,1f], start_interpolation: 0, interpolation_duration: 1 }
$data merge entity $(bone_swiftness) { transformation: [0.5217672984630984f,0.41511094716314384f,0.7452796708617764f,0.8176017705136951f,-0.8292233446645084f,0.04159621627221087f,0.557367382841194f,-0.5998756723163683f,0.20036848783660233f,-0.9088193749789634f,0.3659232334041123f,1.40350492234624f,0f,0f,0f,1f], start_interpolation: 0, interpolation_duration: 1 }
$data merge entity $(bone_suspicious_stew) { transformation: [0.5967266726077322f,-0.2974482986985589f,0.7452796708617764f,0.8931729663659986f,-0.31274595379815817f,0.7691108950779719f,0.5573673828411944f,-0.5671632302632805f,-0.7389906945160983f,-0.5656791852929494f,0.3659232334041122f,1.342094776355065f,0f,0f,0f,1f], start_interpolation: 0, interpolation_duration: 1 }
$data merge entity $(bone_log) { transformation: [-0.7452796708617763f,0.41511094716314384f,0.5217672984630985f,0.8996497077335578f,-0.5573673828411942f,0.04159621627221087f,-0.8292233446645083f,-0.6530867396517649f,-0.36592323340411226f,-0.9088193749789634f,0.2003684878366024f,1.2035793242183999f,0f,0f,0f,1f], start_interpolation: 0, interpolation_duration: 1 }
$data merge entity $(bone_planks) { transformation: [-0.7452796708617763f,0.41511094716314384f,0.5217672984630985f,0.8297797385902663f,-0.5573673828411942f,0.04159621627221087f,-0.8292233446645083f,-0.7053399317931268f,-0.36592323340411226f,-0.9088193749789634f,0.2003684878366024f,1.1692740210867643f,0f,0f,0f,1f], start_interpolation: 0, interpolation_duration: 1 }
$data merge entity $(bone_lefthand1) { transformation: [-0.7452796708617763f,0.41511094716314384f,0.5217672984630985f,1.173442134162816f,-0.5573673828411942f,0.04159621627221087f,-0.8292233446645083f,-0.4774326103526477f,-0.36592323340411226f,-0.9088193749789634f,0.2003684878366024f,1.0615937735797931f,0f,0f,0f,1f], start_interpolation: 0, interpolation_duration: 1 }
$data merge entity $(bone_leftforearm) { transformation: [-0.9320329834051049f,0.2181637438842544f,-0.28934252832825114f,1.2731074321237423f,0.32967975235449853f,0.17905999740626583f,-0.9269567294196344f,-0.3164423662570291f,-0.15041867813691237f,-0.9593446190933028f,-0.23881399264756337f,0.38138488953137567f,0f,0f,0f,1f], start_interpolation: 0, interpolation_duration: 1 }
$data merge entity $(bone_leftelbow) { transformation: [-0.7797149485280567f,-0.5280838084558389f,-0.33641059776509225f,1.1740917180382726f,0.037682951371410145f,0.4967301609986156f,-0.8670865829490327f,-0.22330546106978869f,0.6249996753741796f,-0.6887573145898829f,-0.36740817544129833f,0.25224289304577263f,0f,0f,0f,1f], start_interpolation: 0, interpolation_duration: 1 }
$data merge entity $(bone_leftarm) { transformation: [-0.7797149485280567f,-0.5280838084558389f,-0.33641059776509225f,0.75f,0.037682951371410145f,0.4967301609986156f,-0.8670865829490327f,0.060399220759172395f,0.6249996753741796f,-0.6887573145898829f,-0.36740817544129833f,0.05606442022147354f,0f,0f,0f,1f], start_interpolation: 0, interpolation_duration: 1 }
$data merge entity $(bone_rightthumb2) { transformation: [-0.5749973463059659f,-0.42847443487995623f,-0.6969847275194766f,-0.8571572211766108f,0.7093856912245226f,0.16332907972004446f,-0.6856351455429551f,-0.4178136699081201f,0.4076150056450364f,-0.8886693819256435f,0.21003984574573323f,1.1623365129645906f,0f,0f,0f,1f], start_interpolation: 0, interpolation_duration: 1 }
$data merge entity $(bone_rightthumb) { transformation: [-0.5749973463059659f,-0.42847443487995623f,-0.6969847275194766f,-1.021799935124654f,0.7093856912245226f,0.16332907972004446f,-0.6856351455429551f,-0.43635110352511414f,0.4076150056450364f,-0.8886693819256435f,0.21003984574573323f,0.962346492185507f,0f,0f,0f,1f], start_interpolation: 0, interpolation_duration: 1 }
$data merge entity $(bone_rightpointerfinger) { transformation: [-0.5984329353048256f,-0.3950826641945344f,-0.6969847275194766f,-0.993378758615437f,0.7175257764770454f,0.12272411045635434f,-0.6856351455429551f,-0.42640973294187734f,0.3564193906530104f,-0.9104111605014764f,0.21003984574573323f,1.3122814236783171f,0f,0f,0f,1f], start_interpolation: 0, interpolation_duration: 1 }
$data merge entity $(bone_rightmidfinger) { transformation: [-0.6697592245790648f,-0.25619303405020727f,-0.6969847275194766f,-1.1022826222903552f,0.7270799096682397f,-0.035485943035444806f,-0.6856351455429551f,-0.5335402244329641f,0.15092178785077404f,-0.9659740561480077f,0.21003984574573323f,1.345100149576088f,0f,0f,0f,1f], start_interpolation: 0, interpolation_duration: 1 }
$data merge entity $(bone_rightringfinger) { transformation: [-0.6895392826931248f,-0.19684477952857055f,-0.6969847275194766f,-1.2111864859652735f,0.7212203473781703f,-0.09872009787273144f,-0.6856351455429551f,-0.6406707159240508f,0.06615729854492063f,-0.975451933745762f,0.21003984574573323f,1.3779188754738587f,0f,0f,0f,1f], start_interpolation: 0, interpolation_duration: 1 }
$data merge entity $(bone_hugeasssword) { transformation: [-0.000022520729396983667f,-0.00001678191536613162f,-0.000027298568494512836f,-1.0090819318142543f,0.000027784272906293803f,0.000006397055622368409f,-0.000026854043200432412f,-0.6961653425332555f,0.000015964921054430596f,-0.00003480621745875438f,0.00000822656062504122f,1.0491227913715004f,0f,0f,0f,1f], start_interpolation: 0, interpolation_duration: 1 }
$data merge entity $(bone_ice) { transformation: [-0.5749973463059659f,-0.42847443487995623f,-0.6969847275194766f,-0.9934026852332242f,0.7093856912245226f,0.16332907972004446f,-0.6856351455429551f,-0.7098015108292643f,0.4076150056450364f,-0.8886693819256435f,0.21003984574573323f,1.056639266000885f,0f,0f,0f,1f], start_interpolation: 0, interpolation_duration: 1 }
$data merge entity $(bone_righthand1) { transformation: [-0.5749973463059659f,-0.42847443487995623f,-0.6969847275194766f,-1.2660514032646883f,0.7093856912245226f,0.16332907972004446f,-0.6856351455429551f,-0.5130489163913399f,0.4076150056450364f,-0.8886693819256435f,0.21003984574573323f,0.9429394171102874f,0f,0f,0f,1f], start_interpolation: 0, interpolation_duration: 1 }
$data merge entity $(bone_rightforearm) { transformation: [-0.9321665929180956f,-0.21344043026218273f,0.2924185797396665f,-1.3624353340438369f,-0.3491433720760084f,0.3164287130509942f,-0.8820270830832153f,-0.2549568435994338f,0.0957306052569572f,-0.9242921898871512f,-0.3694855869052957f,0.29283652056271975f,0f,0f,0f,1f], start_interpolation: 0, interpolation_duration: 1 }
$data merge entity $(bone_rightelbow) { transformation: [-0.5824170996333858f,0.7501244563545506f,0.3132149773453124f,-1.2217869984773586f,0.04074629755269049f,0.41176564855948367f,-0.9103783773256783f,-0.17775078449453066f,-0.8118682536534989f,-0.5174575834260985f,-0.27038414906284736f,0.19581322367032628f,0f,0f,0f,1f], start_interpolation: 0, interpolation_duration: 1 }
$data merge entity $(bone_rightarm) { transformation: [-0.6753453295868548f,0.6676863513445501f,0.3132149773453124f,-0.75f,-0.013348494864866112f,0.4135613954211723f,-0.9103783773256783f,0.060399220759172395f,-0.7373808401972926f,-0.6190007338004493f,-0.27038414906284736f,0.05606442022147336f,0f,0f,0f,1f], start_interpolation: 0, interpolation_duration: 1 }
$data merge entity $(bone_chest1) { transformation: [-1.0833333333333333f,-8.527867711287151e-17f,1.0163116982094626e-16f,-0.002323124999999984f,0f,0.8298814800455596f,0.6963532438270843f,0.008353048205364477f,-1.3267006990762992e-16f,0.6963532438270843f,-0.8298814800455596f,-0.13129286842986393f,0f,0f,0f,1f], start_interpolation: 0, interpolation_duration: 1 }
$data merge entity $(bone_chest1lid) { transformation: [-1f,-6.985714745057531e-17f,1.005861659309428e-16f,-0.34374999999999994f,0f,0.8213483757192263f,0.5704268977734035f,-0.7580935538780158f,-1.2246467991473532e-16f,0.5704268977734035f,-0.8213483757192263f,-0.2821439870607591f,0f,0f,0f,1f], start_interpolation: 0, interpolation_duration: 1 }
$data merge entity $(bone_chest2) { transformation: [-1f,-6.985714745057531e-17f,1.005861659309428e-16f,-0.34374999999999994f,0f,0.8213483757192263f,0.5704268977734035f,-0.8864292375841449f,-1.2246467991473532e-16f,0.5704268977734035f,-0.8213483757192263f,-0.3712731898378534f,0f,0f,0f,1f], start_interpolation: 0, interpolation_duration: 1 }
$data merge entity $(bone_chest1lid3) { transformation: [-1f,-7.665351767214054e-17f,9.55083035924386e-17f,-0.2812499999999999f,0f,0.7798844830928819f,0.6259234721840591f,-0.3527864746454429f,-1.2246467991473532e-16f,0.6259234721840591f,-0.7798844830928819f,-0.7642198686821896f,0f,0f,0f,1f], start_interpolation: 0, interpolation_duration: 1 }
$data merge entity $(bone_chest3) { transformation: [-1f,-7.665351767214054e-17f,9.55083035924386e-17f,-0.2812499999999999f,0f,0.7798844830928819f,0.6259234721840591f,-0.47464342512870566f,-1.2246467991473532e-16f,0.6259234721840591f,-0.7798844830928819f,-0.8620204112109489f,0f,0f,0f,1f], start_interpolation: 0, interpolation_duration: 1 }
$data merge entity $(bone_hugeasssword2) { transformation: [-1.6719478217487493e-15f,1.6552548584844062f,-3.549705499226879f,-1.734375f,-2.5175848046056117f,2.719232172391629f,1.2679987862876712f,0.4809862407476352f,3.0003407355493303f,2.2817067129392097f,1.0639773139072208f,-0.08054889992786102f,0f,0f,0f,1f], start_interpolation: 0, interpolation_duration: 1 }
$data merge entity $(bone_belt) { transformation: [-1f,-7.871877887341986e-17f,9.381338752702732e-17f,0.029705625000000038f,0f,0.7660444431189781f,0.6427876096865394f,-0.38092793989921037f,-1.2246467991473532e-16f,0.6427876096865394f,-0.7660444431189781f,-0.2870573242809212f,0f,0f,0f,1f], start_interpolation: 0, interpolation_duration: 1 }
$data merge entity $(bone_torn_part) { transformation: [-1f,-1.0328566345430088e-16f,6.580022455450643e-17f,-0.09374999999999994f,0f,0.537299608346824f,0.8433914458128857f,-0.5959943345238177f,-1.2246467991473532e-16f,0.8433914458128857f,-0.537299608346824f,-0.4743181810278101f,0f,0f,0f,1f], start_interpolation: 0, interpolation_duration: 1 }
$data merge entity $(bone_lowerbody) { transformation: [-1f,-7.871877887341986e-17f,9.381338752702732e-17f,0.003906250000000083f,0f,0.7660444431189781f,0.6427876096865394f,-1.0604314803776758f,-1.2246467991473532e-16f,0.6427876096865394f,-0.7660444431189781f,-0.6804543187564593f,0f,0f,0f,1f], start_interpolation: 0, interpolation_duration: 1 }
$data merge entity $(bone_leftfoot) { transformation: [-1f,-6.378752265899118e-17f,1.0454066089157493e-16f,0.2812500000000002f,0f,0.8536392775807705f,0.5208646501456791f,-2.4890869255102412f,-1.2246467991473532e-16f,0.5208646501456791f,-0.8536392775807705f,-1.9980664106322656f,0f,0f,0f,1f], start_interpolation: 0, interpolation_duration: 1 }
$data merge entity $(bone_leftlowerleg) { transformation: [-1f,-9.893796554594468e-17f,7.217254879972052e-17f,0.2812500000000001f,0f,0.5893335845892047f,0.8078897982245097f,-1.9594237130859211f,-1.2246467991473532e-16f,0.8078897982245097f,-0.5893335845892047f,-1.0112651387892515f,0f,0f,0f,1f], start_interpolation: 0, interpolation_duration: 1 }
$data merge entity $(bone_leftleg) { transformation: [-1f,-1.8398203957905645e-17f,1.2107478646581163e-16f,0.2500000000000001f,0f,0.9886506587050946f,0.1502327362527317f,-0.9128947303501596f,-1.2246467991473532e-16f,0.1502327362527317f,-0.9886506587050946f,-0.8258965396480584f,0f,0f,0f,1f], start_interpolation: 0, interpolation_duration: 1 }
$data merge entity $(bone_rightfoot) { transformation: [-1f,-1.17231390219639e-16f,3.541749530654744e-17f,-0.2812499999999998f,0f,0.2892057965709499f,0.9572669466923855f,-2.255703161389828f,-1.2246467991473532e-16f,0.9572669466923855f,-0.2892057965709499f,-2.285112329783313f,0f,0f,0f,1f], start_interpolation: 0, interpolation_duration: 1 }
$data merge entity $(bone_rightlowerleg) { transformation: [-1f,-1.1086352241933498e-16f,5.202765825401132e-17f,-0.2812499999999999f,0f,0.4248380699662547f,0.9052693600842502f,-1.923489104144509f,-1.2246467991473532e-16f,0.9052693600842502f,-0.4248380699662547f,-1.215554622656089f,0f,0f,0f,1f], start_interpolation: 0, interpolation_duration: 1 }
$data merge entity $(bone_rightleg) { transformation: [-1f,-4.822350963073853e-17f,1.1257038218604682e-16f,-0.24999999999999992f,0f,0.9192069277805054f,0.3937748391153565f,-0.9570863785161091f,-1.2246467991473532e-16f,0.3937748391153565f,-0.9192069277805054f,-0.7732309841836287f,0f,0f,0f,1f], start_interpolation: 0, interpolation_duration: 1 }
data modify entity @s data merge value {"locators":{"lefthand":{"posx":0.9289365200912428,"posy":-0.5911266371462864,"posz":1.30575538339782,"roty":111.00773160824517,"rotx":-56.0190391910771},"righthand":{"posx":-1.0297233870369173,"posy":-0.6351355699984823,"posz":1.1054567592829183,"roty":253.22955587433762,"rotx":-43.285578238369155},"chest":{"posx":-0.37499999999999994,"posy":-0.8985570301375618,"posz":-0.18945998446546772,"roty":0,"rotx":34.78},"sack":{"posx":0,"posy":-0.4375,"posz":0,"roty":0,"rotx":0}},"cameras":{}}