# This file was generated by Animated Java via MC-Build. It is not recommended to edit this file directly.
$data merge entity $(bone_nose) { transformation: [-0.9494538467545245f,-0.14189560830395742f,0.2800054092818309f,0.09703324917142896f,0.048702286129102934f,0.814613696892516f,0.5779555451424503f,3.677165987475623f,-0.31010559525560755f,0.5623790191491482f,-0.7665274676174412f,0.3320095008346397f,0f,0f,0f,1f], start_interpolation: 0, interpolation_duration: 1 }
$data merge entity $(bone_glowing_eye) { transformation: [-0.9494538467545245f,-0.14189560830395742f,0.2800054092818309f,-0.041026931017152324f,0.048702286129102934f,0.814613696892516f,0.5779555451424503f,3.71824161928771f,-0.31010559525560755f,0.5623790191491482f,-0.7665274676174412f,0.35807238541579467f,0f,0f,0f,1f], start_interpolation: 0, interpolation_duration: 1 }
$data merge entity $(bone_head) { transformation: [-0.9494538467545245f,-0.14189560830395742f,0.2800054092818309f,0.16698648837609487f,0.048702286129102934f,0.814613696892516f,0.5779555451424503f,3.6848050994567876f,-0.31010559525560755f,0.5623790191491482f,-0.7665274676174412f,0.11903259603583394f,0f,0f,0f,1f], start_interpolation: 0, interpolation_duration: 1 }
$data merge entity $(bone_leftthumb2) { transformation: [0.29962071656944117f,0.9105788889241883f,0.2847341097374973f,-0.280146921755079f,0.17711996970922703f,0.24016772268861822f,-0.9544359492961091f,2.617903041908371f,-0.9374731689667801f,0.3364008799396244f,-0.08932248005529927f,0.14029063191465013f,0f,0f,0f,1f], start_interpolation: 0, interpolation_duration: 1 }
$data merge entity $(bone_leftthumb) { transformation: [0.29962071656944117f,0.9105788889241883f,0.2847341097374973f,-0.032501613405196556f,0.17711996970922703f,0.24016772268861822f,-0.9544359492961091f,2.5952386645028622f,-0.9374731689667801f,0.3364008799396244f,-0.08932248005529927f,0.21515714887391774f,0f,0f,0f,1f], start_interpolation: 0, interpolation_duration: 1 }
$data merge entity $(bone_leftpointerfinger) { transformation: [-0.029884945704288957f,0.9581405829899109f,0.2847341097374973f,-0.3507094158142833f,0.08429612959342361f,0.28626243418723885f,-0.9544359492961091f,2.4523219486854577f,-0.9959924962346958f,-0.004521283108835539f,-0.08932248005529927f,0.20312474674687792f,0f,0f,0f,1f], start_interpolation: 0, interpolation_duration: 1 }
$data merge entity $(bone_leftmidfinger) { transformation: [0.29962071656944117f,0.9105788889241883f,0.2847341097374973f,-0.30621971116779934f,0.17711996970922703f,0.24016772268861822f,-0.9544359492961091f,2.3031913316079407f,-0.9374731689667801f,0.3364008799396244f,-0.08932248005529927f,0.1891681092382374f,0f,0f,0f,1f], start_interpolation: 0, interpolation_duration: 1 }
$data merge entity $(bone_leftringfinger) { transformation: [0.6252769022075702f,0.7266053139894445f,0.2847341097374973f,-0.2617300065213154f,0.2555457232751614f,0.15410516541313324f,-0.9544359492961091f,2.1540607145304236f,-0.7373772297009714f,0.6695493377453908f,-0.08932248005529927f,0.1752114717295969f,0f,0f,0f,1f], start_interpolation: 0, interpolation_duration: 1 }
$data merge entity $(bone_invisibility) { transformation: [0.9319300741603135f,-0.20428843109184303f,-0.299620716569441f,-0.20383390641072674f,0.15606923792920155f,0.9717360286118859f,-0.17711996970922722f,2.5416264110905087f,0.32733580593596895f,0.11830184960359863f,0.9374731689667799f,0.06693370131073118f,0f,0f,0f,1f], start_interpolation: 0, interpolation_duration: 1 }
$data merge entity $(bone_swiftness) { transformation: [0.28473410973749735f,0.9105788889241883f,-0.2996207165694411f,-0.2581488251803559f,-0.9544359492961091f,0.24016772268861822f,-0.17711996970922725f,2.3393718696374908f,-0.08932248005529948f,0.3364008799396244f,0.9374731689667801f,-0.04419515185175449f,0f,0f,0f,1f], start_interpolation: 0, interpolation_duration: 1 }
$data merge entity $(bone_suspicious_stew) { transformation: [0.9455985722587193f,0.12677052632487595f,-0.2996207165694411f,-0.19312964625326734f,-0.18569618456680265f,0.9665119985636671f,-0.17711996970922703f,2.3514118085964593f,0.26713342579992394f,0.2231228143596695f,0.9374731689667803f,0.03441694505319266f,0f,0f,0f,1f], start_interpolation: 0, interpolation_duration: 1 }
$data merge entity $(bone_log) { transformation: [0.29962071656944117f,0.9105788889241883f,0.2847341097374973f,-0.03787093156541349f,0.17711996970922703f,0.24016772268861822f,-0.9544359492961091f,2.3532985859695215f,-0.9374731689667801f,0.3364008799396244f,-0.08932248005529927f,-0.015608045797582099f,0f,0f,0f,1f], start_interpolation: 0, interpolation_duration: 1 }
$data merge entity $(bone_planks) { transformation: [0.29962071656944117f,0.9105788889241883f,0.2847341097374973f,-0.009781489387028386f,0.17711996970922703f,0.24016772268861822f,-0.9544359492961091f,2.3699035831297617f,-0.9374731689667801f,0.3364008799396244f,-0.08932248005529927f,-0.10349615538821774f,0f,0f,0f,1f], start_interpolation: 0, interpolation_duration: 1 }
$data merge entity $(bone_lefthand1) { transformation: [0.29962071656944117f,0.9105788889241883f,0.2847341097374973f,0.10597067059397647f,0.17711996970922703f,0.24016772268861822f,-0.9544359492961091f,2.3988866476298725f,-0.9374731689667801f,0.3364008799396244f,-0.08932248005529927f,0.30565179393074715f,0f,0f,0f,1f], start_interpolation: 0, interpolation_duration: 1 }
$data merge entity $(bone_leftforearm) { transformation: [0.44479878783891785f,0.8397175232112262f,0.31149401205967464f,0.7405492822490862f,0.25317057770289797f,0.21572541298677503f,-0.9430626727727409f,2.5800008201451874f,-0.8591034262081663f,0.49833425268958664f,-0.11663736825606541f,0.5928168131967777f,0f,0f,0f,1f], start_interpolation: 0, interpolation_duration: 1 }
$data merge entity $(bone_leftelbow) { transformation: [0.44479878783891785f,0.8397175232112262f,0.31149401205967464f,0.8979963178511912f,0.25317057770289797f,0.21572541298677503f,-0.9430626727727409f,2.620449335080208f,-0.8591034262081663f,0.49833425268958664f,-0.11663736825606541f,0.6862544855760752f,0f,0f,0f,1f], start_interpolation: 0, interpolation_duration: 1 }
$data merge entity $(bone_leftarm) { transformation: [-0.6557389486882106f,0.2546074563244808f,0.7107611936207953f,0.8016427322390169f,-0.04262761944485095f,0.9274334053074765f,-0.3715510258097031f,3.1211735274776533f,-0.7537833357363011f,-0.2739385367263163f,-0.5973008964186306f,0.4176394913338629f,0f,0f,0f,1f], start_interpolation: 0, interpolation_duration: 1 }
$data merge entity $(bone_rightthumb2) { transformation: [-0.9788245657067772f,-0.14680613476640048f,0.1426549275836205f,-1.254502471146755f,-0.19960136119802413f,0.8390840254394453f,-0.5060605644191533f,1.8320273047494886f,-0.04540667546555782f,-0.5238186299162007f,-0.850618761123854f,-0.24790458784010827f,0f,0f,0f,1f], start_interpolation: 0, interpolation_duration: 1 }
$data merge entity $(bone_rightthumb) { transformation: [-0.9788245657067772f,-0.14680613476640048f,0.1426549275836205f,-1.2783146411782267f,-0.19960136119802413f,0.8390840254394453f,-0.5060605644191533f,1.994559698174472f,-0.04540667546555782f,-0.5238186299162007f,-0.850618761123854f,-0.44905893096607385f,0f,0f,0f,1f], start_interpolation: 0, interpolation_duration: 1 }
$data merge entity $(bone_rightpointerfinger) { transformation: [-0.810171181171772f,0.43662112911537143f,0.3911325182195335f,-1.4719696193577725f,0.2539314566137521f,0.8627938073465673f,-0.4371563351324469f,1.7042224938039259f,-0.5283384072171488f,-0.2548506143104866f,-0.8098825173102666f,-0.4437458283343435f,0f,0f,0f,1f], start_interpolation: 0, interpolation_duration: 1 }
$data merge entity $(bone_rightmidfinger) { transformation: [-0.7462495609796548f,0.538634334153439f,0.3911325182195335f,-1.4108551633859703f,0.36437622814485937f,0.8222677806022152f,-0.4371563351324469f,1.635916816439481f,-0.5570830791727547f,-0.18370833147842935f,-0.8098825173102666f,-0.5702899716640727f,0f,0f,0f,1f], start_interpolation: 0, interpolation_duration: 1 }
$data merge entity $(bone_rightringfinger) { transformation: [-0.6964647806386915f,0.6016246026561292f,0.3911325182195335f,-1.3497407074141683f,0.43465502574443166f,0.7873813226440382f,-0.4371563351324469f,1.5676111390750362f,-0.5709744459474578f,-0.13445627627663842f,-0.8098825173102666f,-0.6968341149938018f,0f,0f,0f,1f], start_interpolation: 0, interpolation_duration: 1 }
$data merge entity $(bone_hugeasssword) { transformation: [-3.310140573313219f,1.427031949502849f,1.5319356963598396f,-1.1184673865501915f,0.6962569645898591f,3.453098621105063f,-1.712195645935417f,1.774611401501743f,-1.9744552164947993f,-1.1747201819149042f,-3.1720398594652113f,-0.48465267309366156f,0f,0f,0f,1f], start_interpolation: 0, interpolation_duration: 1 }
$data merge entity $(bone_ice) { transformation: [-0.8451422740374176f,0.36434858285179117f,0.3911325182195335f,-1.1109549851254161f,0.177767735639964f,0.8816422011332076f,-0.4371563351324469f,1.758058121239662f,-0.5041162254880338f,-0.2999285570846564f,-0.8098825173102666f,-0.4720894733659633f,0f,0f,0f,1f], start_interpolation: 0, interpolation_duration: 1 }
$data merge entity $(bone_righthand1) { transformation: [-0.8451422740374176f,0.36434858285179117f,0.3911325182195335f,-1.2189305167274622f,0.177767735639964f,0.8816422011332076f,-0.4371563351324469f,2.009249469960066f,-0.5041162254880338f,-0.2999285570846564f,-0.8098825173102666f,-0.6984094976750816f,0f,0f,0f,1f], start_interpolation: 0, interpolation_duration: 1 }
$data merge entity $(bone_rightforearm) { transformation: [-0.9055644388087943f,0.2665637991159294f,0.32999513354865617f,-0.9800612420102225f,0.2706869576664979f,0.9620555398130399f,-0.03431776892945693f,2.6693130516764763f,-0.3266215212048472f,0.0582484275832619f,-0.9433586288204022f,-0.6222997483799789f,0f,0f,0f,1f], start_interpolation: 0, interpolation_duration: 1 }
$data merge entity $(bone_rightelbow) { transformation: [-0.9055644388087943f,0.2665637991159294f,0.32999513354865617f,-0.9300805296759858f,0.2706869576664979f,0.9620555398130399f,-0.03431776892945693f,2.849698465391421f,-0.3266215212048472f,0.0582484275832619f,-0.9433586288204022f,-0.6113781682081173f,0f,0f,0f,1f], start_interpolation: 0, interpolation_duration: 1 }
$data merge entity $(bone_rightarm) { transformation: [-0.8205306476985001f,0.2695006691332689f,0.5040821813198715f,-0.644492777693422f,0.3604144152438503f,0.9284101813275432f,0.0903104893785417f,3.232121706560721f,-0.44365629204589546f,0.2557810089589895f,-0.8589209334880649f,-0.2900895416558905f,0f,0f,0f,1f], start_interpolation: 0, interpolation_duration: 1 }
$data merge entity $(bone_chest1) { transformation: [-0.9399791665865797f,0.004321999012304319f,0.5385458177526286f,0.20295028767101328f,0.10306353029566882f,1.0647209626658263f,0.1713426143551585f,3.052608495993876f,-0.5286096728374383f,0.1999042348115829f,-0.9242408894861789f,-0.07293959033683295f,0f,0f,0f,1f], start_interpolation: 0, interpolation_duration: 1 }
$data merge entity $(bone_chest1lid) { transformation: [-0.8676730768491505f,0.4524487631318698f,0.20599404955378955f,-0.29055564748125706f,0.09513556642677123f,0.5578232497584105f,-0.8244892031006975f,2.351491047838461f,-0.48794739031148154f,-0.6957897230984426f,-0.5270521848155147f,-0.03180045723866025f,0f,0f,0f,1f], start_interpolation: 0, interpolation_duration: 1 }
$data merge entity $(bone_chest2) { transformation: [-0.8676730768491505f,0.003989537549819372f,0.4971192163870418f,-0.29117901272341634f,0.09513556642677123f,0.9828193501530705f,0.15816241325091554f,2.1979255243770437f,-0.48794739031148154f,0.18452698597992268f,-0.8531454364487806f,-0.06063279879802316f,0f,0f,0f,1f], start_interpolation: 0, interpolation_duration: 1 }
$data merge entity $(bone_chest1lid3) { transformation: [-0.8676730768491505f,0.003989537549819372f,0.4971192163870418f,0.08214091781976351f,0.09513556642677123f,0.9828193501530705f,0.15816241325091554f,2.4468678709256557f,-0.48794739031148154f,0.18452698597992268f,-0.8531454364487806f,-0.5478500405691927f,0f,0f,0f,1f], start_interpolation: 0, interpolation_duration: 1 }
$data merge entity $(bone_chest3) { transformation: [-0.8676730768491505f,0.003989537549819372f,0.4971192163870418f,0.08151755257760424f,0.09513556642677123f,0.9828193501530705f,0.15816241325091554f,2.2933023474642384f,-0.48794739031148154f,0.18452698597992268f,-0.8531454364487806f,-0.5766823821285556f,0f,0f,0f,1f], start_interpolation: 0, interpolation_duration: 1 }
$data merge entity $(bone_hugeasssword2) { transformation: [-1.9470502641825813f,2.516109702305813f,-2.2843959841688717f,-0.7297367859385562f,-0.6194694518994189f,2.3258805077562323f,3.0897921029708164f,4.352088422227942f,3.341486292757724f,1.8973006107045718f,-0.7582859129049436f,-0.6860336640038533f,0f,0f,0f,1f], start_interpolation: 0, interpolation_duration: 1 }
$data merge entity $(bone_belt) { transformation: [-0.8676730768491505f,0.003989537549819372f,0.4971192163870418f,0.1640774710158212f,0.09513556642677123f,0.9828193501530705f,0.15816241325091554f,2.6373711356736336f,-0.48794739031148154f,0.18452698597992268f,-0.8531454364487806f,-0.019135009190040186f,0f,0f,0f,1f], start_interpolation: 0, interpolation_duration: 1 }
$data merge entity $(bone_torn_part) { transformation: [-0.8676730768491505f,-0.2018806066080465f,0.4542990781266182f,0.041164429532032865f,0.09513556642677123f,0.8295162716694142f,0.550319887916412f,2.389901647926707f,-0.48794739031148154f,0.5207177505244487f,-0.7005429098755999f,-0.10182924795882038f,0f,0f,0f,1f], start_interpolation: 0, interpolation_duration: 1 }
$data merge entity $(bone_lowerbody) { transformation: [-0.8676730768491505f,0.13736830164622482f,0.47777963687662506f,-0.0083639990308884f,0.09513556642677123f,0.9891851357058818f,-0.11163328938624649f,1.9133089420438958f,-0.48794739031148154f,-0.05140736329912132f,-0.8713579214575644f,0.09345782369215432f,0f,0f,0f,1f], start_interpolation: 0, interpolation_duration: 1 }
$data merge entity $(bone_leftfoot) { transformation: [-0.9729175137730787f,-0.22735436442076223f,0.04157047270298545f,0.2270403965831936f,-0.21605754326228668f,0.9585500601323199f,0.18574139247839014f,0.1973907991495436f,-0.08207622134169254f,0.17174765950563758f,-0.9817233270702549f,0.6431033196955038f,0f,0f,0f,1f], start_interpolation: 0, interpolation_duration: 1 }
$data merge entity $(bone_leftlowerleg) { transformation: [-0.9729175137730787f,-0.22681141538049732f,0.04443751877652395f,-0.03140614770041386f,-0.21605754326228668f,0.9608186581265059f,0.1736248509156052f,1.2366222992741762f,-0.08207622134169254f,0.15933966968019186f,-0.9838134066609188f,0.9710293914967627f,0f,0f,0f,1f], start_interpolation: 0, interpolation_duration: 1 }
$data merge entity $(bone_leftleg) { transformation: [-0.9784146456834897f,0.08678046507416143f,0.18751329034153844f,0.03585789272951498f,-0.09418945060435344f,0.6203991725674655f,-0.778617258790328f,1.7459372888528057f,-0.18389924749579395f,-0.7794612384729175f,-0.5988508337776195f,0.27524823257540926f,0f,0f,0f,1f], start_interpolation: 0, interpolation_duration: 1 }
$data merge entity $(bone_rightfoot) { transformation: [-0.49976085255855707f,0.03301561619994264f,0.8655371727904619f,-0.2942660989151713f,0.17051971283476763f,0.9834577338875821f,0.060947372003613276f,0.1656759373409442f,-0.84921246620177f,0.17804810800511436f,-0.4971284100907023f,-0.2764072064784302f,0f,0f,0f,1f], start_interpolation: 0, interpolation_duration: 1 }
$data merge entity $(bone_rightlowerleg) { transformation: [-0.49976085255855707f,-0.27073899963835524f,0.822766687749322f,-0.721031678607396f,0.17051971283476763f,0.9005414798586153f,0.39991091451909644f,1.1032695791534874f,-0.84921246620177f,0.34015745644620565f,-0.40389440415479644f,0.1630115799269455f,0f,0f,0f,1f], start_interpolation: 0, interpolation_duration: 1 }
$data merge entity $(bone_rightleg) { transformation: [-0.605056590925256f,0.46205688111748183f,0.6483879469144703f,-0.3083931319912192f,0.07275440758094084f,0.8430448416237921f,-0.5328903284100154f,1.861991191193224f,-0.7928513845327216f,-0.27525377081180596f,-0.5437103715978792f,-0.06481022779950857f,0f,0f,0f,1f], start_interpolation: 0, interpolation_duration: 1 }
$data merge entity $(bone_sack_top) { transformation: [-0.039999999999999994f,0f,4.898587196589412e-18f,-0.16204833984375f,0f,0.09999999999999998f,0f,1.77879638671875f,-4.898587196589412e-18f,0f,-0.039999999999999994f,-0.27386474609375f,0f,0f,0f,1f], start_interpolation: 0, interpolation_duration: 1 }
$data merge entity $(bone_sack_main) { transformation: [-0.05833333333333333f,0f,7.143772995026226e-18f,-0.16204833984375f,0f,0.05833333333333333f,0f,1.77879638671875f,-7.143772995026226e-18f,0f,-0.05833333333333333f,-0.27386474609375f,0f,0f,0f,1f], start_interpolation: 0, interpolation_duration: 1 }
data modify entity @s data merge value {"locators":{"lefthand":{"posx":-0.14154831990564923,"posy":2.3328435471819846,"posz":0.04739440879863449,"roty":72.58310421935995,"rotx":-72.63751985969397},"righthand":{"posx":-1.2019914655206634,"posy":1.7677787547996469,"posz":-0.5020095714680457,"roty":25.778205713446397,"rotx":-25.92258440591352},"chest":{"posx":-0.395594654790132,"posy":2.2683249478342753,"posz":0.07472222463548275,"roty":30.228922576597682,"rotx":9.100252181344242},"sack":{"posx":-0.15579833984375,"posy":1.81629638671875,"posz":-0.27386474609375,"roty":0,"rotx":0}},"cameras":{}}