# This file was generated by Animated Java via MC-Build. It is not recommended to edit this file directly.
$data merge entity $(bone_nose) { transformation: [-0.9971239454774119f,0.016445350154024374f,0.07398234798836245f,0.07204625650815438f,0.04693816472397172f,0.9004242438524882f,0.4324731087304968f,3.046500423693474f,-0.05950332804058045f,0.4347018881267787f,-0.8986064891881811f,1.298406824790069f,0f,0f,0f,1f], start_interpolation: 0, interpolation_duration: 1 }
$data merge entity $(bone_glowing_eye) { transformation: [-0.9971239454774119f,0.016445350154024374f,0.07398234798836245f,-0.05406241312464605f,0.04693816472397172f,0.9004242438524882f,0.4324731087304968f,3.098242312114922f,-0.05950332804058045f,0.4347018881267787f,-0.8986064891881811f,1.3517591936332978f,0f,0f,0f,1f], start_interpolation: 0, interpolation_duration: 1 }
$data merge entity $(bone_head) { transformation: [-0.9971239454774119f,0.016445350154024374f,0.07398234798836245f,0.0838692006354155f,0.04693816472397172f,0.9004242438524882f,0.4324731087304968f,3.0163016038636603f,-0.05950332804058045f,0.4347018881267787f,-0.8986064891881811f,1.076462635954642f,0f,0f,0f,1f], start_interpolation: 0, interpolation_duration: 1 }
$data merge entity $(bone_leftthumb2) { transformation: [-0.8750555673834701f,0.33952828893955034f,0.34496129493172806f,0.40865903028359385f,-0.11722906214537492f,0.5428102697607569f,-0.8316335479228641f,1.5194462047879718f,-0.4696116491098885f,-0.7681650552140709f,-0.4351865657028658f,1.9679282216171405f,0f,0f,0f,1f], start_interpolation: 0, interpolation_duration: 1 }
$data merge entity $(bone_leftthumb) { transformation: [-0.8750555673834701f,0.33952828893955034f,0.34496129493172806f,0.5214053265454797f,-0.11722906214537492f,0.5428102697607569f,-0.8316335479228641f,1.581497028448156f,-0.4696116491098885f,-0.7681650552140709f,-0.4351865657028658f,1.742351547125251f,0f,0f,0f,1f], start_interpolation: 0, interpolation_duration: 1 }
$data merge entity $(bone_leftpointerfinger) { transformation: [-0.9384087734940972f,0.019765597090142473f,0.34496129493172806f,0.5218768701196814f,-0.2958113309018804f,0.4699801043440967f,-0.8316335479228641f,1.377226514796174f,-0.17856267902157685f,-0.88245567746623f,-0.4351865657028658f,2.0253701097214405f,0f,0f,0f,1f], start_interpolation: 0, interpolation_duration: 1 }
$data merge entity $(bone_leftmidfinger) { transformation: [-0.8750555673834701f,0.33952828893955034f,0.34496129493172806f,0.575777072452764f,-0.11722906214537492f,0.5428102697607569f,-0.8316335479228641f,1.2472837729332265f,-0.4696116491098885f,-0.7681650552140709f,-0.4351865657028658f,1.9573722088303676f,0f,0f,0f,1f], start_interpolation: 0, interpolation_duration: 1 }
$data merge entity $(bone_leftringfinger) { transformation: [-0.678514077519206f,0.6485525048963163f,0.34496129493172806f,0.6296772747858465f,0.09941896602346116f,0.546352918143626f,-0.8316335479228641f,1.117341031070279f,-0.7278286307937375f,-0.5299793743426803f,-0.4351865657028658f,1.8893743079392948f,0f,0f,0f,1f], start_interpolation: 0, interpolation_duration: 1 }
$data merge entity $(bone_invisibility) { transformation: [0.3683016391727107f,-0.31405677285148226f,0.87505556738347f,0.3841598173714276f,0.4682630732423287f,0.8757779634280402f,0.11722906214537474f,1.4406044872715882f,-0.8031709636312461f,0.3665805534939716f,0.46961164910988823f,1.8668994527775116f,0f,0f,0f,1f], start_interpolation: 0, interpolation_duration: 1 }
$data merge entity $(bone_swiftness) { transformation: [0.34496129493172784f,0.33952828893955034f,0.8750555673834702f,0.35728657181085643f,-0.8316335479228641f,0.5428102697607569f,0.11722906214537474f,1.2050618706897922f,-0.4351865657028659f,-0.7681650552140709f,0.4696116491098884f,1.8648656407474697f,0f,0f,0f,1f], start_interpolation: 0, interpolation_duration: 1 }
$data merge entity $(bone_suspicious_stew) { transformation: [0.45350407501701184f,-0.16915025253944482f,0.8750555673834703f,0.4329246716270852f,0.14048964993922697f,0.9831174931047f,0.117229062145375f,1.2592289656410156f,-0.8801117612002005f,0.06977239294572507f,0.4696116491098885f,1.8213097086713839f,0f,0f,0f,1f], start_interpolation: 0, interpolation_duration: 1 }
$data merge entity $(bone_log) { transformation: [-0.8750555673834701f,0.33952828893955034f,0.34496129493172806f,0.4094993090022534f,-0.11722906214537492f,0.5428102697607569f,-0.8316335479228641f,1.2771072022260972f,-0.4696116491098885f,-0.7681650552140709f,-0.4351865657028658f,1.6608636143982511f,0f,0f,0f,1f], start_interpolation: 0, interpolation_duration: 1 }
$data merge entity $(bone_planks) { transformation: [-0.8750555673834701f,0.33952828893955034f,0.34496129493172806f,0.3274628495600531f,-0.11722906214537492f,0.5428102697607569f,-0.8316335479228641f,1.2661169776499683f,-0.4696116491098885f,-0.7681650552140709f,-0.4351865657028658f,1.616837522294199f,0f,0f,0f,1f], start_interpolation: 0, interpolation_duration: 1 }
$data merge entity $(bone_lefthand1) { transformation: [-0.8750555673834701f,0.33952828893955034f,0.34496129493172806f,0.702365232616392f,-0.11722906214537492f,0.5428102697607569f,-0.8316335479228641f,1.4681055835752197f,-0.4696116491098885f,-0.7681650552140709f,-0.4351865657028658f,1.5998248430504203f,0f,0f,0f,1f], start_interpolation: 0, interpolation_duration: 1 }
$data merge entity $(bone_leftforearm) { transformation: [-0.8137734680726366f,0.4854281705470186f,0.3195813416024287f,0.9811005048334642f,0.01249628193234133f,0.5643689103182714f,-0.8254281168000245f,1.878141842911725f,-0.5810478341745203f,-0.6677179227080415f,-0.46533449269913046f,1.0781611389291779f,0f,0f,0f,1f], start_interpolation: 0, interpolation_duration: 1 }
$data merge entity $(bone_leftelbow) { transformation: [-0.8137734680726366f,0.4854281705470186f,0.3195813416024287f,1.0721182868110302f,0.01249628193234133f,0.5643689103182714f,-0.8254281168000245f,1.9839610135964008f,-0.5810478341745203f,-0.6677179227080415f,-0.46533449269913046f,0.9529640284214201f,0f,0f,0f,1f], start_interpolation: 0, interpolation_duration: 1 }
$data merge entity $(bone_leftarm) { transformation: [-0.9072425348723112f,-0.0357139609770904f,0.4190888878385946f,0.7926978057407456f,-0.050933083755638306f,0.9983846055833578f,-0.025179362845481168f,2.486496857649501f,-0.41751263920701176f,-0.04418927839974468f,-0.9075960025126297f,0.9136617938229954f,0f,0f,0f,1f], start_interpolation: 0, interpolation_duration: 1 }
$data merge entity $(bone_rightthumb2) { transformation: [-0.6158293898203289f,-0.734696194280031f,-0.2845622335166077f,-0.6983853328748245f,0.015175404984049179f,0.35004693876406545f,-0.9366092289452825f,1.7912049802794017f,0.7877333747640071f,-0.581109837098242f,-0.2044198804191091f,1.7367863131848538f,0f,0f,0f,1f], start_interpolation: 0, interpolation_duration: 1 }
$data merge entity $(bone_rightthumb) { transformation: [-0.6158293898203289f,-0.734696194280031f,-0.2845622335166077f,-0.9028820413712906f,0.015175404984049179f,0.35004693876406545f,-0.9366092289452825f,1.7970110834766566f,0.7877333747640071f,-0.581109837098242f,-0.2044198804191091f,1.576804272029372f,0f,0f,0f,1f], start_interpolation: 0, interpolation_duration: 1 }
$data merge entity $(bone_rightpointerfinger) { transformation: [-0.9776079523091963f,-0.1759193200986102f,-0.1154776359208266f,-0.9276755789085837f,0.03240568539837642f,0.4163587529507149f,-0.9086227272059548f,1.616956690171447f,0.20792441688190866f,-0.8920189357056094f,-0.4013348417555469f,1.8747839153321986f,0f,0f,0f,1f], start_interpolation: 0, interpolation_duration: 1 }
$data merge entity $(bone_rightmidfinger) { transformation: [-0.9922064597455378f,-0.04681086242918042f,-0.1154776359208266f,-0.9457189595212128f,0.08647417288766261f,0.4085669553796631f,-0.9086227272059548f,1.4749843890455165f,0.08971375960587802f,-0.9115271724586319f,-0.4013348417555469f,1.8120753463078945f,0f,0f,0f,1f], start_interpolation: 0, interpolation_duration: 1 }
$data merge entity $(bone_rightringfinger) { transformation: [-0.9925106500945593f,0.039843757993095086f,-0.1154776359208266f,-0.963762340133842f,0.12175406901082228f,0.39947551399819353f,-0.9086227272059548f,1.3330120879195861f,0.009927543914948378f,-0.9158776057229845f,-0.4013348417555469f,1.7493667772835901f,0f,0f,0f,1f], start_interpolation: 0, interpolation_duration: 1 }
$data merge entity $(bone_hugeasssword) { transformation: [-3.7543422962589106f,-1.0201116612635226f,-0.4522874073565709f,-0.7422030492260043f,-0.015688930492314974f,1.635595001447131f,-3.5587723482233233f,1.575070369838357f,1.1157712838028948f,-3.409469015488059f,-1.571894796875892f,1.565854677840668f,0f,0f,0f,1f], start_interpolation: 0, interpolation_duration: 1 }
$data merge entity $(bone_ice) { transformation: [-0.958555479895892f,-0.26045404117366533f,-0.1154776359208266f,-0.7231560254592925f,-0.004005684381016589f,0.4175987237737355f,-0.9086227272059548f,1.5686079785978457f,0.28487777458797314f,-0.8705027273586533f,-0.4013348417555469f,1.5750050677277097f,0f,0f,0f,1f], start_interpolation: 0, interpolation_duration: 1 }
$data merge entity $(bone_righthand1) { transformation: [-0.958555479895892f,-0.26045404117366533f,-0.1154776359208266f,-1.0315170818492077f,-0.004005684381016589f,0.4175987237737355f,-0.9086227272059548f,1.6436117782208395f,0.28487777458797314f,-0.8705027273586533f,-0.4013348417555469f,1.416057115730179f,0f,0f,0f,1f], start_interpolation: 0, interpolation_duration: 1 }
$data merge entity $(bone_rightforearm) { transformation: [-0.915286084092664f,-0.1195258147353362f,-0.3846621425071238f,-1.0523429441025256f,0.18786423571492267f,0.7180673623638885f,-0.670139009495057f,2.147232299674126f,0.3563122411671605f,-0.6856331692090329f,-0.6347824383793339f,0.9216202541568072f,0f,0f,0f,1f], start_interpolation: 0, interpolation_duration: 1 }
$data merge entity $(bone_rightelbow) { transformation: [-0.915286084092664f,-0.1195258147353362f,-0.3846621425071238f,-1.0747540343654012f,0.18786423571492267f,0.7180673623638885f,-0.670139009495057f,2.281869930117355f,0.3563122411671605f,-0.6856331692090329f,-0.6347824383793339f,0.7930640349301135f,0f,0f,0f,1f], start_interpolation: 0, interpolation_duration: 1 }
$data merge entity $(bone_rightarm) { transformation: [-0.9613352744895021f,0.091825968775503f,-0.25961987882408794f,-0.7724322833528781f,0.19337399490087134f,0.896323525648476f,-0.39901207433505514f,2.735416390247686f,0.1960637348370972f,-0.43378811512940996f,-0.8794241769784374f,0.608859126231482f,0f,0f,0f,1f], start_interpolation: 0, interpolation_duration: 1 }
$data merge entity $(bone_chest1) { transformation: [-1.0330288956287454f,-0.004818901844640644f,0.3262501955435079f,0.10916959138987893f,0.2243033597693995f,0.7761826948735907f,0.7216921352530042f,2.600738921406738f,-0.23696078726938088f,0.7557303179540258f,-0.7391430057390066f,0.5621798267850688f,0f,0f,0f,1f], start_interpolation: 0, interpolation_duration: 1 }
$data merge entity $(bone_chest1lid) { transformation: [-0.9535651344265343f,-0.04323677009370381f,0.29806730132298925f,-0.3312104468676883f,0.2070492551717534f,0.6246114878836191f,0.7529881108866417f,1.9210676926417602f,-0.21873303440250544f,0.7797378219091822f,-0.5866555963641672f,0.2777177816825349f,0f,0f,0f,1f], start_interpolation: 0, interpolation_duration: 1 }
$data merge entity $(bone_chest2) { transformation: [-0.9535651344265343f,-0.004448217087360595f,0.3011540266555458f,-0.3305154129477882f,0.2070492551717534f,0.7164763337294684f,0.6661773556181578f,1.8091182654965308f,-0.21873303440250544f,0.6975972165729469f,-0.6822858514513908f,0.16871821659301192f,0f,0f,0f,1f], start_interpolation: 0, interpolation_duration: 1 }
$data merge entity $(bone_chest1lid3) { transformation: [-0.9535651344265343f,-0.004448217087360595f,0.3011540266555458f,-0.07868582763982084f,0.2070492551717534f,0.7164763337294684f,0.6661773556181578f,2.3348969826364083f,-0.21873303440250544f,0.6975972165729469f,-0.6822858514513908f,-0.14570077725335578f,0f,0f,0f,1f], start_interpolation: 0, interpolation_duration: 1 }
$data merge entity $(bone_chest3) { transformation: [-0.9535651344265343f,-0.004448217087360595f,0.3011540266555458f,-0.07799079371992074f,0.2070492551717534f,0.7164763337294684f,0.6661773556181578f,2.222947555491179f,-0.21873303440250544f,0.6975972165729469f,-0.6822858514513908f,-0.25470034234287875f,0f,0f,0f,1f], start_interpolation: 0, interpolation_duration: 1 }
$data merge entity $(bone_hugeasssword2) { transformation: [-1.179519937734222f,2.7418107642777034f,-2.5360371107608315f,-0.9910484649784396f,-2.609194642837785f,1.2979507138232564f,2.6168119989884797f,3.8636530654672265f,2.6722862515179475f,2.477513966692093f,1.4356491606836066f,0.9213534509591993f,0f,0f,0f,1f], start_interpolation: 0, interpolation_duration: 1 }
$data merge entity $(bone_belt) { transformation: [-0.9535651344265343f,-0.004448217087360595f,0.3011540266555458f,0.10206113402727354f,0.2070492551717534f,0.7164763337294684f,0.6661773556181578f,2.2215090932668904f,-0.21873303440250544f,0.6975972165729469f,-0.6822858514513908f,0.3806245968528018f,0f,0f,0f,1f], start_interpolation: 0, interpolation_duration: 1 }
$data merge entity $(bone_torn_part) { transformation: [-0.9535651344265343f,-0.12909350236697742f,0.27211836037418113f,-0.023382041826290598f,0.2070492551717534f,0.3751778123342738f,0.9035331842632515f,2.041736767463104f,-0.21873303440250544f,0.9179196461448551f,-0.3310277675397892f,0.19291123922197911f,0f,0f,0f,1f], start_interpolation: 0, interpolation_duration: 1 }
$data merge entity $(bone_lowerbody) { transformation: [-0.9535651344265343f,0.07602295028575046f,0.29143446164782194f,-0.0083639990308884f,0.2070492551717534f,0.868182814105248f,0.45098692578068655f,1.5341796875000002f,-0.21873303440250544f,0.49038669672223234f,-0.8436093570717016f,0.09345782369215432f,0f,0f,0f,1f], start_interpolation: 0, interpolation_duration: 1 }
$data merge entity $(bone_leftfoot) { transformation: [-0.9557352409266934f,-0.2891934153177573f,0.054197027479802526f,0.24684918742331396f,-0.2821051138951612f,0.9530061068538602f,0.11043579588813918f,0.15929505617091344f,-0.08358740314780404f,0.09025812338011313f,-0.9924044625045308f,0.5234143499853394f,0f,0f,0f,1f], start_interpolation: 0, interpolation_duration: 1 }
$data merge entity $(bone_leftlowerleg) { transformation: [-0.9557352409266934f,-0.2924071749786421f,-0.03268322615356524f,-0.07251838760923623f,-0.2821051138951612f,0.8791283552833956f,0.38412242794571344f,1.0755593447951939f,-0.08358740314780404f,0.3763394464545558f,-0.9227035098433759f,1.0826852808554415f,0f,0f,0f,1f], start_interpolation: 0, interpolation_duration: 1 }
$data merge entity $(bone_leftleg) { transformation: [-0.9565956948036185f,0.13134451641878142f,0.260140913141126f,0.035770187162080025f,-0.19509986228186194f,0.37445572754245715f,-0.9064871493012177f,1.3667754587791656f,-0.21647337115862758f,-0.9178951607440611f,-0.3325774397968892f,0.27528986210383183f,0f,0f,0f,1f], start_interpolation: 0, interpolation_duration: 1 }
$data merge entity $(bone_rightfoot) { transformation: [-0.5164283162628518f,-0.09741213021484357f,0.8507718090351382f,-0.2726959908916454f,0.17493227512671605f,0.9605571121129735f,0.21616829898987316f,0.18935807092642254f,-0.8382723264434455f,0.26046287884493347f,-0.4790183665193877f,-0.2258811550900401f,0f,0f,0f,1f], start_interpolation: 0, interpolation_duration: 1 }
$data merge entity $(bone_rightlowerleg) { transformation: [-0.5164283162628518f,-0.46903918006909173f,0.716452400178846f,-0.903116108089023f,0.17493227512671605f,0.761227143365672f,0.6244453021060605f,0.9379011443773154f,-0.8382723264434455f,0.4478118843481625f,-0.31106916104885884f,0.3187045697762802f,0f,0f,0f,1f], start_interpolation: 0, interpolation_duration: 1 }
$data merge entity $(bone_rightleg) { transformation: [-0.6038090036899538f,0.6632828131232951f,0.44212056825960167f,-0.3081300879326815f,0.07549040718625424f,0.5997292923431548f,-0.7966341533780938f,1.4827863992824002f,-0.793546397815401f,-0.4476390127332813f,-0.4121934361357229f,-0.06485750941078428f,0f,0f,0f,1f], start_interpolation: 0, interpolation_duration: 1 }
$data merge entity $(bone_sack_top) { transformation: [-0.21886986807008055f,-0.20500123930591843f,-1.3674982915470082f,-0.2787509294794391f,0.2922163327179369f,-1.0784143164176785f,0.21109787389050375f,1.566189262686741f,-1.360770020382644f,-0.19860937443125667f,0.2652839288069278f,1.7885429691765575f,0f,0f,0f,1f], start_interpolation: 0, interpolation_duration: 1 }
$data merge entity $(bone_sack_main) { transformation: [-0.14637965428757357f,-0.27513899664711666f,-0.9054843819500944f,-0.2787509294794391f,0.19543359777024255f,-1.447375801208047f,0.13977774528294615f,1.566189262686741f,-0.9100797972095773f,-0.26656026173667063f,0.17565685880696147f,1.7885429691765575f,0f,0f,0f,1f], start_interpolation: 0, interpolation_duration: 1 }
data modify entity @s data merge value {"locators":{"lefthand":{"posx":0.45962010063774317,"posy":1.2586846486634617,"posz":1.7717023915300099,"roty":38.40296531623923,"rotx":-56.266910362805206},"righthand":{"posx":-0.807146669244931,"posy":1.5759046957407539,"posz":1.6215848211127417,"roty":343.94767956248984,"rotx":-65.31571114515435},"chest":{"posx":-0.4077866604154865,"posy":1.7786679991924486,"posz":0.3338897126109272,"roty":23.816174953305563,"rotx":41.772712415573785},"sack":{"posx":-0.34479522406173146,"posy":1.1473230417878384,"posz":1.7814046123981415,"roty":259.02143192386717,"rotx":8.61719445824391}},"cameras":{}}