# This file was generated by Animated Java via MC-Build. It is not recommended to edit this file directly.
$data merge entity $(bone_nose) { transformation: [-1f,-1.537070711259889e-17f,1.2149625175073213e-16f,-3.663093218895049e-17f,0f,0.9920921839286442f,0.12551134844185746f,4.189062815030954f,-1.2246467991473532e-16f,0.12551134844185746f,-0.9920921839286442f,0.2978713459841949f,0f,0f,0f,1f], start_interpolation: 0, interpolation_duration: 1 }
$data merge entity $(bone_glowing_eye) { transformation: [-1f,-1.537070711259889e-17f,1.2149625175073213e-16f,-0.12500000000000003f,0f,0.9920921839286442f,0.12551134844185746f,4.251855719683446f,-1.2246467991473532e-16f,0.12551134844185746f,-0.9920921839286442f,0.34098916086921977f,0f,0f,0f,1f], start_interpolation: 0, interpolation_duration: 1 }
$data merge entity $(bone_head) { transformation: [-1f,-1.537070711259889e-17f,1.2149625175073213e-16f,-1.198222468656316e-17f,0f,0.9920921839286442f,0.12551134844185746f,4.090065f,-1.2246467991473532e-16f,0.12551134844185746f,-0.9920921839286442f,0.096599375f,0f,0f,0f,1f], start_interpolation: 0, interpolation_duration: 1 }
$data merge entity $(bone_leftthumb2) { transformation: [-0.13052619222005143f,-0.33909411358656827f,-0.9316534201490777f,1.4007082649619733f,0.7947256337362797f,0.5260416074990166f,-0.3028058689363849f,2.50709164884712f,0.5927681504829715f,-0.7799329518046985f,0.20082457634016598f,1.2472389815558163f,0f,0f,0f,1f], start_interpolation: 0, interpolation_duration: 1 }
$data merge entity $(bone_leftthumb) { transformation: [-0.13052619222005143f,-0.33909411358656827f,-0.9316534201490777f,1.2379312046583295f,0.7947256337362797f,0.5260416074990166f,-0.3028058689363849f,2.6102223752295663f,0.5927681504829715f,-0.7799329518046985f,0.20082457634016598f,1.0731282408554421f,0f,0f,0f,1f], start_interpolation: 0, interpolation_duration: 1 }
$data merge entity $(bone_leftpointerfinger) { transformation: [-0.12854320606946837f,0.02266563541681549f,-0.9914448613738105f,1.2057335290555002f,0.8864732804722993f,0.4507972773613159f,-0.10462761457810701f,2.3222144397122517f,0.44456919279462265f,-0.8923385476907162f,-0.07803940750134448f,1.2676556441687787f,0f,0f,0f,1f], start_interpolation: 0, interpolation_duration: 1 }
$data merge entity $(bone_leftmidfinger) { transformation: [-0.12854320606946837f,0.02266563541681549f,-0.9914448613738105f,1.0508202694658424f,0.8864732804722993f,0.4507972773613159f,-0.10462761457810701f,2.3058663749344226f,0.44456919279462265f,-0.8923385476907162f,-0.07803940750134448f,1.2554619867466936f,0f,0f,0f,1f], start_interpolation: 0, interpolation_duration: 1 }
$data merge entity $(bone_leftringfinger) { transformation: [-0.1260786200725189f,0.033782664431261884f,-0.9914448613738105f,0.8959070098761845f,0.922389553543549f,0.3718206204360207f,-0.10462761457810701f,2.2895183101565935f,0.3651050438905792f,-0.9276896883131219f,-0.07803940750134448f,1.2432683293246085f,0f,0f,0f,1f], start_interpolation: 0, interpolation_duration: 1 }
$data merge entity $(bone_invisibility) { transformation: [-0.08641011328638329f,0.9876721143508954f,0.13052619222005118f,1.212242519932172f,0.5864891002354716f,0.1563384226204664f,-0.7947256337362795f,2.5398885756247234f,-0.8053346060035051f,0.007879856989555331f,-0.5927681504829714f,1.2935652315357402f,0f,0f,0f,1f], start_interpolation: 0, interpolation_duration: 1 }
$data merge entity $(bone_swiftness) { transformation: [-0.9914448613738105f,9.816564102282773e-17f,0.1305261922200512f,1.0195483964394116f,-0.10462761457810683f,0.5978831234866591f,-0.7947256337362797f,2.4806992282161167f,-0.07803940750134436f,-0.8015832899018269f,-0.5927681504829715f,1.418353964477586f,0f,0f,0f,1f], start_interpolation: 0, interpolation_duration: 1 }
$data merge entity $(bone_suspicious_stew) { transformation: [-0.4190027039255485f,0.8985541982805566f,0.13052619222005146f,1.0263466084245827f,0.4976485899506786f,0.34750114820323935f,-0.7947256337362798f,2.4922451264778913f,-0.7594620563419745f,-0.2680360139045064f,-0.5927681504829717f,1.3165070593433863f,0f,0f,0f,1f], start_interpolation: 0, interpolation_duration: 1 }
$data merge entity $(bone_log) { transformation: [-0.13052619222005143f,9.816564102282773e-17f,-0.9914448613738105f,0.9676358000270555f,0.7947256337362797f,0.5978831234866591f,-0.10462761457810701f,2.636581625643151f,0.5927681504829715f,-0.8015832899018269f,-0.07803940750134448f,1.2682230649868111f,0f,0f,0f,1f], start_interpolation: 0, interpolation_duration: 1 }
$data merge entity $(bone_planks) { transformation: [-0.13052619222005143f,9.816564102282773e-17f,-0.9914448613738105f,0.9553989695064257f,0.7947256337362797f,0.5978831234866591f,-0.10462761457810701f,2.7110871538059276f,0.5927681504829715f,-0.8015832899018269f,-0.07803940750134448f,1.3237950790945896f,0f,0f,0f,1f], start_interpolation: 0, interpolation_duration: 1 }
$data merge entity $(bone_lefthand1) { transformation: [-0.13052619222005143f,9.816564102282773e-17f,-0.9914448613738105f,1.03125f,0.7947256337362797f,0.5978831234866591f,-0.10462761457810701f,2.590640611036312f,0.5927681504829715f,-0.8015832899018269f,-0.07803940750134448f,0.9220739363750285f,0f,0f,0f,1f], start_interpolation: 0, interpolation_duration: 1 }
$data merge entity $(bone_leftforearm) { transformation: [-1f,9.816564102282773e-17f,7.321956534421587e-17f,0.96875f,0f,0.5978831234866591f,-0.8015832899018269f,3.023551921142585f,-1.2246467991473532e-16f,-0.8015832899018269f,-0.5978831234866591f,0.36780260946728555f,0f,0f,0f,1f], start_interpolation: 0, interpolation_duration: 1 }
$data merge entity $(bone_leftelbow) { transformation: [-1f,1.1246032638472578e-16f,4.847961237530192e-17f,0.96875f,0f,0.39586607672559404f,-0.9183082539637146f,3.097776810528634f,-1.2246467991473532e-16f,-0.9183082539637146f,-0.39586607672559404f,0.19561981184908905f,0f,0f,0f,1f], start_interpolation: 0, interpolation_duration: 1 }
$data merge entity $(bone_leftarm) { transformation: [-1f,2.479241965506009e-17f,1.199288695613611e-16f,0.75f,0f,0.9792935370823674f,-0.20244546976582584f,3.59375f,-1.2246467991473532e-16f,-0.20244546976582584f,-0.9792935370823674f,0.12500000000000008f,0f,0f,0f,1f], start_interpolation: 0, interpolation_duration: 1 }
$data merge entity $(bone_rightthumb2) { transformation: [0.05924597318620031f,0.20601948101544718f,-0.9767527261816807f,-1.1366893918985592f,0.9741311911995421f,0.20182736091729947f,0.10165696590651724f,2.726704080413822f,0.21807874035169184f,-0.9575080625390493f,-0.18873254403874112f,1.4130076401298286f,0f,0f,0f,1f], start_interpolation: 0, interpolation_duration: 1 }
$data merge entity $(bone_rightthumb) { transformation: [0.05924597318620031f,0.20601948101544718f,-0.9767527261816807f,-1.1696355054232994f,0.9741311911995421f,0.20182736091729947f,0.10165696590651724f,2.784888077137539f,0.21807874035169184f,-0.9575080625390493f,-0.18873254403874112f,1.162057357720405f,0f,0f,0f,1f], start_interpolation: 0, interpolation_duration: 1 }
$data merge entity $(bone_rightpointerfinger) { transformation: [0.05020314060034158f,0.20840766917394501f,-0.9767527261816807f,-1.2765409033540185f,0.964400448318544f,0.2441262717645768f,0.10165696590651724f,2.8299742436508684f,0.2596370927984926f,-0.9470842659783825f,-0.18873254403874112f,1.4912452149651807f,0f,0f,0f,1f], start_interpolation: 0, interpolation_duration: 1 }
$data merge entity $(bone_rightmidfinger) { transformation: [0.05020314060034158f,0.20840766917394501f,-0.9767527261816807f,-1.4291585168199061f,0.964400448318544f,0.2441262717645768f,0.10165696590651724f,2.8458581445737616f,0.2596370927984926f,-0.9470842659783825f,-0.18873254403874112f,1.4617557549591274f,0f,0f,0f,1f], start_interpolation: 0, interpolation_duration: 1 }
$data merge entity $(bone_rightringfinger) { transformation: [0.022570986286304308f,0.21317753745345128f,-0.9767527261816807f,-1.5817761302857938f,0.9242849961177118f,0.3679172559616662f,0.10165696590651724f,2.861742045496655f,0.3810351644267814f,-0.905092387710183f,-0.18873254403874112f,1.432266294953074f,0f,0f,0f,1f], start_interpolation: 0, interpolation_duration: 1 }
$data merge entity $(bone_hugeasssword) { transformation: [0.000002320467283126179f,0.000008069096339771683f,-0.00003825614844211583f,-1.3877862600196393f,0.00003815347165531541f,0.000007904904969260896f,0.000003981564498005259f,2.62651233950542f,0.000008541417330441265f,-0.00003750239911611277f,-0.000007392024641517361f,1.2122837103505701f,0f,0f,0f,1f], start_interpolation: 0, interpolation_duration: 1 }
$data merge entity $(bone_ice) { transformation: [0.05924597318620031f,0.20601948101544718f,-0.9767527261816807f,-1.39193103274154f,0.9741311911995421f,0.20182736091729947f,0.10165696590651724f,2.6081379871285946f,0.21807874035169184f,-0.9575080625390493f,-0.18873254403874112f,1.2238372935097477f,0f,0f,0f,1f], start_interpolation: 0, interpolation_duration: 1 }
$data merge entity $(bone_righthand1) { transformation: [0.05924597318620031f,0.20601948101544718f,-0.9767527261816807f,-1.3561381918843056f,0.9741311911995421f,0.20182736091729947f,0.10165696590651724f,2.9053044053423838f,0.21807874035169184f,-0.9575080625390493f,-0.18873254403874112f,1.0330820709616977f,0f,0f,0f,1f], start_interpolation: 0, interpolation_duration: 1 }
$data merge entity $(bone_rightforearm) { transformation: [-0.948775414460801f,0.1991263548114035f,-0.2453037050968824f,-1.1529961398615987f,0.3012752773821229f,0.33630612267113735f,-0.8922619565420407f,3.136881536080114f,-0.09517573300511087f,-0.9204601494217057f,-0.3790708287029099f,0.3977549934108632f,0f,0f,0f,1f], start_interpolation: 0, interpolation_duration: 1 }
$data merge entity $(bone_rightelbow) { transformation: [-0.948775414460801f,0.1991263548114035f,-0.2453037050968824f,-1.1156599483344605f,0.3012752773821229f,0.33630612267113735f,-0.8922619565420407f,3.199938934080952f,-0.09517573300511087f,-0.9204601494217057f,-0.3790708287029099f,0.2251687153942933f,0f,0f,0f,1f], start_interpolation: 0, interpolation_duration: 1 }
$data merge entity $(bone_rightarm) { transformation: [-0.948775414460801f,0.3159094938007791f,-0.005138544664663168f,-0.75f,0.3012752773821229f,0.8996857223302259f,-0.31590949380077904f,3.59375f,-0.09517573300511087f,-0.30127527738212284f,-0.948775414460801f,0.12499999999999992f,0f,0f,0f,1f], start_interpolation: 0, interpolation_duration: 1 }
$data merge entity $(bone_chest1) { transformation: [-1.0833333333333333f,0f,1.3267006990762992e-16f,-0.0023231250000000023f,0f,1.0833333333333333f,0f,3.433449375f,-1.3267006990762992e-16f,0f,-1.0833333333333333f,0.014930625000000003f,0f,0f,0f,1f], start_interpolation: 0, interpolation_duration: 1 }
$data merge entity $(bone_chest1lid) { transformation: [-1f,0f,1.2246467991473532e-16f,-0.3437500000000001f,0f,1f,0f,2.75f,-1.2246467991473532e-16f,0f,-1f,0.40624999999999994f,0f,0f,0f,1f], start_interpolation: 0, interpolation_duration: 1 }
$data merge entity $(bone_chest2) { transformation: [-1f,0f,1.2246467991473532e-16f,-0.3437500000000001f,0f,1f,0f,2.59375f,-1.2246467991473532e-16f,0f,-1f,0.40624999999999994f,0f,0f,0f,1f], start_interpolation: 0, interpolation_duration: 1 }
$data merge entity $(bone_chest1lid3) { transformation: [-1f,0f,1.2246467991473532e-16f,-0.28125f,0f,1f,0f,2.75f,-1.2246467991473532e-16f,0f,-1f,-0.23437500000000006f,0f,0f,0f,1f], start_interpolation: 0, interpolation_duration: 1 }
$data merge entity $(bone_chest3) { transformation: [-1f,0f,1.2246467991473532e-16f,-0.28125f,0f,1f,0f,2.59375f,-1.2246467991473532e-16f,0f,-1f,-0.23437500000000006f,0f,0f,0f,1f], start_interpolation: 0, interpolation_duration: 1 }
$data merge entity $(bone_hugeasssword2) { transformation: [-1.3493280322890861e-15f,2.887669569172986f,-2.646061646494669f,-1.234375f,2.1741867565575984e-16f,2.6460616464946694f,2.887669569172986f,4.59375f,3.916666666666667f,5.710562051440511e-16f,-1.1937237951956666e-15f,-0.25000000000000017f,0f,0f,0f,1f], start_interpolation: 0, interpolation_duration: 1 }
$data merge entity $(bone_belt) { transformation: [-1f,0f,1.2246467991473532e-16f,0.029705624999999982f,0f,1f,0f,3.035119375f,-1.2246467991473532e-16f,0f,-1f,0.145833125f,0f,0f,0f,1f], start_interpolation: 0, interpolation_duration: 1 }
$data merge entity $(bone_torn_part) { transformation: [-1f,-3.6825839484795376e-17f,1.16796641102639e-16f,-0.09375000000000003f,0f,0.9537169507482269f,0.30070579950427306f,2.75f,-1.2246467991473532e-16f,0.30070579950427306f,-0.9537169507482269f,0.140625f,0f,0f,0f,1f], start_interpolation: 0, interpolation_duration: 1 }
$data merge entity $(bone_lowerbody) { transformation: [-1f,0f,1.2246467991473532e-16f,0.0039062499999999653f,0f,1f,0f,2.26171875f,-1.2246467991473532e-16f,0f,-1f,0.28125f,0f,0f,0f,1f], start_interpolation: 0, interpolation_duration: 1 }
$data merge entity $(bone_leftfoot) { transformation: [-0.9753667896506382f,-0.02460740142011357f,-0.21921245731471808f,0.3114976819820885f,-0.042585433717795204f,0.996069375651865f,0.07766775214701946f,0.1992629896040936f,0.21643961393810282f,0.08508980364211069f,-0.9725809060610187f,-0.16751296009328714f,0f,0f,0f,1f], start_interpolation: 0, interpolation_duration: 1 }
$data merge entity $(bone_leftlowerleg) { transformation: [-0.9753667896506382f,0.01383228403457909f,-0.22015515793411344f,0.36066874892071027f,-0.042585433717795204f,0.9674499800561696f,0.2494534363851988f,1.234200382087105f,0.21643961393810282f,0.2526840003001849f,-0.9430295273800398f,0.2577007138674913f,0f,0f,0f,1f], start_interpolation: 0, interpolation_duration: 1 }
$data merge entity $(bone_leftleg) { transformation: [-0.9753667896506382f,-0.08050528342632243f,-0.20537410982656798f,0.25f,-0.042585433717795204f,0.982231028163715f,-0.18278043699345545f,2.28125f,0.21643961393810282f,-0.1695320224998769f,-0.9614638770465722f,0.10937500000000003f,0f,0f,0f,1f], start_interpolation: 0, interpolation_duration: 1 }
$data merge entity $(bone_rightfoot) { transformation: [-0.9905012255519768f,0.032088122729740494f,0.13370742148330111f,-0.33083474853985745f,0.0432462174596361f,0.995742760305851f,0.08140098263484513f,0.17221868289729136f,-0.1305261922200517f,0.08641011328638332f,-0.9876721143508955f,-0.2153928397085701f,0f,0f,0f,1f], start_interpolation: 0, interpolation_duration: 1 }
$data merge entity $(bone_rightlowerleg) { transformation: [-0.9905012255519768f,0.014361283793756563f,0.13675187643256384f,-0.3359140268555628f,0.0432462174596361f,0.9765990826491129f,0.21067509687750224f,1.2232639832794716f,-0.1305261922200517f,0.21458794303666334f,-0.967943659438827f,0.17138596811699403f,0f,0f,0f,1f], start_interpolation: 0, interpolation_duration: 1 }
$data merge entity $(bone_rightleg) { transformation: [-0.9905012255519768f,0.05481868212497511f,0.12610406127525378f,-0.25f,0.0432462174596361f,0.9947503226498171f,-0.09274459695054237f,2.28125f,-0.1305261922200517f,-0.08641011328638344f,-0.9876721143508955f,0.10937499999999997f,0f,0f,0f,1f], start_interpolation: 0, interpolation_duration: 1 }
data modify entity @s data merge value {"locators":{"lefthand":{"posx":0.9953639565066511,"posy":2.5170012849357626,"posz":1.2764941111448214,"roty":274.5006320475419,"rotx":-6.0057122738299125},"righthand":{"posx":-1.3743340157996113,"posy":2.6947208436969294,"posz":1.262192184895497,"roty":280.9361735338649,"rotx":5.834593936656224},"chest":{"posx":-0.3750000000000001,"posy":2.6875,"posz":0.5625,"roty":0,"rotx":0},"sack":{"posx":0,"posy":-0.4375,"posz":0,"roty":0,"rotx":0}},"cameras":{}}