# This file was generated by Animated Java via MC-Build. It is not recommended to edit this file directly.
$data merge entity $(bone_nose) { transformation: [-0.9999300497396626f,-0.00033046826299620163f,-0.011823130649848745f,-0.016325268799358143f,-0.000662062295375028f,0.9996062094210622f,0.028053302129563862f,4.186269156810544f,0.01180920408635927f,0.02805916744279313f,-0.9995365054970549f,0.17330099304287422f,0f,0f,0f,1f], start_interpolation: 0, interpolation_duration: 1 }
$data merge entity $(bone_glowing_eye) { transformation: [-0.9999300497396626f,-0.00033046826299620163f,-0.011823130649848745f,-0.14092632486979234f,-0.000662062295375028f,0.9996062094210622f,0.028053302129563862f,4.2528889236907546f,0.01180920408635927f,0.02805916744279313f,-0.9995365054970549f,0.21155642823991733f,0f,0f,0f,1f], start_interpolation: 0, interpolation_duration: 1 }
$data merge entity $(bone_head) { transformation: [-0.9999300497396626f,-0.00033046826299620163f,-0.011823130649848745f,-0.01849840394079412f,-0.000662062295375028f,0.9996062094210622f,0.028053302129563862f,4.068094026930908f,0.01180920408635927f,0.02805916744279313f,-0.9995365054970549f,-0.017331873604914644f,0f,0f,0f,1f], start_interpolation: 0, interpolation_duration: 1 }
$data merge entity $(bone_leftthumb2) { transformation: [-0.7942057329301686f,0.012005089070179487f,0.6075303544822028f,0.7238545361738672f,-0.36361596293045684f,0.7916532092966606f,-0.49098740076752917f,2.2529060652755515f,-0.4868477023495238f,-0.6108527433405819f,-0.6243702752936555f,1.338977100680325f,0f,0f,0f,1f], start_interpolation: 0, interpolation_duration: 1 }
$data merge entity $(bone_leftthumb) { transformation: [-0.7942057329301686f,0.012005089070179487f,0.6075303544822028f,0.7787167194983236f,-0.36361596293045684f,0.7916532092966606f,-0.49098740076752917f,2.4050945216553967f,-0.4868477023495238f,-0.6108527433405819f,-0.6243702752936555f,1.1358129239707149f,0f,0f,0f,1f], start_interpolation: 0, interpolation_duration: 1 }
$data merge entity $(bone_leftpointerfinger) { transformation: [-0.7942057329301686f,0.012005089070179487f,0.6075303544822028f,0.8901217870527613f,-0.36361596293045684f,0.7916532092966606f,-0.49098740076752917f,2.1620887738894705f,-0.4868477023495238f,-0.6108527433405819f,-0.6243702752936555f,1.3602305911694326f,0f,0f,0f,1f], start_interpolation: 0, interpolation_duration: 1 }
$data merge entity $(bone_leftmidfinger) { transformation: [-0.7942057329301686f,0.012005089070179487f,0.6075303544822028f,0.9850484049406055f,-0.36361596293045684f,0.7916532092966606f,-0.49098740076752917f,2.085371992519544f,-0.4868477023495238f,-0.6108527433405819f,-0.6243702752936555f,1.2626727356547989f,0f,0f,0f,1f], start_interpolation: 0, interpolation_duration: 1 }
$data merge entity $(bone_leftringfinger) { transformation: [-0.7942057329301686f,0.012005089070179487f,0.6075303544822028f,1.0799750228284497f,-0.36361596293045684f,0.7916532092966606f,-0.49098740076752917f,2.008655211149618f,-0.4868477023495238f,-0.6108527433405819f,-0.6243702752936555f,1.1651148801401652f,0f,0f,0f,1f], start_interpolation: 0, interpolation_duration: 1 }
$data merge entity $(bone_invisibility) { transformation: [0.06490916536847618f,-0.6041722056103057f,0.7942057329301685f,0.7235359451678368f,0.7458483582350119f,0.5581161689292773f,0.3636159629304567f,2.1958412068808175f,-0.6629457193234638f,0.5687550333383301f,0.4868477023495235f,1.2216461992789476f,0f,0f,0f,1f], start_interpolation: 0, interpolation_duration: 1 }
$data merge entity $(bone_swiftness) { transformation: [0.6075303544822026f,0.012005089070179487f,0.7942057329301687f,0.7944574785233508f,-0.4909874007675292f,0.7916532092966606f,0.3636159629304567f,1.9776396099009288f,-0.6243702752936556f,-0.6108527433405819f,0.4868477023495237f,1.1619399925123126f,0f,0f,0f,1f], start_interpolation: 0, interpolation_duration: 1 }
$data merge entity $(bone_suspicious_stew) { transformation: [0.2676337280743518f,-0.5455359212534752f,0.7942057329301688f,0.8368851480830851f,0.509981226369161f,0.779552807866897f,0.363615962930457f,2.0666723250511247f,-0.8174908784494364f,0.3077141179227227f,0.48684770234952385f,1.1332104950054769f,0f,0f,0f,1f], start_interpolation: 0, interpolation_duration: 1 }
$data merge entity $(bone_log) { transformation: [-0.7942057329301686f,0.012005089070179487f,0.6075303544822028f,0.7924069821210076f,-0.36361596293045684f,0.7916532092966606f,-0.49098740076752917f,2.108524945277499f,-0.4868477023495238f,-0.6108527433405819f,-0.6243702752936555f,0.9819445733382461f,0f,0f,0f,1f], start_interpolation: 0, interpolation_duration: 1 }
$data merge entity $(bone_planks) { transformation: [-0.7942057329301686f,0.012005089070179487f,0.6075303544822028f,0.7179501946588043f,-0.36361596293045684f,0.7916532092966606f,-0.49098740076752917f,2.0744359487527686f,-0.4868477023495238f,-0.6108527433405819f,-0.6243702752936555f,0.9363026012429783f,0f,0f,0f,1f], start_interpolation: 0, interpolation_duration: 1 }
$data merge entity $(bone_lefthand1) { transformation: [-0.7942057329301686f,0.012005089070179487f,0.6075303544822028f,0.9749743640435257f,-0.36361596293045684f,0.7916532092966606f,-0.49098740076752917f,2.4126855946082637f,-0.4868477023495238f,-0.6108527433405819f,-0.6243702752936555f,0.9704548841934082f,0f,0f,0f,1f], start_interpolation: 0, interpolation_duration: 1 }
$data merge entity $(bone_leftforearm) { transformation: [-0.9825608173861708f,0.012005089070179487f,0.1855535447622521f,0.9191061170724497f,-0.10402275622619359f,0.7916532092966606f,-0.6020502158436649f,2.9722223697533985f,-0.15412172567333232f,-0.6108527433405819f,-0.7765986219590915f,0.5434507946455891f,0f,0f,0f,1f], start_interpolation: 0, interpolation_duration: 1 }
$data merge entity $(bone_leftelbow) { transformation: [-0.9935317612532983f,-0.0008739015320536614f,0.1135512028867666f,0.9189422605351897f,-0.05716260617150208f,0.8678808088008546f,-0.49347273295578975f,3.134950021403559f,-0.09811766322432003f,-0.49677171619496097f,-0.8623171030149597f,0.45030609785903397f,0f,0f,0f,1f], start_interpolation: 0, interpolation_duration: 1 }
$data merge entity $(bone_leftarm) { transformation: [-0.9935317612532983f,-0.0008739015320536614f,0.1135512028867666f,0.6976217619047924f,-0.05716260617150208f,0.8678808088008546f,-0.49347273295578975f,3.5718071286088384f,-0.09811766322432003f,-0.49677171619496097f,-0.8623171030149597f,0.20740441040045093f,0f,0f,0f,1f], start_interpolation: 0, interpolation_duration: 1 }
$data merge entity $(bone_rightthumb2) { transformation: [0.5097960986917187f,-0.8495785155177336f,-0.13536721807508537f,-1.0735037832030208f,0.5317822591553362f,0.4348871206358367f,-0.7266916960807505f,2.5178529444988342f,0.6762511120925053f,0.29847870657009284f,0.6734945397832818f,0.06582893574946105f,0f,0f,0f,1f], start_interpolation: 0, interpolation_duration: 1 }
$data merge entity $(bone_rightthumb) { transformation: [0.5097960986917187f,-0.8495785155177336f,-0.13536721807508537f,-1.2934246863335301f,0.5317822591553362f,0.4348871206358367f,-0.7266916960807505f,2.5624044935635477f,0.6762511120925053f,0.29847870657009284f,0.6734945397832818f,0.19658375957900687f,0f,0f,0f,1f], start_interpolation: 0, interpolation_duration: 1 }
$data merge entity $(bone_rightpointerfinger) { transformation: [-0.6079604903983294f,-0.6892882781097496f,-0.3940377034943728f,-1.4472705219283888f,-0.41638323771770946f,0.6993652502024434f,-0.5809589022960152f,2.3293618859288268f,0.6760244385096891f,-0.18912936437732283f,-0.7121945254408304f,0.4059847475707765f,0f,0f,0f,1f], start_interpolation: 0, interpolation_duration: 1 }
$data merge entity $(bone_rightmidfinger) { transformation: [-0.5413714935817191f,-0.7427322493079046f,-0.3940377034943728f,-1.5088389130993847f,-0.47948714909063883f,0.6577072507582233f,-0.5809589022960152f,2.2385870574450744f,0.6906583669181388f,-0.12557857356285046f,-0.7121945254408304f,0.2947043529706468f,0f,0f,0f,1f], start_interpolation: 0, interpolation_duration: 1 }
$data merge entity $(bone_rightringfinger) { transformation: [-0.5559948764228082f,-0.7318497015210614f,-0.3940377034943728f,-1.5704073042703803f,-0.46634920536657654f,0.667087080145442f,-0.5809589022960152f,2.147812228961322f,0.6880320603326191f,-0.13925100317973177f,-0.7121945254408304f,0.183423958370517f,0f,0f,0f,1f], start_interpolation: 0, interpolation_duration: 1 }
$data merge entity $(bone_hugeasssword) { transformation: [-3.574687256492577f,0.4243461417906838f,-1.5433143386862935f,-1.2382425133294155f,1.326492118073557f,2.8988186367447644f,-2.2754223673260596f,2.3080406424361284f,0.8957161697413313f,-2.5994342924925733f,-2.789428557976586f,0.11027459713276316f,0f,0f,0f,1f], start_interpolation: 0, interpolation_duration: 1 }
$data merge entity $(bone_ice) { transformation: [-1.3690291620609867f,0.1625155436645172f,-0.5910565552415592f,-1.2256746631377855f,0.5080182579856175f,1.1101858608809736f,-0.8714383534440229f,2.2911843495312683f,0.3430402352200843f,-0.9955280269120492f,-1.0682917881612455f,0.11707134496288779f,0f,0f,0f,1f], start_interpolation: 0, interpolation_duration: 1 }
$data merge entity $(bone_righthand1) { transformation: [-0.9126861080406579f,0.1083436957763448f,-0.3940377034943728f,-1.439073944438063f,0.3386788386570783f,0.7401239072539824f,-0.5809589022960152f,2.542730070312283f,0.22869349014672286f,-0.6636853512746995f,-0.7121945254408304f,-0.013932699239132318f,0f,0f,0f,1f], start_interpolation: 0, interpolation_duration: 1 }
$data merge entity $(bone_rightforearm) { transformation: [-0.8789082263782745f,0.19997998087106894f,-0.4330454212382374f,-1.2367649215326029f,0.3954686346545943f,0.8131103473214147f,-0.42714882896161516f,3.0964056940592655f,0.2666924982241284f,-0.5466805011427198f,-0.7937351832074211f,-0.4025835955064993f,0f,0f,0f,1f], start_interpolation: 0, interpolation_duration: 1 }
$data merge entity $(bone_rightelbow) { transformation: [-0.8736022566998621f,0.472449386673506f,-0.11666479383574158f,-1.1481806615313206f,0.4785280989737097f,0.8775795139319293f,-0.029411821086190837f,3.2609518529215022f,0.08848703623421708f,-0.08152161528592619f,-0.9927357506706697f,-0.4178688983726105f,0f,0f,0f,1f], start_interpolation: 0, interpolation_duration: 1 }
$data merge entity $(bone_rightarm) { transformation: [-0.8736022566998621f,0.48566476854550406f,0.030803079108266074f,-0.715210379827607f,0.4785280989737097f,0.8458067632408705f,0.23584269704319782f,3.5718071286088384f,0.08848703623421708f,0.22077285125133483f,-0.9713029355298173f,-0.29648579518787127f,0f,0f,0f,1f], start_interpolation: 0, interpolation_duration: 1 }
$data merge entity $(bone_chest1) { transformation: [-1.020378769028955f,-0.04186800165605776f,0.3615042866459454f,0.03194250669653734f,0f,1.076140047881663f,0.12463429887620361f,3.425234049025367f,-0.36392070403601046f,0.11739156227638847f,-1.0136034991017713f,-0.1656761487618396f,0f,0f,0f,1f], start_interpolation: 0, interpolation_duration: 1 }
$data merge entity $(bone_chest1lid) { transformation: [-0.9418880944882663f,0.2297458628363139f,0.24507887703933318f,-0.39381168380040127f,0f,0.7295603516043405f,-0.6839164374153842f,2.701302609877375f,-0.3359268037255481f,-0.64417275002638f,-0.6871642093868018f,0.01170156431948225f,0f,0f,0f,1f], start_interpolation: 0, interpolation_duration: 1 }
$data merge entity $(bone_chest2) { transformation: [-0.9418880944882663f,-0.03864738614405332f,0.33369626459625734f,-0.38777302971539296f,0f,0.9933600441984582f,0.11504704511649565f,2.5460901029713656f,-0.3359268037255481f,0.10836144210128168f,-0.9356339991708659f,-0.005229911008843013f,0f,0f,0f,1f], start_interpolation: 0, interpolation_duration: 1 }
$data merge entity $(bone_chest1lid3) { transformation: [-0.9418880944882663f,-0.03864738614405332f,0.33369626459625734f,-0.1211695083879073f,0f,0.9933600441984582f,0.11504704511649565f,2.7750046231551297f,-0.3359268037255481f,0.10836144210128168f,-0.9356339991708659f,-0.5666935411665068f,0f,0f,0f,1f], start_interpolation: 0, interpolation_duration: 1 }
$data merge entity $(bone_chest3) { transformation: [-0.9418880944882663f,-0.03864738614405332f,0.33369626459625734f,-0.11513085430289897f,0f,0.9933600441984582f,0.11504704511649565f,2.6197921162491205f,-0.3359268037255481f,0.10836144210128168f,-0.9356339991708659f,-0.5836250164948321f,0f,0f,0f,1f], start_interpolation: 0, interpolation_duration: 1 }
$data merge entity $(bone_hugeasssword2) { transformation: [-1.3069770363353421f,2.6175982218070475f,-2.6038948430116085f,-1.084948712515818f,-0.45060092670627444f,2.62849191411379f,2.86849557086422f,4.608309814725982f,3.664566496752558f,1.256776664490866f,-0.5759709925401447f,-0.7017016483302266f,0f,0f,0f,1f], start_interpolation: 0, interpolation_duration: 1 }
$data merge entity $(bone_belt) { transformation: [-0.9418880944882663f,-0.03864738614405332f,0.33369626459625734f,0.03382274304932757f,0f,0.9933600441984582f,0.11504704511649565f,3.014488996796433f,-0.3359268037255481f,0.10836144210128168f,-0.9356339991708659f,-0.07560361680275421f,0f,0f,0f,1f], start_interpolation: 0, interpolation_duration: 1 }
$data merge entity $(bone_torn_part) { transformation: [-0.9418880944882663f,-0.12357825550961754f,0.31237034466553104f,-0.07187923334691994f,0f,0.9298762147028232f,0.3678725666993243f,2.7347088384598104f,-0.3359268037255481f,0.34649479086293417f,-0.8758393359764043f,-0.14673873196319234f,0f,0f,0f,1f], start_interpolation: 0, interpolation_duration: 1 }
$data merge entity $(bone_lowerbody) { transformation: [-0.9418880944882663f,-0.023927102789343863f,0.3350735907429458f,-0.015334542158917615f,0f,0.9974601223446895f,0.0712271319941837f,2.2376514476595104f,-0.3359268037255481f,0.06708798762986591f,-0.9394958139632726f,-0.014574587658179539f,0f,0f,0f,1f], start_interpolation: 0, interpolation_duration: 1 }
$data merge entity $(bone_leftfoot) { transformation: [-0.9978457279135929f,-0.041697150912934425f,-0.05064830589798561f,0.40709082722471f,-0.054183575855540005f,0.9590750034026762f,0.2779195530286842f,0.187463136767279f,0.03698707060715806f,0.2800651450179059f,-0.9592681956335258f,-0.3842813622256714f,0f,0f,0f,1f], start_interpolation: 0, interpolation_duration: 1 }
$data merge entity $(bone_leftlowerleg) { transformation: [-0.9978457279135929f,-0.041697150912934425f,-0.05064830589798561f,0.3686149410455606f,-0.054183575855540005f,0.9590750034026762f,0.2779195530286842f,1.20873584524231f,0.03698707060715806f,0.2800651450179059f,-0.9592681956335258f,0.07380326948930331f,0f,0f,0f,1f], start_interpolation: 0, interpolation_duration: 1 }
$data merge entity $(bone_leftleg) { transformation: [-0.9978457279135929f,-0.060071387870929464f,-0.02636914188691586f,0.27429311433227455f,-0.054183575855540005f,0.9812460300071899f,-0.18498748255661995f,2.254433936276768f,0.03698707060715806f,-0.18316019478693832f,-0.9823870416762998f,-0.09406539097439094f,0f,0f,0f,1f], start_interpolation: 0, interpolation_duration: 1 }
$data merge entity $(bone_rightfoot) { transformation: [-0.8862973247353164f,0.011519116788418729f,0.46297339244867614f,-0.26608089918610894f,-0.006753887690048933f,0.9992628123549272f,-0.037791756317903186f,0.10214932124622944f,-0.46306742183843086f,-0.036621602817685894f,-0.8855661584765829f,-0.1652353674773766f,0f,0f,0f,1f], start_interpolation: 0, interpolation_duration: 1 }
$data merge entity $(bone_rightlowerleg) { transformation: [-0.8862973247353164f,0.011519116788418729f,0.46297339244867614f,-0.32443571524010406f,-0.006753887690048933f,0.9992628123549272f,-0.037791756317903186f,1.2165130417217889f,-0.46306742183843086f,-0.036621602817685894f,-0.8855661584765829f,-0.06979909220526323f,0f,0f,0f,1f], start_interpolation: 0, interpolation_duration: 1 }
$data merge entity $(bone_rightleg) { transformation: [-0.8862973247353164f,0.10525440581026932f,0.4509972973583636f,-0.1966509329118586f,-0.006753887690048933f,0.9707896754310781f,-0.2398370093990755f,2.254433936276768f,-0.46306742183843086f,-0.21561288489779357f,-0.8596974157795053f,-0.262028792837165f,0f,0f,0f,1f], start_interpolation: 0, interpolation_duration: 1 }
data modify entity @s data merge value {"locators":{"lefthand":{"posx":0.8564332102108185,"posy":2.0884377129629206,"posz":1.08506520155846,"roty":44.216822953211164,"rotx":-29.40550124251266},"righthand":{"posx":-1.306775016896003,"posy":2.320448537452901,"posz":0.16000948273782323,"roty":331.0454473703014,"rotx":-35.51801501587432},"chest":{"posx":-0.4729702664623215,"posy":2.6212415063155188,"posz":0.14062407394217655,"roty":19.62890625,"rotx":6.606338545462829},"sack":{"posx":0,"posy":-0.4375,"posz":0,"roty":0,"rotx":0}},"cameras":{}}