# This file was generated by Animated Java via MC-Build. It is not recommended to edit this file directly.
$data merge entity $(bone_nose) { transformation: [-0.983773776638151f,-0.11105437068450491f,0.14091161467734942f,-0.4097045038902094f,-0.112333195715926f,0.9936699547415706f,-0.0011287976489928742f,3.7463261854476437f,-0.1398942798664645f,-0.0169395335164077f,-0.9900215364651872f,3.706669018022458f,0f,0f,0f,1f], start_interpolation: 0, interpolation_duration: 1 }
$data merge entity $(bone_glowing_eye) { transformation: [-0.983773776638151f,-0.11105437068450491f,0.14091161467734942f,-0.5451127080460063f,-0.112333195715926f,0.9936699547415706f,-0.0011287976489928742f,3.799603455587f,-0.1398942798664645f,-0.0169395335164077f,-0.9900215364651872f,3.7225827092647923f,0f,0f,0f,1f], start_interpolation: 0, interpolation_duration: 1 }
$data merge entity $(bone_head) { transformation: [-0.983773776638151f,-0.11105437068450491f,0.14091161467734942f,-0.3696054528365881f,-0.112333195715926f,0.9936699547415706f,-0.0011287976489928742f,3.6234195516510015f,-0.1398942798664645f,-0.0169395335164077f,-0.9900215364651872f,3.523374175874233f,0f,0f,0f,1f], start_interpolation: 0, interpolation_duration: 1 }
$data merge entity $(bone_leftthumb2) { transformation: [-0.037451610497046706f,-0.17993700093040932f,0.9829649294696873f,0.7117210417266447f,-0.11741588077578385f,0.977633691534733f,0.17448746693621647f,1.450933429329885f,-0.9923763841470755f,-0.10888085631707821f,-0.05774141767254565f,3.5098236573342545f,0f,0f,0f,1f], start_interpolation: 0, interpolation_duration: 1 }
$data merge entity $(bone_leftthumb) { transformation: [-0.037451610497046706f,-0.17993700093040932f,0.9829649294696873f,0.7515945672361246f,-0.11741588077578385f,0.977633691534733f,0.17448746693621647f,1.7056020226317934f,-0.9923763841470755f,-0.10888085631707821f,-0.05774141767254565f,3.4781870067281617f,0f,0f,0f,1f], start_interpolation: 0, interpolation_duration: 1 }
$data merge entity $(bone_leftpointerfinger) { transformation: [-0.037451610497046706f,-0.17993700093040932f,0.9829649294696873f,0.8608091466334212f,-0.11741588077578385f,0.977633691534733f,0.17448746693621647f,1.4058374295694456f,-0.9923763841470755f,-0.10888085631707821f,-0.05774141767254565f,3.619748075769889f,0f,0f,0f,1f], start_interpolation: 0, interpolation_duration: 1 }
$data merge entity $(bone_leftmidfinger) { transformation: [-0.037451610497046706f,-0.17993700093040932f,0.9829649294696873f,1.0143974168630598f,-0.11741588077578385f,0.977633691534733f,0.17448746693621647f,1.4331010962782293f,-0.9923763841470755f,-0.10888085631707821f,-0.05774141767254565f,3.6107259792585538f,0f,0f,0f,1f], start_interpolation: 0, interpolation_duration: 1 }
$data merge entity $(bone_leftringfinger) { transformation: [-0.037451610497046706f,-0.17993700093040932f,0.9829649294696873f,1.1679856870926986f,-0.11741588077578385f,0.977633691534733f,0.17448746693621647f,1.4603647629870133f,-0.9923763841470755f,-0.10888085631707821f,-0.05774141767254565f,3.6017038827472185f,0f,0f,0f,1f], start_interpolation: 0, interpolation_duration: 1 }
$data merge entity $(bone_invisibility) { transformation: [-0.09358124779457326f,-0.9949069941117048f,0.03745161049704691f,0.8033887061425338f,0.9891210849637452f,-0.08861709892447289f,0.11741588077578392f,1.4852979035938407f,-0.11349902793131611f,0.04803210224237502f,0.9923763841470753f,3.423573079384899f,0f,0f,0f,1f], start_interpolation: 0, interpolation_duration: 1 }
$data merge entity $(bone_swiftness) { transformation: [0.9829649294696873f,-0.17993700093040932f,0.03745161049704692f,1.0101105398699992f,0.17448746693621645f,0.977633691534733f,0.1174158807757839f,1.3795108182466036f,-0.05774141767254587f,-0.10888085631707821f,0.9923763841470755f,3.375804805618499f,0f,0f,0f,1f], start_interpolation: 0, interpolation_duration: 1 }
$data merge entity $(bone_suspicious_stew) { transformation: [0.25234062472529767f,-0.9669134325183533f,0.03745161049704669f,0.996129177336713f,0.9597786174794364f,0.25502650131095894f,0.11741588077578399f,1.4721877243536907f,-0.12308214550660156f,0.006316458237601429f,0.9923763841470757f,3.4178503537111595f,0f,0f,0f,1f], start_interpolation: 0, interpolation_duration: 1 }
$data merge entity $(bone_log) { transformation: [-0.037451610497046706f,-0.17993700093040932f,0.9829649294696873f,1.0162024448052054f,-0.11741588077578385f,0.977633691534733f,0.17448746693621647f,1.5915632969854379f,-0.9923763841470755f,-0.10888085631707821f,-0.05774141767254565f,3.308498331704336f,0f,0f,0f,1f], start_interpolation: 0, interpolation_duration: 1 }
$data merge entity $(bone_planks) { transformation: [-0.037451610497046706f,-0.17993700093040932f,0.9829649294696873f,1.0126913563211073f,-0.11741588077578385f,0.977633691534733f,0.17448746693621647f,1.580555558162708f,-0.9923763841470755f,-0.10888085631707821f,-0.05774141767254565f,3.2154630456905475f,0f,0f,0f,1f], start_interpolation: 0, interpolation_duration: 1 }
$data merge entity $(bone_lefthand1) { transformation: [-0.037451610497046706f,-0.17993700093040932f,0.9829649294696873f,0.949863443150937f,-0.11741588077578385f,0.977633691534733f,0.17448746693621647f,1.8598729567213104f,-0.9923763841470755f,-0.10888085631707821f,-0.05774141767254565f,3.5311766329641023f,0f,0f,0f,1f], start_interpolation: 0, interpolation_duration: 1 }
$data merge entity $(bone_leftforearm) { transformation: [-0.9452370907315631f,-0.17993700093040932f,0.27230409104804265f,0.7600131697783945f,-0.20248357455663923f,0.977633691534733f,-0.056857428810457605f,2.535504819997043f,-0.25598289853054007f,-0.10888085631707821f,-0.9605299135308399f,3.4536291296069175f,0f,0f,0f,1f], start_interpolation: 0, interpolation_duration: 1 }
$data merge entity $(bone_leftelbow) { transformation: [-0.9730768593671076f,-0.21011666884239955f,0.09472281266315669f,0.7206162943704446f,-0.19786689037378605f,0.9723305704485159f,0.1241851660427748f,2.7178168019561397f,-0.11819525987980323f,0.10209920296376851f,-0.9877275096382144f,3.472772730162624f,0f,0f,0f,1f], start_interpolation: 0, interpolation_duration: 1 }
$data merge entity $(bone_leftarm) { transformation: [-0.9730768593671076f,-0.21011666884239955f,0.09472281266315669f,0.39973730906696636f,-0.19786689037378605f,0.9723305704485159f,0.1241851660427748f,3.1568179184722953f,-0.11819525987980323f,0.10209920296376851f,-0.9877275096382144f,3.5288336032219956f,0f,0f,0f,1f], start_interpolation: 0, interpolation_duration: 1 }
$data merge entity $(bone_rightthumb2) { transformation: [0.9156430974307467f,0.25484051559110277f,-0.3108923121286363f,-1.8575486601430549f,-0.09715746861706473f,0.8907439263402986f,0.4439996441212456f,3.506952683989631f,0.39007453700459976f,-0.37633969934240197f,0.8403631871277552f,4.050778513877624f,0f,0f,0f,1f], start_interpolation: 0, interpolation_duration: 1 }
$data merge entity $(bone_rightthumb) { transformation: [0.9156430974307467f,0.25484051559110277f,-0.3108923121286363f,-1.8216190147619367f,-0.09715746861706473f,0.8907439263402986f,0.4439996441212456f,3.763344050932633f,0.39007453700459976f,-0.37633969934240197f,0.8403631871277552f,4.030299362225615f,0f,0f,0f,1f], start_interpolation: 0, interpolation_duration: 1 }
$data merge entity $(bone_rightpointerfinger) { transformation: [-0.3725711130107202f,0.105275771420517f,-0.9220128945420276f,-1.9930897736434607f,0.34749568462352026f,0.9370858008836301f,-0.0334208161228326f,3.887239844665763f,0.8604867895081157f,-0.33284713268120614f,-0.3857139760857982f,4.307921016674313f,0f,0f,0f,1f], start_interpolation: 0, interpolation_duration: 1 }
$data merge entity $(bone_rightmidfinger) { transformation: [-0.3819440798546349f,0.0633319995123163f,-0.9220128945420276f,-2.1371542884156525f,0.241489674290413f,0.9698277095756719f,-0.0334208161228326f,3.88201784214657f,0.8920770466025378f,-0.23542147645654166f,-0.3857139760857982f,4.247653207910907f,0f,0f,0f,1f], start_interpolation: 0, interpolation_duration: 1 }
$data merge entity $(bone_rightringfinger) { transformation: [-0.37535027383742553f,0.09489148659601378f,-0.9220128945420276f,-2.281218803187844f,0.3213453915000698f,0.9463721194178062f,-0.0334208161228326f,3.8767958396273774f,0.8693959462131373f,-0.3088291070482962f,-0.3857139760857982f,4.187385399147501f,0f,0f,0f,1f], start_interpolation: 0, interpolation_duration: 1 }
$data merge entity $(bone_hugeasssword) { transformation: [-0.04555477625436741f,1.5156889816659969f,-3.6112171702896085f,-2.0410521402975466f,3.9096502727523523f,-0.19436610996578024f,-0.13089819648109435f,3.607310730963602f,-0.2298636224060867f,-3.606270442428139f,-1.5107130730027098f,4.0822418205532225f,0f,0f,0f,1f], start_interpolation: 0, interpolation_duration: 1 }
$data merge entity $(bone_ice) { transformation: [-0.01744651005486411f,0.5804766312763392f,-1.3830193418130414f,-2.046917037393604f,1.4973128704157945f,-0.07443808466774562f,-0.050131224184248896f,3.5924891186120598f,-0.08803287666616086f,-1.3811248502916276f,-0.5785709641286974f,4.0975455468757f,0f,0f,0f,1f], start_interpolation: 0, interpolation_duration: 1 }
$data merge entity $(bone_righthand1) { transformation: [-0.011631006703242741f,0.3869844208508928f,-0.9220128945420276f,-1.9818915868111295f,0.9982085802771963f,-0.04962538977849708f,-0.0334208161228326f,3.828590515732896f,-0.05868858444410724f,-0.9207499001944184f,-0.3857139760857982f,3.840632363963387f,0f,0f,0f,1f], start_interpolation: 0, interpolation_duration: 1 }
$data merge entity $(bone_rightforearm) { transformation: [0.43954127997270676f,0.6019252630418306f,-0.6667004131631971f,-1.5757170222774617f,0.8943798894594249f,-0.2247072121543216f,0.38677032220218155f,3.6086512278112655f,0.08299443674428524f,-0.7662849643036561f,-0.6371179458715971f,3.3066060640451047f,0f,0f,0f,1f], start_interpolation: 0, interpolation_duration: 1 }
$data merge entity $(bone_rightelbow) { transformation: [0.35764393909391357f,0.7282878479379464f,-0.5845405232961216f,-1.4391630507890967f,0.8737006277233592f,-0.03992240104805911f,0.4848230759878968f,3.6011657776147543f,0.3297544934420107f,-0.6841074567935014f,-0.6505835546755931f,3.1783359158963234f,0f,0f,0f,1f], start_interpolation: 0, interpolation_duration: 1 }
$data merge entity $(bone_rightarm) { transformation: [0.35764393909391357f,0.870355191002773f,-0.3384858258833234f,-1.0716423849056498f,0.8737006277233592f,-0.18386378127716418f,0.450379088158266f,3.3040375281567416f,0.3297544934420107f,-0.45681062972416636f,-0.8261876437140739f,2.903615169459865f,0f,0f,0f,1f], start_interpolation: 0, interpolation_duration: 1 }
$data merge entity $(bone_chest1) { transformation: [-0.9928531268331036f,-0.20092413499798645f,0.38403550828556354f,-0.2210019717815329f,0.09934040166866127f,0.8288484946575178f,0.6904728587072678f,3.173314286820528f,-0.421882998288802f,0.6680200416083252f,-0.7411984018301532f,3.0617016549021936f,0f,0f,0f,1f], start_interpolation: 0, interpolation_duration: 1 }
$data merge entity $(bone_chest1lid) { transformation: [-0.9164798093844033f,-0.18546843230583365f,0.3544943153405202f,-0.5458750188786989f,0.09169883230953349f,0.7650909181454011f,0.6373595618836319f,2.432310677345894f,-0.3894304599588942f,0.616633884561531f,-0.6841831401509106f,2.775035705710607f,0f,0f,0f,1f], start_interpolation: 0, interpolation_duration: 1 }
$data merge entity $(bone_chest2) { transformation: [-0.9164798093844033f,-0.18546843230583365f,0.3544943153405202f,-0.5168955763309124f,0.09169883230953349f,0.7650909181454011f,0.6373595618836319f,2.312765221385675f,-0.3894304599588942f,0.616633884561531f,-0.6841831401509106f,2.678686661247868f,0f,0f,0f,1f], start_interpolation: 0, interpolation_duration: 1 }
$data merge entity $(bone_chest1lid3) { transformation: [-0.9164798093844033f,-0.18546843230583365f,0.3544943153405202f,-0.26149711002715287f,0.09169883230953349f,0.7650909181454011f,0.6373595618836319f,2.83488796965825f,-0.3894304599588942f,0.616633884561531f,-0.6841831401509106f,2.361070285298861f,0f,0f,0f,1f], start_interpolation: 0, interpolation_duration: 1 }
$data merge entity $(bone_chest3) { transformation: [-0.9164798093844033f,-0.18546843230583365f,0.3544943153405202f,-0.23251766747936636f,0.09169883230953349f,0.7650909181454011f,0.6373595618836319f,2.715342513698031f,-0.3894304599588942f,0.616633884561531f,-0.6841831401509106f,2.264721240836122f,0f,0f,0f,1f], start_interpolation: 0, interpolation_duration: 1 }
$data merge entity $(bone_hugeasssword2) { transformation: [-1.3884360684170385f,2.1557299509608407f,-2.96063362141059f,-1.4714353767333472f,-2.4963249507108913f,1.7596818069970017f,2.4519705251816974f,4.3428835426882895f,2.6797172989244f,2.756197760399626f,0.7501778996952524f,3.116122741246005f,0f,0f,0f,1f], start_interpolation: 0, interpolation_duration: 1 }
$data merge entity $(bone_belt) { transformation: [-0.9164798093844033f,-0.18546843230583365f,0.3544943153405202f,-0.1641748205601919f,0.09169883230953349f,0.7650909181454011f,0.6373595618836319f,2.782186662370864f,-0.3894304599588942f,0.616633884561531f,-0.6841831401509106f,2.918112134012812f,0f,0f,0f,1f], start_interpolation: 0, interpolation_duration: 1 }
$data merge entity $(bone_torn_part) { transformation: [-0.9164798093844033f,-0.26997236961158505f,0.2952620507905368f,-0.2255991669464383f,0.09169883230953349f,0.5766136420973891f,0.8118546864434868f,2.5774607430553473f,-0.3894304599588942f,0.7711236135623717f,-0.5036986097486416f,2.6974448048928177f,0f,0f,0f,1f], start_interpolation: 0, interpolation_duration: 1 }
$data merge entity $(bone_lowerbody) { transformation: [-0.9164798093844033f,-0.16869021408599452f,0.3627786799997337f,-0.10474666883952821f,0.09169883230953349f,0.794055617069231f,0.600888509753574f,2.096283363006438f,-0.3894304599588942f,0.5839685682230031f,-0.7122672449184926f,2.550496802112203f,0f,0f,0f,1f], start_interpolation: 0, interpolation_duration: 1 }
$data merge entity $(bone_leftfoot) { transformation: [-0.9846084711738067f,0.003692598116720139f,0.17473558084124544f,0.12440217012603846f,-0.003050256974643511f,0.9992614533294031f,-0.03830461881285202f,0.13306926932590257f,-0.17474797402307035f,-0.03824804059239695f,-0.9838700284924196f,2.8627067845540832f,0f,0f,0f,1f], start_interpolation: 0, interpolation_duration: 1 }
$data merge entity $(bone_leftlowerleg) { transformation: [-0.9846084711738067f,0.003692598116720139f,0.17473558084124544f,0.1016512886336837f,-0.003050256974643511f,0.9992614533294031f,-0.03830461881285202f,1.2475102812110963f,-0.17474797402307035f,-0.03824804059239695f,-0.9838700284924196f,2.9714426899683786f,0f,0f,0f,1f], start_interpolation: 0, interpolation_duration: 1 }
$data merge entity $(bone_leftleg) { transformation: [-0.9846084711738067f,0.09056567419566891f,0.14947915289518793f,0.16321558532759808f,-0.003050256974643511f,0.8462334941993953f,-0.5328034996389106f,2.1604132504046554f,-0.17474797402307035f,-0.5250587890442039f,-0.8329324184003564f,2.4297979743441207f,0f,0f,0f,1f], start_interpolation: 0, interpolation_duration: 1 }
$data merge entity $(bone_rightfoot) { transformation: [-0.7863361679366402f,-0.023234625230972805f,0.617361792780454f,-0.41419383137644616f,0.41043022671152246f,0.7272525669329666f,0.5501370128349292f,0.5337496797744732f,-0.4617601758448298f,0.6859765710866423f,-0.5623288041030485f,0.9845591182741211f,0f,0f,0f,1f], start_interpolation: 0, interpolation_duration: 1 }
$data merge entity $(bone_rightlowerleg) { transformation: [-0.7863361679366402f,-0.023234625230972805f,0.617361792780454f,-0.53482468224493f,0.41043022671152246f,0.7272525669329666f,0.5501370128349292f,1.2560193510430773f,-0.4617601758448298f,0.6859765710866423f,-0.5623288041030485f,1.8319637373852804f,0f,0f,0f,1f], start_interpolation: 0, interpolation_duration: 1 }
$data merge entity $(bone_rightleg) { transformation: [-0.789694363332237f,0.18316744152661366f,0.5855190013021674f,-0.3307793394108064f,0.4075627043724207f,0.8699835821659434f,0.27752695142337425f,2.1604132504046554f,-0.45855801653218503f,0.4577971768439685f,-0.7616733488495975f,2.3525385779402f,0f,0f,0f,1f], start_interpolation: 0, interpolation_duration: 1 }
data modify entity @s data merge value {"locators":{"lefthand":{"posx":1.0184122844640278,"posy":1.5234670369861383,"posz":3.4109421442690295,"roty":86.63818921043739,"rotx":10.048833239043104},"righthand":{"posx":-2.0396476243706085,"posy":3.6873687699802553,"posz":4.1124569901509425,"roty":292.70146114070434,"rotx":-1.9152283606415874},"chest":{"posx":-0.6183129726748032,"posy":2.2877706519271617,"posz":2.831230001700376,"roty":27.389930290604298,"rotx":39.59520927495683},"sack":{"posx":0,"posy":-0.4375,"posz":0,"roty":0,"rotx":0}},"cameras":{}}