# This file was generated by Animated Java via MC-Build. It is not recommended to edit this file directly.
$data merge entity $(bone_nose) { transformation: [-0.9999486253133834f,-0.010104703840332581f,0.0008010581588680735f,-0.03670764309344751f,-0.010086843744505119f,0.9997526365333251f,0.019822243262020867f,3.834984114049631f,-0.001001157903958643f,0.019813144752006517f,-0.9998031991236512f,1.6624375351299803f,0f,0f,0f,1f], start_interpolation: 0, interpolation_duration: 1 }
$data merge entity $(bone_glowing_eye) { transformation: [-0.9999486253133834f,-0.010104703840332581f,0.0008010581588680735f,-0.1624133452334447f,-0.010086843744505119f,0.9997526365333251f,0.019822243262020867f,3.900722925497516f,-0.001001157903958643f,0.019813144752006517f,-0.9998031991236512f,1.6985426587839167f,0f,0f,0f,1f], start_interpolation: 0, interpolation_duration: 1 }
$data merge entity $(bone_head) { transformation: [-0.9999486253133834f,-0.010104703840332581f,0.0008010581588680735f,-0.03530994369490391f,-0.010086843744505119f,0.9997526365333251f,0.019822243262020867f,3.715249596879515f,-0.001001157903958643f,0.019813144752006517f,-0.9998031991236512f,1.4727729218801806f,0f,0f,0f,1f], start_interpolation: 0, interpolation_duration: 1 }
$data merge entity $(bone_leftthumb2) { transformation: [-0.982908604649554f,-0.028311320861229176f,0.18190421660027384f,0.9693684060814135f,-0.13749864348554142f,0.7699335837273735f,-0.6231343351865306f,1.9374060866172356f,-0.12241240927905464f,-0.637495682934258f,-0.7606671126680061f,2.3402061314976335f,0f,0f,0f,1f], start_interpolation: 0, interpolation_duration: 1 }
$data merge entity $(bone_leftthumb) { transformation: [-0.982908604649554f,-0.028311320861229176f,0.18190421660027384f,0.9779703465652214f,-0.13749864348554142f,0.7699335837273735f,-0.6231343351865306f,2.072975021075293f,-0.12241240927905464f,-0.637495682934258f,-0.7606671126680061f,2.1188603866948026f,0f,0f,0f,1f], start_interpolation: 0, interpolation_duration: 1 }
$data merge entity $(bone_leftpointerfinger) { transformation: [-0.982908604649554f,-0.028311320861229176f,0.18190421660027384f,1.1032923875094949f,-0.13749864348554142f,0.7699335837273735f,-0.6231343351865306f,1.806170056084111f,-0.12241240927905464f,-0.637495682934258f,-0.7606671126680061f,2.3057712440161895f,0f,0f,0f,1f], start_interpolation: 0, interpolation_duration: 1 }
$data merge entity $(bone_leftmidfinger) { transformation: [-0.982908604649554f,-0.028311320861229176f,0.18190421660027384f,1.1317149213532878f,-0.13749864348554142f,0.7699335837273735f,-0.6231343351865306f,1.7088053162112156f,-0.12241240927905464f,-0.637495682934258f,-0.7606671126680061f,2.1869170076618136f,0f,0f,0f,1f], start_interpolation: 0, interpolation_duration: 1 }
$data merge entity $(bone_leftringfinger) { transformation: [-0.982908604649554f,-0.028311320861229176f,0.18190421660027384f,1.1601374551970804f,-0.13749864348554142f,0.7699335837273735f,-0.6231343351865306f,1.6114405763383202f,-0.12241240927905464f,-0.637495682934258f,-0.7606671126680061f,2.0680627713074378f,0f,0f,0f,1f], start_interpolation: 0, interpolation_duration: 1 }
$data merge entity $(bone_invisibility) { transformation: [-0.012349590631203205f,-0.1836795103355529f,0.9829086046495538f,0.910215966649748f,0.7126940181772362f,0.6878672542678719f,0.1374986434855413f,1.8840734941253325f,-0.7013663265837807f,0.7022111349080631f,0.1224124092790544f,2.2368636742263073f,0f,0f,0f,1f], start_interpolation: 0, interpolation_duration: 1 }
$data merge entity $(bone_swiftness) { transformation: [0.18190421660027362f,-0.028311320861229176f,0.982908604649554f,0.896963886140911f,-0.6231343351865306f,0.7699335837273735f,0.13749864348554128f,1.6558124473759583f,-0.7606671126680061f,-0.637495682934258f,0.12241240927905447f,2.1741906429959723f,0f,0f,0f,1f], start_interpolation: 0, interpolation_duration: 1 }
$data merge entity $(bone_suspicious_stew) { transformation: [0.05121727326508628f,-0.1768260892095854f,0.9829086046495542f,0.9456501004276695f,0.43444885286567525f,0.8901394931601085f,0.13749864348554153f,1.7311451695406375f,-0.8992391145646348f,0.41998121016482265f,0.1224124092790546f,2.1241212007385997f,0f,0f,0f,1f], start_interpolation: 0, interpolation_duration: 1 }
$data merge entity $(bone_log) { transformation: [-0.982908604649554f,-0.028311320861229176f,0.18190421660027384f,0.858490263787258f,-0.13749864348554142f,0.7699335837273735f,-0.6231343351865306f,1.785286947717921f,-0.12241240927905464f,-0.637495682934258f,-0.7606671126680061f,1.9973018060955932f,0f,0f,0f,1f], start_interpolation: 0, interpolation_duration: 1 }
$data merge entity $(bone_planks) { transformation: [-0.982908604649554f,-0.028311320861229176f,0.18190421660027384f,0.7663425821013623f,-0.13749864348554142f,0.7699335837273735f,-0.6231343351865306f,1.7723964498911515f,-0.12241240927905464f,-0.637495682934258f,-0.7606671126680061f,1.985825642725682f,0f,0f,0f,1f], start_interpolation: 0, interpolation_duration: 1 }
$data merge entity $(bone_lefthand1) { transformation: [-0.982908604649554f,-0.028311320861229176f,0.18190421660027384f,1.0914550779655807f,-0.13749864348554142f,0.7699335837273735f,-0.6231343351865306f,2.0316179524957287f,-0.12241240927905464f,-0.637495682934258f,-0.7606671126680061f,1.892301834952668f,0f,0f,0f,1f], start_interpolation: 0, interpolation_duration: 1 }
$data merge entity $(bone_leftforearm) { transformation: [-0.982908604649554f,-0.028311320861229176f,0.18190421660027384f,1.0072746393100525f,-0.13749864348554142f,0.7699335837273735f,-0.6231343351865306f,2.5741203123234815f,-0.12241240927905464f,-0.637495682934258f,-0.7606671126680061f,1.4482973309450144f,0f,0f,0f,1f], start_interpolation: 0, interpolation_duration: 1 }
$data merge entity $(bone_leftelbow) { transformation: [-0.9950239241334522f,-0.09908528027391325f,0.010464111768618615f,0.9886961492586936f,-0.09961014334282374f,0.9868556602510019f,-0.12725456838078975f,2.7591557486205445f,0.002282486645786022f,-0.12766367166738965f,-0.9918148905875092f,1.424360392507379f,0f,0f,0f,1f], start_interpolation: 0, interpolation_duration: 1 }
$data merge entity $(bone_leftarm) { transformation: [-0.9950239241334522f,-0.09908528027391325f,0.010464111768618615f,0.7211650222247751f,-0.09961014334282374f,0.9868556602510019f,-0.12725456838078975f,3.2347705651517025f,0.002282486645786022f,-0.12766367166738965f,-0.9918148905875092f,1.3920220659583094f,0f,0f,0f,1f], start_interpolation: 0, interpolation_duration: 1 }
$data merge entity $(bone_rightthumb2) { transformation: [-0.8625556203843069f,-0.05343703664181211f,0.5031324724745813f,-1.0465747969867447f,-0.16905465776389056f,0.9676956160459765f,-0.18704469351930755f,1.5918575019928223f,-0.4768839737627775f,-0.24639333960222923f,-0.8437250723831093f,1.4558502085599232f,0f,0f,0f,1f], start_interpolation: 0, interpolation_duration: 1 }
$data merge entity $(bone_rightthumb) { transformation: [-0.8625556203843069f,-0.05343703664181211f,0.5031324724745813f,-1.0166833861788778f,-0.16905465776389056f,0.9676956160459765f,-0.18704469351930755f,1.8131932222145515f,-0.4768839737627775f,-0.24639333960222923f,-0.8437250723831093f,1.323321454599344f,0f,0f,0f,1f], start_interpolation: 0, interpolation_duration: 1 }
$data merge entity $(bone_rightpointerfinger) { transformation: [-0.8625556203843069f,-0.05343703664181211f,0.5031324724745813f,-1.0699070448630705f,-0.16905465776389056f,0.9676956160459765f,-0.18704469351930755f,1.4684100249978222f,-0.4768839737627775f,-0.24639333960222923f,-0.8437250723831093f,1.3124604717580635f,0f,0f,0f,1f], start_interpolation: 0, interpolation_duration: 1 }
$data merge entity $(bone_rightmidfinger) { transformation: [-0.8625556203843069f,-0.05343703664181211f,0.5031324724745813f,-0.9912925960389173f,-0.16905465776389056f,0.9676956160459765f,-0.18704469351930755f,1.4391842916354305f,-0.4768839737627775f,-0.24639333960222923f,-0.8437250723831093f,1.1806284291982028f,0f,0f,0f,1f], start_interpolation: 0, interpolation_duration: 1 }
$data merge entity $(bone_rightringfinger) { transformation: [-0.8625556203843069f,-0.05343703664181211f,0.5031324724745813f,-0.912678147214764f,-0.16905465776389056f,0.9676956160459765f,-0.18704469351930755f,1.4099585582730387f,-0.4768839737627775f,-0.24639333960222923f,-0.8437250723831093f,1.0487963866383418f,0f,0f,0f,1f], start_interpolation: 0, interpolation_duration: 1 }
$data merge entity $(bone_hugeasssword) { transformation: [-3.3783428465052023f,-0.2092950601804308f,1.9706021838587768f,-0.7808921023246193f,-0.6621307429085714f,3.7901411628467416f,-0.7325917162839546f,1.6835751804495422f,-1.867795563904212f,-0.9650405801087312f,-3.304589866833845f,1.2704352918782236f,0f,0f,0f,1f], start_interpolation: 0, interpolation_duration: 1 }
$data merge entity $(bone_ice) { transformation: [-1.2938334305764603f,-0.08015555496271817f,0.754698708711872f,-0.7665797170585862f,-0.25358198664583587f,1.4515434240689649f,-0.28056704027896134f,1.6710964154763845f,-0.7153259606441663f,-0.36959000940334386f,-1.265587608574664f,1.281736499899552f,0f,0f,0f,1f], start_interpolation: 0, interpolation_duration: 1 }
$data merge entity $(bone_righthand1) { transformation: [-0.8625556203843069f,-0.05343703664181211f,0.5031324724745813f,-0.9798549915502852f,-0.16905465776389056f,0.9676956160459765f,-0.18704469351930755f,1.8649115083744277f,-0.4768839737627775f,-0.24639333960222923f,-0.8437250723831093f,1.074550763046328f,0f,0f,0f,1f], start_interpolation: 0, interpolation_duration: 1 }
$data merge entity $(bone_rightforearm) { transformation: [-0.993115952328356f,-0.03408372216421958f,0.11206696709724373f,-0.9435014080373743f,-0.028372137006727104f,0.9982350016052426f,0.052171864178429984f,2.5677535670632463f,-0.1136473804036588f,0.04863313123389583f,-0.9923301323016311f,1.1313540530376027f,0f,0f,0f,1f], start_interpolation: 0, interpolation_duration: 1 }
$data merge entity $(bone_rightelbow) { transformation: [-0.9922478092538997f,-0.03381254677633097f,0.11958677481785067f,-0.9498412605579363f,-0.02869118761443843f,0.9986065738327534f,0.04429138123024112f,2.7549922996568874f,-0.1209177438761987f,0.04051693940203155f,-0.9918353073153738f,1.1389509791754837f,0f,0f,0f,1f], start_interpolation: 0, interpolation_duration: 1 }
$data merge entity $(bone_rightarm) { transformation: [-0.9922478092538997f,-0.06820803574029342f,0.10388430531744317f,-0.7701374546949625f,-0.02869118761443843f,0.9390693413889195f,0.34252822922593384f,3.220099160478695f,-0.1209177438761987f,0.33689232096299204f,-0.9337464662808949f,1.3630274732011762f,0f,0f,0f,1f], start_interpolation: 0, interpolation_duration: 1 }
$data merge entity $(bone_chest1) { transformation: [-1.08307624413662f,-0.015538204633603624f,0.0177630148000783f,-0.02687561477598186f,-0.01065528295927647f,1.0495120158997373f,0.2683693435141914f,3.099341886421562f,-0.021057669459873623f,0.26813094523002107f,-1.0494157812221452f,1.231099971543164f,0f,0f,0f,1f], start_interpolation: 0, interpolation_duration: 1 }
$data merge entity $(bone_chest1lid) { transformation: [-0.9997626868953416f,-0.014342958123326423f,0.016396629046226123f,-0.36483509756969923f,-0.009835645808562896f,0.9687803223689884f,0.2477255478592536f,2.336931620214338f,-0.019437848732191038f,0.24750548790463486f,-0.9686914903589032f,1.4343736451513813f,0f,0f,0f,1f], start_interpolation: 0, interpolation_duration: 1 }
$data merge entity $(bone_chest2) { transformation: [-0.9997626868953416f,-0.014342958123326423f,0.016396629046226123f,-0.3625940103629295f,-0.009835645808562896f,0.9687803223689884f,0.2477255478592536f,2.1855596948441836f,-0.019437848732191038f,0.24750548790463486f,-0.9686914903589032f,1.395700912666282f,0f,0f,0f,1f], start_interpolation: 0, interpolation_duration: 1 }
$data merge entity $(bone_chest1lid3) { transformation: [-0.9997626868953416f,-0.014342958123326423f,0.016396629046226123f,-0.29184583915600176f,-0.009835645808562896f,0.9687803223689884f,0.2477255478592536f,2.4962455271747075f,-0.019437848732191038f,0.24750548790463486f,-0.9686914903589032f,0.8150205246859707f,0f,0f,0f,1f], start_interpolation: 0, interpolation_duration: 1 }
$data merge entity $(bone_chest3) { transformation: [-0.9997626868953416f,-0.014342958123326423f,0.016396629046226123f,-0.289604751949232f,-0.009835645808562896f,0.9687803223689884f,0.2477255478592536f,2.344873601804553f,-0.019437848732191038f,0.24750548790463486f,-0.9686914903589032f,0.7763477922008716f,0f,0f,0f,1f], start_interpolation: 0, interpolation_duration: 1 }
$data merge entity $(bone_hugeasssword2) { transformation: [-0.0642201304310532f,2.8490319359548844f,-2.6868514250948743f,-1.27093328181416f,-0.9702583957820765f,2.5918545499938728f,2.771491730975979f,4.276930358316545f,3.7940416705723714f,0.7110448631155406f,0.66328031960491f,1.2376962639004139f,0f,0f,0f,1f], start_interpolation: 0, interpolation_duration: 1 }
$data merge entity $(bone_belt) { transformation: [-0.9997626868953416f,-0.014342958123326423f,0.016396629046226123f,0.008712405157458313f,-0.009835645808562896f,0.9687803223689884f,0.2477255478592536f,2.6813347505243676f,-0.019437848732191038f,0.24750548790463486f,-0.9686914903589032f,1.2599378183603984f,0f,0f,0f,1f], start_interpolation: 0, interpolation_duration: 1 }
$data merge entity $(bone_torn_part) { transformation: [-0.9997626868953416f,-0.018604410947434893f,0.01133339248001261f,-0.11054066601665255f,-0.009835645808562896f,0.849695159968208f,0.5271825065365218f,2.4052116594148054f,-0.019437848732191038f,0.5269459279849312f,-0.8496765025683387f,1.1819968260415676f,0f,0f,0f,1f], start_interpolation: 0, interpolation_duration: 1 }
$data merge entity $(bone_lowerbody) { transformation: [-0.9997626868953416f,-0.01433532523245663f,0.016403302785924972f,-0.008214635055139589f,-0.009835645808562896f,0.9688955141431377f,0.2472746302086676f,1.8983056640625f,-0.019437848732191038f,0.2470546116221766f,-0.9688065797221239f,1.1995013441491034f,0f,0f,0f,1f], start_interpolation: 0, interpolation_duration: 1 }
$data merge entity $(bone_leftfoot) { transformation: [-0.9920913912294462f,-0.035657191539996f,0.12034631751699724f,0.25172910049229646f,-0.03909989200118662f,0.9988873760822645f,-0.026366803920534143f,0.33488389467030255f,-0.11927225114802446f,-0.030863807201451765f,-0.9923817589572645f,1.8937721296062646f,0f,0f,0f,1f], start_interpolation: 0, interpolation_duration: 1 }
$data merge entity $(bone_leftlowerleg) { transformation: [-0.9920913912294462f,-0.035657191539996f,0.12034631751699724f,0.19368121845626593f,-0.03909989200118662f,0.9988873760822645f,-0.026366803920534143f,1.4470757215791876f,-0.11927225114802446f,-0.030863807201451765f,-0.9923817589572645f,2.0120077090857422f,0f,0f,0f,1f], start_interpolation: 0, interpolation_duration: 1 }
$data merge entity $(bone_leftleg) { transformation: [-0.9920913912294462f,0.09179994800590967f,0.08560047309760713f,0.257986610416276f,-0.03909989200118662f,0.42201958970528575f,-0.9057431558397102f,1.9178369140625f,-0.11927225114802446f,-0.9019269568269342f,-0.4150926338240515f,1.0607928500922157f,0f,0f,0f,1f], start_interpolation: 0, interpolation_duration: 1 }
$data merge entity $(bone_rightfoot) { transformation: [-0.9879455497547425f,-0.07294046455236308f,0.1365403945749581f,-0.31451561374416864f,-0.006945782691504462f,0.9020321956585853f,0.43161287526920894f,0.31150821230659753f,-0.15464587554345624f,0.42546163942973386f,-0.8916653220525967f,1.1917831759086766f,0f,0f,0f,1f], start_interpolation: 0, interpolation_duration: 1 }
$data merge entity $(bone_rightlowerleg) { transformation: [-0.9879455497547425f,-0.07294046455236308f,0.1365403945749581f,-0.4164127758691625f,-0.006945782691504462f,0.9020321956585853f,0.43161287526920894f,1.245884749386556f,-0.15464587554345624f,0.42546163942973386f,-0.8916653220525967f,1.800780157848635f,0f,0f,0f,1f], start_interpolation: 0, interpolation_duration: 1 }
$data merge entity $(bone_rightleg) { transformation: [-0.9728829505010964f,0.14389328608343782f,0.18108972042717142f,-0.2378394830654999f,-0.05648469754069766f,0.6114187877448054f,-0.7892886322103013f,1.9178369140625f,-0.2242949922936691f,-0.7781142513877911f,-0.58671114547041f,0.9963220425697313f,0f,0f,0f,1f], start_interpolation: 0, interpolation_duration: 1 }
data modify entity @s data merge value {"locators":{"lefthand":{"posx":0.950007514031058,"posy":1.747762858303279,"posz":2.0704677433301812,"roty":13.449011139116692,"rotx":-38.54538325309516},"righthand":{"posx":-0.854470797654502,"posy":1.6430498706465406,"posz":1.2540617275465624,"roty":30.80858624590303,"rotx":-10.780365889516313},"chest":{"posx":-0.3977432199409436,"posy":2.23736836928175,"posz":1.5696551647530392,"roty":0.9697286972750874,"rotx":14.34296254237248},"sack":{"posx":0,"posy":-0.4375,"posz":0,"roty":0,"rotx":0}},"cameras":{}}