# This file was generated by Animated Java via MC-Build. It is not recommended to edit this file directly.
$data merge entity $(bone_nose) { transformation: [-0.9967524492007691f,0.036464908492793824f,0.07179739174148335f,-0.8077839260999596f,0.04803580365492663f,0.9848389565303697f,0.1666877058075905f,2.6238774613345273f,-0.0646306164251371f,0.16959522442800284f,-0.9833922631746306f,1.2984251845667623f,0f,0f,0f,1f], start_interpolation: 0, interpolation_duration: 1 }
$data merge entity $(bone_glowing_eye) { transformation: [-0.9967524492007691f,0.036464908492793824f,0.07179739174148335f,-0.932414426525901f,0.04803580365492663f,0.9848389565303697f,0.1666877058075905f,2.690746864291049f,-0.0646306164251371f,0.16959522442800284f,-0.9833922631746306f,1.3361454198122378f,0f,0f,0f,1f], start_interpolation: 0, interpolation_duration: 1 }
$data merge entity $(bone_head) { transformation: [-0.9967524492007691f,0.036464908492793824f,0.07179739174148335f,-0.7988420784572593f,0.04803580365492663f,0.9848389565303697f,0.1666877058075905f,2.533485730954897f,-0.0646306164251371f,0.16959522442800284f,-0.9833922631746306f,1.0933389779987035f,0f,0f,0f,1f], start_interpolation: 0, interpolation_duration: 1 }
$data merge entity $(bone_leftthumb2) { transformation: [-0.2685253976470848f,-0.08612318208924155f,0.9594148781029497f,0.3677462635901623f,-0.8879133900881442f,-0.3640603854460912f,-0.2811936120380804f,2.3694865402125957f,0.3735022389767615f,-0.9273849434057394f,0.02128953319542576f,3.139457653794124f,0f,0f,0f,1f], start_interpolation: 0, interpolation_duration: 1 }
$data merge entity $(bone_leftthumb) { transformation: [-0.2685253976470848f,-0.08612318208924155f,0.9594148781029497f,0.4286143960521243f,-0.8879133900881442f,-0.3640603854460912f,-0.2811936120380804f,2.2561733580340886f,0.3735022389767615f,-0.9273849434057394f,0.02128953319542576f,2.9138428020939897f,0f,0f,0f,1f], start_interpolation: 0, interpolation_duration: 1 }
$data merge entity $(bone_leftpointerfinger) { transformation: [-0.2750097073417832f,-0.062391926901550473f,0.9594148781029497f,0.5312161029538823f,-0.9162645648690299f,-0.28528827475790997f,-0.2811936120380804f,2.4595652484851933f,0.29125402663852373f,-0.9564088287668441f,0.02128953319542576f,3.1782871261294505f,0f,0f,0f,1f], start_interpolation: 0, interpolation_duration: 1 }
$data merge entity $(bone_leftmidfinger) { transformation: [-0.2756114069683143f,0.05967783527950621f,0.9594148781029497f,0.6811246776574682f,-0.9509857448997404f,0.1286711527362025f,-0.2811936120380804f,2.415628746604243f,-0.14023004437862785f,-0.989890039564945f,0.02128953319542576f,3.181613615691236f,0f,0f,0f,1f], start_interpolation: 0, interpolation_duration: 1 }
$data merge entity $(bone_leftringfinger) { transformation: [-0.191537847358696f,0.2069694293945329f,0.9594148781029497f,0.8310332523610541f,-0.7051991757766998f,0.6508642523851198f,-0.2811936120380804f,2.371692244723293f,-0.6826473287965464f,-0.7304378004068931f,0.02128953319542576f,3.184940105253021f,0f,0f,0f,1f], start_interpolation: 0, interpolation_duration: 1 }
$data merge entity $(bone_invisibility) { transformation: [-0.0021769410758760294f,-0.9632701447392763f,0.26852539764708494f,0.441466152913326f,-0.3871826638797092f,0.2483936321510501f,0.8879133900881439f,2.2620496835616897f,-0.9220004586325126f,-0.1020354436496536f,-0.3735022389767615f,3.1462207698402334f,0f,0f,0f,1f], start_interpolation: 0, interpolation_duration: 1 }
$data merge entity $(bone_swiftness) { transformation: [0.9594148781029496f,-0.08612318208924155f,0.268525397647085f,0.6190333328898823f,-0.28119361203808063f,-0.3640603854460912f,0.8879133900881441f,2.2123804969278202f,0.02128953319542584f,-0.9273849434057394f,-0.3735022389767615f,3.2952492920728393f,0f,0f,0f,1f], start_interpolation: 0, interpolation_duration: 1 }
$data merge entity $(bone_suspicious_stew) { transformation: [0.3274121375001788f,-0.9059224045336547f,0.26852539764708483f,0.6253934667180623f,-0.44878831781347894f,0.10098939298919904f,0.8879133900881444f,2.2263912118723352f,-0.8314988502768429f,-0.41122468246402016f,-0.37350223897676166f,3.19368372653652f,0f,0f,0f,1f], start_interpolation: 0, interpolation_duration: 1 }
$data merge entity $(bone_log) { transformation: [-0.2685253976470848f,-0.08612318208924155f,0.9594148781029497f,0.6344263853385687f,-0.8879133900881442f,-0.3640603854460912f,-0.2811936120380804f,2.0844608328065255f,0.3735022389767615f,-0.9273849434057394f,0.02128953319542576f,3.1137743903834094f,0f,0f,0f,1f], start_interpolation: 0, interpolation_duration: 1 }
$data merge entity $(bone_planks) { transformation: [-0.2685253976470848f,-0.08612318208924155f,0.9594148781029497f,0.6092521293091544f,-0.8879133900881442f,-0.3640603854460912f,-0.2811936120380804f,2.001218952485762f,0.3735022389767615f,-0.9273849434057394f,0.02128953319542576f,3.1487902252874806f,0f,0f,0f,1f], start_interpolation: 0, interpolation_duration: 1 }
$data merge entity $(bone_lefthand) { transformation: [-0.2685253976470848f,-0.08612318208924155f,0.9594148781029497f,0.6500452242873123f,-0.8879133900881442f,-0.3640603854460912f,-0.2811936120380804f,2.2242113843432287f,0.3735022389767615f,-0.9273849434057394f,0.02128953319542576f,2.787887296875427f,0f,0f,0f,1f], start_interpolation: 0, interpolation_duration: 1 }
$data merge entity $(bone_leftforearm) { transformation: [-0.3419197064629577f,-0.1480832562956981f,0.9279882884698206f,0.5094406120493508f,-0.9361275013184646f,0.14004862310004734f,-0.3225704333057027f,2.250885035757333f,-0.08219620190454527f,-0.9790085456075667f,-0.18651019280410314f,2.0825313976708273f,0f,0f,0f,1f], start_interpolation: 0, interpolation_duration: 1 }
$data merge entity $(bone_leftelbow) { transformation: [-0.3419197064629577f,-0.1480832562956981f,0.9279882884698206f,0.4816750014939074f,-0.9361275013184646f,0.14004862310004734f,-0.3225704333057027f,2.277144152588592f,-0.08219620190454527f,-0.9790085456075667f,-0.18651019280410314f,1.8989672953694083f,0f,0f,0f,1f], start_interpolation: 0, interpolation_duration: 1 }
$data merge entity $(bone_leftarm) { transformation: [-0.38415247250007983f,-0.44782826403178155f,0.8073888306177861f,0.0863477637322343f,-0.9218878540539236f,0.1382264312367129f,-0.361961653017849f,2.1551675131581733f,0.050494182040377825f,-0.8833704204023604f,-0.4659474626373985f,1.4997684691388415f,0f,0f,0f,1f], start_interpolation: 0, interpolation_duration: 1 }
$data merge entity $(bone_rightthumb2) { transformation: [-0.6134785753234477f,0.3418219126451107f,0.7119001458454344f,-1.6362070715343808f,0.6976863670649527f,0.6569240905169469f,0.2858049553632512f,2.042211770623729f,-0.36996995936267674f,0.67201824330454f,-0.6414933435625494f,-1.29542815458399f,0f,0f,0f,1f], start_interpolation: 0, interpolation_duration: 1 }
$data merge entity $(bone_rightthumb) { transformation: [-0.6134785753234477f,0.3418219126451107f,0.7119001458454344f,-1.491540604408926f,0.6976863670649527f,0.6569240905169469f,0.2858049553632512f,2.2277416538652863f,-0.36996995936267674f,0.67201824330454f,-0.6414933435625494f,-1.1854411379578729f,0f,0f,0f,1f], start_interpolation: 0, interpolation_duration: 1 }
$data merge entity $(bone_rightpointerfinger) { transformation: [-0.3246588314700498f,0.4220963127829944f,0.8464226756671289f,-1.6360253559747515f,0.8723415809576888f,0.47948041587637535f,0.09549186836196083f,2.2898702135014015f,-0.3655363309997266f,0.7693719734471863f,-0.5238797163407263f,-1.4970344153524653f,0f,0f,0f,1f], start_interpolation: 0, interpolation_duration: 1 }
$data merge entity $(bone_rightmidfinger) { transformation: [-0.16071406681010564f,0.5076806504544511f,0.8464226756671289f,-1.5037718129017625f,0.9837249069905424f,0.15220581606229933f,0.09549186836196083f,2.304790817932958f,-0.08035108024043915f,0.8479939544070785f,-0.5238797163407263f,-1.5788906210307037f,0f,0f,0f,1f], start_interpolation: 0, interpolation_duration: 1 }
$data merge entity $(bone_rightringfinger) { transformation: [0.045800536948742615f,0.5305383727231278f,0.8464226756671289f,-1.3715182698287736f,0.9670899513067815f,-0.23583538572103338f,0.09549186836196083f,2.3197114223645143f,0.2502785186480324f,0.814193285350663f,-0.5238797163407263f,-1.6607468267089422f,0f,0f,0f,1f], start_interpolation: 0, interpolation_duration: 1 }
$data merge entity $(bone_hugeasssword) { transformation: [-0.6294634283395805f,1.9884158809466004f,3.315155479696255f,-1.3711848610890667f,3.8529225523796247f,0.5961394462440057f,0.3740098177510133f,2.0729136354580944f,-0.3147083976083867f,3.3213096547610577f,-2.0518622223345115f,-1.3771129727850753f,0f,0f,0f,1f], start_interpolation: 0, interpolation_duration: 1 }
$data merge entity $(bone_ice) { transformation: [-0.16071406681010564f,0.5076806504544511f,0.8464226756671289f,-1.3766062139585096f,0.9837249069905424f,0.15220581606229933f,0.09549186836196083f,2.055164717910394f,-0.08035108024043915f,0.8479939544070785f,-0.5238797163407263f,-1.389107392693929f,0f,0f,0f,1f], start_interpolation: 0, interpolation_duration: 1 }
$data merge entity $(bone_righthand) { transformation: [-0.16071406681010564f,0.5076806504544511f,0.8464226756671289f,-1.2634138594328255f,0.9837249069905424f,0.15220581606229933f,0.09549186836196083f,2.3421315195599153f,-0.08035108024043915f,0.8479939544070785f,-0.5238797163407263f,-1.2135679152879169f,0f,0f,0f,1f], start_interpolation: 0, interpolation_duration: 1 }
$data merge entity $(bone_rightforearm) { transformation: [-0.5639996920989856f,0.10278106488037708f,0.819353647709159f,-1.1206394639528168f,0.7783330276764902f,0.39763728901895445f,0.48588299456721507f,2.55291682948301f,-0.2758659916339765f,0.9117678646912886f,-0.30426520598992346f,-0.5485137442929973f,0f,0f,0f,1f], start_interpolation: 0, interpolation_duration: 1 }
$data merge entity $(bone_rightelbow) { transformation: [-0.5639996920989856f,0.10278106488037708f,0.819353647709159f,-1.101368014287746f,0.7783330276764902f,0.39763728901895445f,0.48588299456721507f,2.627473821174064f,-0.2758659916339765f,0.9117678646912886f,-0.30426520598992346f,-0.37755726966338066f,0f,0f,0f,1f], start_interpolation: 0, interpolation_duration: 1 }
$data merge entity $(bone_rightarm) { transformation: [-0.458767718762066f,-0.2209726006370917f,0.8606412086285026f,-1.1884854591209328f,0.8700179437822028f,0.08510982541201238f,0.485618260689736f,2.4163504637590427f,-0.18055735299022724f,0.9715592763110323f,0.1532044871899818f,0.15018328229878097f,0f,0f,0f,1f], start_interpolation: 0, interpolation_duration: 1 }
$data merge entity $(bone_chest) { transformation: [-0.8293671331035374f,-0.6334669854240575f,0.2906558927950483f,-0.39476044724984577f,0.15926794184152762f,0.2675720195111451f,1.0376174864502823f,2.449872457364224f,-0.6785241280457855f,0.8370996976845679f,-0.11171488221012521f,0.5760903758443081f,0f,0f,0f,1f], start_interpolation: 0, interpolation_duration: 1 }
$data merge entity $(bone_chest1lid) { transformation: [-0.7655696613263423f,-0.5847387557760532f,0.2682977471954292f,-0.36149727388430936f,0.14701656169987165f,0.2469895564718263f,0.9578007567233376f,1.9564570111009552f,-0.6263299643499559f,0.7727074132472935f,-0.10312142973242328f,-0.12550849181228985f,0f,0f,0f,1f], start_interpolation: 0, interpolation_duration: 1 }
$data merge entity $(bone_chest1) { transformation: [-0.7655696613263423f,-0.5847387557760532f,0.2682977471954292f,-0.27013184329430107f,0.14701656169987165f,0.2469895564718263f,0.9578007567233376f,1.9178648929022324f,-0.6263299643499559f,0.7727074132472935f,-0.10312142973242328f,-0.24624402513217947f,0f,0f,0f,1f], start_interpolation: 0, interpolation_duration: 1 }
$data merge entity $(bone_chest1lid3) { transformation: [-0.7655696613263423f,-0.5847387557760532f,0.2682977471954292f,-0.14177092575434116f,0.14701656169987165f,0.2469895564718263f,0.9578007567233376f,2.560859585770601f,-0.6263299643499559f,0.7727074132472935f,-0.10312142973242328f,-0.15242503496275117f,0f,0f,0f,1f], start_interpolation: 0, interpolation_duration: 1 }
$data merge entity $(bone_chest3) { transformation: [-0.7655696613263423f,-0.5847387557760532f,0.2682977471954292f,-0.05040549516433286f,0.14701656169987165f,0.2469895564718263f,0.9578007567233376f,2.5222674675718784f,-0.6263299643499559f,0.7727074132472935f,-0.10312142973242328f,-0.2731605682826408f,0f,0f,0f,1f], start_interpolation: 0, interpolation_duration: 1 }
$data merge entity $(bone_hugeasssword2) { transformation: [-1.0508328431820986f,0.6634574192161196f,-3.7142768295261304f,-1.9453744378681808f,-3.7513862971664063f,0.22901434107966653f,1.102239111440774f,3.1713373777095235f,0.40389226645199083f,3.8532654284703396f,0.5740159863917924f,0.6736722386013254f,0f,0f,0f,1f], start_interpolation: 0, interpolation_duration: 1 }
$data merge entity $(bone_belt) { transformation: [-0.7655696613263423f,-0.5847387557760532f,0.2682977471954292f,-0.17244206522361402f,0.14701656169987165f,0.2469895564718263f,0.9578007567233376f,2.2214018370772797f,-0.6263299643499559f,0.7727074132472935f,-0.10312142973242328f,0.30185725072673586f,0f,0f,0f,1f], start_interpolation: 0, interpolation_duration: 1 }
$data merge entity $(bone_torn_part) { transformation: [-0.6818133811550446f,-0.6428728397543766f,0.34906306763115047f,-0.07623778727470457f,0.12125399280776708f,0.37125252819510957f,0.9205808109758281f,2.104338920092776f,-0.7214069465330227f,0.669989606049887f,-0.17517404282318028f,-0.0066363505429408165f,0f,0f,0f,1f], start_interpolation: 0, interpolation_duration: 1 }
$data merge entity $(bone_lowerbody) { transformation: [-0.6818133811550446f,-0.5081534356199583f,0.5262229557379252f,0.1644672423143798f,0.12125399280776708f,0.6308938179205885f,0.7663357356523035f,1.676678125f,-0.7214069465330227f,0.5863045935153639f,-0.368536214118347f,-0.17064258811260655f,0f,0f,0f,1f], start_interpolation: 0, interpolation_duration: 1 }
$data merge entity $(bone_leftfoot) { transformation: [-0.9928012560391455f,-0.06641480713838373f,0.09948529783435317f,0.4651068031500437f,0.08529574976314447f,0.189988095178804f,0.9780877384832886f,0.797804354494313f,-0.08385094834034851f,0.9795457067129378f,-0.18294856317358016f,-0.9547948629478253f,0f,0f,0f,1f], start_interpolation: 0, interpolation_duration: 1 }
$data merge entity $(bone_leftlowerleg) { transformation: [-0.9928012560391455f,-0.06641480713838373f,0.09948529783435317f,0.37614239571682895f,0.08529574976314447f,0.189988095178804f,0.9780877384832886f,0.8582934956991972f,-0.08385094834034851f,0.9795457067129378f,-0.18294856317358016f,0.15999790176849693f,0f,0f,0f,1f], start_interpolation: 0, interpolation_duration: 1 }
$data merge entity $(bone_leftleg) { transformation: [-0.9736890015623372f,0.20471723916344842f,0.09991524201788693f,0.5388681705525544f,0.1354244847283124f,0.8729024816179973f,-0.4687318220739429f,1.6052300134069297f,-0.1831664204285534f,-0.442868049846043f,-0.8776943794896652f,-0.24727236480280934f,0f,0f,0f,1f], start_interpolation: 0, interpolation_duration: 1 }
$data merge entity $(bone_rightfoot) { transformation: [-0.7337257181729182f,-0.3147923835703395f,0.6021363537500437f,0.264385706512368f,-0.1923295342102167f,0.9461671156858187f,0.2603009007396442f,0.258917222684123f,-0.651671002570232f,0.07518239872791319f,-0.7547696530484792f,0.011457138082346274f,0f,0f,0f,1f], start_interpolation: 0, interpolation_duration: 1 }
$data merge entity $(bone_rightlowerleg) { transformation: [-0.7337257181729182f,-0.3147923835703395f,0.6021363537500437f,-0.17735271041812395f,-0.1923295342102167f,0.9461671156858187f,0.2603009007396442f,1.2685772720658726f,-0.651671002570232f,0.07518239872791319f,-0.7547696530484792f,0.2108296667447917f,0f,0f,0f,1f], start_interpolation: 0, interpolation_duration: 1 }
$data merge entity $(bone_rightleg) { transformation: [-0.8369927231414446f,0.41336700789685754f,0.35858261477649633f,0.19905113780491784f,-0.14082516431929487f,0.4704944011291555f,-0.8710908453560451f,1.7211368403643021f,-0.5288019048781051f,-0.779578562678911f,-0.3355879132462037f,-0.4856919795631485f,0f,0f,0f,1f], start_interpolation: 0, interpolation_duration: 1 }
data modify entity @s data merge value {"locators":{"lefthand":{"posx":0.6513381574983462,"posy":2.20053858092836,"posz":3.1508778552267325,"roty":91.27119171939592,"rotx":-16.33145611941625},"righthand":{"posx":-1.4128310221926066,"posy":2.143518651621628,"posz":-1.401704591436257,"roty":58.24522922701195,"rotx":5.479630500775218},"chest":{"posx":-0.39079667656404005,"posy":1.7959580631365655,"posz":-0.1772627931304907,"roty":68.97551457967232,"rotx":73.29566626041493},"sack":{"posx":0,"posy":-0.4375,"posz":0,"roty":0,"rotx":0}},"cameras":{}}