# This file was generated by Animated Java via MC-Build. It is not recommended to edit this file directly.
$data merge entity $(bone_nose) { transformation: [-0.9803422208112779f,-0.030295745330618074f,0.19496486326944779f,-0.9116675932689611f,0.010782079071795958f,0.9784386767679158f,0.20625591524981654f,2.644029465440664f,-0.1970098395149379f,0.2043035085834609f,-0.958878094188613f,1.1555469140556343f,0f,0f,0f,1f], start_interpolation: 0, interpolation_duration: 1 }
$data merge entity $(bone_glowing_eye) { transformation: [-0.9803422208112779f,-0.030295745330618074f,0.19496486326944779f,-1.0430650597390114f,0.010782079071795958f,0.9784386767679158f,0.20625591524981654f,2.7044280444834863f,-0.1970098395149379f,0.2043035085834609f,-0.958878094188613f,1.178214342008895f,0f,0f,0f,1f], start_interpolation: 0, interpolation_duration: 1 }
$data merge entity $(bone_head) { transformation: [-0.9803422208112779f,-0.030295745330618074f,0.19496486326944779f,-0.8714186238382201f,0.010782079071795958f,0.9784386767679158f,0.20625591524981654f,2.5618373666643315f,-0.1970098395149379f,0.2043035085834609f,-0.958878094188613f,0.9507654377369241f,0f,0f,0f,1f], start_interpolation: 0, interpolation_duration: 1 }
$data merge entity $(bone_leftthumb2) { transformation: [-0.31892369141556237f,0.1070756741300222f,0.9417125246398036f,-0.08994937482908638f,-0.9102580191846145f,-0.31140997743322063f,-0.27286290415727654f,2.4899317230692115f,0.2640416966389465f,-0.9442238219641792f,0.19678251058309093f,3.1476430334231447f,0f,0f,0f,1f], start_interpolation: 0, interpolation_duration: 1 }
$data merge entity $(bone_leftthumb) { transformation: [-0.31892369141556237f,0.1070756741300222f,0.9417125246398036f,0.016786529258151606f,-0.9102580191846145f,-0.31140997743322063f,-0.27286290415727654f,2.3902425800465243f,0.2640416966389465f,-0.9442238219641792f,0.19678251058309093f,2.932895764163249f,0f,0f,0f,1f], start_interpolation: 0, interpolation_duration: 1 }
$data merge entity $(bone_leftpointerfinger) { transformation: [-0.30837783057502294f,0.13446425006807586f,0.9417125246398036f,0.060677377025305984f,-0.9339353804894313f,-0.23089075469779735f,-0.27286290415727654f,2.5791930011077446f,0.180742409743547f,-0.9636435154395587f,0.19678251058309093f,3.2230638253589428f,0f,0f,0f,1f], start_interpolation: 0, interpolation_duration: 1 }
$data merge entity $(bone_leftmidfinger) { transformation: [-0.22265818156957506f,0.2521920996317246f,0.9417125246398036f,0.2078199590002753f,-0.9440115573289894f,0.18544005814319936f,-0.27286290415727654f,2.5365581723331703f,-0.24344509403441764f,-0.9497426649988875f,0.19678251058309093f,3.2538110926375508f,0f,0f,0f,1f], start_interpolation: 0, interpolation_duration: 1 }
$data merge entity $(bone_leftringfinger) { transformation: [-0.03773945882773423f,0.33429516027594136f,0.9417125246398036f,0.3549625409752446f,-0.6669249493119691f,0.6933663876480344f,-0.27286290415727654f,2.4939233435585955f,-0.7441685596910265f,-0.638349276098907f,0.19678251058309093f,3.2845583599161587f,0f,0f,0f,1f], start_interpolation: 0, interpolation_duration: 1 }
$data merge entity $(bone_invisibility) { transformation: [0.18874387340268184f,-0.9287967642637561f,0.31892369141556254f,-0.01683792965213459f,-0.33400653753195514f,0.24468341054517115f,0.9102580191846141f,2.382986121983786f,-0.923480039383021f,-0.2783282222433786f,-0.26404169663894644f,3.163147709495692f,0f,0f,0f,1f], start_interpolation: 0, interpolation_duration: 1 }
$data merge entity $(bone_swiftness) { transformation: [0.9417125246398035f,0.1070756741300222f,0.3189236914155626f,0.12862277305316447f,-0.27286290415727676f,-0.31140997743322063f,0.9102580191846144f,2.326585411246679f,0.19678251058309099f,-0.9442238219641792f,-0.26404169663894644f,3.3416603861922254f,0f,0f,0f,1f], start_interpolation: 0, interpolation_duration: 1 }
$data merge entity $(bone_suspicious_stew) { transformation: [0.49502842748895737f,-0.8082292589554536f,0.3189236914155624f,0.15471399649298379f,-0.39755013375710263f,0.11569023147963683f,0.9102580191846147f,2.3464216701464786f,-0.7725935199880464f,-0.5773917520267384f,-0.26404169663894667f,3.2443049218845923f,0f,0f,0f,1f], start_interpolation: 0, interpolation_duration: 1 }
$data merge entity $(bone_log) { transformation: [-0.31892369141556237f,0.1070756741300222f,0.9417125246398036f,0.1823421342815184f,-0.9102580191846145f,-0.31140997743322063f,-0.27286290415727654f,2.2093682850363963f,0.2640416966389465f,-0.9442238219641792f,0.19678251058309093f,3.1602550333825534f,0f,0f,0f,1f], start_interpolation: 0, interpolation_duration: 1 }
$data merge entity $(bone_planks) { transformation: [-0.31892369141556237f,0.1070756741300222f,0.9417125246398036f,0.15244303821130942f,-0.9102580191846145f,-0.31140997743322063f,-0.27286290415727654f,2.1240315957378386f,0.2640416966389465f,-0.9442238219641792f,0.19678251058309093f,3.1850089424424546f,0f,0f,0f,1f], start_interpolation: 0, interpolation_duration: 1 }
$data merge entity $(bone_lefthand) { transformation: [-0.31892369141556237f,0.1070756741300222f,0.9417125246398036f,0.25941345927292064f,-0.9102580191846145f,-0.31140997743322063f,-0.27286290415727654f,2.3676072612291597f,0.2640416966389465f,-0.9442238219641792f,0.19678251058309093f,2.8520392002760504f,0f,0f,0f,1f], start_interpolation: 0, interpolation_duration: 1 }
$data merge entity $(bone_leftforearm) { transformation: [-0.31135146133357805f,0.024271127451116675f,0.9499848314040058f,0.24517155445567906f,-0.9456864403085841f,0.09041772046255041f,-0.3122527701123482f,2.362462290843968f,-0.09347418970991136f,-0.9956081298375419f,-0.005198813274943592f,2.1350607102575716f,0f,0f,0f,1f], start_interpolation: 0, interpolation_duration: 1 }
$data merge entity $(bone_leftelbow) { transformation: [-0.31135146133357805f,0.024271127451116675f,0.9499848314040058f,0.24972239085276343f,-0.9456864403085841f,0.09041772046255041f,-0.3122527701123482f,2.379415613430696f,-0.09347418970991136f,-0.9956081298375419f,-0.005198813274943592f,1.9483841859130324f,0f,0f,0f,1f], start_interpolation: 0, interpolation_duration: 1 }
$data merge entity $(bone_leftarm) { transformation: [-0.3703937584679491f,-0.26260857495874673f,0.890979910012635f,-0.049720358749808735f,-0.928483910529152f,0.0768465886792509f,-0.3633348726682531f,2.22259988422773f,0.026946086478010813f,-0.961837480121511f,-0.2722913334225334f,1.4849780447535843f,0f,0f,0f,1f], start_interpolation: 0, interpolation_duration: 1 }
$data merge entity $(bone_rightthumb2) { transformation: [-0.4501836086299291f,0.5828060564431867f,0.6765144633295554f,-1.5615043544410654f,0.8383513904952253f,0.536695774835847f,0.09552272676213096f,2.0596138630865224f,-0.30741123039937523f,0.6101596068624103f,-0.7302079084602215f,-1.373990027679178f,0f,0f,0f,1f], start_interpolation: 0, interpolation_duration: 1 }
$data merge entity $(bone_rightthumb) { transformation: [-0.4501836086299291f,0.5828060564431867f,0.6765144633295554f,-1.3607623053938116f,0.8383513904952253f,0.536695774835847f,0.09552272676213096f,2.1993976100689774f,-0.30741123039937523f,0.6101596068624103f,-0.7302079084602215f,-1.2867547026304629f,0f,0f,0f,1f], start_interpolation: 0, interpolation_duration: 1 }
$data merge entity $(bone_rightpointerfinger) { transformation: [-0.12744973696812628f,0.6252112308742619f,0.7699788836945116f,-1.5214591249563587f,0.93088940658263f,0.34335327463328774f,-0.12471343757124842f,2.3006727564545684f,-0.34234701292547454f,0.7008704913086928f,-0.6257627962364946f,-1.5795789652557777f,0f,0f,0f,1f], start_interpolation: 0, interpolation_duration: 1 }
$data merge entity $(bone_rightmidfinger) { transformation: [0.09407125744237954f,0.6310967573896762f,0.7699788836945116f,-1.4011499243790912f,0.9921836423348853f,0.0042636102358402095f,-0.12471343757124842f,2.2811862818340605f,-0.08198913590403548f,0.7756924032372582f,-0.6257627962364946f,-1.67735440216773f,0f,0f,0f,1f], start_interpolation: 0, interpolation_duration: 1 }
$data merge entity $(bone_rightringfinger) { transformation: [0.32842078262097407f,0.5470578655016133f,0.7699788836945116f,-1.2808407238018238f,0.9182897726450178f,-0.37575317955371207f,-0.12471343757124842f,2.261699807213553f,0.22109654678033458f,0.7480222188197988f,-0.6257627962364946f,-1.7751298390796824f,0f,0f,0f,1f], start_interpolation: 0, interpolation_duration: 1 }
$data merge entity $(bone_hugeasssword) { transformation: [0.3684457583159866f,2.4717956331095654f,3.015750627803504f,-1.3099769933501721f,3.8860525991449677f,0.016699140090374154f,-0.488460963820723f,2.0204521951300625f,-0.32112411562413895f,3.038128579345928f,-2.450904285259604f,-1.4882359748444574f,0f,0f,0f,1f], start_interpolation: 0, interpolation_duration: 1 }
$data merge entity $(bone_ice) { transformation: [0.09407125744237954f,0.6310967573896762f,0.7699788836945116f,-1.321307743581923f,0.9921836423348853f,0.0042636102358402095f,-0.12471343757124842f,2.0048827068086448f,-0.08198913590403548f,0.7756924032372582f,-0.6257627962364946f,-1.499075088396539f,0f,0f,0f,1f], start_interpolation: 0, interpolation_duration: 1 }
$data merge entity $(bone_righthand) { transformation: [0.09407125744237954f,0.6310967573896762f,0.7699788836945116f,-1.1159538997584555f,0.9921836423348853f,0.0042636102358402095f,-0.12471343757124842f,2.2500972250272246f,-0.08198913590403548f,0.7756924032372582f,-0.6257627962364946f,-1.3452043589456237f,0f,0f,0f,1f], start_interpolation: 0, interpolation_duration: 1 }
$data merge entity $(bone_rightforearm) { transformation: [-0.6524995008959729f,0.05356647115410512f,0.755893533838333f,-0.9744817442017003f,0.6581516704634028f,0.5344812149212532f,0.5302510816231627f,2.545280414421122f,-0.3756072150488314f,0.8434811580968468f,-0.384003588445295f,-0.7174131082631989f,0f,0f,0f,1f], start_interpolation: 0, interpolation_duration: 1 }
$data merge entity $(bone_rightelbow) { transformation: [-0.6524995008959729f,0.05356647115410512f,0.755893533838333f,-0.9644380308603056f,0.6581516704634028f,0.5344812149212532f,0.5302510816231627f,2.6454956422188567f,-0.3756072150488314f,0.8434811580968468f,-0.384003588445295f,-0.5592603911200401f,0f,0f,0f,1f], start_interpolation: 0, interpolation_duration: 1 }
$data merge entity $(bone_rightarm) { transformation: [-0.5307044325442192f,-0.34893864594725f,0.7723953823285186f,-1.109135145042442f,0.7960816217283553f,0.10753438292823554f,0.595558903916813f,2.439963746463207f,-0.2908725783298768f,0.9309555187294093f,0.2207146694784609f,-0.030966401136275357f,0f,0f,0f,1f], start_interpolation: 0, interpolation_duration: 1 }
$data merge entity $(bone_chest) { transformation: [-0.7299448978638552f,-0.7560672246106642f,0.2629713084409869f,-0.39490200411347853f,0.13307471105787036f,0.23632310133324466f,1.0488344121758268f,2.4979537085446184f,-0.7893558630114186f,0.7390026080853f,-0.06635945964016128f,0.49615566003541145f,0f,0f,0f,1f], start_interpolation: 0, interpolation_duration: 1 }
$data merge entity $(bone_chest1lid) { transformation: [-0.6737952903358664f,-0.6979082073329209f,0.24274274625321868f,-0.2429588361231091f,0.12283819482264957f,0.2181444012306874f,0.9681548420084557f,2.0119455671747217f,-0.7286361812413095f,0.6821562536172001f,-0.06125488582168734f,-0.1948693558893201f,0f,0f,0f,1f], start_interpolation: 0, interpolation_duration: 1 }
$data merge entity $(bone_chest1) { transformation: [-0.6737952903358664f,-0.6979082073329209f,0.24274274625321868f,-0.1339106787273402f,0.12283819482264957f,0.2181444012306874f,0.9681548420084557f,1.9778605044824267f,-0.7286361812413095f,0.6821562536172001f,-0.06125488582168734f,-0.30145627051700763f,0f,0f,0f,1f], start_interpolation: 0, interpolation_duration: 1 }
$data merge entity $(bone_chest1lid3) { transformation: [-0.6737952903358664f,-0.6979082073329209f,0.24274274625321868f,-0.04533955865864919f,0.12283819482264957f,0.2181444012306874f,0.9681548420084557f,2.6244923756599734f,-0.7286361812413095f,0.6821562536172001f,-0.06125488582168734f,-0.18857100579125677f,0f,0f,0f,1f], start_interpolation: 0, interpolation_duration: 1 }
$data merge entity $(bone_chest3) { transformation: [-0.6737952903358664f,-0.6979082073329209f,0.24274274625321868f,0.0637085987371197f,0.12283819482264957f,0.2181444012306874f,0.9681548420084557f,2.5904073129676783f,-0.7286361812413095f,0.6821562536172001f,-0.06125488582168734f,-0.2951579204189443f,0f,0f,0f,1f], start_interpolation: 0, interpolation_duration: 1 }
$data merge entity $(bone_hugeasssword2) { transformation: [-0.9507424228251073f,0.09899001555746613f,-3.798232167737823f,-1.9705260966198885f,-3.7919397978664517f,0.22250741637255858f,0.954966385164172f,3.158903689275773f,0.23991496946827492f,3.9090880271819057f,0.04182560156047074f,0.37371611897886897f,0f,0f,0f,1f], start_interpolation: 0, interpolation_duration: 1 }
$data merge entity $(bone_belt) { transformation: [-0.6737952903358664f,-0.6979082073329209f,0.24274274625321868f,-0.12709903932262318f,0.12283819482264957f,0.2181444012306874f,0.9681548420084557f,2.280392006163961f,-0.7286361812413095f,0.6821562536172001f,-0.06125488582168734f,0.2557880833132782f,0f,0f,0f,1f], start_interpolation: 0, interpolation_duration: 1 }
$data merge entity $(bone_torn_part) { transformation: [-0.5470483309779274f,-0.7568236121637065f,0.3577095800307057f,0.022170475418564317f,0.15013241225596097f,0.3316876380832757f,0.9313665065552573f,2.1754451797707466f,-0.8235280094595875f,0.5632062950768729f,-0.06782541427305966f,-0.03315257148904263f,0f,0f,0f,1f], start_interpolation: 0, interpolation_duration: 1 }
$data merge entity $(bone_lowerbody) { transformation: [-0.5470483309779274f,-0.6142301623935578f,0.5687349392997127f,0.2955318846328348f,0.15013241225596097f,0.5964034327788637f,0.7885196282653931f,1.758685625f,-0.8235280094595875f,0.5167438949572325f,-0.23404564653066834f,-0.17213360023146573f,0f,0f,0f,1f], start_interpolation: 0, interpolation_duration: 1 }
$data merge entity $(bone_leftfoot) { transformation: [-0.9225492342184727f,-0.09789587220871321f,0.3732125709237626f,0.7628299400454032f,-0.3295714792813267f,0.7028196729944812f,-0.6304335211969478f,0.13231877676926962f,-0.2005675156826849f,-0.7045896597827896f,-0.6806750277804021f,1.4096885038509643f,0f,0f,0f,1f], start_interpolation: 0, interpolation_duration: 1 }
$data merge entity $(bone_leftlowerleg) { transformation: [-0.9225492342184727f,-0.09789587220871321f,0.3732125709237626f,0.5968842280964236f,-0.3295714792813267f,0.7028196729944812f,-0.6304335211969478f,1.008872703882778f,-0.2005675156826849f,-0.7045896597827896f,-0.6806750277804021f,0.7326170900946444f,0f,0f,0f,1f], start_interpolation: 0, interpolation_duration: 1 }
$data merge entity $(bone_leftleg) { transformation: [-0.8622842257123722f,0.06199706981468989f,0.502600849648357f,0.6251546387452294f,-0.3967775989707073f,0.5339303407436982f,-0.7466641667581735f,1.5824719530713645f,-0.3146322479382164f,-0.8432406267891215f,-0.4358268106852445f,-0.13208141121023764f,0f,0f,0f,1f], start_interpolation: 0, interpolation_duration: 1 }
$data merge entity $(bone_rightfoot) { transformation: [-0.6443804789250701f,-0.06528674825304132f,0.7619181353969672f,-0.14198587423498504f,0.4860380967646156f,0.7342404620148216f,0.47396929010994254f,0.2298014768448392f,-0.5903725334275177f,0.6757404635163538f,-0.44140493404659764f,-1.129664022900841f,0f,0f,0f,1f], start_interpolation: 0, interpolation_duration: 1 }
$data merge entity $(bone_rightlowerleg) { transformation: [-0.6443804789250701f,-0.06528674825304132f,0.7619181353969672f,-0.3314787486901044f,0.4860380967646156f,0.7342404620148216f,0.47396929010994254f,0.9715261815827835f,-0.5903725334275177f,0.6757404635163538f,-0.44140493404659764f,-0.31219450921771286f,0f,0f,0f,1f], start_interpolation: 0, interpolation_duration: 1 }
$data merge entity $(bone_rightleg) { transformation: [-0.7759993807287284f,0.5402569719130985f,0.3254898563850962f,0.17155266021246052f,0.2842813569558127f,0.7602352534939796f,-0.5841418786890968f,1.6901378326002825f,-0.5630355860831461f,-0.36075582288333785f,-0.743541941689897f,-0.602632042052147f,0f,0f,0f,1f], start_interpolation: 0, interpolation_duration: 1 }
data modify entity @s data merge value {"locators":{"lefthand":{"posx":0.18916168511282241,"posy":2.3232973616993817,"posz":3.206193883685743,"roty":101.80282824457389,"rotx":-15.834697601364967},"righthand":{"posx":-1.3343803700886403,"posy":2.099781951829656,"posz":-1.5091042199969291,"roty":50.89919642599315,"rotx":-7.164207469530139},"chest":{"posx":-0.25832423008986277,"posy":1.85087604162219,"posz":-0.2507029264945474,"roty":75.83737852415884,"rotx":75.50164807878396},"sack":{"posx":0,"posy":-0.4375,"posz":0,"roty":0,"rotx":0}},"cameras":{}}