# This file was generated by Animated Java via MC-Build. It is not recommended to edit this file directly.
$data merge entity $(mas) {transformation: [-0.7099f,0.4093f,0.5731f,-0.4907f,0.4532f,0.8884f,-0.073f,3.2893f,-0.5391f,0.2079f,-0.8162f,0.7856f,0f,0f,0f,1f],start_interpolation: 0,interpolation_duration: 1}
$data merge entity $(head) {transformation: [-0.9327f,0.318f,-0.1703f,-0.2838f,0.09f,0.6622f,0.7439f,3.2213f,0.3493f,0.6785f,-0.6462f,0.4787f,0f,0f,0f,1f],start_interpolation: 0,interpolation_duration: 1}
$data merge entity $(item_display) {transformation: [0f,0f,0f,-0.4112f,0f,0f,0f,2.7843f,0f,0f,0f,0.251f,0f,0f,0f,1f],start_interpolation: 0,interpolation_duration: 1}
$data merge entity $(right_arm) {transformation: [-0.9327f,0.318f,-0.1703f,-0.6945f,0.09f,0.6622f,0.7439f,3.0011f,0.3493f,0.6785f,-0.6462f,0.3334f,0f,0f,0f,1f],start_interpolation: 0,interpolation_duration: 1}
$data merge entity $(left_arm) {transformation: [-0.9327f,0.318f,-0.1703f,-0.0533f,0.09f,0.6622f,0.7439f,2.9392f,0.3493f,0.6785f,-0.6462f,0.0932f,0f,0f,0f,1f],start_interpolation: 0,interpolation_duration: 1}
$data merge entity $(green_right_arm) {transformation: [-0.9327f,0.318f,-0.1703f,-0.6037f,0.09f,0.6622f,0.7439f,3.2132f,0.3493f,0.6785f,-0.6462f,0.3602f,0f,0f,0f,1f],start_interpolation: 0,interpolation_duration: 1}
$data merge entity $(green_left_arm) {transformation: [-0.9327f,0.318f,-0.1703f,-0.0791f,0.09f,0.6622f,0.7439f,3.1625f,0.3493f,0.6785f,-0.6462f,0.1637f,0f,0f,0f,1f],start_interpolation: 0,interpolation_duration: 1}
$data merge entity $(torso) {transformation: [-0.9327f,0.318f,-0.1703f,-0.5734f,0.09f,0.6622f,0.7439f,2.6527f,0.3493f,0.6785f,-0.6462f,-0.1479f,0f,0f,0f,1f],start_interpolation: 0,interpolation_duration: 1}
$data merge entity $(right_leg) {transformation: [-0.9327f,0.318f,-0.1703f,-0.654f,0.09f,0.6622f,0.7439f,2.6485f,0.3493f,0.6785f,-0.6462f,0.0136f,0f,0f,0f,1f],start_interpolation: 0,interpolation_duration: 1}
$data merge entity $(left_leg) {transformation: [-0.9327f,0.318f,-0.1703f,-0.442f,0.09f,0.6622f,0.7439f,2.4549f,0.3493f,0.6785f,-0.6462f,-0.2652f,0f,0f,0f,1f],start_interpolation: 0,interpolation_duration: 1}
data modify entity @s data merge value {"cameras":{},"locators":{"locator":{"px":-0.38178761330292754,"py":2.8799588663695976,"pz":0.30501174505391915,"ry":345.2372206615922,"rx":48.06467344399045},"hitbox":{"px":-0.82048,"py":2.1038,"pz":-0.6662800000000002,"ry":345.2372206615922,"rx":48.06467344399045}}}