# This file was generated by Animated Java via MC-Build. It is not recommended to edit this file directly.
$data merge entity $(mas) {transformation: [-0.5696f,0.6913f,0.4446f,-0.3529f,0.8146f,0.5467f,0.1936f,2.95f,-0.1092f,0.4724f,-0.8746f,0.9932f,0f,0f,0f,1f],start_interpolation: 0,interpolation_duration: 1}
$data merge entity $(head) {transformation: [-0.8188f,0.5736f,0.0235f,-0.2071f,0.1339f,0.1512f,0.9794f,2.9909f,0.5582f,0.8051f,-0.2006f,0.6487f,0f,0f,0f,1f],start_interpolation: 0,interpolation_duration: 1}
$data merge entity $(item_display) {transformation: [0f,0f,0f,-0.4886f,0f,0f,0f,2.7646f,0f,0f,0f,0.2901f,0f,0f,0f,1f],start_interpolation: 0,interpolation_duration: 1}
$data merge entity $(right_arm) {transformation: [-0.8188f,0.5736f,0.0235f,-0.6781f,0.1339f,0.1512f,0.9794f,2.976f,0.5582f,0.8051f,-0.2006f,0.5212f,0f,0f,0f,1f],start_interpolation: 0,interpolation_duration: 1}
$data merge entity $(left_arm) {transformation: [-0.8188f,0.5736f,0.0235f,-0.1151f,0.1339f,0.1512f,0.9794f,2.8839f,0.5582f,0.8051f,-0.2006f,0.1375f,0f,0f,0f,1f],start_interpolation: 0,interpolation_duration: 1}
$data merge entity $(green_right_arm) {transformation: [-0.8188f,0.5736f,0.0235f,-0.5215f,0.1339f,0.1512f,0.9794f,3.1193f,0.5582f,0.8051f,-0.2006f,0.6157f,0f,0f,0f,1f],start_interpolation: 0,interpolation_duration: 1}
$data merge entity $(green_left_arm) {transformation: [-0.8188f,0.5736f,0.0235f,-0.0609f,0.1339f,0.1512f,0.9794f,3.0439f,0.5582f,0.8051f,-0.2006f,0.3017f,0f,0f,0f,1f],start_interpolation: 0,interpolation_duration: 1}
$data merge entity $(torso) {transformation: [-0.8188f,0.5736f,0.0235f,-0.719f,0.1339f,0.1512f,0.9794f,2.8863f,0.5582f,0.8051f,-0.2006f,-0.0771f,0f,0f,0f,1f],start_interpolation: 0,interpolation_duration: 1}
$data merge entity $(right_leg) {transformation: [-0.8188f,0.5736f,0.0235f,-0.782f,0.1339f,0.1512f,0.9794f,2.8244f,0.5582f,0.8051f,-0.2006f,0.0803f,0f,0f,0f,1f],start_interpolation: 0,interpolation_duration: 1}
$data merge entity $(left_leg) {transformation: [-0.8188f,0.5736f,0.0235f,-0.6695f,0.1339f,0.1512f,0.9794f,2.7447f,0.5582f,0.8051f,-0.2006f,-0.2954f,0f,0f,0f,1f],start_interpolation: 0,interpolation_duration: 1}
data modify entity @s data merge value {"cameras":{},"locators":{"locator":{"px":-0.4250988645916017,"py":2.8117381434986464,"pz":0.371855676859173,"ry":6.669210356690741,"rx":78.34765137212527},"hitbox":{"px":-1.1749560546875,"py":2.735751953125,"pz":-0.7099121093750002,"ry":6.669210356690741,"rx":78.34765137212527}}}
execute on vehicle unless entity @s[tag=aj.transforms_only] at @s run function animated_java:fine_print/animations/vanish/zzz/frames/6_root_function