# This file was generated by Animated Java via MC-Build. It is not recommended to edit this file directly.
$data merge entity $(mas) {transformation: [-0.4172f,0.8062f,0.4194f,-0.3762f,0.9025f,0.3135f,0.2953f,2.5202f,0.1066f,0.5017f,-0.8584f,1.0567f,0f,0f,0f,1f],start_interpolation: 0,interpolation_duration: 1}
$data merge entity $(head) {transformation: [-0.746f,0.6385f,0.1894f,-0.2462f,0.1486f,-0.1176f,0.9819f,2.6072f,0.6492f,0.7606f,-0.0071f,0.7144f,0f,0f,0f,1f],start_interpolation: 0,interpolation_duration: 1}
$data merge entity $(item_display) {transformation: [0f,0f,0f,-0.585f,0f,0f,0f,2.5107f,0f,0f,0f,0.3471f,0f,0f,0f,1f],start_interpolation: 0,interpolation_duration: 1}
$data merge entity $(right_arm) {transformation: [-0.746f,0.6385f,0.1894f,-0.7187f,0.1486f,-0.1176f,0.9819f,2.6977f,0.6492f,0.7606f,-0.0071f,0.6321f,0f,0f,0f,1f],start_interpolation: 0,interpolation_duration: 1}
$data merge entity $(left_arm) {transformation: [-0.746f,0.6385f,0.1894f,-0.2059f,0.1486f,-0.1176f,0.9819f,2.5955f,0.6492f,0.7606f,-0.0071f,0.1858f,0f,0f,0f,1f],start_interpolation: 0,interpolation_duration: 1}
$data merge entity $(green_right_arm) {transformation: [-0.746f,0.6385f,0.1894f,-0.5334f,0.1486f,-0.1176f,0.9819f,2.79f,0.6492f,0.7606f,-0.0071f,0.7373f,0f,0f,0f,1f],start_interpolation: 0,interpolation_duration: 1}
$data merge entity $(green_left_arm) {transformation: [-0.746f,0.6385f,0.1894f,-0.1138f,0.1486f,-0.1176f,0.9819f,2.7064f,0.6492f,0.7606f,-0.0071f,0.3721f,0f,0f,0f,1f],start_interpolation: 0,interpolation_duration: 1}
$data merge entity $(torso) {transformation: [-0.746f,0.6385f,0.1894f,-0.8109f,0.1486f,-0.1176f,0.9819f,2.743f,0.6492f,0.7606f,-0.0071f,0.0344f,0f,0f,0f,1f],start_interpolation: 0,interpolation_duration: 1}
$data merge entity $(right_leg) {transformation: [-0.746f,0.6385f,0.1894f,-0.8747f,0.1486f,-0.1176f,0.9819f,2.6609f,0.6492f,0.7606f,-0.0071f,0.1821f,0f,0f,0f,1f],start_interpolation: 0,interpolation_duration: 1}
$data merge entity $(left_leg) {transformation: [-0.746f,0.6385f,0.1894f,-0.8012f,0.1486f,-0.1176f,0.9819f,2.6438f,0.6492f,0.7606f,-0.0071f,-0.2109f,0f,0f,0f,1f],start_interpolation: 0,interpolation_duration: 1}
data modify entity @s data merge value {"cameras":{},"locators":{"locator":{"px":-0.5092786421229021,"py":2.5285267875676896,"pz":0.4300997069795508,"ry":87.83956834365905,"rx":79.0760631110587},"hitbox":{"px":-1.3236328125,"py":2.8056249999999996,"pz":-0.5690625000000001,"ry":87.83956834365905,"rx":79.0760631110587}}}
execute on vehicle unless entity @s[tag=aj.transforms_only] at @s run function animated_java:fine_print/animations/vanish/zzz/frames/7_root_function