# This file was generated by Animated Java via MC-Build. It is not recommended to edit this file directly.
$data merge entity $(bone_nose) { transformation: [-0.994732546266239f,-0.09787719670049255f,-0.030450217811014105f,-0.18534018602348268f,-0.10213172416399167f,0.9210648891792849f,0.37577730218899896f,3.534417507939607f,-0.008733402428346297f,0.37690784588172865f,-0.9262095893451006f,1.0189840854374226f,0f,0f,0f,1f], start_interpolation: 0, interpolation_duration: 1 }
$data merge entity $(bone_glowing_eye) { transformation: [-0.994732546266239f,-0.09787719670049255f,-0.030450217811014105f,-0.3152462563937076f,-0.10213172416399167f,0.9210648891792849f,0.37577730218899896f,3.5709016352480716f,-0.008733402428346297f,0.37690784588172865f,-0.9262095893451006f,1.075732796177511f,0f,0f,0f,1f], start_interpolation: 0, interpolation_duration: 1 }
$data merge entity $(bone_head) { transformation: [-0.994732546266239f,-0.09787719670049255f,-0.030450217811014105f,-0.17895657117734703f,-0.10213172416399167f,0.9210648891792849f,0.37577730218899896f,3.491053472472929f,-0.008733402428346297f,0.37690784588172865f,-0.9262095893451006f,0.7990073058121485f,0f,0f,0f,1f], start_interpolation: 0, interpolation_duration: 1 }
$data merge entity $(bone_leftthumb2) { transformation: [-0.643504120353175f,0.226266265988254f,0.7312359564218784f,0.757147096774197f,0.19000063463449457f,0.972629992709759f,-0.13375595732490975f,2.761651546381288f,-0.741486483981317f,0.052862786127355864f,-0.668882142021954f,0.08284434802979451f,0f,0f,0f,1f], start_interpolation: 0, interpolation_duration: 1 }
$data merge entity $(bone_leftthumb) { transformation: [-0.643504120353175f,0.226266265988254f,0.7312359564218784f,0.8751267982567441f,0.19000063463449457f,0.972629992709759f,-0.13375595732490975f,2.9887513076453174f,-0.741486483981317f,0.052862786127355864f,-0.668882142021954f,0.03864755420479146f,0f,0f,0f,1f], start_interpolation: 0, interpolation_duration: 1 }
$data merge entity $(bone_leftpointerfinger) { transformation: [0.5177043945418622f,0.4441577826716815f,0.7312359564218784f,0.8454264924211443f,0.7473219648520776f,-0.650860372683517f,-0.13375595732490975f,2.6365268870433125f,0.41652375769177213f,0.6157147386269459f,-0.668882142021954f,0.0065330520774806305f,0f,0f,0f,1f], start_interpolation: 0, interpolation_duration: 1 }
$data merge entity $(bone_leftmidfinger) { transformation: [0.4553011375621334f,0.5079319345841607f,0.7312359564218784f,0.9595967436260778f,0.8258828479576747f,-0.5477470815343676f,-0.13375595732490975f,2.6042728353635027f,0.33259343887687826f,0.6648144737444988f,-0.668882142021954f,-0.09580251842867217f,0f,0f,0f,1f], start_interpolation: 0, interpolation_duration: 1 }
$data merge entity $(bone_leftringfinger) { transformation: [0.4553011375621334f,0.5079319345841607f,0.7312359564218784f,1.0738523618169964f,0.8258828479576747f,-0.5477470815343676f,-0.13375595732490975f,2.583373467031486f,0.33259343887687826f,0.6648144737444988f,-0.668882142021954f,-0.20031535311960247f,0f,0f,0f,1f], start_interpolation: 0, interpolation_duration: 1 }
$data merge entity $(bone_invisibility) { transformation: [0.28913666744025807f,-0.7087329783705764f,0.643504120353175f,0.7867828549883136f,0.9572712421348983f,0.2180172649585293f,-0.1900006346344945f,2.788742359487676f,-0.005635292632138307f,0.6709441389191607f,0.7414864839813168f,-0.04129609529070105f,0f,0f,0f,1f], start_interpolation: 0, interpolation_duration: 1 }
$data merge entity $(bone_swiftness) { transformation: [0.7312359564218783f,0.226266265988254f,0.6435041203531751f,0.8597336206209982f,-0.1337559573249097f,0.972629992709759f,-0.1900006346344946f,2.641848430148975f,-0.6688821420219541f,0.052862786127355864f,0.7414864839813169f,-0.21248894345198674f,0f,0f,0f,1f], start_interpolation: 0, interpolation_duration: 1 }
$data merge entity $(bone_suspicious_stew) { transformation: [0.5141005476341727f,-0.5671005854438262f,0.6435041203531751f,0.9132833655992164f,0.8249744261161382f,0.5322752625219751f,-0.19000063463449451f,2.7180710865809856f,-0.2347718534590383f,0.628553872708165f,0.7414864839813171f,-0.16918944001953723f,0f,0f,0f,1f], start_interpolation: 0, interpolation_duration: 1 }
$data merge entity $(bone_log) { transformation: [-0.643504120353175f,0.226266265988254f,0.7312359564218784f,0.9155148230219136f,0.19000063463449457f,0.972629992709759f,-0.13375595732490975f,2.8511925846670843f,-0.741486483981317f,0.052862786127355864f,-0.668882142021954f,-0.2634498000341453f,0f,0f,0f,1f], start_interpolation: 0, interpolation_duration: 1 }
$data merge entity $(bone_planks) { transformation: [-0.643504120353175f,0.226266265988254f,0.7312359564218784f,0.8551863117388034f,0.19000063463449457f,0.972629992709759f,-0.13375595732490975f,2.869005144164068f,-0.741486483981317f,0.052862786127355864f,-0.668882142021954f,-0.33296415790739375f,0f,0f,0f,1f], start_interpolation: 0, interpolation_duration: 1 }
$data merge entity $(bone_lefthand1) { transformation: [-0.643504120353175f,0.226266265988254f,0.7312359564218784f,1.110106295969087f,0.19000063463449457f,0.972629992709759f,-0.13375595732490975f,3.0510297978523035f,-0.741486483981317f,0.052862786127355864f,-0.668882142021954f,-0.043959915568791016f,0f,0f,0f,1f], start_interpolation: 0, interpolation_duration: 1 }
$data merge entity $(bone_leftforearm) { transformation: [-0.643504120353175f,0.226266265988254f,0.7312359564218784f,1.217555194900913f,0.19000063463449457f,0.972629992709759f,-0.13375595732490975f,3.7488752379742105f,-0.741486483981317f,0.052862786127355864f,-0.668882142021954f,-0.042682390852733204f,0f,0f,0f,1f], start_interpolation: 0, interpolation_duration: 1 }
$data merge entity $(bone_leftelbow) { transformation: [-0.643504120353175f,0.226266265988254f,0.7312359564218784f,1.2599801197737106f,0.19000063463449457f,0.972629992709759f,-0.13375595732490975f,3.93124336160729f,-0.741486483981317f,0.052862786127355864f,-0.668882142021954f,-0.032770618453853984f,0f,0f,0f,1f], start_interpolation: 0, interpolation_duration: 1 }
$data merge entity $(bone_leftarm) { transformation: [-0.8095332959171756f,-0.5114534496299001f,-0.2882207689656491f,0.7177358162159639f,-0.20605577020701588f,-0.21217378091688024f,0.9552608577010938f,3.4747846733002223f,-0.5497243512578539f,0.8327050231343096f,0.06637380568432671f,0.3971587439573704f,0f,0f,0f,1f], start_interpolation: 0, interpolation_duration: 1 }
$data merge entity $(bone_rightthumb2) { transformation: [-0.004945953116716639f,-0.28945353889921843f,-0.9571792864278279f,-0.3654843427267251f,0.4193961053510851f,0.8683384823495144f,-0.26475495630352996f,2.378415552704256f,0.9077898679562959f,-0.4027467304518573f,0.11710092547127951f,1.4132740046870242f,0f,0f,0f,1f], start_interpolation: 0, interpolation_duration: 1 }
$data merge entity $(bone_rightthumb) { transformation: [-0.004945953116716639f,-0.28945353889921843f,-0.9571792864278279f,-0.5182688011101227f,0.4193961053510851f,0.8683384823495144f,-0.26475495630352996f,2.5687437562835482f,0.9077898679562959f,-0.4027467304518573f,0.11710092547127951f,1.3245105419826464f,0f,0f,0f,1f], start_interpolation: 0, interpolation_duration: 1 }
$data merge entity $(bone_rightpointerfinger) { transformation: [0.8908003208437635f,-0.28605423818950715f,-0.35305489827853825f,-0.33087246653732993f,-0.17770766485242429f,0.49578004293371836f,-0.8500718410118874f,2.5743236548936976f,0.4182042255135004f,0.8199848302514271f,0.3908069906234945f,1.6258856743380112f,0f,0f,0f,1f], start_interpolation: 0, interpolation_duration: 1 }
$data merge entity $(bone_rightmidfinger) { transformation: [0.8458418301314071f,-0.39987977843532335f,-0.35305489827853825f,-0.3817334586997789f,-0.11147506996184357f,0.5147340807598262f,-0.8500718410118874f,2.44445508035191f,0.5216559279610982f,0.7583831412306409f,0.3908069906234945f,1.697265306751724f,0f,0f,0f,1f], start_interpolation: 0, interpolation_duration: 1 }
$data merge entity $(bone_rightringfinger) { transformation: [0.8458418301314071f,-0.39987977843532335f,-0.35305489827853825f,-0.43689828655580054f,-0.11147506996184357f,0.5147340807598262f,-0.8500718410118874f,2.3116313551938026f,0.5216559279610982f,0.7583831412306409f,0.3908069906234945f,1.7583288990366452f,0f,0f,0f,1f], start_interpolation: 0, interpolation_duration: 1 }
$data merge entity $(bone_hugeasssword) { transformation: [-2.714760723753948f,-2.4613453047831584f,-1.3827983515909417f,-0.39761139636259574f,2.029663448493262f,-0.3681301212583403f,-3.3294480439632257f,2.3401335034547266f,1.9623501920888549f,-3.0243242686957377f,1.5306607132753536f,1.4160225929985304f,0f,0f,0f,1f], start_interpolation: 0, interpolation_duration: 1 }
$data merge entity $(bone_ice) { transformation: [-0.6931303975541995f,-0.6284285884552744f,-0.35305489827853825f,-0.3769620372061977f,0.5182119442961519f,-0.09399066925744859f,-0.8500718410118874f,2.333505046032247f,0.5010255809588565f,-0.772167898390401f,0.3908069906234945f,1.4202591917083982f,0f,0f,0f,1f], start_interpolation: 0, interpolation_duration: 1 }
$data merge entity $(bone_righthand1) { transformation: [-0.6931303975541995f,-0.6284285884552744f,-0.35305489827853825f,-0.7183847492797705f,0.5182119442961519f,-0.09399066925744859f,-0.8500718410118874f,2.4129956197603013f,0.5010255809588565f,-0.772167898390401f,0.3908069906234945f,1.3646863308074964f,0f,0f,0f,1f], start_interpolation: 0, interpolation_duration: 1 }
$data merge entity $(bone_rightforearm) { transformation: [-0.6931303975541995f,-0.6284285884552744f,-0.35305489827853825f,-1.1114114679046456f,0.5182119442961519f,-0.09399066925744859f,-0.8500718410118874f,2.327802556435959f,0.5010255809588565f,-0.772167898390401f,0.3908069906234945f,0.7843353192133251f,0f,0f,0f,1f], start_interpolation: 0, interpolation_duration: 1 }
$data merge entity $(bone_rightelbow) { transformation: [-0.6931303975541995f,-0.6284285884552744f,-0.35305489827853825f,-1.2292418282400095f,0.5182119442961519f,-0.09399066925744859f,-0.8500718410118874f,2.310179305950187f,0.5010255809588565f,-0.772167898390401f,0.3908069906234945f,0.6395538382651249f,0f,0f,0f,1f], start_interpolation: 0, interpolation_duration: 1 }
$data merge entity $(bone_rightarm) { transformation: [-0.909678374687076f,0.12657018951420612f,-0.39555687549708696f,-0.8360833224817973f,0.2639222328318076f,0.9115642913155582f,-0.31527067389060753f,2.8595456032532214f,0.320671653944893f,-0.39119116800447146f,-0.8626350099732474f,0.4947025901338761f,0f,0f,0f,1f], start_interpolation: 0, interpolation_duration: 1 }
$data merge entity $(bone_chest1) { transformation: [-1.041923620629069f,-0.2381546081627097f,-0.1768860155500975f,-0.05017860967726377f,-0.28938844337554454f,0.6738204470836641f,0.7973903968845883f,3.1421382947330203f,-0.06527333856179267f,0.8141618382201099f,-0.7116818134322109f,0.2517471336772857f,0f,0f,0f,1f], start_interpolation: 0, interpolation_duration: 1 }
$data merge entity $(bone_chest1lid) { transformation: [-0.9617756498114484f,-0.21983502291942436f,-0.16327939896932078f,-0.16441416287103947f,-0.26712779388511804f,0.6219881050003053f,0.7360526740473123f,2.337804632846014f,-0.06025231251857785f,0.7515340045108707f,-0.6569370585528101f,-0.025387871604433357f,0f,0f,0f,1f], start_interpolation: 0, interpolation_duration: 1 }
$data merge entity $(bone_chest2) { transformation: [-0.9617756498114484f,-0.21983502291942436f,-0.16327939896932078f,-0.1300649405398794f,-0.26712779388511804f,0.6219881050003053f,0.7360526740473123f,2.2406189914397165f,-0.06025231251857785f,0.7515340045108707f,-0.6569370585528101f,-0.1428150598092569f,0f,0f,0f,1f], start_interpolation: 0, interpolation_duration: 1 }
$data merge entity $(bone_chest1lid3) { transformation: [-0.9617756498114484f,-0.21983502291942436f,-0.16327939896932078f,-0.2089040497225451f,-0.26712779388511804f,0.6219881050003053f,0.7360526740473123f,2.8260338642753933f,-0.06025231251857785f,0.7515340045108707f,-0.6569370585528101f,-0.44247240520741626f,0f,0f,0f,1f], start_interpolation: 0, interpolation_duration: 1 }
$data merge entity $(bone_chest3) { transformation: [-0.9617756498114484f,-0.21983502291942436f,-0.16327939896932078f,-0.17455482739138503f,-0.26712779388511804f,0.6219881050003053f,0.7360526740473123f,2.728848222869096f,-0.06025231251857785f,0.7515340045108707f,-0.6569370585528101f,-0.5598995934122398f,0f,0f,0f,1f], start_interpolation: 0, interpolation_duration: 1 }
$data merge entity $(bone_hugeasssword2) { transformation: [0.6395109792965056f,2.1955932536287284f,-3.1797285654214287f,-1.533468530065666f,-2.8828729733519736f,2.4171956706995763f,1.0892595130848104f,3.7297190773549427f,2.57300347933184f,2.1625940747049643f,2.010750541756735f,0.8754757887003445f,0f,0f,0f,1f], start_interpolation: 0, interpolation_duration: 1 }
$data merge entity $(bone_belt) { transformation: [-0.9617756498114484f,-0.21983502291942436f,-0.16327939896932078f,0.08956642836971049f,-0.26712779388511804f,0.6219881050003053f,0.7360526740473123f,2.806586407032168f,-0.06025231251857785f,0.7515340045108707f,-0.6569370585528101f,0.04031310322225913f,0f,0f,0f,1f], start_interpolation: 0, interpolation_duration: 1 }
$data merge entity $(bone_torn_part) { transformation: [-0.9836329367428729f,-0.013923664640899426f,0.17964514276083068f,-0.062063883419132146f,0.09491875252963226f,0.8074138424148014f,0.5823000236091227f,2.4263910943741354f,-0.15315572523679907f,0.5898211751369513f,-0.7928772321029631f,0.004120054495438161f,0f,0f,0f,1f], start_interpolation: 0, interpolation_duration: 1 }
$data merge entity $(bone_lowerbody) { transformation: [-0.9836329367428729f,0.040741101296395354f,0.17551754447846038f,-0.01058125f,0.09491875252963226f,0.9451452619304921f,0.312555377922953f,1.9116718750000001f,-0.15315572523679907f,0.32409967065009243f,-0.933543104153039f,-0.007895625000000003f,0f,0f,0f,1f], start_interpolation: 0, interpolation_duration: 1 }
$data merge entity $(bone_leftfoot) { transformation: [-0.9158811993692294f,0.1745309180822894f,-0.3615009609187608f,0.23738013839419336f,-0.10900601293432968f,0.7585810158853228f,0.64241968832129f,1.189915530258054f,0.38634114986732593f,0.6277781920467753f,-0.6757382448181539f,0.15768207470237894f,0f,0f,0f,1f], start_interpolation: 0, interpolation_duration: 1 }
$data merge entity $(bone_leftlowerleg) { transformation: [-0.9158811993692294f,0.1745309180822894f,-0.3615009609187608f,0.48654341672019674f,-0.10900601293432968f,0.7585810158853228f,0.64241968832129f,1.9327613702314042f,0.38634114986732593f,0.6277781920467753f,-0.6757382448181539f,0.9579477314657585f,0f,0f,0f,1f], start_interpolation: 0, interpolation_duration: 1 }
$data merge entity $(bone_leftleg) { transformation: [-0.9559009865798891f,-0.2834615474753297f,-0.07670207323543406f,0.22188874999999997f,-0.019345795950270476f,0.3214081035353614f,-0.9467609786844849f,2.18363625f,0.2930171396601999f,-0.9035078207656498f,-0.3127306214648355f,0.17481937500000005f,0f,0f,0f,1f], start_interpolation: 0, interpolation_duration: 1 }
$data merge entity $(bone_rightfoot) { transformation: [-0.9835515409318064f,-0.1204165505729215f,0.134633653589243f,0.03857378356924543f,-0.13045050754020027f,0.9890965392317403f,-0.06834252821119913f,0.16631817972235519f,-0.12493610932462001f,-0.08478142737600858f,-0.9885358254301729f,0.38810572569766105f,0f,0f,0f,1f], start_interpolation: 0, interpolation_duration: 1 }
$data merge entity $(bone_rightlowerleg) { transformation: [-0.9835515409318064f,-0.1204165505729215f,0.134633653589243f,-0.11569919907434212f,-0.13045050754020027f,0.9890965392317403f,-0.06834252821119913f,1.274097683393657f,-0.12493610932462001f,-0.08478142737600858f,-0.9885358254301729f,0.44593553443551137f,0f,0f,0f,1f], start_interpolation: 0, interpolation_duration: 1 }
$data merge entity $(bone_rightleg) { transformation: [-0.9787455210015761f,-0.17557947234708415f,0.10596723082950177f,-0.2728775f,-0.20473749011391773f,0.8663538229401274f,-0.4555366216001516f,2.189079375f,-0.011822235880189763f,-0.46754989291769256f,-0.8838876242891103f,0.008856874999999959f,0f,0f,0f,1f], start_interpolation: 0, interpolation_duration: 1 }
$data merge entity $(bone_sack_top) { transformation: [-1f,0f,1.2246467991473532e-16f,-0.0625f,0f,1f,0f,-0.8125f,-1.2246467991473532e-16f,0f,-1f,-7.654042494670958e-18f,0f,0f,0f,1f], start_interpolation: 0, interpolation_duration: 1 }
$data merge entity $(bone_sack_main) { transformation: [-1.1666666666666667f,0f,1.4287545990052456e-16f,-0.0625f,0f,1.1666666666666667f,0f,-0.8125f,-1.4287545990052456e-16f,0f,-1.1666666666666667f,-7.654042494670958e-18f,0f,0f,0f,1f], start_interpolation: 0, interpolation_duration: 1 }
data modify entity @s data merge value {"locators":{"lefthand":{"posx":0.9467407204555994,"posy":2.759483243822852,"posz":-0.18761406385800344,"roty":47.549964402598846,"rotx":-7.686689087130424},"righthand":{"posx":-0.42660733249668803,"posy":2.3968383925329695,"posz":1.473189104107149,"roty":222.09464708877664,"rotx":-58.21948406607457},"chest":{"posx":-0.15521755690622685,"posy":2.175574402404693,"posz":0.028404783746308254,"roty":346.04216455358676,"rotx":47.396240683760844},"sack":{"posx":0,"posy":-0.4375,"posz":0,"roty":0,"rotx":0}},"cameras":{}}
execute on vehicle unless entity @s[tag=aj.transforms_only] run function animated_java:wander/variants/sword_back/apply