# This file was generated by Animated Java via MC-Build. It is not recommended to edit this file directly.
$data merge entity $(bone_nose) { transformation: [-0.5621200274397788f,0.5884349012545862f,-0.5811759129012553f,0.3719977888834879f,0.2763472549276129f,0.795950041563193f,0.538605352767241f,3.734681463158027f,0.7795211796000638f,0.1421544875164218f,-0.610031828869501f,0.4349544733475845f,0f,0f,0f,1f], start_interpolation: 0, interpolation_duration: 1 }
$data merge entity $(bone_glowing_eye) { transformation: [-0.5621200274397788f,0.5884349012545862f,-0.5811759129012553f,0.3618551060176587f,0.2763472549276129f,0.795950041563193f,0.538605352767241f,3.8043221845187363f,0.7795211796000638f,0.1421544875164218f,-0.610031828869501f,0.5633070765459596f,0f,0f,0f,1f], start_interpolation: 0, interpolation_duration: 1 }
$data merge entity $(bone_head) { transformation: [-0.5621200274397788f,0.5884349012545862f,-0.5811759129012553f,0.19051159056531364f,0.2763472549276129f,0.795950041563193f,0.538605352767241f,3.7372565847021137f,0.7795211796000638f,0.1421544875164218f,-0.610031828869501f,0.30317017134687185f,0f,0f,0f,1f], start_interpolation: 0, interpolation_duration: 1 }
$data merge entity $(bone_leftthumb2) { transformation: [0.24952316658879986f,0.16717062170494612f,0.9538302640272428f,0.6772178674108494f,-0.8013787653415246f,-0.5173085395840347f,0.3003064257273343f,2.6178883248906257f,0.5436269527858156f,-0.8393127296259812f,0.004886521522848825f,0.7624169200240347f,0f,0f,0f,1f], start_interpolation: 0, interpolation_duration: 1 }
$data merge entity $(bone_leftthumb) { transformation: [0.24952316658879986f,0.16717062170494612f,0.9538302640272428f,0.7997271583924328f,-0.8013787653415246f,-0.5173085395840347f,0.3003064257273343f,2.516685721748282f,0.5436269527858156f,-0.8393127296259812f,0.004886521522848825f,0.5569993578417738f,0f,0f,0f,1f], start_interpolation: 0, interpolation_duration: 1 }
$data merge entity $(bone_leftpointerfinger) { transformation: [0.24952316658879986f,0.16717062170494612f,0.9538302640272428f,0.7622934954261243f,-0.8013787653415246f,-0.5173085395840347f,0.3003064257273343f,2.7881552524644913f,0.5436269527858156f,-0.8393127296259812f,0.004886521522848825f,0.7731687049857339f,0f,0f,0f,1f], start_interpolation: 0, interpolation_duration: 1 }
$data merge entity $(bone_leftmidfinger) { transformation: [0.24952316658879986f,0.16717062170494612f,0.9538302640272428f,0.9113294741803811f,-0.8013787653415246f,-0.5173085395840347f,0.3003064257273343f,2.835078131484387f,0.5436269527858156f,-0.8393127296259812f,0.004886521522848825f,0.773932223973679f,0f,0f,0f,1f], start_interpolation: 0, interpolation_duration: 1 }
$data merge entity $(bone_leftringfinger) { transformation: [0.24952316658879986f,0.16717062170494612f,0.9538302640272428f,1.0603654529346378f,-0.8013787653415246f,-0.5173085395840347f,0.3003064257273343f,2.882001010504283f,0.5436269527858156f,-0.8393127296259812f,0.004886521522848825f,0.7746957429616241f,0f,0f,0f,1f], start_interpolation: 0, interpolation_duration: 1 }
$data merge entity $(bone_invisibility) { transformation: [0.2496662721356574f,-0.9356307722031065f,-0.24952316658879958f,0.7975561801596516f,-0.48916659482503905f,-0.34425007910960576f,0.8013787653415245f,2.5719315366419724f,-0.8356930028815366f,-0.0780188511812901f,-0.5436269527858155f,0.7831462250326435f,0f,0f,0f,1f], start_interpolation: 0, interpolation_duration: 1 }
$data merge entity $(bone_swiftness) { transformation: [0.9538302640272428f,0.16717062170494612f,-0.24952316658879964f,0.9667575777575089f,0.3003064257273341f,-0.5173085395840347f,0.8013787653415247f,2.656552986899503f,0.004886521522848945f,-0.8393127296259812f,-0.5436269527858156f,0.9260333453471608f,0f,0f,0f,1f], start_interpolation: 0, interpolation_duration: 1 }
$data merge entity $(bone_suspicious_stew) { transformation: [0.5546141243938165f,-0.7938144382400577f,-0.2495231665887999f,0.9685632317723403f,-0.3419257780951192f,-0.49079408791645085f,0.8013787653415247f,2.6524878292588494f,-0.7586105293870683f,-0.35913757935905394f,-0.5436269527858159f,0.8234052320193956f,0f,0f,0f,1f], start_interpolation: 0, interpolation_duration: 1 }
$data merge entity $(bone_log) { transformation: [0.24952316658879986f,0.16717062170494612f,0.9538302640272428f,1.0575631499794356f,-0.8013787653415246f,-0.5173085395840347f,0.3003064257273343f,2.5267718662660457f,0.5436269527858156f,-0.8393127296259812f,0.004886521522848825f,0.7696852233362017f,0f,0f,0f,1f], start_interpolation: 0, interpolation_duration: 1 }
$data merge entity $(bone_planks) { transformation: [0.24952316658879986f,0.16717062170494612f,0.9538302640272428f,1.0809559468471355f,-0.8013787653415246f,-0.5173085395840347f,0.3003064257273343f,2.4516426070152777f,0.5436269527858156f,-0.8393127296259812f,0.004886521522848825f,0.8206502501598719f,0f,0f,0f,1f], start_interpolation: 0, interpolation_duration: 1 }
$data merge entity $(bone_lefthand1) { transformation: [0.24952316658879986f,0.16717062170494612f,0.9538302640272428f,1.0071678180076207f,-0.8013787653415246f,-0.5173085395840347f,0.3003064257273343f,2.588404846901439f,0.5436269527858156f,-0.8393127296259812f,0.004886521522848825f,0.4237975989356635f,0f,0f,0f,1f], start_interpolation: 0, interpolation_duration: 1 }
$data merge entity $(bone_leftforearm) { transformation: [-0.4477979992578762f,-0.3732971094380027f,0.8124815197565264f,0.6985467126007024f,-0.8606790628700256f,-0.06628130771474458f,-0.504815153283653f,2.4716081157865584f,0.2422983751448155f,-0.9253410486587392f,-0.2916083693403315f,-0.21656488603550242f,0f,0f,0f,1f], start_interpolation: 0, interpolation_duration: 1 }
$data merge entity $(bone_leftelbow) { transformation: [-0.4477979992578762f,-0.3732971094380027f,0.8124815197565264f,0.628553504581077f,-0.8606790628700256f,-0.06628130771474458f,-0.504815153283653f,2.459180370590044f,0.2422983751448155f,-0.9253410486587392f,-0.2916083693403315f,-0.390066332659016f,0f,0f,0f,1f], start_interpolation: 0, interpolation_duration: 1 }
$data merge entity $(bone_leftarm) { transformation: [-0.34838270083516515f,-0.8278270884756582f,-0.4396951277245523f,0.6022582870196237f,-0.9006997924173715f,0.4255354006668677f,-0.0875186078419456f,3.3200422680538435f,0.2595561166647775f,0.3655433412951233f,-0.8938728589328f,-0.3275877109222537f,0f,0f,0f,1f], start_interpolation: 0, interpolation_duration: 1 }
$data merge entity $(bone_rightthumb2) { transformation: [-0.6120063428000313f,-0.748078302857714f,-0.25656790361627857f,0.27470051831503284f,0.7588044390389339f,-0.4640274525629535f,-0.45704961061436683f,3.384297922979416f,0.22285434630569578f,-0.4744021248492226f,0.851632881159014f,1.2686410276578968f,0f,0f,0f,1f], start_interpolation: 0, interpolation_duration: 1 }
$data merge entity $(bone_rightthumb) { transformation: [-0.6120063428000313f,-0.748078302857714f,-0.25656790361627857f,0.06931427350316177f,0.7588044390389339f,-0.4640274525629535f,-0.45704961061436683f,3.2314403533451688f,0.22285434630569578f,-0.4744021248492226f,0.851632881159014f,1.2250758814962077f,0f,0f,0f,1f], start_interpolation: 0, interpolation_duration: 1 }
$data merge entity $(bone_rightpointerfinger) { transformation: [-0.6120063428000313f,-0.748078302857714f,-0.25656790361627857f,0.2358126524025827f,0.7588044390389339f,-0.4640274525629535f,-0.45704961061436683f,3.445269396239723f,0.22285434630569578f,-0.4744021248492226f,0.851632881159014f,1.4450340641438733f,0f,0f,0f,1f], start_interpolation: 0, interpolation_duration: 1 }
$data merge entity $(bone_rightmidfinger) { transformation: [-0.6120063428000313f,-0.748078302857714f,-0.25656790361627857f,0.19572391746253917f,0.7588044390389339f,-0.4640274525629535f,-0.45704961061436683f,3.373855394581228f,0.22285434630569578f,-0.4744021248492226f,0.851632881159014f,1.578101701824969f,0f,0f,0f,1f], start_interpolation: 0, interpolation_duration: 1 }
$data merge entity $(bone_rightringfinger) { transformation: [-0.6120063428000313f,-0.748078302857714f,-0.25656790361627857f,0.15563518252249564f,0.7588044390389339f,-0.4640274525629535f,-0.45704961061436683f,3.3024413929227334f,0.22285434630569578f,-0.4744021248492226f,0.851632881159014f,1.711169339506065f,0f,0f,0f,1f], start_interpolation: 0, interpolation_duration: 1 }
$data merge entity $(bone_hugeasssword) { transformation: [-2.397024842633456f,-2.9299733528593803f,-1.0048909558304244f,0.21034357049482866f,2.9719840529024912f,-1.817440855871568f,-1.7901109749062702f,3.085183789325511f,0.8728461896973085f,-1.8580749889927888f,3.335562117872805f,1.4092363207094107f,0f,0f,0f,1f], start_interpolation: 0, interpolation_duration: 1 }
$data merge entity $(bone_ice) { transformation: [-0.6120063428000313f,-0.748078302857714f,-0.25656790361627857f,0.23159489308323095f,0.7588044390389339f,-0.4640274525629535f,-0.45704961061436683f,3.0805778989118235f,0.22285434630569578f,-0.4744021248492226f,0.851632881159014f,1.4131667547491533f,0f,0f,0f,1f], start_interpolation: 0, interpolation_duration: 1 }
$data merge entity $(bone_righthand1) { transformation: [-0.6120063428000313f,-0.748078302857714f,-0.25656790361627857f,-0.11644401531921411f,0.7588044390389339f,-0.4640274525629535f,-0.45704961061436683f,3.13998934519912f,0.22285434630569578f,-0.4744021248492226f,0.851632881159014f,1.3768933376494907f,0f,0f,0f,1f], start_interpolation: 0, interpolation_duration: 1 }
$data merge entity $(bone_rightforearm) { transformation: [-0.4469544520532244f,-0.8649378221358175f,-0.22828552654242015f,-0.6898480619808258f,0.39863778111315734f,0.0358747354274192f,-0.9164065270540094f,3.1304389289956944f,0.800824348567762f,-0.5005952129185424f,0.3287625215015525f,0.9544112286054829f,0f,0f,0f,1f], start_interpolation: 0, interpolation_duration: 1 }
$data merge entity $(bone_rightelbow) { transformation: [-0.4469544520532244f,-0.8649378221358175f,-0.22828552654242015f,-0.8520239036312915f,0.39863778111315734f,0.0358747354274192f,-0.9164065270540094f,3.1371654418883357f,0.800824348567762f,-0.5005952129185424f,0.3287625215015525f,0.8605496261832561f,0f,0f,0f,1f], start_interpolation: 0, interpolation_duration: 1 }
$data merge entity $(bone_rightarm) { transformation: [-0.4499427698488055f,0.4765315247166556f,-0.7552941213937812f,-0.49035391811392515f,0.4669294249453146f,0.8464609494897317f,0.2558921122449456f,3.3207631221312752f,0.7612676375500423f,-0.23753224400102263f,-0.6033655749865218f,0.6668355735580066f,0f,0f,0f,1f], start_interpolation: 0, interpolation_duration: 1 }
$data merge entity $(bone_chest1) { transformation: [-0.7945438097488459f,0.3374442330805823f,-0.6545552956485479f,-0.06506412641595327f,-0.0008987747154915465f,0.9624614884511526f,0.4972707376907608f,3.1913877906851793f,0.7364172986187324f,0.36525386229328266f,-0.705613413623947f,0.030172784475719694f,0f,0f,0f,1f], start_interpolation: 0, interpolation_duration: 1 }
$data merge entity $(bone_chest1lid) { transformation: [-0.7334250551527809f,0.311486984382076f,-0.6042048882909673f,-0.2919236565820683f,-0.0008296381989152737f,0.8884259893395255f,0.45901914248377923f,2.404287258809899f,0.6797698141095991f,0.33715741134764554f,-0.6513354587297973f,0.2867146303898073f,0f,0f,0f,1f], start_interpolation: 0, interpolation_duration: 1 }
$data merge entity $(bone_chest2) { transformation: [-0.7334250551527809f,0.311486984382076f,-0.6042048882909673f,-0.3405934978917677f,-0.0008296381989152737f,0.8884259893395255f,0.45901914248377923f,2.265470697975598f,0.6797698141095991f,0.33715741134764554f,-0.6513354587297973f,0.2340337848667377f,0f,0f,0f,1f], start_interpolation: 0, interpolation_duration: 1 }
$data merge entity $(bone_chest1lid3) { transformation: [-0.7334250551527809f,0.311486984382076f,-0.6042048882909673f,-0.6331533471964205f,-0.0008296381989152737f,0.8884259893395255f,0.45901914248377923f,2.698398249351002f,0.6797698141095991f,0.33715741134764554f,-0.6513354587297973f,-0.17303276124081896f,0f,0f,0f,1f], start_interpolation: 0, interpolation_duration: 1 }
$data merge entity $(bone_chest3) { transformation: [-0.7334250551527809f,0.311486984382076f,-0.6042048882909673f,-0.6818231885061199f,-0.0008296381989152737f,0.8884259893395255f,0.45901914248377923f,2.559581688516701f,0.6797698141095991f,0.33715741134764554f,-0.6513354587297973f,-0.22571360676388857f,0f,0f,0f,1f], start_interpolation: 0, interpolation_duration: 1 }
$data merge entity $(bone_hugeasssword2) { transformation: [2.3664691458062883f,2.9421029757893997f,-1.0412164230244294f,-0.7673356768140085f,-1.7978249747281352f,2.353225657120832f,2.563285420059535f,4.3428150923887205f,2.5510638800250405f,-1.0708113112482351f,2.7723120303299553f,1.086329703461961f,0f,0f,0f,1f], start_interpolation: 0, interpolation_duration: 1 }
$data merge entity $(bone_belt) { transformation: [-0.7334250551527809f,0.311486984382076f,-0.6042048882909673f,-0.08655611878013264f,-0.0008296381989152737f,0.8884259893395255f,0.45901914248377923f,2.7774408853270462f,0.6797698141095991f,0.33715741134764554f,-0.6513354587297973f,-0.04063786473367352f,0f,0f,0f,1f], start_interpolation: 0, interpolation_duration: 1 }
$data merge entity $(bone_torn_part) { transformation: [-0.7282777616214701f,0.4025049148383943f,-0.5546181528390123f,-0.25769898658984636f,-0.056602459671447974f,0.7712310880036791f,0.6340337297461417f,2.514091965305806f,0.6829404538367626f,0.49314541712115534f,-0.5388876822545107f,-0.05253103625003955f,0f,0f,0f,1f], start_interpolation: 0, interpolation_duration: 1 }
$data merge entity $(bone_lowerbody) { transformation: [-0.7282777616214701f,0.21709886497180986f,-0.6499842957761156f,-0.20117937499999997f,-0.056602459671447974f,0.926193781189096f,0.37277505448431897f,2.014955f,0.6829404538367626f,0.30827449215690345f,-0.6622380040428365f,-0.176621875f,0f,0f,0f,1f], start_interpolation: 0, interpolation_duration: 1 }
$data merge entity $(bone_leftfoot) { transformation: [-0.4523238146071156f,0.4268204093994263f,-0.7830884399985572f,-0.24529179922890326f,0.002679623268903225f,0.8786922076820223f,0.4773812143120322f,0.2889322647667667f,0.8918497554848599f,0.21383250987396613f,-0.39859712914494955f,-0.3693649572771797f,0f,0f,0f,1f], start_interpolation: 0, interpolation_duration: 1 }
$data merge entity $(bone_leftlowerleg) { transformation: [-0.4523238146071156f,0.4268204093994263f,-0.7830884399985572f,0.34853020524243855f,0.002679623268903225f,0.8786922076820223f,0.4773812143120322f,1.190383897627779f,0.8918497554848599f,0.21383250987396613f,-0.39859712914494955f,-0.07090181160506709f,0f,0f,0f,1f], start_interpolation: 0, interpolation_duration: 1 }
$data merge entity $(bone_leftleg) { transformation: [-0.6151595294388961f,-0.44326371383802143f,-0.6519938905657325f,-0.1262059815844176f,0.02611876130058821f,0.8150689663196471f,-0.5787749048211617f,2.040927860477354f,0.7879699002174124f,-0.37306817089795574f,-0.489819942646494f,-0.43620116372236045f,0f,0f,0f,1f], start_interpolation: 0, interpolation_duration: 1 }
$data merge entity $(bone_rightfoot) { transformation: [-0.6639751530114957f,0.47303685485195657f,-0.5791140907758414f,-0.6350250686438172f,0.14102826784713893f,0.8397917231466531f,0.5242717705564646f,0.4677877390432692f,0.7343350896228482f,0.2664319719668486f,-0.6243124061417166f,0.13943108730411696f,0f,0f,0f,1f], start_interpolation: 0, interpolation_duration: 1 }
$data merge entity $(bone_rightlowerleg) { transformation: [-0.6639751530114957f,0.47303685485195657f,-0.5791140907758414f,-0.021271461368866873f,0.14102826784713893f,0.8397917231466531f,0.5242717705564646f,1.3188796180520828f,0.7343350896228482f,0.2664319719668486f,-0.6243124061417166f,0.5309269260417375f,0f,0f,0f,1f], start_interpolation: 0, interpolation_duration: 1 }
$data merge entity $(bone_rightleg) { transformation: [-0.6834589871547616f,-0.46737081817718285f,-0.5607569270136373f,-0.48753649760179185f,0.13990556023385686f,0.670067663539942f,-0.7289964063654727f,2.0068793402847995f,0.7164567307891231f,-0.576692157562866f,-0.3925759904941315f,-0.09260324932153569f,0f,0f,0f,1f], start_interpolation: 0, interpolation_duration: 1 }
data modify entity @s data merge value {"locators":{"lefthand":{"posx":1.0062065504156108,"posy":2.6376235672698267,"posz":0.7842151516157668,"roty":90.29352665873868,"rotx":17.476008686750014},"righthand":{"posx":0.18991689542188417,"posy":3.1661076441838696,"posz":1.4281651191479718,"roty":196.76576034013542,"rotx":-27.19688752109514},"chest":{"posx":-0.23990411228400882,"posy":2.2770129672693717,"posz":0.38865626429803524,"roty":317.14976402278063,"rotx":27.32383265341501},"sack":{"posx":0,"posy":-0.4375,"posz":0,"roty":0,"rotx":0}},"cameras":{}}