# This file was generated by Animated Java via MC-Build. It is not recommended to edit this file directly.
$data merge entity $(bone_nose) { transformation: [0.4447049685568755f,0.014840658482137697f,-0.89555415570285f,0.537320404921731f,0.03226986246890809f,0.9989481025158474f,0.03257828197166923f,3.9772068638033136f,0.8950956076962203f,-0.04338713329783832f,0.4437582785110937f,-0.31253510134570134f,0f,0f,0f,1f], start_interpolation: 0, interpolation_duration: 1 }
$data merge entity $(bone_glowing_eye) { transformation: [0.4447049685568755f,0.014840658482137697f,-0.89555415570285f,0.6251642811355296f,0.03226986246890809f,0.9989481025158474f,0.03257828197166923f,4.047740660094756f,0.8950956076962203f,-0.04338713329783832f,0.4437582785110937f,-0.2190710343059642f,0f,0f,0f,1f], start_interpolation: 0, interpolation_duration: 1 }
$data merge entity $(bone_head) { transformation: [0.4447049685568755f,0.014840658482137697f,-0.89555415570285f,0.36779093336327723f,0.03226986246890809f,0.9989481025158474f,0.03257828197166923f,3.8599603200080823f,0.8950956076962203f,-0.04338713329783832f,0.4437582785110937f,-0.224081837268281f,0f,0f,0f,1f], start_interpolation: 0, interpolation_duration: 1 }
$data merge entity $(bone_leftthumb2) { transformation: [0.735773432660015f,-0.35311332478481955f,-0.5778827179031301f,0.9894606718512416f,-0.5812034722679427f,-0.7672446669453545f,-0.2711791748412823f,3.6102006648295593f,-0.34762045339045405f,0.5353938745478162f,-0.7697489327574885f,-2.168408478851101f,0f,0f,0f,1f], start_interpolation: 0, interpolation_duration: 1 }
$data merge entity $(bone_leftthumb) { transformation: [0.735773432660015f,-0.35311332478481955f,-0.5778827179031301f,0.8534778649324938f,-0.5812034722679427f,-0.7672446669453545f,-0.2711791748412823f,3.3988653702622145f,-0.34762045339045405f,0.5353938745478162f,-0.7697489327574885f,-2.102887965993431f,0f,0f,0f,1f], start_interpolation: 0, interpolation_duration: 1 }
$data merge entity $(bone_leftpointerfinger) { transformation: [0.735773432660015f,-0.35311332478481955f,-0.5778827179031301f,0.8617797030286144f,-0.5812034722679427f,-0.7672446669453545f,-0.2711791748412823f,3.7014751325622797f,-0.34762045339045405f,0.5353938745478162f,-0.7697489327574885f,-2.276625075212859f,0f,0f,0f,1f], start_interpolation: 0, interpolation_duration: 1 }
$data merge entity $(bone_leftmidfinger) { transformation: [0.735773432660015f,-0.35311332478481955f,-0.5778827179031301f,0.7714855283562503f,-0.5812034722679427f,-0.7672446669453545f,-0.2711791748412823f,3.6591033864933293f,-0.34762045339045405f,0.5353938745478162f,-0.7697489327574885f,-2.3968983459562168f,0f,0f,0f,1f], start_interpolation: 0, interpolation_duration: 1 }
$data merge entity $(bone_leftringfinger) { transformation: [0.735773432660015f,-0.35311332478481955f,-0.5778827179031301f,0.6811913536838863f,-0.5812034722679427f,-0.7672446669453545f,-0.2711791748412823f,3.616731640424379f,-0.34762045339045405f,0.5353938745478162f,-0.7697489327574885f,-2.5171716166995743f,0f,0f,0f,1f], start_interpolation: 0, interpolation_duration: 1 }
$data merge entity $(bone_invisibility) { transformation: [-0.40213541947606823f,0.5449078455982298f,-0.735773432660015f,0.9791742866885004f,-0.7879598917511182f,0.2032774773929778f,0.5812034722679424f,3.5170564452786826f,0.4662684992516354f,0.8134824564735509f,0.3476204533904539f,-2.2591905510462302f,0f,0f,0f,1f], start_interpolation: 0, interpolation_duration: 1 }
$data merge entity $(bone_swiftness) { transformation: [-0.57788271790313f,-0.35311332478481955f,-0.7357734326600152f,0.9569601597097944f,-0.2711791748412824f,-0.7672446669453545f,0.5812034722679426f,3.5398373320575325f,-0.7697489327574886f,0.5353938745478162f,0.3476204533904539f,-2.4941250008501585f,0f,0f,0f,1f], start_interpolation: 0, interpolation_duration: 1 }
$data merge entity $(bone_suspicious_stew) { transformation: [-0.5642531456890956f,0.374507467711471f,-0.7357734326600152f,0.8873734641809519f,-0.8099650877066158f,-0.07847980963344015f,0.5812034722679427f,3.5021749437590057f,0.15992168169568072f,0.9238966804292786f,0.34762045339045416f,-2.428615063807688f,0f,0f,0f,1f], start_interpolation: 0, interpolation_duration: 1 }
$data merge entity $(bone_log) { transformation: [0.735773432660015f,-0.35311332478481955f,-0.5778827179031301f,0.8851248054930166f,-0.5812034722679427f,-0.7672446669453545f,-0.2711791748412823f,3.3390700110450315f,-0.34762045339045405f,0.5353938745478162f,-0.7697489327574885f,-2.430362228217574f,0f,0f,0f,1f], start_interpolation: 0, interpolation_duration: 1 }
$data merge entity $(bone_planks) { transformation: [0.735773432660015f,-0.35311332478481955f,-0.5778827179031301f,0.954103564804893f,-0.5812034722679427f,-0.7672446669453545f,-0.2711791748412823f,3.2845821855199118f,-0.34762045339045405f,0.5353938745478162f,-0.7697489327574885f,-2.462951645722929f,0f,0f,0f,1f], start_interpolation: 0, interpolation_duration: 1 }
$data merge entity $(bone_lefthand1) { transformation: [0.735773432660015f,-0.35311332478481955f,-0.5778827179031301f,0.6309619510662807f,-0.5812034722679427f,-0.7672446669453545f,-0.2711791748412823f,3.3010340615894687f,-0.34762045339045405f,0.5353938745478162f,-0.7697489327574885f,-2.1855539920843348f,0f,0f,0f,1f], start_interpolation: 0, interpolation_duration: 1 }
$data merge entity $(bone_leftforearm) { transformation: [0.43448395415097796f,-0.5347720514674321f,-0.7247361910065239f,0.28813463901372616f,-0.7568847850438459f,0.21937408205249767f,-0.6156301115871082f,3.409449201181802f,0.48821011435084194f,0.816023201320243f,-0.30944631061397365f,-1.5614315551036364f,0f,0f,0f,1f], start_interpolation: 0, interpolation_duration: 1 }
$data merge entity $(bone_leftelbow) { transformation: [0.43448395415097796f,-0.5347720514674321f,-0.7247361910065239f,0.18786487936358262f,-0.7568847850438459f,0.21937408205249767f,-0.6156301115871082f,3.450581841566645f,0.48821011435084194f,0.816023201320243f,-0.30944631061397365f,-1.4084272048560909f,0f,0f,0f,1f], start_interpolation: 0, interpolation_duration: 1 }
$data merge entity $(bone_leftarm) { transformation: [0.45438013799604404f,-0.2242388609486909f,-0.8621227426736459f,0.21797555609333957f,-0.8012813796702045f,0.31996821997390434f,-0.5055378213354021f,3.447380592493405f,0.3892131045950403f,0.920509245715199f,-0.03429121993055101f,-0.879857169986487f,0f,0f,0f,1f], start_interpolation: 0, interpolation_duration: 1 }
$data merge entity $(bone_rightthumb2) { transformation: [-0.7836810665442174f,-0.4538049881583677f,0.4241521173620396f,1.9457154558091574f,0.5655163796600502f,-0.8037316975397619f,0.1849502168315642f,3.7681476170640065f,0.2569731703433407f,0.3848069530198699f,0.8865034679183472f,0.29639018074377305f,0f,0f,0f,1f], start_interpolation: 0, interpolation_duration: 1 }
$data merge entity $(bone_rightthumb) { transformation: [-0.7836810665442174f,-0.4538049881583677f,0.4241521173620396f,1.8706701655701954f,0.5655163796600502f,-0.8037316975397619f,0.1849502168315642f,3.586843829384995f,0.2569731703433407f,0.3848069530198699f,0.8865034679183472f,0.46651957002938066f,0f,0f,0f,1f], start_interpolation: 0, interpolation_duration: 1 }
$data merge entity $(bone_rightpointerfinger) { transformation: [-0.7836810665442174f,-0.4538049881583677f,0.4241521173620396f,1.9537419411577317f,0.5655163796600502f,-0.8037316975397619f,0.1849502168315642f,3.921091188079527f,0.2569731703433407f,0.3848069530198699f,0.8865034679183472f,0.4099160791347113f,0f,0f,0f,1f], start_interpolation: 0, interpolation_duration: 1 }
$data merge entity $(bone_rightmidfinger) { transformation: [-0.7836810665442174f,-0.4538049881583677f,0.4241521173620396f,2.0200157094955506f,0.5655163796600502f,-0.8037316975397619f,0.1849502168315642f,3.949989659459459f,0.2569731703433407f,0.3848069530198699f,0.8865034679183472f,0.548432245996953f,0f,0f,0f,1f], start_interpolation: 0, interpolation_duration: 1 }
$data merge entity $(bone_rightringfinger) { transformation: [-0.7836810665442174f,-0.4538049881583677f,0.4241521173620396f,2.086289477833369f,0.5655163796600502f,-0.8037316975397619f,0.1849502168315642f,3.978888130839391f,0.2569731703433407f,0.3848069530198699f,0.8865034679183472f,0.6869484128591947f,0f,0f,0f,1f], start_interpolation: 0, interpolation_duration: 1 }
$data merge entity $(bone_hugeasssword) { transformation: [-3.0694175106315185f,-1.7774028702869402f,1.6612624596679886f,2.129374477742908f,2.21493915366853f,-3.147949148697401f,0.7243883492569598f,3.633626522911501f,1.0064782505114178f,1.5071605659944904f,3.4721385826801936f,0.54448604327044f,0f,0f,0f,1f], start_interpolation: 0, interpolation_duration: 1 }
$data merge entity $(bone_ice) { transformation: [-0.7836810665442174f,-0.4538049881583677f,0.4241521173620396f,2.148710197347636f,0.5655163796600502f,-0.8037316975397619f,0.1849502168315642f,3.637348637253371f,0.2569731703433407f,0.3848069530198699f,0.8865034679183472f,0.5344582288428898f,0f,0f,0f,1f], start_interpolation: 0, interpolation_duration: 1 }
$data merge entity $(bone_righthand1) { transformation: [-0.7836810665442174f,-0.4538049881583677f,0.4241521173620396f,1.8525934373395532f,0.5655163796600502f,-0.8037316975397619f,0.1849502168315642f,3.5835745020594296f,0.2569731703433407f,0.3848069530198699f,0.8865034679183472f,0.7226064930561409f,0f,0f,0f,1f], start_interpolation: 0, interpolation_duration: 1 }
$data merge entity $(bone_rightforearm) { transformation: [0.10335017609466128f,-0.994554516913087f,0.01341841976457367f,1.1484686483351907f,0.7719270642862652f,0.07169338454292928f,-0.6316554963230889f,3.546964456432844f,0.6272538150729661f,0.07563974815237978f,0.7751330724306981f,0.7293630294164573f,0f,0f,0f,1f], start_interpolation: 0, interpolation_duration: 1 }
$data merge entity $(bone_rightelbow) { transformation: [0.10335017609466128f,-0.994554516913087f,0.01341841976457367f,0.9619896764139868f,0.7719270642862652f,0.07169338454292928f,-0.6316554963230889f,3.5604069660346434f,0.6272538150729661f,0.07563974815237978f,0.7751330724306981f,0.7435454821950285f,0f,0f,0f,1f], start_interpolation: 0, interpolation_duration: 1 }
$data merge entity $(bone_rightarm) { transformation: [0.0022272570108139433f,-0.9717664173321607f,-0.23593446011895847f,0.5047310676750101f,0.800004595735415f,0.14329047461202782f,-0.5826323769648188f,3.4726166848680533f,0.599989738352601f,-0.18745098034119898f,0.7777367445612304f,0.4977785686120921f,0f,0f,0f,1f], start_interpolation: 0, interpolation_duration: 1 }
$data merge entity $(bone_chest1) { transformation: [0.325155350411968f,0.2870857493533056f,-0.9927068458149323f,0.11964686619625879f,0.07302465085081415f,1.0317037643508815f,0.32228225843730224f,3.2590900638926845f,1.0308018769762197f,-0.16364665060300607f,0.29030738068438866f,-0.10079875701760278f,0f,0f,0f,1f], start_interpolation: 0, interpolation_duration: 1 }
$data merge entity $(bone_chest1lid) { transformation: [0.3001434003802782f,0.26500223017228214f,-0.9163447807522452f,0.39959174774359923f,0.06740737001613614f,0.9523419363238907f,0.2974913154805867f,2.5148131347806184f,0.951509424901126f,-0.15105844671046714f,0.26797604370866646f,0.2224487155131274f,0f,0f,0f,1f], start_interpolation: 0, interpolation_duration: 1 }
$data merge entity $(bone_chest2) { transformation: [0.3001434003802782f,0.26500223017228214f,-0.9163447807522452f,0.35818514927918016f,0.06740737001613614f,0.9523419363238907f,0.2974913154805867f,2.3660097072300106f,0.951509424901126f,-0.15105844671046714f,0.26797604370866646f,0.24605159781163788f,0f,0f,0f,1f], start_interpolation: 0, interpolation_duration: 1 }
$data merge entity $(bone_chest1lid3) { transformation: [0.3001434003802782f,0.26500223017228214f,-0.9163447807522452f,-0.20620058994957524f,0.06740737001613614f,0.9523419363238907f,0.2974913154805867f,2.7011805481343605f,0.951509424901126f,-0.15105844671046714f,0.26797604370866646f,0.33465152945767146f,0f,0f,0f,1f], start_interpolation: 0, interpolation_duration: 1 }
$data merge entity $(bone_chest3) { transformation: [0.3001434003802782f,0.26500223017228214f,-0.9163447807522452f,-0.24760718841399432f,0.06740737001613614f,0.9523419363238907f,0.2974913154805867f,2.5523771205837527f,0.951509424901126f,-0.15105844671046714f,0.26797604370866646f,0.35825441175618195f,0f,0f,0f,1f], start_interpolation: 0, interpolation_duration: 1 }
$data merge entity $(bone_hugeasssword2) { transformation: [3.5890170579462946f,-0.16550272617180453f,1.559436816026221f,0.5541535632187689f,-1.1651743189656312f,2.325305260921536f,2.92841288546055f,4.525956944582548f,-1.0495728378589428f,-3.147354773287896f,2.0815457157767145f,0.9672320646270813f,0f,0f,0f,1f], start_interpolation: 0, interpolation_duration: 1 }
$data merge entity $(bone_belt) { transformation: [0.3001434003802782f,0.26500223017228214f,-0.9163447807522452f,0.12442713257922457f,0.06740737001613614f,0.9523419363238907f,0.2974913154805867f,2.838642369669687f,0.951509424901126f,-0.15105844671046714f,0.26797604370866646f,-0.10618203749379805f,0f,0f,0f,1f], start_interpolation: 0, interpolation_duration: 1 }
$data merge entity $(bone_torn_part) { transformation: [0.31862462339086106f,0.4642577132619322f,-0.8264037300531943f,0.09163072115903119f,0.07356457680463996f,0.8571021816322841f,0.5098667505150078f,2.573395262340295f,0.9450220116000398f,-0.22325014203350563f,0.23894093762566784f,0.05459796185925854f,0f,0f,0f,1f], start_interpolation: 0, interpolation_duration: 1 }
$data merge entity $(bone_lowerbody) { transformation: [0.31862462339086106f,0.19426605629455537f,-0.9277602323557483f,0.09612484515596866f,0.07356457680463996f,0.9707527680002561f,0.22853296580448756f,2.060073398320336f,0.9450220116000398f,-0.14106651903127645f,0.29501463489090207f,-0.010295640746850507f,0f,0f,0f,1f], start_interpolation: 0, interpolation_duration: 1 }
$data merge entity $(bone_leftfoot) { transformation: [0.5984371260660308f,0.478528496573473f,-0.6425601015570144f,-0.2026158299275499f,-0.10772344676340834f,0.8428048550029582f,0.5273287735377747f,0.35643651838752877f,0.7938946184244103f,-0.24635432683550357f,0.5559144542878744f,-0.14947515022733665f,0f,0f,0f,1f], start_interpolation: 0, interpolation_duration: 1 }
$data merge entity $(bone_leftlowerleg) { transformation: [0.5984371260660308f,0.478528496573473f,-0.6425601015570144f,0.42697826936243766f,-0.10772344676340834f,0.8428048550029582f,0.5273287735377747f,1.2104013954157407f,0.7938946184244103f,-0.24635432683550357f,0.5559144542878744f,-0.5081883053360678f,0f,0f,0f,1f], start_interpolation: 0, interpolation_duration: 1 }
$data merge entity $(bone_leftleg) { transformation: [0.4339536350279062f,-0.5355230987464277f,-0.7244993121840007f,-0.11823056498724326f,-0.02488594790197412f,0.7967317103752523f,-0.6038205621536461f,2.0384889332367666f,0.9005914346933834f,0.2800599799891955f,0.33241762192363433f,-0.1944414111878671f,0f,0f,0f,1f], start_interpolation: 0, interpolation_duration: 1 }
$data merge entity $(bone_rightfoot) { transformation: [0.0735364113654581f,0.6157982913827296f,-0.784464696805153f,-0.39085827634884707f,0.32876385161316346f,0.727655969839885f,0.6020225240211983f,0.42215484416319915f,0.9415448614250771f,-0.3021742111539088f,-0.1489430093611143f,0.694924843943602f,0f,0f,0f,1f], start_interpolation: 0, interpolation_duration: 1 }
$data merge entity $(bone_rightlowerleg) { transformation: [0.0735364113654581f,0.6157982913827296f,-0.784464696805153f,0.41282252178493173f,0.32876385161316346f,0.727655969839885f,0.6020225240211983f,1.136900058737007f,0.9415448614250771f,-0.3021742111539088f,-0.1489430093611143f,0.3825847702074037f,0f,0f,0f,1f], start_interpolation: 0, interpolation_duration: 1 }
$data merge entity $(bone_rightleg) { transformation: [0.28113355005198687f,-0.36846937351675635f,-0.8861118709369239f,0.024682975758886644f,0.18885167383578064f,0.9265385011970637f,-0.3253635675500912f,2.0984727778752856f,0.9409032746911824f,-0.07587309522925681f,0.3300671160472384f,0.2798281902292559f,0f,0f,0f,1f], start_interpolation: 0, interpolation_duration: 1 }
data modify entity @s data merge value {"locators":{"lefthand":{"posx":0.8527624421471907,"posy":3.457736000782152,"posz":-2.427573130086931,"roty":323.1029098679069,"rotx":-15.734446670604745},"righthand":{"posx":2.075703423465308,"posy":3.7000342584825665,"posz":0.5386852382354184,"roty":154.43097792802564,"rotx":10.658229945234869},"chest":{"posx":0.5355874616122536,"posy":2.410915226029538,"posz":0.21975328113121265,"roty":253.6989587148944,"rotx":17.30698785253785},"sack":{"posx":0,"posy":-0.4375,"posz":0,"roty":0,"rotx":0}},"cameras":{}}