# This file was generated by Animated Java via MC-Build. It is not recommended to edit this file directly.
$data merge entity $(bone_nose) { transformation: [0.9579206764124052f,0.09938802163545088f,0.26927680712789076f,0.15611194380525778f,-0.16130360998043722f,0.9623884344573863f,0.21860843220228304f,3.916531134305151f,-0.23742182525808186f,-0.25284485831840114f,0.937923426785507f,-0.7608591516666958f,0f,0f,0f,1f], start_interpolation: 0, interpolation_duration: 1 }
$data merge entity $(bone_glowing_eye) { transformation: [0.9579206764124052f,0.09938802163545088f,0.26927680712789076f,0.273184822466472f,-0.16130360998043722f,0.9623884344573863f,0.21860843220228304f,3.9539012216044225f,-0.23742182525808186f,-0.25284485831840114f,0.937923426785507f,-0.8403859552764077f,0f,0f,0f,1f], start_interpolation: 0, interpolation_duration: 1 }
$data merge entity $(bone_head) { transformation: [0.9579206764124052f,0.09938802163545088f,0.26927680712789076f,0.19426325000001313f,-0.16130360998043722f,0.9623884344573863f,0.21860843220228304f,3.8386339398542493f,-0.23742182525808186f,-0.25284485831840114f,0.937923426785507f,-0.5540078074190019f,0f,0f,0f,1f], start_interpolation: 0, interpolation_duration: 1 }
$data merge entity $(bone_leftthumb2) { transformation: [0.17090405319230673f,0.04466224783008983f,-0.9842749048010948f,-0.6611300094630822f,-0.9083774934765934f,-0.3797890494561798f,-0.17495887304836233f,3.73464253679283f,-0.3816308870461388f,0.9239943514610544f,-0.02433730717318694f,-1.0666871851357167f,0f,0f,0f,1f], start_interpolation: 0, interpolation_duration: 1 }
$data merge entity $(bone_leftthumb) { transformation: [0.17090405319230673f,0.04466224783008983f,-0.9842749048010948f,-0.734290600826651f,-0.9083774934765934f,-0.3797890494561798f,-0.17495887304836233f,3.6265505729380427f,-0.3816308870461388f,0.9239943514610544f,-0.02433730717318694f,-0.8421643058252817f,0f,0f,0f,1f], start_interpolation: 0, interpolation_duration: 1 }
$data merge entity $(bone_leftpointerfinger) { transformation: [0.17090405319230673f,0.04466224783008983f,-0.9842749048010948f,-0.8137759178763591f,-0.9083774934765934f,-0.3797890494561798f,-0.17495887304836233f,3.8423214459657125f,-0.3816308870461388f,0.9239943514610544f,-0.02433730717318694f,-1.1047498854015116f,0f,0f,0f,1f], start_interpolation: 0, interpolation_duration: 1 }
$data merge entity $(bone_leftmidfinger) { transformation: [0.17090405319230673f,0.04466224783008983f,-0.9842749048010948f,-0.9675688717515302f,-0.9083774934765934f,-0.3797890494561798f,-0.17495887304836233f,3.814984122051906f,-0.3816308870461388f,0.9239943514610544f,-0.02433730717318694f,-1.108552589647322f,0f,0f,0f,1f], start_interpolation: 0, interpolation_duration: 1 }
$data merge entity $(bone_leftringfinger) { transformation: [0.17090405319230673f,0.04466224783008983f,-0.9842749048010948f,-1.1213618256267013f,-0.9083774934765934f,-0.3797890494561798f,-0.17495887304836233f,3.7876467981380992f,-0.3816308870461388f,0.9239943514610544f,-0.02433730717318694f,-1.1123552938931327f,0f,0f,0f,1f], start_interpolation: 0, interpolation_duration: 1 }
$data merge entity $(bone_invisibility) { transformation: [-0.04129291590262478f,0.9844220130100195f,-0.17090405319230692f,-0.7460878837713514f,-0.39359250799237344f,0.1411923050221049f,0.9083774934765931f,3.6359287034373424f,0.9183571379090659f,0.10477611036798803f,0.38163088704613873f,-1.074483253682448f,0f,0f,0f,1f], start_interpolation: 0, interpolation_duration: 1 }
$data merge entity $(bone_swiftness) { transformation: [-0.9842749048010948f,0.04466224783008983f,-0.17090405319230695f,-0.9277862332877613f,-0.17495887304836252f,-0.3797890494561798f,0.9083774934765934f,3.6072426224374228f,-0.024337307173187023f,0.9239943514610544f,0.3816308870461388f,-1.2240474555638132f,0f,0f,0f,1f], start_interpolation: 0, interpolation_duration: 1 }
$data merge entity $(bone_suspicious_stew) { transformation: [-0.37549480634706006f,0.9109310923493745f,-0.17090405319230675f,-0.9327329712885921f,-0.41814658775719377f,-0.0019391988544356364f,0.9083774934765936f,3.620926526434033f,0.8271378854540511f,0.41255397767925794f,0.381630887046139f,-1.1223587340021575f,0f,0f,0f,1f], start_interpolation: 0, interpolation_duration: 1 }
$data merge entity $(bone_log) { transformation: [0.17090405319230673f,0.04466224783008983f,-0.9842749048010948f,-0.9572658214856034f,-0.9083774934765934f,-0.3797890494561798f,-0.17495887304836233f,3.480091308064438f,-0.3816308870461388f,0.9239943514610544f,-0.02433730717318694f,-1.0437781470038443f,0f,0f,0f,1f], start_interpolation: 0, interpolation_duration: 1 }
$data merge entity $(bone_planks) { transformation: [0.17090405319230673f,0.04466224783008983f,-0.9842749048010948f,-0.9412435664988247f,-0.9083774934765934f,-0.3797890494561798f,-0.17495887304836233f,3.394930918051007f,-0.3816308870461388f,0.9239943514610544f,-0.02433730717318694f,-1.07955604266442f,0f,0f,0f,1f], start_interpolation: 0, interpolation_duration: 1 }
$data merge entity $(bone_lefthand1) { transformation: [0.17090405319230673f,0.04466224783008983f,-0.9842749048010948f,-0.9580676820511234f,-0.9083774934765934f,-0.3797890494561798f,-0.17495887304836233f,3.617705883852303f,-0.3816308870461388f,0.9239943514610544f,-0.02433730717318694f,-0.7166112965278839f,0f,0f,0f,1f], start_interpolation: 0, interpolation_duration: 1 }
$data merge entity $(bone_leftforearm) { transformation: [0.6292443826281886f,0.03609497693548558f,-0.7763688940000726f,-0.8750216209425244f,-0.7678248294817271f,-0.12587795006736835f,-0.628171770233424f,3.4771942462612104f,-0.12040157043089775f,0.99138887139551f,-0.05149337346600685f,-0.027114753181652212f,0f,0f,0f,1f], start_interpolation: 0, interpolation_duration: 1 }
$data merge entity $(bone_leftelbow) { transformation: [0.6292443826281886f,0.03609497693548558f,-0.7763688940000726f,-0.8682538127671209f,-0.7678248294817271f,-0.12587795006736835f,-0.628171770233424f,3.453592130623579f,-0.12040157043089775f,0.99138887139551f,-0.05149337346600685f,0.1587706602050059f,0f,0f,0f,1f], start_interpolation: 0, interpolation_duration: 1 }
$data merge entity $(bone_leftarm) { transformation: [0.552401193967577f,0.742334145640016f,0.3792003917720852f,-0.48996766563106775f,-0.8195086543536564f,0.5668590920763827f,0.08412095559251898f,3.491631583261027f,-0.15250733209473852f,-0.3572265190985219f,0.921482896048591f,-0.1624831813708148f,0f,0f,0f,1f], start_interpolation: 0, interpolation_duration: 1 }
$data merge entity $(bone_rightthumb2) { transformation: [0.41558268390659636f,0.23533441707677563f,0.8785833739470172f,0.8506698250376469f,0.18645981492833202f,-0.9674760749715969f,0.17094672203480765f,4.030836283791303f,0.8902380413428097f,0.0927779957570104f,-0.4459467157065181f,-1.125891466644717f,0f,0f,0f,1f], start_interpolation: 0, interpolation_duration: 1 }
$data merge entity $(bone_rightthumb) { transformation: [0.41558268390659636f,0.23533441707677563f,0.8785833739470172f,0.9834653644966752f,0.18645981492833202f,-0.9674760749715969f,0.17094672203480765f,3.8081787119733708f,0.8902380413428097f,0.0927779957570104f,-0.4459467157065181f,-1.141247850477768f,0f,0f,0f,1f], start_interpolation: 0, interpolation_duration: 1 }
$data merge entity $(bone_rightpointerfinger) { transformation: [0.41558268390659636f,0.23533441707677563f,0.8785833739470172f,0.9928842105994086f,0.18645981492833202f,-0.9674760749715969f,0.17094672203480765f,4.154038968926594f,0.8902380413428097f,0.0927779957570104f,-0.4459467157065181f,-1.0952245968624104f,0f,0f,0f,1f], start_interpolation: 0, interpolation_duration: 1 }
$data merge entity $(bone_rightmidfinger) { transformation: [0.41558268390659636f,0.23533441707677563f,0.8785833739470172f,1.13016286277863f,0.18645981492833202f,-0.9674760749715969f,0.17094672203480765f,4.180749394244533f,0.8902380413428097f,0.0927779957570104f,-0.4459467157065181f,-1.1649037711915537f,0f,0f,0f,1f], start_interpolation: 0, interpolation_duration: 1 }
$data merge entity $(bone_rightringfinger) { transformation: [0.41558268390659636f,0.23533441707677563f,0.8785833739470172f,1.2674415149578515f,0.18645981492833202f,-0.9674760749715969f,0.17094672203480765f,4.207459819562471f,0.8902380413428097f,0.0927779957570104f,-0.4459467157065181f,-1.2345829455206974f,0f,0f,0f,1f], start_interpolation: 0, interpolation_duration: 1 }
$data merge entity $(bone_hugeasssword) { transformation: [1.6276988453008359f,0.9217264668840379f,3.441118214625818f,1.0538481506167383f,0.7303009418026338f,-3.789281293638755f,0.6695413279696634f,3.9320313856437954f,3.486765661926005f,0.3633804833816241f,-1.746624636517196f,-1.3755598031021807f,0f,0f,0f,1f], start_interpolation: 0, interpolation_duration: 1 }
$data merge entity $(bone_ice) { transformation: [0.41558268390659636f,0.23533441707677563f,0.8785833739470172f,1.0436775709138733f,0.18645981492833202f,-0.9674760749715969f,0.17094672203480765f,3.9442347647069713f,0.8902380413428097f,0.0927779957570104f,-0.4459467157065181f,-1.3909194286818654f,0f,0f,0f,1f], start_interpolation: 0, interpolation_duration: 1 }
$data merge entity $(bone_righthand1) { transformation: [0.41558268390659636f,0.23533441707677563f,0.8785833739470172f,1.2338625765955604f,0.18645981492833202f,-0.9674760749715969f,0.17094672203480765f,3.7543227847597427f,0.8902380413428097f,0.0927779957570104f,-0.4459467157065181f,-1.159101254272739f,0f,0f,0f,1f], start_interpolation: 0, interpolation_duration: 1 }
$data merge entity $(bone_rightforearm) { transformation: [0.718232176487803f,0.2239881188524985f,0.6587654083742652f,1.329451888020984f,0.6620610113972417f,-0.5112516269147169f,-0.5479936050399831f,3.32750159222355f,0.21405083005037595f,0.8297295321910475f,-0.5154911692403379f,-0.6016893713374767f,0f,0f,0f,1f], start_interpolation: 0, interpolation_duration: 1 }
$data merge entity $(bone_rightelbow) { transformation: [0.718232176487803f,0.2239881188524985f,0.6587654083742652f,1.3714496603058275f,0.6620610113972417f,-0.5112516269147169f,-0.5479936050399831f,3.2316419121770408f,0.21405083005037595f,0.8297295321910475f,-0.5154911692403379f,-0.44611508405165534f,0f,0f,0f,1f], start_interpolation: 0, interpolation_duration: 1 }
$data merge entity $(bone_rightarm) { transformation: [0.6721258706379015f,-0.739688624152642f,0.033279923653972754f,0.9398671573833239f,0.6879151515776571f,0.6071923688525169f,-0.3976055475432383f,3.3472307466869897f,0.27389698473902896f,0.29013473853787397f,0.9169527115639211f,-0.4967513026173266f,0f,0f,0f,1f], start_interpolation: 0, interpolation_duration: 1 }
$data merge entity $(bone_chest1) { transformation: [1.0460292367193498f,-0.06586428732889293f,0.27403620690358127f,0.2570858081533219f,-0.032468800815075964f,1.0181616296273297f,0.3686513041335435f,3.249241041998368f,-0.2799637905391986f,-0.36417015627366905f,0.9811276595722118f,-0.2599183673253638f,0f,0f,0f,1f], start_interpolation: 0, interpolation_duration: 1 }
$data merge entity $(bone_chest1lid) { transformation: [0.9655654492793999f,-0.06079780368820887f,0.2529564986802289f,0.5293212440751021f,-0.029971200752377816f,0.9398415042713812f,0.34029351150788634f,2.4635105356523295f,-0.2584281143438757f,-0.3361570673295407f,0.9056563011435802f,-0.4728071909780461f,0f,0f,0f,1f], start_interpolation: 0, interpolation_duration: 1 }
$data merge entity $(bone_chest2) { transformation: [0.9655654492793999f,-0.06079780368820887f,0.2529564986802289f,0.5388209009013847f,-0.029971200752377816f,0.9398415042713812f,0.34029351150788634f,2.316660300609926f,-0.2584281143438757f,-0.3361570673295407f,0.9056563011435802f,-0.42028264920780534f,0f,0f,0f,1f], start_interpolation: 0, interpolation_duration: 1 }
$data merge entity $(bone_chest1lid3) { transformation: [0.9655654492793999f,-0.06079780368820887f,0.2529564986802289f,0.6310236604621611f,-0.029971200752377816f,0.9398415042713812f,0.34029351150788634f,2.683384266509093f,-0.2584281143438757f,-0.3361570673295407f,0.9056563011435802f,0.12353063408855225f,0f,0f,0f,1f], start_interpolation: 0, interpolation_duration: 1 }
$data merge entity $(bone_chest3) { transformation: [0.9655654492793999f,-0.06079780368820887f,0.2529564986802289f,0.6405233172884437f,-0.029971200752377816f,0.9398415042713812f,0.34029351150788634f,2.5365340314666893f,-0.2584281143438757f,-0.3361570673295407f,0.9056563011435802f,0.176055175858793f,0f,0f,0f,1f], start_interpolation: 0, interpolation_duration: 1 }
$data merge entity $(bone_hugeasssword2) { transformation: [-0.9907462864975624f,-2.9491087014594473f,2.3793817349356203f,1.4431847240483326f,-1.332816253405888f,2.5734254826005736f,2.6346460669199714f,4.392967825409652f,-3.5471538461456897f,-0.14323732144925752f,-1.6545272555312167f,-0.7284223755789265f,0f,0f,0f,1f], start_interpolation: 0, interpolation_duration: 1 }
$data merge entity $(bone_belt) { transformation: [0.9655654492793999f,-0.06079780368820887f,0.2529564986802289f,0.21726490484434985f,-0.029971200752377816f,0.9398415042713812f,0.34029351150788634f,2.831288644307885f,-0.2584281143438757f,-0.3361570673295407f,0.9056563011435802f,-0.23629246718914393f,0f,0f,0f,1f], start_interpolation: 0, interpolation_duration: 1 }
$data merge entity $(bone_torn_part) { transformation: [0.965992426974654f,-0.18612315034750493f,0.1794904006690545f,0.362467282588907f,0.03379861022198142f,0.7790987132648273f,0.6259894958672654f,2.5690897573469726f,-0.2563518772599105f,-0.5986345862826592f,0.7588941606914031f,-0.1665534153998251f,0f,0f,0f,1f], start_interpolation: 0, interpolation_duration: 1 }
$data merge entity $(bone_lowerbody) { transformation: [0.965992426974654f,-0.12353499897654587f,0.22715134834616865f,0.29650875f,0.03379861022198142f,0.9312783209828411f,0.36273729173389785f,2.0600534375f,-0.2563518772599105f,-0.34272407691209145f,0.9037831167542767f,-0.10126781249999997f,0f,0f,0f,1f], start_interpolation: 0, interpolation_duration: 1 }
$data merge entity $(bone_leftfoot) { transformation: [0.9287917657267749f,-0.027438765695131234f,0.3695848617777348f,-0.07004392678268945f,-0.12697334012732145f,0.9133376170151484f,0.38690072142863874f,0.3311533280620237f,-0.34817183518350714f,-0.40627762857708194f,0.8448164662829029f,0.0191257485940437f,0f,0f,0f,1f], start_interpolation: 0, interpolation_duration: 1 }
$data merge entity $(bone_leftlowerleg) { transformation: [0.9287917657267749f,-0.027438765695131234f,0.3695848617777348f,-0.15726890455410433f,-0.12697334012732145f,0.9133376170151484f,0.38690072142863874f,1.28494164378135f,-0.34817183518350714f,-0.40627762857708194f,0.8448164662829029f,-0.5613908495809846f,0f,0f,0f,1f], start_interpolation: 0, interpolation_duration: 1 }
$data merge entity $(bone_leftleg) { transformation: [0.9718755630919361f,0.2073095899665676f,0.11171671214561261f,0.08428351242282062f,-0.08250161361171067f,0.7440559163666174f,-0.6630039796798334f,2.058683529401329f,-0.2205705638025983f,0.6351405570641246f,0.7402331383801168f,0.09095650902587668f,0f,0f,0f,1f], start_interpolation: 0, interpolation_duration: 1 }
$data merge entity $(bone_rightfoot) { transformation: [0.9835300628931877f,0.04626320608857765f,-0.174723584978468f,0.6088949324793023f,0.05140224492314266f,0.855177696255981f,0.5157799114381775f,0.2864645963388338f,0.17328134522268518f,-0.5162662332447462f,0.8387149407332015f,0.25535053072960023f,0f,0f,0f,1f], start_interpolation: 0, interpolation_duration: 1 }
$data merge entity $(bone_rightlowerleg) { transformation: [0.9835300628931877f,0.04626320608857765f,-0.174723584978468f,0.6870636911500754f,0.05140224492314266f,0.855177696255981f,0.5157799114381775f,1.1559300262674492f,0.17328134522268518f,-0.5162662332447462f,0.8387149407332015f,-0.44624720304208076f,0f,0f,0f,1f], start_interpolation: 0, interpolation_duration: 1 }
$data merge entity $(bone_rightleg) { transformation: [0.9955451988751055f,-0.09037714984911147f,0.02686499175279694f,0.5640610199138846f,0.09337218294357245f,0.9054702779110044f,-0.41401112457531924f,2.0982595759819627f,0.01309169389646092f,0.41467523027656183f,0.9098752996680378f,-0.020344395275373017f,0f,0f,0f,1f], start_interpolation: 0, interpolation_duration: 1 }
data modify entity @s data merge value {"locators":{"lefthand":{"posx":-0.9613980191965907,"posy":3.5976564499580133,"posz":-1.0798070396265826,"roty":271.41641416231187,"rotx":-10.07626478303107},"righthand":{"posx":1.0652334820453697,"posy":3.9741611434961395,"posz":-1.301941351056766,"roty":63.08880194832702,"rotx":9.842868027079936},"chest":{"posx":0.5237705741768106,"posy":2.350662980438749,"posz":-0.6013820498968803,"roty":164.39455871769997,"rotx":19.894757380312402},"sack":{"posx":0,"posy":-0.4375,"posz":0,"roty":0,"rotx":0}},"cameras":{}}