# This file was generated by Animated Java via MC-Build. It is not recommended to edit this file directly.
$data merge entity $(bone_nose) { transformation: [0.6190971736445883f,-0.41392147816520125f,0.667373733000347f,-0.109173196184845f,0.10506327431501086f,0.8858334058288014f,0.45195230446138335f,3.652369126280326f,-0.7782547127872033f,-0.20968592473335246f,0.5919049036739158f,-0.5838041578863271f,0f,0f,0f,1f], start_interpolation: 0, interpolation_duration: 1 }
$data merge entity $(bone_glowing_eye) { transformation: [0.6190971736445883f,-0.41392147816520125f,0.667373733000347f,-0.08310032018469601f,0.10506327431501086f,0.8858334058288014f,0.45195230446138335f,3.7097089964063645f,-0.7782547127872033f,-0.20968592473335246f,0.5919049036739158f,-0.7159383293415801f,0f,0f,0f,1f], start_interpolation: 0, interpolation_duration: 1 }
$data merge entity $(bone_head) { transformation: [0.6190971736445883f,-0.41392147816520125f,0.667373733000347f,0.06690560280735464f,0.10506327431501086f,0.8858334058288014f,0.45195230446138335f,3.6276195143298953f,-0.7782547127872033f,-0.20968592473335246f,0.5919049036739158f,-0.44707564243130854f,0f,0f,0f,1f], start_interpolation: 0, interpolation_duration: 1 }
$data merge entity $(bone_leftthumb2) { transformation: [-0.32883826801263444f,-0.09616005942005787f,-0.9394778530986149f,-0.5127537483349348f,-0.8103818899140087f,-0.4820745778080676f,0.33299443528469513f,3.705911891313515f,-0.48491915407606956f,0.8708371514832751f,0.08059819853225716f,-0.5145269054886892f,0f,0f,0f,1f], start_interpolation: 0, interpolation_duration: 1 }
$data merge entity $(bone_leftthumb) { transformation: [-0.32883826801263444f,-0.09616005942005787f,-0.9394778530986149f,-0.6166217103384333f,-0.8103818899140087f,-0.4820745778080676f,0.33299443528469513f,3.616143588618762f,-0.48491915407606956f,0.8708371514832751f,0.08059819853225716f,-0.2940729048149817f,0f,0f,0f,1f], start_interpolation: 0, interpolation_duration: 1 }
$data merge entity $(bone_leftpointerfinger) { transformation: [-0.32883826801263444f,-0.09616005942005787f,-0.9394778530986149f,-0.5931405296413423f,-0.8103818899140087f,-0.4820745778080676f,0.33299443528469513f,3.878568942825349f,-0.48491915407606956f,0.8708371514832751f,0.08059819853225716f,-0.5230002721121617f,0f,0f,0f,1f], start_interpolation: 0, interpolation_duration: 1 }
$data merge entity $(bone_leftmidfinger) { transformation: [-0.32883826801263444f,-0.09616005942005787f,-0.9394778530986149f,-0.739933944188001f,-0.8103818899140087f,-0.4820745778080676f,0.33299443528469513f,3.9305993233385825f,-0.48491915407606956f,0.8708371514832751f,0.08059819853225716f,-0.5104068035914966f,0f,0f,0f,1f], start_interpolation: 0, interpolation_duration: 1 }
$data merge entity $(bone_leftringfinger) { transformation: [-0.32883826801263444f,-0.09616005942005787f,-0.9394778530986149f,-0.8867273587346596f,-0.8103818899140087f,-0.4820745778080676f,0.33299443528469513f,3.982629703851816f,-0.48491915407606956f,0.8708371514832751f,0.08059819853225716f,-0.49781333507083136f,0f,0f,0f,1f], start_interpolation: 0, interpolation_duration: 1 }
$data merge entity $(bone_invisibility) { transformation: [-0.1776750314442339f,0.9275219548300416f,0.32883826801263416f,-0.6359565284834484f,-0.45121776115913914f,-0.37374285881329394f,0.8103818899140086f,3.663489355416068f,0.8745479490661587f,-0.004393039303800625f,0.4849191540760695f,-0.5211934937620746f,0f,0f,0f,1f], start_interpolation: 0, interpolation_duration: 1 }
$data merge entity $(bone_swiftness) { transformation: [-0.939477853098615f,-0.09616005942005787f,0.3288382680126342f,-0.8162138558106458f,0.33299443528469497f,-0.4820745778080676f,0.8103818899140088f,3.748999623605534f,0.08059819853225705f,0.8708371514832751f,0.48491915407606956f,-0.6492634821416813f,0f,0f,0f,1f], start_interpolation: 0, interpolation_duration: 1 }
$data merge entity $(bone_suspicious_stew) { transformation: [-0.4841911078747263f,0.8108170968507614f,0.3288382680126345f,-0.8076011231541236f,-0.2961784143905134f,-0.505528969841018f,0.810381889914009f,3.7485230578667017f,0.8233087621932413f,0.29498490826817336f,0.4849191540760698f,-0.5469018230130549f,0f,0f,0f,1f], start_interpolation: 0, interpolation_duration: 1 }
$data merge entity $(bone_log) { transformation: [-0.32883826801263444f,-0.09616005942005787f,-0.9394778530986149f,-0.8944877425718127f,-0.8103818899140087f,-0.4820745778080676f,0.33299443528469513f,3.627899547615225f,-0.48491915407606956f,0.8708371514832751f,0.08059819853225716f,-0.47973030921607746f,0f,0f,0f,1f], start_interpolation: 0, interpolation_duration: 1 }
$data merge entity $(bone_planks) { transformation: [-0.32883826801263444f,-0.09616005942005787f,-0.9394778530986149f,-0.9253163301979973f,-0.8103818899140087f,-0.4820745778080676f,0.33299443528469513f,3.5519262454357867f,-0.48491915407606956f,0.8708371514832751f,0.08059819853225716f,-0.525191479910709f,0f,0f,0f,1f], start_interpolation: 0, interpolation_duration: 1 }
$data merge entity $(bone_lefthand1) { transformation: [-0.32883826801263444f,-0.09616005942005787f,-0.9394778530986149f,-0.806959507514337f,-0.8103818899140087f,-0.4820745778080676f,0.33299443528469513f,3.6995702995390634f,-0.48491915407606956f,0.8708371514832751f,0.08059819853225716f,-0.14330992653037433f,0f,0f,0f,1f], start_interpolation: 0, interpolation_duration: 1 }
$data merge entity $(bone_leftforearm) { transformation: [0.16189599432939333f,0.22754970540419794f,-0.960213944176276f,-0.6220498847193312f,-0.8724719531472314f,-0.42163232999945355f,-0.2470199774728501f,3.3342350131427194f,-0.4610665656839073f,0.8777512801868733f,0.13027015060539726f,0.4446008390253948f,0f,0f,0f,1f], start_interpolation: 0, interpolation_duration: 1 }
$data merge entity $(bone_leftelbow) { transformation: [0.16189599432939333f,0.22754970540419794f,-0.960213944176276f,-0.5793843149560441f,-0.8724719531472314f,-0.42163232999945355f,-0.2470199774728501f,3.2551789512678218f,-0.4610665656839073f,0.8777512801868733f,0.13027015060539726f,0.6091792040604336f,0f,0f,0f,1f], start_interpolation: 0, interpolation_duration: 1 }
$data merge entity $(bone_leftarm) { transformation: [0.06152141232844266f,0.8626264605233513f,0.5020863525630528f,-0.27846864462185217f,-0.8766356081508486f,0.28720848942501737f,-0.3860327630191404f,3.22919443791761f,-0.47720553888980183f,-0.41639749423736444f,0.7738785437300474f,0.2202353122720352f,0f,0f,0f,1f], start_interpolation: 0, interpolation_duration: 1 }
$data merge entity $(bone_rightthumb2) { transformation: [0.6131180760067629f,0.7797841513911061f,0.12658160258512485f,-0.18509359052000676f,0.7825403299697928f,-0.577533319821808f,-0.23256374710252858f,3.2905260337972617f,-0.10824443100932932f,0.24164424622749445f,-0.9643086650137567f,-1.396755176798226f,0f,0f,0f,1f], start_interpolation: 0, interpolation_duration: 1 }
$data merge entity $(bone_rightthumb) { transformation: [0.6131180760067629f,0.7797841513911061f,0.12658160258512485f,0.0169599715304449f,0.7825403299697928f,-0.577533319821808f,-0.23256374710252858f,3.1290160021928477f,-0.10824443100932932f,0.24164424622749445f,-0.9643086650137567f,-1.419901145483193f,0f,0f,0f,1f], start_interpolation: 0, interpolation_duration: 1 }
$data merge entity $(bone_rightpointerfinger) { transformation: [0.6131180760067629f,0.7797841513911061f,0.12658160258512485f,-0.16591340096034435f,0.7825403299697928f,-0.577533319821808f,-0.23256374710252858f,3.3932080457043936f,-0.10824443100932932f,0.24164424622749445f,-0.9643086650137567f,-1.556231867090755f,0f,0f,0f,1f], start_interpolation: 0, interpolation_duration: 1 }
$data merge entity $(bone_rightmidfinger) { transformation: [0.6131180760067629f,0.7797841513911061f,0.12658160258512485f,-0.1461350255564186f,0.7825403299697928f,-0.577533319821808f,-0.23256374710252858f,3.3568699602196235f,-0.10824443100932932f,0.24164424622749445f,-0.9643086650137567f,-1.7069050959991543f,0f,0f,0f,1f], start_interpolation: 0, interpolation_duration: 1 }
$data merge entity $(bone_rightringfinger) { transformation: [0.6131180760067629f,0.7797841513911061f,0.12658160258512485f,-0.12635665015249284f,0.7825403299697928f,-0.577533319821808f,-0.23256374710252858f,3.3205318747348533f,-0.10824443100932932f,0.24164424622749445f,-0.9643086650137567f,-1.8575783249075537f,0f,0f,0f,1f], start_interpolation: 0, interpolation_duration: 1 }
$data merge entity $(bone_hugeasssword) { transformation: [2.4013791310264883f,3.0541545929484992f,0.4957779434584057f,-0.15257869628478915f,3.0649496257150224f,-2.262005502635415f,-0.9108746761515704f,3.0353300380310695f,-0.42395735478653984f,0.94643996439102f,-3.776875604637214f,-1.6140013586065014f,0f,0f,0f,1f], start_interpolation: 0, interpolation_duration: 1 }
$data merge entity $(bone_ice) { transformation: [0.6131180760067629f,0.7797841513911061f,0.12658160258512485f,-0.17434279358788085f,0.7825403299697928f,-0.577533319821808f,-0.23256374710252858f,3.032126803497507f,-0.10824443100932932f,0.24164424622749445f,-0.9643086650137567f,-1.6160857307192853f,0f,0f,0f,1f], start_interpolation: 0, interpolation_duration: 1 }
$data merge entity $(bone_righthand1) { transformation: [0.6131180760067629f,0.7797841513911061f,0.12658160258512485f,0.17783843834237156f,0.7825403299697928f,-0.577533319821808f,-0.23256374710252858f,3.0761109389375494f,-0.10824443100932932f,0.24164424622749445f,-0.9643086650137567f,-1.6128704226964239f,0f,0f,0f,1f], start_interpolation: 0, interpolation_duration: 1 }
$data merge entity $(bone_rightforearm) { transformation: [0.395461802645152f,0.9044747292482567f,0.1597980813399848f,0.7848301055562701f,0.47576004891796514f,-0.05289802329006854f,-0.8779830152033572f,2.993257790149486f,-0.7856604473321939f,0.4232342888794537f,-0.45123208907886975f,-1.2483845728029512f,0f,0f,0f,1f], start_interpolation: 0, interpolation_duration: 1 }
$data merge entity $(bone_rightelbow) { transformation: [0.395461802645152f,0.9044747292482567f,0.1597980813399848f,0.9544191172903181f,0.47576004891796514f,-0.05289802329006854f,-0.8779830152033572f,2.983339410782598f,-0.7856604473321939f,0.4232342888794537f,-0.45123208907886975f,-1.1690281436380536f,0f,0f,0f,1f], start_interpolation: 0, interpolation_duration: 1 }
$data merge entity $(bone_rightarm) { transformation: [0.4125603615400552f,-0.2747884143844808f,0.8684959846804144f,0.6764427692376108f,0.5404461983288278f,0.841325342648166f,0.009464382170177643f,3.1789139245320066f,-0.7332883844694779f,0.4654707242545002f,0.49560584143463743f,-0.8753356183814839f,0f,0f,0f,1f], start_interpolation: 0, interpolation_duration: 1 }
$data merge entity $(bone_chest1) { transformation: [0.7497892103672514f,-0.2816011651952296f,0.7294710651483408f,0.29418612821956575f,-0.015115504729218993f,1.0052344015621457f,0.40359191089996693f,3.0487331606189643f,-0.7817920264653169f,-0.28950940017173005f,0.6918067979418606f,-0.22112561944816905f,0f,0f,0f,1f], start_interpolation: 0, interpolation_duration: 1 }
$data merge entity $(bone_chest1lid) { transformation: [0.6921131172620782f,-0.2599395371032889f,0.6733579062907762f,0.44464966612288265f,-0.013952773596202148f,0.9279086783650576f,0.3725463792922772f,2.264006086143589f,-0.7216541782756771f,-0.26723944631236624f,0.6385908904078714f,-0.5347661059250953f,0f,0f,0f,1f], start_interpolation: 0, interpolation_duration: 1 }
$data merge entity $(bone_chest2) { transformation: [0.6921131172620782f,-0.2599395371032889f,0.6733579062907762f,0.4852652187952715f,-0.013952773596202148f,0.9279086783650576f,0.3725463792922772f,2.1190203551490487f,-0.7216541782756771f,-0.26723944631236624f,0.6385908904078714f,-0.49300994243878815f,0f,0f,0f,1f], start_interpolation: 0, interpolation_duration: 1 }
$data merge entity $(bone_chest1lid3) { transformation: [0.6921131172620782f,-0.2599395371032889f,0.6733579062907762f,0.8327625050115312f,-0.013952773596202148f,0.9279086783650576f,0.3725463792922772f,2.503540658727467f,-0.7216541782756771f,-0.26723944631236624f,0.6385908904078714f,-0.08056543061532292f,0f,0f,0f,1f], start_interpolation: 0, interpolation_duration: 1 }
$data merge entity $(bone_chest3) { transformation: [0.6921131172620782f,-0.2599395371032889f,0.6733579062907762f,0.8733780576839201f,-0.013952773596202148f,0.9279086783650576f,0.3725463792922772f,2.3585549277329267f,-0.7216541782756771f,-0.26723944631236624f,0.6385908904078714f,-0.038809267129015695f,0f,0f,0f,1f], start_interpolation: 0, interpolation_duration: 1 }
$data merge entity $(bone_hugeasssword2) { transformation: [-2.63731846630554f,-2.6864100266797486f,1.080754483504974f,1.023690515653554f,-1.4591399855614189f,2.4955945649906504f,2.642573754411167f,4.206894584305603f,-2.5011476540974975f,1.3767667607555858f,-2.681240659966753f,-1.25113681576013f,0f,0f,0f,1f], start_interpolation: 0, interpolation_duration: 1 }
$data merge entity $(bone_belt) { transformation: [0.6921131172620782f,-0.2599395371032889f,0.6733579062907762f,0.2874160927011827f,-0.013952773596202148f,0.9279086783650576f,0.3725463792922772f,2.630798934247823f,-0.7216541782756771f,-0.26723944631236624f,0.6385908904078714f,-0.17515559356773347f,0f,0f,0f,1f], start_interpolation: 0, interpolation_duration: 1 }
$data merge entity $(bone_torn_part) { transformation: [0.7217430486590116f,-0.3787022779227756f,0.5793716910658455f,0.4437029798248517f,-0.056671298267812004f,0.801905357887702f,0.5947572285761958f,2.359307668482871f,-0.6898371805470022f,-0.4620956412768872f,0.5573080679910045f,-0.18011071382921304f,0f,0f,0f,1f], start_interpolation: 0, interpolation_duration: 1 }
$data merge entity $(bone_lowerbody) { transformation: [0.7217430486590116f,-0.18695435416981937f,0.6664345738100196f,0.3707892040341932f,-0.056671298267812004f,0.9436376806432755f,0.3260924587027741f,1.8582246366976605f,-0.6898371805470022f,-0.2731226777972226f,0.6704689904893725f,-0.07366782093581276f,0f,0f,0f,1f], start_interpolation: 0, interpolation_duration: 1 }
$data merge entity $(bone_leftfoot) { transformation: [0.6022949158709394f,-0.2462140288490684f,0.7593546512097817f,0.022304211205439517f,-0.1589251908955539f,0.8952202254853082f,0.4163214282028322f,0.22378144843867642f,-0.7822938182133555f,-0.3714288624756354f,0.5000569788586358f,0.299438249323001f,0f,0f,0f,1f], start_interpolation: 0, interpolation_duration: 1 }
$data merge entity $(bone_leftlowerleg) { transformation: [0.6022949158709394f,-0.2462140288490684f,0.7593546512097817f,-0.36751099703077966f,-0.1589251908955539f,0.8952202254853082f,0.4163214282028322f,1.1529504200493235f,-0.7822938182133555f,-0.3714288624756354f,0.5000569788586358f,-0.1894472120382539f,0f,0f,0f,1f], start_interpolation: 0, interpolation_duration: 1 }
$data merge entity $(bone_leftleg) { transformation: [0.6697472818929882f,0.6056372171250881f,0.4297000577495122f,0.2812785945572515f,-0.1796321064313352f,0.6935986658656002f,-0.6976053304329757f,1.8686504732830622f,-0.7205351377524878f,0.39003134738433426f,0.57332771023348f,0.19439830030483032f,0f,0f,0f,1f], start_interpolation: 0, interpolation_duration: 1 }
$data merge entity $(bone_rightfoot) { transformation: [0.8563341201216113f,-0.3607037997451762f,0.369573596953217f,0.6363290706994585f,0.030641185297253945f,0.7498702291641473f,0.6608749936083894f,0.39045583627300684f,-0.515512359191442f,-0.5546056330967991f,0.6531918548620866f,-0.015807215119933327f,0f,0f,0f,1f], start_interpolation: 0, interpolation_duration: 1 }
$data merge entity $(bone_rightlowerleg) { transformation: [0.8563341201216113f,-0.3607037997451762f,0.369573596953217f,0.1793899265697786f,0.030641185297253945f,0.7498702291641473f,0.6608749936083894f,1.1208025703121507f,-0.515512359191442f,-0.5546056330967991f,0.6531918548620866f,-0.7314329101218895f,0f,0f,0f,1f], start_interpolation: 0, interpolation_duration: 1 }
$data merge entity $(bone_rightleg) { transformation: [0.7746464455440724f,0.46343070767937955f,0.430296250954764f,0.6443515187367987f,-0.026018975866084496f,0.7032037557323114f,-0.7105121327738548f,1.8464101056445659f,-0.6318590802550959f,0.5391998304003461f,0.5567922822699891f,-0.14821862760216292f,0f,0f,0f,1f], start_interpolation: 0, interpolation_duration: 1 }
data modify entity @s data merge value {"locators":{"lefthand":{"posx":-0.8414673088487705,"posy":3.736331888134595,"posz":-0.5035626378331433,"roty":265.0965772804265,"rotx":19.450626650193144},"righthand":{"posx":-0.13102493886812544,"posy":3.118147726102868,"posz":-1.6149420145828746,"roty":7.4782701427836855,"rotx":-13.448057391993471},"chest":{"posx":0.3773122492483444,"posy":2.1473653978064733,"posz":-0.6403951602279173,"roty":133.4820008425762,"rotx":21.872745052601058},"sack":{"posx":0,"posy":-0.4375,"posz":0,"roty":0,"rotx":0}},"cameras":{}}