# This file was generated by Animated Java via MC-Build. It is not recommended to edit this file directly.
$data merge entity $(bone_nose) { transformation: [0.39980902161268717f,-0.38300868940884014f,0.832740709989867f,-0.19281024741753516f,0.07056638134630154f,0.9186773856495544f,0.38865440550672853f,3.6509432314273496f,-0.9138780728635487f,-0.09662403910737093f,0.39432304397002094f,-0.620320575711127f,0f,0f,0f,1f], start_interpolation: 0, interpolation_duration: 1 }
$data merge entity $(bone_glowing_eye) { transformation: [0.39980902161268717f,-0.38300868940884014f,0.832740709989867f,-0.19782592747256944f,0.07056638134630154f,0.9186773856495544f,0.38865440550672853f,3.70840361396871f,-0.9138780728635487f,-0.09662403910737093f,0.39432304397002094f,-0.7548577164081938f,0f,0f,0f,1f], start_interpolation: 0, interpolation_duration: 1 }
$data merge entity $(bone_head) { transformation: [0.39980902161268717f,-0.38300868940884014f,0.832740709989867f,0.01041733029766645f,0.07056638134630154f,0.9186773856495544f,0.38865440550672853f,3.6102852994173356f,-0.9138780728635487f,-0.09662403910737093f,0.39432304397002094f,-0.5345507797136648f,0f,0f,0f,1f], start_interpolation: 0, interpolation_duration: 1 }
$data merge entity $(bone_leftthumb2) { transformation: [-0.5652979046492461f,0.02693551015082024f,-0.8244469402527286f,-0.46553119435975276f,-0.7652560247474945f,-0.39022643171184906f,0.5119634250423558f,3.6913698179217898f,-0.30793099159849713f,0.9203248395465333f,0.24120674560802277f,-0.4006188592016779f,0f,0f,0f,1f], start_interpolation: 0, interpolation_duration: 1 }
$data merge entity $(bone_leftthumb) { transformation: [-0.5652979046492461f,0.02693551015082024f,-0.8244469402527286f,-0.5293806369082378f,-0.7652560247474945f,-0.39022643171184906f,0.5119634250423558f,3.6394208266382537f,-0.30793099159849713f,0.9203248395465333f,0.24120674560802277f,-0.15430316927638957f,0f,0f,0f,1f], start_interpolation: 0, interpolation_duration: 1 }
$data merge entity $(bone_leftpointerfinger) { transformation: [-0.5652979046492461f,0.02693551015082024f,-0.8244469402527286f,-0.515035343179811f,-0.7652560247474945f,-0.39022643171184906f,0.5119634250423558f,3.8751620377993223f,-0.30793099159849713f,0.9203248395465333f,0.24120674560802277f,-0.41129823884613415f,0f,0f,0f,1f], start_interpolation: 0, interpolation_duration: 1 }
$data merge entity $(bone_leftmidfinger) { transformation: [-0.5652979046492461f,0.02693551015082024f,-0.8244469402527286f,-0.6438551775942999f,-0.7652560247474945f,-0.39022643171184906f,0.5119634250423558f,3.9551563229621904f,-0.30793099159849713f,0.9203248395465333f,0.24120674560802277f,-0.37360968484488055f,0f,0f,0f,1f], start_interpolation: 0, interpolation_duration: 1 }
$data merge entity $(bone_leftringfinger) { transformation: [-0.5652979046492461f,0.02693551015082024f,-0.8244469402527286f,-0.7726750120087887f,-0.7652560247474945f,-0.39022643171184906f,0.5119634250423558f,4.0351506081250585f,-0.30793099159849713f,0.9203248395465333f,0.24120674560802277f,-0.335921130843627f,0f,0f,0f,1f], start_interpolation: 0, interpolation_duration: 1 }
$data merge entity $(bone_invisibility) { transformation: [-0.045022273031117256f,0.8236572551312119f,0.5652979046492458f,-0.5923186619959009f,-0.3441209497574032f,-0.5440257241397f,0.7652560247474944f,3.6729966601581094f,0.9378452787476053f,-0.16007728615887912f,0.3079309915984972f,-0.375912481245701f,0f,0f,0f,1f], start_interpolation: 0, interpolation_duration: 1 }
$data merge entity $(bone_swiftness) { transformation: [-0.8244469402527287f,0.02693551015082024f,0.5652979046492459f,-0.7799924673345272f,0.5119634250423556f,-0.39022643171184906f,0.7652560247474947f,3.781976121084444f,0.24120674560802272f,0.9203248395465333f,0.3079309915984972f,-0.47135173852726314f,0f,0f,0f,1f], start_interpolation: 0, interpolation_duration: 1 }
$data merge entity $(bone_suspicious_stew) { transformation: [-0.3240144701895534f,0.7585861204286264f,0.5652979046492462f,-0.7481650653316072f,-0.137300161001759f,-0.6289132550491786f,0.7652560247474948f,3.787281666340044f,0.9360359442332723f,0.17033853209562472f,0.3079309915984973f,-0.37382644329794046f,0f,0f,0f,1f], start_interpolation: 0, interpolation_duration: 1 }
$data merge entity $(bone_log) { transformation: [-0.5652979046492461f,0.02693551015082024f,-0.8244469402527286f,-0.8364407554479683f,-0.7652560247474945f,-0.39022643171184906f,0.5119634250423558f,3.690758895604846f,-0.30793099159849713f,0.9203248395465333f,0.24120674560802277f,-0.27634780261660685f,0f,0f,0f,1f], start_interpolation: 0, interpolation_duration: 1 }
$data merge entity $(bone_planks) { transformation: [-0.5652979046492461f,0.02693551015082024f,-0.8244469402527286f,-0.889437434008835f,-0.7652560247474945f,-0.39022643171184906f,0.5119634250423558f,3.6190161432847683f,-0.30793099159849713f,0.9203248395465333f,0.24120674560802277f,-0.30521633307896595f,0f,0f,0f,1f], start_interpolation: 0, interpolation_duration: 1 }
$data merge entity $(bone_lefthand1) { transformation: [-0.5652979046492461f,0.02693551015082024f,-0.8244469402527286f,-0.6626184348650538f,-0.7652560247474945f,-0.39022643171184906f,0.5119634250423558f,3.768517436831184f,-0.30793099159849713f,0.9203248395465333f,0.24120674560802277f,0.023178444369400086f,0f,0f,0f,1f], start_interpolation: 0, interpolation_duration: 1 }
$data merge entity $(bone_leftforearm) { transformation: [-0.10416439808908395f,0.40116949250042333f,-0.9100619849536025f,-0.37488283695633173f,-0.8936105823340104f,-0.4394327657840844f,-0.09142741107578792f,3.3859553216649187f,-0.4365889431850166f,0.8037175390908814f,0.4042625533564632f,0.5597119780808837f,0f,0f,0f,1f], start_interpolation: 0, interpolation_duration: 1 }
$data merge entity $(bone_leftelbow) { transformation: [-0.10416439808908395f,0.40116949250042333f,-0.9100619849536025f,-0.29966355711250237f,-0.8936105823340104f,-0.4394327657840844f,-0.09142741107578792f,3.303561678080403f,-0.4365889431850166f,0.8037175390908814f,0.4042625533564632f,0.710409016660424f,0f,0f,0f,1f], start_interpolation: 0, interpolation_duration: 1 }
$data merge entity $(bone_leftarm) { transformation: [-0.20127297868935767f,0.6816531600416482f,0.7034473380820684f,-0.16521398873867196f,-0.884831284056584f,0.181541150949839f,-0.42908788058693165f,3.2416948060557638f,-0.4201937491256744f,-0.7087960072665775f,0.5666087126745113f,0.23648604417437435f,0f,0f,0f,1f], start_interpolation: 0, interpolation_duration: 1 }
$data merge entity $(bone_rightthumb2) { transformation: [0.3962360667260794f,0.8814784161658912f,-0.2568906017337296f,-0.40315023685883805f,0.837442843439579f,-0.461678394889847f,-0.2924765694269677f,3.1325425733753725f,-0.3764126238548316f,-0.09924143048952014f,-0.9211214225481428f,-1.1283513725118344f,0f,0f,0f,1f], start_interpolation: 0, interpolation_duration: 1 }
$data merge entity $(bone_rightthumb) { transformation: [0.3962360667260794f,0.8814784161658912f,-0.2568906017337296f,-0.20892749497993465f,0.837442843439579f,-0.461678394889847f,-0.2924765694269677f,2.994325093184794f,-0.3764126238548316f,-0.09924143048952014f,-0.9211214225481428f,-1.2314063229960683f,0f,0f,0f,1f], start_interpolation: 0, interpolation_duration: 1 }
$data merge entity $(bone_rightpointerfinger) { transformation: [0.3962360667260794f,0.8814784161658912f,-0.2568906017337296f,-0.46686602744247135f,0.837442843439579f,-0.461678394889847f,-0.2924765694269677f,3.22369878831734f,-0.3764126238548316f,-0.09924143048952014f,-0.9211214225481428f,-1.2831904260327611f,0f,0f,0f,1f], start_interpolation: 0, interpolation_duration: 1 }
$data merge entity $(bone_rightmidfinger) { transformation: [0.3962360667260794f,0.8814784161658912f,-0.2568906017337296f,-0.5070051839633666f,0.837442843439579f,-0.461678394889847f,-0.2924765694269677f,3.177999324344376f,-0.3764126238548316f,-0.09924143048952014f,-0.9211214225481428f,-1.4271156483059084f,0f,0f,0f,1f], start_interpolation: 0, interpolation_duration: 1 }
$data merge entity $(bone_rightringfinger) { transformation: [0.3962360667260794f,0.8814784161658912f,-0.2568906017337296f,-0.5471443404842619f,0.837442843439579f,-0.461678394889847f,-0.2924765694269677f,3.1322998603714125f,-0.3764126238548316f,-0.09924143048952014f,-0.9211214225481428f,-1.5710408705790557f,0f,0f,0f,1f], start_interpolation: 0, interpolation_duration: 1 }
$data merge entity $(bone_hugeasssword) { transformation: [1.5519245946771445f,3.452457129983074f,-1.0061548567904408f,-0.4291911702516953f,3.279984470138351f,-1.8082403799852342f,-1.1455332302556236f,2.8663450914910342f,-1.4742827767647573f,-0.3886956027506206f,-3.607725571646893f,-1.3328969384353377f,0f,0f,0f,1f], start_interpolation: 0, interpolation_duration: 1 }
$data merge entity $(bone_ice) { transformation: [0.3962360667260794f,0.8814784161658912f,-0.2568906017337296f,-0.4491554590468823f,0.837442843439579f,-0.461678394889847f,-0.2924765694269677f,2.8604737719824445f,-0.3764126238548316f,-0.09924143048952014f,-0.9211214225481428f,-1.3254648438362073f,0f,0f,0f,1f], start_interpolation: 0, interpolation_duration: 1 }
$data merge entity $(bone_righthand1) { transformation: [0.3962360667260794f,0.8814784161658912f,-0.2568906017337296f,-0.1377546696280687f,0.837442843439579f,-0.461678394889847f,-0.2924765694269677f,2.945274991325285f,-0.3764126238548316f,-0.09924143048952014f,-0.9211214225481428f,-1.4731634018769246f,0f,0f,0f,1f], start_interpolation: 0, interpolation_duration: 1 }
$data merge entity $(bone_rightforearm) { transformation: [0.009476511400480954f,0.9986579686188894f,0.050916180587997684f,0.5690061424988258f,0.38053900283934194f,0.043485585484451306f,-0.9237418855790368f,2.938988477846045f,-0.924716314904044f,0.028129443099136092f,-0.3796162159091951f,-1.377494677914151f,0f,0f,0f,1f], start_interpolation: 0, interpolation_duration: 1 }
$data merge entity $(bone_rightelbow) { transformation: [0.009476511400480954f,0.9986579686188894f,0.050916180587997684f,0.7562545116148676f,0.38053900283934194f,0.043485585484451306f,-0.9237418855790368f,2.94714202512438f,-0.924716314904044f,0.028129443099136092f,-0.3796162159091951f,-1.372220407333063f,0f,0f,0f,1f], start_interpolation: 0, interpolation_duration: 1 }
$data merge entity $(bone_rightarm) { transformation: [0.02901475196009859f,-0.32939909043606064f,0.9437448719800225f,0.5216395644338345f,0.4490798927992062f,0.847789168733601f,0.2821006473963562f,3.132483701918736f,-0.8930203771763257f,0.41563176562660054f,0.17252490066644582f,-1.0353352261001285f,0f,0f,0f,1f], start_interpolation: 0, interpolation_duration: 1 }
$data merge entity $(bone_chest1) { transformation: [0.6157398524083512f,-0.3181129006945334f,0.8326342100099912f,0.2673175181993437f,-0.0797246893199251f,0.988277659958638f,0.4365344795667704f,3.0440214177176097f,-0.8877609583553974f,-0.3093906274428808f,0.538301989204496f,-0.30835004945642047f,0f,0f,0f,1f], start_interpolation: 0, interpolation_duration: 1 }
$data merge entity $(bone_chest1lid) { transformation: [0.5683752483769395f,-0.2936426775641847f,0.7685854246246073f,0.3613036395363885f,-0.07359202091070009f,0.9122563015002814f,0.40295490421548036f,2.2377300636221693f,-0.8194716538665207f,-0.28559134840881306f,0.4968941438810732f,-0.5873967726364395f,0f,0f,0f,1f], start_interpolation: 0, interpolation_duration: 1 }
$data merge entity $(bone_chest2) { transformation: [0.5683752483769395f,-0.2936426775641847f,0.7685854246246073f,0.4071853079057924f,-0.07359202091070009f,0.9122563015002814f,0.40295490421548036f,2.0951900165127504f,-0.8194716538665207f,-0.28559134840881306f,0.4968941438810732f,-0.5427731244475624f,0f,0f,0f,1f], start_interpolation: 0, interpolation_duration: 1 }
$data merge entity $(bone_chest1lid3) { transformation: [0.5683752483769395f,-0.2936426775641847f,0.7685854246246073f,0.8181552241629689f,-0.07359202091070009f,0.9122563015002814f,0.40295490421548036f,2.5004725504421303f,-0.8194716538665207f,-0.28559134840881306f,0.4968941438810732f,-0.21785698334596937f,0f,0f,0f,1f], start_interpolation: 0, interpolation_duration: 1 }
$data merge entity $(bone_chest3) { transformation: [0.5683752483769395f,-0.2936426775641847f,0.7685854246246073f,0.8640368925323728f,-0.07359202091070009f,0.9122563015002814f,0.40295490421548036f,2.3579325033327114f,-0.8194716538665207f,-0.28559134840881306f,0.4968941438810732f,-0.17323333515709233f,0f,0f,0f,1f], start_interpolation: 0, interpolation_duration: 1 }
$data merge entity $(bone_hugeasssword2) { transformation: [-3.0102929131130454f,-2.418276535485816f,0.6560129213345306f,0.8304933432730334f,-1.5782400415106312f,2.6263958504907428f,2.439565737108822f,4.11859888178113f,-1.9461687302008712f,1.610671044074953f,-2.993065959704964f,-1.5177109810681042f,0f,0f,0f,1f], start_interpolation: 0, interpolation_duration: 1 }
$data merge entity $(bone_belt) { transformation: [0.5683752483769395f,-0.2936426775641847f,0.7685854246246073f,0.2654701036701098f,-0.07359202091070009f,0.9122563015002814f,0.40295490421548036f,2.6302516212316793f,-0.8194716538665207f,-0.28559134840881306f,0.4968941438810732f,-0.23338848058035283f,0f,0f,0f,1f], start_interpolation: 0, interpolation_duration: 1 }
$data merge entity $(bone_torn_part) { transformation: [0.600711821182966f,-0.4412755175867304f,0.6666492522080909f,0.41702303576996486f,-0.14710431355415865f,0.758620654665423f,0.634708612867956f,2.3553259852942756f,-0.7858152638023795f,-0.4793439473838885f,0.39079886294822813f,-0.23992913357050966f,0f,0f,0f,1f], start_interpolation: 0, interpolation_duration: 1 }
$data merge entity $(bone_lowerbody) { transformation: [0.600711821182966f,-0.22038664469850236f,0.7684887993520658f,0.35790170093037216f,-0.14710431355415865f,0.9143699384268378f,0.37721073239644276f,1.8701766851740698f,-0.7858152638023795f,-0.3396429633303729f,0.5168530048624648f,-0.07003052483493398f,0f,0f,0f,1f], start_interpolation: 0, interpolation_duration: 1 }
$data merge entity $(bone_leftfoot) { transformation: [0.5377670700743756f,-0.27112057113785254f,0.7983108506399654f,0.03218905699184044f,-0.09048590077875851f,0.9228533232513616f,0.37437153407300333f,0.22853515997873386f,-0.8382236456363406f,-0.2735605594193028f,0.4717475386542255f,0.3049432291197822f,0f,0f,0f,1f], start_interpolation: 0, interpolation_duration: 1 }
$data merge entity $(bone_leftlowerleg) { transformation: [0.5377670700743756f,-0.27112057113785254f,0.7983108506399654f,-0.3912422962050739f,-0.09048590077875851f,0.9228533232513616f,0.37437153407300333f,1.1948050171258577f,-0.8382236456363406f,-0.2735605594193028f,0.4717475386542255f,-0.07101996190474694f,0f,0f,0f,1f], start_interpolation: 0, interpolation_duration: 1 }
$data merge entity $(bone_leftleg) { transformation: [0.547986389782987f,0.6620368828595521f,0.5112906045941146f,0.3131976142172357f,-0.18332018400287162f,0.6914244491155709f,-0.6988032207298293f,1.9089793008087252f,-0.8161523306036446f,0.28920476638333037f,0.5002559108610332f,0.20197107993034383f,0f,0f,0f,1f], start_interpolation: 0, interpolation_duration: 1 }
$data merge entity $(bone_rightfoot) { transformation: [0.553060013885493f,-0.5059943260496064f,0.6618869715038834f,0.557984754592355f,0.031534812883625564f,0.8065916997919739f,0.5902672152534727f,0.3949644477320332f,-0.8325443991868374f,-0.3055807124677524f,0.462050053079023f,-0.18037983925906276f,0f,0f,0f,1f], start_interpolation: 0, interpolation_duration: 1 }
$data merge entity $(bone_rightlowerleg) { transformation: [0.553060013885493f,-0.5059943260496064f,0.6618869715038834f,-0.1050487382849985f,0.031534812883625564f,0.8065916997919739f,0.5902672152534727f,1.1990851394841249f,-0.8325443991868374f,-0.3055807124677524f,0.462050053079023f,-0.5903754113395853f,0f,0f,0f,1f], start_interpolation: 0, interpolation_duration: 1 }
$data merge entity $(bone_rightleg) { transformation: [0.5058982343359895f,0.7045230432319757f,0.4977090094130137f,0.6182210676227965f,-0.08766137511477128f,0.6159952035635936f,-0.7828571980250512f,1.8351858342847616f,-0.8581272981374704f,0.352416218045938f,0.373390344612019f,-0.196805535912346f,0f,0f,0f,1f], start_interpolation: 0, interpolation_duration: 1 }
data modify entity @s data merge value {"locators":{"lefthand":{"posx":-0.7726664301761853,"posy":3.784988659386125,"posz":-0.323148505643946,"roty":253.69221601084655,"rotx":30.79470121778142},"righthand":{"posx":-0.42176751239181487,"posy":2.9507677098723555,"posz":-1.3448103577438841,"roty":344.4168001540614,"rotx":-17.006282940312946},"chest":{"posx":0.2773265607983345,"posy":2.1154525903412735,"posz":-0.6727955125256351,"roty":122.8828610019001,"rotx":23.763034252663427},"sack":{"posx":0,"posy":-0.4375,"posz":0,"roty":0,"rotx":0}},"cameras":{}}