# This file was generated by Animated Java via MC-Build. It is not recommended to edit this file directly.
$data merge entity $(bone_nose) { transformation: [-1f,-8.088819655344987e-17f,9.194942895390399e-17f,-7.95871837628553e-17f,0f,0.7508240663179194f,0.6605022493813513f,3.9394527469099607f,-1.2246467991473532e-16f,0.6605022493813513f,-0.7508240663179194f,0.6476142563786758f,0f,0f,0f,1f], start_interpolation: 0, interpolation_duration: 1 }
$data merge entity $(bone_glowing_eye) { transformation: [-1f,-8.088819655344987e-17f,9.194942895390399e-17f,-0.1250000000000001f,0f,0.7508240663179194f,0.6605022493813513f,3.9672409978391547f,-1.2246467991473532e-16f,0.6605022493813513f,-0.7508240663179194f,0.7185361003017747f,0f,0f,0f,1f], start_interpolation: 0, interpolation_duration: 1 }
$data merge entity $(bone_head) { transformation: [-1f,-8.088819655344987e-17f,9.194942895390399e-17f,-5.2381371709286276e-17f,0f,0.7508240663179194f,0.6605022493813513f,3.9704256862341363f,-1.2246467991473532e-16f,0.6605022493813513f,-0.7508240663179194f,0.42546194215623395f,0f,0f,0f,1f], start_interpolation: 0, interpolation_duration: 1 }
$data merge entity $(bone_leftthumb2) { transformation: [-0.8272277087989536f,0.4764168395248398f,0.2978612307978273f,0.27610708879276435f,0.04504495536381105f,0.5846544834642513f,-0.8100309172873722f,2.4861408685142217f,-0.5600582735675869f,-0.6566628739180498f,-0.5051025640661327f,1.2715288464355259f,0f,0f,0f,1f], start_interpolation: 0, interpolation_duration: 1 }
$data merge entity $(bone_leftthumb) { transformation: [-0.8272277087989536f,0.4764168395248398f,0.2978612307978273f,0.41839922169084026f,0.04504495536381105f,0.5846544834642513f,-0.8100309172873722f,2.560299778561118f,-0.5600582735675869f,-0.6566628739180498f,-0.5051025640661327f,1.067322399209997f,0f,0f,0f,1f], start_interpolation: 0, interpolation_duration: 1 }
$data merge entity $(bone_leftpointerfinger) { transformation: [-0.8272277087989536f,0.4764168395248398f,0.2978612307978273f,0.36651522206528586f,0.04504495536381105f,0.5846544834642513f,-0.8100309172873722f,2.3255630349336482f,-0.5600582735675869f,-0.6566628739180498f,-0.5051025640661327f,1.320369595695212f,0f,0f,0f,1f], start_interpolation: 0, interpolation_duration: 1 }
$data merge entity $(bone_leftmidfinger) { transformation: [-0.8272277087989536f,0.4764168395248398f,0.2978612307978273f,0.4130560393774464f,0.04504495536381105f,0.5846544834642513f,-0.8100309172873722f,2.1989957041074963f,-0.5600582735675869f,-0.6566628739180498f,-0.5051025640661327f,1.2414473200598788f,0f,0f,0f,1f], start_interpolation: 0, interpolation_duration: 1 }
$data merge entity $(bone_leftringfinger) { transformation: [-0.8272277087989536f,0.4764168395248398f,0.2978612307978273f,0.4595968566896069f,0.04504495536381105f,0.5846544834642513f,-0.8100309172873722f,2.0724283732813444f,-0.5600582735675869f,-0.6566628739180498f,-0.5051025640661327f,1.1625250444245454f,0f,0f,0f,1f], start_interpolation: 0, interpolation_duration: 1 }
$data merge entity $(bone_invisibility) { transformation: [0.5005642464221873f,-0.25520531538159785f,0.8272277087989535f,0.2542099550260793f,0.5118308503979074f,0.8579045008491486f,-0.04504495536381119f,2.4232690143584956f,-0.69818666256578f,0.4459485558040881f,0.5600582735675866f,1.1593206226935693f,0f,0f,0f,1f], start_interpolation: 0, interpolation_duration: 1 }
$data merge entity $(bone_swiftness) { transformation: [0.2978612307978271f,0.4764168395248398f,0.8272277087989537f,0.20245945203400215f,-0.8100309172873722f,0.5846544834642513f,-0.04504495536381123f,2.194562216302478f,-0.5051025640661329f,-0.6566628739180498f,0.5600582735675868f,1.1243675411761658f,0f,0f,0f,1f], start_interpolation: 0, interpolation_duration: 1 }
$data merge entity $(bone_suspicious_stew) { transformation: [0.5869269424380981f,-0.07221209965110961f,0.8706390754414646f,0.2877268964479451f,0.19738496234935066f,1.0327157412392949f,-0.04740883057240749f,2.2439825384547265f,-0.8510382856604838f,0.18972040807956353f,0.5894490867577227f,1.0953949641460778f,0f,0f,0f,1f], start_interpolation: 0, interpolation_duration: 1 }
$data merge entity $(bone_log) { transformation: [-0.000008635804889707826f,0.000004973531264180213f,0.0000031095083566687243f,0.2840704576098112f,4.702447000382228e-7f,0.00000610347307444614f,-0.000008456279790822275f,2.279606412247876f,-0.00000584670209417725f,-0.000006855201291195266f,-0.000005272994540885703f,0.9215552632409734f,0f,0f,0f,1f], start_interpolation: 0, interpolation_duration: 1 }
$data merge entity $(bone_planks) { transformation: [-0.000008635804889707826f,0.000004973531264180213f,0.0000031095083566687243f,0.20310978676880032f,4.702447000382228e-7f,0.00000610347307444614f,-0.000008456279790822275f,2.284014956310734f,-0.00000584670209417725f,-0.000006855201291195266f,-0.000005272994540885703f,0.8667424311080616f,0f,0f,0f,1f], start_interpolation: 0, interpolation_duration: 1 }
$data merge entity $(bone_lefthand1) { transformation: [-0.8272277087989536f,0.4764168395248398f,0.2978612307978273f,0.6002916225008126f,0.04504495536381105f,0.5846544834642513f,-0.8100309172873722f,2.44353296239561f,-0.5600582735675869f,-0.6566628739180498f,-0.5051025640661327f,0.9287632641082115f,0f,0f,0f,1f], start_interpolation: 0, interpolation_duration: 1 }
$data merge entity $(bone_leftforearm) { transformation: [-0.8272277087989536f,0.4764168395248398f,0.2978612307978273f,0.8789163992605649f,0.04504495536381105f,0.5846544834642513f,-0.8100309172873722f,2.8700901888742654f,-0.5600582735675869f,-0.6566628739180498f,-0.5051025640661327f,0.4399357663501419f,0f,0f,0f,1f], start_interpolation: 0, interpolation_duration: 1 }
$data merge entity $(bone_leftelbow) { transformation: [-0.8272277087989536f,0.4764168395248398f,0.2978612307978273f,0.9682445566714724f,0.04504495536381105f,0.5846544834642513f,-0.8100309172873722f,2.9797129045238124f,-0.5600582735675869f,-0.6566628739180498f,-0.5051025640661327f,0.3168114774905076f,0f,0f,0f,1f], start_interpolation: 0, interpolation_duration: 1 }
$data merge entity $(bone_leftarm) { transformation: [-0.9994250206611301f,-0.0013581015325557747f,-0.03387895566169f,0.75f,-0.0004909443643097222f,0.9996723775738103f,-0.025590945460380432f,3.480241416276662f,0.03390261125828864f,-0.02555959851312775f,-0.9990982533633603f,0.3426696948642994f,0f,0f,0f,1f], start_interpolation: 0, interpolation_duration: 1 }
$data merge entity $(bone_rightthumb2) { transformation: [-0.9202768002004874f,-0.38613745189010107f,-0.06315440808504216f,-0.3880262217170314f,-0.27995283340972954f,0.7625879927162669f,-0.5831688987170345f,2.1787414411780937f,0.27334414586490846f,-0.5189965526020328f,-0.8098923115504857f,1.2452945931864394f,0f,0f,0f,1f], start_interpolation: 0, interpolation_duration: 1 }
$data merge entity $(bone_rightthumb) { transformation: [-0.9202768002004874f,-0.38613745189010107f,-0.06315440808504216f,-0.488120553591117f,-0.27995283340972954f,0.7625879927162669f,-0.5831688987170345f,2.3159242708197016f,0.27334414586490846f,-0.5189965526020328f,-0.8098923115504857f,1.0488032089206099f,0f,0f,0f,1f], start_interpolation: 0, interpolation_duration: 1 }
$data merge entity $(bone_rightpointerfinger) { transformation: [-0.9202768002004874f,-0.38613745189010107f,-0.06315440808504216f,-0.46503484009059226f,-0.27995283340972954f,0.7625879927162669f,-0.5831688987170345f,2.0077442024281265f,0.27334414586490846f,-0.5189965526020328f,-0.8098923115504857f,1.2110322665931972f,0f,0f,0f,1f], start_interpolation: 0, interpolation_duration: 1 }
$data merge entity $(bone_rightmidfinger) { transformation: [-0.9202768002004874f,-0.38613745189010107f,-0.06315440808504216f,-0.4749027163538801f,-0.27995283340972954f,0.7625879927162669f,-0.5831688987170345f,1.91662406200359f,0.27334414586490846f,-0.5189965526020328f,-0.8098923115504857f,1.0844865929134337f,0f,0f,0f,1f], start_interpolation: 0, interpolation_duration: 1 }
$data merge entity $(bone_rightringfinger) { transformation: [-0.9202768002004874f,-0.38613745189010107f,-0.06315440808504216f,-0.48477059261716793f,-0.27995283340972954f,0.7625879927162669f,-0.5831688987170345f,1.8255039215790534f,0.27334414586490846f,-0.5189965526020328f,-0.8098923115504857f,0.9579409192336703f,0f,0f,0f,1f], start_interpolation: 0, interpolation_duration: 1 }
$data merge entity $(bone_hugeasssword) { transformation: [-3.6044174674519094f,-1.5123716865695627f,-0.24735476499974848f,-0.3079015735894736f,-1.0964819308547742f,2.9868029714720454f,-2.2840781866417186f,2.1549992334409946f,1.0705979046375582f,-2.032736497691295f,-3.1720782202394027f,0.9191129467887559f,0f,0f,0f,1f], start_interpolation: 0, interpolation_duration: 1 }
$data merge entity $(bone_ice) { transformation: [-0.9202768002004874f,-0.38613745189010107f,-0.06315440808504216f,-0.28748885090055815f,-0.27995283340972954f,0.7625879927162669f,-0.5831688987170345f,2.14745805907683f,0.27334414586490846f,-0.5189965526020328f,-0.8098923115504857f,0.9229512656440235f,0f,0f,0f,1f], start_interpolation: 0, interpolation_duration: 1 }
$data merge entity $(bone_righthand1) { transformation: [-0.9202768002004874f,-0.38613745189010107f,-0.06315440808504216f,-0.6160659891758629f,-0.27995283340972954f,0.7625879927162669f,-0.5831688987170345f,2.249892820818557f,0.27334414586490846f,-0.5189965526020328f,-0.8098923115504857f,0.8362290292237897f,0f,0f,0f,1f], start_interpolation: 0, interpolation_duration: 1 }
$data merge entity $(bone_rightforearm) { transformation: [-0.9202768002004874f,-0.38613745189010107f,-0.06315440808504216f,-0.8290647973972309f,-0.27995283340972954f,0.7625879927162669f,-0.5831688987170345f,2.812696569327744f,0.27334414586490846f,-0.5189965526020328f,-0.8098923115504857f,0.46688013642690496f,0f,0f,0f,1f], start_interpolation: 0, interpolation_duration: 1 }
$data merge entity $(bone_rightelbow) { transformation: [-0.9202768002004874f,-0.38613745189010107f,-0.06315440808504216f,-0.9014655696266249f,-0.27995283340972954f,0.7625879927162669f,-0.5831688987170345f,2.955681817962044f,0.27334414586490846f,-0.5189965526020328f,-0.8098923115504857f,0.3695682828140238f,0f,0f,0f,1f], start_interpolation: 0, interpolation_duration: 1 }
$data merge entity $(bone_rightarm) { transformation: [-0.9907055519527683f,-0.12754854477821845f,0.04726391916588616f,-0.75f,-0.13252420864903186f,0.9833869948790384f,-0.12404576745992565f,3.480241416276662f,-0.0306568663093358f,-0.12915644400390125f,-0.9911502255058809f,0.34266969486429916f,0f,0f,0f,1f], start_interpolation: 0, interpolation_duration: 1 }
$data merge entity $(bone_chest1) { transformation: [-1.0833333333333333f,-2.9532509996379973e-17f,1.2934132480614663e-16f,-0.002323125000000025f,0f,1.0561520668342834f,0.24115124472575813f,3.348464367395609f,-1.3267006990762992e-16f,0.24115124472575813f,-1.0561520668342834f,0.1996789011869379f,0f,0f,0f,1f], start_interpolation: 0, interpolation_duration: 1 }
$data merge entity $(bone_chest1lid) { transformation: [-1f,-2.72607784581969e-17f,1.1939199212875076e-16f,-0.3437500000000001f,0f,0.9749096001547232f,0.2226011489776229f,2.595054867996158f,-1.2246467991473532e-16f,0.2226011489776229f,-0.9749096001547232f,0.42904330045794586f,0f,0f,0f,1f], start_interpolation: 0, interpolation_duration: 1 }
$data merge entity $(bone_chest2) { transformation: [-1f,-2.72607784581969e-17f,1.1939199212875076e-16f,-0.3437500000000001f,0f,0.9749096001547232f,0.2226011489776229f,2.4427252429719823f,-1.2246467991473532e-16f,0.2226011489776229f,-0.9749096001547232f,0.39426187093019227f,0f,0f,0f,1f], start_interpolation: 0, interpolation_duration: 1 }
$data merge entity $(bone_chest1lid3) { transformation: [-1f,-2.72607784581969e-17f,1.1939199212875076e-16f,-0.28125f,0f,0.9749096001547232f,0.2226011489776229f,2.7376587290599477f,-1.2246467991473532e-16f,0.2226011489776229f,-0.9749096001547232f,-0.19550816214117372f,0f,0f,0f,1f], start_interpolation: 0, interpolation_duration: 1 }
$data merge entity $(bone_chest3) { transformation: [-1f,-2.72607784581969e-17f,1.1939199212875076e-16f,-0.28125f,0f,0.9749096001547232f,0.2226011489776229f,2.585329104035772f,-1.2246467991473532e-16f,0.2226011489776229f,-0.9749096001547232f,-0.2302895916689273f,0f,0f,0f,1f], start_interpolation: 0, interpolation_duration: 1 }
$data merge entity $(bone_hugeasssword2) { transformation: [-1.3372933384606465e-15f,2.887669569172986f,-2.646061646494669f,-1.234375f,-0.8718545001623562f,2.5796709017688664f,2.8152167850613976f,4.538626447297993f,3.8183959339393327f,0.5890163627753346f,0.6427985639656227f,0.19967974378390083f,0f,0f,0f,1f], start_interpolation: 0, interpolation_duration: 1 }
$data merge entity $(bone_belt) { transformation: [-1f,-2.72607784581969e-17f,1.1939199212875076e-16f,0.02970562499999997f,0f,0.9749096001547232f,0.2226011489776229f,2.9309895794619343f,-1.2246467991473532e-16f,0.2226011489776229f,-0.9749096001547232f,0.23862828944893502f,0f,0f,0f,1f], start_interpolation: 0, interpolation_duration: 1 }
$data merge entity $(bone_torn_part) { transformation: [-1f,-6.190093095365837e-17f,1.0566869249540751e-16f,-0.09375000000000003f,0f,0.8628503546408498f,0.5054594597949076f,2.654183298193339f,-1.2246467991473532e-16f,0.5054594597949076f,-0.8628503546408498f,0.17008293791684745f,0f,0f,0f,1f], start_interpolation: 0, interpolation_duration: 1 }
$data merge entity $(bone_lowerbody) { transformation: [-1f,-2.72607784581969e-17f,1.1939199212875076e-16f,0.0039062499999999757f,0f,0.9749096001547232f,0.2226011489776229f,2.1468499334178124f,-1.2246467991473532e-16f,0.2226011489776229f,-0.9749096001547232f,0.19848763316437548f,0f,0f,0f,1f], start_interpolation: 0, interpolation_duration: 1 }
$data merge entity $(bone_leftfoot) { transformation: [-0.9961946980917455f,0.0008922209251081871f,-0.08715117575636458f,0.26369923980388876f,-1.734723475976807e-18f,0.9999475996515031f,0.010237087046477633f,0.17728157724034221f,0.08715574274765805f,0.010198131839604718f,-0.9961424971423948f,-0.17535787829628907f,0f,0f,0f,1f], start_interpolation: 0, interpolation_duration: 1 }
$data merge entity $(bone_leftlowerleg) { transformation: [-0.9961946980917455f,0.031061935890757432f,-0.08143266932020848f,0.3106703483058195f,-1.734723475976807e-18f,0.9343350966095306f,0.35639574526593193f,1.1590509280128154f,0.08715574274765805f,0.3550395518563777f,-0.9307796694834533f,0.36152434859945853f,0f,0f,0f,1f], start_interpolation: 0, interpolation_duration: 1 }
$data merge entity $(bone_leftleg) { transformation: [-0.9961946980917455f,-0.02980901962620912f,-0.08189960831908923f,0.25f,-1.734723475976807e-18f,0.9396926207859084f,-0.3420201433256687f,2.1663811834178124f,0.08715574274765805f,-0.34071865342161006f,-0.9361168066628591f,0.026612633164375513f,0f,0f,0f,1f], start_interpolation: 0, interpolation_duration: 1 }
$data merge entity $(bone_rightfoot) { transformation: [-0.9990509516202354f,0.04207248668044243f,0.011273949229351436f,-0.3637191001890806f,0.041541453590041785f,0.9981765044504476f,-0.0437946754379121f,0.14118144478911132f,-0.013095942132141691f,-0.04328477593345781f,-0.998976938909033f,-0.10843421368831474f,0f,0f,0f,1f], start_interpolation: 0, interpolation_duration: 1 }
$data merge entity $(bone_rightlowerleg) { transformation: [-0.9990509516202354f,0.036029120259516795f,0.024476489944991624f,-0.32751000049658363f,0.041541453590041785f,0.9571094481505009f,0.2867329975685917f,1.1589194682115234f,-0.013095942132141691f,0.2874776630529213f,-0.9576978070066271f,0.3576323968796824f,0f,0f,0f,1f], start_interpolation: 0, interpolation_duration: 1 }
$data merge entity $(bone_rightleg) { transformation: [-0.9990509516202354f,0.04352773051605996f,-0.0015914593376086285f,-0.25f,0.041541453590041785f,0.9412034395650309f,-0.3352765917635492f,2.1663811834178124f,-0.013095942132141691f,-0.3350245095915767f,-0.9421183971627957f,0.02661263316437545f,0f,0f,0f,1f], start_interpolation: 0, interpolation_duration: 1 }
data modify entity @s data merge value {"locators":{"lefthand":{"posx":0.3193670992631041,"posy":2.246074751201883,"posz":1.048829436804103,"roty":30.528042103930403,"rotx":-54.09895222898344},"righthand":{"posx":-0.36674461560724225,"posy":2.11840905760093,"posz":0.9693411678212418,"roty":355.5411684412902,"rotx":-35.67373616104011},"chest":{"posx":-0.3750000000000001,"posy":2.499341588458734,"posz":0.5674603536710199,"roty":0,"rotx":12.86185707783341},"sack":{"posx":0,"posy":-0.4375,"posz":0,"roty":0,"rotx":0}},"cameras":{}}