# This file was generated by Animated Java via MC-Build. It is not recommended to edit this file directly.
$data merge entity $(bone_nose) { transformation: [-1f,-7.871877887341985e-17f,9.381338752702731e-17f,-7.876907406209097e-17f,0f,0.766044443118978f,0.6427876096865394f,3.943186555923722f,-1.2246467991473532e-16f,0.6427876096865394f,-0.766044443118978f,0.6424752014605437f,0f,0f,0f,1f], start_interpolation: 0, interpolation_duration: 1 }
$data merge entity $(bone_glowing_eye) { transformation: [-1f,-7.871877887341985e-17f,9.381338752702731e-17f,-0.1250000000000001f,0f,0.766044443118978f,0.6427876096865394f,3.9726235134517096f,-1.2246467991473532e-16f,0.6427876096865394f,-0.766044443118978f,0.712728744906065f,0f,0f,0f,1f], start_interpolation: 0, interpolation_duration: 1 }
$data merge entity $(bone_head) { transformation: [-1f,-7.871877887341985e-17f,9.381338752702731e-17f,-5.148209936161159e-17f,0f,0.766044443118978f,0.6427876096865394f,3.9689629758281284f,-1.2246467991473532e-16f,0.6427876096865394f,-0.766044443118978f,0.4196601439314861f,0f,0f,0f,1f], start_interpolation: 0, interpolation_duration: 1 }
$data merge entity $(bone_leftthumb2) { transformation: [-0.8465857879841974f,0.42939306200502303f,0.3145061237641108f,0.3492684794719507f,0.052679931560886226f,0.6555936747912247f,-0.7532740260917526f,2.393444287878068f,-0.5296388660152465f,-0.6211429238715424f,-0.5776366848897285f,1.1985517670991745f,0f,0f,0f,1f], start_interpolation: 0, interpolation_duration: 1 }
$data merge entity $(bone_leftthumb) { transformation: [-0.8465857879841974f,0.42939306200502303f,0.3145061237641108f,0.4814508145522891f,0.052679931560886226f,0.6555936747912247f,-0.7532740260917526f,2.489850804583319f,-0.5296388660152465f,-0.6211429238715424f,-0.5776366848897285f,0.9968577365926439f,0f,0f,0f,1f], start_interpolation: 0, interpolation_duration: 1 }
$data merge entity $(bone_leftpointerfinger) { transformation: [-0.8465857879841974f,0.42939306200502303f,0.3145061237641108f,0.44789401119410516f,0.052679931560886226f,0.6555936747912247f,-0.7532740260917526f,2.2336625425549257f,-0.5296388660152465f,-0.6211429238715424f,-0.5776366848897285f,1.2315227898542054f,0f,0f,0f,1f], start_interpolation: 0, interpolation_duration: 1 }
$data merge entity $(bone_leftmidfinger) { transformation: [-0.8465857879841974f,0.42939306200502303f,0.3145061237641108f,0.4970355930322475f,0.052679931560886226f,0.6555936747912247f,-0.7532740260917526f,2.1159634759780896f,-0.5296388660152465f,-0.6211429238715424f,-0.5776366848897285f,1.1412670578401851f,0f,0f,0f,1f], start_interpolation: 0, interpolation_duration: 1 }
$data merge entity $(bone_leftringfinger) { transformation: [-0.8465857879841974f,0.42939306200502303f,0.3145061237641108f,0.5461771748703897f,0.052679931560886226f,0.6555936747912247f,-0.7532740260917526f,1.9982644094012532f,-0.5296388660152465f,-0.6211429238715424f,-0.5776366848897285f,1.051011325826165f,0f,0f,0f,1f], start_interpolation: 0, interpolation_duration: 1 }
$data merge entity $(bone_invisibility) { transformation: [0.4551701065821318f,-0.27588526176145434f,0.8465857879841973f,0.3262957257362391f,0.5874467856929564f,0.8075463446699229f,-0.052679931560886344f,2.3387854012182494f,-0.6691236418278944f,0.5213024300279633f,0.5296388660152462f,1.0823291415807008f,0f,0f,0f,1f], start_interpolation: 0, interpolation_duration: 1 }
$data merge entity $(bone_swiftness) { transformation: [0.31450612376411063f,0.42939306200502303f,0.8465857879841975f,0.28302572391980396f,-0.7532740260917526f,0.6555936747912247f,-0.05267993156088639f,2.111511810076529f,-0.5776366848897286f,-0.6211429238715424f,0.5296388660152463f,1.0305502495793935f,0f,0f,0f,1f], start_interpolation: 0, interpolation_duration: 1 }
$data merge entity $(bone_suspicious_stew) { transformation: [0.5601306618734982f,-0.11111883335795103f,0.908290291481588f,0.3651378241605244f,0.29592595874988864f,1.0297176173509497f,-0.05651957671838516f,2.166815567820207f,-0.8658905679498419f,0.28003435590590353f,0.5682422819055706f,1.003138337720355f,0f,0f,0f,1f], start_interpolation: 0, interpolation_duration: 1 }
$data merge entity $(bone_log) { transformation: [-0.00000875005110700952f,0.000004438075019527015f,0.0000032506388548714923f,0.3542005387506343f,5.444836188061813e-7f,0.000006776015190987914f,-0.000007785609349266199f,2.216530125063794f,-0.000005474184910340688f,-0.000006419942793481872f,-0.000005970275648146156f,0.8366740801191552f,0f,0f,0f,1f], start_interpolation: 0, interpolation_duration: 1 }
$data merge entity $(bone_planks) { transformation: [-0.00000875005110700952f,0.000004438075019527015f,0.0000032506388548714923f,0.27216880962242f,5.444836188061813e-7f,0.000006776015190987914f,-0.000007785609349266199f,2.221634658990102f,-0.000005474184910340688f,-0.000006419942793481872f,-0.000005970275648146156f,0.7853535965847112f,0f,0f,0f,1f], start_interpolation: 0, interpolation_duration: 1 }
$data merge entity $(bone_lefthand1) { transformation: [-0.8465857879841974f,0.42939306200502303f,0.3145061237641108f,0.6633534099687531f,0.052679931560886226f,0.6555936747912247f,-0.7532740260917526f,2.392662049902844f,-0.5296388660152465f,-0.6211429238715424f,-0.5776366848897285f,0.843940240882007f,0f,0f,0f,1f], start_interpolation: 0, interpolation_duration: 1 }
$data merge entity $(bone_leftforearm) { transformation: [-0.8465857879841974f,0.42939306200502303f,0.3145061237641108f,0.9074446367582084f,0.052679931560886226f,0.6555936747912247f,-0.7532740260917526f,2.868688754870663f,-0.5296388660152465f,-0.6211429238715424f,-0.5776366848897285f,0.38312226661027793f,0f,0f,0f,1f], start_interpolation: 0, interpolation_duration: 1 }
$data merge entity $(bone_leftelbow) { transformation: [-0.8465857879841974f,0.42939306200502303f,0.3145061237641108f,0.9879558358841503f,0.052679931560886226f,0.6555936747912247f,-0.7532740260917526f,2.9916125688940176f,-0.5296388660152465f,-0.6211429238715424f,-0.5776366848897285f,0.26665796838436373f,0f,0f,0f,1f], start_interpolation: 0, interpolation_duration: 1 }
$data merge entity $(bone_leftarm) { transformation: [-0.9966598534435165f,-0.044166187461571055f,-0.06869122519694627f,0.75f,-0.047805539333605714f,0.9974879845927086f,0.05227189495512288f,3.478265602743798f,0.0662100214693463f,0.055381120233213815f,-0.9962676169477472f,0.33996533372700727f,0f,0f,0f,1f], start_interpolation: 0, interpolation_duration: 1 }
$data merge entity $(bone_rightthumb2) { transformation: [-0.942348161136457f,-0.31479893119962715f,-0.11349703131937193f,-0.5108898730574691f,-0.2008374651875345f,0.8033366553321737f,-0.5606376109188199f,2.1344090366562005f,0.2676644462377921f,-0.5055213656367935f,-0.8202462393116638f,1.2151635919438557f,0f,0f,0f,1f], start_interpolation: 0, interpolation_duration: 1 }
$data merge entity $(bone_rightthumb) { transformation: [-0.942348161136457f,-0.31479893119962715f,-0.11349703131937193f,-0.597791122496169f,-0.2008374651875345f,0.8033366553321737f,-0.5606376109188199f,2.283510637716406f,0.2676644462377921f,-0.5055213656367935f,-0.8202462393116638f,1.0210920754356978f,0f,0f,0f,1f], start_interpolation: 0, interpolation_duration: 1 }
$data merge entity $(bone_rightpointerfinger) { transformation: [-0.942348161136457f,-0.31479893119962715f,-0.11349703131937193f,-0.6028872266636869f,-0.2008374651875345f,0.8033366553321737f,-0.5606376109188199f,1.9716693119188302f,0.2676644462377921f,-0.5055213656367935f,-0.8202462393116638f,1.177793029874795f,0f,0f,0f,1f], start_interpolation: 0, interpolation_duration: 1 }
$data merge entity $(bone_rightmidfinger) { transformation: [-0.942348161136457f,-0.31479893119962715f,-0.11349703131937193f,-0.6206211378073387f,-0.2008374651875345f,0.8033366553321737f,-0.5606376109188199f,1.8840696852127645f,0.2676644462377921f,-0.5055213656367935f,-0.8202462393116638f,1.0496295549823476f,0f,0f,0f,1f], start_interpolation: 0, interpolation_duration: 1 }
$data merge entity $(bone_rightringfinger) { transformation: [-0.942348161136457f,-0.31479893119962715f,-0.11349703131937193f,-0.6383550489509906f,-0.2008374651875345f,0.8033366553321737f,-0.5606376109188199f,1.7964700585066988f,0.2676644462377921f,-0.5055213656367935f,-0.8202462393116638f,0.9214660800898999f,0f,0f,0f,1f], start_interpolation: 0, interpolation_duration: 1 }
$data merge entity $(bone_hugeasssword) { transformation: [-3.6908636311177903f,-1.232962480531873f,-0.44453003933420676f,-0.4324800492910264f,-0.7866134053178435f,3.1464019000510137f,-2.195830642765378f,2.1093548576881576f,1.0483524144313525f,-1.9799586820774413f,-3.2126311039706836f,0.8886635065447049f,0f,0f,0f,1f], start_interpolation: 0, interpolation_duration: 1 }
$data merge entity $(bone_ice) { transformation: [-0.942348161136457f,-0.31479893119962715f,-0.11349703131937193f,-0.4128371259732751f,-0.2008374651875345f,0.8033366553321737f,-0.5606376109188199f,2.0999408078421475f,0.2676644462377921f,-0.5055213656367935f,-0.8202462393116638f,0.8923800209103143f,0f,0f,0f,1f], start_interpolation: 0, interpolation_duration: 1 }
$data merge entity $(bone_righthand1) { transformation: [-0.942348161136457f,-0.31479893119962715f,-0.11349703131937193f,-0.7306706812860265f,-0.2008374651875345f,0.8033366553321737f,-0.5606376109188199f,2.2330456800370944f,0.2676644462377921f,-0.5055213656367935f,-0.8202462393116638f,0.8072830960820745f,0f,0f,0f,1f], start_interpolation: 0, interpolation_duration: 1 }
$data merge entity $(bone_rightforearm) { transformation: [-0.942348161136457f,-0.31479893119962715f,-0.11349703131937193f,-0.8913435286003706f,-0.2008374651875345f,0.8033366553321737f,-0.5606376109188199f,2.8192040700623564f,0.2676644462377921f,-0.5055213656367935f,-0.8202462393116638f,0.44792570546808674f,0f,0f,0f,1f], start_interpolation: 0, interpolation_duration: 1 }
$data merge entity $(bone_rightelbow) { transformation: [-0.942348161136457f,-0.31479893119962715f,-0.11349703131937193f,-0.9503683282003007f,-0.2008374651875345f,0.8033366553321737f,-0.5606376109188199f,2.969829692937139f,0.2676644462377921f,-0.5055213656367935f,-0.8202462393116638f,0.353140449411188f,0f,0f,0f,1f], start_interpolation: 0, interpolation_duration: 1 }
$data merge entity $(bone_rightarm) { transformation: [-0.9984245386398521f,-0.03324915218041192f,0.0451988331827524f,-0.75f,-0.037847676250619626f,0.9937498100176563f,-0.10501841977624798f,3.478265602743798f,-0.04142455846749309f,-0.10656363811899322f,-0.993442598737651f,0.3399653337270071f,0f,0f,0f,1f], start_interpolation: 0, interpolation_duration: 1 }
$data merge entity $(bone_chest1) { transformation: [-1.0833333333333333f,-2.871505871194854e-17f,1.295252595151415e-16f,-0.0023231250000000244f,0f,1.057654007713261f,0.23447624843294476f,3.345588115648876f,-1.3267006990762992e-16f,0.23447624843294476f,-1.057654007713261f,0.19780963701928392f,0f,0f,0f,1f], start_interpolation: 0, interpolation_duration: 1 }
$data merge entity $(bone_chest1lid) { transformation: [-1f,-2.6506208041798655e-17f,1.195617780139768e-16f,-0.3437500000000001f,0f,0.9762960071199334f,0.21643961393810288f,2.593642205316262f,-1.2246467991473532e-16f,0.21643961393810288f,-0.9762960071199334f,0.4319276614692141f,0f,0f,0f,1f], start_interpolation: 0, interpolation_duration: 1 }
$data merge entity $(bone_chest2) { transformation: [-1f,-2.6506208041798655e-17f,1.195617780139768e-16f,-0.3437500000000001f,0f,0.9762960071199334f,0.21643961393810288f,2.4410959542037727f,-1.2246467991473532e-16f,0.21643961393810288f,-0.9762960071199334f,0.3981089717913855f,0f,0f,0f,1f], start_interpolation: 0, interpolation_duration: 1 }
$data merge entity $(bone_chest1lid3) { transformation: [-1f,-2.6506208041798655e-17f,1.195617780139768e-16f,-0.28125f,0f,0.9762960071199334f,0.21643961393810288f,2.7322988329953595f,-1.2246467991473532e-16f,0.21643961393810288f,-0.9762960071199334f,-0.1935119680919932f,0f,0f,0f,1f], start_interpolation: 0, interpolation_duration: 1 }
$data merge entity $(bone_chest3) { transformation: [-1f,-2.6506208041798655e-17f,1.195617780139768e-16f,-0.28125f,0f,0.9762960071199334f,0.21643961393810288f,2.57975258188287f,-1.2246467991473532e-16f,0.21643961393810288f,-0.9762960071199334f,-0.22733065776982178f,0f,0f,0f,1f], start_interpolation: 0, interpolation_duration: 1 }
$data merge entity $(bone_hugeasssword2) { transformation: [-1.3379583331777819e-15f,2.887669569172986f,-2.646061646494669f,-1.234375f,-0.8477218212575695f,2.583339420065942f,2.8192202702653244f,4.535726465090519f,3.823826027886406f,0.5727125612237277f,0.6250060867326077f,0.19029394499513483f,0f,0f,0f,1f], start_interpolation: 0, interpolation_duration: 1 }
$data merge entity $(bone_belt) { transformation: [-1f,-2.6506208041798655e-17f,1.195617780139768e-16f,0.02970562499999997f,0f,0.9762960071199334f,0.21643961393810288f,2.9283676405692605f,-1.2246467991473532e-16f,0.21643961393810288f,-0.9762960071199334f,0.2393948336713365f,0f,0f,0f,1f], start_interpolation: 0, interpolation_duration: 1 }
$data merge entity $(bone_torn_part) { transformation: [-1f,-6.123233995736765e-17f,1.0605752387249069e-16f,-0.09375000000000003f,0f,0.8660254037844386f,0.4999999999999999f,2.6511339777685716f,-1.2246467991473532e-16f,0.4999999999999999f,-0.8660254037844386f,0.1725990345779818f,0f,0f,0f,1f], start_interpolation: 0, interpolation_duration: 1 }
$data merge entity $(bone_lowerbody) { transformation: [-1f,-2.6506208041798655e-17f,1.195617780139768e-16f,0.003906249999999975f,0f,0.9762960071199334f,0.21643961393810288f,2.1439901223319957f,-1.2246467991473532e-16f,0.21643961393810288f,-0.9762960071199334f,0.20420725533600814f,0f,0f,0f,1f], start_interpolation: 0, interpolation_duration: 1 }
$data merge entity $(bone_leftfoot) { transformation: [-0.9961946980917455f,0.0007028665909671883f,-0.0871529085713796f,0.2630173996755688f,-1.734723475976807e-18f,0.9999674814740933f,0.00806448971471907f,0.178757000362041f,0.08715574274765805f,0.00803380189661862f,-0.9961623033086474f,-0.17743172445347477f,0f,0f,0f,1f], start_interpolation: 0, interpolation_duration: 1 }
$data merge entity $(bone_leftlowerleg) { transformation: [-0.9961946980917455f,0.03171126782056076f,-0.08118201147488659f,0.3106703483058195f,-1.734723475976807e-18f,0.9314591203695297f,0.36384599362975273f,1.1561911169269987f,0.08715574274765805f,0.3624614497758827f,-0.9279146372013264f,0.36724397077109117f,0f,0f,0f,1f], start_interpolation: 0, interpolation_duration: 1 }
$data merge entity $(bone_leftleg) { transformation: [-0.9961946980917455f,-0.02980901962620912f,-0.08189960831908923f,0.25f,-1.734723475976807e-18f,0.9396926207859084f,-0.3420201433256687f,2.1635213723319957f,0.08715574274765805f,-0.34071865342161006f,-0.9361168066628591f,0.03233225533600817f,0f,0f,0f,1f], start_interpolation: 0, interpolation_duration: 1 }
$data merge entity $(bone_rightfoot) { transformation: [-0.9990511291725886f,0.04206854272426053f,0.011272932716583518f,-0.36357935198774194f,0.04153760797194268f,0.9981768347823619f,-0.04379079387079615f,0.1408514921414621f,-0.013094595180636747f,-0.04328099140410746f,-0.9989771205388704f,-0.10476924808587262f,0f,0f,0f,1f], start_interpolation: 0, interpolation_duration: 1 }
$data merge entity $(bone_rightlowerleg) { transformation: [-0.9990511291725886f,0.035927715791826645f,0.024617890587076755f,-0.32750447346661726f,0.04153760797194268f,0.9559559029127238f,0.2905562575651882f,1.1567223741440007f,-0.013094595180636747f,0.291303125496965f,-0.9565411756180466f,0.3653635235283925f,0f,0f,0f,1f], start_interpolation: 0, interpolation_duration: 1 }
$data merge entity $(bone_rightleg) { transformation: [-0.9990511291725886f,0.04352039824121237f,-0.0016781644442161146f,-0.25f,0.04153760797194268f,0.9405336400626803f,-0.3371514482163971f,2.1635213723319957f,-0.013094595180636747f,-0.3369012419795614f,-0.9414489283703521f,0.032332255336008114f,0f,0f,0f,1f], start_interpolation: 0, interpolation_duration: 1 }
data modify entity @s data merge value {"locators":{"lefthand":{"posx":0.3950939403096384,"posy":2.1740067080106784,"posz":0.9559711167610726,"roty":28.56698748452112,"rotx":-48.8747856610469},"righthand":{"posx":-0.49449014166545857,"posy":2.077320122911858,"posz":0.938188681572427,"roty":352.122037068896,"rotx":-34.09990426187857},"chest":{"posx":-0.3750000000000001,"posy":2.498805015193438,"posz":0.5709464367105722,"roty":0,"rotx":12.5},"sack":{"posx":0,"posy":-0.4375,"posz":0,"roty":0,"rotx":0}},"cameras":{}}