# This file was generated by Animated Java via MC-Build. It is not recommended to edit this file directly.
$data merge entity $(bone_nose) { transformation: [-0.9808434824076561f,-0.14209851770839382f,-0.13324441558091432f,-0.18057047509635363f,-0.18113217650737534f,0.9169790471072484f,0.35544417536370415f,4.128278386723288f,0.07167424678448417f,0.37276995376687744f,-0.9251515356505208f,0.3672818386783718f,0f,0f,0f,1f], start_interpolation: 0, interpolation_duration: 1 }
$data merge entity $(bone_glowing_eye) { transformation: [-0.9808434824076561f,-0.14209851770839382f,-0.13324441558091432f,-0.3081474874371696f,-0.18113217650737534f,0.9169790471072484f,0.35544417536370415f,4.155320349951859f,0.07167424678448417f,0.37276995376687744f,-0.9251515356505208f,0.4337644152085591f,0f,0f,0f,1f], start_interpolation: 0, interpolation_duration: 1 }
$data merge entity $(bone_head) { transformation: [-0.9808434824076561f,-0.14209851770839382f,-0.13324441558091432f,-0.18797527722719315f,-0.18113217650737534f,0.9169790471072484f,0.35544417536370415f,4.081611378603738f,0.07167424678448417f,0.37276995376687744f,-0.9251515356505208f,0.14801411888510513f,0f,0f,0f,1f], start_interpolation: 0, interpolation_duration: 1 }
$data merge entity $(bone_leftthumb2) { transformation: [0.38229757725726754f,0.6730523853616928f,0.6331264083752617f,-0.32437834616350525f,-0.3813241009594956f,0.7390217638633958f,-0.555372633970803f,2.6455098654203875f,-0.8416890711246378f,-0.02910874602538578f,0.5391773256120603f,0.41257428467315954f,0f,0f,0f,1f], start_interpolation: 0, interpolation_duration: 1 }
$data merge entity $(bone_leftthumb) { transformation: [0.38229757725726754f,0.6730523853616928f,0.6331264083752617f,-0.10521189650271137f,-0.3813241009594956f,0.7390217638633958f,-0.555372633970803f,2.7792886534770966f,-0.8416890711246378f,-0.02910874602538578f,0.5391773256120603f,0.4515123293295215f,0f,0f,0f,1f], start_interpolation: 0, interpolation_duration: 1 }
$data merge entity $(bone_leftpointerfinger) { transformation: [0.38229757725726754f,0.6730523853616928f,0.6331264083752617f,-0.33819320756944f,-0.3813241009594956f,0.7390217638633958f,-0.555372633970803f,2.5524713685344835f,-0.8416890711246378f,-0.02910874602538578f,0.5391773256120603f,0.5783973159114237f,0f,0f,0f,1f], start_interpolation: 0, interpolation_duration: 1 }
$data merge entity $(bone_leftmidfinger) { transformation: [0.38229757725726754f,0.6730523853616928f,0.6331264083752617f,-0.2392672062608054f,-0.3813241009594956f,0.7390217638633958f,-0.555372633970803f,2.4656943944765457f,-0.8416890711246378f,-0.02910874602538578f,0.5391773256120603f,0.6626437730383082f,0f,0f,0f,1f], start_interpolation: 0, interpolation_duration: 1 }
$data merge entity $(bone_leftringfinger) { transformation: [0.38229757725726754f,0.6730523853616928f,0.6331264083752617f,-0.14034120495217073f,-0.3813241009594956f,0.7390217638633958f,-0.555372633970803f,2.378917420418608f,-0.8416890711246378f,-0.02910874602538578f,0.5391773256120603f,0.7468902301651926f,0f,0f,0f,1f], start_interpolation: 0, interpolation_duration: 1 }
$data merge entity $(bone_invisibility) { transformation: [0.7256718202104236f,-0.5720567906910234f,-0.3822975772572672f,-0.2126825074464942f,0.687805648519676f,0.6176692641631604f,0.3813241009594954f,2.5791589998387248f,0.01799442182782634f,-0.5396625874863166f,0.8416890711246376f,0.40054755455365076f,0f,0f,0f,1f], start_interpolation: 0, interpolation_duration: 1 }
$data merge entity $(bone_swiftness) { transformation: [0.6331264083752618f,0.6730523853616928f,-0.3822975772572674f,-0.16520270410962135f,-0.5553726339708032f,0.7390217638633958f,0.3813241009594955f,2.3550900623340443f,0.5391773256120601f,-0.02910874602538578f,0.8416890711246379f,0.46174732142532005f,0f,0f,0f,1f], start_interpolation: 0, interpolation_duration: 1 }
$data merge entity $(bone_suspicious_stew) { transformation: [0.8775634001065797f,-0.28936316492705594f,-0.3822975772572676f,-0.12552063643996197f,0.4350705621918614f,0.815662636107288f,0.38132410095949576f,2.4403849857881026f,0.20148470092648882f,-0.5009624964425057f,0.841689071124638f,0.503007775575852f,0f,0f,0f,1f], start_interpolation: 0, interpolation_duration: 1 }
$data merge entity $(bone_log) { transformation: [0.38229757725726754f,0.6730523853616928f,0.6331264083752617f,0.02412910999070883f,-0.3813241009594956f,0.7390217638633958f,-0.555372633970803f,2.4709804795886927f,-0.8416890711246378f,-0.02910874602538578f,0.5391773256120603f,0.44573476904280934f,0f,0f,0f,1f], start_interpolation: 0, interpolation_duration: 1 }
$data merge entity $(bone_planks) { transformation: [0.38229757725726754f,0.6730523853616928f,0.6331264083752617f,0.059969507858577686f,-0.3813241009594956f,0.7390217638633958f,-0.555372633970803f,2.43523134512374f,-0.8416890711246378f,-0.02910874602538578f,0.5391773256120603f,0.36682641862487453f,0f,0f,0f,1f], start_interpolation: 0, interpolation_duration: 1 }
$data merge entity $(bone_lefthand1) { transformation: [0.38229757725726754f,0.6730523853616928f,0.6331264083752617f,0.07703261175508824f,-0.3813241009594956f,0.7390217638633958f,-0.555372633970803f,2.768422340606003f,-0.8416890711246378f,-0.02910874602538578f,0.5391773256120603f,0.6320305588922455f,0f,0f,0f,1f], start_interpolation: 0, interpolation_duration: 1 }
$data merge entity $(bone_leftforearm) { transformation: [0.4405668565895604f,0.5680911554779484f,0.6951066709092374f,0.4973031298452757f,-0.4564600155990012f,0.808497082699219f,-0.371452179191631f,3.3238287858913043f,-0.7730104132766601f,-0.15363888288640126f,0.615507915977744f,0.4677360991349092f,0f,0f,0f,1f], start_interpolation: 0, interpolation_duration: 1 }
$data merge entity $(bone_leftelbow) { transformation: [0.4405668565895604f,0.5680911554779484f,0.6951066709092374f,0.603820221497391f,-0.4564600155990012f,0.808497082699219f,-0.371452179191631f,3.475421988897408f,-0.7730104132766601f,-0.15363888288640126f,0.615507915977744f,0.438928808593709f,0f,0f,0f,1f], start_interpolation: 0, interpolation_duration: 1 }
$data merge entity $(bone_leftarm) { transformation: [0.46979641358841034f,-0.4989225090263696f,0.7282634549160758f,0.43635552522881504f,-0.5386550126334378f,0.49157678771215224f,0.6842536365613795f,3.491858772021512f,-0.6993869509394194f,-0.7137426649496537f,-0.03780609853222505f,-0.010612465217863548f,0f,0f,0f,1f], start_interpolation: 0, interpolation_duration: 1 }
$data merge entity $(bone_rightthumb2) { transformation: [0.6524379765875303f,-0.6931139474319421f,-0.30646001791698674f,0.33685055386878593f,0.7578284515759226f,0.5942725398238504f,0.26932542841950446f,2.8407263058659047f,-0.004552437633651318f,-0.407962258409551f,0.9129874429722297f,0.5979612246316095f,0f,0f,0f,1f], start_interpolation: 0, interpolation_duration: 1 }
$data merge entity $(bone_rightthumb) { transformation: [0.6524379765875303f,-0.6931139474319421f,-0.30646001791698674f,0.140680249634567f,0.7578284515759226f,0.5942725398238504f,0.26932542841950446f,3.009483067012815f,-0.004552437633651318f,-0.407962258409551f,0.9129874429722297f,0.5759331648814044f,0f,0f,0f,1f], start_interpolation: 0, interpolation_duration: 1 }
$data merge entity $(bone_rightpointerfinger) { transformation: [0.6524379765875303f,-0.6931139474319421f,-0.30646001791698674f,0.42510335398507537f,0.7578284515759226f,0.5942725398238504f,0.26932542841950446f,2.9099995062313955f,-0.004552437633651318f,-0.407962258409551f,0.9129874429722297f,0.7520941444451811f,0f,0f,0f,1f], start_interpolation: 0, interpolation_duration: 1 }
$data merge entity $(bone_rightmidfinger) { transformation: [0.6524379765875303f,-0.6931139474319421f,-0.30646001791698674f,0.3772189761855462f,0.7578284515759226f,0.5942725398238504f,0.26932542841950446f,2.952081604421943f,-0.004552437633651318f,-0.407962258409551f,0.9129874429722297f,0.894748432409592f,0f,0f,0f,1f], start_interpolation: 0, interpolation_duration: 1 }
$data merge entity $(bone_rightringfinger) { transformation: [0.6524379765875303f,-0.6931139474319421f,-0.30646001791698674f,0.32933459838601703f,0.7578284515759226f,0.5942725398238504f,0.26932542841950446f,2.9941637026124908f,-0.004552437633651318f,-0.407962258409551f,0.9129874429722297f,1.0374027203740028f,0f,0f,0f,1f], start_interpolation: 0, interpolation_duration: 1 }
$data merge entity $(bone_hugeasssword) { transformation: [2.5553820749678273f,-2.7146962941084403f,-1.2003017368415314f,0.0679148058623231f,2.9681614353390304f,2.3275674476434145f,1.0548579279763926f,2.867286821804753f,-0.017830380731800998f,-1.5978521787707416f,3.5758674849745664f,0.7988249111201494f,0f,0f,0f,1f], start_interpolation: 0, interpolation_duration: 1 }
$data merge entity $(bone_ice) { transformation: [0.6524379765875303f,-0.6931139474319421f,-0.30646001791698674f,0.06855036790676705f,0.7578284515759226f,0.5942725398238504f,0.26932542841950446f,2.846160243814132f,-0.004552437633651318f,-0.407962258409551f,0.9129874429722297f,0.8052704532458245f,0f,0f,0f,1f], start_interpolation: 0, interpolation_duration: 1 }
$data merge entity $(bone_righthand1) { transformation: [0.6524379765875303f,-0.6931139474319421f,-0.30646001791698674f,0.04880449963575828f,0.7578284515759226f,0.5942725398238504f,0.26932542841950446f,3.1926019113021846f,-0.004552437633651318f,-0.407962258409551f,0.9129874429722297f,0.7306726368279061f,0f,0f,0f,1f], start_interpolation: 0, interpolation_duration: 1 }
$data merge entity $(bone_rightforearm) { transformation: [0.5109862789864137f,-0.8289016190785331f,-0.22762936668322292f,-0.5525768988652519f,0.7792057871195702f,0.5584786804526289f,-0.28449939331967156f,3.529393032213705f,0.36294815608705006f,-0.03199483347161902f,0.931259881356506f,0.6565933949472282f,0f,0f,0f,1f], start_interpolation: 0, interpolation_duration: 1 }
$data merge entity $(bone_rightelbow) { transformation: [0.5109862789864137f,-0.8289016190785331f,-0.22762936668322292f,-0.7079959524424768f,0.7792057871195702f,0.5584786804526289f,-0.28449939331967156f,3.6341077847985725f,0.36294815608705006f,-0.03199483347161902f,0.931259881356506f,0.6505943636712996f,0f,0f,0f,1f], start_interpolation: 0, interpolation_duration: 1 }
$data merge entity $(bone_rightarm) { transformation: [0.4633624219430494f,-0.18921713070368043f,-0.8657321429745678f,-0.8434873016092513f,0.8368244256459588f,0.41487776255426345f,0.35721327352196636f,3.5960982422547367f,0.29158214378350095f,-0.8899850108772813f,0.3505802815909405f,0.21152109604534092f,0f,0f,0f,1f], start_interpolation: 0, interpolation_duration: 1 }
$data merge entity $(bone_chest1) { transformation: [-1.061659238630691f,0.12812615405062364f,-0.17341989732844523f,-0.24880529495915826f,0.06786051319349616f,1.0255930207384756f,0.3422937593248743f,3.4898626667315487f,0.20466001781082674f,0.3245824326297336f,-1.0131000111780413f,-0.13514739493481492f,0f,0f,0f,1f], start_interpolation: 0, interpolation_duration: 1 }
$data merge entity $(bone_chest1lid) { transformation: [-0.9799931433514071f,0.1182702960467295f,-0.16007990522625715f,-0.6015906828660603f,0.06264047371707339f,0.9467012499124391f,0.3159634701460379f,2.740584802696535f,0.18891693951768623f,0.2996145531966772f,-0.9351692410874228f,0.09053238917765405f,0f,0f,0f,1f], start_interpolation: 0, interpolation_duration: 1 }
$data merge entity $(bone_chest2) { transformation: [-0.9799931433514071f,0.1182702960467295f,-0.16007990522625715f,-0.6200704166233618f,0.06264047371707339f,0.9467012499124391f,0.3159634701460379f,2.5926627323977165f,0.18891693951768623f,0.2996145531966772f,-0.9351692410874228f,0.04371761524067325f,0f,0f,0f,1f], start_interpolation: 0, interpolation_duration: 1 }
$data merge entity $(bone_chest1lid3) { transformation: [-0.9799931433514071f,0.1182702960467295f,-0.16007990522625715f,-0.6428923006921683f,0.06264047371707339f,0.9467012499124391f,0.3159634701460379f,2.9390838711515235f,0.18891693951768623f,0.2996145531966772f,-0.9351692410874228f,-0.5203677146138316f,0f,0f,0f,1f], start_interpolation: 0, interpolation_duration: 1 }
$data merge entity $(bone_chest3) { transformation: [-0.9799931433514071f,0.1182702960467295f,-0.16007990522625715f,-0.6613720344494698f,0.06264047371707339f,0.9467012499124391f,0.3159634701460379f,2.791161800852705f,0.18891693951768623f,0.2996145531966772f,-0.9351692410874228f,-0.5671824885508124f,0f,0f,0f,1f], start_interpolation: 0, interpolation_duration: 1 }
$data merge entity $(bone_hugeasssword2) { transformation: [0.6269796288028396f,3.142846872342859f,-2.2515967356186897f,-1.361388655631981f,-1.2375235914053149f,2.324144878330497f,2.8995109454911856f,4.749205431410201f,3.6627461942590736f,0.24726888059884852f,1.3650736957783072f,0.19749605642834572f,0f,0f,0f,1f], start_interpolation: 0, interpolation_duration: 1 }
$data merge entity $(bone_belt) { transformation: [-0.9799931433514071f,0.1182702960467295f,-0.16007990522625715f,-0.24357308679945552f,0.06264047371707339f,0.9467012499124391f,0.3159634701460379f,3.06939645363057f,0.18891693951768623f,0.2996145531966772f,-0.9351692410874228f,-0.1381276417547781f,0f,0f,0f,1f], start_interpolation: 0, interpolation_duration: 1 }
$data merge entity $(bone_torn_part) { transformation: [-0.9783352961364923f,0.09676574187432158f,-0.18302032546423405f,-0.3896867575005869f,0.02037311856134097f,0.9247513512829346f,0.3800261495482541f,2.7924131545360718f,0.2060218055779716f,0.36806430076808405f,-0.9066883070418928f,-0.17630765009888444f,0f,0f,0f,1f], start_interpolation: 0, interpolation_duration: 1 }
$data merge entity $(bone_lowerbody) { transformation: [-0.9783352961364923f,0.037251854983013234f,-0.20364760650163935f,-0.28369763888888894f,0.02037311856134097f,0.996227106078301f,0.08435928612155885f,2.292121550925926f,0.2060218055779716f,0.07838273033760715f,-0.9754030773025142f,-0.09753372685185188f,0f,0f,0f,1f], start_interpolation: 0, interpolation_duration: 1 }
$data merge entity $(bone_leftfoot) { transformation: [-0.6852744502988493f,0.0034268183017125142f,-0.728276859912449f,0.6455610620649316f,0.004681382744119219f,0.9999889971578141f,0.0003003646310870689f,0.9243298905871413f,0.7282698760921072f,-0.0032035105174781364f,-0.6852829525802835f,0.24016307025438177f,0f,0f,0f,1f], start_interpolation: 0, interpolation_duration: 1 }
$data merge entity $(bone_leftlowerleg) { transformation: [-0.6852744502988493f,0.0034268183017125142f,-0.728276859912449f,0.7612592419326796f,0.004681382744119219f,0.9999889971578141f,0.0003003646310870689f,2.03364653459762f,0.7282698760921072f,-0.0032035105174781364f,-0.6852829525802835f,0.3418999033250975f,0f,0f,0f,1f], start_interpolation: 0, interpolation_duration: 1 }
$data merge entity $(bone_leftleg) { transformation: [-0.6142799937234752f,-0.7769378896029104f,-0.13794058507365822f,-0.06789120213857025f,-0.04339721150296422f,0.20780869992091044f,-0.9772063376129669f,2.245208170237953f,0.7878938833020945f,-0.5942920661901492f,-0.16136966480286452f,-0.24895285610566648f,0f,0f,0f,1f], start_interpolation: 0, interpolation_duration: 1 }
$data merge entity $(bone_rightfoot) { transformation: [-0.9988206713981358f,-0.026800982657152445f,-0.04048424034594518f,-0.37304412053778824f,-0.031245286458874644f,0.9930500688858845f,0.11346934722577107f,0.21182587794604668f,0.03716178765721727f,0.1146004712658319f,-0.9927163409170663f,-0.23806754165538457f,0f,0f,0f,1f], start_interpolation: 0, interpolation_duration: 1 }
$data merge entity $(bone_rightlowerleg) { transformation: [-0.9988206713981358f,-0.026800982657152445f,-0.04048424034594518f,-0.3965562342624638f,-0.031245286458874644f,0.9930500688858845f,0.11346934722577107f,1.2960567293434793f,0.03716178765721727f,0.1146004712658319f,-0.9927163409170663f,0.04159387880306342f,0f,0f,0f,1f], start_interpolation: 0, interpolation_duration: 1 }
$data merge entity $(bone_rightleg) { transformation: [-0.9708210719326732f,-0.18444135548552143f,-0.15325740660130888f,-0.5631330365979753f,-0.13625453199238474f,0.95016728960997f,-0.2803869188581728f,2.305996763538917f,0.19733511801762907f,-0.25132351291096283f,-0.9475733971862346f,-0.20962113125881887f,0f,0f,0f,1f], start_interpolation: 0, interpolation_duration: 1 }
data modify entity @s data merge value {"locators":{"lefthand":{"posx":-0.07418610561440567,"posy":2.457671236157611,"posz":0.5184925945312889,"roty":130.41807630505036,"rotx":-33.73638471843155},"righthand":{"posx":0.14533477142042506,"posy":2.9037129428955724,"posz":0.7969526437088779,"roty":198.55521755350526,"rotx":15.624129864692879},"chest":{"posx":-0.6145948769071097,"posy":2.6340041971703476,"posz":0.22383032788269924,"roty":350.28639832156796,"rotx":18.418987400274954},"sack":{"posx":0,"posy":-0.4375,"posz":0,"roty":0,"rotx":0}},"cameras":{}}