# This file was generated by Animated Java via MC-Build. It is not recommended to edit this file directly.
$data merge entity $(bone_nose) { transformation: [-0.9921971443969131f,-0.02899536036240204f,0.12126044585133937f,-0.7478339581279936f,-0.020976957436581536f,0.997540018297772f,0.06688706265926736f,4.156050088252045f,-0.1229015618587291f,0.06382147735625802f,-0.9903645920168741f,0.6826962098634537f,0f,0f,0f,1f], start_interpolation: 0, interpolation_duration: 1 }
$data merge entity $(bone_glowing_eye) { transformation: [-0.9921971443969131f,-0.02899536036240204f,0.12126044585133937f,-0.8780532817072064f,-0.020976957436581536f,0.997540018297772f,0.06688706265926736f,4.218635466967972f,-0.1229015618587291f,0.06382147735625802f,-0.9903645920168741f,0.7062141386139336f,0f,0f,0f,1f], start_interpolation: 0, interpolation_duration: 1 }
$data merge entity $(bone_head) { transformation: [-0.9921971443969131f,-0.02899536036240204f,0.12126044585133937f,-0.7215470768530527f,-0.020976957436581536f,0.997540018297772f,0.06688706265926736f,4.045401901023455f,-0.1229015618587291f,0.06382147735625802f,-0.9903645920168741f,0.4893650116034999f,0f,0f,0f,1f], start_interpolation: 0, interpolation_duration: 1 }
$data merge entity $(bone_leftthumb2) { transformation: [-0.14223995606278536f,0.9356740752514646f,0.3229269573782487f,-0.6685212752066217f,-0.7998226665309559f,0.08355329198447803f,-0.5943925887003199f,3.2944145873841895f,-0.5831393461279801f,-0.34283067584577775f,0.7364887172907396f,1.3437254705177053f,0f,0f,0f,1f], start_interpolation: 0, interpolation_duration: 1 }
$data merge entity $(bone_leftthumb) { transformation: [-0.14223995606278536f,0.9356740752514646f,0.3229269573782487f,-0.4114576953466127f,-0.7998226665309559f,0.08355329198447803f,-0.5943925887003199f,3.2641101009448352f,-0.5831393461279801f,-0.34283067584577775f,0.7364887172907396f,1.3225873030544706f,0f,0f,0f,1f], start_interpolation: 0, interpolation_duration: 1 }
$data merge entity $(bone_leftpointerfinger) { transformation: [-0.14223995606278536f,0.9356740752514646f,0.3229269573782487f,-0.6877810549670271f,-0.7998226665309559f,0.08355329198447803f,-0.5943925887003199f,3.2963126285689244f,-0.5831393461279801f,-0.34283067584577775f,0.7364887172907396f,1.5333823931721178f,0f,0f,0f,1f], start_interpolation: 0, interpolation_duration: 1 }
$data merge entity $(bone_leftmidfinger) { transformation: [-0.14223995606278536f,0.9356740752514646f,0.3229269573782487f,-0.6373237178766757f,-0.7998226665309559f,0.08355329198447803f,-0.5943925887003199f,3.2034387865844995f,-0.5831393461279801f,-0.34283067584577775f,0.7364887172907396f,1.648458755248796f,0f,0f,0f,1f], start_interpolation: 0, interpolation_duration: 1 }
$data merge entity $(bone_leftringfinger) { transformation: [-0.14223995606278536f,0.9356740752514646f,0.3229269573782487f,-0.5868663807863244f,-0.7998226665309559f,0.08355329198447803f,-0.5943925887003199f,3.1105649446000747f,-0.5831393461279801f,-0.34283067584577775f,0.7364887172907396f,1.7635351173254739f,0f,0f,0f,1f], start_interpolation: 0, interpolation_duration: 1 }
$data merge entity $(bone_invisibility) { transformation: [0.9602584917309485f,-0.24014875381284068f,0.14223995606278547f,-0.6222031621662406f,0.03143061893116874f,0.5994128946702053f,0.7998226665309556f,3.174059288302057f,-0.2773368804400293f,-0.7635658175594455f,0.5831393461279801f,1.3635313881871538f,0f,0f,0f,1f], start_interpolation: 0, interpolation_duration: 1 }
$data merge entity $(bone_swiftness) { transformation: [0.32292695737824867f,0.9356740752514646f,0.14223995606278544f,-0.6957687183584997f,-0.5943925887003201f,0.08355329198447803f,0.7998226665309558f,3.0096388883054814f,0.7364887172907395f,-0.34283067584577775f,0.5831393461279802f,1.5176763619995388f,0f,0f,0f,1f], start_interpolation: 0, interpolation_duration: 1 }
$data merge entity $(bone_suspicious_stew) { transformation: [0.9844835299251273f,0.10276173512265113f,0.1422399560627855f,-0.6055140799352313f,-0.1754761634700044f,0.574013778717166f,0.7998226665309561f,3.0586941173589746f,0.0005434703389839424f,-0.8123719638425629f,0.5831393461279802f,1.5176932106094383f,0f,0f,0f,1f], start_interpolation: 0, interpolation_duration: 1 }
$data merge entity $(bone_log) { transformation: [-0.14223995606278536f,0.9356740752514646f,0.3229269573782487f,-0.486752615282579f,-0.7998226665309559f,0.08355329198447803f,-0.5943925887003199f,2.96629275127443f,-0.5831393461279801f,-0.34283067584577775f,0.7364887172907396f,1.4546929710522214f,0f,0f,0f,1f], start_interpolation: 0, interpolation_duration: 1 }
$data merge entity $(bone_planks) { transformation: [-0.14223995606278536f,0.9356740752514646f,0.3229269573782487f,-0.5000876111634651f,-0.7998226665309559f,0.08355329198447803f,-0.5943925887003199f,2.8913093762871527f,-0.5831393461279801f,-0.34283067584577775f,0.7364887172907396f,1.4000236573527232f,0f,0f,0f,1f], start_interpolation: 0, interpolation_duration: 1 }
$data merge entity $(bone_lefthand1) { transformation: [-0.14223995606278536f,0.9356740752514646f,0.3229269573782487f,-0.22736557487208675f,-0.7998226665309559f,0.08355329198447803f,-0.5943925887003199f,3.2057115093001736f,-0.5831393461279801f,-0.34283067584577775f,0.7364887172907396f,1.4917548662074365f,0f,0f,0f,1f], start_interpolation: 0, interpolation_duration: 1 }
$data merge entity $(bone_leftforearm) { transformation: [-0.5185095916689406f,0.6846564983021066f,0.5122433822705822f,0.21995055225528698f,-0.5896042992859591f,0.14759645501108887f,-0.7940919699453411f,3.2788719323744697f,-0.6192855347986272f,-0.7137652035514597f,0.32714623731340925f,0.9331163977166042f,0f,0f,0f,1f], start_interpolation: 0, interpolation_duration: 1 }
$data merge entity $(bone_leftelbow) { transformation: [-0.5185095916689406f,0.6846564983021066f,0.5122433822705822f,0.34832364568693197f,-0.5896042992859591f,0.14759645501108887f,-0.7940919699453411f,3.3065462676890487f,-0.6192855347986272f,-0.7137652035514597f,0.32714623731340925f,0.7992854220507055f,0f,0f,0f,1f], start_interpolation: 0, interpolation_duration: 1 }
$data merge entity $(bone_leftarm) { transformation: [-0.4960833362554357f,-0.5886649664822519f,0.6382592582376894f,-0.07318901850644888f,-0.6693472840706406f,0.7274999360734132f,0.1507251018259293f,3.4387544217528285f,-0.5530601565805779f,-0.35244488966309195f,-0.754921891955345f,0.6070553846802139f,0f,0f,0f,1f], start_interpolation: 0, interpolation_duration: 1 }
$data merge entity $(bone_rightthumb2) { transformation: [-0.3697486775283918f,-0.07533781564272773f,-0.9260724210342232f,-1.719743450512884f,0.6264270454697998f,0.7158975051251293f,-0.30835031840358557f,2.6413894537338556f,0.6862033752248545f,-0.6941289330447171f,-0.21750851050066916f,1.2008241132067152f,0f,0f,0f,1f], start_interpolation: 0, interpolation_duration: 1 }
$data merge entity $(bone_rightthumb) { transformation: [-0.3697486775283918f,-0.07533781564272773f,-0.9260724210342232f,-1.8173593186861776f,0.6264270454697998f,0.7158975051251293f,-0.30835031840358557f,2.7906071002995305f,0.6862033752248545f,-0.6941289330447171f,-0.21750851050066916f,1.0120064648083853f,0f,0f,0f,1f], start_interpolation: 0, interpolation_duration: 1 }
$data merge entity $(bone_rightpointerfinger) { transformation: [-0.3697486775283918f,-0.07533781564272773f,-0.9260724210342232f,-1.8764900042690547f,0.6264270454697998f,0.7158975051251293f,-0.30835031840358557f,2.609764768353439f,0.6862033752248545f,-0.6941289330447171f,-0.21750851050066916f,1.3046253036991826f,0f,0f,0f,1f], start_interpolation: 0, interpolation_duration: 1 }
$data merge entity $(bone_rightmidfinger) { transformation: [-0.3697486775283918f,-0.07533781564272773f,-0.9260724210342232f,-2.021188820055652f,0.6264270454697998f,0.7158975051251293f,-0.30835031840358557f,2.5615850311028785f,0.6862033752248545f,-0.6941289330447171f,-0.21750851050066916f,1.2706395989334531f,0f,0f,0f,1f], start_interpolation: 0, interpolation_duration: 1 }
$data merge entity $(bone_rightringfinger) { transformation: [-0.3697486775283918f,-0.07533781564272773f,-0.9260724210342232f,-2.165887635842249f,0.6264270454697998f,0.7158975051251293f,-0.30835031840358557f,2.513405293852318f,0.6862033752248545f,-0.6941289330447171f,-0.21750851050066916f,1.2366538941677234f,0f,0f,0f,1f], start_interpolation: 0, interpolation_duration: 1 }
$data merge entity $(bone_hugeasssword) { transformation: [-1.4481823203195348f,-0.2950731112673503f,-3.627116982384041f,-1.9238074398109424f,2.453505928090049f,2.8039318950734233f,-1.2077054137473768f,2.5454250016035607f,2.687629886297347f,-2.718671654425142f,-0.8519083327942876f,0.9507704583412159f,0f,0f,0f,1f], start_interpolation: 0, interpolation_duration: 1 }
$data merge entity $(bone_ice) { transformation: [-0.3697486775283918f,-0.07533781564272773f,-0.9260724210342232f,-1.9168529633551437f,0.6264270454697998f,0.7158975051251293f,-0.30835031840358557f,2.524451180500515f,0.6862033752248545f,-0.6941289330447171f,-0.21750851050066916f,0.9508942951821513f,0f,0f,0f,1f], start_interpolation: 0, interpolation_duration: 1 }
$data merge entity $(bone_righthand1) { transformation: [-0.3697486775283918f,-0.07533781564272773f,-0.9260724210342232f,-2.057064349805243f,0.6264270454697998f,0.7158975051251293f,-0.30835031840358557f,2.8503963706991353f,0.6862033752248545f,-0.6941289330447171f,-0.21750851050066916f,0.9421157647740397f,0f,0f,0f,1f], start_interpolation: 0, interpolation_duration: 1 }
$data merge entity $(bone_rightforearm) { transformation: [-0.2577281580211724f,0.15166749826577286f,-0.9542395750191957f,-1.9304253873213568f,0.38993750267310023f,0.9199326814574098f,0.040897501092920285f,3.476666356434377f,0.8840389926762728f,-0.3615533592104785f,-0.2962334010059283f,0.6245727317855262f,0f,0f,0f,1f], start_interpolation: 0, interpolation_duration: 1 }
$data merge entity $(bone_rightelbow) { transformation: [-0.2577281580211724f,0.15166749826577286f,-0.9542395750191957f,-1.9019877313965243f,0.38993750267310023f,0.9199326814574098f,0.040897501092920285f,3.6491537342076414f,0.8840389926762728f,-0.3615533592104785f,-0.2962334010059283f,0.5567814769335615f,0f,0f,0f,1f], start_interpolation: 0, interpolation_duration: 1 }
$data merge entity $(bone_rightarm) { transformation: [-0.17702579237171473f,0.9581764730528977f,-0.22485487613809083f,-1.4667931765683768f,0.449970095312481f,0.28198203762268675f,0.8473565033577273f,3.6151832437399656f,0.8753221019485586f,0.048825986380894304f,-0.4810688525505361f,0.4079042705063005f,0f,0f,0f,1f], start_interpolation: 0, interpolation_duration: 1 }
$data merge entity $(bone_chest1) { transformation: [-1.074233223614184f,0.07719220907366224f,0.11694210213997981f,-0.7394052603328752f,0.08830880667358591f,1.074931949331619f,0.10165613646565459f,3.400658728452349f,-0.10879176006700456f,0.11033484615281146f,-1.072194798428471f,0.34637553194736387f,0f,0f,0f,1f], start_interpolation: 0, interpolation_duration: 1 }
$data merge entity $(bone_chest1lid) { transformation: [-0.9915998987207852f,0.07125434683722669f,0.10794655582151984f,-1.1689044325728453f,0.08151582154484854f,0.9922448763061099f,0.09383643366060425f,2.713621265534805f,-0.10042316313877345f,0.10184755029490289f,-0.9897182754724348f,0.6297766575688959f,0f,0f,0f,1f], start_interpolation: 0, interpolation_duration: 1 }
$data merge entity $(bone_chest2) { transformation: [-0.9915998987207852f,0.07125434683722669f,0.10794655582151984f,-1.1800379242661618f,0.08151582154484854f,0.9922448763061099f,0.09383643366060425f,2.558583003611975f,-0.10042316313877345f,0.10184755029490289f,-0.9897182754724348f,0.6138629778353173f,0f,0f,0f,1f], start_interpolation: 0, interpolation_duration: 1 }
$data merge entity $(bone_chest1lid3) { transformation: [-0.9915998987207852f,0.07125434683722669f,0.10794655582151984f,-1.037776176579635f,0.08151582154484854f,0.9922448763061099f,0.09383643366060425f,2.768640492002077f,-0.10042316313877345f,0.10184755029490289f,-0.9897182754724348f,0.0020148350405406502f,0f,0f,0f,1f], start_interpolation: 0, interpolation_duration: 1 }
$data merge entity $(bone_chest3) { transformation: [-0.9915998987207852f,0.07125434683722669f,0.10794655582151984f,-1.0489096682729515f,0.08151582154484854f,0.9922448763061099f,0.09383643366060425f,2.613602230079247f,-0.10042316313877345f,0.10184755029490289f,-0.9897182754724348f,-0.013898844693037926f,0f,0f,0f,1f], start_interpolation: 0, interpolation_duration: 1 }
$data merge entity $(bone_hugeasssword2) { transformation: [-0.4227906769676203f,3.0519562466430408f,-2.418075451639911f,-1.8498329631320352f,-0.3675260318373664f,2.3901503538432496f,3.0809712234492945f,4.677252944377347f,3.8763965789337034f,0.55948380886071f,0.028376191280219776f,0.07861608047586754f,0f,0f,0f,1f], start_interpolation: 0, interpolation_duration: 1 }
$data merge entity $(bone_belt) { transformation: [-0.9915998987207852f,0.07125434683722669f,0.10794655582151984f,-0.7501587730758209f,0.08151582154484854f,0.9922448763061099f,0.09383643366060425f,2.9905235532467747f,-0.10042316313877345f,0.10184755029490289f,-0.9897182754724348f,0.4385796221798066f,0f,0f,0f,1f], start_interpolation: 0, interpolation_duration: 1 }
$data merge entity $(bone_torn_part) { transformation: [-0.9953099930524355f,0.08440144943503129f,0.047269578623323455f,-0.8977957777266906f,0.09513454462564633f,0.9425770899741227f,0.32015285079909167f,2.7173306422391534f,-0.017533857214874566f,0.32314830154153745f,-0.9461858903312753f,0.40931284308353705f,0f,0f,0f,1f], start_interpolation: 0, interpolation_duration: 1 }
$data merge entity $(bone_lowerbody) { transformation: [-0.9953099930524355f,0.09470932942606528f,0.019701793056109054f,-0.849612890625f,0.09513454462564633f,0.9952235670583706f,0.02189680320238205f,2.2190119140625f,-0.017533857214874566f,0.023668428153935085f,-0.999566090541236f,0.5400322656249998f,0f,0f,0f,1f], start_interpolation: 0, interpolation_duration: 1 }
$data merge entity $(bone_leftfoot) { transformation: [-0.9383336510221691f,0.1931552835569089f,-0.2867420370183902f,-0.7725886854890698f,0.07086488109016048f,0.91922244911172f,0.38730899508935845f,0.27180332482374914f,0.33839049630195456f,0.3431051230790666f,-0.876225282977737f,0.2821486075239812f,0f,0f,0f,1f], start_interpolation: 0, interpolation_duration: 1 }
$data merge entity $(bone_leftlowerleg) { transformation: [-0.9383336510221691f,0.1931552835569089f,-0.2867420370183902f,-0.5142503833016603f,0.07086488109016048f,0.91922244911172f,0.38730899508935845f,1.2320573966884372f,0.33839049630195456f,0.3431051230790666f,-0.876225282977737f,0.797409034683737f,0f,0f,0f,1f], start_interpolation: 0, interpolation_duration: 1 }
$data merge entity $(bone_leftleg) { transformation: [-0.9696867380745562f,-0.07374949538608373f,-0.232956309063792f,-0.6172597991684635f,0.030664324738534633f,0.9091012594705871f,-0.4154450616114264f,2.1870903915549063f,0.24241973762599578f,-0.4099950145541897f,-0.8792819563996825f,0.3861624112971773f,0f,0f,0f,1f], start_interpolation: 0, interpolation_duration: 1 }
$data merge entity $(bone_rightfoot) { transformation: [-0.9537929170819495f,0.2559615444097476f,0.15736187310680605f,-1.5731142746468694f,0.2750529301664616f,0.9545978622049032f,0.1144063244784671f,0.2165659630192731f,-0.12093368815656516f,0.1524027862514511f,-0.9808916524324413f,0.34614997252936475f,0f,0f,0f,1f], start_interpolation: 0, interpolation_duration: 1 }
$data merge entity $(bone_rightlowerleg) { transformation: [-0.9537929170819495f,0.2559615444097476f,0.15736187310680605f,-1.3133348996619716f,0.2750529301664616f,0.9545978622049032f,0.1144063244784671f,1.2579949351743906f,-0.12093368815656516f,0.1524027862514511f,-0.9808916524324413f,0.6659315245223335f,0f,0f,0f,1f], start_interpolation: 0, interpolation_duration: 1 }
$data merge entity $(bone_rightleg) { transformation: [-0.981542532574419f,0.17400823828155168f,-0.07934349221925077f,-1.1032030630321936f,0.1897727954753032f,0.9375732925357183f,-0.29144915031823493f,2.2438519459119863f,0.023675786045753905f,-0.30112697344124306f,-0.9532900938440684f,0.36646788674525327f,0f,0f,0f,1f], start_interpolation: 0, interpolation_duration: 1 }
data modify entity @s data merge value {"locators":{"lefthand":{"posx":-0.5515628902397486,"posy":3.0440359095238625,"posz":1.5246382950945032,"roty":156.32407232826316,"rotx":-36.469343229441556},"righthand":{"posx":-1.9358698669253531,"posy":2.576810791220785,"posz":1.029470196664878,"roty":283.2176026408101,"rotx":-17.95984111049391},"chest":{"posx":-1.2212119754323087,"posy":2.63949138742948,"posz":0.7749164423699457,"roty":6.224529784725405,"rotx":5.3843532028935375},"sack":{"posx":0,"posy":-0.4375,"posz":0,"roty":0,"rotx":0}},"cameras":{}}