# This file was generated by Animated Java via MC-Build. It is not recommended to edit this file directly.
$data merge entity $(bone_nose) { transformation: [-0.9965669601916146f,-0.04424519334178778f,0.06997611535797248f,-0.7266224593511702f,-0.04349494650461186f,0.9989790341055044f,0.012209793044694744f,4.077240736823804f,-0.07044489678468849f,0.009124268945024577f,-0.9974739416311653f,0.7181238519850437f,0f,0f,0f,1f], start_interpolation: 0, interpolation_duration: 1 }
$data merge entity $(bone_glowing_eye) { transformation: [-0.9965669601916146f,-0.04424519334178778f,0.06997611535797248f,-0.8566309487370456f,-0.04349494650461186f,0.9989790341055044f,0.012209793044694744f,4.139016797464907f,-0.07044489678468849f,0.009124268945024577f,-0.9974739416311653f,0.744743503643654f,0f,0f,0f,1f], start_interpolation: 0, interpolation_duration: 1 }
$data merge entity $(bone_head) { transformation: [-0.9965669601916146f,-0.04424519334178778f,0.06997611535797248f,-0.7080558236621983f,-0.04349494650461186f,0.9989790341055044f,0.012209793044694744f,3.9561762722985225f,-0.07044489678468849f,0.009124268945024577f,-0.9974739416311653f,0.5302152328289087f,0f,0f,0f,1f], start_interpolation: 0, interpolation_duration: 1 }
$data merge entity $(bone_leftthumb2) { transformation: [-0.47546982171790964f,0.8448043577741623f,0.24542625312163374f,-0.5081887427099022f,-0.11739375148386683f,0.21555449759575118f,-0.9694095964445509f,2.6675432383417936f,-0.8718641842328904f,-0.48973651655969913f,-0.0033149057133174398f,1.0002789520776558f,0f,0f,0f,1f], start_interpolation: 0, interpolation_duration: 1 }
$data merge entity $(bone_leftthumb) { transformation: [-0.47546982171790964f,0.8448043577741623f,0.24542625312163374f,-0.2800332959723302f,-0.11739375148386683f,0.21555449759575118f,-0.9694095964445509f,2.6375630416302593f,-0.8718641842328904f,-0.48973651655969913f,-0.0033149057133174398f,0.879891460860268f,0f,0f,0f,1f], start_interpolation: 0, interpolation_duration: 1 }
$data merge entity $(bone_leftpointerfinger) { transformation: [-0.47546982171790964f,0.8448043577741623f,0.24542625312163374f,-0.4937258585015042f,-0.11739375148386683f,0.21555449759575118f,-0.9694095964445509f,2.534233088841863f,-0.8718641842328904f,-0.48973651655969913f,-0.0033149057133174398f,1.13579101430158f,0f,0f,0f,1f], start_interpolation: 0, interpolation_duration: 1 }
$data merge entity $(bone_leftmidfinger) { transformation: [-0.47546982171790964f,0.8448043577741623f,0.24542625312163374f,-0.45537800645124893f,-0.11739375148386683f,0.21555449759575118f,-0.9694095964445509f,2.3827628393974023f,-0.8718641842328904f,-0.48973651655969913f,-0.0033149057133174398f,1.135273060283874f,0f,0f,0f,1f], start_interpolation: 0, interpolation_duration: 1 }
$data merge entity $(bone_leftringfinger) { transformation: [-0.47546982171790964f,0.8448043577741623f,0.24542625312163374f,-0.41703015440099367f,-0.11739375148386683f,0.21555449759575118f,-0.9694095964445509f,2.231292589952941f,-0.8718641842328904f,-0.48973651655969913f,-0.0033149057133174398f,1.1347551062661683f,0f,0f,0f,1f], start_interpolation: 0, interpolation_duration: 1 }
$data merge entity $(bone_invisibility) { transformation: [0.8629799295200131f,-0.17086278085402862f,0.47546982171790964f,-0.4981455438521144f,0.13024463424988483f,0.9845075125978761f,0.11739375148386659f,2.5660920835020655f,-0.4881618343282753f,-0.03938105835513049f,0.8718641842328901f,0.9188551390627371f,0f,0f,0f,1f], start_interpolation: 0, interpolation_duration: 1 }
$data merge entity $(bone_swiftness) { transformation: [0.24542625312163363f,0.8448043577741623f,0.4754698217179097f,-0.5912928416662286f,-0.9694095964445509f,0.21555449759575118f,0.1173937514838666f,2.3490238342793472f,-0.003314905713317633f,-0.48973651655969913f,0.8718641842328904f,0.9391427715969657f,0f,0f,0f,1f], start_interpolation: 0, interpolation_duration: 1 }
$data merge entity $(bone_suspicious_stew) { transformation: [0.8693743844530172f,0.1345980248461198f,0.47546982171790986f,-0.49172832566247193f,-0.21433147886234702f,0.969680733170059f,0.11739375148386688f,2.3742236670939114f,-0.44525295824465516f,-0.20396727047813332f,0.8718641842328906f,0.941189993455226f,0f,0f,0f,1f], start_interpolation: 0, interpolation_duration: 1 }
$data merge entity $(bone_log) { transformation: [-0.47546982171790964f,0.8448043577741623f,0.24542625312163374f,-0.41919872111167905f,-0.11739375148386683f,0.21555449759575118f,-0.9694095964445509f,2.3447212402584294f,-0.8718641842328904f,-0.48973651655969913f,-0.0033149057133174398f,0.7980802754081184f,0f,0f,0f,1f], start_interpolation: 0, interpolation_duration: 1 }
$data merge entity $(bone_planks) { transformation: [-0.47546982171790964f,0.8448043577741623f,0.24542625312163374f,-0.4637740168977331f,-0.11739375148386683f,0.21555449759575118f,-0.9694095964445509f,2.333715576056817f,-0.8718641842328904f,-0.48973651655969913f,-0.0033149057133174398f,0.7163430081362849f,0f,0f,0f,1f], start_interpolation: 0, interpolation_duration: 1 }
$data merge entity $(bone_lefthand1) { transformation: [-0.47546982171790964f,0.8448043577741623f,0.24542625312163374f,-0.0967997466487121f,-0.11739375148386683f,0.21555449759575118f,-0.9694095964445509f,2.4582523524172264f,-0.8718641842328904f,-0.48973651655969913f,-0.0033149057133174398f,0.8937157831299574f,0f,0f,0f,1f], start_interpolation: 0, interpolation_duration: 1 }
$data merge entity $(bone_leftforearm) { transformation: [-0.7530726460360831f,0.54997665588345f,0.36111946468650696f,0.2402914944995017f,0.13036721507512963f,0.6627161796616592f,-0.7374358646338066f,2.952381610737533f,-0.6448922227983271f,-0.5082646389410863f,-0.5707723519725882f,0.4867322771434418f,0f,0f,0f,1f], start_interpolation: 0, interpolation_duration: 1 }
$data merge entity $(bone_leftelbow) { transformation: [-0.7530726460360831f,0.54997665588345f,0.36111946468650696f,0.3434121174776486f,0.13036721507512963f,0.6627161796616592f,-0.7374358646338066f,3.076640894424094f,-0.6448922227983271f,-0.5082646389410863f,-0.5707723519725882f,0.3914326573419881f,0f,0f,0f,1f], start_interpolation: 0, interpolation_duration: 1 }
$data merge entity $(bone_leftarm) { transformation: [-0.7411927890720064f,-0.4069346740940606f,0.5338889589115146f,-0.05125098792810867f,0.024972562456777384f,0.7780501763899661f,0.6277055791881134f,3.3327578508078473f,-0.6708275639476979f,0.47858342432589857f,-0.5665229787118033f,0.4986436650940228f,0f,0f,0f,1f], start_interpolation: 0, interpolation_duration: 1 }
$data merge entity $(bone_rightthumb2) { transformation: [0.0760045804596921f,-0.9370924315719209f,-0.3407067337752079f,-1.0128925241474798f,0.10036984380455902f,0.3471497623807551f,-0.9324231533663421f,2.711569343315905f,0.9920429417136107f,0.03667174893033312f,0.12044079303373925f,0.8604308319399161f,0f,0f,0f,1f], start_interpolation: 0, interpolation_duration: 1 }
$data merge entity $(bone_rightthumb) { transformation: [0.0760045804596921f,-0.9370924315719209f,-0.3407067337752079f,-1.2718233604988514f,0.10036984380455902f,0.3471497623807551f,-0.9324231533663421f,2.7170226672877633f,0.9920429417136107f,0.03667174893033312f,0.12044079303373925f,0.8797168723976441f,0f,0f,0f,1f], start_interpolation: 0, interpolation_duration: 1 }
$data merge entity $(bone_rightpointerfinger) { transformation: [0.0760045804596921f,-0.9370924315719209f,-0.3407067337752079f,-0.9719975335472489f,0.10036984380455902f,0.3471497623807551f,-0.9324231533663421f,2.570384767858654f,0.9920429417136107f,0.03667174893033312f,0.12044079303373925f,0.9818343137032612f,0f,0f,0f,1f], start_interpolation: 0, interpolation_duration: 1 }
$data merge entity $(bone_rightmidfinger) { transformation: [0.0760045804596921f,-0.9370924315719209f,-0.3407067337752079f,-1.025232960699625f,0.10036984380455902f,0.3471497623807551f,-0.9324231533663421f,2.4246936501451635f,0.9920429417136107f,0.03667174893033312f,0.12044079303373925f,1.000653187614783f,0f,0f,0f,1f], start_interpolation: 0, interpolation_duration: 1 }
$data merge entity $(bone_rightringfinger) { transformation: [0.0760045804596921f,-0.9370924315719209f,-0.3407067337752079f,-1.0784683878520014f,0.10036984380455902f,0.3471497623807551f,-0.9324231533663421f,2.2790025324316723f,0.9920429417136107f,0.03667174893033312f,0.12044079303373925f,1.0194720615263047f,0f,0f,0f,1f], start_interpolation: 0, interpolation_duration: 1 }
$data merge entity $(bone_hugeasssword) { transformation: [0.29768460680046077f,-3.6702786903233573f,-1.334434707286231f,-1.2304450348320397f,0.39311522156785617f,1.3596699026579577f,-3.6519906840181733f,2.4831168176395173f,3.8855015217116424f,0.14363101664380473f,0.4717264393821454f,0.7427088428324269f,0f,0f,0f,1f], start_interpolation: 0, interpolation_duration: 1 }
$data merge entity $(bone_ice) { transformation: [0.0760045804596921f,-0.9370924315719209f,-0.3407067337752079f,-1.216990537158411f,0.10036984380455902f,0.3471497623807551f,-0.9324231533663421f,2.4761243237928716f,0.9920429417136107f,0.03667174893033312f,0.12044079303373925f,0.7266351757911153f,0f,0f,0f,1f], start_interpolation: 0, interpolation_duration: 1 }
$data merge entity $(bone_righthand1) { transformation: [0.0760045804596921f,-0.9370924315719209f,-0.3407067337752079f,-1.4429095853669436f,0.10036984380455902f,0.3471497623807551f,-0.9324231533663421f,2.558866001796502f,0.9920429417136107f,0.03667174893033312f,0.12044079303373925f,0.9875776232344056f,0f,0f,0f,1f], start_interpolation: 0, interpolation_duration: 1 }
$data merge entity $(bone_rightforearm) { transformation: [-0.4107605721994647f,-0.46300251076607635f,-0.7854326370546854f,-1.7523450112442684f,0.07601572661687452f,0.8410719503081523f,-0.5355553974256528f,3.1471586530578834f,0.908568853545661f,-0.2796902741053927f,-0.3102837232881759f,0.739484550035109f,0f,0f,0f,1f], start_interpolation: 0, interpolation_duration: 1 }
$data merge entity $(bone_rightelbow) { transformation: [-0.4107605721994647f,-0.46300251076607635f,-0.7854326370546854f,-1.8391579820129078f,0.07601572661687452f,0.8410719503081523f,-0.5355553974256528f,3.304859643740662f,0.908568853545661f,-0.2796902741053927f,-0.3102837232881759f,0.687042623640348f,0f,0f,0f,1f], start_interpolation: 0, interpolation_duration: 1 }
$data merge entity $(bone_rightarm) { transformation: [-0.3802034462554295f,0.6586950236324843f,-0.6492812990509547f,-1.456052208448336f,0.17017299453651483f,0.739834400697574f,0.650911830799638f,3.5164360936549652f,0.9091130245387368f,0.13698877832239403f,-0.39337969346137835f,0.5621948412309886f,0f,0f,0f,1f], start_interpolation: 0, interpolation_duration: 1 }
$data merge entity $(bone_chest1) { transformation: [-1.0653139613070273f,0.1616829531414601f,-0.11214230967345268f,-0.7891242584586631f,0.1418501809799728f,1.0589467363482412f,0.17922457098419445f,3.3164849314595335f,0.13636642222845438f,0.16155972069787686f,-1.06250353724011f,0.37997013231741317f,0f,0f,0f,1f], start_interpolation: 0, interpolation_duration: 1 }
$data merge entity $(bone_chest1lid) { transformation: [-0.9833667335141791f,0.14924580289980935f,-0.10351597816011017f,-1.1863662320984871f,0.13093862859689798f,0.9774892950906842f,0.1654380655238718f,2.628387330037229f,0.1258766974416502f,0.14913204987496326f,-0.9807724959139478f,0.7048188935989599f,0f,0f,0f,1f], start_interpolation: 0, interpolation_duration: 1 }
$data merge entity $(bone_chest2) { transformation: [-0.9833667335141791f,0.14924580289980935f,-0.10351597816011017f,-1.2096858888015822f,0.13093862859689798f,0.9774892950906842f,0.1654380655238718f,2.47565462767931f,0.1258766974416502f,0.14913204987496326f,-0.9807724959139478f,0.6815170108059969f,0f,0f,0f,1f], start_interpolation: 0, interpolation_duration: 1 }
$data merge entity $(bone_chest1lid3) { transformation: [-0.9833667335141791f,0.14924580289980935f,-0.10351597816011017f,-1.1912207347626715f,0.13093862859689798f,0.9774892950906842f,0.1654380655238718f,2.726187426476153f,0.1258766974416502f,0.14913204987496326f,-0.9807724959139478f,0.06864421981398404f,0f,0f,0f,1f], start_interpolation: 0, interpolation_duration: 1 }
$data merge entity $(bone_chest3) { transformation: [-0.9833667335141791f,0.14924580289980935f,-0.10351597816011017f,-1.2145403914657666f,0.13093862859689798f,0.9774892950906842f,0.1654380655238718f,2.5734547241182337f,0.1258766974416502f,0.14913204987496326f,-0.9807724959139478f,0.04534233702102103f,0f,0f,0f,1f], start_interpolation: 0, interpolation_duration: 1 }
$data merge entity $(bone_hugeasssword2) { transformation: [0.4054375811270974f,3.2345517866594244f,-2.1710764346300446f,-1.8549376407056017f,-0.6479657566351643f,2.2083894403700635f,3.169137774800583f,4.655819164454831f,3.841358942329629f,0.031122288767022374f,0.7637215835000828f,0.448258093771365f,0f,0f,0f,1f], start_interpolation: 0, interpolation_duration: 1 }
$data merge entity $(bone_belt) { transformation: [-0.9833667335141791f,0.14924580289980935f,-0.10351597816011017f,-0.8035268315305981f,0.13093862859689798f,0.9774892950906842f,0.1654380655238718f,2.90127156357315f,0.1258766974416502f,0.14913204987496326f,-0.9807724959139478f,0.4449202612639104f,0f,0f,0f,1f], start_interpolation: 0, interpolation_duration: 1 }
$data merge entity $(bone_torn_part) { transformation: [-0.9779279239491616f,0.177366941450108f,-0.1104443010803034f,-0.9671628655831139f,0.13119214425114398f,0.9326371225661654f,0.33611994718893196f,2.6346469779985164f,0.16262102215663807f,0.3142116574733301f,-0.9353210344371566f,0.4328855349241022f,0f,0f,0f,1f], start_interpolation: 0, interpolation_duration: 1 }
$data merge entity $(bone_lowerbody) { transformation: [-0.9779279239491616f,0.13594661670629302f,-0.1586678699882084f,-0.9157296064814814f,0.13119214425114398f,0.9905450501371855f,0.04011389953005975f,2.1325296527777784f,0.16262102215663807f,0.018412524401421788f,-0.9865167926081629f,0.5467430092592592f,0f,0f,0f,1f], start_interpolation: 0, interpolation_duration: 1 }
$data merge entity $(bone_leftfoot) { transformation: [-0.7487097616805448f,0.1300587877481713f,-0.6500141571487025f,-0.3662236171001251f,-0.20282486489574791f,0.8885936969306208f,0.4114162320025717f,0.4718041525712524f,0.6311067793521817f,0.43987038261816197f,-0.6389196190062318f,0.3146250111019542f,0f,0f,0f,1f], start_interpolation: 0, interpolation_duration: 1 }
$data merge entity $(bone_leftlowerleg) { transformation: [-0.7487097616805448f,0.1300587877481713f,-0.6500141571487025f,-0.1220678180080369f,-0.20282486489574791f,0.8885936969306208f,0.4114162320025717f,1.3943754810024798f,0.6311067793521817f,0.43987038261816197f,-0.6389196190062318f,0.9007734210059519f,0f,0f,0f,1f], start_interpolation: 0, interpolation_duration: 1 }
$data merge entity $(bone_leftleg) { transformation: [-0.8137554713384613f,-0.5351922708175636f,-0.22665230226904526f,-0.7014722878300237f,-0.23379576271315203f,0.6584500891451237f,-0.7153901183565191f,2.070571420756877f,0.5321104905976712f,-0.5291622750744036f,-0.6609430477991178f,0.3663703357299695f,0f,0f,0f,1f], start_interpolation: 0, interpolation_duration: 1 }
$data merge entity $(bone_rightfoot) { transformation: [-0.9197592198145751f,0.24241757199787223f,0.30866923778170763f,-1.6837627398862176f,0.32173728780565186f,0.9161111372227257f,0.23921852330442023f,0.24971516421439877f,-0.22478455285349813f,0.31933384575259266f,-0.9205964369664441f,0.3083384439277403f,0f,0f,0f,1f], start_interpolation: 0, interpolation_duration: 1 }
$data merge entity $(bone_rightlowerleg) { transformation: [-0.9197592198145751f,0.24241757199787223f,0.30866923778170763f,-1.4622564239083222f,0.32173728780565186f,0.9161111372227257f,0.23921852330442023f,1.2292710775461755f,-0.22478455285349813f,0.31933384575259266f,-0.9205964369664441f,0.8040450439900052f,0f,0f,0f,1f], start_interpolation: 0, interpolation_duration: 1 }
$data merge entity $(bone_rightleg) { transformation: [-0.9688188464174405f,0.2472525733895375f,-0.016006491765250513f,-1.1782579443974128f,0.23422900258656135f,0.8928933821456551f,-0.3845493238425965f,2.1624759099926014f,-0.08078871934672746f,-0.3763078169168757f,-0.9229656601161121f,0.4251346242051245f,0f,0f,0f,1f], start_interpolation: 0, interpolation_duration: 1 }
data modify entity @s data merge value {"locators":{"lefthand":{"posx":-0.444458550981757,"posy":2.3540337342798203,"posz":0.9181300034379489,"roty":89.22616852945691,"rotx":-75.79165156731743},"righthand":{"posx":-1.1898994957817661,"posy":2.494678893383699,"posz":0.8171843181085776,"roty":250.5313546688748,"rotx":-68.8157469290954},"chest":{"posx":-1.210249933614526,"posy":2.5455363834996096,"posz":0.8526774897633806,"roty":353.97500317970895,"rotx":9.522683523334486},"sack":{"posx":0,"posy":-0.4375,"posz":0,"roty":0,"rotx":0}},"cameras":{}}