# This file was generated by Animated Java via MC-Build. It is not recommended to edit this file directly.
$data merge entity $(bone_nose) { transformation: [-0.985525505118912f,-0.06528067989159293f,-0.15645418368648556f,1.4381124531161613f,-0.0847919007950094f,0.988967098240116f,0.12146774122413763f,4.1107383914979f,0.14679854331594186f,0.13297560464768016f,-0.9801875719722738f,0.3682861513088837f,0f,0f,0f,1f], start_interpolation: 0, interpolation_duration: 1 }
$data merge entity $(bone_glowing_eye) { transformation: [-0.985525505118912f,-0.06528067989159293f,-0.15645418368648556f,1.315961299065717f,-0.0847919007950094f,0.988967098240116f,0.12146774122413763f,4.162861819059699f,0.14679854331594186f,0.13297560464768016f,-0.9801875719722738f,0.42984375602601715f,0f,0f,0f,1f], start_interpolation: 0, interpolation_duration: 1 }
$data merge entity $(bone_head) { transformation: [-0.985525505118912f,-0.06528067989159293f,-0.15645418368648556f,1.4168762793008376f,-0.0847919007950094f,0.988967098240116f,0.12146774122413763f,4.011369266612319f,0.14679854331594186f,0.13297560464768016f,-0.9801875719722738f,0.1683217154060846f,0f,0f,0f,1f], start_interpolation: 0, interpolation_duration: 1 }
$data merge entity $(bone_leftthumb2) { transformation: [-0.12768951949846458f,0.9617372490680852f,0.2423981236833383f,1.8866411129775031f,-0.20532167307753463f,0.21347223996634052f,-0.9551296316879688f,2.91826251501951f,-0.9703290149093209f,-0.1717296320345003f,0.17020733329208187f,0.7855824023515852f,0f,0f,0f,1f], start_interpolation: 0, interpolation_duration: 1 }
$data merge entity $(bone_leftthumb) { transformation: [-0.12768951949846458f,0.9617372490680852f,0.2423981236833383f,2.143214697936752f,-0.20532167307753463f,0.21347223996634052f,-0.9551296316879688f,2.888991990329481f,-0.9703290149093209f,-0.1717296320345003f,0.17020733329208187f,0.7580124912521723f,0f,0f,0f,1f], start_interpolation: 0, interpolation_duration: 1 }
$data merge entity $(bone_leftpointerfinger) { transformation: [-0.12768951949846458f,0.9617372490680852f,0.2423981236833383f,1.8529731163290875f,-0.20532167307753463f,0.21347223996634052f,-0.9551296316879688f,2.7966317680980075f,-0.9703290149093209f,-0.1717296320345003f,0.17020733329208187f,0.928469481517266f,0f,0f,0f,1f], start_interpolation: 0, interpolation_duration: 1 }
$data merge entity $(bone_leftmidfinger) { transformation: [-0.12768951949846458f,0.9617372490680852f,0.2423981236833383f,1.890847823154609f,-0.20532167307753463f,0.21347223996634052f,-0.9551296316879688f,2.6473927631467626f,-0.9703290149093209f,-0.1717296320345003f,0.17020733329208187f,0.9550643773441538f,0f,0f,0f,1f], start_interpolation: 0, interpolation_duration: 1 }
$data merge entity $(bone_leftringfinger) { transformation: [-0.12768951949846458f,0.9617372490680852f,0.2423981236833383f,1.9287225299801307f,-0.20532167307753463f,0.21347223996634052f,-0.9551296316879688f,2.4981537581955173f,-0.9703290149093209f,-0.1717296320345003f,0.17020733329208187f,0.9816592731710416f,0f,0f,0f,1f], start_interpolation: 0, interpolation_duration: 1 }
$data merge entity $(bone_invisibility) { transformation: [0.9792039369892269f,-0.15765480137011015f,0.12768951949846466f,1.9266464016748428f,0.1294148811741751f,0.9701004067081488f,0.20532167307753435f,2.811330281632537f,-0.1562416023838462f,-0.18452686663365545f,0.9703290149093207f,0.7224308835526173f,0f,0f,0f,1f], start_interpolation: 0, interpolation_duration: 1 }
$data merge entity $(bone_swiftness) { transformation: [0.24239812368333827f,0.9617372490680852f,0.12768951949846463f,1.8352101278203434f,-0.9551296316879688f,0.21347223996634052f,0.2053216730775344f,2.5926419376914445f,0.17020733329208165f,-0.1717296320345003f,0.9703290149093209f,0.7270620812852456f,0f,0f,0f,1f], start_interpolation: 0, interpolation_duration: 1 }
$data merge entity $(bone_suspicious_stew) { transformation: [0.9740718315938715f,0.1867604173951537f,0.12768951949846472f,1.9270146163154023f,-0.21018367128335316f,0.9558586898127219f,0.2053216730775347f,2.6222369644426204f,-0.08370717544638663f,-0.2268363101531466f,0.9703290149093211f,0.7623945850464999f,0f,0f,0f,1f], start_interpolation: 0, interpolation_duration: 1 }
$data merge entity $(bone_log) { transformation: [-0.12768951949846458f,0.9617372490680852f,0.2423981236833383f,2.0466232920435883f,-0.20532167307753463f,0.21347223996634052f,-0.9551296316879688f,2.5849003861020208f,-0.9703290149093209f,-0.1717296320345003f,0.17020733329208187f,0.6579385046425048f,0f,0f,0f,1f], start_interpolation: 0, interpolation_duration: 1 }
$data merge entity $(bone_planks) { transformation: [-0.12768951949846458f,0.9617372490680852f,0.2423981236833383f,2.034652399590607f,-0.20532167307753463f,0.21347223996634052f,-0.9551296316879688f,2.565651479251002f,-0.9703290149093209f,-0.1717296320345003f,0.17020733329208187f,0.566970159494756f,0f,0f,0f,1f], start_interpolation: 0, interpolation_duration: 1 }
$data merge entity $(bone_lefthand1) { transformation: [-0.12768951949846458f,0.9617372490680852f,0.2423981236833383f,2.3114050428201214f,-0.20532167307753463f,0.21347223996634052f,-0.9551296316879688f,2.7194466653532388f,-0.9703290149093209f,-0.1717296320345003f,0.17020733329208187f,0.8522693711958325f,0f,0f,0f,1f], start_interpolation: 0, interpolation_duration: 1 }
$data merge entity $(bone_leftforearm) { transformation: [-0.6816847130067009f,0.3708048468081669f,0.630721584882382f,2.531010881947503f,-0.18904513466860037f,0.7435176734455233f,-0.6414385444703856f,3.2517940901533917f,-0.7068011666028167f,-0.5564936970512138f,-0.43674577963750183f,0.40332074631606485f,0f,0f,0f,1f], start_interpolation: 0, interpolation_duration: 1 }
$data merge entity $(bone_leftelbow) { transformation: [-0.6816847130067009f,0.3708048468081669f,0.630721584882382f,2.600536790724034f,-0.18904513466860037f,0.7435176734455233f,-0.6414385444703856f,3.3912036539244275f,-0.7068011666028167f,-0.5564936970512138f,-0.43674577963750183f,0.29897817811896227f,0f,0f,0f,1f], start_interpolation: 0, interpolation_duration: 1 }
$data merge entity $(bone_leftarm) { transformation: [-0.6452731597448947f,-0.5200544187758471f,0.5596123219020067f,2.1899549807116303f,-0.29776299034301f,0.8458011421871994f,0.44267101718637225f,3.641428787200422f,-0.7035337595985198f,0.11901188758500039f,-0.7006257344107674f,0.2477861231205484f,0f,0f,0f,1f], start_interpolation: 0, interpolation_duration: 1 }
$data merge entity $(bone_rightthumb2) { transformation: [-0.3308806369884292f,-0.8566733635252166f,-0.3957635055086859f,1.3560795478953918f,0.1402043710626107f,0.3701040575761958f,-0.9183494546742945f,2.6705062773177786f,0.9331991954567196f,-0.3593518259199867f,-0.002350916183669838f,0.4469765523881361f,0f,0f,0f,1f], start_interpolation: 0, interpolation_duration: 1 }
$data merge entity $(bone_rightthumb) { transformation: [-0.3308806369884292f,-0.8566733635252166f,-0.3957635055086859f,1.1121658707690503f,0.1402043710626107f,0.3701040575761958f,-0.9183494546742945f,2.68279167313508f,0.9331991954567196f,-0.3593518259199867f,-0.002350916183669838f,0.3586473088001878f,0f,0f,0f,1f], start_interpolation: 0, interpolation_duration: 1 }
$data merge entity $(bone_rightpointerfinger) { transformation: [-0.3308806369884292f,-0.8566733635252166f,-0.3957635055086859f,1.338520334184433f,0.1402043710626107f,0.3701040575761958f,-0.9183494546742945f,2.5336385016400063f,0.9331991954567196f,-0.3593518259199867f,-0.002350916183669838f,0.5785180894871527f,0f,0f,0f,1f], start_interpolation: 0, interpolation_duration: 1 }
$data merge entity $(bone_rightmidfinger) { transformation: [-0.3308806369884292f,-0.8566733635252166f,-0.3957635055086859f,1.2766822864487009f,0.1402043710626107f,0.3701040575761958f,-0.9183494546742945f,2.390146399347148f,0.9331991954567196f,-0.3593518259199867f,-0.002350916183669838f,0.5781507588334542f,0f,0f,0f,1f], start_interpolation: 0, interpolation_duration: 1 }
$data merge entity $(bone_rightringfinger) { transformation: [-0.3308806369884292f,-0.8566733635252166f,-0.3957635055086859f,1.2148442387129685f,0.1402043710626107f,0.3701040575761958f,-0.9183494546742945f,2.246654297054289f,0.9331991954567196f,-0.3593518259199867f,-0.002350916183669838f,0.5777834281797558f,0f,0f,0f,1f], start_interpolation: 0, interpolation_duration: 1 }
$data merge entity $(bone_hugeasssword) { transformation: [-1.2959491615380143f,-3.355304007140432f,-1.55007372990902f,1.196744483456266f,0.5491337866618919f,1.449574225506767f,-3.5968686974743203f,2.4424312102080927f,3.6550301822054854f,-1.4074613181866147f,-0.009207755052706865f,0.2573131159656356f,0f,0f,0f,1f], start_interpolation: 0, interpolation_duration: 1 }
$data merge entity $(bone_ice) { transformation: [-0.3308806369884292f,-0.8566733635252166f,-0.3957635055086859f,1.2153000147142916f,0.1402043710626107f,0.3701040575761958f,-0.9183494546742945f,2.4344576410106114f,0.9331991954567196f,-0.3593518259199867f,-0.002350916183669838f,0.24834675081662416f,0f,0f,0f,1f], start_interpolation: 0, interpolation_duration: 1 }
$data merge entity $(bone_righthand1) { transformation: [-0.3308806369884292f,-0.8566733635252166f,-0.3957635055086859f,0.9060439050387337f,0.1402043710626107f,0.3701040575761958f,-0.9183494546742945f,2.533336327711741f,0.9331991954567196f,-0.3593518259199867f,-0.002350916183669838f,0.3917351270700677f,0f,0f,0f,1f], start_interpolation: 0, interpolation_duration: 1 }
$data merge entity $(bone_rightforearm) { transformation: [-0.571043675820031f,-0.6124203784412386f,-0.5466721141377505f,0.5102244842297311f,-0.10819372629840551f,0.7162636002147884f,-0.6893914509166877f,3.050052172478072f,0.8137587098738869f,-0.3345261351183795f,-0.47527784192737926f,0.10236509978733078f,0f,0f,0f,1f], start_interpolation: 0, interpolation_duration: 1 }
$data merge entity $(bone_rightelbow) { transformation: [-0.571043675820031f,-0.6124203784412386f,-0.5466721141377505f,0.3953956632719988f,-0.10819372629840551f,0.7162636002147884f,-0.6893914509166877f,3.1843515975183445f,0.8137587098738869f,-0.3345261351183795f,-0.47527784192737926f,0.03964144945263463f,0f,0f,0f,1f], start_interpolation: 0, interpolation_duration: 1 }
$data merge entity $(bone_rightarm) { transformation: [-0.5583115199837703f,0.5465822797400809f,-0.6241282385275867f,0.7784602473044571f,-0.017768427909136367f,0.7442453679555535f,0.6676699148878438f,3.419698359705565f,0.8294410947276786f,0.38385758264080033f,-0.4058088547901725f,0.03276790205985458f,0f,0f,0f,1f], start_interpolation: 0, interpolation_duration: 1 }
$data merge entity $(bone_chest1) { transformation: [-1.0552151469767062f,-0.20159543215034945f,0.13961155553231636f,1.5321676191395377f,-0.18009763463683087f,1.0557170515134278f,0.16320986567338402f,3.3808025241529935f,-0.1664239967680676f,0.13576413366946125f,-1.0618296776883915f,0.003190961210850121f,0f,0f,0f,1f], start_interpolation: 0, interpolation_duration: 1 }
$data merge entity $(bone_chest1lid) { transformation: [-0.9740447510554212f,-0.18608809121570719f,0.12887220510675357f,1.2763541625556036f,-0.16624397043399775f,0.9745080475508565f,0.15065526062158527f,2.5990611263821175f,-0.15362215086283165f,0.12532073877181038f,-0.9801504717123616f,0.24864171971927942f,0f,0f,0f,1f], start_interpolation: 0, interpolation_duration: 1 }
$data merge entity $(bone_chest2) { transformation: [-0.9740447510554212f,-0.18608809121570719f,0.12887220510675357f,1.3054304268080579f,-0.16624397043399775f,0.9745080475508565f,0.15065526062158527f,2.4467942439522963f,-0.15362215086283165f,0.12532073877181038f,-0.9801504717123616f,0.22906035428618404f,0f,0f,0f,1f], start_interpolation: 0, interpolation_duration: 1 }
$data merge entity $(bone_chest1lid3) { transformation: [-0.9740447510554212f,-0.18608809121570719f,0.12887220510675357f,1.4197907158930814f,-0.16624397043399775f,0.9745080475508565f,0.15065526062158527f,2.705964900869945f,-0.15362215086283165f,0.12532073877181038f,-0.9801504717123616f,-0.3696657917925253f,0f,0f,0f,1f], start_interpolation: 0, interpolation_duration: 1 }
$data merge entity $(bone_chest3) { transformation: [-0.9740447510554212f,-0.18608809121570719f,0.12887220510675357f,1.4488669801455356f,-0.16624397043399775f,0.9745080475508565f,0.15065526062158527f,2.553698018440124f,-0.15362215086283165f,0.12532073877181038f,-0.9801504717123616f,-0.38924715722562064f,0f,0f,0f,1f], start_interpolation: 0, interpolation_duration: 1 }
$data merge entity $(bone_hugeasssword2) { transformation: [-0.5047494700014524f,2.320318825600132f,-3.1147433759262824f,0.150318022569216f,-0.5900664374345422f,3.058666023305474f,2.3741654397003944f,4.346616817669145f,3.8389226808734165f,0.7752164105719657f,-0.044608797712523615f,-0.300341643343642f,0f,0f,0f,1f], start_interpolation: 0, interpolation_duration: 1 }
$data merge entity $(bone_belt) { transformation: [-0.9740447510554212f,-0.18608809121570719f,0.12887220510675357f,1.6206198305048698f,-0.16624397043399775f,0.9745080475508565f,0.15065526062158527f,2.9782301698865816f,-0.15362215086283165f,0.12532073877181038f,-0.9801504717123616f,0.08649642392365021f,0f,0f,0f,1f], start_interpolation: 0, interpolation_duration: 1 }
$data merge entity $(bone_torn_part) { transformation: [-0.9857589185807537f,-0.09878335670332573f,0.1360926260931378f,1.5369420780119385f,-0.0513351551616905f,0.947418740834634f,0.31585191365550086f,2.6849529234536944f,-0.16013761670209867f,0.30436750475985497f,-0.9389975323520459f,0.04097865236574702f,0f,0f,0f,1f], start_interpolation: 0, interpolation_duration: 1 }
$data merge entity $(bone_lowerbody) { transformation: [-0.9857589185807537f,-0.053287519803797145f,0.15949857263205533f,1.6367974074074052f,-0.0513351551616905f,0.9985478148112638f,0.01633901405150632f,2.200096273148148f,-0.16013761670209867f,0.007918444847953883f,-0.9870629371768356f,0.19155638888888887f,0f,0f,0f,1f], start_interpolation: 0, interpolation_duration: 1 }
$data merge entity $(bone_leftfoot) { transformation: [-0.8526896763889271f,-0.36784761718321546f,-0.3709561245112115f,2.8590351017193423f,-0.4025412457725578f,0.9152301048509199f,0.0177313458725325f,0.41246479556039395f,0.33298777940282454f,0.16444447606169305f,-0.928481100002133f,0.09250954524799393f,0f,0f,0f,1f], start_interpolation: 0, interpolation_duration: 1 }
$data merge entity $(bone_leftlowerleg) { transformation: [-0.8526896763889271f,-0.36784761718321546f,-0.3709561245112115f,2.5079499370048155f,-0.4025412457725578f,0.9152301048509199f,0.0177313458725325f,1.425073849410707f,0.33298777940282454f,0.16444447606169305f,-0.928481100002133f,0.4175971947894499f,0f,0f,0f,1f], start_interpolation: 0, interpolation_duration: 1 }
$data merge entity $(bone_leftleg) { transformation: [-0.8281349573246176f,-0.5604158248783287f,-0.011251474698736358f,1.896293644879794f,-0.5011764540306599f,0.7492871143444494f,-0.4328868006796025f,2.202522055447906f,0.25102719849093585f,-0.3528497180150644f,-0.9013780683567144f,0.07156714591135961f,0f,0f,0f,1f], start_interpolation: 0, interpolation_duration: 1 }
$data merge entity $(bone_rightfoot) { transformation: [-0.9393789129530835f,0.13184017286327085f,0.3165208156163922f,1.1591694035453295f,0.24633117906952345f,0.9016265565446704f,0.3555144198926663f,0.24112031449046134f,-0.23851249048488365f,0.41193169500875193f,-0.8794453198067035f,-0.3488869592816739f,0f,0f,0f,1f], start_interpolation: 0, interpolation_duration: 1 }
$data merge entity $(bone_rightlowerleg) { transformation: [-0.9393789129530835f,0.13184017286327085f,0.3165208156163922f,1.2567975567746301f,0.24633117906952345f,0.9016265565446704f,0.3555144198926663f,1.1867390404162839f,-0.23851249048488365f,0.41193169500875193f,-0.8794453198067035f,0.24322269068368604f,0f,0f,0f,1f], start_interpolation: 0, interpolation_duration: 1 }
$data merge entity $(bone_rightleg) { transformation: [-0.9931277087655096f,0.11676690261831316f,0.007927454515450238f,1.4026219522131527f,0.11050916977998787f,0.9578954142026125f,-0.26499829970047656f,2.190411661250214f,-0.038536702981793666f,-0.2623010977913191f,-0.9642162914101596f,-0.01727325404312078f,0f,0f,0f,1f], start_interpolation: 0, interpolation_duration: 1 }
data modify entity @s data merge value {"locators":{"lefthand":{"posx":1.979670991230573,"posy":2.602395674700794,"posz":0.7596637377102602,"roty":125.07579773659702,"rotx":-72.77120567150217},"righthand":{"posx":1.203849281075281,"posy":2.4561681351273887,"posz":0.3414857807360613,"roty":270.34034464814897,"rotx":-66.68596391559579},"chest":{"posx":1.2374094877381732,"posy":2.509419364862004,"posz":0.38915699253663427,"roty":7.49040092067969,"rotx":8.664901768906848},"sack":{"posx":0,"posy":-0.4375,"posz":0,"roty":0,"rotx":0}},"cameras":{}}