# This file was generated by Animated Java via MC-Build. It is not recommended to edit this file directly.
$data merge entity $(bone_nose) { transformation: [-0.9150933282736627f,-0.3288818505664363f,-0.2333257999386844f,-0.07248842908619925f,-0.34369485618783013f,0.9387553516228817f,0.02474339567290651f,4.158527211858308f,0.21089818960592688f,0.1028353935539487f,-0.9720837594845143f,0.33850663022382466f,0f,0f,0f,1f], start_interpolation: 0, interpolation_duration: 1 }
$data merge entity $(bone_glowing_eye) { transformation: [-0.9150933282736627f,-0.3288818505664363f,-0.2333257999386844f,-0.2010010189513054f,-0.34369485618783013f,0.9387553516228817f,0.02474339567290651f,4.178263283270303f,0.21089818960592688f,0.1028353935539487f,-0.9720837594845143f,0.4057531659453023f,0f,0f,0f,1f], start_interpolation: 0, interpolation_duration: 1 }
$data merge entity $(bone_head) { transformation: [-0.9150933282736627f,-0.3288818505664363f,-0.2333257999386844f,-0.07557054860155715f,-0.34369485618783013f,0.9387553516228817f,0.02474339567290651f,4.047245959207119f,0.21089818960592688f,0.1028353935539487f,-0.9720837594845143f,0.14378129280611524f,0f,0f,0f,1f], start_interpolation: 0, interpolation_duration: 1 }
$data merge entity $(bone_leftthumb2) { transformation: [-0.29834405564842437f,0.9258199346531153f,0.23205230672878796f,0.3834591137735226f,-0.04637257886787191f,0.228777281817986f,-0.9723736623608829f,2.7899844247195533f,-0.9533312165183689f,-0.3008627659297095f,-0.025321684160650948f,0.5798002149625947f,0f,0f,0f,1f], start_interpolation: 0, interpolation_duration: 1 }
$data merge entity $(bone_leftthumb) { transformation: [-0.29834405564842437f,0.9258199346531153f,0.23205230672878796f,0.6303401190999647f,-0.04637257886787191f,0.228777281817986f,-0.9723736623608829f,2.762993715004596f,-0.9533312165183689f,-0.3008627659297095f,-0.025321684160650948f,0.5038519502649191f,0f,0f,0f,1f], start_interpolation: 0, interpolation_duration: 1 }
$data merge entity $(bone_leftpointerfinger) { transformation: [-0.29834405564842437f,0.9258199346531153f,0.23205230672878796f,0.3700642860063696f,-0.04637257886787191f,0.228777281817986f,-0.9723736623608829f,2.647418154798576f,-0.9533312165183689f,-0.3008627659297095f,-0.025321684160650948f,0.7056561931972712f,0f,0f,0f,1f], start_interpolation: 0, interpolation_duration: 1 }
$data merge entity $(bone_leftmidfinger) { transformation: [-0.29834405564842437f,0.9258199346531153f,0.23205230672878796f,0.4063224589327427f,-0.04637257886787191f,0.228777281817986f,-0.9723736623608829f,2.495484770054688f,-0.9533312165183689f,-0.3008627659297095f,-0.025321684160650948f,0.7016996800471695f,0f,0f,0f,1f], start_interpolation: 0, interpolation_duration: 1 }
$data merge entity $(bone_leftringfinger) { transformation: [-0.29834405564842437f,0.9258199346531153f,0.23205230672878796f,0.44258063185911584f,-0.04637257886787191f,0.228777281817986f,-0.9723736623608829f,2.3435513853108f,-0.9533312165183689f,-0.3008627659297095f,-0.025321684160650948f,0.6977431668970678f,0f,0f,0f,1f], start_interpolation: 0, interpolation_duration: 1 }
$data merge entity $(bone_invisibility) { transformation: [0.9425216014383343f,-0.1504787535878973f,0.2983440556484244f,0.4081346963396999f,0.14315876641959546f,0.9886127409286013f,0.0463725788678717f,2.69413248840847f,-0.3019248224630378f,-0.0009965903221244264f,0.9533312165183687f,0.49479102770653544f,0f,0f,0f,1f], start_interpolation: 0, interpolation_duration: 1 }
$data merge entity $(bone_swiftness) { transformation: [0.2320523067287879f,0.9258199346531153f,0.2983440556484244f,0.3107341707445747f,-0.9723736623608829f,0.228777281817986f,0.046372578867871696f,2.4784168933192707f,-0.02532168416065116f,-0.3008627659297095f,0.9533312165183689f,0.48113263857614286f,0f,0f,0f,1f], start_interpolation: 0, interpolation_duration: 1 }
$data merge entity $(bone_suspicious_stew) { transformation: [0.9371473586725209f,0.18095759887986976f,0.29834405564842453f,0.40824669441448286f,-0.20360023494067525f,0.9779552792746938f,0.046372578867871946f,2.501088491630586f,-0.28337567373580197f,-0.1042008596240321f,0.9533312165183692f,0.5041461540793686f,0f,0f,0f,1f], start_interpolation: 0, interpolation_duration: 1 }
$data merge entity $(bone_log) { transformation: [-0.29834405564842437f,0.9258199346531153f,0.23205230672878796f,0.5068818829069944f,-0.04637257886787191f,0.228777281817986f,-0.9723736623608829f,2.4797582071658053f,-0.9533312165183689f,-0.3008627659297095f,-0.025321684160650948f,0.37597655284452725f,0f,0f,0f,1f], start_interpolation: 0, interpolation_duration: 1 }
$data merge entity $(bone_planks) { transformation: [-0.29834405564842437f,0.9258199346531153f,0.23205230672878796f,0.4789121276899546f,-0.04637257886787191f,0.228777281817986f,-0.9723736623608829f,2.475410777896942f,-0.9533312165183689f,-0.3008627659297095f,-0.025321684160650948f,0.2866017512959302f,0f,0f,0f,1f], start_interpolation: 0, interpolation_duration: 1 }
$data merge entity $(bone_lefthand1) { transformation: [-0.29834405564842437f,0.9258199346531153f,0.23205230672878796f,0.8056712458971047f,-0.04637257886787191f,0.228777281817986f,-0.9723736623608829f,2.578932349286047f,-0.9533312165183689f,-0.3008627659297095f,-0.025321684160650948f,0.5398849681217124f,0f,0f,0f,1f], start_interpolation: 0, interpolation_duration: 1 }
$data merge entity $(bone_leftforearm) { transformation: [-0.6086358790839067f,0.3904585929287319f,0.6907274816451674f,1.0448323769716057f,0.01297876280368011f,0.8753199945658678f,-0.48336989855523105f,3.219907283047339f,-0.7933435059341233f,-0.2852314749836058f,-0.5378188238345981f,0.2817142912457846f,0f,0f,0f,1f], start_interpolation: 0, interpolation_duration: 1 }
$data merge entity $(bone_leftelbow) { transformation: [-0.6086358790839067f,0.3904585929287319f,0.6907274816451674f,1.118043363145743f,0.01297876280368011f,0.8753199945658678f,-0.48336989855523105f,3.3840297820284393f,-0.7933435059341233f,-0.2852314749836058f,-0.5378188238345981f,0.22823338968635856f,0f,0f,0f,1f], start_interpolation: 0, interpolation_duration: 1 }
$data merge entity $(bone_leftarm) { transformation: [-0.5690882870575069f,-0.5520120043888785f,0.6094434088121109f,0.7076122263396821f,-0.09227016429852553f,0.779355045272614f,0.6197515068061107f,3.639217324412404f,-0.8170830669609278f,0.2964598799478514f,-0.49445606606353787f,0.2081731923463902f,0f,0f,0f,1f], start_interpolation: 0, interpolation_duration: 1 }
$data merge entity $(bone_rightthumb2) { transformation: [-0.18216547363972657f,-0.893646324403776f,-0.41013654688802775f,0.04078297742569065f,-0.0072059826218942025f,0.41831790957041404f,-0.9082720959861594f,2.7616140909131794f,0.9832414830691734f,-0.16250037972958703f,-0.08264268001264818f,0.2759823992874779f,0f,0f,0f,1f], start_interpolation: 0, interpolation_duration: 1 }
$data merge entity $(bone_rightthumb) { transformation: [-0.18216547363972657f,-0.893646324403776f,-0.41013654688802775f,-0.21342632524258603f,-0.0072059826218942025f,0.41831790957041404f,-0.9082720959861594f,2.7865847582082646f,0.9832414830691734f,-0.16250037972958703f,-0.08264268001264818f,0.22906796308446378f,0f,0f,0f,1f], start_interpolation: 0, interpolation_duration: 1 }
$data merge entity $(bone_rightpointerfinger) { transformation: [-0.18216547363972657f,-0.893646324403776f,-0.41013654688802775f,0.04065187563768159f,-0.0072059826218942025f,0.41831790957041404f,-0.9082720959861594f,2.6059607852818516f,0.9832414830691734f,-0.16250037972958703f,-0.08264268001264818f,0.3860565617683325f,0f,0f,0f,1f], start_interpolation: 0, interpolation_duration: 1 }
$data merge entity $(bone_rightmidfinger) { transformation: [-0.18216547363972657f,-0.893646324403776f,-0.41013654688802775f,-0.02343195981357274f,-0.0072059826218942025f,0.41831790957041404f,-0.9082720959861594f,2.4640432702840145f,0.9832414830691734f,-0.16250037972958703f,-0.08264268001264818f,0.3731436430163562f,0f,0f,0f,1f], start_interpolation: 0, interpolation_duration: 1 }
$data merge entity $(bone_rightringfinger) { transformation: [-0.18216547363972657f,-0.893646324403776f,-0.41013654688802775f,-0.08751579526482707f,-0.0072059826218942025f,0.41831790957041404f,-0.9082720959861594f,2.322125755286177f,0.9832414830691734f,-0.16250037972958703f,-0.08264268001264818f,0.3602307242643799f,0f,0f,0f,1f], start_interpolation: 0, interpolation_duration: 1 }
$data merge entity $(bone_hugeasssword) { transformation: [-0.7134814384222624f,-3.5001147705814564f,-1.6063681419781088f,-0.15015778197741192f,-0.028223431935752295f,1.6384118124841218f,-3.557399042612458f,2.565119936299229f,3.8510291420209293f,-0.6364598206075492f,-0.32368383004953877f,0.08025352631873228f,0f,0f,0f,1f], start_interpolation: 0, interpolation_duration: 1 }
$data merge entity $(bone_ice) { transformation: [-0.18216547363972657f,-0.893646324403776f,-0.41013654688802775f,-0.13334822263298218f,-0.0072059826218942025f,0.41831790957041404f,-0.9082720959861594f,2.5586963124406585f,0.9832414830691734f,-0.16250037972958703f,-0.08264268001264818f,0.06742944657905123f,0f,0f,0f,1f], start_interpolation: 0, interpolation_duration: 1 }
$data merge entity $(bone_righthand1) { transformation: [-0.18216547363972657f,-0.893646324403776f,-0.41013654688802775f,-0.4151179392341087f,-0.0072059826218942025f,0.41831790957041404f,-0.9082720959861594f,2.633090791178221f,0.9832414830691734f,-0.16250037972958703f,-0.08264268001264818f,0.2700321386635526f,0f,0f,0f,1f], start_interpolation: 0, interpolation_duration: 1 }
$data merge entity $(bone_rightforearm) { transformation: [-0.35228121146074803f,-0.7415528813904112f,-0.5709617081322763f,-0.9125216066647429f,-0.07701552663984051f,0.6309713995025563f,-0.7719738996016465f,3.0897138906378725f,0.9327199776503857f,-0.22797898392475568f,-0.27939045470541807f,0.05398250929706018f,0f,0f,0f,1f], start_interpolation: 0, interpolation_duration: 1 }
$data merge entity $(bone_rightelbow) { transformation: [-0.35228121146074803f,-0.7415528813904112f,-0.5709617081322763f,-1.051562771925445f,-0.07701552663984051f,0.6309713995025563f,-0.7719738996016465f,3.2080210280446018f,0.9327199776503857f,-0.22797898392475568f,-0.27939045470541807f,0.011236449811168489f,0f,0f,0f,1f], start_interpolation: 0, interpolation_duration: 1 }
$data merge entity $(bone_rightarm) { transformation: [-0.3361374859753537f,0.688093497426923f,-0.6430699256853445f,-0.6541495799733217f,0.0062040289777192115f,0.6844029886350397f,0.7290775398898729f,3.3935620631197247f,0.9417924933586023f,0.241080666886026f,-0.23432245199121754f,-0.08603266327133369f,0f,0f,0f,1f], start_interpolation: 0, interpolation_duration: 1 }
$data merge entity $(bone_chest1) { transformation: [-1.058325577631266f,-0.20527584518712516f,0.10686398001791873f,0.05950668913738108f,-0.17223880096496633f,1.0327687028040087f,0.278089397607652f,3.436209866056054f,-0.15456997860098648f,0.25467969098918636f,-1.041564922519981f,-0.07146787011732775f,0f,0f,0f,1f], start_interpolation: 0, interpolation_duration: 1 }
$data merge entity $(bone_chest1lid) { transformation: [-0.9769159178134762f,-0.1894853955573463f,0.09864367386269422f,-0.1831361654577882f,-0.1589896624291997f,0.9533249564344696f,0.25669790548398647f,2.629926312870704f,-0.14267998024706446f,0.23508894552847975f,-0.961444543864598f,0.0953778352132614f,0f,0f,0f,1f], start_interpolation: 0, interpolation_duration: 1 }
$data merge entity $(bone_chest2) { transformation: [-0.9769159178134762f,-0.1894853955573463f,0.09864367386269422f,-0.15352907240195285f,-0.1589896624291997f,0.9533249564344696f,0.25669790548398647f,2.4809692884278185f,-0.14267998024706446f,0.23508894552847975f,-0.961444543864598f,0.058645187474436436f,0f,0f,0f,1f], start_interpolation: 0, interpolation_duration: 1 }
$data merge entity $(bone_chest1lid3) { transformation: [-0.9769159178134762f,-0.1894853955573463f,0.09864367386269422f,-0.058885317026157485f,-0.1589896624291997f,0.9533249564344696f,0.25669790548398647f,2.804310262473208f,-0.14267998024706446f,0.23508894552847975f,-0.961444543864598f,-0.5116300769345551f,0f,0f,0f,1f], start_interpolation: 0, interpolation_duration: 1 }
$data merge entity $(bone_chest3) { transformation: [-0.9769159178134762f,-0.1894853955573463f,0.09864367386269422f,-0.02927822397032212f,-0.1589896624291997f,0.9533249564344696f,0.25669790548398647f,2.6553532380303224f,-0.14267998024706446f,0.23508894552847975f,-0.961444543864598f,-0.5483627246733801f,0f,0f,0f,1f], start_interpolation: 0, interpolation_duration: 1 }
$data merge entity $(bone_hugeasssword2) { transformation: [-0.38635438929555327f,2.3196203297555074f,-3.132150952530033f,-1.3378306918468796f,-1.0054001298122803f,2.981666213877337f,2.3321910182859407f,4.414477033669618f,3.765657796803009f,1.0340724793674358f,0.30131917059718166f,-0.2291992607872883f,0f,0f,0f,1f], start_interpolation: 0, interpolation_duration: 1 }
$data merge entity $(bone_belt) { transformation: [-0.9769159178134762f,-0.1894853955573463f,0.09864367386269422f,0.15336109893459587f,-0.1589896624291997f,0.9533249564344696f,0.25669790548398647f,3.0279617787374233f,-0.14267998024706446f,0.23508894552847975f,-0.961444543864598f,-0.03468549396911337f,0f,0f,0f,1f], start_interpolation: 0, interpolation_duration: 1 }
$data merge entity $(bone_torn_part) { transformation: [-0.9989897321946455f,0.02861804448791838f,0.03464855695924573f,0.05401943632717236f,0.04080672931144982f,0.9006309250159575f,0.43266470591880113f,2.748662882166927f,-0.018823544102337195f,0.4336414929807665f,-0.9008888553827488f,-0.10179204585617191f,0f,0f,0f,1f], start_interpolation: 0, interpolation_duration: 1 }
$data merge entity $(bone_lowerbody) { transformation: [-0.9989897321946455f,0.03771253614749395f,0.02443930414300974f,0.12972592592592644f,0.04080672931144982f,0.9890517658663683f,0.14181472166006084f,2.241799722222222f,-0.018823544102337195f,0.14266873888116635f,-0.9895914839637036f,-0.03045497685185175f,0f,0f,0f,1f], start_interpolation: 0, interpolation_duration: 1 }
$data merge entity $(bone_leftfoot) { transformation: [-0.9346868251106059f,-0.027348126971702025f,-0.3544187056516569f,0.6587867072274379f,-0.1104285516371771f,0.9700451437991445f,0.21637456868821803f,0.2647580273097867f,0.33788470511103535f,0.24138040298010272f,-0.9097084297230581f,-0.2192137687995649f,0f,0f,0f,1f], start_interpolation: 0, interpolation_duration: 1 }
$data merge entity $(bone_leftlowerleg) { transformation: [-0.9346868251106059f,-0.027348126971702025f,-0.3544187056516569f,0.6829022624097458f,-0.1104285516371771f,0.9700451437991445f,0.21637456868821803f,1.307656852871756f,0.33788470511103535f,0.24138040298010272f,-0.9097084297230581f,0.18834033600905442f,0f,0f,0f,1f], start_interpolation: 0, interpolation_duration: 1 }
$data merge entity $(bone_leftleg) { transformation: [-0.9530878450624072f,-0.2733754123631876f,-0.12995939177125368f,0.3710631093594331f,-0.1969234505491974f,0.886055902944387f,-0.41967379174926445f,2.2347296686574665f,0.22987978209945908f,-0.3743939379486056f,-0.8983231406399598f,-0.18250908523581727f,0f,0f,0f,1f], start_interpolation: 0, interpolation_duration: 1 }
$data merge entity $(bone_rightfoot) { transformation: [-0.97737485779287f,0.20011790382179523f,0.06849242238625987f,-0.46891052455279747f,0.2088940223852287f,0.8624419033266222f,0.46103931589190156f,0.42071324270628074f,0.03319148634946493f,0.4649158934219433f,-0.8847324664991048f,-0.44637556592987954f,0f,0f,0f,1f], start_interpolation: 0, interpolation_duration: 1 }
$data merge entity $(bone_rightlowerleg) { transformation: [-0.97737485779287f,0.20011790382179523f,0.06849242238625987f,-0.25742828604579426f,0.2088940223852287f,0.8624419033266222f,0.46103931589190156f,1.3066480553694686f,0.03319148634946493f,0.4649158934219433f,-0.8847324664991048f,0.20532577610813535f,0f,0f,0f,1f], start_interpolation: 0, interpolation_duration: 1 }
$data merge entity $(bone_rightleg) { transformation: [-0.9878978962828101f,0.09401171811981343f,-0.12336751345536173f,-0.129933693784838f,0.1345485889392909f,0.9151192168983937f,-0.38007038305781793f,2.260499232841656f,0.07716491258625158f,-0.3920696567185881f,-0.9166934932386751f,-0.19689155900824462f,0f,0f,0f,1f], start_interpolation: 0, interpolation_duration: 1 }
data modify entity @s data merge value {"locators":{"lefthand":{"posx":0.4588961384366223,"posy":2.481425749767027,"posz":0.489251909296393,"roty":83.77249046289678,"rotx":-76.50091844127088},"righthand":{"posx":-0.13005462842277216,"posy":2.565676285732602,"posz":0.16343869592525867,"roty":281.39256898961634,"rotx":-65.26764957047278},"chest":{"posx":-0.2172350247081712,"posy":2.5252660284107646,"posz":0.2264517367138541,"roty":5.85801730956112,"rotx":14.874217348874978},"sack":{"posx":0,"posy":-0.4375,"posz":0,"roty":0,"rotx":0}},"cameras":{}}