# This file was generated by Animated Java via MC-Build. It is not recommended to edit this file directly.
$data merge entity $(bone_nose) { transformation: [-0.9942096714922452f,-0.09136267893520797f,0.056568454186621084f,-0.2653380572361537f,-0.09442100996325609f,0.9940678029941018f,-0.053980329083827064f,4.2343956422865885f,-0.05130109149716436f,-0.05900901582183592f,-0.996938380273795f,0.22898205368863225f,0f,0f,0f,1f], start_interpolation: 0, interpolation_duration: 1 }
$data merge entity $(bone_glowing_eye) { transformation: [-0.9942096714922452f,-0.09136267893520797f,0.056568454186621084f,-0.3977742534224903f,-0.09442100996325609f,0.9940678029941018f,-0.053980329083827064f,4.291783160425867f,-0.05130109149716436f,-0.05900901582183592f,-0.996938380273795f,0.25336281529823657f,0f,0f,0f,1f], start_interpolation: 0, interpolation_duration: 1 }
$data merge entity $(bone_head) { transformation: [-0.9942096714922452f,-0.09136267893520797f,0.056568454186621084f,-0.24346415326089021f,-0.09442100996325609f,0.9940678029941018f,-0.053980329083827064f,4.101543169912169f,-0.05130109149716436f,-0.05900901582183592f,-0.996938380273795f,0.049586606160968605f,0f,0f,0f,1f], start_interpolation: 0, interpolation_duration: 1 }
$data merge entity $(bone_leftthumb2) { transformation: [-0.9843043678931108f,0.12132107317007267f,0.12816438097773364f,0.5224539777015411f,-0.007854776422566101f,0.6953926197938649f,-0.7185870906324278f,2.4369549565033943f,-0.17630432165405152f,-0.7083151145790179f,-0.6835250431586378f,0.895523562779055f,0f,0f,0f,1f], start_interpolation: 0, interpolation_duration: 1 }
$data merge entity $(bone_leftthumb) { transformation: [-0.9843043678931108f,0.12132107317007267f,0.12816438097773364f,0.5631596685758573f,-0.007854776422566101f,0.6953926197938649f,-0.7185870906324278f,2.5460861247654707f,-0.17630432165405152f,-0.7083151145790179f,-0.6835250431586378f,0.6634022519161809f,0f,0f,0f,1f], start_interpolation: 0, interpolation_duration: 1 }
$data merge entity $(bone_leftpointerfinger) { transformation: [-0.9843043678931108f,0.12132107317007267f,0.12816438097773364f,0.6370171870385675f,-0.007854776422566101f,0.6953926197938649f,-0.7185870906324278f,2.285085767693432f,-0.17630432165405152f,-0.7083151145790179f,-0.6835250431586378f,0.8830611976702718f,0f,0f,0f,1f], start_interpolation: 0, interpolation_duration: 1 }
$data merge entity $(bone_leftmidfinger) { transformation: [-0.9843043678931108f,0.12132107317007267f,0.12816438097773364f,0.6570428715663383f,-0.007854776422566101f,0.6953926197938649f,-0.7185870906324278f,2.172806534782115f,-0.17630432165405152f,-0.7083151145790179f,-0.6835250431586378f,0.7762604096767346f,0f,0f,0f,1f], start_interpolation: 0, interpolation_duration: 1 }
$data merge entity $(bone_leftringfinger) { transformation: [-0.9843043678931108f,0.12132107317007267f,0.12816438097773364f,0.6770685560941092f,-0.007854776422566101f,0.6953926197938649f,-0.7185870906324278f,2.060527301870798f,-0.17630432165405152f,-0.7083151145790179f,-0.6835250431586378f,0.6694596216831974f,0f,0f,0f,1f], start_interpolation: 0, interpolation_duration: 1 }
$data merge entity $(bone_invisibility) { transformation: [0.13202967167673504f,-0.11710284857114805f,0.9843043678931106f,0.4617244735310317f,0.6301174493178292f,0.7764601100845713f,0.007854776422565978f,2.3821274114864184f,-0.7651928945449809f,0.6191902940970394f,0.17630432165405133f,0.7938923293017643f,0f,0f,0f,1f], start_interpolation: 0, interpolation_duration: 1 }
$data merge entity $(bone_swiftness) { transformation: [0.12816438097773342f,0.12132107317007267f,0.9843043678931108f,0.41806072693299634f,-0.7185870906324278f,0.6953926197938649f,0.007854776422565941f,2.1528153352200263f,-0.6835250431586378f,-0.7083151145790179f,0.17630432165405138f,0.7524667230183291f,0f,0f,0f,1f], start_interpolation: 0, interpolation_duration: 1 }
$data merge entity $(bone_suspicious_stew) { transformation: [0.16411884125156262f,-0.06488387544519948f,0.984304367893111f,0.4800683696595096f,0.3265517192146132f,0.9451466961087744f,0.00785477642256618f,2.214795802940001f,-0.9308216696146611f,0.32013716676118686f,0.17630432165405147f,0.6989336547054112f,0f,0f,0f,1f], start_interpolation: 0, interpolation_duration: 1 }
$data merge entity $(bone_log) { transformation: [-0.9843043678931108f,0.12132107317007267f,0.12816438097773364f,0.40896267467412084f,-0.007854776422566101f,0.6953926197938649f,-0.7185870906324278f,2.267299725251223f,-0.17630432165405152f,-0.7083151145790179f,-0.6835250431586378f,0.5618254988299055f,0f,0f,0f,1f], start_interpolation: 0, interpolation_duration: 1 }
$data merge entity $(bone_planks) { transformation: [-0.9843043678931108f,0.12132107317007267f,0.12816438097773364f,0.3166841401841417f,-0.007854776422566101f,0.6953926197938649f,-0.7185870906324278f,2.2665633399616074f,-0.17630432165405152f,-0.7083151145790179f,-0.6835250431586378f,0.5452969686748382f,0f,0f,0f,1f], start_interpolation: 0, interpolation_duration: 1 }
$data merge entity $(bone_lefthand1) { transformation: [-0.9843043678931108f,0.12132107317007267f,0.12816438097773364f,0.6813638980343625f,-0.007854776422566101f,0.6953926197938649f,-0.7185870906324278f,2.465567420887594f,-0.17630432165405152f,-0.7083151145790179f,-0.6835250431586378f,0.4501829581973715f,0f,0f,0f,1f], start_interpolation: 0, interpolation_duration: 1 }
$data merge entity $(bone_leftforearm) { transformation: [-0.846653960694978f,0.24962360477169926f,0.4699628993657791f,0.8127072361577438f,0.00039552721131293125f,0.8834450708409399f,-0.46853457755545874f,3.104131674109612f,-0.532143697132393f,-0.3965007726948706f,-0.7480710012122104f,0.1442688923660117f,0f,0f,0f,1f], start_interpolation: 0, interpolation_duration: 1 }
$data merge entity $(bone_leftelbow) { transformation: [-0.846653960694978f,0.24962360477169926f,0.4699628993657791f,0.8595116620524373f,0.00039552721131293125f,0.8834450708409399f,-0.46853457755545874f,3.269777624892288f,-0.532143697132393f,-0.3965007726948706f,-0.7480710012122104f,0.06992499748572348f,0f,0f,0f,1f], start_interpolation: 0, interpolation_duration: 1 }
$data merge entity $(bone_leftarm) { transformation: [-0.82244414507391f,-0.32867099186748083f,0.46428548043040485f,0.50151583788855f,-0.11021126849756353f,0.8927903893519735f,0.4367823221891078f,3.6006121219194576f,-0.5580672939080048f,0.30805957181298227f,-0.7704934754328544f,0.12778353437776446f,0f,0f,0f,1f], start_interpolation: 0, interpolation_duration: 1 }
$data merge entity $(bone_rightthumb2) { transformation: [-0.6652677669995652f,-0.2257887671338835f,-0.7116447363871757f,-0.7554213744456761f,-0.027608749226734106f,0.9599624588825941f,-0.27876483727726314f,2.0640197622086016f,0.7460941999221997f,-0.1658056397480034f,-0.6448658268742483f,0.7020590660399686f,0f,0f,0f,1f], start_interpolation: 0, interpolation_duration: 1 }
$data merge entity $(bone_rightthumb) { transformation: [-0.6652677669995652f,-0.2257887671338835f,-0.7116447363871757f,-0.8716097562293146f,-0.027608749226734106f,0.9599624588825941f,-0.27876483727726314f,2.2756208094494945f,0.7460941999221997f,-0.1658056397480034f,-0.6448658268742483f,0.6062878550339628f,0f,0f,0f,1f], start_interpolation: 0, interpolation_duration: 1 }
$data merge entity $(bone_rightpointerfinger) { transformation: [-0.6652677669995652f,-0.2257887671338835f,-0.7116447363871757f,-0.9036448260472354f,-0.027608749226734106f,0.9599624588825941f,-0.27876483727726314f,1.9445463189345977f,0.7460941999221997f,-0.1658056397480034f,-0.6448658268742483f,0.7120687980580367f,0f,0f,0f,1f], start_interpolation: 0, interpolation_duration: 1 }
$data merge entity $(bone_rightmidfinger) { transformation: [-0.6652677669995652f,-0.2257887671338835f,-0.7116447363871757f,-1.0148393161077316f,-0.027608749226734106f,0.9599624588825941f,-0.27876483727726314f,1.9009893131100253f,0.7460941999221997f,-0.1658056397480034f,-0.6448658268742483f,0.6113085126089354f,0f,0f,0f,1f], start_interpolation: 0, interpolation_duration: 1 }
$data merge entity $(bone_rightringfinger) { transformation: [-0.6652677669995652f,-0.2257887671338835f,-0.7116447363871757f,-1.1260338061682278f,-0.027608749226734106f,0.9599624588825941f,-0.27876483727726314f,1.857432307285453f,0.7460941999221997f,-0.1658056397480034f,-0.6448658268742483f,0.5105482271598341f,0f,0f,0f,1f], start_interpolation: 0, interpolation_duration: 1 }
$data merge entity $(bone_hugeasssword) { transformation: [-2.605632087414964f,-0.8843393379410437f,-2.7872752175164384f,-0.8728714598164925f,-0.10813426780470858f,3.759852963956827f,-1.091828946002614f,2.107670962166361f,2.9222022830286156f,-0.6494054223463468f,-2.525724488590806f,0.389523998725698f,0f,0f,0f,1f], start_interpolation: 0, interpolation_duration: 1 }
$data merge entity $(bone_ice) { transformation: [-0.6652677669995652f,-0.2257887671338835f,-0.7116447363871757f,-0.8589487014706574f,-0.027608749226734106f,0.9599624588825941f,-0.27876483727726314f,2.093102935452988f,0.7460941999221997f,-0.1658056397480034f,-0.6448658268742483f,0.38045698997297617f,0f,0f,0f,1f], start_interpolation: 0, interpolation_duration: 1 }
$data merge entity $(bone_righthand1) { transformation: [-0.6652677669995652f,-0.2257887671338835f,-0.7116447363871757f,-1.1039517330161188f,-0.027608749226734106f,0.9599624588825941f,-0.27876483727726314f,2.3174799617020385f,0.7460941999221997f,-0.1658056397480034f,-0.6448658268742483f,0.505377072926705f,0f,0f,0f,1f], start_interpolation: 0, interpolation_duration: 1 }
$data merge entity $(bone_rightforearm) { transformation: [-0.5324937299278409f,-0.1469544002281219f,-0.8335795294038406f,-1.1673848987632818f,0.1709649481228304f,0.945842387439262f,-0.2759586284872335f,2.9757529187999596f,0.8289881869489416f,-0.2894591203897195f,-0.4785310893999642f,0.2640633974977816f,0f,0f,0f,1f], start_interpolation: 0, interpolation_duration: 1 }
$data merge entity $(bone_rightelbow) { transformation: [-0.5324937299278409f,-0.1469544002281219f,-0.8335795294038406f,-1.1949388488060546f,0.1709649481228304f,0.945842387439262f,-0.2759586284872335f,3.153098366444821f,0.8289881869489416f,-0.2894591203897195f,-0.4785310893999642f,0.20978981242470923f,0f,0f,0f,1f], start_interpolation: 0, interpolation_duration: 1 }
$data merge entity $(bone_rightarm) { transformation: [-0.5024914907400235f,0.39953376333196183f,-0.7667301178978616f,-0.8845188398828581f,0.27646849600592716f,0.9145120499135777f,0.295352130987888f,3.4901153235738236f,0.8191870802509579f,-0.06356478994432252f,-0.5699930219127641f,0.01799841701052699f,0f,0f,0f,1f], start_interpolation: 0, interpolation_duration: 1 }
$data merge entity $(bone_chest1) { transformation: [-1.0804019192678394f,-0.06508158405818792f,0.0459041541688484f,-0.19675631528301094f,-0.05999693260843546f,1.0757447272219212f,0.1130697176211407f,3.4521051843633375f,-0.05237529981832309f,0.11022150598600375f,-1.0764381815497948f,-0.07234197275764395f,0f,0f,0f,1f], start_interpolation: 0, interpolation_duration: 1 }
$data merge entity $(bone_chest1lid) { transformation: [-0.9972940793241594f,-0.06007530836140425f,0.0423730653866293f,-0.5127822857540568f,-0.05538178394624812f,0.9929951328202349f,0.10437204703489911f,2.713691647821446f,-0.04834643060152901f,0.101742928602465f,-0.993635244507503f,0.23044383841929555f,0f,0f,0f,1f], start_interpolation: 0, interpolation_duration: 1 }
$data merge entity $(bone_chest2) { transformation: [-0.9972940793241594f,-0.06007530836140425f,0.0423730653866293f,-0.5033955188225874f,-0.05538178394624812f,0.9929951328202349f,0.10437204703489911f,2.5585361583182844f,-0.04834643060152901f,0.101742928602465f,-0.993635244507503f,0.21454650582516038f,0f,0f,0f,1f], start_interpolation: 0, interpolation_duration: 1 }
$data merge entity $(bone_chest1lid3) { transformation: [-0.9972940793241594f,-0.06007530836140425f,0.0423730653866293f,-0.42330616078298733f,-0.05538178394624812f,0.9929951328202349f,0.10437204703489911f,2.784016351949819f,-0.04834643060152901f,0.101742928602465f,-0.993635244507503f,-0.40308208818072794f,0f,0f,0f,1f], start_interpolation: 0, interpolation_duration: 1 }
$data merge entity $(bone_chest3) { transformation: [-0.9972940793241594f,-0.06007530836140425f,0.0423730653866293f,-0.41391939385151794f,-0.05538178394624812f,0.9929951328202349f,0.10437204703489911f,2.628860862446657f,-0.04834643060152901f,0.101742928602465f,-0.993635244507503f,-0.4189794207748631f,0f,0f,0f,1f], start_interpolation: 0, interpolation_duration: 1 }
$data merge entity $(bone_hugeasssword2) { transformation: [-0.16596117276429898f,2.7208927950243127f,-2.812379253389781f,-1.4839538507834997f,-0.4087905175533547f,2.7874506282995974f,2.720898212967258f,4.5636961784982795f,3.89173804098772f,0.4088265776031973f,0.16587232304425498f,-0.2770993059324452f,0f,0f,0f,1f], start_interpolation: 0, interpolation_duration: 1 }
$data merge entity $(bone_belt) { transformation: [-0.9972940793241594f,-0.06007530836140425f,0.0423730653866293f,-0.14643117515203236f,-0.05538178394624812f,0.9929951328202349f,0.10437204703489911f,3.044676680532636f,-0.04834643060152901f,0.101742928602465f,-0.993635244507503f,0.018748579825408285f,0f,0f,0f,1f], start_interpolation: 0, interpolation_duration: 1 }
$data merge entity $(bone_torn_part) { transformation: [-0.9958633659292564f,0.06792072488682749f,0.060356702452171236f,-0.27047724533103784f,0.08449920054764692f,0.9364956635696372f,0.3403465252093421f,2.7664324608136273f,-0.03340720740888984f,0.3440387292822026f,-0.9383609706541649f,-0.012975067643085092f,0f,0f,0f,1f], start_interpolation: 0, interpolation_duration: 1 }
$data merge entity $(bone_lowerbody) { transformation: [-0.9958633659292564f,0.08292675709799599f,0.03713905433989955f,-0.21893922363281315f,0.08449920054764692f,0.9954959626201483f,0.0429845729744158f,2.2660538671875f,-0.03340720740888984f,0.04594498192615059f,-0.9983852047826756f,0.10825120117187484f,0f,0f,0f,1f], start_interpolation: 0, interpolation_duration: 1 }
$data merge entity $(bone_leftfoot) { transformation: [-0.9550572904389177f,-0.1806929483414097f,-0.23498006383342657f,0.6233508973440571f,-0.21809067028632703f,0.965218508843358f,0.14418630212424777f,0.33014321787599177f,0.20075365877994153f,0.18895313865054703f,-0.9612464199572208f,0.03094736477501525f,0f,0f,0f,1f], start_interpolation: 0, interpolation_duration: 1 }
$data merge entity $(bone_leftlowerleg) { transformation: [-0.9550572904389177f,-0.1806929483414097f,-0.23498006383342657f,0.4589983165480325f,-0.21809067028632703f,0.965218508843358f,0.14418630212424777f,1.3787789066177731f,0.20075365877994153f,0.18895313865054703f,-0.9612464199572208f,0.38825855993880554f,0f,0f,0f,1f], start_interpolation: 0, interpolation_duration: 1 }
$data merge entity $(bone_leftleg) { transformation: [-0.9156096140235541f,-0.38583364179841784f,-0.11309922884002552f,0.025695062041750427f,-0.28113268885907866f,0.8154580510797669f,-0.5059570912479168f,2.2297509142388305f,0.28744294383842994f,-0.4314632867183006f,-0.8551116805726248f,-0.03962941692118449f,0f,0f,0f,1f], start_interpolation: 0, interpolation_duration: 1 }
$data merge entity $(bone_rightfoot) { transformation: [-0.9739577797389946f,0.19829747444948376f,-0.10992886296530285f,-0.9528194501119145f,0.19096644728086848f,0.9788236671805749f,0.07372953668710086f,0.20549808500586964f,0.12222135369407128f,0.05081673143884418f,-0.99120108984356f,-0.3149677528750696f,0f,0f,0f,1f], start_interpolation: 0, interpolation_duration: 1 }
$data merge entity $(bone_rightlowerleg) { transformation: [-0.9739577797389946f,0.19829747444948376f,-0.10992886296530285f,-0.7159431005386752f,0.19096644728086848f,0.9788236671805749f,0.07372953668710086f,1.2800523700390698f,0.12222135369407128f,0.05081673143884418f,-0.99120108984356f,-0.1062992304854069f,0f,0f,0f,1f], start_interpolation: 0, interpolation_duration: 1 }
$data merge entity $(bone_rightleg) { transformation: [-0.9770084301621745f,0.20620752018860963f,0.05415704949226357f,-0.46278093868502834f,0.20623604791300737f,0.9784888631723496f,-0.005122224995718093f,2.310674173410108f,-0.05404831110466878f,0.006164678851909598f,-0.9985192921528285f,-0.0710833130490213f,0f,0f,0f,1f], start_interpolation: 0, interpolation_duration: 1 }
data modify entity @s data merge value {"locators":{"lefthand":{"posx":0.4897604318699109,"posy":2.2249364854105744,"posz":0.6443712261108124,"roty":10.619933463503116,"rotx":-45.93795089648294},"righthand":{"posx":-0.9066701561343501,"posy":2.0798709023753985,"posz":0.46307006288165503,"roty":312.18169290326705,"rotx":-16.186500169995284},"chest":{"posx":-0.5468138104270098,"posy":2.633590638922658,"posz":0.37782958637964104,"roty":2.4418696261106163,"rotx":5.990988719312575},"sack":{"posx":0,"posy":-0.4375,"posz":0,"roty":0,"rotx":0}},"cameras":{}}