# This file was generated by Animated Java via MC-Build. It is not recommended to edit this file directly.
$data merge entity $(bone_nose) { transformation: [-0.9967463544896705f,0.015294617510491153f,-0.0791377248015101f,-0.16149636280721866f,-0.016174262693849084f,0.9239067082816578f,0.3822758004614756f,3.973703094413793f,0.07896263697383803f,0.38231200486952965f,-0.9206532642068775f,0.48375549902003584f,0f,0f,0f,1f], start_interpolation: 0, interpolation_duration: 1 }
$data merge entity $(bone_glowing_eye) { transformation: [-0.9967463544896705f,0.015294617510491153f,-0.0791377248015101f,-0.28229252687617323f,-0.016174262693849084f,0.9239067082816578f,0.3822758004614756f,4.020897549490257f,0.07896263697383803f,0.38231200486952965f,-0.9206532642068775f,0.5516382287192615f,0f,0f,0f,1f], start_interpolation: 0, interpolation_duration: 1 }
$data merge entity $(bone_head) { transformation: [-0.9967463544896705f,0.015294617510491153f,-0.0791377248015101f,-0.17820382903944115f,-0.016174262693849084f,0.9239067082816578f,0.3822758004614756f,3.931205036299051f,0.07896263697383803f,0.38231200486952965f,-0.9206532642068775f,0.2641518803947028f,0f,0f,0f,1f], start_interpolation: 0, interpolation_duration: 1 }
$data merge entity $(bone_leftthumb2) { transformation: [0.17988300048788491f,0.6700666488623925f,0.720175528755177f,-0.21009946689746314f,-0.9580952293151455f,0.2852582861528167f,-0.02610060812924514f,3.368278042398463f,-0.22292518408433432f,-0.6853016826650007f,0.6933007760254454f,1.3207079582445376f,0f,0f,0f,1f], start_interpolation: 0, interpolation_duration: 1 }
$data merge entity $(bone_leftthumb) { transformation: [0.17988300048788491f,0.6700666488623925f,0.720175528755177f,0.0157737534847677f,-0.9580952293151455f,0.2852582861528167f,-0.02610060812924514f,3.4360050049210904f,-0.22292518408433432f,-0.6853016826650007f,0.6933007760254454f,1.2118906114007606f,0f,0f,0f,1f], start_interpolation: 0, interpolation_duration: 1 }
$data merge entity $(bone_leftpointerfinger) { transformation: [0.17988300048788491f,0.6700666488623925f,0.720175528755177f,-0.19000834094116836f,-0.9580952293151455f,0.2852582861528167f,-0.02610060812924514f,3.4459728294774834f,-0.22292518408433432f,-0.6853016826650007f,0.6933007760254454f,1.4936361419106305f,0f,0f,0f,1f], start_interpolation: 0, interpolation_duration: 1 }
$data merge entity $(bone_leftmidfinger) { transformation: [0.17988300048788491f,0.6700666488623925f,0.720175528755177f,-0.07748091457317195f,-0.9580952293151455f,0.2852582861528167f,-0.02610060812924514f,3.4418946094572886f,-0.22292518408433432f,-0.6853016826650007f,0.6933007760254454f,1.6019643881646064f,0f,0f,0f,1f], start_interpolation: 0, interpolation_duration: 1 }
$data merge entity $(bone_leftringfinger) { transformation: [0.17988300048788491f,0.6700666488623925f,0.720175528755177f,0.035046511794824445f,-0.9580952293151455f,0.2852582861528167f,-0.02610060812924514f,3.4378163894370943f,-0.22292518408433432f,-0.6853016826650007f,0.6933007760254454f,1.7102926344185823f,0f,0f,0f,1f], start_interpolation: 0, interpolation_duration: 1 }
$data merge entity $(bone_invisibility) { transformation: [0.7302842760821635f,-0.6590348869692905f,-0.1798830004878847f,-0.10549722390396507f,0.28189797436450376f,0.05086318523989714f,0.9580952293151452f,3.298345743032897f,-0.6222687587822f,-0.7503905344183294f,0.2229251840843344f,1.3552171491025384f,0f,0f,0f,1f], start_interpolation: 0, interpolation_duration: 1 }
$data merge entity $(bone_swiftness) { transformation: [0.720175528755177f,0.6700666488623925f,-0.17988300048788475f,-0.05183377509325132f,-0.02610060812924535f,0.2852582861528167f,0.9580952293151455f,3.2049224997396686f,0.6933007760254454f,-0.6853016826650007f,0.22292518408433448f,1.566401816677733f,0f,0f,0f,1f], start_interpolation: 0, interpolation_duration: 1 }
$data merge entity $(bone_suspicious_stew) { transformation: [0.9116459518082412f,-0.3695182873514139f,-0.17988300048788486f,-0.0018736864277940357f,0.24750121241907f,0.14421054543496148f,0.9580952293151457f,3.28008039684525f,-0.3280926826412576f,-0.9179648979662725f,0.2229251840843343f,1.5173345609822313f,0f,0f,0f,1f], start_interpolation: 0, interpolation_duration: 1 }
$data merge entity $(bone_log) { transformation: [0.17988300048788491f,0.6700666488623925f,0.720175528755177f,0.13250690388614317f,-0.9580952293151455f,0.2852582861528167f,-0.02610060812924514f,3.2246927888599988f,-0.22292518408433432f,-0.6853016826650007f,0.6933007760254454f,1.4432710885173927f,0f,0f,0f,1f], start_interpolation: 0, interpolation_duration: 1 }
$data merge entity $(bone_planks) { transformation: [0.17988300048788491f,0.6700666488623925f,0.720175528755177f,0.14937093518188238f,-0.9580952293151455f,0.2852582861528167f,-0.02610060812924514f,3.134871361111704f,-0.22292518408433432f,-0.6853016826650007f,0.6933007760254454f,1.4223718525094862f,0f,0f,0f,1f], start_interpolation: 0, interpolation_duration: 1 }
$data merge entity $(bone_lefthand1) { transformation: [0.17988300048788491f,0.6700666488623925f,0.720175528755177f,0.23254733070617084f,-0.9580952293151455f,0.2852582861528167f,-0.02610060812924514f,3.536346811731028f,-0.22292518408433432f,-0.6853016826650007f,0.6933007760254454f,1.306011314621431f,0f,0f,0f,1f], start_interpolation: 0, interpolation_duration: 1 }
$data merge entity $(bone_leftforearm) { transformation: [-0.594538432529081f,0.6722817398111519f,0.44109105019525574f,0.654571413814985f,-0.6764996126410109f,-0.12172690620424276f,-0.7263131792846013f,3.3969239859594658f,-0.43459443892257216f,-0.7302190237335878f,0.5271696605791543f,0.7545862813626429f,0f,0f,0f,1f], start_interpolation: 0, interpolation_duration: 1 }
$data merge entity $(bone_leftelbow) { transformation: [-0.594538432529081f,0.6722817398111519f,0.44109105019525574f,0.780624240029576f,-0.6764996126410109f,-0.12172690620424276f,-0.7263131792846013f,3.3741001910461703f,-0.43459443892257216f,-0.7302190237335878f,0.5271696605791543f,0.6176702144125953f,0f,0f,0f,1f], start_interpolation: 0, interpolation_duration: 1 }
$data merge entity $(bone_leftarm) { transformation: [-0.5970608631036104f,-0.22277589555875427f,0.7706420869041389f,0.48846106266119904f,-0.7300076160189928f,0.5491629347489788f,-0.40682791405231195f,3.472178954479545f,-0.33257661719405096f,-0.805475618163507f,-0.4905117962290795f,0.2458930471094863f,0f,0f,0f,1f], start_interpolation: 0, interpolation_duration: 1 }
$data merge entity $(bone_rightthumb2) { transformation: [-0.0037836379404708326f,-0.971607265611397f,-0.23656924038234506f,0.34872431277782984f,0.7714880407894442f,0.14767901853415075f,-0.6188676032914111f,3.626337722747194f,0.6362325730444809f,-0.1848519107175642f,0.7490246218257884f,0.9173704573487698f,0f,0f,0f,1f], start_interpolation: 0, interpolation_duration: 1 }
$data merge entity $(bone_rightthumb) { transformation: [-0.0037836379404708326f,-0.971607265611397f,-0.23656924038234506f,0.09022830208115257f,0.7714880407894442f,0.14767901853415075f,-0.6188676032914111f,3.6096680162417796f,0.6362325730444809f,-0.1848519107175642f,0.7490246218257884f,0.9360466842542948f,0f,0f,0f,1f], start_interpolation: 0, interpolation_duration: 1 }
$data merge entity $(bone_rightpointerfinger) { transformation: [-0.0037836379404708326f,-0.971607265611397f,-0.23656924038234506f,0.3975339175672308f,0.7714880407894442f,0.14767901853415075f,-0.6188676032914111f,3.616582923842322f,0.6362325730444809f,-0.1848519107175642f,0.7490246218257884f,1.1013996842833196f,0f,0f,0f,1f], start_interpolation: 0, interpolation_duration: 1 }
$data merge entity $(bone_rightmidfinger) { transformation: [-0.0037836379404708326f,-0.971607265611397f,-0.23656924038234506f,0.36056997375748934f,0.7714880407894442f,0.14767901853415075f,-0.6188676032914111f,3.519884860828039f,0.6362325730444809f,-0.1848519107175642f,0.7490246218257884f,1.218434781443599f,0f,0f,0f,1f], start_interpolation: 0, interpolation_duration: 1 }
$data merge entity $(bone_rightringfinger) { transformation: [-0.0037836379404708326f,-0.971607265611397f,-0.23656924038234506f,0.32360602994774795f,0.7714880407894442f,0.14767901853415075f,-0.6188676032914111f,3.423186797813756f,0.6362325730444809f,-0.1848519107175642f,0.7490246218257884f,1.3354698786038783f,0f,0f,0f,1f], start_interpolation: 0, interpolation_duration: 1 }
$data merge entity $(bone_hugeasssword) { transformation: [-0.014819248600177429f,-3.805461790311305f,-0.9265628581641849f,0.16791367113908606f,3.0216614930919903f,0.5784094892587571f,-2.42389811289136f,3.3546254569345204f,2.4919109110908835f,-0.7240033169771265f,2.9336797688176715f,1.0001839501481256f,0f,0f,0f,1f], start_interpolation: 0, interpolation_duration: 1 }
$data merge entity $(bone_ice) { transformation: [-0.0037836379404708326f,-0.971607265611397f,-0.23656924038234506f,0.183154154007084f,0.7714880407894442f,0.14767901853415075f,-0.6188676032914111f,3.340263471632589f,0.6362325730444809f,-0.1848519107175642f,0.7490246218257884f,0.9931311272992676f,0f,0f,0f,1f], start_interpolation: 0, interpolation_duration: 1 }
$data merge entity $(bone_righthand1) { transformation: [-0.0037836379404708326f,-0.971607265611397f,-0.23656924038234506f,-0.06808636064283125f,0.7714880407894442f,0.14767901853415075f,-0.6188676032914111f,3.5507156238606314f,0.6362325730444809f,-0.1848519107175642f,0.7490246218257884f,1.1293833123130526f,0f,0f,0f,1f], start_interpolation: 0, interpolation_duration: 1 }
$data merge entity $(bone_rightforearm) { transformation: [-0.4264822335288896f,-0.8819637119882007f,-0.2006312917273973f,-0.6592544780026127f,0.6861937932786296f,-0.1709766294846385f,-0.7070396525202519f,3.40756129734701f,0.5892800544309093f,-0.43921179732114124f,0.6781165198871342f,0.7803601158787026f,0f,0f,0f,1f], start_interpolation: 0, interpolation_duration: 1 }
$data merge entity $(bone_rightelbow) { transformation: [-0.4264822335288896f,-0.8819637119882007f,-0.2006312917273973f,-0.8246226740004003f,0.6861937932786296f,-0.1709766294846385f,-0.7070396525202519f,3.37550317931864f,0.5892800544309093f,-0.43921179732114124f,0.6781165198871342f,0.6980079038809885f,0f,0f,0f,1f], start_interpolation: 0, interpolation_duration: 1 }
$data merge entity $(bone_rightarm) { transformation: [-0.48541154399121095f,-0.32337776002394525f,-0.8122822522263824f,-0.8194325350261263f,0.7137129082223204f,0.3900458697439222f,-0.5817887109015998f,3.403102527382407f,0.5049648676857693f,-0.8621432849692696f,0.04146611370131739f,0.22510055389477757f,0f,0f,0f,1f], start_interpolation: 0, interpolation_duration: 1 }
$data merge entity $(bone_chest1) { transformation: [-1.0806602007113395f,-0.07068861318848804f,-0.028067092388176725f,-0.1581232402341214f,-0.0753466908444719f,1.0495108402767461f,0.2578002781835124f,3.3301308856981784f,0.010369083297269086f,0.2591162426753621f,-1.0518376138950767f,0.0023759409053489555f,0f,0f,0f,1f], start_interpolation: 0, interpolation_duration: 1 }
$data merge entity $(bone_chest1lid) { transformation: [-0.9975324929643135f,-0.06525102755860435f,-0.025908085281393902f,-0.44397353227508873f,-0.0695507915487433f,0.968779237178535f,0.23796948755401148f,2.5511507409845624f,0.009571461505171464f,0.23918422400802658f,-0.97092702821084f,0.22211614453816997f,0f,0f,0f,1f], start_interpolation: 0, interpolation_duration: 1 }
$data merge entity $(bone_chest2) { transformation: [-0.9975324929643135f,-0.06525102755860435f,-0.025908085281393902f,-0.4337780592190568f,-0.0695507915487433f,0.968779237178535f,0.23796948755401148f,2.3997789851754163f,0.009571461505171464f,0.23918422400802658f,-0.97092702821084f,0.18474360953691582f,0f,0f,0f,1f], start_interpolation: 0, interpolation_duration: 1 }
$data merge entity $(bone_chest1lid3) { transformation: [-0.9975324929643135f,-0.06525102755860435f,-0.025908085281393902f,-0.3982251185982121f,-0.0695507915487433f,0.968779237178535f,0.23796948755401148f,2.7079468684206476f,0.009571461505171464f,0.23918422400802658f,-0.97092702821084f,-0.4004821992534726f,0f,0f,0f,1f], start_interpolation: 0, interpolation_duration: 1 }
$data merge entity $(bone_chest3) { transformation: [-0.9975324929643135f,-0.06525102755860435f,-0.025908085281393902f,-0.38802964554218017f,-0.0695507915487433f,0.968779237178535f,0.23796948755401148f,2.5565751126115015f,0.009571461505171464f,0.23918422400802658f,-0.97092702821084f,-0.43785473425472676f,0f,0f,0f,1f], start_interpolation: 0, interpolation_duration: 1 }
$data merge entity $(bone_hugeasssword2) { transformation: [0.10147333401879191f,2.707885982777124f,-2.827955877403333f,-1.4697096718485223f,-0.9320471595865449f,2.764289287685684f,2.6134786404465986f,4.431561262016707f,3.8027975271591234f,0.6052569834732345f,0.7160116822839665f,0.034465778192648566f,0f,0f,0f,1f], start_interpolation: 0, interpolation_duration: 1 }
$data merge entity $(bone_belt) { transformation: [-0.9975324929643135f,-0.06525102755860435f,-0.025908085281393902f,-0.09679064645912411f,-0.0695507915487433f,0.968779237178535f,0.23796948755401148f,2.9153138762231308f,0.009571461505171464f,0.23918422400802658f,-0.97092702821084f,0.03389190231891742f,0f,0f,0f,1f], start_interpolation: 0, interpolation_duration: 1 }
$data merge entity $(bone_torn_part) { transformation: [-0.9941165590612968f,-0.09649214707416065f,-0.049209069826057f,-0.19562173418522558f,-0.10756561602986131f,0.932839120120314f,0.3438616207448496f,2.6200733634416222f,0.01272419931640683f,0.34713173511820683f,-0.9377300534938503f,-0.014304153249672324f,0f,0f,0f,1f], start_interpolation: 0, interpolation_duration: 1 }
$data merge entity $(bone_lowerbody) { transformation: [-0.9941165590612968f,-0.10682364896362401f,-0.01791577579184429f,-0.043860648148148156f,-0.10756561602986131f,0.99306566476472f,0.047436522991479615f,2.139011712962963f,0.01272419931640683f,0.04908455446982442f,-0.9987135731851526f,0.10093027777777797f,0f,0f,0f,1f], start_interpolation: 0, interpolation_duration: 1 }
$data merge entity $(bone_leftfoot) { transformation: [-0.8184053309091575f,-0.02709348939430363f,-0.5740023146050138f,0.6750702278223981f,-0.14483388274938802f,0.9763654866657571f,0.16041690327292601f,0.4609506244296324f,0.5560897955791037f,0.21442103273788127f,-0.8029867744691761f,0.24066695678067385f,0f,0f,0f,1f], start_interpolation: 0, interpolation_duration: 1 }
$data merge entity $(bone_leftlowerleg) { transformation: [-0.8184053309091575f,-0.02709348939430363f,-0.5740023146050138f,0.7332063324045265f,-0.14483388274938802f,0.9763654866657571f,0.16041690327292601f,1.5194587308355234f,0.5560897955791037f,0.21442103273788127f,-0.8029867744691761f,0.6019156948043115f,0f,0f,0f,1f], start_interpolation: 0, interpolation_duration: 1 }
$data merge entity $(bone_leftleg) { transformation: [-0.8592659488267107f,-0.494334705602533f,-0.13151132279689726f,0.19299000543907344f,-0.22793053816464204f,0.6001684700020237f,-0.7667108173147203f,2.141974902608322f,0.4579407155505059f,-0.6288330513357954f,-0.6283783053136095f,-0.03782372848907055f,0f,0f,0f,1f], start_interpolation: 0, interpolation_duration: 1 }
$data merge entity $(bone_rightfoot) { transformation: [-0.9485318084591517f,-0.10422707402550815f,0.2990386687057248f,-0.13266337804335865f,0.0012646267340248457f,0.9430331046130523f,0.3326965048254816f,0.21158782118934483f,-0.316679347385387f,0.3159513896851055f,-0.894365087811245f,-0.0038568209486753435f,0f,0f,0f,1f], start_interpolation: 0, interpolation_duration: 1 }
$data merge entity $(bone_rightlowerleg) { transformation: [-0.9485318084591517f,-0.10422707402550815f,0.2990386687057248f,-0.2942362714428658f,0.0012646267340248457f,0.9430331046130523f,0.3326965048254816f,1.206647809200223f,-0.316679347385387f,0.3159513896851055f,-0.894365087811245f,0.48406703487817715f,0f,0f,0f,1f], start_interpolation: 0, interpolation_duration: 1 }
$data merge entity $(bone_rightleg) { transformation: [-0.9759667492597855f,-0.013618962575597018f,0.2174935130013106f,-0.28546031118220816f,-0.12617831608283642f,0.849040258783822f,-0.5130396393211741f,2.100954174673468f,-0.17767368091472246f,-0.5281525942591448f,-0.8303534791205179f,-0.054373303372623125f,0f,0f,0f,1f], start_interpolation: 0, interpolation_duration: 1 }
data modify entity @s data merge value {"locators":{"lefthand":{"posx":0.05204117301122996,"posy":3.292636235004624,"posz":1.5068766938581046,"roty":133.91075330143636,"rotx":-1.4956245349638564},"righthand":{"posx":0.20167719585631705,"posy":3.419952797093432,"posz":1.0439627324111216,"roty":197.52801323266834,"rotx":-38.23348794197268},"chest":{"posx":-0.46702009513259296,"posy":2.4512458439946916,"posz":0.35917358686764866,"roty":358.47148989392474,"rotx":13.766728803221893},"sack":{"posx":0,"posy":-0.4375,"posz":0,"roty":0,"rotx":0}},"cameras":{}}