# This file was generated by Animated Java via MC-Build. It is not recommended to edit this file directly.
$data merge entity $(bone_nose) { transformation: [-0.9970823065653933f,-0.030132285861083574f,0.07013500754274689f,-0.42161289838739485f,-0.01597468089845267f,0.9808151791884688f,0.19428431188257173f,4.176199033304341f,-0.07464371041439347f,0.19259706545603894f,-0.9784348148309597f,0.5507333761313699f,0f,0f,0f,1f], start_interpolation: 0, interpolation_duration: 1 }
$data merge entity $(bone_glowing_eye) { transformation: [-0.9970823065653933f,-0.030132285861083574f,0.07013500754274689f,-0.5507357922082708f,-0.01597468089845267f,0.9808151791884688f,0.19428431188257173f,4.2338316824555875f,-0.07464371041439347f,0.19259706545603894f,-0.9784348148309597f,0.588586392897387f,0f,0f,0f,1f], start_interpolation: 0, interpolation_duration: 1 }
$data merge entity $(bone_head) { transformation: [-0.9970823065653933f,-0.030132285861083574f,0.07013500754274689f,-0.4047591270552445f,-0.01597468089845267f,0.9808151791884688f,0.19428431188257173f,4.091471748847155f,-0.07464371041439347f,0.19259706545603894f,-0.9784348148309597f,0.3437352811035164f,0f,0f,0f,1f], start_interpolation: 0, interpolation_duration: 1 }
$data merge entity $(bone_leftthumb2) { transformation: [-0.449690492757642f,0.8320024515643898f,0.32488518174000286f,-0.9859649895586565f,-0.8723324419870025f,-0.33097092125299354f,-0.35985324778573013f,3.9295016989440077f,-0.19187123645920043f,-0.4452304682698504f,0.8746172069790461f,1.2524082724652634f,0f,0f,0f,1f], start_interpolation: 0, interpolation_duration: 1 }
$data merge entity $(bone_leftthumb) { transformation: [-0.449690492757642f,0.8320024515643898f,0.32488518174000286f,-0.7541587529123304f,-0.8723324419870025f,-0.33097092125299354f,-0.35985324778573013f,3.8175814038659714f,-0.19187123645920043f,-0.4452304682698504f,0.8746172069790461f,1.2179614393160065f,0f,0f,0f,1f], start_interpolation: 0, interpolation_duration: 1 }
$data merge entity $(bone_leftpointerfinger) { transformation: [-0.449690492757642f,0.8320024515643898f,0.32488518174000286f,-0.9627456667924661f,-0.8723324419870025f,-0.33097092125299354f,-0.35985324778573013f,4.0047244772544826f,-0.19187123645920043f,-0.4452304682698504f,0.8746172069790461f,1.426036284781919f,0f,0f,0f,1f], start_interpolation: 0, interpolation_duration: 1 }
$data merge entity $(bone_leftmidfinger) { transformation: [-0.449690492757642f,0.8320024515643898f,0.32488518174000286f,-0.9119823571455906f,-0.8723324419870025f,-0.33097092125299354f,-0.35985324778573013f,3.948497407287962f,-0.19187123645920043f,-0.4452304682698504f,0.8746172069790461f,1.562695223372395f,0f,0f,0f,1f], start_interpolation: 0, interpolation_duration: 1 }
$data merge entity $(bone_leftringfinger) { transformation: [-0.449690492757642f,0.8320024515643898f,0.32488518174000286f,-0.8612190474987151f,-0.8723324419870025f,-0.33097092125299354f,-0.35985324778573013f,3.892270337321442f,-0.19187123645920043f,-0.4452304682698504f,0.8746172069790461f,1.699354161962871f,0f,0f,0f,1f], start_interpolation: 0, interpolation_duration: 1 }
$data merge entity $(bone_invisibility) { transformation: [0.857152040370037f,-0.25113510390399696f,0.449690492757642f,-0.9662150279740438f,-0.3610747540656952f,0.32963788106555814f,0.8723324419870022f,3.816207613863177f,-0.36730831962518906f,-0.9100934166082828f,0.19187123645920054f,1.314031557760709f,0f,0f,0f,1f], start_interpolation: 0, interpolation_duration: 1 }
$data merge entity $(bone_swiftness) { transformation: [0.32488518174000275f,0.8320024515643898f,0.44969049275764206f,-1.0413875145265896f,-0.3598532477857303f,-0.33097092125299354f,0.8723324419870024f,3.74812037815774f,0.8746172069790461f,-0.4452304682698504f,0.19187123645920062f,1.5283207491447606f,0f,0f,0f,1f], start_interpolation: 0, interpolation_duration: 1 }
$data merge entity $(bone_suspicious_stew) { transformation: [0.8913527114586609f,0.05717345974036103f,0.4496904927576422f,-0.9442991713148741f,-0.45204207727523243f,0.1862634452319784f,0.8723324419870028f,3.7642493918370867f,-0.03388663671694947f,-0.9808349119355567f,0.19187123645920043f,1.498892462269429f,0f,0f,0f,1f], start_interpolation: 0, interpolation_duration: 1 }
$data merge entity $(bone_log) { transformation: [-0.449690492757642f,0.8320024515643898f,0.32488518174000286f,-0.8672283556712916f,-0.8723324419870025f,-0.33097092125299354f,-0.35985324778573013f,3.6242287392542254f,-0.19187123645920043f,-0.4452304682698504f,0.8746172069790461f,1.4662484068947907f,0f,0f,0f,1f], start_interpolation: 0, interpolation_duration: 1 }
$data merge entity $(bone_planks) { transformation: [-0.449690492757642f,0.8320024515643898f,0.32488518174000286f,-0.9093868393673206f,-0.8723324419870025f,-0.33097092125299354f,-0.35985324778573013f,3.5424475728179434f,-0.19187123645920043f,-0.4452304682698504f,0.8746172069790461f,1.4482604784767406f,0f,0f,0f,1f], start_interpolation: 0, interpolation_duration: 1 }
$data merge entity $(bone_lefthand1) { transformation: [-0.449690492757642f,0.8320024515643898f,0.32488518174000286f,-0.5569577815201587f,-0.8723324419870025f,-0.33097092125299354f,-0.35985324778573013f,3.7708145334310315f,-0.19187123645920043f,-0.4452304682698504f,0.8746172069790461f,1.375576811224033f,0f,0f,0f,1f], start_interpolation: 0, interpolation_duration: 1 }
$data merge entity $(bone_leftforearm) { transformation: [-0.4389383014161914f,0.8537881073751052f,0.27996256045175894f,0.010560919499115945f,-0.7679496543706756f,-0.19472164037963152f,-0.61019407660172f,3.587222993396876f,-0.46646167677723427f,-0.4828347030534377f,0.7411370680417151f,0.991384406996907f,0f,0f,0f,1f], start_interpolation: 0, interpolation_duration: 1 }
$data merge entity $(bone_leftelbow) { transformation: [-0.4389383014161914f,0.8537881073751052f,0.27996256045175894f,0.1706461896319482f,-0.7679496543706756f,-0.19472164037963152f,-0.61019407660172f,3.550712685825695f,-0.46646167677723427f,-0.4828347030534377f,0.7411370680417151f,0.9008529001743875f,0f,0f,0f,1f], start_interpolation: 0, interpolation_duration: 1 }
$data merge entity $(bone_leftarm) { transformation: [-0.49083806564020327f,0.35357934817463976f,0.7962786182379762f,0.1715322977022714f,-0.7920849133454517f,0.1995637381924783f,-0.5768672329480784f,3.491354936772627f,-0.3628766779074015f,-0.9138686770773146f,0.18211138813332695f,0.40863354668255286f,0f,0f,0f,1f], start_interpolation: 0, interpolation_duration: 1 }
$data merge entity $(bone_rightthumb2) { transformation: [-0.8967914188749867f,-0.4338978777867392f,-0.08658973775426518f,-0.47505237597731076f,0.407077715821948f,-0.7324562748931569f,-0.5457064583187792f,4.349724542002472f,0.17335767739957156f,-0.5246336217035694f,0.833490659014738f,1.212449735781578f,0f,0f,0f,1f], start_interpolation: 0, interpolation_duration: 1 }
$data merge entity $(bone_rightthumb) { transformation: [-0.8967914188749867f,-0.4338978777867392f,-0.08658973775426518f,-0.5888623187845603f,0.407077715821948f,-0.7324562748931569f,-0.5457064583187792f,4.12346042434521f,0.17335767739957156f,-0.5246336217035694f,0.833490659014738f,1.1550153028036922f,0f,0f,0f,1f], start_interpolation: 0, interpolation_duration: 1 }
$data merge entity $(bone_rightpointerfinger) { transformation: [-0.8967914188749867f,-0.4338978777867392f,-0.08658973775426518f,-0.5486350330324694f,0.407077715821948f,-0.7324562748931569f,-0.5457064583187792f,4.38274177447886f,0.17335767739957156f,-0.5246336217035694f,0.833490659014738f,1.38519158053207f,0f,0f,0f,1f], start_interpolation: 0, interpolation_duration: 1 }
$data merge entity $(bone_rightmidfinger) { transformation: [-0.8967914188749867f,-0.4338978777867392f,-0.08658973775426518f,-0.5621646795565733f,0.407077715821948f,-0.7324562748931569f,-0.5457064583187792f,4.297475140366551f,0.17335767739957156f,-0.5246336217035694f,0.833490659014738f,1.5154244960031227f,0f,0f,0f,1f], start_interpolation: 0, interpolation_duration: 1 }
$data merge entity $(bone_rightringfinger) { transformation: [-0.8967914188749867f,-0.4338978777867392f,-0.08658973775426518f,-0.5756943260806773f,0.407077715821948f,-0.7324562748931569f,-0.5457064583187792f,4.212208506254242f,0.17335767739957156f,-0.5246336217035694f,0.833490659014738f,1.6456574114741755f,0f,0f,0f,1f], start_interpolation: 0, interpolation_duration: 1 }
$data merge entity $(bone_hugeasssword) { transformation: [-3.512433057260365f,-1.6994333546647287f,-0.33914313953753866f,-0.41073700069092595f,1.5943877203026298f,-2.868787076664865f,-2.1373502950818852f,4.049091604674905f,0.6789842364816553f,-2.05481501833898f,3.264505081141057f,1.3497868669882187f,0f,0f,0f,1f], start_interpolation: 0, interpolation_duration: 1 }
$data merge entity $(bone_ice) { transformation: [-0.8967914188749867f,-0.4338978777867392f,-0.08658973775426518f,-0.3899449804305865f,0.407077715821948f,-0.7324562748931569f,-0.5457064583187792f,4.054175644660392f,0.17335767739957156f,-0.5246336217035694f,0.833490659014738f,1.3552755536179688f,0f,0f,0f,1f], start_interpolation: 0, interpolation_duration: 1 }
$data merge entity $(bone_righthand1) { transformation: [-0.8967914188749867f,-0.4338978777867392f,-0.08658973775426518f,-0.7253232339008387f,0.407077715821948f,-0.7324562748931569f,-0.5457064583187792f,3.955777678070128f,0.17335767739957156f,-0.5246336217035694f,0.833490659014738f,1.2935031506361798f,0f,0f,0f,1f], start_interpolation: 0, interpolation_duration: 1 }
$data merge entity $(bone_rightforearm) { transformation: [-0.5925783026526988f,-0.7339675079411832f,-0.33187746611039426f,-1.1961382427321823f,0.7011698591256497f,-0.26719979835751556f,-0.6610333549915764f,3.7137213754820495f,0.3964994122050663f,-0.62441649965733f,0.6729726971257635f,0.8184915893510518f,0f,0f,0f,1f], start_interpolation: 0, interpolation_duration: 1 }
$data merge entity $(bone_rightelbow) { transformation: [-0.5925783026526988f,-0.7339675079411832f,-0.33187746611039426f,-1.333757150471154f,0.7011698591256497f,-0.26719979835751556f,-0.6610333549915764f,3.663621413290015f,0.3964994122050663f,-0.62441649965733f,0.6729726971257635f,0.7014134956653024f,0f,0f,0f,1f], start_interpolation: 0, interpolation_duration: 1 }
$data merge entity $(bone_rightarm) { transformation: [-0.6163070928158998f,0.1127840964875979f,-0.7793877821240787f,-1.1075661183753471f,0.7273600595104511f,0.46087059945962516f,-0.5084738286113444f,3.712196716563699f,0.30184915301151166f,-0.8802715706719161f,-0.3660724664503342f,0.30748102901800023f,0f,0f,0f,1f], start_interpolation: 0, interpolation_duration: 1 }
$data merge entity $(bone_chest1) { transformation: [-1.0670755041238085f,0.1434792585616945f,0.11989446180961615f,-0.45727891974204204f,0.1643887436848982f,1.0508907566518007f,0.20546549502195652f,3.4687220169400392f,-0.08909164135726715f,0.2205752276605495f,-1.0568918390705246f,0.13094524852793385f,0f,0f,0f,1f], start_interpolation: 0, interpolation_duration: 1 }
$data merge entity $(bone_chest1lid) { transformation: [-0.9849927730373618f,0.13244239251848725f,0.11067181090118414f,-0.9274076184000071f,0.1517434557091368f,0.9700530061401238f,0.1896604569433445f,2.7833313785878877f,-0.08223843817593891f,0.20360790245589186f,-0.9755924668343305f,0.34547937627442055f,0f,0f,0f,1f], start_interpolation: 0, interpolation_duration: 1 }
$data merge entity $(bone_chest2) { transformation: [-0.9849927730373618f,0.13244239251848725f,0.11067181090118414f,-0.9481017422310207f,0.1517434557091368f,0.9700530061401238f,0.1896604569433445f,2.6317605963784936f,-0.08223843817593891f,0.20360790245589186f,-0.9755924668343305f,0.31366564151568743f,0f,0f,0f,1f], start_interpolation: 0, interpolation_duration: 1 }
$data merge entity $(bone_chest1lid3) { transformation: [-0.9849927730373618f,0.13244239251848725f,0.11067181090118414f,-0.794946441226601f,0.1517434557091368f,0.9700530061401238f,0.1896604569433445f,2.8953486428353967f,-0.08223843817593891f,0.20360790245589186f,-0.9755924668343305f,-0.27436964540532627f,0f,0f,0f,1f], start_interpolation: 0, interpolation_duration: 1 }
$data merge entity $(bone_chest3) { transformation: [-0.9849927730373618f,0.13244239251848725f,0.11067181090118414f,-0.8156405650576146f,0.1517434557091368f,0.9700530061401238f,0.1896604569433445f,2.7437778606260026f,-0.08223843817593891f,0.20360790245589186f,-0.9755924668343305f,-0.3061833801640594f,0f,0f,0f,1f], start_interpolation: 0, interpolation_duration: 1 }
$data merge entity $(bone_hugeasssword2) { transformation: [-0.4334645926963054f,3.194784391768465f,-2.223901732264492f,-1.4878477697765444f,-0.7428367896947656f,2.1286350952418167f,3.20271508457412f,4.831477798768761f,3.8210704951011283f,0.7762364969487362f,0.3703443668400447f,0.007405281066996117f,0f,0f,0f,1f], start_interpolation: 0, interpolation_duration: 1 }
$data merge entity $(bone_belt) { transformation: [-0.9849927730373618f,0.13244239251848725f,0.11067181090118414f,-0.492973827401003f,0.1517434557091368f,0.9700530061401238f,0.1896604569433445f,3.0526336218321735f,-0.08223843817593891f,0.20360790245589186f,-0.9755924668343305f,0.18018360000918698f,0f,0f,0f,1f], start_interpolation: 0, interpolation_duration: 1 }
$data merge entity $(bone_torn_part) { transformation: [-0.9899239300843452f,0.1301437160775525f,0.05579628851357273f,-0.6558321713370224f,0.14159943963220262f,0.9085478995501218f,0.3930525574511733f,2.7906416933717466f,0.000459719708782283f,0.39699285558884695f,-0.9178215846607674f,0.12706540589081555f,0f,0f,0f,1f], start_interpolation: 0, interpolation_duration: 1 }
$data merge entity $(bone_lowerbody) { transformation: [-0.9899239300843452f,0.14089853560337134f,0.01407889595067537f,-0.6299378703703705f,0.14159943963220262f,0.9846907159032029f,0.1016552640539779f,2.281712337962963f,0.000459719708782283f,0.10262454228333139f,-0.9947200570909014f,0.2167933796296299f,0f,0f,0f,1f], start_interpolation: 0, interpolation_duration: 1 }
$data merge entity $(bone_leftfoot) { transformation: [-0.8743557807348457f,0.18783834763734875f,-0.4474580693790525f,-0.6231919484729618f,0.1095951526254939f,0.9746612395246502f,0.1949983863760596f,0.19924427063503303f,0.4727482112251226f,0.12145873095476856f,-0.8727868614148039f,0.09546161565089717f,0f,0f,0f,1f], start_interpolation: 0, interpolation_duration: 1 }
$data merge entity $(bone_leftlowerleg) { transformation: [-0.8743557807348457f,0.18783834763734875f,-0.4474580693790525f,-0.34605880683174006f,0.1095951526254939f,0.9746612395246502f,0.1949983863760596f,1.2505484342839508f,0.4727482112251226f,0.12145873095476856f,-0.8727868614148039f,0.36430477811770945f,0f,0f,0f,1f], start_interpolation: 0, interpolation_duration: 1 }
$data merge entity $(bone_leftleg) { transformation: [-0.9048494826510725f,-0.04586787883312263f,-0.4232535309214046f,-0.4126279936328609f,0.09510585067803776f,0.9472764485380992f,-0.30597746193445774f,2.252308340586441f,0.4149726387521148f,-0.3171174352450457f,-0.8527803007520232f,0.060987450680179474f,0f,0f,0f,1f], start_interpolation: 0, interpolation_duration: 1 }
$data merge entity $(bone_rightfoot) { transformation: [-0.9131382731084484f,0.25859019759968704f,0.3151342632749973f,-1.390342333597527f,0.2920359581553932f,0.9543222973739772f,0.06311855415894752f,0.5608927576204494f,-0.28441781471768235f,0.14966650406891124f,-0.946945850738578f,0.4954040133238026f,0f,0f,0f,1f], start_interpolation: 0, interpolation_duration: 1 }
$data merge entity $(bone_rightlowerleg) { transformation: [-0.9131382731084484f,0.25859019759968704f,0.3151342632749973f,-1.1518878339751755f,0.2920359581553932f,0.9543222973739772f,0.06311855415894752f,1.6098961665668574f,-0.28441781471768235f,0.14966650406891124f,-0.946945850738578f,0.8069343783531365f,0f,0f,0f,1f], start_interpolation: 0, interpolation_duration: 1 }
$data merge entity $(bone_rightleg) { transformation: [-0.9704750914051525f,0.23465489961628835f,-0.05581375321755755f,-0.8817288464970118f,0.2016711480921167f,0.6624658549036888f,-0.721434500917396f,2.30272454922969f,-0.13231343465184592f,-0.7113902369113555f,-0.6902297341015071f,0.07158749514006994f,0f,0f,0f,1f], start_interpolation: 0, interpolation_duration: 1 }
data modify entity @s data merge value {"locators":{"lefthand":{"posx":-0.8951463944684181,"posy":3.7374897159100486,"posz":1.5053540717873752,"roty":159.62198963799685,"rotx":-21.09118374409326},"righthand":{"posx":-0.46588655695728826,"posy":4.112310473225136,"posz":1.3667019446661917,"roty":185.93107165609038,"rotx":-33.0729537497781},"chest":{"posx":-0.9837587625431401,"posy":2.6978106022976434,"posz":0.48262025412079335,"roty":6.47200094743323,"rotx":10.932969523039198},"sack":{"posx":0,"posy":-0.4375,"posz":0,"roty":0,"rotx":0}},"cameras":{}}