# This file was generated by Animated Java via MC-Build. It is not recommended to edit this file directly.
$data merge entity $(bone_nose) { transformation: [-0.995326926947495f,-0.05893865429886774f,0.07648884574037318f,0.008695721613430817f,-0.04816855437656456f,0.9895760414864186f,0.13571679514835955f,4.195178049547593f,-0.08369049445742323f,0.13139822352493358f,-0.9877906701280202f,0.42045319381674884f,0f,0f,0f,1f], start_interpolation: 0, interpolation_duration: 1 }
$data merge entity $(bone_glowing_eye) { transformation: [-0.995326926947495f,-0.05893865429886774f,0.07648884574037318f,-0.1223798961052445f,-0.04816855437656456f,0.9895760414864186f,0.13571679514835955f,4.251423396174792f,-0.08369049445742323f,0.13139822352493358f,-0.9877906701280202f,0.45335818215606116f,0f,0f,0f,1f], start_interpolation: 0, interpolation_duration: 1 }
$data merge entity $(bone_head) { transformation: [-0.995326926947495f,-0.05893865429886774f,0.07648884574037318f,0.030296201272073886f,-0.04816855437656456f,0.9895760414864186f,0.13571679514835955f,4.098401940845486f,-0.08369049445742323f,0.13139822352493358f,-0.9877906701280202f,0.21925980986051613f,0f,0f,0f,1f], start_interpolation: 0, interpolation_duration: 1 }
$data merge entity $(bone_leftthumb2) { transformation: [-0.2229199417614849f,0.901734020922924f,-0.37038149936954345f,-0.4322632002452348f,-0.829611554818767f,-0.3750007947946425f,-0.4136654107060127f,3.908107110148827f,-0.5119095307534758f,0.21505850230474788f,0.831684118466978f,0.4634222639490439f,0f,0f,0f,1f], start_interpolation: 0, interpolation_duration: 1 }
$data merge entity $(bone_leftthumb) { transformation: [-0.2229199417614849f,0.901734020922924f,-0.37038149936954345f,-0.24277157160141732f,-0.829611554818767f,-0.3750007947946425f,-0.4136654107060127f,3.780790165895993f,-0.5119095307534758f,0.21505850230474788f,0.831684118466978f,0.5872373942544078f,0f,0f,0f,1f], start_interpolation: 0, interpolation_duration: 1 }
$data merge entity $(bone_leftpointerfinger) { transformation: [-0.2229199417614849f,0.901734020922924f,-0.37038149936954345f,-0.5316328113695367f,-0.829611554818767f,-0.3750007947946425f,-0.4136654107060127f,3.9751854993694438f,-0.5119095307534758f,0.21505850230474788f,0.831684118466978f,0.6116466211649634f,0f,0f,0f,1f], start_interpolation: 0, interpolation_duration: 1 }
$data merge entity $(bone_leftmidfinger) { transformation: [-0.2229199417614849f,0.901734020922924f,-0.37038149936954345f,-0.5895049206460278f,-0.829611554818767f,-0.3750007947946425f,-0.4136654107060127f,3.910550278946629f,-0.5119095307534758f,0.21505850230474788f,0.831684118466978f,0.7415972646754287f,0f,0f,0f,1f], start_interpolation: 0, interpolation_duration: 1 }
$data merge entity $(bone_leftringfinger) { transformation: [-0.2229199417614849f,0.901734020922924f,-0.37038149936954345f,-0.647377029922519f,-0.829611554818767f,-0.3750007947946425f,-0.4136654107060127f,3.845915058523815f,-0.5119095307534758f,0.21505850230474788f,0.831684118466978f,0.871547908185894f,0f,0f,0f,1f], start_interpolation: 0, interpolation_duration: 1 }
$data merge entity $(bone_invisibility) { transformation: [0.866021776054824f,0.44756338429758014f,0.22291994176148483f,-0.46322872005607213f,-0.4096271196737111f,0.37940781612798496f,0.8296115548187667f,3.7915446649948232f,0.28672618685196183f,-0.8097757258013412f,0.5119095307534759f,0.5131954791361755f,0f,0f,0f,1f], start_interpolation: 0, interpolation_duration: 1 }
$data merge entity $(bone_swiftness) { transformation: [-0.3703814993695435f,0.901734020922924f,0.22291994176148483f,-0.6663956215741846f,-0.41366541070601287f,-0.3750007947946425f,0.8296115548187669f,3.7215550739299825f,0.8316841184669779f,0.21505850230474788f,0.511909530753476f,0.61335185294552f,0f,0f,0f,1f], start_interpolation: 0, interpolation_duration: 1 }
$data merge entity $(bone_suspicious_stew) { transformation: [0.660718579553845f,0.7167689015278249f,0.22291994176148508f,-0.5749440334186235f,-0.514688697282145f,0.2164259989030809f,0.8296115548187672f,3.7315605627434447f,0.5463940917710927f,-0.6628741425047432f,0.5119095307534759f,0.6590553840531987f,0f,0f,0f,1f], start_interpolation: 0, interpolation_duration: 1 }
$data merge entity $(bone_log) { transformation: [-0.2229199417614849f,0.901734020922924f,-0.37038149936954345f,-0.5004876581263447f,-0.829611554818767f,-0.3750007947946425f,-0.4136654107060127f,3.587518814003011f,-0.5119095307534758f,0.21505850230474788f,0.831684118466978f,0.6769313713862936f,0f,0f,0f,1f], start_interpolation: 0, interpolation_duration: 1 }
$data merge entity $(bone_planks) { transformation: [-0.2229199417614849f,0.901734020922924f,-0.37038149936954345f,-0.5213864026664838f,-0.829611554818767f,-0.3750007947946425f,-0.4136654107060127f,3.5097427307387514f,-0.5119095307534758f,0.21505850230474788f,0.831684118466978f,0.6289398528781551f,0f,0f,0f,1f], start_interpolation: 0, interpolation_duration: 1 }
$data merge entity $(bone_lefthand1) { transformation: [-0.2229199417614849f,0.901734020922924f,-0.37038149936954345f,-0.20774974559994414f,-0.829611554818767f,-0.3750007947946425f,-0.4136654107060127f,3.714098548093605f,-0.5119095307534758f,0.21505850230474788f,0.831684118466978f,0.8326832509487564f,0f,0f,0f,1f], start_interpolation: 0, interpolation_duration: 1 }
$data merge entity $(bone_leftforearm) { transformation: [-0.1138266852062568f,0.9911635049117011f,-0.06810574326815258f,0.49283735671411283f,-0.8821199013757249f,-0.1323652327273574f,-0.4520441624022078f,3.5723772474204942f,-0.45706450893920514f,0.008622742961740815f,0.8893917488778376f,0.79747886581365f,0f,0f,0f,1f], start_interpolation: 0, interpolation_duration: 1 }
$data merge entity $(bone_leftelbow) { transformation: [-0.1138266852062568f,0.9911635049117011f,-0.06810574326815258f,0.6786805138850568f,-0.8821199013757249f,-0.1323652327273574f,-0.4520441624022078f,3.547558766284115f,-0.45706450893920514f,0.008622742961740815f,0.8893917488778376f,0.7990956301189764f,0f,0f,0f,1f], start_interpolation: 0, interpolation_duration: 1 }
$data merge entity $(bone_leftarm) { transformation: [-0.17477775451430488f,0.18638154655753048f,0.9668064209704857f,0.6158557562772532f,-0.9128182177665574f,0.3373942391247419f,-0.23006092392868915f,3.5029743704086793f,-0.36907402758853536f,-0.9227280458012854f,0.11116346365293463f,0.32416925156927945f,0f,0f,0f,1f], start_interpolation: 0, interpolation_duration: 1 }
$data merge entity $(bone_rightthumb2) { transformation: [-0.026370929148631428f,0.22662468357916354f,-0.9736250956546273f,-1.0488833763289744f,-0.18368534734704411f,-0.9584788016060044f,-0.218124001526456f,4.995138544597009f,-0.9826312977235325f,0.17308853129124896f,0.06690361028826952f,1.0754966949426301f,0f,0f,0f,1f], start_interpolation: 0, interpolation_duration: 1 }
$data merge entity $(bone_rightthumb) { transformation: [-0.026370929148631428f,0.22662468357916354f,-0.9736250956546273f,-1.0765089389782168f,-0.18368534734704411f,-0.9584788016060044f,-0.218124001526456f,4.741438475233702f,-0.9826312977235325f,0.17308853129124896f,0.06690361028826952f,1.123662774354034f,0f,0f,0f,1f], start_interpolation: 0, interpolation_duration: 1 }
$data merge entity $(bone_rightpointerfinger) { transformation: [-0.026370929148631428f,0.22662468357916354f,-0.9736250956546273f,-1.1993931600120722f,-0.18368534734704411f,-0.9584788016060044f,-0.218124001526456f,5.0256241845730365f,-0.9826312977235325f,0.17308853129124896f,0.06690361028826952f,0.9625289085678441f,0f,0f,0f,1f], start_interpolation: 0, interpolation_duration: 1 }
$data merge entity $(bone_rightmidfinger) { transformation: [-0.026370929148631428f,0.22662468357916354f,-0.9736250956546273f,-1.3515220812081077f,-0.18368534734704411f,-0.9584788016060044f,-0.218124001526456f,4.991542309334528f,-0.9826312977235325f,0.17308853129124896f,0.06690361028826952f,0.9729825976753862f,0f,0f,0f,1f], start_interpolation: 0, interpolation_duration: 1 }
$data merge entity $(bone_rightringfinger) { transformation: [-0.026370929148631428f,0.22662468357916354f,-0.9736250956546273f,-1.5036510024041432f,-0.18368534734704411f,-0.9584788016060044f,-0.218124001526456f,4.957460434096019f,-0.9826312977235325f,0.17308853129124896f,0.06690361028826952f,0.9834362867829283f,0f,0f,0f,1f], start_interpolation: 0, interpolation_duration: 1 }
$data merge entity $(bone_hugeasssword) { transformation: [-0.1032861391654731f,0.8876133440183906f,-3.8133649579806237f,-1.2832712721813813f,-0.7194342771092561f,-3.754041972956851f,-0.8543190059786194f,4.849050910671218f,-3.8486392494171695f,0.6779300808907252f,0.26203914029572234f,1.2681072751409803f,0f,0f,0f,1f], start_interpolation: 0, interpolation_duration: 1 }
$data merge entity $(bone_ice) { transformation: [-0.026370929148631428f,0.22662468357916354f,-0.9736250956546273f,-1.2864002370943584f,-0.18368534734704411f,-0.9584788016060044f,-0.218124001526456f,4.866897225498609f,-0.9826312977235325f,0.17308853129124896f,0.06690361028826952f,1.2807563808664848f,0f,0f,0f,1f], start_interpolation: 0, interpolation_duration: 1 }
$data merge entity $(bone_righthand1) { transformation: [-0.026370929148631428f,0.22662468357916354f,-0.9736250956546273f,-1.2667625827259323f,-0.18368534734704411f,-0.9584788016060044f,-0.218124001526456f,4.574539813212645f,-0.9826312977235325f,0.17308853129124896f,0.06690361028826952f,1.0804614270799222f,0f,0f,0f,1f], start_interpolation: 0, interpolation_duration: 1 }
$data merge entity $(bone_rightforearm) { transformation: [0.39259488724859387f,0.41429208629813297f,-0.8211159003070179f,-1.0043037582548089f,0.900745587365651f,-0.35357676386558345f,0.2522713992819037f,4.250607792220905f,-0.1858134584672811f,-0.838656985474444f,-0.5119841983570843f,0.50474839178219f,0f,0f,0f,1f], start_interpolation: 0, interpolation_duration: 1 }
$data merge entity $(bone_rightelbow) { transformation: [0.39259488724859387f,0.41429208629813297f,-0.8211159003070179f,-0.9266239920739089f,0.900745587365651f,-0.35357676386558345f,0.2522713992819037f,4.184312148996108f,-0.1858134584672811f,-0.838656985474444f,-0.5119841983570843f,0.3475002070057317f,0f,0f,0f,1f], start_interpolation: 0, interpolation_duration: 1 }
$data merge entity $(bone_rightarm) { transformation: [0.4649803763513435f,0.6580665104491558f,-0.5922345121938051f,-0.7105701422141979f,0.848618814950231f,-0.5219096379855256f,0.08635066120350895f,3.7565335441692143f,-0.25226842156843265f,-0.5427327128551299f,-0.8011253621476995f,0.1748816380018804f,0f,0f,0f,1f], start_interpolation: 0, interpolation_duration: 1 }
$data merge entity $(bone_chest1) { transformation: [-1.0709870452170718f,0.1369081145837829f,0.08862295554443335f,-0.015871744893573916f,0.1461732373287248f,1.0668878902360925f,0.1182993045944508f,3.460288500707198f,-0.07232734460186642f,0.12890891722376743f,-1.073201918277334f,0.0571565348587089f,0f,0f,0f,1f], start_interpolation: 0, interpolation_duration: 1 }
$data merge entity $(bone_chest1lid) { transformation: [-0.9886034263542202f,0.12637672115426116f,0.08180580511793849f,-0.4717918109855405f,0.13492914214959215f,0.9848195909871623f,0.10919935808718537f,2.7905507775527543f,-0.06676370270941516f,0.11899284666809301f,-0.990647924563693f,0.3406957524797367f,0f,0f,0f,1f], start_interpolation: 0, interpolation_duration: 1 }
$data merge entity $(bone_chest2) { transformation: [-0.9886034263542202f,0.12637672115426116f,0.08180580511793849f,-0.4915381736658938f,0.13492914214959215f,0.9848195909871623f,0.10919935808718537f,2.63667271646101f,-0.06676370270941516f,0.11899284666809301f,-0.990647924563693f,0.3221031201878472f,0f,0f,0f,1f], start_interpolation: 0, interpolation_duration: 1 }
$data merge entity $(bone_chest1lid3) { transformation: [-0.9886034263542202f,0.12637672115426116f,0.08180580511793849f,-0.35759725293472244f,0.13492914214959215f,0.9848195909871623f,0.10919935808718537f,2.852073544943008f,-0.06676370270941516f,0.11899284666809301f,-0.990647924563693f,-0.28976534277454064f,0f,0f,0f,1f], start_interpolation: 0, interpolation_duration: 1 }
$data merge entity $(bone_chest3) { transformation: [-0.9886034263542202f,0.12637672115426116f,0.08180580511793849f,-0.37734361561507573f,0.13492914214959215f,0.9848195909871623f,0.10919935808718537f,2.6981954838512636f,-0.06676370270941516f,0.11899284666809301f,-0.990647924563693f,-0.30835797506643015f,0f,0f,0f,1f], start_interpolation: 0, interpolation_duration: 1 }
$data merge entity $(bone_hugeasssword2) { transformation: [-0.3204060700452599f,3.189160625119271f,-2.2509713981400994f,-1.0655745983454517f,-0.4276974858414757f,2.2162625706477046f,3.2008643920554785f,4.7981452444070305f,3.8800377045411314f,0.5076539204149524f,0.16695114915536277f,-0.14948530969646323f,0f,0f,0f,1f], start_interpolation: 0, interpolation_duration: 1 }
$data merge entity $(bone_belt) { transformation: [-0.9886034263542202f,0.12637672115426116f,0.08180580511793849f,-0.045256236643558975f,0.13492914214959215f,0.9848195909871623f,0.10919935808718537f,3.0493892322956504f,-0.06676370270941516f,0.11899284666809301f,-0.990647924563693f,0.1415747621337604f,0f,0f,0f,1f], start_interpolation: 0, interpolation_duration: 1 }
$data merge entity $(bone_torn_part) { transformation: [-0.9834676455308276f,0.18047163776371403f,0.014878782105178158f,-0.21198423263969515f,0.1752891047529283f,0.9281573632964932f,0.328325507253729f,2.7877389065929994f,0.04544359084587745f,0.32550560198157f,-0.9444474485801992f,0.11644971936779691f,0f,0f,0f,1f], start_interpolation: 0, interpolation_duration: 1 }
$data merge entity $(bone_lowerbody) { transformation: [-0.9834676455308276f,0.1765929961331354f,-0.040078721421385397f,-0.19653344907407547f,0.1752891047529283f,0.9839287944940244f,0.03402729963504125f,2.2854017592592584f,0.04544359084587745f,0.026439385058249346f,-0.9986169630888382f,0.23953252314814877f,0f,0f,0f,1f], start_interpolation: 0, interpolation_duration: 1 }
$data merge entity $(bone_leftfoot) { transformation: [-0.9086400728235303f,-0.04376045889394321f,-0.41528091732782685f,0.3298194627657507f,-0.18181040464319398f,0.9367432614876987f,0.2990936957223716f,0.3029335191843756f,0.37592312355417545f,0.3472709090822036f,-0.8591185720740135f,-0.10870844566480825f,0f,0f,0f,1f], start_interpolation: 0, interpolation_duration: 1 }
$data merge entity $(bone_leftlowerleg) { transformation: [-0.9086400728235303f,-0.04376045889394321f,-0.41528091732782685f,0.3450787997736897f,-0.18181040464319398f,0.9367432614876987f,0.2990936957223716f,1.2961786370844677f,0.37592312355417545f,0.3472709090822036f,-0.8591185720740135f,0.4085450290536807f,0f,0f,0f,1f], start_interpolation: 0, interpolation_duration: 1 }
$data merge entity $(bone_leftleg) { transformation: [-0.9477337265550106f,-0.27482017356910626f,-0.16209458889672662f,0.03372789629569428f,-0.19197202036287894f,0.8969461470105912f,-0.3982892827589631f,2.2325474685458873f,0.25484804678071776f,-0.3463545604756795f,-0.9028238983820444f,0.06643656961138199f,0f,0f,0f,1f], start_interpolation: 0, interpolation_duration: 1 }
$data merge entity $(bone_rightfoot) { transformation: [-0.8934633453385382f,0.2598989966716395f,0.3663000983695513f,-0.9545982929241965f,0.37500284917213905f,0.8805142299311428f,0.28994405322672906f,0.560664073367838f,-0.2471762805150319f,0.3964179642975852f,-0.8841700537413109f,0.10280629049965051f,0f,0f,0f,1f], start_interpolation: 0, interpolation_duration: 1 }
$data merge entity $(bone_rightlowerleg) { transformation: [-0.8934633453385382f,0.2598989966716395f,0.3663000983695513f,-0.7225532510431476f,0.37500284917213905f,0.8805142299311428f,0.28994405322672906f,1.4929359119246455f,-0.2471762805150319f,0.3964179642975852f,-0.8841700537413109f,0.6784313301556514f,0f,0f,0f,1f], start_interpolation: 0, interpolation_duration: 1 }
$data merge entity $(bone_rightleg) { transformation: [-0.9696296713377125f,0.23694023355653598f,-0.06064343479465621f,-0.4515190865721386f,0.22838251948718108f,0.7884221487304041f,-0.571167173587576f,2.313355334280316f,-0.08751985634247171f,-0.5676705392333715f,-0.8185905164563575f,0.09303900739041694f,0f,0f,0f,1f], start_interpolation: 0, interpolation_duration: 1 }
data modify entity @s data merge value {"locators":{"lefthand":{"posx":-0.5442496730431597,"posy":3.7010553564028834,"posz":0.6951263800508269,"roty":204.00528193753692,"rotx":-24.43529911896216},"righthand":{"posx":-1.2772006302633634,"posy":4.868061142983769,"posz":1.1848848194927235,"roty":266.06904331473527,"rotx":-12.598870435503843},"chest":{"posx":-0.5233663701809291,"posy":2.7161536891071085,"posz":0.4859610720663887,"roty":4.720664706520182,"rotx":6.269164140578828},"sack":{"posx":0,"posy":-0.4375,"posz":0,"roty":0,"rotx":0}},"cameras":{}}