# This file was generated by Animated Java via MC-Build. It is not recommended to edit this file directly.
$data merge entity $(bone_nose) { transformation: [-1f,-3.0392621563112176e-17f,1.1863341174028513e-16f,-6.801398960660073e-17f,0f,0.9687153212083871f,0.24817458865913586f,3.4645092416026184f,-1.2246467991473532e-16f,0.24817458865913586f,-0.9687153212083871f,0.5547763499340308f,0f,0f,0f,1f], start_interpolation: 0, interpolation_duration: 1 }
$data merge entity $(bone_glowing_eye) { transformation: [-1f,-3.0392621563112176e-17f,1.1863341174028513e-16f,-0.12500000000000008f,0f,0.9687153212083871f,0.24817458865913586f,3.521438932280033f,-1.2246467991473532e-16f,0.24817458865913586f,-0.9687153212083871f,0.6053837125854296f,0f,0f,0f,1f], start_interpolation: 0, interpolation_duration: 1 }
$data merge entity $(bone_head) { transformation: [-1f,-3.0392621563112176e-17f,1.1863341174028513e-16f,-4.204650415750294e-17f,0f,0.9687153212083871f,0.24817458865913586f,3.3913672335745524f,-1.2246467991473532e-16f,0.24817458865913586f,-0.9687153212083871f,0.34273573979911376f,0f,0f,0f,1f], start_interpolation: 0, interpolation_duration: 1 }
$data merge entity $(bone_leftthumb2) { transformation: [-0.9455821206888082f,-0.1350538068415053f,-0.29603196160427225f,0.8470374007678184f,-0.005593792569188412f,0.9164065962949075f,-0.4002095198166521f,1.6279842071049733f,0.3253354615137255f,-0.3767750250810153f,-0.8672931557189021f,0.1040252485209184f,0f,0f,0f,1f], start_interpolation: 0, interpolation_duration: 1 }
$data merge entity $(bone_leftthumb) { transformation: [-0.9455821206888082f,-0.1350538068415053f,-0.29603196160427225f,0.7886183161846935f,-0.005593792569188412f,0.9164065962949075f,-0.4002095198166521f,1.8185251467570955f,0.3253354615137255f,-0.3767750250810153f,-0.8672931557189021f,-0.06249270542236057f,0f,0f,0f,1f], start_interpolation: 0, interpolation_duration: 1 }
$data merge entity $(bone_leftpointerfinger) { transformation: [-0.9455821206888082f,-0.1350538068415053f,-0.29603196160427225f,0.9224793928047006f,-0.005593792569188412f,0.9164065962949075f,-0.4002095198166521f,1.4996812321686783f,0.3253354615137255f,-0.3767750250810153f,-0.8672931557189021f,-0.01510133309503972f,0f,0f,0f,1f], start_interpolation: 0, interpolation_duration: 1 }
$data merge entity $(bone_leftmidfinger) { transformation: [-0.9455821206888082f,-0.1350538068415053f,-0.29603196160427225f,0.876224398804033f,-0.005593792569188412f,0.9164065962949075f,-0.4002095198166521f,1.4371484946973265f,0.3253354615137255f,-0.3767750250810153f,-0.8672931557189021f,-0.15061588867611816f,0f,0f,0f,1f], start_interpolation: 0, interpolation_duration: 1 }
$data merge entity $(bone_leftringfinger) { transformation: [-0.9455821206888082f,-0.1350538068415053f,-0.29603196160427225f,0.8299694048033655f,-0.005593792569188412f,0.9164065962949075f,-0.4002095198166521f,1.3746157572259745f,0.3253354615137255f,-0.3767750250810153f,-0.8672931557189021f,-0.28613044425719664f,0f,0f,0f,1f], start_interpolation: 0, interpolation_duration: 1 }
$data merge entity $(bone_invisibility) { transformation: [-0.16034077182328105f,0.28313475576970504f,0.9455821206888079f,0.7396622338523928f,0.8780388345709854f,0.4785566993261282f,0.005593792569188374f,1.6113709150259814f,-0.4509308615257329f,0.8311547362587253f,-0.3253354615137256f,0.03179220868676346f,0f,0f,0f,1f], start_interpolation: 0, interpolation_duration: 1 }
$data merge entity $(bone_swiftness) { transformation: [-0.2960319616042725f,-0.1350538068415053f,0.9455821206888081f,0.6531959337413218f,-0.4002095198166521f,0.9164065962949075f,0.005593792569188323f,1.411943370363111f,-0.867293155718902f,-0.3767750250810153f,-0.32533546151372567f,-0.06285907402706091f,0f,0f,0f,1f], start_interpolation: 0, interpolation_duration: 1 }
$data merge entity $(bone_suspicious_stew) { transformation: [-0.24750882984228692f,0.2112198669248655f,0.9455821206888084f,0.6904868882472874f,0.6614105827168328f,0.750003167029895f,0.005593792569188514f,1.4933750708590352f,-0.7080080650813816f,0.6268025345045838f,-0.3253354615137256f,-0.11316392870985809f,0f,0f,0f,1f], start_interpolation: 0, interpolation_duration: 1 }
$data merge entity $(bone_log) { transformation: [-0.9455821206888082f,-0.1350538068415053f,-0.29603196160427225f,0.5710803403773232f,-0.005593792569188412f,0.9164065962949075f,-0.4002095198166521f,1.5886416561011316f,0.3253354615137255f,-0.3767750250810153f,-0.8672931557189021f,-0.17041497400239677f,0f,0f,0f,1f], start_interpolation: 0, interpolation_duration: 1 }
$data merge entity $(bone_planks) { transformation: [-0.9455821206888082f,-0.1350538068415053f,-0.29603196160427225f,0.48243201656274737f,-0.005593792569188412f,0.9164065962949075f,-0.4002095198166521f,1.5881172380477704f,0.3253354615137255f,-0.3767750250810153f,-0.8672931557189021f,-0.139914774485485f,0f,0f,0f,1f], start_interpolation: 0, interpolation_duration: 1 }
$data merge entity $(bone_lefthand1) { transformation: [-0.9455821206888082f,-0.1350538068415053f,-0.29603196160427225f,0.7829634176392825f,-0.005593792569188412f,0.9164065962949075f,-0.4002095198166521f,1.8316483008114262f,0.3253354615137255f,-0.3767750250810153f,-0.8672931557189021f,-0.3188396845348663f,0f,0f,0f,1f], start_interpolation: 0, interpolation_duration: 1 }
$data merge entity $(bone_leftforearm) { transformation: [-0.943641309562961f,0.019487166163258865f,-0.33039571613631064f,0.7428501825647686f,0.06873451863610441f,0.9880392242672408f,-0.13803643452817793f,2.532816107078589f,0.32375398813630535f,-0.15296647235363198f,-0.9336940684729248f,-0.3915706413301052f,0f,0f,0f,1f], start_interpolation: 0, interpolation_duration: 1 }
$data merge entity $(bone_leftelbow) { transformation: [-0.943641309562961f,0.3047844583547158f,-0.1290252410643844f,0.7999972685062778f,0.06873451863610441f,0.5618073129376742f,0.8244077323009609f,2.638154978254403f,0.32375398813630535f,0.7690767042858422f,-0.5510938015353324f,-0.2473687592765098f,0f,0f,0f,1f], start_interpolation: 0, interpolation_duration: 1 }
$data merge entity $(bone_leftarm) { transformation: [-0.943641309562961f,0.3047844583547158f,-0.1290252410643844f,0.75f,0.06873451863610441f,0.5618073129376742f,0.8244077323009609f,2.9083315690404827f,0.32375398813630535f,0.7690767042858422f,-0.5510938015353324f,0.22521245906920723f,0f,0f,0f,1f], start_interpolation: 0, interpolation_duration: 1 }
$data merge entity $(bone_rightthumb2) { transformation: [-0.947935737695734f,0.10300952540205606f,0.3013417907886121f,-0.8067292865204617f,0.005319803506598086f,0.9512318821828545f,-0.30843087719862744f,1.652422363375969f,-0.31841723711177405f,-0.29076957199010156f,-0.9022546863911527f,-0.018648596674492146f,0f,0f,0f,1f], start_interpolation: 0, interpolation_duration: 1 }
$data merge entity $(bone_rightthumb) { transformation: [-0.947935737695734f,0.10300952540205606f,0.3013417907886121f,-0.7557150569007302f,0.005319803506598086f,0.9512318821828545f,-0.30843087719862744f,1.8593471165539959f,-0.31841723711177405f,-0.29076957199010156f,-0.9022546863911527f,-0.16706208329554656f,0f,0f,0f,1f], start_interpolation: 0, interpolation_duration: 1 }
$data merge entity $(bone_rightpointerfinger) { transformation: [-0.947935737695734f,0.10300952540205606f,0.3013417907886121f,-0.8790701322905344f,0.005319803506598086f,0.9512318821828545f,-0.30843087719862744f,1.5333483113525954f,-0.31841723711177405f,-0.29076957199010156f,-0.9022546863911527f,-0.14877339121998007f,0f,0f,0f,1f], start_interpolation: 0, interpolation_duration: 1 }
$data merge entity $(bone_rightmidfinger) { transformation: [-0.947935737695734f,0.10300952540205606f,0.3013417907886121f,-0.8319854774798138f,0.005319803506598086f,0.9512318821828545f,-0.30843087719862744f,1.48515598679031f,-0.31841723711177405f,-0.29076957199010156f,-0.9022546863911527f,-0.28975068596859765f,0f,0f,0f,1f], start_interpolation: 0, interpolation_duration: 1 }
$data merge entity $(bone_rightringfinger) { transformation: [-0.947935737695734f,0.10300952540205606f,0.3013417907886121f,-0.7849008226690931f,0.005319803506598086f,0.9512318821828545f,-0.30843087719862744f,1.4369636622280244f,-0.31841723711177405f,-0.29076957199010156f,-0.9022546863911527f,-0.4307279807172153f,0f,0f,0f,1f], start_interpolation: 0, interpolation_duration: 1 }
$data merge entity $(bone_hugeasssword) { transformation: [-3.7127483059749586f,0.40345397449138626f,1.1802553472553976f,-0.5639747027881639f,0.02083589706750917f,3.72565820521618f,-1.2080209356946243f,1.6817811225084904f,-1.2471341786877819f,-1.1388474902945644f,-3.533830855032015f,-0.2501359471964103f,0f,0f,0f,1f], start_interpolation: 0, interpolation_duration: 1 }
$data merge entity $(bone_ice) { transformation: [-0.947935737695734f,0.10300952540205606f,0.3013417907886121f,-0.5507727307210752f,0.005319803506598086f,0.9512318821828545f,-0.30843087719862744f,1.6668350024195928f,-0.31841723711177405f,-0.29076957199010156f,-0.9022546863911527f,-0.24061740330419348f,0f,0f,0f,1f], start_interpolation: 0, interpolation_duration: 1 }
$data merge entity $(bone_righthand1) { transformation: [-0.947935737695734f,0.10300952540205606f,0.3013417907886121f,-0.7525873528323506f,0.005319803506598086f,0.9512318821828545f,-0.30843087719862744f,1.8963344589294988f,-0.31841723711177405f,-0.29076957199010156f,-0.9022546863911527f,-0.4211095645293859f,0f,0f,0f,1f], start_interpolation: 0, interpolation_duration: 1 }
$data merge entity $(bone_rightforearm) { transformation: [-0.943641309562961f,-0.051863352460048015f,0.3268811275646009f,-0.7351837083013336f,-0.06873451863610447f,0.9968220576937095f,-0.0402660060490429f,2.602150032004661f,-0.3237539881363056f,-0.06046468363336893f,-0.9442072744895336f,-0.4286359322866804f,0f,0f,0f,1f], start_interpolation: 0, interpolation_duration: 1 }
$data merge entity $(bone_rightelbow) { transformation: [-0.943641309562961f,-0.31756184282881283f,0.09324995906416501f,-0.7947265538317361f,-0.06873451863610447f,0.46363738587403636f,0.883354934535237f,2.689082041856043f,-0.3237539881363056f,0.8271607161846228f,-0.4593348503725563f,-0.2735432980020636f,0f,0f,0f,1f], start_interpolation: 0, interpolation_duration: 1 }
$data merge entity $(bone_rightarm) { transformation: [-0.943641309562961f,-0.31756184282881283f,0.09324995906416501f,-0.75f,-0.06873451863610447f,0.46363738587403636f,0.883354934535237f,2.9083315690404827f,-0.3237539881363056f,0.8271607161846228f,-0.4593348503725563f,0.22521245906920706f,0f,0f,0f,1f], start_interpolation: 0, interpolation_duration: 1 }
$data merge entity $(bone_chest1) { transformation: [-1.0833333333333333f,-3.867717897991326e-17f,1.2690714430421625e-16f,-0.002323125000000009f,0f,1.0362754746313299f,0.3158231337136701f,2.787082506286173f,-1.3267006990762992e-16f,0.3158231337136701f,-1.0362754746313299f,0.07319199179758368f,0f,0f,0f,1f], start_interpolation: 0, interpolation_duration: 1 }
$data merge entity $(bone_chest1lid) { transformation: [-1f,-3.5702011366073784e-17f,1.17145056280815e-16f,-0.34375000000000006f,0f,0.9565619765827661f,0.2915290465049263f,2.0192398569692633f,-1.2246467991473532e-16f,0.2915290465049263f,-0.9565619765827661f,0.2482678819945785f,0f,0f,0f,1f], start_interpolation: 0, interpolation_duration: 1 }
$data merge entity $(bone_chest2) { transformation: [-1f,-3.5702011366073784e-17f,1.17145056280815e-16f,-0.34375000000000006f,0f,0.9565619765827661f,0.2915290465049263f,1.8697770481282063f,-1.2246467991473532e-16f,0.2915290465049263f,-0.9565619765827661f,0.20271646847818378f,0f,0f,0f,1f], start_interpolation: 0, interpolation_duration: 1 }
$data merge entity $(bone_chest1lid3) { transformation: [-1f,-3.5702011366073784e-17f,1.17145056280815e-16f,-0.28124999999999994f,0f,0.9565619765827661f,0.2915290465049263f,2.2060006523864817f,-1.2246467991473532e-16f,0.2915290465049263f,-0.9565619765827661f,-0.364529634253756f,0f,0f,0f,1f], start_interpolation: 0, interpolation_duration: 1 }
$data merge entity $(bone_chest3) { transformation: [-1f,-3.5702011366073784e-17f,1.17145056280815e-16f,-0.28124999999999994f,0f,0.9565619765827661f,0.2915290465049263f,2.0565378435454247f,-1.2246467991473532e-16f,0.2915290465049263f,-0.9565619765827661f,-0.41008104777015075f,0f,0f,0f,1f], start_interpolation: 0, interpolation_duration: 1 }
$data merge entity $(bone_hugeasssword2) { transformation: [-1.3284928397228983e-15f,2.887669569172986f,-2.646061646494669f,-1.234375f,-1.141822098810961f,2.531121958730789f,2.7622349108060162f,3.9742169380625962f,3.7465344082825007f,0.7714038287958468f,0.8418395561222906f,0.15803076435559596f,0f,0f,0f,1f], start_interpolation: 0, interpolation_duration: 1 }
$data merge entity $(bone_belt) { transformation: [-1f,-3.5702011366073784e-17f,1.17145056280815e-16f,0.02970562499999999f,0f,0.9565619765827661f,0.2915290465049263f,2.3678932931438488f,-1.2246467991473532e-16f,0.2915290465049263f,-0.9565619765827661f,0.08228358084290191f,0f,0f,0f,1f], start_interpolation: 0, interpolation_duration: 1 }
$data merge entity $(bone_torn_part) { transformation: [-1f,-6.927581122252597e-17f,1.0098742399962246e-16f,-0.09375f,0f,0.8246248965002303f,0.5656799272309248f,2.0966772599471346f,-1.2246467991473532e-16f,0.5656799272309248f,-0.8246248965002303f,-0.0058188930352187085f,0f,0f,0f,1f], start_interpolation: 0, interpolation_duration: 1 }
$data merge entity $(bone_lowerbody) { transformation: [-1f,-3.5702011366073784e-17f,1.17145056280815e-16f,0.003906250000000002f,0f,0.9565619765827661f,0.2915290465049263f,1.5886097101540755f,-1.2246467991473532e-16f,0.2915290465049263f,-0.9565619765827661f,-0.013650532317000752f,0f,0f,0f,1f], start_interpolation: 0, interpolation_duration: 1 }
$data merge entity $(bone_leftfoot) { transformation: [-0.9416236658508101f,0.020628311300894875f,-0.33603473731528866f,0.23048137074791536f,0.018014516731278827f,0.9997783717648716f,0.01089424334780964f,0.1498859815063398f,0.3361849923726818f,0.004204773960178154f,-0.9417865845186606f,-0.18527474698519109f,0f,0f,0f,1f], start_interpolation: 0, interpolation_duration: 1 }
$data merge entity $(bone_leftlowerleg) { transformation: [-0.9450118477487544f,0.21139928016799756f,-0.24952545352916894f,0.5033409414451853f,0.01652942746748029f,0.7928903820916093f,0.6091400660063492f,0.9359070429851322f,0.3266181036655535f,0.5715200664290577f,-0.7527851141108222f,0.5644174660577984f,0f,0f,0f,1f], start_interpolation: 0, interpolation_duration: 1 }
$data merge entity $(bone_leftleg) { transformation: [-0.9450118477487544f,-0.216648567113329f,-0.24498164417406124f,0.25f,0.01652942746748029f,0.7164975383131608f,-0.6973937593775688f,1.715863663158715f,0.3266181036655535f,-0.6630947714760858f,-0.6735175858127207f,-0.11237425211595749f,0f,0f,0f,1f], start_interpolation: 0, interpolation_duration: 1 }
$data merge entity $(bone_rightfoot) { transformation: [-0.9045027418399489f,0.006150504230547138f,0.4264234530390241f,-0.29024589808023327f,0.013801526012413589f,0.9997944107250771f,0.014854432423495156f,0.14783601089742648f,-0.4262444227010408f,0.01932116923494892f,-0.9044016721212156f,-0.15105780641327848f,0f,0f,0f,1f], start_interpolation: 0, interpolation_duration: 1 }
$data merge entity $(bone_rightlowerleg) { transformation: [-0.9045027418399489f,-0.23668948291248829f,0.35475749277870616f,-0.6073302298876923f,0.013801526012413589f,0.8151689701269234f,0.5790587776918157f,0.9631942393217869f,-0.4262444227010408f,0.5286564468734206f,-0.7340558924873681f,0.5482049157230771f,0f,0f,0f,1f], start_interpolation: 0, interpolation_duration: 1 }
$data merge entity $(bone_rightleg) { transformation: [-0.9045027418399489f,0.3167079881168528f,0.285606092839404f,-0.24999999999999997f,0.013801526012413589f,0.6910888203241377f,-0.7226380562236674f,1.715863663158715f,-0.4262444227010408f,-0.6496863032925715f,-0.6294627863744522f,-0.11237425211595754f,0f,0f,0f,1f], start_interpolation: 0, interpolation_duration: 1 }
data modify entity @s data merge value {"locators":{"lefthand":{"posx":0.6749052422514583,"posy":1.5238250825660888,"posz":-0.15792816912674637,"roty":341.1537590669263,"rotx":-23.591277225543486},"righthand":{"posx":-0.6459596954455294,"posy":1.6572899682954578,"posz":-0.25182801524621523,"roty":18.468675302818326,"rotx":-17.964693285345113},"chest":{"posx":-0.37500000000000006,"posy":1.913903319916446,"posz":0.3795101254290778,"roty":0,"rotx":16.94952000000001},"sack":{"posx":0,"posy":-0.4375,"posz":0,"roty":0,"rotx":0}},"cameras":{}}