# This file was generated by Animated Java via MC-Build. It is not recommended to edit this file directly.
$data merge entity $(bone_nose) { transformation: [-1f,-5.3199386430064755e-17f,1.1030604294454235e-16f,-5.96858349004745e-17f,0f,0.9007171947155842f,0.4344059566162606f,3.9718845730276797f,-1.2246467991473532e-16f,0.4344059566162606f,-0.9007171947155842f,0.4860011879824887f,0f,0f,0f,1f], start_interpolation: 0, interpolation_duration: 1 }
$data merge entity $(bone_glowing_eye) { transformation: [-1f,-5.3199386430064755e-17f,1.1030604294454235e-16f,-0.12500000000000006f,0f,0.9007171947155842f,0.4344059566162606f,4.017711578077285f,-1.2246467991473532e-16f,0.4344059566162606f,-0.9007171947155842f,0.5468450902516542f,0f,0f,0f,1f], start_interpolation: 0, interpolation_duration: 1 }
$data merge entity $(bone_head) { transformation: [-1f,-5.3199386430064755e-17f,1.1030604294454235e-16f,-3.2461582840592434e-17f,0f,0.9007171947155842f,0.4344059566162606f,3.942011515971611f,-1.2246467991473532e-16f,0.4344059566162606f,-0.9007171947155842f,0.2636982996816607f,0f,0f,0f,1f], start_interpolation: 0, interpolation_duration: 1 }
$data merge entity $(bone_leftthumb2) { transformation: [-0.9987423947369193f,-0.04644371630574066f,0.01888412483742857f,1.030362537986202f,-0.04700161171438808f,0.9984364144520316f,-0.030258466458514877f,1.7623249491303812f,-0.017449282260700704f,-0.03110799755501875f,-0.9993637050827409f,0.3255200922308431f,0f,0f,0f,1f], start_interpolation: 0, interpolation_duration: 1 }
$data merge entity $(bone_leftthumb) { transformation: [-0.9987423947369193f,-0.04644371630574066f,0.01888412483742857f,1.020586354988386f,-0.04700161171438808f,0.9984364144520316f,-0.030258466458514877f,2.004598178604255f,-0.017449282260700704f,-0.03110799755501875f,-0.9993637050827409f,0.23248796531334812f,0f,0f,0f,1f], start_interpolation: 0, interpolation_duration: 1 }
$data merge entity $(bone_leftpointerfinger) { transformation: [-0.9987423947369193f,-0.04644371630574066f,0.01888412483742857f,1.145948342177312f,-0.04700161171438808f,0.9984364144520316f,-0.030258466458514877f,1.6807086657782002f,-0.017449282260700704f,-0.03110799755501875f,-0.9993637050827409f,0.1977586185825993f,0f,0f,0f,1f], start_interpolation: 0, interpolation_duration: 1 }
$data merge entity $(bone_leftmidfinger) { transformation: [-0.9987423947369193f,-0.04644371630574066f,0.01888412483742857f,1.1488989866831603f,-0.04700161171438808f,0.9984364144520316f,-0.030258466458514877f,1.6759807803940574f,-0.017449282260700704f,-0.03110799755501875f,-0.9993637050827409f,0.04160803966342105f,0f,0f,0f,1f], start_interpolation: 0, interpolation_duration: 1 }
$data merge entity $(bone_leftringfinger) { transformation: [-0.9987423947369193f,-0.04644371630574066f,0.01888412483742857f,1.1518496311890085f,-0.04700161171438808f,0.9984364144520316f,-0.030258466458514877f,1.6712528950099144f,-0.017449282260700704f,-0.03110799755501875f,-0.9993637050827409f,-0.11454253925575723f,0f,0f,0f,1f], start_interpolation: 0, interpolation_duration: 1 }
$data merge entity $(bone_invisibility) { transformation: [-0.044621124017110624f,-0.02286010163173728f,0.9987423947369191f,0.9530142327920296f,0.9919998633402494f,0.11716279114623498f,0.04700161171438812f,1.782045423489272f,-0.11808990822409846f,0.9928495838364491f,0.01744928226070048f,0.2223145567099734f,0f,0f,0f,1f], start_interpolation: 0, interpolation_duration: 1 }
$data merge entity $(bone_swiftness) { transformation: [0.018884124837428348f,-0.04644371630574066f,0.9987423947369193f,0.910826644136675f,-0.030258466458514887f,0.9984364144520316f,0.047001611714388075f,1.6387188310788796f,-0.9993637050827409f,-0.03110799755501875f,0.017449282260700482f,0.03823759667422341f,0f,0f,0f,1f], start_interpolation: 0, interpolation_duration: 1 }
$data merge entity $(bone_suspicious_stew) { transformation: [-0.03411152573352536f,-0.03674279204544391f,0.9987423947369195f,0.958732055400879f,0.8921029167811915f,0.4493809457094734f,0.04700161171438821f,1.7295702541008615f,-0.45054277231204365f,0.8925843001453503f,0.017449282260700704f,0.036392049392350995f,0f,0f,0f,1f], start_interpolation: 0, interpolation_duration: 1 }
$data merge entity $(bone_log) { transformation: [-0.9987423947369193f,-0.04644371630574066f,0.01888412483742857f,0.8601796847078298f,-0.04700161171438808f,0.9984364144520316f,-0.030258466458514877f,1.8485500391938987f,-0.017449282260700704f,-0.03110799755501875f,-0.9993637050827409f,-0.015977494189720498f,0f,0f,0f,1f], start_interpolation: 0, interpolation_duration: 1 }
$data merge entity $(bone_planks) { transformation: [-0.9987423947369193f,-0.04644371630574066f,0.01888412483742857f,0.7665475852012436f,-0.04700161171438808f,0.9984364144520316f,-0.030258466458514877f,1.8441436380956748f,-0.017449282260700704f,-0.03110799755501875f,-0.9993637050827409f,-0.017613364401661225f,0f,0f,0f,1f], start_interpolation: 0, interpolation_duration: 1 }
$data merge entity $(bone_lefthand) { transformation: [-0.9987423947369193f,-0.04644371630574066f,0.01888412483742857f,1.0976642254144549f,-0.04700161171438808f,0.9984364144520316f,-0.030258466458514877f,2.1108551228123322f,-0.017449282260700704f,-0.03110799755501875f,-0.9993637050827409f,0.011837942770535619f,0f,0f,0f,1f], start_interpolation: 0, interpolation_duration: 1 }
$data merge entity $(bone_leftforearm) { transformation: [-0.9987423947369193f,-0.04644371630574066f,0.01888412483742857f,1.0022920232653387f,-0.04700161171438808f,0.9984364144520316f,-0.030258466458514877f,2.810415914530182f,-0.017449282260700704f,-0.03110799755501875f,-0.9993637050827409f,0.004489609740287091f,0f,0f,0f,1f], start_interpolation: 0, interpolation_duration: 1 }
$data merge entity $(bone_leftelbow) { transformation: [-0.9987423947369193f,-0.04644371630574066f,0.01888412483742857f,0.9935838264580122f,-0.04700161171438808f,0.9984364144520316f,-0.030258466458514877f,2.997622742239938f,-0.017449282260700704f,-0.03110799755501875f,-0.9993637050827409f,-0.0013431398012789253f,0f,0f,0f,1f], start_interpolation: 0, interpolation_duration: 1 }
$data merge entity $(bone_leftarm) { transformation: [-0.9987423947369193f,-0.050101568577855804f,0.0018605862522654065f,0.75f,-0.04700161171438808f,0.9485723360194712f,0.3130517079250862f,3.4518444418144925f,-0.017449282260700704f,0.3125705618969931f,-0.9497342609298585f,0.18080430630674743f,0f,0f,0f,1f], start_interpolation: 0, interpolation_duration: 1 }
$data merge entity $(bone_rightthumb2) { transformation: [-0.999685556051695f,0.022525727649820308f,-0.011017287118870378f,-0.9904819399443638f,0.02350722956913706f,0.9948061823276483f,-0.09903569942537838f,1.7850302637256843f,0.008729214145465477f,-0.0992635441465603f,-0.995022888994955f,0.39856293246462837f,0f,0f,0f,1f], start_interpolation: 0, interpolation_duration: 1 }
$data merge entity $(bone_rightthumb) { transformation: [-0.999685556051695f,0.022525727649820308f,-0.011017287118870378f,-0.9858991839951636f,0.02350722956913706f,0.9948061823276483f,-0.09903569942537838f,2.0205356756115282f,0.008729214145465477f,-0.0992635441465603f,-0.995022888994955f,0.2891871242029792f,0f,0f,0f,1f], start_interpolation: 0, interpolation_duration: 1 }
$data merge entity $(bone_rightpointerfinger) { transformation: [-0.999685556051695f,0.022525727649820308f,-0.011017287118870378f,-1.103147481407112f,0.02350722956913706f,0.9948061823276483f,-0.09903569942537838f,1.6920437018588284f,0.008729214145465477f,-0.0992635441465603f,-0.995022888994955f,0.27607103450159104f,0f,0f,0f,1f], start_interpolation: 0, interpolation_duration: 1 }
$data merge entity $(bone_rightmidfinger) { transformation: [-0.999685556051695f,0.022525727649820308f,-0.011017287118870378f,-1.1048689325194356f,0.02350722956913706f,0.9948061823276483f,-0.09903569942537838f,1.676569373823613f,0.008729214145465477f,-0.0992635441465603f,-0.995022888994955f,0.12059870809612935f,0f,0f,0f,1f], start_interpolation: 0, interpolation_duration: 1 }
$data merge entity $(bone_rightringfinger) { transformation: [-0.999685556051695f,0.022525727649820308f,-0.011017287118870378f,-1.106590383631759f,0.02350722956913706f,0.9948061823276483f,-0.09903569942537838f,1.6610950457883977f,0.008729214145465477f,-0.0992635441465603f,-0.995022888994955f,-0.034873618309332374f,0f,0f,0f,1f], start_interpolation: 0, interpolation_duration: 1 }
$data merge entity $(bone_hugeasssword) { transformation: [-3.9154350945358054f,0.08822576662846288f,-0.04315104121557565f,-0.834579773153102f,0.09206998247912017f,3.8963242141166226f,-0.38788982274939865f,1.873942704558136f,0.03418942206973979f,-0.3887822145740279f,-3.897172981896907f,0.11366433582451618f,0f,0f,0f,1f], start_interpolation: 0, interpolation_duration: 1 }
$data merge entity $(bone_ice) { transformation: [-0.999685556051695f,0.022525727649820308f,-0.011017287118870378f,-0.8193116508343227f,0.02350722956913706f,0.9948061823276483f,-0.09903569942537838f,1.8580315574972488f,0.008729214145465477f,-0.0992635441465603f,-0.995022888994955f,0.11507893473078329f,0f,0f,0f,1f], start_interpolation: 0, interpolation_duration: 1 }
$data merge entity $(bone_righthand) { transformation: [-0.999685556051695f,0.022525727649820308f,-0.011017287118870378f,-1.063945898157256f,0.02350722956913706f,0.9948061823276483f,-0.09903569942537838f,2.109515044864402f,0.008729214145465477f,-0.0992635441465603f,-0.995022888994955f,0.061350886949417247f,0f,0f,0f,1f], start_interpolation: 0, interpolation_duration: 1 }
$data merge entity $(bone_rightforearm) { transformation: [-0.999685556051695f,0.022525727649820308f,-0.011017287118870378f,-0.9854550035390129f,0.02350722956913706f,0.9948061823276483f,-0.09903569942537838f,2.80906637276898f,0.008729214145465477f,-0.0992635441465603f,-0.995022888994955f,0.006557864227821609f,0f,0f,0f,1f], start_interpolation: 0, interpolation_duration: 1 }
$data merge entity $(bone_rightelbow) { transformation: [-0.999685556051695f,0.022525727649820308f,-0.011017287118870378f,-0.9812314296046716f,0.02350722956913706f,0.9948061823276483f,-0.09903569942537838f,2.995592531955414f,0.008729214145465477f,-0.0992635441465603f,-0.995022888994955f,-0.012054050299658448f,0f,0f,0f,1f], start_interpolation: 0, interpolation_duration: 1 }
$data merge entity $(bone_rightarm) { transformation: [-0.999685556051695f,0.025071349108974118f,-0.0004652692440393325f,-0.75f,0.02350722956913706f,0.9434548847771768f,0.33066643396037054f,3.4518444418144925f,0.008729214145465477f,0.33055152071037297f,-0.9437475790572724f,0.18080430630674724f,0f,0f,0f,1f], start_interpolation: 0, interpolation_duration: 1 }
$data merge entity $(bone_chest) { transformation: [-1.0833333333333333f,-2.955935682277057e-17f,1.2933519193753702e-16f,-0.002323125000000005f,0f,1.0561019881616904f,0.24137046569958737f,3.320097076463986f,-1.3267006990762992e-16f,0.24137046569958737f,-1.0561019881616904f,0.03778616266237847f,0f,0f,0f,1f], start_interpolation: 0, interpolation_duration: 1 }
$data merge entity $(bone_chest1lid) { transformation: [-1f,-2.7285560144095915e-17f,1.1938633101926496e-16f,-0.34375000000000006f,0f,0.9748633736877144f,0.22280350679961913f,2.5666399839780905f,-1.2246467991473532e-16f,0.22280350679961913f,-0.9748633736877144f,0.26699417129423836f,0f,0f,0f,1f], start_interpolation: 0, interpolation_duration: 1 }
$data merge entity $(bone_chest1) { transformation: [-1f,-2.7285560144095915e-17f,1.1938633101926496e-16f,-0.34375000000000006f,0f,0.9748633736877144f,0.22280350679961913f,2.414317581839385f,-1.2246467991473532e-16f,0.22280350679961913f,-0.9748633736877144f,0.23218112335679786f,0f,0f,0f,1f], start_interpolation: 0, interpolation_duration: 1 }
$data merge entity $(bone_chest1lid3) { transformation: [-1f,-2.7285560144095915e-17f,1.1938633101926496e-16f,-0.28124999999999994f,0f,0.9748633736877144f,0.22280350679961913f,2.7093734805215965f,-1.2246467991473532e-16f,0.22280350679961913f,-0.9748633736877144f,-0.3575276774744537f,0f,0f,0f,1f], start_interpolation: 0, interpolation_duration: 1 }
$data merge entity $(bone_chest3) { transformation: [-1f,-2.7285560144095915e-17f,1.1938633101926496e-16f,-0.28124999999999994f,0f,0.9748633736877144f,0.22280350679961913f,2.5570510783828913f,-1.2246467991473532e-16f,0.22280350679961913f,-0.9748633736877144f,-0.3923407254118942f,0f,0f,0f,1f], start_interpolation: 0, interpolation_duration: 1 }
$data merge entity $(bone_hugeasssword2) { transformation: [-1.3372711657818271e-15f,2.887669569172986f,-2.646061646494669f,-1.234375f,-0.8726470682985081f,2.579548583687462f,2.8150832982993257f,4.510259130552065f,3.8182148802768814f,0.5895518140469871f,0.6433829064902854f,0.03803404797347343f,0f,0f,0f,1f], start_interpolation: 0, interpolation_duration: 1 }
$data merge entity $(bone_belt) { transformation: [-1f,-2.7285560144095915e-17f,1.1938633101926496e-16f,0.02970562499999999f,0f,0.9748633736877144f,0.22280350679961913f,2.9026142127741212f,-1.2246467991473532e-16f,0.22280350679961913f,-0.9748633736877144f,0.07664889457304219f,0f,0f,0f,1f], start_interpolation: 0, interpolation_duration: 1 }
$data merge entity $(bone_torn_part) { transformation: [-1f,-5.2478714816007883e-17f,1.10650722175134e-16f,-0.09375000000000001f,0f,0.9035317142230179f,0.42852122630415246f,2.6303172167078746f,-1.2246467991473532e-16f,0.42852122630415246f,-0.9035317142230179f,0.021340771447753107f,0f,0f,0f,1f], start_interpolation: 0, interpolation_duration: 1 }
$data merge entity $(bone_lowerbody) { transformation: [-1f,-1.6776525996109976e-17f,1.2131012324666241e-16f,0.0039062499999999883f,0f,0.9905723293534368f,0.13699073077878818f,2.127375f,-1.2246467991473532e-16f,0.13699073077878818f,-0.9905723293534368f,0.09375f,0f,0f,0f,1f], start_interpolation: 0, interpolation_duration: 1 }
$data merge entity $(bone_leftfoot) { transformation: [-0.9881045675913929f,-0.08102335835432564f,-0.13070799097994404f,0.4219519019348808f,-0.08153474494122442f,0.9966694548423497f,-0.001443312725294188f,0.1569061020859609f,0.13038960415767842f,0.009231098810003724f,-0.9914198595662506f,-0.2591033451505136f,0f,0f,0f,1f], start_interpolation: 0, interpolation_duration: 1 }
$data merge entity $(bone_leftlowerleg) { transformation: [-0.9881045675913929f,-0.033241207417637635f,-0.15014787922060102f,0.4081445022012128f,-0.08153474494122442f,0.9410737650852601f,0.328225919201428f,1.1504793337305184f,0.13038960415767842f,0.336563799000532f,-0.9325895990895102f,0.2575604311863089f,0f,0f,0f,1f], start_interpolation: 0, interpolation_duration: 1 }
$data merge entity $(bone_leftleg) { transformation: [-0.9881045675913929f,-0.12207238414143932f,-0.09352912132085635f,0.25f,-0.08153474494122442f,0.9315248122591226f,-0.354420103144525f,2.14690625f,0.13038960415767842f,-0.3425782497118448f,-0.9303970625232932f,-0.07812499999999997f,0f,0f,0f,1f], start_interpolation: 0, interpolation_duration: 1 }
$data merge entity $(bone_rightfoot) { transformation: [-0.983869248116652f,0.07189762907100325f,0.16380486422674478f,-0.4159515509055601f,0.07975175148229813f,0.9959346473589766f,0.041878829084115665f,0.1934436614653039f,-0.16012795116993042f,0.05426701690639746f,-0.9856034345162364f,-0.2265527735641404f,0f,0f,0f,1f], start_interpolation: 0, interpolation_duration: 1 }
$data merge entity $(bone_rightlowerleg) { transformation: [-0.983869248116652f,0.01699113093933599f,0.17808033041236251f,-0.42446327868614814f,0.07975175148229813f,0.9327386741278604f,0.35162227449595235f,1.174175403947047f,-0.16012795116993042f,0.36015256108433186f,-0.9190479704555781f,0.3141991737144191f,0f,0f,0f,1f], start_interpolation: 0, interpolation_duration: 1 }
$data merge entity $(bone_rightleg) { transformation: [-0.983869248116652f,0.13805183794178602f,0.1137672740785711f,-0.25f,0.07975175148229813f,0.9077630106918028f,-0.41183245932692075f,2.14690625f,-0.16012795116993042f,-0.3961161527388765f,-0.9041299866686601f,-0.07812500000000003f,0f,0f,0f,1f], start_interpolation: 0, interpolation_duration: 1 }
data modify entity @s data merge value {"locators":{"lefthand":{"posx":0.9571451351002171,"posy":1.775426383951472,"posz":0.003703746223123836,"roty":1.0825407167885714,"rotx":-1.7339470843225229},"righthand":{"posx":-0.9132119910974652,"posy":1.8462389464740074,"posz":0.13299552407475684,"roty":359.3656243830511,"rotx":-5.683644478493956},"chest":{"posx":-0.37500000000000006,"posy":2.470897975185168,"posz":0.4053913542579675,"roty":0,"rotx":12.873750000000001},"sack":{"posx":0,"posy":-0.4375,"posz":0,"roty":0,"rotx":0}},"cameras":{}}