# This file was generated by Animated Java via MC-Build. It is not recommended to edit this file directly.
$data merge entity $(bone_nose) { transformation: [-1f,-8.429771136872015e-17f,8.88340795225263e-17f,-7.377875727195978e-17f,0f,0.7253853077015842f,0.6883430506445737f,3.9622915393135107f,-1.2246467991473532e-16f,0.6883430506445737f,-0.7253853077015842f,0.6002625982007815f,0f,0f,0f,1f], start_interpolation: 0, interpolation_duration: 1 }
$data merge entity $(bone_glowing_eye) { transformation: [-1f,-8.429771136872015e-17f,8.88340795225263e-17f,-0.1250000000000001f,0f,0.7253853077015842f,0.6883430506445737f,3.9873858574338845f,-1.2246467991473532e-16f,0.6883430506445737f,-0.7253853077015842f,0.6721817891947699f,0f,0f,0f,1f], start_interpolation: 0, interpolation_duration: 1 }
$data merge entity $(bone_head) { transformation: [-1f,-8.429771136872015e-17f,8.88340795225263e-17f,-4.6735313741507606e-17f,0f,0.7253853077015842f,0.6883430506445737f,4.001618906296056f,-1.2246467991473532e-16f,0.6883430506445737f,-0.7253853077015842f,0.3794361235855629f,0f,0f,0f,1f], start_interpolation: 0, interpolation_duration: 1 }
$data merge entity $(bone_leftthumb2) { transformation: [-0.8079012117944102f,0.4758748972299378f,0.3476186332283118f,0.2833622336580363f,-0.0043439110235102f,0.5850412514792934f,-0.8109919016269905f,2.526254636987555f,-0.5893019280624691f,-0.6567113644927567f,-0.4705883778079505f,1.2394973302715913f,0f,0f,0f,1f], start_interpolation: 0, interpolation_duration: 1 }
$data merge entity $(bone_leftthumb) { transformation: [-0.8079012117944102f,0.4758748972299378f,0.3476186332283118f,0.4297736024910578f,-0.0043439110235102f,0.5850412514792934f,-0.8109919016269905f,2.600426275670177f,-0.5893019280624691f,-0.6567113644927567f,-0.4705883778079505f,1.0382284871684535f,0f,0f,0f,1f], start_interpolation: 0, interpolation_duration: 1 }
$data merge entity $(bone_leftpointerfinger) { transformation: [-0.8079012117944102f,0.4758748972299378f,0.3476186332283118f,0.3782859703100752f,-0.0043439110235102f,0.5850412514792934f,-0.8109919016269905f,2.3709194849079656f,-0.5893019280624691f,-0.6567113644927567f,-0.4705883778079505f,1.2961079718147241f,0f,0f,0f,1f], start_interpolation: 0, interpolation_duration: 1 }
$data merge entity $(bone_leftmidfinger) { transformation: [-0.8079012117944102f,0.4758748972299378f,0.3476186332283118f,0.4326013817519989f,-0.0043439110235102f,0.5850412514792934f,-0.8109919016269905f,2.244202000278748f,-0.5893019280624691f,-0.6567113644927567f,-0.4705883778079505f,1.2225785377822318f,0f,0f,0f,1f], start_interpolation: 0, interpolation_duration: 1 }
$data merge entity $(bone_leftringfinger) { transformation: [-0.8079012117944102f,0.4758748972299378f,0.3476186332283118f,0.48691679319392267f,-0.0043439110235102f,0.5850412514792934f,-0.8109919016269905f,2.1174845156495308f,-0.5893019280624691f,-0.6567113644927567f,-0.4705883778079505f,1.1490491037497397f,0f,0f,0f,1f], start_interpolation: 0, interpolation_duration: 1 }
$data merge entity $(bone_invisibility) { transformation: [0.5043610097473573f,-0.3048206092569024f,0.8079012117944101f,0.26799022769476294f,0.5121323913399956f,0.8588955374068475f,0.0043439110235100505f,2.4594373853974485f,-0.6952268590805475f,0.41156148021268113f,0.5893019280624688f,1.1284919416181145f,0f,0f,0f,1f], start_interpolation: 0, interpolation_duration: 1 }
$data merge entity $(bone_swiftness) { transformation: [0.34761863322831166f,0.4758748972299378f,0.8079012117944103f,0.2266492101497073f,-0.8109919016269905f,0.5850412514792934f,0.004343911023510019f,2.2279257013601463f,-0.4705883778079506f,-0.6567113644927567f,0.589301928062469f,1.0984937355537003f,0f,0f,0f,1f], start_interpolation: 0, interpolation_duration: 1 }
$data merge entity $(bone_suspicious_stew) { transformation: [0.000005781991075383851f,-0.0000011393605234050585f,0.000008079012117944104f,0.31086208561741807f,0.0000018748745420196755f,0.000009822573924149848f,4.3439110235102655e-8f,2.279952595179296f,-0.00000794061865699821f,0.0000014895969596899903f,0.000005893019280624691f,1.0710399659897218f,0f,0f,0f,1f], start_interpolation: 0, interpolation_duration: 1 }
$data merge entity $(bone_log) { transformation: [-0.8300908813078065f,0.4889451916484847f,0.35716626414583746f,0.3115773574971086f,-0.004463220103135419f,0.6011098893678238f,-0.8332664594719701f,2.312082124257413f,-0.6054875889284427f,-0.6747484808270915f,-0.4835134736339745f,0.9019971147809591f,0f,0f,0f,1f], start_interpolation: 0, interpolation_duration: 1 }
$data merge entity $(bone_planks) { transformation: [0.0555409010251469f,-0.03271504013305752f,-0.023897788270112966f,0.23375633737450174f,0.0002986314770873498f,-0.040219915219422045f,0.05575337712443322f,2.311663697372744f,0.040512824566445706f,0.045147030806364404f,0.032351607020570945f,0.8452326533189176f,0f,0f,0f,1f], start_interpolation: 0, interpolation_duration: 1 }
$data merge entity $(bone_lefthand) { transformation: [-0.8079012117944102f,0.4758748972299378f,0.3476186332283118f,0.6209812775657138f,-0.0043439110235102f,0.5850412514792934f,-0.8109919016269905f,2.4873500521185323f,-0.5893019280624691f,-0.6567113644927567f,-0.4705883778079505f,0.9094986871614494f,0f,0f,0f,1f], start_interpolation: 0, interpolation_duration: 1 }
$data merge entity $(bone_leftforearm) { transformation: [-0.8079012117944102f,0.4758748972299378f,0.3476186332283118f,0.8996554477991708f,-0.0043439110235102f,0.5850412514792934f,-0.8109919016269905f,2.9111074360888627f,-0.5893019280624691f,-0.6567113644927567f,-0.4705883778079505f,0.4182700819018247f,0f,0f,0f,1f], start_interpolation: 0, interpolation_duration: 1 }
$data merge entity $(bone_leftelbow) { transformation: [-0.8079012117944102f,0.4758748972299378f,0.3476186332283118f,0.9888819910297841f,-0.0043439110235102f,0.5850412514792934f,-0.8109919016269905f,3.0208026707412303f,-0.5893019280624691f,-0.6567113644927567f,-0.4705883778079505f,0.2951367010594328f,0f,0f,0f,1f], start_interpolation: 0, interpolation_duration: 1 }
$data merge entity $(bone_leftarm) { transformation: [-0.9983619523516104f,-0.03832562171391881f,0.042480099069120515f,0.75f,-0.04051509645690552f,0.9978281063670279f,-0.051938397193974445f,3.512477121487108f,-0.04039726544914074f,-0.053574404935874065f,-0.9977463826444066f,0.2906921712321339f,0f,0f,0f,1f], start_interpolation: 0, interpolation_duration: 1 }
$data merge entity $(bone_rightthumb2) { transformation: [-0.9998034174067565f,0.01581868592424639f,0.011953899673380553f,-0.9783446056807245f,0.015813557806060755f,0.9998748208883381f,-0.0005233956706059972f,1.7997545918012927f,-0.011960682726565973f,-0.0003342590966348702f,-0.999928412607408f,0.40244889860152133f,0f,0f,0f,1f], start_interpolation: 0, interpolation_duration: 1 }
$data merge entity $(bone_rightthumb) { transformation: [-0.9998034174067565f,0.01581868592424639f,0.011953899673380553f,-0.9734436412166095f,0.015813557806060755f,0.9998748208883381f,-0.0005233956706059972f,2.04492166447748f,-0.011960682726565973f,-0.0003342590966348702f,-0.999928412607408f,0.3169155417446173f,0f,0f,0f,1f], start_interpolation: 0, interpolation_duration: 1 }
$data merge entity $(bone_rightpointerfinger) { transformation: [-0.9998034174067565f,0.01581868592424639f,0.011953899673380553f,-1.0874273072671772f,0.015813557806060755f,0.9998748208883381f,-0.0005233956706059972f,1.7185428125864721f,-0.011960682726565973f,-0.0003342590966348702f,-0.999928412607408f,0.2688453764965102f,0f,0f,0f,1f], start_interpolation: 0, interpolation_duration: 1 }
$data merge entity $(bone_rightmidfinger) { transformation: [-0.9998034174067565f,0.01581868592424639f,0.011953899673380553f,-1.0855595104432114f,0.015813557806060755f,0.9998748208883381f,-0.0005233956706059972f,1.71846103201294f,-0.011960682726565973f,-0.0003342590966348702f,-0.999928412607408f,0.11260656202660271f,0f,0f,0f,1f], start_interpolation: 0, interpolation_duration: 1 }
$data merge entity $(bone_rightringfinger) { transformation: [-0.9998034174067565f,0.01581868592424639f,0.011953899673380553f,-1.0836917136192459f,0.015813557806060755f,0.9998748208883381f,-0.0005233956706059972f,1.7183792514394078f,-0.011960682726565973f,-0.0003342590966348702f,-0.999928412607408f,-0.04363225244330479f,0f,0f,0f,1f], start_interpolation: 0, interpolation_duration: 1 }
$data merge entity $(bone_hugeasssword) { transformation: [-3.9158967181764632f,0.06195651986996503f,0.04681944038740717f,-0.8169603367985758f,0.06193643474040463f,3.916176381812658f,-0.002049966376540156f,1.9173683067710021f,-0.04684600734571673f,-0.0013091814618199082f,-3.916386282712348f,0.13133960344383358f,0f,0f,0f,1f], start_interpolation: 0, interpolation_duration: 1 }
$data merge entity $(bone_ice) { transformation: [-0.9998034174067565f,0.01581868592424639f,0.011953899673380553f,-0.8015855753691615f,0.015813557806060755f,0.9998748208883381f,-0.0005233956706059972f,1.9014981758539022f,-0.011960682726565973f,-0.0003342590966348702f,-0.999928412607408f,0.1315317119098211f,0f,0f,0f,1f], start_interpolation: 0, interpolation_duration: 1 }
$data merge entity $(bone_righthand) { transformation: [-0.9998034174067565f,0.01581868592424639f,0.011953899673380553f,-1.047208198874996f,0.015813557806060755f,0.9998748208883381f,-0.0005233956706059972f,2.1554039144127954f,-0.011960682726565973f,-0.0003342590966348702f,-0.999928412607408f,0.0972102135600394f,0f,0f,0f,1f], start_interpolation: 0, interpolation_duration: 1 }
$data merge entity $(bone_rightforearm) { transformation: [-0.9998034174067565f,0.01581868592424639f,0.011953899673380553f,-0.9737847514289846f,0.015813557806060755f,0.9998748208883381f,-0.0005233956706059972f,2.8574607285443827f,-0.011960682726565973f,-0.0003342590966348702f,-0.999928412607408f,0.11334661175011912f,0f,0f,0f,1f], start_interpolation: 0, interpolation_duration: 1 }
$data merge entity $(bone_rightelbow) { transformation: [-0.9998034174067565f,0.01581868592424639f,0.011953899673380553f,-0.9708187478181883f,0.015813557806060755f,0.9998748208883381f,-0.0005233956706059972f,3.0449372574609463f,-0.011960682726565973f,-0.0003342590966348702f,-0.999928412607408f,0.11328393816950008f,0f,0f,0f,1f], start_interpolation: 0, interpolation_duration: 1 }
$data merge entity $(bone_rightarm) { transformation: [-0.999988302623918f,0.004283064192613609f,0.002247215267216855f,-0.75f,0.004755109728531385f,0.9555786959172426f,0.2946977177389937f,3.512477121487108f,-0.0008851817919995632f,0.2947049563041381f,-0.9555878845940707f,0.29069217123213376f,0f,0f,0f,1f], start_interpolation: 0, interpolation_duration: 1 }
$data merge entity $(bone_chest) { transformation: [-1.0833333333333333f,-3.110237493408116e-17f,1.2897282552055394e-16f,-0.0023231250000000183f,0f,1.0531430418170353f,0.25397016475065176f,3.382447751781027f,-1.3267006990762992e-16f,0.25397016475065176f,-1.0531430418170353f,0.14611028888818084f,0f,0f,0f,1f], start_interpolation: 0, interpolation_duration: 1 }
$data merge entity $(bone_chest1lid) { transformation: [-1f,-2.870988455453646e-17f,1.190518389420498e-16f,-0.3437500000000001f,0f,0.9721320386003404f,0.23443399823137087f,2.6263061519154975f,-1.2246467991473532e-16f,0.23443399823137087f,-0.9721320386003404f,0.36630062108076034f,0f,0f,0f,1f], start_interpolation: 0, interpolation_duration: 1 }
$data merge entity $(bone_chest1) { transformation: [-1f,-2.870988455453646e-17f,1.190518389420498e-16f,-0.3437500000000001f,0f,0.9721320386003404f,0.23443399823137087f,2.474410520884194f,-1.2246467991473532e-16f,0.23443399823137087f,-0.9721320386003404f,0.32967030885710863f,0f,0f,0f,1f], start_interpolation: 0, interpolation_duration: 1 }
$data merge entity $(bone_chest1lid3) { transformation: [-1f,-2.870988455453646e-17f,1.190518389420498e-16f,-0.28125f,0f,0.9721320386003404f,0.23443399823137087f,2.7764904320324697f,-1.2246467991473532e-16f,0.23443399823137087f,-0.9721320386003404f,-0.2564714661475827f,0f,0f,0f,1f], start_interpolation: 0, interpolation_duration: 1 }
$data merge entity $(bone_chest3) { transformation: [-1f,-2.870988455453646e-17f,1.190518389420498e-16f,-0.28125f,0f,0.9721320386003404f,0.23443399823137087f,2.6245948010011664f,-1.2246467991473532e-16f,0.23443399823137087f,-0.9721320386003404f,-0.2931017783712344f,0f,0f,0f,1f], start_interpolation: 0, interpolation_duration: 1 }
$data merge entity $(bone_hugeasssword2) { transformation: [-1.3359610718127344e-15f,2.887669569172986f,-2.646061646494669f,-1.234375f,-0.9181998264062025f,2.5723213026690366f,2.807196105084301f,4.572521909424212f,3.807517151184667f,0.6203268113544301f,0.676967922672282f,0.16057665498837692f,0f,0f,0f,1f], start_interpolation: 0, interpolation_duration: 1 }
$data merge entity $(bone_belt) { transformation: [-1f,-2.870988455453646e-17f,1.190518389420498e-16f,0.02970562499999998f,0f,0.9721320386003404f,0.23443399823137087f,2.9645304003918715f,-1.2246467991473532e-16f,0.23443399823137087f,-0.9721320386003404f,0.17998270855555992f,0f,0f,0f,1f], start_interpolation: 0, interpolation_duration: 1 }
$data merge entity $(bone_torn_part) { transformation: [-1f,-6.318068196520916e-17f,1.0490852802813348e-16f,-0.09375000000000001f,0f,0.8566431407094266f,0.5159094198359725f,2.6885776826957057f,-1.2246467991473532e-16f,0.5159094198359725f,-0.8566431407094266f,0.10807804832754501f,0f,0f,0f,1f], start_interpolation: 0, interpolation_duration: 1 }
$data merge entity $(bone_lowerbody) { transformation: [-1f,-2.870988455453646e-17f,1.190518389420498e-16f,0.003906249999999984f,0f,0.9721320386003404f,0.23443399823137087f,2.1809365547215966f,-1.2246467991473532e-16f,0.23443399823137087f,-0.9721320386003404f,0.13031439055680633f,0f,0f,0f,1f], start_interpolation: 0, interpolation_duration: 1 }
$data merge entity $(bone_leftfoot) { transformation: [-0.9961946980917455f,0.002811248287771583f,-0.08711039189993608f,0.27204450020449983f,-1.734723475976807e-18f,0.9994796573777901f,0.03225545671627153f,0.16459019124299012f,0.08715574274765805f,0.03213271496527745f,-0.9956763355303089f,-0.14814435804471016f,0f,0f,0f,1f], start_interpolation: 0, interpolation_duration: 1 }
$data merge entity $(bone_leftlowerleg) { transformation: [-0.9961946980917455f,0.023181623691247936f,-0.0840162830464031f,0.3106703483058195f,-1.734723475976807e-18f,0.9639787396414643f,0.26597930280240595f,1.1931375493165997f,0.08715574274765805f,0.26496717125389574f,-0.9603105095039899f,0.2933511059918894f,0f,0f,0f,1f], start_interpolation: 0, interpolation_duration: 1 }
$data merge entity $(bone_leftleg) { transformation: [-0.9961946980917455f,-0.02980901962620912f,-0.08189960831908923f,0.25f,-1.734723475976807e-18f,0.9396926207859084f,-0.3420201433256687f,2.2004678047215966f,0.08715574274765805f,-0.34071865342161006f,-0.9361168066628591f,-0.04156060944319365f,0f,0f,0f,1f], start_interpolation: 0, interpolation_duration: 1 }
$data merge entity $(bone_rightfoot) { transformation: [-0.9990491508961971f,0.04211246561906892f,0.01128425155118994f,-0.3653133374805078f,0.04158043523063612f,0.9981731542793552f,-0.043834021969621745f,0.14668326287824485f,-0.01310959570767418f,-0.04332313833836551f,-0.9989750968792447f,-0.15167561642591532f,0f,0f,0f,1f], start_interpolation: 0, interpolation_duration: 1 }
$data merge entity $(bone_rightlowerleg) { transformation: [-0.9990491508961971f,0.037188234101003574f,0.02275586381653638f,-0.3275539791932136f,0.04158043523063612f,0.9696751686186416f,0.24083424750321464f,1.1854135245855142f,-0.01310959570767418f,0.24155144919635174f,-0.9702994568129593f,0.26537778900547504f,0f,0f,0f,1f], start_interpolation: 0, interpolation_duration: 1 }
$data merge entity $(bone_rightleg) { transformation: [-0.9990491508961971f,0.04359454934706822f,-0.0005562021339665378f,-0.25f,0.04158043523063612f,0.948900867820726f,-0.31282296983294533f,2.2004678047215966f,-0.01310959570767418f,-0.3125486495192372f,-0.9498112866164954f,-0.0415606094431937f,0f,0f,0f,1f], start_interpolation: 0, interpolation_duration: 1 }
data modify entity @s data merge value {"locators":{"lefthand":{"posx":0.34403180371345615,"posy":2.282032906916544,"posz":1.0255507339726253,"roty":36.4528881803279,"rotx":-54.19295639603947},"righthand":{"posx":-0.8957510924010079,"posy":1.8873658308791934,"posz":0.14603950214958122,"roty":0.6849244066127937,"rotx":-0.02998836431032557},"chest":{"posx":-0.3750000000000001,"posy":2.5289175872793246,"posz":0.5035441272226029,"roty":0,"rotx":13.558261265361855},"sack":{"posx":0,"posy":-0.4375,"posz":0,"roty":0,"rotx":0}},"cameras":{}}