# This file was generated by Animated Java via MC-Build. It is not recommended to edit this file directly.
$data merge entity $(bone_nose) { transformation: [-1f,-7.423736194460584e-17f,9.739821311566329e-17f,-8.011908635614043e-17f,0f,0.795316765482715f,0.6061940634335776f,3.9683997196366616f,-1.2246467991473532e-16f,0.6061940634335776f,-0.795316765482715f,0.6522494640621441f,0f,0f,0f,1f], start_interpolation: 0, interpolation_duration: 1 }
$data merge entity $(bone_glowing_eye) { transformation: [-1f,-7.423736194460584e-17f,9.739821311566329e-17f,-0.1250000000000001f,0f,0.795316765482715f,0.6061940634335776f,4.001095605893757f,-1.2246467991473532e-16f,0.6061940634335776f,-0.795316765482715f,0.7210468030878606f,0f,0f,0f,1f], start_interpolation: 0, interpolation_duration: 1 }
$data merge entity $(bone_head) { transformation: [-1f,-7.423736194460584e-17f,9.739821311566329e-17f,-5.2714186498003073e-17f,0f,0.795316765482715f,0.6061940634335776f,3.9837093601480027f,-1.2246467991473532e-16f,0.6061940634335776f,-0.795316765482715f,0.42847147454534856f,0f,0f,0f,1f], start_interpolation: 0, interpolation_duration: 1 }
$data merge entity $(bone_leftthumb2) { transformation: [-0.997871157454298f,-0.030912423390550205f,-0.057424517420201535f,1.0160583188745516f,-0.03992402807213924f,0.9858027404236583f,0.16309208734852956f,1.774619612669437f,0.05156767498457444f,0.16503750801962797f,-0.9849382700673969f,0.1775861777976095f,0f,0f,0f,1f], start_interpolation: 0, interpolation_duration: 1 }
$data merge entity $(bone_leftthumb) { transformation: [-0.997871157454298f,-0.030912423390550205f,-0.057424517420201535f,1.0035699231837576f,-0.03992402807213924f,0.9858027404236583f,0.16309208734852956f,2.030317783292373f,0.05156767498457444f,0.16503750801962797f,-0.9849382700673969f,0.13389002664382854f,0f,0f,0f,1f], start_interpolation: 0, interpolation_duration: 1 }
$data merge entity $(bone_leftpointerfinger) { transformation: [-0.997871157454298f,-0.030912423390550205f,-0.057424517420201535f,1.120163445701274f,-0.03992402807213924f,0.9858027404236583f,0.16309208734852956f,1.7188628912557127f,0.05156767498457444f,0.16503750801962797f,-0.9849382700673969f,0.027927898464041034f,0f,0f,0f,1f], start_interpolation: 0, interpolation_duration: 1 }
$data merge entity $(bone_leftmidfinger) { transformation: [-0.997871157454298f,-0.030912423390550205f,-0.057424517420201535f,1.1111908648543674f,-0.03992402807213924f,0.9858027404236583f,0.16309208734852956f,1.7443460299039204f,0.05156767498457444f,0.16503750801962797f,-0.9849382700673969f,-0.12596870623398973f,0f,0f,0f,1f], start_interpolation: 0, interpolation_duration: 1 }
$data merge entity $(bone_leftringfinger) { transformation: [-0.997871157454298f,-0.030912423390550205f,-0.057424517420201535f,1.1022182840074608f,-0.03992402807213924f,0.9858027404236583f,0.16309208734852956f,1.7698291685521284f,0.05156767498457444f,0.16503750801962797f,-0.9849382700673969f,-0.2798653109320205f,0f,0f,0f,1f], start_interpolation: 0, interpolation_duration: 1 }
$data merge entity $(bone_invisibility) { transformation: [-0.03579966875451709f,0.0545118045737484f,0.9978711574542978f,0.9314760735396327f,0.9962658753834885f,-0.07655310267302007f,0.03992402807213932f,1.8141026829963827f,0.07856646398710986f,0.9955742491814696f,-0.05156767498457464f,0.08642713590290171f,0f,0f,0f,1f], start_interpolation: 0, interpolation_duration: 1 }
$data merge entity $(bone_swiftness) { transformation: [-0.05742451742020176f,-0.030912423390550205f,0.997871157454298f,0.8729227920699832f,0.16309208734852956f,0.9858027404236583f,0.039924028072139274f,1.7091087547550392f,-0.9849382700673969f,0.16503750801962797f,-0.05156767498457466f,-0.11791184766635969f,0f,0f,0f,1f], start_interpolation: 0, interpolation_duration: 1 }
$data merge entity $(bone_suspicious_stew) { transformation: [-0.05228481976845363f,0.03898013266524366f,0.9978711574542982f,0.9221579963697769f,0.9623663945869287f,0.26880661180903054f,0.03992402807213936f,1.798472945916873f,-0.26667812094646254f,0.9624050886737607f,-0.05156767498457443f,-0.10598492292315527f,0f,0f,0f,1f], start_interpolation: 0, interpolation_duration: 1 }
$data merge entity $(bone_log) { transformation: [-0.00000997871157454298f,-3.0912423390550205e-7f,-5.742451742020154e-7f,0.8220517481805458f,-3.992402807213924e-7f,0.000009858027404236584f,0.0000016309208734852958f,1.9256003524325296f,5.156767498457444e-7f,0.0000016503750801962797f,-0.00000984938270067397f,-0.12668974630030716f,0f,0f,0f,1f], start_interpolation: 0, interpolation_duration: 1 }
$data merge entity $(bone_planks) { transformation: [-0.00000997871157454298f,-3.0912423390550205e-7f,-5.742451742020154e-7f,0.7285013271692053f,-3.992402807213924e-7f,0.000009858027404236584f,0.0000016309208734852958f,1.9218574748007664f,5.156767498457444e-7f,0.0000016503750801962797f,-0.00000984938270067397f,-0.1218552767705033f,0f,0f,0f,1f], start_interpolation: 0, interpolation_duration: 1 }
$data merge entity $(bone_lefthand) { transformation: [-0.997871157454298f,-0.030912423390550205f,-0.057424517420201535f,1.065585947865864f,-0.03992402807213924f,0.9858027404236583f,0.16309208734852956f,2.1769354168268373f,0.05156767498457444f,0.16503750801962797f,-0.9849382700673969f,-0.06754296710193762f,0f,0f,0f,1f], start_interpolation: 0, interpolation_duration: 1 }
$data merge entity $(bone_leftforearm) { transformation: [-0.997871157454298f,-0.030912423390550205f,-0.057424517420201535f,0.9823809609131804f,-0.03992402807213924f,0.9858027404236583f,0.16309208734852956f,2.8650344030678925f,0.05156767498457444f,0.16503750801962797f,-0.9849382700673969f,0.06711167088070226f,0f,0f,0f,1f], start_interpolation: 0, interpolation_duration: 1 }
$data merge entity $(bone_leftelbow) { transformation: [-0.997871157454298f,-0.030912423390550205f,-0.057424517420201535f,0.9765848815274523f,-0.03992402807213924f,0.9858027404236583f,0.16309208734852956f,3.0498724168973284f,0.05156767498457444f,0.16503750801962797f,-0.9849382700673969f,0.0980562036343825f,0f,0f,0f,1f], start_interpolation: 0, interpolation_duration: 1 }
$data merge entity $(bone_leftarm) { transformation: [-0.997871157454298f,-0.02047113141598888f,-0.06191999595743671f,0.75f,-0.03992402807213924f,0.9425055379499321f,0.33179720148941044f,3.50202314218497f,0.05156767498457444f,0.33356295314716644f,-0.9413163820865047f,0.3055342460510447f,0f,0f,0f,1f], start_interpolation: 0, interpolation_duration: 1 }
$data merge entity $(bone_rightthumb2) { transformation: [-1f,7.970887684825724e-17f,9.297361334382962e-17f,-0.953125f,0f,0.7591871665247604f,-0.6508723731916312f,2.244017119701918f,-1.2246467991473532e-16f,-0.6508723731916312f,-0.7591871665247604f,1.3124872867679136f,0f,0f,0f,1f], start_interpolation: 0, interpolation_duration: 1 }
$data merge entity $(bone_rightthumb) { transformation: [-1f,7.970887684825724e-17f,9.297361334382962e-17f,-0.953125f,0f,0.7591871665247604f,-0.6508723731916312f,2.374580152556343f,-1.2246467991473532e-16f,-0.6508723731916312f,-0.7591871665247604f,1.0879874815021753f,0f,0f,0f,1f], start_interpolation: 0, interpolation_duration: 1 }
$data merge entity $(bone_rightpointerfinger) { transformation: [-1f,7.970887684825724e-17f,9.297361334382962e-17f,-1.0625f,0f,0.7591871665247604f,-0.6508723731916312f,2.0949622210470484f,-1.2246467991473532e-16f,-0.6508723731916312f,-0.7591871665247604f,1.2659680805248312f,0f,0f,0f,1f], start_interpolation: 0, interpolation_duration: 1 }
$data merge entity $(bone_rightmidfinger) { transformation: [-1f,7.970887684825724e-17f,9.297361334382962e-17f,-1.0625f,0f,0.7591871665247604f,-0.6508723731916312f,1.9932634127358562f,-1.2246467991473532e-16f,-0.6508723731916312f,-0.7591871665247604f,1.1473450857553373f,0f,0f,0f,1f], start_interpolation: 0, interpolation_duration: 1 }
$data merge entity $(bone_rightringfinger) { transformation: [-1f,7.970887684825724e-17f,9.297361334382962e-17f,-1.0625f,0f,0.7591871665247604f,-0.6508723731916312f,1.8915646044246637f,-1.2246467991473532e-16f,-0.6508723731916312f,-0.7591871665247604f,1.0287220909858434f,0f,0f,0f,1f], start_interpolation: 0, interpolation_duration: 1 }
$data merge entity $(bone_hugeasssword) { transformation: [-3.916666666666667f,3.1219310098900757e-16f,3.6414665226333273e-16f,-0.796875f,0f,2.973483068888645f,-2.549250128333889f,2.1576431867673174f,-4.796533296660467e-16f,-2.549250128333889f,-2.973483068888645f,1.0269989344277366f,0f,0f,0f,1f], start_interpolation: 0, interpolation_duration: 1 }
$data merge entity $(bone_ice) { transformation: [-1f,7.970887684825724e-17f,9.297361334382962e-17f,-0.78125f,0f,0.7591871665247604f,-0.6508723731916312f,2.1457808872903676f,-1.2246467991473532e-16f,-0.6508723731916312f,-0.7591871665247604f,1.0371688152588558f,0f,0f,0f,1f], start_interpolation: 0, interpolation_duration: 1 }
$data merge entity $(bone_righthand) { transformation: [-1f,7.970887684825724e-17f,9.297361334382962e-17f,-1.03125f,0f,0.7591871665247604f,-0.6508723731916312f,2.3152379172593194f,-1.2246467991473532e-16f,-0.6508723731916312f,-0.7591871665247604f,0.8507261230070493f,0f,0f,0f,1f], start_interpolation: 0, interpolation_duration: 1 }
$data merge entity $(bone_rightforearm) { transformation: [-1f,7.970887684825724e-17f,9.297361334382962e-17f,-0.96875f,0f,0.7591871665247604f,-0.6508723731916312f,2.859211274553161f,-1.2246467991473532e-16f,-0.6508723731916312f,-0.7591871665247604f,0.40494378508363305f,0f,0f,0f,1f], start_interpolation: 0, interpolation_duration: 1 }
$data merge entity $(bone_rightelbow) { transformation: [-1f,7.970887684825724e-17f,9.297361334382962e-17f,-0.96875f,0f,0.7591871665247604f,-0.6508723731916312f,3.0015588682765535f,-1.2246467991473532e-16f,-0.6508723731916312f,-0.7591871665247604f,0.28290521511020217f,0f,0f,0f,1f], start_interpolation: 0, interpolation_duration: 1 }
$data merge entity $(bone_rightarm) { transformation: [-1f,2.110391859018235e-18f,1.224464947347206e-16f,-0.75f,0f,0.9998515067362497f,-0.017232657289330933f,3.50202314218497f,-1.2246467991473532e-16f,-0.017232657289330933f,-0.9998515067362497f,0.3055342460510445f,0f,0f,0f,1f], start_interpolation: 0, interpolation_duration: 1 }
$data merge entity $(bone_chest) { transformation: [-1.0833333333333333f,-4.0099085014935675e-17f,1.2646505774426535e-16f,-0.0023231250000000188f,0f,1.0326655639186357f,0.3274338776115221f,3.3824879178314857f,-1.3267006990762992e-16f,0.3274338776115221f,-1.0326655639186357f,0.15216251519087787f,0f,0f,0f,1f], start_interpolation: 0, interpolation_duration: 1 }
$data merge entity $(bone_chest1lid) { transformation: [-1f,-3.701454001378678e-17f,1.1673697637932186e-16f,-0.3437500000000001f,0f,0.9532297513095099f,0.30224665625678965f,2.6127286674453494f,-1.2246467991473532e-16f,0.30224665625678965f,-0.9532297513095099f,0.318609497390178f,0f,0f,0f,1f], start_interpolation: 0, interpolation_duration: 1 }
$data merge entity $(bone_chest1) { transformation: [-1f,-3.701454001378678e-17f,1.1673697637932186e-16f,-0.3437500000000001f,0f,0.9532297513095099f,0.30224665625678965f,2.4637865188032384f,-1.2246467991473532e-16f,0.30224665625678965f,-0.9532297513095099f,0.27138345735005465f,0f,0f,0f,1f], start_interpolation: 0, interpolation_duration: 1 }
$data merge entity $(bone_chest1lid3) { transformation: [-1f,-3.701454001378678e-17f,1.1673697637932186e-16f,-0.28125f,0f,0.9532297513095099f,0.30224665625678965f,2.806355431609855f,-1.2246467991473532e-16f,0.30224665625678965f,-0.9532297513095099f,-0.2920533120424768f,0f,0f,0f,1f], start_interpolation: 0, interpolation_duration: 1 }
$data merge entity $(bone_chest3) { transformation: [-1f,-3.701454001378678e-17f,1.1673697637932186e-16f,-0.28125f,0f,0.9532297513095099f,0.30224665625678965f,2.657413282967744f,-1.2246467991473532e-16f,0.30224665625678965f,-0.9532297513095099f,-0.3392793520826002f,0f,0f,0f,1f], start_interpolation: 0, interpolation_duration: 1 }
$data merge entity $(bone_hugeasssword2) { transformation: [-1.3268945267753835e-15f,2.887669569172986f,-2.646061646494669f,-1.234375f,-1.183799403672426f,2.522304685237746f,2.752612545286805f,4.568595389590776f,3.7334831926289143f,0.7997632849023497f,0.872788471657018f,0.25031974556676795f,0f,0f,0f,1f], start_interpolation: 0, interpolation_duration: 1 }
$data merge entity $(bone_belt) { transformation: [-1f,-3.701454001378678e-17f,1.1673697637932186e-16f,0.02970562499999998f,0f,0.9532297513095099f,0.30224665625678965f,2.963223068071714f,-1.2246467991473532e-16f,0.30224665625678965f,-0.9532297513095099f,0.15654876212490398f,0f,0f,0f,1f], start_interpolation: 0, interpolation_duration: 1 }
$data merge entity $(bone_torn_part) { transformation: [-1f,-6.088923313490244e-17f,1.0625487807560682e-16f,-0.09375000000000001f,0f,0.8676369231486631f,0.4971983201793031f,2.6966218707541607f,-1.2246467991473532e-16f,0.4971983201793031f,-0.8676369231486631f,0.07977466258184476f,0f,0f,0f,1f], start_interpolation: 0, interpolation_duration: 1 }
$data merge entity $(bone_lowerbody) { transformation: [-1f,-2.6119635695862648e-17f,1.196468238514253e-16f,0.003906249999999986f,0f,0.9769904590836156f,0.2132830111836993f,2.1895828247070312f,-1.2246467991473532e-16f,0.2132830111836993f,-0.9769904590836156f,0.11302185058593756f,0f,0f,0f,1f], start_interpolation: 0, interpolation_duration: 1 }
$data merge entity $(bone_leftfoot) { transformation: [-0.9961946980917455f,-0.00005431368567435438f,-0.08715572582406449f,0.2742199928220824f,-1.734723475976807e-18f,0.9999998058235401f,-0.0006231796547428725f,0.16283669585215654f,0.08715574274765805f,-0.0006208082680135563f,-0.9961945046541858f,-0.14057090361233898f,0f,0f,0f,1f], start_interpolation: 0, interpolation_duration: 1 }
$data merge entity $(bone_leftlowerleg) { transformation: [-0.9961946980917455f,0.02114649575495203f,-0.0845514589535967f,0.3106703483058195f,-1.734723475976807e-18f,0.9701191945365947f,0.24262882844309486f,1.2017838193020343f,0.08715574274765805f,0.24170555249922276f,-0.9664275981143904f,0.27605856602102063f,0f,0f,0f,1f], start_interpolation: 0, interpolation_duration: 1 }
$data merge entity $(bone_leftleg) { transformation: [-0.9961946980917455f,-0.02980901962620912f,-0.08189960831908923f,0.25f,-1.734723475976807e-18f,0.9396926207859084f,-0.3420201433256687f,2.2091140747070312f,0.08715574274765805f,-0.34071865342161006f,-0.9361168066628591f,-0.05885314941406242f,0f,0f,0f,1f], start_interpolation: 0, interpolation_duration: 1 }
$data merge entity $(bone_rightfoot) { transformation: [-0.9990518389709439f,0.04205277241838498f,0.011268867764904236f,-0.3655604406224695f,0.041522230797841723f,0.9981781553511028f,-0.04377527303673295f,0.14854185440408196f,-0.013089209233034011f,-0.04326585850063855f,-0.998977846646189f,-0.16265503436220094f,0f,0f,0f,1f], start_interpolation: 0, interpolation_duration: 1 }
$data merge entity $(bone_rightlowerleg) { transformation: [-0.9990518389709439f,0.037406972009959516f,0.022274233854871046f,-0.3274844196309485f,0.041522230797841723f,0.9725007461094207f,0.22916850387038534f,1.1921991316117404f,-0.013089209233034011f,0.22987609110489537f,-0.9731318797264777f,0.24188121007529187f,0f,0f,0f,1f], start_interpolation: 0, interpolation_duration: 1 }
$data merge entity $(bone_rightleg) { transformation: [-0.9990518389709439f,0.04353547703114863f,-0.00029204185608986603f,-0.25f,0.041522230797841723f,0.9507922508684172f,-0.3070342001115501f,2.2091140747070312f,-0.013089209233034011f,-0.3067552084777681f,-0.9516984368345968f,-0.05885314941406247f,0f,0f,0f,1f], start_interpolation: 0, interpolation_duration: 1 }
data modify entity @s data merge value {"locators":{"lefthand":{"posx":0.9189144603539636,"posy":1.8497790771038733,"posz":-0.12902811067434136,"roty":356.66328116418043,"rotx":9.386417839439291},"righthand":{"posx":-0.875,"posy":2.1440884686445374,"posz":1.0592009955669246,"roty":0,"rotx":-40.607407407407436},"chest":{"posx":-0.3750000000000001,"posy":2.5059257679483817,"posz":0.4486612300162396,"roty":0,"rotx":17.59259259259262},"sack":{"posx":0,"posy":-0.4375,"posz":0,"roty":0,"rotx":0}},"cameras":{}}