# This file was generated by Animated Java via MC-Build. It is not recommended to edit this file directly.
$data merge entity $(bone_nose) { transformation: [-1f,-1.711166623302192e-17f,1.2126330320978492e-16f,-9.151898857601754e-18f,0f,0.9901900147390509f,0.13972735849173595f,4.12054535298218f,-1.2246467991473532e-16f,0.13972735849173595f,-0.9901900147390509f,0.07424738661194127f,0f,0f,0f,1f], start_interpolation: 0, interpolation_duration: 1 }
$data merge entity $(bone_glowing_eye) { transformation: [-1f,-1.711166623302192e-17f,1.2126330320978492e-16f,-0.125f,0f,0.9901900147390509f,0.13972735849173595f,4.182713388769716f,-1.2246467991473532e-16f,0.13972735849173595f,-0.9901900147390509f,0.11826136349969796f,0f,0f,0f,1f], start_interpolation: 0, interpolation_duration: 1 }
$data merge entity $(bone_head) { transformation: [-1f,-1.711166623302192e-17f,1.2126330320978492e-16f,1.5668156057443083e-17f,0f,0.9901900147390509f,0.13972735849173595f,4.024444430820369f,-1.2246467991473532e-16f,0.13972735849173595f,-0.9901900147390509f,-0.12842374217658392f,0f,0f,0f,1f], start_interpolation: 0, interpolation_duration: 1 }
$data merge entity $(bone_leftthumb2) { transformation: [-0.997871157454298f,-0.030912423390550163f,-0.057424517420201535f,1.0160583188745513f,-0.02106297328292595f,0.9860991128964505f,-0.16481774995829848f,1.8532287951471398f,0.061721181755556256f,-0.16325734784369378f,-0.9846509706986231f,0.3499522688724742f,0f,0f,0f,1f], start_interpolation: 0, interpolation_duration: 1 }
$data merge entity $(bone_leftthumb) { transformation: [-0.997871157454298f,-0.030912423390550163f,-0.057424517420201535f,1.0035699231837574f,-0.02106297328292595f,0.9860991128964505f,-0.16481774995829848f,2.0809772939745863f,0.061721181755556256f,-0.16325734784369378f,-0.9846509706986231f,0.2257688184154396f,0f,0f,0f,1f], start_interpolation: 0, interpolation_duration: 1 }
$data merge entity $(bone_leftpointerfinger) { transformation: [-0.997871157454298f,-0.030912423390550163f,-0.057424517420201535f,1.1201634457012735f,-0.02106297328292595f,0.9860991128964505f,-0.16481774995829848f,1.7519914532289633f,0.061721181755556256f,-0.16325734784369378f,-0.9846509706986231f,0.22643136717063972f,0f,0f,0f,1f], start_interpolation: 0, interpolation_duration: 1 }
$data merge entity $(bone_leftmidfinger) { transformation: [-0.997871157454298f,-0.030912423390550163f,-0.057424517420201535f,1.111190864854367f,-0.02106297328292595f,0.9860991128964505f,-0.16481774995829848f,1.7262386797979792f,0.061721181755556256f,-0.16325734784369378f,-0.9846509706986231f,0.07257965299897985f,0f,0f,0f,1f], start_interpolation: 0, interpolation_duration: 1 }
$data merge entity $(bone_leftringfinger) { transformation: [-0.997871157454298f,-0.030912423390550163f,-0.057424517420201535f,1.1022182840074604f,-0.02106297328292595f,0.9860991128964505f,-0.16481774995829848f,1.700485906366995f,0.061721181755556256f,-0.16325734784369378f,-0.9846509706986231f,-0.08127206117268f,0f,0f,0f,1f], start_interpolation: 0, interpolation_duration: 1 }
$data merge entity $(bone_invisibility) { transformation: [-0.035799668754517046f,0.05451180457374841f,0.9978711574542978f,0.9314760735396325f,0.9679818946448041f,0.25013476926716494f,0.021062973282925963f,1.8610472908976605f,-0.24845409104484859f,0.9666752610705288f,-0.06172118175555647f,0.2509181591637345f,0f,0f,0f,1f], start_interpolation: 0, interpolation_duration: 1 }
$data merge entity $(bone_swiftness) { transformation: [-0.05742451742020176f,-0.030912423390550163f,0.997871157454298f,0.872922792069983f,-0.16481774995829848f,0.9860991128964505f,0.02106297328292591f,1.6955124770014038f,-0.9846509706986231f,-0.16325734784369378f,-0.06172118175555648f,0.09161853404804604f,0f,0f,0f,1f], start_interpolation: 0, interpolation_duration: 1 }
$data merge entity $(bone_suspicious_stew) { transformation: [-0.05228481976845359f,0.03898013266524368f,0.9978711574542982f,0.9221579963697767f,0.8240543138165963f,0.5661191032254089f,0.021062973282926063f,1.7839205668634586f,-0.5640928872996352f,0.8234013056952598f,-0.06172118175555629f,0.07394879033791582f,0f,0f,0f,1f], start_interpolation: 0, interpolation_duration: 1 }
$data merge entity $(bone_log) { transformation: [-0.00000997871157454298f,-3.091242339055017e-7f,-5.742451742020154e-7f,0.8220517481805456f,-2.106297328292595e-7f,0.000009860991128964505f,-0.000001648177499582985f,1.8974824702009452f,6.172118175555626e-7f,-0.000001632573478436938f,-0.000009846509706986232f,0.013172468395539538f,0f,0f,0f,1f], start_interpolation: 0, interpolation_duration: 1 }
$data merge entity $(bone_planks) { transformation: [-0.00000997871157454298f,-3.091242339055017e-7f,-5.742451742020154e-7f,0.7285013271692051f,-2.106297328292595e-7f,0.000009860991128964505f,-0.000001648177499582985f,1.895507816455671f,6.172118175555626e-7f,-0.000001632573478436938f,-0.000009846509706986232f,0.018958829185122927f,0f,0f,0f,1f], start_interpolation: 0, interpolation_duration: 1 }
$data merge entity $(bone_lefthand) { transformation: [-0.997871157454298f,-0.030912423390550163f,-0.057424517420201535f,1.0655859478658638f,-0.02106297328292595f,0.9860991128964505f,-0.16481774995829848f,2.1544235464319863f,0.061721181755556256f,-0.16325734784369378f,-0.9846509706986231f,-0.012301821169941024f,0f,0f,0f,1f], start_interpolation: 0, interpolation_duration: 1 }
$data merge entity $(bone_leftforearm) { transformation: [-0.997871157454298f,-0.030912423390550163f,-0.057424517420201535f,0.9823809609131803f,-0.02106297328292595f,0.9860991128964505f,-0.16481774995829848f,2.8490333267002184f,0.061721181755556256f,-0.16325734784369378f,-0.9846509706986231f,-0.10784939859564996f,0f,0f,0f,1f], start_interpolation: 0, interpolation_duration: 1 }
$data merge entity $(bone_leftelbow) { transformation: [-0.997871157454298f,-0.030912423390550163f,-0.057424517420201535f,0.9765848815274522f,-0.02106297328292595f,0.9860991128964505f,-0.16481774995829848f,3.0339269103683026f,0.061721181755556256f,-0.16325734784369378f,-0.9846509706986231f,-0.13846015131634254f,0f,0f,0f,1f], start_interpolation: 0, interpolation_duration: 1 }
$data merge entity $(bone_leftarm) { transformation: [-0.997871157454298f,-0.020471131415988837f,-0.061919995957436705f,0.75f,-0.02106297328292595f,0.9997383535463074f,0.00892051596048532f,3.528909795612051f,0.061721181755556256f,0.010205744807109389f,-0.9980412508987941f,-0.0886669813131726f,0f,0f,0f,1f], start_interpolation: 0, interpolation_duration: 1 }
$data merge entity $(bone_rightthumb2) { transformation: [-1f,2.9068062183807546e-17f,1.1896489224765799e-16f,-0.953125f,0f,0.9714220649617994f,-0.2373587405286639f,1.8887131752043942f,-1.2246467991473532e-16f,-0.2373587405286639f,-0.9714220649617994f,0.4432208152428485f,0f,0f,0f,1f], start_interpolation: 0, interpolation_duration: 1 }
$data merge entity $(bone_rightthumb) { transformation: [-1f,2.9068062183807546e-17f,1.1896489224765799e-16f,-0.953125f,0f,0.9714220649617994f,-0.2373587405286639f,2.10666306640206f,-1.2246467991473532e-16f,-0.2373587405286639f,-0.9714220649617994f,0.3019950632022747f,0f,0f,0f,1f], start_interpolation: 0, interpolation_duration: 1 }
$data merge entity $(bone_rightpointerfinger) { transformation: [-1f,2.9068062183807546e-17f,1.1896489224765799e-16f,-1.0625f,0f,0.9714220649617994f,-0.2373587405286639f,1.7767890103741886f,-1.2246467991473532e-16f,-0.2373587405286639f,-0.9714220649617994f,0.3343429906431582f,0f,0f,0f,1f], start_interpolation: 0, interpolation_duration: 1 }
$data merge entity $(bone_rightmidfinger) { transformation: [-1f,2.9068062183807546e-17f,1.1896489224765799e-16f,-1.0625f,0f,0.9714220649617994f,-0.2373587405286639f,1.7397017071665848f,-1.2246467991473532e-16f,-0.2373587405286639f,-0.9714220649617994f,0.182558292992877f,0f,0f,0f,1f], start_interpolation: 0, interpolation_duration: 1 }
$data merge entity $(bone_rightringfinger) { transformation: [-1f,2.9068062183807546e-17f,1.1896489224765799e-16f,-1.0625f,0f,0.9714220649617994f,-0.2373587405286639f,1.702614403958981f,-1.2246467991473532e-16f,-0.2373587405286639f,-0.9714220649617994f,0.030773595342595855f,0f,0f,0f,1f], start_interpolation: 0, interpolation_duration: 1 }
$data merge entity $(bone_hugeasssword) { transformation: [-3.916666666666667f,1.138499102199129e-16f,4.659458279699938e-16f,-0.796875f,0f,3.8047364211003813f,-0.9296550670706003f,1.9407305444327108f,-4.796533296660467e-16f,-0.9296550670706003f,-3.8047364211003813f,0.14952326858802029f,0f,0f,0f,1f], start_interpolation: 0, interpolation_duration: 1 }
$data merge entity $(bone_ice) { transformation: [-1f,2.9068062183807546e-17f,1.1896489224765799e-16f,-0.78125f,0f,0.9714220649617994f,-0.2373587405286639f,1.9255520746676826f,-1.2246467991473532e-16f,-0.2373587405286639f,-0.9714220649617994f,0.15323199890878067f,0f,0f,0f,1f], start_interpolation: 0, interpolation_duration: 1 }
$data merge entity $(bone_righthand) { transformation: [-1f,2.9068062183807546e-17f,1.1896489224765799e-16f,-1.03125f,0f,0.9714220649617994f,-0.2373587405286639f,2.1609901302666117f,-1.2246467991473532e-16f,-0.2373587405286639f,-0.9714220649617994f,0.06353537424655843f,0f,0f,0f,1f], start_interpolation: 0, interpolation_duration: 1 }
$data merge entity $(bone_rightforearm) { transformation: [-1f,2.9068062183807546e-17f,1.1896489224765799e-16f,-0.96875f,0f,0.9714220649617994f,-0.2373587405286639f,2.847730000013637f,-1.2246467991473532e-16f,-0.2373587405286639f,-0.9714220649617994f,-0.08817902042263025f,0f,0f,0f,1f], start_interpolation: 0, interpolation_duration: 1 }
$data merge entity $(bone_rightelbow) { transformation: [-1f,2.9068062183807546e-17f,1.1896489224765799e-16f,-0.96875f,0f,0.9714220649617994f,-0.2373587405286639f,3.0298716371939745f,-1.2246467991473532e-16f,-0.2373587405286639f,-0.9714220649617994f,-0.13268378427175473f,0f,0f,0f,1f], start_interpolation: 0, interpolation_duration: 1 }
$data merge entity $(bone_rightarm) { transformation: [-1f,-3.129464358247426e-18f,1.2242468819420794e-16f,-0.75f,0f,0.9996734428199605f,0.025554015740916314f,3.528909795612051f,-1.2246467991473532e-16f,0.025554015740916314f,-0.9996734428199605f,-0.08866698131317279f,0f,0f,0f,1f], start_interpolation: 0, interpolation_duration: 1 }
$data merge entity $(bone_chest) { transformation: [-1.0833333333333333f,3.0376012826930865e-18f,1.3263529103425979e-16f,-0.0023231249999999763f,0f,1.083049342280612f,-0.02480389680361704f,3.366131054788519f,-1.3267006990762992e-16f,-0.02480389680361704f,-1.083049342280612f,-0.19503727427218753f,0f,0f,0f,1f], start_interpolation: 0, interpolation_duration: 1 }
$data merge entity $(bone_chest1lid) { transformation: [-1f,2.8039396455628492e-18f,1.2243257633931673e-16f,-0.34375000000000006f,0f,0.9997378544128728f,-0.022895904741800345f,2.691820454159821f,-1.2246467991473532e-16f,-0.022895904741800345f,-0.9997378544128728f,0.21182770986634178f,0f,0f,0f,1f], start_interpolation: 0, interpolation_duration: 1 }
$data merge entity $(bone_chest1) { transformation: [-1f,2.8039396455628492e-18f,1.2243257633931673e-16f,-0.34375000000000006f,0f,0.9997378544128728f,-0.022895904741800345f,2.5356114144078097f,-1.2246467991473532e-16f,-0.022895904741800345f,-0.9997378544128728f,0.21540519498224808f,0f,0f,0f,1f], start_interpolation: 0, interpolation_duration: 1 }
$data merge entity $(bone_chest1lid3) { transformation: [-1f,2.8039396455628492e-18f,1.2243257633931673e-16f,-0.28124999999999994f,0f,0.9997378544128728f,-0.022895904741800345f,2.6771527651846054f,-1.2246467991473532e-16f,-0.022895904741800345f,-0.9997378544128728f,-0.42862935311690487f,0f,0f,0f,1f], start_interpolation: 0, interpolation_duration: 1 }
$data merge entity $(bone_chest3) { transformation: [-1f,2.8039396455628492e-18f,1.2243257633931673e-16f,-0.28124999999999994f,0f,0.9997378544128728f,-0.022895904741800345f,2.520943725432594f,-1.2246467991473532e-16f,-0.022895904741800345f,-0.9997378544128728f,-0.42505186800099853f,0f,0f,0f,1f], start_interpolation: 0, interpolation_duration: 1 }
$data merge entity $(bone_hugeasssword2) { transformation: [-1.3492022932853632e-15f,2.887669569172986f,-2.646061646494669f,-1.234375f,0.08967562690538491f,2.6453679931107743f,2.886912579338346f,4.520061685746748f,3.915639929783752f,-0.06058397539907276f,-0.06611580738158152f,-0.4864645814598004f,0f,0f,0f,1f], start_interpolation: 0, interpolation_duration: 1 }
$data merge entity $(bone_belt) { transformation: [-1f,2.8039396455628492e-18f,1.2243257633931673e-16f,0.029705625000000006f,0f,0.9997378544128728f,-0.022895904741800345f,2.9709026064107027f,-1.2246467991473532e-16f,-0.022895904741800345f,-0.9997378544128728f,-0.0550489640491051f,0f,0f,0f,1f], start_interpolation: 0, interpolation_duration: 1 }
$data merge entity $(bone_torn_part) { transformation: [-1f,-3.494911028373331e-17f,1.1737187702765097e-16f,-0.09375f,0f,0.9584141085361906f,0.2853811426124352f,2.6851833621496297f,-1.2246467991473532e-16f,0.2853811426124352f,-0.9584141085361906f,-0.05468303360378607f,0f,0f,0f,1f], start_interpolation: 0, interpolation_duration: 1 }
$data merge entity $(bone_lowerbody) { transformation: [-1f,1.962845229751372e-18f,1.224489488122402e-16f,0.0039062499999999883f,0f,0.9998715457999312f,-0.016027847630173706f,2.19921875f,-1.2246467991473532e-16f,-0.016027847630173706f,-0.9998715457999312f,0.09375f,0f,0f,0f,1f], start_interpolation: 0, interpolation_duration: 1 }
data modify entity @s data merge value {"locators":{"lefthand":{"posx":0.9189144603539634,"posy":1.824993408094283,"posz":0.03552575932341068,"roty":356.6623097841904,"rotx":-9.486647360152443},"righthand":{"posx":-0.875,"posy":1.9140823352234149,"posz":0.17211919899456912,"roty":0,"rotx":-13.730703352769702},"chest":{"posx":-0.37500000000000006,"posy":2.632914323374923,"posz":0.3694677436647157,"roty":0,"rotx":-1.3119533527696763},"sack":{"posx":0,"posy":-0.4375,"posz":0,"roty":0,"rotx":0}},"cameras":{}}