# This file was generated by Animated Java via MC-Build. It is not recommended to edit this file directly.
$data merge entity $(bone_nose) {transformation: [-1f,0f,0f,0f,0f,0.866f,0.5f,3.8946f,0f,0.5f,-0.866f,0.5548f,0f,0f,0f,1f],start_interpolation: 0,interpolation_duration: 1}
$data merge entity $(bone_glowing_eye) {transformation: [-1f,0f,0f,-0.125f,0f,0.866f,0.5f,3.9358f,0f,0.5f,-0.866f,0.6189f,0f,0f,0f,1f],start_interpolation: 0,interpolation_duration: 1}
$data merge entity $(bone_head) {transformation: [-1f,0f,0f,0f,0f,0.866f,0.5f,3.8813f,0f,0.5f,-0.866f,0.3309f,0f,0f,0f,1f],start_interpolation: 0,interpolation_duration: 1}
$data merge entity $(bone_leftthumb2) {transformation: [-0.9962f,-0.0819f,0.0298f,1.0893f,-0.0805f,0.9957f,0.0448f,1.7098f,-0.0334f,0.0423f,-0.9986f,0.2527f,0f,0f,0f,1f],start_interpolation: 0,interpolation_duration: 1}
$data merge entity $(bone_leftthumb) {transformation: [-0.9962f,-0.0819f,0.0298f,1.0718f,-0.0805f,0.9957f,0.0448f,1.9578f,-0.0334f,0.0423f,-0.9986f,0.1778f,0f,0f,0f,1f],start_interpolation: 0,interpolation_duration: 1}
$data merge entity $(bone_leftpointerfinger) {transformation: [-0.9962f,-0.0819f,0.0298f,1.209f,-0.0805f,0.9957f,0.0448f,1.642f,-0.0334f,0.0423f,-0.9986f,0.1207f,0f,0f,0f,1f],start_interpolation: 0,interpolation_duration: 1}
$data merge entity $(bone_leftmidfinger) {transformation: [-0.9962f,-0.0819f,0.0298f,1.2137f,-0.0805f,0.9957f,0.0448f,1.649f,-0.0334f,0.0423f,-0.9986f,-0.0353f,0f,0f,0f,1f],start_interpolation: 0,interpolation_duration: 1}
$data merge entity $(bone_leftringfinger) {transformation: [-0.9962f,-0.0819f,0.0298f,1.2183f,-0.0805f,0.9957f,0.0448f,1.656f,-0.0334f,0.0423f,-0.9986f,-0.1913f,0f,0f,0f,1f],start_interpolation: 0,interpolation_duration: 1}
$data merge entity $(bone_invisibility) {transformation: [-0.079f,-0.0368f,0.9962f,1.0123f,0.9959f,0.0421f,0.0805f,1.7344f,-0.0449f,0.9984f,0.0334f,0.1503f,0f,0f,0f,1f],start_interpolation: 0,interpolation_duration: 1}
$data merge entity $(bone_swiftness) {transformation: [0.0298f,-0.0819f,0.9962f,0.9771f,0.0448f,0.9957f,0.0805f,1.6038f,-0.9986f,0.0423f,0.0334f,-0.0444f,0f,0f,0f,1f],start_interpolation: 0,interpolation_duration: 1}
$data merge entity $(bone_suspicious_stew) {transformation: [-0.0616f,-0.0616f,0.9962f,1.0218f,0.9214f,0.3802f,0.0805f,1.6961f,-0.3837f,0.9228f,0.0334f,-0.0389f,0f,0f,0f,1f],start_interpolation: 0,interpolation_duration: 1}
$data merge entity $(bone_log) {transformation: [-0.9962f,-0.0819f,0.0298f,0.9195f,-0.0805f,0.9957f,0.0448f,1.8152f,-0.0334f,0.0423f,-0.9986f,-0.0836f,0f,0f,0f,1f],start_interpolation: 0,interpolation_duration: 1}
$data merge entity $(bone_planks) {transformation: [-0.9962f,-0.0819f,0.0298f,0.8261f,-0.0805f,0.9957f,0.0448f,1.8076f,-0.0334f,0.0423f,-0.9986f,-0.0867f,0f,0f,0f,1f],start_interpolation: 0,interpolation_duration: 1}
$data merge entity $(bone_lefthand1) {transformation: [-0.9962f,-0.0819f,0.0298f,1.1472f,-0.0805f,0.9957f,0.0448f,2.0828f,-0.0334f,0.0423f,-0.9986f,-0.0335f,0f,0f,0f,1f],start_interpolation: 0,interpolation_duration: 1}
$data merge entity $(bone_leftforearm) {transformation: [-0.9962f,-0.0819f,0.0298f,1.0269f,-0.0805f,0.9957f,0.0448f,2.7772f,-0.0334f,0.0423f,-0.9986f,0.0098f,0f,0f,0f,1f],start_interpolation: 0,interpolation_duration: 1}
$data merge entity $(bone_leftelbow) {transformation: [-0.9962f,-0.0819f,0.0298f,1.0115f,-0.0805f,0.9957f,0.0448f,2.9639f,-0.0334f,0.0423f,-0.9986f,0.0177f,0f,0f,0f,1f],start_interpolation: 0,interpolation_duration: 1}
$data merge entity $(bone_leftarm) {transformation: [-0.9962f,-0.0872f,0f,0.75f,-0.0805f,0.9204f,0.3827f,3.3945f,-0.0334f,0.3812f,-0.9239f,0.2299f,0f,0f,0f,1f],start_interpolation: 0,interpolation_duration: 1}
$data merge entity $(bone_rightthumb2) {transformation: [-0.999f,0.0395f,-0.0184f,-1.0186f,0.0403f,0.9983f,-0.0432f,1.7226f,0.0167f,-0.0439f,-0.9989f,0.3562f,0f,0f,0f,1f],start_interpolation: 0,interpolation_duration: 1}
$data merge entity $(bone_rightthumb) {transformation: [-0.999f,0.0395f,-0.0184f,-1.0105f,0.0403f,0.9983f,-0.0432f,1.9637f,0.0167f,-0.0439f,-0.9989f,0.2601f,0f,0f,0f,1f],start_interpolation: 0,interpolation_duration: 1}
$data merge entity $(bone_rightpointerfinger) {transformation: [-0.999f,0.0395f,-0.0184f,-1.1336f,0.0403f,0.9983f,-0.0432f,1.6386f,0.0167f,-0.0439f,-0.9989f,0.2295f,0f,0f,0f,1f],start_interpolation: 0,interpolation_duration: 1}
$data merge entity $(bone_rightmidfinger) {transformation: [-0.999f,0.0395f,-0.0184f,-1.1365f,0.0403f,0.9983f,-0.0432f,1.6318f,0.0167f,-0.0439f,-0.9989f,0.0734f,0f,0f,0f,1f],start_interpolation: 0,interpolation_duration: 1}
$data merge entity $(bone_rightringfinger) {transformation: [-0.999f,0.0395f,-0.0184f,-1.1394f,0.0403f,0.9983f,-0.0432f,1.625f,0.0167f,-0.0439f,-0.9989f,-0.0826f,0f,0f,0f,1f],start_interpolation: 0,interpolation_duration: 1}
$data merge entity $(bone_hugeasssword) {transformation: [-3.9129f,0.1548f,-0.0722f,-0.8628f,0.1578f,3.9098f,-0.1694f,1.8245f,0.0654f,-0.1721f,-3.9123f,0.0757f,0f,0f,0f,1f],start_interpolation: 0,interpolation_duration: 1}
$data merge entity $(bone_ice) {transformation: [-0.999f,0.0395f,-0.0184f,-0.8478f,0.0403f,0.9983f,-0.0432f,1.8083f,0.0167f,-0.0439f,-0.9989f,0.0761f,0f,0f,0f,1f],start_interpolation: 0,interpolation_duration: 1}
$data merge entity $(bone_righthand1) {transformation: [-0.999f,0.0395f,-0.0184f,-1.0883f,0.0403f,0.9983f,-0.0432f,2.0666f,0.0167f,-0.0439f,-0.9989f,0.0381f,0f,0f,0f,1f],start_interpolation: 0,interpolation_duration: 1}
$data merge entity $(bone_rightforearm) {transformation: [-0.999f,0.0395f,-0.0184f,-0.9978f,0.0403f,0.9983f,-0.0432f,2.7666f,0.0167f,-0.0439f,-0.9989f,0.0217f,0f,0f,0f,1f],start_interpolation: 0,interpolation_duration: 1}
$data merge entity $(bone_rightelbow) {transformation: [-0.999f,0.0395f,-0.0184f,-0.9904f,0.0403f,0.9983f,-0.0432f,2.9538f,0.0167f,-0.0439f,-0.9989f,0.0135f,0f,0f,0f,1f],start_interpolation: 0,interpolation_duration: 1}
$data merge entity $(bone_rightarm) {transformation: [-0.999f,0.0436f,0f,-0.75f,0.0403f,0.923f,0.3827f,3.3945f,0.0167f,0.3823f,-0.9239f,0.2299f,0f,0f,0f,1f],start_interpolation: 0,interpolation_duration: 1}
$data merge entity $(bone_chest1) {transformation: [-1.0833f,0f,0f,-0.0023f,0f,1.0464f,0.2804f,3.2682f,0f,0.2804f,-1.0464f,0.0821f,0f,0f,0f,1f],start_interpolation: 0,interpolation_duration: 1}
$data merge entity $(bone_chest1lid) {transformation: [-1f,0f,0f,-0.3438f,0f,0.9659f,0.2588f,2.5068f,0f,0.2588f,-0.9659f,0.2832f,0f,0f,0f,1f],start_interpolation: 0,interpolation_duration: 1}
$data merge entity $(bone_chest2) {transformation: [-1f,0f,0f,-0.3438f,0f,0.9659f,0.2588f,2.3558f,0f,0.2588f,-0.9659f,0.2427f,0f,0f,0f,1f],start_interpolation: 0,interpolation_duration: 1}
$data merge entity $(bone_chest1lid3) {transformation: [-1f,0f,0f,-0.2812f,0f,0.9659f,0.2588f,2.6726f,0f,0.2588f,-0.9659f,-0.3356f,0f,0f,0f,1f],start_interpolation: 0,interpolation_duration: 1}
$data merge entity $(bone_chest3) {transformation: [-1f,0f,0f,-0.2812f,0f,0.9659f,0.2588f,2.5216f,0f,0.2588f,-0.9659f,-0.3761f,0f,0f,0f,1f],start_interpolation: 0,interpolation_duration: 1}
$data merge entity $(bone_hugeasssword2) {transformation: [0f,2.8877f,-2.6461f,-1.2344f,-1.0137f,2.5559f,2.7893f,4.4575f,3.7832f,0.6849f,0.7474f,0.1265f,0f,0f,0f,1f],start_interpolation: 0,interpolation_duration: 1}
$data merge entity $(bone_belt) {transformation: [-1f,0f,0f,0.0297f,0f,0.9659f,0.2588f,2.8496f,0f,0.2588f,-0.9659f,0.1054f,0f,0f,0f,1f],start_interpolation: 0,interpolation_duration: 1}
$data merge entity $(bone_torn_part) {transformation: [-1f,0f,0f,-0.0938f,0f,0.887f,0.4617f,2.5795f,0f,0.4617f,-0.887f,0.0401f,0f,0f,0f,1f],start_interpolation: 0,interpolation_duration: 1}
$data merge entity $(bone_lowerbody) {transformation: [-1f,0f,0f,0.0039f,0f,0.9848f,0.1736f,2.0742f,0f,0.1736f,-0.9848f,0.0938f,0f,0f,0f,1f],start_interpolation: 0,interpolation_duration: 1}
$data merge entity $(bone_leftfoot) {transformation: [-0.9747f,-0.0775f,-0.2098f,0.4013f,-0.079f,0.9969f,-0.0015f,0.162f,0.2093f,0.0152f,-0.9777f,-0.252f,0f,0f,0f,1f],start_interpolation: 0,interpolation_duration: 1}
$data merge entity $(bone_leftlowerleg) {transformation: [-0.9747f,0.0087f,-0.2235f,0.4452f,-0.079f,0.9215f,0.3801f,1.1259f,0.2093f,0.3882f,-0.8975f,0.3165f,0f,0f,0f,1f],start_interpolation: 0,interpolation_duration: 1}
$data merge entity $(bone_leftleg) {transformation: [-0.9747f,-0.1589f,-0.1574f,0.25f,-0.079f,0.9029f,-0.4226f,2.0938f,0.2093f,-0.3995f,-0.8925f,-0.0781f,0f,0f,0f,1f],start_interpolation: 0,interpolation_duration: 1}
$data merge entity $(bone_rightfoot) {transformation: [-0.9639f,0.0639f,0.2586f,-0.3866f,0.0773f,0.9961f,0.0419f,0.2066f,-0.2549f,0.0604f,-0.9651f,-0.2566f,0f,0f,0f,1f],start_interpolation: 0,interpolation_duration: 1}
$data merge entity $(bone_rightlowerleg) {transformation: [-0.9639f,-0.0399f,0.2634f,-0.4713f,0.0773f,0.9043f,0.4199f,1.1453f,-0.2549f,0.4251f,-0.8685f,0.3485f,0f,0f,0f,1f],start_interpolation: 0,interpolation_duration: 1}
$data merge entity $(bone_rightleg) {transformation: [-0.9639f,0.1847f,0.192f,-0.25f,0.0773f,0.8836f,-0.4617f,2.0938f,-0.2549f,-0.4302f,-0.866f,-0.0781f,0f,0f,0f,1f],start_interpolation: 0,interpolation_duration: 1}
data modify entity @s data merge value {"cameras":{},"locators":{"lefthand":{"posx":1.0188489260605587,"posy":1.744225470674791,"posz":-0.0681294460958604,"roty":1.7099065658060226,"rotx":2.568958033664734},"sword":{"posx":-0.873847787474128,"posy":1.9566423638406767,"posz":3.7773947624772934,"roty":358.94274353486423,"rotx":-2.478690543948207},"righthand":{"posx":-0.9418242519780025,"posy":1.7971660343286135,"posz":0.09397206740156926,"roty":358.94274353486423,"rotx":-2.478690543948207},"chest":{"posx":-0.3750000000000001,"posy":2.4059428337662476,"posz":0.41792202287250696,"roty":0,"rotx":15.000000000000002}}}