# This file was generated by Animated Java via MC-Build. It is not recommended to edit this file directly.
$data merge entity $(bone_nose) {transformation: [-1f,0f,0f,0f,0f,0.9333f,0.359f,4.0543f,0f,0.359f,-0.9333f,0.4081f,0f,0f,0f,1f],start_interpolation: 0,interpolation_duration: 1}
$data merge entity $(bone_glowing_eye) {transformation: [-1f,0f,0f,-0.125f,0f,0.9333f,0.359f,4.105f,0f,0.359f,-0.9333f,0.465f,0f,0f,0f,1f],start_interpolation: 0,interpolation_duration: 1}
$data merge entity $(bone_head) {transformation: [-1f,0f,0f,0f,0f,0.9333f,0.359f,4.0063f,0f,0.359f,-0.9333f,0.189f,0f,0f,0f,1f],start_interpolation: 0,interpolation_duration: 1}
$data merge entity $(bone_leftthumb2) {transformation: [-1f,-0.0083f,0.0038f,0.9669f,-0.0086f,0.9936f,-0.1125f,1.8313f,-0.0028f,-0.1126f,-0.9936f,0.4064f,0f,0f,0f,1f],start_interpolation: 0,interpolation_duration: 1}
$data merge entity $(bone_leftthumb) {transformation: [-1f,-0.0083f,0.0038f,0.9652f,-0.0086f,0.9936f,-0.1125f,2.0654f,-0.0028f,-0.1126f,-0.9936f,0.2939f,0f,0f,0f,1f],start_interpolation: 0,interpolation_duration: 1}
$data merge entity $(bone_leftpointerfinger) {transformation: [-1f,-0.0083f,0.0038f,1.0774f,-0.0086f,0.9936f,-0.1125f,1.735f,-0.0028f,-0.1126f,-0.9936f,0.2846f,0f,0f,0f,1f],start_interpolation: 0,interpolation_duration: 1}
$data merge entity $(bone_leftmidfinger) {transformation: [-1f,-0.0083f,0.0038f,1.078f,-0.0086f,0.9936f,-0.1125f,1.7174f,-0.0028f,-0.1126f,-0.9936f,0.1293f,0f,0f,0f,1f],start_interpolation: 0,interpolation_duration: 1}
$data merge entity $(bone_leftringfinger) {transformation: [-1f,-0.0083f,0.0038f,1.0786f,-0.0086f,0.9936f,-0.1125f,1.6998f,-0.0028f,-0.1126f,-0.9936f,-0.026f,0f,0f,0f,1f],start_interpolation: 0,interpolation_duration: 1}
$data merge entity $(bone_invisibility) {transformation: [-0.0079f,-0.0045f,1f,0.8889f,0.98f,0.1987f,0.0086f,1.8456f,-0.1987f,0.98f,0.0028f,0.3028f,0f,0f,0f,1f],start_interpolation: 0,interpolation_duration: 1}
$data merge entity $(bone_swiftness) {transformation: [0.0038f,-0.0083f,1f,0.8386f,-0.1125f,0.9936f,0.0086f,1.6895f,-0.9936f,-0.1126f,0.0028f,0.1316f,0f,0f,0f,1f],start_interpolation: 0,interpolation_duration: 1}
$data merge entity $(bone_suspicious_stew) {transformation: [-0.0059f,-0.0069f,1f,0.89f,0.853f,0.5219f,0.0086f,1.7779f,-0.522f,0.853f,0.0028f,0.1217f,0f,0f,0f,1f],start_interpolation: 0,interpolation_duration: 1}
$data merge entity $(bone_log) {transformation: [-1f,-0.0083f,0.0038f,0.7954f,-0.0086f,0.9936f,-0.1125f,1.896f,-0.0028f,-0.1126f,-0.9936f,0.0608f,0f,0f,0f,1f],start_interpolation: 0,interpolation_duration: 1}
$data merge entity $(bone_planks) {transformation: [-1f,-0.0083f,0.0038f,0.7016f,-0.0086f,0.9936f,-0.1125f,1.8952f,-0.0028f,-0.1126f,-0.9936f,0.0606f,0f,0f,0f,1f],start_interpolation: 0,interpolation_duration: 1}
$data merge entity $(bone_lefthand1) {transformation: [-1f,-0.0083f,0.0038f,1.0432f,-0.0086f,0.9936f,-0.1125f,2.1501f,-0.0028f,-0.1126f,-0.9936f,0.0644f,0f,0f,0f,1f],start_interpolation: 0,interpolation_duration: 1}
$data merge entity $(bone_leftforearm) {transformation: [-1f,-0.0083f,0.0038f,0.9748f,-0.0086f,0.9936f,-0.1125f,2.85f,-0.0028f,-0.1126f,-0.9936f,0.0006f,0f,0f,0f,1f],start_interpolation: 0,interpolation_duration: 1}
$data merge entity $(bone_leftelbow) {transformation: [-1f,-0.0083f,0.0038f,0.9733f,-0.0086f,0.9936f,-0.1125f,3.0363f,-0.0028f,-0.1126f,-0.9936f,-0.0205f,0f,0f,0f,1f],start_interpolation: 0,interpolation_duration: 1}
$data merge entity $(bone_leftarm) {transformation: [-1f,-0.009f,0.0007f,0.75f,-0.0086f,0.9722f,0.2341f,3.5131f,-0.0028f,0.2341f,-0.9722f,0.1263f,0f,0f,0f,1f],start_interpolation: 0,interpolation_duration: 1}
$data merge entity $(bone_rightthumb2) {transformation: [-1f,0.004f,-0.0021f,-0.9598f,0.0043f,0.9871f,-0.1602f,1.8585f,0.0014f,-0.1602f,-0.9871f,0.445f,0f,0f,0f,1f],start_interpolation: 0,interpolation_duration: 1}
$data merge entity $(bone_rightthumb) {transformation: [-1f,0.004f,-0.0021f,-0.959f,0.0043f,0.9871f,-0.1602f,2.0868f,0.0014f,-0.1602f,-0.9871f,0.3213f,0f,0f,0f,1f],start_interpolation: 0,interpolation_duration: 1}
$data merge entity $(bone_rightpointerfinger) {transformation: [-1f,0.004f,-0.0021f,-1.0698f,0.0043f,0.9871f,-0.1602f,1.7559f,0.0014f,-0.1602f,-0.9871f,0.3278f,0f,0f,0f,1f],start_interpolation: 0,interpolation_duration: 1}
$data merge entity $(bone_rightmidfinger) {transformation: [-1f,0.004f,-0.0021f,-1.0701f,0.0043f,0.9871f,-0.1602f,1.7309f,0.0014f,-0.1602f,-0.9871f,0.1736f,0f,0f,0f,1f],start_interpolation: 0,interpolation_duration: 1}
$data merge entity $(bone_rightringfinger) {transformation: [-1f,0.004f,-0.0021f,-1.0705f,0.0043f,0.9871f,-0.1602f,1.7059f,0.0014f,-0.1602f,-0.9871f,0.0193f,0f,0f,0f,1f],start_interpolation: 0,interpolation_duration: 1}
$data merge entity $(bone_hugeasssword) {transformation: [-3.9166f,0.0158f,-0.0081f,-0.8037f,0.0169f,3.866f,-0.6276f,1.9327f,0.0055f,-0.6276f,-3.8661f,0.1561f,0f,0f,0f,1f],start_interpolation: 0,interpolation_duration: 1}
$data merge entity $(bone_ice) {transformation: [-1f,0.004f,-0.0021f,-0.7881f,0.0043f,0.9871f,-0.1602f,1.9173f,0.0014f,-0.1602f,-0.9871f,0.1585f,0f,0f,0f,1f],start_interpolation: 0,interpolation_duration: 1}
$data merge entity $(bone_righthand1) {transformation: [-1f,0.004f,-0.0021f,-1.0371f,0.0043f,0.9871f,-0.1602f,2.1601f,0.0014f,-0.1602f,-0.9871f,0.088f,0f,0f,0f,1f],start_interpolation: 0,interpolation_duration: 1}
$data merge entity $(bone_rightforearm) {transformation: [-1f,0.004f,-0.0021f,-0.9718f,0.0043f,0.9871f,-0.1602f,2.8564f,0.0014f,-0.1602f,-0.9871f,-0.0093f,0f,0f,0f,1f],start_interpolation: 0,interpolation_duration: 1}
$data merge entity $(bone_rightelbow) {transformation: [-1f,0.004f,-0.0021f,-0.971f,0.0043f,0.9871f,-0.1602f,3.0414f,0.0014f,-0.1602f,-0.9871f,-0.0394f,0f,0f,0f,1f],start_interpolation: 0,interpolation_duration: 1}
$data merge entity $(bone_rightarm) {transformation: [-1f,0.0045f,-0.0002f,-0.75f,0.0043f,0.9623f,0.2719f,3.5131f,0.0014f,0.2719f,-0.9623f,0.1263f,0f,0f,0f,1f],start_interpolation: 0,interpolation_duration: 1}
$data merge entity $(bone_chest1) {transformation: [-1.0833f,0f,0f,-0.0023f,0f,1.0651f,0.1978f,3.3756f,0f,0.1978f,-1.0651f,-0.0112f,0f,0f,0f,1f],start_interpolation: 0,interpolation_duration: 1}
$data merge entity $(bone_chest1lid) {transformation: [-1f,0f,0f,-0.3438f,0f,0.9832f,0.1826f,2.6322f,0f,0.1826f,-0.9832f,0.2488f,0f,0f,0f,1f],start_interpolation: 0,interpolation_duration: 1}
$data merge entity $(bone_chest2) {transformation: [-1f,0f,0f,-0.3438f,0f,0.9832f,0.1826f,2.4786f,0f,0.1826f,-0.9832f,0.2203f,0f,0f,0f,1f],start_interpolation: 0,interpolation_duration: 1}
$data merge entity $(bone_chest1lid3) {transformation: [-1f,0f,0f,-0.2812f,0f,0.9832f,0.1826f,2.7492f,0f,0.1826f,-0.9832f,-0.381f,0f,0f,0f,1f],start_interpolation: 0,interpolation_duration: 1}
$data merge entity $(bone_chest3) {transformation: [-1f,0f,0f,-0.2812f,0f,0.9832f,0.1826f,2.5956f,0f,0.1826f,-0.9832f,-0.4096f,0f,0f,0f,1f],start_interpolation: 0,interpolation_duration: 1}
$data merge entity $(bone_hugeasssword2) {transformation: [0f,2.8877f,-2.6461f,-1.2344f,-0.7151f,2.6016f,2.8391f,4.5648f,3.8508f,0.4831f,0.5272f,-0.0598f,0f,0f,0f,1f],start_interpolation: 0,interpolation_duration: 1}
$data merge entity $(bone_belt) {transformation: [-1f,0f,0f,0.0297f,0f,0.9832f,0.1826f,2.9601f,0f,0.1826f,-0.9832f,0.0448f,0f,0f,0f,1f],start_interpolation: 0,interpolation_duration: 1}
$data merge entity $(bone_torn_part) {transformation: [-1f,0f,0f,-0.0937f,0f,0.9204f,0.3911f,2.6858f,0f,0.3911f,-0.9204f,0.0007f,0f,0f,0f,1f],start_interpolation: 0,interpolation_duration: 1}
$data merge entity $(bone_lowerbody) {transformation: [-1f,0f,0f,0.0039f,0f,0.9954f,0.0962f,2.1862f,0f,0.0962f,-0.9954f,0.0938f,0f,0f,0f,1f],start_interpolation: 0,interpolation_duration: 1}
$data merge entity $(bone_leftfoot) {transformation: [-0.9956f,-0.0837f,-0.0422f,0.4455f,-0.0838f,0.9965f,-0.0011f,0.1613f,0.0421f,0.0025f,-0.9991f,-0.2653f,0f,0f,0f,1f],start_interpolation: 0,interpolation_duration: 1}
$data merge entity $(bone_leftlowerleg) {transformation: [-0.9956f,-0.0691f,-0.0634f,0.3786f,-0.0838f,0.9592f,0.27f,1.1839f,0.0421f,0.2741f,-0.9608f,0.1863f,0f,0f,0f,1f],start_interpolation: 0,interpolation_duration: 1}
$data merge entity $(bone_leftleg) {transformation: [-0.9956f,-0.0921f,-0.0174f,0.25f,-0.0838f,0.9574f,-0.2764f,2.2058f,0.0421f,-0.2737f,-0.9609f,-0.0781f,0f,0f,0f,1f],start_interpolation: 0,interpolation_duration: 1}
$data merge entity $(bone_rightfoot) {transformation: [-0.9952f,0.0792f,0.0571f,-0.4409f,0.0816f,0.9958f,0.0422f,0.1886f,-0.0535f,0.0466f,-0.9975f,-0.1874f,0f,0f,0f,1f],start_interpolation: 0,interpolation_duration: 1}
$data merge entity $(bone_rightlowerleg) {transformation: [-0.9952f,0.0636f,0.074f,-0.3818f,0.0816f,0.9582f,0.2741f,1.2095f,-0.0535f,0.2788f,-0.9588f,0.2692f,0f,0f,0f,1f],start_interpolation: 0,interpolation_duration: 1}
$data merge entity $(bone_rightleg) {transformation: [-0.9952f,0.0953f,0.0211f,-0.25f,0.0816f,0.9314f,-0.3548f,2.2058f,-0.0535f,-0.3514f,-0.9347f,-0.0781f,0f,0f,0f,1f],start_interpolation: 0,interpolation_duration: 1}
data modify entity @s data merge value {"cameras":{},"locators":{"lefthand":{"posx":0.8897258590582947,"posy":1.82097193038408,"posz":0.0854110975065034,"roty":0.21679852775670838,"rotx":-6.4616942594941715},"sword":{"posx":-0.8742129185492091,"posy":2.4955956689846466,"posz":3.816444428762265,"roty":359.8794423507029,"rotx":-9.220397797584392},"righthand":{"posx":-0.8818716331238101,"posy":1.9047379318570958,"posz":0.176597628611526,"roty":359.8794423507029,"rotx":-9.220397797584392},"chest":{"posx":-0.37500000000000006,"posy":2.542250737704016,"posz":0.391020233786258,"roty":0,"rotx":10.520000000000003}}}