# This file was generated by Animated Java via MC-Build. It is not recommended to edit this file directly.
$data merge entity $(bone_nose) { transformation: [0.5876434145781458f,0.3453778656235198f,-0.7317030458049765f,0.8103459077001307f,-0.2006132579591613f,0.9382755845317096f,0.28176807520137853f,3.9253124189754263f,0.7838555594201961f,-0.018789821952872127f,0.6206588471592352f,-0.1972568832005753f,0f,0f,0f,1f], start_interpolation: 0, interpolation_duration: 1 }
$data merge entity $(bone_glowing_eye) { transformation: [0.5876434145781458f,0.3453778656235198f,-0.7317030458049765f,0.9327194573180377f,-0.2006132579591613f,0.9382755845317096f,0.28176807520137853f,3.953932169203253f,0.7838555594201961f,-0.018789821952872127f,0.6206588471592352f,-0.12220544026996458f,0f,0f,0f,1f], start_interpolation: 0, interpolation_duration: 1 }
$data merge entity $(bone_head) { transformation: [0.5876434145781458f,0.3453778656235198f,-0.7317030458049765f,0.6306846743165578f,-0.2006132579591613f,0.9382755845317096f,0.28176807520137853f,3.8622195628304867f,0.7838555594201961f,-0.018789821952872127f,0.6206588471592352f,-0.07871530227922566f,0f,0f,0f,1f], start_interpolation: 0, interpolation_duration: 1 }
$data merge entity $(bone_leftthumb2) { transformation: [0.5149263858310061f,-0.014584393439555421f,-0.8571103269958998f,0.05294614945138133f,0.24537831683375716f,-0.9555103670159525f,0.16367473889660383f,4.536542445606398f,-0.8213648999091998f,-0.294596731130947f,-0.4884388059973433f,-1.2556322456240778f,0f,0f,0f,1f], start_interpolation: 0, interpolation_duration: 1 }
$data merge entity $(bone_leftthumb) { transformation: [0.5149263858310061f,-0.014584393439555421f,-0.8571103269958998f,-0.023877069425970954f,0.24537831683375716f,-0.9555103670159525f,0.16367473889660383f,4.316197928422745f,-0.8213648999091998f,-0.294596731130947f,-0.4884388059973433f,-1.3696206437219771f,0f,0f,0f,1f], start_interpolation: 0, interpolation_duration: 1 }
$data merge entity $(bone_leftpointerfinger) { transformation: [0.5149263858310061f,-0.014584393439555421f,-0.8571103269958998f,-0.11558868535681593f,0.24537831683375716f,-0.9555103670159525f,0.16367473889660383f,4.61055876758194f,-0.8213648999091998f,-0.294596731130947f,-0.4884388059973433f,-1.2060148744231918f,0f,0f,0f,1f], start_interpolation: 0, interpolation_duration: 1 }
$data merge entity $(bone_leftmidfinger) { transformation: [0.5149263858310061f,-0.014584393439555421f,-0.8571103269958998f,-0.24951217394992528f,0.24537831683375716f,-0.9555103670159525f,0.16367473889660383f,4.636132945534535f,-0.8213648999091998f,-0.294596731130947f,-0.4884388059973433f,-1.2823334378602766f,0f,0f,0f,1f], start_interpolation: 0, interpolation_duration: 1 }
$data merge entity $(bone_leftringfinger) { transformation: [0.5149263858310061f,-0.014584393439555421f,-0.8571103269958998f,-0.3834356625430346f,0.24537831683375716f,-0.9555103670159525f,0.16367473889660383f,4.661707123487129f,-0.8213648999091998f,-0.294596731130947f,-0.4884388059973433f,-1.3586520012973615f,0f,0f,0f,1f], start_interpolation: 0, interpolation_duration: 1 }
$data merge entity $(bone_invisibility) { transformation: [-0.08923098258538477f,0.852577649790249f,-0.5149263858310063f,0.006149541672668193f,-0.937609168155427f,-0.24633012284071037f,-0.24537831683375713f,4.546943420005381f,-0.33604594855128667f,0.46090435196406615f,0.8213648999091995f,-1.3769785979361973f,0f,0f,0f,1f], start_interpolation: 0, interpolation_duration: 1 }
$data merge entity $(bone_swiftness) { transformation: [-0.8571103269958997f,-0.014584393439555421f,-0.5149263858310064f,-0.1257646963366734f,0.1636747388966039f,-0.9555103670159525f,-0.24537831683375713f,4.71980473102784f,-0.48843880599734346f,-0.294596731130947f,0.8213648999091997f,-1.4714467560983144f,0f,0f,0f,1f], start_interpolation: 0, interpolation_duration: 1 }
$data merge entity $(bone_suspicious_stew) { transformation: [-0.3754484258584851f,0.770642132701946f,-0.5149263858310063f,-0.15387500119658387f,-0.7968145525774596f,-0.5521558207866821f,-0.24537831683375733f,4.6224219820023675f,-0.4734184706168195f,0.3181739349412229f,0.8213648999092f,-1.4547516522889359f,0f,0f,0f,1f], start_interpolation: 0, interpolation_duration: 1 }
$data merge entity $(bone_log) { transformation: [0.5149263858310061f,-0.014584393439555421f,-0.8571103269958998f,-0.14760074828280428f,0.24537831683375716f,-0.9555103670159525f,0.16367473889660383f,4.533659656714316f,-0.8213648999091998f,-0.294596731130947f,-0.4884388059973433f,-1.5914747720779172f,0f,0f,0f,1f], start_interpolation: 0, interpolation_duration: 1 }
$data merge entity $(bone_planks) { transformation: [0.5149263858310061f,-0.014584393439555421f,-0.8571103269958998f,-0.09932639961114745f,0.24537831683375716f,-0.9555103670159525f,0.16367473889660383f,4.556663873917481f,-0.8213648999091998f,-0.294596731130947f,-0.4884388059973433f,-1.6684777314444048f,0f,0f,0f,1f], start_interpolation: 0, interpolation_duration: 1 }
$data merge entity $(bone_lefthand1) { transformation: [0.5149263858310061f,-0.014584393439555421f,-0.8571103269958998f,-0.25319374538182277f,0.24537831683375716f,-0.9555103670159525f,0.16367473889660383f,4.2283226501613695f,-0.8213648999091998f,-0.294596731130947f,-0.4884388059973433f,-1.444519017195937f,0f,0f,0f,1f], start_interpolation: 0, interpolation_duration: 1 }
$data merge entity $(bone_leftforearm) { transformation: [0.7333915921007224f,-0.25416097150582234f,-0.6305069176457816f,-0.37029893705681005f,-0.595636760250652f,-0.687266520065237f,-0.4157903080105716f,3.6971652669152943f,-0.3276486265408033f,0.6804902137140807f,-0.6554231049980536f,-0.9792787689067664f,0f,0f,0f,1f], start_interpolation: 0, interpolation_duration: 1 }
$data merge entity $(bone_leftelbow) { transformation: [0.7333915921007224f,-0.25416097150582234f,-0.6305069176457816f,-0.41795411921415176f,-0.595636760250652f,-0.687266520065237f,-0.4157903080105716f,3.5683027944030625f,-0.3276486265408033f,0.6804902137140807f,-0.6554231049980536f,-0.8516868538353762f,0f,0f,0f,1f], start_interpolation: 0, interpolation_duration: 1 }
$data merge entity $(bone_leftarm) { transformation: [0.692190604950333f,0.5973910500166186f,-0.4049643191424821f,0.036049394312744565f,-0.5854013847114967f,0.1365568989620651f,-0.799160454554482f,3.571240821927173f,-0.4221106314656788f,0.7902380316752075f,0.44423695039667677f,-0.6447120489753101f,0f,0f,0f,1f], start_interpolation: 0, interpolation_duration: 1 }
$data merge entity $(bone_rightthumb2) { transformation: [-0.3886244811489131f,-0.021875887846359354f,0.9211365035556196f,1.6804177987386342f,0.534404153125618f,-0.8197426862311639f,0.20599545988348084f,3.6205030168635424f,0.7505885782329953f,0.5723140518119834f,0.33026264143060713f,-0.24061004480536877f,0f,0f,0f,1f], start_interpolation: 0, interpolation_duration: 1 }
$data merge entity $(bone_rightthumb) { transformation: [-0.3886244811489131f,-0.021875887846359354f,0.9211365035556196f,1.7537709240660777f,0.534404153125618f,-0.8197426862311639f,0.20599545988348084f,3.4370711281484887f,0.7505885782329953f,0.5723140518119834f,0.33026264143060713f,-0.07203089627381232f,0f,0f,0f,1f], start_interpolation: 0, interpolation_duration: 1 }
$data merge entity $(bone_rightpointerfinger) { transformation: [-0.3886244811489131f,-0.021875887846359354f,0.9211365035556196f,1.7616214207441718f,0.534404153125618f,-0.8197426862311639f,0.20599545988348084f,3.7741556884982415f,0.7505885782329953f,0.5723140518119834f,0.33026264143060713f,-0.16224475746332578f,0f,0f,0f,1f], start_interpolation: 0, interpolation_duration: 1 }
$data merge entity $(bone_rightmidfinger) { transformation: [-0.3886244811489131f,-0.021875887846359354f,0.9211365035556196f,1.9055489994247372f,0.534404153125618f,-0.8197426862311639f,0.20599545988348084f,3.8063424791050355f,0.7505885782329953f,0.5723140518119834f,0.33026264143060713f,-0.11064121973979343f,0f,0f,0f,1f], start_interpolation: 0, interpolation_duration: 1 }
$data merge entity $(bone_rightringfinger) { transformation: [-0.3886244811489131f,-0.021875887846359354f,0.9211365035556196f,2.0494765781053026f,0.534404153125618f,-0.8197426862311639f,0.20599545988348084f,3.838529269711829f,0.7505885782329953f,0.5723140518119834f,0.33026264143060713f,-0.05903768201626107f,0f,0f,0f,1f], start_interpolation: 0, interpolation_duration: 1 }
$data merge entity $(bone_hugeasssword) { transformation: [-1.5221125511665765f,-0.08568056073157414f,3.607784638926177f,1.989941079643069f,2.0930829330753373f,-3.2106588544053922f,0.8068155512103f,3.494662463729659f,2.9398052647458983f,2.241563369596935f,1.2935286789365448f,-0.19892537283097694f,0f,0f,0f,1f], start_interpolation: 0, interpolation_duration: 1 }
$data merge entity $(bone_ice) { transformation: [-0.3886244811489131f,-0.021875887846359354f,0.9211365035556196f,1.9963551479086203f,0.534404153125618f,-0.8197426862311639f,0.20599545988348084f,3.499120878309433f,0.7505885782329953f,0.5723140518119834f,0.33026264143060713f,-0.21959572642542974f,0f,0f,0f,1f], start_interpolation: 0, interpolation_duration: 1 }
$data merge entity $(bone_righthand1) { transformation: [-0.3886244811489131f,-0.021875887846359354f,0.9211365035556196f,1.9225155713959152f,0.534404153125618f,-0.8197426862311639f,0.20599545988348084f,3.4342236031544053f,0.7505885782329953f,0.5723140518119834f,0.33026264143060713f,0.12145063863052141f,0f,0f,0f,1f], start_interpolation: 0, interpolation_duration: 1 }
$data merge entity $(bone_rightforearm) { transformation: [0.48560150121379614f,-0.6376214699475614f,0.5980217747547484f,1.4409424910148456f,0.6675050076874014f,-0.17127494421643455f,-0.7246391917333063f,3.2402758752560215f,0.5644716527259362f,0.7510684086989471f,0.34244415416718954f,0.6047236863335861f,0f,0f,0f,1f], start_interpolation: 0, interpolation_duration: 1 }
$data merge entity $(bone_rightelbow) { transformation: [0.48560150121379614f,-0.6376214699475614f,0.5980217747547484f,1.321388465399678f,0.6675050076874014f,-0.17127494421643455f,-0.7246391917333063f,3.20816182321544f,0.5644716527259362f,0.7510684086989471f,0.34244415416718954f,0.7455490129646386f,0f,0f,0f,1f], start_interpolation: 0, interpolation_duration: 1 }
$data merge entity $(bone_rightarm) { transformation: [0.4077848742862241f,-0.7997062411700611f,-0.44066021392567406f,0.9345458194680012f,0.7110254461147859f,0.580899133737697f,-0.396231007620634f,3.3162238524162317f,0.5728475462814153f,-0.15174361356065535f,0.8054933671129245f,0.4982762149371327f,0f,0f,0f,1f], start_interpolation: 0, interpolation_duration: 1 }
$data merge entity $(bone_chest1) { transformation: [0.5945477333893429f,0.24303333599376217f,-0.8723868989321476f,0.4188892669395604f,-0.1712926703758911f,1.0549350967409796f,0.17714929819422762f,3.235803648597581f,0.8892597623350571f,0.040716708744128596f,0.6173899382334918f,-0.05494413402367598f,0f,0f,0f,1f], start_interpolation: 0, interpolation_duration: 1 }
$data merge entity $(bone_chest1lid) { transformation: [0.5488132923593935f,0.224338463994242f,-0.8052802143989055f,0.7680666415014106f,-0.1581163111162072f,0.9737862431455196f,0.16352242910236398f,2.452295396590425f,0.8208551652323605f,0.03758465422534948f,0.5698984045232232f,-0.023381616042213532f,0f,0f,0f,1f], start_interpolation: 0, interpolation_duration: 1 }
$data merge entity $(bone_chest2) { transformation: [0.5488132923593935f,0.224338463994242f,-0.8052802143989055f,0.7330137565023103f,-0.1581163111162072f,0.9737862431455196f,0.16352242910236398f,2.3001412960989374f,0.8208551652323605f,0.03758465422534948f,0.5698984045232232f,-0.029254218264924386f,0f,0f,0f,1f], start_interpolation: 0, interpolation_duration: 1 }
$data merge entity $(bone_chest1lid3) { transformation: [0.5488132923593935f,0.224338463994242f,-0.8052802143989055f,0.21788317337964955f,-0.1581163111162072f,0.9737862431455196f,0.16352242910236398f,2.5669342221788893f,0.8208551652323605f,0.03758465422534948f,0.5698984045232232f,0.29040610152845375f,0f,0f,0f,1f], start_interpolation: 0, interpolation_duration: 1 }
$data merge entity $(bone_chest3) { transformation: [0.5488132923593935f,0.224338463994242f,-0.8052802143989055f,0.18283028838054924f,-0.1581163111162072f,0.9737862431455196f,0.16352242910236398f,2.414780121687402f,0.8208551652323605f,0.03758465422534948f,0.5698984045232232f,0.2845334993057429f,0f,0f,0f,1f], start_interpolation: 0, interpolation_duration: 1 }
$data merge entity $(bone_hugeasssword2) { transformation: [3.1540141730623805f,-0.9911780380951682f,2.1000091596698383f,1.1420123822990973f,-0.6404628473175922f,3.0332860898716523f,2.3935873946807886f,4.214203036900531f,-2.2321020843826234f,-2.270907169297489f,2.2805654323228244f,1.150985049689211f,0f,0f,0f,1f], start_interpolation: 0, interpolation_duration: 1 }
$data merge entity $(bone_belt) { transformation: [0.5488132923593935f,0.224338463994242f,-0.8052802143989055f,0.41736391610443074f,-0.1581163111162072f,0.9737862431455196f,0.16352242910236398f,2.8315741473895173f,0.8208551652323605f,0.03758465422534948f,0.5698984045232232f,-0.17080732011279665f,0f,0f,0f,1f], start_interpolation: 0, interpolation_duration: 1 }
$data merge entity $(bone_torn_part) { transformation: [0.49909132751221763f,0.5657561555431132f,-0.6563747552025208f,0.397355652435759f,-0.22051675622067615f,0.815442558513472f,0.5351876250352896f,2.536618079952914f,0.8380216029602121f,-0.12236587036457339f,0.5317390212706956f,-0.07694393390204327f,0f,0f,0f,1f], start_interpolation: 0, interpolation_duration: 1 }
$data merge entity $(bone_lowerbody) { transformation: [0.49909132751221763f,0.34219553999402197f,-0.7961218871569178f,0.29348323935212955f,-0.22051675622067615f,0.938635413086831f,0.26520920331923825f,2.062539802414517f,0.8380216029602121f,0.04319460275907043f,0.5439246448401497f,-0.2563624988752249f,0f,0f,0f,1f], start_interpolation: 0, interpolation_duration: 1 }
$data merge entity $(bone_leftfoot) { transformation: [0.6998399712620297f,0.462661221640853f,-0.5442137526870808f,-0.2871694364070607f,-0.11709432951619773f,0.8258859358680267f,0.5515445031278486f,0.35757778397155837f,0.7046367380566484f,-0.3222685447343367f,0.632162995164775f,-0.2803656816512083f,0f,0f,0f,1f], start_interpolation: 0, interpolation_duration: 1 }
$data merge entity $(bone_leftlowerleg) { transformation: [0.6998399712620297f,0.462661221640853f,-0.5442137526870808f,0.3097114185159626f,-0.11709432951619773f,0.8258859358680267f,0.5515445031278486f,1.1890525941767578f,0.7046367380566484f,-0.3222685447343367f,0.632162995164775f,-0.7350114269598269f,0f,0f,0f,1f], start_interpolation: 0, interpolation_duration: 1 }
$data merge entity $(bone_leftleg) { transformation: [0.5650022004115418f,-0.2660482544904275f,-0.7810191033596507f,0.053377515629919825f,-0.11737923988238022f,0.9110415834982459f,-0.39525352266822755f,2.136433931784398f,0.8166973904542311f,0.3149945387139358f,0.4835119574588041f,-0.3879079329157284f,0f,0f,0f,1f], start_interpolation: 0, interpolation_duration: 1 }
$data merge entity $(bone_rightfoot) { transformation: [0.8033953715112099f,0.35624559348194823f,-0.4771215297584671f,0.29891550154232427f,-0.04459286799548036f,0.8350306486041317f,0.5483933734243157f,0.35807037716805323f,0.5937738232343214f,-0.4193004805821927f,0.6867457708826747f,0.14769001310411012f,0f,0f,0f,1f], start_interpolation: 0, interpolation_duration: 1 }
$data merge entity $(bone_rightlowerleg) { transformation: [0.8033953715112099f,0.35624559348194823f,-0.4771215297584671f,0.7674330924520564f,-0.04459286799548036f,0.8350306486041317f,0.5483933734243157f,1.2001742603576244f,0.5937738232343214f,-0.4193004805821927f,0.6867457708826747f,-0.4229869407251353f,0f,0f,0f,1f], start_interpolation: 0, interpolation_duration: 1 }
$data merge entity $(bone_rightleg) { transformation: [0.6750857839100668f,-0.41706357048856973f,-0.6085369031816039f,0.3107004814745248f,-0.0752445658496662f,0.781640403311449f,-0.6191740750558044f,2.014140361618632f,0.7338919809295005f,0.4637847109192382f,0.4962925571121662f,0.03337294564005211f,0f,0f,0f,1f], start_interpolation: 0, interpolation_duration: 1 }
data modify entity @s data merge value {"locators":{"lefthand":{"posx":-0.18134334235768487,"posy":4.582747269139013,"posz":-1.483824586748116,"roty":299.6773839420699,"rotx":9.420256009971906},"righthand":{"posx":1.9458706556804524,"posy":3.5588110680766425,"posz":-0.16333080804800193,"roty":109.72469711242445,"rotx":11.887778525822522},"chest":{"posx":0.8970209363878305,"posy":2.360942242124204,"posz":-0.08912555872454023,"roty":234.71288166475972,"rotx":9.411410120827055},"sack":{"posx":0,"posy":-0.4375,"posz":0,"roty":0,"rotx":0}},"cameras":{}}