# This file was generated by Animated Java via MC-Build. It is not recommended to edit this file directly.
$data merge entity $(bone_nose) { transformation: [0.7562598728799204f,0.296063021803628f,-0.5834532473062015f,0.7885761263581594f,-0.08525683435474693f,0.9287499945700356f,0.360769621478813f,3.8723034227249205f,0.6486927445774731f,-0.22309221121918f,0.7276177488392397f,-0.3728983932249919f,0f,0f,0f,1f], start_interpolation: 0, interpolation_duration: 1 }
$data merge entity $(bone_glowing_eye) { transformation: [0.7562598728799204f,0.296063021803628f,-0.5834532473062015f,0.9235144482793367f,-0.08525683435474693f,0.9287499945700356f,0.360769621478813f,3.911940957734158f,0.6486927445774731f,-0.22309221121918f,0.7276177488392397f,-0.33230763158340076f,0f,0f,0f,1f], start_interpolation: 0, interpolation_duration: 1 }
$data merge entity $(bone_head) { transformation: [0.7562598728799204f,0.296063021803628f,-0.5834532473062015f,0.6427646517984679f,-0.08525683435474693f,0.9287499945700356f,0.360769621478813f,3.825180191209161f,0.6486927445774731f,-0.22309221121918f,0.7276177488392397f,-0.20910160258791585f,0f,0f,0f,1f], start_interpolation: 0, interpolation_duration: 1 }
$data merge entity $(bone_leftthumb2) { transformation: [0.37715381950611127f,-0.19350188893567877f,-0.9057107791178574f,-0.03516599494753808f,0.3059596204765823f,-0.8969938923640072f,0.31904649770761273f,4.387057848744499f,-0.8741531370817005f,-0.39744053145092334f,-0.2791009080784772f,-0.9529840201857079f,0f,0f,0f,1f], start_interpolation: 0, interpolation_duration: 1 }
$data merge entity $(bone_leftthumb) { transformation: [0.37715381950611127f,-0.19350188893567877f,-0.9057107791178574f,-0.16002066085131056f,0.3059596204765823f,-0.8969938923640072f,0.31904649770761273f,4.194341740174267f,-0.8741531370817005f,-0.39744053145092334f,-0.2791009080784772f,-1.0743045955721775f,0f,0f,0f,1f], start_interpolation: 0, interpolation_duration: 1 }
$data merge entity $(bone_leftpointerfinger) { transformation: [0.37715381950611127f,-0.19350188893567877f,-0.9057107791178574f,-0.18023424532392143f,0.3059596204765823f,-0.8969938923640072f,0.31904649770761273f,4.470158832196625f,-0.8741531370817005f,-0.39744053145092334f,-0.2791009080784772f,-0.8613667768877109f,0f,0f,0f,1f], start_interpolation: 0, interpolation_duration: 1 }
$data merge entity $(bone_leftmidfinger) { transformation: [0.37715381950611127f,-0.19350188893567877f,-0.9057107791178574f,-0.3217515545610867f,0.3059596204765823f,-0.8969938923640072f,0.31904649770761273f,4.520009847463439f,-0.8741531370817005f,-0.39744053145092334f,-0.2791009080784772f,-0.904976293774973f,0f,0f,0f,1f], start_interpolation: 0, interpolation_duration: 1 }
$data merge entity $(bone_leftringfinger) { transformation: [0.37715381950611127f,-0.19350188893567877f,-0.9057107791178574f,-0.46326886379825183f,0.3059596204765823f,-0.8969938923640072f,0.31904649770761273f,4.569860862730254f,-0.8741531370817005f,-0.39744053145092334f,-0.2791009080784772f,-0.948585810662235f,0f,0f,0f,1f], start_interpolation: 0, interpolation_duration: 1 }
$data merge entity $(bone_invisibility) { transformation: [-0.2717034514970378f,0.8853994753084893f,-0.3771538195061114f,-0.1023787114214324f,-0.8657738253149556f,-0.39601059839016206f,-0.30595962047658226f,4.419447351005308f,-0.42025339718330107f,0.24339962014374136f,0.8741531370817002f,-1.060018644840522f,0f,0f,0f,1f], start_interpolation: 0, interpolation_duration: 1 }
$data merge entity $(bone_swiftness) { transformation: [-0.9057107791178572f,-0.19350188893567877f,-0.3771538195061115f,-0.22635271187419972f,0.3190464977076128f,-0.8969938923640072f,-0.30595962047658226f,4.61667201228174f,-0.27910090807847737f,-0.39744053145092334f,0.8741531370817004f,-1.1040585374455816f,0f,0f,0f,1f], start_interpolation: 0, interpolation_duration: 1 }
$data merge entity $(bone_suspicious_stew) { transformation: [-0.5581421838593101f,0.739075299972007f,-0.3771538195061114f,-0.26312908146217073f,-0.678117673298165f,-0.668240324882081f,-0.3059596204765825f,4.521315158030048f,-0.4781565891603332f,0.08498569981343523f,0.8741531370817007f,-1.0937200401934746f,0f,0f,0f,1f], start_interpolation: 0, interpolation_duration: 1 }
$data merge entity $(bone_log) { transformation: [0.37715381950611127f,-0.19350188893567877f,-0.9057107791178574f,-0.2944138397715822f,0.3059596204765823f,-0.8969938923640072f,0.31904649770761273f,4.452829940484271f,-0.8741531370817005f,-0.39744053145092334f,-0.2791009080784772f,-1.2384348182924279f,0f,0f,0f,1f], start_interpolation: 0, interpolation_duration: 1 }
$data merge entity $(bone_planks) { transformation: [0.37715381950611127f,-0.19350188893567877f,-0.9057107791178574f,-0.25905566919288425f,0.3059596204765823f,-0.8969938923640072f,0.31904649770761273f,4.481513654903951f,-0.8741531370817005f,-0.39744053145092334f,-0.2791009080784772f,-1.3203866748938373f,0f,0f,0f,1f], start_interpolation: 0, interpolation_duration: 1 }
$data merge entity $(bone_lefthand1) { transformation: [0.37715381950611127f,-0.19350188893567877f,-0.9057107791178574f,-0.40877430503459666f,0.3059596204765823f,-0.8969938923640072f,0.31904649770761273f,4.142121359220761f,-0.8741531370817005f,-0.39744053145092334f,-0.2791009080784772f,-1.1105347635072813f,0f,0f,0f,1f], start_interpolation: 0, interpolation_duration: 1 }
$data merge entity $(bone_leftforearm) { transformation: [0.6458217124923925f,-0.24633502307867627f,-0.7226571608157093f,-0.5252660717313673f,-0.5852291131435449f,-0.7675948219354598f,-0.26135239518146725f,3.5523971753674397f,-0.49032764637802523f,0.5917070607510935f,-0.6398918294951804f,-0.7241263038770112f,0f,0f,0f,1f], start_interpolation: 0, interpolation_duration: 1 }
$data merge entity $(bone_leftelbow) { transformation: [0.6458217124923925f,-0.24633502307867627f,-0.7226571608157093f,-0.5714538885586191f,-0.5852291131435449f,-0.7675948219354598f,-0.26135239518146725f,3.408473146254541f,-0.49032764637802523f,0.5917070607510935f,-0.6398918294951804f,-0.6131812299861811f,0f,0f,0f,1f], start_interpolation: 0, interpolation_duration: 1 }
$data merge entity $(bone_leftarm) { transformation: [0.5886737492932395f,0.7991638246880257f,-0.12165688719939838f,-0.08028087589951605f,-0.5763543911187227f,0.30940862346681747f,-0.7563609717340891f,3.507462858779554f,-0.5668146370121427f,0.5153673301969929f,0.6427423140220485f,-0.6021945199442224f,0f,0f,0f,1f], start_interpolation: 0, interpolation_duration: 1 }
$data merge entity $(bone_rightthumb2) { transformation: [-0.360533103361533f,0.12109075944616632f,0.9248529122824091f,1.5599433657057862f,0.2321258577251614f,-0.9486943212368651f,0.2147013531123677f,3.8252474747694216f,0.9034010557641945f,0.29208922066668996f,0.31392741137795765f,-0.2348545774334168f,0f,0f,0f,1f], start_interpolation: 0, interpolation_duration: 1 }
$data merge entity $(bone_rightthumb) { transformation: [-0.360533103361533f,0.12109075944616632f,0.9248529122824091f,1.6686755840306366f,0.2321258577251614f,-0.9486943212368651f,0.2147013531123677f,3.6109351485770897f,0.9034010557641945f,0.29208922066668996f,0.31392741137795765f,-0.13639443497623427f,0f,0f,0f,1f], start_interpolation: 0, interpolation_duration: 1 }
$data merge entity $(bone_rightpointerfinger) { transformation: [-0.360533103361533f,0.12109075944616632f,0.9248529122824091f,1.6328618506704333f,0.2321258577251614f,-0.9486943212368651f,0.2147013531123677f,3.957678364348768f,0.9034010557641945f,0.29208922066668996f,0.31392741137795765f,-0.11871137262494139f,0f,0f,0f,1f], start_interpolation: 0, interpolation_duration: 1 }
$data merge entity $(bone_rightmidfinger) { transformation: [-0.360533103361533f,0.12109075944616632f,0.9248529122824091f,1.7773701182145598f,0.2321258577251614f,-0.9486943212368651f,0.2147013531123677f,3.9912254507725753f,0.9034010557641945f,0.29208922066668996f,0.31392741137795765f,-0.0696602145971355f,0f,0f,0f,1f], start_interpolation: 0, interpolation_duration: 1 }
$data merge entity $(bone_rightringfinger) { transformation: [-0.360533103361533f,0.12109075944616632f,0.9248529122824091f,1.9218783857586863f,0.2321258577251614f,-0.9486943212368651f,0.2147013531123677f,4.024772537196383f,0.9034010557641945f,0.29208922066668996f,0.31392741137795765f,-0.02060905656932962f,0f,0f,0f,1f], start_interpolation: 0, interpolation_duration: 1 }
$data merge entity $(bone_hugeasssword) { transformation: [-1.4120879881660042f,0.47427214116415145f,3.6223405731061025f,1.883282457553057f,0.9091596094235489f,-3.7157194248443886f,0.8409136330234402f,3.7335087771707105f,3.538320801743095f,1.144016114277869f,1.229549027897001f,-0.25520061288935886f,0f,0f,0f,1f], start_interpolation: 0, interpolation_duration: 1 }
$data merge entity $(bone_ice) { transformation: [-0.360533103361533f,0.12109075944616632f,0.9248529122824091f,1.8870237441767346f,0.2321258577251614f,-0.9486943212368651f,0.2147013531123677f,3.7447051594130807f,0.9034010557641945f,0.29208922066668996f,0.31392741137795765f,-0.2738801484585914f,0f,0f,0f,1f], start_interpolation: 0, interpolation_duration: 1 }
$data merge entity $(bone_righthand1) { transformation: [-0.360533103361533f,0.12109075944616632f,0.9248529122824091f,1.8560648117067182f,0.2321258577251614f,-0.9486943212368651f,0.2147013531123677f,3.5722724608199163f,0.9034010557641945f,0.29208922066668996f,0.31392741137795765f,0.03480265225469087f,0f,0f,0f,1f], start_interpolation: 0, interpolation_duration: 1 }
$data merge entity $(bone_rightforearm) { transformation: [0.45278916568895644f,-0.5130763005728696f,0.7292013996319247f,1.4659728631139124f,0.5896506328570607f,-0.4411487972323015f,-0.6765351948507642f,3.196508372266446f,0.66880049536911f,0.7363018732089119f,0.10278836949325162f,0.49156162293274763f,0f,0f,0f,1f], start_interpolation: 0, interpolation_duration: 1 }
$data merge entity $(bone_rightelbow) { transformation: [0.45278916568895644f,-0.5130763005728696f,0.7292013996319247f,1.3697710567564994f,0.5896506328570607f,-0.4411487972323015f,-0.6765351948507642f,3.1137929727853892f,0.66880049536911f,0.7363018732089119f,0.10278836949325162f,0.6296182241594186f,0f,0f,0f,1f], start_interpolation: 0, interpolation_duration: 1 }
$data merge entity $(bone_rightarm) { transformation: [0.38479378739126324f,-0.7018984132386366f,-0.5993933255202062f,1.0696462093481867f,0.6256348867860317f,0.6757932055637653f,-0.38972366075217885f,3.2785731964929306f,0.678612355930333f,-0.22503813189531868f,0.6991731613640135f,0.3186505569029202f,0f,0f,0f,1f], start_interpolation: 0, interpolation_duration: 1 }
$data merge entity $(bone_chest1) { transformation: [0.7872568795035507f,0.22161084805918085f,-0.710440953780069f,0.4565753527114016f,-0.15617470013543175f,1.0603543451799957f,0.15769983134620455f,3.194045825365322f,0.7276312114134823f,-0.01218219157229235f,0.8025057791047714f,-0.13965941233709595f,0f,0f,0f,1f], start_interpolation: 0, interpolation_duration: 1 }
$data merge entity $(bone_chest1lid) { transformation: [0.7266986580032776f,0.2045638597469362f,-0.6557916496431406f,0.821504740957096f,-0.14416126166347548f,0.9787886263199961f,0.1455690750888042f,2.418908821900916f,0.6716595797662914f,-0.011245099912885248f,0.7407745653274813f,-0.19253076436625055f,0f,0f,0f,1f], start_interpolation: 0, interpolation_duration: 1 }
$data merge entity $(bone_chest2) { transformation: [0.7266986580032776f,0.2045638597469362f,-0.6557916496431406f,0.7895416378716372f,-0.14416126166347548f,0.9787886263199961f,0.1455690750888042f,2.2659730990384164f,0.6716595797662914f,-0.011245099912885248f,0.7407745653274813f,-0.19077371750486224f,0f,0f,0f,1f], start_interpolation: 0, interpolation_duration: 1 }
$data merge entity $(bone_chest1lid3) { transformation: [0.7266986580032776f,0.2045638597469362f,-0.6557916496431406f,0.3559695492792543f,-0.14416126166347548f,0.9787886263199961f,0.1455690750888042f,2.521174089483648f,0.6716595797662914f,-0.011245099912885248f,0.7407745653274813f,0.24004921781127403f,0f,0f,0f,1f], start_interpolation: 0, interpolation_duration: 1 }
$data merge entity $(bone_chest3) { transformation: [0.7266986580032776f,0.2045638597469362f,-0.6557916496431406f,0.3240064461937955f,-0.14416126166347548f,0.9787886263199961f,0.1455690750888042f,2.3682383666211484f,0.6716595797662914f,-0.011245099912885248f,0.7407745653274813f,0.24180626467266236f,0f,0f,0f,1f], start_interpolation: 0, interpolation_duration: 1 }
$data merge entity $(bone_hugeasssword2) { transformation: [2.5685172944356354f,-1.5571770171396289f,2.513602280245417f,1.4155220795713677f,-0.5701455440978164f,3.0062251324897464f,2.4449585454788774f,4.190686433536404f,-2.9013670475326347f,-1.9692861569251217f,1.7447805206995628f,0.8710662043948803f,0f,0f,0f,1f], start_interpolation: 0, interpolation_duration: 1 }
$data merge entity $(bone_belt) { transformation: [0.7266986580032776f,0.2045638597469362f,-0.6557916496431406f,0.4376609472332933f,-0.14416126166347548f,0.9787886263199961f,0.1455690750888042f,2.7897269010009698f,0.6716595797662914f,-0.011245099912885248f,0.7407745653274813f,-0.2536618109920166f,0f,0f,0f,1f], start_interpolation: 0, interpolation_duration: 1 }
$data merge entity $(bone_torn_part) { transformation: [0.6852291874573785f,0.5184145022100445f,-0.5115734204929074f,0.44458109829788844f,-0.20843442727880615f,0.8125991011260576f,0.5442773101775227f,2.496153830221905f,0.6978653524724218f,-0.2663251860929323f,0.6648720516543827f,-0.15636434181635656f,0f,0f,0f,1f], start_interpolation: 0, interpolation_duration: 1 }
$data merge entity $(bone_lowerbody) { transformation: [0.6852291874573785f,0.3405876038569682f,-0.6437864900380174f,0.3018941196760648f,-0.20843442727880615f,0.938656880615661f,0.274733234243389f,2.0195458387072587f,0.6978653524724218f,-0.054067962527228064f,0.714185273753735f,-0.2985471869376124f,0f,0f,0f,1f], start_interpolation: 0, interpolation_duration: 1 }
$data merge entity $(bone_leftfoot) { transformation: [0.7553121582373591f,0.449605364010902f,-0.4768213085333407f,-0.2990404469508009f,-0.1119670391707861f,0.805396999885498f,0.5820644764240187f,0.34378858299144377f,0.6457297621746658f,-0.38625210579110586f,0.6586671276250139f,-0.21273505358128375f,0f,0f,0f,1f], start_interpolation: 0, interpolation_duration: 1 }
$data merge entity $(bone_leftlowerleg) { transformation: [0.7553121582373591f,0.449605364010902f,-0.4768213085333407f,0.27300201171171656f,-0.1119670391707861f,0.805396999885498f,0.5820644764240187f,1.147844219468952f,0.6457297621746658f,-0.38625210579110586f,0.6586671276250139f,-0.7424348059341919f,0f,0f,0f,1f], start_interpolation: 0, interpolation_duration: 1 }
$data merge entity $(bone_leftleg) { transformation: [0.6737852306260601f,-0.25151994622731744f,-0.6948029790091539f,0.034050967311022196f,-0.08694795299002372f,0.9067671922786027f,-0.41256916084218465f,2.0907949324308244f,0.733793919613015f,0.33839470394346793f,0.5890971973129572f,-0.3729624339934107f,0f,0f,0f,1f], start_interpolation: 0, interpolation_duration: 1 }
$data merge entity $(bone_rightfoot) { transformation: [0.8948706458185649f,0.2771003570775654f,-0.34988843844824413f,0.36744887580273466f,-0.02864507075685284f,0.8179716678301376f,0.574544872528263f,0.3066117261496444f,0.44540541888665885f,-0.5041207620547572f,0.7399163939876798f,0.17097129940720956f,0f,0f,0f,1f], start_interpolation: 0, interpolation_duration: 1 }
$data merge entity $(bone_rightlowerleg) { transformation: [0.8948706458185649f,0.2771003570775654f,-0.34988843844824413f,0.7286159122413133f,-0.02864507075685284f,0.8179716678301376f,0.574544872528263f,1.125772739118553f,0.44540541888665885f,-0.5041207620547572f,0.7399163939876798f,-0.50197258779927f,0f,0f,0f,1f], start_interpolation: 0, interpolation_duration: 1 }
$data merge entity $(bone_rightleg) { transformation: [0.8025950056095769f,-0.3037594414923081f,-0.5133921100629077f,0.385932765160794f,-0.05466694094106208f,0.8195637491170218f,-0.5703742514361934f,1.9791331655533797f,0.5940141265481068f,0.485845101691406f,0.6411721723716319f,-0.01817766232330892f,0f,0f,0f,1f], start_interpolation: 0, interpolation_duration: 1 }
data modify entity @s data merge value {"locators":{"lefthand":{"posx":-0.3005029443534637,"posy":4.489238772378848,"posz":-1.121071968482689,"roty":287.1270359594814,"rotx":18.605270913415865},"righthand":{"posx":1.8368808958658318,"posy":3.77793559870176,"posz":-0.19865530935639583,"roty":108.74900850492979,"rotx":12.398006944041681},"chest":{"posx":0.9338962780422557,"posy":2.3304843253463066,"posz":-0.28658460958641757,"roty":221.51776930996863,"rotx":8.3702344483148},"sack":{"posx":0,"posy":-0.4375,"posz":0,"roty":0,"rotx":0}},"cameras":{}}