# This file was generated by Animated Java via MC-Build. It is not recommended to edit this file directly.
$data merge entity $(bone_nose) { transformation: [-0.8868870873132852f,-0.008264722821684266f,-0.46191231712700387f,0.25206530228875845f,-0.21312598418244538f,0.8944084301014256f,0.39320589394077904f,3.8995617996545144f,0.4098885326808024f,0.44717474718524064f,-0.7950007146264678f,0.5795201489535853f,0f,0f,0f,1f], start_interpolation: 0, interpolation_duration: 1 }
$data merge entity $(bone_glowing_eye) { transformation: [-0.8868870873132852f,-0.008264722821684266f,-0.46191231712700387f,0.15676354649004187f,-0.21312598418244538f,0.8944084301014256f,0.39320589394077904f,3.919758603995323f,0.4098885326808024f,0.44717474718524064f,-0.7950007146264678f,0.6887756260302846f,0f,0f,0f,1f], start_interpolation: 0, interpolation_duration: 1 }
$data merge entity $(bone_head) { transformation: [-0.8868870873132852f,-0.008264722821684266f,-0.46191231712700387f,0.16659041349190412f,-0.21312598418244538f,0.8944084301014256f,0.39320589394077904f,3.8627528114018155f,0.4098885326808024f,0.44717474718524064f,-0.7950007146264678f,0.37543654977485763f,0f,0f,0f,1f], start_interpolation: 0, interpolation_duration: 1 }
$data merge entity $(bone_leftthumb2) { transformation: [0.1269035694042025f,0.2348975421862497f,0.9637004870535923f,0.8192161966700319f,-0.506757578994276f,-0.8198415965579249f,0.2665642749604917f,3.9753983192010365f,0.8526970389325462f,-0.5221904836630124f,0.014995284840768557f,0.45106983801888284f,0f,0f,0f,1f], start_interpolation: 0, interpolation_duration: 1 }
$data merge entity $(bone_leftthumb) { transformation: [0.1269035694042025f,0.2348975421862497f,0.9637004870535923f,0.9591784915320256f,-0.506757578994276f,-0.8198415965579249f,0.2665642749604917f,3.797118232984616f,0.8526970389325462f,-0.5221904836630124f,0.014995284840768557f,0.3242879978834365f,0f,0f,0f,1f], start_interpolation: 0, interpolation_duration: 1 }
$data merge entity $(bone_leftpointerfinger) { transformation: [0.1269035694042025f,0.2348975421862497f,0.9637004870535923f,0.9133961179292149f,-0.506757578994276f,-0.8198415965579249f,0.2665642749604917f,4.134050567446457f,0.8526970389325462f,-0.5221904836630124f,0.014995284840768557f,0.4030709156790262f,0f,0f,0f,1f], start_interpolation: 0, interpolation_duration: 1 }
$data merge entity $(bone_leftmidfinger) { transformation: [0.1269035694042025f,0.2348975421862497f,0.9637004870535923f,1.0639743190313387f,-0.506757578994276f,-0.8198415965579249f,0.2665642749604917f,4.175701235409034f,0.8526970389325462f,-0.5221904836630124f,0.014995284840768557f,0.4054139289353963f,0f,0f,0f,1f], start_interpolation: 0, interpolation_duration: 1 }
$data merge entity $(bone_leftringfinger) { transformation: [0.1269035694042025f,0.2348975421862497f,0.9637004870535923f,1.2145525201334626f,-0.506757578994276f,-0.8198415965579249f,0.2665642749604917f,4.21735190337161f,0.8526970389325462f,-0.5221904836630124f,0.014995284840768557f,0.4077569421917664f,0f,0f,0f,1f], start_interpolation: 0, interpolation_duration: 1 }
$data merge entity $(bone_invisibility) { transformation: [0.31799571785615977f,-0.9395606459923793f,-0.12690356940420225f,0.9327668156486991f,-0.7934892443919039f,-0.3370038206997439f,0.506757578994276f,3.9410332131689914f,-0.5188964660310469f,-0.06045012271415795f,-0.852697038932546f,0.5053684236769627f,0f,0f,0f,1f], start_interpolation: 0, interpolation_duration: 1 }
$data merge entity $(bone_swiftness) { transformation: [0.9637004870535923f,0.2348975421862497f,-0.12690356940420228f,1.0882611003314304f,0.26656427496049157f,-0.8198415965579249f,0.5067575789942761f,4.075640883393512f,0.014995284840768746f,-0.5221904836630124f,-0.8526970389325462f,0.6233045695028441f,0f,0f,0f,1f], start_interpolation: 0, interpolation_duration: 1 }
$data merge entity $(bone_suspicious_stew) { transformation: [0.6201668963164229f,-0.7741372648217677f,-0.1269035694042025f,1.1024498346812672f,-0.630373892571034f,-0.5880693085825022f,0.506757578994276f,4.029444089562737f,-0.4669280204465104f,-0.23427757792321863f,-0.8526970389325466f,0.5326577185063105f,0f,0f,0f,1f], start_interpolation: 0, interpolation_duration: 1 }
$data merge entity $(bone_log) { transformation: [0.1269035694042025f,0.2348975421862497f,0.9637004870535923f,1.1888826974168296f,-0.506757578994276f,-0.8198415965579249f,0.2665642749604917f,3.8919505673510555f,0.8526970389325462f,-0.5221904836630124f,0.014995284840768557f,0.5480271594252711f,0f,0f,0f,1f], start_interpolation: 0, interpolation_duration: 1 }
$data merge entity $(bone_planks) { transformation: [0.1269035694042025f,0.2348975421862497f,0.9637004870535923f,1.2007799070484735f,-0.506757578994276f,-0.8198415965579249f,0.2665642749604917f,3.844442044320342f,0.8526970389325462f,-0.5221904836630124f,0.014995284840768557f,0.6279675068251973f,0f,0f,0f,1f], start_interpolation: 0, interpolation_duration: 1 }
$data merge entity $(bone_lefthand1) { transformation: [0.1269035694042025f,0.2348975421862497f,0.9637004870535923f,1.1857655503919167f,-0.506757578994276f,-0.8198415965579249f,0.2665642749604917f,3.805349429367628f,0.8526970389325462f,-0.5221904836630124f,0.014995284840768557f,0.20383667612510747f,0f,0f,0f,1f], start_interpolation: 0, interpolation_duration: 1 }
$data merge entity $(bone_leftforearm) { transformation: [-0.544218791109539f,-0.15527823142292507f,0.8244480446028359f,1.0247773205165944f,-0.7379404350175173f,-0.37888057405185344f,-0.5584741936493529f,3.476757367192116f,0.3990862335002667f,-0.9123256992172835f,0.09160784234040387f,-0.4125078029535979f,0f,0f,0f,1f], start_interpolation: 0, interpolation_duration: 1 }
$data merge entity $(bone_leftelbow) { transformation: [-0.544218791109539f,-0.15527823142292507f,0.8244480446028359f,0.995662652124796f,-0.7379404350175173f,-0.37888057405185344f,-0.5584741936493529f,3.4057172595573935f,0.3990862335002667f,-0.9123256992172835f,0.09160784234040387f,-0.5835688715568386f,0f,0f,0f,1f], start_interpolation: 0, interpolation_duration: 1 }
$data merge entity $(bone_leftarm) { transformation: [-0.4688703699050646f,-0.5683436772009485f,-0.6761257581329023f,0.7607652849055268f,-0.7790227139372655f,0.626854646547813f,0.013298995121201529f,3.4962436912834756f,0.41627417334601147f,0.5329528278254281f,-0.7366662038657495f,-0.13532168756830498f,0f,0f,0f,1f], start_interpolation: 0, interpolation_duration: 1 }
$data merge entity $(bone_rightthumb2) { transformation: [-0.34390172894765075f,-0.3585667170257255f,-0.8678487830654656f,-0.4076672118447653f,0.33703677031284796f,-0.9097704847846023f,0.24233010640833352f,4.2009419059037345f,-0.8764347187805267f,-0.20915920839442592f,0.4337218109109985f,0.8492126094435152f,0f,0f,0f,1f], start_interpolation: 0, interpolation_duration: 1 }
$data merge entity $(bone_rightthumb) { transformation: [-0.34390172894765075f,-0.3585667170257255f,-0.8678487830654656f,-0.5697671973237638f,0.33703677031284796f,-0.9097704847846023f,0.24233010640833352f,3.998536442857337f,-0.8764347187805267f,-0.20915920839442592f,0.4337218109109985f,0.8349826639347718f,0f,0f,0f,1f], start_interpolation: 0, interpolation_duration: 1 }
$data merge entity $(bone_rightpointerfinger) { transformation: [-0.34390172894765075f,-0.3585667170257255f,-0.8678487830654656f,-0.5304071566095406f,0.33703677031284796f,-0.9097704847846023f,0.24233010640833352f,4.345277503668142f,-0.8764347187805267f,-0.20915920839442592f,0.4337218109109985f,0.8280836917090257f,0f,0f,0f,1f], start_interpolation: 0, interpolation_duration: 1 }
$data merge entity $(bone_rightmidfinger) { transformation: [-0.34390172894765075f,-0.3585667170257255f,-0.8678487830654656f,-0.6660085289635196f,0.33703677031284796f,-0.9097704847846023f,0.24233010640833352f,4.383141582794445f,-0.8764347187805267f,-0.20915920839442592f,0.4337218109109985f,0.8958527246638692f,0f,0f,0f,1f], start_interpolation: 0, interpolation_duration: 1 }
$data merge entity $(bone_rightringfinger) { transformation: [-0.34390172894765075f,-0.3585667170257255f,-0.8678487830654656f,-0.8016099013174987f,0.33703677031284796f,-0.9097704847846023f,0.24233010640833352f,4.421005661920747f,-0.8764347187805267f,-0.20915920839442592f,0.4337218109109985f,0.9636217576187128f,0f,0f,0f,1f], start_interpolation: 0, interpolation_duration: 1 }
$data merge entity $(bone_hugeasssword) { transformation: [-1.3469484383782988f,-1.4043863083507584f,-3.3990744003397406f,-0.6339333593722525f,1.3200606837253213f,-3.563267732073026f,0.9491262500993064f,4.105032653045592f,-3.432702648557063f,-0.8192068995448349f,1.6987437594014108f,1.0793933293393445f,0f,0f,0f,1f], start_interpolation: 0, interpolation_duration: 1 }
$data merge entity $(bone_ice) { transformation: [-0.34390172894765075f,-0.3585667170257255f,-0.8678487830654656f,-0.6229572899039184f,0.33703677031284796f,-0.9097704847846023f,0.24233010640833352f,4.113981617334213f,-0.8764347187805267f,-0.20915920839442592f,0.4337218109109985f,1.0963557344514532f,0f,0f,0f,1f], start_interpolation: 0, interpolation_duration: 1 }
$data merge entity $(bone_righthand1) { transformation: [-0.34390172894765075f,-0.3585667170257255f,-0.8678487830654656f,-0.8256946758680583f,0.33703677031284796f,-0.9097704847846023f,0.24233010640833352f,3.9783710045415352f,-0.8764347187805267f,-0.20915920839442592f,0.4337218109109985f,0.8385110592486837f,0f,0f,0f,1f], start_interpolation: 0, interpolation_duration: 1 }
$data merge entity $(bone_rightforearm) { transformation: [-0.5448194419900121f,-0.3044694648492983f,-0.7813258735022626f,-0.9918366467493615f,0.7704517455824137f,-0.549566492300102f,-0.3230801421783355f,3.5210152589192156f,-0.33102248165147863f,-0.7779942258881769f,0.5339935403410351f,0.3209032675102997f,0f,0f,0f,1f], start_interpolation: 0, interpolation_duration: 1 }
$data merge entity $(bone_rightelbow) { transformation: [-0.5448194419900121f,-0.3044694648492983f,-0.7813258735022626f,-1.048924671408605f,0.7704517455824137f,-0.549566492300102f,-0.3230801421783355f,3.4179715416129466f,-0.33102248165147863f,-0.7779942258881769f,0.5339935403410351f,0.17502935015626653f,0f,0f,0f,1f], start_interpolation: 0, interpolation_duration: 1 }
$data merge entity $(bone_rightarm) { transformation: [-0.4955806426286715f,0.8434473854254694f,0.20735557545118688f,-0.6498410305628729f,0.7854061339690876f,0.5371112525095484f,-0.3076503000995705f,3.4868008589012045f,-0.37085985408976874f,0.010392807443803179f,-0.9286306898751255f,0.3918554396889865f,0f,0f,0f,1f], start_interpolation: 0, interpolation_duration: 1 }
$data merge entity $(bone_chest1) { transformation: [-0.9696889792567951f,0.22320414973241348f,-0.42836234914060317f,-0.0030673021300541975f,0.035912768725297514f,0.991388928578167f,0.43528080183512374f,3.2947566340596155f,0.4816893891933982f,0.37541844779655587f,-0.8947890435759851f,0.08147079890401905f,0f,0f,0f,1f], start_interpolation: 0, interpolation_duration: 1 }
$data merge entity $(bone_chest1lid) { transformation: [-0.8950975193139648f,0.20603459975299707f,-0.39541139920671065f,-0.2947597277937888f,0.033150248054120784f,0.9151282417644618f,0.40179766323242194f,2.5233999843268666f,0.44463635925544454f,0.3465401056583593f,-0.8259591171470633f,0.3196527884288838f,0f,0f,0f,1f], start_interpolation: 0, interpolation_duration: 1 }
$data merge entity $(bone_chest2) { transformation: [-0.8950975193139648f,0.20603459975299707f,-0.39541139920671065f,-0.3269526340051946f,0.033150248054120784f,0.9151282417644618f,0.40179766323242194f,2.3804111965511696f,0.44463635925544454f,0.3465401056583593f,-0.8259591171470633f,0.2655058969197651f,0f,0f,0f,1f], start_interpolation: 0, interpolation_duration: 1 }
$data merge entity $(bone_chest1lid3) { transformation: [-0.8950975193139648f,0.20603459975299707f,-0.39541139920671065f,-0.49212656045346514f,0.033150248054120784f,0.9151282417644618f,0.40179766323242194f,2.7787297218317546f,0.44463635925544454f,0.3465401056583593f,-0.8259591171470633f,-0.23726704344691893f,0f,0f,0f,1f], start_interpolation: 0, interpolation_duration: 1 }
$data merge entity $(bone_chest3) { transformation: [-0.8950975193139648f,0.20603459975299707f,-0.39541139920671065f,-0.524319466664871f,0.033150248054120784f,0.9151282417644618f,0.40179766323242194f,2.6357409340560576f,0.44463635925544454f,0.3465401056583593f,-0.8259591171470633f,-0.29141393495603757f,0f,0f,0f,1f], start_interpolation: 0, interpolation_duration: 1 }
$data merge entity $(bone_hugeasssword2) { transformation: [1.5486946468929494f,3.129926120222451f,-1.7735233718257386f,-0.971568393367604f,-1.5737075143269859f,2.325758779640623f,2.7303055755818098f,4.503871836249571f,3.235006542159332f,-0.36699640141501927f,2.1772285344704914f,0.8125546950706037f,0f,0f,0f,1f], start_interpolation: 0, interpolation_duration: 1 }
$data merge entity $(bone_belt) { transformation: [-0.8950975193139648f,0.20603459975299707f,-0.39541139920671065f,-0.004707868893281952f,0.033150248054120784f,0.9151282417644618f,0.40179766323242194f,2.876575521898932f,0.44463635925544454f,0.3465401056583593f,-0.8259591171470633f,0.037312445157965377f,0f,0f,0f,1f], start_interpolation: 0, interpolation_duration: 1 }
$data merge entity $(bone_torn_part) { transformation: [-0.8736366605954328f,0.3706930683704014f,-0.3151914248925523f,-0.18115818828066774f,0.054708033945495504f,0.7184955466112823f,0.6933766512665198f,2.627728794250933f,0.48349355350974343f,0.5885157589749754f,-0.6479839389619386f,-0.009032587248025317f,0f,0f,0f,1f], start_interpolation: 0, interpolation_duration: 1 }
$data merge entity $(bone_lowerbody) { transformation: [-0.8736366605954328f,0.25875637341051727f,-0.4120729601455275f,-0.16424023357828432f,0.054708033945495504f,0.8937437621169871f,0.4452292877819166f,2.1233775228704257f,0.48349355350974343f,0.3664249266854142f,-0.7949633682240393f,-0.12337545215956809f,0f,0f,0f,1f], start_interpolation: 0, interpolation_duration: 1 }
$data merge entity $(bone_leftfoot) { transformation: [-0.7649352209480055f,0.2886792809855515f,-0.5757936961124974f,-0.036145331463282304f,-0.02765689611454606f,0.8783956374173076f,0.477133314979735f,0.4735002863038772f,0.6435131730202074f,0.38090074415247144f,-0.663931788102933f,-0.2610903844728046f,0f,0f,0f,1f], start_interpolation: 0, interpolation_duration: 1 }
$data merge entity $(bone_leftlowerleg) { transformation: [-0.7649352209480055f,0.2886792809855515f,-0.5757936961124974f,0.3725764281903286f,-0.02765689611454606f,0.8783956374173076f,0.477133314979735f,1.3746610001753197f,0.6435131730202074f,0.38090074415247144f,-0.663931788102933f,0.26348159311178615f,0f,0f,0f,1f], start_interpolation: 0, interpolation_duration: 1 }
$data merge entity $(bone_leftleg) { transformation: [-0.8438322145579875f,-0.3470967636970914f,-0.4092322449479854f,-0.01114988986092752f,0.042878876286712164f,0.7165753846941677f,-0.6961904337311696f,2.120344474314176f,0.5348911998178241f,-0.6050153342531168f,-0.5897862745741356f,-0.3512985958426696f,0f,0f,0f,1f], start_interpolation: 0, interpolation_duration: 1 }
$data merge entity $(bone_rightfoot) { transformation: [-0.824505757471034f,0.35737257181187065f,-0.43871984319572926f,-0.7970781308016557f,0.15261224187302172f,0.8870350325204821f,0.4357503352974927f,0.33059768734768136f,0.5448850883696544f,0.2923246414484356f,-0.7859049207597807f,-0.10190577048724164f,0f,0f,0f,1f], start_interpolation: 0, interpolation_duration: 1 }
$data merge entity $(bone_rightlowerleg) { transformation: [-0.824505757471034f,0.35737257181187065f,-0.43871984319572926f,-0.3332105494401518f,0.15261224187302172f,0.8870350325204821f,0.4357503352974927f,1.2477010439393483f,0.5448850883696544f,0.2923246414484356f,-0.7859049207597807f,0.34314273136032863f,0f,0f,0f,1f], start_interpolation: 0, interpolation_duration: 1 }
$data merge entity $(bone_rightleg) { transformation: [-0.8284978950415641f,-0.15100493893161937f,-0.5392483160195821f,-0.46010559321400146f,0.1285831761780108f,0.8859296365818894f,-0.44564004064923957f,2.170474262077031f,0.545029911762347f,-0.43855009684657364f,-0.7145741443966391f,-0.12407107295634795f,0f,0f,0f,1f], start_interpolation: 0, interpolation_duration: 1 }
data modify entity @s data merge value {"locators":{"lefthand":{"posx":1.1435762971916725,"posy":3.9993441483165992,"posz":0.5086486422358807,"roty":90.89145664651753,"rotx":15.459923011664095},"righthand":{"posx":-0.6360353348038359,"posy":4.1560075704631725,"posz":1.0106811889014573,"roty":243.44564939527274,"rotx":14.024106036279365},"chest":{"posx":-0.273825656630864,"posy":2.4044595295882134,"posz":0.44094503010619757,"roty":334.4181637991787,"rotx":23.690607286721207},"sack":{"posx":0,"posy":-0.4375,"posz":0,"roty":0,"rotx":0}},"cameras":{}}