# This file was generated by Animated Java via MC-Build. It is not recommended to edit this file directly.
$data merge entity $(bone_nose) { transformation: [0.8801556789001768f,-0.0017263063468690408f,0.4746819996230802f,-0.044297203321391865f,-0.173598306399868f,0.9295510919649204f,0.32526665282798634f,3.755473294070301f,-0.44180268097292796f,-0.3686892828564739f,0.8178499885626411f,-0.6046776848253533f,0f,0f,0f,1f], start_interpolation: 0, interpolation_duration: 1 }
$data merge entity $(bone_glowing_eye) { transformation: [0.8801556789001768f,-0.0017263063468690408f,0.4746819996230802f,0.049041046522110984f,-0.173598306399868f,0.9295510919649204f,0.32526665282798634f,3.7853612841568745f,-0.44180268097292796f,-0.3686892828564739f,0.8178499885626411f,-0.7134056665039121f,0f,0f,0f,1f], start_interpolation: 0, interpolation_duration: 1 }
$data merge entity $(bone_head) { transformation: [0.8801556789001768f,-0.0017263063468690408f,0.4746819996230802f,0.04480253343103208f,-0.173598306399868f,0.9295510919649204f,0.32526665282798634f,3.7016030371569397f,-0.44180268097292796f,-0.3686892828564739f,0.8178499885626411f,-0.4060065847239476f,0f,0f,0f,1f], start_interpolation: 0, interpolation_duration: 1 }
$data merge entity $(bone_leftthumb2) { transformation: [0.129679948047578f,0.013037205441307625f,-0.9914701923651857f,-0.716191586611111f,-0.9220788819944525f,-0.366115890425174f,-0.12541806153039475f,3.5497085642822346f,-0.3646280933420209f,0.930477934210405f,-0.035456557832076414f,-0.8004689301434211f,0f,0f,0f,1f], start_interpolation: 0, interpolation_duration: 1 }
$data merge entity $(bone_leftthumb) { transformation: [0.129679948047578f,0.013037205441307625f,-0.9914701923651857f,-0.7977228737197191f,-0.9220788819944525f,-0.366115890425174f,-0.12541806153039475f,3.449203474031405f,-0.3646280933420209f,0.930477934210405f,-0.035456557832076414f,-0.5753062241537605f,0f,0f,0f,1f], start_interpolation: 0, interpolation_duration: 1 }
$data merge entity $(bone_leftpointerfinger) { transformation: [0.129679948047578f,0.013037205441307625f,-0.9914701923651857f,-0.8626596163399701f,-0.9220788819944525f,-0.366115890425174f,-0.12541806153039475f,3.6643086566610714f,-0.3646280933420209f,0.930477934210405f,-0.035456557832076414f,-0.8424001247556449f,0f,0f,0f,1f], start_interpolation: 0, interpolation_duration: 1 }
$data merge entity $(bone_leftmidfinger) { transformation: [0.129679948047578f,0.013037205441307625f,-0.9914701923651857f,-1.0175768338970304f,-0.9220788819944525f,-0.366115890425174f,-0.12541806153039475f,3.6447120845469474f,-0.3646280933420209f,0.930477934210405f,-0.035456557832076414f,-0.8479402119169068f,0f,0f,0f,1f], start_interpolation: 0, interpolation_duration: 1 }
$data merge entity $(bone_leftringfinger) { transformation: [0.129679948047578f,0.013037205441307625f,-0.9914701923651857f,-1.1724940514540907f,-0.9220788819944525f,-0.366115890425174f,-0.12541806153039475f,3.6251155124328234f,-0.3646280933420209f,0.930477934210405f,-0.035456557832076414f,-0.8534802990781687f,0f,0f,0f,1f], start_interpolation: 0, interpolation_duration: 1 }
$data merge entity $(bone_invisibility) { transformation: [-0.07342472608918767f,0.9888336162737918f,-0.12967994804757818f,-0.8059352382244942f,-0.37565361323535f,0.09303170557979729f,0.9220788819944523f,3.455294255194683f,0.9238469421186353f,0.11641813039131242f,0.3646280933420209f,-0.8078888507707583f,0f,0f,0f,1f], start_interpolation: 0, interpolation_duration: 1 }
$data merge entity $(bone_swiftness) { transformation: [-0.9914701923651857f,0.013037205441307625f,-0.1296799480475782f,-0.9868472199684059f,-0.12541806153039495f,-0.366115890425174f,0.9220788819944525f,3.433331888756176f,-0.0354565578320765f,0.930477934210405f,0.3646280933420209f,-0.9595303400355454f,0f,0f,0f,1f], start_interpolation: 0, interpolation_duration: 1 }
$data merge entity $(bone_suspicious_stew) { transformation: [-0.4071976884524381f,0.904086917056855f,-0.12967994804757801f,-0.9924470182980277f,-0.38481764560505566f,-0.0410598954070968f,0.9220788819944528f,3.448940051021414f,0.8283148086023652f,0.4253715216088045f,0.36462809334202106f,-0.8581531085303854f,0f,0f,0f,1f], start_interpolation: 0, interpolation_duration: 1 }
$data merge entity $(bone_log) { transformation: [0.129679948047578f,0.013037205441307625f,-0.9914701923651857f,-1.025135037755522f,-0.9220788819944525f,-0.366115890425174f,-0.12541806153039475f,3.31085169789705f,-0.3646280933420209f,0.930477934210405f,-0.035456557832076414f,-0.7776892766532778f,0f,0f,0f,1f], start_interpolation: 0, interpolation_duration: 1 }
$data merge entity $(bone_planks) { transformation: [0.129679948047578f,0.013037205441307625f,-0.9914701923651857f,-1.0129775426260614f,-0.9220788819944525f,-0.366115890425174f,-0.12541806153039475f,3.22440680271007f,-0.3646280933420209f,0.930477934210405f,-0.035456557832076414f,-0.8118731604040923f,0f,0f,0f,1f], start_interpolation: 0, interpolation_duration: 1 }
$data merge entity $(bone_lefthand1) { transformation: [0.129679948047578f,0.013037205441307625f,-0.9914701923651857f,-1.0233122798956775f,-0.9220788819944525f,-0.366115890425174f,-0.12541806153039475f,3.4537617602121946f,-0.3646280933420209f,0.930477934210405f,-0.035456557832076414f,-0.45280475233291884f,0f,0f,0f,1f], start_interpolation: 0, interpolation_duration: 1 }
$data merge entity $(bone_leftforearm) { transformation: [0.6117335921696747f,0.08953546424227449f,-0.7859805422872161f,-0.9035941480339129f,-0.7702193388190987f,-0.1591682047680195f,-0.6175982939581326f,3.2882150378890858f,-0.1804000618632288f,0.9831830364860075f,-0.028406591592393227f,0.22790404948609555f,0f,0f,0f,1f], start_interpolation: 0, interpolation_duration: 1 }
$data merge entity $(bone_leftelbow) { transformation: [0.6117335921696747f,0.08953546424227449f,-0.7859805422872161f,-0.8868062484884864f,-0.7702193388190987f,-0.1591682047680195f,-0.6175982939581326f,3.258370999495082f,-0.1804000618632288f,0.9831830364860075f,-0.028406591592393227f,0.41225086882722195f,0f,0f,0f,1f], start_interpolation: 0, interpolation_duration: 1 }
$data merge entity $(bone_leftarm) { transformation: [0.5319389339647136f,0.7463012011648752f,0.4000943484633952f,-0.5136853479431702f,-0.8197779043766896f,0.572238694269134f,0.022518087772271655f,3.3074468875328f,-0.21214419159677075f,-0.33996675414078514f,0.9161972757276304f,0.08910178928925683f,0f,0f,0f,1f], start_interpolation: 0, interpolation_duration: 1 }
$data merge entity $(bone_rightthumb2) { transformation: [0.7201511166041663f,0.34452985036082995f,0.6022304803512664f,0.40433839161287705f,0.3187135019611955f,-0.9352673722853504f,0.1539371495321632f,3.886185027592038f,0.6162824619615617f,0.08108097525807517f,-0.783340157613406f,-1.2524045877965457f,0f,0f,0f,1f], start_interpolation: 0, interpolation_duration: 1 }
$data merge entity $(bone_rightthumb) { transformation: [0.7201511166041663f,0.34452985036082995f,0.6022304803512664f,0.5402968647146112f,0.3187135019611955f,-0.9352673722853504f,0.1539371495321632f,3.669972803000493f,0.6162824619615617f,0.08108097525807517f,-0.783340157613406f,-1.2994623782410648f,0f,0f,0f,1f], start_interpolation: 0, interpolation_duration: 1 }
$data merge entity $(bone_rightpointerfinger) { transformation: [0.7201511166041663f,0.34452985036082995f,0.6022304803512664f,0.5342440897100103f,0.3187135019611955f,-0.9352673722853504f,0.1539371495321632f,4.018932502692949f,0.6162824619615617f,0.08108097525807517f,-0.783340157613406f,-1.2953802488587032f,0f,0f,0f,1f], start_interpolation: 0, interpolation_duration: 1 }
$data merge entity $(bone_rightmidfinger) { transformation: [0.7201511166041663f,0.34452985036082995f,0.6022304803512664f,0.6283426022648956f,0.3187135019611955f,-0.9352673722853504f,0.1539371495321632f,4.0429851823073495f,0.6162824619615617f,0.08108097525807517f,-0.783340157613406f,-1.417777148485798f,0f,0f,0f,1f], start_interpolation: 0, interpolation_duration: 1 }
$data merge entity $(bone_rightringfinger) { transformation: [0.7201511166041663f,0.34452985036082995f,0.6022304803512664f,0.722441114819781f,0.3187135019611955f,-0.9352673722853504f,0.1539371495321632f,4.06703786192175f,0.6162824619615617f,0.08108097525807517f,-0.783340157613406f,-1.5401740481128927f,0f,0f,0f,1f], start_interpolation: 0, interpolation_duration: 1 }
$data merge entity $(bone_hugeasssword) { transformation: [2.8205918733663182f,1.3494085805799174f,2.35873604804246f,0.49762523651596896f,1.248294549348016f,-3.663130541450956f,0.6029205023343059f,3.7659454553920053f,2.4137729760161166f,0.3175671530941278f,-3.0680822839858406f,-1.5527679143823319f,0f,0f,0f,1f], start_interpolation: 0, interpolation_duration: 1 }
$data merge entity $(bone_ice) { transformation: [0.7201511166041663f,0.34452985036082995f,0.6022304803512664f,0.4809895964071409f,0.3187135019611955f,-0.9352673722853504f,0.1539371495321632f,3.7755791096158204f,0.6162824619615617f,0.08108097525807517f,-0.783340157613406f,-1.5636642180888887f,0f,0f,0f,1f], start_interpolation: 0, interpolation_duration: 1 }
$data merge entity $(bone_righthand1) { transformation: [0.7201511166041663f,0.34452985036082995f,0.6022304803512664f,0.765979540659367f,0.3187135019611955f,-0.9352673722853504f,0.1539371495321632f,3.626251177957662f,0.6162824619615617f,0.08108097525807517f,-0.783340157613406f,-1.4138027387093983f,0f,0f,0f,1f], start_interpolation: 0, interpolation_duration: 1 }
$data merge entity $(bone_rightforearm) { transformation: [0.7719066846482441f,0.5238393059459729f,0.360211676297976f,1.0685204224233598f,0.6164841420740544f,-0.47839966103985176f,-0.6253647470781931f,3.2264447886203276f,-0.15526549122897124f,0.7047880148406301f,-0.6922185214008867f,-0.9107359771074545f,0f,0f,0f,1f], start_interpolation: 0, interpolation_duration: 1 }
$data merge entity $(bone_rightelbow) { transformation: [0.7719066846482441f,0.5238393059459729f,0.360211676297976f,1.1667402922882297f,0.6164841420740544f,-0.47839966103985176f,-0.6253647470781931f,3.1367448521753554f,-0.15526549122897124f,0.7047880148406301f,-0.6922185214008867f,-0.7785882243248363f,0f,0f,0f,1f], start_interpolation: 0, interpolation_duration: 1 }
$data merge entity $(bone_rightarm) { transformation: [0.7606686385399642f,-0.4371969859873636f,0.4798354069733939f,0.7880746851553384f,0.6449673643434952f,0.5926986476753393f,-0.48241622275337026f,3.259220424592698f,-0.07348687824069472f,0.6764370691257164f,0.7328250611428679f,-0.570761485105217f,0f,0f,0f,1f], start_interpolation: 0, interpolation_duration: 1 }
$data merge entity $(bone_chest1) { transformation: [0.9291067050275064f,-0.23529669155212768f,0.5049824835859797f,0.22747872118895096f,0.044735572566240535f,1.0103071314060286f,0.3884447707054421f,3.1186285233087316f,-0.5553112373536233f,-0.31229165580568385f,0.8761931650578216f,-0.1518621626719418f,0f,0f,0f,1f], start_interpolation: 0, interpolation_duration: 1 }
$data merge entity $(bone_chest1lid) { transformation: [0.857636958486929f,-0.21719694604811787f,0.46613767715628907f,0.48633344034939197f,0.04129437467652973f,0.9325911982209495f,0.3585644037281004f,2.3550354626908816f,-0.5125949883264216f,-0.2882692207437082f,0.8087936908226047f,-0.44635509052451394f,0f,0f,0f,1f], start_interpolation: 0, interpolation_duration: 1 }
$data merge entity $(bone_chest2) { transformation: [0.857636958486929f,-0.21719694604811787f,0.46613767715628907f,0.5202704631694104f,0.04129437467652973f,0.9325911982209495f,0.3585644037281004f,2.209318087968858f,-0.5125949883264216f,-0.2882692207437082f,0.8087936908226047f,-0.40131302478330955f,0f,0f,0f,1f], start_interpolation: 0, interpolation_duration: 1 }
$data merge entity $(bone_chest1lid3) { transformation: [0.857636958486929f,-0.21719694604811787f,0.46613767715628907f,0.7313505798722066f,0.04129437467652973f,0.9325911982209495f,0.3585644037281004f,2.582159885411913f,-0.5125949883264216f,-0.2882692207437082f,0.8087936908226047f,0.10381555442911854f,0f,0f,0f,1f], start_interpolation: 0, interpolation_duration: 1 }
$data merge entity $(bone_chest3) { transformation: [0.857636958486929f,-0.21719694604811787f,0.46613767715628907f,0.7652876026922251f,0.04129437467652973f,0.9325911982209495f,0.3585644037281004f,2.4364425106898895f,-0.5125949883264216f,-0.2882692207437082f,0.8087936908226047f,0.14885762017032295f,0f,0f,0f,1f], start_interpolation: 0, interpolation_duration: 1 }
$data merge entity $(bone_hugeasssword2) { transformation: [-1.825705902195465f,-3.051288655094477f,1.6421672508481469f,1.1556123378594108f,-1.4043772479350598f,2.34844929233952f,2.8022826846287545f,4.346586176803607f,-3.1677752890552022f,0.7174268202259574f,-2.1887841952667424f,-0.9036105181466108f,0f,0f,0f,1f], start_interpolation: 0, interpolation_duration: 1 }
$data merge entity $(bone_belt) { transformation: [0.857636958486929f,-0.21719694604811787f,0.46613767715628907f,0.2255071536902084f,0.04129437467652973f,0.9325911982209495f,0.3585644037281004f,2.6988898872594422f,-0.5125949883264216f,-0.2882692207437082f,0.8087936908226047f,-0.12649122335364665f,0f,0f,0f,1f], start_interpolation: 0, interpolation_duration: 1 }
$data merge entity $(bone_torn_part) { transformation: [0.8636584852213381f,-0.35724789226680065f,0.35562334621915975f,0.3980597868860739f,0.08945965622105315f,0.8029231004823225f,0.5893313708098911f,2.442119629975413f,-0.49607558981872407f,-0.47716709671013846f,0.7254106223396665f,-0.10770162302473203f,0f,0f,0f,1f], start_interpolation: 0, interpolation_duration: 1 }
$data merge entity $(bone_lowerbody) { transformation: [0.8636584852213381f,-0.23377536782670688f,0.44659052643632274f,0.3650644739802039f,0.08945965622105315f,0.9429767321096503f,0.32061168507809534f,1.9278594597330534f,-0.49607558981872407f,-0.2369471673122359f,0.8353233200915153f,-0.061027224055188914f,0f,0f,0f,1f], start_interpolation: 0, interpolation_duration: 1 }
$data merge entity $(bone_leftfoot) { transformation: [0.759655131654077f,-0.13139868768195948f,0.6369132325733908f,-0.023841103699441535f,-0.2205925808393714f,0.8692472803501624f,0.4424342650411152f,0.3019842516975927f,-0.6117703770453851f,-0.47659579360219406f,0.6313425815596808f,0.20551160170488264f,0f,0f,0f,1f], start_interpolation: 0, interpolation_duration: 1 }
$data merge entity $(bone_leftlowerleg) { transformation: [0.759655131654077f,-0.13139868768195948f,0.6369132325733908f,-0.26747045453612434f,-0.2205925808393714f,0.8692472803501624f,0.4424342650411152f,1.1983273641623964f,-0.6117703770453851f,-0.47659579360219406f,0.6313425815596808f,-0.4202148823554021f,0f,0f,0f,1f], start_interpolation: 0, interpolation_duration: 1 }
$data merge entity $(bone_leftleg) { transformation: [0.8638115979971326f,0.4349775821870808f,0.25421256098061307f,0.20733575600219034f,-0.13095637567830132f,0.6810838386585314f,-0.7203993561819466f,1.9014891899019353f,-0.4864976370290447f,0.5889985634217124f,0.6452912067061776f,0.1805022055800502f,0f,0f,0f,1f], start_interpolation: 0, interpolation_duration: 1 }
$data merge entity $(bone_rightfoot) { transformation: [0.9962451568762921f,0.01844347141145375f,-0.08458974975035377f,0.6137672100615151f,0.039472786436360124f,0.7728265505818673f,0.6333885236145992f,0.30864773585631977f,0.07705508764177785f,-0.6343492421986701f,0.7691966929144265f,0.2496795153642657f,0f,0f,0f,1f], start_interpolation: 0, interpolation_duration: 1 }
$data merge entity $(bone_rightlowerleg) { transformation: [0.9962451568762921f,0.01844347141145375f,-0.08458974975035377f,0.6472247811275833f,0.039472786436360124f,0.7728265505818673f,0.6333885236145992f,1.0686848148294865f,0.07705508764177785f,-0.6343492421986701f,0.7691966929144265f,-0.572235381830654f,0f,0f,0f,1f], start_interpolation: 0, interpolation_duration: 1 }
$data merge entity $(bone_rightleg) { transformation: [0.9849819875921947f,0.016731079263155535f,0.17184456670380946f,0.6374939400884229f,0.07140916643418778f,0.8667022846288835f,-0.49368803992830135f,1.96734091635601f,-0.15719801229056468f,0.49854510408363617f,0.8524913865407273f,-0.048053852880339226f,0f,0f,0f,1f], start_interpolation: 0, interpolation_duration: 1 }
data modify entity @s data merge value {"locators":{"lefthand":{"posx":-1.0228193428043786,"posy":3.427859054234909,"posz":-0.8156449727965249,"roty":272.04811578979786,"rotx":-7.204898940304451},"righthand":{"posx":0.533710633421405,"posy":3.8176667851552013,"posz":-1.49491493755569,"roty":37.55301686195841,"rotx":8.855159622580636},"chest":{"posx":0.45387539237444574,"posy":2.242013273928198,"posz":-0.5707308718042648,"roty":150.04356391801184,"rotx":21.012057290357056},"sack":{"posx":0,"posy":-0.4375,"posz":0,"roty":0,"rotx":0}},"cameras":{}}