# This file was generated by Animated Java via MC-Build. It is not recommended to edit this file directly.
$data merge entity $(bone_nose) { transformation: [-0.9709504621811021f,-0.13315711709944672f,0.19880739965119074f,-0.7925930316307145f,-0.09149121407045724f,0.9743189638823778f,0.20574720986463899f,2.534079624376423f,-0.2210985249571281f,0.18158121815026548f,-0.9581981545989576f,1.2922179286311337f,0f,0f,0f,1f], start_interpolation: 0, interpolation_duration: 1 }
$data merge entity $(bone_glowing_eye) { transformation: [-0.9709504621811021f,-0.13315711709944672f,0.19880739965119074f,-0.9299151665980143f,-0.09149121407045724f,0.9743189638823778f,0.20574720986463899f,2.5814328553338024f,-0.2210985249571281f,0.18158121815026548f,-0.9581981545989576f,1.3103120603062406f,0f,0f,0f,1f], start_interpolation: 0, interpolation_duration: 1 }
$data merge entity $(bone_head) { transformation: [-0.9709504621811021f,-0.13315711709944672f,0.19880739965119074f,-0.7389235273055821f,-0.09149121407045724f,0.9743189638823778f,0.20574720986463899f,2.4523009572461927f,-0.2210985249571281f,0.18158121815026548f,-0.9581981545989576f,1.090369451815818f,0f,0f,0f,1f], start_interpolation: 0, interpolation_duration: 1 }
$data merge entity $(bone_leftthumb2) { transformation: [-0.3702413932162965f,-0.03847985871449397f,0.9281382500589922f,0.22618903895991f,-0.8703817159003915f,-0.3347487083638565f,-0.36108028314354207f,2.243518489482418f,0.32458739867029085f,-0.941521429773132f,0.09044566270646415f,3.200099551780044f,0f,0f,0f,1f], start_interpolation: 0, interpolation_duration: 1 }
$data merge entity $(bone_leftthumb) { transformation: [-0.3702413932162965f,-0.03847985871449397f,0.9281382500589922f,0.296068516713537f,-0.8703817159003915f,-0.3347487083638565f,-0.36108028314354207f,2.130566861074756f,0.32458739867029085f,-0.941521429773132f,0.09044566270646415f,2.9769277427596443f,0f,0f,0f,1f], start_interpolation: 0, interpolation_duration: 1 }
$data merge entity $(bone_leftpointerfinger) { transformation: [-0.3721862536032624f,-0.00606476761300425f,0.9281382500589922f,0.39269635320877805f,-0.8962449230072371f,-0.257616123541854f,-0.36108028314354207f,2.318678642910898f,0.24129324609802105f,-0.9662283122973933f,0.09044566270646415f,3.254602355613756f,0f,0f,0f,1f], start_interpolation: 0, interpolation_duration: 1 }
$data merge entity $(bone_leftmidfinger) { transformation: [-0.33987838141510335f,0.15179616142736044f,0.9281382500589922f,0.5377179547804956f,-0.9211470311411574f,0.14528997262306753f,-0.36108028314354207f,2.26225984866972f,-0.18965978188978672f,-0.9776751757261241f,0.09044566270646415f,3.268734490411641f,0f,0f,0f,1f], start_interpolation: 0, interpolation_duration: 1 }
$data merge entity $(bone_leftringfinger) { transformation: [-0.19134536962254195f,0.3192903667532807f,0.9281382500589922f,0.6827395563522132f,-0.6712245689153343f,0.6473628095661688f,-0.36108028314354207f,2.2058410544285416f,-0.7161316412562964f,-0.6920802370311931f,0.09044566270646415f,3.2828666252095258f,0f,0f,0f,1f], start_interpolation: 0, interpolation_duration: 1 }
$data merge entity $(bone_invisibility) { transformation: [0.04255914732170465f,-0.9279601444720051f,0.3702413932162967f,0.29006303711948117f,-0.364945108734044f,0.3305309913417917f,0.8703817159003912f,2.1301526900505134f,-0.9300557975682675f,-0.17216048917828836f,-0.32458739867029085f,3.209657159523422f,0f,0f,0f,1f], start_interpolation: 0, interpolation_duration: 1 }
$data merge entity $(bone_swiftness) { transformation: [0.9281382500589921f,-0.03847985871449397f,0.37024139321629673f,0.45001645246004196f,-0.36108028314354224f,-0.3347487083638565f,0.8703817159003914f,2.0624485612510646f,0.09044566270646422f,-0.941521429773132f,-0.32458739867029085f,3.371019137104663f,0f,0f,0f,1f], start_interpolation: 0, interpolation_duration: 1 }
$data merge entity $(bone_suspicious_stew) { transformation: [0.35737357829797f,-0.8574412144769813f,0.37024139321629657f,0.46589270238278413f,-0.4559844827015871f,0.18577895510971337f,0.8703817159003917f,2.0781414826656555f,-0.8150842147102786f,-0.4798757584568979f,-0.324587398670291f,3.2707495383014993f,0f,0f,0f,1f], start_interpolation: 0, interpolation_duration: 1 }
$data merge entity $(bone_log) { transformation: [-0.3702413932162965f,-0.03847985871449397f,0.9281382500589922f,0.46987906990095984f,-0.8703817159003915f,-0.3347487083638565f,-0.36108028314354207f,1.937773969982158f,0.32458739867029085f,-0.941521429773132f,0.09044566270646415f,3.1877290686445634f,0f,0f,0f,1f], start_interpolation: 0, interpolation_duration: 1 }
$data merge entity $(bone_planks) { transformation: [-0.3702413932162965f,-0.03847985871449397f,0.9281382500589922f,0.435168939286932f,-0.8703817159003915f,-0.3347487083638565f,-0.36108028314354207f,1.8561756841164962f,0.32458739867029085f,-0.941521429773132f,0.09044566270646415f,3.218159137269903f,0f,0f,0f,1f], start_interpolation: 0, interpolation_duration: 1 }
$data merge entity $(bone_lefthand) { transformation: [-0.3702413932162965f,-0.03847985871449397f,0.9281382500589922f,0.523815133212067f,-0.8703817159003915f,-0.3347487083638565f,-0.36108028314354207f,2.0829659807145275f,0.32458739867029085f,-0.941521429773132f,0.09044566270646415f,2.868375434574131f,0f,0f,0f,1f], start_interpolation: 0, interpolation_duration: 1 }
$data merge entity $(bone_leftforearm) { transformation: [-0.37699888567122875f,-0.011826207011270351f,0.9261382083848925f,0.47634195041731386f,-0.9175959059615996f,0.14085371177786615f,-0.37172299530821296f,2.1130717435837165f,-0.1260539311769505f,-0.9899597833781557f,-0.06395337151950792f,2.150680937488328f,0f,0f,0f,1f], start_interpolation: 0, interpolation_duration: 1 }
$data merge entity $(bone_leftelbow) { transformation: [-0.37699888567122875f,-0.011826207011270351f,0.9261382083848925f,0.47412453660270065f,-0.9175959059615996f,0.14085371177786615f,-0.37172299530821296f,2.139481814542066f,-0.1260539311769505f,-0.9899597833781557f,-0.06395337151950792f,1.9650634781049237f,0f,0f,0f,1f], start_interpolation: 0, interpolation_duration: 1 }
$data merge entity $(bone_leftarm) { transformation: [-0.4429021098728865f,-0.3528096166970214f,0.8242348545385876f,0.10527786515879534f,-0.8965632642376749f,0.1707282118676953f,-0.4086883787091886f,2.047423668249974f,0.003469047366513059f,-0.91998763689441f,-0.39193202685135164f,1.5309972973024957f,0f,0f,0f,1f], start_interpolation: 0, interpolation_duration: 1 }
$data merge entity $(bone_rightthumb2) { transformation: [-0.43451101371594625f,0.38720239286724883f,0.8131878540149367f,-1.5279042299911767f,0.8223060302361929f,0.5388885186688934f,0.18278937902416195f,2.136628185644562f,-0.3674411131007715f,0.7481132744476081f,-0.5525518591033278f,-1.38685002074055f,0f,0f,0f,1f], start_interpolation: 0, interpolation_duration: 1 }
$data merge entity $(bone_rightthumb) { transformation: [-0.43451101371594625f,0.38720239286724883f,0.8131878540149367f,-1.363452746123949f,0.8223060302361929f,0.5388885186688934f,0.18278937902416195f,2.2844072765421752f,-0.3674411131007715f,0.7481132744476081f,-0.5525518591033278f,-1.2506005515311551f,0f,0f,0f,1f], start_interpolation: 0, interpolation_duration: 1 }
$data merge entity $(bone_rightpointerfinger) { transformation: [-0.12047121952985668f,0.42331130527933664f,0.8979388754741015f,-1.4619506492315633f,0.9382836414959771f,0.3439599948069996f,-0.03626747955699666f,2.3912537414697725f,-0.32420748505553876f,0.8381521704291369f,-0.43862335304779376f,-1.5679460539270118f,0f,0f,0f,1f], start_interpolation: 0, interpolation_duration: 1 }
$data merge entity $(bone_rightmidfinger) { transformation: [0.03157507729372905f,0.43898609363646324f,0.8979388754741015f,-1.321647699938735f,0.9993394608400867f,0.0023047634211124796f,-0.03626747955699666f,2.385586947788992f,-0.01799045585135381f,0.898490900153903f,-0.43862335304779376f,-1.6364809528407296f,0f,0f,0f,1f], start_interpolation: 0, interpolation_duration: 1 }
$data merge entity $(bone_rightringfinger) { transformation: [0.19716427272248258f,0.3934870080118544f,0.8979388754741015f,-1.1813447506459067f,0.9241512686778015f,-0.38030133122011606f,-0.03626747955699666f,2.3799201541082113f,0.32721656767808105f,0.8369820021948418f,-0.43862335304779376f,-1.7050158517544474f,0f,0f,0f,1f], start_interpolation: 0, interpolation_duration: 1 }
$data merge entity $(bone_hugeasssword) { transformation: [0.12366905273377211f,1.7193622000761477f,3.516927262273564f,-1.2548960745042579f,3.9140795549570067f,0.00902699006602388f,-0.1420476282649036f,2.1211722379413356f,-0.07046261875113576f,3.51908935893612f,-1.717941466103859f,-1.4423427840200804f,0f,0f,0f,1f], start_interpolation: 0, interpolation_duration: 1 }
$data merge entity $(bone_ice) { transformation: [0.03157507729372905f,0.43898609363646324f,0.8979388754741015f,-1.2622485928000422f,0.9993394608400867f,0.0023047634211124796f,-0.03626747955699666f,2.1055215469372546f,-0.01799045585135381f,0.898490900153903f,-0.43862335304779376f,-1.4561006034623076f,0f,0f,0f,1f], start_interpolation: 0, interpolation_duration: 1 }
$data merge entity $(bone_righthand) { transformation: [0.03157507729372905f,0.43898609363646324f,0.8979388754741015f,-1.1165477102089285f,0.9993394608400867f,0.0023047634211124796f,-0.03626747955699666f,2.354799244266398f,-0.01799045585135381f,0.898490900153903f,-0.43862335304779376f,-1.249682472169414f,0f,0f,0f,1f], start_interpolation: 0, interpolation_duration: 1 }
$data merge entity $(bone_rightforearm) { transformation: [-0.5519724180115729f,0.07462396727749715f,0.8305165340089412f,-0.9912276040206061f,0.786368681192458f,0.37791757439602947f,0.48867433348013645f,2.540777646095561f,-0.27739997655748205f,0.9228269450283668f,-0.26728202808179957f,-0.5717602860459559f,0f,0f,0f,1f], start_interpolation: 0, interpolation_duration: 1 }
$data merge entity $(bone_rightelbow) { transformation: [-0.5519724180115729f,0.07462396727749715f,0.8305165340089412f,-0.9772356101560753f,0.786368681192458f,0.37791757439602947f,0.48867433348013645f,2.6116371912948164f,-0.27739997655748205f,0.9228269450283668f,-0.26728202808179957f,-0.3987302338531371f,0f,0f,0f,1f], start_interpolation: 0, interpolation_duration: 1 }
$data merge entity $(bone_rightarm) { transformation: [-0.451845187470928f,-0.24246109340828814f,0.858515314215547f,-1.0754442787594882f,0.8742956120218547f,0.07093214085884825f,0.48018310485950133f,2.393536394375799f,-0.1773220498378369f,0.9675645971078302f,0.1799323235688066f,0.12354995993160245f,0f,0f,0f,1f], start_interpolation: 0, interpolation_duration: 1 }
$data merge entity $(bone_chest) { transformation: [-0.7861245464238913f,-0.6802516680783114f,0.3047572422398147f,-0.3053296027214637f,0.2100850829615966f,0.22276752580146608f,1.039158312518561f,2.396069119855444f,-0.7151807929034177f,0.8131687454864943f,-0.029734423435987808f,0.5937271764728191f,0f,0f,0f,1f], start_interpolation: 0, interpolation_duration: 1 }
$data merge entity $(bone_chest1lid) { transformation: [-0.7256534274682074f,-0.6279246166876721f,0.28131437745213667f,-0.23401626433575307f,0.1939246919645507f,0.2056315622782764f,0.9592230577094409f,1.946378891270429f,-0.660166885757001f,0.7506173035259948f,-0.027447160094757977f,-0.13393986173489641f,0f,0f,0f,1f], start_interpolation: 0, interpolation_duration: 1 }
$data merge entity $(bone_chest1) { transformation: [-0.7256534274682074f,-0.6279246166876721f,0.28131437745213667f,-0.1359030429783043f,0.1939246919645507f,0.2056315622782764f,0.9592230577094409f,1.9142489596644483f,-0.660166885757001f,0.7506173035259948f,-0.027447160094757977f,-0.2512238154108331f,0f,0f,0f,1f], start_interpolation: 0, interpolation_duration: 1 }
$data merge entity $(bone_chest1lid3) { transformation: [-0.7256534274682074f,-0.6279246166876721f,0.28131437745213667f,-0.008445902063715066f,0.1939246919645507f,0.2056315622782764f,0.9592230577094409f,2.5487608693677553f,-0.660166885757001f,0.7506173035259948f,-0.027447160094757977f,-0.11026276831078814f,0f,0f,0f,1f], start_interpolation: 0, interpolation_duration: 1 }
$data merge entity $(bone_chest3) { transformation: [-0.7256534274682074f,-0.6279246166876721f,0.28131437745213667f,0.0896673192937337f,0.1939246919645507f,0.2056315622782764f,0.9592230577094409f,2.5166309377617746f,-0.660166885757001f,0.7506173035259948f,-0.027447160094757977f,-0.22754672198672482f,0f,0f,0f,1f], start_interpolation: 0, interpolation_duration: 1 }
$data merge entity $(bone_hugeasssword2) { transformation: [-1.1018146450208695f,0.433920075158903f,-3.733362510414626f,-1.8534247999895561f,-3.756956976028644f,-0.01587664144395112f,1.10693269456817f,3.1277163946237496f,0.10750137703780167f,3.8925234846315737f,0.4206924687992696f,0.6440374602016425f,0f,0f,0f,1f], start_interpolation: 0, interpolation_duration: 1 }
$data merge entity $(bone_belt) { transformation: [-0.7256534274682074f,-0.6279246166876721f,0.28131437745213667f,-0.06879137323566917f,0.1939246919645507f,0.2056315622782764f,0.9592230577094409f,2.182384037863568f,-0.660166885757001f,0.7506173035259948f,-0.027447160094757977f,0.31947100797580325f,0f,0f,0f,1f], start_interpolation: 0, interpolation_duration: 1 }
$data merge entity $(bone_torn_part) { transformation: [-0.6176283014938939f,-0.6727021493195661f,0.40743968816820497f,0.04777728273602713f,0.20730807090121517f,0.3604873669112926f,0.9094351115041577f,2.0821921358555118f,-0.7586558145384403f,0.6461583989999661f,-0.08319061526888732f,0.011543350170526545f,0f,0f,0f,1f], start_interpolation: 0, interpolation_duration: 1 }
$data merge entity $(bone_lowerbody) { transformation: [-0.6176283014938939f,-0.5190479654304432f,0.5908675746529719f,0.2784431832385496f,0.20730807090121517f,0.6172753246560108f,0.7589430395688685f,1.653816875f,-0.7586558145384403f,0.5912363175189207f,-0.273643877902798f,-0.16457760577440844f,0f,0f,0f,1f], start_interpolation: 0, interpolation_duration: 1 }
$data merge entity $(bone_leftfoot) { transformation: [-0.9685964836106568f,0.012690547614634187f,0.24824213013737031f,0.2489046493532801f,0.1728436183477549f,0.752121774051749f,0.6359729333816633f,0.3594420705183625f,-0.17862553752251698f,0.6589160522310333f,-0.7307082515179573f,-0.3523110004759382f,0f,0f,0f,1f], start_interpolation: 0, interpolation_duration: 1 }
$data merge entity $(bone_leftlowerleg) { transformation: [-0.9685964836106568f,0.012690547614634187f,0.24824213013737031f,0.22484190837697732f,0.1728436183477549f,0.752121774051749f,0.6359729333816633f,1.0961127047745125f,-0.17862553752251698f,0.6589160522310333f,-0.7307082515179573f,0.49094412096499807f,0f,0f,0f,1f], start_interpolation: 0, interpolation_duration: 1 }
$data merge entity $(bone_leftleg) { transformation: [-0.9321980454813656f,0.3465038382374183f,0.10451100189689787f,0.5208655454993469f,0.12225867005604002f,0.5732685609744725f,-0.8102069855521349f,1.60041635461353f,-0.34064588900623793f,-0.7424811426460574f,-0.5767860014294984f,-0.16909636037622733f,0f,0f,0f,1f], start_interpolation: 0, interpolation_duration: 1 }
$data merge entity $(bone_rightfoot) { transformation: [-0.8645095041573568f,0.029021796050666238f,0.5017771749660442f,-0.33409267731769954f,0.38006098970823393f,0.6910357166844252f,0.6148395233734887f,0.5901519232010026f,-0.3289025971939172f,0.7222374113430751f,-0.6084345198632332f,-0.8864093648895995f,0f,0f,0f,1f], start_interpolation: 0, interpolation_duration: 1 }
$data merge entity $(bone_rightlowerleg) { transformation: [-0.8645095041573568f,0.029021796050666238f,0.5017771749660442f,-0.3789924899823839f,0.38006098970823393f,0.6910357166844252f,0.6148395233734887f,1.262302268554365f,-0.3289025971939172f,0.7222374113430751f,-0.6084345198632332f,0.008306065395085716f,0f,0f,0f,1f], start_interpolation: 0, interpolation_duration: 1 }
$data merge entity $(bone_rightleg) { transformation: [-0.8394799748368873f,0.5395184977081825f,-0.06471031242612507f,0.121942756285767f,0.38987953535096803f,0.5150802534037168f,-0.7633430604340925f,1.6955711379764178f,-0.3785066971169365f,-0.6660271190306509f,-0.642759634430186f,-0.5546147998438251f,0f,0f,0f,1f], start_interpolation: 0, interpolation_duration: 1 }
data modify entity @s data merge value {"locators":{"lefthand":{"posx":0.4930932793198857,"posy":2.051166378112864,"posz":3.2294421482404614,"roty":95.56581304358068,"rotx":-21.166554735431653},"righthand":{"posx":-1.2801778819461078,"posy":2.1997402888306357,"posz":-1.4649726391219051,"roty":63.96551024668551,"rotx":-2.078429318877848},"chest":{"posx":-0.2614030168780514,"posy":1.7897084624848287,"posz":-0.19719503962037144,"roty":84.42742795195659,"rotx":73.58156025585126},"sack":{"posx":0,"posy":-0.4375,"posz":0,"roty":0,"rotx":0}},"cameras":{}}