# This file was generated by Animated Java via MC-Build. It is not recommended to edit this file directly.
$data merge entity $(bone_nose) { transformation: [-0.9976415623393117f,0.01845216481493764f,0.06611225837028795f,-0.1639463706496248f,0.03524093868500647f,0.9642429949333806f,0.26266618161176414f,4.000396799992444f,-0.05890152233836532f,0.2643765578404163f,-0.9626191595489235f,0.2683608854299461f,0f,0f,0f,1f], start_interpolation: 0, interpolation_duration: 1 }
$data merge entity $(bone_glowing_eye) { transformation: [-0.9976415623393117f,0.01845216481493764f,0.06611225837028795f,-0.2897092330362211f,0.03524093868500647f,0.9642429949333806f,0.26266618161176414f,4.060923101985687f,-0.05890152233836532f,0.2643765578404163f,-0.9626191595489235f,0.31248983337241354f,0f,0f,0f,1f], start_interpolation: 0, interpolation_duration: 1 }
$data merge entity $(bone_head) { transformation: [-0.9976415623393117f,0.01845216481493764f,0.06611225837028795f,-0.15384493535683f,0.03524093868500647f,0.9642429949333806f,0.26266618161176414f,3.9305206440751403f,-0.05890152233836532f,0.2643765578404163f,-0.9626191595489235f,0.05546124352322118f,0f,0f,0f,1f], start_interpolation: 0, interpolation_duration: 1 }
$data merge entity $(bone_leftthumb2) { transformation: [0.1628721341060937f,0.564386171078104f,0.8092842009007243f,0.26368063884359216f,-0.9740895581954111f,0.22243002493222175f,0.04091963615820926f,3.081572560054942f,-0.1569146282103603f,-0.794979958177845f,0.5859903288870524f,1.3906948682384197f,0f,0f,0f,1f], start_interpolation: 0, interpolation_duration: 1 }
$data merge entity $(bone_leftthumb) { transformation: [0.1628721341060937f,0.564386171078104f,0.8092842009007243f,0.4712515190026877f,-0.9740895581954111f,0.22243002493222175f,0.04091963615820926f,3.1396187452513726f,-0.1569146282103603f,-0.794979958177845f,0.5859903288870524f,1.2458092643758547f,0f,0f,0f,1f], start_interpolation: 0, interpolation_duration: 1 }
$data merge entity $(bone_leftpointerfinger) { transformation: [0.24307047823578076f,0.5347670752605335f,0.8092842009007243f,0.3061833638670523f,-0.9314861694797198f,0.3614679784499295f,0.04091963615820926f,3.1750930466930267f,-0.27064784994200053f,-0.7637833958476814f,0.5859903288870524f,1.5512928972800488f,0f,0f,0f,1f], start_interpolation: 0, interpolation_duration: 1 }
$data merge entity $(bone_leftmidfinger) { transformation: [0.23286645219268035f,0.5392886959835802f,0.8092842009007243f,0.43263402025779046f,-0.9381856407750366f,0.34370523245975493f,0.04091963615820926f,3.181486739842747f,-0.25608771717270706f,-0.7687876270883366f,0.5859903288870524f,1.6428538861686506f,0f,0f,0f,1f], start_interpolation: 0, interpolation_duration: 1 }
$data merge entity $(bone_leftringfinger) { transformation: [0.23286645219268035f,0.5392886959835802f,0.8092842009007243f,0.5590846766485287f,-0.9381856407750366f,0.34370523245975493f,0.04091963615820926f,3.187880432992467f,-0.25608771717270706f,-0.7687876270883366f,0.5859903288870524f,1.7344148750572526f,0f,0f,0f,1f], start_interpolation: 0, interpolation_duration: 1 }
$data merge entity $(bone_invisibility) { transformation: [0.6327722769277555f,-0.7570151342498973f,-0.16287213410609347f,0.3731614951954648f,0.22514999281622647f,-0.021377870556303358f,0.9740895581954109f,3.0155007998784047f,-0.740882397068871f,-0.653047527494812f,0.15691462821036037f,1.416608273787184f,0f,0f,0f,1f], start_interpolation: 0, interpolation_duration: 1 }
$data merge entity $(bone_swiftness) { transformation: [0.8092842009007243f,0.564386171078104f,-0.16287213410609352f,0.45695776100340285f,0.040919636158209045f,0.22243002493222175f,0.9740895581954111f,2.942318824554889f,0.5859903288870524f,-0.794979958177845f,0.15691462821036045f,1.625962557882172f,0f,0f,0f,1f], start_interpolation: 0, interpolation_duration: 1 }
$data merge entity $(bone_suspicious_stew) { transformation: [0.8535258639827596f,-0.4949406706305419f,-0.16287213410609366f,0.4984466810950645f,0.21888344917107308f,0.05691720560290457f,0.9740895581954113f,3.0127468242393713f,-0.47284631244354436f,-0.8670606462423178f,0.15691462821036026f,1.5637461459930928f,0f,0f,0f,1f], start_interpolation: 0, interpolation_duration: 1 }
$data merge entity $(bone_log) { transformation: [0.1628721341060937f,0.564386171078104f,0.8092842009007243f,0.6221994119694952f,-0.9740895581954111f,0.22243002493222175f,0.04091963615820926f,2.9511477892199953f,-0.1569146282103603f,-0.794979958177845f,0.5859903288870524f,1.4771312014927214f,0f,0f,0f,1f], start_interpolation: 0, interpolation_duration: 1 }
$data merge entity $(bone_planks) { transformation: [0.1628721341060937f,0.564386171078104f,0.8092842009007243f,0.6374686745419416f,-0.9740895581954111f,0.22243002493222175f,0.04091963615820926f,2.8598268931391755f,-0.1569146282103603f,-0.794979958177845f,0.5859903288870524f,1.462420455098f,0f,0f,0f,1f], start_interpolation: 0, interpolation_duration: 1 }
$data merge entity $(bone_lefthand1) { transformation: [0.1628721341060937f,0.564386171078104f,0.8092842009007243f,0.6972877899343501f,-0.9740895581954111f,0.22243002493222175f,0.04091963615820926f,3.2489989463719593f,-0.1569146282103603f,-0.794979958177845f,0.5859903288870524f,1.29930267122313f,0f,0f,0f,1f], start_interpolation: 0, interpolation_duration: 1 }
$data merge entity $(bone_leftforearm) { transformation: [-0.2584060254061019f,0.5813984035474434f,0.7714935011951204f,1.058811558832527f,-0.9173851797426491f,0.10255866059403956f,-0.3845596873382651f,3.2709928955541026f,-0.3027057284267488f,-0.8071292446006653f,0.5068645030853813f,0.7008007228916042f,0f,0f,0f,1f], start_interpolation: 0, interpolation_duration: 1 }
$data merge entity $(bone_leftelbow) { transformation: [-0.2584060254061019f,0.5813984035474434f,0.7714935011951204f,1.1678237594976728f,-0.9173851797426491f,0.10255866059403956f,-0.3845596873382651f,3.290222644415485f,-0.3027057284267488f,-0.8071292446006653f,0.5068645030853813f,0.5494639895289795f,0f,0f,0f,1f], start_interpolation: 0, interpolation_duration: 1 }
$data merge entity $(bone_leftarm) { transformation: [-0.5096468139066025f,-0.31127082880800255f,0.8021038562480722f,0.6982623764070135f,-0.8258770970239134f,0.43835838392832344f,-0.35463917980265824f,3.3986305246669413f,-0.24122011874261745f,-0.8431799323827197f,-0.48047940220249763f,0.08752906390301785f,0f,0f,0f,1f], start_interpolation: 0, interpolation_duration: 1 }
$data merge entity $(bone_rightthumb2) { transformation: [0.34221571439639875f,0.11509479271890555f,-0.9325457594719706f,-1.3715156888010838f,0.9393602162879957f,-0.018506780592846328f,0.34243230444491923f,3.199233942128743f,0.022153755337008245f,-0.9931821020140668f,-0.11444878052381154f,1.6615181894991116f,0f,0f,0f,1f], start_interpolation: 0, interpolation_duration: 1 }
$data merge entity $(bone_rightthumb) { transformation: [0.34221571439639875f,0.11509479271890555f,-0.9325457594719706f,-1.4229825833377934f,0.9393602162879957f,-0.018506780592846328f,0.34243230444491923f,3.2239587016463034f,0.022153755337008245f,-0.9931821020140668f,-0.11444878052381154f,1.408167221184313f,0f,0f,0f,1f], start_interpolation: 0, interpolation_duration: 1 }
$data merge entity $(bone_rightpointerfinger) { transformation: [0.35608869047958225f,-0.05965945862461086f,-0.9325457594719706f,-1.4670313009118268f,0.8199179701134568f,-0.4587751509809248f,0.34243230444491923f,3.3488252769556865f,-0.4482581474971363f,-0.8865472970118671f,-0.11444878052381154f,1.7311133788106101f,0f,0f,0f,1f], start_interpolation: 0, interpolation_duration: 1 }
$data merge entity $(bone_rightmidfinger) { transformation: [0.3583520819847924f,-0.04407030551300978f,-0.9325457594719706f,-1.6127415758293222f,0.8391490809090832f,-0.42257417914726236f,0.34243230444491923f,3.402330324525205f,-0.40916085510053984f,-0.9052562462032544f,-0.11444878052381154f,1.7132307568537646f,0f,0f,0f,1f], start_interpolation: 0, interpolation_duration: 1 }
$data merge entity $(bone_rightringfinger) { transformation: [0.36033497065898346f,-0.02274017174594091f,-0.9325457594719706f,-1.7584518507468176f,0.8627333762611319f,-0.3720634869986706f,0.34243230444491923f,3.455835372094724f,-0.3547531964694006f,-0.9279286859621029f,-0.11444878052381154f,1.695348134896919f,0f,0f,0f,1f], start_interpolation: 0, interpolation_duration: 1 }
$data merge entity $(bone_hugeasssword) { transformation: [1.3403448813858951f,0.4507879381490468f,-3.6524708912652186f,-1.6656929677030885f,3.6791608471279833f,-0.07248489065531478f,1.341193192409267f,3.143703072508832f,0.08676887506994897f,-3.8899632328884284f,-0.4482577237182619f,1.5073943133164491f,0f,0f,0f,1f], start_interpolation: 0, interpolation_duration: 1 }
$data merge entity $(bone_ice) { transformation: [0.34221571439639875f,0.11509479271890555f,-0.9325457594719706f,-1.672838444376765f,0.9393602162879957f,-0.018506780592846328f,0.34243230444491923f,3.1293147375760957f,0.022153755337008245f,-0.9931821020140668f,-0.11444878052381154f,1.5225666312332782f,0f,0f,0f,1f], start_interpolation: 0, interpolation_duration: 1 }
$data merge entity $(bone_righthand1) { transformation: [0.34221571439639875f,0.11509479271890555f,-0.9325457594719706f,-1.587652872581438f,0.9393602162879957f,-0.018506780592846328f,0.34243230444491923f,3.370229106013787f,0.022153755337008245f,-0.9931821020140668f,-0.11444878052381154f,1.2762330201726444f,0f,0f,0f,1f], start_interpolation: 0, interpolation_duration: 1 }
$data merge entity $(bone_rightforearm) { transformation: [-0.40805997375453334f,0.010592457647882247f,-0.912893672702592f,-1.5042683814085225f,0.9011872918656189f,0.16470485997237705f,-0.4009161683960769f,3.4230676855549804f,0.14611133699806278f,-0.9862860178175787f,-0.07675524905946868f,0.5691308353191232f,0f,0f,0f,1f], start_interpolation: 0, interpolation_duration: 1 }
$data merge entity $(bone_rightelbow) { transformation: [-0.40805997375453334f,0.010592457647882247f,-0.912893672702592f,-1.5022822955995445f,0.9011872918656189f,0.16470485997237705f,-0.4009161683960769f,3.453949846799801f,0.14611133699806278f,-0.9862860178175787f,-0.07675524905946868f,0.38420220697832724f,0f,0f,0f,1f], start_interpolation: 0, interpolation_duration: 1 }
$data merge entity $(bone_rightarm) { transformation: [-0.5113981048590366f,0.5112315957840068f,-0.6907345610426076f,-1.0382188315702763f,0.8592921307599358f,0.2953923469786219f,-0.4175648397081715f,3.4470599051792945f,-0.009434636221677506f,-0.8070846404303573f,-0.5903603736877716f,0.03395020577327784f,0f,0f,0f,1f], start_interpolation: 0, interpolation_duration: 1 }
$data merge entity $(bone_chest1) { transformation: [-1.0807783592009208f,0.01998984521618244f,0.0716216132344786f,-0.16287925564312436f,0.03817768357542367f,1.0445965778444957f,0.28455503007941113f,3.3189171151302754f,-0.06380998253322909f,0.286407937660451f,-1.042837422844667f,-0.19688527432400593f,0f,0f,0f,1f], start_interpolation: 0, interpolation_duration: 1 }
$data merge entity $(bone_chest1lid) { transformation: [-0.9976415623393117f,0.01845216481493764f,0.06611225837028795f,-0.5419830247782189f,0.03524093868500647f,0.9642429949333806f,0.26266618161176414f,2.5691516804402648f,-0.05890152233836532f,0.2643765578404163f,-0.9626191595489235f,-0.020992302371710583f,0f,0f,0f,1f], start_interpolation: 0, interpolation_duration: 1 }
$data merge entity $(bone_chest2) { transformation: [-0.9976415623393117f,0.01845216481493764f,0.06611225837028795f,-0.5448661755305529f,0.03524093868500647f,0.9642429949333806f,0.26266618161176414f,2.418488712481924f,-0.05890152233836532f,0.2643765578404163f,-0.9626191595489235f,-0.06230113953427563f,0f,0f,0f,1f], start_interpolation: 0, interpolation_duration: 1 }
$data merge entity $(bone_chest1lid3) { transformation: [-0.9976415623393117f,0.01845216481493764f,0.06611225837028795f,-0.43727726161354624f,0.03524093868500647f,0.9642429949333806f,0.26266618161176414f,2.735219644367488f,-0.05890152233836532f,0.2643765578404163f,-0.9626191595489235f,-0.6339888563115919f,0f,0f,0f,1f], start_interpolation: 0, interpolation_duration: 1 }
$data merge entity $(bone_chest3) { transformation: [-0.9976415623393117f,0.01845216481493764f,0.06611225837028795f,-0.44016041236588027f,0.03524093868500647f,0.9642429949333806f,0.26266618161176414f,2.5845566764091474f,-0.05890152233836532f,0.2643765578404163f,-0.9626191595489235f,-0.6752976934741569f,0f,0f,0f,1f], start_interpolation: 0, interpolation_duration: 1 }
$data merge entity $(bone_hugeasssword2) { transformation: [-0.258939678616962f,2.9296847461210294f,-2.586537320233613f,-1.3531001928036257f,-1.0287758779794094f,2.449682220564588f,2.877664849998211f,4.55073584504774f,3.7702583748999507f,0.8696448035682659f,0.6075750816987735f,-0.21772601564003066f,0f,0f,0f,1f], start_interpolation: 0, interpolation_duration: 1 }
$data merge entity $(bone_belt) { transformation: [-0.9976415623393117f,0.01845216481493764f,0.06611225837028795f,-0.14693035416539985f,0.03524093868500647f,0.9642429949333806f,0.26266618161176414f,2.8993178199051206f,-0.05890152233836532f,0.2643765578404163f,-0.9626191595489235f,-0.17429859194213113f,0f,0f,0f,1f], start_interpolation: 0, interpolation_duration: 1 }
$data merge entity $(bone_torn_part) { transformation: [-0.987019337577443f,-0.05604540671730089f,0.15050494886905874f,-0.26082358818761825f,-0.03288106090413629f,0.9878019292454561f,0.15220441653504535f,2.575520217514495f,-0.15719943728272104f,0.14527993999464417f,-0.9768224382932388f,-0.08615767873102737f,0f,0f,0f,1f], start_interpolation: 0, interpolation_duration: 1 }
$data merge entity $(bone_lowerbody) { transformation: [-0.987019337577443f,-0.008193743418848359f,0.16039229974338462f,-0.182989296875f,-0.03288106090413629f,0.9878521946654444f,-0.1518778368574018f,2.117739375f,-0.15719943728272104f,-0.15518023090410438f,-0.9752986377794981f,0.142116796875f,0f,0f,0f,1f], start_interpolation: 0, interpolation_duration: 1 }
$data merge entity $(bone_leftfoot) { transformation: [-0.9491869318044317f,-0.25185513122452285f,-0.1886879093312868f,0.4950664958263404f,-0.3053861677749719f,0.8819439243540985f,0.3590417055829524f,0.4003704370965363f,0.07598548384455422f,0.3984233919154081f,-0.9140566436396975f,0.08020219572820542f,0f,0f,0f,1f], start_interpolation: 0, interpolation_duration: 1 }
$data merge entity $(bone_leftlowerleg) { transformation: [-0.9491869318044317f,-0.25185513122452285f,-0.1886879093312868f,0.24465578138328425f,-0.3053861677749719f,0.8819439243540985f,0.3590417055829524f,1.3236117909215057f,0.07598548384455422f,0.3984233919154081f,-0.9140566436396975f,0.6626439504317848f,0f,0f,0f,1f], start_interpolation: 0, interpolation_duration: 1 }
$data merge entity $(bone_leftleg) { transformation: [-0.9872212815145244f,-0.12238848398715473f,0.10200173014075531f,0.0966064825728995f,-0.15926660680915733f,0.7747090576614556f,-0.6119345971984756f,2.0792648638738864f,-0.004127870147970614f,-0.6203603267171633f,-0.7843104907059911f,0.1184609527112861f,0f,0f,0f,1f], start_interpolation: 0, interpolation_duration: 1 }
$data merge entity $(bone_rightfoot) { transformation: [-0.9118985767086005f,-0.061312011716416454f,0.4058100882371748f,-0.4253104325889588f,0.08365136727460037f,0.9402564155619655f,0.33003246332637787f,0.23180916841621935f,-0.4018002420978843f,0.3349029116240121f,-0.8522891208009518f,-0.046840112581788995f,0f,0f,0f,1f], start_interpolation: 0, interpolation_duration: 1 }
$data merge entity $(bone_rightlowerleg) { transformation: [-0.9118985767086005f,-0.061312011716416454f,0.4058100882371748f,-0.5556793902253642f,0.08365136727460037f,0.9402564155619655f,0.33003246332637787f,1.2241980853322039f,-0.4018002420978843f,0.3349029116240121f,-0.8522891208009518f,0.45564329964726213f,0f,0f,0f,1f], start_interpolation: 0, interpolation_duration: 1 }
$data merge entity $(bone_rightleg) { transformation: [-0.9529655985562704f,0.1364626512104936f,0.2706187591296886f,-0.416143652134108f,-0.026663494638188835f,0.8516894928818851f,-0.5233680022396066f,2.072535990579603f,-0.30190333887184573f,-0.5059673433525138f,-0.8079922161994079f,0.017831691296124698f,0f,0f,0f,1f], start_interpolation: 0, interpolation_duration: 1 }
data modify entity @s data merge value {"locators":{"lefthand":{"posx":0.5501924141424982,"posy":3.024451970288013,"posz":1.5447936582312267,"roty":125.9077232445251,"rotx":2.345177229124417},"righthand":{"posx":-1.627983049796586,"posy":3.2123184215429066,"posz":1.541950278335777,"roty":276.9967653142545,"rotx":20.02513266373322},"chest":{"posx":-0.5846426242726135,"posy":2.468946181713997,"posz":0.11105273386970879,"roty":3.9288792086072704,"rotx":15.22832292893447},"sack":{"posx":0,"posy":-0.4375,"posz":0,"roty":0,"rotx":0}},"cameras":{}}