# This file was generated by Animated Java via MC-Build. It is not recommended to edit this file directly.
$data merge entity $(bone_nose) { transformation: [-0.9611552536937833f,0.010356059773978354f,0.27581394149461885f,0.02430983828319872f,0.061803254210375774f,0.9819969240355678f,0.17850041723674231f,4.097454302475913f,-0.26899988116325796f,0.18861281295458487f,-0.94449154084275f,0.14782005730630274f,0f,0f,0f,1f], start_interpolation: 0, interpolation_duration: 1 }
$data merge entity $(bone_glowing_eye) { transformation: [-0.9611552536937833f,0.010356059773978354f,0.27581394149461885f,-0.10475807891100833f,0.061803254210375774f,0.9819969240355678f,0.17850041723674231f,4.165439996112188f,-0.26899988116325796f,0.18861281295458487f,-0.94449154084275f,0.15992431470194696f,0f,0f,0f,1f], start_interpolation: 0, interpolation_duration: 1 }
$data merge entity $(bone_head) { transformation: [-0.9611552536937833f,0.010356059773978354f,0.27581394149461885f,0.07467864399956953f,0.061803254210375774f,0.9819969240355678f,0.17850041723674231f,4.009625486666055f,-0.26899988116325796f,0.18861281295458487f,-0.94449154084275f,-0.05233002690279803f,0f,0f,0f,1f], start_interpolation: 0, interpolation_duration: 1 }
$data merge entity $(bone_leftthumb2) { transformation: [-0.7352176780141928f,0.5166717169341276f,0.4387542624929809f,0.5596688478654787f,-0.036740978778774275f,0.6159633227366923f,-0.7869175849614441f,2.74972298301978f,-0.6768345930977498f,-0.5946759806512404f,-0.43388409929690797f,0.005961228462827317f,0f,0f,0f,1f], start_interpolation: 0, interpolation_duration: 1 }
$data merge entity $(bone_leftthumb) { transformation: [-0.7352176780141928f,0.5166717169341276f,0.4387542624929809f,0.7238735537926904f,-0.036740978778774275f,0.6159633227366923f,-0.7869175849614441f,2.8335353586791907f,-0.6768345930977498f,-0.5946759806512404f,-0.43388409929690797f,-0.17695724613770003f,0f,0f,0f,1f], start_interpolation: 0, interpolation_duration: 1 }
$data merge entity $(bone_leftpointerfinger) { transformation: [0.02434401161365196f,0.8982772769266709f,0.4387542624929809f,0.6553216862608406f,0.4930723705458468f,0.37099912652558636f,-0.7869175849614441f,2.5985541761650746f,-0.8696476335291516f,0.23549433512179718f,-0.43388409929690797f,0.07186127647901205f,0f,0f,0f,1f], start_interpolation: 0, interpolation_duration: 1 }
$data merge entity $(bone_leftmidfinger) { transformation: [-0.09098621901207038f,0.8939889289550113f,0.4387542624929809f,0.7238770397753689f,0.44145598366348254f,0.4311349312757618f,-0.7869175849614441f,2.475598303514849f,-0.8926578977624041f,0.12209203880563324f,-0.43388409929690797f,0.004066885963870184f,0f,0f,0f,1f], start_interpolation: 0, interpolation_duration: 1 }
$data merge entity $(bone_leftringfinger) { transformation: [-0.09098621901207038f,0.8939889289550113f,0.4387542624929809f,0.7924323932898971f,0.44145598366348254f,0.4311349312757618f,-0.7869175849614441f,2.3526424308646234f,-0.8926578977624041f,0.12209203880563324f,-0.43388409929690797f,-0.06372750455127169f,0f,0f,0f,1f], start_interpolation: 0, interpolation_duration: 1 }
$data merge entity $(bone_invisibility) { transformation: [0.5529455786950135f,-0.3920537628145597f,0.7352176780141928f,0.560268269969944f,0.5450350097307595f,0.8376078668721831f,0.03674097877877413f,2.683627405598425f,-0.6302285499478958f,0.3804036125180412f,0.6768345930977496f,-0.10652901700751707f,0f,0f,0f,1f], start_interpolation: 0, interpolation_duration: 1 }
$data merge entity $(bone_swiftness) { transformation: [0.4387542624929807f,0.5166717169341276f,0.7352176780141929f,0.5342761906530509f,-0.7869175849614441f,0.6159633227366923f,0.0367409787787741f,2.450754945148178f,-0.43388409929690813f,-0.5946759806512404f,0.6768345930977497f,-0.14260478340497013f,0f,0f,0f,1f], start_interpolation: 0, interpolation_duration: 1 }
$data merge entity $(bone_suspicious_stew) { transformation: [0.6536891641451019f,-0.1792915017916272f,0.735217678014193f,0.6183157074560907f,0.22568661403563872f,0.9735068837576378f,0.03674097877877435f,2.507207077664872f,-0.7223268158696637f,0.14191160862239782f,0.6768345930977498f,-0.16000684903266044f,0f,0f,0f,1f], start_interpolation: 0, interpolation_duration: 1 }
$data merge entity $(bone_log) { transformation: [-0.7352176780141928f,0.5166717169341276f,0.4387542624929809f,0.6345396208133846f,-0.036740978778774275f,0.6159633227366923f,-0.7869175849614441f,2.543871264451381f,-0.6768345930977498f,-0.5946759806512404f,-0.43388409929690797f,-0.31813290687152207f,0f,0f,0f,1f], start_interpolation: 0, interpolation_duration: 1 }
$data merge entity $(bone_planks) { transformation: [-0.7352176780141928f,0.5166717169341276f,0.4387542624929809f,0.5656129634995539f,-0.036740978778774275f,0.6159633227366923f,-0.7869175849614441f,2.5404267976908708f,-0.6768345930977498f,-0.5946759806512404f,-0.43388409929690797f,-0.3815861499744362f,0f,0f,0f,1f], start_interpolation: 0, interpolation_duration: 1 }
$data merge entity $(bone_lefthand1) { transformation: [-0.7352176780141928f,0.5166717169341276f,0.4387542624929809f,0.933800898847559f,-0.036740978778774275f,0.6159633227366923f,-0.7869175849614441f,2.7316385143602924f,-0.6768345930977498f,-0.5946759806512404f,-0.43388409929690797f,-0.28403437565686634f,0f,0f,0f,1f], start_interpolation: 0, interpolation_duration: 1 }
$data merge entity $(bone_leftforearm) { transformation: [0.1077394320908236f,0.8137688966745781f,0.5711150475847987f,1.5247049304660194f,0.3610928835759214f,0.5031975679261946f,-0.7851140917497211f,3.1385876950325584f,-0.9262851311575573f,0.29081332575761226f,-0.23963193726676751f,-0.17228869912209693f,0f,0f,0f,1f], start_interpolation: 0, interpolation_duration: 1 }
$data merge entity $(bone_leftelbow) { transformation: [0.1077394320908236f,0.8137688966745781f,0.5711150475847987f,1.6772865985925027f,0.3610928835759214f,0.5031975679261946f,-0.7851140917497211f,3.23293723901872f,-0.9262851311575573f,0.29081332575761226f,-0.23963193726676751f,-0.11776120054254463f,0f,0f,0f,1f], start_interpolation: 0, interpolation_duration: 1 }
$data merge entity $(bone_leftarm) { transformation: [-0.3365030554455451f,-0.6562479077011021f,0.6753550009541194f,0.9529725971255302f,0.3125435766092366f,0.5986937174669796f,0.7374837933038767f,3.5497129836269194f,-0.8883029924502782f,0.4592434172674601f,0.0036438030115401587f,-0.055854008248610865f,0f,0f,0f,1f], start_interpolation: 0, interpolation_duration: 1 }
$data merge entity $(bone_rightthumb2) { transformation: [-0.34203392926818554f,0.1948218397661586f,-0.9192699505474414f,-0.6779161912961101f,0.4831617250384491f,0.8755120598173589f,0.005777592252437458f,2.6324284019382955f,0.8059575290840306f,-0.4421799225027008f,-0.39358528611759547f,-0.49093920203202335f,0f,0f,0f,1f], start_interpolation: 0, interpolation_duration: 1 }
$data merge entity $(bone_rightthumb) { transformation: [-0.34203392926818554f,0.1948218397661586f,-0.9192699505474414f,-0.7086961080561659f,0.4831617250384491f,0.8755120598173589f,0.005777592252437458f,2.8476349068579667f,0.8059575290840306f,-0.4421799225027008f,-0.39358528611759547f,-0.6330153262647864f,0f,0f,0f,1f], start_interpolation: 0, interpolation_duration: 1 }
$data merge entity $(bone_rightpointerfinger) { transformation: [-0.38008281126719634f,-0.1023709656090522f,-0.9192699505474414f,-0.8531227641750557f,-0.27307109795365825f,0.9619765043337328f,0.005777592252437458f,2.6134741505433094f,0.8837246358688935f,0.2532220182174571f,-0.39358528611759547f,-0.41822274473678417f,0f,0f,0f,1f], start_interpolation: 0, interpolation_duration: 1 }
$data merge entity $(bone_rightmidfinger) { transformation: [-0.3752556978464606f,-0.11885251050891085f,-0.9192699505474414f,-0.9967586939480935f,-0.31477202055489245f,0.9491497218582299f,0.005777592252437458f,2.6143768993327527f,0.8718381365308335f,0.291528534181775f,-0.39358528611759547f,-0.4797204456926585f,0f,0f,0f,1f], start_interpolation: 0, interpolation_duration: 1 }
$data merge entity $(bone_rightringfinger) { transformation: [-0.38372224801488297f,-0.08774961195874059f,-0.9192699505474414f,-1.140394623721131f,-0.23605471798851219f,0.9717225887788801f,0.005777592252437458f,2.615279648122196f,0.8927683946543855f,0.21921499961900864f,-0.39358528611759547f,-0.5412181466485327f,0f,0f,0f,1f], start_interpolation: 0, interpolation_duration: 1 }
$data merge entity $(bone_hugeasssword) { transformation: [-1.3396328896337268f,0.7630522057507879f,-3.600473972977479f,-0.851969152306427f,1.8923834230672592f,3.4290889009513226f,0.022628902988713378f,2.6637851783908713f,3.1566669889124537f,-1.7318713631355782f,-1.541542370627249f,-0.7774709410183778f,0f,0f,0f,1f], start_interpolation: 0, interpolation_duration: 1 }
$data merge entity $(bone_ice) { transformation: [-0.34203392926818554f,0.1948218397661586f,-0.9192699505474414f,-0.8496689634079578f,0.4831617250384491f,0.8755120598173589f,0.005777592252437458f,2.6425559005024994f,0.8059575290840306f,-0.4421799225027008f,-0.39358528611759547f,-0.783154966121211f,0f,0f,0f,1f], start_interpolation: 0, interpolation_duration: 1 }
$data merge entity $(bone_righthand1) { transformation: [-0.34203392926818554f,0.1948218397661586f,-0.9192699505474414f,-0.9151991717380721f,0.4831617250384491f,0.8755120598173589f,0.005777592252437458f,2.98240489647434f,0.8059575290840306f,-0.4421799225027008f,-0.39358528611759547f,-0.7045101046670534f,0f,0f,0f,1f], start_interpolation: 0, interpolation_duration: 1 }
$data merge entity $(bone_rightforearm) { transformation: [-0.6967073382660612f,-0.4159865223057369f,-0.5844262982328903f,-1.1282352009876409f,-0.020082571143288153f,0.8256866637124002f,-0.5637714285982933f,3.589219533746367f,0.7170743163316444f,-0.381046908696901f,-0.5836160366457047f,-1.0054894282599813f,0f,0f,0f,1f], start_interpolation: 0, interpolation_duration: 1 }
$data merge entity $(bone_rightelbow) { transformation: [-0.6967073382660612f,-0.4159865223057369f,-0.5844262982328903f,-1.2062326739199665f,-0.020082571143288153f,0.8256866637124002f,-0.5637714285982933f,3.7440357831924422f,0.7170743163316444f,-0.381046908696901f,-0.5836160366457047f,-1.0769357236406503f,0f,0f,0f,1f], start_interpolation: 0, interpolation_duration: 1 }
$data merge entity $(bone_rightarm) { transformation: [-0.910954134918407f,0.39252038314872906f,0.12684759709128132f,-0.7116840935922516f,0.2199330769644529f,0.20200017763025707f,0.9543717147392272f,3.626563379303292f,0.3489871139913408f,0.897286842124702f,-0.2703411127037013f,-0.5102587123182449f,0f,0f,0f,1f], start_interpolation: 0, interpolation_duration: 1 }
$data merge entity $(bone_chest1) { transformation: [-1.0412515248349319f,0.011219064755143216f,0.2987984366191704f,0.08817118937424265f,0.06695352539457375f,1.0638300010385318f,0.19337545200647083f,3.379552445277503f,-0.2914165379268628f,0.20433054736746692f,-1.0231991692463125f,-0.2539365108391096f,0f,0f,0f,1f], start_interpolation: 0, interpolation_duration: 1 }
$data merge entity $(bone_chest1lid) { transformation: [-0.9611552536937833f,0.010356059773978354f,0.27581394149461885f,-0.35500222706620693f,0.061803254210375774f,0.9819969240355678f,0.17850041723674231f,2.6596578815330303f,-0.26899988116325796f,0.18861281295458487f,-0.94449154084275f,-0.10508976931548314f,0f,0f,0f,1f], start_interpolation: 0, interpolation_duration: 1 }
$data merge entity $(bone_chest2) { transformation: [-0.9611552536937833f,0.010356059773978354f,0.27581394149461885f,-0.35662036140589104f,0.061803254210375774f,0.9819969240355678f,0.17850041723674231f,2.506220862152473f,-0.26899988116325796f,0.18861281295458487f,-0.94449154084275f,-0.13456052133963703f,0f,0f,0f,1f], start_interpolation: 0, interpolation_duration: 1 }
$data merge entity $(bone_chest1lid3) { transformation: [-0.9611552536937833f,0.010356059773978354f,0.27581394149461885f,-0.11823671744035529f,0.061803254210375774f,0.9819969240355678f,0.17850041723674231f,2.7701470079371697f,-0.26899988116325796f,0.18861281295458487f,-0.94449154084275f,-0.6933421700951662f,0f,0f,0f,1f], start_interpolation: 0, interpolation_duration: 1 }
$data merge entity $(bone_chest3) { transformation: [-0.9611552536937833f,0.010356059773978354f,0.27581394149461885f,-0.1198548517800394f,0.061803254210375774f,0.9819969240355678f,0.17850041723674231f,2.6167099885566123f,-0.26899988116325796f,0.18861281295458487f,-0.94449154084275f,-0.72281292211932f,0f,0f,0f,1f], start_interpolation: 0, interpolation_duration: 1 }
$data merge entity $(bone_hugeasssword2) { transformation: [-1.0802712708539248f,2.8029015499190093f,-2.513371174460119f,-1.0109342405731165f,-0.6991266341772405f,2.4199570212070913f,2.9992178551536206f,4.642399132316337f,3.699258534967438f,1.2758639013428899f,-0.16713878813265035f,-0.6167354882695486f,0f,0f,0f,1f], start_interpolation: 0, interpolation_duration: 1 }
$data merge entity $(bone_belt) { transformation: [-0.9611552536937833f,0.010356059773978354f,0.27581394149461885f,0.07872592693971928f,0.061803254210375774f,0.9819969240355678f,0.17850041723674231f,2.9630479786807924f,-0.26899988116325796f,0.18861281295458487f,-0.94449154084275f,-0.19681461875433362f,0f,0f,0f,1f], start_interpolation: 0, interpolation_duration: 1 }
$data merge entity $(bone_torn_part) { transformation: [-0.9672431532892222f,-0.1031982975836962f,0.23192842385302687f,-0.05448585739787294f,-0.07071518830246637f,0.9870092679003344f,0.14426388051828037f,2.65101412765903f,-0.24380329070475876f,0.12313738853278006f,-0.9619756436557311f,-0.09496952398615974f,0f,0f,0f,1f], start_interpolation: 0, interpolation_duration: 1 }
$data merge entity $(bone_lowerbody) { transformation: [-0.9672431532892222f,-0.028679743571440503f,0.2522263957713364f,0.01850592592592591f,-0.07071518830246637f,0.9847084548729852f,-0.15921250279109642f,2.199494490740741f,-0.24380329070475876f,-0.17183344031455164f,-0.9544806044290247f,0.14696627314814814f,0f,0f,0f,1f], start_interpolation: 0, interpolation_duration: 1 }
$data merge entity $(bone_leftfoot) { transformation: [-0.9809199001847837f,-0.19022509567626783f,-0.03989104772102092f,0.5326416705995717f,-0.19228759574743917f,0.9198970855207491f,0.3417899595266601f,0.26472342824946493f,-0.028319849870920177f,0.34293995137446176f,-0.9389305434991775f,-0.20930833438911323f,0f,0f,0f,1f], start_interpolation: 0, interpolation_duration: 1 }
$data merge entity $(bone_leftlowerleg) { transformation: [-0.9809199001847837f,-0.19022509567626783f,-0.03989104772102092f,0.32773979004271314f,-0.19228759574743917f,0.9198970855207491f,0.3417899595266601f,1.2327197255488476f,-0.028319849870920177f,0.34293995137446176f,-0.9389305434991775f,0.3154032443544511f,0f,0f,0f,1f], start_interpolation: 0, interpolation_duration: 1 }
$data merge entity $(bone_leftleg) { transformation: [-0.9829731911075843f,-0.014662342384180752f,0.18314747293546535f,0.28483631195008574f,-0.06753020615891439f,0.9558742203037457f,-0.2859199371565306f,2.194626153995269f,-0.17087261601192968f,-0.29342146709518935f,-0.9405885352765888f,0.06584098173923306f,0f,0f,0f,1f], start_interpolation: 0, interpolation_duration: 1 }
$data merge entity $(bone_rightfoot) { transformation: [-0.9114629372624907f,0.0360580910984232f,0.4097987941432888f,-0.40854886756329106f,0.20363130586373973f,0.9050953470608271f,0.37327165695853626f,0.28610038210196564f,-0.35744874229575074f,0.4236695863451605f,-0.8323057503563207f,-0.3512809585772259f,0f,0f,0f,1f], start_interpolation: 0, interpolation_duration: 1 }
$data merge entity $(bone_rightlowerleg) { transformation: [-0.9114629372624907f,0.0360580910984232f,0.4097987941432888f,-0.43151071460136975f,0.20363130586373973f,0.9050953470608271f,0.37327165695853626f,1.2328389757193907f,-0.35744874229575074f,0.4236695863451605f,-0.8323057503563207f,0.24660762597902736f,0f,0f,0f,1f], start_interpolation: 0, interpolation_duration: 1 }
$data merge entity $(bone_rightleg) { transformation: [-0.9303587213027407f,0.2042513940702043f,0.30448965341907774f,-0.21602645225549558f,0.06896692375996298f,0.9131273113112398f,-0.40179840365274266f,2.141045328552334f,-0.36010583600244084f,-0.35281706500378407f,-0.8636222282006376f,-0.034265385971933855f,0f,0f,0f,1f], start_interpolation: 0, interpolation_duration: 1 }
data modify entity @s data merge value {"locators":{"lefthand":{"posx":0.6562457648902835,"posy":2.5114891838881093,"posz":-0.2014411637287157,"roty":45.31976235729289,"rotx":-51.898380890740874},"righthand":{"posx":-0.8704151425458927,"posy":2.6740821614112633,"posz":-0.6945376163848911,"roty":293.1781805850385,"rotx":0.3310334935108178},"chest":{"posx":-0.4287815108385455,"posy":2.572323735281641,"posz":0.022292486845183174,"roty":16.279057127653545,"rotx":10.282425524892814},"sack":{"posx":0,"posy":-0.4375,"posz":0,"roty":0,"rotx":0}},"cameras":{}}