# This file was generated by Animated Java via MC-Build. It is not recommended to edit this file directly.
$data merge entity $(bone_leftthumb2) { transformation: [-0.5340740288933584f,0.4112242969791652f,0.7386876939787257f,0.16254779005026287f,-0.30164307590402045f,0.7235439432866783f,-0.6208829333234451f,1.9309706532883655f,-0.7897951547210058f,-0.5544174778153692f,-0.2623830670452401f,0.9540250038574485f,0f,0f,0f,1f], start_interpolation: 0, interpolation_duration: 1 }
$data merge entity $(bone_leftthumb) { transformation: [-0.5340740288933584f,0.4112242969791652f,0.7386876939787257f,0.32652386831036273f,-0.30164307590402045f,0.7235439432866783f,-0.6208829333234451f,2.0553552755253603f,-0.7897951547210058f,-0.5544174778153692f,-0.2623830670452401f,0.7956356746022941f,0f,0f,0f,1f], start_interpolation: 0, interpolation_duration: 1 }
$data merge entity $(bone_leftpointerfinger) { transformation: [-0.6425124168963003f,0.20376036145057072f,0.7386876939787257f,0.284631228429538f,-0.5309183757235009f,0.5767408962669408f,-0.6208829333234451f,1.8218307430618847f,-0.5525427335991258f,-0.7911078647534346f,-0.2623830670452401f,1.0516385482903265f,0f,0f,0f,1f], start_interpolation: 0, interpolation_duration: 1 }
$data merge entity $(bone_leftmidfinger) { transformation: [-0.5340740288933584f,0.4112242969791652f,0.7386876939787257f,0.40005118061371386f,-0.30164307590402045f,0.7235439432866783f,-0.6208829333234451f,1.7248177847300965f,-0.7897951547210058f,-0.5544174778153692f,-0.2623830670452401f,1.0106411940645077f,0f,0f,0f,1f], start_interpolation: 0, interpolation_duration: 1 }
$data merge entity $(bone_leftringfinger) { transformation: [-0.3360513387005075f,0.5843029937643561f,0.7386876939787257f,0.5154711327978897f,-0.001793584267555104f,0.7839012477111832f,-0.6208829333234451f,1.627804826398308f,-0.9418419616969037f,-0.2099734395461984f,-0.2623830670452401f,0.969643839838689f,0f,0f,0f,1f], start_interpolation: 0, interpolation_duration: 1 }
$data merge entity $(bone_invisibility) { transformation: [0.47404033900442016f,-0.7000362052481214f,0.5340740288933584f,0.20638601505729431f,0.6666771269254337f,0.6815812961001867f,0.30164307590402034f,1.863812876793219f,-0.5751759430218054f,0.21306395318823734f,0.7897951547210055f,0.8511120159892457f,0f,0f,0f,1f], start_interpolation: 0, interpolation_duration: 1 }
$data merge entity $(bone_swiftness) { transformation: [0.7386876939787256f,0.4112242969791652f,0.5340740288933585f,0.2613870040512085f,-0.6208829333234452f,0.7235439432866783f,0.30164307590402034f,1.6337067530423202f,-0.2623830670452403f,-0.5544174778153692f,0.7897951547210057f,0.8358576734416738f,0f,0f,0f,1f], start_interpolation: 0, interpolation_duration: 1 }
$data merge entity $(bone_suspicious_stew) { transformation: [0.6848786917694243f,-0.4956875116661891f,0.5340740288933585f,0.325613818757407f,0.39335704403829974f,0.8684939209140227f,0.30164307590402056f,1.71348120445351f,-0.6133607531181411f,0.003492866096666547f,0.7897951547210059f,0.8279035101908586f,0f,0f,0f,1f], start_interpolation: 0, interpolation_duration: 1 }
$data merge entity $(bone_log) { transformation: [-0.5340740288933584f,0.4112242969791652f,0.7386876939787257f,0.3615734013263031f,-0.30164307590402045f,0.7235439432866783f,-0.6208829333234451f,1.7465412714988062f,-0.7897951547210058f,-0.5544174778153692f,-0.2623830670452401f,0.6722588234410976f,0f,0f,0f,1f], start_interpolation: 0, interpolation_duration: 1 }
$data merge entity $(bone_planks) { transformation: [-0.5340740288933584f,0.4112242969791652f,0.7386876939787257f,0.31150396111755074f,-0.30164307590402045f,0.7235439432866783f,-0.6208829333234451f,1.7182622331328044f,-0.7897951547210058f,-0.5544174778153692f,-0.2623830670452401f,0.5982155276860033f,0f,0f,0f,1f], start_interpolation: 0, interpolation_duration: 1 }
$data merge entity $(bone_lefthand1) { transformation: [-0.5340740288933584f,0.4112242969791652f,0.7386876939787257f,0.5748139923575988f,-0.30164307590402045f,0.7235439432866783f,-0.6208829333234451f,2.0222406179628387f,-0.7897951547210058f,-0.5544174778153692f,-0.2623830670452401f,0.7393027135126704f,0f,0f,0f,1f], start_interpolation: 0, interpolation_duration: 1 }
$data merge entity $(bone_leftforearm) { transformation: [-0.48080030704822596f,0.49104924097989355f,0.7264308003350368f,0.8819783826812474f,-0.14497742025974095f,0.7725504385013111f,-0.6181806916964185f,2.5669419573502887f,-0.8647615927856428f,-0.4025375298087152f,-0.3002514358639031f,0.38306319530516847f,0f,0f,0f,1f], start_interpolation: 0, interpolation_duration: 1 }
$data merge entity $(bone_leftelbow) { transformation: [-0.48080030704822596f,0.49104924097989355f,0.7264308003350368f,0.9740501153649774f,-0.14497742025974095f,0.7725504385013111f,-0.6181806916964185f,2.7117951645692844f,-0.8647615927856428f,-0.4025375298087152f,-0.3002514358639031f,0.3075874084660344f,0f,0f,0f,1f], start_interpolation: 0, interpolation_duration: 1 }
$data merge entity $(bone_leftarm) { transformation: [-0.9146144257650165f,0.18822020616942403f,0.3578457854608162f,0.8135673822307294f,0.08925413118395067f,0.9571939457531677f,-0.27534242368381956f,3.2509685948531217f,-0.3943528271093376f,-0.2198929380471809f,-0.8922628220136998f,0.18228756853851397f,0f,0f,0f,1f], start_interpolation: 0, interpolation_duration: 1 }
$data merge entity $(bone_rightthumb2) { transformation: [-0.6846742495849925f,-0.725998157802134f,-0.0644037795718162f,-0.775389585853115f,-0.39393256276685373f,0.44295411566603937f,-0.8053625192461195f,2.1223918673711513f,0.6132196245613528f,-0.5260402325701186f,-0.5892735916112386f,0.5864671043149734f,0f,0f,0f,1f], start_interpolation: 0, interpolation_duration: 1 }
$data merge entity $(bone_rightthumb) { transformation: [-0.6846742495849925f,-0.725998157802134f,-0.0644037795718162f,-0.9589389750606633f,-0.39393256276685373f,0.44295411566603937f,-0.8053625192461195f,2.1621987745939046f,0.6132196245613528f,-0.5260402325701186f,-0.5892735916112386f,0.4071018346237787f,0f,0f,0f,1f], start_interpolation: 0, interpolation_duration: 1 }
$data merge entity $(bone_rightpointerfinger) { transformation: [-0.9798639232207186f,-0.1632246176976593f,0.11499746148482712f,-0.977380896779807f,-0.1975942862613495f,0.7099508719881285f,-0.6759632071349477f,1.8758002663667848f,0.028691288004711428f,-0.6850748014200704f,-0.7279074985545082f,0.6057521854505149f,0f,0f,0f,1f], start_interpolation: 0, interpolation_duration: 1 }
$data merge entity $(bone_rightmidfinger) { transformation: [-0.9927861393474126f,-0.033930301674247654f,0.11499746148482712f,-0.9594125434228027f,-0.10323665576672494f,0.7296683736506185f,-0.6759632071349477f,1.770181015251949f,-0.060974375156802596f,-0.6829588560977562f,-0.7279074985545082f,0.492016638801373f,0f,0f,0f,1f], start_interpolation: 0, interpolation_duration: 1 }
$data merge entity $(bone_rightringfinger) { transformation: [-0.9919655090009364f,0.05272582673186477f,0.11499746148482712f,-0.9414441900657985f,-0.03924902005853864f,0.7358894326081062f,-0.6759632071349477f,1.6645617641371135f,-0.1202661356199547f,-0.6750457245040227f,-0.7279074985545082f,0.37828109215223105f,0f,0f,0f,1f], start_interpolation: 0, interpolation_duration: 1 }
$data merge entity $(bone_hugeasssword) { transformation: [-3.7674780226303843f,-0.9713500448428858f,0.45040672414890626f,-0.7560780923153156f,-1.0133148139779034f,2.70260895304367f,-2.6475225612785453f,1.9896269891421243f,0.3458037225764844f,-2.663205158280094f,-2.8509710360051574f,0.3418197266786218f,0f,0f,0f,1f], start_interpolation: 0, interpolation_duration: 1 }
$data merge entity $(bone_ice) { transformation: [-0.9619092823737151f,-0.24800426676839635f,0.11499746148482712f,-0.7371731931099702f,-0.2587186759092519f,0.6900278177983837f,-0.6759632071349477f,1.9828877838001067f,0.0882903121471875f,-0.679967274454492f,-0.7279074985545082f,0.3510646792146735f,0f,0f,0f,1f], start_interpolation: 0, interpolation_duration: 1 }
$data merge entity $(bone_righthand1) { transformation: [-0.9619092823737151f,-0.24800426676839635f,0.11499746148482712f,-1.0360579097240972f,-0.2587186759092519f,0.6900278177983837f,-0.6759632071349477f,2.0695912190494226f,0.0882903121471875f,-0.679967274454492f,-0.7279074985545082f,0.180398329308019f,0f,0f,0f,1f], start_interpolation: 0, interpolation_duration: 1 }
$data merge entity $(bone_rightforearm) { transformation: [-0.966422951483608f,-0.1914673297149849f,-0.17136785141188163f,-1.1076043187839097f,-0.10784844570860969f,0.9075713356191343f,-0.40581151230680707f,2.7208086471432082f,0.2332281964170469f,-0.37370380305037554f,-0.897747222764703f,-0.0829116191321432f,0f,0f,0f,1f], start_interpolation: 0, interpolation_duration: 1 }
$data merge entity $(bone_rightelbow) { transformation: [-0.966422951483608f,-0.1914673297149849f,-0.17136785141188163f,-1.1435044431054695f,-0.10784844570860969f,0.9075713356191343f,-0.40581151230680707f,2.890978272571796f,0.2332281964170469f,-0.37370380305037554f,-0.897747222764703f,-0.15298108220408863f,0f,0f,0f,1f], start_interpolation: 0, interpolation_duration: 1 }
$data merge entity $(bone_rightarm) { transformation: [-0.9460418040880456f,0.2760223086357062f,0.16975449936084303f,-0.7919753376982952f,0.28845872275106166f,0.9560196935121312f,0.053083998396849935f,3.3084269668063406f,-0.1476362766621458f,0.09918684767843754f,-0.9840556381937724f,0.029222531245832503f,0f,0f,0f,1f], start_interpolation: 0, interpolation_duration: 1 }
$data merge entity $(bone_chest1lid) { transformation: [-0.986549065042379f,0.06818150283601587f,0.1485672404503425f,-0.3415914657681806f,0.061576440083595106f,0.9969175280023375f,-0.048618765804368386f,2.4433406323811653f,-0.15142418661045848f,-0.03881655616783844f,-0.9877064293992572f,0.15679644021458564f,0f,0f,0f,1f], start_interpolation: 0, interpolation_duration: 1 }
data modify entity @s data merge value {"locators":{"lefthand":{"posx":0.36797394811514056,"posy":1.7279947351287155,"posz":0.7937157200730994,"roty":70.44487914918737,"rotx":-38.380639647894974},"righthand":{"posx":-0.8252739569999502,"posy":1.9584131483919982,"posz":0.38133993930673793,"roty":8.97759528944863,"rotx":-42.52899350633852},"chest":{"posx":-0.399616253742743,"posy":2.359956790467035,"posz":0.29455395865966494,"roty":9.267379604718371,"rotx":8.705026897929876},"sack":{"posx":-0.6249977100748221,"posy":2.1875091885291065,"posz":0.3124938942403798,"roty":273.9842596922002,"rotx":11.444425943988207}},"cameras":{}}