# This file was generated by Animated Java via MC-Build. It is not recommended to edit this file directly.
$data merge entity $(bone_nose) { transformation: [-0.9641771607339729f,0.06153686704789785f,0.2580225120273502f,0.06669196313292113f,0.24695530220509476f,0.563312554922576f,0.7884745044574301f,3.001847929294372f,-0.0968270697262138f,0.8239491364523229f,-0.5583299554096179f,1.4919019655876489f,0f,0f,0f,1f], start_interpolation: 0, interpolation_duration: 1 }
$data merge entity $(bone_glowing_eye) { transformation: [-0.9641771607339729f,0.06153686704789785f,0.2580225120273502f,-0.05866749289390244f,0.24695530220509476f,0.563312554922576f,0.7884745044574301f,3.0433438683231686f,-0.0968270697262138f,0.8239491364523229f,-0.5583299554096179f,1.555069905746669f,0f,0f,0f,1f], start_interpolation: 0, interpolation_duration: 1 }
$data merge entity $(bone_head) { transformation: [-0.9641771607339729f,0.06153686704789785f,0.2580225120273502f,0.1074095885822377f,0.24695530220509476f,0.563312554922576f,0.7884745044574301f,3.0799376486964425f,-0.0968270697262138f,0.8239491364523229f,-0.5583299554096179f,1.2856132252593397f,0f,0f,0f,1f], start_interpolation: 0, interpolation_duration: 1 }
$data merge entity $(bone_leftthumb2) { transformation: [-0.723575167480818f,0.6732711695370963f,-0.15213451046773302f,-0.3186123076715147f,0.5304437745723604f,0.40135181932823144f,-0.7466901091747136f,1.8666456923390014f,-0.441665460527007f,-0.6209852247775862f,-0.6475407103691608f,2.051992308820404f,0f,0f,0f,1f], start_interpolation: 0, interpolation_duration: 1 }
$data merge entity $(bone_leftthumb) { transformation: [-0.723575167480818f,0.6732711695370963f,-0.15213451046773302f,-0.16649863780460963f,0.5304437745723604f,0.40135181932823144f,-0.7466901091747136f,1.9012639458858072f,-0.441665460527007f,-0.6209852247775862f,-0.6475407103691608f,1.8443631295765144f,0f,0f,0f,1f], start_interpolation: 0, interpolation_duration: 1 }
$data merge entity $(bone_leftpointerfinger) { transformation: [-0.9102105473677706f,0.3851906673132236f,-0.15213451046773302f,-0.31540601154392994f,0.3611836939368113f,0.5585697987671856f,-0.7466901091747136f,1.6765519934573145f,-0.20264031853168576f,-0.7345937174520208f,-0.6475407103691608f,2.066077595403247f,0f,0f,0f,1f], start_interpolation: 0, interpolation_duration: 1 }
$data merge entity $(bone_leftmidfinger) { transformation: [-0.723575167480818f,0.6732711695370963f,-0.15213451046773302f,-0.3391770288045132f,0.5304437745723604f,0.40135181932823144f,-0.7466901091747136f,1.5598816638987656f,-0.441665460527007f,-0.6209852247775862f,-0.6475407103691608f,1.9648993594080655f,0f,0f,0f,1f], start_interpolation: 0, interpolation_duration: 1 }
$data merge entity $(bone_leftringfinger) { transformation: [-0.4108465653980398f,0.8989216820309639f,-0.15213451046773302f,-0.3629480460650965f,0.6436568382819357f,0.16780868688347608f,-0.7466901091747136f,1.4432113343402166f,-0.6456864364639668f,-0.40469748477234957f,-0.6475407103691608f,1.863721123412884f,0f,0f,0f,1f], start_interpolation: 0, interpolation_duration: 1 }
$data merge entity $(bone_invisibility) { transformation: [0.6574497732135173f,0.21023504157632897f,0.7235751674808178f,-0.37268311782634667f,0.33474622341680826f,0.778828843794072f,-0.5304437745723604f,1.8432421223403672f,-0.6750590800883126f,0.5909541939675084f,0.44166546052700667f,1.935580709793421f,0f,0f,0f,1f], start_interpolation: 0, interpolation_duration: 1 }
$data merge entity $(bone_swiftness) { transformation: [-0.15213451046773319f,0.6732711695370963f,0.723575167480818f,-0.5300666722401548f,-0.7466901091747135f,0.40135181932823144f,-0.5304437745723605f,1.6765150871376389f,-0.6475407103691609f,-0.6209852247775862f,0.44166546052700684f,1.875255387770946f,0f,0f,0f,1f], start_interpolation: 0, interpolation_duration: 1 }
$data merge entity $(bone_suspicious_stew) { transformation: [0.5458960813740974f,0.4224173828638106f,0.7235751674808182f,-0.43276792461109803f,0.04818340320011222f,0.8463496686792535f,-0.5304437745723605f,1.6844243603390976f,-0.8364662742731834f,0.3244314919686536f,0.44166546052700706f,1.8432755090106527f,0f,0f,0f,1f], start_interpolation: 0, interpolation_duration: 1 }
$data merge entity $(bone_log) { transformation: [-0.723575167480818f,0.6732711695370963f,-0.15213451046773302f,-0.4235755055484626f,0.5304437745723604f,0.40135181932823144f,-0.7466901091747136f,1.7493213427537206f,-0.441665460527007f,-0.6209852247775862f,-0.6475407103691608f,1.693892748190493f,0f,0f,0f,1f], start_interpolation: 0, interpolation_duration: 1 }
$data merge entity $(bone_planks) { transformation: [-0.723575167480818f,0.6732711695370963f,-0.15213451046773302f,-0.49141067749978934f,0.5304437745723604f,0.40135181932823144f,-0.7466901091747136f,1.7990504466198796f,-0.441665460527007f,-0.6209852247775862f,-0.6475407103691608f,1.6524866112660863f,0f,0f,0f,1f], start_interpolation: 0, interpolation_duration: 1 }
$data merge entity $(bone_lefthand1) { transformation: [-0.723575167480818f,0.6732711695370963f,-0.15213451046773302f,-0.06960971784186742f,0.5304437745723604f,0.40135181932823144f,-0.7466901091747136f,1.7403824198543982f,-0.441665460527007f,-0.6209852247775862f,-0.6475407103691608f,1.6692984543268845f,0f,0f,0f,1f], start_interpolation: 0, interpolation_duration: 1 }
$data merge entity $(bone_leftforearm) { transformation: [-0.5867655443512547f,0.7926130556246442f,-0.16574299386562438f,0.45047299369180427f,0.6212195140778511f,0.3093246056698141f,-0.7200031969762998f,2.0169075029226233f,-0.519415547794879f,-0.5254358499194537f,-0.6738877178939879f,1.2557722063764205f,0f,0f,0f,1f], start_interpolation: 0, interpolation_duration: 1 }
$data merge entity $(bone_leftelbow) { transformation: [-0.5867655443512547f,0.7926130556246442f,-0.16574299386562438f,0.5990879416214251f,0.6212195140778511f,0.3093246056698141f,-0.7200031969762998f,2.0749058664857136f,-0.519415547794879f,-0.5254358499194537f,-0.6738877178939879f,1.157252984516523f,0f,0f,0f,1f], start_interpolation: 0, interpolation_duration: 1 }
$data merge entity $(bone_leftarm) { transformation: [-0.6607436703397325f,0.747099623817292f,0.07252554169421817f,0.8144252041000293f,0.6466073155014875f,0.6155985125773682f,-0.45048579428489355f,2.59133899315505f,-0.3812043830361067f,-0.25076009133152066f,-0.8898329028247205f,1.019088464791325f,0f,0f,0f,1f], start_interpolation: 0, interpolation_duration: 1 }
$data merge entity $(bone_rightthumb2) { transformation: [-0.5207585527772455f,-0.7842990951779812f,-0.33717274357864213f,-0.6221243441155538f,0.0968976219742253f,0.3380983476596819f,-0.9361091593214611f,1.9758033603180651f,0.8481871141234634f,-0.520158088097064f,-0.10007088898435068f,1.9452261425339539f,0f,0f,0f,1f], start_interpolation: 0, interpolation_duration: 1 }
$data merge entity $(bone_rightthumb) { transformation: [-0.5207585527772455f,-0.7842990951779812f,-0.33717274357864213f,-0.8432817546991117f,0.0968976219742253f,0.3380983476596819f,-0.9361091593214611f,1.9787218958612809f,0.8481871141234634f,-0.520158088097064f,-0.10007088898435068f,1.8091094646184294f,0f,0f,0f,1f], start_interpolation: 0, interpolation_duration: 1 }
$data merge entity $(bone_rightpointerfinger) { transformation: [-0.9457523322552606f,-0.2628860853215503f,-0.1909016295845747f,-0.8397944418782781f,0.08785993438890179f,0.35874634162881586f,-0.9292909632064215f,1.8215363640035525f,0.3127829246664744f,-0.8956517004462459f,-0.3161880350753881f,2.1207289747568234f,0f,0f,0f,1f], start_interpolation: 0, interpolation_duration: 1 }
$data merge entity $(bone_rightmidfinger) { transformation: [-0.9719748096514322f,-0.13719160770621586f,-0.1909016295845747f,-0.869622821500868f,0.13393407441619992f,0.34420919426005603f,-0.9292909632064215f,1.6763346510025492f,0.19320101737138493f,-0.928815640136312f,-0.3161880350753881f,2.071324594276294f,0f,0f,0f,1f], start_interpolation: 0, interpolation_duration: 1 }
$data merge entity $(bone_rightringfinger) { transformation: [-0.9802331885218709f,-0.05195636575243068f,-0.1909016295845747f,-0.8994512011234578f,0.1634242228135518f,0.3312262506213355f,-0.9292909632064215f,1.5311329380015457f,0.11151421217958307f,-0.942119794377091f,-0.3161880350753881f,2.021920213795765f,0f,0f,0f,1f], start_interpolation: 0, interpolation_duration: 1 }
$data merge entity $(bone_hugeasssword) { transformation: [-3.600362256049114f,-1.348561096208801f,-0.747698049206251f,-0.6924051533439792f,0.22034695472180477f,1.4297349135419584f,-3.639722939225151f,1.750059565570368f,1.526144364907705f,-3.3878487015463175f,-1.2384031373786035f,1.7970636201294012f,0f,0f,0f,1f], start_interpolation: 0, interpolation_duration: 1 }
$data merge entity $(bone_ice) { transformation: [-0.9192414270763695f,-0.3443134713724598f,-0.1909016295845747f,-0.6726621080557162f,0.05625879695024802f,0.36503870132986166f,-0.9292909632064215f,1.7434767921597412f,0.38965388040196725f,-0.8649826472033151f,-0.3161880350753881f,1.8044906321106722f,0f,0f,0f,1f], start_interpolation: 0, interpolation_duration: 1 }
$data merge entity $(bone_righthand1) { transformation: [-0.9192414270763695f,-0.3443134713724598f,-0.1909016295845747f,-0.9945165085924416f,0.05625879695024802f,0.36503870132986166f,-0.9292909632064215f,1.819760824129568f,0.38965388040196725f,-0.8649826472033151f,-0.3161880350753881f,1.6757775643142294f,0f,0f,0f,1f], start_interpolation: 0, interpolation_duration: 1 }
$data merge entity $(bone_rightforearm) { transformation: [-0.8617037978501193f,-0.17320645556551734f,-0.47693405049452214f,-1.0549937157573366f,0.25075767862718645f,0.6717728896556562f,-0.6970235084508944f,2.2873197745740472f,0.4411203366205025f,-0.7202226797832183f,-0.5354364015881758f,1.150167165327688f,0f,0f,0f,1f], start_interpolation: 0, interpolation_duration: 1 }
$data merge entity $(bone_rightelbow) { transformation: [-0.8617037978501193f,-0.17320645556551734f,-0.47693405049452214f,-1.0874699261758711f,0.25075767862718645f,0.6717728896556562f,-0.6970235084508944f,2.413277191384483f,0.4411203366205025f,-0.7202226797832183f,-0.5354364015881758f,1.0151254128683345f,0f,0f,0f,1f], start_interpolation: 0, interpolation_duration: 1 }
$data merge entity $(bone_rightarm) { transformation: [-0.9613915491773252f,0.13175325835544088f,-0.24159339412150205f,-0.7663614114090864f,0.2276632615393229f,0.8739817680465679f,-0.42933123397613737f,2.850094115827913f,0.15458243275256328f,-0.4677573602145878f,-0.8702340624506602f,0.8224739729963327f,0f,0f,0f,1f], start_interpolation: 0, interpolation_duration: 1 }
$data merge entity $(bone_chest1) { transformation: [-1.0458095465443975f,0.020991068890258275f,0.2818738698328692f,0.11369359764559356f,0.235153834245968f,0.6640452643909679f,0.8230174191294253f,2.740004048044144f,-0.15683168591561045f,0.8556952570733839f,-0.6456009296973585f,0.7179646376559494f,0f,0f,0f,1f], start_interpolation: 0, interpolation_duration: 1 }
$data merge entity $(bone_chest1lid) { transformation: [-0.9653626583486746f,0.000023585906365416326f,0.2609117423760096f,-0.3309678098688182f,0.21706507776550893f,0.5549257774525409f,0.8030816481114149f,2.0978968379979706f,-0.1447677100759481f,0.8318998623406532f,-0.5357097433843894f,0.3619017557311855f,0f,0f,0f,1f], start_interpolation: 0, interpolation_duration: 1 }
$data merge entity $(bone_chest2) { transformation: [-0.9653626583486746f,0.019376371283315333f,0.26019126446111007f,-0.3339953678818362f,0.21706507776550893f,0.6129648594378165f,0.7597083868887003f,2.002121078710812f,-0.1447677100759481f,0.7898725449908159f,-0.5959393197206386f,0.2384841705763705f,0f,0f,0f,1f], start_interpolation: 0, interpolation_duration: 1 }
$data merge entity $(bone_chest1lid3) { transformation: [-0.9653626583486746f,0.019376371283315333f,0.26019126446111007f,-0.10394761492662742f,0.21706507776550893f,0.6129648594378165f,0.7597083868887003f,2.5710184559882f,-0.1447677100759481f,0.7898725449908159f,-0.5959393197206386f,-0.010823889085101845f,0f,0f,0f,1f], start_interpolation: 0, interpolation_duration: 1 }
$data merge entity $(bone_chest3) { transformation: [-0.9653626583486746f,0.019376371283315333f,0.26019126446111007f,-0.10697517293964544f,0.21706507776550893f,0.6129648594378165f,0.7597083868887003f,2.4752426967010415f,-0.1447677100759481f,0.7898725449908159f,-0.5959393197206386f,-0.13424147423991684f,0f,0f,0f,1f], start_interpolation: 0, interpolation_duration: 1 }
$data merge entity $(bone_hugeasssword2) { transformation: [-1.019082452472682f,2.8389194446304273f,-2.498456547498737f,-0.9842682256043904f,-2.9755245153140764f,0.9951305856137743f,2.3444075486396763f,3.9199330113670614f,2.3340956689058348f,2.5080927579045063f,1.8978266264123729f,1.298210340204942f,0f,0f,0f,1f], start_interpolation: 0, interpolation_duration: 1 }
$data merge entity $(bone_belt) { transformation: [-0.9653626583486746f,0.019376371283315333f,0.26019126446111007f,0.10283507991977521f,0.21706507776550893f,0.6129648594378165f,0.7597083868887003f,2.3894417053600985f,-0.1447677100759481f,0.7898725449908159f,-0.5959393197206386f,0.4859813824035836f,0f,0f,0f,1f], start_interpolation: 0, interpolation_duration: 1 }
$data merge entity $(bone_torn_part) { transformation: [-0.9653626583486746f,-0.09740907244335481f,0.2420462981987237f,-0.028224720566641333f,0.21706507776550893f,0.21489194973825476f,0.9522101669024254f,2.2355613497321967f,-0.1447677100759481f,0.97176793656892f,-0.18630455597206863f,0.2764219513341485f,0f,0f,0f,1f], start_interpolation: 0, interpolation_duration: 1 }
$data merge entity $(bone_lowerbody) { transformation: [-0.9653626583486746f,0.08096468279802699f,0.24803156655029837f,-0.0083639990308884f,0.21706507776550893f,0.7766856810704235f,0.5913054243238649f,1.7519702077259476f,-0.1447677100759481f,0.6246631676028186f,-0.7673579589473084f,0.09345782369215432f,0f,0f,0f,1f], start_interpolation: 0, interpolation_duration: 1 }
$data merge entity $(bone_leftfoot) { transformation: [-0.9454540924228294f,-0.286628202245858f,0.15479287063114872f,0.2925384244986566f,-0.2765869490188765f,0.9573644174566988f,0.0833848416693678f,0.10614134358522298f,-0.17209363368048614f,0.036022851984590404f,-0.9844217263863813f,0.5541390201400078f,0f,0f,0f,1f], start_interpolation: 0, interpolation_duration: 1 }
$data merge entity $(bone_leftlowerleg) { transformation: [-0.9454540924228294f,-0.31289144974372723f,0.09063939429515536f,-0.06850187394689139f,-0.2765869490188765f,0.9180438932501562f,0.2840687763527093f,1.0809503629739177f,-0.17209363368048614f,0.24350431360319846f,-0.9545100473558579f,0.9709329108383264f,0f,0f,0f,1f], start_interpolation: 0, interpolation_duration: 1 }
$data merge entity $(bone_leftleg) { transformation: [-0.9482373950339247f,0.1253619040937048f,0.29177086156996135f,0.035770187162080025f,-0.15667334548405185f,0.6144993096159546f,-0.7732037644090659f,1.584565979005113f,-0.27622328915953426f,-0.7788934403906069f,-0.5630503556897662f,0.27528986210383183f,0f,0f,0f,1f], start_interpolation: 0, interpolation_duration: 1 }
$data merge entity $(bone_rightfoot) { transformation: [-0.5648098753208893f,-0.027316358529330842f,0.8247688290040417f,-0.28580952422943406f,0.18142012960264414f,0.9708901019865598f,0.15639420206480703f,0.1439571209760646f,-0.8050320126025803f,0.23796265761926788f,-0.5434125801486509f,-0.2981942806340282f,0f,0f,0f,1f], start_interpolation: 0, interpolation_duration: 1 }
$data merge entity $(bone_rightlowerleg) { transformation: [-0.5648098753208893f,-0.33434871367346886f,0.7544539365692897f,-0.7726461750788375f,0.18142012960264414f,0.841568497576785f,0.5087722481241611f,0.9994015429296187f,-0.8050320126025803f,0.4242327209813616f,-0.414668611223214f,0.23615091214394257f,0f,0f,0f,1f], start_interpolation: 0, interpolation_duration: 1 }
$data merge entity $(bone_rightleg) { transformation: [-0.6146163589291096f,0.519228215770122f,0.5938423959982138f,-0.3081300879326815f,0.04959621481423134f,0.7767643412563318f,-0.6278354670044677f,1.7005769195083476f,-0.787265486867565f,-0.35642561369911785f,-0.5031638252958801f,-0.06485750941078428f,0f,0f,0f,1f], start_interpolation: 0, interpolation_duration: 1 }
$data merge entity $(bone_sack_top) { transformation: [0.06594548107999613f,0.02659942848283471f,-0.3158693752333081f,-0.39440228048972614f,0.30462145416923647f,-0.29102877930184146f,0.061391517933707215f,1.6474691562643597f,-0.08392204438468698f,-1.035478800420257f,-0.025368596024861717f,1.9479279367218445f,0f,0f,0f,1f], start_interpolation: 0, interpolation_duration: 1 }
$data merge entity $(bone_sack_main) { transformation: [0.12158403847729528f,0.023339339799167556f,-0.7025818819489836f,-0.39440228048972614f,0.5616322149472787f,-0.25535960578423483f,0.1365519154039866f,1.6474691562643597f,-0.15472752501696757f,-0.9085680766952801f,-0.05642685659027883f,1.9479279367218445f,0f,0f,0f,1f], start_interpolation: 0, interpolation_duration: 1 }
data modify entity @s data merge value {"locators":{"lefthand":{"posx":-0.4059625419911633,"posy":1.6799036609583986,"posz":1.793931179400167,"roty":346.7785980121636,"rotx":-48.304472619032964},"righthand":{"posx":-0.7504782558916723,"posy":1.7575674959656482,"posz":1.8594764753089614,"roty":328.878107988373,"rotx":-68.32455752287338},"chest":{"posx":-0.4030013012194699,"posy":1.94766538251192,"posz":0.40112624943573594,"roty":23.58641735331358,"rotx":49.43849666211557},"sack":{"posx":-0.398166136700329,"posy":1.474870561074245,"posz":1.5771071458110577,"roty":274.59177259128677,"rotx":10.96428465902172}},"cameras":{}}