# This file was generated by Animated Java via MC-Build. It is not recommended to edit this file directly.
$data merge entity $(bone_nose) { transformation: [-0.9512402559993213f,-0.09608450907530128f,0.2931036377838123f,-0.08323959510321208f,0.06390617418561083f,0.868233179628755f,0.4920235224993825f,3.6221119348565964f,-0.30175814200664797f,0.48676371363064896f,-0.8197579586836564f,0.6408961038077796f,0f,0f,0f,1f], start_interpolation: 0, interpolation_duration: 1 }
$data merge entity $(bone_glowing_eye) { transformation: [-0.9512402559993213f,-0.09608450907530128f,0.2931036377838123f,-0.21887836368440114f,0.06390617418561083f,0.868233179628755f,0.4920235224993825f,3.6717171789529317f,-0.30175814200664797f,0.48676371363064896f,-0.8197579586836564f,0.6647401607419072f,0f,0f,0f,1f], start_interpolation: 0, interpolation_duration: 1 }
$data merge entity $(bone_head) { transformation: [-0.9512402559993213f,-0.09608450907530128f,0.2931036377838123f,-0.01649025849347699f,0.06390617418561083f,0.868233179628755f,0.4920235224993825f,3.607039079770346f,-0.30175814200664797f,0.48676371363064896f,-0.8197579586836564f,0.4272882650319642f,0f,0f,0f,1f], start_interpolation: 0, interpolation_duration: 1 }
$data merge entity $(bone_leftthumb2) { transformation: [-0.5047399603906629f,0.8430835164603758f,0.1856010685789264f,-0.4193886450512433f,-0.05099688470600662f,0.18550215744789778f,-0.9813196560410158f,2.6264965502422943f,-0.861763825032772f,-0.5047763206163524f,-0.050635718716170376f,1.5671138560504734f,0f,0f,0f,1f], start_interpolation: 0, interpolation_duration: 1 }
$data merge entity $(bone_leftthumb) { transformation: [-0.5047399603906629f,0.8430835164603758f,0.1856010685789264f,-0.19676773244762594f,-0.05099688470600662f,0.18550215744789778f,-0.9813196560410158f,2.5881284385840853f,-0.861763825032772f,-0.5047763206163524f,-0.050635718716170376f,1.4389940473095304f,0f,0f,0f,1f], start_interpolation: 0, interpolation_duration: 1 }
$data merge entity $(bone_leftpointerfinger) { transformation: [-0.7626519613301641f,0.6196081255290432f,0.1856010685789264f,-0.4094985280288208f,-0.11136687071885493f,0.1568730466773443f,-0.9813196560410158f,2.4868389685592907f,-0.6371494377189261f,-0.7690751705812333f,-0.050635718716170376f,1.69650564655991f,0f,0f,0f,1f], start_interpolation: 0, interpolation_duration: 1 }
$data merge entity $(bone_leftmidfinger) { transformation: [-0.5047399603906629f,0.8430835164603758f,0.1856010685789264f,-0.38049836106336354f,-0.05099688470600662f,0.18550215744789778f,-0.9813196560410158f,2.3335077723028816f,-0.861763825032772f,-0.5047763206163524f,-0.050635718716170376f,1.6885938155105085f,0f,0f,0f,1f], start_interpolation: 0, interpolation_duration: 1 }
$data merge entity $(bone_leftringfinger) { transformation: [-0.1436848247960048f,0.9720632255495021f,0.1856010685789264f,-0.3514981940979063f,0.023873624321573424f,0.19089730938202026f,-0.9813196560410158f,2.180176576046473f,-0.9893354947565024f,-0.13656977266219317f,-0.050635718716170376f,1.6806819844611067f,0f,0f,0f,1f], start_interpolation: 0, interpolation_duration: 1 }
$data merge entity $(bone_invisibility) { transformation: [0.8560515281331263f,-0.11141523040307724f,0.5047399603906628f,-0.41772504438230795f,0.09926862223904484f,0.9937530167949397f,0.0509968847060064f,2.52823259039906f,-0.5072686879945387f,0.006448879374365668f,0.8617638250327718f,1.481297385508732f,0f,0f,0f,1f], start_interpolation: 0, interpolation_duration: 1 }
$data merge entity $(bone_swiftness) { transformation: [0.18560106857892628f,0.8430835164603758f,0.5047399603906629f,-0.5233810136363564f,-0.9813196560410158f,0.18550215744789778f,0.050996884706006405f,2.316458955303264f,-0.05063571871617057f,-0.5047763206163524f,0.861763825032772f,1.4952750671416546f,0f,0f,0f,1f], start_interpolation: 0, interpolation_duration: 1 }
$data merge entity $(bone_suspicious_stew) { transformation: [0.8425315570703227f,0.18809079649331611f,0.5047399603906632f,-0.42244438385783933f,-0.24660155744090678f,0.9677742451718797f,0.050996884706006655f,2.3355397412609995f,-0.4788822895121278f,-0.16743614501208606f,0.8617638250327722f,1.4954645782783416f,0f,0f,0f,1f], start_interpolation: 0, interpolation_duration: 1 }
$data merge entity $(bone_log) { transformation: [-0.5047399603906629f,0.8430835164603758f,0.1856010685789264f,-0.3556782654972799f,-0.05099688470600662f,0.18550215744789778f,-0.9813196560410158f,2.307947194123876f,-0.861763825032772f,-0.5047763206163524f,-0.050635718716170376f,1.3492036302896546f,0f,0f,0f,1f], start_interpolation: 0, interpolation_duration: 1 }
$data merge entity $(bone_planks) { transformation: [-0.5047399603906629f,0.8430835164603758f,0.1856010685789264f,-0.4029976367839045f,-0.05099688470600662f,0.18550215744789778f,-0.9813196560410158f,2.3031662361826877f,-0.861763825032772f,-0.5047763206163524f,-0.050635718716170376f,1.2684132716928322f,0f,0f,0f,1f], start_interpolation: 0, interpolation_duration: 1 }
$data merge entity $(bone_lefthand1) { transformation: [-0.5047399603906629f,0.8430835164603758f,0.1856010685789264f,-0.024522429677611646f,-0.05099688470600662f,0.18550215744789778f,-0.9813196560410158f,2.3977381939136335f,-0.861763825032772f,-0.5047763206163524f,-0.050635718716170376f,1.44003287260364f,0f,0f,0f,1f], start_interpolation: 0, interpolation_duration: 1 }
$data merge entity $(bone_leftforearm) { transformation: [-0.27884329387572615f,0.9291316600815553f,0.24281840065083318f,0.6155359224724053f,0.03275269824362642f,0.2619011325985363f,-0.9645387796772951f,2.594068493020005f,-0.9597779317208212f,-0.26100221259157347f,-0.10346094337481038f,1.1759574560236383f,0f,0f,0f,1f], start_interpolation: 0, interpolation_duration: 1 }
$data merge entity $(bone_leftelbow) { transformation: [-0.27884329387572615f,0.9291316600815553f,0.24281840065083318f,0.789748108737697f,0.03275269824362642f,0.2619011325985363f,-0.9645387796772951f,2.6431749553822304f,-0.9597779317208212f,-0.26100221259157347f,-0.10346094337481038f,1.1270195411627184f,0f,0f,0f,1f], start_interpolation: 0, interpolation_duration: 1 }
$data merge entity $(bone_leftarm) { transformation: [-0.9240348334286286f,0.2529096635992163f,0.2866990210458661f,0.6668718211700919f,-0.004976913932103422f,0.7418945623282964f,-0.6704980900162338f,3.0859611744253552f,-0.3822758911286967f,-0.6209904672745277f,-0.6842777086943024f,0.7791624906042488f,0f,0f,0f,1f], start_interpolation: 0, interpolation_duration: 1 }
$data merge entity $(bone_rightthumb2) { transformation: [-0.8942313267885968f,0.1734963358584159f,0.41261283987972275f,-1.3730061077059523f,0.021012264129708427f,0.9370783941605662f,-0.3484861086953083f,1.8810673036257513f,-0.4471116403607151f,-0.3029572653711388f,-0.8416104065497244f,-0.6402838587946378f,0f,0f,0f,1f], start_interpolation: 0, interpolation_duration: 1 }
$data merge entity $(bone_rightthumb) { transformation: [-0.8942313267885968f,0.1734963358584159f,0.41261283987972275f,-1.2951965707951734f,0.021012264129708427f,0.9370783941605662f,-0.3484861086953083f,2.0810980000718446f,-0.4471116403607151f,-0.3029572653711388f,-0.8416104065497244f,-0.7865037772651424f,0f,0f,0f,1f], start_interpolation: 0, interpolation_duration: 1 }
$data merge entity $(bone_rightpointerfinger) { transformation: [-0.49492606442907167f,0.5984574715720336f,0.629997496398485f,-1.5067646073406813f,0.5150029315863964f,0.7859858173099069f,-0.3420501066292708f,1.8420377197420141f,-0.6998715390742561f,0.15516104442574075f,-0.6972122195476392f,-0.9276254274677298f,0f,0f,0f,1f], start_interpolation: 0, interpolation_duration: 1 }
$data merge entity $(bone_rightmidfinger) { transformation: [-0.41257752836822914f,0.6579383995612386f,0.629997496398485f,-1.4083274985284182f,0.613188745986208f,0.7120402280424657f,-0.3420501066292708f,1.7885923905811905f,-0.6736314607271731f,0.24518518721984384f,-0.6972122195476392f,-1.0365648367720484f,0f,0f,0f,1f], start_interpolation: 0, interpolation_duration: 1 }
$data merge entity $(bone_rightringfinger) { transformation: [-0.3536644364162614f,0.6913932462398003f,0.629997496398485f,-1.309890389716155f,0.6729137726222395f,0.6558877794030087f,-0.3420501066292708f,1.735147061420367f,-0.6496987925413386f,0.3029630338569071f,-0.6972122195476392f,-1.145504246076367f,0f,0f,0f,1f], start_interpolation: 0, interpolation_duration: 1 }
$data merge entity $(bone_hugeasssword) { transformation: [-2.1353734298468203f,2.166091003229928f,2.4674901942273997f,-1.1610148343456086f,1.741115047984274f,3.2425314374130254f,-1.3396962509646442f,1.8440191822897065f,-2.783698346187088f,0.36649341179940415f,-2.7307478598949206f,-0.8178758709536933f,0f,0f,0f,1f], start_interpolation: 0, interpolation_duration: 1 }
$data merge entity $(bone_ice) { transformation: [-0.5452017267694009f,0.5530445114629603f,0.629997496398485f,-1.1611373778564456f,0.44454001225130396f,0.8278803669990703f,-0.3420501066292708f,1.8241376138639194f,-0.7107314926435118f,0.09357278599133723f,-0.6972122195476392f,-0.808232766162253f,0f,0f,0f,1f], start_interpolation: 0, interpolation_duration: 1 }
$data merge entity $(bone_righthand1) { transformation: [-0.5452017267694009f,0.5530445114629603f,0.629997496398485f,-1.139489259920603f,0.44454001225130396f,0.8278803669990703f,-0.3420501066292708f,2.1315536428443482f,-0.7107314926435118f,0.09357278599133723f,-0.6972122195476392f,-0.9843103246861604f,0f,0f,0f,1f], start_interpolation: 0, interpolation_duration: 1 }
$data merge entity $(bone_rightforearm) { transformation: [-0.7146173893184602f,0.27934980742920507f,0.6413155790817299f,-0.9084283956626915f,0.4206675306719192f,0.9041154646939034f,0.07492699873688591f,2.7397973739349903f,-0.5588924901285206f,0.3233247772605642f,-0.7636100267069235f,-0.7101104033744979f,0f,0f,0f,1f], start_interpolation: 0, interpolation_duration: 1 }
$data merge entity $(bone_rightelbow) { transformation: [-0.7146173893184602f,0.27934980742920507f,0.6413155790817299f,-0.8560503067697156f,0.4206675306719192f,0.9041154646939034f,0.07492699873688591f,2.9093190235650974f,-0.5588924901285206f,0.3233247772605642f,-0.7636100267069235f,-0.6494870076381422f,0f,0f,0f,1f], start_interpolation: 0, interpolation_duration: 1 }
$data merge entity $(bone_rightarm) { transformation: [-0.5929755686156216f,0.1287070779340342f,0.7948675758355368f,-0.7255945475717868f,0.529929750122676f,0.8056122719859758f,0.2648836105924872f,3.171064197694528f,-0.6062626781848761f,0.5782934854511822f,-0.5459141047132092f,-0.1540023562787392f,0f,0f,0f,1f], start_interpolation: 0, interpolation_duration: 1 }
$data merge entity $(bone_chest1) { transformation: [-0.8856609148477573f,-0.1351595437549915f,0.6090548027510226f,0.10944615231276808f,0.11854976796702914f,1.0018738060965162f,0.39472261182221935f,3.0298076147298274f,-0.6125045367481846f,0.38934802619344755f,-0.8042744668788567f,0.12935686885008163f,0f,0f,0f,1f], start_interpolation: 0, interpolation_duration: 1 }
$data merge entity $(bone_chest1lid) { transformation: [-0.8175331521671607f,0.28171395161873597f,0.5022716342488223f,-0.30441416539315985f,0.10943055504648844f,0.9322825579568224f,-0.3447813593448774f,2.2925307942191666f,-0.5653888031521704f,-0.2269063277937406f,-0.7930000124068826f,-0.018794201941141356f,0f,0f,0f,1f], start_interpolation: 0, interpolation_duration: 1 }
$data merge entity $(bone_chest2) { transformation: [-0.8175331521671607f,-0.12476265577383831f,0.5622044333086363f,-0.28492000042849763f,0.10943055504648844f,0.9248065902429382f,0.36435933398974096f,2.1480297644937076f,-0.5653888031521704f,0.35939817802472085f,-0.7424072001958678f,-0.07495016725750399f,0f,0f,0f,1f], start_interpolation: 0, interpolation_duration: 1 }
$data merge entity $(bone_chest1lid3) { transformation: [-0.8175331521671607f,-0.12476265577383831f,0.5622044333086363f,0.1068438717056328f,0.10943055504648844f,0.9248065902429382f,0.36435933398974096f,2.519109082865939f,-0.5653888031521704f,0.35939817802472085f,-0.7424072001958678f,-0.4590620143696084f,0f,0f,0f,1f], start_interpolation: 0, interpolation_duration: 1 }
$data merge entity $(bone_chest3) { transformation: [-0.8175331521671607f,-0.12476265577383831f,0.5622044333086363f,0.12633803667029503f,0.10943055504648844f,0.9248065902429382f,0.36435933398974096f,2.37460805314048f,-0.5653888031521704f,0.35939817802472085f,-0.7424072001958678f,-0.515217979685971f,0f,0f,0f,1f], start_interpolation: 0, interpolation_duration: 1 }
$data merge entity $(bone_hugeasssword2) { transformation: [-2.20196736379216f,2.030635926945208f,-2.523516443134731f,-0.8936141162662593f,-1.4270740581264854f,2.1310959651218964f,2.960095842678301f,4.33421534599863f,2.907761534100482f,2.583645776304935f,-0.4582304454802816f,-0.34690793914400236f,0f,0f,0f,1f], start_interpolation: 0, interpolation_duration: 1 }
$data merge entity $(bone_belt) { transformation: [-0.8175331521671607f,-0.12476265577383831f,0.5622044333086363f,0.1117334601034513f,0.10943055504648844f,0.9248065902429382f,0.36435933398974096f,2.6102289340308205f,-0.5653888031521704f,0.35939817802472085f,-0.7424072001958678f,0.10148944775009423f,0f,0f,0f,1f], start_interpolation: 0, interpolation_duration: 1 }
$data merge entity $(bone_torn_part) { transformation: [-0.8175331521671607f,-0.3827331662800099f,0.43029625670798555f,0.03724533965613312f,0.10943055504648844f,0.6303355272509543f,0.768571451920691f,2.3504465583714818f,-0.5653888031521704f,0.675420199960395f,-0.4734374876957004f,-0.05841012837327783f,0f,0f,0f,1f], start_interpolation: 0, interpolation_duration: 1 }
$data merge entity $(bone_lowerbody) { transformation: [-0.8175331521671607f,-0.01660151291974187f,0.5756421934469379f,0.04423908557432449f,0.10943055504648844f,0.9768932344044785f,0.18358802302158486f,1.836944265381251f,-0.5653888031521704f,0.21308213989805003f,-0.7968258924800474f,0.004813249442463238f,0f,0f,0f,1f], start_interpolation: 0, interpolation_duration: 1 }
$data merge entity $(bone_leftfoot) { transformation: [-0.9773816798028436f,-0.18354403064497182f,0.10498072168589782f,0.2592535043126929f,-0.17028474674925773f,0.9775914642420039f,0.12377255683354234f,0.1725912954279858f,-0.12534480615761848f,0.10311748846207876f,-0.9867469484745881f,0.6150133750848138f,0f,0f,0f,1f], start_interpolation: 0, interpolation_duration: 1 }
$data merge entity $(bone_leftlowerleg) { transformation: [-0.9773816798028436f,-0.18293858568839794f,0.10603224498907386f,0.04001462026312705f,-0.17028474674925773f,0.9782856266367584f,0.1181606935485009f,1.2397220388674468f,-0.12534480615761848f,0.0974534272925815f,-0.9873224327744041f,0.8748235432476652f,0f,0f,0f,1f], start_interpolation: 0, interpolation_duration: 1 }
$data merge entity $(bone_leftleg) { transformation: [-0.97051371272008f,0.16376276297651754f,0.17683206035149635f,0.17359806488572974f,-0.055113110318858155f,0.5634455539724095f,-0.8243234810854511f,1.6988555964908294f,-0.23462476422967093f,-0.8097493233511114f,-0.5378243378634221f,0.15418732342111158f,0f,0f,0f,1f], start_interpolation: 0, interpolation_duration: 1 }
$data merge entity $(bone_rightfoot) { transformation: [-0.4889083407877175f,0.008888316684164094f,0.8722933156631325f,-0.31316621203265993f,0.14946098491939883f,0.986003891099289f,0.07372474127558112f,0.15511356022611367f,-0.8594356783629813f,0.16641759095864989f,-0.48339942955751525f,-0.257807858540975f,0f,0f,0f,1f], start_interpolation: 0, interpolation_duration: 1 }
$data merge entity $(bone_rightlowerleg) { transformation: [-0.4889083407877175f,-0.209507642342042f,0.8468064587167119f,-0.6756968603594287f,0.14946098491939883f,0.9362478143471316f,0.3179293016840519f,1.1449150330044031f,-0.8594356783629813f,0.28200333613179435f,-0.4264316375312107f,0.1205589479484907f,0f,0f,0f,1f], start_interpolation: 0, interpolation_duration: 1 }
$data merge entity $(bone_rightleg) { transformation: [-0.6050633588050289f,0.5642044105111738f,0.5617529133497963f,-0.1707197538474383f,0.07275637025152049f,0.741786676077876f,-0.6666706377704193f,1.814917680147134f,-0.7928460395432397f,-0.3625038094277584f,-0.48988154188313593f,-0.18585420541252784f,0f,0f,0f,1f], start_interpolation: 0, interpolation_duration: 1 }
$data merge entity $(bone_sack_top) { transformation: [-0.039999999999999994f,0f,4.898587196589412e-18f,-0.11048945674189813f,0f,0.09999999999999998f,0f,0.48324155454282436f,-4.898587196589412e-18f,0f,-0.039999999999999994f,-0.20103850188078706f,0f,0f,0f,1f], start_interpolation: 0, interpolation_duration: 1 }
$data merge entity $(bone_sack_main) { transformation: [-0.05833333333333333f,0f,7.143772995026226e-18f,-0.11048945674189813f,0f,0.05833333333333333f,0f,0.48324155454282436f,-7.143772995026226e-18f,0f,-0.05833333333333333f,-0.20103850188078706f,0f,0f,0f,1f], start_interpolation: 0, interpolation_duration: 1 }
data modify entity @s data merge value {"locators":{"lefthand":{"posx":-0.37712481063066783,"posy":2.313568915640088,"posz":1.4702208220395698,"roty":74.73992623711649,"rotx":-78.9080358802286},"righthand":{"posx":-1.230735071113912,"posy":1.858222142194201,"posz":-0.865431977448265,"roty":42.10081040958687,"rotx":-20.00182695996672},"chest":{"posx":-0.4100088531169932,"posy":2.181218941238289,"posz":0.05707613686441261,"roty":37.13563949411494,"rotx":21.36816034647333},"sack":{"posx":-0.10423945674189813,"posy":0.5207415545428243,"posz":-0.20103850188078706,"roty":0,"rotx":0}},"cameras":{}}