# This file was generated by Animated Java via MC-Build. It is not recommended to edit this file directly.
$data merge entity $(bone_nose) { transformation: [-0.9883056786768452f,0.13807277690254433f,-0.06471316538016286f,0.4345732868632195f,0.13864452175756725f,0.9903324040728136f,-0.004407497019464579f,3.8251953983901754f,0.06347898929343126f,-0.013328080198639153f,-0.9978941728442465f,-0.1084217175133142f,0f,0f,0f,1f], start_interpolation: 0, interpolation_duration: 1 }
$data merge entity $(bone_glowing_eye) { transformation: [-0.9883056786768452f,0.13807277690254433f,-0.06471316538016286f,0.3226419322178976f,0.13864452175756725f,0.9903324040728136f,-0.004407497019464579f,3.909733316179564f,0.06347898929343126f,-0.013328080198639153f,-0.9978941728442465f,-0.0665671223264768f,0f,0f,0f,1f], start_interpolation: 0, interpolation_duration: 1 }
$data merge entity $(bone_head) { transformation: [-0.9883056786768452f,0.13807277690254433f,-0.06471316538016286f,0.4054066280654588f,0.13864452175756725f,0.9903324040728136f,-0.004407497019464579f,3.7020869220696477f,0.06347898929343126f,-0.013328080198639153f,-0.9978941728442465f,-0.29363668115658625f,0f,0f,0f,1f], start_interpolation: 0, interpolation_duration: 1 }
$data merge entity $(bone_leftthumb2) { transformation: [-0.6980343372410587f,0.21732551925444588f,-0.6822885626428319f,1.0092603352842993f,0.0987040671425006f,-0.9145334649091794f,-0.3922831231275943f,3.940536214066217f,-0.7092288566901129f,-0.3411717459608813f,0.6169248484183785f,0.47493460762581285f,0f,0f,0f,1f], start_interpolation: 0, interpolation_duration: 1 }
$data merge entity $(bone_leftthumb) { transformation: [-0.6980343372410587f,0.21732551925444588f,-0.6822885626428319f,1.004251114098008f,0.0987040671425006f,-0.9145334649091794f,-0.3922831231275943f,3.682730205803551f,-0.7092288566901129f,-0.3411717459608813f,0.6169248484183785f,0.44398565095071496f,0f,0f,0f,1f], start_interpolation: 0, interpolation_duration: 1 }
$data merge entity $(bone_leftpointerfinger) { transformation: [-0.7302674210043361f,-0.034522617317556376f,-0.6822885626428319f,0.9773064073545008f,0.4055403502797226f,-0.82562156924602f,-0.3922831231275943f,3.953627470236558f,-0.5497695136279165f,-0.5631671273159372f,0.6169248484183785f,0.6624228885642217f,0f,0f,0f,1f], start_interpolation: 0, interpolation_duration: 1 }
$data merge entity $(bone_leftmidfinger) { transformation: [-0.6980343372410587f,0.21732551925444588f,-0.6822885626428319f,0.8706988194415582f,0.0987040671425006f,-0.9145334649091794f,-0.3922831231275943f,3.8923332322478714f,-0.7092288566901129f,-0.3411717459608813f,0.6169248484183785f,0.7588173961295933f,0f,0f,0f,1f], start_interpolation: 0, interpolation_duration: 1 }
$data merge entity $(bone_leftringfinger) { transformation: [-0.5617327615182784f,0.467908775215669f,-0.6822885626428319f,0.7640912315286158f,-0.258786137955607f,-0.8826911612287064f,-0.3922831231275943f,3.8310389942591847f,-0.7858027993326764f,-0.04379145995385775f,0.6169248484183785f,0.855211903694965f,0f,0f,0f,1f], start_interpolation: 0, interpolation_duration: 1 }
$data merge entity $(bone_invisibility) { transformation: [0.15703316359594627f,0.6986334157220686f,0.6980343372410585f,0.8915164653728459f,-0.9452431159335543f,0.31108352400883177f,-0.09870406714250071f,3.884366232699073f,-0.2861049410815438f,-0.6443123400391781f,0.7092288566901129f,0.4728479167072799f,0f,0f,0f,1f], start_interpolation: 0, interpolation_duration: 1 }
$data merge entity $(bone_swiftness) { transformation: [-0.682288562642832f,0.21732551925444588f,0.6980343372410586f,0.6978020075613073f,-0.3922831231275943f,-0.9145334649091794f,-0.09870406714250068f,3.9397972272805633f,0.6169248484183784f,-0.3411717459608813f,0.709228856690113f,0.597782882265444f,0f,0f,0f,1f], start_interpolation: 0, interpolation_duration: 1 }
$data merge entity $(bone_suspicious_stew) { transformation: [-0.09138379592758628f,0.7102091705084506f,0.6980343372410588f,0.7534002261622628f,-0.9946348123591949f,-0.030969294030020633f,-0.09870406714250073f,3.8536819032802665f,-0.048482903018016776f,-0.7033092043710085f,0.709228856690113f,0.6045137513776422f,0f,0f,0f,1f], start_interpolation: 0, interpolation_duration: 1 }
$data merge entity $(bone_log) { transformation: [-0.6980343372410587f,0.21732551925444588f,-0.6822885626428319f,0.6831429205788365f,0.0987040671425006f,-0.9145334649091794f,-0.3922831231275943f,3.7302304550646226f,-0.7092288566901129f,-0.3411717459608813f,0.6169248484183785f,0.5242954300874454f,0f,0f,0f,1f], start_interpolation: 0, interpolation_duration: 1 }
$data merge entity $(bone_planks) { transformation: [-0.6980343372410587f,0.21732551925444588f,-0.6822885626428319f,0.6177022014624872f,0.0987040671425006f,-0.9145334649091794f,-0.3922831231275943f,3.739483961359232f,-0.7092288566901129f,-0.3411717459608813f,0.6169248484183785f,0.45780522477274727f,0f,0f,0f,1f], start_interpolation: 0, interpolation_duration: 1 }
$data merge entity $(bone_lefthand1) { transformation: [-0.6980343372410587f,0.21732551925444588f,-0.6822885626428319f,0.9333044022853011f,0.0987040671425006f,-0.9145334649091794f,-0.3922831231275943f,3.48917991964944f,-0.7092288566901129f,-0.3411717459608813f,0.6169248484183785f,0.5970308062566789f,0f,0f,0f,1f], start_interpolation: 0, interpolation_duration: 1 }
$data merge entity $(bone_leftforearm) { transformation: [-0.621991011742197f,0.3453934501402187f,-0.7027307776895463f,1.1342982870961065f,-0.049632479795182746f,-0.91304295846999f,-0.40483227753941364f,2.8349590155100244f,-0.7814498053370409f,-0.21692376676750835f,0.5850472469383107f,0.3744267339629312f,0f,0f,0f,1f], start_interpolation: 0, interpolation_duration: 1 }
$data merge entity $(bone_leftelbow) { transformation: [-0.621991011742197f,0.3453934501402187f,-0.7027307776895463f,1.1990595589973976f,-0.049632479795182746f,-0.91304295846999f,-0.40483227753941364f,2.6637634607969014f,-0.7814498053370409f,-0.21692376676750835f,0.5850472469383107f,0.3337535276940234f,0f,0f,0f,1f], start_interpolation: 0, interpolation_duration: 1 }
$data merge entity $(bone_leftarm) { transformation: [-0.7570499077761617f,-0.02022520750046155f,0.653043932762313f,0.9422743686698931f,-0.10197290720476371f,0.9909294256728811f,-0.08752370839848148f,3.155867358662258f,-0.6453502640677493f,-0.13285260372750335f,-0.7522454535259813f,0.1786475472215388f,0f,0f,0f,1f], start_interpolation: 0, interpolation_duration: 1 }
$data merge entity $(bone_rightthumb2) { transformation: [0.21806536535320753f,-0.9421400575824783f,0.25459695271518235f,0.5640790862554411f,0.9616422386567854f,0.16294919842484135f,-0.22066210269067052f,3.6744619366327242f,0.16640823676891311f,0.29294994560707216f,0.9415352505903724f,-0.030164998315594882f,0f,0f,0f,1f], start_interpolation: 0, interpolation_duration: 1 }
$data merge entity $(bone_rightthumb) { transformation: [0.21806536535320753f,-0.9421400575824783f,0.25459695271518235f,0.35478352227042786f,0.9616422386567854f,0.16294919842484135f,-0.22066210269067052f,3.6955667737867404f,0.16640823676891311f,0.29294994560707216f,0.9415352505903724f,0.12214002739727425f,0f,0f,0f,1f], start_interpolation: 0, interpolation_duration: 1 }
$data merge entity $(bone_rightpointerfinger) { transformation: [-0.3541529186007816f,-0.9157904604028605f,0.18948230229144192f,0.6432856812094727f,0.7908136868381422f,-0.40141971487445127f,-0.4620345498115687f,3.8725005610394265f,0.49918876485355046f,-0.013785686244490489f,0.8663835939690662f,0.20750460489245892f,0f,0f,0f,1f], start_interpolation: 0, interpolation_duration: 1 }
$data merge entity $(bone_rightmidfinger) { transformation: [-0.47065773295511554f,-0.861729514132994f,0.18948230229144192f,0.6728922909425105f,0.7316523792551329f,-0.5012074128648979f,-0.4620345498115687f,3.800307662631369f,0.49311874263695826f,-0.07882495646297635f,0.8663835939690662f,0.34287704145012554f,0f,0f,0f,1f], start_interpolation: 0, interpolation_duration: 1 }
$data merge entity $(bone_rightringfinger) { transformation: [-0.5439714140376064f,-0.8174298488728325f,0.18948230229144192f,0.7024989006755483f,0.6851851167213022f,-0.5630678738873641f,-0.4620345498115687f,3.7281147642233115f,0.4843722293170233f,-0.12150313398304508f,0.8663835939690662f,0.4782494780077921f,0f,0f,0f,1f], start_interpolation: 0, interpolation_duration: 1 }
$data merge entity $(bone_hugeasssword) { transformation: [-1.0692063763475579f,-3.6940905757093185f,0.7421390173081476f,0.5508624713801934f,3.2225958720224193f,-1.296292263212809f,-1.809635320095311f,3.5217453198412665f,1.952421918587162f,0.11661459843430322f,3.3933357430455096f,0.2029760364791894f,0f,0f,0f,1f], start_interpolation: 0, interpolation_duration: 1 }
$data merge entity $(bone_ice) { transformation: [-0.272988862046185f,-0.9431720618832302f,0.18948230229144192f,0.5698649858165905f,0.8227904354099793f,-0.3309682374160363f,-0.4620345498115687f,3.514060597997611f,0.49849070261799877f,0.029773940025779544f,0.8663835939690662f,0.1947219014378804f,0f,0f,0f,1f], start_interpolation: 0, interpolation_duration: 1 }
$data merge entity $(bone_righthand1) { transformation: [-0.272988862046185f,-0.9431720618832302f,0.18948230229144192f,0.2717460767808443f,0.8227904354099793f,-0.3309682374160363f,-0.4620345498115687f,3.6225775678144854f,0.49849070261799877f,0.029773940025779544f,0.8663835939690662f,0.3538625494103583f,0f,0f,0f,1f], start_interpolation: 0, interpolation_duration: 1 }
$data merge entity $(bone_rightforearm) { transformation: [-0.3127167436893963f,-0.9211576124582694f,-0.23168273830063696f,-0.3527780302123418f,0.8986725129557528f,-0.2079514075716875f,-0.3861915671616175f,3.426228945542808f,0.30756455041843295f,-0.3289754779601891f,0.8928489134376392f,0.08937811779598515f,0f,0f,0f,1f], start_interpolation: 0, interpolation_duration: 1 }
$data merge entity $(bone_rightelbow) { transformation: [-0.3127167436893963f,-0.9211576124582694f,-0.23168273830063696f,-0.5254950825482673f,0.8986725129557528f,-0.2079514075716875f,-0.3861915671616175f,3.387238056623117f,0.30756455041843295f,-0.3289754779601891f,0.8928489134376392f,0.02769521567844968f,0f,0f,0f,1f], start_interpolation: 0, interpolation_duration: 1 }
$data merge entity $(bone_rightarm) { transformation: [-0.46856666719737416f,-0.3147891053687161f,-0.825441153282721f,-0.4948970380134594f,0.8409033900901439f,0.12747534420227058f,-0.5259577218326731f,3.3030340072416045f,0.2707891558509096f,-0.9405625209212176f,0.20497652868530103f,-0.5406424645426535f,0f,0f,0f,1f], start_interpolation: 0, interpolation_duration: 1 }
$data merge entity $(bone_chest1) { transformation: [-0.9321388528162317f,0.2074670673107764f,0.5115522320966024f,0.31622469410860476f,0.10228053279136742f,1.0514393089917087f,-0.2400524593293364f,3.0469250886712436f,-0.5424637893845674f,-0.15825266695893142f,-0.9242836370498139f,-0.2685604903727743f,0f,0f,0f,1f], start_interpolation: 0, interpolation_duration: 1 }
$data merge entity $(bone_chest1lid) { transformation: [-0.8604358641380601f,0.13542630566549174f,0.4912329787776738f,-0.2932191146424673f,0.09441279949972378f,0.9897143531225425f,-0.10747893986196518f,2.5025432078608856f,-0.5007358055857546f,-0.046100053763783996f,-0.8643717013226206f,-0.005819507214626162f,0f,0f,0f,1f], start_interpolation: 0, interpolation_duration: 1 }
$data merge entity $(bone_chest2) { transformation: [-0.8604358641380601f,0.1915080621330244f,0.47220206039686374f,-0.32314224935075236f,0.09441279949972378f,0.9705593621461928f,-0.22158688553477207f,2.350893307525543f,-0.5007358055857546f,-0.14607938488516747f,-0.8531848957382898f,0.017005396673681256f,0f,0f,0f,1f], start_interpolation: 0, interpolation_duration: 1 }
$data merge entity $(bone_chest1lid3) { transformation: [-0.8604358641380601f,0.1915080621330244f,0.47220206039686374f,0.06306257180790226f,0.09441279949972378f,0.9705593621461928f,-0.22158688553477207f,2.354688309346439f,-0.5007358055857546f,-0.14607938488516747f,-0.8531848957382898f,-0.5210950931978584f,0f,0f,0f,1f], start_interpolation: 0, interpolation_duration: 1 }
$data merge entity $(bone_chest3) { transformation: [-0.8604358641380601f,0.1915080621330244f,0.47220206039686374f,0.0331394370996172f,0.09441279949972378f,0.9705593621461928f,-0.22158688553477207f,2.2030384090110964f,-0.5007358055857546f,-0.14607938488516747f,-0.8531848957382898f,-0.49827018930955097f,0f,0f,0f,1f], start_interpolation: 0, interpolation_duration: 1 }
$data merge entity $(bone_hugeasssword2) { transformation: [-1.8494580698877172f,2.9913965993012517f,-1.723754336091394f,-0.39656921444722154f,0.8678819683445244f,2.2955269357655883f,3.0524768228399144f,4.230682037740175f,3.341640841641635f,1.0594244902971293f,-1.7468068046034833f,-1.281023787774719f,0f,0f,0f,1f], start_interpolation: 0, interpolation_duration: 1 }
$data merge entity $(bone_belt) { transformation: [-0.8604358641380601f,0.1915080621330244f,0.47220206039686374f,0.20568754269156858f,0.09441279949972378f,0.9705593621461928f,-0.22158688553477207f,2.6863045312792893f,-0.5007358055857546f,-0.14607938488516747f,-0.8531848957382898f,-0.08265071124392931f,0f,0f,0f,1f], start_interpolation: 0, interpolation_duration: 1 }
$data merge entity $(bone_torn_part) { transformation: [-0.8604358641380601f,-0.19351174386656528f,0.47138448074868833f,0.05144801159888844f,0.09441279949972378f,0.8485223647306442f,0.5206688197333699f,2.4122333835210332f,-0.5007358055857546f,0.4925068543052334f,-0.7118290886629662f,-0.11583832218886693f,0f,0f,0f,1f], start_interpolation: 0, interpolation_duration: 1 }
$data merge entity $(bone_lowerbody) { transformation: [-0.8604358641380601f,0.15476150755653456f,0.4854884133363209f,-0.0083639990308884f,0.09441279949972378f,0.9846853084388092f,-0.1465642065287158f,1.9428206018518517f,-0.5007358055857546f,-0.08027277946848357f,-0.8618700214538092f,0.09345782369215432f,0f,0f,0f,1f], start_interpolation: 0, interpolation_duration: 1 }
$data merge entity $(bone_leftfoot) { transformation: [-0.9742370654316078f,-0.22247676942529857f,0.03692656197975471f,0.22378568517147845f,-0.21063979981040606f,0.9561667185238467f,0.20341019274981798f,0.2125993996161808f,-0.08056194792482209f,0.19039521438223683f,-0.9783979077675942f,0.6207698097615302f,0f,0f,0f,1f], start_interpolation: 0, interpolation_duration: 1 }
$data merge entity $(bone_leftlowerleg) { transformation: [-0.9742370654316078f,-0.2216271716937639f,0.041723862244344434f,-0.02849264731823703f,-0.21063979981040606f,0.9603376420947f,0.18270772644628697f,1.2499017284928198f,-0.08056194792482209f,0.1692155495617495f,-0.9822824957058833f,0.9594167180358864f,0f,0f,0f,1f], start_interpolation: 0, interpolation_duration: 1 }
$data merge entity $(bone_leftleg) { transformation: [-0.9799672236512968f,0.0837844446712876f,0.1806706493340297f,0.0357874736357042f,-0.08642927722901661f,0.6383864149259522f,-0.7648495784064406f,1.7754227936588378f,-0.17941968330490587f,-0.7651406107504086f,-0.6183597938026562f,0.2752816570631929f,0f,0f,0f,1f], start_interpolation: 0, interpolation_duration: 1 }
$data merge entity $(bone_rightfoot) { transformation: [-0.497364116352596f,0.04480877149463128f,0.8663846193429339f,-0.29325179570601057f,0.17165105425635388f,0.9840028483508454f,0.04764810378949175f,0.16927737182547198f,-0.8503909633612814f,0.17241386139295944f,-0.49710023267779585f,-0.28321184114908204f,0f,0f,0f,1f], start_interpolation: 0, interpolation_duration: 1 }
$data merge entity $(bone_rightlowerleg) { transformation: [-0.497364116352596f,-0.25397859092126734f,0.8295330071736182f,-0.7024634123546116f,0.17165105425635388f,0.908472024924182f,0.38106499089717977f,1.1185645557837198f,-0.8503909633612814f,0.3319182243202406f,-0.40824682888278246f,0.14773527813414802f,0f,0f,0f,1f], start_interpolation: 0, interpolation_duration: 1 }
$data merge entity $(bone_rightleg) { transformation: [-0.6050050610430422f,0.441724483047352f,0.6624558938295136f,-0.3081819330357106f,0.0727394646394105f,0.8591819151497411f,-0.5064714617856039f,1.8914422017963062f,-0.7928920773953265f,-0.25823074934361895f,-0.5519409815617006f,-0.0648481903635433f,0f,0f,0f,1f], start_interpolation: 0, interpolation_duration: 1 }
$data merge entity $(bone_sack_top) { transformation: [-0.29466975763192466f,-0.5417995133299193f,-0.038246458127498204f,0.9737284900025615f,0.0824041987697786f,-0.6253279776854619f,0.26752831223770734f,3.8585430792359023f,-0.15676781398381845f,0.6896969317929375f,0.21251511977023357f,0.2910226988447021f,0f,0f,0f,1f], start_interpolation: 0, interpolation_duration: 1 }
$data merge entity $(bone_sack_main) { transformation: [-0.5234789211485973f,-0.2895125970888786f,-0.06794458582799828f,0.9737284900025615f,0.1463905268622816f,-0.33414634453872816f,0.4752623187135222f,3.8585430792359023f,-0.2784970089722649f,0.36854213600228053f,0.3775317376276086f,0.2910226988447021f,0f,0f,0f,1f], start_interpolation: 0, interpolation_duration: 1 }
data modify entity @s data merge value {"locators":{"lefthand":{"posx":0.7422658422947264,"posy":3.7985542995149117,"posz":0.6078002272988001,"roty":227.88013499722746,"rotx":-23.096636782704365},"righthand":{"posx":0.5560486824933824,"posy":3.603587869867728,"posz":0.2274529433396483,"roty":167.6633809891554,"rotx":-27.518471402554066},"chest":{"posx":-0.4058585612171057,"posy":2.479456598575923,"posz":0.12097260037524976,"roty":28.96268863624229,"rotx":-12.802255526661618},"sack":{"posx":0.8282556831583437,"posy":3.6079087592829517,"posz":0.5803572038751244,"roty":190.20233803797316,"rotx":51.09206544722418}},"cameras":{}}