# This file was generated by Animated Java via MC-Build. It is not recommended to edit this file directly.
$data merge entity $(bone_nose) { transformation: [-0.9521737160604137f,-0.10086933403108844f,0.28842779320971706f,-0.29819644474201334f,0.03534965202369153f,0.9012379345969131f,0.43188029284200286f,3.472615677221586f,-0.3035055461527951f,0.4214208854525543f,-0.8545693773818944f,0.8454861577590138f,0f,0f,0f,1f], start_interpolation: 0, interpolation_duration: 1 }
$data merge entity $(bone_glowing_eye) { transformation: [-0.9521737160604137f,-0.10086933403108844f,0.28842779320971706f,-0.4341127008382326f,0.03534965202369153f,0.9012379345969131f,0.43188029284200286f,3.5229847817110724f,-0.3035055461527951f,0.4214208854525543f,-0.8545693773818944f,0.8659023150093488f,0f,0f,0f,1f], start_interpolation: 0, interpolation_duration: 1 }
$data merge entity $(bone_head) { transformation: [-0.9521737160604137f,-0.10086933403108844f,0.28842779320971706f,-0.23173186817503788f,0.03534965202369153f,0.9012379345969131f,0.43188029284200286f,3.4422053776622343f,-0.3035055461527951f,0.4214208854525543f,-0.8545693773818944f,0.6334280350019529f,0f,0f,0f,1f], start_interpolation: 0, interpolation_duration: 1 }
$data merge entity $(bone_leftthumb2) { transformation: [-0.8828168758802445f,0.36115484777171347f,0.3003357114830587f,-0.009468459547829516f,-0.29086930304191105f,0.08172529459314311f,-0.9532659779786419f,2.6114233292865516f,-0.3688216536606244f,-0.928917731639704f,0.0329003896084544f,2.4710496694754385f,0f,0f,0f,1f], start_interpolation: 0, interpolation_duration: 1 }
$data merge entity $(bone_leftthumb) { transformation: [-0.8828168758802445f,0.36115484777171347f,0.3003357114830587f,0.10476799727088842f,-0.29086930304191105f,0.08172529459314311f,-0.9532659779786419f,2.5500021175327006f,-0.3688216536606244f,-0.928917731639704f,0.0329003896084544f,2.246051147718753f,0f,0f,0f,1f], start_interpolation: 0, interpolation_duration: 1 }
$data merge entity $(bone_leftpointerfinger) { transformation: [-0.9530987365675765f,0.03743339099325699f,0.3003357114830587f,0.09690039512096506f,-0.3012794346517033f,-0.02268650445470069f,-0.9532659779786419f,2.510315492546786f,-0.02887041061777823f,-0.9990415725856315f,0.0329003896084544f,2.5927343525450577f,0f,0f,0f,1f], start_interpolation: 0, interpolation_duration: 1 }
$data merge entity $(bone_leftmidfinger) { transformation: [-0.8828168758802445f,0.36115484777171347f,0.3003357114830587f,0.143827850040193f,-0.29086930304191105f,0.08172529459314311f,-0.9532659779786419f,2.361367683487623f,-0.3688216536606244f,-0.928917731639704f,0.0329003896084544f,2.5978750384213787f,0f,0f,0f,1f], start_interpolation: 0, interpolation_duration: 1 }
$data merge entity $(bone_leftringfinger) { transformation: [-0.6774084658207442f,0.671502964135193f,0.3003357114830587f,0.19075530495942092f,-0.23745327947029246f,0.1868151902207802f,-0.9532659779786419f,2.2124198744284604f,-0.6962282028926927f,-0.7170661432953186f,0.0329003896084544f,2.6030157242976997f,0f,0f,0f,1f], start_interpolation: 0, interpolation_duration: 1 }
$data merge entity $(bone_invisibility) { transformation: [0.38595652654826446f,-0.26771612442257403f,0.8828168758802444f,-0.03851194861539521f,-0.0016682991731261226f,0.9567613418851021f,0.2908693030419108f,2.494505764134385f,-0.9225154613298718f,-0.11373570854562329f,0.3688216536606243f,2.4209517784103336f,0f,0f,0f,1f], start_interpolation: 0, interpolation_duration: 1 }
$data merge entity $(bone_swiftness) { transformation: [0.3003357114830585f,0.36115484777171347f,0.8828168758802446f,-0.07708532528724811f,-0.953265977978642f,0.08172529459314311f,0.29086930304191083f,2.289552026992137f,0.03290038960845432f,-0.928917731639704f,0.3688216536606244f,2.5337023535223433f,0f,0f,0f,1f], start_interpolation: 0, interpolation_duration: 1 }
$data merge entity $(bone_suspicious_stew) { transformation: [0.45424480718716637f,-0.1195659600577802f,0.8828168758802447f,0.0008718637983792243f,-0.3287993397022518f,0.8984909809003516f,0.2908693030419111f,2.311937520079336f,-0.8279810682345682f,-0.422395476344367f,0.36882165366062436f,2.47066362013253f,0f,0f,0f,1f], start_interpolation: 0, interpolation_duration: 1 }
$data merge entity $(bone_log) { transformation: [-0.8828168758802445f,0.36115484777171347f,0.3003357114830587f,-0.02266962586816114f,-0.29086930304191105f,0.08172529459314311f,-0.9532659779786419f,2.250199842025551f,-0.3688216536606244f,-0.928917731639704f,0.0329003896084544f,2.3215140794097797f,0f,0f,0f,1f], start_interpolation: 0, interpolation_duration: 1 }
$data merge entity $(bone_planks) { transformation: [-0.8828168758802445f,0.36115484777171347f,0.3003357114830587f,-0.10543370798193408f,-0.29086930304191105f,0.08172529459314311f,-0.9532659779786419f,2.2229308448653717f,-0.3688216536606244f,-0.928917731639704f,0.0329003896084544f,2.2869370493790964f,0f,0f,0f,1f], start_interpolation: 0, interpolation_duration: 1 }
$data merge entity $(bone_lefthand1) { transformation: [-0.8828168758802445f,0.36115484777171347f,0.3003357114830587f,0.2789378140609828f,-0.29086930304191105f,0.08172529459314311f,-0.9532659779786419f,2.373138053246147f,-0.3688216536606244f,-0.928917731639704f,0.0329003896084544f,2.1804619227397457f,0f,0f,0f,1f], start_interpolation: 0, interpolation_duration: 1 }
$data merge entity $(bone_leftforearm) { transformation: [-0.7274237171312737f,0.5912132568610431f,0.34831253303129706f,0.6401529721762411f,-0.20805954724320638f,0.29367405616443987f,-0.9329880886361182f,2.572374108167952f,-0.6538852808833305f,-0.7511474113965131f,-0.09061791101346534f,1.5907291780892068f,0f,0f,0f,1f], start_interpolation: 0, interpolation_duration: 1 }
$data merge entity $(bone_leftelbow) { transformation: [-0.7274237171312737f,0.5912132568610431f,0.34831253303129706f,0.7510054578376867f,-0.20805954724320638f,0.29367405616443987f,-0.9329880886361182f,2.627437993698784f,-0.6538852808833305f,-0.7511474113965131f,-0.09061791101346534f,1.4498890384523606f,0f,0f,0f,1f], start_interpolation: 0, interpolation_duration: 1 }
$data merge entity $(bone_leftarm) { transformation: [-0.983607984079655f,-0.025125298721752454f,0.17856106243775377f,0.4809944075171231f,-0.16094438961766339f,0.5688793375024929f,-0.8065191893645942f,2.956083529537749f,-0.08131566334571971f,-0.8220371151759918f,-0.5635980342121307f,1.0609817359726486f,0f,0f,0f,1f], start_interpolation: 0, interpolation_duration: 1 }
$data merge entity $(bone_rightthumb2) { transformation: [-0.7579750278892141f,0.33724941880878745f,0.5583338487047687f,-1.4404328554860457f,0.21668000395613585f,0.9375429838102045f,-0.27214505212079054f,1.8636433355556066f,-0.6152427431363281f,-0.08529937292497396f,-0.7837093747025695f,-0.844774027951902f,0f,0f,0f,1f], start_interpolation: 0, interpolation_duration: 1 }
$data merge entity $(bone_rightthumb) { transformation: [-0.7579750278892141f,0.33724941880878745f,0.5583338487047687f,-1.310011150018144f,0.21668000395613585f,0.9375429838102045f,-0.27214505212079054f,2.070311884971068f,-0.6152427431363281f,-0.08529937292497396f,-0.7837093747025695f,-0.9326669033050998f,0f,0f,0f,1f], start_interpolation: 0, interpolation_duration: 1 }
$data merge entity $(bone_rightpointerfinger) { transformation: [-0.2609018945299229f,0.6252906539371212f,0.7354874570851523f,-1.5068548964071924f,0.680905439635645f,0.6592699479475255f,-0.3189528460569937f,1.8882947143794724f,-0.6843230112346698f,0.41758200851108773f,-0.5977685860452686f,-1.1561584266171794f,0f,0f,0f,1f], start_interpolation: 0, interpolation_duration: 1 }
$data merge entity $(bone_rightmidfinger) { transformation: [-0.17705303456518545f,0.6539957365470168f,0.7354874570851523f,-1.3919349812376374f,0.7611321951589376f,0.5647538078531926f,-0.3189528460569937f,1.8384583321830672f,-0.6239631434979123f,0.5033316134454937f,-0.5977685860452686f,-1.2495597681867527f,0f,0f,0f,1f], start_interpolation: 0, interpolation_duration: 1 }
$data merge entity $(bone_rightringfinger) { transformation: [-0.11937981014233537f,0.6669382740559996f,0.7354874570851523f,-1.2770150660680823f,0.8074573949572785f,0.49626770731224223f,-0.3189528460569937f,1.7886219499866618f,-0.57772053473906f,0.5557982559150889f,-0.5977685860452686f,-1.3429611097563259f,0f,0f,0f,1f], start_interpolation: 0, interpolation_duration: 1 }
$data merge entity $(bone_hugeasssword) { transformation: [-1.2314264587669506f,2.350674198614445f,2.880659206916847f,-1.198002713255819f,2.4316829719556052f,2.8047486805149027f,-1.2492319803898921f,1.8239863413739115f,-2.8126117005956623f,1.3957053517472897f,-2.341260295343969f,-0.9770870469971848f,0f,0f,0f,1f], start_interpolation: 0, interpolation_duration: 1 }
$data merge entity $(bone_ice) { transformation: [-0.3144067554298597f,0.600172135816454f,0.7354874570851523f,-1.2024677973243596f,0.6208552268822821f,0.7161060460889113f,-0.3189528460569937f,1.8030963214837366f,-0.7181136256839988f,0.3563503025737761f,-0.5977685860452686f,-0.9714344950735876f,0f,0f,0f,1f], start_interpolation: 0, interpolation_duration: 1 }
$data merge entity $(bone_righthand1) { transformation: [-0.3144067554298597f,0.600172135816454f,0.7354874570851523f,-1.1080424691938f,0.6208552268822821f,0.7161060460889113f,-0.3189528460569937f,2.127369363287254f,-0.7181136256839988f,0.3563503025737761f,-0.5977685860452686f,-1.080555594165058f,0f,0f,0f,1f], start_interpolation: 0, interpolation_duration: 1 }
$data merge entity $(bone_rightforearm) { transformation: [-0.569720459909581f,0.2576778931199309f,0.7803977837985501f,-0.9034488872213521f,0.5194476199993898f,0.8487515826233472f,0.09896929357802464f,2.6901359483571765f,-0.6368616550220187f,0.4617606029011539f,-0.6174013103087634f,-0.7064294213377337f,0f,0f,0f,1f], start_interpolation: 0, interpolation_duration: 1 }
$data merge entity $(bone_rightelbow) { transformation: [-0.569720459909581f,0.2576778931199309f,0.7803977837985501f,-0.855134282261365f,0.5194476199993898f,0.8487515826233472f,0.09896929357802464f,2.8492768700990543f,-0.6368616550220187f,0.4617606029011539f,-0.6174013103087634f,-0.6198493082937673f,0f,0f,0f,1f], start_interpolation: 0, interpolation_duration: 1 }
$data merge entity $(bone_rightarm) { transformation: [-0.439513339544235f,0.006612907005045122f,0.8982117199322308f,-0.8342149970699876f,0.6290195838336562f,0.7161117753768078f,0.3025198973958746f,3.037646583939809f,-0.6412194534762712f,0.6979542926493246f,-0.3189003258950561f,-0.0766057943561067f,0f,0f,0f,1f], start_interpolation: 0, interpolation_duration: 1 }
$data merge entity $(bone_chest1) { transformation: [-0.8340026063835175f,-0.2767441504609745f,0.6336114257510225f,-0.01801805819792157f,0.12938135328156672f,0.9127663831844243f,0.5689719731784388f,2.932141805093522f,-0.679198961335808f,0.5136937959769119f,-0.6696406245190782f,0.27013638908372356f,0f,0f,0f,1f], start_interpolation: 0, interpolation_duration: 1 }
$data merge entity $(bone_chest1lid) { transformation: [-0.7698485597386316f,0.030141134981698292f,0.6375144759535811f,-0.3351454865883858f,0.11942894149067698f,0.9880431758107874f,0.09750595196268819f,2.1915524820988335f,-0.6269528873868998f,0.15120249573253963f,-0.7642433397037103f,-0.0261132712355195f,0f,0f,0f,1f], start_interpolation: 0, interpolation_duration: 1 }
$data merge entity $(bone_chest2) { transformation: [-0.7698485597386316f,-0.25545613888705343f,0.5848720853086362f,-0.29523046488728366f,0.11942894149067698f,0.8425535844779302f,0.525204898318559f,2.059903484524157f,-0.6269528873868998f,0.4741788885940726f,-0.61812980724838f,-0.10020372257834334f,0f,0f,0f,1f], start_interpolation: 0, interpolation_duration: 1 }
$data merge entity $(bone_chest1lid3) { transformation: [-0.7698485597386316f,-0.25545613888705343f,0.5848720853086362f,0.08765372804612377f,0.11942894149067698f,0.8425535844779302f,0.525204898318559f,2.5205475612409933f,-0.6269528873868998f,0.4741788885940726f,-0.61812980724838f,-0.38291812354233173f,0f,0f,0f,1f], start_interpolation: 0, interpolation_duration: 1 }
$data merge entity $(bone_chest3) { transformation: [-0.7698485597386316f,-0.25545613888705343f,0.5848720853086362f,0.12756874974722587f,0.11942894149067698f,0.8425535844779302f,0.525204898318559f,2.388898563666317f,-0.6269528873868998f,0.4741788885940726f,-0.61812980724838f,-0.45700857488515556f,0f,0f,0f,1f], start_interpolation: 0, interpolation_duration: 1 }
$data merge entity $(bone_hugeasssword2) { transformation: [-2.2907490007921596f,1.5471155673582502f,-2.7747396660561248f,-1.107966810194817f,-2.0570525184143555f,1.8845774049824884f,2.749032687854476f,4.196042769016707f,2.421008411722821f,3.0651393448985322f,-0.2896840425361965f,-0.11587354672590519f,0f,0f,0f,1f], start_interpolation: 0, interpolation_duration: 1 }
$data merge entity $(bone_belt) { transformation: [-0.7698485597386316f,-0.25545613888705343f,0.5848720853086362f,0.03183385451557337f,0.11942894149067698f,0.8425535844779302f,0.525204898318559f,2.5239516418765136f,-0.6269528873868998f,0.4741788885940726f,-0.61812980724838f,0.18225196677527086f,0f,0f,0f,1f], start_interpolation: 0, interpolation_duration: 1 }
$data merge entity $(bone_torn_part) { transformation: [-0.7698485597386316f,-0.5327456855657912f,0.3514473354279264f,0.015071734131713269f,0.11942894149067698f,0.4206853606857491f,0.8993111559627835f,2.271655682086968f,-0.6269528873868998f,0.734306381434709f,-0.26023876571620325f,-0.04034753423011707f,0f,0f,0f,1f], start_interpolation: 0, interpolation_duration: 1 }
$data merge entity $(bone_lowerbody) { transformation: [-0.7698485597386316f,-0.1822008793528645f,0.611666604149186f,0.09320191445672557f,0.11942894149067698f,0.9003297511605771f,0.4185009762348825f,1.7615268634276133f,-0.6269528873868998f,0.39523306888237f,-0.6713575040610279f,-0.0776969142278778f,0f,0f,0f,1f], start_interpolation: 0, interpolation_duration: 1 }
$data merge entity $(bone_leftfoot) { transformation: [-0.9782224790788187f,-0.13765295027233174f,0.15529276651640606f,0.288533460088337f,-0.12886367616189373f,0.989509614432337f,0.0653399940089756f,0.15093651579756706f,-0.1626559084214574f,0.043927438311016025f,-0.9857107081472514f,0.5813138603615563f,0f,0f,0f,1f], start_interpolation: 0, interpolation_duration: 1 }
$data merge entity $(bone_leftlowerleg) { transformation: [-0.9782224790788187f,-0.13719173223044304f,0.15570037462577424f,0.11241370077307802f,-0.12886367616189373f,0.9896990661082873f,0.0624047307141794f,1.2392957034079115f,-0.1626559084214574f,0.0410035371099613f,-0.9858366649385668f,0.7782716498753213f,0f,0f,0f,1f], start_interpolation: 0, interpolation_duration: 1 }
$data merge entity $(bone_leftleg) { transformation: [-0.9605163103945222f,0.22886761739178385f,0.1581497073324745f,0.30179790261321837f,-0.020393019947625657f,0.5090154226846247f,-0.8605286044451474f,1.65069161043444f,-0.27744276198605f,-0.8297619279971452f,-0.48426780147093956f,0.04150809495868213f,0f,0f,0f,1f], start_interpolation: 0, interpolation_duration: 1 }
$data merge entity $(bone_rightfoot) { transformation: [-0.4819344815074162f,-0.012591367632098505f,0.8761199806806679f,-0.3120809600803363f,0.12941635676517782f,0.9878956080412244f,0.08538590107634081f,0.1604804015341761f,-0.8665968925703784f,0.1545349799304726f,-0.47447657924875797f,-0.2539799611957224f,0f,0f,0f,1f], start_interpolation: 0, interpolation_duration: 1 }
$data merge entity $(bone_rightlowerleg) { transformation: [-0.4819344815074162f,-0.15464952552580846f,0.862454803071664f,-0.6161576847127278f,0.12941635676517782f,0.960930680069048f,0.24462361413362388f,1.1889275266524568f,-0.8665968925703784f,0.22950945905635395f,-0.4430964821360854f,0.06871193087802041f,0f,0f,0f,1f], start_interpolation: 0, interpolation_duration: 1 }
$data merge entity $(bone_rightleg) { transformation: [-0.6050623423450683f,0.6397915342160105f,0.4738765277551956f,-0.042548517349252246f,0.07275607547912394f,0.6371245845168151f,-0.7673144646827861f,1.7667571973342708f,-0.7928468423073748f,-0.42979181067667815f,-0.43205271522263144f,-0.29852618378057155f,0f,0f,0f,1f], start_interpolation: 0, interpolation_duration: 1 }
$data merge entity $(bone_sack_top) { transformation: [-0.039999999999999994f,0f,4.898587196589412e-18f,-0.09197998046874999f,0f,0.09999999999999998f,0f,-0.25318603515625004f,-4.898587196589412e-18f,0f,-0.039999999999999994f,-0.12762451171875f,0f,0f,0f,1f], start_interpolation: 0, interpolation_duration: 1 }
$data merge entity $(bone_sack_main) { transformation: [-0.05833333333333333f,0f,7.143772995026226e-18f,-0.09197998046874999f,0f,0.05833333333333333f,0f,-0.25318603515625004f,-7.143772995026226e-18f,0f,-0.05833333333333333f,-0.12762451171875f,0f,0f,0f,1f], start_interpolation: 0, interpolation_duration: 1 }
data modify entity @s data merge value {"locators":{"lefthand":{"posx":0.027186488271523868,"posy":2.285978831451557,"posz":2.428148738637183,"roty":96.2515608164216,"rotx":-72.41427606141107},"righthand":{"posx":-1.2528131117849965,"posy":1.855095980253452,"posz":-1.0349854868022206,"roty":50.897459900670384,"rotx":-18.59960927584545},"chest":{"posx":-0.4346235087292516,"posy":2.060561772128272,"posz":0.021241052879069716,"roty":43.41642653623893,"rotx":31.68203793114462},"sack":{"posx":-0.08572998046875,"posy":-0.21568603515625,"posz":-0.12762451171875,"roty":0,"rotx":0}},"cameras":{}}