# This file was generated by Animated Java via MC-Build. It is not recommended to edit this file directly.
$data merge entity $(nose) {transformation: [-1f,0.0018f,-0.005f,0.0012f,0.0024f,0.9924f,-0.1232f,0.4831f,0.0047f,-0.1233f,-0.9924f,0.5455f,0f,0f,0f,1f],start_interpolation: 0,interpolation_duration: 1}
$data merge entity $(glowing_eye) {transformation: [-1f,0.0026f,-0.0046f,-0.1235f,0.0024f,0.9991f,0.0414f,0.5496f,0.0047f,0.0414f,-0.9991f,0.5838f,0f,0f,0f,1f],start_interpolation: 0,interpolation_duration: 1}
$data merge entity $(head) {transformation: [-1f,0.0026f,-0.0046f,0f,0.0024f,0.9991f,0.0414f,0.3675f,0.0047f,0.0414f,-0.9991f,0.3533f,0f,0f,0f,1f],start_interpolation: 0,interpolation_duration: 1}
$data merge entity $(leftthumb2) {transformation: [-0.4571f,0.8176f,0.3502f,0.3679f,-0.7076f,-0.0957f,-0.7001f,-0.3568f,-0.5388f,-0.5678f,0.6223f,0.9925f,0f,0f,0f,1f],start_interpolation: 0,interpolation_duration: 1}
$data merge entity $(leftthumb) {transformation: [-0.4571f,0.8176f,0.3502f,0.5983f,-0.7076f,-0.0957f,-0.7001f,-0.4401f,-0.5388f,-0.5678f,0.6223f,0.9065f,0f,0f,0f,1f],start_interpolation: 0,interpolation_duration: 1}
$data merge entity $(leftpointerfinger) {transformation: [-0.6017f,0.7179f,0.3502f,0.4128f,-0.6773f,-0.2261f,-0.7001f,-0.3477f,-0.4233f,-0.6584f,0.6223f,1.1901f,0f,0f,0f,1f],start_interpolation: 0,interpolation_duration: 1}
$data merge entity $(leftmidfinger) {transformation: [-0.5368f,0.7676f,0.3502f,0.4676f,-0.6944f,-0.1663f,-0.7001f,-0.4571f,-0.4791f,-0.619f,0.6223f,1.2873f,0f,0f,0f,1f],start_interpolation: 0,interpolation_duration: 1}
$data merge entity $(leftringfinger) {transformation: [-0.6324f,0.6909f,0.3502f,0.5223f,-0.6668f,-0.2555f,-0.7001f,-0.5665f,-0.3942f,-0.6763f,0.6223f,1.3845f,0f,0f,0f,1f],start_interpolation: 0,interpolation_duration: 1}
$data merge entity $(invisibility) {transformation: [0.845f,-0.2776f,0.4571f,0.3893f,-0.1564f,0.6891f,0.7076f,-0.4853f,-0.5114f,-0.6694f,0.5388f,0.9983f,0f,0f,0f,1f],start_interpolation: 0,interpolation_duration: 1}
$data merge entity $(swiftness) {transformation: [0.3502f,0.8176f,0.4571f,0.3204f,-0.7001f,-0.0957f,0.7076f,-0.6405f,0.6223f,-0.5678f,0.5388f,1.1638f,0f,0f,0f,1f],start_interpolation: 0,interpolation_duration: 1}
$data merge entity $(suspicious_stew) {transformation: [0.889f,0.0281f,0.4571f,0.4166f,-0.3826f,0.594f,0.7076f,-0.6121f,-0.2516f,-0.804f,0.5388f,1.1416f,0f,0f,0f,1f],start_interpolation: 0,interpolation_duration: 1}
$data merge entity $(log) {transformation: [-0.4571f,0.8176f,0.3502f,0.4924f,-0.7076f,-0.0957f,-0.7001f,-0.7232f,-0.5388f,-0.5678f,0.6223f,1.0493f,0f,0f,0f,1f],start_interpolation: 0,interpolation_duration: 1}
$data merge entity $(planks) {transformation: [-0.4571f,0.8176f,0.3502f,0.4495f,-0.7076f,-0.0957f,-0.7001f,-0.7896f,-0.5388f,-0.5678f,0.6223f,0.9987f,0f,0f,0f,1f],start_interpolation: 0,interpolation_duration: 1}
$data merge entity $(lefthand1) {transformation: [-0.4571f,0.8176f,0.3502f,0.8001f,-0.7076f,-0.0957f,-0.7001f,-0.5484f,-0.5388f,-0.5678f,0.6223f,1.0226f,0f,0f,0f,1f],start_interpolation: 0,interpolation_duration: 1}
$data merge entity $(leftforearm) {transformation: [-0.696f,0.618f,-0.3656f,1.1968f,0.5233f,0.0879f,-0.8476f,-0.4406f,-0.4917f,-0.7813f,-0.3846f,0.4485f,0f,0f,0f,1f],start_interpolation: 0,interpolation_duration: 1}
$data merge entity $(leftelbow) {transformation: [-0.8412f,-0.3988f,-0.3651f,1.122f,0.1213f,0.5188f,-0.8462f,-0.3434f,0.527f,-0.7561f,-0.388f,0.3067f,0f,0f,0f,1f],start_interpolation: 0,interpolation_duration: 1}
$data merge entity $(leftarm) {transformation: [-0.8412f,-0.3988f,-0.3651f,0.75f,0.1213f,0.5188f,-0.8462f,-0.031f,0.527f,-0.7561f,-0.388f,0.0561f,0f,0f,0f,1f],start_interpolation: 0,interpolation_duration: 1}
$data merge entity $(rightthumb2) {transformation: [-0.3942f,-0.8086f,-0.4367f,-0.4098f,0.8188f,-0.0931f,-0.5665f,-0.3009f,0.4175f,-0.5809f,0.6988f,1.0327f,0f,0f,0f,1f],start_interpolation: 0,interpolation_duration: 1}
$data merge entity $(rightthumb) {transformation: [-0.3942f,-0.8086f,-0.4367f,-0.6454f,0.8188f,-0.0931f,-0.5665f,-0.3721f,0.4175f,-0.5809f,0.6988f,0.95f,0f,0f,0f,1f],start_interpolation: 0,interpolation_duration: 1}
$data merge entity $(rightpointerfinger) {transformation: [-0.4395f,-0.7849f,-0.4367f,-0.4585f,0.8121f,-0.1395f,-0.5665f,-0.2596f,0.3838f,-0.6037f,0.6988f,1.2252f,0f,0f,0f,1f],start_interpolation: 0,interpolation_duration: 1}
$data merge entity $(rightmidfinger) {transformation: [-0.599f,-0.6712f,-0.4367f,-0.5267f,0.7627f,-0.312f,-0.5665f,-0.3481f,0.244f,-0.6724f,0.6988f,1.3344f,0f,0f,0f,1f],start_interpolation: 0,interpolation_duration: 1}
$data merge entity $(rightringfinger) {transformation: [-0.6552f,-0.6164f,-0.4367f,-0.5949f,0.7326f,-0.3773f,-0.5665f,-0.4366f,0.1845f,-0.6911f,0.6988f,1.4436f,0f,0f,0f,1f],start_interpolation: 0,interpolation_duration: 1}
$data merge entity $(hugeasssword) {transformation: [0f,0f,0f,-0.5647f,0f,0f,0f,-0.5947f,0f,0f,0f,1.0884f,0f,0f,0f,1f],start_interpolation: 0,interpolation_duration: 1}
$data merge entity $(whey) {transformation: [0f,0f,0f,-0.3597f,0f,0f,0f,-0.647f,0f,0f,0f,0.9728f,0f,0f,0f,1f],start_interpolation: 0,interpolation_duration: 1}
$data merge entity $(ice) {transformation: [-0.3942f,-0.8086f,-0.4367f,-0.5459f,0.8188f,-0.0931f,-0.5665f,-0.606f,0.4175f,-0.5809f,0.6988f,1.0909f,0f,0f,0f,1f],start_interpolation: 0,interpolation_duration: 1}
$data merge entity $(righthand1) {transformation: [-0.3942f,-0.8086f,-0.4367f,-0.8602f,0.8188f,-0.0931f,-0.5665f,-0.4423f,0.4175f,-0.5809f,0.6988f,1.0719f,0f,0f,0f,1f],start_interpolation: 0,interpolation_duration: 1}
$data merge entity $(rightforearm) {transformation: [-0.7452f,-0.5905f,0.3099f,-1.2336f,-0.4192f,0.0535f,-0.9063f,-0.3643f,0.5186f,-0.8053f,-0.2874f,0.4778f,0f,0f,0f,1f],start_interpolation: 0,interpolation_duration: 1}
$data merge entity $(rightelbow) {transformation: [-0.8308f,0.4614f,0.3113f,-1.1471f,-0.1138f,0.4067f,-0.9064f,-0.2881f,-0.5448f,-0.7885f,-0.2854f,0.3299f,0f,0f,0f,1f],start_interpolation: 0,interpolation_duration: 1}
$data merge entity $(rightarm) {transformation: [-0.8387f,0.4468f,0.3113f,-0.75f,-0.1209f,0.4047f,-0.9064f,-0.031f,-0.531f,-0.7979f,-0.2854f,0.0561f,0f,0f,0f,1f],start_interpolation: 0,interpolation_duration: 1}
$data merge entity $(chest1) {transformation: [-1.0833f,0f,0f,-0.0023f,0f,0.8299f,0.6964f,-0.083f,0f,0.6964f,-0.8299f,-0.1313f,0f,0f,0f,1f],start_interpolation: 0,interpolation_duration: 1}
$data merge entity $(chest1lid) {transformation: [-1f,0f,0f,-0.3437f,0f,0.8213f,0.5704f,-0.8495f,0f,0.5704f,-0.8213f,-0.2821f,0f,0f,0f,1f],start_interpolation: 0,interpolation_duration: 1}
$data merge entity $(chest2) {transformation: [-1f,0f,0f,-0.3437f,0f,0.8213f,0.5704f,-0.9778f,0f,0.5704f,-0.8213f,-0.3713f,0f,0f,0f,1f],start_interpolation: 0,interpolation_duration: 1}
$data merge entity $(chest1lid3) {transformation: [-1f,0f,0f,-0.2812f,0f,0.7799f,0.6259f,-0.4441f,0f,0.6259f,-0.7799f,-0.7642f,0f,0f,0f,1f],start_interpolation: 0,interpolation_duration: 1}
$data merge entity $(chest3) {transformation: [-1f,0f,0f,-0.2812f,0f,0.7799f,0.6259f,-0.566f,0f,0.6259f,-0.7799f,-0.862f,0f,0f,0f,1f],start_interpolation: 0,interpolation_duration: 1}
$data merge entity $(hugeasssword2) {transformation: [0f,1.6553f,-3.5497f,-1.7344f,-2.5176f,2.7192f,1.268f,0.3896f,3.0003f,2.2817f,1.064f,-0.0805f,0f,0f,0f,1f],start_interpolation: 0,interpolation_duration: 1}
$data merge entity $(belt) {transformation: [-1f,0f,0f,0.0297f,0f,0.766f,0.6428f,-0.4723f,0f,0.6428f,-0.766f,-0.2871f,0f,0f,0f,1f],start_interpolation: 0,interpolation_duration: 1}
$data merge entity $(torn_part) {transformation: [-1f,0f,0f,-0.0937f,0f,0.5373f,0.8434f,-0.6874f,0f,0.8434f,-0.5373f,-0.4743f,0f,0f,0f,1f],start_interpolation: 0,interpolation_duration: 1}
$data merge entity $(lowerbody) {transformation: [-1f,0f,0f,0.0039f,0f,0.766f,0.6428f,-1.1518f,0f,0.6428f,-0.766f,-0.6805f,0f,0f,0f,1f],start_interpolation: 0,interpolation_duration: 1}
$data merge entity $(leftfoot) {transformation: [-1f,0f,0f,0.2813f,0f,0.9971f,0.0767f,-2.9727f,0f,0.0767f,-0.9971f,-1.2916f,0f,0f,0f,1f],start_interpolation: 0,interpolation_duration: 1}
$data merge entity $(leftlowerleg) {transformation: [-1f,0f,0f,0.2813f,0f,0.8918f,0.4524f,-2.0529f,0f,0.4524f,-0.8918f,-0.6527f,0f,0f,0f,1f],start_interpolation: 0,interpolation_duration: 1}
$data merge entity $(leftleg) {transformation: [-1f,0f,0f,0.25f,0f,0.9823f,-0.1871f,-1.0043f,0f,-0.1871f,-0.9823f,-0.8259f,0f,0f,0f,1f],start_interpolation: 0,interpolation_duration: 1}
$data merge entity $(rightfoot) {transformation: [-1f,0f,0f,-0.2812f,0f,-0.2553f,0.9668f,-1.5352f,0f,0.9668f,0.2553f,-2.5968f,0f,0f,0f,1f],start_interpolation: 0,interpolation_duration: 1}
$data merge entity $(rightlowerleg) {transformation: [-1f,0f,0f,-0.2812f,0f,-0.1126f,0.9936f,-1.8128f,0f,0.9936f,0.1126f,-1.5117f,0f,0f,0f,1f],start_interpolation: 0,interpolation_duration: 1}
$data merge entity $(rightleg) {transformation: [-1f,0f,0f,-0.25f,0f,0.7359f,0.677f,-1.0484f,0f,0.677f,-0.7359f,-0.7732f,0f,0f,0f,1f],start_interpolation: 0,interpolation_duration: 1}
data modify entity @s data merge value {"cameras":{},"locators":{"soup":{"px":0.40715626646343916,"py":-0.5321367104842059,"pz":0.986572455166292,"ry":139.6925503336958,"rx":45.04198871102215},"lefthand":{"px":0.46587878923079507,"py":-0.6384867681726474,"pz":1.1344193288828042,"ry":150.62819784690777,"rx":-44.4330462931396},"sword":{"px":-0.5646390655812656,"py":-0.5946310635463541,"pz":1.0883622710823182,"ry":212.00583047461737,"rx":-34.509525730741544},"righthand":{"px":-0.5633545348401223,"py":-0.5189257958865285,"pz":1.1282368710580633,"ry":212.0058304746174,"rx":-34.509525730741544},"chest":{"px":-0.37499999999999994,"py":-0.9899181412486728,"pz":-0.18945998446546772,"ry":0,"rx":34.78}}}