# This file was generated by Animated Java via MC-Build. It is not recommended to edit this file directly.
$data merge entity $(bone_nose) {transformation: [-1f,0.0018f,-0.005f,0.0012f,0.0024f,0.9924f,-0.1232f,0.6424f,0.0047f,-0.1233f,-0.9924f,0.5455f,0f,0f,0f,1f],start_interpolation: 0,interpolation_duration: 1}
$data merge entity $(bone_glowing_eye) {transformation: [-1f,0.0026f,-0.0046f,-0.1235f,0.0024f,0.9991f,0.0414f,0.7089f,0.0047f,0.0414f,-0.9991f,0.5838f,0f,0f,0f,1f],start_interpolation: 0,interpolation_duration: 1}
$data merge entity $(bone_head) {transformation: [-1f,0.0026f,-0.0046f,0f,0.0024f,0.9991f,0.0414f,0.5267f,0.0047f,0.0414f,-0.9991f,0.3533f,0f,0f,0f,1f],start_interpolation: 0,interpolation_duration: 1}
$data merge entity $(bone_leftthumb2) {transformation: [-0.8653f,-0.0092f,0.5012f,1.2417f,-0.5011f,0.0383f,-0.8645f,-0.1664f,-0.0113f,-0.9992f,-0.0378f,1.3644f,0f,0f,0f,1f],start_interpolation: 0,interpolation_duration: 1}
$data merge entity $(bone_leftthumb) {transformation: [-0.8653f,-0.0092f,0.5012f,1.2823f,-0.5011f,0.0383f,-0.8645f,-0.2309f,-0.0113f,-0.9992f,-0.0378f,1.1161f,0f,0f,0f,1f],start_interpolation: 0,interpolation_duration: 1}
$data merge entity $(bone_leftpointerfinger) {transformation: [-0.8484f,-0.1706f,0.5012f,1.4241f,-0.4995f,-0.0559f,-0.8645f,-0.2169f,0.1755f,-0.9838f,-0.0378f,1.4371f,0f,0f,0f,1f],start_interpolation: 0,interpolation_duration: 1}
$data merge entity $(bone_leftmidfinger) {transformation: [-0.86f,-0.096f,0.5012f,1.5025f,-0.5024f,-0.0122f,-0.8645f,-0.352f,0.0891f,-0.9953f,-0.0378f,1.4312f,0f,0f,0f,1f],start_interpolation: 0,interpolation_duration: 1}
$data merge entity $(bone_leftringfinger) {transformation: [-0.8401f,-0.2074f,0.5012f,1.5808f,-0.4965f,-0.0776f,-0.8645f,-0.487f,0.2182f,-0.9752f,-0.0378f,1.4253f,0f,0f,0f,1f],start_interpolation: 0,interpolation_duration: 1}
$data merge entity $(bone_invisibility) {transformation: [0.0345f,-0.5f,0.8653f,1.2246f,-0.0372f,0.8646f,0.5011f,-0.2919f,-0.9987f,-0.0495f,0.0113f,1.3332f,0f,0f,0f,1f],start_interpolation: 0,interpolation_duration: 1}
$data merge entity $(bone_swiftness) {transformation: [0.5012f,-0.0092f,0.8653f,1.2747f,-0.8645f,0.0383f,0.5011f,-0.4853f,-0.0378f,-0.9992f,0.0113f,1.4609f,0f,0f,0f,1f],start_interpolation: 0,interpolation_duration: 1}
$data merge entity $(bone_suspicious_stew) {transformation: [0.2035f,-0.4581f,0.8653f,1.319f,-0.3306f,0.7997f,0.5011f,-0.4558f,-0.9216f,-0.3881f,0.0113f,1.373f,0f,0f,0f,1f],start_interpolation: 0,interpolation_duration: 1}
$data merge entity $(bone_log) {transformation: [-0.8653f,-0.0092f,0.5012f,1.2602f,-0.5011f,0.0383f,-0.8645f,-0.5385f,-0.0113f,-0.9992f,-0.0378f,1.2452f,0f,0f,0f,1f],start_interpolation: 0,interpolation_duration: 1}
$data merge entity $(bone_planks) {transformation: [-0.8653f,-0.0092f,0.5012f,1.1791f,-0.5011f,0.0383f,-0.8645f,-0.5855f,-0.0113f,-0.9992f,-0.0378f,1.2442f,0f,0f,0f,1f],start_interpolation: 0,interpolation_duration: 1}
$data merge entity $(bone_lefthand1) {transformation: [-0.8653f,-0.0092f,0.5012f,1.4585f,-0.5011f,0.0383f,-0.8645f,-0.3766f,-0.0113f,-0.9992f,-0.0378f,0.9994f,0f,0f,0f,1f],start_interpolation: 0,interpolation_duration: 1}
$data merge entity $(bone_leftforearm) {transformation: [-0.9832f,-0.1073f,-0.1476f,1.3239f,0.1251f,0.1928f,-0.9732f,-0.218f,0.1329f,-0.9753f,-0.1762f,0.3247f,0f,0f,0f,1f],start_interpolation: 0,interpolation_duration: 1}
$data merge entity $(bone_leftelbow) {transformation: [-0.7224f,-0.619f,-0.3083f,1.2079f,-0.0296f,0.4731f,-0.8805f,-0.1293f,0.6909f,-0.6269f,-0.36f,0.2072f,0f,0f,0f,1f],start_interpolation: 0,interpolation_duration: 1}
$data merge entity $(bone_leftarm) {transformation: [-0.7224f,-0.619f,-0.3083f,0.75f,-0.0296f,0.4731f,-0.8805f,0.1283f,0.6909f,-0.6269f,-0.36f,0.0561f,0f,0f,0f,1f],start_interpolation: 0,interpolation_duration: 1}
$data merge entity $(bone_rightthumb2) {transformation: [-0.7173f,-0.0683f,-0.6934f,-1.1947f,0.643f,0.3183f,-0.6966f,-0.5012f,0.2683f,-0.9455f,-0.1844f,1.1302f,0f,0f,0f,1f],start_interpolation: 0,interpolation_duration: 1}
$data merge entity $(bone_rightthumb) {transformation: [-0.7173f,-0.0683f,-0.6934f,-1.2707f,0.643f,0.3183f,-0.6966f,-0.4827f,0.2683f,-0.9455f,-0.1844f,0.8826f,0f,0f,0f,1f],start_interpolation: 0,interpolation_duration: 1}
$data merge entity $(bone_rightpointerfinger) {transformation: [-0.72f,-0.0274f,-0.6934f,-1.3769f,0.6601f,0.2812f,-0.6966f,-0.5319f,0.2141f,-0.9592f,-0.1844f,1.2137f,0f,0f,0f,1f],start_interpolation: 0,interpolation_duration: 1}
$data merge entity $(bone_rightmidfinger) {transformation: [-0.7089f,0.1291f,-0.6934f,-1.4852f,0.7053f,0.1317f,-0.6966f,-0.6408f,0.0014f,-0.9828f,-0.1844f,1.1849f,0f,0f,0f,1f],start_interpolation: 0,interpolation_duration: 1}
$data merge entity $(bone_rightringfinger) {transformation: [-0.695f,0.1904f,-0.6934f,-1.5936f,0.7141f,0.0697f,-0.6966f,-0.7496f,-0.0843f,-0.9792f,-0.1844f,1.1561f,0f,0f,0f,1f],start_interpolation: 0,interpolation_duration: 1}
$data merge entity $(bone_hugeasssword) {transformation: [0f,0f,0f,-1.2801f,0f,0f,0f,-0.7535f,0f,0f,0f,0.9243f,0f,0f,0f,1f],start_interpolation: 0,interpolation_duration: 1}
$data merge entity $(bone_ice) {transformation: [-0.7173f,-0.0683f,-0.6934f,-1.2678f,0.643f,0.3183f,-0.6966f,-0.7686f,0.2683f,-0.9455f,-0.1844f,0.9349f,0f,0f,0f,1f],start_interpolation: 0,interpolation_duration: 1}
$data merge entity $(bone_righthand1) {transformation: [-0.7173f,-0.0683f,-0.6934f,-1.4859f,0.643f,0.3183f,-0.6966f,-0.55f,0.2683f,-0.9455f,-0.1844f,0.7598f,0f,0f,0f,1f],start_interpolation: 0,interpolation_duration: 1}
$data merge entity $(bone_rightforearm) {transformation: [-0.9453f,0.0338f,0.3244f,-1.4081f,-0.2647f,0.5015f,-0.8237f,-0.168f,-0.1906f,-0.8645f,-0.4651f,0.1711f,0f,0f,0f,1f],start_interpolation: 0,interpolation_duration: 1}
$data merge entity $(bone_rightelbow) {transformation: [-0.3985f,0.8627f,0.3112f,-1.2463f,0.1466f,0.3949f,-0.907f,-0.0939f,-0.9053f,-0.3158f,-0.2839f,0.1119f,0f,0f,0f,1f],start_interpolation: 0,interpolation_duration: 1}
$data merge entity $(bone_rightarm) {transformation: [-0.5626f,0.766f,0.3112f,-0.75f,0.065f,0.4162f,-0.907f,0.1283f,-0.8242f,-0.49f,-0.2839f,0.0561f,0f,0f,0f,1f],start_interpolation: 0,interpolation_duration: 1}
$data merge entity $(bone_chest1) {transformation: [-1.0833f,0f,0f,-0.0023f,0f,0.8299f,0.6964f,0.0762f,0f,0.6964f,-0.8299f,-0.1313f,0f,0f,0f,1f],start_interpolation: 0,interpolation_duration: 1}
$data merge entity $(bone_chest1lid) {transformation: [-1f,0f,0f,-0.3437f,0f,0.8213f,0.5704f,-0.6902f,0f,0.5704f,-0.8213f,-0.2821f,0f,0f,0f,1f],start_interpolation: 0,interpolation_duration: 1}
$data merge entity $(bone_chest2) {transformation: [-1f,0f,0f,-0.3437f,0f,0.8213f,0.5704f,-0.8185f,0f,0.5704f,-0.8213f,-0.3713f,0f,0f,0f,1f],start_interpolation: 0,interpolation_duration: 1}
$data merge entity $(bone_chest1lid3) {transformation: [-1f,0f,0f,-0.2812f,0f,0.7799f,0.6259f,-0.2849f,0f,0.6259f,-0.7799f,-0.7642f,0f,0f,0f,1f],start_interpolation: 0,interpolation_duration: 1}
$data merge entity $(bone_chest3) {transformation: [-1f,0f,0f,-0.2812f,0f,0.7799f,0.6259f,-0.4068f,0f,0.6259f,-0.7799f,-0.862f,0f,0f,0f,1f],start_interpolation: 0,interpolation_duration: 1}
$data merge entity $(bone_hugeasssword2) {transformation: [0f,1.6553f,-3.5497f,-1.7344f,-2.5176f,2.7192f,1.268f,0.5489f,3.0003f,2.2817f,1.064f,-0.0805f,0f,0f,0f,1f],start_interpolation: 0,interpolation_duration: 1}
$data merge entity $(bone_belt) {transformation: [-1f,0f,0f,0.0297f,0f,0.766f,0.6428f,-0.313f,0f,0.6428f,-0.766f,-0.2871f,0f,0f,0f,1f],start_interpolation: 0,interpolation_duration: 1}
$data merge entity $(bone_torn_part) {transformation: [-1f,0f,0f,-0.0937f,0f,0.5373f,0.8434f,-0.5281f,0f,0.8434f,-0.5373f,-0.4743f,0f,0f,0f,1f],start_interpolation: 0,interpolation_duration: 1}
$data merge entity $(bone_lowerbody) {transformation: [-1f,0f,0f,0.0039f,0f,0.766f,0.6428f,-0.9925f,0f,0.6428f,-0.766f,-0.6805f,0f,0f,0f,1f],start_interpolation: 0,interpolation_duration: 1}
$data merge entity $(bone_leftfoot) {transformation: [-1f,0f,0f,0.2813f,0f,0.6465f,0.7629f,-2.0271f,0f,0.7629f,-0.6465f,-2.3166f,0f,0f,0f,1f],start_interpolation: 0,interpolation_duration: 1}
$data merge entity $(bone_leftlowerleg) {transformation: [-1f,0f,0f,0.2813f,0f,0.3053f,0.9522f,-1.8347f,0f,0.9522f,-0.3053f,-1.2133f,0f,0f,0f,1f],start_interpolation: 0,interpolation_duration: 1}
$data merge entity $(bone_leftleg) {transformation: [-1f,0f,0f,0.25f,0f,0.9399f,0.3416f,-0.845f,0f,0.3416f,-0.9399f,-0.8259f,0f,0f,0f,1f],start_interpolation: 0,interpolation_duration: 1}
$data merge entity $(bone_rightfoot) {transformation: [-1f,0f,0f,-0.2812f,0f,0.6045f,0.7966f,-2.6076f,0f,0.7966f,-0.6045f,-1.9039f,0f,0f,0f,1f],start_interpolation: 0,interpolation_duration: 1}
$data merge entity $(bone_rightlowerleg) {transformation: [-1f,0f,0f,-0.2812f,0f,0.7135f,0.7006f,-1.9237f,0f,0.7006f,-0.7135f,-1.0171f,0f,0f,0f,1f],start_interpolation: 0,interpolation_duration: 1}
$data merge entity $(bone_rightleg) {transformation: [-1f,0f,0f,-0.25f,0f,0.9787f,0.2055f,-0.8892f,0f,0.2055f,-0.9787f,-0.7732f,0f,0f,0f,1f],start_interpolation: 0,interpolation_duration: 1}
data modify entity @s data merge value {"cameras":{},"locators":{"lefthand":{"posx":1.3341834513686854,"posy":-0.4810110219827704,"posz":1.3249488024020013,"roty":85.69153704832507,"rotx":-59.829391523168134},"sword":{"posx":-1.2800669127732347,"posy":-0.7535166890269215,"posz":0.9242791049091615,"roty":284.89349421706595,"rotx":-44.15228804869918},"righthand":{"posx":-1.323164084752915,"posy":-0.7023705838616385,"posz":0.9776610399403325,"roty":284.89349421706595,"rotx":-44.15228804869918},"chest":{"posx":-0.37499999999999994,"posy":-0.8306681412486729,"posz":-0.18945998446546772,"roty":0,"rotx":34.78}}}