# This file was generated by Animated Java via MC-Build. It is not recommended to edit this file directly.
$data merge entity $(nose) {transformation: [-1f,0.0018f,-0.005f,0.0012f,0.0024f,0.9924f,-0.1232f,0.486f,0.0047f,-0.1233f,-0.9924f,0.5455f,0f,0f,0f,1f],start_interpolation: 0,interpolation_duration: 1}
$data merge entity $(glowing_eye) {transformation: [-1f,0.0026f,-0.0046f,-0.1235f,0.0024f,0.9991f,0.0414f,0.5525f,0.0047f,0.0414f,-0.9991f,0.5838f,0f,0f,0f,1f],start_interpolation: 0,interpolation_duration: 1}
$data merge entity $(head) {transformation: [-1f,0.0026f,-0.0046f,0f,0.0024f,0.9991f,0.0414f,0.3704f,0.0047f,0.0414f,-0.9991f,0.3533f,0f,0f,0f,1f],start_interpolation: 0,interpolation_duration: 1}
$data merge entity $(leftthumb2) {transformation: [-0.4652f,0.8089f,0.3596f,0.3784f,-0.7022f,-0.0898f,-0.7063f,-0.3552f,-0.539f,-0.5811f,0.6097f,1.0044f,0f,0f,0f,1f],start_interpolation: 0,interpolation_duration: 1}
$data merge entity $(leftthumb) {transformation: [-0.4652f,0.8089f,0.3596f,0.6076f,-0.7022f,-0.0898f,-0.7063f,-0.4376f,-0.539f,-0.5811f,0.6097f,0.914f,0f,0f,0f,1f],start_interpolation: 0,interpolation_duration: 1}
$data merge entity $(leftpointerfinger) {transformation: [-0.608f,0.7078f,0.3596f,0.4264f,-0.6731f,-0.2193f,-0.7063f,-0.3482f,-0.4211f,-0.6715f,0.6097f,1.2013f,0f,0f,0f,1f],start_interpolation: 0,interpolation_duration: 1}
$data merge entity $(leftmidfinger) {transformation: [-0.544f,0.7581f,0.3596f,0.4826f,-0.6896f,-0.1598f,-0.7063f,-0.4586f,-0.478f,-0.6322f,0.6097f,1.2965f,0f,0f,0f,1f],start_interpolation: 0,interpolation_duration: 1}
$data merge entity $(leftringfinger) {transformation: [-0.6383f,0.6806f,0.3596f,0.5387f,-0.6629f,-0.2484f,-0.7063f,-0.5689f,-0.3914f,-0.6892f,0.6097f,1.3918f,0f,0f,0f,1f],start_interpolation: 0,interpolation_duration: 1}
$data merge entity $(invisibility) {transformation: [0.8371f,-0.2878f,0.4652f,0.3999f,-0.151f,0.6958f,0.7022f,-0.4839f,-0.5257f,-0.6581f,0.539f,1.0085f,0f,0f,0f,1f],start_interpolation: 0,interpolation_duration: 1}
$data merge entity $(swiftness) {transformation: [0.3596f,0.8089f,0.4652f,0.3336f,-0.7063f,-0.0898f,0.7022f,-0.6407f,0.6097f,-0.5811f,0.539f,1.1734f,0f,0f,0f,1f],start_interpolation: 0,interpolation_duration: 1}
$data merge entity $(suspicious_stew) {transformation: [0.8851f,0.0159f,0.4652f,0.4294f,-0.3799f,0.6022f,0.7022f,-0.6121f,-0.269f,-0.7982f,0.539f,1.15f,0f,0f,0f,1f],start_interpolation: 0,interpolation_duration: 1}
$data merge entity $(log) {transformation: [-0.4652f,0.8089f,0.3596f,0.5038f,-0.7022f,-0.0898f,-0.7063f,-0.7222f,-0.539f,-0.5811f,0.6097f,1.0555f,0f,0f,0f,1f],start_interpolation: 0,interpolation_duration: 1}
$data merge entity $(planks) {transformation: [-0.4652f,0.8089f,0.3596f,0.4602f,-0.7022f,-0.0898f,-0.7063f,-0.7881f,-0.539f,-0.5811f,0.6097f,1.0049f,0f,0f,0f,1f],start_interpolation: 0,interpolation_duration: 1}
$data merge entity $(lefthand1) {transformation: [-0.4652f,0.8089f,0.3596f,0.811f,-0.7022f,-0.0898f,-0.7063f,-0.5471f,-0.539f,-0.5811f,0.6097f,1.0259f,0f,0f,0f,1f],start_interpolation: 0,interpolation_duration: 1}
$data merge entity $(leftforearm) {transformation: [-0.7059f,0.6069f,-0.3653f,1.1993f,0.5188f,0.0917f,-0.85f,-0.4369f,-0.4823f,-0.7895f,-0.3796f,0.4466f,0f,0f,0f,1f],start_interpolation: 0,interpolation_duration: 1}
$data merge entity $(leftelbow) {transformation: [-0.8395f,-0.403f,-0.3644f,1.1238f,0.1188f,0.5183f,-0.8469f,-0.3397f,0.5302f,-0.7543f,-0.3872f,0.3051f,0f,0f,0f,1f],start_interpolation: 0,interpolation_duration: 1}
$data merge entity $(leftarm) {transformation: [-0.8395f,-0.403f,-0.3644f,0.75f,0.1188f,0.5183f,-0.8469f,-0.0281f,0.5302f,-0.7543f,-0.3872f,0.0561f,0f,0f,0f,1f],start_interpolation: 0,interpolation_duration: 1}
$data merge entity $(rightthumb2) {transformation: [-0.3989f,-0.7973f,-0.453f,-0.4258f,0.8158f,-0.0829f,-0.5724f,-0.3064f,0.4188f,-0.5979f,0.6835f,1.0432f,0f,0f,0f,1f],start_interpolation: 0,interpolation_duration: 1}
$data merge entity $(rightthumb) {transformation: [-0.3989f,-0.7973f,-0.453f,-0.66f,0.8158f,-0.0829f,-0.5724f,-0.3756f,0.4188f,-0.5979f,0.6835f,0.955f,0f,0f,0f,1f],start_interpolation: 0,interpolation_duration: 1}
$data merge entity $(rightpointerfinger) {transformation: [-0.4436f,-0.7733f,-0.453f,-0.4781f,0.8098f,-0.1292f,-0.5724f,-0.267f,0.3841f,-0.6207f,0.6835f,1.2351f,0f,0f,0f,1f],start_interpolation: 0,interpolation_duration: 1}
$data merge entity $(rightmidfinger) {transformation: [-0.6004f,-0.659f,-0.453f,-0.5489f,0.7626f,-0.3014f,-0.5724f,-0.3564f,0.2406f,-0.6891f,0.6835f,1.3419f,0f,0f,0f,1f],start_interpolation: 0,interpolation_duration: 1}
$data merge entity $(rightringfinger) {transformation: [-0.6556f,-0.6042f,-0.453f,-0.6196f,0.7334f,-0.3667f,-0.5724f,-0.4459f,0.1797f,-0.7075f,0.6835f,1.4487f,0f,0f,0f,1f],start_interpolation: 0,interpolation_duration: 1}
$data merge entity $(hugeasssword) {transformation: [0f,0f,0f,-0.583f,0f,0f,0f,-0.6f,0f,0f,0f,1.0925f,0f,0f,0f,1f],start_interpolation: 0,interpolation_duration: 1}
$data merge entity $(whey) {transformation: [0f,0f,0f,-0.376f,0f,0f,0f,-0.652f,0f,0f,0f,0.9804f,0f,0f,0f,1f],start_interpolation: 0,interpolation_duration: 1}
$data merge entity $(ice) {transformation: [-0.3989f,-0.7973f,-0.453f,-0.5643f,0.8158f,-0.0829f,-0.5724f,-0.6115f,0.4188f,-0.5979f,0.6835f,1.0953f,0f,0f,0f,1f],start_interpolation: 0,interpolation_duration: 1}
$data merge entity $(righthand1) {transformation: [-0.3989f,-0.7973f,-0.453f,-0.8775f,0.8158f,-0.0829f,-0.5724f,-0.4462f,0.4188f,-0.5979f,0.6835f,1.0719f,0f,0f,0f,1f],start_interpolation: 0,interpolation_duration: 1}
$data merge entity $(rightforearm) {transformation: [-0.7573f,-0.5756f,0.3085f,-1.2397f,-0.4176f,0.0636f,-0.9064f,-0.3612f,0.5021f,-0.8152f,-0.2886f,0.4718f,0f,0f,0f,1f],start_interpolation: 0,interpolation_duration: 1}
$data merge entity $(rightelbow) {transformation: [-0.8219f,0.4768f,0.3116f,-1.1503f,-0.1072f,0.4079f,-0.9067f,-0.2847f,-0.5595f,-0.7786f,-0.2842f,0.3258f,0f,0f,0f,1f],start_interpolation: 0,interpolation_duration: 1}
$data merge entity $(rightarm) {transformation: [-0.8341f,0.4551f,0.3116f,-0.75f,-0.1178f,0.405f,-0.9067f,-0.0281f,-0.5389f,-0.793f,-0.2842f,0.0561f,0f,0f,0f,1f],start_interpolation: 0,interpolation_duration: 1}
$data merge entity $(chest1) {transformation: [-1.0833f,0f,0f,-0.0023f,0f,0.8299f,0.6964f,-0.0801f,0f,0.6964f,-0.8299f,-0.1313f,0f,0f,0f,1f],start_interpolation: 0,interpolation_duration: 1}
$data merge entity $(chest1lid) {transformation: [-1f,0f,0f,-0.3437f,0f,0.8213f,0.5704f,-0.8466f,0f,0.5704f,-0.8213f,-0.2821f,0f,0f,0f,1f],start_interpolation: 0,interpolation_duration: 1}
$data merge entity $(chest2) {transformation: [-1f,0f,0f,-0.3437f,0f,0.8213f,0.5704f,-0.9749f,0f,0.5704f,-0.8213f,-0.3713f,0f,0f,0f,1f],start_interpolation: 0,interpolation_duration: 1}
$data merge entity $(chest1lid3) {transformation: [-1f,0f,0f,-0.2812f,0f,0.7799f,0.6259f,-0.4413f,0f,0.6259f,-0.7799f,-0.7642f,0f,0f,0f,1f],start_interpolation: 0,interpolation_duration: 1}
$data merge entity $(chest3) {transformation: [-1f,0f,0f,-0.2812f,0f,0.7799f,0.6259f,-0.5631f,0f,0.6259f,-0.7799f,-0.862f,0f,0f,0f,1f],start_interpolation: 0,interpolation_duration: 1}
$data merge entity $(hugeasssword2) {transformation: [0f,1.6553f,-3.5497f,-1.7344f,-2.5176f,2.7192f,1.268f,0.3925f,3.0003f,2.2817f,1.064f,-0.0805f,0f,0f,0f,1f],start_interpolation: 0,interpolation_duration: 1}
$data merge entity $(belt) {transformation: [-1f,0f,0f,0.0297f,0f,0.766f,0.6428f,-0.4694f,0f,0.6428f,-0.766f,-0.2871f,0f,0f,0f,1f],start_interpolation: 0,interpolation_duration: 1}
$data merge entity $(torn_part) {transformation: [-1f,0f,0f,-0.0937f,0f,0.5373f,0.8434f,-0.6845f,0f,0.8434f,-0.5373f,-0.4743f,0f,0f,0f,1f],start_interpolation: 0,interpolation_duration: 1}
$data merge entity $(lowerbody) {transformation: [-1f,0f,0f,0.0039f,0f,0.766f,0.6428f,-1.1489f,0f,0.6428f,-0.766f,-0.6805f,0f,0f,0f,1f],start_interpolation: 0,interpolation_duration: 1}
$data merge entity $(leftfoot) {transformation: [-1f,0f,0f,0.2813f,0f,0.9958f,0.0918f,-2.962f,0f,0.0918f,-0.9958f,-1.3174f,0f,0f,0f,1f],start_interpolation: 0,interpolation_duration: 1}
$data merge entity $(leftlowerleg) {transformation: [-1f,0f,0f,0.2813f,0f,0.8849f,0.4659f,-2.0519f,0f,0.4659f,-0.8849f,-0.6646f,0f,0f,0f,1f],start_interpolation: 0,interpolation_duration: 1}
$data merge entity $(leftleg) {transformation: [-1f,0f,0f,0.25f,0f,0.9844f,-0.1759f,-1.0014f,0f,-0.1759f,-0.9844f,-0.8259f,0f,0f,0f,1f],start_interpolation: 0,interpolation_duration: 1}
$data merge entity $(rightfoot) {transformation: [-1f,0f,0f,-0.2812f,0f,-0.2379f,0.9713f,-1.5603f,0f,0.9713f,0.2379f,-2.5929f,0f,0f,0f,1f],start_interpolation: 0,interpolation_duration: 1}
$data merge entity $(rightlowerleg) {transformation: [-1f,0f,0f,-0.2812f,0f,-0.0947f,0.9955f,-1.8182f,0f,0.9955f,0.0947f,-1.503f,0f,0f,0f,1f],start_interpolation: 0,interpolation_duration: 1}
$data merge entity $(rightleg) {transformation: [-1f,0f,0f,-0.25f,0f,0.7436f,0.6686f,-1.0456f,0f,0.6686f,-0.7436f,-0.7732f,0f,0f,0f,1f],start_interpolation: 0,interpolation_duration: 1}
data modify entity @s data merge value {"cameras":{},"locators":{"soup":{"px":0.4176043861025781,"py":-0.5305274785788445,"pz":0.9960163617462436,"ry":139.2084380937871,"rx":44.6020579321979},"lefthand":{"px":0.47856232446771535,"py":-0.6383693678868976,"pz":1.1418643105799025,"ry":149.4663259147071,"rx":-44.93635354223433},"sword":{"px":-0.5829531254271547,"py":-0.6000203091703618,"pz":1.0924698422740633,"ry":213.53456338470397,"rx":-34.91430598096354},"righthand":{"px":-0.5821367967584063,"py":-0.5247730598588618,"pz":1.1332142452326788,"ry":213.53456338470397,"rx":-34.91430598096354},"chest":{"px":-0.37499999999999994,"py":-0.9870570301375616,"pz":-0.18945998446546772,"ry":0,"rx":34.78}}}