# This file was generated by Animated Java via MC-Build. It is not recommended to edit this file directly.
$data merge entity $(nose) {transformation: [-1f,0.0018f,-0.005f,0.0012f,0.0024f,0.9924f,-0.1232f,0.5467f,0.0047f,-0.1233f,-0.9924f,0.5455f,0f,0f,0f,1f],start_interpolation: 0,interpolation_duration: 1}
$data merge entity $(glowing_eye) {transformation: [-1f,0.0026f,-0.0046f,-0.1235f,0.0024f,0.9991f,0.0414f,0.6132f,0.0047f,0.0414f,-0.9991f,0.5838f,0f,0f,0f,1f],start_interpolation: 0,interpolation_duration: 1}
$data merge entity $(head) {transformation: [-1f,0.0026f,-0.0046f,0f,0.0024f,0.9991f,0.0414f,0.4311f,0.0047f,0.0414f,-0.9991f,0.3533f,0f,0f,0f,1f],start_interpolation: 0,interpolation_duration: 1}
$data merge entity $(leftthumb2) {transformation: [-0.684f,0.5245f,0.507f,0.6945f,-0.5841f,0.0226f,-0.8114f,-0.3132f,-0.437f,-0.8511f,0.2909f,1.2443f,0f,0f,0f,1f],start_interpolation: 0,interpolation_duration: 1}
$data merge entity $(leftthumb) {transformation: [-0.684f,0.5245f,0.507f,0.8664f,-0.5841f,0.0226f,-0.8114f,-0.377f,-0.437f,-0.8511f,0.2909f,1.0604f,0f,0f,0f,1f],start_interpolation: 0,interpolation_duration: 1}
$data merge entity $(leftpointerfinger) {transformation: [-0.7699f,0.3875f,0.507f,0.8128f,-0.578f,-0.0869f,-0.8114f,-0.3444f,-0.2704f,-0.9178f,0.2909f,1.406f,0f,0f,0f,1f],start_interpolation: 0,interpolation_duration: 1}
$data merge entity $(leftmidfinger) {transformation: [-0.7332f,0.4532f,0.507f,0.892f,-0.5834f,-0.0362f,-0.8114f,-0.4712f,-0.3493f,-0.8907f,0.2909f,1.4515f,0f,0f,0f,1f],start_interpolation: 0,interpolation_duration: 1}
$data merge entity $(leftringfinger) {transformation: [-0.7861f,0.3536f,0.507f,0.9712f,-0.5737f,-0.112f,-0.8114f,-0.5979f,-0.2301f,-0.9287f,0.2909f,1.4969f,0f,0f,0f,1f],start_interpolation: 0,interpolation_duration: 1}
$data merge entity $(invisibility) {transformation: [0.5666f,-0.4594f,0.684f,0.7062f,-0.0483f,0.8102f,0.5841f,-0.4402f,-0.8225f,-0.364f,0.437f,1.217f,0f,0f,0f,1f],start_interpolation: 0,interpolation_duration: 1}
$data merge entity $(swiftness) {transformation: [0.507f,0.5245f,0.684f,0.6946f,-0.8114f,0.0226f,0.5841f,-0.6259f,0.2909f,-0.8511f,0.437f,1.3641f,0f,0f,0f,1f],start_interpolation: 0,interpolation_duration: 1}
$data merge entity $(suspicious_stew) {transformation: [0.6896f,-0.2379f,0.684f,0.7767f,-0.3225f,0.7449f,0.5841f,-0.5934f,-0.6484f,-0.6234f,0.437f,1.3115f,0f,0f,0f,1f],start_interpolation: 0,interpolation_duration: 1}
$data merge entity $(log) {transformation: [-0.684f,0.5245f,0.507f,0.8019f,-0.5841f,0.0226f,-0.8114f,-0.6834f,-0.437f,-0.8511f,0.2909f,1.1777f,0f,0f,0f,1f],start_interpolation: 0,interpolation_duration: 1}
$data merge entity $(planks) {transformation: [-0.684f,0.5245f,0.507f,0.7377f,-0.5841f,0.0226f,-0.8114f,-0.7382f,-0.437f,-0.8511f,0.2909f,1.1368f,0f,0f,0f,1f],start_interpolation: 0,interpolation_duration: 1}
$data merge entity $(lefthand1) {transformation: [-0.684f,0.5245f,0.507f,1.0881f,-0.5841f,0.0226f,-0.8114f,-0.5064f,-0.437f,-0.8511f,0.2909f,1.0651f,0f,0f,0f,1f],start_interpolation: 0,interpolation_duration: 1}
$data merge entity $(leftforearm) {transformation: [-0.895f,0.3127f,-0.3181f,1.257f,0.381f,0.1652f,-0.9097f,-0.3522f,-0.2319f,-0.9354f,-0.267f,0.3971f,0f,0f,0f,1f],start_interpolation: 0,interpolation_duration: 1}
$data merge entity $(leftelbow) {transformation: [-0.7948f,-0.5002f,-0.3437f,1.1632f,0.0568f,0.5025f,-0.8627f,-0.258f,0.6042f,-0.7052f,-0.371f,0.2649f,0f,0f,0f,1f],start_interpolation: 0,interpolation_duration: 1}
$data merge entity $(leftarm) {transformation: [-0.7948f,-0.5002f,-0.3437f,0.75f,0.0568f,0.5025f,-0.8627f,0.0326f,0.6042f,-0.7052f,-0.371f,0.0561f,0f,0f,0f,1f],start_interpolation: 0,interpolation_duration: 1}
$data merge entity $(rightthumb2) {transformation: [-0.6251f,-0.4839f,-0.6125f,-0.7005f,0.6346f,0.1419f,-0.7597f,-0.4326f,0.4545f,-0.8635f,0.2184f,1.2215f,0f,0f,0f,1f],start_interpolation: 0,interpolation_duration: 1}
$data merge entity $(rightthumb) {transformation: [-0.6251f,-0.4839f,-0.6125f,-0.8715f,0.6346f,0.1419f,-0.7597f,-0.4627f,0.4545f,-0.8635f,0.2184f,1.0284f,0f,0f,0f,1f],start_interpolation: 0,interpolation_duration: 1}
$data merge entity $(rightpointerfinger) {transformation: [-0.6516f,-0.4476f,-0.6125f,-0.828f,0.6416f,0.1056f,-0.7597f,-0.4593f,0.4047f,-0.888f,0.2184f,1.3769f,0f,0f,0f,1f],start_interpolation: 0,interpolation_duration: 1}
$data merge entity $(rightmidfinger) {transformation: [-0.733f,-0.2959f,-0.6125f,-0.9237f,0.6493f,-0.0358f,-0.7597f,-0.578f,0.2029f,-0.9545f,0.2184f,1.411f,0f,0f,0f,1f],start_interpolation: 0,interpolation_duration: 1}
$data merge entity $(rightringfinger) {transformation: [-0.756f,-0.2309f,-0.6125f,-1.0194f,0.6437f,-0.0922f,-0.7597f,-0.6967f,0.1189f,-0.9686f,0.2184f,1.4452f,0f,0f,0f,1f],start_interpolation: 0,interpolation_duration: 1}
$data merge entity $(hugeasssword) {transformation: [0f,0f,0f,-0.8282f,0f,0f,0f,-0.722f,0f,0f,0f,1.1063f,0f,0f,0f,1f],start_interpolation: 0,interpolation_duration: 1}
$data merge entity $(whey) {transformation: [0f,0f,0f,-0.5893f,0f,0f,0f,-0.7376f,0f,0f,0f,1.0784f,0f,0f,0f,1f],start_interpolation: 0,interpolation_duration: 1}
$data merge entity $(ice) {transformation: [-0.6251f,-0.4839f,-0.6125f,-0.8109f,0.6346f,0.1419f,-0.7597f,-0.7342f,0.4545f,-0.8635f,0.2184f,1.1127f,0f,0f,0f,1f],start_interpolation: 0,interpolation_duration: 1}
$data merge entity $(righthand1) {transformation: [-0.6251f,-0.4839f,-0.6125f,-1.1072f,0.6346f,0.1419f,-0.7597f,-0.5638f,0.4545f,-0.8635f,0.2184f,1.0172f,0f,0f,0f,1f],start_interpolation: 0,interpolation_duration: 1}
$data merge entity $(rightforearm) {transformation: [-0.8992f,-0.3543f,0.2566f,-1.3042f,-0.377f,0.33f,-0.8654f,-0.2947f,0.222f,-0.875f,-0.4303f,0.3949f,0f,0f,0f,1f],start_interpolation: 0,interpolation_duration: 1}
$data merge entity $(rightelbow) {transformation: [-0.7091f,0.6314f,0.3139f,-1.1858f,-0.0335f,0.4146f,-0.9094f,-0.2169f,-0.7043f,-0.6554f,-0.2728f,0.272f,0f,0f,0f,1f],start_interpolation: 0,interpolation_duration: 1}
$data merge entity $(rightarm) {transformation: [-0.7712f,0.5538f,0.3139f,-0.75f,-0.0766f,0.4088f,-0.9094f,0.0326f,-0.6319f,-0.7254f,-0.2728f,0.0561f,0f,0f,0f,1f],start_interpolation: 0,interpolation_duration: 1}
$data merge entity $(chest1) {transformation: [-1.0833f,0f,0f,-0.0023f,0f,0.8299f,0.6964f,-0.0194f,0f,0.6964f,-0.8299f,-0.1313f,0f,0f,0f,1f],start_interpolation: 0,interpolation_duration: 1}
$data merge entity $(chest1lid) {transformation: [-1f,0f,0f,-0.3437f,0f,0.8213f,0.5704f,-0.7858f,0f,0.5704f,-0.8213f,-0.2821f,0f,0f,0f,1f],start_interpolation: 0,interpolation_duration: 1}
$data merge entity $(chest2) {transformation: [-1f,0f,0f,-0.3437f,0f,0.8213f,0.5704f,-0.9142f,0f,0.5704f,-0.8213f,-0.3713f,0f,0f,0f,1f],start_interpolation: 0,interpolation_duration: 1}
$data merge entity $(chest1lid3) {transformation: [-1f,0f,0f,-0.2812f,0f,0.7799f,0.6259f,-0.3805f,0f,0.6259f,-0.7799f,-0.7642f,0f,0f,0f,1f],start_interpolation: 0,interpolation_duration: 1}
$data merge entity $(chest3) {transformation: [-1f,0f,0f,-0.2812f,0f,0.7799f,0.6259f,-0.5024f,0f,0.6259f,-0.7799f,-0.862f,0f,0f,0f,1f],start_interpolation: 0,interpolation_duration: 1}
$data merge entity $(hugeasssword2) {transformation: [0f,1.6553f,-3.5497f,-1.7344f,-2.5176f,2.7192f,1.268f,0.4532f,3.0003f,2.2817f,1.064f,-0.0805f,0f,0f,0f,1f],start_interpolation: 0,interpolation_duration: 1}
$data merge entity $(belt) {transformation: [-1f,0f,0f,0.0297f,0f,0.766f,0.6428f,-0.4087f,0f,0.6428f,-0.766f,-0.2871f,0f,0f,0f,1f],start_interpolation: 0,interpolation_duration: 1}
$data merge entity $(torn_part) {transformation: [-1f,0f,0f,-0.0937f,0f,0.5373f,0.8434f,-0.6237f,0f,0.8434f,-0.5373f,-0.4743f,0f,0f,0f,1f],start_interpolation: 0,interpolation_duration: 1}
$data merge entity $(lowerbody) {transformation: [-1f,0f,0f,0.0039f,0f,0.766f,0.6428f,-1.0882f,0f,0.6428f,-0.766f,-0.6805f,0f,0f,0f,1f],start_interpolation: 0,interpolation_duration: 1}
$data merge entity $(leftfoot) {transformation: [-1f,0f,0f,0.2813f,0f,0.9008f,0.4342f,-2.6277f,0f,0.4342f,-0.9008f,-1.7439f,0f,0f,0f,1f],start_interpolation: 0,interpolation_duration: 1}
$data merge entity $(leftlowerleg) {transformation: [-1f,0f,0f,0.2813f,0f,0.666f,0.7459f,-2.0034f,0f,0.7459f,-0.666f,-0.8141f,0f,0f,0f,1f],start_interpolation: 0,interpolation_duration: 1}
$data merge entity $(leftleg) {transformation: [-1f,0f,0f,0.25f,0f,0.9994f,-0.0356f,-0.9406f,0f,-0.0356f,-0.9994f,-0.8259f,0f,0f,0f,1f],start_interpolation: 0,interpolation_duration: 1}
$data merge entity $(rightfoot) {transformation: [-1f,0f,0f,-0.2812f,0f,0.0424f,0.9991f,-1.9086f,0f,0.9991f,-0.0424f,-2.5056f,0f,0f,0f,1f],start_interpolation: 0,interpolation_duration: 1}
$data merge entity $(rightlowerleg) {transformation: [-1f,0f,0f,-0.2812f,0f,0.1867f,0.9824f,-1.8525f,0f,0.9824f,-0.1867f,-1.387f,0f,0f,0f,1f],start_interpolation: 0,interpolation_duration: 1}
$data merge entity $(rightleg) {transformation: [-1f,0f,0f,-0.25f,0f,0.8303f,0.5573f,-0.9848f,0f,0.5573f,-0.8303f,-0.7732f,0f,0f,0f,1f],start_interpolation: 0,interpolation_duration: 1}
data modify entity @s data merge value {"cameras":{},"locators":{"soup":{"px":0.7144192287127921,"py":-0.48366090607397133,"pz":1.1906706544148309,"ry":122.57069045121762,"rx":35.73955422742535},"lefthand":{"px":0.8171047300865613,"py":-0.6177319222504949,"pz":1.2806596423369974,"ry":119.84639707954119,"rx":-54.229722298602965},"sword":{"px":-0.8281628507118564,"py":-0.7220008145973886,"pz":1.1062659517713174,"ry":250.3768101384358,"rx":-49.438359950422026},"righthand":{"px":-0.852325404455757,"py":-0.665015759895358,"pz":1.1653573710390601,"ry":250.3768101384358,"rx":-49.43835995042203},"chest":{"px":-0.37499999999999994,"py":-0.926307030137562,"pz":-0.18945998446546772,"ry":0,"rx":34.78}}}