# This file was generated by Animated Java via MC-Build. It is not recommended to edit this file directly.
$data merge entity $(bone_nose) {transformation: [-1f,0.0018f,-0.005f,0.0012f,0.0024f,0.9924f,-0.1232f,0.5002f,0.0047f,-0.1233f,-0.9924f,0.5455f,0f,0f,0f,1f],start_interpolation: 0,interpolation_duration: 1}
$data merge entity $(bone_glowing_eye) {transformation: [-1f,0.0026f,-0.0046f,-0.1235f,0.0024f,0.9991f,0.0414f,0.5667f,0.0047f,0.0414f,-0.9991f,0.5838f,0f,0f,0f,1f],start_interpolation: 0,interpolation_duration: 1}
$data merge entity $(bone_head) {transformation: [-1f,0.0026f,-0.0046f,0f,0.0024f,0.9991f,0.0414f,0.3846f,0.0047f,0.0414f,-0.9991f,0.3533f,0f,0f,0f,1f],start_interpolation: 0,interpolation_duration: 1}
$data merge entity $(bone_leftthumb2) {transformation: [-0.5157f,0.7524f,0.4099f,0.4449f,-0.6705f,-0.0565f,-0.7398f,-0.3482f,-0.5334f,-0.6563f,0.5336f,1.0715f,0f,0f,0f,1f],start_interpolation: 0,interpolation_duration: 1}
$data merge entity $(bone_leftthumb) {transformation: [-0.5157f,0.7524f,0.4099f,0.6644f,-0.6705f,-0.0565f,-0.7398f,-0.4252f,-0.5334f,-0.6563f,0.5336f,0.9562f,0f,0f,0f,1f],start_interpolation: 0,interpolation_duration: 1}
$data merge entity $(bone_leftpointerfinger) {transformation: [-0.647f,0.6429f,0.4099f,0.5105f,-0.6482f,-0.1806f,-0.7398f,-0.3523f,-0.4015f,-0.7444f,0.5336f,1.2633f,0f,0f,0f,1f],start_interpolation: 0,interpolation_duration: 1}
$data merge entity $(bone_leftmidfinger) {transformation: [-0.5886f,0.6968f,0.4099f,0.5746f,-0.6614f,-0.1235f,-0.7398f,-0.4679f,-0.4649f,-0.7065f,0.5336f,1.3467f,0f,0f,0f,1f],start_interpolation: 0,interpolation_duration: 1}
$data merge entity $(bone_leftringfinger) {transformation: [-0.6745f,0.614f,0.4099f,0.6386f,-0.6397f,-0.2087f,-0.7398f,-0.5835f,-0.3687f,-0.7612f,0.5336f,1.4301f,0f,0f,0f,1f],start_interpolation: 0,interpolation_duration: 1}
$data merge entity $(bone_invisibility) {transformation: [0.7852f,-0.3428f,0.5157f,0.466f,-0.1207f,0.732f,0.6705f,-0.4768f,-0.6073f,-0.5887f,0.5334f,1.0664f,0f,0f,0f,1f],start_interpolation: 0,interpolation_duration: 1}
$data merge entity $(bone_swiftness) {transformation: [0.4099f,0.7524f,0.5157f,0.4141f,-0.7398f,-0.0565f,0.6705f,-0.6428f,0.5336f,-0.6563f,0.5334f,1.2275f,0f,0f,0f,1f],start_interpolation: 0,interpolation_duration: 1}
$data merge entity $(bone_suspicious_stew) {transformation: [0.8551f,-0.0536f,0.5157f,0.5076f,-0.3638f,0.6466f,0.6705f,-0.6129f,-0.3693f,-0.761f,0.5334f,1.1972f,0f,0f,0f,1f],start_interpolation: 0,interpolation_duration: 1}
$data merge entity $(bone_log) {transformation: [-0.5157f,0.7524f,0.4099f,0.5725f,-0.6705f,-0.0565f,-0.7398f,-0.7175f,-0.5334f,-0.6563f,0.5336f,1.0902f,0f,0f,0f,1f],start_interpolation: 0,interpolation_duration: 1}
$data merge entity $(bone_planks) {transformation: [-0.5157f,0.7524f,0.4099f,0.5242f,-0.6705f,-0.0565f,-0.7398f,-0.7803f,-0.5334f,-0.6563f,0.5336f,1.0402f,0f,0f,0f,1f],start_interpolation: 0,interpolation_duration: 1}
$data merge entity $(bone_lefthand1) {transformation: [-0.5157f,0.7524f,0.4099f,0.8767f,-0.6705f,-0.0565f,-0.7398f,-0.5408f,-0.5334f,-0.6563f,0.5336f,1.0428f,0f,0f,0f,1f],start_interpolation: 0,interpolation_duration: 1}
$data merge entity $(bone_leftforearm) {transformation: [-0.7608f,0.5393f,-0.361f,1.214f,0.4903f,0.1131f,-0.8642f,-0.4172f,-0.4253f,-0.8345f,-0.3505f,0.4349f,0f,0f,0f,1f],start_interpolation: 0,interpolation_duration: 1}
$data merge entity $(bone_leftelbow) {transformation: [-0.8294f,-0.4274f,-0.3598f,1.1339f,0.1039f,0.5149f,-0.8509f,-0.3206f,0.5489f,-0.7431f,-0.3827f,0.2956f,0f,0f,0f,1f],start_interpolation: 0,interpolation_duration: 1}
$data merge entity $(bone_leftarm) {transformation: [-0.8294f,-0.4274f,-0.3598f,0.75f,0.1039f,0.5149f,-0.8509f,-0.0139f,0.5489f,-0.7431f,-0.3827f,0.0561f,0f,0f,0f,1f],start_interpolation: 0,interpolation_duration: 1}
$data merge entity $(bone_rightthumb2) {transformation: [-0.4472f,-0.7335f,-0.5118f,-0.4806f,0.76f,-0.01f,-0.6498f,-0.3437f,0.4715f,-0.6796f,0.562f,1.1027f,0f,0f,0f,1f],start_interpolation: 0,interpolation_duration: 1}
$data merge entity $(bone_rightthumb) {transformation: [-0.4472f,-0.7335f,-0.5118f,-0.7042f,0.76f,-0.01f,-0.6498f,-0.4017f,0.4715f,-0.6796f,0.562f,0.9841f,0f,0f,0f,1f],start_interpolation: 0,interpolation_duration: 1}
$data merge entity $(bone_rightpointerfinger) {transformation: [-0.4882f,-0.7069f,-0.5118f,-0.552f,0.7582f,-0.0532f,-0.6498f,-0.3276f,0.4321f,-0.7053f,0.562f,1.2918f,0f,0f,0f,1f],start_interpolation: 0,interpolation_duration: 1}
$data merge entity $(bone_rightmidfinger) {transformation: [-0.6297f,-0.5845f,-0.5118f,-0.632f,0.7287f,-0.2161f,-0.6498f,-0.4291f,0.2692f,-0.7821f,0.562f,1.3796f,0f,0f,0f,1f],start_interpolation: 0,interpolation_duration: 1}
$data merge entity $(bone_rightringfinger) {transformation: [-0.6782f,-0.5274f,-0.5118f,-0.712f,0.7071f,-0.2788f,-0.6498f,-0.5306f,0.2f,-0.8026f,0.562f,1.4674f,0f,0f,0f,1f],start_interpolation: 0,interpolation_duration: 1}
$data merge entity $(bone_hugeasssword) {transformation: [0f,0f,0f,-0.6386f,0f,0f,0f,-0.641f,0f,0f,0f,1.1007f,0f,0f,0f,1f],start_interpolation: 0,interpolation_duration: 1}
$data merge entity $(bone_ice) {transformation: [-0.4472f,-0.7335f,-0.5118f,-0.6202f,0.76f,-0.01f,-0.6498f,-0.6527f,0.4715f,-0.6796f,0.562f,1.104f,0f,0f,0f,1f],start_interpolation: 0,interpolation_duration: 1}
$data merge entity $(bone_righthand1) {transformation: [-0.4472f,-0.7335f,-0.5118f,-0.9314f,0.76f,-0.01f,-0.6498f,-0.4855f,0.4715f,-0.6796f,0.562f,1.0695f,0f,0f,0f,1f],start_interpolation: 0,interpolation_duration: 1}
$data merge entity $(bone_rightforearm) {transformation: [-0.8031f,-0.5241f,0.2835f,-1.2541f,-0.4105f,0.1416f,-0.9008f,-0.3463f,0.432f,-0.8398f,-0.3288f,0.4572f,0f,0f,0f,1f],start_interpolation: 0,interpolation_duration: 1}
$data merge entity $(bone_rightelbow) {transformation: [-0.7974f,0.5164f,0.3123f,-1.1573f,-0.0893f,0.4109f,-0.9073f,-0.2692f,-0.5968f,-0.7514f,-0.2815f,0.3163f,0f,0f,0f,1f],start_interpolation: 0,interpolation_duration: 1}
$data merge entity $(bone_rightarm) {transformation: [-0.8233f,0.4739f,0.3123f,-0.75f,-0.1107f,0.4056f,-0.9073f,-0.0139f,-0.5567f,-0.7816f,-0.2815f,0.0561f,0f,0f,0f,1f],start_interpolation: 0,interpolation_duration: 1}
$data merge entity $(bone_chest1) {transformation: [-1.0833f,0f,0f,-0.0023f,0f,0.8299f,0.6964f,-0.0659f,0f,0.6964f,-0.8299f,-0.1313f,0f,0f,0f,1f],start_interpolation: 0,interpolation_duration: 1}
$data merge entity $(bone_chest1lid) {transformation: [-1f,0f,0f,-0.3437f,0f,0.8213f,0.5704f,-0.8323f,0f,0.5704f,-0.8213f,-0.2821f,0f,0f,0f,1f],start_interpolation: 0,interpolation_duration: 1}
$data merge entity $(bone_chest2) {transformation: [-1f,0f,0f,-0.3437f,0f,0.8213f,0.5704f,-0.9607f,0f,0.5704f,-0.8213f,-0.3713f,0f,0f,0f,1f],start_interpolation: 0,interpolation_duration: 1}
$data merge entity $(bone_chest1lid3) {transformation: [-1f,0f,0f,-0.2812f,0f,0.7799f,0.6259f,-0.427f,0f,0.6259f,-0.7799f,-0.7642f,0f,0f,0f,1f],start_interpolation: 0,interpolation_duration: 1}
$data merge entity $(bone_chest3) {transformation: [-1f,0f,0f,-0.2812f,0f,0.7799f,0.6259f,-0.5489f,0f,0.6259f,-0.7799f,-0.862f,0f,0f,0f,1f],start_interpolation: 0,interpolation_duration: 1}
$data merge entity $(bone_hugeasssword2) {transformation: [0f,1.6553f,-3.5497f,-1.7344f,-2.5176f,2.7192f,1.268f,0.4067f,3.0003f,2.2817f,1.064f,-0.0805f,0f,0f,0f,1f],start_interpolation: 0,interpolation_duration: 1}
$data merge entity $(bone_belt) {transformation: [-1f,0f,0f,0.0297f,0f,0.766f,0.6428f,-0.4552f,0f,0.6428f,-0.766f,-0.2871f,0f,0f,0f,1f],start_interpolation: 0,interpolation_duration: 1}
$data merge entity $(bone_torn_part) {transformation: [-1f,0f,0f,-0.0937f,0f,0.5373f,0.8434f,-0.6702f,0f,0.8434f,-0.5373f,-0.4743f,0f,0f,0f,1f],start_interpolation: 0,interpolation_duration: 1}
$data merge entity $(bone_lowerbody) {transformation: [-1f,0f,0f,0.0039f,0f,0.766f,0.6428f,-1.1347f,0f,0.6428f,-0.766f,-0.6805f,0f,0f,0f,1f],start_interpolation: 0,interpolation_duration: 1}
$data merge entity $(bone_leftfoot) {transformation: [-1f,0f,0f,0.2813f,0f,0.9834f,0.1815f,-2.8887f,0f,0.1815f,-0.9834f,-1.4243f,0f,0f,0f,1f],start_interpolation: 0,interpolation_duration: 1}
$data merge entity $(bone_leftlowerleg) {transformation: [-1f,0f,0f,0.2813f,0f,0.8391f,0.544f,-2.0415f,0f,0.544f,-0.8391f,-0.6918f,0f,0f,0f,1f],start_interpolation: 0,interpolation_duration: 1}
$data merge entity $(bone_leftleg) {transformation: [-1f,0f,0f,0.25f,0f,0.9886f,-0.1504f,-0.9871f,0f,-0.1504f,-0.9886f,-0.8259f,0f,0f,0f,1f],start_interpolation: 0,interpolation_duration: 1}
$data merge entity $(bone_rightfoot) {transformation: [-1f,0f,0f,-0.2812f,0f,-0.1802f,0.9836f,-1.6293f,0f,0.9836f,0.1802f,-2.586f,0f,0f,0f,1f],start_interpolation: 0,interpolation_duration: 1}
$data merge entity $(bone_rightlowerleg) {transformation: [-1f,0f,0f,-0.2812f,0f,-0.0358f,0.9994f,-1.8226f,0f,0.9994f,0.0358f,-1.4828f,0f,0f,0f,1f],start_interpolation: 0,interpolation_duration: 1}
$data merge entity $(bone_rightleg) {transformation: [-1f,0f,0f,-0.25f,0f,0.7606f,0.6492f,-1.0313f,0f,0.6492f,-0.7606f,-0.7732f,0f,0f,0f,1f],start_interpolation: 0,interpolation_duration: 1}
data modify entity @s data merge value {"cameras":{},"locators":{"lefthand":{"posx":0.5556515947518306,"posy":-0.6386435640127295,"posz":1.1831059237405506,"roty":142.46475229230077,"rotx":-47.711309451400886},"sword":{"posx":-0.6386185541971169,"posy":-0.6409923336309765,"posz":1.1006926688952008,"roty":222.32532119266304,"rotx":-40.527021781634076},"righthand":{"posx":-0.6426595313688279,"posy":-0.5711731091066216,"posz":1.1500066393722561,"roty":222.32532119266304,"rotx":-40.52702178163406},"chest":{"posx":-0.37499999999999994,"posy":-0.972807030137562,"posz":-0.18945998446546772,"roty":0,"rotx":34.78}}}