# This file was generated by Animated Java via MC-Build. It is not recommended to edit this file directly.
$data merge entity $(bone_nose) {transformation: [-1f,0.0018f,-0.005f,0.0012f,0.0024f,0.9924f,-0.1232f,0.4946f,0.0047f,-0.1233f,-0.9924f,0.5455f,0f,0f,0f,1f],start_interpolation: 0,interpolation_duration: 1}
$data merge entity $(bone_glowing_eye) {transformation: [-1f,0.0026f,-0.0046f,-0.1235f,0.0024f,0.9991f,0.0414f,0.5611f,0.0047f,0.0414f,-0.9991f,0.5838f,0f,0f,0f,1f],start_interpolation: 0,interpolation_duration: 1}
$data merge entity $(bone_head) {transformation: [-1f,0.0026f,-0.0046f,0f,0.0024f,0.9991f,0.0414f,0.379f,0.0047f,0.0414f,-0.9991f,0.3533f,0f,0f,0f,1f],start_interpolation: 0,interpolation_duration: 1}
$data merge entity $(bone_leftthumb2) {transformation: [-0.4961f,0.7747f,0.3921f,0.419f,-0.6823f,-0.0686f,-0.7278f,-0.3512f,-0.537f,-0.6286f,0.5626f,1.0468f,0f,0f,0f,1f],start_interpolation: 0,interpolation_duration: 1}
$data merge entity $(bone_leftthumb) {transformation: [-0.4961f,0.7747f,0.3921f,0.6425f,-0.6823f,-0.0686f,-0.7278f,-0.4302f,-0.537f,-0.6286f,0.5626f,0.9407f,0f,0f,0f,1f],start_interpolation: 0,interpolation_duration: 1}
$data merge entity $(bone_leftpointerfinger) {transformation: [-0.632f,0.6685f,0.3921f,0.4779f,-0.6575f,-0.1948f,-0.7278f,-0.3513f,-0.4102f,-0.7178f,0.5626f,1.2408f,0f,0f,0f,1f],start_interpolation: 0,interpolation_duration: 1}
$data merge entity $(bone_leftmidfinger) {transformation: [-0.5714f,0.721f,0.3921f,0.5392f,-0.672f,-0.1367f,-0.7278f,-0.465f,-0.4712f,-0.6793f,0.5626f,1.3287f,0f,0f,0f,1f],start_interpolation: 0,interpolation_duration: 1}
$data merge entity $(bone_leftringfinger) {transformation: [-0.6606f,0.6403f,0.3921f,0.6005f,-0.6484f,-0.2233f,-0.7278f,-0.5788f,-0.3785f,-0.735f,0.5626f,1.4166f,0f,0f,0f,1f],start_interpolation: 0,interpolation_duration: 1}
$data merge entity $(bone_invisibility) {transformation: [0.8059f,-0.323f,0.4961f,0.4404f,-0.1318f,0.7191f,0.6823f,-0.4799f,-0.5772f,-0.6153f,0.537f,1.045f,0f,0f,0f,1f],start_interpolation: 0,interpolation_duration: 1}
$data merge entity $(bone_swiftness) {transformation: [0.3921f,0.7747f,0.4961f,0.3832f,-0.7278f,-0.0686f,0.6823f,-0.6426f,0.5626f,-0.6286f,0.537f,1.2077f,0f,0f,0f,1f],start_interpolation: 0,interpolation_duration: 1}
$data merge entity $(bone_suspicious_stew) {transformation: [0.8678f,-0.0279f,0.4961f,0.4776f,-0.3698f,0.6306f,0.6823f,-0.6132f,-0.3319f,-0.7756f,0.537f,1.18f,0f,0f,0f,1f],start_interpolation: 0,interpolation_duration: 1}
$data merge entity $(bone_log) {transformation: [-0.4961f,0.7747f,0.3921f,0.5463f,-0.6823f,-0.0686f,-0.7278f,-0.7198f,-0.537f,-0.6286f,0.5626f,1.0775f,0f,0f,0f,1f],start_interpolation: 0,interpolation_duration: 1}
$data merge entity $(bone_planks) {transformation: [-0.4961f,0.7747f,0.3921f,0.4998f,-0.6823f,-0.0686f,-0.7278f,-0.7838f,-0.537f,-0.6286f,0.5626f,1.0271f,0f,0f,0f,1f],start_interpolation: 0,interpolation_duration: 1}
$data merge entity $(bone_lefthand1) {transformation: [-0.4961f,0.7747f,0.3921f,0.8518f,-0.6823f,-0.0686f,-0.7278f,-0.5437f,-0.537f,-0.6286f,0.5626f,1.037f,0f,0f,0f,1f],start_interpolation: 0,interpolation_duration: 1}
$data merge entity $(bone_leftforearm) {transformation: [-0.7407f,0.5652f,-0.3632f,1.2085f,0.5014f,0.1053f,-0.8588f,-0.4249f,-0.4471f,-0.8182f,-0.3614f,0.4393f,0f,0f,0f,1f],start_interpolation: 0,interpolation_duration: 1}
$data merge entity $(bone_leftelbow) {transformation: [-0.8333f,-0.4182f,-0.3616f,1.1301f,0.1095f,0.5162f,-0.8494f,-0.3281f,0.5419f,-0.7474f,-0.3843f,0.2992f,0f,0f,0f,1f],start_interpolation: 0,interpolation_duration: 1}
$data merge entity $(bone_leftarm) {transformation: [-0.8333f,-0.4182f,-0.3616f,0.75f,0.1095f,0.5162f,-0.8494f,-0.0195f,0.5419f,-0.7474f,-0.3843f,0.0561f,0f,0f,0f,1f],start_interpolation: 0,interpolation_duration: 1}
$data merge entity $(bone_rightthumb2) {transformation: [-0.4288f,-0.7584f,-0.4909f,-0.4571f,0.7778f,-0.0335f,-0.6276f,-0.3317f,0.4595f,-0.6509f,0.6043f,1.0831f,0f,0f,0f,1f],start_interpolation: 0,interpolation_duration: 1}
$data merge entity $(bone_rightthumb) {transformation: [-0.4288f,-0.7584f,-0.4909f,-0.685f,0.7778f,-0.0335f,-0.6276f,-0.3935f,0.4595f,-0.6509f,0.6043f,0.9751f,0f,0f,0f,1f],start_interpolation: 0,interpolation_duration: 1}
$data merge entity $(bone_rightpointerfinger) {transformation: [-0.4712f,-0.7328f,-0.4909f,-0.5213f,0.7747f,-0.0777f,-0.6276f,-0.3084f,0.4217f,-0.676f,0.6043f,1.274f,0f,0f,0f,1f],start_interpolation: 0,interpolation_duration: 1}
$data merge entity $(bone_rightmidfinger) {transformation: [-0.6186f,-0.6134f,-0.4909f,-0.598f,0.7395f,-0.2435f,-0.6276f,-0.4065f,0.2654f,-0.7513f,0.6043f,1.3684f,0f,0f,0f,1f],start_interpolation: 0,interpolation_duration: 1}
$data merge entity $(bone_rightringfinger) {transformation: [-0.6698f,-0.5572f,-0.4909f,-0.6747f,0.7154f,-0.3071f,-0.6276f,-0.5046f,0.199f,-0.7715f,0.6043f,1.4628f,0f,0f,0f,1f],start_interpolation: 0,interpolation_duration: 1}
$data merge entity $(bone_hugeasssword) {transformation: [0f,0f,0f,-0.6152f,0f,0f,0f,-0.6285f,0f,0f,0f,1.0979f,0f,0f,0f,1f],start_interpolation: 0,interpolation_duration: 1}
$data merge entity $(bone_ice) {transformation: [-0.4288f,-0.7584f,-0.4909f,-0.5967f,0.7778f,-0.0335f,-0.6276f,-0.6402f,0.4595f,-0.6509f,0.6043f,1.1009f,0f,0f,0f,1f],start_interpolation: 0,interpolation_duration: 1}
$data merge entity $(bone_righthand1) {transformation: [-0.4288f,-0.7584f,-0.4909f,-0.9088f,0.7778f,-0.0335f,-0.6276f,-0.4737f,0.4595f,-0.6509f,0.6043f,1.072f,0f,0f,0f,1f],start_interpolation: 0,interpolation_duration: 1}
$data merge entity $(bone_rightforearm) {transformation: [-0.7866f,-0.545f,0.2903f,-1.2474f,-0.4136f,0.1158f,-0.9031f,-0.3523f,0.4585f,-0.8304f,-0.3165f,0.4644f,0f,0f,0f,1f],start_interpolation: 0,interpolation_duration: 1}
$data merge entity $(bone_rightelbow) {transformation: [-0.808f,0.4998f,0.312f,-1.1537f,-0.0967f,0.4099f,-0.907f,-0.2755f,-0.5812f,-0.763f,-0.2829f,0.3213f,0f,0f,0f,1f],start_interpolation: 0,interpolation_duration: 1}
$data merge entity $(bone_rightarm) {transformation: [-0.829f,0.4641f,0.312f,-0.75f,-0.1144f,0.4053f,-0.907f,-0.0195f,-0.5474f,-0.7876f,-0.2829f,0.0561f,0f,0f,0f,1f],start_interpolation: 0,interpolation_duration: 1}
$data merge entity $(bone_chest1) {transformation: [-1.0833f,0f,0f,-0.0023f,0f,0.8299f,0.6964f,-0.0715f,0f,0.6964f,-0.8299f,-0.1313f,0f,0f,0f,1f],start_interpolation: 0,interpolation_duration: 1}
$data merge entity $(bone_chest1lid) {transformation: [-1f,0f,0f,-0.3437f,0f,0.8213f,0.5704f,-0.838f,0f,0.5704f,-0.8213f,-0.2821f,0f,0f,0f,1f],start_interpolation: 0,interpolation_duration: 1}
$data merge entity $(bone_chest2) {transformation: [-1f,0f,0f,-0.3437f,0f,0.8213f,0.5704f,-0.9663f,0f,0.5704f,-0.8213f,-0.3713f,0f,0f,0f,1f],start_interpolation: 0,interpolation_duration: 1}
$data merge entity $(bone_chest1lid3) {transformation: [-1f,0f,0f,-0.2812f,0f,0.7799f,0.6259f,-0.4326f,0f,0.6259f,-0.7799f,-0.7642f,0f,0f,0f,1f],start_interpolation: 0,interpolation_duration: 1}
$data merge entity $(bone_chest3) {transformation: [-1f,0f,0f,-0.2812f,0f,0.7799f,0.6259f,-0.5545f,0f,0.6259f,-0.7799f,-0.862f,0f,0f,0f,1f],start_interpolation: 0,interpolation_duration: 1}
$data merge entity $(bone_hugeasssword2) {transformation: [0f,1.6553f,-3.5497f,-1.7344f,-2.5176f,2.7192f,1.268f,0.4011f,3.0003f,2.2817f,1.064f,-0.0805f,0f,0f,0f,1f],start_interpolation: 0,interpolation_duration: 1}
$data merge entity $(bone_belt) {transformation: [-1f,0f,0f,0.0297f,0f,0.766f,0.6428f,-0.4608f,0f,0.6428f,-0.766f,-0.2871f,0f,0f,0f,1f],start_interpolation: 0,interpolation_duration: 1}
$data merge entity $(bone_torn_part) {transformation: [-1f,0f,0f,-0.0937f,0f,0.5373f,0.8434f,-0.6759f,0f,0.8434f,-0.5373f,-0.4743f,0f,0f,0f,1f],start_interpolation: 0,interpolation_duration: 1}
$data merge entity $(bone_lowerbody) {transformation: [-1f,0f,0f,0.0039f,0f,0.766f,0.6428f,-1.1403f,0f,0.6428f,-0.766f,-0.6805f,0f,0f,0f,1f],start_interpolation: 0,interpolation_duration: 1}
$data merge entity $(bone_leftfoot) {transformation: [-1f,0f,0f,0.2813f,0f,0.9889f,0.1483f,-2.9166f,0f,0.1483f,-0.9889f,-1.3811f,0f,0f,0f,1f],start_interpolation: 0,interpolation_duration: 1}
$data merge entity $(bone_leftlowerleg) {transformation: [-1f,0f,0f,0.2813f,0f,0.8569f,0.5155f,-2.0452f,0f,0.5155f,-0.8569f,-0.6775f,0f,0f,0f,1f],start_interpolation: 0,interpolation_duration: 1}
$data merge entity $(bone_leftleg) {transformation: [-1f,0f,0f,0.25f,0f,0.9865f,-0.1638f,-0.9928f,0f,-0.1638f,-0.9865f,-0.8259f,0f,0f,0f,1f],start_interpolation: 0,interpolation_duration: 1}
$data merge entity $(bone_rightfoot) {transformation: [-1f,0f,0f,-0.2812f,0f,-0.2063f,0.9785f,-1.596f,0f,0.9785f,0.2063f,-2.5911f,0f,0f,0f,1f],start_interpolation: 0,interpolation_duration: 1}
$data merge entity $(bone_rightlowerleg) {transformation: [-1f,0f,0f,-0.2812f,0f,-0.0624f,0.9981f,-1.8185f,0f,0.9981f,0.0624f,-1.4935f,0f,0f,0f,1f],start_interpolation: 0,interpolation_duration: 1}
$data merge entity $(bone_rightleg) {transformation: [-1f,0f,0f,-0.25f,0f,0.7517f,0.6595f,-1.0369f,0f,0.6595f,-0.7517f,-0.7732f,0f,0f,0f,1f],start_interpolation: 0,interpolation_duration: 1}
data modify entity @s data merge value {"cameras":{},"locators":{"lefthand":{"posx":0.5261668371511663,"posy":-0.6391216105179184,"posz":1.16811195439944,"roty":145.12995742173032,"rotx":-46.70519847406463},"sword":{"posx":-0.6152242674395393,"posy":-0.6285172618790417,"posz":1.097923872882953,"roty":219.08943700330525,"rotx":-38.87267812979933},"righthand":{"posx":-0.61737002247783,"posy":-0.5569200809331877,"posz":1.1447443887901787,"roty":219.08943700330525,"rotx":-38.87267812979933},"chest":{"posx":-0.37499999999999994,"posy":-0.978418141248673,"posz":-0.18945998446546772,"roty":0,"rotx":34.78}}}