# This file was generated by Animated Java via MC-Build. It is not recommended to edit this file directly.
$data merge entity $(bone_nose) {transformation: [-1f,0.0018f,-0.005f,0.0012f,0.0024f,0.9924f,-0.1232f,0.4898f,0.0047f,-0.1233f,-0.9924f,0.5455f,0f,0f,0f,1f],start_interpolation: 0,interpolation_duration: 1}
$data merge entity $(bone_glowing_eye) {transformation: [-1f,0.0026f,-0.0046f,-0.1235f,0.0024f,0.9991f,0.0414f,0.5563f,0.0047f,0.0414f,-0.9991f,0.5838f,0f,0f,0f,1f],start_interpolation: 0,interpolation_duration: 1}
$data merge entity $(bone_head) {transformation: [-1f,0.0026f,-0.0046f,0f,0.0024f,0.9991f,0.0414f,0.3742f,0.0047f,0.0414f,-0.9991f,0.3533f,0f,0f,0f,1f],start_interpolation: 0,interpolation_duration: 1}
$data merge entity $(bone_leftthumb2) {transformation: [-0.4799f,0.7927f,0.3758f,0.3978f,-0.6925f,-0.0793f,-0.717f,-0.3537f,-0.5386f,-0.6044f,0.5871f,1.0251f,0f,0f,0f,1f],start_interpolation: 0,interpolation_duration: 1}
$data merge entity $(bone_leftthumb) {transformation: [-0.4799f,0.7927f,0.3758f,0.6243f,-0.6925f,-0.0793f,-0.717f,-0.4344f,-0.5386f,-0.6044f,0.5871f,0.9271f,0f,0f,0f,1f],start_interpolation: 0,interpolation_duration: 1}
$data merge entity $(bone_leftpointerfinger) {transformation: [-0.6195f,0.6892f,0.3758f,0.451f,-0.6655f,-0.2072f,-0.717f,-0.3502f,-0.4163f,-0.6943f,0.5871f,1.2208f,0f,0f,0f,1f],start_interpolation: 0,interpolation_duration: 1}
$data merge entity $(bone_leftmidfinger) {transformation: [-0.5571f,0.7406f,0.3758f,0.5097f,-0.681f,-0.1484f,-0.717f,-0.4622f,-0.4752f,-0.6554f,0.5871f,1.3125f,0f,0f,0f,1f],start_interpolation: 0,interpolation_duration: 1}
$data merge entity $(bone_leftringfinger) {transformation: [-0.649f,0.6615f,0.3758f,0.5685f,-0.6558f,-0.2361f,-0.717f,-0.5742f,-0.3856f,-0.7118f,0.5871f,1.4042f,0f,0f,0f,1f],start_interpolation: 0,interpolation_duration: 1}
$data merge entity $(bone_invisibility) {transformation: [0.8225f,-0.3053f,0.4799f,0.4193f,-0.1415f,0.7074f,0.6925f,-0.4823f,-0.5509f,-0.6375f,0.5386f,1.0264f,0f,0f,0f,1f],start_interpolation: 0,interpolation_duration: 1}
$data merge entity $(bone_swiftness) {transformation: [0.3758f,0.7927f,0.4799f,0.3574f,-0.717f,-0.0793f,0.6925f,-0.6421f,0.5871f,-0.6044f,0.5386f,1.1903f,0f,0f,0f,1f],start_interpolation: 0,interpolation_duration: 1}
$data merge entity $(bone_suspicious_stew) {transformation: [0.8773f,-0.0056f,0.4799f,0.4526f,-0.3749f,0.6163f,0.6925f,-0.6131f,-0.2996f,-0.7875f,0.5386f,1.1648f,0f,0f,0f,1f],start_interpolation: 0,interpolation_duration: 1}
$data merge entity $(bone_log) {transformation: [-0.4799f,0.7927f,0.3758f,0.5243f,-0.6925f,-0.0793f,-0.717f,-0.7215f,-0.5386f,-0.6044f,0.5871f,1.0663f,0f,0f,0f,1f],start_interpolation: 0,interpolation_duration: 1}
$data merge entity $(bone_planks) {transformation: [-0.4799f,0.7927f,0.3758f,0.4793f,-0.6925f,-0.0793f,-0.717f,-0.7864f,-0.5386f,-0.6044f,0.5871f,1.0158f,0f,0f,0f,1f],start_interpolation: 0,interpolation_duration: 1}
$data merge entity $(bone_lefthand1) {transformation: [-0.4799f,0.7927f,0.3758f,0.8307f,-0.6925f,-0.0793f,-0.717f,-0.5458f,-0.5386f,-0.6044f,0.5871f,1.0315f,0f,0f,0f,1f],start_interpolation: 0,interpolation_duration: 1}
$data merge entity $(bone_leftforearm) {transformation: [-0.723f,0.5868f,-0.3645f,1.2038f,0.5105f,0.0984f,-0.8542f,-0.4314f,-0.4654f,-0.8037f,-0.3707f,0.4431f,0f,0f,0f,1f],start_interpolation: 0,interpolation_duration: 1}
$data merge entity $(bone_leftelbow) {transformation: [-0.8365f,-0.4104f,-0.3631f,1.1269f,0.1143f,0.5173f,-0.8481f,-0.3344f,0.5359f,-0.751f,-0.3858f,0.3023f,0f,0f,0f,1f],start_interpolation: 0,interpolation_duration: 1}
$data merge entity $(bone_leftarm) {transformation: [-0.8365f,-0.4104f,-0.3631f,0.75f,0.1143f,0.5173f,-0.8481f,-0.0242f,0.5359f,-0.751f,-0.3858f,0.0561f,0f,0f,0f,1f],start_interpolation: 0,interpolation_duration: 1}
$data merge entity $(bone_rightthumb2) {transformation: [-0.4143f,-0.7789f,-0.4709f,-0.4371f,0.7929f,-0.0549f,-0.6068f,-0.3208f,0.4468f,-0.6248f,0.6403f,1.065f,0f,0f,0f,1f],start_interpolation: 0,interpolation_duration: 1}
$data merge entity $(bone_rightthumb) {transformation: [-0.4143f,-0.7789f,-0.4709f,-0.6683f,0.7929f,-0.0549f,-0.6068f,-0.3861f,0.4468f,-0.6248f,0.6403f,0.9665f,0f,0f,0f,1f],start_interpolation: 0,interpolation_duration: 1}
$data merge entity $(bone_rightpointerfinger) {transformation: [-0.4579f,-0.754f,-0.4709f,-0.4952f,0.7885f,-0.0999f,-0.6068f,-0.2912f,0.4105f,-0.6492f,0.6403f,1.257f,0f,0f,0f,1f],start_interpolation: 0,interpolation_duration: 1}
$data merge entity $(bone_rightmidfinger) {transformation: [-0.6103f,-0.6371f,-0.4709f,-0.5688f,0.7482f,-0.2682f,-0.6068f,-0.386f,0.2603f,-0.7226f,0.6403f,1.357f,0f,0f,0f,1f],start_interpolation: 0,interpolation_duration: 1}
$data merge entity $(bone_rightringfinger) {transformation: [-0.6635f,-0.5814f,-0.4709f,-0.6424f,0.722f,-0.3324f,-0.6068f,-0.4808f,0.1963f,-0.7426f,0.6403f,1.4571f,0f,0f,0f,1f],start_interpolation: 0,interpolation_duration: 1}
$data merge entity $(bone_hugeasssword) {transformation: [0f,0f,0f,-0.5945f,0f,0f,0f,-0.617f,0f,0f,0f,1.0949f,0f,0f,0f,1f],start_interpolation: 0,interpolation_duration: 1}
$data merge entity $(bone_ice) {transformation: [-0.4143f,-0.7789f,-0.4709f,-0.5759f,0.7929f,-0.0549f,-0.6068f,-0.6285f,0.4468f,-0.6248f,0.6403f,1.0976f,0f,0f,0f,1f],start_interpolation: 0,interpolation_duration: 1}
$data merge entity $(bone_righthand1) {transformation: [-0.4143f,-0.7789f,-0.4709f,-0.8889f,0.7929f,-0.0549f,-0.6068f,-0.463f,0.4468f,-0.6248f,0.6403f,1.0731f,0f,0f,0f,1f],start_interpolation: 0,interpolation_duration: 1}
$data merge entity $(bone_rightforearm) {transformation: [-0.7711f,-0.5632f,0.2968f,-1.2414f,-0.416f,0.093f,-0.9046f,-0.3574f,0.4819f,-0.821f,-0.306f,0.4705f,0f,0f,0f,1f],start_interpolation: 0,interpolation_duration: 1}
$data merge entity $(bone_rightelbow) {transformation: [-0.8174f,0.4845f,0.3117f,-1.1505f,-0.1034f,0.4088f,-0.9067f,-0.2808f,-0.5668f,-0.7733f,-0.2841f,0.3255f,0f,0f,0f,1f],start_interpolation: 0,interpolation_duration: 1}
$data merge entity $(bone_rightarm) {transformation: [-0.8338f,0.4557f,0.3117f,-0.75f,-0.1176f,0.405f,-0.9067f,-0.0242f,-0.5394f,-0.7927f,-0.2841f,0.0561f,0f,0f,0f,1f],start_interpolation: 0,interpolation_duration: 1}
$data merge entity $(bone_chest1) {transformation: [-1.0833f,0f,0f,-0.0023f,0f,0.8299f,0.6964f,-0.0763f,0f,0.6964f,-0.8299f,-0.1313f,0f,0f,0f,1f],start_interpolation: 0,interpolation_duration: 1}
$data merge entity $(bone_chest1lid) {transformation: [-1f,0f,0f,-0.3437f,0f,0.8213f,0.5704f,-0.8427f,0f,0.5704f,-0.8213f,-0.2821f,0f,0f,0f,1f],start_interpolation: 0,interpolation_duration: 1}
$data merge entity $(bone_chest2) {transformation: [-1f,0f,0f,-0.3437f,0f,0.8213f,0.5704f,-0.9711f,0f,0.5704f,-0.8213f,-0.3713f,0f,0f,0f,1f],start_interpolation: 0,interpolation_duration: 1}
$data merge entity $(bone_chest1lid3) {transformation: [-1f,0f,0f,-0.2812f,0f,0.7799f,0.6259f,-0.4374f,0f,0.6259f,-0.7799f,-0.7642f,0f,0f,0f,1f],start_interpolation: 0,interpolation_duration: 1}
$data merge entity $(bone_chest3) {transformation: [-1f,0f,0f,-0.2812f,0f,0.7799f,0.6259f,-0.5593f,0f,0.6259f,-0.7799f,-0.862f,0f,0f,0f,1f],start_interpolation: 0,interpolation_duration: 1}
$data merge entity $(bone_hugeasssword2) {transformation: [0f,1.6553f,-3.5497f,-1.7344f,-2.5176f,2.7192f,1.268f,0.3963f,3.0003f,2.2817f,1.064f,-0.0805f,0f,0f,0f,1f],start_interpolation: 0,interpolation_duration: 1}
$data merge entity $(bone_belt) {transformation: [-1f,0f,0f,0.0297f,0f,0.766f,0.6428f,-0.4656f,0f,0.6428f,-0.766f,-0.2871f,0f,0f,0f,1f],start_interpolation: 0,interpolation_duration: 1}
$data merge entity $(bone_torn_part) {transformation: [-1f,0f,0f,-0.0937f,0f,0.5373f,0.8434f,-0.6806f,0f,0.8434f,-0.5373f,-0.4743f,0f,0f,0f,1f],start_interpolation: 0,interpolation_duration: 1}
$data merge entity $(bone_lowerbody) {transformation: [-1f,0f,0f,0.0039f,0f,0.766f,0.6428f,-1.1451f,0f,0.6428f,-0.766f,-0.6805f,0f,0f,0f,1f],start_interpolation: 0,interpolation_duration: 1}
$data merge entity $(bone_leftfoot) {transformation: [-1f,0f,0f,0.2813f,0f,0.9928f,0.1197f,-2.9396f,0f,0.1197f,-0.9928f,-1.3435f,0f,0f,0f,1f],start_interpolation: 0,interpolation_duration: 1}
$data merge entity $(bone_leftlowerleg) {transformation: [-1f,0f,0f,0.2813f,0f,0.8714f,0.4905f,-2.0482f,0f,0.4905f,-0.8714f,-0.6655f,0f,0f,0f,1f],start_interpolation: 0,interpolation_duration: 1}
$data merge entity $(bone_leftleg) {transformation: [-1f,0f,0f,0.25f,0f,0.9845f,-0.1751f,-0.9975f,0f,-0.1751f,-0.9845f,-0.8259f,0f,0f,0f,1f],start_interpolation: 0,interpolation_duration: 1}
$data merge entity $(bone_rightfoot) {transformation: [-1f,0f,0f,-0.2812f,0f,-0.2284f,0.9736f,-1.5677f,0f,0.9736f,0.2284f,-2.5947f,0f,0f,0f,1f],start_interpolation: 0,interpolation_duration: 1}
$data merge entity $(bone_rightlowerleg) {transformation: [-1f,0f,0f,-0.2812f,0f,-0.0849f,0.9964f,-1.815f,0f,0.9964f,0.0849f,-1.5024f,0f,0f,0f,1f],start_interpolation: 0,interpolation_duration: 1}
$data merge entity $(bone_rightleg) {transformation: [-1f,0f,0f,-0.25f,0f,0.7441f,0.668f,-1.0417f,0f,0.668f,-0.7441f,-0.7732f,0f,0f,0f,1f],start_interpolation: 0,interpolation_duration: 1}
data modify entity @s data merge value {"cameras":{},"locators":{"lefthand":{"posx":0.5014623961716276,"posy":-0.6392009303550866,"posz":1.154816476159912,"roty":147.3754123337356,"rotx":-45.81035633812146},"sword":{"posx":-0.5945046174975506,"posy":-0.6169307118512685,"posz":1.0948285367889432,"roty":216.3275292947634,"rotx":-37.36156528572748},"righthand":{"posx":-0.595193921472946,"posy":-0.5438081645235413,"posz":1.1392755752305568,"roty":216.3275292947634,"rotx":-37.36156528572749},"chest":{"posx":-0.37499999999999994,"posy":-0.9831959190264505,"posz":-0.18945998446546772,"roty":0,"rotx":34.78}}}