# This file was generated by Animated Java via MC-Build. It is not recommended to edit this file directly.
$data merge entity $(bone_nose) {transformation: [-1f,0.0018f,-0.005f,0.0012f,0.0024f,0.9924f,-0.1232f,0.5002f,0.0047f,-0.1233f,-0.9924f,0.5455f,0f,0f,0f,1f],start_interpolation: 0,interpolation_duration: 1}
$data merge entity $(bone_glowing_eye) {transformation: [-1f,0.0026f,-0.0046f,-0.1235f,0.0024f,0.9991f,0.0414f,0.5667f,0.0047f,0.0414f,-0.9991f,0.5838f,0f,0f,0f,1f],start_interpolation: 0,interpolation_duration: 1}
$data merge entity $(bone_head) {transformation: [-1f,0.0026f,-0.0046f,0f,0.0024f,0.9991f,0.0414f,0.3846f,0.0047f,0.0414f,-0.9991f,0.3533f,0f,0f,0f,1f],start_interpolation: 0,interpolation_duration: 1}
$data merge entity $(bone_leftthumb2) {transformation: [-0.5077f,0.7615f,0.4029f,0.4343f,-0.6752f,-0.0613f,-0.735f,-0.3472f,-0.5351f,-0.6452f,0.5453f,1.0616f,0f,0f,0f,1f],start_interpolation: 0,interpolation_duration: 1}
$data merge entity $(bone_leftthumb) {transformation: [-0.5077f,0.7615f,0.4029f,0.6555f,-0.6752f,-0.0613f,-0.735f,-0.425f,-0.5351f,-0.6452f,0.5453f,0.95f,0f,0f,0f,1f],start_interpolation: 0,interpolation_duration: 1}
$data merge entity $(bone_leftpointerfinger) {transformation: [-0.641f,0.6534f,0.4029f,0.4972f,-0.6519f,-0.1863f,-0.735f,-0.3497f,-0.4052f,-0.7338f,0.5453f,1.2543f,0f,0f,0f,1f],start_interpolation: 0,interpolation_duration: 1}
$data merge entity $(bone_leftmidfinger) {transformation: [-0.5816f,0.7067f,0.4029f,0.5602f,-0.6657f,-0.1288f,-0.735f,-0.4646f,-0.4676f,-0.6957f,0.5453f,1.3396f,0f,0f,0f,1f],start_interpolation: 0,interpolation_duration: 1}
$data merge entity $(bone_leftringfinger) {transformation: [-0.6688f,0.6248f,0.4029f,0.6231f,-0.6432f,-0.2146f,-0.735f,-0.5794f,-0.3728f,-0.7507f,0.5453f,1.4248f,0f,0f,0f,1f],start_interpolation: 0,interpolation_duration: 1}
$data merge entity $(bone_invisibility) {transformation: [0.7937f,-0.335f,0.5077f,0.4556f,-0.1251f,0.7269f,0.6752f,-0.4758f,-0.5952f,-0.5995f,0.5351f,1.0578f,0f,0f,0f,1f],start_interpolation: 0,interpolation_duration: 1}
$data merge entity $(bone_swiftness) {transformation: [0.4029f,0.7615f,0.5077f,0.4015f,-0.735f,-0.0613f,0.6752f,-0.6405f,0.5453f,-0.6452f,0.5351f,1.2196f,0f,0f,0f,1f],start_interpolation: 0,interpolation_duration: 1}
$data merge entity $(bone_suspicious_stew) {transformation: [0.8604f,-0.0433f,0.5077f,0.4954f,-0.3662f,0.6403f,0.6752f,-0.6108f,-0.3543f,-0.7669f,0.5351f,1.1903f,0f,0f,0f,1f],start_interpolation: 0,interpolation_duration: 1}
$data merge entity $(bone_log) {transformation: [-0.5077f,0.7615f,0.4029f,0.5619f,-0.6752f,-0.0613f,-0.735f,-0.7162f,-0.5351f,-0.6452f,0.5453f,1.0851f,0f,0f,0f,1f],start_interpolation: 0,interpolation_duration: 1}
$data merge entity $(bone_planks) {transformation: [-0.5077f,0.7615f,0.4029f,0.5143f,-0.6752f,-0.0613f,-0.735f,-0.7795f,-0.5351f,-0.6452f,0.5453f,1.0349f,0f,0f,0f,1f],start_interpolation: 0,interpolation_duration: 1}
$data merge entity $(bone_lefthand1) {transformation: [-0.5077f,0.7615f,0.4029f,0.8666f,-0.6752f,-0.0613f,-0.735f,-0.5397f,-0.5351f,-0.6452f,0.5453f,1.0405f,0f,0f,0f,1f],start_interpolation: 0,interpolation_duration: 1}
$data merge entity $(bone_leftforearm) {transformation: [-0.7528f,0.5498f,-0.362f,1.2118f,0.4948f,0.11f,-0.862f,-0.418f,-0.4341f,-0.828f,-0.3549f,0.4367f,0f,0f,0f,1f],start_interpolation: 0,interpolation_duration: 1}
$data merge entity $(bone_leftelbow) {transformation: [-0.831f,-0.4237f,-0.3606f,1.1323f,0.1062f,0.5154f,-0.8503f,-0.3214f,0.5461f,-0.7449f,-0.3833f,0.2971f,0f,0f,0f,1f],start_interpolation: 0,interpolation_duration: 1}
$data merge entity $(bone_leftarm) {transformation: [-0.831f,-0.4237f,-0.3606f,0.75f,0.1062f,0.5154f,-0.8503f,-0.0139f,0.5461f,-0.7449f,-0.3833f,0.0561f,0f,0f,0f,1f],start_interpolation: 0,interpolation_duration: 1}
$data merge entity $(bone_rightthumb2) {transformation: [-0.4221f,-0.7452f,-0.5162f,-0.4964f,0.8005f,-0.0391f,-0.5981f,-0.3268f,0.4256f,-0.6657f,0.613f,1.0807f,0f,0f,0f,1f],start_interpolation: 0,interpolation_duration: 1}
$data merge entity $(bone_rightthumb) {transformation: [-0.4221f,-0.7452f,-0.5162f,-0.7233f,0.8005f,-0.0391f,-0.5981f,-0.3875f,0.4256f,-0.6657f,0.613f,0.9699f,0f,0f,0f,1f],start_interpolation: 0,interpolation_duration: 1}
$data merge entity $(bone_rightpointerfinger) {transformation: [-0.4638f,-0.72f,-0.5162f,-0.5642f,0.7969f,-0.0846f,-0.5981f,-0.2962f,0.387f,-0.6888f,0.613f,1.2694f,0f,0f,0f,1f],start_interpolation: 0,interpolation_duration: 1}
$data merge entity $(bone_rightmidfinger) {transformation: [-0.6087f,-0.6026f,-0.5162f,-0.6448f,0.7597f,-0.255f,-0.5981f,-0.3897f,0.2288f,-0.7562f,0.613f,1.3652f,0f,0f,0f,1f],start_interpolation: 0,interpolation_duration: 1}
$data merge entity $(bone_rightringfinger) {transformation: [-0.6589f,-0.5472f,-0.5162f,-0.7255f,0.7346f,-0.3203f,-0.5981f,-0.4831f,0.162f,-0.7733f,0.613f,1.461f,0f,0f,0f,1f],start_interpolation: 0,interpolation_duration: 1}
$data merge entity $(bone_hugeasssword) {transformation: [0f,0f,0f,-0.661f,0f,0f,0f,-0.6198f,0f,0f,0f,1.1015f,0f,0f,0f,1f],start_interpolation: 0,interpolation_duration: 1}
$data merge entity $(bone_ice) {transformation: [-0.4221f,-0.7452f,-0.5162f,-0.6428f,0.8005f,-0.0391f,-0.5981f,-0.6317f,0.4256f,-0.6657f,0.613f,1.1053f,0f,0f,0f,1f],start_interpolation: 0,interpolation_duration: 1}
$data merge entity $(bone_righthand1) {transformation: [-0.4221f,-0.7452f,-0.5162f,-0.9507f,0.8005f,-0.0391f,-0.5981f,-0.4601f,0.4256f,-0.6657f,0.613f,1.0644f,0f,0f,0f,1f],start_interpolation: 0,interpolation_duration: 1}
$data merge entity $(bone_rightforearm) {transformation: [-0.8034f,-0.5128f,0.3025f,-1.2658f,-0.4096f,0.1072f,-0.9059f,-0.3449f,0.4322f,-0.8518f,-0.2962f,0.4432f,0f,0f,0f,1f],start_interpolation: 0,interpolation_duration: 1}
$data merge entity $(bone_rightelbow) {transformation: [-0.7834f,0.537f,0.3129f,-1.1651f,-0.0808f,0.4112f,-0.9079f,-0.2678f,-0.6163f,-0.7365f,-0.2787f,0.3051f,0f,0f,0f,1f],start_interpolation: 0,interpolation_duration: 1}
$data merge entity $(bone_rightarm) {transformation: [-0.8104f,0.4953f,0.3129f,-0.75f,-0.1022f,0.4064f,-0.9079f,-0.0139f,-0.5769f,-0.7678f,-0.2787f,0.0561f,0f,0f,0f,1f],start_interpolation: 0,interpolation_duration: 1}
$data merge entity $(bone_chest1) {transformation: [-1.0833f,0f,0f,-0.0023f,0f,0.8299f,0.6964f,-0.0659f,0f,0.6964f,-0.8299f,-0.1313f,0f,0f,0f,1f],start_interpolation: 0,interpolation_duration: 1}
$data merge entity $(bone_chest1lid) {transformation: [-1f,0f,0f,-0.3437f,0f,0.8213f,0.5704f,-0.8323f,0f,0.5704f,-0.8213f,-0.2821f,0f,0f,0f,1f],start_interpolation: 0,interpolation_duration: 1}
$data merge entity $(bone_chest2) {transformation: [-1f,0f,0f,-0.3437f,0f,0.8213f,0.5704f,-0.9607f,0f,0.5704f,-0.8213f,-0.3713f,0f,0f,0f,1f],start_interpolation: 0,interpolation_duration: 1}
$data merge entity $(bone_chest1lid3) {transformation: [-1f,0f,0f,-0.2812f,0f,0.7799f,0.6259f,-0.427f,0f,0.6259f,-0.7799f,-0.7642f,0f,0f,0f,1f],start_interpolation: 0,interpolation_duration: 1}
$data merge entity $(bone_chest3) {transformation: [-1f,0f,0f,-0.2812f,0f,0.7799f,0.6259f,-0.5489f,0f,0.6259f,-0.7799f,-0.862f,0f,0f,0f,1f],start_interpolation: 0,interpolation_duration: 1}
$data merge entity $(bone_hugeasssword2) {transformation: [0f,1.6553f,-3.5497f,-1.7344f,-2.5176f,2.7192f,1.268f,0.4067f,3.0003f,2.2817f,1.064f,-0.0805f,0f,0f,0f,1f],start_interpolation: 0,interpolation_duration: 1}
$data merge entity $(bone_belt) {transformation: [-1f,0f,0f,0.0297f,0f,0.766f,0.6428f,-0.4552f,0f,0.6428f,-0.766f,-0.2871f,0f,0f,0f,1f],start_interpolation: 0,interpolation_duration: 1}
$data merge entity $(bone_torn_part) {transformation: [-1f,0f,0f,-0.0937f,0f,0.5373f,0.8434f,-0.6702f,0f,0.8434f,-0.5373f,-0.4743f,0f,0f,0f,1f],start_interpolation: 0,interpolation_duration: 1}
$data merge entity $(bone_lowerbody) {transformation: [-1f,0f,0f,0.0039f,0f,0.766f,0.6428f,-1.1347f,0f,0.6428f,-0.766f,-0.6805f,0f,0f,0f,1f],start_interpolation: 0,interpolation_duration: 1}
$data merge entity $(bone_leftfoot) {transformation: [-1f,0f,0f,0.2813f,0f,0.9861f,0.1662f,-2.9035f,0f,0.1662f,-0.9861f,-1.4426f,0f,0f,0f,1f],start_interpolation: 0,interpolation_duration: 1}
$data merge entity $(bone_leftlowerleg) {transformation: [-1f,0f,0f,0.2813f,0f,0.8474f,0.5309f,-2.045f,0f,0.5309f,-0.8474f,-0.7234f,0f,0f,0f,1f],start_interpolation: 0,interpolation_duration: 1}
$data merge entity $(bone_leftleg) {transformation: [-1f,0f,0f,0.25f,0f,0.9927f,-0.1208f,-0.9871f,0f,-0.1208f,-0.9927f,-0.8259f,0f,0f,0f,1f],start_interpolation: 0,interpolation_duration: 1}
$data merge entity $(bone_rightfoot) {transformation: [-1f,0f,0f,-0.2812f,0f,-0.1507f,0.9886f,-1.6833f,0f,0.9886f,0.1507f,-2.5673f,0f,0f,0f,1f],start_interpolation: 0,interpolation_duration: 1}
$data merge entity $(bone_rightlowerleg) {transformation: [-1f,0f,0f,-0.2812f,0f,-0.0059f,1f,-1.8435f,0f,1f,0.0059f,-1.4588f,0f,0f,0f,1f],start_interpolation: 0,interpolation_duration: 1}
$data merge entity $(bone_rightleg) {transformation: [-1f,0f,0f,-0.25f,0f,0.7797f,0.6261f,-1.0313f,0f,0.6261f,-0.7797f,-0.7732f,0f,0f,0f,1f],start_interpolation: 0,interpolation_duration: 1}
data modify entity @s data merge value {"cameras":{},"locators":{"lefthand":{"posx":0.5436862410702561,"posy":-0.6366214306180848,"posz":1.1771328004430934,"roty":143.5443205038569,"rotx":-47.31090325901294},"sword":{"posx":-0.660979254349169,"posy":-0.6197913278847931,"posz":1.1015246773270806,"roty":220.09829354245423,"rotx":-36.73531898467438},"righthand":{"posx":-0.6626220042710647,"posy":-0.5467111759262907,"posz":1.146016407528465,"roty":220.09829354245426,"rotx":-36.735318984674386},"chest":{"posx":-0.37499999999999994,"posy":-0.972807030137562,"posz":-0.18945998446546772,"roty":0,"rotx":34.78}}}