# This file was generated by Animated Java via MC-Build. It is not recommended to edit this file directly.
$data merge entity $(bone_nose) { transformation: [-0.9899038411876032f,0.0017899423865195508f,0.14172925353744426f,-0.8749236768293251f,0.028419456474173044f,0.9821213483933501f,0.1860913526302077f,2.535513426348682f,-0.13886223279113996f,0.18824041313246387f,-0.9722565644766705f,1.2906380734478633f,0f,0f,0f,1f], start_interpolation: 0, interpolation_duration: 1 }
$data merge entity $(bone_glowing_eye) { transformation: [-0.9899038411876032f,-0.007816454961290048f,0.14152486789913052f,-1.004129493205734f,0.028419456474173044f,0.9672568400084478f,0.25220337022051165f,2.5957562112073997f,-0.13886223279113996f,0.25367914476501613f,-0.9572691219377908f,1.3238609378958341f,0f,0f,0f,1f], start_interpolation: 0, interpolation_duration: 1 }
$data merge entity $(bone_head) { transformation: [-0.9899038411876032f,-0.007816454961290048f,0.14152486789913052f,-0.8474572862586751f,0.028419456474173044f,0.9672568400084478f,0.25220337022051165f,2.4633059165127063f,-0.13886223279113996f,0.25367914476501613f,-0.9572691219377908f,1.0800611359711456f,0f,0f,0f,1f], start_interpolation: 0, interpolation_duration: 1 }
$data merge entity $(bone_leftthumb2) { transformation: [-0.47433874730708664f,-0.6600774648760976f,0.5824950584905318f,1.0960563952674254f,-0.8803154175433283f,0.3608276038475615f,-0.3079743592202815f,0.9874862827082268f,-0.0068933619272199195f,-0.6588635523872688f,-0.7522308827062136f,2.268137933810051f,0f,0f,0f,1f], start_interpolation: 0, interpolation_duration: 1 }
$data merge entity $(bone_leftthumb) { transformation: [-0.47433874730708664f,-0.6600774648760976f,0.5824950584905318f,0.9839559190485035f,-0.8803154175433283f,0.3608276038475615f,-0.3079743592202815f,1.0496578275417452f,-0.0068933619272199195f,-0.6588635523872688f,-0.7522308827062136f,2.0422728184048498f,0f,0f,0f,1f], start_interpolation: 0, interpolation_duration: 1 }
$data merge entity $(bone_leftpointerfinger) { transformation: [-0.21997283145433408f,-0.7825033292300265f,0.5824950584905318f,1.2797290935644294f,-0.950636210613332f,0.037981431431449664f,-0.3079743592202815f,1.0131094707346149f,0.2188669652841378f,-0.6214868869174498f,-0.7522308827062136f,2.2239555603658587f,0f,0f,0f,1f], start_interpolation: 0, interpolation_duration: 1 }
$data merge entity $(bone_leftmidfinger) { transformation: [-0.47433874730708664f,-0.6600774648760976f,0.5824950584905318f,1.370743946453575f,-0.8803154175433283f,0.3608276038475615f,-0.3079743592202815f,0.964988477106446f,-0.0068933619272199195f,-0.6588635523872688f,-0.7522308827062136f,2.1064194849430127f,0f,0f,0f,1f], start_interpolation: 0, interpolation_duration: 1 }
$data merge entity $(bone_leftringfinger) { transformation: [-0.6908325699996926f,-0.42831047974773157f,0.5824950584905318f,1.4617587993427206f,-0.6752226504899527f,0.6702433635092409f,-0.3079743592202815f,0.916867483478277f,-0.2585048016825671f,-0.6060725753654321f,-0.7522308827062136f,1.9888834095201668f,0f,0f,0f,1f], start_interpolation: 0, interpolation_duration: 1 }
$data merge entity $(bone_invisibility) { transformation: [-0.606797881369826f,-0.6378080306551764f,0.4743387473070866f,1.1003916351456984f,0.33261281185301156f,0.33825062162063907f,0.880315417543328f,0.8971400478417018f,-0.7219176189540766f,0.6919446748151306f,0.006893361927219714f,2.174107069046716f,0f,0f,0f,1f], start_interpolation: 0, interpolation_duration: 1 }
$data merge entity $(bone_swiftness) { transformation: [0.5824950584905317f,-0.6600774648760976f,0.47433874730708675f,1.274290041895778f,-0.3079743592202817f,0.3608276038475615f,0.8803154175433282f,0.7446831310297879f,-0.7522308827062136f,-0.6588635523872688f,0.006893361927219752f,2.1219259940240582f,0f,0f,0f,1f], start_interpolation: 0, interpolation_duration: 1 }
$data merge entity $(bone_suspicious_stew) { transformation: [-0.3520602973728024f,-0.8068805982404819f,0.4743387473070867f,1.24055058977874f,0.19686527879043939f,0.4316118946950819f,0.8803154175433285f,0.8224810615575446f,-0.9150396762001836f,0.40330493741188456f,0.006893361927219848f,2.063948007557454f,0f,0f,0f,1f], start_interpolation: 0, interpolation_duration: 1 }
$data merge entity $(bone_log) { transformation: [-0.47433874730708664f,-0.6600774648760976f,0.5824950584905318f,1.1408761049759322f,-0.8803154175433283f,0.3608276038475615f,-0.3079743592202815f,0.770618643555352f,-0.0068933619272199195f,-0.6588635523872688f,-0.7522308827062136f,1.945682988201515f,0f,0f,0f,1f], start_interpolation: 0, interpolation_duration: 1 }
$data merge entity $(bone_planks) { transformation: [-0.47433874730708664f,-0.6600774648760976f,0.5824950584905318f,1.096406847415893f,-0.8803154175433283f,0.3608276038475615f,-0.3079743592202815f,0.688089073160665f,-0.0068933619272199195f,-0.6588635523872688f,-0.7522308827062136f,1.9450367355208382f,0f,0f,0f,1f], start_interpolation: 0, interpolation_duration: 1 }
$data merge entity $(bone_lefthand) { transformation: [-0.47433874730708664f,-0.6600774648760976f,0.5824950584905318f,1.0762384550058504f,-0.8803154175433283f,0.3608276038475615f,-0.3079743592202815f,1.0905285976287082f,-0.0068933619272199195f,-0.6588635523872688f,-0.7522308827062136f,1.8061976556710722f,0f,0f,0f,1f], start_interpolation: 0, interpolation_duration: 1 }
$data merge entity $(bone_leftforearm) { transformation: [-0.7792009981707191f,-0.4514625454254137f,0.43477278494376975f,0.6871085376751871f,-0.5648692704448008f,0.8064120736908992f,-0.17499221329162726f,1.6223220302801147f,-0.2716035930486078f,-0.3819438931093806f,-0.8833744114244745f,1.5168367070737208f,0f,0f,0f,1f], start_interpolation: 0, interpolation_duration: 1 }
$data merge entity $(bone_leftelbow) { transformation: [-0.7792009981707191f,-0.4514625454254137f,0.43477278494376975f,0.602459310407922f,-0.5648692704448008f,0.8064120736908992f,-0.17499221329162726f,1.7735242940971583f,-0.2716035930486078f,-0.3819438931093806f,-0.8833744114244745f,1.4452222271157118f,0f,0f,0f,1f], start_interpolation: 0, interpolation_duration: 1 }
$data merge entity $(bone_leftarm) { transformation: [-0.7476560325025682f,-0.6378355208974884f,0.1848683459761248f,0.07491165136126654f,-0.6455762269439769f,0.7633537701963948f,0.02285512484605405f,2.0055859700746947f,-0.1556977593522064f,-0.10225883731188849f,-0.9824975002127606f,1.4471173316065795f,0f,0f,0f,1f], start_interpolation: 0, interpolation_duration: 1 }
$data merge entity $(bone_rightthumb2) { transformation: [-0.618401084197225f,0.19247074252942595f,0.7619285480501884f,-1.3895906828256392f,0.6404853607880788f,0.6852388876292652f,0.34673645539050496f,1.885537046211512f,-0.4553664476878604f,0.702426280936853f,-0.5470271640141469f,-1.3748106613513236f,0f,0f,0f,1f], start_interpolation: 0, interpolation_duration: 1 }
$data merge entity $(bone_rightthumb) { transformation: [-0.618401084197225f,0.19247074252942595f,0.7619285480501884f,-1.2772761678558675f,0.6404853607880788f,0.6852388876292652f,0.34673645539050496f,2.083217974747466f,-0.4553664476878604f,0.702426280936853f,-0.5470271640141469f,-1.2492934580174064f,0f,0f,0f,1f], start_interpolation: 0, interpolation_duration: 1 }
$data merge entity $(bone_rightpointerfinger) { transformation: [-0.19646754287146567f,0.3981807063284563f,0.8960204404508976f,-1.3846814994869536f,0.9801931688828751f,0.10299995419477175f,0.16915188769630213f,2.132024846475459f,-0.024937046204316138f,0.9115059706571572f,-0.41053015624063155f,-1.577787226427621f,0f,0f,0f,1f], start_interpolation: 0, interpolation_duration: 1 }
$data merge entity $(bone_rightmidfinger) { transformation: [-0.16497392708096106f,0.4122268473518741f,0.8960204404508976f,-1.2446783056665007f,0.9852304173635958f,0.02662073609674037f,0.16915188769630213f,2.158454828928006f,0.0458762257061367f,0.9106922436981673f,-0.41053015624063155f,-1.6419325633402195f,0f,0f,0f,1f], start_interpolation: 0, interpolation_duration: 1 }
$data merge entity $(bone_rightringfinger) { transformation: [-0.1468358259205766f,0.41903056036571096f,0.8960204404508976f,-1.104675111846048f,0.985453876515206f,-0.01637974816444593f,0.16915188769630213f,2.1848848113805532f,0.08555639945308113f,0.9078243736151103f,-0.41053015624063155f,-1.7060779002528181f,0f,0f,0f,1f], start_interpolation: 0, interpolation_duration: 1 }
$data merge entity $(bone_hugeasssword) { transformation: [-0.9166960027770986f,1.4778240294309806f,3.509413391766016f,-1.119866612695567f,3.782089652246105f,0.7727574476033696f,0.66251156014385f,1.939390245831661f,-0.4424297443020758f,3.543890495343738f,-1.6079097786091403f,-1.4217206276837846f,0f,0f,0f,1f], start_interpolation: 0, interpolation_duration: 1 }
$data merge entity $(bone_ice) { transformation: [-0.23405004326223794f,0.3773167734717397f,0.8960204404508976f,-1.1221051553550903f,0.9656399112117715f,0.19729977385617947f,0.16915188769630213f,1.9212193132524744f,-0.11296078577925339f,0.9048231051941458f,-0.41053015624063155f,-1.4340934764246425f,0f,0f,0f,1f], start_interpolation: 0, interpolation_duration: 1 }
$data merge entity $(bone_righthand) { transformation: [-0.23405004326223794f,0.3773167734717397f,0.8960204404508976f,-1.0582878340386244f,0.9656399112117715f,0.19729977385617947f,0.16915188769630213f,2.2172402310099715f,-0.11296078577925339f,0.9048231051941458f,-0.41053015624063155f,-1.248956963953439f,0f,0f,0f,1f], start_interpolation: 0, interpolation_duration: 1 }
$data merge entity $(bone_rightforearm) { transformation: [-0.5471308443307329f,-0.06762709577366183f,0.834310742528921f,-1.0379526645597288f,0.745568392714551f,0.4137077946522394f,0.522468786081065f,2.4465292519994337f,-0.380493903981365f,0.9078945073967573f,-0.17593166989436326f,-0.5761974381867752f,0f,0f,0f,1f], start_interpolation: 0, interpolation_duration: 1 }
$data merge entity $(bone_rightelbow) { transformation: [-0.5471308443307329f,-0.06762709577366183f,0.834310742528921f,-1.0506327450172903f,0.745568392714551f,0.4137077946522394f,0.522468786081065f,2.5240994634967286f,-0.380493903981365f,0.9078945073967573f,-0.17593166989436326f,-0.4059672180498831f,0f,0f,0f,1f], start_interpolation: 0, interpolation_duration: 1 }
$data merge entity $(bone_rightarm) { transformation: [-0.4623819024057175f,-0.38622274637521264f,0.7981447027388315f,-1.2164864823349484f,0.8443307549265697f,0.08308219113801049f,0.5293419743425188f,2.3133947660767276f,-0.2707555218509829f,0.9186562685238128f,0.2876840414223675f,0.10308125638414778f,0f,0f,0f,1f], start_interpolation: 0, interpolation_duration: 1 }
$data merge entity $(bone_chest) { transformation: [-0.7903884427692794f,-0.6852288136689709f,0.26244945357944316f,-0.4173426476998294f,0.15632013983499116f,0.24840642203968316f,0.9715316103145434f,2.374114517236968f,-0.724196958382064f,0.8014779058204716f,-0.07672920618993449f,0.5879066660933185f,0f,0f,0f,1f], start_interpolation: 0, interpolation_duration: 1 }
$data merge entity $(bone_chest1lid) { transformation: [-0.7295893317870272f,-0.632518904925204f,0.26003700093405885f,-0.3311577925942291f,0.144295513693838f,0.22929823572893832f,0.9626012278297944f,1.9075628872596004f,-0.6684895000449822f,0.7398257592188969f,-0.0760239062781741f,-0.11760588560301f,0f,0f,0f,1f], start_interpolation: 0, interpolation_duration: 1 }
$data merge entity $(bone_chest1) { transformation: [-0.7295893317870272f,-0.632518904925204f,0.26003700093405885f,-0.23232671369966598f,0.144295513693838f,0.22929823572893832f,0.9626012278297944f,1.8717350379269537f,-0.6684895000449822f,0.7398257592188969f,-0.0760239062781741f,-0.23320366048096264f,0f,0f,0f,1f], start_interpolation: 0, interpolation_duration: 1 }
$data merge entity $(bone_chest1lid3) { transformation: [-0.7295893317870272f,-0.632518904925204f,0.26003700093405885f,-0.11897225563415845f,0.144295513693838f,0.22929823572893832f,0.9626012278297944f,2.5152108292321977f,-0.6684895000449822f,0.7398257592188969f,-0.0760239062781741f,-0.12452810680965398f,0f,0f,0f,1f], start_interpolation: 0, interpolation_duration: 1 }
$data merge entity $(bone_chest3) { transformation: [-0.7295893317870272f,-0.632518904925204f,0.26003700093405885f,-0.020141176739595312f,0.144295513693838f,0.22929823572893832f,0.9626012278297944f,2.479382979899551f,-0.6684895000449822f,0.7398257592188969f,-0.0760239062781741f,-0.24012588168760662f,0f,0f,0f,1f], start_interpolation: 0, interpolation_duration: 1 }
$data merge entity $(bone_hugeasssword2) { transformation: [-1.018478253658398f,0.4331288963892606f,-3.7570439422124586f,-1.976505740309919f,-3.7701881423333616f,0.1900595033093573f,1.043952362126021f,3.090551757031707f,0.2977602995895148f,3.888001353149482f,0.36750790423328517f,0.6011837084842172f,0f,0f,0f,1f], start_interpolation: 0, interpolation_duration: 1 }
$data merge entity $(bone_belt) { transformation: [-0.7295893317870272f,-0.632518904925204f,0.26003700093405885f,-0.1713139243787113f,0.144295513693838f,0.22929823572893832f,0.9626012278297944f,2.1697298892906076f,-0.6684895000449822f,0.7398257592188969f,-0.0760239062781741f,0.32318602842136357f,0f,0f,0f,1f], start_interpolation: 0, interpolation_duration: 1 }
$data merge entity $(bone_torn_part) { transformation: [-0.6268767983473621f,-0.7090186866133366f,0.32298294339927636f,-0.032827734446694457f,0.13203430037545438f,0.31187696351667943f,0.9409036630558839f,2.084025733569089f,-0.7678492190646058f,0.6324755028147062f,-0.10189364612751761f,0.008489184618630408f,0f,0f,0f,1f], start_interpolation: 0, interpolation_duration: 1 }
$data merge entity $(bone_lowerbody) { transformation: [-0.6268767983473621f,-0.5460276904867377f,0.5557690535784447f,0.21685076297792374f,0.13203430037545438f,0.6285609910149765f,0.7664711502063435f,1.65643220703125f,-0.7678492190646058f,0.5538635588265312f,-0.321935917514472f,-0.14169449251488625f,0f,0f,0f,1f], start_interpolation: 0, interpolation_duration: 1 }
$data merge entity $(bone_leftfoot) { transformation: [-0.956540711641927f,-0.043943005470874597f,0.28823846420092075f,0.3492505857630249f,-0.05015526829999436f,0.9986454692798171f,-0.014216694733337053f,0.13800268851231667f,-0.28721836546562834f,-0.02803493856968323f,-0.9574584487314601f,0.5091350174868849f,0f,0f,0f,1f], start_interpolation: 0, interpolation_duration: 1 }
$data merge entity $(bone_leftlowerleg) { transformation: [-0.956540711641927f,-0.05368757736399021f,0.2865833980039743f,0.24565864432390389f,-0.05015526829999436f,0.9985535233176562f,0.019640488592245986f,1.2427553282977806f,-0.28721836546562834f,0.004434153672248919f,-0.9578585371071612f,0.6612249303124516f,0f,0f,0f,1f], start_interpolation: 0, interpolation_duration: 1 }
$data merge entity $(bone_leftleg) { transformation: [-0.9121960069914326f,0.3899734069968234f,0.12569858686191085f,0.573889716520524f,0.04395311157143897f,0.39813773205044795f,-0.9162886246857269f,1.5574105724400824f,-0.4073653997482788f,-0.8302933748097814f,-0.38033540715065994f,-0.07439557120787471f,0f,0f,0f,1f], start_interpolation: 0, interpolation_duration: 1 }
$data merge entity $(bone_rightfoot) { transformation: [-0.3972305640810221f,0.003205086120783532f,0.9177156426820031f,-0.2844732330926446f,0.10197539693691779f,0.9939439329785366f,0.04066346640425589f,0.20631384523268803f,-0.9120353434385062f,0.10973887037563707f,-0.3951550040397765f,-0.23753482307406382f,0f,0f,0f,1f], start_interpolation: 0, interpolation_duration: 1 }
$data merge entity $(bone_rightlowerleg) { transformation: [-0.3972305640810221f,-0.027902659458943768f,0.9172969611829105f,-0.4563664108414594f,0.10197539693691779f,0.9919945295008252f,0.07432975746824394f,1.2953873343553592f,-0.9120353434385062f,0.12306956431335211f,-0.39120835782063546f,-0.04089707252136365f,0f,0f,0f,1f], start_interpolation: 0, interpolation_duration: 1 }
$data merge entity $(bone_rightleg) { transformation: [-0.5334495108246324f,0.7879791807214204f,0.30742155379949926f,0.2507221261846094f,0.08506648612857619f,0.4115885283164493f,-0.9073892153551756f,1.6734406648699613f,-0.8415434108462243f,-0.4578904827662378f,-0.28659518508973664f,-0.43441077784189863f,0f,0f,0f,1f], start_interpolation: 0, interpolation_duration: 1 }
data modify entity @s data merge value {"locators":{"lefthand":{"posx":1.2278124291905022,"posy":0.8297706567622651,"posz":2.009556563454732,"roty":37.75265128690074,"rotx":-17.937198295777094},"righthand":{"posx":-1.1639432408784665,"posy":2.00602224771682,"posz":-1.452406877418846,"roty":65.38414449484817,"rotx":9.73851168694325},"chest":{"posx":-0.35505580905069517,"posy":1.7473345404810687,"posz":-0.17285655707463204,"roty":73.70329528069476,"rotx":74.2808453704352},"sack":{"posx":0,"posy":-0.4375,"posz":0,"roty":0,"rotx":0}},"cameras":{}}