# This file was generated by Animated Java via MC-Build. It is not recommended to edit this file directly.
$data merge entity $(bone_nose) { transformation: [-0.9954026112655522f,-0.09577441106937586f,0.0009506156079676642f,-0.4746062522090363f,-0.0915307132778854f,0.9541264910929036f,0.28506975904431675f,3.7082903386152797f,-0.028209395820566696f,0.2836721720209042f,-0.9585063008704642f,0.3373035984217675f,0f,0f,0f,1f], start_interpolation: 0, interpolation_duration: 1 }
$data merge entity $(bone_glowing_eye) { transformation: [-0.9954026112655522f,-0.09577441106937586f,0.0009506156079676642f,-0.6055494567394918f,-0.0915307132778854f,0.9541264910929036f,0.28506975904431675f,3.751503427769823f,-0.028209395820566696f,0.2836721720209042f,-0.9585063008704642f,0.3864320112617225f,0f,0f,0f,1f], start_interpolation: 0, interpolation_duration: 1 }
$data merge entity $(bone_head) { transformation: [-0.9954026112655522f,-0.09577441106937586f,0.0009506156079676642f,-0.4626023196995544f,-0.0915307132778854f,0.9541264910929036f,0.28506975904431675f,3.6438585188702564f,-0.028209395820566696f,0.2836721720209042f,-0.9585063008704642f,0.12279154772666512f,0f,0f,0f,1f], start_interpolation: 0, interpolation_duration: 1 }
$data merge entity $(bone_leftthumb2) { transformation: [-0.45520690916175865f,-0.2988174396480194f,-0.8387459732324208f,0.8727254057322864f,-0.08758899663893932f,0.9524622367059121f,-0.29179420027984576f,1.6412597655008119f,0.8860670615247936f,-0.05936181779033728f,-0.4597405105811805f,0.0034112372850330017f,0f,0f,0f,1f], start_interpolation: 0, interpolation_duration: 1 }
$data merge entity $(bone_leftthumb) { transformation: [-0.45520690916175865f,-0.2988174396480194f,-0.8387459732324208f,0.7277655357818974f,-0.08758899663893932f,0.9524622367059121f,-0.29179420027984576f,1.8499079827157465f,0.8860670615247936f,-0.05936181779033728f,-0.4597405105811805f,-0.050435077997405015f,0f,0f,0f,1f], start_interpolation: 0, interpolation_duration: 1 }
$data merge entity $(bone_leftpointerfinger) { transformation: [-0.45520690916175865f,-0.2988174396480194f,-0.8387459732324208f,0.8362870463607014f,-0.08758899663893932f,0.9524622367059121f,-0.29179420027984576f,1.5332835046658853f,0.8860670615247936f,-0.05936181779033728f,-0.4597405105811805f,-0.14942090282271775f,0f,0f,0f,1f], start_interpolation: 0, interpolation_duration: 1 }
$data merge entity $(bone_leftmidfinger) { transformation: [-0.45520690916175865f,-0.2988174396480194f,-0.8387459732324208f,0.7052329880431356f,-0.08758899663893932f,0.9524622367059121f,-0.29179420027984576f,1.4876906608721594f,0.8860670615247936f,-0.05936181779033728f,-0.4597405105811805f,-0.2212553576010272f,0f,0f,0f,1f], start_interpolation: 0, interpolation_duration: 1 }
$data merge entity $(bone_leftringfinger) { transformation: [-0.45520690916175865f,-0.2988174396480194f,-0.8387459732324208f,0.5741789297255698f,-0.08758899663893932f,0.9524622367059121f,-0.29179420027984576f,1.4420978170784335f,0.8860670615247936f,-0.05936181779033728f,-0.4597405105811805f,-0.2930898123793366f,0f,0f,0f,1f], start_interpolation: 0, interpolation_duration: 1 }
$data merge entity $(bone_invisibility) { transformation: [-0.3707818773483861f,0.8095106356814619f,0.4552069091617584f,0.7444634050948826f,0.9234062900841857f,0.3736963889319028f,0.08758899663893929f,1.6301546936945386f,-0.09920495382271238f,0.4528173358185959f,-0.8860670615247935f,0.024590863348024822f,0f,0f,0f,1f], start_interpolation: 0, interpolation_duration: 1 }
$data merge entity $(bone_swiftness) { transformation: [-0.838745973232421f,-0.2988174396480194f,0.4552069091617585f,0.6039548606357041f,-0.29179420027984576f,0.9524622367059121f,0.08758899663893925f,1.441901912831272f,-0.45974051058118026f,-0.05936181779033728f,-0.8860670615247938f,-0.007422749002681139f,0f,0f,0f,1f], start_interpolation: 0, interpolation_duration: 1 }
$data merge entity $(bone_suspicious_stew) { transformation: [-0.6252899377048512f,0.6338762999643244f,0.4552069091617587f,0.6012056025973047f,0.7399063842766271f,0.6669832907760672f,0.08758899663893945f,1.5307966137964777f,-0.2480948131496336f,0.3915790165076087f,-0.8860670615247939f,-0.05882789717702447f,0f,0f,0f,1f], start_interpolation: 0, interpolation_duration: 1 }
$data merge entity $(bone_log) { transformation: [-0.45520690916175865f,-0.2988174396480194f,-0.8387459732324208f,0.48186155741211767f,-0.08758899663893932f,0.9524622367059121f,-0.29179420027984576f,1.6279650718116985f,0.8860670615247936f,-0.05936181779033728f,-0.4597405105811805f,-0.004729673816360053f,0f,0f,0f,1f], start_interpolation: 0, interpolation_duration: 1 }
$data merge entity $(bone_planks) { transformation: [-0.45520690916175865f,-0.2988174396480194f,-0.8387459732324208f,0.4391859096782028f,-0.08758899663893932f,0.9524622367059121f,-0.29179420027984576f,1.6197536033767979f,0.8860670615247936f,-0.05936181779033728f,-0.4597405105811805f,0.07833911320158937f,0f,0f,0f,1f], start_interpolation: 0, interpolation_duration: 1 }
$data merge entity $(bone_lefthand) { transformation: [-0.45520690916175865f,-0.2988174396480194f,-0.8387459732324208f,0.5471697364540656f,-0.08758899663893932f,0.9524622367059121f,-0.29179420027984576f,1.8970964489066566f,0.8860670615247936f,-0.05936181779033728f,-0.4597405105811805f,-0.2267200026894809f,0f,0f,0f,1f], start_interpolation: 0, interpolation_duration: 1 }
$data merge entity $(bone_leftforearm) { transformation: [-0.9075097600452514f,0.14699826680967643f,0.393468607359674f,0.5549206987603214f,-0.07932953249083413f,0.8599178556192985f,-0.5042302121669158f,2.5082496841741038f,-0.4124716483558546f,-0.48880751952282653f,-0.7687225430287221f,-0.617296118693723f,0f,0f,0f,1f], start_interpolation: 0, interpolation_duration: 1 }
$data merge entity $(bone_leftelbow) { transformation: [-0.9075097600452514f,0.14699826680967643f,0.393468607359674f,0.5824828737871357f,-0.07932953249083413f,0.8599178556192985f,-0.5042302121669158f,2.6694842821027223f,-0.4124716483558546f,-0.48880751952282653f,-0.7687225430287221f,-0.708947528604253f,0f,0f,0f,1f], start_interpolation: 0, interpolation_duration: 1 }
$data merge entity $(bone_leftarm) { transformation: [-0.9742201404417901f,-0.21980876994510895f,0.05078604742246595f,0.19093098337051928f,-0.17159901251442336f,0.8681465141451198f,0.4656988392531721f,3.0288394619567764f,-0.14645441905812734f,0.4449783529935981f,-0.8834847867990999f,-0.29570295697405213f,0f,0f,0f,1f], start_interpolation: 0, interpolation_duration: 1 }
$data merge entity $(bone_rightthumb2) { transformation: [-0.014093284283112614f,-0.31621533806895863f,-0.9485827530100099f,0.04074868293253739f,0.9586438874625766f,-0.27396997182661326f,0.07708664973887192f,1.9346444941695429f,-0.28425917112514454f,-0.9082666538562665f,0.30699903765970826f,1.2344154866215473f,0f,0f,0f,1f], start_interpolation: 0, interpolation_duration: 1 }
$data merge entity $(bone_rightthumb) { transformation: [-0.014093284283112614f,-0.31621533806895863f,-0.9485827530100099f,-0.11786426772919212f,0.9586438874625766f,-0.27396997182661326f,0.07708664973887192f,1.8740430457239143f,-0.28425917112514454f,-0.9082666538562665f,0.30699903765970826f,1.0379052720240065f,0f,0f,0f,1f], start_interpolation: 0, interpolation_duration: 1 }
$data merge entity $(bone_rightpointerfinger) { transformation: [-0.014093284283112614f,-0.31621533806895863f,-0.9485827530100099f,-0.060112379441124714f,0.9586438874625766f,-0.27396997182661326f,0.07708664973887192f,2.072404554627251f,-0.28425917112514454f,-0.9082666538562665f,0.30699903765970826f,1.31923000086908f,0f,0f,0f,1f], start_interpolation: 0, interpolation_duration: 1 }
$data merge entity $(bone_rightmidfinger) { transformation: [-0.014093284283112614f,-0.31621533806895863f,-0.9485827530100099f,-0.20832843459893877f,0.9586438874625766f,-0.27396997182661326f,0.07708664973887192f,2.0844493436489495f,-0.28425917112514454f,-0.9082666538562665f,0.30699903765970826f,1.3671986005034096f,0f,0f,0f,1f], start_interpolation: 0, interpolation_duration: 1 }
$data merge entity $(bone_rightringfinger) { transformation: [-0.014093284283112614f,-0.31621533806895863f,-0.9485827530100099f,-0.3565444897567528f,0.9586438874625766f,-0.27396997182661326f,0.07708664973887192f,2.096494132670648f,-0.28425917112514454f,-0.9082666538562665f,0.30699903765970826f,1.415167200137739f,0f,0f,0f,1f], start_interpolation: 0, interpolation_duration: 1 }
$data merge entity $(bone_hugeasssword) { transformation: [-0.05519869677552441f,-1.2385100741034214f,-3.715282449289206f,-0.2539945409907128f,3.754688559228425f,-1.073049056320902f,0.30192271147724836f,1.772954931612252f,-1.1133484202401496f,-3.557377727603711f,1.2024128975005242f,1.2534164188055388f,0f,0f,0f,1f], start_interpolation: 0, interpolation_duration: 1 }
$data merge entity $(bone_ice) { transformation: [-0.014093284283112614f,-0.31621533806895863f,-0.9485827530100099f,-0.24883346876646167f,0.9586438874625766f,-0.27396997182661326f,0.07708664973887192f,1.76225690168044f,-0.28425917112514454f,-0.9082666538562665f,0.30699903765970826f,1.2720496348208734f,0f,0f,0f,1f], start_interpolation: 0, interpolation_duration: 1 }
$data merge entity $(bone_righthand) { transformation: [-0.014093284283112614f,-0.31621533806895863f,-0.9485827530100099f,-0.3610538353860423f,0.9586438874625766f,-0.27396997182661326f,0.07708664973887192f,1.9358343383937706f,-0.28425917112514454f,-0.9082666538562665f,0.30699903765970826f,0.9835118985023865f,0f,0f,0f,1f], start_interpolation: 0, interpolation_duration: 1 }
$data merge entity $(bone_rightforearm) { transformation: [0.5730413624084874f,-0.8060109856319578f,-0.14822242748526382f,-0.9612794193795858f,0.571540140502685f,0.5226710540137272f,-0.6325795104888794f,2.2775002193171434f,0.5873376071419192f,0.2777791574916648f,0.7601797648583033f,1.1302389593414324f,0f,0f,0f,1f], start_interpolation: 0, interpolation_duration: 1 }
$data merge entity $(bone_rightelbow) { transformation: [0.5730413624084874f,-0.8060109856319578f,-0.14822242748526382f,-1.112406479185578f,0.571540140502685f,0.5226710540137272f,-0.6325795104888794f,2.3755010419447173f,0.5873376071419192f,0.2777791574916648f,0.7601797648583033f,1.1823225513711195f,0f,0f,0f,1f], start_interpolation: 0, interpolation_duration: 1 }
$data merge entity $(bone_rightarm) { transformation: [0.3164348161724609f,-0.10482193018972039f,-0.9428050541152196f,-1.0750630600519195f,0.545990850782109f,0.8328722540894175f,0.0906520779146368f,2.7004035626773204f,0.7757338448051171f,-0.5434484072286108f,0.32078159346283636f,0.6130511902694294f,0f,0f,0f,1f], start_interpolation: 0, interpolation_duration: 1 }
$data merge entity $(bone_chest) { transformation: [-0.9558346260550089f,0.08312668844770567f,-0.5030717964794991f,-0.5529605202383172f,0.13054919390292571f,1.0731104861399183f,-0.07072413745642517f,2.9883873351573715f,0.49289774468614556f,-0.12302418183177277f,-0.9568322606805463f,0.12628204165951384f,0f,0f,0f,1f], start_interpolation: 0, interpolation_duration: 1 }
$data merge entity $(bone_chest1lid) { transformation: [-0.882308885589239f,0.07673232779788217f,-0.46437396598107605f,-0.7249286171715553f,0.12050694821808527f,0.990563525667617f,-0.06528381919054631f,2.3780784467111875f,0.4549825335564421f,-0.11356078322932872f,-0.8832297790897351f,0.7048632777286508f,0f,0f,0f,1f], start_interpolation: 0, interpolation_duration: 1 }
$data merge entity $(bone_chest1) { transformation: [-0.882308885589239f,0.07673232779788217f,-0.46437396598107605f,-0.7369180433899745f,0.12050694821808527f,0.990563525667617f,-0.06528381919054631f,2.2233028958256225f,0.4549825335564421f,-0.11356078322932872f,-0.8832297790897351f,0.7226071501082334f,0f,0f,0f,1f], start_interpolation: 0, interpolation_duration: 1 }
$data merge entity $(bone_chest1lid3) { transformation: [-0.882308885589239f,0.07673232779788217f,-0.46437396598107605f,-0.9672738837788547f,0.12050694821808527f,0.990563525667617f,-0.06528381919054631f,2.3287243157786133f,0.4549825335564421f,-0.11356078322932872f,-0.8832297790897351f,0.11060779215201169f,0f,0f,0f,1f], start_interpolation: 0, interpolation_duration: 1 }
$data merge entity $(bone_chest3) { transformation: [-0.882308885589239f,0.07673232779788217f,-0.46437396598107605f,-0.9792633099972738f,0.12050694821808527f,0.990563525667617f,-0.06528381919054631f,2.1739487648930482f,0.4549825335564421f,-0.11356078322932872f,-0.8832297790897351f,0.1283516645315943f,0f,0f,0f,1f], start_interpolation: 0, interpolation_duration: 1 }
$data merge entity $(bone_hugeasssword2) { transformation: [1.8187980334258806f,2.750854989159208f,-2.1130660945653883f,-1.6740051541972072f,0.2556949584963067f,2.2731079064423496f,3.1792889632190757f,4.268913941573793f,3.45931663476813f,-1.6143280497051862f,0.8759858138858919f,0.32108486007064363f,0f,0f,0f,1f], start_interpolation: 0, interpolation_duration: 1 }
$data merge entity $(bone_belt) { transformation: [-0.882308885589239f,0.07673232779788217f,-0.46437396598107605f,-0.49447834456889345f,0.12050694821808527f,0.990563525667617f,-0.06528381919054631f,2.59850229420204f,0.4549825335564421f,-0.11356078322932872f,-0.8832297790897351f,0.2725611727789005f,0f,0f,0f,1f], start_interpolation: 0, interpolation_duration: 1 }
$data merge entity $(bone_torn_part) { transformation: [-0.988800279205774f,0.11651526214932582f,-0.09326414921531899f,-0.6060963952155475f,0.09829887749361887f,0.9786577144519393f,0.18046165417395738f,2.3234878826745486f,0.11230021605534832f,0.16927277285488163f,-0.9791503407771156f,0.3172107902142907f,0f,0f,0f,1f], start_interpolation: 0, interpolation_duration: 1 }
$data merge entity $(bone_lowerbody) { transformation: [-0.988800279205774f,0.08307750997780701f,-0.12398441506282465f,-0.53266375f,0.09829887749361887f,0.987628317251576f,-0.12217871191952731f,1.848829375f,0.11230021605534832f,-0.13299787328640902f,-0.9847335818256704f,0.5096624999999999f,0f,0f,0f,1f], start_interpolation: 0, interpolation_duration: 1 }
$data merge entity $(bone_leftfoot) { transformation: [-0.9580629416927877f,-0.2607565198118599f,0.11883098392395816f,0.2413914728702786f,-0.23592781023582166f,0.9531311392512359f,0.1893883030882893f,0.1917491906200599f,-0.1626450425497493f,0.15342487143110012f,-0.9746892857045009f,0.86883613117811f,0f,0f,0f,1f], start_interpolation: 0, interpolation_duration: 1 }
$data merge entity $(bone_leftlowerleg) { transformation: [-0.9580629416927877f,-0.2607565198118599f,0.11883098392395816f,-0.06614315209036495f,-0.23592781023582166f,0.9531311392512359f,0.1893883030882893f,1.22003036403121f,-0.1626450425497493f,0.15342487143110012f,-0.9746892857045009f,1.1887985924048583f,0f,0f,0f,1f], start_interpolation: 0, interpolation_duration: 1 }
$data merge entity $(bone_leftleg) { transformation: [-0.9746672842332937f,-0.11804341959716366f,0.18997336453488117f,-0.23285378111587068f,-0.22326505544449685f,0.5639412892866211f,-0.7950655438131415f,1.7696121818698776f,-0.013281568531664456f,-0.8173224415293828f,-0.5760216158343457f,0.4636380842192567f,0f,0f,0f,1f], start_interpolation: 0, interpolation_duration: 1 }
$data merge entity $(bone_rightfoot) { transformation: [-0.8244876018839049f,-0.2604113955037275f,0.5023735824860984f,-0.4523588904407908f,0.27743869849446917f,0.5877477697377845f,0.7600205222203064f,0.3922280446529065f,-0.49316580310428654f,0.7659950011680632f,-0.4123532064227492f,-0.4859835334684601f,0f,0f,0f,1f], start_interpolation: 0, interpolation_duration: 1 }
$data merge entity $(bone_rightlowerleg) { transformation: [-0.8244876018839049f,-0.2604113955037275f,0.5023735824860984f,-0.8184402853923042f,0.27743869849446917f,0.5877477697377845f,0.7600205222203064f,0.9274868985563959f,-0.49316580310428654f,0.7659950011680632f,-0.4123532064227492f,0.42714843707393724f,0f,0f,0f,1f], start_interpolation: 0, interpolation_duration: 1 }
$data merge entity $(bone_rightleg) { transformation: [-0.8983773877661574f,0.09403405518183656f,0.42900318769944756f,-0.7346236878270516f,0.052263115839447205f,0.9927794667690336f,-0.10815179649002887f,1.8761641411515413f,-0.43605806525416757f,-0.07474307478189887f,-0.8968051370613863f,0.40452388944395645f,0f,0f,0f,1f], start_interpolation: 0, interpolation_duration: 1 }
data modify entity @s data merge value {"locators":{"lefthand":{"posx":0.5609877234502906,"posy":1.5663247123833224,"posz":-0.07597737334160842,"roty":298.72839988552363,"rotx":-16.965402749432954},"righthand":{"posx":-0.2303922439948946,"posy":1.8552060680376776,"posz":1.2547951440309624,"roty":252.0663601206652,"rotx":4.421125728858412},"chest":{"posx":-0.6847381081490436,"posy":2.3301346652372996,"posz":0.8641836838368937,"roty":332.2660421402881,"rotx":-3.743149397380938},"sack":{"posx":0,"posy":-0.4375,"posz":0,"roty":0,"rotx":0}},"cameras":{}}