# This file was generated by Animated Java via MC-Build. It is not recommended to edit this file directly.
$data merge entity $(bone_nose) { transformation: [-0.9978584177701417f,-0.0022128850757885156f,-0.06537339845006271f,0.012254676183775659f,-0.02500830974868959f,0.9364049175549601f,0.3500291628170464f,0.17888910192177504f,0.06044139747542992f,0.35091442477978885f,-0.934454869938986f,3.524463899327087f,0f,0f,0f,1f], start_interpolation: 0, interpolation_duration: 1 }
$data merge entity $(bone_glowing_eye) { transformation: [-0.9978584177701417f,0.00004999138267043443f,-0.06541082162861867f,-0.11019168971221112f,-0.02500830974868959f,0.9237353784147424f,0.38221399125161104f,0.22496985756334725f,0.06044139747542992f,0.38303126264814813f,-0.9217558729432553f,3.59011864990558f,0f,0f,0f,1f], start_interpolation: 0, interpolation_duration: 1 }
$data merge entity $(bone_head) { transformation: [-0.9978584177701417f,0.00004999138267043443f,-0.06541082162861867f,-4.0449547185948596e-16f,-0.02500830974868959f,0.9237353784147424f,0.38221399125161104f,0.13640062500000089f,0.06044139747542992f,0.38303126264814813f,-0.9217558729432553f,3.304565f,0f,0f,0f,1f], start_interpolation: 0, interpolation_duration: 1 }
$data merge entity $(bone_leftthumb2) { transformation: [-0.5204479810711512f,-0.07007699534795869f,0.8510129926869296f,1.1137683781810717f,-0.8537726273200665f,0.025945922922284606f,-0.5199991441557391f,0.2576399048937539f,0.014359660091826446f,-0.9972041033844137f,-0.07333332363485365f,4.071004519887429f,0f,0f,0f,1f], start_interpolation: 0, interpolation_duration: 1 }
$data merge entity $(bone_leftthumb) { transformation: [-0.5204479810711512f,-0.07007699534795869f,0.8510129926869296f,1.1693079634719932f,-0.8537726273200665f,0.025945922922284606f,-0.5199991441557391f,0.21956512103433318f,0.014359660091826446f,-0.9972041033844137f,-0.07333332363485365f,3.8201808100586514f,0f,0f,0f,1f], start_interpolation: 0, interpolation_duration: 1 }
$data merge entity $(bone_leftpointerfinger) { transformation: [-0.5247464346920732f,0.020446651461619406f,0.8510129926869296f,1.2848739135882001f,-0.8365985184047143f,0.17234793030476223f,-0.5199991441557391f,0.2731954422102369f,-0.15730256921294686f,-0.984823905763701f,-0.07333332363485365f,4.1417999973502635f,0f,0f,0f,1f], start_interpolation: 0, interpolation_duration: 1 }
$data merge entity $(bone_leftmidfinger) { transformation: [-0.5247464346920732f,0.020446651461619406f,0.8510129926869296f,1.417844693695533f,-0.8365985184047143f,0.17234793030476223f,-0.5199991441557391f,0.19194557593590267f,-0.15730256921294686f,-0.984823905763701f,-0.07333332363485365f,4.130341665532318f,0f,0f,0f,1f], start_interpolation: 0, interpolation_duration: 1 }
$data merge entity $(bone_leftringfinger) { transformation: [-0.5247464346920732f,0.020446651461619406f,0.8510129926869296f,1.5508154738028657f,-0.8365985184047143f,0.17234793030476223f,-0.5199991441557391f,0.11069570966156841f,-0.15730256921294686f,-0.984823905763701f,-0.07333332363485365f,4.118883333714372f,0f,0f,0f,1f], start_interpolation: 0, interpolation_duration: 1 }
$data merge entity $(bone_invisibility) { transformation: [0.004360338241700207f,-0.8538822439009841f,0.5204479810711513f,1.157274385693909f,-0.01947372078476315f,0.5202817266037577f,0.8537726273200662f,0.13906347725826979f,-0.9998008609964356f,-0.013857796102993869f,-0.014359660091826513f,4.038295222936871f,0f,0f,0f,1f], start_interpolation: 0, interpolation_duration: 1 }
$data merge entity $(bone_swiftness) { transformation: [0.8510129926869295f,-0.07007699534795869f,0.5204479810711514f,1.2992223722879919f,-0.5199991441557393f,0.025945922922284606f,0.8537726273200664f,-0.006417024542347383f,-0.07333332363485365f,-0.9972041033844137f,-0.014359660091826461f,4.16033138414435f,0f,0f,0f,1f], start_interpolation: 0, interpolation_duration: 1 }
$data merge entity $(bone_suspicious_stew) { transformation: [0.2961423051121148f,-0.8008955201034934f,0.5204479810711513f,1.3201241809796438f,-0.19624614242343064f,0.48224449444541406f,0.8537726273200668f,0.040347422592086624f,-0.9347658459244248f,-0.35497410251346695f,-0.01435966009182656f,4.07128916710148f,0f,0f,0f,1f], start_interpolation: 0, interpolation_duration: 1 }
$data merge entity $(bone_log) { transformation: [-0.5204479810711512f,-0.07007699534795869f,0.8510129926869296f,1.3024637923679283f,-0.8537726273200665f,0.025945922922284606f,-0.5199991441557391f,-0.06082548073618432f,0.014359660091826446f,-0.9972041033844137f,-0.07333332363485365f,3.9445473727666536f,0f,0f,0f,1f], start_interpolation: 0, interpolation_duration: 1 }
$data merge entity $(bone_planks) { transformation: [-0.5204479810711512f,-0.07007699534795869f,0.8510129926869296f,1.253671794142508f,-0.8537726273200665f,0.025945922922284606f,-0.5199991441557391f,-0.1408666645474405f,0.014359660091826446f,-0.9972041033844137f,-0.07333332363485365f,3.9458935909002624f,0f,0f,0f,1f], start_interpolation: 0, interpolation_duration: 1 }
$data merge entity $(bone_lefthand) { transformation: [-0.5204479810711512f,-0.07007699534795869f,0.8510129926869296f,1.3884623827772598f,-0.8537726273200665f,0.025945922922284606f,-0.5199991441557391f,0.1753541300792703f,0.014359660091826446f,-0.9972041033844137f,-0.07333332363485365f,3.693948098261183f,0f,0f,0f,1f], start_interpolation: 0, interpolation_duration: 1 }
$data merge entity $(bone_leftforearm) { transformation: [-0.9591153825325025f,0.1595652516598181f,0.2337447613365269f,1.4370597270464047f,-0.2233248986090771f,0.08063218717955276f,-0.9714033354131983f,0.23326900764265723f,-0.17384956902672033f,-0.9838889067640615f,-0.04170067740268841f,2.991937185712949f,0f,0f,0f,1f], start_interpolation: 0, interpolation_duration: 1 }
$data merge entity $(bone_leftelbow) { transformation: [-0.5144566367302128f,-0.8250440930471339f,0.2337447613365269f,1.282363959600067f,-0.1599571661291151f,-0.17546870077610902f,-0.9714033354131983f,0.20036862624713678f,0.8424654734338852f,-0.5371340424661021f,-0.04170067740268841f,2.891224552750555f,0f,0f,0f,1f], start_interpolation: 0, interpolation_duration: 1 }
$data merge entity $(bone_leftarm) { transformation: [-0.5144566367302128f,-0.8250440930471339f,0.2337447613365269f,0.7499999999999997f,-0.1599571661291151f,-0.17546870077610902f,-0.9714033354131983f,0.10800000000000079f,0.8424654734338852f,-0.5371340424661021f,-0.04170067740268841f,2.80825f,0f,0f,0f,1f], start_interpolation: 0, interpolation_duration: 1 }
$data merge entity $(bone_rightthumb2) { transformation: [-0.5204479810711513f,0.07007699534795908f,-0.8510129926869298f,-1.1137683781810728f,0.8537726273200665f,0.025945922922284606f,-0.5199991441557391f,0.2576399048937539f,-0.014359660091826588f,-0.9972041033844138f,-0.07333332363485387f,4.0710045198874285f,0f,0f,0f,1f], start_interpolation: 0, interpolation_duration: 1 }
$data merge entity $(bone_rightthumb) { transformation: [-0.5204479810711513f,0.07007699534795908f,-0.8510129926869298f,-1.1693079634719943f,0.8537726273200665f,0.025945922922284606f,-0.5199991441557391f,0.21956512103433318f,-0.014359660091826588f,-0.9972041033844138f,-0.07333332363485387f,3.820180810058651f,0f,0f,0f,1f], start_interpolation: 0, interpolation_duration: 1 }
$data merge entity $(bone_rightpointerfinger) { transformation: [-0.5247464346920734f,-0.02044665146161906f,-0.8510129926869298f,-1.2848739135882012f,0.8365985184047143f,0.17234793030476223f,-0.5199991441557391f,0.2731954422102369f,0.15730256921294672f,-0.9848239057637013f,-0.07333332363485387f,4.141799997350264f,0f,0f,0f,1f], start_interpolation: 0, interpolation_duration: 1 }
$data merge entity $(bone_rightmidfinger) { transformation: [-0.5247464346920734f,-0.02044665146161906f,-0.8510129926869298f,-1.417844693695534f,0.8365985184047143f,0.17234793030476223f,-0.5199991441557391f,0.19194557593590267f,0.15730256921294672f,-0.9848239057637013f,-0.07333332363485387f,4.130341665532318f,0f,0f,0f,1f], start_interpolation: 0, interpolation_duration: 1 }
$data merge entity $(bone_rightringfinger) { transformation: [-0.5247464346920734f,-0.02044665146161906f,-0.8510129926869298f,-1.5508154738028668f,0.8365985184047143f,0.17234793030476223f,-0.5199991441557391f,0.11069570966156841f,0.15730256921294672f,-0.9848239057637013f,-0.07333332363485387f,4.118883333714372f,0f,0f,0f,1f], start_interpolation: 0, interpolation_duration: 1 }
$data merge entity $(bone_hugeasssword) { transformation: [-2.038421259195343f,0.2744682317795064f,-3.3331342213571418f,-1.256312526976921f,3.3439427903369277f,0.10162153144561471f,-2.0366633146099784f,-0.014579931878913877f,-0.056242002026320806f,-3.9057160715889543f,-0.287222184236511f,3.9333250216895155f,0f,0f,0f,1f], start_interpolation: 0, interpolation_duration: 1 }
$data merge entity $(bone_ice) { transformation: [-0.5204479810711513f,0.07007699534795908f,-0.8510129926869298f,-1.2492754803249961f,0.8537726273200665f,0.025945922922284606f,-0.5199991441557391f,-0.02832553422645062f,-0.014359660091826588f,-0.9972041033844138f,-0.07333332363485387f,3.9491307054938316f,0f,0f,0f,1f], start_interpolation: 0, interpolation_duration: 1 }
$data merge entity $(bone_righthand) { transformation: [-0.5204479810711513f,0.07007699534795908f,-0.8510129926869298f,-1.3884623827772609f,0.8537726273200665f,0.025945922922284606f,-0.5199991441557391f,0.1753541300792703f,-0.014359660091826588f,-0.9972041033844138f,-0.07333332363485387f,3.6939480982611825f,0f,0f,0f,1f], start_interpolation: 0, interpolation_duration: 1 }
$data merge entity $(bone_rightforearm) { transformation: [-0.9591153825325027f,-0.15956525165981778f,-0.2337447613365269f,-1.4370597270464056f,0.2233248986090771f,0.08063218717955276f,-0.9714033354131983f,0.23326900764265723f,0.1738495690267201f,-0.9838889067640616f,-0.041700677402688464f,2.9919371857129486f,0f,0f,0f,1f], start_interpolation: 0, interpolation_duration: 1 }
$data merge entity $(bone_rightelbow) { transformation: [-0.5144566367302126f,0.8250440930471341f,-0.2337447613365269f,-1.282363959600068f,0.1599571661291151f,-0.17546870077610902f,-0.9714033354131983f,0.20036862624713678f,-0.8424654734338854f,-0.5371340424661019f,-0.041700677402688464f,2.8912245527505545f,0f,0f,0f,1f], start_interpolation: 0, interpolation_duration: 1 }
$data merge entity $(bone_rightarm) { transformation: [-0.5144566367302126f,0.8250440930471341f,-0.2337447613365269f,-0.7500000000000003f,0.1599571661291151f,-0.17546870077610902f,-0.9714033354131983f,0.10800000000000079f,-0.8424654734338854f,-0.5371340424661019f,-0.041700677402688464f,2.80825f,0f,0f,0f,1f], start_interpolation: 0, interpolation_duration: 1 }
$data merge entity $(bone_chest) { transformation: [-1.0833333333333333f,-1.3267006990762992e-16f,2.945867325801597e-32f,-0.002323125000000324f,0f,2.4054832200211723e-16f,1.0833333333333333f,0.21806937500000073f,-1.3267006990762992e-16f,1.0833333333333333f,-2.4054832200211723e-16f,2.647949375f,0f,0f,0f,1f], start_interpolation: 0, interpolation_duration: 1 }
$data merge entity $(bone_chest1lid) { transformation: [-1f,-1.1727482835162218e-16f,-3.527339594816645e-17f,-0.3437500000000002f,0f,-0.288029136014769f,0.9576216459576223f,-0.21825455250230713f,-1.2246467991473532e-16f,0.9576216459576223f,0.288029136014769f,1.9578783821808785f,0f,0f,0f,1f], start_interpolation: 0, interpolation_duration: 1 }
$data merge entity $(bone_chest1) { transformation: [-1f,-1.1727482835162218e-16f,-3.527339594816645e-17f,-0.3437500000000002f,0f,-0.288029136014769f,0.9576216459576223f,-0.17324999999999946f,-1.2246467991473532e-16f,0.9576216459576223f,0.288029136014769f,1.8082500000000001f,0f,0f,0f,1f], start_interpolation: 0, interpolation_duration: 1 }
$data merge entity $(bone_chest1lid3) { transformation: [-1f,-1.1644480814898265e-16f,3.79236665126831e-17f,-0.2812500000000002f,0f,0.30967023748469386f,0.9508440166589751f,0.515760974606984f,-1.2246467991473532e-16f,0.9508440166589751f,-0.30967023748469386f,1.9568193776029648f,0f,0f,0f,1f], start_interpolation: 0, interpolation_duration: 1 }
$data merge entity $(bone_chest3) { transformation: [-1f,-1.1644480814898265e-16f,3.79236665126831e-17f,-0.2812500000000002f,0f,0.30967023748469386f,0.9508440166589751f,0.46737500000000054f,-1.2246467991473532e-16f,0.9508440166589751f,-0.30967023748469386f,1.80825f,0f,0f,0f,1f], start_interpolation: 0, interpolation_duration: 1 }
$data merge entity $(bone_hugeasssword2) { transformation: [-1.3045120539345591e-15f,1.655254858484406f,-3.549705499226879f,-1.7343750000000004f,-3.916666666666666f,7.881929551760434e-16f,2.1068898163484873e-15f,0.4830000000000008f,1.1958027161066787e-15f,3.5497054992268793f,1.6552548584844058f,3.0426249999999997f,0f,0f,0f,1f], start_interpolation: 0, interpolation_duration: 1 }
$data merge entity $(bone_belt) { transformation: [-1f,-1.2246467991473532e-16f,2.719262146893782e-32f,0.029705624999999725f,0f,2.220446049250313e-16f,1f,0.08716687500000064f,-1.2246467991473532e-16f,1f,-2.220446049250313e-16f,2.249619375f,0f,0f,0f,1f], start_interpolation: 0, interpolation_duration: 1 }
$data merge entity $(bone_torn_part) { transformation: [-1f,-1.16796641102639e-16f,-3.682583948479535e-17f,-0.09375000000000024f,0f,-0.30070579950427284f,0.953716950748227f,0.0923750000000006f,-1.2246467991473532e-16f,0.953716950748227f,0.30070579950427284f,1.9645000000000004f,0f,0f,0f,1f], start_interpolation: 0, interpolation_duration: 1 }
$data merge entity $(bone_lowerbody) { transformation: [-1f,-1.2246467991473532e-16f,2.719262146893782e-32f,0.0039062499999998196f,0f,2.220446049250313e-16f,1f,-0.048249999999999515f,-1.2246467991473532e-16f,1f,-2.220446049250313e-16f,1.4762187500000004f,0f,0f,0f,1f], start_interpolation: 0, interpolation_duration: 1 }
$data merge entity $(bone_leftfoot) { transformation: [-1f,-1.2173911635695962e-16f,1.3311099700821926e-17f,0.28125f,0f,0.10869337763418498f,0.9940753239360045f,-0.5885405228144348f,-1.2246467991473532e-16f,0.9940753239360045f,-0.10869337763418498f,-0.4097467516484671f,0f,0f,0f,1f], start_interpolation: 0, interpolation_duration: 1 }
$data merge entity $(bone_leftlowerleg) { transformation: [-1f,-1.2153264497354815e-16f,1.5080253059948225e-17f,0.2812499999999999f,0f,0.1231396111143856f,0.9923893571449655f,-0.6044087997562997f,-1.2246467991473532e-16f,0.9923893571449655f,-0.1231396111143856f,0.7101050539461556f,0f,0f,0f,1f], start_interpolation: 0, interpolation_duration: 1 }
$data merge entity $(bone_leftleg) { transformation: [-1f,-8.847885053034735e-17f,8.467048385031841e-17f,0.2499999999999998f,0f,0.6913869689552063f,0.7224846428533499f,0.1113750000000005f,-1.2246467991473532e-16f,0.7224846428533499f,-0.6913869689552063f,1.4957500000000004f,0f,0f,0f,1f], start_interpolation: 0, interpolation_duration: 1 }
$data merge entity $(bone_rightfoot) { transformation: [-1f,-3.157229927728877e-17f,-1.1832492444520677e-16f,-0.28125f,0f,-0.9661963312817147f,0.25780738821406024f,1.6648664959462032f,-1.2246467991473532e-16f,0.25780738821406024f,0.9661963312817147f,0.03676986136977545f,0f,0f,0f,1f], start_interpolation: 0, interpolation_duration: 1 }
$data merge entity $(bone_rightlowerleg) { transformation: [-1f,-7.444998931763963e-17f,-9.723578002578023e-17f,-0.28125000000000006f,0f,-0.7939903986478352f,0.6079302976946057f,0.6906275669005374f,-1.2246467991473532e-16f,0.6079302976946057f,0.7939903986478352f,0.5891993843304829f,0f,0f,0f,1f], start_interpolation: 0, interpolation_duration: 1 }
$data merge entity $(bone_rightleg) { transformation: [-1f,-1.0599334337521361e-16f,-6.134336954196956e-17f,-0.25000000000000017f,0f,-0.5009066253607097f,0.8655013302530191f,0.13587500000000052f,-1.2246467991473532e-16f,0.8655013302530191f,0.5009066253607097f,1.4957500000000004f,0f,0f,0f,1f], start_interpolation: 0, interpolation_duration: 1 }
data modify entity @s data merge value {"locators":{"lefthand":{"posx":1.3434334778441746,"posy":0.025313664474201886,"posz":4.022253558391747,"roty":85.07488595958732,"rotx":-31.33219408927532},"righthand":{"posx":-1.2858653535919953,"posy":0.05943523116657834,"posz":3.964511634657399,"roty":274.92511404041267,"rotx":-31.332194089275305},"chest":{"posx":-0.3750000000000002,"posy":-0.34988111368226255,"posz":1.8530224768062196,"roty":180,"rotx":73.25999999999999},"sack":{"posx":0,"posy":-0.4375,"posz":0,"roty":0,"rotx":0}},"cameras":{}}