# This file was generated by Animated Java via MC-Build. It is not recommended to edit this file directly.
$data merge entity $(bone_nose) { transformation: [-0.9914448617560984f,0.018205241140488847f,0.1292503589644827f,-0.024441675977416345f,0.049950250848051714f,0.967767408693196f,0.24684249049034027f,0.2242098327358151f,-0.1205904579046273f,0.25118680671220295f,-0.9603973810856f,3.7046719016544336f,0f,0f,0f,1f], start_interpolation: 0, interpolation_duration: 1 }
$data merge entity $(bone_glowing_eye) { transformation: [-0.9914448617560984f,4.5376948283923445e-8f,0.1305261893162783f,-0.1529270735796004f,0.049950250848051714f,0.9238795352315852f,0.37940951071432993f,0.27976803314090315f,-0.1205904579046273f,0.3826834257977061f,-0.9159756203535574f,3.7474724134026944f,0f,0f,0f,1f], start_interpolation: 0, interpolation_duration: 1 }
$data merge entity $(bone_head) { transformation: [-0.9914448617560984f,4.5376948283923445e-8f,0.1305261893162783f,-4.2661319617819025e-16f,0.049950250848051714f,0.9238795352315852f,0.37940951071432993f,0.1811784027777787f,-0.1205904579046273f,0.3826834257977061f,-0.9159756203535574f,3.485898333333333f,0f,0f,0f,1f], start_interpolation: 0, interpolation_duration: 1 }
$data merge entity $(bone_leftthumb2) { transformation: [-0.3352166577776838f,0.6286981899637482f,0.7016896595252534f,0.6363482534551884f,-0.7781148045442318f,0.23517192929407174f,-0.5824358459274263f,0.13905980699996698f,-0.5311940731008316f,-0.7412373099139109f,0.41036582105986585f,4.1218097316110365f,0f,0f,0f,1f], start_interpolation: 0, interpolation_duration: 1 }
$data merge entity $(bone_leftthumb) { transformation: [-0.3352166577776838f,0.6286981899637482f,0.7016896595252534f,0.8504964133862523f,-0.7781148045442318f,0.23517192929407174f,-0.5824358459274263f,0.14696044756652535f,-0.5311940731008316f,-0.7412373099139109f,0.41036582105986585f,3.975095677787698f,0f,0f,0f,1f], start_interpolation: 0, interpolation_duration: 1 }
$data merge entity $(bone_leftpointerfinger) { transformation: [-0.681590725324365f,0.20752278156178405f,0.7016896595252534f,0.7335034418079199f,-0.7165019207834327f,-0.3839185888863099f,-0.5824358459274263f,0.1566191527757907f,0.14852299709290034f,-0.8997448595243015f,0.41036582105986585f,4.303079461098771f,0f,0f,0f,1f], start_interpolation: 0, interpolation_duration: 1 }
$data merge entity $(bone_leftmidfinger) { transformation: [-0.681590725324365f,0.20752278156178405f,0.7016896595252534f,0.8431424511087408f,-0.7165019207834327f,-0.3839185888863099f,-0.5824358459274263f,0.06561355184963033f,0.14852299709290034f,-0.8997448595243015f,0.41036582105986585f,4.367199120639375f,0f,0f,0f,1f], start_interpolation: 0, interpolation_duration: 1 }
$data merge entity $(bone_leftringfinger) { transformation: [-0.681590725324365f,0.20752278156178405f,0.7016896595252534f,0.9527814604095617f,-0.7165019207834327f,-0.3839185888863099f,-0.5824358459274263f,-0.02539204907653002f,0.14852299709290034f,-0.8997448595243015f,0.41036582105986585f,4.431318780179979f,0f,0f,0f,1f], start_interpolation: 0, interpolation_duration: 1 }
$data merge entity $(bone_invisibility) { transformation: [0.6874620869960375f,-0.6442248608144606f,0.33521665777768395f,0.6977437838728829f,0.18351440034809552f,0.6007160858625074f,0.7781148045442314f,0.025625808835813002f,-0.7026509402313008f,-0.4734073435157273f,0.5311940731008316f,4.102153768324424f,0f,0f,0f,1f], start_interpolation: 0, interpolation_duration: 1 }
$data merge entity $(bone_swiftness) { transformation: [0.7016896595252533f,0.6286981899637482f,0.33521665777768395f,0.7267151197417034f,-0.5824358459274265f,0.23517192929407174f,0.7781148045442317f,-0.1559538106577314f,0.41036582105986574f,-0.7412373099139109f,0.5311940731008317f,4.251807152606528f,0f,0f,0f,1f], start_interpolation: 0, interpolation_duration: 1 }
$data merge entity $(bone_suspicious_stew) { transformation: [0.8663409294499779f,-0.3702474663088296f,0.3352166577776839f,0.7998403673793172f,-0.03300987396967309f,0.6272540945817724f,0.778114804544232f,-0.09460459646123903f,-0.4983610560429607f,-0.685178162613414f,0.5311940731008316f,4.213842858675363f,0f,0f,0f,1f], start_interpolation: 0, interpolation_duration: 1 }
$data merge entity $(bone_log) { transformation: [-0.3352166577776838f,0.6286981899637482f,0.7016896595252534f,0.8798927822483742f,-0.7781148045442318f,0.23517192929407174f,-0.5824358459274263f,-0.1654580485033499f,-0.5311940731008316f,-0.7412373099139109f,0.41036582105986585f,4.090624648445103f,0f,0f,0f,1f], start_interpolation: 0, interpolation_duration: 1 }
$data merge entity $(bone_planks) { transformation: [-0.3352166577776838f,0.6286981899637482f,0.7016896595252534f,0.8484662205817163f,-0.7781148045442318f,0.23517192929407174f,-0.5824358459274263f,-0.23840631142937163f,-0.5311940731008316f,-0.7412373099139109f,0.41036582105986585f,4.0408252040919f,0f,0f,0f,1f], start_interpolation: 0, interpolation_duration: 1 }
$data merge entity $(bone_lefthand) { transformation: [-0.3352166577776838f,0.6286981899637482f,0.7016896595252534f,1.098943692323568f,-0.7781148045442318f,0.23517192929407174f,-0.5824358459274263f,0.10606475514145805f,-0.5311940731008316f,-0.7412373099139109f,0.41036582105986585f,4.025289907333712f,0f,0f,0f,1f], start_interpolation: 0, interpolation_duration: 1 }
$data merge entity $(bone_leftforearm) { transformation: [-0.860315614198671f,0.43898270291781016f,0.259135544657496f,1.349784686539963f,-0.1897122670961493f,0.19611277231178487f,-0.9620545910962777f,0.2471316344655518f,-0.47314511482123867f,-0.8768317780938143f,-0.08543847637708413f,3.380530969878563f,0f,0f,0f,1f], start_interpolation: 0, interpolation_duration: 1 }
$data merge entity $(bone_leftelbow) { transformation: [-0.7347956665110754f,-0.6268365799565365f,0.259135544657496f,1.2322528277981124f,-0.25378431793702133f,-0.1002221717975396f,-0.9620545910962777f,0.22833997725351313f,0.6290221366897873f,-0.7726780819387707f,-0.08543847637708413f,3.2356538295150434f,0f,0f,0f,1f], start_interpolation: 0, interpolation_duration: 1 }
$data merge entity $(bone_leftarm) { transformation: [-0.7347956665110754f,-0.6268365799565365f,0.259135544657496f,0.7499999999999997f,-0.25378431793702133f,-0.1002221717975396f,-0.9620545910962777f,0.1527777777777786f,0.6290221366897873f,-0.7726780819387707f,-0.08543847637708413f,2.989583333333333f,0f,0f,0f,1f], start_interpolation: 0, interpolation_duration: 1 }
$data merge entity $(bone_rightthumb2) { transformation: [-0.3352166577776838f,-0.6286981899637478f,-0.7016896595252534f,-0.6363482534551894f,0.7781148045442318f,0.23517192929407174f,-0.5824358459274263f,0.13905980699996698f,0.5311940731008314f,-0.741237309913911f,0.4103658210598655f,4.1218097316110365f,0f,0f,0f,1f], start_interpolation: 0, interpolation_duration: 1 }
$data merge entity $(bone_rightthumb) { transformation: [-0.3352166577776838f,-0.6286981899637478f,-0.7016896595252534f,-0.8504964133862533f,0.7781148045442318f,0.23517192929407174f,-0.5824358459274263f,0.14696044756652535f,0.5311940731008314f,-0.741237309913911f,0.4103658210598655f,3.975095677787698f,0f,0f,0f,1f], start_interpolation: 0, interpolation_duration: 1 }
$data merge entity $(bone_rightpointerfinger) { transformation: [-0.6815907253243647f,-0.20752278156178383f,-0.7016896595252534f,-0.7335034418079209f,0.7165019207834327f,-0.3839185888863099f,-0.5824358459274263f,0.1566191527757907f,-0.14852299709290057f,-0.8997448595243015f,0.4103658210598655f,4.303079461098772f,0f,0f,0f,1f], start_interpolation: 0, interpolation_duration: 1 }
$data merge entity $(bone_rightmidfinger) { transformation: [-0.6815907253243647f,-0.20752278156178383f,-0.7016896595252534f,-0.8431424511087419f,0.7165019207834327f,-0.3839185888863099f,-0.5824358459274263f,0.06561355184963033f,-0.14852299709290057f,-0.8997448595243015f,0.4103658210598655f,4.367199120639375f,0f,0f,0f,1f], start_interpolation: 0, interpolation_duration: 1 }
$data merge entity $(bone_rightringfinger) { transformation: [-0.6815907253243647f,-0.20752278156178383f,-0.7016896595252534f,-0.9527814604095627f,0.7165019207834327f,-0.3839185888863099f,-0.5824358459274263f,-0.02539204907653002f,-0.14852299709290057f,-0.8997448595243015f,0.4103658210598655f,4.431318780179979f,0f,0f,0f,1f], start_interpolation: 0, interpolation_duration: 1 }
$data merge entity $(bone_hugeasssword) { transformation: [-1.3129319096292615f,-2.462401244024679f,-2.7482844998072427f,-0.8510983480240067f,3.047616317798241f,0.9210900564017811f,-2.281207063215753f,-0.11322320291666224f,2.080510119644923f,-2.903179463829485f,1.6072661324844735f,4.061694859053657f,0f,0f,0f,1f], start_interpolation: 0, interpolation_duration: 1 }
$data merge entity $(bone_ice) { transformation: [-0.3352166577776838f,-0.6286981899637478f,-0.7016896595252534f,-0.8360371785280468f,0.7781148045442318f,0.23517192929407174f,-0.5824358459274263f,-0.12905580813288578f,0.5311940731008314f,-0.741237309913911f,0.4103658210598655f,4.064976784628861f,0f,0f,0f,1f], start_interpolation: 0, interpolation_duration: 1 }
$data merge entity $(bone_righthand) { transformation: [-0.3352166577776838f,-0.6286981899637478f,-0.7016896595252534f,-1.098943692323569f,0.7781148045442318f,0.23517192929407174f,-0.5824358459274263f,0.10606475514145805f,0.5311940731008314f,-0.741237309913911f,0.4103658210598655f,4.025289907333712f,0f,0f,0f,1f], start_interpolation: 0, interpolation_duration: 1 }
$data merge entity $(bone_rightforearm) { transformation: [-0.860315614198671f,-0.43898270291780983f,-0.259135544657496f,-1.3497846865399636f,0.1897122670961493f,0.19611277231178487f,-0.9620545910962777f,0.2471316344655518f,0.47314511482123833f,-0.8768317780938144f,-0.08543847637708418f,3.380530969878563f,0f,0f,0f,1f], start_interpolation: 0, interpolation_duration: 1 }
$data merge entity $(bone_rightelbow) { transformation: [-0.7347956665110752f,0.6268365799565367f,-0.259135544657496f,-1.232252827798113f,0.25378431793702133f,-0.1002221717975396f,-0.9620545910962777f,0.22833997725351313f,-0.6290221366897876f,-0.7726780819387705f,-0.08543847637708418f,3.2356538295150434f,0f,0f,0f,1f], start_interpolation: 0, interpolation_duration: 1 }
$data merge entity $(bone_rightarm) { transformation: [-0.7347956665110752f,0.6268365799565367f,-0.259135544657496f,-0.7500000000000003f,0.25378431793702133f,-0.1002221717975396f,-0.9620545910962777f,0.1527777777777786f,-0.6290221366897876f,-0.7726780819387705f,-0.08543847637708418f,2.989583333333333f,0f,0f,0f,1f], start_interpolation: 0, interpolation_duration: 1 }
$data merge entity $(bone_chest) { transformation: [-1.0833333333333333f,-1.3267006990762992e-16f,2.945867325801597e-32f,-0.002323125000000346f,0f,2.4054832200211723e-16f,1.0833333333333333f,0.26284715277777854f,-1.3267006990762992e-16f,1.0833333333333333f,-2.4054832200211723e-16f,2.829282708333333f,0f,0f,0f,1f], start_interpolation: 0, interpolation_duration: 1 }
$data merge entity $(bone_chest1lid) { transformation: [-1f,-1.1442229487302216e-16f,4.364786664442772e-17f,-0.3437500000000003f,0f,0.3564118787132508f,0.934328942456612f,-0.07278286617327621f,-1.2246467991473532e-16f,0.934328942456612f,-0.3564118787132508f,2.1355722305921785f,0f,0f,0f,1f], start_interpolation: 0, interpolation_duration: 1 }
$data merge entity $(bone_chest1) { transformation: [-1f,-1.1442229487302216e-16f,4.364786664442772e-17f,-0.3437500000000003f,0f,0.3564118787132508f,0.934328942456612f,-0.12847222222222165f,-1.2246467991473532e-16f,0.934328942456612f,-0.3564118787132508f,1.989583333333333f,0f,0f,0f,1f], start_interpolation: 0, interpolation_duration: 1 }
$data merge entity $(bone_chest1lid3) { transformation: [-1f,-1.2209373378499115e-16f,9.524599574695506e-18f,-0.2812500000000003f,0f,0.07777425769884756f,0.9969709949840032f,0.5243050055432232f,-1.2246467991473532e-16f,0.9969709949840032f,-0.07777425769884756f,2.1453600512995834f,0f,0f,0f,1f], start_interpolation: 0, interpolation_duration: 1 }
$data merge entity $(bone_chest3) { transformation: [-1f,-1.2209373378499115e-16f,9.524599574695506e-18f,-0.2812500000000003f,0f,0.07777425769884756f,0.9969709949840032f,0.5121527777777783f,-1.2246467991473532e-16f,0.9969709949840032f,-0.07777425769884756f,1.9895833333333328f,0f,0f,0f,1f], start_interpolation: 0, interpolation_duration: 1 }
$data merge entity $(bone_hugeasssword2) { transformation: [-1.3045120539345591e-15f,1.655254858484406f,-3.549705499226879f,-1.7343750000000004f,-3.916666666666666f,7.881929551760434e-16f,2.1068898163484873e-15f,0.5277777777777786f,1.1958027161066787e-15f,3.5497054992268793f,1.6552548584844058f,3.2239583333333326f,0f,0f,0f,1f], start_interpolation: 0, interpolation_duration: 1 }
$data merge entity $(bone_belt) { transformation: [-1f,-1.2246467991473532e-16f,2.719262146893782e-32f,0.0297056249999997f,0f,2.220446049250313e-16f,1f,0.13194465277777845f,-1.2246467991473532e-16f,1f,-2.220446049250313e-16f,2.430952708333333f,0f,0f,0f,1f], start_interpolation: 0, interpolation_duration: 1 }
$data merge entity $(bone_torn_part) { transformation: [-1f,-1.16796641102639e-16f,-3.682583948479535e-17f,-0.09375000000000026f,0f,-0.30070579950427284f,0.953716950748227f,0.1371527777777784f,-1.2246467991473532e-16f,0.953716950748227f,0.30070579950427284f,2.145833333333333f,0f,0f,0f,1f], start_interpolation: 0, interpolation_duration: 1 }
$data merge entity $(bone_lowerbody) { transformation: [-1f,-1.2246467991473532e-16f,2.719262146893782e-32f,0.0039062499999997975f,0f,2.220446049250313e-16f,1f,-0.0034722222222217103f,-1.2246467991473532e-16f,1f,-2.220446049250313e-16f,1.657552083333333f,0f,0f,0f,1f], start_interpolation: 0, interpolation_duration: 1 }
$data merge entity $(bone_leftfoot) { transformation: [-1f,-2.465190328815662e-32f,-1.224646799147353e-16f,0.28124999999999994f,0f,-1f,1.6653345369377348e-16f,1.7218524714889916f,-1.2246467991473532e-16f,1.6653345369377348e-16f,1f,0.4228377395676962f,0f,0f,0f,1f], start_interpolation: 0, interpolation_duration: 1 }
$data merge entity $(bone_leftlowerleg) { transformation: [-1f,-4.686520405326299e-17f,-1.1314261122877e-16f,0.2812499999999999f,0f,-0.9238795325112867f,0.38268343236508995f,0.6381259799664033f,-1.2246467991473532e-16f,0.38268343236508995f,0.9238795325112867f,0.7054271241503134f,0f,0f,0f,1f], start_interpolation: 0, interpolation_duration: 1 }
$data merge entity $(bone_leftleg) { transformation: [-1f,-1.1314261122877003e-16f,-4.686520405326295e-17f,0.24999999999999978f,0f,-0.3826834323650895f,0.9238795325112868f,0.20746527777777832f,-1.2246467991473532e-16f,0.9238795325112868f,0.3826834323650895f,1.677083333333333f,0f,0f,0f,1f], start_interpolation: 0, interpolation_duration: 1 }
$data merge entity $(bone_rightfoot) { transformation: [-1f,-1.1244904162164712e-16f,4.850578176868861e-17f,-0.28125000000000006f,0f,0.39607976603915696f,0.9182161068802739f,-0.7696813408611051f,-1.2246467991473532e-16f,0.9182161068802739f,-0.39607976603915696f,0.12881622235710344f,0f,0f,0f,1f], start_interpolation: 0, interpolation_duration: 1 }
$data merge entity $(bone_rightlowerleg) { transformation: [-1f,-1.221409955644829e-16f,8.89803512779873e-18f,-0.28125000000000017f,0f,0.07265797072261071f,0.9973569167005722f,-0.8423159314052412f,-1.2246467991473532e-16f,0.9973569167005722f,-0.07265797072261071f,1.246422631144708f,0f,0f,0f,1f], start_interpolation: 0, interpolation_duration: 1 }
$data merge entity $(bone_rightleg) { transformation: [-1f,-4.686520405326297e-17f,1.1314261122877003e-16f,-0.2500000000000002f,0f,0.9238795325112867f,0.3826834323650896f,0.12934027777777832f,-1.2246467991473532e-16f,0.3826834323650896f,-0.9238795325112867f,1.677083333333333f,0f,0f,0f,1f], start_interpolation: 0, interpolation_duration: 1 }
data modify entity @s data merge value {"locators":{"lefthand":{"posx":0.8512383968940322,"posy":-0.10178203246081147,"posz":4.191921291681269,"roty":120.32017339129047,"rotx":-35.622050073445024},"righthand":{"posx":-0.8466764300464391,"posy":-0.05068154650946788,"posz":4.119946095995409,"roty":239.67982660870956,"rotx":-35.622050073445024},"chest":{"posx":-0.3750000000000003,"posy":-0.2410475058517,"posz":2.132866027737586,"roty":0,"rotx":69.11999999999998},"sack":{"posx":0,"posy":-0.4375,"posz":0,"roty":0,"rotx":0}},"cameras":{}}