# This file was generated by Animated Java via MC-Build. It is not recommended to edit this file directly.
$data merge entity $(bone_nose) { transformation: [-0.09123442692250053f,0.3807676752878223f,-0.9201588215085647f,0.7994461920809884f,0.13696309767816092f,0.9200291879685634f,0.367134039773362f,3.8306217882455047f,0.9863657481981649f,-0.09253253882723378f,-0.1360894560194176f,0.06875549047296639f,0f,0f,0f,1f], start_interpolation: 0, interpolation_duration: 1 }
$data merge entity $(bone_glowing_eye) { transformation: [-0.09123442692250053f,0.3807676752878223f,-0.9201588215085647f,0.845932471245828f,0.13696309767816092f,0.9200291879685634f,0.367134039773362f,3.8972242549412326f,0.9863657481981649f,-0.09253253882723378f,-0.1360894560194176f,0.19053493091596285f,0f,0f,0f,1f], start_interpolation: 0, interpolation_duration: 1 }
$data merge entity $(bone_head) { transformation: [-0.09123442692250053f,0.3807676752878223f,-0.9201588215085647f,0.5801258493138473f,0.13696309767816092f,0.9200291879685634f,0.367134039773362f,3.78576714382412f,0.9863657481981649f,-0.09253253882723378f,-0.1360894560194176f,0.05469768811625331f,0f,0f,0f,1f], start_interpolation: 0, interpolation_duration: 1 }
$data merge entity $(bone_leftthumb2) { transformation: [0.8609841866319479f,-0.2996441533009604f,0.4109983111428488f,1.0133349937578897f,-0.4713548838750985f,-0.7736905324134282f,0.4233527294123879f,3.912061879985026f,0.1911303320167051f,-0.5582260666131389f,-0.8073740488378405f,-0.5138995749579909f,0f,0f,0f,1f], start_interpolation: 0, interpolation_duration: 1 }
$data merge entity $(bone_leftthumb) { transformation: [0.8609841866319479f,-0.2996441533009604f,0.4109983111428488f,0.9749724006664688f,-0.4713548838750985f,-0.7736905324134282f,0.4233527294123879f,3.758498745463385f,0.1911303320167051f,-0.5582260666131389f,-0.8073740488378405f,-0.7197964988779233f,0f,0f,0f,1f], start_interpolation: 0, interpolation_duration: 1 }
$data merge entity $(bone_leftpointerfinger) { transformation: [0.8609841866319479f,-0.2996441533009604f,0.4109983111428488f,0.9983885388902983f,-0.4713548838750985f,-0.7736905324134282f,0.4233527294123879f,4.083765051026586f,0.1911303320167051f,-0.5582260666131389f,-0.8073740488378405f,-0.5953791093740881f,0f,0f,0f,1f], start_interpolation: 0, interpolation_duration: 1 }
$data merge entity $(bone_leftmidfinger) { transformation: [0.8609841866319479f,-0.2996441533009604f,0.4109983111428488f,1.0626070250063684f,-0.4713548838750985f,-0.7736905324134282f,0.4233527294123879f,4.1499139149972715f,0.1911303320167051f,-0.5582260666131389f,-0.8073740488378405f,-0.7215313045050006f,0f,0f,0f,1f], start_interpolation: 0, interpolation_duration: 1 }
$data merge entity $(bone_leftringfinger) { transformation: [0.8609841866319479f,-0.2996441533009604f,0.4109983111428488f,1.1268255111224386f,-0.4713548838750985f,-0.7736905324134282f,0.4233527294123879f,4.216062778967957f,0.1911303320167051f,-0.5582260666131389f,-0.8073740488378405f,-0.8476834996359133f,0f,0f,0f,1f], start_interpolation: 0, interpolation_duration: 1 }
$data merge entity $(bone_invisibility) { transformation: [-0.2626830537569187f,-0.4355500472261059f,-0.8609841866319475f,1.114205797393282f,-0.7338487847778519f,-0.48917331747261356f,0.47135488387509844f,3.8975338355231495f,-0.6264691327982643f,0.7556491393723507f,-0.19113033201670523f,-0.5953677091305853f,0f,0f,0f,1f], start_interpolation: 0, interpolation_duration: 1 }
$data merge entity $(bone_swiftness) { transformation: [0.41099831114284896f,-0.2996441533009604f,-0.8609841866319478f,1.276687602599978f,0.4233527294123878f,-0.7736905324134282f,0.4713548838750986f,4.057133591068258f,-0.8073740488378405f,-0.5582260666131389f,-0.19113033201670526f,-0.6612024488296697f,0f,0f,0f,1f], start_interpolation: 0, interpolation_duration: 1 }
$data merge entity $(bone_suspicious_stew) { transformation: [-0.09787443764311018f,-0.49912606105649143f,-0.8609841866319481f,1.2053138004185486f,-0.5222851596753776f,-0.7106636232634662f,0.4713548838750985f,4.013179215994851f,-0.8471356481927264f,0.49581285758265076f,-0.1911303320167052f,-0.7205834964151896f,0f,0f,0f,1f], start_interpolation: 0, interpolation_duration: 1 }
$data merge entity $(bone_log) { transformation: [0.8609841866319479f,-0.2996441533009604f,0.4109983111428488f,1.2678410945874947f,-0.4713548838750985f,-0.7736905324134282f,0.4233527294123879f,3.8921230382710883f,0.1911303320167051f,-0.5582260666131389f,-0.8073740488378405f,-0.8102889446545396f,0f,0f,0f,1f], start_interpolation: 0, interpolation_duration: 1 }
$data merge entity $(bone_planks) { transformation: [0.8609841866319479f,-0.2996441533009604f,0.4109983111428488f,1.3485583620842398f,-0.4713548838750985f,-0.7736905324134282f,0.4233527294123879f,3.847933517907798f,0.1911303320167051f,-0.5582260666131389f,-0.8073740488378405f,-0.7923704760279735f,0f,0f,0f,1f], start_interpolation: 0, interpolation_duration: 1 }
$data merge entity $(bone_lefthand1) { transformation: [0.8609841866319479f,-0.2996441533009604f,0.4109983111428488f,0.9648403123810536f,-0.4713548838750985f,-0.7736905324134282f,0.4233527294123879f,3.8033093533423683f,0.1911303320167051f,-0.5582260666131389f,-0.8073740488378405f,-0.9723976052858181f,0f,0f,0f,1f], start_interpolation: 0, interpolation_duration: 1 }
$data merge entity $(bone_leftforearm) { transformation: [0.1741947487886462f,-0.9149704714107063f,0.3639852001674389f,0.3242777599791484f,-0.8623607199311808f,-0.32019443083673155f,-0.3921855621780553f,3.506272759747725f,0.47538424270713503f,-0.24556987377854728f,-0.8448107828846363f,-1.1027242940860496f,0f,0f,0f,1f], start_interpolation: 0, interpolation_duration: 1 }
$data merge entity $(bone_leftelbow) { transformation: [0.1741947487886462f,-0.9149704714107063f,0.3639852001674389f,0.15272079658964094f,-0.8623607199311808f,-0.32019443083673155f,-0.3921855621780553f,3.4462363039658377f,0.47538424270713503f,-0.24556987377854728f,-0.8448107828846363f,-1.1487686454195272f,0f,0f,0f,1f], start_interpolation: 0, interpolation_duration: 1 }
$data merge entity $(bone_leftarm) { transformation: [0.22606809709553294f,0.14225555114678473f,-0.9636682902552773f,0.4148940929196937f,-0.8875174620471551f,0.43783572505173624f,-0.1435710013540239f,3.452479875886943f,0.40150463264697395f,0.8877292582968891f,0.22523497491880257f,-0.718371145358751f,0f,0f,0f,1f], start_interpolation: 0, interpolation_duration: 1 }
$data merge entity $(bone_rightthumb2) { transformation: [-0.9444358253039425f,0.07798133314721653f,0.3193115775587282f,0.7176221303117022f,0.04730248833983411f,-0.9290932377792098f,0.36680816527144616f,4.20777666438821f,0.325274417191578f,0.36153100447060915f,0.8737802277043993f,0.6119749432376097f,0f,0f,0f,1f], start_interpolation: 0, interpolation_duration: 1 }
$data merge entity $(bone_rightthumb) { transformation: [-0.9444358253039425f,0.07798133314721653f,0.3193115775587282f,0.7640340365452835f,0.04730248833983411f,-0.9290932377792098f,0.36680816527144616f,4.011270024805827f,0.325274417191578f,0.36153100447060915f,0.8737802277043993f,0.7753087844105417f,0f,0f,0f,1f], start_interpolation: 0, interpolation_duration: 1 }
$data merge entity $(bone_rightpointerfinger) { transformation: [-0.9444358253039425f,0.07798133314721653f,0.3193115775587282f,0.6501164734117997f,0.04730248833983411f,-0.9290932377792098f,0.36680816527144616f,4.338496585861399f,0.325274417191578f,0.36153100447060915f,0.8737802277043993f,0.7332167611225956f,0f,0f,0f,1f], start_interpolation: 0, interpolation_duration: 1 }
$data merge entity $(bone_rightmidfinger) { transformation: [-0.9444358253039425f,0.07798133314721653f,0.3193115775587282f,0.7000089074053509f,0.04730248833983411f,-0.9290932377792098f,0.36680816527144616f,4.395810361685062f,0.325274417191578f,0.36153100447060915f,0.8737802277043993f,0.869744921701408f,0f,0f,0f,1f], start_interpolation: 0, interpolation_duration: 1 }
$data merge entity $(bone_rightringfinger) { transformation: [-0.9444358253039425f,0.07798133314721653f,0.3193115775587282f,0.7499013413989022f,0.04730248833983411f,-0.9290932377792098f,0.36680816527144616f,4.453124137508726f,0.325274417191578f,0.36153100447060915f,0.8737802277043993f,1.0062730822802204f,0f,0f,0f,1f], start_interpolation: 0, interpolation_duration: 1 }
$data merge entity $(bone_hugeasssword) { transformation: [-3.6990403157737752f,0.3054268881599314f,1.2506370121050188f,0.9617253883978839f,0.18526807933101694f,-3.638948514635239f,1.4366653139798309f,4.188792196713526f,1.2739914673336807f,1.4159964341765525f,3.422305891842231f,0.8431270738601064f,0f,0f,0f,1f], start_interpolation: 0, interpolation_duration: 1 }
$data merge entity $(bone_ice) { transformation: [-0.9444358253039425f,0.07798133314721653f,0.3193115775587282f,0.9752637398378328f,0.04730248833983411f,-0.9290932377792098f,0.36680816527144616f,4.2025701771735156f,0.325274417191578f,0.36153100447060915f,0.8737802277043993f,0.8323957391466347f,0f,0f,0f,1f], start_interpolation: 0, interpolation_duration: 1 }
$data merge entity $(bone_righthand1) { transformation: [-0.9444358253039425f,0.07798133314721653f,0.3193115775587282f,0.7686286035973615f,0.04730248833983411f,-0.9290932377792098f,0.36680816527144616f,3.9935852449784046f,0.325274417191578f,0.36153100447060915f,0.8737802277043993f,1.031402726677944f,0f,0f,0f,1f], start_interpolation: 0, interpolation_duration: 1 }
$data merge entity $(bone_rightforearm) { transformation: [-0.43377374108358724f,-0.8040638838923242f,0.4065976047228269f,0.2511301976915886f,0.803564904801615f,-0.5493580494291148f,-0.2291051664598808f,3.5294569452795086f,0.4075828569966115f,0.22734776037478271f,0.8844146146096017f,1.1560538274907721f,0f,0f,0f,1f], start_interpolation: 0, interpolation_duration: 1 }
$data merge entity $(bone_rightelbow) { transformation: [-0.43377374108358724f,-0.8040638838923242f,0.4065976047228269f,0.10036821946177782f,0.803564904801615f,-0.5493580494291148f,-0.2291051664598808f,3.4264523110115497f,0.4075828569966115f,0.22734776037478271f,0.8844146146096017f,1.1986815325610438f,0f,0f,0f,1f], start_interpolation: 0, interpolation_duration: 1 }
$data merge entity $(bone_rightarm) { transformation: [-0.47812213038751367f,-0.12447360129261878f,-0.8694282897484713f,0.25846302539768984f,0.8070119095532485f,0.3283837613327694f,-0.4908114537499735f,3.425790883142664f,0.3465992012006446f,-0.9363068022150589f,-0.056555864884962656f,0.7717980986693055f,0f,0f,0f,1f], start_interpolation: 0, interpolation_duration: 1 }
$data merge entity $(bone_chest1) { transformation: [-0.04861715146928771f,0.5100115983169035f,-0.9545342598756532f,0.1989410973670816f,-0.003396089498170558f,0.9554203202066356f,0.5106579965333757f,3.2451699130768485f,1.0822365500528266f,0.02590931163883738f,-0.041277940976614254f,0.038202851889932644f,0f,0f,0f,1f], start_interpolation: 0, interpolation_duration: 1 }
$data merge entity $(bone_chest1lid) { transformation: [-0.04487737058703481f,0.47077993690791087f,-0.8811085475775261f,0.20665934947227757f,-0.0031348518444651308f,0.8819264494215099f,0.4713766121846546f,2.4568887084851885f,0.9989875846641476f,0.023916287666619122f,-0.03810271474764393f,0.37784881974839074f,0f,0f,0f,1f], start_interpolation: 0, interpolation_duration: 1 }
$data merge entity $(bone_chest2) { transformation: [-0.04487737058703481f,0.47077993690791087f,-0.8811085475775261f,0.1330999843304165f,-0.0031348518444651308f,0.8819264494215099f,0.4713766121846546f,2.3190877007630775f,0.9989875846641476f,0.023916287666619122f,-0.03810271474764393f,0.3741118998004815f,0f,0f,0f,1f], start_interpolation: 0, interpolation_duration: 1 }
$data merge entity $(bone_chest1lid3) { transformation: [-0.04487737058703481f,0.47077993690791087f,-0.8811085475775261f,-0.3549959781578855f,-0.0031348518444651308f,0.8819264494215099f,0.4713766121846546f,2.759060278906262f,0.9989875846641476f,0.023916287666619122f,-0.03810271474764393f,0.2910025440716721f,0f,0f,0f,1f], start_interpolation: 0, interpolation_duration: 1 }
$data merge entity $(bone_chest3) { transformation: [-0.04487737058703481f,0.47077993690791087f,-0.8811085475775261f,-0.42855534329974654f,-0.0031348518444651308f,0.8819264494215099f,0.4713766121846546f,2.621259271184151f,0.9989875846641476f,0.023916287666619122f,-0.03810271474764393f,0.28726562412376283f,0f,0f,0f,1f], start_interpolation: 0, interpolation_duration: 1 }
$data merge entity $(bone_hugeasssword2) { transformation: [3.4510084780119774f,1.3753037523798826f,1.2407086084802708f,0.45646346561940887f,-1.8462250643898972f,2.342684169118606f,2.5384171590101907f,4.3894895239283f,0.14923563276160626f,-2.8214620766951066f,2.7124450692066304f,1.2866628861720852f,0f,0f,0f,1f], start_interpolation: 0, interpolation_duration: 1 }
$data merge entity $(bone_belt) { transformation: [-0.04487737058703481f,0.47077993690791087f,-0.8811085475775261f,0.12819200283101004f,-0.0031348518444651308f,0.8819264494215099f,0.4713766121846546f,2.83226817888829f,0.9989875846641476f,0.023916287666619122f,-0.03810271474764393f,0.0016676940386298918f,0f,0f,0f,1f], start_interpolation: 0, interpolation_duration: 1 }
$data merge entity $(bone_torn_part) { transformation: [-0.03533578952593287f,0.6997471537071762f,-0.713516154587466f,-0.013244869352846633f,-0.01675859987179773f,0.7134467428195194f,0.7005090252741613f,2.57994196065141f,0.999234973021319f,0.03671057121489925f,-0.013483421381824949f,0.11746225714019987f,0f,0f,0f,1f], start_interpolation: 0, interpolation_duration: 1 }
$data merge entity $(bone_lowerbody) { transformation: [-0.03533578952593287f,0.4528022760039205f,-0.8909104785691144f,-0.10560468393821235f,-0.01675859987179773f,0.8910733785881122f,0.45354975835282274f,2.0827036847630476f,0.999234973021319f,0.030956951032624663f,-0.023898449193362366f,0.008125737477504502f,0f,0f,0f,1f], start_interpolation: 0, interpolation_duration: 1 }
$data merge entity $(bone_leftfoot) { transformation: [0.08111675357758066f,0.4371437969046382f,-0.8957261708339391f,-0.18847944461604854f,-0.014176731825999413f,0.8991028209337466f,0.4375078715448596f,0.37107314075913955f,0.9966037791237639f,-0.022790748490914087f,0.0791295723447066f,-0.27844584837066905f,0f,0f,0f,1f], start_interpolation: 0, interpolation_duration: 1 }
$data merge entity $(bone_leftlowerleg) { transformation: [0.08111675357758066f,0.4371437969046382f,-0.8957261708339391f,0.4341013624216718f,-0.014176731825999413f,0.8991028209337466f,0.4375078715448596f,1.301294162366585f,0.9966037791237639f,-0.022790748490914087f,0.0791295723447066f,-0.31588724757666203f,0f,0f,0f,1f], start_interpolation: 0, interpolation_duration: 1 }
$data merge entity $(bone_leftleg) { transformation: [0.024892597131316262f,-0.6366297539287429f,-0.7707677438896146f,-0.22459548277506575f,-0.03574601929675373f,0.7699467724716511f,-0.637106105499644f,2.10283268553973f,0.999050839903803f,0.043411104260498046f,-0.0035910046491303554f,-0.24047606667573396f,0f,0f,0f,1f], start_interpolation: 0, interpolation_duration: 1 }
$data merge entity $(bone_rightfoot) { transformation: [0.04677903793128199f,0.5105563032821958f,-0.8585708956102822f,-0.5845288154966771f,0.26990277383102307f,0.8210816504578358f,0.5029686033538832f,0.3275643012431435f,0.9617505987981206f,-0.25525905363033624f,-0.09939115278133095f,0.7033137367440869f,0f,0f,0f,1f], start_interpolation: 0, interpolation_duration: 1 }
$data merge entity $(bone_rightlowerleg) { transformation: [0.04677903793128199f,0.5105563032821958f,-0.8585708956102822f,0.11378524531986034f,0.26990277383102307f,0.8210816504578358f,0.5029686033538832f,1.1611728318021206f,0.9617505987981206f,-0.25525905363033624f,-0.09939115278133095f,0.4354067399114907f,0f,0f,0f,1f], start_interpolation: 0, interpolation_duration: 1 }
$data merge entity $(bone_rightleg) { transformation: [0.08891862337170132f,-0.36241071155157883f,-0.9277671876987028f,-0.2582014033717279f,0.17416072598155086f,0.9227642878592714f,-0.34376461507425526f,2.1210746432807097f,0.980694407011308f,-0.13101353061516224f,0.14516864280032818f,0.2698991670179355f,0f,0f,0f,1f], start_interpolation: 0, interpolation_duration: 1 }
data modify entity @s data merge value {"locators":{"lefthand":{"posx":1.2041116779557801,"posy":3.990142245082109,"posz":-0.7719807823138629,"roty":26.97862574379627,"rotx":25.046441018420484},"righthand":{"posx":0.8805151794858077,"posy":4.215790489713309,"posz":0.8435884777556106,"roty":159.9258290224363,"rotx":21.518902723948205},"chest":{"posx":0.31350639614367676,"posy":2.3280177456223523,"posz":0.413525962969301,"roty":272.4761596329428,"rotx":28.1236925703824},"sack":{"posx":0,"posy":-0.4375,"posz":0,"roty":0,"rotx":0}},"cameras":{}}