# This file was generated by Animated Java via MC-Build. It is not recommended to edit this file directly.
$data merge entity $(bone_nose) { transformation: [0.1637105665564219f,0.15632099764295637f,-0.9740444528324601f,0.7406830192305838f,0.2540845323822651f,0.9473728482465474f,0.19474531267609524f,3.853838569924466f,0.953226049162454f,-0.2793714947898858f,0.11537619813897354f,-0.28100013787496686f,0f,0f,0f,1f], start_interpolation: 0, interpolation_duration: 1 }
$data merge entity $(bone_glowing_eye) { transformation: [0.1637105665564219f,0.15632099764295637f,-0.9740444528324601f,0.8057209316580423f,0.2540845323822651f,0.9473728482465474f,0.19474531267609524f,3.94294821630128f,0.953226049162454f,-0.2793714947898858f,0.11537619813897354f,-0.18478872636451393f,0f,0f,0f,1f], start_interpolation: 0, interpolation_duration: 1 }
$data merge entity $(bone_head) { transformation: [0.1637105665564219f,0.15632099764295637f,-0.9740444528324601f,0.5389862969296069f,0.2540845323822651f,0.9473728482465474f,0.19474531267609524f,3.7733269646882954f,0.953226049162454f,-0.2793714947898858f,0.11537619813897354f,-0.22489944875171958f,0f,0f,0f,1f], start_interpolation: 0, interpolation_duration: 1 }
$data merge entity $(bone_leftthumb2) { transformation: [0.4932853272772482f,-0.7772942821469658f,0.3904909535886989f,1.149184689843187f,-0.8088733034128024f,-0.5750168239210737f,-0.1227991499717393f,3.4768453150504173f,0.3199899450280257f,-0.2552826886989288f,-0.9123799559019297f,-0.9994587329744856f,0f,0f,0f,1f], start_interpolation: 0, interpolation_duration: 1 }
$data merge entity $(bone_leftthumb) { transformation: [0.4932853272772482f,-0.7772942821469658f,0.3904909535886989f,0.9919294775200659f,-0.8088733034128024f,-0.5750168239210737f,-0.1227991499717393f,3.3253326432512433f,0.3199899450280257f,-0.2552826886989288f,-0.9123799559019297f,-1.1400346078392218f,0f,0f,0f,1f], start_interpolation: 0, interpolation_duration: 1 }
$data merge entity $(bone_leftpointerfinger) { transformation: [0.4932853272772482f,-0.7772942821469658f,0.3904909535886989f,1.21133034462806f,-0.8088733034128024f,-0.5750168239210737f,-0.1227991499717393f,3.5967243460061957f,0.3199899450280257f,-0.2552826886989288f,-0.9123799559019297f,-1.1340366862802291f,0f,0f,0f,1f], start_interpolation: 0, interpolation_duration: 1 }
$data merge entity $(bone_leftmidfinger) { transformation: [0.4932853272772482f,-0.7772942821469658f,0.3904909535886989f,1.2723445561262943f,-0.8088733034128024f,-0.5750168239210737f,-0.1227991499717393f,3.5775369788231113f,0.3199899450280257f,-0.2552826886989288f,-0.9123799559019297f,-1.2765960543899058f,0f,0f,0f,1f], start_interpolation: 0, interpolation_duration: 1 }
$data merge entity $(bone_leftringfinger) { transformation: [0.4932853272772482f,-0.7772942821469658f,0.3904909535886989f,1.3333587676245287f,-0.8088733034128024f,-0.5750168239210737f,-0.1227991499717393f,3.5583496116400273f,0.3199899450280257f,-0.2552826886989288f,-0.9123799559019297f,-1.4191554224995822f,0f,0f,0f,1f], start_interpolation: 0, interpolation_duration: 1 }
$data merge entity $(bone_invisibility) { transformation: [-0.7403029136355721f,-0.4567506781118783f,-0.49328532727724805f,1.2066019390830731f,-0.5835313624282965f,0.07221584375077922f,0.8088733034128022f,3.3860056099365443f,-0.33383041372118655f,0.8866587223705084f,-0.31998994502802586f,-1.0734482420419842f,0f,0f,0f,1f], start_interpolation: 0, interpolation_duration: 1 }
$data merge entity $(bone_swiftness) { transformation: [0.390490953588699f,-0.7772942821469658f,-0.4932853272772481f,1.4107695968859115f,-0.12279914997173948f,-0.5750168239210737f,0.8088733034128024f,3.3987191013138487f,-0.9123799559019296f,-0.2552826886989288f,-0.3199899450280259f,-1.1932838235227514f,0f,0f,0f,1f], start_interpolation: 0, interpolation_duration: 1 }
$data merge entity $(bone_suspicious_stew) { transformation: [-0.5394392526977339f,-0.6824037503867404f,-0.49328532727724844f,1.3162546623565932f,-0.5730393885010433f,-0.13171878473631313f,0.8088733034128025f,3.3899346829381436f,-0.6169531196738218f,0.7190099326196409f,-0.3199899450280258f,-1.2325531077408338f,0f,0f,0f,1f], start_interpolation: 0, interpolation_duration: 1 }
$data merge entity $(bone_log) { transformation: [0.4932853272772482f,-0.7772942821469658f,0.3904909535886989f,1.2836426399699348f,-0.8088733034128024f,-0.5750168239210737f,-0.1227991499717393f,3.236469497598134f,0.3199899450280257f,-0.2552826886989288f,-0.9123799559019297f,-1.2772321969147253f,0f,0f,0f,1f], start_interpolation: 0, interpolation_duration: 1 }
$data merge entity $(bone_planks) { transformation: [0.4932853272772482f,-0.7772942821469658f,0.3904909535886989f,1.3298881394021769f,-0.8088733034128024f,-0.5750168239210737f,-0.1227991499717393f,3.160637625403184f,0.3199899450280257f,-0.2552826886989288f,-0.9123799559019297f,-1.247233139568348f,0f,0f,0f,1f], start_interpolation: 0, interpolation_duration: 1 }
$data merge entity $(bone_lefthand1) { transformation: [0.4932853272772482f,-0.7772942821469658f,0.3904909535886989f,0.9537948953142343f,-0.8088733034128024f,-0.5750168239210737f,-0.1227991499717393f,3.298771090907683f,0.3199899450280257f,-0.2552826886989288f,-0.9123799559019297f,-1.3925384817245288f,0f,0f,0f,1f], start_interpolation: 0, interpolation_duration: 1 }
$data merge entity $(bone_leftforearm) { transformation: [-0.030486351049403632f,-0.9988029024208149f,-0.03825368629882142f,0.23636065603693274f,-0.7065365059549622f,0.04860521623481773f,-0.7060054523215245f,3.282949512422305f,0.707019623597992f,0.005504095795199365f,-0.7071725084990443f,-1.3264766305596505f,0f,0f,0f,1f], start_interpolation: 0, interpolation_duration: 1 }
$data merge entity $(bone_leftelbow) { transformation: [-0.030486351049403632f,-0.9988029024208149f,-0.03825368629882142f,0.04908511183302994f,-0.7065365059549622f,0.04860521623481773f,-0.7060054523215245f,3.2920629904663334f,0.707019623597992f,0.005504095795199365f,-0.7071725084990443f,-1.3254446125980506f,0f,0f,0f,1f], start_interpolation: 0, interpolation_duration: 1 }
$data merge entity $(bone_leftarm) { transformation: [0.0032223780037315963f,0.29572995841108696f,-0.9552661451020747f,0.3033077177961854f,-0.7721550834714677f,0.6077430405126077f,0.1855395477456539f,3.3424562875803696f,0.6354259542615269f,0.7370157314512816f,0.23030776852759513f,-0.9083655455114915f,0f,0f,0f,1f], start_interpolation: 0, interpolation_duration: 1 }
$data merge entity $(bone_rightthumb2) { transformation: [-0.9368762639196027f,0.20313106703639242f,0.2846061062393139f,0.9666014099568193f,-0.09184090339821671f,-0.9283254560647195f,0.3602458828150994f,4.31071005239718f,0.33738422394511336f,0.3113673348745617f,0.8883818256842415f,0.4565694144676453f,0f,0f,0f,1f], start_interpolation: 0, interpolation_duration: 1 }
$data merge entity $(bone_rightthumb) { transformation: [-0.9368762639196027f,0.20313106703639242f,0.2846061062393139f,1.040739506988438f,-0.09184090339821671f,-0.9283254560647195f,0.3602458828150994f,4.113830909268899f,0.33738422394511336f,0.3113673348745617f,0.8883818256842415f,0.6088488079590311f,0f,0f,0f,1f], start_interpolation: 0, interpolation_duration: 1 }
$data merge entity $(bone_rightpointerfinger) { transformation: [-0.9368762639196027f,0.20313106703639242f,0.2846061062393139f,0.884957195480883f,-0.09184090339821671f,-0.9283254560647195f,0.3602458828150994f,4.425279126487913f,0.33738422394511336f,0.3113673348745617f,0.8883818256842415f,0.5852256987762612f,0f,0f,0f,1f], start_interpolation: 0, interpolation_duration: 1 }
$data merge entity $(bone_rightmidfinger) { transformation: [-0.9368762639196027f,0.20313106703639242f,0.2846061062393139f,0.9294268995807758f,-0.09184090339821671f,-0.9283254560647195f,0.3602458828150994f,4.481567545677773f,0.33738422394511336f,0.3113673348745617f,0.8883818256842415f,0.724035359039424f,0f,0f,0f,1f], start_interpolation: 0, interpolation_duration: 1 }
$data merge entity $(bone_rightringfinger) { transformation: [-0.9368762639196027f,0.20313106703639242f,0.2846061062393139f,0.9738966036806687f,-0.09184090339821671f,-0.9283254560647195f,0.3602458828150994f,4.537855964867632f,0.33738422394511336f,0.3113673348745617f,0.8883818256842415f,0.8628450193025866f,0f,0f,0f,1f], start_interpolation: 0, interpolation_duration: 1 }
$data merge entity $(bone_hugeasssword) { transformation: [-3.6694320336851107f,0.7955966792258704f,1.114707249437313f,1.2150986847661982f,-0.3597102049763488f,-3.6359413695868184f,1.410963041025806f,4.311767835460792f,1.3214215437850274f,1.2195220615920335f,3.4794954839299463f,0.6837831984240823f,0f,0f,0f,1f], start_interpolation: 0, interpolation_duration: 1 }
$data merge entity $(bone_ice) { transformation: [-0.9368762639196027f,0.20313106703639242f,0.2846061062393139f,1.2265634534674983f,-0.09184090339821671f,-0.9283254560647195f,0.3602458828150994f,4.3277079348274f,0.33738422394511336f,0.3113673348745617f,0.8883818256842415f,0.6736464553175248f,0f,0f,0f,1f], start_interpolation: 0, interpolation_duration: 1 }
$data merge entity $(bone_righthand1) { transformation: [-0.9368762639196027f,0.20313106703639242f,0.2846061062393139f,1.0520210950666744f,-0.09184090339821671f,-0.9283254560647195f,0.3602458828150994f,4.083924028799638f,0.33738422394511336f,0.3113673348745617f,0.8883818256842415f,0.8635962770750761f,0f,0f,0f,1f], start_interpolation: 0, interpolation_duration: 1 }
$data merge entity $(bone_rightforearm) { transformation: [-0.3993147736913369f,-0.7958012712411964f,0.45524504193097165f,0.5429118631614714f,0.7516514545982099f,-0.5684805691445254f,-0.3344397304530548f,3.608665749409689f,0.5249455231852462f,0.20863887268678452f,0.8251678729154182f,0.9651329831459873f,0f,0f,0f,1f], start_interpolation: 0, interpolation_duration: 1 }
$data merge entity $(bone_rightelbow) { transformation: [-0.3993147736913369f,-0.7958012712411964f,0.45524504193097165f,0.39369912480374714f,0.7516514545982099f,-0.5684805691445254f,-0.3344397304530548f,3.5020756426950905f,0.5249455231852462f,0.20863887268678452f,0.8251678729154182f,1.0042527717747594f,0f,0f,0f,1f], start_interpolation: 0, interpolation_duration: 1 }
$data merge entity $(bone_rightarm) { transformation: [-0.4733640055811238f,-0.5363741985295188f,-0.6987340247705205f,0.3433081851165244f,0.7464309640358364f,0.17694570316961972f,-0.641506846462562f,3.4493416404314385f,0.4677257039641139f,-0.8252229621633328f,0.31660658326959806f,0.5584579113661198f,0f,0f,0f,1f], start_interpolation: 0, interpolation_duration: 1 }
$data merge entity $(bone_chest1) { transformation: [0.22293555154147235f,0.46478712234500513f,-0.9528293561138111f,0.18592325494087258f,0.1094514729473775f,0.9583751581489797f,0.493100945470275f,3.22985721438768f,1.0544814963002718f,-0.1977399763737185f,0.15026239321657356f,-0.09145890198906136f,0f,0f,0f,1f], start_interpolation: 0, interpolation_duration: 1 }
$data merge entity $(bone_chest1lid) { transformation: [0.2057866629613591f,0.4290342667800048f,-0.8795347902589027f,0.30714015512294f,0.10103212887450232f,0.8846539921375197f,0.4551701035110231f,2.481619199981637f,0.9733675350464048f,-0.18252920896035557f,0.13870374758452944f,0.31134694369654914f,0f,0f,0f,1f], start_interpolation: 0, interpolation_duration: 1 }
$data merge entity $(bone_chest2) { transformation: [0.2057866629613591f,0.4290342667800048f,-0.8795347902589027f,0.24010355093856428f,0.10103212887450232f,0.8846539921375197f,0.4551701035110231f,2.3433920137101496f,0.9733675350464048f,-0.18252920896035557f,0.13870374758452944f,0.3398671325966047f,0f,0f,0f,1f], start_interpolation: 0, interpolation_duration: 1 }
$data merge entity $(bone_chest1lid3) { transformation: [0.2057866629613591f,0.4290342667800048f,-0.8795347902589027f,-0.2691734863217545f,0.10103212887450232f,0.8846539921375197f,0.4551701035110231f,2.76689803948873f,0.9733675350464048f,-0.18252920896035557f,0.13870374758452944f,0.339368561052488f,0f,0f,0f,1f], start_interpolation: 0, interpolation_duration: 1 }
$data merge entity $(bone_chest3) { transformation: [0.2057866629613591f,0.4290342667800048f,-0.8795347902589027f,-0.3362100905061302f,0.10103212887450232f,0.8846539921375197f,0.4551701035110231f,2.6286708532172423f,0.9733675350464048f,-0.18252920896035557f,0.13870374758452944f,0.3678887499525436f,0f,0f,0f,1f], start_interpolation: 0, interpolation_duration: 1 }
$data merge entity $(bone_hugeasssword2) { transformation: [3.4448445951807027f,0.5410072339833587f,1.7834333925352408f,0.7042561250911294f,-1.7827495720848403f,2.049101594953824f,2.821925653621441f,4.5013871181931515f,-0.5432563447060729f,-3.293747349769431f,2.0485064602293117f,0.9327385099289452f,0f,0f,0f,1f], start_interpolation: 0, interpolation_duration: 1 }
$data merge entity $(bone_belt) { transformation: [0.2057866629613591f,0.4290342667800048f,-0.8795347902589027f,0.1235682487549356f,0.10103212887450232f,0.8846539921375197f,0.4551701035110231f,2.814654152427001f,0.9733675350464048f,-0.18252920896035557f,0.13870374758452944f,-0.06808445494018432f,0f,0f,0f,1f], start_interpolation: 0, interpolation_duration: 1 }
$data merge entity $(bone_torn_part) { transformation: [0.24633969112071996f,0.645627033171797f,-0.7228295031446431f,0.02968706036848011f,0.12747013490078082f,0.7177509640458659f,0.6845326276516022f,2.5785345043115977f,0.9607643422228602f,-0.2607667303338624f,0.09451238577065768f,0.109283171005153f,0f,0f,0f,1f], start_interpolation: 0, interpolation_duration: 1 }
$data merge entity $(bone_lowerbody) { transformation: [0.24633969112071996f,0.3983864217488443f,-0.883518542841462f,-0.06464937500000001f,0.12747013490078082f,0.8903741919111594f,0.4370184928431825f,2.0698775f,0.9607643422228602f,-0.22027722838437452f,0.16855213249429102f,0.099313125f,0f,0f,0f,1f], start_interpolation: 0, interpolation_duration: 1 }
$data merge entity $(bone_leftfoot) { transformation: [0.4622611279447039f,0.4531663297937065f,-0.7622039931229646f,-0.18327867918237195f,-0.125476783026992f,0.8843329083538776f,0.449678645394208f,0.39905508122430977f,0.8778212953172688f,-0.11223005276517586f,0.46565458093294704f,-0.18202434404091014f,0f,0f,0f,1f], start_interpolation: 0, interpolation_duration: 1 }
$data merge entity $(bone_leftlowerleg) { transformation: [0.4622611279447039f,0.4531663297937065f,-0.7622039931229646f,0.43656202683339485f,-0.125476783026992f,0.8843329083538776f,0.449678645394208f,1.3110207449086462f,0.8778212953172688f,-0.11223005276517586f,0.46565458093294704f,-0.37807534794883285f,0f,0f,0f,1f], start_interpolation: 0, interpolation_duration: 1 }
$data merge entity $(bone_leftleg) { transformation: [0.28768110615725145f,-0.6669608357667873f,-0.687315665988641f,-0.24987584277485345f,-0.040946056250602623f,0.708432118447422f,-0.7045902029049371f,2.0459566975347934f,0.9568505639010007f,0.23084015488074583f,0.1764931195740235f,-0.11385586683860804f,0f,0f,0f,1f], start_interpolation: 0, interpolation_duration: 1 }
$data merge entity $(bone_rightfoot) { transformation: [0.023778342888144205f,0.5408767134223512f,-0.8407657053465785f,-0.59791865683105f,0.24222178262632302f,0.8128277738335059f,0.5297542997524357f,0.3360264415397971f,0.9699294811638732f,-0.2162484473061081f,-0.11168442419100885f,0.7553493270982656f,0f,0f,0f,1f], start_interpolation: 0, interpolation_duration: 1 }
$data merge entity $(bone_rightlowerleg) { transformation: [0.023778342888144205f,0.5408767134223512f,-0.8407657053465785f,0.13129641939841172f,0.24222178262632302f,0.8128277738335059f,0.5297542997524357f,1.1563628226544425f,0.9699294811638732f,-0.2162484473061081f,-0.11168442419100885f,0.5326085290256446f,0f,0f,0f,1f], start_interpolation: 0, interpolation_duration: 1 }
$data merge entity $(bone_rightleg) { transformation: [0.22124218668294388f,-0.27221752112637704f,-0.9364558270540901f,-0.14995107377234448f,0.18896919673180645f,0.9540186617236286f,-0.2326779658016479f,2.1486569970164116f,0.9567353539606892f,-0.1254831234663351f,0.2625099011596462f,0.37441120514076087f,0f,0f,0f,1f], start_interpolation: 0, interpolation_duration: 1 }
data modify entity @s data merge value {"locators":{"lefthand":{"posx":1.292021835180601,"posy":3.3591432958802265,"posz":-1.2730313573955314,"roty":23.170517800263212,"rotx":-7.053677165501739},"righthand":{"posx":1.1311104103926026,"posy":4.327974093465842,"posz":0.6865301456786479,"roty":162.2363797257379,"rotx":21.11529729359001},"chest":{"posx":0.42418365764468574,"posy":2.3583652508267727,"posz":0.3315002941666888,"roty":261.03818928151156,"rotx":27.075879521051675},"sack":{"posx":0,"posy":-0.4375,"posz":0,"roty":0,"rotx":0}},"cameras":{}}