# This file was generated by Animated Java via MC-Build. It is not recommended to edit this file directly.
$data merge entity $(bone_nose) { transformation: [0.9921123460713156f,0.02036165922844589f,-0.12368708746807795f,0.5239929101471203f,0.022752198553205958f,0.9410787339223767f,0.33742133012015146f,3.9290198058031196f,0.12326974581732053f,-0.3375740206125486f,0.9331925580359139f,-0.726103792984396f,0f,0f,0f,1f], start_interpolation: 0, interpolation_duration: 1 }
$data merge entity $(bone_glowing_eye) { transformation: [0.9921123460713156f,0.02036165922844589f,-0.12368708746807795f,0.6537017413959101f,0.022752198553205958f,0.9410787339223767f,0.33742133012015146f,3.983807978970655f,0.12326974581732053f,-0.3375740206125486f,0.9331925580359139f,-0.76611591629963f,0f,0f,0f,1f], start_interpolation: 0, interpolation_duration: 1 }
$data merge entity $(bone_head) { transformation: [0.9921123460713156f,0.02036165922844589f,-0.12368708746807795f,0.49831769053194197f,0.022752198553205958f,0.9410787339223767f,0.33742133012015146f,3.8760021757810774f,0.12326974581732053f,-0.3375740206125486f,0.9331925580359139f,-0.5096762353829579f,0f,0f,0f,1f], start_interpolation: 0, interpolation_duration: 1 }
$data merge entity $(bone_leftthumb2) { transformation: [0.10080466008553202f,-0.23822341226727684f,-0.9659648163120521f,-0.26857049911102876f,-0.45671422062475886f,-0.8736458060718592f,0.1677948932839452f,4.2064709712087565f,-0.8838837826231231f,0.4242553610513209f,-0.19686758858444453f,-1.0250766263570152f,0f,0f,0f,1f], start_interpolation: 0, interpolation_duration: 1 }
$data merge entity $(bone_leftthumb) { transformation: [0.10080466008553202f,-0.23822341226727684f,-0.9659648163120521f,-0.4095419425839736f,-0.45671422062475886f,-0.8736458060718592f,0.1677948932839452f,4.006555221705991f,-0.8838837826231231f,0.4242553610513209f,-0.19686758858444453f,-0.9378549929258418f,0f,0f,0f,1f], start_interpolation: 0, interpolation_duration: 1 }
$data merge entity $(bone_leftpointerfinger) { transformation: [0.10080466008553202f,-0.23822341226727684f,-0.9659648163120521f,-0.3876799958952558f,-0.45671422062475886f,-0.8736458060718592f,0.1677948932839452f,4.351038755326838f,-0.8838837826231231f,0.4242553610513209f,-0.19686758858444453f,-0.9896171627612984f,0f,0f,0f,1f], start_interpolation: 0, interpolation_duration: 1 }
$data merge entity $(bone_leftmidfinger) { transformation: [0.10080466008553202f,-0.23822341226727684f,-0.9659648163120521f,-0.538611998444014f,-0.45671422062475886f,-0.8736458060718592f,0.1677948932839452f,4.377256707402455f,-0.8838837826231231f,0.4242553610513209f,-0.19686758858444453f,-1.020377723477618f,0f,0f,0f,1f], start_interpolation: 0, interpolation_duration: 1 }
$data merge entity $(bone_leftringfinger) { transformation: [0.10080466008553202f,-0.23822341226727684f,-0.9659648163120521f,-0.689544000992772f,-0.45671422062475886f,-0.8736458060718592f,0.1677948932839452f,4.403474659478071f,-0.8838837826231231f,0.4242553610513209f,-0.19686758858444453f,-1.0511382841939372f,0f,0f,0f,1f], start_interpolation: 0, interpolation_duration: 1 }
$data merge entity $(bone_invisibility) { transformation: [-0.3215062812957672f,0.9415264901171968f,-0.10080466008553221f,-0.36464840733620035f,-0.8556970314654491f,-0.2432996321829059f,0.45671422062475875f,4.1646062385054625f,0.40548280041030715f,0.2330947390810345f,0.8838837826231228f,-1.1027903297448816f,0f,0f,0f,1f], start_interpolation: 0, interpolation_duration: 1 }
$data merge entity $(bone_swiftness) { transformation: [-0.9659648163120521f,-0.23822341226727684f,-0.10080466008553222f,-0.5082571186418215f,0.1677948932839451f,-0.8736458060718592f,0.4567142206247589f,4.290587062069233f,-0.19686758858444472f,0.4242553610513209f,0.8838837826231231f,-1.2431897673358645f,0f,0f,0f,1f], start_interpolation: 0, interpolation_duration: 1 }
$data merge entity $(bone_suspicious_stew) { transformation: [-0.6241381051647488f,0.7747838706287056f,-0.10080466008553207f,-0.5346000879446815f,-0.7208788110262099f,-0.5212924903473645f,0.45671422062475886f,4.237019928155821f,0.30130609933221647f,0.3577206917708917f,0.8838837826231233f,-1.1595899726537457f,0f,0f,0f,1f], start_interpolation: 0, interpolation_duration: 1 }
$data merge entity $(bone_log) { transformation: [0.10080466008553202f,-0.23822341226727684f,-0.9659648163120521f,-0.6002071783596999f,-0.45671422062475886f,-0.8736458060718592f,0.1677948932839452f,4.0928626298359525f,-0.8838837826231231f,0.4242553610513209f,-0.19686758858444453f,-1.1986503253581442f,0f,0f,0f,1f], start_interpolation: 0, interpolation_duration: 1 }
$data merge entity $(bone_planks) { transformation: [0.10080466008553202f,-0.23822341226727684f,-0.9659648163120521f,-0.5907567414766813f,-0.45671422062475886f,-0.8736458060718592f,0.1677948932839452f,4.050045671652381f,-0.8838837826231231f,0.4242553610513209f,-0.19686758858444453f,-1.281514429979062f,0f,0f,0f,1f], start_interpolation: 0, interpolation_duration: 1 }
$data merge entity $(bone_lefthand1) { transformation: [0.10080466008553202f,-0.23822341226727684f,-0.9659648163120521f,-0.6547777959381506f,-0.45671422062475886f,-0.8736458060718592f,0.1677948932839452f,3.983386143059054f,-0.8838837826231231f,0.4242553610513209f,-0.19686758858444453f,-0.8654634272962693f,0f,0f,0f,1f], start_interpolation: 0, interpolation_duration: 1 }
$data merge entity $(bone_leftforearm) { transformation: [0.4753008644464094f,-0.12993983902646872f,-0.8701751125436032f,-0.6999964277934139f,-0.7856824862690772f,-0.5078062312910003f,-0.3533211884844617f,3.5665716011417015f,-0.39596984610767766f,0.8516152122266294f,-0.34345219649560554f,-0.291867614732523f,0f,0f,0f,1f], start_interpolation: 0, interpolation_duration: 1 }
$data merge entity $(bone_leftelbow) { transformation: [0.4753008644464094f,-0.12993983902646872f,-0.8701751125436032f,-0.7243601476108767f,-0.7856824862690772f,-0.5078062312910003f,-0.3533211884844617f,3.471357932774639f,-0.39596984610767766f,0.8516152122266294f,-0.34345219649560554f,-0.13218976244003f,0f,0f,0f,1f], start_interpolation: 0, interpolation_duration: 1 }
$data merge entity $(bone_leftarm) { transformation: [0.3953055814680456f,0.8779737859213467f,0.2699917193084798f,-0.30844230753144375f,-0.80133001196426f,0.4733047255799688f,-0.3658590557428222f,3.5426504014781752f,-0.4490030169002986f,-0.07172634089794863f,0.8906467441336225f,-0.39824084193183423f,0f,0f,0f,1f], start_interpolation: 0, interpolation_duration: 1 }
$data merge entity $(bone_rightthumb2) { transformation: [-0.02633360973367735f,0.09695635030248706f,0.994940202793322f,1.3747909747441422f,0.1355177253086739f,-0.9857511258473914f,0.09964769951064079f,4.029651248722802f,0.9904249023149397f,0.13745611673047362f,0.012819081395374438f,-0.7416302737945076f,0f,0f,0f,1f], start_interpolation: 0, interpolation_duration: 1 }
$data merge entity $(bone_rightthumb) { transformation: [-0.02633360973367735f,0.09695635030248706f,0.994940202793322f,1.4835938948634102f,0.1355177253086739f,-0.9857511258473914f,0.09964769951064079f,3.796418821523104f,0.9904249023149397f,0.13745611673047362f,0.012819081395374438f,-0.7068247054388892f,0f,0f,0f,1f], start_interpolation: 0, interpolation_duration: 1 }
$data merge entity $(bone_rightpointerfinger) { transformation: [-0.02633360973367735f,0.09695635030248706f,0.994940202793322f,1.4955376758617227f,0.1355177253086739f,-0.9857511258473914f,0.09964769951064079f,4.1393616468119765f,0.9904249023149397f,0.13745611673047362f,0.012819081395374438f,-0.6429988756099712f,0f,0f,0f,1f], start_interpolation: 0, interpolation_duration: 1 }
$data merge entity $(bone_rightmidfinger) { transformation: [-0.02633360973367735f,0.09695635030248706f,0.994940202793322f,1.6509970825481792f,0.1355177253086739f,-0.9857511258473914f,0.09964769951064079f,4.1549315998605145f,0.9904249023149397f,0.13745611673047362f,0.012819081395374438f,-0.6409958941419439f,0f,0f,0f,1f], start_interpolation: 0, interpolation_duration: 1 }
$data merge entity $(bone_rightringfinger) { transformation: [-0.02633360973367735f,0.09695635030248706f,0.994940202793322f,1.8064564892346358f,0.1355177253086739f,-0.9857511258473914f,0.09964769951064079f,4.170501552909052f,0.9904249023149397f,0.13745611673047362f,0.012819081395374438f,-0.6389929126739167f,0f,0f,0f,1f], start_interpolation: 0, interpolation_duration: 1 }
$data merge entity $(bone_hugeasssword) { transformation: [-0.10313997145690296f,0.37974570535140767f,3.896849127607178f,1.6621402656202344f,0.5307777574589728f,-3.860858576235617f,0.3902868230833431f,3.917147011332793f,3.879164200733514f,0.5383697905276884f,0.05020806879854989f,-0.876357033255275f,0f,0f,0f,1f], start_interpolation: 0, interpolation_duration: 1 }
$data merge entity $(bone_ice) { transformation: [-0.02633360973367735f,0.09695635030248706f,0.994940202793322f,1.6610367852988466f,0.1355177253086739f,-0.9857511258473914f,0.09964769951064079f,3.9304319082162102f,0.9904249023149397f,0.13745611673047362f,0.012819081395374438f,-0.8939801741778597f,0f,0f,0f,1f], start_interpolation: 0, interpolation_duration: 1 }
$data merge entity $(bone_righthand1) { transformation: [-0.02633360973367735f,0.09695635030248706f,0.994940202793322f,1.7097843517783404f,0.1355177253086739f,-0.9857511258473914f,0.09964769951064079f,3.7209875486912383f,0.9904249023149397f,0.13745611673047362f,0.012819081395374438f,-0.6116093231229008f,0f,0f,0f,1f], start_interpolation: 0, interpolation_duration: 1 }
$data merge entity $(bone_rightforearm) { transformation: [0.5748180230191204f,-0.21378615065066037f,0.7898605713683675f,1.5124243485107909f,0.6120311813542068f,-0.5283789816066653f,-0.5884160813968946f,3.286581671361987f,0.5431409333336649f,0.8216514672209115f,-0.17287797127210747f,-0.08837436969619206f,0f,0f,0f,1f], start_interpolation: 0, interpolation_duration: 1 }
$data merge entity $(bone_rightelbow) { transformation: [0.5748180230191204f,-0.21378615065066037f,0.7898605713683675f,1.4723394452637921f,0.6120311813542068f,-0.5283789816066653f,-0.5884160813968946f,3.1875106123107373f,0.5431409333336649f,0.8216514672209115f,-0.17287797127210747f,0.06568528040772886f,0f,0f,0f,1f], start_interpolation: 0, interpolation_duration: 1 }
$data merge entity $(bone_rightarm) { transformation: [0.5139034970469698f,-0.6667945188522523f,-0.5397112796222526f,1.1744856577330305f,0.6434035829613892f,0.7157223204348154f,-0.2716125723596938f,3.344181369121616f,0.567393183916887f,-0.2076695202960637f,0.7968301859145783f,-0.2376456529538155f,0f,0f,0f,1f], start_interpolation: 0, interpolation_duration: 1 }
$data merge entity $(bone_chest1) { transformation: [1.0653543907683352f,0.14274624714039305f,-0.13510974098515416f,0.40389734420346074f,-0.10918218063348813f,1.0490357829771186f,0.24741521492586283f,3.2585921707291146f,0.16343311969689006f,-0.22969228561714541f,1.0460125144687447f,-0.2912524626579774f,0f,0f,0f,1f], start_interpolation: 0, interpolation_duration: 1 }
$data merge entity $(bone_chest1lid) { transformation: [0.9834040530169249f,0.13176576659113207f,-0.12471668398629616f,0.6984067408938485f,-0.10078355135398905f,0.9683407227481097f,0.22838327531618108f,2.4729992954324955f,0.15086134125866776f,-0.2120236482619804f,0.9655500133557644f,-0.47267534422147095f,0f,0f,0f,1f], start_interpolation: 0, interpolation_duration: 1 }
$data merge entity $(bone_chest2) { transformation: [0.9834040530169249f,0.13176576659113207f,-0.12471668398629616f,0.6778183398639841f,-0.10078355135398905f,0.9683407227481097f,0.22838327531618108f,2.3216960575031034f,0.15086134125866776f,-0.2120236482619804f,0.9655500133557644f,-0.4395466491805365f,0f,0f,0f,1f], start_interpolation: 0, interpolation_duration: 1 }
$data merge entity $(bone_chest1lid3) { transformation: [0.9834040530169249f,0.13176576659113207f,-0.12471668398629616f,0.5570473619015698f,-0.10078355135398905f,0.9683407227481097f,0.22838327531618108f,2.6256063031415486f,0.15086134125866776f,-0.2120236482619804f,0.9655500133557644f,0.1364512992558989f,0f,0f,0f,1f], start_interpolation: 0, interpolation_duration: 1 }
$data merge entity $(bone_chest3) { transformation: [0.9834040530169249f,0.13176576659113207f,-0.12471668398629616f,0.5364589608717054f,-0.10078355135398905f,0.9683407227481097f,0.22838327531618108f,2.4743030652121565f,0.15086134125866776f,-0.2120236482619804f,0.9655500133557644f,0.16957999429683335f,0f,0f,0f,1f], start_interpolation: 0, interpolation_duration: 1 }
$data merge entity $(bone_hugeasssword2) { transformation: [0.48847367894632754f,-2.4910856168005884f,2.982643742139458f,1.7353487838984403f,-0.8945011616550426f,2.853318841520798f,2.5295685478353755f,4.31849367700092f,-3.7817375523100774f,-0.9966653481331786f,-0.21306582798785217f,-0.09559086738127592f,0f,0f,0f,1f], start_interpolation: 0, interpolation_duration: 1 }
$data merge entity $(bone_belt) { transformation: [0.9834040530169249f,0.13176576659113207f,-0.12471668398629616f,0.33623960955966536f,-0.10078355135398905f,0.9683407227481097f,0.22838327531618108f,2.846205040110213f,0.15086134125866776f,-0.2120236482619804f,0.9655500133557644f,-0.33802189365292423f,0f,0f,0f,1f], start_interpolation: 0, interpolation_duration: 1 }
$data merge entity $(bone_torn_part) { transformation: [0.97911842632992f,0.1836066881658983f,-0.08726792814071377f,0.41619131510235113f,-0.0964394921062133f,0.7974092824173005f,0.5956826845536318f,2.5656578442630753f,0.17895958086539493f,-0.574827818025082f,0.7984650574953212f,-0.2397526662892391f,0f,0f,0f,1f], start_interpolation: 0, interpolation_duration: 1 }
$data merge entity $(bone_lowerbody) { transformation: [0.97911842632992f,0.14886683867192632f,-0.13844049828373511f,0.2673535902819436f,-0.0964394921062133f,0.939627987234911f,0.32832707772458464f,2.0701020399670065f,0.17895958086539493f,-0.30811996032178196f,0.9343637185099745f,-0.23817488639772041f,0f,0f,0f,1f], start_interpolation: 0, interpolation_duration: 1 }
$data merge entity $(bone_leftfoot) { transformation: [0.9867412310446887f,0.12266530051958763f,-0.10627778227293133f,-0.09353403282815001f,-0.06077673921459554f,0.886438595656939f,0.4588385381593337f,0.3085565141238943f,0.15049229524083413f,-0.44629568693657884f,0.8821407081044121f,-0.05855360050836467f,0f,0f,0f,1f], start_interpolation: 0, interpolation_duration: 1 }
$data merge entity $(bone_leftlowerleg) { transformation: [0.9867412310446887f,0.12266530051958763f,-0.10627778227293133f,0.05887690121670596f,-0.06077673921459554f,0.886438595656939f,0.4588385381593337f,1.2214507972112338f,0.15049229524083413f,-0.44629568693657884f,0.8821407081044121f,-0.6891999386382768f,0f,0f,0f,1f], start_interpolation: 0, interpolation_duration: 1 }
$data merge entity $(bone_leftleg) { transformation: [0.9684013803734308f,-0.08705058212108162f,-0.23371128052196294f,-0.0023459210709384504f,-0.04973237472184211f,0.8508815083970074f,-0.5229984221511186f,2.108594345635539f,0.244387923996586f,0.5180954109239093f,0.8196655950960889f,-0.14836550466619922f,0f,0f,0f,1f], start_interpolation: 0, interpolation_duration: 1 }
$data merge entity $(bone_rightfoot) { transformation: [0.9740999274954895f,0.09639281980297291f,-0.20454279636231354f,0.5236651859616334f,0.03030540000125523f,0.8407690872988258f,0.5405450254821171f,0.28062865509207713f,0.22407791944778316f,-0.532743621391313f,0.8160718840168574f,0.25543803565765316f,0f,0f,0f,1f], start_interpolation: 0, interpolation_duration: 1 }
$data merge entity $(bone_rightlowerleg) { transformation: [0.9740999274954895f,0.09639281980297291f,-0.20454279636231354f,0.6620280762168919f,0.03030540000125523f,0.8407690872988258f,0.5405450254821171f,1.1303044830333713f,0.22407791944778316f,-0.532743621391313f,0.8160718840168574f,-0.46096029398803223f,0f,0f,0f,1f], start_interpolation: 0, interpolation_duration: 1 }
$data merge entity $(bone_rightleg) { transformation: [0.972212647748148f,-0.13686639888559882f,-0.18992144801107902f,0.49039253640875335f,0.043751235008707645f,0.9032208832855817f,-0.4269401192579897f,2.071470547801412f,0.2299747746900726f,0.40676728586859345f,0.8841108404229356f,-0.05027275909090083f,0f,0f,0f,1f], start_interpolation: 0, interpolation_duration: 1 }
data modify entity @s data merge value {"locators":{"lefthand":{"posx":-0.5759532109044618,"posy":4.201311371411325,"posz":-1.145855114747729,"roty":281.5193540961039,"rotx":9.659634168297691},"righthand":{"posx":1.6415071257441924,"posy":3.95698206100041,"posz":-0.8034758895565504,"roty":90.73817363183106,"rotx":5.718883816666108},"chest":{"posx":0.7403897390115404,"posy":2.3736436275127732,"posz":-0.605576638877602,"roty":187.35994290938763,"rotx":13.201907075793422},"sack":{"posx":0,"posy":-0.4375,"posz":0,"roty":0,"rotx":0}},"cameras":{}}