# This file was generated by Animated Java via MC-Build. It is not recommended to edit this file directly.
$data merge entity $(bone_nose) { transformation: [0.9838028018571006f,0.01910766197169919f,0.17823283735634654f,0.2600231462730842f,-0.06475438239369136f,0.9650419449857137f,0.2539703021595291f,3.9605457317320996f,-0.1671493853381764f,-0.2613980521583246f,0.9506482742365358f,-0.7933918661422689f,0f,0f,0f,1f], start_interpolation: 0, interpolation_duration: 1 }
$data merge entity $(bone_glowing_eye) { transformation: [0.9838028018571006f,0.01910766197169919f,0.17823283735634654f,0.37807269421538625f,-0.06475438239369136f,0.9650419449857137f,0.2539703021595291f,4.008930162148928f,-0.1671493853381764f,-0.2613980521583246f,0.9506482742365358f,-0.8651577769844886f,0f,0f,0f,1f], start_interpolation: 0, interpolation_duration: 1 }
$data merge entity $(bone_head) { transformation: [0.9838028018571006f,0.01910766197169919f,0.17823283735634654f,0.29103878184342513f,-0.06475438239369136f,0.9650419449857137f,0.2539703021595291f,3.888942577052225f,-0.1671493853381764f,-0.2613980521583246f,0.9506482742365358f,-0.5831016089385095f,0f,0f,0f,1f], start_interpolation: 0, interpolation_duration: 1 }
$data merge entity $(bone_leftthumb2) { transformation: [0.15542415430420287f,0.014806261916250507f,-0.9877368611461714f,-0.5902033663129491f,-0.8528487510456708f,-0.5025544288992638f,-0.14173233164516524f,3.9240458486987766f,-0.49849006018040465f,0.8644187761737958f,-0.06548159512057039f,-1.1312690571663782f,0f,0f,0f,1f], start_interpolation: 0, interpolation_duration: 1 }
$data merge entity $(bone_leftthumb) { transformation: [0.15542415430420287f,0.014806261916250507f,-0.9877368611461714f,-0.670981764436352f,-0.8528487510456708f,-0.5025544288992638f,-0.14173233164516524f,3.7886860534378823f,-0.49849006018040465f,0.8644187761737958f,-0.06548159512057039f,-0.9248727288655921f,0f,0f,0f,1f], start_interpolation: 0, interpolation_duration: 1 }
$data merge entity $(bone_leftpointerfinger) { transformation: [0.15542415430420287f,0.014806261916250507f,-0.9877368611461714f,-0.7391397513708706f,-0.8528487510456708f,-0.5025544288992638f,-0.14173233164516524f,4.040223354520206f,-0.49849006018040465f,0.8644187761737958f,-0.06548159512057039f,-1.1570572392366638f,0f,0f,0f,1f], start_interpolation: 0, interpolation_duration: 1 }
$data merge entity $(bone_leftmidfinger) { transformation: [0.15542415430420287f,0.014806261916250507f,-0.9877368611461714f,-0.89347363592496f,-0.8528487510456708f,-0.5025544288992638f,-0.14173233164516524f,4.018077677700649f,-0.49849006018040465f,0.8644187761737958f,-0.06548159512057039f,-1.167288738474253f,0f,0f,0f,1f], start_interpolation: 0, interpolation_duration: 1 }
$data merge entity $(bone_leftringfinger) { transformation: [0.15542415430420287f,0.014806261916250507f,-0.9877368611461714f,-1.0478075204790493f,-0.8528487510456708f,-0.5025544288992638f,-0.14173233164516524f,3.995932000881092f,-0.49849006018040465f,0.8644187761737958f,-0.06548159512057039f,-1.177520237711842f,0f,0f,0f,1f], start_interpolation: 0, interpolation_duration: 1 }
$data merge entity $(bone_invisibility) { transformation: [-0.07133702015290848f,0.9852686749382256f,-0.15542415430420306f,-0.677511510630925f,-0.5129948442078637f,0.097392492811254f,0.8528487510456706f,3.8297764584021974f,0.8554223046962557f,0.14057147836415146f,0.4984900601804046f,-1.1539320220289633f,0f,0f,0f,1f], start_interpolation: 0, interpolation_duration: 1 }
$data merge entity $(bone_swiftness) { transformation: [-0.9877368611461714f,0.014806261916250507f,-0.1554241543042031f,-0.8566222141583172f,-0.14173233164516544f,-0.5025544288992638f,0.8528487510456708f,3.8268369683908716f,-0.0654815951205705f,0.8644187761737958f,0.49849006018040465f,-1.3092296305904836f,0f,0f,0f,1f], start_interpolation: 0, interpolation_duration: 1 }
$data merge entity $(bone_suspicious_stew) { transformation: [-0.40401660484320767f,0.9014510054738368f,-0.1554241543042029f,-0.8634062156231563f,-0.5153676639534953f,-0.08393556332662241f,0.8528487510456709f,3.826758885073382f,0.7557557502011385f,0.4246656401679464f,0.49849006018040487f,-1.2067294512472169f,0f,0f,0f,1f], start_interpolation: 0, interpolation_duration: 1 }
$data merge entity $(bone_log) { transformation: [0.15542415430420287f,0.014806261916250507f,-0.9877368611461714f,-0.8932845837838328f,-0.8528487510456708f,-0.5025544288992638f,-0.14173233164516524f,3.6773413080045754f,-0.49849006018040465f,0.8644187761737958f,-0.06548159512057039f,-1.148479997138682f,0f,0f,0f,1f], start_interpolation: 0, interpolation_duration: 1 }
$data merge entity $(bone_planks) { transformation: [0.15542415430420287f,0.014806261916250507f,-0.9877368611461714f,-0.8787135693178139f,-0.8528487510456708f,-0.5025544288992638f,-0.14173233164516524f,3.597386737594044f,-0.49849006018040465f,0.8644187761737958f,-0.06548159512057039f,-1.195213440280595f,0f,0f,0f,1f], start_interpolation: 0, interpolation_duration: 1 }
$data merge entity $(bone_lefthand1) { transformation: [0.15542415430420287f,0.014806261916250507f,-0.9877368611461714f,-0.897572279970003f,-0.8528487510456708f,-0.5025544288992638f,-0.14173233164516524f,3.7693440239050884f,-0.49849006018040465f,0.8644187761737958f,-0.06548159512057039f,-0.8057064882026139f,0f,0f,0f,1f], start_interpolation: 0, interpolation_duration: 1 }
$data merge entity $(bone_leftforearm) { transformation: [0.5975883411176786f,0.00935533158011298f,-0.801748496931081f,-0.8355812407214677f,-0.7771454189331941f,-0.23931407969820545f,-0.582042755379149f,3.5482626951054677f,-0.1973149066628555f,0.9708971361731519f,-0.13574085081286857f,-0.1354141206945626f,0f,0f,0f,1f], start_interpolation: 0, interpolation_duration: 1 }
$data merge entity $(bone_leftelbow) { transformation: [0.5975883411176786f,0.00935533158011298f,-0.801748496931081f,-0.8338271160501964f,-0.7771454189331941f,-0.23931407969820545f,-0.582042755379149f,3.503391305162054f,-0.1973149066628555f,0.9708971361731519f,-0.13574085081286857f,0.04662909233790338f,0f,0f,0f,1f], start_interpolation: 0, interpolation_duration: 1 }
$data merge entity $(bone_leftarm) { transformation: [0.5186328103797604f,0.787615417502733f,0.33268898705786343f,-0.43726409765286217f,-0.8209496145435751f,0.5674475800539287f,-0.06360011219876932f,3.562443199012575f,-0.23887598953923167f,-0.24013579075792957f,0.9408895065940085f,-0.24492881146526654f,0f,0f,0f,1f], start_interpolation: 0, interpolation_duration: 1 }
$data merge entity $(bone_rightthumb2) { transformation: [0.2502538528695486f,0.1459620929540929f,0.9571144532104857f,1.0725919463500446f,0.22539170876974693f,-0.9701924049137893f,0.08902401398191268f,4.050445108850381f,0.9415793045420019f,0.19344705960044714f,-0.2756930329009806f,-1.1118791625072195f,0f,0f,0f,1f], start_interpolation: 0, interpolation_duration: 1 }
$data merge entity $(bone_rightthumb) { transformation: [0.2502538528695486f,0.1459620929540929f,0.9571144532104857f,1.190180663316574f,0.22539170876974693f,-0.9701924049137893f,0.08902401398191268f,3.82012046766317f,0.9415793045420019f,0.19344705960044714f,-0.2756930329009806f,-1.0879977593522925f,0f,0f,0f,1f], start_interpolation: 0, interpolation_duration: 1 }
$data merge entity $(bone_rightpointerfinger) { transformation: [0.2502538528695486f,0.1459620929540929f,0.9571144532104857f,1.2145231067178606f,0.22539170876974693f,-0.9701924049137893f,0.08902401398191268f,4.1672900693276f,0.9415793045420019f,0.19344705960044714f,-0.2756930329009806f,-1.0614104502666413f,0f,0f,0f,1f], start_interpolation: 0, interpolation_duration: 1 }
$data merge entity $(bone_rightmidfinger) { transformation: [0.2502538528695486f,0.1459620929540929f,0.9571144532104857f,1.364072240031999f,0.22539170876974693f,-0.9701924049137893f,0.08902401398191268f,4.181200071512274f,0.9415793045420019f,0.19344705960044714f,-0.2756930329009806f,-1.1044874866574195f,0f,0f,0f,1f], start_interpolation: 0, interpolation_duration: 1 }
$data merge entity $(bone_rightringfinger) { transformation: [0.2502538528695486f,0.1459620929540929f,0.9571144532104857f,1.5136213733461372f,0.22539170876974693f,-0.9701924049137893f,0.08902401398191268f,4.195110073696948f,0.9415793045420019f,0.19344705960044714f,-0.2756930329009806f,-1.1475645230481977f,0f,0f,0f,1f], start_interpolation: 0, interpolation_duration: 1 }
$data merge entity $(bone_hugeasssword) { transformation: [0.9801609237390654f,0.5716848640701973f,3.7486982750744025f,1.3122921971634114f,0.8827841926815089f,-3.7999202525790086f,0.34867738809582466f,3.922869066403729f,3.687852276122841f,0.7576676501017514f,-1.0797977121955074f,-1.3109928518059701f,0f,0f,0f,1f], start_interpolation: 0, interpolation_duration: 1 }
$data merge entity $(bone_ice) { transformation: [0.2502538528695486f,0.1459620929540929f,0.9571144532104857f,1.306101323009917f,0.22539170876974693f,-0.9701924049137893f,0.08902401398191268f,3.9345065772809797f,0.9415793045420019f,0.19344705960044714f,-0.2756930329009806f,-1.3287276387456959f,0f,0f,0f,1f], start_interpolation: 0, interpolation_duration: 1 }
$data merge entity $(bone_righthand1) { transformation: [0.2502538528695486f,0.1459620929540929f,0.9571144532104857f,1.435065136128655f,0.22539170876974693f,-0.9701924049137893f,0.08902401398191268f,3.751088403681904f,0.9415793045420019f,0.19344705960044714f,-0.2756930329009806f,-1.0535864549882392f,0f,0f,0f,1f], start_interpolation: 0, interpolation_duration: 1 }
$data merge entity $(bone_rightforearm) { transformation: [0.660841671662721f,0.053540966590603534f,0.7486131510269937f,1.4150532370243591f,0.6755509583750519f,-0.47699852491601114f,-0.5622306553955403f,3.348157492759397f,0.3269849960358573f,0.8772717778000689f,-0.3513901538787577f,-0.47123204917246186f,0f,0f,0f,1f], start_interpolation: 0, interpolation_duration: 1 }
$data merge entity $(bone_rightelbow) { transformation: [0.660841671662721f,0.053540966590603534f,0.7486131510269937f,1.4250921682600972f,0.6755509583750519f,-0.47699852491601114f,-0.5622306553955403f,3.258720269337645f,0.3269849960358573f,0.8772717778000689f,-0.3513901538787577f,-0.30674359083494895f,0f,0f,0f,1f], start_interpolation: 0, interpolation_duration: 1 }
$data merge entity $(bone_rightarm) { transformation: [0.6048416811236672f,-0.769714494636772f,-0.20422080579988633f,1.024717375203285f,0.704443646944187f,0.6367440690316781f,-0.31355404451697844f,3.3742541157382657f,0.37138347978264974f,0.045788506189221964f,0.927349838866374f,-0.4781536052350144f,0f,0f,0f,1f], start_interpolation: 0, interpolation_duration: 1 }
$data merge entity $(bone_chest1) { transformation: [1.0679029024814175f,0.01925892160129641f,0.18117283439199794f,0.29531384830959506f,-0.07627722516268336f,1.0255694279669223f,0.340588086186514f,3.292850230107282f,-0.1654578100433959f,-0.3484932617274918f,1.0123177716198053f,-0.29591717629835235f,0f,0f,0f,1f], start_interpolation: 0, interpolation_duration: 1 }
$data merge entity $(bone_chest1lid) { transformation: [0.9857565253674623f,0.01777746609350438f,0.1672364625156904f,0.5542847521971257f,-0.0704097463040154f,0.9466794719694668f,0.31438900263370523f,2.4987764489968023f,-0.1527302861939039f,-0.321686087748454f,0.9344471738028973f,-0.49387452903658274f,0f,0f,0f,1f], start_interpolation: 0, interpolation_duration: 1 }
$data merge entity $(bone_chest2) { transformation: [0.9857565253674623f,0.01777746609350438f,0.1672364625156904f,0.5515070231200156f,-0.0704097463040154f,0.9466794719694668f,0.31438900263370523f,2.350857781501573f,-0.1527302861939039f,-0.321686087748454f,0.9344471738028973f,-0.4436110778258868f,0f,0f,0f,1f], start_interpolation: 0, interpolation_duration: 1 }
$data merge entity $(bone_chest1lid3) { transformation: [0.9857565253674623f,0.01777746609350438f,0.1672364625156904f,0.5998108281607736f,-0.0704097463040154f,0.9466794719694668f,0.31438900263370523f,2.7045825129530208f,-0.1527302861939039f,-0.321686087748454f,0.9344471738028973f,0.11430133456801732f,0f,0f,0f,1f], start_interpolation: 0, interpolation_duration: 1 }
$data merge entity $(bone_chest3) { transformation: [0.9857565253674623f,0.01777746609350438f,0.1672364625156904f,0.5970330990836635f,-0.0704097463040154f,0.9466794719694668f,0.31438900263370523f,2.5566638454577917f,-0.1527302861939039f,-0.321686087748454f,0.9344471738028973f,0.16456478577871325f,0f,0f,0f,1f], start_interpolation: 0, interpolation_duration: 1 }
$data merge entity $(bone_hugeasssword2) { transformation: [-0.6550094781864533f,-2.799498849715438f,2.6597079824119083f,1.5747502892383427f,-1.231356926982012f,2.7082923240775267f,2.547388973732505f,4.3878258281168625f,-3.6599180973946814f,-0.41016661926888576f,-1.3330568789733641f,-0.6097777066560891f,0f,0f,0f,1f], start_interpolation: 0, interpolation_duration: 1 }
$data merge entity $(bone_belt) { transformation: [0.9857565253674623f,0.01777746609350438f,0.1672364625156904f,0.23476832989424617f,-0.0704097463040154f,0.9466794719694668f,0.31438900263370523f,2.8768602257823606f,-0.1527302861939039f,-0.321686087748454f,0.9344471738028973f,-0.28520966798031144f,0f,0f,0f,1f], start_interpolation: 0, interpolation_duration: 1 }
$data merge entity $(bone_torn_part) { transformation: [0.989508916907051f,-0.07882581499073851f,0.12107268169360373f,0.35908468707077057f,-0.014230945212748251f,0.7807802252637452f,0.6246436744540418f,2.608218544668671f,-0.14376920240366703f,-0.6198134644618016f,0.7714672291886885f,-0.20211109020448131f,0f,0f,0f,1f], start_interpolation: 0, interpolation_duration: 1 }
$data merge entity $(bone_lowerbody) { transformation: [0.989508916907051f,-0.03877025836640954f,0.13917244852210037f,0.2618126215486194f,-0.014230945212748251f,0.9324773111750424f,0.36094811862941595f,2.103538769132653f,-0.14376920240366703f,-0.3591419374146732f,0.9221428767985189f,-0.14238519695378155f,0f,0f,0f,1f], start_interpolation: 0, interpolation_duration: 1 }
$data merge entity $(bone_leftfoot) { transformation: [0.9697387164758693f,-0.012488626202250767f,0.2438254621308329f,-0.07539078176190392f,-0.08046835349531531f,0.9265380671683197f,0.36749429134851536f,0.32399462432610593f,-0.23050307124523683f,-0.3759936758824209f,0.8974948968339254f,-0.03563555328306156f,0f,0f,0f,1f], start_interpolation: 0, interpolation_duration: 1 }
$data merge entity $(bone_leftlowerleg) { transformation: [0.9697387164758693f,-0.012488626202250767f,0.2438254621308329f,-0.1267080669750315f,-0.08046835349531531f,0.9265380671683197f,0.36749429134851536f,1.2954089025127857f,-0.23050307124523683f,-0.3759936758824209f,0.8974948968339254f,-0.5906497018234812f,0f,0f,0f,1f], start_interpolation: 0, interpolation_duration: 1 }
$data merge entity $(bone_leftleg) { transformation: [0.9908345413533752f,0.12720209808900632f,0.04545918942085752f,0.03318420844402842f,-0.073097421462738f,0.7879049017184205f,-0.6114430740662493f,2.11682481888638f,-0.11359436005605837f,0.6025159683276791f,0.7899815372992041f,0.0284544981764895f,0f,0f,0f,1f], start_interpolation: 0, interpolation_duration: 1 }
$data merge entity $(bone_rightfoot) { transformation: [0.9812091151638752f,0.03936401530435782f,-0.18888924431646015f,0.5904956482576612f,0.060892373237087315f,0.8657630208308573f,0.49673585600737896f,0.2889577470120701f,0.18308684059997415f,-0.4989036641085598f,0.8470975992990258f,0.2671393557458443f,0f,0f,0f,1f], start_interpolation: 0, interpolation_duration: 1 }
$data merge entity $(bone_rightlowerleg) { transformation: [0.9812091151638752f,0.03936401530435782f,-0.18888924431646015f,0.6631871087347134f,0.060892373237087315f,0.8657630208308573f,0.49673585600737896f,1.1730923071901387f,0.18308684059997415f,-0.4989036641085598f,0.8470975992990258f,-0.41648473670488756f,0f,0f,0f,1f], start_interpolation: 0, interpolation_duration: 1 }
$data merge entity $(bone_rightleg) { transformation: [0.9942481647850908f,-0.10499988227599931f,-0.021109513104408048f,0.524940763229731f,0.08887361052934481f,0.9188450387763284f,-0.3844805275532246f,2.1305279259155228f,0.05976678151747192f,0.3803929802692917f,0.9228917121682745f,-0.02926864515249287f,0f,0f,0f,1f], start_interpolation: 0, interpolation_duration: 1 }
data modify entity @s data merge value {"locators":{"lefthand":{"posx":-0.8935789490066499,"posy":3.7987725108548176,"posz":-1.1682561209615878,"roty":273.7928493447034,"rotx":-8.148101230481654},"righthand":{"posx":1.3123270506826157,"posy":3.969405306086454,"posz":-1.2391694856120623,"roty":73.93116336992011,"rotx":5.107461827347334},"chest":{"posx":0.5578478547159382,"posy":2.3882853957651937,"posz":-0.6245493409025666,"roty":169.85329109237745,"rotx":18.323932389611496},"sack":{"posx":0,"posy":-0.4375,"posz":0,"roty":0,"rotx":0}},"cameras":{}}