# This file was generated by Animated Java via MC-Build. It is not recommended to edit this file directly.
$data merge entity $(bone_nose) { transformation: [0.8923223817255056f,0.17455503940024886f,0.4162827227878902f,-0.02443614475462099f,-0.28420975625115324f,0.9337213073369351f,0.21769091546655023f,3.8010525647268807f,-0.350693001816948f,-0.3125620873442303f,0.8827906660311022f,-0.6772234494988714f,0f,0f,0f,1f], start_interpolation: 0, interpolation_duration: 1 }
$data merge entity $(bone_glowing_eye) { transformation: [0.8923223817255056f,0.17455503940024886f,0.4162827227878902f,0.08439650159977406f,-0.28420975625115324f,0.9337213073369351f,0.21769091546655023f,3.8211504036357917f,-0.350693001816948f,-0.3125620873442303f,0.8827906660311022f,-0.7730285996414756f,0f,0f,0f,1f], start_interpolation: 0, interpolation_duration: 1 }
$data merge entity $(bone_head) { transformation: [0.8923223817255056f,0.17455503940024886f,0.4162827227878902f,0.03196136572038083f,-0.28420975625115324f,0.9337213073369351f,0.21769091546655023f,3.7265232879516903f,-0.350693001816948f,-0.3125620873442303f,0.8827906660311022f,-0.4733222935424748f,0f,0f,0f,1f], start_interpolation: 0, interpolation_duration: 1 }
$data merge entity $(bone_leftthumb2) { transformation: [0.21456713316744647f,0.07352058992193011f,-0.9739382260810157f,-0.7564092360594914f,-0.9521208659902212f,-0.2065928356154744f,-0.22535584487292226f,3.4333787593203278f,-0.21777695449779458f,0.9756608648141473f,0.025672455273634105f,-0.894249856910304f,0f,0f,0f,1f], start_interpolation: 0, interpolation_duration: 1 }
$data merge entity $(bone_leftthumb) { transformation: [0.21456713316744647f,0.07352058992193011f,-0.9739382260810157f,-0.8216091887408808f,-0.9521208659902212f,-0.2065928356154744f,-0.22535584487292226f,3.363455068718672f,-0.21777695449779458f,0.9756608648141473f,0.025672455273634105f,-0.6527824434245739f,0f,0f,0f,1f], start_interpolation: 0, interpolation_duration: 1 }
$data merge entity $(bone_leftpointerfinger) { transformation: [0.21456713316744647f,0.07352058992193011f,-0.9739382260810157f,-0.9148547668467513f,-0.9521208659902212f,-0.2065928356154744f,-0.22535584487292226f,3.524818007394262f,-0.21777695449779458f,0.9756608648141473f,0.025672455273634105f,-0.9478984139525681f,0f,0f,0f,1f], start_interpolation: 0, interpolation_duration: 1 }
$data merge entity $(bone_leftmidfinger) { transformation: [0.21456713316744647f,0.07352058992193011f,-0.9739382260810157f,-1.06703261467191f,-0.9521208659902212f,-0.2065928356154744f,-0.22535584487292226f,3.4896061566328678f,-0.21777695449779458f,0.9756608648141473f,0.025672455273634105f,-0.9438870928160629f,0f,0f,0f,1f], start_interpolation: 0, interpolation_duration: 1 }
$data merge entity $(bone_leftringfinger) { transformation: [0.21456713316744647f,0.07352058992193011f,-0.9739382260810157f,-1.2192104624970685f,-0.9521208659902212f,-0.2065928356154744f,-0.22535584487292226f,3.4543943058714737f,-0.21777695449779458f,0.9756608648141473f,0.025672455273634105f,-0.9398757716795575f,0f,0f,0f,1f], start_interpolation: 0, interpolation_duration: 1 }
$data merge entity $(bone_invisibility) { transformation: [-0.011643487603623243f,0.9766398387126792f,-0.21456713316744663f,-0.8361465452901121f,-0.22544774354630087f,0.2064925458119795f,0.9521208659902209f,3.3307416237779317f,0.9741856825709901f,0.05945968351210784f,0.21777695449779458f,-0.8828209500591583f,0f,0f,0f,1f], start_interpolation: 0, interpolation_duration: 1 }
$data merge entity $(bone_swiftness) { transformation: [-0.9739382260810157f,0.07352058992193011f,-0.2145671331674467f,-1.017540564398035f,-0.22535584487292248f,-0.2065928356154744f,0.9521208659902212f,3.2668741289822183f,0.025672455273634057f,0.9756608648141473f,0.21777695449779458f,-1.0214708144115092f,0f,0f,0f,1f], start_interpolation: 0, interpolation_duration: 1 }
$data merge entity $(bone_suspicious_stew) { transformation: [-0.34497179699540576f,0.9137589423048428f,-0.21456713316744652f,-1.022206240332893f,-0.28247619109758815f,0.11693185198665904f,0.9521208659902214f,3.2981714420337345f,0.8950986877103331f,0.3890649526093377f,0.21777695449779474f,-0.9237414677335151f,0f,0f,0f,1f], start_interpolation: 0, interpolation_duration: 1 }
$data merge entity $(bone_log) { transformation: [0.21456713316744647f,0.07352058992193011f,-0.9739382260810157f,-1.0385538522057511f,-0.9521208659902212f,-0.2065928356154744f,-0.22535584487292226f,3.1725224511667984f,-0.21777695449779458f,0.9756608648141473f,0.025672455273634105f,-0.8209970527749633f,0f,0f,0f,1f], start_interpolation: 0, interpolation_duration: 1 }
$data merge entity $(bone_planks) { transformation: [0.21456713316744647f,0.07352058992193011f,-0.9739382260810157f,-1.0184381834713032f,-0.9521208659902212f,-0.2065928356154744f,-0.22535584487292226f,3.0832611199802153f,-0.21777695449779458f,0.9756608648141473f,0.025672455273634105f,-0.8414136422591315f,0f,0f,0f,1f], start_interpolation: 0, interpolation_duration: 1 }
$data merge entity $(bone_lefthand1) { transformation: [0.21456713316744647f,0.07352058992193011f,-0.9739382260810157f,-1.0433799184520987f,-0.9521208659902212f,-0.2065928356154744f,-0.22535584487292226f,3.365946828912764f,-0.21777695449779458f,0.9756608648141473f,0.025672455273634105f,-0.523439862174279f,0f,0f,0f,1f], start_interpolation: 0, interpolation_duration: 1 }
$data merge entity $(bone_leftforearm) { transformation: [0.6870109419551795f,0.07722793723587362f,-0.7225315296540005f,-0.9272701991789166f,-0.7255517357175097f,0.01833003186468468f,-0.6879234613888003f,3.329990982038278f,-0.03988288393742224f,0.9968449506528749f,0.06862579636479632f,0.17518702009147114f,0f,0f,0f,1f], start_interpolation: 0, interpolation_duration: 1 }
$data merge entity $(bone_leftelbow) { transformation: [0.6870109419551795f,0.07722793723587362f,-0.7225315296540005f,-0.9127899609471903f,-0.7255517357175097f,0.01833003186468468f,-0.6879234613888003f,3.3334278630129064f,-0.03988288393742224f,0.9968449506528749f,0.06862579636479632f,0.3620954483388852f,0f,0f,0f,1f], start_interpolation: 0, interpolation_duration: 1 }
$data merge entity $(bone_leftarm) { transformation: [0.6146194636930791f,0.6650658526904683f,0.4241819496804798f,-0.559765760720223f,-0.7866224029176112f,0.5568918870991953f,0.2666394969077539f,3.3475061589765334f,-0.05889066205906572f,-0.49755284912077236f,0.8654322921257607f,0.008516609844388845f,0f,0f,0f,1f], start_interpolation: 0, interpolation_duration: 1 }
$data merge entity $(bone_rightthumb2) { transformation: [0.6739768181248301f,0.3059956835371859f,0.6724000968820132f,0.47581734105320145f,0.1727596913200358f,-0.950229230712218f,0.259265304572501f,3.9597116524275755f,0.7182682908811557f,-0.058575171845040575f,-0.6932961932377735f,-1.1242425343703752f,0f,0f,0f,1f], start_interpolation: 0, interpolation_duration: 1 }
$data merge entity $(bone_rightthumb) { transformation: [0.6739768181248301f,0.3059956835371859f,0.6724000968820132f,0.6083221187523644f,0.1727596913200358f,-0.950229230712218f,0.259265304572501f,3.748831225080139f,0.7182682908811557f,-0.058575171845040575f,-0.6932961932377735f,-1.1978550153851997f,0f,0f,0f,1f], start_interpolation: 0, interpolation_duration: 1 }
$data merge entity $(bone_rightpointerfinger) { transformation: [0.6739768181248301f,0.3059956835371859f,0.6724000968820132f,0.613152254115473f,0.1727596913200358f,-0.950229230712218f,0.259265304572501f,4.091673843797551f,0.7182682908811557f,-0.058575171845040575f,-0.6932961932377735f,-1.13257270186644f,0f,0f,0f,1f], start_interpolation: 0, interpolation_duration: 1 }
$data merge entity $(bone_rightmidfinger) { transformation: [0.6739768181248301f,0.3059956835371859f,0.6724000968820132f,0.7182147692532876f,0.1727596913200358f,-0.950229230712218f,0.259265304572501f,4.132184047637004f,0.7182682908811557f,-0.058575171845040575f,-0.6932961932377735f,-1.2409002320598421f,0f,0f,0f,1f], start_interpolation: 0, interpolation_duration: 1 }
$data merge entity $(bone_rightringfinger) { transformation: [0.6739768181248301f,0.3059956835371859f,0.6724000968820132f,0.8232772843911023f,0.1727596913200358f,-0.950229230712218f,0.259265304572501f,4.172694251476457f,0.7182682908811557f,-0.058575171845040575f,-0.6932961932377735f,-1.3492277622532443f,0f,0f,0f,1f], start_interpolation: 0, interpolation_duration: 1 }
$data merge entity $(bone_hugeasssword) { transformation: [2.639742537655585f,1.1984830938539783f,2.6335670461212186f,0.590838798643589f,0.6766421243368069f,-3.721731153622854f,1.0154557762422958f,3.8892284217577546f,2.8132174726178603f,-0.22941942305974228f,-2.7154100901812797f,-1.4327555755868326f,0f,0f,0f,1f], start_interpolation: 0, interpolation_duration: 1 }
$data merge entity $(bone_ice) { transformation: [0.6739768181248301f,0.3059956835371859f,0.6724000968820132f,0.57552672830512f,0.1727596913200358f,-0.950229230712218f,0.259265304572501f,3.9013763833107573f,0.7182682908811557f,-0.058575171845040575f,-0.6932961932377735f,-1.443063280571772f,0f,0f,0f,1f], start_interpolation: 0, interpolation_duration: 1 }
$data merge entity $(bone_righthand1) { transformation: [0.6739768181248301f,0.3059956835371859f,0.6724000968820132f,0.8415323567481869f,0.1727596913200358f,-0.950229230712218f,0.259265304572501f,3.7151110392306026f,0.7182682908811557f,-0.058575171845040575f,-0.6932961932377735f,-1.2998055068514236f,0f,0f,0f,1f], start_interpolation: 0, interpolation_duration: 1 }
$data merge entity $(bone_rightforearm) { transformation: [0.7758248310746758f,0.4706749136987102f,0.4201915719081752f,1.1054975257738133f,0.6300920557730371f,-0.5432797158397387f,-0.554825334324957f,3.2672822256838994f,-0.032860808566730425f,0.6952066426407364f,-0.7180584177408804f,-0.817535067998773f,0f,0f,0f,1f], start_interpolation: 0, interpolation_duration: 1 }
$data merge entity $(bone_rightelbow) { transformation: [0.7758248310746758f,0.4706749136987102f,0.4201915719081752f,1.1937490720923214f,0.6300920557730371f,-0.5432797158397387f,-0.554825334324957f,3.1654172789639485f,-0.032860808566730425f,0.6952066426407364f,-0.7180584177408804f,-0.6871838225036349f,0f,0f,0f,1f], start_interpolation: 0, interpolation_duration: 1 }
$data merge entity $(bone_rightarm) { transformation: [0.7565723666756715f,-0.5202367602186189f,0.39617163868708405f,0.7907793498349229f,0.652203063624733f,0.5565950907686138f,-0.5146193435256692f,3.2770751083242486f,0.04721671082663881f,0.6477311311412431f,0.7604044739276592f,-0.5250952637212025f,0f,0f,0f,1f], start_interpolation: 0, interpolation_duration: 1 }
$data merge entity $(bone_chest1) { transformation: [0.9671992420422872f,-0.21937678645030428f,0.43590201062930933f,0.19986234062682082f,0.03466315345288407f,0.9961340815939647f,0.42441308696924174f,3.1548290823195324f,-0.48675990292611276f,-0.3649682563796431f,0.8963671568334466f,-0.1855823788581339f,0f,0f,0f,1f], start_interpolation: 0, interpolation_duration: 1 }
$data merge entity $(bone_chest1lid) { transformation: [0.8927993003467267f,-0.2025016490310501f,0.4023710867347471f,0.4856320390340187f,0.03199675703343145f,0.9195083830098136f,0.3917659264331462f,2.3840106079301586f,-0.44931683347025797f,-0.33689377511967056f,0.8274158370770277f,-0.43252522937793436f,0f,0f,0f,1f], start_interpolation: 0, interpolation_duration: 1 }
$data merge entity $(bone_chest2) { transformation: [0.8927993003467267f,-0.2025016490310501f,0.4023710867347471f,0.5172729216951203f,0.03199675703343145f,0.9195083830098136f,0.3917659264331462f,2.2403374230848754f,-0.44931683347025797f,-0.33689377511967056f,0.8274158370770277f,-0.37988557701548586f,0f,0f,0f,1f], start_interpolation: 0, interpolation_duration: 1 }
$data merge entity $(bone_chest1lid3) { transformation: [0.8927993003467267f,-0.2025016490310501f,0.4023710867347471f,0.6876010602017957f,0.03199675703343145f,0.9195083830098136f,0.3917659264331462f,2.6329858572368035f,-0.44931683347025797f,-0.33689377511967056f,0.8274158370770277f,0.12562034334142755f,0f,0f,0f,1f], start_interpolation: 0, interpolation_duration: 1 }
$data merge entity $(bone_chest3) { transformation: [0.8927993003467267f,-0.2025016490310501f,0.4023710867347471f,0.7192419428628972f,0.03199675703343145f,0.9195083830098136f,0.3917659264331462f,2.48931267239152f,-0.44931683347025797f,-0.33689377511967056f,0.8274158370770277f,0.17825999570387607f,0f,0f,0f,1f], start_interpolation: 0, interpolation_duration: 1 }
$data merge entity $(bone_hugeasssword2) { transformation: [-1.5759534230444256f,-3.1139412178431614f,1.7776441370504368f,1.1714750261740012f,-1.5344165451964893f,2.3406798043149366f,2.7399017678152693f,4.364947690059155f,-3.2407120285516924f,0.4060368496422694f,-2.1617579426269606f,-0.9108542889824761f,0f,0f,0f,1f], start_interpolation: 0, interpolation_duration: 1 }
$data merge entity $(bone_belt) { transformation: [0.8927993003467267f,-0.2025016490310501f,0.4023710867347471f,0.19925819571308356f,0.03199675703343145f,0.9195083830098136f,0.3917659264331462f,2.736253352798484f,-0.44931683347025797f,-0.33689377511967056f,0.8274158370770277f,-0.14530722649768057f,0f,0f,0f,1f], start_interpolation: 0, interpolation_duration: 1 }
$data merge entity $(bone_torn_part) { transformation: [0.8867582435168508f,-0.3571915558930314f,0.29338372475927454f,0.3747935862556528f,0.10125942891027437f,0.7694051733663149f,0.6306839202436638f,2.4854865949543177f,-0.4510059263598156f,-0.5295562969088996f,0.7184453930483924f,-0.10625334405559735f,0f,0f,0f,1f], start_interpolation: 0, interpolation_duration: 1 }
$data merge entity $(bone_lowerbody) { transformation: [0.8867582435168508f,-0.25243745400403755f,0.38721460376756167f,0.3570045234703059f,0.10125942891027437f,0.9234450683041928f,0.3701293475008835f,1.97264762709958f,-0.4510059263598156f,-0.28900612042069995f,0.844434199181737f,-0.03984208608278346f,0f,0f,0f,1f], start_interpolation: 0, interpolation_duration: 1 }
$data merge entity $(bone_leftfoot) { transformation: [0.805866684876119f,-0.09512736406087516f,0.5844053993706803f,-0.03168201361285894f,-0.21226286004541484f,0.8749903913204964f,0.4351279045776597f,0.34130528781112446f,-0.5527416796769676f,-0.4747026434554942f,0.6849335995877638f,0.17746031028289166f,0f,0f,0f,1f], start_interpolation: 0, interpolation_duration: 1 }
$data merge entity $(bone_leftlowerleg) { transformation: [0.805866684876119f,-0.09512736406087516f,0.5844053993706803f,-0.2270052659575751f,-0.21226286004541484f,0.8749903913204964f,0.4351279045776597f,1.2451422543285253f,-0.5527416796769676f,-0.4747026434554942f,0.6849335995877638f,-0.4543999857927089f,0f,0f,0f,1f], start_interpolation: 0, interpolation_duration: 1 }
$data merge entity $(bone_leftleg) { transformation: [0.903432820663885f,0.37351788160169863f,0.21046028288272592f,0.1845392904640883f,-0.11223509410757043f,0.6798216191346056f,-0.7247384699378584f,1.947714275142276f,-0.41377822827930716f,0.6311314904843393f,0.6560949775154928f,0.19207214979167733f,0f,0f,0f,1f], start_interpolation: 0, interpolation_duration: 1 }
$data merge entity $(bone_rightfoot) { transformation: [0.9901685192349949f,0.048934839489057136f,-0.13104077609720774f,0.6237392367080766f,0.037203727403838885f,0.8109377329834152f,0.5839485216104068f,0.2934275844222003f,0.1348413370715344f,-0.583082648265149f,0.8011444558310707f,0.27637155001170477f,0f,0f,0f,1f], start_interpolation: 0, interpolation_duration: 1 }
$data merge entity $(bone_rightlowerleg) { transformation: [0.9901685192349949f,0.048934839489057136f,-0.13104077609720774f,0.69816016621019f,0.037203727403838885f,0.8109377329834152f,0.5839485216104068f,1.1033404963800195f,0.1348413370715344f,-0.583082648265149f,0.8011444558310707f,-0.49357810353889475f,0f,0f,0f,1f], start_interpolation: 0, interpolation_duration: 1 }
$data merge entity $(bone_rightleg) { transformation: [0.9915443759354846f,-0.04270855142007962f,0.1225386885286017f,0.6255628222792298f,0.09425013364635208f,0.8861008386635939f,-0.45380856760017224f,2.0230112526157544f,-0.08920012812970624f,0.4615206207259587f,0.8826335897677874f,-0.012528623133105682f,0f,0f,0f,1f], start_interpolation: 0, interpolation_duration: 1 }
data modify entity @s data merge value {"locators":{"lefthand":{"posx":-1.0491955322453344,"posy":3.28144503271198,"posz":-0.8772051004680508,"roty":268.49006562829817,"rotx":-13.023803996798776},"righthand":{"posx":0.6234246209352728,"posy":3.928368915717944,"posz":-1.3639776382222446,"roty":44.12340340910271,"rotx":15.026472392833737},"chest":{"posx":0.4633178879319903,"posy":2.2663278066441612,"posz":-0.5547942440221861,"roty":154.06641435278047,"rotx":23.064425211592873},"sack":{"posx":0,"posy":-0.4375,"posz":0,"roty":0,"rotx":0}},"cameras":{}}