# This file was generated by Animated Java via MC-Build. It is not recommended to edit this file directly.
$data merge entity $(bone_nose) { transformation: [0.7281513767189071f,-0.3861323446181434f,0.5663014965740916f,-0.06158572915026678f,0.08266901900250413f,0.8696594682769229f,0.48668084257905947f,3.6537228955803416f,-0.680412673220836f,-0.3075617363652297f,0.665164921237193f,-0.532752731805693f,0f,0f,0f,1f], start_interpolation: 0, interpolation_duration: 1 }
$data merge entity $(bone_glowing_eye) { transformation: [0.7281513767189071f,-0.3861323446181434f,0.5663014965740916f,-0.016472548777740084f,0.08266901900250413f,0.8696594682769229f,0.48668084257905947f,3.7059565027638595f,-0.680412673220836f,-0.3075617363652297f,0.665164921237193f,-0.6618400901039792f,0f,0f,0f,1f], start_interpolation: 0, interpolation_duration: 1 }
$data merge entity $(bone_head) { transformation: [0.7281513767189071f,-0.3861323446181434f,0.5663014965740916f,0.09213547284058604f,0.08266901900250413f,0.8696594682769229f,0.48668084257905947f,3.6374734833004876f,-0.680412673220836f,-0.3075617363652297f,0.665164921237193f,-0.3702205124034701f,0f,0f,0f,1f], start_interpolation: 0, interpolation_duration: 1 }
$data merge entity $(bone_leftthumb2) { transformation: [-0.212201739872055f,-0.145240395715278f,-0.9663724173670014f,-0.5231383144821588f,-0.8147015360023685f,-0.5198090302282594f,0.25702135967374f,3.7210807301174307f,-0.5396589930971727f,0.8418454724862671f,-0.008023192863186214f,-0.5594318095642535f,0f,0f,0f,1f], start_interpolation: 0, interpolation_duration: 1 }
$data merge entity $(bone_leftthumb) { transformation: [-0.212201739872055f,-0.145240395715278f,-0.9663724173670014f,-0.6413412030855034f,-0.8147015360023685f,-0.5198090302282594f,0.25702135967374f,3.6155658668659956f,-0.5396589930971727f,0.8418454724862671f,-0.008023192863186214f,-0.3536611632821459f,0f,0f,0f,1f], start_interpolation: 0, interpolation_duration: 1 }
$data merge entity $(bone_leftpointerfinger) { transformation: [-0.212201739872055f,-0.145240395715278f,-0.9663724173670014f,-0.6157733400069999f,-0.8147015360023685f,-0.5198090302282594f,0.25702135967374f,3.8872840616446087f,-0.5396589930971727f,0.8418454724862671f,-0.008023192863186214f,-0.5712425937371609f,0f,0f,0f,1f], start_interpolation: 0, interpolation_duration: 1 }
$data merge entity $(bone_leftmidfinger) { transformation: [-0.212201739872055f,-0.145240395715278f,-0.9663724173670014f,-0.7667690302205938f,-0.8147015360023685f,-0.5198090302282594f,0.25702135967374f,3.9274436490936306f,-0.5396589930971727f,0.8418454724862671f,-0.008023192863186214f,-0.5724962176220337f,0f,0f,0f,1f], start_interpolation: 0, interpolation_duration: 1 }
$data merge entity $(bone_leftringfinger) { transformation: [-0.212201739872055f,-0.145240395715278f,-0.9663724173670014f,-0.9177647204341879f,-0.8147015360023685f,-0.5198090302282594f,0.25702135967374f,3.9676032365426526f,-0.5396589930971727f,0.8418454724862671f,-0.008023192863186214f,-0.5737498415069066f,0f,0f,0f,1f], start_interpolation: 0, interpolation_duration: 1 }
$data merge entity $(bone_invisibility) { transformation: [-0.22891261796677786f,0.9500365439975813f,0.21220173987205473f,-0.64124769647165f,-0.49543011242922624f,-0.3013476579197951f,0.8147015360023684f,3.6696414934731445f,0.8379427289701608f,0.08136432962536756f,0.5396589930971726f,-0.5801010816127208f,0f,0f,0f,1f], start_interpolation: 0, interpolation_duration: 1 }
$data merge entity $(bone_swiftness) { transformation: [-0.9663724173670014f,-0.145240395715278f,0.2122017398720548f,-0.8138266539594101f,0.25702135967373985f,-0.5198090302282594f,0.8147015360023686f,3.7457917109449586f,-0.008023192863186333f,0.8418454724862671f,0.5396589930971727f,-0.7237126401864111f,0f,0f,0f,1f], start_interpolation: 0, interpolation_duration: 1 }
$data merge entity $(bone_suspicious_stew) { transformation: [-0.5400391328508409f,0.8144496034654229f,0.21220173987205504f,-0.8156343811788092f,-0.3624850516122938f,-0.4526212484992438f,0.8147015360023686f,3.74219904670392f,0.7595803593744017f,0.36305075240522655f,0.5396589930971729f,-0.621066936797362f,0f,0f,0f,1f], start_interpolation: 0, interpolation_duration: 1 }
$data merge entity $(bone_log) { transformation: [-0.212201739872055f,-0.145240395715278f,-0.9663724173670014f,-0.8989820508203022f,-0.8147015360023685f,-0.5198090302282594f,0.25702135967374f,3.6128925251598725f,-0.5396589930971727f,0.8418454724862671f,-0.008023192863186214f,-0.5668053705049004f,0f,0f,0f,1f], start_interpolation: 0, interpolation_duration: 1 }
$data merge entity $(bone_planks) { transformation: [-0.212201739872055f,-0.145240395715278f,-0.9663724173670014f,-0.9188759639333074f,-0.8147015360023685f,-0.5198090302282594f,0.25702135967374f,3.5365142561596503f,-0.5396589930971727f,0.8418454724862671f,-0.008023192863186214f,-0.6173984011077603f,0f,0f,0f,1f], start_interpolation: 0, interpolation_duration: 1 }
$data merge entity $(bone_lefthand1) { transformation: [-0.212201739872055f,-0.145240395715278f,-0.9663724173670014f,-0.8520425767383891f,-0.8147015360023685f,-0.5198090302282594f,0.25702135967374f,3.6785837341135954f,-0.5396589930971727f,0.8418454724862671f,-0.008023192863186214f,-0.22117852933206583f,0f,0f,0f,1f], start_interpolation: 0, interpolation_duration: 1 }
$data merge entity $(bone_leftforearm) { transformation: [0.27984271320880333f,0.1302403678356304f,-0.9511705958712007f,-0.7273113751543314f,-0.8493059208848788f,-0.42835812586687183f,-0.30852677153483654f,3.311446876541538f,-0.44762429403890014f,0.8941737876888703f,-0.009258984626597855f,0.3797448747554909f,0f,0f,0f,1f], start_interpolation: 0, interpolation_duration: 1 }
$data merge entity $(bone_leftelbow) { transformation: [0.27984271320880333f,0.1302403678356304f,-0.9511705958712007f,-0.7028913061851507f,-0.8493059208848788f,-0.42835812586687183f,-0.30852677153483654f,3.2311297279414997f,-0.44762429403890014f,0.8941737876888703f,-0.009258984626597855f,0.5474024599471541f,0f,0f,0f,1f], start_interpolation: 0, interpolation_duration: 1 }
$data merge entity $(bone_leftarm) { transformation: [0.18233892826644094f,0.9100668190382749f,0.3721973940319864f,-0.33617683865351033f,-0.8579482563500233f,0.3321746568882701f,-0.39189894966319416f,3.226940625340198f,-0.4802887721617076f,-0.24786767075743465f,0.8413586114901801f,0.22162873610976436f,0f,0f,0f,1f], start_interpolation: 0, interpolation_duration: 1 }
$data merge entity $(bone_rightthumb2) { transformation: [0.699842437687442f,0.6500529235915735f,0.2960603974559012f,-0.001210282201673435f,0.7042766684069607f,-0.6971456754596502f,-0.1340980295362305f,3.4784628753757287f,0.1192264096133509f,0.3023559222472008f,-0.9457092362522184f,-1.4611349669847624f,0f,0f,0f,1f], start_interpolation: 0, interpolation_duration: 1 }
$data merge entity $(bone_rightthumb) { transformation: [0.699842437687442f,0.6500529235915735f,0.2960603974559012f,0.18351090332782072f,0.7042766684069607f,-0.6971456754596502f,-0.1340980295362305f,3.296033444702723f,0.1192264096133509f,0.3023559222472008f,-0.9457092362522184f,-1.467802391780077f,0f,0f,0f,1f], start_interpolation: 0, interpolation_duration: 1 }
$data merge entity $(bone_rightpointerfinger) { transformation: [0.699842437687442f,0.6500529235915735f,0.2960603974559012f,0.06063538552714498f,0.7042766684069607f,-0.6971456754596502f,-0.1340980295362305f,3.5955287849354214f,0.1192264096133509f,0.3023559222472008f,-0.9457092362522184f,-1.5983026606653024f,0f,0f,0f,1f], start_interpolation: 0, interpolation_duration: 1 }
$data merge entity $(bone_rightmidfinger) { transformation: [0.699842437687442f,0.6500529235915735f,0.2960603974559012f,0.10689482262962954f,0.7042766684069607f,-0.6971456754596502f,-0.1340980295362305f,3.574575967820385f,0.1192264096133509f,0.3023559222472008f,-0.9457092362522184f,-1.7460697288297116f,0f,0f,0f,1f], start_interpolation: 0, interpolation_duration: 1 }
$data merge entity $(bone_rightringfinger) { transformation: [0.699842437687442f,0.6500529235915735f,0.2960603974559012f,0.1531542597321141f,0.7042766684069607f,-0.6971456754596502f,-0.1340980295362305f,3.553623150705349f,0.1192264096133509f,0.3023559222472008f,-0.9457092362522184f,-1.8938367969941208f,0f,0f,0f,1f], start_interpolation: 0, interpolation_duration: 1 }
$data merge entity $(bone_hugeasssword) { transformation: [2.741049547609148f,2.5460406174003296f,1.159569890035613f,0.04841523151319266f,2.758416951260596f,-2.7304872288836304f,-0.5252172823502362f,3.2479900441585485f,0.46697010431895775f,1.18422736213487f,-3.7040278419878554f,-1.701546490360354f,0f,0f,0f,1f], start_interpolation: 0, interpolation_duration: 1 }
$data merge entity $(bone_ice) { transformation: [0.699842437687442f,0.6500529235915735f,0.2960603974559012f,0.02732311649320801f,0.7042766684069607f,-0.6971456754596502f,-0.1340980295362305f,3.247878622393747f,0.1192264096133509f,0.3023559222472008f,-0.9457092362522184f,-1.7081337142956754f,0f,0f,0f,1f], start_interpolation: 0, interpolation_duration: 1 }
$data merge entity $(bone_righthand1) { transformation: [0.699842437687442f,0.6500529235915735f,0.2960603974559012f,0.37404884423345885f,0.7042766684069607f,-0.6971456754596502f,-0.1340980295362305f,3.245470807207567f,0.1192264096133509f,0.3023559222472008f,-0.9457092362522184f,-1.6322915449634192f,0f,0f,0f,1f], start_interpolation: 0, interpolation_duration: 1 }
$data merge entity $(bone_rightforearm) { transformation: [0.5740084617063815f,0.7914754430459595f,0.20995454018590562f,0.8857049984886631f,0.5501644701712447f,-0.1828616000730836f,-0.8147887400915066f,3.064018656049903f,-0.6064926558917815f,0.5832051596770326f,-0.5404057735400501f,-1.1704888087782495f,0f,0f,0f,1f], start_interpolation: 0, interpolation_duration: 1 }
$data merge entity $(bone_rightelbow) { transformation: [0.5740084617063815f,0.7914754430459595f,0.20995454018590562f,1.0341066440597806f,0.5501644701712447f,-0.1828616000730836f,-0.8147887400915066f,3.0297321060362f,-0.6064926558917815f,0.5832051596770326f,-0.5404057735400501f,-1.0611378413388057f,0f,0f,0f,1f], start_interpolation: 0, interpolation_duration: 1 }
$data merge entity $(bone_rightarm) { transformation: [0.5867354580668175f,-0.2581412173268029f,0.7675315069520978f,0.7384924167000285f,0.6048395809166613f,0.7699284049370875f,-0.20341910585682332f,3.204232764718399f,-0.5384334532731777f,0.5835866372596863f,0.6078783210546764f,-0.7707586886193574f,0f,0f,0f,1f], start_interpolation: 0, interpolation_duration: 1 }
$data merge entity $(bone_chest1) { transformation: [0.8008476191032794f,-0.2610402139540774f,0.6812578137434676f,0.303428728013092f,0.02425931427996096f,1.0205810918216536f,0.36254217933627875f,3.0462752364314096f,-0.7291540905449176f,-0.2527515634492533f,0.7603039329943541f,-0.16127302175569086f,0f,0f,0f,1f], start_interpolation: 0, interpolation_duration: 1 }
$data merge entity $(bone_chest1lid) { transformation: [0.7392439560953349f,-0.24096019749607148f,0.6288533665324317f,0.47442807182580893f,0.022393213181502426f,0.9420748539892188f,0.33465431938733425f,2.2791036919633294f,-0.6730653143491548f,-0.23330913549161847f,0.7018190150717115f,-0.5062560042122562f,0f,0f,0f,1f], start_interpolation: 0, interpolation_duration: 1 }
$data merge entity $(bone_chest2) { transformation: [0.7392439560953349f,-0.24096019749607148f,0.6288533665324317f,0.5120781026845701f,0.022393213181502426f,0.9420748539892188f,0.33465431938733425f,2.1319044960275138f,-0.6730653143491548f,-0.23330913549161847f,0.7018190150717115f,-0.46980145179169086f,0f,0f,0f,1f], start_interpolation: 0, interpolation_duration: 1 }
$data merge entity $(bone_chest1lid3) { transformation: [0.7392439560953349f,-0.24096019749607148f,0.6288533665324317f,0.8310845125046896f,0.022393213181502426f,0.9420748539892188f,0.33465431938733425f,2.4920920394969963f,-0.6730653143491548f,-0.23330913549161847f,0.7018190150717115f,-0.014586615535118919f,0f,0f,0f,1f], start_interpolation: 0, interpolation_duration: 1 }
$data merge entity $(bone_chest3) { transformation: [0.7392439560953349f,-0.24096019749607148f,0.6288533665324317f,0.8687345433634508f,0.022393213181502426f,0.9420748539892188f,0.33465431938733425f,2.3448928435611807f,-0.6730653143491548f,-0.23330913549161847f,0.7018190150717115f,0.02186793688544647f,0f,0f,0f,1f], start_interpolation: 0, interpolation_duration: 1 }
$data merge entity $(bone_hugeasssword2) { transformation: [-2.4630090189186906f,-2.772287813137685f,1.260271649935537f,1.1012318778767431f,-1.3107294176003923f,2.428123939007709f,2.779654710289104f,4.2556150565936655f,-2.748791142364204f,1.326239871110704f,-2.45469200465438f,-1.0752997897263332f,0f,0f,0f,1f], start_interpolation: 0, interpolation_duration: 1 }
$data merge entity $(bone_belt) { transformation: [0.7392439560953349f,-0.24096019749607148f,0.6288533665324317f,0.2934148658104021f,0.022393213181502426f,0.9420748539892188f,0.33465431938733425f,2.6264942461715965f,-0.6730653143491548f,-0.23330913549161847f,0.7018190150717115f,-0.1386514167487787f,0f,0f,0f,1f], start_interpolation: 0, interpolation_duration: 1 }
$data merge entity $(bone_torn_part) { transformation: [0.7703847140514312f,-0.3529975248504062f,0.5309426897560428f,0.45092809335439293f,0.0014972157232206462f,0.8337469675922171f,0.5521446842774641f,2.3565272206934496f,-0.6375775644586099f,-0.4245688889688802f,0.642834432664242f,-0.14995517973394645f,0f,0f,0f,1f], start_interpolation: 0, interpolation_duration: 1 }
$data merge entity $(bone_lowerbody) { transformation: [0.7703847140514312f,-0.1770021770079608f,0.6125174460293659f,0.37598678951709663f,0.0014972157232206462f,0.9611917243553194f,0.2758771961868647f,1.8482538808488302f,-0.6375775644586099f,-0.2116145041467862f,0.7407524221585354f,-0.08853266046790642f,0f,0f,0f,1f], start_interpolation: 0, interpolation_duration: 1 }
$data merge entity $(bone_leftfoot) { transformation: [0.6334392587436434f,-0.22812025429787683f,0.7394023634404853f,0.016781453893364384f,-0.19730080041794837f,0.8763565500158341f,0.4393991253960138f,0.22368633604231136f,-0.748215944521861f,-0.4242173344211868f,0.5101103346726495f,0.28438539149974407f,0f,0f,0f,1f], start_interpolation: 0, interpolation_duration: 1 }
$data merge entity $(bone_leftlowerleg) { transformation: [0.6334392587436434f,-0.22812025429787683f,0.7394023634404853f,-0.3498953914756332f,-0.19730080041794837f,0.8763565500158341f,0.4393991253960138f,1.1283826304702034f,-0.748215944521861f,-0.4242173344211868f,0.5101103346726495f,-0.2646069350634985f,0f,0f,0f,1f], start_interpolation: 0, interpolation_duration: 1 }
$data merge entity $(bone_leftleg) { transformation: [0.7229211035919034f,0.5736559693321839f,0.3851024627693479f,0.26672461377338597f,-0.17251074605633437f,0.6895766223588147f,-0.7033662803911599f,1.8394572349981693f,-0.6690479209119116f,0.44204401448923747f,0.5974713120959763f,0.17652862237262842f,0f,0f,0f,1f], start_interpolation: 0, interpolation_duration: 1 }
$data merge entity $(bone_rightfoot) { transformation: [0.9586973698799497f,-0.22311554417103374f,0.17640523499752034f,0.6417605968889963f,0.03832770752022738f,0.7158930015288427f,0.6971572255942475f,0.37076707173447143f,-0.28183388692900435f,-0.6616015903179858f,0.6948762450013681f,0.09766883805799553f,0f,0f,0f,1f], start_interpolation: 0, interpolation_duration: 1 }
$data merge entity $(bone_rightlowerleg) { transformation: [0.9586973698799497f,-0.22311554417103374f,0.17640523499752034f,0.3671378974897899f,0.03832770752022738f,0.7158930015288427f,0.6971572255942475f,1.0578457126558372f,-0.28183388692900435f,-0.6616015903179858f,0.6948762450013681f,-0.7430601211619083f,0f,0f,0f,1f], start_interpolation: 0, interpolation_duration: 1 }
$data merge entity $(bone_rightleg) { transformation: [0.883918570628469f,0.29462754517938305f,0.3631563989794134f,0.6527378959515857f,0.006933347070814777f,0.7682291682057851f,-0.64013738667277f,1.8512078661503764f,-0.4675894451295067f,0.5683472131887499f,0.6770092732482045f,-0.13342964137236096f,0f,0f,0f,1f], start_interpolation: 0, interpolation_duration: 1 }
data modify entity @s data merge value {"locators":{"lefthand":{"posx":-0.8526416627706815,"posy":3.725864915901775,"posz":-0.5818561550515428,"roty":270.4756805132934,"rotx":14.893393286151772},"righthand":{"posx":0.07815032438503894,"posy":3.32689274294746,"posz":-1.6869038428630954,"roty":17.383066942684707,"rotx":-7.7064665524404425},"chest":{"posx":0.41433111927660016,"posy":2.168634064096654,"posz":-0.6223666954223961,"roty":138.13859467383273,"rotx":19.55151866191954},"sack":{"posx":0,"posy":-0.4375,"posz":0,"roty":0,"rotx":0}},"cameras":{}}