# This file was generated by Animated Java via MC-Build. It is not recommended to edit this file directly.
$data merge entity $(bone_nose) { transformation: [0.17566235287401638f,-0.33093004155593864f,0.927161283369053f,-0.2713339456140417f,-0.10562207522382028f,0.9300340429419809f,0.3519668396232909f,3.727301180368314f,-0.978767957693844f,-0.15975602199847874f,0.12841845049307907f,-0.4548241096017912f,0f,0f,0f,1f], start_interpolation: 0, interpolation_duration: 1 }
$data merge entity $(bone_glowing_eye) { transformation: [0.17566235287401638f,-0.33093004155593864f,0.927161283369053f,-0.30413667658367965f,-0.10562207522382028f,0.9300340429419809f,0.3519668396232909f,3.764787179351178f,-0.978767957693844f,-0.15975602199847874f,0.12841845049307907f,-0.592468127111985f,0f,0f,0f,1f], start_interpolation: 0, interpolation_duration: 1 }
$data merge entity $(bone_head) { transformation: [0.17566235287401638f,-0.33093004155593864f,0.927161283369053f,-0.05685615212182238f,-0.10562207522382028f,0.9300340429419809f,0.3519668396232909f,3.678371033655882f,-0.978767957693844f,-0.15975602199847874f,0.12841845049307907f,-0.41105093829590633f,0f,0f,0f,1f], start_interpolation: 0, interpolation_duration: 1 }
$data merge entity $(bone_leftthumb2) { transformation: [-0.7083577436865358f,0.39920788093340376f,-0.5821188665212463f,-0.4099944754542102f,-0.6898747768774348f,-0.21707111063390497f,0.6906177851434697f,3.6907563465603466f,0.1493388736653285f,0.8907935791915113f,0.42916744993480893f,-0.10219331746974838f,0f,0f,0f,1f], start_interpolation: 0, interpolation_duration: 1 }
$data merge entity $(bone_leftthumb) { transformation: [-0.7083577436865358f,0.39920788093340376f,-0.5821188665212463f,-0.36183815975013933f,-0.6898747768774348f,-0.21707111063390497f,0.6906177851434697f,3.696539754084609f,0.1493388736653285f,0.8907935791915113f,0.42916744993480893f,0.15294270422792974f,0f,0f,0f,1f], start_interpolation: 0, interpolation_duration: 1 }
$data merge entity $(bone_leftpointerfinger) { transformation: [-0.7083577436865358f,0.39920788093340376f,-0.5821188665212463f,-0.44263843933388103f,-0.6898747768774348f,-0.21707111063390497f,0.6906177851434697f,3.8755939746609287f,0.1493388736653285f,0.8907935791915113f,0.42916744993480893f,-0.13556565403573603f,0f,0f,0f,1f], start_interpolation: 0, interpolation_duration: 1 }
$data merge entity $(bone_leftmidfinger) { transformation: [-0.7083577436865358f,0.39920788093340376f,-0.5821188665212463f,-0.5335945122278257f,-0.6898747768774348f,-0.21707111063390497f,0.6906177851434697f,3.983503003589596f,0.1493388736653285f,0.8907935791915113f,0.42916744993480893f,-0.06850823998342212f,0f,0f,0f,1f], start_interpolation: 0, interpolation_duration: 1 }
$data merge entity $(bone_leftringfinger) { transformation: [-0.7083577436865358f,0.39920788093340376f,-0.5821188665212463f,-0.6245505851217705f,-0.6898747768774348f,-0.21707111063390497f,0.6906177851434697f,4.091412032518263f,0.1493388736653285f,0.8907935791915113f,0.42916744993480893f,-0.001450825931108228f,0f,0f,0f,1f], start_interpolation: 0, interpolation_duration: 1 }
$data merge entity $(bone_invisibility) { transformation: [0.34695377224321333f,0.6146969878611115f,0.7083577436865356f,-0.5136009397192266f,-0.15605378350346133f,-0.7069087698441457f,0.6898747768774348f,3.700918495485093f,0.9248082485469394f,-0.34989656218933013f,-0.14933887366532833f,-0.02354555030987812f,0f,0f,0f,1f], start_interpolation: 0, interpolation_duration: 1 }
$data merge entity $(bone_swiftness) { transformation: [-0.5821188665212464f,0.39920788093340376f,0.7083577436865357f,-0.7137011958124777f,0.6906177851434696f,-0.21707111063390497f,0.6898747768774349f,3.8238735874158616f,0.429167449934809f,0.8907935791915113f,-0.14933887366532841f,-0.05592710098681042f,0f,0f,0f,1f], start_interpolation: 0, interpolation_duration: 1 }
$data merge entity $(bone_suspicious_stew) { transformation: [0.1157911476406682f,0.696291402422417f,0.7083577436865359f,-0.6414610966107135f,0.09513444997634285f,-0.7176504919917546f,0.6898747768774349f,3.840584538510458f,0.9887071591506531f,-0.012492167810886468f,-0.14933887366532841f,0.015167397528296434f,0f,0f,0f,1f], start_interpolation: 0, interpolation_duration: 1 }
$data merge entity $(bone_log) { transformation: [-0.7083577436865358f,0.39920788093340376f,-0.5821188665212463f,-0.6852554718328342f,-0.6898747768774348f,-0.21707111063390497f,0.6906177851434697f,3.7811475980275606f,0.1493388736653285f,0.8907935791915113f,0.42916744993480893f,0.16063433854905412f,0f,0f,0f,1f], start_interpolation: 0, interpolation_duration: 1 }
$data merge entity $(bone_planks) { transformation: [-0.7083577436865358f,0.39920788093340376f,-0.5821188665212463f,-0.751664010303447f,-0.6898747768774348f,-0.21707111063390497f,0.6906177851434697f,3.716471837695301f,0.1493388736653285f,0.8907935791915113f,0.42916744993480893f,0.17463485795517864f,0f,0f,0f,1f], start_interpolation: 0, interpolation_duration: 1 }
$data merge entity $(bone_lefthand1) { transformation: [-0.7083577436865358f,0.39920788093340376f,-0.5821188665212463f,-0.39017285109906036f,-0.6898747768774348f,-0.21707111063390497f,0.6906177851434697f,3.8777667088027092f,0.1493388736653285f,0.8907935791915113f,0.42916744993480893f,0.33258653212013695f,0f,0f,0f,1f], start_interpolation: 0, interpolation_duration: 1 }
$data merge entity $(bone_leftforearm) { transformation: [-0.3869172280778496f,0.6288394369606554f,-0.6744301454854748f,0.03573277567874411f,-0.8699931312727491f,-0.49135898391603194f,0.04096706559226382f,3.4558712216106313f,-0.30562560454711524f,0.6026004575570862f,0.737201246877133f,0.7351450701874508f,0f,0f,0f,1f], start_interpolation: 0, interpolation_duration: 1 }
$data merge entity $(bone_leftelbow) { transformation: [-0.3869172280778496f,0.6288394369606554f,-0.6744301454854748f,0.153640170108867f,-0.8699931312727491f,-0.49135898391603194f,0.04096706559226382f,3.3637414121263753f,-0.30562560454711524f,0.6026004575570862f,0.737201246877133f,0.8481326559794045f,0f,0f,0f,1f], start_interpolation: 0, interpolation_duration: 1 }
$data merge entity $(bone_leftarm) { transformation: [-0.457513791990114f,0.19743922487807591f,0.8670056992998206f,-0.006831927596690421f,-0.8536619333277404f,0.17538062741716473f,-0.4904109900011473f,3.3241327167361785f,-0.24888236925497664f,-0.9644995531395054f,0.08830729453291669f,0.36894868704758194f,0f,0f,0f,1f], start_interpolation: 0, interpolation_duration: 1 }
$data merge entity $(bone_rightthumb2) { transformation: [0.6229137893538361f,0.56198695043853f,-0.5441958090335189f,-0.45499959007529567f,0.7596145708430222f,-0.6007978941723453f,0.24905339612429805f,3.51619308774695f,-0.18698693750050044f,-0.568517860664796f,-0.8011387690714433f,-0.8353546684662715f,0f,0f,0f,1f], start_interpolation: 0, interpolation_duration: 1 }
$data merge entity $(bone_rightthumb) { transformation: [0.6229137893538361f,0.56198695043853f,-0.5441958090335189f,-0.3636821187328564f,0.7596145708430222f,-0.6007978941723453f,0.24905339612429805f,3.390135390784681f,-0.18698693750050044f,-0.568517860664796f,-0.8011387690714433f,-1.0432427262682806f,0f,0f,0f,1f], start_interpolation: 0, interpolation_duration: 1 }
$data merge entity $(bone_rightpointerfinger) { transformation: [0.6229137893538361f,0.56198695043853f,-0.5441958090335189f,-0.5054620696833695f,0.7596145708430222f,-0.6007978941723453f,0.24905339612429805f,3.682029421439264f,-0.18698693750050044f,-0.568517860664796f,-0.8011387690714433f,-0.9147028793269856f,0f,0f,0f,1f], start_interpolation: 0, interpolation_duration: 1 }
$data merge entity $(bone_rightmidfinger) { transformation: [0.6229137893538361f,0.56198695043853f,-0.5441958090335189f,-0.5904926648448569f,0.7596145708430222f,-0.6007978941723453f,0.24905339612429805f,3.7209440145836856f,-0.18698693750050044f,-0.568517860664796f,-0.8011387690714433f,-1.0398808119943985f,0f,0f,0f,1f], start_interpolation: 0, interpolation_duration: 1 }
$data merge entity $(bone_rightringfinger) { transformation: [0.6229137893538361f,0.56198695043853f,-0.5441958090335189f,-0.6755232600063441f,0.7596145708430222f,-0.6007978941723453f,0.24905339612429805f,3.759858607728107f,-0.18698693750050044f,-0.568517860664796f,-0.8011387690714433f,-1.1650587446618117f,0f,0f,0f,1f], start_interpolation: 0, interpolation_duration: 1 }
$data merge entity $(bone_hugeasssword) { transformation: [2.4397456749691915f,2.2011155558842423f,-2.1314335853812825f,-0.6332974813179943f,2.9751570691351703f,-2.3531250855083528f,0.9754591348201674f,3.393242862635308f,-0.7323655052102934f,-2.2266949542704513f,-3.1377935121964864f,-1.0931748039016236f,0f,0f,0f,1f], start_interpolation: 0, interpolation_duration: 1 }
$data merge entity $(bone_ice) { transformation: [0.6229137893538361f,0.56198695043853f,-0.5441958090335189f,-0.6518115553772501f,0.7596145708430222f,-0.6007978941723453f,0.24905339612429805f,3.3907613520623285f,-0.18698693750050044f,-0.568517860664796f,-0.8011387690714433f,-1.0813700414302907f,0f,0f,0f,1f], start_interpolation: 0, interpolation_duration: 1 }
$data merge entity $(bone_righthand1) { transformation: [0.6229137893538361f,0.56198695043853f,-0.5441958090335189f,-0.372592489461456f,0.7596145708430222f,-0.6007978941723453f,0.24905339612429805f,3.438248439858882f,-0.18698693750050044f,-0.568517860664796f,-0.8011387690714433f,-1.2952818275050975f,0f,0f,0f,1f], start_interpolation: 0, interpolation_duration: 1 }
$data merge entity $(bone_rightforearm) { transformation: [-0.057012994626620586f,0.9528933243573675f,-0.2978990279253527f,0.3027855256472604f,0.7544488035573567f,-0.1543040337808535f,-0.6379633751006639f,3.2579685537698158f,-0.6538780629861949f,-0.26112176767577666f,-0.7101118934303943f,-1.4313709997185418f,0f,0f,0f,1f], start_interpolation: 0, interpolation_duration: 1 }
$data merge entity $(bone_rightelbow) { transformation: [-0.057012994626620586f,0.9528933243573675f,-0.2978990279253527f,0.4814530239642668f,0.7544488035573567f,-0.1543040337808535f,-0.6379633751006639f,3.2290365474359057f,-0.6538780629861949f,-0.26112176767577666f,-0.7101118934303943f,-1.48033133115775f,0f,0f,0f,1f], start_interpolation: 0, interpolation_duration: 1 }
$data merge entity $(bone_rightarm) { transformation: [-0.022499921497818057f,-0.1476814350399943f,0.9887790184248046f,0.3058293878284583f,0.7947010847175233f,0.5974391635560548f,0.10731557108935227f,3.260813324320644f,-0.6065838272501041f,0.788198350413124f,0.10392026233919063f,-1.0623887481783292f,0f,0f,0f,1f], start_interpolation: 0, interpolation_duration: 1 }
$data merge entity $(bone_chest1) { transformation: [0.33383419496283595f,-0.3523568564978301f,0.9685094150619259f,0.2304381642546728f,-0.025173672712672925f,1.0149600110303163f,0.3779332921596168f,3.091634039169385f,-1.0303068123558057f,-0.1389673803430811f,0.3045768387860623f,-0.30607029384568474f,0f,0f,0f,1f], start_interpolation: 0, interpolation_duration: 1 }
$data merge entity $(bone_chest1lid) { transformation: [0.3081546415041563f,-0.32525248292107395f,0.8940086908263932f,0.20810112455103585f,-0.023237236350159625f,0.9368861640279844f,0.3488615004550309f,2.3068696946080154f,-0.95105244217459f,-0.12827758185515178f,0.2811478511871344f,-0.6531325254022008f,0f,0f,0f,1f], start_interpolation: 0, interpolation_duration: 1 }
$data merge entity $(bone_chest2) { transformation: [0.3081546415041563f,-0.32525248292107395f,0.8940086908263932f,0.25892182500745364f,-0.023237236350159625f,0.9368861640279844f,0.3488615004550309f,2.160481231478643f,-0.95105244217459f,-0.12827758185515178f,0.2811478511871344f,-0.6330891532373333f,0f,0f,0f,1f], start_interpolation: 0, interpolation_duration: 1 }
$data merge entity $(bone_chest1lid3) { transformation: [0.3081546415041563f,-0.32525248292107395f,0.8940086908263932f,0.7615657770176844f,-0.023237236350159625f,0.9368861640279844f,0.3488615004550309f,2.531811420608905f,-0.95105244217459f,-0.12827758185515178f,0.2811478511871344f,-0.413581405599531f,0f,0f,0f,1f], start_interpolation: 0, interpolation_duration: 1 }
$data merge entity $(bone_chest3) { transformation: [0.3081546415041563f,-0.32525248292107395f,0.8940086908263932f,0.8123864774741022f,-0.023237236350159625f,0.9368861640279844f,0.3488615004550309f,2.3854229574795323f,-0.95105244217459f,-0.12827758185515178f,0.2811478511871344f,-0.39353803343466354f,0f,0f,0f,1f], start_interpolation: 0, interpolation_duration: 1 }
$data merge entity $(bone_hugeasssword2) { transformation: [-3.5015340390700405f,-1.7504869013555795f,-0.12382551915567847f,0.4695602901097655f,-1.3663742101155376f,2.5461600060459997f,2.6439305057661326f,4.242498255583865f,-1.1011624171496108f,2.4068948065032165f,-2.8869666605734894f,-1.5521721209178243f,0f,0f,0f,1f], start_interpolation: 0, interpolation_duration: 1 }
$data merge entity $(bone_belt) { transformation: [0.3081546415041563f,-0.32525248292107395f,0.8940086908263932f,0.233098205151646f,-0.023237236350159625f,0.9368861640279844f,0.3488615004550309f,2.6735215905225536f,-0.95105244217459f,-0.12827758185515178f,0.2811478511871344f,-0.26131542034804656f,0f,0f,0f,1f], start_interpolation: 0, interpolation_duration: 1 }
$data merge entity $(bone_torn_part) { transformation: [0.36730375322314857f,-0.566459175820991f,0.7377072285103299f,0.3727385484816681f,-0.07422200311095614f,0.7727668194341143f,0.6303352576493563f,2.4024780304198146f,-0.9271348591884493f,-0.28627861413295747f,0.24179641843445f,-0.3283743494285668f,0f,0f,0f,1f], start_interpolation: 0, interpolation_duration: 1 }
$data merge entity $(bone_lowerbody) { transformation: [0.36730375322314857f,-0.3184088759380691f,0.87390144787158f,0.36944973417816435f,-0.07422200311095614f,0.9265462822772907f,0.36878595560613253f,1.9054505710107978f,-0.9271348591884493f,-0.20031918161271142f,0.3166909824349723f,-0.18455640484403107f,0f,0f,0f,1f], start_interpolation: 0, interpolation_duration: 1 }
$data merge entity $(bone_leftfoot) { transformation: [0.33129480737986006f,-0.4196891666127708f,0.845047190416618f,0.2576842272249523f,-0.058427554512972706f,0.8847813510600351f,0.46232908375962356f,0.29681888230128517f,-0.9417165027102239f,-0.2025412655343531f,0.2686020556119549f,0.21753639523930876f,0f,0f,0f,1f], start_interpolation: 0, interpolation_duration: 1 }
$data merge entity $(bone_leftlowerleg) { transformation: [0.33129480737986006f,-0.4196891666127708f,0.845047190416618f,-0.3377462457121455f,-0.058427554512972706f,0.8847813510600351f,0.46232908375962356f,1.2073383526035868f,-0.9417165027102239f,-0.2025412655343531f,0.2686020556119549f,-0.048427351923647804f,0f,0f,0f,1f], start_interpolation: 0, interpolation_duration: 1 }
$data merge entity $(bone_leftleg) { transformation: [0.33211149872774864f,0.7005315178542548f,0.6316308612675783f,0.4014692324317318f,-0.12018679457782173f,0.6956097674767169f,-0.7082952673850762f,1.926013893781172f,-0.9355517552877111f,0.15931931422085002f,0.31521464003799216f,0.08694148218710213f,0f,0f,0f,1f], start_interpolation: 0, interpolation_duration: 1 }
$data merge entity $(bone_rightfoot) { transformation: [0.15805291345263386f,-0.5344483977731425f,0.8302916274820884f,0.635859074458666f,0.07316212275604356f,0.8448878601710554f,0.5299167930245319f,0.2697011160011139f,-0.9847164974463279f,-0.02300899505184384f,0.17263836712544628f,-0.47451585342278374f,0f,0f,0f,1f], start_interpolation: 0, interpolation_duration: 1 }
$data merge entity $(bone_rightlowerleg) { transformation: [0.15805291345263386f,-0.5344483977731425f,0.8302916274820884f,-0.08461529285766656f,0.07316212275604356f,0.8448878601710554f,0.5299167930245319f,1.1255791890161286f,-0.9847164974463279f,-0.02300899505184384f,0.17263836712544628f,-0.5265665871243916f,0f,0f,0f,1f], start_interpolation: 0, interpolation_duration: 1 }
$data merge entity $(bone_rightleg) { transformation: [0.21276009756878478f,0.6612222080001016f,0.7193874703732277f,0.597151332332231f,-0.046033496035900116f,0.7422097725942178f,-0.6685847520758698f,1.897458189621454f,-0.9760194967956501f,0.10913223681896161f,0.1883509935244731f,-0.3838004240869818f,0f,0f,0f,1f], start_interpolation: 0, interpolation_duration: 1 }
data modify entity @s data merge value {"locators":{"lefthand":{"posx":-0.6409394417707492,"posy":3.851991135985227,"posz":0.07033482936336127,"roty":233.60048414569349,"rotx":43.67903182906218},"righthand":{"posx":-0.5936913742097812,"posy":3.4674712258608626,"posz":-1.077499181981334,"roty":325.81260125273764,"rotx":14.421504124879874},"chest":{"posx":0.0983703793389839,"posy":2.1930785362742253,"posz":-0.7187649171021995,"roty":107.45731880081694,"rotx":20.41769520359843},"sack":{"posx":0,"posy":-0.4375,"posz":0,"roty":0,"rotx":0}},"cameras":{}}