# This file was generated by Animated Java via MC-Build. It is not recommended to edit this file directly.
$data merge entity $(bone_nose) { transformation: [-0.6711610271868629f,0.5341315191068647f,-0.5140490208939884f,0.3751175029613948f,0.22151089653095968f,0.8062510306400164f,0.5485364147528968f,3.705191565318972f,0.7074431413926673f,0.2542888040958639f,-0.6594402215576252f,0.3967502369445343f,0f,0f,0f,1f], start_interpolation: 0, interpolation_duration: 1 }
$data merge entity $(bone_glowing_eye) { transformation: [-0.6711610271868629f,0.5341315191068647f,-0.5140490208939884f,0.3453254800898983f,0.22151089653095968f,0.8062510306400164f,0.5485364147528968f,3.768328651921234f,0.7074431413926673f,0.2542888040958639f,-0.6594402215576252f,0.5254096264338328f,0f,0f,0f,1f], start_interpolation: 0, interpolation_duration: 1 }
$data merge entity $(bone_head) { transformation: [-0.6711610271868629f,0.5341315191068647f,-0.5140490208939884f,0.21290636273557267f,0.22151089653095968f,0.8062510306400164f,0.5485364147528968f,3.7083543939345676f,0.7074431413926673f,0.2542888040958639f,-0.6594402215576252f,0.24186797137951682f,0f,0f,0f,1f], start_interpolation: 0, interpolation_duration: 1 }
$data merge entity $(bone_leftthumb2) { transformation: [0.1939149987147265f,0.22341225094072337f,0.9552402521895038f,0.7040947595977436f,-0.7902088890409704f,-0.5414542604601216f,0.28704911689503315f,2.8709569659071352f,0.5813491936470742f,-0.810502467583648f,0.07154624439280391f,0.6945715877635481f,0f,0f,0f,1f], start_interpolation: 0, interpolation_duration: 1 }
$data merge entity $(bone_leftthumb) { transformation: [0.1939149987147265f,0.22341225094072337f,0.9552402521895038f,0.8405173824005585f,-0.7902088890409704f,-0.5414542604601216f,0.28704911689503315f,2.762699869343301f,0.5813491936470742f,-0.810502467583648f,0.07154624439280391f,0.5019160995373634f,0f,0f,0f,1f], start_interpolation: 0, interpolation_duration: 1 }
$data merge entity $(bone_leftpointerfinger) { transformation: [0.1939149987147265f,0.22341225094072337f,0.9552402521895038f,0.7907776713975935f,-0.7902088890409704f,-0.5414542604601216f,0.28704911689503315f,3.040249073150089f,0.5813491936470742f,-0.810502467583648f,0.07154624439280391f,0.7076308838640117f,0f,0f,0f,1f], start_interpolation: 0, interpolation_duration: 1 }
$data merge entity $(bone_leftmidfinger) { transformation: [0.1939149987147265f,0.22341225094072337f,0.9552402521895038f,0.9400339608022035f,-0.7902088890409704f,-0.5414542604601216f,0.28704911689503315f,3.085100497664938f,0.5813491936470742f,-0.810502467583648f,0.07154624439280391f,0.7188099845503874f,0f,0f,0f,1f], start_interpolation: 0, interpolation_duration: 1 }
$data merge entity $(bone_leftringfinger) { transformation: [0.1939149987147265f,0.22341225094072337f,0.9552402521895038f,1.0892902502068134f,-0.7902088890409704f,-0.5414542604601216f,0.28704911689503315f,3.129951922179787f,0.5813491936470742f,-0.810502467583648f,0.07154624439280391f,0.729989085236763f,0f,0f,0f,1f], start_interpolation: 0, interpolation_duration: 1 }
$data merge entity $(bone_invisibility) { transformation: [0.30581677355792763f,-0.9321336139653404f,-0.19391499871472623f,0.8217211907223243f,-0.5143758845415144f,-0.33314765657703554f,0.7902088890409703f,2.8238930618141116f,-0.8011825949262463f,-0.14191393389355017f,-0.581349193647074f,0.7257493301436015f,0f,0f,0f,1f], start_interpolation: 0, interpolation_duration: 1 }
$data merge entity $(bone_swiftness) { transformation: [0.9552402521895038f,0.22341225094072337f,-0.19391499871472628f,0.9806746482661817f,0.287049116895033f,-0.5414542604601216f,0.7902088890409705f,2.9098802667948442f,0.07154624439280403f,-0.810502467583648f,-0.5813491936470742f,0.8791984450285885f,0f,0f,0f,1f], start_interpolation: 0, interpolation_duration: 1 }
$data merge entity $(bone_suspicious_stew) { transformation: [0.6061822376720394f,-0.7713235819060553f,-0.19391499871472653f,0.9903562887450099f,-0.3694120137627969f,-0.48898330827171455f,0.7902088890409705f,2.9030954396909987f,-0.7043279483441182f,-0.40737606241317437f,-0.5813491936470744f,0.7771565541352358f,0f,0f,0f,1f], start_interpolation: 0, interpolation_duration: 1 }
$data merge entity $(bone_log) { transformation: [0.1939149987147265f,0.22341225094072337f,0.9552402521895038f,1.081239238063489f,-0.7902088890409704f,-0.5414542604601216f,0.28704911689503315f,2.7747870011403473f,0.5813491936470742f,-0.810502467583648f,0.07154624439280391f,0.7336989627976057f,0f,0f,0f,1f], start_interpolation: 0, interpolation_duration: 1 }
$data merge entity $(bone_planks) { transformation: [0.1939149987147265f,0.22341225094072337f,0.9552402521895038f,1.0994187691929946f,-0.7902088890409704f,-0.5414542604601216f,0.28704911689503315f,2.700704917792756f,0.5813491936470742f,-0.810502467583648f,0.07154624439280391f,0.7882004497020189f,0f,0f,0f,1f], start_interpolation: 0, interpolation_duration: 1 }
$data merge entity $(bone_lefthand1) { transformation: [0.1939149987147265f,0.22341225094072337f,0.9552402521895038f,1.0587622932390661f,-0.7902088890409704f,-0.5414542604601216f,0.28704911689503315f,2.8280053733825894f,0.5813491936470742f,-0.810502467583648f,0.07154624439280391f,0.38350022735265005f,0f,0f,0f,1f], start_interpolation: 0, interpolation_duration: 1 }
$data merge entity $(bone_leftforearm) { transformation: [-0.49987870842332677f,-0.29281641842413897f,0.8150949772672422f,0.8035586047576566f,-0.8298366985059369f,-0.10752787178000708f,-0.5475479984469209f,2.6837937578804345f,0.2479764720246533f,-0.9501033111676447f,-0.1892389162685213f,-0.27454614580832953f,0f,0f,0f,1f], start_interpolation: 0, interpolation_duration: 1 }
$data merge entity $(bone_leftelbow) { transformation: [-0.49987870842332677f,-0.29281641842413897f,0.8150949772672422f,0.7486555263031306f,-0.8298366985059369f,-0.10752787178000708f,-0.5475479984469209f,2.663632281921683f,0.2479764720246533f,-0.9501033111676447f,-0.1892389162685213f,-0.4526905166522629f,0f,0f,0f,1f], start_interpolation: 0, interpolation_duration: 1 }
$data merge entity $(bone_leftarm) { transformation: [-0.404999878327143f,-0.8197974862796089f,-0.40485451713502413f,0.6467037008503118f,-0.8726184477457337f,0.4787675051283327f,-0.09653352105366314f,3.271367372426565f,0.2729691250101842f,0.3141874560239891f,-0.9092711912671315f,-0.3352602691996669f,0f,0f,0f,1f], start_interpolation: 0, interpolation_duration: 1 }
$data merge entity $(bone_rightthumb2) { transformation: [-0.7135088921124227f,-0.5903550186407538f,-0.37734071188009677f,0.1346112838355792f,0.7004211493923882f,-0.5873515279185247f,-0.4054977140941983f,3.5247315096456733f,0.01775596689422501f,-0.5536236398650708f,0.832577678671607f,1.336537238571534f,0f,0f,0f,1f], start_interpolation: 0, interpolation_duration: 1 }
$data merge entity $(bone_rightthumb) { transformation: [-0.7135088921124227f,-0.5903550186407538f,-0.37734071188009677f,-0.04241545070891925f,0.7004211493923882f,-0.5873515279185247f,-0.4054977140941983f,3.3460351316579096f,0.01775596689422501f,-0.5536236398650708f,0.832577678671607f,1.271915200047003f,0f,0f,0f,1f], start_interpolation: 0, interpolation_duration: 1 }
$data merge entity $(bone_rightpointerfinger) { transformation: [-0.7135088921124227f,-0.5903550186407538f,-0.37734071188009677f,0.055566908838402304f,0.7004211493923882f,-0.5873515279185247f,-0.4054977140941983f,3.5963607096228025f,0.01775596689422501f,-0.5536236398650708f,0.832577678671607f,1.4945420944445171f,0f,0f,0f,1f], start_interpolation: 0, interpolation_duration: 1 }
$data merge entity $(bone_rightmidfinger) { transformation: [-0.7135088921124227f,-0.5903550186407538f,-0.37734071188009677f,-0.003392577392862823f,0.7004211493923882f,-0.5873515279185247f,-0.4054977140941983f,3.533001691795584f,0.01775596689422501f,-0.5536236398650708f,0.832577678671607f,1.6246323567369556f,0f,0f,0f,1f], start_interpolation: 0, interpolation_duration: 1 }
$data merge entity $(bone_rightringfinger) { transformation: [-0.7135088921124227f,-0.5903550186407538f,-0.37734071188009677f,-0.06235206362412794f,0.7004211493923882f,-0.5873515279185247f,-0.4054977140941983f,3.4696426739683655f,0.01775596689422501f,-0.5536236398650708f,0.832577678671607f,1.754722619029394f,0f,0f,0f,1f], start_interpolation: 0, interpolation_duration: 1 }
$data merge entity $(bone_hugeasssword) { transformation: [-2.7945764941069893f,-2.312223823009619f,-1.4779177881970458f,0.07211330753622286f,2.7433161684535206f,-2.300460151014222f,-1.588199380202277f,3.2339824466625022f,0.06954420366904797f,-2.168359256138194f,3.2609292414637943f,1.4944520999538407f,0f,0f,0f,1f], start_interpolation: 0, interpolation_duration: 1 }
$data merge entity $(bone_ice) { transformation: [-0.7135088921124227f,-0.5903550186407538f,-0.37734071188009677f,0.09248618114174129f,0.7004211493923882f,-0.5873515279185247f,-0.4054977140941983f,3.232215733826973f,0.01775596689422501f,-0.5536236398650708f,0.832577678671607f,1.5028250323440102f,0f,0f,0f,1f], start_interpolation: 0, interpolation_duration: 1 }
$data merge entity $(bone_righthand1) { transformation: [-0.7135088921124227f,-0.5903550186407538f,-0.37734071188009677f,-0.2452716937928059f,0.7004211493923882f,-0.5873515279185247f,-0.4054977140941983f,3.2478113356299954f,0.01775596689422501f,-0.5536236398650708f,0.832577678671607f,1.3948761665597864f,0f,0f,0f,1f], start_interpolation: 0, interpolation_duration: 1 }
$data merge entity $(bone_rightforearm) { transformation: [-0.5800463754127562f,-0.7618771288770108f,-0.288252394377994f,-0.7337433487240757f,0.5111304209055388f,-0.06488240558990761f,-0.8570507372786009f,3.157763264645183f,0.634264846255451f,-0.6444637413687361f,0.42705338175169627f,0.8847092412800449f,0f,0f,0f,1f], start_interpolation: 0, interpolation_duration: 1 }
$data merge entity $(bone_rightelbow) { transformation: [-0.5800463754127562f,-0.7618771288770108f,-0.288252394377994f,-0.8765953103885151f,0.5111304209055388f,-0.06488240558990761f,-0.8570507372786009f,3.1455978135970755f,0.634264846255451f,-0.6444637413687361f,0.42705338175169627f,0.7638722897734069f,0f,0f,0f,1f], start_interpolation: 0, interpolation_duration: 1 }
$data merge entity $(bone_rightarm) { transformation: [-0.5777620280575894f,0.4738781363934473f,-0.6645528953988951f,-0.5005218683178027f,0.572872142069066f,0.8153923463858888f,0.08338363326525677f,3.3141793132208637f,0.5813850254142957f,-0.33252794364322f,-0.7425743187859586f,0.58544737809275f,0f,0f,0f,1f], start_interpolation: 0, interpolation_duration: 1 }
$data merge entity $(bone_chest1) { transformation: [-0.8083637785538385f,0.35521679208229895f,-0.6276783756479368f,-0.051444899776301956f,0.05643417524285316f,0.9710878460297185f,0.4768801634259195f,3.1558428778171312f,0.719009246462054f,0.323141667117123f,-0.7431125605088013f,-0.008469191655576469f,0f,0f,0f,1f], start_interpolation: 0, interpolation_duration: 1 }
$data merge entity $(bone_chest1lid) { transformation: [-0.7461819494343125f,0.32789242346058367f,-0.5793954236750186f,-0.3035806877640701f,0.05209308483955676f,0.8963887809505094f,0.440197073931618f,2.388734861037624f,0.6637008428880499f,0.29828461580042126f,-0.6859500558542782f,0.28269922596375463f,0f,0f,0f,1f], start_interpolation: 0, interpolation_duration: 1 }
$data merge entity $(bone_chest2) { transformation: [-0.7461819494343125f,0.32789242346058367f,-0.5793954236750186f,-0.3548138789297863f,0.05209308483955676f,0.8963887809505094f,0.440197073931618f,2.248674114014107f,0.6637008428880499f,0.29828461580042126f,-0.6859500558542782f,0.23609225474493878f,0f,0f,0f,1f], start_interpolation: 0, interpolation_duration: 1 }
$data merge entity $(bone_chest1lid3) { transformation: [-0.7461819494343125f,0.32789242346058367f,-0.5793954236750186f,-0.6281195092162342f,0.05209308483955676f,0.8963887809505094f,0.440197073931618f,2.667480293722594f,0.6637008428880499f,0.29828461580042126f,-0.6859500558542782f,-0.19821883124839543f,0f,0f,0f,1f], start_interpolation: 0, interpolation_duration: 1 }
$data merge entity $(bone_chest3) { transformation: [-0.7461819494343125f,0.32789242346058367f,-0.5793954236750186f,-0.6793527003819504f,0.05209308483955676f,0.8963887809505094f,0.440197073931618f,2.527419546699077f,0.6637008428880499f,0.29828461580042126f,-0.6859500558542782f,-0.24482580246721125f,0f,0f,0f,1f], start_interpolation: 0, interpolation_duration: 1 }
$data merge entity $(bone_hugeasssword2) { transformation: [2.269298742727156f,3.022350474342879f,-1.0275984645152494f,-0.7438255775102844f,-1.7241052062321705f,2.22147235776572f,2.7263161187404f,4.376726409367981f,2.68663771876259f,-1.1272692454333897f,2.6175407531115846f,0.9736153253885806f,0f,0f,0f,1f], start_interpolation: 0, interpolation_duration: 1 }
$data merge entity $(bone_belt) { transformation: [-0.7461819494343125f,0.32789242346058367f,-0.5793954236750186f,-0.08231070425279291f,0.05209308483955676f,0.8963887809505094f,0.440197073931618f,2.7394929608397263f,0.6637008428880499f,0.29828461580042126f,-0.6859500558542782f,-0.05874983385254427f,0f,0f,0f,1f], start_interpolation: 0, interpolation_duration: 1 }
$data merge entity $(bone_torn_part) { transformation: [-0.7359251978724879f,0.43796791520466394f,-0.5163314907959999f,-0.2628555623110055f,0.018004104095288978f,0.7749940069882206f,0.6317120715706387f,2.483420047886923f,0.6768234299816057f,0.4555967453610946f,-0.5782228378785401f,-0.05940587724082355f,0f,0f,0f,1f], start_interpolation: 0, interpolation_duration: 1 }
$data merge entity $(bone_lowerbody) { transformation: [-0.7359251978724879f,0.2624335508655057f,-0.6241335870760855f,-0.2313604637822435f,0.018004104095288978f,0.9290844047311054f,0.36942931816678215f,1.9760563422315536f,0.6768234299816057f,0.2606353780007035f,-0.6884615053598603f,-0.1559503842981404f,0f,0f,0f,1f], start_interpolation: 0, interpolation_duration: 1 }
$data merge entity $(bone_leftfoot) { transformation: [-0.5390678197770984f,0.41858423783161236f,-0.7308851630178944f,-0.2556068523176137f,-0.022202171188166343f,0.8604007196337077f,0.5091342310710696f,0.28326499751606415f,0.8419696842970638f,0.2906851174255851f,-0.4545208611625837f,-0.37656068081138433f,0f,0f,0f,1f], start_interpolation: 0, interpolation_duration: 1 }
$data merge entity $(bone_leftlowerleg) { transformation: [-0.5390678197770984f,0.41858423783161236f,-0.7308851630178944f,0.32105734420194254f,-0.022202171188166343f,0.8604007196337077f,0.5091342310710696f,1.1595457987178996f,0.8419696842970638f,0.2906851174255851f,-0.4545208611625837f,0.01575326312148756f,0f,0f,0f,1f], start_interpolation: 0, interpolation_duration: 1 }
$data merge entity $(bone_leftleg) { transformation: [-0.6646622748544854f,-0.43547488484112984f,-0.6071125802171005f,-0.14815463435238777f,0.045703796436091654f,0.7873582845466944f,-0.614799231251158f,1.9803556235731765f,0.7457447441159669f,-0.4363812054022162f,-0.5034244930425217f,-0.4177449345236016f,0f,0f,0f,1f], start_interpolation: 0, interpolation_duration: 1 }
$data merge entity $(bone_rightfoot) { transformation: [-0.7474478482069233f,0.4391902179028244f,-0.4984312055934196f,-0.7043283214437233f,0.12381098664611147f,0.8292369138202629f,0.545010991030055f,0.40793683235982425f,0.6526810505879241f,0.34565603315480536f,-0.6741879210925749f,0.04888303749784012f,0f,0f,0f,1f], start_interpolation: 0, interpolation_duration: 1 }
$data merge entity $(bone_rightlowerleg) { transformation: [-0.7474478482069233f,0.4391902179028244f,-0.4984312055934196f,-0.14051989935487297f,0.12381098664611147f,0.8292369138202629f,0.545010991030055f,1.2441329792804963f,0.6526810505879241f,0.34565603315480536f,-0.6741879210925749f,0.5359312237826717f,0f,0f,0f,1f], start_interpolation: 0, interpolation_duration: 1 }
$data merge entity $(bone_rightleg) { transformation: [-0.7249684506594779f,-0.3823950029960065f,-0.5728828913766584f,-0.5172864926143674f,0.1484937513506875f,0.7254030651513431f,-0.672116060572009f,1.990636609932282f,0.6725848283734894f,-0.5723324687213897f,-0.4691110677537712f,-0.08108387046481924f,0f,0f,0f,1f], start_interpolation: 0, interpolation_duration: 1 }
data modify entity @s data merge value {"locators":{"lefthand":{"posx":1.0306799958887782,"posy":2.8866850561349002,"posz":0.7414000711045274,"roty":94.28338117004684,"rotx":16.681373161129425},"righthand":{"posx":0.04071496829558996,"posy":3.3133934859889584,"posz":1.5001309973839916,"roty":204.380976141409,"rotx":-23.922320224980215},"chest":{"posx":-0.2568616152009572,"posy":2.265557678327638,"posz":0.3919767850437108,"roty":319.81351597525247,"rotx":26.1164559032486},"sack":{"posx":0,"posy":-0.4375,"posz":0,"roty":0,"rotx":0}},"cameras":{}}