# This file was generated by Animated Java via MC-Build. It is not recommended to edit this file directly.
$data merge entity $(bone_nose) { transformation: [-0.9861029522444645f,-0.058358692726745015f,-0.15554816153840123f,-0.016840233040548366f,-0.03679437468037663f,0.9897385352574277f,-0.1380717415634412f,4.185987345240303f,0.16200969590315042f,-0.13042965464075645f,-0.9781313631735065f,2.5776227250368113f,0f,0f,0f,1f], start_interpolation: 0, interpolation_duration: 1 }
$data merge entity $(bone_glowing_eye) { transformation: [-0.9861029522444645f,-0.058358692726745015f,-0.15554816153840123f,-0.13862650941860202f,-0.03679437468037663f,0.9897385352574277f,-0.1380717415634412f,4.253219488584478f,0.16200969590315042f,-0.13042965464075645f,-0.9781313631735065f,2.6231752949146236f,0f,0f,0f,1f], start_interpolation: 0, interpolation_duration: 1 }
$data merge entity $(bone_head) { transformation: [-0.9861029522444645f,-0.058358692726745015f,-0.15554816153840123f,-0.038761455022438f,-0.03679437468037663f,0.9897385352574277f,-0.1380717415634412f,4.037922899873177f,0.16200969590315042f,-0.13042965464075645f,-0.9781313631735065f,2.4105677827881262f,0f,0f,0f,1f], start_interpolation: 0, interpolation_duration: 1 }
$data merge entity $(bone_leftthumb2) { transformation: [-0.8355365358074002f,-0.36122123173969506f,0.414002317712626f,1.3460643216773203f,-0.5227242031346735f,0.7546938984778297f,-0.39648017233848665f,2.2866471081010835f,-0.16922796692092415f,-0.5476827013342607f,-0.8193934060456052f,3.112033912623499f,0f,0f,0f,1f], start_interpolation: 0, interpolation_duration: 1 }
$data merge entity $(bone_leftthumb) { transformation: [-0.8355365358074002f,-0.36122123173969506f,0.414002317712626f,1.2928571268183249f,-0.5227242031346735f,0.7546938984778297f,-0.39648017233848665f,2.4378479221709166f,-0.16922796692092415f,-0.5476827013342607f,-0.8193934060456052f,2.907695525744389f,0f,0f,0f,1f], start_interpolation: 0, interpolation_duration: 1 }
$data merge entity $(bone_leftpointerfinger) { transformation: [-0.8355365358074002f,-0.36122123173969506f,0.414002317712626f,1.522176010729626f,-0.5227242031346735f,0.7546938984778297f,-0.39648017233848665f,2.228801938372367f,-0.16922796692092415f,-0.5476827013342607f,-0.8193934060456052f,3.067504155093282f,0f,0f,0f,1f], start_interpolation: 0, interpolation_duration: 1 }
$data merge entity $(bone_leftmidfinger) { transformation: [-0.8355365358074002f,-0.36122123173969506f,0.414002317712626f,1.586863872872224f,-0.5227242031346735f,0.7546938984778297f,-0.39648017233848665f,2.1668519114444784f,-0.16922796692092415f,-0.5476827013342607f,-0.8193934060456052f,2.939473935398656f,0f,0f,0f,1f], start_interpolation: 0, interpolation_duration: 1 }
$data merge entity $(bone_leftringfinger) { transformation: [-0.8355365358074002f,-0.36122123173969506f,0.414002317712626f,1.6515517350148217f,-0.5227242031346735f,0.7546938984778297f,-0.39648017233848665f,2.10490188451659f,-0.16922796692092415f,-0.5476827013342607f,-0.8193934060456052f,2.81144371570403f,0f,0f,0f,1f], start_interpolation: 0, interpolation_duration: 1 }
$data merge entity $(bone_invisibility) { transformation: [-0.3237639963977582f,-0.44390941865150935f,0.8355365358074001f,1.3130667656156896f,0.7172665364409235f,0.46074735285106294f,0.5227242031346733f,2.225725800816206f,-0.6170134442121935f,0.7685416741291371f,0.1692279669209239f,3.0014771597760985f,0f,0f,0f,1f], start_interpolation: 0, interpolation_duration: 1 }
$data merge entity $(bone_swiftness) { transformation: [0.41400231771262586f,-0.36122123173969506f,0.8355365358074003f,1.3960902967361235f,-0.39648017233848676f,0.7546938984778297f,0.5227242031346734f,2.0219623691769164f,-0.8193934060456052f,-0.5476827013342607f,0.16922796692092396f,2.913192454694153f,0f,0f,0f,1f], start_interpolation: 0, interpolation_duration: 1 }
$data merge entity $(bone_suspicious_stew) { transformation: [-0.15241267530032515f,-0.5278722134558385f,0.8355365358074004f,1.4076244454246052f,0.5164251957711599f,0.6782804911170157f,0.5227242031346737f,2.1160094920115915f,-0.8426597139892932f,0.5111619133222798f,0.16922796692092412f,2.873513522767591f,0f,0f,0f,1f], start_interpolation: 0, interpolation_duration: 1 }
$data merge entity $(bone_log) { transformation: [-0.8355365358074002f,-0.36122123173969506f,0.414002317712626f,1.303546599867979f,-0.5227242031346735f,0.7546938984778297f,-0.39648017233848665f,2.1427558271990783f,-0.16922796692092415f,-0.5476827013342607f,-0.8193934060456052f,2.750778997293584f,0f,0f,0f,1f], start_interpolation: 0, interpolation_duration: 1 }
$data merge entity $(bone_planks) { transformation: [-0.8355365358074002f,-0.36122123173969506f,0.414002317712626f,1.2252150496360352f,-0.5227242031346735f,0.7546938984778297f,-0.39648017233848665f,2.0937504331552024f,-0.16922796692092415f,-0.5476827013342607f,-0.8193934060456052f,2.7349138753947475f,0f,0f,0f,1f], start_interpolation: 0, interpolation_duration: 1 }
$data merge entity $(bone_lefthand1) { transformation: [-0.8355365358074002f,-0.36122123173969506f,0.414002317712626f,1.4091878534563858f,-0.5227242031346735f,0.7546938984778297f,-0.39648017233848665f,2.4745003579877816f,-0.16922796692092415f,-0.5476827013342607f,-0.8193934060456052f,2.681771357629175f,0f,0f,0f,1f], start_interpolation: 0, interpolation_duration: 1 }
$data merge entity $(bone_leftforearm) { transformation: [-0.9316244009524737f,-0.36122123173969506f,-0.039939921011461016f,1.097601711095687f,-0.26692576553096353f,0.7546938984778297f,-0.5993227471872268f,2.997826062934121f,0.246630515641624f,-0.5476827013342607f,-0.7995105048800509f,2.3245887171198754f,0f,0f,0f,1f], start_interpolation: 0, interpolation_duration: 1 }
$data merge entity $(bone_leftelbow) { transformation: [-0.9179076005180566f,-0.32674257347923175f,-0.2251331330287754f,1.036337478568331f,-0.18675656991737238f,0.8563608349639688f,-0.4814229989650598f,3.1583937194898652f,0.35009658739250954f,-0.39985673811501954f,-0.8470814414683726f,2.249615578723309f,0f,0f,0f,1f], start_interpolation: 0, interpolation_duration: 1 }
$data merge entity $(bone_leftarm) { transformation: [-0.9179076005180566f,-0.32674257347923175f,-0.2251331330287754f,0.6792093146225395f,-0.18675656991737238f,0.8563608349639688f,-0.4814229989650598f,3.5607656060200825f,0.35009658739250954f,-0.39985673811501954f,-0.8470814414683726f,2.1527421332037977f,0f,0f,0f,1f], start_interpolation: 0, interpolation_duration: 1 }
$data merge entity $(bone_rightthumb2) { transformation: [-0.9284671341888032f,-0.353557834759633f,0.11377890055414813f,-0.7388418790824294f,-0.36013730058222304f,0.7820780051189813f,-0.5085814768928023f,2.0950680619971696f,0.09082899019905638f,-0.5131772124609534f,-0.8534630883349469f,3.4115948679948964f,0f,0f,0f,1f], start_interpolation: 0, interpolation_duration: 1 }
$data merge entity $(bone_rightthumb) { transformation: [-0.9284671341888032f,-0.353557834759633f,0.11377890055414813f,-0.8158260259793626f,-0.36013730058222304f,0.7820780051189813f,-0.5085814768928023f,2.243404725605995f,0.09082899019905638f,-0.5131772124609534f,-0.8534630883349469f,3.2128071835965573f,0f,0f,0f,1f], start_interpolation: 0, interpolation_duration: 1 }
$data merge entity $(bone_rightpointerfinger) { transformation: [-0.9284671341888032f,-0.353557834759633f,0.11377890055414813f,-0.7960325682872827f,-0.36013730058222304f,0.7820780051189813f,-0.5085814768928023f,1.9235556061957986f,0.09082899019905638f,-0.5131772124609534f,-0.8534630883349469f,3.3511217949726286f,0f,0f,0f,1f], start_interpolation: 0, interpolation_duration: 1 }
$data merge entity $(bone_rightmidfinger) { transformation: [-0.9284671341888032f,-0.353557834759633f,0.11377890055414813f,-0.778254615075697f,-0.36013730058222304f,0.7820780051189813f,-0.5085814768928023f,1.8440897504312983f,0.09082899019905638f,-0.5131772124609534f,-0.8534630883349469f,3.217768187420293f,0f,0f,0f,1f], start_interpolation: 0, interpolation_duration: 1 }
$data merge entity $(bone_rightringfinger) { transformation: [-0.9284671341888032f,-0.353557834759633f,0.11377890055414813f,-0.7604766618641114f,-0.36013730058222304f,0.7820780051189813f,-0.5085814768928023f,1.7646238946667978f,0.09082899019905638f,-0.5131772124609534f,-0.8534630883349469f,3.084414579867958f,0f,0f,0f,1f], start_interpolation: 0, interpolation_duration: 1 }
$data merge entity $(bone_hugeasssword) { transformation: [-2.808600155169935f,2.6622228018776934f,-0.6038316812818586f,-0.6052247630635053f,-2.5544127187414642f,-2.257444986133991f,1.9285216033760466f,2.1065574012646944f,0.962818055755622f,1.7767356768857767f,3.355066244319176f,3.102737976372771f,0f,0f,0f,1f], start_interpolation: 0, interpolation_duration: 1 }
$data merge entity $(bone_ice) { transformation: [-0.9284671341888032f,-0.353557834759633f,0.11377890055414813f,-0.585193122923686f,-0.36013730058222304f,0.7820780051189813f,-0.5085814768928023f,2.0999645777563076f,0.09082899019905638f,-0.5131772124609534f,-0.8534630883349469f,3.1093371673456134f,0f,0f,0f,1f], start_interpolation: 0, interpolation_duration: 1 }
$data merge entity $(bone_righthand1) { transformation: [-0.9284671341888032f,-0.353557834759633f,0.11377890055414813f,-0.9021437745184778f,-0.36013730058222304f,0.7820780051189813f,-0.5085814768928023f,2.189556582737597f,0.09082899019905638f,-0.5131772124609534f,-0.8534630883349469f,2.977079390269672f,0f,0f,0f,1f], start_interpolation: 0, interpolation_duration: 1 }
$data merge entity $(bone_rightforearm) { transformation: [-0.8190662890159324f,-0.14227099247238645f,-0.5557781741833617f,-0.9423023890655138f,0.04549543981173307f,0.9496041114880858f,-0.3101325465043292f,2.859249329678554f,0.5718921044690215f,-0.2793044864405961f,-0.7713160342558353f,2.7570019797470615f,0f,0f,0f,1f], start_interpolation: 0, interpolation_duration: 1 }
$data merge entity $(bone_rightelbow) { transformation: [-0.807007196440653f,-0.11905072680133708f,-0.5784170721383235f,-0.9646244003407645f,0.061444631658693724f,0.957225032512941f,-0.2827451049460032f,3.03872902327473f,0.5873363109269891f,-0.2637179583924317f,-0.7651724617940736f,2.7075548625484807f,0f,0f,0f,1f], start_interpolation: 0, interpolation_duration: 1 }
$data merge entity $(bone_rightarm) { transformation: [-0.807007196440653f,0.06039267197494395f,-0.58744541028484f,-0.7395375710604984f,0.061444631658693724f,0.9979448320268219f,0.018184319379218133f,3.5236921661322014f,0.5873363109269891f,-0.021420490253137955f,-0.8090594665807889f,2.5936479077372825f,0f,0f,0f,1f], start_interpolation: 0, interpolation_duration: 1 }
$data merge entity $(bone_chest1) { transformation: [-1.0342059026120443f,0.014112412422728428f,-0.32222678648605324f,-0.07382442021586513f,-0.027024954732302476f,1.0746984009651832f,0.13380624012244902f,3.396570201832054f,0.32140148402774177f,0.13577664707010664f,-1.0256105007683356f,2.251644638414233f,0f,0f,0f,1f], start_interpolation: 0, interpolation_duration: 1 }
$data merge entity $(bone_chest1lid) { transformation: [-0.9546516024111178f,0.013026842236364704f,-0.2974401106025107f,-0.29227724254459725f,-0.024946112060586903f,0.9920292931986306f,0.12351345242072218f,2.6617179213241426f,0.29667829294868475f,0.12533228960317538f,-0.9467173853246176f,2.637749161386291f,0f,0f,0f,1f], start_interpolation: 0, interpolation_duration: 1 }
$data merge entity $(bone_chest2) { transformation: [-0.9546516024111178f,0.013026842236364704f,-0.2974401106025107f,-0.2943126866440292f,-0.024946112060586903f,0.9920292931986306f,0.12351345242072218f,2.5067133442618568f,0.29667829294868475f,0.12533228960317538f,-0.9467173853246176f,2.6181659911357946f,0f,0f,0f,1f], start_interpolation: 0, interpolation_duration: 1 }
$data merge entity $(bone_chest1lid3) { transformation: [-0.9546516024111178f,0.013026842236364704f,-0.2974401106025107f,-0.42315908824863585f,-0.024946112060586903f,0.9920292931986306f,0.12351345242072218f,2.742402858784954f,0.29667829294868475f,0.12533228960317538f,-0.9467173853246176f,2.012715943103415f,0f,0f,0f,1f], start_interpolation: 0, interpolation_duration: 1 }
$data merge entity $(bone_chest3) { transformation: [-0.9546516024111178f,0.013026842236364704f,-0.2974401106025107f,-0.4251945323480678f,-0.024946112060586903f,0.9920292931986306f,0.12351345242072218f,2.587398281722668f,0.29667829294868475f,0.12533228960317538f,-0.9467173853246176f,1.9931327728529187f,0f,0f,0f,1f], start_interpolation: 0, interpolation_duration: 1 }
$data merge entity $(bone_hugeasssword2) { transformation: [1.1649737665264994f,2.791188209061395f,-2.488449774996369f,-1.3136906581515992f,-0.48376102198116167f,2.697006793598648f,2.7986438513451946f,4.549610002756257f,3.7079764258547527f,-0.5250719137957801f,1.146947291040889f,2.5117763908802875f,0f,0f,0f,1f], start_interpolation: 0, interpolation_duration: 1 }
$data merge entity $(bone_belt) { transformation: [-0.9546516024111178f,0.013026842236364704f,-0.2974401106025107f,-0.009501450695006047f,-0.024946112060586903f,0.9920292931986306f,0.12351345242072218f,2.9860459465534f,0.29667829294868475f,0.12533228960317538f,-0.9467173853246176f,2.3161464651537753f,0f,0f,0f,1f], start_interpolation: 0, interpolation_duration: 1 }
$data merge entity $(bone_torn_part) { transformation: [-0.9546516024111178f,0.09236857482322931f,-0.2830342106513105f,-0.13118841105185167f,-0.024946112060586903f,0.9224962739671577f,0.38519906023999023f,2.702876602471819f,0.29667829294868475f,0.3747915032412507f,-0.8783583093426157f,2.3168981181008137f,0f,0f,0f,1f], start_interpolation: 0, interpolation_duration: 1 }
$data merge entity $(bone_lowerbody) { transformation: [-0.9546516024111178f,0.0029834469244065273f,-0.29771029048108866f,0.0024480329014542565f,-0.024946112060586903f,0.9956319248623194f,0.08997089356015897f,2.206512188509159f,0.29667829294868475f,0.093317571975497f,-0.9504071870801759f,2.3760114185470327f,0f,0f,0f,1f], start_interpolation: 0, interpolation_duration: 1 }
$data merge entity $(bone_leftfoot) { transformation: [-0.9880910384835732f,0.125743442567415f,0.08868306670243829f,0.013939184458385434f,0.08714648473096481f,0.9323234807176832f,-0.3509678297244629f,0.18805314623960068f,-0.126813208568704f,-0.3390597498284913f,-0.9321785752626752f,2.9092001704512453f,0f,0f,0f,1f], start_interpolation: 0, interpolation_duration: 1 }
$data merge entity $(bone_leftlowerleg) { transformation: [-0.9880910384835732f,0.125743442567415f,0.08868306670243829f,0.13981005084619863f,0.08714648473096481f,0.9323234807176832f,-0.3509678297244629f,1.2762741792136891f,-0.126813208568704f,-0.3390597498284913f,-0.9321785752626752f,2.676280920293106f,0f,0f,0f,1f], start_interpolation: 0, interpolation_duration: 1 }
$data merge entity $(bone_leftleg) { transformation: [-0.9880910384835732f,0.13624315299598255f,0.0715115580180379f,0.25182826089685745f,0.08714648473096481f,0.8785368296900222f,-0.46965788514326107f,2.2246736603448456f,-0.126813208568704f,-0.45783276656429717f,-0.879947480246743f,2.2087861753379188f,0f,0f,0f,1f], start_interpolation: 0, interpolation_duration: 1 }
$data merge entity $(bone_rightfoot) { transformation: [-0.9850891434798179f,-0.01381999816005848f,0.1714887373825299f,-0.33421986883472987f,0.0918344661081803f,0.8006507985918119f,0.5920512896269369f,0.38755512810535364f,-0.14548474226812858f,0.5989718744358116f,-0.7874432572585954f,1.2322217886757985f,0f,0f,0f,1f], start_interpolation: 0, interpolation_duration: 1 }
$data merge entity $(bone_rightlowerleg) { transformation: [-0.9850891434798179f,-0.01381999816005848f,0.1714887373825299f,-0.3758999235291444f,0.0918344661081803f,0.8006507985918119f,0.5920512896269369f,1.1848110173663582f,-0.14548474226812858f,0.5989718744358116f,-0.7874432572585954f,2.0176934232915595f,0f,0f,0f,1f], start_interpolation: 0, interpolation_duration: 1 }
$data merge entity $(bone_rightleg) { transformation: [-0.9664663454288436f,0.09769829083885848f,0.23748230906865658f,-0.24807790082568326f,0.12762198056562862f,0.9852432988279819f,0.11405381269849003f,2.2246736603448456f,-0.2228349910357918f,0.1405371341735762f,-0.9646729397512697f,2.199099613933738f,0f,0f,0f,1f], start_interpolation: 0, interpolation_duration: 1 }
data modify entity @s data merge value {"locators":{"lefthand":{"posx":1.4036297726153266,"posy":2.138995763117162,"posz":2.8222348522036222,"roty":26.805399393402723,"rotx":-23.35832064262219},"righthand":{"posx":-0.6684903709069255,"posy":2.06192832257319,"posz":3.139206139876711,"roty":7.593576261771432,"rotx":-30.56938874457386},"chest":{"posx":-0.27644926547807513,"posy":2.5796375475565974,"posz":2.78711168139771,"roty":342.55829985407695,"rotx":7.094917633938777},"sack":{"posx":0,"posy":-0.4375,"posz":0,"roty":0,"rotx":0}},"cameras":{}}