# This file was generated by Animated Java via MC-Build. It is not recommended to edit this file directly.
$data merge entity $(bone_nose) { transformation: [-0.9997875439486777f,-0.011811771308159464f,-0.016892277041133608f,-0.031307022369127725f,-0.012714086073827669f,0.9984412243544001f,0.05434586943820008f,3.8037881726738396f,0.01622402478973604f,0.05454909319365747f,-0.9983792753514926f,1.9331149046465261f,0f,0f,0f,1f], start_interpolation: 0, interpolation_duration: 1 }
$data merge entity $(bone_glowing_eye) { transformation: [-0.9997875439486777f,-0.011811771308159464f,-0.016892277041133608f,-0.15649075168589321f,-0.012714086073827669f,0.9984412243544001f,0.05434586943820008f,3.8679050620581377f,0.01622402478973604f,0.05454909319365747f,-0.9983792753514926f,1.9736753933662734f,0f,0f,0f,1f], start_interpolation: 0, interpolation_duration: 1 }
$data merge entity $(bone_head) { transformation: [-0.9997875439486777f,-0.011811771308159464f,-0.016892277041133608f,-0.03301170509711901f,-0.012714086073827669f,0.9984412243544001f,0.05434586943820008f,3.6906803062010347f,0.01622402478973604f,0.05454909319365747f,-0.9983792753514926f,1.7394278418789457f,0f,0f,0f,1f], start_interpolation: 0, interpolation_duration: 1 }
$data merge entity $(bone_leftthumb2) { transformation: [-0.9766658719155114f,-0.04968972510427593f,0.20893708587652648f,0.9950288478909569f,-0.1689426374364375f,0.7784144938785553f,-0.6045901595095748f,1.9067946911719857f,-0.13259773712825554f,-0.6257809576352209f,-0.7686455835881787f,2.546694113173856f,0f,0f,0f,1f], start_interpolation: 0, interpolation_duration: 1 }
$data merge entity $(bone_leftthumb) { transformation: [-0.9766658719155114f,-0.04968972510427593f,0.20893708587652648f,1.0006980564983647f,-0.1689426374364375f,0.7784144938785553f,-0.6045901595095748f,2.046028244130708f,-0.13259773712825554f,-0.6257809576352209f,-0.7686455835881787f,2.3275394967115135f,0f,0f,0f,1f], start_interpolation: 0, interpolation_duration: 1 }
$data merge entity $(bone_leftpointerfinger) { transformation: [-0.9766658719155114f,-0.04968972510427593f,0.20893708587652648f,1.1336192531894267f,-0.1689426374364375f,0.7784144938785553f,-0.6045901595095748f,1.7807489255694058f,-0.13259773712825554f,-0.6257809576352209f,-0.7686455835881787f,2.5113464892032775f,0f,0f,0f,1f], start_interpolation: 0, interpolation_duration: 1 }
$data merge entity $(bone_leftmidfinger) { transformation: [-0.9766658719155114f,-0.04968972510427593f,0.20893708587652648f,1.166265672857634f,-0.1689426374364375f,0.7784144938785553f,-0.6045901595095748f,1.6862817131460346f,-0.13259773712825554f,-0.6257809576352209f,-0.7686455835881787f,2.3912456167676246f,0f,0f,0f,1f], start_interpolation: 0, interpolation_duration: 1 }
$data merge entity $(bone_leftringfinger) { transformation: [-0.9766658719155114f,-0.04968972510427593f,0.20893708587652648f,1.1989120925258412f,-0.1689426374364375f,0.7784144938785553f,-0.6045901595095748f,1.5918145007226636f,-0.13259773712825554f,-0.6257809576352209f,-0.7686455835881787f,2.2711447443319717f,0f,0f,0f,1f], start_interpolation: 0, interpolation_duration: 1 }
$data merge entity $(bone_invisibility) { transformation: [-0.03129057379141631f,-0.21247276208332544f,0.9766658719155111f,0.9385303045883465f,0.722758887309604f,0.670132804801409f,0.1689426374364374f,1.853104708802715f,-0.6903915489103171f,0.7111802509221404f,0.13259773712825532f,2.4420597957375074f,0f,0f,0f,1f], start_interpolation: 0, interpolation_duration: 1 }
$data merge entity $(bone_swiftness) { transformation: [0.20893708587652626f,-0.04968972510427593f,0.9766658719155114f,0.9335670247932157f,-0.6045901595095748f,0.7784144938785553f,0.16894263743643737f,1.6255345351754975f,-0.7686455835881787f,-0.6257809576352209f,0.13259773712825537f,2.375773946014625f,0f,0f,0f,1f], start_interpolation: 0, interpolation_duration: 1 }
$data merge entity $(bone_suspicious_stew) { transformation: [0.0432664432485891f,-0.2103610931805834f,0.9766658719155116f,0.9800352140544581f,0.44997227506685866f,0.8769169498459795f,0.16894263743643761f,1.7032558744941124f,-0.8919938153147544f,0.4321630173310694f,0.13259773712825548f,2.327272231203875f,0f,0f,0f,1f], start_interpolation: 0, interpolation_duration: 1 }
$data merge entity $(bone_log) { transformation: [-0.9766658719155114f,-0.04968972510427593f,0.20893708587652648f,0.8920554988248067f,-0.1689426374364375f,0.7784144938785553f,-0.6045901595095748f,1.7563791502422545f,-0.13259773712825554f,-0.6257809576352209f,-0.7686455835881787f,2.2005883119130027f,0f,0f,0f,1f], start_interpolation: 0, interpolation_duration: 1 }
$data merge entity $(bone_planks) { transformation: [-0.9766658719155114f,-0.04968972510427593f,0.20893708587652648f,0.8004930733327275f,-0.1689426374364375f,0.7784144938785553f,-0.6045901595095748f,1.7405407779825883f,-0.13259773712825554f,-0.6257809576352209f,-0.7686455835881787f,2.188157274057229f,0f,0f,0f,1f], start_interpolation: 0, interpolation_duration: 1 }
$data merge entity $(bone_lefthand1) { transformation: [-0.9766658719155114f,-0.04968972510427593f,0.20893708587652648f,1.117270251593974f,-0.1689426374364375f,0.7784144938785553f,-0.6045901595095748f,2.012111875555677f,-0.13259773712825554f,-0.6257809576352209f,-0.7686455835881787f,2.101312681273392f,0f,0f,0f,1f], start_interpolation: 0, interpolation_duration: 1 }
$data merge entity $(bone_leftforearm) { transformation: [-0.9823482964410009f,-0.04968972510427593f,0.18034066568171628f,1.0181175722011908f,-0.15122358430839372f,0.7784144938785553f,-0.6092637386786734f,2.5595028384616154f,-0.11010564031140826f,-0.6257809576352209f,-0.7721884103201502f,1.6664942868279164f,0f,0f,0f,1f], start_interpolation: 0, interpolation_duration: 1 }
$data merge entity $(bone_leftelbow) { transformation: [-0.9934206283421f,-0.11429350669045023f,-0.007242203586410391f,0.9966875396967314f,-0.11258724623091249f,0.9862537524358492f,-0.12094481300306636f,2.7444254170433373f,0.02096585725714282f,-0.11933369236978636f,-0.9926328136299274f,1.6441192195085814f,0f,0f,0f,1f], start_interpolation: 0, interpolation_duration: 1 }
$data merge entity $(bone_leftarm) { transformation: [-0.9934206283421f,-0.11429350669045023f,-0.007242203586410391f,0.7224563427637473f,-0.11258724623091249f,0.9862537524358492f,-0.12094481300306636f,3.2167033585545957f,0.02096585725714282f,-0.11933369236978636f,-0.9926328136299274f,1.6200584300246235f,0f,0f,0f,1f], start_interpolation: 0, interpolation_duration: 1 }
$data merge entity $(bone_rightthumb2) { transformation: [-0.8791369377386893f,-0.06745653311681138f,0.4717709834689919f,-1.036522293789009f,-0.16579056165105482f,0.9713884068809516f,-0.17005308772472894f,1.5741695755994078f,-0.44680167230088474f,-0.2277151271153216f,-0.8651670858926533f,1.6740587116241594f,0f,0f,0f,1f], start_interpolation: 0, interpolation_duration: 1 }
$data merge entity $(bone_rightthumb) { transformation: [-0.8791369377386893f,-0.06745653311681138f,0.4717709834689919f,-1.0127491337921073f,-0.16579056165105482f,0.9713884068809516f,-0.17005308772472894f,1.7978629852296737f,-0.44680167230088474f,-0.2277151271153216f,-0.8651670858926533f,1.5442782683199088f,0f,0f,0f,1f], start_interpolation: 0, interpolation_duration: 1 }
$data merge entity $(bone_rightpointerfinger) { transformation: [-0.8791369377386893f,-0.06745653311681138f,0.4717709834689919f,-1.0646562965782138f,-0.16579056165105482f,0.9713884068809516f,-0.17005308772472894f,1.4530215830541806f,-0.44680167230088474f,-0.2277151271153216f,-0.8651670858926533f,1.5295736543454963f,0f,0f,0f,1f], start_interpolation: 0, interpolation_duration: 1 }
$data merge entity $(bone_rightmidfinger) { transformation: [-0.8791369377386893f,-0.06745653311681138f,0.4717709834689919f,-0.9909420804111838f,-0.16579056165105482f,0.9713884068809516f,-0.17005308772472894f,1.4264507880971917f,-0.44680167230088474f,-0.2277151271153216f,-0.8651670858926533f,1.3943912971747692f,0f,0f,0f,1f], start_interpolation: 0, interpolation_duration: 1 }
$data merge entity $(bone_rightringfinger) { transformation: [-0.8791369377386893f,-0.06745653311681138f,0.4717709834689919f,-0.9172278642441538f,-0.16579056165105482f,0.9713884068809516f,-0.17005308772472894f,1.3998799931402028f,-0.44680167230088474f,-0.2277151271153216f,-0.8651670858926533f,1.259208940004042f,0f,0f,0f,1f], start_interpolation: 0, interpolation_duration: 1 }
$data merge entity $(bone_hugeasssword) { transformation: [-3.002583770388862f,1.529684228805346f,-1.9962050595365608f,-0.7784948612303998f,-2.0821470249098377f,-3.25562071229639f,0.6370834498742154f,1.6704592556791453f,-1.4104723486244912f,1.5496056645445997f,3.309013118129751f,1.4803365919014646f,0f,0f,0f,1f], start_interpolation: 0, interpolation_duration: 1 }
$data merge entity $(bone_ice) { transformation: [-0.8791369377386893f,-0.06745653311681138f,0.4717709834689919f,-0.7637043382482825f,-0.16579056165105482f,0.9713884068809516f,-0.17005308772472894f,1.6578717893474282f,-0.44680167230088474f,-0.2277151271153216f,-0.8651670858926533f,1.490875916892343f,0f,0f,0f,1f], start_interpolation: 0, interpolation_duration: 1 }
$data merge entity $(bone_righthand1) { transformation: [-0.8791369377386893f,-0.06745653311681138f,0.4717709834689919f,-0.9856098627287517f,-0.16579056165105482f,0.9713884068809516f,-0.17005308772472894f,1.8539570916635046f,-0.44680167230088474f,-0.2277151271153216f,-0.8651670858926533f,1.2952102456041459f,0f,0f,0f,1f], start_interpolation: 0, interpolation_duration: 1 }
$data merge entity $(bone_rightforearm) { transformation: [-0.995679528163781f,-0.03260447570937455f,0.08694380575559511f,-0.9476634111666006f,-0.025234943351264298f,0.9960993655572358f,0.08455324695439413f,2.5545954975467278f,-0.08936148403875316f,0.0819939150192811f,-0.9926185183997942f,1.3739569742044968f,0f,0f,0f,1f], start_interpolation: 0, interpolation_duration: 1 }
$data merge entity $(bone_rightelbow) { transformation: [-0.9950264608449132f,-0.03254150718909825f,0.09414559218735567f,-0.9537649437645564f,-0.025310385310700213f,0.9967092001565763f,0.07700749780808297f,2.7414784725760857f,-0.09634171793086271f,0.07424163678893325f,-0.9925756660089095f,1.3878772811024218f,0f,0f,0f,1f], start_interpolation: 0, interpolation_duration: 1 }
$data merge entity $(bone_rightarm) { transformation: [-0.9950264608449132f,-0.059345512577640314f,0.08000282717093911f,-0.7682757500926437f,-0.025310385310700213f,0.927421857959831f,0.3731595929006235f,3.1990648110645723f,-0.09634171793086271f,0.36927876667259424f,-0.9243113468257856f,1.622476144824401f,0f,0f,0f,1f], start_interpolation: 0, interpolation_duration: 1 }
$data merge entity $(bone_chest1) { transformation: [-1.0832560837785783f,-0.011741280464783265f,-0.005432347637625611f,-0.028627721207957f,-0.012817235215600648f,1.0357961976880268f,0.31713256920027133f,3.086757300127589f,0.0017568577736071925f,0.31717422704120246f,-1.0358612524188218f,1.4691001813428084f,0f,0f,0f,1f], start_interpolation: 0, interpolation_duration: 1 }
$data merge entity $(bone_chest1lid) { transformation: [-0.9999286927186877f,-0.010838105044415323f,-0.005014474742423641f,-0.36066069274478524f,-0.01183129404516983f,0.9561195670966403f,0.29273775618486586f,2.314704502027907f,0.001621714867945101f,0.2927762095764946f,-0.956179617617374f,1.6437277712861575f,0f,0f,0f,1f], start_interpolation: 0, interpolation_duration: 1 }
$data merge entity $(bone_chest2) { transformation: [-0.9999286927186877f,-0.010838105044415323f,-0.005014474742423641f,-0.35896723883159537f,-0.01183129404516983f,0.9561195670966403f,0.29273775618486586f,2.165310819669057f,0.001621714867945101f,0.2927762095764946f,-0.956179617617374f,1.5979814885398302f,0f,0f,0f,1f], start_interpolation: 0, interpolation_duration: 1 }
$data merge entity $(bone_chest1lid3) { transformation: [-0.9999286927186877f,-0.010838105044415323f,-0.005014474742423641f,-0.30137754733173244f,-0.01183129404516983f,0.9561195670966403f,0.29273775618486586f,2.50297908296166f,0.001621714867945101f,0.2927762095764946f,-0.956179617617374f,1.0310738465707807f,0f,0f,0f,1f], start_interpolation: 0, interpolation_duration: 1 }
$data merge entity $(bone_chest3) { transformation: [-0.9999286927186877f,-0.010838105044415323f,-0.005014474742423641f,-0.2996840934185426f,-0.01183129404516983f,0.9561195670966403f,0.29273775618486586f,2.35358540060281f,0.001621714867945101f,0.2927762095764946f,-0.956179617617374f,0.9853275638244535f,0f,0f,0f,1f], start_interpolation: 0, interpolation_duration: 1 }
$data merge entity $(bone_hugeasssword2) { transformation: [0.019640026074491723f,2.858785363227972f,-2.677169829156731f,-1.2744956899227229f,-1.1465562117240577f,2.564116183735681f,2.7296510449944926f,4.259121860099676f,3.7450368356680483f,0.7700209224924075f,0.8497321084854746f,1.5574853734356815f,0f,0f,0f,1f], start_interpolation: 0, interpolation_duration: 1 }
$data merge entity $(bone_belt) { transformation: [-0.9999286927186877f,-0.010838105044415323f,-0.005014474742423641f,0.008372294571268736f,-0.01183129404516983f,0.9561195670966403f,0.29273775618486586f,2.667965030396144f,0.001621714867945101f,0.2927762095764946f,-0.956179617617374f,1.477592994677285f,0f,0f,0f,1f], start_interpolation: 0, interpolation_duration: 1 }
$data merge entity $(bone_torn_part) { transformation: [-0.9999286927186877f,-0.008828602858334273f,-0.00804147060344048f,-0.11201048941856964f,-0.01183129404516983f,0.8238394970634655f,0.5666996590429828f,2.3954207920258046f,0.001621714867945101f,0.5667543902342408f,-0.8238852051051172f,1.3893371316395564f,0f,0f,0f,1f], start_interpolation: 0, interpolation_duration: 1 }
$data merge entity $(bone_lowerbody) { transformation: [-0.9999286927186877f,-0.010838105044415323f,-0.005014474742423641f,-0.008363999030888556f,-0.01183129404516983f,0.9561195670966403f,0.29273775618486586f,1.8885546875f,0.001621714867945101f,0.2927762095764946f,-0.956179617617374f,1.380684386192154f,0f,0f,0f,1f], start_interpolation: 0, interpolation_duration: 1 }
$data merge entity $(bone_leftfoot) { transformation: [-0.9930868044320347f,-0.01994427207729358f,0.11567551544850108f,0.23867216916560388f,-0.041602845497619854f,0.9812923621798919f,-0.18797474078691762f,0.37712765038899754f,-0.10976248042692316f,-0.19148766523908173f,-0.9753382346405859f,2.2827807030054634f,0f,0f,0f,1f], start_interpolation: 0, interpolation_duration: 1 }
$data merge entity $(bone_leftlowerleg) { transformation: [-0.9930868044320347f,-0.01994427207729358f,0.11567551544850108f,0.1987734554615742f,-0.041602845497619854f,0.9812923621798919f,-0.18797474078691762f,1.494630361214734f,-0.10976248042692316f,-0.19148766523908173f,-0.9753382346405859f,2.2202055270286065f,0f,0f,0f,1f], start_interpolation: 0, interpolation_duration: 1 }
$data merge entity $(bone_leftleg) { transformation: [-0.9930868044320347f,0.08693924950648557f,0.07886802747767037f,0.258058574110644f,-0.041602845497619854f,0.3675870590511252f,-0.929058102200635f,1.9080859375f,-0.10976248042692316f,-0.925916476207975f,-0.36142893765875417f,1.242401480760184f,0f,0f,0f,1f], start_interpolation: 0, interpolation_duration: 1 }
$data merge entity $(bone_rightfoot) { transformation: [-0.9867624941433635f,-0.07980327885855412f,0.14117796157826012f,-0.3170056074480207f,0.007606828340535304f,0.8468096568872062f,0.5318416504610836f,0.3439378212014079f,-0.1619935687444612f,0.5258753100174941f,-0.8349929592514165f,1.2371890841409887f,0f,0f,0f,1f], start_interpolation: 0, interpolation_duration: 1 }
$data merge entity $(bone_rightlowerleg) { transformation: [-0.9867624941433635f,-0.07980327885855412f,0.14117796157826012f,-0.42722874607464695f,0.007606828340535304f,0.8468096568872062f,0.5318416504610836f,1.2016521415245276f,-0.1619935687444612f,0.5258753100174941f,-0.8349929592514165f,1.9488750212864296f,0f,0f,0f,1f], start_interpolation: 0, interpolation_duration: 1 }
$data merge entity $(bone_rightleg) { transformation: [-0.9715423354230088f,0.15424517433645937f,0.17976072061137602f,-0.2376638565762612f,-0.03879889832116572f,0.6450324364290487f,-0.7631695758109523f,1.9080859375f,-0.2336667198594395f,-0.7484260699282997f,-0.6206917768762606f,1.1771383846501582f,0f,0f,0f,1f], start_interpolation: 0, interpolation_duration: 1 }
data modify entity @s data merge value {"locators":{"lefthand":{"posx":0.9842352921238366,"posy":1.7208506114099955,"posz":2.2739185743275936,"roty":15.206990262905123,"rotx":-37.199355828678215},"righthand":{"posx":-0.8524408394480375,"posy":1.6298080598308258,"posz":1.4660645446923846,"roty":28.603398553842595,"rotx":-9.790905702443341},"chest":{"posx":-0.3904475711484646,"posy":2.2088370267415702,"posz":1.7748830020299646,"roty":359.69952757821966,"rotx":17.021932790359834},"sack":{"posx":0,"posy":-0.4375,"posz":0,"roty":0,"rotx":0}},"cameras":{}}