# This file was generated by Animated Java via MC-Build. It is not recommended to edit this file directly.
$data merge entity $(bone_nose) { transformation: [-0.9985358944296384f,0.006038919755315756f,0.05375499031523452f,-0.018389757898181924f,0.00048754647026410104f,0.9947131724003896f,-0.10269112401562265f,3.980000853845729f,-0.054090940406332666f,-0.1025145653131374f,-0.993259751557777f,0.6218195074197783f,0f,0f,0f,1f], start_interpolation: 0, interpolation_duration: 1 }
$data merge entity $(bone_glowing_eye) { transformation: [-0.9985358944296384f,0.006038919755315756f,0.05375499031523452f,-0.14467367475214787f,0.00048754647026410104f,0.9947131724003896f,-0.10269112401562265f,4.050995431925022f,-0.054090940406332666f,-0.1025145653131374f,-0.993259751557777f,0.6427774906843975f,0f,0f,0f,1f], start_interpolation: 0, interpolation_duration: 1 }
$data merge entity $(bone_head) { transformation: [-0.9985358944296384f,0.006038919755315756f,0.05375499031523452f,-0.009069534126464837f,0.00048754647026410104f,0.9947131724003896f,-0.10269112401562265f,3.8379473533688477f,-0.054090940406332666f,-0.1025145653131374f,-0.993259751557777f,0.44848483080867635f,0f,0f,0f,1f], start_interpolation: 0, interpolation_duration: 1 }
$data merge entity $(bone_leftthumb2) { transformation: [-0.9881540349926174f,0.004054063336908387f,0.15341175867015358f,0.9255208114313755f,-0.07674468348342349f,0.8526239619631463f,-0.516858426499265f,1.9155013949090973f,-0.13289791828632325f,-0.5225092765269602f,-0.8422126805376622f,1.3687122647970402f,0f,0f,0f,1f], start_interpolation: 0, interpolation_duration: 1 }
$data merge entity $(bone_leftthumb) { transformation: [-0.9881540349926174f,0.004054063336908387f,0.15341175867015358f,0.9396252254258319f,-0.07674468348342349f,0.8526239619631463f,-0.516858426499265f,2.0804315979182832f,-0.13289791828632325f,-0.5225092765269602f,-0.8422126805376622f,1.1685973934013298f,0f,0f,0f,1f], start_interpolation: 0, interpolation_duration: 1 }
$data merge entity $(bone_leftpointerfinger) { transformation: [-0.9881540349926174f,0.004054063336908387f,0.15341175867015358f,1.0535655096583896f,-0.07674468348342349f,0.8526239619631463f,-0.516858426499265f,1.784830571412972f,-0.13289791828632325f,-0.5225092765269602f,-0.8422126805376622f,1.3151027401741022f,0f,0f,0f,1f], start_interpolation: 0, interpolation_duration: 1 }
$data merge entity $(bone_leftmidfinger) { transformation: [-0.9881540349926174f,0.004054063336908387f,0.15341175867015358f,1.0775360969506012f,-0.07674468348342349f,0.8526239619631463f,-0.516858426499265f,1.7040714422724619f,-0.13289791828632325f,-0.5225092765269602f,-0.8422126805376622f,1.1835070088400925f,0f,0f,0f,1f], start_interpolation: 0, interpolation_duration: 1 }
$data merge entity $(bone_leftringfinger) { transformation: [-0.9881540349926174f,0.004054063336908387f,0.15341175867015358f,1.1015066842428127f,-0.07674468348342349f,0.8526239619631463f,-0.516858426499265f,1.6233123131319518f,-0.13289791828632325f,-0.5225092765269602f,-0.8422126805376622f,1.0519112775060828f,0f,0f,0f,1f], start_interpolation: 0, interpolation_duration: 1 }
$data merge entity $(bone_invisibility) { transformation: [0.017409352175077754f,-0.152474645710863f,0.9881540349926172f,0.863935923816306f,0.8043322903167349f,0.589202698831959f,0.0767446834834234f,1.8798485149276514f,-0.5939246427036675f,0.7934681229290073f,0.132897918286323f,1.2593540746420824f,0f,0f,0f,1f], start_interpolation: 0, interpolation_duration: 1 }
$data merge entity $(bone_swiftness) { transformation: [0.15341175867015336f,0.004054063336908387f,0.9881540349926174f,0.8406854898550488f,-0.516858426499265f,0.8526239619631463f,0.07674468348342338f,1.6634807845369184f,-0.8422126805376622f,-0.5225092765269602f,0.13289791828632305f,1.165274031536716f,0f,0f,0f,1f], start_interpolation: 0, interpolation_duration: 1 }
$data merge entity $(bone_suspicious_stew) { transformation: [0.06850883995114386f,-0.13732495030531647f,0.9881540349926177f,0.8925105943480423f,0.5543059263680876f,0.828767273455127f,0.0767446834834236f,1.7429708117420166f,-0.8294886851800722f,0.5424819485230794f,0.13289791828632322f,1.125931819378472f,0f,0f,0f,1f], start_interpolation: 0, interpolation_duration: 1 }
$data merge entity $(bone_log) { transformation: [-0.9881540349926174f,0.004054063336908387f,0.15341175867015358f,0.8075690876722614f,-0.07674468348342349f,0.8526239619631463f,-0.516858426499265f,1.818126254168686f,-0.13289791828632325f,-0.5225092765269602f,-0.8422126805376622f,1.008680260573056f,0f,0f,0f,1f], start_interpolation: 0, interpolation_duration: 1 }
$data merge entity $(bone_planks) { transformation: [-0.9881540349926174f,0.004054063336908387f,0.15341175867015358f,0.7149296468917035f,-0.07674468348342349f,0.8526239619631463f,-0.516858426499265f,1.810931440092115f,-0.13289791828632325f,-0.5225092765269602f,-0.8422126805376622f,0.9962210807337133f,0f,0f,0f,1f], start_interpolation: 0, interpolation_duration: 1 }
$data merge entity $(bone_lefthand1) { transformation: [-0.9881540349926174f,0.004054063336908387f,0.15341175867015358f,1.0508269947962006f,-0.07674468348342349f,0.8526239619631463f,-0.516858426499265f,2.0666202413584305f,-0.13289791828632325f,-0.5225092765269602f,-0.8422126805376622f,0.9375965672796989f,0f,0f,0f,1f], start_interpolation: 0, interpolation_duration: 1 }
$data merge entity $(bone_leftforearm) { transformation: [-0.9881540349926174f,0.004054063336908387f,0.15341175867015358f,0.9895208221637045f,-0.07674468348342349f,0.8526239619631463f,-0.516858426499265f,2.6694008348101046f,-0.13289791828632325f,-0.5225092765269602f,-0.8422126805376622f,0.5750606854621858f,0f,0f,0f,1f], start_interpolation: 0, interpolation_duration: 1 }
$data merge entity $(bone_leftelbow) { transformation: [-0.9974987282735833f,-0.042022395209603595f,0.056836655368098496f,0.9816416230619038f,-0.04971543005635906f,0.9886845669263181f,-0.1415316329872217f,2.8547791911087894f,-0.05024602578209926f,-0.14400328267982726f,-0.9883007596225647f,0.5480600699597182f,0f,0f,0f,1f], start_interpolation: 0, interpolation_duration: 1 }
$data merge entity $(bone_leftarm) { transformation: [-0.9974987282735833f,-0.042022395209603595f,0.056836655368098496f,0.7406514331670025f,-0.04971543005635906f,0.9886845669263181f,-0.1415316329872217f,3.3426690877779706f,-0.05024602578209926f,-0.14400328267982726f,-0.9883007596225647f,0.49595150921817555f,0f,0f,0f,1f], start_interpolation: 0, interpolation_duration: 1 }
$data merge entity $(bone_rightthumb2) { transformation: [-0.9256952063505685f,-0.038109775751758376f,0.37634562563118695f,-1.0000069876788829f,-0.15815905337358985f,0.9427675990498963f,-0.2935557323876744f,1.7271645000708964f,-0.3436191187573077f,-0.3312656021591204f,-0.8787428532003014f,0.6896716936620715f,0f,0f,0f,1f], start_interpolation: 0, interpolation_duration: 1 }
$data merge entity $(bone_rightthumb) { transformation: [-0.9256952063505685f,-0.038109775751758376f,0.37634562563118695f,-0.9771915680563062f,-0.15815905337358985f,0.9427675990498963f,-0.2935557323876744f,1.9332846439803708f,-0.3436191187573077f,-0.3312656021591204f,-0.8787428532003014f,0.5333361218471987f,0f,0f,0f,1f], start_interpolation: 0, interpolation_duration: 1 }
$data merge entity $(bone_rightpointerfinger) { transformation: [-0.9256952063505685f,-0.038109775751758376f,0.37634562563118695f,-1.048293509880892f,-0.15815905337358985f,0.9427675990498963f,-0.2935557323876744f,1.592879954123715f,-0.3436191187573077f,-0.3312656021591204f,-0.8787428532003014f,0.5632582351978154f,0f,0f,0f,1f], start_interpolation: 0, interpolation_duration: 1 }
$data merge entity $(bone_rightmidfinger) { transformation: [-0.9256952063505685f,-0.038109775751758376f,0.37634562563118695f,-0.9894895058760191f,-0.15815905337358985f,0.9427675990498963f,-0.2935557323876744f,1.5470118709381409f,-0.3436191187573077f,-0.3312656021591204f,-0.8787428532003014f,0.4259546643852683f,0f,0f,0f,1f], start_interpolation: 0, interpolation_duration: 1 }
$data merge entity $(bone_rightringfinger) { transformation: [-0.9256952063505685f,-0.038109775751758376f,0.37634562563118695f,-0.9306855018711462f,-0.15815905337358985f,0.9427675990498963f,-0.2935557323876744f,1.5011437877525666f,-0.3436191187573077f,-0.3312656021591204f,-0.8787428532003014f,0.2886510935727212f,0f,0f,0f,1f], start_interpolation: 0, interpolation_duration: 1 }
$data merge entity $(bone_hugeasssword) { transformation: [-3.2299437626541656f,1.4994481106314557f,-1.6307655967038894f,-0.7572231652892125f,-2.0311537598110725f,-3.155408608814606f,1.1216455292122334f,1.7851093463660683f,-0.8843955403972695f,1.7706862095583746f,3.3797622184383016f,0.4636705244478616f,0f,0f,0f,1f], start_interpolation: 0, interpolation_duration: 1 }
$data merge entity $(bone_ice) { transformation: [-0.9256952063505685f,-0.038109775751758376f,0.37634562563118695f,-0.7421637124438637f,-0.15815905337358985f,0.9427675990498963f,-0.2935557323876744f,1.772849837839876f,-0.3436191187573077f,-0.3312656021591204f,-0.8787428532003014f,0.47421559821218073f,0f,0f,0f,1f], start_interpolation: 0, interpolation_duration: 1 }
$data merge entity $(bone_righthand1) { transformation: [-0.9256952063505685f,-0.038109775751758376f,0.37634562563118695f,-0.9713541571684708f,-0.15815905337358985f,0.9427675990498963f,-0.2935557323876744f,1.9598283576218378f,-0.3436191187573077f,-0.3312656021591204f,-0.8787428532003014f,0.2780337038205643f,0f,0f,0f,1f], start_interpolation: 0, interpolation_duration: 1 }
$data merge entity $(bone_rightforearm) { transformation: [-0.9886222192930645f,-0.01990687366536376f,0.14909669312539245f,-0.9258919248386974f,-0.032712402776652154f,0.9959342318738179f,-0.08393392929254696f,2.663450607226853f,-0.1468196384160998f,-0.08785625852936968f,-0.9852539122543924f,0.24083059182208236f,0f,0f,0f,1f], start_interpolation: 0, interpolation_duration: 1 }
$data merge entity $(bone_rightelbow) { transformation: [-0.987666271066522f,-0.019419230318657332f,0.1553648302911006f,-0.9295330305234457f,-0.03381924099026854f,0.9953142344622314f,-0.09058605640883316f,2.8500720261885215f,-0.1528777156304793f,-0.09472311318096077f,-0.9836950421207342f,0.22307000810065222f,0f,0f,0f,1f], start_interpolation: 0, interpolation_duration: 1 }
$data merge entity $(bone_rightarm) { transformation: [-0.987666271066522f,-0.0652395546329185f,0.14233459702001477f,-0.7505487672009787f,-0.03381924099026854f,0.9764878092439825f,0.21290330513340955f,3.339060661491715f,-0.1528777156304793f,0.20546376544097988f,-0.9666504255181498f,0.3894517169127517f,0f,0f,0f,1f], start_interpolation: 0, interpolation_duration: 1 }
$data merge entity $(bone_chest1) { transformation: [-1.0805778576047773f,-0.007950000013038853f,0.07680756645782749f,-0.0007779451402961141f,-0.002614796822562523f,1.0807257358097018f,0.07507434919641984f,3.188566198861581f,-0.07717361986428795f,0.07469800914001624f,-1.0779960811332625f,0.3217779787707439f,0f,0f,0f,1f], start_interpolation: 0, interpolation_duration: 1 }
$data merge entity $(bone_chest1lid) { transformation: [-0.9974564839428713f,-0.007338461550497403f,0.07089929211491769f,-0.3640651951196014f,-0.002413658605442329f,0.9975929869012633f,0.0692993992582337f,2.4788196099389492f,-0.07123718756703504f,0.06895200843693808f,-0.9950733056614731f,0.6397219454153538f,0f,0f,0f,1f], start_interpolation: 0, interpolation_duration: 1 }
$data merge entity $(bone_chest2) { transformation: [-0.9974564839428713f,-0.007338461550497403f,0.07089929211491769f,-0.3629185605023362f,-0.002413658605442329f,0.9975929869012633f,0.0692993992582337f,2.3229457057356266f,-0.07123718756703504f,0.06895200843693808f,-0.9950733056614731f,0.6289481940970822f,0f,0f,0f,1f], start_interpolation: 0, interpolation_duration: 1 }
$data merge entity $(bone_chest1lid3) { transformation: [-0.9974564839428713f,-0.007338461550497403f,0.07089929211491769f,-0.25630430586205283f,-0.002413658605442329f,0.9975929869012633f,0.0692993992582337f,2.523365391251595f,-0.07123718756703504f,0.06895200843693808f,-0.9950733056614731f,0.006705433198912258f,0f,0f,0f,1f], start_interpolation: 0, interpolation_duration: 1 }
$data merge entity $(bone_chest3) { transformation: [-0.9974564839428713f,-0.007338461550497403f,0.07089929211491769f,-0.2551576712447876f,-0.002413658605442329f,0.9975929869012633f,0.0692993992582337f,2.3674914870482726f,-0.07123718756703504f,0.06895200843693808f,-0.9950733056614731f,-0.004068318119359315f,0f,0f,0f,1f], start_interpolation: 0, interpolation_duration: 1 }
$data merge entity $(bone_hugeasssword2) { transformation: [-0.27768889411676184f,2.8609067136030655f,-2.6605223983125748f,-1.2194275041645362f,-0.27142264709474845f,2.6466623899568003f,2.8743322212315703f,4.361459745605897f,3.8973704471741035f,0.3881607237045542f,0.01061262667142588f,0.05038973395372609f,0f,0f,0f,1f], start_interpolation: 0, interpolation_duration: 1 }
$data merge entity $(bone_belt) { transformation: [-0.9974564839428713f,-0.007338461550497403f,0.07089929211491769f,0.024811574023125744f,-0.002413658605442329f,0.9975929869012633f,0.0692993992582337f,2.782200826245859f,-0.07123718756703504f,0.06895200843693808f,-0.9950733056614731f,0.426851546715697f,0f,0f,0f,1f], start_interpolation: 0, interpolation_duration: 1 }
$data merge entity $(bone_torn_part) { transformation: [-0.9974564839428713f,-0.027683077915253134f,0.065682644872619f,-0.09597046914931036f,-0.002413658605442329f,0.9340883631423201f,0.35703375763957845f,2.498498721935225f,-0.07123718756703504f,0.35596710106306023f,-0.9317793118911261f,0.39462072813974264f,0f,0f,0f,1f], start_interpolation: 0, interpolation_duration: 1 }
$data merge entity $(bone_lowerbody) { transformation: [-0.9974564839428713f,-0.006650668416684665f,0.07096711386223813f,-0.005294963088307269f,-0.002413658605442329f,0.9982180269665204f,0.059623358603851144f,2.0029387499999998f,-0.07123718756703504f,0.059300415248785314f,-0.9956950958294717f,0.5126418267059094f,0f,0f,0f,1f], start_interpolation: 0, interpolation_duration: 1 }
$data merge entity $(bone_leftfoot) { transformation: [-0.9901910262351552f,-0.08378193369496909f,0.11181376994673761f,0.34661154278754597f,-0.029835413080872515f,0.9086004698205354f,0.41659936914041995f,0.18108480094052282f,-0.1364975446286997f,0.40917694684358014f,-0.902187700249844f,0.34306886715896645f,0f,0f,0f,1f], start_interpolation: 0, interpolation_duration: 1 }
$data merge entity $(bone_leftlowerleg) { transformation: [-0.9901910262351552f,-0.08378193369496909f,0.11181376994673761f,0.23648626352761692f,-0.029835413080872515f,0.9086004698205354f,0.41659936914041995f,1.1250547767014938f,-0.1364975446286997f,0.40917694684358014f,-0.902187700249844f,0.9356167356357631f,0f,0f,0f,1f], start_interpolation: 0, interpolation_duration: 1 }
$data merge entity $(bone_leftleg) { transformation: [-0.9901910262351552f,0.051099919473284156f,0.1300404928981509f,0.2564499601371407f,-0.029835413080872515f,0.8319228937353409f,-0.5540885732491786f,2.0224699999999998f,-0.1364975446286997f,-0.5525333447936338f,-0.8222379966904324f,0.36569712765294293f,0f,0f,0f,1f], start_interpolation: 0, interpolation_duration: 1 }
$data merge entity $(bone_rightfoot) { transformation: [-0.9851608911908488f,0.08523628476563969f,0.1489724613054474f,-0.5178705194380537f,0.04609341695715142f,0.9674744726121474f,-0.24873387738115094f,0.08323515967563999f,-0.16532820503854273f,-0.23817623853608483f,-0.9570468452565608f,1.0690295190306918f,0f,0f,0f,1f], start_interpolation: 0, interpolation_duration: 1 }
$data merge entity $(bone_rightlowerleg) { transformation: [-0.9851608911908488f,0.08523628476563969f,0.1489724613054474f,-0.44620048295123604f,0.04609341695715142f,0.9674744726121474f,-0.24873387738115094f,1.1947440247786412f,-0.16532820503854273f,-0.23817623853608483f,-0.9570468452565608f,0.9518488150984452f,0f,0f,0f,1f], start_interpolation: 0, interpolation_duration: 1 }
$data merge entity $(bone_rightleg) { transformation: [-0.9680324522315913f,0.1690623697638815f,0.18528649858074478f,-0.24114590878010214f,0.009743059127411004f,0.7634956995208898f,-0.6457394130854542f,2.0224699999999998f,-0.25063568027184696f,-0.6232914502405176f,-0.740735798940311f,0.3167241633104193f,0f,0f,0f,1f], start_interpolation: 0, interpolation_duration: 1 }
data modify entity @s data merge value {"locators":{"lefthand":{"posx":0.8974947460254021,"posy":1.7667857341309372,"posz":1.0751200507744687,"roty":10.32342782544768,"rotx":-31.12175589438839},"righthand":{"posx":-0.8342325731935956,"posy":1.7478784911695047,"posz":0.4609076879436741,"roty":23.18435218749846,"rotx":-17.070952956824506},"chest":{"posx":-0.4058550707888659,"posy":2.405566590292101,"posz":0.7886664867861806,"roty":4.075455477715565,"rotx":3.973748031165226},"sack":{"posx":0,"posy":-0.4375,"posz":0,"roty":0,"rotx":0}},"cameras":{}}