# This file was generated by Animated Java via MC-Build. It is not recommended to edit this file directly.
$data merge entity $(bone_nose) { transformation: [-0.9980459261743051f,0.010263840631266338f,0.06163588907746345f,-0.005095989454644999f,0.002489078370418155f,0.9921644149658375f,-0.1249142832680202f,4.047706524008926f,-0.062435036123472606f,-0.1245167749782865f,-0.9902511999554796f,0.23110415446786528f,0f,0f,0f,1f], start_interpolation: 0, interpolation_duration: 1 }
$data merge entity $(bone_glowing_eye) { transformation: [-0.9980459261743051f,0.010263840631266338f,0.06163588907746345f,-0.13130760769378005f,0.002489078370418155f,0.9921644149658375f,-0.1249142832680202f,4.1195542130203515f,-0.062435036123472606f,-0.1245167749782865f,-0.9902511999554796f,0.2494244121170509f,0f,0f,0f,1f], start_interpolation: 0, interpolation_duration: 1 }
$data merge entity $(bone_head) { transformation: [-0.9980459261743051f,0.010263840631266338f,0.06163588907746345f,0.005178291987908628f,0.002489078370418155f,0.9921644149658375f,-0.1249142832680202f,3.901806338449388f,-0.062435036123472606f,-0.1245167749782865f,-0.9902511999554796f,0.06104960827959894f,0f,0f,0f,1f], start_interpolation: 0, interpolation_duration: 1 }
$data merge entity $(bone_leftthumb2) { transformation: [-0.9924133691100583f,0.0006036889400205248f,0.12294446051484674f,0.9357956424923842f,-0.04636434840027831f,0.9243189916460176f,-0.37879380786901334f,1.856333592963824f,-0.11386857340390555f,-0.3816202788665103f,-0.9172785349874957f,0.8658979525300264f,0f,0f,0f,1f], start_interpolation: 0, interpolation_duration: 1 }
$data merge entity $(bone_leftthumb) { transformation: [-0.9924133691100583f,0.0006036889400205248f,0.12294446051484674f,0.9464502189117048f,-0.04636434840027831f,0.9243189916460176f,-0.37879380786901334f,2.0506451214366064f,-0.11386857340390555f,-0.3816202788665103f,-0.9172785349874957f,0.6939201108864124f,0f,0f,0f,1f], start_interpolation: 0, interpolation_duration: 1 }
$data merge entity $(bone_leftpointerfinger) { transformation: [-0.9924133691100583f,0.0006036889400205248f,0.12294446051484674f,1.0605603673113067f,-0.04636434840027831f,0.9243189916460176f,-0.37879380786901334f,1.7346680931651772f,-0.11386857340390555f,-0.3816202788665103f,-0.9172785349874957f,0.7885962087779994f,0f,0f,0f,1f], start_interpolation: 0, interpolation_duration: 1 }
$data merge entity $(bone_leftmidfinger) { transformation: [-0.9924133691100583f,0.0006036889400205248f,0.12294446051484674f,1.0797704392667513f,-0.04636434840027831f,0.9243189916460176f,-0.37879380786901334f,1.675481560685644f,-0.11386857340390555f,-0.3816202788665103f,-0.9172785349874957f,0.6452714376862032f,0f,0f,0f,1f], start_interpolation: 0, interpolation_duration: 1 }
$data merge entity $(bone_leftringfinger) { transformation: [-0.9924133691100583f,0.0006036889400205248f,0.12294446051484674f,1.0989805112221962f,-0.04636434840027831f,0.9243189916460176f,-0.37879380786901334f,1.6162950282061106f,-0.11386857340390555f,-0.3816202788665103f,-0.9172785349874957f,0.501946666594407f,0f,0f,0f,1f], start_interpolation: 0, interpolation_duration: 1 }
$data merge entity $(bone_invisibility) { transformation: [0.011316707494226442f,-0.12242400476668415f,0.9924133691100581f,0.8707068746898964f,0.8877876231502335f,0.4579120913217695f,0.04636434840027827f,1.8389094740473149f,-0.46011419051442976f,0.8805276143757276f,0.11386857340390528f,0.7541710874821017f,0f,0f,0f,1f], start_interpolation: 0, interpolation_duration: 1 }
$data merge entity $(bone_swiftness) { transformation: [0.12294446051484652f,0.0006036889400205248f,0.9924133691100583f,0.8419892218116702f,-0.37879380786901334f,0.9243189916460176f,0.04636434840027823f,1.640302445566745f,-0.9172785349874957f,-0.3816202788665103f,0.11386857340390534f,0.6279285566305103f,0f,0f,0f,1f], start_interpolation: 0, interpolation_duration: 1 }
$data merge entity $(bone_suspicious_stew) { transformation: [0.052505702180721106f,-0.11117039196716187f,0.9924133691100585f,0.8937306631173667f,0.6776323191949071f,0.7339378632963074f,0.04636434840027842f,1.724558182338468f,-0.7335240904162871f,0.6700569802411721f,0.11386857340390553f,0.6000698127438139f,0f,0f,0f,1f], start_interpolation: 0, interpolation_duration: 1 }
$data merge entity $(bone_log) { transformation: [-0.9924133691100583f,0.0006036889400205248f,0.12294446051484674f,0.8065303924674347f,-0.04636434840027831f,0.9243189916460176f,-0.37879380786901334f,1.8179954388878339f,-0.11386857340390555f,-0.3816202788665103f,-0.9172785349874957f,0.4986946678013451f,0f,0f,0f,1f], start_interpolation: 0, interpolation_duration: 1 }
$data merge entity $(bone_planks) { transformation: [-0.9924133691100583f,0.0006036889400205248f,0.12294446051484674f,0.7134916391133668f,-0.04636434840027831f,0.9243189916460176f,-0.37879380786901334f,1.813648781225308f,-0.11386857340390555f,-0.3816202788665103f,-0.9172785349874957f,0.4880194890447289f,0f,0f,0f,1f], start_interpolation: 0, interpolation_duration: 1 }
$data merge entity $(bone_lefthand1) { transformation: [-0.9924133691100583f,0.0006036889400205248f,0.12294446051484674f,1.0509426425888655f,-0.04636434840027831f,0.9243189916460176f,-0.37879380786901334f,2.0725035803953147f,-0.11386857340390555f,-0.3816202788665103f,-0.9172785349874957f,0.4604216956540532f,0f,0f,0f,1f], start_interpolation: 0, interpolation_duration: 1 }
$data merge entity $(bone_leftforearm) { transformation: [-0.9924133691100583f,0.0006036889400205248f,0.12294446051484674f,0.9874202686098944f,-0.04636434840027831f,0.9243189916460176f,-0.37879380786901334f,2.7254362528693568f,-0.11386857340390555f,-0.3816202788665103f,-0.9172785349874957f,0.19931062834747368f,0f,0f,0f,1f], start_interpolation: 0, interpolation_duration: 1 }
$data merge entity $(bone_leftelbow) { transformation: [-0.9978443176908804f,-0.022596070902979555f,0.06161278464546749f,0.9831835053155857f,-0.029693759014153283f,0.9927074729168448f,-0.11683387304485478f,2.9115689040412653f,-0.05852348526558057f,-0.11841153151107947f,-0.991238473263407f,0.17710846618914627f,0f,0f,0f,1f], start_interpolation: 0, interpolation_duration: 1 }
$data merge entity $(bone_leftarm) { transformation: [-0.9978443176908804f,-0.022596070902979555f,0.06161278464546749f,0.751681625849045f,-0.029693759014153283f,0.9927074729168448f,-0.11683387304485478f,3.4050781892479933f,-0.05852348526558057f,-0.11841153151107947f,-0.991238473263407f,0.13607689032124226f,0f,0f,0f,1f], start_interpolation: 0, interpolation_duration: 1 }
$data merge entity $(bone_rightthumb2) { transformation: [-0.9528556583455959f,-0.027522860474320954f,0.30217310686110327f,-0.9863692713108234f,-0.12638527321058882f,0.9413752736423433f,-0.31279283382182527f,1.796863697222301f,-0.2758493376360826f,-0.33623665226461286f,-0.9004732403573246f,0.37958382374647426f,0f,0f,0f,1f], start_interpolation: 0, interpolation_duration: 1 }
$data merge entity $(bone_rightthumb) { transformation: [-0.9528556583455959f,-0.027522860474320954f,0.30217310686110327f,-0.9672960881411143f,-0.12638527321058882f,0.9413752736423433f,-0.31279283382182527f,2.000998429172205f,-0.2758493376360826f,-0.33623665226461286f,-0.9004732403573246f,0.22017211461563385f,0f,0f,0f,1f], start_interpolation: 0, interpolation_duration: 1 }
$data merge entity $(bone_rightpointerfinger) { transformation: [-0.9528556583455959f,-0.027522860474320954f,0.30217310686110327f,-1.0483193727954132f,-0.12638527321058882f,0.9413752736423433f,-0.31279283382182527f,1.6636241141655046f,-0.2758493376360826f,-0.33623665226461286f,-0.9004732403573246f,0.25811906169426385f,0f,0f,0f,1f], start_interpolation: 0, interpolation_duration: 1 }
$data merge entity $(bone_rightmidfinger) { transformation: [-0.9528556583455959f,-0.027522860474320954f,0.30217310686110327f,-1.0011048248483658f,-0.12638527321058882f,0.9413752736423433f,-0.31279283382182527f,1.6147502338808444f,-0.2758493376360826f,-0.33623665226461286f,-0.9004732403573246f,0.11742011788843186f,0f,0f,0f,1f], start_interpolation: 0, interpolation_duration: 1 }
$data merge entity $(bone_rightringfinger) { transformation: [-0.9528556583455959f,-0.027522860474320954f,0.30217310686110327f,-0.9538902769013184f,-0.12638527321058882f,0.9413752736423433f,-0.31279283382182527f,1.5658763535961844f,-0.2758493376360826f,-0.33623665226461286f,-0.9004732403573246f,-0.023278825917400117f,0f,0f,0f,1f], start_interpolation: 0, interpolation_duration: 1 }
$data merge entity $(bone_hugeasssword) { transformation: [-3.3557064435834647f,1.5066588989844238f,-1.345173224674516f,-0.758314576428868f,-1.9172383397899981f,-3.1966913436077413f,1.2023474455914966f,1.844425562564474f,-0.6353811381442519f,1.6886151703665777f,3.4763698585559246f,0.13646442258735003f,0f,0f,0f,1f], start_interpolation: 0, interpolation_duration: 1 }
$data merge entity $(bone_ice) { transformation: [-0.9528556583455959f,-0.027522860474320954f,0.30217310686110327f,-0.7429961620723068f,-0.12638527321058882f,0.9413752736423433f,-0.31279283382182527f,1.831691343807728f,-0.2758493376360826f,-0.33623665226461286f,-0.9004732403573246f,0.1460282661795484f,0f,0f,0f,1f], start_interpolation: 0, interpolation_duration: 1 }
$data merge entity $(bone_righthand1) { transformation: [-0.9528556583455959f,-0.027522860474320954f,0.30217310686110327f,-0.9786478821878766f,-0.12638527321058882f,0.9413752736423433f,-0.31279283382182527f,2.0256640678587345f,-0.2758493376360826f,-0.33623665226461286f,-0.9004732403573246f,-0.03513302005679188f,0f,0f,0f,1f], start_interpolation: 0, interpolation_duration: 1 }
$data merge entity $(bone_rightforearm) { transformation: [-0.9911156159871919f,-0.010424220583244014f,0.13259400956137032f,-0.9261044676856669f,-0.026417226720062515f,0.9924903072810825f,-0.11943667814169676f,2.7270260899317136f,-0.13035323501451626f,-0.12187832284017655f,-0.983948021260735f,-0.09730745078318476f,0f,0f,0f,1f], start_interpolation: 0, interpolation_duration: 1 }
$data merge entity $(bone_rightelbow) { transformation: [-0.9904677450407842f,-0.010138384835410005f,0.1373712458513535f,-0.9280054148423063f,-0.027427599957828386f,0.9918332786774029f,-0.1245571116740691f,2.9129948296837265f,-0.13498656523660865f,-0.1271375651055277f,-0.9826569425514993f,-0.1211457442404712f,0f,0f,0f,1f], start_interpolation: 0, interpolation_duration: 1 }
$data merge entity $(bone_rightarm) { transformation: [-0.9904677450407842f,-0.0509774797833686f,0.1279646145962239f,-0.740828229712451f,-0.027427599957828386f,0.9833832560407231f,0.17945779029983336f,3.4050781892479933f,-0.13498656523660865f,0.17423739063037502f,-0.9754075860438758f,0.02598274928409555f,0f,0f,0f,1f], start_interpolation: 0, interpolation_duration: 1 }
$data merge entity $(bone_chest1) { transformation: [-1.0803979947352476f,-0.0013630539213319497f,0.07968328662382262f,0.00969466490366623f,0f,1.0831748701379207f,0.018528675419724926f,3.2466835717608773f,-0.07969494389963976f,0.018478471170988692f,-1.0802399609027278f,-0.03175676850855928f,0f,0f,0f,1f], start_interpolation: 0, interpolation_duration: 1 }
$data merge entity $(bone_chest1lid) { transformation: [-0.9972904566786902f,-0.0012582036196910305f,0.07355380303737473f,-0.3587302089434199f,0f,0.9998537262811577f,0.0171033926951307f,2.556641278502761f,-0.07356456359966747f,0.017057050311681872f,-0.9971445792948258f,0.3216706756102941f,0f,0f,0f,1f], start_interpolation: 0, interpolation_duration: 1 }
$data merge entity $(bone_chest2) { transformation: [-0.9972904566786902f,-0.0012582036196910305f,0.07355380303737473f,-0.35853361462784317f,0f,0.9998537262811577f,0.0171033926951307f,2.40041413377133f,-0.07356456359966747f,0.017057050311681872f,-0.9971445792948258f,0.31900551149909384f,0f,0f,0f,1f], start_interpolation: 0, interpolation_duration: 1 }
$data merge entity $(bone_chest1lid3) { transformation: [-0.9972904566786902f,-0.0012582036196910305f,0.07355380303737473f,-0.24927915033018352f,0f,0.9998537262811577f,0.0171033926951307f,2.567598139448079f,-0.07356456359966747f,0.017057050311681872f,-0.9971445792948258f,-0.31252728527547446f,0f,0f,0f,1f], start_interpolation: 0, interpolation_duration: 1 }
$data merge entity $(bone_chest3) { transformation: [-0.9972904566786902f,-0.0012582036196910305f,0.07355380303737473f,-0.2490825560146068f,0f,0.9998537262811577f,0.0171033926951307f,2.4113709947166484f,-0.07356456359966747f,0.017057050311681872f,-0.9971445792948258f,-0.31519244938667473f,0f,0f,0f,1f], start_interpolation: 0, interpolation_duration: 1 }
$data merge entity $(bone_hugeasssword2) { transformation: [-0.2880857285630519f,2.8765160190361385f,-2.6425253041370405f,-1.2009921516034068f,-0.06698828805592837f,2.6456745972173508f,2.887247179006315f,4.411345687789825f,3.9054829355714014f,0.257564158308322f,-0.14540124515730243f,-0.3667749574957257f,0f,0f,0f,1f], start_interpolation: 0, interpolation_duration: 1 }
$data merge entity $(bone_belt) { transformation: [-0.9972904566786902f,-0.0012582036196910305f,0.07355380303737473f,0.032509435163745416f,0f,0.9998537262811577f,0.0171033926951307f,2.8461729601090293f,-0.07356456359966747f,0.017057050311681872f,-0.9971445792948258f,0.09433379594832225f,0f,0f,0f,1f], start_interpolation: 0, interpolation_duration: 1 }
$data merge entity $(bone_torn_part) { transformation: [-0.9972904566786902f,-0.02212129091242095f,0.07015977127939886f,-0.09004764139489281f,0f,0.9537169507482269f,0.30070579950427306f,2.5625f,-0.07356456359966747f,0.2998910241135471f,-0.9511328133539071f,0.07760533200571756f,0f,0f,0f,1f], start_interpolation: 0, interpolation_duration: 1 }
$data merge entity $(bone_lowerbody) { transformation: [-0.9972904566786902f,0f,0.07356456359966747f,-0.0030010119910677084f,0f,1f,0f,2.07421875f,-0.07356456359966747f,0f,-0.9972904566786902f,0.22503334189018842f,0f,0f,0f,1f], start_interpolation: 0, interpolation_duration: 1 }
$data merge entity $(bone_leftfoot) { transformation: [-0.9919635810110268f,-0.0809764111990782f,0.09721663837583588f,0.36160291684293966f,-0.027920776706899127f,0.8895242789783239f,0.45603397607653795f,0.21663475773091934f,-0.1234045549234862f,0.4496547319192925f,-0.8846366134672052f,-0.10668059237304839f,0f,0f,0f,1f], start_interpolation: 0, interpolation_duration: 1 }
$data merge entity $(bone_leftlowerleg) { transformation: [-0.9919635810110268f,-0.0809764111990782f,0.09721663837583588f,0.25683279950530796f,-0.027920776706899127f,0.8895242789783239f,0.45603397607653795f,1.1333831294469827f,-0.1234045549234862f,0.4496547319192925f,-0.8846366134672052f,0.5280756712239689f,0f,0f,0f,1f], start_interpolation: 0, interpolation_duration: 1 }
$data merge entity $(bone_leftleg) { transformation: [-0.9919635810110268f,0.030525637416035718f,0.12278615316119715f,0.2550698457008966f,-0.027920776706899127f,0.8937214863095568f,-0.44775253783392455f,2.09375f,-0.1234045549234862f,-0.4475824956016279f,-0.8856868664799964f,0.0717278239718942f,0f,0f,0f,1f], start_interpolation: 0, interpolation_duration: 1 }
$data merge entity $(bone_rightfoot) { transformation: [-0.9840294031617242f,0.10705079845850456f,0.1422190573115201f,-0.569647365711733f,0.06018084763784296f,0.9519833019279282f,-0.30017671200143f,0.26649202244607584f,-0.16752432447489984f,-0.2868238473345535f,-0.9432219682076074f,0.9514384793074575f,0f,0f,0f,1f], start_interpolation: 0, interpolation_duration: 1 }
$data merge entity $(bone_rightlowerleg) { transformation: [-0.9840294031617242f,0.10705079845850456f,0.1422190573115201f,-0.4727392221193688f,0.06018084763784296f,0.9519833019279282f,-0.30017671200143f,1.368719336548276f,-0.16752432447489984f,-0.2868238473345535f,-0.9432219682076074f,0.7781652024896752f,0f,0f,0f,1f], start_interpolation: 0, interpolation_duration: 1 }
$data merge entity $(bone_rightleg) { transformation: [-0.9699635849501973f,0.19085183442966064f,0.15081850405502148f,-0.24357538263844855f,0.014574661581962044f,0.664497869493698f,-0.747148017917539f,2.09375f,-0.24281314443483576f,-0.7225082412908307f,-0.6473203365849848f,0.03494554217206046f,0f,0f,0f,1f], start_interpolation: 0, interpolation_duration: 1 }
data modify entity @s data merge value {"locators":{"lefthand":{"posx":0.8976009754275192,"posy":1.7560483285759683,"posz":0.553516407953587,"roty":7.633957929561802,"rotx":-22.258988337929175},"righthand":{"posx":-0.836617790142,"posy":1.8100211238220396,"posz":0.1394909828483834,"roty":18.550282169186175,"rotx":-18.22762049152199},"chest":{"posx":-0.4013096797129881,"posy":2.4914780155015745,"posz":0.4741095578681409,"roty":4.218749999999972,"rotx":0.9800000000000004},"sack":{"posx":0,"posy":-0.4375,"posz":0,"roty":0,"rotx":0}},"cameras":{}}