# This file was generated by Animated Java via MC-Build. It is not recommended to edit this file directly.
$data merge entity $(nose) {transformation: [-0.957f,-0.1024f,-0.2713f,-0.4372f,0.2899f,-0.3407f,-0.8943f,1.0842f,-0.0009f,-0.9346f,0.3558f,-4.7214f,0f,0f,0f,1f],start_interpolation: 0,interpolation_duration: 1}
$data merge entity $(glowing_eye) {transformation: [-0.957f,0f,-0.2713f,-0.5542f,0.2899f,0f,-0.8943f,1.1286f,-0.0009f,0f,0.3558f,-4.7972f,0f,0f,0f,1f],start_interpolation: 0,interpolation_duration: 1}
$data merge entity $(head) {transformation: [-0.957f,-0.1024f,-0.2713f,-0.4753f,0.2899f,-0.3407f,-0.8943f,0.9588f,-0.0009f,-0.9346f,0.3558f,-4.5394f,0f,0f,0f,1f],start_interpolation: 0,interpolation_duration: 1}
$data merge entity $(leftthumb2) {transformation: [-0.299f,0.0379f,0.9535f,0.2171f,-0.938f,0.1719f,-0.301f,0.2392f,-0.1753f,-0.9844f,-0.0158f,-2.532f,0f,0f,0f,1f],start_interpolation: 0,interpolation_duration: 1}
$data merge entity $(leftthumb) {transformation: [-0.299f,0.0379f,0.9535f,0.3078f,-0.938f,0.1719f,-0.301f,0.2557f,-0.1753f,-0.9844f,-0.0158f,-2.7747f,0f,0f,0f,1f],start_interpolation: 0,interpolation_duration: 1}
$data merge entity $(leftpointerfinger) {transformation: [-0.299f,0.0379f,0.9535f,0.3728f,-0.938f,0.1719f,-0.301f,0.2877f,-0.1753f,-0.9844f,-0.0158f,-2.4333f,0f,0f,0f,1f],start_interpolation: 0,interpolation_duration: 1}
$data merge entity $(leftmidfinger) {transformation: [-0.299f,0.0379f,0.9535f,0.5218f,-0.938f,0.1719f,-0.301f,0.2407f,-0.1753f,-0.9844f,-0.0158f,-2.4358f,0f,0f,0f,1f],start_interpolation: 0,interpolation_duration: 1}
$data merge entity $(leftringfinger) {transformation: [-0.299f,0.0379f,0.9535f,0.6708f,-0.938f,0.1719f,-0.301f,0.1937f,-0.1753f,-0.9844f,-0.0158f,-2.4383f,0f,0f,0f,1f],start_interpolation: 0,interpolation_duration: 1}
$data merge entity $(invisibility) {transformation: [0.1209f,-0.9466f,0.299f,0.2911f,0.145f,0.3148f,0.938f,0.1401f,-0.982f,-0.07f,0.1753f,-2.5734f,0f,0f,0f,1f],start_interpolation: 0,interpolation_duration: 1}
$data merge entity $(swiftness) {transformation: [0.9535f,0.0379f,0.299f,0.4492f,-0.301f,0.1719f,0.938f,0.0115f,-0.0158f,-0.9844f,0.1753f,-2.4522f,0f,0f,0f,1f],start_interpolation: 0,interpolation_duration: 1}
$data merge entity $(suspicious_stew) {transformation: [0.4373f,-0.8481f,0.299f,0.4681f,0.0286f,0.3454f,0.938f,0.0756f,-0.8988f,-0.4017f,0.1753f,-2.5302f,0f,0f,0f,1f],start_interpolation: 0,interpolation_duration: 1}
$data merge entity $(log) {transformation: [-0.299f,0.0379f,0.9535f,0.4895f,-0.938f,0.1719f,-0.301f,-0.005f,-0.1753f,-0.9844f,-0.0158f,-2.6704f,0f,0f,0f,1f],start_interpolation: 0,interpolation_duration: 1}
$data merge entity $(planks) {transformation: [-0.299f,0.0379f,0.9535f,0.4615f,-0.938f,0.1719f,-0.301f,-0.0929f,-0.1753f,-0.9844f,-0.0158f,-2.6868f,0f,0f,0f,1f],start_interpolation: 0,interpolation_duration: 1}
$data merge entity $(lefthand1) {transformation: [-0.299f,0.0379f,0.9535f,0.5439f,-0.938f,0.1719f,-0.301f,0.2819f,-0.1753f,-0.9844f,-0.0158f,-2.8722f,0f,0f,0f,1f],start_interpolation: 0,interpolation_duration: 1}
$data merge entity $(leftforearm) {transformation: [-0.299f,0.0379f,0.9535f,0.537f,-0.938f,0.1719f,-0.301f,0.3489f,-0.1753f,-0.9844f,-0.0158f,-3.575f,0f,0f,0f,1f],start_interpolation: 0,interpolation_duration: 1}
$data merge entity $(leftelbow) {transformation: [-0.299f,0.0379f,0.9535f,0.5441f,-0.938f,0.1719f,-0.301f,0.3811f,-0.1753f,-0.9844f,-0.0158f,-3.7596f,0f,0f,0f,1f],start_interpolation: 0,interpolation_duration: 1}
$data merge entity $(leftarm) {transformation: [-0.8745f,-0.2495f,-0.4159f,0.241f,0.2141f,0.5709f,-0.7927f,0.7381f,0.4352f,-0.7822f,-0.4458f,-4.0416f,0f,0f,0f,1f],start_interpolation: 0,interpolation_duration: 1}
$data merge entity $(rightthumb2) {transformation: [0.1801f,-0.9125f,-0.3673f,0.0418f,0.9763f,0.2113f,-0.0463f,1.2758f,0.1198f,-0.3503f,0.9289f,-3.4722f,0f,0f,0f,1f],start_interpolation: 0,interpolation_duration: 1}
$data merge entity $(rightthumb) {transformation: [0.1801f,-0.9125f,-0.3673f,-0.2134f,0.9763f,0.2113f,-0.0463f,1.3237f,0.1198f,-0.3503f,0.9289f,-3.4788f,0f,0f,0f,1f],start_interpolation: 0,interpolation_duration: 1}
$data merge entity $(rightpointerfinger) {transformation: [0.1801f,-0.9125f,-0.3673f,0.0885f,0.9763f,0.2113f,-0.0463f,1.359f,0.1198f,-0.3503f,0.9289f,-3.3072f,0f,0f,0f,1f],start_interpolation: 0,interpolation_duration: 1}
$data merge entity $(rightmidfinger) {transformation: [0.1801f,-0.9125f,-0.3673f,0.0311f,0.9763f,0.2113f,-0.0463f,1.3517f,0.1198f,-0.3503f,0.9289f,-3.162f,0f,0f,0f,1f],start_interpolation: 0,interpolation_duration: 1}
$data merge entity $(rightringfinger) {transformation: [0.1801f,-0.9125f,-0.3673f,-0.0263f,0.9763f,0.2113f,-0.0463f,1.3445f,0.1198f,-0.3503f,0.9289f,-3.0169f,0f,0f,0f,1f],start_interpolation: 0,interpolation_duration: 1}
$data merge entity $(hugeasssword) {transformation: [0.7054f,-3.5739f,-1.4388f,-0.1964f,3.8239f,0.8277f,-0.1812f,1.136f,0.4694f,-1.3721f,3.6383f,-3.2795f,0f,0f,0f,1f],start_interpolation: 0,interpolation_duration: 1}
$data merge entity $(whey) {transformation: [0.1801f,0.1611f,-0.9704f,-0.0901f,0.9763f,0.0909f,0.1963f,0.9549f,0.1198f,-0.9827f,-0.141f,-3.3979f,0f,0f,0f,1f],start_interpolation: 0,interpolation_duration: 1}
$data merge entity $(ice) {transformation: [0.1801f,-0.9125f,-0.3673f,-0.1849f,0.9763f,0.2113f,-0.0463f,1.1175f,0.1198f,-0.3503f,0.9289f,-3.2759f,0f,0f,0f,1f],start_interpolation: 0,interpolation_duration: 1}
$data merge entity $(righthand1) {transformation: [0.1801f,-0.9125f,-0.3673f,-0.3795f,0.9763f,0.2113f,-0.0463f,1.413f,0.1198f,-0.3503f,0.9289f,-3.3045f,0f,0f,0f,1f],start_interpolation: 0,interpolation_duration: 1}
$data merge entity $(rightforearm) {transformation: [0.1801f,-0.9125f,-0.3673f,-1.0266f,0.9763f,0.2113f,-0.0463f,1.5012f,0.1198f,-0.3503f,0.9289f,-3.5728f,0f,0f,0f,1f],start_interpolation: 0,interpolation_duration: 1}
$data merge entity $(rightelbow) {transformation: [0.1801f,-0.9125f,-0.3673f,-1.1977f,0.9763f,0.2113f,-0.0463f,1.5409f,0.1198f,-0.3503f,0.9289f,-3.6385f,0f,0f,0f,1f],start_interpolation: 0,interpolation_duration: 1}
$data merge entity $(rightarm) {transformation: [-0.6095f,-0.3061f,-0.7314f,-1.1945f,0.7747f,-0.4259f,-0.4674f,1.173f,-0.1684f,-0.8514f,0.4967f,-4.0429f,0f,0f,0f,1f],start_interpolation: 0,interpolation_duration: 1}
$data merge entity $(chest1) {transformation: [-1.0368f,0.0211f,-0.3134f,-0.5139f,0.3141f,0.0663f,-1.0347f,0.8413f,-0.001f,-1.0811f,-0.0695f,-3.8893f,0f,0f,0f,1f],start_interpolation: 0,interpolation_duration: 1}
$data merge entity $(chest1lid) {transformation: [-0.957f,0.0195f,-0.2893f,-0.7408f,0.2899f,0.0612f,-0.9551f,1.2723f,-0.0009f,-0.9979f,-0.0642f,-3.1825f,0f,0f,0f,1f],start_interpolation: 0,interpolation_duration: 1}
$data merge entity $(chest2) {transformation: [-0.957f,0.0195f,-0.2893f,-0.7438f,0.2899f,0.0612f,-0.9551f,1.2627f,-0.0009f,-0.9979f,-0.0642f,-3.0266f,0f,0f,0f,1f],start_interpolation: 0,interpolation_duration: 1}
$data merge entity $(chest1lid3) {transformation: [-0.957f,0.0195f,-0.2893f,-0.8663f,0.2899f,0.0612f,-0.9551f,0.6423f,-0.0009f,-0.9979f,-0.0642f,-3.2236f,0f,0f,0f,1f],start_interpolation: 0,interpolation_duration: 1}
$data merge entity $(chest3) {transformation: [-0.957f,0.0195f,-0.2893f,-0.8694f,0.2899f,0.0612f,-0.9551f,0.6327f,-0.0009f,-0.9979f,-0.0642f,-3.0676f,0f,0f,0f,1f],start_interpolation: 0,interpolation_duration: 1}
$data merge entity $(hugeasssword2) {transformation: [1.133f,2.8151f,-2.4762f,-1.7471f,3.7408f,-0.6754f,0.9439f,1.0165f,0.2514f,-2.638f,-2.8841f,-5.0654f,0f,0f,0f,1f],start_interpolation: 0,interpolation_duration: 1}
$data merge entity $(belt) {transformation: [-0.957f,0.0195f,-0.2893f,-0.4532f,0.2899f,0.0612f,-0.9551f,0.9327f,-0.0009f,-0.9979f,-0.0642f,-3.4834f,0f,0f,0f,1f],start_interpolation: 0,interpolation_duration: 1}
$data merge entity $(torn_part) {transformation: [-0.957f,0.1042f,-0.2706f,-0.5782f,0.2899f,0.3411f,-0.8942f,0.9468f,-0.0009f,-0.9342f,-0.3566f,-3.1997f,0f,0f,0f,1f],start_interpolation: 0,interpolation_duration: 1}
$data merge entity $(lowerbody) {transformation: [-0.957f,0.018f,-0.2894f,-0.4528f,0.2899f,0.0564f,-0.9554f,1.0253f,-0.0009f,-0.9982f,-0.0592f,-2.7038f,0f,0f,0f,1f],start_interpolation: 0,interpolation_duration: 1}
$data merge entity $(leftfoot) {transformation: [-0.727f,0.5339f,-0.4319f,-1.0633f,0.6793f,0.4671f,-0.5661f,0.2284f,-0.1005f,-0.7049f,-0.7022f,-1.0049f,0f,0f,0f,1f],start_interpolation: 0,interpolation_duration: 1}
$data merge entity $(leftlowerleg) {transformation: [-0.727f,0.5339f,-0.4319f,-0.4047f,0.6793f,0.4671f,-0.5661f,0.8335f,-0.1005f,-0.7049f,-0.7022f,-1.679f,0f,0f,0f,1f],start_interpolation: 0,interpolation_duration: 1}
$data merge entity $(leftleg) {transformation: [-0.9367f,0.1497f,-0.3165f,-0.2667f,0.3089f,-0.0726f,-0.9483f,0.7907f,-0.1649f,-0.9861f,0.0218f,-2.7324f,0f,0f,0f,1f],start_interpolation: 0,interpolation_duration: 1}
$data merge entity $(rightfoot) {transformation: [-0.9561f,-0.0694f,-0.2848f,-0.3941f,0.1753f,0.6433f,-0.7453f,0.5154f,0.2349f,-0.7625f,-0.6029f,-1.0506f,0f,0f,0f,1f],start_interpolation: 0,interpolation_duration: 1}
$data merge entity $(rightlowerleg) {transformation: [-0.9561f,-0.0694f,-0.2848f,-0.4274f,0.1753f,0.6433f,-0.7453f,1.3436f,0.2349f,-0.7625f,-0.6029f,-1.8038f,0f,0f,0f,1f],start_interpolation: 0,interpolation_duration: 1}
$data merge entity $(rightleg) {transformation: [-0.9209f,-0.3313f,-0.2056f,-0.7452f,0.3333f,-0.3951f,-0.8561f,0.9356f,0.2024f,-0.8568f,0.4742f,-2.7329f,0f,0f,0f,1f],start_interpolation: 0,interpolation_duration: 1}
data modify entity @s data merge value {"cameras":{},"locators":{"soup":{"px":0.3129659221403069,"py":0.1056503539471047,"pz":-2.6046966866342665,"ry":120.3862361754429,"rx":69.71856252584195},"lefthand":{"px":0.49965757014283513,"py":0.07424143803500483,"pz":-2.5768206021608244,"ry":89.04797958897433,"rx":-17.517311123091364},"sword":{"px":1.2065471489233077,"py":1.3770358706375057,"pz":-6.699185761450197,"ry":201.57607544423823,"rx":-2.651680195877217},"righthand":{"px":-0.14802841609147513,"py":1.2064372578200642,"pz":-3.2737401843070355,"ry":201.57607544423823,"rx":-2.651680195877217},"chest":{"px":-0.726731061674555,"py":1.4267299391119506,"pz":-3.110115448465156,"ry":282.51121778903007,"rx":-72.76305805165877}}}