# This file was generated by Animated Java via MC-Build. It is not recommended to edit this file directly.
$data merge entity $(nose) {transformation: [-0.9998f,0.0188f,-0.0015f,-0.2309f,0.0188f,0.9964f,-0.0828f,2.449f,-0.0001f,-0.0828f,-0.9966f,-0.6219f,0f,0f,0f,1f],start_interpolation: 0,interpolation_duration: 1}
$data merge entity $(glowing_eye) {transformation: [-0.9998f,0.0188f,-0.0015f,-0.3546f,0.0188f,0.9964f,-0.0828f,2.5217f,-0.0001f,-0.0828f,-0.9966f,-0.5928f,0f,0f,0f,1f],start_interpolation: 0,interpolation_duration: 1}
$data merge entity $(head) {transformation: [-0.9998f,0.0188f,-0.0015f,-0.2335f,0.0188f,0.9964f,-0.0828f,2.3105f,-0.0001f,-0.0828f,-0.9966f,-0.7983f,0f,0f,0f,1f],start_interpolation: 0,interpolation_duration: 1}
$data merge entity $(leftthumb2) {transformation: [-0.1039f,0.407f,0.9075f,-0.0401f,-0.7186f,0.6001f,-0.3514f,0.6497f,-0.6876f,-0.6887f,0.2301f,0.0022f,0f,0f,0f,1f],start_interpolation: 0,interpolation_duration: 1}
$data merge entity $(leftthumb) {transformation: [-0.1039f,0.407f,0.9075f,0.1372f,-0.7186f,0.6001f,-0.3514f,0.7668f,-0.6876f,-0.6887f,0.2301f,-0.147f,0f,0f,0f,1f],start_interpolation: 0,interpolation_duration: 1}
$data merge entity $(leftpointerfinger) {transformation: [-0.1039f,0.407f,0.9075f,0.0576f,-0.7186f,0.6001f,-0.3514f,0.6321f,-0.6876f,-0.6887f,0.2301f,0.165f,0f,0f,0f,1f],start_interpolation: 0,interpolation_duration: 1}
$data merge entity $(leftmidfinger) {transformation: [-0.1039f,0.407f,0.9075f,0.1994f,-0.7186f,0.6001f,-0.3514f,0.5771f,-0.6876f,-0.6887f,0.2301f,0.2009f,0f,0f,0f,1f],start_interpolation: 0,interpolation_duration: 1}
$data merge entity $(leftringfinger) {transformation: [-0.1039f,0.407f,0.9075f,0.3412f,-0.7186f,0.6001f,-0.3514f,0.5222f,-0.6876f,-0.6887f,0.2301f,0.2369f,0f,0f,0f,1f],start_interpolation: 0,interpolation_duration: 1}
$data merge entity $(invisibility) {transformation: [0.4845f,-0.8686f,0.1039f,0.0543f,0.5671f,0.4024f,0.7186f,0.5739f,-0.666f,-0.2893f,0.6876f,-0.0465f,0f,0f,0f,1f],start_interpolation: 0,interpolation_duration: 1}
$data merge entity $(swiftness) {transformation: [0.9075f,0.407f,0.1039f,0.1639f,-0.3514f,0.6001f,0.7186f,0.3893f,0.2301f,-0.6887f,0.6876f,0.0541f,0f,0f,0f,1f],start_interpolation: 0,interpolation_duration: 1}
$data merge entity $(suspicious_stew) {transformation: [0.7524f,-0.6505f,0.1039f,0.2053f,0.3953f,0.5721f,0.7186f,0.4799f,-0.5269f,-0.4996f,0.6876f,0.029f,0f,0f,0f,1f],start_interpolation: 0,interpolation_duration: 1}
$data merge entity $(log) {transformation: [-0.1039f,0.407f,0.9075f,0.289f,-0.7186f,0.6001f,-0.3514f,0.4711f,-0.6876f,-0.6887f,0.2301f,-0.1108f,0f,0f,0f,1f],start_interpolation: 0,interpolation_duration: 1}
$data merge entity $(planks) {transformation: [-0.1039f,0.407f,0.9075f,0.2793f,-0.7186f,0.6001f,-0.3514f,0.4037f,-0.6876f,-0.6887f,0.2301f,-0.1753f,0f,0f,0f,1f],start_interpolation: 0,interpolation_duration: 1}
$data merge entity $(lefthand1) {transformation: [-0.1039f,0.407f,0.9075f,0.3884f,-0.7186f,0.6001f,-0.3514f,0.8117f,-0.6876f,-0.6887f,0.2301f,-0.1183f,0f,0f,0f,1f],start_interpolation: 0,interpolation_duration: 1}
$data merge entity $(leftforearm) {transformation: [-0.1039f,0.407f,0.9075f,0.6539f,-0.7186f,0.6001f,-0.3514f,1.1942f,-0.6876f,-0.6887f,0.2301f,-0.6491f,0f,0f,0f,1f],start_interpolation: 0,interpolation_duration: 1}
$data merge entity $(leftelbow) {transformation: [-0.1039f,0.407f,0.9075f,0.7302f,-0.7186f,0.6001f,-0.3514f,1.3067f,-0.6876f,-0.6887f,0.2301f,-0.7782f,0f,0f,0f,1f],start_interpolation: 0,interpolation_duration: 1}
$data merge entity $(leftarm) {transformation: [-0.9999f,-0.0084f,0.0074f,0.507f,-0.0097f,0.9818f,-0.1898f,1.8014f,-0.0057f,-0.1899f,-0.9818f,-0.8437f,0f,0f,0f,1f],start_interpolation: 0,interpolation_duration: 1}
$data merge entity $(rightthumb2) {transformation: [-0.2869f,-0.3203f,-0.9028f,-0.5585f,0.6454f,0.6318f,-0.4292f,0.6687f,0.7079f,-0.7059f,0.0255f,0.1059f,0f,0f,0f,1f],start_interpolation: 0,interpolation_duration: 1}
$data merge entity $(rightthumb) {transformation: [-0.2869f,-0.3203f,-0.9028f,-0.7142f,0.6454f,0.6318f,-0.4292f,0.7869f,0.7079f,-0.7059f,0.0255f,-0.065f,0f,0f,0f,1f],start_interpolation: 0,interpolation_duration: 1}
$data merge entity $(rightpointerfinger) {transformation: [-0.2869f,-0.3203f,-0.9028f,-0.6828f,0.6454f,0.6318f,-0.4292f,0.6301f,0.7079f,-0.7059f,0.0255f,0.2453f,0f,0f,0f,1f],start_interpolation: 0,interpolation_duration: 1}
$data merge entity $(rightmidfinger) {transformation: [-0.2869f,-0.3203f,-0.9028f,-0.8238f,0.6454f,0.6318f,-0.4292f,0.563f,0.7079f,-0.7059f,0.0255f,0.2492f,0f,0f,0f,1f],start_interpolation: 0,interpolation_duration: 1}
$data merge entity $(rightringfinger) {transformation: [-0.2869f,-0.3203f,-0.9028f,-0.9649f,0.6454f,0.6318f,-0.4292f,0.496f,0.7079f,-0.7059f,0.0255f,0.2532f,0f,0f,0f,1f],start_interpolation: 0,interpolation_duration: 1}
$data merge entity $(hugeasssword) {transformation: [-1.1235f,-1.2544f,-3.5362f,-0.7986f,2.528f,2.4746f,-1.681f,0.5266f,2.7726f,-2.7646f,0.0998f,-0.0826f,0f,0f,0f,1f],start_interpolation: 0,interpolation_duration: 1}
$data merge entity $(whey) {transformation: [-0.2869f,0.8121f,-0.5081f,-0.5923f,0.6454f,0.5558f,0.5239f,0.4168f,0.7079f,-0.1777f,-0.6836f,-0.1417f,0f,0f,0f,1f],start_interpolation: 0,interpolation_duration: 1}
$data merge entity $(ice) {transformation: [-0.2869f,-0.3203f,-0.9028f,-0.7891f,0.6454f,0.6318f,-0.4292f,0.5067f,0.7079f,-0.7059f,0.0255f,-0.0826f,0f,0f,0f,1f],start_interpolation: 0,interpolation_duration: 1}
$data merge entity $(righthand1) {transformation: [-0.2869f,-0.3203f,-0.9028f,-0.9691f,0.6454f,0.6318f,-0.4292f,0.8126f,0.7079f,-0.7059f,0.0255f,-0.0813f,0f,0f,0f,1f],start_interpolation: 0,interpolation_duration: 1}
$data merge entity $(rightforearm) {transformation: [-0.2869f,-0.3203f,-0.9028f,-1.1623f,0.6454f,0.6318f,-0.4292f,1.2232f,0.7079f,-0.7059f,0.0255f,-0.6223f,0f,0f,0f,1f],start_interpolation: 0,interpolation_duration: 1}
$data merge entity $(rightelbow) {transformation: [-0.2869f,-0.3203f,-0.9028f,-1.2223f,0.6454f,0.6318f,-0.4292f,1.3416f,0.7079f,-0.7059f,0.0255f,-0.7546f,0f,0f,0f,1f],start_interpolation: 0,interpolation_duration: 1}
$data merge entity $(rightarm) {transformation: [-0.9988f,0.0194f,-0.0447f,-0.9927f,0.0289f,0.9748f,-0.221f,1.8296f,0.0393f,-0.222f,-0.9742f,-0.8438f,0f,0f,0f,1f],start_interpolation: 0,interpolation_duration: 1}
$data merge entity $(chest1) {transformation: [-1.0831f,0.0202f,0.0031f,-0.2479f,0.0204f,1.0712f,0.1604f,1.6734f,-0.0001f,0.1605f,-1.0714f,-0.9763f,0f,0f,0f,1f],start_interpolation: 0,interpolation_duration: 1}
$data merge entity $(chest1lid) {transformation: [-0.9998f,0.0186f,0.0028f,-0.603f,0.0188f,0.9888f,0.1481f,0.9461f,-0.0001f,0.1481f,-0.989f,-0.6906f,0f,0f,0f,1f],start_interpolation: 0,interpolation_duration: 1}
$data merge entity $(chest2) {transformation: [-0.9998f,0.0186f,0.0028f,-0.606f,0.0188f,0.9888f,0.1481f,0.7916f,-0.0001f,0.1481f,-0.989f,-0.7137f,0f,0f,0f,1f],start_interpolation: 0,interpolation_duration: 1}
$data merge entity $(chest1lid3) {transformation: [-0.9998f,0.0186f,0.0028f,-0.5387f,0.0188f,0.9888f,0.1481f,1.0398f,-0.0001f,0.1481f,-0.989f,-1.3241f,0f,0f,0f,1f],start_interpolation: 0,interpolation_duration: 1}
$data merge entity $(chest3) {transformation: [-0.9998f,0.0186f,0.0028f,-0.5416f,0.0188f,0.9888f,0.1481f,0.8853f,-0.0001f,0.1481f,-0.989f,-1.3473f,0f,0f,0f,1f],start_interpolation: 0,interpolation_duration: 1}
$data merge entity $(hugeasssword2) {transformation: [-0.0111f,2.9364f,-2.5919f,-1.4573f,-0.58f,2.5621f,2.9051f,2.8831f,3.8735f,0.3921f,0.4276f,-1.0665f,0f,0f,0f,1f],start_interpolation: 0,interpolation_duration: 1}
$data merge entity $(belt) {transformation: [-0.9998f,0.0186f,0.0028f,-0.2236f,0.0188f,0.9888f,0.1481f,1.2595f,-0.0001f,0.1481f,-0.989f,-0.9059f,0f,0f,0f,1f],start_interpolation: 0,interpolation_duration: 1}
$data merge entity $(torn_part) {transformation: [-0.9998f,0.0178f,0.0062f,-0.3522f,0.0188f,0.9455f,0.3252f,0.9887f,-0.0001f,0.3252f,-0.9456f,-0.9352f,0f,0f,0f,1f],start_interpolation: 0,interpolation_duration: 1}
$data merge entity $(lowerbody) {transformation: [-0.9998f,0.0188f,0.0005f,-0.2638f,0.0188f,0.9995f,0.0258f,0.4952f,-0.0001f,0.0258f,-0.9997f,-0.8073f,0f,0f,0f,1f],start_interpolation: 0,interpolation_duration: 1}
$data merge entity $(leftfoot) {transformation: [-0.1247f,0.9448f,-0.3031f,-0.5871f,0.9823f,0.1606f,0.0963f,0.2894f,0.1396f,-0.2857f,-0.9481f,0.1147f,0f,0f,0f,1f],start_interpolation: 0,interpolation_duration: 1}
$data merge entity $(leftlowerleg) {transformation: [-0.1247f,0.9448f,-0.3031f,0.5075f,0.9823f,0.1606f,0.0963f,0.4528f,0.1396f,-0.2857f,-0.9481f,-0.0566f,0f,0f,0f,1f],start_interpolation: 0,interpolation_duration: 1}
$data merge entity $(leftleg) {transformation: [-0.4963f,-0.4972f,-0.7117f,-0.0177f,0.8202f,0.0001f,-0.5721f,0.4934f,0.2845f,-0.8677f,0.4077f,-0.9802f,0f,0f,0f,1f],start_interpolation: 0,interpolation_duration: 1}
$data merge entity $(rightfoot) {transformation: [-0.1264f,-0.9762f,0.176f,-0.1498f,-0.9766f,0.1536f,0.1505f,0.3306f,-0.174f,-0.1528f,-0.9728f,-0.1992f,0f,0f,0f,1f],start_interpolation: 0,interpolation_duration: 1}
$data merge entity $(rightlowerleg) {transformation: [-0.1264f,-0.9762f,0.176f,-1.2598f,-0.9766f,0.1536f,0.1505f,0.4778f,-0.174f,-0.1528f,-0.9728f,-0.2193f,0f,0f,0f,1f],start_interpolation: 0,interpolation_duration: 1}
$data merge entity $(rightleg) {transformation: [-0.2661f,0.7068f,0.6554f,-0.5176f,-0.9312f,-0.0128f,-0.3643f,0.5028f,-0.2491f,-0.7073f,0.6616f,-0.9802f,0f,0f,0f,1f],start_interpolation: 0,interpolation_duration: 1}
data modify entity @s data merge value {"cameras":{},"locators":{"soup":{"px":0.09029841304168605,"py":0.5557793947884732,"pz":-0.0783991136248901,"ry":171.4033368033736,"rx":45.9415676334358},"lefthand":{"px":0.2527828165805347,"py":0.4970529559216676,"pz":0.0038650432290623232,"ry":104.22822513699842,"rx":-20.574699735055177},"sword":{"px":2.532357103680283,"py":2.1466894272923955,"pz":-0.09958920747443797,"ry":268.3831175412509,"rx":-25.416959526436454},"righthand":{"px":-0.7968973715385317,"py":0.5640052031140876,"pz":-0.005612956364906246,"ry":268.3831175412509,"rx":-25.416959526436454},"chest":{"px":-0.6358959635162111,"py":0.8617067520029746,"pz":-0.5453185030967397,"ry":0.16477244176871864,"rx":8.516545765087743}}}