# This file was generated by Animated Java via MC-Build. It is not recommended to edit this file directly.
$data merge entity $(mas) {transformation: [-0.5146f,0.2291f,0.8263f,-0.3062f,-0.4973f,0.7052f,-0.5053f,2.5788f,-0.6985f,-0.6709f,-0.2489f,-0.0897f,0f,0f,0f,1f],start_interpolation: 0,interpolation_duration: 1}
$data merge entity $(head) {transformation: [-1f,0f,0f,0f,0f,0.9633f,-0.2686f,2.3679f,0f,-0.2686f,-0.9633f,-0.1477f,0f,0f,0f,1f],start_interpolation: 0,interpolation_duration: 1}
$data merge entity $(item_display) {transformation: [0f,0f,0f,-0.4626f,0f,0f,0f,1.6702f,0f,0f,0f,-0.0228f,0f,0f,0f,1f],start_interpolation: 0,interpolation_duration: 1}
$data merge entity $(right_arm) {transformation: [0.0669f,-0.2114f,0.9751f,-0.3125f,0.8104f,0.5816f,0.0705f,1.9981f,-0.5821f,0.7855f,0.2103f,-0.0859f,0f,0f,0f,1f],start_interpolation: 0,interpolation_duration: 1}
$data merge entity $(left_arm) {transformation: [0.0669f,0.2114f,-0.9751f,0.375f,-0.8104f,0.5816f,0.0705f,1.9981f,0.5821f,0.7855f,0.2103f,-0.0859f,0f,0f,0f,1f],start_interpolation: 0,interpolation_duration: 1}
$data merge entity $(green_right_arm) {transformation: [-0.9256f,0.2913f,0.2417f,-0.2562f,0.2864f,0.9565f,-0.0562f,2.1624f,-0.2475f,0.0172f,-0.9687f,-0.2401f,0f,0f,0f,1f],start_interpolation: 0,interpolation_duration: 1}
$data merge entity $(green_left_arm) {transformation: [-0.948f,-0.2733f,-0.1631f,0.3063f,-0.2675f,0.9619f,-0.0568f,2.1624f,0.1724f,-0.0102f,-0.985f,-0.2401f,0f,0f,0f,1f],start_interpolation: 0,interpolation_duration: 1}
$data merge entity $(torso) {transformation: [-1f,0f,0f,0f,0f,0.9863f,-0.1647f,1.4813f,0f,-0.1647f,-0.9863f,-0.0312f,0f,0f,0f,1f],start_interpolation: 0,interpolation_duration: 1}
$data merge entity $(right_leg) {transformation: [-1f,0f,0f,-0.1313f,0f,1f,0f,1.5625f,0f,0f,-1f,0.0625f,0f,0f,0f,1f],start_interpolation: 0,interpolation_duration: 1}
$data merge entity $(left_leg) {transformation: [-1f,0f,0f,0.1812f,0f,0.9985f,0.0555f,1.2966f,0f,0.0555f,-0.9985f,0.0307f,0f,0f,0f,1f],start_interpolation: 0,interpolation_duration: 1}
data modify entity @s data merge value {"cameras":{},"locators":{"locator":{"px":-0.4552984680894795,"py":1.7360012463761054,"pz":0.06972499498756315,"ry":102.16836498112673,"rx":4.042915147595055},"hitbox":{"px":0,"py":0.6875,"pz":0,"ry":2.842170943040401e-14,"rx":0}}}