# This file was generated by Animated Java via MC-Build. It is not recommended to edit this file directly.
$data merge entity $(mas) {transformation: [-0.5117f,0.233f,0.8269f,-0.3034f,-0.4437f,0.7525f,-0.4867f,2.575f,-0.7357f,-0.616f,-0.2817f,-0.0781f,0f,0f,0f,1f],start_interpolation: 0,interpolation_duration: 1}
$data merge entity $(head) {transformation: [-1f,0.0022f,0.0043f,0.003f,0.0013f,0.9804f,-0.1968f,2.3686f,-0.0047f,-0.1968f,-0.9804f,-0.1501f,0f,0f,0f,1f],start_interpolation: 0,interpolation_duration: 1}
$data merge entity $(item_display) {transformation: [0f,0f,0f,-0.3957f,0f,0f,0f,1.6515f,0f,0f,0f,-0.0146f,0f,0f,0f,1f],start_interpolation: 0,interpolation_duration: 1}
$data merge entity $(right_arm) {transformation: [-0.218f,0.0091f,0.9759f,-0.3103f,0.8404f,0.5102f,0.183f,1.9985f,-0.4962f,0.86f,-0.1189f,-0.0941f,0f,0f,0f,1f],start_interpolation: 0,interpolation_duration: 1}
$data merge entity $(left_arm) {transformation: [-0.2249f,-0.0158f,-0.9743f,0.3772f,-0.8398f,0.5102f,0.1856f,1.9976f,0.4942f,0.8599f,-0.128f,-0.0909f,0f,0f,0f,1f],start_interpolation: 0,interpolation_duration: 1}
$data merge entity $(green_right_arm) {transformation: [-0.9533f,0.2469f,0.1737f,-0.2531f,0.2431f,0.969f,-0.0433f,2.1646f,-0.179f,0.001f,-0.9838f,-0.2461f,0f,0f,0f,1f],start_interpolation: 0,interpolation_duration: 1}
$data merge entity $(green_left_arm) {transformation: [-0.9716f,-0.2163f,-0.0961f,0.3094f,-0.2124f,0.976f,-0.0486f,2.1638f,0.1043f,-0.0268f,-0.9942f,-0.2435f,0f,0f,0f,1f],start_interpolation: 0,interpolation_duration: 1}
$data merge entity $(torso) {transformation: [-1f,0.002f,0.0044f,0.0013f,0.0013f,0.9882f,-0.1531f,1.4806f,-0.0047f,-0.153f,-0.9882f,-0.0442f,0f,0f,0f,1f],start_interpolation: 0,interpolation_duration: 1}
$data merge entity $(right_leg) {transformation: [-1f,0.0014f,0.0047f,-0.1303f,0.0013f,0.9999f,-0.0163f,1.5636f,-0.0047f,-0.0163f,-0.9999f,0.0476f,0f,0f,0f,1f],start_interpolation: 0,interpolation_duration: 1}
$data merge entity $(left_leg) {transformation: [-1f,0.0012f,0.0047f,0.1819f,0.0013f,0.9996f,0.0272f,1.3003f,-0.0047f,0.0272f,-0.9996f,0.0284f,0f,0f,0f,1f],start_interpolation: 0,interpolation_duration: 1}
data modify entity @s data merge value {"cameras":{},"locators":{"locator":{"px":-0.3641669899427944,"py":1.7129856728929718,"pz":0.07577891334408313,"ry":83.05570158635138,"rx":10.542224426255217},"hitbox":{"px":0,"py":0.6875,"pz":0,"ry":0.26654312820599557,"rx":-0.933742353613691}}}