# This file was generated by Animated Java via MC-Build. It is not recommended to edit this file directly.
$data merge entity $(mas) {transformation: [-0.513f,0.2308f,0.8268f,-0.3052f,-0.3093f,0.8488f,-0.4288f,2.5654f,-0.8008f,-0.4757f,-0.364f,0.0809f,0f,0f,0f,1f],start_interpolation: 0,interpolation_duration: 1}
$data merge entity $(head) {transformation: [-1f,0.0007f,0.0023f,0.0012f,0.0007f,0.9997f,-0.0226f,2.3752f,-0.0023f,-0.0226f,-0.9997f,-0.0266f,0f,0f,0f,1f],start_interpolation: 0,interpolation_duration: 1}
$data merge entity $(item_display) {transformation: [0f,0f,0f,0.0005f,0f,0f,0f,1.8945f,0f,0f,0f,0.1406f,0f,0f,0f,1f],start_interpolation: 0,interpolation_duration: 1}
$data merge entity $(right_arm) {transformation: [-1f,0.0007f,0.0023f,-0.3116f,0.0007f,0.9997f,-0.0226f,2.0005f,-0.0023f,-0.0226f,-0.9997f,-0.0188f,0f,0f,0f,1f],start_interpolation: 0,interpolation_duration: 1}
$data merge entity $(left_arm) {transformation: [-1f,0.0007f,0.0023f,0.3759f,0.0007f,0.9997f,-0.0226f,2.0001f,-0.0023f,-0.0226f,-0.9997f,-0.0172f,0f,0f,0f,1f],start_interpolation: 0,interpolation_duration: 1}
$data merge entity $(green_right_arm) {transformation: [-0.9913f,0.1305f,0.0137f,-0.2549f,0.1311f,0.9893f,0.0638f,2.1851f,-0.0052f,0.0651f,-0.9979f,-0.1479f,0f,0f,0f,1f],start_interpolation: 0,interpolation_duration: 1}
$data merge entity $(green_left_arm) {transformation: [-0.9915f,-0.1295f,-0.009f,0.3076f,-0.1298f,0.9895f,0.0638f,2.1847f,0.0007f,0.0645f,-0.9979f,-0.1466f,0f,0f,0f,1f],start_interpolation: 0,interpolation_duration: 1}
$data merge entity $(torso) {transformation: [-1f,0.0007f,0.0023f,0.0006f,0.0007f,0.9997f,-0.0226f,1.481f,-0.0023f,-0.0226f,-0.9997f,-0.0376f,0f,0f,0f,1f],start_interpolation: 0,interpolation_duration: 1}
$data merge entity $(right_leg) {transformation: [-1f,0.0007f,0.0023f,-0.1308f,0.0007f,1f,-0.008f,1.5631f,-0.0023f,-0.008f,-1f,0.0552f,0f,0f,0f,1f],start_interpolation: 0,interpolation_duration: 1}
$data merge entity $(left_leg) {transformation: [-1f,0.0007f,0.0023f,0.1815f,0.0007f,1f,-0.008f,1.3129f,-0.0023f,-0.008f,-1f,0.0579f,0f,0f,0f,1f],start_interpolation: 0,interpolation_duration: 1}
data modify entity @s data merge value {"cameras":{},"locators":{"locator":{"px":0.0006218896163084908,"py":2.003129981911372,"pz":0.10688218707927874,"ry":0.13031198764792862,"rx":-1.2974453737979028},"hitbox":{"px":0,"py":0.6875,"pz":0,"ry":0.130865540510257,"rx":-0.4572535122077817}}}