# This file was generated by Animated Java via MC-Build. It is not recommended to edit this file directly.
$data merge entity $(mas) {transformation: [-0.5141f,0.2296f,0.8264f,-0.306f,-0.2932f,0.8584f,-0.4209f,2.5628f,-0.8061f,-0.4587f,-0.374f,0.1079f,0f,0f,0f,1f],start_interpolation: 0,interpolation_duration: 1}
$data merge entity $(head) {transformation: [-1f,0.0002f,0.0007f,0.0003f,0.0002f,1f,-0.0023f,2.375f,-0.0007f,-0.0023f,-1f,-0.0039f,0f,0f,0f,1f],start_interpolation: 0,interpolation_duration: 1}
$data merge entity $(item_display) {transformation: [0f,0f,0f,0.0001f,0f,0f,0f,1.891f,0f,0f,0f,0.1534f,0f,0f,0f,1f],start_interpolation: 0,interpolation_duration: 1}
$data merge entity $(right_arm) {transformation: [-1f,0.0002f,0.0007f,-0.3122f,0.0002f,1f,-0.0023f,2.0001f,-0.0007f,-0.0023f,-1f,-0.0033f,0f,0f,0f,1f],start_interpolation: 0,interpolation_duration: 1}
$data merge entity $(left_arm) {transformation: [-1f,0.0002f,0.0007f,0.3753f,0.0002f,1f,-0.0023f,1.9999f,-0.0007f,-0.0023f,-1f,-0.0028f,0f,0f,0f,1f],start_interpolation: 0,interpolation_duration: 1}
$data merge entity $(green_right_arm) {transformation: [-0.9914f,0.1302f,0.0121f,-0.2559f,0.1307f,0.9878f,0.0841f,2.1873f,-0.001f,0.0849f,-0.9964f,-0.1287f,0f,0f,0f,1f],start_interpolation: 0,interpolation_duration: 1}
$data merge entity $(green_left_arm) {transformation: [-0.9915f,-0.1299f,-0.0107f,0.3066f,-0.1303f,0.9879f,0.0841f,2.1871f,-0.0004f,0.0848f,-0.9964f,-0.1283f,0f,0f,0f,1f],start_interpolation: 0,interpolation_duration: 1}
$data merge entity $(torso) {transformation: [-1f,0.0002f,0.0007f,0.0002f,0.0002f,1f,-0.0023f,1.4812f,-0.0007f,-0.0023f,-1f,-0.0331f,0f,0f,0f,1f],start_interpolation: 0,interpolation_duration: 1}
$data merge entity $(right_leg) {transformation: [-1f,0.0002f,0.0007f,-0.1311f,0.0002f,1f,-0.0023f,1.5627f,-0.0007f,-0.0023f,-1f,0.0604f,0f,0f,0f,1f],start_interpolation: 0,interpolation_duration: 1}
$data merge entity $(left_leg) {transformation: [-1f,0.0002f,0.0007f,0.1813f,0.0002f,1f,-0.0023f,1.3126f,-0.0007f,-0.0023f,-1f,0.0612f,0f,0f,0f,1f],start_interpolation: 0,interpolation_duration: 1}
data modify entity @s data merge value {"cameras":{},"locators":{"locator":{"px":0.00017078076662380148,"py":2.0002873406150887,"pz":0.12194514813920329,"ry":0.03823133680140245,"rx":-0.13334778495815475},"hitbox":{"px":0,"py":0.6875,"pz":0,"ry":0.03823133680140245,"rx":-0.13334778495815475}}}