# This file was generated by Animated Java via MC-Build. It is not recommended to edit this file directly.
$data merge entity $(bone_nose) { transformation: [-1f,-8.285959169814045e-17f,9.017696984394646e-17f,-7.144998085502741e-17f,0f,0.7363508393336853f,0.6765999123651858f,3.970674259491465f,-1.2246467991473532e-16f,0.6765999123651858f,-0.7363508393336853f,0.5849387330369575f,0f,0f,0f,1f], start_interpolation: 0, interpolation_duration: 1 }
$data merge entity $(bone_glowing_eye) { transformation: [-1f,-8.285959169814045e-17f,9.017696984394646e-17f,-0.1250000000000001f,0f,0.7363508393336853f,0.6765999123651858f,3.9969208173479966f,-1.2246467991473532e-16f,0.6765999123651858f,-0.7363508393336853f,0.6564454672361922f,0f,0f,0f,1f], start_interpolation: 0, interpolation_duration: 1 }
$data merge entity $(bone_head) { transformation: [-1f,-8.285959169814045e-17f,9.017696984394646e-17f,-4.4332648920236924e-17f,0f,0.7363508393336853f,0.6765999123651858f,4.006448675536857f,-1.2246467991473532e-16f,0.6765999123651858f,-0.7363508393336853f,0.3635089138134015f,0f,0f,0f,1f], start_interpolation: 0, interpolation_duration: 1 }
$data merge entity $(bone_leftthumb2) { transformation: [-0.729116171302187f,0.6231527085736229f,0.28296697783133157f,0.0586878678148581f,0.11791944595263047f,0.5216604073391818f,-0.8449647470048341f,2.597842443153077f,-0.6741547396643182f,-0.5827101519727248f,-0.4538328610579663f,1.1663953969779777f,0f,0f,0f,1f], start_interpolation: 0, interpolation_duration: 1 }
$data merge entity $(bone_leftthumb) { transformation: [-0.729116171302187f,0.6231527085736229f,0.28296697783133157f,0.23569304645524586f,0.11791944595263047f,0.5216604073391818f,-0.8449647470048341f,2.653567170732791f,-0.6741547396643182f,-0.5827101519727248f,-0.4538328610579663f,0.9847066808089456f,0f,0f,0f,1f], start_interpolation: 0, interpolation_duration: 1 }
$data merge entity $(bone_leftpointerfinger) { transformation: [-0.729116171302187f,0.6231527085736229f,0.28296697783133157f,0.12423222227654622f,0.11791944595263047f,0.5216604073391818f,-0.8449647470048341f,2.4298921876577007f,-0.6741547396643182f,-0.5827101519727248f,-0.4538328610579663f,1.2283707087136886f,0f,0f,0f,1f], start_interpolation: 0, interpolation_duration: 1 }
$data merge entity $(bone_leftmidfinger) { transformation: [-0.729116171302187f,0.6231527085736229f,0.28296697783133157f,0.16844581256269178f,0.11791944595263047f,0.5216604073391818f,-0.8449647470048341f,2.2978664459381957f,-0.6741547396643182f,-0.5827101519727248f,-0.4538328610579663f,1.1574593241733813f,0f,0f,0f,1f], start_interpolation: 0, interpolation_duration: 1 }
$data merge entity $(bone_leftringfinger) { transformation: [-0.729116171302187f,0.6231527085736229f,0.28296697783133157f,0.21265940284883733f,0.11791944595263047f,0.5216604073391818f,-0.8449647470048341f,2.1658407042186902f,-0.6741547396643182f,-0.5827101519727248f,-0.4538328610579663f,1.0865479396330742f,0f,0f,0f,1f], start_interpolation: 0, interpolation_duration: 1 }
$data merge entity $(bone_invisibility) { transformation: [0.6454436215085033f,-0.2275788658896678f,0.729116171302187f,0.04683754960039706f,0.44603180187487984f,0.8872151013043411f,-0.11791944595263061f,2.5354638391704434f,-0.6200469040082655f,0.4013193539039701f,0.6741547396643179f,1.0524150490626736f,0f,0f,0f,1f], start_interpolation: 0, interpolation_duration: 1 }
$data merge entity $(bone_swiftness) { transformation: [0.2829669778313314f,0.6231527085736229f,0.7291161713021871f,-0.02246618318850721f,-0.8449647470048341f,0.5216604073391818f,-0.11791944595263067f,2.3125329401774195f,-0.45383286105796644f,-0.5827101519727248f,0.674154739664318f,1.0111180898499472f,0f,0f,0f,1f], start_interpolation: 0, interpolation_duration: 1 }
$data merge entity $(bone_suspicious_stew) { transformation: [0.0000068435516459435115f,6.900539013630281e-8f,0.000007291161713021872f,0.07068357472938316f,0.0000011568735674885832f,0.000009862613445505644f,-0.0000011791944595263043f,2.3525801175130128f,-0.000007199128031793164f,0.0000016504830446458525f,0.000006741547396643183f,0.9946359259880264f,0f,0f,0f,1f], start_interpolation: 0, interpolation_duration: 1 }
$data merge entity $(bone_log) { transformation: [-0.729116171302187f,0.6231527085736229f,0.28296697783133157f,0.09348709932734965f,0.11791944595263047f,0.5216604073391818f,-0.8449647470048341f,2.389234893972618f,-0.6741547396643182f,-0.5827101519727248f,-0.4538328610579663f,0.8373217347858138f,0f,0f,0f,1f], start_interpolation: 0, interpolation_duration: 1 }
$data merge entity $(bone_planks) { transformation: [0.03318689901238905f,-0.028363801027474888f,-0.012879698581307771f,0.025132458267769622f,-0.005367293853101072f,-0.02374421517247074f,0.03845993386458055f,2.400289842030677f,0.03068524076760667f,0.026522992807133598f,0.020656934959397657f,0.774119727942284f,0f,0f,0f,1f], start_interpolation: 0, interpolation_duration: 1 }
$data merge entity $(bone_lefthand1) { transformation: [-0.729116171302187f,0.6231527085736229f,0.28296697783133157f,0.42271160123907303f,0.11791944595263047f,0.5216604073391818f,-0.8449647470048341f,2.516575282663157f,-0.6741547396643182f,-0.5827101519727248f,-0.4538328610579663f,0.8743651586167736f,0f,0f,0f,1f], start_interpolation: 0, interpolation_duration: 1 }
$data merge entity $(bone_leftforearm) { transformation: [-0.729116171302187f,0.6231527085736229f,0.28296697783133157f,0.8108747297199004f,0.11791944595263047f,0.5216604073391818f,-0.8449647470048341f,2.903940296117509f,-0.6741547396643182f,-0.5827101519727248f,-0.4538328610579663f,0.4296035502359623f,0f,0f,0f,1f], start_interpolation: 0, interpolation_duration: 1 }
$data merge entity $(bone_leftelbow) { transformation: [-0.729116171302187f,0.6231527085736229f,0.28296697783133157f,0.9277158625774546f,0.11791944595263047f,0.5216604073391818f,-0.8449647470048341f,3.0017516224936056f,-0.6741547396643182f,-0.5827101519727248f,-0.4538328610579663f,0.32034539674107637f,0f,0f,0f,1f], start_interpolation: 0, interpolation_duration: 1 }
$data merge entity $(bone_leftarm) { transformation: [-0.9953871890785221f,0.08305193980121049f,0.04802831574826052f,0.75f,0.07636867878366593f,0.9889170208208847f,-0.1273222322753684f,3.5168946011465803f,-0.05807037729510421f,-0.12306705987388225f,-0.9906979004998459f,0.2770682811614514f,0f,0f,0f,1f], start_interpolation: 0, interpolation_duration: 1 }
$data merge entity $(bone_rightthumb2) { transformation: [-0.9990889998870672f,0.033751051696313115f,0.026115834546353033f,-1.0070816463338241f,0.0343445641137876f,0.9991540028055043f,0.02262144101449204f,1.8023813230513483f,-0.02533024319846968f,0.02349776983313545f,-0.9994029385550032f,0.3510528817843333f,0f,0f,0f,1f], start_interpolation: 0, interpolation_duration: 1 }
$data merge entity $(bone_rightthumb) { transformation: [-0.9990889998870672f,0.033751051696313115f,0.026115834546353033f,-0.996572660107446f,0.0343445641137876f,0.9991540028055043f,0.02262144101449204f,2.0493495203798733f,-0.02533024319846968f,0.02349776983313545f,-0.9994029385550032f,0.2714090569810719f,0f,0f,0f,1f], start_interpolation: 0, interpolation_duration: 1 }
$data merge entity $(bone_rightpointerfinger) { transformation: [-0.9990889998870672f,0.033751051696313115f,0.026115834546353033f,-1.1156984035635864f,0.0343445641137876f,0.9991540028055043f,0.02262144101449204f,1.726318929956817f,-0.02533024319846968f,0.02349776983313545f,-0.9994029385550032f,0.21408134315997593f,0f,0f,0f,1f], start_interpolation: 0, interpolation_duration: 1 }
$data merge entity $(bone_rightmidfinger) { transformation: [-0.9990889998870672f,0.033751051696313115f,0.026115834546353033f,-1.1116178044157188f,0.0343445641137876f,0.9991540028055043f,0.02262144101449204f,1.7298535301153313f,-0.02533024319846968f,0.02349776983313545f,-0.9994029385550032f,0.057924634010756676f,0f,0f,0f,1f], start_interpolation: 0, interpolation_duration: 1 }
$data merge entity $(bone_rightringfinger) { transformation: [-0.9990889998870672f,0.033751051696313115f,0.026115834546353033f,-1.1075372052678512f,0.0343445641137876f,0.9991540028055043f,0.02262144101449204f,1.7333881302738459f,-0.02533024319846968f,0.02349776983313545f,-0.9994029385550032f,-0.09823207513846258f,0f,0f,0f,1f], start_interpolation: 0, interpolation_duration: 1 }
$data merge entity $(bone_hugeasssword) { transformation: [-3.9130985828910134f,0.13219161914389305f,0.10228701863988272f,-0.8397871663596898f,0.1345162094456681f,3.913353177654892f,0.08860064397342715f,1.9233304520766232f,-0.09921011919400625f,0.09203293184644719f,-3.9143281760070963f,0.08504163527262776f,0f,0f,0f,1f], start_interpolation: 0, interpolation_duration: 1 }
$data merge entity $(bone_ice) { transformation: [-0.9990889998870672f,0.033751051696313115f,0.026115834546353033f,-0.8247037609192092f,0.0343445641137876f,0.9991540028055043f,0.02262144101449204f,1.9071820369685093f,-0.02533024319846968f,0.02349776983313545f,-0.9994029385550032f,0.0850702676689611f,0f,0f,0f,1f], start_interpolation: 0, interpolation_duration: 1 }
$data merge entity $(bone_righthand1) { transformation: [-0.9990889998870672f,0.033751051696313115f,0.026115834546353033f,-1.0652221281373242f,0.0343445641137876f,0.9991540028055043f,0.02262144101449204f,2.166263598730035f,-0.02533024319846968f,0.02349776983313545f,-0.9994029385550032f,0.05338080749778369f,0f,0f,0f,1f], start_interpolation: 0, interpolation_duration: 1 }
$data merge entity $(bone_rightforearm) { transformation: [-0.9990889998870672f,0.033751051696313115f,0.026115834546353033f,-0.9794559173351992f,0.0343445641137876f,0.9991540028055043f,0.02262144101449204f,2.8662937616796924f,-0.02533024319846968f,0.02349776983313545f,-0.9994029385550032f,0.08710148802653334f,0f,0f,0f,1f], start_interpolation: 0, interpolation_duration: 1 }
$data merge entity $(bone_rightelbow) { transformation: [-0.9990889998870672f,0.033751051696313115f,0.026115834546353033f,-0.9731275951421405f,0.0343445641137876f,0.9991540028055043f,0.02262144101449204f,3.0536351372057244f,-0.02533024319846968f,0.02349776983313545f,-0.9994029385550032f,0.09150731987024624f,0f,0f,0f,1f], start_interpolation: 0, interpolation_duration: 1 }
$data merge entity $(bone_rightarm) { transformation: [-0.999946033589355f,0.009092858198918124f,0.005024921759678479f,-0.75f,0.010204399961482525f,0.9504103105911247f,0.31083132362023613f,3.5168946011465803f,-0.0019493923008512856f,0.3108658254807952f,-0.9504518075198769f,0.2770682811614512f,0f,0f,0f,1f], start_interpolation: 0, interpolation_duration: 1 }
$data merge entity $(bone_chest1) { transformation: [-1.0833333333333333f,-3.0494969477950794e-17f,1.2911779228996388e-16f,-0.002323125000000016f,0f,1.054326785321782f,0.24901032280640084f,3.3861861408006044f,-1.3267006990762992e-16f,0.24901032280640084f,-1.054326785321782f,0.13310003437673232f,0f,0f,0f,1f], start_interpolation: 0, interpolation_duration: 1 }
$data merge entity $(bone_chest1lid) { transformation: [-1f,-2.8149202595031504e-17f,1.1918565442150514e-16f,-0.3437500000000001f,0f,0.9732247249124142f,0.22985568259052386f,2.631089328773146f,-1.2246467991473532e-16f,0.22985568259052386f,-0.9732247249124142f,0.3568470028573132f,0f,0f,0f,1f], start_interpolation: 0, interpolation_duration: 1 }
$data merge entity $(bone_chest2) { transformation: [-1f,-2.8149202595031504e-17f,1.1918565442150514e-16f,-0.3437500000000001f,0f,0.9732247249124142f,0.22985568259052386f,2.4790229655055813f,-1.2246467991473532e-16f,0.22985568259052386f,-0.9732247249124142f,0.32093205245254386f,0f,0f,0f,1f], start_interpolation: 0, interpolation_duration: 1 }
$data merge entity $(bone_chest1lid3) { transformation: [-1f,-2.8149202595031504e-17f,1.1918565442150514e-16f,-0.28125f,0f,0.9732247249124142f,0.22985568259052386f,2.7783406254327003f,-1.2246467991473532e-16f,0.22985568259052386f,-0.9732247249124142f,-0.26662508653970207f,0f,0f,0f,1f], start_interpolation: 0, interpolation_duration: 1 }
$data merge entity $(bone_chest3) { transformation: [-1f,-2.8149202595031504e-17f,1.1918565442150514e-16f,-0.28125f,0f,0.9732247249124142f,0.22985568259052386f,2.626274262165136f,-1.2246467991473532e-16f,0.22985568259052386f,-0.9732247249124142f,-0.3025400369444714f,0f,0f,0f,1f], start_interpolation: 0, interpolation_duration: 1 }
$data merge entity $(bone_hugeasssword2) { transformation: [-1.3364851824406012e-15f,2.887669569172986f,-2.646061646494669f,-1.234375f,-0.9002680901462183f,2.575212618011064f,2.810351422096329f,4.576315207030441f,3.811796839240289f,0.6082123059316382f,0.6637472599181394f,0.14196469190981967f,0f,0f,0f,1f], start_interpolation: 0, interpolation_duration: 1 }
$data merge entity $(bone_belt) { transformation: [-1f,-2.8149202595031504e-17f,1.1918565442150514e-16f,0.02970562499999998f,0f,0.9732247249124142f,0.22985568259052386f,2.9684328526359365f,-1.2246467991473532e-16f,0.22985568259052386f,-0.9732247249124142f,0.16893916988329624f,0f,0f,0f,1f], start_interpolation: 0, interpolation_duration: 1 }
$data merge entity $(bone_torn_part) { transformation: [-1f,-6.268618916718623e-17f,1.0520475043606311e-16f,-0.09375000000000001f,0f,0.8590619802322657f,0.5118715797145005f,2.6921447444612534f,-1.2246467991473532e-16f,0.5118715797145005f,-0.8590619802322657f,0.09833418530245322f,0f,0f,0f,1f], start_interpolation: 0, interpolation_duration: 1 }
$data merge entity $(bone_lowerbody) { transformation: [-1f,-2.8149202595031504e-17f,1.1918565442150514e-16f,0.003906249999999985f,0f,0.9732247249124142f,0.22985568259052386f,2.1846139038858214f,-1.2246467991473532e-16f,0.22985568259052386f,-0.9732247249124142f,0.12295969222835726f,0f,0f,0f,1f], start_interpolation: 0, interpolation_duration: 1 }
$data merge entity $(bone_leftfoot) { transformation: [-0.9961946980917455f,0.0030062415621305884f,-0.08710388054252272f,0.2729670815280596f,-1.734723475976807e-18f,0.9994049479299889f,0.03449275363110105f,0.163770774732787f,0.08715574274765805f,0.03436149828988766f,-0.995601910374512f,-0.14495390359132015f,0f,0f,0f,1f], start_interpolation: 0, interpolation_duration: 1 }
$data merge entity $(bone_leftlowerleg) { transformation: [-0.9961946980917455f,0.022317645279330053f,-0.08424990328232992f,0.3106703483058195f,-1.734723475976807e-18f,0.9666592312368743f,0.2560662622536109f,1.1968148984808245f,0.08715574274765805f,0.25509185281721763f,-0.9629808010196168f,0.2859964076634403f,0f,0f,0f,1f], start_interpolation: 0, interpolation_duration: 1 }
$data merge entity $(bone_leftleg) { transformation: [-0.9961946980917455f,-0.02980901962620912f,-0.08189960831908923f,0.25f,-1.734723475976807e-18f,0.9396926207859084f,-0.3420201433256687f,2.2041451538858214f,0.08715574274765805f,-0.34071865342161006f,-0.9361168066628591f,-0.04891530777164271f,0f,0f,0f,1f], start_interpolation: 0, interpolation_duration: 1 }
$data merge entity $(bone_rightfoot) { transformation: [-0.9990489677711992f,0.0421165292073082f,0.011285298526455378f,-0.36547837942425654f,0.04158439740254728f,0.9981728135863822f,-0.0438380212796233f,0.14745104404276654f,-0.01311098348592807f,-0.043327037569808935f,-0.9989749095585214f,-0.15629317435262152f,0f,0f,0f,1f], start_interpolation: 0, interpolation_duration: 1 }
$data merge entity $(bone_rightlowerleg) { transformation: [-0.9990489677711992f,0.03730819577839945f,0.022566757034671096f,-0.32755688322140986f,0.04158439740254728f,0.9708997426087422f,0.23584831501400488f,1.1883058842338163f,-0.01311098348592807f,0.23656244065793475f,-0.9715278245022079f,0.2554142830528069f,0f,0f,0f,1f], start_interpolation: 0, interpolation_duration: 1 }
$data merge entity $(bone_rightleg) { transformation: [-0.9990489677711992f,0.04360002907689723f,-0.000444364484377204f,-0.25f,0.04158439740254728f,0.9496994395731228f,-0.31038961381973385f,2.2041451538858214f,-0.01311098348592807f,-0.31011290192281615f,-0.950609325734311f,-0.04891530777164277f,0f,0f,0f,1f], start_interpolation: 0, interpolation_duration: 1 }
data modify entity @s data merge value {"locators":{"lefthand":{"posx":0.1087365760010009,"posy":2.350627800763136,"posz":0.9531391107062435,"roty":31.943738344071903,"rotx":-57.66815900813649},"righthand":{"posx":-0.9193037747561634,"posy":1.8944365985444893,"posz":0.09794407563038374,"roty":1.4968803770306067,"rotx":1.2962236653360288},"chest":{"posx":-0.3750000000000001,"posy":2.534347833061351,"posz":0.4945473859629702,"roty":0,"rotx":13.28857532999545},"sack":{"posx":0,"posy":-0.4375,"posz":0,"roty":0,"rotx":0}},"cameras":{}}