# This file was generated by Animated Java via MC-Build. It is not recommended to edit this file directly.
$data merge entity $(bone_nose) { transformation: [-1f,-8.469394067469517e-17f,8.845639739221689e-17f,-7.980789545267333e-17f,0f,0.7223012990668304f,0.6915785084618878f,3.935752098544314f,-1.2246467991473532e-16f,0.6915785084618878f,-0.7223012990668304f,0.6509980716796624f,0f,0f,0f,1f], start_interpolation: 0, interpolation_duration: 1 }
$data merge entity $(bone_glowing_eye) { transformation: [-1f,-8.469394067469517e-17f,8.845639739221689e-17f,-0.1250000000000001f,0f,0.7223012990668304f,0.6915785084618878f,3.960524700899848f,-1.2246467991473532e-16f,0.6915785084618878f,-0.7223012990668304f,0.7230287110471625f,0f,0f,0f,1f], start_interpolation: 0, interpolation_duration: 1 }
$data merge entity $(bone_head) { transformation: [-1f,-8.469394067469517e-17f,8.845639739221689e-17f,-5.2786249633047034e-17f,0f,0.7223012990668304f,0.6915785084618878f,3.9760661249291323f,-1.2246467991473532e-16f,0.6915785084618878f,-0.7223012990668304f,0.4303495888808683f,0f,0f,0f,1f], start_interpolation: 0, interpolation_duration: 1 }
$data merge entity $(bone_leftthumb2) { transformation: [-0.8125343011824198f,0.4360528866072425f,0.3868409097852604f,0.34831305067963336f,-0.01034937705324976f,0.6527373729416257f,-0.7575135723931781f,2.4157295278691713f,-0.5828214990857891f,-0.6195093236156792f,-0.5258586294401161f,1.225452022250438f,0f,0f,0f,1f], start_interpolation: 0, interpolation_duration: 1 }
$data merge entity $(bone_leftthumb) { transformation: [-0.8125343011824198f,0.4360528866072425f,0.3868409097852604f,0.48831020777138395f,-0.01034937705324976f,0.6527373729416257f,-0.7575135723931781f,2.511073256940018f,-0.5828214990857891f,-0.6195093236156792f,-0.5258586294401161f,1.028583443128241f,0f,0f,0f,1f], start_interpolation: 0, interpolation_duration: 1 }
$data merge entity $(bone_leftpointerfinger) { transformation: [-0.8125343011824198f,0.4360528866072425f,0.3868409097852604f,0.4522344611913938f,-0.01034937705324976f,0.6527373729416257f,-0.7575135723931781f,2.2625173208528158f,-0.5828214990857891f,-0.6195093236156792f,-0.5258586294401161f,1.2709564181471387f,0f,0f,0f,1f], start_interpolation: 0, interpolation_duration: 1 }
$data merge entity $(bone_leftmidfinger) { transformation: [-0.8125343011824198f,0.4360528866072425f,0.3868409097852604f,0.5126783533453407f,-0.01034937705324976f,0.6527373729416257f,-0.7575135723931781f,2.1441558251663815f,-0.5828214990857891f,-0.6195093236156792f,-0.5258586294401161f,1.1887910072971204f,0f,0f,0f,1f], start_interpolation: 0, interpolation_duration: 1 }
$data merge entity $(bone_leftringfinger) { transformation: [-0.8125343011824198f,0.4360528866072425f,0.3868409097852604f,0.5731222454992877f,-0.01034937705324976f,0.6527373729416257f,-0.7575135723931781f,2.0257943294799476f,-0.5828214990857891f,-0.6195093236156792f,-0.5258586294401161f,1.1066255964471023f,0f,0f,0f,1f], start_interpolation: 0, interpolation_duration: 1 }
$data merge entity $(bone_invisibility) { transformation: [0.46810898054325f,-0.34736435012354894f,0.8125343011824196f,0.33548878576156776f,0.5842318521274226f,0.811520815108504f,0.010349377053249627f,2.3556422619581086f,-0.6629835030334619f,0.4698637833552115f,0.5828214990857888f,1.110351636968092f,0f,0f,0f,1f], start_interpolation: 0, interpolation_duration: 1 }
$data merge entity $(bone_swiftness) { transformation: [0.38684090978526026f,0.4360528866072425f,0.8125343011824199f,0.30665321153195035f,-0.7575135723931781f,0.6527373729416257f,0.010349377053249592f,2.124677783996187f,-0.5258586294401162f,-0.6195093236156792f,0.582821499085789f,1.0652899955958965f,0f,0f,0f,1f], start_interpolation: 0, interpolation_duration: 1 }
$data merge entity $(bone_suspicious_stew) { transformation: [0.000005586841595555908f,-0.0000016631301591775655f,0.0000081253430118242f,0.3875814772865896f,0.0000027144189477704883f,0.00000962399183371669f,1.0349377053249835e-7f,2.183011402777749f,-0.000007837035840300267f,0.000002147738172633827f,0.000005828214990857891f,1.040792643492555f,0f,0f,0f,1f], start_interpolation: 0, interpolation_duration: 1 }
$data merge entity $(bone_log) { transformation: [-0.000008662808861986824f,0.000004648964117452185f,0.000004124292176453542f,0.3857739182606718f,-1.1033955750848603e-7f,0.000006959138944214529f,-0.000008076207094830895f,2.22356532658997f,-0.000006213733057040889f,-0.0000066048791428148084f,-0.000005606425216310174f,0.8604569167078027f,0f,0f,0f,1f], start_interpolation: 0, interpolation_duration: 1 }
$data merge entity $(bone_planks) { transformation: [-0.9264392810735911f,0.497180884783081f,0.4410701355373927f,0.30456008517954536f,-0.011800202677990868f,0.7442412482007205f,-0.8637054809749708f,2.2225308932383276f,-0.6645242297113174f,-0.7063551305510282f,-0.5995760300776158f,0.8022031692980442f,0f,0f,0f,1f], start_interpolation: 0, interpolation_duration: 1 }
$data merge entity $(bone_lefthand1) { transformation: [-0.8125343011824198f,0.4360528866072425f,0.3868409097852604f,0.6841041835394533f,-0.01034937705324976f,0.6527373729416257f,-0.7575135723931781f,2.4175688582267854f,-0.5828214990857891f,-0.6195093236156792f,-0.5258586294401161f,0.891325965283828f,0f,0f,0f,1f], start_interpolation: 0, interpolation_duration: 1 }
$data merge entity $(bone_leftforearm) { transformation: [-0.8125343011824198f,0.4360528866072425f,0.3868409097852604f,0.9338760863958748f,-0.01034937705324976f,0.6527373729416257f,-0.7575135723931781f,2.8877141370791812f,-0.5828214990857891f,-0.6195093236156792f,-0.5258586294401161f,0.4275236695086936f,0f,0f,0f,1f], start_interpolation: 0, interpolation_duration: 1 }
$data merge entity $(bone_leftelbow) { transformation: [-0.8125343011824198f,0.4360528866072425f,0.3868409097852604f,1.0156360026347329f,-0.01034937705324976f,0.6527373729416257f,-0.7575135723931781f,3.010102394505736f,-0.5828214990857891f,-0.6195093236156792f,-0.5258586294401161f,0.3113656713307537f,0f,0f,0f,1f], start_interpolation: 0, interpolation_duration: 1 }
$data merge entity $(bone_leftarm) { transformation: [-0.995043651167014f,-0.09389402788711922f,0.03274207994844883f,0.75f,-0.09340269992943298f,0.9954961318270023f,0.016229207108420962f,3.4869114570875355f,-0.03411843956147517f,0.013090570828218406f,-0.9993320614476859f,0.3416766750110304f,0f,0f,0f,1f], start_interpolation: 0, interpolation_duration: 1 }
$data merge entity $(bone_rightthumb2) { transformation: [-0.9122091180092649f,-0.40042151801245973f,-0.08681666276330094f,-0.3349807041084275f,-0.3000201675415944f,0.7971012661698105f,-0.5240395696307663f,2.1176362632824044f,0.2790383917834121f,-0.4519869239071883f,-0.8472575738981887f,1.1517830730281065f,0f,0f,0f,1f], start_interpolation: 0, interpolation_duration: 1 }
$data merge entity $(bone_rightthumb) { transformation: [-0.9122091180092649f,-0.40042151801245973f,-0.08681666276330094f,-0.44060021319769294f,-0.3000201675415944f,0.7971012661698105f,-0.5240395696307663f,2.268336259029333f,0.2790383917834121f,-0.4519869239071883f,-0.8472575738981887f,0.9685321557203933f,0f,0f,0f,1f], start_interpolation: 0, interpolation_duration: 1 }
$data merge entity $(bone_rightpointerfinger) { transformation: [-0.9122091180092649f,-0.40042151801245973f,-0.08681666276330094f,-0.41305430594914766f,-0.3000201675415944f,0.7971012661698105f,-0.5240395696307663f,1.94940834541606f,0.2790383917834121f,-0.4519869239071883f,-0.8472575738981887f,1.1076449904522727f,0f,0f,0f,1f], start_interpolation: 0, interpolation_duration: 1 }
$data merge entity $(bone_rightmidfinger) { transformation: [-0.9122091180092649f,-0.40042151801245973f,-0.08681666276330094f,-0.4266194095059134f,-0.3000201675415944f,0.7971012661698105f,-0.5240395696307663f,1.8675271626612528f,0.2790383917834121f,-0.4519869239071883f,-0.8472575738981887f,0.9752609945306806f,0f,0f,0f,1f], start_interpolation: 0, interpolation_duration: 1 }
$data merge entity $(bone_rightringfinger) { transformation: [-0.9122091180092649f,-0.40042151801245973f,-0.08681666276330094f,-0.4401845130626792f,-0.3000201675415944f,0.7971012661698105f,-0.5240395696307663f,1.7856459799064455f,0.2790383917834121f,-0.4519869239071883f,-0.8472575738981887f,0.8428769986090887f,0f,0f,0f,1f], start_interpolation: 0, interpolation_duration: 1 }
$data merge entity $(bone_hugeasssword) { transformation: [-3.5728190455362876f,-1.5683176122154674f,-0.340031929156262f,-0.26429297302530674f,-1.1750789895379115f,3.1219799591650914f,-2.052488314387168f,2.117319332630712f,1.0929003678183642f,-1.7702821186364877f,-3.318425497767906f,0.8225699773867233f,0f,0f,0f,1f], start_interpolation: 0, interpolation_duration: 1 }
$data merge entity $(bone_ice) { transformation: [-0.9122091180092649f,-0.40042151801245973f,-0.08681666276330094f,-0.24378311933746732f,-0.3000201675415944f,0.7971012661698105f,-0.5240395696307663f,2.1095524404646464f,0.2790383917834121f,-0.4519869239071883f,-0.8472575738981887f,0.8252722982011573f,0f,0f,0f,1f], start_interpolation: 0, interpolation_duration: 1 }
$data merge entity $(bone_righthand1) { transformation: [-0.9122091180092649f,-0.40042151801245973f,-0.08681666276330094f,-0.5746537990542516f,-0.3000201675415944f,0.7971012661698105f,-0.5240395696307663f,2.217446478570739f,0.2790383917834121f,-0.4519869239071883f,-0.8472575738981887f,0.7555583659858949f,0f,0f,0f,1f], start_interpolation: 0, interpolation_duration: 1 }
$data merge entity $(bone_rightforearm) { transformation: [-0.9122091180092649f,-0.40042151801245973f,-0.08681666276330094f,-0.7978305986755068f,-0.3000201675415944f,0.7971012661698105f,-0.5240395696307663f,2.8048476850932174f,0.2790383917834121f,-0.4519869239071883f,-0.8472575738981887f,0.4335535602193491f,0f,0f,0f,1f], start_interpolation: 0, interpolation_duration: 1 }
$data merge entity $(bone_rightelbow) { transformation: [-0.9122091180092649f,-0.40042151801245973f,-0.08681666276330094f,-0.872909633302843f,-0.3000201675415944f,0.7971012661698105f,-0.5240395696307663f,2.954304172500057f,0.2790383917834121f,-0.4519869239071883f,-0.8472575738981887f,0.34880601198675126f,0f,0f,0f,1f], start_interpolation: 0, interpolation_duration: 1 }
$data merge entity $(bone_rightarm) { transformation: [-0.9829046227235471f,-0.18410958588166668f,0.001470719267188767f,-0.75f,-0.18373171350062323f,0.9803092167683638f,-0.07236364400112819f,3.4869114570875355f,0.011881080877032109f,-0.07139677797686897f,-0.9973772305460533f,0.34167667501103016f,0f,0f,0f,1f], start_interpolation: 0, interpolation_duration: 1 }
$data merge entity $(bone_chest1) { transformation: [-1.0833333333333333f,-3.1083644018078196e-17f,1.2897734112569077e-16f,-0.0023231250000000244f,0f,1.0531799145311924f,0.2538172152143772f,3.3568610912777723f,-1.3267006990762992e-16f,0.2538172152143772f,-1.0531799145311924f,0.1971136782206063f,0f,0f,0f,1f], start_interpolation: 0, interpolation_duration: 1 }
$data merge entity $(bone_chest1lid) { transformation: [-1f,-2.869259447822603e-17f,1.1905600719294534e-16f,-0.3437500000000001f,0f,0.9721660749518699f,0.23429281404404054f,2.6007514773970084f,-1.2246467991473532e-16f,0.23429281404404054f,-0.9721660749518699f,0.4174138217415844f,0f,0f,0f,1f], start_interpolation: 0, interpolation_duration: 1 }
$data merge entity $(bone_chest2) { transformation: [-1f,-2.869259447822603e-17f,1.1905600719294534e-16f,-0.3437500000000001f,0f,0.9721660749518699f,0.23429281404404054f,2.448850528185779f,-1.2246467991473532e-16f,0.23429281404404054f,-0.9721660749518699f,0.38080556954720307f,0f,0f,0f,1f], start_interpolation: 0, interpolation_duration: 1 }
$data merge entity $(bone_chest1lid3) { transformation: [-1f,-2.869259447822603e-17f,1.1905600719294534e-16f,-0.28125f,0f,0.9721660749518699f,0.23429281404404054f,2.750845311393972f,-1.2246467991473532e-16f,0.23429281404404054f,-0.9721660749518699f,-0.20538007002445727f,0f,0f,0f,1f], start_interpolation: 0, interpolation_duration: 1 }
$data merge entity $(bone_chest3) { transformation: [-1f,-2.869259447822603e-17f,1.1905600719294534e-16f,-0.28125f,0f,0.9721660749518699f,0.23429281404404054f,2.5989443621827424f,-1.2246467991473532e-16f,0.23429281404404054f,-0.9721660749518699f,-0.2419883222188386f,0f,0f,0f,1f], start_interpolation: 0, interpolation_duration: 1 }
$data merge entity $(bone_hugeasssword2) { transformation: [-1.3359773974620753e-15f,2.887669569172986f,-2.646061646494669f,-1.234375f,-0.9176468550058253f,2.572411364953405f,2.807294390820859f,4.54693733730592f,3.8076504602281576f,0.6199532292912439f,0.6765602293908798f,0.21140721094811943f,0f,0f,0f,1f], start_interpolation: 0, interpolation_duration: 1 }
$data merge entity $(bone_belt) { transformation: [-1f,-2.869259447822603e-17f,1.1905600719294534e-16f,0.02970562499999997f,0f,0.9721660749518699f,0.23429281404404054f,2.938948663551794f,-1.2246467991473532e-16f,0.23429281404404054f,-0.9721660749518699f,0.23104679122883076f,0f,0f,0f,1f], start_interpolation: 0, interpolation_duration: 1 }
$data merge entity $(bone_torn_part) { transformation: [-1f,-6.316544554357026e-17f,1.0491770258588796e-16f,-0.09375000000000003f,0f,0.8567180566587504f,0.5157850050116368f,2.6629855061274568f,-1.2246467991473532e-16f,0.5157850050116368f,-0.8567180566587504f,0.159182208082494f,0f,0f,0f,1f], start_interpolation: 0, interpolation_duration: 1 }
$data merge entity $(bone_lowerbody) { transformation: [-1f,-2.869259447822603e-17f,1.1905600719294534e-16f,0.003906249999999978f,0f,0.9721660749518699f,0.23429281404404054f,2.1553476128674207f,-1.2246467991473532e-16f,0.23429281404404054f,-0.9721660749518699f,0.18149227426515904f,0f,0f,0f,1f], start_interpolation: 0, interpolation_duration: 1 }
$data merge entity $(bone_leftfoot) { transformation: [-0.9961946980917455f,0.0014082699984062051f,-0.08714436453097549f,0.26574277447616707f,-1.734723475976807e-18f,0.9998694496045372f,0.016158086134192784f,0.17326798786803121f,0.08715574274765805f,0.016096599738192496f,-0.9960646444799517f,-0.1689955290088579f,0f,0f,0f,1f], start_interpolation: 0, interpolation_duration: 1 }
$data merge entity $(bone_leftlowerleg) { transformation: [-0.9961946980917455f,0.029120974919167927f,-0.08214677299598044f,0.3106703483058195f,-1.734723475976807e-18f,0.9425285174130169f,0.3341257156568772f,1.1675486074624237f,0.08715574274765805f,0.3328542664334911f,-0.938941911847121f,0.3445289897002421f,0f,0f,0f,1f], start_interpolation: 0, interpolation_duration: 1 }
$data merge entity $(bone_leftleg) { transformation: [-0.9961946980917455f,-0.02980901962620912f,-0.08189960831908923f,0.25f,-1.734723475976807e-18f,0.9396926207859084f,-0.3420201433256687f,2.1748788628674207f,0.08715574274765805f,-0.34071865342161006f,-0.9361168066628591f,0.009617274265159074f,0f,0f,0f,1f], start_interpolation: 0, interpolation_duration: 1 }
$data merge entity $(bone_rightfoot) { transformation: [-0.9990504676283573f,0.0420832357183913f,0.011276719515485948f,-0.364128078520486f,0.04155193457076167f,0.9981756039980817f,-0.04380525443930405f,0.1422815784920881f,-0.013099613161760471f,-0.04329509042068547f,-0.998976443806598f,-0.11929028451555085f,0f,0f,0f,1f], start_interpolation: 0, interpolation_duration: 1 }
$data merge entity $(bone_rightlowerleg) { transformation: [-0.9990504676283573f,0.036326304463106564f,0.024053331071066053f,-0.32752427359247305f,0.04155193457076167f,0.9604465903143411f,0.2753466612962349f,1.1654712047555371f,-0.013099613161760471f,0.27608467316678426f,-0.9610440434118523f,0.33465136248139166f,0f,0f,0f,1f], start_interpolation: 0, interpolation_duration: 1 }
$data merge entity $(bone_rightleg) { transformation: [-0.9990504676283573f,0.04354749714441693f,-0.0013336506355215003f,-0.25f,0.04155193457076167f,0.9431719816020345f,-0.3296969060429876f,2.1748788628674207f,-0.013099613161760471f,-0.32943926392181677f,-0.9440858920255423f,0.009617274265159011f,0f,0f,0f,1f], start_interpolation: 0, interpolation_duration: 1 }
data modify entity @s data merge value {"locators":{"lefthand":{"posx":0.42011023477709347,"posy":2.1899361679971006,"posz":0.9953200617780664,"roty":36.339564433434816,"rotx":-49.24548753508503},"righthand":{"posx":-0.3216896275762146,"posy":2.077158960749199,"posz":0.8717328427090613,"roty":354.14944387290643,"rotx":-31.60361003126883},"chest":{"posx":-0.3750000000000001,"posy":2.5033828455181353,"posz":0.5546714700750616,"roty":0,"rotx":13.549940259444696},"sack":{"posx":0,"posy":-0.4375,"posz":0,"roty":0,"rotx":0}},"cameras":{}}