# This file was generated by Animated Java via MC-Build. It is not recommended to edit this file directly.
$data merge entity $(bone_nose) { transformation: [-1f,-7.985123602443705e-17f,9.285137549863343e-17f,-7.962657898174386e-17f,0f,0.7581890187708014f,0.6520348240817891f,3.941157612027351f,-1.2246467991473532e-16f,0.6520348240817891f,-0.7581890187708014f,0.6453226581289551f,0f,0f,0f,1f], start_interpolation: 0, interpolation_duration: 1 }
$data merge entity $(bone_glowing_eye) { transformation: [-1f,-7.985123602443705e-17f,9.285137549863343e-17f,-0.1250000000000001f,0f,0.7581890187708014f,0.6520348240817891f,3.969740006175813f,-1.2246467991473532e-16f,0.6520348240817891f,-0.7581890187708014f,0.7159281931803818f,0f,0f,0f,1f], start_interpolation: 0, interpolation_duration: 1 }
$data merge entity $(bone_head) { transformation: [-1f,-7.985123602443705e-17f,9.285137549863343e-17f,-5.237991357356238e-17f,0f,0.7581890187708014f,0.6520348240817891f,3.9696355823136518f,-1.2246467991473532e-16f,0.6520348240817891f,-0.7581890187708014f,0.42283675095023476f,0f,0f,0f,1f], start_interpolation: 0, interpolation_duration: 1 }
$data merge entity $(bone_leftthumb2) { transformation: [-0.8382393292326284f,0.4444421547754265f,0.3159525248929167f,0.3267738852668481f,0.02690791239599908f,0.612414251962198f,-0.7900789506397896f,2.452817747250726f,-0.5446382204529191f,-0.6537736267640027f,-0.5253087223430809f,1.2589757407723525f,0f,0f,0f,1f], start_interpolation: 0, interpolation_duration: 1 }
$data merge entity $(bone_leftthumb) { transformation: [-0.8382393292326284f,0.4444421547754265f,0.3159525248929167f,0.46277050330539704f,0.02690791239599908f,0.612414251962198f,-0.7900789506397896f,2.5354895775132658f,-0.5446382204529191f,-0.6537736267640027f,-0.5253087223430809f,1.0537510919710478f,0f,0f,0f,1f], start_interpolation: 0, interpolation_duration: 1 }
$data merge entity $(bone_leftpointerfinger) { transformation: [-0.8382393292326284f,0.4444421547754265f,0.3159525248929167f,0.4234306225088844f,0.02690791239599908f,0.612414251962198f,-0.7900789506397896f,2.294563147358617f,-0.5446382204529191f,-0.6537736267640027f,-0.5253087223430809f,1.3032165222551924f,0f,0f,0f,1f], start_interpolation: 0, interpolation_duration: 1 }
$data merge entity $(bone_leftmidfinger) { transformation: [-0.8382393292326284f,0.4444421547754265f,0.3159525248929167f,0.47279820452340265f,0.02690791239599908f,0.612414251962198f,-0.7900789506397896f,2.17111331132115f,-0.5446382204529191f,-0.6537736267640027f,-0.5253087223430809f,1.221137034389086f,0f,0f,0f,1f], start_interpolation: 0, interpolation_duration: 1 }
$data merge entity $(bone_leftringfinger) { transformation: [-0.8382393292326284f,0.4444421547754265f,0.3159525248929167f,0.5221657865379209f,0.02690791239599908f,0.612414251962198f,-0.7900789506397896f,2.0476634752836826f,-0.5446382204529191f,-0.6537736267640027f,-0.5253087223430809f,1.1390575465229795f,0f,0f,0f,1f], start_interpolation: 0, interpolation_duration: 1 }
$data merge entity $(bone_invisibility) { transformation: [0.4702879951757907f,-0.2760145440392018f,0.8382393292326283f,0.3049980925534252f,0.5412239130682628f,0.840447880700265f,-0.026907912395999215f,2.391281156948726f,-0.6970694926021458f,0.4663296380300791f,0.5446382204529189f,1.1460062630661785f,0f,0f,0f,1f], start_interpolation: 0, interpolation_duration: 1 }
$data merge entity $(bone_swiftness) { transformation: [0.31595252489291653f,0.4444421547754265f,0.8382393292326286f,0.26039609948855336f,-0.7900789506397896f,0.612414251962198f,-0.026907912395999257f,2.1616115776623914f,-0.525308722343081f,-0.6537736267640027f,0.544638220452919f,1.1076763986050215f,0f,0f,0f,1f], start_interpolation: 0, interpolation_duration: 1 }
$data merge entity $(bone_suspicious_stew) { transformation: [0.5718037865411865f,-0.10503745771566658f,0.8936840953608073f,0.343405964965749f,0.23576077045171584f,1.0393544025446873f,-0.02868771782598219f,2.214434435643037f,-0.8684013985135263f,0.21300999627876488f,0.5806629423961425f,1.0781565163814135f,0f,0f,0f,1f], start_interpolation: 0, interpolation_duration: 1 }
$data merge entity $(bone_log) { transformation: [-0.000008707400332057136f,0.000004616743251136278f,0.0000032820282039085525f,0.33538629561941774f,2.7951201662939905e-7f,0.000006361591343815698f,-0.000008207123523361962f,2.2534633148812784f,-0.000005657552510646572f,-0.0000067912211897602874f,-0.00000545676298384856f,0.9069469539687206f,0f,0f,0f,1f], start_interpolation: 0, interpolation_duration: 1 }
$data merge entity $(bone_planks) { transformation: [-0.000008707400332057136f,0.000004616743251136278f,0.0000032820282039085525f,0.2537544175063821f,2.7951201662939905e-7f,0.000006361591343815698f,-0.000008207123523361962f,2.2560837400371794f,-0.000005657552510646572f,-0.0000067912211897602874f,-0.00000545676298384856f,0.853907399181409f,0f,0f,0f,1f], start_interpolation: 0, interpolation_duration: 1 }
$data merge entity $(bone_lefthand1) { transformation: [-0.8382393292326284f,0.4444421547754265f,0.3159525248929167f,0.6459834264005839f,0.02690791239599908f,0.612414251962198f,-0.7900789506397896f,2.4275404352132397f,-0.5446382204529191f,-0.6537736267640027f,-0.5253087223430809f,0.9098831795040704f,0f,0f,0f,1f], start_interpolation: 0, interpolation_duration: 1 }
$data merge entity $(bone_leftforearm) { transformation: [-0.8382393292326284f,0.4444421547754265f,0.3159525248929167f,0.9011551001985645f,0.02690791239599908f,0.612414251962198f,-0.7900789506397896f,2.8721709342526567f,-0.5446382204529191f,-0.6537736267640027f,-0.5253087223430809f,0.42436665819393415f,0f,0f,0f,1f], start_interpolation: 0, interpolation_duration: 1 }
$data merge entity $(bone_leftelbow) { transformation: [-0.8382393292326284f,0.4444421547754265f,0.3159525248929167f,0.984488004218957f,0.02690791239599908f,0.612414251962198f,-0.7900789506397896f,2.9869986064955687f,-0.5446382204529191f,-0.6537736267640027f,-0.5253087223430809f,0.3017841031756836f,0f,0f,0f,1f], start_interpolation: 0, interpolation_duration: 1 }
$data merge entity $(bone_leftarm) { transformation: [-0.9978694203707539f,-0.03581642406352973f,-0.054532592605130464f,0.75f,-0.035387313486483454f,0.9993347995173347f,-0.008814562828518474f,3.479200486517459f,0.054812023618409395f,-0.006866020750766866f,-0.9984730841769872f,0.34154350684735807f,0f,0f,0f,1f], start_interpolation: 0, interpolation_duration: 1 }
$data merge entity $(bone_rightthumb2) { transformation: [-0.9377326270390227f,-0.33176601412246304f,-0.10290205080457211f,-0.48175831205159486f,-0.22195842301828203f,0.800179586909231f,-0.5571777877347681f,2.134316194508072f,0.267192774299251f,-0.4996438136983851f,-0.8239927674410761f,1.2087228996198411f,0f,0f,0f,1f], start_interpolation: 0, interpolation_duration: 1 }
$data merge entity $(bone_rightthumb) { transformation: [-0.9377326270390227f,-0.33176601412246304f,-0.10290205080457211f,-0.5719151907766548f,-0.22195842301828203f,0.800179586909231f,-0.5571777877347681f,2.2829392160553152f,0.267192774299251f,-0.4996438136983851f,-0.8239927674410761f,1.0157726397153193f,0f,0f,0f,1f], start_interpolation: 0, interpolation_duration: 1 }
$data merge entity $(bone_rightpointerfinger) { transformation: [-0.9377326270390227f,-0.33176601412246304f,-0.10290205080457211f,-0.570442507106579f,-0.22195842301828203f,0.800179586909231f,-0.5571777877347681f,1.969985877783032f,0.267192774299251f,-0.4996438136983851f,-0.8239927674410761f,1.170317814800282f,0f,0f,0f,1f], start_interpolation: 0, interpolation_duration: 1 }
$data merge entity $(bone_rightmidfinger) { transformation: [-0.9377326270390227f,-0.33176601412246304f,-0.10290205080457211f,-0.5865209525447934f,-0.22195842301828203f,0.800179586909231f,-0.5571777877347681f,1.8829268484494743f,0.267192774299251f,-0.4996438136983851f,-0.8239927674410761f,1.0415689448876138f,0f,0f,0f,1f], start_interpolation: 0, interpolation_duration: 1 }
$data merge entity $(bone_rightringfinger) { transformation: [-0.9377326270390227f,-0.33176601412246304f,-0.10290205080457211f,-0.6025993979830078f,-0.22195842301828203f,0.800179586909231f,-0.5571777877347681f,1.795867819115917f,0.267192774299251f,-0.4996438136983851f,-0.8239927674410761f,0.9128200749749457f,0f,0f,0f,1f], start_interpolation: 0, interpolation_duration: 1 }
$data merge entity $(bone_hugeasssword) { transformation: [-3.672786122569506f,-1.2994168886463138f,-0.4030330323179075f,-0.40321785056235687f,-0.8693371568216047f,3.134036715394488f,-2.182279668627842f,2.113126936087999f,1.0465050326720664f,-1.9569382703186753f,-3.2273050058108814f,0.8819806015481577f,0f,0f,0f,1f], start_interpolation: 0, interpolation_duration: 1 }
$data merge entity $(bone_ice) { transformation: [-0.9377326270390227f,-0.33176601412246304f,-0.10290205080457211f,-0.3833819342942087f,-0.22195842301828203f,0.800179586909231f,-0.5571777877347681f,2.1040922304022027f,0.267192774299251f,-0.4996438136983851f,-0.8239927674410761f,0.8856126490387691f,0f,0f,0f,1f], start_interpolation: 0, interpolation_duration: 1 }
$data merge entity $(bone_righthand1) { transformation: [-0.9377326270390227f,-0.33176601412246304f,-0.10290205080457211f,-0.703972283672223f,-0.22195842301828203f,0.800179586909231f,-0.5571777877347681f,2.2312357155082285f,0.267192774299251f,-0.4996438136983851f,-0.8239927674410761f,0.801750115206452f,0f,0f,0f,1f], start_interpolation: 0, interpolation_duration: 1 }
$data merge entity $(bone_rightforearm) { transformation: [-0.9377326270390227f,-0.33176601412246304f,-0.10290205080457211f,-0.8770291286183195f,-0.22195842301828203f,0.800179586909231f,-0.5571777877347681f,2.81644029192578f,0.267192774299251f,-0.4996438136983851f,-0.8239927674410761f,0.4466133972973386f,0f,0f,0f,1f], start_interpolation: 0, interpolation_duration: 1 }
$data merge entity $(bone_rightelbow) { transformation: [-0.9377326270390227f,-0.33176601412246304f,-0.10290205080457211f,-0.9392352562662813f,-0.22195842301828203f,0.800179586909231f,-0.5571777877347681f,2.9664739644712608f,0.267192774299251f,-0.4996438136983851f,-0.8239927674410761f,0.35293018222889144f,0f,0f,0f,1f], start_interpolation: 0, interpolation_duration: 1 }
$data merge entity $(bone_rightarm) { transformation: [-0.9975192392318714f,-0.055215069799277275f,0.043665357313659316f,-0.75f,-0.05932155142661497f,0.993303495871164f,-0.09914191155341012f,3.479200486517459f,-0.037898824501665984f,-0.1014862609281949f,-0.9941147911303837f,0.3415435068473579f,0f,0f,0f,1f], start_interpolation: 0, interpolation_duration: 1 }
$data merge entity $(bone_chest1) { transformation: [-1.0833333333333333f,-2.9136943106094325e-17f,1.2943100863289148e-16f,-0.0023231250000000253f,0f,1.0568843908546237f,0.2379211959430311f,3.3469868947605f,-1.3267006990762992e-16f,0.2379211959430311f,-1.0568843908546237f,0.1989562569159369f,0f,0f,0f,1f], start_interpolation: 0, interpolation_duration: 1 }
$data merge entity $(bone_chest1lid) { transformation: [-1f,-2.689563979024092e-17f,1.1947477719959215e-16f,-0.3437500000000001f,0f,0.9755855915581142f,0.21961956548587488f,2.594282140847398f,-1.2246467991473532e-16f,0.21961956548587488f,-0.9755855915581142f,0.4306229460943707f,0f,0f,0f,1f], start_interpolation: 0, interpolation_duration: 1 }
$data merge entity $(bone_chest2) { transformation: [-1f,-2.689563979024092e-17f,1.1947477719959215e-16f,-0.3437500000000001f,0f,0.9755855915581142f,0.21961956548587488f,2.4418468921664425f,-1.2246467991473532e-16f,0.21961956548587488f,-0.9755855915581142f,0.39630738898720275f,0f,0f,0f,1f], start_interpolation: 0, interpolation_duration: 1 }
$data merge entity $(bone_chest1lid3) { transformation: [-1f,-2.689563979024092e-17f,1.1947477719959215e-16f,-0.28125f,0f,0.9755855915581142f,0.21961956548587488f,2.734975924986786f,-1.2246467991473532e-16f,0.21961956548587488f,-0.9755855915581142f,-0.1943615734975463f,0f,0f,0f,1f], start_interpolation: 0, interpolation_duration: 1 }
$data merge entity $(bone_chest3) { transformation: [-1f,-2.689563979024092e-17f,1.1947477719959215e-16f,-0.28125f,0f,0.9755855915581142f,0.21961956548587488f,2.5825406763058307f,-1.2246467991473532e-16f,0.21961956548587488f,-0.9755855915581142f,-0.22867713060471423f,0f,0f,0f,1f], start_interpolation: 0, interpolation_duration: 1 }
$data merge entity $(bone_hugeasssword2) { transformation: [-1.3376175799881088e-15f,2.887669569172986f,-2.646061646494669f,-1.234375f,-0.8601766314863432f,2.5814596166947394f,2.817168824865992f,4.5371434151327765f,3.8210435669359475f,0.5811269090519985f,0.6341887360485534f,0.19531847549893988f,0f,0f,0f,1f], start_interpolation: 0, interpolation_duration: 1 }
$data merge entity $(bone_belt) { transformation: [-1f,-2.689563979024092e-17f,1.1947477719959215e-16f,0.029705624999999968f,0f,0.9755855915581142f,0.21961956548587488f,2.9296331359041416f,-1.2246467991473532e-16f,0.21961956548587488f,-0.9755855915581142f,0.2391817882948844f,0f,0f,0f,1f], start_interpolation: 0, interpolation_duration: 1 }
$data merge entity $(bone_torn_part) { transformation: [-1f,-6.15775859675695e-17f,1.0585744533581547e-16f,-0.09375000000000003f,0f,0.8643916385484988f,0.502819147614171f,2.6526185879295836f,-1.2246467991473532e-16f,0.502819147614171f,-0.8643916385484988f,0.1714830233367466f,0f,0f,0f,1f], start_interpolation: 0, interpolation_duration: 1 }
$data merge entity $(bone_lowerbody) { transformation: [-1f,-2.689563979024092e-17f,1.1947477719959215e-16f,0.0039062499999999753f,0f,0.9755855915581142f,0.21961956548587488f,2.145374434405147f,-1.2246467991473532e-16f,0.21961956548587488f,-0.9755855915581142f,0.20143863118970656f,0f,0f,0f,1f], start_interpolation: 0, interpolation_duration: 1 }
$data merge entity $(bone_leftfoot) { transformation: [-0.9961946980917455f,0.0007960376201162217f,-0.08715210736409824f,0.26334707245149397f,-1.734723475976807e-18f,0.9999582886514967f,0.009133507385979012f,0.17803500968368413f,0.08715574274765805f,0.009098751632894087f,-0.9961531454675163f,-0.17643217152815516f,0f,0f,0f,1f], start_interpolation: 0, interpolation_duration: 1 }
$data merge entity $(bone_leftlowerleg) { transformation: [-0.9961946980917455f,0.031397204037169404f,-0.0813039917380709f,0.3106703483058195f,-1.734723475976807e-18f,0.9328586869309379f,0.36024251583827016f,1.1575754290001499f,0.08715574274765805f,0.3588716843053164f,-0.9293088779894279f,0.36447534662478964f,0f,0f,0f,1f], start_interpolation: 0, interpolation_duration: 1 }
$data merge entity $(bone_leftleg) { transformation: [-0.9961946980917455f,-0.02980901962620912f,-0.08189960831908923f,0.25f,-1.734723475976807e-18f,0.9396926207859084f,-0.3420201433256687f,2.164905684405147f,0.08715574274765805f,-0.34071865342161006f,-0.9361168066628591f,0.029563631189706594f,0f,0f,0f,1f], start_interpolation: 0, interpolation_duration: 1 }
$data merge entity $(bone_rightfoot) { transformation: [-0.9990510418111935f,0.042070483321090646f,0.011273432888820602f,-0.3636471517703324f,0.04153950018322485f,0.9981766722484987f,-0.043792703769474806f,0.14100867892934077f,-0.013095257939298879f,-0.043282853557071954f,-0.9989770311711176f,-0.10654400892146448f,0f,0f,0f,1f], start_interpolation: 0, interpolation_duration: 1 }
$data merge entity $(bone_rightlowerleg) { transformation: [-0.9990510418111935f,0.035976897767719854f,0.024549514923516154f,-0.3275072063731387f,0.04153950018322485f,0.956516200761621f,0.2887061267189909f,1.1577854058681956f,-0.013095257939298879f,0.2894519312555458f,-0.9571029692315962f,0.361621411212101f,0f,0f,0f,1f], start_interpolation: 0, interpolation_duration: 1 }
$data merge entity $(bone_rightleg) { transformation: [-0.9990510418111935f,0.043524001541147f,-0.0016361985867067719f,-0.25f,0.04153950018322485f,0.9408583161792659f,-0.3362441059719031f,2.164905684405147f,-0.013095257939298879f,-0.3359929912455954f,-0.941773446245614f,0.02956363118970653f,0f,0f,0f,1f], start_interpolation: 0, interpolation_duration: 1 }
data modify entity @s data merge value {"locators":{"lefthand":{"posx":0.37411270737375074,"posy":2.2184513864962714,"posz":1.0310949800536295,"roty":31.025252912433643,"rotx":-52.19289016519902},"righthand":{"posx":-0.4645026795646321,"posy":2.079486725132138,"posz":0.931343793209628,"roty":352.88162789963815,"rotx":-33.860846779363406},"chest":{"posx":-0.3750000000000001,"posy":2.498992484267848,"posz":0.5693319719324589,"roty":0,"rotx":12.686689235320891},"sack":{"posx":0,"posy":-0.4375,"posz":0,"roty":0,"rotx":0}},"cameras":{}}