# This file was generated by Animated Java via MC-Build. It is not recommended to edit this file directly.
$data merge entity $(bone_nose) { transformation: [-1f,-1.224646799147353e-16f,-1.232595164407831e-32f,-2.325292668058877e-16f,0f,0f,1f,2.615007797428477f,-1.2246467991473532e-16f,1f,0f,1.9019809998452692f,0f,0f,0f,1f], start_interpolation: 0, interpolation_duration: 1 }
$data merge entity $(bone_glowing_eye) { transformation: [-1f,-1.224646799147353e-16f,-1.232595164407831e-32f,-0.12500000000000025f,0f,0f,1f,2.580112172428477f,-1.2246467991473532e-16f,1f,0f,1.9696891248452695f,0f,0f,0f,1f], start_interpolation: 0, interpolation_duration: 1 }
$data merge entity $(bone_head) { transformation: [-1f,-1.224646799147353e-16f,-1.232595164407831e-32f,-2.1740771083214095e-16f,0f,0f,1f,2.802262797428477f,-1.2246467991473532e-16f,1f,0f,1.7785041248452695f,0f,0f,0f,1f], start_interpolation: 0, interpolation_duration: 1 }
$data merge entity $(bone_leftthumb2) { transformation: [-1f,9.71445146547012e-17f,-1.3877787807814457e-17f,1.2379312046583293f,0f,0.4617486132350338f,-0.8870108331782217f,1.5438769024745105f,-1.1102230246251565e-16f,-0.8870108331782217f,-0.4617486132350339f,1.8658121259322482f,0f,0f,0f,1f], start_interpolation: 0, interpolation_duration: 1 }
$data merge entity $(bone_leftthumb) { transformation: [-1f,9.71445146547012e-17f,-1.3877787807814457e-17f,1.2379312046583293f,0f,0.4617486132350338f,-0.8870108331782217f,1.5813155584794754f,-1.1102230246251565e-16f,-0.8870108331782217f,-0.4617486132350339f,1.6088194895610053f,0f,0f,0f,1f], start_interpolation: 0, interpolation_duration: 1 }
$data merge entity $(bone_leftpointerfinger) { transformation: [-0.12854320606946837f,0.02266563541681548f,-0.9914448613738105f,1.2057335290555f,0.8371797612376264f,0.5383948959330925f,-0.09623400338396579f,1.2751767278701767f,0.5316076481273504f,-0.8423877996530732f,-0.08818221730122618f,1.7733445574198154f,0f,0f,0f,1f], start_interpolation: 0, interpolation_duration: 1 }
$data merge entity $(bone_leftmidfinger) { transformation: [-0.12854320606946837f,0.02266563541681548f,-0.9914448613738105f,1.0508202694658422f,0.8371797612376264f,0.5383948959330925f,-0.09623400338396579f,1.2601401648414319f,0.5316076481273504f,-0.8423877996530732f,-0.08818221730122618f,1.7595660859664988f,0f,0f,0f,1f], start_interpolation: 0, interpolation_duration: 1 }
$data merge entity $(bone_leftringfinger) { transformation: [-0.1260786200725189f,0.03378266443126188f,-0.9914448613738105f,0.8959070098761843f,0.8809182465412337f,0.46338111690423145f,-0.09623400338396579f,1.2451036018126873f,0.45616578616915976f,-0.885514919174438f,-0.08818221730122618f,1.745787614513182f,0f,0f,0f,1f], start_interpolation: 0, interpolation_duration: 1 }
$data merge entity $(bone_invisibility) { transformation: [-0.0864101132863833f,0.9876721143508954f,0.13052619222005118f,1.2122425199321718f,0.6646320368669121f,0.15474937028503727f,-0.7309698269877655f,1.4891335619940946f,-0.7421573605994711f,0.023588703440753894f,-0.6698104397350119f,1.8210500004471861f,0f,0f,0f,1f], start_interpolation: 0, interpolation_duration: 1 }
$data merge entity $(bone_swiftness) { transformation: [-0.9914448613738105f,9.029043306084032e-17f,0.1305261922200512f,1.0195483964394114f,-0.09623400338396562f,0.6755902076156601f,-0.7309698269877656f,1.4176745645339193f,-0.08818221730122602f,-0.737277336810124f,-0.669810439735012f,1.9392414485213791f,0f,0f,0f,1f], start_interpolation: 0, interpolation_duration: 1 }
$data merge entity $(bone_suspicious_stew) { transformation: [-0.41900270392554856f,0.8985541982805565f,0.13052619222005146f,1.0263466084245825f,0.5716224187772997f,0.37273438583616797f,-0.7309698269877656f,1.439421395377617f,-0.7054676069489432f,-0.23166663628524753f,-0.6698104397350122f,1.8390757098661807f,0f,0f,0f,1f], start_interpolation: 0, interpolation_duration: 1 }
$data merge entity $(bone_log) { transformation: [-0.13052619222005143f,9.029043306084032e-17f,-0.9914448613738105f,0.9676358000270553f,0.7309698269877656f,0.6755902076156601f,-0.09623400338396579f,1.587887623701054f,0.669810439735012f,-0.737277336810124f,-0.08818221730122618f,1.8055772300540776f,0f,0f,0f,1f], start_interpolation: 0, interpolation_duration: 1 }
$data merge entity $(bone_planks) { transformation: [-0.13052619222005143f,9.029043306084032e-17f,-0.9914448613738105f,0.9553989695064254f,0.7309698269877656f,0.6755902076156601f,-0.09623400338396579f,1.6564160449811571f,0.669810439735012f,-0.737277336810124f,-0.08818221730122618f,1.868371958779235f,0f,0f,0f,1f], start_interpolation: 0, interpolation_duration: 1 }
$data merge entity $(bone_lefthand1) { transformation: [-0.13052619222005143f,9.029043306084032e-17f,-0.9914448613738105f,1.0312499999999998f,0.7309698269877656f,0.6755902076156601f,-0.09623400338396579f,1.5770500314637765f,0.669810439735012f,-0.737277336810124f,-0.08818221730122618f,1.456560980208457f,0f,0f,0f,1f], start_interpolation: 0, interpolation_duration: 1 }
$data merge entity $(bone_leftforearm) { transformation: [-1f,9.029043306084032e-17f,8.273593852918138e-17f,0.9687499999999998f,0f,0.6755902076156601f,-0.737277336810124f,2.0635943545811957f,-1.2246467991473532e-16f,-0.737277336810124f,-0.6755902076156601f,0.9487189497578332f,0f,0f,0f,1f], start_interpolation: 0, interpolation_duration: 1 }
$data merge entity $(bone_leftelbow) { transformation: [-1f,-2.1265768495757707e-17f,1.2060416625018976e-16f,0.9687499999999998f,0f,0.984807753012208f,0.1736481776669303f,2.2482458082709846f,-1.2246467991473532e-16f,0.1736481776669303f,-0.984807753012208f,0.9812779830703826f,0f,0f,0f,1f], start_interpolation: 0, interpolation_duration: 1 }
$data merge entity $(bone_leftarm) { transformation: [-1f,-1.1099069304367542e-16f,5.1755810150196606e-17f,0.7499999999999998f,0f,0.4226182617406996f,0.9063077870366498f,2.4312328207964393f,-1.2246467991473532e-16f,0.9063077870366498f,-0.4226182617406996f,1.4476386972681043f,0f,0f,0f,1f], start_interpolation: 0, interpolation_duration: 1 }
$data merge entity $(bone_rightthumb2) { transformation: [0.9850783334221398f,-0.16238018855068f,-0.05703815730284721f,-0.9231497964326693f,0.15702247237280562f,0.9836300467988808f,-0.0884074329700981f,1.2954364961569158f,0.07046006097208765f,0.07813197425303134f,0.9944499858751736f,1.9781867084547062f,0f,0f,0f,1f], start_interpolation: 0, interpolation_duration: 1 }
$data merge entity $(bone_rightthumb) { transformation: [0.9850783334221398f,-0.16238018855068f,-0.05703815730284721f,-0.9678466581510174f,0.15702247237280562f,0.9836300467988808f,-0.0884074329700981f,1.5291093097059483f,0.07046006097208765f,0.07813197425303134f,0.9944499858751736f,2.082331198818383f,0f,0f,0f,1f], start_interpolation: 0, interpolation_duration: 1 }
$data merge entity $(bone_rightpointerfinger) { transformation: [-0.012313133818350742f,0.004834052683230923f,-0.9999125055074701f,-1.0187806428877546f,-0.1283759705112455f,0.991705080519501f,0.006375222906317535f,1.5207106951239273f,0.9916491299501387f,0.1284432372936196f,-0.011590421160062758f,2.427528771734156f,0f,0f,0f,1f], start_interpolation: 0, interpolation_duration: 1 }
$data merge entity $(bone_rightmidfinger) { transformation: [-0.012512272859857029f,0.004292360382511001f,-0.9999125055074701f,-1.1750169718732968f,-0.1715113530924567f,0.9851615158405695f,0.006375222906317535f,1.5217068237030393f,0.9851026843879144f,0.17157611532220068f,-0.011590421160062758f,2.425717768427896f,0f,0f,0f,1f], start_interpolation: 0, interpolation_duration: 1 }
$data merge entity $(bone_rightringfinger) { transformation: [-0.012838763741345183f,0.003185510220794313f,-0.9999125055074701f,-1.331253300858839f,-0.25672118425274015f,0.9664644794759737f,0.006375222906317535f,1.5227029522821516f,0.9664002274945223f,0.2567805725436947f,-0.011590421160062758f,2.423906765121636f,0f,0f,0f,1f], start_interpolation: 0, interpolation_duration: 1 }
$data merge entity $(bone_hugeasssword) { transformation: [0.008046464244432047f,0.051181213524141456f,-3.9163239799042584f,-1.157284698481424f,3.6832805873501506f,1.3315774144044552f,0.02496962304974368f,1.3408681273436867f,1.3317872003591493f,-3.6830096185874837f,-0.045395816210245805f,2.1445710464935908f,0f,0f,0f,1f], start_interpolation: 0, interpolation_duration: 1 }
$data merge entity $(bone_ice) { transformation: [0.002054416402833714f,0.0130675438785042f,-0.9999125055074701f,-1.1575209791108199f,0.9404120648553576f,0.3399772121883715f,0.006375222906317535f,1.3208620448898785f,0.34003077455978276f,-0.9403428813414851f,-0.011590421160062758f,2.153950923162055f,0f,0f,0f,1f], start_interpolation: 0, interpolation_duration: 1 }
$data merge entity $(bone_righthand1) { transformation: [0.002054416402833714f,0.0130675438785042f,-0.9999125055074701f,-1.1849877548375938f,0.9404120648553576f,0.3399772121883715f,0.006375222906317535f,1.6411585898666332f,0.34003077455978276f,-0.9403428813414851f,-0.011590421160062758f,2.003510695805377f,0f,0f,0f,1f], start_interpolation: 0, interpolation_duration: 1 }
$data merge entity $(bone_rightforearm) { transformation: [-0.9536955904735654f,0.01311301474342079f,-0.30048755307935154f,-1.1114665739246634f,0.26679636578662325f,0.4981469042265841f,-0.8250268850240705f,1.9876344041177874f,0.13886835461806113f,-0.8669934893952834f,-0.47857901064700176f,1.392704423452049f,0f,0f,0f,1f], start_interpolation: 0, interpolation_duration: 1 }
$data merge entity $(bone_rightelbow) { transformation: [-0.9536955904735654f,0.01311301474342079f,-0.30048755307935154f,-1.109007883660272f,0.26679636578662325f,0.4981469042265841f,-0.8250268850240705f,2.081036948660272f,0.13886835461806113f,-0.8669934893952834f,-0.47857901064700176f,1.2301431441904334f,0f,0f,0f,1f], start_interpolation: 0, interpolation_duration: 1 }
$data merge entity $(bone_rightarm) { transformation: [-0.9536955904735654f,0.3007735371810309f,-0.0000065489172389420245f,-0.7500000000000002f,0.26679636578662325f,0.8459705050208197f,0.46168561146939546f,2.4312328207964393f,0.13886835461806113f,0.440305784616135f,-0.887043626953738f,1.4476386972681043f,0f,0f,0f,1f], start_interpolation: 0, interpolation_duration: 1 }
$data merge entity $(bone_chest1) { transformation: [-1.0833333333333333f,-9.381190609217842e-17f,9.381190609217843e-17f,-0.0023231250000001536f,0f,0.7660323462854265f,0.7660323462854264f,2.3957139632939626f,-1.3267006990762992e-16f,0.7660323462854264f,-0.7660323462854265f,1.2564582368386974f,0f,0f,0f,1f], start_interpolation: 0, interpolation_duration: 1 }
$data merge entity $(bone_chest1lid) { transformation: [-1f,-8.659560562354932e-17f,8.659560562354933e-17f,-0.3437500000000001f,0f,0.7071067811865476f,0.7071067811865475f,1.6357376919615731f,-1.2246467991473532e-16f,0.7071067811865475f,-0.7071067811865476f,1.0498911328506713f,0f,0f,0f,1f], start_interpolation: 0, interpolation_duration: 1 }
$data merge entity $(bone_chest2) { transformation: [-1f,-8.659560562354932e-17f,8.659560562354933e-17f,-0.3437500000000001f,0f,0.7071067811865476f,0.7071067811865475f,1.525252257401175f,-1.2246467991473532e-16f,0.7071067811865475f,-0.7071067811865476f,0.9394056982902733f,0f,0f,0f,1f], start_interpolation: 0, interpolation_duration: 1 }
$data merge entity $(bone_chest1lid3) { transformation: [-1f,-8.659560562354932e-17f,8.659560562354933e-17f,-0.28125000000000006f,0f,0.7071067811865476f,0.7071067811865475f,2.0887279736592053f,-1.2246467991473532e-16f,0.7071067811865475f,-0.7071067811865476f,0.5969008511530394f,0f,0f,0f,1f], start_interpolation: 0, interpolation_duration: 1 }
$data merge entity $(bone_chest3) { transformation: [-1f,-8.659560562354932e-17f,8.659560562354933e-17f,-0.28125000000000006f,0f,0.7071067811865476f,0.7071067811865475f,1.978242539098807f,-1.2246467991473532e-16f,0.7071067811865475f,-0.7071067811865476f,0.4864154165926413f,0f,0f,0f,1f], start_interpolation: 0, interpolation_duration: 1 }
$data merge entity $(bone_hugeasssword2) { transformation: [-1.2088408246486076e-15f,2.8876695691729855f,-2.6460616464946694f,-1.2343750000000004f,-2.769501559647311f,1.871048133674022f,2.041890734188255f,3.403504644927942f,2.7695015596473116f,1.8710481336740223f,2.0418907341882533f,1.8895804355096961f,0f,0f,0f,1f], start_interpolation: 0, interpolation_duration: 1 }
$data merge entity $(bone_belt) { transformation: [-1f,-8.659560562354932e-17f,8.659560562354933e-17f,0.029705624999999868f,0f,0.7071067811865476f,0.7071067811865475f,2.0214900737196526f,-1.2246467991473532e-16f,0.7071067811865475f,-0.7071067811865476f,1.067358438112932f,0f,0f,0f,1f], start_interpolation: 0, interpolation_duration: 1 }
$data merge entity $(bone_torn_part) { transformation: [-1f,-9.029043306084032e-17f,8.273593852918142e-17f,-0.09375000000000011f,0f,0.6755902076156604f,0.737277336810124f,1.8173952166916205f,-1.2246467991473532e-16f,0.737277336810124f,-0.6755902076156604f,0.9036058025928133f,0f,0f,0f,1f], start_interpolation: 0, interpolation_duration: 1 }
$data merge entity $(bone_lowerbody) { transformation: [-1f,-6.123233995736765e-17f,1.0605752387249069e-16f,0.003906249999999904f,0f,0.8660254037844387f,0.49999999999999994f,1.32421875f,-1.2246467991473532e-16f,0.49999999999999994f,-0.8660254037844387f,0.78125f,0f,0f,0f,1f], start_interpolation: 0, interpolation_duration: 1 }
$data merge entity $(bone_leftfoot) { transformation: [-0.9753667896506382f,0.20132186483038278f,0.09016170133612593f,-0.004553600900528587f,-0.042585433717795204f,-0.5728928766473174f,0.8185232023112291f,0.39860294844568966f,0.21643961393810277f,0.7945207729367301f,0.56735406483989f,-0.8680931020884891f,0f,0f,0f,1f], start_interpolation: 0, interpolation_duration: 1 }
$data merge entity $(bone_leftlowerleg) { transformation: [-0.9753667896506382f,0.21160909710667072f,-0.06229940343460197f,0.2397722719800208f,-0.042585433717795204f,0.09647782743836791f,0.9944237073038031f,0.3528441862366192f,0.21643961393810277f,0.9725809060610188f,-0.0850898036421106f,0.22393751663467298f,0f,0f,0f,1f], start_interpolation: 0, interpolation_duration: 1 }
$data merge entity $(bone_leftleg) { transformation: [-0.9753667896506382f,0.032967434327222433f,-0.21811183810258436f,0.24999999999999992f,-0.042585433717795204f,0.9420272412718134f,0.3328230123307041f,1.34375f,0.21643961393810277f,0.3339129002834377f,-0.9174181535933481f,0.609375f,0f,0f,0f,1f], start_interpolation: 0, interpolation_duration: 1 }
$data merge entity $(bone_rightfoot) { transformation: [-0.9905012255519768f,0.03788981775834799f,0.13218049739001286f,-0.3758700943060165f,0.043246217459636076f,0.998345694830039f,0.03788981775834793f,0.1640436825162368f,-0.1305261922200517f,0.04324621745963597f,-0.990501225551977f,0.9342649397490297f,0f,0f,0f,1f], start_interpolation: 0, interpolation_duration: 1 }
$data merge entity $(bone_rightlowerleg) { transformation: [-0.9905012255519768f,-0.027425482547752227f,0.13474110392547242f,-0.42699762013324827f,0.043246217459636076f,0.8680478757654382f,0.49459341893574005f,1.0510421797202512f,-0.1305261922200517f,0.49572243068690514f,-0.8586164364012611f,1.6161296702984596f,0f,0f,0f,1f], start_interpolation: 0, interpolation_duration: 1 }
$data merge entity $(bone_rightleg) { transformation: [-0.9905012255519768f,0.13724814934879823f,-0.008382581962736283f,-0.25000000000000006f,0.043246217459636076f,0.25307323455375774f,-0.9664800580601406f,1.34375f,-0.1305261922200517f,-0.9576621969425486f,-0.2566048122925706f,0.609375f,0f,0f,0f,1f], start_interpolation: 0, interpolation_duration: 1 }
execute on vehicle unless entity @s[tag=aj.transforms_only] positioned ^-1.141908925 ^1.4036139192 ^2.2007027661 rotated ~270.6641105813 ~0.3652758404 run function animated_java:wander/animations/give_sword1/zzz/frames/zzz/0
data modify entity @s data merge value {"locators":{"lefthand":{"posx":0.9953639565066509,"posy":1.468082373753852,"posz":1.8017601404125427,"roty":275.082691734047,"rotx":-5.522348441990871},"righthand":{"posx":-1.1419089250476016,"posy":1.4036139191717139,"posz":2.200702766128621,"roty":270.66411058133366,"rotx":0.3652758403617192},"chest":{"posx":-0.3750000000000001,"posy":1.481058083577016,"posz":1.1161823935869102,"roty":0,"rotx":44.99999999999999},"sack":{"posx":0,"posy":-0.4375,"posz":0,"roty":0,"rotx":0}},"cameras":{}}