# This file was generated by Animated Java via MC-Build. It is not recommended to edit this file directly.
$data merge entity $(bone_nose) { transformation: [-0.9909478226430892f,0.13065460203079837f,0.030851057795378667f,-0.13781681938105378f,0.13406200553656888f,0.9510140147046157f,0.27856726747218863f,3.756878502953895f,0.007056307138518514f,0.2801815818421737f,-0.959921085155433f,0.9608370080247313f,0f,0f,0f,1f], start_interpolation: 0, interpolation_duration: 1 }
$data merge entity $(bone_glowing_eye) { transformation: [-0.9909478226430892f,0.13065460203079837f,0.030851057795378667f,-0.2539154860289942f,0.13406200553656888f,0.9510140147046157f,0.27856726747218863f,3.8283068505273543f,0.007056307138518514f,0.2801815818421737f,-0.959921085155433f,1.0141866622002909f,0f,0f,0f,1f], start_interpolation: 0, interpolation_duration: 1 }
$data merge entity $(bone_head) { transformation: [-0.9909478226430892f,0.13065460203079837f,0.030851057795378667f,-0.14817262651671176f,0.13406200553656888f,0.9510140147046157f,0.27856726747218863f,3.69161337800747f,0.007056307138518514f,0.2801815818421737f,-0.959921085155433f,0.7464910390655224f,0f,0f,0f,1f], start_interpolation: 0, interpolation_duration: 1 }
$data merge entity $(bone_leftthumb2) { transformation: [0.38102080265448024f,0.9137263647705087f,-0.14116401194286926f,-0.966906787920556f,0.08698285269598262f,-0.18743011951488475f,-0.9784190991775992f,3.3042284676739024f,-0.9204657143432364f,0.36051918204432143f,-0.15089330037045556f,0.12573756495596625f,0f,0f,0f,1f], start_interpolation: 0, interpolation_duration: 1 }
$data merge entity $(bone_leftthumb) { transformation: [0.38102080265448024f,0.9137263647705087f,-0.14116401194286926f,-0.7548857734589322f,0.08698285269598262f,-0.18743011951488475f,-0.9784190991775992f,3.1746493864208034f,-0.9204657143432364f,0.36051918204432143f,-0.15089330037045556f,0.20125722624206255f,0f,0f,0f,1f], start_interpolation: 0, interpolation_duration: 1 }
$data merge entity $(bone_leftpointerfinger) { transformation: [0.9556425035806098f,-0.258495893743745f,-0.14116401194286926f,-1.045315300747416f,-0.17447308830886743f,-0.1107032421406941f,-0.9784190991775992f,3.2013869945873545f,0.23729000570219966f,0.9596481986109082f,-0.15089330037045556f,0.06759977300687431f,0f,0f,0f,1f], start_interpolation: 0, interpolation_duration: 1 }
$data merge entity $(bone_leftmidfinger) { transformation: [0.9556425035806098f,-0.258495893743745f,-0.14116401194286926f,-1.0673721776134895f,-0.17447308830886743f,-0.1107032421406941f,-0.9784190991775992f,3.0485090103408545f,0.23729000570219966f,0.9596481986109082f,-0.15089330037045556f,0.04402269482399063f,0f,0f,0f,1f], start_interpolation: 0, interpolation_duration: 1 }
$data merge entity $(bone_leftringfinger) { transformation: [0.9556425035806098f,-0.258495893743745f,-0.14116401194286926f,-1.0894290544795628f,-0.17447308830886743f,-0.1107032421406941f,-0.9784190991775992f,2.895631026094355f,0.23729000570219966f,0.9596481986109082f,-0.15089330037045556f,0.020445616641106945f,0f,0f,0f,1f], start_interpolation: 0, interpolation_duration: 1 }
$data merge entity $(bone_invisibility) { transformation: [0.897946105780905f,0.22026334024853755f,-0.38102080265448013f,-0.927201853231707f,-0.27199173463074855f,0.9583603078328237f,-0.08698285269598284f,3.2071574620069083f,0.345996080043493f,0.18174042289246414f,0.9204657143432362f,0.048124563418513504f,0f,0f,0f,1f], start_interpolation: 0, interpolation_duration: 1 }
$data merge entity $(bone_swiftness) { transformation: [-0.14116401194286918f,0.9137263647705087f,-0.3810208026544803f,-1.0575593203010736f,-0.9784190991775992f,-0.18743011951488475f,-0.08698285269598284f,3.053615420766512f,-0.15089330037045576f,0.36051918204432143f,0.9204657143432364f,-0.07692904226929809f,0f,0f,0f,1f], start_interpolation: 0, interpolation_duration: 1 }
$data merge entity $(bone_suspicious_stew) { transformation: [0.768458830264564f,0.5140954912591177f,-0.38102080265448024f,-0.9965010288196126f,-0.5833671557898881f,0.8075374572628105f,-0.08698285269598265f,3.0324896677633686f,0.262971077751973f,0.2891177631771541f,0.9204657143432367f,0.0029327329407255187f,0f,0f,0f,1f], start_interpolation: 0, interpolation_duration: 1 }
$data merge entity $(bone_log) { transformation: [0.38102080265448024f,0.9137263647705087f,-0.14116401194286926f,-0.8531815960342635f,0.08698285269598262f,-0.18743011951488475f,-0.9784190991775992f,2.9713521499903064f,-0.9204657143432364f,0.36051918204432143f,-0.15089330037045556f,-0.04536915347827783f,0f,0f,0f,1f], start_interpolation: 0, interpolation_duration: 1 }
$data merge entity $(bone_planks) { transformation: [0.38102080265448024f,0.9137263647705087f,-0.14116401194286926f,-0.8174608957854059f,0.08698285269598262f,-0.18743011951488475f,-0.9784190991775992f,2.9795067924305547f,-0.9204657143432364f,0.36051918204432143f,-0.15089330037045556f,-0.13166281419795625f,0f,0f,0f,1f], start_interpolation: 0, interpolation_duration: 1 }
$data merge entity $(bone_lefthand) { transformation: [0.38102080265448024f,0.9137263647705087f,-0.14116401194286926f,-0.7155938301320417f,0.08698285269598262f,-0.18743011951488475f,-0.9784190991775992f,2.9333245037868894f,-0.9204657143432364f,0.36051918204432143f,-0.15089330037045556f,0.2795924862551884f,0f,0f,0f,1f], start_interpolation: 0, interpolation_duration: 1 }
$data merge entity $(bone_leftforearm) { transformation: [0.395209815954194f,0.6641113289350484f,-0.6346379630573447f,-0.20469500979446015f,-0.1332114122930571f,-0.6421439993284276f,-0.7549210579665806f,2.4919304106399305f,-0.908880586770529f,0.38289323173257533f,-0.1653144037434211f,0.4942972143824912f,0f,0f,0f,1f], start_interpolation: 0, interpolation_duration: 1 }
$data merge entity $(bone_leftelbow) { transformation: [0.395209815954194f,0.6641113289350484f,-0.6346379630573447f,-0.08017413561913858f,-0.1332114122930571f,-0.6421439993284276f,-0.7549210579665806f,2.3715284107658503f,-0.908880586770529f,0.38289323173257533f,-0.1653144037434211f,0.5660896953323491f,0f,0f,0f,1f], start_interpolation: 0, interpolation_duration: 1 }
$data merge entity $(bone_leftarm) { transformation: [0.5164967547018344f,0.5260834972826709f,0.6756236054707581f,0.17797999858922084f,0.6665524021915162f,0.24828784555707314f,-0.7028947580408791f,2.7759840046176913f,-0.537530461941639f,0.8133813986288723f,-0.22242235240494f,0.9215016370168049f,0f,0f,0f,1f], start_interpolation: 0, interpolation_duration: 1 }
$data merge entity $(bone_rightthumb2) { transformation: [0.21250460853697345f,-0.9194495549986913f,-0.33083879331670923f,-0.9979490367655084f,0.9715685684370915f,0.2349780499699478f,-0.028979869865499025f,3.480949614576391f,0.10438538295972383f,-0.3152742169049499f,0.9432422064238448f,0.03297728425546825f,0f,0f,0f,1f], start_interpolation: 0, interpolation_duration: 1 }
$data merge entity $(bone_rightthumb) { transformation: [0.21250460853697345f,-0.9194495549986913f,-0.33083879331670923f,-1.2517098004371376f,0.9715685684370915f,0.2349780499699478f,-0.028979869865499025f,3.536099671767115f,0.10438538295972383f,-0.3152742169049499f,0.9432422064238448f,0.03626576797162179f,0f,0f,0f,1f], start_interpolation: 0, interpolation_duration: 1 }
$data merge entity $(bone_rightpointerfinger) { transformation: [-0.09658044547131961f,-0.9949470055211244f,-0.027434900348086655f,-1.2271239095098587f,-0.25385331016768725f,0.05127525434151417f,-0.9658826767310411f,3.4197177763383344f,0.96240880839146f,-0.08632093892423212f,-0.25752277769892434f,0.3342243442880508f,0f,0f,0f,1f], start_interpolation: 0, interpolation_duration: 1 }
$data merge entity $(bone_rightmidfinger) { transformation: [-0.09658044547131961f,-0.9949470055211244f,-0.027434900348086655f,-1.2314106126892472f,-0.25385331016768725f,0.05127525434151417f,-0.9658826767310411f,3.268798608099109f,0.96240880839146f,-0.08632093892423212f,-0.25752277769892434f,0.2939864102725939f,0f,0f,0f,1f], start_interpolation: 0, interpolation_duration: 1 }
$data merge entity $(bone_rightringfinger) { transformation: [-0.09658044547131961f,-0.9949470055211244f,-0.027434900348086655f,-1.2356973158686357f,-0.25385331016768725f,0.05127525434151417f,-0.9658826767310411f,3.117879439859884f,0.96240880839146f,-0.08632093892423212f,-0.25752277769892434f,0.253748476257137f,0f,0f,0f,1f], start_interpolation: 0, interpolation_duration: 1 }
$data merge entity $(bone_hugeasssword) { transformation: [-3.9129120472010777f,-0.1336071260687523f,-0.10745335969667275f,-1.0964895723884647f,0.06933315243938497f,1.0119661008167926f,-3.7830404838632448f,3.3199339291981502f,0.15681199768917875f,-3.781316110091709f,-1.008630879320787f,0.10240475075882566f,0f,0f,0f,1f], start_interpolation: 0, interpolation_duration: 1 }
$data merge entity $(bone_ice) { transformation: [-0.9990413737534666f,-0.03411245771968144f,-0.027434900348086655f,-1.0803465437716966f,0.017702081473885523f,0.2583743236127981f,-0.9658826767310411f,3.315620235368671f,0.04003710579298181f,-0.9654424110872448f,-0.25752277769892434f,0.11686420865404853f,0f,0f,0f,1f], start_interpolation: 0, interpolation_duration: 1 }
$data merge entity $(bone_righthand) { transformation: [-0.9990413737534666f,-0.03411245771968144f,-0.027434900348086655f,-1.3394923422758613f,0.017702081473885523f,0.2583743236127981f,-0.9658826767310411f,3.3544555029924967f,0.04003710579298181f,-0.9654424110872448f,-0.25752277769892434f,-0.12253470447260861f,0f,0f,0f,1f], start_interpolation: 0, interpolation_duration: 1 }
$data merge entity $(bone_rightforearm) { transformation: [-0.7232443177103103f,0.4615409360737842f,-0.5137096662784173f,-1.018573750750949f,0.6207580117334514f,0.10852171108036603f,-0.7764551043640076f,3.3930499037623676f,-0.3026171637043742f,-0.8804561332356797f,-0.3649929446978331f,-0.7085259685215782f,0f,0f,0f,1f], start_interpolation: 0, interpolation_duration: 1 }
$data merge entity $(bone_rightelbow) { transformation: [-0.7232443177103103f,0.4615409360737842f,-0.5137096662784173f,-0.9320348252371143f,0.6207580117334514f,0.10852171108036603f,-0.7764551043640076f,3.4133977245899363f,-0.3026171637043742f,-0.8804561332356797f,-0.3649929446978331f,-0.8736114935032682f,0f,0f,0f,1f], start_interpolation: 0, interpolation_duration: 1 }
$data merge entity $(bone_rightarm) { transformation: [-0.241832207128598f,0.7116469904258383f,0.6596027172572575f,-0.4775480541969084f,0.9119351151860533f,0.3989314903343606f,-0.09606254061914965f,3.484052762055933f,-0.3314989129483092f,0.5782838637187213f,-0.7454503629864544f,-0.20104286033435192f,0f,0f,0f,1f], start_interpolation: 0, interpolation_duration: 1 }
$data merge entity $(bone_chest) { transformation: [-0.47854955116783987f,-0.42445117967399976f,0.874324101384332f,0.1739761451625242f,0.3275463447632694f,0.8471178546583634f,0.5905216706119633f,3.223389327118678f,-0.9150490862354823f,0.5252081944367135f,-0.24587117233878175f,0.40766118839513343f,0f,0f,0f,1f], start_interpolation: 0, interpolation_duration: 1 }
$data merge entity $(bone_chest1lid) { transformation: [-0.4417380472318522f,-0.39180108892984594f,0.807068401277845f,-0.024890388889322407f,0.30235047208917176f,0.7819549427615663f,0.5450969267187353f,2.5788862983723093f,-0.8446606949865991f,0.4848075640954279f,-0.22695800523579857f,-0.12325703504564248f,0f,0f,0f,1f], start_interpolation: 0, interpolation_duration: 1 }
$data merge entity $(bone_chest1) { transformation: [-0.4417380472318522f,-0.39180108892984594f,0.807068401277845f,0.03632853125596602f,0.30235047208917176f,0.7819549427615663f,0.5450969267187353f,2.4567058385658145f,-0.8446606949865991f,0.4848075640954279f,-0.22695800523579857f,-0.1990082169355531f,0f,0f,0f,1f], start_interpolation: 0, interpolation_duration: 1 }
$data merge entity $(bone_chest1lid3) { transformation: [-0.4417380472318522f,-0.39180108892984594f,0.807068401277845f,0.5197464336312878f,0.30235047208917176f,0.7819549427615663f,0.5450969267187353f,2.9091921125459255f,-0.8446606949865991f,0.4848075640954279f,-0.22695800523579857f,-0.21586071371316343f,0f,0f,0f,1f], start_interpolation: 0, interpolation_duration: 1 }
$data merge entity $(bone_chest3) { transformation: [-0.4417380472318522f,-0.39180108892984594f,0.807068401277845f,0.5809653537765762f,0.30235047208917176f,0.7819549427615663f,0.5450969267187353f,2.7870116527394306f,-0.8446606949865991f,0.4848075640954279f,-0.22695800523579857f,-0.29161189560307405f,0f,0f,0f,1f], start_interpolation: 0, interpolation_duration: 1 }
$data merge entity $(bone_hugeasssword2) { transformation: [-3.1610179050048934f,0.23886368206520595f,-2.300258186249209f,-0.6110579565810086f,-2.1349629629817133f,1.1960127258513271f,3.0580654806716936f,4.647616471452535f,0.8889188538402104f,3.7219316864727254f,-0.8350602195623229f,-0.13061021115313004f,0f,0f,0f,1f], start_interpolation: 0, interpolation_duration: 1 }
$data merge entity $(bone_belt) { transformation: [-0.4417380472318522f,-0.39180108892984594f,0.807068401277845f,0.23854331899795383f,0.30235047208917176f,0.7819549427615663f,0.5450969267187353f,2.8308747566357377f,-0.8446606949865991f,0.4848075640954279f,-0.22695800523579857f,0.27131058790393275f,0f,0f,0f,1f], start_interpolation: 0, interpolation_duration: 1 }
$data merge entity $(bone_torn_part) { transformation: [-0.8184448131638581f,-0.20354299311318821f,0.5373251694827834f,0.15740927800156898f,0.23927884308027653f,0.7294707770533981f,0.6407948350909798f,2.5992075040141662f,-0.5223923076188448f,0.6530257539941562f,-0.5483280419247425f,0.020094176646243453f,0f,0f,0f,1f], start_interpolation: 0, interpolation_duration: 1 }
$data merge entity $(bone_lowerbody) { transformation: [-0.8184448131638581f,-0.03254560805498781f,0.5736626806769884f,0.17255562500000002f,0.23927884308027653f,0.8883993683555484f,0.3917808029493367f,2.0869575f,-0.5223923076188448f,0.4579163086217761f,-0.7193183796059048f,-0.05132874999999999f,0f,0f,0f,1f], start_interpolation: 0, interpolation_duration: 1 }
$data merge entity $(bone_leftfoot) { transformation: [-0.9686050092595528f,0.24785173107745914f,-0.01892825513810606f,-0.028066653389620083f,0.1171596419167284f,0.5223456914092953f,0.8446675142981993f,0.9651403458637999f,0.21922804209158245f,0.8159151248186536f,-0.5349790075420062f,-1.0650060596400377f,0f,0f,0f,1f], start_interpolation: 0, interpolation_duration: 1 }
$data merge entity $(bone_leftlowerleg) { transformation: [-0.9686050092595528f,0.24785173107745914f,-0.01892825513810606f,0.24980210436528996f,0.1171596419167284f,0.5223456914092953f,0.8446675142981993f,1.4148381291194436f,0.21922804209158245f,0.8159151248186536f,-0.5349790075420062f,-0.07765303406867267f,0f,0f,0f,1f], start_interpolation: 0, interpolation_duration: 1 }
$data merge entity $(bone_leftleg) { transformation: [-0.9098629039583171f,0.009237547481883867f,-0.4147662620279522f,0.22624422838340175f,-0.019896032528781457f,0.9976500672784844f,0.06586566894994936f,2.3488078063381783f,0.41438345079183814f,0.06818365915492766f,-0.9075409971660431f,0.06790587196842511f,0f,0f,0f,1f], start_interpolation: 0, interpolation_duration: 1 }
$data merge entity $(bone_rightfoot) { transformation: [-0.9501043829028218f,-0.2578841619556654f,0.17548814878284952f,0.17381955630981083f,-0.30481800956959637f,0.8870270223363945f,-0.34677072573626927f,0.8150019231948249f,-0.0662386019059405f,-0.3829473377917782f,-0.9213816913724326f,1.1618824126122131f,0f,0f,0f,1f], start_interpolation: 0, interpolation_duration: 1 }
$data merge entity $(bone_rightlowerleg) { transformation: [-0.9501043829028218f,-0.2578841619556654f,0.17548814878284952f,-0.13923367215958937f,-0.30481800956959637f,0.8870270223363945f,-0.34677072573626927f,1.8523273309867152f,-0.0662386019059405f,-0.3829473377917782f,-0.9213816913724326f,0.8786164755839336f,0f,0f,0f,1f], start_interpolation: 0, interpolation_duration: 1 }
$data merge entity $(bone_rightleg) { transformation: [-0.9312436857615098f,0.0025813502976295144f,0.36438788979148273f,-0.12120017457322965f,-0.3312881153932332f,0.4104774072155951f,-0.8495605410329374f,2.3128930773024776f,-0.151767527253092f,-0.9118561481375247f,-0.3814031369733773f,0.026932876261890212f,0f,0f,0f,1f], start_interpolation: 0, interpolation_duration: 1 }
data modify entity @s data merge value {"locators":{"lefthand":{"posx":-0.9580814808442097,"posy":2.9931282840618083,"posz":0.015116653962476412,"roty":316.9079854154487,"rotx":-78.07505012477398},"righthand":{"posx":-1.1730449950912751,"posy":3.32833462352432,"posz":0.13972651839692452,"roty":353.9189945537395,"rotx":-74.99045078414957},"chest":{"posx":-0.1403115725068657,"posy":2.4542911719026956,"posz":-0.14449096620184443,"roty":74.29333470183613,"rotx":33.03128751267802},"sack":{"posx":0,"posy":-0.4375,"posz":0,"roty":0,"rotx":0}},"cameras":{}}