# This file was generated by Animated Java via MC-Build. It is not recommended to edit this file directly.
$data merge entity $(bone_nose) {transformation: [-0.9974f,-0.0309f,0.0649f,-0.1466f,-0.0282f,0.9987f,0.0418f,4.4057f,-0.0661f,0.0399f,-0.997f,0.8888f,0f,0f,0f,1f],start_interpolation: 0,interpolation_duration: 1}
$data merge entity $(bone_glowing_eye) {transformation: [-0.9974f,-0.0309f,0.0649f,-0.2756f,-0.0282f,0.9987f,0.0418f,4.4683f,-0.0661f,0.0399f,-0.997f,0.918f,0f,0f,0f,1f],start_interpolation: 0,interpolation_duration: 1}
$data merge entity $(bone_head) {transformation: [-0.9974f,-0.0309f,0.0649f,-0.1306f,-0.0282f,0.9987f,0.0418f,4.2902f,-0.0661f,0.0399f,-0.997f,0.6971f,0f,0f,0f,1f],start_interpolation: 0,interpolation_duration: 1}
$data merge entity $(bone_leftthumb2) {transformation: [-0.1872f,0.0992f,0.9773f,0.2281f,-0.9717f,-0.1646f,-0.1694f,3.9069f,0.144f,-0.9814f,0.1272f,2.9095f,0f,0f,0f,1f],start_interpolation: 0,interpolation_duration: 1}
$data merge entity $(bone_leftthumb) {transformation: [-0.1872f,0.0992f,0.9773f,0.3359f,-0.9717f,-0.1646f,-0.1694f,3.8521f,0.144f,-0.9814f,0.1272f,2.6797f,0f,0f,0f,1f],start_interpolation: 0,interpolation_duration: 1}
$data merge entity $(bone_leftpointerfinger) {transformation: [-0.1872f,0.0992f,0.9773f,0.3696f,-0.9717f,-0.1646f,-0.1694f,4.0044f,0.144f,-0.9814f,0.1272f,2.9919f,0f,0f,0f,1f],start_interpolation: 0,interpolation_duration: 1}
$data merge entity $(bone_leftmidfinger) {transformation: [-0.1872f,0.0992f,0.9773f,0.5223f,-0.9717f,-0.1646f,-0.1694f,3.978f,0.144f,-0.9814f,0.1272f,3.0118f,0f,0f,0f,1f],start_interpolation: 0,interpolation_duration: 1}
$data merge entity $(bone_leftringfinger) {transformation: [-0.1872f,0.0992f,0.9773f,0.675f,-0.9717f,-0.1646f,-0.1694f,3.9515f,0.144f,-0.9814f,0.1272f,3.0317f,0f,0f,0f,1f],start_interpolation: 0,interpolation_duration: 1}
$data merge entity $(bone_invisibility) {transformation: [0.184f,-0.9649f,0.1872f,0.3148f,-0.1787f,0.1544f,0.9717f,3.8095f,-0.9665f,-0.2122f,-0.144f,2.9076f,0f,0f,0f,1f],start_interpolation: 0,interpolation_duration: 1}
$data merge entity $(bone_swiftness) {transformation: [0.9773f,0.0992f,0.1872f,0.4749f,-0.1694f,-0.1646f,0.9717f,3.7494f,0.1272f,-0.9814f,-0.144f,3.0719f,0f,0f,0f,1f],start_interpolation: 0,interpolation_duration: 1}
$data merge entity $(bone_suspicious_stew) {transformation: [0.5029f,-0.8438f,0.1872f,0.4934f,-0.2207f,0.084f,0.9717f,3.7855f,-0.8357f,-0.53f,-0.144f,2.9775f,0f,0f,0f,1f],start_interpolation: 0,interpolation_duration: 1}
$data merge entity $(bone_log) {transformation: [-0.1872f,0.0992f,0.9773f,0.5341f,-0.9717f,-0.1646f,-0.1694f,3.6659f,0.144f,-0.9814f,0.1272f,2.8743f,0f,0f,0f,1f],start_interpolation: 0,interpolation_duration: 1}
$data merge entity $(bone_planks) {transformation: [-0.1872f,0.0992f,0.9773f,0.5166f,-0.9717f,-0.1646f,-0.1694f,3.5748f,0.144f,-0.9814f,0.1272f,2.8878f,0f,0f,0f,1f],start_interpolation: 0,interpolation_duration: 1}
$data merge entity $(bone_lefthand1) {transformation: [-0.1872f,0.0992f,0.9773f,0.5752f,-0.9717f,-0.1646f,-0.1694f,3.8729f,0.144f,-0.9814f,0.1272f,2.5889f,0f,0f,0f,1f],start_interpolation: 0,interpolation_duration: 1}
$data merge entity $(bone_leftforearm) {transformation: [-0.9703f,0.0992f,0.2206f,0.5808f,-0.2346f,-0.1646f,-0.9581f,3.7575f,-0.0587f,-0.9814f,0.183f,1.8924f,0f,0f,0f,1f],start_interpolation: 0,interpolation_duration: 1}
$data merge entity $(bone_leftelbow) {transformation: [-0.9913f,0.0821f,0.1033f,0.5962f,-0.1028f,0.01f,-0.9946f,3.7594f,-0.0827f,-0.9966f,-0.0015f,1.7055f,0f,0f,0f,1f],start_interpolation: 0,interpolation_duration: 1}
$data merge entity $(bone_leftarm) {transformation: [-0.9913f,0.0821f,0.1033f,0.4172f,-0.1028f,0.01f,-0.9946f,3.773f,-0.0827f,-0.9966f,-0.0015f,1.1892f,0f,0f,0f,1f],start_interpolation: 0,interpolation_duration: 1}
$data merge entity $(bone_rightthumb2) {transformation: [-0.2775f,0.7958f,-0.5383f,-1.5911f,0.1681f,0.5919f,0.7883f,4.127f,0.9459f,0.1283f,-0.298f,-0.7453f,0f,0f,0f,1f],start_interpolation: 0,interpolation_duration: 1}
$data merge entity $(bone_rightthumb) {transformation: [-0.2775f,0.7958f,-0.5383f,-1.4419f,0.1681f,0.5919f,0.7883f,4.3395f,0.9459f,0.1283f,-0.298f,-0.7393f,0f,0f,0f,1f],start_interpolation: 0,interpolation_duration: 1}
$data merge entity $(bone_rightpointerfinger) {transformation: [-0.628f,0.7492f,0.2107f,-1.645f,0.6955f,0.6617f,-0.2801f,4.5706f,-0.3493f,-0.0294f,-0.9366f,-0.9041f,0f,0f,0f,1f],start_interpolation: 0,interpolation_duration: 1}
$data merge entity $(bone_rightmidfinger) {transformation: [-0.7204f,0.6608f,0.2107f,-1.6121f,0.6032f,0.7468f,-0.2801f,4.5268f,-0.3424f,-0.0747f,-0.9366f,-1.0505f,0f,0f,0f,1f],start_interpolation: 0,interpolation_duration: 1}
$data merge entity $(bone_rightringfinger) {transformation: [-0.66f,0.7211f,0.2107f,-1.5791f,0.666f,0.6914f,-0.2801f,4.4831f,-0.3476f,-0.0446f,-0.9366f,-1.1968f,0f,0f,0f,1f],start_interpolation: 0,interpolation_duration: 1}
$data merge entity $(bone_hugeasssword) {transformation: [2.059f,3.228f,0.8251f,-1.5876f,3.2908f,-1.8186f,-1.0971f,4.2137f,-0.5211f,1.27f,-3.6682f,-0.9346f,0f,0f,0f,1f],start_interpolation: 0,interpolation_duration: 1}
$data merge entity $(bone_ice) {transformation: [0.5257f,0.8242f,0.2107f,-1.6087f,0.8402f,-0.4643f,-0.2801f,4.2079f,-0.1331f,0.3243f,-0.9366f,-0.9376f,0f,0f,0f,1f],start_interpolation: 0,interpolation_duration: 1}
$data merge entity $(bone_righthand1) {transformation: [0.5257f,0.8242f,0.2107f,-1.2646f,0.8402f,-0.4643f,-0.2801f,4.2931f,-0.1331f,0.3243f,-0.9366f,-0.9191f,0f,0f,0f,1f],start_interpolation: 0,interpolation_duration: 1}
$data merge entity $(bone_rightforearm) {transformation: [0.5257f,0.7896f,0.3164f,-0.7472f,0.8402f,-0.4238f,-0.3383f,3.9479f,-0.1331f,0.4437f,-0.8862f,-0.5849f,0f,0f,0f,1f],start_interpolation: 0,interpolation_duration: 1}
$data merge entity $(bone_rightelbow) {transformation: [0.3973f,0.5343f,0.7461f,-0.647f,0.8894f,-0.0239f,-0.4565f,3.9434f,-0.226f,0.845f,-0.4847f,-0.4265f,0f,0f,0f,1f],start_interpolation: 0,interpolation_duration: 1}
$data merge entity $(bone_rightarm) {transformation: [0.3973f,0.2852f,0.8723f,-0.6186f,0.8894f,0.1145f,-0.4425f,3.8199f,-0.226f,0.9516f,-0.2082f,0.1053f,0f,0f,0f,1f],start_interpolation: 0,interpolation_duration: 1}
$data merge entity $(bone_chest1) {transformation: [-0.7481f,-0.1097f,0.7759f,-0.0073f,0.0338f,1.0672f,0.1835f,3.6573f,-0.7828f,0.1509f,-0.7335f,0.5487f,0f,0f,0f,1f],start_interpolation: 0,interpolation_duration: 1}
$data merge entity $(bone_chest1lid) {transformation: [-0.6905f,-0.1012f,0.7162f,-0.4541f,0.0312f,0.9851f,0.1693f,2.9284f,-0.7226f,0.1393f,-0.6771f,0.4717f,0f,0f,0f,1f],start_interpolation: 0,interpolation_duration: 1}
$data merge entity $(bone_chest2) {transformation: [-0.6905f,-0.1012f,0.7162f,-0.4383f,0.0312f,0.9851f,0.1693f,2.7745f,-0.7226f,0.1393f,-0.6771f,0.4499f,0f,0f,0f,1f],start_interpolation: 0,interpolation_duration: 1}
$data merge entity $(bone_chest1lid3) {transformation: [-0.6905f,-0.1012f,0.7162f,0.0479f,0.0312f,0.9851f,0.1693f,3.035f,-0.7226f,0.1393f,-0.6771f,0.0831f,0f,0f,0f,1f],start_interpolation: 0,interpolation_duration: 1}
$data merge entity $(bone_chest3) {transformation: [-0.6905f,-0.1012f,0.7162f,0.0637f,0.0312f,0.9851f,0.1693f,2.881f,-0.7226f,0.1393f,-0.6771f,0.0614f,0f,0f,0f,1f],start_interpolation: 0,interpolation_duration: 1}
$data merge entity $(bone_hugeasssword2) {transformation: [-2.8051f,1.7262f,-2.1195f,-0.7857f,-0.6633f,2.5163f,2.9272f,4.8836f,2.6518f,2.4553f,-1.5098f,-0.3594f,0f,0f,0f,1f],start_interpolation: 0,interpolation_duration: 1}
$data merge entity $(bone_belt) {transformation: [-0.6905f,-0.1012f,0.7162f,-0.0386f,0.0312f,0.9851f,0.1693f,3.2417f,-0.7226f,0.1393f,-0.6771f,0.605f,0f,0f,0f,1f],start_interpolation: 0,interpolation_duration: 1}
$data merge entity $(bone_torn_part) {transformation: [-0.6905f,-0.2823f,0.6659f,-0.0961f,0.0312f,0.9082f,0.4174f,2.9681f,-0.7226f,0.309f,-0.6183f,0.4772f,0f,0f,0f,1f],start_interpolation: 0,interpolation_duration: 1}
$data merge entity $(bone_lowerbody) {transformation: [-0.6905f,-0.069f,0.72f,-0.0962f,0.0312f,0.9917f,0.125f,2.4633f,-0.7226f,0.1088f,-0.6826f,0.5907f,0f,0f,0f,1f],start_interpolation: 0,interpolation_duration: 1}
$data merge entity $(bone_leftfoot) {transformation: [-0.9712f,-0.1087f,0.212f,0.3996f,-0.0745f,0.9838f,0.1632f,0.401f,-0.2263f,0.1427f,-0.9635f,0.5625f,0f,0f,0f,1f],start_interpolation: 0,interpolation_duration: 1}
$data merge entity $(bone_leftlowerleg) {transformation: [-0.9712f,-0.1087f,0.212f,0.2464f,-0.0745f,0.9838f,0.1632f,1.4673f,-0.2263f,0.1427f,-0.9635f,0.8689f,0f,0f,0f,1f],start_interpolation: 0,interpolation_duration: 1}
$data merge entity $(bone_leftleg) {transformation: [-0.9712f,-0.0062f,0.2382f,0.2032f,-0.0745f,0.9575f,-0.2787f,2.4895f,-0.2263f,-0.2884f,-0.9304f,0.5796f,0f,0f,0f,1f],start_interpolation: 0,interpolation_duration: 1}
$data merge entity $(bone_rightfoot) {transformation: [-0.7606f,-0.1291f,0.6363f,-0.2819f,0.1493f,0.919f,0.365f,0.5106f,-0.6319f,0.3726f,-0.6796f,-0.1302f,0f,0f,0f,1f],start_interpolation: 0,interpolation_duration: 1}
$data merge entity $(bone_rightlowerleg) {transformation: [-0.7606f,-0.1291f,0.6363f,-0.5229f,0.1493f,0.919f,0.365f,1.474f,-0.6319f,0.3726f,-0.6796f,0.3876f,0f,0f,0f,1f],start_interpolation: 0,interpolation_duration: 1}
$data merge entity $(bone_rightleg) {transformation: [-0.7606f,0.2793f,0.5861f,-0.2177f,0.1493f,0.9538f,-0.2607f,2.4895f,-0.6319f,-0.1107f,-0.7671f,0.3097f,0f,0f,0f,1f],start_interpolation: 0,interpolation_duration: 1}
data modify entity @s data merge value {"cameras":{},"locators":{"lefthand":{"posx":0.5286308028006828,"posy":3.7724664831483348,"posz":2.935441171028286,"roty":97.41482467905608,"rotx":-9.752937214776646},"sword":{"posx":-2.3523897030414744,"posy":5.33118984026965,"posz":2.5130440139112027,"roty":12.676873272389798,"rotx":-16.26726908716964},"righthand":{"posx":-1.575556064801414,"posy":4.298253377904635,"posz":-0.9405378966876402,"roty":12.676873272389798,"rotx":-16.26726908716964},"chest":{"posx":-0.5812707574783781,"posy":2.84137136285737,"posz":0.5462041161911777,"roty":46.60898524834542,"rotx":9.749486740717673}}}