# This file was generated by Animated Java via MC-Build. It is not recommended to edit this file directly.
$data merge entity $(bone_nose) {transformation: [-0.9099f,-0.1011f,0.4023f,-0.5367f,-0.0119f,0.9758f,0.2182f,4.0458f,-0.4146f,0.1937f,-0.8891f,2.5305f,0f,0f,0f,1f],start_interpolation: 0,interpolation_duration: 1}
$data merge entity $(bone_glowing_eye) {transformation: [-0.9099f,-0.1011f,0.4023f,-0.6713f,-0.0119f,0.9758f,0.2182f,4.1028f,-0.4146f,0.1937f,-0.8891f,2.5228f,0f,0f,0f,1f],start_interpolation: 0,interpolation_duration: 1}
$data merge entity $(bone_head) {transformation: [-0.9099f,-0.1011f,0.4023f,-0.4489f,-0.0119f,0.9758f,0.2182f,3.9662f,-0.4146f,0.1937f,-0.8891f,2.3401f,0f,0f,0f,1f],start_interpolation: 0,interpolation_duration: 1}
$data merge entity $(bone_leftthumb2) {transformation: [-0.0819f,0.0662f,0.9944f,-0.1638f,-0.972f,-0.226f,-0.065f,3.596f,0.2205f,-0.9719f,0.0828f,4.5963f,0f,0f,0f,1f],start_interpolation: 0,interpolation_duration: 1}
$data merge entity $(bone_leftthumb) {transformation: [-0.0819f,0.0662f,0.9944f,-0.0626f,-0.972f,-0.226f,-0.065f,3.535f,0.2205f,-0.9719f,0.0828f,4.3651f,0f,0f,0f,1f],start_interpolation: 0,interpolation_duration: 1}
$data merge entity $(bone_leftpointerfinger) {transformation: [-0.0819f,0.0662f,0.9944f,-0.0287f,-0.972f,-0.226f,-0.065f,3.7124f,0.2205f,-0.9719f,0.0828f,4.6637f,0f,0f,0f,1f],start_interpolation: 0,interpolation_duration: 1}
$data merge entity $(bone_leftmidfinger) {transformation: [-0.0819f,0.0662f,0.9944f,0.1266f,-0.972f,-0.226f,-0.065f,3.7022f,0.2205f,-0.9719f,0.0828f,4.6767f,0f,0f,0f,1f],start_interpolation: 0,interpolation_duration: 1}
$data merge entity $(bone_leftringfinger) {transformation: [-0.0819f,0.0662f,0.9944f,0.282f,-0.972f,-0.226f,-0.065f,3.6921f,0.2205f,-0.9719f,0.0828f,4.6896f,0f,0f,0f,1f],start_interpolation: 0,interpolation_duration: 1}
$data merge entity $(bone_invisibility) {transformation: [0.1526f,-0.9849f,0.0819f,-0.0679f,-0.2308f,0.045f,0.972f,3.5075f,-0.961f,-0.1672f,-0.2205f,4.5962f,0f,0f,0f,1f],start_interpolation: 0,interpolation_duration: 1}
$data merge entity $(bone_swiftness) {transformation: [0.9944f,0.0662f,0.0819f,0.1053f,-0.065f,-0.226f,0.972f,3.4753f,0.0828f,-0.9719f,-0.2205f,4.7548f,0f,0f,0f,1f],start_interpolation: 0,interpolation_duration: 1}
$data merge entity $(bone_suspicious_stew) {transformation: [0.4803f,-0.8733f,0.0819f,0.1154f,-0.2323f,-0.0366f,0.972f,3.5059f,-0.8458f,-0.4858f,-0.2205f,4.6573f,0f,0f,0f,1f],start_interpolation: 0,interpolation_duration: 1}
$data merge entity $(bone_log) {transformation: [-0.0819f,0.0662f,0.9944f,0.1626f,-0.972f,-0.226f,-0.065f,3.3835f,0.2205f,-0.9719f,0.0828f,4.5603f,0f,0f,0f,1f],start_interpolation: 0,interpolation_duration: 1}
$data merge entity $(bone_planks) {transformation: [-0.0819f,0.0662f,0.9944f,0.155f,-0.972f,-0.226f,-0.065f,3.2923f,0.2205f,-0.9719f,0.0828f,4.581f,0f,0f,0f,1f],start_interpolation: 0,interpolation_duration: 1}
$data merge entity $(bone_lefthand1) {transformation: [-0.0819f,0.0662f,0.9944f,0.1686f,-0.972f,-0.226f,-0.065f,3.572f,0.2205f,-0.9719f,0.0828f,4.2597f,0f,0f,0f,1f],start_interpolation: 0,interpolation_duration: 1}
$data merge entity $(bone_leftforearm) {transformation: [-0.9749f,0.0662f,0.2127f,0.1509f,-0.2223f,-0.226f,-0.9484f,3.414f,-0.0147f,-0.9719f,0.2351f,3.5717f,0f,0f,0f,1f],start_interpolation: 0,interpolation_duration: 1}
$data merge entity $(bone_leftelbow) {transformation: [-0.9949f,0.0571f,0.0827f,0.1616f,-0.0868f,-0.0742f,-0.9935f,3.4001f,-0.0506f,-0.9956f,0.0788f,3.3851f,0f,0f,0f,1f],start_interpolation: 0,interpolation_duration: 1}
$data merge entity $(bone_leftarm) {transformation: [-0.9949f,0.0571f,0.0827f,-0.0301f,-0.0868f,-0.0742f,-0.9935f,3.375f,-0.0506f,-0.9956f,0.0788f,2.8737f,0f,0f,0f,1f],start_interpolation: 0,interpolation_duration: 1}
$data merge entity $(bone_rightthumb2) {transformation: [0.6085f,-0.4074f,-0.681f,-0.4049f,-0.1752f,-0.906f,0.3854f,4.4514f,-0.774f,-0.1152f,-0.6227f,0.4575f,0f,0f,0f,1f],start_interpolation: 0,interpolation_duration: 1}
$data merge entity $(bone_rightthumb) {transformation: [0.6085f,-0.4074f,-0.681f,-0.563f,-0.1752f,-0.906f,0.3854f,4.2621f,-0.774f,-0.1152f,-0.6227f,0.376f,0f,0f,0f,1f],start_interpolation: 0,interpolation_duration: 1}
$data merge entity $(bone_rightpointerfinger) {transformation: [-0.6442f,-0.5632f,-0.5175f,-0.8132f,0.5089f,-0.8207f,0.2596f,4.4457f,-0.571f,-0.0961f,0.8153f,0.2162f,0f,0f,0f,1f],start_interpolation: 0,interpolation_duration: 1}
$data merge entity $(bone_rightmidfinger) {transformation: [-0.5652f,-0.6424f,-0.5175f,-0.8941f,0.6117f,-0.7473f,0.2596f,4.4862f,-0.5535f,-0.1698f,0.8153f,0.3436f,0f,0f,0f,1f],start_interpolation: 0,interpolation_duration: 1}
$data merge entity $(bone_rightringfinger) {transformation: [-0.619f,-0.5907f,-0.5175f,-0.975f,0.5442f,-0.7978f,0.2596f,4.5268f,-0.5662f,-0.1209f,0.8153f,0.471f,0f,0f,0f,1f],start_interpolation: 0,interpolation_duration: 1}
$data merge entity $(bone_hugeasssword) {transformation: [-3.3907f,-0.4822f,1.9002f,-0.6015f,-1.1381f,3.5753f,-1.1235f,4.5007f,-1.5963f,-1.5248f,-3.2353f,0.5056f,0f,0f,0f,1f],start_interpolation: 0,interpolation_duration: 1}
$data merge entity $(bone_ice) {transformation: [-0.7308f,0.445f,-0.5175f,-0.597f,-0.6297f,-0.7322f,0.2596f,4.522f,-0.2634f,0.5156f,0.8153f,0.5016f,0f,0f,0f,1f],start_interpolation: 0,interpolation_duration: 1}
$data merge entity $(bone_righthand1) {transformation: [-0.7308f,0.445f,-0.5175f,-0.6846f,-0.6297f,-0.7322f,0.2596f,4.1896f,-0.2634f,0.5156f,0.8153f,0.5902f,0f,0f,0f,1f],start_interpolation: 0,interpolation_duration: 1}
$data merge entity $(bone_rightforearm) {transformation: [0.9282f,0.2789f,0.2462f,-0.5504f,0.3517f,-0.8734f,-0.3368f,3.5588f,0.1211f,0.3992f,-0.9088f,0.8775f,0f,0f,0f,1f],start_interpolation: 0,interpolation_duration: 1}
$data merge entity $(bone_rightelbow) {transformation: [0.8666f,0.1461f,0.4771f,-0.523f,0.4839f,-0.0128f,-0.875f,3.5564f,-0.1218f,0.9892f,-0.0818f,1.063f,0f,0f,0f,1f],start_interpolation: 0,interpolation_duration: 1}
$data merge entity $(bone_rightarm) {transformation: [0.8666f,-0.0041f,0.499f,-0.7302f,0.4839f,0.2509f,-0.8384f,3.6022f,-0.1218f,0.968f,0.2194f,1.5667f,0f,0f,0f,1f],start_interpolation: 0,interpolation_duration: 1}
$data merge entity $(bone_chest1) {transformation: [-0.5057f,-0.2036f,0.9362f,-0.256f,0.1641f,1.0245f,0.3115f,3.369f,-0.9439f,0.2872f,-0.4474f,2.1303f,0f,0f,0f,1f],start_interpolation: 0,interpolation_duration: 1}
$data merge entity $(bone_chest1lid) {transformation: [-0.4668f,-0.188f,0.8642f,-0.6251f,0.1514f,0.9457f,0.2875f,2.6619f,-0.8713f,0.2651f,-0.413f,1.8132f,0f,0f,0f,1f],start_interpolation: 0,interpolation_duration: 1}
$data merge entity $(bone_chest2) {transformation: [-0.4668f,-0.188f,0.8642f,-0.5957f,0.1514f,0.9457f,0.2875f,2.5141f,-0.8713f,0.2651f,-0.413f,1.7718f,0f,0f,0f,1f],start_interpolation: 0,interpolation_duration: 1}
$data merge entity $(bone_chest1lid3) {transformation: [-0.4668f,-0.188f,0.8642f,-0.0423f,0.1514f,0.9457f,0.2875f,2.8366f,-0.8713f,0.2651f,-0.413f,1.6031f,0f,0f,0f,1f],start_interpolation: 0,interpolation_duration: 1}
$data merge entity $(bone_chest3) {transformation: [-0.4668f,-0.188f,0.8642f,-0.0129f,0.1514f,0.9457f,0.2875f,2.6888f,-0.8713f,0.2651f,-0.413f,1.5617f,0f,0f,0f,1f],start_interpolation: 0,interpolation_duration: 1}
$data merge entity $(bone_hugeasssword2) {transformation: [-3.3847f,0.8504f,-1.7779f,-0.8202f,-1.1261f,2.0651f,3.1317f,4.7291f,1.6174f,3.2175f,-1.5401f,1.2549f,0f,0f,0f,1f],start_interpolation: 0,interpolation_duration: 1}
$data merge entity $(bone_belt) {transformation: [-0.4668f,-0.188f,0.8642f,-0.2793f,0.1514f,0.9457f,0.2875f,2.9498f,-0.8713f,0.2651f,-0.413f,2.1066f,0f,0f,0f,1f],start_interpolation: 0,interpolation_duration: 1}
$data merge entity $(bone_torn_part) {transformation: [-0.4668f,-0.4032f,0.7871f,-0.2851f,0.1514f,0.8404f,0.5203f,2.7021f,-0.8713f,0.3621f,-0.3312f,1.925f,0f,0f,0f,1f],start_interpolation: 0,interpolation_duration: 1}
$data merge entity $(bone_lowerbody) {transformation: [-0.4668f,-0.1478f,0.8719f,-0.2899f,0.1514f,0.958f,0.2435f,2.1853f,-0.8713f,0.2457f,-0.4248f,1.9498f,0f,0f,0f,1f],start_interpolation: 0,interpolation_duration: 1}
$data merge entity $(bone_leftfoot) {transformation: [-0.8907f,0.0641f,0.45f,-0.1785f,-0.0403f,0.975f,-0.2185f,0.2088f,-0.4528f,-0.2128f,-0.8659f,2.5481f,0f,0f,0f,1f],start_interpolation: 0,interpolation_duration: 1}
$data merge entity $(bone_leftlowerleg) {transformation: [-0.8907f,0.0641f,0.45f,-0.1766f,-0.0403f,0.975f,-0.2185f,1.324f,-0.4528f,-0.2128f,-0.8659f,2.4451f,0f,0f,0f,1f],start_interpolation: 0,interpolation_duration: 1}
$data merge entity $(bone_leftleg) {transformation: [-0.8907f,0.2076f,0.4044f,0.0056f,-0.0403f,0.8501f,-0.5251f,2.2396f,-0.4528f,-0.484f,-0.7488f,1.9361f,0f,0f,0f,1f],start_interpolation: 0,interpolation_duration: 1}
$data merge entity $(bone_rightfoot) {transformation: [-0.3129f,-0.2167f,0.9247f,-0.1187f,0.2604f,0.9167f,0.303f,0.2514f,-0.9134f,0.3356f,-0.2304f,0.9729f,0f,0f,0f,1f],start_interpolation: 0,interpolation_duration: 1}
$data merge entity $(bone_rightlowerleg) {transformation: [-0.3129f,-0.2167f,0.9247f,-0.5012f,0.2604f,0.9167f,0.303f,1.2218f,-0.9134f,0.3356f,-0.2304f,1.3806f,0f,0f,0f,1f],start_interpolation: 0,interpolation_duration: 1}
$data merge entity $(bone_rightleg) {transformation: [-0.3129f,0.0879f,0.9457f,-0.4227f,0.2604f,0.9655f,-0.0036f,2.2396f,-0.9134f,0.2452f,-0.325f,1.6781f,0f,0f,0f,1f],start_interpolation: 0,interpolation_duration: 1}
data modify entity @s data merge value {"cameras":{},"locators":{"lefthand":{"posx":0.14961559654685483,"posy":3.4932548114417523,"posz":4.6143097440019165,"roty":94.76122344020358,"rotx":-3.72500525061749},"sword":{"posx":-2.461895734193698,"posy":5.5116985825856,"posz":3.5448157135224236,"roty":30.427305343080718,"rotx":-16.66898733677313},"righthand":{"posx":-0.6644071983413334,"posy":4.470341447224413,"posz":0.4561400617992438,"roty":212.40559381837662,"rotx":15.047588891696426},"chest":{"posx":-0.7629177212376564,"posy":2.562556622791615,"posz":1.8339243516857677,"roty":64.45858776184147,"rotx":16.709756354264417}}}