# This file was generated by Animated Java via MC-Build. It is not recommended to edit this file directly.
$data merge entity $(bone_nose) {transformation: [-0.9935f,-0.0771f,-0.0835f,-0.0456f,-0.0642f,0.9871f,-0.147f,4.2274f,0.0938f,-0.1407f,-0.9856f,2.9033f,0f,0f,0f,1f],start_interpolation: 0,interpolation_duration: 1}
$data merge entity $(bone_glowing_eye) {transformation: [-0.9935f,-0.0771f,-0.0835f,-0.1721f,-0.0642f,0.9871f,-0.147f,4.2913f,0.0938f,-0.1407f,-0.9856f,2.9399f,0f,0f,0f,1f],start_interpolation: 0,interpolation_duration: 1}
$data merge entity $(bone_head) {transformation: [-0.9935f,-0.0771f,-0.0835f,-0.0518f,-0.0642f,0.9871f,-0.147f,4.078f,0.0938f,-0.1407f,-0.9856f,2.7361f,0f,0f,0f,1f],start_interpolation: 0,interpolation_duration: 1}
$data merge entity $(bone_leftthumb2) {transformation: [-0.7672f,-0.2469f,0.592f,0.9942f,-0.2351f,0.967f,0.0987f,1.9696f,-0.5968f,-0.0634f,-0.7999f,2.3321f,0f,0f,0f,1f],start_interpolation: 0,interpolation_duration: 1}
$data merge entity $(bone_leftthumb) {transformation: [-0.7672f,-0.2469f,0.592f,0.9842f,-0.2351f,0.967f,0.0987f,2.2152f,-0.5968f,-0.0634f,-0.7999f,2.2482f,0f,0f,0f,1f],start_interpolation: 0,interpolation_duration: 1}
$data merge entity $(bone_leftpointerfinger) {transformation: [-0.7672f,-0.2469f,0.592f,1.1769f,-0.2351f,0.967f,0.0987f,1.9282f,-0.5968f,-0.0634f,-0.7999f,2.2968f,0f,0f,0f,1f],start_interpolation: 0,interpolation_duration: 1}
$data merge entity $(bone_leftmidfinger) {transformation: [-0.7672f,-0.2469f,0.592f,1.2694f,-0.2351f,0.967f,0.0987f,1.9436f,-0.5968f,-0.0634f,-0.7999f,2.1718f,0f,0f,0f,1f],start_interpolation: 0,interpolation_duration: 1}
$data merge entity $(bone_leftringfinger) {transformation: [-0.7672f,-0.2469f,0.592f,1.3619f,-0.2351f,0.967f,0.0987f,1.9591f,-0.5968f,-0.0634f,-0.7999f,2.0468f,0f,0f,0f,1f],start_interpolation: 0,interpolation_duration: 1}
$data merge entity $(bone_invisibility) {transformation: [-0.1944f,-0.6113f,0.7672f,0.9875f,0.9719f,-0.014f,0.2351f,1.9868f,-0.1329f,0.7913f,0.5968f,2.2029f,0f,0f,0f,1f],start_interpolation: 0,interpolation_duration: 1}
$data merge entity $(bone_swiftness) {transformation: [0.592f,-0.2469f,0.7672f,1.092f,0.0987f,0.967f,0.2351f,1.8621f,-0.7999f,-0.0634f,0.5968f,2.0304f,0f,0f,0f,1f],start_interpolation: 0,interpolation_duration: 1}
$data merge entity $(bone_suspicious_stew) {transformation: [0.0264f,-0.6409f,0.7672f,1.1101f,0.9181f,0.3192f,0.2351f,1.96f,-0.3955f,0.6981f,0.5968f,2.0559f,0f,0f,0f,1f],start_interpolation: 0,interpolation_duration: 1}
$data merge entity $(bone_log) {transformation: [-0.7672f,-0.2469f,0.592f,1.0351f,-0.2351f,0.967f,0.0987f,2.0635f,-0.5968f,-0.0634f,-0.7999f,1.9545f,0f,0f,0f,1f],start_interpolation: 0,interpolation_duration: 1}
$data merge entity $(bone_planks) {transformation: [-0.7672f,-0.2469f,0.592f,0.9632f,-0.2351f,0.967f,0.0987f,2.0414f,-0.5968f,-0.0634f,-0.7999f,1.8986f,0f,0f,0f,1f],start_interpolation: 0,interpolation_duration: 1}
$data merge entity $(bone_lefthand1) {transformation: [-0.7672f,-0.2469f,0.592f,1.1467f,-0.2351f,0.967f,0.0987f,2.3609f,-0.5968f,-0.0634f,-0.7999f,2.1129f,0f,0f,0f,1f],start_interpolation: 0,interpolation_duration: 1}
$data merge entity $(bone_leftforearm) {transformation: [-0.9372f,-0.2469f,-0.2464f,0.9183f,-0.2216f,0.967f,-0.126f,3.0289f,0.2694f,-0.0634f,-0.9609f,2.1001f,0f,0f,0f,1f],start_interpolation: 0,interpolation_duration: 1}
$data merge entity $(bone_leftelbow) {transformation: [-0.89f,-0.1255f,-0.4383f,0.8948f,-0.2258f,0.9565f,0.1847f,3.2082f,0.3961f,0.2634f,-0.8796f,2.1495f,0f,0f,0f,1f],start_interpolation: 0,interpolation_duration: 1}
$data merge entity $(bone_leftarm) {transformation: [-0.89f,-0.1255f,-0.4383f,0.6511f,-0.2258f,0.9565f,0.1847f,3.6313f,0.3961f,0.2634f,-0.8796f,2.3953f,0f,0f,0f,1f],start_interpolation: 0,interpolation_duration: 1}
$data merge entity $(bone_rightthumb2) {transformation: [-0.6862f,-0.5181f,-0.5105f,-0.1436f,-0.3326f,0.8477f,-0.4132f,2.0581f,0.6468f,-0.1138f,-0.7541f,3.483f,0f,0f,0f,1f],start_interpolation: 0,interpolation_duration: 1}
$data merge entity $(bone_rightthumb) {transformation: [-0.6862f,-0.5181f,-0.5105f,-0.3143f,-0.3326f,0.8477f,-0.4132f,2.2307f,0.6468f,-0.1138f,-0.7541f,3.3906f,0f,0f,0f,1f],start_interpolation: 0,interpolation_duration: 1}
$data merge entity $(bone_rightpointerfinger) {transformation: [-0.6862f,-0.5181f,-0.5105f,-0.2433f,-0.3326f,0.8477f,-0.4132f,1.8968f,0.6468f,-0.1138f,-0.7541f,3.4634f,0f,0f,0f,1f],start_interpolation: 0,interpolation_duration: 1}
$data merge entity $(bone_rightmidfinger) {transformation: [-0.6862f,-0.5181f,-0.5105f,-0.3231f,-0.3326f,0.8477f,-0.4132f,1.8322f,0.6468f,-0.1138f,-0.7541f,3.3455f,0f,0f,0f,1f],start_interpolation: 0,interpolation_duration: 1}
$data merge entity $(bone_rightringfinger) {transformation: [-0.6862f,-0.5181f,-0.5105f,-0.4028f,-0.3326f,0.8477f,-0.4132f,1.7677f,0.6468f,-0.1138f,-0.7541f,3.2277f,0f,0f,0f,1f],start_interpolation: 0,interpolation_duration: 1}
$data merge entity $(bone_hugeasssword) {transformation: [-1.7848f,2.9359f,1.8803f,-0.238f,-2.5383f,-2.5423f,1.5601f,2.0992f,2.3899f,-0.5076f,3.0612f,3.1624f,0f,0f,0f,1f],start_interpolation: 0,interpolation_duration: 1}
$data merge entity $(bone_ice) {transformation: [-0.6862f,-0.5181f,-0.5105f,-0.2192f,-0.3326f,0.8477f,-0.4132f,2.0912f,0.6468f,-0.1138f,-0.7541f,3.1541f,0f,0f,0f,1f],start_interpolation: 0,interpolation_duration: 1}
$data merge entity $(bone_righthand1) {transformation: [-0.6862f,-0.5181f,-0.5105f,-0.5363f,-0.3326f,0.8477f,-0.4132f,2.207f,0.6468f,-0.1138f,-0.7541f,3.2638f,0f,0f,0f,1f],start_interpolation: 0,interpolation_duration: 1}
$data merge entity $(bone_rightforearm) {transformation: [-0.2044f,-0.3572f,-0.9114f,-0.7604f,-0.017f,0.9322f,-0.3615f,2.8692f,0.9787f,-0.0585f,-0.1966f,3.1646f,0f,0f,0f,1f],start_interpolation: 0,interpolation_duration: 1}
$data merge entity $(bone_rightelbow) {transformation: [-0.1396f,-0.2719f,-0.9522f,-0.8114f,0.0287f,0.9601f,-0.2783f,3.0492f,0.9898f,-0.0662f,-0.1262f,3.1521f,0f,0f,0f,1f],start_interpolation: 0,interpolation_duration: 1}
$data merge entity $(bone_rightarm) {transformation: [-0.1396f,0.027f,-0.9898f,-0.7364f,0.0287f,0.9993f,0.0232f,3.5419f,0.9898f,-0.0252f,-0.1403f,2.9274f,0f,0f,0f,1f],start_interpolation: 0,interpolation_duration: 1}
$data merge entity $(bone_chest1) {transformation: [-1.0097f,0.0141f,-0.3924f,-0.0921f,-0.0651f,1.0616f,0.2057f,3.4499f,0.3872f,0.2153f,-0.9886f,2.5319f,0f,0f,0f,1f],start_interpolation: 0,interpolation_duration: 1}
$data merge entity $(bone_chest1lid) {transformation: [-0.932f,0.013f,-0.3622f,-0.2774f,-0.0601f,0.98f,0.1899f,2.6853f,0.3574f,0.1987f,-0.9126f,2.8752f,0f,0f,0f,1f],start_interpolation: 0,interpolation_duration: 1}
$data merge entity $(bone_chest2) {transformation: [-0.932f,0.013f,-0.3622f,-0.2795f,-0.0601f,0.98f,0.1899f,2.5322f,0.3574f,0.1987f,-0.9126f,2.8442f,0f,0f,0f,1f],start_interpolation: 0,interpolation_duration: 1}
$data merge entity $(bone_chest1lid3) {transformation: [-0.932f,0.013f,-0.3622f,-0.4512f,-0.0601f,0.98f,0.1899f,2.8107f,0.3574f,0.1987f,-0.9126f,2.2683f,0f,0f,0f,1f],start_interpolation: 0,interpolation_duration: 1}
$data merge entity $(bone_chest3) {transformation: [-0.932f,0.013f,-0.3622f,-0.4533f,-0.0601f,0.98f,0.1899f,2.6576f,0.3574f,0.1987f,-0.9126f,2.2372f,0f,0f,0f,1f],start_interpolation: 0,interpolation_duration: 1}
$data merge entity $(bone_hugeasssword2) {transformation: [1.4186f,2.7258f,-2.4285f,-1.3212f,-0.7437f,2.7666f,2.6708f,4.5632f,3.5742f,-0.5062f,1.5197f,2.9611f,0f,0f,0f,1f],start_interpolation: 0,interpolation_duration: 1}
$data merge entity $(bone_belt) {transformation: [-0.932f,0.013f,-0.3622f,-0.02f,-0.0601f,0.98f,0.1899f,3.0366f,0.3574f,0.1987f,-0.9126f,2.5608f,0f,0f,0f,1f],start_interpolation: 0,interpolation_duration: 1}
$data merge entity $(bone_torn_part) {transformation: [-0.932f,0.1058f,-0.3467f,-0.1383f,-0.0601f,0.8981f,0.4356f,2.7532f,0.3574f,0.4268f,-0.8307f,2.5499f,0f,0f,0f,1f],start_interpolation: 0,interpolation_duration: 1}
$data merge entity $(bone_lowerbody) {transformation: [-0.932f,-0.0034f,-0.3624f,0.0053f,-0.0601f,0.9875f,0.1454f,2.2564f,0.3574f,0.1573f,-0.9206f,2.5677f,0f,0f,0f,1f],start_interpolation: 0,interpolation_duration: 1}
$data merge entity $(bone_leftfoot) {transformation: [-0.9908f,0.1159f,0.0693f,0.0332f,0.0965f,0.9666f,-0.2372f,0.1834f,-0.0945f,-0.2284f,-0.969f,2.8549f,0f,0f,0f,1f],start_interpolation: 0,interpolation_duration: 1}
$data merge entity $(bone_leftlowerleg) {transformation: [-0.9908f,0.1159f,0.0693f,0.1512f,0.0965f,0.9666f,-0.2372f,1.2922f,-0.0945f,-0.2284f,-0.969f,2.7505f,0f,0f,0f,1f],start_interpolation: 0,interpolation_duration: 1}
$data merge entity $(bone_leftleg) {transformation: [-0.9908f,0.124f,0.0536f,0.2506f,0.0965f,0.9274f,-0.3614f,2.29f,-0.0945f,-0.3529f,-0.9309f,2.3968f,0f,0f,0f,1f],start_interpolation: 0,interpolation_duration: 1}
$data merge entity $(bone_rightfoot) {transformation: [-0.9754f,0.1229f,0.1833f,-0.5859f,0.2131f,0.74f,0.6379f,0.6562f,-0.0572f,0.6613f,-0.748f,1.0519f,0f,0f,0f,1f],start_interpolation: 0,interpolation_duration: 1}
$data merge entity $(bone_rightlowerleg) {transformation: [-0.9754f,0.1229f,0.1833f,-0.4777f,0.2131f,0.74f,0.6379f,1.3792f,-0.0572f,0.6613f,-0.748f,1.9004f,0f,0f,0f,1f],start_interpolation: 0,interpolation_duration: 1}
$data merge entity $(bone_rightleg) {transformation: [-0.955f,0.1923f,0.2259f,-0.2494f,0.2711f,0.8751f,0.401f,2.29f,-0.1206f,0.4442f,-0.8878f,2.3992f,0f,0f,0f,1f],start_interpolation: 0,interpolation_duration: 1}
data modify entity @s data merge value {"cameras":{},"locators":{"lefthand":{"posx":1.1170479287336306,"posy":2.0084112400994005,"posz":2.0279366189690835,"roty":36.506659784286114,"rotx":5.663804776769173},"sword":{"posx":-2.074822266022877,"posy":0.5938339525860314,"posz":0.3198044798622224,"roty":148.4405498776572,"rotx":23.47341341167235},"righthand":{"posx":-0.26748073957688295,"posy":2.053201023605893,"posz":3.2282527534683956,"roty":325.903318481905,"rotx":-24.40766329508462},"chest":{"posx":-0.2507899942637958,"posy":2.592535653122792,"posz":3.0165568995702734,"roty":338.35103387501226,"rotx":10.946041109135258}}}