# This file was generated by Animated Java via MC-Build. It is not recommended to edit this file directly.
$data merge entity $(bone_nose) {transformation: [-0.9998f,-0.0006f,0.019f,-0.0204f,-0.0004f,1f,0.009f,4.1935f,-0.019f,0.009f,-0.9998f,0.1496f,0f,0f,0f,1f],start_interpolation: 0,interpolation_duration: 1}
$data merge entity $(bone_glowing_eye) {transformation: [-0.9998f,-0.0006f,0.019f,-0.146f,-0.0004f,1f,0.009f,4.2608f,-0.019f,0.009f,-0.9998f,0.1827f,0f,0f,0f,1f],start_interpolation: 0,interpolation_duration: 1}
$data merge entity $(bone_head) {transformation: [-0.9998f,-0.0006f,0.019f,-0.0167f,-0.0004f,1f,0.009f,4.0717f,-0.019f,0.009f,-0.9998f,-0.0387f,0f,0f,0f,1f],start_interpolation: 0,interpolation_duration: 1}
$data merge entity $(bone_leftthumb2) {transformation: [-0.918f,0.0161f,0.3963f,0.7918f,-0.0923f,0.9631f,-0.2529f,1.9459f,-0.3857f,-0.2687f,-0.8826f,0.7543f,0f,0f,0f,1f],start_interpolation: 0,interpolation_duration: 1}
$data merge entity $(bone_leftthumb) {transformation: [-0.918f,0.0161f,0.3963f,0.8296f,-0.0923f,0.9631f,-0.2529f,2.1605f,-0.3857f,-0.2687f,-0.8826f,0.613f,0f,0f,0f,1f],start_interpolation: 0,interpolation_duration: 1}
$data merge entity $(bone_leftpointerfinger) {transformation: [-0.918f,0.0161f,0.3963f,0.9433f,-0.0923f,0.9631f,-0.2529f,1.8427f,-0.3857f,-0.2687f,-0.8826f,0.702f,0f,0f,0f,1f],start_interpolation: 0,interpolation_duration: 1}
$data merge entity $(bone_leftmidfinger) {transformation: [-0.918f,0.0161f,0.3963f,1.0052f,-0.0923f,0.9631f,-0.2529f,1.8032f,-0.3857f,-0.2687f,-0.8826f,0.5641f,0f,0f,0f,1f],start_interpolation: 0,interpolation_duration: 1}
$data merge entity $(bone_leftringfinger) {transformation: [-0.918f,0.0161f,0.3963f,1.0671f,-0.0923f,0.9631f,-0.2529f,1.7637f,-0.3857f,-0.2687f,-0.8826f,0.4261f,0f,0f,0f,1f],start_interpolation: 0,interpolation_duration: 1}
$data merge entity $(bone_invisibility) {transformation: [0.0506f,-0.3934f,0.918f,0.7606f,0.9374f,0.3359f,0.0923f,1.9386f,-0.3446f,0.8558f,0.3857f,0.6278f,0f,0f,0f,1f],start_interpolation: 0,interpolation_duration: 1}
$data merge entity $(bone_swiftness) {transformation: [0.3963f,0.0161f,0.918f,0.7849f,-0.2529f,0.9631f,0.0923f,1.756f,-0.8826f,-0.2687f,0.3857f,0.4786f,0f,0f,0f,1f],start_interpolation: 0,interpolation_duration: 1}
$data merge entity $(bone_suspicious_stew) {transformation: [0.1821f,-0.3523f,0.918f,0.8341f,0.766f,0.6362f,0.0923f,1.8461f,-0.6166f,0.6863f,0.3857f,0.4749f,0f,0f,0f,1f],start_interpolation: 0,interpolation_duration: 1}
$data merge entity $(bone_log) {transformation: [-0.918f,0.0161f,0.3963f,0.7686f,-0.0923f,0.9631f,-0.2529f,1.9459f,-0.3857f,-0.2687f,-0.8826f,0.3638f,0f,0f,0f,1f],start_interpolation: 0,interpolation_duration: 1}
$data merge entity $(bone_planks) {transformation: [-0.918f,0.0161f,0.3963f,0.6826f,-0.0923f,0.9631f,-0.2529f,1.9373f,-0.3857f,-0.2687f,-0.8826f,0.3276f,0f,0f,0f,1f],start_interpolation: 0,interpolation_duration: 1}
$data merge entity $(bone_lefthand1) {transformation: [-0.918f,0.0161f,0.3963f,0.9898f,-0.0923f,0.9631f,-0.2529f,2.2177f,-0.3857f,-0.2687f,-0.8826f,0.4206f,0f,0f,0f,1f],start_interpolation: 0,interpolation_duration: 1}
$data merge entity $(bone_leftforearm) {transformation: [-0.9779f,0.0161f,0.2083f,0.9367f,-0.0408f,0.9631f,-0.2661f,2.8965f,-0.2049f,-0.2687f,-0.9412f,0.2336f,0f,0f,0f,1f],start_interpolation: 0,interpolation_duration: 1}
$data merge entity $(bone_leftelbow) {transformation: [-0.9874f,-0.0005f,0.1585f,0.9367f,-0.0243f,0.9886f,-0.1484f,3.0818f,-0.1566f,-0.1504f,-0.9761f,0.2054f,0f,0f,0f,1f],start_interpolation: 0,interpolation_duration: 1}
$data merge entity $(bone_leftarm) {transformation: [-0.9874f,-0.0005f,0.1585f,0.7155f,-0.0243f,0.9886f,-0.1484f,3.5755f,-0.1566f,-0.1504f,-0.9761f,0.1265f,0f,0f,0f,1f],start_interpolation: 0,interpolation_duration: 1}
$data merge entity $(bone_rightthumb2) {transformation: [0.0927f,-0.5577f,-0.8249f,-1.2728f,0.1206f,0.8286f,-0.5467f,2.2009f,0.9884f,-0.0488f,0.1441f,-0.1881f,0f,0f,0f,1f],start_interpolation: 0,interpolation_duration: 1}
$data merge entity $(bone_rightthumb) {transformation: [0.0927f,-0.5577f,-0.8249f,-1.4801f,0.1206f,0.8286f,-0.5467f,2.3574f,0.9884f,-0.0488f,0.1441f,-0.1878f,0f,0f,0f,1f],start_interpolation: 0,interpolation_duration: 1}
$data merge entity $(bone_rightpointerfinger) {transformation: [-0.7465f,-0.6652f,0.0195f,-1.7411f,-0.6562f,0.7309f,-0.1875f,2.1258f,0.1104f,-0.1528f,-0.9821f,-0.1965f,0f,0f,0f,1f],start_interpolation: 0,interpolation_duration: 1}
$data merge entity $(bone_rightmidfinger) {transformation: [-0.6532f,-0.7569f,0.0195f,-1.738f,-0.746f,0.639f,-0.1875f,2.0965f,0.1294f,-0.137f,-0.9821f,-0.3499f,0f,0f,0f,1f],start_interpolation: 0,interpolation_duration: 1}
$data merge entity $(bone_rightringfinger) {transformation: [-0.7167f,-0.6971f,0.0195f,-1.735f,-0.6875f,0.7016f,-0.1875f,2.0672f,0.117f,-0.1478f,-0.9821f,-0.5034f,0f,0f,0f,1f],start_interpolation: 0,interpolation_duration: 1}
$data merge entity $(bone_hugeasssword) {transformation: [-3.3638f,2.0049f,0.0765f,-1.4062f,1.9574f,3.3121f,-0.7343f,2.1385f,-0.4406f,-0.5924f,-3.8465f,-0.3354f,0f,0f,0f,1f],start_interpolation: 0,interpolation_duration: 1}
$data merge entity $(bone_ice) {transformation: [-0.8588f,0.5119f,0.0195f,-1.4008f,0.4998f,0.8456f,-0.1875f,2.1175f,-0.1125f,-0.1512f,-0.9821f,-0.3313f,0f,0f,0f,1f],start_interpolation: 0,interpolation_duration: 1}
$data merge entity $(bone_righthand1) {transformation: [-0.8588f,0.5119f,0.0195f,-1.4869f,0.4998f,0.8456f,-0.1875f,2.448f,-0.1125f,-0.1512f,-0.9821f,-0.4279f,0f,0f,0f,1f],start_interpolation: 0,interpolation_duration: 1}
$data merge entity $(bone_rightforearm) {transformation: [-0.9219f,0.386f,0.0314f,-1.1584f,0.3732f,0.9072f,-0.1942f,3.0655f,-0.1035f,-0.1674f,-0.9804f,-0.5238f,0f,0f,0f,1f],start_interpolation: 0,interpolation_duration: 1}
$data merge entity $(bone_rightelbow) {transformation: [-0.9143f,0.3811f,0.137f,-1.0869f,0.3897f,0.92f,0.0411f,3.238f,-0.1104f,0.091f,-0.9897f,-0.5068f,0f,0f,0f,1f],start_interpolation: 0,interpolation_duration: 1}
$data merge entity $(bone_rightarm) {transformation: [-0.9143f,0.3223f,0.2453f,-0.7334f,0.3897f,0.8651f,0.3159f,3.5755f,-0.1104f,0.3844f,-0.9165f,-0.2618f,0f,0f,0f,1f],start_interpolation: 0,interpolation_duration: 1}
$data merge entity $(bone_chest1) {transformation: [-1.0464f,-0.0329f,0.2785f,0.0219f,0f,1.0759f,0.127f,3.4292f,-0.2804f,0.1227f,-1.0392f,-0.192f,0f,0f,0f,1f],start_interpolation: 0,interpolation_duration: 1}
$data merge entity $(bone_chest1lid) {transformation: [-0.9659f,-0.0303f,0.257f,-0.3877f,0f,0.9931f,0.1172f,2.7046f,-0.2588f,0.1132f,-0.9593f,0.0176f,0f,0f,0f,1f],start_interpolation: 0,interpolation_duration: 1}
$data merge entity $(bone_chest2) {transformation: [-0.9659f,-0.0303f,0.257f,-0.383f,0f,0.9931f,0.1172f,2.5494f,-0.2588f,0.1132f,-0.9593f,-0.0001f,0f,0f,0f,1f],start_interpolation: 0,interpolation_duration: 1}
$data merge entity $(bone_chest1lid3) {transformation: [-0.9659f,-0.0303f,0.257f,-0.1627f,0f,0.9931f,0.1172f,2.7797f,-0.2588f,0.1132f,-0.9593f,-0.5807f,0f,0f,0f,1f],start_interpolation: 0,interpolation_duration: 1}
$data merge entity $(bone_chest3) {transformation: [-0.9659f,-0.0303f,0.257f,-0.1579f,0f,0.9931f,0.1172f,2.6245f,-0.2588f,0.1132f,-0.9593f,-0.5984f,0f,0f,0f,1f],start_interpolation: 0,interpolation_duration: 1}
$data merge entity $(bone_hugeasssword2) {transformation: [-1.0067f,2.709f,-2.6435f,-1.1352f,-0.4591f,2.6278f,2.8678f,4.6125f,3.7571f,1.047f,-0.3579f,-0.6336f,0f,0f,0f,1f],start_interpolation: 0,interpolation_duration: 1}
$data merge entity $(bone_belt) {transformation: [-0.9659f,-0.0303f,0.257f,0.0313f,0f,0.9931f,0.1172f,3.0182f,-0.2588f,0.1132f,-0.9593f,-0.1032f,0f,0f,0f,1f],start_interpolation: 0,interpolation_duration: 1}
$data merge entity $(bone_torn_part) {transformation: [-0.9659f,-0.0958f,0.2404f,-0.0796f,0f,0.929f,0.3701f,2.7385f,-0.2588f,0.3574f,-0.8974f,-0.1662f,0f,0f,0f,1f],start_interpolation: 0,interpolation_duration: 1}
$data merge entity $(bone_lowerbody) {transformation: [-0.9659f,-0.019f,0.2581f,-0.0123f,0f,0.9973f,0.0736f,2.2412f,-0.2588f,0.0711f,-0.9633f,-0.0402f,0f,0f,0f,1f],start_interpolation: 0,interpolation_duration: 1}
$data merge entity $(bone_leftfoot) {transformation: [-0.9981f,-0.0441f,-0.0432f,0.4051f,-0.0532f,0.9695f,0.2392f,0.178f,0.0314f,0.241f,-0.97f,-0.3665f,0f,0f,0f,1f],start_interpolation: 0,interpolation_duration: 1}
$data merge entity $(bone_leftlowerleg) {transformation: [-0.9981f,-0.0441f,-0.0432f,0.3628f,-0.0532f,0.9695f,0.2392f,1.2169f,0.0314f,0.241f,-0.97f,0.0499f,0f,0f,0f,1f],start_interpolation: 0,interpolation_duration: 1}
$data merge entity $(bone_leftleg) {transformation: [-0.9981f,-0.0585f,-0.0197f,0.27f,-0.0532f,0.9768f,-0.2077f,2.2584f,0.0314f,-0.2062f,-0.978f,-0.1428f,0f,0f,0f,1f],start_interpolation: 0,interpolation_duration: 1}
$data merge entity $(bone_rightfoot) {transformation: [-0.9327f,0.0124f,0.3604f,-0.2889f,0.0033f,0.9997f,-0.0259f,0.1093f,-0.3606f,-0.0229f,-0.9324f,-0.182f,0f,0f,0f,1f],start_interpolation: 0,interpolation_duration: 1}
$data merge entity $(bone_rightlowerleg) {transformation: [-0.9327f,0.0124f,0.3604f,-0.3306f,0.0033f,0.9997f,-0.0259f,1.2223f,-0.3606f,-0.0229f,-0.9324f,-0.0642f,0f,0f,0f,1f],start_interpolation: 0,interpolation_duration: 1}
$data merge entity $(bone_rightleg) {transformation: [-0.9327f,0.0918f,0.3487f,-0.213f,0.0033f,0.9692f,-0.2462f,2.2584f,-0.3606f,-0.2285f,-0.9043f,-0.2722f,0f,0f,0f,1f],start_interpolation: 0,interpolation_duration: 1}
data modify entity @s data merge value {"cameras":{},"locators":{"lefthand":{"posx":0.8472407433879747,"posy":1.8833094875909648,"posz":0.43475495638861533,"roty":24.17879879128961,"rotx":-14.65040504480239},"sword":{"posx":-1.5616782570262038,"posy":2.845337267775202,"posz":3.297254137063156,"roty":1.1399932569393343,"rotx":-10.805273592243074},"righthand":{"posx":-1.489614997113143,"posy":2.1540352817231354,"posz":-0.3241495549672113,"roty":1.1399932569393343,"rotx":-10.805273592243074},"chest":{"posx":-0.45614767489426533,"posy":2.6241764075216722,"posz":0.15234474652620597,"roty":15,"rotx":6.731913166762555}}}