# This file was generated by Animated Java via MC-Build. It is not recommended to edit this file directly.
$data merge entity $(bone_nose) {transformation: [-0.9903f,-0.0777f,-0.115f,-0.0162f,-0.0338f,0.9388f,-0.3427f,4.2357f,0.1346f,-0.3355f,-0.9324f,2.6077f,0f,0f,0f,1f],start_interpolation: 0,interpolation_duration: 1}
$data merge entity $(bone_glowing_eye) {transformation: [-0.9903f,-0.0777f,-0.115f,-0.1412f,-0.0338f,0.9388f,-0.3427f,4.307f,0.1346f,-0.3355f,-0.9324f,2.6344f,0f,0f,0f,1f],start_interpolation: 0,interpolation_duration: 1}
$data merge entity $(bone_head) {transformation: [-0.9903f,-0.0777f,-0.115f,-0.0281f,-0.0338f,0.9388f,-0.3427f,4.0556f,0.1346f,-0.3355f,-0.9324f,2.4746f,0f,0f,0f,1f],start_interpolation: 0,interpolation_duration: 1}
$data merge entity $(bone_leftthumb2) {transformation: [-0.8172f,-0.3474f,0.4598f,1.3252f,-0.5314f,0.7631f,-0.3678f,2.2805f,-0.2231f,-0.5449f,-0.8082f,3.1699f,0f,0f,0f,1f],start_interpolation: 0,interpolation_duration: 1}
$data merge entity $(bone_leftthumb) {transformation: [-0.8172f,-0.3474f,0.4598f,1.2793f,-0.5314f,0.7631f,-0.3678f,2.4362f,-0.2231f,-0.5449f,-0.8082f,2.9672f,0f,0f,0f,1f],start_interpolation: 0,interpolation_duration: 1}
$data merge entity $(bone_leftpointerfinger) {transformation: [-0.8172f,-0.3474f,0.4598f,1.5042f,-0.5314f,0.7631f,-0.3678f,2.2267f,-0.2231f,-0.5449f,-0.8082f,3.1325f,0f,0f,0f,1f],start_interpolation: 0,interpolation_duration: 1}
$data merge entity $(bone_leftmidfinger) {transformation: [-0.8172f,-0.3474f,0.4598f,1.5761f,-0.5314f,0.7631f,-0.3678f,2.1692f,-0.2231f,-0.5449f,-0.8082f,3.0062f,0f,0f,0f,1f],start_interpolation: 0,interpolation_duration: 1}
$data merge entity $(bone_leftringfinger) {transformation: [-0.8172f,-0.3474f,0.4598f,1.6479f,-0.5314f,0.7631f,-0.3678f,2.1118f,-0.2231f,-0.5449f,-0.8082f,2.8799f,0f,0f,0f,1f],start_interpolation: 0,interpolation_duration: 1}
$data merge entity $(bone_invisibility) {transformation: [-0.306f,-0.4884f,0.8172f,1.2986f,0.7282f,0.4329f,0.5314f,2.222f,-0.6133f,0.7577f,0.2231f,3.0563f,0f,0f,0f,1f],start_interpolation: 0,interpolation_duration: 1}
$data merge entity $(bone_swiftness) {transformation: [0.4598f,-0.3474f,0.8172f,1.3893f,-0.3678f,0.7631f,0.5314f,2.0221f,-0.8082f,-0.5449f,0.2231f,2.967f,0f,0f,0f,1f],start_interpolation: 0,interpolation_duration: 1}
$data merge entity $(bone_suspicious_stew) {transformation: [-0.1205f,-0.5636f,0.8172f,1.4011f,0.5362f,0.6559f,0.5314f,2.1173f,-0.8355f,0.5022f,0.2231f,2.9303f,0f,0f,0f,1f],start_interpolation: 0,interpolation_duration: 1}
$data merge entity $(bone_log) {transformation: [-0.8172f,-0.3474f,0.4598f,1.3027f,-0.5314f,0.7631f,-0.3678f,2.1456f,-0.2231f,-0.5449f,-0.8082f,2.8034f,0f,0f,0f,1f],start_interpolation: 0,interpolation_duration: 1}
$data merge entity $(bone_planks) {transformation: [-0.8172f,-0.3474f,0.4598f,1.226f,-0.5314f,0.7631f,-0.3678f,2.0958f,-0.2231f,-0.5449f,-0.8082f,2.7825f,0f,0f,0f,1f],start_interpolation: 0,interpolation_duration: 1}
$data merge entity $(bone_lefthand1) {transformation: [-0.8172f,-0.3474f,0.4598f,1.4058f,-0.5314f,0.7631f,-0.3678f,2.4807f,-0.2231f,-0.5449f,-0.8082f,2.7482f,0f,0f,0f,1f],start_interpolation: 0,interpolation_duration: 1}
$data merge entity $(bone_leftforearm) {transformation: [-0.9373f,-0.3474f,-0.0284f,1.1034f,-0.265f,0.7631f,-0.5894f,3.01f,0.2264f,-0.5449f,-0.8073f,2.3918f,0f,0f,0f,1f],start_interpolation: 0,interpolation_duration: 1}
$data merge entity $(bone_leftelbow) {transformation: [-0.9249f,-0.3147f,-0.2134f,1.0443f,-0.1865f,0.8645f,-0.4668f,3.1721f,0.3314f,-0.392f,-0.8582f,2.3183f,0f,0f,0f,1f],start_interpolation: 0,interpolation_duration: 1}
$data merge entity $(bone_leftarm) {transformation: [-0.9249f,-0.3147f,-0.2134f,0.6913f,-0.1865f,0.8645f,-0.4668f,3.5781f,0.3314f,-0.392f,-0.8582f,2.2217f,0f,0f,0f,1f],start_interpolation: 0,interpolation_duration: 1}
$data merge entity $(bone_rightthumb2) {transformation: [-0.9271f,-0.3607f,0.1017f,-0.7268f,-0.3607f,0.785f,-0.5036f,2.1124f,0.1018f,-0.5036f,-0.8579f,3.4536f,0f,0f,0f,1f],start_interpolation: 0,interpolation_duration: 1}
$data merge entity $(bone_rightthumb) {transformation: [-0.9271f,-0.3607f,0.1017f,-0.8066f,-0.3607f,0.785f,-0.5036f,2.2619f,0.1018f,-0.5036f,-0.8579f,3.2568f,0f,0f,0f,1f],start_interpolation: 0,interpolation_duration: 1}
$data merge entity $(bone_rightpointerfinger) {transformation: [-0.9271f,-0.3607f,0.1017f,-0.7849f,-0.3607f,0.785f,-0.5036f,1.9413f,0.1018f,-0.5036f,-0.8579f,3.3929f,0f,0f,0f,1f],start_interpolation: 0,interpolation_duration: 1}
$data merge entity $(bone_rightmidfinger) {transformation: [-0.9271f,-0.3607f,0.1017f,-0.769f,-0.3607f,0.785f,-0.5036f,1.8626f,0.1018f,-0.5036f,-0.8579f,3.2589f,0f,0f,0f,1f],start_interpolation: 0,interpolation_duration: 1}
$data merge entity $(bone_rightringfinger) {transformation: [-0.9271f,-0.3607f,0.1017f,-0.7531f,-0.3607f,0.785f,-0.5036f,1.7839f,0.1018f,-0.5036f,-0.8579f,3.1248f,0f,0f,0f,1f],start_interpolation: 0,interpolation_duration: 1}
$data merge entity $(bone_hugeasssword) {transformation: [-2.7948f,2.6869f,-0.5565f,-0.5976f,-2.5601f,-2.2676f,1.9089f,2.1257f,0.9874f,1.7259f,3.3744f,3.1429f,0f,0f,0f,1f],start_interpolation: 0,interpolation_duration: 1}
$data merge entity $(bone_ice) {transformation: [-0.9271f,-0.3607f,0.1017f,-0.5775f,-0.3607f,0.785f,-0.5036f,2.1191f,0.1018f,-0.5036f,-0.8579f,3.1492f,0f,0f,0f,1f],start_interpolation: 0,interpolation_duration: 1}
$data merge entity $(bone_righthand1) {transformation: [-0.9271f,-0.3607f,0.1017f,-0.8962f,-0.3607f,0.785f,-0.5036f,2.2094f,0.1018f,-0.5036f,-0.8579f,3.022f,0f,0f,0f,1f],start_interpolation: 0,interpolation_duration: 1}
$data merge entity $(bone_rightforearm) {transformation: [-0.8029f,-0.145f,-0.5782f,-0.939f,0.0483f,0.9509f,-0.3056f,2.8798f,0.5941f,-0.2734f,-0.7565f,2.8044f,0f,0f,0f,1f],start_interpolation: 0,interpolation_duration: 1}
$data merge entity $(bone_rightelbow) {transformation: [-0.7885f,-0.1178f,-0.6036f,-0.9611f,0.0665f,0.9594f,-0.2742f,3.0597f,0.6114f,-0.2564f,-0.7487f,2.7564f,0f,0f,0f,1f],start_interpolation: 0,interpolation_duration: 1}
$data merge entity $(bone_rightarm) {transformation: [-0.7885f,0.0691f,-0.6111f,-0.7349f,0.0665f,0.9974f,0.0269f,3.543f,0.6114f,-0.0194f,-0.7911f,2.6376f,0f,0f,0f,1f],start_interpolation: 0,interpolation_duration: 1}
$data merge entity $(bone_chest1) {transformation: [-1.0397f,0.0182f,-0.3038f,-0.0643f,-0.0256f,1.0724f,0.1517f,3.4171f,0.3032f,0.1527f,-1.0288f,2.3051f,0f,0f,0f,1f],start_interpolation: 0,interpolation_duration: 1}
$data merge entity $(bone_chest1lid) {transformation: [-0.9597f,0.0168f,-0.2804f,-0.2937f,-0.0236f,0.9899f,0.14f,2.6777f,0.2799f,0.141f,-0.9496f,2.6759f,0f,0f,0f,1f],start_interpolation: 0,interpolation_duration: 1}
$data merge entity $(bone_chest2) {transformation: [-0.9597f,0.0168f,-0.2804f,-0.2963f,-0.0236f,0.9899f,0.14f,2.523f,0.2799f,0.141f,-0.9496f,2.6539f,0f,0f,0f,1f],start_interpolation: 0,interpolation_duration: 1}
$data merge entity $(bone_chest1lid3) {transformation: [-0.9597f,0.0168f,-0.2804f,-0.4133f,-0.0236f,0.9899f,0.14f,2.7688f,0.2799f,0.141f,-0.9496f,2.0501f,0f,0f,0f,1f],start_interpolation: 0,interpolation_duration: 1}
$data merge entity $(bone_chest3) {transformation: [-0.9597f,0.0168f,-0.2804f,-0.4159f,-0.0236f,0.9899f,0.14f,2.6142f,0.2799f,0.141f,-0.9496f,2.0281f,0f,0f,0f,1f],start_interpolation: 0,interpolation_duration: 1}
$data merge entity $(bone_hugeasssword2) {transformation: [1.0982f,2.8158f,-2.4911f,-1.3015f,-0.5483f,2.6874f,2.7959f,4.5736f,3.7193f,-0.4352f,1.1478f,2.562f,0f,0f,0f,1f],start_interpolation: 0,interpolation_duration: 1}
$data merge entity $(bone_belt) {transformation: [-0.9597f,0.0168f,-0.2804f,-0.0035f,-0.0236f,0.9899f,0.14f,3.0052f,0.2799f,0.141f,-0.9496f,2.3643f,0f,0f,0f,1f],start_interpolation: 0,interpolation_duration: 1}
$data merge entity $(bone_torn_part) {transformation: [-0.9597f,0.0914f,-0.2656f,-0.1268f,-0.0236f,0.916f,0.4005f,2.7228f,0.2799f,0.3906f,-0.877f,2.3586f,0f,0f,0f,1f],start_interpolation: 0,interpolation_duration: 1}
$data merge entity $(bone_lowerbody) {transformation: [-0.9597f,0.0073f,-0.2808f,0.0028f,-0.0236f,0.994f,0.1065f,2.2248f,0.2799f,0.1089f,-0.9538f,2.4122f,0f,0f,0f,1f],start_interpolation: 0,interpolation_duration: 1}
$data merge entity $(bone_leftfoot) {transformation: [-0.9873f,0.1312f,0.0891f,0.0043f,0.0933f,0.935f,-0.3422f,0.1862f,-0.1282f,-0.3295f,-0.9354f,2.8923f,0f,0f,0f,1f],start_interpolation: 0,interpolation_duration: 1}
$data merge entity $(bone_leftlowerleg) {transformation: [-0.9873f,0.1312f,0.0891f,0.1361f,0.0933f,0.935f,-0.3422f,1.2761f,-0.1282f,-0.3295f,-0.9354f,2.6704f,0f,0f,0f,1f],start_interpolation: 0,interpolation_duration: 1}
$data merge entity $(bone_leftleg) {transformation: [-0.9873f,0.1393f,0.0758f,0.2513f,0.0933f,0.8968f,-0.4324f,2.2431f,-0.1282f,-0.4199f,-0.8985f,2.2437f,0f,0f,0f,1f],start_interpolation: 0,interpolation_duration: 1}
$data merge entity $(bone_rightfoot) {transformation: [-0.9861f,-0.0126f,0.1655f,-0.325f,0.0864f,0.8124f,0.5766f,0.3977f,-0.1417f,0.5829f,-0.8001f,1.2422f,0f,0f,0f,1f],start_interpolation: 0,interpolation_duration: 1}
$data merge entity $(bone_rightlowerleg) {transformation: [-0.9861f,-0.0126f,0.1655f,-0.3644f,0.0864f,0.8124f,0.5766f,1.2103f,-0.1417f,0.5829f,-0.8001f,2.0118f,0f,0f,0f,1f],start_interpolation: 0,interpolation_duration: 1}
$data merge entity $(bone_rightleg) {transformation: [-0.9679f,0.0863f,0.2359f,-0.2486f,0.1256f,0.9796f,0.1571f,2.2431f,-0.2175f,0.1817f,-0.959f,2.2366f,0f,0f,0f,1f],start_interpolation: 0,interpolation_duration: 1}
data modify entity @s data merge value {"cameras":{},"locators":{"lefthand":{"posx":1.399230369637129,"posy":2.1415759691418916,"posz":2.8795338206236494,"roty":29.637488367050082,"rotx":-21.581316882733212},"sword":{"posx":-0.14865136566690185,"posy":0.28789827763936593,"posz":-0.04156529877147852,"roty":189.3640655176576,"rotx":29.16903985167608},"righthand":{"posx":-0.6603281654371556,"posy":2.0808864233357633,"posz":3.180031721869839,"roty":6.7624079197865115,"rotx":-30.238538363232657},"chest":{"posx":-0.28088777176965185,"posy":2.5932089602089583,"posz":2.824246248205738,"roty":343.549363494718,"rotx":8.047608054314983}}}