# This file was generated by Animated Java via MC-Build. It is not recommended to edit this file directly.
$data merge entity $(bone_nose) {transformation: [-0.9981f,-0.0254f,-0.0564f,0.004f,-0.0148f,0.9834f,-0.1807f,3.8095f,0.0601f,-0.1796f,-0.9819f,2.4952f,0f,0f,0f,1f],start_interpolation: 0,interpolation_duration: 1}
$data merge entity $(bone_glowing_eye) {transformation: [-0.9981f,-0.0254f,-0.0564f,-0.1206f,-0.0148f,0.9834f,-0.1807f,3.8805f,0.0601f,-0.1796f,-0.9819f,2.5248f,0f,0f,0f,1f],start_interpolation: 0,interpolation_duration: 1}
$data merge entity $(bone_head) {transformation: [-0.9981f,-0.0254f,-0.0564f,-0.0035f,-0.0148f,0.9834f,-0.1807f,3.6542f,0.0601f,-0.1796f,-0.9819f,2.3335f,0f,0f,0f,1f],start_interpolation: 0,interpolation_duration: 1}
$data merge entity $(bone_leftthumb2) {transformation: [-0.9532f,-0.1277f,0.2739f,1.0977f,-0.2445f,0.8584f,-0.4509f,1.7607f,-0.1776f,-0.4968f,-0.8495f,2.9034f,0f,0f,0f,1f],start_interpolation: 0,interpolation_duration: 1}
$data merge entity $(bone_leftthumb) {transformation: [-0.9532f,-0.1277f,0.2739f,1.0898f,-0.2445f,0.8584f,-0.4509f,1.9327f,-0.1776f,-0.4968f,-0.8495f,2.709f,0f,0f,0f,1f],start_interpolation: 0,interpolation_duration: 1}
$data merge entity $(bone_leftpointerfinger) {transformation: [-0.9532f,-0.1277f,0.2739f,1.2488f,-0.2445f,0.8584f,-0.4509f,1.6566f,-0.1776f,-0.4968f,-0.8495f,2.8516f,0f,0f,0f,1f],start_interpolation: 0,interpolation_duration: 1}
$data merge entity $(bone_leftmidfinger) {transformation: [-0.9532f,-0.1277f,0.2739f,1.2916f,-0.2445f,0.8584f,-0.4509f,1.5862f,-0.1776f,-0.4968f,-0.8495f,2.7189f,0f,0f,0f,1f],start_interpolation: 0,interpolation_duration: 1}
$data merge entity $(bone_leftringfinger) {transformation: [-0.9532f,-0.1277f,0.2739f,1.3344f,-0.2445f,0.8584f,-0.4509f,1.5157f,-0.1776f,-0.4968f,-0.8495f,2.5861f,0f,0f,0f,1f],start_interpolation: 0,interpolation_duration: 1}
$data merge entity $(bone_invisibility) {transformation: [-0.1033f,-0.284f,0.9532f,1.0475f,0.8159f,0.524f,0.2445f,1.7187f,-0.5689f,0.803f,0.1776f,2.7905f,0f,0f,0f,1f],start_interpolation: 0,interpolation_duration: 1}
$data merge entity $(bone_swiftness) {transformation: [0.2739f,-0.1277f,0.9532f,1.0665f,-0.4509f,0.8584f,0.2445f,1.5052f,-0.8495f,-0.4968f,0.1776f,2.6892f,0f,0f,0f,1f],start_interpolation: 0,interpolation_duration: 1}
$data merge entity $(bone_suspicious_stew) {transformation: [0.0001f,-0.3022f,0.9532f,1.1049f,0.5875f,0.7714f,0.2445f,1.594f,-0.8092f,0.56f,0.1776f,2.6545f,0f,0f,0f,1f],start_interpolation: 0,interpolation_duration: 1}
$data merge entity $(bone_log) {transformation: [-0.9532f,-0.1277f,0.2739f,1.0124f,-0.2445f,0.8584f,-0.4509f,1.6572f,-0.1776f,-0.4968f,-0.8495f,2.5359f,0f,0f,0f,1f],start_interpolation: 0,interpolation_duration: 1}
$data merge entity $(bone_planks) {transformation: [-0.9532f,-0.1277f,0.2739f,0.923f,-0.2445f,0.8584f,-0.4509f,1.6343f,-0.1776f,-0.4968f,-0.8495f,2.5193f,0f,0f,0f,1f],start_interpolation: 0,interpolation_duration: 1}
$data merge entity $(bone_lefthand1) {transformation: [-0.9532f,-0.1277f,0.2739f,1.2102f,-0.2445f,0.8584f,-0.4509f,1.947f,-0.1776f,-0.4968f,-0.8495f,2.4827f,0f,0f,0f,1f],start_interpolation: 0,interpolation_duration: 1}
$data merge entity $(bone_leftforearm) {transformation: [-0.9825f,-0.1277f,0.1357f,1.0569f,-0.178f,0.8584f,-0.481f,2.547f,-0.0551f,-0.4968f,-0.8661f,2.1435f,0f,0f,0f,1f],start_interpolation: 0,interpolation_duration: 1}
$data merge entity $(bone_leftelbow) {transformation: [-0.987f,-0.1479f,-0.0633f,1.0292f,-0.1402f,0.9837f,-0.113f,2.7315f,0.079f,-0.1027f,-0.9916f,2.1242f,0f,0f,0f,1f],start_interpolation: 0,interpolation_duration: 1}
$data merge entity $(bone_leftarm) {transformation: [-0.987f,-0.1479f,-0.0633f,0.7413f,-0.1402f,0.9837f,-0.113f,3.1962f,0.079f,-0.1027f,-0.9916f,2.1212f,0f,0f,0f,1f],start_interpolation: 0,interpolation_duration: 1}
$data merge entity $(bone_rightthumb2) {transformation: [-0.8802f,-0.0774f,0.4682f,-1.0488f,-0.1629f,0.9759f,-0.145f,1.5552f,-0.4457f,-0.204f,-0.8716f,2.2297f,0f,0f,0f,1f],start_interpolation: 0,interpolation_duration: 1}
$data merge entity $(bone_rightthumb) {transformation: [-0.8802f,-0.0774f,0.4682f,-1.0278f,-0.1629f,0.9759f,-0.145f,1.7821f,-0.4457f,-0.204f,-0.8716f,2.1052f,0f,0f,0f,1f],start_interpolation: 0,interpolation_duration: 1}
$data merge entity $(bone_rightpointerfinger) {transformation: [-0.8802f,-0.0774f,0.4682f,-1.0767f,-0.1629f,0.9759f,-0.145f,1.4373f,-0.4457f,-0.204f,-0.8716f,2.0825f,0f,0f,0f,1f],start_interpolation: 0,interpolation_duration: 1}
$data merge entity $(bone_rightmidfinger) {transformation: [-0.8802f,-0.0774f,0.4682f,-1.0036f,-0.1629f,0.9759f,-0.145f,1.4146f,-0.4457f,-0.204f,-0.8716f,1.9463f,0f,0f,0f,1f],start_interpolation: 0,interpolation_duration: 1}
$data merge entity $(bone_rightringfinger) {transformation: [-0.8802f,-0.0774f,0.4682f,-0.9304f,-0.1629f,0.9759f,-0.145f,1.392f,-0.4457f,-0.204f,-0.8716f,1.8101f,0f,0f,0f,1f],start_interpolation: 0,interpolation_duration: 1}
$data merge entity $(bone_hugeasssword) {transformation: [-2.9922f,1.5674f,-1.9826f,-0.7928f,-2.0747f,-3.2779f,0.5397f,1.6584f,-1.4433f,1.4625f,3.3344f,2.0369f,0f,0f,0f,1f],start_interpolation: 0,interpolation_duration: 1}
$data merge entity $(bone_ice) {transformation: [-0.8802f,-0.0774f,0.4682f,-0.7778f,-0.1629f,0.9759f,-0.145f,1.6457f,-0.4457f,-0.204f,-0.8716f,2.0471f,0f,0f,0f,1f],start_interpolation: 0,interpolation_duration: 1}
$data merge entity $(bone_righthand1) {transformation: [-0.8802f,-0.0774f,0.4682f,-1.0026f,-0.1629f,0.9759f,-0.145f,1.8444f,-0.4457f,-0.204f,-0.8716f,1.8574f,0f,0f,0f,1f],start_interpolation: 0,interpolation_duration: 1}
$data merge entity $(bone_rightforearm) {transformation: [-0.9998f,-0.0175f,-0.0123f,-0.9522f,-0.019f,0.9915f,0.1284f,2.5408f,0.01f,0.1286f,-0.9916f,1.9627f,0f,0f,0f,1f],start_interpolation: 0,interpolation_duration: 1}
$data merge entity $(bone_rightelbow) {transformation: [-0.9998f,-0.018f,-0.0079f,-0.9556f,-0.0188f,0.9921f,0.1237f,2.7268f,0.0056f,0.1238f,-0.9923f,1.986f,0f,0f,0f,1f],start_interpolation: 0,interpolation_duration: 1}
$data merge entity $(bone_rightarm) {transformation: [-0.9998f,-0.0148f,-0.0129f,-0.7439f,-0.0188f,0.909f,0.4163f,3.1724f,0.0056f,0.4165f,-0.9091f,2.2214f,0f,0f,0f,1f],start_interpolation: 0,interpolation_duration: 1}
$data merge entity $(bone_chest1) {transformation: [-1.0807f,0.0117f,-0.074f,-0.0184f,-0.0173f,1.0025f,0.4103f,3.0775f,0.0729f,0.4105f,-0.9999f,2.0095f,0f,0f,0f,1f],start_interpolation: 0,interpolation_duration: 1}
$data merge entity $(bone_chest1lid) {transformation: [-0.9976f,0.0108f,-0.0683f,-0.3397f,-0.016f,0.9254f,0.3787f,2.2914f,0.0673f,0.3789f,-0.923f,2.1347f,0f,0f,0f,1f],start_interpolation: 0,interpolation_duration: 1}
$data merge entity $(bone_chest2) {transformation: [-0.9976f,0.0108f,-0.0683f,-0.3414f,-0.016f,0.9254f,0.3787f,2.1468f,0.0673f,0.3789f,-0.923f,2.0755f,0f,0f,0f,1f],start_interpolation: 0,interpolation_duration: 1}
$data merge entity $(bone_chest1lid3) {transformation: [-0.9976f,0.0108f,-0.0683f,-0.3211f,-0.016f,0.9254f,0.3787f,2.535f,0.0673f,0.3789f,-0.923f,1.5392f,0f,0f,0f,1f],start_interpolation: 0,interpolation_duration: 1}
$data merge entity $(bone_chest3) {transformation: [-0.9976f,0.0108f,-0.0683f,-0.3228f,-0.016f,0.9254f,0.3787f,2.3904f,0.0673f,0.3789f,-0.923f,1.48f,0f,0f,0f,1f],start_interpolation: 0,interpolation_duration: 1}
$data merge entity $(bone_hugeasssword2) {transformation: [0.2677f,2.9092f,-2.6086f,-1.2532f,-1.4833f,2.4947f,2.63f,4.2319f,3.615f,0.8082f,1.2723f,2.2875f,0f,0f,0f,1f],start_interpolation: 0,interpolation_duration: 1}
$data merge entity $(bone_belt) {transformation: [-0.9976f,0.0108f,-0.0683f,0.0182f,-0.016f,0.9254f,0.3787f,2.6598f,0.0673f,0.3789f,-0.923f,1.9772f,0f,0f,0f,1f],start_interpolation: 0,interpolation_duration: 1}
$data merge entity $(bone_torn_part) {transformation: [-0.9976f,0.0306f,-0.062f,-0.1084f,-0.016f,0.7708f,0.6368f,2.3961f,0.0673f,0.6363f,-0.7685f,1.8732f,0f,0f,0f,1f],start_interpolation: 0,interpolation_duration: 1}
$data merge entity $(bone_lowerbody) {transformation: [-0.9976f,0.0105f,-0.0684f,-0.0065f,-0.016f,0.9267f,0.3756f,1.8923f,0.0673f,0.3758f,-0.9243f,1.8132f,0f,0f,0f,1f],start_interpolation: 0,interpolation_duration: 1}
$data merge entity $(bone_leftfoot) {transformation: [-0.9942f,0.027f,0.1037f,0.1854f,-0.0212f,0.8991f,-0.4371f,0.3719f,-0.105f,-0.4368f,-0.8934f,2.9682f,0f,0f,0f,1f],start_interpolation: 0,interpolation_duration: 1}
$data merge entity $(bone_leftlowerleg) {transformation: [-0.9942f,0.027f,0.1037f,0.1994f,-0.0212f,0.8991f,-0.4371f,1.4365f,-0.105f,-0.4368f,-0.8934f,2.6209f,0f,0f,0f,1f],start_interpolation: 0,interpolation_duration: 1}
$data merge entity $(bone_leftleg) {transformation: [-0.9942f,0.0861f,0.0638f,0.2581f,-0.0212f,0.4254f,-0.9047f,1.9115f,-0.105f,-0.9009f,-0.4212f,1.6714f,0f,0f,0f,1f],start_interpolation: 0,interpolation_duration: 1}
$data merge entity $(bone_rightfoot) {transformation: [-0.9835f,-0.0901f,0.1569f,-0.3296f,0.0554f,0.6759f,0.7349f,0.448f,-0.1723f,0.7315f,-0.6598f,1.3331f,0f,0f,0f,1f],start_interpolation: 0,interpolation_duration: 1}
$data merge entity $(bone_rightlowerleg) {transformation: [-0.9835f,-0.0901f,0.1569f,-0.4537f,0.0554f,0.6759f,0.7349f,1.085f,-0.1723f,0.7315f,-0.6598f,2.2459f,0f,0f,0f,1f],start_interpolation: 0,interpolation_duration: 1}
$data merge entity $(bone_rightleg) {transformation: [-0.9677f,0.1785f,0.1781f,-0.2384f,0.0217f,0.7627f,-0.6464f,1.9115f,-0.2512f,-0.6217f,-0.7419f,1.6126f,0f,0f,0f,1f],start_interpolation: 0,interpolation_duration: 1}
data modify entity @s data merge value {"cameras":{},"locators":{"lefthand":{"posx":1.1074570150982783,"posy":1.620103755307818,"posz":2.604681597672734,"roty":17.87328007348981,"rotx":-26.798851040475117},"sword":{"posx":1.0094854708218168,"posy":1.1329132767743975,"posz":-1.1561733949776412,"roty":210.73434007158866,"rotx":7.919971196902955},"righthand":{"posx":-0.8664498643291176,"posy":1.6174348626814603,"posz":2.022098533690234,"roty":28.24473167090821,"rotx":-8.339310936427527},"chest":{"posx":-0.36083832814444283,"posy":2.1738926156988683,"posz":2.257325360183906,"roty":355.7649995597526,"rotx":22.254237237137456}}}