# This file was generated by Animated Java via MC-Build. It is not recommended to edit this file directly.
$data merge entity $(bone_nose) {transformation: [-0.9988f,-0.0239f,-0.0424f,-0.0105f,-0.015f,0.98f,-0.1983f,3.8173f,0.0463f,-0.1974f,-0.9792f,2.3282f,0f,0f,0f,1f],start_interpolation: 0,interpolation_duration: 1}
$data merge entity $(bone_glowing_eye) {transformation: [-0.9988f,-0.0239f,-0.0424f,-0.1355f,-0.015f,0.98f,-0.1983f,3.8887f,0.0463f,-0.1974f,-0.9792f,2.3548f,0f,0f,0f,1f],start_interpolation: 0,interpolation_duration: 1}
$data merge entity $(bone_head) {transformation: [-0.9988f,-0.0239f,-0.0424f,-0.0155f,-0.015f,0.98f,-0.1983f,3.6592f,0.0463f,-0.1974f,-0.9792f,2.1692f,0f,0f,0f,1f],start_interpolation: 0,interpolation_duration: 1}
$data merge entity $(bone_leftthumb2) {transformation: [-0.9605f,-0.103f,0.2585f,1.0621f,-0.2241f,0.8368f,-0.4995f,1.7968f,-0.1649f,-0.5377f,-0.8269f,2.8064f,0f,0f,0f,1f],start_interpolation: 0,interpolation_duration: 1}
$data merge entity $(bone_leftthumb) {transformation: [-0.9605f,-0.103f,0.2585f,1.059f,-0.2241f,0.8368f,-0.4995f,1.9593f,-0.1649f,-0.5377f,-0.8269f,2.6038f,0f,0f,0f,1f],start_interpolation: 0,interpolation_duration: 1}
$data merge entity $(bone_leftpointerfinger) {transformation: [-0.9605f,-0.103f,0.2585f,1.2099f,-0.2241f,0.8368f,-0.4995f,1.6858f,-0.1649f,-0.5377f,-0.8269f,2.7595f,0f,0f,0f,1f],start_interpolation: 0,interpolation_duration: 1}
$data merge entity $(bone_leftmidfinger) {transformation: [-0.9605f,-0.103f,0.2585f,1.2503f,-0.2241f,0.8368f,-0.4995f,1.6078f,-0.1649f,-0.5377f,-0.8269f,2.6303f,0f,0f,0f,1f],start_interpolation: 0,interpolation_duration: 1}
$data merge entity $(bone_leftringfinger) {transformation: [-0.9605f,-0.103f,0.2585f,1.2907f,-0.2241f,0.8368f,-0.4995f,1.5298f,-0.1649f,-0.5377f,-0.8269f,2.5011f,0f,0f,0f,1f],start_interpolation: 0,interpolation_duration: 1}
$data merge entity $(bone_invisibility) {transformation: [-0.08f,-0.2665f,0.9605f,1.0105f,0.7901f,0.5705f,0.2241f,1.751f,-0.6077f,0.7768f,0.1649f,2.6957f,0f,0f,0f,1f],start_interpolation: 0,interpolation_duration: 1}
$data merge entity $(bone_swiftness) {transformation: [0.2585f,-0.103f,0.9605f,1.0229f,-0.4995f,0.8368f,0.2241f,1.5323f,-0.8269f,-0.5377f,0.1649f,2.6048f,0f,0f,0f,1f],start_interpolation: 0,interpolation_duration: 1}
$data merge entity $(bone_suspicious_stew) {transformation: [0.0159f,-0.2778f,0.9605f,1.0638f,0.5473f,0.8063f,0.2241f,1.6181f,-0.8368f,0.5221f,0.1649f,2.5658f,0f,0f,0f,1f],start_interpolation: 0,interpolation_duration: 1}
$data merge entity $(bone_log) {transformation: [-0.9605f,-0.103f,0.2585f,0.973f,-0.2241f,0.8368f,-0.4995f,1.6783f,-0.1649f,-0.5377f,-0.8269f,2.4444f,0f,0f,0f,1f],start_interpolation: 0,interpolation_duration: 1}
$data merge entity $(bone_planks) {transformation: [-0.9605f,-0.103f,0.2585f,0.8829f,-0.2241f,0.8368f,-0.4995f,1.6572f,-0.1649f,-0.5377f,-0.8269f,2.4289f,0f,0f,0f,1f],start_interpolation: 0,interpolation_duration: 1}
$data merge entity $(bone_lefthand1) {transformation: [-0.9605f,-0.103f,0.2585f,1.1793f,-0.2241f,0.8368f,-0.4995f,1.9591f,-0.1649f,-0.5377f,-0.8269f,2.377f,0f,0f,0f,1f],start_interpolation: 0,interpolation_duration: 1}
$data merge entity $(bone_leftforearm) {transformation: [-0.9827f,-0.103f,0.1538f,1.0431f,-0.1692f,0.8368f,-0.5207f,2.5451f,-0.0751f,-0.5377f,-0.8398f,2.0074f,0f,0f,0f,1f],start_interpolation: 0,interpolation_duration: 1}
$data merge entity $(bone_leftelbow) {transformation: [-0.9895f,-0.1373f,-0.0458f,1.0173f,-0.1317f,0.9854f,-0.1076f,2.7298f,0.0599f,-0.1004f,-0.9931f,1.9886f,0f,0f,0f,1f],start_interpolation: 0,interpolation_duration: 1}
$data merge entity $(bone_leftarm) {transformation: [-0.9895f,-0.1373f,-0.0458f,0.7337f,-0.1317f,0.9854f,-0.1076f,3.1971f,0.0599f,-0.1004f,-0.9931f,1.9825f,0f,0f,0f,1f],start_interpolation: 0,interpolation_duration: 1}
$data merge entity $(bone_rightthumb2) {transformation: [-0.8755f,-0.0737f,0.4775f,-1.0491f,-0.1631f,0.9754f,-0.1483f,1.5556f,-0.4548f,-0.2077f,-0.866f,2.0615f,0f,0f,0f,1f],start_interpolation: 0,interpolation_duration: 1}
$data merge entity $(bone_rightthumb) {transformation: [-0.8755f,-0.0737f,0.4775f,-1.0264f,-0.1631f,0.9754f,-0.1483f,1.7821f,-0.4548f,-0.2077f,-0.866f,1.9366f,0f,0f,0f,1f],start_interpolation: 0,interpolation_duration: 1}
$data merge entity $(bone_rightpointerfinger) {transformation: [-0.8755f,-0.0737f,0.4775f,-1.0756f,-0.1631f,0.9754f,-0.1483f,1.4373f,-0.4548f,-0.2077f,-0.866f,1.9144f,0f,0f,0f,1f],start_interpolation: 0,interpolation_duration: 1}
$data merge entity $(bone_rightmidfinger) {transformation: [-0.8755f,-0.0737f,0.4775f,-1.001f,-0.1631f,0.9754f,-0.1483f,1.4141f,-0.4548f,-0.2077f,-0.866f,1.7791f,0f,0f,0f,1f],start_interpolation: 0,interpolation_duration: 1}
$data merge entity $(bone_rightringfinger) {transformation: [-0.8755f,-0.0737f,0.4775f,-0.9264f,-0.1631f,0.9754f,-0.1483f,1.3909f,-0.4548f,-0.2077f,-0.866f,1.6438f,0f,0f,0f,1f],start_interpolation: 0,interpolation_duration: 1}
$data merge entity $(bone_hugeasssword) {transformation: [-2.9792f,1.5467f,-2.018f,-0.7909f,-2.0748f,-3.2757f,0.5526f,1.6578f,-1.4695f,1.4893f,3.311f,1.8712f,0f,0f,0f,1f],start_interpolation: 0,interpolation_duration: 1}
$data merge entity $(bone_ice) {transformation: [-0.8755f,-0.0737f,0.4775f,-0.776f,-0.1631f,0.9754f,-0.1483f,1.6452f,-0.4548f,-0.2077f,-0.866f,1.8816f,0f,0f,0f,1f],start_interpolation: 0,interpolation_duration: 1}
$data merge entity $(bone_righthand1) {transformation: [-0.8755f,-0.0737f,0.4775f,-0.9984f,-0.1631f,0.9754f,-0.1483f,1.8436f,-0.4548f,-0.2077f,-0.866f,1.6889f,0f,0f,0f,1f],start_interpolation: 0,interpolation_duration: 1}
$data merge entity $(bone_rightforearm) {transformation: [-0.9995f,-0.0229f,0.0213f,-0.9524f,-0.0202f,0.9924f,0.1213f,2.5408f,-0.0239f,0.1208f,-0.9924f,1.7908f,0f,0f,0f,1f],start_interpolation: 0,interpolation_duration: 1}
$data merge entity $(bone_rightelbow) {transformation: [-0.9994f,-0.0233f,0.0268f,-0.9568f,-0.02f,0.9931f,0.1155f,2.727f,-0.0293f,0.1149f,-0.9929f,1.8124f,0f,0f,0f,1f],start_interpolation: 0,interpolation_duration: 1}
$data merge entity $(bone_rightarm) {transformation: [-0.9994f,-0.0302f,0.0185f,-0.7539f,-0.02f,0.9124f,0.4088f,3.1748f,-0.0293f,0.4082f,-0.9124f,2.0514f,0f,0f,0f,1f],start_interpolation: 0,interpolation_duration: 1}
$data merge entity $(bone_chest1) {transformation: [-1.0821f,0.0029f,-0.0526f,-0.0236f,-0.0162f,1.0108f,0.3893f,3.0758f,0.0501f,0.3896f,-1.0096f,1.8571f,0f,0f,0f,1f],start_interpolation: 0,interpolation_duration: 1}
$data merge entity $(bone_chest1lid) {transformation: [-0.9988f,0.0027f,-0.0486f,-0.3474f,-0.015f,0.9331f,0.3593f,2.2923f,0.0463f,0.3596f,-0.9319f,1.9918f,0f,0f,0f,1f],start_interpolation: 0,interpolation_duration: 1}
$data merge entity $(bone_chest2) {transformation: [-0.9988f,0.0027f,-0.0486f,-0.3478f,-0.015f,0.9331f,0.3593f,2.1465f,0.0463f,0.3596f,-0.9319f,1.9356f,0f,0f,0f,1f],start_interpolation: 0,interpolation_duration: 1}
$data merge entity $(bone_chest1lid3) {transformation: [-0.9988f,0.0027f,-0.0486f,-0.3161f,-0.015f,0.9331f,0.3593f,2.5235f,0.0463f,0.3596f,-0.9319f,1.3918f,0f,0f,0f,1f],start_interpolation: 0,interpolation_duration: 1}
$data merge entity $(bone_chest3) {transformation: [-0.9988f,0.0027f,-0.0486f,-0.3165f,-0.015f,0.9331f,0.3593f,2.3777f,0.0463f,0.3596f,-0.9319f,1.3356f,0f,0f,0f,1f],start_interpolation: 0,interpolation_duration: 1}
$data merge entity $(bone_hugeasssword2) {transformation: [0.1902f,2.8913f,-2.6353f,-1.2639f,-1.4074f,2.5123f,2.6548f,4.2352f,3.6501f,0.818f,1.1609f,2.0845f,0f,0f,0f,1f],start_interpolation: 0,interpolation_duration: 1}
$data merge entity $(bone_belt) {transformation: [-0.9988f,0.0027f,-0.0486f,0.0137f,-0.015f,0.9331f,0.3593f,2.6576f,0.0463f,0.3596f,-0.9319f,1.8343f,0f,0f,0f,1f],start_interpolation: 0,interpolation_duration: 1}
$data merge entity $(bone_torn_part) {transformation: [-0.9988f,0.0171f,-0.0455f,-0.1106f,-0.015f,0.7828f,0.6221f,2.3916f,0.0463f,0.622f,-0.7816f,1.7329f,0f,0f,0f,1f],start_interpolation: 0,interpolation_duration: 1}
$data merge entity $(bone_lowerbody) {transformation: [-0.9988f,0.0026f,-0.0486f,-0.0075f,-0.015f,0.9337f,0.3579f,1.8868f,0.0463f,0.3582f,-0.9325f,1.6846f,0f,0f,0f,1f],start_interpolation: 0,interpolation_duration: 1}
$data merge entity $(bone_leftfoot) {transformation: [-0.9942f,0.0164f,0.1067f,0.1997f,-0.0301f,0.9069f,-0.4203f,0.4038f,-0.1036f,-0.4211f,-0.9011f,2.8434f,0f,0f,0f,1f],start_interpolation: 0,interpolation_duration: 1}
$data merge entity $(bone_leftlowerleg) {transformation: [-0.9942f,0.0164f,0.1067f,0.2015f,-0.0301f,0.9069f,-0.4203f,1.4744f,-0.1036f,-0.4211f,-0.9011f,2.5147f,0f,0f,0f,1f],start_interpolation: 0,interpolation_duration: 1}
$data merge entity $(bone_leftleg) {transformation: [-0.9942f,0.0842f,0.0676f,0.2581f,-0.0301f,0.3846f,-0.9226f,1.9062f,-0.1036f,-0.9192f,-0.3799f,1.5447f,0f,0f,0f,1f],start_interpolation: 0,interpolation_duration: 1}
$data merge entity $(bone_rightfoot) {transformation: [-0.9837f,-0.0893f,0.1559f,-0.3278f,0.0456f,0.715f,0.6977f,0.4212f,-0.1738f,0.6934f,-0.6992f,1.2743f,0f,0f,0f,1f],start_interpolation: 0,interpolation_duration: 1}
$data merge entity $(bone_rightlowerleg) {transformation: [-0.9837f,-0.0893f,0.1559f,-0.4509f,0.0456f,0.715f,0.6977f,1.1072f,-0.1738f,0.6934f,-0.6992f,2.151f,0f,0f,0f,1f],start_interpolation: 0,interpolation_duration: 1}
$data merge entity $(bone_rightleg) {transformation: [-0.9679f,0.1763f,0.1791f,-0.238f,0.0087f,0.7356f,-0.6774f,1.9062f,-0.2511f,-0.6541f,-0.7135f,1.4825f,0f,0f,0f,1f],start_interpolation: 0,interpolation_duration: 1}
data modify entity @s data merge value {"cameras":{},"locators":{"lefthand":{"posx":1.0670225975887409,"posy":1.6416985661472434,"posz":2.514780375557833,"roty":17.36056055573019,"rotx":-29.965848068547928},"sword":{"posx":1.0453278801963424,"posy":1.1201362417531469,"posz":-1.3004488365382953,"roty":211.3615146984875,"rotx":8.110699868328565},"righthand":{"posx":-0.8644258192821237,"posy":1.6169445222969723,"posz":1.8557085329772613,"roty":28.870820584857825,"rotx":-8.530707038933242},"chest":{"posx":-0.3711776323252689,"posy":2.177408388378667,"posz":2.1163369639258574,"roty":357.016946869835,"rotx":21.05931148438551}}}