# This file was generated by Animated Java via MC-Build. It is not recommended to edit this file directly.
$data merge entity $(bone_nose) {transformation: [-0.9999f,-0.0087f,0.0051f,-0.0369f,-0.0097f,0.9656f,-0.2598f,3.8877f,-0.0027f,-0.2598f,-0.9657f,1.5731f,0f,0f,0f,1f],start_interpolation: 0,interpolation_duration: 1}
$data merge entity $(bone_glowing_eye) {transformation: [-0.9999f,-0.0087f,0.0051f,-0.1627f,-0.0097f,0.9656f,-0.2598f,3.9609f,-0.0027f,-0.2598f,-0.9657f,1.5889f,0f,0f,0f,1f],start_interpolation: 0,interpolation_duration: 1}
$data merge entity $(bone_head) {transformation: [-0.9999f,-0.0087f,0.0051f,-0.0349f,-0.0097f,0.9656f,-0.2598f,3.7198f,-0.0027f,-0.2598f,-0.9657f,1.4243f,0f,0f,0f,1f],start_interpolation: 0,interpolation_duration: 1}
$data merge entity $(bone_leftthumb2) {transformation: [-0.9835f,-0.0235f,0.1792f,0.9618f,-0.1303f,0.7793f,-0.6129f,1.9261f,-0.1252f,-0.6262f,-0.7696f,2.277f,0f,0f,0f,1f],start_interpolation: 0,interpolation_duration: 1}
$data merge entity $(bone_leftthumb) {transformation: [-0.9835f,-0.0235f,0.1792f,0.9714f,-0.1303f,0.7793f,-0.6129f,2.0648f,-0.1252f,-0.6262f,-0.7696f,2.0577f,0f,0f,0f,1f],start_interpolation: 0,interpolation_duration: 1}
$data merge entity $(bone_leftpointerfinger) {transformation: [-0.9835f,-0.0235f,0.1792f,1.0951f,-0.1303f,0.7793f,-0.6129f,1.7946f,-0.1252f,-0.6262f,-0.7696f,2.2408f,0f,0f,0f,1f],start_interpolation: 0,interpolation_duration: 1}
$data merge entity $(bone_leftmidfinger) {transformation: [-0.9835f,-0.0235f,0.1792f,1.123f,-0.1303f,0.7793f,-0.6129f,1.6989f,-0.1252f,-0.6262f,-0.7696f,2.1205f,0f,0f,0f,1f],start_interpolation: 0,interpolation_duration: 1}
$data merge entity $(bone_leftringfinger) {transformation: [-0.9835f,-0.0235f,0.1792f,1.151f,-0.1303f,0.7793f,-0.6129f,1.6031f,-0.1252f,-0.6262f,-0.7696f,2.0003f,0f,0f,0f,1f],start_interpolation: 0,interpolation_duration: 1}
$data merge entity $(bone_invisibility) {transformation: [-0.0078f,-0.1806f,0.9835f,0.9025f,0.7229f,0.6785f,0.1303f,1.8746f,-0.6909f,0.7121f,0.1252f,2.1729f,0f,0f,0f,1f],start_interpolation: 0,interpolation_duration: 1}
$data merge entity $(bone_swiftness) {transformation: [0.1792f,-0.0235f,0.9835f,0.888f,-0.6129f,0.7793f,0.1303f,1.6474f,-0.7696f,-0.6262f,0.1252f,2.1069f,0f,0f,0f,1f],start_interpolation: 0,interpolation_duration: 1}
$data merge entity $(bone_suspicious_stew) {transformation: [0.0544f,-0.1723f,0.9835f,0.9372f,0.4473f,0.8849f,0.1303f,1.7232f,-0.8927f,0.4328f,0.1252f,2.0579f,0f,0f,0f,1f],start_interpolation: 0,interpolation_duration: 1}
$data merge entity $(bone_log) {transformation: [-0.9835f,-0.0235f,0.1792f,0.8504f,-0.1303f,0.7793f,-0.6129f,1.7796f,-0.1252f,-0.6262f,-0.7696f,1.9319f,0f,0f,0f,1f],start_interpolation: 0,interpolation_duration: 1}
$data merge entity $(bone_planks) {transformation: [-0.9835f,-0.0235f,0.1792f,0.7582f,-0.1303f,0.7793f,-0.6129f,1.7674f,-0.1252f,-0.6262f,-0.7696f,1.9201f,0f,0f,0f,1f],start_interpolation: 0,interpolation_duration: 1}
$data merge entity $(bone_lefthand1) {transformation: [-0.9835f,-0.0235f,0.1792f,1.0848f,-0.1303f,0.7793f,-0.6129f,2.0262f,-0.1252f,-0.6262f,-0.7696f,1.8307f,0f,0f,0f,1f],start_interpolation: 0,interpolation_duration: 1}
$data merge entity $(bone_leftforearm) {transformation: [-0.9835f,-0.0235f,0.1792f,1.004f,-0.1303f,0.7793f,-0.6129f,2.5756f,-0.1252f,-0.6262f,-0.7696f,1.3946f,0f,0f,0f,1f],start_interpolation: 0,interpolation_duration: 1}
$data merge entity $(bone_leftelbow) {transformation: [-0.9956f,-0.0936f,0.0107f,0.9864f,-0.0942f,0.9891f,-0.1128f,2.761f,0f,-0.1133f,-0.9936f,1.3733f,0f,0f,0f,1f],start_interpolation: 0,interpolation_duration: 1}
$data merge entity $(bone_leftarm) {transformation: [-0.9956f,-0.0936f,0.0107f,0.7215f,-0.0942f,0.9891f,-0.1128f,3.2385f,0f,-0.1133f,-0.9936f,1.3477f,0f,0f,0f,1f],start_interpolation: 0,interpolation_duration: 1}
$data merge entity $(bone_rightthumb2) {transformation: [-0.8789f,-0.0616f,0.473f,-1.0331f,-0.1757f,0.9637f,-0.201f,1.6003f,-0.4434f,-0.2598f,-0.8578f,1.425f,0f,0f,0f,1f],start_interpolation: 0,interpolation_duration: 1}
$data merge entity $(bone_rightthumb) {transformation: [-0.8789f,-0.0616f,0.473f,-1.0078f,-0.1757f,0.9637f,-0.201f,1.8195f,-0.4434f,-0.2598f,-0.8578f,1.2879f,0f,0f,0f,1f],start_interpolation: 0,interpolation_duration: 1}
$data merge entity $(bone_rightpointerfinger) {transformation: [-0.8789f,-0.0616f,0.473f,-1.0616f,-0.1757f,0.9637f,-0.201f,1.4746f,-0.4434f,-0.2598f,-0.8578f,1.2845f,0f,0f,0f,1f],start_interpolation: 0,interpolation_duration: 1}
$data merge entity $(bone_rightmidfinger) {transformation: [-0.8789f,-0.0616f,0.473f,-0.9877f,-0.1757f,0.9637f,-0.201f,1.4432f,-0.4434f,-0.2598f,-0.8578f,1.1504f,0f,0f,0f,1f],start_interpolation: 0,interpolation_duration: 1}
$data merge entity $(bone_rightringfinger) {transformation: [-0.8789f,-0.0616f,0.473f,-0.9137f,-0.1757f,0.9637f,-0.201f,1.4118f,-0.4434f,-0.2598f,-0.8578f,1.0164f,0f,0f,0f,1f],start_interpolation: 0,interpolation_duration: 1}
$data merge entity $(bone_hugeasssword) {transformation: [-3.0104f,1.5079f,-2.0009f,-0.7741f,-2.1113f,-3.2109f,0.7567f,1.6888f,-1.3491f,1.6602f,3.2809f,1.2289f,0f,0f,0f,1f],start_interpolation: 0,interpolation_duration: 1}
$data merge entity $(bone_ice) {transformation: [-0.8789f,-0.0616f,0.473f,-0.7594f,-0.1757f,0.9637f,-0.201f,1.6765f,-0.4434f,-0.2598f,-0.8578f,1.2399f,0f,0f,0f,1f],start_interpolation: 0,interpolation_duration: 1}
$data merge entity $(bone_righthand1) {transformation: [-0.8789f,-0.0616f,0.473f,-0.9797f,-0.1757f,0.9637f,-0.201f,1.8672f,-0.4434f,-0.2598f,-0.8578f,1.0372f,0f,0f,0f,1f],start_interpolation: 0,interpolation_duration: 1}
$data merge entity $(bone_rightforearm) {transformation: [-0.993f,-0.0336f,0.1136f,-0.9431f,-0.0286f,0.9986f,0.0451f,2.5704f,-0.1149f,0.0415f,-0.9925f,1.0891f,0f,0f,0f,1f],start_interpolation: 0,interpolation_duration: 1}
$data merge entity $(bone_rightelbow) {transformation: [-0.9921f,-0.0333f,0.1211f,-0.9493f,-0.029f,0.9989f,0.0372f,2.7577f,-0.1222f,0.0334f,-0.9919f,1.0954f,0f,0f,0f,1f],start_interpolation: 0,interpolation_duration: 1}
$data merge entity $(bone_rightarm) {transformation: [-0.9921f,-0.0682f,0.1054f,-0.7697f,-0.029f,0.9415f,0.3359f,3.2243f,-0.1222f,0.3301f,-0.936f,1.3164f,0f,0f,0f,1f],start_interpolation: 0,interpolation_duration: 1}
$data merge entity $(bone_chest1) {transformation: [-1.083f,-0.0156f,0.0196f,-0.0263f,-0.0104f,1.0511f,0.262f,3.1024f,-0.0227f,0.2617f,-1.051f,1.1864f,0f,0f,0f,1f],start_interpolation: 0,interpolation_duration: 1}
$data merge entity $(bone_chest1lid) {transformation: [-0.9997f,-0.0144f,0.0181f,-0.3649f,-0.0096f,0.9703f,0.2418f,2.3414f,-0.021f,0.2416f,-0.9702f,1.3938f,0f,0f,0f,1f],start_interpolation: 0,interpolation_duration: 1}
$data merge entity $(bone_chest2) {transformation: [-0.9997f,-0.0144f,0.0181f,-0.3627f,-0.0096f,0.9703f,0.2418f,2.1898f,-0.021f,0.2416f,-0.9702f,1.356f,0f,0f,0f,1f],start_interpolation: 0,interpolation_duration: 1}
$data merge entity $(bone_chest1lid3) {transformation: [-0.9997f,-0.0144f,0.0181f,-0.2908f,-0.0096f,0.9703f,0.2418f,2.4969f,-0.021f,0.2416f,-0.9702f,0.7736f,0f,0f,0f,1f],start_interpolation: 0,interpolation_duration: 1}
$data merge entity $(bone_chest3) {transformation: [-0.9997f,-0.0144f,0.0181f,-0.2886f,-0.0096f,0.9703f,0.2418f,2.3453f,-0.021f,0.2416f,-0.9702f,0.7359f,0f,0f,0f,1f],start_interpolation: 0,interpolation_duration: 1}
$data merge entity $(bone_hugeasssword2) {transformation: [-0.0707f,2.8489f,-2.6868f,-1.2699f,-0.9471f,2.595f,2.7765f,4.2805f,3.7998f,0.6999f,0.6421f,1.1839f,0f,0f,0f,1f],start_interpolation: 0,interpolation_duration: 1}
$data merge entity $(bone_belt) {transformation: [-0.9997f,-0.0144f,0.0181f,0.0091f,-0.0096f,0.9703f,0.2418f,2.6846f,-0.021f,0.2416f,-0.9702f,1.2179f,0f,0f,0f,1f],start_interpolation: 0,interpolation_duration: 1}
$data merge entity $(bone_torn_part) {transformation: [-0.9997f,-0.0191f,0.0129f,-0.1102f,-0.0096f,0.8531f,0.5216f,2.408f,-0.021f,0.5213f,-0.8531f,1.1415f,0f,0f,0f,1f],start_interpolation: 0,interpolation_duration: 1}
$data merge entity $(bone_lowerbody) {transformation: [-0.9997f,-0.0143f,0.0181f,-0.0081f,-0.0096f,0.9705f,0.2409f,1.9012f,-0.021f,0.2407f,-0.9704f,1.1625f,0f,0f,0f,1f],start_interpolation: 0,interpolation_duration: 1}
$data merge entity $(bone_leftfoot) {transformation: [-0.992f,-0.0332f,0.1217f,0.2494f,-0.0385f,0.9984f,-0.0417f,0.3217f,-0.1202f,-0.046f,-0.9917f,1.8661f,0f,0f,0f,1f],start_interpolation: 0,interpolation_duration: 1}
$data merge entity $(bone_leftlowerleg) {transformation: [-0.992f,-0.0332f,0.1217f,0.1939f,-0.0385f,0.9984f,-0.0417f,1.4357f,-0.1202f,-0.046f,-0.9917f,1.9674f,0f,0f,0f,1f],start_interpolation: 0,interpolation_duration: 1}
$data merge entity $(bone_leftleg) {transformation: [-0.992f,0.0915f,0.0868f,0.2579f,-0.0385f,0.4357f,-0.8993f,1.9208f,-0.1202f,-0.8954f,-0.4287f,1.0234f,0f,0f,0f,1f],start_interpolation: 0,interpolation_duration: 1}
$data merge entity $(bone_rightfoot) {transformation: [-0.9883f,-0.071f,0.1353f,-0.3147f,-0.0087f,0.9101f,0.4143f,0.3069f,-0.1526f,0.4083f,-0.9f,1.1768f,0f,0f,0f,1f],start_interpolation: 0,interpolation_duration: 1}
$data merge entity $(bone_rightlowerleg) {transformation: [-0.9883f,-0.071f,0.1353f,-0.4143f,-0.0087f,0.9101f,0.4143f,1.2529f,-0.1526f,0.4083f,-0.9f,1.768f,0f,0f,0f,1f],start_interpolation: 0,interpolation_duration: 1}
$data merge entity $(bone_rightleg) {transformation: [-0.9733f,0.1417f,0.1807f,-0.238f,-0.0586f,0.6075f,-0.7922f,1.9208f,-0.222f,-0.7816f,-0.5829f,0.9596f,0f,0f,0f,1f],start_interpolation: 0,interpolation_duration: 1}
data modify entity @s data merge value {"cameras":{},"locators":{"lefthand":{"posx":0.9416590639782726,"posy":1.7405271851918418,"posz":2.004535001883024,"roty":13.106903810134071,"rotx":-37.80118724938343},"sword":{"posx":1.0456589444254232,"posy":0.9568650310710344,"posz":-1.913274448157053,"roty":211.37797519206828,"rotx":11.13911529445028},"righthand":{"posx":-0.8482172969267182,"posy":1.648073059946075,"posz":1.2157463642851585,"roty":28.87128517784282,"rotx":-11.598172069030559},"chest":{"posx":-0.39806095248974366,"posy":2.242659358521317,"posz":1.5296272794524524,"roty":1.0664078313827758,"rotx":13.994061292908315}}}