# This file was generated by Animated Java via MC-Build. It is not recommended to edit this file directly.
$data merge entity $(bone_nose) {transformation: [-0.9997f,0.0018f,0.0253f,-0.0338f,-0.0053f,0.9606f,-0.2778f,3.9353f,-0.0248f,-0.2778f,-0.9603f,1.1796f,0f,0f,0f,1f],start_interpolation: 0,interpolation_duration: 1}
$data merge entity $(bone_glowing_eye) {transformation: [-0.9997f,0.0018f,0.0253f,-0.1595f,-0.0053f,0.9606f,-0.2778f,4.0093f,-0.0248f,-0.2778f,-0.9603f,1.1912f,0f,0f,0f,1f],start_interpolation: 0,interpolation_duration: 1}
$data merge entity $(bone_head) {transformation: [-0.9997f,0.0018f,0.0253f,-0.0293f,-0.0053f,0.9606f,-0.2778f,3.7646f,-0.0248f,-0.2778f,-0.9603f,1.0341f,0f,0f,0f,1f],start_interpolation: 0,interpolation_duration: 1}
$data merge entity $(bone_leftthumb2) {transformation: [-0.9848f,-0.0044f,0.1736f,0.9332f,-0.1086f,0.7958f,-0.5958f,1.9365f,-0.1355f,-0.6056f,-0.7841f,1.934f,0f,0f,0f,1f],start_interpolation: 0,interpolation_duration: 1}
$data merge entity $(bone_leftthumb) {transformation: [-0.9848f,-0.0044f,0.1736f,0.947f,-0.1086f,0.7958f,-0.5958f,2.0807f,-0.1355f,-0.6056f,-0.7841f,1.7185f,0f,0f,0f,1f],start_interpolation: 0,interpolation_duration: 1}
$data merge entity $(bone_leftpointerfinger) {transformation: [-0.9848f,-0.0044f,0.1736f,1.0643f,-0.1086f,0.7958f,-0.5958f,1.8035f,-0.1355f,-0.6056f,-0.7841f,1.8953f,0f,0f,0f,1f],start_interpolation: 0,interpolation_duration: 1}
$data merge entity $(bone_leftmidfinger) {transformation: [-0.9848f,-0.0044f,0.1736f,1.0914f,-0.1086f,0.7958f,-0.5958f,1.7104f,-0.1355f,-0.6056f,-0.7841f,1.7728f,0f,0f,0f,1f],start_interpolation: 0,interpolation_duration: 1}
$data merge entity $(bone_leftringfinger) {transformation: [-0.9848f,-0.0044f,0.1736f,1.1185f,-0.1086f,0.7958f,-0.5958f,1.6174f,-0.1355f,-0.6056f,-0.7841f,1.6503f,0f,0f,0f,1f],start_interpolation: 0,interpolation_duration: 1}
$data merge entity $(bone_invisibility) {transformation: [0.0107f,-0.1734f,0.9848f,0.8737f,0.7408f,0.6629f,0.1086f,1.8888f,-0.6716f,0.7284f,0.1355f,1.8282f,0f,0f,0f,1f],start_interpolation: 0,interpolation_duration: 1}
$data merge entity $(bone_swiftness) {transformation: [0.1736f,-0.0044f,0.9848f,0.8556f,-0.5958f,0.7958f,0.1086f,1.6637f,-0.7841f,-0.6056f,0.1355f,1.7561f,0f,0f,0f,1f],start_interpolation: 0,interpolation_duration: 1}
$data merge entity $(bone_suspicious_stew) {transformation: [0.0694f,-0.1592f,0.9848f,0.9065f,0.4694f,0.8763f,0.1086f,1.7398f,-0.8803f,0.4547f,0.1355f,1.7095f,0f,0f,0f,1f],start_interpolation: 0,interpolation_duration: 1}
$data merge entity $(bone_log) {transformation: [-0.9848f,-0.0044f,0.1736f,0.8217f,-0.1086f,0.7958f,-0.5958f,1.8012f,-0.1355f,-0.6056f,-0.7841f,1.5844f,0f,0f,0f,1f],start_interpolation: 0,interpolation_duration: 1}
$data merge entity $(bone_planks) {transformation: [-0.9848f,-0.0044f,0.1736f,0.7294f,-0.1086f,0.7958f,-0.5958f,1.791f,-0.1355f,-0.6056f,-0.7841f,1.5716f,0f,0f,0f,1f],start_interpolation: 0,interpolation_duration: 1}
$data merge entity $(bone_lefthand1) {transformation: [-0.9848f,-0.0044f,0.1736f,1.0614f,-0.1086f,0.7958f,-0.5958f,2.0459f,-0.1355f,-0.6056f,-0.7841f,1.4913f,0f,0f,0f,1f],start_interpolation: 0,interpolation_duration: 1}
$data merge entity $(bone_leftforearm) {transformation: [-0.9848f,-0.0044f,0.1736f,0.994f,-0.1086f,0.7958f,-0.5958f,2.6079f,-0.1355f,-0.6056f,-0.7841f,1.0693f,0f,0f,0f,1f],start_interpolation: 0,interpolation_duration: 1}
$data merge entity $(bone_leftelbow) {transformation: [-0.9969f,-0.0715f,0.0321f,0.9806f,-0.0749f,0.9898f,-0.1208f,2.7935f,-0.0232f,-0.1228f,-0.9922f,1.0463f,0f,0f,0f,1f],start_interpolation: 0,interpolation_duration: 1}
$data merge entity $(bone_leftarm) {transformation: [-0.9969f,-0.0715f,0.0321f,0.7258f,-0.0749f,0.9898f,-0.1208f,3.2758f,-0.0232f,-0.1228f,-0.9922f,1.0108f,0f,0f,0f,1f],start_interpolation: 0,interpolation_duration: 1}
$data merge entity $(bone_rightthumb2) {transformation: [-0.8916f,-0.0537f,0.4496f,-1.0213f,-0.1783f,0.9544f,-0.2396f,1.645f,-0.4162f,-0.2938f,-0.8605f,1.1284f,0f,0f,0f,1f],start_interpolation: 0,interpolation_duration: 1}
$data merge entity $(bone_rightthumb) {transformation: [-0.8916f,-0.0537f,0.4496f,-0.996f,-0.1783f,0.9544f,-0.2396f,1.8585f,-0.4162f,-0.2938f,-0.8605f,0.9828f,0f,0f,0f,1f],start_interpolation: 0,interpolation_duration: 1}
$data merge entity $(bone_rightpointerfinger) {transformation: [-0.8916f,-0.0537f,0.4496f,-1.0549f,-0.1783f,0.9544f,-0.2396f,1.5146f,-0.4162f,-0.2938f,-0.8605f,0.9933f,0f,0f,0f,1f],start_interpolation: 0,interpolation_duration: 1}
$data merge entity $(bone_rightmidfinger) {transformation: [-0.8916f,-0.0537f,0.4496f,-0.9846f,-0.1783f,0.9544f,-0.2396f,1.4772f,-0.4162f,-0.2938f,-0.8605f,0.8589f,0f,0f,0f,1f],start_interpolation: 0,interpolation_duration: 1}
$data merge entity $(bone_rightringfinger) {transformation: [-0.8916f,-0.0537f,0.4496f,-0.9144f,-0.1783f,0.9544f,-0.2396f,1.4398f,-0.4162f,-0.2938f,-0.8605f,0.7244f,0f,0f,0f,1f],start_interpolation: 0,interpolation_duration: 1}
$data merge entity $(bone_hugeasssword) {transformation: [-3.0719f,1.5001f,-1.9114f,-0.7657f,-2.1128f,-3.1707f,0.9072f,1.7222f,-1.1999f,1.7426f,3.296f,0.9232f,0f,0f,0f,1f],start_interpolation: 0,interpolation_duration: 1}
$data merge entity $(bone_ice) {transformation: [-0.8916f,-0.0537f,0.4496f,-0.751f,-0.1783f,0.9544f,-0.2396f,1.71f,-0.4162f,-0.2938f,-0.8605f,0.9343f,0f,0f,0f,1f],start_interpolation: 0,interpolation_duration: 1}
$data merge entity $(bone_righthand1) {transformation: [-0.8916f,-0.0537f,0.4496f,-0.9732f,-0.1783f,0.9544f,-0.2396f,1.8966f,-0.4162f,-0.2938f,-0.8605f,0.7299f,0f,0f,0f,1f],start_interpolation: 0,interpolation_duration: 1}
$data merge entity $(bone_rightforearm) {transformation: [-0.99f,-0.0312f,0.1379f,-0.9355f,-0.0325f,0.9994f,-0.007f,2.6014f,-0.1376f,-0.0114f,-0.9904f,0.7459f,0f,0f,0f,1f],start_interpolation: 0,interpolation_duration: 1}
$data merge entity $(bone_rightelbow) {transformation: [-0.9889f,-0.0307f,0.1453f,-0.9412f,-0.0333f,0.9993f,-0.0149f,2.7888f,-0.1448f,-0.0195f,-0.9893f,0.7423f,0f,0f,0f,1f],start_interpolation: 0,interpolation_duration: 1}
$data merge entity $(bone_rightarm) {transformation: [-0.9889f,-0.073f,0.1293f,-0.7655f,-0.0333f,0.9576f,0.2863f,3.2659f,-0.1448f,0.2789f,-0.9494f,0.943f,0f,0f,0f,1f],start_interpolation: 0,interpolation_duration: 1}
$data merge entity $(bone_chest1) {transformation: [-1.0822f,-0.0156f,0.0472f,-0.0186f,-0.0072f,1.0671f,0.1868f,3.1319f,-0.0492f,0.1862f,-1.0661f,0.8408f,0f,0f,0f,1f],start_interpolation: 0,interpolation_duration: 1}
$data merge entity $(bone_chest1lid) {transformation: [-0.9989f,-0.0144f,0.0436f,-0.3669f,-0.0066f,0.985f,0.1724f,2.389f,-0.0454f,0.1719f,-0.9841f,1.0929f,0f,0f,0f,1f],start_interpolation: 0,interpolation_duration: 1}
$data merge entity $(bone_chest2) {transformation: [-0.9989f,-0.0144f,0.0436f,-0.3647f,-0.0066f,0.985f,0.1724f,2.2351f,-0.0454f,0.1719f,-0.9841f,1.066f,0f,0f,0f,1f],start_interpolation: 0,interpolation_duration: 1}
$data merge entity $(bone_chest1lid3) {transformation: [-0.9989f,-0.0144f,0.0436f,-0.2766f,-0.0066f,0.985f,0.1724f,2.4998f,-0.0454f,0.1719f,-0.9841f,0.4653f,0f,0f,0f,1f],start_interpolation: 0,interpolation_duration: 1}
$data merge entity $(bone_chest3) {transformation: [-0.9989f,-0.0144f,0.0436f,-0.2743f,-0.0066f,0.985f,0.1724f,2.3459f,-0.0454f,0.1719f,-0.9841f,0.4384f,0f,0f,0f,1f],start_interpolation: 0,interpolation_duration: 1}
$data merge entity $(bone_hugeasssword2) {transformation: [-0.1706f,2.8466f,-2.6848f,-1.2545f,-0.6752f,2.6256f,2.8268f,4.3123f,3.8543f,0.586f,0.3763f,0.7236f,0f,0f,0f,1f],start_interpolation: 0,interpolation_duration: 1}
$data merge entity $(bone_belt) {transformation: [-0.9989f,-0.0144f,0.0436f,0.0134f,-0.0066f,0.985f,0.1724f,2.7172f,-0.0454f,0.1719f,-0.9841f,0.9026f,0f,0f,0f,1f],start_interpolation: 0,interpolation_duration: 1}
$data merge entity $(bone_torn_part) {transformation: [-0.9989f,-0.0267f,0.0373f,-0.1056f,-0.0066f,0.8892f,0.4575f,2.4366f,-0.0454f,0.4568f,-0.8884f,0.8433f,0f,0f,0f,1f],start_interpolation: 0,interpolation_duration: 1}
$data merge entity $(bone_lowerbody) {transformation: [-0.9989f,-0.0142f,0.0436f,-0.0073f,-0.0066f,0.9856f,0.1689f,1.9323f,-0.0454f,0.1685f,-0.9847f,0.904f,0f,0f,0f,1f],start_interpolation: 0,interpolation_duration: 1}
$data merge entity $(bone_leftfoot) {transformation: [-0.9912f,-0.0594f,0.1179f,0.2848f,-0.0364f,0.9814f,0.1884f,0.2766f,-0.1269f,0.1825f,-0.975f,1.2757f,0f,0f,0f,1f],start_interpolation: 0,interpolation_duration: 1}
$data merge entity $(bone_leftlowerleg) {transformation: [-0.9912f,-0.0594f,0.1179f,0.2008f,-0.0364f,0.9814f,0.1884f,1.3364f,-0.1269f,0.1825f,-0.975f,1.6279f,0f,0f,0f,1f],start_interpolation: 0,interpolation_duration: 1}
$data merge entity $(bone_leftleg) {transformation: [-0.9912f,0.085f,0.101f,0.2575f,-0.0364f,0.5599f,-0.8277f,1.9518f,-0.1269f,-0.8242f,-0.552f,0.7626f,0f,0f,0f,1f],start_interpolation: 0,interpolation_duration: 1}
$data merge entity $(bone_rightfoot) {transformation: [-0.9888f,-0.0325f,0.1455f,-0.3537f,-0.0059f,0.9837f,0.1795f,0.2002f,-0.149f,0.1766f,-0.9729f,1.1498f,0f,0f,0f,1f],start_interpolation: 0,interpolation_duration: 1}
$data merge entity $(bone_rightlowerleg) {transformation: [-0.9888f,-0.0325f,0.1455f,-0.4121f,-0.0059f,0.9837f,0.1795f,1.264f,-0.149f,0.1766f,-0.9729f,1.4952f,0f,0f,0f,1f],start_interpolation: 0,interpolation_duration: 1}
$data merge entity $(bone_rightleg) {transformation: [-0.9736f,0.1388f,0.1813f,-0.2389f,-0.0554f,0.6267f,-0.7773f,1.9518f,-0.2215f,-0.7668f,-0.6024f,0.7031f,0f,0f,0f,1f],start_interpolation: 0,interpolation_duration: 1}
data modify entity @s data merge value {"cameras":{},"locators":{"lefthand":{"posx":0.9116904122233945,"posy":1.7585003161844408,"posz":1.6566213278976814,"roty":12.485128547869977,"rotx":-36.56973820628796},"sword":{"posx":0.9682645446897992,"posy":0.847597700010457,"posz":-2.2309774195133434,"roty":210.11058282907518,"rotx":13.392537304278664},"righthand":{"posx":-0.8407268039624223,"posy":1.6821567695897799,"posz":0.9132821851186061,"roty":27.584389812593628,"rotx":-13.864499638762457},"chest":{"posx":-0.404056192741141,"posy":2.300282080136745,"posz":1.2344530248655268,"roty":2.5349704628152097,"rotx":9.926607259379653}}}