# This file was generated by Animated Java via MC-Build. It is not recommended to edit this file directly.
$data merge entity $(bone_nose) {transformation: [-0.9991f,0.011f,0.0422f,-0.0241f,-0.0014f,0.9592f,-0.2828f,3.9816f,-0.0435f,-0.2826f,-0.9582f,0.8098f,0f,0f,0f,1f],start_interpolation: 0,interpolation_duration: 1}
$data merge entity $(bone_glowing_eye) {transformation: [-0.9991f,0.011f,0.0422f,-0.1497f,-0.0014f,0.9592f,-0.2828f,4.0562f,-0.0435f,-0.2826f,-0.9582f,0.8186f,0f,0f,0f,1f],start_interpolation: 0,interpolation_duration: 1}
$data merge entity $(bone_head) {transformation: [-0.9991f,0.011f,0.0422f,-0.0176f,-0.0014f,0.9592f,-0.2828f,3.8102f,-0.0435f,-0.2826f,-0.9582f,0.6652f,0f,0f,0f,1f],start_interpolation: 0,interpolation_duration: 1}
$data merge entity $(bone_leftthumb2) {transformation: [-0.987f,0.0037f,0.1609f,0.9233f,-0.0855f,0.8348f,-0.5439f,1.9167f,-0.1363f,-0.5505f,-0.8236f,1.5717f,0f,0f,0f,1f],start_interpolation: 0,interpolation_duration: 1}
$data merge entity $(bone_leftthumb) {transformation: [-0.987f,0.0037f,0.1609f,0.9379f,-0.0855f,0.8348f,-0.5439f,2.0749f,-0.1363f,-0.5505f,-0.8236f,1.3663f,0f,0f,0f,1f],start_interpolation: 0,interpolation_duration: 1}
$data merge entity $(bone_leftpointerfinger) {transformation: [-0.987f,0.0037f,0.1609f,1.0522f,-0.0855f,0.8348f,-0.5439f,1.7849f,-0.1363f,-0.5505f,-0.8236f,1.5232f,0f,0f,0f,1f],start_interpolation: 0,interpolation_duration: 1}
$data merge entity $(bone_leftmidfinger) {transformation: [-0.987f,0.0037f,0.1609f,1.0774f,-0.0855f,0.8348f,-0.5439f,1.6999f,-0.1363f,-0.5505f,-0.8236f,1.3946f,0f,0f,0f,1f],start_interpolation: 0,interpolation_duration: 1}
$data merge entity $(bone_leftringfinger) {transformation: [-0.987f,0.0037f,0.1609f,1.1025f,-0.0855f,0.8348f,-0.5439f,1.6149f,-0.1363f,-0.5505f,-0.8236f,1.2659f,0f,0f,0f,1f],start_interpolation: 0,interpolation_duration: 1}
$data merge entity $(bone_invisibility) {transformation: [0.0177f,-0.1599f,0.987f,0.8625f,0.7842f,0.6146f,0.0855f,1.8771f,-0.6202f,0.7725f,0.1363f,1.4632f,0f,0f,0f,1f],start_interpolation: 0,interpolation_duration: 1}
$data merge entity $(bone_swiftness) {transformation: [0.1609f,0.0037f,0.987f,0.8408f,-0.5439f,0.8348f,0.0855f,1.6576f,-0.8236f,-0.5505f,0.1363f,1.3762f,0f,0f,0f,1f],start_interpolation: 0,interpolation_duration: 1}
$data merge entity $(bone_suspicious_stew) {transformation: [0.0713f,-0.1442f,0.987f,0.8925f,0.5267f,0.8457f,0.0855f,1.736f,-0.847f,0.5138f,0.1363f,1.3346f,0f,0f,0f,1f],start_interpolation: 0,interpolation_duration: 1}
$data merge entity $(bone_log) {transformation: [-0.987f,0.0037f,0.1609f,0.808f,-0.0855f,0.8348f,-0.5439f,1.8069f,-0.1363f,-0.5505f,-0.8236f,1.2144f,0f,0f,0f,1f],start_interpolation: 0,interpolation_duration: 1}
$data merge entity $(bone_planks) {transformation: [-0.987f,0.0037f,0.1609f,0.7155f,-0.0855f,0.8348f,-0.5439f,1.7988f,-0.1363f,-0.5505f,-0.8236f,1.2016f,0f,0f,0f,1f],start_interpolation: 0,interpolation_duration: 1}
$data merge entity $(bone_lefthand1) {transformation: [-0.987f,0.0037f,0.1609f,1.0506f,-0.0855f,0.8348f,-0.5439f,2.0539f,-0.1363f,-0.5505f,-0.8236f,1.1366f,0f,0f,0f,1f],start_interpolation: 0,interpolation_duration: 1}
$data merge entity $(bone_leftforearm) {transformation: [-0.987f,0.0037f,0.1609f,0.989f,-0.0855f,0.8348f,-0.5439f,2.6441f,-0.1363f,-0.5505f,-0.8236f,0.7538f,0f,0f,0f,1f],start_interpolation: 0,interpolation_duration: 1}
$data merge entity $(bone_leftelbow) {transformation: [-0.9975f,-0.0508f,0.0488f,0.9795f,-0.0565f,0.9906f,-0.1249f,2.8298f,-0.042f,-0.1273f,-0.991f,0.73f,0f,0f,0f,1f],start_interpolation: 0,interpolation_duration: 1}
$data merge entity $(bone_leftarm) {transformation: [-0.9975f,-0.0508f,0.0488f,0.7344f,-0.0565f,0.9906f,-0.1249f,3.3166f,-0.042f,-0.1273f,-0.991f,0.6881f,0f,0f,0f,1f],start_interpolation: 0,interpolation_duration: 1}
$data merge entity $(bone_rightthumb2) {transformation: [-0.9092f,-0.0446f,0.4139f,-1.0095f,-0.1724f,0.9453f,-0.2769f,1.6961f,-0.3789f,-0.3231f,-0.8672f,0.855f,0f,0f,0f,1f],start_interpolation: 0,interpolation_duration: 1}
$data merge entity $(bone_rightthumb) {transformation: [-0.9092f,-0.0446f,0.4139f,-0.985f,-0.1724f,0.9453f,-0.2769f,1.9043f,-0.3789f,-0.3231f,-0.8672f,0.7016f,0f,0f,0f,1f],start_interpolation: 0,interpolation_duration: 1}
$data merge entity $(bone_rightpointerfinger) {transformation: [-0.9092f,-0.0446f,0.4139f,-1.0504f,-0.1724f,0.9453f,-0.2769f,1.5623f,-0.3789f,-0.3231f,-0.8672f,0.7255f,0f,0f,0f,1f],start_interpolation: 0,interpolation_duration: 1}
$data merge entity $(bone_rightmidfinger) {transformation: [-0.9092f,-0.0446f,0.4139f,-0.9858f,-0.1724f,0.9453f,-0.2769f,1.519f,-0.3789f,-0.3231f,-0.8672f,0.59f,0f,0f,0f,1f],start_interpolation: 0,interpolation_duration: 1}
$data merge entity $(bone_rightringfinger) {transformation: [-0.9092f,-0.0446f,0.4139f,-0.9211f,-0.1724f,0.9453f,-0.2769f,1.4758f,-0.3789f,-0.3231f,-0.8672f,0.4545f,0f,0f,0f,1f],start_interpolation: 0,interpolation_duration: 1}
$data merge entity $(bone_hugeasssword) {transformation: [-3.1548f,1.4959f,-1.7747f,-0.7598f,-2.0838f,-3.1444f,1.0539f,1.7612f,-1.0223f,1.7931f,3.3286f,0.6386f,0f,0f,0f,1f],start_interpolation: 0,interpolation_duration: 1}
$data merge entity $(bone_ice) {transformation: [-0.9092f,-0.0446f,0.4139f,-0.7449f,-0.1724f,0.9453f,-0.2769f,1.7491f,-0.3789f,-0.3231f,-0.8672f,0.6496f,0f,0f,0f,1f],start_interpolation: 0,interpolation_duration: 1}
$data merge entity $(bone_righthand1) {transformation: [-0.9092f,-0.0446f,0.4139f,-0.9704f,-0.1724f,0.9453f,-0.2769f,1.9337f,-0.3789f,-0.3231f,-0.8672f,0.447f,0f,0f,0f,1f],start_interpolation: 0,interpolation_duration: 1}
$data merge entity $(bone_rightforearm) {transformation: [-0.9885f,-0.0251f,0.149f,-0.9286f,-0.0339f,0.9978f,-0.0574f,2.6382f,-0.1472f,-0.0618f,-0.9872f,0.4281f,0f,0f,0f,1f],start_interpolation: 0,interpolation_duration: 1}
$data merge entity $(bone_rightelbow) {transformation: [-0.9875f,-0.0245f,0.1559f,-0.9332f,-0.035f,0.9973f,-0.0647f,2.8252f,-0.1539f,-0.0694f,-0.9857f,0.4151f,0f,0f,0f,1f],start_interpolation: 0,interpolation_duration: 1}
$data merge entity $(bone_rightarm) {transformation: [-0.9875f,-0.0703f,0.1413f,-0.7567f,-0.035f,0.9706f,0.2382f,3.3107f,-0.1539f,0.2302f,-0.9609f,0.594f,0f,0f,0f,1f],start_interpolation: 0,interpolation_duration: 1}
$data merge entity $(bone_chest1) {transformation: [-1.0812f,-0.0115f,0.0674f,-0.0079f,-0.0043f,1.0772f,0.1153f,3.166f,-0.0683f,0.1148f,-1.0751f,0.5145f,0f,0f,0f,1f],start_interpolation: 0,interpolation_duration: 1}
$data merge entity $(bone_chest1lid) {transformation: [-0.998f,-0.0106f,0.0622f,-0.3657f,-0.0039f,0.9943f,0.1064f,2.4434f,-0.063f,0.1059f,-0.9924f,0.8089f,0f,0f,0f,1f],start_interpolation: 0,interpolation_duration: 1}
$data merge entity $(bone_chest2) {transformation: [-0.998f,-0.0106f,0.0622f,-0.3641f,-0.0039f,0.9943f,0.1064f,2.2881f,-0.063f,0.1059f,-0.9924f,0.7923f,0f,0f,0f,1f],start_interpolation: 0,interpolation_duration: 1}
$data merge entity $(bone_chest1lid3) {transformation: [-0.998f,-0.0106f,0.0622f,-0.2635f,-0.0039f,0.9943f,0.1064f,2.5118f,-0.063f,0.1059f,-0.9924f,0.1771f,0f,0f,0f,1f],start_interpolation: 0,interpolation_duration: 1}
$data merge entity $(bone_chest3) {transformation: [-0.998f,-0.0106f,0.0622f,-0.2618f,-0.0039f,0.9943f,0.1064f,2.3565f,-0.063f,0.1059f,-0.9924f,0.1605f,0f,0f,0f,1f],start_interpolation: 0,interpolation_duration: 1}
$data merge entity $(bone_hugeasssword2) {transformation: [-0.2438f,2.8538f,-2.6714f,-1.2333f,-0.4167f,2.6424f,2.8609f,4.343f,3.8868f,0.4623f,0.1392f,0.2969f,0f,0f,0f,1f],start_interpolation: 0,interpolation_duration: 1}
$data merge entity $(bone_belt) {transformation: [-0.998f,-0.0106f,0.0622f,0.0202f,-0.0039f,0.9943f,0.1064f,2.7561f,-0.063f,0.1059f,-0.9924f,0.6042f,0f,0f,0f,1f],start_interpolation: 0,interpolation_duration: 1}
$data merge entity $(bone_torn_part) {transformation: [-0.998f,-0.0284f,0.0564f,-0.0998f,-0.0039f,0.9192f,0.3937f,2.4731f,-0.063f,0.3927f,-0.9175f,0.5621f,0f,0f,0f,1f],start_interpolation: 0,interpolation_duration: 1}
$data merge entity $(bone_lowerbody) {transformation: [-0.998f,-0.0101f,0.0623f,-0.0061f,-0.0039f,0.9951f,0.0991f,1.9737f,-0.063f,0.0986f,-0.9931f,0.6598f,0f,0f,0f,1f],start_interpolation: 0,interpolation_duration: 1}
$data merge entity $(bone_leftfoot) {transformation: [-0.9907f,-0.0781f,0.1117f,0.3237f,-0.0328f,0.9322f,0.3604f,0.2235f,-0.1323f,0.3534f,-0.9261f,0.6904f,0f,0f,0f,1f],start_interpolation: 0,interpolation_duration: 1}
$data merge entity $(bone_leftlowerleg) {transformation: [-0.9907f,-0.0781f,0.1117f,0.2199f,-0.0328f,0.9322f,0.3604f,1.2023f,-0.1323f,0.3534f,-0.9261f,1.2247f,0f,0f,0f,1f],start_interpolation: 0,interpolation_duration: 1}
$data merge entity $(bone_leftleg) {transformation: [-0.9907f,0.0669f,0.1187f,0.2569f,-0.0328f,0.7286f,-0.6841f,1.9933f,-0.1323f,-0.6816f,-0.7197f,0.5151f,0f,0f,0f,1f],start_interpolation: 0,interpolation_duration: 1}
$data merge entity $(bone_rightfoot) {transformation: [-0.9864f,0.0543f,0.1554f,-0.4714f,0.0318f,0.9891f,-0.1438f,0.0684f,-0.1615f,-0.1369f,-0.9773f,1.1298f,0f,0f,0f,1f],start_interpolation: 0,interpolation_duration: 1}
$data merge entity $(bone_rightlowerleg) {transformation: [-0.9864f,0.0543f,0.1554f,-0.435f,0.0318f,0.9891f,-0.1438f,1.1878f,-0.1615f,-0.1369f,-0.9773f,1.1281f,0f,0f,0f,1f],start_interpolation: 0,interpolation_duration: 1}
$data merge entity $(bone_rightleg) {transformation: [-0.9694f,0.1593f,0.1868f,-0.2403f,-0.0074f,0.7414f,-0.671f,1.9933f,-0.2454f,-0.6518f,-0.7176f,0.4619f,0f,0f,0f,1f],start_interpolation: 0,interpolation_duration: 1}
data modify entity @s data merge value {"cameras":{},"locators":{"lefthand":{"posx":0.8977256819320834,"posy":1.7581546783366582,"posz":1.2830512947844201,"roty":11.0511309771627,"rotx":-32.94694061824883},"sword":{"posx":0.8433122399042318,"posy":0.7482248900265667,"posz":-2.5432603346829805,"roty":208.06501810284038,"rotx":15.609912181261251},"righthand":{"posx":-0.8358921995035504,"posy":1.72247922356265,"posz":0.632650234853779,"roty":25.511361901131437,"rotx":-16.073485467451047},"chest":{"posx":-0.4059705735341799,"posy":2.364541661291071,"posz":0.9553658015454882,"roty":3.588872147012836,"rotx":6.107643514274225}}}