# This file was generated by Animated Java via MC-Build. It is not recommended to edit this file directly.
$data merge entity $(bone_nose) {transformation: [-0.9987f,0.0144f,0.0488f,-0.0183f,0.0002f,0.9601f,-0.2795f,4.0043f,-0.0509f,-0.2792f,-0.9589f,0.6322f,0f,0f,0f,1f],start_interpolation: 0,interpolation_duration: 1}
$data merge entity $(bone_glowing_eye) {transformation: [-0.9987f,0.0144f,0.0488f,-0.1438f,0.0002f,0.9601f,-0.2795f,4.0791f,-0.0509f,-0.2792f,-0.9589f,0.6404f,0f,0f,0f,1f],start_interpolation: 0,interpolation_duration: 1}
$data merge entity $(bone_head) {transformation: [-0.9987f,0.0144f,0.0488f,-0.0109f,0.0002f,0.9601f,-0.2795f,3.8334f,-0.0509f,-0.2792f,-0.9589f,0.4871f,0f,0f,0f,1f],start_interpolation: 0,interpolation_duration: 1}
$data merge entity $(bone_leftthumb2) {transformation: [-0.9883f,0.0047f,0.1524f,0.9234f,-0.0738f,0.8597f,-0.5054f,1.8989f,-0.1334f,-0.5107f,-0.8493f,1.3786f,0f,0f,0f,1f],start_interpolation: 0,interpolation_duration: 1}
$data merge entity $(bone_leftthumb) {transformation: [-0.9883f,0.0047f,0.1524f,0.9376f,-0.0738f,0.8597f,-0.5054f,2.0666f,-0.1334f,-0.5107f,-0.8493f,1.1808f,0f,0f,0f,1f],start_interpolation: 0,interpolation_duration: 1}
$data merge entity $(bone_leftpointerfinger) {transformation: [-0.9883f,0.0047f,0.1524f,1.0512f,-0.0738f,0.8597f,-0.5054f,1.7689f,-0.1334f,-0.5107f,-0.8493f,1.3231f,0f,0f,0f,1f],start_interpolation: 0,interpolation_duration: 1}
$data merge entity $(bone_leftmidfinger) {transformation: [-0.9883f,0.0047f,0.1524f,1.075f,-0.0738f,0.8597f,-0.5054f,1.6899f,-0.1334f,-0.5107f,-0.8493f,1.1904f,0f,0f,0f,1f],start_interpolation: 0,interpolation_duration: 1}
$data merge entity $(bone_leftringfinger) {transformation: [-0.9883f,0.0047f,0.1524f,1.0989f,-0.0738f,0.8597f,-0.5054f,1.6109f,-0.1334f,-0.5107f,-0.8493f,1.0577f,0f,0f,0f,1f],start_interpolation: 0,interpolation_duration: 1}
$data merge entity $(bone_invisibility) {transformation: [0.018f,-0.1514f,0.9883f,0.8617f,0.8124f,0.5784f,0.0738f,1.8649f,-0.5828f,0.8016f,0.1334f,1.2688f,0f,0f,0f,1f],start_interpolation: 0,interpolation_duration: 1}
$data merge entity $(bone_swiftness) {transformation: [0.1524f,0.0047f,0.9883f,0.8381f,-0.5054f,0.8597f,0.0738f,1.6498f,-0.8493f,-0.5107f,0.1334f,1.1718f,0f,0f,0f,1f],start_interpolation: 0,interpolation_duration: 1}
$data merge entity $(bone_suspicious_stew) {transformation: [0.0687f,-0.1361f,0.9883f,0.89f,0.5656f,0.8214f,0.0738f,1.7298f,-0.8218f,0.5539f,0.1334f,1.1335f,0f,0f,0f,1f],start_interpolation: 0,interpolation_duration: 1}
$data merge entity $(bone_log) {transformation: [-0.9883f,0.0047f,0.1524f,0.8051f,-0.0738f,0.8597f,-0.5054f,1.8067f,-0.1334f,-0.5107f,-0.8493f,1.0173f,0f,0f,0f,1f],start_interpolation: 0,interpolation_duration: 1}
$data merge entity $(bone_planks) {transformation: [-0.9883f,0.0047f,0.1524f,0.7125f,-0.0738f,0.8597f,-0.5054f,1.7997f,-0.1334f,-0.5107f,-0.8493f,1.0048f,0f,0f,0f,1f],start_interpolation: 0,interpolation_duration: 1}
$data merge entity $(bone_lefthand1) {transformation: [-0.9883f,0.0047f,0.1524f,1.0486f,-0.0738f,0.8597f,-0.5054f,2.0558f,-0.1334f,-0.5107f,-0.8493f,0.9495f,0f,0f,0f,1f],start_interpolation: 0,interpolation_duration: 1}
$data merge entity $(bone_leftforearm) {transformation: [-0.9883f,0.0047f,0.1524f,0.9878f,-0.0738f,0.8597f,-0.5054f,2.6636f,-0.1334f,-0.5107f,-0.8493f,0.5954f,0f,0f,0f,1f],start_interpolation: 0,interpolation_duration: 1}
$data merge entity $(bone_leftelbow) {transformation: [-0.9976f,-0.0414f,0.0549f,0.98f,-0.048f,0.9912f,-0.1236f,2.8495f,-0.0493f,-0.126f,-0.9908f,0.5717f,0f,0f,0f,1f],start_interpolation: 0,interpolation_duration: 1}
$data merge entity $(bone_leftarm) {transformation: [-0.9976f,-0.0414f,0.0549f,0.7394f,-0.048f,0.9912f,-0.1236f,3.3384f,-0.0493f,-0.126f,-0.9908f,0.5289f,0f,0f,0f,1f],start_interpolation: 0,interpolation_duration: 1}
$data merge entity $(bone_rightthumb2) {transformation: [-0.9192f,-0.04f,0.3917f,-1.0038f,-0.1657f,0.9418f,-0.2925f,1.7232f,-0.3572f,-0.3338f,-0.8723f,0.72f,0f,0f,0f,1f],start_interpolation: 0,interpolation_duration: 1}
$data merge entity $(bone_rightthumb) {transformation: [-0.9192f,-0.04f,0.3917f,-0.9801f,-0.1657f,0.9418f,-0.2925f,1.9292f,-0.3572f,-0.3338f,-0.8723f,0.5636f,0f,0f,0f,1f],start_interpolation: 0,interpolation_duration: 1}
$data merge entity $(bone_rightpointerfinger) {transformation: [-0.9192f,-0.04f,0.3917f,-1.0491f,-0.1657f,0.9418f,-0.2925f,1.5883f,-0.3572f,-0.3338f,-0.8723f,0.5932f,0f,0f,0f,1f],start_interpolation: 0,interpolation_duration: 1}
$data merge entity $(bone_rightmidfinger) {transformation: [-0.9192f,-0.04f,0.3917f,-0.9879f,-0.1657f,0.9418f,-0.2925f,1.5426f,-0.3572f,-0.3338f,-0.8723f,0.4569f,0f,0f,0f,1f],start_interpolation: 0,interpolation_duration: 1}
$data merge entity $(bone_rightringfinger) {transformation: [-0.9192f,-0.04f,0.3917f,-0.9267f,-0.1657f,0.9418f,-0.2925f,1.4969f,-0.3572f,-0.3338f,-0.8723f,0.3206f,0f,0f,0f,1f],start_interpolation: 0,interpolation_duration: 1}
$data merge entity $(bone_hugeasssword) {transformation: [-3.2012f,1.4956f,-1.6899f,-0.758f,-2.0566f,-3.1407f,1.1164f,1.7825f,-0.9289f,1.7998f,3.3523f,0.4976f,0f,0f,0f,1f],start_interpolation: 0,interpolation_duration: 1}
$data merge entity $(bone_ice) {transformation: [-0.9192f,-0.04f,0.3917f,-0.743f,-0.1657f,0.9418f,-0.2925f,1.7704f,-0.3572f,-0.3338f,-0.8723f,0.5084f,0f,0f,0f,1f],start_interpolation: 0,interpolation_duration: 1}
$data merge entity $(bone_righthand1) {transformation: [-0.9192f,-0.04f,0.3917f,-0.9706f,-0.1657f,0.9418f,-0.2925f,1.9553f,-0.3572f,-0.3338f,-0.8723f,0.3084f,0f,0f,0f,1f],start_interpolation: 0,interpolation_duration: 1}
$data merge entity $(bone_rightforearm) {transformation: [-0.9885f,-0.0212f,0.1497f,-0.9261f,-0.0334f,0.9963f,-0.0794f,2.6591f,-0.1475f,-0.0835f,-0.9855f,0.2743f,0f,0f,0f,1f],start_interpolation: 0,interpolation_duration: 1}
$data merge entity $(bone_rightelbow) {transformation: [-0.9875f,-0.0207f,0.1562f,-0.93f,-0.0346f,0.9957f,-0.0863f,2.8458f,-0.1538f,-0.0906f,-0.9839f,0.2573f,0f,0f,0f,1f],start_interpolation: 0,interpolation_duration: 1}
$data merge entity $(bone_rightarm) {transformation: [-0.9875f,-0.0668f,0.1428f,-0.7518f,-0.0346f,0.9755f,0.2171f,3.3343f,-0.1538f,0.2095f,-0.9656f,0.4259f,0f,0f,0f,1f],start_interpolation: 0,interpolation_duration: 1}
$data merge entity $(bone_chest1) {transformation: [-1.0808f,-0.0087f,0.0742f,-0.0023f,-0.0029f,1.0801f,0.0837f,3.185f,-0.0747f,0.0833f,-1.0775f,0.3552f,0f,0f,0f,1f],start_interpolation: 0,interpolation_duration: 1}
$data merge entity $(bone_chest1lid) {transformation: [-0.9976f,-0.008f,0.0685f,-0.3643f,-0.0027f,0.997f,0.0773f,2.4725f,-0.0689f,0.0769f,-0.9947f,0.6684f,0f,0f,0f,1f],start_interpolation: 0,interpolation_duration: 1}
$data merge entity $(bone_chest2) {transformation: [-0.9976f,-0.008f,0.0685f,-0.363f,-0.0027f,0.997f,0.0773f,2.3167f,-0.0689f,0.0769f,-0.9947f,0.6564f,0f,0f,0f,1f],start_interpolation: 0,interpolation_duration: 1}
$data merge entity $(bone_chest1lid3) {transformation: [-0.9976f,-0.008f,0.0685f,-0.258f,-0.0027f,0.997f,0.0773f,2.5221f,-0.0689f,0.0769f,-0.9947f,0.0355f,0f,0f,0f,1f],start_interpolation: 0,interpolation_duration: 1}
$data merge entity $(bone_chest3) {transformation: [-0.9976f,-0.008f,0.0685f,-0.2568f,-0.0027f,0.997f,0.0773f,2.3664f,-0.0689f,0.0769f,-0.9947f,0.0235f,0f,0f,0f,1f],start_interpolation: 0,interpolation_duration: 1}
$data merge entity $(bone_hugeasssword2) {transformation: [-0.2684f,2.8595f,-2.663f,-1.2226f,-0.3026f,2.646f,2.8718f,4.359f,3.8957f,0.4026f,0.0396f,0.096f,0f,0f,0f,1f],start_interpolation: 0,interpolation_duration: 1}
$data merge entity $(bone_belt) {transformation: [-0.9976f,-0.008f,0.0685f,0.0238f,-0.0027f,0.997f,0.0773f,2.7779f,-0.0689f,0.0769f,-0.9947f,0.457f,0f,0f,0f,1f],start_interpolation: 0,interpolation_duration: 1}
$data merge entity $(bone_torn_part) {transformation: [-0.9976f,-0.0277f,0.0632f,-0.0968f,-0.0027f,0.9312f,0.3645f,2.4943f,-0.0689f,0.3634f,-0.9291f,0.4228f,0f,0f,0f,1f],start_interpolation: 0,interpolation_duration: 1}
$data merge entity $(bone_lowerbody) {transformation: [-0.9976f,-0.0074f,0.0686f,-0.0054f,-0.0027f,0.9977f,0.0676f,1.9979f,-0.0689f,0.0672f,-0.9954f,0.5367f,0f,0f,0f,1f],start_interpolation: 0,interpolation_duration: 1}
$data merge entity $(bone_leftfoot) {transformation: [-0.9905f,-0.0829f,0.1093f,0.3407f,-0.0308f,0.9108f,0.4116f,0.2033f,-0.1337f,0.4043f,-0.9048f,0.4176f,0f,0f,0f,1f],start_interpolation: 0,interpolation_duration: 1}
$data merge entity $(bone_leftlowerleg) {transformation: [-0.9905f,-0.0829f,0.1093f,0.232f,-0.0308f,0.9108f,0.4116f,1.1505f,-0.1337f,0.4043f,-0.9048f,1.0052f,0f,0f,0f,1f],start_interpolation: 0,interpolation_duration: 1}
$data merge entity $(bone_leftleg) {transformation: [-0.9905f,0.0553f,0.1255f,0.2565f,-0.0308f,0.8022f,-0.5963f,2.0175f,-0.1337f,-0.5945f,-0.7929f,0.39f,0f,0f,0f,1f],start_interpolation: 0,interpolation_duration: 1}
$data merge entity $(bone_rightfoot) {transformation: [-0.985f,0.0855f,0.1501f,-0.5186f,0.0461f,0.9675f,-0.2487f,0.0782f,-0.1664f,-0.2381f,-0.9569f,1.0925f,0f,0f,0f,1f],start_interpolation: 0,interpolation_duration: 1}
$data merge entity $(bone_rightlowerleg) {transformation: [-0.985f,0.0855f,0.1501f,-0.4468f,0.0461f,0.9675f,-0.2487f,1.1897f,-0.1664f,-0.2381f,-0.9569f,0.9754f,0f,0f,0f,1f],start_interpolation: 0,interpolation_duration: 1}
$data merge entity $(bone_rightleg) {transformation: [-0.9677f,0.1698f,0.1861f,-0.241f,0.0097f,0.7635f,-0.6457f,2.0175f,-0.2517f,-0.6231f,-0.7405f,0.3405f,0f,0f,0f,1f],start_interpolation: 0,interpolation_duration: 1}
data modify entity @s data merge value {"cameras":{},"locators":{"lefthand":{"posx":0.8950178986141284,"posy":1.7543014646332693,"posz":1.083005693288422,"roty":10.17158839772398,"rotx":-30.35751981059663},"sword":{"posx":0.7639829735357458,"posy":0.7110479979646707,"posz":-2.704858221751908,"roty":206.75271615017775,"rotx":16.56038759852714},"righthand":{"posx":-0.8346973222171792,"posy":1.7446959848878174,"posz":0.49375087479881286,"roty":24.183916339408057,"rotx":-17.00948061239177},"chest":{"posx":-0.40566452357310306,"posy":2.3979989441162535,"posz":0.8168319307556748,"roty":3.9414300999625596,"rotx":4.431515193047943}}}