# This file was generated by Animated Java via MC-Build. It is not recommended to edit this file directly.
$data merge entity $(bone_nose) {transformation: [-0.9985f,0.0134f,0.0536f,-0.0041f,0.002f,0.9784f,-0.2069f,4.0795f,-0.0553f,-0.2064f,-0.9769f,0.1701f,0f,0f,0f,1f],start_interpolation: 0,interpolation_duration: 1}
$data merge entity $(bone_glowing_eye) {transformation: [-0.9985f,0.0134f,0.0536f,-0.1299f,0.002f,0.9784f,-0.2069f,4.1532f,-0.0553f,-0.2064f,-0.9769f,0.1833f,0f,0f,0f,1f],start_interpolation: 0,interpolation_duration: 1}
$data merge entity $(bone_head) {transformation: [-0.9985f,0.0134f,0.0536f,0.0043f,0.002f,0.9784f,-0.2069f,3.92f,-0.0553f,-0.2064f,-0.9769f,0.0127f,0f,0f,0f,1f],start_interpolation: 0,interpolation_duration: 1}
$data merge entity $(bone_leftthumb2) {transformation: [-0.995f,-0.0042f,0.1001f,0.943f,-0.0308f,0.9633f,-0.2666f,1.7974f,-0.0953f,-0.2684f,-0.9586f,0.6683f,0f,0f,0f,1f],start_interpolation: 0,interpolation_duration: 1}
$data merge entity $(bone_leftthumb) {transformation: [-0.995f,-0.0042f,0.1001f,0.9506f,-0.0308f,0.9633f,-0.2666f,2.0108f,-0.0953f,-0.2684f,-0.9586f,0.5205f,0f,0f,0f,1f],start_interpolation: 0,interpolation_duration: 1}
$data merge entity $(bone_leftpointerfinger) {transformation: [-0.995f,-0.0042f,0.1001f,1.0654f,-0.0308f,0.9633f,-0.2666f,1.6856f,-0.0953f,-0.2684f,-0.9586f,0.5741f,0f,0f,0f,1f],start_interpolation: 0,interpolation_duration: 1}
$data merge entity $(bone_leftmidfinger) {transformation: [-0.995f,-0.0042f,0.1001f,1.0811f,-0.0308f,0.9633f,-0.2666f,1.644f,-0.0953f,-0.2684f,-0.9586f,0.4243f,0f,0f,0f,1f],start_interpolation: 0,interpolation_duration: 1}
$data merge entity $(bone_leftringfinger) {transformation: [-0.995f,-0.0042f,0.1001f,1.0967f,-0.0308f,0.9633f,-0.2666f,1.6023f,-0.0953f,-0.2684f,-0.9586f,0.2745f,0f,0f,0f,1f],start_interpolation: 0,interpolation_duration: 1}
$data merge entity $(bone_invisibility) {transformation: [0.0046f,-0.1001f,0.995f,0.8753f,0.9364f,0.3496f,0.0308f,1.7935f,-0.3509f,0.9316f,0.0953f,0.5568f,0f,0f,0f,1f],start_interpolation: 0,interpolation_duration: 1}
$data merge entity $(bone_swiftness) {transformation: [0.1001f,-0.0042f,0.995f,0.8428f,-0.2666f,0.9633f,0.0308f,1.6115f,-0.9586f,-0.2684f,0.0953f,0.4085f,0f,0f,0f,1f],start_interpolation: 0,interpolation_duration: 1}
$data merge entity $(bone_suspicious_stew) {transformation: [0.0385f,-0.0925f,0.995f,0.8943f,0.7604f,0.6488f,0.0308f,1.6984f,-0.6483f,0.7554f,0.0953f,0.3897f,0f,0f,0f,1f],start_interpolation: 0,interpolation_duration: 1}
$data merge entity $(bone_log) {transformation: [-0.995f,-0.0042f,0.1001f,0.8052f,-0.0308f,0.9633f,-0.2666f,1.8034f,-0.0953f,-0.2684f,-0.9586f,0.3023f,0f,0f,0f,1f],start_interpolation: 0,interpolation_duration: 1}
$data merge entity $(bone_planks) {transformation: [-0.995f,-0.0042f,0.1001f,0.7119f,-0.0308f,0.9633f,-0.2666f,1.8005f,-0.0953f,-0.2684f,-0.9586f,0.2933f,0f,0f,0f,1f],start_interpolation: 0,interpolation_duration: 1}
$data merge entity $(bone_lefthand1) {transformation: [-0.995f,-0.0042f,0.1001f,1.0497f,-0.0308f,0.9633f,-0.2666f,2.0603f,-0.0953f,-0.2684f,-0.9586f,0.2889f,0f,0f,0f,1f],start_interpolation: 0,interpolation_duration: 1}
$data merge entity $(bone_leftforearm) {transformation: [-0.995f,-0.0042f,0.1001f,0.9831f,-0.0308f,0.9633f,-0.2666f,2.7398f,-0.0953f,-0.2684f,-0.9586f,0.1093f,0f,0f,0f,1f],start_interpolation: 0,interpolation_duration: 1}
$data merge entity $(bone_leftelbow) {transformation: [-0.9983f,-0.0166f,0.0556f,0.98f,-0.0205f,0.9973f,-0.0706f,2.9268f,-0.0542f,-0.0717f,-0.996f,0.0958f,0f,0f,0f,1f],start_interpolation: 0,interpolation_duration: 1}
$data merge entity $(bone_leftarm) {transformation: [-0.9983f,-0.0166f,0.0556f,0.7515f,-0.0205f,0.9973f,-0.0706f,3.4232f,-0.0542f,-0.0717f,-0.996f,0.0793f,0f,0f,0f,1f],start_interpolation: 0,interpolation_duration: 1}
$data merge entity $(bone_rightthumb2) {transformation: [-0.9612f,-0.0289f,0.2743f,-0.9818f,-0.1145f,0.9465f,-0.3017f,1.8099f,-0.2509f,-0.3214f,-0.9131f,0.325f,0f,0f,0f,1f],start_interpolation: 0,interpolation_duration: 1}
$data merge entity $(bone_rightthumb) {transformation: [-0.9612f,-0.0289f,0.2743f,-0.9655f,-0.1145f,0.9465f,-0.3017f,2.0162f,-0.2509f,-0.3214f,-0.9131f,0.1682f,0f,0f,0f,1f],start_interpolation: 0,interpolation_duration: 1}
$data merge entity $(bone_rightpointerfinger) {transformation: [-0.9612f,-0.0289f,0.2743f,-1.0483f,-0.1145f,0.9465f,-0.3017f,1.679f,-0.2509f,-0.3214f,-0.9131f,0.2034f,0f,0f,0f,1f],start_interpolation: 0,interpolation_duration: 1}
$data merge entity $(bone_rightmidfinger) {transformation: [-0.9612f,-0.0289f,0.2743f,-1.0054f,-0.1145f,0.9465f,-0.3017f,1.6319f,-0.2509f,-0.3214f,-0.9131f,0.0607f,0f,0f,0f,1f],start_interpolation: 0,interpolation_duration: 1}
$data merge entity $(bone_rightringfinger) {transformation: [-0.9612f,-0.0289f,0.2743f,-0.9625f,-0.1145f,0.9465f,-0.3017f,1.5847f,-0.2509f,-0.3214f,-0.9131f,-0.082f,0f,0f,0f,1f],start_interpolation: 0,interpolation_duration: 1}
$data merge entity $(bone_hugeasssword) {transformation: [-3.3883f,1.5258f,-1.2377f,-0.7602f,-1.8803f,-3.2337f,1.1611f,1.8593f,-0.5695f,1.5986f,3.5299f,0.0763f,0f,0f,0f,1f],start_interpolation: 0,interpolation_duration: 1}
$data merge entity $(bone_ice) {transformation: [-0.9612f,-0.0289f,0.2743f,-0.7448f,-0.1145f,0.9465f,-0.3017f,1.8463f,-0.2509f,-0.3214f,-0.9131f,0.0853f,0f,0f,0f,1f],start_interpolation: 0,interpolation_duration: 1}
$data merge entity $(bone_righthand1) {transformation: [-0.9612f,-0.0289f,0.2743f,-0.9837f,-0.1145f,0.9465f,-0.3017f,2.0448f,-0.2509f,-0.3214f,-0.9131f,-0.0863f,0f,0f,0f,1f],start_interpolation: 0,interpolation_duration: 1}
$data merge entity $(bone_rightforearm) {transformation: [-0.993f,-0.0104f,0.1177f,-0.9308f,-0.0236f,0.9935f,-0.1117f,2.7466f,-0.1158f,-0.1137f,-0.9868f,-0.1436f,0f,0f,0f,1f],start_interpolation: 0,interpolation_duration: 1}
$data merge entity $(bone_rightelbow) {transformation: [-0.9925f,-0.0102f,0.122f,-0.9327f,-0.0245f,0.9929f,-0.1163f,2.9327f,-0.1199f,-0.1184f,-0.9857f,-0.1658f,0f,0f,0f,1f],start_interpolation: 0,interpolation_duration: 1}
$data merge entity $(bone_rightarm) {transformation: [-0.9925f,-0.0464f,0.1133f,-0.7423f,-0.0245f,0.9819f,0.1877f,3.4232f,-0.1199f,0.1835f,-0.9757f,-0.0173f,0f,0f,0f,1f],start_interpolation: 0,interpolation_duration: 1}
$data merge entity $(bone_chest1) {transformation: [-1.0811f,-0.0014f,0.0699f,0.0081f,0f,1.0831f,0.0222f,3.2652f,-0.0699f,0.0222f,-1.0808f,-0.0824f,0f,0f,0f,1f],start_interpolation: 0,interpolation_duration: 1}
$data merge entity $(bone_chest1lid) {transformation: [-0.9979f,-0.0013f,0.0645f,-0.357f,0f,0.9998f,0.0205f,2.5739f,-0.0645f,0.0205f,-0.9977f,0.272f,0f,0f,0f,1f],start_interpolation: 0,interpolation_duration: 1}
$data merge entity $(bone_chest2) {transformation: [-0.9979f,-0.0013f,0.0645f,-0.3568f,0f,0.9998f,0.0205f,2.4176f,-0.0645f,0.0205f,-0.9977f,0.2688f,0f,0f,0f,1f],start_interpolation: 0,interpolation_duration: 1}
$data merge entity $(bone_chest1lid3) {transformation: [-0.9979f,-0.0013f,0.0645f,-0.2533f,0f,0.9998f,0.0205f,2.587f,-0.0645f,0.0205f,-0.9977f,-0.3631f,0f,0f,0f,1f],start_interpolation: 0,interpolation_duration: 1}
$data merge entity $(bone_chest3) {transformation: [-0.9979f,-0.0013f,0.0645f,-0.2531f,0f,0.9998f,0.0205f,2.4308f,-0.0645f,0.0205f,-0.9977f,-0.3663f,0f,0f,0f,1f],start_interpolation: 0,interpolation_duration: 1}
$data merge entity $(bone_hugeasssword2) {transformation: [-0.2527f,2.8781f,-2.6444f,-1.2058f,-0.0804f,2.6455f,2.8871f,4.4307f,3.9077f,0.2405f,-0.1116f,-0.4024f,0f,0f,0f,1f],start_interpolation: 0,interpolation_duration: 1}
$data merge entity $(bone_belt) {transformation: [-0.9979f,-0.0013f,0.0645f,0.0321f,0f,0.9998f,0.0205f,2.8643f,-0.0645f,0.0205f,-0.9977f,0.0421f,0f,0f,0f,1f],start_interpolation: 0,interpolation_duration: 1}
$data merge entity $(bone_torn_part) {transformation: [-0.9979f,-0.0194f,0.0615f,-0.0905f,0f,0.9537f,0.3007f,2.5809f,-0.0645f,0.3001f,-0.9517f,0.026f,0f,0f,0f,1f],start_interpolation: 0,interpolation_duration: 1}
$data merge entity $(bone_lowerbody) {transformation: [-0.9979f,0f,0.0645f,-0.0022f,0f,1f,0f,2.0926f,-0.0645f,0f,-0.9979f,0.1727f,0f,0f,0f,1f],start_interpolation: 0,interpolation_duration: 1}
$data merge entity $(bone_leftfoot) {transformation: [-0.9931f,-0.0744f,0.0904f,0.3545f,-0.0284f,0.9021f,0.4306f,0.2294f,-0.1135f,0.4251f,-0.898f,-0.1113f,0f,0f,0f,1f],start_interpolation: 0,interpolation_duration: 1}
$data merge entity $(bone_leftlowerleg) {transformation: [-0.9931f,-0.0744f,0.0904f,0.2581f,-0.0284f,0.9021f,0.4306f,1.164f,-0.1135f,0.4251f,-0.898f,0.4983f,0f,0f,0f,1f],start_interpolation: 0,interpolation_duration: 1}
$data merge entity $(bone_leftleg) {transformation: [-0.9931f,0.0287f,0.1135f,0.2545f,-0.0284f,0.8816f,-0.4711f,2.1121f,-0.1135f,-0.4711f,-0.8748f,0.017f,0f,0f,0f,1f],start_interpolation: 0,interpolation_duration: 1}
$data merge entity $(bone_rightfoot) {transformation: [-0.9835f,0.1041f,0.1479f,-0.5737f,0.0608f,0.9605f,-0.2714f,0.357f,-0.1703f,-0.258f,-0.951f,0.9341f,0f,0f,0f,1f],start_interpolation: 0,interpolation_duration: 1}
$data merge entity $(bone_rightlowerleg) {transformation: [-0.9835f,0.1041f,0.1479f,-0.481f,0.0608f,0.9605f,-0.2714f,1.4643f,-0.1703f,-0.258f,-0.951f,0.794f,0f,0f,0f,1f],start_interpolation: 0,interpolation_duration: 1}
$data merge entity $(bone_rightleg) {transformation: [-0.9717f,0.1972f,0.1298f,-0.2444f,0.012f,0.5903f,-0.8071f,2.1121f,-0.2358f,-0.7827f,-0.576f,-0.0152f,0f,0f,0f,1f],start_interpolation: 0,interpolation_duration: 1}
data modify entity @s data merge value {"cameras":{},"locators":{"lefthand":{"posx":0.8972007261503269,"posy":1.7352079412470442,"posz":0.3471403570717185,"roty":5.960509025913666,"rotx":-15.463728208423486},"sword":{"posx":0.33017918613646735,"posy":0.7497413284442189,"posz":-3.285228222010142,"roty":199.32165422867092,"rotx":17.24481853698295},"righthand":{"posx":-0.8387179545974707,"posy":1.8254467074195289,"posz":0.08105227929446024,"roty":16.722870238448934,"rotx":-17.562018249042453},"chest":{"posx":-0.39814123123097844,"posy":2.5081605936054747,"posz":0.4246099331152482,"roty":3.6998437500000136,"rotx":1.1758989310009706}}}