# This file was generated by Animated Java via MC-Build. It is not recommended to edit this file directly.
$data merge entity $(bone_nose) {transformation: [-0.9998f,0.0015f,0.0216f,-0.0028f,0.0001f,0.9977f,-0.0677f,4.1611f,-0.0216f,-0.0677f,-0.9975f,0.0232f,0f,0f,0f,1f],start_interpolation: 0,interpolation_duration: 1}
$data merge entity $(bone_glowing_eye) {transformation: [-0.9998f,0.0015f,0.0216f,-0.1284f,0.0001f,0.9977f,-0.0677f,4.231f,-0.0216f,-0.0677f,-0.9975f,0.0507f,0f,0f,0f,1f],start_interpolation: 0,interpolation_duration: 1}
$data merge entity $(bone_head) {transformation: [-0.9998f,0.0015f,0.0216f,0.0011f,0.0001f,0.9977f,-0.0677f,4.0252f,-0.0216f,-0.0677f,-0.9975f,-0.1553f,0f,0f,0f,1f],start_interpolation: 0,interpolation_duration: 1}
$data merge entity $(bone_leftthumb2) {transformation: [-0.9998f,-0.0008f,0.022f,0.9494f,0f,0.9994f,0.0344f,1.7752f,-0.022f,0.0344f,-0.9992f,0.0742f,0f,0f,0f,1f],start_interpolation: 0,interpolation_duration: 1}
$data merge entity $(bone_leftthumb) {transformation: [-0.9998f,-0.0008f,0.022f,0.9511f,0f,0.9994f,0.0344f,2.0232f,-0.022f,0.0344f,-0.9992f,-0.0028f,0f,0f,0f,1f],start_interpolation: 0,interpolation_duration: 1}
$data merge entity $(bone_leftpointerfinger) {transformation: [-0.9998f,-0.0008f,0.022f,1.0617f,0f,0.9994f,0.0344f,1.6969f,-0.022f,0.0344f,-0.9992f,-0.0585f,0f,0f,0f,1f],start_interpolation: 0,interpolation_duration: 1}
$data merge entity $(bone_leftmidfinger) {transformation: [-0.9998f,-0.0008f,0.022f,1.0652f,0f,0.9994f,0.0344f,1.7023f,-0.022f,0.0344f,-0.9992f,-0.2146f,0f,0f,0f,1f],start_interpolation: 0,interpolation_duration: 1}
$data merge entity $(bone_leftringfinger) {transformation: [-0.9998f,-0.0008f,0.022f,1.0686f,0f,0.9994f,0.0344f,1.7076f,-0.022f,0.0344f,-0.9992f,-0.3707f,0f,0f,0f,1f],start_interpolation: 0,interpolation_duration: 1}
$data merge entity $(bone_invisibility) {transformation: [0.0012f,-0.022f,0.9998f,0.8735f,0.9986f,0.0529f,0f,1.8051f,-0.0529f,0.9984f,0.022f,-0.0276f,0f,0f,0f,1f],start_interpolation: 0,interpolation_duration: 1}
$data merge entity $(bone_swiftness) {transformation: [0.022f,-0.0008f,0.9998f,0.8256f,0.0344f,0.9994f,0f,1.6762f,-0.9992f,0.0344f,0.022f,-0.2208f,0f,0f,0f,1f],start_interpolation: 0,interpolation_duration: 1}
$data merge entity $(bone_suspicious_stew) {transformation: [0.0086f,-0.0202f,0.9998f,0.8777f,0.9203f,0.3912f,0f,1.7647f,-0.3911f,0.9201f,0.022f,-0.2166f,0f,0f,0f,1f],start_interpolation: 0,interpolation_duration: 1}
$data merge entity $(bone_log) {transformation: [-0.9998f,-0.0008f,0.022f,0.7849f,0f,0.9994f,0.0344f,1.8913f,-0.022f,0.0344f,-0.9992f,-0.2612f,0f,0f,0f,1f],start_interpolation: 0,interpolation_duration: 1}
$data merge entity $(bone_planks) {transformation: [-0.9998f,-0.0008f,0.022f,0.6911f,0f,0.9994f,0.0344f,1.8913f,-0.022f,0.0344f,-0.9992f,-0.2632f,0f,0f,0f,1f],start_interpolation: 0,interpolation_duration: 1}
$data merge entity $(bone_lefthand1) {transformation: [-0.9998f,-0.0008f,0.022f,1.0339f,0f,0.9994f,0.0344f,2.1401f,-0.022f,0.0344f,-0.9992f,-0.2159f,0f,0f,0f,1f],start_interpolation: 0,interpolation_duration: 1}
$data merge entity $(bone_leftforearm) {transformation: [-0.9998f,-0.0008f,0.022f,0.9706f,0f,0.9994f,0.0344f,2.8422f,-0.022f,0.0344f,-0.9992f,-0.1775f,0f,0f,0f,1f],start_interpolation: 0,interpolation_duration: 1}
$data merge entity $(bone_leftelbow) {transformation: [-0.9998f,-0.0008f,0.022f,0.9704f,0f,0.9994f,0.0344f,3.0296f,-0.022f,0.0344f,-0.9992f,-0.171f,0f,0f,0f,1f],start_interpolation: 0,interpolation_duration: 1}
$data merge entity $(bone_leftarm) {transformation: [-0.9998f,-0.0008f,0.022f,0.7507f,0f,0.9994f,0.0344f,3.5282f,-0.022f,0.0344f,-0.9992f,-0.1274f,0f,0f,0f,1f],start_interpolation: 0,interpolation_duration: 1}
$data merge entity $(bone_rightthumb2) {transformation: [-0.9944f,-0.0184f,0.1042f,-0.9625f,-0.0423f,0.9717f,-0.2324f,1.8865f,-0.097f,-0.2355f,-0.967f,0.1201f,0f,0f,0f,1f],start_interpolation: 0,interpolation_duration: 1}
$data merge entity $(bone_rightthumb) {transformation: [-0.9944f,-0.0184f,0.1042f,-0.9581f,-0.0423f,0.9717f,-0.2324f,2.105f,-0.097f,-0.2355f,-0.967f,-0.0203f,0f,0f,0f,1f],start_interpolation: 0,interpolation_duration: 1}
$data merge entity $(bone_rightpointerfinger) {transformation: [-0.9944f,-0.0184f,0.1042f,-1.0559f,-0.0423f,0.9717f,-0.2324f,1.7706f,-0.097f,-0.2355f,-0.967f,0.001f,0f,0f,0f,1f],start_interpolation: 0,interpolation_duration: 1}
$data merge entity $(bone_rightmidfinger) {transformation: [-0.9944f,-0.0184f,0.1042f,-1.0396f,-0.0423f,0.9717f,-0.2324f,1.7343f,-0.097f,-0.2355f,-0.967f,-0.1501f,0f,0f,0f,1f],start_interpolation: 0,interpolation_duration: 1}
$data merge entity $(bone_rightringfinger) {transformation: [-0.9944f,-0.0184f,0.1042f,-1.0234f,-0.0423f,0.9717f,-0.2324f,1.698f,-0.097f,-0.2355f,-0.967f,-0.3012f,0f,0f,0f,1f],start_interpolation: 0,interpolation_duration: 1}
$data merge entity $(bone_hugeasssword) {transformation: [-3.5508f,1.5487f,-0.5776f,-0.7809f,-1.6461f,-3.4376f,0.9021f,1.9465f,-0.1502f,1.0606f,3.7673f,-0.157f,0f,0f,0f,1f],start_interpolation: 0,interpolation_duration: 1}
$data merge entity $(bone_ice) {transformation: [-0.9944f,-0.0184f,0.1042f,-0.765f,-0.0423f,0.9717f,-0.2324f,1.932f,-0.097f,-0.2355f,-0.967f,-0.1518f,0f,0f,0f,1f],start_interpolation: 0,interpolation_duration: 1}
$data merge entity $(bone_righthand1) {transformation: [-0.9944f,-0.0184f,0.1042f,-1.015f,-0.0423f,0.9717f,-0.2324f,2.1571f,-0.097f,-0.2355f,-0.967f,-0.2652f,0f,0f,0f,1f],start_interpolation: 0,interpolation_duration: 1}
$data merge entity $(bone_rightforearm) {transformation: [-0.9992f,-0.0046f,0.0392f,-0.9564f,-0.0075f,0.9972f,-0.0738f,2.8599f,-0.0387f,-0.074f,-0.9965f,-0.2992f,0f,0f,0f,1f],start_interpolation: 0,interpolation_duration: 1}
$data merge entity $(bone_rightelbow) {transformation: [-0.9992f,-0.0046f,0.0406f,-0.9572f,-0.0077f,0.9971f,-0.0753f,3.0469f,-0.0401f,-0.0755f,-0.9963f,-0.3134f,0f,0f,0f,1f],start_interpolation: 0,interpolation_duration: 1}
$data merge entity $(bone_rightarm) {transformation: [-0.9992f,-0.0166f,0.0373f,-0.7481f,-0.0077f,0.9736f,0.2281f,3.5282f,-0.0401f,0.2276f,-0.9729f,-0.1604f,0f,0f,0f,1f],start_interpolation: 0,interpolation_duration: 1}
$data merge entity $(bone_chest1) {transformation: [-1.0831f,-0.0008f,0.0238f,0.0011f,0f,1.0827f,0.0372f,3.3718f,-0.0238f,0.0372f,-1.0824f,-0.2595f,0f,0f,0f,1f],start_interpolation: 0,interpolation_duration: 1}
$data merge entity $(bone_chest1lid) {transformation: [-0.9998f,-0.0008f,0.022f,-0.3484f,0f,0.9994f,0.0344f,2.6753f,-0.022f,0.0344f,-0.9992f,0.1005f,0f,0f,0f,1f],start_interpolation: 0,interpolation_duration: 1}
$data merge entity $(bone_chest2) {transformation: [-0.9998f,-0.0008f,0.022f,-0.3482f,0f,0.9994f,0.0344f,2.5192f,-0.022f,0.0344f,-0.9992f,0.0952f,0f,0f,0f,1f],start_interpolation: 0,interpolation_duration: 1}
$data merge entity $(bone_chest1lid3) {transformation: [-0.9998f,-0.0008f,0.022f,-0.2718f,0f,0.9994f,0.0344f,2.6973f,-0.022f,0.0344f,-0.9992f,-0.5382f,0f,0f,0f,1f],start_interpolation: 0,interpolation_duration: 1}
$data merge entity $(bone_chest3) {transformation: [-0.9998f,-0.0008f,0.022f,-0.2717f,0f,0.9994f,0.0344f,2.5412f,-0.022f,0.0344f,-0.9992f,-0.5436f,0f,0f,0f,1f],start_interpolation: 0,interpolation_duration: 1}
$data merge entity $(bone_hugeasssword2) {transformation: [-0.0861f,2.885f,-2.6476f,-1.2257f,-0.1346f,2.6445f,2.886f,4.5405f,3.9134f,0.1544f,0.041f,-0.5114f,0f,0f,0f,1f],start_interpolation: 0,interpolation_duration: 1}
$data merge entity $(bone_belt) {transformation: [-0.9998f,-0.0008f,0.022f,0.0305f,0f,0.9994f,0.0344f,2.9692f,-0.022f,0.0344f,-0.9992f,-0.1417f,0f,0f,0f,1f],start_interpolation: 0,interpolation_duration: 1}
$data merge entity $(bone_torn_part) {transformation: [-0.9998f,-0.0066f,0.021f,-0.0927f,0f,0.9537f,0.3007f,2.6871f,-0.022f,0.3006f,-0.9535f,-0.1545f,0f,0f,0f,1f],start_interpolation: 0,interpolation_duration: 1}
$data merge entity $(bone_lowerbody) {transformation: [-0.9998f,0f,0.022f,0.0018f,0f,1f,0f,2.1988f,-0.022f,0f,-0.9998f,-0.0118f,0f,0f,0f,1f],start_interpolation: 0,interpolation_duration: 1}
$data merge entity $(bone_leftfoot) {transformation: [-0.9985f,-0.0446f,0.0327f,0.3541f,-0.0363f,0.975f,0.2194f,0.2046f,-0.0417f,0.2179f,-0.9751f,-0.1277f,0f,0f,0f,1f],start_interpolation: 0,interpolation_duration: 1}
$data merge entity $(bone_leftlowerleg) {transformation: [-0.9985f,-0.0446f,0.0327f,0.2997f,-0.0363f,0.975f,0.2194f,1.2525f,-0.0417f,0.2179f,-0.9751f,0.2639f,0f,0f,0f,1f],start_interpolation: 0,interpolation_duration: 1}
$data merge entity $(bone_leftleg) {transformation: [-0.9985f,-0.0145f,0.0533f,0.2517f,-0.0363f,0.8994f,-0.4356f,2.2183f,-0.0417f,-0.4368f,-0.8986f,-0.1782f,0f,0f,0f,1f],start_interpolation: 0,interpolation_duration: 1}
$data merge entity $(bone_rightfoot) {transformation: [-0.9962f,0.0261f,0.0831f,-0.3717f,0.0307f,0.998f,0.0546f,0.1699f,-0.0815f,0.057f,-0.995f,0.0609f,0f,0f,0f,1f],start_interpolation: 0,interpolation_duration: 1}
$data merge entity $(bone_rightlowerleg) {transformation: [-0.9962f,0.0261f,0.0831f,-0.3555f,0.0307f,0.998f,0.0546f,1.2687f,-0.0815f,0.057f,-0.995f,0.277f,0f,0f,0f,1f],start_interpolation: 0,interpolation_duration: 1}
$data merge entity $(bone_rightleg) {transformation: [-0.9937f,0.0738f,0.0849f,-0.2482f,0.0256f,0.883f,-0.4687f,2.2183f,-0.1096f,-0.4635f,-0.8793f,-0.1892f,0f,0f,0f,1f],start_interpolation: 0,interpolation_duration: 1}
data modify entity @s data merge value {"cameras":{},"locators":{"lefthand":{"posx":0.8783046480613088,"posy":1.8126599972446895,"posz":-0.24619599509066017,"roty":1.259999999999991,"rotx":1.9695497246517644},"sword":{"posx":-0.3179391908871982,"posy":1.0882057843168549,"posz":-3.7304302145752892,"roty":188.71651381415418,"rotx":13.316429880028487},"righthand":{"posx":-0.8595992534460489,"posy":1.9165084408094952,"posz":-0.1421400803592814,"roty":6.1498276251598725,"rotx":-13.438163917933517},"chest":{"posx":-0.3829953379715096,"posy":2.60749582045619,"posz":0.2538186140692207,"roty":1.259999999999991,"rotx":1.9695497246517644}}}