# This file was generated by Animated Java via MC-Build. It is not recommended to edit this file directly.
$data merge entity $(bone_nose) {transformation: [-0.9999f,0.0008f,0.015f,-0.002f,0f,0.9987f,-0.0505f,4.1774f,-0.015f,-0.0505f,-0.9986f,0.0038f,0f,0f,0f,1f],start_interpolation: 0,interpolation_duration: 1}
$data merge entity $(bone_glowing_eye) {transformation: [-0.9999f,0.0008f,0.015f,-0.1275f,0f,0.9987f,-0.0505f,4.2467f,-0.015f,-0.0505f,-0.9986f,0.0333f,0f,0f,0f,1f],start_interpolation: 0,interpolation_duration: 1}
$data merge entity $(bone_head) {transformation: [-0.9999f,0.0008f,0.015f,0.0007f,0f,0.9987f,-0.0505f,4.0446f,-0.015f,-0.0505f,-0.9986f,-0.177f,0f,0f,0f,1f],start_interpolation: 0,interpolation_duration: 1}
$data merge entity $(bone_leftthumb2) {transformation: [-0.9999f,-0.0006f,0.015f,0.9507f,0f,0.9993f,0.0368f,1.794f,-0.015f,0.0368f,-0.9992f,0.0405f,0f,0f,0f,1f],start_interpolation: 0,interpolation_duration: 1}
$data merge entity $(bone_leftthumb) {transformation: [-0.9999f,-0.0006f,0.015f,0.9518f,0f,0.9993f,0.0368f,2.0423f,-0.015f,0.0368f,-0.9992f,-0.0359f,0f,0f,0f,1f],start_interpolation: 0,interpolation_duration: 1}
$data merge entity $(bone_leftpointerfinger) {transformation: [-0.9999f,-0.0006f,0.015f,1.0621f,0f,0.9993f,0.0368f,1.7161f,-0.015f,0.0368f,-0.9992f,-0.0931f,0f,0f,0f,1f],start_interpolation: 0,interpolation_duration: 1}
$data merge entity $(bone_leftmidfinger) {transformation: [-0.9999f,-0.0006f,0.015f,1.0644f,0f,0.9993f,0.0368f,1.7218f,-0.015f,0.0368f,-0.9992f,-0.2493f,0f,0f,0f,1f],start_interpolation: 0,interpolation_duration: 1}
$data merge entity $(bone_leftringfinger) {transformation: [-0.9999f,-0.0006f,0.015f,1.0668f,0f,0.9993f,0.0368f,1.7276f,-0.015f,0.0368f,-0.9992f,-0.4054f,0f,0f,0f,1f],start_interpolation: 0,interpolation_duration: 1}
$data merge entity $(bone_invisibility) {transformation: [0.0008f,-0.015f,0.9999f,0.8741f,0.9987f,0.0505f,0f,1.8242f,-0.0505f,0.9986f,0.015f,-0.0607f,0f,0f,0f,1f],start_interpolation: 0,interpolation_duration: 1}
$data merge entity $(bone_swiftness) {transformation: [0.015f,-0.0006f,0.9999f,0.8249f,0.0368f,0.9993f,0f,1.6958f,-0.9992f,0.0368f,0.015f,-0.2538f,0f,0f,0f,1f],start_interpolation: 0,interpolation_duration: 1}
$data merge entity $(bone_suspicious_stew) {transformation: [0.0059f,-0.0139f,0.9999f,0.8769f,0.9212f,0.389f,0f,1.7843f,-0.389f,0.9211f,0.015f,-0.2498f,0f,0f,0f,1f],start_interpolation: 0,interpolation_duration: 1}
$data merge entity $(bone_log) {transformation: [-0.9999f,-0.0006f,0.015f,0.7838f,0f,0.9993f,0.0368f,1.9109f,-0.015f,0.0368f,-0.9992f,-0.2934f,0f,0f,0f,1f],start_interpolation: 0,interpolation_duration: 1}
$data merge entity $(bone_planks) {transformation: [-0.9999f,-0.0006f,0.015f,0.6901f,0f,0.9993f,0.0368f,1.9109f,-0.015f,0.0368f,-0.9992f,-0.2949f,0f,0f,0f,1f],start_interpolation: 0,interpolation_duration: 1}
$data merge entity $(bone_lefthand1) {transformation: [-0.9999f,-0.0006f,0.015f,1.0332f,0f,0.9993f,0.0368f,2.1596f,-0.015f,0.0368f,-0.9992f,-0.2493f,0f,0f,0f,1f],start_interpolation: 0,interpolation_duration: 1}
$data merge entity $(bone_leftforearm) {transformation: [-0.9999f,-0.0006f,0.015f,0.97f,0f,0.9993f,0.0368f,2.8617f,-0.015f,0.0368f,-0.9992f,-0.2088f,0f,0f,0f,1f],start_interpolation: 0,interpolation_duration: 1}
$data merge entity $(bone_leftelbow) {transformation: [-0.9999f,-0.0006f,0.015f,0.9699f,0f,0.9993f,0.0368f,3.0491f,-0.015f,0.0368f,-0.9992f,-0.2019f,0f,0f,0f,1f],start_interpolation: 0,interpolation_duration: 1}
$data merge entity $(bone_leftarm) {transformation: [-0.9999f,-0.0006f,0.015f,0.7505f,0f,0.9993f,0.0368f,3.5476f,-0.015f,0.0368f,-0.9992f,-0.1556f,0f,0f,0f,1f],start_interpolation: 0,interpolation_duration: 1}
$data merge entity $(bone_rightthumb2) {transformation: [-0.997f,-0.0146f,0.0759f,-0.9602f,-0.031f,0.9752f,-0.2191f,1.9011f,-0.0708f,-0.2208f,-0.9727f,0.0906f,0f,0f,0f,1f],start_interpolation: 0,interpolation_duration: 1}
$data merge entity $(bone_rightthumb) {transformation: [-0.997f,-0.0146f,0.0759f,-0.9573f,-0.031f,0.9752f,-0.2191f,2.1216f,-0.0708f,-0.2208f,-0.9727f,-0.0466f,0f,0f,0f,1f],start_interpolation: 0,interpolation_duration: 1}
$data merge entity $(bone_rightpointerfinger) {transformation: [-0.997f,-0.0146f,0.0759f,-1.058f,-0.031f,0.9752f,-0.2191f,1.7879f,-0.0708f,-0.2208f,-0.9727f,-0.0275f,0f,0f,0f,1f],start_interpolation: 0,interpolation_duration: 1}
$data merge entity $(bone_rightmidfinger) {transformation: [-0.997f,-0.0146f,0.0759f,-1.0462f,-0.031f,0.9752f,-0.2191f,1.7537f,-0.0708f,-0.2208f,-0.9727f,-0.1795f,0f,0f,0f,1f],start_interpolation: 0,interpolation_duration: 1}
$data merge entity $(bone_rightringfinger) {transformation: [-0.997f,-0.0146f,0.0759f,-1.0343f,-0.031f,0.9752f,-0.2191f,1.7194f,-0.0708f,-0.2208f,-0.9727f,-0.3315f,0f,0f,0f,1f],start_interpolation: 0,interpolation_duration: 1}
$data merge entity $(bone_hugeasssword) {transformation: [-3.5704f,1.5409f,-0.4673f,-0.7855f,-1.6083f,-3.4681f,0.8522f,1.9634f,-0.0785f,0.9687f,3.7942f,-0.1904f,0f,0f,0f,1f],start_interpolation: 0,interpolation_duration: 1}
$data merge entity $(bone_ice) {transformation: [-0.997f,-0.0146f,0.0759f,-0.7697f,-0.031f,0.9752f,-0.2191f,1.9487f,-0.0708f,-0.2208f,-0.9727f,-0.1858f,0f,0f,0f,1f],start_interpolation: 0,interpolation_duration: 1}
$data merge entity $(bone_righthand1) {transformation: [-0.997f,-0.0146f,0.0759f,-1.0202f,-0.031f,0.9752f,-0.2191f,2.1779f,-0.0708f,-0.2208f,-0.9727f,-0.2891f,0f,0f,0f,1f],start_interpolation: 0,interpolation_duration: 1}
$data merge entity $(bone_rightforearm) {transformation: [-0.9996f,-0.0032f,0.0265f,-0.9604f,-0.005f,0.9977f,-0.067f,2.8808f,-0.0263f,-0.0671f,-0.9974f,-0.3191f,0f,0f,0f,1f],start_interpolation: 0,interpolation_duration: 1}
$data merge entity $(bone_rightelbow) {transformation: [-0.9996f,-0.0033f,0.0275f,-0.961f,-0.0051f,0.9977f,-0.068f,3.0678f,-0.0272f,-0.0682f,-0.9973f,-0.3319f,0f,0f,0f,1f],start_interpolation: 0,interpolation_duration: 1}
$data merge entity $(bone_rightarm) {transformation: [-0.9996f,-0.0114f,0.0252f,-0.7488f,-0.0051f,0.972f,0.2351f,3.5476f,-0.0272f,0.2349f,-0.9716f,-0.1781f,0f,0f,0f,1f],start_interpolation: 0,interpolation_duration: 1}
$data merge entity $(bone_chest1) {transformation: [-1.0832f,-0.0006f,0.0163f,0f,0f,1.0826f,0.0398f,3.3914f,-0.0163f,0.0398f,-1.0825f,-0.2828f,0f,0f,0f,1f],start_interpolation: 0,interpolation_duration: 1}
$data merge entity $(bone_chest1lid) {transformation: [-0.9999f,-0.0006f,0.015f,-0.3469f,0f,0.9993f,0.0368f,2.694f,-0.015f,0.0368f,-0.9992f,0.078f,0f,0f,0f,1f],start_interpolation: 0,interpolation_duration: 1}
$data merge entity $(bone_chest2) {transformation: [-0.9999f,-0.0006f,0.015f,-0.3468f,0f,0.9993f,0.0368f,2.5379f,-0.015f,0.0368f,-0.9992f,0.0723f,0f,0f,0f,1f],start_interpolation: 0,interpolation_duration: 1}
$data merge entity $(bone_chest1lid3) {transformation: [-0.9999f,-0.0006f,0.015f,-0.2748f,0f,0.9993f,0.0368f,2.7176f,-0.015f,0.0368f,-0.9992f,-0.5612f,0f,0f,0f,1f],start_interpolation: 0,interpolation_duration: 1}
$data merge entity $(bone_chest3) {transformation: [-0.9999f,-0.0006f,0.015f,-0.2747f,0f,0.9993f,0.0368f,2.5614f,-0.015f,0.0368f,-0.9992f,-0.5669f,0f,0f,0f,1f],start_interpolation: 0,interpolation_duration: 1}
$data merge entity $(bone_hugeasssword2) {transformation: [-0.0589f,2.8859f,-2.6474f,-1.2286f,-0.144f,2.6443f,2.8857f,4.5607f,3.9136f,0.1407f,0.0663f,-0.5234f,0f,0f,0f,1f],start_interpolation: 0,interpolation_duration: 1}
$data merge entity $(bone_belt) {transformation: [-0.9999f,-0.0006f,0.015f,0.0303f,0f,0.9993f,0.0368f,2.9885f,-0.015f,0.0368f,-0.9992f,-0.1661f,0f,0f,0f,1f],start_interpolation: 0,interpolation_duration: 1}
$data merge entity $(bone_torn_part) {transformation: [-0.9999f,-0.0045f,0.0143f,-0.093f,0f,0.9537f,0.3007f,2.7066f,-0.015f,0.3007f,-0.9536f,-0.1784f,0f,0f,0f,1f],start_interpolation: 0,interpolation_duration: 1}
$data merge entity $(bone_lowerbody) {transformation: [-0.9999f,0f,0.015f,0.0025f,0f,1f,0f,2.2183f,-0.015f,0f,-0.9999f,-0.0363f,0f,0f,0f,1f],start_interpolation: 0,interpolation_duration: 1}
$data merge entity $(bone_leftfoot) {transformation: [-0.9989f,-0.0425f,0.0192f,0.3597f,-0.0383f,0.9831f,0.1792f,0.1908f,-0.0265f,0.1783f,-0.9836f,-0.1548f,0f,0f,0f,1f],start_interpolation: 0,interpolation_duration: 1}
$data merge entity $(bone_leftlowerleg) {transformation: [-0.9989f,-0.0425f,0.0192f,0.3096f,-0.0383f,0.9831f,0.1792f,1.2539f,-0.0265f,0.1783f,-0.9836f,0.1941f,0f,0f,0f,1f],start_interpolation: 0,interpolation_duration: 1}
$data merge entity $(bone_leftleg) {transformation: [-0.9989f,-0.0247f,0.0395f,0.2511f,-0.0383f,0.9175f,-0.3958f,2.2378f,-0.0265f,-0.3969f,-0.9175f,-0.2045f,0f,0f,0f,1f],start_interpolation: 0,interpolation_duration: 1}
$data merge entity $(bone_rightfoot) {transformation: [-0.9974f,0.0236f,0.0676f,-0.3563f,0.0306f,0.9942f,0.1032f,0.1601f,-0.0647f,0.105f,-0.9924f,-0.1058f,0f,0f,0f,1f],start_interpolation: 0,interpolation_duration: 1}
$data merge entity $(bone_rightlowerleg) {transformation: [-0.9974f,0.0236f,0.0676f,-0.3404f,0.0306f,0.9942f,0.1032f,1.2472f,-0.0647f,0.105f,-0.9924f,0.1631f,0f,0f,0f,1f],start_interpolation: 0,interpolation_duration: 1}
$data merge entity $(bone_rightleg) {transformation: [-0.9961f,0.0586f,0.0663f,-0.2488f,0.0289f,0.9239f,-0.3815f,2.2378f,-0.0836f,-0.3781f,-0.922f,-0.212f,0f,0f,0f,1f],start_interpolation: 0,interpolation_duration: 1}
data modify entity @s data merge value {"cameras":{},"locators":{"lefthand":{"posx":0.8773431761293089,"posy":1.8322725226147993,"posz":-0.27929488586207374,"roty":0.8620312500000011,"rotx":2.1064139941690954},"sword":{"posx":-0.42716077779630046,"posy":1.153281335439181,"posz":-3.786963268183756,"roty":187.02155802026525,"rotx":12.56677612168503},"righthand":{"posx":-0.8641044824709272,"posy":1.9339347986163211,"posz":-0.17379743047152763,"roty":4.461448615609498,"rotx":-12.658384938552345},"chest":{"posx":-0.38048192021377125,"posy":2.625845715217959,"posz":0.2313653387404973,"roty":0.8620312500000011,"rotx":2.1064139941690954}}}