# This file was generated by Animated Java via MC-Build. It is not recommended to edit this file directly.
$data merge entity $(bone_nose) {transformation: [-1f,0f,0f,0f,0f,0.999f,0.0436f,4.2072f,0f,0.0436f,-0.999f,0.126f,0f,0f,0f,1f],start_interpolation: 0,interpolation_duration: 1}
$data merge entity $(bone_glowing_eye) {transformation: [-1f,0f,0f,-0.125f,0f,0.999f,0.0436f,4.2733f,0f,0.0436f,-0.999f,0.1638f,0f,0f,0f,1f],start_interpolation: 0,interpolation_duration: 1}
$data merge entity $(bone_head) {transformation: [-1f,0f,0f,0f,0f,0.999f,0.0436f,4.092f,0f,0.0436f,-0.999f,-0.0665f,0f,0f,0f,1f],start_interpolation: 0,interpolation_duration: 1}
$data merge entity $(bone_leftthumb2) {transformation: [-1f,0f,0f,0.9531f,0f,0.999f,0.0436f,1.8494f,0f,0.0436f,-0.999f,0.0183f,0f,0f,0f,1f],start_interpolation: 0,interpolation_duration: 1}
$data merge entity $(bone_leftthumb) {transformation: [-1f,0f,0f,0.9531f,0f,0.999f,0.0436f,2.0981f,0f,0.0436f,-0.999f,-0.0563f,0f,0f,0f,1f],start_interpolation: 0,interpolation_duration: 1}
$data merge entity $(bone_leftpointerfinger) {transformation: [-1f,0f,0f,1.0625f,0f,0.999f,0.0436f,1.7724f,0f,0.0436f,-0.999f,-0.1175f,0f,0f,0f,1f],start_interpolation: 0,interpolation_duration: 1}
$data merge entity $(bone_leftmidfinger) {transformation: [-1f,0f,0f,1.0625f,0f,0.999f,0.0436f,1.7792f,0f,0.0436f,-0.999f,-0.2736f,0f,0f,0f,1f],start_interpolation: 0,interpolation_duration: 1}
$data merge entity $(bone_leftringfinger) {transformation: [-1f,0f,0f,1.0625f,0f,0.999f,0.0436f,1.786f,0f,0.0436f,-0.999f,-0.4297f,0f,0f,0f,1f],start_interpolation: 0,interpolation_duration: 1}
$data merge entity $(bone_invisibility) {transformation: [0f,0f,1f,0.875f,0.999f,0.0436f,0f,1.8803f,-0.0436f,0.999f,0f,-0.0815f,0f,0f,0f,1f],start_interpolation: 0,interpolation_duration: 1}
$data merge entity $(bone_swiftness) {transformation: [0f,0f,1f,0.8229f,0.0436f,0.999f,0f,1.7532f,-0.999f,0.0436f,0f,-0.2747f,0f,0f,0f,1f],start_interpolation: 0,interpolation_duration: 1}
$data merge entity $(bone_suspicious_stew) {transformation: [0f,0f,1f,0.875f,0.9239f,0.3827f,0f,1.8416f,-0.3827f,0.9239f,0f,-0.2709f,0f,0f,0f,1f],start_interpolation: 0,interpolation_duration: 1}
$data merge entity $(bone_log) {transformation: [-1f,0f,0f,0.7813f,0f,0.999f,0.0436f,1.9685f,0f,0.0436f,-0.999f,-0.3122f,0f,0f,0f,1f],start_interpolation: 0,interpolation_duration: 1}
$data merge entity $(bone_planks) {transformation: [-1f,0f,0f,0.6875f,0f,0.999f,0.0436f,1.9685f,0f,0.0436f,-0.999f,-0.3122f,0f,0f,0f,1f],start_interpolation: 0,interpolation_duration: 1}
$data merge entity $(bone_lefthand1) {transformation: [-1f,0f,0f,1.0313f,0f,0.999f,0.0436f,2.2169f,0f,0.0436f,-0.999f,-0.2701f,0f,0f,0f,1f],start_interpolation: 0,interpolation_duration: 1}
$data merge entity $(bone_leftforearm) {transformation: [-1f,0f,0f,0.9688f,0f,0.999f,0.0436f,2.9187f,0f,0.0436f,-0.999f,-0.2238f,0f,0f,0f,1f],start_interpolation: 0,interpolation_duration: 1}
$data merge entity $(bone_leftelbow) {transformation: [-1f,0f,0f,0.9688f,0f,0.9914f,0.1305f,3.1046f,0f,0.1305f,-0.9914f,-0.1994f,0f,0f,0f,1f],start_interpolation: 0,interpolation_duration: 1}
$data merge entity $(bone_leftarm) {transformation: [-1f,0f,0f,0.75f,0f,0.9914f,0.1305f,3.5962f,0f,0.1305f,-0.9914f,-0.1031f,0f,0f,0f,1f],start_interpolation: 0,interpolation_duration: 1}
$data merge entity $(bone_rightthumb2) {transformation: [0.1305f,-0.8986f,-0.419f,-0.697f,0.0864f,0.4313f,-0.8981f,2.1291f,0.9877f,0.081f,0.1339f,-0.1618f,0f,0f,0f,1f],start_interpolation: 0,interpolation_duration: 1}
$data merge entity $(bone_rightthumb) {transformation: [0.1305f,-0.8986f,-0.419f,-0.9531f,0.0864f,0.4313f,-0.8981f,2.1581f,0.9877f,0.081f,0.1339f,-0.1305f,0f,0f,0f,1f],start_interpolation: 0,interpolation_duration: 1}
$data merge entity $(bone_rightpointerfinger) {transformation: [-0.3007f,-0.9537f,0f,-1.0625f,-0.9501f,0.2996f,-0.0872f,1.8271f,0.0831f,-0.0262f,-0.9962f,-0.1486f,0f,0f,0f,1f],start_interpolation: 0,interpolation_duration: 1}
$data merge entity $(bone_rightmidfinger) {transformation: [-0.1736f,-0.9848f,0f,-1.0625f,-0.9811f,0.173f,-0.0872f,1.8135f,0.0858f,-0.0151f,-0.9962f,-0.3043f,0f,0f,0f,1f],start_interpolation: 0,interpolation_duration: 1}
$data merge entity $(bone_rightringfinger) {transformation: [-0.2588f,-0.9659f,0f,-1.0625f,-0.9623f,0.2578f,-0.0872f,1.7999f,0.0842f,-0.0226f,-0.9962f,-0.4599f,0f,0f,0f,1f],start_interpolation: 0,interpolation_duration: 1}
$data merge entity $(bone_hugeasssword) {transformation: [-3.9167f,0f,0f,-0.7969f,0f,3.9018f,-0.3414f,2.0172f,0f,-0.3414f,-3.9018f,-0.3064f,0f,0f,0f,1f],start_interpolation: 0,interpolation_duration: 1}
$data merge entity $(bone_ice) {transformation: [-1f,0f,0f,-0.7812f,0f,0.9962f,-0.0872f,2.0017f,0f,-0.0872f,-0.9962f,-0.305f,0f,0f,0f,1f],start_interpolation: 0,interpolation_duration: 1}
$data merge entity $(bone_righthand1) {transformation: [-1f,0f,0f,-1.0312f,0f,0.9962f,-0.0872f,2.248f,0f,-0.0872f,-0.9962f,-0.3579f,0f,0f,0f,1f],start_interpolation: 0,interpolation_duration: 1}
$data merge entity $(bone_rightforearm) {transformation: [-1f,0f,0f,-0.9687f,0f,0.999f,0.0436f,2.9498f,0f,0.0436f,-0.999f,-0.3117f,0f,0f,0f,1f],start_interpolation: 0,interpolation_duration: 1}
$data merge entity $(bone_rightelbow) {transformation: [-1f,0f,0f,-0.9687f,0f,0.999f,0.0436f,3.1371f,0f,0.0436f,-0.999f,-0.3035f,0f,0f,0f,1f],start_interpolation: 0,interpolation_duration: 1}
$data merge entity $(bone_rightarm) {transformation: [-1f,0f,0f,-0.75f,0f,0.9397f,0.342f,3.5962f,0f,0.342f,-0.9397f,-0.1031f,0f,0f,0f,1f],start_interpolation: 0,interpolation_duration: 1}
$data merge entity $(bone_chest1) {transformation: [-1.0833f,0f,0f,-0.0023f,0f,1.0741f,0.1414f,3.4517f,0f,0.1414f,-1.0741f,-0.2332f,0f,0f,0f,1f],start_interpolation: 0,interpolation_duration: 1}
$data merge entity $(bone_chest1lid) {transformation: [-1f,0f,0f,-0.3438f,0f,0.9914f,0.1305f,2.723f,0f,0.1305f,-0.9914f,0.0656f,0f,0f,0f,1f],start_interpolation: 0,interpolation_duration: 1}
$data merge entity $(bone_chest2) {transformation: [-1f,0f,0f,-0.3438f,0f,0.9914f,0.1305f,2.5681f,0f,0.1305f,-0.9914f,0.0452f,0f,0f,0f,1f],start_interpolation: 0,interpolation_duration: 1}
$data merge entity $(bone_chest1lid3) {transformation: [-1f,0f,0f,-0.2812f,0f,0.9914f,0.1305f,2.8066f,0f,0.1305f,-0.9914f,-0.5695f,0f,0f,0f,1f],start_interpolation: 0,interpolation_duration: 1}
$data merge entity $(bone_chest3) {transformation: [-1f,0f,0f,-0.2812f,0f,0.9914f,0.1305f,2.6517f,0f,0.1305f,-0.9914f,-0.5899f,0f,0f,0f,1f],start_interpolation: 0,interpolation_duration: 1}
$data merge entity $(bone_hugeasssword2) {transformation: [0f,2.8877f,-2.6461f,-1.2344f,-0.5112f,2.6234f,2.863f,4.6366f,3.8832f,0.3454f,0.3769f,-0.3444f,0f,0f,0f,1f],start_interpolation: 0,interpolation_duration: 1}
$data merge entity $(bone_belt) {transformation: [-1f,0f,0f,0.0297f,0f,0.9914f,0.1305f,3.0397f,0f,0.1305f,-0.9914f,-0.1554f,0f,0f,0f,1f],start_interpolation: 0,interpolation_duration: 1}
$data merge entity $(bone_torn_part) {transformation: [-1f,0f,0f,-0.0937f,0f,0.9239f,0.3827f,2.7604f,0f,0.3827f,-0.9239f,-0.1913f,0f,0f,0f,1f],start_interpolation: 0,interpolation_duration: 1}
$data merge entity $(bone_lowerbody) {transformation: [-1f,0f,0f,0.0039f,0f,0.9962f,0.0872f,2.2617f,0f,0.0872f,-0.9962f,-0.0937f,0f,0f,0f,1f],start_interpolation: 0,interpolation_duration: 1}
$data merge entity $(bone_leftfoot) {transformation: [-0.999f,-0.0421f,-0.0113f,0.3723f,-0.043f,0.9953f,0.0869f,0.1716f,0.0076f,0.0873f,-0.9962f,-0.2213f,0f,0f,0f,1f],start_interpolation: 0,interpolation_duration: 1}
$data merge entity $(bone_leftlowerleg) {transformation: [-0.999f,-0.0421f,-0.0113f,0.3273f,-0.043f,0.9953f,0.0869f,1.2624f,0.0076f,0.0873f,-0.9962f,0.0286f,0f,0f,0f,1f],start_interpolation: 0,interpolation_duration: 1}
$data merge entity $(bone_leftleg) {transformation: [-0.999f,-0.0432f,0.0057f,0.25f,-0.043f,0.9528f,-0.3006f,2.2813f,0.0076f,-0.3005f,-0.9537f,-0.2656f,0f,0f,0f,1f],start_interpolation: 0,interpolation_duration: 1}
$data merge entity $(bone_rightfoot) {transformation: [-0.999f,0.0421f,0.0113f,-0.3726f,0.0426f,0.9982f,0.0434f,0.1499f,-0.0094f,0.0438f,-0.999f,-0.2184f,0f,0f,0f,1f],start_interpolation: 0,interpolation_duration: 1}
$data merge entity $(bone_rightlowerleg) {transformation: [-0.999f,0.0421f,0.0113f,-0.3276f,0.0426f,0.9982f,0.0434f,1.2505f,-0.0094f,0.0438f,-0.999f,-0.0163f,0f,0f,0f,1f],start_interpolation: 0,interpolation_duration: 1}
$data merge entity $(bone_rightleg) {transformation: [-0.999f,0.0436f,-0.0019f,-0.25f,0.0426f,0.965f,-0.2588f,2.2813f,-0.0094f,-0.2586f,-0.9659f,-0.2656f,0f,0f,0f,1f],start_interpolation: 0,interpolation_duration: 1}
$data merge entity $(bone_sack_top) {transformation: [0f,0f,0f,-0.0625f,0f,0f,0f,-1.5625f,0f,0f,0f,0f,0f,0f,0f,1f],start_interpolation: 0,interpolation_duration: 1}
$data merge entity $(bone_sack_main) {transformation: [0f,0f,0f,-0.0625f,0f,0f,0f,-1.5625f,0f,0f,0f,0f,0f,0f,0f,1f],start_interpolation: 0,interpolation_duration: 1}
$data merge entity $(bone_blast_off1) {transformation: [0f,0f,0f,0f,0f,0f,0f,-2.5f,0f,0f,0f,0f,0f,0f,0f,1f],start_interpolation: 0,interpolation_duration: 1}
$data merge entity $(bone_blast_off2) {transformation: [0f,0f,0f,0f,0f,0f,0f,-2.5f,0f,0f,0f,0f,0f,0f,0f,1f],start_interpolation: 0,interpolation_duration: 1}
data modify entity @s data merge value {"cameras":{},"locators":{"lefthand":{"posx":0.875,"posy":1.8898041503737772,"posz":-0.3000354253437408,"roty":0,"rotx":2.500000000000001},"sword":{"posx":-0.8750000000000004,"posy":2.3088529815223993,"posz":3.385367942327257,"roty":0,"rotx":-4.999999999999989},"righthand":{"posx":-0.875,"posy":1.9874661801404103,"posz":-0.2881000068860539,"roty":0,"rotx":-4.999999999999989},"chest":{"posx":-0.37500000000000006,"posy":2.640646806996231,"posz":0.2123544990220322,"roty":0,"rotx":7.500000000000001},"sack":{"posx":-0.062499375,"posy":-1.56248875,"posz":-7.653965954246011e-18,"roty":0,"rotx":0}}}
execute on vehicle unless entity @s[tag=aj.transforms_only] run function animated_java:wander/variants/sword_hand/apply