# This file was generated by Animated Java via MC-Build. It is not recommended to edit this file directly.
$data merge entity $(nose) {transformation: [-0.9665f,-0.0583f,0.25f,-0.4193f,-0.049f,0.9979f,0.0432f,4.2715f,-0.252f,0.0295f,-0.9673f,1.9577f,0f,0f,0f,1f],start_interpolation: 0,interpolation_duration: 1}
$data merge entity $(glowing_eye) {transformation: [-0.9665f,-0.0583f,0.25f,-0.5528f,-0.049f,0.9979f,0.0432f,4.3315f,-0.252f,0.0295f,-0.9673f,1.962f,0f,0f,0f,1f],start_interpolation: 0,interpolation_duration: 1}
$data merge entity $(head) {transformation: [-0.9665f,-0.0583f,0.25f,-0.3653f,-0.049f,0.9979f,0.0432f,4.1564f,-0.252f,0.0295f,-0.9673f,1.773f,0f,0f,0f,1f],start_interpolation: 0,interpolation_duration: 1}
$data merge entity $(leftthumb2) {transformation: [-0.1132f,0.0364f,0.9929f,-0.0191f,-0.984f,-0.1423f,-0.1069f,3.6652f,0.1374f,-0.9892f,0.0519f,4.0616f,0f,0f,0f,1f],start_interpolation: 0,interpolation_duration: 1}
$data merge entity $(leftthumb) {transformation: [-0.1132f,0.0364f,0.9929f,0.0747f,-0.984f,-0.1423f,-0.1069f,3.6212f,0.1374f,-0.9892f,0.0519f,3.8234f,0f,0f,0f,1f],start_interpolation: 0,interpolation_duration: 1}
$data merge entity $(leftpointerfinger) {transformation: [-0.1132f,0.0364f,0.9929f,0.1216f,-0.984f,-0.1423f,-0.1069f,3.7705f,0.1374f,-0.9892f,0.0519f,4.1354f,0f,0f,0f,1f],start_interpolation: 0,interpolation_duration: 1}
$data merge entity $(leftmidfinger) {transformation: [-0.1132f,0.0364f,0.9929f,0.2768f,-0.984f,-0.1423f,-0.1069f,3.7538f,0.1374f,-0.9892f,0.0519f,4.1435f,0f,0f,0f,1f],start_interpolation: 0,interpolation_duration: 1}
$data merge entity $(leftringfinger) {transformation: [-0.1132f,0.0364f,0.9929f,0.4319f,-0.984f,-0.1423f,-0.1069f,3.7371f,0.1374f,-0.9892f,0.0519f,4.1516f,0f,0f,0f,1f],start_interpolation: 0,interpolation_duration: 1}
$data merge entity $(invisibility) {transformation: [0.1228f,-0.986f,0.1132f,0.0734f,-0.1511f,0.0941f,0.984f,3.5737f,-0.9809f,-0.1379f,-0.1374f,4.0513f,0f,0f,0f,1f],start_interpolation: 0,interpolation_duration: 1}
$data merge entity $(swiftness) {transformation: [0.9929f,0.0364f,0.1132f,0.2487f,-0.1069f,-0.1423f,0.984f,3.5217f,0.0519f,-0.9892f,-0.1374f,4.2022f,0f,0f,0f,1f],start_interpolation: 0,interpolation_duration: 1}
$data merge entity $(suspicious_stew) {transformation: [0.4526f,-0.8845f,0.1132f,0.2578f,-0.1741f,0.0368f,0.984f,3.5604f,-0.8745f,-0.4651f,-0.1374f,4.1074f,0f,0f,0f,1f],start_interpolation: 0,interpolation_duration: 1}
$data merge entity $(log) {transformation: [-0.1132f,0.0364f,0.9929f,0.2983f,-0.984f,-0.1423f,-0.1069f,3.4453f,0.1374f,-0.9892f,0.0519f,3.9991f,0f,0f,0f,1f],start_interpolation: 0,interpolation_duration: 1}
$data merge entity $(planks) {transformation: [-0.1132f,0.0364f,0.9929f,0.2877f,-0.984f,-0.1423f,-0.1069f,3.3531f,0.1374f,-0.9892f,0.0519f,4.012f,0f,0f,0f,1f],start_interpolation: 0,interpolation_duration: 1}
$data merge entity $(lefthand1) {transformation: [-0.1132f,0.0364f,0.9929f,0.3047f,-0.984f,-0.1423f,-0.1069f,3.6591f,0.1374f,-0.9892f,0.0519f,3.7158f,0f,0f,0f,1f],start_interpolation: 0,interpolation_duration: 1}
$data merge entity $(leftforearm) {transformation: [-0.9784f,0.0364f,0.2035f,0.2659f,-0.2067f,-0.1423f,-0.968f,3.5613f,-0.0063f,-0.9892f,0.1467f,3.0177f,0f,0f,0f,1f],start_interpolation: 0,interpolation_duration: 1}
$data merge entity $(leftelbow) {transformation: [-0.9974f,0.028f,0.0663f,0.2712f,-0.0658f,0.0182f,-0.9977f,3.5647f,-0.0292f,-0.9994f,-0.0163f,2.8303f,0f,0f,0f,1f],start_interpolation: 0,interpolation_duration: 1}
$data merge entity $(leftarm) {transformation: [-0.9974f,0.028f,0.0663f,0.065f,-0.0658f,0.0182f,-0.9977f,3.5906f,-0.0292f,-0.9994f,-0.0163f,2.3247f,0f,0f,0f,1f],start_interpolation: 0,interpolation_duration: 1}
$data merge entity $(rightthumb2) {transformation: [0.4539f,-0.6943f,-0.5585f,-0.3765f,-0.1459f,-0.6762f,0.7221f,4.6196f,-0.879f,-0.2463f,-0.4082f,-0.0834f,0f,0f,0f,1f],start_interpolation: 0,interpolation_duration: 1}
$data merge entity $(rightthumb) {transformation: [0.4539f,-0.6943f,-0.5585f,-0.5945f,-0.1459f,-0.6762f,0.7221f,4.5155f,-0.879f,-0.2463f,-0.4082f,-0.1786f,0f,0f,0f,1f],start_interpolation: 0,interpolation_duration: 1}
$data merge entity $(rightpointerfinger) {transformation: [-0.4787f,-0.8107f,-0.3371f,-0.7804f,0.8107f,-0.5555f,0.1848f,4.8014f,-0.3371f,-0.1848f,0.9232f,-0.253f,0f,0f,0f,1f],start_interpolation: 0,interpolation_duration: 1}
$data merge entity $(rightmidfinger) {transformation: [-0.3688f,-0.8663f,-0.3371f,-0.833f,0.8763f,-0.445f,0.1848f,4.8302f,-0.3101f,-0.2272f,0.9232f,-0.1087f,0f,0f,0f,1f],start_interpolation: 0,interpolation_duration: 1}
$data merge entity $(rightringfinger) {transformation: [-0.4429f,-0.8308f,-0.3371f,-0.8857f,0.8342f,-0.5196f,0.1848f,4.8591f,-0.3287f,-0.1993f,0.9232f,0.0355f,0f,0f,0f,1f],start_interpolation: 0,interpolation_duration: 1}
$data merge entity $(hugeasssword) {transformation: [-3.6876f,0.6256f,1.1622f,-0.541f,0.4044f,3.8185f,-0.7721f,4.7123f,-1.2564f,-0.6069f,-3.6597f,0.0046f,0f,0f,0f,1f],start_interpolation: 0,interpolation_duration: 1}
$data merge entity $(whey) {transformation: [0f,0f,0f,-0.3559f,0f,0f,0f,4.8237f,0f,0f,0f,-0.1024f,0f,0f,0f,1f],start_interpolation: 0,interpolation_duration: 1}
$data merge entity $(ice) {transformation: [-0.9171f,0.2127f,-0.3371f,-0.5299f,-0.286f,-0.9402f,0.1848f,4.7315f,-0.2776f,0.2659f,0.9232f,0.0048f,0f,0f,0f,1f],start_interpolation: 0,interpolation_duration: 1}
$data merge entity $(righthand1) {transformation: [-0.9171f,0.2127f,-0.3371f,-0.7166f,-0.286f,-0.9402f,0.1848f,4.4307f,-0.2776f,0.2659f,0.9232f,0.0307f,0f,0f,0f,1f],start_interpolation: 0,interpolation_duration: 1}
$data merge entity $(rightforearm) {transformation: [0.976f,0.205f,0.0731f,-0.6346f,0.2172f,-0.898f,-0.3828f,3.7917f,-0.0128f,0.3895f,-0.921f,0.3197f,0f,0f,0f,1f],start_interpolation: 0,interpolation_duration: 1}
$data merge entity $(rightelbow) {transformation: [0.8859f,0.3231f,0.3328f,-0.574f,0.4008f,-0.1719f,-0.8999f,3.7595f,-0.2335f,0.9306f,-0.2818f,0.4942f,0f,0f,0f,1f],start_interpolation: 0,interpolation_duration: 1}
$data merge entity $(rightarm) {transformation: [0.8859f,0.2081f,0.4146f,-0.6767f,0.4008f,0.1066f,-0.91f,3.7536f,-0.2335f,0.9723f,0.0111f,1.0311f,0f,0f,0f,1f],start_interpolation: 0,interpolation_duration: 1}
$data merge entity $(chest1) {transformation: [-0.5357f,-0.1825f,0.9238f,-0.1862f,0.1177f,1.0415f,0.274f,3.5461f,-0.9342f,0.2359f,-0.4952f,1.5907f,0f,0f,0f,1f],start_interpolation: 0,interpolation_duration: 1}
$data merge entity $(chest1lid) {transformation: [-0.4945f,-0.1685f,0.8527f,-0.5735f,0.1087f,0.9614f,0.253f,2.8271f,-0.8624f,0.2177f,-0.4571f,1.3263f,0f,0f,0f,1f],start_interpolation: 0,interpolation_duration: 1}
$data merge entity $(chest2) {transformation: [-0.4945f,-0.1685f,0.8527f,-0.5472f,0.1087f,0.9614f,0.253f,2.6769f,-0.8624f,0.2177f,-0.4571f,1.2923f,0f,0f,0f,1f],start_interpolation: 0,interpolation_duration: 1}
$data merge entity $(chest1lid3) {transformation: [-0.4945f,-0.1685f,0.8527f,0.0036f,0.1087f,0.9614f,0.253f,2.9824f,-0.8624f,0.2177f,-0.4571f,1.0874f,0f,0f,0f,1f],start_interpolation: 0,interpolation_duration: 1}
$data merge entity $(chest3) {transformation: [-0.4945f,-0.1685f,0.8527f,0.0299f,0.1087f,0.9614f,0.253f,2.8322f,-0.8624f,0.2177f,-0.4571f,1.0534f,0f,0f,0f,1f],start_interpolation: 0,interpolation_duration: 1}
$data merge entity $(hugeasssword2) {transformation: [-3.3398f,0.9821f,-1.7949f,-0.765f,-0.9907f,2.23f,3.0636f,4.8624f,1.7902f,3.0664f,-1.6531f,0.6597f,0f,0f,0f,1f],start_interpolation: 0,interpolation_duration: 1}
$data merge entity $(belt) {transformation: [-0.4945f,-0.1685f,0.8527f,-0.2149f,0.1087f,0.9614f,0.253f,3.1265f,-0.8624f,0.2177f,-0.4571f,1.5914f,0f,0f,0f,1f],start_interpolation: 0,interpolation_duration: 1}
$data merge entity $(torn_part) {transformation: [-0.4945f,-0.3818f,0.7808f,-0.2295f,0.1087f,0.8642f,0.4913f,2.8691f,-0.8624f,0.3278f,-0.3858f,1.4242f,0f,0f,0f,1f],start_interpolation: 0,interpolation_duration: 1}
$data merge entity $(lowerbody) {transformation: [-0.4945f,-0.1293f,0.8595f,-0.2389f,0.1087f,0.9719f,0.2087f,2.3546f,-0.8624f,0.1966f,-0.4665f,1.478f,0f,0f,0f,1f],start_interpolation: 0,interpolation_duration: 1}
$data merge entity $(leftfoot) {transformation: [-0.8676f,-0.0166f,0.497f,0.0163f,-0.0618f,0.9953f,-0.0746f,0.319f,-0.4935f,-0.0954f,-0.8645f,1.8716f,0f,0f,0f,1f],start_interpolation: 0,interpolation_duration: 1}
$data merge entity $(leftlowerleg) {transformation: [-0.8676f,-0.0166f,0.497f,-0.0785f,-0.0618f,0.9953f,-0.0746f,1.4346f,-0.4935f,-0.0954f,-0.8645f,1.8986f,0f,0f,0f,1f],start_interpolation: 0,interpolation_duration: 1}
$data merge entity $(leftleg) {transformation: [-0.8676f,0.1659f,0.4688f,0.0585f,-0.0618f,0.8995f,-0.4326f,2.3997f,-0.4935f,-0.4043f,-0.7701f,1.4737f,0f,0f,0f,1f],start_interpolation: 0,interpolation_duration: 1}
$data merge entity $(rightfoot) {transformation: [-0.472f,-0.0947f,0.8765f,-0.3159f,0.1727f,0.965f,0.1973f,0.3233f,-0.8645f,0.2445f,-0.4391f,0.7243f,0f,0f,0f,1f],start_interpolation: 0,interpolation_duration: 1}
$data merge entity $(rightlowerleg) {transformation: [-0.472f,-0.0947f,0.8765f,-0.5556f,0.1727f,0.965f,0.1973f,1.3635f,-0.8645f,0.2445f,-0.4391f,1.063f,0f,0f,0f,1f],start_interpolation: 0,interpolation_duration: 1}
$data merge entity $(rightleg) {transformation: [-0.472f,0.192f,0.8604f,-0.3593f,0.1727f,0.9772f,-0.1234f,2.3997f,-0.8645f,0.0904f,-0.4944f,1.1989f,0f,0f,0f,1f],start_interpolation: 0,interpolation_duration: 1}
data modify entity @s data merge value {"cameras":{},"locators":{"soup":{"px":0.10227850235587121,"py":3.535940215197105,"pz":4.031785567970758,"ry":39.47487735480112,"rx":79.74730751460322},"lefthand":{"px":0.2905727890464035,"py":3.550359161526281,"pz":4.06268416186601,"ry":92.99292996834288,"rx":-6.138255607740346},"sword":{"px":-1.7183678293791265,"py":5.419912959567521,"pz":3.4445438996949,"ry":17.618671716968265,"rx":-11.368807055241238},"righthand":{"px":-0.6139828961502274,"py":4.716487555864766,"pz":-0.03982600347533849,"ry":200.05827929825256,"rx":10.650823492074666},"chest":{"px":-0.7117024730984752,"py":2.73093479499888,"pz":1.3571389923869703,"ry":61.80804807892446,"rx":14.652173459513051}}}