# This file was generated by Animated Java via MC-Build. It is not recommended to edit this file directly.
$data merge entity $(bone_nose) {transformation: [-0.947f,-0.0244f,0.3203f,-0.457f,-0.03f,0.9995f,-0.0125f,4.1925f,-0.3198f,-0.0215f,-0.9472f,2.1806f,0f,0f,0f,1f],start_interpolation: 0,interpolation_duration: 1}
$data merge entity $(bone_glowing_eye) {transformation: [-0.947f,-0.0244f,0.3203f,-0.5882f,-0.03f,0.9995f,-0.0125f,4.2569f,-0.3198f,-0.0215f,-0.9472f,2.1723f,0f,0f,0f,1f],start_interpolation: 0,interpolation_duration: 1}
$data merge entity $(bone_head) {transformation: [-0.947f,-0.0244f,0.3203f,-0.394f,-0.03f,0.9995f,-0.0125f,4.0668f,-0.3198f,-0.0215f,-0.9472f,2.0059f,0f,0f,0f,1f],start_interpolation: 0,interpolation_duration: 1}
$data merge entity $(bone_leftthumb2) {transformation: [-0.1022f,0.0361f,0.9941f,-0.0644f,-0.98f,-0.175f,-0.0944f,3.6189f,0.1706f,-0.9839f,0.0532f,4.2905f,0f,0f,0f,1f],start_interpolation: 0,interpolation_duration: 1}
$data merge entity $(bone_leftthumb) {transformation: [-0.1022f,0.0361f,0.9941f,0.0294f,-0.98f,-0.175f,-0.0944f,3.5679f,0.1706f,-0.9839f,0.0532f,4.0538f,0f,0f,0f,1f],start_interpolation: 0,interpolation_duration: 1}
$data merge entity $(bone_leftpointerfinger) {transformation: [-0.1022f,0.0361f,0.9941f,0.0754f,-0.98f,-0.175f,-0.0944f,3.7281f,0.1706f,-0.9839f,0.0532f,4.3605f,0f,0f,0f,1f],start_interpolation: 0,interpolation_duration: 1}
$data merge entity $(bone_leftmidfinger) {transformation: [-0.1022f,0.0361f,0.9941f,0.2307f,-0.98f,-0.175f,-0.0944f,3.7134f,0.1706f,-0.9839f,0.0532f,4.3688f,0f,0f,0f,1f],start_interpolation: 0,interpolation_duration: 1}
$data merge entity $(bone_leftringfinger) {transformation: [-0.1022f,0.0361f,0.9941f,0.386f,-0.98f,-0.175f,-0.0944f,3.6986f,0.1706f,-0.9839f,0.0532f,4.3771f,0f,0f,0f,1f],start_interpolation: 0,interpolation_duration: 1}
$data merge entity $(bone_invisibility) {transformation: [0.1226f,-0.9872f,0.1022f,0.0291f,-0.1826f,0.0788f,0.98f,3.5282f,-0.9755f,-0.1388f,-0.1706f,4.2832f,0f,0f,0f,1f],start_interpolation: 0,interpolation_duration: 1}
$data merge entity $(bone_swiftness) {transformation: [0.9941f,0.0361f,0.1022f,0.2053f,-0.0944f,-0.175f,0.98f,3.4831f,0.0532f,-0.9839f,-0.1706f,4.4353f,0f,0f,0f,1f],start_interpolation: 0,interpolation_duration: 1}
$data merge entity $(bone_suspicious_stew) {transformation: [0.4528f,-0.8857f,0.1022f,0.2138f,-0.1985f,0.0116f,0.98f,3.5187f,-0.8692f,-0.4641f,-0.1706f,4.3393f,0f,0f,0f,1f],start_interpolation: 0,interpolation_duration: 1}
$data merge entity $(bone_log) {transformation: [-0.1022f,0.0361f,0.9941f,0.2553f,-0.98f,-0.175f,-0.0944f,3.4005f,0.1706f,-0.9839f,0.0532f,4.2348f,0f,0f,0f,1f],start_interpolation: 0,interpolation_duration: 1}
$data merge entity $(bone_planks) {transformation: [-0.1022f,0.0361f,0.9941f,0.2457f,-0.98f,-0.175f,-0.0944f,3.3086f,0.1706f,-0.9839f,0.0532f,4.2508f,0f,0f,0f,1f],start_interpolation: 0,interpolation_duration: 1}
$data merge entity $(bone_lefthand1) {transformation: [-0.1022f,0.0361f,0.9941f,0.2588f,-0.98f,-0.175f,-0.0944f,3.6047f,0.1706f,-0.9839f,0.0532f,3.9445f,0f,0f,0f,1f],start_interpolation: 0,interpolation_duration: 1}
$data merge entity $(bone_leftforearm) {transformation: [-0.9785f,0.0361f,0.2028f,0.2198f,-0.206f,-0.175f,-0.9628f,3.4838f,0.0008f,-0.9839f,0.1787f,3.25f,0f,0f,0f,1f],start_interpolation: 0,interpolation_duration: 1}
$data merge entity $(bone_leftelbow) {transformation: [-0.9974f,0.0286f,0.0662f,0.2252f,-0.0667f,-0.0193f,-0.9976f,3.4802f,-0.0273f,-0.9994f,0.0211f,3.0626f,0f,0f,0f,1f],start_interpolation: 0,interpolation_duration: 1}
$data merge entity $(bone_leftarm) {transformation: [-0.9974f,0.0286f,0.0662f,0.0193f,-0.0667f,-0.0193f,-0.9976f,3.4871f,-0.0273f,-0.9994f,0.0211f,2.5562f,0f,0f,0f,1f],start_interpolation: 0,interpolation_duration: 1}
$data merge entity $(bone_rightthumb2) {transformation: [0.5406f,-0.5423f,-0.6432f,-0.364f,-0.1997f,-0.8254f,0.5281f,4.5217f,-0.8173f,-0.157f,-0.5545f,0.123f,0f,0f,0f,1f],start_interpolation: 0,interpolation_duration: 1}
$data merge entity $(bone_rightthumb) {transformation: [0.5406f,-0.5423f,-0.6432f,-0.552f,-0.1997f,-0.8254f,0.5281f,4.3645f,-0.8173f,-0.157f,-0.5545f,0.0371f,0f,0f,0f,1f],start_interpolation: 0,interpolation_duration: 1}
$data merge entity $(bone_rightpointerfinger) {transformation: [-0.5862f,-0.6827f,-0.4363f,-0.779f,0.6405f,-0.7203f,0.2665f,4.5944f,-0.4962f,-0.1233f,0.8594f,-0.0949f,0f,0f,0f,1f],start_interpolation: 0,interpolation_duration: 1}
$data merge entity $(bone_rightmidfinger) {transformation: [-0.492f,-0.7533f,-0.4363f,-0.8472f,0.729f,-0.6305f,0.2665f,4.636f,-0.4758f,-0.187f,0.8594f,0.0394f,0f,0f,0f,1f],start_interpolation: 0,interpolation_duration: 1}
$data merge entity $(bone_rightringfinger) {transformation: [-0.5558f,-0.7076f,-0.4363f,-0.9153f,0.6713f,-0.6916f,0.2665f,4.6776f,-0.4903f,-0.1448f,0.8594f,0.1737f,0f,0f,0f,1f],start_interpolation: 0,interpolation_duration: 1}
$data merge entity $(bone_hugeasssword) {transformation: [-3.59f,-0.0127f,1.5659f,-0.5487f,-0.5048f,3.7169f,-1.1271f,4.5951f,-1.4824f,-1.2349f,-3.4085f,0.1855f,0f,0f,0f,1f],start_interpolation: 0,interpolation_duration: 1}
$data merge entity $(bone_ice) {transformation: [-0.8273f,0.3538f,-0.4363f,-0.5413f,-0.4943f,-0.8274f,0.2665f,4.6157f,-0.2668f,0.4361f,0.8594f,0.1828f,0f,0f,0f,1f],start_interpolation: 0,interpolation_duration: 1}
$data merge entity $(bone_righthand1) {transformation: [-0.8273f,0.3538f,-0.4363f,-0.6734f,-0.4943f,-0.8274f,0.2665f,4.2936f,-0.2668f,0.4361f,0.8594f,0.252f,0f,0f,0f,1f],start_interpolation: 0,interpolation_duration: 1}
$data merge entity $(bone_rightforearm) {transformation: [0.9626f,0.2244f,0.1517f,-0.5781f,0.2659f,-0.8897f,-0.3712f,3.6572f,0.0517f,0.3976f,-0.9161f,0.5427f,0f,0f,0f,1f],start_interpolation: 0,interpolation_duration: 1}
$data merge entity $(bone_rightelbow) {transformation: [0.8879f,0.2381f,0.3937f,-0.5335f,0.4202f,-0.0713f,-0.9046f,3.6439f,-0.1873f,0.9686f,-0.1633f,0.7243f,0f,0f,0f,1f],start_interpolation: 0,interpolation_duration: 1}
$data merge entity $(bone_rightarm) {transformation: [0.8879f,0.1087f,0.4471f,-0.6874f,0.4202f,0.2041f,-0.8842f,3.6816f,-0.1873f,0.9729f,0.1355f,1.2475f,0f,0f,0f,1f],start_interpolation: 0,interpolation_duration: 1}
$data merge entity $(bone_chest1) {transformation: [-0.5104f,-0.1845f,0.9376f,-0.2126f,0.1405f,1.0369f,0.2805f,3.4597f,-0.9452f,0.2537f,-0.4646f,1.8151f,0f,0f,0f,1f],start_interpolation: 0,interpolation_duration: 1}
$data merge entity $(bone_chest1lid) {transformation: [-0.4711f,-0.1703f,0.8655f,-0.5957f,0.1297f,0.9571f,0.259f,2.7485f,-0.8725f,0.2342f,-0.4288f,1.5249f,0f,0f,0f,1f],start_interpolation: 0,interpolation_duration: 1}
$data merge entity $(bone_chest2) {transformation: [-0.4711f,-0.1703f,0.8655f,-0.5691f,0.1297f,0.9571f,0.259f,2.599f,-0.8725f,0.2342f,-0.4288f,1.4883f,0f,0f,0f,1f],start_interpolation: 0,interpolation_duration: 1}
$data merge entity $(bone_chest1lid3) {transformation: [-0.4711f,-0.1703f,0.8655f,-0.0118f,0.1297f,0.9571f,0.259f,2.9063f,-0.8725f,0.2342f,-0.4288f,1.3047f,0f,0f,0f,1f],start_interpolation: 0,interpolation_duration: 1}
$data merge entity $(bone_chest3) {transformation: [-0.4711f,-0.1703f,0.8655f,0.0148f,0.1297f,0.9571f,0.259f,2.7568f,-0.8725f,0.2342f,-0.4288f,1.2681f,0f,0f,0f,1f],start_interpolation: 0,interpolation_duration: 1}
$data merge entity $(bone_hugeasssword2) {transformation: [-3.3898f,0.9097f,-1.7385f,-0.7613f,-1.0143f,2.1583f,3.107f,4.7987f,1.6796f,3.1392f,-1.6324f,0.8983f,0f,0f,0f,1f],start_interpolation: 0,interpolation_duration: 1}
$data merge entity $(bone_belt) {transformation: [-0.4711f,-0.1703f,0.8655f,-0.2429f,0.1297f,0.9571f,0.259f,3.0404f,-0.8725f,0.2342f,-0.4288f,1.8059f,0f,0f,0f,1f],start_interpolation: 0,interpolation_duration: 1}
$data merge entity $(bone_torn_part) {transformation: [-0.4711f,-0.3867f,0.7928f,-0.2542f,0.1297f,0.8586f,0.4959f,2.7868f,-0.8725f,0.3364f,-0.3544f,1.6328f,0f,0f,0f,1f],start_interpolation: 0,interpolation_duration: 1}
$data merge entity $(bone_lowerbody) {transformation: [-0.4711f,-0.1304f,0.8724f,-0.2671f,0.1297f,0.968f,0.2147f,2.2713f,-0.8725f,0.2143f,-0.4391f,1.6751f,0f,0f,0f,1f],start_interpolation: 0,interpolation_duration: 1}
$data merge entity $(bone_leftfoot) {transformation: [-0.852f,0.0182f,0.5232f,-0.0846f,-0.0516f,0.9916f,-0.1186f,0.2501f,-0.5209f,-0.1281f,-0.8439f,2.1198f,0f,0f,0f,1f],start_interpolation: 0,interpolation_duration: 1}
$data merge entity $(bone_leftlowerleg) {transformation: [-0.852f,0.0182f,0.5232f,-0.1448f,-0.0516f,0.9916f,-0.1186f,1.3684f,-0.5209f,-0.1281f,-0.8439f,2.1074f,0f,0f,0f,1f],start_interpolation: 0,interpolation_duration: 1}
$data merge entity $(bone_leftleg) {transformation: [-0.852f,0.2009f,0.4834f,0.0295f,-0.0516f,0.8867f,-0.4595f,2.3208f,-0.5209f,-0.4165f,-0.7451f,1.668f,0f,0f,0f,1f],start_interpolation: 0,interpolation_duration: 1}
$data merge entity $(bone_rightfoot) {transformation: [-0.4044f,-0.1655f,0.8995f,-0.216f,0.1856f,0.9482f,0.2579f,0.2715f,-0.8955f,0.2712f,-0.3528f,0.8597f,0f,0f,0f,1f],start_interpolation: 0,interpolation_duration: 1}
$data merge entity $(bone_rightlowerleg) {transformation: [-0.4044f,-0.1655f,0.8995f,-0.5378f,0.1856f,0.9482f,0.2579f,1.2838f,-0.8955f,0.2712f,-0.3528f,1.2148f,0f,0f,0f,1f],start_interpolation: 0,interpolation_duration: 1}
$data merge entity $(bone_rightleg) {transformation: [-0.4044f,0.1477f,0.9026f,-0.3918f,0.1856f,0.9796f,-0.0771f,2.3208f,-0.8955f,0.1363f,-0.4236f,1.3987f,0f,0f,0f,1f],start_interpolation: 0,interpolation_duration: 1}
data modify entity @s data merge value {"cameras":{},"locators":{"lefthand":{"posx":0.24654966121800256,"posy":3.5075089288639143,"posz":4.294831196076143,"roty":93.06496037492562,"rotx":-5.414752122432865},"sword":{"posx":-2.100795176861634,"posy":5.621032549555871,"posz":3.3883793391584054,"roty":24.675040440459924,"rotx":-16.724946823519765},"righthand":{"posx":-0.6176103636164472,"posy":4.578155383686347,"posz":0.13755220931856657,"roty":206.9158662178103,"rotx":15.45425754248168},"chest":{"posx":-0.7349750755570117,"posy":2.65228574616317,"posz":1.550032934855119,"roty":63.642041435045954,"rotx":15.008216709587597}}}