# This file was generated by Animated Java via MC-Build. It is not recommended to edit this file directly.
$data merge entity $(nose) {transformation: [-0.9204f,0.0631f,0.3859f,-0.4722f,0.0028f,0.9879f,-0.155f,4.1026f,-0.391f,-0.1416f,-0.9095f,2.5606f,0f,0f,0f,1f],start_interpolation: 0,interpolation_duration: 1}
$data merge entity $(glowing_eye) {transformation: [-0.9204f,0.0631f,0.3859f,-0.5965f,0.0028f,0.9879f,-0.155f,4.1752f,-0.391f,-0.1416f,-0.9095f,2.5339f,0f,0f,0f,1f],start_interpolation: 0,interpolation_duration: 1}
$data merge entity $(head) {transformation: [-0.9204f,0.0631f,0.3859f,-0.4078f,0.0028f,0.9879f,-0.155f,3.9516f,-0.391f,-0.1416f,-0.9095f,2.4078f,0f,0f,0f,1f],start_interpolation: 0,interpolation_duration: 1}
$data merge entity $(leftthumb2) {transformation: [-0.0835f,0.018f,0.9963f,-0.0141f,-0.9707f,-0.2274f,-0.0772f,3.584f,0.2252f,-0.9736f,0.0364f,4.6481f,0f,0f,0f,1f],start_interpolation: 0,interpolation_duration: 1}
$data merge entity $(leftthumb) {transformation: [-0.0835f,0.018f,0.9963f,0.0754f,-0.9707f,-0.2274f,-0.0772f,3.5216f,0.2252f,-0.9736f,0.0364f,4.4124f,0f,0f,0f,1f],start_interpolation: 0,interpolation_duration: 1}
$data merge entity $(leftpointerfinger) {transformation: [-0.0835f,0.018f,0.9963f,0.1254f,-0.9707f,-0.2274f,-0.0772f,3.6988f,0.2252f,-0.9736f,0.0364f,4.709f,0f,0f,0f,1f],start_interpolation: 0,interpolation_duration: 1}
$data merge entity $(leftmidfinger) {transformation: [-0.0835f,0.018f,0.9963f,0.2811f,-0.9707f,-0.2274f,-0.0772f,3.6867f,0.2252f,-0.9736f,0.0364f,4.7147f,0f,0f,0f,1f],start_interpolation: 0,interpolation_duration: 1}
$data merge entity $(leftringfinger) {transformation: [-0.0835f,0.018f,0.9963f,0.4367f,-0.9707f,-0.2274f,-0.0772f,3.6747f,0.2252f,-0.9736f,0.0364f,4.7204f,0f,0f,0f,1f],start_interpolation: 0,interpolation_duration: 1}
$data merge entity $(invisibility) {transformation: [0.1048f,-0.991f,0.0835f,0.0806f,-0.2333f,0.0571f,0.9707f,3.4943f,-0.9668f,-0.1212f,-0.2252f,4.6436f,0f,0f,0f,1f],start_interpolation: 0,interpolation_duration: 1}
$data merge entity $(swiftness) {transformation: [0.9963f,0.018f,0.0835f,0.2606f,-0.0772f,-0.2274f,0.9707f,3.4601f,0.0364f,-0.9736f,-0.2252f,4.794f,0f,0f,0f,1f],start_interpolation: 0,interpolation_duration: 1}
$data merge entity $(suspicious_stew) {transformation: [0.4374f,-0.8954f,0.0835f,0.2665f,-0.2387f,-0.0261f,0.9707f,3.4905f,-0.867f,-0.4445f,-0.2252f,4.696f,0f,0f,0f,1f],start_interpolation: 0,interpolation_duration: 1}
$data merge entity $(log) {transformation: [-0.0835f,0.018f,0.9963f,0.3077f,-0.9707f,-0.2274f,-0.0772f,3.3675f,0.2252f,-0.9736f,0.0364f,4.5971f,0f,0f,0f,1f],start_interpolation: 0,interpolation_duration: 1}
$data merge entity $(planks) {transformation: [-0.0835f,0.018f,0.9963f,0.2998f,-0.9707f,-0.2274f,-0.0772f,3.2764f,0.2252f,-0.9736f,0.0364f,4.6183f,0f,0f,0f,1f],start_interpolation: 0,interpolation_duration: 1}
$data merge entity $(lefthand1) {transformation: [-0.0835f,0.018f,0.9963f,0.3019f,-0.9707f,-0.2274f,-0.0772f,3.5557f,0.2252f,-0.9736f,0.0364f,4.2963f,0f,0f,0f,1f],start_interpolation: 0,interpolation_duration: 1}
$data merge entity $(leftforearm) {transformation: [-0.9776f,0.018f,0.2098f,0.2502f,-0.2084f,-0.2274f,-0.9512f,3.3976f,0.0306f,-0.9736f,0.2261f,3.6101f,0f,0f,0f,1f],start_interpolation: 0,interpolation_duration: 1}
$data merge entity $(leftelbow) {transformation: [-0.9973f,0.0099f,0.0724f,0.252f,-0.0729f,-0.0751f,-0.9945f,3.3836f,-0.0044f,-0.9971f,0.0756f,3.4231f,0f,0f,0f,1f],start_interpolation: 0,interpolation_duration: 1}
$data merge entity $(leftarm) {transformation: [-0.9973f,0.0099f,0.0724f,0.0365f,-0.0729f,-0.0751f,-0.9945f,3.3612f,-0.0044f,-0.9971f,0.0756f,2.9213f,0f,0f,0f,1f],start_interpolation: 0,interpolation_duration: 1}
$data merge entity $(rightthumb2) {transformation: [0.558f,-0.4177f,-0.717f,-0.4677f,-0.1843f,-0.9049f,0.3837f,4.4361f,-0.8091f,-0.082f,-0.5819f,0.5231f,0f,0f,0f,1f],start_interpolation: 0,interpolation_duration: 1}
$data merge entity $(rightthumb) {transformation: [0.558f,-0.4177f,-0.717f,-0.6314f,-0.1843f,-0.9049f,0.3837f,4.247f,-0.8091f,-0.082f,-0.5819f,0.4532f,0f,0f,0f,1f],start_interpolation: 0,interpolation_duration: 1}
$data merge entity $(rightpointerfinger) {transformation: [-0.6765f,-0.5716f,-0.4643f,-0.8904f,0.5075f,-0.8187f,0.2686f,4.4304f,-0.5337f,-0.0539f,0.844f,0.3079f,0f,0f,0f,1f],start_interpolation: 0,interpolation_duration: 1}
$data merge entity $(rightmidfinger) {transformation: [-0.5961f,-0.655f,-0.4643f,-0.9629f,0.61f,-0.7455f,0.2686f,4.4724f,-0.5221f,-0.1231f,0.844f,0.4398f,0f,0f,0f,1f],start_interpolation: 0,interpolation_duration: 1}
$data merge entity $(rightringfinger) {transformation: [-0.6509f,-0.6006f,-0.4643f,-1.0355f,0.5427f,-0.7958f,0.2686f,4.5144f,-0.5308f,-0.0771f,0.844f,0.5717f,0f,0f,0f,1f],start_interpolation: 0,interpolation_duration: 1}
$data merge entity $(hugeasssword) {transformation: [-3.489f,-0.5614f,1.6888f,-0.6607f,-1.1344f,3.5654f,-1.1583f,4.4867f,-1.3713f,-1.521f,-3.3386f,0.583f,0f,0f,0f,1f],start_interpolation: 0,interpolation_duration: 1}
$data merge entity $(whey) {transformation: [0f,0f,0f,-0.5111f,0f,0f,0f,4.6254f,0f,0f,0f,0.4545f,0f,0f,0f,1f],start_interpolation: 0,interpolation_duration: 1}
$data merge entity $(ice) {transformation: [-0.7486f,0.4733f,-0.4643f,-0.6564f,-0.6283f,-0.7302f,0.2686f,4.508f,-0.2119f,0.4928f,0.844f,0.5786f,0f,0f,0f,1f],start_interpolation: 0,interpolation_duration: 1}
$data merge entity $(righthand1) {transformation: [-0.7486f,0.4733f,-0.4643f,-0.7397f,-0.6283f,-0.7302f,0.2686f,4.1768f,-0.2119f,0.4928f,0.844f,0.6752f,0f,0f,0f,1f],start_interpolation: 0,interpolation_duration: 1}
$data merge entity $(rightforearm) {transformation: [0.9297f,0.3f,0.2137f,-0.5902f,0.3588f,-0.8691f,-0.3406f,3.5486f,0.0835f,0.3933f,-0.9156f,0.9608f,0f,0f,0f,1f],start_interpolation: 0,interpolation_duration: 1}
$data merge entity $(rightelbow) {transformation: [0.8571f,0.1883f,0.4795f,-0.5549f,0.4919f,-0.0229f,-0.8703f,3.5443f,-0.1529f,0.9818f,-0.1123f,1.1449f,0f,0f,0f,1f],start_interpolation: 0,interpolation_duration: 1}
$data merge entity $(rightarm) {transformation: [0.8571f,0.0354f,0.5139f,-0.7407f,0.4919f,0.2398f,-0.837f,3.5828f,-0.1529f,0.9702f,0.1881f,1.6576f,0f,0f,0f,1f],start_interpolation: 0,interpolation_duration: 1}
$data merge entity $(chest1) {transformation: [-0.5613f,-0.1736f,0.9102f,-0.2351f,0.1601f,1.03f,0.2951f,3.3499f,-0.9126f,0.2874f,-0.508f,2.1933f,0f,0f,0f,1f],start_interpolation: 0,interpolation_duration: 1}
$data merge entity $(chest1lid) {transformation: [-0.5181f,-0.1602f,0.8402f,-0.6313f,0.1477f,0.9508f,0.2724f,2.6439f,-0.8424f,0.2653f,-0.469f,1.9079f,0f,0f,0f,1f],start_interpolation: 0,interpolation_duration: 1}
$data merge entity $(chest2) {transformation: [-0.5181f,-0.1602f,0.8402f,-0.6063f,0.1477f,0.9508f,0.2724f,2.4954f,-0.8424f,0.2653f,-0.469f,1.8664f,0f,0f,0f,1f],start_interpolation: 0,interpolation_duration: 1}
$data merge entity $(chest1lid3) {transformation: [-0.5181f,-0.1602f,0.8402f,-0.0607f,0.1477f,0.9508f,0.2724f,2.8092f,-0.8424f,0.2653f,-0.469f,1.6601f,0f,0f,0f,1f],start_interpolation: 0,interpolation_duration: 1}
$data merge entity $(chest3) {transformation: [-0.5181f,-0.1602f,0.8402f,-0.0357f,0.1477f,0.9508f,0.2724f,2.6607f,-0.8424f,0.2653f,-0.469f,1.6187f,0f,0f,0f,1f],start_interpolation: 0,interpolation_duration: 1}
$data merge entity $(hugeasssword2) {transformation: [-3.2906f,1.0723f,-1.8337f,-0.8368f,-1.067f,2.0892f,3.1364f,4.7073f,1.8367f,3.1346f,-1.4631f,1.339f,0f,0f,0f,1f],start_interpolation: 0,interpolation_duration: 1}
$data merge entity $(belt) {transformation: [-0.5181f,-0.1602f,0.8402f,-0.2647f,0.1477f,0.9508f,0.2724f,2.9308f,-0.8424f,0.2653f,-0.469f,2.176f,0f,0f,0f,1f],start_interpolation: 0,interpolation_duration: 1}
$data merge entity $(torn_part) {transformation: [-0.5181f,-0.3702f,0.771f,-0.2846f,0.1477f,0.8492f,0.507f,2.6812f,-0.8424f,0.3766f,-0.3853f,1.9979f,0f,0f,0f,1f],start_interpolation: 0,interpolation_duration: 1}
$data merge entity $(lowerbody) {transformation: [-0.5181f,-0.1212f,0.8467f,-0.2939f,0.1477f,0.9624f,0.2281f,2.1648f,-0.8424f,0.2433f,-0.4807f,2.029f,0f,0f,0f,1f],start_interpolation: 0,interpolation_duration: 1}
$data merge entity $(leftfoot) {transformation: [-0.9295f,0.0375f,0.3668f,-0.1105f,-0.0469f,0.9747f,-0.2185f,0.1895f,-0.3658f,-0.2203f,-0.9043f,2.6397f,0f,0f,0f,1f],start_interpolation: 0,interpolation_duration: 1}
$data merge entity $(leftlowerleg) {transformation: [-0.9295f,0.0375f,0.3668f,-0.1252f,-0.0469f,0.9747f,-0.2185f,1.3044f,-0.3658f,-0.2203f,-0.9043f,2.5342f,0f,0f,0f,1f],start_interpolation: 0,interpolation_duration: 1}
$data merge entity $(leftleg) {transformation: [-0.9295f,0.1544f,0.3349f,0.001f,-0.0469f,0.8513f,-0.5226f,2.221f,-0.3658f,-0.5014f,-0.7841f,2.0104f,0f,0f,0f,1f],start_interpolation: 0,interpolation_duration: 1}
$data merge entity $(rightfoot) {transformation: [-0.3156f,-0.2113f,0.9251f,-0.1269f,0.2883f,0.9075f,0.3056f,0.2534f,-0.9041f,0.3631f,-0.2254f,0.992f,0f,0f,0f,1f],start_interpolation: 0,interpolation_duration: 1}
$data merge entity $(rightlowerleg) {transformation: [-0.3156f,-0.2113f,0.9251f,-0.5035f,0.2883f,0.9075f,0.3056f,1.2131f,-0.9041f,0.3631f,-0.2254f,1.4294f,0f,0f,0f,1f],start_interpolation: 0,interpolation_duration: 1}
$data merge entity $(rightleg) {transformation: [-0.3156f,0.0812f,0.9454f,-0.432f,0.2883f,0.9574f,0.014f,2.221f,-0.9041f,0.2769f,-0.3255f,1.7604f,0f,0f,0f,1f],start_interpolation: 0,interpolation_duration: 1}
data modify entity @s data merge value {"cameras":{},"locators":{"soup":{"px":0.11002522275231635,"py":3.4556769595766688,"pz":4.6266656098830365,"ry":20.337539143034803,"rx":76.10418637664364},"lefthand":{"px":0.2985087300157797,"py":3.4774301488436383,"pz":4.651527905927913,"ry":92.09489492792184,"rx":-4.428475525118001},"sword":{"px":-2.3225555184061575,"py":5.530846576928928,"pz":3.7243696756831115,"ry":26.83258660206957,"rx":-17.202056571145615},"righthand":{"px":-0.7266980814617593,"py":4.456288817206393,"pz":0.5378556456802179,"ry":208.8161694824885,"rx":15.580618226213437},"chest":{"px":-0.768768660697426,"py":2.5465496697854477,"pz":1.9382643316992112,"ry":60.83068809208636,"rx":15.808756929533768}}}