# This file was generated by Animated Java via MC-Build. It is not recommended to edit this file directly.
$data merge entity $(bone_nose) {transformation: [-0.9442f,0.0184f,0.3289f,-0.5236f,-0.0396f,0.9848f,-0.1689f,3.9793f,-0.3271f,-0.1725f,-0.9291f,3.1011f,0f,0f,0f,1f],start_interpolation: 0,interpolation_duration: 1}
$data merge entity $(bone_glowing_eye) {transformation: [-0.9442f,0.0184f,0.3289f,-0.6519f,-0.0396f,0.9848f,-0.1689f,4.0469f,-0.3271f,-0.1725f,-0.9291f,3.0809f,0f,0f,0f,1f],start_interpolation: 0,interpolation_duration: 1}
$data merge entity $(bone_head) {transformation: [-0.9442f,0.0184f,0.3289f,-0.4643f,-0.0396f,0.9848f,-0.1689f,3.826f,-0.3271f,-0.1725f,-0.9291f,2.9484f,0f,0f,0f,1f],start_interpolation: 0,interpolation_duration: 1}
$data merge entity $(bone_leftthumb2) {transformation: [-0.0122f,-0.0313f,0.9994f,0.1987f,-0.9549f,0.2968f,-0.0024f,2.5748f,-0.2965f,-0.9544f,-0.0336f,4.8897f,0f,0f,0f,1f],start_interpolation: 0,interpolation_duration: 1}
$data merge entity $(bone_leftthumb) {transformation: [-0.0122f,-0.0313f,0.9994f,0.2765f,-0.9549f,0.2968f,-0.0024f,2.6474f,-0.2965f,-0.9544f,-0.0336f,4.6528f,0f,0f,0f,1f],start_interpolation: 0,interpolation_duration: 1}
$data merge entity $(bone_leftpointerfinger) {transformation: [-0.0122f,-0.0313f,0.9994f,0.3349f,-0.9549f,0.2968f,-0.0024f,2.6543f,-0.2965f,-0.9544f,-0.0336f,4.9968f,0f,0f,0f,1f],start_interpolation: 0,interpolation_duration: 1}
$data merge entity $(bone_leftmidfinger) {transformation: [-0.0122f,-0.0313f,0.9994f,0.4911f,-0.9549f,0.2968f,-0.0024f,2.6539f,-0.2965f,-0.9544f,-0.0336f,4.9916f,0f,0f,0f,1f],start_interpolation: 0,interpolation_duration: 1}
$data merge entity $(bone_leftringfinger) {transformation: [-0.0122f,-0.0313f,0.9994f,0.6473f,-0.9549f,0.2968f,-0.0024f,2.6536f,-0.2965f,-0.9544f,-0.0336f,4.9863f,0f,0f,0f,1f],start_interpolation: 0,interpolation_duration: 1}
$data merge entity $(bone_invisibility) {transformation: [0.0559f,-0.9984f,0.0122f,0.298f,0.2954f,0.0282f,0.9549f,2.5078f,-0.9537f,-0.0498f,0.2965f,4.8379f,0f,0f,0f,1f],start_interpolation: 0,interpolation_duration: 1}
$data merge entity $(bone_swiftness) {transformation: [0.9994f,-0.0313f,0.0122f,0.489f,-0.0024f,0.2968f,0.9549f,2.4174f,-0.0336f,-0.9544f,0.2965f,4.9454f,0f,0f,0f,1f],start_interpolation: 0,interpolation_duration: 1}
$data merge entity $(bone_suspicious_stew) {transformation: [0.394f,-0.919f,0.0122f,0.4868f,0.268f,0.1276f,0.9549f,2.4934f,-0.8792f,-0.3729f,0.2965f,4.8763f,0f,0f,0f,1f],start_interpolation: 0,interpolation_duration: 1}
$data merge entity $(bone_log) {transformation: [-0.0122f,-0.0313f,0.9994f,0.5286f,-0.9549f,0.2968f,-0.0024f,2.4409f,-0.2965f,-0.9544f,-0.0336f,4.7276f,0f,0f,0f,1f],start_interpolation: 0,interpolation_duration: 1}
$data merge entity $(bone_planks) {transformation: [-0.0122f,-0.0313f,0.9994f,0.5275f,-0.9549f,0.2968f,-0.0024f,2.3514f,-0.2965f,-0.9544f,-0.0336f,4.6998f,0f,0f,0f,1f],start_interpolation: 0,interpolation_duration: 1}
$data merge entity $(bone_lefthand1) {transformation: [-0.0122f,-0.0313f,0.9994f,0.4926f,-0.9549f,0.2968f,-0.0024f,2.7539f,-0.2965f,-0.9544f,-0.0336f,4.5642f,0f,0f,0f,1f],start_interpolation: 0,interpolation_duration: 1}
$data merge entity $(bone_leftforearm) {transformation: [-0.9587f,-0.0313f,0.2827f,0.4062f,-0.279f,0.2968f,-0.9133f,2.9594f,-0.0553f,-0.9544f,-0.2933f,3.8942f,0f,0f,0f,1f],start_interpolation: 0,interpolation_duration: 1}
$data merge entity $(bone_leftelbow) {transformation: [-0.9889f,-0.0542f,0.1385f,0.3961f,-0.148f,0.45f,-0.8807f,3.0438f,-0.0146f,-0.8914f,-0.453f,3.7271f,0f,0f,0f,1f],start_interpolation: 0,interpolation_duration: 1}
$data merge entity $(bone_leftarm) {transformation: [-0.9889f,-0.0542f,0.1385f,0.1484f,-0.148f,0.45f,-0.8807f,3.2639f,-0.0146f,-0.8914f,-0.453f,3.2924f,0f,0f,0f,1f],start_interpolation: 0,interpolation_duration: 1}
$data merge entity $(bone_rightthumb2) {transformation: [0.4095f,-0.491f,-0.7689f,-1.0028f,0.0286f,-0.8355f,0.5487f,4.8517f,-0.9119f,-0.2467f,-0.3281f,1.4157f,0f,0f,0f,1f],start_interpolation: 0,interpolation_duration: 1}
$data merge entity $(bone_rightthumb) {transformation: [0.4095f,-0.491f,-0.7689f,-1.1889f,0.0286f,-0.8355f,0.5487f,4.6937f,-0.9119f,-0.2467f,-0.3281f,1.3272f,0f,0f,0f,1f],start_interpolation: 0,interpolation_duration: 1}
$data merge entity $(bone_rightpointerfinger) {transformation: [-0.7124f,-0.6318f,-0.3055f,-1.4531f,0.6533f,-0.756f,0.0402f,4.9173f,-0.2564f,-0.1709f,0.9513f,1.2822f,0f,0f,0f,1f],start_interpolation: 0,interpolation_duration: 1}
$data merge entity $(bone_rightmidfinger) {transformation: [-0.6238f,-0.7194f,-0.3055f,-1.5009f,0.7464f,-0.6643f,0.0402f,4.9236f,-0.2319f,-0.2029f,0.9513f,1.4308f,0f,0f,0f,1f],start_interpolation: 0,interpolation_duration: 1}
$data merge entity $(bone_rightringfinger) {transformation: [-0.6841f,-0.6623f,-0.3055f,-1.5486f,0.6856f,-0.7268f,0.0402f,4.9298f,-0.2487f,-0.1819f,0.9513f,1.5795f,0f,0f,0f,1f],start_interpolation: 0,interpolation_duration: 1}
$data merge entity $(bone_hugeasssword) {transformation: [-3.7345f,-0.5279f,1.0559f,-1.1797f,-0.6155f,3.8601f,-0.2471f,4.8895f,-1.0074f,-0.4015f,-3.7635f,1.519f,0f,0f,0f,1f],start_interpolation: 0,interpolation_duration: 1}
$data merge entity $(bone_ice) {transformation: [-0.8168f,0.4894f,-0.3055f,-1.1746f,-0.5246f,-0.8504f,0.0402f,4.911f,-0.2401f,0.1931f,0.9513f,1.5197f,0f,0f,0f,1f],start_interpolation: 0,interpolation_duration: 1}
$data merge entity $(bone_righthand1) {transformation: [-0.8168f,0.4894f,-0.3055f,-1.266f,-0.5246f,-0.8504f,0.0402f,4.5685f,-0.2401f,0.1931f,0.9513f,1.5377f,0f,0f,0f,1f],start_interpolation: 0,interpolation_duration: 1}
$data merge entity $(bone_rightforearm) {transformation: [0.9078f,0.4007f,0.1238f,-1.043f,0.4184f,-0.8855f,-0.2021f,3.9229f,0.0286f,0.2353f,-0.9715f,1.7165f,0f,0f,0f,1f],start_interpolation: 0,interpolation_duration: 1}
$data merge entity $(bone_rightelbow) {transformation: [0.7472f,0.549f,0.3745f,-0.94f,0.6639f,-0.5924f,-0.4563f,3.8118f,-0.0287f,0.5896f,-0.8072f,1.8271f,0f,0f,0f,1f],start_interpolation: 0,interpolation_duration: 1}
$data merge entity $(bone_rightarm) {transformation: [0.7472f,0.411f,0.5222f,-0.9143f,0.6639f,-0.4278f,-0.6133f,3.4719f,-0.0287f,0.8051f,-0.5925f,2.2544f,0f,0f,0f,1f],start_interpolation: 0,interpolation_duration: 1}
$data merge entity $(bone_chest1) {transformation: [-0.7675f,-0.2194f,0.7324f,-0.2777f,0.1502f,0.9743f,0.4493f,3.2697f,-0.7497f,0.4198f,-0.6598f,2.6426f,0f,0f,0f,1f],start_interpolation: 0,interpolation_duration: 1}
$data merge entity $(bone_chest1lid) {transformation: [-0.7085f,-0.2026f,0.6761f,-0.6457f,0.1386f,0.8993f,0.4147f,2.5401f,-0.692f,0.3875f,-0.6091f,2.3798f,0f,0f,0f,1f],start_interpolation: 0,interpolation_duration: 1}
$data merge entity $(bone_chest2) {transformation: [-0.7085f,-0.2026f,0.6761f,-0.6141f,0.1386f,0.8993f,0.4147f,2.3996f,-0.692f,0.3875f,-0.6091f,2.3193f,0f,0f,0f,1f],start_interpolation: 0,interpolation_duration: 1}
$data merge entity $(bone_chest1lid3) {transformation: [-0.7085f,-0.2026f,0.6761f,-0.1684f,0.1386f,0.8993f,0.4147f,2.7971f,-0.692f,0.3875f,-0.6091f,2.0329f,0f,0f,0f,1f],start_interpolation: 0,interpolation_duration: 1}
$data merge entity $(bone_chest3) {transformation: [-0.7085f,-0.2026f,0.6761f,-0.1367f,0.1386f,0.8993f,0.4147f,2.6566f,-0.692f,0.3875f,-0.6091f,1.9723f,0f,0f,0f,1f],start_interpolation: 0,interpolation_duration: 1}
$data merge entity $(bone_hugeasssword2) {transformation: [-2.6479f,1.5098f,-2.4595f,-1.2065f,-1.6243f,1.9794f,2.9638f,4.5939f,2.3855f,3.0237f,-0.7121f,2.0783f,0f,0f,0f,1f],start_interpolation: 0,interpolation_duration: 1}
$data merge entity $(bone_belt) {transformation: [-0.7085f,-0.2026f,0.6761f,-0.2629f,0.1386f,0.8993f,0.4147f,2.8528f,-0.692f,0.3875f,-0.6091f,2.5901f,0f,0f,0f,1f],start_interpolation: 0,interpolation_duration: 1}
$data merge entity $(bone_torn_part) {transformation: [-0.7085f,-0.3689f,0.6017f,-0.2942f,0.1386f,0.7632f,0.6311f,2.6163f,-0.692f,0.5305f,-0.4896f,2.3964f,0f,0f,0f,1f],start_interpolation: 0,interpolation_duration: 1}
$data merge entity $(bone_lowerbody) {transformation: [-0.7085f,-0.1709f,0.6848f,-0.2379f,0.1386f,0.9177f,0.3724f,2.1024f,-0.692f,0.3587f,-0.6264f,2.3769f,0f,0f,0f,1f],start_interpolation: 0,interpolation_duration: 1}
$data merge entity $(bone_leftfoot) {transformation: [-0.9898f,-0.0371f,0.1372f,0.1242f,-0.0558f,0.9892f,-0.1352f,0.1294f,-0.1308f,-0.1415f,-0.9813f,2.86f,0f,0f,0f,1f],start_interpolation: 0,interpolation_duration: 1}
$data merge entity $(bone_leftlowerleg) {transformation: [-0.9898f,-0.0371f,0.1372f,0.0619f,-0.0558f,0.9892f,-0.1352f,1.2477f,-0.1308f,-0.1415f,-0.9813f,2.8538f,0f,0f,0f,1f],start_interpolation: 0,interpolation_duration: 1}
$data merge entity $(bone_leftleg) {transformation: [-0.9898f,0.0212f,0.1406f,0.0499f,-0.0558f,0.8514f,-0.5215f,2.1642f,-0.1308f,-0.524f,-0.8416f,2.3149f,0f,0f,0f,1f],start_interpolation: 0,interpolation_duration: 1}
$data merge entity $(bone_rightfoot) {transformation: [-0.4402f,-0.1179f,0.8902f,-0.245f,0.4453f,0.8322f,0.3304f,0.3661f,-0.7797f,0.5418f,-0.3138f,0.9711f,0f,0f,0f,1f],start_interpolation: 0,interpolation_duration: 1}
$data merge entity $(bone_rightlowerleg) {transformation: [-0.4402f,-0.1179f,0.8902f,-0.5125f,0.4453f,0.8322f,0.3304f,1.2386f,-0.7797f,0.5418f,-0.3138f,1.6203f,0f,0f,0f,1f],start_interpolation: 0,interpolation_duration: 1}
$data merge entity $(bone_rightleg) {transformation: [-0.4402f,0.0993f,0.8924f,-0.4165f,0.4453f,0.8872f,0.1209f,2.1642f,-0.7797f,0.4506f,-0.4347f,2.1348f,0f,0f,0f,1f],start_interpolation: 0,interpolation_duration: 1}
data modify entity @s data merge value {"cameras":{},"locators":{"lefthand":{"posx":0.5166019109410721,"posy":2.507280516452677,"posz":4.830517189269283,"roty":88.07697105706748,"rotx":-0.13594997637519454},"sword":{"posx":-2.2483526929252844,"posy":5.080090650798021,"posz":5.060412735760134,"roty":15.672286154932038,"rotx":-3.6171805339699588},"righthand":{"posx":-1.2540544295249563,"posy":4.874499175027845,"posz":1.479294180067557,"roty":197.80407324092408,"rotx":2.3065254542148415},"chest":{"posx":-0.7608600583963132,"posy":2.4234437913860796,"posz":2.42913489106972,"roty":47.985051191642356,"rotx":24.501127817512987}}}