# This file was generated by Animated Java via MC-Build. It is not recommended to edit this file directly.
$data merge entity $(bone_nose) {transformation: [-0.9507f,0.0086f,0.31f,-0.0735f,0.1119f,0.9417f,0.3173f,3.9275f,-0.2892f,0.3363f,-0.8962f,3.6351f,0f,0f,0f,1f],start_interpolation: 0,interpolation_duration: 1}
$data merge entity $(bone_glowing_eye) {transformation: [-0.9507f,0.0086f,0.31f,-0.2026f,0.1119f,0.9417f,0.3173f,3.9942f,-0.2892f,0.3363f,-0.8962f,3.653f,0f,0f,0f,1f],start_interpolation: 0,interpolation_duration: 1}
$data merge entity $(bone_head) {transformation: [-0.9507f,0.0086f,0.31f,-0.0165f,0.1119f,0.9417f,0.3173f,3.8706f,-0.2892f,0.3363f,-0.8962f,3.4257f,0f,0f,0f,1f],start_interpolation: 0,interpolation_duration: 1}
$data merge entity $(bone_leftthumb2) {transformation: [-0.4759f,-0.1474f,0.867f,0.9831f,0.192f,0.9447f,0.266f,1.9115f,-0.8583f,0.293f,-0.4213f,2.5054f,0f,0f,0f,1f],start_interpolation: 0,interpolation_duration: 1}
$data merge entity $(bone_leftthumb) {transformation: [-0.4759f,-0.1474f,0.867f,1.0211f,0.192f,0.9447f,0.266f,2.1659f,-0.8583f,0.293f,-0.4213f,2.5412f,0f,0f,0f,1f],start_interpolation: 0,interpolation_duration: 1}
$data merge entity $(bone_leftpointerfinger) {transformation: [-0.4759f,-0.1474f,0.867f,1.1621f,0.192f,0.9447f,0.266f,1.8474f,-0.8583f,0.293f,-0.4213f,2.5192f,0f,0f,0f,1f],start_interpolation: 0,interpolation_duration: 1}
$data merge entity $(bone_leftmidfinger) {transformation: [-0.4759f,-0.1474f,0.867f,1.2976f,0.192f,0.9447f,0.266f,1.889f,-0.8583f,0.293f,-0.4213f,2.4534f,0f,0f,0f,1f],start_interpolation: 0,interpolation_duration: 1}
$data merge entity $(bone_leftringfinger) {transformation: [-0.4759f,-0.1474f,0.867f,1.4331f,0.192f,0.9447f,0.266f,1.9306f,-0.8583f,0.293f,-0.4213f,2.3875f,0f,0f,0f,1f],start_interpolation: 0,interpolation_duration: 1}
$data merge entity $(bone_invisibility) {transformation: [-0.0713f,-0.8766f,0.4759f,1.0297f,0.9643f,-0.1826f,-0.192f,1.9784f,0.2552f,0.4452f,0.8583f,2.4035f,0f,0f,0f,1f],start_interpolation: 0,interpolation_duration: 1}
$data merge entity $(bone_swiftness) {transformation: [0.867f,-0.1474f,0.4759f,1.1874f,0.266f,0.9447f,-0.192f,1.9104f,-0.4213f,0.293f,0.8583f,2.2401f,0f,0f,0f,1f],start_interpolation: 0,interpolation_duration: 1}
$data merge entity $(bone_suspicious_stew) {transformation: [0.2328f,-0.8481f,0.4759f,1.1992f,0.9686f,0.1582f,-0.192f,1.984f,0.0875f,0.5057f,0.8583f,2.3108f,0f,0f,0f,1f],start_interpolation: 0,interpolation_duration: 1}
$data merge entity $(bone_log) {transformation: [-0.4759f,-0.1474f,0.867f,1.1768f,0.192f,0.9447f,0.266f,2.1326f,-0.8583f,0.293f,-0.4213f,2.2472f,0f,0f,0f,1f],start_interpolation: 0,interpolation_duration: 1}
$data merge entity $(bone_planks) {transformation: [-0.4759f,-0.1474f,0.867f,1.1321f,0.192f,0.9447f,0.266f,2.1506f,-0.8583f,0.293f,-0.4213f,2.1667f,0f,0f,0f,1f],start_interpolation: 0,interpolation_duration: 1}
$data merge entity $(bone_lefthand1) {transformation: [-0.4759f,-0.1474f,0.867f,1.2318f,0.192f,0.9447f,0.266f,2.3124f,-0.8583f,0.293f,-0.4213f,2.5482f,0f,0f,0f,1f],start_interpolation: 0,interpolation_duration: 1}
$data merge entity $(bone_leftforearm) {transformation: [-0.9797f,-0.1474f,0.1359f,1.0648f,-0.0987f,0.9447f,0.3128f,2.9656f,-0.1745f,0.293f,-0.94f,2.758f,0f,0f,0f,1f],start_interpolation: 0,interpolation_duration: 1}
$data merge entity $(bone_leftelbow) {transformation: [-0.9848f,-0.1634f,-0.0583f,1.0342f,-0.1643f,0.7702f,0.6163f,3.11f,-0.0558f,0.6165f,-0.7853f,2.8736f,0f,0f,0f,1f],start_interpolation: 0,interpolation_duration: 1}
$data merge entity $(bone_leftarm) {transformation: [-0.9848f,-0.1634f,-0.0583f,0.7388f,-0.1643f,0.7702f,0.6163f,3.4399f,-0.0558f,0.6165f,-0.7853f,3.1942f,0f,0f,0f,1f],start_interpolation: 0,interpolation_duration: 1}
$data merge entity $(bone_rightthumb2) {transformation: [-0.8826f,-0.3927f,-0.2584f,-0.4491f,-0.4077f,0.9131f,0.0049f,1.7829f,0.234f,0.1097f,-0.966f,3.1756f,0f,0f,0f,1f],start_interpolation: 0,interpolation_duration: 1}
$data merge entity $(bone_rightthumb) {transformation: [-0.8826f,-0.3927f,-0.2584f,-0.5675f,-0.4077f,0.9131f,0.0049f,2.0073f,0.234f,0.1097f,-0.966f,3.12f,0f,0f,0f,1f],start_interpolation: 0,interpolation_duration: 1}
$data merge entity $(bone_rightpointerfinger) {transformation: [-0.8826f,-0.3927f,-0.2584f,-0.5472f,-0.4077f,0.9131f,0.0049f,1.6633f,0.234f,0.1097f,-0.966f,3.0643f,0f,0f,0f,1f],start_interpolation: 0,interpolation_duration: 1}
$data merge entity $(bone_rightmidfinger) {transformation: [-0.8826f,-0.3927f,-0.2584f,-0.5876f,-0.4077f,0.9131f,0.0049f,1.6641f,0.234f,0.1097f,-0.966f,2.9133f,0f,0f,0f,1f],start_interpolation: 0,interpolation_duration: 1}
$data merge entity $(bone_rightringfinger) {transformation: [-0.8826f,-0.3927f,-0.2584f,-0.628f,-0.4077f,0.9131f,0.0049f,1.6648f,0.234f,0.1097f,-0.966f,2.7624f,0f,0f,0f,1f],start_interpolation: 0,interpolation_duration: 1}
$data merge entity $(bone_hugeasssword) {transformation: [-2.6429f,2.7596f,0.8604f,-0.4289f,-2.8418f,-2.6938f,-0.089f,1.9578f,0.5291f,-0.6843f,3.82f,2.8886f,0f,0f,0f,1f],start_interpolation: 0,interpolation_duration: 1}
$data merge entity $(bone_ice) {transformation: [-0.8826f,-0.3927f,-0.2584f,-0.409f,-0.4077f,0.9131f,0.0049f,1.9499f,0.234f,0.1097f,-0.966f,2.8832f,0f,0f,0f,1f],start_interpolation: 0,interpolation_duration: 1}
$data merge entity $(bone_righthand1) {transformation: [-0.8826f,-0.3927f,-0.2584f,-0.7359f,-0.4077f,0.9131f,0.0049f,2.0764f,0.234f,0.1097f,-0.966f,2.9389f,0f,0f,0f,1f],start_interpolation: 0,interpolation_duration: 1}
$data merge entity $(bone_rightforearm) {transformation: [-0.5221f,-0.2748f,-0.8074f,-0.8839f,-0.3454f,0.9337f,-0.0945f,2.7559f,0.7798f,0.2296f,-0.5824f,3.0607f,0f,0f,0f,1f],start_interpolation: 0,interpolation_duration: 1}
$data merge entity $(bone_rightelbow) {transformation: [-0.4579f,-0.1868f,-0.8692f,-0.9189f,-0.3205f,0.9466f,-0.0345f,2.9334f,0.8292f,0.2628f,-0.4933f,3.11f,0f,0f,0f,1f],start_interpolation: 0,interpolation_duration: 1}
$data merge entity $(bone_rightarm) {transformation: [-0.4579f,0.0833f,-0.8851f,-0.7495f,-0.3205f,0.9132f,0.2517f,3.4523f,0.8292f,0.3989f,-0.3914f,3.1403f,0f,0f,0f,1f],start_interpolation: 0,interpolation_duration: 1}
$data merge entity $(bone_chest1) {transformation: [-1.0826f,-0.0149f,0.0374f,-0.007f,0.009f,0.8914f,0.6156f,3.3768f,-0.0392f,0.6155f,-0.8906f,2.9854f,0f,0f,0f,1f],start_interpolation: 0,interpolation_duration: 1}
$data merge entity $(bone_chest1lid) {transformation: [-0.9993f,-0.0137f,0.0345f,-0.3523f,0.0083f,0.8228f,0.5683f,2.5949f,-0.0362f,0.5682f,-0.8221f,2.9064f,0f,0f,0f,1f],start_interpolation: 0,interpolation_duration: 1}
$data merge entity $(bone_chest2) {transformation: [-0.9993f,-0.0137f,0.0345f,-0.3501f,0.0083f,0.8228f,0.5683f,2.4664f,-0.0362f,0.5682f,-0.8221f,2.8177f,0f,0f,0f,1f],start_interpolation: 0,interpolation_duration: 1}
$data merge entity $(bone_chest1lid3) {transformation: [-0.9993f,-0.0137f,0.0345f,-0.2677f,0.0083f,0.8228f,0.5683f,2.9585f,-0.0362f,0.5682f,-0.8221f,2.382f,0f,0f,0f,1f],start_interpolation: 0,interpolation_duration: 1}
$data merge entity $(bone_chest3) {transformation: [-0.9993f,-0.0137f,0.0345f,-0.2655f,0.0083f,0.8228f,0.5683f,2.8299f,-0.0362f,0.5682f,-0.8221f,2.2933f,0f,0f,0f,1f],start_interpolation: 0,interpolation_duration: 1}
$data merge entity $(bone_hugeasssword2) {transformation: [-0.1352f,2.8493f,-2.6839f,-1.245f,-2.2258f,2.1532f,2.3979f,4.4923f,3.2199f,1.608f,1.5449f,3.3823f,0f,0f,0f,1f],start_interpolation: 0,interpolation_duration: 1}
$data merge entity $(bone_belt) {transformation: [-0.9993f,-0.0137f,0.0345f,0.026f,0.0083f,0.8228f,0.5683f,2.9744f,-0.0362f,0.5682f,-0.8221f,2.8679f,0f,0f,0f,1f],start_interpolation: 0,interpolation_duration: 1}
$data merge entity $(bone_torn_part) {transformation: [-0.9993f,-0.0222f,0.0298f,-0.0935f,0.0083f,0.6492f,0.7606f,2.7432f,-0.0362f,0.7603f,-0.6485f,2.7044f,0f,0f,0f,1f],start_interpolation: 0,interpolation_duration: 1}
$data merge entity $(bone_lowerbody) {transformation: [-0.9993f,-0.0122f,0.0351f,0.0051f,0.0083f,0.8478f,0.5302f,2.2539f,-0.0362f,0.5301f,-0.8472f,2.5683f,0f,0f,0f,1f],start_interpolation: 0,interpolation_duration: 1}
$data merge entity $(bone_leftfoot) {transformation: [-0.9907f,0.1166f,0.0698f,0.0319f,0.0972f,0.9671f,-0.235f,0.1811f,-0.0949f,-0.2261f,-0.9695f,2.8507f,0f,0f,0f,1f],start_interpolation: 0,interpolation_duration: 1}
$data merge entity $(bone_leftlowerleg) {transformation: [-0.9907f,0.1166f,0.0698f,0.1504f,0.0972f,0.9671f,-0.235f,1.2901f,-0.0949f,-0.2261f,-0.9695f,2.7488f,0f,0f,0f,1f],start_interpolation: 0,interpolation_duration: 1}
$data merge entity $(bone_leftleg) {transformation: [-0.9907f,0.1246f,0.054f,0.2505f,0.0972f,0.9283f,-0.3589f,2.2887f,-0.0949f,-0.3504f,-0.9318f,2.3979f,0f,0f,0f,1f],start_interpolation: 0,interpolation_duration: 1}
$data merge entity $(bone_rightfoot) {transformation: [-0.9752f,0.1247f,0.1831f,-0.5903f,0.2146f,0.7366f,0.6414f,0.6611f,-0.0549f,0.6647f,-0.7451f,1.0468f,0f,0f,0f,1f],start_interpolation: 0,interpolation_duration: 1}
$data merge entity $(bone_rightlowerleg) {transformation: [-0.9752f,0.1247f,0.1831f,-0.4802f,0.2146f,0.7366f,0.6414f,1.3798f,-0.0549f,0.6647f,-0.7451f,1.8987f,0f,0f,0f,1f],start_interpolation: 0,interpolation_duration: 1}
$data merge entity $(bone_rightleg) {transformation: [-0.9545f,0.1946f,0.2259f,-0.2495f,0.2734f,0.8734f,0.403f,2.2887f,-0.1189f,0.4464f,-0.8869f,2.3998f,0f,0f,0f,1f],start_interpolation: 0,interpolation_duration: 1}
data modify entity @s data merge value {"cameras":{},"locators":{"lefthand":{"posx":1.2193507077060755,"posy":2.0366307341672676,"posz":2.311332569312652,"roty":64.08474100273787,"rotx":15.425464619978467},"sword":{"posx":-1.3171346240823896,"posy":2.0067008010425895,"posz":-0.7071106483395124,"roty":167.30671190050592,"rotx":-1.3016152498262548},"righthand":{"posx":-0.4815586153138256,"posy":1.897308386536716,"posz":2.9185138543710107,"roty":345.0234856699604,"rotx":0.28278701933620104},"chest":{"posx":-0.3880190103774177,"posy":2.454960145737447,"posz":2.998262427124289,"roty":2.403517276280013,"rotx":34.63015084778591}}}