# This file was generated by Animated Java via MC-Build. It is not recommended to edit this file directly.
$data merge entity $(bone_nose) {transformation: [-0.9886f,0.0144f,0.1502f,0.0071f,0.036f,0.9892f,0.1418f,4.1152f,-0.1465f,0.1456f,-0.9784f,3.2491f,0f,0f,0f,1f],start_interpolation: 0,interpolation_duration: 1}
$data merge entity $(bone_glowing_eye) {transformation: [-0.9886f,0.0144f,0.1502f,-0.1208f,0.036f,0.9892f,0.1418f,4.1817f,-0.1465f,0.1456f,-0.9784f,3.2748f,0f,0f,0f,1f],start_interpolation: 0,interpolation_duration: 1}
$data merge entity $(bone_head) {transformation: [-0.9886f,0.0144f,0.1502f,0.0334f,0.036f,0.9892f,0.1418f,4.0196f,-0.1465f,0.1456f,-0.9784f,3.0479f,0f,0f,0f,1f],start_interpolation: 0,interpolation_duration: 1}
$data merge entity $(bone_leftthumb2) {transformation: [-0.6561f,-0.1749f,0.7341f,1.0521f,-0.1332f,0.9843f,0.1155f,1.8844f,-0.7428f,-0.022f,-0.6691f,2.7057f,0f,0f,0f,1f],start_interpolation: 0,interpolation_duration: 1}
$data merge entity $(bone_leftthumb) {transformation: [-0.6561f,-0.1749f,0.7341f,1.0719f,-0.1332f,0.9843f,0.1155f,2.1357f,-0.7428f,-0.022f,-0.6691f,2.6431f,0f,0f,0f,1f],start_interpolation: 0,interpolation_duration: 1}
$data merge entity $(bone_leftpointerfinger) {transformation: [-0.6561f,-0.1749f,0.7341f,1.2355f,-0.1332f,0.9843f,0.1155f,1.8327f,-0.7428f,-0.022f,-0.6691f,2.7002f,0f,0f,0f,1f],start_interpolation: 0,interpolation_duration: 1}
$data merge entity $(bone_leftmidfinger) {transformation: [-0.6561f,-0.1749f,0.7341f,1.3502f,-0.1332f,0.9843f,0.1155f,1.8508f,-0.7428f,-0.022f,-0.6691f,2.5956f,0f,0f,0f,1f],start_interpolation: 0,interpolation_duration: 1}
$data merge entity $(bone_leftringfinger) {transformation: [-0.6561f,-0.1749f,0.7341f,1.4649f,-0.1332f,0.9843f,0.1155f,1.8688f,-0.7428f,-0.022f,-0.6691f,2.4911f,0f,0f,0f,1f],start_interpolation: 0,interpolation_duration: 1}
$data merge entity $(bone_invisibility) {transformation: [-0.1103f,-0.7466f,0.6561f,1.0704f,0.9907f,-0.0293f,0.1332f,1.9118f,-0.0802f,0.6647f,0.7428f,2.5794f,0f,0f,0f,1f],start_interpolation: 0,interpolation_duration: 1}
$data merge entity $(bone_swiftness) {transformation: [0.7341f,-0.1749f,0.6561f,1.1975f,0.1155f,0.9843f,0.1332f,1.7932f,-0.6691f,-0.022f,0.7428f,2.4183f,0f,0f,0f,1f],start_interpolation: 0,interpolation_duration: 1}
$data merge entity $(bone_suspicious_stew) {transformation: [0.1517f,-0.7393f,0.6561f,1.2162f,0.9409f,0.3113f,0.1332f,1.8873f,-0.3027f,0.5971f,0.7428f,2.455f,0f,0f,0f,1f],start_interpolation: 0,interpolation_duration: 1}
$data merge entity $(bone_log) {transformation: [-0.6561f,-0.1749f,0.7341f,1.1672f,-0.1332f,0.9843f,0.1155f,2.0033f,-0.7428f,-0.022f,-0.6691f,2.3512f,0f,0f,0f,1f],start_interpolation: 0,interpolation_duration: 1}
$data merge entity $(bone_planks) {transformation: [-0.6561f,-0.1749f,0.7341f,1.1057f,-0.1332f,0.9843f,0.1155f,1.9908f,-0.7428f,-0.022f,-0.6691f,2.2816f,0f,0f,0f,1f],start_interpolation: 0,interpolation_duration: 1}
$data merge entity $(bone_lefthand1) {transformation: [-0.6561f,-0.1749f,0.7341f,1.2646f,-0.1332f,0.9843f,0.1155f,2.279f,-0.7428f,-0.022f,-0.6691f,2.5524f,0f,0f,0f,1f],start_interpolation: 0,interpolation_duration: 1}
$data merge entity $(bone_leftforearm) {transformation: [-0.9843f,-0.1749f,0.0228f,1.0797f,-0.1754f,0.9843f,-0.0183f,2.9605f,-0.0193f,-0.022f,-0.9996f,2.5513f,0f,0f,0f,1f],start_interpolation: 0,interpolation_duration: 1}
$data merge entity $(bone_leftelbow) {transformation: [-0.9752f,-0.1505f,-0.1624f,1.0515f,-0.1898f,0.946f,0.263f,3.1378f,0.1141f,0.2873f,-0.951f,2.6052f,0f,0f,0f,1f],start_interpolation: 0,interpolation_duration: 1}
$data merge entity $(bone_leftarm) {transformation: [-0.9752f,-0.1505f,-0.1624f,0.768f,-0.1898f,0.946f,0.263f,3.5611f,0.1141f,0.2873f,-0.951f,2.8035f,0f,0f,0f,1f],start_interpolation: 0,interpolation_duration: 1}
$data merge entity $(bone_rightthumb2) {transformation: [-0.8844f,-0.4388f,-0.1592f,-0.4933f,-0.3919f,0.8832f,-0.2576f,1.9534f,0.2536f,-0.1654f,-0.9531f,3.4049f,0f,0f,0f,1f],start_interpolation: 0,interpolation_duration: 1}
$data merge entity $(bone_rightthumb) {transformation: [-0.8844f,-0.4388f,-0.1592f,-0.6145f,-0.3919f,0.8832f,-0.2576f,2.148f,0.2536f,-0.1654f,-0.9531f,3.2829f,0f,0f,0f,1f],start_interpolation: 0,interpolation_duration: 1}
$data merge entity $(bone_rightpointerfinger) {transformation: [-0.8844f,-0.4388f,-0.1592f,-0.5748f,-0.3919f,0.8832f,-0.2576f,1.8033f,0.2536f,-0.1654f,-0.9531f,3.3203f,0f,0f,0f,1f],start_interpolation: 0,interpolation_duration: 1}
$data merge entity $(bone_rightmidfinger) {transformation: [-0.8844f,-0.4388f,-0.1592f,-0.5996f,-0.3919f,0.8832f,-0.2576f,1.7631f,0.2536f,-0.1654f,-0.9531f,3.1713f,0f,0f,0f,1f],start_interpolation: 0,interpolation_duration: 1}
$data merge entity $(bone_rightringfinger) {transformation: [-0.8844f,-0.4388f,-0.1592f,-0.6245f,-0.3919f,0.8832f,-0.2576f,1.7228f,0.2536f,-0.1654f,-0.9531f,3.0224f,0f,0f,0f,1f],start_interpolation: 0,interpolation_duration: 1}
$data merge entity $(bone_hugeasssword) {transformation: [-2.5645f,2.9225f,0.4719f,-0.4514f,-2.7811f,-2.5924f,0.9408f,2.0506f,1.0144f,0.281f,3.7726f,3.0853f,0f,0f,0f,1f],start_interpolation: 0,interpolation_duration: 1}
$data merge entity $(bone_ice) {transformation: [-0.8844f,-0.4388f,-0.1592f,-0.4307f,-0.3919f,0.8832f,-0.2576f,2.0429f,0.2536f,-0.1654f,-0.9531f,3.0839f,0f,0f,0f,1f],start_interpolation: 0,interpolation_duration: 1}
$data merge entity $(bone_righthand1) {transformation: [-0.8844f,-0.4388f,-0.1592f,-0.7665f,-0.3919f,0.8832f,-0.2576f,2.1577f,0.2536f,-0.1654f,-0.9531f,3.0762f,0f,0f,0f,1f],start_interpolation: 0,interpolation_duration: 1}
$data merge entity $(bone_rightforearm) {transformation: [-0.5639f,-0.2255f,-0.7944f,-0.8774f,-0.1286f,0.9742f,-0.1853f,2.8536f,0.8157f,-0.0023f,-0.5784f,3.0326f,0f,0f,0f,1f],start_interpolation: 0,interpolation_duration: 1}
$data merge entity $(bone_rightelbow) {transformation: [-0.5139f,-0.1511f,-0.8444f,-0.9057f,-0.0962f,0.9883f,-0.1183f,3.0389f,0.8524f,0.0204f,-0.5225f,3.0364f,0f,0f,0f,1f],start_interpolation: 0,interpolation_duration: 1}
$data merge entity $(bone_rightarm) {transformation: [-0.5139f,0.1098f,-0.8508f,-0.7118f,-0.0962f,0.9781f,0.1843f,3.5433f,0.8524f,0.1766f,-0.4921f,2.9536f,0f,0f,0f,1f],start_interpolation: 0,interpolation_duration: 1}
$data merge entity $(bone_chest1) {transformation: [-1.0777f,0.0311f,-0.1056f,0.0043f,-0.013f,0.996f,0.4259f,3.448f,0.1093f,0.425f,-0.9905f,2.7159f,0f,0f,0f,1f],start_interpolation: 0,interpolation_duration: 1}
$data merge entity $(bone_chest1lid) {transformation: [-0.9948f,0.0287f,-0.0975f,-0.3169f,-0.012f,0.9194f,0.3931f,2.6617f,0.1009f,0.3923f,-0.9143f,2.84f,0f,0f,0f,1f],start_interpolation: 0,interpolation_duration: 1}
$data merge entity $(bone_chest2) {transformation: [-0.9948f,0.0287f,-0.0975f,-0.3214f,-0.012f,0.9194f,0.3931f,2.518f,0.1009f,0.3923f,-0.9143f,2.7787f,0f,0f,0f,1f],start_interpolation: 0,interpolation_duration: 1}
$data merge entity $(bone_chest1lid3) {transformation: [-0.9948f,0.0287f,-0.0975f,-0.3172f,-0.012f,0.9194f,0.3931f,2.9143f,0.1009f,0.3923f,-0.9143f,2.248f,0f,0f,0f,1f],start_interpolation: 0,interpolation_duration: 1}
$data merge entity $(bone_chest3) {transformation: [-0.9948f,0.0287f,-0.0975f,-0.3217f,-0.012f,0.9194f,0.3931f,2.7706f,0.1009f,0.3923f,-0.9143f,2.1867f,0f,0f,0f,1f],start_interpolation: 0,interpolation_duration: 1}
$data merge entity $(bone_hugeasssword2) {transformation: [0.3818f,2.9488f,-2.5494f,-1.2139f,-1.5398f,2.4673f,2.6233f,4.6042f,3.581f,0.7465f,1.3998f,3.0532f,0f,0f,0f,1f],start_interpolation: 0,interpolation_duration: 1}
$data merge entity $(bone_belt) {transformation: [-0.9948f,0.0287f,-0.0975f,0.0374f,-0.012f,0.9194f,0.3931f,3.0307f,0.1009f,0.3923f,-0.9143f,2.6761f,0f,0f,0f,1f],start_interpolation: 0,interpolation_duration: 1}
$data merge entity $(bone_torn_part) {transformation: [-0.9948f,0.0529f,-0.0868f,-0.0934f,-0.012f,0.787f,0.6168f,2.77f,0.1009f,0.6147f,-0.7823f,2.5791f,0f,0f,0f,1f],start_interpolation: 0,interpolation_duration: 1}
$data merge entity $(bone_lowerbody) {transformation: [-0.9948f,0.0244f,-0.0987f,0.0058f,-0.012f,0.9361f,0.3516f,2.2647f,0.1009f,0.351f,-0.9309f,2.5287f,0f,0f,0f,1f],start_interpolation: 0,interpolation_duration: 1}
$data merge entity $(bone_leftfoot) {transformation: [-0.9913f,0.1137f,0.0669f,0.0377f,0.0929f,0.9618f,-0.2575f,0.1954f,-0.0936f,-0.249f,-0.964f,2.8588f,0f,0f,0f,1f],start_interpolation: 0,interpolation_duration: 1}
$data merge entity $(bone_leftlowerleg) {transformation: [-0.9913f,0.1137f,0.0669f,0.1536f,0.0929f,0.9618f,-0.2575f,1.302f,-0.0936f,-0.249f,-0.964f,2.7306f,0f,0f,0f,1f],start_interpolation: 0,interpolation_duration: 1}
$data merge entity $(bone_leftleg) {transformation: [-0.9913f,0.1214f,0.0515f,0.2503f,0.0929f,0.92f,-0.3808f,2.2922f,-0.0936f,-0.3727f,-0.9232f,2.3557f,0f,0f,0f,1f],start_interpolation: 0,interpolation_duration: 1}
$data merge entity $(bone_rightfoot) {transformation: [-0.9808f,0.0941f,0.1709f,-0.5203f,0.1798f,0.7762f,0.6043f,0.5911f,-0.0758f,0.6234f,-0.7782f,1.0767f,0f,0f,0f,1f],start_interpolation: 0,interpolation_duration: 1}
$data merge entity $(bone_rightlowerleg) {transformation: [-0.9808f,0.0941f,0.1709f,-0.4421f,0.1798f,0.7762f,0.6043f,1.3593f,-0.0758f,0.6234f,-0.7782f,1.8879f,0f,0f,0f,1f],start_interpolation: 0,interpolation_duration: 1}
$data merge entity $(bone_rightleg) {transformation: [-0.9617f,0.1583f,0.2238f,-0.2497f,0.2357f,0.8943f,0.3803f,2.2922f,-0.1399f,0.4185f,-0.8974f,2.3603f,0f,0f,0f,1f],start_interpolation: 0,interpolation_duration: 1}
data modify entity @s data merge value {"cameras":{},"locators":{"lefthand":{"posx":1.2309485259583548,"posy":1.9370509095404838,"posz":2.4330506007826367,"roty":47.65076337561965,"rotx":6.6328199330229785},"sword":{"posx":-0.9719879921970669,"posy":1.126234497116192,"posz":-0.46364169418737156,"roty":172.87044925777437,"rotx":13.899332519489313},"righthand":{"posx":-0.5042583294178908,"posy":1.9963863421269017,"posz":3.1251424635207634,"roty":350.5164324165421,"rotx":-14.925051938605899},"chest":{"posx":-0.3345454426550954,"posy":2.542425287798417,"posz":2.961535197008179,"roty":353.9137013052965,"rotx":23.1499963581131}}}