# This file was generated by Animated Java via MC-Build. It is not recommended to edit this file directly.
$data merge entity $(nose) {transformation: [-0.9997f,-0.0205f,-0.0155f,0.0048f,-0.02f,0.9991f,-0.0374f,4.2161f,0.0162f,-0.037f,-0.9992f,2.8607f,0f,0f,0f,1f],start_interpolation: 0,interpolation_duration: 1}
$data merge entity $(glowing_eye) {transformation: [-0.9997f,-0.0205f,-0.0155f,-0.121f,-0.02f,0.9991f,-0.0374f,4.2826f,0.0162f,-0.037f,-0.9992f,2.8951f,0f,0f,0f,1f],start_interpolation: 0,interpolation_duration: 1}
$data merge entity $(head) {transformation: [-0.9997f,-0.0205f,-0.0155f,0.0044f,-0.02f,0.9991f,-0.0374f,4.0858f,0.0162f,-0.037f,-0.9992f,2.6782f,0f,0f,0f,1f],start_interpolation: 0,interpolation_duration: 1}
$data merge entity $(leftthumb2) {transformation: [-0.7633f,-0.2813f,0.5815f,1.2108f,-0.4338f,0.8902f,-0.1388f,2.0635f,-0.4787f,-0.3582f,-0.8016f,2.984f,0f,0f,0f,1f],start_interpolation: 0,interpolation_duration: 1}
$data merge entity $(leftthumb) {transformation: [-0.7633f,-0.2813f,0.5815f,1.1915f,-0.4338f,0.8902f,-0.1388f,2.27f,-0.4787f,-0.3582f,-0.8016f,2.8276f,0f,0f,0f,1f],start_interpolation: 0,interpolation_duration: 1}
$data merge entity $(leftpointerfinger) {transformation: [-0.7633f,-0.2813f,0.5815f,1.3945f,-0.4338f,0.8902f,-0.1388f,2.0188f,-0.4787f,-0.3582f,-0.8016f,2.96f,0f,0f,0f,1f],start_interpolation: 0,interpolation_duration: 1}
$data merge entity $(leftmidfinger) {transformation: [-0.7633f,-0.2813f,0.5815f,1.4854f,-0.4338f,0.8902f,-0.1388f,1.9972f,-0.4787f,-0.3582f,-0.8016f,2.8347f,0f,0f,0f,1f],start_interpolation: 0,interpolation_duration: 1}
$data merge entity $(leftringfinger) {transformation: [-0.7633f,-0.2813f,0.5815f,1.5763f,-0.4338f,0.8902f,-0.1388f,1.9755f,-0.4787f,-0.3582f,-0.8016f,2.7095f,0f,0f,0f,1f],start_interpolation: 0,interpolation_duration: 1}
$data merge entity $(invisibility) {transformation: [-0.2296f,-0.6038f,0.7633f,1.2025f,0.8747f,0.2158f,0.4338f,2.0392f,-0.4267f,0.7673f,0.4787f,2.8561f,0f,0f,0f,1f],start_interpolation: 0,interpolation_duration: 1}
$data merge entity $(swiftness) {transformation: [0.5815f,-0.2813f,0.7633f,1.3098f,-0.1388f,0.8902f,0.4338f,1.87f,-0.8016f,-0.3582f,0.4787f,2.7294f,0f,0f,0f,1f],start_interpolation: 0,interpolation_duration: 1}
$data merge entity $(suspicious_stew) {transformation: [-0.0092f,-0.6459f,0.7633f,1.3247f,0.7482f,0.502f,0.4338f,1.9714f,-0.6634f,0.5751f,0.4787f,2.7226f,0f,0f,0f,1f],start_interpolation: 0,interpolation_duration: 1}
$data merge entity $(log) {transformation: [-0.7633f,-0.2813f,0.5815f,1.2452f,-0.4338f,0.8902f,-0.1388f,2.0355f,-0.4787f,-0.3582f,-0.8016f,2.5954f,0f,0f,0f,1f],start_interpolation: 0,interpolation_duration: 1}
$data merge entity $(planks) {transformation: [-0.7633f,-0.2813f,0.5815f,1.1737f,-0.4338f,0.8902f,-0.1388f,1.9949f,-0.4787f,-0.3582f,-0.8016f,2.5505f,0f,0f,0f,1f],start_interpolation: 0,interpolation_duration: 1}
$data merge entity $(lefthand1) {transformation: [-0.7633f,-0.2813f,0.5815f,1.3475f,-0.4338f,0.8902f,-0.1388f,2.3709f,-0.4787f,-0.3582f,-0.8016f,2.6505f,0f,0f,0f,1f],start_interpolation: 0,interpolation_duration: 1}
$data merge entity $(leftforearm) {transformation: [-0.9587f,-0.2813f,-0.0425f,1.0905f,-0.2442f,0.8902f,-0.3845f,2.9876f,0.146f,-0.3582f,-0.9221f,2.4222f,0f,0f,0f,1f],start_interpolation: 0,interpolation_duration: 1}
$data merge entity $(leftelbow) {transformation: [-0.9416f,-0.2398f,-0.2364f,1.0455f,-0.2003f,0.9632f,-0.1789f,3.1682f,0.2706f,-0.1211f,-0.955f,2.3994f,0f,0f,0f,1f],start_interpolation: 0,interpolation_duration: 1}
$data merge entity $(leftarm) {transformation: [-0.9416f,-0.2398f,-0.2364f,0.727f,-0.2003f,0.9632f,-0.1789f,3.6116f,0.2706f,-0.1211f,-0.955f,2.4279f,0f,0f,0f,1f],start_interpolation: 0,interpolation_duration: 1}
$data merge entity $(rightthumb2) {transformation: [-0.8839f,-0.4618f,-0.0733f,-0.5461f,-0.3777f,0.7976f,-0.4703f,2.1288f,0.2757f,-0.388f,-0.8794f,3.5253f,0f,0f,0f,1f],start_interpolation: 0,interpolation_duration: 1}
$data merge entity $(rightthumb) {transformation: [-0.8839f,-0.4618f,-0.0733f,-0.6657f,-0.3777f,0.7976f,-0.4703f,2.2842f,0.2757f,-0.388f,-0.8794f,3.355f,0f,0f,0f,1f],start_interpolation: 0,interpolation_duration: 1}
$data merge entity $(rightpointerfinger) {transformation: [-0.8839f,-0.4618f,-0.0733f,-0.6142f,-0.3777f,0.7976f,-0.4703f,1.9591f,0.2757f,-0.388f,-0.8794f,3.4712f,0f,0f,0f,1f],start_interpolation: 0,interpolation_duration: 1}
$data merge entity $(rightmidfinger) {transformation: [-0.8839f,-0.4618f,-0.0733f,-0.6257f,-0.3777f,0.7976f,-0.4703f,1.8856f,0.2757f,-0.388f,-0.8794f,3.3338f,0f,0f,0f,1f],start_interpolation: 0,interpolation_duration: 1}
$data merge entity $(rightringfinger) {transformation: [-0.8839f,-0.4618f,-0.0733f,-0.6372f,-0.3777f,0.7976f,-0.4703f,1.8121f,0.2757f,-0.388f,-0.8794f,3.1964f,0f,0f,0f,1f],start_interpolation: 0,interpolation_duration: 1}
$data merge entity $(hugeasssword) {transformation: [-2.5149f,2.9995f,0.1358f,-0.4836f,-2.6351f,-2.2897f,1.7758f,2.1553f,1.4394f,1.0489f,3.4883f,3.1955f,0f,0f,0f,1f],start_interpolation: 0,interpolation_duration: 1}
$data merge entity $(whey) {transformation: [0f,0f,0f,-0.278f,0f,0f,0f,2.2116f,0f,0f,0f,3.3082f,0f,0f,0f,1f],start_interpolation: 0,interpolation_duration: 1}
$data merge entity $(ice) {transformation: [-0.8839f,-0.4618f,-0.0733f,-0.4625f,-0.3777f,0.7976f,-0.4703f,2.1487f,0.2757f,-0.388f,-0.8794f,3.1973f,0f,0f,0f,1f],start_interpolation: 0,interpolation_duration: 1}
$data merge entity $(righthand1) {transformation: [-0.8839f,-0.4618f,-0.0733f,-0.8013f,-0.3777f,0.7976f,-0.4703f,2.239f,0.2757f,-0.388f,-0.8794f,3.1417f,0f,0f,0f,1f],start_interpolation: 0,interpolation_duration: 1}
$data merge entity $(rightforearm) {transformation: [-0.6392f,-0.206f,-0.741f,-0.8946f,0.0282f,0.9565f,-0.2903f,2.9144f,0.7686f,-0.2064f,-0.6056f,2.958f,0f,0f,0f,1f],start_interpolation: 0,interpolation_duration: 1}
$data merge entity $(rightelbow) {transformation: [-0.6056f,-0.151f,-0.7814f,-0.9229f,0.0596f,0.9705f,-0.2337f,3.0963f,0.7936f,-0.1881f,-0.5787f,2.9227f,0f,0f,0f,1f],start_interpolation: 0,interpolation_duration: 1}
$data merge entity $(rightarm) {transformation: [-0.6056f,0.091f,-0.7906f,-0.7203f,0.0596f,0.9958f,0.0689f,3.579f,0.7936f,-0.0054f,-0.6085f,2.7655f,0f,0f,0f,1f],start_interpolation: 0,interpolation_duration: 1}
$data merge entity $(chest1) {transformation: [-1.0548f,0.0307f,-0.2452f,-0.0349f,-0.0237f,1.0574f,0.2342f,3.4625f,0.246f,0.2334f,-1.0289f,2.4597f,0f,0f,0f,1f],start_interpolation: 0,interpolation_duration: 1}
$data merge entity $(chest1lid) {transformation: [-0.9736f,0.0283f,-0.2264f,-0.2981f,-0.0219f,0.9761f,0.2162f,2.7032f,0.2271f,0.2155f,-0.9497f,2.7616f,0f,0f,0f,1f],start_interpolation: 0,interpolation_duration: 1}
$data merge entity $(chest2) {transformation: [-0.9736f,0.0283f,-0.2264f,-0.3025f,-0.0219f,0.9761f,0.2162f,2.5507f,0.2271f,0.2155f,-0.9497f,2.7279f,0f,0f,0f,1f],start_interpolation: 0,interpolation_duration: 1}
$data merge entity $(chest1lid3) {transformation: [-0.9736f,0.0283f,-0.2264f,-0.3822f,-0.0219f,0.9761f,0.2162f,2.8431f,0.2271f,0.2155f,-0.9497f,2.139f,0f,0f,0f,1f],start_interpolation: 0,interpolation_duration: 1}
$data merge entity $(chest3) {transformation: [-0.9736f,0.0283f,-0.2264f,-0.3867f,-0.0219f,0.9761f,0.2162f,2.6906f,0.2271f,0.2155f,-0.9497f,2.1053f,0f,0f,0f,1f],start_interpolation: 0,interpolation_duration: 1}
$data merge entity $(hugeasssword2) {transformation: [0.8866f,2.8864f,-2.4946f,-1.2616f,-0.8469f,2.646f,2.7607f,4.6253f,3.7198f,-0.0855f,1.2231f,2.7378f,0f,0f,0f,1f],start_interpolation: 0,interpolation_duration: 1}
$data merge entity $(belt) {transformation: [-0.9736f,0.0283f,-0.2264f,0.0146f,-0.0219f,0.9761f,0.2162f,3.046f,0.2271f,0.2155f,-0.9497f,2.4909f,0f,0f,0f,1f],start_interpolation: 0,interpolation_duration: 1}
$data merge entity $(torn_part) {transformation: [-0.9736f,0.0859f,-0.2113f,-0.1133f,-0.0219f,0.8869f,0.4615f,2.7683f,0.2271f,0.4539f,-0.8616f,2.4591f,0f,0f,0f,1f],start_interpolation: 0,interpolation_duration: 1}
$data merge entity $(lowerbody) {transformation: [-0.9736f,0.0184f,-0.2274f,0.0047f,-0.0219f,0.9846f,0.1734f,2.2653f,0.2271f,0.1738f,-0.9582f,2.4868f,0f,0f,0f,1f],start_interpolation: 0,interpolation_duration: 1}
$data merge entity $(leftfoot) {transformation: [-0.9899f,0.1219f,0.0722f,0.0216f,0.0949f,0.949f,-0.3006f,0.2026f,-0.1051f,-0.2908f,-0.951f,2.876f,0f,0f,0f,1f],start_interpolation: 0,interpolation_duration: 1}
$data merge entity $(leftlowerleg) {transformation: [-0.9899f,0.1219f,0.0722f,0.1457f,0.0949f,0.949f,-0.3006f,1.3016f,-0.1051f,-0.2908f,-0.951f,2.6996f,0f,0f,0f,1f],start_interpolation: 0,interpolation_duration: 1}
$data merge entity $(leftleg) {transformation: [-0.9899f,0.1284f,0.0599f,0.2496f,0.0949f,0.9149f,-0.3925f,2.2869f,-0.1051f,-0.3828f,-0.9178f,2.3134f,0f,0f,0f,1f],start_interpolation: 0,interpolation_duration: 1}
$data merge entity $(rightfoot) {transformation: [-0.988f,0.0262f,0.1522f,-0.3704f,0.106f,0.832f,0.5446f,0.4757f,-0.1124f,0.5542f,-0.8248f,1.1594f,0f,0f,0f,1f],start_interpolation: 0,interpolation_duration: 1}
$data merge entity $(rightlowerleg) {transformation: [-0.988f,0.0262f,0.1522f,-0.3648f,0.106f,0.832f,0.5446f,1.315f,-0.1124f,0.5542f,-0.8248f,1.9009f,0f,0f,0f,1f],start_interpolation: 0,interpolation_duration: 1}
$data merge entity $(rightleg) {transformation: [-0.9708f,0.0846f,0.2243f,-0.2503f,0.159f,0.9276f,0.338f,2.2869f,-0.1795f,0.3638f,-0.914f,2.3169f,0f,0f,0f,1f],start_interpolation: 0,interpolation_duration: 1}
data modify entity @s data merge value {"cameras":{},"locators":{"soup":{"px":1.1898099299507312,"py":2.0441715248936294,"pz":2.806469328197342,"ry":122.09041416262588,"rx":25.71205730604552},"lefthand":{"px":1.329671370251754,"py":2.00883901483181,"pz":2.6807404183639285,"ry":35.959750497932305,"rx":-7.977499123222345},"sword":{"px":-0.6860599280112343,"py":0.44203663367023593,"pz":-0.08227602919267518,"ry":177.7706469944122,"rx":26.96164458101038},"righthand":{"px":-0.5370502457887647,"py":2.108220109417629,"pz":3.2429210689033545,"ry":355.2356496875452,"rx":-28.054871176940654},"chest":{"px":-0.2949119930571729,"py":2.607773994902036,"pz":2.903615807787947,"ry":346.5944823824473,"rx":12.487268778612899}}}