# This file was generated by Animated Java via MC-Build. It is not recommended to edit this file directly.
$data merge entity $(bone_nose) {transformation: [-0.9961f,0.0001f,-0.0878f,0.0408f,-0.0124f,0.9898f,0.142f,3.7852f,0.0869f,0.1425f,-0.986f,2.7486f,0f,0f,0f,1f],start_interpolation: 0,interpolation_duration: 1}
$data merge entity $(bone_glowing_eye) {transformation: [-0.9961f,0.0001f,-0.0878f,-0.0806f,-0.0124f,0.9898f,0.142f,3.8457f,0.0869f,0.1425f,-0.986f,2.8035f,0f,0f,0f,1f],start_interpolation: 0,interpolation_duration: 1}
$data merge entity $(bone_head) {transformation: [-0.9961f,0.0001f,-0.0878f,0.0244f,-0.0124f,0.9898f,0.142f,3.6896f,0.0869f,0.1425f,-0.986f,2.5464f,0f,0f,0f,1f],start_interpolation: 0,interpolation_duration: 1}
$data merge entity $(bone_leftthumb2) {transformation: [-0.9412f,-0.1754f,0.2889f,1.175f,-0.2784f,0.887f,-0.3684f,1.7527f,-0.1916f,-0.4271f,-0.8836f,3.0105f,0f,0f,0f,1f],start_interpolation: 0,interpolation_duration: 1}
$data merge entity $(bone_leftthumb) {transformation: [-0.9412f,-0.1754f,0.2889f,1.1566f,-0.2784f,0.887f,-0.3684f,1.9388f,-0.1916f,-0.4271f,-0.8836f,2.8302f,0f,0f,0f,1f],start_interpolation: 0,interpolation_duration: 1}
$data merge entity $(bone_leftpointerfinger) {transformation: [-0.9412f,-0.1754f,0.2889f,1.3307f,-0.2784f,0.887f,-0.3684f,1.6609f,-0.1916f,-0.4271f,-0.8836f,2.9499f,0f,0f,0f,1f],start_interpolation: 0,interpolation_duration: 1}
$data merge entity $(bone_leftmidfinger) {transformation: [-0.9412f,-0.1754f,0.2889f,1.3758f,-0.2784f,0.887f,-0.3684f,1.6033f,-0.1916f,-0.4271f,-0.8836f,2.8118f,0f,0f,0f,1f],start_interpolation: 0,interpolation_duration: 1}
$data merge entity $(bone_leftringfinger) {transformation: [-0.9412f,-0.1754f,0.2889f,1.4209f,-0.2784f,0.887f,-0.3684f,1.5458f,-0.1916f,-0.4271f,-0.8836f,2.6738f,0f,0f,0f,1f],start_interpolation: 0,interpolation_duration: 1}
$data merge entity $(bone_invisibility) {transformation: [-0.1496f,-0.3031f,0.9412f,1.126f,0.8515f,0.4443f,0.2784f,1.7172f,-0.5025f,0.8431f,0.1916f,2.8949f,0f,0f,0f,1f],start_interpolation: 0,interpolation_duration: 1}
$data merge entity $(bone_swiftness) {transformation: [0.2889f,-0.1754f,0.9412f,1.1549f,-0.3684f,0.887f,0.2784f,1.5135f,-0.8836f,-0.4271f,0.1916f,2.7771f,0f,0f,0f,1f],start_interpolation: 0,interpolation_duration: 1}
$data merge entity $(bone_suspicious_stew) {transformation: [-0.0369f,-0.336f,0.9412f,1.1884f,0.6482f,0.7087f,0.2784f,1.6066f,-0.7606f,0.6203f,0.1916f,2.7492f,0f,0f,0f,1f],start_interpolation: 0,interpolation_duration: 1}
$data merge entity $(bone_log) {transformation: [-0.9412f,-0.1754f,0.2889f,1.0918f,-0.2784f,0.887f,-0.3684f,1.6741f,-0.1916f,-0.4271f,-0.8836f,2.6364f,0f,0f,0f,1f],start_interpolation: 0,interpolation_duration: 1}
$data merge entity $(bone_planks) {transformation: [-0.9412f,-0.1754f,0.2889f,1.0035f,-0.2784f,0.887f,-0.3684f,1.648f,-0.1916f,-0.4271f,-0.8836f,2.6185f,0f,0f,0f,1f],start_interpolation: 0,interpolation_duration: 1}
$data merge entity $(bone_lefthand1) {transformation: [-0.9412f,-0.1754f,0.2889f,1.2742f,-0.2784f,0.887f,-0.3684f,1.9769f,-0.1916f,-0.4271f,-0.8836f,2.6052f,0f,0f,0f,1f],start_interpolation: 0,interpolation_duration: 1}
$data merge entity $(bone_leftforearm) {transformation: [-0.9801f,-0.1754f,0.0927f,1.0881f,-0.1982f,0.887f,-0.4171f,2.5947f,-0.0091f,-0.4271f,-0.9041f,2.3184f,0f,0f,0f,1f],start_interpolation: 0,interpolation_duration: 1}
$data merge entity $(bone_leftelbow) {transformation: [-0.9801f,-0.1724f,-0.0985f,1.0558f,-0.1575f,0.9771f,-0.143f,2.7779f,0.1209f,-0.1246f,-0.9848f,2.295f,0f,0f,0f,1f],start_interpolation: 0,interpolation_duration: 1}
$data merge entity $(bone_leftarm) {transformation: [-0.9801f,-0.1724f,-0.0985f,0.7583f,-0.1575f,0.9771f,-0.143f,3.2365f,0.1209f,-0.1246f,-0.9848f,2.2899f,0f,0f,0f,1f],start_interpolation: 0,interpolation_duration: 1}
$data merge entity $(bone_rightthumb2) {transformation: [-0.898f,-0.0882f,0.4311f,-1.036f,-0.1671f,0.9747f,-0.1485f,1.596f,-0.4071f,-0.2054f,-0.89f,2.4871f,0f,0f,0f,1f],start_interpolation: 0,interpolation_duration: 1}
$data merge entity $(bone_rightthumb) {transformation: [-0.898f,-0.0882f,0.4311f,-1.0208f,-0.1671f,0.9747f,-0.1485f,1.8224f,-0.4071f,-0.2054f,-0.89f,2.3606f,0f,0f,0f,1f],start_interpolation: 0,interpolation_duration: 1}
$data merge entity $(bone_rightpointerfinger) {transformation: [-0.898f,-0.0882f,0.4311f,-1.0698f,-0.1671f,0.9747f,-0.1485f,1.4773f,-0.4071f,-0.2054f,-0.89f,2.3418f,0f,0f,0f,1f],start_interpolation: 0,interpolation_duration: 1}
$data merge entity $(bone_rightmidfinger) {transformation: [-0.898f,-0.0882f,0.4311f,-1.0025f,-0.1671f,0.9747f,-0.1485f,1.4541f,-0.4071f,-0.2054f,-0.89f,2.2027f,0f,0f,0f,1f],start_interpolation: 0,interpolation_duration: 1}
$data merge entity $(bone_rightringfinger) {transformation: [-0.898f,-0.0882f,0.4311f,-0.9351f,-0.1671f,0.9747f,-0.1485f,1.4309f,-0.4071f,-0.2054f,-0.89f,2.0637f,0f,0f,0f,1f],start_interpolation: 0,interpolation_duration: 1}
$data merge entity $(bone_hugeasssword) {transformation: [-3.0459f,1.6357f,-1.8404f,-0.7886f,-2.0883f,-3.2671f,0.5524f,1.6988f,-1.3044f,1.4109f,3.4129f,2.283f,0f,0f,0f,1f],start_interpolation: 0,interpolation_duration: 1}
$data merge entity $(bone_ice) {transformation: [-0.898f,-0.0882f,0.4311f,-0.7732f,-0.1671f,0.9747f,-0.1485f,1.6862f,-0.4071f,-0.2054f,-0.89f,2.2926f,0f,0f,0f,1f],start_interpolation: 0,interpolation_duration: 1}
$data merge entity $(bone_righthand1) {transformation: [-0.898f,-0.0882f,0.4311f,-1.0063f,-0.1671f,0.9747f,-0.1485f,1.8835f,-0.4071f,-0.2054f,-0.89f,2.1117f,0f,0f,0f,1f],start_interpolation: 0,interpolation_duration: 1}
$data merge entity $(bone_rightforearm) {transformation: [-0.9964f,-0.0073f,-0.084f,-0.9478f,-0.0181f,0.9916f,0.1279f,2.5798f,0.0823f,0.129f,-0.9882f,2.2127f,0f,0f,0f,1f],start_interpolation: 0,interpolation_duration: 1}
$data merge entity $(bone_rightelbow) {transformation: [-0.9966f,-0.0077f,-0.0817f,-0.9493f,-0.018f,0.9919f,0.1255f,2.7658f,0.0801f,0.1265f,-0.9887f,2.2364f,0f,0f,0f,1f],start_interpolation: 0,interpolation_duration: 1}
$data merge entity $(bone_rightarm) {transformation: [-0.9966f,0.0172f,-0.0803f,-0.7202f,-0.018f,0.9083f,0.418f,3.2108f,0.0801f,0.418f,-0.9049f,2.4562f,0f,0f,0f,1f],start_interpolation: 0,interpolation_duration: 1}
$data merge entity $(bone_chest1) {transformation: [-1.0764f,0.0315f,-0.1183f,-0.0059f,-0.0187f,0.9924f,0.434f,3.1208f,0.121f,0.4333f,-0.9855f,2.2097f,0f,0f,0f,1f],start_interpolation: 0,interpolation_duration: 1}
$data merge entity $(bone_chest1lid) {transformation: [-0.9936f,0.0291f,-0.1092f,-0.3223f,-0.0173f,0.9161f,0.4006f,2.332f,0.1117f,0.4f,-0.9097f,2.3305f,0f,0f,0f,1f],start_interpolation: 0,interpolation_duration: 1}
$data merge entity $(bone_chest2) {transformation: [-0.9936f,0.0291f,-0.1092f,-0.3268f,-0.0173f,0.9161f,0.4006f,2.1889f,0.1117f,0.4f,-0.9097f,2.268f,0f,0f,0f,1f],start_interpolation: 0,interpolation_duration: 1}
$data merge entity $(bone_chest1lid3) {transformation: [-0.9936f,0.0291f,-0.1092f,-0.3302f,-0.0173f,0.9161f,0.4006f,2.5898f,0.1117f,0.4f,-0.9097f,1.7408f,0f,0f,0f,1f],start_interpolation: 0,interpolation_duration: 1}
$data merge entity $(bone_chest3) {transformation: [-0.9936f,0.0291f,-0.1092f,-0.3347f,-0.0173f,0.9161f,0.4006f,2.4466f,0.1117f,0.4f,-0.9097f,1.6783f,0f,0f,0f,1f],start_interpolation: 0,interpolation_duration: 1}
$data merge entity $(bone_hugeasssword2) {transformation: [0.4279f,2.946f,-2.5452f,-1.2253f,-1.5692f,2.4738f,2.5996f,4.2686f,3.563f,0.7357f,1.4505f,2.5704f,0f,0f,0f,1f],start_interpolation: 0,interpolation_duration: 1}
$data merge entity $(bone_belt) {transformation: [-0.9936f,0.0291f,-0.1092f,0.0286f,-0.0173f,0.9161f,0.4006f,2.704f,0.1117f,0.4f,-0.9097f,2.1659f,0f,0f,0f,1f],start_interpolation: 0,interpolation_duration: 1}
$data merge entity $(bone_torn_part) {transformation: [-0.9936f,0.0596f,-0.096f,-0.1027f,-0.0173f,0.7595f,0.6502f,2.4429f,0.1117f,0.6477f,-0.7536f,2.0625f,0f,0f,0f,1f],start_interpolation: 0,interpolation_duration: 1}
$data merge entity $(bone_lowerbody) {transformation: [-0.9936f,0.028f,-0.1095f,-0.004f,-0.0173f,0.9199f,0.3917f,1.9403f,0.1117f,0.3911f,-0.9135f,1.9891f,0f,0f,0f,1f],start_interpolation: 0,interpolation_duration: 1}
$data merge entity $(bone_leftfoot) {transformation: [-0.9944f,0.0456f,0.095f,0.1593f,-0.001f,0.8974f,-0.4413f,0.3174f,-0.1054f,-0.4389f,-0.8923f,3.0818f,0f,0f,0f,1f],start_interpolation: 0,interpolation_duration: 1}
$data merge entity $(bone_leftlowerleg) {transformation: [-0.9944f,0.0456f,0.095f,0.1953f,-0.001f,0.8974f,-0.4413f,1.3807f,-0.1054f,-0.4389f,-0.8923f,2.7319f,0f,0f,0f,1f],start_interpolation: 0,interpolation_duration: 1}
$data merge entity $(bone_leftleg) {transformation: [-0.9944f,0.0893f,0.056f,0.2576f,-0.001f,0.5233f,-0.8522f,1.9589f,-0.1054f,-0.8475f,-0.5203f,1.8418f,0f,0f,0f,1f],start_interpolation: 0,interpolation_duration: 1}
$data merge entity $(bone_rightfoot) {transformation: [-0.9848f,-0.0846f,0.1515f,-0.3289f,0.0647f,0.6315f,0.7727f,0.4918f,-0.161f,0.7708f,-0.6164f,1.3952f,0f,0f,0f,1f],start_interpolation: 0,interpolation_duration: 1}
$data merge entity $(bone_rightlowerleg) {transformation: [-0.9848f,-0.0846f,0.1515f,-0.446f,0.0647f,0.6315f,0.7727f,1.0736f,-0.161f,0.7708f,-0.6164f,2.345f,0f,0f,0f,1f],start_interpolation: 0,interpolation_duration: 1}
$data merge entity $(bone_rightleg) {transformation: [-0.9693f,0.1698f,0.1781f,-0.24f,0.0389f,0.8204f,-0.5705f,1.9589f,-0.2429f,-0.5461f,-0.8017f,1.7933f,0f,0f,0f,1f],start_interpolation: 0,interpolation_duration: 1}
data modify entity @s data merge value {"cameras":{},"locators":{"lefthand":{"posx":1.1891746292233216,"posy":1.6366328629347737,"posz":2.7015787896223498,"roty":18.103992794169613,"rotx":-21.616639979777535},"sword":{"posx":0.8776081315978135,"posy":1.1608977995788141,"posz":-0.9810920296795635,"roty":208.3349108410074,"rotx":8.108533065685187},"righthand":{"posx":-0.8627398750462408,"posy":1.6576150047795752,"posz":2.271563475482883,"roty":25.845965254367826,"rotx":-8.538674748778524},"chest":{"posx":-0.33806775097692726,"posy":2.2116211198106397,"posz":2.4511483181151132,"roty":353.152234347815,"rotx":23.617869094628848}}}