# This file was generated by Animated Java via MC-Build. It is not recommended to edit this file directly.
$data merge entity $(bone_nose) {transformation: [-0.9993f,-0.0115f,-0.0358f,-0.0197f,-0.0146f,0.9962f,0.0859f,3.7777f,0.0347f,0.0864f,-0.9957f,2.1775f,0f,0f,0f,1f],start_interpolation: 0,interpolation_duration: 1}
$data merge entity $(bone_glowing_eye) {transformation: [-0.9993f,-0.0115f,-0.0358f,-0.1441f,-0.0146f,0.9962f,0.0859f,3.8403f,0.0347f,0.0864f,-0.9957f,2.2225f,0f,0f,0f,1f],start_interpolation: 0,interpolation_duration: 1}
$data merge entity $(bone_head) {transformation: [-0.9993f,-0.0115f,-0.0358f,-0.0249f,-0.0146f,0.9962f,0.0859f,3.6708f,0.0347f,0.0864f,-0.9957f,1.9804f,0f,0f,0f,1f],start_interpolation: 0,interpolation_duration: 1}
$data merge entity $(bone_leftthumb2) {transformation: [-0.9691f,-0.0787f,0.2337f,1.033f,-0.2007f,0.8026f,-0.5618f,1.8576f,-0.1433f,-0.5913f,-0.7936f,2.7085f,0f,0f,0f,1f],start_interpolation: 0,interpolation_duration: 1}
$data merge entity $(bone_leftthumb) {transformation: [-0.9691f,-0.0787f,0.2337f,1.0336f,-0.2007f,0.8026f,-0.5618f,2.0064f,-0.1433f,-0.5913f,-0.7936f,2.4956f,0f,0f,0f,1f],start_interpolation: 0,interpolation_duration: 1}
$data merge entity $(bone_leftpointerfinger) {transformation: [-0.9691f,-0.0787f,0.2337f,1.1764f,-0.2007f,0.8026f,-0.5618f,1.7387f,-0.1433f,-0.5913f,-0.7936f,2.6682f,0f,0f,0f,1f],start_interpolation: 0,interpolation_duration: 1}
$data merge entity $(bone_leftmidfinger) {transformation: [-0.9691f,-0.0787f,0.2337f,1.2129f,-0.2007f,0.8026f,-0.5618f,1.6509f,-0.1433f,-0.5913f,-0.7936f,2.5442f,0f,0f,0f,1f],start_interpolation: 0,interpolation_duration: 1}
$data merge entity $(bone_leftringfinger) {transformation: [-0.9691f,-0.0787f,0.2337f,1.2494f,-0.2007f,0.8026f,-0.5618f,1.5631f,-0.1433f,-0.5913f,-0.7936f,2.4202f,0f,0f,0f,1f],start_interpolation: 0,interpolation_duration: 1}
$data merge entity $(bone_invisibility) {transformation: [-0.0581f,-0.2396f,0.9691f,0.9788f,0.7506f,0.6296f,0.2007f,1.8064f,-0.6582f,0.739f,0.1433f,2.6014f,0f,0f,0f,1f],start_interpolation: 0,interpolation_duration: 1}
$data merge entity $(bone_swiftness) {transformation: [0.2337f,-0.0787f,0.9691f,0.9828f,-0.5618f,0.8026f,0.2007f,1.5819f,-0.7936f,-0.5913f,0.1433f,2.5252f,0f,0f,0f,1f],start_interpolation: 0,interpolation_duration: 1}
$data merge entity $(bone_suspicious_stew) {transformation: [0.0274f,-0.245f,0.9691f,1.0263f,0.49f,0.8483f,0.2007f,1.6634f,-0.8713f,0.4693f,0.1433f,2.4803f,0f,0f,0f,1f],start_interpolation: 0,interpolation_duration: 1}
$data merge entity $(bone_log) {transformation: [-0.9691f,-0.0787f,0.2337f,0.9365f,-0.2007f,0.8026f,-0.5618f,1.7186f,-0.1433f,-0.5913f,-0.7936f,2.3558f,0f,0f,0f,1f],start_interpolation: 0,interpolation_duration: 1}
$data merge entity $(bone_planks) {transformation: [-0.9691f,-0.0787f,0.2337f,0.8457f,-0.2007f,0.8026f,-0.5618f,1.6998f,-0.1433f,-0.5913f,-0.7936f,2.3423f,0f,0f,0f,1f],start_interpolation: 0,interpolation_duration: 1}
$data merge entity $(bone_lefthand1) {transformation: [-0.9691f,-0.0787f,0.2337f,1.1518f,-0.2007f,0.8026f,-0.5618f,1.987f,-0.1433f,-0.5913f,-0.7936f,2.2686f,0f,0f,0f,1f],start_interpolation: 0,interpolation_duration: 1}
$data merge entity $(bone_leftforearm) {transformation: [-0.9822f,-0.0787f,0.1704f,1.0324f,-0.1639f,0.8026f,-0.5736f,2.55f,-0.0916f,-0.5913f,-0.8012f,1.8596f,0f,0f,0f,1f],start_interpolation: 0,interpolation_duration: 1}
$data merge entity $(bone_leftelbow) {transformation: [-0.9912f,-0.1292f,-0.0278f,1.0082f,-0.1251f,0.9852f,-0.1174f,2.7347f,0.0425f,-0.1129f,-0.9927f,1.8384f,0f,0f,0f,1f],start_interpolation: 0,interpolation_duration: 1}
$data merge entity $(bone_leftarm) {transformation: [-0.9912f,-0.1292f,-0.0278f,0.7276f,-0.1251f,0.9852f,-0.1174f,3.2036f,0.0425f,-0.1129f,-0.9927f,1.8223f,0f,0f,0f,1f],start_interpolation: 0,interpolation_duration: 1}
$data merge entity $(bone_rightthumb2) {transformation: [-0.8788f,-0.0716f,0.4718f,-1.0413f,-0.161f,0.9752f,-0.1519f,1.5606f,-0.4492f,-0.2095f,-0.8685f,1.8789f,0f,0f,0f,1f],start_interpolation: 0,interpolation_duration: 1}
$data merge entity $(bone_rightthumb) {transformation: [-0.8788f,-0.0716f,0.4718f,-1.0185f,-0.161f,0.9752f,-0.1519f,1.7868f,-0.4492f,-0.2095f,-0.8685f,1.7533f,0f,0f,0f,1f],start_interpolation: 0,interpolation_duration: 1}
$data merge entity $(bone_rightpointerfinger) {transformation: [-0.8788f,-0.0716f,0.4718f,-1.069f,-0.161f,0.9752f,-0.1519f,1.442f,-0.4492f,-0.2095f,-0.8685f,1.7322f,0f,0f,0f,1f],start_interpolation: 0,interpolation_duration: 1}
$data merge entity $(bone_rightmidfinger) {transformation: [-0.8788f,-0.0716f,0.4718f,-0.9953f,-0.161f,0.9752f,-0.1519f,1.4183f,-0.4492f,-0.2095f,-0.8685f,1.5965f,0f,0f,0f,1f],start_interpolation: 0,interpolation_duration: 1}
$data merge entity $(bone_rightringfinger) {transformation: [-0.8788f,-0.0716f,0.4718f,-0.9216f,-0.161f,0.9752f,-0.1519f,1.3946f,-0.4492f,-0.2095f,-0.8685f,1.4608f,0f,0f,0f,1f],start_interpolation: 0,interpolation_duration: 1}
$data merge entity $(bone_hugeasssword) {transformation: [-2.9951f,1.5442f,-1.9962f,-0.7838f,-2.0677f,-3.2777f,0.5669f,1.6615f,-1.4471f,1.4874f,3.3217f,1.6868f,0f,0f,0f,1f],start_interpolation: 0,interpolation_duration: 1}
$data merge entity $(bone_ice) {transformation: [-0.8788f,-0.0716f,0.4718f,-0.7689f,-0.161f,0.9752f,-0.1519f,1.6488f,-0.4492f,-0.2095f,-0.8685f,1.6971f,0f,0f,0f,1f],start_interpolation: 0,interpolation_duration: 1}
$data merge entity $(bone_righthand1) {transformation: [-0.8788f,-0.0716f,0.4718f,-0.9918f,-0.161f,0.9752f,-0.1519f,1.8476f,-0.4492f,-0.2095f,-0.8685f,1.5053f,0f,0f,0f,1f],start_interpolation: 0,interpolation_duration: 1}
$data merge entity $(bone_rightforearm) {transformation: [-0.9981f,-0.0285f,0.0544f,-0.9503f,-0.0223f,0.9936f,0.1109f,2.5459f,-0.0572f,0.1095f,-0.9923f,1.6014f,0f,0f,0f,1f],start_interpolation: 0,interpolation_duration: 1}
$data merge entity $(bone_rightelbow) {transformation: [-0.9977f,-0.0286f,0.0609f,-0.9557f,-0.0222f,0.9943f,0.104f,2.7323f,-0.0636f,0.1025f,-0.9927f,1.6206f,0f,0f,0f,1f],start_interpolation: 0,interpolation_duration: 1}
$data merge entity $(bone_rightarm) {transformation: [-0.9977f,-0.0456f,0.0495f,-0.7618f,-0.0222f,0.917f,0.3982f,3.1832f,-0.0636f,0.3962f,-0.9159f,1.8613f,0f,0f,0f,1f],start_interpolation: 0,interpolation_duration: 1}
$data merge entity $(bone_chest1) {transformation: [-1.0829f,-0.0045f,-0.0316f,-0.0269f,-0.0148f,1.0215f,0.3605f,3.0788f,0.0283f,0.3608f,-1.0211f,1.6848f,0f,0f,0f,1f],start_interpolation: 0,interpolation_duration: 1}
$data merge entity $(bone_chest1lid) {transformation: [-0.9996f,-0.0042f,-0.0292f,-0.3539f,-0.0137f,0.9429f,0.3328f,2.2995f,0.0261f,0.3331f,-0.9425f,1.835f,0f,0f,0f,1f],start_interpolation: 0,interpolation_duration: 1}
$data merge entity $(bone_chest2) {transformation: [-0.9996f,-0.0042f,-0.0292f,-0.3532f,-0.0137f,0.9429f,0.3328f,2.1522f,0.0261f,0.3331f,-0.9425f,1.7829f,0f,0f,0f,1f],start_interpolation: 0,interpolation_duration: 1}
$data merge entity $(bone_chest1lid3) {transformation: [-0.9996f,-0.0042f,-0.0292f,-0.3101f,-0.0137f,0.9429f,0.3328f,2.5135f,0.0261f,0.3331f,-0.9425f,1.2295f,0f,0f,0f,1f],start_interpolation: 0,interpolation_duration: 1}
$data merge entity $(bone_chest3) {transformation: [-0.9996f,-0.0042f,-0.0292f,-0.3095f,-0.0137f,0.9429f,0.3328f,2.3662f,0.0261f,0.3331f,-0.9425f,1.1775f,0f,0f,0f,1f],start_interpolation: 0,interpolation_duration: 1}
$data merge entity $(bone_hugeasssword2) {transformation: [0.1144f,2.8753f,-2.657f,-1.271f,-1.3035f,2.5344f,2.6866f,4.2442f,3.6916f,0.8058f,1.031f,1.8538f,0f,0f,0f,1f],start_interpolation: 0,interpolation_duration: 1}
$data merge entity $(bone_belt) {transformation: [-0.9996f,-0.0042f,-0.0292f,0.0106f,-0.0137f,0.9429f,0.3328f,2.6601f,0.0261f,0.3331f,-0.9425f,1.6747f,0f,0f,0f,1f],start_interpolation: 0,interpolation_duration: 1}
$data merge entity $(bone_torn_part) {transformation: [-0.9996f,0.0048f,-0.0291f,-0.1118f,-0.0137f,0.7996f,0.6004f,2.3913f,0.0261f,0.6005f,-0.7992f,1.5782f,0f,0f,0f,1f],start_interpolation: 0,interpolation_duration: 1}
$data merge entity $(bone_lowerbody) {transformation: [-0.9996f,-0.0042f,-0.0292f,-0.008f,-0.0137f,0.9431f,0.3321f,1.8854f,0.0261f,0.3324f,-0.9428f,1.5459f,0f,0f,0f,1f],start_interpolation: 0,interpolation_duration: 1}
$data merge entity $(bone_leftfoot) {transformation: [-0.994f,-0.0039f,0.1091f,0.2259f,-0.0401f,0.9426f,-0.3314f,0.414f,-0.1015f,-0.3338f,-0.9372f,2.6193f,0f,0f,0f,1f],start_interpolation: 0,interpolation_duration: 1}
$data merge entity $(bone_leftlowerleg) {transformation: [-0.994f,-0.0039f,0.1091f,0.2047f,-0.0401f,0.9426f,-0.3314f,1.5107f,-0.1015f,-0.3338f,-0.9372f,2.393f,0f,0f,0f,1f],start_interpolation: 0,interpolation_duration: 1}
$data merge entity $(bone_leftleg) {transformation: [-0.994f,0.0813f,0.0729f,0.2581f,-0.0401f,0.3493f,-0.9362f,1.9049f,-0.1015f,-0.9335f,-0.3439f,1.4069f,0f,0f,0f,1f],start_interpolation: 0,interpolation_duration: 1}
$data merge entity $(bone_rightfoot) {transformation: [-0.9855f,-0.0839f,0.1473f,-0.3228f,0.0258f,0.7847f,0.6193f,0.3797f,-0.1676f,0.6141f,-0.7712f,1.2698f,0f,0f,0f,1f],start_interpolation: 0,interpolation_duration: 1}
$data merge entity $(bone_rightlowerleg) {transformation: [-0.9855f,-0.0839f,0.1473f,-0.4385f,0.0258f,0.7847f,0.6193f,1.1551f,-0.1676f,0.6141f,-0.7712f,2.0696f,0f,0f,0f,1f],start_interpolation: 0,interpolation_duration: 1}
$data merge entity $(bone_rightleg) {transformation: [-0.9701f,0.1647f,0.178f,-0.2378f,-0.0165f,0.6874f,-0.7261f,1.9049f,-0.242f,-0.7073f,-0.6642f,1.3429f,0f,0f,0f,1f],start_interpolation: 0,interpolation_duration: 1}
data modify entity @s data merge value {"cameras":{},"locators":{"lefthand":{"posx":1.0298996068413404,"posy":1.6834894494958048,"posz":2.4278075922478566,"roty":16.406490109695483,"rotx":-34.17981511560615},"sword":{"posx":1.0315356673439309,"posy":1.1104832485526868,"posz":-1.4945288634068747,"roty":211.00406450748977,"rotx":8.32166370312508},"righthand":{"posx":-0.8575822081591156,"posy":1.6208494658373551,"posz":1.6718676654797633,"roty":28.511218260720995,"rotx":-8.736951780585096},"chest":{"posx":-0.38030065048738554,"posy":2.1881185431468766,"posz":1.9622337260466995,"roty":358.2251967379765,"rotx":19.43921779402035}}}