# This file was generated by Animated Java via MC-Build. It is not recommended to edit this file directly.
$data merge entity $(bone_nose) {transformation: [-0.9982f,0.009f,0.0597f,-0.0108f,0.0018f,0.9929f,-0.1188f,4.015f,-0.0603f,-0.1185f,-0.9911f,0.402f,0f,0f,0f,1f],start_interpolation: 0,interpolation_duration: 1}
$data merge entity $(bone_glowing_eye) {transformation: [-0.9982f,0.009f,0.0597f,-0.1371f,0.0018f,0.9929f,-0.1188f,4.0866f,-0.0603f,-0.1185f,-0.9911f,0.4211f,0f,0f,0f,1f],start_interpolation: 0,interpolation_duration: 1}
$data merge entity $(bone_head) {transformation: [-0.9982f,0.009f,0.0597f,-0.0008f,0.0018f,0.9929f,-0.1188f,3.8702f,-0.0603f,-0.1185f,-0.9911f,0.2311f,0f,0f,0f,1f],start_interpolation: 0,interpolation_duration: 1}
$data merge entity $(bone_leftthumb2) {transformation: [-0.9902f,0.0032f,0.1395f,0.9294f,-0.0612f,0.8885f,-0.4547f,1.8879f,-0.1254f,-0.4588f,-0.8796f,1.1083f,0f,0f,0f,1f],start_interpolation: 0,interpolation_duration: 1}
$data merge entity $(bone_leftthumb) {transformation: [-0.9902f,0.0032f,0.1395f,0.9421f,-0.0612f,0.8885f,-0.4547f,2.067f,-0.1254f,-0.4588f,-0.8796f,0.9206f,0f,0f,0f,1f],start_interpolation: 0,interpolation_duration: 1}
$data merge entity $(bone_leftpointerfinger) {transformation: [-0.9902f,0.0032f,0.1395f,1.0559f,-0.0612f,0.8885f,-0.4547f,1.7608f,-0.1254f,-0.4588f,-0.8796f,1.0436f,0f,0f,0f,1f],start_interpolation: 0,interpolation_duration: 1}
$data merge entity $(bone_leftmidfinger) {transformation: [-0.9902f,0.0032f,0.1395f,1.0777f,-0.0612f,0.8885f,-0.4547f,1.6897f,-0.1254f,-0.4588f,-0.8796f,0.9062f,0f,0f,0f,1f],start_interpolation: 0,interpolation_duration: 1}
$data merge entity $(bone_leftringfinger) {transformation: [-0.9902f,0.0032f,0.1395f,1.0995f,-0.0612f,0.8885f,-0.4547f,1.6187f,-0.1254f,-0.4588f,-0.8796f,0.7688f,0f,0f,0f,1f],start_interpolation: 0,interpolation_duration: 1}
$data merge entity $(bone_invisibility) {transformation: [0.0154f,-0.1387f,0.9902f,0.8662f,0.8455f,0.5304f,0.0612f,1.8607f,-0.5337f,0.8363f,0.1254f,0.9974f,0f,0f,0f,1f],start_interpolation: 0,interpolation_duration: 1}
$data merge entity $(bone_swiftness) {transformation: [0.1395f,0.0032f,0.9902f,0.8404f,-0.4547f,0.8885f,0.0612f,1.6519f,-0.8796f,-0.4588f,0.1254f,0.8881f,0f,0f,0f,1f],start_interpolation: 0,interpolation_duration: 1}
$data merge entity $(bone_suspicious_stew) {transformation: [0.0619f,-0.125f,0.9902f,0.8922f,0.6131f,0.7876f,0.0612f,1.7338f,-0.7876f,0.6033f,0.1254f,0.854f,0f,0f,0f,1f],start_interpolation: 0,interpolation_duration: 1}
$data merge entity $(bone_log) {transformation: [-0.9902f,0.0032f,0.1395f,0.8063f,-0.0612f,0.8885f,-0.4547f,1.8178f,-0.1254f,-0.4588f,-0.8796f,0.7437f,0f,0f,0f,1f],start_interpolation: 0,interpolation_duration: 1}
$data merge entity $(bone_planks) {transformation: [-0.9902f,0.0032f,0.1395f,0.7135f,-0.0612f,0.8885f,-0.4547f,1.8121f,-0.1254f,-0.4588f,-0.8796f,0.7319f,0f,0f,0f,1f],start_interpolation: 0,interpolation_duration: 1}
$data merge entity $(bone_lefthand1) {transformation: [-0.9902f,0.0032f,0.1395f,1.0503f,-0.0612f,0.8885f,-0.4547f,2.0694f,-0.1254f,-0.4588f,-0.8796f,0.6878f,0f,0f,0f,1f],start_interpolation: 0,interpolation_duration: 1}
$data merge entity $(bone_leftforearm) {transformation: [-0.9902f,0.0032f,0.1395f,0.9885f,-0.0612f,0.8885f,-0.4547f,2.6975f,-0.1254f,-0.4588f,-0.8796f,0.3711f,0f,0f,0f,1f],start_interpolation: 0,interpolation_duration: 1}
$data merge entity $(bone_leftelbow) {transformation: [-0.9976f,-0.0312f,0.061f,0.9827f,-0.0391f,0.9903f,-0.1334f,2.8831f,-0.0563f,-0.1354f,-0.9892f,0.3457f,0f,0f,0f,1f],start_interpolation: 0,interpolation_duration: 1}
$data merge entity $(bone_leftarm) {transformation: [-0.9976f,-0.0312f,0.061f,0.7469f,-0.0391f,0.9903f,-0.1334f,3.3739f,-0.0563f,-0.1354f,-0.9892f,0.2966f,0f,0f,0f,1f],start_interpolation: 0,interpolation_duration: 1}
$data merge entity $(bone_rightthumb2) {transformation: [-0.9394f,-0.0322f,0.3414f,-0.993f,-0.1442f,0.9404f,-0.3079f,1.7638f,-0.3111f,-0.3385f,-0.8881f,0.5194f,0f,0f,0f,1f],start_interpolation: 0,interpolation_duration: 1}
$data merge entity $(bone_rightthumb) {transformation: [-0.9394f,-0.0322f,0.3414f,-0.9718f,-0.1442f,0.9404f,-0.3079f,1.9681f,-0.3111f,-0.3385f,-0.8881f,0.3605f,0f,0f,0f,1f],start_interpolation: 0,interpolation_duration: 1}
$data merge entity $(bone_rightpointerfinger) {transformation: [-0.9394f,-0.0322f,0.3414f,-1.0479f,-0.1442f,0.9404f,-0.3079f,1.6294f,-0.3111f,-0.3385f,-0.8881f,0.3959f,0f,0f,0f,1f],start_interpolation: 0,interpolation_duration: 1}
$data merge entity $(bone_rightmidfinger) {transformation: [-0.9394f,-0.0322f,0.3414f,-0.9946f,-0.1442f,0.9404f,-0.3079f,1.5813f,-0.3111f,-0.3385f,-0.8881f,0.2571f,0f,0f,0f,1f],start_interpolation: 0,interpolation_duration: 1}
$data merge entity $(bone_rightringfinger) {transformation: [-0.9394f,-0.0322f,0.3414f,-0.9412f,-0.1442f,0.9404f,-0.3079f,1.5331f,-0.3111f,-0.3385f,-0.8881f,0.1183f,0f,0f,0f,1f],start_interpolation: 0,interpolation_duration: 1}
$data merge entity $(bone_hugeasssword) {transformation: [-3.2937f,1.501f,-1.4962f,-0.7569f,-1.9794f,-3.1669f,1.1802f,1.8154f,-0.7575f,1.7486f,3.4218f,0.2849f,0f,0f,0f,1f],start_interpolation: 0,interpolation_duration: 1}
$data merge entity $(bone_ice) {transformation: [-0.9394f,-0.0322f,0.3414f,-0.7418f,-0.1442f,0.9404f,-0.3079f,1.8029f,-0.3111f,-0.3385f,-0.8881f,0.295f,0f,0f,0f,1f],start_interpolation: 0,interpolation_duration: 1}
$data merge entity $(bone_righthand1) {transformation: [-0.9394f,-0.0322f,0.3414f,-0.974f,-0.1442f,0.9404f,-0.3079f,1.9924f,-0.3111f,-0.3385f,-0.8881f,0.1049f,0f,0f,0f,1f],start_interpolation: 0,interpolation_duration: 1}
$data merge entity $(bone_rightforearm) {transformation: [-0.9895f,-0.0147f,0.1435f,-0.9247f,-0.0302f,0.9938f,-0.1066f,2.6947f,-0.1411f,-0.1098f,-0.9839f,0.0519f,0f,0f,0f,1f],start_interpolation: 0,interpolation_duration: 1}
$data merge entity $(bone_rightelbow) {transformation: [-0.9887f,-0.0143f,0.1491f,-0.9274f,-0.0313f,0.9932f,-0.1125f,2.881f,-0.1465f,-0.1159f,-0.9824f,0.0301f,0f,0f,0f,1f],start_interpolation: 0,interpolation_duration: 1}
$data merge entity $(bone_rightarm) {transformation: [-0.9887f,-0.0585f,0.1379f,-0.7447f,-0.0313f,0.981f,0.1914f,3.3723f,-0.1465f,0.1849f,-0.9718f,0.185f,0f,0f,0f,1f],start_interpolation: 0,interpolation_duration: 1}
$data merge entity $(bone_chest1) {transformation: [-1.0803f,-0.0042f,0.0807f,0.0055f,-0.0011f,1.0826f,0.0411f,3.2171f,-0.0808f,0.0409f,-1.0795f,0.1247f,0f,0f,0f,1f],start_interpolation: 0,interpolation_duration: 1}
$data merge entity $(bone_chest1lid) {transformation: [-0.9972f,-0.0039f,0.0745f,-0.3614f,-0.001f,0.9993f,0.038f,2.5189f,-0.0746f,0.0378f,-0.9965f,0.4634f,0f,0f,0f,1f],start_interpolation: 0,interpolation_duration: 1}
$data merge entity $(bone_chest2) {transformation: [-0.9972f,-0.0039f,0.0745f,-0.3608f,-0.001f,0.9993f,0.038f,2.3628f,-0.0746f,0.0378f,-0.9965f,0.4575f,0f,0f,0f,1f],start_interpolation: 0,interpolation_duration: 1}
$data merge entity $(bone_chest1lid3) {transformation: [-0.9972f,-0.0039f,0.0745f,-0.2514f,-0.001f,0.9993f,0.038f,2.5433f,-0.0746f,0.0378f,-0.9965f,-0.1703f,0f,0f,0f,1f],start_interpolation: 0,interpolation_duration: 1}
$data merge entity $(bone_chest3) {transformation: [-0.9972f,-0.0039f,0.0745f,-0.2508f,-0.001f,0.9993f,0.038f,2.3872f,-0.0746f,0.0378f,-0.9965f,-0.1762f,0f,0f,0f,1f],start_interpolation: 0,interpolation_duration: 1}
$data merge entity $(bone_hugeasssword2) {transformation: [-0.2919f,2.8694f,-2.6499f,-1.2078f,-0.1487f,2.6472f,2.8828f,4.3853f,3.9029f,0.3154f,-0.0883f,-0.1874f,0f,0f,0f,1f],start_interpolation: 0,interpolation_duration: 1}
$data merge entity $(bone_belt) {transformation: [-0.9972f,-0.0039f,0.0745f,0.0293f,-0.001f,0.9993f,0.038f,2.8141f,-0.0746f,0.0378f,-0.9965f,0.2425f,0f,0f,0f,1f],start_interpolation: 0,interpolation_duration: 1}
$data merge entity $(bone_torn_part) {transformation: [-0.9972f,-0.0252f,0.0702f,-0.0925f,-0.001f,0.946f,0.3242f,2.5303f,-0.0746f,0.3232f,-0.9434f,0.2192f,0f,0f,0f,1f],start_interpolation: 0,interpolation_duration: 1}
$data merge entity $(bone_lowerbody) {transformation: [-0.9972f,-0.0029f,0.0746f,-0.0042f,-0.001f,0.9997f,0.0247f,2.0388f,-0.0746f,0.0246f,-0.9969f,0.3547f,0f,0f,0f,1f],start_interpolation: 0,interpolation_duration: 1}
$data merge entity $(bone_leftfoot) {transformation: [-0.9907f,-0.0863f,0.1051f,0.3632f,-0.0281f,0.886f,0.4629f,0.1926f,-0.133f,0.4557f,-0.8802f,0.0335f,0f,0f,0f,1f],start_interpolation: 0,interpolation_duration: 1}
$data merge entity $(bone_leftlowerleg) {transformation: [-0.9907f,-0.0863f,0.1051f,0.2513f,-0.0281f,0.886f,0.4629f,1.1044f,-0.133f,0.4557f,-0.8802f,0.6743f,0f,0f,0f,1f],start_interpolation: 0,interpolation_duration: 1}
$data merge entity $(bone_leftleg) {transformation: [-0.9907f,0.0366f,0.1309f,0.2558f,-0.0281f,0.8874f,-0.4602f,2.0583f,-0.133f,-0.4596f,-0.8781f,0.2047f,0f,0f,0f,1f],start_interpolation: 0,interpolation_duration: 1}
$data merge entity $(bone_rightfoot) {transformation: [-0.9846f,0.1004f,0.143f,-0.5483f,0.0546f,0.9541f,-0.2944f,0.159f,-0.166f,-0.2821f,-0.9449f,1.0007f,0f,0f,0f,1f],start_interpolation: 0,interpolation_duration: 1}
$data merge entity $(bone_rightlowerleg) {transformation: [-0.9846f,0.1004f,0.143f,-0.4589f,0.0546f,0.9541f,-0.2944f,1.2627f,-0.166f,-0.2821f,-0.9449f,0.833f,0f,0f,0f,1f],start_interpolation: 0,interpolation_duration: 1}
$data merge entity $(bone_rightleg) {transformation: [-0.9686f,0.1795f,0.1718f,-0.2423f,0.015f,0.7325f,-0.6806f,2.0583f,-0.248f,-0.6566f,-0.7123f,0.1616f,0f,0f,0f,1f],start_interpolation: 0,interpolation_duration: 1}
data modify entity @s data merge value {"cameras":{},"locators":{"lefthand":{"posx":0.8967491507092032,"posy":1.7612314167804621,"posz":0.8050239176366748,"roty":9.009465237785747,"rotx":-27.048239564533496},"sword":{"posx":0.580039749857711,"posy":0.6853265827807096,"posz":-2.979430281012906,"roty":203.61808814296435,"rotx":17.53725511557352},"righthand":{"posx":-0.8346572169726997,"posy":1.7795466422184685,"posz":0.28501790436250474,"roty":21.026444334466618,"rotx":-17.933185818550267},"chest":{"posx":-0.4040082231728983,"posy":2.450521622128925,"posz":0.6143842478482996,"roty":4.276494963851832,"rotx":2.1757394817147633}}}