# This file was generated by Animated Java via MC-Build. It is not recommended to edit this file directly.
$data merge entity $(nose) {transformation: [-1f,0.0003f,0.0059f,-0.0008f,0f,0.9989f,-0.0479f,4.2029f,-0.0059f,-0.0479f,-0.9988f,-0.0255f,0f,0f,0f,1f],start_interpolation: 0,interpolation_duration: 1}
$data merge entity $(glowing_eye) {transformation: [-1f,0.0003f,0.0059f,-0.126f,0f,0.9989f,-0.0479f,4.2722f,-0.0059f,-0.0479f,-0.9988f,0.0054f,0f,0f,0f,1f],start_interpolation: 0,interpolation_duration: 1}
$data merge entity $(head) {transformation: [-1f,0.0003f,0.0059f,0.0003f,0f,0.9989f,-0.0479f,4.0706f,-0.0059f,-0.0479f,-0.9988f,-0.2066f,0f,0f,0f,1f],start_interpolation: 0,interpolation_duration: 1}
$data merge entity $(leftthumb2) {transformation: [-1f,-0.0002f,0.0059f,0.9522f,0f,0.9992f,0.0393f,1.8195f,-0.0059f,0.0393f,-0.9992f,-0.0035f,0f,0f,0f,1f],start_interpolation: 0,interpolation_duration: 1}
$data merge entity $(leftthumb) {transformation: [-1f,-0.0002f,0.0059f,0.9526f,0f,0.9992f,0.0393f,2.0679f,-0.0059f,0.0393f,-0.9992f,-0.0793f,0f,0f,0f,1f],start_interpolation: 0,interpolation_duration: 1}
$data merge entity $(leftpointerfinger) {transformation: [-1f,-0.0002f,0.0059f,1.0624f,0f,0.9992f,0.0393f,1.7419f,-0.0059f,0.0393f,-0.9992f,-0.1384f,0f,0f,0f,1f],start_interpolation: 0,interpolation_duration: 1}
$data merge entity $(leftmidfinger) {transformation: [-1f,-0.0002f,0.0059f,1.0633f,0f,0.9992f,0.0393f,1.7481f,-0.0059f,0.0393f,-0.9992f,-0.2945f,0f,0f,0f,1f],start_interpolation: 0,interpolation_duration: 1}
$data merge entity $(leftringfinger) {transformation: [-1f,-0.0002f,0.0059f,1.0642f,0f,0.9992f,0.0393f,1.7542f,-0.0059f,0.0393f,-0.9992f,-0.4506f,0f,0f,0f,1f],start_interpolation: 0,interpolation_duration: 1}
$data merge entity $(invisibility) {transformation: [0.0003f,-0.0059f,1f,0.8747f,0.9989f,0.0479f,0f,1.85f,-0.0479f,0.9988f,0.0059f,-0.104f,0f,0f,0f,1f],start_interpolation: 0,interpolation_duration: 1}
$data merge entity $(swiftness) {transformation: [0.0059f,-0.0002f,1f,0.8237f,0.0393f,0.9992f,0f,1.722f,-0.9992f,0.0393f,0.0059f,-0.297f,0f,0f,0f,1f],start_interpolation: 0,interpolation_duration: 1}
$data merge entity $(suspicious_stew) {transformation: [0.0023f,-0.0055f,1f,0.8758f,0.9222f,0.3867f,0f,1.8105f,-0.3867f,0.9222f,0.0059f,-0.2932f,0f,0f,0f,1f],start_interpolation: 0,interpolation_duration: 1}
$data merge entity $(log) {transformation: [-1f,-0.0002f,0.0059f,0.7823f,0f,0.9992f,0.0393f,1.9373f,-0.0059f,0.0393f,-0.9992f,-0.3356f,0f,0f,0f,1f],start_interpolation: 0,interpolation_duration: 1}
$data merge entity $(planks) {transformation: [-1f,-0.0002f,0.0059f,0.6885f,0f,0.9992f,0.0393f,1.9373f,-0.0059f,0.0393f,-0.9992f,-0.3362f,0f,0f,0f,1f],start_interpolation: 0,interpolation_duration: 1}
$data merge entity $(lefthand1) {transformation: [-1f,-0.0002f,0.0059f,1.032f,0f,0.9992f,0.0393f,2.1858f,-0.0059f,0.0393f,-0.9992f,-0.2931f,0f,0f,0f,1f],start_interpolation: 0,interpolation_duration: 1}
$data merge entity $(leftforearm) {transformation: [-1f,-0.0002f,0.0059f,0.9693f,0f,0.9992f,0.0393f,2.8878f,-0.0059f,0.0393f,-0.9992f,-0.2502f,0f,0f,0f,1f],start_interpolation: 0,interpolation_duration: 1}
$data merge entity $(leftelbow) {transformation: [-1f,-0.0002f,0.0059f,0.9692f,0f,0.9992f,0.0393f,3.0752f,-0.0059f,0.0393f,-0.9992f,-0.2428f,0f,0f,0f,1f],start_interpolation: 0,interpolation_duration: 1}
$data merge entity $(leftarm) {transformation: [-1f,-0.0002f,0.0059f,0.7502f,0f,0.9992f,0.0393f,3.5735f,-0.0059f,0.0393f,-0.9992f,-0.1933f,0f,0f,0f,1f],start_interpolation: 0,interpolation_duration: 1}
$data merge entity $(rightthumb2) {transformation: [-0.9991f,-0.0097f,0.0419f,-0.9573f,-0.018f,0.9791f,-0.2028f,1.9214f,-0.0391f,-0.2034f,-0.9783f,0.0523f,0f,0f,0f,1f],start_interpolation: 0,interpolation_duration: 1}
$data merge entity $(rightthumb) {transformation: [-0.9991f,-0.0097f,0.0419f,-0.9561f,-0.018f,0.9791f,-0.2028f,2.1442f,-0.0391f,-0.2034f,-0.9783f,-0.0811f,0f,0f,0f,1f],start_interpolation: 0,interpolation_duration: 1}
$data merge entity $(rightpointerfinger) {transformation: [-0.9991f,-0.0097f,0.0419f,-1.0603f,-0.018f,0.9791f,-0.2028f,1.8115f,-0.0391f,-0.2034f,-0.9783f,-0.0645f,0f,0f,0f,1f],start_interpolation: 0,interpolation_duration: 1}
$data merge entity $(rightmidfinger) {transformation: [-0.9991f,-0.0097f,0.0419f,-1.0537f,-0.018f,0.9791f,-0.2028f,1.7798f,-0.0391f,-0.2034f,-0.9783f,-0.2174f,0f,0f,0f,1f],start_interpolation: 0,interpolation_duration: 1}
$data merge entity $(rightringfinger) {transformation: [-0.9991f,-0.0097f,0.0419f,-1.0472f,-0.018f,0.9791f,-0.2028f,1.7481f,-0.0391f,-0.2034f,-0.9783f,-0.3703f,0f,0f,0f,1f],start_interpolation: 0,interpolation_duration: 1}
$data merge entity $(hugeasssword) {transformation: [-3.5905f,1.5285f,-0.3346f,-0.791f,-1.5647f,-3.5025f,0.7904f,1.9866f,0.0092f,0.8583f,3.8215f,-0.2331f,0f,0f,0f,1f],start_interpolation: 0,interpolation_duration: 1}
$data merge entity $(whey) {transformation: [0f,0f,0f,-0.6242f,0f,0f,0f,1.9265f,0f,0f,0f,-0.0697f,0f,0f,0f,1f],start_interpolation: 0,interpolation_duration: 1}
$data merge entity $(ice) {transformation: [-0.9991f,-0.0097f,0.0419f,-0.7752f,-0.018f,0.9791f,-0.2028f,1.9716f,-0.0391f,-0.2034f,-0.9783f,-0.2293f,0f,0f,0f,1f],start_interpolation: 0,interpolation_duration: 1}
$data merge entity $(righthand1) {transformation: [-0.9991f,-0.0097f,0.0419f,-1.0261f,-0.018f,0.9791f,-0.2028f,2.2055f,-0.0391f,-0.2034f,-0.9783f,-0.3204f,0f,0f,0f,1f],start_interpolation: 0,interpolation_duration: 1}
$data merge entity $(rightforearm) {transformation: [-0.9999f,-0.0017f,0.0115f,-0.965f,-0.0024f,0.9983f,-0.059f,2.9085f,-0.0113f,-0.059f,-0.9982f,-0.3456f,0f,0f,0f,1f],start_interpolation: 0,interpolation_duration: 1}
$data merge entity $(rightelbow) {transformation: [-0.9999f,-0.0017f,0.0119f,-0.9653f,-0.0024f,0.9982f,-0.0595f,3.0957f,-0.0118f,-0.0595f,-0.9982f,-0.3568f,0f,0f,0f,1f],start_interpolation: 0,interpolation_duration: 1}
$data merge entity $(rightarm) {transformation: [-0.9999f,-0.0052f,0.0108f,-0.7495f,-0.0024f,0.9699f,0.2435f,3.5735f,-0.0118f,0.2434f,-0.9698f,-0.2022f,0f,0f,0f,1f],start_interpolation: 0,interpolation_duration: 1}
$data merge entity $(chest1) {transformation: [-1.0833f,-0.0003f,0.0064f,-0.0014f,0f,1.0825f,0.0426f,3.4177f,-0.0064f,0.0426f,-1.0825f,-0.314f,0f,0f,0f,1f],start_interpolation: 0,interpolation_duration: 1}
$data merge entity $(chest1lid) {transformation: [-1f,-0.0002f,0.0059f,-0.345f,0f,0.9992f,0.0393f,2.7194f,-0.0059f,0.0393f,-0.9992f,0.0481f,0f,0f,0f,1f],start_interpolation: 0,interpolation_duration: 1}
$data merge entity $(chest2) {transformation: [-1f,-0.0002f,0.0059f,-0.345f,0f,0.9992f,0.0393f,2.5633f,-0.0059f,0.0393f,-0.9992f,0.042f,0f,0f,0f,1f],start_interpolation: 0,interpolation_duration: 1}
$data merge entity $(chest1lid3) {transformation: [-1f,-0.0002f,0.0059f,-0.2787f,0f,0.9992f,0.0393f,2.7446f,-0.0059f,0.0393f,-0.9992f,-0.5917f,0f,0f,0f,1f],start_interpolation: 0,interpolation_duration: 1}
$data merge entity $(chest3) {transformation: [-1f,-0.0002f,0.0059f,-0.2787f,0f,0.9992f,0.0393f,2.5884f,-0.0059f,0.0393f,-0.9992f,-0.5978f,0f,0f,0f,1f],start_interpolation: 0,interpolation_duration: 1}
$data merge entity $(hugeasssword2) {transformation: [-0.0232f,2.887f,-2.6467f,-1.2322f,-0.154f,2.644f,2.8854f,4.5875f,3.9136f,0.1212f,0.0978f,-0.5404f,0f,0f,0f,1f],start_interpolation: 0,interpolation_duration: 1}
$data merge entity $(belt) {transformation: [-1f,-0.0002f,0.0059f,0.0299f,0f,0.9992f,0.0393f,3.0145f,-0.0059f,0.0393f,-0.9992f,-0.1987f,0f,0f,0f,1f],start_interpolation: 0,interpolation_duration: 1}
$data merge entity $(torn_part) {transformation: [-1f,-0.0018f,0.0057f,-0.0935f,0f,0.9537f,0.3007f,2.7328f,-0.0059f,0.3007f,-0.9537f,-0.2102f,0f,0f,0f,1f],start_interpolation: 0,interpolation_duration: 1}
$data merge entity $(lowerbody) {transformation: [-1f,0f,0.0059f,0.0033f,0f,1f,0f,2.2445f,-0.0059f,0f,-1f,-0.069f,0f,0f,0f,1f],start_interpolation: 0,interpolation_duration: 1}
$data merge entity $(leftfoot) {transformation: [-0.9991f,-0.0416f,0.0004f,0.3677f,-0.0412f,0.9917f,0.1217f,0.1753f,-0.0054f,0.1216f,-0.9926f,-0.1937f,0f,0f,0f,1f],start_interpolation: 0,interpolation_duration: 1}
$data merge entity $(leftlowerleg) {transformation: [-0.9991f,-0.0416f,0.0004f,0.3215f,-0.0412f,0.9917f,0.1217f,1.2568f,-0.0054f,0.1216f,-0.9926f,0.0937f,0f,0f,0f,1f],start_interpolation: 0,interpolation_duration: 1}
$data merge entity $(leftleg) {transformation: [-0.9991f,-0.037f,0.019f,0.2505f,-0.0412f,0.941f,-0.336f,2.264f,-0.0054f,-0.3365f,-0.9417f,-0.2395f,0f,0f,0f,1f],start_interpolation: 0,interpolation_duration: 1}
$data merge entity $(rightfoot) {transformation: [-0.9988f,0.0334f,0.0362f,-0.3609f,0.0367f,0.9948f,0.0948f,0.1519f,-0.0328f,0.096f,-0.9948f,-0.2235f,0f,0f,0f,1f],start_interpolation: 0,interpolation_duration: 1}
$data merge entity $(rightlowerleg) {transformation: [-0.9988f,0.0334f,0.0362f,-0.3293f,0.0367f,0.9948f,0.0948f,1.2409f,-0.0328f,0.096f,-0.9948f,0.0359f,0f,0f,0f,1f],start_interpolation: 0,interpolation_duration: 1}
$data merge entity $(rightleg) {transformation: [-0.9986f,0.0464f,0.0266f,-0.2495f,0.0368f,0.9569f,-0.2879f,2.264f,-0.0388f,-0.2866f,-0.9573f,-0.2424f,0f,0f,0f,1f],start_interpolation: 0,interpolation_duration: 1}
data modify entity @s data merge value {"cameras":{},"locators":{"soup":{"px":0.8435987709253953,"py":1.8769661619577216,"pz":-0.13484501819218916,"ry":90.34028790087464,"rx":-9.54166404439055e-15},"lefthand":{"px":0.8759641188333436,"py":1.8585768767066302,"pz":-0.32254607296012383,"ry":0.34028790087464245,"rx":2.2533333333333334},"sword":{"px":-0.5583701403996273,"py":1.2360340363998792,"pz":-3.8528288126311616,"ry":185.0046378418236,"rx":11.642734295004391},"righthand":{"px":-0.8693588912056145,"py":1.9577847689889367,"pz":-0.21446807208944865,"ry":2.452518770804346,"rx":-11.700046897716968},"chest":{"px":-0.37717082360438586,"py":2.6507896372521915,"pz":0.201579873803028,"ry":0.34028790087464245,"rx":2.2533333333333334}}}