# This file was generated by Animated Java via MC-Build. It is not recommended to edit this file directly.
$data merge entity $(bone_nose) { transformation: [-0.9934200686956863f,0.010848939411621674f,0.114012576614604f,-0.8370830501578455f,0.028419456474172877f,0.9877182972923219f,0.15363886125479162f,2.5532130282033516f,-0.11094548934666328f,0.15586810356066913f,-0.9815274997095241f,1.2664875175166561f,0f,0f,0f,1f], start_interpolation: 0, interpolation_duration: 1 }
$data merge entity $(bone_glowing_eye) { transformation: [-0.9934200686956863f,0.007890383091600922f,0.11425545486901605f,-0.9647133312074558f,0.028419456474172877f,0.9834045869316655f,0.1791863635868336f,2.6170971208113265f,-0.11094548934666328f,0.18125440755034927f,-0.9771580927041444f,1.2989902698002622f,0f,0f,0f,1f], start_interpolation: 0, interpolation_duration: 1 }
$data merge entity $(bone_head) { transformation: [-0.9934200686956863f,0.007890383091600922f,0.11425545486901605f,-0.8166624248030516f,0.028419456474172877f,0.9834045869316655f,0.1791863635868336f,2.4653388454618166f,-0.11094548934666328f,0.18125440755034927f,-0.9771580927041444f,1.061129051043048f,0f,0f,0f,1f], start_interpolation: 0, interpolation_duration: 1 }
$data merge entity $(bone_leftthumb2) { transformation: [-0.49983606512656337f,-0.5577094912952344f,0.6626643428750373f,0.9726016739413812f,-0.8647352999356672f,0.27809195814105336f,-0.4182077520353323f,1.2104410517934956f,0.0489568079429754f,-0.7820645664754832f,-0.6212714743327182f,2.5597295880027433f,0f,0f,0f,1f], start_interpolation: 0, interpolation_duration: 1 }
$data merge entity $(bone_leftthumb) { transformation: [-0.49983606512656337f,-0.5577094912952344f,0.6626643428750373f,0.8924572421036532f,-0.8647352999356672f,0.27809195814105336f,-0.4182077520353323f,1.2429020298683435f,0.0489568079429754f,-0.7820645664754832f,-0.6212714743327182f,2.3148418115410916f,0f,0f,0f,1f], start_interpolation: 0, interpolation_duration: 1 }
$data merge entity $(bone_leftpointerfinger) { transformation: [-0.27894438185521453f,-0.69502949614632f,0.6626643428750373f,1.1611876296303871f,-0.9076984316637546f,-0.03443593025771041f,-0.4182077520353323f,1.2266300411571178f,0.31348618627711866f,-0.7181560876257185f,-0.6212714743327182f,2.5369799961877506f,0f,0f,0f,1f], start_interpolation: 0, interpolation_duration: 1 }
$data merge entity $(bone_leftmidfinger) { transformation: [-0.49983606512656337f,-0.5577094912952344f,0.6626643428750373f,1.2647289332046117f,-0.8647352999356672f,0.27809195814105336f,-0.4182077520353323f,1.1612850799015972f,0.0489568079429754f,-0.7820645664754832f,-0.6212714743327182f,2.4399063283232634f,0f,0f,0f,1f], start_interpolation: 0, interpolation_duration: 1 }
$data merge entity $(bone_leftringfinger) { transformation: [-0.6752144925728588f,-0.3239774030724549f,0.6626643428750373f,1.3682702367788364f,-0.6924900595960244f,0.5878433409491411f,-0.4182077520353323f,1.0959401186460764f,-0.25405295979435283f,-0.7412684053702678f,-0.6212714743327182f,2.342832660458776f,0f,0f,0f,1f], start_interpolation: 0, interpolation_duration: 1 }
$data merge entity $(bone_invisibility) { transformation: [-0.49783223530809434f,-0.7087502899378173f,0.49983606512656337f,0.9857606310938956f,0.240584527030601f,0.44085365644239954f,0.8647352999356669f,1.107977472591962f,-0.8332359514816963f,0.5507459306380996f,-0.048956807942975564f,2.4800358192917002f,0f,0f,0f,1f], start_interpolation: 0, interpolation_duration: 1 }
$data merge entity $(bone_swiftness) { transformation: [0.6626643428750372f,-0.5577094912952344f,0.49983606512656353f,1.1595004475925104f,-0.41820775203533245f,0.27809195814105336f,0.8647352999356671f,0.946867058432783f,-0.6212714743327182f,-0.7820645664754832f,-0.048956807942975536f,2.47200198104235f,0f,0f,0f,1f], start_interpolation: 0, interpolation_duration: 1 }
$data merge entity $(bone_suspicious_stew) { transformation: [-0.22540240216172852f,-0.8362760699066526f,0.4998360651265634f,1.136152827787429f,0.07529467396384917f,0.49655168222235346f,0.8647352999356674f,1.0165279585474751f,-0.9713518771137473f,0.23254840739862048f,-0.0489568079429755f,2.4002066944078537f,0f,0f,0f,1f], start_interpolation: 0, interpolation_duration: 1 }
$data merge entity $(bone_log) { transformation: [-0.49983606512656337f,-0.5577094912952344f,0.6626643428750373f,1.0506419013421768f,-0.8647352999356672f,0.27809195814105336f,-0.4182077520353323f,0.9506170305694819f,0.0489568079429754f,-0.7820645664754832f,-0.6212714743327182f,2.277916223983726f,0f,0f,0f,1f], start_interpolation: 0, interpolation_duration: 1 }
$data merge entity $(bone_planks) { transformation: [-0.49983606512656337f,-0.5577094912952344f,0.6626643428750373f,1.0037822702365615f,-0.8647352999356672f,0.27809195814105336f,-0.4182077520353323f,0.8695480962005131f,0.0489568079429754f,-0.7820645664754832f,-0.6212714743327182f,2.28250592472838f,0f,0f,0f,1f], start_interpolation: 0, interpolation_duration: 1 }
$data merge entity $(bone_lefthand) { transformation: [-0.49983606512656337f,-0.5577094912952344f,0.6626643428750373f,1.0154652840851641f,-0.8647352999356672f,0.27809195814105336f,-0.4182077520353323f,1.2493928373397662f,0.0489568079429754f,-0.7820645664754832f,-0.6212714743327182f,2.0895756139520087f,0f,0f,0f,1f], start_interpolation: 0, interpolation_duration: 1 }
$data merge entity $(bone_leftforearm) { transformation: [-0.7461195888082501f,-0.4010537652443344f,0.5314710119846147f,0.6644318625877019f,-0.6120387471948289f,0.7273975182585326f,-0.3103247047263751f,1.721744660715669f,-0.2621338038651103f,-0.556820193432916f,-0.7881859812611095f,1.675310725153382f,0f,0f,0f,1f], start_interpolation: 0, interpolation_duration: 1 }
$data merge entity $(bone_leftelbow) { transformation: [-0.7461195888082501f,-0.4010537652443344f,0.5314710119846147f,0.5892342816043892f,-0.6120387471948289f,0.7273975182585326f,-0.3103247047263751f,1.8581316953891438f,-0.2621338038651103f,-0.556820193432916f,-0.7881859812611095f,1.5709069388847103f,0f,0f,0f,1f], start_interpolation: 0, interpolation_duration: 1 }
$data merge entity $(bone_leftarm) { transformation: [-0.7283601321210804f,-0.6182224798972887f,0.29545301366919413f,0.06606667383061482f,-0.6723969767682413f,0.7278433963465845f,-0.13463393341798224f,2.0802255548077215f,-0.13180980073382859f,-0.29672370270053416f,-0.945823038779556f,1.4753416877263117f,0f,0f,0f,1f], start_interpolation: 0, interpolation_duration: 1 }
$data merge entity $(bone_rightthumb2) { transformation: [-0.663264597747909f,0.194062278089162f,0.7227862101597883f,-1.4496088518826598f,0.5592833779081803f,0.7702671638371648f,0.30641572986690147f,1.8478124892707264f,-0.4972747495800688f,0.6074770189374205f,-0.6194267469951432f,-1.3240224910858989f,0f,0f,0f,1f], start_interpolation: 0, interpolation_duration: 1 }
$data merge entity $(bone_rightthumb) { transformation: [-0.663264597747909f,0.194062278089162f,0.7227862101597883f,-1.3402490310936483f,0.5592833779081803f,0.7702671638371648f,0.30641572986690147f,2.062900256433163f,-0.4972747495800688f,0.6074770189374205f,-0.6194267469951432f,-1.227977969500476f,0f,0f,0f,1f], start_interpolation: 0, interpolation_duration: 1 }
$data merge entity $(bone_rightpointerfinger) { transformation: [-0.22744047478129298f,0.4378106018013651f,0.8698233771183589f,-1.4635873069856309f,0.9675945058459561f,0.2022198718897285f,0.15122167724774732f,2.0684669417950636f,-0.10968911836631745f,0.8760302508265501f,-0.4696161165769248f,-1.5544482646102682f,0f,0f,0f,1f], start_interpolation: 0, interpolation_duration: 1 }
$data merge entity $(bone_rightmidfinger) { transformation: [-0.203317682991707f,0.4495210922763216f,0.8698233771183589f,-1.3276774043108872f,0.9771522141456926f,0.14935044265267075f,0.15122167724774732f,2.092095328865024f,-0.061931172870003104f,0.8806958799030197f,-0.4696161165769248f,-1.6278257828254128f,0f,0f,0f,1f], start_interpolation: 0, interpolation_duration: 1 }
$data merge entity $(bone_rightringfinger) { transformation: [-0.18351633495611896f,0.4579618405748311f,0.8698233771183589f,-1.1917675016361438f,0.9827367565682801f,0.1065855131808972f,0.15122167724774732f,2.1157237159349847f,-0.023456813379709923f,0.8825590523909875f,-0.4696161165769248f,-1.7012033010405572f,0f,0f,0f,1f], start_interpolation: 0, interpolation_duration: 1 }
$data merge entity $(bone_hugeasssword) { transformation: [-1.0899587837060922f,1.5955956040692885f,3.406808227046906f,-1.1845980135574667f,3.6674595229730738f,1.2406518525915637f,0.592284902553677f,1.9053508233753742f,-0.8378593407928516f,3.354867423120274f,-1.839329789926289f,-1.3896759886074541f,0f,0f,0f,1f], start_interpolation: 0, interpolation_duration: 1 }
$data merge entity $(bone_ice) { transformation: [-0.27828734903134267f,0.40738611167726513f,0.8698233771183589f,-1.1866151817238093f,0.9363726441633379f,0.3167621751297609f,0.15122167724774732f,1.8857705918239196f,-0.21392153381945148f,0.8565618952647507f,-0.4696161165769248f,-1.3997172442550367f,0f,0f,0f,1f], start_interpolation: 0, interpolation_duration: 1 }
$data merge entity $(bone_righthand) { transformation: [-0.27828734903134267f,0.40738611167726513f,0.8698233771183589f,-1.12715851052738f,0.9363726441633379f,0.3167621751297609f,0.15122167724774732f,2.2037799740611863f,-0.21392153381945148f,0.8565618952647507f,-0.4696161165769248f,-1.253732657536741f,0f,0f,0f,1f], start_interpolation: 0, interpolation_duration: 1 }
$data merge entity $(bone_rightforearm) { transformation: [-0.5624105706388665f,-0.005365424795295226f,0.8268407115342296f,-1.061642034215037f,0.7444781053104294f,0.4318304527948288f,0.5091903482514243f,2.4456928682433703f,-0.3597870213710578f,0.901938840640417f,-0.2388715700897929f,-0.5883169252807008f,0f,0f,0f,1f], start_interpolation: 0, interpolation_duration: 1 }
$data merge entity $(bone_rightelbow) { transformation: [-0.5624105706388665f,-0.005365424795295226f,0.8268407115342296f,-1.062648051364155f,0.7444781053104294f,0.4318304527948288f,0.5091903482514243f,2.526661078142401f,-0.3597870213710578f,0.901938840640417f,-0.2388715700897929f,-0.41920339266062256f,0f,0f,0f,1f], start_interpolation: 0, interpolation_duration: 1 }
$data merge entity $(bone_rightarm) { transformation: [-0.46981937518554917f,-0.32607183541272666f,0.8203334156614834f,-1.1979574534581454f,0.84433075492657f,0.1052250857913659f,0.5253886728940094f,2.3277273719285057f,-0.25763410291611f,0.9394705101655804f,0.2258756948939743f,0.10343513180698083f,0f,0f,0f,1f], start_interpolation: 0, interpolation_duration: 1 }
$data merge entity $(bone_chest) { transformation: [-0.8104584829952043f,-0.662399030526279f,0.2691945285490721f,-0.39661740461248157f,0.15632013983499116f,0.24840642203968316f,1.0051698739447346f,2.3909075758531793f,-0.7016638599316571f,0.8204467593685771f,-0.08699706151528802f,0.5557861150235213f,0f,0f,0f,1f], start_interpolation: 0, interpolation_duration: 1 }
$data merge entity $(bone_chest1lid) { transformation: [-0.748115522764804f,-0.6114452589473345f,0.2577942200848795f,-0.33427688619286366f,0.144295513693838f,0.22929823572893832f,0.9626012278297944f,1.9095958162087108f,-0.6476897168599912f,0.7573354701863789f,-0.08331276175593452f,-0.1505951972346828f,0f,0f,0f,1f], start_interpolation: 0, interpolation_duration: 1 }
$data merge entity $(bone_chest1) { transformation: [-0.748115522764804f,-0.6114452589473345f,0.2577942200848795f,-0.23873856448234265f,0.144295513693838f,0.22929823572893832f,0.9626012278297944f,1.873767966876064f,-0.6476897168599912f,0.7573354701863789f,-0.08331276175593452f,-0.2689288644513045f,0f,0f,0f,1f], start_interpolation: 0, interpolation_duration: 1 }
$data merge entity $(bone_chest1lid3) { transformation: [-0.748115522764804f,-0.6114452589473345f,0.2577942200848795f,-0.1223702437781875f,0.144295513693838f,0.22929823572893832f,0.9626012278297944f,2.517243758181308f,-0.6476897168599912f,0.7573354701863789f,-0.08331276175593452f,-0.16348682793082897f,0f,0f,0f,1f], start_interpolation: 0, interpolation_duration: 1 }
$data merge entity $(bone_chest3) { transformation: [-0.748115522764804f,-0.6114452589473345f,0.2577942200848795f,-0.02683192206766649f,0.144295513693838f,0.22929823572893832f,0.9626012278297944f,2.4814159088486614f,-0.6476897168599912f,0.7573354701863789f,-0.08331276175593452f,-0.28182049514745067f,0f,0f,0f,1f], start_interpolation: 0, interpolation_duration: 1 }
$data merge entity $(bone_hugeasssword2) { transformation: [-1.009694028665779f,0.542388580682321f,-3.7452116594125706f,-1.9587420129087132f,-3.7701881423333616f,0.1900595033093573f,1.043952362126021f,3.0925846859808175f,0.32630831687740985f,3.8742702268330484f,0.4731076723003071f,0.6142194219406917f,0f,0f,0f,1f], start_interpolation: 0, interpolation_duration: 1 }
$data merge entity $(bone_belt) { transformation: [-0.748115522764804f,-0.6114452589473345f,0.2577942200848795f,-0.1620898609567426f,0.144295513693838f,0.22929823572893832f,0.9626012278297944f,2.171762818239718f,-0.6476897168599912f,0.7573354701863789f,-0.08331276175593452f,0.2855231376421097f,0f,0f,0f,1f], start_interpolation: 0, interpolation_duration: 1 }
$data merge entity $(bone_torn_part) { transformation: [-0.6482402496221774f,-0.6710413145174889f,0.3598445955970687f,-0.04475208173990233f,0.13203430037545438f,0.36636613279184527f,0.9210552645023601f,2.068905227282468f,-0.7499010083298606f,0.6445769240003778f,-0.14889280288875567f,-0.025240511570191193f,0f,0f,0f,1f], start_interpolation: 0, interpolation_duration: 1 }
$data merge entity $(bone_lowerbody) { transformation: [-0.6482402496221774f,-0.530222382706345f,0.5464876976172324f,0.20060044546567263f,0.13203430037545438f,0.6285609910149765f,0.7664711502063435f,1.641311700744629f,-0.7499010083298606f,0.5690125705566417f,-0.3374509923742729f,-0.1823921146399563f,0f,0f,0f,1f], start_interpolation: 0, interpolation_duration: 1 }
$data merge entity $(bone_leftfoot) { transformation: [-0.9642457729292775f,-0.03923612855644386f,0.2620548414668208f,0.3355457973910083f,-0.050155268299994345f,0.9981287851621164f,-0.035125777059314134f,0.1343248231863583f,-0.2601818823000782f,-0.04699118895742556f,-0.9644193325807665f,0.5179876892367352f,0f,0f,0f,1f], start_interpolation: 0, interpolation_duration: 1 }
$data merge entity $(bone_leftlowerleg) { transformation: [-0.9642457729292775f,-0.04262901156758825f,0.26152434130128077f,0.24807216681126654f,-0.050155268299994345f,0.9985001836036256f,-0.022187278489013917f,1.245444942642124f,-0.2601818823000782f,-0.03448856164649522f,-0.9649473353560388f,0.6279868775930177f,0f,0f,0f,1f], start_interpolation: 0, interpolation_duration: 1 }
$data merge entity $(bone_leftleg) { transformation: [-0.9233002823464641f,0.36644955925317924f,0.1149439078005554f,0.5554685047572363f,0.04395311157143897f,0.39813773205044795f,-0.9162886246857269f,1.5601001867844257f,-0.3815294388407383f,-0.8409405846674765f,-0.38372262733786905f,-0.11658054744635821f,0f,0f,0f,1f], start_interpolation: 0, interpolation_duration: 1 }
$data merge entity $(bone_rightfoot) { transformation: [-0.4346236546928471f,-0.02799564635944318f,0.9001793819824658f,-0.2844414958096391f,0.09641254020138426f,0.9923154517694078f,0.07740653073866835f,0.21120698789792924f,-0.895436469647575f,0.1204330976286968f,-0.4285882591720664f,-0.24898794653781947f,0f,0f,0f,1f], start_interpolation: 0, interpolation_duration: 1 }
$data merge entity $(bone_rightlowerleg) { transformation: [-0.4346236546928471f,-0.03965943928527074f,0.8997409654100424f,-0.46667994923526573f,0.09641254020138426f,0.9912289423103536f,0.09026023901817548f,1.296983504936881f,-0.895436469647575f,0.12597740123451048f,-0.4269914768268621f,-0.04362639471654817f,0f,0f,0f,1f], start_interpolation: 0, interpolation_duration: 1 }
$data merge entity $(bone_rightleg) { transformation: [-0.5677735868598147f,0.7668643600453698f,0.29923309569829504f,0.22213539424729895f,0.07926509417456737f,0.41274472575663435f,-0.9073893480696676f,1.6761498042784087f,-0.8193596273370062f,-0.49146805059157816f,-0.29513408045923484f,-0.46732191771460113f,0f,0f,0f,1f], start_interpolation: 0, interpolation_duration: 1 }
data modify entity @s data merge value {"locators":{"lefthand":{"posx":1.1307184560978099,"posy":1.0164945268342331,"posz":2.344132684281418,"roty":46.8465218363842,"rotx":-24.72148699321273},"righthand":{"posx":-1.2326610189579295,"posy":1.966243279520834,"posz":-1.4258184158426077,"roty":61.63546768998643,"rotx":8.697731172743767},"chest":{"posx":-0.3597205144833178,"posy":1.749367469430179,"posz":-0.20515134874884142,"roty":72.09044127678852,"rotx":74.2808453704352},"sack":{"posx":0,"posy":-0.4375,"posz":0,"roty":0,"rotx":0}},"cameras":{}}