# This file was generated by Animated Java via MC-Build. It is not recommended to edit this file directly.
$data merge entity $(bone_nose) { transformation: [-0.9661588175113826f,0.16819221596689923f,-0.19557228288576878f,-0.08285603064501743f,0.0023190680873557135f,0.7638181996180704f,0.6454272847156493f,3.4169445429721264f,0.2579375142708277f,0.6231317167504425f,-0.7383597377372585f,1.145500980393153f,0f,0f,0f,1f], start_interpolation: 0, interpolation_duration: 1 }
$data merge entity $(bone_glowing_eye) { transformation: [-0.9661588175113826f,0.16819221596689923f,-0.19557228288576878f,-0.1854132862072507f,0.0023190680873557135f,0.7638181996180704f,0.6454272847156493f,3.4464285361278555f,0.2579375142708277f,0.6231317167504425f,-0.7383597377372585f,1.245699774369388f,0f,0f,0f,1f], start_interpolation: 0, interpolation_duration: 1 }
$data merge entity $(bone_head) { transformation: [-0.9661588175113826f,0.16819221596689923f,-0.19557228288576878f,-0.14024576770370983f,0.0023190680873557135f,0.7638181996180704f,0.6454272847156493f,3.44349014481459f,0.2579375142708277f,0.6231317167504425f,-0.7383597377372585f,0.9302970706054332f,0f,0f,0f,1f], start_interpolation: 0, interpolation_duration: 1 }
$data merge entity $(bone_leftthumb2) { transformation: [-0.6814946677963054f,0.3007452094026615f,0.6671711450494193f,1.1404304881145761f,-0.009481893418566034f,0.9079511693094441f,-0.4189686955451595f,2.12453239310702f,-0.7317616493520295f,-0.29185097767690116f,-0.6159122464821059f,1.3086110081794537f,0f,0f,0f,1f], start_interpolation: 0, interpolation_duration: 1 }
$data merge entity $(bone_leftthumb) { transformation: [-0.6814946677963054f,0.3007452094026615f,0.6671711450494193f,1.2712007732595692f,-0.009481893418566034f,0.9079511693094441f,-0.4189686955451595f,2.311396590446841f,-0.7317616493520295f,-0.29185097767690116f,-0.6159122464821059f,1.1844024239827817f,0f,0f,0f,1f], start_interpolation: 0, interpolation_duration: 1 }
$data merge entity $(bone_leftpointerfinger) { transformation: [-0.5426523732577246f,0.5470148054052998f,0.6374191748489857f,1.2905108907706597f,0.2503151954083692f,0.8297057822896728f,-0.4989294717520226f,2.025700589468312f,-0.8017921830159167f,-0.11118955662509278f,-0.5871679297714463f,1.3682949503713882f,0f,0f,0f,1f], start_interpolation: 0, interpolation_duration: 1 }
$data merge entity $(bone_leftmidfinger) { transformation: [-0.5364601688638629f,0.5530888561139111f,0.6374191748489857f,1.3901076368408138f,0.25963944529861516f,0.8268353770021428f,-0.4989294717520226f,1.9477428595070583f,-0.8029930545574995f,-0.10215662768675648f,-0.5871679297714463f,1.2765499613445996f,0f,0f,0f,1f], start_interpolation: 0, interpolation_duration: 1 }
$data merge entity $(bone_leftringfinger) { transformation: [-0.5364601688638629f,0.5530888561139111f,0.6374191748489857f,1.4897043829109677f,0.25963944529861516f,0.8268353770021428f,-0.4989294717520226f,1.8697851295458048f,-0.8029930545574995f,-0.10215662768675648f,-0.5871679297714463f,1.1848049723178111f,0f,0f,0f,1f], start_interpolation: 0, interpolation_duration: 1 }
$data merge entity $(bone_invisibility) { transformation: [0.2614494192156132f,-0.6169801522771201f,0.742280063647085f,1.1779583137483314f,0.7981312998416901f,0.5706627420210615f,0.1932109289921709f,2.1036994970307528f,-0.542798884859607f,0.5419220668741077f,0.6416306133828573f,1.233054041435894f,0f,0f,0f,1f], start_interpolation: 0, interpolation_duration: 1 }
$data merge entity $(bone_swiftness) { transformation: [0.6374191748489856f,0.2066811618094846f,0.7422800636470851f,1.2308260266389672f,-0.4989294717520227f,0.8448307044226259f,0.1932109289921709f,1.8856828582142224f,-0.5871679297714464f,-0.4935017509774934f,0.6416306133828574f,1.156370392087502f,0f,0f,0f,1f], start_interpolation: 0, interpolation_duration: 1 }
$data merge entity $(bone_suspicious_stew) { transformation: [0.4567017300565871f,-0.490350728433639f,0.7422800636470851f,1.2877862295726965f,0.554819940062839f,0.8092245491992012f,0.19321092899217115f,1.9705487818074379f,-0.6954123696570178f,0.323592014885951f,0.6416306133828577f,1.1460929491808176f,0f,0f,0f,1f], start_interpolation: 0, interpolation_duration: 1 }
$data merge entity $(bone_log) { transformation: [-0.742280063647085f,0.2066811618094846f,0.6374191748489857f,1.2739116426530142f,-0.19321092899217102f,0.8448307044226259f,-0.4989294717520226f,2.034651776278874f,-0.6416306133828575f,-0.4935017509774934f,-0.5871679297714463f,0.9967288635959515f,0f,0f,0f,1f], start_interpolation: 0, interpolation_duration: 1 }
$data merge entity $(bone_planks) { transformation: [-0.742280063647085f,0.2066811618094846f,0.6374191748489857f,1.2043228866861f,-0.19321092899217102f,0.8448307044226259f,-0.4989294717520226f,2.016538251685858f,-0.6416306133828575f,-0.4935017509774934f,-0.5871679297714463f,0.9365759935913087f,0f,0f,0f,1f], start_interpolation: 0, interpolation_duration: 1 }
$data merge entity $(bone_lefthand) { transformation: [-0.742280063647085f,0.2066811618094846f,0.6374191748489857f,1.4912325998031257f,-0.19321092899217102f,0.8448307044226259f,-0.4989294717520226f,2.309753730624824f,-0.6416306133828575f,-0.4935017509774934f,-0.5871679297714463f,1.0521100770026504f,0f,0f,0f,1f], start_interpolation: 0, interpolation_duration: 1 }
$data merge entity $(bone_leftforearm) { transformation: [-0.5825712370771488f,0.09940952951377299f,0.8066774443185154f,1.5213068524107514f,-0.43449389354819157f,0.8006839511362231f,-0.412456381769296f,2.844523971562222f,-0.686895778266058f,-0.5907816481871596f,-0.4232626063870155f,0.6017518371175767f,0f,0f,0f,1f], start_interpolation: 0, interpolation_duration: 1 }
$data merge entity $(bone_leftelbow) { transformation: [-0.5825712370771488f,0.09940952951377299f,0.8066774443185154f,1.539946139194584f,-0.43449389354819157f,0.8006839511362231f,-0.412456381769296f,2.994652212400264f,-0.686895778266058f,-0.5907816481871596f,-0.4232626063870155f,0.49098027808248434f,0f,0f,0f,1f], start_interpolation: 0, interpolation_duration: 1 }
$data merge entity $(bone_leftarm) { transformation: [-0.5506008932380276f,-0.8263105094829098f,0.11853100136074338f,0.8023274036121992f,-0.7300468830750722f,0.5455062767948688f,0.4116484549828554f,3.039645561166135f,-0.4048088498018023f,0.14012081892243622f,-0.9036016551703786f,0.6588620590475125f,0f,0f,0f,1f], start_interpolation: 0, interpolation_duration: 1 }
$data merge entity $(bone_rightthumb2) { transformation: [-0.8856257437184067f,-0.4528761947666667f,-0.10281145012538054f,-1.3762803198226905f,-0.29223976949149844f,0.715537465373055f,-0.6345093007790031f,2.09225188180444f,0.36091960211489665f,-0.5318921769129232f,-0.7660468346961931f,1.610241192595638f,0f,0f,0f,1f], start_interpolation: 0, interpolation_duration: 1 }
$data merge entity $(bone_rightthumb) { transformation: [-0.8856257437184067f,-0.4528761947666667f,-0.10281145012538054f,-1.4961308195168446f,-0.29223976949149844f,0.715537465373055f,-0.6345093007790031f,2.21350850008487f,0.36091960211489665f,-0.5318921769129232f,-0.7660468346961931f,1.4143341780230205f,0f,0f,0f,1f], start_interpolation: 0, interpolation_duration: 1 }
$data merge entity $(bone_rightpointerfinger) { transformation: [-0.7223047581983671f,-0.6903654626231724f,-0.04088232259903779f,-1.4932998160684416f,-0.4539273365687429f,0.5178669715158739f,-0.7250956991519009f,1.9474965557010404f,0.5217526323839736f,-0.5051824698364646f,-0.6874335333472786f,1.6265632470489426f,0f,0f,0f,1f], start_interpolation: 0, interpolation_duration: 1 }
$data merge entity $(bone_rightmidfinger) { transformation: [-0.714487452559088f,-0.6984528014365279f,-0.04088232259903779f,-1.4996876789745415f,-0.45972827299507013f,0.5127242359011187f,-0.7250956991519009f,1.834200352708556f,0.5274064799986778f,-0.4992770193841097f,-0.6874335333472786f,1.5191517574634303f,0f,0f,0f,1f], start_interpolation: 0, interpolation_duration: 1 }
$data merge entity $(bone_rightringfinger) { transformation: [-0.714487452559088f,-0.6984528014365279f,-0.04088232259903779f,-1.506075541880641f,-0.45972827299507013f,0.5127242359011187f,-0.7250956991519009f,1.7209041497160715f,0.5274064799986778f,-0.4992770193841097f,-0.6874335333472786f,1.411740267877918f,0f,0f,0f,1f], start_interpolation: 0, interpolation_duration: 1 }
$data merge entity $(bone_hugeasssword) { transformation: [-3.796571832802267f,-0.9490420978563656f,-0.16012243017956468f,-1.3220486947214238f,-0.5407631321294888f,2.6424402908089184f,-2.8399581550116118f,2.0147928530157913f,0.7961754398872942f,-2.7307702546687906f,-2.6924480056101747f,1.3408303146100762f,0f,0f,0f,1f], start_interpolation: 0, interpolation_duration: 1 }
$data merge entity $(bone_ice) { transformation: [-0.9693374892261106f,-0.24230862072928483f,-0.04088232259903779f,-1.3031167242533708f,-0.13806718267135884f,0.6746656061639791f,-0.7250956991519009f,2.006408502648719f,0.20327883571590488f,-0.6972179373622444f,-0.6874335333472786f,1.3485481130733004f,0f,0f,0f,1f], start_interpolation: 0, interpolation_duration: 1 }
$data merge entity $(bone_righthand) { transformation: [-0.9693374892261106f,-0.24230862072928483f,-0.04088232259903779f,-1.6073058243234395f,-0.13806718267135884f,0.6746656061639791f,-0.7250956991519009f,2.117898867923377f,0.20327883571590488f,-0.6972179373622444f,-0.6874335333472786f,1.203581039744613f,0f,0f,0f,1f], start_interpolation: 0, interpolation_duration: 1 }
$data merge entity $(bone_rightforearm) { transformation: [-0.4746755074523502f,-0.0011071294095250095f,-0.8801601768367647f,-1.6027881177042433f,0.5085729884576512f,0.8158198390901332f,-0.2753025709255232f,2.6288158883485444f,0.7183569294133021f,-0.5783050790122977f,-0.38668663999739206f,0.7295038264466793f,0f,0f,0f,1f], start_interpolation: 0, interpolation_duration: 1 }
$data merge entity $(bone_rightelbow) { transformation: [-0.4746755074523502f,-0.0011071294095250095f,-0.8801601768367647f,-1.6029957044685292f,0.5085729884576512f,0.8158198390901332f,-0.2753025709255232f,2.7817821081779446f,0.7183569294133021f,-0.5783050790122977f,-0.38668663999739206f,0.6210716241318736f,0f,0f,0f,1f], start_interpolation: 0, interpolation_duration: 1 }
$data merge entity $(bone_rightarm) { transformation: [-0.6270182540850154f,0.7088752418682938f,-0.32302321976964377f,-1.0043080942451055f,0.6861936561345886f,0.6988847674644065f,0.2017383158620793f,2.9579028101675244f,0.3687633052851451f,-0.09516287759620623f,-0.9246392006630395f,0.5892291166309738f,0f,0f,0f,1f], start_interpolation: 0, interpolation_duration: 1 }
$data merge entity $(bone_chest) { transformation: [-1.0806715416694503f,-0.07497859540900628f,0.011761818200332447f,-0.09623147059508116f,-0.04192019247638193f,0.7296423633824158f,0.7996723267261265f,3.06144363130137f,-0.06326790339206938f,0.7972523708960209f,-0.73075094294305f,0.3918525852655835f,0f,0f,0f,1f], start_interpolation: 0, interpolation_duration: 1 }
$data merge entity $(bone_chest1lid) { transformation: [-0.9975429615410311f,-0.06921101114677504f,0.010857062954153028f,-0.393765803410454f,-0.038695562285891015f,0.6735160277376147f,0.7381590708241168f,2.299061871938501f,-0.05840114159267942f,0.7359252654424808f,-0.6745393319474308f,0.13290551307237602f,0f,0f,0f,1f], start_interpolation: 0, interpolation_duration: 1 }
$data merge entity $(bone_chest1) { transformation: [-0.9975429615410311f,-0.06921101114677504f,0.010857062954153028f,-0.38295158291877035f,-0.038695562285891015f,0.6735160277376147f,0.7381590708241168f,2.193824992604499f,-0.05840114159267942f,0.7359252654424808f,-0.6745393319474308f,0.017917190346988382f,0f,0f,0f,1f], start_interpolation: 0, interpolation_duration: 1 }
$data merge entity $(bone_chest1lid3) { transformation: [-0.9975429615410311f,-0.06921101114677504f,0.010857062954153028f,-0.3244640623591353f,-0.038695562285891015f,0.6735160277376147f,0.7381590708241168f,2.774363499328069f,-0.05840114159267942f,0.7359252654424808f,-0.6745393319474308f,-0.29557117510690445f,0f,0f,0f,1f], start_interpolation: 0, interpolation_duration: 1 }
$data merge entity $(bone_chest3) { transformation: [-0.9975429615410311f,-0.06921101114677504f,0.010857062954153028f,-0.31364984186745165f,-0.038695562285891015f,0.6735160277376147f,0.7381590708241168f,2.6691266199940666f,-0.05840114159267942f,0.7359252654424808f,-0.6745393319474308f,-0.41055949783229206f,0f,0f,0f,1f], start_interpolation: 0, interpolation_duration: 1 }
$data merge entity $(bone_hugeasssword2) { transformation: [-0.04252349657043358f,2.697437851874137f,-2.8394187020046635f,-1.4026853577711385f,-2.8911230273944577f,1.8939049269709471f,1.8425008943939374f,3.990810703147183f,2.641945716794104f,2.1159468189559005f,1.9705759733239097f,0.9950877679104685f,0f,0f,0f,1f], start_interpolation: 0, interpolation_duration: 1 }
$data merge entity $(bone_belt) { transformation: [-0.9975429615410311f,-0.06921101114677504f,0.010857062954153028f,-0.03813381107888498f,-0.038695562285891015f,0.6735160277376147f,0.7381590708241168f,2.6977744946946562f,-0.05840114159267942f,0.7359252654424808f,-0.6745393319474308f,0.1888808747459151f,0f,0f,0f,1f], start_interpolation: 0, interpolation_duration: 1 }
$data merge entity $(bone_torn_part) { transformation: [-0.996456423333365f,-0.029829456031679278f,0.07864349909898352f,-0.144555317388574f,-0.0024570683915411543f,0.9449251092309948f,0.3272774064302513f,2.509947174144117f,-0.08407472398168786f,0.32592444139347193f,-0.9416499876757586f,0.04772844185969227f,0f,0f,0f,1f], start_interpolation: 0, interpolation_duration: 1 }
$data merge entity $(bone_lowerbody) { transformation: [-0.996456423333365f,-0.004800301576638048f,0.08397352858163717f,-0.05671000000000002f,-0.0024570683915411543f,0.9996053080215133f,0.02798554966647861f,2.018163125f,-0.08407472398168786f,0.027680052022873405f,-0.9960749246454376f,0.18249624999999997f,0f,0f,0f,1f], start_interpolation: 0, interpolation_duration: 1 }
$data merge entity $(bone_leftfoot) { transformation: [-0.9187230784468451f,-0.17861002850372287f,-0.3521795297301738f,0.7225147720530859f,-0.26737148413701683f,0.9376795218904983f,0.22194420410127985f,0.22917944070027585f,0.29058661180929785f,0.2980748474636243f,-0.9092508577234573f,0.20294274435980553f,0f,0f,0f,1f], start_interpolation: 0, interpolation_duration: 1 }
$data merge entity $(bone_leftlowerleg) { transformation: [-0.9187230784468451f,-0.17861002850372287f,-0.3521795297301738f,0.578480115639367f,-0.26737148413701683f,0.9376795218904983f,0.22194420410127985f,1.2353169043432786f,0.29058661180929785f,0.2980748474636243f,-0.9092508577234573f,0.6733219445814704f,0f,0f,0f,1f], start_interpolation: 0, interpolation_duration: 1 }
$data merge entity $(bone_leftleg) { transformation: [-0.9430907340640626f,-0.3321738246589305f,-0.014920902019723237f,0.24123642106752063f,-0.2538345766472241f,0.7482220435205575f,-0.6129747199326374f,1.9729412391184509f,0.21477400941648472f,-0.5743033377940434f,-0.7899742777498663f,0.17151342101801986f,0f,0f,0f,1f], start_interpolation: 0, interpolation_duration: 1 }
$data merge entity $(bone_rightfoot) { transformation: [-0.9547774406924096f,0.035511728283929414f,0.29516745528012855f,-0.7429513968217145f,0.10907449570297176f,0.9654382174883227f,0.23668741735420573f,0.23739837993451118f,-0.2765564793807273f,0.2581872387913737f,-0.9256791355677552f,0.18649039481538254f,0f,0f,0f,1f], start_interpolation: 0, interpolation_duration: 1 }
$data merge entity $(bone_rightlowerleg) { transformation: [-0.9547774406924096f,0.035511728283929414f,0.29516745528012855f,-0.7489067614029052f,0.10907449570297176f,0.9654382174883227f,0.23668741735420573f,1.2720654162915963f,-0.2765564793807273f,0.2581872387913737f,-0.9256791355677552f,0.6151434121833301f,0f,0f,0f,1f], start_interpolation: 0, interpolation_duration: 1 }
$data merge entity $(bone_rightleg) { transformation: [-0.9194496617643673f,0.38925391854734037f,0.055469450204378504f,-0.36339694113674553f,0.26800781813736174f,0.7236930306577257f,-0.6359613659847385f,1.9746762743696966f,-0.2876875544729756f,-0.5698682165843052f,-0.7697378002728265f,0.12437124341126067f,0f,0f,0f,1f], start_interpolation: 0, interpolation_duration: 1 }
data modify entity @s data merge value {"locators":{"lefthand":{"posx":1.317393758246547,"posy":1.9945586750849977,"posz":1.10461105679839,"roty":47.34982860715087,"rotx":-29.92919965878742},"righthand":{"posx":-1.3895672553788136,"posy":1.9942526744762152,"posz":1.3892406831515027,"roty":356.59657441278546,"rotx":-46.47680945527183},"chest":{"posx":-0.4223097488485241,"posy":2.140420529067198,"posz":0.1904819189242358,"roty":0.9221258799422856,"rotx":47.57483187351379},"sack":{"posx":0,"posy":-0.4375,"posz":0,"roty":0,"rotx":0}},"cameras":{}}