# This file was generated by Animated Java via MC-Build. It is not recommended to edit this file directly.
$data merge entity $(bone_nose) { transformation: [-1f,0f,1.2246467991473532e-16f,-2.147024138517667e-17f,0f,1f,0f,4.227157487139918f,-1.2246467991473532e-16f,0f,-1f,0.17504200360082312f,0f,0f,0f,1f], start_interpolation: 0, interpolation_duration: 1 }
$data merge entity $(bone_glowing_eye) { transformation: [-1f,0f,1.2246467991473532e-16f,-0.12500000000000003f,0f,1f,0f,4.294865612139918f,-1.2246467991473532e-16f,0f,-1f,0.20993762860082305f,0f,0f,0f,1f], start_interpolation: 0, interpolation_duration: 1 }
$data merge entity $(bone_head) { transformation: [-1f,0f,1.2246467991473532e-16f,1.4618822522570948e-18f,0f,1f,0f,4.103680612139918f,-1.2246467991473532e-16f,0f,-1f,-0.012212996399176904f,0f,0f,0f,1f], start_interpolation: 0, interpolation_duration: 1 }
$data merge entity $(bone_leftthumb2) { transformation: [-0.8298760342607358f,-0.19082939272618427f,-0.5242994474834298f,1.1800718174189988f,0.4247817369837385f,0.3931735094988817f,-0.8154600341852514f,2.594779744869615f,0.3617543969114297f,-0.899443569269406f,-0.2452244319295272f,1.1938997484021971f,0f,0f,0f,1f], start_interpolation: 0, interpolation_duration: 1 }
$data merge entity $(bone_leftthumb) { transformation: [-0.8298760342607358f,-0.19082939272618427f,-0.5242994474834298f,1.0884670200400324f,0.4247817369837385f,0.3931735094988817f,-0.8154600341852514f,2.621515423401508f,0.3617543969114297f,-0.899443569269406f,-0.2452244319295272f,0.9523616919740272f,0f,0f,0f,1f], start_interpolation: 0, interpolation_duration: 1 }
$data merge entity $(bone_leftpointerfinger) { transformation: [-0.8222182605146634f,0.11247828375542972f,-0.5579478181332678f,1.1530809073123034f,0.5087391113270567f,0.5848098109292246f,-0.6318085165990416f,2.332693801859694f,0.25522862042176564f,-0.8033343766604027f,-0.5380634075954662f,1.1373840916355904f,0f,0f,0f,1f], start_interpolation: 0, interpolation_duration: 1 }
$data merge entity $(bone_leftmidfinger) { transformation: [-0.8222182605146634f,0.11247828375542972f,-0.5579478181332678f,1.0659015607289803f,0.5087391113270567f,0.5848098109292246f,-0.6318085165990416f,2.2339737211410937f,0.25522862042176564f,-0.8033343766604027f,-0.5380634075954662f,1.0533116841987988f,0f,0f,0f,1f], start_interpolation: 0, interpolation_duration: 1 }
$data merge entity $(bone_leftringfinger) { transformation: [-0.8126792023341043f,0.16806768378819822f,-0.5579478181332678f,0.9787222141456573f,0.5472873499833224f,0.548903046904598f,-0.6318085165990416f,2.1352536404224938f,0.20007266340466484f,-0.8188154241127357f,-0.5380634075954662f,0.9692392767620073f,0f,0f,0f,1f], start_interpolation: 0, interpolation_duration: 1 }
$data merge entity $(bone_invisibility) { transformation: [-0.04862835650384029f,0.5558246582362187f,0.8298760342607354f,1.01491502020508f,0.5908330344047757f,0.6859131150379931f,-0.4247817369837385f,2.502999425302411f,-0.8053270195391312f,0.4696617377597064f,-0.3617543969114298f,1.1387571861922456f,0f,0f,0f,1f], start_interpolation: 0, interpolation_duration: 1 }
$data merge entity $(bone_swiftness) { transformation: [-0.557947818133268f,9.323588651602803e-17f,0.8298760342607356f,0.8670772670781861f,-0.6318085165990415f,0.6483660033329917f,-0.42478173698373867f,2.3188595907175387f,-0.5380634075954661f,-0.7613287895003074f,-0.3617543969114298f,1.159808362263398f,0f,0f,0f,1f], start_interpolation: 0, interpolation_duration: 1 }
$data merge entity $(bone_suspicious_stew) { transformation: [-0.23579893704149751f,0.5056724523342893f,0.829876034260736f,0.9102998043050924f,0.3206053406324641f,0.8466242918101394f,-0.42478173698373856f,2.3541431720338566f,-0.9173936324435885f,0.1658996065914753f,-0.36175439691142985f,1.0735575842759228f,0f,0f,0f,1f], start_interpolation: 0, interpolation_duration: 1 }
$data merge entity $(bone_log) { transformation: [-0.8298760342607358f,9.323588651602803e-17f,-0.5579478181332678f,0.8063451221181515f,0.4247817369837385f,0.6483660033329917f,-0.6318085165990416f,2.445396186077126f,0.3617543969114297f,-0.7613287895003074f,-0.5380634075954662f,0.9870842380677933f,0f,0f,0f,1f], start_interpolation: 0, interpolation_duration: 1 }
$data merge entity $(bone_planks) { transformation: [-0.8298760342607358f,9.323588651602803e-17f,-0.5579478181332678f,0.7285442439062075f,0.4247817369837385f,0.6483660033329917f,-0.6318085165990416f,2.4852194739193516f,0.3617543969114297f,-0.7613287895003074f,-0.5380634075954662f,1.0209987127782398f,0f,0f,0f,1f], start_interpolation: 0, interpolation_duration: 1 }
$data merge entity $(bone_lefthand1) { transformation: [-0.8298760342607358f,9.323588651602803e-17f,-0.5579478181332678f,1.03125f,0.4247817369837385f,0.6483660033329917f,-0.6318085165990416f,2.5210362688081593f,0.3617543969114297f,-0.7613287895003074f,-0.5380634075954662f,0.7231279229522174f,0f,0f,0f,1f], start_interpolation: 0, interpolation_duration: 1 }
$data merge entity $(bone_leftforearm) { transformation: [-1f,9.323588651602803e-17f,7.940193506577102e-17f,0.96875f,0f,0.6483660033329917f,-0.7613287895003074f,2.9888143772376115f,-1.2246467991473532e-16f,-0.7613287895003074f,-0.6483660033329917f,0.1979493366368917f,0f,0f,0f,1f], start_interpolation: 0, interpolation_duration: 1 }
$data merge entity $(bone_leftelbow) { transformation: [-1f,9.46767721604937e-17f,7.767822500474982e-17f,0.96875f,0f,0.6342908425419674f,-0.7730945136704833f,3.1077439102142304f,-1.2246467991473532e-16f,-0.7730945136704833f,-0.6342908425419674f,0.05299411532367609f,0f,0f,0f,1f], start_interpolation: 0, interpolation_duration: 1 }
$data merge entity $(bone_leftarm) { transformation: [-1f,1.6598403193722862e-17f,1.2133462340996153e-16f,0.75f,0f,0.990772388368952f,-0.13553624771876524f,3.6073656121399176f,-1.2246467991473532e-16f,-0.13553624771876524f,-0.990772388368952f,0.016187628600823185f,0f,0f,0f,1f], start_interpolation: 0, interpolation_duration: 1 }
$data merge entity $(bone_rightthumb2) { transformation: [-0.571266257776341f,0.24589287173449745f,-0.7830654879104155f,-1.1502947809722457f,0.8181284169179224f,0.09418758503505212f,-0.5672694176990672f,3.004014991658936f,-0.06573245893460303f,-0.9647100053671189f,-0.25497813511551126f,1.3532468958116493f,0f,0f,0f,1f], start_interpolation: 0, interpolation_duration: 1 }
$data merge entity $(bone_rightthumb) { transformation: [-0.571266257776341f,0.24589287173449745f,-0.7830654879104155f,-1.1569102173090025f,0.8181284169179224f,0.09418758503505212f,-0.5672694176990672f,2.9786363642188767f,-0.06573245893460303f,-0.9647100053671189f,-0.25497813511551126f,1.0948692083387699f,0f,0f,0f,1f], start_interpolation: 0, interpolation_duration: 1 }
$data merge entity $(bone_rightpointerfinger) { transformation: [-0.5814482353037386f,0.22074055201931342f,-0.7830654879104155f,-1.3367822575369723f,0.8132413351907817f,0.1297841996564908f,-0.5672694176990672f,3.010623104525004f,-0.023589836779493917f,-0.9666590247929892f,-0.25497813511551126f,1.392273091070344f,0f,0f,0f,1f], start_interpolation: 0, interpolation_duration: 1 }
$data merge entity $(bone_rightmidfinger) { transformation: [-0.5814482353037386f,0.22074055201931342f,-0.7830654879104155f,-1.4591362400229748f,0.8132413351907817f,0.1297841996564908f,-0.5672694176990672f,2.921987258009525f,-0.023589836779493917f,-0.9666590247929892f,-0.25497813511551126f,1.3524327574585453f,0f,0f,0f,1f], start_interpolation: 0, interpolation_duration: 1 }
$data merge entity $(bone_rightringfinger) { transformation: [-0.6052862887703949f,0.14295786186910103f,-0.7830654879104155f,-1.5814902225089773f,0.7893437054401883f,0.23482317267534378f,-0.5672694176990672f,2.8333514114940455f,0.10278629922570114f,-0.9614682144015477f,-0.25497813511551126f,1.3125924238467466f,0f,0f,0f,1f], start_interpolation: 0, interpolation_duration: 1 }
$data merge entity $(bone_hugeasssword) { transformation: [-0.000022374595096240023f,0.000009630804142934484f,-0.000030670064943157944f,-1.2452112524814642f,0.000032043362995951966f,0.0000036890137472062086f,-0.00002221805219321347f,2.732667335127495f,-0.000002574521308271952f,-0.00003778447521021217f,-0.000009986643625357526f,1.177920255384033f,0f,0f,0f,1f], start_interpolation: 0, interpolation_duration: 1 }
$data merge entity $(bone_ice) { transformation: [-0.571266257776341f,0.24589287173449745f,-0.7830654879104155f,-1.2401272933245604f,0.8181284169179224f,0.09418758503505212f,-0.5672694176990672f,2.718412397596979f,-0.06573245893460303f,-0.9647100053671189f,-0.25497813511551126f,1.1940209188887476f,0f,0f,0f,1f], start_interpolation: 0, interpolation_duration: 1 }
$data merge entity $(bone_righthand1) { transformation: [-0.571266257776341f,0.24589287173449745f,-0.7830654879104155f,-1.3459414363322217f,0.8181284169179224f,0.09418758503505212f,-0.5672694176990672f,2.928764228782127f,-0.06573245893460303f,-0.9647100053671189f,-0.25497813511551126f,0.9284422360909573f,0f,0f,0f,1f], start_interpolation: 0, interpolation_duration: 1 }
$data merge entity $(bone_rightforearm) { transformation: [-0.9508532367438797f,0.1906475231186388f,-0.24399107381708782f,-1.1486517088145445f,0.2952820578335875f,0.32111193656143056f,-0.8998308899561793f,3.150150788217849f,-0.09320208417867802f,-0.9276533006066954f,-0.3616251171838797f,0.2876615318190401f,0f,0f,0f,1f], start_interpolation: 0, interpolation_duration: 1 }
$data merge entity $(bone_rightelbow) { transformation: [-0.9508532367438797f,0.1906475231186388f,-0.24399107381708782f,-1.1129052982297998f,0.2952820578335875f,0.32111193656143056f,-0.8998308899561793f,3.2103592763231172f,-0.09320208417867802f,-0.9276533006066954f,-0.3616251171838797f,0.11372653795528467f,0f,0f,0f,1f], start_interpolation: 0, interpolation_duration: 1 }
$data merge entity $(bone_rightarm) { transformation: [-0.9508532367438797f,0.30962786255320845f,-0.0029510852951020405f,-0.75f,0.2952820578335875f,0.90384683052622f,-0.3096278625532084f,3.6073656121399176f,-0.09320208417867802f,-0.29528205783358746f,-0.9508532367438797f,0.016187628600823005f,0f,0f,0f,1f], start_interpolation: 0, interpolation_duration: 1 }
$data merge entity $(bone_chest1) { transformation: [-1.0833333333333333f,0f,1.3267006990762992e-16f,-0.002323124999999989f,0f,1.0833333333333333f,0f,3.4470649871399175f,-1.3267006990762992e-16f,0f,-1.0833333333333333f,-0.0938817463991769f,0f,0f,0f,1f], start_interpolation: 0, interpolation_duration: 1 }
$data merge entity $(bone_chest1lid) { transformation: [-1f,0f,1.2246467991473532e-16f,-0.34375000000000006f,0f,1f,0f,2.7636156121399176f,-1.2246467991473532e-16f,0f,-1f,0.297437628600823f,0f,0f,0f,1f], start_interpolation: 0, interpolation_duration: 1 }
$data merge entity $(bone_chest2) { transformation: [-1f,0f,1.2246467991473532e-16f,-0.34375000000000006f,0f,1f,0f,2.6073656121399176f,-1.2246467991473532e-16f,0f,-1f,0.297437628600823f,0f,0f,0f,1f], start_interpolation: 0, interpolation_duration: 1 }
$data merge entity $(bone_chest1lid3) { transformation: [-1f,0f,1.2246467991473532e-16f,-0.28124999999999994f,0f,1f,0f,2.7636156121399176f,-1.2246467991473532e-16f,0f,-1f,-0.343187371399177f,0f,0f,0f,1f], start_interpolation: 0, interpolation_duration: 1 }
$data merge entity $(bone_chest3) { transformation: [-1f,0f,1.2246467991473532e-16f,-0.28124999999999994f,0f,1f,0f,2.6073656121399176f,-1.2246467991473532e-16f,0f,-1f,-0.343187371399177f,0f,0f,0f,1f], start_interpolation: 0, interpolation_duration: 1 }
$data merge entity $(bone_hugeasssword2) { transformation: [-1.3493280322890861e-15f,2.887669569172986f,-2.646061646494669f,-1.234375f,2.1741867565575984e-16f,2.6460616464946694f,2.887669569172986f,4.607365612139917f,3.916666666666667f,5.710562051440511e-16f,-1.1937237951956666e-15f,-0.3588123713991771f,0f,0f,0f,1f], start_interpolation: 0, interpolation_duration: 1 }
$data merge entity $(bone_belt) { transformation: [-1f,0f,1.2246467991473532e-16f,0.029705624999999996f,0f,1f,0f,3.0487349871399174f,-1.2246467991473532e-16f,0f,-1f,0.0370207536008231f,0f,0f,0f,1f], start_interpolation: 0, interpolation_duration: 1 }
$data merge entity $(bone_torn_part) { transformation: [-1f,-3.6825839484795376e-17f,1.16796641102639e-16f,-0.09375000000000001f,0f,0.9537169507482269f,0.30070579950427306f,2.7636156121399176f,-1.2246467991473532e-16f,0.30070579950427306f,-0.9537169507482269f,0.031812628600823095f,0f,0f,0f,1f], start_interpolation: 0, interpolation_duration: 1 }
$data merge entity $(bone_lowerbody) { transformation: [-1f,0f,1.2246467991473532e-16f,0.0039062499999999787f,0f,1f,0f,2.2753343621399176f,-1.2246467991473532e-16f,0f,-1f,0.1724376286008231f,0f,0f,0f,1f], start_interpolation: 0, interpolation_duration: 1 }
$data merge entity $(bone_leftfoot) { transformation: [-0.9899601798931258f,-0.019271404678557716f,-0.14002662313890651f,0.31351006770516f,-0.02754476102959258f,0.9979718751230877f,0.057388349019035695f,0.1626863142607773f,0.13863667756330833f,0.06066918019079605f,-0.9884832432617073f,-0.19496954699911367f,0f,0f,0f,1f], start_interpolation: 0, interpolation_duration: 1 }
$data merge entity $(bone_leftlowerleg) { transformation: [-0.9899601798931258f,-0.007983671355264912f,-0.1411208815790959f,0.32633578834618415f,-0.02754476102959258f,0.9901590098582896f,0.13720940687968167f,1.2400623407464093f,0.13863667756330833f,0.13971899007702035f,-0.9804378998417312f,0.11067120151245097f,0f,0f,0f,1f], start_interpolation: 0, interpolation_duration: 1 }
$data merge entity $(bone_leftleg) { transformation: [-0.9899601798931258f,-0.046004741134278035f,-0.13365031245432296f,0.25f,-0.02754476102959258f,0.9902126607410905f,-0.13682168193628072f,2.2948656121399176f,0.13863667756330833f,-0.13176665094483578f,-0.9815382933604725f,0.0005626286008231264f,0f,0f,0f,1f], start_interpolation: 0, interpolation_duration: 1 }
$data merge entity $(bone_rightfoot) { transformation: [-0.996134482670008f,0.023405574988904394f,0.08466564530666658f,-0.3166379043345153f,0.027716555509782616f,0.9983592520152639f,0.05010585261420167f,0.15192221664868955f,-0.08335397402900858f,0.05225880763050121f,-0.9951487989434593f,-0.29054161085072694f,0f,0f,0f,1f], start_interpolation: 0, interpolation_duration: 1 }
$data merge entity $(bone_rightlowerleg) { transformation: [-0.996134482670008f,0.01708669093479039f,0.0861634344061009f,-0.31092099131020406f,0.027716555509782616f,0.9919293097165345f,0.12372565245717075f,1.2333338894151553f,-0.08335397402900858f,0.12563554241606317f,-0.9885685739974708f,0.000724555424293262f,0f,0f,0f,1f], start_interpolation: 0, interpolation_duration: 1 }
$data merge entity $(bone_rightleg) { transformation: [-0.996134482670008f,0.030062311470631573f,0.08253696059825703f,-0.25f,0.027716555509782616f,0.9991827622871606f,-0.029421082557794867f,2.2948656121399176f,-0.08335397402900858f,-0.027019714603270257f,-0.9961536277283385f,0.000562628600823064f,0f,0f,0f,1f], start_interpolation: 0, interpolation_duration: 1 }
data modify entity @s data merge value {"locators":{"lefthand":{"posx":0.8928639349884278,"posy":2.3647913122963704,"posz":1.0210558157807375,"roty":313.96062394253147,"rotx":-39.183678004383715},"righthand":{"posx":-1.2852901828633436,"posy":2.8025038403184097,"posz":1.2069161280586695,"roty":288.0360440319625,"rotx":-34.5600326000709},"chest":{"posx":-0.37500000000000006,"posy":2.7011156121399176,"posz":0.453687628600823,"roty":0,"rotx":0},"sack":{"posx":0,"posy":-0.4375,"posz":0,"roty":0,"rotx":0}},"cameras":{}}