# This file was generated by Animated Java via MC-Build. It is not recommended to edit this file directly.
$data merge entity $(bone_nose) { transformation: [-1f,-4.749145206462267e-17f,1.128811756114022e-16f,-5.407927001410189e-17f,0f,0.9217447486899446f,0.38779713544907857f,4.023585519622269f,-1.2246467991473532e-16f,0.38779713544907857f,-0.9217447486899446f,0.4377345208848607f,0f,0f,0f,1f], start_interpolation: 0, interpolation_duration: 1 }
$data merge entity $(bone_glowing_eye) { transformation: [-1f,-4.749145206462267e-17f,1.128811756114022e-16f,-0.12500000000000006f,0f,0.9217447486899446f,0.38779713544907857f,4.072462704869957f,-1.2246467991473532e-16f,0.38779713544907857f,-0.9217447486899446f,0.49615639690249247f,0f,0f,0f,1f], start_interpolation: 0, interpolation_duration: 1 }
$data merge entity $(bone_head) { transformation: [-1f,-4.749145206462267e-17f,1.128811756114022e-16f,-2.7077609384836886e-17f,0f,0.9217447486899446f,0.38779713544907857f,3.9823883111048923f,-1.2246467991473532e-16f,0.38779713544907857f,-0.9217447486899446f,0.21724922954972128f,0f,0f,0f,1f], start_interpolation: 0, interpolation_duration: 1 }
$data merge entity $(bone_leftthumb2) { transformation: [-0.9996977348842901f,-0.022531116980340386f,0.009838070686765774f,0.9905978664864691f,-0.02325983250278418f,0.9963921485868773f,-0.08161903225577208f,1.8039347363713518f,-0.00796360842595915f,-0.08182319354586781f,-0.9966150440058557f,0.37589965594470126f,0f,0f,0f,1f], start_interpolation: 0, interpolation_duration: 1 }
$data merge entity $(bone_leftthumb) { transformation: [-0.9996977348842901f,-0.022531116980340386f,0.009838070686765774f,0.9859130159561322f,-0.02325983250278418f,0.9963921485868773f,-0.08161903225577208f,2.0413174794221716f,-0.00796360842595915f,-0.08182319354586781f,-0.9966150440058557f,0.2706649012783984f,0f,0f,0f,1f], start_interpolation: 0, interpolation_duration: 1 }
$data merge entity $(bone_leftpointerfinger) { transformation: [-0.9996977348842901f,-0.022531116980340386f,0.009838070686765774f,1.103109138031718f,-0.02325983250278418f,0.9963921485868773f,-0.08161903225577208f,1.713094457710105f,-0.00796360842595915f,-0.08182319354586781f,-0.9966150440058557f,0.251667826144451f,0f,0f,0f,1f], start_interpolation: 0, interpolation_duration: 1 }
$data merge entity $(bone_leftmidfinger) { transformation: [-0.9996977348842901f,-0.022531116980340386f,0.009838070686765774f,1.1046463365765251f,-0.02325983250278418f,0.9963921485868773f,-0.08161903225577208f,1.7003414839201407f,-0.00796360842595915f,-0.08182319354586781f,-0.9966150440058557f,0.09594672551853606f,0f,0f,0f,1f], start_interpolation: 0, interpolation_duration: 1 }
$data merge entity $(bone_leftringfinger) { transformation: [-0.9996977348842901f,-0.022531116980340386f,0.009838070686765774f,1.1061835351213323f,-0.02325983250278418f,0.9963921485868773f,-0.08161903225577208f,1.6875885101301764f,-0.00796360842595915f,-0.08182319354586781f,-0.9966150440058557f,-0.059774375107378874f,0f,0f,0f,1f], start_interpolation: 0, interpolation_duration: 1 }
$data merge entity $(bone_invisibility) { transformation: [-0.021587934919991173f,-0.011764350092963765f,0.9996977348842899f,0.9128940321122272f,0.9854870082638928f,0.16814974497460364f,0.023259832502784215f,1.8202642251255157f,-0.16837255598514853f,0.9856912616696294f,0.007963608425958921f,0.27236945789568734f,0f,0f,0f,1f], start_interpolation: 0, interpolation_duration: 1 }
$data merge entity $(bone_swiftness) { transformation: [0.009838070686765552f,-0.022531116980340386f,0.9996977348842901f,0.8657223817295375f,-0.08161903225577208f,0.9963921485868773f,0.023259832502784163f,1.6688209007776664f,-0.9966150440058557f,-0.08182319354586781f,0.007963608425958928f,0.09616960870399072f,0f,0f,0f,1f], start_interpolation: 0, interpolation_duration: 1 }
$data merge entity $(bone_suspicious_stew) { transformation: [-0.016262378437393102f,-0.018438381566140524f,0.9996977348842904f,0.9157948164744493f,0.8685442696695733f,0.4950654823516685f,0.023259832502784294f,1.7582547746125485f,-0.4953447149932124f,0.8686599992339532f,0.007963608425959143f,0.08933959934205196f,0f,0f,0f,1f], start_interpolation: 0, interpolation_duration: 1 }
$data merge entity $(bone_log) { transformation: [-0.9996977348842901f,-0.022531116980340386f,0.009838070686765774f,0.8197179237699466f,-0.02325983250278418f,0.9963921485868773f,-0.08161903225577208f,1.876797291751783f,-0.00796360842595915f,-0.08182319354586781f,-0.9966150440058557f,0.03164878167111035f,0f,0f,0f,1f], start_interpolation: 0, interpolation_duration: 1 }
$data merge entity $(bone_planks) { transformation: [-0.9996977348842901f,-0.022531116980340386f,0.009838070686765774f,0.7259962611245444f,-0.02325983250278418f,0.9963921485868773f,-0.08161903225577208f,1.8746166824546469f,-0.00796360842595915f,-0.08182319354586781f,-0.9966150440058557f,0.030902193381176668f,0f,0f,0f,1f], start_interpolation: 0, interpolation_duration: 1 }
$data merge entity $(bone_lefthand) { transformation: [-0.9996977348842901f,-0.022531116980340386f,0.009838070686765774f,1.0637021385369727f,-0.02325983250278418f,0.9963921485868773f,-0.08161903225577208f,2.134260881782191f,-0.00796360842595915f,-0.08182319354586781f,-0.9966150440058557f,0.04432810551631616f,0f,0f,0f,1f], start_interpolation: 0, interpolation_duration: 1 }
$data merge entity $(bone_leftforearm) { transformation: [-0.9996977348842901f,-0.022531116980340386f,0.009838070686765774f,0.985225118625422f,-0.02325983250278418f,0.9963921485868773f,-0.08161903225577208f,2.8346706691049115f,-0.00796360842595915f,-0.08182319354586781f,-0.9966150440058557f,0.001870557090346902f,0f,0f,0f,1f], start_interpolation: 0, interpolation_duration: 1 }
$data merge entity $(bone_leftelbow) { transformation: [-0.9996977348842901f,-0.022531116980340386f,0.009838070686765774f,0.9810005341916082f,-0.02325983250278418f,0.9963921485868773f,-0.08161903225577208f,3.021494196964951f,-0.00796360842595915f,-0.08182319354586781f,-0.9966150440058557f,-0.013471291699503313f,0f,0f,0f,1f], start_interpolation: 0, interpolation_duration: 1 }
$data merge entity $(bone_leftarm) { transformation: [-0.9996977348842901f,-0.02453714271082563f,0.0015386665682205272f,0.75f,-0.02325983250278418f,0.9642177025463265f,0.2640893831418187f,3.4902621666549485f,-0.00796360842595915f,0.26397376900721115f,-0.9644969830004475f,0.14691408417968768f,0f,0f,0f,1f], start_interpolation: 0, interpolation_duration: 1 }
$data merge entity $(bone_rightthumb2) { transformation: [-0.9999244331046359f,0.010973435406464779f,-0.0055418224216266885f,-0.9713306902604094f,0.01163017198648302f,0.9904736857320285f,-0.13721011978704734f,1.8302052249566485f,0.003983362893024524f,-0.13726420359216457f,-0.9905264616517174f,0.42752691861813774f,0f,0f,0f,1f], start_interpolation: 0, interpolation_duration: 1 }
$data merge entity $(bone_rightthumb) { transformation: [-0.9999244331046359f,0.010973435406464779f,-0.0055418224216266885f,-0.9691131278173356f,0.01163017198648302f,0.9904736857320285f,-0.13721011978704734f,2.061385834018084f,0.003983362893024524f,-0.13726420359216457f,-0.9905264616517174f,0.3092159870720847f,0f,0f,0f,1f], start_interpolation: 0, interpolation_duration: 1 }
$data merge entity $(bone_rightpointerfinger) { transformation: [-0.9999244331046359f,0.010973435406464779f,-0.0055418224216266885f,-1.0823402941069151f,0.01163017198648302f,0.9904736857320285f,-0.13721011978704734f,1.7312269815832657f,0.003983362893024524f,-0.13726420359216457f,-0.9905264616517174f,0.308260556302264f,0f,0f,0f,1f], start_interpolation: 0, interpolation_duration: 1 }
$data merge entity $(bone_rightmidfinger) { transformation: [-0.9999244331046359f,0.010973435406464779f,-0.0055418224216266885f,-1.0832062038602943f,0.01163017198648302f,0.9904736857320285f,-0.13721011978704734f,1.7097879003665397f,0.003983362893024524f,-0.13726420359216457f,-0.9905264616517174f,0.15349079666918317f,0f,0f,0f,1f], start_interpolation: 0, interpolation_duration: 1 }
$data merge entity $(bone_rightringfinger) { transformation: [-0.9999244331046359f,0.010973435406464779f,-0.0055418224216266885f,-1.0840721136136735f,0.01163017198648302f,0.9904736857320285f,-0.13721011978704734f,1.6883488191498135f,0.003983362893024524f,-0.13726420359216457f,-0.9905264616517174f,-0.0012789629638976785f,0f,0f,0f,1f], start_interpolation: 0, interpolation_duration: 1 }
$data merge entity $(bone_hugeasssword) { transformation: [-3.916370696326491f,0.04297928867532039f,-0.021705471151371197f,-0.8152857062745994f,0.0455515069470585f,3.879355269117112f,-0.5374063024992688f,1.9100325114686212f,0.015601504664346053f,-0.537618130735978f,-3.8795619748025603f,0.14002790050937317f,0f,0f,0f,1f], start_interpolation: 0, interpolation_duration: 1 }
$data merge entity $(bone_ice) { transformation: [-0.9999244331046359f,0.010973435406464779f,-0.0055418224216266885f,-0.7998333469355654f,0.01163017198648302f,0.9904736857320285f,-0.13721011978704734f,1.8943746386917693f,0.003983362893024524f,-0.13726420359216457f,-0.9905264616517174f,0.14211041364529722f,0f,0f,0f,1f], start_interpolation: 0, interpolation_duration: 1 }
$data merge entity $(bone_righthand) { transformation: [-0.9999244331046359f,0.010973435406464779f,-0.0055418224216266885f,-1.047244278310784f,0.01163017198648302f,0.9904736857320285f,-0.13721011978704734f,2.140612786878052f,0.003983362893024524f,-0.13726420359216457f,-0.9905264616517174f,0.07783625154389605f,0f,0f,0f,1f], start_interpolation: 0, interpolation_duration: 1 }
$data merge entity $(bone_rightforearm) { transformation: [-0.9999244331046359f,0.010973435406464779f,-0.0055418224216266885f,-0.9769467134962359f,0.01163017198648302f,0.9904736857320285f,-0.13721011978704734f,2.838456619530902f,0.003983362893024524f,-0.13726420359216457f,-0.9905264616517174f,-0.003449625824350617f,0f,0f,0f,1f], start_interpolation: 0, interpolation_duration: 1 }
$data merge entity $(bone_rightelbow) { transformation: [-0.9999244331046359f,0.010973435406464779f,-0.0055418224216266885f,-0.9748891943575237f,0.01163017198648302f,0.9904736857320285f,-0.13721011978704734f,3.0241704356056576f,0.003983362893024524f,-0.13726420359216457f,-0.9905264616517174f,-0.029186663997881473f,0f,0f,0f,1f], start_interpolation: 0, interpolation_duration: 1 }
$data merge entity $(bone_rightarm) { transformation: [-0.9999244331046359f,0.01228738531812622f,-0.0003850226182905831f,-0.75f,0.01163017198648302f,0.9556615165514641f,0.2942376673407412f,3.4902621666549485f,0.003983362893024524f,0.2942109548344516f,-0.9557322045821532f,0.1469140841796875f,0f,0f,0f,1f], start_interpolation: 0, interpolation_duration: 1 }
$data merge entity $(bone_chest) { transformation: [-1.0833333333333333f,-2.6243074020017323e-17f,1.3004863903661315e-16f,-0.0023231250000000014f,0f,1.0619277258321183f,0.21429096159226294f,3.354901422705618f,-1.3267006990762992e-16f,0.21429096159226294f,-1.0619277258321183f,0.007310980038822919f,0f,0f,0f,1f], start_interpolation: 0, interpolation_duration: 1 }
$data merge entity $(bone_chest1lid) { transformation: [-1f,-2.422437601847753e-17f,1.200448975722583e-16f,-0.34375000000000006f,0f,0.9802409776911861f,0.19780704146978118f,2.6075506113146343f,-1.2246467991473532e-16f,0.19780704146978118f,-0.9802409776911861f,0.25570716791520576f,0f,0f,0f,1f], start_interpolation: 0, interpolation_duration: 1 }
$data merge entity $(bone_chest1) { transformation: [-1f,-2.422437601847753e-17f,1.200448975722583e-16f,-0.34375000000000006f,0f,0.9802409776911861f,0.19780704146978118f,2.4543879585503863f,-1.2246467991473532e-16f,0.19780704146978118f,-0.9802409776911861f,0.22479981768555246f,0f,0f,0f,1f], start_interpolation: 0, interpolation_duration: 1 }
$data merge entity $(bone_chest1lid3) { transformation: [-1f,-2.422437601847753e-17f,1.200448975722583e-16f,-0.28124999999999994f,0f,0.9802409776911861f,0.19780704146978118f,2.734270747256213f,-1.2246467991473532e-16f,0.19780704146978118f,-0.9802409776911861f,-0.3722597084182103f,0f,0f,0f,1f], start_interpolation: 0, interpolation_duration: 1 }
$data merge entity $(bone_chest3) { transformation: [-1f,-2.422437601847753e-17f,1.200448975722583e-16f,-0.28124999999999994f,0f,0.9802409776911861f,0.19780704146978118f,2.581108094491965f,-1.2246467991473532e-16f,0.19780704146978118f,-0.9802409776911861f,-0.4031670586478636f,0f,0f,0f,1f], start_interpolation: 0, interpolation_duration: 1 }
$data merge entity $(bone_hugeasssword2) { transformation: [-1.3398505514477177e-15f,2.887669569172986f,-2.646061646494669f,-1.234375f,-0.7747442457566428f,2.5937780553910845f,2.830612041735214f,4.544680784897302f,3.8392771626238127f,0.5234096258397691f,0.5712013742204247f,-0.022869240984726202f,0f,0f,0f,1f], start_interpolation: 0, interpolation_duration: 1 }
$data merge entity $(bone_belt) { transformation: [-1f,-2.422437601847753e-17f,1.200448975722583e-16f,0.029705624999999992f,0f,0.9802409776911861f,0.19780704146978118f,2.9385485978158896f,-1.2246467991473532e-16f,0.19780704146978118f,-0.9802409776911861f,0.056834495792385475f,0f,0f,0f,1f], start_interpolation: 0, interpolation_duration: 1 }
$data merge entity $(bone_torn_part) { transformation: [-1f,-4.963263286759016e-17f,1.1195623958158646e-16f,-0.09375f,0f,0.9141920728452868f,0.40528120354494324f,2.6649265843481724f,-1.2246467991473532e-16f,0.40528120354494324f,-0.9141920728452868f,0.00850607458688954f,0f,0f,0f,1f], start_interpolation: 0, interpolation_duration: 1 }
$data merge entity $(bone_lowerbody) { transformation: [-1f,-1.3669592743211424e-17f,1.2169938397893934e-16f,0.0039062499999999883f,0f,0.9937508844482441f,0.11162069547504412f,2.164f,-1.2246467991473532e-16f,0.11162069547504412f,-0.9937508844482441f,0.09375f,0f,0f,0f,1f], start_interpolation: 0, interpolation_duration: 1 }
$data merge entity $(bone_leftfoot) { transformation: [-0.9936828733266202f,-0.08286033391003644f,-0.0756869362682188f,0.43654481177083887f,-0.08300366912584056f,0.9965484509189058f,-0.0012553416974899756f,0.15837718444795867f,0.07552971712511661f,0.005034881870187469f,-0.9971308398578158f,-0.26320226433233584f,0f,0f,0f,1f], start_interpolation: 0, interpolation_duration: 1 }
$data merge entity $(bone_leftlowerleg) { transformation: [-0.9936828733266202f,-0.056920162784679235f,-0.09671836602175292f,0.38825935997797634f,-0.08300366912584056f,0.9527962945878958f,0.29204385275369843f,1.1705143134726557f,0.07552971712511661f,0.2982269539933331f,-0.9515019420594255f,0.2138373733304523f,0f,0f,0f,1f], start_interpolation: 0, interpolation_duration: 1 }
$data merge entity $(bone_leftleg) { transformation: [-0.9936828733266202f,-0.10204516972210796f,-0.04670257587904903f,0.25f,-0.08300366912584056f,0.9483658629929888f,-0.30612510648624f,2.18353125f,0.07552971712511661f,-0.3003147902550754f,-0.9508450392072569f,-0.07812499999999997f,0f,0f,0f,1f], start_interpolation: 0, interpolation_duration: 1 }
$data merge entity $(bone_rightfoot) { transformation: [-0.9922800926949351f,0.07661385837416679f,0.09752196853198868f,-0.43252548152164516f,0.08101685315689143f,0.9958268452085828f,0.04201385326860485f,0.1891900614200559f,-0.09389615085766707f,0.049590433219969726f,-0.99434616798536f,-0.20282495190947564f,0f,0f,0f,1f], start_interpolation: 0, interpolation_duration: 1 }
$data merge entity $(bone_rightlowerleg) { transformation: [-0.9922800926949351f,0.04813013851914084f,0.11429657653429254f,-0.396692278038945f,0.08101685315689143f,0.9493531664702107f,0.3035866183110496f,1.1957339747609081f,-0.09389615085766707f,0.31050290671604436f,-0.9459236003901169f,0.2869762330128258f,0f,0f,0f,1f], start_interpolation: 0, interpolation_duration: 1 }
$data merge entity $(bone_rightleg) { transformation: [-0.9922800926949351f,0.1102696122198496f,0.05675235908942528f,-0.25f,0.08101685315689143f,0.9228450513434835f,-0.37655448571939487f,2.18353125f,-0.09389615085766707f,-0.3690496224516796f,-0.9246544700710568f,-0.07812500000000003f,0f,0f,0f,1f], start_interpolation: 0, interpolation_duration: 1 }
data modify entity @s data merge value {"locators":{"lefthand":{"posx":0.9150461100749573,"posy":1.8024100618195655,"posz":0.05435991701940643,"roty":0.5655760705908506,"rotx":-4.681633834674432},"righthand":{"posx":-0.8936611314920131,"posy":1.8821327240976118,"posz":0.16010558306095393,"roty":359.6794434728576,"rotx":-7.886439892989751},"chest":{"posx":-0.37500000000000006,"posy":2.5153781999792817,"posz":0.3965068805875923,"roty":0,"rotx":11.408750000000001},"sack":{"posx":0,"posy":-0.4375,"posz":0,"roty":0,"rotx":0}},"cameras":{}}