# This file was generated by Animated Java via MC-Build. It is not recommended to edit this file directly.
$data merge entity $(nose) {transformation: [-1f,0f,0f,0f,0f,0.9883f,0.1523f,3.862f,0f,0.1523f,-0.9883f,0.4172f,0f,0f,0f,1f],start_interpolation: 0,interpolation_duration: 1}
$data merge entity $(glowing_eye) {transformation: [-1f,0f,0f,-0.125f,0f,0.9883f,0.1523f,3.9236f,0f,0.1523f,-0.9883f,0.462f,0f,0f,0f,1f],start_interpolation: 0,interpolation_duration: 1}
$data merge entity $(head) {transformation: [-1f,0f,0f,0f,0f,0.9883f,0.1523f,3.7684f,0f,0.1523f,-0.9883f,0.2134f,0f,0f,0f,1f],start_interpolation: 0,interpolation_duration: 1}
$data merge entity $(leftthumb2) {transformation: [-0.973f,-0.0797f,-0.2164f,0.9184f,-0.0009f,0.9397f,-0.342f,1.8017f,0.2306f,-0.3325f,-0.9144f,0.2072f,0f,0f,0f,1f],start_interpolation: 0,interpolation_duration: 1}
$data merge entity $(leftthumb) {transformation: [-0.973f,-0.0797f,-0.2164f,0.8803f,-0.0009f,0.9397f,-0.342f,2.0029f,0.2306f,-0.3325f,-0.9144f,0.0475f,0f,0f,0f,1f],start_interpolation: 0,interpolation_duration: 1}
$data merge entity $(leftpointerfinger) {transformation: [-0.973f,-0.0797f,-0.2164f,1.0028f,-0.0009f,0.9397f,-0.342f,1.6787f,0.2306f,-0.3325f,-0.9144f,0.0886f,0f,0f,0f,1f],start_interpolation: 0,interpolation_duration: 1}
$data merge entity $(leftmidfinger) {transformation: [-0.973f,-0.0797f,-0.2164f,0.9689f,-0.0009f,0.9397f,-0.342f,1.6252f,0.2306f,-0.3325f,-0.9144f,-0.0543f,0f,0f,0f,1f],start_interpolation: 0,interpolation_duration: 1}
$data merge entity $(leftringfinger) {transformation: [-0.973f,-0.0797f,-0.2164f,0.9351f,-0.0009f,0.9397f,-0.342f,1.5718f,0.2306f,-0.3325f,-0.9144f,-0.1972f,0f,0f,0f,1f],start_interpolation: 0,interpolation_duration: 1}
$data merge entity $(invisibility) {transformation: [-0.0983f,0.2087f,0.973f,0.8184f,0.9063f,0.4226f,0.0009f,1.792f,-0.411f,0.882f,-0.2306f,0.124f,0f,0f,0f,1f],start_interpolation: 0,interpolation_duration: 1}
$data merge entity $(swiftness) {transformation: [-0.2164f,-0.0797f,0.973f,0.7379f,-0.342f,0.9397f,0.0009f,1.6006f,-0.9144f,-0.3325f,-0.2306f,0.0096f,0f,0f,0f,1f],start_interpolation: 0,interpolation_duration: 1}
$data merge entity $(suspicious_stew) {transformation: [-0.1637f,0.1625f,0.973f,0.7815f,0.7071f,0.7071f,0.0009f,1.6838f,-0.6879f,0.6882f,-0.2306f,-0.0319f,0f,0f,0f,1f],start_interpolation: 0,interpolation_duration: 1}
$data merge entity $(log) {transformation: [-0.973f,-0.0797f,-0.2164f,0.6702f,-0.0009f,0.9397f,-0.342f,1.7852f,0.2306f,-0.3325f,-0.9144f,-0.0947f,0f,0f,0f,1f],start_interpolation: 0,interpolation_duration: 1}
$data merge entity $(planks) {transformation: [-0.973f,-0.0797f,-0.2164f,0.579f,-0.0009f,0.9397f,-0.342f,1.7851f,0.2306f,-0.3325f,-0.9144f,-0.073f,0f,0f,0f,1f],start_interpolation: 0,interpolation_duration: 1}
$data merge entity $(lefthand1) {transformation: [-0.973f,-0.0797f,-0.2164f,0.9003f,-0.0009f,0.9397f,-0.342f,2.031f,0.2306f,-0.3325f,-0.9144f,-0.2069f,0f,0f,0f,1f],start_interpolation: 0,interpolation_duration: 1}
$data merge entity $(leftforearm) {transformation: [-0.9725f,-0.001f,-0.2328f,0.8424f,0.0424f,0.9825f,-0.1815f,2.7273f,0.2289f,-0.1864f,-0.9554f,-0.3087f,0f,0f,0f,1f],start_interpolation: 0,interpolation_duration: 1}
$data merge entity $(leftelbow) {transformation: [-0.9725f,0.1677f,-0.1615f,0.8739f,0.0424f,0.8098f,0.5852f,2.8791f,0.2289f,0.5623f,-0.7947f,-0.2033f,0f,0f,0f,1f],start_interpolation: 0,interpolation_duration: 1}
$data merge entity $(leftarm) {transformation: [-0.9725f,0.1677f,-0.1615f,0.75f,0.0424f,0.8098f,0.5852f,3.275f,0.2289f,0.5623f,-0.7947f,0.1527f,0f,0f,0f,1f],start_interpolation: 0,interpolation_duration: 1}
$data merge entity $(rightthumb2) {transformation: [-0.9746f,0.0419f,0.2198f,-0.8614f,0.0006f,0.9828f,-0.1847f,1.8204f,-0.2238f,-0.1799f,-0.9579f,-0.0382f,0f,0f,0f,1f],start_interpolation: 0,interpolation_duration: 1}
$data merge entity $(rightthumb) {transformation: [-0.9746f,0.0419f,0.2198f,-0.8324f,0.0006f,0.9828f,-0.1847f,2.0456f,-0.2238f,-0.1799f,-0.9579f,-0.1642f,0f,0f,0f,1f],start_interpolation: 0,interpolation_duration: 1}
$data merge entity $(rightpointerfinger) {transformation: [-0.9746f,0.0419f,0.2198f,-0.9424f,0.0006f,0.9828f,-0.1847f,1.7145f,-0.2238f,-0.1799f,-0.9579f,-0.1745f,0f,0f,0f,1f],start_interpolation: 0,interpolation_duration: 1}
$data merge entity $(rightmidfinger) {transformation: [-0.9746f,0.0419f,0.2198f,-0.9081f,0.0006f,0.9828f,-0.1847f,1.6857f,-0.2238f,-0.1799f,-0.9579f,-0.3242f,0f,0f,0f,1f],start_interpolation: 0,interpolation_duration: 1}
$data merge entity $(rightringfinger) {transformation: [-0.9746f,0.0419f,0.2198f,-0.8737f,0.0006f,0.9828f,-0.1847f,1.6568f,-0.2238f,-0.1799f,-0.9579f,-0.4739f,0f,0f,0f,1f],start_interpolation: 0,interpolation_duration: 1}
$data merge entity $(hugeasssword) {transformation: [-3.8174f,0.1642f,0.8608f,-0.6441f,0.0024f,3.8493f,-0.7235f,1.888f,-0.8764f,-0.7046f,-3.7518f,-0.2863f,0f,0f,0f,1f],start_interpolation: 0,interpolation_duration: 1}
$data merge entity $(whey) {transformation: [0f,0f,0f,-0.5114f,0f,0f,0f,1.8218f,0f,0f,0f,-0.0963f,0f,0f,0f,1f],start_interpolation: 0,interpolation_duration: 1}
$data merge entity $(ice) {transformation: [-0.9746f,0.0419f,0.2198f,-0.6295f,0.0006f,0.9828f,-0.1847f,1.8727f,-0.2238f,-0.1799f,-0.9579f,-0.28f,0f,0f,0f,1f],start_interpolation: 0,interpolation_duration: 1}
$data merge entity $(righthand1) {transformation: [-0.9746f,0.0419f,0.2198f,-0.8558f,0.0006f,0.9828f,-0.1847f,2.1127f,-0.2238f,-0.1799f,-0.9579f,-0.4109f,0f,0f,0f,1f],start_interpolation: 0,interpolation_duration: 1}
$data merge entity $(rightforearm) {transformation: [-0.9725f,-0.0369f,0.2298f,-0.8246f,-0.0424f,0.9989f,-0.0193f,2.818f,-0.2289f,-0.0285f,-0.973f,-0.4014f,0f,0f,0f,1f],start_interpolation: 0,interpolation_duration: 1}
$data merge entity $(rightelbow) {transformation: [-0.9725f,-0.1952f,0.1268f,-0.8612f,-0.0424f,0.6843f,0.728f,2.9463f,-0.2289f,0.7026f,-0.6738f,-0.2697f,0f,0f,0f,1f],start_interpolation: 0,interpolation_duration: 1}
$data merge entity $(rightarm) {transformation: [-0.9725f,-0.1952f,0.1268f,-0.75f,-0.0424f,0.6843f,0.728f,3.275f,-0.2289f,0.7026f,-0.6738f,0.1527f,0f,0f,0f,1f],start_interpolation: 0,interpolation_duration: 1}
$data merge entity $(chest1) {transformation: [-1.0833f,0f,0f,-0.0023f,0f,1.0659f,0.1933f,3.1369f,0f,0.1933f,-1.0659f,0.0158f,0f,0f,0f,1f],start_interpolation: 0,interpolation_duration: 1}
$data merge entity $(chest1lid) {transformation: [-1f,0f,0f,-0.3438f,0f,0.9839f,0.1785f,2.3946f,0f,0.1785f,-0.9839f,0.2789f,0f,0f,0f,1f],start_interpolation: 0,interpolation_duration: 1}
$data merge entity $(chest2) {transformation: [-1f,0f,0f,-0.3438f,0f,0.9839f,0.1785f,2.2409f,0f,0.1785f,-0.9839f,0.251f,0f,0f,0f,1f],start_interpolation: 0,interpolation_duration: 1}
$data merge entity $(chest1lid3) {transformation: [-1f,0f,0f,-0.2812f,0f,0.9839f,0.1785f,2.5089f,0f,0.1785f,-0.9839f,-0.3514f,0f,0f,0f,1f],start_interpolation: 0,interpolation_duration: 1}
$data merge entity $(chest3) {transformation: [-1f,0f,0f,-0.2812f,0f,0.9839f,0.1785f,2.3552f,0f,0.1785f,-0.9839f,-0.3793f,0f,0f,0f,1f],start_interpolation: 0,interpolation_duration: 1}
$data merge entity $(hugeasssword2) {transformation: [0f,2.8877f,-2.6461f,-1.2344f,-0.6989f,2.6036f,2.8413f,4.3259f,3.8538f,0.4722f,0.5153f,-0.0378f,0f,0f,0f,1f],start_interpolation: 0,interpolation_duration: 1}
$data merge entity $(belt) {transformation: [-1f,0f,0f,0.0297f,0f,0.9839f,0.1785f,2.7216f,0f,0.1785f,-0.9839f,0.0735f,0f,0f,0f,1f],start_interpolation: 0,interpolation_duration: 1}
$data merge entity $(torn_part) {transformation: [-1f,0f,0f,-0.0938f,0f,0.8847f,0.4661f,2.442f,0f,0.4661f,-0.8847f,0.0175f,0f,0f,0f,1f],start_interpolation: 0,interpolation_duration: 1}
$data merge entity $(lowerbody) {transformation: [-1f,0f,0f,0.0039f,0f,0.9839f,0.1785f,1.9365f,0f,0.1785f,-0.9839f,0.0688f,0f,0f,0f,1f],start_interpolation: 0,interpolation_duration: 1}
$data merge entity $(leftfoot) {transformation: [-0.9551f,-0.0031f,-0.2962f,0.2441f,-0.007f,0.9999f,0.0122f,0.176f,0.2961f,0.0137f,-0.9551f,-0.2285f,0f,0f,0f,1f],start_interpolation: 0,interpolation_duration: 1}
$data merge entity $(leftlowerleg) {transformation: [-0.9551f,0.134f,-0.2641f,0.4334f,-0.007f,0.8813f,0.4725f,1.0811f,0.2961f,0.4532f,-0.8408f,0.4034f,0f,0f,0f,1f],start_interpolation: 0,interpolation_duration: 1}
$data merge entity $(leftleg) {transformation: [-0.9551f,-0.1507f,-0.255f,0.25f,-0.007f,0.872f,-0.4894f,2.0202f,0.2961f,-0.4656f,-0.834f,-0.0604f,0f,0f,0f,1f],start_interpolation: 0,interpolation_duration: 1}
$data merge entity $(rightfoot) {transformation: [-0.9167f,0.0051f,0.3995f,-0.2321f,0.0078f,1f,0.0053f,0.175f,-0.3994f,0.008f,-0.9167f,-0.2158f,0f,0f,0f,1f],start_interpolation: 0,interpolation_duration: 1}
$data merge entity $(rightlowerleg) {transformation: [-0.9167f,-0.18f,0.3567f,-0.4866f,0.0078f,0.8845f,0.4664f,1.0846f,-0.3994f,0.4304f,-0.8095f,0.386f,0f,0f,0f,1f],start_interpolation: 0,interpolation_duration: 1}
$data merge entity $(rightleg) {transformation: [-0.9167f,0.2041f,0.3434f,-0.25f,0.0078f,0.8686f,-0.4954f,2.0202f,-0.3994f,-0.4514f,-0.7979f,-0.0604f,0f,0f,0f,1f],start_interpolation: 0,interpolation_duration: 1}
data modify entity @s data merge value {"cameras":{},"locators":{"soup":{"px":0.7790239161605691,"py":1.8053020441899992,"pz":0.09364103245169789,"ry":76.66506379874491,"rx":0.05336280866881163},"lefthand":{"px":0.7710084809719934,"py":1.7171666825172203,"pz":-0.0760212153814307,"ry":346.6844828261154,"rx":-19.996726522009002},"sword":{"px":-1.5354550366690638,"py":2.541422137383463,"pz":3.2490148680820226,"ry":12.922817024576574,"rx":-10.645203123955541},"righthand":{"px":-0.7249814544168305,"py":1.8602421597843752,"pz":-0.2832340841563863,"ry":12.922817024576574,"rx":-10.645203123955541},"chest":{"px":-0.37500000000000006,"py":2.305239702444036,"pz":0.42149417495350383,"ry":0,"rx":10.279680000000003}}}