# This file was generated by Animated Java via MC-Build. It is not recommended to edit this file directly.
$data merge entity $(bone_nose) { transformation: [-1f,-6.010440446976737e-17f,1.067007890783999e-16f,-6.697134687574181e-17f,0f,0.8712780628070815f,0.4907897077885182f,3.9058060344702996f,-1.2246467991473532e-16f,0.4907897077885182f,-0.8712780628070815f,0.5450760445694605f,0f,0f,0f,1f], start_interpolation: 0, interpolation_duration: 1 }
$data merge entity $(bone_glowing_eye) { transformation: [-1f,-6.010440446976737e-17f,1.067007890783999e-16f,-0.12500000000000006f,0f,0.8712780628070815f,0.4907897077885182f,3.947672224859752f,-1.2246467991473532e-16f,0.4907897077885182f,-0.8712780628070815f,0.6087102880035613f,0f,0f,0f,1f], start_interpolation: 0, interpolation_duration: 1 }
$data merge entity $(bone_head) { transformation: [-1f,-6.010440446976737e-17f,1.067007890783999e-16f,-3.956958657920315e-17f,0f,0.8712780628070815f,0.4907897077885182f,3.8901261687507667f,-1.2246467991473532e-16f,0.4907897077885182f,-0.8712780628070815f,0.3213236915186311f,0f,0f,0f,1f], start_interpolation: 0, interpolation_duration: 1 }
$data merge entity $(bone_leftthumb2) { transformation: [-0.9966427280966285f,-0.07678614773505223f,0.028410562263366048f,1.0808114051992646f,-0.07580689592001522f,0.9965401242000301f,0.034074849821538966f,1.7167323138710229f,-0.030928741698973902f,0.0318067347490934f,-0.999015387549921f,0.26307388283592237f,0f,0f,0f,1f], start_interpolation: 0, interpolation_duration: 1 }
$data merge entity $(bone_leftthumb) { transformation: [-0.9966427280966285f,-0.07678614773505223f,0.028410562263366048f,1.0644080739879727f,-0.07580689592001522f,0.9965401242000301f,0.034074849821538966f,1.9640382567587729f,-0.030928741698973902f,0.0318067347490934f,-0.999015387549921f,0.18550088850107951f,0f,0f,0f,1f], start_interpolation: 0, interpolation_duration: 1 }
$data merge entity $(bone_leftpointerfinger) { transformation: [-0.9966427280966285f,-0.07678614773505223f,0.028410562263366048f,1.1999430722052007f,-0.07580689592001522f,0.9965401242000301f,0.034074849821538966f,1.6469371663322743f,-0.030928741698973902f,0.0318067347490934f,-0.999015387549921f,0.13161828849345597f,0f,0f,0f,1f], start_interpolation: 0, interpolation_duration: 1 }
$data merge entity $(bone_leftmidfinger) { transformation: [-0.9966427280966285f,-0.07678614773505223f,0.028410562263366048f,1.2043822225588516f,-0.07580689592001522f,0.9965401242000301f,0.034074849821538966f,1.6522613616168897f,-0.030928741698973902f,0.0318067347490934f,-0.999015387549921f,-0.024477865811219204f,0f,0f,0f,1f], start_interpolation: 0, interpolation_duration: 1 }
$data merge entity $(bone_leftringfinger) { transformation: [-0.9966427280966285f,-0.07678614773505223f,0.028410562263366048f,1.2088213729125026f,-0.07580689592001522f,0.9965401242000301f,0.034074849821538966f,1.6575855569015052f,-0.030928741698973902f,0.0318067347490934f,-0.999015387549921f,-0.18057402011589435f,0f,0f,0f,1f], start_interpolation: 0, interpolation_duration: 1 }
$data merge entity $(bone_invisibility) { transformation: [-0.07401780960460647f,-0.034994805235150514f,0.9966427280966282f,1.0037862457078313f,0.9957178070089705f,0.05290900997200765f,0.07580689592001527f,1.7406551103747265f,-0.05538422759759554f,0.9979859719807365f,0.030928741698973677f,0.16051724189901548f,0f,0f,0f,1f], start_interpolation: 0, interpolation_duration: 1 }
$data merge entity $(bone_swiftness) { transformation: [0.028410562263365826f,-0.07678614773505223f,0.9966427280966285f,0.9676030985139839f,0.03407484982153895f,0.9965401242000301f,0.07580689592001523f,1.608147535248921f,-0.999015387549921f,0.0318067347490934f,0.03092874169897368f,-0.03271617741027122f,0f,0f,0f,1f], start_interpolation: 0, interpolation_duration: 1 }
$data merge entity $(bone_suspicious_stew) { transformation: [-0.05758506119000478f,-0.05819994209493044f,0.9966427280966287f,1.012712576807293f,0.9175727284576118f,0.39027375330891223f,0.07580689592001534f,1.7003313263943887f,-0.39337545515524636f,0.9188575320572395f,0.030928741698973913f,-0.028289083957958455f,0f,0f,0f,1f], start_interpolation: 0, interpolation_duration: 1 }
$data merge entity $(bone_log) { transformation: [-0.9966427280966285f,-0.07678614773505223f,0.028410562263366048f,0.9110107976874479f,-0.07580689592001522f,0.9965401242000301f,0.034074849821538966f,1.8193892040122757f,-0.030928741698973902f,0.0318067347490934f,-0.999015387549921f,-0.07404165794000314f,0f,0f,0f,1f], start_interpolation: 0, interpolation_duration: 1 }
$data merge entity $(bone_planks) { transformation: [-0.9966427280966285f,-0.07678614773505223f,0.028410562263366048f,0.817575541928389f,-0.07580689592001522f,0.9965401242000301f,0.034074849821538966f,1.8122823075197743f,-0.030928741698973902f,0.0318067347490934f,-0.999015387549921f,-0.07694122747428192f,0f,0f,0f,1f], start_interpolation: 0, interpolation_duration: 1 }
$data merge entity $(bone_lefthand1) { transformation: [-0.9966427280966285f,-0.07678614773505223f,0.028410562263366048f,1.1400871127071117f,-0.07580689592001522f,0.9965401242000301f,0.034074849821538966f,2.086411119985364f,-0.030928741698973902f,0.0318067347490934f,-0.999015387549921f,-0.02713855796705129f,0f,0f,0f,1f], start_interpolation: 0, interpolation_duration: 1 }
$data merge entity $(bone_leftforearm) { transformation: [-0.9966427280966285f,-0.07678614773505223f,0.028410562263366048f,1.0233627670394987f,-0.07580689592001522f,0.9965401242000301f,0.034074849821538966f,2.781833044290048f,-0.030928741698973902f,0.0318067347490934f,-0.999015387549921f,0.008902121477686657f,0f,0f,0f,1f], start_interpolation: 0, interpolation_duration: 1 }
$data merge entity $(bone_leftelbow) { transformation: [-0.9966427280966285f,-0.07678614773505223f,0.028410562263366048f,1.0089653643391765f,-0.07580689592001522f,0.9965401242000301f,0.034074849821538966f,2.9686843175775537f,-0.030928741698973902f,0.0318067347490934f,-0.999015387549921f,0.01486588424314167f,0f,0f,0f,1f], start_interpolation: 0, interpolation_duration: 1 }
$data merge entity $(bone_leftarm) { transformation: [-0.9966427280966285f,-0.08187236098248446f,0.0004347864574951437f,0.75f,-0.07580689592001522f,0.9247871160080776f,0.3728566810403621f,3.402843345816578f,-0.030928741698973902f,0.3715719399693902f,-0.9278888437546289f,0.2228827183485184f,0f,0f,0f,1f], start_interpolation: 0, interpolation_duration: 1 }
$data merge entity $(bone_rightthumb2) { transformation: [-0.9991603329374621f,0.037086366498156664f,-0.01741351498877754f,-1.0145995874058387f,0.0379350271824705f,0.9979656723484103f,-0.051239150333029115f,1.731295773618236f,0.015477816285419627f,-0.05185670867062364f,-0.9985345857650022f,0.36229455144000905f,0f,0f,0f,1f], start_interpolation: 0, interpolation_duration: 1 }
$data merge entity $(bone_rightthumb) { transformation: [-0.9991603329374621f,0.037086366498156664f,-0.01741351498877754f,-1.006992549627068f,0.0379350271824705f,0.9979656723484103f,-0.051239150333029115f,1.971660600329556f,0.015477816285419627f,-0.05185670867062364f,-0.9985345857650022f,0.264244813200841f,0f,0f,0f,1f], start_interpolation: 0, interpolation_duration: 1 }
$data merge entity $(bone_rightpointerfinger) { transformation: [-0.9991603329374621f,0.037086366498156664f,-0.01741351498877754f,-1.1292609335644095f,0.0379350271824705f,0.9979656723484103f,-0.051239150333029115f,1.6459504225164558f,0.015477816285419627f,-0.05185670867062364f,-0.9985345857650022f,0.23614687318187264f,0f,0f,0f,1f], start_interpolation: 0, interpolation_duration: 1 }
$data merge entity $(bone_rightmidfinger) { transformation: [-0.9991603329374621f,0.037086366498156664f,-0.01741351498877754f,-1.131981795281406f,0.0379350271824705f,0.9979656723484103f,-0.051239150333029115f,1.63794430527692f,0.015477816285419627f,-0.05185670867062364f,-0.9985345857650022f,0.08012584415609104f,0f,0f,0f,1f], start_interpolation: 0, interpolation_duration: 1 }
$data merge entity $(bone_rightringfinger) { transformation: [-0.9991603329374621f,0.037086366498156664f,-0.01741351498877754f,-1.1347026569984024f,0.0379350271824705f,0.9979656723484103f,-0.051239150333029115f,1.6299381880373842f,0.015477816285419627f,-0.05185670867062364f,-0.9985345857650022f,-0.07589518486969057f,0f,0f,0f,1f], start_interpolation: 0, interpolation_duration: 1 }
$data merge entity $(bone_hugeasssword) { transformation: [-3.9133779706717267f,0.14525493545111362f,-0.06820293370604537f,-0.8587745774782549f,0.14857885646467614f,3.908698883364607f,-0.2006866721376974f,1.8313802026013009f,0.060621447117893544f,-0.20310544229327596f,-3.9109271275795923f,0.08108325815913418f,0f,0f,0f,1f], start_interpolation: 0, interpolation_duration: 1 }
$data merge entity $(bone_ice) { transformation: [-0.9991603329374621f,0.037086366498156664f,-0.01741351498877754f,-0.8437421717526408f,0.0379350271824705f,0.9979656723484103f,-0.051239150333029115f,1.8151942541711308f,0.015477816285419627f,-0.05185670867062364f,-0.9985345857650022f,0.081651678352653f,0f,0f,0f,1f], start_interpolation: 0, interpolation_duration: 1 }
$data merge entity $(bone_righthand1) { transformation: [-0.9991603329374621f,0.037086366498156664f,-0.01741351498877754f,-1.0848048357058664f,0.0379350271824705f,0.9979656723484103f,-0.051239150333029115f,2.072568205605944f,0.015477816285419627f,-0.05185670867062364f,-0.9985345857650022f,0.04135274945119567f,0f,0f,0f,1f], start_interpolation: 0, interpolation_duration: 1 }
$data merge entity $(bone_rightforearm) { transformation: [-0.9991603329374621f,0.037086366498156664f,-0.01741351498877754f,-0.9960088772815591f,0.0379350271824705f,0.9979656723484103f,-0.051239150333029115f,2.772692491500969f,0.015477816285419627f,-0.05185670867062364f,-0.9985345857650022f,0.019525740551902857f,0f,0f,0f,1f], start_interpolation: 0, interpolation_duration: 1 }
$data merge entity $(bone_rightelbow) { transformation: [-0.9991603329374621f,0.037086366498156664f,-0.01741351498877754f,-0.9890551835631547f,0.0379350271824705f,0.9979656723484103f,-0.051239150333029115f,2.9598110550662957f,0.015477816285419627f,-0.05185670867062364f,-0.9985345857650022f,0.009802607676160924f,0f,0f,0f,1f], start_interpolation: 0, interpolation_duration: 1 }
$data merge entity $(bone_rightarm) { transformation: [-0.9991603329374621f,0.0409709321855273f,-0.00010862849027902402f,-0.75f,0.0379350271824705f,0.9261186606914453f,0.3753200767768077f,3.402843345816578f,0.015477816285419627f,0.37500081204569746f,-0.92689526278221f,0.2228827183485182f,0f,0f,0f,1f], start_interpolation: 0, interpolation_duration: 1 }
$data merge entity $(bone_chest1) { transformation: [-1.0833333333333333f,-3.36576851616309e-17f,1.2832968354537443e-16f,-0.0023231250000000096f,0f,1.0478913890496635f,0.27483585622454315f,3.2757110685785285f,-1.3267006990762992e-16f,0.27483585622454315f,-1.0478913890496635f,0.07574692470010345f,0f,0f,0f,1f], start_interpolation: 0, interpolation_duration: 1 }
$data merge entity $(bone_chest1lid) { transformation: [-1f,-3.106863245689006e-17f,1.1845816942649947e-16f,-0.3437500000000001f,0f,0.9672843591227663f,0.25369463651496293f,2.5153455512869107f,-1.2246467991473532e-16f,0.25369463651496293f,-0.9672843591227663f,0.2808765947922963f,0f,0f,0f,1f], start_interpolation: 0, interpolation_duration: 1 }
$data merge entity $(bone_chest2) { transformation: [-1f,-3.106863245689006e-17f,1.1845816942649947e-16f,-0.3437500000000001f,0f,0.9672843591227663f,0.25369463651496293f,2.3642073701739785f,-1.2246467991473532e-16f,0.25369463651496293f,-0.9672843591227663f,0.24123680783683335f,0f,0f,0f,1f], start_interpolation: 0, interpolation_duration: 1 }
$data merge entity $(bone_chest1lid3) { transformation: [-1f,-3.106863245689006e-17f,1.1845816942649947e-16f,-0.28125f,0f,0.9672843591227663f,0.25369463651496293f,2.677868677804309f,-1.2246467991473532e-16f,0.25369463651496293f,-0.9672843591227663f,-0.33878994777072585f,0f,0f,0f,1f], start_interpolation: 0, interpolation_duration: 1 }
$data merge entity $(bone_chest3) { transformation: [-1f,-3.106863245689006e-17f,1.1845816942649947e-16f,-0.28125f,0f,0.9672843591227663f,0.25369463651496293f,2.5267304966913766f,-1.2246467991473532e-16f,0.25369463651496293f,-0.9672843591227663f,-0.3784297347261888f,0f,0f,0f,1f], start_interpolation: 0, interpolation_duration: 1 }
$data merge entity $(bone_hugeasssword2) { transformation: [-1.3336358662101624e-15f,2.887669569172986f,-2.646061646494669f,-1.234375f,-0.9936373263502714f,2.5594940439289284f,2.793197608575807f,4.465263193632456f,3.7885304065641683f,0.6712916476036501f,0.7325862817266591f,0.11384572019244368f,0f,0f,0f,1f], start_interpolation: 0, interpolation_duration: 1 }
$data merge entity $(bone_belt) { transformation: [-1f,-3.106863245689006e-17f,1.1845816942649947e-16f,0.029705624999999986f,0f,0.9672843591227663f,0.25369463651496293f,2.857203427652757f,-1.2246467991473532e-16f,0.25369463651496293f,-0.9672843591227663f,0.1013126809571662f,0f,0f,0f,1f], start_interpolation: 0, interpolation_duration: 1 }
$data merge entity $(bone_torn_part) { transformation: [-1f,-5.597122227282445e-17f,1.0892575500727389e-16f,-0.09375000000000001f,0f,0.8894462883756545f,0.4570397139141979f,2.586803152206967f,-1.2246467991473532e-16f,0.4570397139141979f,-0.8894462883756545f,0.037372602843478014f,0f,0f,0f,1f], start_interpolation: 0, interpolation_duration: 1 }
$data merge entity $(bone_lowerbody) { transformation: [-1f,-2.0626097189620506e-17f,1.2071521006626672e-16f,0.0039062499999999883f,0f,0.9857144945817305f,0.1684248650629814f,2.0818125f,-1.2246467991473532e-16f,0.1684248650629814f,-0.9857144945817305f,0.09375f,0f,0f,0f,1f], start_interpolation: 0, interpolation_duration: 1 }
$data merge entity $(bone_leftfoot) { transformation: [-0.9769692625860494f,-0.07809375681857754f,-0.1985759932822483f,0.404199293233782f,-0.07938248095530517f,0.996843139551176f,-0.0014754142249454039f,0.16074601824987f,0.19806433722265918f,0.014322020657555057f,-0.9800843831246538f,-0.2530756911065507f,0f,0f,0f,1f], start_interpolation: 0, interpolation_duration: 1 }
$data merge entity $(bone_leftlowerleg) { transformation: [-0.9769692625860494f,0.0021458588930748784f,-0.2133692931320757f,0.4393631138423729f,-0.07938248095530517f,0.9245211334638437f,0.3727721763974749f,1.1291118366611212f,0.19806433722265918f,0.3811247421361418f,-0.9030583864026778f,0.30848553989106253f,0f,0f,0f,1f], start_interpolation: 0, interpolation_duration: 1 }
$data merge entity $(bone_leftleg) { transformation: [-0.9769692625860494f,-0.15313188056502347f,-0.14859908181644335f,0.25f,-0.07938248095530517f,0.907253332068283f,-0.41302519677179306f,2.10134375f,0.19806433722265918f,-0.391716758137327f,-0.8985146074020898f,-0.07812499999999997f,0f,0f,0f,1f], start_interpolation: 0, interpolation_duration: 1 }
$data merge entity $(bone_rightfoot) { transformation: [-0.9672869933076771f,0.06513883102940393f,0.24517912894436328f,-0.3911219466159155f,0.0777002868994237f,0.9960957421707383f,0.04190391204975036f,0.20425711017789527f,-0.24149231456413095f,0.0595835977551602f,-0.9685717613501903f,-0.25265955126089634f,0f,0f,0f,1f], start_interpolation: 0, interpolation_duration: 1 }
$data merge entity $(bone_rightlowerleg) { transformation: [-0.9672869933076771f,-0.030977692211320948f,0.2517861298067362f,-0.46417366119333675f,0.0777002868994237f,0.908637809660497f,0.41029257398973423f,1.1492375213064976f,-0.24149231456413095f,0.41643452479427656f,-0.8765065593398738f,0.3439938978091287f,0f,0f,0f,1f], start_interpolation: 0, interpolation_duration: 1 }
$data merge entity $(bone_rightleg) { transformation: [-0.9672869933076771f,0.1775663072222372f,0.18117968737486f,-0.25f,0.0777002868994237f,0.8872401688854369f,-0.4547169978479897f,2.10134375f,-0.24149231456413095f,-0.42576412396490093f,-0.8720128283178289f,-0.07812500000000003f,0f,0f,0f,1f], start_interpolation: 0, interpolation_duration: 1 }
data modify entity @s data merge value {"locators":{"lefthand":{"posx":1.0100010562029427,"posy":1.7481089837731882,"posz":-0.05801737412752975,"roty":1.6289705986355898,"rotx":1.9527230896683603},"righthand":{"posx":-0.9377208412703618,"posy":1.803958061062997,"posz":0.09951508760496774,"roty":359.0009161371757,"rotx":-2.937073207301963},"chest":{"posx":-0.3750000000000001,"posy":2.4152504918862747,"posz":0.41615886112304334,"roty":0,"rotx":14.696250000000003},"sack":{"posx":0,"posy":-0.4375,"posz":0,"roty":0,"rotx":0}},"cameras":{}}