# This file was generated by Animated Java via MC-Build. It is not recommended to edit this file directly.
$data merge entity $(bone_nose) { transformation: [-1f,-5.030342479993817e-17f,1.1165645203039342e-16f,-5.685462651090058e-17f,0f,0.9117441217184659f,0.4107586353466271f,3.9984244327838505f,-1.2246467991473532e-16f,0.4107586353466271f,-0.9117441217184659f,0.4614579884764677f,0f,0f,0f,1f], start_interpolation: 0, interpolation_duration: 1 }
$data merge entity $(bone_glowing_eye) { transformation: [-1f,-5.030342479993817e-17f,1.1165645203039342e-16f,-0.12500000000000006f,0f,0.9117441217184659f,0.4107586353466271f,4.045823238440612f,-1.2246467991473532e-16f,0.4107586353466271f,-0.9117441217184659f,0.5210855664707885f,0f,0f,0f,1f], start_interpolation: 0, interpolation_duration: 1 }
$data merge entity $(bone_head) { transformation: [-1f,-5.030342479993817e-17f,1.1165645203039342e-16f,-2.9735087889855405e-17f,0f,0.9117441217184659f,0.4107586353466271f,3.9627617260962675f,-1.2246467991473532e-16f,0.4107586353466271f,-0.9117441217184659f,0.24001015029221037f,0f,0f,0f,1f], start_interpolation: 0, interpolation_duration: 1 }
$data merge entity $(bone_leftthumb2) { transformation: [-0.9993114761456724f,-0.03418484910021449f,0.014421155832760626f,1.0099777762934787f,-0.03494840099418279f,0.9977897547558545f,-0.056517382920668824f,1.7830055212791613f,-0.012457243334984085f,-0.056982465691186646f,-0.9982974585223814f,0.35122610307787977f,0f,0f,0f,1f], start_interpolation: 0, interpolation_duration: 1 }
$data merge entity $(bone_leftthumb) { transformation: [-0.9993114761456724f,-0.03418484910021449f,0.014421155832760626f,1.0028265943625976f,-0.03494840099418279f,0.9977897547558545f,-0.056517382920668824f,2.022876140958931f,-0.012457243334984085f,-0.056982465691186646f,-0.9982974585223814f,0.25193957567393255f,0f,0f,0f,1f], start_interpolation: 0, interpolation_duration: 1 }
$data merge entity $(bone_leftpointerfinger) { transformation: [-0.9993114761456724f,-0.03418484910021449f,0.014421155832760626f,1.124019182356699f,-0.03494840099418279f,0.9977897547558545f,-0.056517382920668824f,1.6966496067139987f,-0.012457243334984085f,-0.056982465691186646f,-0.9982974585223814f,0.22520426485038045f,0f,0f,0f,1f], start_interpolation: 0, interpolation_duration: 1 }
$data merge entity $(bone_leftmidfinger) { transformation: [-0.9993114761456724f,-0.03418484910021449f,0.014421155832760626f,1.1262724879555677f,-0.03494840099418279f,0.9977897547558545f,-0.056517382920668824f,1.687818765632644f,-0.012457243334984085f,-0.056982465691186646f,-0.9982974585223814f,0.06922028695625834f,0f,0f,0f,1f], start_interpolation: 0, interpolation_duration: 1 }
$data merge entity $(bone_leftringfinger) { transformation: [-0.9993114761456724f,-0.03418484910021449f,0.014421155832760626f,1.1285257935544366f,-0.03494840099418279f,0.9977897547558545f,-0.056517382920668824f,1.6789879245512895f,-0.012457243334984085f,-0.056982465691186646f,-0.9982974585223814f,-0.08676369093786376f,0f,0f,0f,1f], start_interpolation: 0, interpolation_duration: 1 }
$data merge entity $(bone_invisibility) { transformation: [-0.0327978788808163f,-0.01734568489499674f,0.9993114761456722f,0.9324586515892757f,0.9890670490114404f,0.14326542439734152f,0.034948400994182824f,1.8009962041702818f,-0.14377298668637245f,0.9895322861775521f,0.012457243334983856f,0.24783287011892183f,0f,0f,0f,1f], start_interpolation: 0, interpolation_duration: 1 }
$data merge entity $(bone_swiftness) { transformation: [0.014421155832760404f,-0.03418484910021449f,0.9993114761456724f,0.8877445592193862f,-0.05651738292066883f,0.9977897547558545f,0.034948400994182775f,1.653461402439072f,-0.9982974585223814f,-0.056982465691186646f,0.012457243334983863f,0.06771967191789913f,0f,0f,0f,1f], start_interpolation: 0, interpolation_duration: 1 }
$data merge entity $(bone_suspicious_stew) { transformation: [-0.024887351127864166f,-0.02751714733390061f,0.9993114761456726f,0.9367650331094908f,0.8804193464325538f,0.4729063159815323f,0.03494840099418291f,1.7436278001184757f,-0.47354238900135814f,0.8806829298376231f,0.012457243334984082f,0.06332314972524966f,0f,0f,0f,1f], start_interpolation: 0, interpolation_duration: 1 }
$data merge entity $(bone_log) { transformation: [-0.9993114761456724f,-0.03418484910021449f,0.014421155832760626f,0.8394824677629679f,-0.03494840099418279f,0.9977897547558545f,-0.056517382920668824f,1.8624258545453465f,-0.012457243334984085f,-0.056982465691186646f,-0.9982974585223814f,0.008237281582959943f,0f,0f,0f,1f], start_interpolation: 0, interpolation_duration: 1 }
$data merge entity $(bone_planks) { transformation: [-0.9993114761456724f,-0.03418484910021449f,0.014421155832760626f,0.7457970168743111f,-0.03494840099418279f,0.9977897547558545f,-0.056517382920668824f,1.859149441952142f,-0.012457243334984085f,-0.056982465691186646f,-0.9982974585223814f,0.007069415020305225f,0f,0f,0f,1f], start_interpolation: 0, interpolation_duration: 1 }
$data merge entity $(bone_lefthand1) { transformation: [-0.9993114761456724f,-0.03418484910021449f,0.014421155832760626f,1.0803134634045586f,-0.03494840099418279f,0.9977897547558545f,-0.056517382920668824f,2.122376561699127f,-0.012457243334984085f,-0.056982465691186646f,-0.9982974585223814f,0.02830277157273373f,0f,0f,0f,1f], start_interpolation: 0, interpolation_duration: 1 }
$data merge entity $(bone_leftforearm) { transformation: [-0.9993114761456724f,-0.03418484910021449f,0.014421155832760626f,0.9935949435619789f,-0.03494840099418279f,0.9977897547558545f,-0.056517382920668824f,2.822646292057836f,-0.012457243334984085f,-0.056982465691186646f,-0.9982974585223814f,0.0030567954645938193f,0f,0f,0f,1f], start_interpolation: 0, interpolation_duration: 1 }
$data merge entity $(bone_leftelbow) { transformation: [-0.9993114761456724f,-0.03418484910021449f,0.014421155832760626f,0.9871852843556886f,-0.03494840099418279f,0.9977897547558545f,-0.056517382920668824f,3.0097318710745586f,-0.012457243334984085f,-0.056982465691186646f,-0.9982974585223814f,-0.007627416852503677f,0f,0f,0f,1f], start_interpolation: 0, interpolation_duration: 1 }
$data merge entity $(bone_leftarm) { transformation: [-0.9993114761456724f,-0.03705557622699395f,0.001859546730427107f,0.75f,-0.03494840099418279f,0.9569457530467766f,0.2881552272537971f,3.4715549340287883f,-0.012457243334984085f,0.2878918373212813f,-0.9575819062055579f,0.1635179143975329f,0f,0f,0f,1f], start_interpolation: 0, interpolation_duration: 1 }
$data merge entity $(bone_rightthumb2) { transformation: [-0.9998278587642517f,0.01661381580269849f,-0.008260385182637721f,-0.9806831067806089f,0.017476352136445987f,0.9927947737708193f,-0.11854583202015329f,1.807860384081643f,0.006231368621296182f,-0.11866978679437101f,-0.992914221746916f,0.41336914154210935f,0f,0f,0f,1f], start_interpolation: 0, interpolation_duration: 1 }
$data merge entity $(bone_rightthumb) { transformation: [-0.9998278587642517f,0.01661381580269849f,-0.008260385182637721f,-0.9773146049253608f,0.017476352136445987f,0.9927947737708193f,-0.11854583202015329f,2.041205225948271f,0.006231368621296182f,-0.11866978679437101f,-0.992914221746916f,0.2994142992492538f,0f,0f,0f,1f], start_interpolation: 0, interpolation_duration: 1 }
$data merge entity $(bone_rightpointerfinger) { transformation: [-0.9998278587642517f,0.01661381580269849f,-0.008260385182637721f,-1.0925093908433974f,0.017476352136445987f,0.9927947737708193f,-0.11854583202015329f,1.7117990809436996f,0.006231368621296182f,-0.11866978679437101f,-0.992914221746916f,0.2924915248397243f,0f,0f,0f,1f], start_interpolation: 0, interpolation_duration: 1 }
$data merge entity $(bone_rightmidfinger) { transformation: [-0.9998278587642517f,0.01661381580269849f,-0.008260385182637721f,-1.0938000760281845f,0.017476352136445987f,0.9927947737708193f,-0.11854583202015329f,1.6932762946905506f,0.006231368621296182f,-0.11866978679437101f,-0.992914221746916f,0.1373486776917687f,0f,0f,0f,1f], start_interpolation: 0, interpolation_duration: 1 }
$data merge entity $(bone_rightringfinger) { transformation: [-0.9998278587642517f,0.01661381580269849f,-0.008260385182637721f,-1.0950907612129717f,0.017476352136445987f,0.9927947737708193f,-0.11854583202015329f,1.6747535084374017f,0.006231368621296182f,-0.11866978679437101f,-0.992914221746916f,-0.01779416945618692f,0f,0f,0f,1f], start_interpolation: 0, interpolation_duration: 1 }
$data merge entity $(bone_hugeasssword) { transformation: [-3.9159924468266527f,0.0650707785605691f,-0.03235317529866441f,-0.8247170511905284f,0.06844904586774679f,3.8884461972690425f,-0.4643045087456004f,1.8921478557018199f,0.024406193766743384f,-0.46478999827795314f,-3.8889140351754214f,0.12710295467392585f,0f,0f,0f,1f], start_interpolation: 0, interpolation_duration: 1 }
$data merge entity $(bone_ice) { transformation: [-0.9998278587642517f,0.01661381580269849f,-0.008260385182637721f,-0.8093543317692541f,0.017476352136445987f,0.9927947737708193f,-0.11854583202015329f,1.8763623693595188f,0.006231368621296182f,-0.11866978679437101f,-0.992914221746916f,0.12885980495788013f,0f,0f,0f,1f], start_interpolation: 0, interpolation_duration: 1 }
$data merge entity $(bone_righthand1) { transformation: [-0.9998278587642517f,0.01661381580269849f,-0.008260385182637721f,-1.0554159795465998f,0.017476352136445987f,0.9927947737708193f,-0.11854583202015329f,2.1252255935857054f,0.006231368621296182f,-0.11866978679437101f,-0.992914221746916f,0.0697216309850203f,0f,0f,0f,1f], start_interpolation: 0, interpolation_duration: 1 }
$data merge entity $(bone_rightforearm) { transformation: [-0.9998278587642517f,0.01661381580269849f,-0.008260385182637721f,-0.981116080619083f,0.017476352136445987f,0.9927947737708193f,-0.11854583202015329f,2.8240444255101f,0.006231368621296182f,-0.11866978679437101f,-0.992914221746916f,0.0014067613211927246f,0f,0f,0f,1f], start_interpolation: 0, interpolation_duration: 1 }
$data merge entity $(bone_rightelbow) { transformation: [-0.9998278587642517f,0.01661381580269849f,-0.008260385182637721f,-0.978000990156077f,0.017476352136445987f,0.9927947737708193f,-0.11854583202015329f,3.010193445592128f,0.006231368621296182f,-0.11866978679437101f,-0.992914221746916f,-0.02084382370275184f,0f,0f,0f,1f], start_interpolation: 0, interpolation_duration: 1 }
$data merge entity $(bone_rightarm) { transformation: [-0.9998278587642517f,0.018548220261573177f,-0.00046514945953012824f,-0.75f,0.017476352136445987f,0.949877267862745f,0.31213419087567107f,3.4715549340287883f,0.006231368621296182f,0.3120723305945836f,-0.9500379100448415f,0.16351791439753272f,0f,0f,0f,1f], start_interpolation: 0, interpolation_duration: 1 }
$data merge entity $(bone_chest1) { transformation: [-1.0833333333333333f,-2.786953873026972e-17f,1.297098155894819e-16f,-0.002323125000000003f,0f,1.0591610224253307f,0.2275720538335917f,3.3379529708249516f,-1.3267006990762992e-16f,0.2275720538335917f,-1.0591610224253307f,0.022230713574663052f,0f,0f,0f,1f], start_interpolation: 0, interpolation_duration: 1 }
$data merge entity $(bone_chest1lid) { transformation: [-1f,-2.5725728058710514e-17f,1.1973213746721409e-16f,-0.34375000000000006f,0f,0.9776870976233822f,0.21006651123100772f,2.5875502391253384f,-1.2246467991473532e-16f,0.21006651123100772f,-0.9776870976233822f,0.26124879175294624f,0f,0f,0f,1f], start_interpolation: 0, interpolation_duration: 1 }
$data merge entity $(bone_chest2) { transformation: [-1f,-2.5725728058710514e-17f,1.1973213746721409e-16f,-0.34375000000000006f,0f,0.9776870976233822f,0.21006651123100772f,2.434786630121685f,-1.2246467991473532e-16f,0.21006651123100772f,-0.9776870976233822f,0.22842589937310126f,0f,0f,0f,1f], start_interpolation: 0, interpolation_duration: 1 }
$data merge entity $(bone_chest1lid3) { transformation: [-1f,-2.5725728058710514e-17f,1.1973213746721409e-16f,-0.28124999999999994f,0f,0.9776870976233822f,0.21006651123100772f,2.722124097882703f,-1.2246467991473532e-16f,0.21006651123100772f,-0.9776870976233822f,-0.36508200516203293f,0f,0f,0f,1f], start_interpolation: 0, interpolation_duration: 1 }
$data merge entity $(bone_chest3) { transformation: [-1f,-2.5725728058710514e-17f,1.1973213746721409e-16f,-0.28124999999999994f,0f,0.9776870976233822f,0.21006651123100772f,2.5693604888790493f,-1.2246467991473532e-16f,0.21006651123100772f,-0.9776870976233822f,-0.3979048975418779f,0f,0f,0f,1f], start_interpolation: 0, interpolation_duration: 1 }
$data merge entity $(bone_hugeasssword2) { transformation: [-1.338625574369628e-15f,2.887669569172986f,-2.646061646494669f,-1.234375f,-0.8227605023214468f,2.5870203312939215f,2.823237279980099f,4.5280169733637985f,3.8292744656915807f,0.5558489385813119f,0.6066026719841151f,0.006951764019771975f,0f,0f,0f,1f], start_interpolation: 0, interpolation_duration: 1 }
$data merge entity $(bone_belt) { transformation: [-1f,-2.5725728058710514e-17f,1.1973213746721409e-16f,0.029705624999999992f,0f,0.9776870976233822f,0.21006651123100772f,2.9210126377422125f,-1.2246467991473532e-16f,0.21006651123100772f,-0.9776870976233822f,0.06653660545266053f,0f,0f,0f,1f], start_interpolation: 0, interpolation_duration: 1 }
$data merge entity $(bone_torn_part) { transformation: [-1f,-5.1030703193359984e-17f,1.1132594108387215e-16f,-0.09375000000000001f,0f,0.9090452950302211f,0.41669731410631655f,2.6480172668618676f,-1.2246467991473532e-16f,0.41669731410631655f,-0.9090452950302211f,0.014785566542834916f,0f,0f,0f,1f], start_interpolation: 0, interpolation_duration: 1 }
$data merge entity $(bone_lowerbody) { transformation: [-1f,-1.5192490524917708e-17f,1.215186654727119e-16f,0.0039062499999999883f,0f,0.992275205857868f,0.12405609956679192f,2.1460625f,-1.2246467991473532e-16f,0.12405609956679192f,-0.992275205857868f,0.09375f,0f,0f,0f,1f], start_interpolation: 0, interpolation_duration: 1 }
$data merge entity $(bone_leftfoot) { transformation: [-0.9913279166945352f,-0.08201880144283158f,-0.10267364701788878f,0.4293670764854402f,-0.08231412180049331f,0.9966055003845514f,-0.0013645348920611755f,0.15714395343997412f,0.1024370388789436f,0.007098789554527307f,-0.9947141600744279f,-0.26128327100868953f,0f,0f,0f,1f], start_interpolation: 0, interpolation_duration: 1 }
$data merge entity $(bone_leftlowerleg) { transformation: [-0.9913279166945352f,-0.045869841016611825f,-0.12314592671779043f,0.39740105448439556f,-0.08231412180049331f,0.9472310301509902f,0.3098027773782986f,1.1603785361567045f,0.1024370388789436f,0.3172527906956924f,-0.9427922994284103f,0.23552495576020946f,0f,0f,0f,1f], start_interpolation: 0, interpolation_duration: 1 }
$data merge entity $(bone_leftleg) { transformation: [-0.9913279166945352f,-0.11128664036272218f,-0.0698873755327154f,0.25f,-0.08231412180049331f,0.9404200424449467f,-0.32990078678302387f,2.16559375f,0.1024370388789436f,-0.3212871417355863f,-0.9414251035643202f,-0.07812499999999997f,0f,0f,0f,1f], start_interpolation: 0, interpolation_duration: 1 }
$data merge entity $(bone_rightfoot) { transformation: [-0.9887118623571183f,0.07438582581111297f,0.13005999443609692f,-0.4248129993788096f,0.08044084806523888f,0.9958769848215029f,0.04193210065543418f,0.19077343442875183f,-0.12640460116967245f,0.05192090158338036f,-0.9906190472537388f,-0.21472235975734344f,0f,0f,0f,1f], start_interpolation: 0, interpolation_duration: 1 }
$data merge entity $(bone_rightlowerleg) { transformation: [-0.9887118623571183f,0.03374056182957835f,0.14598091560797666f,-0.409811392615781f,0.08044084806523888f,0.941524328637541f,0.32720209129248096f,1.1850038166930836f,-0.12640460116967245f,0.33525141770177835f,-0.9336103918295275f,0.3006423339147096f,0f,0f,0f,1f], start_interpolation: 0, interpolation_duration: 1 }
$data merge entity $(bone_rightleg) { transformation: [-0.9887118623571183f,0.12341330372344135f,0.08495887062799515f,-0.25f,0.08044084806523888f,0.9156191677170596f,-0.3939172624697529f,2.16559375f,-0.12640460116967245f,-0.38263650658710635f,-0.9152110033374552f,-0.07812500000000003f,0f,0f,0f,1f], start_interpolation: 0, interpolation_duration: 1 }
data modify entity @s data merge value {"locators":{"lefthand":{"posx":0.935613279427692,"posy":1.7886330266563855,"posz":0.029455301067150875,"roty":0.8276229591745903,"rotx":-3.2399339147626804},"righthand":{"posx":-0.9032187158818411,"posy":1.8643406376574565,"posz":0.14681249589958426,"roty":359.52334826180635,"rotx":-6.808185844580709},"chest":{"posx":-0.37500000000000006,"posy":2.493621903144032,"posz":0.4008832438046617,"roty":0,"rotx":12.12625},"sack":{"posx":0,"posy":-0.4375,"posz":0,"roty":0,"rotx":0}},"cameras":{}}