# This file was generated by Animated Java via MC-Build. It is not recommended to edit this file directly.
$data merge entity $(bone_nose) { transformation: [-1f,-3.099071218401832e-17f,1.184785785910091e-16f,-2.531709142757301e-17f,0f,0.9674510125980689f,0.2530583692015956f,4.103807857335884f,-1.2246467991473532e-16f,0.2530583692015956f,-0.9674510125980689f,0.20769103341155806f,0f,0f,0f,1f], start_interpolation: 0, interpolation_duration: 1 }
$data merge entity $(bone_glowing_eye) { transformation: [-1f,-3.099071218401832e-17f,1.184785785910091e-16f,-0.12500000000000003f,0f,0.9674510125980689f,0.2530583692015956f,4.16048152147348f,-1.2246467991473532e-16f,0.2530583692015956f,-0.9674510125980689f,0.25858494884724836f,0f,0f,0f,1f], start_interpolation: 0, interpolation_duration: 1 }
$data merge entity $(bone_head) { transformation: [-1f,-3.099071218401832e-17f,1.184785785910091e-16f,6.95251100993394e-19f,0f,0.9674510125980689f,0.2530583692015956f,4.031736474509533f,-1.2246467991473532e-16f,0.2530583692015956f,-0.9674510125980689f,-0.004715862574102531f,0f,0f,0f,1f], start_interpolation: 0, interpolation_duration: 1 }
$data merge entity $(bone_leftthumb2) { transformation: [-0.997871157454298f,-0.030912423390550173f,-0.057424517420201535f,1.0160583188745513f,-0.025653659705591008f,0.9955970345457748f,-0.09015783131469711f,1.8306483085318945f,0.059958676307348545f,-0.0884927504589105f,-0.994270582010595f,0.3087037126478457f,0f,0f,0f,1f], start_interpolation: 0, interpolation_duration: 1 }
$data merge entity $(bone_leftthumb) { transformation: [-0.997871157454298f,-0.030912423390550173f,-0.057424517420201535f,1.0035699231837574f,-0.025653659705591008f,0.9955970345457748f,-0.09015783131469711f,2.067106351406911f,0.059958676307348545f,-0.0884927504589105f,-0.994270582010595f,0.2020336510312559f,0f,0f,0f,1f], start_interpolation: 0, interpolation_duration: 1 }
$data merge entity $(bone_leftpointerfinger) { transformation: [-0.997871157454298f,-0.030912423390550173f,-0.057424517420201535f,1.1201634457012735f,-0.025653659705591008f,0.9955970345457748f,-0.09015783131469711f,1.739005795134001f,0.059958676307348545f,-0.0884927504589105f,-0.994270582010595f,0.17790592102272296f,0f,0f,0f,1f], start_interpolation: 0, interpolation_duration: 1 }
$data merge entity $(bone_leftmidfinger) { transformation: [-0.997871157454298f,-0.030912423390550173f,-0.057424517420201535f,1.111190864854367f,-0.025653659705591008f,0.9955970345457748f,-0.09015783131469711f,1.7249186339910796f,0.059958676307348545f,-0.0884927504589105f,-0.994270582010595f,0.02255114258356752f,0f,0f,0f,1f], start_interpolation: 0, interpolation_duration: 1 }
$data merge entity $(bone_leftringfinger) { transformation: [-0.997871157454298f,-0.030912423390550173f,-0.057424517420201535f,1.1022182840074604f,-0.025653659705591008f,0.9955970345457748f,-0.09015783131469711f,1.7108314728481582f,0.059958676307348545f,-0.0884927504589105f,-0.994270582010595f,-0.13280363585558796f,0f,0f,0f,1f], start_interpolation: 0, interpolation_duration: 1 }
$data merge entity $(bone_invisibility) { transformation: [-0.03579966875451705f,0.05451180457374841f,0.9978711574542978f,0.9314760735396325f,0.9839507144976145f,0.17658675257035417f,0.025653659705591036f,1.8459065918212312f,-0.17481239989400219f,0.9827744308735191f,-0.05995867630734876f,0.21054023393673862f,0f,0f,0f,1f], start_interpolation: 0, interpolation_duration: 1 }
$data merge entity $(bone_swiftness) { transformation: [-0.05742451742020176f,-0.030912423390550173f,0.997871157454298f,0.872922792069983f,-0.09015783131469711f,0.9955970345457748f,0.025653659705590987f,1.6928452365071158f,-0.994270582010595f,-0.0884927504589105f,-0.05995867630734877f,0.0392207467700027f,0f,0f,0f,1f], start_interpolation: 0, interpolation_duration: 1 }
$data merge entity $(bone_suspicious_stew) { transformation: [-0.0522848197684536f,0.03898013266524367f,0.9978711574542982f,0.9221579963697767f,0.8642149992069038f,0.5024682327167771f,0.025653659705591126f,1.7823333874553924f,-0.500398573906433f,0.8637165185220662f,-0.059958676307348566f,0.028262597487513474f,0f,0f,0f,1f], start_interpolation: 0, interpolation_duration: 1 }
$data merge entity $(bone_log) { transformation: [-0.00000997871157454298f,-3.091242339055018e-7f,-5.742451742020154e-7f,0.8220517481805456f,-2.565365970559101e-7f,0.000009955970345457748f,-9.015783131469712e-7f,1.9001518378333386f,5.995867630734855e-7f,-8.849275045891051e-7f,-0.000009942705820105952f,-0.023784303947783025f,0f,0f,0f,1f], start_interpolation: 0, interpolation_duration: 1 }
$data merge entity $(bone_planks) { transformation: [-0.00000997871157454298f,-3.091242339055018e-7f,-5.742451742020154e-7f,0.7285013271692051f,-2.565365970559101e-7f,0.000009955970345457748f,-9.015783131469712e-7f,1.8977468072359394f,5.995867630734855e-7f,-8.849275045891051e-7f,-0.000009942705820105952f,-0.018163178043969108f,0f,0f,0f,1f], start_interpolation: 0, interpolation_duration: 1 }
$data merge entity $(bone_lefthand) { transformation: [-0.997871157454298f,-0.030912423390550173f,-0.057424517420201535f,1.0655859478658638f,-0.025653659705591008f,0.9955970345457748f,-0.09015783131469711f,2.158281943624764f,0.059958676307348545f,-0.0884927504589105f,-0.994270582010595f,-0.02982620495151673f,0f,0f,0f,1f], start_interpolation: 0, interpolation_duration: 1 }
$data merge entity $(bone_leftforearm) { transformation: [-0.997871157454298f,-0.030912423390550173f,-0.057424517420201535f,0.9823809609131803f,-0.025653659705591008f,0.9955970345457748f,-0.09015783131469711f,2.8581164709224547f,0.059958676307348545f,-0.0884927504589105f,-0.994270582010595f,-0.07276477500481335f,0f,0f,0f,1f], start_interpolation: 0, interpolation_duration: 1 }
$data merge entity $(bone_leftelbow) { transformation: [-0.997871157454298f,-0.030912423390550173f,-0.057424517420201535f,0.9765848815274522f,-0.025653659705591008f,0.9955970345457748f,-0.09015783131469711f,3.0447909148997874f,0.059958676307348545f,-0.0884927504589105f,-0.994270582010595f,-0.08935716571585907f,0f,0f,0f,1f], start_interpolation: 0, interpolation_duration: 1 }
$data merge entity $(bone_leftarm) { transformation: [-0.997871157454298f,-0.020471131415988848f,-0.061919995957436705f,0.75f,-0.025653659705591008f,0.9961274216068418f,0.0840954794659931f,3.534614903909298f,0.059958676307348545f,0.08550492793666835f,-0.9945319826099187f,-0.0024096168487324314f,0f,0f,0f,1f], start_interpolation: 0, interpolation_duration: 1 }
$data merge entity $(bone_rightthumb2) { transformation: [-1f,5.295762810245125e-17f,1.1042231410535211e-16f,-0.953125f,0f,0.9016666207941132f,-0.4324318500593184f,2.035863506017867f,-1.2246467991473532e-16f,-0.4324318500593184f,-0.9016666207941132f,0.781246984910288f,0f,0f,0f,1f], start_interpolation: 0, interpolation_duration: 1 }
$data merge entity $(bone_rightthumb) { transformation: [-1f,5.295762810245125e-17f,1.1042231410535211e-16f,-0.953125f,0f,0.9016666207941132f,-0.4324318500593184f,2.2200359374415233f,-1.2246467991473532e-16f,-0.4324318500593184f,-0.9016666207941132f,0.5981421416756026f,0f,0f,0f,1f], start_interpolation: 0, interpolation_duration: 1 }
$data merge entity $(bone_rightpointerfinger) { transformation: [-1f,5.295762810245125e-17f,1.1042231410535211e-16f,-1.0625f,0f,0.9016666207941132f,-0.4324318500593184f,1.9039063345219243f,-1.2246467991473532e-16f,-0.4324318500593184f,-0.9016666207941132f,0.6977682196265924f,0f,0f,0f,1f], start_interpolation: 0, interpolation_duration: 1 }
$data merge entity $(bone_rightmidfinger) { transformation: [-1f,5.295762810245125e-17f,1.1042231410535211e-16f,-1.0625f,0f,0.9016666207941132f,-0.4324318500593184f,1.8363388579501558f,-1.2246467991473532e-16f,-0.4324318500593184f,-0.9016666207941132f,0.5568828101275123f,0f,0f,0f,1f], start_interpolation: 0, interpolation_duration: 1 }
$data merge entity $(bone_rightringfinger) { transformation: [-1f,5.295762810245125e-17f,1.1042231410535211e-16f,-1.0625f,0f,0.9016666207941132f,-0.4324318500593184f,1.7687713813783872f,-1.2246467991473532e-16f,-0.4324318500593184f,-0.9016666207941132f,0.41599740062843205f,0f,0f,0f,1f], start_interpolation: 0, interpolation_duration: 1 }
$data merge entity $(bone_hugeasssword) { transformation: [-3.916666666666667f,2.0741737673460076e-16f,4.3248739691262914e-16f,-0.796875f,0f,3.531527598110277f,-1.6936914127323306f,2.026246637956137f,-4.796533296660467e-16f,-1.6936914127323306f,-3.531527598110277f,0.48313363153412126f,0f,0f,0f,1f], start_interpolation: 0, interpolation_duration: 1 }
$data merge entity $(bone_ice) { transformation: [-1f,5.295762810245125e-17f,1.1042231410535211e-16f,-0.78125f,0f,0.9016666207941132f,-0.4324318500593184f,2.0121580970062287f,-1.2246467991473532e-16f,-0.4324318500593184f,-0.9016666207941132f,0.48989037919129813f,0f,0f,0f,1f], start_interpolation: 0, interpolation_duration: 1 }
$data merge entity $(bone_righthand) { transformation: [-1f,5.295762810245125e-17f,1.1042231410535211e-16f,-1.03125f,0f,0.9016666207941132f,-0.4324318500593184f,2.2240612568904035f,-1.2246467991473532e-16f,-0.4324318500593184f,-0.9016666207941132f,0.35360533477665246f,0f,0f,0f,1f], start_interpolation: 0, interpolation_duration: 1 }
$data merge entity $(bone_rightforearm) { transformation: [-1f,5.295762810245125e-17f,1.1042231410535211e-16f,-0.96875f,0f,0.9016666207941132f,-0.4324318500593184f,2.864802347293441f,-1.2246467991473532e-16f,-0.4324318500593184f,-0.9016666207941132f,0.06364023115360223f,0f,0f,0f,1f], start_interpolation: 0, interpolation_duration: 1 }
$data merge entity $(bone_rightelbow) { transformation: [-1f,5.295762810245125e-17f,1.1042231410535211e-16f,-0.96875f,0f,0.9016666207941132f,-0.4324318500593184f,3.0338648386923373f,-1.2246467991473532e-16f,-0.4324318500593184f,-0.9016666207941132f,-0.017440740732519965f,0f,0f,0f,1f], start_interpolation: 0, interpolation_duration: 1 }
$data merge entity $(bone_rightarm) { transformation: [-1f,3.9684592125870755e-18f,1.2240036420736914e-16f,-0.75f,0f,0.9994748223944163f,-0.03240492863207638f,3.534614903909298f,-1.2246467991473532e-16f,-0.03240492863207638f,-0.9994748223944163f,-0.0024096168487326153f,0f,0f,0f,1f], start_interpolation: 0, interpolation_duration: 1 }
$data merge entity $(bone_chest) { transformation: [-1.0833333333333333f,-6.964825588099321e-18f,1.324871263701601e-16f,-0.0023231249999999854f,0f,1.0818394859840632f,0.05687211686625487f,3.380313672468195f,-1.3267006990762992e-16f,0.05687211686625487f,-1.0818394859840632f,-0.12074256941918249f,0f,0f,0f,1f], start_interpolation: 0, interpolation_duration: 1 }
$data merge entity $(bone_chest1lid) { transformation: [-1f,-6.429069773630143e-18f,1.2229580895707086e-16f,-0.34375000000000006f,0f,0.9986210639852892f,0.052497338645773724f,2.677263504677587f,-1.2246467991473532e-16f,0.052497338645773724f,-0.9986210639852892f,0.23415792791475842f,0f,0f,0f,1f], start_interpolation: 0, interpolation_duration: 1 }
$data merge entity $(bone_chest1) { transformation: [-1f,-6.429069773630143e-18f,1.2229580895707086e-16f,-0.34375000000000006f,0f,0.9986210639852892f,0.052497338645773724f,2.5212289634298855f,-1.2246467991473532e-16f,0.052497338645773724f,-0.9986210639852892f,0.22595521875135627f,0f,0f,0f,1f], start_interpolation: 0, interpolation_duration: 1 }
$data merge entity $(bone_chest1lid3) { transformation: [-1f,-6.429069773630143e-18f,1.2229580895707086e-16f,-0.28124999999999994f,0f,0.9986210639852892f,0.052497338645773724f,2.7108946122475355f,-1.2246467991473532e-16f,0.052497338645773724f,-0.9986210639852892f,-0.40558369120081744f,0f,0f,0f,1f], start_interpolation: 0, interpolation_duration: 1 }
$data merge entity $(bone_chest3) { transformation: [-1f,-6.429069773630143e-18f,1.2229580895707086e-16f,-0.28124999999999994f,0f,0.9986210639852892f,0.052497338645773724f,2.554860070999834f,-1.2246467991473532e-16f,0.052497338645773724f,-0.9986210639852892f,-0.4137864003642196f,0f,0f,0f,1f], start_interpolation: 0, interpolation_duration: 1 }
$data merge entity $(bone_hugeasssword2) { transformation: [-1.3486666210382335e-15f,2.887669569172986f,-2.646061646494669f,-1.234375f,-0.20561457636261354f,2.642412896793173f,2.8836876576054684f,4.552922469886752f,3.911265833942383f,0.13891119433362484f,0.15159496726996854f,-0.32439517719744243f,0f,0f,0f,1f], start_interpolation: 0, interpolation_duration: 1 }
$data merge entity $(bone_belt) { transformation: [-1f,-6.429069773630143e-18f,1.2229580895707086e-16f,0.029705625000000003f,0f,0.9986210639852892f,0.052497338645773724f,2.9756609111788563f,-1.2246467991473532e-16f,0.052497338645773724f,-0.9986210639852892f,-0.010931840493619213f,0f,0f,0f,1f], start_interpolation: 0, interpolation_duration: 1 }
$data merge entity $(bone_torn_part) { transformation: [-1f,-4.1094019736396794e-17f,1.153641164683508e-16f,-0.09375f,0f,0.9420194994072724f,0.3355581361500153f,2.6923389588720275f,-1.2246467991473532e-16f,0.3355581361500153f,-0.9420194994072724f,-0.02883233693550874f,0f,0f,0f,1f], start_interpolation: 0, interpolation_duration: 1 }
$data merge entity $(bone_lowerbody) { transformation: [-1f,-4.5014043202643065e-18f,1.223819234436364e-16f,0.0039062499999999883f,0f,0.999324242131229f,0.03675675568987205f,2.19921875f,-1.2246467991473532e-16f,0.03675675568987205f,-0.999324242131229f,0.09375f,0f,0f,0f,1f], start_interpolation: 0, interpolation_duration: 1 }
$data merge entity $(bone_leftfoot) { transformation: [-0.9961946980917455f,3.469446951953614e-18f,-0.08715574274765807f,0.27666947181897183f,-1.734723475976807e-18f,1f,8.326672684688674e-17f,0.16159636145460543f,0.08715574274765805f,2.7755575615628914e-17f,-0.9961946980917455f,-0.13184508114931492f,0f,0f,0f,1f], start_interpolation: 0, interpolation_duration: 1 }
$data merge entity $(bone_leftlowerleg) { transformation: [-0.9961946980917455f,0.018863955312791728f,-0.08508980364211066f,0.3106703483058195f,-1.734723475976807e-18f,0.9762960071199334f,0.21643961393810296f,1.211419744595003f,0.08715574274765805f,0.2156159958621624f,-0.9725809060610188f,0.256786715435083f,0f,0f,0f,1f], start_interpolation: 0, interpolation_duration: 1 }
$data merge entity $(bone_leftleg) { transformation: [-0.9961946980917455f,-0.02980901962620912f,-0.08189960831908923f,0.25f,-1.734723475976807e-18f,0.9396926207859084f,-0.3420201433256687f,2.21875f,0.08715574274765805f,-0.34071865342161006f,-0.9361168066628591f,-0.07812499999999997f,0f,0f,0f,1f], start_interpolation: 0, interpolation_duration: 1 }
$data merge entity $(bone_rightfoot) { transformation: [-0.9990517880653891f,0.04205390363086664f,0.011269159363270305f,-0.36596246522908393f,0.04152333381518923f,0.9981780606418026f,-0.043776386354316216f,0.15083661028289863f,-0.013089595571344563f,-0.04326694399626321f,-0.9989777945705315f,-0.17470168486743412f,0f,0f,0f,1f], start_interpolation: 0, interpolation_duration: 1 }
$data merge entity $(bone_rightlowerleg) { transformation: [-0.9990517880653891f,0.03770427854781595f,0.021769523250124392f,-0.327479073220818f,0.04152333381518923f,0.9754961305233161f,0.21606275033635503f,1.1998305337675543f,-0.013089595571344563f,0.21676182023877366f,-0.9761367607945888f,0.21574760215771552f,0f,0f,0f,1f], start_interpolation: 0, interpolation_duration: 1 }
$data merge entity $(bone_rightleg) { transformation: [-0.9990517880653891f,0.04353762467883545f,8.208889757316094e-7f,-0.25f,0.04152333381518923f,0.9528358054947897f,-0.3006322346588397f,2.21875f,-0.013089595571344563f,-0.30034713749996045f,-0.9537401425353546f,-0.07812500000000003f,0f,0f,0f,1f], start_interpolation: 0, interpolation_duration: 1 }
data modify entity @s data merge value {"locators":{"lefthand":{"posx":0.9189144603539634,"posy":1.8261845662211411,"posz":-0.006956455878079054,"roty":356.69453012989743,"rotx":-5.172687072540556},"righthand":{"posx":-0.875,"posy":2.0048263037134975,"posz":0.510735667798383,"roty":0,"rotx":-25.621990740740735},"chest":{"posx":-0.37500000000000006,"posy":2.606646979015104,"posz":0.386911385497099,"roty":0,"rotx":3.0092592592592466},"sack":{"posx":0,"posy":-0.4375,"posz":0,"roty":0,"rotx":0}},"cameras":{}}