# This file was generated by Animated Java via MC-Build. It is not recommended to edit this file directly.
$data merge entity $(bone_nose) { transformation: [-0.9945201853529855f,0.017213951797963135f,0.1031178005436539f,-0.01956948996376148f,0.03995861059029627f,0.9740498896365043f,0.22277818999804963f,0.23941130221972f,-0.09660698921484125f,0.22567785084631464f,-0.9694001223809662f,3.246826034496639f,0f,0f,0f,1f], start_interpolation: 0, interpolation_duration: 1 }
$data merge entity $(bone_glowing_eye) { transformation: [-0.9945201853529855f,0.0000569407540248844f,0.10454471618983868f,-0.14752881099308557f,0.03995861059029627f,0.9242801401124614f,0.3796176129124964f,0.29374040994166967f,-0.09660698921484125f,0.38171484036049663f,-0.9192175315361453f,3.292672027244178f,0f,0f,0f,1f], start_interpolation: 0, interpolation_duration: 1 }
$data merge entity $(bone_head) { transformation: [-0.9945201853529855f,0.0000569407540248844f,0.10454471618983868f,-3.706683640779382e-16f,0.03995861059029627f,0.9242801401124614f,0.3796176129124964f,0.1963693750000009f,-0.09660698921484125f,0.38171484036049663f,-0.9192175315361453f,3.027565f,0f,0f,0f,1f], start_interpolation: 0, interpolation_duration: 1 }
$data merge entity $(bone_leftthumb2) { transformation: [-0.0903056201569507f,0.8089538410896246f,0.5808946358457877f,0.4036065868855473f,-0.7809967315733695f,0.3044046720978591f,-0.5453273336966593f,0.149672381171226f,-0.6179716823931184f,-0.5029229350420766f,0.6043008531922494f,3.5642048968842457f,0f,0f,0f,1f], start_interpolation: 0, interpolation_duration: 1 }
$data merge entity $(bone_leftthumb) { transformation: [-0.0903056201569507f,0.8089538410896246f,0.5808946358457877f,0.651638252601761f,-0.7809967315733695f,0.3044046720978591f,-0.5453273336966593f,0.17772303334880296f,-0.6179716823931184f,-0.5029229350420766f,0.6043008531922494f,3.4925088591488658f,0f,0f,0f,1f], start_interpolation: 0, interpolation_duration: 1 }
$data merge entity $(bone_leftpointerfinger) { transformation: [-0.618364451557988f,0.5293267677861925f,0.5808946358457877f,0.4364144058152641f,-0.7784285096170079f,-0.31091341968260955f,-0.5453273336966593f,0.16654258461770877f,-0.10804841722501674f,-0.7893959832468662f,0.6043008531922494f,3.7668761265992807f,0f,0f,0f,1f], start_interpolation: 0, interpolation_duration: 1 }
$data merge entity $(bone_leftmidfinger) { transformation: [-0.618364451557988f,0.5293267677861925f,0.5808946358457877f,0.5271791926661684f,-0.7784285096170079f,-0.31091341968260955f,-0.5453273336966593f,0.08133518872760576f,-0.10804841722501674f,-0.7893959832468662f,0.6043008531922494f,3.8612981349105695f,0f,0f,0f,1f], start_interpolation: 0, interpolation_duration: 1 }
$data merge entity $(bone_leftringfinger) { transformation: [-0.618364451557988f,0.5293267677861925f,0.5808946358457877f,0.6179439795170727f,-0.7784285096170079f,-0.31091341968260955f,-0.5453273336966593f,-0.0038722071624972543f,-0.10804841722501674f,-0.7893959832468662f,0.6043008531922494f,3.9557201432218587f,0f,0f,0f,1f], start_interpolation: 0, interpolation_duration: 1 }
$data merge entity $(bone_invisibility) { transformation: [0.8565038309397064f,-0.5081791835107715f,0.09030562015695086f,0.4767009519737343f,0.25571791160931095f,0.5697828138456663f,0.7809967315733691f,0.04159840208421649f,-0.4483408717346421f,-0.6458339279508614f,0.6179716823931184f,3.5636864143334863f,0f,0f,0f,1f], start_interpolation: 0, interpolation_duration: 1 }
$data merge entity $(bone_swiftness) { transformation: [0.5808946358457877f,0.8089538410896246f,0.09030562015695083f,0.471369296112379f,-0.5453273336966595f,0.3044046720978591f,0.7809967315733694f,-0.14254875280992615f,0.6043008531922492f,-0.5029229350420766f,0.6179716823931185f,3.712911180155718f,0f,0f,0f,1f], start_interpolation: 0, interpolation_duration: 1 }
$data merge entity $(bone_suspicious_stew) { transformation: [0.9786578467883791f,-0.18459066576509742f,0.0903056201569508f,0.5476989848937434f,0.04541903488605517f,0.6228813824009609f,0.7809967315733697f,-0.07491944198849429f,-0.20041439616343126f,-0.7602269855580401f,0.6179716823931184f,3.7005673368871306f,0f,0f,0f,1f], start_interpolation: 0, interpolation_duration: 1 }
$data merge entity $(bone_log) { transformation: [-0.0903056201569507f,0.8089538410896246f,0.5808946358457877f,0.6675814991955036f,-0.7809967315733695f,0.3044046720978591f,-0.5453273336966593f,-0.13564952032829616f,-0.6179716823931184f,-0.5029229350420766f,0.6043008531922494f,3.608093727275903f,0f,0f,0f,1f], start_interpolation: 0, interpolation_duration: 1 }
$data merge entity $(bone_planks) { transformation: [-0.0903056201569507f,0.8089538410896246f,0.5808946358457877f,0.6591153473057895f,-0.7809967315733695f,0.3044046720978591f,-0.5453273336966593f,-0.20886796391329956f,-0.6179716823931184f,-0.5029229350420766f,0.6043008531922494f,3.550158882051548f,0f,0f,0f,1f], start_interpolation: 0, interpolation_duration: 1 }
$data merge entity $(bone_lefthand1) { transformation: [-0.0903056201569507f,0.8089538410896246f,0.5808946358457877f,0.8742434071369666f,-0.7809967315733695f,0.3044046720978591f,-0.5453273336966593f,0.15274230976753156f,-0.6179716823931184f,-0.5029229350420766f,0.6043008531922494f,3.6179715124514056f,0f,0f,0f,1f], start_interpolation: 0, interpolation_duration: 1 }
$data merge entity $(bone_leftforearm) { transformation: [-0.7227423066919114f,0.5977497527898976f,0.34689881976921033f,1.243944513840225f,-0.2607352661042739f,0.22901824807714383f,-0.9378527406033463f,0.3121287603871835f,-0.6400474038125515f,-0.7682746091647774f,-0.009666736032377513f,3.037926507894643f,0f,0f,0f,1f], start_interpolation: 0, interpolation_duration: 1 }
$data merge entity $(bone_leftelbow) { transformation: [-0.828830268806591f,-0.4389778973396302f,0.34689881976921033f,1.1616361580890444f,-0.31136433854147416f,-0.15324648650922149f,-0.9378527406033463f,0.28339504416670447f,0.4648576493880941f,-0.8853326606535279f,-0.009666736032377513f,2.8719266340221066f,0f,0f,0f,1f], start_interpolation: 0, interpolation_duration: 1 }
$data merge entity $(bone_leftarm) { transformation: [-0.828830268806591f,-0.4389778973396302f,0.34689881976921033f,0.7499999999999997f,-0.31136433854147416f,-0.15324648650922149f,-0.9378527406033463f,0.1679687500000008f,0.4648576493880941f,-0.8853326606535279f,-0.009666736032377513f,2.53125f,0f,0f,0f,1f], start_interpolation: 0, interpolation_duration: 1 }
$data merge entity $(bone_rightthumb2) { transformation: [-0.09030562015695098f,-0.8089538410896245f,-0.580894635845788f,-0.4036065868855485f,0.7809967315733695f,0.3044046720978591f,-0.5453273336966593f,0.149672381171226f,0.6179716823931185f,-0.5029229350420767f,0.6043008531922491f,3.5642048968842457f,0f,0f,0f,1f], start_interpolation: 0, interpolation_duration: 1 }
$data merge entity $(bone_rightthumb) { transformation: [-0.09030562015695098f,-0.8089538410896245f,-0.580894635845788f,-0.6516382526017622f,0.7809967315733695f,0.3044046720978591f,-0.5453273336966593f,0.17772303334880296f,0.6179716823931185f,-0.5029229350420767f,0.6043008531922491f,3.4925088591488658f,0f,0f,0f,1f], start_interpolation: 0, interpolation_duration: 1 }
$data merge entity $(bone_rightpointerfinger) { transformation: [-0.6183644515579882f,-0.5293267677861923f,-0.580894635845788f,-0.43641440581526536f,0.7784285096170079f,-0.31091341968260955f,-0.5453273336966593f,0.16654258461770877f,0.10804841722501674f,-0.7893959832468664f,0.6043008531922491f,3.7668761265992807f,0f,0f,0f,1f], start_interpolation: 0, interpolation_duration: 1 }
$data merge entity $(bone_rightmidfinger) { transformation: [-0.6183644515579882f,-0.5293267677861923f,-0.580894635845788f,-0.5271791926661697f,0.7784285096170079f,-0.31091341968260955f,-0.5453273336966593f,0.08133518872760576f,0.10804841722501674f,-0.7893959832468664f,0.6043008531922491f,3.8612981349105695f,0f,0f,0f,1f], start_interpolation: 0, interpolation_duration: 1 }
$data merge entity $(bone_rightringfinger) { transformation: [-0.6183644515579882f,-0.5293267677861923f,-0.580894635845788f,-0.6179439795170741f,0.7784285096170079f,-0.31091341968260955f,-0.5453273336966593f,-0.0038722071624972543f,0.10804841722501674f,-0.7893959832468664f,0.6043008531922491f,3.9557201432218587f,0f,0f,0f,1f], start_interpolation: 0, interpolation_duration: 1 }
$data merge entity $(bone_hugeasssword) { transformation: [-0.3536970122813914f,-3.168402544267696f,-2.27517065706267f,-0.6453265135371208f,3.0589038653290306f,1.1922516323832815f,-2.1358653903119156f,-0.08460716503989205f,2.4203890893730478f,-1.9697814955814674f,2.366845008336309f,3.5721225606287472f,0f,0f,0f,1f], start_interpolation: 0, interpolation_duration: 1 }
$data merge entity $(bone_ice) { transformation: [-0.09030562015695098f,-0.8089538410896245f,-0.580894635845788f,-0.631275584455143f,0.7809967315733695f,0.3044046720978591f,-0.5453273336966593f,-0.10156656197225494f,0.6179716823931185f,-0.5029229350420767f,0.6043008531922491f,3.5703249239513872f,0f,0f,0f,1f], start_interpolation: 0, interpolation_duration: 1 }
$data merge entity $(bone_righthand1) { transformation: [-0.09030562015695098f,-0.8089538410896245f,-0.580894635845788f,-0.8742434071369678f,0.7809967315733695f,0.3044046720978591f,-0.5453273336966593f,0.15274230976753156f,0.6179716823931185f,-0.5029229350420767f,0.6043008531922491f,3.6179715124514056f,0f,0f,0f,1f], start_interpolation: 0, interpolation_duration: 1 }
$data merge entity $(bone_rightforearm) { transformation: [-0.7227423066919116f,-0.5977497527898973f,-0.34689881976921033f,-1.2439445138402259f,0.2607352661042739f,0.22901824807714383f,-0.9378527406033463f,0.3121287603871835f,0.6400474038125514f,-0.7682746091647775f,-0.009666736032377596f,3.037926507894643f,0f,0f,0f,1f], start_interpolation: 0, interpolation_duration: 1 }
$data merge entity $(bone_rightelbow) { transformation: [-0.8288302688065908f,0.43897789733963044f,-0.34689881976921033f,-1.161636158089045f,0.31136433854147416f,-0.15324648650922149f,-0.9378527406033463f,0.28339504416670447f,-0.4648576493880943f,-0.8853326606535279f,-0.009666736032377596f,2.8719266340221066f,0f,0f,0f,1f], start_interpolation: 0, interpolation_duration: 1 }
$data merge entity $(bone_rightarm) { transformation: [-0.8288302688065908f,0.43897789733963044f,-0.34689881976921033f,-0.7500000000000003f,0.31136433854147416f,-0.15324648650922149f,-0.9378527406033463f,0.1679687500000008f,-0.4648576493880943f,-0.8853326606535279f,-0.009666736032377596f,2.53125f,0f,0f,0f,1f], start_interpolation: 0, interpolation_duration: 1 }
$data merge entity $(bone_chest1) { transformation: [-1.0833333333333333f,-1.3267006990762992e-16f,2.945867325801597e-32f,-0.0023231250000002902f,0f,2.4054832200211723e-16f,1.0833333333333333f,0.27803812500000075f,-1.3267006990762992e-16f,1.0833333333333333f,-2.4054832200211723e-16f,2.370949375f,0f,0f,0f,1f], start_interpolation: 0, interpolation_duration: 1 }
$data merge entity $(bone_chest1lid) { transformation: [-1f,-1.1727482835162218e-16f,3.52733959481665e-17f,-0.3437500000000002f,0f,0.2880291360147694f,0.9576216459576221f,-0.06827669749769172f,-1.2246467991473532e-16f,0.9576216459576221f,-0.2880291360147694f,1.6808783821808784f,0f,0f,0f,1f], start_interpolation: 0, interpolation_duration: 1 }
$data merge entity $(bone_chest2) { transformation: [-1f,-1.1727482835162218e-16f,3.52733959481665e-17f,-0.3437500000000002f,0f,0.2880291360147694f,0.9576216459576221f,-0.11328124999999944f,-1.2246467991473532e-16f,0.9576216459576221f,-0.2880291360147694f,1.53125f,0f,0f,0f,1f], start_interpolation: 0, interpolation_duration: 1 }
$data merge entity $(bone_chest1lid3) { transformation: [-1f,-1.2243570631449025e-16f,2.663765359500201e-18f,-0.2812500000000002f,0f,0.021751294833374145f,0.9997634125997369f,0.5307423898177153f,-1.2246467991473532e-16f,0.9997634125997369f,-0.021751294833374145f,1.6874630332187086f,0f,0f,0f,1f], start_interpolation: 0, interpolation_duration: 1 }
$data merge entity $(bone_chest3) { transformation: [-1f,-1.2243570631449025e-16f,2.663765359500201e-18f,-0.2812500000000002f,0f,0.021751294833374145f,0.9997634125997369f,0.5273437500000006f,-1.2246467991473532e-16f,0.9997634125997369f,-0.021751294833374145f,1.5312499999999998f,0f,0f,0f,1f], start_interpolation: 0, interpolation_duration: 1 }
$data merge entity $(bone_hugeasssword2) { transformation: [-1.3045120539345591e-15f,1.655254858484406f,-3.549705499226879f,-1.7343750000000002f,-3.916666666666666f,7.881929551760434e-16f,2.1068898163484873e-15f,0.5429687500000009f,1.1958027161066787e-15f,3.5497054992268793f,1.6552548584844058f,2.7656249999999996f,0f,0f,0f,1f], start_interpolation: 0, interpolation_duration: 1 }
$data merge entity $(bone_belt) { transformation: [-1f,-1.2246467991473532e-16f,2.719262146893782e-32f,0.029705624999999757f,0f,2.220446049250313e-16f,1f,0.14713562500000066f,-1.2246467991473532e-16f,1f,-2.220446049250313e-16f,1.9726193749999998f,0f,0f,0f,1f], start_interpolation: 0, interpolation_duration: 1 }
$data merge entity $(bone_torn_part) { transformation: [-1f,-1.16796641102639e-16f,-3.682583948479535e-17f,-0.09375000000000021f,0f,-0.30070579950427284f,0.953716950748227f,0.1523437500000006f,-1.2246467991473532e-16f,0.953716950748227f,0.30070579950427284f,1.6875f,0f,0f,0f,1f], start_interpolation: 0, interpolation_duration: 1 }
$data merge entity $(bone_lowerbody) { transformation: [-1f,-1.2246467991473532e-16f,2.719262146893782e-32f,0.0039062499999998534f,0f,2.220446049250313e-16f,1f,0.0117187500000005f,-1.2246467991473532e-16f,1f,-2.220446049250313e-16f,1.19921875f,0f,0f,0f,1f], start_interpolation: 0, interpolation_duration: 1 }
$data merge entity $(bone_leftfoot) { transformation: [-1f,-4.4230185516945084e-17f,-1.1419846109188683e-16f,0.28125f,0f,-0.9325012009290864f,0.3611668731567328f,1.4063343342099595f,-1.2246467991473532e-16f,0.3611668731567328f,0.9325012009290864f,-0.2470564517144206f,0f,0f,0f,1f], start_interpolation: 0, interpolation_duration: 1 }
$data merge entity $(bone_leftlowerleg) { transformation: [-1f,-6.031418252869875e-17f,-1.0658234944170345e-16f,0.28124999999999994f,0f,-0.870310929779184f,0.4925026756342469f,0.36516226507418115f,-1.2246467991473532e-16f,0.4925026756342469f,0.870310929779184f,0.16559423731706824f,0f,0f,0f,1f], start_interpolation: 0, interpolation_duration: 1 }
$data merge entity $(bone_leftleg) { transformation: [-1f,-1.2171849894636297e-16f,-1.3498327335740965e-17f,0.24999999999999983f,0f,-0.11022220729388282f,0.9939069700023561f,0.22216796875000053f,-1.2246467991473532e-16f,0.9939069700023561f,0.11022220729388282f,1.21875f,0f,0f,0f,1f], start_interpolation: 0, interpolation_duration: 1 }
$data merge entity $(bone_rightfoot) { transformation: [-1f,-1.2144941755140727e-16f,1.573648000801011e-17f,-0.28125f,0f,0.12849811079379342f,0.9917097536690993f,-0.24305108745985243f,-1.2246467991473532e-16f,0.9917097536690993f,-0.12849811079379342f,-0.4813242556562666f,0f,0f,0f,1f], start_interpolation: 0, interpolation_duration: 1 }
$data merge entity $(bone_rightlowerleg) { transformation: [-1f,-1.1822672129397214e-16f,-3.193806817413992e-17f,-0.2812500000000001f,0f,-0.2607941179152752f,0.9653944416976894f,-0.6806981943882784f,-1.2246467991473532e-16f,0.9653944416976894f,0.2607941179152752f,0.5495903278586914f,0f,0f,0f,1f], start_interpolation: 0, interpolation_duration: 1 }
$data merge entity $(bone_rightleg) { transformation: [-1f,-7.475033499608611e-17f,9.700507844742707e-17f,-0.25000000000000017f,0f,0.7921065773002125f,0.6103828062763093f,0.14501953125000053f,-1.2246467991473532e-16f,0.6103828062763093f,-0.7921065773002125f,1.21875f,0f,0f,0f,1f], start_interpolation: 0, interpolation_duration: 1 }
data modify entity @s data merge value {"locators":{"lefthand":{"posx":0.6037716535650004,"posy":-0.07769195216192773,"posz":3.695877225969291,"roty":136.13137720676383,"rotx":-33.04703530839769},"righthand":{"posx":-0.6180253538927414,"posy":-0.02458370179977032,"posz":3.6266757392046456,"roty":223.8686227932362,"rotx":-33.04703530839771},"chest":{"posx":-0.3750000000000002,"posy":-0.23590690067949327,"posz":1.6660315818108349,"roty":0,"rotx":73.25999999999995},"sack":{"posx":0,"posy":-0.4375,"posz":0,"roty":0,"rotx":0}},"cameras":{}}