# This file was generated by Animated Java via MC-Build. It is not recommended to edit this file directly.
$data merge entity $(bone_nose) { transformation: [-0.988807625666179f,-0.08428549076765651f,0.12310741436026071f,-0.7332186542196418f,-0.05657855821529806f,0.9753417159501626f,0.21332464432800713f,2.5620734448694016f,-0.1380519691083462f,0.20397179504394206f,-0.9691940779079599f,1.284208265043274f,0f,0f,0f,1f], start_interpolation: 0, interpolation_duration: 1 }
$data merge entity $(bone_glowing_eye) { transformation: [-0.988807625666179f,-0.08428549076765651f,0.12310741436026071f,-0.8668223301387323f,-0.05657855821529806f,0.9753417159501626f,0.21332464432800713f,2.6135955871220293f,-0.1380519691083462f,0.20397179504394206f,-0.9691940779079599f,1.3145829497949373f,0f,0f,0f,1f], start_interpolation: 0, interpolation_duration: 1 }
$data merge entity $(bone_head) { transformation: [-0.988807625666179f,-0.08428549076765651f,0.12310741436026071f,-0.6997588663357797f,-0.05657855821529806f,0.9753417159501626f,0.21332464432800713f,2.481587404000379f,-0.1380519691083462f,0.20397179504394206f,-0.9691940779079599f,1.0775360281444526f,0f,0f,0f,1f], start_interpolation: 0, interpolation_duration: 1 }
$data merge entity $(bone_leftthumb2) { transformation: [-0.4224438405377077f,-0.14197526870165317f,0.8952006616780649f,0.3585340508477541f,-0.8590299792531128f,-0.2523636064077527f,-0.44539881556338795f,2.1381444236689453f,0.2891516839586929f,-0.9571601920462245f,-0.015351561024398885f,3.1630152460072094f,0f,0f,0f,1f], start_interpolation: 0, interpolation_duration: 1 }
$data merge entity $(bone_leftthumb) { transformation: [-0.4224438405377077f,-0.14197526870165317f,0.8952006616780649f,0.40021729155854213f,-0.8590299792531128f,-0.2523636064077527f,-0.44539881556338795f,2.0381914726434838f,0.2891516839586929f,-0.9571601920462245f,-0.015351561024398885f,2.9269669815830706f,0f,0f,0f,1f], start_interpolation: 0, interpolation_duration: 1 }
$data merge entity $(bone_leftpointerfinger) { transformation: [-0.43321027418067015f,-0.10461660324950063f,0.8952006616780649f,0.5349702526762432f,-0.8777560483927584f,-0.17653389081040485f,-0.44539881556338795f,2.1940766154973033f,0.20462936703767007f,-0.9787191383230818f,-0.015351561024398885f,3.208689599742237f,0f,0f,0f,1f], start_interpolation: 0, interpolation_duration: 1 }
$data merge entity $(bone_leftmidfinger) { transformation: [-0.43683473192874395f,0.08826773086410047f,0.8952006616780649f,0.6748453560634408f,-0.8701235878494913f,0.21096169548678514f,-0.44539881556338795f,2.124483050565524f,-0.22816739216783477f,-0.9735008837825689f,-0.015351561024398885f,3.206290918332175f,0f,0f,0f,1f], start_interpolation: 0, interpolation_duration: 1 }
$data merge entity $(bone_leftringfinger) { transformation: [-0.30720577316204023f,0.322862800996132f,0.8952006616780649f,0.8147204594506384f,-0.5917608582670979f,0.6718920908283695f,-0.44539881556338795f,2.0548894856337445f,-0.7452809534389698f,-0.6665737993764931f,-0.015351561024398885f,3.2038922369221123f,0f,0f,0f,1f], start_interpolation: 0, interpolation_duration: 1 }
$data merge entity $(bone_invisibility) { transformation: [-0.06341313136399115f,-0.9041681128874015f,0.42244384053770784f,0.41225846688374007f,-0.29022235128406965f,0.4217090010416449f,0.8590299792531124f,2.0193249379228524f,-0.954855885244343f,-0.06812886376634188f,-0.2891516839586929f,3.1586958807614485f,0f,0f,0f,1f], start_interpolation: 0, interpolation_duration: 1 }
$data merge entity $(bone_swiftness) { transformation: [0.8952006616780648f,-0.14197526870165317f,0.42244384053770795f,0.5773322428110349f,-0.4453988155633881f,-0.2523636064077527f,0.8590299792531126f,1.925245985159998f,-0.015351561024398821f,-0.9571601920462245f,-0.2891516839586929f,3.3004930284502545f,0f,0f,0f,1f], start_interpolation: 0, interpolation_duration: 1 }
$data merge entity $(bone_suspicious_stew) { transformation: [0.24965485595657883f,-0.8713286719080532f,0.42244384053770784f,0.5867636816687672f,-0.41695277486676396f,0.2970149462153408f,0.859029979253113f,1.9476422040550807f,-0.8739695855281264f,-0.3906001372703884f,-0.28915168395869306f,3.2006843470715407f,0f,0f,0f,1f], start_interpolation: 0, interpolation_duration: 1 }
$data merge entity $(bone_log) { transformation: [-0.4224438405377077f,-0.14197526870165317f,0.8952006616780649f,0.5713751940468098f,-0.8590299792531128f,-0.2523636064077527f,-0.44539881556338795f,1.8146846232195986f,0.2891516839586929f,-0.9571601920462245f,-0.015351561024398885f,3.1074276890138712f,0f,0f,0f,1f], start_interpolation: 0, interpolation_duration: 1 }
$data merge entity $(bone_planks) { transformation: [-0.4224438405377077f,-0.14197526870165317f,0.8952006616780649f,0.5317710839963997f,-0.8590299792531128f,-0.2523636064077527f,-0.44539881556338795f,1.7341505626646192f,0.2891516839586929f,-0.9571601920462245f,-0.015351561024398885f,3.1345356593849987f,0f,0f,0f,1f], start_interpolation: 0, interpolation_duration: 1 }
$data merge entity $(bone_lefthand1) { transformation: [-0.4224438405377077f,-0.14197526870165317f,0.8952006616780649f,0.6135173163283839f,-0.8590299792531128f,-0.2523636064077527f,-0.44539881556338795f,1.9802699294172943f,0.2891516839586929f,-0.9571601920462245f,-0.015351561024398885f,2.7963294562946546f,0f,0f,0f,1f], start_interpolation: 0, interpolation_duration: 1 }
$data merge entity $(bone_leftforearm) { transformation: [-0.44573176744596227f,-0.0669664880460748f,0.8926582106093426f,0.5213020423892161f,-0.8838687181091416f,0.1908550238137805f,-0.4270251152252564f,2.0503587020375806f,-0.14177193176930697f,-0.979331327674049f,-0.14425973103601303f,2.086207429212898f,0f,0f,0f,1f], start_interpolation: 0, interpolation_duration: 1 }
$data merge entity $(bone_leftelbow) { transformation: [-0.44573176744596227f,-0.0669664880460748f,0.8926582106093426f,0.508745825880577f,-0.8838687181091416f,0.1908550238137805f,-0.4270251152252564f,2.0861440190026643f,-0.14177193176930697f,-0.979331327674049f,-0.14425973103601303f,1.9025828052740137f,0f,0f,0f,1f], start_interpolation: 0, interpolation_duration: 1 }
$data merge entity $(bone_leftarm) { transformation: [-0.49167055000172377f,-0.3588814090358099f,0.7933878020926929f,0.13635364901743607f,-0.8706865107373392f,0.2160568629255817f,-0.44184208944236314f,2.0224758065594184f,-0.012847967973167928f,-0.9080328001956909f,-0.41870199842815703f,1.4701657989528871f,0f,0f,0f,1f], start_interpolation: 0, interpolation_duration: 1 }
$data merge entity $(bone_rightthumb2) { transformation: [-0.46343758521457945f,0.4445999927314079f,0.7665223095733819f,-1.6200837827469465f,0.8407682965985233f,0.49383491562965304f,0.22189129667445526f,2.329619727380667f,-0.27988261118779223f,0.7473004232357195f,-0.6026672393505538f,-1.3653082223407016f,0f,0f,0f,1f], start_interpolation: 0, interpolation_duration: 1 }
$data merge entity $(bone_rightthumb) { transformation: [-0.46343758521457945f,0.4445999927314079f,0.7665223095733819f,-1.445543888759147f,0.8407682965985233f,0.49383491562965304f,0.22189129667445526f,2.4696913121625292f,-0.27988261118779223f,0.7473004232357195f,-0.6026672393505538f,-1.2335408339021154f,0f,0f,0f,1f], start_interpolation: 0, interpolation_duration: 1 }
$data merge entity $(bone_rightpointerfinger) { transformation: [-0.14711835266904347f,0.4880100181827095f,0.8603501685135294f,-1.5690617141664485f,0.9558231483409607f,0.29392409711492545f,-0.0032763135914767316f,2.5954114414302882f,-0.2544765203383618f,0.8218606008858725f,-0.5096929009786109f,-1.534811422872478f,0f,0f,0f,1f], start_interpolation: 0, interpolation_duration: 1 }
$data merge entity $(bone_rightmidfinger) { transformation: [0.02866322597793347f,0.5088968530215916f,0.8603501685135294f,-1.4346320003362094f,0.99870792109447f,-0.05071246505951106f,-0.0032763135914767316f,2.59489951743162f,0.041963172183472536f,0.859332437926271f,-0.5096929009786109f,-1.614450938650386f,0f,0f,0f,1f], start_interpolation: 0, interpolation_duration: 1 }
$data merge entity $(bone_rightringfinger) { transformation: [0.2212277622508538f,0.4591904449661613f,0.8603501685135294f,-1.3002022865059704f,0.9032789870634097f,-0.42904118368631106f,-0.0032763135914767316f,2.594387593432952f,0.367621202787843f,0.777861040259009f,-0.5096929009786109f,-1.694090454428294f,0f,0f,0f,1f], start_interpolation: 0, interpolation_duration: 1 }
$data merge entity $(bone_hugeasssword) { transformation: [0.1122643017469061f,1.993179341001234f,3.3697048266779905f,-1.3523189678496113f,3.911606024286675f,-0.198623821483085f,-0.012832228233283867f,2.319367948825555f,0.16435575771860078f,3.3657187152112282f,-1.9962971954995594f,-1.4430815532300563f,0f,0f,0f,1f], start_interpolation: 0, interpolation_duration: 1 }
$data merge entity $(bone_ice) { transformation: [0.02866322597793347f,0.5088968530215916f,0.8603501685135294f,-1.3607183440839787f,0.99870792109447f,-0.05071246505951106f,-0.0032763135914767316f,2.304555519825009f,0.041963172183472536f,0.859332437926271f,-0.5096929009786109f,-1.4571642971380212f,0f,0f,0f,1f], start_interpolation: 0, interpolation_duration: 1 }
$data merge entity $(bone_righthand1) { transformation: [0.02866322597793347f,0.5088968530215916f,0.8603501685135294f,-1.1994423815680497f,0.99870792109447f,-0.05071246505951106f,-0.0032763135914767316f,2.541451999034015f,0.041963172183472536f,0.859332437926271f,-0.5096929009786109f,-1.2477682977661668f,0f,0f,0f,1f], start_interpolation: 0, interpolation_duration: 1 }
$data merge entity $(bone_rightforearm) { transformation: [-0.5330680356117564f,0.14717891056777307f,0.8331727538110608f,-1.0253390792048325f,0.8261138321961282f,0.30317373071250076f,0.47499644762891813f,2.6729023173444926f,-0.18268663241532065f,0.9415009597923667f,-0.2831987589075947f,-0.5684033427187968f,0f,0f,0f,1f], start_interpolation: 0, interpolation_duration: 1 }
$data merge entity $(bone_rightelbow) { transformation: [-0.5330680356117564f,0.14717891056777307f,0.8331727538110608f,-0.997743033473375f,0.8261138321961282f,0.30317373071250076f,0.47499644762891813f,2.7297473918530866f,-0.18268663241532065f,0.9415009597923667f,-0.2831987589075947f,-0.39187191275772804f,0f,0f,0f,1f], start_interpolation: 0, interpolation_duration: 1 }
$data merge entity $(bone_rightarm) { transformation: [-0.4214897154376641f,-0.18715161521018336f,0.8873109334976642f,-1.0786159076509332f,0.903055614957984f,0.002593715127533966f,0.42951580754926194f,2.47391858453137f,-0.08268600893218973f,0.9823276162085929f,0.16791509271298136f,0.11657346206163488f,0f,0f,0f,1f], start_interpolation: 0, interpolation_duration: 1 }
$data merge entity $(bone_chest1) { transformation: [-0.8030360543008193f,-0.6338179413793544f,0.3563972836452598f,-0.2904520374987878f,0.2697028060115692f,0.23347978603768255f,1.0229167595911188f,2.4177662447453705f,-0.6752811288889748f,0.8469788178039319f,-0.015277115859887886f,0.5615766885359703f,0f,0f,0f,1f], start_interpolation: 0, interpolation_duration: 1 }
$data merge entity $(bone_chest1lid) { transformation: [-0.7412640501238332f,-0.5850627151194041f,0.32898210798023986f,-0.27241583157926175f,0.2489564363183716f,0.21551980249632235f,0.9442308550071867f,1.985973960455326f,-0.623336426666746f,0.7818266010497834f,-0.014101953101434972f,-0.1800676540664395f,0f,0f,0f,1f], start_interpolation: 0, interpolation_duration: 1 }
$data merge entity $(bone_chest2) { transformation: [-0.7412640501238332f,-0.5850627151194041f,0.32898210798023986f,-0.18099978234185488f,0.2489564363183716f,0.21551980249632235f,0.9442308550071867f,1.9522989913152755f,-0.623336426666746f,0.7818266010497834f,-0.014101953101434972f,-0.30222806048046813f,0f,0f,0f,1f], start_interpolation: 0, interpolation_duration: 1 }
$data merge entity $(bone_chest1lid3) { transformation: [-0.7412640501238332f,-0.5850627151194041f,0.32898210798023986f,-0.015332665521681041f,0.2489564363183716f,0.21551980249632235f,0.9442308550071867f,2.5753120746744065f,-0.623336426666746f,0.7818266010497834f,-0.014101953101434972f,-0.1501431911053746f,0f,0f,0f,1f], start_interpolation: 0, interpolation_duration: 1 }
$data merge entity $(bone_chest3) { transformation: [-0.7412640501238332f,-0.5850627151194041f,0.32898210798023986f,0.07608338371572586f,0.2489564363183716f,0.21551980249632235f,0.9442308550071867f,2.541637105534356f,-0.623336426666746f,0.7818266010497834f,-0.014101953101434972f,-0.27230359751940325f,0f,0f,0f,1f], start_interpolation: 0, interpolation_duration: 1 }
$data merge entity $(bone_hugeasssword2) { transformation: [-1.2885132562559405f,0.59241362899302f,-3.6508981714660034f,-1.7954189988601696f,-3.6982375154448146f,-0.14862524176068953f,1.2811040530128388f,3.224716921002436f,0.0552326496472866f,3.868751013889712f,0.6082702727554946f,0.6970117298962113f,0f,0f,0f,1f], start_interpolation: 0, interpolation_duration: 1 }
$data merge entity $(bone_belt) { transformation: [-0.7412640501238332f,-0.5850627151194041f,0.32898210798023986f,-0.07672682562975515f,0.2489564363183716f,0.21551980249632235f,0.9442308550071867f,2.2003422988597f,-0.623336426666746f,0.7818266010497834f,-0.014101953101434972f,0.2719623660312731f,0f,0f,0f,1f], start_interpolation: 0, interpolation_duration: 1 }
$data merge entity $(bone_torn_part) { transformation: [-0.6709178512974081f,-0.6254157026822142f,0.3984023539701807f,0.015760857995056804f,0.19972908640221415f,0.36500148084741757f,0.9093306389999896f,2.1001839044339103f,-0.7141271097328582f,0.6896586966157278f,-0.11997230233220402f,-0.04527989365831836f,0f,0f,0f,1f], start_interpolation: 0, interpolation_duration: 1 }
$data merge entity $(bone_lowerbody) { transformation: [-0.6709178512974081f,-0.4766676585371534f,0.5680292070969385f,0.23414895230790678f,0.19972908640221415f,0.6215490961466098f,0.7574859821305404f,1.670666875f,-0.7141271097328582f,0.6216628221021747f,-0.3218039881054213f,-0.23383353212572155f,0f,0f,0f,1f], start_interpolation: 0, interpolation_duration: 1 }
$data merge entity $(bone_leftfoot) { transformation: [-0.9423541084301313f,0.07441531198226577f,0.32619157359503437f,0.14705412895582975f,0.3232422677317043f,0.45397256085198096f,0.8303301165930332f,0.5189168772455115f,-0.08628234295125431f,0.8879019642216571f,-0.4518748287161909f,-0.9235847709619864f,0f,0f,0f,1f], start_interpolation: 0, interpolation_duration: 1 }
$data merge entity $(bone_leftlowerleg) { transformation: [-0.9423541084301313f,0.07441531198226577f,0.32619157359503437f,0.17949070749141327f,0.3232422677317043f,0.45397256085198096f,0.8303301165930332f,0.8949660972204183f,-0.08628234295125431f,0.8879019642216571f,-0.4518748287161909f,0.1308600610762815f,0f,0f,0f,1f], start_interpolation: 0, interpolation_duration: 1 }
$data merge entity $(bone_leftleg) { transformation: [-0.9151412752054804f,0.3896998570272716f,0.10312095132082891f,0.5152593286621988f,0.2898998412220777f,0.8139896856363622f,-0.5033708974927473f,1.6189230006773978f,-0.28009735552964654f,-0.43076073766133816f,-0.8579066435551326f,-0.2524125996880789f,0f,0f,0f,1f], start_interpolation: 0, interpolation_duration: 1 }
$data merge entity $(bone_rightfoot) { transformation: [-0.8780101857214702f,0.0735041609734527f,0.4729794208508549f,-0.33033137694613f,-0.13439133297837588f,0.9105204399458542f,-0.3909941099429922f,0.34481082481623937f,-0.45940872519009873f,-0.40684434165049577f,-0.7895708510233804f,0.6216955082424556f,0f,0f,0f,1f], start_interpolation: 0, interpolation_duration: 1 }
$data merge entity $(bone_rightlowerleg) { transformation: [-0.8780101857214702f,0.0735041609734527f,0.4729794208508549f,-0.3214589170949736f,-0.13439133297837588f,0.9105204399458542f,-0.3909941099429922f,1.4149939722746812f,-0.45940872519009873f,-0.40684434165049577f,-0.7895708510233804f,0.291666673611206f,0f,0f,0f,1f], start_interpolation: 0, interpolation_duration: 1 }
$data merge entity $(bone_rightleg) { transformation: [-0.8601123007607363f,0.4940229477331127f,0.1271144035424236f,0.156514750955822f,0.020102916402955445f,0.28181496219340696f,-0.9592573270510705f,1.7271115069632483f,-0.5097280676323098f,-0.8224972062548392f,-0.25232381756562383f,-0.46898761649736154f,0f,0f,0f,1f], start_interpolation: 0, interpolation_duration: 1 }
data modify entity @s data merge value {"locators":{"lefthand":{"posx":0.6080836116258168,"posy":1.9218939470183614,"posz":3.1553377267873617,"roty":89.01754602462827,"rotx":-26.448857691811778},"righthand":{"posx":-1.3794256513600338,"posy":2.399027962094037,"posz":-1.4586933675106277,"roty":59.356441624449616,"rotx":-0.1877192769910089},"chest":{"posx":-0.3104173678225813,"posy":1.8327477903393818,"posz":-0.24620764979328752,"roty":87.54549549381227,"rotx":70.77466414181268},"sack":{"posx":0,"posy":-0.4375,"posz":0,"roty":0,"rotx":0}},"cameras":{}}