# This file was generated by Animated Java via MC-Build. It is not recommended to edit this file directly.
$data merge entity $(bone_nose) { transformation: [-0.9967802806690796f,0.040054037087831534f,0.06946039290298632f,-0.8227945381261408f,0.049239503269693674f,0.9894812110255995f,0.13602354334844788f,2.6586365573617035f,-0.06328146163786366f,0.13900578095992938f,-0.9882676001330287f,1.314938994270224f,0f,0f,0f,1f], start_interpolation: 0, interpolation_duration: 1 }
$data merge entity $(bone_glowing_eye) { transformation: [-0.9967802806690796f,0.040054037087831534f,0.06946039290298632f,-0.9471039532829735f,0.049239503269693674f,0.9894812110255995f,0.13602354334844788f,2.7270407862318295f,-0.06328146163786366f,0.13900578095992938f,-0.9882676001330287f,1.3509268479323409f,0f,0f,0f,1f], start_interpolation: 0, interpolation_duration: 1 }
$data merge entity $(bone_head) { transformation: [-0.9967802806690796f,0.040054037087831534f,0.06946039290298632f,-0.8147334795838316f,0.049239503269693674f,0.9894812110255995f,0.13602354334844788f,2.561929598162761f,-0.06328146163786366f,0.13900578095992938f,-0.9882676001330287f,1.1127169453674473f,0f,0f,0f,1f], start_interpolation: 0, interpolation_duration: 1 }
$data merge entity $(bone_leftthumb2) { transformation: [-0.26529326962209837f,-0.09316493052216795f,0.9596560721498177f,0.3433806206209072f,-0.9009380962142037f,-0.3305517221214028f,-0.28115139301184666f,2.365043937210004f,0.34340941728954305f,-0.9391782869739776f,0.0037573120022316164f,3.18396619464317f,0f,0f,0f,1f], start_interpolation: 0, interpolation_duration: 1 }
$data merge entity $(bone_leftthumb) { transformation: [-0.26529326962209837f,-0.09316493052216795f,0.9596560721498177f,0.40254242893306746f,-0.9009380962142037f,-0.3305517221214028f,-0.28115139301184666f,2.2599521113293357f,0.34340941728954305f,-0.9391782869739776f,0.0037573120022316164f,2.953960854090385f,0f,0f,0f,1f], start_interpolation: 0, interpolation_duration: 1 }
$data merge entity $(bone_leftpointerfinger) { transformation: [-0.27240360735465186f,-0.06968857787440083f,0.9596560721498177f,0.5071125015075936f,-0.926319235615469f,-0.2507719440772274f,-0.28115139301184666f,2.453775527876419f,0.26024785960492836f,-0.965534532876775f,0.0037573120022316164f,3.2247444484877823f,0f,0f,0f,1f], start_interpolation: 0, interpolation_duration: 1 }
$data merge entity $(bone_leftmidfinger) { transformation: [-0.27633317620685566f,0.05196343823703947f,0.9596560721498177f,0.6570587627810026f,-0.9455111396193906f,0.16420285948527236f,-0.28115139301184666f,2.409845622718318f,-0.17218786421543342f,-0.9850569638469879f,0.0037573120022316164f,3.225331528488131f,0f,0f,0f,1f], start_interpolation: 0, interpolation_duration: 1 }
$data merge entity $(bone_leftringfinger) { transformation: [-0.19655388247016717f,0.2010641551144497f,0.9596560721498177f,0.8070050240544115f,-0.6803344919350239f,0.6768300180185656f,-0.28115139301184666f,2.365915717560217f,-0.7060535038999645f,-0.7081485241367813f,0.0037573120022316164f,3.2259186084884797f,0f,0f,0f,1f], start_interpolation: 0, interpolation_duration: 1 }
$data merge entity $(bone_invisibility) { transformation: [-0.009170872083752071f,-0.9641241497848914f,0.26529326962209854f,0.4171908469229062f,-0.35379783150492383f,0.2512720462215019f,0.9009380962142034f,2.257481521260848f,-0.9352769587280749f,-0.08559779546938999f,-0.34340941728954305f,3.1862936730917233f,0f,0f,0f,1f], start_interpolation: 0, interpolation_duration: 1 }
$data merge entity $(bone_swiftness) { transformation: [0.9596560721498176f,-0.09316493052216795f,0.2652932696220986f,0.5959251616785147f,-0.2811513930118469f,-0.3305517221214028f,0.9009380962142036f,2.202604244824289f,0.0037573120022316928f,-0.9391782869739776f,-0.34340941728954305f,3.3320645933888793f,0f,0f,0f,1f], start_interpolation: 0, interpolation_duration: 1 }
$data merge entity $(bone_suspicious_stew) { transformation: [0.32113207906989405f,-0.9091169720588568f,0.2652932696220984f,0.6014934665692236f,-0.41840131277764514f,0.11511250260449638f,0.900938096214204f,2.2202602470455672f,-0.849596686233057f,-0.400319176231499f,-0.3434094172895432f,3.231022151294047f,0f,0f,0f,1f], start_interpolation: 0, interpolation_duration: 1 }
$data merge entity $(bone_log) { transformation: [-0.26529326962209837f,-0.09316493052216795f,0.9596560721498177f,0.6099604846089037f,-0.9009380962142037f,-0.3305517221214028f,-0.28115139301184666f,2.0812993637128803f,0.34340941728954305f,-0.9391782869739776f,0.0037573120022316164f,3.1459956222932988f,0f,0f,0f,1f], start_interpolation: 0, interpolation_duration: 1 }
$data merge entity $(bone_planks) { transformation: [-0.26529326962209837f,-0.09316493052216795f,0.9596560721498177f,0.585089240581832f,-0.9009380962142037f,-0.3305517221214028f,-0.28115139301184666f,1.9968364171927986f,0.34340941728954305f,-0.9391782869739776f,0.0037573120022316164f,3.1781902551641936f,0f,0f,0f,1f], start_interpolation: 0, interpolation_duration: 1 }
$data merge entity $(bone_lefthand1) { transformation: [-0.26529326962209837f,-0.09316493052216795f,0.9596560721498177f,0.6230033171292044f,-0.9009380962142037f,-0.3305517221214028f,-0.28115139301184666f,2.2326819382677003f,0.34340941728954305f,-0.9391782869739776f,0.0037573120022316164f,2.825231280227349f,0f,0f,0f,1f], start_interpolation: 0, interpolation_duration: 1 }
$data merge entity $(bone_leftforearm) { transformation: [-0.3458446345340592f,-0.15018074833110368f,0.9261950289192404f,0.48028378867274063f,-0.9342317044874502f,0.14684482354355072f,-0.3250349521650521f,2.265721660239393f,-0.08719295323864756f,-0.9776923547973432f,-0.19108911082620555f,2.1210333452697867f,0f,0f,0f,1f], start_interpolation: 0, interpolation_duration: 1 }
$data merge entity $(bone_leftelbow) { transformation: [-0.3458446345340592f,-0.15018074833110368f,0.9261950289192404f,0.45212489836065867f,-0.9342317044874502f,0.14684482354355072f,-0.3250349521650521f,2.293255064653809f,-0.08719295323864756f,-0.9776923547973432f,-0.19108911082620555f,1.9377160287452848f,0f,0f,0f,1f], start_interpolation: 0, interpolation_duration: 1 }
$data merge entity $(bone_leftarm) { transformation: [-0.38562166480372995f,-0.44112507185156885f,0.8103731255526357f,0.06136262491982869f,-0.9215831136832527f,0.14178882201992274f,-0.36135923196188613f,2.1724151956139797f,0.04450276629470368f,-0.8861741369133673f,-0.46121025883859984f,1.5344460145915462f,0f,0f,0f,1f], start_interpolation: 0, interpolation_duration: 1 }
$data merge entity $(bone_rightthumb2) { transformation: [-0.5829238554919716f,0.35842130437531533f,0.7292008963710019f,-1.6489168372834966f,0.7359900378058643f,0.61316366339576f,0.28696513053263784f,2.155188077011532f,-0.3442650765745749f,0.7039634155700059f,-0.6212222360718533f,-1.3078811285077991f,0f,0f,0f,1f], start_interpolation: 0, interpolation_duration: 1 }
$data merge entity $(bone_rightthumb) { transformation: [-0.5829238554919716f,0.35842130437531533f,0.7292008963710019f,-1.4987010149436084f,0.7359900378058643f,0.61316366339576f,0.28696513053263784f,2.3300851893743597f,-0.3442650765745749f,0.7039634155700059f,-0.6212222360718533f,-1.1883274798039825f,0f,0f,0f,1f], start_interpolation: 0, interpolation_duration: 1 }
$data merge entity $(bone_rightpointerfinger) { transformation: [-0.28788043967945454f,0.43094515652175885f,0.8552257740038012f,-1.6372630123024288f,0.8992847412243845f,0.4286843520126308f,0.08669879203600667f,2.411356552793182f,-0.32925948224911583f,0.7940503752344356f,-0.5109522433056699f,-1.498201180286905f,0f,0f,0f,1f], start_interpolation: 0, interpolation_duration: 1 }
$data merge entity $(bone_rightmidfinger) { transformation: [-0.12312720063631155f,0.5034168927867486f,0.8552257740038012f,-1.503633985114335f,0.9916699188307507f,0.0952580261485071f,0.08669879203600667f,2.4249032390488083f,-0.03782148264780029f,0.8587766534502588f,-0.5109522433056699f,-1.578037468303416f,0f,0f,0f,1f], start_interpolation: 0, interpolation_duration: 1 }
$data merge entity $(bone_rightringfinger) { transformation: [0.07889460387890243f,0.5122153033231146f,0.8552257740038012f,-1.370004957926241f,0.9526372094216938f,-0.29148870764533097f,0.08669879203600667f,2.4384499253044343f,0.2936971036698167f,0.8078798279180293f,-0.5109522433056699f,-1.6578737563199268f,0f,0f,0f,1f], start_interpolation: 0, interpolation_duration: 1 }
$data merge entity $(bone_hugeasssword) { transformation: [-0.4822482024922203f,1.9717161634147655f,3.3496342815148883f,-1.3820346688168157f,3.8840405154204407f,0.3730939357483195f,0.3395702688076928f,2.179485534795243f,-0.14813414037055114f,3.3635418926801806f,-2.001229619613874f,-1.3855685004413592f,0f,0f,0f,1f], start_interpolation: 0, interpolation_duration: 1 }
$data merge entity $(bone_ice) { transformation: [-0.12312720063631155f,0.5034168927867486f,0.8552257740038012f,-1.3879766952566663f,0.9916699188307507f,0.0952580261485071f,0.08669879203600667f,2.162502285654942f,-0.03782148264780029f,0.8587766534502588f,-0.5109522433056699f,-1.3983959249851474f,0f,0f,0f,1f], start_interpolation: 0, interpolation_duration: 1 }
$data merge entity $(bone_righthand1) { transformation: [-0.12312720063631155f,0.5034168927867486f,0.8552257740038012f,-1.2661784667814382f,0.9916699188307507f,0.0952580261485071f,0.08669879203600667f,2.4369436091508816f,-0.03782148264780029f,0.8587766534502588f,-0.5109522433056699f,-1.209124389887835f,0f,0f,0f,1f], start_interpolation: 0, interpolation_duration: 1 }
$data merge entity $(bone_rightforearm) { transformation: [-0.559298619289487f,0.10906805559592725f,0.8217598272667004f,-1.118976972637241f,0.7923383843356341f,0.3617493972063381f,0.49126088621958103f,2.6195857222636283f,-0.2436902525118117f,0.9258733892219686f,-0.2887447453398151f,-0.5362988964871351f,0f,0f,0f,1f], start_interpolation: 0, interpolation_duration: 1 }
$data merge entity $(bone_rightelbow) { transformation: [-0.559298619289487f,0.10906805559592725f,0.8217598272667004f,-1.0985267122130047f,0.7923383843356341f,0.3617493972063381f,0.49126088621958103f,2.6874137342398168f,-0.2436902525118117f,0.9258733892219686f,-0.2887447453398151f,-0.3626976360080161f,0f,0f,0f,1f], start_interpolation: 0, interpolation_duration: 1 }
$data merge entity $(bone_rightarm) { transformation: [-0.45153534343187773f,-0.22303964113749958f,0.8639265895393611f,-1.1896717209194054f,0.8803816354626725f,0.04605170489326477f,0.47202480487416515f,2.4545254488061135f,-0.14506553543804343f,0.9737209861955729f,0.1755660316530357f,0.1555569099191525f,0f,0f,0f,1f], start_interpolation: 0, interpolation_duration: 1 }
$data merge entity $(bone_chest1) { transformation: [-0.8150994470740595f,-0.6451656227481439f,0.3049349466930168f,-0.40245418115241166f,0.16943102230810125f,0.27472078261873467f,1.034133807293859f,2.473742582567475f,-0.6931934298378088f,0.8257729239521363f,-0.10579724953109794f,0.6027482296644525f,0f,0f,0f,1f], start_interpolation: 0, interpolation_duration: 1 }
$data merge entity $(bone_chest1lid) { transformation: [-0.7523994896068241f,-0.5955374979213637f,0.28147841233201554f,-0.3624718132868014f,0.15639786674593964f,0.2535884147249859f,0.9545850528866392f,1.9802785476362332f,-0.6398708583118236f,0.762251929801972f,-0.09765899956716734f,-0.09846562423447361f,0f,0f,0f,1f], start_interpolation: 0, interpolation_duration: 1 }
$data merge entity $(bone_chest2) { transformation: [-0.7523994896068241f,-0.5955374979213637f,0.28147841233201554f,-0.2694190792365883f,0.15639786674593964f,0.2535884147249859f,0.9545850528866392f,1.9406553578354542f,-0.6398708583118236f,0.762251929801972f,-0.09765899956716734f,-0.21756748826603173f,0f,0f,0f,1f], start_interpolation: 0, interpolation_duration: 1 }
$data merge entity $(bone_chest1lid3) { transformation: [-0.7523994896068241f,-0.5955374979213637f,0.28147841233201554f,-0.13512473728617747f,0.15639786674593964f,0.2535884147249859f,0.9545850528866392f,2.5820347304701152f,-0.6398708583118236f,0.762251929801972f,-0.09765899956716734f,-0.12103649218770121f,0f,0f,0f,1f], start_interpolation: 0, interpolation_duration: 1 }
$data merge entity $(bone_chest3) { transformation: [-0.7523994896068241f,-0.5955374979213637f,0.28147841233201554f,-0.042072003235964384f,0.15639786674593964f,0.2535884147249859f,0.9545850528866392f,2.5424115406693364f,-0.6398708583118236f,0.762251929801972f,-0.09765899956716734f,-0.24013835621925933f,0f,0f,0f,1f], start_interpolation: 0, interpolation_duration: 1 }
$data merge entity $(bone_hugeasssword2) { transformation: [-1.102457114967062f,0.596852177699793f,-3.710610942339723f,-1.945879662417508f,-3.738791457139337f,0.21938521771334746f,1.1461179450861763f,3.2135704783128856f,0.38249774830473837f,3.8647012021631975f,0.5079939648439964f,0.6729626696879909f,0f,0f,0f,1f], start_interpolation: 0, interpolation_duration: 1 }
$data merge entity $(bone_belt) { transformation: [-0.7523994896068241f,-0.5955374979213637f,0.28147841233201554f,-0.1779815423229419f,0.15639786674593964f,0.2535884147249859f,0.9545850528866392f,2.2427639112700386f,-0.6398708583118236f,0.762251929801972f,-0.09765899956716734f,0.3323984894104289f,0f,0f,0f,1f], start_interpolation: 0, interpolation_duration: 1 }
$data merge entity $(bone_torn_part) { transformation: [-0.6778423552488919f,-0.6498173802256576f,0.34389986011526397f,-0.07972698628410746f,0.1162236693542266f,0.36716756021346586f,0.92286512633685f,2.125496139119059f,-0.7259626712941062f,0.6655263744462379f,-0.17335756344610845f,0.024994536777017545f,0f,0f,0f,1f], start_interpolation: 0, interpolation_duration: 1 }
$data merge entity $(bone_lowerbody) { transformation: [-0.6778423552488919f,-0.5163291680266472f,0.5233869808043999f,0.16498111362055973f,0.1162236693542266f,0.6276848215901871f,0.7697426994958343f,1.699414375f,-0.7259626712941062f,0.5825941597632139f,-0.36546168731800105f,-0.1371874258972053f,0f,0f,0f,1f], start_interpolation: 0, interpolation_duration: 1 }
$data merge entity $(bone_leftfoot) { transformation: [-0.9620694515176763f,0.06698942063952013f,0.2643507047079658f,0.37915667951492565f,0.2721454776233606f,0.17417414849006668f,0.9463892695340185f,0.7470882520707354f,0.01736268670849525f,0.982432738089393f,-0.18581039536113275f,-1.1603093485094733f,0f,0f,0f,1f], start_interpolation: 0, interpolation_duration: 1 }
$data merge entity $(bone_leftlowerleg) { transformation: [-0.9620694515176763f,0.06698942063952013f,0.2643507047079658f,0.41285673879284746f,0.2721454776233606f,0.17417414849006668f,0.9463892695340185f,0.7949041272410554f,0.01736268670849525f,0.982432738089393f,-0.18581039536113275f,-0.04187407536479465f,0f,0f,0f,1f], start_interpolation: 0, interpolation_duration: 1 }
$data merge entity $(bone_leftleg) { transformation: [-0.9805148726331665f,0.17718494407047414f,0.08460729079673462f,0.5403739879263756f,0.146775142286763f,0.9476719549336703f,-0.283537706340993f,1.6212890764139818f,-0.13041335265940163f,-0.26560000287450825f,-0.9552318962047518f,-0.28167842643372487f,0f,0f,0f,1f], start_interpolation: 0, interpolation_duration: 1 }
$data merge entity $(bone_rightfoot) { transformation: [-0.7212093860578104f,-0.2890135616436361f,0.6295595063998469f,0.266411039193914f,-0.2632243665956619f,0.9549652698036194f,0.13686386877574014f,0.17788540407167175f,-0.640772321758877f,-0.06700134821408399f,-0.7648053408719301f,0.16059170657310218f,0f,0f,0f,1f], start_interpolation: 0, interpolation_duration: 1 }
$data merge entity $(bone_rightlowerleg) { transformation: [-0.7212093860578104f,-0.2890135616436361f,0.6295595063998469f,-0.1509424445899908f,-0.2632243665956619f,0.9549652698036194f,0.13686386877574014f,1.2162714656020954f,-0.640772321758877f,-0.06700134821408399f,-0.7648053408719301f,0.2037710804997085f,0f,0f,0f,1f], start_interpolation: 0, interpolation_duration: 1 }
$data merge entity $(bone_rightleg) { transformation: [-0.8308899358855322f,0.3920485270651942f,0.3948804884236316f,0.20686634759053713f,-0.16096953667800512f,0.5099530775249763f,-0.8450041325814291f,1.7200827391765638f,-0.532663799038197f,-0.7656538455782859f,-0.3606070101684394f,-0.49098530395326656f,0f,0f,0f,1f], start_interpolation: 0, interpolation_duration: 1 }
data modify entity @s data merge value {"locators":{"lefthand":{"posx":0.6271156127056788,"posy":2.195979654039506,"posz":3.1871155850922115,"roty":90.22432726293924,"rotx":-16.328935456922903},"righthand":{"posx":-1.4207486619849228,"posy":2.2526282652611918,"posz":-1.407376445391888,"roty":59.143912186659975,"rotx":4.973719170685952},"chest":{"posx":-0.39274420564380685,"posy":1.8201627905381947,"posz":-0.15084311548697144,"roty":70.86577107137215,"rotx":72.66617062962666},"sack":{"posx":0,"posy":-0.4375,"posz":0,"roty":0,"rotx":0}},"cameras":{}}