# This file was generated by Animated Java via MC-Build. It is not recommended to edit this file directly.
$data merge entity $(bone_nose) {transformation: [-1f,0f,0f,0f,0f,0.7071f,-0.7071f,47.8655f,0f,-0.7071f,-0.7071f,15.0825f,0f,0f,0f,1f],start_interpolation: 0,interpolation_duration: 1}
$data merge entity $(bone_glowing_eye) {transformation: [-1f,0f,0f,-0.125f,0f,0.7071f,-0.7071f,47.938f,0f,-0.7071f,-0.7071f,15.0593f,0f,0f,0f,1f],start_interpolation: 0,interpolation_duration: 1}
$data merge entity $(bone_head) {transformation: [-1f,0f,0f,0f,0f,0.7071f,-0.7071f,47.6457f,0f,-0.7071f,-0.7071f,15.0374f,0f,0f,0f,1f],start_interpolation: 0,interpolation_duration: 1}
$data merge entity $(bone_leftthumb2) {transformation: [-0.0915f,0.8093f,0.5802f,0.1824f,-0.9951f,-0.0521f,-0.0842f,47.5987f,-0.038f,-0.5851f,0.8101f,15.9461f,0f,0f,0f,1f],start_interpolation: 0,interpolation_duration: 1}
$data merge entity $(bone_leftthumb) {transformation: [-0.0915f,0.8093f,0.5802f,0.4304f,-0.9951f,-0.0521f,-0.0842f,47.5787f,-0.038f,-0.5851f,0.8101f,15.8719f,0f,0f,0f,1f],start_interpolation: 0,interpolation_duration: 1}
$data merge entity $(bone_leftpointerfinger) {transformation: [-0.7568f,0.5847f,0.2923f,0.3626f,-0.6536f,-0.6796f,-0.333f,47.8671f,0.004f,-0.4431f,0.8965f,16.0534f,0f,0f,0f,1f],start_interpolation: 0,interpolation_duration: 1}
$data merge entity $(bone_leftmidfinger) {transformation: [-0.7568f,0.5847f,0.2923f,0.4083f,-0.6536f,-0.6796f,-0.333f,47.815f,0.004f,-0.4431f,0.8965f,16.1935f,0f,0f,0f,1f],start_interpolation: 0,interpolation_duration: 1}
$data merge entity $(bone_leftringfinger) {transformation: [-0.7568f,0.5847f,0.2923f,0.454f,-0.6536f,-0.6796f,-0.333f,47.763f,0.004f,-0.4431f,0.8965f,16.3335f,0f,0f,0f,1f],start_interpolation: 0,interpolation_duration: 1}
$data merge entity $(bone_invisibility) {transformation: [0.5311f,-0.247f,0.8105f,0.2606f,-0.7667f,0.2672f,0.5838f,47.6899f,-0.3607f,-0.9315f,-0.0474f,15.986f,0f,0f,0f,1f],start_interpolation: 0,interpolation_duration: 1}
$data merge entity $(bone_swiftness) {transformation: [0.2923f,0.5076f,0.8105f,0.2045f,-0.333f,-0.7404f,0.5838f,47.6973f,0.8965f,-0.4405f,-0.0474f,16.2162f,0f,0f,0f,1f],start_interpolation: 0,interpolation_duration: 1}
$data merge entity $(bone_suspicious_stew) {transformation: [0.5836f,-0.0504f,0.8105f,0.2917f,-0.8118f,-0.0111f,0.5838f,47.6621f,-0.0204f,-0.9987f,-0.0474f,16.1747f,0f,0f,0f,1f],start_interpolation: 0,interpolation_duration: 1}
$data merge entity $(bone_log) {transformation: [-0.8105f,0.5076f,0.2923f,0.2928f,-0.5838f,-0.7404f,-0.333f,47.4992f,0.0474f,-0.4405f,0.8965f,16.1661f,0f,0f,0f,1f],start_interpolation: 0,interpolation_duration: 1}
$data merge entity $(bone_planks) {transformation: [-0.8105f,0.5076f,0.2923f,0.2168f,-0.5838f,-0.7404f,-0.333f,47.4445f,0.0474f,-0.4405f,0.8965f,16.1705f,0f,0f,0f,1f],start_interpolation: 0,interpolation_duration: 1}
$data merge entity $(bone_lefthand1) {transformation: [-0.8105f,0.5076f,0.2923f,0.6132f,-0.5838f,-0.7404f,-0.333f,47.4705f,0.0474f,-0.4405f,0.8965f,16.0161f,0f,0f,0f,1f],start_interpolation: 0,interpolation_duration: 1}
$data merge entity $(bone_leftforearm) {transformation: [-0.4445f,0.8037f,0.3956f,1.1443f,-0.8939f,-0.3694f,-0.2539f,47.1588f,-0.0579f,-0.4665f,0.8826f,15.6707f,0f,0f,0f,1f],start_interpolation: 0,interpolation_duration: 1}
$data merge entity $(bone_leftelbow) {transformation: [-0.4445f,-0.3956f,0.8037f,1.0702f,-0.8939f,0.2539f,-0.3694f,47.2064f,-0.0579f,-0.8826f,-0.4665f,15.5052f,0f,0f,0f,1f],start_interpolation: 0,interpolation_duration: 1}
$data merge entity $(bone_leftarm) {transformation: [-0.4445f,-0.3956f,0.8037f,0.75f,-0.8939f,0.2539f,-0.3694f,47.1494f,-0.0579f,-0.8826f,-0.4665f,15.0658f,0f,0f,0f,1f],start_interpolation: 0,interpolation_duration: 1}
$data merge entity $(bone_rightthumb2) {transformation: [-0.0915f,-0.8093f,-0.5802f,-0.1824f,0.9951f,-0.0521f,-0.0842f,47.5987f,0.038f,-0.5851f,0.8101f,15.9461f,0f,0f,0f,1f],start_interpolation: 0,interpolation_duration: 1}
$data merge entity $(bone_rightthumb) {transformation: [-0.0915f,-0.8093f,-0.5802f,-0.4304f,0.9951f,-0.0521f,-0.0842f,47.5787f,0.038f,-0.5851f,0.8101f,15.8719f,0f,0f,0f,1f],start_interpolation: 0,interpolation_duration: 1}
$data merge entity $(bone_rightpointerfinger) {transformation: [-0.7568f,-0.5847f,-0.2923f,-0.3626f,0.6536f,-0.6796f,-0.333f,47.8671f,-0.004f,-0.4431f,0.8965f,16.0534f,0f,0f,0f,1f],start_interpolation: 0,interpolation_duration: 1}
$data merge entity $(bone_rightmidfinger) {transformation: [-0.7568f,-0.5847f,-0.2923f,-0.4083f,0.6536f,-0.6796f,-0.333f,47.815f,-0.004f,-0.4431f,0.8965f,16.1935f,0f,0f,0f,1f],start_interpolation: 0,interpolation_duration: 1}
$data merge entity $(bone_rightringfinger) {transformation: [-0.7568f,-0.5847f,-0.2923f,-0.454f,0.6536f,-0.6796f,-0.333f,47.763f,-0.004f,-0.4431f,0.8965f,16.3335f,0f,0f,0f,1f],start_interpolation: 0,interpolation_duration: 1}
$data merge entity $(bone_hugeasssword) {transformation: [-3.1744f,-1.9881f,-1.1449f,-0.2952f,2.2866f,-2.9001f,-1.3042f,47.5176f,-0.1857f,-1.7255f,3.5112f,16.1024f,0f,0f,0f,1f],start_interpolation: 0,interpolation_duration: 1}
$data merge entity $(bone_ice) {transformation: [-0.8105f,-0.5076f,-0.2923f,-0.2746f,0.5838f,-0.7404f,-0.333f,47.5201f,-0.0474f,-0.4405f,0.8965f,16.1101f,0f,0f,0f,1f],start_interpolation: 0,interpolation_duration: 1}
$data merge entity $(bone_righthand1) {transformation: [-0.8105f,-0.5076f,-0.2923f,-0.6132f,0.5838f,-0.7404f,-0.333f,47.4705f,-0.0474f,-0.4405f,0.8965f,16.0161f,0f,0f,0f,1f],start_interpolation: 0,interpolation_duration: 1}
$data merge entity $(bone_rightforearm) {transformation: [-0.4445f,-0.8037f,-0.3956f,-1.1443f,0.8939f,-0.3694f,-0.2539f,47.1588f,0.0579f,-0.4665f,0.8826f,15.6707f,0f,0f,0f,1f],start_interpolation: 0,interpolation_duration: 1}
$data merge entity $(bone_rightelbow) {transformation: [-0.4445f,0.3956f,-0.8037f,-1.0702f,0.8939f,0.2539f,-0.3694f,47.2064f,0.0579f,-0.8826f,-0.4665f,15.5052f,0f,0f,0f,1f],start_interpolation: 0,interpolation_duration: 1}
$data merge entity $(bone_rightarm) {transformation: [-0.4445f,0.3956f,-0.8037f,-0.75f,0.8939f,0.2539f,-0.3694f,47.1494f,0.0579f,-0.8826f,-0.4665f,15.0658f,0f,0f,0f,1f],start_interpolation: 0,interpolation_duration: 1}
$data merge entity $(bone_chest1) {transformation: [-1.0833f,0f,0f,-0.0023f,0f,1.0833f,0f,46.9891f,0f,0f,-1.0833f,14.9557f,0f,0f,0f,1f],start_interpolation: 0,interpolation_duration: 1}
$data merge entity $(bone_chest1lid) {transformation: [-1f,0f,0f,-0.3438f,0f,1f,0f,46.3057f,0f,0f,-1f,15.347f,0f,0f,0f,1f],start_interpolation: 0,interpolation_duration: 1}
$data merge entity $(bone_chest2) {transformation: [-1f,0f,0f,-0.3438f,0f,1f,0f,46.1494f,0f,0f,-1f,15.347f,0f,0f,0f,1f],start_interpolation: 0,interpolation_duration: 1}
$data merge entity $(bone_chest1lid3) {transformation: [-1f,0f,0f,-0.2813f,0f,1f,0f,46.3057f,0f,0f,-1f,14.7064f,0f,0f,0f,1f],start_interpolation: 0,interpolation_duration: 1}
$data merge entity $(bone_chest3) {transformation: [-1f,0f,0f,-0.2813f,0f,1f,0f,46.1494f,0f,0f,-1f,14.7064f,0f,0f,0f,1f],start_interpolation: 0,interpolation_duration: 1}
$data merge entity $(bone_hugeasssword2) {transformation: [0f,2.8877f,-2.6461f,-1.2344f,0f,2.6461f,2.8877f,48.1494f,3.9167f,0f,0f,14.6908f,0f,0f,0f,1f],start_interpolation: 0,interpolation_duration: 1}
$data merge entity $(bone_belt) {transformation: [-1f,0f,0f,0.0297f,0f,1f,0f,46.5908f,0f,0f,-1f,15.0866f,0f,0f,0f,1f],start_interpolation: 0,interpolation_duration: 1}
$data merge entity $(bone_torn_part) {transformation: [-1f,0f,0f,-0.0938f,0f,0.9537f,0.3007f,46.3057f,0f,0.3007f,-0.9537f,15.0814f,0f,0f,0f,1f],start_interpolation: 0,interpolation_duration: 1}
$data merge entity $(bone_lowerbody) {transformation: [-1f,0f,0f,0.0039f,0f,1f,0f,45.8174f,0f,0f,-1f,15.222f,0f,0f,0f,1f],start_interpolation: 0,interpolation_duration: 1}
$data merge entity $(bone_leftfoot) {transformation: [-0.9986f,0.0395f,-0.0365f,0.2819f,-0.0186f,0.3821f,0.9239f,44.2939f,0.0504f,0.9233f,-0.3808f,13.6887f,0f,0f,0f,1f],start_interpolation: 0,interpolation_duration: 1}
$data merge entity $(bone_leftlowerleg) {transformation: [-0.9998f,0.0039f,-0.0214f,0.2895f,-0.0146f,0.6091f,0.7929f,44.8478f,0.0161f,0.7931f,-0.6089f,14.6621f,0f,0f,0f,1f],start_interpolation: 0,interpolation_duration: 1}
$data merge entity $(bone_leftleg) {transformation: [-0.9998f,-0.0083f,-0.0202f,0.25f,-0.0146f,0.9398f,0.3415f,45.8369f,0.0161f,0.3417f,-0.9397f,15.0502f,0f,0f,0f,1f],start_interpolation: 0,interpolation_duration: 1}
$data merge entity $(bone_rightfoot) {transformation: [-0.999f,-0.0386f,0.0206f,-0.2041f,-0.0191f,0.8085f,0.5882f,43.9829f,-0.0393f,0.5873f,-0.8084f,13.9916f,0f,0f,0f,1f],start_interpolation: 0,interpolation_duration: 1}
$data merge entity $(bone_rightlowerleg) {transformation: [-0.999f,-0.0377f,0.0222f,-0.2493f,-0.0191f,0.8334f,0.5524f,44.8226f,-0.0393f,0.5514f,-0.8333f,14.7314f,0f,0f,0f,1f],start_interpolation: 0,interpolation_duration: 1}
$data merge entity $(bone_rightleg) {transformation: [-0.999f,-0.0292f,0.0325f,-0.25f,-0.0191f,0.9609f,0.2762f,45.8369f,-0.0393f,0.2753f,-0.9605f,15.0502f,0f,0f,0f,1f],start_interpolation: 0,interpolation_duration: 1}
data modify entity @s data merge value {"cameras":{},"locators":{"lefthand":{"posx":0.32458942509202376,"posy":47.61702380467166,"posz":16.182066610850498,"roty":161.94076269425986,"rotx":-19.450622934087413},"sword":{"posx":0.7398409284987939,"posy":48.81947466269564,"posz":12.79274422925386,"roty":198.05923730574014,"rotx":-19.450622934087413},"righthand":{"posx":-0.3380449643107577,"posy":47.591557908098814,"posz":16.09850264387864,"roty":198.05923730574014,"rotx":-19.450622934087413},"chest":{"posx":-0.37500000000000194,"posy":46.24316824078288,"posz":15.503277765134275,"roty":0,"rotx":0}}}