# This file was generated by Animated Java via MC-Build. It is not recommended to edit this file directly.
$data merge entity $(bone_nose) {transformation: [-1f,0f,0f,0f,0f,0.7071f,-0.7071f,74.8085f,0f,-0.7071f,-0.7071f,27.2353f,0f,0f,0f,1f],start_interpolation: 0,interpolation_duration: 1}
$data merge entity $(bone_glowing_eye) {transformation: [-1f,0f,0f,-0.125f,0f,0.7071f,-0.7071f,74.881f,0f,-0.7071f,-0.7071f,27.2121f,0f,0f,0f,1f],start_interpolation: 0,interpolation_duration: 1}
$data merge entity $(bone_head) {transformation: [-1f,0f,0f,0f,0f,0.7071f,-0.7071f,74.5888f,0f,-0.7071f,-0.7071f,27.1902f,0f,0f,0f,1f],start_interpolation: 0,interpolation_duration: 1}
$data merge entity $(bone_leftthumb2) {transformation: [-0.0915f,0.8093f,0.5802f,0.1824f,-0.9951f,-0.0521f,-0.0842f,74.5417f,-0.038f,-0.5851f,0.8101f,28.099f,0f,0f,0f,1f],start_interpolation: 0,interpolation_duration: 1}
$data merge entity $(bone_leftthumb) {transformation: [-0.0915f,0.8093f,0.5802f,0.4304f,-0.9951f,-0.0521f,-0.0842f,74.5217f,-0.038f,-0.5851f,0.8101f,28.0247f,0f,0f,0f,1f],start_interpolation: 0,interpolation_duration: 1}
$data merge entity $(bone_leftpointerfinger) {transformation: [-0.7568f,0.5847f,0.2923f,0.3626f,-0.6536f,-0.6796f,-0.333f,74.8101f,0.004f,-0.4431f,0.8965f,28.2063f,0f,0f,0f,1f],start_interpolation: 0,interpolation_duration: 1}
$data merge entity $(bone_leftmidfinger) {transformation: [-0.7568f,0.5847f,0.2923f,0.4083f,-0.6536f,-0.6796f,-0.333f,74.7581f,0.004f,-0.4431f,0.8965f,28.3463f,0f,0f,0f,1f],start_interpolation: 0,interpolation_duration: 1}
$data merge entity $(bone_leftringfinger) {transformation: [-0.7568f,0.5847f,0.2923f,0.454f,-0.6536f,-0.6796f,-0.333f,74.706f,0.004f,-0.4431f,0.8965f,28.4864f,0f,0f,0f,1f],start_interpolation: 0,interpolation_duration: 1}
$data merge entity $(bone_invisibility) {transformation: [0.5311f,-0.247f,0.8105f,0.2606f,-0.7667f,0.2672f,0.5838f,74.6329f,-0.3607f,-0.9315f,-0.0474f,28.1388f,0f,0f,0f,1f],start_interpolation: 0,interpolation_duration: 1}
$data merge entity $(bone_swiftness) {transformation: [0.2923f,0.5076f,0.8105f,0.2045f,-0.333f,-0.7404f,0.5838f,74.6403f,0.8965f,-0.4405f,-0.0474f,28.369f,0f,0f,0f,1f],start_interpolation: 0,interpolation_duration: 1}
$data merge entity $(bone_suspicious_stew) {transformation: [0.5836f,-0.0504f,0.8105f,0.2917f,-0.8118f,-0.0111f,0.5838f,74.6052f,-0.0204f,-0.9987f,-0.0474f,28.3276f,0f,0f,0f,1f],start_interpolation: 0,interpolation_duration: 1}
$data merge entity $(bone_log) {transformation: [-0.8105f,0.5076f,0.2923f,0.2928f,-0.5838f,-0.7404f,-0.333f,74.4423f,0.0474f,-0.4405f,0.8965f,28.319f,0f,0f,0f,1f],start_interpolation: 0,interpolation_duration: 1}
$data merge entity $(bone_planks) {transformation: [-0.8105f,0.5076f,0.2923f,0.2168f,-0.5838f,-0.7404f,-0.333f,74.3875f,0.0474f,-0.4405f,0.8965f,28.3234f,0f,0f,0f,1f],start_interpolation: 0,interpolation_duration: 1}
$data merge entity $(bone_lefthand1) {transformation: [-0.8105f,0.5076f,0.2923f,0.6132f,-0.5838f,-0.7404f,-0.333f,74.4135f,0.0474f,-0.4405f,0.8965f,28.169f,0f,0f,0f,1f],start_interpolation: 0,interpolation_duration: 1}
$data merge entity $(bone_leftforearm) {transformation: [-0.4445f,0.8037f,0.3956f,1.1443f,-0.8939f,-0.3694f,-0.2539f,74.1019f,-0.0579f,-0.4665f,0.8826f,27.8235f,0f,0f,0f,1f],start_interpolation: 0,interpolation_duration: 1}
$data merge entity $(bone_leftelbow) {transformation: [-0.4445f,-0.3956f,0.8037f,1.0702f,-0.8939f,0.2539f,-0.3694f,74.1495f,-0.0579f,-0.8826f,-0.4665f,27.658f,0f,0f,0f,1f],start_interpolation: 0,interpolation_duration: 1}
$data merge entity $(bone_leftarm) {transformation: [-0.4445f,-0.3956f,0.8037f,0.75f,-0.8939f,0.2539f,-0.3694f,74.0925f,-0.0579f,-0.8826f,-0.4665f,27.2186f,0f,0f,0f,1f],start_interpolation: 0,interpolation_duration: 1}
$data merge entity $(bone_rightthumb2) {transformation: [-0.0915f,-0.8093f,-0.5802f,-0.1824f,0.9951f,-0.0521f,-0.0842f,74.5417f,0.038f,-0.5851f,0.8101f,28.099f,0f,0f,0f,1f],start_interpolation: 0,interpolation_duration: 1}
$data merge entity $(bone_rightthumb) {transformation: [-0.0915f,-0.8093f,-0.5802f,-0.4304f,0.9951f,-0.0521f,-0.0842f,74.5217f,0.038f,-0.5851f,0.8101f,28.0247f,0f,0f,0f,1f],start_interpolation: 0,interpolation_duration: 1}
$data merge entity $(bone_rightpointerfinger) {transformation: [-0.7568f,-0.5847f,-0.2923f,-0.3626f,0.6536f,-0.6796f,-0.333f,74.8101f,-0.004f,-0.4431f,0.8965f,28.2063f,0f,0f,0f,1f],start_interpolation: 0,interpolation_duration: 1}
$data merge entity $(bone_rightmidfinger) {transformation: [-0.7568f,-0.5847f,-0.2923f,-0.4083f,0.6536f,-0.6796f,-0.333f,74.7581f,-0.004f,-0.4431f,0.8965f,28.3463f,0f,0f,0f,1f],start_interpolation: 0,interpolation_duration: 1}
$data merge entity $(bone_rightringfinger) {transformation: [-0.7568f,-0.5847f,-0.2923f,-0.454f,0.6536f,-0.6796f,-0.333f,74.706f,-0.004f,-0.4431f,0.8965f,28.4864f,0f,0f,0f,1f],start_interpolation: 0,interpolation_duration: 1}
$data merge entity $(bone_hugeasssword) {transformation: [-3.1744f,-1.9881f,-1.1449f,-0.2952f,2.2866f,-2.9001f,-1.3042f,74.4606f,-0.1857f,-1.7255f,3.5112f,28.2553f,0f,0f,0f,1f],start_interpolation: 0,interpolation_duration: 1}
$data merge entity $(bone_ice) {transformation: [-0.8105f,-0.5076f,-0.2923f,-0.2746f,0.5838f,-0.7404f,-0.333f,74.4631f,-0.0474f,-0.4405f,0.8965f,28.2629f,0f,0f,0f,1f],start_interpolation: 0,interpolation_duration: 1}
$data merge entity $(bone_righthand1) {transformation: [-0.8105f,-0.5076f,-0.2923f,-0.6132f,0.5838f,-0.7404f,-0.333f,74.4135f,-0.0474f,-0.4405f,0.8965f,28.169f,0f,0f,0f,1f],start_interpolation: 0,interpolation_duration: 1}
$data merge entity $(bone_rightforearm) {transformation: [-0.4445f,-0.8037f,-0.3956f,-1.1443f,0.8939f,-0.3694f,-0.2539f,74.1019f,0.0579f,-0.4665f,0.8826f,27.8235f,0f,0f,0f,1f],start_interpolation: 0,interpolation_duration: 1}
$data merge entity $(bone_rightelbow) {transformation: [-0.4445f,0.3956f,-0.8037f,-1.0702f,0.8939f,0.2539f,-0.3694f,74.1495f,0.0579f,-0.8826f,-0.4665f,27.658f,0f,0f,0f,1f],start_interpolation: 0,interpolation_duration: 1}
$data merge entity $(bone_rightarm) {transformation: [-0.4445f,0.3956f,-0.8037f,-0.75f,0.8939f,0.2539f,-0.3694f,74.0925f,0.0579f,-0.8826f,-0.4665f,27.2186f,0f,0f,0f,1f],start_interpolation: 0,interpolation_duration: 1}
$data merge entity $(bone_chest1) {transformation: [-1.0833f,0f,0f,-0.0023f,0f,1.0833f,0f,73.9322f,0f,0f,-1.0833f,27.1086f,0f,0f,0f,1f],start_interpolation: 0,interpolation_duration: 1}
$data merge entity $(bone_chest1lid) {transformation: [-1f,0f,0f,-0.3438f,0f,1f,0f,73.2487f,0f,0f,-1f,27.4999f,0f,0f,0f,1f],start_interpolation: 0,interpolation_duration: 1}
$data merge entity $(bone_chest2) {transformation: [-1f,0f,0f,-0.3438f,0f,1f,0f,73.0925f,0f,0f,-1f,27.4999f,0f,0f,0f,1f],start_interpolation: 0,interpolation_duration: 1}
$data merge entity $(bone_chest1lid3) {transformation: [-1f,0f,0f,-0.2813f,0f,1f,0f,73.2487f,0f,0f,-1f,26.8593f,0f,0f,0f,1f],start_interpolation: 0,interpolation_duration: 1}
$data merge entity $(bone_chest3) {transformation: [-1f,0f,0f,-0.2813f,0f,1f,0f,73.0925f,0f,0f,-1f,26.8593f,0f,0f,0f,1f],start_interpolation: 0,interpolation_duration: 1}
$data merge entity $(bone_hugeasssword2) {transformation: [0f,2.8877f,-2.6461f,-1.2344f,0f,2.6461f,2.8877f,75.0925f,3.9167f,0f,0f,26.8436f,0f,0f,0f,1f],start_interpolation: 0,interpolation_duration: 1}
$data merge entity $(bone_belt) {transformation: [-1f,0f,0f,0.0297f,0f,1f,0f,73.5338f,0f,0f,-1f,27.2395f,0f,0f,0f,1f],start_interpolation: 0,interpolation_duration: 1}
$data merge entity $(bone_torn_part) {transformation: [-1f,0f,0f,-0.0938f,0f,0.9537f,0.3007f,73.2487f,0f,0.3007f,-0.9537f,27.2343f,0f,0f,0f,1f],start_interpolation: 0,interpolation_duration: 1}
$data merge entity $(bone_lowerbody) {transformation: [-1f,0f,0f,0.0039f,0f,1f,0f,72.7604f,0f,0f,-1f,27.3749f,0f,0f,0f,1f],start_interpolation: 0,interpolation_duration: 1}
$data merge entity $(bone_leftfoot) {transformation: [-0.9986f,0.0395f,-0.0365f,0.2819f,-0.0186f,0.3821f,0.9239f,71.2369f,0.0504f,0.9233f,-0.3808f,25.8416f,0f,0f,0f,1f],start_interpolation: 0,interpolation_duration: 1}
$data merge entity $(bone_leftlowerleg) {transformation: [-0.9998f,0.0039f,-0.0214f,0.2895f,-0.0146f,0.6091f,0.7929f,71.7908f,0.0161f,0.7931f,-0.6089f,26.815f,0f,0f,0f,1f],start_interpolation: 0,interpolation_duration: 1}
$data merge entity $(bone_leftleg) {transformation: [-0.9998f,-0.0083f,-0.0202f,0.25f,-0.0146f,0.9398f,0.3415f,72.78f,0.0161f,0.3417f,-0.9397f,27.203f,0f,0f,0f,1f],start_interpolation: 0,interpolation_duration: 1}
$data merge entity $(bone_rightfoot) {transformation: [-0.999f,-0.0386f,0.0206f,-0.2041f,-0.0191f,0.8085f,0.5882f,70.9259f,-0.0393f,0.5873f,-0.8084f,26.1444f,0f,0f,0f,1f],start_interpolation: 0,interpolation_duration: 1}
$data merge entity $(bone_rightlowerleg) {transformation: [-0.999f,-0.0377f,0.0222f,-0.2493f,-0.0191f,0.8334f,0.5524f,71.7656f,-0.0393f,0.5514f,-0.8333f,26.8842f,0f,0f,0f,1f],start_interpolation: 0,interpolation_duration: 1}
$data merge entity $(bone_rightleg) {transformation: [-0.999f,-0.0292f,0.0325f,-0.25f,-0.0191f,0.9609f,0.2762f,72.78f,-0.0393f,0.2753f,-0.9605f,27.203f,0f,0f,0f,1f],start_interpolation: 0,interpolation_duration: 1}
data modify entity @s data merge value {"cameras":{},"locators":{"lefthand":{"posx":0.32458942509202243,"posy":74.56005691800804,"posz":28.334926476576495,"roty":161.94076269425986,"rotx":-19.450622934087413},"sword":{"posx":0.7398409284987926,"posy":75.76250777603202,"posz":24.945604094979856,"roty":198.05923730574014,"rotx":-19.450622934087413},"righthand":{"posx":-0.33804496431075903,"posy":74.53459102143519,"posz":28.251362509604636,"roty":198.05923730574014,"rotx":-19.450622934087413},"chest":{"posx":-0.3750000000000034,"posy":73.18620135411926,"posz":27.65613763086027,"roty":0,"rotx":0}}}