# This file was generated by Animated Java via MC-Build. It is not recommended to edit this file directly.
$data merge entity $(nose) {transformation: [-1f,0f,0f,0f,0f,0.996f,-0.0891f,4.2941f,0f,-0.0891f,-0.996f,0.1418f,0f,0f,0f,1f],start_interpolation: 0,interpolation_duration: 1}
$data merge entity $(glowing_eye) {transformation: [-1f,0f,0f,-0.125f,0f,0.996f,-0.0891f,4.3646f,0f,-0.0891f,-0.996f,0.1705f,0f,0f,0f,1f],start_interpolation: 0,interpolation_duration: 1}
$data merge entity $(head) {transformation: [-1f,0f,0f,0f,0f,0.996f,-0.0891f,4.1544f,0f,-0.0891f,-0.996f,-0.0337f,0f,0f,0f,1f],start_interpolation: 0,interpolation_duration: 1}
$data merge entity $(leftthumb2) {transformation: [0.0852f,0.6486f,0.7563f,0.7646f,-0.6598f,0.6055f,-0.445f,2.5506f,-0.7466f,-0.4611f,0.4795f,1.1389f,0f,0f,0f,1f],start_interpolation: 0,interpolation_duration: 1}
$data merge entity $(leftthumb) {transformation: [0.0852f,0.6486f,0.7563f,0.9883f,-0.6598f,0.6055f,-0.445f,2.6611f,-0.7466f,-0.4611f,0.4795f,1.0668f,0f,0f,0f,1f],start_interpolation: 0,interpolation_duration: 1}
$data merge entity $(leftpointerfinger) {transformation: [-0.7106f,0.6883f,0.146f,1.0794f,0.4226f,0.5834f,-0.6936f,2.4151f,-0.5626f,-0.4312f,-0.7054f,1.261f,0f,0f,0f,1f],start_interpolation: 0,interpolation_duration: 1}
$data merge entity $(leftmidfinger) {transformation: [-0.7106f,0.6883f,0.146f,1.1022f,0.4226f,0.5834f,-0.6936f,2.3068f,-0.5626f,-0.4312f,-0.7054f,1.1508f,0f,0f,0f,1f],start_interpolation: 0,interpolation_duration: 1}
$data merge entity $(leftringfinger) {transformation: [-0.7106f,0.6883f,0.146f,1.125f,0.4226f,0.5834f,-0.6936f,2.1984f,-0.5626f,-0.4312f,-0.7054f,1.0405f,0f,0f,0f,1f],start_interpolation: 0,interpolation_duration: 1}
$data merge entity $(invisibility) {transformation: [-0.0168f,-0.148f,0.9888f,0.9198f,0.6465f,0.7528f,0.1237f,2.4853f,-0.7627f,0.6414f,0.0831f,1.2032f,0f,0f,0f,1f],start_interpolation: 0,interpolation_duration: 1}
$data merge entity $(swiftness) {transformation: [0.146f,-0.0296f,0.9888f,0.8997f,-0.6936f,0.7097f,0.1237f,2.2527f,-0.7054f,-0.7039f,0.0831f,1.162f,0f,0f,0f,1f],start_interpolation: 0,interpolation_duration: 1}
$data merge entity $(suspicious_stew) {transformation: [0.0349f,-0.1448f,0.9888f,0.9486f,0.35f,0.9285f,0.1237f,2.322f,-0.9361f,0.3418f,0.0831f,1.104f,0f,0f,0f,1f],start_interpolation: 0,interpolation_duration: 1}
$data merge entity $(log) {transformation: [-0.9888f,-0.0296f,0.146f,0.859f,-0.1237f,0.7097f,-0.6936f,2.3666f,-0.0831f,-0.7039f,-0.7054f,0.9751f,0f,0f,0f,1f],start_interpolation: 0,interpolation_duration: 1}
$data merge entity $(planks) {transformation: [-0.9888f,-0.0296f,0.146f,0.7663f,-0.1237f,0.7097f,-0.6936f,2.355f,-0.0831f,-0.7039f,-0.7054f,0.9673f,0f,0f,0f,1f],start_interpolation: 0,interpolation_duration: 1}
$data merge entity $(lefthand1) {transformation: [-0.9888f,-0.0296f,0.146f,1.0943f,-0.1237f,0.7097f,-0.6936f,2.5966f,-0.0831f,-0.7039f,-0.7054f,0.842f,0f,0f,0f,1f],start_interpolation: 0,interpolation_duration: 1}
$data merge entity $(leftforearm) {transformation: [-0.9888f,-0.0296f,0.146f,1.0094f,-0.1237f,0.7097f,-0.6936f,3.0987f,-0.0831f,-0.7039f,-0.7054f,0.3528f,0f,0f,0f,1f],start_interpolation: 0,interpolation_duration: 1}
$data merge entity $(leftelbow) {transformation: [-0.9888f,-0.0564f,0.1379f,0.9988f,-0.1237f,0.827f,-0.5484f,3.2538f,-0.0831f,-0.5593f,-0.8248f,0.248f,0f,0f,0f,1f],start_interpolation: 0,interpolation_duration: 1}
$data merge entity $(leftarm) {transformation: [-0.9888f,-0.0564f,0.1379f,0.75f,-0.1237f,0.827f,-0.5484f,3.6574f,-0.0831f,-0.5593f,-0.8248f,-0.0241f,0f,0f,0f,1f],start_interpolation: 0,interpolation_duration: 1}
$data merge entity $(rightthumb2) {transformation: [0.2393f,0.9066f,-0.3475f,-1.3993f,0.7542f,-0.399f,-0.5216f,3.8339f,-0.6115f,-0.1372f,-0.7792f,0.9247f,0f,0f,0f,1f],start_interpolation: 0,interpolation_duration: 1}
$data merge entity $(rightthumb) {transformation: [0.2393f,0.9066f,-0.3475f,-1.2066f,0.7542f,-0.399f,-0.5216f,3.6915f,-0.6115f,-0.1372f,-0.7792f,0.8245f,0f,0f,0f,1f],start_interpolation: 0,interpolation_duration: 1}
$data merge entity $(rightpointerfinger) {transformation: [0.4125f,0.4197f,-0.8085f,-1.2188f,0.0073f,-0.889f,-0.4578f,4.0179f,-0.9109f,0.1829f,-0.3698f,0.7016f,0f,0f,0f,1f],start_interpolation: 0,interpolation_duration: 1}
$data merge entity $(rightmidfinger) {transformation: [0.0787f,0.4074f,-0.9099f,-1.3609f,0.9569f,-0.2867f,-0.0456f,4.0108f,-0.2795f,-0.8671f,-0.4124f,0.6371f,0f,0f,0f,1f],start_interpolation: 0,interpolation_duration: 1}
$data merge entity $(rightringfinger) {transformation: [0.0761f,0.4079f,-0.9099f,-1.5031f,0.9588f,-0.2806f,-0.0456f,4.0037f,-0.2739f,-0.8689f,-0.4124f,0.5727f,0f,0f,0f,1f],start_interpolation: 0,interpolation_duration: 1}
$data merge entity $(hugeasssword) {transformation: [1.6157f,0.1747f,-3.5636f,-1.4472f,0.0287f,-3.9125f,-0.1787f,3.8066f,-3.5678f,0.0476f,-1.6152f,0.888f,0f,0f,0f,1f],start_interpolation: 0,interpolation_duration: 1}
$data merge entity $(whey) {transformation: [0f,0f,0f,-1.3944f,0f,0f,0f,3.9054f,0f,0f,0f,1.1014f,0f,0f,0f,1f],start_interpolation: 0,interpolation_duration: 1}
$data merge entity $(ice) {transformation: [0.4125f,0.0446f,-0.9099f,-1.4544f,0.0073f,-0.9989f,-0.0456f,3.8221f,-0.9109f,0.0121f,-0.4124f,0.902f,0f,0f,0f,1f],start_interpolation: 0,interpolation_duration: 1}
$data merge entity $(righthand1) {transformation: [0.4125f,0.0446f,-0.9099f,-1.3685f,0.0073f,-0.9989f,-0.0456f,3.5728f,-0.9109f,0.0121f,-0.4124f,0.6645f,0f,0f,0f,1f],start_interpolation: 0,interpolation_duration: 1}
$data merge entity $(rightforearm) {transformation: [-0.9123f,0.2782f,-0.3004f,-1.1112f,0.0155f,-0.7098f,-0.7043f,3.0838f,-0.4092f,-0.6472f,0.6432f,0.2249f,0f,0f,0f,1f],start_interpolation: 0,interpolation_duration: 1}
$data merge entity $(rightelbow) {transformation: [-0.9123f,0.2498f,0.3244f,-1.0644f,0.0155f,0.8128f,-0.5824f,3.2362f,-0.4092f,-0.5263f,-0.7454f,0.1263f,0f,0f,0f,1f],start_interpolation: 0,interpolation_duration: 1}
$data merge entity $(rightarm) {transformation: [-0.9123f,0.2498f,0.3244f,-0.75f,0.0155f,0.8128f,-0.5824f,3.6574f,-0.4092f,-0.5263f,-0.7454f,-0.0241f,0f,0f,0f,1f],start_interpolation: 0,interpolation_duration: 1}
$data merge entity $(chest1) {transformation: [-1.0833f,0f,0f,-0.0023f,0f,1.0826f,0.041f,3.5014f,0f,0.041f,-1.0826f,-0.1401f,0f,0f,0f,1f],start_interpolation: 0,interpolation_duration: 1}
$data merge entity $(chest1lid) {transformation: [-1f,0f,0f,-0.3438f,0f,0.9993f,0.0378f,2.8036f,0f,0.0378f,-0.9993f,0.225f,0f,0f,0f,1f],start_interpolation: 0,interpolation_duration: 1}
$data merge entity $(chest2) {transformation: [-1f,0f,0f,-0.3438f,0f,0.9993f,0.0378f,2.6475f,0f,0.0378f,-0.9993f,0.2191f,0f,0f,0f,1f],start_interpolation: 0,interpolation_duration: 1}
$data merge entity $(chest1lid3) {transformation: [-1f,0f,0f,-0.2812f,0f,0.9993f,0.0378f,2.8278f,0f,0.0378f,-0.9993f,-0.4151f,0f,0f,0f,1f],start_interpolation: 0,interpolation_duration: 1}
$data merge entity $(chest3) {transformation: [-1f,0f,0f,-0.2812f,0f,0.9993f,0.0378f,2.6717f,0f,0.0378f,-0.9993f,-0.421f,0f,0f,0f,1f],start_interpolation: 0,interpolation_duration: 1}
$data merge entity $(hugeasssword2) {transformation: [0f,2.8877f,-2.6461f,-1.2344f,-0.1481f,2.6442f,2.8856f,4.6708f,3.9139f,0.1001f,0.1092f,-0.361f,0f,0f,0f,1f],start_interpolation: 0,interpolation_duration: 1}
$data merge entity $(belt) {transformation: [-1f,0f,0f,0.0297f,0f,0.9993f,0.0378f,3.0984f,0f,0.0378f,-0.9993f,-0.0244f,0f,0f,0f,1f],start_interpolation: 0,interpolation_duration: 1}
$data merge entity $(torn_part) {transformation: [-1f,0f,0f,-0.0937f,0f,0.9479f,0.3186f,2.8151f,0f,0.3186f,-0.9479f,-0.0377f,0f,0f,0f,1f],start_interpolation: 0,interpolation_duration: 1}
$data merge entity $(lowerbody) {transformation: [-1f,0f,0f,0.0039f,0f,0.9998f,0.0188f,2.3242f,0f,0.0188f,-0.9998f,0.0938f,0f,0f,0f,1f],start_interpolation: 0,interpolation_duration: 1}
data modify entity @s data merge value {"cameras":{},"locators":{"soup":{"px":0.892808353632373,"py":2.4777434790799315,"pz":1.1601160562608865,"ry":94.80346693763522,"rx":7.103037398427425},"lefthand":{"px":0.9517793999888131,"py":2.3336056030160686,"pz":1.0489222799347406,"ry":11.694612393599584,"rx":-43.91625974138649},"sword":{"px":1.9529258774111335,"py":4.007419674561091,"pz":2.3436151699183827,"ry":294.3827108737608,"rx":-2.6155487875940344},"righthand":{"px":-1.4021807152040697,"py":3.8391439874897966,"pz":0.8228918895906673,"ry":294.3827108737608,"rx":-2.6155487875940344},"chest":{"px":-0.37500000000000006,"py":2.735237011081086,"pz":0.37881924867762395,"ry":0,"rx":2.167265414102148}}}