# This file was generated by Animated Java via MC-Build. It is not recommended to edit this file directly.
$data merge entity $(bone_nose) {transformation: [-1f,0f,0f,0f,0f,0.9913f,-0.132f,4.3004f,0f,-0.132f,-0.9913f,0.1043f,0f,0f,0f,1f],start_interpolation: 0,interpolation_duration: 1}
$data merge entity $(bone_glowing_eye) {transformation: [-1f,0f,0f,-0.125f,0f,0.9913f,-0.132f,4.3722f,0f,-0.132f,-0.9913f,0.13f,0f,0f,0f,1f],start_interpolation: 0,interpolation_duration: 1}
$data merge entity $(bone_head) {transformation: [-1f,0f,0f,0f,0f,0.9913f,-0.132f,4.1533f,0f,-0.132f,-0.9913f,-0.065f,0f,0f,0f,1f],start_interpolation: 0,interpolation_duration: 1}
$data merge entity $(bone_leftthumb2) {transformation: [0.3373f,0.7344f,0.589f,0.6131f,-0.906f,0.4232f,-0.0087f,3.0917f,-0.2556f,-0.5307f,0.8081f,1.4021f,0f,0f,0f,1f],start_interpolation: 0,interpolation_duration: 1}
$data merge entity $(bone_leftthumb) {transformation: [0.3373f,0.7344f,0.589f,0.8435f,-0.906f,0.4232f,-0.0087f,3.1947f,-0.2556f,-0.5307f,0.8081f,1.341f,0f,0f,0f,1f],start_interpolation: 0,interpolation_duration: 1}
$data merge entity $(bone_leftpointerfinger) {transformation: [-0.5821f,0.748f,0.3187f,0.9039f,0.0469f,0.4222f,-0.9053f,3.0726f,-0.8117f,-0.5121f,-0.2808f,1.6364f,0f,0f,0f,1f],start_interpolation: 0,interpolation_duration: 1}
$data merge entity $(bone_leftmidfinger) {transformation: [-0.5821f,0.748f,0.3187f,0.9537f,0.0469f,0.4222f,-0.9053f,2.9311f,-0.8117f,-0.5121f,-0.2808f,1.5925f,0f,0f,0f,1f],start_interpolation: 0,interpolation_duration: 1}
$data merge entity $(bone_leftringfinger) {transformation: [-0.5821f,0.748f,0.3187f,1.0035f,0.0469f,0.4222f,-0.9053f,2.7897f,-0.8117f,-0.5121f,-0.2808f,1.5486f,0f,0f,0f,1f],start_interpolation: 0,interpolation_duration: 1}
$data merge entity $(bone_invisibility) {transformation: [0.1082f,-0.3105f,0.9444f,0.757f,0.241f,0.9298f,0.2781f,3.0886f,-0.9645f,0.1975f,0.1755f,1.5293f,0f,0f,0f,1f],start_interpolation: 0,interpolation_duration: 1}
$data merge entity $(bone_swiftness) {transformation: [0.3187f,0.0808f,0.9444f,0.7567f,-0.9053f,0.3211f,0.2781f,2.8609f,-0.2808f,-0.9436f,0.1755f,1.5953f,0f,0f,0f,1f],start_interpolation: 0,interpolation_duration: 1}
$data merge entity $(bone_suspicious_stew) {transformation: [0.2079f,-0.2547f,0.9444f,0.813f,-0.0915f,0.9562f,0.2781f,2.9038f,-0.9739f,-0.1443f,0.1755f,1.5209f,0f,0f,0f,1f],start_interpolation: 0,interpolation_duration: 1}
$data merge entity $(bone_log) {transformation: [-0.9444f,0.0808f,0.3187f,0.7495f,-0.2781f,0.3211f,-0.9053f,2.8754f,-0.1755f,-0.9436f,-0.2808f,1.3733f,0f,0f,0f,1f],start_interpolation: 0,interpolation_duration: 1}
$data merge entity $(bone_planks) {transformation: [-0.9444f,0.0808f,0.3187f,0.661f,-0.2781f,0.3211f,-0.9053f,2.8493f,-0.1755f,-0.9436f,-0.2808f,1.3569f,0f,0f,0f,1f],start_interpolation: 0,interpolation_duration: 1}
$data merge entity $(bone_lefthand1) {transformation: [-0.9444f,0.0808f,0.3187f,0.9958f,-0.2781f,0.3211f,-0.9053f,3.0535f,-0.1755f,-0.9436f,-0.2808f,1.1901f,0f,0f,0f,1f],start_interpolation: 0,interpolation_duration: 1}
$data merge entity $(bone_leftforearm) {transformation: [-0.9444f,0.0808f,0.3187f,0.9886f,-0.2781f,0.3211f,-0.9053f,3.2761f,-0.1755f,-0.9436f,-0.2808f,0.52f,0f,0f,0f,1f],start_interpolation: 0,interpolation_duration: 1}
$data merge entity $(bone_leftelbow) {transformation: [-0.9444f,-0.0317f,0.3273f,0.9827f,-0.2781f,0.6082f,-0.7435f,3.3901f,-0.1755f,-0.7932f,-0.5832f,0.3713f,0f,0f,0f,1f],start_interpolation: 0,interpolation_duration: 1}
$data merge entity $(bone_leftarm) {transformation: [-0.9444f,-0.0317f,0.3273f,0.75f,-0.2781f,0.6082f,-0.7435f,3.6566f,-0.1755f,-0.7932f,-0.5832f,-0.0454f,0f,0f,0f,1f],start_interpolation: 0,interpolation_duration: 1}
$data merge entity $(bone_rightthumb2) {transformation: [0.2722f,0.9071f,-0.321f,-1.4079f,0.7195f,-0.4134f,-0.5581f,3.8975f,-0.6389f,-0.0791f,-0.7652f,0.8631f,0f,0f,0f,1f],start_interpolation: 0,interpolation_duration: 1}
$data merge entity $(bone_rightthumb) {transformation: [0.2722f,0.9071f,-0.321f,-1.2129f,0.7195f,-0.4134f,-0.5581f,3.7484f,-0.6389f,-0.0791f,-0.7652f,0.7783f,0f,0f,0f,1f],start_interpolation: 0,interpolation_duration: 1}
$data merge entity $(bone_rightpointerfinger) {transformation: [0.4403f,0.0436f,-0.8968f,-1.213f,-0.0578f,-0.9954f,-0.0767f,4.067f,-0.896f,0.0856f,-0.4357f,0.6357f,0f,0f,0f,1f],start_interpolation: 0,interpolation_duration: 1}
$data merge entity $(bone_rightmidfinger) {transformation: [0.1025f,0.4286f,-0.8977f,-1.3533f,0.9431f,-0.3287f,-0.0493f,4.0593f,-0.3162f,-0.8416f,-0.4379f,0.5672f,0f,0f,0f,1f],start_interpolation: 0,interpolation_duration: 1}
$data merge entity $(bone_rightringfinger) {transformation: [0.1008f,0.429f,-0.8977f,-1.4935f,0.9444f,-0.3251f,-0.0493f,4.0516f,-0.3129f,-0.8428f,-0.4379f,0.4988f,0f,0f,0f,1f],start_interpolation: 0,interpolation_duration: 1}
$data merge entity $(bone_hugeasssword) {transformation: [1.7245f,0.0738f,-3.5158f,-1.4523f,-0.2262f,-3.9054f,-0.193f,3.8728f,-3.5093f,0.288f,-1.7152f,0.827f,0f,0f,0f,1f],start_interpolation: 0,interpolation_duration: 1}
$data merge entity $(bone_ice) {transformation: [0.4403f,0.0189f,-0.8977f,-1.4595f,-0.0578f,-0.9971f,-0.0493f,3.8893f,-0.896f,0.0735f,-0.4379f,0.8399f,0f,0f,0f,1f],start_interpolation: 0,interpolation_duration: 1}
$data merge entity $(bone_righthand1) {transformation: [0.4403f,0.0189f,-0.8977f,-1.3728f,-0.0578f,-0.9971f,-0.0493f,3.6241f,-0.896f,0.0735f,-0.4379f,0.6206f,0f,0f,0f,1f],start_interpolation: 0,interpolation_duration: 1}
$data merge entity $(bone_rightforearm) {transformation: [-0.9056f,0.2696f,-0.3275f,-1.1215f,0.0075f,-0.7617f,-0.6479f,3.0981f,-0.4241f,-0.5892f,0.6878f,0.2221f,0f,0f,0f,1f],start_interpolation: 0,interpolation_duration: 1}
$data merge entity $(bone_rightelbow) {transformation: [-0.9056f,0.2672f,0.3295f,-1.0714f,0.0075f,0.7867f,-0.6173f,3.2456f,-0.4241f,-0.5566f,-0.7144f,0.1177f,0f,0f,0f,1f],start_interpolation: 0,interpolation_duration: 1}
$data merge entity $(bone_rightarm) {transformation: [-0.9056f,0.2672f,0.3295f,-0.75f,0.0075f,0.7867f,-0.6173f,3.6566f,-0.4241f,-0.5566f,-0.7144f,-0.0454f,0f,0f,0f,1f],start_interpolation: 0,interpolation_duration: 1}
$data merge entity $(bone_chest1) {transformation: [-1.0833f,0f,0f,-0.0023f,0f,1.0832f,0.0193f,3.4983f,0f,0.0193f,-1.0832f,-0.1583f,0f,0f,0f,1f],start_interpolation: 0,interpolation_duration: 1}
$data merge entity $(bone_chest1lid) {transformation: [-1f,0f,0f,-0.3438f,0f,0.9998f,0.0178f,2.808f,0f,0.0178f,-0.9998f,0.2208f,0f,0f,0f,1f],start_interpolation: 0,interpolation_duration: 1}
$data merge entity $(bone_chest2) {transformation: [-1f,0f,0f,-0.3438f,0f,0.9998f,0.0178f,2.6518f,0f,0.0178f,-0.9998f,0.218f,0f,0f,0f,1f],start_interpolation: 0,interpolation_duration: 1}
$data merge entity $(bone_chest1lid3) {transformation: [-1f,0f,0f,-0.2812f,0f,0.9998f,0.0178f,2.8194f,0f,0.0178f,-0.9998f,-0.4198f,0f,0f,0f,1f],start_interpolation: 0,interpolation_duration: 1}
$data merge entity $(bone_chest3) {transformation: [-1f,0f,0f,-0.2812f,0f,0.9998f,0.0178f,2.6631f,0f,0.0178f,-0.9998f,-0.4225f,0f,0f,0f,1f],start_interpolation: 0,interpolation_duration: 1}
$data merge entity $(bone_hugeasssword2) {transformation: [0f,2.8877f,-2.6461f,-1.2344f,-0.0696f,2.6456f,2.8872f,4.6631f,3.916f,0.047f,0.0513f,-0.4026f,0f,0f,0f,1f],start_interpolation: 0,interpolation_duration: 1}
$data merge entity $(bone_belt) {transformation: [-1f,0f,0f,0.0297f,0f,0.9998f,0.0178f,3.0977f,0f,0.0178f,-0.9998f,-0.0345f,0f,0f,0f,1f],start_interpolation: 0,interpolation_duration: 1}
$data merge entity $(bone_torn_part) {transformation: [-1f,0f,0f,-0.0937f,0f,0.9515f,0.3076f,2.8135f,0f,0.3076f,-0.9515f,-0.0433f,0f,0f,0f,1f],start_interpolation: 0,interpolation_duration: 1}
$data merge entity $(bone_lowerbody) {transformation: [-1f,0f,0f,0.0039f,0f,1f,0.0073f,2.3242f,0f,0.0073f,-1f,0.0938f,0f,0f,0f,1f],start_interpolation: 0,interpolation_duration: 1}
data modify entity @s data merge value {"cameras":{},"locators":{"lefthand":{"posx":0.8267404150230229,"posy":2.8905396285116556,"posz":1.4678652712452036,"roty":48.61543618647855,"rotx":-64.86275760002569},"sword":{"posx":1.9055926002315369,"posy":4.081947121962701,"posz":2.3764478849052795,"roty":296.00603657743204,"rotx":-2.8243272172972858},"righthand":{"posx":-1.4045144598127988,"posy":3.9002498055558,"posz":0.7615690701779388,"roty":296.00603657743204,"rotx":-2.8243272172972858},"chest":{"posx":-0.37500000000000006,"posy":2.742714818698873,"posz":0.37587663489058437,"roty":0,"rotx":1.0184148580066938}}}