# This file was generated by Animated Java via MC-Build. It is not recommended to edit this file directly.
$data merge entity $(bone_nose) {transformation: [-1f,0f,0f,0f,0f,0.9361f,-0.3516f,4.2445f,0f,-0.3516f,-0.9361f,-0.3782f,0f,0f,0f,1f],start_interpolation: 0,interpolation_duration: 1}
$data merge entity $(bone_glowing_eye) {transformation: [-1f,0f,0f,-0.125f,0f,0.9361f,-0.3516f,4.3202f,0f,-0.3516f,-0.9361f,-0.3694f,0f,0f,0f,1f],start_interpolation: 0,interpolation_duration: 1}
$data merge entity $(bone_head) {transformation: [-1f,0f,0f,0f,0f,0.9361f,-0.3516f,4.0631f,0f,-0.3516f,-0.9361f,-0.5101f,0f,0f,0f,1f],start_interpolation: 0,interpolation_duration: 1}
$data merge entity $(bone_leftthumb2) {transformation: [-0.0833f,0.9382f,0.3359f,0.4154f,0.724f,-0.1746f,0.6674f,4.3775f,0.6848f,0.2988f,-0.6647f,-0.1369f,0f,0f,0f,1f],start_interpolation: 0,interpolation_duration: 1}
$data merge entity $(bone_leftthumb) {transformation: [-0.0833f,0.9382f,0.3359f,0.6742f,0.724f,-0.1746f,0.6674f,4.3917f,0.6848f,0.2988f,-0.6647f,-0.1204f,0f,0f,0f,1f],start_interpolation: 0,interpolation_duration: 1}
$data merge entity $(bone_leftpointerfinger) {transformation: [-0.3129f,0.9384f,-0.1469f,0.6249f,-0.7951f,-0.1742f,0.5809f,4.6715f,0.5196f,0.2985f,0.8006f,-0.2739f,0f,0f,0f,1f],start_interpolation: 0,interpolation_duration: 1}
$data merge entity $(bone_leftmidfinger) {transformation: [-0.3129f,0.9384f,-0.1469f,0.602f,-0.7951f,-0.1742f,0.5809f,4.7622f,0.5196f,0.2985f,0.8006f,-0.1488f,0f,0f,0f,1f],start_interpolation: 0,interpolation_duration: 1}
$data merge entity $(bone_leftringfinger) {transformation: [-0.3129f,0.9384f,-0.1469f,0.579f,-0.7951f,-0.1742f,0.5809f,4.853f,0.5196f,0.2985f,0.8006f,-0.0237f,0f,0f,0f,1f],start_interpolation: 0,interpolation_duration: 1}
$data merge entity $(bone_invisibility) {transformation: [0.3394f,0.1771f,0.9238f,0.5224f,-0.6717f,-0.6419f,0.3699f,4.5305f,0.6585f,-0.746f,-0.0989f,-0.2294f,0f,0f,0f,1f],start_interpolation: 0,interpolation_duration: 1}
$data merge entity $(bone_swiftness) {transformation: [-0.1469f,0.3536f,0.9238f,0.3989f,0.5809f,-0.7251f,0.3699f,4.7183f,0.8006f,0.591f,-0.0989f,-0.1542f,0f,0f,0f,1f],start_interpolation: 0,interpolation_duration: 1}
$data merge entity $(bone_suspicious_stew) {transformation: [0.2584f,0.2825f,0.9238f,0.4783f,-0.4116f,-0.8329f,0.3699f,4.6734f,0.874f,-0.4758f,-0.0989f,-0.107f,0f,0f,0f,1f],start_interpolation: 0,interpolation_duration: 1}
$data merge entity $(bone_log) {transformation: [-0.9238f,0.3536f,-0.1469f,0.429f,-0.3699f,-0.7251f,0.5809f,4.5753f,0.0989f,0.591f,0.8006f,0.0136f,0f,0f,0f,1f],start_interpolation: 0,interpolation_duration: 1}
$data merge entity $(bone_planks) {transformation: [-0.9238f,0.3536f,-0.1469f,0.3424f,-0.3699f,-0.7251f,0.5809f,4.5406f,0.0989f,0.591f,0.8006f,0.0229f,0f,0f,0f,1f],start_interpolation: 0,interpolation_duration: 1}
$data merge entity $(bone_lefthand1) {transformation: [-0.9238f,0.3536f,-0.1469f,0.7529f,-0.3699f,-0.7251f,0.5809f,4.4684f,0.0989f,0.591f,0.8006f,0.1116f,0f,0f,0f,1f],start_interpolation: 0,interpolation_duration: 1}
$data merge entity $(bone_leftforearm) {transformation: [-0.9238f,0.3827f,0.0123f,0.964f,-0.3699f,-0.9003f,0.2296f,3.8087f,0.0989f,0.2076f,0.9732f,0.2486f,0f,0f,0f,1f],start_interpolation: 0,interpolation_duration: 1}
$data merge entity $(bone_leftelbow) {transformation: [-0.9238f,0f,0.3829f,0.964f,-0.3699f,-0.2584f,-0.8924f,3.7602f,0.0989f,-0.966f,0.2387f,0.0674f,0f,0f,0f,1f],start_interpolation: 0,interpolation_duration: 1}
$data merge entity $(bone_leftarm) {transformation: [-0.9238f,0f,0.3829f,0.75f,-0.3699f,-0.2584f,-0.8924f,3.578f,0.0989f,-0.966f,0.2387f,-0.4014f,0f,0f,0f,1f],start_interpolation: 0,interpolation_duration: 1}
$data merge entity $(bone_rightthumb2) {transformation: [0.2817f,0.9167f,-0.2834f,-1.4204f,0.6149f,-0.3992f,-0.6801f,3.9771f,-0.7366f,0.0173f,-0.6761f,0.448f,0f,0f,0f,1f],start_interpolation: 0,interpolation_duration: 1}
$data merge entity $(bone_rightthumb) {transformation: [0.2817f,0.9167f,-0.2834f,-1.2198f,0.6149f,-0.3992f,-0.6801f,3.8211f,-0.7366f,0.0173f,-0.6761f,0.3944f,0f,0f,0f,1f],start_interpolation: 0,interpolation_duration: 1}
$data merge entity $(bone_rightpointerfinger) {transformation: [0.4615f,0.0277f,-0.8867f,-1.2163f,-0.2079f,-0.9683f,-0.1384f,4.1107f,-0.8624f,0.2483f,-0.4411f,0.1997f,0f,0f,0f,1f],start_interpolation: 0,interpolation_duration: 1}
$data merge entity $(bone_rightmidfinger) {transformation: [0.0991f,0.451f,-0.887f,-1.3549f,0.8878f,-0.4426f,-0.1259f,4.0911f,-0.4494f,-0.775f,-0.4443f,0.1303f,0f,0f,0f,1f],start_interpolation: 0,interpolation_duration: 1}
$data merge entity $(bone_rightringfinger) {transformation: [0.0988f,0.4511f,-0.887f,-1.4934f,0.8881f,-0.442f,-0.1259f,4.0714f,-0.4488f,-0.7753f,-0.4443f,0.0609f,0f,0f,0f,1f],start_interpolation: 0,interpolation_duration: 1}
$data merge entity $(bone_hugeasssword) {transformation: [1.8076f,0.0635f,-3.474f,-1.4603f,-0.8144f,-3.7992f,-0.4932f,3.9512f,-3.3778f,0.95f,-1.7402f,0.4156f,0f,0f,0f,1f],start_interpolation: 0,interpolation_duration: 1}
$data merge entity $(bone_ice) {transformation: [0.4615f,0.0162f,-0.887f,-1.4678f,-0.2079f,-0.97f,-0.1259f,3.9696f,-0.8624f,0.2425f,-0.4443f,0.4253f,0f,0f,0f,1f],start_interpolation: 0,interpolation_duration: 1}
$data merge entity $(bone_righthand1) {transformation: [0.4615f,0.0162f,-0.887f,-1.376f,-0.2079f,-0.97f,-0.1259f,3.6712f,-0.8624f,0.2425f,-0.4443f,0.2564f,0f,0f,0f,1f],start_interpolation: 0,interpolation_duration: 1}
$data merge entity $(bone_rightforearm) {transformation: [-0.9036f,0.2701f,-0.3324f,-1.1244f,-0.0696f,-0.8583f,-0.5083f,3.08f,-0.4226f,-0.4362f,0.7944f,-0.0363f,0f,0f,0f,1f],start_interpolation: 0,interpolation_duration: 1}
$data merge entity $(bone_rightelbow) {transformation: [-0.9036f,0.2721f,0.3307f,-1.0734f,-0.0696f,0.6685f,-0.7404f,3.2053f,-0.4226f,-0.6921f,-0.5852f,-0.1661f,0f,0f,0f,1f],start_interpolation: 0,interpolation_duration: 1}
$data merge entity $(bone_rightarm) {transformation: [-0.9036f,0.2721f,0.3307f,-0.75f,-0.0696f,0.6685f,-0.7404f,3.578f,-0.4226f,-0.6921f,-0.5852f,-0.4014f,0f,0f,0f,1f],start_interpolation: 0,interpolation_duration: 1}
$data merge entity $(bone_chest1) {transformation: [-1.0833f,0f,0f,-0.0023f,0f,1.0689f,-0.1761f,3.4019f,0f,-0.1761f,-1.0689f,-0.4839f,0f,0f,0f,1f],start_interpolation: 0,interpolation_duration: 1}
$data merge entity $(bone_chest1lid) {transformation: [-1f,0f,0f,-0.3438f,0f,0.9867f,-0.1626f,2.7912f,0f,-0.1626f,-0.9867f,0.0133f,0f,0f,0f,1f],start_interpolation: 0,interpolation_duration: 1}
$data merge entity $(bone_chest2) {transformation: [-1f,0f,0f,-0.3438f,0f,0.9867f,-0.1626f,2.637f,0f,-0.1626f,-0.9867f,0.0387f,0f,0f,0f,1f],start_interpolation: 0,interpolation_duration: 1}
$data merge entity $(bone_chest1lid3) {transformation: [-1f,0f,0f,-0.2812f,0f,0.9867f,-0.1626f,2.687f,0f,-0.1626f,-0.9867f,-0.6188f,0f,0f,0f,1f],start_interpolation: 0,interpolation_duration: 1}
$data merge entity $(bone_chest3) {transformation: [-1f,0f,0f,-0.2812f,0f,0.9867f,-0.1626f,2.5329f,0f,-0.1626f,-0.9867f,-0.5934f,0f,0f,0f,1f],start_interpolation: 0,interpolation_duration: 1}
$data merge entity $(bone_hugeasssword2) {transformation: [0f,2.8877f,-2.6461f,-1.2344f,0.6367f,2.6109f,2.8493f,4.5037f,3.8646f,-0.4302f,-0.4694f,-0.934f,0f,0f,0f,1f],start_interpolation: 0,interpolation_duration: 1}
$data merge entity $(bone_belt) {transformation: [-1f,0f,0f,0.0297f,0f,0.9867f,-0.1626f,3.0302f,0f,-0.1626f,-0.9867f,-0.29f,0f,0f,0f,1f],start_interpolation: 0,interpolation_duration: 1}
$data merge entity $(bone_torn_part) {transformation: [-1f,0f,0f,-0.0937f,0f,0.9792f,0.2031f,2.742f,0f,0.2031f,-0.9792f,-0.2569f,0f,0f,0f,1f],start_interpolation: 0,interpolation_duration: 1}
$data merge entity $(bone_lowerbody) {transformation: [-1f,0f,0f,0.0039f,0f,0.9949f,-0.1007f,2.2704f,0f,-0.1007f,-0.9949f,-0.0678f,0f,0f,0f,1f],start_interpolation: 0,interpolation_duration: 1}
$data merge entity $(bone_leftfoot) {transformation: [-1f,0f,0f,0.2813f,0f,1f,0f,0.1384f,0f,0f,-1f,-0.2619f,0f,0f,0f,1f],start_interpolation: 0,interpolation_duration: 1}
$data merge entity $(bone_leftlowerleg) {transformation: [-1f,0f,0f,0.2813f,0f,0.9993f,0.0376f,1.2413f,0f,0.0376f,-0.9993f,-0.0667f,0f,0f,0f,1f],start_interpolation: 0,interpolation_duration: 1}
$data merge entity $(bone_leftleg) {transformation: [-1f,0f,0f,0.25f,0f,0.9824f,-0.1868f,2.2899f,0f,-0.1868f,-0.9824f,-0.2396f,0f,0f,0f,1f],start_interpolation: 0,interpolation_duration: 1}
$data merge entity $(bone_rightfoot) {transformation: [-1f,0f,0f,-0.2812f,0f,0.8043f,0.5943f,0.4678f,0f,0.5943f,-0.8043f,-0.9168f,0f,0f,0f,1f],start_interpolation: 0,interpolation_duration: 1}
$data merge entity $(bone_rightlowerleg) {transformation: [-1f,0f,0f,-0.2812f,0f,0.7699f,0.6381f,1.2239f,0f,0.6381f,-0.7699f,-0.0906f,0f,0f,0f,1f],start_interpolation: 0,interpolation_duration: 1}
$data merge entity $(bone_rightleg) {transformation: [-1f,0f,0f,-0.25f,0f,0.9837f,-0.1796f,2.2738f,0f,-0.1796f,-0.9837f,-0.2558f,0f,0f,0f,1f],start_interpolation: 0,interpolation_duration: 1}
data modify entity @s data merge value {"cameras":{},"locators":{"lefthand":{"posx":0.4902605507419158,"posy":4.657559116738311,"posz":-0.054313916003705665,"roty":190.39416800747492,"rotx":35.51680457742082},"sword":{"posx":1.8598740654902692,"posy":4.431585950297603,"posz":1.9859087878476815,"roty":296.6067816643491,"rotx":-7.233762532116201},"righthand":{"posx":-1.410882346960319,"posy":3.967263942693704,"posz":0.34755174078252915,"roty":296.6067816643491,"rotx":-7.233762532116201},"chest":{"posx":-0.37500000000000006,"posy":2.7549127982425623,"posz":0.17761038018249167,"roty":0,"rotx":-9.356115140691063}}}