# This file was generated by Animated Java via MC-Build. It is not recommended to edit this file directly.
$data merge entity $(bone_nose) {transformation: [-1f,0f,0f,0f,0f,0.928f,-0.3726f,4.2226f,0f,-0.3726f,-0.928f,-0.4683f,0f,0f,0f,1f],start_interpolation: 0,interpolation_duration: 1}
$data merge entity $(bone_glowing_eye) {transformation: [-1f,0f,0f,-0.125f,0f,0.928f,-0.3726f,4.2984f,0f,-0.3726f,-0.928f,-0.4612f,0f,0f,0f,1f],start_interpolation: 0,interpolation_duration: 1}
$data merge entity $(bone_head) {transformation: [-1f,0f,0f,0f,0f,0.928f,-0.3726f,4.0382f,0f,-0.3726f,-0.928f,-0.5961f,0f,0f,0f,1f],start_interpolation: 0,interpolation_duration: 1}
$data merge entity $(bone_leftthumb2) {transformation: [-0.0626f,0.9437f,0.3247f,0.4109f,0.701f,-0.19f,0.6873f,4.3867f,0.7104f,0.2707f,-0.6497f,-0.1797f,0f,0f,0f,1f],start_interpolation: 0,interpolation_duration: 1}
$data merge entity $(bone_leftthumb) {transformation: [-0.0626f,0.9437f,0.3247f,0.6701f,0.701f,-0.19f,0.6873f,4.3988f,0.7104f,0.2707f,-0.6497f,-0.1688f,0f,0f,0f,1f],start_interpolation: 0,interpolation_duration: 1}
$data merge entity $(bone_leftpointerfinger) {transformation: [-0.3064f,0.9437f,-0.1248f,0.6192f,-0.8109f,-0.1901f,0.5535f,4.6841f,0.4986f,0.2707f,0.8235f,-0.3114f,0f,0f,0f,1f],start_interpolation: 0,interpolation_duration: 1}
$data merge entity $(bone_leftmidfinger) {transformation: [-0.3064f,0.9437f,-0.1248f,0.5997f,-0.8109f,-0.1901f,0.5535f,4.7706f,0.4986f,0.2707f,0.8235f,-0.1827f,0f,0f,0f,1f],start_interpolation: 0,interpolation_duration: 1}
$data merge entity $(bone_leftringfinger) {transformation: [-0.3064f,0.9437f,-0.1248f,0.5803f,-0.8109f,-0.1901f,0.5535f,4.857f,0.4986f,0.2707f,0.8235f,-0.054f,0f,0f,0f,1f],start_interpolation: 0,interpolation_duration: 1}
$data merge entity $(bone_invisibility) {transformation: [0.3497f,0.1558f,0.9238f,0.5168f,-0.6963f,-0.6165f,0.3676f,4.5422f,0.6268f,-0.7718f,-0.1071f,-0.2695f,0f,0f,0f,1f],start_interpolation: 0,interpolation_duration: 1}
$data merge entity $(bone_swiftness) {transformation: [-0.1248f,0.362f,0.9238f,0.3963f,0.5535f,-0.7474f,0.3676f,4.7281f,0.8235f,0.5572f,-0.1071f,-0.185f,0f,0f,0f,1f],start_interpolation: 0,interpolation_duration: 1}
$data merge entity $(bone_suspicious_stew) {transformation: [0.2753f,0.266f,0.9238f,0.4764f,-0.4434f,-0.8175f,0.3676f,4.6811f,0.853f,-0.5108f,-0.1071f,-0.1412f,0f,0f,0f,1f],start_interpolation: 0,interpolation_duration: 1}
$data merge entity $(bone_log) {transformation: [-0.9238f,0.362f,-0.1248f,0.4292f,-0.3676f,-0.7474f,0.5535f,4.5791f,0.1071f,0.5572f,0.8235f,-0.0229f,0f,0f,0f,1f],start_interpolation: 0,interpolation_duration: 1}
$data merge entity $(bone_planks) {transformation: [-0.9238f,0.362f,-0.1248f,0.3426f,-0.3676f,-0.7474f,0.5535f,4.5447f,0.1071f,0.5572f,0.8235f,-0.0129f,0f,0f,0f,1f],start_interpolation: 0,interpolation_duration: 1}
$data merge entity $(bone_lefthand1) {transformation: [-0.9238f,0.362f,-0.1248f,0.7546f,-0.3676f,-0.7474f,0.5535f,4.4669f,0.1071f,0.5572f,0.8235f,0.0639f,0f,0f,0f,1f],start_interpolation: 0,interpolation_duration: 1}
$data merge entity $(bone_leftforearm) {transformation: [-0.9238f,0.3809f,0.0385f,0.964f,-0.3676f,-0.9106f,0.189f,3.8007f,0.1071f,0.1604f,0.9812f,0.168f,0f,0f,0f,1f],start_interpolation: 0,interpolation_duration: 1}
$data merge entity $(bone_leftelbow) {transformation: [-0.9238f,0f,0.3829f,0.964f,-0.3676f,-0.2798f,-0.8869f,3.7482f,0.1071f,-0.9601f,0.2584f,-0.012f,0f,0f,0f,1f],start_interpolation: 0,interpolation_duration: 1}
$data merge entity $(bone_leftarm) {transformation: [-0.9238f,0f,0.3829f,0.75f,-0.3676f,-0.2798f,-0.8869f,3.5557f,0.1071f,-0.9601f,0.2584f,-0.4767f,0f,0f,0f,1f],start_interpolation: 0,interpolation_duration: 1}
$data merge entity $(bone_rightthumb2) {transformation: [0.2832f,0.9141f,-0.2903f,-1.4183f,0.5894f,-0.4047f,-0.6992f,3.9784f,-0.7566f,0.027f,-0.6534f,0.3584f,0f,0f,0f,1f],start_interpolation: 0,interpolation_duration: 1}
$data merge entity $(bone_rightthumb) {transformation: [0.2832f,0.9141f,-0.2903f,-1.2189f,0.5894f,-0.4047f,-0.6992f,3.8194f,-0.7566f,0.027f,-0.6534f,0.3092f,0f,0f,0f,1f],start_interpolation: 0,interpolation_duration: 1}
$data merge entity $(bone_rightpointerfinger) {transformation: [0.4592f,0.0241f,-0.888f,-1.2148f,-0.2349f,-0.9608f,-0.1475f,4.1031f,-0.8567f,0.2763f,-0.4355f,0.1059f,0f,0f,0f,1f],start_interpolation: 0,interpolation_duration: 1}
$data merge entity $(bone_rightmidfinger) {transformation: [0.103f,0.4477f,-0.8882f,-1.3536f,0.8716f,-0.4708f,-0.1363f,4.0818f,-0.4793f,-0.7602f,-0.4387f,0.0374f,0f,0f,0f,1f],start_interpolation: 0,interpolation_duration: 1}
$data merge entity $(bone_rightringfinger) {transformation: [0.1024f,0.4479f,-0.8882f,-1.4924f,0.8722f,-0.4697f,-0.1363f,4.0605f,-0.4783f,-0.7608f,-0.4387f,-0.0312f,0f,0f,0f,1f],start_interpolation: 0,interpolation_duration: 1}
$data merge entity $(bone_hugeasssword) {transformation: [1.7986f,0.0538f,-3.4789f,-1.4589f,-0.92f,-3.7695f,-0.5339f,3.9509f,-3.3554f,1.0623f,-1.7184f,0.3269f,0f,0f,0f,1f],start_interpolation: 0,interpolation_duration: 1}
$data merge entity $(bone_ice) {transformation: [0.4592f,0.0137f,-0.8882f,-1.4663f,-0.2349f,-0.9624f,-0.1363f,3.9696f,-0.8567f,0.2712f,-0.4387f,0.336f,0f,0f,0f,1f],start_interpolation: 0,interpolation_duration: 1}
$data merge entity $(bone_righthand1) {transformation: [0.4592f,0.0137f,-0.8882f,-1.3758f,-0.2349f,-0.9624f,-0.1363f,3.666f,-0.8567f,0.2712f,-0.4387f,0.176f,0f,0f,0f,1f],start_interpolation: 0,interpolation_duration: 1}
$data merge entity $(bone_rightforearm) {transformation: [-0.9032f,0.2689f,-0.3345f,-1.1251f,-0.0791f,-0.8703f,-0.4861f,3.0666f,-0.4218f,-0.4126f,0.8074f,-0.1004f,0f,0f,0f,1f],start_interpolation: 0,interpolation_duration: 1}
$data merge entity $(bone_rightelbow) {transformation: [-0.9032f,0.2732f,0.331f,-1.0738f,-0.0791f,0.652f,-0.7541f,3.1888f,-0.4218f,-0.7073f,-0.5673f,-0.233f,0f,0f,0f,1f],start_interpolation: 0,interpolation_duration: 1}
$data merge entity $(bone_rightarm) {transformation: [-0.9032f,0.2732f,0.331f,-0.75f,-0.0791f,0.652f,-0.7541f,3.5557f,-0.4218f,-0.7073f,-0.5673f,-0.4767f,0f,0f,0f,1f],start_interpolation: 0,interpolation_duration: 1}
$data merge entity $(bone_chest1) {transformation: [-1.0833f,0f,0f,-0.0023f,0f,1.0648f,-0.1998f,3.3778f,0f,-0.1998f,-1.0648f,-0.5553f,0f,0f,0f,1f],start_interpolation: 0,interpolation_duration: 1}
$data merge entity $(bone_chest1lid) {transformation: [-1f,0f,0f,-0.3437f,0f,0.9829f,-0.1844f,2.7783f,0f,-0.1844f,-0.9829f,-0.0446f,0f,0f,0f,1f],start_interpolation: 0,interpolation_duration: 1}
$data merge entity $(bone_chest2) {transformation: [-1f,0f,0f,-0.3437f,0f,0.9829f,-0.1844f,2.6247f,0f,-0.1844f,-0.9829f,-0.0158f,0f,0f,0f,1f],start_interpolation: 0,interpolation_duration: 1}
$data merge entity $(bone_chest1lid3) {transformation: [-1f,0f,0f,-0.2812f,0f,0.9829f,-0.1844f,2.6601f,0f,-0.1844f,-0.9829f,-0.6743f,0f,0f,0f,1f],start_interpolation: 0,interpolation_duration: 1}
$data merge entity $(bone_chest3) {transformation: [-1f,0f,0f,-0.2812f,0f,0.9829f,-0.1844f,2.5066f,0f,-0.1844f,-0.9829f,-0.6455f,0f,0f,0f,1f],start_interpolation: 0,interpolation_duration: 1}
$data merge entity $(bone_hugeasssword2) {transformation: [0f,2.8877f,-2.6461f,-1.2344f,0.7222f,2.6007f,2.8382f,4.4694f,3.8495f,-0.4879f,-0.5325f,-1.0296f,0f,0f,0f,1f],start_interpolation: 0,interpolation_duration: 1}
$data merge entity $(bone_belt) {transformation: [-1f,0f,0f,0.0297f,0f,0.9829f,-0.1844f,3.0105f,0f,-0.1844f,-0.9829f,-0.3532f,0f,0f,0f,1f],start_interpolation: 0,interpolation_duration: 1}
$data merge entity $(bone_torn_part) {transformation: [-1f,0f,0f,-0.0937f,0f,0.9817f,0.1905f,2.7222f,0f,0.1905f,-0.9817f,-0.3149f,0f,0f,0f,1f],start_interpolation: 0,interpolation_duration: 1}
$data merge entity $(bone_lowerbody) {transformation: [-1f,0f,0f,0.0039f,0f,0.9935f,-0.1135f,2.2531f,0f,-0.1135f,-0.9935f,-0.1197f,0f,0f,0f,1f],start_interpolation: 0,interpolation_duration: 1}
$data merge entity $(bone_leftfoot) {transformation: [-1f,0f,0f,0.2813f,0f,1f,0f,0.1359f,0f,0f,-1f,-0.2642f,0f,0f,0f,1f],start_interpolation: 0,interpolation_duration: 1}
$data merge entity $(bone_leftlowerleg) {transformation: [-1f,0f,0f,0.2813f,0f,0.9988f,0.0497f,1.2363f,0f,0.0497f,-0.9988f,-0.0556f,0f,0f,0f,1f],start_interpolation: 0,interpolation_duration: 1}
$data merge entity $(bone_leftleg) {transformation: [-1f,0f,0f,0.25f,0f,0.9693f,-0.2458f,2.2726f,0f,-0.2458f,-0.9693f,-0.2916f,0f,0f,0f,1f],start_interpolation: 0,interpolation_duration: 1}
$data merge entity $(bone_rightfoot) {transformation: [-1f,0f,0f,-0.2812f,0f,0.8013f,0.5983f,0.4831f,0f,0.5983f,-0.8013f,-0.9949f,0f,0f,0f,1f],start_interpolation: 0,interpolation_duration: 1}
$data merge entity $(bone_rightlowerleg) {transformation: [-1f,0f,0f,-0.2812f,0f,0.7407f,0.6719f,1.2015f,0f,0.6719f,-0.7407f,-0.1357f,0f,0f,0f,1f],start_interpolation: 0,interpolation_duration: 1}
$data merge entity $(bone_rightleg) {transformation: [-1f,0f,0f,-0.25f,0f,0.9812f,-0.1929f,2.2491f,0f,-0.1929f,-0.9812f,-0.3151f,0f,0f,0f,1f],start_interpolation: 0,interpolation_duration: 1}
data modify entity @s data merge value {"cameras":{},"locators":{"lefthand":{"posx":0.48949327306762835,"posy":4.663319405356849,"posz":-0.08935827360683407,"roty":188.6147605572308,"rotx":33.60619903291279},"sword":{"posx":1.8657353550022837,"posy":4.46739103145623,"posz":1.8761640333074678,"roty":296.28679158394266,"rotx":-7.834929789412099},"righthand":{"posx":-1.409571547331078,"posy":3.9647127036485967,"posz":0.2583459210711269,"roty":296.28679158394266,"rotx":-7.834929789412099},"chest":{"posx":-0.375,"posy":2.7456380586327835,"posz":0.12045110010309962,"roty":0,"rotx":-10.626068079927025}}}