# This file was generated by Animated Java via MC-Build. It is not recommended to edit this file directly.
$data merge entity $(bone_nose) {transformation: [-1f,0f,0f,0f,0f,0.9199f,-0.3921f,4.2006f,0f,-0.3921f,-0.9199f,-0.5553f,0f,0f,0f,1f],start_interpolation: 0,interpolation_duration: 1}
$data merge entity $(bone_glowing_eye) {transformation: [-1f,0f,0f,-0.125f,0f,0.9199f,-0.3921f,4.2765f,0f,-0.3921f,-0.9199f,-0.5498f,0f,0f,0f,1f],start_interpolation: 0,interpolation_duration: 1}
$data merge entity $(bone_head) {transformation: [-1f,0f,0f,0f,0f,0.9199f,-0.3921f,4.0136f,0f,-0.3921f,-0.9199f,-0.6792f,0f,0f,0f,1f],start_interpolation: 0,interpolation_duration: 1}
$data merge entity $(bone_leftthumb2) {transformation: [-0.0345f,0.9493f,0.3125f,0.4069f,0.6598f,-0.2132f,0.7206f,4.4015f,0.7507f,0.2311f,-0.619f,-0.2042f,0f,0f,0f,1f],start_interpolation: 0,interpolation_duration: 1}
$data merge entity $(bone_leftthumb) {transformation: [-0.0345f,0.9493f,0.3125f,0.6664f,0.6598f,-0.2132f,0.7206f,4.4108f,0.7507f,0.2311f,-0.619f,-0.2004f,0f,0f,0f,1f],start_interpolation: 0,interpolation_duration: 1}
$data merge entity $(bone_leftpointerfinger) {transformation: [-0.3004f,0.9491f,-0.0944f,0.6142f,-0.8346f,-0.2137f,0.5077f,4.704f,0.4617f,0.2313f,0.8564f,-0.3253f,0f,0f,0f,1f],start_interpolation: 0,interpolation_duration: 1}
$data merge entity $(bone_leftmidfinger) {transformation: [-0.3004f,0.9491f,-0.0944f,0.5994f,-0.8346f,-0.2137f,0.5077f,4.7833f,0.4617f,0.2313f,0.8564f,-0.1915f,0f,0f,0f,1f],start_interpolation: 0,interpolation_duration: 1}
$data merge entity $(bone_leftringfinger) {transformation: [-0.3004f,0.9491f,-0.0944f,0.5847f,-0.8346f,-0.2137f,0.5077f,4.8627f,0.4617f,0.2313f,0.8564f,-0.0577f,0f,0f,0f,1f],start_interpolation: 0,interpolation_duration: 1}
$data merge entity $(bone_invisibility) {transformation: [0.3614f,0.1264f,0.9238f,0.5116f,-0.7331f,-0.5737f,0.3653f,4.5609f,0.5762f,-0.8092f,-0.1147f,-0.2882f,0f,0f,0f,1f],start_interpolation: 0,interpolation_duration: 1}
$data merge entity $(bone_swiftness) {transformation: [-0.0944f,0.371f,0.9238f,0.3955f,0.5077f,-0.7803f,0.3653f,4.7427f,0.8564f,0.5035f,-0.1147f,-0.1899f,0f,0f,0f,1f],start_interpolation: 0,interpolation_duration: 1}
$data merge entity $(bone_suspicious_stew) {transformation: [0.2964f,0.2424f,0.9238f,0.4765f,-0.4926f,-0.7899f,0.3653f,4.6927f,0.8182f,-0.5633f,-0.1147f,-0.1513f,0f,0f,0f,1f],start_interpolation: 0,interpolation_duration: 1}
$data merge entity $(bone_log) {transformation: [-0.9238f,0.371f,-0.0944f,0.4318f,-0.3653f,-0.7803f,0.5077f,4.5847f,0.1147f,0.5035f,0.8564f,-0.0374f,0f,0f,0f,1f],start_interpolation: 0,interpolation_duration: 1}
$data merge entity $(bone_planks) {transformation: [-0.9238f,0.371f,-0.0944f,0.3452f,-0.3653f,-0.7803f,0.5077f,4.5504f,0.1147f,0.5035f,0.8564f,-0.0267f,0f,0f,0f,1f],start_interpolation: 0,interpolation_duration: 1}
$data merge entity $(bone_lefthand1) {transformation: [-0.9238f,0.371f,-0.0944f,0.7585f,-0.3653f,-0.7803f,0.5077f,4.465f,0.1147f,0.5035f,0.8564f,0.033f,0f,0f,0f,1f],start_interpolation: 0,interpolation_duration: 1}
$data merge entity $(bone_leftforearm) {transformation: [-0.9238f,0.3761f,0.0718f,0.964f,-0.3653f,-0.9219f,0.129f,3.792f,0.1147f,0.093f,0.989f,0.0901f,0f,0f,0f,1f],start_interpolation: 0,interpolation_duration: 1}
$data merge entity $(bone_leftelbow) {transformation: [-0.9238f,0f,0.3828f,0.964f,-0.3653f,-0.2996f,-0.8814f,3.7358f,0.1147f,-0.9541f,0.2767f,-0.0888f,0f,0f,0f,1f],start_interpolation: 0,interpolation_duration: 1}
$data merge entity $(bone_leftarm) {transformation: [-0.9238f,0f,0.3828f,0.75f,-0.3653f,-0.2996f,-0.8814f,3.5337f,0.1147f,-0.9541f,0.2767f,-0.5494f,0f,0f,0f,1f],start_interpolation: 0,interpolation_duration: 1}
$data merge entity $(bone_rightthumb2) {transformation: [0.2845f,0.9109f,-0.2989f,-1.4156f,0.5625f,-0.4111f,-0.7174f,3.9793f,-0.7763f,0.036f,-0.6293f,0.2708f,0f,0f,0f,1f],start_interpolation: 0,interpolation_duration: 1}
$data merge entity $(bone_rightthumb) {transformation: [0.2845f,0.9109f,-0.2989f,-1.2177f,0.5625f,-0.4111f,-0.7174f,3.8172f,-0.7763f,0.036f,-0.6293f,0.2259f,0f,0f,0f,1f],start_interpolation: 0,interpolation_duration: 1}
$data merge entity $(bone_rightpointerfinger) {transformation: [0.456f,0.0203f,-0.8897f,-1.2133f,-0.2618f,-0.9524f,-0.1559f,4.0947f,-0.8506f,0.3041f,-0.429f,0.0142f,0f,0f,0f,1f],start_interpolation: 0,interpolation_duration: 1}
$data merge entity $(bone_rightmidfinger) {transformation: [0.1072f,0.4434f,-0.8899f,-1.3523f,0.8537f,-0.4998f,-0.1462f,4.0718f,-0.5096f,-0.744f,-0.4321f,-0.0533f,0f,0f,0f,1f],start_interpolation: 0,interpolation_duration: 1}
$data merge entity $(bone_rightringfinger) {transformation: [0.1063f,0.4436f,-0.8899f,-1.4914f,0.8547f,-0.4981f,-0.1462f,4.049f,-0.5082f,-0.745f,-0.4321f,-0.1208f,0f,0f,0f,1f],start_interpolation: 0,interpolation_duration: 1}
$data merge entity $(bone_hugeasssword) {transformation: [1.786f,0.044f,-3.4855f,-1.4573f,-1.0256f,-3.7364f,-0.5727f,3.9499f,-3.3315f,1.1738f,-1.6923f,0.2403f,0f,0f,0f,1f],start_interpolation: 0,interpolation_duration: 1}
$data merge entity $(bone_ice) {transformation: [0.456f,0.0112f,-0.8899f,-1.4646f,-0.2618f,-0.954f,-0.1462f,3.9689f,-0.8506f,0.2997f,-0.4321f,0.2489f,0f,0f,0f,1f],start_interpolation: 0,interpolation_duration: 1}
$data merge entity $(bone_righthand1) {transformation: [0.456f,0.0112f,-0.8899f,-1.3756f,-0.2618f,-0.954f,-0.1462f,3.6604f,-0.8506f,0.2997f,-0.4321f,0.0977f,0f,0f,0f,1f],start_interpolation: 0,interpolation_duration: 1}
$data merge entity $(bone_rightforearm) {transformation: [-0.9028f,0.2677f,-0.3366f,-1.1257f,-0.0883f,-0.8814f,-0.464f,3.0534f,-0.4208f,-0.3892f,0.8194f,-0.1625f,0f,0f,0f,1f],start_interpolation: 0,interpolation_duration: 1}
$data merge entity $(bone_rightelbow) {transformation: [-0.9028f,0.2742f,0.3312f,-1.0743f,-0.0883f,0.6356f,-0.767f,3.1726f,-0.4208f,-0.7217f,-0.5496f,-0.2978f,0f,0f,0f,1f],start_interpolation: 0,interpolation_duration: 1}
$data merge entity $(bone_rightarm) {transformation: [-0.9028f,0.2742f,0.3312f,-0.75f,-0.0883f,0.6356f,-0.767f,3.5337f,-0.4208f,-0.7217f,-0.5496f,-0.5494f,0f,0f,0f,1f],start_interpolation: 0,interpolation_duration: 1}
$data merge entity $(bone_chest1) {transformation: [-1.0833f,0f,0f,-0.0023f,0f,1.0602f,-0.2225f,3.3542f,0f,-0.2225f,-1.0602f,-0.6242f,0f,0f,0f,1f],start_interpolation: 0,interpolation_duration: 1}
$data merge entity $(bone_chest1lid) {transformation: [-1f,0f,0f,-0.3437f,0f,0.9787f,-0.2054f,2.7657f,0f,-0.2054f,-0.9787f,-0.1009f,0f,0f,0f,1f],start_interpolation: 0,interpolation_duration: 1}
$data merge entity $(bone_chest2) {transformation: [-1f,0f,0f,-0.3437f,0f,0.9787f,-0.2054f,2.6128f,0f,-0.2054f,-0.9787f,-0.0688f,0f,0f,0f,1f],start_interpolation: 0,interpolation_duration: 1}
$data merge entity $(bone_chest1lid3) {transformation: [-1f,0f,0f,-0.2812f,0f,0.9787f,-0.2054f,2.6341f,0f,-0.2054f,-0.9787f,-0.7278f,0f,0f,0f,1f],start_interpolation: 0,interpolation_duration: 1}
$data merge entity $(bone_chest3) {transformation: [-1f,0f,0f,-0.2812f,0f,0.9787f,-0.2054f,2.4812f,0f,-0.2054f,-0.9787f,-0.6957f,0f,0f,0f,1f],start_interpolation: 0,interpolation_duration: 1}
$data merge entity $(bone_hugeasssword2) {transformation: [0f,2.8877f,-2.6461f,-1.2344f,0.8045f,2.5896f,2.8261f,4.4353f,3.8332f,-0.5435f,-0.5931f,-1.1218f,0f,0f,0f,1f],start_interpolation: 0,interpolation_duration: 1}
$data merge entity $(bone_belt) {transformation: [-1f,0f,0f,0.0297f,0f,0.9787f,-0.2054f,2.9912f,0f,-0.2054f,-0.9787f,-0.4143f,0f,0f,0f,1f],start_interpolation: 0,interpolation_duration: 1}
$data merge entity $(bone_torn_part) {transformation: [-1f,0f,0f,-0.0937f,0f,0.9839f,0.1785f,2.703f,0f,0.1785f,-0.9839f,-0.371f,0f,0f,0f,1f],start_interpolation: 0,interpolation_duration: 1}
$data merge entity $(bone_lowerbody) {transformation: [-1f,0f,0f,0.0039f,0f,0.9921f,-0.1256f,2.2363f,0f,-0.1256f,-0.9921f,-0.1701f,0f,0f,0f,1f],start_interpolation: 0,interpolation_duration: 1}
$data merge entity $(bone_leftfoot) {transformation: [-1f,0f,0f,0.2813f,0f,1f,0f,0.1373f,0f,0f,-1f,-0.2671f,0f,0f,0f,1f],start_interpolation: 0,interpolation_duration: 1}
$data merge entity $(bone_leftlowerleg) {transformation: [-1f,0f,0f,0.2813f,0f,0.9981f,0.0614f,1.2351f,0f,0.0614f,-0.9981f,-0.0457f,0f,0f,0f,1f],start_interpolation: 0,interpolation_duration: 1}
$data merge entity $(bone_leftleg) {transformation: [-1f,0f,0f,0.25f,0f,0.9532f,-0.3022f,2.2558f,0f,-0.3022f,-0.9532f,-0.342f,0f,0f,0f,1f],start_interpolation: 0,interpolation_duration: 1}
$data merge entity $(bone_rightfoot) {transformation: [-1f,0f,0f,-0.2812f,0f,0.8136f,0.5815f,0.4728f,0f,0.5815f,-0.8136f,-1.1028f,0f,0f,0f,1f],start_interpolation: 0,interpolation_duration: 1}
$data merge entity $(bone_rightlowerleg) {transformation: [-1f,0f,0f,-0.2812f,0f,0.7253f,0.6884f,1.1717f,0f,0.6884f,-0.7253f,-0.2276f,0f,0f,0f,1f],start_interpolation: 0,interpolation_duration: 1}
$data merge entity $(bone_rightleg) {transformation: [-1f,0f,0f,-0.25f,0f,0.9869f,-0.1612f,2.2245f,0f,-0.1612f,-0.9869f,-0.3733f,0f,0f,0f,1f],start_interpolation: 0,interpolation_duration: 1}
data modify entity @s data merge value {"cameras":{},"locators":{"lefthand":{"posx":0.4909283515386828,"posy":4.671940552105967,"posz":-0.10091563632275467,"roty":186.29177409573867,"rotx":30.508926094305853},"sword":{"posx":1.873448507153936,"posy":4.500727804803176,"posz":1.7644917651461434,"roty":295.89773485711254,"rotx":-8.407999104750715},"righthand":{"posx":-1.4080811584640702,"posy":3.9615373504773905,"posz":0.17122689148798945,"roty":295.89773485711254,"rotx":-8.407999104750715},"chest":{"posx":-0.375,"posy":2.736606969695681,"posz":0.06489885455438754,"roty":0,"rotx":-11.853108205083746}}}