# This file was generated by Animated Java via MC-Build. It is not recommended to edit this file directly.
$data merge entity $(bone_nose) {transformation: [-1f,0f,0f,0f,0f,0.9051f,-0.4252f,4.1612f,0f,-0.4252f,-0.9051f,-0.7048f,0f,0f,0f,1f],start_interpolation: 0,interpolation_duration: 1}
$data merge entity $(bone_glowing_eye) {transformation: [-1f,0f,0f,-0.125f,0f,0.9051f,-0.4252f,4.2373f,0f,-0.4252f,-0.9051f,-0.702f,0f,0f,0f,1f],start_interpolation: 0,interpolation_duration: 1}
$data merge entity $(bone_head) {transformation: [-1f,0f,0f,0f,0f,0.9051f,-0.4252f,3.9698f,0f,-0.4252f,-0.9051f,-0.8218f,0f,0f,0f,1f],start_interpolation: 0,interpolation_duration: 1}
$data merge entity $(bone_leftthumb2) {transformation: [0.0335f,0.9548f,0.2954f,0.406f,0.5363f,-0.2665f,0.8008f,4.4325f,0.8433f,0.1316f,-0.521f,-0.2058f,0f,0f,0f,1f],start_interpolation: 0,interpolation_duration: 1}
$data merge entity $(bone_leftthumb) {transformation: [0.0335f,0.9548f,0.2954f,0.6654f,0.5363f,-0.2665f,0.8008f,4.4356f,0.8433f,0.1316f,-0.521f,-0.218f,0f,0f,0f,1f],start_interpolation: 0,interpolation_duration: 1}
$data merge entity $(bone_leftpointerfinger) {transformation: [-0.2969f,0.9547f,-0.0211f,0.6132f,-0.8853f,-0.2669f,0.3807f,4.7449f,0.3578f,0.1318f,0.9245f,-0.2959f,0f,0f,0f,1f],start_interpolation: 0,interpolation_duration: 1}
$data merge entity $(bone_leftmidfinger) {transformation: [-0.2969f,0.9547f,-0.0211f,0.6099f,-0.8853f,-0.2669f,0.3807f,4.8044f,0.3578f,0.1318f,0.9245f,-0.1514f,0f,0f,0f,1f],start_interpolation: 0,interpolation_duration: 1}
$data merge entity $(bone_leftringfinger) {transformation: [-0.2969f,0.9547f,-0.0211f,0.6066f,-0.8853f,-0.2669f,0.3807f,4.8638f,0.3578f,0.1318f,0.9245f,-0.007f,0f,0f,0f,1f],start_interpolation: 0,interpolation_duration: 1}
$data merge entity $(bone_invisibility) {transformation: [0.3789f,0.0544f,0.9238f,0.5093f,-0.8149f,-0.4534f,0.3609f,4.5996f,0.4385f,-0.8896f,-0.1275f,-0.2722f,0f,0f,0f,1f],start_interpolation: 0,interpolation_duration: 1}
$data merge entity $(bone_swiftness) {transformation: [-0.0211f,0.3822f,0.9238f,0.4055f,0.3807f,-0.8514f,0.3609f,4.7675f,0.9245f,0.3593f,-0.1275f,-0.1409f,0f,0f,0f,1f],start_interpolation: 0,interpolation_duration: 1}
$data merge entity $(bone_suspicious_stew) {transformation: [0.3375f,0.1807f,0.9238f,0.4874f,-0.6107f,-0.7048f,0.3609f,4.7109f,0.7164f,-0.686f,-0.1275f,-0.1157f,0f,0f,0f,1f],start_interpolation: 0,interpolation_duration: 1}
$data merge entity $(bone_log) {transformation: [-0.9238f,0.3822f,-0.0211f,0.4476f,-0.3609f,-0.8514f,0.3807f,4.5885f,0.1275f,0.3593f,0.9245f,-0.0155f,0f,0f,0f,1f],start_interpolation: 0,interpolation_duration: 1}
$data merge entity $(bone_planks) {transformation: [-0.9238f,0.3822f,-0.0211f,0.361f,-0.3609f,-0.8514f,0.3807f,4.5546f,0.1275f,0.3593f,0.9245f,-0.0036f,0f,0f,0f,1f],start_interpolation: 0,interpolation_duration: 1}
$data merge entity $(bone_lefthand1) {transformation: [-0.9238f,0.3822f,-0.0211f,0.7748f,-0.3609f,-0.8514f,0.3807f,4.454f,0.1275f,0.3593f,0.9245f,0.0135f,0f,0f,0f,1f],start_interpolation: 0,interpolation_duration: 1}
$data merge entity $(bone_leftforearm) {transformation: [-0.9238f,0.3545f,0.1443f,0.964f,-0.3609f,-0.9324f,-0.0199f,3.7761f,0.1275f,-0.0704f,0.9893f,-0.0435f,0f,0f,0f,1f],start_interpolation: 0,interpolation_duration: 1}
$data merge entity $(bone_leftelbow) {transformation: [-0.9238f,0f,0.3828f,0.9641f,-0.3609f,-0.3331f,-0.8711f,3.7137f,0.1275f,-0.9429f,0.3078f,-0.2203f,0f,0f,0f,1f],start_interpolation: 0,interpolation_duration: 1}
$data merge entity $(bone_leftarm) {transformation: [-0.9238f,0f,0.3828f,0.75f,-0.3609f,-0.3331f,-0.8711f,3.4954f,0.1275f,-0.9429f,0.3078f,-0.6734f,0f,0f,0f,1f],start_interpolation: 0,interpolation_duration: 1}
$data merge entity $(bone_rightthumb2) {transformation: [0.2839f,0.9035f,-0.321f,-1.4094f,0.5095f,-0.4258f,-0.7478f,3.9804f,-0.8123f,0.0488f,-0.5812f,0.1207f,0f,0f,0f,1f],start_interpolation: 0,interpolation_duration: 1}
$data merge entity $(bone_rightthumb) {transformation: [0.2839f,0.9035f,-0.321f,-1.2153f,0.5095f,-0.4258f,-0.7478f,3.8121f,-0.8123f,0.0488f,-0.5812f,0.083f,0f,0f,0f,1f],start_interpolation: 0,interpolation_duration: 1}
$data merge entity $(bone_rightpointerfinger) {transformation: [0.4461f,0.0146f,-0.8948f,-1.2112f,-0.3099f,-0.9355f,-0.1698f,4.0779f,-0.8396f,0.3531f,-0.4128f,-0.1432f,0f,0f,0f,1f],start_interpolation: 0,interpolation_duration: 1}
$data merge entity $(bone_rightmidfinger) {transformation: [0.1141f,0.4314f,-0.8949f,-1.3511f,0.8159f,-0.5546f,-0.1634f,4.0524f,-0.5668f,-0.7115f,-0.4153f,-0.2081f,0f,0f,0f,1f],start_interpolation: 0,interpolation_duration: 1}
$data merge entity $(bone_rightringfinger) {transformation: [0.1124f,0.4318f,-0.8949f,-1.4909f,0.818f,-0.5515f,-0.1634f,4.0268f,-0.5641f,-0.7137f,-0.4153f,-0.273f,0f,0f,0f,1f],start_interpolation: 0,interpolation_duration: 1}
$data merge entity $(bone_hugeasssword) {transformation: [1.7474f,0.0332f,-3.5051f,-1.4539f,-1.2138f,-3.6685f,-0.6398f,3.947f,-3.2884f,1.3717f,-1.6264f,0.0925f,0f,0f,0f,1f],start_interpolation: 0,interpolation_duration: 1}
$data merge entity $(bone_ice) {transformation: [0.4461f,0.0085f,-0.8949f,-1.461f,-0.3099f,-0.9366f,-0.1634f,3.9665f,-0.8396f,0.3502f,-0.4153f,0.1002f,0f,0f,0f,1f],start_interpolation: 0,interpolation_duration: 1}
$data merge entity $(bone_righthand1) {transformation: [0.4461f,0.0085f,-0.8949f,-1.3753f,-0.3099f,-0.9366f,-0.1634f,3.6497f,-0.8396f,0.3502f,-0.4153f,-0.0352f,0f,0f,0f,1f],start_interpolation: 0,interpolation_duration: 1}
$data merge entity $(bone_rightforearm) {transformation: [-0.9024f,0.2663f,-0.3388f,-1.1264f,-0.1049f,-0.8983f,-0.4266f,3.0313f,-0.418f,-0.3494f,0.8385f,-0.2678f,0f,0f,0f,1f],start_interpolation: 0,interpolation_duration: 1}
$data merge entity $(bone_rightelbow) {transformation: [-0.9024f,0.2754f,0.3315f,-1.0747f,-0.1049f,0.6058f,-0.7887f,3.1449f,-0.418f,-0.7465f,-0.5177f,-0.4078f,0f,0f,0f,1f],start_interpolation: 0,interpolation_duration: 1}
$data merge entity $(bone_rightarm) {transformation: [-0.9024f,0.2754f,0.3315f,-0.75f,-0.1049f,0.6058f,-0.7887f,3.4954f,-0.418f,-0.7465f,-0.5177f,-0.6734f,0f,0f,0f,1f],start_interpolation: 0,interpolation_duration: 1}
$data merge entity $(bone_chest1) {transformation: [-1.0833f,0f,0f,-0.0023f,0f,1.0508f,-0.2637f,3.3131f,0f,-0.2637f,-1.0508f,-0.7412f,0f,0f,0f,1f],start_interpolation: 0,interpolation_duration: 1}
$data merge entity $(bone_chest1lid) {transformation: [-1f,0f,0f,-0.3437f,0f,0.9699f,-0.2434f,2.7454f,0f,-0.2434f,-0.9699f,-0.1953f,0f,0f,0f,1f],start_interpolation: 0,interpolation_duration: 1}
$data merge entity $(bone_chest2) {transformation: [-1f,0f,0f,-0.3437f,0f,0.9699f,-0.2434f,2.5939f,0f,-0.2434f,-0.9699f,-0.1572f,0f,0f,0f,1f],start_interpolation: 0,interpolation_duration: 1}
$data merge entity $(bone_chest1lid3) {transformation: [-1f,0f,0f,-0.2812f,0f,0.9699f,-0.2434f,2.5895f,0f,-0.2434f,-0.9699f,-0.8166f,0f,0f,0f,1f],start_interpolation: 0,interpolation_duration: 1}
$data merge entity $(bone_chest3) {transformation: [-1f,0f,0f,-0.2812f,0f,0.9699f,-0.2434f,2.438f,0f,-0.2434f,-0.9699f,-0.7786f,0f,0f,0f,1f],start_interpolation: 0,interpolation_duration: 1}
$data merge entity $(bone_hugeasssword2) {transformation: [0f,2.8877f,-2.6461f,-1.2344f,0.9533f,2.5665f,2.8008f,4.374f,3.7989f,-0.644f,-0.7028f,-1.2805f,0f,0f,0f,1f],start_interpolation: 0,interpolation_duration: 1}
$data merge entity $(bone_belt) {transformation: [-1f,0f,0f,0.0297f,0f,0.9699f,-0.2434f,2.9586f,0f,-0.2434f,-0.9699f,-0.5172f,0f,0f,0f,1f],start_interpolation: 0,interpolation_duration: 1}
$data merge entity $(bone_torn_part) {transformation: [-1f,0f,0f,-0.0937f,0f,0.9876f,0.1571f,2.6706f,0f,0.1571f,-0.9876f,-0.4649f,0f,0f,0f,1f],start_interpolation: 0,interpolation_duration: 1}
$data merge entity $(bone_lowerbody) {transformation: [-1f,0f,0f,0.0039f,0f,0.9891f,-0.1472f,2.2083f,0f,-0.1472f,-0.9891f,-0.254f,0f,0f,0f,1f],start_interpolation: 0,interpolation_duration: 1}
$data merge entity $(bone_leftfoot) {transformation: [-1f,0f,0f,0.2813f,0f,1f,0f,0.1476f,0f,0f,-1f,-0.2744f,0f,0f,0f,1f],start_interpolation: 0,interpolation_duration: 1}
$data merge entity $(bone_leftlowerleg) {transformation: [-1f,0f,0f,0.2813f,0f,0.9967f,0.0808f,1.2409f,0f,0.0808f,-0.9967f,-0.0315f,0f,0f,0f,1f],start_interpolation: 0,interpolation_duration: 1}
$data merge entity $(bone_leftleg) {transformation: [-1f,0f,0f,0.25f,0f,0.9193f,-0.3937f,2.2278f,0f,-0.3937f,-0.9193f,-0.4259f,0f,0f,0f,1f],start_interpolation: 0,interpolation_duration: 1}
$data merge entity $(bone_rightfoot) {transformation: [-1f,0f,0f,-0.2812f,0f,0.8468f,0.5319f,0.4429f,0f,0.5319f,-0.8468f,-1.3623f,0f,0f,0f,1f],start_interpolation: 0,interpolation_duration: 1}
$data merge entity $(bone_rightlowerleg) {transformation: [-1f,0f,0f,-0.2812f,0f,0.7071f,0.7071f,1.1186f,0f,0.7071f,-0.7071f,-0.4692f,0f,0f,0f,1f],start_interpolation: 0,interpolation_duration: 1}
$data merge entity $(bone_rightleg) {transformation: [-1f,0f,0f,-0.25f,0f,0.9996f,-0.0274f,2.1815f,0f,-0.0274f,-0.9996f,-0.4722f,0f,0f,0f,1f],start_interpolation: 0,interpolation_duration: 1}
data modify entity @s data merge value {"cameras":{},"locators":{"lefthand":{"posx":0.5046707522410174,"posy":4.682859344338204,"posz":-0.06999039862202291,"roty":181.30938163976444,"rotx":22.376871207397045},"sword":{"posx":1.8947206272436972,"posy":4.556962928700134,"posz":1.553712866486179,"roty":294.89188440938244,"rotx":-9.401711384987756},"righthand":{"posx":-1.4052923575506708,"posy":3.954589779131866,"posz":0.02246594359367185,"roty":294.89188440938244,"rotx":-9.401711384987756},"chest":{"posx":-0.375,"posy":2.722855533395044,"posz":-0.028499421057422397,"roty":0,"rotx":-14.086875127619622}}}