# This file was generated by Animated Java via MC-Build. It is not recommended to edit this file directly.
$data merge entity $(nose) {transformation: [-1f,0f,0f,0f,0f,0.9997f,0.0247f,4.2734f,0f,0.0247f,-0.9997f,0.209f,0f,0f,0f,1f],start_interpolation: 0,interpolation_duration: 1}
$data merge entity $(glowing_eye) {transformation: [-1f,0f,0f,-0.125f,0f,0.9997f,0.0247f,4.3402f,0f,0.0247f,-0.9997f,0.2455f,0f,0f,0f,1f],start_interpolation: 0,interpolation_duration: 1}
$data merge entity $(head) {transformation: [-1f,0f,0f,0f,0f,0.9997f,0.0247f,4.1546f,0f,0.0247f,-0.9997f,0.0187f,0f,0f,0f,1f],start_interpolation: 0,interpolation_duration: 1}
$data merge entity $(leftthumb2) {transformation: [-0.774f,0.3113f,0.5514f,0.8223f,0.2522f,0.9503f,-0.1825f,1.9405f,-0.5808f,-0.0022f,-0.814f,0.2323f,0f,0f,0f,1f],start_interpolation: 0,interpolation_duration: 1}
$data merge entity $(leftthumb) {transformation: [-0.774f,0.3113f,0.5514f,0.9457f,0.2522f,0.9503f,-0.1825f,2.158f,-0.5808f,-0.0022f,-0.814f,0.1622f,0f,0f,0f,1f],start_interpolation: 0,interpolation_duration: 1}
$data merge entity $(leftpointerfinger) {transformation: [-0.9218f,0.3875f,-0.0035f,1.0353f,0.3876f,0.9218f,-0.0012f,1.8329f,0.0028f,-0.0024f,-1f,0.1154f,0f,0f,0f,1f],start_interpolation: 0,interpolation_duration: 1}
$data merge entity $(leftmidfinger) {transformation: [-0.9218f,0.3875f,-0.0035f,1.0348f,0.3876f,0.9218f,-0.0012f,1.8327f,0.0028f,-0.0024f,-1f,-0.0409f,0f,0f,0f,1f],start_interpolation: 0,interpolation_duration: 1}
$data merge entity $(leftringfinger) {transformation: [-0.9218f,0.3875f,-0.0035f,1.0342f,0.3876f,0.9218f,-0.0012f,1.8325f,0.0028f,-0.0024f,-1f,-0.1971f,0f,0f,0f,1f],start_interpolation: 0,interpolation_duration: 1}
$data merge entity $(invisibility) {transformation: [0.0049f,0.0039f,1f,0.8664f,0.9961f,0.0883f,-0.0053f,1.9396f,-0.0883f,0.9961f,-0.0035f,0.1471f,0f,0f,0f,1f],start_interpolation: 0,interpolation_duration: 1}
$data merge entity $(swiftness) {transformation: [-0.0035f,0.0053f,1f,0.813f,-0.0012f,1f,-0.0053f,1.8043f,-1f,-0.0012f,-0.0035f,-0.0401f,0f,0f,0f,1f],start_interpolation: 0,interpolation_duration: 1}
$data merge entity $(suspicious_stew) {transformation: [0.0033f,0.0054f,1f,0.8655f,0.9058f,0.4237f,-0.0053f,1.8925f,-0.4237f,0.9058f,-0.0035f,-0.0404f,0f,0f,0f,1f],start_interpolation: 0,interpolation_duration: 1}
$data merge entity $(log) {transformation: [-1f,0.0053f,-0.0035f,0.7723f,0.0053f,1f,-0.0012f,2.018f,0.0035f,-0.0012f,-1f,-0.0871f,0f,0f,0f,1f],start_interpolation: 0,interpolation_duration: 1}
$data merge entity $(planks) {transformation: [-1f,0.0053f,-0.0035f,0.6785f,0.0053f,1f,-0.0012f,2.0185f,0.0035f,-0.0012f,-1f,-0.0867f,0f,0f,0f,1f],start_interpolation: 0,interpolation_duration: 1}
$data merge entity $(lefthand1) {transformation: [-1f,0.0053f,-0.0035f,1.0237f,0.0053f,1f,-0.0012f,2.2667f,0.0035f,-0.0012f,-1f,-0.057f,0f,0f,0f,1f],start_interpolation: 0,interpolation_duration: 1}
$data merge entity $(leftforearm) {transformation: [-1f,0.0053f,-0.0035f,0.9649f,0.0053f,1f,-0.0012f,2.9701f,0.0035f,-0.0012f,-1f,-0.042f,0f,0f,0f,1f],start_interpolation: 0,interpolation_duration: 1}
$data merge entity $(leftelbow) {transformation: [-1f,0.0054f,-0.0033f,0.966f,0.0053f,0.9995f,0.0309f,3.1576f,0.0035f,0.0308f,-0.9995f,-0.0362f,0f,0f,0f,1f],start_interpolation: 0,interpolation_duration: 1}
$data merge entity $(leftarm) {transformation: [-1f,0.0054f,-0.0033f,0.75f,0.0053f,0.9995f,0.0309f,3.6575f,0.0035f,0.0308f,-0.9995f,0.0112f,0f,0f,0f,1f],start_interpolation: 0,interpolation_duration: 1}
$data merge entity $(rightthumb2) {transformation: [-0.1143f,0.8465f,-0.52f,-1.2066f,0.9915f,0.1303f,-0.006f,2.89f,0.0627f,-0.5162f,-0.8541f,1.1592f,0f,0f,0f,1f],start_interpolation: 0,interpolation_duration: 1}
$data merge entity $(rightthumb) {transformation: [-0.1143f,0.8465f,-0.52f,-1.0434f,0.9915f,0.1303f,-0.006f,2.9215f,0.0627f,-0.5162f,-0.8541f,0.9596f,0f,0f,0f,1f],start_interpolation: 0,interpolation_duration: 1}
$data merge entity $(rightpointerfinger) {transformation: [0.0824f,-0.0802f,-0.9934f,-1.1598f,0.7632f,-0.6359f,0.1146f,3.2101f,-0.6409f,-0.7676f,0.0088f,1.1177f,0f,0f,0f,1f],start_interpolation: 0,interpolation_duration: 1}
$data merge entity $(rightmidfinger) {transformation: [-0.194f,0.1695f,-0.9662f,-1.3108f,0.8824f,0.4606f,-0.0963f,3.195f,0.4287f,-0.8713f,-0.2389f,1.0804f,0f,0f,0f,1f],start_interpolation: 0,interpolation_duration: 1}
$data merge entity $(rightringfinger) {transformation: [-0.197f,0.166f,-0.9662f,-1.4618f,0.874f,0.4763f,-0.0963f,3.18f,0.4442f,-0.8635f,-0.2389f,1.043f,0f,0f,0f,1f],start_interpolation: 0,interpolation_duration: 1}
$data merge entity $(hugeasssword) {transformation: [0.3227f,0.956f,-3.7845f,-1.268f,2.9893f,-2.5024f,-0.3772f,2.864f,-2.51f,-2.8573f,-0.9358f,1.1061f,0f,0f,0f,1f],start_interpolation: 0,interpolation_duration: 1}
$data merge entity $(whey) {transformation: [0f,0f,0f,-1.1692f,0f,0f,0f,2.8063f,0f,0f,0f,1.3183f,0f,0f,0f,1f],start_interpolation: 0,interpolation_duration: 1}
$data merge entity $(ice) {transformation: [0.0824f,0.2441f,-0.9662f,-1.2731f,0.7632f,-0.6389f,-0.0963f,2.8621f,-0.6409f,-0.7295f,-0.2389f,1.1276f,0f,0f,0f,1f],start_interpolation: 0,interpolation_duration: 1}
$data merge entity $(righthand1) {transformation: [0.0824f,0.2441f,-0.9662f,-1.2217f,0.7632f,-0.6389f,-0.0963f,2.8901f,-0.6409f,-0.7295f,-0.2389f,0.7775f,0f,0f,0f,1f],start_interpolation: 0,interpolation_duration: 1}
$data merge entity $(rightforearm) {transformation: [-0.9759f,0.2181f,0.0113f,-1.0075f,0.0158f,0.122f,-0.9924f,2.9904f,-0.2179f,-0.9683f,-0.1225f,0.1122f,0f,0f,0f,1f],start_interpolation: 0,interpolation_duration: 1}
$data merge entity $(rightelbow) {transformation: [-0.9759f,0.0734f,0.2057f,-0.9937f,0.0158f,0.9631f,-0.2687f,3.171f,-0.2179f,-0.259f,-0.941f,0.0637f,0f,0f,0f,1f],start_interpolation: 0,interpolation_duration: 1}
$data merge entity $(rightarm) {transformation: [-0.9759f,0.0734f,0.2057f,-0.75f,0.0158f,0.9631f,-0.2687f,3.6575f,-0.2179f,-0.259f,-0.941f,0.0112f,0f,0f,0f,1f],start_interpolation: 0,interpolation_duration: 1}
$data merge entity $(chest1) {transformation: [-1.0833f,0f,0f,-0.0023f,0f,1.0805f,0.0781f,3.5056f,0f,0.0781f,-1.0805f,-0.1101f,0f,0f,0f,1f],start_interpolation: 0,interpolation_duration: 1}
$data merge entity $(chest1lid) {transformation: [-1f,0f,0f,-0.3438f,0f,0.9974f,0.0721f,2.7957f,0f,0.0721f,-0.9974f,0.2309f,0f,0f,0f,1f],start_interpolation: 0,interpolation_duration: 1}
$data merge entity $(chest2) {transformation: [-1f,0f,0f,-0.3438f,0f,0.9974f,0.0721f,2.6398f,0f,0.0721f,-0.9974f,0.2196f,0f,0f,0f,1f],start_interpolation: 0,interpolation_duration: 1}
$data merge entity $(chest1lid3) {transformation: [-1f,0f,0f,-0.2812f,0f,0.9974f,0.0721f,2.8419f,0f,0.0721f,-0.9974f,-0.4081f,0f,0f,0f,1f],start_interpolation: 0,interpolation_duration: 1}
$data merge entity $(chest3) {transformation: [-1f,0f,0f,-0.2812f,0f,0.9974f,0.0721f,2.686f,0f,0.0721f,-0.9974f,-0.4193f,0f,0f,0f,1f],start_interpolation: 0,interpolation_duration: 1}
$data merge entity $(hugeasssword2) {transformation: [0f,2.8877f,-2.6461f,-1.2344f,-0.2825f,2.6392f,2.8801f,4.6819f,3.9065f,0.1909f,0.2083f,-0.2907f,0f,0f,0f,1f],start_interpolation: 0,interpolation_duration: 1}
$data merge entity $(belt) {transformation: [-1f,0f,0f,0.0297f,0f,0.9974f,0.0721f,3.0988f,0f,0.0721f,-0.9974f,-0.0083f,0f,0f,0f,1f],start_interpolation: 0,interpolation_duration: 1}
$data merge entity $(torn_part) {transformation: [-1f,0f,0f,-0.0937f,0f,0.9421f,0.3354f,2.8173f,0f,0.3354f,-0.9421f,-0.0289f,0f,0f,0f,1f],start_interpolation: 0,interpolation_duration: 1}
$data merge entity $(lowerbody) {transformation: [-1f,0f,0f,0.0039f,0f,0.9993f,0.0366f,2.3242f,0f,0.0366f,-0.9993f,0.0938f,0f,0f,0f,1f],start_interpolation: 0,interpolation_duration: 1}
data modify entity @s data merge value {"cameras":{},"locators":{"soup":{"px":0.835189480968977,"py":1.9655163100980062,"pz":0.11543614865665758,"ry":89.80118589099236,"rx":-0.30218813211651385},"lefthand":{"px":0.8656529827582407,"py":1.9393715061794905,"pz":-0.07166219929179884,"ry":359.80083388927983,"rx":-0.06673993528562389},"sword":{"px":2.308949130628028,"py":3.300291318003239,"pz":1.9636991841516065,"ry":283.889784600197,"rx":-5.5272430354101365},"righthand":{"px":-1.254082125182311,"py":2.9451148826527964,"pz":1.0826122305026744,"ry":283.889784600197,"rx":-5.5272430354101365},"chest":{"px":-0.37500000000000006,"py":2.7220560122371724,"pz":0.38222959386672367,"ry":0,"rx":4.136162401468524}}}