# This file was generated by Animated Java via MC-Build. It is not recommended to edit this file directly.
$data merge entity $(bone_nose) { transformation: [-1f,-4.894408928696094e-17f,1.1225895933282374e-16f,-4.5690071550058476e-17f,0f,0.9166639672024848f,0.39965881853476215f,4.070589462223508f,-1.2246467991473532e-16f,0.39965881853476215f,-0.9166639672024848f,0.3737113280344093f,0f,0f,0f,1f], start_interpolation: 0, interpolation_duration: 1 }
$data merge entity $(bone_glowing_eye) { transformation: [-1f,-4.894408928696094e-17f,1.1225895933282374e-16f,-0.12500000000000006f,0f,0.9166639672024848f,0.39965881853476215f,4.118708716438318f,-1.2246467991473532e-16f,0.39965881853476215f,-0.9166639672024848f,0.4327590393276236f,0f,0f,0f,1f], start_interpolation: 0, interpolation_duration: 1 }
$data merge entity $(bone_head) { transformation: [-1f,-4.894408928696094e-17f,1.1225895933282374e-16f,-1.862555692531567e-17f,0f,0.9166639672024848f,0.39965881853476215f,4.03224077219297f,-1.2246467991473532e-16f,0.39965881853476215f,-0.9166639672024848f,0.15271279487704364f,0f,0f,0f,1f], start_interpolation: 0, interpolation_duration: 1 }
$data merge entity $(bone_leftthumb2) { transformation: [-0.5122263938569838f,0.7497119577077453f,0.41899415497867043f,-0.22740453124252685f,0.2771008855680487f,0.6060291380928863f,-0.7456163779047482f,2.4750340933160198f,-0.8129201809856079f,-0.26582073706242937f,-0.518169967379347f,0.7064175989523336f,0f,0f,0f,1f], start_interpolation: 0, interpolation_duration: 1 }
$data merge entity $(bone_leftthumb) { transformation: [-0.5122263938569838f,0.7497119577077453f,0.41899415497867043f,-0.00773710345529538f,0.2771008855680487f,0.6060291380928863f,-0.7456163779047482f,2.5599396825999694f,-0.8129201809856079f,-0.26582073706242937f,-0.518169967379347f,0.5969455468559802f,0f,0f,0f,1f], start_interpolation: 0, interpolation_duration: 1 }
$data merge entity $(bone_leftpointerfinger) { transformation: [-0.5122263938569838f,0.7497119577077453f,0.41899415497867043f,-0.17807122673541648f,0.2771008855680487f,0.6060291380928863f,-0.7456163779047482f,2.295827694589951f,-0.8129201809856079f,-0.26582073706242937f,-0.518169967379347f,0.7487919037789839f,0f,0f,0f,1f], start_interpolation: 0, interpolation_duration: 1 }
$data merge entity $(bone_leftmidfinger) { transformation: [-0.5122263938569838f,0.7497119577077453f,0.41899415497867043f,-0.11260339001999924f,0.2771008855680487f,0.6060291380928863f,-0.7456163779047482f,2.1793251355423338f,-0.8129201809856079f,-0.26582073706242937f,-0.518169967379347f,0.6678278463759609f,0f,0f,0f,1f], start_interpolation: 0, interpolation_duration: 1 }
$data merge entity $(bone_leftringfinger) { transformation: [-0.5122263938569838f,0.7497119577077453f,0.41899415497867043f,-0.04713555330458198f,0.2771008855680487f,0.6060291380928863f,-0.7456163779047482f,2.062822576494717f,-0.8129201809856079f,-0.26582073706242937f,-0.518169967379347f,0.586863788972938f,0f,0f,0f,1f], start_interpolation: 0, interpolation_duration: 1 }
$data merge entity $(bone_invisibility) { transformation: [0.7833768241485319f,-0.352058053200363f,0.5122263938569838f,-0.20520749755239975f,0.5387382650361368f,0.79559800213629f,-0.27710088556804874f,2.4373690594223927f,-0.309970697280909f,0.49303037043727216f,0.8129201809856076f,0.5834880382085837f,0f,0f,0f,1f], start_interpolation: 0, interpolation_duration: 1 }
$data merge entity $(bone_swiftness) { transformation: [0.4189941549786703f,0.7497119577077453f,0.5122263938569839f,-0.2548480952563666f,-0.7456163779047481f,0.6060291380928863f,-0.27710088556804885f,2.229931696586422f,-0.5181699673793472f,-0.26582073706242937f,0.8129201809856078f,0.47998835944685103f,0f,0f,0f,1f], start_interpolation: 0, interpolation_duration: 1 }
$data merge entity $(bone_suspicious_stew) { transformation: [0.000008565443667616202f,-6.289570100734589e-7f,0.00000512226393856984f,-0.16178884151144962f,0.000002341378294691909f,0.000009318769103421647f,-0.0000027710088556804866f,2.2691583727171487f,-0.0000045990349485559624f,0.0000035728077861247383f,0.000008129201809856081f,0.4987915163747576f,0f,0f,0f,1f], start_interpolation: 0, interpolation_duration: 1 }
$data merge entity $(bone_log) { transformation: [-0.000005122263938569838f,0.000007497119577077454f,0.000004189941549786705f,-0.24573130940331422f,0.000002771008855680487f,0.000006060291380928863f,-0.000007456163779047483f,2.3567564621540904f,-0.00000812920180985608f,-0.000002658207370624294f,-0.00000518169967379347f,0.6968665359683502f,0f,0f,0f,1f], start_interpolation: 0, interpolation_duration: 1 }
$data merge entity $(bone_planks) { transformation: [-5.122263938569839e-11f,7.497119577077455e-11f,4.189941549786705e-11f,-0.24573178961555847f,2.7710088556804874e-11f,6.060291380928863e-11f,-7.456163779047483e-11f,2.3567567219361703f,-8.12920180985608e-11f,-2.658207370624294e-11f,-5.18169967379347e-11f,0.6968657738556806f,0f,0f,0f,1f], start_interpolation: 0, interpolation_duration: 1 }
$data merge entity $(bone_lefthand1) { transformation: [-0.5122263938569838f,0.7497119577077453f,0.41899415497867043f,0.20593530034065027f,0.2771008855680487f,0.6060291380928863f,-0.7456163779047482f,2.4414720302272115f,-0.8129201809856079f,-0.26582073706242937f,-0.518169967379347f,0.5180311125150455f,0f,0f,0f,1f], start_interpolation: 0, interpolation_duration: 1 }
$data merge entity $(bone_leftforearm) { transformation: [-0.5122263938569838f,0.7497119577077453f,0.41899415497867043f,0.6945155873163056f,0.2771008855680487f,0.6060291380928863f,-0.7456163779047482f,2.896555329201537f,-0.8129201809856079f,-0.26582073706242937f,-0.518169967379347f,0.28841480119672663f,0f,0f,0f,1f], start_interpolation: 0, interpolation_duration: 1 }
$data merge entity $(bone_leftelbow) { transformation: [-0.5122263938569838f,0.7497119577077453f,0.41899415497867043f,0.8350865793865079f,0.2771008855680487f,0.6060291380928863f,-0.7456163779047482f,3.010185792593953f,-0.8129201809856079f,-0.26582073706242937f,-0.518169967379347f,0.2385734129975211f,0f,0f,0f,1f], start_interpolation: 0, interpolation_duration: 1 }
$data merge entity $(bone_leftarm) { transformation: [-0.9665903493082406f,0.2545779726054916f,0.02988565689843531f,0.75f,0.23681036614340656f,0.9315296029396868f,-0.2759953791896799f,3.536377717257344f,-0.09810171818678373f,-0.25969723662585825f,-0.9606942272011912f,0.11728673843127028f,0f,0f,0f,1f], start_interpolation: 0, interpolation_duration: 1 }
$data merge entity $(bone_rightthumb2) { transformation: [-0.9998238353903014f,0.014980755475282105f,0.011308189546393172f,-0.9770056749348305f,0.013650161112943914f,0.9938652708581527f,-0.10975197712862253f,1.8460952000877822f,-0.012882984398734029f,-0.10957828410520401f,-0.99389467669645f,0.41535995765471556f,0f,0f,0f,1f], start_interpolation: 0, interpolation_duration: 1 }
$data merge entity $(bone_rightthumb) { transformation: [-0.9998238353903014f,0.014980755475282105f,0.011308189546393172f,-0.9723653874020227f,0.013650161112943914f,0.9938652708581527f,-0.10975197712862253f,2.0804540741907434f,-0.012882984398734029f,-0.10957828410520401f,-0.99389467669645f,0.30355095098125817f,0f,0f,0f,1f], start_interpolation: 0, interpolation_duration: 1 }
$data merge entity $(bone_rightpointerfinger) { transformation: [-0.9998238353903014f,0.014980755475282105f,0.011308189546393172f,-1.0861066084031767f,0.013650161112943914f,0.9938652708581527f,-0.10975197712862253f,1.750690394634236f,-0.012882984398734029f,-0.10957828410520401f,-0.99389467669645f,0.29150843606452065f,0f,0f,0f,1f], start_interpolation: 0, interpolation_duration: 1 }
$data merge entity $(bone_rightmidfinger) { transformation: [-0.9998238353903014f,0.014980755475282105f,0.011308189546393172f,-1.0843397037865528f,0.013650161112943914f,0.9938652708581527f,-0.10975197712862253f,1.733541648207889f,-0.012882984398734029f,-0.10957828410520401f,-0.99389467669645f,0.13621239283070033f,0f,0f,0f,1f], start_interpolation: 0, interpolation_duration: 1 }
$data merge entity $(bone_rightringfinger) { transformation: [-0.9998238353903014f,0.014980755475282105f,0.011308189546393172f,-1.0825727991699288f,0.013650161112943914f,0.9938652708581527f,-0.10975197712862253f,1.7163929017815416f,-0.012882984398734029f,-0.10957828410520401f,-0.99389467669645f,-0.01908365040311999f,0f,0f,0f,1f], start_interpolation: 0, interpolation_duration: 1 }
$data merge entity $(bone_hugeasssword) { transformation: [-3.915976688612014f,0.058674625611521584f,0.044290409056706594f,-0.8158952220167497f,0.053463131025697f,3.8926389775277648f,-0.42986191042043825f,1.9335095819479602f,-0.05045835556170828f,-0.4291816127453824f,-3.8927541503944294f,0.1329059509261265f,0f,0f,0f,1f], start_interpolation: 0, interpolation_duration: 1 }
$data merge entity $(bone_ice) { transformation: [-0.9998238353903014f,0.014980755475282105f,0.011308189546393172f,-0.8005070488930774f,0.013650161112943914f,0.9938652708581527f,-0.10975197712862253f,1.9177671533234117f,-0.012882984398734029f,-0.10957828410520401f,-0.99389467669645f,0.13481940824650054f,0f,0f,0f,1f], start_interpolation: 0, interpolation_duration: 1 }
$data merge entity $(bone_righthand1) { transformation: [-0.9998238353903014f,0.014980755475282105f,0.011308189546393172f,-1.0463644379485075f,0.013650161112943914f,0.9938652708581527f,-0.10975197712862253f,2.1662162620309164f,-0.012882984398734029f,-0.10957828410520401f,-0.99389467669645f,0.07314488247375198f,0f,0f,0f,1f], start_interpolation: 0, interpolation_duration: 1 }
$data merge entity $(bone_rightforearm) { transformation: [-0.9998238353903014f,0.014980755475282105f,0.011308189546393172f,-0.9735187950047184f,0.013650161112943914f,0.9938652708581527f,-0.10975197712862253f,2.8658895201761307f,-0.012882984398734029f,-0.10957828410520401f,-0.99389467669645f,0.012432442310583318f,0f,0f,0f,1f], start_interpolation: 0, interpolation_duration: 1 }
$data merge entity $(bone_rightelbow) { transformation: [-0.9998238353903014f,0.014980755475282105f,0.011308189546393172f,-0.970709903353103f,0.013650161112943914f,0.9938652708581527f,-0.10975197712862253f,3.052239258462034f,-0.012882984398734029f,-0.10957828410520401f,-0.99389467669645f,-0.008113485959142436f,0f,0f,0f,1f], start_interpolation: 0, interpolation_duration: 1 }
$data merge entity $(bone_rightarm) { transformation: [-0.9999895153208268f,0.004057110325003236f,0.002123465146542082f,-0.75f,0.004385116582248108f,0.9819979482561729f,0.1888406745731091f,3.536377717257344f,-0.0013190909665066809f,0.18884800628144727f,-0.9820054432244989f,0.1172867384312701f,0f,0f,0f,1f], start_interpolation: 0, interpolation_duration: 1 }
$data merge entity $(bone_chest1) { transformation: [-1.0833333333333333f,-1.6998948385243244e-17f,1.3157652983374827e-16f,-0.002323124999999999f,0f,1.074403900988897f,0.13880694741601066f,3.391501511518987f,-1.3267006990762992e-16f,0.13880694741601066f,-1.074403900988897f,-0.012414621234457614f,0f,0f,0f,1f], start_interpolation: 0, interpolation_duration: 1 }
$data merge entity $(bone_chest1lid) { transformation: [-1f,-1.5691336970993764e-17f,1.2145525830807533e-16f,-0.34375000000000006f,0f,0.9917574470666743f,0.1281294899224714f,2.6635459522541423f,-1.2246467991473532e-16f,0.1281294899224714f,-0.9917574470666743f,0.2881092632966871f,0f,0f,0f,1f], start_interpolation: 0, interpolation_duration: 1 }
$data merge entity $(bone_chest2) { transformation: [-1f,-1.5691336970993764e-17f,1.2145525830807533e-16f,-0.34375000000000006f,0f,0.9917574470666743f,0.1281294899224714f,2.5085838511499743f,-1.2246467991473532e-16f,0.1281294899224714f,-0.9917574470666743f,0.26808903049630095f,0f,0f,0f,1f], start_interpolation: 0, interpolation_duration: 1 }
$data merge entity $(bone_chest1lid3) { transformation: [-1f,-1.5691336970993764e-17f,1.2145525830807533e-16f,-0.28124999999999994f,0f,0.9917574470666743f,0.1281294899224714f,2.7456289067357256f,-1.2246467991473532e-16f,0.1281294899224714f,-0.9917574470666743f,-0.34723535123040117f,0f,0f,0f,1f], start_interpolation: 0, interpolation_duration: 1 }
$data merge entity $(bone_chest3) { transformation: [-1f,-1.5691336970993764e-17f,1.2145525830807533e-16f,-0.28124999999999994f,0f,0.9917574470666743f,0.1281294899224714f,2.5906668056315576f,-1.2246467991473532e-16f,0.1281294899224714f,-0.9917574470666743f,-0.36725558403078734f,0f,0f,0f,1f], start_interpolation: 0, interpolation_duration: 1 }
$data merge entity $(bone_hugeasssword2) { transformation: [-1.3453744643296678e-15f,2.887669569172986f,-2.646061646494669f,-1.234375f,-0.5018405021963461f,2.624251343308594f,2.863867799895124f,4.576183723044945f,3.884383334344475f,0.3390385290687774f,0.36999562896277616f,-0.12649281429626147f,0f,0f,0f,1f], start_interpolation: 0, interpolation_duration: 1 }
$data merge entity $(bone_belt) { transformation: [-1f,-1.5691336970993764e-17f,1.2145525830807533e-16f,0.02970562499999999f,0f,0.9917574470666743f,0.1281294899224714f,2.979682297074342f,-1.2246467991473532e-16f,0.1281294899224714f,-0.9917574470666743f,0.0663710882593697f,0f,0f,0f,1f], start_interpolation: 0, interpolation_duration: 1 }
$data merge entity $(bone_torn_part) { transformation: [-1f,-5.1487394602666885e-17f,1.1111546257676223e-16f,-0.09375000000000001f,0f,0.9073266075910633f,0.42042648246428616f,2.6975803480147986f,-1.2246467991473532e-16f,0.42042648246428616f,-0.9073266075910633f,0.024673691419601726f,0f,0f,0f,1f], start_interpolation: 0, interpolation_duration: 1 }
$data merge entity $(bone_lowerbody) { transformation: [-1f,-1.5691336970993764e-17f,1.2145525830807533e-16f,0.0039062499999999874f,0f,0.9917574470666743f,0.1281294899224714f,2.1953055725439268f,-1.2246467991473532e-16f,0.1281294899224714f,-0.9917574470666743f,0.1015763549121461f,0f,0f,0f,1f], start_interpolation: 0, interpolation_duration: 1 }
$data merge entity $(bone_leftfoot) { transformation: [-0.9961946980917455f,0.0035787015958091382f,-0.087082239226975f,0.2756716618997551f,-1.734723475976807e-18f,0.9991566416811355f,0.04106099590213516f,0.16200883572979152f,0.08715574274765805f,0.040904746416073945f,-0.995354549005901f,-0.1354237458020301f,0f,0f,0f,1f], start_interpolation: 0, interpolation_duration: 1 }
$data merge entity $(bone_leftlowerleg) { transformation: [-0.9961946980917455f,0.01979264235418504f,-0.08487858859886438f,0.3106703483058195f,-1.734723475976807e-18f,0.9738725862805541f,0.22709510274601935f,1.2075065671389298f,0.08715574274765805f,0.22623093731818467f,-0.9701667070695839f,0.26461307034722914f,0f,0f,0f,1f], start_interpolation: 0, interpolation_duration: 1 }
$data merge entity $(bone_leftleg) { transformation: [-0.9961946980917455f,-0.02980901962620912f,-0.08189960831908923f,0.25f,-1.734723475976807e-18f,0.9396926207859084f,-0.3420201433256687f,2.2148368225439268f,0.08715574274765805f,-0.34071865342161006f,-0.9361168066628591f,-0.07029864508785387f,0f,0f,0f,1f], start_interpolation: 0, interpolation_duration: 1 }
$data merge entity $(bone_rightfoot) { transformation: [-0.9990484299668674f,0.042128461001387923f,0.011288372530702997f,-0.3659512046722654f,0.041596031359955245f,0.9981718130375539f,-0.04384976433716076f,0.14987762275004313f,-0.013115058362013253f,-0.04333848671766749f,-0.9989743594373098f,-0.16966828684526447f,0f,0f,0f,1f], start_interpolation: 0, interpolation_duration: 1 }
$data merge entity $(bone_rightlowerleg) { transformation: [-0.9990484299668674f,0.037651607764535064f,0.02201342802661585f,-0.32756371921602623f,0.041596031359955245f,0.9743143989220131f,0.22131701748473426f,1.1967532675795733f,-0.013115058362013253f,0.22202209008560875f,-0.9749534279944754f,0.22643479813356138f,0f,0f,0f,1f], start_interpolation: 0, interpolation_duration: 1 }
$data merge entity $(bone_rightleg) { transformation: [-0.9990484299668674f,0.04361445177217452f,-0.00011906867789793952f,-0.25f,0.041596031359955245f,0.9519857342026703f,-0.3033033663672468f,2.2148368225439268f,-0.013115058362013253f,-0.30301970475732326f,-0.9528940412096959f,-0.07029864508785393f,0f,0f,0f,1f], start_interpolation: 0, interpolation_duration: 1 }
data modify entity @s data merge value {"locators":{"lefthand":{"posx":-0.11355252615081562,"posy":2.274265476755729,"posz":0.47013835784435165,"roty":38.959132164619575,"rotx":-48.212068470152325},"righthand":{"posx":-0.8946512982268819,"posy":1.9052325857132262,"posz":0.1508533934716451,"roty":0.6518634164205537,"rotx":-6.301018340188772},"chest":{"posx":-0.37500000000000006,"posy":2.581540879012089,"posz":0.4350632712807005,"roty":0,"rotx":7.361516034985424},"sack":{"posx":0,"posy":-0.4375,"posz":0,"roty":0,"rotx":0}},"cameras":{}}