# This file was generated by Animated Java via MC-Build. It is not recommended to edit this file directly.
$data merge entity $(bone_nose) { transformation: [-1f,-3.908375755616946e-17f,1.1606057781137033e-16f,-1.4657534054610697e-16f,0f,0.9477065378538221f,0.31914309973603083f,3.461369091871968f,-1.2246467991473532e-16f,0.31914309973603083f,-0.9477065378538221f,1.1924042109123607f,0f,0f,0f,1f], start_interpolation: 0, interpolation_duration: 1 }
$data merge entity $(bone_glowing_eye) { transformation: [-1f,-3.908375755616946e-17f,1.1606057781137033e-16f,-0.12500000000000014f,0f,0.9477065378538221f,0.31914309973603083f,3.514399826670566f,-1.2246467991473532e-16f,0.31914309973603083f,-0.9477065378538221f,1.2470836037571706f,0f,0f,0f,1f], start_interpolation: 0, interpolation_duration: 1 }
$data merge entity $(bone_head) { transformation: [-1f,-3.908375755616946e-17f,1.1606057781137033e-16f,-1.2001647680174538e-16f,0f,0.9477065378538221f,0.31914309973603083f,3.4041103913017796f,-1.2246467991473532e-16f,0.31914309973603083f,-0.9477065378538221f,0.9755346305333249f,0f,0f,0f,1f], start_interpolation: 0, interpolation_duration: 1 }
$data merge entity $(bone_leftthumb2) { transformation: [-0.9976914562304264f,-0.06526788479487113f,-0.018757968419174546f,0.9499012813307413f,-0.0670015157584892f,0.9910778032707767f,0.11521972378910061f,1.2106478927101307f,0.011070458476334205f,0.11621054633025f,-0.9931629039944799f,0.730739263322313f,0f,0f,0f,1f], start_interpolation: 0, interpolation_duration: 1 }
$data merge entity $(bone_leftthumb) { transformation: [-0.9976914562304264f,-0.06526788479487113f,-0.018757968419174546f,0.9322918130077534f,-0.0670015157584892f,0.9910778032707767f,0.11521972378910061f,1.4635486804244713f,0.011070458476334205f,0.11621054633025f,-0.9931629039944799f,0.674365809362601f,0f,0f,0f,1f], start_interpolation: 0, interpolation_duration: 1 }
$data merge entity $(bone_leftpointerfinger) { transformation: [-0.9976914562304264f,-0.06471149932196574f,-0.020595631097748576f,1.0460197241661555f,-0.06700151575848921f,0.9874243501601765f,0.1431920025588648f,1.1468536571428138f,0.011070458476334205f,0.1442413760550567f,-0.989480606370265f,0.5787949693895371f,0f,0f,0f,1f], start_interpolation: 0, interpolation_duration: 1 }
$data merge entity $(bone_leftmidfinger) { transformation: [-0.9976914562304264f,-0.06471149932196574f,-0.020595631097748576f,1.042801656807132f,-0.06700151575848921f,0.9874243501601765f,0.1431920025588648f,1.1692274075426363f,0.011070458476334205f,0.1442413760550567f,-0.989480606370265f,0.4241886246441832f,0f,0f,0f,1f], start_interpolation: 0, interpolation_duration: 1 }
$data merge entity $(bone_leftringfinger) { transformation: [-0.9976914562304264f,-0.06471149932196574f,-0.020595631097748576f,1.039583589448109f,-0.06700151575848921f,0.9874243501601765f,0.1431920025588648f,1.191601157942459f,0.011070458476334205f,0.1442413760550567f,-0.989480606370265f,0.2695822798988293f,0f,0f,0f,1f], start_interpolation: 0, interpolation_duration: 1 }
$data merge entity $(bone_invisibility) { transformation: [-0.009983750196935393f,0.0198008381009382f,0.9997540955367502f,0.8556623430527557f,0.9983469829387701f,-0.05639492947369466f,0.01108664001000803f,1.2484377303056067f,0.05660058647275429f,0.9982121712041768f,-0.01920507408949171f,0.6290400746925993f,0f,0f,0f,1f], start_interpolation: 0, interpolation_duration: 1 }
$data merge entity $(bone_swiftness) { transformation: [-0.0205956310977488f,-0.008220002261545848f,0.9997540955367504f,0.8008434717135768f,0.1431920025588648f,0.9896328292940116f,0.011086640010007975f,1.1406958187875191f,-0.989480606370265f,0.1433851273540937f,-0.019205074089491722f,0.42509595540484346f,0f,0f,0f,1f], start_interpolation: 0, interpolation_duration: 1 }
$data merge entity $(bone_suspicious_stew) { transformation: [-0.016153941873081074f,0.01519205777554471f,0.9997540955367507f,0.8521859748279378f,0.9574274947128718f,0.2884608791172944f,0.011086640010008055f,1.2288971919122371f,-0.28822151642407784f,0.9573711519569734f,-0.01920507408949149f,0.4367912831534514f,0f,0f,0f,1f], start_interpolation: 0, interpolation_duration: 1 }
$data merge entity $(bone_log) { transformation: [-0.9997540955367504f,-0.008220002261545848f,-0.020595631097748576f,0.7564661078809672f,-0.011086640010007944f,0.9896328292940116f,0.1431920025588648f,1.3582740481929971f,0.019205074089491504f,0.1433851273540937f,-0.989480606370265f,0.4101329963449968f,0f,0f,0f,1f], start_interpolation: 0, interpolation_duration: 1 }
$data merge entity $(bone_planks) { transformation: [-0.9997540955367504f,-0.008220002261545848f,-0.020595631097748576f,0.6627391614243969f,-0.011086640010007944f,0.9896328292940116f,0.1431920025588648f,1.3572346756920588f,0.019205074089491504f,0.1433851273540937f,-0.989480606370265f,0.4119334720408866f,0f,0f,0f,1f], start_interpolation: 0, interpolation_duration: 1 }
$data merge entity $(bone_lefthand) { transformation: [-0.9997540955367504f,-0.008220002261545848f,-0.020595631097748576f,1.004993244671573f,-0.011086640010007944f,0.9896328292940116f,0.1431920025588648f,1.6039791654390374f,0.019205074089491504f,0.1433851273540937f,-0.989480606370265f,0.47209927861021805f,0f,0f,0f,1f], start_interpolation: 0, interpolation_duration: 1 }
$data merge entity $(bone_leftforearm) { transformation: [-0.9997876603116528f,0.018296450499498452f,-0.009480199769553995f,0.9555193357809538f,0.017068780659810327f,0.993048237462971f,0.11646396351865257f,2.301463256766448f,0.01154517281544688f,0.11627741814645774f,-0.9931496720101434f,0.5700963751705701f,0f,0f,0f,1f], start_interpolation: 0, interpolation_duration: 1 }
$data merge entity $(bone_leftelbow) { transformation: [-0.9997876603116528f,0.018792778881277825f,-0.008453741802932409f,0.9590429818211934f,0.017068780659810327f,0.9850867673174801f,0.1712095721120287f,2.486167025638476f,0.01154517281544688f,0.17102892246025553f,-0.9851983641210258f,0.602164298131868f,0f,0f,0f,1f], start_interpolation: 0, interpolation_duration: 1 }
$data merge entity $(bone_leftarm) { transformation: [-0.9997876603116528f,0.018792778881277825f,-0.008453741802932409f,0.7499999999999999f,0.017068780659810327f,0.9850867673174801f,0.1712095721120287f,2.9770939059380486f,0.01154517281544688f,0.17102892246025553f,-0.9851983641210258f,0.7209917147941568f,0f,0f,0f,1f], start_interpolation: 0, interpolation_duration: 1 }
$data merge entity $(bone_rightthumb2) { transformation: [-0.0210495276481902f,0.015916009805046f,-0.9996517383657539f,-0.8934951691725389f,-0.11575864069212996f,0.9931097108643057f,0.018249364156753774f,1.2516799317906386f,0.9930543059122691f,0.11610246689412393f,-0.01906207465624964f,0.5996191729194127f,0f,0f,0f,1f], start_interpolation: 0, interpolation_duration: 1 }
$data merge entity $(bone_rightthumb) { transformation: [-0.0210495276481902f,0.015916009805046f,-0.9996517383657539f,-0.9750196255693163f,-0.11575864069212996f,0.9931097108643057f,0.018249364156753774f,1.496792185094704f,0.9930543059122691f,0.11610246689412393f,-0.01906207465624964f,0.6264634349117584f,0f,0f,0f,1f], start_interpolation: 0, interpolation_duration: 1 }
$data merge entity $(bone_rightpointerfinger) { transformation: [-0.10297793383364481f,-0.994427437230486f,-0.02257470324414465f,-1.0906335244450887f,-0.9881816828585643f,0.09968772424303063f,0.11644449020053022f,1.1778282516441907f,-0.1135451751778532f,0.03429912124899426f,-0.9929406142742765f,0.5444780251151409f,0f,0f,0f,1f], start_interpolation: 0, interpolation_duration: 1 }
$data merge entity $(bone_rightmidfinger) { transformation: [-0.10297793383364481f,-0.994427437230486f,-0.02257470324414465f,-1.0941608218269863f,-0.9881816828585643f,0.09968772424303063f,0.11644449020053022f,1.1960227032380235f,-0.1135451751778532f,0.03429912124899426f,-0.9929406142742765f,0.38933105413478514f,0f,0f,0f,1f], start_interpolation: 0, interpolation_duration: 1 }
$data merge entity $(bone_rightringfinger) { transformation: [-0.231895770155099f,-0.9724786550652986f,-0.02257470324414465f,-1.0976881192088839f,-0.9667157925173228f,0.22781847422793308f,0.11644449020053022f,1.2142171548318565f,-0.10809684677074662f,0.048826306872876514f,-0.9929406142742765f,0.23418408315442946f,0f,0f,0f,1f], start_interpolation: 0, interpolation_duration: 1 }
$data merge entity $(bone_hugeasssword) { transformation: [-3.9151722974204626f,0.06233770506976351f,-0.08841758770623322f,-0.8250514994476206f,0.05163213911489841f,3.8896797008851975f,0.45607425328541007f,1.392427020365426f,0.09506724724937628f,0.4547346620019854f,-3.889017405907583f,0.42198168502053246f,0f,0f,0f,1f], start_interpolation: 0, interpolation_duration: 1 }
$data merge entity $(bone_ice) { transformation: [-0.9996184589158628f,0.015916009805046f,-0.02257470324414465f,-0.8096811486802641f,0.013182673816569805f,0.9931097108643057f,0.11644449020053022f,1.3767037018547874f,0.02427248865941522f,0.11610246689412393f,-0.9929406142742765f,0.4197883263400084f,0f,0f,0f,1f], start_interpolation: 0, interpolation_duration: 1 }
$data merge entity $(bone_righthand) { transformation: [-0.9996184589158628f,0.015916009805046f,-0.02257470324414465f,-1.0563122204343478f,0.013182673816569805f,0.9931097108643057f,0.11644449020053022f,1.6319156883437729f,0.02427248865941522f,0.11610246689412393f,-0.9929406142742765f,0.42385267103232205f,0f,0f,0f,1f], start_interpolation: 0, interpolation_duration: 1 }
$data merge entity $(bone_rightforearm) { transformation: [-0.9996184589158628f,0.01606160325921846f,-0.022471348322229762f,-0.9821916371429336f,0.013182673816569805f,0.9923362488833037f,0.12286165497526014f,2.3269084828673217f,0.02427248865941522f,0.12251854575107154f,-0.9921693667118135f,0.5239841393272029f,0f,0f,0f,1f], start_interpolation: 0, interpolation_duration: 1 }
$data merge entity $(bone_rightelbow) { transformation: [-0.9996184589158628f,0.015769751292305956f,-0.02267711487059873f,-0.9792348087756262f,0.013182673816569805f,0.9938416752507562f,0.11002245973353164f,2.5132537969768385f,0.02427248865941522f,0.10968153663652552f,-0.9936703713079751f,0.5445494274465514f,0f,0f,0f,1f], start_interpolation: 0, interpolation_duration: 1 }
$data merge entity $(bone_rightarm) { transformation: [-0.9996184589158628f,0.019942071475985403f,-0.01911152479322895f,-0.7500000000000001f,0.013182673816569805f,0.9524694373104696f,0.3043487934928006f,2.9770939059380486f,0.02427248865941522f,0.3039807309266891f,-0.9523689209122451f,0.7209917147941566f,0f,0f,0f,1f], start_interpolation: 0, interpolation_duration: 1 }
$data merge entity $(bone_chest) { transformation: [-1.0833333333333333f,-7.433029666591414e-17f,1.0989246765294063e-16f,-0.002323125000000067f,0f,0.8973400961767266f,0.6069529330225317f,2.905982599849603f,-1.3267006990762992e-16f,0.6069529330225317f,-0.8973400961767266f,0.5400090088947347f,0f,0f,0f,1f], start_interpolation: 0, interpolation_duration: 1 }
$data merge entity $(bone_chest1lid) { transformation: [-1f,-6.86125815377669e-17f,1.0143920091040674e-16f,-0.34375f,0f,0.828313934932363f,0.5602642458669524f,2.120629704188787f,-1.2246467991473532e-16f,0.5602642458669524f,-0.828313934932363f,0.4812320515436427f,0f,0f,0f,1f], start_interpolation: 0, interpolation_duration: 1 }
$data merge entity $(bone_chest1) { transformation: [-1f,-6.86125815377669e-17f,1.0143920091040674e-16f,-0.34375f,0f,0.828313934932363f,0.5602642458669524f,1.9912056518556052f,-1.2246467991473532e-16f,0.5602642458669524f,-0.828313934932363f,0.39369076312693135f,0f,0f,0f,1f], start_interpolation: 0, interpolation_duration: 1 }
$data merge entity $(bone_chest1lid3) { transformation: [-1f,-6.86125815377669e-17f,1.0143920091040674e-16f,-0.28124999999999994f,0f,0.828313934932363f,0.5602642458669524f,2.479548986697303f,-1.2246467991473532e-16f,0.5602642458669524f,-0.828313934932363f,-0.04940656302240237f,0f,0f,0f,1f], start_interpolation: 0, interpolation_duration: 1 }
$data merge entity $(bone_chest3) { transformation: [-1f,-6.86125815377669e-17f,1.0143920091040674e-16f,-0.28124999999999994f,0f,0.828313934932363f,0.5602642458669524f,2.3501249343641213f,-1.2246467991473532e-16f,0.5602642458669524f,-0.828313934932363f,-0.1369478514391137f,0f,0f,0f,1f], start_interpolation: 0, interpolation_duration: 1 }
$data merge entity $(bone_hugeasssword2) { transformation: [-1.2669782395221324e-15f,2.887669569172986f,-2.646061646494669f,-1.2343750000000002f,-2.1943682963122306f,2.191769734481607f,2.3918969436261177f,4.015506933070519f,3.244229578485089f,1.4824937328908032f,1.6178580134856495f,0.970638235061473f,0f,0f,0f,1f], start_interpolation: 0, interpolation_duration: 1 }
$data merge entity $(bone_belt) { transformation: [-1f,-6.86125815377669e-17f,1.0143920091040674e-16f,0.029705624999999947f,0f,0.828313934932363f,0.5602642458669524f,2.502700319703396f,-1.2246467991473532e-16f,0.5602642458669524f,-0.828313934932363f,0.4252673167060351f,0f,0f,0f,1f], start_interpolation: 0, interpolation_duration: 1 }
$data merge entity $(bone_torn_part) { transformation: [-1f,-9.715776287805219e-17f,7.455177354798985e-17f,-0.09375000000000003f,0f,0.6087614290087208f,0.793353340291235f,2.2696982704873503f,-1.2246467991473532e-16f,0.793353340291235f,-0.6087614290087208f,0.2586233630838947f,0f,0f,0f,1f], start_interpolation: 0, interpolation_duration: 1 }
$data merge entity $(bone_lowerbody) { transformation: [-1f,-7.024285468436541e-17f,1.0031719290535247e-16f,0.0039062499999999883f,0f,0.8191520442889918f,0.573576436351046f,1.7890625f,-1.2246467991473532e-16f,0.573576436351046f,-0.8191520442889918f,0.09375f,0f,0f,0f,1f], start_interpolation: 0, interpolation_duration: 1 }
$data merge entity $(bone_leftfoot) { transformation: [-0.9238795325112867f,0.023987229476602978f,-0.3819309129001774f,0.15735824530082376f,0f,0.9980335718735944f,0.06268165132824088f,0.1577317377051607f,0.3826834323650896f,0.05791029472617065f,-0.9220627898131459f,-0.38344216594156644f,0f,0f,0f,1f], start_interpolation: 0, interpolation_duration: 1 }
$data merge entity $(bone_leftlowerleg) { transformation: [-0.9238795325112867f,0.2531044058317002f,-0.28702747108126797f,0.48224646070681704f,0f,0.7500389272338202f,0.66139368581348f,0.8881859263773141f,0.3826834323650896f,0.6110480892552748f,-0.6929456134580487f,0.40090736994677434f,0f,0f,0f,1f], start_interpolation: 0, interpolation_duration: 1 }
$data merge entity $(bone_leftleg) { transformation: [-0.9238795325112867f,-0.19941738389099697f,-0.32661799768046595f,0.25f,0f,0.8534939588627505f,-0.5211027366890233f,1.80859375f,0.3826834323650896f,-0.481436152762607f,-0.7885255997153253f,-0.07812499999999997f,0f,0f,0f,1f], start_interpolation: 0, interpolation_duration: 1 }
$data merge entity $(bone_rightfoot) { transformation: [-0.9238795325112867f,-0.009391521565604147f,0.382568175269989f,-0.4760778234730232f,0f,0.9996988186962041f,0.024541228522912517f,0.16349059171575453f,-0.3826834323650897f,0.022673138735001153f,-0.9236012772691345f,0.38601496227558907f,0f,0f,0f,1f], start_interpolation: 0, interpolation_duration: 1 }
$data merge entity $(bone_rightlowerleg) { transformation: [-0.9238795325112867f,-0.0756811097193847f,0.3751252844562316f,-0.6176729133515461f,0f,0.9802496077184562f,0.19776427020018744f,1.2205693853808401f,-0.3826834323650897f,0.18271036149998499f,-0.9056325493232993f,0.7278557486257565f,0f,0f,0f,1f], start_interpolation: 0, interpolation_duration: 1 }
$data merge entity $(bone_rightleg) { transformation: [-0.9238795325112867f,0.32386858663097523f,0.2038522700398029f,-0.25f,0f,0.5326916526799694f,-0.846309401557777f,1.80859375f,-0.3826834323650897f,-0.7818879342711058f,-0.4921429150506349f,-0.07812500000000003f,0f,0f,0f,1f], start_interpolation: 0, interpolation_duration: 1 }
data modify entity @s data merge value {"locators":{"lefthand":{"posx":0.8511570487501232,"posy":1.2797609808653583,"posz":0.4125911920491037,"roty":358.8075841423142,"rotx":8.232596047543272},"righthand":{"posx":-0.9032913371186403,"posy":1.3606027931334528,"posz":0.43576446820464343,"roty":358.6975933748013,"rotx":6.686948044524888},"chest":{"posx":-0.375,"posy":1.981318794838803,"posz":0.5756395885101399,"roty":0,"rotx":34.07407407407407},"sack":{"posx":0,"posy":-0.4375,"posz":0,"roty":0,"rotx":0}},"cameras":{}}