# This file was generated by Animated Java via MC-Build. It is not recommended to edit this file directly.
$data merge entity $(bone_nose) { transformation: [-1f,0f,1.2246467991473532e-16f,-1.713343269523465e-17f,0f,1f,0f,4.222206355452675f,-1.2246467991473532e-16f,0f,-1f,0.1383264686213992f,0f,0f,0f,1f], start_interpolation: 0, interpolation_duration: 1 }
$data merge entity $(bone_glowing_eye) { transformation: [-1f,0f,1.2246467991473532e-16f,-0.12500000000000003f,0f,1f,0f,4.289914480452675f,-1.2246467991473532e-16f,0f,-1f,0.17322209362139912f,0f,0f,0f,1f], start_interpolation: 0, interpolation_duration: 1 }
$data merge entity $(bone_head) { transformation: [-1f,0f,1.2246467991473532e-16f,5.7986909421991126e-18f,0f,1f,0f,4.0987294804526755f,-1.2246467991473532e-16f,0f,-1f,-0.04892853137860083f,0f,0f,0f,1f], start_interpolation: 0, interpolation_duration: 1 }
$data merge entity $(bone_leftthumb2) { transformation: [-1f,9.294784585207289e-17f,7.973892260419546e-17f,0.953125f,0f,0.6511177154075184f,-0.7589767589870549f,2.2355722695185007f,-1.2246467991473532e-16f,-0.7589767589870549f,-0.6511177154075184f,0.8987711521154986f,0f,0f,0f,1f], start_interpolation: 0, interpolation_duration: 1 }
$data merge entity $(bone_leftthumb) { transformation: [-1f,9.294784585207289e-17f,7.973892260419546e-17f,0.953125f,0f,0.6511177154075184f,-0.7589767589870549f,2.3303937494581928f,-1.2246467991473532e-16f,-0.7589767589870549f,-0.6511177154075184f,0.6569949021351777f,0f,0f,0f,1f], start_interpolation: 0, interpolation_duration: 1 }
$data merge entity $(bone_leftpointerfinger) { transformation: [-0.9968016486386747f,0.07991541322686181f,1.0672011272071927e-16f,1.0625f,0.06964115623893744f,0.8686486942764495f,-0.49050948542257894f,2.021461228286172f,-0.03919926821924084f,-0.4889406637421347f,-0.8714358523210282f,0.7770947714619133f,0f,0f,0f,1f], start_interpolation: 0, interpolation_duration: 1 }
$data merge entity $(bone_leftmidfinger) { transformation: [-0.9968016486386747f,0.07991541322686181f,1.0672011272071927e-16f,1.0625f,0.06964115623893744f,0.8686486942764495f,-0.49050948542257894f,1.944819121188894f,-0.03919926821924084f,-0.4889406637421347f,-0.8714358523210282f,0.6409329195367526f,0f,0f,0f,1f], start_interpolation: 0, interpolation_duration: 1 }
$data merge entity $(bone_leftringfinger) { transformation: [-0.9928085062829888f,0.11971328185352137f,1.0672011272071927e-16f,1.0625f,0.10432244580617082f,0.8651689268642831f,-0.49050948542257894f,1.868177014091616f,-0.05872050028021902f,-0.4869819895400281f,-0.8714358523210282f,0.504771067611592f,0f,0f,0f,1f], start_interpolation: 0, interpolation_duration: 1 }
$data merge entity $(bone_invisibility) { transformation: [-1.5290183192450052e-16f,-4.5567406180369496e-17f,0.9999999999999998f,0.875f,0.8253690572824929f,0.5645935877076612f,-6.054057751610429e-17f,2.13210294605324f,-0.5645935877076611f,0.8253690572824929f,-9.826169585705456e-17f,0.7506776668788508f,0f,0f,0f,1f], start_interpolation: 0, interpolation_duration: 1 }
$data merge entity $(bone_swiftness) { transformation: [-1.1532449220431205e-16f,6.007008712741767e-17f,1f,0.822916875f,-0.49050948542257894f,0.8714358523210282f,-1.0891498490263694e-16f,1.9221252976522312f,-0.8714358523210282f,-0.49050948542257894f,-7.10329496313953e-17f,0.6537067062424418f,0f,0f,0f,1f], start_interpolation: 0, interpolation_duration: 1 }
$data merge entity $(bone_suspicious_stew) { transformation: [9.954385626235056e-17f,3.9687749074700346e-17f,1.0000000000000002f,0.875f,0.5824908327648527f,0.8128372713802612f,9.674881477306531e-17f,1.9992838619589581f,-0.8128372713802614f,0.5824908327648528f,6.800718746341688e-17f,0.6102760766978415f,0f,0f,0f,1f], start_interpolation: 0, interpolation_duration: 1 }
$data merge entity $(bone_log) { transformation: [-1f,6.007008712741767e-17f,1.0672011272071927e-16f,0.78125f,0f,0.8714358523210282f,-0.49050948542257894f,2.0852207113699035f,-1.2246467991473532e-16f,-0.49050948542257894f,-0.8714358523210282f,0.5081138354424708f,0f,0f,0f,1f], start_interpolation: 0, interpolation_duration: 1 }
$data merge entity $(bone_planks) { transformation: [-1f,6.007008712741767e-17f,1.0672011272071927e-16f,0.6875f,0f,0.8714358523210282f,-0.49050948542257894f,2.0852207113699035f,-1.2246467991473532e-16f,-0.49050948542257894f,-0.8714358523210282f,0.5081138354424708f,0f,0f,0f,1f], start_interpolation: 0, interpolation_duration: 1 }
$data merge entity $(bone_lefthand) { transformation: [-1f,6.007008712741767e-17f,1.0672011272071927e-16f,1.03125f,0f,0.8714358523210282f,-0.49050948542257894f,2.318408095869616f,-1.2246467991473532e-16f,-0.49050948542257894f,-0.8714358523210282f,0.4127188344718583f,0f,0f,0f,1f], start_interpolation: 0, interpolation_duration: 1 }
$data merge entity $(bone_leftforearm) { transformation: [-1f,6.007008712741767e-17f,1.0672011272071927e-16f,0.96875f,0f,0.8714358523210282f,-0.49050948542257894f,2.9388006402425666f,-1.2246467991473532e-16f,-0.49050948542257894f,-0.8714358523210282f,0.08144553772662355f,0f,0f,0f,1f], start_interpolation: 0, interpolation_duration: 1 }
$data merge entity $(bone_leftelbow) { transformation: [-1f,6.08507654950825e-17f,1.0627691266348045e-16f,0.96875f,0f,0.8678168492129696f,-0.4968842080626771f,3.1015162994699983f,-1.2246467991473532e-16f,-0.4968842080626771f,-0.8678168492129696f,-0.011720251285128405f,0f,0f,0f,1f], start_interpolation: 0, interpolation_duration: 1 }
$data merge entity $(bone_leftarm) { transformation: [-1f,9.786815501081433e-18f,1.2207299483901576e-16f,0.75f,0f,0.9968016486386747f,-0.07991541322686178f,3.602414480452675f,-1.2246467991473532e-16f,-0.07991541322686178f,-0.9968016486386747f,-0.02052790637860074f,0f,0f,0f,1f], start_interpolation: 0, interpolation_duration: 1 }
$data merge entity $(bone_rightthumb2) { transformation: [-0.9744012078590365f,0.1894757914041284f,-0.12100087022261403f,-1.260449808633175f,0.21455863584552512f,0.6230386296821083f,-0.7521884456091757f,2.604901620716438f,-0.06713328464299972f,-0.7588951115902776f,-0.6477432606345064f,1.1746007408619712f,0f,0f,0f,1f], start_interpolation: 0, interpolation_duration: 1 }
$data merge entity $(bone_rightthumb) { transformation: [-0.9744012078590365f,0.1894757914041284f,-0.12100087022261403f,-1.224322723726797f,0.21455863584552512f,0.6230386296821083f,-0.7521884456091757f,2.6934170277656064f,-0.06713328464299972f,-0.7588951115902776f,-0.6477432606345064f,0.9331328867621191f,0f,0f,0f,1f], start_interpolation: 0, interpolation_duration: 1 }
$data merge entity $(bone_rightpointerfinger) { transformation: [-0.9817386117603949f,0.14679266870025492f,-0.12100087022261403f,-1.3987415156825438f,0.1871778602348293f,0.631804551210232f,-0.7521884456091757f,2.4771909948088386f,-0.03396684878942132f,-0.7611011243493827f,-0.6477432606345064f,1.1444396769026084f,0f,0f,0f,1f], start_interpolation: 0, interpolation_duration: 1 }
$data merge entity $(bone_rightmidfinger) { transformation: [-0.9817386117603949f,0.14679266870025492f,-0.12100087022261403f,-1.4176479016548273f,0.1871778602348293f,0.631804551210232f,-0.7521884456091757f,2.359661550182405f,-0.03396684878942132f,-0.7611011243493827f,-0.6477432606345064f,1.0432297924284668f,0f,0f,0f,1f], start_interpolation: 0, interpolation_duration: 1 }
$data merge entity $(bone_rightringfinger) { transformation: [-0.9924999899333655f,0.017394234321732066f,-0.12100087022261403f,-1.4365542876271107f,0.10310948539599661f,0.6508309890543201f,-0.7521884456091757f,2.2421321055559713f,0.0656673739663919f,-0.7590233621562223f,-0.6477432606345064f,0.9420199079543252f,0f,0f,0f,1f], start_interpolation: 0, interpolation_duration: 1 }
$data merge entity $(bone_hugeasssword) { transformation: [-0.00003816404730781227f,0.000007421135163328364f,-0.0000047392007503857175f,-1.1184446720910788f,0.000008403546570616402f,0.000024402346329215914f,-0.00002946071411969272f,2.440977078652759f,-0.000002629386981850823f,-0.00002972339187061921f,-0.000025369944374851503f,0.9170324900674026f,0f,0f,0f,1f], start_interpolation: 0, interpolation_duration: 1 }
$data merge entity $(bone_ice) { transformation: [-0.9744012078590365f,0.1894757914041284f,-0.12100087022261403f,-1.1061802124589708f,0.21455863584552512f,0.6230386296821083f,-0.7521884456091757f,2.4278896213788896f,-0.06713328464299972f,-0.7588951115902776f,-0.6477432606345064f,0.9299391837585476f,0f,0f,0f,1f], start_interpolation: 0, interpolation_duration: 1 }
$data merge entity $(bone_righthand) { transformation: [-0.9744012078590365f,0.1894757914041284f,-0.12100087022261403f,-1.3061928437671546f,0.21455863584552512f,0.6230386296821083f,-0.7521884456091757f,2.6137830488355114f,-0.06713328464299972f,-0.7588951115902776f,-0.6477432606345064f,0.7031901078053999f,0f,0f,0f,1f], start_interpolation: 0, interpolation_duration: 1 }
$data merge entity $(bone_rightforearm) { transformation: [-0.9744012078590365f,0.1894757914041284f,-0.12100087022261403f,-1.1101769638477088f,0.21455863584552512f,0.6230386296821083f,-0.7521884456091757f,3.050200115053042f,-0.06713328464299972f,-0.7588951115902776f,-0.6477432606345064f,0.1839088012060876f,0f,0f,0f,1f], start_interpolation: 0, interpolation_duration: 1 }
$data merge entity $(bone_rightelbow) { transformation: [-0.9744012078590365f,0.1894757914041284f,-0.12100087022261403f,-1.0746502529594348f,0.21455863584552512f,0.6230386296821083f,-0.7521884456091757f,3.1670198581184374f,-0.06713328464299972f,-0.7588951115902776f,-0.6477432606345064f,0.04161596778291055f,0f,0f,0f,1f], start_interpolation: 0, interpolation_duration: 1 }
$data merge entity $(bone_rightarm) { transformation: [-0.9744012078590365f,0.2241115375677853f,0.0177849613959051f,-0.75f,0.21455863584552512f,0.9506516767529054f,-0.22411153756778526f,3.602414480452675f,-0.06713328464299972f,-0.2145586358455251f,-0.9744012078590365f,-0.02052790637860092f,0f,0f,0f,1f], start_interpolation: 0, interpolation_duration: 1 }
$data merge entity $(bone_chest) { transformation: [-1.0833333333333333f,0f,1.3267006990762992e-16f,-0.0023231249999999845f,0f,1.0833333333333333f,0f,3.442113855452675f,-1.3267006990762992e-16f,0f,-1.0833333333333333f,-0.13059728137860083f,0f,0f,0f,1f], start_interpolation: 0, interpolation_duration: 1 }
$data merge entity $(bone_chest1lid) { transformation: [-1f,0f,1.2246467991473532e-16f,-0.34375000000000006f,0f,1f,0f,2.758664480452675f,-1.2246467991473532e-16f,0f,-1f,0.2607220936213991f,0f,0f,0f,1f], start_interpolation: 0, interpolation_duration: 1 }
$data merge entity $(bone_chest1) { transformation: [-1f,0f,1.2246467991473532e-16f,-0.34375000000000006f,0f,1f,0f,2.602414480452675f,-1.2246467991473532e-16f,0f,-1f,0.2607220936213991f,0f,0f,0f,1f], start_interpolation: 0, interpolation_duration: 1 }
$data merge entity $(bone_chest1lid3) { transformation: [-1f,0f,1.2246467991473532e-16f,-0.28124999999999994f,0f,1f,0f,2.758664480452675f,-1.2246467991473532e-16f,0f,-1f,-0.3799029063786009f,0f,0f,0f,1f], start_interpolation: 0, interpolation_duration: 1 }
$data merge entity $(bone_chest3) { transformation: [-1f,0f,1.2246467991473532e-16f,-0.28124999999999994f,0f,1f,0f,2.602414480452675f,-1.2246467991473532e-16f,0f,-1f,-0.3799029063786009f,0f,0f,0f,1f], start_interpolation: 0, interpolation_duration: 1 }
$data merge entity $(bone_hugeasssword2) { transformation: [-1.3493280322890861e-15f,2.887669569172986f,-2.646061646494669f,-1.234375f,2.1741867565575984e-16f,2.6460616464946694f,2.887669569172986f,4.6024144804526745f,3.916666666666667f,5.710562051440511e-16f,-1.1937237951956666e-15f,-0.395527906378601f,0f,0f,0f,1f], start_interpolation: 0, interpolation_duration: 1 }
$data merge entity $(bone_belt) { transformation: [-1f,0f,1.2246467991473532e-16f,0.029705625f,0f,1f,0f,3.043783855452675f,-1.2246467991473532e-16f,0f,-1f,0.0003052186213991781f,0f,0f,0f,1f], start_interpolation: 0, interpolation_duration: 1 }
$data merge entity $(bone_torn_part) { transformation: [-1f,-3.6825839484795376e-17f,1.16796641102639e-16f,-0.09375f,0f,0.9537169507482269f,0.30070579950427306f,2.758664480452675f,-1.2246467991473532e-16f,0.30070579950427306f,-0.9537169507482269f,-0.00490290637860083f,0f,0f,0f,1f], start_interpolation: 0, interpolation_duration: 1 }
$data merge entity $(bone_lowerbody) { transformation: [-1f,0f,1.2246467991473532e-16f,0.003906249999999983f,0f,1f,0f,2.270383230452675f,-1.2246467991473532e-16f,0f,-1f,0.13572209362139917f,0f,0f,0f,1f], start_interpolation: 0, interpolation_duration: 1 }
$data merge entity $(bone_leftfoot) { transformation: [-0.9967500040486827f,-0.013022993106454203f,-0.07949736523621467f,0.3006769214820977f,-0.015766209960754257f,0.9992982343437365f,0.033977425755405716f,0.13526708502785434f,0.07899908893414076f,0.03512037141090538f,-0.9962558423715947f,-0.22233735146082606f,0f,0f,0f,1f], start_interpolation: 0, interpolation_duration: 1 }
$data merge entity $(bone_leftlowerleg) { transformation: [-0.9967500040486827f,-0.009551269911836234f,-0.07998876591135856f,0.30237090535508376f,-0.015766209960754257f,0.9968730874431883f,0.07743044720882834f,1.2292763169547114f,0.07899908893414076f,0.07843991824675106f,-0.9937838412718425f,0.017372472251276444f,0f,0f,0f,1f], start_interpolation: 0, interpolation_duration: 1 }
$data merge entity $(bone_leftleg) { transformation: [-0.9967500040486827f,-0.02187435408040018f,-0.0775302654614064f,0.25f,-0.015766209960754257f,0.9967864234884439f,-0.0785382236404031f,2.289914480452675f,0.07899908893414076f,-0.07706061628797058f,-0.993891747306966f,-0.0361529063786008f,0f,0f,0f,1f], start_interpolation: 0, interpolation_duration: 1 }
$data merge entity $(bone_rightfoot) { transformation: [-0.9987495781214571f,0.014404351633187526f,0.04787269426550802f,-0.3037909916738502f,0.015797838457905392f,0.9994586633357353f,0.028858423089335193f,0.1320642027700143f,-0.04743109214712689f,0.02957862297627524f,-0.9984364759765931f,-0.28104796015795774f,0f,0f,0f,1f], start_interpolation: 0, interpolation_duration: 1 }
$data merge entity $(bone_rightlowerleg) { transformation: [-0.9987495781214571f,0.012410648334235108f,0.04842784333557777f,-0.2974636549347551f,0.015797838457905392f,0.9974078759103981f,0.07019941147876892f,1.2277777326568244f,-0.04743109214712689f,0.07087668784467525f,-0.9963567566980711f,-0.04933327797442302f,0f,0f,0f,1f], start_interpolation: 0, interpolation_duration: 1 }
$data merge entity $(bone_rightleg) { transformation: [-0.9987495781214571f,0.016453745131771936f,0.04720756796690556f,-0.25f,0.015797838457905392f,0.9997738889055261f,-0.014233740294757633f,2.289914480452675f,-0.04743109214712689f,-0.013470164581747808f,-0.9987836833688621f,-0.03615290637860086f,0f,0f,0f,1f], start_interpolation: 0, interpolation_duration: 1 }
data modify entity @s data merge value {"locators":{"lefthand":{"posx":0.875,"posy":2.024803996117051,"posz":0.560051074183626,"roty":0,"rotx":-29.37407407407407},"righthand":{"posx":-1.1986002463392167,"posy":2.450022459363268,"posz":0.9456241628892785,"roty":349.41888692777525,"rotx":-48.780305068375704},"chest":{"posx":-0.37500000000000006,"posy":2.696164480452675,"posz":0.4169720936213991,"roty":0,"rotx":0},"sack":{"posx":0,"posy":-0.4375,"posz":0,"roty":0,"rotx":0}},"cameras":{}}