# This file was generated by Animated Java via MC-Build. It is not recommended to edit this file directly.
$data merge entity $(bone_nose) { transformation: [-0.9912603109308296f,0.006783827571791412f,0.1317458752932758f,-0.8041383660323623f,0.029955055501992622f,0.9841647998315476f,0.1747064435629148f,2.653376492008329f,-0.12847447459782713f,0.17712601857436314f,-0.9757667154196262f,1.3095816233962727f,0f,0f,0f,1f], start_interpolation: 0, interpolation_duration: 1 }
$data merge entity $(bone_glowing_eye) { transformation: [-0.9912603109308296f,0.006783827571791412f,0.1317458752932758f,-0.9321839393130377f,0.029955055501992622f,0.9841647998315476f,0.1747064435629148f,2.7176603366940175f,-0.12847447459782713f,0.17712601857436314f,-0.9757667154196262f,1.3395651740666947f,0f,0f,0f,1f], start_interpolation: 0, interpolation_duration: 1 }
$data merge entity $(bone_head) { transformation: [-0.9912603109308296f,0.006783827571791412f,0.1317458752932758f,-0.7803059379834236f,0.029955055501992622f,0.9841647998315476f,0.1747064435629148f,2.5645695531295027f,-0.12847447459782713f,0.17712601857436314f,-0.9757667154196262f,1.1049934598456164f,0f,0f,0f,1f], start_interpolation: 0, interpolation_duration: 1 }
$data merge entity $(bone_leftthumb2) { transformation: [-0.4259053490878828f,-0.13076772640632672f,0.8952678009114643f,0.27540164356406716f,-0.8715749625986297f,-0.20626214726960176f,-0.4447617465283309f,2.171714073416614f,0.24282034138334965f,-0.9697194070112517f,-0.02612572441522637f,3.2283342694463983f,0f,0f,0f,1f], start_interpolation: 0, interpolation_duration: 1 }
$data merge entity $(bone_leftthumb) { transformation: [-0.4259053490878828f,-0.13076772640632672f,0.8952678009114643f,0.31983918751725504f,-0.8715749625986297f,-0.20626214726960176f,-0.4447617465283309f,2.0831216018109036f,0.24282034138334965f,-0.9697194070112517f,-0.02612572441522637f,2.9882852186782274f,0f,0f,0f,1f], start_interpolation: 0, interpolation_duration: 1 }
$data merge entity $(bone_leftpointerfinger) { transformation: [-0.43568180897262887f,-0.09315001868753958f,0.8952678009114643f,0.4512964234685431f,-0.8862352873762753f,-0.12951449430145012f,-0.4447617465283309f,2.225281673549451f,0.1573797215000363f,-0.9871925191087861f,-0.02612572441522637f,3.278691280933027f,0f,0f,0f,1f], start_interpolation: 0, interpolation_duration: 1 }
$data merge entity $(bone_leftmidfinger) { transformation: [-0.4342287151209494f,0.09970450148092927f,0.8952678009114643f,0.5911820173609593f,-0.8579371325476862f,0.2571592219247125f,-0.4447617465283309f,2.1557876506543994f,-0.27457111931203515f,-0.9612118117062005f,-0.02612572441522637f,3.2746091364931478f,0f,0f,0f,1f], start_interpolation: 0, interpolation_duration: 1 }
$data merge entity $(bone_leftringfinger) { transformation: [-0.29851118703271884f,0.33073650519328585f,0.8952678009114643f,0.7310676112533756f,-0.5552804859114883f,0.7027450254473319f,-0.4447617465283309f,2.086293627759348f,-0.7762439392241457f,-0.6298910964139444f,-0.02612572441522637f,3.2705269920532687f,0f,0f,0f,1f], start_interpolation: 0, interpolation_duration: 1 }
$data merge entity $(bone_invisibility) { transformation: [-0.05224238558099355f,-0.9032581949626229f,0.4259053490878829f,0.32915933166038985f,-0.24424079789141856f,0.42509236315953897f,0.8715749625986293f,2.0532002502836058f,-0.9683063388175098f,-0.0584903070286298f,-0.24282034138334965f,3.218973463688525f,0f,0f,0f,1f], start_interpolation: 0, interpolation_duration: 1 }
$data merge entity $(bone_swiftness) { transformation: [0.8952678009114642f,-0.13076772640632672f,0.425905349087883f,0.4925477196573763f,-0.44476174652833106f,-0.20626214726960176f,0.8715749625986295f,1.9523444504996883f,-0.026125724415226315f,-0.9697194070112517f,-0.24282034138334965f,3.358038104277799f,0f,0f,0f,1f], start_interpolation: 0, interpolation_duration: 1 }
$data merge entity $(bone_suspicious_stew) { transformation: [0.25984071307848966f,-0.8666530086748625f,0.4259053490878829f,0.503151781506586f,-0.3749014264479012f,0.3159208841126639f,0.8715749625986299f,1.9794759609628065f,-0.8899054580539396f,-0.38614318268782377f,-0.24282034138334982f,3.2595304875643225f,0f,0f,0f,1f], start_interpolation: 0, interpolation_duration: 1 }
$data merge entity $(bone_log) { transformation: [-0.4259053490878828f,-0.13076772640632672f,0.8952678009114643f,0.48884286739653104f,-0.8715749625986297f,-0.20626214726960176f,-0.4447617465283309f,1.8511348329419692f,0.24282034138334965f,-0.9697194070112517f,-0.02612572441522637f,3.1598553253606414f,0f,0f,0f,1f], start_interpolation: 0, interpolation_duration: 1 }
$data merge entity $(bone_planks) { transformation: [-0.4259053490878828f,-0.13076772640632672f,0.8952678009114643f,0.448914240919542f,-0.8715749625986297f,-0.20626214726960176f,-0.4447617465283309f,1.7694246801983478f,0.24282034138334965f,-0.9697194070112517f,-0.02612572441522637f,3.1826197323653305f,0f,0f,0f,1f], start_interpolation: 0, interpolation_duration: 1 }
$data merge entity $(bone_lefthand) { transformation: [-0.4259053490878828f,-0.13076772640632672f,0.8952678009114643f,0.5346501542884368f,-0.8715749625986297f,-0.20626214726960176f,-0.4447617465283309f,2.0313618413532364f,0.24282034138334965f,-0.9697194070112517f,-0.02612572441522637f,2.857536817149967f,0f,0f,0f,1f], start_interpolation: 0, interpolation_duration: 1 }
$data merge entity $(bone_leftforearm) { transformation: [-0.45394583085084084f,-0.08389140461706335f,0.88707125693741f,0.4308675632368527f,-0.8783957526888077f,0.20918602904720981f,-0.42972329109523943f,2.1163030124964726f,-0.14951282323400708f,-0.9742707208383287f,-0.1686489792609507f,2.151721675978418f,0f,0f,0f,1f], start_interpolation: 0, interpolation_duration: 1 }
$data merge entity $(bone_leftelbow) { transformation: [-0.45394583085084084f,-0.08389140461706335f,0.88707125693741f,0.4151379248711533f,-0.8783957526888077f,0.20918602904720981f,-0.42972329109523943f,2.1555253929428244f,-0.14951282323400708f,-0.9742707208383287f,-0.1686489792609507f,1.9690459158212315f,0f,0f,0f,1f], start_interpolation: 0, interpolation_duration: 1 }
$data merge entity $(bone_leftarm) { transformation: [-0.49552704582285795f,-0.3664200994640373f,0.7875209569064411f,0.04003675479347524f,-0.8683482740443295f,0.2304811927066101f,-0.4391465527278717f,2.098747312101081f,-0.020596645899411604f,-0.9014514576599806f,-0.43238992548438376f,1.5386201636123853f,0f,0f,0f,1f], start_interpolation: 0, interpolation_duration: 1 }
$data merge entity $(bone_rightthumb2) { transformation: [-0.5108201336635184f,0.3945227238616753f,0.7638158229578315f,-1.6104038174337583f,0.8159296835434467f,0.5023390570401737f,0.28620660943570075f,2.4361571607430994f,-0.27077950911521387f,0.7694201011987878f,-0.5785077054928226f,-1.369779257614297f,0f,0f,0f,1f], start_interpolation: 0, interpolation_duration: 1 }
$data merge entity $(bone_rightthumb) { transformation: [-0.5108201336635184f,0.3945227238616753f,0.7638158229578315f,-1.4483762876366923f,0.8159296835434467f,0.5023390570401737f,0.28620660943570075f,2.5838105482651255f,-0.27077950911521387f,0.7694201011987878f,-0.5785077054928226f,-1.2305225706882061f,0f,0f,0f,1f], start_interpolation: 0, interpolation_duration: 1 }
$data merge entity $(bone_rightpointerfinger) { transformation: [-0.20332408554492395f,0.4491774085351403f,0.8699994091371419f,-1.5730054271984217f,0.9504916864036934f,0.3038166716041317f,0.06527621414305507f,2.708917613067713f,-0.23499972407384512f,0.84019943210945f,-0.4887126394602187f,-1.5315906224366176f,0f,0f,0f,1f], start_interpolation: 0, interpolation_duration: 1 }
$data merge entity $(bone_rightmidfinger) { transformation: [-0.03743442116876672f,0.49162962910384406f,0.8699994091371419f,-1.4370680195207433f,0.9970814453986772f,-0.03959301843550948f,0.06527621414305507f,2.7191170215275653f,0.06653762359330269f,0.8699038456509901f,-0.4887126394602187f,-1.6079519723522768f,0f,0f,0f,1f], start_interpolation: 0, interpolation_duration: 1 }
$data merge entity $(bone_rightringfinger) { transformation: [0.15355361838860426f,0.4685320846866208f,0.8699994091371419f,-1.3011306118430648f,0.9060315474580128f,-0.4181457292356198f,0.06527621414305507f,2.7293164299874175f,0.39437053806110456f,0.7782235120717058f,-0.4887126394602187f,-1.684313322267936f,0f,0f,0f,1f], start_interpolation: 0, interpolation_duration: 1 }
$data merge entity $(bone_hugeasssword) { transformation: [-0.14661814957766967f,1.9255493806567228f,3.4074976857871393f,-1.340855973753839f,3.905235661144819f,-0.1550726555390788f,0.25566517206029904f,2.4452049898778436f,0.26060569240710224f,3.407123395466378f,-1.9141245045525235f,-1.4412906749798247f,0f,0f,0f,1f], start_interpolation: 0, interpolation_duration: 1 }
$data merge entity $(bone_ice) { transformation: [-0.03743442116876672f,0.49162962910384406f,0.8699994091371419f,-1.3479527738778248f,0.9970814453986772f,-0.03959301843550948f,0.06527621414305507f,2.430244233206544f,0.06653762359330269f,0.8699038456509901f,-0.4887126394602187f,-1.4559225729367666f,0f,0f,0f,1f], start_interpolation: 0, interpolation_duration: 1 }
$data merge entity $(bone_righthand) { transformation: [-0.03743442116876672f,0.49162962910384406f,0.8699994091371419f,-1.2072164903585196f,0.9970814453986772f,-0.03959301843550948f,0.06527621414305507f,2.6716562216393065f,0.06653762359330269f,0.8699038456509901f,-0.4887126394602187f,-1.2370844756088253f,0f,0f,0f,1f], start_interpolation: 0, interpolation_duration: 1 }
$data merge entity $(bone_rightforearm) { transformation: [-0.538208365470717f,0.1317222737478687f,0.8324548023382594f,-1.046034931395592f,0.8287418620140786f,0.26243577983059707f,0.4942816885240078f,2.7780933622963513f,-0.1533580173410483f,0.955916682594983f,-0.25040889451819537f,-0.5504174035644115f,0f,0f,0f,1f], start_interpolation: 0, interpolation_duration: 1 }
$data merge entity $(bone_rightelbow) { transformation: [-0.538208365470717f,0.1317222737478687f,0.8324548023382594f,-1.0213370050678665f,0.8287418620140786f,0.26243577983059707f,0.4942816885240078f,2.827300071014588f,-0.1533580173410483f,0.955916682594983f,-0.25040889451819537f,-0.3711830255778522f,0f,0f,0f,1f], start_interpolation: 0, interpolation_duration: 1 }
$data merge entity $(bone_rightarm) { transformation: [-0.4238210522734508f,-0.22066612602446975f,0.8784544248139329f,-1.1209893331202165f,0.9045074704773686f,-0.052412629322262594f,0.4232247064363791f,2.5418741093751684f,-0.04734925026288499f,0.9739401301480906f,0.22180773518221303f,0.11931766528121768f,0f,0f,0f,1f], start_interpolation: 0, interpolation_duration: 1 }
$data merge entity $(bone_chest) { transformation: [-0.7728773357608687f,-0.6598243719928577f,0.3753711937569576f,-0.35374138605189565f,0.25946854583405243f,0.2738092672091742f,1.0155371337495482f,2.4757261528569847f,-0.713405781236075f,0.8144147557760216f,-0.03730828305268477f,0.6070288085962121f,0f,0f,0f,1f], start_interpolation: 0, interpolation_duration: 1 }
$data merge entity $(bone_chest1lid) { transformation: [-0.7134252330100327f,-0.6090686510703303f,0.34649648654488396f,-0.31664713355298757f,0.23950942692374075f,0.2527470158853916f,0.9374188926918908f,2.0179311427832296f,-0.6585284134486846f,0.7517674668701738f,-0.03443841512555518f,-0.11812907600111093f,0f,0f,0f,1f], start_interpolation: 0, interpolation_duration: 1 }
$data merge entity $(bone_chest1) { transformation: [-0.7134252330100327f,-0.6090686510703303f,0.34649648654488396f,-0.22148015682324848f,0.23950942692374075f,0.2527470158853916f,0.9374188926918908f,1.9784394215511374f,-0.6585284134486846f,0.7517674668701738f,-0.03443841512555518f,-0.23559274269957559f,0f,0f,0f,1f], start_interpolation: 0, interpolation_duration: 1 }
$data merge entity $(bone_chest1lid3) { transformation: [-0.7134252330100327f,-0.6090686510703303f,0.34649648654488396f,-0.05008374479704426f,0.23950942692374075f,0.2527470158853916f,0.9374188926918908f,2.6034957817312385f,-0.6585284134486846f,0.7517674668701738f,-0.03443841512555518f,-0.09903315985037701f,0f,0f,0f,1f], start_interpolation: 0, interpolation_duration: 1 }
$data merge entity $(bone_chest3) { transformation: [-0.7134252330100327f,-0.6090686510703303f,0.34649648654488396f,0.04508323193269484f,0.23950942692374075f,0.2527470158853916f,0.9374188926918908f,2.564004060499146f,-0.6585284134486846f,0.7517674668701738f,-0.03443841512555518f,-0.21649682654884167f,0f,0f,0f,1f], start_interpolation: 0, interpolation_duration: 1 }
$data merge entity $(bone_hugeasssword2) { transformation: [-1.3571112389674629f,0.44850313756377247f,-3.6465561559424016f,-1.8476234878183895f,-3.6715573297099056f,-0.022839898657433633f,1.3636065750283555f,3.3124276850049306f,0.13488379257509073f,3.890835521119152f,0.428349259221713f,0.6588401128868917f,0f,0f,0f,1f], start_interpolation: 0, interpolation_duration: 1 }
$data merge entity $(bone_belt) { transformation: [-0.7134252330100327f,-0.6090686510703303f,0.34649648654488396f,-0.1336382081692225f,0.23950942692374075f,0.2527470158853916f,0.9374188926918908f,2.244667769861173f,-0.6585284134486846f,0.7517674668701738f,-0.03443841512555518f,0.33317719007603325f,0f,0f,0f,1f], start_interpolation: 0, interpolation_duration: 1 }
$data merge entity $(bone_torn_part) { transformation: [-0.6737019071675073f,-0.6473933184974024f,0.3563813006370904f,-0.0372738421681823f,0.13915673226227776f,0.3624848543492451f,0.9215422585174764f,2.1343314064522816f,-0.7257831247314503f,0.6704376343347138f,-0.1541175990038919f,0.021460490820743555f,0f,0f,0f,1f], start_interpolation: 0, interpolation_duration: 1 }
$data merge entity $(bone_lowerbody) { transformation: [-0.6737019071675073f,-0.5102640577156694f,0.5345618127797789f,0.20249697671296735f,0.13915673226227776f,0.6228210516068484f,0.769889174843642f,1.708364375f,-0.7257831247314503f,0.5930636804584137f,-0.3485890514290033f,-0.14822379077133196f,0f,0f,0f,1f], start_interpolation: 0, interpolation_duration: 1 }
$data merge entity $(bone_leftfoot) { transformation: [-0.883036303884007f,0.14352533653499364f,0.4467960226122597f,0.06826064531781498f,0.4689862928485187f,0.23724503933648922f,0.8507662617912183f,0.7110294911538887f,0.016109180114189825f,0.9607787505195641f,-0.2768190437625074f,-1.4271751148002254f,0f,0f,0f,1f], start_interpolation: 0, interpolation_duration: 1 }
$data merge entity $(bone_leftlowerleg) { transformation: [-0.883036303884007f,0.14352533653499364f,0.4467960226122597f,0.15883581139454878f,0.4689862928485187f,0.23724503933648922f,0.8507662617912183f,0.8435066926459811f,0.016109180114189825f,0.9607787505195641f,-0.2768190437625074f,-0.31877915345179114f,0f,0f,0f,1f], start_interpolation: 0, interpolation_duration: 1 }
$data merge entity $(bone_leftleg) { transformation: [-0.8985082050438294f,0.41779936256222033f,0.13458841927599174f,0.5166091919859411f,0.4084098104117644f,0.9081170032679364f,-0.09240179866224091f,1.6712735106787966f,-0.16082422805144295f,-0.028057104595185012f,-0.9865839371289058f,-0.3237970884900765f,0f,0f,0f,1f], start_interpolation: 0, interpolation_duration: 1 }
$data merge entity $(bone_rightfoot) { transformation: [-0.7493502020558892f,0.04387978218518376f,0.6607075135895635f,-0.12776043420529443f,-0.36288520178146955f,0.8073949312139186f,-0.4652080331243323f,0.13750357065041008f,-0.5538667285258421f,-0.5883635982450136f,-0.5891040533492052f,0.7601099417940049f,0f,0f,0f,1f], start_interpolation: 0, interpolation_duration: 1 }
$data merge entity $(bone_rightlowerleg) { transformation: [-0.7493502020558892f,0.04387978218518376f,0.6607075135895635f,-0.18059611971127065f,-0.36288520178146955f,0.8073949312139186f,-0.4652080331243323f,1.1046845014702598f,-0.5538667285258421f,-0.5883635982450136f,-0.5891040533492052f,0.19790733545781503f,0f,0f,0f,1f], start_interpolation: 0, interpolation_duration: 1 }
$data merge entity $(bone_rightleg) { transformation: [-0.8148299938732996f,0.39938387900341477f,0.4201683092275226f,0.20822840307292867f,-0.13449108456327358f,0.5747800740813599f,-0.8071761933247513f,1.713873480833842f,-0.5638831698653833f,-0.7142131220659642f,-0.4146386195841484f,-0.5041720423522218f,0f,0f,0f,1f], start_interpolation: 0, interpolation_duration: 1 }
data modify entity @s data merge value {"locators":{"lefthand":{"posx":0.5249991631097727,"posy":1.9559086182305334,"posz":3.2132584614726944,"roty":88.32846769678716,"rotx":-26.408096386916394},"righthand":{"posx":-1.3727377045849118,"posy":2.52331931877974,"posz":-1.4556407833216254,"roty":60.67537721750692,"rotx":3.7427127288360995},"chest":{"posx":-0.35501495741529354,"posy":1.863147421898652,"posz":-0.1803125532374002,"roty":84.3239921539321,"rotx":69.62251506440526},"sack":{"posx":0,"posy":-0.4375,"posz":0,"roty":0,"rotx":0}},"cameras":{}}