# This file was generated by Animated Java via MC-Build. It is not recommended to edit this file directly.
$data merge entity $(bone_nose) { transformation: [-0.999732066253555f,0.020506390060420317f,0.01073702338115475f,0.009306281000415157f,0.021548429068545184f,0.6550951141545143f,0.7552390724900043f,3.4022882586589827f,0.008453455451792815f,0.7552680844425865f,-0.65536147255797f,1.0610243434324964f,0f,0f,0f,1f], start_interpolation: 0, interpolation_duration: 1 }
$data merge entity $(bone_glowing_eye) { transformation: [-0.999732066253555f,0.020506390060420317f,0.01073702338115475f,-0.11464645320129453f,0.021548429068545184f,0.6550951141545143f,0.7552390724900043f,3.422982534709655f,0.008453455451792815f,0.7552680844425865f,-0.65536147255797f,1.1360880594197507f,0f,0f,0f,1f], start_interpolation: 0, interpolation_duration: 1 }
$data merge entity $(bone_head) { transformation: [-0.999732066253555f,0.020506390060420317f,0.01073702338115475f,0.008784777351461534f,0.021548429068545184f,0.6550951141545143f,0.7552390724900043f,3.4628214536545308f,0.008453455451792815f,0.7552680844425865f,-0.65536147255797f,0.8450464880344474f,0f,0f,0f,1f], start_interpolation: 0, interpolation_duration: 1 }
$data merge entity $(bone_leftthumb2) { transformation: [-0.9102259300984772f,0.1993113702364802f,0.3629927463060637f,1.297036116758044f,-0.019333930219210316f,0.8551476510043187f,-0.518023835478711f,2.038503392589336f,-0.4136604347996561f,-0.47853680388895126f,-0.7745240938828868f,1.3932721018365661f,0f,0f,0f,1f], start_interpolation: 0, interpolation_duration: 1 }
$data merge entity $(bone_leftthumb) { transformation: [-0.9102259300984772f,0.1993113702364802f,0.3629927463060637f,1.3769361880907145f,-0.019333930219210316f,0.8551476510043187f,-0.518023835478711f,2.203952918470341f,-0.4136604347996561f,-0.47853680388895126f,-0.7745240938828868f,1.2097256469558333f,0f,0f,0f,1f], start_interpolation: 0, interpolation_duration: 1 }
$data merge entity $(bone_leftpointerfinger) { transformation: [-0.9102259300984772f,0.1993113702364802f,0.3629927463060637f,1.428108390819487f,-0.019333930219210316f,0.8551476510043187f,-0.518023835478711f,1.9011898768142101f,-0.4136604347996561f,-0.47853680388895126f,-0.7745240938828868f,1.3756838288873476f,0f,0f,0f,1f], start_interpolation: 0, interpolation_duration: 1 }
$data merge entity $(bone_leftmidfinger) { transformation: [-0.9102259300984772f,0.1993113702364802f,0.3629927463060637f,1.4848260074298094f,-0.019333930219210316f,0.8551476510043187f,-0.518023835478711f,1.8202486525206614f,-0.4136604347996561f,-0.47853680388895126f,-0.7745240938828868f,1.2546644392181465f,0f,0f,0f,1f], start_interpolation: 0, interpolation_duration: 1 }
$data merge entity $(bone_leftringfinger) { transformation: [-0.9102259300984772f,0.1993113702364802f,0.3629927463060637f,1.541543624040132f,-0.019333930219210316f,0.8551476510043187f,-0.518023835478711f,1.7393074282271128f,-0.4136604347996561f,-0.47853680388895126f,-0.7745240938828868f,1.1336450495489454f,0f,0f,0f,1f], start_interpolation: 0, interpolation_duration: 1 }
$data merge entity $(bone_invisibility) { transformation: [0.23018983271529947f,-0.3442403188048487f,0.9102259300984771f,1.267897186723573f,0.8067448038739747f,0.5905836270712391f,0.019333930219210246f,2.0072847840854156f,-0.5442200495542625f,0.729869565295413f,0.4136604347996558f,1.2699864123708982f,0f,0f,0f,1f], start_interpolation: 0, interpolation_duration: 1 }
$data merge entity $(bone_swiftness) { transformation: [0.3629927463060635f,0.1993113702364802f,0.9102259300984773f,1.2615607928510075f,-0.518023835478711f,0.8551476510043187f,0.0193339302192102f,1.7933469208662132f,-0.7745240938828869f,-0.47853680388895126f,0.4136604347996559f,1.1680203751897618f,0f,0f,0f,1f], start_interpolation: 0, interpolation_duration: 1 }
$data merge entity $(bone_suspicious_stew) { transformation: [0.3340448103586182f,-0.24475052778050638f,0.9102259300984774f,1.326615606176125f,0.5561006422810506f,0.8308900497640357f,0.019333930219210413f,1.8700702687923296f,-0.7610296579812628f,0.49971882529506717f,0.41366043479965614f,1.1471945574501516f,0f,0f,0f,1f], start_interpolation: 0, interpolation_duration: 1 }
$data merge entity $(bone_log) { transformation: [-0.9102259300984772f,0.1993113702364802f,0.3629927463060637f,1.2832111314920496f,-0.019333930219210316f,0.8551476510043187f,-0.518023835478711f,1.950868801921754f,-0.4136604347996561f,-0.47853680388895126f,-0.7745240938828868f,1.0122909743008046f,0f,0f,0f,1f], start_interpolation: 0, interpolation_duration: 1 }
$data merge entity $(bone_planks) { transformation: [-0.9102259300984772f,0.1993113702364802f,0.3629927463060637f,1.1978774505453174f,-0.019333930219210316f,0.8551476510043187f,-0.518023835478711f,1.9490562459637029f,-0.4136604347996561f,-0.47853680388895126f,-0.7745240938828868f,0.9735103085383369f,0f,0f,0f,1f], start_interpolation: 0, interpolation_duration: 1 }
$data merge entity $(bone_lefthand1) { transformation: [-0.9102259300984772f,0.1993113702364802f,0.3629927463060637f,1.5492519332537245f,-0.019333930219210316f,0.8551476510043187f,-0.518023835478711f,2.185677442086346f,-0.4136604347996561f,-0.47853680388895126f,-0.7745240938828868f,1.020275759962321f,0f,0f,0f,1f], start_interpolation: 0, interpolation_duration: 1 }
$data merge entity $(bone_leftforearm) { transformation: [-0.7418198137073138f,0.10363664753502805f,0.6625426848731683f,1.5743807163650565f,-0.3864206067269057f,0.7414063325886792f,-0.5486308091004504f,2.681717890784468f,-0.5480715999648735f,-0.6630053508721518f,-0.5099425713027287f,0.5286497016687991f,0f,0f,0f,1f], start_interpolation: 0, interpolation_duration: 1 }
$data merge entity $(bone_leftelbow) { transformation: [-0.7418198137073138f,0.10363664753502805f,0.6625426848731683f,1.5938125877778742f,-0.3864206067269057f,0.7414063325886792f,-0.5486308091004504f,2.820731578144845f,-0.5480715999648735f,-0.6630053508721518f,-0.5099425713027287f,0.40433619838027063f,0f,0f,0f,1f], start_interpolation: 0, interpolation_duration: 1 }
$data merge entity $(bone_leftarm) { transformation: [-0.6535483837879665f,-0.7216485921225693f,0.22824946776641186f,0.8902566318836609f,-0.666696670729497f,0.6916366495596211f,0.27776661826819027f,3.004096851813541f,-0.3583155861616145f,0.029360764183778365f,-0.9331387282929604f,0.5279983892199198f,0f,0f,0f,1f], start_interpolation: 0, interpolation_duration: 1 }
$data merge entity $(bone_rightthumb2) { transformation: [-0.9835895032894049f,-0.17255421197925017f,-0.05269471460329078f,-1.4579096282411603f,-0.1037073822927147f,0.7797177110026161f,-0.6174828499698057f,2.12277591304016f,0.14763626883965536f,-0.6018848187793584f,-0.784817301698965f,1.6038786846869233f,0f,0f,0f,1f], start_interpolation: 0, interpolation_duration: 1 }
$data merge entity $(bone_rightthumb) { transformation: [-0.9835895032894049f,-0.17255421197925017f,-0.05269471460329078f,-1.5047304131456922f,-0.1037073822927147f,0.7797177110026161f,-0.6174828499698057f,2.261227293129424f,0.14763626883965536f,-0.6018848187793584f,-0.784817301698965f,1.3892024224574873f,0f,0f,0f,1f], start_interpolation: 0, interpolation_duration: 1 }
$data merge entity $(bone_rightpointerfinger) { transformation: [-0.9835895032894049f,-0.17255421197925017f,-0.05269471460329078f,-1.5581612290093085f,-0.1037073822927147f,0.7797177110026161f,-0.6174828499698057f,1.9650949156760906f,0.14763626883965536f,-0.6018848187793584f,-0.784817301698965f,1.5660552845066624f,0f,0f,0f,1f], start_interpolation: 0, interpolation_duration: 1 }
$data merge entity $(bone_rightmidfinger) { transformation: [-0.9835895032894049f,-0.17255421197925017f,-0.05269471460329078f,-1.5663947781660728f,-0.1037073822927147f,0.7797177110026161f,-0.6174828499698057f,1.8686132203683083f,0.14763626883965536f,-0.6018848187793584f,-0.784817301698965f,1.4434275811161992f,0f,0f,0f,1f], start_interpolation: 0, interpolation_duration: 1 }
$data merge entity $(bone_rightringfinger) { transformation: [-0.9835895032894049f,-0.17255421197925017f,-0.05269471460329078f,-1.574628327322837f,-0.1037073822927147f,0.7797177110026161f,-0.6174828499698057f,1.7721315250605263f,0.14763626883965536f,-0.6018848187793584f,-0.784817301698965f,1.320799877725736f,0f,0f,0f,1f], start_interpolation: 0, interpolation_duration: 1 }
$data merge entity $(bone_hugeasssword) { transformation: [-3.852392221216836f,-0.6758373302520632f,-0.20638763219622225f,-1.3393555357474334f,-0.4061872473131326f,3.05389436809358f,-2.418474495715073f,2.0641888233679953f,0.5782420529553168f,-2.357382206885821f,-3.073867764987613f,1.294216613730155f,0f,0f,0f,1f], start_interpolation: 0, interpolation_duration: 1 }
$data merge entity $(bone_ice) { transformation: [-0.9835895032894049f,-0.17255421197925017f,-0.05269471460329078f,-1.3212907901963606f,-0.1037073822927147f,0.7797177110026161f,-0.6174828499698057f,2.053626161981903f,0.14763626883965536f,-0.6018848187793584f,-0.784817301698965f,1.3013142473229629f,0f,0f,0f,1f], start_interpolation: 0, interpolation_duration: 1 }
$data merge entity $(bone_righthand1) { transformation: [-0.9835895032894049f,-0.17255421197925017f,-0.05269471460329078f,-1.6119734288448773f,-0.1037073822927147f,0.7797177110026161f,-0.6174828499698057f,2.203332405097822f,0.14763626883965536f,-0.6018848187793584f,-0.784817301698965f,1.1632265691599444f,0f,0f,0f,1f], start_interpolation: 0, interpolation_duration: 1 }
$data merge entity $(bone_rightforearm) { transformation: [-0.4753332859418077f,0.07098663554002349f,-0.8769373779526518f,-1.5574617300506661f,0.4317628723202885f,0.887282055764623f,-0.16220781609971474f,2.7743677422414157f,0.7665762123634534f,-0.45573177538198106f,-0.4524040887809144f,0.767306205918251f,0f,0f,0f,1f], start_interpolation: 0, interpolation_duration: 1 }
$data merge entity $(bone_rightelbow) { transformation: [-0.4753332859418077f,0.07098663554002349f,-0.8769373779526518f,-1.5441517358869117f,0.4317628723202885f,0.887282055764623f,-0.16220781609971474f,2.9407331276972823f,0.7665762123634534f,-0.45573177538198106f,-0.4524040887809144f,0.6818564980341296f,0f,0f,0f,1f], start_interpolation: 0, interpolation_duration: 1 }
$data merge entity $(bone_rightarm) { transformation: [-0.5073428941514306f,0.7832975743925619f,-0.3592326512231028f,-0.9165824588680916f,0.7732812295464073f,0.5977940940413429f,0.21137256482449873f,3.0379802102399784f,0.38031477460814905f,-0.17054949744874445f,-0.908995897204566f,0.5642130793127123f,0f,0f,0f,1f], start_interpolation: 0, interpolation_duration: 1 }
$data merge entity $(bone_chest1) { transformation: [-1.0830430717746846f,0.022215255898788675f,0.011631775329584312f,-0.006125662052710753f,0.023344131490923948f,0.7096863736673904f,0.8181756618641713f,3.094405256535216f,0.00915791007277555f,0.8182070914794687f,-0.7099749286044674f,0.2956227488973533f,0f,0f,0f,1f], start_interpolation: 0, interpolation_duration: 1 }
$data merge entity $(bone_chest1lid) { transformation: [-0.999732066253555f,0.020506390060420317f,0.01073702338115475f,-0.3656777420201294f,0.021548429068545184f,0.6550951141545143f,0.7552390724900043f,2.358498441176424f,0.008453455451792815f,0.7552680844425865f,-0.65536147255797f,0.03877712734594216f,0f,0f,0f,1f], start_interpolation: 0, interpolation_duration: 1 }
$data merge entity $(bone_chest2) { transformation: [-0.999732066253555f,0.020506390060420317f,0.01073702338115475f,-0.3688818654670701f,0.021548429068545184f,0.6550951141545143f,0.7552390724900043f,2.256139829589781f,0.008453455451792815f,0.7552680844425865f,-0.65536147255797f,-0.07923351084821198f,0f,0f,0f,1f], start_interpolation: 0, interpolation_duration: 1 }
$data merge entity $(bone_chest1lid3) { transformation: [-0.999732066253555f,0.020506390060420317f,0.01073702338115475f,-0.29631608227573f,0.021548429068545184f,0.6550951141545143f,0.7552390724900043f,2.840976695173549f,0.008453455451792815f,0.7552680844425865f,-0.65536147255797f,-0.38159215697724436f,0f,0f,0f,1f], start_interpolation: 0, interpolation_duration: 1 }
$data merge entity $(bone_chest3) { transformation: [-0.999732066253555f,0.020506390060420317f,0.01073702338115475f,-0.29952020572267063f,0.021548429068545184f,0.6550951141545143f,0.7552390724900043f,2.738618083586906f,0.008453455451792815f,0.7552680844425865f,-0.65536147255797f,-0.4996027951713985f,0f,0f,0f,1f], start_interpolation: 0, interpolation_duration: 1 }
$data merge entity $(bone_hugeasssword2) { transformation: [-0.042053341576190305f,2.9411570372937597f,-2.5861369987333322f,-1.211209285259419f,-2.9580197005858504f,1.6711973134855866f,1.948716697758383f,4.081147268859548f,2.5668324341853825f,1.9740751250025237f,2.2033330282637698f,1.0087505504325462f,0f,0f,0f,1f], start_interpolation: 0, interpolation_duration: 1 }
$data merge entity $(bone_belt) { transformation: [-0.999732066253555f,0.020506390060420317f,0.01073702338115475f,0.01632069280838896f,0.021548429068545184f,0.6550951141545143f,0.7552390724900043f,2.7339083677798963f,0.008453455451792815f,0.7552680844425865f,-0.65536147255797f,0.08029451437155577f,0f,0f,0f,1f], start_interpolation: 0, interpolation_duration: 1 }
$data merge entity $(bone_torn_part) { transformation: [-0.999773647336154f,-0.020233371654453908f,-0.006577595583205961f,-0.09700818130759614f,-0.02127378320862745f,0.9548265522151809f,0.2964012168208199f,2.5015298042935177f,0.0002832669338103266f,0.29647405595829646f,-0.9550408650437326f,-0.04762661045821184f,0f,0f,0f,1f], start_interpolation: 0, interpolation_duration: 1 }
$data merge entity $(bone_lowerbody) { transformation: [-0.999773647336154f,-0.021274830656305112f,-0.0001888722028505366f,0.011040624999999988f,-0.02127378320862745f,0.999763832750249f,-0.004439017067358096f,2.016065625f,0.0002832669338103266f,-0.004433994257722463f,-0.9999901296786717f,0.095134375f,0f,0f,0f,1f], start_interpolation: 0, interpolation_duration: 1 }
$data merge entity $(bone_leftfoot) { transformation: [-0.9376869677089816f,-0.11787924997653534f,-0.32685419183383335f,0.7465580335491233f,-0.1855038053065276f,0.9652460534936973f,0.18406159612775264f,0.20498476345539918f,0.29378876040292246f,0.23323124550650215f,-0.9269924725904485f,0.15450714128663845f,0f,0f,0f,1f], start_interpolation: 0, interpolation_duration: 1 }
$data merge entity $(bone_leftlowerleg) { transformation: [-0.9376869677089816f,-0.11787924997653534f,-0.32685419183383335f,0.6660054571945837f,-0.1855038053065276f,0.9652460534936973f,0.18406159612775264f,1.2475243450744233f,0.29378876040292246f,0.23323124550650215f,-0.9269924725904485f,0.5556763920918691f,0f,0f,0f,1f], start_interpolation: 0, interpolation_duration: 1 }
$data merge entity $(bone_leftleg) { transformation: [-0.9098856511180662f,-0.36829127258555217f,-0.1909288124032788f,0.2871108126802646f,-0.1582786207596627f,0.7336378084205251f,-0.6608567754959713f,1.977167312914639f,0.3834527092091954f,-0.5710841484345748f,-0.7258336661903614f,0.07190313013469797f,0f,0f,0f,1f], start_interpolation: 0, interpolation_duration: 1 }
$data merge entity $(bone_rightfoot) { transformation: [-0.9599186945343993f,0.07195969456542425f,0.2708551701645762f,-0.7434243856439572f,0.12623623432772674f,0.9738884847746956f,0.18866240567829118f,0.20355072322507883f,-0.2502023332568153f,0.2153009250618938f,-0.9439660017786684f,0.1534790267687881f,0f,0f,0f,1f], start_interpolation: 0, interpolation_duration: 1 }
$data merge entity $(bone_rightlowerleg) { transformation: [-0.9599186945343993f,0.07195969456542425f,0.2708551701645762f,-0.7052098113898573f,0.12623623432772674f,0.9738884847746956f,0.18866240567829118f,1.2549711077875623f,-0.2502023332568153f,0.2153009250618938f,-0.9439660017786684f,0.5373647368313612f,0f,0f,0f,1f], start_interpolation: 0, interpolation_duration: 1 }
$data merge entity $(bone_rightleg) { transformation: [-0.9158818145505051f,0.3992826404971915f,0.04143829236070874f,-0.30603243678835623f,0.28832742624637386f,0.7261584361281803f,-0.6241533060595796f,1.9654917517317325f,-0.2792987596639416f,-0.5597028663831068f,-0.780215046356532f,0.05469931661502543f,0f,0f,0f,1f], start_interpolation: 0, interpolation_duration: 1 }
$data merge entity $(bone_sack_top) { transformation: [-1f,0f,1.2246467991473532e-16f,-0.0625f,0f,1f,0f,-0.8125f,-1.2246467991473532e-16f,0f,-1f,-7.654042494670958e-18f,0f,0f,0f,1f], start_interpolation: 0, interpolation_duration: 1 }
$data merge entity $(bone_sack_main) { transformation: [-1.1666666666666667f,0f,1.4287545990052456e-16f,-0.0625f,0f,1.1666666666666667f,0f,-0.8125f,-1.4287545990052456e-16f,0f,-1.1666666666666667f,-7.654042494670958e-18f,0f,0f,0f,1f], start_interpolation: 0, interpolation_duration: 1 }
data modify entity @s data merge value {"locators":{"lefthand":{"posx":1.3473018499780245,"posy":1.8939670700744473,"posz":1.1005592668340167,"roty":25.110866921538786,"rotx":-31.199787399872815},"righthand":{"posx":-1.40998279165189,"posy":2.0413686751883233,"posz":1.3368223681591542,"roty":356.15877477387903,"rotx":-38.13255094423512},"chest":{"posx":-0.3998786783726347,"posy":2.2002222798735955,"posz":0.09423727263833184,"roty":0.9386134480997157,"rotx":49.04626378206101},"sack":{"posx":0,"posy":-0.4375,"posz":0,"roty":0,"rotx":0}},"cameras":{}}
execute on vehicle unless entity @s[tag=aj.transforms_only] run function animated_java:wander/variants/pufferfish/apply