# This file was generated by Animated Java via MC-Build. It is not recommended to edit this file directly.
$data merge entity $(bone_nose) { transformation: [-0.9877473620321069f,0.13790385313326406f,-0.07305940110357426f,0.1371060681293902f,0.0438711740281722f,0.6946309230377751f,0.7180272981224866f,3.3786924069569735f,0.14976805029112064f,0.7060243678873181f,-0.6921698657564549f,1.038444234766168f,0f,0f,0f,1f], start_interpolation: 0, interpolation_duration: 1 }
$data merge entity $(bone_glowing_eye) { transformation: [-0.9877473620321069f,0.13790385313326406f,-0.07305940110357426f,0.02552431266494047f,0.0438711740281722f,0.6946309230377751f,0.7180272981224866f,3.4061524497413567f,0.14976805029112064f,0.7060243678873181f,-0.6921698657564549f,1.1291225272782563f,0f,0f,0f,1f], start_interpolation: 0, interpolation_duration: 1 }
$data merge entity $(bone_head) { transformation: [-0.9877473620321069f,0.13790385313326406f,-0.07305940110357426f,0.10639739314038604f,0.0438711740281722f,0.6946309230377751f,0.7180272981224866f,3.42737575301183f,0.14976805029112064f,0.7060243678873181f,-0.6921698657564549f,0.8216542839333668f,0f,0f,0f,1f], start_interpolation: 0, interpolation_duration: 1 }
$data merge entity $(bone_leftthumb2) { transformation: [-0.9281311985988205f,0.23066683303208507f,0.29217339085971583f,1.4541327612101271f,0.04534148207561541f,0.8490848986763228f,-0.5263069302631356f,2.0461644828153966f,-0.3694815667806754f,-0.4752343074513523f,-0.7985209607959769f,1.1876606735034998f,0f,0f,0f,1f], start_interpolation: 0, interpolation_duration: 1 }
$data merge entity $(bone_leftthumb) { transformation: [-0.9281311985988205f,0.23066683303208507f,0.29217339085971583f,1.5356704795593925f,0.04534148207561541f,0.8490848986763228f,-0.5263069302631356f,2.2094193115860628f,-0.3694815667806754f,-0.4752343074513523f,-0.7985209607959769f,1.0028734188511392f,0f,0f,0f,1f], start_interpolation: 0, interpolation_duration: 1 }
$data merge entity $(bone_leftpointerfinger) { transformation: [-0.8695026879191154f,0.4072204247556751f,0.2795292495665531f,1.5930296038749303f,0.19066713299518107f,0.7987905579352576f,-0.5705959068805853f,1.9191290945508388f,-0.45564363278425235f,-0.4428376341451649f,-0.7721940880943609f,1.177436996456541f,0f,0f,0f,1f], start_interpolation: 0, interpolation_duration: 1 }
$data merge entity $(bone_leftmidfinger) { transformation: [-0.8667827963544779f,0.412978186567609f,0.2795292495665531f,1.636706049119704f,0.19596068036020464f,0.7975084468542561f,-0.5705959068805853f,1.8299734841007473f,-0.4585706005586019f,-0.43980597382873376f,-0.7721940880943609f,1.056781670191797f,0f,0f,0f,1f], start_interpolation: 0, interpolation_duration: 1 }
$data merge entity $(bone_leftringfinger) { transformation: [-0.8667827963544779f,0.412978186567609f,0.2795292495665531f,1.680382494364478f,0.19596068036020464f,0.7975084468542561f,-0.5705959068805853f,1.7408178736506559f,-0.4585706005586019f,-0.43980597382873376f,-0.7721940880943609f,0.9361263439270531f,0f,0f,0f,1f], start_interpolation: 0, interpolation_duration: 1 }
$data merge entity $(bone_invisibility) { transformation: [0.1511191136035555f,-0.26737579660611366f,0.9516686381787103f,1.4378551034372946f,0.766327210157907f,0.6398204339880331f,0.05807253415310392f,2.0167722743608203f,-0.6244242311724248f,0.7205137026043363f,0.30158644512662486f,1.0895826455368183f,0f,0f,0f,1f], start_interpolation: 0, interpolation_duration: 1 }
$data merge entity $(bone_swiftness) { transformation: [0.2795292495665529f,0.12724072360623384f,0.9516686381787105f,1.423470419926687f,-0.5705959068805853f,0.8191751289121019f,0.058072534153103886f,1.7958308067303486f,-0.772194088094361f,-0.5592512015436379f,0.30158644512662497f,1.0048207395523245f,0f,0f,0f,1f], start_interpolation: 0, interpolation_duration: 1 }
$data merge entity $(bone_suspicious_stew) { transformation: [0.2334534241900067f,-0.1995652821535828f,0.9516686381787106f,1.4843024288119813f,0.5012805479575586f,0.8633338826991594f,0.058072534153104115f,1.8713867076529558f,-0.8331970421054855f,0.46349574447081443f,0.30158644512662514f,0.9710111540914835f,0f,0f,0f,1f], start_interpolation: 0, interpolation_duration: 1 }
$data merge entity $(bone_log) { transformation: [-0.9516686381787104f,0.12724072360623384f,0.2795292495665531f,1.4240915180069385f,-0.05807253415310401f,0.8191751289121019f,-0.5705959068805853f,1.9415926155550876f,-0.30158644512662514f,-0.5592512015436379f,-0.7721940880943609f,0.8366344267884845f,0f,0f,0f,1f], start_interpolation: 0, interpolation_duration: 1 }
$data merge entity $(bone_planks) { transformation: [-0.9516686381787104f,0.12724072360623384f,0.2795292495665531f,1.3348725831776844f,-0.05807253415310401f,0.8191751289121019f,-0.5705959068805853f,1.936148315478234f,-0.30158644512662514f,-0.5592512015436379f,-0.7721940880943609f,0.8083606975578634f,0f,0f,0f,1f], start_interpolation: 0, interpolation_duration: 1 }
$data merge entity $(bone_lefthand1) { transformation: [-0.9516686381787104f,0.12724072360623384f,0.2795292495665531f,1.6850835694042197f,-0.05807253415310401f,0.8191751289121019f,-0.5705959068805853f,2.1787356534114073f,-0.30158644512662514f,-0.5592512015436379f,-0.7721940880943609f,0.79634930293718f,0f,0f,0f,1f], start_interpolation: 0, interpolation_duration: 1 }
$data merge entity $(bone_leftforearm) { transformation: [-0.8140093108322304f,-0.012805816559073785f,0.5807106447626842f,1.625438122473071f,-0.41306628607630247f,0.7156429329215703f,-0.5632330209305406f,2.6552868875416715f,-0.40836881025069394f,-0.6983489125227215f,-0.5878296617156745f,0.28943393854027294f,0f,0f,0f,1f], start_interpolation: 0, interpolation_duration: 1 }
$data merge entity $(bone_leftelbow) { transformation: [-0.8140093108322304f,-0.012805816559073785f,0.5807106447626842f,1.6230370318682446f,-0.41306628607630247f,0.7156429329215703f,-0.5632330209305406f,2.789469937464466f,-0.40836881025069394f,-0.6983489125227215f,-0.5878296617156745f,0.15849351744226267f,0f,0f,0f,1f], start_interpolation: 0, interpolation_duration: 1 }
$data merge entity $(bone_leftarm) { transformation: [-0.6912703698806024f,-0.7199224398436396f,0.06210439867445733f,0.9444773590469877f,-0.6825232252684268f,0.6787422905715363f,0.2710552525941684f,2.964588821390895f,-0.23729164059089664f,0.14498477023220407f,-0.9605582198421891f,0.4039266916127136f,0f,0f,0f,1f], start_interpolation: 0, interpolation_duration: 1 }
$data merge entity $(bone_rightthumb2) { transformation: [-0.8427133151644626f,-0.48607320244440416f,-0.23144569624419886f,-1.061901782435636f,-0.2771523140085482f,0.7602589665520622f,-0.5875311894843515f,2.1117713204848814f,0.46154183264816595f,-0.43097464617147896f,-0.7753966669216089f,1.6588576812317604f,0f,0f,0f,1f], start_interpolation: 0, interpolation_duration: 1 }
$data merge entity $(bone_rightthumb) { transformation: [-0.8427133151644626f,-0.48607320244440416f,-0.23144569624419886f,-1.2008863603728965f,-0.2771523140085482f,0.7602589665520622f,-0.5875311894843515f,2.2480101834641664f,0.46154183264816595f,-0.43097464617147896f,-0.7753966669216089f,1.486900920904598f,0f,0f,0f,1f], start_interpolation: 0, interpolation_duration: 1 }
$data merge entity $(bone_rightpointerfinger) { transformation: [-0.7481477532374422f,-0.6351255916576629f,-0.19206879535018234f,-1.1665826974834308f,-0.3907236141299978f,0.6556457467174889f,-0.646114318191803f,1.9581319001717434f,0.5362928273685553f,-0.40834316160892137f,-0.7386784589253099f,1.6680769719234998f,0f,0f,0f,1f], start_interpolation: 0, interpolation_duration: 1 }
$data merge entity $(bone_rightmidfinger) { transformation: [-0.7439190174420834f,-0.640073490578023f,-0.19206879535018234f,-1.1965934467568968f,-0.3950633962134493f,0.6530399687613586f,-0.646114318191803f,1.8571765379542742f,0.5389892470729818f,-0.404777378146839f,-0.7386784589253099f,1.5526584627164202f,0f,0f,0f,1f], start_interpolation: 0, interpolation_duration: 1 }
$data merge entity $(bone_rightringfinger) { transformation: [-0.7439190174420834f,-0.640073490578023f,-0.19206879535018234f,-1.2266041960303629f,-0.3950633962134493f,0.6530399687613586f,-0.646114318191803f,1.7562211757368051f,0.5389892470729818f,-0.404777378146839f,-0.7386784589253099f,1.4372399535093405f,0f,0f,0f,1f], start_interpolation: 0, interpolation_duration: 1 }
$data merge entity $(bone_hugeasssword) { transformation: [-3.5421321977439f,-1.4925374194321332f,-0.7522694484548809f,-1.0479566212049278f,-0.6883249032149632f,2.909033739667538f,-2.5306144129178954f,2.0614820165484535f,1.5230844031431259f,-2.156416594920505f,-2.893157297457464f,1.3564591702068982f,0f,0f,0f,1f], start_interpolation: 0, interpolation_duration: 1 }
$data merge entity $(bone_ice) { transformation: [-0.9043741781473786f,-0.3810733836847999f,-0.19206879535018234f,-1.0278715030513002f,-0.17574252848041613f,0.7427320186385202f,-0.646114318191803f,2.052622805764733f,0.38887261356845765f,-0.5505744497669374f,-0.7386784589253099f,1.3589857613974994f,0f,0f,0f,1f], start_interpolation: 0, interpolation_duration: 1 }
$data merge entity $(bone_righthand1) { transformation: [-0.9043741781473786f,-0.3810733836847999f,-0.19206879535018234f,-1.355235543364038f,-0.17574252848041613f,0.7427320186385202f,-0.646114318191803f,2.174179105860765f,0.38887261356845765f,-0.5505744497669374f,-0.7386784589253099f,1.2954766005064635f,0f,0f,0f,1f], start_interpolation: 0, interpolation_duration: 1 }
$data merge entity $(bone_rightforearm) { transformation: [-0.3064545887578535f,-0.11903287056175985f,-0.9444134479956763f,-1.4486262049098486f,0.41887846823944563f,0.8740602729213014f,-0.24608833403092387f,2.733901165904984f,0.8547668769171103f,-0.47100935768471436f,-0.21799947499662053f,0.8907603845755302f,0f,0f,0f,1f], start_interpolation: 0, interpolation_duration: 1 }
$data merge entity $(bone_rightelbow) { transformation: [-0.3064545887578535f,-0.11903287056175985f,-0.9444134479956763f,-1.4709448681401787f,0.41887846823944563f,0.8740602729213014f,-0.24608833403092387f,2.8977874670777277f,0.8547668769171103f,-0.47100935768471436f,-0.21799947499662053f,0.8024461300096463f,0f,0f,0f,1f], start_interpolation: 0, interpolation_duration: 1 }
$data merge entity $(bone_rightarm) { transformation: [-0.47472425488553205f,0.7585043707863357f,-0.4464392470666094f,-0.8448862615093798f,0.7479955847809527f,0.6150121164560095f,0.24952495218013798f,3.0079939637266944f,0.46383131305634884f,-0.21547903867969276f,-0.859319089115387f,0.6427247716736617f,0f,0f,0f,1f], start_interpolation: 0, interpolation_duration: 1 }
$data merge entity $(bone_chest1) { transformation: [-1.0741607942038693f,0.12260045570421693f,-0.06898425593961015f,0.024584492283636385f,0.028225877687809316f,0.7082708284901887f,0.8192477308175381f,3.0599088154487113f,0.13781509037538714f,0.8105138326284448f,-0.7054682410242745f,0.2775091197704793f,0f,0f,0f,1f], start_interpolation: 0, interpolation_duration: 1 }
$data merge entity $(bone_chest1lid) { transformation: [-0.9915330408035719f,0.11316965141927718f,-0.06367777471348629f,-0.3663789158263753f,0.026054656327208603f,0.6537884570678666f,0.7562286746008045f,2.3260463306705965f,0.12721392957728045f,0.7481666147339491f,-0.6512014532531766f,0.06443711465286178f,0f,0f,0f,1f], start_interpolation: 0, interpolation_duration: 1 }
$data merge entity $(bone_chest2) { transformation: [-0.9915330408035719f,0.11316965141927718f,-0.06367777471348629f,-0.38406167386063733f,0.026054656327208603f,0.6537884570678666f,0.7562286746008045f,2.2238918842537423f,0.12721392957728045f,0.7481666147339491f,-0.6512014532531766f,-0.05246391889931776f,0f,0f,0f,1f], start_interpolation: 0, interpolation_duration: 1 }
$data merge entity $(bone_chest1lid3) { transformation: [-0.9915330408035719f,0.11316965141927718f,-0.06367777471348629f,-0.34520167520197914f,0.026054656327208603f,0.6537884570678666f,0.7562286746008045f,2.8088769093162864f,0.12721392957728045f,0.7481666147339491f,-0.6512014532531766f,-0.3606896869360344f,0f,0f,0f,1f], start_interpolation: 0, interpolation_duration: 1 }
$data merge entity $(bone_chest3) { transformation: [-0.9915330408035719f,0.11316965141927718f,-0.06367777471348629f,-0.3628844332362412f,0.026054656327208603f,0.6537884570678666f,0.7562286746008045f,2.706722462899432f,0.12721392957728045f,0.7481666147339491f,-0.6512014532531766f,-0.477590720488214f,0f,0f,0f,1f], start_interpolation: 0, interpolation_duration: 1 }
$data merge entity $(bone_hugeasssword2) { transformation: [0.2494046176278205f,3.162673662925751f,-2.296860991945204f,-1.0825950251434895f,-2.961895642186484f,1.6547273229568678f,1.9568672589714644f,4.050948794387674f,2.550539025241609f,1.6123431912200286f,2.4970738659927094f,1.1298182629009488f,0f,0f,0f,1f], start_interpolation: 0, interpolation_duration: 1 }
$data merge entity $(bone_belt) { transformation: [-0.9915330408035719f,0.11316965141927718f,-0.06367777471348629f,0.019598768818865235f,0.026054656327208603f,0.6537884570678666f,0.7562286746008045f,2.699658537194096f,0.12721392957728045f,0.7481666147339491f,-0.6512014532531766f,0.06066130721103097f,0f,0f,0f,1f], start_interpolation: 0, interpolation_duration: 1 }
$data merge entity $(bone_torn_part) { transformation: [-0.9985998005498025f,0.024186456101001987f,-0.04704735575108295f,-0.11717450439425395f,0.008096228848648857f,0.9487583077024863f,0.31589891523071856f,2.461822117664277f,0.052277044869856217f,0.31507568758440996f,-0.9476256759253023f,-0.062203758220661126f,0f,0f,0f,1f], start_interpolation: 0, interpolation_duration: 1 }
$data merge entity $(bone_lowerbody) { transformation: [-0.9985998005498025f,0.008919620436362104f,-0.052142868286716694f,-0.016677685185185195f,0.008096228848648857f,0.999839516086049f,0.01598102472451629f,1.97058125f,0.052277044869856217f,0.01553648750800922f,-0.9985117566336354f,0.06552060185185185f,0f,0f,0f,1f], start_interpolation: 0, interpolation_duration: 1 }
$data merge entity $(bone_leftfoot) { transformation: [-0.9366259474799358f,-0.12733082957727002f,-0.32635007260030063f,0.7409338774741451f,-0.19786193857749568f,0.9610663551448273f,0.192882941359927f,0.20911436499514946f,0.2890722720670643f,0.24524688378526505f,-0.9253776513212577f,0.16360387593994996f,0f,0f,0f,1f], start_interpolation: 0, interpolation_duration: 1 }
$data merge entity $(bone_leftlowerleg) { transformation: [-0.9366259474799358f,-0.12733082957727002f,-0.32635007260030063f,0.6498184992853298f,-0.19786193857749568f,0.9610663551448273f,0.192882941359927f,1.2456617326568578f,0.2890722720670643f,0.24524688378526505f,-0.9253776513212577f,0.5778548652375151f,0f,0f,0f,1f], start_interpolation: 0, interpolation_duration: 1 }
$data merge entity $(bone_leftleg) { transformation: [-0.9184949612399517f,-0.37119226224896884f,-0.13626144126376213f,0.270411926707105f,-0.17193471074135203f,0.6852462335507907f,-0.7077397110702957f,1.9228597727846033f,0.3560694616491386f,-0.6266210209137161f,-0.6932368436536366f,0.04090382399024674f,0f,0f,0f,1f], start_interpolation: 0, interpolation_duration: 1 }
$data merge entity $(bone_rightfoot) { transformation: [-0.9581849647090181f,0.08191088273595908f,0.274146409663019f,-0.7409287321105428f,0.14497297870083925f,0.9650272020007717f,0.2183895705729868f,0.2110863504804099f,-0.2466686598170632f,0.24900957241387595f,-0.93657677873066f,0.16913132140872145f,0f,0f,0f,1f], start_interpolation: 0, interpolation_duration: 1 }
$data merge entity $(bone_rightlowerleg) { transformation: [-0.9581849647090181f,0.08191088273595908f,0.274146409663019f,-0.6921802430295187f,0.14497297870083925f,0.9650272020007717f,0.2183895705729868f,1.2481088006358478f,-0.2466686598170632f,0.24900957241387595f,-0.93657677873066f,0.589277240333924f,0f,0f,0f,1f], start_interpolation: 0, interpolation_duration: 1 }
$data merge entity $(bone_rightleg) { transformation: [-0.9313955154133909f,0.3602197457869074f,-0.0522190859409149f,-0.33607356740010375f,0.30768307067995065f,0.702551297930959f,-0.6416846136896095f,1.9299425540936337f,-0.19445699263533853f,-0.6137291002720504f,-0.7652019496299731f,0.049824808927155004f,0f,0f,0f,1f], start_interpolation: 0, interpolation_duration: 1 }
data modify entity @s data merge value {"locators":{"lefthand":{"posx":1.499002126779978,"posy":1.8919544197306923,"posz":0.9206651887661766,"roty":19.899927311116357,"rotx":-34.79179061275067},"righthand":{"posx":-1.1037012357051954,"posy":2.034637292150214,"posz":1.4155871456178586,"roty":345.424883186367,"rotx":-40.24927471978542},"chest":{"posx":-0.39448777426620946,"posy":2.1678380297077045,"posz":0.12340236360208881,"roty":354.4150843001754,"rotx":49.132844759620994},"sack":{"posx":0,"posy":-0.4375,"posz":0,"roty":0,"rotx":0}},"cameras":{}}