# This file was generated by Animated Java via MC-Build. It is not recommended to edit this file directly.
$data merge entity $(bone_nose) { transformation: [-0.9997323370285488f,0.020496192380392464f,0.010731281253505346f,0.009293530757987622f,0.021537647691183538f,0.6551166712684238f,0.7552206808331658f,3.4024370734987284f,0.008448907110765878f,0.7552496627765458f,-0.6553827605640444f,1.0609944140209826f,0f,0f,0f,1f], start_interpolation: 0, interpolation_duration: 1 }
$data merge entity $(bone_glowing_eye) { transformation: [-0.9997323370285488f,0.020496192380392464f,0.010731281253505346f,-0.11465972738125715f,0.021537647691183538f,0.6551166712684238f,0.7552206808331658f,3.4231321032573536f,0.008448907110765878f,0.7552496627765458f,-0.6553827605640444f,1.1360570570274184f,0f,0f,0f,1f], start_interpolation: 0, interpolation_duration: 1 }
$data merge entity $(bone_head) { transformation: [-0.9997323370285488f,0.020496192380392464f,0.010731281253505346f,0.008772211044583098f,0.021537647691183538f,0.6551166712684238f,0.7552206808331658f,3.4629641627595156f,0.008448907110765878f,0.7552496627765458f,-0.6553827605640444f,0.845014846987111f,0f,0f,0f,1f], start_interpolation: 0, interpolation_duration: 1 }
$data merge entity $(bone_leftthumb2) { transformation: [-0.9102241499331014f,0.19930451132940963f,0.3630009760900209f,1.2970367745358566f,-0.019355097820309558f,0.8551358903877546f,-0.5180424588381809f,2.038675978954242f,-0.41366336200699383f,-0.4785606761263269f,-0.7745077805926703f,1.3932855804444164f,0f,0f,0f,1f], start_interpolation: 0, interpolation_duration: 1 }
$data merge entity $(bone_leftthumb) { transformation: [-0.9102241499331014f,0.19930451132940963f,0.3630009760900209f,1.3769358670697724f,-0.019355097820309558f,0.8551358903877546f,-0.5180424588381809f,2.2041210291264974f,-0.41366336200699383f,-0.4785606761263269f,-0.7745077805926703f,1.2097346651695076f,0f,0f,0f,1f], start_interpolation: 0, interpolation_duration: 1 }
$data merge entity $(bone_leftpointerfinger) { transformation: [-0.9102241499331014f,0.19930451132940963f,0.3630009760900209f,1.4281105114429624f,-0.019355097820309558f,0.8551358903877546f,-0.5180424588381809f,1.9013632886590721f,-0.41366336200699383f,-0.4785606761263269f,-0.7745077805926703f,1.3757017650276921f,0f,0f,0f,1f], start_interpolation: 0, interpolation_duration: 1 }
$data merge entity $(bone_leftmidfinger) { transformation: [-0.9102241499331014f,0.19930451132940963f,0.3630009760900209f,1.4848294139570282f,-0.019355097820309558f,0.8551358903877546f,-0.5180424588381809f,1.8204191544656063f,-0.41366336200699383f,-0.4785606761263269f,-0.7745077805926703f,1.2546849243100873f,0f,0f,0f,1f], start_interpolation: 0, interpolation_duration: 1 }
$data merge entity $(bone_leftringfinger) { transformation: [-0.9102241499331014f,0.19930451132940963f,0.3630009760900209f,1.541548316471094f,-0.019355097820309558f,0.8551358903877546f,-0.5180424588381809f,1.7394750202721407f,-0.41366336200699383f,-0.4785606761263269f,-0.7745077805926703f,1.1336680835924826f,0f,0f,0f,1f], start_interpolation: 0, interpolation_duration: 1 }
$data merge entity $(bone_invisibility) { transformation: [0.23018371718137454f,-0.34424911506513345f,0.9102241499331013f,1.267898633754347f,0.8067314648773802f,0.5906011545579318f,0.01935509782030949f,2.007453522667618f,-0.5442424091536423f,0.7298512334796113f,0.41366336200699355f,1.2700006788435847f,0f,0f,0f,1f], start_interpolation: 0, interpolation_duration: 1 }
$data merge entity $(bone_swiftness) { transformation: [0.3630009760900207f,0.19930451132940963f,0.9102241499331015f,1.2615648044946108f,-0.5180424588381809f,0.8551358903877546f,0.019355097820309444f,1.7935126576796443f,-0.7745077805926704f,-0.4785606761263269f,0.41366336200699366f,1.1680407806500428f,0f,0f,0f,1f], start_interpolation: 0, interpolation_duration: 1 }
$data merge entity $(bone_suspicious_stew) { transformation: [0.33404207213472004f,-0.2447608851971761f,0.9102241499331016f,1.32661891780266f,0.5560821129708713f,0.8309019580084147f,0.019355097820309655f,1.870236066773533f,-0.7610443992815359f,0.49969395158964836f,0.4136633620069939f,1.1472130016758806f,0f,0f,0f,1f], start_interpolation: 0, interpolation_duration: 1 }
$data merge entity $(bone_log) { transformation: [-0.9102241499331014f,0.19930451132940963f,0.3630009760900209f,1.2832141384168276f,-0.019355097820309558f,0.8551358903877546f,-0.5180424588381809f,1.9510302723933086f,-0.41366336200699383f,-0.4785606761263269f,-0.7745077805926703f,1.0123069247566525f,0f,0f,0f,1f], start_interpolation: 0, interpolation_duration: 1 }
$data merge entity $(bone_planks) { transformation: [-0.9102241499331014f,0.19930451132940963f,0.3630009760900209f,1.1978806243605993f,-0.019355097820309558f,0.8551358903877546f,-0.5180424588381809f,1.9492157319726546f,-0.41366336200699383f,-0.4785606761263269f,-0.7745077805926703f,0.9735259845684969f,0f,0f,0f,1f], start_interpolation: 0, interpolation_duration: 1 }
$data merge entity $(bone_lefthand1) { transformation: [-0.9102241499331014f,0.19930451132940963f,0.3630009760900209f,1.5492525232296421f,-0.019355097820309558f,0.8551358903877546f,-0.5180424588381809f,2.185841846284018f,-0.41366336200699383f,-0.4785606761263269f,-0.7745077805926703f,1.0202859643703404f,0f,0f,0f,1f], start_interpolation: 0, interpolation_duration: 1 }
$data merge entity $(bone_leftforearm) { transformation: [-0.7418136404977715f,0.10363143050337978f,0.6625504127108109f,1.5743784651885018f,-0.3864440913670289f,0.7413884264652341f,-0.5486384650668557f,2.681868716239711f,-0.5480633968976167f,-0.663026189313233f,-0.5099242936611459f,0.5286461357403827f,0f,0f,0f,1f], start_interpolation: 0, interpolation_duration: 1 }
$data merge entity $(bone_leftelbow) { transformation: [-0.7418136404977715f,0.10363143050337978f,0.6625504127108109f,1.5938093584078854f,-0.3864440913670289f,0.7413884264652341f,-0.5486384650668557f,2.8208790462019424f,-0.5480633968976167f,-0.663026189313233f,-0.5099242936611459f,0.40432872524415153f,0f,0f,0f,1f], start_interpolation: 0, interpolation_duration: 1 }
$data merge entity $(bone_leftarm) { transformation: [-0.6535399623146663f,-0.7216561016776898f,0.228249838048364f,0.8902509963729043f,-0.6667138720718133f,0.6916297596899417f,0.2777424855837569f,3.0042403096691417f,-0.35829894005530427f,0.029338480236601294f,-0.933145820937249f,0.5279831726993267f,0f,0f,0f,1f], start_interpolation: 0, interpolation_duration: 1 }
$data merge entity $(bone_rightthumb2) { transformation: [-0.9835889802886567f,-0.17256016755994505f,-0.0526849734402855f,-1.4579100658948592f,-0.10371373354145513f,0.779698796862329f,-0.6175056660843923f,2.122923413269053f,0.14763529161285255f,-0.6019076131293908f,-0.7848000037762919f,1.6038787744889331f,0f,0f,0f,1f], start_interpolation: 0, interpolation_duration: 1 }
$data merge entity $(bone_rightthumb) { transformation: [-0.9835889802886567f,-0.17256016755994505f,-0.0526849734402855f,-1.5047314789054522f,-0.10371373354145513f,0.779698796862329f,-0.6175056660843923f,2.261368204999156f,0.14763529161285255f,-0.6019076131293908f,-0.7848000037762919f,1.389198400353336f,0f,0f,0f,1f], start_interpolation: 0, interpolation_duration: 1 }
$data merge entity $(bone_rightpointerfinger) { transformation: [-0.9835889802886567f,-0.17256016755994505f,-0.0526849734402855f,-1.5581598267739303f,-0.10371373354145513f,0.779698796862329f,-0.6175056660843923f,1.9652402695749016f,0.14763529161285255f,-0.6019076131293908f,-0.7848000037762919f,1.5660594457545594f,0f,0f,0f,1f], start_interpolation: 0, interpolation_duration: 1 }
$data merge entity $(bone_rightmidfinger) { transformation: [-0.9835889802886567f,-0.17256016755994505f,-0.0526849734402855f,-1.566391853873975f,-0.10371373354145513f,0.779698796862329f,-0.6175056660843923f,1.8687550092492153f,0.14763529161285255f,-0.6019076131293908f,-0.7848000037762919f,1.4434344451645136f,0f,0f,0f,1f], start_interpolation: 0, interpolation_duration: 1 }
$data merge entity $(bone_rightringfinger) { transformation: [-0.9835889802886567f,-0.17256016755994505f,-0.0526849734402855f,-1.5746238809740196f,-0.10371373354145513f,0.779698796862329f,-0.6175056660843923f,1.772269748923529f,0.14763529161285255f,-0.6019076131293908f,-0.7848000037762919f,1.320809444574468f,0f,0f,0f,1f], start_interpolation: 0, interpolation_duration: 1 }
$data merge entity $(bone_hugeasssword) { transformation: [-3.852390172797239f,-0.6758606562764515f,-0.20634947930778488f,-1.33935411231041f,-0.406212123037366f,3.053820287710789f,-2.4185638588305367f,2.0643288138663936f,0.5782382254836725f,-2.357471484756781f,-3.0738000147904767f,1.2942188369719467f,0f,0f,0f,1f], start_interpolation: 0, interpolation_duration: 1 }
$data merge entity $(bone_ice) { transformation: [-0.9835889802886567f,-0.17256016755994505f,-0.0526849734402855f,-1.3212892818752755f,-0.10371373354145513f,0.779698796862329f,-0.6175056660843923f,2.053766547252005f,0.14763529161285255f,-0.6019076131293908f,-0.7848000037762919f,1.3013168419956427f,0f,0f,0f,1f], start_interpolation: 0, interpolation_duration: 1 }
$data merge entity $(bone_righthand1) { transformation: [-0.9835889802886567f,-0.17256016755994505f,-0.0526849734402855f,-1.611972974257435f,-0.10371373354145513f,0.779698796862329f,-0.6175056660843923f,2.2034657610170862f,0.14763529161285255f,-0.6019076131293908f,-0.7848000037762919f,1.163223761498499f,0f,0f,0f,1f], start_interpolation: 0, interpolation_duration: 1 }
$data merge entity $(bone_rightforearm) { transformation: [-0.4753409648098268f,0.07097894545258127f,-0.876933838140656f,-1.557465815869916f,0.43177951455458524f,0.887269894502646f,-0.1622300376634069f,2.7744904563769803f,0.7665620770587793f,-0.4557566495529199f,-0.452402982310713f,0.7672874249805932f,0f,0f,0f,1f], start_interpolation: 0, interpolation_duration: 1 }
$data merge entity $(bone_rightelbow) { transformation: [-0.4753409648098268f,0.07097894545258127f,-0.876933838140656f,-1.544157263597557f,0.43177951455458524f,0.887269894502646f,-0.1622300376634069f,2.9408535615962266f,0.7665620770587793f,-0.4557566495529199f,-0.452402982310713f,0.6818330531894208f,0f,0f,0f,1f], start_interpolation: 0, interpolation_duration: 1 }
$data merge entity $(bone_rightarm) { transformation: [-0.5073529825627705f,0.7832915498072297f,-0.35923153965826693f,-0.9165886232860034f,0.7732861930594241f,0.5977980746326956f,0.21134314653923664f,3.038104364535741f,0.3802912235489062f,-0.1705632139883342f,-0.9090031767412289f,0.5641893133875047f,0f,0f,0f,1f], start_interpolation: 0, interpolation_duration: 1 }
$data merge entity $(bone_chest1) { transformation: [-1.083043365114261f,0.022204208412091836f,0.011625554691297457f,-0.006132001984975773f,0.023332451665448832f,0.7097097272074591f,0.818155737569263f,3.094532283832266f,0.0091529827033297f,0.8181871346745913f,-0.7099979906110481f,0.29560145467256693f,0f,0f,0f,1f], start_interpolation: 0, interpolation_duration: 1 }
$data merge entity $(bone_chest1lid) { transformation: [-0.9997323370285488f,0.020496192380392464f,0.010731281253505346f,-0.3656749577984099f,0.021537647691183538f,0.6551166712684238f,0.7552206808331658f,2.358614251237124f,0.008448907110765878f,0.7552496627765458f,-0.6553827605640444f,0.03877520088066662f,0f,0f,0f,1f], start_interpolation: 0, interpolation_duration: 1 }
$data merge entity $(bone_chest2) { transformation: [-0.9997323370285488f,0.020496192380392464f,0.010731281253505346f,-0.36887748785784624f,0.021537647691183538f,0.6551166712684238f,0.7552206808331658f,2.256252271351433f,0.008448907110765878f,0.7552496627765458f,-0.6553827605640444f,-0.07923255892816866f,0f,0f,0f,1f], start_interpolation: 0, interpolation_duration: 1 }
$data merge entity $(bone_chest1lid3) { transformation: [-0.9997323370285488f,0.020496192380392464f,0.010731281253505346f,-0.2963169596810987f,0.021537647691183538f,0.6551166712684238f,0.7552206808331658f,2.8410813969151723f,0.008448907110765878f,0.7552496627765458f,-0.6553827605640444f,-0.3816074368000973f,0f,0f,0f,1f], start_interpolation: 0, interpolation_duration: 1 }
$data merge entity $(bone_chest3) { transformation: [-0.9997323370285488f,0.020496192380392464f,0.010731281253505346f,-0.29951948974053505f,0.021537647691183538f,0.6551166712684238f,0.7552206808331658f,2.738719417029481f,0.008448907110765878f,0.7552496627765458f,-0.6553827605640444f,-0.49961519660893255f,0f,0f,0f,1f], start_interpolation: 0, interpolation_duration: 1 }
$data merge entity $(bone_hugeasssword2) { transformation: [-0.042030851576230134f,2.941130835512465f,-2.5861671627509506f,-1.2112293124404998f,-2.9579476665965663f,1.6712854879932326f,1.9487504193910856f,4.081281153160006f,2.5669158122091744f,1.9740395142445226f,2.2032677973885844f,1.0086966379002946f,0f,0f,0f,1f], start_interpolation: 0, interpolation_duration: 1 }
$data merge entity $(bone_belt) { transformation: [-0.9997323370285488f,0.020496192380392464f,0.010731281253505346f,0.016319175249458646f,0.021537647691183538f,0.6551166712684238f,0.7552206808331658f,2.7340295610596623f,0.008448907110765878f,0.7552496627765458f,-0.6553827605640444f,0.0802834903798963f,0f,0f,0f,1f], start_interpolation: 0, interpolation_duration: 1 }
$data merge entity $(bone_torn_part) { transformation: [-0.9997742182277116f,-0.020207326780250518f,-0.006570883621261656f,-0.09701407408488093f,-0.021246911202794472f,0.9548355914210949f,0.29637402403022545f,2.5016492409798188f,0.0002851867959099722f,0.29644671915864457f,-0.9550493502267656f,-0.04763100611914883f,0f,0f,0f,1f], start_interpolation: 0, interpolation_duration: 1 }
$data merge entity $(bone_lowerbody) { transformation: [-0.9997742182277116f,-0.02124797289241453f,-0.00019030273569179334f,0.011021874999999988f,-0.021246911202794472f,0.999764276564314f,-0.004467669434327356f,2.01618625f,0.0002851867959099722f,-0.004462617370677582f,-0.9999900018073653f,0.09514375f,0f,0f,0f,1f], start_interpolation: 0, interpolation_duration: 1 }
$data merge entity $(bone_leftfoot) { transformation: [-0.9376813325770185f,-0.1179174544009686f,-0.3268565781114836f,0.7465611375409889f,-0.18549303505113357f,0.9652786213822793f,0.1839015765229186f,0.20495291678677097f,0.29381354535490867f,0.23307708471126165f,-0.9270233926295433f,0.15461181986631078f,0f,0f,0f,1f], start_interpolation: 0, interpolation_duration: 1 }
$data merge entity $(bone_leftlowerleg) { transformation: [-0.9376813325770185f,-0.1179174544009686f,-0.3268565781114836f,0.6659665447942145f,-0.18549303505113357f,0.9652786213822793f,0.1839015765229186f,1.247553214719388f,0.29381354535490867f,0.23307708471126165f,-0.9270233926295433f,0.5556147992680532f,0f,0f,0f,1f], start_interpolation: 0, interpolation_duration: 1 }
$data merge entity $(bone_leftleg) { transformation: [-0.9098815109933022f,-0.36827005733846285f,-0.19098945628836783f,0.28708550257473076f,-0.15825598084900677f,0.7336988457076077f,-0.6607944311817648f,1.9772805121900943f,0.3834718771671062f,-0.5710194118199917f,-0.7258744708321414f,0.0718921791535923f,0f,0f,0f,1f], start_interpolation: 0, interpolation_duration: 1 }
$data merge entity $(bone_rightfoot) { transformation: [-0.9599662880131679f,0.07158994951747587f,0.27078446291790853f,-0.7433171984688901f,0.12577402742295796f,0.97399987934748f,0.18839577628043813f,0.20353034459065422f,-0.2502525293137804f,0.21491987799628054f,-0.9440395426715544f,0.15371293590039115f,0f,0f,0f,1f], start_interpolation: 0, interpolation_duration: 1 }
$data merge entity $(bone_rightlowerleg) { transformation: [-0.9599662880131679f,0.07158994951747587f,0.27078446291790853f,-0.7055019462682517f,0.12577402742295796f,0.97399987934748f,0.18839577628043813f,1.2551152739477969f,-0.2502525293137804f,0.21491987799628054f,-0.9440395426715544f,0.537187221111f,0f,0f,0f,1f], start_interpolation: 0, interpolation_duration: 1 }
$data merge entity $(bone_rightleg) { transformation: [-0.9158510007850601f,0.39948078174679885f,0.040190866734247814f,-0.3062506726165841f,0.28937951313844307f,0.7261868071787154f,-0.6236331629010193f,1.9656206734583135f,-0.2783099743752665f,-0.5595246429734347f,-0.7806960820070898f,0.054548261548198f,0f,0f,0f,1f], start_interpolation: 0, interpolation_duration: 1 }
data modify entity @s data merge value {"locators":{"lefthand":{"posx":1.347305097274039,"posy":1.8941317347967659,"posz":1.100577101838938,"roty":25.111829818924832,"rotx":-31.201034873709194},"righthand":{"posx":-1.4099812934492084,"posy":2.041509117064088,"posz":1.336824957098499,"roty":356.1593983426386,"rotx":-38.13421291725188},"chest":{"posx":-0.39987436805018683,"posy":2.200339279393015,"posz":0.0942396816424759,"roty":0.9380811040965398,"rotx":49.044656110672165},"sack":{"posx":0,"posy":-0.4375,"posz":0,"roty":0,"rotx":0}},"cameras":{}}