# This file was generated by Animated Java via MC-Build. It is not recommended to edit this file directly.
$data merge entity $(bone_nose) {transformation: [-0.9967f,-0.0794f,0.0175f,-0.0771f,-0.0681f,0.9328f,0.3539f,3.834f,-0.0444f,0.3515f,-0.9351f,1.0936f,0f,0f,0f,1f],start_interpolation: 0,interpolation_duration: 1}
$data merge entity $(bone_glowing_eye) {transformation: [-0.9967f,-0.0794f,0.0175f,-0.2077f,-0.0681f,0.9328f,0.3539f,3.8763f,-0.0444f,0.3515f,-0.9351f,1.1445f,0f,0f,0f,1f],start_interpolation: 0,interpolation_duration: 1}
$data merge entity $(bone_head) {transformation: [-0.9967f,-0.0794f,0.0175f,-0.064f,-0.0681f,0.9328f,0.3539f,3.7851f,-0.0444f,0.3515f,-0.9351f,0.8751f,0f,0f,0f,1f],start_interpolation: 0,interpolation_duration: 1}
$data merge entity $(bone_leftthumb2) {transformation: [0.0627f,0.983f,-0.1725f,-1.1487f,0.2368f,-0.1826f,-0.9542f,3.3134f,-0.9695f,0.019f,-0.2442f,1.1746f,0f,0f,0f,1f],start_interpolation: 0,interpolation_duration: 1}
$data merge entity $(bone_leftthumb) {transformation: [0.0627f,0.983f,-0.1725f,-0.9223f,0.2368f,-0.1826f,-0.9542f,3.1871f,-0.9695f,0.019f,-0.2442f,1.1584f,0f,0f,0f,1f],start_interpolation: 0,interpolation_duration: 1}
$data merge entity $(bone_leftpointerfinger) {transformation: [0.9828f,0.0661f,-0.1725f,-1.2406f,-0.1501f,-0.2586f,-0.9542f,3.2153f,-0.1077f,0.9637f,-0.2442f,1.1296f,0f,0f,0f,1f],start_interpolation: 0,interpolation_duration: 1}
$data merge entity $(bone_leftmidfinger) {transformation: [0.9828f,0.0661f,-0.1725f,-1.2676f,-0.1501f,-0.2586f,-0.9542f,3.0662f,-0.1077f,0.9637f,-0.2442f,1.0914f,0f,0f,0f,1f],start_interpolation: 0,interpolation_duration: 1}
$data merge entity $(bone_leftringfinger) {transformation: [0.9828f,0.0661f,-0.1725f,-1.2945f,-0.1501f,-0.2586f,-0.9542f,2.9171f,-0.1077f,0.9637f,-0.2442f,1.0533f,0f,0f,0f,1f],start_interpolation: 0,interpolation_duration: 1}
$data merge entity $(bone_invisibility) {transformation: [0.9642f,0.2576f,-0.0627f,-1.1352f,-0.2651f,0.9347f,-0.2368f,3.2306f,-0.0024f,0.2449f,0.9695f,1.0747f,0f,0f,0f,1f],start_interpolation: 0,interpolation_duration: 1}
$data merge entity $(bone_swiftness) {transformation: [-0.1725f,0.983f,-0.0627f,-1.2974f,-0.9542f,-0.1826f,-0.2368f,3.0887f,-0.2442f,0.019f,0.9695f,0.9759f,0f,0f,0f,1f],start_interpolation: 0,interpolation_duration: 1}
$data merge entity $(bone_suspicious_stew) {transformation: [0.818f,0.5718f,-0.0627f,-1.2136f,-0.5688f,0.7877f,-0.2368f,3.0602f,-0.086f,0.2294f,0.9695f,1.028f,0f,0f,0f,1f],start_interpolation: 0,interpolation_duration: 1}
$data merge entity $(bone_log) {transformation: [0.0627f,0.983f,-0.1725f,-1.0929f,0.2368f,-0.1826f,-0.9542f,3.0149f,-0.9695f,0.019f,-0.2442f,0.9281f,0f,0f,0f,1f],start_interpolation: 0,interpolation_duration: 1}
$data merge entity $(bone_planks) {transformation: [0.0627f,0.983f,-0.1725f,-1.0871f,0.2368f,-0.1826f,-0.9542f,3.0371f,-0.9695f,0.019f,-0.2442f,0.8372f,0f,0f,0f,1f],start_interpolation: 0,interpolation_duration: 1}
$data merge entity $(bone_lefthand1) {transformation: [0.0627f,0.983f,-0.1725f,-0.8575f,0.2368f,-0.1826f,-0.9542f,2.9398f,-0.9695f,0.019f,-0.2442f,1.1828f,0f,0f,0f,1f],start_interpolation: 0,interpolation_duration: 1}
$data merge entity $(bone_leftforearm) {transformation: [0.0388f,0.9871f,-0.1552f,-0.1596f,0.0982f,-0.1583f,-0.9825f,2.8442f,-0.9944f,0.0228f,-0.1031f,1.1371f,0f,0f,0f,1f],start_interpolation: 0,interpolation_duration: 1}
$data merge entity $(bone_leftelbow) {transformation: [0.0388f,0.9871f,-0.1552f,0.0255f,0.0982f,-0.1583f,-0.9825f,2.8145f,-0.9944f,0.0228f,-0.1031f,1.1414f,0f,0f,0f,1f],start_interpolation: 0,interpolation_duration: 1}
$data merge entity $(bone_leftarm) {transformation: [-0.0668f,0.8621f,0.5024f,0.3849f,0.7232f,0.3887f,-0.5709f,3.2234f,-0.6874f,0.3252f,-0.6494f,1.2287f,0f,0f,0f,1f],start_interpolation: 0,interpolation_duration: 1}
$data merge entity $(bone_rightthumb2) {transformation: [0.2773f,-0.917f,-0.2866f,-1.1553f,0.9602f,0.2751f,0.0488f,3.4449f,0.0341f,-0.2887f,0.9568f,1.0412f,0f,0f,0f,1f],start_interpolation: 0,interpolation_duration: 1}
$data merge entity $(bone_rightthumb) {transformation: [0.2773f,-0.917f,-0.2866f,-1.4046f,0.9602f,0.2751f,0.0488f,3.5165f,0.0341f,-0.2887f,0.9568f,1.0522f,0f,0f,0f,1f],start_interpolation: 0,interpolation_duration: 1}
$data merge entity $(bone_rightpointerfinger) {transformation: [-0.0661f,-0.9928f,-0.0998f,-1.3731f,-0.1893f,0.1107f,-0.9757f,3.4167f,0.9797f,-0.0456f,-0.1953f,1.3555f,0f,0f,0f,1f],start_interpolation: 0,interpolation_duration: 1}
$data merge entity $(bone_rightmidfinger) {transformation: [-0.0661f,-0.9928f,-0.0998f,-1.3887f,-0.1893f,0.1107f,-0.9757f,3.2643f,0.9797f,-0.0456f,-0.1953f,1.325f,0f,0f,0f,1f],start_interpolation: 0,interpolation_duration: 1}
$data merge entity $(bone_rightringfinger) {transformation: [-0.0661f,-0.9928f,-0.0998f,-1.4043f,-0.1893f,0.1107f,-0.9757f,3.1119f,0.9797f,-0.0456f,-0.1953f,1.2945f,0f,0f,0f,1f],start_interpolation: 0,interpolation_duration: 1}
$data merge entity $(bone_hugeasssword) {transformation: [-3.889f,-0.2508f,-0.3908f,-1.2602f,0.333f,0.7917f,-3.8213f,3.2951f,0.3237f,-3.8276f,-0.7648f,1.1248f,0f,0f,0f,1f],start_interpolation: 0,interpolation_duration: 1}
$data merge entity $(bone_ice) {transformation: [-0.9929f,-0.064f,-0.0998f,-1.2437f,0.085f,0.2021f,-0.9757f,3.2906f,0.0826f,-0.9773f,-0.1953f,1.1388f,0f,0f,0f,1f],start_interpolation: 0,interpolation_duration: 1}
$data merge entity $(bone_righthand1) {transformation: [-0.9929f,-0.064f,-0.0998f,-1.511f,0.085f,0.2021f,-0.9757f,3.3319f,0.0826f,-0.9773f,-0.1953f,0.909f,0f,0f,0f,1f],start_interpolation: 0,interpolation_duration: 1}
$data merge entity $(bone_rightforearm) {transformation: [-0.6387f,-0.0398f,-0.7685f,-1.5264f,0.7695f,-0.0376f,-0.6376f,3.2558f,-0.0035f,-0.9985f,0.0547f,0.2287f,0f,0f,0f,1f],start_interpolation: 0,interpolation_duration: 1}
$data merge entity $(bone_rightelbow) {transformation: [-0.6387f,-0.0398f,-0.7685f,-1.5338f,0.7695f,-0.0376f,-0.6376f,3.2487f,-0.0035f,-0.9985f,0.0547f,0.0415f,0f,0f,0f,1f],start_interpolation: 0,interpolation_duration: 1}
$data merge entity $(bone_rightarm) {transformation: [-0.5251f,0.8189f,0.2316f,-0.8739f,0.7846f,0.5712f,-0.2411f,3.4743f,-0.3297f,0.0551f,-0.9425f,0.3657f,0f,0f,0f,1f],start_interpolation: 0,interpolation_duration: 1}
$data merge entity $(bone_chest1) {transformation: [-0.9953f,-0.149f,0.4009f,0.0544f,0.1791f,0.777f,0.7334f,3.3698f,-0.3884f,0.7401f,-0.6892f,0.3737f,0f,0f,0f,1f],start_interpolation: 0,interpolation_duration: 1}
$data merge entity $(bone_chest1lid) {transformation: [-0.9188f,-0.1376f,0.3701f,-0.3101f,0.1653f,0.7172f,0.677f,2.6711f,-0.3586f,0.6831f,-0.6362f,0.0334f,0f,0f,0f,1f],start_interpolation: 0,interpolation_duration: 1}
$data merge entity $(bone_chest2) {transformation: [-0.9188f,-0.1376f,0.3701f,-0.2886f,0.1653f,0.7172f,0.677f,2.5591f,-0.3586f,0.6831f,-0.6362f,-0.0734f,0f,0f,0f,1f],start_interpolation: 0,interpolation_duration: 1}
$data merge entity $(bone_chest1lid3) {transformation: [-0.9188f,-0.1376f,0.3701f,-0.0156f,0.1653f,0.7172f,0.677f,3.0945f,-0.3586f,0.6831f,-0.6362f,-0.3518f,0f,0f,0f,1f],start_interpolation: 0,interpolation_duration: 1}
$data merge entity $(bone_chest3) {transformation: [-0.9188f,-0.1376f,0.3701f,0.0059f,0.1653f,0.7172f,0.677f,2.9824f,-0.3586f,0.6831f,-0.6362f,-0.4585f,0f,0f,0f,1f],start_interpolation: 0,interpolation_duration: 1}
$data merge entity $(bone_hugeasssword2) {transformation: [-1.4495f,2.2891f,-2.8283f,-1.1391f,-2.6515f,1.4205f,2.5084f,4.585f,2.4918f,2.843f,1.0239f,0.5561f,0f,0f,0f,1f],start_interpolation: 0,interpolation_duration: 1}
$data merge entity $(bone_belt) {transformation: [-0.9188f,-0.1376f,0.3701f,0.0902f,0.1653f,0.7172f,0.677f,2.9902f,-0.3586f,0.6831f,-0.6362f,0.1964f,0f,0f,0f,1f],start_interpolation: 0,interpolation_duration: 1}
$data merge entity $(bone_torn_part) {transformation: [-0.8938f,-0.2786f,0.3514f,0.0296f,0.0413f,0.7292f,0.683f,2.7227f,-0.4466f,0.625f,-0.6403f,0.0076f,0f,0f,0f,1f],start_interpolation: 0,interpolation_duration: 1}
$data merge entity $(bone_lowerbody) {transformation: [-0.8938f,-0.16f,0.4189f,0.1361f,0.0413f,0.9009f,0.4321f,2.218f,-0.4466f,0.4035f,-0.7986f,-0.0335f,0f,0f,0f,1f],start_interpolation: 0,interpolation_duration: 1}
$data merge entity $(bone_leftfoot) {transformation: [-0.9887f,0.0623f,0.1364f,0.2649f,0.0217f,0.9594f,-0.2812f,0.779f,-0.1484f,-0.275f,-0.9499f,1.2792f,0f,0f,0f,1f],start_interpolation: 0,interpolation_duration: 1}
$data merge entity $(bone_leftlowerleg) {transformation: [-0.9887f,0.0623f,0.1364f,0.3131f,0.0217f,0.9594f,-0.2812f,1.8866f,-0.1484f,-0.275f,-0.9499f,1.1201f,0f,0f,0f,1f],start_interpolation: 0,interpolation_duration: 1}
$data merge entity $(bone_leftleg) {transformation: [-0.9994f,0.0052f,-0.0341f,0.2758f,0.0335f,0.3812f,-0.9239f,2.3028f,0.0082f,-0.9245f,-0.3812f,0.2667f,0f,0f,0f,1f],start_interpolation: 0,interpolation_duration: 1}
$data merge entity $(bone_rightfoot) {transformation: [-0.9551f,0.008f,0.2962f,-0.355f,0.1581f,0.8592f,0.4866f,0.4591f,-0.2506f,0.5116f,-0.8219f,-0.9682f,0f,0f,0f,1f],start_interpolation: 0,interpolation_duration: 1}
$data merge entity $(bone_rightlowerleg) {transformation: [-0.9551f,0.008f,0.2962f,-0.3916f,0.1581f,0.8592f,0.4866f,1.3375f,-0.2506f,0.5116f,-0.8219f,-0.2744f,0f,0f,0f,1f],start_interpolation: 0,interpolation_duration: 1}
$data merge entity $(bone_rightleg) {transformation: [-0.9376f,0.2119f,0.2757f,-0.1645f,0.2104f,0.977f,-0.0354f,2.3055f,-0.2768f,0.0248f,-0.9606f,-0.1856f,0f,0f,0f,1f],start_interpolation: 0,interpolation_duration: 1}
data modify entity @s data merge value {"cameras":{},"locators":{"lefthand":{"posx":-1.1729162428889213,"posy":3.021856469515464,"posz":1.0212895353748004,"roty":324.7570557536675,"rotx":-72.60108626035564},"sword":{"posx":-0.966253476537325,"posy":6.908380372725123,"posz":1.884894628376282,"roty":332.93113651585804,"rotx":-77.33324602017812},"righthand":{"posx":-1.3342137666330611,"posy":3.3106269467618494,"posz":1.1648725725459204,"roty":332.93113651585804,"rotx":-77.33324602017812},"chest":{"posx":-0.38801450350740674,"posy":2.525708169980862,"posz":0.07887286644267028,"roty":30.18635658472138,"rotx":42.60732492669285}}}