# This file was generated by Animated Java via MC-Build. It is not recommended to edit this file directly.
$data merge entity $(bone_nose) {transformation: [-0.9944f,-0.0603f,-0.0872f,0.0578f,-0.0939f,0.8827f,0.4605f,3.6599f,0.0492f,0.4661f,-0.8834f,1.1338f,0f,0f,0f,1f],start_interpolation: 0,interpolation_duration: 1}
$data merge entity $(bone_glowing_eye) {transformation: [-0.9944f,-0.0603f,-0.0872f,-0.0675f,-0.0939f,0.8827f,0.4605f,3.6918f,0.0492f,0.4661f,-0.8834f,1.2024f,0f,0f,0f,1f],start_interpolation: 0,interpolation_duration: 1}
$data merge entity $(bone_head) {transformation: [-0.9944f,-0.0603f,-0.0872f,0.0489f,-0.0939f,0.8827f,0.4605f,3.6371f,0.0492f,0.4661f,-0.8834f,0.9109f,0f,0f,0f,1f],start_interpolation: 0,interpolation_duration: 1}
$data merge entity $(bone_leftthumb2) {transformation: [0.2507f,0.9521f,-0.1752f,-1.0083f,0.2423f,-0.2369f,-0.9408f,3.3776f,-0.9373f,0.1934f,-0.2901f,0.7417f,0f,0f,0f,1f],start_interpolation: 0,interpolation_duration: 1}
$data merge entity $(bone_leftthumb) {transformation: [0.2507f,0.9521f,-0.1752f,-0.7898f,0.2423f,-0.2369f,-0.9408f,3.2391f,-0.9373f,0.1934f,-0.2901f,0.7643f,0f,0f,0f,1f],start_interpolation: 0,interpolation_duration: 1}
$data merge entity $(bone_leftpointerfinger) {transformation: [0.9767f,-0.1242f,-0.1752f,-1.0955f,-0.2032f,-0.2711f,-0.9408f,3.2852f,0.0694f,0.9545f,-0.2901f,0.6788f,0f,0f,0f,1f],start_interpolation: 0,interpolation_duration: 1}
$data merge entity $(bone_leftmidfinger) {transformation: [0.9767f,-0.1242f,-0.1752f,-1.1229f,-0.2032f,-0.2711f,-0.9408f,3.1382f,0.0694f,0.9545f,-0.2901f,0.6335f,0f,0f,0f,1f],start_interpolation: 0,interpolation_duration: 1}
$data merge entity $(bone_leftringfinger) {transformation: [0.9767f,-0.1242f,-0.1752f,-1.1503f,-0.2032f,-0.2711f,-0.9408f,2.9912f,0.0694f,0.9545f,-0.2901f,0.5882f,0f,0f,0f,1f],start_interpolation: 0,interpolation_duration: 1}
$data merge entity $(bone_invisibility) {transformation: [0.9332f,0.2575f,-0.2507f,-0.9812f,-0.318f,0.9166f,-0.2423f,3.2952f,0.1674f,0.3058f,0.9373f,0.6443f,0f,0f,0f,1f],start_interpolation: 0,interpolation_duration: 1}
$data merge entity $(bone_swiftness) {transformation: [-0.1752f,0.9521f,-0.2507f,-1.1299f,-0.9408f,-0.2369f,-0.2423f,3.1635f,-0.2901f,0.1934f,0.9373f,0.5149f,0f,0f,0f,1f],start_interpolation: 0,interpolation_duration: 1}
$data merge entity $(bone_suspicious_stew) {transformation: [0.7889f,0.5611f,-0.2507f,-1.0587f,-0.6123f,0.7526f,-0.2423f,3.1299f,0.0527f,0.3446f,0.9373f,0.5808f,0f,0f,0f,1f],start_interpolation: 0,interpolation_duration: 1}
$data merge entity $(bone_log) {transformation: [0.2507f,0.9521f,-0.1752f,-0.9244f,0.2423f,-0.2369f,-0.9408f,3.0789f,-0.9373f,0.1934f,-0.2901f,0.5035f,0f,0f,0f,1f],start_interpolation: 0,interpolation_duration: 1}
$data merge entity $(bone_planks) {transformation: [0.2507f,0.9521f,-0.1752f,-0.9009f,0.2423f,-0.2369f,-0.9408f,3.1016f,-0.9373f,0.1934f,-0.2901f,0.4157f,0f,0f,0f,1f],start_interpolation: 0,interpolation_duration: 1}
$data merge entity $(bone_lefthand1) {transformation: [0.2507f,0.9521f,-0.1752f,-0.7435f,0.2423f,-0.2369f,-0.9408f,2.9885f,-0.9373f,0.1934f,-0.2901f,0.7953f,0f,0f,0f,1f],start_interpolation: 0,interpolation_duration: 1}
$data merge entity $(bone_leftforearm) {transformation: [0.4712f,0.6548f,-0.591f,-0.2261f,0.2529f,-0.7422f,-0.6207f,2.5088f,-0.845f,0.143f,-0.5153f,0.8564f,0f,0f,0f,1f],start_interpolation: 0,interpolation_duration: 1}
$data merge entity $(bone_leftelbow) {transformation: [0.4712f,0.6548f,-0.591f,-0.1033f,0.2529f,-0.7422f,-0.6207f,2.3697f,-0.845f,0.143f,-0.5153f,0.8832f,0f,0f,0f,1f],start_interpolation: 0,interpolation_duration: 1}
$data merge entity $(bone_leftarm) {transformation: [0.2922f,0.7734f,0.5626f,0.3375f,0.7566f,0.1728f,-0.6306f,2.7987f,-0.5849f,0.6099f,-0.5347f,1.1574f,0f,0f,0f,1f],start_interpolation: 0,interpolation_duration: 1}
$data merge entity $(bone_rightthumb2) {transformation: [0.1359f,-0.9108f,-0.3898f,-1.0564f,0.9743f,0.1943f,-0.1142f,3.6308f,0.1798f,-0.3643f,0.9138f,0.5735f,0f,0f,0f,1f],start_interpolation: 0,interpolation_duration: 1}
$data merge entity $(bone_rightthumb) {transformation: [0.1359f,-0.9108f,-0.3898f,-1.3131f,0.9743f,0.1943f,-0.1142f,3.6687f,0.1798f,-0.3643f,0.9138f,0.5623f,0f,0f,0f,1f],start_interpolation: 0,interpolation_duration: 1}
$data merge entity $(bone_rightpointerfinger) {transformation: [-0.142f,-0.9882f,0.0581f,-1.3002f,-0.3239f,-0.009f,-0.9461f,3.5344f,0.9354f,-0.1532f,-0.3188f,0.8533f,0f,0f,0f,1f],start_interpolation: 0,interpolation_duration: 1}
$data merge entity $(bone_rightmidfinger) {transformation: [-0.142f,-0.9882f,0.0581f,-1.2911f,-0.3239f,-0.009f,-0.9461f,3.3866f,0.9354f,-0.1532f,-0.3188f,0.8035f,0f,0f,0f,1f],start_interpolation: 0,interpolation_duration: 1}
$data merge entity $(bone_rightringfinger) {transformation: [-0.142f,-0.9882f,0.0581f,-1.282f,-0.3239f,-0.009f,-0.9461f,3.2387f,0.9354f,-0.1532f,-0.3188f,0.7537f,0f,0f,0f,1f],start_interpolation: 0,interpolation_duration: 1}
$data merge entity $(bone_hugeasssword) {transformation: [-3.9098f,0.0464f,0.2274f,-1.1477f,-0.2007f,1.2531f,-3.7054f,3.4593f,-0.1166f,-3.7105f,-1.2485f,0.6256f,0f,0f,0f,1f],start_interpolation: 0,interpolation_duration: 1}
$data merge entity $(bone_ice) {transformation: [-0.9982f,0.0118f,0.0581f,-1.1323f,-0.0512f,0.3199f,-0.9461f,3.4551f,-0.0298f,-0.9474f,-0.3188f,0.6408f,0f,0f,0f,1f],start_interpolation: 0,interpolation_duration: 1}
$data merge entity $(bone_righthand1) {transformation: [-0.9982f,0.0118f,0.0581f,-1.3771f,-0.0512f,0.3199f,-0.9461f,3.4927f,-0.0298f,-0.9474f,-0.3188f,0.3866f,0f,0f,0f,1f],start_interpolation: 0,interpolation_duration: 1}
$data merge entity $(bone_rightforearm) {transformation: [-0.7291f,0.1766f,-0.6612f,-1.2413f,0.6814f,0.097f,-0.7255f,3.529f,-0.064f,-0.9795f,-0.1911f,-0.2745f,0f,0f,0f,1f],start_interpolation: 0,interpolation_duration: 1}
$data merge entity $(bone_rightelbow) {transformation: [-0.7291f,0.1766f,-0.6612f,-1.2082f,0.6814f,0.097f,-0.7255f,3.5472f,-0.064f,-0.9795f,-0.1911f,-0.4582f,0f,0f,0f,1f],start_interpolation: 0,interpolation_duration: 1}
$data merge entity $(bone_rightarm) {transformation: [-0.2012f,0.8423f,0.5001f,-0.607f,0.9485f,0.2951f,-0.1154f,3.5404f,-0.2448f,0.4512f,-0.8582f,0.1212f,0f,0f,0f,1f],start_interpolation: 0,interpolation_duration: 1}
$data merge entity $(bone_chest1) {transformation: [-0.769f,-0.2233f,0.7296f,0.2376f,0.413f,0.7493f,0.6646f,3.2339f,-0.6416f,0.7499f,-0.4468f,0.4213f,0f,0f,0f,1f],start_interpolation: 0,interpolation_duration: 1}
$data merge entity $(bone_chest1lid) {transformation: [-0.7099f,-0.2061f,0.6735f,-0.1275f,0.3812f,0.6917f,0.6134f,2.6513f,-0.5922f,0.6922f,-0.4124f,-0.0926f,0f,0f,0f,1f],start_interpolation: 0,interpolation_duration: 1}
$data merge entity $(bone_chest2) {transformation: [-0.7099f,-0.2061f,0.6735f,-0.0953f,0.3812f,0.6917f,0.6134f,2.5432f,-0.5922f,0.6922f,-0.4124f,-0.2007f,0f,0f,0f,1f],start_interpolation: 0,interpolation_duration: 1}
$data merge entity $(bone_chest1lid3) {transformation: [-0.7099f,-0.2061f,0.6735f,0.3483f,0.3812f,0.6917f,0.6134f,3.0205f,-0.5922f,0.6922f,-0.4124f,-0.3198f,0f,0f,0f,1f],start_interpolation: 0,interpolation_duration: 1}
$data merge entity $(bone_chest3) {transformation: [-0.7099f,-0.2061f,0.6735f,0.3805f,0.3812f,0.6917f,0.6134f,2.9124f,-0.5922f,0.6922f,-0.4124f,-0.4279f,0f,0f,0f,1f],start_interpolation: 0,interpolation_duration: 1}
$data merge entity $(bone_hugeasssword2) {transformation: [-2.6378f,1.5046f,-2.4735f,-0.6977f,-2.4026f,0.7294f,3.0059f,4.6686f,1.6154f,3.5418f,0.4317f,0.3855f,0f,0f,0f,1f],start_interpolation: 0,interpolation_duration: 1}
$data merge entity $(bone_belt) {transformation: [-0.7099f,-0.2061f,0.6735f,0.2542f,0.3812f,0.6917f,0.6134f,2.8659f,-0.5922f,0.6922f,-0.4124f,0.2185f,0f,0f,0f,1f],start_interpolation: 0,interpolation_duration: 1}
$data merge entity $(bone_torn_part) {transformation: [-0.9017f,-0.179f,0.3935f,0.1532f,0.1243f,0.7644f,0.6327f,2.6081f,-0.4141f,0.6194f,-0.667f,0.0053f,0f,0f,0f,1f],start_interpolation: 0,interpolation_duration: 1}
$data merge entity $(bone_lowerbody) {transformation: [-0.9017f,-0.0524f,0.4292f,0.2065f,0.1243f,0.9192f,0.3735f,2.0946f,-0.4141f,0.3902f,-0.8224f,-0.0291f,0f,0f,0f,1f],start_interpolation: 0,interpolation_duration: 1}
$data merge entity $(bone_leftfoot) {transformation: [-0.9976f,0.0577f,-0.0388f,0.2086f,0.0402f,0.9335f,0.3564f,0.4214f,0.0568f,0.354f,-0.9335f,-0.0445f,0f,0f,0f,1f],start_interpolation: 0,interpolation_duration: 1}
$data merge entity $(bone_leftlowerleg) {transformation: [-0.9976f,0.0577f,-0.0388f,0.2786f,0.0402f,0.9335f,0.3564f,1.4022f,0.0568f,0.354f,-0.9335f,0.4916f,0f,0f,0f,1f],start_interpolation: 0,interpolation_duration: 1}
$data merge entity $(bone_leftleg) {transformation: [-0.9974f,0.0181f,-0.0701f,0.2688f,0.0469f,0.8993f,-0.4348f,2.296f,0.0552f,-0.437f,-0.8978f,0.1224f,0f,0f,0f,1f],start_interpolation: 0,interpolation_duration: 1}
$data merge entity $(bone_rightfoot) {transformation: [-0.9771f,-0.1559f,-0.1446f,-0.2234f,-0.2126f,0.7308f,0.6487f,1.2478f,0.0046f,0.6646f,-0.7472f,-0.0677f,0f,0f,0f,1f],start_interpolation: 0,interpolation_duration: 1}
$data merge entity $(bone_rightlowerleg) {transformation: [-0.9771f,-0.1559f,-0.1446f,-0.3741f,-0.2126f,0.7308f,0.6487f,1.9589f,0.0046f,0.6646f,-0.7472f,0.7844f,0f,0f,0f,1f],start_interpolation: 0,interpolation_duration: 1}
$data merge entity $(bone_rightleg) {transformation: [-0.9877f,0.1553f,0.0186f,-0.1882f,0.0481f,0.4145f,-0.9088f,2.28f,-0.1489f,-0.8967f,-0.4168f,0.0196f,0f,0f,0f,1f],start_interpolation: 0,interpolation_duration: 1}
data modify entity @s data merge value {"cameras":{},"locators":{"lefthand":{"posx":-1.0194971468606286,"posy":3.089377625179318,"posz":0.5808325424982068,"roty":328.8738341083434,"rotx":-70.19370525073981},"sword":{"posx":-1.4411173401225172,"posy":6.94863382708343,"posz":1.8332788336759265,"roty":10.32455157640868,"rotx":-71.09404374975676},"righthand":{"posx":-1.226979285266125,"posy":3.460068255244241,"posz":0.6578166290769705,"roty":10.32455157640868,"rotx":-71.09404374975676},"chest":{"posx":-0.24203713204606897,"posy":2.524144182417628,"posz":-0.08990832826849354,"roty":58.51678771078599,"rotx":37.83814926169213}}}