# This file was generated by Animated Java via MC-Build. It is not recommended to edit this file directly.
$data merge entity $(bone_nose) { transformation: [-0.9985046940494378f,-0.038853903063245404f,0.0384545209044489f,-0.030710242417833496f,-0.038063340951787206f,0.9990529266607922f,0.0210815513208627f,4.132510723110577f,-0.039237202204371935f,0.019586320411401903f,-0.9990379462342336f,3.165626036640738f,0f,0f,0f,1f], start_interpolation: 0, interpolation_duration: 1 }
$data merge entity $(bone_glowing_eye) { transformation: [-0.9985046940494378f,-0.038853903063245404f,0.0384545209044489f,-0.15949594864039363f,-0.038063340951787206f,0.9990529266607922f,0.0210815513208627f,4.194661152022258f,-0.039237202204371935f,0.019586320411401903f,-0.9990379462342336f,3.196909592928457f,0f,0f,0f,1f], start_interpolation: 0, interpolation_duration: 1 }
$data merge entity $(bone_head) { transformation: [-0.9985046940494378f,-0.038853903063245404f,0.0384545209044489f,-0.01871188257406846f,-0.038063340951787206f,0.9990529266607922f,0.0210815513208627f,4.013098415659487f,-0.039237202204371935f,0.019586320411401903f,-0.9990379462342336f,2.976132728381498f,0f,0f,0f,1f], start_interpolation: 0, interpolation_duration: 1 }
$data merge entity $(bone_leftthumb2) { transformation: [-0.5732622044117461f,-0.14866539634963394f,0.8057723282175875f,0.8736204574696873f,0.09610612024402675f,0.9644145519809907f,0.24630912605696464f,2.0120678816694397f,-0.8137162027664353f,0.21863936483513513f,-0.5385747575776856f,2.0507870106979253f,0f,0f,0f,1f], start_interpolation: 0, interpolation_duration: 1 }
$data merge entity $(bone_leftthumb) { transformation: [-0.5732622044117461f,-0.14866539634963394f,0.8057723282175875f,0.9060206727440667f,0.09610612024402675f,0.9644145519809907f,0.24630912605696464f,2.269632279573651f,-0.8137162027664353f,0.21863936483513513f,-0.5385747575776856f,2.0583814227828108f,0f,0f,0f,1f], start_interpolation: 0, interpolation_duration: 1 }
$data merge entity $(bone_leftpointerfinger) { transformation: [-0.5732622044117461f,-0.14866539634963394f,0.8057723282175875f,1.0552726374140244f,0.09610612024402675f,0.9644145519809907f,0.24630912605696464f,1.954217888087118f,-0.8137162027664353f,0.21863936483513513f,-0.5385747575776856f,2.050394899112407f,0f,0f,0f,1f], start_interpolation: 0, interpolation_duration: 1 }
$data merge entity $(bone_leftmidfinger) { transformation: [-0.5732622044117461f,-0.14866539634963394f,0.8057723282175875f,1.1811745636980224f,0.09610612024402675f,0.9644145519809907f,0.24630912605696464f,1.9927036890335188f,-0.8137162027664353f,0.21863936483513513f,-0.5385747575776856f,1.9662425932408936f,0f,0f,0f,1f], start_interpolation: 0, interpolation_duration: 1 }
$data merge entity $(bone_leftringfinger) { transformation: [-0.5732622044117461f,-0.14866539634963394f,0.8057723282175875f,1.3070764899820206f,0.09610612024402675f,0.9644145519809907f,0.24630912605696464f,2.0311894899799197f,-0.8137162027664353f,0.21863936483513513f,-0.5385747575776856f,1.8820902873693803f,0f,0f,0f,1f], start_interpolation: 0, interpolation_duration: 1 }
$data merge entity $(bone_invisibility) { transformation: [-0.07787199388189982f,-0.8156631642791297f,0.5732622044117462f,0.9063453111042812f,0.9822119182730101f,-0.16131757887500622f,-0.09610612024402661f,2.070023467066514f,0.17086749302108512f,0.5555809942610199f,0.813716202766435f,1.938567252796846f,0f,0f,0f,1f], start_interpolation: 0, interpolation_duration: 1 }
$data merge entity $(bone_swiftness) { transformation: [0.8057723282175874f,-0.14866539634963394f,0.5732622044117464f,1.04770213898923f,0.24630912605696467f,0.9644145519809907f,-0.09610612024402669f,1.9906139304423387f,-0.5385747575776858f,0.21863936483513513f,0.8137162027664352f,1.7655961435098615f,0f,0f,0f,1f], start_interpolation: 0, interpolation_duration: 1 }
$data merge entity $(bone_suspicious_stew) { transformation: [0.20579749433551003f,-0.7931064470285253f,0.5732622044117462f,1.064396313098968f,0.9781511530968993f,0.18434732259202274f,-0.09610612024402666f,2.0709994960780858f,-0.029456968962070035f,0.5805154850087481f,0.8137162027664355f,1.827335765524383f,0f,0f,0f,1f], start_interpolation: 0, interpolation_duration: 1 }
$data merge entity $(bone_log) { transformation: [-0.5732622044117461f,-0.14866539634963394f,0.8057723282175875f,1.0298403847768618f,0.09610612024402675f,0.9644145519809907f,0.24630912605696464f,2.2121070041325073f,-0.8137162027664353f,0.21863936483513513f,-0.5385747575776856f,1.7531341003579675f,0f,0f,0f,1f], start_interpolation: 0, interpolation_duration: 1 }
$data merge entity $(bone_planks) { transformation: [-0.5732622044117461f,-0.14866539634963394f,0.8057723282175875f,0.9760970531132607f,0.09610612024402675f,0.9644145519809907f,0.24630912605696464f,2.221116952905385f,-0.8137162027664353f,0.21863936483513513f,-0.5385747575776856f,1.6768482063486143f,0f,0f,0f,1f], start_interpolation: 0, interpolation_duration: 1 }
$data merge entity $(bone_lefthand1) { transformation: [-0.5732622044117461f,-0.14866539634963394f,0.8057723282175875f,1.1108092015355904f,0.09610612024402675f,0.9644145519809907f,0.24630912605696464f,2.421486951877468f,-0.8137162027664353f,0.21863936483513513f,-0.5385747575776856f,2.028053453432663f,0f,0f,0f,1f], start_interpolation: 0, interpolation_duration: 1 }
$data merge entity $(bone_leftforearm) { transformation: [-0.9798643944596354f,-0.14866539634963394f,-0.13328303867506236f,0.9471198675528247f,-0.17346281778182426f,0.9644145519809907f,0.19953752222199878f,3.0856317338430195f,0.09887577720271791f,0.21863936483513513f,-0.9707833995423736f,2.2031324835253865f,0f,0f,0f,1f], start_interpolation: 0, interpolation_duration: 1 }
$data merge entity $(bone_leftelbow) { transformation: [-0.9481448469728068f,-0.059989056095357304f,-0.3121260359337247f,0.9358719195349452f,-0.22928051819045925f,0.809190819988677f,0.5409627166675788f,3.2373550125908963f,0.22011768020135764f,0.5844754314723937f,-0.7809844280572644f,2.3127216269264603f,0f,0f,0f,1f], start_interpolation: 0, interpolation_duration: 1 }
$data merge entity $(bone_leftarm) { transformation: [-0.9481448469728068f,-0.059989056095357304f,-0.3121260359337247f,0.708224644834894f,-0.22928051819045925f,0.809190819988677f,0.5409627166675788f,3.57489022433521f,0.22011768020135764f,0.5844754314723937f,-0.7809844280572644f,2.677515848583494f,0f,0f,0f,1f], start_interpolation: 0, interpolation_duration: 1 }
$data merge entity $(bone_rightthumb2) { transformation: [-0.6423745712631228f,-0.4306740564422534f,-0.6339359331210793f,-0.1317021731184374f,-0.3573483791741062f,0.9000654170151208f,-0.2493679630486555f,1.9010290564412164f,0.6779801221984006f,0.06634833985090392f,-0.732079812385829f,3.2670598436679548f,0f,0f,0f,1f], start_interpolation: 0, interpolation_duration: 1 }
$data merge entity $(bone_rightthumb) { transformation: [-0.6423745712631228f,-0.4306740564422534f,-0.6339359331210793f,-0.2914963354101714f,-0.3573483791741062f,0.9000654170151208f,-0.2493679630486555f,2.100452986771317f,0.6779801221984006f,0.06634833985090392f,-0.732079812385829f,3.220769565836878f,0f,0f,0f,1f], start_interpolation: 0, interpolation_duration: 1 }
$data merge entity $(bone_rightpointerfinger) { transformation: [-0.6423745712631228f,-0.4306740564422534f,-0.6339359331210793f,-0.25015687623701166f,-0.3573483791741062f,0.9000654170151208f,-0.2493679630486555f,1.7543449195731569f,0.6779801221984006f,0.06634833985090392f,-0.732079812385829f,3.2388368514831645f,0f,0f,0f,1f], start_interpolation: 0, interpolation_duration: 1 }
$data merge entity $(bone_rightmidfinger) { transformation: [-0.6423745712631228f,-0.4306740564422534f,-0.6339359331210793f,-0.3492093657871803f,-0.3573483791741062f,0.9000654170151208f,-0.2493679630486555f,1.7153811753468045f,0.6779801221984006f,0.06634833985090392f,-0.732079812385829f,3.124449380797879f,0f,0f,0f,1f], start_interpolation: 0, interpolation_duration: 1 }
$data merge entity $(bone_rightringfinger) { transformation: [-0.6423745712631228f,-0.4306740564422534f,-0.6339359331210793f,-0.44826185533734897f,-0.3573483791741062f,0.9000654170151208f,-0.2493679630486555f,1.6764174311204518f,0.6779801221984006f,0.06634833985090392f,-0.732079812385829f,3.0100619101125927f,0f,0f,0f,1f], start_interpolation: 0, interpolation_duration: 1 }
$data merge entity $(bone_hugeasssword) { transformation: [-1.7767840639800483f,2.5617548318140537f,2.3708075310833783f,-0.25615403905522915f,-2.6802615099428033f,-2.7055090019360017f,0.9147114608116337f,1.9970240008187579f,2.235959392762634f,-1.2074398535324136f,2.980411443374212f,2.969276664439672f,0f,0f,0f,1f], start_interpolation: 0, interpolation_duration: 1 }
$data merge entity $(bone_ice) { transformation: [-0.6423745712631228f,-0.4306740564422534f,-0.6339359331210793f,-0.23938765424733266f,-0.3573483791741062f,0.9000654170151208f,-0.2493679630486555f,1.988544047102492f,0.6779801221984006f,0.06634833985090392f,-0.732079812385829f,2.9576465322201515f,0f,0f,0f,1f], start_interpolation: 0, interpolation_duration: 1 }
$data merge entity $(bone_righthand1) { transformation: [-0.6423745712631228f,-0.4306740564422534f,-0.6339359331210793f,-0.5274603090837104f,-0.3573483791741062f,0.9000654170151208f,-0.2493679630486555f,2.116430557717475f,0.6779801221984006f,0.06634833985090392f,-0.732079812385829f,3.1208511535954204f,0f,0f,0f,1f], start_interpolation: 0, interpolation_duration: 1 }
$data merge entity $(bone_rightforearm) { transformation: [-0.09139637288554787f,-0.3504245070559311f,-0.9321208976725998f,-0.7535758782759309f,-0.17096896864701686f,0.9276616262239354f,-0.33198421497314984f,2.7845654525555736f,0.981028192654595f,0.129021595425614f,-0.14469662446196838f,3.1525160855953613f,0f,0f,0f,1f], start_interpolation: 0, interpolation_duration: 1 }
$data merge entity $(bone_rightelbow) { transformation: [0.0026014553184045552f,-0.24582672864659327f,-0.9693102970221352f,-0.7996683898971672f,-0.1391352380062088f,0.9597963984465302f,-0.24378732344817458f,2.964527277264298f,0.9902699722677558f,0.1354994207071876f,-0.031706292953207184f,3.1779222269779592f,0f,0f,0f,1f], start_interpolation: 0, interpolation_duration: 1 }
$data merge entity $(bone_rightarm) { transformation: [0.0026014553184045552f,0.05702810977652484f,-0.9983691837820028f,-0.7405243663666181f,-0.1391352380062088f,0.9886823564720453f,0.05611224060612096f,3.4875507812952375f,0.9902699722677558f,0.13876236051682098f,0.010506632601257948f,3.030353518534009f,0f,0f,0f,1f], start_interpolation: 0, interpolation_duration: 1 }
$data merge entity $(bone_chest1) { transformation: [-1.050765570205312f,0.016184984112046785f,-0.26313660686325924f,-0.0506119542528934f,-0.06334656932134812f,1.0341111271651404f,0.3165635796164326f,3.410045491746519f,0.2559102181184492f,0.322433456814963f,-1.0020767122830627f,2.7057093251461732f,0f,0f,0f,1f], start_interpolation: 0, interpolation_duration: 1 }
$data merge entity $(bone_chest1lid) { transformation: [-0.969937449420288f,0.014939985334197032f,-0.2428953294122393f,-0.2969357416970824f,-0.05847375629662904f,0.9545641173832066f,0.2922125350305532f,2.623336303866348f,0.23622481672472237f,0.29763088321381204f,-0.9249938882612888f,2.9449152152379927f,0f,0f,0f,1f], start_interpolation: 0, interpolation_duration: 1 }
$data merge entity $(bone_chest2) { transformation: [-0.969937449420288f,0.014939985334197032f,-0.2428953294122393f,-0.29927011440555074f,-0.05847375629662904f,0.9545641173832066f,0.2922125350305532f,2.4741856605252224f,0.23622481672472237f,0.29763088321381204f,-0.9249938882612888f,2.8984103897358344f,0f,0f,0f,1f], start_interpolation: 0, interpolation_duration: 1 }
$data merge entity $(bone_chest1lid3) { transformation: [-0.969937449420288f,0.014939985334197032f,-0.2428953294122393f,-0.39191947151303025f,-0.05847375629662904f,0.9545641173832066f,0.2922125350305532f,2.8141895688888354f,0.23622481672472237f,0.29763088321381204f,-0.9249938882612888f,2.3375769545253093f,0f,0f,0f,1f], start_interpolation: 0, interpolation_duration: 1 }
$data merge entity $(bone_chest3) { transformation: [-0.969937449420288f,0.014939985334197032f,-0.2428953294122393f,-0.39425384422149856f,-0.05847375629662904f,0.9545641173832066f,0.2922125350305532f,2.6650389255477096f,0.23622481672472237f,0.29763088321381204f,-0.9249938882612888f,2.291072129023151f,0f,0f,0f,1f], start_interpolation: 0, interpolation_duration: 1 }
$data merge entity $(bone_hugeasssword2) { transformation: [0.9513400401979364f,2.8403909788842396f,-2.5233725433964356f,-1.2926407445538828f,-1.1444990955363332f,2.6946883867807516f,2.6017405897289696f,4.52300018220375f,3.622892729023382f,0.10541045014495577f,1.484525071788123f,3.0970326443874434f,0f,0f,0f,1f], start_interpolation: 0, interpolation_duration: 1 }
$data merge entity $(bone_belt) { transformation: [-0.969937449420288f,0.014939985334197032f,-0.2428953294122393f,0.006298491330441594f,-0.05847375629662904f,0.9545641173832066f,0.2922125350305532f,2.9934354568244146f,0.23622481672472237f,0.29763088321381204f,-0.9249938882612888f,2.700672042295067f,0f,0f,0f,1f], start_interpolation: 0, interpolation_duration: 1 }
$data merge entity $(bone_torn_part) { transformation: [-0.969937449420288f,0.07665931727277271f,-0.23096470138819616f,-0.11735033098370104f,-0.05847375629662904f,0.8478664883581063f,0.5269755570648942f,2.717295584163255f,0.23622481672472237f,0.5246387013884559f,-0.8178949009309239f,2.6472359379433277f,0f,0f,0f,1f], start_interpolation: 0, interpolation_duration: 1 }
$data merge entity $(bone_lowerbody) { transformation: [-0.969937449420288f,0.0036588651276264613f,-0.24332685202838605f,0.00980140638964189f,-0.05847375629662904f,0.9670892481249089f,0.24762715114817432f,2.215971796860395f,0.23622481672472237f,0.25441108243780614f,-0.9378021311002631f,2.6318213715244436f,0f,0f,0f,1f], start_interpolation: 0, interpolation_duration: 1 }
$data merge entity $(bone_leftfoot) { transformation: [-0.9911264286141366f,0.11966074736262178f,0.05787666233643353f,0.02501157024250096f,0.10635513004042225f,0.9750826591860629f,-0.19468537199471656f,0.16443873993809044f,-0.07973072692928128f,-0.18680233749944097f,-0.9791567279491435f,2.8985078047994763f,0f,0f,0f,1f], start_interpolation: 0, interpolation_duration: 1 }
$data merge entity $(bone_leftlowerleg) { transformation: [-0.9911264286141366f,0.11966074736262178f,0.05787666233643353f,0.1488677158903142f,0.10635513004042225f,0.9750826591860629f,-0.19468537199471656f,1.2760836206311148f,-0.07973072692928128f,-0.18680233749944097f,-0.9791567279491435f,2.841717109074735f,0f,0f,0f,1f], start_interpolation: 0, interpolation_duration: 1 }
$data merge entity $(bone_leftleg) { transformation: [-0.9911264286141366f,0.12875487194932866f,0.0330240132615453f,0.2538370592169286f,0.10635513004042225f,0.9171885993072528f,-0.3839969526114557f,2.2639201058491225f,-0.07973072692928128f,-0.3770772550156156f,-0.9227436019465086f,2.462610913943044f,0f,0f,0f,1f], start_interpolation: 0, interpolation_duration: 1 }
$data merge entity $(bone_rightfoot) { transformation: [-0.9757369428657899f,0.1355587625405234f,0.1719338251345673f,-0.6139562026736065f,0.2167340071168291f,0.7093626956259427f,0.6706943687055815f,0.6729137122253259f,-0.0310449430021099f,0.691685179798424f,-0.7215315818182996f,1.092301199395036f,0f,0f,0f,1f], start_interpolation: 0, interpolation_duration: 1 }
$data merge entity $(bone_rightlowerleg) { transformation: [-0.9757369428657899f,0.1355587625405234f,0.1719338251345673f,-0.48998758050165464f,0.2167340071168291f,0.7093626956259427f,0.6706943687055815f,1.3568136972216065f,-0.0310449430021099f,0.691685179798424f,-0.7215315818182996f,1.970499616579624f,0f,0f,0f,1f], start_interpolation: 0, interpolation_duration: 1 }
$data merge entity $(bone_rightleg) { transformation: [-0.9570389326032215f,0.20636178724590934f,0.20369411932198844f,-0.24612529170264363f,0.27436417284827996f,0.8717651985192039f,0.40589375371894093f,2.2639201058491225f,-0.09381248391853603f,0.44434249337132636f,-0.890931516136671f,2.468746683085904f,0f,0f,0f,1f], start_interpolation: 0, interpolation_duration: 1 }
data modify entity @s data merge value {"locators":{"lefthand":{"posx":1.0826080079018785,"posy":2.123903588391475,"posz":1.8207540245767273,"roty":56.241402911733516,"rotx":14.259212208420092},"righthand":{"posx":-0.28297573921632335,"posy":1.9448754888366935,"posz":3.03160922293461,"roty":319.10945796500334,"rotx":-14.440114657538894},"chest":{"posx":-0.2902276408541914,"posy":2.516190533047104,"posz":3.078225605600603,"roty":345.2868033791982,"rotx":16.990463793524853},"sack":{"posx":0,"posy":-0.4375,"posz":0,"roty":0,"rotx":0}},"cameras":{}}