# This file was generated by Animated Java via MC-Build. It is not recommended to edit this file directly.
$data merge entity $(bone_nose) {transformation: [0.3881f,0.2136f,-0.8965f,0.709f,-0.2087f,0.9679f,0.1403f,4.0142f,0.8977f,0.1326f,0.4203f,-0.1491f,0f,0f,0f,1f],start_interpolation: 0,interpolation_duration: 1}
$data merge entity $(bone_glowing_eye) {transformation: [0.3881f,0.2136f,-0.8965f,0.8033f,-0.2087f,0.9679f,0.1403f,4.0488f,0.8977f,0.1326f,0.4203f,-0.0426f,0f,0f,0f,1f],start_interpolation: 0,interpolation_duration: 1}
$data merge entity $(bone_head) {transformation: [0.3881f,0.2136f,-0.8965f,0.5147f,-0.2087f,0.9679f,0.1403f,3.921f,0.8977f,0.1326f,0.4203f,-0.0868f,0f,0f,0f,1f],start_interpolation: 0,interpolation_duration: 1}
$data merge entity $(bone_leftthumb2) {transformation: [0.6871f,0.0479f,-0.725f,0.4456f,-0.0733f,-0.9882f,-0.1348f,4.4068f,-0.7229f,0.1458f,-0.6754f,-1.9175f,0f,0f,0f,1f],start_interpolation: 0,interpolation_duration: 1}
$data merge entity $(bone_leftthumb) {transformation: [0.6871f,0.0479f,-0.725f,0.3954f,-0.0733f,-0.9882f,-0.1348f,4.153f,-0.7229f,0.1458f,-0.6754f,-1.9395f,0f,0f,0f,1f],start_interpolation: 0,interpolation_duration: 1}
$data merge entity $(bone_leftpointerfinger) {transformation: [0.6871f,0.0479f,-0.725f,0.2705f,-0.0733f,-0.9882f,-0.1348f,4.4789f,-0.7229f,0.1458f,-0.6754f,-1.9399f,0f,0f,0f,1f],start_interpolation: 0,interpolation_duration: 1}
$data merge entity $(bone_leftmidfinger) {transformation: [0.6871f,0.0479f,-0.725f,0.1573f,-0.0733f,-0.9882f,-0.1348f,4.4579f,-0.7229f,0.1458f,-0.6754f,-2.0454f,0f,0f,0f,1f],start_interpolation: 0,interpolation_duration: 1}
$data merge entity $(bone_leftringfinger) {transformation: [0.6871f,0.0479f,-0.725f,0.044f,-0.0733f,-0.9882f,-0.1348f,4.4368f,-0.7229f,0.1458f,-0.6754f,-2.151f,0f,0f,0f,1f],start_interpolation: 0,interpolation_duration: 1}
$data merge entity $(bone_invisibility) {transformation: [-0.0154f,0.7264f,-0.6871f,0.4273f,-0.9961f,0.0482f,0.0733f,4.3613f,0.0864f,0.6856f,0.7229f,-2.0384f,0f,0f,0f,1f],start_interpolation: 0,interpolation_duration: 1}
$data merge entity $(bone_swiftness) {transformation: [-0.725f,0.0479f,-0.6871f,0.3206f,-0.1348f,-0.9882f,0.0733f,4.466f,-0.6754f,0.1458f,0.7229f,-2.2224f,0f,0f,0f,1f],start_interpolation: 0,interpolation_duration: 1}
$data merge entity $(bone_suspicious_stew) {transformation: [-0.2629f,0.6773f,-0.6871f,0.2891f,-0.9525f,-0.2954f,0.0733f,4.3823f,-0.1533f,0.6738f,0.7229f,-2.1719f,0f,0f,0f,1f],start_interpolation: 0,interpolation_duration: 1}
$data merge entity $(bone_log) {transformation: [0.6871f,0.0479f,-0.725f,0.3255f,-0.0733f,-0.9882f,-0.1348f,4.2456f,-0.7229f,0.1458f,-0.6754f,-2.2531f,0f,0f,0f,1f],start_interpolation: 0,interpolation_duration: 1}
$data merge entity $(bone_planks) {transformation: [0.6871f,0.0479f,-0.725f,0.3899f,-0.0733f,-0.9882f,-0.1348f,4.2388f,-0.7229f,0.1458f,-0.6754f,-2.3208f,0f,0f,0f,1f],start_interpolation: 0,interpolation_duration: 1}
$data merge entity $(bone_lefthand1) {transformation: [0.6871f,0.0479f,-0.725f,0.1884f,-0.0733f,-0.9882f,-0.1348f,4.0211f,-0.7229f,0.1458f,-0.6754f,-2.0148f,0f,0f,0f,1f],start_interpolation: 0,interpolation_duration: 1}
$data merge entity $(bone_leftforearm) {transformation: [0.7186f,-0.34f,-0.6066f,0.0063f,-0.6943f,-0.3034f,-0.6526f,3.7606f,0.0378f,0.8902f,-0.4541f,-1.3709f,0f,0f,0f,1f],start_interpolation: 0,interpolation_duration: 1}
$data merge entity $(bone_leftelbow) {transformation: [0.7186f,-0.34f,-0.6066f,-0.0574f,-0.6943f,-0.3034f,-0.6526f,3.7037f,0.0378f,0.8902f,-0.4541f,-1.204f,0f,0f,0f,1f],start_interpolation: 0,interpolation_duration: 1}
$data merge entity $(bone_leftarm) {transformation: [0.7131f,0.1219f,-0.6904f,0.1887f,-0.6966f,0.0116f,-0.7174f,3.5858f,-0.0794f,0.9925f,0.0931f,-0.7752f,0f,0f,0f,1f],start_interpolation: 0,interpolation_duration: 1}
$data merge entity $(bone_rightthumb2) {transformation: [-0.3926f,-0.3437f,0.8531f,1.829f,0.84f,-0.5117f,0.1804f,3.3208f,0.3746f,0.7874f,0.4896f,-0.1886f,0f,0f,0f,1f],start_interpolation: 0,interpolation_duration: 1}
$data merge entity $(bone_rightthumb) {transformation: [-0.3926f,-0.3437f,0.8531f,1.8176f,0.84f,-0.5117f,0.1804f,3.2107f,0.3746f,0.7874f,0.4896f,0.0464f,0f,0f,0f,1f],start_interpolation: 0,interpolation_duration: 1}
$data merge entity $(bone_rightpointerfinger) {transformation: [-0.3926f,-0.3437f,0.8531f,1.9274f,0.84f,-0.5117f,0.1804f,3.479f,0.3746f,0.7874f,0.4896f,-0.1481f,0f,0f,0f,1f],start_interpolation: 0,interpolation_duration: 1}
$data merge entity $(bone_rightmidfinger) {transformation: [-0.3926f,-0.3437f,0.8531f,2.0607f,0.84f,-0.5117f,0.1804f,3.5072f,0.3746f,0.7874f,0.4896f,-0.0716f,0f,0f,0f,1f],start_interpolation: 0,interpolation_duration: 1}
$data merge entity $(bone_rightringfinger) {transformation: [-0.3926f,-0.3437f,0.8531f,2.194f,0.84f,-0.5117f,0.1804f,3.5354f,0.3746f,0.7874f,0.4896f,0.0049f,0f,0f,0f,1f],start_interpolation: 0,interpolation_duration: 1}
$data merge entity $(bone_hugeasssword) {transformation: [-1.5376f,-1.3462f,3.3413f,2.0819f,3.29f,-2.0044f,0.7064f,3.1773f,1.4671f,3.0839f,1.9176f,-0.0188f,0f,0f,0f,1f],start_interpolation: 0,interpolation_duration: 1}
$data merge entity $(bone_ice) {transformation: [-0.3926f,-0.3437f,0.8531f,2.0934f,0.84f,-0.5117f,0.1804f,3.1722f,0.3746f,0.7874f,0.4896f,-0.037f,0f,0f,0f,1f],start_interpolation: 0,interpolation_duration: 1}
$data merge entity $(bone_righthand1) {transformation: [-0.3926f,-0.3437f,0.8531f,1.936f,0.84f,-0.5117f,0.1804f,3.2598f,0.3746f,0.7874f,0.4896f,0.2688f,0f,0f,0f,1f],start_interpolation: 0,interpolation_duration: 1}
$data merge entity $(bone_rightforearm) {transformation: [0.5028f,-0.8209f,0.2709f,1.3191f,0.743f,0.2502f,-0.6208f,3.3568f,0.4418f,0.5134f,0.7357f,0.6047f,0f,0f,0f,1f],start_interpolation: 0,interpolation_duration: 1}
$data merge entity $(bone_rightelbow) {transformation: [0.5028f,-0.8209f,0.2709f,1.1652f,0.743f,0.2502f,-0.6208f,3.4037f,0.4418f,0.5134f,0.7357f,0.7009f,0f,0f,0f,1f],start_interpolation: 0,interpolation_duration: 1}
$data merge entity $(bone_rightarm) {transformation: [0.4084f,-0.8857f,-0.2209f,0.6859f,0.7968f,0.4639f,-0.3872f,3.447f,0.4454f,-0.0179f,0.8952f,0.5676f,0f,0f,0f,1f],start_interpolation: 0,interpolation_duration: 1}
$data merge entity $(bone_chest1) {transformation: [0.3331f,0.2487f,-1.0004f,0.2893f,-0.0689f,1.0544f,0.2391f,3.2998f,1.0285f,-0.0099f,0.3401f,-0.053f,0f,0f,0f,1f],start_interpolation: 0,interpolation_duration: 1}
$data merge entity $(bone_chest1lid) {transformation: [0.3075f,0.2296f,-0.9234f,0.5988f,-0.0636f,0.9733f,0.2207f,2.5265f,0.9494f,-0.0091f,0.3139f,0.1546f,0f,0f,0f,1f],start_interpolation: 0,interpolation_duration: 1}
$data merge entity $(bone_chest2) {transformation: [0.3075f,0.2296f,-0.9234f,0.5629f,-0.0636f,0.9733f,0.2207f,2.3745f,0.9494f,-0.0091f,0.3139f,0.156f,0f,0f,0f,1f],start_interpolation: 0,interpolation_duration: 1}
$data merge entity $(bone_chest1lid3) {transformation: [0.3075f,0.2296f,-0.9234f,-0.012f,-0.0636f,0.9733f,0.2207f,2.6719f,0.9494f,-0.0091f,0.3139f,0.2963f,0f,0f,0f,1f],start_interpolation: 0,interpolation_duration: 1}
$data merge entity $(bone_chest3) {transformation: [0.3075f,0.2296f,-0.9234f,-0.0479f,-0.0636f,0.9733f,0.2207f,2.5199f,0.9494f,-0.0091f,0.3139f,0.2978f,0f,0f,0f,1f],start_interpolation: 0,interpolation_duration: 1}
$data merge entity $(bone_hugeasssword2) {transformation: [3.6168f,-0.2806f,1.4766f,0.6899f,-0.8646f,2.7591f,2.642f,4.4092f,-1.2295f,-2.7657f,2.4859f,1.1893f,0f,0f,0f,1f],start_interpolation: 0,interpolation_duration: 1}
$data merge entity $(bone_belt) {transformation: [0.3075f,0.2296f,-0.9234f,0.3089f,-0.0636f,0.9733f,0.2207f,2.8853f,0.9494f,-0.0091f,0.3139f,-0.1208f,0f,0f,0f,1f],start_interpolation: 0,interpolation_duration: 1}
$data merge entity $(bone_torn_part) {transformation: [0.2708f,0.5342f,-0.8008f,0.2678f,-0.1091f,0.8436f,0.5258f,2.5989f,0.9564f,-0.055f,0.2867f,-0.005f,0f,0f,0f,1f],start_interpolation: 0,interpolation_duration: 1}
$data merge entity $(bone_lowerbody) {transformation: [0.2708f,0.2687f,-0.9244f,0.2402f,-0.1091f,0.9626f,0.2478f,2.1047f,0.9564f,0.0338f,0.29f,-0.1557f,0f,0f,0f,1f],start_interpolation: 0,interpolation_duration: 1}
$data merge entity $(bone_leftfoot) {transformation: [0.6359f,0.4511f,-0.6262f,-0.2181f,-0.0665f,0.8404f,0.5379f,0.3525f,0.7689f,-0.3003f,0.5644f,-0.1928f,0f,0f,0f,1f],start_interpolation: 0,interpolation_duration: 1}
$data merge entity $(bone_leftlowerleg) {transformation: [0.6359f,0.4511f,-0.6262f,0.3786f,-0.0665f,0.8404f,0.5379f,1.2022f,0.7689f,-0.3003f,0.5644f,-0.6127f,0f,0f,0f,1f],start_interpolation: 0,interpolation_duration: 1}
$data merge entity $(bone_leftleg) {transformation: [0.4424f,-0.3507f,-0.8254f,0.0303f,-0.0687f,0.9044f,-0.4211f,2.1443f,0.8942f,0.243f,0.376f,-0.3386f,0f,0f,0f,1f],start_interpolation: 0,interpolation_duration: 1}
$data merge entity $(bone_rightfoot) {transformation: [0.5402f,0.4834f,-0.6889f,0.0939f,0.0569f,0.7957f,0.603f,0.4508f,0.8396f,-0.3649f,0.4023f,0.3778f,0f,0f,0f,1f],start_interpolation: 0,interpolation_duration: 1}
$data merge entity $(bone_rightlowerleg) {transformation: [0.5402f,0.4834f,-0.6889f,0.736f,0.0569f,0.7957f,0.603f,1.2409f,0.8396f,-0.3649f,0.4023f,-0.0888f,0f,0f,0f,1f],start_interpolation: 0,interpolation_duration: 1}
$data merge entity $(bone_rightleg) {transformation: [0.4532f,-0.5302f,-0.7166f,0.1698f,0.0245f,0.811f,-0.5846f,2.0822f,0.8911f,0.2474f,0.3805f,0.1398f,0f,0f,0f,1f],start_interpolation: 0,interpolation_duration: 1}
data modify entity @s data merge value {"cameras":{},"locators":{"lefthand":{"posx":0.2686773782199858,"posy":4.331812895236078,"posz":-2.1861371147750814,"roty":312.9734389708881,"rotx":-7.7483148668059085},"sword":{"posx":-1.0971455591485846,"posy":2.5909969828459776,"posz":-1.8272060879925776,"roty":119.85241069507519,"rotx":10.390811362764014},"righthand":{"posx":2.048612572644683,"posy":3.256079666113769,"posz":-0.021790055418962617,"roty":119.85241069507519,"rotx":10.390811362764014},"chest":{"posx":0.7383168223026289,"posy":2.429223997471872,"posz":0.13576181119920638,"roty":251.22561380949443,"rotx":12.752793074210583}}}