# This file was generated by Animated Java via MC-Build. It is not recommended to edit this file directly.
$data merge entity $(bone_nose) {transformation: [0.547f,0.344f,-0.7632f,0.8071f,-0.2189f,0.9387f,0.2662f,3.9385f,0.808f,0.0215f,0.5888f,-0.1707f,0f,0f,0f,1f],start_interpolation: 0,interpolation_duration: 1}
$data merge entity $(bone_glowing_eye) {transformation: [0.547f,0.344f,-0.7632f,0.9254f,-0.2189f,0.9387f,0.2662f,3.9654f,0.808f,0.0215f,0.5888f,-0.0888f,0f,0f,0f,1f],start_interpolation: 0,interpolation_duration: 1}
$data merge entity $(bone_head) {transformation: [0.547f,0.344f,-0.7632f,0.6217f,-0.2189f,0.9387f,0.2662f,3.8724f,0.808f,0.0215f,0.5888f,-0.0631f,0f,0f,0f,1f],start_interpolation: 0,interpolation_duration: 1}
$data merge entity $(bone_leftthumb2) {transformation: [0.5435f,0.0208f,-0.8391f,0.0864f,0.2262f,-0.9663f,0.1225f,4.5571f,-0.8083f,-0.2564f,-0.5299f,-1.3343f,0f,0f,0f,1f],start_interpolation: 0,interpolation_duration: 1}
$data merge entity $(bone_leftthumb) {transformation: [0.5435f,0.0208f,-0.8391f,0.0198f,0.2262f,-0.9663f,0.1225f,4.3306f,-0.8083f,-0.2564f,-0.5299f,-1.4425f,0f,0f,0f,1f],start_interpolation: 0,interpolation_duration: 1}
$data merge entity $(bone_leftpointerfinger) {transformation: [0.5435f,0.0208f,-0.8391f,-0.0858f,0.2262f,-0.9663f,0.1225f,4.6287f,-0.8083f,-0.2564f,-0.5299f,-1.2948f,0f,0f,0f,1f],start_interpolation: 0,interpolation_duration: 1}
$data merge entity $(bone_leftmidfinger) {transformation: [0.5435f,0.0208f,-0.8391f,-0.2169f,0.2262f,-0.9663f,0.1225f,4.6478f,-0.8083f,-0.2564f,-0.5299f,-1.3776f,0f,0f,0f,1f],start_interpolation: 0,interpolation_duration: 1}
$data merge entity $(bone_leftringfinger) {transformation: [0.5435f,0.0208f,-0.8391f,-0.348f,0.2262f,-0.9663f,0.1225f,4.667f,-0.8083f,-0.2564f,-0.5299f,-1.4604f,0f,0f,0f,1f],start_interpolation: 0,interpolation_duration: 1}
$data merge entity $(bone_invisibility) {transformation: [-0.0524f,0.8378f,-0.5435f,0.0446f,-0.952f,-0.2063f,-0.2262f,4.5616f,-0.3016f,0.5056f,0.8083f,-1.4578f,0f,0f,0f,1f],start_interpolation: 0,interpolation_duration: 1}
$data merge entity $(bone_swiftness) {transformation: [-0.8391f,0.0208f,-0.5435f,-0.0872f,0.1225f,-0.9663f,-0.2262f,4.7272f,-0.5299f,-0.2564f,0.8083f,-1.5646f,0f,0f,0f,1f],start_interpolation: 0,interpolation_duration: 1}
$data merge entity $(bone_suspicious_stew) {transformation: [-0.3358f,0.7693f,-0.5435f,-0.1137f,-0.824f,-0.5194f,-0.2262f,4.6299f,-0.4564f,0.3719f,0.8083f,-1.5452f,0f,0f,0f,1f],start_interpolation: 0,interpolation_duration: 1}
$data merge entity $(bone_log) {transformation: [0.5435f,0.0208f,-0.8391f,-0.0995f,0.2262f,-0.9663f,0.1225f,4.536f,-0.8083f,-0.2564f,-0.5299f,-1.6779f,0f,0f,0f,1f],start_interpolation: 0,interpolation_duration: 1}
$data merge entity $(bone_planks) {transformation: [0.5435f,0.0208f,-0.8391f,-0.0485f,0.2262f,-0.9663f,0.1225f,4.5572f,-0.8083f,-0.2564f,-0.5299f,-1.7536f,0f,0f,0f,1f],start_interpolation: 0,interpolation_duration: 1}
$data merge entity $(bone_lefthand1) {transformation: [0.5435f,0.0208f,-0.8391f,-0.2039f,0.2262f,-0.9663f,0.1225f,4.234f,-0.8083f,-0.2564f,-0.5299f,-1.5233f,0f,0f,0f,1f],start_interpolation: 0,interpolation_duration: 1}
$data merge entity $(bone_leftforearm) {transformation: [0.7482f,-0.2596f,-0.6106f,-0.3243f,-0.5991f,-0.6598f,-0.4535f,3.7228f,-0.2852f,0.7051f,-0.6492f,-1.0368f,0f,0f,0f,1f],start_interpolation: 0,interpolation_duration: 1}
$data merge entity $(bone_leftelbow) {transformation: [0.7482f,-0.2596f,-0.6106f,-0.3729f,-0.5991f,-0.6598f,-0.4535f,3.599f,-0.2852f,0.7051f,-0.6492f,-0.9045f,0f,0f,0f,1f],start_interpolation: 0,interpolation_duration: 1}
$data merge entity $(bone_leftarm) {transformation: [0.7112f,0.538f,-0.4525f,0.0613f,-0.5889f,0.1045f,-0.8014f,3.5817f,-0.3838f,0.8365f,0.3911f,-0.6597f,0f,0f,0f,1f],start_interpolation: 0,interpolation_duration: 1}
$data merge entity $(bone_rightthumb2) {transformation: [-0.3839f,-0.0588f,0.9215f,1.697f,0.6024f,-0.7723f,0.2017f,3.5635f,0.6998f,0.6326f,0.3319f,-0.2464f,0f,0f,0f,1f],start_interpolation: 0,interpolation_duration: 1}
$data merge entity $(bone_rightthumb) {transformation: [-0.3839f,-0.0588f,0.9215f,1.7614f,0.6024f,-0.7723f,0.2017f,3.3913f,0.6998f,0.6326f,0.3319f,-0.063f,0f,0f,0f,1f],start_interpolation: 0,interpolation_duration: 1}
$data merge entity $(bone_rightpointerfinger) {transformation: [-0.3839f,-0.0588f,0.9215f,1.7819f,0.6024f,-0.7723f,0.2017f,3.7201f,0.6998f,0.6326f,0.3319f,-0.1784f,0f,0f,0f,1f],start_interpolation: 0,interpolation_duration: 1}
$data merge entity $(bone_rightmidfinger) {transformation: [-0.3839f,-0.0588f,0.9215f,1.9259f,0.6024f,-0.7723f,0.2017f,3.7516f,0.6998f,0.6326f,0.3319f,-0.1266f,0f,0f,0f,1f],start_interpolation: 0,interpolation_duration: 1}
$data merge entity $(bone_rightringfinger) {transformation: [-0.3839f,-0.0588f,0.9215f,2.0698f,0.6024f,-0.7723f,0.2017f,3.7831f,0.6998f,0.6326f,0.3319f,-0.0747f,0f,0f,0f,1f],start_interpolation: 0,interpolation_duration: 1}
$data merge entity $(bone_hugeasssword) {transformation: [-1.5035f,-0.2302f,3.6093f,2.0015f,2.3594f,-3.0248f,0.79f,3.4315f,2.741f,2.4775f,1.2997f,-0.1892f,0f,0f,0f,1f],start_interpolation: 0,interpolation_duration: 1}
$data merge entity $(bone_ice) {transformation: [-0.3839f,-0.0588f,0.9215f,2.0084f,0.6024f,-0.7723f,0.2017f,3.4342f,0.6998f,0.6326f,0.3319f,-0.21f,0f,0f,0f,1f],start_interpolation: 0,interpolation_duration: 1}
$data merge entity $(bone_righthand1) {transformation: [-0.3839f,-0.0588f,0.9215f,1.9265f,0.6024f,-0.7723f,0.2017f,3.398f,0.6998f,0.6326f,0.3319f,0.1335f,0f,0f,0f,1f],start_interpolation: 0,interpolation_duration: 1}
$data merge entity $(bone_rightforearm) {transformation: [0.4979f,-0.6614f,0.5609f,1.4267f,0.6825f,-0.1003f,-0.724f,3.2528f,0.5351f,0.7433f,0.4015f,0.6156f,0f,0f,0f,1f],start_interpolation: 0,interpolation_duration: 1}
$data merge entity $(bone_rightelbow) {transformation: [0.4979f,-0.6614f,0.5609f,1.3027f,0.6825f,-0.1003f,-0.724f,3.234f,0.5351f,0.7433f,0.4015f,0.7549f,0f,0f,0f,1f],start_interpolation: 0,interpolation_duration: 1}
$data merge entity $(bone_rightarm) {transformation: [0.4178f,-0.813f,-0.4056f,0.8998f,0.7282f,0.5666f,-0.3855f,3.3314f,0.5432f,-0.1343f,0.8288f,0.5249f,0f,0f,0f,1f],start_interpolation: 0,interpolation_duration: 1}
$data merge entity $(bone_chest1) {transformation: [0.5485f,0.2441f,-0.9018f,0.4069f,-0.1667f,1.0545f,0.1841f,3.2468f,0.9192f,0.0456f,0.5714f,-0.0457f,0f,0f,0f,1f],start_interpolation: 0,interpolation_duration: 1}
$data merge entity $(bone_chest1lid) {transformation: [0.5063f,0.2254f,-0.8324f,0.7515f,-0.1539f,0.9734f,0.1699f,2.4625f,0.8485f,0.0421f,0.5275f,0.0088f,0f,0f,0f,1f],start_interpolation: 0,interpolation_duration: 1}
$data merge entity $(bone_chest2) {transformation: [0.5063f,0.2254f,-0.8324f,0.7163f,-0.1539f,0.9734f,0.1699f,2.3104f,0.8485f,0.0421f,0.5275f,0.0023f,0f,0f,0f,1f],start_interpolation: 0,interpolation_duration: 1}
$data merge entity $(bone_chest1lid3) {transformation: [0.5063f,0.2254f,-0.8324f,0.1866f,-0.1539f,0.9734f,0.1699f,2.581f,0.8485f,0.0421f,0.5275f,0.2937f,0f,0f,0f,1f],start_interpolation: 0,interpolation_duration: 1}
$data merge entity $(bone_chest3) {transformation: [0.5063f,0.2254f,-0.8324f,0.1514f,-0.1539f,0.9734f,0.1699f,2.4289f,0.8485f,0.0421f,0.5275f,0.2871f,0f,0f,0f,1f],start_interpolation: 0,interpolation_duration: 1}
$data merge entity $(bone_hugeasssword2) {transformation: [3.2603f,-0.8656f,1.9904f,1.0716f,-0.6655f,3.02f,2.4035f,4.2316f,-2.0659f,-2.3389f,2.3668f,1.1883f,0f,0f,0f,1f],start_interpolation: 0,interpolation_duration: 1}
$data merge entity $(bone_belt) {transformation: [0.5063f,0.2254f,-0.8324f,0.4099f,-0.1539f,0.9734f,0.1699f,2.8418f,0.8485f,0.0421f,0.5275f,-0.1587f,0f,0f,0f,1f],start_interpolation: 0,interpolation_duration: 1}
$data merge entity $(bone_torn_part) {transformation: [0.4551f,0.5695f,-0.6845f,0.3848f,-0.2159f,0.8164f,0.5356f,2.5472f,0.8639f,-0.096f,0.4945f,-0.0643f,0f,0f,0f,1f],start_interpolation: 0,interpolation_duration: 1}
$data merge entity $(bone_lowerbody) {transformation: [0.4551f,0.3373f,-0.8241f,0.2916f,-0.2159f,0.9397f,0.2653f,2.0721f,0.8639f,0.0572f,0.5005f,-0.247f,0f,0f,0f,1f],start_interpolation: 0,interpolation_duration: 1}
$data merge entity $(bone_leftfoot) {transformation: [0.6883f,0.4619f,-0.5594f,-0.2784f,-0.1112f,0.8292f,0.5478f,0.3588f,0.7169f,-0.3148f,0.6221f,-0.2797f,0f,0f,0f,1f],start_interpolation: 0,interpolation_duration: 1}
$data merge entity $(bone_leftlowerleg) {transformation: [0.6883f,0.4619f,-0.5594f,0.3199f,-0.1112f,0.8292f,0.5478f,1.1945f,0.7169f,-0.3148f,0.6221f,-0.7245f,0f,0f,0f,1f],start_interpolation: 0,interpolation_duration: 1}
$data merge entity $(bone_leftleg) {transformation: [0.5408f,-0.2708f,-0.7964f,0.0581f,-0.1165f,0.9135f,-0.3898f,2.1447f,0.8331f,0.3035f,0.4625f,-0.3889f,0f,0f,0f,1f],start_interpolation: 0,interpolation_duration: 1}
$data merge entity $(bone_rightfoot) {transformation: [0.7806f,0.3685f,-0.5049f,0.2905f,-0.0415f,0.8365f,0.5464f,0.3726f,0.6237f,-0.4056f,0.6682f,0.1563f,0f,0f,0f,1f],start_interpolation: 0,interpolation_duration: 1}
$data merge entity $(bone_rightlowerleg) {transformation: [0.7806f,0.3685f,-0.5049f,0.7769f,-0.0415f,0.8365f,0.5464f,1.2167f,0.6237f,-0.4056f,0.6682f,-0.3963f,0f,0f,0f,1f],start_interpolation: 0,interpolation_duration: 1}
$data merge entity $(bone_rightleg) {transformation: [0.6445f,-0.4436f,-0.6228f,0.2935f,-0.0728f,0.7752f,-0.6275f,2.0237f,0.7612f,0.4497f,0.4673f,0.0445f,0f,0f,0f,1f],start_interpolation: 0,interpolation_duration: 1}
data modify entity @s data merge value {"cameras":{},"locators":{"lefthand":{"posx":-0.13895231432560465,"posy":4.588386476483717,"posz":-1.5737682314760895,"roty":302.2738222978035,"rotx":7.038608372358407},"sword":{"posx":-1.4391678501860476,"posy":2.7558516828623274,"posz":-1.3831279607664777,"roty":109.80456506438001,"rotx":11.635821230247624},"righthand":{"posx":1.9589320430127548,"posy":3.4995847035558962,"posz":-0.15943087415872198,"roty":109.80456506438001,"rotx":11.635821230247624},"chest":{"posx":0.8833114745828168,"posy":2.3703198347325225,"posz":-0.04968337264305641,"roty":237.63895270939474,"rotx":9.782936083753164}}}