# This file was generated by Animated Java via MC-Build. It is not recommended to edit this file directly.
$data merge entity $(bone_nose) {transformation: [0.9804f,0.0323f,0.1944f,0.2426f,-0.0809f,0.9655f,0.2475f,3.954f,-0.1797f,-0.2583f,0.9492f,-0.7882f,0f,0f,0f,1f],start_interpolation: 0,interpolation_duration: 1}
$data merge entity $(bone_glowing_eye) {transformation: [0.9804f,0.0323f,0.1944f,0.3606f,-0.0809f,0.9655f,0.2475f,4.0007f,-0.1797f,-0.2583f,0.9492f,-0.8613f,0f,0f,0f,1f],start_interpolation: 0,interpolation_duration: 1}
$data merge entity $(bone_head) {transformation: [0.9804f,0.0323f,0.1944f,0.275f,-0.0809f,0.9655f,0.2475f,3.8812f,-0.1797f,-0.2583f,0.9492f,-0.5785f,0f,0f,0f,1f],start_interpolation: 0,interpolation_duration: 1}
$data merge entity $(bone_leftthumb2) {transformation: [0.1568f,0.0197f,-0.9874f,-0.6023f,-0.8632f,-0.4831f,-0.1467f,3.8934f,-0.4799f,0.8754f,-0.0587f,-1.1215f,0f,0f,0f,1f],start_interpolation: 0,interpolation_duration: 1}
$data merge entity $(bone_leftthumb) {transformation: [0.1568f,0.0197f,-0.9874f,-0.6818f,-0.8632f,-0.4831f,-0.1467f,3.7624f,-0.4799f,0.8754f,-0.0587f,-0.9119f,0f,0f,0f,1f],start_interpolation: 0,interpolation_duration: 1}
$data merge entity $(bone_leftpointerfinger) {transformation: [0.1568f,0.0197f,-0.9874f,-0.7517f,-0.8632f,-0.4831f,-0.1467f,4.0084f,-0.4799f,0.8754f,-0.0587f,-1.1494f,0f,0f,0f,1f],start_interpolation: 0,interpolation_duration: 1}
$data merge entity $(bone_leftmidfinger) {transformation: [0.1568f,0.0197f,-0.9874f,-0.906f,-0.8632f,-0.4831f,-0.1467f,3.9855f,-0.4799f,0.8754f,-0.0587f,-1.1585f,0f,0f,0f,1f],start_interpolation: 0,interpolation_duration: 1}
$data merge entity $(bone_leftringfinger) {transformation: [0.1568f,0.0197f,-0.9874f,-1.0603f,-0.8632f,-0.4831f,-0.1467f,3.9626f,-0.4799f,0.8754f,-0.0587f,-1.1677f,0f,0f,0f,1f],start_interpolation: 0,interpolation_duration: 1}
$data merge entity $(bone_invisibility) {transformation: [-0.0664f,0.9854f,-0.1568f,-0.6893f,-0.494f,0.104f,0.8632f,3.7983f,0.8669f,0.1348f,0.4799f,-1.1418f,0f,0f,0f,1f],start_interpolation: 0,interpolation_duration: 1}
$data merge entity $(bone_swiftness) {transformation: [-0.9874f,0.0197f,-0.1568f,-0.869f,-0.1467f,-0.4831f,0.8632f,3.7913f,-0.0587f,0.8754f,0.4799f,-1.2963f,0f,0f,0f,1f],start_interpolation: 0,interpolation_duration: 1}
$data merge entity $(bone_suspicious_stew) {transformation: [-0.3994f,0.9033f,-0.1568f,-0.8754f,-0.4998f,-0.0712f,0.8632f,3.7935f,0.7685f,0.4232f,0.4799f,-1.1938f,0f,0f,0f,1f],start_interpolation: 0,interpolation_duration: 1}
$data merge entity $(bone_log) {transformation: [0.1568f,0.0197f,-0.9874f,-0.9045f,-0.8632f,-0.4831f,-0.1467f,3.6453f,-0.4799f,0.8754f,-0.0587f,-1.1321f,0f,0f,0f,1f],start_interpolation: 0,interpolation_duration: 1}
$data merge entity $(bone_planks) {transformation: [0.1568f,0.0197f,-0.9874f,-0.8898f,-0.8632f,-0.4831f,-0.1467f,3.5644f,-0.4799f,0.8754f,-0.0587f,-1.1771f,0f,0f,0f,1f],start_interpolation: 0,interpolation_duration: 1}
$data merge entity $(bone_lefthand1) {transformation: [0.1568f,0.0197f,-0.9874f,-0.9079f,-0.8632f,-0.4831f,-0.1467f,3.7449f,-0.4799f,0.8754f,-0.0587f,-0.7915f,0f,0f,0f,1f],start_interpolation: 0,interpolation_duration: 1}
$data merge entity $(bone_leftforearm) {transformation: [0.602f,0.014f,-0.7983f,-0.8424f,-0.7768f,-0.221f,-0.5897f,3.5367f,-0.1847f,0.9752f,-0.1222f,-0.1174f,0f,0f,0f,1f],start_interpolation: 0,interpolation_duration: 1}
$data merge entity $(bone_leftelbow) {transformation: [0.602f,0.014f,-0.7983f,-0.8397f,-0.7768f,-0.221f,-0.5897f,3.4953f,-0.1847f,0.9752f,-0.1222f,0.0654f,0f,0f,0f,1f],start_interpolation: 0,interpolation_duration: 1}
$data merge entity $(bone_leftarm) {transformation: [0.5234f,0.7809f,0.3411f,-0.4462f,-0.8219f,0.5682f,-0.0397f,3.551f,-0.2248f,-0.2596f,0.9392f,-0.2313f,0f,0f,0f,1f],start_interpolation: 0,interpolation_duration: 1}
$data merge entity $(bone_rightthumb2) {transformation: [0.2786f,0.1632f,0.9464f,1.0356f,0.2187f,-0.9703f,0.1029f,4.0478f,0.9352f,0.1783f,-0.3061f,-1.1166f,0f,0f,0f,1f],start_interpolation: 0,interpolation_duration: 1}
$data merge entity $(bone_rightthumb) {transformation: [0.2786f,0.1632f,0.9464f,1.1565f,0.2187f,-0.9703f,0.1029f,3.8186f,0.9352f,0.1783f,-0.3061f,-1.099f,0f,0f,0f,1f],start_interpolation: 0,interpolation_duration: 1}
$data merge entity $(bone_rightpointerfinger) {transformation: [0.2786f,0.1632f,0.9464f,1.1778f,0.2187f,-0.9703f,0.1029f,4.1657f,0.9352f,0.1783f,-0.3061f,-1.0696f,0f,0f,0f,1f],start_interpolation: 0,interpolation_duration: 1}
$data merge entity $(bone_rightmidfinger) {transformation: [0.2786f,0.1632f,0.9464f,1.3257f,0.2187f,-0.9703f,0.1029f,4.1818f,0.9352f,0.1783f,-0.3061f,-1.1174f,0f,0f,0f,1f],start_interpolation: 0,interpolation_duration: 1}
$data merge entity $(bone_rightringfinger) {transformation: [0.2786f,0.1632f,0.9464f,1.4736f,0.2187f,-0.9703f,0.1029f,4.1979f,0.9352f,0.1783f,-0.3061f,-1.1652f,0f,0f,0f,1f],start_interpolation: 0,interpolation_duration: 1}
$data merge entity $(bone_hugeasssword) {transformation: [1.0913f,0.6393f,3.7068f,1.27f,0.8567f,-3.8005f,0.4032f,3.925f,3.6627f,0.6985f,-1.1988f,-1.3248f,0f,0f,0f,1f],start_interpolation: 0,interpolation_duration: 1}
$data merge entity $(bone_ice) {transformation: [0.2786f,0.1632f,0.9464f,1.2631f,0.2187f,-0.9703f,0.1029f,3.9368f,0.9352f,0.1783f,-0.3061f,-1.3422f,0f,0f,0f,1f],start_interpolation: 0,interpolation_duration: 1}
$data merge entity $(bone_righthand1) {transformation: [0.2786f,0.1632f,0.9464f,1.4032f,0.2187f,-0.9703f,0.1029f,3.7521f,0.9352f,0.1783f,-0.3061f,-1.0734f,0f,0f,0f,1f],start_interpolation: 0,interpolation_duration: 1}
$data merge entity $(bone_rightforearm) {transformation: [0.6717f,0.0832f,0.7361f,1.4032f,0.6733f,-0.483f,-0.5598f,3.345f,0.3089f,0.8717f,-0.3804f,-0.4936f,0f,0f,0f,1f],start_interpolation: 0,interpolation_duration: 1}
$data merge entity $(bone_rightelbow) {transformation: [0.6717f,0.0832f,0.7361f,1.4188f,0.6733f,-0.483f,-0.5598f,3.2544f,0.3089f,0.8717f,-0.3804f,-0.3301f,0f,0f,0f,1f],start_interpolation: 0,interpolation_duration: 1}
$data merge entity $(bone_rightarm) {transformation: [0.6171f,-0.7697f,-0.1638f,1.0109f,0.7017f,0.6324f,-0.328f,3.3703f,0.3561f,0.0874f,0.9304f,-0.4818f,0f,0f,0f,1f],start_interpolation: 0,interpolation_duration: 1}
$data merge entity $(bone_chest1) {transformation: [1.0652f,0.0053f,0.1971f,0.289f,-0.0688f,1.0248f,0.3446f,3.2859f,-0.1848f,-0.3513f,1.008f,-0.29f,0f,0f,0f,1f],start_interpolation: 0,interpolation_duration: 1}
$data merge entity $(bone_chest1lid) {transformation: [0.9833f,0.0048f,0.1819f,0.5502f,-0.0635f,0.9459f,0.3181f,2.4932f,-0.1705f,-0.3243f,0.9305f,-0.4907f,0f,0f,0f,1f],start_interpolation: 0,interpolation_duration: 1}
$data merge entity $(bone_chest2) {transformation: [0.9833f,0.0048f,0.1819f,0.5495f,-0.0635f,0.9459f,0.3181f,2.3454f,-0.1705f,-0.3243f,0.9305f,-0.44f,0f,0f,0f,1f],start_interpolation: 0,interpolation_duration: 1}
$data merge entity $(bone_chest1lid3) {transformation: [0.9833f,0.0048f,0.1819f,0.6053f,-0.0635f,0.9459f,0.3181f,2.701f,-0.1705f,-0.3243f,0.9305f,0.1161f,0f,0f,0f,1f],start_interpolation: 0,interpolation_duration: 1}
$data merge entity $(bone_chest3) {transformation: [0.9833f,0.0048f,0.1819f,0.6045f,-0.0635f,0.9459f,0.3181f,2.5532f,-0.1705f,-0.3243f,0.9305f,0.1667f,0f,0f,0f,1f],start_interpolation: 0,interpolation_duration: 1}
$data merge entity $(bone_hugeasssword2) {transformation: [-0.7125f,-2.8266f,2.6159f,1.5543f,-1.2458f,2.6864f,2.5635f,4.3895f,-3.6443f,-0.3657f,-1.3878f,-0.6299f,0f,0f,0f,1f],start_interpolation: 0,interpolation_duration: 1}
$data merge entity $(bone_belt) {transformation: [0.9833f,0.0048f,0.1819f,0.2318f,-0.0635f,0.9459f,0.3181f,2.8695f,-0.1705f,-0.3243f,0.9305f,-0.2771f,0f,0f,0f,1f],start_interpolation: 0,interpolation_duration: 1}
$data merge entity $(bone_torn_part) {transformation: [0.9866f,-0.0969f,0.1309f,0.3597f,-0.0061f,0.7811f,0.6244f,2.6018f,-0.1627f,-0.6168f,0.7701f,-0.1962f,0f,0f,0f,1f],start_interpolation: 0,interpolation_duration: 1}
$data merge entity $(bone_lowerbody) {transformation: [0.9866f,-0.0531f,0.154f,0.2676f,-0.0061f,0.9327f,0.3606f,2.0963f,-0.1627f,-0.3567f,0.9199f,-0.1355f,0f,0f,0f,1f],start_interpolation: 0,interpolation_duration: 1}
$data merge entity $(bone_leftfoot) {transformation: [0.9642f,-0.0141f,0.2649f,-0.0751f,-0.0882f,0.9248f,0.3702f,0.3248f,-0.2502f,-0.3803f,0.8904f,-0.0286f,0f,0f,0f,1f],start_interpolation: 0,interpolation_duration: 1}
$data merge entity $(bone_leftlowerleg) {transformation: [0.9642f,-0.0141f,0.2649f,-0.1314f,-0.0882f,0.9248f,0.3702f,1.2938f,-0.2502f,-0.3803f,0.8904f,-0.5873f,0f,0f,0f,1f],start_interpolation: 0,interpolation_duration: 1}
$data merge entity $(bone_leftleg) {transformation: [0.9885f,0.14f,0.0573f,0.0415f,-0.0745f,0.7804f,-0.6208f,2.1071f,-0.1316f,0.6094f,0.7819f,0.0389f,0f,0f,0f,1f],start_interpolation: 0,interpolation_duration: 1}
$data merge entity $(bone_rightfoot) {transformation: [0.9816f,0.0404f,-0.1867f,0.5942f,0.0594f,0.8644f,0.4993f,0.2883f,0.1816f,-0.5012f,0.8461f,0.2636f,0f,0f,0f,1f],start_interpolation: 0,interpolation_duration: 1}
$data merge entity $(bone_rightlowerleg) {transformation: [0.9816f,0.0404f,-0.1867f,0.6677f,0.0594f,0.8644f,0.4993f,1.1705f,0.1816f,-0.5012f,0.8461f,-0.4224f,0f,0f,0f,1f],start_interpolation: 0,interpolation_duration: 1}
$data merge entity $(bone_rightleg) {transformation: [0.9946f,-0.1028f,-0.0131f,0.5317f,0.0896f,0.9164f,-0.3901f,2.1252f,0.0521f,0.3869f,0.9207f,-0.0279f,0f,0f,0f,1f],start_interpolation: 0,interpolation_duration: 1}
data modify entity @s data merge value {"cameras":{},"locators":{"lefthand":{"posx":-0.905329716628186,"posy":3.7662427647593844,"posz":-1.1546091377707026,"roty":273.40308407187445,"rotx":-8.436058575223734},"sword":{"posx":-2.2180214645445155,"posy":3.5912008018155497,"posz":-0.12386874174278528,"roty":72.0785999748786,"rotx":5.908829326538115},"righthand":{"posx":1.2719181245089715,"posy":3.9708135133780056,"posz":-1.2525281695496808,"roty":72.0785999748786,"rotx":5.908829326538115},"chest":{"posx":0.552224445837549,"posy":2.382425484952491,"posz":-0.6211131377075338,"roty":168.93748240236317,"rotx":18.546301080825668}}}