# This file was generated by Animated Java via MC-Build. It is not recommended to edit this file directly.
$data merge entity $(bone_nose) {transformation: [0.8842f,0.0379f,0.4655f,-0.0414f,-0.1988f,0.9325f,0.3016f,3.7661f,-0.4227f,-0.3592f,0.8321f,-0.6213f,0f,0f,0f,1f],start_interpolation: 0,interpolation_duration: 1}
$data merge entity $(bone_glowing_eye) {transformation: [0.8842f,0.0379f,0.4655f,0.0555f,-0.1988f,0.9325f,0.3016f,3.7939f,-0.4227f,-0.3592f,0.8321f,-0.7275f,0f,0f,0f,1f],start_interpolation: 0,interpolation_duration: 1}
$data merge entity $(bone_head) {transformation: [0.8842f,0.0379f,0.4655f,0.0411f,-0.1988f,0.9325f,0.3016f,3.7074f,-0.4227f,-0.3592f,0.8321f,-0.4211f,0f,0f,0f,1f],start_interpolation: 0,interpolation_duration: 1}
$data merge entity $(bone_leftthumb2) {transformation: [0.1504f,0.0289f,-0.9882f,-0.7279f,-0.9306f,-0.3333f,-0.1514f,3.5244f,-0.3337f,0.9424f,-0.0232f,-0.8227f,0f,0f,0f,1f],start_interpolation: 0,interpolation_duration: 1}
$data merge entity $(bone_leftthumb) {transformation: [0.1504f,0.0289f,-0.9882f,-0.8053f,-0.9306f,-0.3333f,-0.1514f,3.4298f,-0.3337f,0.9424f,-0.0232f,-0.5936f,0f,0f,0f,1f],start_interpolation: 0,interpolation_duration: 1}
$data merge entity $(bone_leftpointerfinger) {transformation: [0.1504f,0.0289f,-0.9882f,-0.8776f,-0.9306f,-0.3333f,-0.1514f,3.6338f,-0.3337f,0.9424f,-0.0232f,-0.8674f,0f,0f,0f,1f],start_interpolation: 0,interpolation_duration: 1}
$data merge entity $(bone_leftmidfinger) {transformation: [0.1504f,0.0289f,-0.9882f,-1.032f,-0.9306f,-0.3333f,-0.1514f,3.6102f,-0.3337f,0.9424f,-0.0232f,-0.871f,0f,0f,0f,1f],start_interpolation: 0,interpolation_duration: 1}
$data merge entity $(bone_leftringfinger) {transformation: [0.1504f,0.0289f,-0.9882f,-1.1864f,-0.9306f,-0.3333f,-0.1514f,3.5865f,-0.3337f,0.9424f,-0.0232f,-0.8747f,0f,0f,0f,1f],start_interpolation: 0,interpolation_duration: 1}
$data merge entity $(bone_invisibility) {transformation: [-0.0573f,0.987f,-0.1504f,-0.8153f,-0.3452f,0.1218f,0.9306f,3.4276f,0.9368f,0.1053f,0.3337f,-0.8262f,0f,0f,0f,1f],start_interpolation: 0,interpolation_duration: 1}
$data merge entity $(bone_swiftness) {transformation: [-0.9882f,0.0289f,-0.1504f,-0.9967f,-0.1514f,-0.3333f,0.9306f,3.3959f,-0.0232f,0.9424f,0.3337f,-0.9755f,0f,0f,0f,1f],start_interpolation: 0,interpolation_duration: 1}
$data merge entity $(bone_suspicious_stew) {transformation: [-0.3914f,0.9078f,-0.1504f,-1.002f,-0.3661f,-0.0037f,0.9306f,3.4148f,0.8443f,0.4193f,0.3337f,-0.8747f,0f,0f,0f,1f],start_interpolation: 0,interpolation_duration: 1}
$data merge entity $(bone_log) {transformation: [0.1504f,0.0289f,-0.9882f,-1.0306f,-0.9306f,-0.3333f,-0.1514f,3.2788f,-0.3337f,0.9424f,-0.0232f,-0.7893f,0f,0f,0f,1f],start_interpolation: 0,interpolation_duration: 1}
$data merge entity $(bone_planks) {transformation: [0.1504f,0.0289f,-0.9882f,-1.0165f,-0.9306f,-0.3333f,-0.1514f,3.1916f,-0.3337f,0.9424f,-0.0232f,-0.8206f,0f,0f,0f,1f],start_interpolation: 0,interpolation_duration: 1}
$data merge entity $(bone_lefthand1) {transformation: [0.1504f,0.0289f,-0.9882f,-1.0301f,-0.9306f,-0.3333f,-0.1514f,3.4329f,-0.3337f,0.9424f,-0.0232f,-0.4695f,0f,0f,0f,1f],start_interpolation: 0,interpolation_duration: 1}
$data merge entity $(bone_leftforearm) {transformation: [0.6306f,0.089f,-0.771f,-0.9095f,-0.7615f,-0.1209f,-0.6368f,3.2953f,-0.1498f,0.9887f,-0.0085f,0.2169f,0f,0f,0f,1f],start_interpolation: 0,interpolation_duration: 1}
$data merge entity $(bone_leftelbow) {transformation: [0.6306f,0.089f,-0.771f,-0.8928f,-0.7615f,-0.1209f,-0.6368f,3.2727f,-0.1498f,0.9887f,-0.0085f,0.4022f,0f,0f,0f,1f],start_interpolation: 0,interpolation_duration: 1}
$data merge entity $(bone_leftarm) {transformation: [0.5525f,0.7267f,0.4082f,-0.5246f,-0.8141f,0.5756f,0.0771f,3.3167f,-0.1789f,-0.375f,0.9096f,0.0715f,0f,0f,0f,1f],start_interpolation: 0,interpolation_duration: 1}
$data merge entity $(bone_rightthumb2) {transformation: [0.7117f,0.3329f,0.6186f,0.4225f,0.2866f,-0.9416f,0.177f,3.904f,0.6413f,0.0513f,-0.7656f,-1.2255f,0f,0f,0f,1f],start_interpolation: 0,interpolation_duration: 1}
$data merge entity $(bone_rightthumb) {transformation: [0.7117f,0.3329f,0.6186f,0.557f,0.2866f,-0.9416f,0.177f,3.6882f,0.6413f,0.0513f,-0.7656f,-1.2783f,0f,0f,0f,1f],start_interpolation: 0,interpolation_duration: 1}
$data merge entity $(bone_rightpointerfinger) {transformation: [0.7117f,0.3329f,0.6186f,0.5546f,0.2866f,-0.9416f,0.177f,4.0368f,0.6413f,0.0513f,-0.7656f,-1.2609f,0f,0f,0f,1f],start_interpolation: 0,interpolation_duration: 1}
$data merge entity $(bone_rightmidfinger) {transformation: [0.7117f,0.3329f,0.6186f,0.6512f,0.2866f,-0.9416f,0.177f,4.0645f,0.6413f,0.0513f,-0.7656f,-1.3805f,0f,0f,0f,1f],start_interpolation: 0,interpolation_duration: 1}
$data merge entity $(bone_rightringfinger) {transformation: [0.7117f,0.3329f,0.6186f,0.7479f,0.2866f,-0.9416f,0.177f,4.0921f,0.6413f,0.0513f,-0.7656f,-1.5001f,0f,0f,0f,1f],start_interpolation: 0,interpolation_duration: 1}
$data merge entity $(bone_hugeasssword) {transformation: [2.7877f,1.3037f,2.4227f,0.5201f,1.1224f,-3.6878f,0.6931f,3.7943f,2.5118f,0.201f,-2.9984f,-1.5285f,0f,0f,0f,1f],start_interpolation: 0,interpolation_duration: 1}
$data merge entity $(bone_ice) {transformation: [0.7117f,0.3329f,0.6186f,0.5038f,0.2866f,-0.9416f,0.177f,3.8046f,0.6413f,0.0513f,-0.7656f,-1.5393f,0f,0f,0f,1f],start_interpolation: 0,interpolation_duration: 1}
$data merge entity $(bone_righthand1) {transformation: [0.7117f,0.3329f,0.6186f,0.7843f,0.2866f,-0.9416f,0.177f,3.6463f,0.6413f,0.0513f,-0.7656f,-1.3901f,0f,0f,0f,1f],start_interpolation: 0,interpolation_duration: 1}
$data merge entity $(bone_rightforearm) {transformation: [0.7746f,0.5112f,0.3725f,1.0775f,0.6193f,-0.4935f,-0.6106f,3.2353f,-0.1283f,0.7036f,-0.6989f,-0.8909f,0f,0f,0f,1f],start_interpolation: 0,interpolation_duration: 1}
$data merge entity $(bone_rightelbow) {transformation: [0.7746f,0.5112f,0.3725f,1.1733f,0.6193f,-0.4935f,-0.6106f,3.1428f,-0.1283f,0.7036f,-0.6989f,-0.7589f,0f,0f,0f,1f],start_interpolation: 0,interpolation_duration: 1}
$data merge entity $(bone_rightarm) {transformation: [0.7615f,-0.4554f,0.4611f,0.7888f,0.6464f,0.5851f,-0.4897f,3.263f,-0.0468f,0.671f,0.74f,-0.561f,0f,0f,0f,1f],start_interpolation: 0,interpolation_duration: 1}
$data merge entity $(bone_chest1) {transformation: [0.9379f,-0.2322f,0.4899f,0.2208f,0.0423f,1.0072f,0.3966f,3.1269f,-0.5405f,-0.3242f,0.8811f,-0.1593f,0f,0f,0f,1f],start_interpolation: 0,interpolation_duration: 1}
$data merge entity $(bone_chest1lid) {transformation: [0.8658f,-0.2144f,0.4522f,0.486f,0.039f,0.9298f,0.3661f,2.3615f,-0.4989f,-0.2993f,0.8133f,-0.4434f,0f,0f,0f,1f],start_interpolation: 0,interpolation_duration: 1}
$data merge entity $(bone_chest2) {transformation: [0.8658f,-0.2144f,0.4522f,0.5195f,0.039f,0.9298f,0.3661f,2.2163f,-0.4989f,-0.2993f,0.8133f,-0.3966f,0f,0f,0f,1f],start_interpolation: 0,interpolation_duration: 1}
$data merge entity $(bone_chest1lid3) {transformation: [0.8658f,-0.2144f,0.4522f,0.7215f,0.039f,0.9298f,0.3661f,2.5936f,-0.4989f,-0.2993f,0.8133f,0.1089f,0f,0f,0f,1f],start_interpolation: 0,interpolation_duration: 1}
$data merge entity $(bone_chest3) {transformation: [0.8658f,-0.2144f,0.4522f,0.755f,0.039f,0.9298f,0.3661f,2.4483f,-0.4989f,-0.2993f,0.8133f,0.1556f,0f,0f,0f,1f],start_interpolation: 0,interpolation_duration: 1}
$data merge entity $(bone_hugeasssword2) {transformation: [-1.7711f,-3.0673f,1.6719f,1.1585f,-1.4338f,2.3475f,2.7881f,4.3508f,-3.1856f,0.6487f,-2.1844f,-0.9058f,0f,0f,0f,1f],start_interpolation: 0,interpolation_duration: 1}
$data merge entity $(bone_belt) {transformation: [0.8658f,-0.2144f,0.4522f,0.2193f,0.039f,0.9298f,0.3661f,2.7074f,-0.4989f,-0.2993f,0.8133f,-0.1306f,0f,0f,0f,1f],start_interpolation: 0,interpolation_duration: 1}
$data merge entity $(bone_torn_part) {transformation: [0.869f,-0.3578f,0.3418f,0.3927f,0.0921f,0.7956f,0.5988f,2.4519f,-0.4861f,-0.4889f,0.7243f,-0.1073f,0f,0f,0f,1f],start_interpolation: 0,interpolation_duration: 1}
$data merge entity $(bone_lowerbody) {transformation: [0.869f,-0.2384f,0.4335f,0.3633f,0.0921f,0.9388f,0.3318f,1.9378f,-0.4861f,-0.2484f,0.8378f,-0.0563f,0f,0f,0f,1f],start_interpolation: 0,interpolation_duration: 1}
$data merge entity $(bone_leftfoot) {transformation: [0.7703f,-0.1231f,0.6256f,-0.0263f,-0.219f,0.8704f,0.4409f,0.3107f,-0.5988f,-0.4767f,0.6436f,0.1995f,0f,0f,0f,1f],start_interpolation: 0,interpolation_duration: 1}
$data merge entity $(bone_leftlowerleg) {transformation: [0.7703f,-0.1231f,0.6256f,-0.259f,-0.219f,0.8704f,0.4409f,1.2086f,-0.5988f,-0.4767f,0.6436f,-0.4282f,0f,0f,0f,1f],start_interpolation: 0,interpolation_duration: 1}
$data merge entity $(bone_leftleg) {transformation: [0.8732f,0.4217f,0.2443f,0.2022f,-0.1271f,0.6809f,-0.7212f,1.9118f,-0.4705f,0.5987f,0.6482f,0.1831f,0f,0f,0f,1f],start_interpolation: 0,interpolation_duration: 1}
$data merge entity $(bone_rightfoot) {transformation: [0.9952f,0.0256f,-0.0944f,0.6161f,0.039f,0.7815f,0.6227f,0.3048f,0.0897f,-0.6234f,0.7767f,0.2557f,0f,0f,0f,1f],start_interpolation: 0,interpolation_duration: 1}
$data merge entity $(bone_rightlowerleg) {transformation: [0.9952f,0.0256f,-0.0944f,0.659f,0.039f,0.7815f,0.6227f,1.0761f,0.0897f,-0.6234f,0.7767f,-0.5552f,0f,0f,0f,1f],start_interpolation: 0,interpolation_duration: 1}
$data merge entity $(bone_rightleg) {transformation: [0.9869f,0.0032f,0.1613f,0.6349f,0.0764f,0.8713f,-0.4848f,1.9797f,-0.1421f,0.4907f,0.8596f,-0.0402f,0f,0f,0f,1f],start_interpolation: 0,interpolation_duration: 1}
data modify entity @s data merge value {"cameras":{},"locators":{"lefthand":{"posx":-1.031485667809687,"posy":3.394480841415438,"posz":-0.8312647948721769,"roty":271.3468321614546,"rotx":-8.707022059531939},"sword":{"posx":-1.7252523311456502,"posy":3.1908649219785024,"posz":1.3549759476331118,"roty":38.93766756909952,"rotx":10.192241780006631},"righthand":{"posx":0.5556764692210805,"posy":3.8433734758293405,"posz":-1.468010528567059,"roty":38.93766756909952,"rotx":10.192241780006631},"chest":{"posx":0.45577529842897424,"posy":2.247436917928594,"posz":-0.5673390603943852,"roty":150.92754786787418,"rotx":21.474196286709386}}}