# This file was generated by Animated Java via MC-Build. It is not recommended to edit this file directly.
$data merge entity $(bone_nose) {transformation: [0.857f,-0.1582f,0.4904f,-0.047f,-0.0708f,0.9065f,0.4162f,3.7108f,-0.5105f,-0.3914f,0.7657f,-0.5371f,0f,0f,0f,1f],start_interpolation: 0,interpolation_duration: 1}
$data merge entity $(bone_glowing_eye) {transformation: [0.857f,-0.1582f,0.4904f,0.0322f,-0.0708f,0.9065f,0.4162f,3.7488f,-0.5105f,-0.3914f,0.7657f,-0.6541f,0f,0f,0f,1f],start_interpolation: 0,interpolation_duration: 1}
$data merge entity $(bone_head) {transformation: [0.857f,-0.1582f,0.4904f,0.0643f,-0.0708f,0.9065f,0.4162f,3.6768f,-0.5105f,-0.3914f,0.7657f,-0.3454f,0f,0f,0f,1f],start_interpolation: 0,interpolation_duration: 1}
$data merge entity $(bone_leftthumb2) {transformation: [0.0383f,-0.0636f,-0.9972f,-0.6521f,-0.8785f,-0.4778f,-0.0033f,3.6444f,-0.4763f,0.8762f,-0.0742f,-0.7054f,0f,0f,0f,1f],start_interpolation: 0,interpolation_duration: 1}
$data merge entity $(bone_leftthumb) {transformation: [0.0383f,-0.0636f,-0.9972f,-0.7529f,-0.8785f,-0.4778f,-0.0033f,3.5269f,-0.4763f,0.8762f,-0.0742f,-0.4969f,0f,0f,0f,1f],start_interpolation: 0,interpolation_duration: 1}
$data merge entity $(bone_leftpointerfinger) {transformation: [0.0383f,-0.0636f,-0.9972f,-0.783f,-0.8785f,-0.4778f,-0.0033f,3.7797f,-0.4763f,0.8762f,-0.0742f,-0.7357f,0f,0f,0f,1f],start_interpolation: 0,interpolation_duration: 1}
$data merge entity $(bone_leftmidfinger) {transformation: [0.0383f,-0.0636f,-0.9972f,-0.9388f,-0.8785f,-0.4778f,-0.0033f,3.7791f,-0.4763f,0.8762f,-0.0742f,-0.7473f,0f,0f,0f,1f],start_interpolation: 0,interpolation_duration: 1}
$data merge entity $(bone_leftringfinger) {transformation: [0.0383f,-0.0636f,-0.9972f,-1.0947f,-0.8785f,-0.4778f,-0.0033f,3.7786f,-0.4763f,0.8762f,-0.0742f,-0.7589f,0f,0f,0f,1f],start_interpolation: 0,interpolation_duration: 1}
$data merge entity $(bone_invisibility) {transformation: [-0.1502f,0.9879f,-0.0383f,-0.7516f,-0.4763f,-0.0383f,0.8785f,3.5628f,0.8664f,0.1502f,0.4763f,-0.7269f,0f,0f,0f,1f],start_interpolation: 0,interpolation_duration: 1}
$data merge entity $(bone_swiftness) {transformation: [-0.9972f,-0.0636f,-0.0383f,-0.928f,-0.0033f,-0.4778f,0.8785f,3.5811f,-0.0742f,0.8762f,0.4763f,-0.8842f,0f,0f,0f,1f],start_interpolation: 0,interpolation_duration: 1}
$data merge entity $(bone_suspicious_stew) {transformation: [-0.4791f,0.8769f,-0.0383f,-0.9356f,-0.4345f,-0.1989f,0.8785f,3.5846f,0.7627f,0.4375f,0.4763f,-0.7819f,0f,0f,0f,1f],start_interpolation: 0,interpolation_duration: 1}
$data merge entity $(bone_log) {transformation: [0.0383f,-0.0636f,-0.9972f,-0.9867f,-0.8785f,-0.4778f,-0.0033f,3.4423f,-0.4763f,0.8762f,-0.0742f,-0.7205f,0f,0f,0f,1f],start_interpolation: 0,interpolation_duration: 1}
$data merge entity $(bone_planks) {transformation: [0.0383f,-0.0636f,-0.9972f,-0.9831f,-0.8785f,-0.4778f,-0.0033f,3.36f,-0.4763f,0.8762f,-0.0742f,-0.7651f,0f,0f,0f,1f],start_interpolation: 0,interpolation_duration: 1}
$data merge entity $(bone_lefthand1) {transformation: [0.0383f,-0.0636f,-0.9972f,-0.981f,-0.8785f,-0.4778f,-0.0033f,3.5426f,-0.4763f,0.8762f,-0.0742f,-0.38f,0f,0f,0f,1f],start_interpolation: 0,interpolation_duration: 1}
$data merge entity $(bone_leftforearm) {transformation: [0.5247f,0.0785f,-0.8477f,-0.8751f,-0.7977f,-0.3022f,-0.5218f,3.2724f,-0.2971f,0.95f,-0.0959f,0.2703f,0f,0f,0f,1f],start_interpolation: 0,interpolation_duration: 1}
$data merge entity $(bone_leftelbow) {transformation: [0.5247f,0.0785f,-0.8477f,-0.8604f,-0.7977f,-0.3022f,-0.5218f,3.2157f,-0.2971f,0.95f,-0.0959f,0.4484f,0f,0f,0f,1f],start_interpolation: 0,interpolation_duration: 1}
$data merge entity $(bone_leftarm) {transformation: [0.4386f,0.8284f,0.3484f,-0.4662f,-0.8327f,0.5204f,-0.1892f,3.269f,-0.338f,-0.2072f,0.918f,0.1576f,0f,0f,0f,1f],start_interpolation: 0,interpolation_duration: 1}
$data merge entity $(bone_rightthumb2) {transformation: [0.7402f,0.4068f,0.5355f,0.321f,0.4435f,-0.8938f,0.0659f,3.807f,0.5054f,0.1887f,-0.842f,-1.3486f,0f,0f,0f,1f],start_interpolation: 0,interpolation_duration: 1}
$data merge entity $(bone_rightthumb) {transformation: [0.7402f,0.4068f,0.5355f,0.4665f,0.4435f,-0.8938f,0.0659f,3.5934f,0.5054f,0.1887f,-0.842f,-1.3743f,0f,0f,0f,1f],start_interpolation: 0,interpolation_duration: 1}
$data merge entity $(bone_rightpointerfinger) {transformation: [0.7402f,0.4068f,0.5355f,0.4391f,0.4435f,-0.8938f,0.0659f,3.9383f,0.5054f,0.1887f,-0.842f,-1.4204f,0f,0f,0f,1f],start_interpolation: 0,interpolation_duration: 1}
$data merge entity $(bone_rightmidfinger) {transformation: [0.7402f,0.4068f,0.5355f,0.5228f,0.4435f,-0.8938f,0.0659f,3.9486f,0.5054f,0.1887f,-0.842f,-1.5519f,0f,0f,0f,1f],start_interpolation: 0,interpolation_duration: 1}
$data merge entity $(bone_rightringfinger) {transformation: [0.7402f,0.4068f,0.5355f,0.6065f,0.4435f,-0.8938f,0.0659f,3.9589f,0.5054f,0.1887f,-0.842f,-1.6835f,0f,0f,0f,1f],start_interpolation: 0,interpolation_duration: 1}
$data merge entity $(bone_hugeasssword) {transformation: [2.8989f,1.5932f,2.0972f,0.4004f,1.7372f,-3.5008f,0.2581f,3.6482f,1.9795f,0.7392f,-3.2978f,-1.6347f,0f,0f,0f,1f],start_interpolation: 0,interpolation_duration: 1}
$data merge entity $(bone_ice) {transformation: [0.7402f,0.4068f,0.5355f,0.3825f,0.4435f,-0.8938f,0.0659f,3.6552f,0.5054f,0.1887f,-0.842f,-1.6455f,0f,0f,0f,1f],start_interpolation: 0,interpolation_duration: 1}
$data merge entity $(bone_righthand1) {transformation: [0.7402f,0.4068f,0.5355f,0.686f,0.4435f,-0.8938f,0.0659f,3.5447f,0.5054f,0.1887f,-0.842f,-1.4983f,0f,0f,0f,1f],start_interpolation: 0,interpolation_duration: 1}
$data merge entity $(bone_rightforearm) {transformation: [0.7515f,0.5778f,0.3184f,1.0295f,0.6062f,-0.4144f,-0.6788f,3.1923f,-0.2603f,0.7031f,-0.6617f,-0.9847f,0f,0f,0f,1f],start_interpolation: 0,interpolation_duration: 1}
$data merge entity $(bone_rightelbow) {transformation: [0.7515f,0.5778f,0.3184f,1.1379f,0.6062f,-0.4144f,-0.6788f,3.1146f,-0.2603f,0.7031f,-0.6617f,-0.8529f,0f,0f,0f,1f],start_interpolation: 0,interpolation_duration: 1}
$data merge entity $(bone_rightarm) {transformation: [0.7473f,-0.3665f,0.5543f,0.7845f,0.6402f,0.6205f,-0.4529f,3.245f,-0.1779f,0.6933f,0.6983f,-0.6077f,0f,0f,0f,1f],start_interpolation: 0,interpolation_duration: 1}
$data merge entity $(bone_chest1) {transformation: [0.8922f,-0.2447f,0.5637f,0.257f,0.0558f,1.0219f,0.3552f,3.0843f,-0.6119f,-0.2635f,0.8542f,-0.1226f,0f,0f,0f,1f],start_interpolation: 0,interpolation_duration: 1}
$data merge entity $(bone_chest1lid) {transformation: [0.8236f,-0.2258f,0.5203f,0.489f,0.0515f,0.9433f,0.3279f,2.3288f,-0.5649f,-0.2432f,0.7885f,-0.4578f,0f,0f,0f,1f],start_interpolation: 0,interpolation_duration: 1}
$data merge entity $(bone_chest2) {transformation: [0.8236f,-0.2258f,0.5203f,0.5242f,0.0515f,0.9433f,0.3279f,2.1815f,-0.5649f,-0.2432f,0.7885f,-0.4198f,0f,0f,0f,1f],start_interpolation: 0,interpolation_duration: 1}
$data merge entity $(bone_chest1lid3) {transformation: [0.8236f,-0.2258f,0.5203f,0.7708f,0.0515f,0.9433f,0.3279f,2.5357f,-0.5649f,-0.2432f,0.7885f,0.0827f,0f,0f,0f,1f],start_interpolation: 0,interpolation_duration: 1}
$data merge entity $(bone_chest3) {transformation: [0.8236f,-0.2258f,0.5203f,0.8061f,0.0515f,0.9433f,0.3279f,2.3883f,-0.5649f,-0.2432f,0.7885f,0.1207f,0f,0f,0f,1f],start_interpolation: 0,interpolation_duration: 1}
$data merge entity $(bone_hugeasssword2) {transformation: [-2.0379f,-2.9758f,1.5271f,1.1475f,-1.2842f,2.3473f,2.8603f,4.3291f,-3.0884f,0.9876f,-2.197f,-0.8919f,0f,0f,0f,1f],start_interpolation: 0,interpolation_duration: 1}
$data merge entity $(bone_belt) {transformation: [0.8236f,-0.2258f,0.5203f,0.2525f,0.0515f,0.9433f,0.3279f,2.6639f,-0.5649f,-0.2432f,0.7885f,-0.1108f,0f,0f,0f,1f],start_interpolation: 0,interpolation_duration: 1}
$data merge entity $(bone_torn_part) {transformation: [0.8411f,-0.352f,0.4107f,0.4207f,0.0792f,0.8312f,0.5503f,2.4023f,-0.535f,-0.4303f,0.727f,-0.11f,0f,0f,0f,1f],start_interpolation: 0,interpolation_duration: 1}
$data merge entity $(bone_lowerbody) {transformation: [0.8411f,-0.2122f,0.4975f,0.3722f,0.0792f,0.9582f,0.2748f,1.8881f,-0.535f,-0.1918f,0.8228f,-0.0799f,0f,0f,0f,1f],start_interpolation: 0,interpolation_duration: 1}
$data merge entity $(bone_leftfoot) {transformation: [0.7149f,-0.166f,0.6793f,-0.0097f,-0.2251f,0.8651f,0.4482f,0.2669f,-0.6621f,-0.4733f,0.5811f,0.2279f,0f,0f,0f,1f],start_interpolation: 0,interpolation_duration: 1}
$data merge entity $(bone_leftlowerleg) {transformation: [0.7149f,-0.166f,0.6793f,-0.2982f,-0.2251f,0.8651f,0.4482f,1.1578f,-0.6621f,-0.4733f,0.5811f,-0.3865f,0f,0f,0f,1f],start_interpolation: 0,interpolation_duration: 1}
$data merge entity $(bone_leftleg) {transformation: [0.8234f,0.4853f,0.2943f,0.2282f,-0.1449f,0.681f,-0.7178f,1.8603f,-0.5487f,0.5484f,0.631f,0.1703f,0f,0f,0f,1f],start_interpolation: 0,interpolation_duration: 1}
$data merge entity $(bone_rightfoot) {transformation: [0.9988f,-0.0118f,-0.0485f,0.604f,0.0415f,0.7374f,0.6742f,0.3268f,0.0278f,-0.6754f,0.737f,0.2254f,0f,0f,0f,1f],start_interpolation: 0,interpolation_duration: 1}
$data merge entity $(bone_rightlowerleg) {transformation: [0.9988f,-0.0118f,-0.0485f,0.5984f,0.0415f,0.7374f,0.6742f,1.0413f,0.0278f,-0.6754f,0.737f,-0.637f,0f,0f,0f,1f],start_interpolation: 0,interpolation_duration: 1}
$data merge entity $(bone_rightleg) {transformation: [0.9747f,0.0719f,0.2114f,0.6473f,0.0524f,0.8467f,-0.5295f,1.9181f,-0.2171f,0.5272f,0.8216f,-0.0792f,0f,0f,0f,1f],start_interpolation: 0,interpolation_duration: 1}
data modify entity @s data merge value {"cameras":{},"locators":{"lefthand":{"posx":-0.9697629479603075,"posy":3.5620650588007123,"posz":-0.7431089106802757,"roty":274.25267374755913,"rotx":-0.18957638814389588},"sword":{"posx":-1.537322030494512,"posy":3.466718590214289,"posz":1.5168618987724864,"roty":32.45444354710216,"rotx":3.778330567804189},"righthand":{"posx":0.43719581390882944,"posy":3.70971202328096,"posz":-1.5879552816133797,"roty":32.45444354710216,"rotx":3.778330567804189},"chest":{"posx":0.44750466208798156,"posy":2.220266545896566,"posz":-0.5834566151194721,"roty":146.58102501701933,"rotx":19.140087398820036}}}