# This file was generated by Animated Java via MC-Build. It is not recommended to edit this file directly.
$data merge entity $(bone_nose) {transformation: [0.5919f,-0.4174f,0.6895f,-0.1216f,0.1104f,0.8894f,0.4436f,3.6518f,-0.7984f,-0.1864f,0.5725f,-0.5909f,0f,0f,0f,1f],start_interpolation: 0,interpolation_duration: 1}
$data merge entity $(bone_glowing_eye) {transformation: [0.5919f,-0.4174f,0.6895f,-0.1f,0.1104f,0.8894f,0.4436f,3.7104f,-0.7984f,-0.1864f,0.5725f,-0.7233f,0f,0f,0f,1f],start_interpolation: 0,interpolation_duration: 1}
$data merge entity $(bone_head) {transformation: [0.5919f,-0.4174f,0.6895f,0.059f,0.1104f,0.8894f,0.4436f,3.6251f,-0.7984f,-0.1864f,0.5725f,-0.4607f,0f,0f,0f,1f],start_interpolation: 0,interpolation_duration: 1}
$data merge entity $(bone_leftthumb2) {transformation: [-0.3539f,-0.0842f,-0.9315f,-0.5098f,-0.8075f,-0.475f,0.3497f,3.7033f,-0.4719f,0.876f,0.1001f,-0.5013f,0f,0f,0f,1f],start_interpolation: 0,interpolation_duration: 1}
$data merge entity $(bone_leftthumb) {transformation: [-0.3539f,-0.0842f,-0.9315f,-0.61f,-0.8075f,-0.475f,0.3497f,3.6167f,-0.4719f,0.876f,0.1001f,-0.2779f,0f,0f,0f,1f],start_interpolation: 0,interpolation_duration: 1}
$data merge entity $(bone_leftpointerfinger) {transformation: [-0.3539f,-0.0842f,-0.9315f,-0.5874f,-0.8075f,-0.475f,0.3497f,3.8772f,-0.4719f,0.876f,0.1001f,-0.509f,0f,0f,0f,1f],start_interpolation: 0,interpolation_duration: 1}
$data merge entity $(bone_leftmidfinger) {transformation: [-0.3539f,-0.0842f,-0.9315f,-0.7329f,-0.8075f,-0.475f,0.3497f,3.9319f,-0.4719f,0.876f,0.1001f,-0.4934f,0f,0f,0f,1f],start_interpolation: 0,interpolation_duration: 1}
$data merge entity $(bone_leftringfinger) {transformation: [-0.3539f,-0.0842f,-0.9315f,-0.8785f,-0.8075f,-0.475f,0.3497f,3.9865f,-0.4719f,0.876f,0.1001f,-0.4777f,0f,0f,0f,1f],start_interpolation: 0,interpolation_duration: 1}
$data merge entity $(bone_invisibility) {transformation: [-0.165f,0.9206f,0.3539f,-0.6338f,-0.4427f,-0.3898f,0.8075f,3.6629f,0.8814f,-0.0234f,0.4719f,-0.5048f,0f,0f,0f,1f],start_interpolation: 0,interpolation_duration: 1}
$data merge entity $(bone_swiftness) {transformation: [-0.9315f,-0.0842f,0.3539f,-0.8155f,0.3497f,-0.475f,0.8075f,3.7508f,0.1001f,0.876f,0.4719f,-0.6292f,0f,0f,0f,1f],start_interpolation: 0,interpolation_duration: 1}
$data merge entity $(bone_suspicious_stew) {transformation: [-0.4699f,0.8086f,0.3539f,-0.8045f,-0.2827f,-0.5177f,0.8075f,3.7508f,0.8362f,0.2794f,0.4719f,-0.5271f,0f,0f,0f,1f],start_interpolation: 0,interpolation_duration: 1}
$data merge entity $(bone_log) {transformation: [-0.3539f,-0.0842f,-0.9315f,-0.8919f,-0.8075f,-0.475f,0.3497f,3.6321f,-0.4719f,0.876f,0.1001f,-0.4572f,0f,0f,0f,1f],start_interpolation: 0,interpolation_duration: 1}
$data merge entity $(bone_planks) {transformation: [-0.3539f,-0.0842f,-0.9315f,-0.9251f,-0.8075f,-0.475f,0.3497f,3.5564f,-0.4719f,0.876f,0.1001f,-0.5014f,0f,0f,0f,1f],start_interpolation: 0,interpolation_duration: 1}
$data merge entity $(bone_lefthand1) {transformation: [-0.3539f,-0.0842f,-0.9315f,-0.7953f,-0.8075f,-0.475f,0.3497f,3.7043f,-0.4719f,0.876f,0.1001f,-0.1233f,0f,0f,0f,1f],start_interpolation: 0,interpolation_duration: 1}
$data merge entity $(bone_leftforearm) {transformation: [0.135f,0.2489f,-0.9591f,-0.5973f,-0.8759f,-0.4224f,-0.233f,3.3379f,-0.4631f,0.8715f,0.161f,0.4599f,0f,0f,0f,1f],start_interpolation: 0,interpolation_duration: 1}
$data merge entity $(bone_leftelbow) {transformation: [0.135f,0.2489f,-0.9591f,-0.5506f,-0.8759f,-0.4224f,-0.233f,3.2587f,-0.4631f,0.8715f,0.161f,0.6234f,0f,0f,0f,1f],start_interpolation: 0,interpolation_duration: 1}
$data merge entity $(bone_leftarm) {transformation: [0.0344f,0.8477f,0.5294f,-0.2661f,-0.879f,0.2777f,-0.3876f,3.2288f,-0.4756f,-0.452f,0.7547f,0.222f,0f,0f,0f,1f],start_interpolation: 0,interpolation_duration: 1}
$data merge entity $(bone_rightthumb2) {transformation: [0.5859f,0.8056f,0.0881f,-0.222f,0.7952f,-0.5507f,-0.2537f,3.253f,-0.1559f,0.2187f,-0.9633f,-1.3724f,0f,0f,0f,1f],start_interpolation: 0,interpolation_duration: 1}
$data merge entity $(bone_rightthumb) {transformation: [0.5859f,0.8056f,0.0881f,-0.0169f,0.7952f,-0.5507f,-0.2537f,3.0963f,-0.1559f,0.2187f,-0.9633f,-1.4011f,0f,0f,0f,1f],start_interpolation: 0,interpolation_duration: 1}
$data merge entity $(bone_rightpointerfinger) {transformation: [0.5859f,0.8056f,0.0881f,-0.213f,0.7952f,-0.5507f,-0.2537f,3.3521f,-0.1559f,0.2187f,-0.9633f,-1.535f,0f,0f,0f,1f],start_interpolation: 0,interpolation_duration: 1}
$data merge entity $(bone_rightmidfinger) {transformation: [0.5859f,0.8056f,0.0881f,-0.1992f,0.7952f,-0.5507f,-0.2537f,3.3124f,-0.1559f,0.2187f,-0.9633f,-1.6855f,0f,0f,0f,1f],start_interpolation: 0,interpolation_duration: 1}
$data merge entity $(bone_rightringfinger) {transformation: [0.5859f,0.8056f,0.0881f,-0.1855f,0.7952f,-0.5507f,-0.2537f,3.2728f,-0.1559f,0.2187f,-0.9633f,-1.836f,0f,0f,0f,1f],start_interpolation: 0,interpolation_duration: 1}
$data merge entity $(bone_hugeasssword) {transformation: [2.2948f,3.1552f,0.345f,-0.1926f,3.1147f,-2.1567f,-0.9938f,2.9933f,-0.6106f,0.8566f,-3.7728f,-1.5847f,0f,0f,0f,1f],start_interpolation: 0,interpolation_duration: 1}
$data merge entity $(bone_ice) {transformation: [0.5859f,0.8056f,0.0881f,-0.2144f,0.7952f,-0.5507f,-0.2537f,2.9895f,-0.1559f,0.2187f,-0.9633f,-1.5856f,0f,0f,0f,1f],start_interpolation: 0,interpolation_duration: 1}
$data merge entity $(bone_righthand1) {transformation: [0.5859f,0.8056f,0.0881f,0.1363f,0.7952f,-0.5507f,-0.2537f,3.0427f,-0.1559f,0.2187f,-0.9633f,-1.6f,0f,0f,0f,1f],start_interpolation: 0,interpolation_duration: 1}
$data merge entity $(bone_rightforearm) {transformation: [0.3503f,0.9242f,0.1524f,0.7611f,0.4563f,-0.0263f,-0.8895f,2.9804f,-0.818f,0.3811f,-0.4309f,-1.2625f,0f,0f,0f,1f],start_interpolation: 0,interpolation_duration: 1}
$data merge entity $(bone_rightelbow) {transformation: [0.3503f,0.9242f,0.1524f,0.9344f,0.4563f,-0.0263f,-0.8895f,2.9755f,-0.818f,0.3811f,-0.4309f,-1.191f,0f,0f,0f,1f],start_interpolation: 0,interpolation_duration: 1}
$data merge entity $(bone_rightarm) {transformation: [0.3678f,-0.284f,0.8855f,0.6599f,0.5226f,0.8507f,0.0558f,3.1737f,-0.7691f,0.4423f,0.4613f,-0.8959f,0f,0f,0f,1f],start_interpolation: 0,interpolation_duration: 1}
$data merge entity $(bone_chest1) {transformation: [0.7372f,-0.2873f,0.74f,0.2905f,-0.0226f,1.0019f,0.4115f,3.0488f,-0.7935f,-0.2955f,0.6758f,-0.2324f,0f,0f,0f,1f],start_interpolation: 0,interpolation_duration: 1}
$data merge entity $(bone_chest1lid) {transformation: [0.6805f,-0.2652f,0.683f,0.4368f,-0.0209f,0.9248f,0.3798f,2.261f,-0.7324f,-0.2727f,0.6238f,-0.5401f,0f,0f,0f,1f],start_interpolation: 0,interpolation_duration: 1}
$data merge entity $(bone_chest2) {transformation: [0.6805f,-0.2652f,0.683f,0.4783f,-0.0209f,0.9248f,0.3798f,2.1165f,-0.7324f,-0.2727f,0.6238f,-0.4975f,0f,0f,0f,1f],start_interpolation: 0,interpolation_duration: 1}
$data merge entity $(bone_chest1lid3) {transformation: [0.6805f,-0.2652f,0.683f,0.8319f,-0.0209f,0.9248f,0.3798f,2.5056f,-0.7324f,-0.2727f,0.6238f,-0.0947f,0f,0f,0f,1f],start_interpolation: 0,interpolation_duration: 1}
$data merge entity $(bone_chest3) {transformation: [0.6805f,-0.2652f,0.683f,0.8733f,-0.0209f,0.9248f,0.3798f,2.3611f,-0.7324f,-0.2727f,0.6238f,-0.0521f,0f,0f,0f,1f],start_interpolation: 0,interpolation_duration: 1}
$data merge entity $(bone_hugeasssword2) {transformation: [-2.6752f,-2.6669f,1.035f,1.0022f,-1.4877f,2.5074f,2.6154f,4.1968f,-2.4434f,1.3933f,-2.7256f,-1.2859f,0f,0f,0f,1f],start_interpolation: 0,interpolation_duration: 1}
$data merge entity $(bone_belt) {transformation: [0.6805f,-0.2652f,0.683f,0.285f,-0.0209f,0.9248f,0.3798f,2.6314f,-0.7324f,-0.2727f,0.6238f,-0.1819f,0f,0f,0f,1f],start_interpolation: 0,interpolation_duration: 1}
$data merge entity $(bone_torn_part) {transformation: [0.7098f,-0.3858f,0.5893f,0.4412f,-0.0685f,0.7949f,0.6029f,2.3597f,-0.701f,-0.4683f,0.5378f,-0.186f,0f,0f,0f,1f],start_interpolation: 0,interpolation_duration: 1}
$data merge entity $(bone_lowerbody) {transformation: [0.7098f,-0.1907f,0.6781f,0.3696f,-0.0685f,0.9394f,0.3359f,1.8604f,-0.701f,-0.2849f,0.6537f,-0.0704f,0f,0f,0f,1f],start_interpolation: 0,interpolation_duration: 1}
$data merge entity $(bone_leftfoot) {transformation: [0.5939f,-0.25f,0.7647f,0.0238f,-0.1491f,0.8998f,0.41f,0.2237f,-0.7906f,-0.3576f,0.4972f,0.3001f,0f,0f,0f,1f],start_interpolation: 0,interpolation_duration: 1}
$data merge entity $(bone_leftlowerleg) {transformation: [0.5939f,-0.25f,0.7647f,-0.371f,-0.1491f,0.8998f,0.41f,1.1589f,-0.7906f,-0.3576f,0.4972f,-0.173f,0f,0f,0f,1f],start_interpolation: 0,interpolation_duration: 1}
$data merge entity $(bone_leftleg) {transformation: [0.6565f,0.6127f,0.4399f,0.2849f,-0.1802f,0.6937f,-0.6973f,1.8749f,-0.7325f,0.3785f,0.5659f,0.1982f,0f,0f,0f,1f],start_interpolation: 0,interpolation_duration: 1}
$data merge entity $(bone_rightfoot) {transformation: [0.8258f,-0.3853f,0.4119f,0.6272f,0.0293f,0.7587f,0.6508f,0.3958f,-0.5632f,-0.5253f,0.6378f,-0.0414f,0f,0f,0f,1f],start_interpolation: 0,interpolation_duration: 1}
$data merge entity $(bone_rightlowerleg) {transformation: [0.8258f,-0.3853f,0.4119f,0.1365f,0.0293f,0.7587f,0.6508f,1.1375f,-0.5632f,-0.5253f,0.6378f,-0.7222f,0f,0f,0f,1f],start_interpolation: 0,interpolation_duration: 1}
$data merge entity $(bone_rightleg) {transformation: [0.7454f,0.5016f,0.4389f,0.6422f,-0.0341f,0.6864f,-0.7265f,1.8455f,-0.6657f,0.5266f,0.5288f,-0.1514f,0f,0f,0f,1f],start_interpolation: 0,interpolation_duration: 1}
data modify entity @s data merge value {"cameras":{},"locators":{"lefthand":{"posx":-0.8375864688112252,"posy":3.7394487802511405,"posz":-0.48292217927533,"roty":263.86360121318637,"rotx":20.47033282868449},"sword":{"posx":-0.49822413882633404,"posy":4.012224878018875,"posz":1.963393710583309,"roty":5.225171249661827,"rotx":-14.698102828354735},"righthand":{"posx":-0.17339255444789803,"posy":3.0766105613652615,"posz":-1.5886150932153233,"roty":5.225171249661827,"rotx":-14.698102828354735},"chest":{"posx":0.3679559712115996,"posy":2.1431666594033545,"posz":-0.6434630220433554,"roty":132.40646471054816,"rotx":22.32381251674698}}}