# This file was generated by Animated Java via MC-Build. It is not recommended to edit this file directly.
$data merge entity $(bone_nose) {transformation: [0.191f,-0.285f,0.9393f,-0.2152f,-0.1542f,0.9363f,0.3155f,3.6751f,-0.9694f,-0.2051f,0.1349f,-0.6079f,0f,0f,0f,1f],start_interpolation: 0,interpolation_duration: 1}
$data merge entity $(bone_glowing_eye) {transformation: [0.191f,-0.285f,0.9393f,-0.2434f,-0.1542f,0.9363f,0.3155f,3.7082f,-0.9694f,-0.2051f,0.1349f,-0.7476f,0f,0f,0f,1f],start_interpolation: 0,interpolation_duration: 1}
$data merge entity $(bone_head) {transformation: [0.191f,-0.285f,0.9393f,-0.0041f,-0.1542f,0.9363f,0.3155f,3.6186f,-0.9694f,-0.2051f,0.1349f,-0.5573f,0f,0f,0f,1f],start_interpolation: 0,interpolation_duration: 1}
$data merge entity $(bone_leftthumb2) {transformation: [-0.7967f,0.2642f,-0.5436f,-0.3424f,-0.6f,-0.2368f,0.7642f,3.6994f,0.0732f,0.9349f,0.3472f,-0.261f,0f,0f,0f,1f],start_interpolation: 0,interpolation_duration: 1}
$data merge entity $(bone_leftthumb) {transformation: [-0.7967f,0.2642f,-0.5436f,-0.3241f,-0.6f,-0.2368f,0.7642f,3.7067f,0.0732f,0.9349f,0.3472f,-0.002f,0f,0f,0f,1f],start_interpolation: 0,interpolation_duration: 1}
$data merge entity $(bone_leftpointerfinger) {transformation: [-0.7967f,0.2642f,-0.5436f,-0.3491f,-0.6f,-0.2368f,0.7642f,3.8858f,0.0732f,0.9349f,0.3472f,-0.3006f,0f,0f,0f,1f],start_interpolation: 0,interpolation_duration: 1}
$data merge entity $(bone_leftmidfinger) {transformation: [-0.7967f,0.2642f,-0.5436f,-0.4341f,-0.6f,-0.2368f,0.7642f,4.0052f,0.0732f,0.9349f,0.3472f,-0.2463f,0f,0f,0f,1f],start_interpolation: 0,interpolation_duration: 1}
$data merge entity $(bone_leftringfinger) {transformation: [-0.7967f,0.2642f,-0.5436f,-0.519f,-0.6f,-0.2368f,0.7642f,4.1246f,0.0732f,0.9349f,0.3472f,-0.1921f,0f,0f,0f,1f],start_interpolation: 0,interpolation_duration: 1}
$data merge entity $(bone_invisibility) {transformation: [0.2158f,0.5646f,0.7967f,-0.4526f,-0.1693f,-0.7819f,0.6f,3.7235f,0.9616f,-0.2643f,-0.0732f,-0.1954f,0f,0f,0f,1f],start_interpolation: 0,interpolation_duration: 1}
$data merge entity $(bone_swiftness) {transformation: [-0.5436f,0.2642f,0.7967f,-0.6318f,0.7642f,-0.2368f,0.6f,3.8676f,0.3472f,0.9349f,-0.0732f,-0.2531f,0f,0f,0f,1f],start_interpolation: 0,interpolation_duration: 1}
$data merge entity $(bone_suspicious_stew) {transformation: [0.0097f,0.6044f,0.7967f,-0.5669f,0.1084f,-0.7926f,0.6f,3.8779f,0.9941f,0.0805f,-0.0732f,-0.1742f,0f,0f,0f,1f],start_interpolation: 0,interpolation_duration: 1}
$data merge entity $(bone_log) {transformation: [-0.7967f,0.2642f,-0.5436f,-0.6341f,-0.6f,-0.2368f,0.7642f,3.8279f,0.0732f,0.9349f,0.3472f,-0.0342f,0f,0f,0f,1f],start_interpolation: 0,interpolation_duration: 1}
$data merge entity $(bone_planks) {transformation: [-0.7967f,0.2642f,-0.5436f,-0.7088f,-0.6f,-0.2368f,0.7642f,3.7716f,0.0732f,0.9349f,0.3472f,-0.0273f,0f,0f,0f,1f],start_interpolation: 0,interpolation_duration: 1}
$data merge entity $(bone_lefthand1) {transformation: [-0.7967f,0.2642f,-0.5436f,-0.3519f,-0.6f,-0.2368f,0.7642f,3.8948f,0.0732f,0.9349f,0.3472f,0.1704f,0f,0f,0f,1f],start_interpolation: 0,interpolation_duration: 1}
$data merge entity $(bone_leftforearm) {transformation: [-0.4656f,0.5418f,-0.6998f,0.0065f,-0.8387f,-0.5226f,0.1534f,3.4525f,-0.2826f,0.6583f,0.6977f,0.6154f,0f,0f,0f,1f],start_interpolation: 0,interpolation_duration: 1}
$data merge entity $(bone_leftelbow) {transformation: [-0.4656f,0.5418f,-0.6998f,0.1081f,-0.8387f,-0.5226f,0.1534f,3.3545f,-0.2826f,0.6583f,0.6977f,0.7388f,0f,0f,0f,1f],start_interpolation: 0,interpolation_duration: 1}
$data merge entity $(bone_leftarm) {transformation: [-0.5402f,0.3194f,0.7786f,-0.0021f,-0.8089f,0.058f,-0.5851f,3.2872f,-0.232f,-0.9458f,0.227f,0.2533f,0f,0f,0f,1f],start_interpolation: 0,interpolation_duration: 1}
$data merge entity $(bone_rightthumb2) {transformation: [0.3347f,0.5307f,-0.7787f,-0.353f,0.8563f,-0.5162f,0.0162f,3.2687f,-0.3933f,-0.6722f,-0.6272f,-0.776f,0f,0f,0f,1f],start_interpolation: 0,interpolation_duration: 1}
$data merge entity $(bone_rightthumb) {transformation: [0.3347f,0.5307f,-0.7787f,-0.2894f,0.8563f,-0.5162f,0.0162f,3.1435f,-0.3933f,-0.6722f,-0.6272f,-0.9944f,0f,0f,0f,1f],start_interpolation: 0,interpolation_duration: 1}
$data merge entity $(bone_rightpointerfinger) {transformation: [0.3347f,0.5307f,-0.7787f,-0.4634f,0.8563f,-0.5162f,0.0162f,3.4073f,-0.3933f,-0.6722f,-0.6272f,-0.8463f,0f,0f,0f,1f],start_interpolation: 0,interpolation_duration: 1}
$data merge entity $(bone_rightmidfinger) {transformation: [0.3347f,0.5307f,-0.7787f,-0.5851f,0.8563f,-0.5162f,0.0162f,3.4098f,-0.3933f,-0.6722f,-0.6272f,-0.9443f,0f,0f,0f,1f],start_interpolation: 0,interpolation_duration: 1}
$data merge entity $(bone_rightringfinger) {transformation: [0.3347f,0.5307f,-0.7787f,-0.7068f,0.8563f,-0.5162f,0.0162f,3.4123f,-0.3933f,-0.6722f,-0.6272f,-1.0423f,0f,0f,0f,1f],start_interpolation: 0,interpolation_duration: 1}
$data merge entity $(bone_hugeasssword) {transformation: [1.3109f,2.0786f,-3.0498f,-0.554f,3.3539f,-2.0218f,0.0636f,3.0772f,-1.5406f,-2.6328f,-2.4566f,-0.9666f,0f,0f,0f,1f],start_interpolation: 0,interpolation_duration: 1}
$data merge entity $(bone_ice) {transformation: [0.3347f,0.5307f,-0.7787f,-0.5675f,0.8563f,-0.5162f,0.0162f,3.0719f,-0.3933f,-0.6722f,-0.6272f,-0.9499f,0f,0f,0f,1f],start_interpolation: 0,interpolation_duration: 1}
$data merge entity $(bone_righthand1) {transformation: [0.3347f,0.5307f,-0.7787f,-0.3755f,0.8563f,-0.5162f,0.0162f,3.1575f,-0.3933f,-0.6722f,-0.6272f,-1.2359f,0f,0f,0f,1f],start_interpolation: 0,interpolation_duration: 1}
$data merge entity $(bone_rightforearm) {transformation: [-0.3342f,0.8826f,-0.3307f,0.2747f,0.552f,-0.1012f,-0.8277f,3.0342f,-0.764f,-0.4591f,-0.4533f,-1.5042f,0f,0f,0f,1f],start_interpolation: 0,interpolation_duration: 1}
$data merge entity $(bone_rightelbow) {transformation: [-0.3342f,0.8826f,-0.3307f,0.4402f,0.552f,-0.1012f,-0.8277f,3.0152f,-0.764f,-0.4591f,-0.4533f,-1.5903f,0f,0f,0f,1f],start_interpolation: 0,interpolation_duration: 1}
$data merge entity $(bone_rightarm) {transformation: [-0.3027f,-0.1613f,0.9393f,0.3202f,0.6046f,0.7294f,0.3201f,3.1097f,-0.7367f,0.6648f,-0.1232f,-1.1591f,0f,0f,0f,1f],start_interpolation: 0,interpolation_duration: 1}
$data merge entity $(bone_chest1) {transformation: [0.3815f,-0.3131f,0.9644f,0.2591f,-0.1316f,1.0064f,0.3788f,3.0369f,-1.0053f,-0.2506f,0.3164f,-0.3837f,0f,0f,0f,1f],start_interpolation: 0,interpolation_duration: 1}
$data merge entity $(bone_chest1lid) {transformation: [0.3522f,-0.289f,0.8902f,0.2286f,-0.1215f,0.929f,0.3496f,2.2237f,-0.928f,-0.2313f,0.2921f,-0.6568f,0f,0f,0f,1f],start_interpolation: 0,interpolation_duration: 1}
$data merge entity $(bone_chest2) {transformation: [0.3522f,-0.289f,0.8902f,0.2737f,-0.1215f,0.929f,0.3496f,2.0785f,-0.928f,-0.2313f,0.2921f,-0.6206f,0f,0f,0f,1f],start_interpolation: 0,interpolation_duration: 1}
$data merge entity $(bone_chest1lid3) {transformation: [0.3522f,-0.289f,0.8902f,0.7768f,-0.1215f,0.929f,0.3496f,2.4552f,-0.928f,-0.2313f,0.2921f,-0.4117f,0f,0f,0f,1f],start_interpolation: 0,interpolation_duration: 1}
$data merge entity $(bone_chest3) {transformation: [0.3522f,-0.289f,0.8902f,0.822f,-0.1215f,0.929f,0.3496f,2.3101f,-0.928f,-0.2313f,0.2921f,-0.3755f,0f,0f,0f,1f],start_interpolation: 0,interpolation_duration: 1}
$data merge entity $(bone_hugeasssword2) {transformation: [-3.4866f,-1.7817f,0.0974f,0.5936f,-1.3695f,2.8089f,2.3611f,4.0577f,-1.1439f,2.0678f,-3.1235f,-1.7181f,0f,0f,0f,1f],start_interpolation: 0,interpolation_duration: 1}
$data merge entity $(bone_belt) {transformation: [0.3522f,-0.289f,0.8902f,0.2465f,-0.1215f,0.929f,0.3496f,2.6249f,-0.928f,-0.2313f,0.2921f,-0.3001f,0f,0f,0f,1f],start_interpolation: 0,interpolation_duration: 1}
$data merge entity $(bone_torn_part) {transformation: [0.405f,-0.501f,0.7649f,0.3764f,-0.2001f,0.7677f,0.6088f,2.3413f,-0.8922f,-0.3996f,0.2106f,-0.332f,0f,0f,0f,1f],start_interpolation: 0,interpolation_duration: 1}
$data merge entity $(bone_lowerbody) {transformation: [0.405f,-0.2478f,0.8801f,0.3341f,-0.2001f,0.9152f,0.3498f,1.8648f,-0.8922f,-0.3178f,0.321f,-0.1348f,0f,0f,0f,1f],start_interpolation: 0,interpolation_duration: 1}
$data merge entity $(bone_leftfoot) {transformation: [0.5079f,-0.2933f,0.8099f,0.0597f,-0.0262f,0.9345f,0.3549f,0.2249f,-0.861f,-0.2015f,0.467f,0.2664f,0f,0f,0f,1f],start_interpolation: 0,interpolation_duration: 1}
$data merge entity $(bone_leftlowerleg) {transformation: [0.5079f,-0.2933f,0.8099f,-0.3901f,-0.0262f,0.9345f,0.3549f,1.2071f,-0.861f,-0.2015f,0.467f,-0.0288f,0f,0f,0f,1f],start_interpolation: 0,interpolation_duration: 1}
$data merge entity $(bone_leftleg) {transformation: [0.3982f,0.7044f,0.5875f,0.3548f,-0.1575f,0.6835f,-0.7128f,1.914f,-0.9037f,0.1913f,0.3831f,0.136f,0f,0f,0f,1f],start_interpolation: 0,interpolation_duration: 1}
$data merge entity $(bone_rightfoot) {transformation: [0.1508f,-0.5813f,0.7996f,0.61f,0.0857f,0.8135f,0.5752f,0.2722f,-0.9848f,-0.0182f,0.1725f,-0.3925f,0f,0f,0f,1f],start_interpolation: 0,interpolation_duration: 1}
$data merge entity $(bone_rightlowerleg) {transformation: [0.1508f,-0.5813f,0.7996f,-0.1577f,0.0857f,0.8135f,0.5752f,1.0863f,-0.9848f,-0.0182f,0.1725f,-0.4392f,0f,0f,0f,1f],start_interpolation: 0,interpolation_duration: 1}
$data merge entity $(bone_rightleg) {transformation: [0.1971f,0.7028f,0.6836f,0.5699f,-0.0772f,0.7062f,-0.7038f,1.8194f,-0.9773f,0.0859f,0.1934f,-0.3211f,0f,0f,0f,1f],start_interpolation: 0,interpolation_duration: 1}
data modify entity @s data merge value {"cameras":{},"locators":{"lefthand":{"posx":-0.5715426606698618,"posy":3.8906913922815978,"posz":-0.11948468663366224,"roty":237.4384596785738,"rotx":49.83272699219792},"sword":{"posx":2.3390469372788294,"posy":3.1001605533043635,"posz":1.3464124304721188,"roty":308.85187101881934,"rotx":0.9300434164916662},"righthand":{"posx":-0.5322904737430285,"posy":3.160014604029087,"posz":-0.9664851493351108,"roty":308.85187101881934,"rotx":0.9300434164916662},"chest":{"posx":0.1185363442997846,"posy":2.1071671663930815,"posz":-0.7169635323728171,"roty":108.1643599651485,"rotx":20.465775398300007}}}