# This file was generated by Animated Java via MC-Build. It is not recommended to edit this file directly.
$data merge entity $(bone_nose) {transformation: [-0.4246f,-0.0275f,0.905f,-0.1294f,0.0364f,0.9982f,0.0475f,3.9164f,-0.9047f,0.0531f,-0.4228f,0.1609f,0f,0f,0f,1f],start_interpolation: 0,interpolation_duration: 1}
$data merge entity $(bone_glowing_eye) {transformation: [-0.4246f,-0.0275f,0.905f,-0.216f,0.0364f,0.9982f,0.0475f,3.9869f,-0.9047f,0.0531f,-0.4228f,0.0662f,0f,0f,0f,1f],start_interpolation: 0,interpolation_duration: 1}
$data merge entity $(bone_head) {transformation: [-0.4246f,-0.0275f,0.905f,0.0434f,0.0364f,0.9982f,0.0475f,3.802f,-0.9047f,0.0531f,-0.4228f,0.0752f,0f,0f,0f,1f],start_interpolation: 0,interpolation_duration: 1}
$data merge entity $(bone_leftthumb2) {transformation: [-0.8953f,0.405f,0.1858f,-0.5467f,-0.4221f,-0.9044f,-0.0626f,4.0076f,0.1427f,-0.1344f,0.9806f,1.5503f,0f,0f,0f,1f],start_interpolation: 0,interpolation_duration: 1}
$data merge entity $(bone_leftthumb) {transformation: [-0.8953f,0.405f,0.1858f,-0.4315f,-0.4221f,-0.9044f,-0.0626f,3.7804f,0.1427f,-0.1344f,0.9806f,1.6011f,0f,0f,0f,1f],start_interpolation: 0,interpolation_duration: 1}
$data merge entity $(bone_leftpointerfinger) {transformation: [-0.8953f,0.405f,0.1858f,-0.4577f,-0.4221f,-0.9044f,-0.0626f,4.1204f,0.1427f,-0.1344f,0.9806f,1.6756f,0f,0f,0f,1f],start_interpolation: 0,interpolation_duration: 1}
$data merge entity $(bone_leftmidfinger) {transformation: [-0.8953f,0.405f,0.1858f,-0.4287f,-0.4221f,-0.9044f,-0.0626f,4.1106f,0.1427f,-0.1344f,0.9806f,1.8288f,0f,0f,0f,1f],start_interpolation: 0,interpolation_duration: 1}
$data merge entity $(bone_leftringfinger) {transformation: [-0.8953f,0.405f,0.1858f,-0.3997f,-0.4221f,-0.9044f,-0.0626f,4.1009f,0.1427f,-0.1344f,0.9806f,1.982f,0f,0f,0f,1f],start_interpolation: 0,interpolation_duration: 1}
$data merge entity $(bone_invisibility) {transformation: [0.4196f,-0.1498f,0.8953f,-0.5871f,-0.9064f,-0.0165f,0.4221f,3.9443f,-0.0485f,-0.9886f,-0.1427f,1.657f,0f,0f,0f,1f],start_interpolation: 0,interpolation_duration: 1}
$data merge entity $(bone_swiftness) {transformation: [0.1858f,0.405f,0.8953f,-0.6537f,-0.0626f,-0.9044f,0.4221f,4.0331f,0.9806f,-0.1344f,-0.1427f,1.8665f,0f,0f,0f,1f],start_interpolation: 0,interpolation_duration: 1}
$data merge entity $(bone_suspicious_stew) {transformation: [0.4455f,0.0027f,0.8953f,-0.5712f,-0.8461f,-0.3255f,0.4221f,3.975f,0.2926f,-0.9455f,-0.1427f,1.8472f,0f,0f,0f,1f],start_interpolation: 0,interpolation_duration: 1}
$data merge entity $(bone_log) {transformation: [-0.8953f,0.405f,0.1858f,-0.5958f,-0.4221f,-0.9044f,-0.0626f,3.8194f,0.1427f,-0.1344f,0.9806f,1.8897f,0f,0f,0f,1f],start_interpolation: 0,interpolation_duration: 1}
$data merge entity $(bone_planks) {transformation: [-0.8953f,0.405f,0.1858f,-0.6798f,-0.4221f,-0.9044f,-0.0626f,3.7798f,0.1427f,-0.1344f,0.9806f,1.9031f,0f,0f,0f,1f],start_interpolation: 0,interpolation_duration: 1}
$data merge entity $(bone_lefthand1) {transformation: [-0.8953f,0.405f,0.1858f,-0.2766f,-0.4221f,-0.9044f,-0.0626f,3.7008f,0.1427f,-0.1344f,0.9806f,1.7898f,0f,0f,0f,1f],start_interpolation: 0,interpolation_duration: 1}
$data merge entity $(bone_leftforearm) {transformation: [-0.6433f,0.7411f,0.1922f,0.2026f,-0.5796f,-0.3074f,-0.7546f,3.44f,-0.5002f,-0.5969f,0.6273f,1.3171f,0f,0f,0f,1f],start_interpolation: 0,interpolation_duration: 1}
$data merge entity $(bone_leftelbow) {transformation: [-0.6433f,0.7411f,0.1922f,0.3416f,-0.5796f,-0.3074f,-0.7546f,3.3823f,-0.5002f,-0.5969f,0.6273f,1.2052f,0f,0f,0f,1f],start_interpolation: 0,interpolation_duration: 1}
$data merge entity $(bone_leftarm) {transformation: [-0.699f,0.3748f,0.609f,0.3208f,-0.594f,0.1696f,-0.7863f,3.3657f,-0.398f,-0.9114f,0.1041f,0.7036f,0f,0f,0f,1f],start_interpolation: 0,interpolation_duration: 1}
$data merge entity $(bone_rightthumb2) {transformation: [0.6081f,0.4983f,-0.6181f,-1.4488f,0.6965f,-0.7085f,0.1141f,3.5569f,-0.381f,-0.4998f,-0.7778f,-0.3628f,0f,0f,0f,1f],start_interpolation: 0,interpolation_duration: 1}
$data merge entity $(bone_rightthumb) {transformation: [0.6081f,0.4983f,-0.6181f,-1.3794f,0.6965f,-0.7085f,0.1141f,3.3929f,-0.381f,-0.4998f,-0.7778f,-0.5518f,0f,0f,0f,1f],start_interpolation: 0,interpolation_duration: 1}
$data merge entity $(bone_rightpointerfinger) {transformation: [0.6081f,0.4983f,-0.6181f,-1.5054f,0.6965f,-0.7085f,0.1141f,3.7069f,-0.381f,-0.4998f,-0.7778f,-0.466f,0f,0f,0f,1f],start_interpolation: 0,interpolation_duration: 1}
$data merge entity $(bone_rightmidfinger) {transformation: [0.6081f,0.4983f,-0.6181f,-1.6019f,0.6965f,-0.7085f,0.1141f,3.7247f,-0.381f,-0.4998f,-0.7778f,-0.5875f,0f,0f,0f,1f],start_interpolation: 0,interpolation_duration: 1}
$data merge entity $(bone_rightringfinger) {transformation: [0.6081f,0.4983f,-0.6181f,-1.6985f,0.6965f,-0.7085f,0.1141f,3.7426f,-0.381f,-0.4998f,-0.7778f,-0.709f,0f,0f,0f,1f],start_interpolation: 0,interpolation_duration: 1}
$data merge entity $(bone_hugeasssword) {transformation: [2.3816f,1.9515f,-2.4207f,-1.6526f,2.7278f,-2.7748f,0.4468f,3.394f,-1.4924f,-1.9577f,-3.0464f,-0.5757f,0f,0f,0f,1f],start_interpolation: 0,interpolation_duration: 1}
$data merge entity $(bone_ice) {transformation: [0.6081f,0.4983f,-0.6181f,-1.6699f,0.6965f,-0.7085f,0.1141f,3.3942f,-0.381f,-0.4998f,-0.7778f,-0.5619f,0f,0f,0f,1f],start_interpolation: 0,interpolation_duration: 1}
$data merge entity $(bone_righthand1) {transformation: [0.6081f,0.4983f,-0.6181f,-1.4126f,0.6965f,-0.7085f,0.1141f,3.3948f,-0.381f,-0.4998f,-0.7778f,-0.8064f,0f,0f,0f,1f],start_interpolation: 0,interpolation_duration: 1}
$data merge entity $(bone_rightforearm) {transformation: [-0.1969f,0.9787f,-0.0573f,-0.7082f,0.6728f,0.0924f,-0.7341f,3.384f,-0.7132f,-0.1831f,-0.6767f,-0.8855f,0f,0f,0f,1f],start_interpolation: 0,interpolation_duration: 1}
$data merge entity $(bone_rightelbow) {transformation: [-0.1969f,0.9787f,-0.0573f,-0.5247f,0.6728f,0.0924f,-0.7341f,3.4013f,-0.7132f,-0.1831f,-0.6767f,-0.9199f,0f,0f,0f,1f],start_interpolation: 0,interpolation_duration: 1}
$data merge entity $(bone_rightarm) {transformation: [-0.0957f,0.9367f,0.3369f,-0.0801f,0.7135f,0.3005f,-0.633f,3.4001f,-0.6941f,0.1798f,-0.697f,-0.6658f,0f,0f,0f,1f],start_interpolation: 0,interpolation_duration: 1}
$data merge entity $(bone_chest1) {transformation: [-0.353f,-0.2883f,0.9828f,0.2915f,0.106f,1.0236f,0.3384f,3.2073f,-1.0187f,0.2065f,-0.3053f,-0.0751f,0f,0f,0f,1f],start_interpolation: 0,interpolation_duration: 1}
$data merge entity $(bone_chest1lid) {transformation: [-0.3258f,-0.2662f,0.9072f,0.0072f,0.0979f,0.9449f,0.3124f,2.4727f,-0.9404f,0.1906f,-0.2818f,-0.4162f,0f,0f,0f,1f],start_interpolation: 0,interpolation_duration: 1}
$data merge entity $(bone_chest2) {transformation: [-0.3258f,-0.2662f,0.9072f,0.0488f,0.0979f,0.9449f,0.3124f,2.3251f,-0.9404f,0.1906f,-0.2818f,-0.4459f,0f,0f,0f,1f],start_interpolation: 0,interpolation_duration: 1}
$data merge entity $(bone_chest1lid3) {transformation: [-0.3258f,-0.2662f,0.9072f,0.6087f,0.0979f,0.9449f,0.3124f,2.6667f,-0.9404f,0.1906f,-0.2818f,-0.5379f,0f,0f,0f,1f],start_interpolation: 0,interpolation_duration: 1}
$data merge entity $(bone_chest3) {transformation: [-0.3258f,-0.2662f,0.9072f,0.6503f,0.0979f,0.9449f,0.3124f,2.5191f,-0.9404f,0.1906f,-0.2818f,-0.5677f,0f,0f,0f,1f],start_interpolation: 0,interpolation_duration: 1}
$data merge entity $(bone_hugeasssword2) {transformation: [-3.5532f,0.2366f,-1.6307f,-0.1784f,-1.2234f,2.2176f,2.9876f,4.5071f,1.1038f,3.2197f,-1.9379f,-1.0872f,0f,0f,0f,1f],start_interpolation: 0,interpolation_duration: 1}
$data merge entity $(bone_belt) {transformation: [-0.3258f,-0.2662f,0.9072f,0.2892f,0.0979f,0.9449f,0.3124f,2.7869f,-0.9404f,0.1906f,-0.2818f,-0.084f,0f,0f,0f,1f],start_interpolation: 0,interpolation_duration: 1}
$data merge entity $(bone_torn_part) {transformation: [-0.3019f,-0.5267f,0.7946f,0.3318f,0.0616f,0.821f,0.5676f,2.5262f,-0.9513f,0.2203f,-0.2155f,-0.2509f,0f,0f,0f,1f],start_interpolation: 0,interpolation_duration: 1}
$data merge entity $(bone_lowerbody) {transformation: [-0.3019f,-0.2634f,0.9162f,0.361f,0.0616f,0.9537f,0.2944f,2.0131f,-0.9513f,0.1453f,-0.2717f,-0.1908f,0f,0f,0f,1f],start_interpolation: 0,interpolation_duration: 1}
$data merge entity $(bone_leftfoot) {transformation: [-0.5261f,-0.5692f,0.6318f,0.7759f,-0.1338f,0.7891f,0.5995f,0.3637f,-0.8398f,0.2309f,-0.4913f,-0.0635f,0f,0f,0f,1f],start_interpolation: 0,interpolation_duration: 1}
$data merge entity $(bone_leftlowerleg) {transformation: [-0.5261f,-0.5692f,0.6318f,0.0473f,-0.1338f,0.7891f,0.5995f,1.147f,-0.8398f,0.2309f,-0.4913f,0.2682f,0f,0f,0f,1f],start_interpolation: 0,interpolation_duration: 1}
$data merge entity $(bone_leftleg) {transformation: [-0.3719f,0.514f,0.773f,0.5728f,-0.0323f,0.8251f,-0.5641f,2.0037f,-0.9277f,-0.2348f,-0.2903f,0.0004f,0f,0f,0f,1f],start_interpolation: 0,interpolation_duration: 1}
$data merge entity $(bone_rightfoot) {transformation: [-0.0791f,-0.4706f,0.8788f,0.4115f,0.0225f,0.8805f,0.4735f,0.3469f,-0.9966f,0.0573f,-0.0591f,-0.3868f,0f,0f,0f,1f],start_interpolation: 0,interpolation_duration: 1}
$data merge entity $(bone_rightlowerleg) {transformation: [-0.0791f,-0.4706f,0.8788f,-0.2456f,0.0225f,0.8805f,0.4735f,1.251f,-0.9966f,0.0573f,-0.0591f,-0.3142f,0f,0f,0f,1f],start_interpolation: 0,interpolation_duration: 1}
$data merge entity $(bone_rightleg) {transformation: [-0.2915f,0.6346f,0.7158f,0.4231f,0.0216f,0.7525f,-0.6583f,2.0324f,-0.9563f,-0.1764f,-0.233f,-0.4726f,0f,0f,0f,1f],start_interpolation: 0,interpolation_duration: 1}
data modify entity @s data merge value {"cameras":{},"locators":{"lefthand":{"posx":-0.5464487463597997,"posy":3.9306214242721045,"posz":1.871527505298335,"roty":169.26948189064802,"rotx":-3.5867325102988934},"sword":{"posx":0.6680885311122569,"posy":3.0481348810621736,"posz":2.2905126310346717,"roty":321.5290586602138,"rotx":6.550673374370941},"righthand":{"posx":-1.6109931618319855,"posy":3.4688118926377496,"posz":-0.5776703719862744,"roty":321.5290586602138,"rotx":6.550673374370941},"chest":{"posx":-0.1281243805746694,"posy":2.367914645459566,"posz":-0.413435188848838,"roty":72.74316520882714,"rotx":18.201932992351534}}}