# This file was generated by Animated Java via MC-Build. It is not recommended to edit this file directly.
$data merge entity $(bone_nose) {transformation: [-0.7792f,0.4469f,-0.4396f,0.3832f,0.1467f,0.8118f,0.5652f,3.6591f,0.6094f,0.3759f,-0.698f,0.3368f,0f,0f,0f,1f],start_interpolation: 0,interpolation_duration: 1}
$data merge entity $(bone_glowing_eye) {transformation: [-0.7792f,0.4469f,-0.4396f,0.3314f,0.1467f,0.8118f,0.5652f,3.7127f,0.6094f,0.3759f,-0.698f,0.4628f,0f,0f,0f,1f],start_interpolation: 0,interpolation_duration: 1}
$data merge entity $(bone_head) {transformation: [-0.7792f,0.4469f,-0.4396f,0.2457f,0.1467f,0.8118f,0.5652f,3.6647f,0.6094f,0.3759f,-0.698f,0.1597f,0f,0f,0f,1f],start_interpolation: 0,interpolation_duration: 1}
$data merge entity $(bone_leftthumb2) {transformation: [0.1318f,0.2841f,0.9497f,0.7904f,-0.7679f,-0.5765f,0.2791f,3.1641f,0.6268f,-0.7661f,0.1422f,0.5766f,0f,0f,0f,1f],start_interpolation: 0,interpolation_duration: 1}
$data merge entity $(bone_leftthumb) {transformation: [0.1318f,0.2841f,0.9497f,0.9412f,-0.7679f,-0.5765f,0.2791f,3.0466f,0.6268f,-0.7661f,0.1422f,0.4009f,0f,0f,0f,1f],start_interpolation: 0,interpolation_duration: 1}
$data merge entity $(bone_leftpointerfinger) {transformation: [0.1318f,0.2841f,0.9497f,0.8781f,-0.7679f,-0.5765f,0.2791f,3.3328f,0.6268f,-0.7661f,0.1422f,0.5903f,0f,0f,0f,1f],start_interpolation: 0,interpolation_duration: 1}
$data merge entity $(bone_leftmidfinger) {transformation: [0.1318f,0.2841f,0.9497f,1.0265f,-0.7679f,-0.5765f,0.2791f,3.3764f,0.6268f,-0.7661f,0.1422f,0.6126f,0f,0f,0f,1f],start_interpolation: 0,interpolation_duration: 1}
$data merge entity $(bone_leftringfinger) {transformation: [0.1318f,0.2841f,0.9497f,1.1749f,-0.7679f,-0.5765f,0.2791f,3.42f,0.6268f,-0.7661f,0.1422f,0.6348f,0f,0f,0f,1f],start_interpolation: 0,interpolation_duration: 1}
$data merge entity $(bone_invisibility) {transformation: [0.3658f,-0.9213f,-0.1318f,0.9042f,-0.55f,-0.3282f,0.7679f,3.117f,-0.7508f,-0.2084f,-0.6268f,0.6196f,0f,0f,0f,1f],start_interpolation: 0,interpolation_duration: 1}
$data merge entity $(bone_swiftness) {transformation: [0.9497f,0.2841f,-0.1318f,1.0507f,0.2791f,-0.5765f,0.7679f,3.2074f,0.1422f,-0.7661f,-0.6268f,0.7827f,0f,0f,0f,1f],start_interpolation: 0,interpolation_duration: 1}
$data merge entity $(bone_suspicious_stew) {transformation: [0.6589f,-0.7406f,-0.1318f,1.069f,-0.4046f,-0.4966f,0.7679f,3.1964f,-0.6342f,-0.4526f,-0.6268f,0.6822f,0f,0f,0f,1f],start_interpolation: 0,interpolation_duration: 1}
$data merge entity $(bone_log) {transformation: [0.1318f,0.2841f,0.9497f,1.1614f,-0.7679f,-0.5765f,0.2791f,3.0654f,0.6268f,-0.7661f,0.1422f,0.6519f,0f,0f,0f,1f],start_interpolation: 0,interpolation_duration: 1}
$data merge entity $(bone_planks) {transformation: [0.1318f,0.2841f,0.9497f,1.1737f,-0.7679f,-0.5765f,0.2791f,2.9934f,0.6268f,-0.7661f,0.1422f,0.7106f,0f,0f,0f,1f],start_interpolation: 0,interpolation_duration: 1}
$data merge entity $(bone_lefthand1) {transformation: [0.1318f,0.2841f,0.9497f,1.1698f,-0.7679f,-0.5765f,0.2791f,3.1045f,0.6268f,-0.7661f,0.1422f,0.2992f,0f,0f,0f,1f],start_interpolation: 0,interpolation_duration: 1}
$data merge entity $(bone_leftforearm) {transformation: [-0.5586f,-0.2028f,0.8043f,0.9743f,-0.7887f,-0.1702f,-0.5907f,2.9183f,0.2567f,-0.9643f,-0.0649f,-0.3687f,0f,0f,0f,1f],start_interpolation: 0,interpolation_duration: 1}
$data merge entity $(bone_leftelbow) {transformation: [-0.5586f,-0.2028f,0.8043f,0.9363f,-0.7887f,-0.1702f,-0.5907f,2.8864f,0.2567f,-0.9643f,-0.0649f,-0.5495f,0f,0f,0f,1f],start_interpolation: 0,interpolation_duration: 1}
$data merge entity $(bone_leftarm) {transformation: [-0.4696f,-0.8024f,-0.3682f,0.6997f,-0.8338f,0.5402f,-0.1139f,3.206f,0.2903f,0.2535f,-0.9227f,-0.354f,0f,0f,0f,1f],start_interpolation: 0,interpolation_duration: 1}
$data merge entity $(bone_rightthumb2) {transformation: [-0.7851f,-0.3816f,-0.4879f,-0.0623f,0.5745f,-0.743f,-0.3434f,3.7222f,-0.2314f,-0.5499f,0.8025f,1.3289f,0f,0f,0f,1f],start_interpolation: 0,interpolation_duration: 1}
$data merge entity $(bone_rightthumb) {transformation: [-0.7851f,-0.3816f,-0.4879f,-0.1975f,0.5745f,-0.743f,-0.3434f,3.5107f,-0.2314f,-0.5499f,0.8025f,1.2626f,0f,0f,0f,1f],start_interpolation: 0,interpolation_duration: 1}
$data merge entity $(bone_rightpointerfinger) {transformation: [-0.7851f,-0.3816f,-0.4879f,-0.1811f,0.5745f,-0.743f,-0.3434f,3.8012f,-0.2314f,-0.5499f,0.8025f,1.4553f,0f,0f,0f,1f],start_interpolation: 0,interpolation_duration: 1}
$data merge entity $(bone_rightmidfinger) {transformation: [-0.7851f,-0.3816f,-0.4879f,-0.2573f,0.5745f,-0.743f,-0.3434f,3.7475f,-0.2314f,-0.5499f,0.8025f,1.5807f,0f,0f,0f,1f],start_interpolation: 0,interpolation_duration: 1}
$data merge entity $(bone_rightringfinger) {transformation: [-0.7851f,-0.3816f,-0.4879f,-0.3335f,0.5745f,-0.743f,-0.3434f,3.6939f,-0.2314f,-0.5499f,0.8025f,1.7061f,0f,0f,0f,1f],start_interpolation: 0,interpolation_duration: 1}
$data merge entity $(bone_hugeasssword) {transformation: [-3.075f,-1.4945f,-1.9109f,-0.1187f,2.2502f,-2.9099f,-1.3452f,3.4494f,-0.9064f,-2.1539f,3.1431f,1.518f,0f,0f,0f,1f],start_interpolation: 0,interpolation_duration: 1}
$data merge entity $(bone_ice) {transformation: [-0.7851f,-0.3816f,-0.4879f,-0.1004f,0.5745f,-0.743f,-0.3434f,3.452f,-0.2314f,-0.5499f,0.8025f,1.5302f,0f,0f,0f,1f],start_interpolation: 0,interpolation_duration: 1}
$data merge entity $(bone_righthand1) {transformation: [-0.7851f,-0.3816f,-0.4879f,-0.4073f,0.5745f,-0.743f,-0.3434f,3.3992f,-0.2314f,-0.5499f,0.8025f,1.3599f,0f,0f,0f,1f],start_interpolation: 0,interpolation_duration: 1}
$data merge entity $(bone_rightforearm) {transformation: [-0.6941f,-0.6136f,-0.3764f,-0.7803f,0.6072f,-0.2181f,-0.7641f,3.1929f,0.3867f,-0.7589f,0.5239f,0.7899f,0f,0f,0f,1f],start_interpolation: 0,interpolation_duration: 1}
$data merge entity $(bone_rightelbow) {transformation: [-0.6941f,-0.6136f,-0.3764f,-0.8953f,0.6072f,-0.2181f,-0.7641f,3.152f,0.3867f,-0.7589f,0.5239f,0.6476f,0f,0f,0f,1f],start_interpolation: 0,interpolation_duration: 1}
$data merge entity $(bone_rightarm) {transformation: [-0.6827f,0.4977f,-0.535f,-0.5033f,0.657f,0.7385f,-0.1515f,3.2972f,0.3197f,-0.4549f,-0.8312f,0.4845f,0f,0f,0f,1f],start_interpolation: 0,interpolation_duration: 1}
$data merge entity $(bone_chest1) {transformation: [-0.8165f,0.3811f,-0.6014f,-0.0324f,0.1276f,0.9786f,0.4468f,3.1055f,0.7005f,0.2659f,-0.7825f,-0.059f,0f,0f,0f,1f],start_interpolation: 0,interpolation_duration: 1}
$data merge entity $(bone_chest1lid) {transformation: [-0.7537f,0.3518f,-0.5552f,-0.3129f,0.1178f,0.9033f,0.4125f,2.367f,0.6466f,0.2455f,-0.7223f,0.2767f,0f,0f,0f,1f],start_interpolation: 0,interpolation_duration: 1}
$data merge entity $(bone_chest2) {transformation: [-0.7537f,0.3518f,-0.5552f,-0.3679f,0.1178f,0.9033f,0.4125f,2.2258f,0.6466f,0.2455f,-0.7223f,0.2383f,0f,0f,0f,1f],start_interpolation: 0,interpolation_duration: 1}
$data merge entity $(bone_chest1lid3) {transformation: [-0.7537f,0.3518f,-0.5552f,-0.6214f,0.1178f,0.9033f,0.4125f,2.6238f,0.6466f,0.2455f,-0.7223f,-0.2265f,0f,0f,0f,1f],start_interpolation: 0,interpolation_duration: 1}
$data merge entity $(bone_chest3) {transformation: [-0.7537f,0.3518f,-0.5552f,-0.6764f,0.1178f,0.9033f,0.4125f,2.4827f,0.6466f,0.2455f,-0.7223f,-0.2648f,0f,0f,0f,1f],start_interpolation: 0,interpolation_duration: 1}
$data merge entity $(bone_hugeasssword2) {transformation: [2.1744f,3.1072f,-0.9785f,-0.6999f,-1.6155f,2.0501f,2.9202f,4.4081f,2.8289f,-1.2176f,2.4197f,0.8311f,0f,0f,0f,1f],start_interpolation: 0,interpolation_duration: 1}
$data merge entity $(bone_belt) {transformation: [-0.7537f,0.3518f,-0.5552f,-0.0757f,0.1178f,0.9033f,0.4125f,2.6879f,0.6466f,0.2455f,-0.7223f,-0.0829f,0f,0f,0f,1f],start_interpolation: 0,interpolation_duration: 1}
$data merge entity $(bone_torn_part) {transformation: [-0.7348f,0.4857f,-0.4735f,-0.2674f,0.1104f,0.7744f,0.6229f,2.4422f,0.6693f,0.4054f,-0.6227f,-0.0686f,0f,0f,0f,1f],start_interpolation: 0,interpolation_duration: 1}
$data merge entity $(bone_lowerbody) {transformation: [-0.7348f,0.3208f,-0.5977f,-0.2683f,0.1104f,0.9259f,0.3612f,1.9285f,0.6693f,0.1994f,-0.7158f,-0.1307f,0f,0f,0f,1f],start_interpolation: 0,interpolation_duration: 1}
$data merge entity $(bone_leftfoot) {transformation: [-0.6261f,0.3951f,-0.6722f,-0.2602f,-0.0549f,0.8376f,0.5435f,0.2821f,0.7778f,0.3772f,-0.5027f,-0.3754f,0f,0f,0f,1f],start_interpolation: 0,interpolation_duration: 1}
$data merge entity $(bone_leftlowerleg) {transformation: [-0.6261f,0.3951f,-0.6722f,0.2814f,-0.0549f,0.8376f,0.5435f,1.1278f,0.7778f,0.3772f,-0.5027f,0.1204f,0f,0f,0f,1f],start_interpolation: 0,interpolation_duration: 1}
$data merge entity $(bone_leftleg) {transformation: [-0.7155f,-0.4235f,-0.5556f,-0.1779f,0.0707f,0.7473f,-0.6607f,1.9057f,0.695f,-0.512f,-0.5048f,-0.3946f,0f,0f,0f,1f],start_interpolation: 0,interpolation_duration: 1}
$data merge entity $(bone_rightfoot) {transformation: [-0.8328f,0.3883f,-0.3946f,-0.7679f,0.1145f,0.8182f,0.5635f,0.3416f,0.5416f,0.4241f,-0.7258f,-0.0557f,0f,0f,0f,1f],start_interpolation: 0,interpolation_duration: 1}
$data merge entity $(bone_rightlowerleg) {transformation: [-0.8328f,0.3883f,-0.3946f,-0.2766f,0.1145f,0.8182f,0.5635f,1.1627f,0.5416f,0.4241f,-0.7258f,0.5263f,0f,0f,0f,1f],start_interpolation: 0,interpolation_duration: 1}
$data merge entity $(bone_rightleg) {transformation: [-0.7673f,-0.2844f,-0.5749f,-0.5502f,0.1596f,0.7835f,-0.6005f,1.9706f,0.6212f,-0.5525f,-0.5558f,-0.0676f,0f,0f,0f,1f],start_interpolation: 0,interpolation_duration: 1}
data modify entity @s data merge value {"cameras":{},"locators":{"lefthand":{"posx":1.1119661618616818,"posy":3.1780819080679397,"posz":0.6507370907964893,"roty":98.51601717387409,"rotx":16.204288284602736},"sword":{"posx":1.6386381633645413,"posy":4.789288695800563,"posz":-1.4547029480815739,"roty":211.29765900859383,"rotx":-20.086819741772988},"righthand":{"posx":-0.16044028607287214,"posy":3.5228402095668594,"posz":1.5045336451103641,"roty":211.29765900859383,"rotx":-20.086819741772988},"chest":{"posx":-0.27170108448049235,"posy":2.249745858682248,"posz":0.3943749718294858,"roty":322.4530765066225,"rotx":24.359499535749343}}}