# This file was generated by Animated Java via MC-Build. It is not recommended to edit this file directly.
$data merge entity $(mas) {transformation: [-0.4624f,0.249f,0.851f,-0.2959f,-0.0599f,0.9488f,-0.3101f,2.3547f,-0.8847f,-0.1944f,-0.4238f,0.6114f,0f,0f,0f,1f],start_interpolation: 0,interpolation_duration: 1}
$data merge entity $(head) {transformation: [-0.9981f,-0.0086f,0.0604f,0.0182f,0.008f,0.9632f,0.2687f,2.2019f,-0.0605f,0.2687f,-0.9613f,0.4714f,0f,0f,0f,1f],start_interpolation: 0,interpolation_duration: 1}
$data merge entity $(item_display) {transformation: [-0.9981f,0.0162f,0.0589f,0.0047f,0.008f,0.9906f,-0.1362f,1.7184f,-0.0605f,-0.1355f,-0.9889f,0.6299f,0f,0f,0f,1f],start_interpolation: 0,interpolation_duration: 1}
$data merge entity $(right_arm) {transformation: [-0.9981f,0.0083f,0.0605f,-0.2968f,0.008f,1f,-0.0057f,1.8294f,-0.0605f,-0.0052f,-0.9982f,0.4544f,0f,0f,0f,1f],start_interpolation: 0,interpolation_duration: 1}
$data merge entity $(left_arm) {transformation: [-0.9981f,0.0083f,0.0605f,0.3894f,0.008f,1f,-0.0057f,1.8239f,-0.0605f,-0.0052f,-0.9982f,0.496f,0f,0f,0f,1f],start_interpolation: 0,interpolation_duration: 1}
$data merge entity $(green_right_arm) {transformation: [-0.9389f,0.2161f,0.2681f,-0.2316f,0.192f,0.9748f,-0.1132f,2.0157f,-0.2858f,-0.0548f,-0.9567f,0.3321f,0f,0f,0f,1f],start_interpolation: 0,interpolation_duration: 1}
$data merge entity $(green_left_arm) {transformation: [-0.9212f,-0.1439f,-0.3615f,0.3299f,-0.1317f,0.9896f,-0.0582f,2.0112f,0.3661f,-0.006f,-0.9306f,0.3661f,0f,0f,0f,1f],start_interpolation: 0,interpolation_duration: 1}
$data merge entity $(torso) {transformation: [-0.9981f,0.0083f,0.0605f,0.0126f,0.008f,1f,-0.0057f,1.308f,-0.0605f,-0.0052f,-0.9982f,0.4449f,0f,0f,0f,1f],start_interpolation: 0,interpolation_duration: 1}
$data merge entity $(right_leg) {transformation: [-0.9981f,0.012f,0.0598f,-0.1229f,0.008f,0.9977f,-0.0671f,1.4058f,-0.0605f,-0.0665f,-0.996f,0.5243f,0f,0f,0f,1f],start_interpolation: 0,interpolation_duration: 1}
$data merge entity $(left_leg) {transformation: [-0.9981f,0.012f,0.0598f,0.1856f,0.008f,0.9977f,-0.0671f,1.1403f,-0.0605f,-0.0665f,-0.996f,0.5652f,0f,0f,0f,1f],start_interpolation: 0,interpolation_duration: 1}
data modify entity @s data merge value {"cameras":{},"locators":{"locator":{"px":0.007522156567757676,"py":1.827598536981715,"pz":0.5981194359110227,"ry":3.4671966251066806,"rx":-0.3278296815373601},"hitbox":{"px":-6.724698222521128e-17,"py":0.5205858984375,"pz":0.54911328125,"ry":3.4270046153123417,"rx":-5.32766863535534}}}