# This file was generated by Animated Java via MC-Build. It is not recommended to edit this file directly.
$data merge entity $(mas) {transformation: [-0.4591f,0.254f,0.8499f,-0.2949f,-0.1255f,0.9287f,-0.3454f,2.3676f,-0.8781f,-0.2656f,-0.395f,0.5996f,0f,0f,0f,1f],start_interpolation: 0,interpolation_duration: 1}
$data merge entity $(head) {transformation: [-0.9967f,-0.0047f,0.065f,0.0185f,0.008f,0.9799f,0.1934f,2.2032f,-0.0647f,0.1935f,-0.9777f,0.4732f,0f,0f,0f,1f],start_interpolation: 0,interpolation_duration: 1}
$data merge entity $(item_display) {transformation: [-0.9967f,0.0167f,0.063f,0.0044f,0.008f,0.9894f,-0.1361f,1.7203f,-0.0647f,-0.1353f,-0.9875f,0.6314f,0f,0f,0f,1f],start_interpolation: 0,interpolation_duration: 1}
$data merge entity $(right_arm) {transformation: [-0.9967f,0.0084f,0.0646f,-0.2961f,0.008f,0.9987f,-0.0057f,1.8312f,-0.0647f,-0.0052f,-0.9967f,0.4549f,0f,0f,0f,1f],start_interpolation: 0,interpolation_duration: 1}
$data merge entity $(left_arm) {transformation: [-0.9967f,0.0084f,0.0646f,0.3891f,0.008f,0.9987f,-0.0057f,1.8257f,-0.0647f,-0.0052f,-0.9967f,0.4994f,0f,0f,0f,1f],start_interpolation: 0,interpolation_duration: 1}
$data merge entity $(green_right_arm) {transformation: [-0.9364f,0.2183f,0.2705f,-0.2304f,0.1936f,0.9731f,-0.1151f,2.0173f,-0.2886f,-0.0555f,-0.9546f,0.333f,0f,0f,0f,1f],start_interpolation: 0,interpolation_duration: 1}
$data merge entity $(green_left_arm) {transformation: [-0.9217f,-0.1449f,-0.3565f,0.3303f,-0.1347f,0.9882f,-0.0535f,2.0128f,0.3605f,-0.0013f,-0.9315f,0.3694f,0f,0f,0f,1f],start_interpolation: 0,interpolation_duration: 1}
$data merge entity $(torso) {transformation: [-0.9967f,0.0084f,0.0646f,0.0131f,0.008f,0.9987f,-0.0057f,1.3104f,-0.0647f,-0.0052f,-0.9967f,0.4467f,0f,0f,0f,1f],start_interpolation: 0,interpolation_duration: 1}
$data merge entity $(right_leg) {transformation: [-0.9967f,0.0127f,0.0639f,-0.1226f,0.008f,0.9961f,-0.0734f,1.4063f,-0.0647f,-0.0727f,-0.994f,0.525f,0f,0f,0f,1f],start_interpolation: 0,interpolation_duration: 1}
$data merge entity $(left_leg) {transformation: [-0.9967f,0.0127f,0.0639f,0.1853f,0.008f,0.9961f,-0.0734f,1.1446f,-0.0647f,-0.0727f,-0.994f,0.5675f,0f,0f,0f,1f],start_interpolation: 0,interpolation_duration: 1}
data modify entity @s data merge value {"cameras":{},"locators":{"locator":{"px":0.0073062338672481575,"py":1.8293781068877435,"pz":0.5997151274171514,"ry":3.709327509301062,"rx":-0.3297698565356868},"hitbox":{"px":-6.745124948428782e-17,"py":0.5239453125,"pz":0.55078125,"ry":3.6691460223636625,"rx":-5.329608895212166}}}