# This file was generated by Animated Java via MC-Build. It is not recommended to edit this file directly.
$data merge entity $(bone_nose) { transformation: [-0.9914343338882712f,-0.12047546678169126f,-0.050434348327836595f,0.05730929075490892f,-0.13021099268821162f,0.9417806285601099f,0.30999087898206723f,3.787185540140707f,0.010151796425778119f,0.31390270717637603f,-0.9494008802695898f,0.9716680115356966f,0f,0f,0f,1f], start_interpolation: 0, interpolation_duration: 1 }
$data merge entity $(bone_glowing_eye) { transformation: [-0.9914343338882712f,-0.12047546678169126f,-0.050434348327836595f,-0.07301723083904554f,-0.13021099268821162f,0.9417806285601099f,0.30999087898206723f,3.8238580411094287f,0.010151796425778119f,0.31390270717637603f,-0.9494008802695898f,1.0273206869168128f,0f,0f,0f,1f], start_interpolation: 0, interpolation_duration: 1 }
$data merge entity $(bone_head) { transformation: [-0.9914343338882712f,-0.12047546678169126f,-0.050434348327836595f,0.06274114101114939f,-0.13021099268821162f,0.9417806285601099f,0.30999087898206723f,3.728944753234356f,0.010151796425778119f,0.31390270717637603f,-0.9494008802695898f,0.7551282243646357f,0f,0f,0f,1f], start_interpolation: 0, interpolation_duration: 1 }
$data merge entity $(bone_leftthumb2) { transformation: [-0.5322976810784203f,0.5865329384307463f,0.6104410625558628f,0.48597206478441995f,-0.022469729556133522f,0.7110436584339707f,-0.7027887499487376f,2.3783218459647784f,-0.846258996981545f,-0.3878092674713036f,-0.3653076540276158f,0.3693937620595558f,0f,0f,0f,1f], start_interpolation: 0, interpolation_duration: 1 }
$data merge entity $(bone_leftthumb) { transformation: [-0.5322976810784203f,0.5865329384307463f,0.6104410625558628f,0.6819816360408899f,-0.022469729556133522f,0.7110436584339707f,-0.7027887499487376f,2.4926414007695272f,-0.846258996981545f,-0.3878092674713036f,-0.3653076540276158f,0.24306816893765965f,0f,0f,0f,1f], start_interpolation: 0, interpolation_duration: 1 }
$data merge entity $(bone_leftpointerfinger) { transformation: [0.7741012653765705f,0.1677168449740864f,0.6104410625558628f,0.5174960459974746f,0.6270167361817108f,-0.3360624726052075f,-0.7027887499487376f,2.2106597521771016f,0.08727682103758921f,0.9267864233028085f,-0.3653076540276158f,0.38237478187185703f,0f,0f,0f,1f], start_interpolation: 0, interpolation_duration: 1 }
$data merge entity $(bone_leftmidfinger) { transformation: [0.7455872805949371f,0.26732249467771313f,0.6104410625558628f,0.6084345100386294f,0.6655174759799484f,-0.2513453045329668f,-0.7027887499487376f,2.093147932320663f,-0.03443974710019676f,0.93024954809369f,-0.3653076540276158f,0.3326866841758821f,0f,0f,0f,1f], start_interpolation: 0, interpolation_duration: 1 }
$data merge entity $(bone_leftringfinger) { transformation: [0.7455872805949371f,0.26732249467771313f,0.6104410625558628f,0.7038159260629829f,0.6655174759799484f,-0.2513453045329668f,-0.7027887499487376f,1.9833371901411727f,-0.03443974710019676f,0.93024954809369f,-0.3653076540276158f,0.27560736323406715f,0f,0f,0f,1f], start_interpolation: 0, interpolation_duration: 1 }
$data merge entity $(bone_invisibility) { transformation: [0.6375044477316073f,-0.5569984361207437f,0.5322976810784203f,0.5216299410273479f,0.6470858471471991f,0.7620859647542827f,0.0224697295561334f,2.3243640786475743f,-0.41817219604393774f,0.33011774336375777f,0.8462589969815447f,0.25607952996364264f,0f,0f,0f,1f], start_interpolation: 0, interpolation_duration: 1 }
$data merge entity $(bone_swiftness) { transformation: [0.6104410625558627f,0.5865329384307463f,0.5322976810784205f,0.5289374559888957f,-0.7027887499487376f,0.7110436584339707f,0.022469729556133366f,2.095133584085302f,-0.36530765402761595f,-0.3878092674713036f,0.8462589969815449f,0.19602445080830333f,0f,0f,0f,1f], start_interpolation: 0, interpolation_duration: 1 }
$data merge entity $(bone_suspicious_stew) { transformation: [0.7895629102057777f,-0.30536795762803864f,0.5322976810784206f,0.6085939087676311f,0.347413044687481f,0.9374429516694063f,0.022469729556133605f,2.159261016543094f,-0.5058602447399453f,0.16718589300366243f,0.8462589969815453f,0.20576290424618204f,0f,0f,0f,1f], start_interpolation: 0, interpolation_duration: 1 }
$data merge entity $(bone_log) { transformation: [-0.5322976810784203f,0.5865329384307463f,0.6104410625558628f,0.6606220432776785f,-0.022469729556133522f,0.7110436584339707f,-0.7027887499487376f,2.2130917140476054f,-0.846258996981545f,-0.3878092674713036f,-0.3653076540276158f,0.06082616856270473f,0f,0f,0f,1f], start_interpolation: 0, interpolation_duration: 1 }
$data merge entity $(bone_planks) { transformation: [-0.5322976810784203f,0.5865329384307463f,0.6104410625558628f,0.6107191356765765f,-0.022469729556133522f,0.7110436584339707f,-0.7027887499487376f,2.210985176901718f,-0.846258996981545f,-0.3878092674713036f,-0.3653076540276158f,-0.018510612404315063f,0f,0f,0f,1f], start_interpolation: 0, interpolation_duration: 1 }
$data merge entity $(bone_lefthand1) { transformation: [-0.5322976810784203f,0.5865329384307463f,0.6104410625558628f,0.9212534149500994f,-0.022469729556133522f,0.7110436584339707f,-0.7027887499487376f,2.4184322094810295f,-0.846258996981545f,-0.3878092674713036f,-0.3653076540276158f,0.18685446512862808f,0f,0f,0f,1f], start_interpolation: 0, interpolation_duration: 1 }
$data merge entity $(bone_leftforearm) { transformation: [-0.5322976810784203f,0.5865329384307463f,0.6104410625558628f,1.2908526406143812f,-0.022469729556133522f,0.7110436584339707f,-0.7027887499487376f,2.9279614979381057f,-0.846258996981545f,-0.3878092674713036f,-0.3653076540276158f,-0.13300718127929734f,0f,0f,0f,1f], start_interpolation: 0, interpolation_duration: 1 }
$data merge entity $(bone_leftelbow) { transformation: [-0.5322976810784203f,0.5865329384307463f,0.6104410625558628f,1.4008275665701462f,-0.022469729556133522f,0.7110436584339707f,-0.7027887499487376f,3.061282183894475f,-0.846258996981545f,-0.3878092674713036f,-0.3653076540276158f,-0.20572141893016677f,0f,0f,0f,1f], start_interpolation: 0, interpolation_duration: 1 }
$data merge entity $(bone_leftarm) { transformation: [-0.8198375174624006f,-0.43038631058794147f,0.3776692582400478f,0.7949485767495996f,-0.08327093786256434f,0.7421769081353269f,0.665010817910638f,3.3575661488495214f,-0.5665089547999898f,0.5137519447059903f,-0.6443031456094532f,0.13922323129279507f,0f,0f,0f,1f], start_interpolation: 0, interpolation_duration: 1 }
$data merge entity $(bone_rightthumb2) { transformation: [-0.04578028099093126f,0.41790559563495366f,-0.9073362546539103f,-1.094835691386117f,-0.6350654063319245f,0.6889414470186641f,0.3493588588547546f,2.1801440112585575f,0.7711005742138045f,0.5922116139665139f,0.2338574538694838f,0.5212124295582314f,0f,0f,0f,1f], start_interpolation: 0, interpolation_duration: 1 }
$data merge entity $(bone_rightthumb) { transformation: [-0.04578028099093126f,0.41790559563495366f,-0.9073362546539103f,-1.0698861663306984f,-0.6350654063319245f,0.6889414470186641f,0.3493588588547546f,2.3789570687596124f,0.7711005742138045f,0.5922116139665139f,0.2338574538694838f,0.6864327596604657f,0f,0f,0f,1f], start_interpolation: 0, interpolation_duration: 1 }
$data merge entity $(bone_rightpointerfinger) { transformation: [0.43012536594631756f,-0.18361996492512528f,-0.8838981151979237f,-1.0217736180254222f,-0.8552946498058721f,-0.3962112076899403f,-0.3338978001040578f,2.0358089442225737f,-0.28890003735374786f,0.8996112423607071f,-0.32746966429766944f,0.7633095390175421f,0f,0f,0f,1f], start_interpolation: 0, interpolation_duration: 1 }
$data merge entity $(bone_rightmidfinger) { transformation: [0.40247836897675027f,-0.23819169686488373f,-0.8838981151979237f,-1.1582000915851878f,-0.8996934257652205f,-0.2811832120175602f,-0.3338978001040578f,1.973673320529592f,-0.16900562754138246f,0.9296239652806481f,-0.32746966429766944f,0.7177604371481087f,0f,0f,0f,1f], start_interpolation: 0, interpolation_duration: 1 }
$data merge entity $(bone_rightringfinger) { transformation: [0.40247836897675027f,-0.23819169686488373f,-0.8838981151979237f,-1.2963091720848632f,-0.8996934257652205f,-0.2811832120175602f,-0.3338978001040578f,1.921501789263333f,-0.16900562754138246f,0.9296239652806481f,-0.32746966429766944f,0.6665933021015978f,0f,0f,0f,1f], start_interpolation: 0, interpolation_duration: 1 }
$data merge entity $(bone_hugeasssword) { transformation: [-1.465155429191272f,-1.0993672524311873f,-3.4619342845252015f,-1.14208052445413f,0.33103021896906265f,3.677015618332935f,-1.307766383740893f,2.1857936761748595f,3.6171834816910264f,-0.7818091612377931f,-1.2825895184992053f,0.5056810213000998f,0f,0f,0f,1f], start_interpolation: 0, interpolation_duration: 1 }
$data merge entity $(bone_ice) { transformation: [-0.37408223724032474f,-0.2806895112590265f,-0.8838981151979237f,-1.1318497158838277f,0.08451835377933514f,0.9388124982977706f,-0.3338978001040578f,2.1698041316111545f,0.9235362080913259f,-0.1996108496777344f,-0.32746966429766944f,0.4943696875748874f,0f,0f,0f,1f], start_interpolation: 0, interpolation_duration: 1 }
$data merge entity $(bone_righthand1) { transformation: [-0.37408223724032474f,-0.2806895112590265f,-0.8838981151979237f,-1.3231644691086006f,0.08451835377933514f,0.9388124982977706f,-0.3338978001040578f,2.415202538377179f,0.9235362080913259f,-0.1996108496777344f,-0.32746966429766944f,0.6651176001689831f,0f,0f,0f,1f], start_interpolation: 0, interpolation_duration: 1 }
$data merge entity $(bone_rightforearm) { transformation: [-0.37408223724032474f,-0.2806895112590265f,-0.8838981151979237f,-1.4833332338351157f,0.08451835377933514f,0.9388124982977706f,-0.3338978001040578f,3.0752398322582164f,0.9235362080913259f,-0.1996108496777344f,-0.32746966429766944f,0.47216192198826934f,0f,0f,0f,1f], start_interpolation: 0, interpolation_duration: 1 }
$data merge entity $(bone_rightelbow) { transformation: [-0.37408223724032474f,-0.2806895112590265f,-0.8838981151979237f,-1.5359625171961833f,0.08451835377933514f,0.9388124982977706f,-0.3338978001040578f,3.2512671756890485f,0.9235362080913259f,-0.1996108496777344f,-0.32746966429766944f,0.4347348876736941f,0f,0f,0f,1f], start_interpolation: 0, interpolation_duration: 1 }
$data merge entity $(bone_rightarm) { transformation: [-0.5433463137221723f,0.738927007548802f,-0.39844906936708896f,-0.8787973225948043f,0.14453194468522296f,0.5498713412382993f,0.8226493937579371f,3.3619020171522362f,0.8269735789794221f,0.38939489673051225f,-0.40556912366475756f,0.5641917348182887f,0f,0f,0f,1f], start_interpolation: 0, interpolation_duration: 1 }
$data merge entity $(bone_chest1) { transformation: [-1.0485759552149014f,0.1965258403874798f,-0.18835384603522848f,-0.07282242855256463f,-0.005771321200858633f,0.7333799006009343f,0.7973278650324916f,3.3445336708786213f,0.27215118795967846f,0.7727500414530364f,-0.7088033686697441f,0.2339085979117312f,0f,0f,0f,1f], start_interpolation: 0, interpolation_duration: 1 }
$data merge entity $(bone_chest1lid) { transformation: [-0.9679162663522168f,0.18140846804998137f,-0.17386508864790323f,-0.45924178091931983f,-0.0053273734161772f,0.6769660620931701f,0.7359949523376846f,2.5920336456354516f,0.2512164811935494f,0.7133077305720337f,-0.6542800326182254f,0.08820338683115983f,0f,0f,0f,1f], start_interpolation: 0, interpolation_duration: 1 }
$data merge entity $(bone_chest2) { transformation: [-0.9679162663522168f,0.18140846804998137f,-0.17386508864790323f,-0.4875868540521294f,-0.0053273734161772f,0.6769660620931701f,0.7359949523376846f,2.486257698433394f,0.2512164811935494f,0.7133077305720337f,-0.6542800326182254f,-0.023250946070720424f,0f,0f,0f,1f], start_interpolation: 0, interpolation_duration: 1 }
$data merge entity $(bone_chest1lid3) { transformation: [-0.9679162663522168f,0.18140846804998137f,-0.17386508864790323f,-0.5101293366873694f,-0.0053273734161772f,0.6769660620931701f,0.7359949523376846f,3.063863372815292f,0.2512164811935494f,0.7133077305720337f,-0.6542800326182254f,-0.34664578913948774f,0f,0f,0f,1f], start_interpolation: 0, interpolation_duration: 1 }
$data merge entity $(bone_chest3) { transformation: [-0.9679162663522168f,0.18140846804998137f,-0.17386508864790323f,-0.5384744098201789f,-0.0053273734161772f,0.6769660620931701f,0.7359949523376846f,2.9580874256132343f,0.2512164811935494f,0.7133077305720337f,-0.6542800326182254f,-0.45810012204136796f,0f,0f,0f,1f], start_interpolation: 0, interpolation_duration: 1 }
$data merge entity $(bone_hugeasssword2) { transformation: [0.6809715972042869f,3.2750403375092403f,-2.0373183966346984f,-1.1009193070972965f,-2.8826468966559315f,1.8066776269807823f,1.9407577383962162f,4.318441818142556f,2.5625967944213834f,1.1620260399974813f,2.7245313228823043f,1.1977329222306412f,0f,0f,0f,1f], start_interpolation: 0, interpolation_duration: 1 }
$data merge entity $(bone_belt) { transformation: [-0.9679162663522168f,0.18140846804998137f,-0.17386508864790323f,-0.09132234074825302f,-0.0053273734161772f,0.6769660620931701f,0.7359949523376846f,2.978704829227968f,0.2512164811935494f,0.7133077305720337f,-0.6542800326182254f,0.027377471690752303f,0f,0f,0f,1f], start_interpolation: 0, interpolation_duration: 1 }
$data merge entity $(bone_torn_part) { transformation: [-0.9962337431251261f,0.053555331120646685f,-0.06819204915133555f,-0.18006099414226426f,0.0046011285606735244f,0.8179972954068302f,0.5752036633428885f,2.6131158085838706f,0.08658613442617948f,0.5727235382064098f,-0.8151629224329715f,0.0205159721796819f,0f,0f,0f,1f], start_interpolation: 0, interpolation_duration: 1 }
$data merge entity $(bone_lowerbody) { transformation: [-0.9962337431251261f,0.030570882432807745f,-0.08114031184423509f,-0.086289375f,0.0046011285606735244f,0.9531049637590088f,0.3026049531549455f,2.104729375f,0.08658613442617948f,0.3010919281635064f,-0.9496559861970615f,-0.0014118750000000069f,0f,0f,0f,1f], start_interpolation: 0, interpolation_duration: 1 }
$data merge entity $(bone_leftfoot) { transformation: [-0.994405234757032f,0.0904058656144848f,0.05463307104014626f,0.03967173472159527f,0.06130845752563015f,0.9151292571112395f,-0.3984632692386545f,0.5554869479895594f,-0.08602034719772175f,-0.3928607171493814f,-0.9155588086977142f,1.240053769343833f,0f,0f,0f,1f], start_interpolation: 0, interpolation_duration: 1 }
$data merge entity $(bone_leftlowerleg) { transformation: [-0.994405234757032f,0.0904058656144848f,0.05463307104014626f,0.13157160954203168f,0.06130845752563015f,0.9151292571112395f,-0.3984632692386545f,1.6319306056390572f,-0.08602034719772175f,-0.3928607171493814f,-0.9155588086977142f,0.9448955166428537f,0f,0f,0f,1f], start_interpolation: 0, interpolation_duration: 1 }
$data merge entity $(bone_leftleg) { transformation: [-0.9964984652836902f,0.07287742980473143f,-0.040983121893522684f,0.17090062499999997f,0.07191974820489859f,0.4971381316066669f,-0.864691412308842f,2.17480625f,-0.04264221506200176f,-0.8645938690666787f,-0.5006487244557817f,0.12069f,0f,0f,0f,1f], start_interpolation: 0, interpolation_duration: 1 }
$data merge entity $(bone_rightfoot) { transformation: [-0.995437941104517f,-0.06273116053859477f,-0.07176152844690203f,-0.025417013917750197f,-0.0757202315302689f,0.06326597789721038f,0.9951293549118749f,1.4469242226962347f,-0.05788325282470866f,0.9960130585718384f,-0.06772987526232416f,-1.0571065839990668f,0f,0f,0f,1f], start_interpolation: 0, interpolation_duration: 1 }
$data merge entity $(bone_rightlowerleg) { transformation: [-0.995437941104517f,-0.06273116053859477f,-0.07176152844690203f,-0.08398355025107423f,-0.0757202315302689f,0.06326597789721038f,0.9951293549118749f,1.3642126452346706f,-0.05788325282470866f,0.9960130585718384f,-0.06772987526232416f,0.05825180186991826f,0f,0f,0f,1f], start_interpolation: 0, interpolation_duration: 1 }
$data merge entity $(bone_rightleg) { transformation: [-0.9595299233665211f,-0.22110923945490524f,0.17434051784430937f,-0.2578375f,-0.24029687516644352f,0.9657676282119644f,-0.0977197278649116f,2.225696875f,-0.14676422605485626f,-0.13565984124091546f,-0.979824595845494f,-0.04564375000000003f,0f,0f,0f,1f], start_interpolation: 0, interpolation_duration: 1 }
data modify entity @s data merge value {"locators":{"lefthand":{"posx":0.655163923461443,"posy":2.170629039596288,"posz":0.17616848064510168,"roty":59.10233483251231,"rotx":-44.65117622500468},"righthand":{"posx":-1.1487232439617183,"posy":2.1682759351186904,"posz":0.5891868401143149,"roty":290.3288364074369,"rotx":-19.505527676341185},"chest":{"posx":-0.4736607733947156,"posy":2.43455757503261,"posz":0.15370342380430388,"roty":345.1184322953635,"rotx":47.39135526715654},"sack":{"posx":0,"posy":-0.4375,"posz":0,"roty":0,"rotx":0}},"cameras":{}}