# This file was generated by Animated Java via MC-Build. It is not recommended to edit this file directly.
$data merge entity $(bone_nose) { transformation: [-0.963520934486292f,-0.1259093294047809f,0.23616572481099243f,0.09320662825901632f,0.021762955738784055f,0.8426413777656443f,0.5380352053859752f,3.691952892764079f,-0.2667466636420684f,0.5235478480960982f,-0.8091624485786337f,0.3553524537304302f,0f,0f,0f,1f], start_interpolation: 0, interpolation_duration: 1 }
$data merge entity $(bone_glowing_eye) { transformation: [-0.963520934486292f,-0.1259093294047809f,0.23616572481099243f,-0.043999723736632856f,0.021762955738784055f,0.8426413777656443f,0.5380352053859752f,3.7329518552034084f,-0.2667466636420684f,0.5235478480960982f,-0.8091624485786337f,0.3856937932872251f,0f,0f,0f,1f], start_interpolation: 0, interpolation_duration: 1 }
$data merge entity $(bone_head) { transformation: [-0.963520934486292f,-0.1259093294047809f,0.23616572481099243f,0.15297673158674663f,0.021762955738784055f,0.8426413777656443f,0.5380352053859752f,3.6886559510764334f,-0.2667466636420684f,0.5235478480960982f,-0.8091624485786337f,0.13918668722595734f,0f,0f,0f,1f], start_interpolation: 0, interpolation_duration: 1 }
$data merge entity $(bone_leftthumb2) { transformation: [-0.6978753293413278f,0.6142631087625832f,0.3683081018794732f,-0.10661184456363193f,-0.15624010391257334f,0.37128767922277095f,-0.9152783670483844f,2.403781931127459f,-0.6989699955120547f,-0.6962946879523755f,-0.163139979475242f,1.5247206418488035f,0f,0f,0f,1f], start_interpolation: 0, interpolation_duration: 1 }
$data merge entity $(bone_leftthumb) { transformation: [-0.6978753293413278f,0.6142631087625832f,0.3683081018794732f,0.07550626550344097f,-0.15624010391257334f,0.37128767922277095f,-0.9152783670483844f,2.416620048747212f,-0.6989699955120547f,-0.6962946879523755f,-0.163139979475242f,1.3400180570426377f,0f,0f,0f,1f], start_interpolation: 0, interpolation_duration: 1 }
$data merge entity $(bone_leftpointerfinger) { transformation: [-0.8658786537092308f,0.33853109036044216f,0.3683081018794732f,-0.03245426063697357f,-0.2738055379802957f,0.2954590296209676f,-0.9152783670483844f,2.268976366912285f,-0.4186701379630642f,-0.8933647982066489f,-0.163139979475242f,1.63729240824824f,0f,0f,0f,1f], start_interpolation: 0, interpolation_duration: 1 }
$data merge entity $(bone_leftmidfinger) { transformation: [-0.6978753293413278f,0.6142631087625832f,0.3683081018794732f,0.02509388028169411f,-0.15624010391257334f,0.37128767922277095f,-0.9152783670483844f,2.125964122060975f,-0.6989699955120547f,-0.6962946879523755f,-0.163139979475242f,1.6118017864552334f,0f,0f,0f,1f], start_interpolation: 0, interpolation_duration: 1 }
$data merge entity $(bone_leftringfinger) { transformation: [-0.4096844181865104f,0.8345704401577617f,0.3683081018794732f,0.08264202120036179f,-0.00226139068242473f,0.4028155867458761f,-0.9152783670483844f,1.982951877209665f,-0.9122245138162874f,-0.37580817379276843f,-0.163139979475242f,1.586311164662227f,0f,0f,0f,1f], start_interpolation: 0, interpolation_duration: 1 }
$data merge entity $(bone_invisibility) { transformation: [0.644025818361924f,-0.31337002086987703f,0.6978753293413278f,-0.10763048555129857f,0.29010305160754746f,0.9441553099873858f,0.15624010391257315f,2.30889338631393f,-0.7078636625306053f,0.10183310190029406f,0.6989699955120546f,1.4351764269535399f,0f,0f,0f,1f], start_interpolation: 0, interpolation_duration: 1 }
$data merge entity $(bone_swiftness) { transformation: [0.36830810187947305f,0.6142631087625832f,0.6978753293413279f,-0.15810183507781203f,-0.9152783670483844f,0.37128767922277095f,0.15624010391257315f,2.078862602383916f,-0.16313997947524217f,-0.6962946879523755f,0.6989699955120547f,1.462473189876039f,0f,0f,0f,1f], start_interpolation: 0, interpolation_duration: 1 }
$data merge entity $(bone_suspicious_stew) { transformation: [0.7123651685621892f,-0.07420169348537331f,0.697875329341328f,-0.06736629967214344f,-0.05031243758049103f,0.9864368649610058f,0.1562401039125734f,2.1198745825287904f,-0.7000032323097324f,-0.14641181690630445f,0.6989699955120547f,1.4372264942996997f,0f,0f,0f,1f], start_interpolation: 0, interpolation_duration: 1 }
$data merge entity $(bone_log) { transformation: [-0.6978753293413278f,0.6142631087625832f,0.3683081018794732f,-0.038744780926969716f,-0.15624010391257334f,0.37128767922277095f,-0.9152783670483844f,2.10873435923444f,-0.6989699955120547f,-0.6962946879523755f,-0.163139979475242f,1.2770140346884955f,0f,0f,0f,1f], start_interpolation: 0, interpolation_duration: 1 }
$data merge entity $(bone_planks) { transformation: [-0.6978753293413278f,0.6142631087625832f,0.3683081018794732f,-0.10417059305271918f,-0.15624010391257334f,0.37128767922277095f,-0.9152783670483844f,2.094086849492636f,-0.6989699955120547f,-0.6962946879523755f,-0.163139979475242f,1.2114855976092405f,0f,0f,0f,1f], start_interpolation: 0, interpolation_duration: 1 }
$data merge entity $(bone_lefthand1) { transformation: [-0.6978753293413278f,0.6142631087625832f,0.3683081018794732f,0.2777802004152745f,-0.15624010391257334f,0.37128767922277095f,-0.9152783670483844f,2.2692187539885382f,-0.6989699955120547f,-0.6962946879523755f,-0.163139979475242f,1.2827809859370167f,0f,0f,0f,1f], start_interpolation: 0, interpolation_duration: 1 }
$data merge entity $(bone_leftforearm) { transformation: [-0.591829991742064f,0.7240986716899728f,0.35414456727642407f,0.7450137665586616f,-0.053001169179809036f,0.40344262462851394f,-0.9134686227224389f,2.559437554084967f,-0.8043184300637166f,-0.5593882035667834f,-0.2003913690011746f,0.818645284998578f,0f,0f,0f,1f], start_interpolation: 0, interpolation_duration: 1 }
$data merge entity $(bone_leftelbow) { transformation: [-0.591829991742064f,0.7240986716899728f,0.35414456727642407f,0.8807822675005315f,-0.053001169179809036f,0.40344262462851394f,-0.9134686227224389f,2.6350830462028134f,-0.8043184300637166f,-0.5593882035667834f,-0.2003913690011746f,0.7137599968298062f,0f,0f,0f,1f], start_interpolation: 0, interpolation_duration: 1 }
$data merge entity $(bone_leftarm) { transformation: [-0.738926012646937f,0.29503773276447126f,0.6057566211597685f,0.7947426587007105f,-0.026759022281716643f,0.8854740801091165f,-0.4639176739265711f,3.126830904992273f,-0.6732550055961155f,-0.35901029191391465f,-0.6464049100522522f,0.4257600410351985f,0f,0f,0f,1f], start_interpolation: 0, interpolation_duration: 1 }
$data merge entity $(bone_rightthumb2) { transformation: [-0.6907003625178085f,-0.5956818056523896f,-0.409995360501161f,-0.8443339536202432f,0.41757936595690365f,0.1343371644207471f,-0.8986551059123981f,2.9166489971283065f,0.5903901103040249f,-0.7919070101155198f,0.15595770255136399f,1.2002354511437805f,0f,0f,0f,1f], start_interpolation: 0, interpolation_duration: 1 }
$data merge entity $(bone_rightthumb) { transformation: [-0.6907003625178085f,-0.5956818056523896f,-0.409995360501161f,-1.0254576273629774f,0.41757936595690365f,0.1343371644207471f,-0.8986551059123981f,2.872797360460253f,0.5903901103040249f,-0.7919070101155198f,0.15595770255136399f,1.0193539515813084f,0f,0f,0f,1f], start_interpolation: 0, interpolation_duration: 1 }
$data merge entity $(bone_rightpointerfinger) { transformation: [-0.976112319582779f,-0.0018431574380506216f,-0.2172586990879442f,-1.113462757549601f,0.21725359985610296f,0.002623739523543143f,-0.9761116684788052f,2.843618153077543f,0.002369157717755435f,-0.9999948593675726f,-0.0021606318837885663f,1.3558503747307264f,0f,0f,0f,1f], start_interpolation: 0, interpolation_duration: 1 }
$data merge entity $(bone_rightmidfinger) { transformation: [-0.9680021236960676f,0.125580835283564f,-0.2172586990879442f,-1.1474094292820922f,0.2157374319216806f,-0.025755992067115645f,-0.9761116684788052f,2.691100704877729f,-0.1281766319878225f,-0.9917490018558734f,-0.0021606318837885663f,1.3555127759988843f,0f,0f,0f,1f], start_interpolation: 0, interpolation_duration: 1 }
$data merge entity $(bone_rightringfinger) { transformation: [-0.9533734923935622f,0.20946990636346047f,-0.2172586990879442f,-1.1813561010145834f,0.21267170324149487f,-0.044460738858960056f,-0.9761116684788052f,2.538583256677916f,-0.2141255020815228f,-0.9768037679228099f,-0.0021606318837885663f,1.3551751772670424f,0f,0f,0f,1f], start_interpolation: 0, interpolation_duration: 1 }
$data merge entity $(bone_hugeasssword) { transformation: [-3.8079293300399693f,-0.3403972567198181f,-0.8509299047611149f,-0.9034178168695273f,0.8467763238749246f,0.08439889586180542f,-3.8231040348753202f,2.6533018704703024f,0.35060212852178485f,-3.9009337743382306f,-0.008462474878171885f,1.1294599324760555f,0f,0f,0f,1f], start_interpolation: 0, interpolation_duration: 1 }
$data merge entity $(bone_ice) { transformation: [-0.9722372757548857f,-0.08690993788591099f,-0.2172586990879442f,-0.8868686416563898f,0.21619821035104458f,0.021548654262588618f,-0.9761116684788052f,2.6495870757107145f,0.08951543706939187f,-0.9959830913203992f,-0.0021606318837885663f,1.1436234895737274f,0f,0f,0f,1f], start_interpolation: 0, interpolation_duration: 1 }
$data merge entity $(bone_righthand1) { transformation: [-0.9722372757548857f,-0.08690993788591099f,-0.2172586990879442f,-1.1584447794130872f,0.21619821035104458f,0.021548654262588618f,-0.9761116684788052f,2.67852030222416f,0.08951543706939187f,-0.9959830913203992f,-0.0021606318837885663f,0.9169390562646071f,0f,0f,0f,1f], start_interpolation: 0, interpolation_duration: 1 }
$data merge entity $(bone_rightforearm) { transformation: [-0.9063398191841604f,0.07963510369443208f,-0.4149775685754603f,-1.039321083919938f,0.41464269973833445f,0.3567122754790224f,-0.8371545759752397f,2.916498992436315f,0.08136070129324806f,-0.93081394638357f,-0.356322653648229f,0.2629429978460851f,0f,0f,0f,1f], start_interpolation: 0, interpolation_duration: 1 }
$data merge entity $(bone_rightelbow) { transformation: [-0.9063398191841604f,0.07963510369443208f,-0.4149775685754603f,-1.024389501977232f,0.41464269973833445f,0.3567122754790224f,-0.8371545759752397f,2.9833825440886317f,0.08136070129324806f,-0.93081394638357f,-0.356322653648229f,0.08841538289916573f,0f,0f,0f,1f], start_interpolation: 0, interpolation_duration: 1 }
$data merge entity $(bone_rightarm) { transformation: [-0.939851507469054f,0.23378522755333456f,-0.24904540004983572f,-0.6552397574784434f,0.3352543143510704f,0.4916321836345954f,-0.8036804966674711f,3.2343655726995237f,-0.06544989394292944f,-0.8388338711523965f,-0.5404387550780794f,-0.2745863615959351f,0f,0f,0f,1f], start_interpolation: 0, interpolation_duration: 1 }
$data merge entity $(bone_chest1) { transformation: [-0.9430758824982817f,-0.0062046878863864716f,0.5330858212421625f,0.19490257575766198f,0.10200727428445418f,1.0611454387501815f,0.19281074898420883f,3.0602426400219653f,-0.523271924485018f,0.2180435066197294f,-0.9231763825931796f,-0.06368813800030235f,0f,0f,0f,1f], start_interpolation: 0, interpolation_duration: 1 }
$data merge entity $(bone_chest1lid) { transformation: [-0.8705315838445677f,0.02057101782964681f,0.4916824124925771f,-0.29096604434794976f,0.09416056087795771f,0.9876287496428144f,0.12539235085968836f,2.3532933380550554f,-0.48302023798617055f,0.1554550935300067f,-0.8616989982536594f,-0.03269489912931244f,0f,0f,0f,1f], start_interpolation: 0, interpolation_duration: 1 }
$data merge entity $(bone_chest2) { transformation: [-0.8705315838445677f,-0.0057274042028182814f,0.49207921960815004f,-0.2900711374412594f,0.09416056087795771f,0.9795188665386292f,0.17797915290850047f,2.2002435151583946f,-0.48302023798617055f,0.20127092918744255f,-0.8521628147013965f,-0.06414348181485034f,0f,0f,0f,1f], start_interpolation: 0, interpolation_duration: 1 }
$data merge entity $(bone_chest1lid3) { transformation: [-0.8705315838445677f,-0.0057274042028182814f,0.49207921960815004f,0.07868042970380681f,0.09416056087795771f,0.9795188665386292f,0.17797915290850047f,2.461426197832191f,-0.48302023798617055f,0.20127092918744255f,-0.8521628147013965f,-0.548422937423259f,0f,0f,0f,1f], start_interpolation: 0, interpolation_duration: 1 }
$data merge entity $(bone_chest3) { transformation: [-0.8705315838445677f,-0.0057274042028182814f,0.49207921960815004f,0.07957533661049718f,0.09416056087795771f,0.9795188665386292f,0.17797915290850047f,2.30837637493553f,-0.48302023798617055f,0.20127092918744255f,-0.8521628147013965f,-0.5798715201087968f,0f,0f,0f,1f], start_interpolation: 0, interpolation_duration: 1 }
$data merge entity $(bone_hugeasssword2) { transformation: [-1.9273102767985886f,2.49865249907687f,-2.3200190869002f,-0.7539161498406156f,-0.6970850155582933f,2.319962718502259f,3.077681472086005f,4.359941816863787f,3.337637690913803f,1.9273781288045948f,-0.6968973888421852f,-0.6510233700441899f,0f,0f,0f,1f], start_interpolation: 0, interpolation_duration: 1 }
$data merge entity $(bone_belt) { transformation: [-0.8705315838445677f,-0.0057274042028182814f,0.49207921960815004f,0.16065161109507642f,0.09416056087795771f,0.9795188665386292f,0.17797915290850047f,2.643757128785808f,-0.48302023798617055f,0.20127092918744255f,-0.8521628147013965f,-0.016839609924687235f,0f,0f,0f,1f], start_interpolation: 0, interpolation_duration: 1 }
$data merge entity $(bone_torn_part) { transformation: [-0.8705315838445677f,-0.20082548308445447f,0.4492703939421826f,0.03906454400763065f,0.09416056087795771f,0.8281006586355004f,0.552614773547178f,2.3980321893971035f,-0.48302023798617055f,0.523372166351389f,-0.701977937818873f,-0.10120013526784981f,0f,0f,0f,1f], start_interpolation: 0, interpolation_duration: 1 }
$data merge entity $(bone_lowerbody) { transformation: [-0.8705315838445677f,0.13494419727149473f,0.47324922097328415f,-0.0083639990308884f,0.09416056087795771f,0.9895758372567496f,-0.10896536648289407f,1.9209687500000001f,-0.48302023798617055f,-0.050296380986656564f,-0.8741634422437422f,0.09345782369215432f,0f,0f,0f,1f], start_interpolation: 0, interpolation_duration: 1 }
$data merge entity $(bone_leftfoot) { transformation: [-0.9727439700124764f,-0.23011439921462493f,0.028440726696797907f,0.24099101286175179f,-0.21970028198043717f,0.9539624190389917f,0.20417226529162197f,0.19018424957861058f,-0.07411429001522499f,0.19236953700852263f,-0.9785243306426364f,0.620887328720479f,0f,0f,0f,1f], start_interpolation: 0, interpolation_duration: 1 }
$data merge entity $(bone_leftlowerleg) { transformation: [-0.9727439700124764f,-0.22934487590149363f,0.034094567876396475f,-0.018676940031941577f,-0.21970028198043717f,0.958697650011791f,0.18063617222169714f,1.225985497481831f,-0.07411429001522499f,0.16823261986550292f,-0.9829616930693088f,0.9585481550664634f,0f,0f,0f,1f], start_interpolation: 0, interpolation_duration: 1 }
$data merge entity $(bone_leftleg) { transformation: [-0.9803583348925389f,0.07228516118620715f,0.18348064729802843f,0.03581996355156755f,-0.09530277859258743f,0.6408710075565028f,-0.7617136592244964f,1.7535830091848226f,-0.17264663102343963f,-0.7642323931568719f,-0.6214042696235007f,0.27526623569468195f,0f,0f,0f,1f], start_interpolation: 0, interpolation_duration: 1 }
$data merge entity $(bone_rightfoot) { transformation: [-0.5002342697350852f,0.0446200594508f,0.86474163961529f,-0.2672099616841961f,0.1744464018457456f,0.98338180934836f,0.05017349678530003f,0.15312159485985277f,-0.8481355751971684f,0.17594818771762732f,-0.4997080522461068f,-0.30405414603492653f,0f,0f,0f,1f], start_interpolation: 0, interpolation_duration: 1 }
$data merge entity $(bone_rightlowerleg) { transformation: [-0.5002342697350852f,-0.26938855074394374f,0.8229209328471422f,-0.6925010862186409f,0.1744464018457456f,0.8995270955424184f,0.4005098839254027f,1.0894978750428272f,-0.8481355751971684f,0.34390414059239993f,-0.40298367749093517f,0.13938118892766033f,0f,0f,0f,1f], start_interpolation: 0, interpolation_duration: 1 }
$data merge entity $(bone_rightleg) { transformation: [-0.6050326055967497f,0.4305559128789518f,0.6697429794750258f,-0.3082793758729237f,0.07274745203789196f,0.8675455049639993f,-0.4920025827808493f,1.8696183322352922f,-0.7928703263376695f,-0.248954506499109f,-0.5562174035221195f,-0.06483067522035277f,0f,0f,0f,1f], start_interpolation: 0, interpolation_duration: 1 }
$data merge entity $(bone_sack_top) { transformation: [-0.2971821187649299f,-0.014716082947581139f,-0.011237100034589158f,-0.3119354997106859f,-0.006250089837382844f,0.7883380900069902f,0.018982043939723914f,2.040682278442743f,0.010858167254276019f,0.05100558515285101f,-0.29662701280125026f,1.4640793841771382f,0f,0f,0f,1f], start_interpolation: 0, interpolation_duration: 1 }
$data merge entity $(bone_sack_main) { transformation: [-0.4604963185984497f,-0.008584381719422331f,-0.017412363903845592f,-0.3119354997106859f,-0.009684779733672284f,0.45986388583741095f,0.02941348352331758f,2.040682278442743f,0.016825191462059137f,0.029753258005829758f,-0.45963615832444377f,1.4640793841771382f,0f,0f,0f,1f], start_interpolation: 0, interpolation_duration: 1 }
data modify entity @s data merge value {"locators":{"lefthand":{"posx":-0.027063088265163737,"posy":2.108676243522096,"posz":1.3994895564433307,"roty":66.10932461185394,"rotx":-66.2452898316427},"righthand":{"posx":-0.9732632513056938,"posy":2.6847707050282534,"posz":1.1676115574740482,"roty":270.5697861930055,"rotx":-77.45129534260735},"chest":{"posx":-0.3946995716441898,"posy":2.267206683781874,"posz":0.07278172515649776,"roty":30.004174615235655,"rotx":10.252073250024392},"sack":{"posx":-0.2681151395376235,"posy":2.337346717166829,"posz":1.4814037795242367,"roty":357.83050548743574,"rotx":3.6589171004632712}},"cameras":{}}