# This file was generated by Animated Java via MC-Build. It is not recommended to edit this file directly.
$data merge entity $(bone_nose) { transformation: [-0.987284191298555f,0.09621791450042241f,0.1265386839711375f,0.18900461237227056f,0.10377443667722831f,0.9931048001347385f,0.054531846123759525f,3.5579002175404018f,-0.12041923394658316f,0.06696991024729584f,-0.9904616293512776f,0.5838692248430983f,0f,0f,0f,1f], start_interpolation: 0, interpolation_duration: 1 }
$data merge entity $(bone_glowing_eye) { transformation: [-0.987284191298555f,0.09621791450042241f,0.1265386839711375f,0.06769317657833482f,0.10377443667722831f,0.9931048001347385f,0.054531846123759525f,3.6362103632177862f,-0.12041923394658316f,0.06696991024729584f,-0.9904616293512776f,0.6079140052487693f,0f,0f,0f,1f], start_interpolation: 0, interpolation_duration: 1 }
$data merge entity $(bone_head) { transformation: [-0.987284191298555f,0.09621791450042241f,0.1265386839711375f,0.2008189262377566f,0.10377443667722831f,0.9931048001347385f,0.054531846123759525f,3.4454861011181697f,-0.12041923394658316f,0.06696991024729584f,-0.9904616293512776f,0.3901310972025583f,0f,0f,0f,1f], start_interpolation: 0, interpolation_duration: 1 }
$data merge entity $(bone_leftthumb2) { transformation: [-0.8870334417524233f,0.4605399928592817f,-0.03278091197668284f,0.39108070061877376f,-0.06363264861452839f,-0.19226539770268236f,-0.9792777455229591f,2.8518190826022103f,-0.45729920100865057f,-0.866566172789708f,0.1998512169926608f,1.623500374628069f,0f,0f,0f,1f], start_interpolation: 0, interpolation_duration: 1 }
$data merge entity $(bone_leftthumb) { transformation: [-0.8870334417524233f,0.4605399928592817f,-0.03278091197668284f,0.5012233050323188f,-0.06363264861452839f,-0.19226539770268236f,-0.9792777455229591f,2.7209808078680817f,-0.45729920100865057f,-0.866566172789708f,0.1998512169926608f,1.4280603053738392f,0f,0f,0f,1f], start_interpolation: 0, interpolation_duration: 1 }
$data merge entity $(bone_leftpointerfinger) { transformation: [-0.991052733970013f,0.12938272798383704f,-0.03278091197668284f,0.44559129731813135f,0.005963508534703121f,-0.20243402305301147f,-0.9792777455229591f,2.7451240681101f,-0.13333759806040868f,-0.9707113762648676f,0.1998512169926608f,1.7717874567273142f,0f,0f,0f,1f], start_interpolation: 0, interpolation_duration: 1 }
$data merge entity $(bone_leftmidfinger) { transformation: [-0.8870334417524233f,0.4605399928592817f,-0.03278091197668284f,0.44046927982177464f,-0.06363264861452839f,-0.19226539770268236f,-0.9792777455229591f,2.5921119203721372f,-0.45729920100865057f,-0.866566172789708f,0.1998512169926608f,1.8030142093824175f,0f,0f,0f,1f], start_interpolation: 0, interpolation_duration: 1 }
$data merge entity $(bone_leftringfinger) { transformation: [-0.6432710162793227f,0.7649364754180208f,-0.03278091197668284f,0.4353472623254179f,-0.132365683972347f,-0.1532789053653614f,-0.9792777455229591f,2.439099772634175f,-0.7541098894203019f,-0.6256019227472469f,0.1998512169926608f,1.8342409620375209f,0f,0f,0f,1f], start_interpolation: 0, interpolation_duration: 1 }
$data merge entity $(bone_invisibility) { transformation: [0.45593045441435304f,0.0727948758524356f,0.887033441752423f,0.3306684922078072f,-0.27688344908521867f,0.9587942645077581f,0.06363264861452814f,2.7427663481687374f,-0.8458504456227438f,-0.27461694120475416f,0.45729920100865046f,1.5850178308582974f,0f,0f,0f,1f], start_interpolation: 0, interpolation_duration: 1 }
$data merge entity $(bone_swiftness) { transformation: [-0.032780911976683036f,0.4605399928592817f,0.8870334417524233f,0.2159577109406812f,-0.9792777455229591f,-0.19226539770268236f,0.06363264861452816f,2.5818735630188403f,0.1998512169926607f,-0.866566172789708f,0.4572992010086506f,1.71602004569578f,0f,0f,0f,1f], start_interpolation: 0, interpolation_duration: 1 }
$data merge entity $(bone_suspicious_stew) { transformation: [0.40353716973230963f,0.2243422070348945f,0.8870334417524235f,0.3029342590469003f,-0.5881122856899035f,0.806272178269161f,0.06363264861452837f,2.5681642114004957f,-0.700914896449658f,-0.5473534038368767f,0.45729920100865057f,1.6631102233939388f,0f,0f,0f,1f], start_interpolation: 0, interpolation_duration: 1 }
$data merge entity $(bone_log) { transformation: [-0.8870334417524233f,0.4605399928592817f,-0.03278091197668284f,0.27580576774111387f,-0.06363264861452839f,-0.19226539770268236f,-0.9792777455229591f,2.4922618315586598f,-0.45729920100865057f,-0.866566172789708f,0.1998512169926608f,1.5212856774971952f,0f,0f,0f,1f], start_interpolation: 0, interpolation_duration: 1 }
$data merge entity $(bone_planks) { transformation: [-0.8870334417524233f,0.4605399928592817f,-0.03278091197668284f,0.19264638257682415f,-0.06363264861452839f,-0.19226539770268236f,-0.9792777455229591f,2.4862962707510476f,-0.45729920100865057f,-0.866566172789708f,0.1998512169926608f,1.4784138774026343f,0f,0f,0f,1f], start_interpolation: 0, interpolation_duration: 1 }
$data merge entity $(bone_lefthand1) { transformation: [-0.8870334417524233f,0.4605399928592817f,-0.03278091197668284f,0.6137235298933115f,-0.06363264861452839f,-0.19226539770268236f,-0.9792777455229591f,2.4907060738342137f,-0.45729920100865057f,-0.866566172789708f,0.1998512169926608f,1.4127235840209103f,0f,0f,0f,1f], start_interpolation: 0, interpolation_duration: 1 }
$data merge entity $(bone_leftforearm) { transformation: [-0.7897077839904647f,0.6109109403389623f,-0.05611986171610082f,0.9866338086720781f,-0.05912402917434543f,-0.16684006107540464f,-0.9842097048874018f,2.3731193474614853f,-0.6106275174597526f,-0.7739200326871764f,0.16787441117221916f,0.8085155139753493f,0f,0f,0f,1f], start_interpolation: 0, interpolation_duration: 1 }
$data merge entity $(bone_leftelbow) { transformation: [-0.7897077839904647f,0.6109109403389623f,-0.05611986171610082f,1.1011796099856335f,-0.05912402917434543f,-0.16684006107540464f,-0.9842097048874018f,2.341836836009847f,-0.6106275174597526f,-0.7739200326871764f,0.16787441117221916f,0.6634055078465037f,0f,0f,0f,1f], start_interpolation: 0, interpolation_duration: 1 }
$data merge entity $(bone_leftarm) { transformation: [-0.8929103627058231f,0.02986663573528639f,0.4492427720536092f,0.8560953758954453f,-0.0831965008054665f,0.9696691426123344f,-0.22982623026797128f,2.841000756375385f,-0.442480989903839f,-0.24258964927489438f,-0.8633428262506168f,0.511972868531616f,0f,0f,0f,1f], start_interpolation: 0, interpolation_duration: 1 }
$data merge entity $(bone_rightthumb2) { transformation: [-0.42669486420744823f,-0.895192647041584f,-0.12869194823946714f,-0.2926911942173394f,0.5338021095877628f,-0.13441933834080425f,-0.8348573227083026f,2.99713464176546f,0.730059450085157f,-0.42492536540279924f,0.5352117647984354f,1.3304572344398427f,0f,0f,0f,1f], start_interpolation: 0, interpolation_duration: 1 }
$data merge entity $(bone_rightthumb) { transformation: [-0.42669486420744823f,-0.895192647041584f,-0.12869194823946714f,-0.5232281691261094f,0.5338021095877628f,-0.13441933834080425f,-0.8348573227083026f,2.8928244875270703f,0.730059450085157f,-0.42492536540279924f,0.5352117647984354f,1.271985334905309f,0f,0f,0f,1f], start_interpolation: 0, interpolation_duration: 1 }
$data merge entity $(bone_rightpointerfinger) { transformation: [-0.8983687237955794f,-0.4390230698961795f,-0.013870119135635794f,-0.44838064405147987f,0.1558087908312003f,-0.2889881580572449f,-0.9445684015477124f,2.958286995608037f,0.41067901919336214f,-0.8507317959272563f,0.3280215764134473f,1.6065577185548745f,0f,0f,0f,1f], start_interpolation: 0, interpolation_duration: 1 }
$data merge entity $(bone_rightmidfinger) { transformation: [-0.947987064436381f,-0.31800651794649815f,-0.013870119135635794f,-0.45054785016642296f,0.11675530115856184f,-0.306852952485345f,-0.9445684015477124f,2.810698182866207f,0.2961228213303846f,-0.8970580360793665f,0.3280215764134473f,1.6578110898694758f,0f,0f,0f,1f], start_interpolation: 0, interpolation_duration: 1 }
$data merge entity $(bone_rightringfinger) { transformation: [-0.9720957817213043f,-0.23417389042079417f,-0.013870119135635794f,-0.45271505628136605f,0.08956701500009223f,-0.3158611793519f,-0.9445684015477124f,2.663109370124377f,0.2168122251710457f,-0.9194532638604405f,0.3280215764134473f,1.7090644611840768f,0f,0f,0f,1f], start_interpolation: 0, interpolation_duration: 1 }
$data merge entity $(bone_hugeasssword) { transformation: [-3.3553565465260777f,-2.019630921153971f,-0.0543246332812402f,-0.3275152014328208f,0.7065779032029638f,-1.0743762899076408f,-3.6995595727285404f,2.721818568967851f,1.8927778237732198f,-3.179164089470821f,1.284751174286002f,1.3594423105813718f,0f,0f,0f,1f], start_interpolation: 0, interpolation_duration: 1 }
$data merge entity $(bone_ice) { transformation: [-0.8566867778364453f,-0.5156504479542053f,-0.013870119135635794f,-0.30607243227984193f,0.18040286890288434f,-0.2743088399764189f,-0.9445684015477124f,2.7232858497658747f,0.4832624230910348f,-0.8117014696521244f,0.3280215764134473f,1.3645741706838888f,0f,0f,0f,1f], start_interpolation: 0, interpolation_duration: 1 }
$data merge entity $(bone_righthand1) { transformation: [-0.8566867778364453f,-0.5156504479542053f,-0.013870119135635794f,-0.6495901799504932f,0.18040286890288434f,-0.2743088399764189f,-0.9445684015477124f,2.6702915944491252f,0.4832624230910348f,-0.8117014696521244f,0.3280215764134473f,1.2927150833065366f,0f,0f,0f,1f], start_interpolation: 0, interpolation_duration: 1 }
$data merge entity $(bone_rightforearm) { transformation: [-0.8384848675313431f,-0.4017586770682131f,-0.3681481934239873f,-0.8739191300211218f,0.3710963044733455f,0.07373172804620781f,-0.925662554652367f,2.7134041741184745f,0.39903716584695775f,-0.9127724785945943f,0.08726822212643259f,0.624618545458552f,0f,0f,0f,1f], start_interpolation: 0, interpolation_duration: 1 }
$data merge entity $(bone_rightelbow) { transformation: [-0.8384848675313431f,-0.4017586770682131f,-0.3681481934239873f,-0.9492488819714118f,0.3710963044733455f,0.07373172804620781f,-0.925662554652367f,2.7272288731271384f,0.39903716584695775f,-0.9127724785945943f,0.08726822212643259f,0.4534737057220656f,0f,0f,0f,1f], start_interpolation: 0, interpolation_duration: 1 }
$data merge entity $(bone_rightarm) { transformation: [-0.9115635817431372f,0.02206959749388515f,-0.4105664006054086f,-0.6799808871434783f,0.3206391460910022f,0.6632313677989161f,-0.6762504645185925f,3.05752040642132f,0.2573759398888248f,-0.748088955695803f,-0.6116539380501913f,0.0669034908629462f,0f,0f,0f,1f], start_interpolation: 0, interpolation_duration: 1 }
$data merge entity $(bone_chest1) { transformation: [-1.008364219650314f,0.07117855739836501f,0.3895463061136789f,0.18488131159799095f,0.1799245021753806f,1.031687809731534f,0.2772337423175661f,2.841458702019949f,-0.3527603792336461f,0.32274601055497004f,-0.9721143135582854f,0.12047176729034717f,0f,0f,0f,1f], start_interpolation: 0, interpolation_duration: 1 }
$data merge entity $(bone_chest1lid) { transformation: [-0.9307977412156745f,0.016677014775635636f,0.3651539978227974f,-0.31853401331243797f,0.1660841558541975f,0.9091857697254065f,0.3818341122830943f,2.1471550746214083f,-0.3256249654464426f,0.41605662271738114f,-0.8490378487270223f,0.15682690498919571f,0f,0f,0f,1f], start_interpolation: 0, interpolation_duration: 1 }
$data merge entity $(bone_chest2) { transformation: [-0.9307977412156745f,0.06570328375233694f,0.35958120564339596f,-0.32880015139874064f,0.1660841558541975f,0.9523272089829545f,0.25590806983159947f,1.9983539482178219f,-0.3256249654464426f,0.2979193943584339f,-0.8973362894384174f,0.1102769996206904f,0f,0f,0f,1f], start_interpolation: 0, interpolation_duration: 1 }
$data merge entity $(bone_chest1lid3) { transformation: [-0.9307977412156745f,0.06570328375233694f,0.35958120564339596f,-0.030002444621157857f,0.1660841558541975f,0.9523272089829545f,0.25590806983159947f,2.3007159221163893f,-0.3256249654464426f,0.2979193943584339f,-0.8973362894384174f,-0.39767759509188777f,0f,0f,0f,1f], start_interpolation: 0, interpolation_duration: 1 }
$data merge entity $(bone_chest3) { transformation: [-0.9307977412156745f,0.06570328375233694f,0.35958120564339596f,-0.040268582707460504f,0.1660841558541975f,0.9523272089829545f,0.25590806983159947f,2.151914795712803f,-0.3256249654464426f,0.2979193943584339f,-0.8973362894384174f,-0.44422750046039305f,0f,0f,0f,1f], start_interpolation: 0, interpolation_duration: 1 }
$data merge entity $(bone_hugeasssword2) { transformation: [-1.4083597221033017f,2.8616912515492703f,-2.273218830588305f,-0.7904101559607984f,-1.002306606840431f,2.0403203398211605f,3.1894752161717554f,4.218866738318363f,3.5145671336338014f,1.7286103868414697f,-0.001330963053688656f,-0.17277088645714117f,0f,0f,0f,1f], start_interpolation: 0, interpolation_duration: 1 }
$data merge entity $(bone_belt) { transformation: [-0.9307977412156745f,0.06570328375233694f,0.35958120564339596f,0.14145193196314945f,0.1660841558541975f,0.9523272089829545f,0.25590806983159947f,2.423299730847823f,-0.3256249654464426f,0.2979193943584339f,-0.8973362894384174f,0.12969445917580735f,0f,0f,0f,1f], start_interpolation: 0, interpolation_duration: 1 }
$data merge entity $(bone_torn_part) { transformation: [-0.9307977412156745f,-0.1383489708620027f,0.3383417314036551f,0.004134848997900634f,0.1660841558541975f,0.6644812861409629f,0.7286155869473632f,2.179844333822163f,-0.3256249654464426f,0.7343869433955623f,-0.595520108181182f,0.018906644122020255f,0f,0f,0f,1f], start_interpolation: 0, interpolation_duration: 1 }
$data merge entity $(bone_lowerbody) { transformation: [-0.9307977412156745f,0.11150041244609395f,0.34811380750000315f,-0.0083639990308884f,0.1660841558541975f,0.9773672683190866f,0.13103158395091324f,1.6679687500000002f,-0.3256249654464426f,0.1797800902292507f,-0.9282496975680442f,0.09345782369215432f,0f,0f,0f,1f], start_interpolation: 0, interpolation_duration: 1 }
$data merge entity $(bone_leftfoot) { transformation: [-0.9626584121915592f,-0.2666870092508782f,0.04654911957972981f,0.24472884652687094f,-0.25806550537385997f,0.9559500083893807f,0.13986342050899886f,0.17102108553633377f,-0.08179838857190389f,0.122627976241822f,-0.9890760350296003f,0.5661925955166234f,0f,0f,0f,1f], start_interpolation: 0, interpolation_duration: 1 }
$data merge entity $(bone_leftlowerleg) { transformation: [-0.9626584121915592f,-0.270674711487192f,-0.00489714183492182f,-0.05479848711129248f,-0.25806550537385997f,0.9120475089839015f,0.31870289658613743f,1.133856485080062f,-0.08179838857190389f,0.3080658077709784f,-0.9478420130535756f,1.0535848795094274f,0f,0f,0f,1f], start_interpolation: 0, interpolation_duration: 1 }
$data merge entity $(bone_leftleg) { transformation: [-0.9657188520114333f,0.11197772762404012f,0.2341966852580875f,0.035770187162080025f,-0.15854450501260453f,0.4599433459895844f,-0.8736794368704196f,1.5005645212791656f,-0.205549845049875f,-0.8808593003403333f,-0.42642250668076925f,0.27528986210383183f,0f,0f,0f,1f], start_interpolation: 0, interpolation_duration: 1 }
$data merge entity $(bone_rightfoot) { transformation: [-0.5107230437604707f,-0.05455760090300371f,0.8580124945219322f,-0.2855244371806578f,0.16940449655609358f,0.9720334573738849f,0.16264401093292274f,0.16755105722014296f,-0.8428903185578872f,0.22841721898639963f,-0.48719758307272276f,-0.23652570230067893f,0f,0f,0f,1f], start_interpolation: 0, interpolation_duration: 1 }
$data merge entity $(bone_rightlowerleg) { transformation: [-0.5107230437604707f,-0.403802333186239f,0.7590162371684743f,-0.8501121747040401f,0.16940449655609358f,0.8182657862673315f,0.5493115869621562f,0.9909153417619215f,-0.8428903185578872f,0.409126849201633f,-0.3495012620059156f,0.2710487358715703f,0f,0f,0f,1f], start_interpolation: 0, interpolation_duration: 1 }
$data merge entity $(bone_rightleg) { transformation: [-0.6039376873233032f,0.6050436027784902f,0.5188270507282793f,-0.3081300879326815f,0.07518351193685956f,0.6912930999960187f,-0.7186524121094529f,1.6165754617824002f,-0.7934776048278993f,-0.39501403599710116f,-0.4629872590059698f,-0.06485750941078428f,0f,0f,0f,1f], start_interpolation: 0, interpolation_duration: 1 }
$data merge entity $(bone_sack_top) { transformation: [-0.5620403255323709f,-0.47419057675488263f,-0.5408715761872045f,0.01935706743383786f,0.2200084339329801f,-1.0099544340723545f,0.29686505197537494f,2.8675341744457343f,-0.614478781268429f,0.07211922378880367f,0.6010044011018032f,1.4915894178416027f,0f,0f,0f,1f], start_interpolation: 0, interpolation_duration: 1 }
$data merge entity $(bone_sack_main) { transformation: [-0.609435456829668f,-0.6324437785705456f,-0.5851710385522297f,0.01935706743383786f,0.23856106821752085f,-1.3470098938701016f,0.3211794415208196f,2.8675341744457343f,-0.6662958861888533f,0.09618781274125376f,0.6502289731074299f,1.4915894178416027f,0f,0f,0f,1f], start_interpolation: 0, interpolation_duration: 1 }
data modify entity @s data merge value {"locators":{"lefthand":{"posx":0.32349766771290783,"posy":2.52854934133559,"posz":1.628735284575442,"roty":189.31508203333135,"rotx":-78.31553154204913},"righthand":{"posx":-0.37811305884122987,"posy":2.759243575624335,"posz":1.4174375211805277,"roty":182.4212619676036,"rotx":-70.83348416245146},"chest":{"posx":-0.4079124613417295,"posy":2.05283911801923,"posz":0.26823995789634497,"roty":21.836996987950386,"rotx":14.827399207814333},"sack":{"posx":-0.11286617532347981,"posy":2.4709520197329327,"posz":1.5684866721177153,"roty":221.9855067303414,"rotx":20.161147637440326}},"cameras":{}}