# This file was generated by Animated Java via MC-Build. It is not recommended to edit this file directly.
$data merge entity $(bone_nose) { transformation: [-0.9789321776374493f,0.01065596179390206f,0.2039074350391573f,0.059750238194624196f,0.12645155839620792f,0.8157256780722293f,0.564448068038834f,3.8230805008482354f,-0.16031779366362203f,0.5783407893377819f,-0.7998875773650818f,0.34117768486650274f,0f,0f,0f,1f], start_interpolation: 0, interpolation_duration: 1 }
$data merge entity $(bone_glowing_eye) { transformation: [-0.9789321776374493f,0.01065596179390206f,0.2039074350391573f,-0.06901026620475853f,0.12645155839620792f,0.8157256780722293f,0.564448068038834f,3.874421433710128f,-0.16031779366362203f,0.5783407893377819f,-0.7998875773650818f,0.38820890805752173f,0f,0f,0f,1f], start_interpolation: 0, interpolation_duration: 1 }
$data merge entity $(bone_head) { transformation: [-0.9789321776374493f,0.01065596179390206f,0.2039074350391573f,0.09661716008045118f,0.12645155839620792f,0.8157256780722293f,0.564448068038834f,3.8280529662432325f,-0.16031779366362203f,0.5783407893377819f,-0.7998875773650818f,0.11998302321454189f,0f,0f,0f,1f], start_interpolation: 0, interpolation_duration: 1 }
$data merge entity $(bone_leftthumb2) { transformation: [-0.42882866799805835f,0.8664096788641318f,0.25581290404036083f,-0.5530004363823908f,-0.5697543454724341f,-0.03963569576204058f,-0.8208586951703303f,3.0943388033492836f,-0.7010605960388085f,-0.4977582545694352f,0.5106376021110277f,0.9568538962083845f,0f,0f,0f,1f], start_interpolation: 0, interpolation_duration: 1 }
$data merge entity $(bone_leftthumb) { transformation: [-0.42882866799805835f,0.8664096788641318f,0.25581290404036083f,-0.3186588294665248f,-0.5697543454724341f,-0.03963569576204058f,-0.8208586951703303f,3.014469914288843f,-0.7010605960388085f,-0.4977582545694352f,0.5106376021110277f,0.8784202303445429f,0f,0f,0f,1f], start_interpolation: 0, interpolation_duration: 1 }
$data merge entity $(bone_leftpointerfinger) { transformation: [-0.6992966974430825f,0.6674907393152618f,0.25581290404036083f,-0.5440551399046385f,-0.5218377477558057f,-0.23211283372620928f,-0.8208586951703303f,3.0513145071607006f,-0.48853811925206614f,-0.7075166042913439f,0.5106376021110277f,1.142361797915838f,0f,0f,0f,1f], start_interpolation: 0, interpolation_duration: 1 }
$data merge entity $(bone_leftmidfinger) { transformation: [-0.42882866799805835f,0.8664096788641318f,0.25581290404036083f,-0.5040843736483321f,-0.5697543454724341f,-0.03963569576204058f,-0.8208586951703303f,2.9230553360403366f,-0.7010605960388085f,-0.4977582545694352f,0.5106376021110277f,1.222148923245686f,0f,0f,0f,1f], start_interpolation: 0, interpolation_duration: 1 }
$data merge entity $(bone_leftringfinger) { transformation: [-0.06462539957542285f,0.9645637956382946f,0.25581290404036083f,-0.4641136073920258f,-0.5415523024397427f,0.18141694045892257f,-0.8208586951703303f,2.7947961649199726f,-0.8381793730771061f,-0.19158438834719693f,0.5106376021110277f,1.301936048575534f,0f,0f,0f,1f], start_interpolation: 0, interpolation_duration: 1 }
$data merge entity $(bone_invisibility) { transformation: [0.8854082921158927f,-0.17932687962329635f,0.42882866799805835f,-0.5376911097797713f,-0.111027419241766f,0.8142806015077304f,0.5697543454724338f,2.965802247384719f,-0.45135913464660304f,-0.5520769622550651f,0.7010605960388085f,0.9405132019990597f,0f,0f,0f,1f], start_interpolation: 0, interpolation_duration: 1 }
$data merge entity $(bone_swiftness) { transformation: [0.2558129040403607f,0.8664096788641318f,0.4288286679980584f,-0.6293874185726642f,-0.8208586951703304f,-0.03963569576204058f,0.5697543454724339f,2.7875839973042944f,0.5106376021110276f,-0.4977582545694352f,0.7010605960388087f,1.067149193078061f,0f,0f,0f,1f], start_interpolation: 0, interpolation_duration: 1 }
$data merge entity $(bone_suspicious_stew) { transformation: [0.8933450435548637f,0.13431532548063865f,0.4288286679980586f,-0.5303391439689598f,-0.38283201460137667f,0.7271998586437775f,0.5697543454724342f,2.8137491652791278f,-0.23531740639444879f,-0.6731565634601662f,0.7010605960388087f,1.0595901705778197f,0f,0f,0f,1f], start_interpolation: 0, interpolation_duration: 1 }
$data merge entity $(bone_log) { transformation: [-0.42882866799805835f,0.8664096788641318f,0.25581290404036083f,-0.4502493918588694f,-0.5697543454724341f,-0.03963569576204058f,-0.8208586951703303f,2.7169024820847225f,-0.7010605960388085f,-0.4977582545694352f,0.5106376021110277f,0.9555820954769564f,0f,0f,0f,1f], start_interpolation: 0, interpolation_duration: 1 }
$data merge entity $(bone_planks) { transformation: [-0.42882866799805835f,0.8664096788641318f,0.25581290404036083f,-0.4904520794836874f,-0.5697543454724341f,-0.03963569576204058f,-0.8208586951703303f,2.663488012196682f,-0.7010605960388085f,-0.4977582545694352f,0.5106376021110277f,0.889857664598318f,0f,0f,0f,1f], start_interpolation: 0, interpolation_duration: 1 }
$data merge entity $(bone_lefthand1) { transformation: [-0.42882866799805835f,0.8664096788641318f,0.25581290404036083f,-0.13443395839458316f,-0.5697543454724341f,-0.03963569576204058f,-0.8208586951703303f,2.8750839787363938f,-0.7010605960388085f,-0.4977582545694352f,0.5106376021110277f,0.9904502557783301f,0f,0f,0f,1f], start_interpolation: 0, interpolation_duration: 1 }
$data merge entity $(bone_leftforearm) { transformation: [-0.2783343993182019f,0.9257829787537637f,0.2558433864808388f,0.5031850351569623f,-0.5359647590078934f,0.07133787146300202f,-0.8412209490952653f,2.8880379013752133f,-0.7970393586629123f,-0.37126376653928433f,0.47633126749907717f,0.6569381554031333f,0f,0f,0f,1f], start_interpolation: 0, interpolation_duration: 1 }
$data merge entity $(bone_leftelbow) { transformation: [-0.2783343993182019f,0.9257829787537637f,0.2558433864808388f,0.676769343673293f,-0.5359647590078934f,0.07133787146300202f,-0.8412209490952653f,2.901413752274526f,-0.7970393586629123f,-0.37126376653928433f,0.47633126749907717f,0.5873261991770174f,0f,0f,0f,1f], start_interpolation: 0, interpolation_duration: 1 }
$data merge entity $(bone_leftarm) { transformation: [-0.7155516126182849f,0.6525910911564412f,0.24922029897786666f,0.8135673822307294f,0.17727924145342233f,0.5147251744227739f,-0.8388266002965955f,3.2879273351942793f,-0.6756907282396816f,-0.5560421409917511f,-0.4840032822329187f,0.18228756853851397f,0f,0f,0f,1f], start_interpolation: 0, interpolation_duration: 1 }
$data merge entity $(bone_rightthumb2) { transformation: [-0.13307600047083618f,-0.9441816809697083f,-0.3013498488798381f,-0.4099188296552212f,0.45642626601130365f,0.21151018844331287f,-0.8642560406960735f,2.9609917358758517f,0.8797532846165819f,-0.2525557235658887f,0.4028023891444113f,1.0405536521647678f,0f,0f,0f,1f], start_interpolation: 0, interpolation_duration: 1 }
$data merge entity $(bone_rightthumb) { transformation: [-0.13307600047083618f,-0.9441816809697083f,-0.3013498488798381f,-0.6672249102610837f,0.45642626601130365f,0.21151018844331287f,-0.8642560406960735f,2.939005862667376f,0.8797532846165819f,-0.2525557235658887f,0.4028023891444113f,1.0130387402984689f,0f,0f,0f,1f], start_interpolation: 0, interpolation_duration: 1 }
$data merge entity $(bone_rightpointerfinger) { transformation: [-0.7386379113559258f,-0.6233381589483449f,-0.2566389984134191f,-0.5289158147854143f,0.30106606583929474f,0.03558664033176708f,-0.9529390405634282f,2.906559092490035f,0.6031361868664529f,-0.7811421961645556f,0.16138032551525647f,1.3318552597712854f,0f,0f,0f,1f], start_interpolation: 0, interpolation_duration: 1 }
$data merge entity $(bone_rightmidfinger) { transformation: [-0.8136807179827015f,-0.521593820588887f,-0.2566389984134191f,-0.569015658287511f,0.30313539256680816f,-0.004014815490186029f,-0.9529390405634282f,2.7576623674019993f,0.49601675672957096f,-0.8531844862514011f,0.16138032551525647f,1.3570709356330444f,0f,0f,0f,1f], start_interpolation: 0, interpolation_duration: 1 }
$data merge entity $(bone_rightringfinger) { transformation: [-0.8560443140398653f,-0.4486920512928363f,-0.2566389984134191f,-0.6091155017896077f,0.3016319566529722f,-0.03041952819740302f,-0.9529390405634282f,2.608765642313964f,0.41976933561864177f,-0.8931685705458258f,0.16138032551525647f,1.3822866114948031f,0f,0f,0f,1f], start_interpolation: 0, interpolation_duration: 1 }
$data merge entity $(bone_hugeasssword) { transformation: [-2.6692070442652467f,-2.684258927322961f,-1.0051694104525581f,-0.5231925607831364f,1.162540450769878f,0.2416225311058281f,-3.7323445755400937f,2.7062404916712595f,2.6199448912040744f,-2.8419448167279344f,0.6320729416014212f,1.0294788397173509f,0f,0f,0f,1f], start_interpolation: 0, interpolation_duration: 1 }
$data merge entity $(bone_ice) { transformation: [-0.6814996708762332f,-0.6853427048484155f,-0.2566389984134191f,-0.5018356486624387f,0.2968188384944369f,0.06169085900574334f,-0.9529390405634282f,2.700638777647819f,0.6689220998818913f,-0.7256029319305364f,0.16138032551525647f,1.030364477718111f,0f,0f,0f,1f], start_interpolation: 0, interpolation_duration: 1 }
$data merge entity $(bone_righthand1) { transformation: [-0.6814996708762332f,-0.6853427048484155f,-0.2566389984134191f,-0.8515662112940202f,0.2968188384944369f,0.06169085900574334f,-0.9529390405634282f,2.760486857005257f,0.6689220998818913f,-0.7256029319305364f,0.16138032551525647f,1.0212374048783015f,0f,0f,0f,1f], start_interpolation: 0, interpolation_duration: 1 }
$data merge entity $(bone_rightforearm) { transformation: [-0.6177687427600138f,-0.4856142631373188f,-0.6184986401814561f,-1.1447391523871113f,0.4889459826268343f,0.3787930529488389f,-0.7857783714959186f,3.008544385500356f,0.6158681730222719f,-0.7878417420239276f,0.0034326349808511125f,0.42874078428225953f,0f,0f,0f,1f], start_interpolation: 0, interpolation_duration: 1 }
$data merge entity $(bone_rightelbow) { transformation: [-0.6177687427600138f,-0.4856142631373188f,-0.6184986401814561f,-1.2357918267253587f,0.4889459826268343f,0.3787930529488389f,-0.7857783714959186f,3.0795680829282635f,0.6158681730222719f,-0.7878417420239276f,0.0034326349808511125f,0.2810204576527731f,0f,0f,0f,1f], start_interpolation: 0, interpolation_duration: 1 }
$data merge entity $(bone_rightarm) { transformation: [-0.8819291180973403f,0.40856780061403664f,-0.23510291991690802f,-0.7919753376982952f,0.45438325536381036f,0.6041107847235814f,-0.6546648127291135f,3.345385707147498f,-0.12544675323432547f,-0.6841947910369295f,-0.7184292588841984f,0.029222531245832503f,0f,0f,0f,1f], start_interpolation: 0, interpolation_duration: 1 }
$data merge entity $(bone_chest1) { transformation: [-1.068761487129244f,0.040251221723303185f,0.1724524105084623f,0.08292933715312709f,0.06670781009056136f,1.0687742275751868f,0.16395984159267596f,3.1927651279089693f,-0.16404286882799668f,0.1723734339506969f,-1.056876741898428f,-0.06451973177453167f,0f,0f,0f,1f], start_interpolation: 0, interpolation_duration: 1 }
$data merge entity $(bone_chest1lid) { transformation: [-0.986549065042379f,0.13277863732941914f,0.09534555958695771f,-0.3415914657681806f,0.061576440083595106f,0.842174054533477f,-0.5356782652836266f,2.480299372722323f,-0.15142418661045848f,-0.5226018516419422f,-0.8390220619088476f,0.15679644021458564f,0f,0f,0f,1f], start_interpolation: 0, interpolation_duration: 1 }
$data merge entity $(bone_chest2) { transformation: [-0.986549065042379f,0.03715497389843371f,0.15918684046934983f,-0.3473969304398109f,0.061576440083595106f,0.9865608254540187f,0.15134754608554704f,2.3261492437451325f,-0.15142418661045848f,0.15911393903141255f,-0.9755785309831643f,0.13193488724092742f,0f,0f,0f,1f], start_interpolation: 0, interpolation_duration: 1 }
$data merge entity $(bone_chest1lid3) { transformation: [-0.986549065042379f,0.03715497389843371f,0.15918684046934983f,-0.17795307952735476f,0.061576440083595106f,0.9865608254540187f,0.15134754608554704f,2.5734078669281515f,-0.15142418661045848f,0.15911393903141255f,-0.9755785309831643f,-0.4587195445333503f,0f,0f,0f,1f], start_interpolation: 0, interpolation_duration: 1 }
$data merge entity $(bone_chest3) { transformation: [-0.986549065042379f,0.03715497389843371f,0.15918684046934983f,-0.18375854419898502f,0.061576440083595106f,0.9865608254540187f,0.15134754608554704f,2.419257737950961f,-0.15142418661045848f,0.15911393903141255f,-0.9755785309831643f,-0.4835810975070085f,0f,0f,0f,1f], start_interpolation: 0, interpolation_duration: 1 }
$data merge entity $(bone_hugeasssword2) { transformation: [-0.6234817918382878f,2.9471420650280944f,-2.50317835592389f,-1.0472658796383016f,-0.5927778888350591f,2.4326883499605993f,3.0117967302346296f,4.453434238721262f,3.8210159130173937f,0.8582883072055046f,0.05879074723066915f,-0.3249228118538886f,0f,0f,0f,1f], start_interpolation: 0, interpolation_duration: 1 }
$data merge entity $(bone_belt) { transformation: [-0.986549065042379f,0.03715497389843371f,0.15918684046934983f,0.07888937438260102f,0.061576440083595106f,0.9865608254540187f,0.15134754608554704f,2.778004365749079f,-0.15142418661045848f,0.15911393903141255f,-0.9755785309831643f,0.004656008960009145f,0f,0f,0f,1f], start_interpolation: 0, interpolation_duration: 1 }
$data merge entity $(bone_torn_part) { transformation: [-0.986549065042379f,-0.05419483988280996f,0.15422017246159506f,-0.05506213035021907f,0.061576440083595106f,0.7507379837260015f,0.6577239708400854f,2.513677302247275f,-0.15142418661045848f,0.6583732976975104f,-0.7373027306258038f,-0.04541665778320632f,0f,0f,0f,1f], start_interpolation: 0, interpolation_duration: 1 }
$data merge entity $(bone_lowerbody) { transformation: [-0.986549065042379f,0.0576151600840852f,0.15297527771667147f,-0.0083639990308884f,0.061576440083595106f,0.9978754797214867f,0.021280718908067566f,2.0174274903411575f,-0.15142418661045848f,0.030414146364775685f,-0.9880008580007728f,0.09345782369215432f,0f,0f,0f,1f], start_interpolation: 0, interpolation_duration: 1 }
$data merge entity $(bone_leftfoot) { transformation: [-0.9416938755169095f,-0.25787267689424015f,0.21613497478506705f,0.2798634554626648f,-0.2454709341345277f,0.9658560379854734f,0.08286214082514434f,0.16195331207520547f,-0.2301231524837625f,0.02497591636762489f,-0.9728409624869485f,0.5636083439849647f,0f,0f,0f,1f], start_interpolation: 0, interpolation_duration: 1 }
$data merge entity $(bone_leftlowerleg) { transformation: [-0.9416938755169095f,-0.2757287977659067f,0.19283743126403252f,-0.05565180720884477f,-0.2454709341345277f,0.9549587527317517f,0.16672672574047465f,1.1957438464063939f,-0.2301231524837625f,0.10966955212630741f,-0.966962214374145f,0.8338425171539865f,0f,0f,0f,1f], start_interpolation: 0, interpolation_duration: 1 }
$data merge entity $(bone_leftleg) { transformation: [-0.9471504264621643f,0.11011701923288275f,0.30129771278223294f,0.035770187162080025f,-0.10457885063452747f,0.7819323836409716f,-0.6145282836562606f,1.850023261620323f,-0.30326446157191117f,-0.6135600944396671f,-0.7290916793234479f,0.27528986210383183f,0f,0f,0f,1f], start_interpolation: 0, interpolation_duration: 1 }
$data merge entity $(bone_rightfoot) { transformation: [-0.5946050838227955f,0.038006360146770446f,0.8031191137561602f,-0.2776331900488039f,0.17215297969629284f,0.9817345405800574f,0.08099779882041114f,0.2003046367071386f,-0.7853713426614024f,0.18642105144124138f,-0.5902872569400156f,-0.3379055961833665f,0f,0f,0f,1f], start_interpolation: 0, interpolation_duration: 1 }
$data merge entity $(bone_rightlowerleg) { transformation: [-0.5946050838227955f,-0.20525526529099253f,0.7773770451733255f,-0.6247788319473075f,0.17215297969629284f,0.9119403646338458f,0.3724622436344072f,1.1547612845107005f,-0.7853713426614024f,0.35529571827115075f,-0.5069090714363012f,0.13413495237269152f,0f,0f,0f,1f], start_interpolation: 0, interpolation_duration: 1 }
$data merge entity $(bone_rightleg) { transformation: [-0.6210695494640052f,0.3550836874471469f,0.6987046512207532f,-0.3081300879326815f,0.033393313594557064f,0.9026620659584219f,-0.4290525390751689f,1.9660342021235575f,-0.7830437416490558f,-0.2431394036116124f,-0.5724733435502795f,-0.06485750941078428f,0f,0f,0f,1f], start_interpolation: 0, interpolation_duration: 1 }
$data merge entity $(bone_sack_top) { transformation: [0.009414704737195507f,0.15895478918539607f,-0.2265497708607968f,-0.5057839081109532f,0.11529857695747636f,0.6521760592489172f,0.04597439114579334f,2.676632044436688f,0.2007611343838943f,-0.3820036392961876f,-0.01577936229731128f,1.1509972705278593f,0f,0f,0f,1f], start_interpolation: 0, interpolation_duration: 1 }
$data merge entity $(bone_sack_main) { transformation: [0.010305808477753113f,0.06799732648486392f,-0.2773603161773132f,-0.5057839081109532f,0.1262116109904886f,0.2789864253453703f,0.0562855200241709f,2.676632044436688f,0.21976321706220545f,-0.16341266792114703f,-0.019318355075926382f,1.1509972705278593f,0f,0f,0f,1f], start_interpolation: 0, interpolation_duration: 1 }
data modify entity @s data merge value {"locators":{"lefthand":{"posx":-0.48173203702094236,"posy":2.786239407816209,"posz":1.052215177460847,"roty":153.390613573313,"rotx":-55.17084503581329},"righthand":{"posx":-0.5510077786936194,"posy":2.7423912965935116,"posz":1.1018919028072771,"roty":237.8374028824331,"rotx":-72.35238177155126},"chest":{"posx":-0.399616253742743,"posy":2.3969155308081924,"posz":0.29455395865966494,"roty":9.267379604718371,"rotx":8.705026897929876},"sack":{"posx":-0.44813725898667867,"posy":2.897177529788891,"posz":0.965920669461811,"roty":273.9842596922002,"rotx":11.44442594398821}},"cameras":{}}