# This file was generated by Animated Java via MC-Build. It is not recommended to edit this file directly.
$data merge entity $(bone_nose) { transformation: [-1f,5.017422026550756e-17f,1.1171457132964752e-16f,7.716993398267256e-17f,0f,0.9122187018120456f,-0.4097036002579749f,4.1796902501086715f,-1.2246467991473532e-16f,-0.4097036002579749f,-0.9122187018120456f,-0.6353835670514982f,0f,0f,0f,1f], start_interpolation: 0, interpolation_duration: 1 }
$data merge entity $(bone_glowing_eye) { transformation: [-1f,5.017422026550756e-17f,1.1171457132964752e-16f,-0.1249999999999999f,0f,0.9122187018120456f,-0.4097036002579749f,4.255751731194051f,-1.2246467991473532e-16f,-0.4097036002579749f,-0.9122187018120456f,-0.6312913878942954f,0f,0f,0f,1f], start_interpolation: 0, interpolation_duration: 1 }
$data merge entity $(bone_head) { transformation: [-1f,5.017422026550756e-17f,1.1171457132964752e-16f,9.189369011305918e-17f,0f,0.9122187018120456f,-0.4097036002579749f,3.990333287826056f,-1.2246467991473532e-16f,-0.4097036002579749f,-0.9122187018120456f,-0.7556121598232091f,0f,0f,0f,1f], start_interpolation: 0, interpolation_duration: 1 }
$data merge entity $(bone_leftthumb2) { transformation: [-0.0014825214541852663f,0.953300614859566f,0.302019436193288f,0.4049989028033564f,0.6034144863963158f,-0.23998598073458538f,0.7604588658553004f,4.417797269580199f,0.797426334991019f,0.1833702995559336f,-0.5748796165316346f,-0.21209702609906483f,0f,0f,0f,1f], start_interpolation: 0, interpolation_duration: 1 }
$data merge entity $(bone_leftthumb) { transformation: [-0.0014825214541852663f,0.953300614859566f,0.302019436193288f,0.6645985548115414f,0.6034144863963158f,-0.23998598073458538f,0.7604588658553004f,4.423929421228727f,0.797426334991019f,0.1833702995559336f,-0.5748796165316346f,-0.21625461023997095f,0f,0f,0f,1f], start_interpolation: 0, interpolation_duration: 1 }
$data merge entity $(bone_leftpointerfinger) { transformation: [-0.29686163490885564f,0.9531109120261027f,-0.0587601829133642f,0.6118183412076261f,-0.860981954961846f,-0.24053678690960817f,0.4481652902370725f,4.725677497614755f,0.41301724292009784f,0.1836345379278431f,0.8920174401494113f,-0.31878555315771884f,0f,0f,0f,1f], start_interpolation: 0, interpolation_duration: 1 }
$data merge entity $(bone_leftmidfinger) { transformation: [-0.29686163490885564f,0.9531109120261027f,-0.0587601829133642f,0.602637062627413f,-0.860981954961846f,-0.24053678690960817f,0.4481652902370725f,4.795703324214298f,0.41301724292009784f,0.1836345379278431f,0.8920174401494113f,-0.1794078281343733f,0f,0f,0f,1f], start_interpolation: 0, interpolation_duration: 1 }
$data merge entity $(bone_leftringfinger) { transformation: [-0.29686163490885564f,0.9531109120261027f,-0.0587601829133642f,0.5934557840471999f,-0.860981954961846f,-0.24053678690960817f,0.4481652902370725f,4.86572915081384f,0.41301724292009784f,0.1836345379278431f,0.8920174401494113f,-0.04003010311102778f,0f,0f,0f,1f], start_interpolation: 0, interpolation_duration: 1 }
$data merge entity $(bone_invisibility) { transformation: [0.37172167956029056f,0.09150607021445233f,0.9238233770904392f,0.5087574405866337f,-0.7747565903129848f,-0.5176596274827301f,0.36301616471038695f,4.581273800968688f,0.5114442479014444f,-0.8506792281396957f,-0.12153037521614518f,-0.2880565045839668f,0f,0f,0f,1f], start_interpolation: 0, interpolation_duration: 1 }
$data merge entity $(bone_swiftness) { transformation: [-0.058760182913364406f,0.3782824458591805f,0.9238233770904394f,0.39839847117784755f,0.44816529023707247f,-0.8169254169051675f,0.36301616471038706f,4.757023263669877f,0.8920174401494113f,0.4353564681604196f,-0.12153037521614524f,-0.17342816526159383f,0f,0f,0f,1f], start_interpolation: 0, interpolation_duration: 1 }
$data merge entity $(bone_suspicious_stew) { transformation: [0.31800720001903376f,0.2131238810581071f,0.9238233770904396f,0.4800079166407289f,-0.5509830308368073f,-0.7514232920856572f,0.3630161647103869f,4.703598171805568f,0.7715498172288944f,-0.6244527583683838f,-0.12153037521614542f,-0.1412105690009719f,0f,0f,0f,1f], start_interpolation: 0, interpolation_duration: 1 }
$data merge entity $(bone_log) { transformation: [-0.9238233770904394f,0.3782824458591805f,-0.0587601829133642f,0.43793039719683385f,-0.36301616471038695f,-0.8169254169051675f,0.4481652902370725f,4.588457477230687f,0.12153037521614543f,0.4353564681604196f,0.8920174401494113f,-0.033584220297402156f,0f,0f,0f,1f], start_interpolation: 0, interpolation_duration: 1 }
$data merge entity $(bone_planks) { transformation: [-0.9238233770904394f,0.3782824458591805f,-0.0587601829133642f,0.35132195559460516f,-0.36301616471038695f,-0.8169254169051675f,0.4481652902370725f,4.554424711789088f,0.12153037521614543f,0.4353564681604196f,0.8920174401494113f,-0.022190747620888518f,0f,0f,0f,1f], start_interpolation: 0, interpolation_duration: 1 }
$data merge entity $(bone_lefthand) { transformation: [-0.9238233770904394f,0.3782824458591805f,-0.0587601829133642f,0.7652931086502814f,-0.36301616471038695f,-0.8169254169051675f,0.4481652902370725f,4.460974998862083f,0.12153037521614543f,0.4353564681604196f,0.8920174401494113f,0.016996757933997318f,0f,0f,0f,1f], start_interpolation: 0, interpolation_duration: 1 }
$data merge entity $(bone_leftforearm) { transformation: [-0.9238233770904394f,0.36719512382863373f,0.10825021467734004f,0.9640468094198037f,-0.36301616471038695f,-0.9300507603848149f,0.056787738699376894f,3.783457239254933f,0.12153037521614543f,0.013165262781343834f,0.992500399876857f,0.018341413030062897f,0f,0f,0f,1f], start_interpolation: 0, interpolation_duration: 1 }
$data merge entity $(bone_leftelbow) { transformation: [-0.9238233770904394f,0.00000385061815766874f,0.3828189754001082f,0.9640475314107083f,-0.36301616471038695f,-0.31747054427771065f,-0.8760318017486439f,3.7239315122028622f,0.12153037521614543f,-0.9482681337581617f,0.29328810817800993f,-0.15945886204959242f,0f,0f,0f,1f], start_interpolation: 0, interpolation_duration: 1 }
$data merge entity $(bone_leftarm) { transformation: [-0.9238233770904394f,0.00000385061815766874f,0.3828189754001082f,0.7500000000000001f,-0.36301616471038695f,-0.31747054427771065f,-0.8760318017486439f,3.513162447838255f,0.12153037521614543f,-0.9482681337581617f,0.29328810817800993f,-0.6161734127307043f,0f,0f,0f,1f], start_interpolation: 0, interpolation_duration: 1 }
$data merge entity $(bone_rightthumb2) { transformation: [0.28492271812494613f,0.9073110378450582f,-0.30920175500927455f,-1.4126050695165726f,0.5353611885815637f,-0.4181987552007378f,-0.7338243651645051f,3.9798572680092477f,-0.79511473540416f,0.043548613675713f,-0.6048934416821659f,0.18994167157712433f,0f,0f,0f,1f], start_interpolation: 0, interpolation_duration: 1 }
$data merge entity $(bone_rightthumb) { transformation: [0.28492271812494613f,0.9073110378450582f,-0.30920175500927455f,-1.216517451296561f,0.5353611885815637f,-0.4181987552007378f,-0.7338243651645051f,3.8145863641008853f,-0.79511473540416f,0.043548613675713f,-0.6048934416821659f,0.1489289611739367f,0f,0f,0f,1f], start_interpolation: 0, interpolation_duration: 1 }
$data merge entity $(bone_rightpointerfinger) { transformation: [0.45170503729904665f,0.01693286723279971f,-0.8920066352252897f,-1.2119774236188154f,-0.2873281241684826f,-0.943788955360304f,-0.16341651324675657f,4.086008164829942f,-0.8446331205561902f,0.33011465545652846f,-0.4214489363046602f,-0.07046968538679636f,0f,0f,0f,1f], start_interpolation: 0, interpolation_duration: 1 }
$data merge entity $(bone_rightmidfinger) { transformation: [0.11109550907634189f,0.43792861021243906f,-0.892119005637964f,-1.3513710182497474f,0.834802632176779f,-0.5281855527922159f,-0.15532091659626218f,4.061739271611776f,-0.5392238432912531f,-0.7274878378220373f,-0.4242629993850831f,-0.1367607790407156f,0f,0f,0f,1f], start_interpolation: 0, interpolation_duration: 1 }
$data merge entity $(bone_rightringfinger) { transformation: [0.10984555879158762f,0.43824380542489566f,-0.892119005637964f,-1.4907646128806793f,0.8363062534365259f,-0.525801543674663f,-0.15532091659626218f,4.03747037839361f,-0.5371459798571755f,-0.7290233903490666f,-0.4242629993850831f,-0.20305187269463482f,0f,0f,0f,1f], start_interpolation: 0, interpolation_duration: 1 }
$data merge entity $(bone_hugeasssword) { transformation: [1.7691780627545994f,0.036372119927676555f,-3.494132772082026f,-1.4555294892697728f,-1.125368486326557f,-3.7018570582718513f,-0.6083402566686936f,3.948503085840577f,-3.3081463888450786f,1.2787529733269916f,-1.6616967475915756f,0.16054230876995776f,0f,0f,0f,1f], start_interpolation: 0, interpolation_duration: 1 }
$data merge entity $(bone_ice) { transformation: [0.45170503729904665f,0.009286498704938695f,-0.892119005637964f,-1.462732482019835f,-0.2873281241684826f,-0.9451549936013237f,-0.15532091659626218f,3.96776063455573f,-0.8446331205561902f,0.3264901208494446f,-0.4242629993850831f,0.16863829314037565f,0f,0f,0f,1f], start_interpolation: 0, interpolation_duration: 1 }
$data merge entity $(bone_righthand) { transformation: [0.45170503729904665f,0.009286498704938695f,-0.892119005637964f,-1.375363316945025f,-0.2873281241684826f,-0.9451549936013237f,-0.15532091659626218f,3.6547860764696454f,-0.8446331205561902f,0.3264901208494446f,-0.4242629993850831f,0.025844324482905412f,0f,0f,0f,1f], start_interpolation: 0, interpolation_duration: 1 }
$data merge entity $(bone_rightforearm) { transformation: [-0.9025017803107406f,0.2666963861924515f,-0.3381768385443191f,-1.1261520460317813f,-0.09698833707477592f,-0.8908886976183537f,-0.44374608835159696f,3.0413752646544077f,-0.4196234014058481f,-0.367682425535625f,0.8298950746599392f,-0.21942302892552695f,0f,0f,0f,1f], start_interpolation: 0, interpolation_duration: 1 }
$data merge entity $(bone_rightelbow) { transformation: [-0.9025017803107406f,0.27503559900767566f,0.3314301673270447f,-1.074582871217842f,-0.09698833707477592f,0.6199852555313823f,-0.7785958806692703f,3.157622500066542f,-0.4196234014058481f,-0.73482902923209f,-0.5328625514993626f,-0.35720347190654383f,0f,0f,0f,1f], start_interpolation: 0, interpolation_duration: 1 }
$data merge entity $(bone_rightarm) { transformation: [-0.9025017803107406f,0.27503559900767566f,0.3314301673270447f,-0.7499999999999999f,-0.09698833707477592f,0.6199852555313823f,-0.7785958806692703f,3.513162447838255f,-0.4196234014058481f,-0.73482902923209f,-0.5328625514993626f,-0.6161734127307045f,0f,0f,0f,1f], start_interpolation: 0, interpolation_duration: 1 }
$data merge entity $(bone_chest) { transformation: [-1.0833333333333333f,2.9876628879081545e-17f,1.2926227019558738e-16f,-0.0023231249999999164f,0f,1.055506536950775f,-0.24396118864543495f,3.3321922818783274f,-1.3267006990762992e-16f,-0.24396118864543495f,-1.055506536950775f,-0.6873166254829937f,0f,0f,0f,1f], start_interpolation: 0, interpolation_duration: 1 }
$data merge entity $(bone_chest1lid) { transformation: [-1f,2.7578426657613735e-17f,1.1931901864208066e-16f,-0.34375f,0f,0.9743137264161f,-0.2251949433650169f,2.7544213189960813f,-1.2246467991473532e-16f,-0.2251949433650169f,-0.9743137264161f,-0.1521394437119432f,0f,0f,0f,1f], start_interpolation: 0, interpolation_duration: 1 }
$data merge entity $(bone_chest1) { transformation: [-1f,2.7578426657613735e-17f,1.1931901864208066e-16f,-0.34375f,0f,0.9743137264161f,-0.2251949433650169f,2.602184799243566f,-1.2246467991473532e-16f,-0.2251949433650169f,-0.9743137264161f,-0.11695273381115934f,0f,0f,0f,1f], start_interpolation: 0, interpolation_duration: 1 }
$data merge entity $(bone_chest1lid3) { transformation: [-1f,2.7578426657613735e-17f,1.1931901864208066e-16f,-0.2812499999999999f,0f,0.9743137264161f,-0.2251949433650169f,2.6101558084028675f,-1.2246467991473532e-16f,-0.2251949433650169f,-0.9743137264161f,-0.7763091746972574f,0f,0f,0f,1f], start_interpolation: 0, interpolation_duration: 1 }
$data merge entity $(bone_chest3) { transformation: [-1f,2.7578426657613735e-17f,1.1931901864208066e-16f,-0.2812499999999999f,0f,0.9743137264161f,-0.2251949433650169f,2.457919288650352f,-1.2246467991473532e-16f,-0.2251949433650169f,-0.9743137264161f,-0.7411224647964735f,0f,0f,0f,1f], start_interpolation: 0, interpolation_duration: 1 }
$data merge entity $(bone_hugeasssword2) { transformation: [-1.3370075256378554e-15f,2.887669569172986f,-2.646061646494669f,-1.234375f,0.8820135281796497f,2.5780941831229427f,2.813496098599306f,4.403028070492473f,3.8160620951297255f,-0.59587970262271f,-0.6502885850867944f,-1.206736003501759f,0f,0f,0f,1f], start_interpolation: 0, interpolation_duration: 1 }
$data merge entity $(bone_belt) { transformation: [-1f,2.7578426657613735e-17f,1.1931901864208066e-16f,0.029705625000000055f,0f,0.9743137264161f,-0.2251949433650169f,2.973572476308841f,-1.2246467991473532e-16f,-0.2251949433650169f,-0.9743137264161f,-0.4700746211202229f,0f,0f,0f,1f], start_interpolation: 0, interpolation_duration: 1 }
$data merge entity $(bone_torn_part) { transformation: [-1f,-2.0485722294043234e-17f,1.2073911134636496e-16f,-0.09374999999999994f,0f,0.9859096633447966f,0.1672786170535553f,2.685420891113367f,-1.2246467991473532e-16f,0.1672786170535553f,-0.9859096633447966f,-0.4220826268694669f,0f,0f,0f,1f], start_interpolation: 0, interpolation_duration: 1 }
$data merge entity $(bone_lowerbody) { transformation: [-1f,1.6769370408694237e-17f,1.2131111261015862e-16f,0.003906250000000026f,0f,0.9905804081194688f,-0.13693230097338863f,2.220995156035665f,-1.2246467991473532e-16f,-0.13693230097338863f,-0.9905804081194688f,-0.21592078189300418f,0f,0f,0f,1f], start_interpolation: 0, interpolation_duration: 1 }
$data merge entity $(bone_leftfoot) { transformation: [-1f,-1.0785207688568521e-32f,1.2246467991473532e-16f,0.28125000000000006f,0f,1f,5.551115123125783e-17f,0.14164061162068142f,-1.2246467991473532e-16f,5.551115123125783e-17f,-1f,-0.2706807769213728f,0f,0f,0f,1f], start_interpolation: 0, interpolation_duration: 1 }
$data merge entity $(bone_leftlowerleg) { transformation: [-1f,-8.817616923286674e-18f,1.2214682745946678e-16f,0.28125f,0f,0.9974045377370043f,0.07200130624949036f,1.2370735849731513f,-1.2246467991473532e-16f,0.07200130624949036f,-0.9974045377370043f,-0.037557484222406345f,0f,0f,0f,1f], start_interpolation: 0, interpolation_duration: 1 }
$data merge entity $(bone_leftleg) { transformation: [-1f,4.3177632610691644e-17f,1.1460056661620272e-16f,0.25000000000000006f,0f,0.9357846417105086f,-0.35257212643476954f,2.240526406035665f,-1.2246467991473532e-16f,-0.35257212643476954f,-0.9357846417105086f,-0.3877957818930041f,0f,0f,0f,1f], start_interpolation: 0, interpolation_duration: 1 }
$data merge entity $(bone_rightfoot) { transformation: [-1f,-6.78304734210412e-17f,1.0196384016942474e-16f,-0.28124999999999983f,0f,0.8325979395889163f,0.5538778484397904f,0.4523446266241582f,-1.2246467991473532e-16f,0.5538778484397904f,-0.8325979395889163f,-1.2265041439596733f,0f,0f,0f,1f], start_interpolation: 0, interpolation_duration: 1 }
$data merge entity $(bone_rightlowerleg) { transformation: [-1f,-8.524029905058192e-17f,8.793002470365817e-17f,-0.28124999999999994f,0f,0.7180031398839117f,0.6960398631665027f,1.141935880131741f,-1.2246467991473532e-16f,0.6960398631665027f,-0.7180031398839117f,-0.3440168795799085f,0f,0f,0f,1f], start_interpolation: 0, interpolation_duration: 1 }
$data merge entity $(bone_rightleg) { transformation: [-1f,1.2527033150925025e-17f,1.2182229380148035e-16f,-0.24999999999999994f,0f,0.9947545193136322f,-0.10229098838658487f,2.201526406035665f,-1.2246467991473532e-16f,-0.10229098838658487f,-0.9947545193136322f,-0.4267957818930042f,0f,0f,0f,1f], start_interpolation: 0, interpolation_duration: 1 }
execute on vehicle unless entity @s[tag=aj.transforms_only] positioned ^-0.375 ^2.728713421 ^0.01417176 rotated ~0 ~-13.0143417948 run function animated_java:wander/animations/drink_potion_slow/zzz/frames/zzz/2
data modify entity @s data merge value {"locators":{"lefthand":{"posx":0.49590365057433533,"posy":4.679309958208047,"posz":-0.09292768955128311,"roty":183.76882026215037,"rotx":26.62603167413234},"righthand":{"posx":-1.4065908768522208,"posy":3.958018559011772,"posz":0.09098163931535218,"roty":295.43425205512335,"rotx":-8.935408831319029},"chest":{"posx":-0.375,"posy":2.728713420995859,"posz":0.014171760000885936,"roty":0,"rotx":-13.014341794776263},"sack":{"posx":0,"posy":-0.4375,"posz":0,"roty":0,"rotx":0}},"cameras":{}}