# This file was generated by Animated Java via MC-Build. It is not recommended to edit this file directly.
$data merge entity $(bone_nose) { transformation: [-1f,-4.9247381571914666e-18f,1.223656192756024e-16f,-1.3786837041033096e-17f,0f,0.9991911084959199f,0.04021353879845407f,4.258988688471079f,-1.2246467991473532e-16f,0.04021353879845407f,-0.9991911084959199f,0.11247922520372414f,0f,0f,0f,1f], start_interpolation: 0, interpolation_duration: 1 }
$data merge entity $(bone_glowing_eye) { transformation: [-1f,-4.9247381571914666e-18f,1.223656192756024e-16f,-0.12500000000000003f,0f,0.9991911084959199f,0.04021353879845407f,4.3252387683741755f,-1.2246467991473532e-16f,0.04021353879845407f,-0.9991911084959199f,0.15006940674079014f,0f,0f,0f,1f], start_interpolation: 0, interpolation_duration: 1 }
$data merge entity $(bone_head) { transformation: [-1f,-4.9247381571914666e-18f,1.223656192756024e-16f,9.73482827426309e-18f,0f,0.9991911084959199f,0.04021353879845407f,4.143141879073921f,-1.2246467991473532e-16f,0.04021353879845407f,-0.9991911084959199f,-0.07958974792120369f,0f,0f,0f,1f], start_interpolation: 0, interpolation_duration: 1 }
$data merge entity $(bone_leftthumb2) { transformation: [-1f,-3.589669789094986e-18f,1.2241205862750546e-16f,0.953125f,0f,0.999570314581588f,0.029311878262322275f,1.8941721690706912f,-1.2246467991473532e-16f,0.029311878262322275f,-0.999570314581588f,0.14031634116343117f,0f,0f,0f,1f], start_interpolation: 0, interpolation_duration: 1 }
$data merge entity $(bone_leftthumb) { transformation: [-1f,-3.589669789094986e-18f,1.2241205862750546e-16f,0.953125f,0f,0.999570314581588f,0.029311878262322275f,2.141814211781069f,-1.2246467991473532e-16f,0.029311878262322275f,-0.999570314581588f,0.06208407930982268f,0f,0f,0f,1f], start_interpolation: 0, interpolation_duration: 1 }
$data merge entity $(bone_leftpointerfinger) { transformation: [-1f,-3.589669789094986e-18f,1.2241205862750546e-16f,1.0625f,0f,0.999570314581588f,0.029311878262322275f,1.8152041966025314f,-1.2246467991473532e-16f,0.029311878262322275f,-0.999570314581588f,0.0056112607589862695f,0f,0f,0f,1f], start_interpolation: 0, interpolation_duration: 1 }
$data merge entity $(bone_leftmidfinger) { transformation: [-1f,-3.589669789094986e-18f,1.2241205862750546e-16f,1.0625f,0f,0.999570314581588f,0.029311878262322275f,1.8197841775810193f,-1.2246467991473532e-16f,0.029311878262322275f,-0.999570314581588f,-0.15057160089438684f,0f,0f,0f,1f], start_interpolation: 0, interpolation_duration: 1 }
$data merge entity $(bone_leftringfinger) { transformation: [-1f,-3.589669789094986e-18f,1.2241205862750546e-16f,1.0625f,0f,0.999570314581588f,0.029311878262322275f,1.8243641585595072f,-1.2246467991473532e-16f,0.029311878262322275f,-0.999570314581588f,-0.30675446254775995f,0f,0f,0f,1f], start_interpolation: 0, interpolation_duration: 1 }
$data merge entity $(bone_invisibility) { transformation: [-2.1495170104587777e-16f,-6.67479528926464e-17f,0.9999999999999998f,0.875f,0.9983213462773576f,0.057917955479832584f,6.199584332738246e-17f,1.9236162035641948f,-0.05791795547983242f,0.9983213462773576f,-9.785737957423067e-17f,0.04005381977460237f,0f,0f,0f,1f], start_interpolation: 0, interpolation_duration: 1 }
$data merge entity $(bone_swiftness) { transformation: [-9.963254629752585e-17f,-3.589669789094986e-18f,1f,0.822916875f,0.029311878262322275f,0.999570314581588f,6.508544428367963e-18f,1.7937534923949747f,-0.999570314581588f,0.029311878262322275f,-9.948451568132264e-17f,-0.1513349371641095f,0f,0f,0f,1f], start_interpolation: 0, interpolation_duration: 1 }
$data merge entity $(bone_suspicious_stew) { transformation: [4.848022575050996e-17f,-1.4377595052699028e-18f,1.0000000000000002f,0.875f,0.9183060948355448f,0.3958710853142618f,1.1097459779802898e-16f,1.8822573222423684f,-0.39587108531426196f,0.9183060948355448f,1.2571895212891933e-16f,-0.14873960850299173f,0f,0f,0f,1f], start_interpolation: 0, interpolation_duration: 1 }
$data merge entity $(bone_log) { transformation: [-1f,-3.589669789094986e-18f,1.2241205862750546e-16f,0.78125f,0f,0.999570314581588f,0.029311878262322275f,2.0085776058586133f,-1.2246467991473532e-16f,0.029311878262322275f,-0.999570314581588f,-0.1919304822162134f,0f,0f,0f,1f], start_interpolation: 0, interpolation_duration: 1 }
$data merge entity $(bone_planks) { transformation: [-1f,-3.589669789094986e-18f,1.2241205862750546e-16f,0.6875f,0f,0.999570314581588f,0.029311878262322275f,2.0085776058586133f,-1.2246467991473532e-16f,0.029311878262322275f,-0.999570314581588f,-0.1919304822162134f,0f,0f,0f,1f], start_interpolation: 0, interpolation_duration: 1 }
$data merge entity $(bone_lefthand) { transformation: [-1f,-3.589669789094986e-18f,1.2241205862750546e-16f,1.03125f,0f,0.999570314581588f,0.029311878262322275f,2.257554188308313f,-1.2246467991473532e-16f,0.029311878262322275f,-0.999570314581588f,-0.15336594031995818f,0f,0f,0f,1f], start_interpolation: 0, interpolation_duration: 1 }
$data merge entity $(bone_leftforearm) { transformation: [-1f,-3.589669789094986e-18f,1.2241205862750546e-16f,0.96875f,0f,0.999570314581588f,0.029311878262322275f,2.959919067650643f,-1.2246467991473532e-16f,0.029311878262322275f,-0.999570314581588f,-0.11713773975142552f,0f,0f,0f,1f], start_interpolation: 0, interpolation_duration: 1 }
$data merge entity $(bone_leftelbow) { transformation: [-1f,-3.589669789094986e-18f,1.2241205862750546e-16f,0.96875f,0f,0.999570314581588f,0.029311878262322275f,3.1473385016346906f,-1.2246467991473532e-16f,0.029311878262322275f,-0.999570314581588f,-0.1116417625772401f,0f,0f,0f,1f], start_interpolation: 0, interpolation_duration: 1 }
$data merge entity $(bone_leftarm) { transformation: [-1f,-3.589669789094986e-18f,1.2241205862750546e-16f,0.75f,0f,0.999570314581588f,0.029311878262322275f,3.646207662729787f,-1.2246467991473532e-16f,0.029311878262322275f,-0.999570314581588f,-0.06574925111540436f,0f,0f,0f,1f], start_interpolation: 0, interpolation_duration: 1 }
$data merge entity $(bone_rightthumb2) { transformation: [-1f,-3.589669789094986e-18f,1.2241205862750546e-16f,-0.953125f,0f,0.999570314581588f,0.029311878262322275f,1.8941721690706912f,-1.2246467991473532e-16f,0.029311878262322275f,-0.999570314581588f,0.14031634116343095f,0f,0f,0f,1f], start_interpolation: 0, interpolation_duration: 1 }
$data merge entity $(bone_rightthumb) { transformation: [-1f,-3.589669789094986e-18f,1.2241205862750546e-16f,-0.953125f,0f,0.999570314581588f,0.029311878262322275f,2.141814211781069f,-1.2246467991473532e-16f,0.029311878262322275f,-0.999570314581588f,0.06208407930982246f,0f,0f,0f,1f], start_interpolation: 0, interpolation_duration: 1 }
$data merge entity $(bone_rightpointerfinger) { transformation: [-1f,-3.589669789094986e-18f,1.2241205862750546e-16f,-1.0625f,0f,0.999570314581588f,0.029311878262322275f,1.8152041966025314f,-1.2246467991473532e-16f,0.029311878262322275f,-0.999570314581588f,0.00561126075898602f,0f,0f,0f,1f], start_interpolation: 0, interpolation_duration: 1 }
$data merge entity $(bone_rightmidfinger) { transformation: [-1f,-3.589669789094986e-18f,1.2241205862750546e-16f,-1.0625f,0f,0.999570314581588f,0.029311878262322275f,1.8197841775810193f,-1.2246467991473532e-16f,0.029311878262322275f,-0.999570314581588f,-0.1505716008943871f,0f,0f,0f,1f], start_interpolation: 0, interpolation_duration: 1 }
$data merge entity $(bone_rightringfinger) { transformation: [-1f,-3.589669789094986e-18f,1.2241205862750546e-16f,-1.0625f,0f,0.999570314581588f,0.029311878262322275f,1.8243641585595072f,-1.2246467991473532e-16f,0.029311878262322275f,-0.999570314581588f,-0.3067544625477602f,0f,0f,0f,1f], start_interpolation: 0, interpolation_duration: 1 }
$data merge entity $(bone_hugeasssword) { transformation: [-3.916666666666667f,-1.4059540007288696e-17f,4.794472296243964e-16f,-0.796875f,0f,3.91498373211122f,0.11480485652742892f,2.0223638996325555f,-4.796533296660467e-16f,0.11480485652742892f,-3.91498373211122f,-0.12899933945701555f,0f,0f,0f,1f], start_interpolation: 0, interpolation_duration: 1 }
$data merge entity $(bone_ice) { transformation: [-1f,-3.589669789094986e-18f,1.2241205862750546e-16f,-0.78125f,0f,0.999570314581588f,0.029311878262322275f,2.0067456134672184f,-1.2246467991473532e-16f,0.029311878262322275f,-0.999570314581588f,-0.12945733755486433f,0f,0f,0f,1f], start_interpolation: 0, interpolation_duration: 1 }
$data merge entity $(bone_righthand) { transformation: [-1f,-3.589669789094986e-18f,1.2241205862750546e-16f,-1.03125f,0f,0.999570314581588f,0.029311878262322275f,2.257554188308313f,-1.2246467991473532e-16f,0.029311878262322275f,-0.999570314581588f,-0.15336594031995843f,0f,0f,0f,1f], start_interpolation: 0, interpolation_duration: 1 }
$data merge entity $(bone_rightforearm) { transformation: [-1f,-3.589669789094986e-18f,1.2241205862750546e-16f,-0.96875f,0f,0.999570314581588f,0.029311878262322275f,2.959919067650643f,-1.2246467991473532e-16f,0.029311878262322275f,-0.999570314581588f,-0.11713773975142576f,0f,0f,0f,1f], start_interpolation: 0, interpolation_duration: 1 }
$data merge entity $(bone_rightelbow) { transformation: [-1f,-3.589669789094986e-18f,1.2241205862750546e-16f,-0.96875f,0f,0.999570314581588f,0.029311878262322275f,3.1473385016346906f,-1.2246467991473532e-16f,0.029311878262322275f,-0.999570314581588f,-0.11164176257724033f,0f,0f,0f,1f], start_interpolation: 0, interpolation_duration: 1 }
$data merge entity $(bone_rightarm) { transformation: [-1f,-3.589669789094986e-18f,1.2241205862750546e-16f,-0.75f,0f,0.999570314581588f,0.029311878262322275f,3.646207662729787f,-1.2246467991473532e-16f,0.029311878262322275f,-0.999570314581588f,-0.06574925111540454f,0f,0f,0f,1f], start_interpolation: 0, interpolation_duration: 1 }
$data merge entity $(bone_chest) { transformation: [-1.0833333333333333f,-3.8888089381862345e-18f,1.326130635131309e-16f,-0.002323124999999978f,0f,1.0828678407967203f,0.03175453478418246f,3.4892022566913217f,-1.3267006990762992e-16f,0.03175453478418246f,-1.0828678407967203f,-0.1804700433153274f,0f,0f,0f,1f], start_interpolation: 0, interpolation_duration: 1 }
$data merge entity $(bone_chest1lid) { transformation: [-1f,-3.589669789094986e-18f,1.2241205862750546e-16f,-0.34375000000000006f,0f,0.999570314581588f,0.029311878262322275f,2.794576244040294f,-1.2246467991473532e-16f,0.029311878262322275f,-0.999570314581588f,0.1906480025768327f,0f,0f,0f,1f], start_interpolation: 0, interpolation_duration: 1 }
$data merge entity $(bone_chest1) { transformation: [-1f,-3.589669789094986e-18f,1.2241205862750546e-16f,-0.34375000000000006f,0f,0.999570314581588f,0.029311878262322275f,2.638393382386921f,-1.2246467991473532e-16f,0.029311878262322275f,-0.999570314581588f,0.18606802159834485f,0f,0f,0f,1f], start_interpolation: 0, interpolation_duration: 1 }
$data merge entity $(bone_chest1lid3) { transformation: [-1f,-3.589669789094986e-18f,1.2241205862750546e-16f,-0.28124999999999994f,0f,0.999570314581588f,0.029311878262322275f,2.813354166052094f,-1.2246467991473532e-16f,0.029311878262322275f,-0.999570314581588f,-0.4497017302019971f,0f,0f,0f,1f], start_interpolation: 0, interpolation_duration: 1 }
$data merge entity $(bone_chest3) { transformation: [-1f,-3.589669789094986e-18f,1.2241205862750546e-16f,-0.28124999999999994f,0f,0.999570314581588f,0.029311878262322275f,2.6571713043987213f,-1.2246467991473532e-16f,0.029311878262322275f,-0.999570314581588f,-0.45428171118048494f,0f,0f,0f,1f], start_interpolation: 0, interpolation_duration: 1 }
$data merge entity $(bone_hugeasssword2) { transformation: [-1.3491219322474357e-15f,2.887669569172986f,-2.646061646494669f,-1.234375f,-0.1148048565274287f,2.6449246723889512f,2.88642877966592f,4.6567699316597455f,3.91498373211122f,0.07756103685665236f,0.08464301887340998f,-0.41127624082117775f,0f,0f,0f,1f], start_interpolation: 0, interpolation_duration: 1 }
$data merge entity $(bone_belt) { transformation: [-1f,-3.589669789094986e-18f,1.2241205862750546e-16f,0.029705625000000006f,0f,0.999570314581588f,0.029311878262322275f,3.087206415139804f,-1.2246467991473532e-16f,0.029311878262322275f,-0.999570314581588f,-0.06129959067904191f,0f,0f,0f,1f], start_interpolation: 0, interpolation_duration: 1 }
$data merge entity $(bone_torn_part) { transformation: [-1f,-3.9285910380409137e-17f,1.159923060905379e-16f,-0.09375f,0f,0.9471490569468377f,0.3207938028153221f,2.8029721468665008f,-1.2246467991473532e-16f,0.3207938028153221f,-0.9471490569468377f,-0.07369662455423637f,0f,0f,0f,1f], start_interpolation: 0, interpolation_duration: 1 }
$data merge entity $(bone_lowerbody) { transformation: [-1f,-2.5880795160723627e-18f,1.2243732956511694e-16f,0.003906249999999993f,0f,0.9997766674469944f,0.0211332730210399f,2.311828079446064f,-1.2246467991473532e-16f,0.0211332730210399f,-0.9997766674469944f,0.05657798833819261f,0f,0f,0f,1f], start_interpolation: 0, interpolation_duration: 1 }
$data merge entity $(bone_leftfoot) { transformation: [-1f,-2.8888949165808538e-33f,1.2246467991473532e-16f,0.28125f,0f,1f,3.122502256758253e-17f,0.16072255590874263f,-1.2246467991473532e-16f,3.122502256758253e-17f,-1f,-0.25861023978768916f,0f,0f,0f,1f], start_interpolation: 0, interpolation_duration: 1 }
$data merge entity $(bone_leftlowerleg) { transformation: [-1f,-1.0593454471025133e-18f,1.224600980476591e-16f,0.28125f,0f,0.9999625862160468f,0.008650212027174461f,1.2687269827588719f,-1.2246467991473532e-16f,0.008650212027174461f,-0.9999625862160468f,-0.0953740342842616f,0f,0f,0f,1f], start_interpolation: 0, interpolation_duration: 1 }
$data merge entity $(bone_leftleg) { transformation: [-1f,5.2951419952018675e-18f,1.2235015037943036e-16f,0.25f,0f,0.9990647953729623f,-0.04323811566639909f,2.331359329446064f,-1.2246467991473532e-16f,-0.04323811566639909f,-0.9990647953729623f,-0.11529701166180736f,0f,0f,0f,1f], start_interpolation: 0, interpolation_duration: 1 }
$data merge entity $(bone_rightfoot) { transformation: [-1f,4.2860374593805516e-18f,1.2238965523897584e-16f,-0.28124999999999994f,0f,0.9993873770313879f,-0.034998151812952585f,0.1609833288576321f,-1.2246467991473532e-16f,-0.034998151812952585f,-0.9993873770313879f,-0.2495161355983319f,0f,0f,0f,1f], start_interpolation: 0, interpolation_duration: 1 }
$data merge entity $(bone_rightlowerleg) { transformation: [-1f,2.3082681366396464e-18f,1.2244292435591348e-16f,-0.28124999999999994f,0f,0.999822352380809f,-0.01884843971540817f,1.273057231330441f,-1.2246467991473532e-16f,-0.01884843971540817f,-0.999822352380809f,-0.11680779318709324f,0f,0f,0f,1f], start_interpolation: 0, interpolation_duration: 1 }
$data merge entity $(bone_rightleg) { transformation: [-1f,2.3082681366396464e-18f,1.2244292435591348e-16f,-0.24999999999999997f,0f,0.999822352380809f,-0.01884843971540817f,2.3358593294460643f,-1.2246467991473532e-16f,-0.01884843971540817f,-0.999822352380809f,-0.11079701166180743f,0f,0f,0f,1f], start_interpolation: 0, interpolation_duration: 1 }
data modify entity @s data merge value {"locators":{"lefthand":{"posx":0.875,"posy":1.9300281769340781,"posz":-0.17860218654012,"roty":0,"rotx":1.6796875000000009},"righthand":{"posx":-0.875,"posy":1.990669329204032,"posz":-0.11429704948737582,"roty":0,"rotx":1.6796875000000009},"chest":{"posx":-0.37500000000000006,"posy":2.727523118400457,"posz":0.3449988718388107,"roty":0,"rotx":1.6796875000000009},"sack":{"posx":0,"posy":-0.4375,"posz":0,"roty":0,"rotx":0}},"cameras":{}}