# This file was generated by Animated Java via MC-Build. It is not recommended to edit this file directly.
$data merge entity $(bone_nose) { transformation: [0.9525536229260799f,0.07803892011540581f,-0.2941964010616386f,0.6237829000210509f,0.04595781055352265f,0.9186135421121256f,0.39247552776872674f,3.8763564367141763f,0.3008811644146668f,-0.3873746083514449f,0.8714421597013992f,-0.6651689885007362f,0f,0f,0f,1f], start_interpolation: 0, interpolation_duration: 1 }
$data merge entity $(bone_glowing_eye) { transformation: [0.9525536229260799f,0.07803892011540581f,-0.2941964010616386f,0.7584021391326463f,0.04595781055352265f,0.9186135421121256f,0.39247552776872674f,3.9306030847306928f,0.3008811644146668f,-0.3873746083514449f,0.8714421597013992f,-0.6841967701671188f,0f,0f,0f,1f], start_interpolation: 0, interpolation_duration: 1 }
$data merge entity $(bone_head) { transformation: [0.9525536229260799f,0.07803892011540581f,-0.2941964010616386f,0.5590571509560288f,0.04595781055352265f,0.9186135421121256f,0.39247552776872674f,3.836421912153823f,0.3008811644146668f,-0.3873746083514449f,0.8714421597013992f,-0.4541552807922655f,0f,0f,0f,1f], start_interpolation: 0, interpolation_duration: 1 }
$data merge entity $(bone_leftthumb2) { transformation: [0.15634727230604822f,-0.3572302556254915f,-0.9208377028055512f,-0.11589255705346013f,-0.07741947093673615f,-0.9338669772320154f,0.34913993520566283f,4.235139571281543f,-0.9846632703428794f,0.01670369124728971f,-0.17366413198004085f,-0.8810011329634831f,0f,0f,0f,1f], start_interpolation: 0, interpolation_duration: 1 }
$data merge entity $(bone_leftthumb) { transformation: [0.15634727230604822f,-0.3572302556254915f,-0.9208377028055512f,-0.28219308600620013f,-0.07741947093673615f,-0.9338669772320154f,0.34913993520566283f,4.035952325130559f,-0.9846632703428794f,0.01670369124728971f,-0.17366413198004085f,-0.891745580521454f,0f,0f,0f,1f], start_interpolation: 0, interpolation_duration: 1 }
$data merge entity $(bone_leftpointerfinger) { transformation: [0.15634727230604822f,-0.3572302556254915f,-0.9208377028055512f,-0.22524165860656997f,-0.07741947093673615f,-0.9338669772320154f,0.34913993520566283f,4.367211116131285f,-0.9846632703428794f,0.01670369124728971f,-0.17366413198004085f,-0.7976694402047829f,0f,0f,0f,1f], start_interpolation: 0, interpolation_duration: 1 }
$data merge entity $(bone_leftmidfinger) { transformation: [0.15634727230604822f,-0.3572302556254915f,-0.9208377028055512f,-0.36912254966993735f,-0.07741947093673615f,-0.9338669772320154f,0.34913993520566283f,4.42176423100717f,-0.9846632703428794f,0.01670369124728971f,-0.17366413198004085f,-0.8248044608266643f,0f,0f,0f,1f], start_interpolation: 0, interpolation_duration: 1 }
$data merge entity $(bone_leftringfinger) { transformation: [0.15634727230604822f,-0.3572302556254915f,-0.9208377028055512f,-0.5130034407333047f,-0.07741947093673615f,-0.9338669772320154f,0.34913993520566283f,4.476317345883055f,-0.9846632703428794f,0.01670369124728971f,-0.17366413198004085f,-0.8519394814485457f,0f,0f,0f,1f], start_interpolation: 0, interpolation_duration: 1 }
$data merge entity $(bone_invisibility) { transformation: [-0.4361271805901385f,0.8861989690768969f,-0.15634727230604842f,-0.20622242604555063f,-0.8998837810657796f,-0.4292032223721436f,0.07741947093673616f,4.239642641720718f,0.0015043022477635015f,0.17445911014450693f,0.9846632703428791f,-0.9750398330395242f,0f,0f,0f,1f], start_interpolation: 0, interpolation_duration: 1 }
$data merge entity $(bone_swiftness) { transformation: [-0.9208377028055512f,-0.3572302556254915f,-0.15634727230604842f,-0.3223614359224113f,0.34913993520566283f,-0.9338669772320154f,0.07741947093673623f,4.427535479312004f,-0.17366413198004108f,0.01670369124728971f,0.9846632703428794f,-1.0611481596476318f,0f,0f,0f,1f], start_interpolation: 0, interpolation_duration: 1 }
$data merge entity $(bone_suspicious_stew) { transformation: [-0.712923391743457f,0.6835903509759806f,-0.15634727230604828f,-0.36213432708914656f,-0.6988180010008758f,-0.7110974806571994f,0.07741947093673607f,4.348881394129531f,-0.058254948134437705f,0.16445244010205456f,0.9846632703428796f,-1.0083848433129985f,0f,0f,0f,1f], start_interpolation: 0, interpolation_duration: 1 }
$data merge entity $(bone_log) { transformation: [0.15634727230604822f,-0.3572302556254915f,-0.9208377028055512f,-0.4352948195826512f,-0.07741947093673615f,-0.9338669772320154f,0.34913993520566283f,4.241255881037976f,-0.9846632703428794f,0.01670369124728971f,-0.17366413198004085f,-1.1067495696882967f,0f,0f,0f,1f], start_interpolation: 0, interpolation_duration: 1 }
$data merge entity $(bone_planks) { transformation: [0.15634727230604822f,-0.3572302556254915f,-0.9208377028055512f,-0.4206372628039592f,-0.07741947093673615f,-0.9338669772320154f,0.34913993520566283f,4.233997805637657f,-0.9846632703428794f,0.01670369124728971f,-0.17366413198004085f,-1.1990617512829418f,0f,0f,0f,1f], start_interpolation: 0, interpolation_duration: 1 }
$data merge entity $(bone_lefthand1) { transformation: [0.15634727230604822f,-0.3572302556254915f,-0.9208377028055512f,-0.5349130233528626f,-0.07741947093673615f,-0.9338669772320154f,0.34913993520566283f,4.016233381488979f,-0.9846632703428794f,0.01670369124728971f,-0.17366413198004085f,-0.8509808251663782f,0f,0f,0f,1f], start_interpolation: 0, interpolation_duration: 1 }
$data merge entity $(bone_leftforearm) { transformation: [0.4721832503937418f,-0.21079059089246047f,-0.85592657678028f,-0.6381214964217131f,-0.715584269038952f,-0.6586813256477722f,-0.2325469095620973f,3.494597097824527f,-0.5147641517739842f,0.7222923494223799f,-0.46185672022209395f,-0.37753351819186076f,0f,0f,0f,1f], start_interpolation: 0, interpolation_duration: 1 }
$data merge entity $(bone_leftelbow) { transformation: [0.4721832503937418f,-0.21079059089246047f,-0.85592657678028f,-0.6776447322140494f,-0.715584269038952f,-0.6586813256477722f,-0.2325469095620973f,3.3710943492655696f,-0.5147641517739842f,0.7222923494223799f,-0.46185672022209395f,-0.2421037026751645f,0f,0f,0f,1f], start_interpolation: 0, interpolation_duration: 1 }
$data merge entity $(bone_leftarm) { transformation: [0.39608584049775675f,0.884678646623702f,0.2458855407811543f,-0.25442088053001266f,-0.7186158593773659f,0.46536094419210505f,-0.5167498797986917f,3.4842931182692833f,-0.5715831117243715f,0.027980061270262008f,0.8200669866314563f,-0.487667179543009f,0f,0f,0f,1f], start_interpolation: 0, interpolation_duration: 1 }
$data merge entity $(bone_rightthumb2) { transformation: [-0.15488924901323656f,0.14779191335281444f,0.9768146553403205f,1.4038810113838094f,0.05289601958795684f,-0.986088116571373f,0.15758247830413247f,4.000598566169873f,0.986514739703298f,0.07607743886485667f,0.14491684389296525f,-0.5012502002555999f,0f,0f,0f,1f], start_interpolation: 0, interpolation_duration: 1 }
$data merge entity $(bone_rightthumb) { transformation: [-0.15488924901323656f,0.14779191335281444f,0.9768146553403205f,1.5236020081029824f,0.05289601958795684f,-0.986088116571373f,0.15758247830413247f,3.7722344558812932f,0.986514739703298f,0.07607743886485667f,0.14491684389296525f,-0.47020854776780213f,0f,0f,0f,1f], start_interpolation: 0, interpolation_duration: 1 }
$data merge entity $(bone_rightpointerfinger) { transformation: [-0.15488924901323656f,0.14779191335281444f,0.9768146553403205f,1.5039549618923451f,0.05289601958795684f,-0.986088116571373f,0.15758247830413247f,4.1089667999442145f,0.986514739703298f,0.07607743886485667f,0.14491684389296525f,-0.38047843068280224f,0f,0f,0f,1f], start_interpolation: 0, interpolation_duration: 1 }
$data merge entity $(bone_rightmidfinger) { transformation: [-0.15488924901323656f,0.14779191335281444f,0.9768146553403205f,1.65658225178927f,0.05289601958795684f,-0.986088116571373f,0.15758247830413247f,4.133589062179235f,0.986514739703298f,0.07607743886485667f,0.14491684389296525f,-0.35783517382452645f,0f,0f,0f,1f], start_interpolation: 0, interpolation_duration: 1 }
$data merge entity $(bone_rightringfinger) { transformation: [-0.15488924901323656f,0.14779191335281444f,0.9768146553403205f,1.809209541686195f,0.05289601958795684f,-0.986088116571373f,0.15758247830413247f,4.158211324414256f,0.986514739703298f,0.07607743886485667f,0.14491684389296525f,-0.3351919169662506f,0f,0f,0f,1f], start_interpolation: 0, interpolation_duration: 1 }
$data merge entity $(bone_hugeasssword) { transformation: [-0.6066495586351766f,0.5788516606318566f,3.8258574000829224f,1.712482211968509f,0.20717607671949764f,-3.862178456571211f,0.6171980400245188f,3.9167771820741213f,3.8638493971712506f,0.29796996888735533f,0.5675909719141139f,-0.6066892474746186f,0f,0f,0f,1f], start_interpolation: 0, interpolation_duration: 1 }
$data merge entity $(bone_ice) { transformation: [-0.15488924901323656f,0.14779191335281444f,0.9768146553403205f,1.712593107838203f,0.05289601958795684f,-0.986088116571373f,0.15758247830413247f,3.931358308589487f,0.986514739703298f,0.07607743886485667f,0.14491684389296525f,-0.623292250264746f,0f,0f,0f,1f], start_interpolation: 0, interpolation_duration: 1 }
$data merge entity $(bone_righthand1) { transformation: [-0.15488924901323656f,0.14779191335281444f,0.9768146553403205f,1.7413442319024826f,0.05289601958795684f,-0.986088116571373f,0.15758247830413247f,3.702984736790637f,0.986514739703298f,0.07607743886485667f,0.14491684389296525f,-0.3531155542510521f,0f,0f,0f,1f], start_interpolation: 0, interpolation_duration: 1 }
$data merge entity $(bone_rightforearm) { transformation: [0.5188724112156611f,-0.306492601249663f,0.7980186127268338f,1.4868939290485084f,0.5629433125307053f,-0.5800167103082947f,-0.588791510332902f,3.2354006446305212f,0.6433243721142566f,0.7547469119793457f,-0.12841670880940237f,0.11356859654570436f,0f,0f,0f,1f], start_interpolation: 0, interpolation_duration: 1 }
$data merge entity $(bone_rightelbow) { transformation: [0.5188724112156611f,-0.306492601249663f,0.7980186127268338f,1.4294265663141965f,0.5629433125307053f,-0.5800167103082947f,-0.588791510332902f,3.126647511447716f,0.6433243721142566f,0.7547469119793457f,-0.12841670880940237f,0.2550836425418317f,0f,0f,0f,1f], start_interpolation: 0, interpolation_duration: 1 }
$data merge entity $(bone_rightarm) { transformation: [0.45796271463343075f,-0.6041264383065423f,-0.6521513616827234f,1.1840322508984746f,0.5942009195496538f,0.7536706453010366f,-0.2809018077867511f,3.311130934827516f,0.6612075462454468f,-0.2588663843579746f,0.7041255398275968f,-0.08000670031735552f,0f,0f,0f,1f], start_interpolation: 0, interpolation_duration: 1 }
$data merge entity $(bone_chest1) { transformation: [1.01974593206066f,0.16318512706415214f,-0.327261301503711f,0.4376652170975407f,-0.10429676987393768f,1.059006466725412f,0.20307288922633837f,3.2096362705174f,0.3505018244613133f,-0.15964657481426378f,1.0125574321047055f,-0.2803075932523302f,0f,0f,0f,1f], start_interpolation: 0, interpolation_duration: 1 }
$data merge entity $(bone_chest1lid) { transformation: [0.9413039372867632f,0.1506324249822943f,-0.30208735523419483f,0.7743146771673209f,-0.09627394142209633f,0.9775444308234573f,0.18745189774738927f,2.435310069803626f,0.3235401456565969f,-0.14736606905932043f,0.934668398865882f,-0.4348788982654017f,0f,0f,0f,1f], start_interpolation: 0, interpolation_duration: 1 }
$data merge entity $(bone_chest2) { transformation: [0.9413039372867632f,0.1506324249822943f,-0.30208735523419483f,0.7507783607638374f,-0.09627394142209633f,0.9775444308234573f,0.18745189774738927f,2.2825687524874607f,0.3235401456565969f,-0.14736606905932043f,0.934668398865882f,-0.4118529499748829f,0f,0f,0f,1f], start_interpolation: 0, interpolation_duration: 1 }
$data merge entity $(bone_chest1lid3) { transformation: [0.9413039372867632f,0.1506324249822943f,-0.30208735523419483f,0.5219584691399922f,-0.09627394142209633f,0.9775444308234573f,0.18745189774738927f,2.561413563136928f,0.3235401456565969f,-0.14736606905932043f,0.934668398865882f,0.1436717856545167f,0f,0f,0f,1f], start_interpolation: 0, interpolation_duration: 1 }
$data merge entity $(bone_chest3) { transformation: [0.9413039372867632f,0.1506324249822943f,-0.30208735523419483f,0.4984221527365087f,-0.09627394142209633f,0.9775444308234573f,0.18745189774738927f,2.408672245820763f,0.3235401456565969f,-0.14736606905932043f,0.934668398865882f,0.1666977339450355f,0f,0f,0f,1f], start_interpolation: 0, interpolation_duration: 1 }
$data merge entity $(bone_hugeasssword2) { transformation: [1.183175474667264f,-2.3195920525815685f,2.925724915901031f,1.692147203002009f,-0.7341865995106079f,2.864650157095342f,2.568078521449541f,4.274928942952045f,-3.6607845622247046f,-1.324216736350903f,0.43056265737197635f,0.19494399088761794f,0f,0f,0f,1f], start_interpolation: 0, interpolation_duration: 1 }
$data merge entity $(bone_belt) { transformation: [0.9413039372867632f,0.1506324249822943f,-0.30208735523419483f,0.38705900479151417f,-0.09627394142209633f,0.9775444308234573f,0.18745189774738927f,2.798796609343938f,0.3235401456565969f,-0.14736606905932043f,0.934668398865882f,-0.3543202834866709f,0f,0f,0f,1f], start_interpolation: 0, interpolation_duration: 1 }
$data merge entity $(bone_torn_part) { transformation: [0.9252571526740379f,0.3077604144462504f,-0.22177179425121685f,0.44718499139920104f,-0.12695279104483573f,0.8021359040025677f,0.5834903429842775f,2.5144787941519398f,0.3574663484461973f,-0.5117240651072175f,0.781253026182098f,-0.25171666528246733f,0f,0f,0f,1f], start_interpolation: 0, interpolation_duration: 1 }
$data merge entity $(bone_lowerbody) { transformation: [0.9252571526740379f,0.22682825932887918f,-0.30405286085705985f,0.2888292951409718f,-0.12695279104483573f,0.940469538541111f,0.3152777123778273f,2.023326957483503f,0.3574663484461973f,-0.25311259914532197f,0.8989726480168578f,-0.2894533806988602f,0f,0f,0f,1f], start_interpolation: 0, interpolation_duration: 1 }
$data merge entity $(bone_leftfoot) { transformation: [0.9247322340904767f,0.2535927113684378f,-0.28383275352721327f,-0.14967729782436345f,-0.06308995458561886f,0.8375246084344683f,0.542745048708024f,0.3085827853641304f,0.37535310424241874f,-0.4839868459033726f,0.7904851549068364f,-0.050247724484344f,0f,0f,0f,1f], start_interpolation: 0, interpolation_duration: 1 }
$data merge entity $(bone_leftlowerleg) { transformation: [0.9247322340904767f,0.2535927113684378f,-0.28383275352721327f,0.17526177716115687f,-0.06308995458561886f,0.8375246084344683f,0.542745048708024f,1.154321245621719f,0.37535310424241874f,-0.4839868459033726f,0.7904851549068364f,-0.7086252173372807f,0f,0f,0f,1f], start_interpolation: 0, interpolation_duration: 1 }
$data merge entity $(bone_leftleg) { transformation: [0.8925208005377789f,-0.189274870864051f,-0.4093673703005636f,0.006279682542216142f,-0.030523815131906967f,0.8802440404015555f,-0.4735385159069305f,2.071452256728328f,0.44997212948936627f,0.43513842923481477f,0.7798587244404356f,-0.2472608072562871f,0f,0f,0f,1f], start_interpolation: 0, interpolation_duration: 1 }
$data merge entity $(bone_rightfoot) { transformation: [0.9675428566115016f,0.12870459548836083f,-0.2174763153086614f,0.5110283508600286f,0.022850529100471795f,0.8125034016712935f,0.5825084339238407f,0.2794663102103493f,0.2516717583279525f,-0.5685713230305888f,0.7831908941550345f,0.25543426225201527f,0f,0f,0f,1f], start_interpolation: 0, interpolation_duration: 1 }
$data merge entity $(bone_rightlowerleg) { transformation: [0.9675428566115016f,0.12870459548836083f,-0.2174763153086614f,0.6872242958682253f,0.022850529100471795f,0.8125034016712935f,0.5825084339238407f,1.0913373990414408f,0.2516717583279525f,-0.5685713230305888f,0.7831908941550345f,-0.49565840366180325f,0f,0f,0f,1f], start_interpolation: 0, interpolation_duration: 1 }
$data merge entity $(bone_rightleg) { transformation: [0.942954202411902f,-0.17377200299222917f,-0.2839729971842433f,0.47693114027704875f,0.023135307382925144f,0.8851109535894679f,-0.4648046443273138f,2.012603088814627f,0.33211764437625274f,0.431719690090702f,0.8386393619917665f,-0.06090969631218415f,0f,0f,0f,1f], start_interpolation: 0, interpolation_duration: 1 }
data modify entity @s data merge value {"locators":{"lefthand":{"posx":-0.4076556735342649,"posy":4.316017002546957,"posz":-1.0130288619101582,"roty":280.68017597856067,"rotx":20.434718737768478},"righthand":{"posx":1.680500263107382,"posy":3.9492627110237835,"posz":-0.5342595290856527,"roty":98.43865229366291,"rotx":9.066602370995929},"chest":{"posx":0.8415170479014817,"posy":2.34191562318469,"posz":-0.5615998267202196,"roty":197.91097292662704,"rotx":10.804117069610546},"sack":{"posx":0,"posy":-0.4375,"posz":0,"roty":0,"rotx":0}},"cameras":{}}