# This file was generated by Animated Java via MC-Build. It is not recommended to edit this file directly.
$data merge entity $(bone_nose) { transformation: [-0.9982194604409909f,0.038581742209985975f,-0.04549019636074553f,0.10989937976012723f,0.03352600908828786f,0.9936834949987282f,0.10709397033318319f,3.8943933495026037f,0.049334729263562804f,0.10537818054585525f,-0.9932076940667223f,0.31897789839399393f,0f,0f,0f,1f], start_interpolation: 0, interpolation_duration: 1 }
$data merge entity $(bone_glowing_eye) { transformation: [-0.9982194604409909f,0.038581742209985975f,-0.04549019636074553f,-0.01067834653734416f,0.03352600908828786f,0.9936834949987282f,0.10709397033318319f,3.9621274358999425f,0.049334729263562804f,0.10537818054585525f,-0.9932076940667223f,0.3669383018118777f,0f,0f,0f,1f], start_interpolation: 0, interpolation_duration: 1 }
$data merge entity $(bone_head) { transformation: [-0.9982194604409909f,0.038581742209985975f,-0.04549019636074553f,0.09661716008045118f,0.03352600908828786f,0.9936834949987282f,0.10709397033318319f,3.791750298215823f,0.049334729263562804f,0.10537818054585525f,-0.9932076940667223f,0.11998302321454189f,0f,0f,0f,1f], start_interpolation: 0, interpolation_duration: 1 }
$data merge entity $(bone_leftthumb2) { transformation: [-0.21505244115915906f,0.6920402299511592f,0.6890811038481847f,-0.19429684019684032f,-0.48249336506271834f,0.5381735386716394f,-0.6910639586493426f,2.1706820714149435f,-0.8490892769443864f,-0.4810920519014964f,0.218169286049313f,0.8111259312437261f,0f,0f,0f,1f], start_interpolation: 0, interpolation_duration: 1 }
$data merge entity $(bone_leftthumb) { transformation: [-0.21505244115915906f,0.6920402299511592f,0.6890811038481847f,0.034307984329063096f,-0.48249336506271834f,0.5381735386716394f,-0.6910639586493426f,2.243608497226347f,-0.8490892769443864f,-0.4810920519014964f,0.218169286049313f,0.7117859154678325f,0f,0f,0f,1f], start_interpolation: 0, interpolation_duration: 1 }
$data merge entity $(bone_leftpointerfinger) { transformation: [-0.4387748906742817f,0.576752830624297f,0.6890811038481847f,-0.13694567862899437f,-0.6374616455581542f,0.3406952531195442f,-0.6910639586493426f,2.0873993935917623f,-0.6333397553888926f,-0.7424842872873949f,0.218169286049313f,0.9727400699473648f,0f,0f,0f,1f], start_interpolation: 0, interpolation_duration: 1 }
$data merge entity $(bone_leftmidfinger) { transformation: [-0.21505244115915906f,0.6920402299511592f,0.6890811038481847f,-0.029276756152715508f,-0.48249336506271834f,0.5381735386716394f,-0.6910639586493426f,1.9794206500528024f,-0.8490892769443864f,-0.4810920519014964f,0.218169286049313f,1.00682902089257f,0f,0f,0f,1f], start_interpolation: 0, interpolation_duration: 1 }
$data merge entity $(bone_leftringfinger) { transformation: [0.06614978172890074f,0.7216588104475588f,0.6890811038481847f,0.07839216632356334f,-0.23981564756701249f,0.6818497343534824f,-0.6910639586493426f,1.8714419065138426f,-0.9685621619489547f,-0.11953870112018017f,0.218169286049313f,1.0409179718377752f,0f,0f,0f,1f], start_interpolation: 0, interpolation_duration: 1 }
$data merge entity $(bone_invisibility) { transformation: [0.7494641833628017f,-0.6261436619561154f,0.2150524411591592f,-0.12310989569068438f,0.47589543327573963f,0.7353391661388304f,0.4824933650627181f,2.0773903671425047f,-0.46024664522799547f,-0.2592690211622568f,0.8490892769443862f,0.7540985971545252f,0f,0f,0f,1f], start_interpolation: 0, interpolation_duration: 1 }
$data merge entity $(bone_swiftness) { transformation: [0.6890811038481847f,0.6920402299511592f,0.21505244115915922f,-0.09882171720786476f,-0.6910639586493427f,0.5381735386716394f,0.48249336506271817f,1.8498083338369158f,0.2181692860493128f,-0.4810920519014964f,0.8490892769443864f,0.8159300975973557f,0f,0f,0f,1f], start_interpolation: 0, interpolation_duration: 1 }
$data merge entity $(bone_suspicious_stew) { transformation: [0.9184197076540519f,-0.3320507312808274f,0.2150524411591592f,-0.026346574498110342f,0.19569461991914472f,0.853758612492522f,0.4824933650627185f,1.9225889902705198f,-0.3438151484843963f,-0.4010468095505954f,0.8490892769443866f,0.817556528221654f,0f,0f,0f,1f], start_interpolation: 0, interpolation_duration: 1 }
$data merge entity $(bone_log) { transformation: [-0.21505244115915906f,0.6920402299511592f,0.6890811038481847f,0.07229796462999705f,-0.48249336506271834f,0.5381735386716394f,-0.6910639586493426f,1.912233306568157f,-0.8490892769443864f,-0.4810920519014964f,0.218169286049313f,0.6880445873039922f,0f,0f,0f,1f], start_interpolation: 0, interpolation_duration: 1 }
$data merge entity $(bone_planks) { transformation: [-0.21505244115915906f,0.6920402299511592f,0.6890811038481847f,0.05213679827132589f,-0.48249336506271834f,0.5381735386716394f,-0.6910639586493426f,1.866999553593527f,-0.8490892769443864f,-0.4810920519014964f,0.218169286049313f,0.6084424675904561f,0f,0f,0f,1f], start_interpolation: 0, interpolation_duration: 1 }
$data merge entity $(bone_lefthand1) { transformation: [-0.21505244115915906f,0.6920402299511592f,0.6890811038481847f,0.2775373479123208f,-0.48249336506271834f,0.5381735386716394f,-0.6910639586493426f,2.1889957812095386f,-0.8490892769443864f,-0.4810920519014964f,0.218169286049313f,0.7732261033756738f,0f,0f,0f,1f], start_interpolation: 0, interpolation_duration: 1 }
$data merge entity $(bone_leftforearm) { transformation: [-0.11549037208156959f,0.7113710617357157f,0.6932627110132642f,0.7722001258742256f,-0.3529372204649211f,0.6230023752225745f,-0.6980711703526556f,2.6103639496278563f,-0.9284919452353673f,-0.32529871348044226f,0.17911854912602648f,0.4638497809317975f,0f,0f,0f,1f], start_interpolation: 0, interpolation_duration: 1 }
$data merge entity $(bone_leftelbow) { transformation: [-0.11549037208156959f,0.7113710617357157f,0.6932627110132642f,0.9055821999496723f,-0.3529372204649211f,0.6230023752225745f,-0.6980711703526556f,2.727176894982089f,-0.9284919452353673f,-0.32529871348044226f,0.17911854912602648f,0.4028562721542146f,0f,0f,0f,1f], start_interpolation: 0, interpolation_duration: 1 }
$data merge entity $(bone_leftarm) { transformation: [-0.8570529565742939f,0.30473649628254496f,0.4154466240814813f,0.8135673822307294f,0.1031808346359551f,0.8915158424030861f,-0.4410818723413417f,3.25162466716687f,-0.5047909913925653f,-0.335164393362055f,-0.7955192545948568f,0.18228756853851397f,0f,0f,0f,1f], start_interpolation: 0, interpolation_duration: 1 }
$data merge entity $(bone_rightthumb2) { transformation: [-0.47936495311569194f,-0.8668396538902459f,-0.13710673275893231f,-0.6065794015361934f,-0.22891785610191032f,0.2743207008367373f,-0.9339939872665921f,2.3834383265475534f,0.8472342396776087f,-0.4163378045960754f,-0.32993480504794326f,0.7269787538794996f,0f,0f,0f,1f], start_interpolation: 0, interpolation_duration: 1 }
$data merge entity $(bone_rightthumb) { transformation: [-0.47936495311569194f,-0.8668396538902459f,-0.13710673275893231f,-0.8308821239701185f,-0.22891785610191032f,0.2743207008367373f,-0.9339939872665921f,2.370896629855672f,0.8472342396776087f,-0.4163378045960754f,-0.32993480504794326f,0.596679626233462f,0f,0f,0f,1f], start_interpolation: 0, interpolation_duration: 1 }
$data merge entity $(bone_rightpointerfinger) { transformation: [-0.9231985324138473f,-0.38423232191514634f,-0.008366154708948192f,-0.7762040474551649f,-0.2002101920716916f,0.4994003596417302f,-0.8429206129762918f,2.1472928736157395f,0.3280554049844861f,-0.7765080833999127f,-0.5379729060789762f,0.8590492891501524f,0f,0f,0f,1f], start_interpolation: 0, interpolation_duration: 1 }
$data merge entity $(bone_rightmidfinger) { transformation: [-0.9654528228970051f,-0.2604435720373802f,-0.008366154708948192f,-0.7775112591284381f,-0.13331253878678284f,0.5212605943497893f,-0.8429206129762918f,2.015586527838194f,0.2238942021634922f,-0.8126847719519016f,-0.5379729060789762f,0.7749910225753124f,0f,0f,0f,1f], start_interpolation: 0, interpolation_duration: 1 }
$data merge entity $(bone_rightringfinger) { transformation: [-0.9844781363924765f,-0.17530774774830205f,-0.008366154708948192f,-0.7788184708017113f,-0.08737439006290168f,0.5308959937509502f,-0.8429206129762918f,1.8838801820606483f,0.15221207220957322f,-0.8291059265248372f,-0.5379729060789762f,0.6909327560004723f,0f,0f,0f,1f], start_interpolation: 0, interpolation_duration: 1 }
$data merge entity $(bone_hugeasssword) { transformation: [-3.470939933667618f,-1.8143263349167535f,-0.03276743927671376f,-0.6360783975950268f,-0.9516479360485229f,1.88019787980946f,-3.3014390674904766f,2.1908073779093575f,1.545063092712981f,-2.917765182629563f,-2.1070605488093235f,0.5272917164523243f,0f,0f,0f,1f], start_interpolation: 0, interpolation_duration: 1 }
$data merge entity $(bone_ice) { transformation: [-0.8861974298725832f,-0.4632322557234264f,-0.008366154708948192f,-0.6149935587575892f,-0.2429739411187718f,0.48005052250454294f,-0.8429206129762918f,2.187103056325205f,0.39448419388416534f,-0.7449613232245693f,-0.5379729060789762f,0.5327679215982681f,0f,0f,0f,1f], start_interpolation: 0, interpolation_duration: 1 }
$data merge entity $(bone_righthand1) { transformation: [-0.8861974298725832f,-0.4632322557234264f,-0.008366154708948192f,-0.9526124224912462f,-0.2429739411187718f,0.48005052250454294f,-0.8429206129762918f,2.2200309325161385f,0.39448419388416534f,-0.7449613232245693f,-0.5379729060789762f,0.42833698594819913f,0f,0f,0f,1f], start_interpolation: 0, interpolation_duration: 1 }
$data merge entity $(bone_rightforearm) { transformation: [-0.8681445535642917f,-0.3526556872063426f,-0.3492262882397015f,-1.1408577572066922f,-0.05912153621196302f,0.7721151142042642f,-0.632726555767398f,2.7765058206381252f,0.49277751376518225f,-0.5286513186386265f,-0.6911570771026272f,0.03662976224981948f,0f,0f,0f,1f], start_interpolation: 0, interpolation_duration: 1 }
$data merge entity $(bone_rightelbow) { transformation: [-0.8681445535642917f,-0.3526556872063426f,-0.3492262882397015f,-1.2069806985578815f,-0.05912153621196302f,0.7721151142042642f,-0.632726555767398f,2.9212774045514247f,0.49277751376518225f,-0.5286513186386265f,-0.6911570771026272f,-0.062492359994922975f,0f,0f,0f,1f], start_interpolation: 0, interpolation_duration: 1 }
$data merge entity $(bone_rightarm) { transformation: [-0.9094940973689959f,0.40335681167310544f,0.1006169435426365f,-0.7919753376982952f,0.39056186209543253f,0.911970528544717f,-0.12558338641085484f,3.3090830391200887f,-0.1424146015249262f,-0.07492020783991915f,-0.9869676001418282f,0.029222531245832503f,0f,0f,0f,1f], start_interpolation: 0, interpolation_duration: 1 }
$data merge entity $(bone_chest1) { transformation: [-1.068761487129244f,0.040251221723303185f,0.1724524105084623f,0.08292933715312709f,0.06670781009056136f,1.0687742275751868f,0.16395984159267596f,3.15646245988156f,-0.16404286882799668f,0.1723734339506969f,-1.056876741898428f,-0.06451973177453167f,0f,0f,0f,1f], start_interpolation: 0, interpolation_duration: 1 }
$data merge entity $(bone_chest1lid) { transformation: [-0.986549065042379f,0.0960174975595896f,0.13229354642763844f,-0.3415914657681806f,0.061576440083595106f,0.9679797431052947f,-0.2433589097699924f,2.4439967046949134f,-0.15142418661045848f,-0.2319393392682709f,-0.9608719262259454f,0.15679644021458564f,0f,0f,0f,1f], start_interpolation: 0, interpolation_duration: 1 }
$data merge entity $(bone_chest2) { transformation: [-0.986549065042379f,0.03715497389843371f,0.15918684046934983f,-0.3473969304398109f,0.061576440083595106f,0.9865608254540187f,0.15134754608554704f,2.289846575717723f,-0.15142418661045848f,0.15911393903141255f,-0.9755785309831643f,0.13193488724092742f,0f,0f,0f,1f], start_interpolation: 0, interpolation_duration: 1 }
$data merge entity $(bone_chest1lid3) { transformation: [-0.986549065042379f,0.03715497389843371f,0.15918684046934983f,-0.17795307952735476f,0.061576440083595106f,0.9865608254540187f,0.15134754608554704f,2.537105198900742f,-0.15142418661045848f,0.15911393903141255f,-0.9755785309831643f,-0.4587195445333503f,0f,0f,0f,1f], start_interpolation: 0, interpolation_duration: 1 }
$data merge entity $(bone_chest3) { transformation: [-0.986549065042379f,0.03715497389843371f,0.15918684046934983f,-0.18375854419898502f,0.061576440083595106f,0.9865608254540187f,0.15134754608554704f,2.3829550699235518f,-0.15142418661045848f,0.15911393903141255f,-0.9755785309831643f,-0.4835810975070085f,0f,0f,0f,1f], start_interpolation: 0, interpolation_duration: 1 }
$data merge entity $(bone_hugeasssword2) { transformation: [-0.6234817918382878f,2.9471420650280944f,-2.50317835592389f,-1.0472658796383016f,-0.5927778888350591f,2.4326883499605993f,3.0117967302346296f,4.4171315706938525f,3.8210159130173937f,0.8582883072055046f,0.05879074723066915f,-0.3249228118538886f,0f,0f,0f,1f], start_interpolation: 0, interpolation_duration: 1 }
$data merge entity $(bone_belt) { transformation: [-0.986549065042379f,0.03715497389843371f,0.15918684046934983f,0.07888937438260102f,0.061576440083595106f,0.9865608254540187f,0.15134754608554704f,2.7417016977216697f,-0.15142418661045848f,0.15911393903141255f,-0.9755785309831643f,0.004656008960009145f,0f,0f,0f,1f], start_interpolation: 0, interpolation_duration: 1 }
$data merge entity $(bone_torn_part) { transformation: [-0.986549065042379f,-0.05419483988280996f,0.15422017246159506f,-0.05506213035021907f,0.061576440083595106f,0.7507379837260015f,0.6577239708400854f,2.4773746342198657f,-0.15142418661045848f,0.6583732976975104f,-0.7373027306258038f,-0.04541665778320632f,0f,0f,0f,1f], start_interpolation: 0, interpolation_duration: 1 }
$data merge entity $(bone_lowerbody) { transformation: [-0.986549065042379f,0.0576151600840852f,0.15297527771667147f,-0.0083639990308884f,0.061576440083595106f,0.9978754797214867f,0.021280718908067566f,1.981124822313748f,-0.15142418661045848f,0.030414146364775685f,-0.9880008580007728f,0.09345782369215432f,0f,0f,0f,1f], start_interpolation: 0, interpolation_duration: 1 }
$data merge entity $(bone_leftfoot) { transformation: [-0.9416938755169095f,-0.25787267689424015f,0.21613497478506705f,0.2798634554626648f,-0.2454709341345277f,0.9658560379854734f,0.08286214082514434f,0.12565064404779602f,-0.2301231524837625f,0.02497591636762489f,-0.9728409624869485f,0.5636083439849647f,0f,0f,0f,1f], start_interpolation: 0, interpolation_duration: 1 }
$data merge entity $(bone_leftlowerleg) { transformation: [-0.9416938755169095f,-0.2757287977659067f,0.19283743126403252f,-0.05565180720884477f,-0.2454709341345277f,0.9549587527317517f,0.16672672574047465f,1.1594411783789844f,-0.2301231524837625f,0.10966955212630741f,-0.966962214374145f,0.8338425171539865f,0f,0f,0f,1f], start_interpolation: 0, interpolation_duration: 1 }
$data merge entity $(bone_leftleg) { transformation: [-0.9471504264621643f,0.11011701923288275f,0.30129771278223294f,0.035770187162080025f,-0.10457885063452747f,0.7819323836409716f,-0.6145282836562606f,1.8137205935929135f,-0.30326446157191117f,-0.6135600944396671f,-0.7290916793234479f,0.27528986210383183f,0f,0f,0f,1f], start_interpolation: 0, interpolation_duration: 1 }
$data merge entity $(bone_rightfoot) { transformation: [-0.5946050838227955f,0.038006360146770446f,0.8031191137561602f,-0.2776331900488039f,0.17215297969629284f,0.9817345405800574f,0.08099779882041114f,0.16400196867972916f,-0.7853713426614024f,0.18642105144124138f,-0.5902872569400156f,-0.3379055961833665f,0f,0f,0f,1f], start_interpolation: 0, interpolation_duration: 1 }
$data merge entity $(bone_rightlowerleg) { transformation: [-0.5946050838227955f,-0.20525526529099253f,0.7773770451733255f,-0.6247788319473075f,0.17215297969629284f,0.9119403646338458f,0.3724622436344072f,1.118458616483291f,-0.7853713426614024f,0.35529571827115075f,-0.5069090714363012f,0.13413495237269152f,0f,0f,0f,1f], start_interpolation: 0, interpolation_duration: 1 }
$data merge entity $(bone_rightleg) { transformation: [-0.6210695494640052f,0.3550836874471469f,0.6987046512207532f,-0.3081300879326815f,0.033393313594557064f,0.9026620659584219f,-0.4290525390751689f,1.929731534096148f,-0.7830437416490558f,-0.2431394036116124f,-0.5724733435502795f,-0.06485750941078428f,0f,0f,0f,1f], start_interpolation: 0, interpolation_duration: 1 }
data modify entity @s data merge value {"locators":{"lefthand":{"posx":0.02762659577610599,"posy":1.9262201261879612,"posz":0.8018231284778125,"roty":107.56825631596115,"rotx":-43.71438953101342},"righthand":{"posx":-0.690705842645138,"posy":2.169994094508941,"posz":0.5897966621077766,"roty":359.10905044866274,"rotx":-57.44982648498985},"chest":{"posx":-0.399616253742743,"posy":2.360612862780783,"posz":0.29455395865966494,"roty":9.267379604718371,"rotx":8.705026897929876},"sack":{"posx":-0.6249977100748221,"posy":2.1875091885291065,"posz":0.3124938942403798,"roty":273.9842596922002,"rotx":11.444425943988207}},"cameras":{}}