# This file was generated by Animated Java via MC-Build. It is not recommended to edit this file directly.
$data merge entity $(bone_nose) { transformation: [-0.9480442688807114f,-0.14882686304142925f,0.28118077651163353f,0.10155982563386075f,0.04662872306589756f,0.8092840756576236f,0.5855638710441666f,3.671765092235518f,-0.31470275884980947f,0.5682515725664412f,-0.760297523242109f,0.3186038547166687f,0f,0f,0f,1f], start_interpolation: 0, interpolation_duration: 1 }
$data merge entity $(bone_glowing_eye) { transformation: [-0.9480442688807114f,-0.14882686304142925f,0.28118077651163353f,-0.03683447475675394f,0.04662872306589756f,0.8092840756576236f,0.5855638710441666f,3.7119551727163858f,-0.31470275884980947f,0.5682515725664412f,-0.760297523242109f,0.34427231562670324f,0f,0f,0f,1f], start_interpolation: 0, interpolation_duration: 1 }
$data merge entity $(bone_head) { transformation: [-0.9480442688807114f,-0.14882686304142925f,0.28118077651163353f,0.17258900790395532f,0.04662872306589756f,0.8092840756576236f,0.5855638710441666f,3.681486986258427f,-0.31470275884980947f,0.5682515725664412f,-0.760297523242109f,0.10606841360762786f,0f,0f,0f,1f], start_interpolation: 0, interpolation_duration: 1 }
$data merge entity $(bone_leftthumb2) { transformation: [0.3233527530703178f,0.9040982327682102f,0.27937319589975934f,-0.25918509610481066f,0.1788375222278576f,0.23152660627644736f,-0.9562492202504069f,2.6266131135364317f,-0.9292255580456484f,0.3591682281209046f,-0.08682192225033464f,0.09959838221809246f,0f,0f,0f,1f], start_interpolation: 0, interpolation_duration: 1 }
$data merge entity $(bone_leftthumb) { transformation: [0.3233527530703178f,0.9040982327682102f,0.27937319589975934f,-0.013587250366549147f,0.1788375222278576f,0.23152660627644736f,-0.9562492202504069f,2.601674609536634f,-0.9292255580456484f,0.3591682281209046f,-0.08682192225033464f,0.18026211198232545f,0f,0f,0f,1f], start_interpolation: 0, interpolation_duration: 1 }
$data merge entity $(bone_leftpointerfinger) { transformation: [-0.00536761118088136f,0.9601675927477274f,0.27937319589975934f,-0.3325155718028828f,0.08886553689477747f,0.27872987841796126f,-0.9562492202504069f,2.4613204056592655f,-0.9960291688011019f,0.019693875041316755f,-0.08682192225033464f,0.159974304935912f,0f,0f,0f,1f], start_interpolation: 0, interpolation_duration: 1 }
$data merge entity $(bone_leftmidfinger) { transformation: [0.3233527530703178f,0.9040982327682102f,0.27937319589975934f,-0.2888635099435455f,0.1788375222278576f,0.23152660627644736f,-0.9562492202504069f,2.3119064649951393f,-0.9292255580456484f,0.3591682281209046f,-0.08682192225033464f,0.14640837958429723f,0f,0f,0f,1f], start_interpolation: 0, interpolation_duration: 1 }
$data merge entity $(bone_leftringfinger) { transformation: [0.6447224052537932f,0.711536111224524f,0.27937319589975934f,-0.24521144808420806f,0.25382572280506155f,0.1454645359287844f,-0.9562492202504069f,2.162492524331013f,-0.721044743830958f,0.6874274006835233f,-0.08682192225033464f,0.13284245423268243f,0f,0f,0f,1f], start_interpolation: 0, interpolation_duration: 1 }
$data merge entity $(bone_invisibility) { transformation: [0.9250068444302383f,-0.19951274355052823f,-0.32335275307031763f,-0.18173159876504277f,0.14730296659697878f,0.9727892766036894f,-0.1788375222278578f,2.5500584517713003f,0.35023445545654414f,0.11779511231715495f,0.9292255580456482f,0.027741722823399803f,0f,0f,0f,1f], start_interpolation: 0, interpolation_duration: 1 }
$data merge entity $(bone_swiftness) { transformation: [0.2793731958997594f,0.9040982327682102f,-0.32335275307031774f,-0.23493806005107604f,-0.9562492202504069f,0.23152660627644736f,-0.17883752222785781f,2.348723530497921f,-0.08682192225033485f,0.3591682281209046f,0.9292255580456484f,-0.08557179754284422f,0f,0f,0f,1f], start_interpolation: 0, interpolation_duration: 1 }
$data merge entity $(bone_suspicious_stew) { transformation: [0.937459483032003f,0.1288903206420718f,-0.32335275307031774f,-0.17172872919484777f,-0.19429401707861355f,0.964503486551944f,-0.1788375222278576f,2.3599089133051403f,0.28882443213970915f,0.23047843646191268f,0.9292255580456487f,-0.005373398291705342f,0f,0f,0f,1f], start_interpolation: 0, interpolation_duration: 1 }
$data merge entity $(bone_log) { transformation: [0.3233527530703178f,0.9040982327682102f,0.27937319589975934f,-0.015306510940677975f,0.1788375222278576f,0.23152660627644736f,-0.9562492202504069f,2.36079157459932f,-0.9292255580456484f,0.3591682281209046f,-0.08682192225033464f,-0.05166204344885622f,0f,0f,0f,1f], start_interpolation: 0, interpolation_duration: 1 }
$data merge entity $(bone_planks) { transformation: [0.3233527530703178f,0.9040982327682102f,0.27937319589975934f,0.015007809659664306f,0.1788375222278576f,0.23152660627644736f,-0.9562492202504069f,2.377557592308182f,-0.9292255580456484f,0.3591682281209046f,-0.08682192225033464f,-0.1387769395156358f,0f,0f,0f,1f], start_interpolation: 0, interpolation_duration: 1 }
$data merge entity $(bone_lefthand1) { transformation: [0.3233527530703178f,0.9040982327682102f,0.27937319589975934f,0.12114944661192761f,0.1788375222278576f,0.23152660627644736f,-0.9562492202504069f,2.4038466337442927f,-0.9292255580456484f,0.3591682281209046f,-0.08682192225033464f,0.273149588163105f,0f,0f,0f,1f], start_interpolation: 0, interpolation_duration: 1 }
$data merge entity $(bone_leftforearm) { transformation: [0.4671983268663943f,0.8291913609725974f,0.3068670889190521f,0.7500555866732336f,0.2534011812737698f,0.20693774005188154f,-0.9449680487039114f,2.5787086553923815f,-0.8470617242576245f,0.5192479741227995f,-0.11343710445470906f,0.5762278726448969f,0f,0f,0f,1f], start_interpolation: 0, interpolation_duration: 1 }
$data merge entity $(bone_leftelbow) { transformation: [0.4671983268663943f,0.8291913609725974f,0.3068670889190521f,0.9055289668555956f,0.2534011812737698f,0.20693774005188154f,-0.9449680487039114f,2.6175094816521094f,-0.8470617242576245f,0.5192479741227995f,-0.11343710445470906f,0.6735868677929219f,0f,0f,0f,1f], start_interpolation: 0, interpolation_duration: 1 }
$data merge entity $(bone_leftarm) { transformation: [-0.6501870556576439f,0.24916807016346296f,0.717754878399485f,0.8070809961962014f,-0.046358477650919314f,0.929924442638459f,-0.36481697127935325f,3.117967591781885f,-0.758358545943232f,-0.2704732958991829f,-0.5930737829311796f,0.4052355634873135f,0f,0f,0f,1f], start_interpolation: 0, interpolation_duration: 1 }
$data merge entity $(bone_rightthumb2) { transformation: [-0.974780611990371f,-0.18591205490810653f,0.12344823339166469f,-1.2184913271303552f,-0.22316125646228385f,0.8153812513355148f,-0.5341839276735163f,1.8152720873591763f,-0.0013461433253875166f,-0.5482609988047435f,-0.8363062029470859f,-0.17547859756832923f,0f,0f,0f,1f], start_interpolation: 0, interpolation_duration: 1 }
$data merge entity $(bone_rightthumb) { transformation: [-0.974780611990371f,-0.18591205490810653f,0.12344823339166469f,-1.2535352868510883f,-0.22316125646228385f,0.8153812513355148f,-0.5341839276735163f,1.9695882008906669f,-0.0013461433253875166f,-0.5482609988047435f,-0.8363062029470859f,-0.38140413290605213f,0f,0f,0f,1f], start_interpolation: 0, interpolation_duration: 1 }
$data merge entity $(bone_rightpointerfinger) { transformation: [-0.8348221981114983f,0.4062445861312411f,0.37153362402256807f,-1.4398709952518354f,0.21567298221408826f,0.8622738743788104f,-0.4582236684269341f,1.6753638931644261f,-0.5065146219835791f,-0.30240552541713245f,-0.8074613525822892f,-0.35822585875101287f,0f,0f,0f,1f], start_interpolation: 0, interpolation_duration: 1 }
$data merge entity $(bone_rightmidfinger) { transformation: [-0.7746546195407125f,0.5117352700810167f,0.37153362402256807f,-1.381818866498309f,0.3263771954268202f,0.8267460287166102f,-0.4582236684269341f,1.6037664449727176f,-0.5416531609153199f,-0.2337049793145678f,-0.8074613525822892f,-0.48439169509199553f,0f,0f,0f,1f], start_interpolation: 0, interpolation_duration: 1 }
$data merge entity $(bone_rightringfinger) { transformation: [-0.7271061572846516f,0.5773035616202316f,0.37153362402256807f,-1.3237667377447828f,0.3971908958587247f,0.7951543635925711f,-0.4582236684269341f,1.532168996781009f,-0.559960738164464f,-0.18560747775962202f,-0.8074613525822892f,-0.6105575314329782f,0f,0f,0f,1f], start_interpolation: 0, interpolation_duration: 1 }
$data merge entity $(bone_hugeasssword) { transformation: [-3.3959536519770315f,1.300095020200629f,1.4551733607550583f,-1.0898882521946016f,0.5471589656005353f,3.4380100535824583f,-1.7947093680054922f,1.7521193877228574f,-1.8730706440934357f,-1.3528183868107528f,-3.162556964280633f,-0.41490451868775646f,0f,0f,0f,1f], start_interpolation: 0, interpolation_duration: 1 }
$data merge entity $(bone_ice) { transformation: [-0.8670519962494547f,0.33193915409377756f,0.37153362402256807f,-1.081527114035919f,0.13970016142992392f,0.8777898009146701f,-0.4582236684269341f,1.736221107061223f,-0.47823080274726015f,-0.3454004391857241f,-0.8074613525822892f,-0.40203528053255355f,0f,0f,0f,1f], start_interpolation: 0, interpolation_duration: 1 }
$data merge entity $(bone_righthand1) { transformation: [-0.8670519962494547f,0.33193915409377756f,0.37153362402256807f,-1.2036948988241332f,0.13970016142992392f,0.8777898009146701f,-0.4582236684269341f,1.9762741080090298f,-0.47823080274726015f,-0.3454004391857241f,-0.8074613525822892f,-0.6331762582839962f,0f,0f,0f,1f], start_interpolation: 0, interpolation_duration: 1 }
$data merge entity $(bone_rightforearm) { transformation: [-0.9231340294581847f,0.24544906830167787f,0.29593634201654523f,-0.978041651177388f,0.2378092298864604f,0.9693221424531201f,-0.06213979667573442f,2.6439365968765345f,-0.30210980427173173f,0.0130130326953877f,-0.9531843091149605f,-0.5902511020731472f,0f,0f,0f,1f], start_interpolation: 0, interpolation_duration: 1 }
$data merge entity $(bone_rightelbow) { transformation: [-0.9231340294581847f,0.24544906830167787f,0.29593634201654523f,-0.9320199508708233f,0.2378092298864604f,0.9693221424531201f,-0.06213979667573442f,2.8256844985864946f,-0.30210980427173173f,0.0130130326953877f,-0.9531843091149605f,-0.587811158442762f,0f,0f,0f,1f], start_interpolation: 0, interpolation_duration: 1 }
$data merge entity $(bone_rightarm) { transformation: [-0.8446575090169305f,0.260674717948714f,0.4675493384485455f,-0.6416423617452552f,0.32323082121214325f,0.9445838423962754f,0.05729922252885904f,3.22853006687687f,-0.42670309195017286f,0.1995245751937505f,-0.8821079385278855f,-0.29724174356375144f,0f,0f,0f,1f], start_interpolation: 0, interpolation_duration: 1 }
$data merge entity $(bone_chest1) { transformation: [-0.9418645507466983f,0.0077208661153082185f,0.5352033888011739f,0.20623671376074734f,0.10243134667898306f,1.0658008894085007f,0.16488600445365245f,3.0481477347882353f,-0.5253666323391323f,0.19395866434266193f,-0.9273516319402045f,-0.08252767614033366f,0f,0f,0f,1f], start_interpolation: 0, interpolation_duration: 1 }
$data merge entity $(bone_chest1lid) { transformation: [-0.8694134314584908f,0.4555231740799615f,0.19136071455680007f,-0.2888003449708659f,0.0945520123190613f,0.5335373706703394f,-0.840474741479241f,2.3484819883103087f,-0.4849538144668914f,-0.712626488403496f,-0.5069351890130669f,-0.035491880214407606f,0f,0f,0f,1f], start_interpolation: 0, interpolation_duration: 1 }
$data merge entity $(bone_chest2) { transformation: [-0.8694134314584908f,0.007126953337207587f,0.4940338973549298f,-0.28991393142980454f,0.0945520123190613f,0.9838162056078468f,0.15220246564952536f,2.194760706184083f,-0.4849538144668914f,0.1790387670855341f,-0.8560168910217273f,-0.06346668757152231f,0f,0f,0f,1f], start_interpolation: 0, interpolation_duration: 1 }
$data merge entity $(bone_chest1lid3) { transformation: [-0.8694134314584908f,0.007126953337207587f,0.4940338973549298f,0.08202845998829175f,0.0945520123190613f,0.9838162056078468f,0.15220246564952536f,2.4400771920970943f,-0.4849538144668914f,0.1790387670855341f,-0.8560168910217273f,-0.5535680876210209f,0f,0f,0f,1f], start_interpolation: 0, interpolation_duration: 1 }
$data merge entity $(bone_chest3) { transformation: [-0.8694134314584908f,0.007126953337207587f,0.4940338973549298f,0.08091487352935306f,0.0945520123190613f,0.9838162056078468f,0.15220246564952536f,2.2863559099708683f,-0.4849538144668914f,0.1790387670855341f,-0.8560168910217273f,-0.5815428949781356f,0f,0f,0f,1f], start_interpolation: 0, interpolation_duration: 1 }
$data merge entity $(bone_hugeasssword2) { transformation: [-1.934966097973476f,2.5294370669348893f,-2.2799412496568636f,-0.7257716170089352f,-0.596126323793974f,2.3302033601810144f,3.091126571989372f,4.346486371453941f,3.3527328231684317f,1.8741339873111285f,-0.766212889366987f,-0.6990622291430378f,0f,0f,0f,1f], start_interpolation: 0, interpolation_duration: 1 }
$data merge entity $(bone_belt) { transformation: [-0.8694134314584908f,0.007126953337207587f,0.4940338973549298f,0.16657378763225988f,0.0945520123190613f,0.9838162056078468f,0.15220246564952536f,2.633312159584211f,-0.4849538144668914f,0.1790387670855341f,-0.8560168910217273f,-0.026256972671436354f,0f,0f,0f,1f], start_interpolation: 0, interpolation_duration: 1 }
$data merge entity $(bone_torn_part) { transformation: [-0.8694134314584908f,-0.1957191267205297f,0.4536676191170418f,0.04247598172187356f,0.0945520123190613f,0.8353209673445522f,0.5415706772721155f,2.3861105905052913f,-0.4849538144668914f,0.5137440072159626f,-0.7077336313074976f,-0.1065465391626816f,0f,0f,0f,1f], start_interpolation: 0, interpolation_duration: 1 }
$data merge entity $(bone_lowerbody) { transformation: [-0.8694134314584908f,0.14168237504806575f,0.4733353882822531f,-0.0083639990308884f,0.0945520123190613f,0.9880079063751267f,-0.12206676003996689f,1.9116168981481483f,-0.4849538144668914f,-0.06137166724945655f,-0.8723836978606568f,0.09345782369215432f,0f,0f,0f,1f], start_interpolation: 0, interpolation_duration: 1 }
$data merge entity $(bone_leftfoot) { transformation: [-0.9727538973497342f,-0.22839648133280754f,0.0396464271574725f,0.2299210547948655f,-0.21727766898001397f,0.957945810534099f,0.18742764614364996f,0.1946566712050113f,-0.08078669753059095f,0.17372448089773251f,-0.9814822941439971f,0.6409071385986422f,0f,0f,0f,1f], start_interpolation: 0, interpolation_duration: 1 }
$data merge entity $(bone_leftlowerleg) { transformation: [-0.9727538973497342f,-0.22783899780087044f,0.042733861897273503f,-0.02940370431034542f,-0.21727766898001397f,0.96039467934801f,0.17444586076721386f,1.2332916753004683f,-0.08078669753059095f,0.16042541314441805f,-0.9837435518461064f,0.9700269741688459f,0f,0f,0f,1f], start_interpolation: 0, interpolation_duration: 1 }
$data merge entity $(bone_leftleg) { transformation: [-0.9786114466768431f,0.0844682641831439f,0.18754300342246621f,0.035855635287265125f,-0.09519437778025919f,0.622246685549515f,-0.7770188621262366f,1.744244406499714f,-0.18232892519797267f,-0.7782418292280955f,-0.6009134462388958f,0.2752493040724538f,0f,0f,0f,1f], start_interpolation: 0, interpolation_duration: 1 }
$data merge entity $(bone_rightfoot) { transformation: [-0.5000843949281251f,0.033886672081455516f,0.8653165344322338f,-0.2895381672644976f,0.17111204959592685f,0.9833899889368353f,0.060381654390059936f,0.16293668264769667f,-0.8489028019742076f,0.17825986673690175f,-0.49758121088134233f,-0.28065126360442355f,0f,0f,0f,1f], start_interpolation: 0, interpolation_duration: 1 }
$data merge entity $(bone_rightlowerleg) { transformation: [-0.5000843949281251f,-0.2722349829261026f,0.8220761068038602f,-0.7178572486755885f,0.17111204959592685f,0.8995112131615695f,0.4019718795197883f,1.0990707140875702f,-0.8489028019742076f,0.34168667409425235f,-0.4032540864735396f,0.16036561661891868f,0f,0f,0f,1f], start_interpolation: 0, interpolation_duration: 1 }
$data merge entity $(bone_rightleg) { transformation: [-0.6050555925485336f,0.45854628076985027f,0.6508764324633922f,-0.30838636153423815f,0.07275411805542183f,0.8459126438774959f,-0.5283263582812598f,1.860297203050965f,-0.7928521730005667f,-0.27231099392438246f,-0.5451890762010819f,-0.06481144477478229f,0f,0f,0f,1f], start_interpolation: 0, interpolation_duration: 1 }
$data merge entity $(bone_sack_top) { transformation: [-0.039999999999999994f,0f,4.898587196589412e-18f,-0.17012080439814814f,0f,0.09999999999999998f,0f,1.8937029803240744f,-4.898587196589412e-18f,0f,-0.039999999999999994f,-0.2699471932870371f,0f,0f,0f,1f], start_interpolation: 0, interpolation_duration: 1 }
$data merge entity $(bone_sack_main) { transformation: [-0.05833333333333333f,0f,7.143772995026226e-18f,-0.17012080439814814f,0f,0.05833333333333333f,0f,1.8937029803240744f,-7.143772995026226e-18f,0f,-0.05833333333333333f,-0.2699471932870371f,0f,0f,0f,1f], start_interpolation: 0, interpolation_duration: 1 }
data modify entity @s data merge value {"locators":{"lefthand":{"posx":-0.12061871216197048,"posy":2.3408789348415238,"posz":0.008749427331139148,"roty":72.73611445450926,"rotx":-72.98912010273762},"righthand":{"posx":-1.1738050008423735,"posy":1.7427622763751576,"posz":-0.428855952793734,"roty":24.708368590588464,"rotx":-27.27254334448731},"chest":{"posx":-0.39360774574922697,"posy":2.266166590587051,"posz":0.07191602936280105,"roty":29.99057735987941,"rotx":8.754584301531036},"sack":{"posx":-0.16387080439814813,"posy":1.9312029803240744,"posz":-0.2699471932870371,"roty":0,"rotx":0}},"cameras":{}}