# This file was generated by Animated Java via MC-Build. It is not recommended to edit this file directly.
$data merge entity $(bone_nose) { transformation: [-0.9916085890870145f,0.08856160357398916f,-0.09417668724936024f,0.35588997517795623f,0.07728171211819096f,0.9900811459353741f,0.11733226936941765f,3.8359308846741533f,0.10363369635857483f,0.10906955045153582f,-0.9886171605547613f,0.04879209600304557f,0f,0f,0f,1f], start_interpolation: 0, interpolation_duration: 1 }
$data merge entity $(bone_glowing_eye) { transformation: [-0.9916085890870145f,0.08856160357398916f,-0.09417668724936024f,0.24122159602906348f,0.07728171211819096f,0.9900811459353741f,0.11733226936941765f,3.9085332538057487f,0.10363369635857483f,0.10906955045153582f,-0.9886171605547613f,0.10362961650681757f,0f,0f,0f,1f], start_interpolation: 0, interpolation_duration: 1 }
$data merge entity $(bone_head) { transformation: [-0.9916085890870145f,0.08856160357398916f,-0.09417668724936024f,0.3273196095527723f,0.07728171211819096f,0.9900811459353741f,0.11733226936941765f,3.735649812878405f,0.10363369635857483f,0.10906955045153582f,-0.9886171605547613f,-0.1497989776440467f,0f,0f,0f,1f], start_interpolation: 0, interpolation_duration: 1 }
$data merge entity $(bone_leftthumb2) { transformation: [-0.7199716384165326f,0.34184966631771024f,-0.6039699044772707f,0.7951421008233885f,0.10315331409874182f,-0.8078902901836761f,-0.580235015159704f,3.8820193185495935f,-0.6862945677085457f,-0.4800542517939049f,0.5463951698801284f,0.7329261715366294f,0f,0f,0f,1f], start_interpolation: 0, interpolation_duration: 1 }
$data merge entity $(bone_leftthumb) { transformation: [-0.7199716384165326f,0.34184966631771024f,-0.6039699044772707f,0.8273644095034433f,0.10315331409874182f,-0.8078902901836761f,-0.580235015159704f,3.6343048502512127f,-0.6862945677085457f,-0.4800542517939049f,0.5463951698801284f,0.6618900319210937f,0f,0f,0f,1f], start_interpolation: 0, interpolation_duration: 1 }
$data merge entity $(bone_leftpointerfinger) { transformation: [-0.7934715076649711f,0.07498880589523846f,-0.6039699044772707f,0.7656307964223807f,0.3732471609082356f,-0.7238880328176173f,-0.580235015159704f,3.860912941652571f,-0.4807177169585274f,-0.6858300043989375f,0.5463951698801284f,0.920083575222222f,0f,0f,0f,1f], start_interpolation: 0, interpolation_duration: 1 }
$data merge entity $(bone_leftmidfinger) { transformation: [-0.7199716384165326f,0.34184966631771024f,-0.6039699044772707f,0.6712604988478071f,0.10315331409874182f,-0.8078902901836761f,-0.580235015159704f,3.770251220533867f,-0.6862945677085457f,-0.4800542517939049f,0.5463951698801284f,1.005457820515992f,0f,0f,0f,1f], start_interpolation: 0, interpolation_duration: 1 }
$data merge entity $(bone_leftringfinger) { transformation: [-0.5343468570623293f,0.5913491277015015f,-0.6039699044772707f,0.5768902012732336f,-0.21386499361538197f,-0.7858683679144431f,-0.580235015159704f,3.6795894994151634f,-0.8177623131775533f,-0.18087873694318662f,0.5463951698801284f,1.090832065809762f,0f,0f,0f,1f], start_interpolation: 0, interpolation_duration: 1 }
$data merge entity $(bone_invisibility) { transformation: [0.28790937950818646f,0.6314657782231942f,0.7199716384165323f,0.6868999809876951f,-0.8553868374352224f,0.5076147674497011f,-0.10315331409874196f,3.8100235317809856f,-0.4306060235688525f,-0.5861554561717915f,0.6862945677085457f,0.7218225609281572f,0f,0f,0f,1f], start_interpolation: 0, interpolation_duration: 1 }
$data merge entity $(bone_swiftness) { transformation: [-0.6039699044772708f,0.34184966631771024f,0.7199716384165324f,0.4898650375255667f,-0.580235015159704f,-0.8078902901836761f,-0.10315331409874194f,3.816003991830427f,0.5463951698801283f,-0.4800542517939049f,0.6862945677085458f,0.8535347361322899f,0f,0f,0f,1f], start_interpolation: 0, interpolation_duration: 1 }
$data merge entity $(bone_suspicious_stew) { transformation: [0.05457230340574071f,0.6918545393193611f,0.7199716384165327f,0.5576314207895642f,-0.977415174572647f,0.184442322435954f,-0.10315331409874193f,3.739099323790901f,-0.20416032968261463f,-0.6980818906959456f,0.6862945677085458f,0.8467741983335206f,0f,0f,0f,1f], start_interpolation: 0, interpolation_duration: 1 }
$data merge entity $(bone_log) { transformation: [-0.7199716384165326f,0.34184966631771024f,-0.6039699044772707f,0.504554198705356f,0.10315331409874182f,-0.8078902901836761f,-0.580235015159704f,3.6205851443790875f,-0.6862945677085457f,-0.4800542517939049f,0.5463951698801284f,0.7480395747247374f,0f,0f,0f,1f], start_interpolation: 0, interpolation_duration: 1 }
$data merge entity $(bone_planks) { transformation: [-0.7199716384165326f,0.34184966631771024f,-0.6039699044772707f,0.4370568576038061f,0.10315331409874182f,-0.8078902901836761f,-0.580235015159704f,3.6302557675758447f,-0.6862945677085457f,-0.4800542517939049f,0.5463951698801284f,0.6836994590020613f,0f,0f,0f,1f], start_interpolation: 0, interpolation_duration: 1 }
$data merge entity $(bone_lefthand1) { transformation: [-0.7199716384165326f,0.34184966631771024f,-0.6039699044772707f,0.7888835844038314f,0.10315331409874182f,-0.8078902901836761f,-0.580235015159704f,3.410956587532224f,-0.6862945677085457f,-0.4800542517939049f,0.5463951698801284f,0.7825248046446436f,0f,0f,0f,1f], start_interpolation: 0, interpolation_duration: 1 }
$data merge entity $(bone_leftforearm) { transformation: [-0.6245429546603976f,0.47094012983903233f,-0.6230260764135442f,1.0789125110398399f,-0.01921063805242481f,-0.8067605922723649f,-0.590566082790031f,2.8364397938550745f,-0.7807541541161844f,-0.35686515781670014f,0.5129037043800548f,0.4603916308742506f,0f,0f,0f,1f], start_interpolation: 0, interpolation_duration: 1 }
$data merge entity $(bone_leftelbow) { transformation: [-0.6245429546603976f,0.47094012983903233f,-0.6230260764135442f,1.1672137853846585f,-0.01921063805242481f,-0.8067605922723649f,-0.590566082790031f,2.6851721828040063f,-0.7807541541161844f,-0.35686515781670014f,0.5129037043800548f,0.39347941378361934f,0f,0f,0f,1f], start_interpolation: 0, interpolation_duration: 1 }
$data merge entity $(bone_leftarm) { transformation: [-0.7565444742568702f,-0.06033121759645888f,0.6511532866036417f,0.8901379319834654f,-0.08637997656200105f,0.996229682049388f,-0.008057310526700487f,3.176330444855118f,-0.6482121243239312f,-0.0623423193914395f,-0.7589034702070824f,0.274503456022933f,0f,0f,0f,1f], start_interpolation: 0, interpolation_duration: 1 }
$data merge entity $(bone_rightthumb2) { transformation: [0.30594909470828824f,-0.9455637574766366f,0.11092489348132785f,0.597397317698568f,0.9246821855824263f,0.2673968603525233f,-0.2710383270685549f,3.5794113529012583f,0.2266230507112793f,0.18549420373768558f,0.9561557892237205f,0.2096203801685181f,0f,0f,0f,1f], start_interpolation: 0, interpolation_duration: 1 }
$data merge entity $(bone_rightthumb) { transformation: [0.30594909470828824f,-0.9455637574766366f,0.11092489348132785f,0.37498426199028445f,0.9246821855824263f,0.2673968603525233f,-0.2710383270685549f,3.621826169590801f,0.2266230507112793f,0.18549420373768558f,0.9561557892237205f,0.33682212578624354f,0f,0f,0f,1f], start_interpolation: 0, interpolation_duration: 1 }
$data merge entity $(bone_rightpointerfinger) { transformation: [-0.31839092897904225f,-0.947547079453881f,0.027959766849598666f,0.6694721286616093f,0.8157301494155332f,-0.28888539248733786f,-0.5011282803254561f,3.761072181628157f,0.48291980667433254f,-0.1367470739206451f,0.864921209183685f,0.4621760901833245f,0f,0f,0f,1f], start_interpolation: 0, interpolation_duration: 1 }
$data merge entity $(bone_rightmidfinger) { transformation: [-0.439346762674651f,-0.8978823272372725f,0.027959766849598666f,0.6738408422318591f,0.7710443546363537f,-0.3928880881898308f,-0.5011282803254561f,3.6827708878273047f,0.46093928592680516f,-0.19861086725937227f,0.864921209183685f,0.5973200291182753f,0f,0f,0f,1f], start_interpolation: 0, interpolation_duration: 1 }
$data merge entity $(bone_rightringfinger) { transformation: [-0.5159305167306201f,-0.8561740204793603f,0.027959766849598666f,0.6782095558021088f,0.733867844939415f,-0.4585939738178316f,-0.5011282803254561f,3.604469594026452f,0.44187519512873136f,-0.23802859877371596f,0.864921209183685f,0.7324639680532261f,0f,0f,0f,1f], start_interpolation: 0, interpolation_duration: 1 }
$data merge entity $(bone_hugeasssword) { transformation: [-0.9188311446623963f,-3.8057896506872746f,0.10950908682759479f,0.538343587897412f,3.281399277584054f,-0.8487045730841074f,-1.9627524312747031f,3.4240440471182048f,1.9309184049169523f,-0.3687051126924448f,3.3876080693027664f,0.43373071761072446f,0f,0f,0f,1f], start_interpolation: 0, interpolation_duration: 1 }
$data merge entity $(bone_ice) { transformation: [-0.2345951858712501f,-0.9716909746435594f,0.027959766849598666f,0.5571918091554559f,0.8378040708725243f,-0.21669052929806995f,-0.5011282803254561f,3.414339148031104f,0.49300044380858354f,-0.09413747558104973f,0.864921209183685f,0.42749848373216925f,0f,0f,0f,1f], start_interpolation: 0, interpolation_duration: 1 }
$data merge entity $(bone_righthand1) { transformation: [-0.2345951858712501f,-0.9716909746435594f,0.027959766849598666f,0.25649401174080344f,0.8378040708725243f,-0.21669052929806995f,-0.5011282803254561f,3.553957274664547f,0.49300044380858354f,-0.09413747558104973f,0.864921209183685f,0.5542430135760429f,0f,0f,0f,1f], start_interpolation: 0, interpolation_duration: 1 }
$data merge entity $(bone_rightforearm) { transformation: [-0.24175673505281528f,-0.892118901650817f,-0.3816772804005281f,-0.349703587535368f,0.9222514022909782f,-0.08896560619758426f,-0.37621466197667114f,3.43964097425707f,0.30167206040488304f,-0.4429548354304723f,0.8442659425440757f,0.21074423578643564f,0f,0f,0f,1f], start_interpolation: 0, interpolation_duration: 1 }
$data merge entity $(bone_rightelbow) { transformation: [-0.24175673505281528f,-0.892118901650817f,-0.3816772804005281f,-0.5169758815948962f,0.9222514022909782f,-0.08896560619758426f,-0.37621466197667114f,3.4229599230950227f,0.30167206040488304f,-0.4429548354304723f,0.8442659425440757f,0.12769020414322207f,0f,0f,0f,1f], start_interpolation: 0, interpolation_duration: 1 }
$data merge entity $(bone_rightarm) { transformation: [-0.40283639024895107f,-0.4100580511525791f,-0.8182757709819741f,-0.55177512233653f,0.8700120894905679f,0.10610453753456262f,-0.4814777162598838f,3.3164736773211443f,0.2842565862587026f,-0.9058665584949728f,0.314012693006228f,-0.4366536390282033f,0f,0f,0f,1f], start_interpolation: 0, interpolation_duration: 1 }
$data merge entity $(bone_chest1) { transformation: [-0.9354697008932631f,0.15515209127283303f,0.5238658018953385f,0.27076726934829587f,0.10452153724758871f,1.0703698037316265f,-0.13036426896213377f,3.077287897844911f,-0.5362674687813727f,-0.06202759824704736f,-0.939244850980634f,-0.184160035271773f,0f,0f,0f,1f], start_interpolation: 0, interpolation_duration: 1 }
$data merge entity $(bone_chest1lid) { transformation: [-0.8635104931322429f,0.10125893932863526f,0.4940609835400385f,-0.31116990107486403f,0.0964814189977742f,0.9947107560832434f,-0.03523985698720232f,2.4820481618812016f,-0.4950161250289594f,0.017237718478450077f,-0.868712781662024f,0.02523193883489286f,0f,0f,0f,1f], start_interpolation: 0, interpolation_duration: 1 }
$data merge entity $(bone_chest2) { transformation: [-0.8635104931322429f,0.14321731502107665f,0.48356843251877407f,-0.33354760654690724f,0.0964814189977742f,0.9880336649830399f,-0.12033624827273887f,2.3276679017276014f,-0.4950161250289594f,-0.05725624453573603f,-0.8669952470590468f,0.034178227043601614f,0f,0f,0f,1f], start_interpolation: 0, interpolation_duration: 1 }
$data merge entity $(bone_chest1lid3) { transformation: [-0.8635104931322429f,0.14321731502107665f,0.48356843251877407f,0.052585531828240765f,0.0964814189977742f,0.9880336649830399f,-0.12033624827273887f,2.3989276641441175f,-0.4950161250289594f,-0.05725624453573603f,-0.8669952470590468f,-0.49924838349799905f,0f,0f,0f,1f], start_interpolation: 0, interpolation_duration: 1 }
$data merge entity $(bone_chest3) { transformation: [-0.8635104931322429f,0.14321731502107665f,0.48356843251877407f,0.030207826356197537f,0.0964814189977742f,0.9880336649830399f,-0.12033624827273887f,2.2445474039905173f,-0.4950161250289594f,-0.05725624453573603f,-0.8669952470590468f,-0.4903020952892903f,0f,0f,0f,1f], start_interpolation: 0, interpolation_duration: 1 }
$data merge entity $(bone_hugeasssword2) { transformation: [-1.8939763606985325f,2.872494818070752f,-1.8713377148579018f,-0.4988352256102124f,0.47131697240156084f,2.335791528726684f,3.1084105300993734f,4.310693332559589f,3.3957313843145998f,1.2779394478077253f,-1.475180297826512f,-1.090173629264287f,0f,0f,0f,1f], start_interpolation: 0, interpolation_duration: 1 }
$data merge entity $(bone_belt) { transformation: [-0.8635104931322429f,0.14321731502107665f,0.48356843251877407f,0.17807636122507092f,0.0964814189977742f,0.9880336649830399f,-0.12033624827273887f,2.6963865845630135f,-0.4950161250289594f,-0.05725624453573603f,-0.8669952470590468f,-0.032006562343185066f,0f,0f,0f,1f], start_interpolation: 0, interpolation_duration: 1 }
$data merge entity $(bone_torn_part) { transformation: [-0.8635104931322429f,-0.22110321711790198f,0.45328026168213453f,0.035688859308640214f,0.0964814189977742f,0.8097528201517112f,0.5787846802089068f,2.4219816595934756f,-0.4950161250289594f,0.5435197674753555f,-0.6778977049119206f,-0.08650478610051267f,0f,0f,0f,1f], start_interpolation: 0, interpolation_duration: 1 }
$data merge entity $(bone_lowerbody) { transformation: [-0.8635104931322429f,0.12198804509585057f,0.4893552340623355f,-0.0083639990308884f,0.0964814189977742f,0.9923422692918108f,-0.07712429166582484f,1.9388631258573388f,-0.4950161250289594f,-0.01938394775250929f,-0.8686675420037528f,0.09345782369215432f,0f,0f,0f,1f], start_interpolation: 0, interpolation_duration: 1 }
$data merge entity $(bone_leftfoot) { transformation: [-0.9738730158590994f,-0.22465016845277344f,0.03315825850107647f,0.22982147692496985f,-0.21330644736017343f,0.9550714495632195f,0.205762565171884f,0.20581653378550846f,-0.07789304504429774f,0.19331954936521994f,-0.9780414401143356f,0.619078950404787f,0f,0f,0f,1f], start_interpolation: 0, interpolation_duration: 1 }
$data merge entity $(bone_leftlowerleg) { transformation: [-0.9738730158590994f,-0.22375100492583466f,0.03876410823639315f,-0.024358229802176272f,-0.21330644736017343f,0.9599169739794525f,0.1818216435494801f,1.2427883267322766f,-0.07789304504429774f,0.16880827116987074f,-0.9825687122702078f,0.9573180101360637f,0f,0f,0f,1f], start_interpolation: 0, interpolation_duration: 1 }
$data merge entity $(bone_leftleg) { transformation: [-0.9803520680584419f,0.07899202307536424f,0.18073769899125827f,0.035797360846226256f,-0.08867689045246363f,0.6419722283188327f,-0.761584743721263f,1.7714689899639273f,-0.17618692812177644f,-0.7626450814406291f,-0.62235950908445f,0.2752769640896054f,0f,0f,0f,1f], start_interpolation: 0, interpolation_duration: 1 }
$data merge entity $(bone_rightfoot) { transformation: [-0.4981031803257907f,0.04649140060269147f,0.8658716218932929f,-0.2831794998204854f,0.17291304152351195f,0.9838287213538482f,0.04664633650499994f,0.16370345385127916f,-0.8497024221907338f,0.17295447734227903f,-0.498088844085607f,-0.29221125098301814f,0f,0f,0f,1f], start_interpolation: 0, interpolation_duration: 1 }
$data merge entity $(bone_rightlowerleg) { transformation: [-0.4981031803257907f,-0.2573693694714899f,0.8280435517459026f,-0.6959239131131386f,0.17291304152351195f,0.9062728803187524f,0.3856997537837403f,1.1098388507224461f,-0.8497024221907338f,0.33529771705110384f,-0.4069166853000684f,0.1422806223064075f,0f,0f,0f,1f], start_interpolation: 0, interpolation_duration: 1 }
$data merge entity $(bone_rightleg) { transformation: [-0.6050138113243756f,0.43443536888834455f,0.667250603812572f,-0.30821158647801083f,0.07274200202155362f,0.8646805599795737f,-0.497023985309972f,1.8874932412686096f,-0.7928851677567497f,-0.2521686763657009f,-0.5547465995734909f,-0.06484286022022195f,0f,0f,0f,1f], start_interpolation: 0, interpolation_duration: 1 }
$data merge entity $(bone_sack_top) { transformation: [-0.328777629332361f,0.09295325181467652f,-0.10192360027570484f,0.6784649388610072f,0.05197447132081311f,-0.7315206825314571f,-0.2408583026101984f,3.9726094881014076f,-0.09292548526993842f,-0.7380252070350216f,0.22589838158276238f,0.8121060947237339f,0f,0f,0f,1f], start_interpolation: 0, interpolation_duration: 1 }
$data merge entity $(bone_sack_main) { transformation: [-0.5704019993634811f,0.05181283110410673f,-0.17682901813497542f,0.6784649388610072f,0.09017140982935384f,-0.40775504711475663f,-0.4178692377919304f,3.9726094881014076f,-0.16121803267889617f,-0.4113807172547065f,0.391915011886423f,0.8121060947237339f,0f,0f,0f,1f], start_interpolation: 0, interpolation_duration: 1 }
data modify entity @s data merge value {"locators":{"lefthand":{"posx":0.5547815643832922,"posy":3.6830971222148006,"posz":0.8413465043394354,"roty":227.86521132484978,"rotx":-35.46707405072803},"righthand":{"posx":0.5499443106018067,"posy":3.504099198575771,"posz":0.4616737795016828,"roty":178.14847994204862,"rotx":-30.074674541787786},"chest":{"posx":-0.42266325375512237,"posy":2.442113640956057,"posz":0.14880920756419747,"roty":29.150685537738326,"rotx":-6.911508812530903},"sack":{"posx":0.7753559232598809,"posy":3.688482728129316,"posz":0.5528797525138911,"roty":204.2845276174484,"rotx":-44.182947672184646}},"cameras":{}}