# This file was generated by Animated Java via MC-Build. It is not recommended to edit this file directly.
$data merge entity $(bone_nose) { transformation: [-0.998070228099204f,0.0024062095983362064f,0.06204860947169946f,0.05390645767239804f,0.03779521035576569f,0.8163717617011315f,0.5762887026232202f,2.770302171464433f,-0.04926806121785207f,0.5775217371254175f,-0.8148872936127267f,1.5283803775657148f,0f,0f,0f,1f], start_interpolation: 0, interpolation_duration: 1 }
$data merge entity $(bone_glowing_eye) { transformation: [-0.998070228099204f,0.0024062095983362064f,0.06204860947169946f,-0.07285462590763798f,0.03779521035576569f,0.8163717617011315f,0.5762887026232202f,2.8101916195881578f,-0.04926806121785207f,0.5775217371254175f,-0.8148872936127267f,1.5897607852961628f,0f,0f,0f,1f], start_interpolation: 0, interpolation_duration: 1 }
$data merge entity $(bone_head) { transformation: [-0.998070228099204f,0.0024062095983362064f,0.06204860947169946f,0.06522825879722356f,0.03779521035576569f,0.8163717617011315f,0.5762887026232202f,2.777412078501044f,-0.04926806121785207f,0.5775217371254175f,-0.8148872936127267f,1.3044780780554457f,0f,0f,0f,1f], start_interpolation: 0, interpolation_duration: 1 }
$data merge entity $(bone_leftthumb2) { transformation: [-0.8577660455056622f,0.25609276074088416f,0.44570607924246447f,0.47825981059821887f,-0.10121556143706639f,0.7659469069338922f,-0.6348864039191441f,1.0002112829949328f,-0.5039770047339037f,-0.5896963910814745f,-0.6310826768696216f,1.8841115507310144f,0f,0f,0f,1f], start_interpolation: 0, interpolation_duration: 1 }
$data merge entity $(bone_leftthumb) { transformation: [-0.8577660455056622f,0.25609276074088416f,0.44570607924246447f,0.5791535667410781f,-0.10121556143706639f,0.7659469069338922f,-0.6348864039191441f,1.1337982124557475f,-0.5039770047339037f,-0.5896963910814745f,-0.6310826768696216f,1.6855621856826302f,0f,0f,0f,1f], start_interpolation: 0, interpolation_duration: 1 }
$data merge entity $(bone_leftpointerfinger) { transformation: [-0.8936253060556438f,-0.052724788318838534f,0.44570607924246447f,0.6098337633146479f,-0.3570807870804965f,0.6851368955300761f,-0.6348864039191441f,0.8637820354665333f,-0.2718954281979187f,-0.7265036345952738f,-0.6310826768696216f,1.9045967984207461f,0f,0f,0f,1f], start_interpolation: 0, interpolation_duration: 1 }
$data merge entity $(bone_leftmidfinger) { transformation: [-0.8577660455056622f,0.25609276074088416f,0.44570607924246447f,0.6794753381962829f,-0.10121556143706639f,0.7659469069338922f,-0.6348864039191441f,0.7645810348541671f,-0.5039770047339037f,-0.5896963910814745f,-0.6310826768696216f,1.8059901301598678f,0f,0f,0f,1f], start_interpolation: 0, interpolation_duration: 1 }
$data merge entity $(bone_leftringfinger) { transformation: [-0.694470036441653f,0.5648517145331494f,0.44570607924246447f,0.749116913077918f,0.19960420577154153f,0.7463761887660465f,-0.6348864039191441f,0.6653800342418008f,-0.6912810785223624f,-0.35194477611129826f,-0.6310826768696216f,1.7073834618989894f,0f,0f,0f,1f], start_interpolation: 0, interpolation_duration: 1 }
$data merge entity $(bone_invisibility) { transformation: [0.2939640948532701f,-0.4216900782739323f,0.857766045505662f,0.46308446051204344f,0.7076982516133523f,0.6992271410538804f,0.10121556143706627f,0.9484197607654512f,-0.6424548977169535f,0.5772857897947438f,0.5039770047339035f,1.7653244009107787f,0f,0f,0f,1f], start_interpolation: 0, interpolation_duration: 1 }
$data merge entity $(bone_swiftness) { transformation: [0.4457060792424643f,0.25609276074088416f,0.8577660455056623f,0.4672999328315252f,-0.6348864039191441f,0.7659469069338922f,0.10121556143706625f,0.7203848007394362f,-0.6310826768696217f,-0.5896963910814745f,0.5039770047339036f,1.7006025441420742f,0f,0f,0f,1f], start_interpolation: 0, interpolation_duration: 1 }
$data merge entity $(bone_suspicious_stew) { transformation: [0.42046239171988986f,-0.2957174129583304f,0.8577660455056624f,0.5346500022102766f,0.42586905778371054f,0.899105642149683f,0.1012155614370665f,0.7934747987680855f,-0.8011534951378572f,0.32273868055725563f,0.5039770047339037f,1.6746384173296687f,0f,0f,0f,1f], start_interpolation: 0, interpolation_duration: 1 }
$data merge entity $(bone_log) { transformation: [-0.8577660455056622f,0.25609276074088416f,0.44570607924246447f,0.5071385030012218f,-0.10121556143706639f,0.7659469069338922f,-0.6348864039191441f,0.8499689030663872f,-0.5039770047339037f,-0.5896963910814745f,-0.6310826768696216f,1.5240965237724173f,0f,0f,0f,1f], start_interpolation: 0, interpolation_duration: 1 }
$data merge entity $(bone_planks) { transformation: [-0.8577660455056622f,0.25609276074088416f,0.44570607924246447f,0.42672293623506596f,-0.10121556143706639f,0.7659469069338922f,-0.6348864039191441f,0.8404799441816622f,-0.5039770047339037f,-0.5896963910814745f,-0.6310826768696216f,1.476848679578614f,0f,0f,0f,1f], start_interpolation: 0, interpolation_duration: 1 }
$data merge entity $(bone_lefthand1) { transformation: [-0.8577660455056622f,0.25609276074088416f,0.44570607924246447f,0.7716748895865313f,-0.10121556143706639f,0.7659469069338922f,-0.6348864039191441f,1.0865997202816f,-0.5039770047339037f,-0.5896963910814745f,-0.6310826768696216f,1.5223880108377004f,0f,0f,0f,1f], start_interpolation: 0, interpolation_duration: 1 }
$data merge entity $(bone_leftforearm) { transformation: [-0.8153760326756139f,0.3991147036080521f,0.4193678322213478f,0.9879004970866044f,0.06017632133725182f,0.7788871166678628f,-0.6242705101469542f,1.6525735992307322f,-0.5757957412906869f,-0.4837791984497467f,-0.6591031417455305f,1.1339602039615821f,0f,0f,0f,1f], start_interpolation: 0, interpolation_duration: 1 }
$data merge entity $(bone_leftelbow) { transformation: [-0.8153760326756139f,0.3991147036080521f,0.4193678322213478f,1.0627345040131142f,0.06017632133725182f,0.7788871166678628f,-0.6242705101469542f,1.7986149336059565f,-0.5757957412906869f,-0.4837791984497467f,-0.6591031417455305f,1.0432516042522546f,0f,0f,0f,1f], start_interpolation: 0, interpolation_duration: 1 }
$data merge entity $(bone_leftarm) { transformation: [-0.9085436170447626f,-0.03330751798543366f,0.4164602083907531f,0.7844790316341773f,-0.01574242111966228f,0.9988384070485957f,0.04554133048028863f,2.303327649787886f,-0.41749331983219884f,0.03482019313952289f,-0.9080126001577378f,1.0445599083355235f,0f,0f,0f,1f], start_interpolation: 0, interpolation_duration: 1 }
$data merge entity $(bone_rightthumb2) { transformation: [-0.6755914870948115f,-0.6710672013456083f,-0.3053603671781818f,-0.8169167640950423f,-0.1888261093189472f,0.5578492335529301f,-0.8081763007313923f,1.3128769200217818f,0.7126856551134522f,-0.48833701877144364f,-0.5035932019923706f,1.64907168017901f,0f,0f,0f,1f], start_interpolation: 0, interpolation_duration: 1 }
$data merge entity $(bone_rightthumb) { transformation: [-0.6755914870948115f,-0.6710672013456083f,-0.3053603671781818f,-1.0075862957991721f,-0.1888261093189472f,0.5578492335529301f,-0.8081763007313923f,1.3806205344616334f,0.7126856551134522f,-0.48833701877144364f,-0.5035932019923706f,1.4862748727936912f,0f,0f,0f,1f], start_interpolation: 0, interpolation_duration: 1 }
$data merge entity $(bone_rightpointerfinger) { transformation: [-0.9889405785765761f,-0.08702089979387642f,-0.12009952141324742f,-1.0634134159724682f,0.028948938211038028f,0.680940268507573f,-0.7317665677668586f,1.1195708717149613f,0.14545958552491645f,-0.7271504065349196f,-0.6708903004627663f,1.7111361146919009f,0f,0f,0f,1f], start_interpolation: 0, interpolation_duration: 1 }
$data merge entity $(bone_rightmidfinger) { transformation: [-0.9918385615274468f,0.04280622412073115f,-0.12009952141324742f,-1.0821789661932881f,0.1175818164091546f,0.6713361354408356f,-0.7317665677668586f,1.0052323455013896f,0.04930298486997711f,-0.7399158198253976f,-0.6708903004627663f,1.6063095052445937f,0f,0f,0f,1f], start_interpolation: 0, interpolation_duration: 1 }
$data merge entity $(bone_rightringfinger) { transformation: [-0.984333508099121f,0.12908776003009276f,-0.12009952141324742f,-1.100944516414108f,0.17564518161648526f,0.6585335682208038f,-0.7317665677668586f,0.890893819287818f,-0.015372540720056144f,-0.7413972550102877f,-0.6708903004627663f,1.5014828957972863f,0f,0f,0f,1f], start_interpolation: 0, interpolation_duration: 1 }
$data merge entity $(bone_hugeasssword) { transformation: [-3.8289058773028493f,-0.6771196378231447f,-0.47038979220188576f,-0.8557458501773993f,-0.11949388142043732f,2.6667492597124824f,-2.8660857237535295f,1.1630723272201262f,0.815768823157982f,-2.787514154165852f,-2.6276536768125016f,1.4169021901341046f,0f,0f,0f,1f], start_interpolation: 0, interpolation_duration: 1 }
$data merge entity $(bone_ice) { transformation: [-0.9775929899496636f,-0.17288160965697308f,-0.12009952141324742f,-0.8377696845585456f,-0.030509076107345698f,0.6808721514159529f,-0.7317665677668586f,1.152910404168429f,0.2082814016573571f,-0.7117057414891537f,-0.6708903004627663f,1.4247681954439764f,0f,0f,0f,1f], start_interpolation: 0, interpolation_duration: 1 }
$data merge entity $(bone_righthand1) { transformation: [-0.9775929899496636f,-0.17288160965697308f,-0.12009952141324742f,-1.1291414445043688f,-0.030509076107345698f,0.6808721514159529f,-0.7317665677668586f,1.2926334677528666f,0.2082814016573571f,-0.7117057414891537f,-0.6708903004627663f,1.2779467885965659f,0f,0f,0f,1f], start_interpolation: 0, interpolation_duration: 1 }
$data merge entity $(bone_rightforearm) { transformation: [-0.9323612090097471f,-0.03500056526548734f,-0.35982987141839573f,-1.089856299652643f,0.12691079470223354f,0.9002755863948799f,-0.41641027692577787f,1.9242142253448422f,0.3385206435683508f,-0.4339110841779129f,-0.8349400846202187f,0.9647414561331399f,0f,0f,0f,1f], start_interpolation: 0, interpolation_duration: 1 }
$data merge entity $(bone_rightelbow) { transformation: [-0.9323612090097471f,-0.03500056526548734f,-0.35982987141839573f,-1.096418905639922f,0.12691079470223354f,0.9002755863948799f,-0.41641027692577787f,2.093015897793882f,0.3385206435683508f,-0.4339110841779129f,-0.8349400846202187f,0.8833831278497812f,0f,0f,0f,1f], start_interpolation: 0, interpolation_duration: 1 }
$data merge entity $(bone_rightarm) { transformation: [-0.970555286461308f,0.1092886197541591f,-0.21465887709162934f,-0.7872961443269314f,0.16149176831632914f,0.9564330579298814f,-0.24322050584800897f,2.569907195169825f,0.17872561284850433f,-0.2707245893729034f,-0.945920372981151f,0.7936496895671366f,0f,0f,0f,1f], start_interpolation: 0, interpolation_duration: 1 }
$data merge entity $(bone_chest1) { transformation: [-1.038907629680763f,-0.017557131915464576f,0.30655145607403794f,0.09675175026207712f,0.2415769419871923f,0.6208698879824309f,0.8542670978142091f,2.4660169430580017f,-0.1895326599885269f,0.887594186791857f,-0.591493906546878f,0.7215041509036875f,0f,0f,0f,1f], start_interpolation: 0, interpolation_duration: 1 }
$data merge entity $(bone_chest1lid) { transformation: [-0.958991658166858f,-0.051560167190634734f,0.27870512863177416f,-0.33032926399396206f,0.22299410029586983f,0.469711161087119f,0.8541926342362277f,1.8418844415291808f,-0.17495322460479407f,0.881313210107204f,-0.43895147213663627f,0.3154664184108117f,0f,0f,0f,1f], start_interpolation: 0, interpolation_duration: 1 }
$data merge entity $(bone_chest2) { transformation: [-0.958991658166858f,-0.016206583306582686f,0.2829705748375735f,-0.3277969853523085f,0.22299410029586983f,0.5731106658299363f,0.788554244136193f,1.7523358999932532f,-0.17495322460479407f,0.8193177108847911f,-0.5459943752740413f,0.18744802608506306f,0f,0f,0f,1f], start_interpolation: 0, interpolation_duration: 1 }
$data merge entity $(bone_chest1lid3) { transformation: [-0.958991658166858f,-0.016206583306582686f,0.2829705748375735f,-0.08911426085321295f,0.22299410029586983f,0.5731106658299363f,0.788554244136193f,2.3331148729104374f,-0.17495322460479407f,0.8193177108847911f,-0.5459943752740413f,-0.023376651711321333f,0f,0f,0f,1f], start_interpolation: 0, interpolation_duration: 1 }
$data merge entity $(bone_chest3) { transformation: [-0.958991658166858f,-0.016206583306582686f,0.2829705748375735f,-0.0865819822115594f,0.22299410029586983f,0.5731106658299363f,0.788554244136193f,2.24356633137451f,-0.17495322460479407f,0.8193177108847911f,-0.5459943752740413f,-0.15139504403706994f,0f,0f,0f,1f], start_interpolation: 0, interpolation_duration: 1 }
$data merge entity $(bone_hugeasssword2) { transformation: [-1.1083014181138304f,2.7263674098709085f,-2.5843503034183346f,-1.0286126577831745f,-3.088504122866756f,0.8725528745201254f,2.2450103656730627f,3.6146500749435115f,2.1384779698233283f,2.673172273786004f,1.9029818036491684f,1.3119569234174109f,0f,0f,0f,1f], start_interpolation: 0, interpolation_duration: 1 }
$data merge entity $(bone_belt) { transformation: [-0.958991658166858f,-0.016206583306582686f,0.2829705748375735f,0.09688106698942449f,0.22299410029586983f,0.5731106658299363f,0.788554244136193f,2.1273638273050737f,-0.17495322460479407f,0.8193177108847911f,-0.5459943752740413f,0.4722208889288195f,0f,0f,0f,1f], start_interpolation: 0, interpolation_duration: 1 }
$data merge entity $(bone_torn_part) { transformation: [-0.958991658166858f,-0.11912176491501361f,0.2571867117288765f,-0.027378437315970276f,0.22299410029586983f,0.24300139323263215f,0.9440465847193322f,1.981987959493106f,-0.17495322460479407f,0.9626839190567859f,-0.20647285824013906f,0.2623947605247094f,0f,0f,0f,1f], start_interpolation: 0, interpolation_duration: 1 }
$data merge entity $(bone_lowerbody) { transformation: [-0.958991658166858f,0.07406386560767414f,0.2735864458953118f,-0.0083639990308884f,0.22299410029586983f,0.7929713145805081f,0.5669833555631916f,1.4932861328125f,-0.17495322460479407f,0.6047404716601241f,-0.7769686809239322f,0.09345782369215432f,0f,0f,0f,1f], start_interpolation: 0, interpolation_duration: 1 }
$data merge entity $(bone_leftfoot) { transformation: [-0.9527826263210145f,-0.29744662707855113f,0.06108003782270861f,0.24803202673479777f,-0.2907828442676166f,0.9516914678957783f,0.09863410877588807f,0.15383680634442876f,-0.08746773382491015f,0.07621583807826221f,-0.9932474724687509f,0.5086267532872272f,0f,0f,0f,1f], start_interpolation: 0, interpolation_duration: 1 }
$data merge entity $(bone_leftlowerleg) { transformation: [-0.9527826263210145f,-0.3011009778148519f,-0.039286997082625355f,-0.0799655953074204f,-0.2907828442676166f,0.8674616934928824f,0.40367752947383084f,1.0541538362486325f,-0.08746773382491015f,0.3960409214732743f,-0.9140574292997863f,1.0884255755572998f,0f,0f,0f,1f], start_interpolation: 0, interpolation_duration: 1 }
$data merge entity $(bone_leftleg) { transformation: [-0.9526780253247805f,0.13951927851209955f,0.2700721218244119f,0.035770187162080025f,-0.20712755953703815f,0.3523435934525097f,-0.9126621314775824f,1.3258819040916654f,-0.22249214400402445f,-0.9254125366972483f,-0.3067717111795945f,0.27528986210383183f,0f,0f,0f,1f], start_interpolation: 0, interpolation_duration: 1 }
$data merge entity $(bone_rightfoot) { transformation: [-0.5194990389482609f,-0.10987080260597487f,0.8473778114079646f,-0.2684006717401143f,0.178245927946883f,0.9559470317651563f,0.23322448762885595f,0.19810706648414222f,-0.8356728652422476f,0.2722015414984026f,-0.4770295411226706f,-0.22506207713638537f,0f,0f,0f,1f], start_interpolation: 0, interpolation_duration: 1 }
$data merge entity $(bone_rightlowerleg) { transformation: [-0.5194990389482609f,-0.48687873975435864f,0.7021893201317153f,-0.9164200906150684f,0.178245927946883f,0.7419543660810463f,0.6463219846358531f,0.9219081460746869f,-0.8356728652422476f,0.46092603683072675f,-0.29866042735744514f,0.3321656129968038f,0f,0f,0f,1f], start_interpolation: 0, interpolation_duration: 1 }
$data merge entity $(bone_rightleg) { transformation: [-0.6041875705919221f,0.6778374339356764f,0.41891979267841783f,-0.3081300879326815f,0.07461058668359967f,0.5715383958930245f,-0.8171763104586169f,1.4418928445949f,-0.7933414396695537f,-0.4624719182561534f,-0.39589024353665714f,-0.06485750941078428f,0f,0f,0f,1f], start_interpolation: 0, interpolation_duration: 1 }
$data merge entity $(bone_sack_top) { transformation: [0.16188724186635664f,-0.20464832148765477f,-1.5647186080785116f,-0.27848624111574133f,0.258550591914528f,-1.076557659629665f,0.31751691279802535f,1.0675817552777511f,-1.5709816056883967f,-0.19826748532112706f,-0.10898523152151524f,1.7887993860091547f,0f,0f,0f,1f], start_interpolation: 0, interpolation_duration: 1 }
$data merge entity $(bone_sack_main) { transformation: [0.0941032178622116f,-0.2695081961778089f,-0.9014230983302616f,-0.27848624111574133f,0.15029252706289353f,-1.4177546672216275f,0.182919202103778f,1.0675817552777511f,-0.9131937921313433f,-0.2611050603355697f,-0.06278560538818347f,1.7887993860091547f,0f,0f,0f,1f], start_interpolation: 0, interpolation_duration: 1 }
execute on vehicle unless entity @s[tag=aj.transforms_only] as @n[tag=aj.wander.locator.sack] at @s positioned ^-0.362270205 ^0.6526276813 ^1.7827746321 rotated ~273.9843107489 ~11.4438674115 run function animated_java:wander/animations/abduct/zzz/frames/zzz/0
data modify entity @s data merge value {"locators":{"lefthand":{"posx":0.5605826653463325,"posy":0.8095383599081384,"posz":1.627275065345549,"roty":35.231888419952696,"rotx":-39.41155976740905},"righthand":{"posx":-0.9248411971933544,"posy":1.1508454035388485,"posz":1.4658976400048525,"roty":349.8506930404959,"rotx":-47.03469681748529},"chest":{"posx":-0.4034989941733858,"posy":1.6898219899027755,"posz":0.3441033943481814,"roty":27.396192725755668,"rotx":52.05060789271524},"sack":{"posx":-0.36227020498932005,"posy":0.6526276812708596,"posz":1.782774632096185,"roty":273.9843107489048,"rotx":11.443867411506897}},"cameras":{}}