# This file was generated by Animated Java via MC-Build. It is not recommended to edit this file directly.
$data merge entity $(bone_nose) { transformation: [-0.9922796535271524f,0.03186665242806921f,0.11985660457005784f,0.047402053076322614f,0.11519484175219927f,0.5948687637692212f,0.7955258024258953f,2.4391229052170407f,-0.04594820594669987f,0.8031909301994808f,-0.593947044790672f,1.7658566135217093f,0f,0f,0f,1f], start_interpolation: 0, interpolation_duration: 1 }
$data merge entity $(bone_glowing_eye) { transformation: [-0.9922796535271524f,0.03186665242806921f,0.11985660457005784f,-0.0786577434554902f,0.11519484175219927f,0.5948687637692212f,0.7955258024258953f,2.4660393389726694f,-0.04594820594669987f,0.8031909301994808f,-0.593947044790672f,1.8352217930240582f,0f,0f,0f,1f], start_interpolation: 0, interpolation_duration: 1 }
$data merge entity $(bone_head) { transformation: [-0.9922796535271524f,0.03186665242806921f,0.11985660457005784f,0.06591100690655965f,0.11519484175219927f,0.5948687637692212f,0.7955258024258953f,2.5146365533649653f,-0.04594820594669987f,0.8031909301994808f,-0.593947044790672f,1.5554615535600573f,0f,0f,0f,1f], start_interpolation: 0, interpolation_duration: 1 }
$data merge entity $(bone_leftthumb2) { transformation: [-0.8639382716067189f,0.36003518747961144f,0.3521155018310272f,0.19584100373359997f,0.21455568434323127f,0.8957153816239467f,-0.38943524935254115f,0.5710923968043856f,-0.45560566411009745f,-0.26089963376514974f,-0.8510903946890763f,1.6233509463743543f,0f,0f,0f,1f], start_interpolation: 0, interpolation_duration: 1 }
$data merge entity $(bone_leftthumb) { transformation: [-0.8639382716067189f,0.36003518747961144f,0.3521155018310272f,0.3142278436967936f,0.21455568434323127f,0.8957153816239467f,-0.38943524935254115f,0.7574797134607516f,-0.45560566411009745f,-0.26089963376514974f,-0.8510903946890763f,1.4866352105365628f,0f,0f,0f,1f], start_interpolation: 0, interpolation_duration: 1 }
$data merge entity $(bone_leftpointerfinger) { transformation: [-0.9349757050674263f,0.042838117418401545f,0.3521155018310272f,0.3070899604103603f,-0.10473630987702315f,0.9150795003468655f,-0.38943524935254115f,0.4218512985769528f,-0.33889635041855076f,-0.40099177515377926f,-0.8510903946890763f,1.582179910126744f,0f,0f,0f,1f], start_interpolation: 0, interpolation_duration: 1 }
$data merge entity $(bone_leftmidfinger) { transformation: [-0.8639382716067189f,0.36003518747961144f,0.3521155018310272f,0.3621080075714583f,0.21455568434323127f,0.8957153816239467f,-0.38943524935254115f,0.36100204086561827f,-0.45560566411009745f,-0.26089963376514974f,-0.8510903946890763f,1.4491970359565758f,0f,0f,0f,1f], start_interpolation: 0, interpolation_duration: 1 }
$data merge entity $(bone_leftringfinger) { transformation: [-0.6603953851737182f,0.6632440038262992f,0.3521155018310272f,0.41712605473255626f,0.5409990420107218f,0.7454262023199922f,-0.38943524935254115f,0.30015278315428373f,-0.5207667153195735f,-0.0666870923286842f,-0.8510903946890763f,1.3162141617864076f,0f,0f,0f,1f], start_interpolation: 0, interpolation_duration: 1 }
$data merge entity $(bone_invisibility) { transformation: [0.3893540329887038f,-0.31939646185990556f,0.8639382716067188f,0.1734767736824634f,0.8583653957635599f,0.4660200700309755f,-0.21455568434323125f,0.5722192107986949f,-0.3340842473854443f,0.8251128374226752f,0.4556056641100972f,1.494814525497071f,0f,0f,0f,1f], start_interpolation: 0, interpolation_duration: 1 }
$data merge entity $(bone_swiftness) { transformation: [0.352115501831027f,0.36003518747961144f,0.863938271606719f,0.14574698530487618f,-0.3894352493525411f,0.8957153816239467f,-0.21455568434323136f,0.38907985420325514f,-0.8510903946890764f,-0.26089963376514974f,0.4556056641100973f,1.3468359228314362f,0f,0f,0f,1f], start_interpolation: 0, interpolation_duration: 1 }
$data merge entity $(bone_suspicious_stew) { transformation: [0.47511313533575494f,-0.16696757614765745f,0.8639382716067191f,0.2226217808626742f,0.6472113771923608f,0.7314938766310871f,-0.21455568434323122f,0.4572134430314709f,-0.5961417129040687f,0.6610889024681932f,0.4556056641100975f,1.3474647468256107f,0f,0f,0f,1f], start_interpolation: 0, interpolation_duration: 1 }
$data merge entity $(bone_log) { transformation: [-0.8639382716067189f,0.36003518747961144f,0.3521155018310272f,0.20313738048282515f,0.21455568434323127f,0.8957153816239467f,-0.38943524935254115f,0.5710376838282418f,-0.45560566411009745f,-0.26089963376514974f,-0.8510903946890763f,1.2322443993435948f,0f,0f,0f,1f], start_interpolation: 0, interpolation_duration: 1 }
$data merge entity $(bone_planks) { transformation: [-0.8639382716067189f,0.36003518747961144f,0.3521155018310272f,0.12214316751969524f,0.21455568434323127f,0.8957153816239467f,-0.38943524935254115f,0.5911522792354197f,-0.45560566411009745f,-0.26089963376514974f,-0.8510903946890763f,1.1895313683332733f,0f,0f,0f,1f], start_interpolation: 0, interpolation_duration: 1 }
$data merge entity $(bone_lefthand1) { transformation: [-0.8639382716067189f,0.36003518747961144f,0.3521155018310272f,0.49812713582218815f,0.21455568434323127f,0.8957153816239467f,-0.38943524935254115f,0.7534974596906875f,-0.45560566411009745f,-0.26089963376514974f,-0.8510903946890763f,1.3075174817638655f,0f,0f,0f,1f], start_interpolation: 0, interpolation_duration: 1 }
$data merge entity $(bone_leftforearm) { transformation: [-0.7994871323262227f,0.5035557934836163f,0.3274933405336333f,0.790934994676459f,0.38429513045786123f,0.8478049658739816f,-0.3654367148300685f,1.393420646764165f,-0.4616682552993745f,-0.16630785516175378f,-0.8713232002881185f,1.156792637809743f,0f,0f,0f,1f], start_interpolation: 0, interpolation_duration: 1 }
$data merge entity $(bone_leftelbow) { transformation: [-0.7994871323262227f,0.5035557934836163f,0.3274933405336333f,0.8853517059546371f,0.38429513045786123f,0.8478049658739816f,-0.3654367148300685f,1.5523840778655364f,-0.4616682552993745f,-0.16630785516175378f,-0.8713232002881185f,1.1256099149669143f,0f,0f,0f,1f], start_interpolation: 0, interpolation_duration: 1 }
$data merge entity $(bone_leftarm) { transformation: [-0.885796897405548f,0.2946815389021566f,0.3585061326908675f,0.7865089231816428f,0.3182003279148814f,0.9479977796293181f,0.00698291720882116f,2.116208382062551f,-0.3378052809853143f,0.12026221538014348f,-0.9335012542521262f,1.1926547039857789f,0f,0f,0f,1f], start_interpolation: 0, interpolation_duration: 1 }
$data merge entity $(bone_rightthumb2) { transformation: [-0.6264568375670742f,-0.7487411434771646f,-0.21665301920344526f,-0.6264421114678833f,-0.5343402163924792f,0.6148947803096478f,-0.5799870190733484f,0.9246641708990581f,0.5674789545094153f,-0.24757041263539126f,-0.7852875441368232f,1.4046838168428715f,0f,0f,0f,1f], start_interpolation: 0, interpolation_duration: 1 }
$data merge entity $(bone_rightthumb) { transformation: [-0.6264568375670742f,-0.7487411434771646f,-0.21665301920344526f,-0.8285798867356603f,-0.5343402163924792f,0.6148947803096478f,-0.5799870190733484f,1.0258982633766862f,0.5674789545094153f,-0.24757041263539126f,-0.7852875441368232f,1.276860319619064f,0f,0f,0f,1f], start_interpolation: 0, interpolation_duration: 1 }
$data merge entity $(bone_rightpointerfinger) { transformation: [-0.9803578711246742f,-0.19151250419590535f,-0.047131786095054196f,-0.8451450101195034f,-0.15424323422459013f,0.8934129044329013f,-0.42192701606878186f,0.6931731404971483f,0.12291244534153091f,-0.40636971212109446f,-0.9054038810667778f,1.3810033038622396f,0f,0f,0f,1f], start_interpolation: 0, interpolation_duration: 1 }
$data merge entity $(bone_rightmidfinger) { transformation: [-0.9969681715691446f,-0.06191170824300085f,-0.047131786095054196f,-0.8525093516968556f,-0.036309877477763486f,0.9059024152240924f,-0.42192701606878186f,0.6272470442364011f,0.06881902117602516f,-0.418936456367299f,-0.9054038810667778f,1.2395339474455556f,0f,0f,0f,1f], start_interpolation: 0, interpolation_duration: 1 }
$data merge entity $(bone_rightringfinger) { transformation: [-0.9985703676000988f,0.025215385987402972f,-0.047131786095054196f,-0.8598736932742078f,0.04278289042404429f,0.9056197973753988f,-0.42192701606878186f,0.5613209479756539f,0.03204442600465601f,-0.42334024957621047f,-0.9054038810667778f,1.0980645910288716f,0f,0f,0f,1f], start_interpolation: 0, interpolation_duration: 1 }
$data merge entity $(bone_hugeasssword) { transformation: [-3.759748937351491f,-1.0818912755489205f,-0.1845994955389623f,-0.6528986674613037f,-0.9067958998842371f,3.433232558593954f,-1.652547479602729f,0.8733910643402155f,0.6182935401694298f,-1.5436007399192724f,-3.54616520084488f,1.1316949796224733f,0f,0f,0f,1f], start_interpolation: 0, interpolation_duration: 1 }
$data merge entity $(bone_ice) { transformation: [-0.959935898898253f,-0.276227559714618f,-0.047131786095054196f,-0.6335836134204775f,-0.23152235741725202f,0.8765700149601584f,-0.42192701606878186f,0.8633121946911076f,0.15786218046879058f,-0.3941108272134312f,-0.9054038810667778f,1.1353863647278584f,0f,0f,0f,1f], start_interpolation: 0, interpolation_duration: 1 }
$data merge entity $(bone_righthand1) { transformation: [-0.959935898898253f,-0.276227559714618f,-0.047131786095054196f,-0.9440973463891658f,-0.23152235741725202f,0.8765700149601584f,-0.42192701606878186f,1.0113888898246848f,0.15786218046879058f,-0.3941108272134312f,-0.9054038810667778f,1.0480303317583615f,0f,0f,0f,1f], start_interpolation: 0, interpolation_duration: 1 }
$data merge entity $(bone_rightforearm) { transformation: [-0.9309576578562159f,-0.15888812339901218f,-0.3287436744967255f,-0.9924940846240714f,-0.13284347784288314f,0.9860410307283036f,-0.10037776703469915f,1.7145701095306207f,0.3401035866812876f,-0.04977599786046675f,-0.9390696994172044f,1.0064480731485341f,0f,0f,0f,1f], start_interpolation: 0, interpolation_duration: 1 }
$data merge entity $(bone_rightelbow) { transformation: [-0.9309576578562159f,-0.15888812339901218f,-0.3287436744967255f,-1.0222856077613862f,-0.13284347784288314f,0.9860410307283036f,-0.10037776703469915f,1.8994528027921778f,0.3401035866812876f,-0.04977599786046675f,-0.9390696994172044f,0.9971150735496966f,0f,0f,0f,1f], start_interpolation: 0, interpolation_duration: 1 }
$data merge entity $(bone_rightarm) { transformation: [-0.9805557551950219f,-0.03558476754909812f,-0.19298739666723513f,-0.7873771295989973f,-0.02237482650477568f,0.9972817655863966f,-0.07020289999537763f,2.424437262506871f,0.19496096556183057f,-0.06451979810381048f,-0.9786865777969177f,1.012722923055803f,0f,0f,0f,1f], start_interpolation: 0, interpolation_duration: 1 }
$data merge entity $(bone_chest1) { transformation: [-1.0406962877322852f,-0.017444404819566352f,0.30042975976398045f,0.0969008445859188f,0.272783843031014f,0.40204914224467764f,0.9682750504441707f,2.3445317304501354f,-0.12708785462263117f,1.0058147399357005f,-0.38183307510822967f,0.9167728658473422f,0f,0f,0f,1f], start_interpolation: 0, interpolation_duration: 1 }
$data merge entity $(bone_chest1lid) { transformation: [-0.960642727137494f,-0.04566011775204789f,0.2740085846186346f,-0.3286037396561701f,0.2518004704901668f,0.2734344397893433f,0.9283480652201626f,1.8271016189322145f,-0.1173118658055057f,0.9608063076312297f,-0.25117556679994557f,0.3800996497334153f,0f,0f,0f,1f], start_interpolation: 0, interpolation_duration: 1 }
$data merge entity $(bone_chest2) { transformation: [-0.960642727137494f,-0.016102527525753557f,0.27731977824367426f,-0.3260877197302711f,0.2518004704901668f,0.37112228514893325f,0.8937923542561577f,1.7691137618776935f,-0.1173118658055057f,0.9284443753252621f,-0.35246130009990434f,0.2350302160888431f,0f,0f,0f,1f], start_interpolation: 0, interpolation_duration: 1 }
$data merge entity $(bone_chest1lid3) { transformation: [-0.960642727137494f,-0.016102527525753557f,0.27731977824367426f,-0.09090558627272291f,0.2518004704901668f,0.37112228514893325f,0.8937923542561577f,2.38394981647193f,-0.1173118658055057f,0.9284443753252621f,-0.35246130009990434f,0.16163612096975827f,0f,0f,0f,1f], start_interpolation: 0, interpolation_duration: 1 }
$data merge entity $(bone_chest3) { transformation: [-0.960642727137494f,-0.016102527525753557f,0.27731977824367426f,-0.08838956634682392f,0.2518004704901668f,0.37112228514893325f,0.8937923542561577f,2.325961959417409f,-0.1173118658055057f,0.9284443753252621f,-0.35246130009990434f,0.01656668732518607f,0f,0f,0f,1f], start_interpolation: 0, interpolation_duration: 1 }
$data merge entity $(bone_hugeasssword2) { transformation: [-1.0861691314543918f,2.731410489504768f,-2.588418654985455f,-1.0318740991661979f,-3.5006867208366175f,0.2548958887541552f,1.737958096799858f,3.3221693586864682f,1.380473425391292f,2.795478957441342f,2.3706261405099034f,1.7561353580657766f,0f,0f,0f,1f], start_interpolation: 0, interpolation_duration: 1 }
$data merge entity $(bone_belt) { transformation: [-0.960642727137494f,-0.016102527525753557f,0.27731977824367426f,0.09778129785051466f,0.2518004704901668f,0.37112228514893325f,0.8937923542561577f,2.071638082634532f,-0.1173118658055057f,0.9284443753252621f,-0.35246130009990434f,0.5968410355822763f,0f,0f,0f,1f], start_interpolation: 0, interpolation_duration: 1 }
$data merge entity $(bone_torn_part) { transformation: [-0.960642727137494f,-0.11259687561545709f,0.253943880413519f,-0.027056001971641895f,0.2518004704901668f,0.0331046616535689f,0.9672128020439628f,1.9763646310812695f,-0.1173118658055057f,0.993089132444032f,-0.003449806196153593f,0.3622400377401253f,0f,0f,0f,1f], start_interpolation: 0, interpolation_duration: 1 }
$data merge entity $(bone_lowerbody) { transformation: [-0.960642727137494f,0.07697776900775058f,0.26690817498987873f,-0.0083639990308884f,0.2518004704901668f,0.647072047185109f,0.7196487259855345f,1.5346209912536444f,-0.1173118658055057f,0.7585329187518901f,-0.6409880945157792f,0.09345782369215432f,0f,0f,0f,1f], start_interpolation: 0, interpolation_duration: 1 }
$data merge entity $(bone_leftfoot) { transformation: [-0.9481548988804603f,-0.3033358922946747f,0.09481362863416322f,0.26842804711429813f,-0.29601988798333145f,0.9514946316906243f,0.08384623892733206f,0.12887387280372564f,-0.11564823235708951f,0.05143250246407349f,-0.9919577531543189f,0.5158142492302173f,0f,0f,0f,1f], start_interpolation: 0, interpolation_duration: 1 }
$data merge entity $(bone_leftlowerleg) { transformation: [-0.9481548988804603f,-0.3177036209447851f,-0.008166821141412203f,-0.08276961103278732f,-0.29601988798333145f,0.873507510131926f,0.3864671469367862f,1.0385422805232616f,-0.11564823235708951f,0.36884826010392957f,-0.9222670152244334f,1.0667075797540568f,0f,0f,0f,1f], start_interpolation: 0, interpolation_duration: 1 }
$data merge entity $(bone_leftleg) { transformation: [-0.9480898054518374f,0.14214226123620788f,0.28446669114143114f,0.035770187162080025f,-0.20324357037666033f,0.41714500348646544f,-0.8858228362188594f,1.3672167625328098f,-0.24457671986279533f,-0.8976556264163527f,-0.3666014245256303f,0.27528986210383183f,0f,0f,0f,1f], start_interpolation: 0, interpolation_duration: 1 }
$data merge entity $(bone_rightfoot) { transformation: [-0.5350432836738096f,-0.094969538102112f,0.8394697561128799f,-0.27403056950424765f,0.18388975355915702f,0.9567450388849039f,0.22544065539532987f,0.18087837235410376f,-0.8245685193672502f,0.2749903951082563f,-0.4944360822863815f,-0.24761780442254017f,0f,0f,0f,1f], start_interpolation: 0, interpolation_duration: 1 }
$data merge entity $(bone_rightlowerleg) { transformation: [-0.5350432836738096f,-0.4575087085278427f,0.7102214205561053f,-0.8907017070770538f,0.18388975355915702f,0.757448065033285f,0.6264638755054314f,0.9249188858084502f,-0.8245685193672502f,0.46578773105194343f,-0.3211363362654291f,0.3184566528089216f,0f,0f,0f,1f], start_interpolation: 0, interpolation_duration: 1 }
$data merge entity $(bone_rightleg) { transformation: [-0.6077518258746872f,0.6495356409531636f,0.45688200804753343f,-0.3081300879326815f,0.0662157820747972f,0.6147713276529028f,-0.7859209151690203f,1.4832277030360443f,-0.7913616040409128f,-0.4473920717083062f,-0.4166379073276257f,-0.06485750941078428f,0f,0f,0f,1f], start_interpolation: 0, interpolation_duration: 1 }
$data merge entity $(bone_sack_top) { transformation: [0.15436168294832983f,-0.15943320179287734f,-0.8625418375846717f,-0.23068601245576933f,0.3575729169891185f,-0.9821107800762938f,0.1813385240057899f,0.7055465445724094f,-0.7953309021470372f,-0.47249087489304503f,-0.08587829856388021f,1.4488725845709574f,0f,0f,0f,1f], start_interpolation: 0, interpolation_duration: 1 }
$data merge entity $(bone_sack_main) { transformation: [0.13859432820687254f,-0.18368033456554414f,-0.8448404192760305f,-0.23068601245576933f,0.3210484445914425f,-1.1314734612128972f,0.17761702444596947f,0.7055465445724094f,-0.7140914116758608f,-0.5443488621163624f,-0.08411587079484531f,1.4488725845709574f,0f,0f,0f,1f], start_interpolation: 0, interpolation_duration: 1 }
data modify entity @s data merge value {"locators":{"lefthand":{"posx":0.25050203970800067,"posy":0.4870302500028264,"posz":1.3086385016588358,"roty":22.47599513856818,"rotx":-22.919363533646496},"righthand":{"posx":-0.7185251141639126,"posy":0.8345031768255625,"posz":1.1704908614636858,"roty":357.0200954763063,"rotx":-24.9563079744331},"chest":{"posx":-0.40094863225943134,"posy":1.672120185460699,"posz":0.3734779586097744,"roty":38.19599261678678,"rotx":63.35373038244319},"sack":{"posx":-0.30247297206375834,"posy":0.30945859991466995,"posz":1.3335146027350577,"roty":275.68587048747446,"rotx":11.81603641349194}},"cameras":{}}