# This file was generated by Animated Java via MC-Build. It is not recommended to edit this file directly.
$data merge entity $(bone_nose) {transformation: [-0.9736f,-0.2251f,-0.0382f,-0.4412f,-0.2282f,0.9646f,0.1322f,3.9422f,0.0071f,0.1374f,-0.9905f,0.545f,0f,0f,0f,1f],start_interpolation: 0,interpolation_duration: 1}
$data merge entity $(bone_glowing_eye) {transformation: [-0.9736f,-0.2251f,-0.0382f,-0.5768f,-0.2282f,0.9646f,0.1322f,3.9744f,0.0071f,0.1374f,-0.9905f,0.5898f,0f,0f,0f,1f],start_interpolation: 0,interpolation_duration: 1}
$data merge entity $(bone_head) {transformation: [-0.9736f,-0.2251f,-0.0382f,-0.4205f,-0.2282f,0.9646f,0.1322f,3.8478f,0.0071f,0.1374f,-0.9905f,0.3426f,0f,0f,0f,1f],start_interpolation: 0,interpolation_duration: 1}
$data merge entity $(bone_leftthumb2) {transformation: [-0.0709f,0.9079f,-0.4131f,-0.5554f,-0.9602f,-0.1743f,-0.2183f,3.6985f,-0.2702f,0.3811f,0.8841f,0.2473f,0f,0f,0f,1f],start_interpolation: 0,interpolation_duration: 1}
$data merge entity $(bone_leftthumb) {transformation: [-0.0709f,0.9079f,-0.4131f,-0.368f,-0.9602f,-0.1743f,-0.2183f,3.6371f,-0.2702f,0.3811f,0.8841f,0.4163f,0f,0f,0f,1f],start_interpolation: 0,interpolation_duration: 1}
$data merge entity $(bone_leftpointerfinger) {transformation: [-0.0709f,0.9079f,-0.4131f,-0.6775f,-0.9602f,-0.1743f,-0.2183f,3.7891f,-0.2702f,0.3811f,0.8841f,0.3623f,0f,0f,0f,1f],start_interpolation: 0,interpolation_duration: 1}
$data merge entity $(bone_leftmidfinger) {transformation: [-0.0709f,0.9079f,-0.4131f,-0.7421f,-0.9602f,-0.1743f,-0.2183f,3.755f,-0.2702f,0.3811f,0.8841f,0.5004f,0f,0f,0f,1f],start_interpolation: 0,interpolation_duration: 1}
$data merge entity $(bone_leftringfinger) {transformation: [-0.0709f,0.9079f,-0.4131f,-0.8066f,-0.9602f,-0.1743f,-0.2183f,3.7209f,-0.2702f,0.3811f,0.8841f,0.6386f,0f,0f,0f,1f],start_interpolation: 0,interpolation_duration: 1}
$data merge entity $(bone_invisibility) {transformation: [0.8685f,0.4906f,0.0709f,-0.5786f,-0.1927f,0.2023f,0.9602f,3.5968f,0.4567f,-0.8476f,0.2702f,0.3257f,0f,0f,0f,1f],start_interpolation: 0,interpolation_duration: 1}
$data merge entity $(bone_swiftness) {transformation: [-0.4131f,0.9079f,0.0709f,-0.7827f,-0.2183f,-0.1743f,0.9602f,3.5295f,0.8841f,0.3811f,0.2702f,0.4257f,0f,0f,0f,1f],start_interpolation: 0,interpolation_duration: 1}
$data merge entity $(bone_suspicious_stew) {transformation: [0.6483f,0.7581f,0.0709f,-0.6986f,-0.2503f,0.1242f,0.9602f,3.5641f,0.7191f,-0.6402f,0.2702f,0.4736f,0f,0f,0f,1f],start_interpolation: 0,interpolation_duration: 1}
$data merge entity $(bone_log) {transformation: [-0.0709f,0.9079f,-0.4131f,-0.6111f,-0.9602f,-0.1743f,-0.2183f,3.442f,-0.2702f,0.3811f,0.8841f,0.5373f,0f,0f,0f,1f],start_interpolation: 0,interpolation_duration: 1}
$data merge entity $(bone_planks) {transformation: [-0.0709f,0.9079f,-0.4131f,-0.6178f,-0.9602f,-0.1743f,-0.2183f,3.352f,-0.2702f,0.3811f,0.8841f,0.512f,0f,0f,0f,1f],start_interpolation: 0,interpolation_duration: 1}
$data merge entity $(bone_lefthand1) {transformation: [-0.0709f,0.9079f,-0.4131f,-0.3535f,-0.9602f,-0.1743f,-0.2183f,3.6453f,-0.2702f,0.3811f,0.8841f,0.6725f,0f,0f,0f,1f],start_interpolation: 0,interpolation_duration: 1}
$data merge entity $(bone_leftforearm) {transformation: [-0.0389f,0.9951f,-0.0908f,0.3556f,-0.999f,-0.0407f,-0.0185f,3.5613f,-0.0221f,0.09f,0.9957f,0.7214f,0f,0f,0f,1f],start_interpolation: 0,interpolation_duration: 1}
$data merge entity $(bone_leftelbow) {transformation: [-0.0389f,0.9951f,-0.0908f,0.5422f,-0.999f,-0.0407f,-0.0185f,3.5537f,-0.0221f,0.09f,0.9957f,0.7383f,0f,0f,0f,1f],start_interpolation: 0,interpolation_duration: 1}
$data merge entity $(bone_leftarm) {transformation: [-0.0683f,-0.3361f,0.9393f,0.2444f,-0.9953f,-0.0414f,-0.0872f,3.3239f,0.0682f,-0.9409f,-0.3317f,0.411f,0f,0f,0f,1f],start_interpolation: 0,interpolation_duration: 1}
$data merge entity $(bone_rightthumb2) {transformation: [-0.9481f,0.0199f,-0.3173f,-0.8733f,-0.2668f,-0.5922f,0.7603f,4.1352f,-0.1728f,0.8055f,0.5668f,-0.5395f,0f,0f,0f,1f],start_interpolation: 0,interpolation_duration: 1}
$data merge entity $(bone_rightthumb) {transformation: [-0.9481f,0.0199f,-0.3173f,-0.8955f,-0.2668f,-0.5922f,0.7603f,4.055f,-0.1728f,0.8055f,0.5668f,-0.2935f,0f,0f,0f,1f],start_interpolation: 0,interpolation_duration: 1}
$data merge entity $(bone_rightpointerfinger) {transformation: [-0.9481f,0.0199f,-0.3173f,-1.0206f,-0.2668f,-0.5922f,0.7603f,4.2558f,-0.1728f,0.8055f,0.5668f,-0.5502f,0f,0f,0f,1f],start_interpolation: 0,interpolation_duration: 1}
$data merge entity $(bone_rightmidfinger) {transformation: [-0.9481f,0.0199f,-0.3173f,-1.0702f,-0.2668f,-0.5922f,0.7603f,4.3746f,-0.1728f,0.8055f,0.5668f,-0.4616f,0f,0f,0f,1f],start_interpolation: 0,interpolation_duration: 1}
$data merge entity $(bone_rightringfinger) {transformation: [-0.9481f,0.0199f,-0.3173f,-1.1197f,-0.2668f,-0.5922f,0.7603f,4.4934f,-0.1728f,0.8055f,0.5668f,-0.3731f,0f,0f,0f,1f],start_interpolation: 0,interpolation_duration: 1}
$data merge entity $(bone_hugeasssword) {transformation: [-3.7135f,0.0778f,-1.2427f,-0.8093f,-1.0451f,-2.3195f,2.9779f,4.3133f,-0.6768f,3.155f,2.22f,-0.261f,0f,0f,0f,1f],start_interpolation: 0,interpolation_duration: 1}
$data merge entity $(bone_ice) {transformation: [-0.9481f,0.0199f,-0.3173f,-0.7948f,-0.2668f,-0.5922f,0.7603f,4.3267f,-0.1728f,0.8055f,0.5668f,-0.2708f,0f,0f,0f,1f],start_interpolation: 0,interpolation_duration: 1}
$data merge entity $(bone_righthand1) {transformation: [-0.9481f,0.0199f,-0.3173f,-1.0368f,-0.2668f,-0.5922f,0.7603f,4.1357f,-0.1728f,0.8055f,0.5668f,-0.095f,0f,0f,0f,1f],start_interpolation: 0,interpolation_duration: 1}
$data merge entity $(bone_rightforearm) {transformation: [-0.4551f,-0.6709f,-0.5855f,-1.4581f,0.0399f,-0.6723f,0.7392f,3.6488f,-0.8896f,0.313f,0.3327f,0.1916f,0f,0f,0f,1f],start_interpolation: 0,interpolation_duration: 1}
$data merge entity $(bone_rightelbow) {transformation: [-0.4551f,-0.6709f,-0.5855f,-1.5839f,0.0399f,-0.6723f,0.7392f,3.5228f,-0.8896f,0.313f,0.3327f,0.2503f,0f,0f,0f,1f],start_interpolation: 0,interpolation_duration: 1}
$data merge entity $(bone_rightarm) {transformation: [-0.4251f,0.8634f,-0.2717f,-1.1292f,-0.0221f,-0.3099f,-0.9505f,3.5379f,-0.9049f,-0.3981f,0.1508f,0.284f,0f,0f,0f,1f],start_interpolation: 0,interpolation_duration: 1}
$data merge entity $(bone_chest1) {transformation: [-1.0802f,0.0462f,0.0684f,-0.4059f,0.0616f,1.0486f,0.2651f,3.2284f,-0.0549f,0.2682f,-1.0482f,0.1163f,0f,0f,0f,1f],start_interpolation: 0,interpolation_duration: 1}
$data merge entity $(bone_chest1lid) {transformation: [-0.9971f,0.0426f,0.0632f,-0.8002f,0.0569f,0.9679f,0.2447f,2.4905f,-0.0507f,0.2476f,-0.9675f,0.3084f,0f,0f,0f,1f],start_interpolation: 0,interpolation_duration: 1}
$data merge entity $(bone_chest2) {transformation: [-0.9971f,0.0426f,0.0632f,-0.8069f,0.0569f,0.9679f,0.2447f,2.3393f,-0.0507f,0.2476f,-0.9675f,0.2697f,0f,0f,0f,1f],start_interpolation: 0,interpolation_duration: 1}
$data merge entity $(bone_chest1lid3) {transformation: [-0.9971f,0.0426f,0.0632f,-0.6974f,0.0569f,0.9679f,0.2447f,2.6437f,-0.0507f,0.2476f,-0.9675f,-0.3083f,0f,0f,0f,1f],start_interpolation: 0,interpolation_duration: 1}
$data merge entity $(bone_chest3) {transformation: [-0.9971f,0.0426f,0.0632f,-0.7041f,0.0569f,0.9679f,0.2447f,2.4925f,-0.0507f,0.2476f,-0.9675f,-0.347f,0f,0f,0f,1f],start_interpolation: 0,interpolation_duration: 1}
$data merge entity $(bone_hugeasssword2) {transformation: [-0.2474f,2.9921f,-2.5153f,-1.5682f,-0.9583f,2.397f,2.9456f,4.4863f,3.7895f,0.8015f,0.5807f,0.0847f,0f,0f,0f,1f],start_interpolation: 0,interpolation_duration: 1}
$data merge entity $(bone_belt) {transformation: [-0.9971f,0.0426f,0.0632f,-0.3992f,0.0569f,0.9679f,0.2447f,2.809f,-0.0507f,0.2476f,-0.9675f,0.1459f,0f,0f,0f,1f],start_interpolation: 0,interpolation_duration: 1}
$data merge entity $(bone_torn_part) {transformation: [-0.9993f,0.0176f,-0.0322f,-0.5324f,0.0057f,0.9415f,0.337f,2.527f,0.0362f,0.3366f,-0.941f,0.0982f,0f,0f,0f,1f],start_interpolation: 0,interpolation_duration: 1}
$data merge entity $(bone_lowerbody) {transformation: [-0.9993f,0.0071f,-0.036f,-0.4332f,0.0057f,0.9993f,0.0383f,2.0332f,0.0362f,0.0381f,-0.9986f,0.2165f,0f,0f,0f,1f],start_interpolation: 0,interpolation_duration: 1}
$data merge entity $(bone_leftfoot) {transformation: [-0.7963f,0.0959f,-0.5972f,0.1895f,-0.2383f,0.8578f,0.4555f,1.0428f,0.556f,0.505f,-0.6602f,0.3186f,0f,0f,0f,1f],start_interpolation: 0,interpolation_duration: 1}
$data merge entity $(bone_leftlowerleg) {transformation: [-0.7963f,0.0959f,-0.5972f,0.3877f,-0.2383f,0.8578f,0.4555f,1.9244f,0.556f,0.505f,-0.6602f,0.9803f,0f,0f,0f,1f],start_interpolation: 0,interpolation_duration: 1}
$data merge entity $(bone_leftleg) {transformation: [-0.8326f,-0.5167f,0.1996f,-0.1728f,-0.2828f,0.0867f,-0.9553f,1.9865f,0.4763f,-0.8518f,-0.2183f,0.1007f,0f,0f,0f,1f],start_interpolation: 0,interpolation_duration: 1}
$data merge entity $(bone_rightfoot) {transformation: [-0.9425f,0.2609f,0.2087f,-1.1685f,0.3096f,0.9169f,0.2519f,0.1874f,-0.1257f,0.302f,-0.945f,0.1438f,0f,0f,0f,1f],start_interpolation: 0,interpolation_duration: 1}
$data merge entity $(bone_rightlowerleg) {transformation: [-0.9425f,0.2609f,0.2087f,-0.9111f,0.3096f,0.9169f,0.2519f,1.1659f,-0.1257f,0.302f,-0.945f,0.624f,0f,0f,0f,1f],start_interpolation: 0,interpolation_duration: 1}
$data merge entity $(bone_rightleg) {transformation: [-0.9769f,0.1779f,-0.1183f,-0.6987f,0.2136f,0.8207f,-0.5299f,2.0216f,0.0028f,-0.543f,-0.8398f,0.0656f,0f,0f,0f,1f],start_interpolation: 0,interpolation_duration: 1}
data modify entity @s data merge value {"cameras":{},"locators":{"lefthand":{"posx":-0.6689741522391757,"posy":3.549077234882216,"posz":0.5190576278840286,"roty":205.0414975774673,"rotx":-12.610199591432002},"sword":{"posx":0.2909226728151866,"posy":1.4954084805311294,"posz":-2.3985680860089844,"roty":209.23938376873937,"rotx":49.491258453215856},"righthand":{"posx":-0.8790686369495018,"posy":4.2990400682965415,"posz":-0.30848997618650453,"roty":209.23938376873937,"rotx":49.491258453215856},"chest":{"posx":-0.8439013763153312,"posy":2.3935451707651803,"posz":0.44249200182312143,"roty":3.7347338284689044,"rotx":14.163011009237039}}}