# This file was generated by Animated Java via MC-Build. It is not recommended to edit this file directly.
$data merge entity $(nose) {transformation: [-0.9834f,-0.1804f,-0.019f,-0.3395f,-0.1791f,0.9487f,0.2605f,4.1537f,-0.029f,0.2596f,-0.9653f,0.519f,0f,0f,0f,1f],start_interpolation: 0,interpolation_duration: 1}
$data merge entity $(glowing_eye) {transformation: [-0.9834f,-0.1804f,-0.019f,-0.474f,-0.1791f,0.9487f,0.2605f,4.1864f,-0.029f,0.2596f,-0.9653f,0.5666f,0f,0f,0f,1f],start_interpolation: 0,interpolation_duration: 1}
$data merge entity $(head) {transformation: [-0.9834f,-0.1804f,-0.019f,-0.3208f,-0.1791f,0.9487f,0.2605f,4.0853f,-0.029f,0.2596f,-0.9653f,0.3062f,0f,0f,0f,1f],start_interpolation: 0,interpolation_duration: 1}
$data merge entity $(leftthumb2) {transformation: [-0.0347f,0.9686f,-0.246f,-0.5819f,-0.965f,-0.0965f,-0.2437f,3.9267f,-0.2598f,0.229f,0.9381f,0.4681f,0f,0f,0f,1f],start_interpolation: 0,interpolation_duration: 1}
$data merge entity $(leftthumb) {transformation: [-0.0347f,0.9686f,-0.246f,-0.3654f,-0.965f,-0.0965f,-0.2437f,3.8822f,-0.2598f,0.229f,0.9381f,0.6044f,0f,0f,0f,1f],start_interpolation: 0,interpolation_duration: 1}
$data merge entity $(leftpointerfinger) {transformation: [-0.0347f,0.9686f,-0.246f,-0.6909f,-0.965f,-0.0965f,-0.2437f,4.008f,-0.2598f,0.229f,0.9381f,0.6017f,0f,0f,0f,1f],start_interpolation: 0,interpolation_duration: 1}
$data merge entity $(leftmidfinger) {transformation: [-0.0347f,0.9686f,-0.246f,-0.7294f,-0.965f,-0.0965f,-0.2437f,3.9699f,-0.2598f,0.229f,0.9381f,0.7483f,0f,0f,0f,1f],start_interpolation: 0,interpolation_duration: 1}
$data merge entity $(leftringfinger) {transformation: [-0.0347f,0.9686f,-0.246f,-0.7678f,-0.965f,-0.0965f,-0.2437f,3.9318f,-0.2598f,0.229f,0.9381f,0.8949f,0f,0f,0f,1f],start_interpolation: 0,interpolation_duration: 1}
$data merge entity $(invisibility) {transformation: [0.9435f,0.3295f,0.0347f,-0.5838f,-0.1173f,0.2344f,0.965f,3.8241f,0.3099f,-0.9146f,0.2598f,0.5487f,0f,0f,0f,1f],start_interpolation: 0,interpolation_duration: 1}
$data merge entity $(swiftness) {transformation: [-0.246f,0.9686f,0.0347f,-0.7629f,-0.2437f,-0.0965f,0.965f,3.7412f,0.9381f,0.229f,0.2598f,0.6801f,0f,0f,0f,1f],start_interpolation: 0,interpolation_duration: 1}
$data merge entity $(suspicious_stew) {transformation: [0.7739f,0.6323f,0.0347f,-0.6754f,-0.1904f,0.1801f,0.965f,3.7829f,0.604f,-0.7535f,0.2598f,0.7139f,0f,0f,0f,1f],start_interpolation: 0,interpolation_duration: 1}
$data merge entity $(log) {transformation: [-0.0347f,0.9686f,-0.246f,-0.5691f,-0.965f,-0.0965f,-0.2437f,3.669f,-0.2598f,0.229f,0.9381f,0.7621f,0f,0f,0f,1f],start_interpolation: 0,interpolation_duration: 1}
$data merge entity $(planks) {transformation: [-0.0347f,0.9686f,-0.246f,-0.5723f,-0.965f,-0.0965f,-0.2437f,3.5785f,-0.2598f,0.229f,0.9381f,0.7378f,0f,0f,0f,1f],start_interpolation: 0,interpolation_duration: 1}
$data merge entity $(lefthand1) {transformation: [-0.0347f,0.9686f,-0.246f,-0.3105f,-0.965f,-0.0965f,-0.2437f,3.8937f,-0.2598f,0.229f,0.9381f,0.855f,0f,0f,0f,1f],start_interpolation: 0,interpolation_duration: 1}
$data merge entity $(leftforearm) {transformation: [0.0243f,0.9994f,0.026f,0.4019f,-0.994f,0.0269f,-0.1057f,3.8569f,-0.1064f,-0.0233f,0.9941f,0.8174f,0f,0f,0f,1f],start_interpolation: 0,interpolation_duration: 1}
$data merge entity $(leftelbow) {transformation: [0.0243f,0.9994f,0.026f,0.5893f,-0.994f,0.0269f,-0.1057f,3.862f,-0.1064f,-0.0233f,0.9941f,0.813f,0f,0f,0f,1f],start_interpolation: 0,interpolation_duration: 1}
$data merge entity $(leftarm) {transformation: [-0.0065f,-0.2442f,0.9697f,0.3563f,-0.9999f,0.011f,-0.004f,3.6401f,-0.0097f,-0.9697f,-0.2443f,0.4434f,0f,0f,0f,1f],start_interpolation: 0,interpolation_duration: 1}
$data merge entity $(rightthumb2) {transformation: [-0.8137f,0.4636f,-0.3507f,-1.3617f,-0.3088f,-0.8559f,-0.4148f,5.1767f,-0.4925f,-0.2292f,0.8396f,0.6553f,0f,0f,0f,1f],start_interpolation: 0,interpolation_duration: 1}
$data merge entity $(rightthumb) {transformation: [-0.8137f,0.4636f,-0.3507f,-1.278f,-0.3088f,-0.8559f,-0.4148f,4.9314f,-0.4925f,-0.2292f,0.8396f,0.6708f,0f,0f,0f,1f],start_interpolation: 0,interpolation_duration: 1}
$data merge entity $(rightpointerfinger) {transformation: [-0.8137f,0.4636f,-0.3507f,-1.5355f,-0.3088f,-0.8559f,-0.4148f,5.159f,-0.4925f,-0.2292f,0.8396f,0.7316f,0f,0f,0f,1f],start_interpolation: 0,interpolation_duration: 1}
$data merge entity $(rightmidfinger) {transformation: [-0.8137f,0.4636f,-0.3507f,-1.5903f,-0.3088f,-0.8559f,-0.4148f,5.0942f,-0.4925f,-0.2292f,0.8396f,0.8627f,0f,0f,0f,1f],start_interpolation: 0,interpolation_duration: 1}
$data merge entity $(rightringfinger) {transformation: [-0.8137f,0.4636f,-0.3507f,-1.6451f,-0.3088f,-0.8559f,-0.4148f,5.0293f,-0.4925f,-0.2292f,0.8396f,0.9939f,0f,0f,0f,1f],start_interpolation: 0,interpolation_duration: 1}
$data merge entity $(hugeasssword) {transformation: [-3.1869f,1.8157f,-1.3736f,-1.2746f,-1.2096f,-3.3522f,-1.6248f,5.0088f,-1.9289f,-0.8978f,3.2884f,0.9339f,0f,0f,0f,1f],start_interpolation: 0,interpolation_duration: 1}
$data merge entity $(whey) {transformation: [0f,0f,0f,-1.1288f,0f,0f,0f,5.2005f,0f,0f,0f,0.9219f,0f,0f,0f,1f],start_interpolation: 0,interpolation_duration: 1}
$data merge entity $(ice) {transformation: [-0.8137f,0.4636f,-0.3507f,-1.2691f,-0.3088f,-0.8559f,-0.4148f,5.027f,-0.4925f,-0.2292f,0.8396f,0.9451f,0f,0f,0f,1f],start_interpolation: 0,interpolation_duration: 1}
$data merge entity $(righthand1) {transformation: [-0.8137f,0.4636f,-0.3507f,-1.3676f,-0.3088f,-0.8559f,-0.4148f,4.7229f,-0.4925f,-0.2292f,0.8396f,0.791f,0f,0f,0f,1f],start_interpolation: 0,interpolation_duration: 1}
$data merge entity $(rightforearm) {transformation: [-0.4985f,-0.0297f,-0.8664f,-1.3412f,0.5369f,-0.7952f,-0.2817f,4.1299f,-0.6806f,-0.6056f,0.4123f,0.4056f,0f,0f,0f,1f],start_interpolation: 0,interpolation_duration: 1}
$data merge entity $(rightelbow) {transformation: [-0.4985f,-0.0297f,-0.8664f,-1.3467f,0.5369f,-0.7952f,-0.2817f,3.9808f,-0.6806f,-0.6056f,0.4123f,0.2921f,0f,0f,0f,1f],start_interpolation: 0,interpolation_duration: 1}
$data merge entity $(rightarm) {transformation: [-0.4528f,0.5258f,-0.7201f,-0.9771f,0.4794f,-0.5373f,-0.6938f,3.6612f,-0.7518f,-0.6594f,-0.0088f,0.1573f,0f,0f,0f,1f],start_interpolation: 0,interpolation_duration: 1}
$data merge entity $(chest1) {transformation: [-1.0697f,-0.1069f,0.1337f,-0.2391f,-0.0886f,1.0698f,0.1459f,3.4622f,-0.1464f,0.1331f,-1.0651f,0.1187f,0f,0f,0f,1f],start_interpolation: 0,interpolation_duration: 1}
$data merge entity $(chest1lid) {transformation: [-0.9874f,-0.0986f,0.1234f,-0.5571f,-0.0818f,0.9875f,0.1347f,2.7067f,-0.1351f,0.1229f,-0.9832f,0.3733f,0f,0f,0f,1f],start_interpolation: 0,interpolation_duration: 1}
$data merge entity $(chest2) {transformation: [-0.9874f,-0.0986f,0.1234f,-0.5417f,-0.0818f,0.9875f,0.1347f,2.5524f,-0.1351f,0.1229f,-0.9832f,0.3541f,0f,0f,0f,1f],start_interpolation: 0,interpolation_duration: 1}
$data merge entity $(chest1lid3) {transformation: [-0.9874f,-0.0986f,0.1234f,-0.4163f,-0.0818f,0.9875f,0.1347f,2.7981f,-0.1351f,0.1229f,-0.9832f,-0.2481f,0f,0f,0f,1f],start_interpolation: 0,interpolation_duration: 1}
$data merge entity $(chest3) {transformation: [-0.9874f,-0.0986f,0.1234f,-0.4009f,-0.0818f,0.9875f,0.1347f,2.6438f,-0.1351f,0.1229f,-0.9832f,-0.2673f,0f,0f,0f,1f],start_interpolation: 0,interpolation_duration: 1}
$data merge entity $(hugeasssword2) {transformation: [-0.4833f,2.5904f,-2.8977f,-1.5374f,-0.5274f,2.8493f,2.6351f,4.5429f,3.8508f,0.7154f,-0.0028f,-0.1657f,0f,0f,0f,1f],start_interpolation: 0,interpolation_duration: 1}
$data merge entity $(belt) {transformation: [-0.9874f,-0.0986f,0.1234f,-0.1843f,-0.0818f,0.9875f,0.1347f,3.0539f,-0.1351f,0.1229f,-0.9832f,0.2028f,0f,0f,0f,1f],start_interpolation: 0,interpolation_duration: 1}
$data merge entity $(torn_part) {transformation: [-0.9967f,-0.0405f,0.0705f,-0.2901f,-0.0159f,0.9478f,0.3185f,2.7646f,-0.0797f,0.3163f,-0.9453f,0.1641f,0f,0f,0f,1f],start_interpolation: 0,interpolation_duration: 1}
$data merge entity $(lowerbody) {transformation: [-0.9967f,-0.0174f,0.0794f,-0.1955f,-0.0159f,0.9997f,0.0187f,2.2754f,-0.0797f,0.0174f,-0.9967f,0.3036f,0f,0f,0f,1f],start_interpolation: 0,interpolation_duration: 1}
$data merge entity $(leftfoot) {transformation: [-0.8772f,-0.2142f,-0.4297f,0.7054f,-0.3377f,0.9114f,0.235f,0.5768f,0.3413f,0.3513f,-0.8718f,0.2619f,0f,0f,0f,1f],start_interpolation: 0,interpolation_duration: 1}
$data merge entity $(leftlowerleg) {transformation: [-0.8772f,-0.2142f,-0.4297f,0.5338f,-0.3377f,0.9114f,0.235f,1.5518f,0.3413f,0.3513f,-0.8718f,0.7855f,0f,0f,0f,1f],start_interpolation: 0,interpolation_duration: 1}
$data merge entity $(leftleg) {transformation: [-0.9026f,-0.4237f,0.0759f,0.0657f,-0.3738f,0.684f,-0.6264f,2.2589f,0.2135f,-0.5938f,-0.7758f,0.176f,0f,0f,0f,1f],start_interpolation: 0,interpolation_duration: 1}
$data merge entity $(rightfoot) {transformation: [-0.9199f,0.1776f,0.3495f,-0.8475f,0.255f,0.9482f,0.1893f,0.3203f,-0.2978f,0.2632f,-0.9176f,0.1084f,0f,0f,0f,1f],start_interpolation: 0,interpolation_duration: 1}
$data merge entity $(rightlowerleg) {transformation: [-0.9199f,0.1776f,0.3495f,-0.7042f,0.255f,0.9482f,0.1893f,1.3432f,-0.2978f,0.2632f,-0.9176f,0.5414f,0f,0f,0f,1f],start_interpolation: 0,interpolation_duration: 1}
$data merge entity $(rightleg) {transformation: [-0.969f,0.2337f,0.08f,-0.4351f,0.1746f,0.8773f,-0.4471f,2.2625f,-0.1747f,-0.4193f,-0.8909f,0.1199f,0f,0f,0f,1f],start_interpolation: 0,interpolation_duration: 1}
data modify entity @s data merge value {"cameras":{},"locators":{"soup":{"px":-0.5677511562980111,"py":3.783733516289086,"pz":0.5762498011485366,"ry":172.39243773139296,"rx":74.80601283112905},"lefthand":{"px":-0.6376331165347857,"py":3.7708008501893318,"pz":0.7539197910153173,"ry":194.6947949367849,"rx":-14.104461332345346},"sword":{"px":-0.0538900203857815,"py":6.5476183790261,"pz":-2.206559395006318,"ry":202.67096544785488,"rx":-24.50882449575124},"righthand":{"px":-1.347131240777199,"py":5.017920265228942,"pz":0.889439163863815,"ry":202.67096544785488,"rx":-24.50882449575124},"chest":{"px":-0.6010548696726044,"py":2.621371261962243,"pz":0.5150662957415533,"ry":7.153892229287322,"rx":7.738606124831719}}}