# This file was generated by Animated Java via MC-Build. It is not recommended to edit this file directly.
$data merge entity $(bone_nose) {transformation: [-0.9965f,-0.0835f,-0.0024f,-0.2165f,-0.0825f,0.98f,0.1808f,4.0986f,-0.0128f,0.1804f,-0.9835f,0.4515f,0f,0f,0f,1f],start_interpolation: 0,interpolation_duration: 1}
$data merge entity $(bone_glowing_eye) {transformation: [-0.9965f,-0.0835f,-0.0024f,-0.3466f,-0.0825f,0.98f,0.1808f,4.1483f,-0.0128f,0.1804f,-0.9835f,0.4964f,0f,0f,0f,1f],start_interpolation: 0,interpolation_duration: 1}
$data merge entity $(bone_head) {transformation: [-0.9965f,-0.0835f,-0.0024f,-0.2066f,-0.0825f,0.98f,0.1808f,4.0114f,-0.0128f,0.1804f,-0.9835f,0.245f,0f,0f,0f,1f],start_interpolation: 0,interpolation_duration: 1}
$data merge entity $(bone_leftthumb2) {transformation: [0.2842f,0.9585f,0.0222f,-0.5031f,-0.9049f,0.2758f,-0.3241f,3.6013f,-0.3168f,0.072f,0.9458f,0.6423f,0f,0f,0f,1f],start_interpolation: 0,interpolation_duration: 1}
$data merge entity $(bone_leftthumb) {transformation: [0.2842f,0.9585f,0.0222f,-0.2662f,-0.9049f,0.2758f,-0.3241f,3.6412f,-0.3168f,0.072f,0.9458f,0.7408f,0f,0f,0f,1f],start_interpolation: 0,interpolation_duration: 1}
$data merge entity $(bone_leftpointerfinger) {transformation: [0.2842f,0.9585f,0.0222f,-0.6107f,-0.9049f,0.2758f,-0.3241f,3.6345f,-0.3168f,0.072f,0.9458f,0.7961f,0f,0f,0f,1f],start_interpolation: 0,interpolation_duration: 1}
$data merge entity $(bone_leftmidfinger) {transformation: [0.2842f,0.9585f,0.0222f,-0.6073f,-0.9049f,0.2758f,-0.3241f,3.5838f,-0.3168f,0.072f,0.9458f,0.9439f,0f,0f,0f,1f],start_interpolation: 0,interpolation_duration: 1}
$data merge entity $(bone_leftringfinger) {transformation: [0.2842f,0.9585f,0.0222f,-0.6038f,-0.9049f,0.2758f,-0.3241f,3.5332f,-0.3168f,0.072f,0.9458f,1.0917f,0f,0f,0f,1f],start_interpolation: 0,interpolation_duration: 1}
$data merge entity $(bone_invisibility) {transformation: [0.9568f,0.0614f,-0.2842f,-0.4533f,0.2465f,0.3469f,0.9049f,3.5051f,0.1542f,-0.9359f,0.3168f,0.715f,0f,0f,0f,1f],start_interpolation: 0,interpolation_duration: 1}
$data merge entity $(bone_swiftness) {transformation: [0.0222f,0.9585f,-0.2842f,-0.5641f,-0.3241f,0.2758f,0.9049f,3.3599f,0.9458f,0.072f,0.3168f,0.8661f,0f,0f,0f,1f],start_interpolation: 0,interpolation_duration: 1}
$data merge entity $(bone_suspicious_stew) {transformation: [0.8781f,0.385f,-0.2842f,-0.4941f,0.113f,0.4103f,0.9049f,3.4314f,0.465f,-0.8267f,0.3168f,0.889f,0f,0f,0f,1f],start_interpolation: 0,interpolation_duration: 1}
$data merge entity $(bone_log) {transformation: [0.2842f,0.9585f,0.0222f,-0.3466f,-0.9049f,0.2758f,-0.3241f,3.3659f,-0.3168f,0.072f,0.9458f,0.9126f,0f,0f,0f,1f],start_interpolation: 0,interpolation_duration: 1}
$data merge entity $(bone_planks) {transformation: [0.2842f,0.9585f,0.0222f,-0.3199f,-0.9049f,0.2758f,-0.3241f,3.281f,-0.3168f,0.072f,0.9458f,0.8829f,0f,0f,0f,1f],start_interpolation: 0,interpolation_duration: 1}
$data merge entity $(bone_lefthand1) {transformation: [0.2842f,0.9585f,0.0222f,-0.1787f,-0.9049f,0.2758f,-0.3241f,3.6712f,-0.3168f,0.072f,0.9458f,0.9803f,0f,0f,0f,1f],start_interpolation: 0,interpolation_duration: 1}
$data merge entity $(bone_leftforearm) {transformation: [0.1777f,0.9521f,0.2487f,0.5053f,-0.9555f,0.2274f,-0.1878f,3.7785f,-0.2353f,-0.2043f,0.9502f,0.8064f,0f,0f,0f,1f],start_interpolation: 0,interpolation_duration: 1}
$data merge entity $(bone_leftelbow) {transformation: [0.1777f,0.9521f,0.2487f,0.6839f,-0.9555f,0.2274f,-0.1878f,3.8212f,-0.2353f,-0.2043f,0.9502f,0.7681f,0f,0f,0f,1f],start_interpolation: 0,interpolation_duration: 1}
$data merge entity $(bone_leftarm) {transformation: [0.1583f,-0.2703f,0.9497f,0.4885f,-0.9784f,0.0862f,0.1877f,3.6108f,-0.1326f,-0.9589f,-0.2508f,0.3753f,0f,0f,0f,1f],start_interpolation: 0,interpolation_duration: 1}
$data merge entity $(bone_rightthumb2) {transformation: [-0.3716f,-0.2783f,-0.8857f,-0.3363f,0.6753f,-0.7357f,-0.0521f,4.5037f,-0.6371f,-0.6174f,0.4614f,1.0408f,0f,0f,0f,1f],start_interpolation: 0,interpolation_duration: 1}
$data merge entity $(bone_rightthumb) {transformation: [-0.3716f,-0.2783f,-0.8857f,-0.4802f,0.6753f,-0.7357f,-0.0521f,4.3188f,-0.6371f,-0.6174f,0.4614f,0.9288f,0f,0f,0f,1f],start_interpolation: 0,interpolation_duration: 1}
$data merge entity $(bone_rightpointerfinger) {transformation: [-0.3716f,-0.2783f,-0.8857f,-0.4711f,0.6753f,-0.7357f,-0.0521f,4.6316f,-0.6371f,-0.6174f,0.4614f,1.0833f,0f,0f,0f,1f],start_interpolation: 0,interpolation_duration: 1}
$data merge entity $(bone_rightmidfinger) {transformation: [-0.3716f,-0.2783f,-0.8857f,-0.6094f,0.6753f,-0.7357f,-0.0521f,4.6235f,-0.6371f,-0.6174f,0.4614f,1.1554f,0f,0f,0f,1f],start_interpolation: 0,interpolation_duration: 1}
$data merge entity $(bone_rightringfinger) {transformation: [-0.3716f,-0.2783f,-0.8857f,-0.7478f,0.6753f,-0.7357f,-0.0521f,4.6154f,-0.6371f,-0.6174f,0.4614f,1.2275f,0f,0f,0f,1f],start_interpolation: 0,interpolation_duration: 1}
$data merge entity $(bone_hugeasssword) {transformation: [-1.4555f,-1.0902f,-3.4689f,-0.5534f,2.6448f,-2.8816f,-0.2041f,4.2955f,-2.4954f,-2.4183f,1.807f,1.192f,0f,0f,0f,1f],start_interpolation: 0,interpolation_duration: 1}
$data merge entity $(bone_ice) {transformation: [-0.3716f,-0.2783f,-0.8857f,-0.5433f,0.6753f,-0.7357f,-0.0521f,4.2964f,-0.6371f,-0.6174f,0.4614f,1.2116f,0f,0f,0f,1f],start_interpolation: 0,interpolation_duration: 1}
$data merge entity $(bone_righthand1) {transformation: [-0.3716f,-0.2783f,-0.8857f,-0.7334f,0.6753f,-0.7357f,-0.0521f,4.2797f,-0.6371f,-0.6174f,0.4614f,0.9124f,0f,0f,0f,1f],start_interpolation: 0,interpolation_duration: 1}
$data merge entity $(bone_rightforearm) {transformation: [0.3053f,-0.4128f,-0.8581f,-1.03f,0.8027f,-0.3733f,0.4651f,3.958f,-0.5123f,-0.8308f,0.2174f,0.3568f,0f,0f,0f,1f],start_interpolation: 0,interpolation_duration: 1}
$data merge entity $(bone_rightelbow) {transformation: [0.3053f,-0.4128f,-0.8581f,-1.1074f,0.8027f,-0.3733f,0.4651f,3.888f,-0.5123f,-0.8308f,0.2174f,0.201f,0f,0f,0f,1f],start_interpolation: 0,interpolation_duration: 1}
$data merge entity $(bone_rightarm) {transformation: [0.3421f,0.6972f,-0.63f,-0.8516f,0.7471f,-0.6084f,-0.2676f,3.4966f,-0.5699f,-0.3792f,-0.729f,0.2315f,0f,0f,0f,1f],start_interpolation: 0,interpolation_duration: 1}
$data merge entity $(bone_chest1) {transformation: [-1.0615f,-0.1953f,0.0933f,-0.1056f,-0.1854f,1.0614f,0.1126f,3.379f,-0.1117f,0.0943f,-1.0734f,0.0887f,0f,0f,0f,1f],start_interpolation: 0,interpolation_duration: 1}
$data merge entity $(bone_chest1lid) {transformation: [-0.9798f,-0.1803f,0.0861f,-0.3507f,-0.1711f,0.9798f,0.1039f,2.6103f,-0.1031f,0.0871f,-0.9909f,0.3817f,0f,0f,0f,1f],start_interpolation: 0,interpolation_duration: 1}
$data merge entity $(bone_chest2) {transformation: [-0.9798f,-0.1803f,0.0861f,-0.3225f,-0.1711f,0.9798f,0.1039f,2.4572f,-0.1031f,0.0871f,-0.9909f,0.3681f,0f,0f,0f,1f],start_interpolation: 0,interpolation_duration: 1}
$data merge entity $(bone_chest1lid3) {transformation: [-0.9798f,-0.1803f,0.0861f,-0.2342f,-0.1711f,0.9798f,0.1039f,2.6876f,-0.1031f,0.0871f,-0.9909f,-0.2466f,0f,0f,0f,1f],start_interpolation: 0,interpolation_duration: 1}
$data merge entity $(bone_chest3) {transformation: [-0.9798f,-0.1803f,0.0861f,-0.2061f,-0.1711f,0.9798f,0.1039f,2.5345f,-0.1031f,0.0871f,-0.9909f,-0.2602f,0f,0f,0f,1f],start_interpolation: 0,interpolation_duration: 1}
$data merge entity $(bone_hugeasssword2) {transformation: [-0.3373f,2.3524f,-3.1133f,-1.4992f,-0.4069f,3.0867f,2.3764f,4.3325f,3.8808f,0.5281f,-0.0214f,-0.1998f,0f,0f,0f,1f],start_interpolation: 0,interpolation_duration: 1}
$data merge entity $(bone_belt) {transformation: [-0.9798f,-0.1803f,0.0861f,-0.0137f,-0.1711f,0.9798f,0.1039f,2.9806f,-0.1031f,0.0871f,-0.9909f,0.187f,0f,0f,0f,1f],start_interpolation: 0,interpolation_duration: 1}
$data merge entity $(bone_torn_part) {transformation: [-0.9923f,-0.1225f,-0.0168f,-0.0932f,-0.1223f,0.9512f,0.2834f,2.6806f,-0.0187f,0.2832f,-0.9589f,0.1654f,0f,0f,0f,1f],start_interpolation: 0,interpolation_duration: 1}
$data merge entity $(bone_lowerbody) {transformation: [-0.9923f,-0.1219f,0.0208f,0.0603f,-0.1223f,0.9924f,-0.0158f,2.2102f,-0.0187f,-0.0182f,-0.9997f,0.3167f,0f,0f,0f,1f],start_interpolation: 0,interpolation_duration: 1}
$data merge entity $(bone_leftfoot) {transformation: [-0.9055f,-0.2407f,-0.3495f,0.9797f,-0.2907f,0.9518f,0.0978f,0.3022f,0.3091f,0.1901f,-0.9318f,0.1151f,0f,0f,0f,1f],start_interpolation: 0,interpolation_duration: 1}
$data merge entity $(bone_leftlowerleg) {transformation: [-0.9055f,-0.2407f,-0.3495f,0.7664f,-0.2907f,0.9518f,0.0978f,1.3431f,0.3091f,0.1901f,-0.9318f,0.4692f,0f,0f,0f,1f],start_interpolation: 0,interpolation_duration: 1}
$data merge entity $(bone_leftleg) {transformation: [-0.8937f,-0.4268f,-0.1385f,0.2948f,-0.3391f,0.8446f,-0.4143f,2.2236f,0.2938f,-0.3233f,-0.8995f,0.1574f,0f,0f,0f,1f],start_interpolation: 0,interpolation_duration: 1}
$data merge entity $(bone_rightfoot) {transformation: [-0.9599f,0.0195f,0.2796f,-0.2137f,0.1369f,0.9032f,0.4068f,0.2568f,-0.2446f,0.4287f,-0.8697f,-0.0891f,0f,0f,0f,1f],start_interpolation: 0,interpolation_duration: 1}
$data merge entity $(bone_rightlowerleg) {transformation: [-0.9599f,0.0195f,0.2796f,-0.235f,0.1369f,0.9032f,0.4068f,1.1963f,-0.2446f,0.4287f,-0.8697f,0.5202f,0f,0f,0f,1f],start_interpolation: 0,interpolation_duration: 1}
$data merge entity $(bone_rightleg) {transformation: [-0.9944f,0.0254f,0.1024f,-0.1847f,-0.0146f,0.9282f,-0.3719f,2.1705f,-0.1045f,-0.3713f,-0.9226f,0.145f,0f,0f,0f,1f],start_interpolation: 0,interpolation_duration: 1}
data modify entity @s data merge value {"cameras":{},"locators":{"lefthand":{"posx":-0.4484422970852542,"posy":3.434212655050464,"posz":0.9219260390864379,"roty":178.655575084365,"rotx":-18.912241501506884},"sword":{"posx":2.7060224426403936,"posy":4.564247582043057,"posz":-0.546922405719493,"roty":242.48475527328677,"rotx":-2.987481960417252},"righthand":{"posx":-0.5599321994991131,"posy":4.37206329259519,"posz":1.1543305808691682,"roty":242.48475527328677,"rotx":-2.987481960417252},"chest":{"posx":-0.3834601709127858,"posy":2.5274942706216272,"posz":0.5278877419691216,"roty":4.96718210916589,"rotx":5.9636262048996125}}}