# This file was generated by Animated Java via MC-Build. It is not recommended to edit this file directly.
$data merge entity $(bone_nose) {transformation: [-0.9573f,-0.2859f,-0.0425f,-0.1003f,-0.2871f,0.9576f,0.0247f,4.093f,0.0337f,0.0358f,-0.9988f,0.4686f,0f,0f,0f,1f],start_interpolation: 0,interpolation_duration: 1}
$data merge entity $(bone_glowing_eye) {transformation: [-0.9573f,-0.2859f,-0.0425f,-0.2378f,-0.2871f,0.9576f,0.0247f,4.1211f,0.0337f,0.0358f,-0.9988f,0.5101f,0f,0f,0f,1f],start_interpolation: 0,interpolation_duration: 1}
$data merge entity $(bone_head) {transformation: [-0.9573f,-0.2859f,-0.0425f,-0.0729f,-0.2871f,0.9576f,0.0247f,3.9794f,0.0337f,0.0358f,-0.9988f,0.2771f,0f,0f,0f,1f],start_interpolation: 0,interpolation_duration: 1}
$data merge entity $(bone_leftthumb2) {transformation: [0.2931f,0.9276f,-0.2317f,-0.3044f,-0.9551f,0.2949f,-0.0276f,3.631f,0.0427f,0.2294f,0.9724f,0.2867f,0f,0f,0f,1f],start_interpolation: 0,interpolation_duration: 1}
$data merge entity $(bone_leftthumb) {transformation: [0.2931f,0.9276f,-0.2317f,-0.0968f,-0.9551f,0.2949f,-0.0276f,3.7009f,0.0427f,0.2294f,0.9724f,0.4261f,0f,0f,0f,1f],start_interpolation: 0,interpolation_duration: 1}
$data merge entity $(bone_leftpointerfinger) {transformation: [0.2931f,0.9276f,-0.2317f,-0.444f,-0.9551f,0.2949f,-0.0276f,3.7073f,0.0427f,0.2294f,0.9724f,0.3917f,0f,0f,0f,1f],start_interpolation: 0,interpolation_duration: 1}
$data merge entity $(bone_leftmidfinger) {transformation: [0.2931f,0.9276f,-0.2317f,-0.4802f,-0.9551f,0.2949f,-0.0276f,3.703f,0.0427f,0.2294f,0.9724f,0.5436f,0f,0f,0f,1f],start_interpolation: 0,interpolation_duration: 1}
$data merge entity $(bone_leftringfinger) {transformation: [0.2931f,0.9276f,-0.2317f,-0.5165f,-0.9551f,0.2949f,-0.0276f,3.6987f,0.0427f,0.2294f,0.9724f,0.6956f,0f,0f,0f,1f],start_interpolation: 0,interpolation_duration: 1}
$data merge entity $(bone_invisibility) {transformation: [0.9039f,0.3117f,-0.2931f,-0.2804f,0.2913f,0.0532f,0.9551f,3.5614f,0.3133f,-0.9487f,-0.0427f,0.3944f,0f,0f,0f,1f],start_interpolation: 0,interpolation_duration: 1}
$data merge entity $(bone_swiftness) {transformation: [-0.2317f,0.9276f,-0.2931f,-0.4342f,-0.0276f,0.2949f,0.9551f,3.4665f,0.9724f,0.2294f,-0.0427f,0.5479f,0f,0f,0f,1f],start_interpolation: 0,interpolation_duration: 1}
$data merge entity $(bone_suspicious_stew) {transformation: [0.7428f,0.602f,-0.2931f,-0.3673f,0.2556f,0.1496f,0.9551f,3.5424f,0.6189f,-0.7843f,-0.0427f,0.566f,0f,0f,0f,1f],start_interpolation: 0,interpolation_duration: 1}
$data merge entity $(bone_log) {transformation: [0.2931f,0.9276f,-0.2317f,-0.2348f,-0.9551f,0.2949f,-0.0276f,3.4884f,0.0427f,0.2294f,0.9724f,0.6442f,0f,0f,0f,1f],start_interpolation: 0,interpolation_duration: 1}
$data merge entity $(bone_planks) {transformation: [0.2931f,0.9276f,-0.2317f,-0.2073f,-0.9551f,0.2949f,-0.0276f,3.3988f,0.0427f,0.2294f,0.9724f,0.6483f,0f,0f,0f,1f],start_interpolation: 0,interpolation_duration: 1}
$data merge entity $(bone_lefthand1) {transformation: [0.2931f,0.9276f,-0.2317f,-0.0689f,-0.9551f,0.2949f,-0.0276f,3.8018f,0.0427f,0.2294f,0.9724f,0.6605f,0f,0f,0f,1f],start_interpolation: 0,interpolation_duration: 1}
$data merge entity $(bone_leftforearm) {transformation: [0.1811f,0.9834f,0.0124f,0.6417f,-0.9817f,0.1801f,0.0617f,3.8686f,0.0585f,-0.0234f,0.998f,0.6322f,0f,0f,0f,1f],start_interpolation: 0,interpolation_duration: 1}
$data merge entity $(bone_leftelbow) {transformation: [0.1811f,0.9834f,0.0124f,0.8261f,-0.9817f,0.1801f,0.0617f,3.9023f,0.0585f,-0.0234f,0.998f,0.6279f,0f,0f,0f,1f],start_interpolation: 0,interpolation_duration: 1}
$data merge entity $(bone_leftarm) {transformation: [0.1455f,-0.1669f,0.9752f,0.6692f,-0.9771f,-0.179f,0.1152f,3.5926f,0.1553f,-0.9696f,-0.1891f,0.2879f,0f,0f,0f,1f],start_interpolation: 0,interpolation_duration: 1}
$data merge entity $(bone_rightthumb2) {transformation: [-0.6126f,0.5684f,-0.5492f,-0.9548f,-0.7493f,-0.1965f,0.6325f,4.3573f,0.2516f,0.799f,0.5462f,-0.583f,0f,0f,0f,1f],start_interpolation: 0,interpolation_duration: 1}
$data merge entity $(bone_rightthumb) {transformation: [-0.6126f,0.5684f,-0.5492f,-0.8623f,-0.7493f,-0.1965f,0.6325f,4.3632f,0.2516f,0.799f,0.5462f,-0.3403f,0f,0f,0f,1f],start_interpolation: 0,interpolation_duration: 1}
$data merge entity $(bone_rightpointerfinger) {transformation: [-0.6126f,0.5684f,-0.5492f,-1.1416f,-0.7493f,-0.1965f,0.6325f,4.3754f,0.2516f,0.799f,0.5462f,-0.5494f,0f,0f,0f,1f],start_interpolation: 0,interpolation_duration: 1}
$data merge entity $(bone_rightmidfinger) {transformation: [-0.6126f,0.5684f,-0.5492f,-1.2274f,-0.7493f,-0.1965f,0.6325f,4.4742f,0.2516f,0.799f,0.5462f,-0.464f,0f,0f,0f,1f],start_interpolation: 0,interpolation_duration: 1}
$data merge entity $(bone_rightringfinger) {transformation: [-0.6126f,0.5684f,-0.5492f,-1.3132f,-0.7493f,-0.1965f,0.6325f,4.573f,0.2516f,0.799f,0.5462f,-0.3787f,0f,0f,0f,1f],start_interpolation: 0,interpolation_duration: 1}
$data merge entity $(bone_hugeasssword) {transformation: [-2.3995f,2.2261f,-2.1511f,-0.9406f,-2.9346f,-0.7695f,2.4772f,4.6234f,0.9853f,3.1293f,2.1393f,-0.3771f,0f,0f,0f,1f],start_interpolation: 0,interpolation_duration: 1}
$data merge entity $(bone_ice) {transformation: [-0.6126f,0.5684f,-0.5492f,-0.9399f,-0.7493f,-0.1965f,0.6325f,4.6382f,0.2516f,0.799f,0.5462f,-0.3935f,0f,0f,0f,1f],start_interpolation: 0,interpolation_duration: 1}
$data merge entity $(bone_righthand1) {transformation: [-0.6126f,0.5684f,-0.5492f,-0.9681f,-0.7493f,-0.1965f,0.6325f,4.4215f,0.2516f,0.799f,0.5462f,-0.1138f,0f,0f,0f,1f],start_interpolation: 0,interpolation_duration: 1}
$data merge entity $(bone_rightforearm) {transformation: [-0.2556f,-0.2411f,-0.9362f,-1.0921f,-0.1437f,-0.9482f,0.2834f,3.7716f,-0.956f,0.207f,0.2078f,0.1087f,0f,0f,0f,1f],start_interpolation: 0,interpolation_duration: 1}
$data merge entity $(bone_rightelbow) {transformation: [-0.2556f,-0.2411f,-0.9362f,-1.1373f,-0.1437f,-0.9482f,0.2834f,3.5938f,-0.956f,0.207f,0.2078f,0.1475f,0f,0f,0f,1f],start_interpolation: 0,interpolation_duration: 1}
$data merge entity $(bone_rightarm) {transformation: [-0.196f,0.92f,-0.3395f,-0.7147f,-0.2164f,-0.3782f,-0.9001f,3.5648f,-0.9564f,-0.103f,0.2732f,0.3013f,0f,0f,0f,1f],start_interpolation: 0,interpolation_duration: 1}
$data merge entity $(bone_chest1) {transformation: [-1.0725f,-0.1263f,-0.0864f,0.0258f,-0.143f,1.0451f,0.247f,3.3573f,0.0546f,0.2559f,-1.0513f,0.0747f,0f,0f,0f,1f],start_interpolation: 0,interpolation_duration: 1}
$data merge entity $(bone_chest1lid) {transformation: [-0.99f,-0.1166f,-0.0798f,-0.2013f,-0.132f,0.9647f,0.228f,2.5637f,0.0504f,0.2362f,-0.9704f,0.3101f,0f,0f,0f,1f],start_interpolation: 0,interpolation_duration: 1}
$data merge entity $(bone_chest2) {transformation: [-0.99f,-0.1166f,-0.0798f,-0.1831f,-0.132f,0.9647f,0.228f,2.413f,0.0504f,0.2362f,-0.9704f,0.2732f,0f,0f,0f,1f],start_interpolation: 0,interpolation_duration: 1}
$data merge entity $(bone_chest1lid3) {transformation: [-0.99f,-0.1166f,-0.0798f,-0.1905f,-0.132f,0.9647f,0.228f,2.718f,0.0504f,0.2362f,-0.9704f,-0.3147f,0f,0f,0f,1f],start_interpolation: 0,interpolation_duration: 1}
$data merge entity $(bone_chest3) {transformation: [-0.99f,-0.1166f,-0.0798f,-0.1723f,-0.132f,0.9647f,0.228f,2.5673f,0.0504f,0.2362f,-0.9704f,-0.3516f,0f,0f,0f,1f],start_interpolation: 0,interpolation_duration: 1}
$data merge entity $(bone_hugeasssword2) {transformation: [0.3125f,2.5502f,-2.9562f,-1.3503f,-0.893f,2.9337f,2.4364f,4.3744f,3.8007f,0.4797f,0.8155f,0.1538f,0f,0f,0f,1f],start_interpolation: 0,interpolation_duration: 1}
$data merge entity $(bone_belt) {transformation: [-0.99f,-0.1166f,-0.0798f,0.1144f,-0.132f,0.9647f,0.228f,2.9474f,0.0504f,0.2362f,-0.9704f,0.106f,0f,0f,0f,1f],start_interpolation: 0,interpolation_duration: 1}
$data merge entity $(bone_torn_part) {transformation: [-0.9797f,-0.106f,-0.1701f,0.0292f,-0.1646f,0.91f,0.3806f,2.6483f,0.1144f,0.4009f,-0.909f,0.0616f,0f,0f,0f,1f],start_interpolation: 0,interpolation_duration: 1}
$data merge entity $(bone_lowerbody) {transformation: [-0.9797f,-0.1523f,-0.1303f,0.2175f,-0.1646f,0.9823f,0.0894f,2.1722f,0.1144f,0.109f,-0.9874f,0.1361f,0f,0f,0f,1f],start_interpolation: 0,interpolation_duration: 1}
$data merge entity $(bone_leftfoot) {transformation: [-0.7757f,0.0648f,-0.6278f,1.0298f,-0.1608f,0.9416f,0.2958f,1.033f,0.6103f,0.3303f,-0.72f,0.2336f,0f,0f,0f,1f],start_interpolation: 0,interpolation_duration: 1}
$data merge entity $(bone_leftlowerleg) {transformation: [-0.7757f,0.0648f,-0.6278f,1.1981f,-0.1608f,0.9416f,0.2958f,2.0322f,0.6103f,0.3303f,-0.72f,0.7107f,0f,0f,0f,1f],start_interpolation: 0,interpolation_duration: 1}
$data merge entity $(bone_leftleg) {transformation: [-0.7142f,-0.6928f,0.0999f,0.4539f,-0.2843f,0.1566f,-0.9459f,2.1731f,0.6396f,-0.7039f,-0.3088f,-0.0033f,0f,0f,0f,1f],start_interpolation: 0,interpolation_duration: 1}
$data merge entity $(bone_rightfoot) {transformation: [-0.9593f,-0.0003f,0.2824f,-0.0488f,0.1156f,0.912f,0.3935f,0.2169f,-0.2577f,0.4101f,-0.8749f,-0.1854f,0f,0f,0f,1f],start_interpolation: 0,interpolation_duration: 1}
$data merge entity $(bone_rightlowerleg) {transformation: [-0.9593f,-0.0003f,0.2824f,-0.0925f,0.1156f,0.912f,0.3935f,1.1683f,-0.2577f,0.4101f,-0.8749f,0.4039f,0f,0f,0f,1f],start_interpolation: 0,interpolation_duration: 1}
$data merge entity $(bone_rightleg) {transformation: [-0.9911f,0.0287f,0.13f,-0.0386f,-0.0255f,0.9174f,-0.3971f,2.1314f,-0.1307f,-0.3969f,-0.9085f,0.0028f,0f,0f,0f,1f],start_interpolation: 0,interpolation_duration: 1}
data modify entity @s data merge value {"cameras":{},"locators":{"lefthand":{"posx":-0.33108203275759907,"posy":3.5553241603478125,"posz":0.6071186674086175,"roty":193.40369866513794,"rotx":-1.5802902629634044},"sword":{"posx":1.0275872765435552,"posy":2.2289285031391453,"posz":-2.405110415305599,"roty":225.15721543147436,"rotx":39.23244021186447},"righthand":{"posx":-0.9976474823676794,"posy":4.5611541277637935,"posz":-0.3909594633802187,"roty":225.15721543147436,"rotx":39.23244021186447},"chest":{"posx":-0.21249612479543664,"posy":2.463655379056119,"posz":0.44856595207891814,"roty":355.3002957145089,"rotx":13.179511129742687}}}