# This file was generated by Animated Java via MC-Build. It is not recommended to edit this file directly.
$data merge entity $(nose) {transformation: [-0.9545f,-0.04f,0.2954f,0.3927f,-0.0051f,0.993f,0.1181f,3.9461f,-0.298f,0.1112f,-0.9481f,0.496f,0f,0f,0f,1f],start_interpolation: 0,interpolation_duration: 1}
$data merge entity $(glowing_eye) {transformation: [-0.9545f,-0.04f,0.2954f,0.2603f,-0.0051f,0.993f,0.1181f,4.0085f,-0.298f,0.1112f,-0.9481f,0.4993f,0f,0f,0f,1f],start_interpolation: 0,interpolation_duration: 1}
$data merge entity $(head) {transformation: [-0.9545f,-0.04f,0.2954f,0.4529f,-0.0051f,0.993f,0.1181f,3.8455f,-0.298f,0.1112f,-0.9481f,0.3047f,0f,0f,0f,1f],start_interpolation: 0,interpolation_duration: 1}
$data merge entity $(leftthumb2) {transformation: [0.0583f,0.9155f,-0.3981f,0.1545f,-0.9835f,-0.0157f,-0.1802f,3.6916f,-0.1712f,0.402f,0.8995f,0.301f,0f,0f,0f,1f],start_interpolation: 0,interpolation_duration: 1}
$data merge entity $(leftthumb) {transformation: [0.0583f,0.9155f,-0.3981f,0.345f,-0.9835f,-0.0157f,-0.1802f,3.6724f,-0.1712f,0.402f,0.8995f,0.4765f,0f,0f,0f,1f],start_interpolation: 0,interpolation_duration: 1}
$data merge entity $(leftpointerfinger) {transformation: [0.0583f,0.9155f,-0.3981f,0.0195f,-0.9835f,-0.0157f,-0.1802f,3.7766f,-0.1712f,0.402f,0.8995f,0.4055f,0f,0f,0f,1f],start_interpolation: 0,interpolation_duration: 1}
$data merge entity $(leftmidfinger) {transformation: [0.0583f,0.9155f,-0.3981f,-0.0426f,-0.9835f,-0.0157f,-0.1802f,3.7485f,-0.1712f,0.402f,0.8995f,0.546f,0f,0f,0f,1f],start_interpolation: 0,interpolation_duration: 1}
$data merge entity $(leftringfinger) {transformation: [0.0583f,0.9155f,-0.3981f,-0.1048f,-0.9835f,-0.0157f,-0.1802f,3.7203f,-0.1712f,0.402f,0.8995f,0.6866f,0f,0f,0f,1f],start_interpolation: 0,interpolation_duration: 1}
$data merge entity $(invisibility) {transformation: [0.8773f,0.4763f,-0.0583f,0.1431f,-0.0313f,0.1782f,0.9835f,3.5962f,0.4789f,-0.861f,0.1712f,0.3892f,0f,0f,0f,1f],start_interpolation: 0,interpolation_duration: 1}
$data merge entity $(swiftness) {transformation: [-0.3981f,0.9155f,-0.0583f,-0.0525f,-0.1802f,-0.0157f,0.9835f,3.5133f,0.8995f,0.402f,0.1712f,0.4945f,0f,0f,0f,1f],start_interpolation: 0,interpolation_duration: 1}
$data merge entity $(suspicious_stew) {transformation: [0.6615f,0.7477f,-0.0583f,0.0255f,-0.0904f,0.1567f,0.9835f,3.5631f,0.7445f,-0.6453f,0.1712f,0.539f,0f,0f,0f,1f],start_interpolation: 0,interpolation_duration: 1}
$data merge entity $(log) {transformation: [0.0583f,0.9155f,-0.3981f,0.1268f,-0.9835f,-0.0157f,-0.1802f,3.4605f,-0.1712f,0.402f,0.8995f,0.6154f,0f,0f,0f,1f],start_interpolation: 0,interpolation_duration: 1}
$data merge entity $(planks) {transformation: [0.0583f,0.9155f,-0.3981f,0.1322f,-0.9835f,-0.0157f,-0.1802f,3.3683f,-0.1712f,0.402f,0.8995f,0.5993f,0f,0f,0f,1f],start_interpolation: 0,interpolation_duration: 1}
$data merge entity $(lefthand1) {transformation: [0.0583f,0.9155f,-0.3981f,0.3535f,-0.9835f,-0.0157f,-0.1802f,3.7081f,-0.1712f,0.402f,0.8995f,0.7306f,0f,0f,0f,1f],start_interpolation: 0,interpolation_duration: 1}
$data merge entity $(leftforearm) {transformation: [-0.1304f,0.9516f,-0.2783f,1.0228f,-0.9464f,-0.2031f,-0.2511f,3.5072f,-0.2954f,0.2306f,0.9271f,0.8603f,0f,0f,0f,1f],start_interpolation: 0,interpolation_duration: 1}
$data merge entity $(leftelbow) {transformation: [-0.1304f,0.9516f,-0.2783f,1.2013f,-0.9464f,-0.2031f,-0.2511f,3.4691f,-0.2954f,0.2306f,0.9271f,0.9035f,0f,0f,0f,1f],start_interpolation: 0,interpolation_duration: 1}
$data merge entity $(leftarm) {transformation: [-0.1951f,0.1593f,0.9678f,1.1059f,-0.9573f,0.1836f,-0.2233f,3.3542f,-0.2133f,-0.97f,0.1167f,0.4422f,0f,0f,0f,1f],start_interpolation: 0,interpolation_duration: 1}
$data merge entity $(rightthumb2) {transformation: [-0.2325f,-0.7271f,-0.6459f,0.5758f,0.5482f,-0.6465f,0.5305f,4.0828f,-0.8034f,-0.2307f,0.549f,0.1919f,0f,0f,0f,1f],start_interpolation: 0,interpolation_duration: 1}
$data merge entity $(rightthumb) {transformation: [-0.2325f,-0.7271f,-0.6459f,0.3422f,0.5482f,-0.6465f,0.5305f,3.9696f,-0.8034f,-0.2307f,0.549f,0.1822f,0f,0f,0f,1f],start_interpolation: 0,interpolation_duration: 1}
$data merge entity $(rightpointerfinger) {transformation: [-0.2325f,-0.7271f,-0.6459f,0.5251f,0.5482f,-0.6465f,0.5305f,4.2666f,-0.8034f,-0.2307f,0.549f,0.1958f,0f,0f,0f,1f],start_interpolation: 0,interpolation_duration: 1}
$data merge entity $(rightmidfinger) {transformation: [-0.2325f,-0.7271f,-0.6459f,0.4242f,0.5482f,-0.6465f,0.5305f,4.3495f,-0.8034f,-0.2307f,0.549f,0.2816f,0f,0f,0f,1f],start_interpolation: 0,interpolation_duration: 1}
$data merge entity $(rightringfinger) {transformation: [-0.2325f,-0.7271f,-0.6459f,0.3233f,0.5482f,-0.6465f,0.5305f,4.4324f,-0.8034f,-0.2307f,0.549f,0.3674f,0f,0f,0f,1f],start_interpolation: 0,interpolation_duration: 1}
$data merge entity $(hugeasssword) {transformation: [-0.9107f,-2.848f,-2.5298f,0.3484f,2.1471f,-2.5323f,2.0778f,4.0642f,-3.1465f,-0.9038f,2.1501f,0.4395f,0f,0f,0f,1f],start_interpolation: 0,interpolation_duration: 1}
$data merge entity $(whey) {transformation: [0f,0f,0f,0.5473f,0f,0f,0f,3.956f,0f,0f,0f,0.522f,0f,0f,0f,1f],start_interpolation: 0,interpolation_duration: 1}
$data merge entity $(ice) {transformation: [-0.2325f,-0.7271f,-0.6459f,0.3634f,0.5482f,-0.6465f,0.5305f,4.0658f,-0.8034f,-0.2307f,0.549f,0.4557f,0f,0f,0f,1f],start_interpolation: 0,interpolation_duration: 1}
$data merge entity $(righthand1) {transformation: [-0.2325f,-0.7271f,-0.6459f,0.1033f,0.5482f,-0.6465f,0.5305f,4.0578f,-0.8034f,-0.2307f,0.549f,0.2143f,0f,0f,0f,1f],start_interpolation: 0,interpolation_duration: 1}
$data merge entity $(rightforearm) {transformation: [0.1329f,-0.8096f,-0.5718f,-0.4636f,0.4909f,-0.4474f,0.7475f,3.6997f,-0.861f,-0.38f,0.338f,-0.0039f,0f,0f,0f,1f],start_interpolation: 0,interpolation_duration: 1}
$data merge entity $(rightelbow) {transformation: [0.1329f,-0.8096f,-0.5718f,-0.6154f,0.4909f,-0.4474f,0.7475f,3.6158f,-0.861f,-0.38f,0.338f,-0.0751f,0f,0f,0f,1f],start_interpolation: 0,interpolation_duration: 1}
$data merge entity $(rightarm) {transformation: [0.1608f,0.9352f,-0.3155f,-0.2536f,0.4371f,-0.354f,-0.8268f,3.5034f,-0.8849f,-0.005f,-0.4657f,0.1882f,0f,0f,0f,1f],start_interpolation: 0,interpolation_duration: 1}
$data merge entity $(chest1) {transformation: [-1.0591f,-0.0375f,0.2247f,0.4948f,0.0121f,1.0578f,0.2334f,3.2159f,-0.2275f,0.2307f,-1.0338f,0.103f,0f,0f,0f,1f],start_interpolation: 0,interpolation_duration: 1}
$data merge entity $(chest1lid) {transformation: [-0.9776f,-0.0346f,0.2074f,0.1035f,0.0111f,0.9764f,0.2155f,2.468f,-0.21f,0.213f,-0.9542f,0.2592f,0f,0f,0f,1f],start_interpolation: 0,interpolation_duration: 1}
$data merge entity $(chest2) {transformation: [-0.9776f,-0.0346f,0.2074f,0.1089f,0.0111f,0.9764f,0.2155f,2.3154f,-0.21f,0.213f,-0.9542f,0.2259f,0f,0f,0f,1f],start_interpolation: 0,interpolation_duration: 1}
$data merge entity $(chest1lid3) {transformation: [-0.9776f,-0.0346f,0.2074f,0.2975f,0.0111f,0.9764f,0.2155f,2.6053f,-0.21f,0.213f,-0.9542f,-0.339f,0f,0f,0f,1f],start_interpolation: 0,interpolation_duration: 1}
$data merge entity $(chest3) {transformation: [-0.9776f,-0.0346f,0.2074f,0.3029f,0.0111f,0.9764f,0.2155f,2.4528f,-0.21f,0.213f,-0.9542f,-0.3723f,0f,0f,0f,1f],start_interpolation: 0,interpolation_duration: 1}
$data merge entity $(hugeasssword2) {transformation: [-0.8123f,2.7315f,-2.6869f,-0.6949f,-0.8439f,2.5516f,2.8491f,4.4196f,3.7374f,1.1698f,0.0594f,-0.1614f,0f,0f,0f,1f],start_interpolation: 0,interpolation_duration: 1}
$data merge entity $(belt) {transformation: [-0.9776f,-0.0346f,0.2074f,0.5128f,0.0111f,0.9764f,0.2155f,2.7984f,-0.21f,0.213f,-0.9542f,0.1498f,0f,0f,0f,1f],start_interpolation: 0,interpolation_duration: 1}
$data merge entity $(torn_part) {transformation: [-0.9904f,-0.0176f,0.1373f,0.3924f,0.0333f,0.9326f,0.3594f,2.5178f,-0.1344f,0.3605f,-0.923f,0.0831f,0f,0f,0f,1f],start_interpolation: 0,interpolation_duration: 1}
$data merge entity $(lowerbody) {transformation: [-0.9904f,0.0246f,0.1362f,0.458f,0.0333f,0.9975f,0.0623f,2.0187f,-0.1344f,0.0662f,-0.9887f,0.203f,0f,0f,0f,1f],start_interpolation: 0,interpolation_duration: 1}
$data merge entity $(leftfoot) {transformation: [-0.9698f,-0.102f,-0.2216f,1.1499f,-0.1762f,0.9211f,0.3472f,0.2061f,0.1687f,0.3757f,-0.9113f,0.0622f,0f,0f,0f,1f],start_interpolation: 0,interpolation_duration: 1}
$data merge entity $(leftlowerleg) {transformation: [-0.9698f,-0.102f,-0.2216f,1.0707f,-0.1762f,0.9211f,0.3472f,1.1746f,0.1687f,0.3757f,-0.9113f,0.619f,0f,0f,0f,1f],start_interpolation: 0,interpolation_duration: 1}
$data merge entity $(leftleg) {transformation: [-0.9509f,-0.3096f,0.0046f,0.7174f,-0.2603f,0.7915f,-0.553f,1.9945f,0.1676f,-0.527f,-0.8332f,0.0829f,0f,0f,0f,1f],start_interpolation: 0,interpolation_duration: 1}
$data merge entity $(rightfoot) {transformation: [-0.8402f,-0.1313f,0.5262f,0.115f,0.2252f,0.7982f,0.5587f,0.8441f,-0.4933f,0.5879f,-0.6411f,0.2215f,0f,0f,0f,1f],start_interpolation: 0,interpolation_duration: 1}
$data merge entity $(rightlowerleg) {transformation: [-0.8402f,-0.1313f,0.5262f,-0.1115f,0.2252f,0.7982f,0.5587f,1.6438f,-0.4933f,0.5879f,-0.6411f,0.9722f,0f,0f,0f,1f],start_interpolation: 0,interpolation_duration: 1}
$data merge entity $(rightleg) {transformation: [-0.9451f,0.304f,0.1201f,0.2293f,-0.0084f,0.3447f,-0.9387f,1.9883f,-0.3268f,-0.8881f,-0.3232f,0.0458f,0f,0f,0f,1f],start_interpolation: 0,interpolation_duration: 1}
data modify entity @s data merge value {"cameras":{},"locators":{"soup":{"px":0.15583914075745808,"py":3.559299309586924,"pz":0.4227676594091015,"ry":198.8155572663574,"rx":79.57851100726003},"lefthand":{"px":0.05598410140743809,"py":3.5567351419273514,"pz":0.585984581567508,"ry":203.87155462167362,"rx":-10.381822824550436},"sword":{"px":2.7448304581436798,"py":2.1627046685372995,"pz":-1.6488563329723989,"ry":229.6394411706323,"rx":32.040092983694116},"righthand":{"px":0.3630129783259103,"py":4.118969733457999,"pz":0.3754037142066542,"ry":229.6394411706323,"rx":32.040092983694116},"chest":{"px":0.042736600018719956,"py":2.3736532335462064,"pz":0.38839082394950053,"ry":12.261422133468699,"rx":12.443277582872742}}}