# This file was generated by Animated Java via MC-Build. It is not recommended to edit this file directly.
$data merge entity $(nose) {transformation: [-0.9464f,-0.019f,0.3225f,0.3938f,0.0112f,0.9958f,0.0914f,3.9884f,-0.3229f,0.0901f,-0.9421f,0.4713f,0f,0f,0f,1f],start_interpolation: 0,interpolation_duration: 1}
$data merge entity $(glowing_eye) {transformation: [-0.9464f,-0.019f,0.3225f,0.2629f,0.0112f,0.9958f,0.0914f,4.054f,-0.3229f,0.0901f,-0.9421f,0.4699f,0f,0f,0f,1f],start_interpolation: 0,interpolation_duration: 1}
$data merge entity $(head) {transformation: [-0.9464f,-0.019f,0.3225f,0.4565f,0.0112f,0.9958f,0.0914f,3.8826f,-0.3229f,0.0901f,-0.9421f,0.2838f,0f,0f,0f,1f],start_interpolation: 0,interpolation_duration: 1}
$data merge entity $(leftthumb2) {transformation: [-0.0043f,0.8789f,-0.477f,0.1769f,-0.9965f,-0.0435f,-0.0711f,3.7357f,-0.0833f,0.475f,0.876f,0.21f,0f,0f,0f,1f],start_interpolation: 0,interpolation_duration: 1}
$data merge entity $(leftthumb) {transformation: [-0.0043f,0.8789f,-0.477f,0.3517f,-0.9965f,-0.0435f,-0.0711f,3.719f,-0.0833f,0.475f,0.876f,0.4014f,0f,0f,0f,1f],start_interpolation: 0,interpolation_duration: 1}
$data merge entity $(leftpointerfinger) {transformation: [-0.0043f,0.8789f,-0.477f,0.0414f,-0.9965f,-0.0435f,-0.0711f,3.8389f,-0.0833f,0.475f,0.876f,0.2957f,0f,0f,0f,1f],start_interpolation: 0,interpolation_duration: 1}
$data merge entity $(leftmidfinger) {transformation: [-0.0043f,0.8789f,-0.477f,-0.0332f,-0.9965f,-0.0435f,-0.0711f,3.8278f,-0.0833f,0.475f,0.876f,0.4326f,0f,0f,0f,1f],start_interpolation: 0,interpolation_duration: 1}
$data merge entity $(leftringfinger) {transformation: [-0.0043f,0.8789f,-0.477f,-0.1077f,-0.9965f,-0.0435f,-0.0711f,3.8167f,-0.0833f,0.475f,0.876f,0.5694f,0f,0f,0f,1f],start_interpolation: 0,interpolation_duration: 1}
$data merge entity $(invisibility) {transformation: [0.834f,0.5518f,0.0043f,0.1516f,-0.0495f,0.0671f,0.9965f,3.6496f,0.5495f,-0.8313f,0.0833f,0.3047f,0f,0f,0f,1f],start_interpolation: 0,interpolation_duration: 1}
$data merge entity $(swiftness) {transformation: [-0.477f,0.8789f,0.0043f,-0.0571f,-0.0711f,-0.0435f,0.9965f,3.5902f,0.876f,0.475f,0.0833f,0.4003f,0f,0f,0f,1f],start_interpolation: 0,interpolation_duration: 1}
$data merge entity $(suspicious_stew) {transformation: [0.595f,0.8037f,0.0043f,0.021f,-0.0695f,0.0461f,0.9965f,3.6383f,0.8007f,-0.5932f,0.0833f,0.4466f,0f,0f,0f,1f],start_interpolation: 0,interpolation_duration: 1}
$data merge entity $(log) {transformation: [-0.0043f,0.8789f,-0.477f,0.1081f,-0.9965f,-0.0435f,-0.0711f,3.5361f,-0.0833f,0.475f,0.876f,0.5393f,0f,0f,0f,1f],start_interpolation: 0,interpolation_duration: 1}
$data merge entity $(planks) {transformation: [-0.0043f,0.8789f,-0.477f,0.1077f,-0.9965f,-0.0435f,-0.0711f,3.4426f,-0.0833f,0.475f,0.876f,0.5315f,0f,0f,0f,1f],start_interpolation: 0,interpolation_duration: 1}
$data merge entity $(lefthand1) {transformation: [-0.0043f,0.8789f,-0.477f,0.3438f,-0.9965f,-0.0435f,-0.0711f,3.7765f,-0.0833f,0.475f,0.876f,0.6515f,0f,0f,0f,1f],start_interpolation: 0,interpolation_duration: 1}
$data merge entity $(leftforearm) {transformation: [-0.1484f,0.9202f,-0.3623f,0.991f,-0.9524f,-0.2316f,-0.1982f,3.5526f,-0.2663f,0.3157f,0.9107f,0.8434f,0f,0f,0f,1f],start_interpolation: 0,interpolation_duration: 1}
$data merge entity $(leftelbow) {transformation: [-0.1484f,0.9202f,-0.3623f,1.1635f,-0.9524f,-0.2316f,-0.1982f,3.5092f,-0.2663f,0.3157f,0.9107f,0.9026f,0f,0f,0f,1f],start_interpolation: 0,interpolation_duration: 1}
$data merge entity $(leftarm) {transformation: [-0.219f,0.2288f,0.9485f,1.0942f,-0.9572f,0.1379f,-0.2543f,3.3791f,-0.189f,-0.9636f,0.1889f,0.4408f,0f,0f,0f,1f],start_interpolation: 0,interpolation_duration: 1}
$data merge entity $(rightthumb2) {transformation: [-0.4293f,-0.6015f,-0.6738f,0.4944f,0.1978f,-0.7905f,0.5797f,4.2942f,-0.8813f,0.1156f,0.4583f,-0.014f,0f,0f,0f,1f],start_interpolation: 0,interpolation_duration: 1}
$data merge entity $(rightthumb) {transformation: [-0.4293f,-0.6015f,-0.6738f,0.2893f,0.1978f,-0.7905f,0.5797f,4.1498f,-0.8813f,0.1156f,0.4583f,0.0535f,0f,0f,0f,1f],start_interpolation: 0,interpolation_duration: 1}
$data merge entity $(rightpointerfinger) {transformation: [-0.4293f,-0.6015f,-0.6738f,0.4082f,0.1978f,-0.7905f,0.5797f,4.458f,-0.8813f,0.1156f,0.4583f,-0.0593f,0f,0f,0f,1f],start_interpolation: 0,interpolation_duration: 1}
$data merge entity $(rightmidfinger) {transformation: [-0.4293f,-0.6015f,-0.6738f,0.3029f,0.1978f,-0.7905f,0.5797f,4.5486f,-0.8813f,0.1156f,0.4583f,0.0123f,0f,0f,0f,1f],start_interpolation: 0,interpolation_duration: 1}
$data merge entity $(rightringfinger) {transformation: [-0.4293f,-0.6015f,-0.6738f,0.1976f,0.1978f,-0.7905f,0.5797f,4.6392f,-0.8813f,0.1156f,0.4583f,0.0839f,0f,0f,0f,1f],start_interpolation: 0,interpolation_duration: 1}
$data merge entity $(hugeasssword) {transformation: [-1.6813f,-2.3558f,-2.6389f,0.3053f,0.7746f,-3.096f,2.2704f,4.3264f,-3.4516f,0.4528f,1.7949f,0.2627f,0f,0f,0f,1f],start_interpolation: 0,interpolation_duration: 1}
$data merge entity $(whey) {transformation: [0f,0f,0f,0.5302f,0f,0f,0f,4.285f,0f,0f,0f,0.3388f,0f,0f,0f,1f],start_interpolation: 0,interpolation_duration: 1}
$data merge entity $(ice) {transformation: [-0.4293f,-0.6015f,-0.6738f,0.3214f,0.1978f,-0.7905f,0.5797f,4.3357f,-0.8813f,0.1156f,0.4583f,0.2746f,0f,0f,0f,1f],start_interpolation: 0,interpolation_duration: 1}
$data merge entity $(righthand1) {transformation: [-0.4293f,-0.6015f,-0.6738f,0.0426f,0.1978f,-0.7905f,0.5797f,4.2056f,-0.8813f,0.1156f,0.4583f,0.0975f,0f,0f,0f,1f],start_interpolation: 0,interpolation_duration: 1}
$data merge entity $(rightforearm) {transformation: [0.1408f,-0.7337f,-0.6647f,-0.4694f,0.3157f,-0.6031f,0.7326f,3.7482f,-0.9384f,-0.3129f,0.1467f,-0.0581f,0f,0f,0f,1f],start_interpolation: 0,interpolation_duration: 1}
$data merge entity $(rightelbow) {transformation: [0.1408f,-0.7337f,-0.6647f,-0.607f,0.3157f,-0.6031f,0.7326f,3.6352f,-0.9384f,-0.3129f,0.1467f,-0.1168f,0f,0f,0f,1f],start_interpolation: 0,interpolation_duration: 1}
$data merge entity $(rightarm) {transformation: [0.1749f,0.9316f,-0.3188f,-0.2564f,0.2537f,-0.3555f,-0.8996f,3.562f,-0.9514f,0.0765f,-0.2985f,0.1638f,0f,0f,0f,1f],start_interpolation: 0,interpolation_duration: 1}
$data merge entity $(chest1) {transformation: [-1.056f,-0.0039f,0.2419f,0.4816f,0.0413f,1.0644f,0.1975f,3.2469f,-0.2384f,0.2017f,-1.0373f,0.0987f,0f,0f,0f,1f],start_interpolation: 0,interpolation_duration: 1}
$data merge entity $(chest1lid) {transformation: [-0.9747f,-0.0036f,0.2233f,0.0639f,0.0381f,0.9825f,0.1823f,2.5171f,-0.2201f,0.1862f,-0.9575f,0.271f,0f,0f,0f,1f],start_interpolation: 0,interpolation_duration: 1}
$data merge entity $(chest2) {transformation: [-0.9747f,-0.0036f,0.2233f,0.0645f,0.0381f,0.9825f,0.1823f,2.3636f,-0.2201f,0.1862f,-0.9575f,0.2419f,0f,0f,0f,1f],start_interpolation: 0,interpolation_duration: 1}
$data merge entity $(chest1lid3) {transformation: [-0.9747f,-0.0036f,0.2233f,0.2679f,0.0381f,0.9825f,0.1823f,2.6315f,-0.2201f,0.1862f,-0.9575f,-0.3287f,0f,0f,0f,1f],start_interpolation: 0,interpolation_duration: 1}
$data merge entity $(chest3) {transformation: [-0.9747f,-0.0036f,0.2233f,0.2685f,0.0381f,0.9825f,0.1823f,2.478f,-0.2201f,0.1862f,-0.9575f,-0.3577f,0f,0f,0f,1f],start_interpolation: 0,interpolation_duration: 1}
$data merge entity $(hugeasssword2) {transformation: [-0.8746f,2.8051f,-2.5897f,-0.6644f,-0.7141f,2.4898f,2.9379f,4.4822f,3.7504f,1.1282f,-0.0446f,-0.21f,0f,0f,0f,1f],start_interpolation: 0,interpolation_duration: 1}
$data merge entity $(belt) {transformation: [-0.9747f,-0.0036f,0.2233f,0.485f,0.0381f,0.9825f,0.1823f,2.8305f,-0.2201f,0.1862f,-0.9575f,0.1569f,0f,0f,0f,1f],start_interpolation: 0,interpolation_duration: 1}
$data merge entity $(torn_part) {transformation: [-0.9875f,0.0236f,0.156f,0.3541f,0.0745f,0.9411f,0.3297f,2.5536f,-0.139f,0.3372f,-0.9311f,0.097f,0f,0f,0f,1f],start_interpolation: 0,interpolation_duration: 1}
$data merge entity $(lowerbody) {transformation: [-0.9875f,0.0694f,0.1417f,0.3968f,0.0745f,0.9967f,0.0314f,2.0552f,-0.139f,0.0416f,-0.9894f,0.2294f,0f,0f,0f,1f],start_interpolation: 0,interpolation_duration: 1}
$data merge entity $(leftfoot) {transformation: [-0.9613f,-0.1302f,-0.2429f,1.128f,-0.2027f,0.9312f,0.303f,0.19f,0.1868f,0.3405f,-0.9215f,0.0792f,0f,0f,0f,1f],start_interpolation: 0,interpolation_duration: 1}
$data merge entity $(leftlowerleg) {transformation: [-0.9613f,-0.1302f,-0.2429f,1.0208f,-0.2027f,0.9312f,0.303f,1.1764f,0.1868f,0.3405f,-0.9215f,0.5985f,0f,0f,0f,1f],start_interpolation: 0,interpolation_duration: 1}
$data merge entity $(leftleg) {transformation: [-0.947f,-0.321f,0.0097f,0.6562f,-0.2811f,0.8141f,-0.5081f,2.0215f,0.1552f,-0.484f,-0.8612f,0.1081f,0f,0f,0f,1f],start_interpolation: 0,interpolation_duration: 1}
$data merge entity $(rightfoot) {transformation: [-0.7545f,-0.1696f,0.634f,-0.0002f,0.2875f,0.783f,0.5516f,1.0134f,-0.59f,0.5984f,-0.542f,0.2397f,0f,0f,0f,1f],start_interpolation: 0,interpolation_duration: 1}
$data merge entity $(rightlowerleg) {transformation: [-0.7545f,-0.1696f,0.634f,-0.2858f,0.2875f,0.783f,0.5516f,1.7973f,-0.59f,0.5984f,-0.542f,0.9868f,0f,0f,0f,1f],start_interpolation: 0,interpolation_duration: 1}
$data merge entity $(rightleg) {transformation: [-0.9082f,0.4143f,0.0587f,0.1677f,0.0466f,0.2397f,-0.9697f,2.027f,-0.4158f,-0.878f,-0.237f,0.0748f,0f,0f,0f,1f],start_interpolation: 0,interpolation_duration: 1}
data modify entity @s data merge value {"cameras":{},"locators":{"soup":{"px":0.15897751808746702,"py":3.615035159278676,"pz":0.34208241486569346,"ry":177.05185719464717,"rx":85.21816014640588},"lefthand":{"px":0.04726601106278128,"py":3.633992457930598,"pz":0.49628529273877064,"ry":208.56626215440335,"rx":-4.079145869351546},"sword":{"px":2.785542673701927,"py":2.2199531397387005,"pz":-1.5068675272101197,"ry":235.7770487212569,"rx":35.42812076624067},"righthand":{"px":0.3010614706290115,"py":4.3575274439563065,"pz":0.1830394215672272,"ry":235.7770487212569,"rx":35.42812076624067},"chest":{"px":-0.001222813365842526,"py":2.4284138726395246,"pz":0.4021214951946048,"ry":13.127546741771738,"rx":10.504416133904916}}}