# This file was generated by Animated Java via MC-Build. It is not recommended to edit this file directly.
$data merge entity $(bone_nose) {transformation: [-0.9468f,-0.0053f,0.3218f,0.3637f,0.0147f,0.9981f,0.0595f,4.0862f,-0.3215f,0.0611f,-0.9449f,0.4412f,0f,0f,0f,1f],start_interpolation: 0,interpolation_duration: 1}
$data merge entity $(bone_glowing_eye) {transformation: [-0.9468f,-0.0053f,0.3218f,0.2338f,0.0147f,0.9981f,0.0595f,4.1535f,-0.3215f,0.0611f,-0.9449f,0.4381f,0f,0f,0f,1f],start_interpolation: 0,interpolation_duration: 1}
$data merge entity $(bone_head) {transformation: [-0.9468f,-0.0053f,0.3218f,0.4246f,0.0147f,0.9981f,0.0595f,3.9741f,-0.3215f,0.0611f,-0.9449f,0.2567f,0f,0f,0f,1f],start_interpolation: 0,interpolation_duration: 1}
$data merge entity $(bone_leftthumb2) {transformation: [-0.0497f,0.8494f,-0.5254f,0.1478f,-0.9987f,-0.0368f,0.035f,3.7989f,0.0103f,0.5264f,0.8502f,0.1313f,0f,0f,0f,1f],start_interpolation: 0,interpolation_duration: 1}
$data merge entity $(bone_leftthumb) {transformation: [-0.0497f,0.8494f,-0.5254f,0.3112f,-0.9987f,-0.0368f,0.035f,3.7928f,0.0103f,0.5264f,0.8502f,0.3331f,0f,0f,0f,1f],start_interpolation: 0,interpolation_duration: 1}
$data merge entity $(bone_leftpointerfinger) {transformation: [-0.0497f,0.8494f,-0.5254f,0.0133f,-0.9987f,-0.0368f,0.035f,3.9158f,0.0103f,0.5264f,0.8502f,0.1991f,0f,0f,0f,1f],start_interpolation: 0,interpolation_duration: 1}
$data merge entity $(bone_leftmidfinger) {transformation: [-0.0497f,0.8494f,-0.5254f,-0.0688f,-0.9987f,-0.0368f,0.035f,3.9212f,0.0103f,0.5264f,0.8502f,0.3319f,0f,0f,0f,1f],start_interpolation: 0,interpolation_duration: 1}
$data merge entity $(bone_leftringfinger) {transformation: [-0.0497f,0.8494f,-0.5254f,-0.1509f,-0.9987f,-0.0368f,0.035f,3.9267f,0.0103f,0.5264f,0.8502f,0.4648f,0f,0f,0f,1f],start_interpolation: 0,interpolation_duration: 1}
$data merge entity $(bone_invisibility) {transformation: [0.8004f,0.5974f,0.0497f,0.1133f,-0.0336f,-0.038f,0.9987f,3.7234f,0.5985f,-0.8011f,-0.0103f,0.232f,0f,0f,0f,1f],start_interpolation: 0,interpolation_duration: 1}
$data merge entity $(bone_swiftness) {transformation: [-0.5254f,0.8494f,0.0497f,-0.1028f,0.035f,-0.0368f,0.9987f,3.6829f,0.8502f,0.5264f,-0.0103f,0.3207f,0f,0f,0f,1f],start_interpolation: 0,interpolation_duration: 1}
$data merge entity $(bone_suspicious_stew) {transformation: [0.5478f,0.8351f,0.0497f,-0.025f,-0.0186f,-0.0472f,0.9987f,3.7317f,0.8364f,-0.548f,-0.0103f,0.3668f,0f,0f,0f,1f],start_interpolation: 0,interpolation_duration: 1}
$data merge entity $(bone_log) {transformation: [-0.0497f,0.8494f,-0.5254f,0.0519f,-0.9987f,-0.0368f,0.035f,3.6351f,0.0103f,0.5264f,0.8502f,0.4734f,0f,0f,0f,1f],start_interpolation: 0,interpolation_duration: 1}
$data merge entity $(bone_planks) {transformation: [-0.0497f,0.8494f,-0.5254f,0.0472f,-0.9987f,-0.0368f,0.035f,3.5415f,0.0103f,0.5264f,0.8502f,0.4744f,0f,0f,0f,1f],start_interpolation: 0,interpolation_duration: 1}
$data merge entity $(bone_lefthand1) {transformation: [-0.0497f,0.8494f,-0.5254f,0.2931f,-0.9987f,-0.0368f,0.035f,3.8745f,0.0103f,0.5264f,0.8502f,0.5758f,0f,0f,0f,1f],start_interpolation: 0,interpolation_duration: 1}
$data merge entity $(bone_leftforearm) {transformation: [-0.1384f,0.9003f,-0.4127f,0.9277f,-0.9643f,-0.2176f,-0.1512f,3.6571f,-0.2259f,0.377f,0.8982f,0.814f,0f,0f,0f,1f],start_interpolation: 0,interpolation_duration: 1}
$data merge entity $(bone_leftelbow) {transformation: [-0.1384f,0.9003f,-0.4127f,1.0965f,-0.9643f,-0.2176f,-0.1512f,3.6163f,-0.2259f,0.377f,0.8982f,0.8847f,0f,0f,0f,1f],start_interpolation: 0,interpolation_duration: 1}
$data merge entity $(bone_leftarm) {transformation: [-0.2131f,0.2816f,0.9356f,1.0523f,-0.9651f,0.0888f,-0.2466f,3.4632f,-0.1525f,-0.9554f,0.2529f,0.4271f,0f,0f,0f,1f],start_interpolation: 0,interpolation_duration: 1}
$data merge entity $(bone_rightthumb2) {transformation: [-0.574f,-0.27f,-0.7731f,0.1541f,-0.322f,-0.7936f,0.5163f,4.6946f,-0.7529f,0.5453f,0.3686f,-0.2275f,0f,0f,0f,1f],start_interpolation: 0,interpolation_duration: 1}
$data merge entity $(bone_rightthumb) {transformation: [-0.574f,-0.27f,-0.7731f,0.0218f,-0.322f,-0.7936f,0.5163f,4.5441f,-0.7529f,0.5453f,0.3686f,-0.0623f,0f,0f,0f,1f],start_interpolation: 0,interpolation_duration: 1}
$data merge entity $(bone_rightpointerfinger) {transformation: [-0.574f,-0.27f,-0.7731f,0.0114f,-0.322f,-0.7936f,0.5163f,4.7934f,-0.7529f,0.5453f,0.3686f,-0.3063f,0f,0f,0f,1f],start_interpolation: 0,interpolation_duration: 1}
$data merge entity $(bone_rightmidfinger) {transformation: [-0.574f,-0.27f,-0.7731f,-0.1094f,-0.322f,-0.7936f,0.5163f,4.8741f,-0.7529f,0.5453f,0.3686f,-0.2487f,0f,0f,0f,1f],start_interpolation: 0,interpolation_duration: 1}
$data merge entity $(bone_rightringfinger) {transformation: [-0.574f,-0.27f,-0.7731f,-0.2302f,-0.322f,-0.7936f,0.5163f,4.9548f,-0.7529f,0.5453f,0.3686f,-0.1911f,0f,0f,0f,1f],start_interpolation: 0,interpolation_duration: 1}
$data merge entity $(bone_hugeasssword) {transformation: [-2.2482f,-1.0576f,-3.0278f,0.0003f,-1.2611f,-3.1082f,2.0221f,4.7904f,-2.9488f,2.1356f,1.4436f,0.0563f,0f,0f,0f,1f],start_interpolation: 0,interpolation_duration: 1}
$data merge entity $(bone_ice) {transformation: [-0.574f,-0.27f,-0.7731f,0.0135f,-0.322f,-0.7936f,0.5163f,4.8078f,-0.7529f,0.5453f,0.3686f,0.0595f,0f,0f,0f,1f],start_interpolation: 0,interpolation_duration: 1}
$data merge entity $(bone_righthand1) {transformation: [-0.574f,-0.27f,-0.7731f,-0.2217f,-0.322f,-0.7936f,0.5163f,4.545f,-0.7529f,0.5453f,0.3686f,0.0191f,0f,0f,0f,1f],start_interpolation: 0,interpolation_duration: 1}
$data merge entity $(bone_rightforearm) {transformation: [0.1328f,-0.4698f,-0.8727f,-0.546f,0.2185f,-0.845f,0.4881f,3.9287f,-0.9668f,-0.2555f,-0.0096f,-0.0802f,0f,0f,0f,1f],start_interpolation: 0,interpolation_duration: 1}
$data merge entity $(bone_rightelbow) {transformation: [0.1328f,-0.4698f,-0.8727f,-0.6341f,0.2185f,-0.845f,0.4881f,3.7703f,-0.9668f,-0.2555f,-0.0096f,-0.1281f,0f,0f,0f,1f],start_interpolation: 0,interpolation_duration: 1}
$data merge entity $(bone_rightarm) {transformation: [0.1813f,0.9044f,-0.3862f,-0.2939f,0.1477f,-0.4133f,-0.8985f,3.6637f,-0.9723f,0.1059f,-0.2085f,0.1494f,0f,0f,0f,1f],start_interpolation: 0,interpolation_duration: 1}
$data merge entity $(bone_chest1) {transformation: [-1.0571f,0.0302f,0.2349f,0.4316f,0.0614f,1.0727f,0.1384f,3.3307f,-0.2288f,0.1483f,-1.0485f,0.1f,0f,0f,0f,1f],start_interpolation: 0,interpolation_duration: 1}
$data merge entity $(bone_chest1lid) {transformation: [-0.9758f,0.0279f,0.2169f,-0.0055f,0.0567f,0.9902f,0.1277f,2.6233f,-0.2112f,0.1369f,-0.9678f,0.313f,0f,0f,0f,1f],start_interpolation: 0,interpolation_duration: 1}
$data merge entity $(bone_chest2) {transformation: [-0.9758f,0.0279f,0.2169f,-0.0098f,0.0567f,0.9902f,0.1277f,2.4686f,-0.2112f,0.1369f,-0.9678f,0.2916f,0f,0f,0f,1f],start_interpolation: 0,interpolation_duration: 1}
$data merge entity $(bone_chest1lid3) {transformation: [-0.9758f,0.0279f,0.2169f,0.1944f,0.0567f,0.9902f,0.1277f,2.7016f,-0.2112f,0.1369f,-0.9678f,-0.2938f,0f,0f,0f,1f],start_interpolation: 0,interpolation_duration: 1}
$data merge entity $(bone_chest3) {transformation: [-0.9758f,0.0279f,0.2169f,0.1901f,0.0567f,0.9902f,0.1277f,2.5469f,-0.2112f,0.1369f,-0.9678f,-0.3152f,0f,0f,0f,1f],start_interpolation: 0,interpolation_duration: 1}
$data merge entity $(bone_hugeasssword2) {transformation: [-0.8494f,2.8915f,-2.5016f,-0.6809f,-0.5003f,2.4565f,3.0093f,4.5832f,3.7906f,0.9722f,-0.1634f,-0.2577f,0f,0f,0f,1f],start_interpolation: 0,interpolation_duration: 1}
$data merge entity $(bone_belt) {transformation: [-0.9758f,0.0279f,0.2169f,0.4234f,0.0567f,0.9902f,0.1277f,2.9177f,-0.2112f,0.1369f,-0.9678f,0.1789f,0f,0f,0f,1f],start_interpolation: 0,interpolation_duration: 1}
$data merge entity $(bone_torn_part) {transformation: [-0.9846f,0.0712f,0.1595f,0.2816f,0.1162f,0.9487f,0.2941f,2.6448f,-0.1304f,0.3081f,-0.9424f,0.1319f,0f,0f,0f,1f],start_interpolation: 0,interpolation_duration: 1}
$data merge entity $(bone_lowerbody) {transformation: [-0.9846f,0.1158f,0.1307f,0.3028f,0.1162f,0.9932f,-0.0048f,2.1491f,-0.1304f,0.0105f,-0.9914f,0.2789f,0f,0f,0f,1f],start_interpolation: 0,interpolation_duration: 1}
$data merge entity $(bone_leftfoot) {transformation: [-0.9435f,-0.2039f,-0.2612f,1.1314f,-0.2577f,0.947f,0.1916f,0.1902f,0.2083f,0.2481f,-0.9461f,0.1073f,0f,0f,0f,1f],start_interpolation: 0,interpolation_duration: 1}
$data merge entity $(bone_leftlowerleg) {transformation: [-0.9435f,-0.2039f,-0.2612f,0.9453f,-0.2577f,0.947f,0.1916f,1.2113f,0.2083f,0.2481f,-0.9461f,0.5279f,0f,0f,0f,1f],start_interpolation: 0,interpolation_duration: 1}
$data merge entity $(bone_leftleg) {transformation: [-0.9404f,-0.34f,0.0014f,0.5613f,-0.3119f,0.8607f,-0.4023f,2.1089f,0.1356f,-0.3788f,-0.9155f,0.15f,0f,0f,0f,1f],start_interpolation: 0,interpolation_duration: 1}
$data merge entity $(bone_rightfoot) {transformation: [-0.6788f,-0.1544f,0.7179f,-0.1973f,0.3349f,0.8049f,0.4898f,1.0827f,-0.6535f,0.5729f,-0.4947f,0.2689f,0f,0f,0f,1f],start_interpolation: 0,interpolation_duration: 1}
$data merge entity $(bone_rightlowerleg) {transformation: [-0.6788f,-0.1544f,0.7179f,-0.479f,0.3349f,0.8049f,0.4898f,1.9004f,-0.6535f,0.5729f,-0.4947f,0.9805f,0f,0f,0f,1f],start_interpolation: 0,interpolation_duration: 1}
$data merge entity $(bone_rightleg) {transformation: [-0.8595f,0.5101f,0.0342f,0.0727f,0.1028f,0.2378f,-0.9659f,2.1281f,-0.5008f,-0.8266f,-0.2568f,0.1247f,0f,0f,0f,1f],start_interpolation: 0,interpolation_duration: 1}
data modify entity @s data merge value {"cameras":{},"locators":{"lefthand":{"posx":-0.00162964565964141,"posy":3.731040493987935,"posz":0.41800718580247953,"roty":211.7136264267005,"rotx":2.002974527152335},"sword":{"posx":2.8266077666448832,"posy":2.878178756735478,"posz":-1.3844926506526734,"roty":244.50871507233876,"rotx":31.08279502650578},"righthand":{"posx":-0.024014494171923112,"posy":4.781947180666513,"posz":-0.025347785607439513,"roty":244.50871507233876,"rotx":31.08279502650578},"chest":{"posx":-0.07160476802085783,"posy":2.5432263689547745,"posz":0.4490966816500166,"roty":12.63060478323942,"rotx":7.338451025241783}}}