# This file was generated by Animated Java via MC-Build. It is not recommended to edit this file directly.
$data merge entity $(nose) {transformation: [-0.9697f,-0.0525f,0.2387f,0.1511f,-0.0465f,0.9984f,0.0307f,4.2036f,-0.2399f,0.0187f,-0.9706f,0.4562f,0f,0f,0f,1f],start_interpolation: 0,interpolation_duration: 1}
$data merge entity $(glowing_eye) {transformation: [-0.9697f,-0.0525f,0.2387f,0.018f,-0.0465f,0.9984f,0.0307f,4.2643f,-0.2399f,0.0187f,-0.9706f,0.4613f,0f,0f,0f,1f],start_interpolation: 0,interpolation_duration: 1}
$data merge entity $(head) {transformation: [-0.9697f,-0.0525f,0.2387f,0.2023f,-0.0465f,0.9984f,0.0307f,4.086f,-0.2399f,0.0187f,-0.9706f,0.2721f,0f,0f,0f,1f],start_interpolation: 0,interpolation_duration: 1}
$data merge entity $(leftthumb2) {transformation: [0.0557f,0.9063f,-0.4189f,-0.1326f,-0.9883f,-0.0096f,-0.1521f,3.834f,-0.1418f,0.4225f,0.8952f,0.2174f,0f,0f,0f,1f],start_interpolation: 0,interpolation_duration: 1}
$data merge entity $(leftthumb) {transformation: [0.0557f,0.9063f,-0.4189f,0.0539f,-0.9883f,-0.0096f,-0.1521f,3.8186f,-0.1418f,0.4225f,0.8952f,0.3975f,0f,0f,0f,1f],start_interpolation: 0,interpolation_duration: 1}
$data merge entity $(leftpointerfinger) {transformation: [0.0557f,0.9063f,-0.4189f,-0.2692f,-0.9883f,-0.0096f,-0.1521f,3.9228f,-0.1418f,0.4225f,0.8952f,0.3164f,0f,0f,0f,1f],start_interpolation: 0,interpolation_duration: 1}
$data merge entity $(leftmidfinger) {transformation: [0.0557f,0.9063f,-0.4189f,-0.3347f,-0.9883f,-0.0096f,-0.1521f,3.899f,-0.1418f,0.4225f,0.8952f,0.4562f,0f,0f,0f,1f],start_interpolation: 0,interpolation_duration: 1}
$data merge entity $(leftringfinger) {transformation: [0.0557f,0.9063f,-0.4189f,-0.4001f,-0.9883f,-0.0096f,-0.1521f,3.8752f,-0.1418f,0.4225f,0.8952f,0.5961f,0f,0f,0f,1f],start_interpolation: 0,interpolation_duration: 1}
$data merge entity $(invisibility) {transformation: [0.8664f,0.4963f,-0.0557f,-0.1465f,-0.0228f,0.1507f,0.9883f,3.7411f,0.4989f,-0.855f,0.1418f,0.308f,0f,0f,0f,1f],start_interpolation: 0,interpolation_duration: 1}
$data merge entity $(swiftness) {transformation: [-0.4189f,0.9063f,-0.0557f,-0.3449f,-0.1521f,-0.0096f,0.9883f,3.6625f,0.8952f,0.4225f,0.1418f,0.4113f,0f,0f,0f,1f],start_interpolation: 0,interpolation_duration: 1}
$data merge entity $(suspicious_stew) {transformation: [0.6444f,0.7627f,-0.0557f,-0.2676f,-0.0729f,0.1338f,0.9883f,3.7131f,0.7612f,-0.6328f,0.1418f,0.4561f,0f,0f,0f,1f],start_interpolation: 0,interpolation_duration: 1}
$data merge entity $(log) {transformation: [0.0557f,0.9063f,-0.4189f,-0.1687f,-0.9883f,-0.0096f,-0.1521f,3.6121f,-0.1418f,0.4225f,0.8952f,0.5375f,0f,0f,0f,1f],start_interpolation: 0,interpolation_duration: 1}
$data merge entity $(planks) {transformation: [0.0557f,0.9063f,-0.4189f,-0.1635f,-0.9883f,-0.0096f,-0.1521f,3.5194f,-0.1418f,0.4225f,0.8952f,0.5242f,0f,0f,0f,1f],start_interpolation: 0,interpolation_duration: 1}
$data merge entity $(lefthand1) {transformation: [0.0557f,0.9063f,-0.4189f,0.0571f,-0.9883f,-0.0096f,-0.1521f,3.8615f,-0.1418f,0.4225f,0.8952f,0.6506f,0f,0f,0f,1f],start_interpolation: 0,interpolation_duration: 1}
$data merge entity $(leftforearm) {transformation: [-0.0966f,0.9458f,-0.3101f,0.7244f,-0.9605f,-0.1702f,-0.22f,3.6826f,-0.2608f,0.2767f,0.9249f,0.8153f,0f,0f,0f,1f],start_interpolation: 0,interpolation_duration: 1}
$data merge entity $(leftelbow) {transformation: [-0.0966f,0.9458f,-0.3101f,0.9017f,-0.9605f,-0.1702f,-0.22f,3.6507f,-0.2608f,0.2767f,0.9249f,0.8671f,0f,0f,0f,1f],start_interpolation: 0,interpolation_duration: 1}
$data merge entity $(leftarm) {transformation: [-0.1629f,0.1718f,0.9716f,0.8212f,-0.97f,0.1524f,-0.1896f,3.5154f,-0.1807f,-0.9733f,0.1418f,0.4092f,0f,0f,0f,1f],start_interpolation: 0,interpolation_duration: 1}
$data merge entity $(rightthumb2) {transformation: [-0.3468f,-0.0119f,-0.9379f,-0.4426f,0.3552f,-0.9271f,-0.1196f,4.9066f,-0.8681f,-0.3746f,0.3258f,1.2008f,0f,0f,0f,1f],start_interpolation: 0,interpolation_duration: 1}
$data merge entity $(rightthumb) {transformation: [-0.3468f,-0.0119f,-0.9379f,-0.5256f,0.3552f,-0.9271f,-0.1196f,4.6691f,-0.8681f,-0.3746f,0.3258f,1.1368f,0f,0f,0f,1f],start_interpolation: 0,interpolation_duration: 1}
$data merge entity $(rightpointerfinger) {transformation: [-0.3468f,-0.0119f,-0.9379f,-0.6036f,0.3552f,-0.9271f,-0.1196f,5.0065f,-0.8681f,-0.3746f,0.3258f,1.18f,0f,0f,0f,1f],start_interpolation: 0,interpolation_duration: 1}
$data merge entity $(rightmidfinger) {transformation: [-0.3468f,-0.0119f,-0.9379f,-0.7502f,0.3552f,-0.9271f,-0.1196f,4.9878f,-0.8681f,-0.3746f,0.3258f,1.2309f,0f,0f,0f,1f],start_interpolation: 0,interpolation_duration: 1}
$data merge entity $(rightringfinger) {transformation: [-0.3468f,-0.0119f,-0.9379f,-0.8967f,0.3552f,-0.9271f,-0.1196f,4.9691f,-0.8681f,-0.3746f,0.3258f,1.2818f,0f,0f,0f,1f],start_interpolation: 0,interpolation_duration: 1}
$data merge entity $(hugeasssword) {transformation: [-1.3583f,-0.0466f,-3.6733f,-0.6458f,1.3911f,-3.6312f,-0.4683f,4.707f,-3.4f,-1.4671f,1.2759f,1.3803f,0f,0f,0f,1f],start_interpolation: 0,interpolation_duration: 1}
$data merge entity $(whey) {transformation: [0f,0f,0f,-0.4532f,0f,0f,0f,4.7497f,0f,0f,0f,1.5188f,0f,0f,0f,1f],start_interpolation: 0,interpolation_duration: 1}
$data merge entity $(ice) {transformation: [-0.3468f,-0.0119f,-0.9379f,-0.6402f,0.3552f,-0.9271f,-0.1196f,4.716f,-0.8681f,-0.3746f,0.3258f,1.3997f,0f,0f,0f,1f],start_interpolation: 0,interpolation_duration: 1}
$data merge entity $(righthand1) {transformation: [-0.3468f,-0.0119f,-0.9379f,-0.7592f,0.3552f,-0.9271f,-0.1196f,4.5693f,-0.8681f,-0.3746f,0.3258f,1.0992f,0f,0f,0f,1f],start_interpolation: 0,interpolation_duration: 1}
$data merge entity $(rightforearm) {transformation: [-0.2151f,-0.1464f,-0.9656f,-0.8323f,0.8688f,-0.4803f,-0.1207f,4.1621f,-0.4461f,-0.8648f,0.2305f,0.5253f,0f,0f,0f,1f],start_interpolation: 0,interpolation_duration: 1}
$data merge entity $(rightelbow) {transformation: [-0.2151f,-0.1464f,-0.9656f,-0.8597f,0.8688f,-0.4803f,-0.1207f,4.0721f,-0.4461f,-0.8648f,0.2305f,0.3632f,0f,0f,0f,1f],start_interpolation: 0,interpolation_duration: 1}
$data merge entity $(rightarm) {transformation: [-0.1705f,0.6233f,-0.7632f,-0.5352f,0.8262f,-0.3316f,-0.4555f,3.765f,-0.537f,-0.7082f,-0.4584f,0.2f,0f,0f,0f,1f],start_interpolation: 0,interpolation_duration: 1}
$data merge entity $(chest1) {transformation: [-1.0703f,0.1158f,0.1214f,0.1735f,0.1213f,1.0756f,0.0433f,3.4364f,-0.1159f,0.0563f,-1.0756f,0.162f,0f,0f,0f,1f],start_interpolation: 0,interpolation_duration: 1}
$data merge entity $(chest1lid) {transformation: [-0.9879f,0.1069f,0.1121f,-0.2807f,0.112f,0.9929f,0.0399f,2.7804f,-0.107f,0.052f,-0.9929f,0.4785f,0f,0f,0f,1f],start_interpolation: 0,interpolation_duration: 1}
$data merge entity $(chest2) {transformation: [-0.9879f,0.1069f,0.1121f,-0.2974f,0.112f,0.9929f,0.0399f,2.6252f,-0.107f,0.052f,-0.9929f,0.4704f,0f,0f,0f,1f],start_interpolation: 0,interpolation_duration: 1}
$data merge entity $(chest1lid3) {transformation: [-0.9879f,0.1069f,0.1121f,-0.1472f,0.112f,0.9929f,0.0399f,2.799f,-0.107f,0.052f,-0.9929f,-0.1509f,0f,0f,0f,1f],start_interpolation: 0,interpolation_duration: 1}
$data merge entity $(chest3) {transformation: [-0.9879f,0.1069f,0.1121f,-0.1639f,0.112f,0.9929f,0.0399f,2.6438f,-0.107f,0.052f,-0.9929f,-0.159f,0f,0f,0f,1f],start_interpolation: 0,interpolation_duration: 1}
$data merge entity $(hugeasssword2) {transformation: [-0.4389f,3.1358f,-2.3053f,-0.8899f,-0.1564f,2.3039f,3.1636f,4.737f,3.8889f,0.4466f,-0.1329f,-0.1725f,0f,0f,0f,1f],start_interpolation: 0,interpolation_duration: 1}
$data merge entity $(belt) {transformation: [-0.9879f,0.1069f,0.1121f,0.1479f,0.112f,0.9929f,0.0399f,3.032f,-0.107f,0.052f,-0.9929f,0.2747f,0f,0f,0f,1f],start_interpolation: 0,interpolation_duration: 1}
$data merge entity $(torn_part) {transformation: [-0.9916f,0.1202f,0.0486f,-0.0095f,0.1292f,0.9468f,0.2947f,2.7637f,-0.0106f,0.2985f,-0.9543f,0.2573f,0f,0f,0f,1f],start_interpolation: 0,interpolation_duration: 1}
$data merge entity $(lowerbody) {transformation: [-0.9916f,0.1292f,0.0102f,0.0228f,0.1292f,0.9916f,-0.0036f,2.2674f,-0.0106f,-0.0023f,-0.9999f,0.4f,0f,0f,0f,1f],start_interpolation: 0,interpolation_duration: 1}
$data merge entity $(leftfoot) {transformation: [-0.925f,-0.0778f,-0.372f,0.5223f,-0.159f,0.9682f,0.1929f,0.1873f,0.3452f,0.2376f,-0.908f,0.0366f,0f,0f,0f,1f],start_interpolation: 0,interpolation_duration: 1}
$data merge entity $(leftlowerleg) {transformation: [-0.925f,-0.0778f,-0.372f,0.4931f,-0.159f,0.9682f,0.1929f,1.2318f,0.3452f,0.2376f,-0.908f,0.4397f,0f,0f,0f,1f],start_interpolation: 0,interpolation_duration: 1}
$data merge entity $(leftleg) {transformation: [-0.9653f,-0.2017f,-0.1657f,0.2586f,-0.1561f,0.9547f,-0.2532f,2.2336f,0.2093f,-0.2186f,-0.9531f,0.2355f,0f,0f,0f,1f],start_interpolation: 0,interpolation_duration: 1}
$data merge entity $(rightfoot) {transformation: [-0.8548f,0.2012f,0.4783f,-0.7584f,0.3394f,0.9141f,0.222f,0.5364f,-0.3926f,0.3521f,-0.8497f,0.3344f,0f,0f,0f,1f],start_interpolation: 0,interpolation_duration: 1}
$data merge entity $(rightlowerleg) {transformation: [-0.8548f,0.2012f,0.4783f,-0.6087f,0.3394f,0.9141f,0.222f,1.5163f,-0.3926f,0.3521f,-0.8497f,0.8555f,0f,0f,0f,1f],start_interpolation: 0,interpolation_duration: 1}
$data merge entity $(rightleg) {transformation: [-0.9346f,0.3469f,0.0791f,-0.2226f,0.216f,0.7297f,-0.6488f,2.2792f,-0.2828f,-0.5893f,-0.7568f,0.2475f,0f,0f,0f,1f],start_interpolation: 0,interpolation_duration: 1}
data modify entity @s data merge value {"cameras":{},"locators":{"soup":{"px":-0.13474933574811884,"py":3.705189683677739,"pz":0.34286301723015866,"ry":201.43619333778605,"rx":81.23569433233061},"lefthand":{"px":-0.23818010228539166,"py":3.707880716226242,"pz":0.5038356931586492,"ry":205.0758667710627,"rx":-8.746901810139992},"sword":{"px":2.8005108910771046,"py":5.206523075085438,"pz":0.11788498152391869,"ry":250.84625658395177,"rx":-6.867065139501222},"righthand":{"px":-0.6578660376288366,"py":4.7656228582369184,"pz":1.3190894885823006,"ry":250.84625658395177,"rx":-6.867065139501222},"chest":{"px":-0.33578198297861755,"py":2.7155834541775588,"pz":0.627052884301345,"ry":6.439194172497793,"rx":2.288890540555669}}}