# This file was generated by Animated Java via MC-Build. It is not recommended to edit this file directly.
$data merge entity $(bone_nose) {transformation: [-0.9681f,0.0313f,0.2486f,-0.0591f,0.0411f,0.9986f,0.0346f,4.291f,-0.2472f,0.0437f,-0.968f,0.5795f,0f,0f,0f,1f],start_interpolation: 0,interpolation_duration: 1}
$data merge entity $(bone_glowing_eye) {transformation: [-0.9681f,0.0313f,0.2486f,-0.1867f,0.0411f,0.9986f,0.0346f,4.3625f,-0.2472f,0.0437f,-0.968f,0.5853f,0f,0f,0f,1f],start_interpolation: 0,interpolation_duration: 1}
$data merge entity $(bone_head) {transformation: [-0.9681f,0.0313f,0.2486f,-0.0164f,0.0411f,0.9986f,0.0346f,4.1742f,-0.2472f,0.0437f,-0.968f,0.3928f,0f,0f,0f,1f],start_interpolation: 0,interpolation_duration: 1}
$data merge entity $(bone_leftthumb2) {transformation: [0.0934f,0.9502f,-0.2974f,-0.4766f,-0.9895f,0.0554f,-0.1337f,3.8421f,-0.1105f,0.3068f,0.9453f,0.4305f,0f,0f,0f,1f],start_interpolation: 0,interpolation_duration: 1}
$data merge entity $(bone_leftthumb) {transformation: [0.0934f,0.9502f,-0.2974f,-0.269f,-0.9895f,0.0554f,-0.1337f,3.8443f,-0.1105f,0.3068f,0.9453f,0.5866f,0f,0f,0f,1f],start_interpolation: 0,interpolation_duration: 1}
$data merge entity $(bone_leftpointerfinger) {transformation: [0.0934f,0.9502f,-0.2974f,-0.6049f,-0.9895f,0.0554f,-0.1337f,3.9281f,-0.1105f,0.3068f,0.9453f,0.5423f,0f,0f,0f,1f],start_interpolation: 0,interpolation_duration: 1}
$data merge entity $(bone_leftmidfinger) {transformation: [0.0934f,0.9502f,-0.2974f,-0.6514f,-0.9895f,0.0554f,-0.1337f,3.9072f,-0.1105f,0.3068f,0.9453f,0.69f,0f,0f,0f,1f],start_interpolation: 0,interpolation_duration: 1}
$data merge entity $(bone_leftringfinger) {transformation: [0.0934f,0.9502f,-0.2974f,-0.6979f,-0.9895f,0.0554f,-0.1337f,3.8863f,-0.1105f,0.3068f,0.9453f,0.8377f,0f,0f,0f,1f],start_interpolation: 0,interpolation_duration: 1}
$data merge entity $(bone_invisibility) {transformation: [0.9206f,0.3791f,-0.0934f,-0.4742f,0.0436f,0.138f,0.9895f,3.7528f,0.388f,-0.915f,0.1105f,0.5256f,0f,0f,0f,1f],start_interpolation: 0,interpolation_duration: 1}
$data merge entity $(bone_swiftness) {transformation: [-0.2974f,0.9502f,-0.0934f,-0.6538f,-0.1337f,0.0554f,0.9895f,3.6687f,0.9453f,0.3068f,0.1105f,0.6556f,0f,0f,0f,1f],start_interpolation: 0,interpolation_duration: 1}
$data merge entity $(bone_suspicious_stew) {transformation: [0.7355f,0.6711f,-0.0934f,-0.5745f,-0.0063f,0.1446f,0.9895f,3.7251f,0.6775f,-0.7271f,0.1105f,0.6885f,0f,0f,0f,1f],start_interpolation: 0,interpolation_duration: 1}
$data merge entity $(bone_log) {transformation: [0.0934f,0.9502f,-0.2974f,-0.4609f,-0.9895f,0.0554f,-0.1337f,3.633f,-0.1105f,0.3068f,0.9453f,0.7608f,0f,0f,0f,1f],start_interpolation: 0,interpolation_duration: 1}
$data merge entity $(bone_planks) {transformation: [0.0934f,0.9502f,-0.2974f,-0.4522f,-0.9895f,0.0554f,-0.1337f,3.5402f,-0.1105f,0.3068f,0.9453f,0.7504f,0f,0f,0f,1f],start_interpolation: 0,interpolation_duration: 1}
$data merge entity $(bone_lefthand1) {transformation: [0.0934f,0.9502f,-0.2974f,-0.2374f,-0.9895f,0.0554f,-0.1337f,3.8984f,-0.1105f,0.3068f,0.9453f,0.8355f,0f,0f,0f,1f],start_interpolation: 0,interpolation_duration: 1}
$data merge entity $(bone_leftforearm) {transformation: [-0.0401f,0.9861f,-0.1612f,0.4605f,-0.9776f,-0.0721f,-0.1977f,3.7873f,-0.2066f,0.1497f,0.9669f,0.9131f,0f,0f,0f,1f],start_interpolation: 0,interpolation_duration: 1}
$data merge entity $(bone_leftelbow) {transformation: [-0.0401f,0.9861f,-0.1612f,0.6454f,-0.9776f,-0.0721f,-0.1977f,3.7738f,-0.2066f,0.1497f,0.9669f,0.9412f,0f,0f,0f,1f],start_interpolation: 0,interpolation_duration: 1}
$data merge entity $(bone_leftarm) {transformation: [-0.1043f,0.1952f,0.9752f,0.5973f,-0.9874f,0.0971f,-0.1251f,3.6032f,-0.1191f,-0.9759f,0.1826f,0.4926f,0f,0f,0f,1f],start_interpolation: 0,interpolation_duration: 1}
$data merge entity $(bone_rightthumb2) {transformation: [-0.316f,0.4716f,-0.8232f,-1.1983f,0.398f,-0.7218f,-0.5663f,5.0545f,-0.8613f,-0.5066f,0.0404f,1.4589f,0f,0f,0f,1f],start_interpolation: 0,interpolation_duration: 1}
$data merge entity $(bone_rightthumb) {transformation: [-0.316f,0.4716f,-0.8232f,-1.153f,0.398f,-0.7218f,-0.5663f,4.8291f,-0.8613f,-0.5066f,0.0404f,1.3382f,0f,0f,0f,1f],start_interpolation: 0,interpolation_duration: 1}
$data merge entity $(bone_rightpointerfinger) {transformation: [-0.316f,0.4716f,-0.8232f,-1.3809f,0.398f,-0.7218f,-0.5663f,5.0829f,-0.8613f,-0.5066f,0.0404f,1.4121f,0f,0f,0f,1f],start_interpolation: 0,interpolation_duration: 1}
$data merge entity $(bone_rightmidfinger) {transformation: [-0.316f,0.4716f,-0.8232f,-1.5095f,0.398f,-0.7218f,-0.5663f,4.9944f,-0.8613f,-0.5066f,0.0404f,1.4184f,0f,0f,0f,1f],start_interpolation: 0,interpolation_duration: 1}
$data merge entity $(bone_rightringfinger) {transformation: [-0.316f,0.4716f,-0.8232f,-1.6382f,0.398f,-0.7218f,-0.5663f,4.9059f,-0.8613f,-0.5066f,0.0404f,1.4247f,0f,0f,0f,1f],start_interpolation: 0,interpolation_duration: 1}
$data merge entity $(bone_hugeasssword) {transformation: [-1.2376f,1.8472f,-3.2244f,-1.3169f,1.5587f,-2.827f,-2.2178f,4.7509f,-3.3733f,-1.984f,0.1582f,1.5436f,0f,0f,0f,1f],start_interpolation: 0,interpolation_duration: 1}
$data merge entity $(bone_ice) {transformation: [-0.316f,0.4716f,-0.8232f,-1.3194f,0.398f,-0.7218f,-0.5663f,4.756f,-0.8613f,-0.5066f,0.0404f,1.565f,0f,0f,0f,1f],start_interpolation: 0,interpolation_duration: 1}
$data merge entity $(bone_righthand1) {transformation: [-0.316f,0.4716f,-0.8232f,-1.3062f,0.398f,-0.7218f,-0.5663f,4.6573f,-0.8613f,-0.5066f,0.0404f,1.2243f,0f,0f,0f,1f],start_interpolation: 0,interpolation_duration: 1}
$data merge entity $(bone_rightforearm) {transformation: [0.1984f,0.2812f,-0.9389f,-1.1102f,0.9107f,-0.407f,0.0705f,4.3123f,-0.3623f,-0.8691f,-0.3369f,0.6391f,0f,0f,0f,1f],start_interpolation: 0,interpolation_duration: 1}
$data merge entity $(bone_rightelbow) {transformation: [0.1984f,0.2812f,-0.9389f,-1.0575f,0.9107f,-0.407f,0.0705f,4.236f,-0.3623f,-0.8691f,-0.3369f,0.4762f,0f,0f,0f,1f],start_interpolation: 0,interpolation_duration: 1}
$data merge entity $(bone_rightarm) {transformation: [0.2725f,0.7608f,-0.589f,-0.7601f,0.8636f,-0.4633f,-0.199f,3.8475f,-0.4243f,-0.4544f,-0.7832f,0.3949f,0f,0f,0f,1f],start_interpolation: 0,interpolation_duration: 1}
$data merge entity $(bone_chest1) {transformation: [-1.0742f,0.1135f,0.0832f,-0.0605f,0.1176f,1.0757f,0.0515f,3.5248f,-0.0772f,0.0601f,-1.0789f,0.2764f,0f,0f,0f,1f],start_interpolation: 0,interpolation_duration: 1}
$data merge entity $(bone_chest1lid) {transformation: [-0.9915f,0.1047f,0.0768f,-0.5006f,0.1086f,0.993f,0.0475f,2.8646f,-0.0713f,0.0555f,-0.9959f,0.6039f,0f,0f,0f,1f],start_interpolation: 0,interpolation_duration: 1}
$data merge entity $(bone_chest2) {transformation: [-0.9915f,0.1047f,0.0768f,-0.517f,0.1086f,0.993f,0.0475f,2.7095f,-0.0713f,0.0555f,-0.9959f,0.5953f,0f,0f,0f,1f],start_interpolation: 0,interpolation_duration: 1}
$data merge entity $(bone_chest1lid3) {transformation: [-0.9915f,0.1047f,0.0768f,-0.3895f,0.1086f,0.993f,0.0475f,2.8883f,-0.0713f,0.0555f,-0.9959f,-0.0296f,0f,0f,0f,1f],start_interpolation: 0,interpolation_duration: 1}
$data merge entity $(bone_chest3) {transformation: [-0.9915f,0.1047f,0.0768f,-0.4058f,0.1086f,0.993f,0.0475f,2.7331f,-0.0713f,0.0555f,-0.9959f,-0.0383f,0f,0f,0f,1f],start_interpolation: 0,interpolation_duration: 1}
$data merge entity $(bone_hugeasssword2) {transformation: [-0.3007f,3.1404f,-2.3212f,-1.1402f,-0.1862f,2.3139f,3.1546f,4.8233f,3.9007f,0.3525f,-0.0284f,-0.0108f,0f,0f,0f,1f],start_interpolation: 0,interpolation_duration: 1}
$data merge entity $(bone_belt) {transformation: [-0.9915f,0.1047f,0.0768f,-0.0805f,0.1086f,0.993f,0.0475f,3.1196f,-0.0713f,0.0555f,-0.9959f,0.387f,0f,0f,0f,1f],start_interpolation: 0,interpolation_duration: 1}
$data merge entity $(bone_torn_part) {transformation: [-0.9948f,0.0985f,0.0256f,-0.2344f,0.1016f,0.9462f,0.3074f,2.8482f,0.0061f,0.3084f,-0.9512f,0.3704f,0f,0f,0f,1f],start_interpolation: 0,interpolation_duration: 1}
$data merge entity $(bone_lowerbody) {transformation: [-0.9948f,0.1016f,-0.0052f,-0.1861f,0.1016f,0.9948f,0.0086f,2.3513f,0.0061f,0.0081f,-0.9999f,0.5065f,0f,0f,0f,1f],start_interpolation: 0,interpolation_duration: 1}
$data merge entity $(bone_leftfoot) {transformation: [-0.9388f,-0.0142f,-0.3443f,0.2906f,-0.1095f,0.9597f,0.2589f,0.3284f,0.3267f,0.2808f,-0.9025f,0.1812f,0f,0f,0f,1f],start_interpolation: 0,interpolation_duration: 1}
$data merge entity $(bone_leftlowerleg) {transformation: [-0.9388f,-0.0142f,-0.3443f,0.3277f,-0.1095f,0.9597f,0.2589f,1.3532f,0.3267f,0.2808f,-0.9025f,0.6313f,0f,0f,0f,1f],start_interpolation: 0,interpolation_duration: 1}
$data merge entity $(bone_leftleg) {transformation: [-0.9423f,-0.2459f,-0.2274f,0.0449f,-0.155f,0.922f,-0.3549f,2.3189f,0.2969f,-0.2992f,-0.9068f,0.3427f,0f,0f,0f,1f],start_interpolation: 0,interpolation_duration: 1}
$data merge entity $(bone_rightfoot) {transformation: [-0.8929f,0.2245f,0.3902f,-0.9044f,0.2658f,0.9625f,0.0544f,0.3693f,-0.3634f,0.1523f,-0.9191f,0.3993f,0f,0f,0f,1f],start_interpolation: 0,interpolation_duration: 1}
$data merge entity $(bone_rightlowerleg) {transformation: [-0.8929f,0.2245f,0.3902f,-0.7153f,0.2658f,0.9625f,0.0544f,1.4287f,-0.3634f,0.1523f,-0.9191f,0.7095f,0f,0f,0f,1f],start_interpolation: 0,interpolation_duration: 1}
$data merge entity $(bone_rightleg) {transformation: [-0.9584f,0.2516f,0.135f,-0.4288f,0.1762f,0.8932f,-0.4136f,2.3677f,-0.2246f,-0.3726f,-0.9004f,0.3416f,0f,0f,0f,1f],start_interpolation: 0,interpolation_duration: 1}
data modify entity @s data merge value {"cameras":{},"locators":{"lefthand":{"posx":-0.53926074989971,"posy":3.7235327343628635,"posz":0.7323896969794845,"roty":197.4628345413281,"rotx":-7.683305689983318},"sword":{"posx":1.6921973196315139,"posy":6.90148691531449,"posz":1.3425998365354779,"roty":267.19133715830037,"rotx":-34.489580667345585},"righthand":{"posx":-1.3434967267784423,"posy":4.813416592076823,"posz":1.4915301283007445,"roty":267.19133715830037,"rotx":-34.489580667345585},"chest":{"posx":-0.5501413493168932,"posy":2.798526753078025,"posz":0.7538432638220463,"roty":4.407994748389797,"rotx":2.7241663806194842}}}