# This file was generated by Animated Java via MC-Build. It is not recommended to edit this file directly.
$data merge entity $(nose) {transformation: [-0.9647f,0.021f,0.2627f,-0.0981f,0.0353f,0.9981f,0.0498f,4.2463f,-0.2611f,0.0573f,-0.9636f,0.5759f,0f,0f,0f,1f],start_interpolation: 0,interpolation_duration: 1}
$data merge entity $(glowing_eye) {transformation: [-0.9647f,0.021f,0.2627f,-0.2264f,0.0353f,0.9981f,0.0498f,4.3166f,-0.2611f,0.0573f,-0.9636f,0.5808f,0f,0f,0f,1f],start_interpolation: 0,interpolation_duration: 1}
$data merge entity $(head) {transformation: [-0.9647f,0.021f,0.2627f,-0.0515f,0.0353f,0.9981f,0.0498f,4.1324f,-0.2611f,0.0573f,-0.9636f,0.3884f,0f,0f,0f,1f],start_interpolation: 0,interpolation_duration: 1}
$data merge entity $(leftthumb2) {transformation: [0.0689f,0.9514f,-0.3003f,-0.4841f,-0.9926f,0.0351f,-0.1164f,3.8397f,-0.1002f,0.3061f,0.9467f,0.4441f,0f,0f,0f,1f],start_interpolation: 0,interpolation_duration: 1}
$data merge entity $(leftthumb) {transformation: [0.0689f,0.9514f,-0.3003f,-0.2764f,-0.9926f,0.0351f,-0.1164f,3.8384f,-0.1002f,0.3061f,0.9467f,0.6f,0f,0f,0f,1f],start_interpolation: 0,interpolation_duration: 1}
$data merge entity $(leftpointerfinger) {transformation: [0.0689f,0.9514f,-0.3003f,-0.6102f,-0.9926f,0.0351f,-0.1164f,3.9299f,-0.1002f,0.3061f,0.9467f,0.555f,0f,0f,0f,1f],start_interpolation: 0,interpolation_duration: 1}
$data merge entity $(leftmidfinger) {transformation: [0.0689f,0.9514f,-0.3003f,-0.6571f,-0.9926f,0.0351f,-0.1164f,3.9117f,-0.1002f,0.3061f,0.9467f,0.7029f,0f,0f,0f,1f],start_interpolation: 0,interpolation_duration: 1}
$data merge entity $(leftringfinger) {transformation: [0.0689f,0.9514f,-0.3003f,-0.704f,-0.9926f,0.0351f,-0.1164f,3.8936f,-0.1002f,0.3061f,0.9467f,0.8508f,0f,0f,0f,1f],start_interpolation: 0,interpolation_duration: 1}
$data merge entity $(invisibility) {transformation: [0.9216f,0.3821f,-0.0689f,-0.4838f,0.0249f,0.119f,0.9926f,3.7513f,0.3874f,-0.9164f,0.1002f,0.5401f,0f,0f,0f,1f],start_interpolation: 0,interpolation_duration: 1}
$data merge entity $(swiftness) {transformation: [-0.3003f,0.9514f,-0.0689f,-0.6654f,-0.1164f,0.0351f,0.9926f,3.673f,0.9467f,0.3061f,0.1002f,0.6709f,0f,0f,0f,1f],start_interpolation: 0,interpolation_duration: 1}
$data merge entity $(suspicious_stew) {transformation: [0.7353f,0.6742f,-0.0689f,-0.5847f,-0.0173f,0.1203f,0.9926f,3.7278f,0.6775f,-0.7287f,0.1002f,0.7032f,0f,0f,0f,1f],start_interpolation: 0,interpolation_duration: 1}
$data merge entity $(log) {transformation: [0.0689f,0.9514f,-0.3003f,-0.4734f,-0.9926f,0.0351f,-0.1164f,3.6337f,-0.1002f,0.3061f,0.9467f,0.7765f,0f,0f,0f,1f],start_interpolation: 0,interpolation_duration: 1}
$data merge entity $(planks) {transformation: [0.0689f,0.9514f,-0.3003f,-0.467f,-0.9926f,0.0351f,-0.1164f,3.5407f,-0.1002f,0.3061f,0.9467f,0.7671f,0f,0f,0f,1f],start_interpolation: 0,interpolation_duration: 1}
$data merge entity $(lefthand1) {transformation: [0.0689f,0.9514f,-0.3003f,-0.2434f,-0.9926f,0.0351f,-0.1164f,3.8943f,-0.1002f,0.3061f,0.9467f,0.8484f,0f,0f,0f,1f],start_interpolation: 0,interpolation_duration: 1}
$data merge entity $(leftforearm) {transformation: [-0.0856f,0.9819f,-0.1687f,0.4487f,-0.9702f,-0.1207f,-0.2101f,3.7486f,-0.2266f,0.1457f,0.963f,0.9219f,0f,0f,0f,1f],start_interpolation: 0,interpolation_duration: 1}
$data merge entity $(leftelbow) {transformation: [-0.0856f,0.9819f,-0.1687f,0.6328f,-0.9702f,-0.1207f,-0.2101f,3.726f,-0.2266f,0.1457f,0.963f,0.9492f,0f,0f,0f,1f],start_interpolation: 0,interpolation_duration: 1}
$data merge entity $(leftarm) {transformation: [-0.1482f,0.1671f,0.9748f,0.5637f,-0.9792f,0.1136f,-0.1683f,3.5686f,-0.1389f,-0.9794f,0.1467f,0.4986f,0f,0f,0f,1f],start_interpolation: 0,interpolation_duration: 1}
$data merge entity $(rightthumb2) {transformation: [-0.025f,0.1853f,-0.9824f,-0.8756f,0.7376f,-0.6599f,-0.1432f,4.6454f,-0.6748f,-0.7282f,-0.1202f,1.6458f,0f,0f,0f,1f],start_interpolation: 0,interpolation_duration: 1}
$data merge entity $(rightthumb) {transformation: [-0.025f,0.1853f,-0.9824f,-0.9141f,0.7376f,-0.6599f,-0.1432f,4.4713f,-0.6748f,-0.7282f,-0.1202f,1.457f,0f,0f,0f,1f],start_interpolation: 0,interpolation_duration: 1}
$data merge entity $(rightpointerfinger) {transformation: [-0.025f,0.1853f,-0.9824f,-1.0237f,0.7376f,-0.6599f,-0.1432f,4.7618f,-0.6748f,-0.7282f,-0.1202f,1.6165f,0f,0f,0f,1f],start_interpolation: 0,interpolation_duration: 1}
$data merge entity $(rightmidfinger) {transformation: [-0.025f,0.1853f,-0.9824f,-1.1772f,0.7376f,-0.6599f,-0.1432f,4.7394f,-0.6748f,-0.7282f,-0.1202f,1.5977f,0f,0f,0f,1f],start_interpolation: 0,interpolation_duration: 1}
$data merge entity $(rightringfinger) {transformation: [-0.025f,0.1853f,-0.9824f,-1.3307f,0.7376f,-0.6599f,-0.1432f,4.717f,-0.6748f,-0.7282f,-0.1202f,1.5789f,0f,0f,0f,1f],start_interpolation: 0,interpolation_duration: 1}
$data merge entity $(hugeasssword) {transformation: [-0.0978f,0.7259f,-3.8476f,-1.1175f,2.889f,-2.5845f,-0.5611f,4.4117f,-2.6429f,-2.852f,-0.4709f,1.6309f,0f,0f,0f,1f],start_interpolation: 0,interpolation_duration: 1}
$data merge entity $(whey) {transformation: [0f,0f,0f,-0.9925f,0f,0f,0f,4.3669f,0f,0f,0f,1.832f,0f,0f,0f,1f],start_interpolation: 0,interpolation_duration: 1}
$data merge entity $(ice) {transformation: [-0.025f,0.1853f,-0.9824f,-1.1201f,0.7376f,-0.6599f,-0.1432f,4.4104f,-0.6748f,-0.7282f,-0.1202f,1.6528f,0f,0f,0f,1f],start_interpolation: 0,interpolation_duration: 1}
$data merge entity $(righthand1) {transformation: [-0.025f,0.1853f,-0.9824f,-1.1107f,0.7376f,-0.6599f,-0.1432f,4.4254f,-0.6748f,-0.7282f,-0.1202f,1.2983f,0f,0f,0f,1f],start_interpolation: 0,interpolation_duration: 1}
$data merge entity $(rightforearm) {transformation: [0.2821f,0.0235f,-0.9591f,-1.0999f,0.9438f,-0.1864f,0.273f,4.2239f,-0.1723f,-0.9822f,-0.0748f,0.6231f,0f,0f,0f,1f],start_interpolation: 0,interpolation_duration: 1}
$data merge entity $(rightelbow) {transformation: [0.2821f,0.0235f,-0.9591f,-1.0955f,0.9438f,-0.1864f,0.273f,4.189f,-0.1723f,-0.9822f,-0.0748f,0.439f,0f,0f,0f,1f],start_interpolation: 0,interpolation_duration: 1}
$data merge entity $(rightarm) {transformation: [0.3462f,0.8162f,-0.4626f,-0.8028f,0.9085f,-0.4146f,-0.0517f,3.8173f,-0.234f,-0.4023f,-0.8851f,0.3754f,0f,0f,0f,1f],start_interpolation: 0,interpolation_duration: 1}
$data merge entity $(chest1) {transformation: [-1.0697f,0.1294f,0.1127f,-0.0988f,0.1352f,1.0737f,0.0502f,3.4844f,-0.1057f,0.0636f,-1.0763f,0.268f,0f,0f,0f,1f],start_interpolation: 0,interpolation_duration: 1}
$data merge entity $(chest1lid) {transformation: [-0.9874f,0.1194f,0.104f,-0.5582f,0.1248f,0.9911f,0.0463f,2.8315f,-0.0975f,0.0587f,-0.9935f,0.5833f,0f,0f,0f,1f],start_interpolation: 0,interpolation_duration: 1}
$data merge entity $(chest2) {transformation: [-0.9874f,0.1194f,0.104f,-0.5769f,0.1248f,0.9911f,0.0463f,2.6767f,-0.0975f,0.0587f,-0.9935f,0.5741f,0f,0f,0f,1f],start_interpolation: 0,interpolation_duration: 1}
$data merge entity $(chest1lid3) {transformation: [-0.9874f,0.1194f,0.104f,-0.4299f,0.1248f,0.9911f,0.0463f,2.8534f,-0.0975f,0.0587f,-0.9935f,-0.0471f,0f,0f,0f,1f],start_interpolation: 0,interpolation_duration: 1}
$data merge entity $(chest3) {transformation: [-0.9874f,0.1194f,0.104f,-0.4485f,0.1248f,0.9911f,0.0463f,2.6986f,-0.0975f,0.0587f,-0.9935f,-0.0562f,0f,0f,0f,1f],start_interpolation: 0,interpolation_duration: 1}
$data merge entity $(hugeasssword2) {transformation: [-0.4073f,3.1673f,-2.2677f,-1.1491f,-0.1815f,2.2622f,3.1921f,4.8004f,3.8912f,0.437f,-0.0885f,-0.0473f,0f,0f,0f,1f],start_interpolation: 0,interpolation_duration: 1}
$data merge entity $(belt) {transformation: [-0.9874f,0.1194f,0.104f,-0.1283f,0.1248f,0.9911f,0.0463f,3.0796f,-0.0975f,0.0587f,-0.9935f,0.3777f,0f,0f,0f,1f],start_interpolation: 0,interpolation_duration: 1}
$data merge entity $(torn_part) {transformation: [-0.9911f,0.1183f,0.0604f,-0.2877f,0.1308f,0.9472f,0.2927f,2.8118f,-0.0226f,0.298f,-0.9543f,0.3585f,0f,0f,0f,1f],start_interpolation: 0,interpolation_duration: 1}
$data merge entity $(lowerbody) {transformation: [-0.9911f,0.1309f,0.022f,-0.2579f,0.1308f,0.9914f,-0.0057f,2.3158f,-0.0226f,-0.0027f,-0.9997f,0.5026f,0f,0f,0f,1f],start_interpolation: 0,interpolation_duration: 1}
$data merge entity $(leftfoot) {transformation: [-0.939f,0.0492f,-0.3404f,0.0767f,-0.0599f,0.9512f,0.3027f,0.2856f,0.3387f,0.3047f,-0.8902f,0.1674f,0f,0f,0f,1f],start_interpolation: 0,interpolation_duration: 1}
$data merge entity $(leftlowerleg) {transformation: [-0.939f,0.0492f,-0.3404f,0.1836f,-0.0599f,0.9512f,0.3027f,1.2943f,0.3387f,0.3047f,-0.8902f,0.6422f,0f,0f,0f,1f],start_interpolation: 0,interpolation_duration: 1}
$data merge entity $(leftleg) {transformation: [-0.9575f,-0.1756f,-0.2289f,-0.025f,-0.0902f,0.9358f,-0.3407f,2.2757f,0.274f,-0.3056f,-0.9119f,0.3454f,0f,0f,0f,1f],start_interpolation: 0,interpolation_duration: 1}
$data merge entity $(rightfoot) {transformation: [-0.8886f,0.2093f,0.408f,-0.9264f,0.2274f,0.9738f,-0.0043f,0.2936f,-0.3982f,0.089f,-0.913f,0.4072f,0f,0f,0f,1f],start_interpolation: 0,interpolation_duration: 1}
$data merge entity $(rightlowerleg) {transformation: [-0.8886f,0.2093f,0.408f,-0.7569f,0.2274f,0.9738f,-0.0043f,1.3745f,-0.3982f,0.089f,-0.913f,0.6462f,0f,0f,0f,1f],start_interpolation: 0,interpolation_duration: 1}
$data merge entity $(rightleg) {transformation: [-0.9579f,0.2301f,0.1716f,-0.4936f,0.1543f,0.9168f,-0.3685f,2.3404f,-0.2421f,-0.3265f,-0.9137f,0.3289f,0f,0f,0f,1f],start_interpolation: 0,interpolation_duration: 1}
data modify entity @s data merge value {"cameras":{},"locators":{"soup":{"px":-0.46670642117037164,"py":3.7174944825230147,"pz":0.5748542648431227,"ry":214.51486306044148,"rx":83.0165793801033},"lefthand":{"px":-0.5495281594338485,"py":3.725839224048539,"pz":0.747157173925158,"ry":197.59810528997377,"rx":-6.684032754394696},"sword":{"px":2.5124998683185353,"py":5.020378395882118,"pz":2.0461681662844007,"ry":276.97792280093944,"rx":-8.235885999951606},"righthand":{"px":-1.1099383647194758,"py":4.492148331193032,"pz":1.6028054518134924,"ry":276.97792280093944,"rx":-8.235885999951606},"chest":{"px":-0.6127783917507869,"py":2.7662545431290346,"pz":0.7318196782491722,"ry":5.975673931720763,"rx":2.6557605499203705}}}