# This file was generated by Animated Java via MC-Build. It is not recommended to edit this file directly.
$data merge entity $(bone_nose) {transformation: [-0.9983f,-0.0117f,0.0569f,-0.8011f,-0.0067f,0.9962f,0.0873f,4.0566f,-0.0577f,0.0868f,-0.9946f,0.7242f,0f,0f,0f,1f],start_interpolation: 0,interpolation_duration: 1}
$data merge entity $(bone_glowing_eye) {transformation: [-0.9983f,-0.0117f,0.0569f,-0.9287f,-0.0067f,0.9962f,0.0873f,4.1202f,-0.0577f,0.0868f,-0.9946f,0.7576f,0f,0f,0f,1f],start_interpolation: 0,interpolation_duration: 1}
$data merge entity $(bone_head) {transformation: [-0.9983f,-0.0117f,0.0569f,-0.789f,-0.0067f,0.9962f,0.0873f,3.95f,-0.0577f,0.0868f,-0.9946f,0.5273f,0f,0f,0f,1f],start_interpolation: 0,interpolation_duration: 1}
$data merge entity $(bone_leftthumb2) {transformation: [-0.2917f,0.8989f,0.327f,-0.5131f,-0.4632f,0.1664f,-0.8705f,2.8917f,-0.8369f,-0.4053f,0.3678f,1.3043f,0f,0f,0f,1f],start_interpolation: 0,interpolation_duration: 1}
$data merge entity $(bone_leftthumb) {transformation: [-0.2917f,0.8989f,0.327f,-0.2647f,-0.4632f,0.1664f,-0.8705f,2.8581f,-0.8369f,-0.4053f,0.3678f,1.2363f,0f,0f,0f,1f],start_interpolation: 0,interpolation_duration: 1}
$data merge entity $(bone_leftpointerfinger) {transformation: [-0.2917f,0.8989f,0.327f,-0.5124f,-0.4632f,0.1664f,-0.8705f,2.8134f,-0.8369f,-0.4053f,0.3678f,1.4781f,0f,0f,0f,1f],start_interpolation: 0,interpolation_duration: 1}
$data merge entity $(bone_leftmidfinger) {transformation: [-0.2917f,0.8989f,0.327f,-0.4613f,-0.4632f,0.1664f,-0.8705f,2.6774f,-0.8369f,-0.4053f,0.3678f,1.5356f,0f,0f,0f,1f],start_interpolation: 0,interpolation_duration: 1}
$data merge entity $(bone_leftringfinger) {transformation: [-0.2917f,0.8989f,0.327f,-0.4103f,-0.4632f,0.1664f,-0.8705f,2.5414f,-0.8369f,-0.4053f,0.3678f,1.593f,0f,0f,0f,1f],start_interpolation: 0,interpolation_duration: 1}
$data merge entity $(bone_invisibility) {transformation: [0.924f,-0.2474f,0.2917f,-0.479f,0.0899f,0.8817f,0.4632f,2.772f,-0.3717f,-0.4017f,0.8369f,1.2653f,0f,0f,0f,1f],start_interpolation: 0,interpolation_duration: 1}
$data merge entity $(bone_swiftness) {transformation: [0.327f,0.8989f,0.2917f,-0.5546f,-0.8705f,0.1664f,0.4632f,2.5621f,0.3678f,-0.4053f,0.8369f,1.3456f,0f,0f,0f,1f],start_interpolation: 0,interpolation_duration: 1}
$data merge entity $(bone_suspicious_stew) {transformation: [0.9529f,0.0836f,0.2917f,-0.4598f,-0.2171f,0.8593f,0.4632f,2.6009f,-0.2119f,-0.5046f,0.8369f,1.3533f,0f,0f,0f,1f],start_interpolation: 0,interpolation_duration: 1}
$data merge entity $(bone_log) {transformation: [-0.2917f,0.8989f,0.327f,-0.3595f,-0.4632f,0.1664f,-0.8705f,2.5375f,-0.8369f,-0.4053f,0.3678f,1.2414f,0f,0f,0f,1f],start_interpolation: 0,interpolation_duration: 1}
$data merge entity $(bone_planks) {transformation: [-0.2917f,0.8989f,0.327f,-0.3868f,-0.4632f,0.1664f,-0.8705f,2.4941f,-0.8369f,-0.4053f,0.3678f,1.163f,0f,0f,0f,1f],start_interpolation: 0,interpolation_duration: 1}
$data merge entity $(bone_lefthand1) {transformation: [-0.2917f,0.8989f,0.327f,-0.0721f,-0.4632f,0.1664f,-0.8705f,2.7221f,-0.8369f,-0.4053f,0.3678f,1.3378f,0f,0f,0f,1f],start_interpolation: 0,interpolation_duration: 1}
$data merge entity $(bone_leftforearm) {transformation: [-0.7118f,0.4869f,0.5063f,0.2233f,-0.2766f,0.4683f,-0.8392f,3.0487f,-0.6457f,-0.7373f,-0.1986f,0.7635f,0f,0f,0f,1f],start_interpolation: 0,interpolation_duration: 1}
$data merge entity $(bone_leftelbow) {transformation: [-0.7118f,0.4869f,0.5063f,0.3146f,-0.2766f,0.4683f,-0.8392f,3.1365f,-0.6457f,-0.7373f,-0.1986f,0.6253f,0f,0f,0f,1f],start_interpolation: 0,interpolation_duration: 1}
$data merge entity $(bone_leftarm) {transformation: [-0.6833f,-0.5428f,0.4882f,-0.1148f,-0.3795f,0.8354f,0.3977f,3.3533f,-0.6237f,0.0865f,-0.7768f,0.6f,0f,0f,0f,1f],start_interpolation: 0,interpolation_duration: 1}
$data merge entity $(bone_rightthumb2) {transformation: [-0.3252f,-0.5711f,-0.7537f,-1.2973f,0.2778f,0.7042f,-0.6534f,2.4773f,0.9039f,-0.4219f,-0.0704f,0.9484f,0f,0f,0f,1f],start_interpolation: 0,interpolation_duration: 1}
$data merge entity $(bone_rightthumb) {transformation: [-0.3252f,-0.5711f,-0.7537f,-1.5018f,0.2778f,0.7042f,-0.6534f,2.5942f,0.9039f,-0.4219f,-0.0704f,0.8389f,0f,0f,0f,1f],start_interpolation: 0,interpolation_duration: 1}
$data merge entity $(bone_rightpointerfinger) {transformation: [-0.3252f,-0.5711f,-0.7537f,-1.3853f,0.2778f,0.7042f,-0.6534f,2.3629f,0.9039f,-0.4219f,-0.0704f,1.0729f,0f,0f,0f,1f],start_interpolation: 0,interpolation_duration: 1}
$data merge entity $(bone_rightmidfinger) {transformation: [-0.3252f,-0.5711f,-0.7537f,-1.5031f,0.2778f,0.7042f,-0.6534f,2.2608f,0.9039f,-0.4219f,-0.0704f,1.0619f,0f,0f,0f,1f],start_interpolation: 0,interpolation_duration: 1}
$data merge entity $(bone_rightringfinger) {transformation: [-0.3252f,-0.5711f,-0.7537f,-1.6209f,0.2778f,0.7042f,-0.6534f,2.1587f,0.9039f,-0.4219f,-0.0704f,1.0509f,0f,0f,0f,1f],start_interpolation: 0,interpolation_duration: 1}
$data merge entity $(bone_hugeasssword) {transformation: [-1.2738f,-2.2367f,-2.9521f,-1.5209f,1.088f,2.7581f,-2.5592f,2.3402f,3.5403f,-1.6524f,-0.2757f,0.7372f,0f,0f,0f,1f],start_interpolation: 0,interpolation_duration: 1}
$data merge entity $(bone_ice) {transformation: [-0.3252f,-0.5711f,-0.7537f,-1.5069f,0.2778f,0.7042f,-0.6534f,2.3249f,0.9039f,-0.4219f,-0.0704f,0.7297f,0f,0f,0f,1f],start_interpolation: 0,interpolation_duration: 1}
$data merge entity $(bone_righthand1) {transformation: [-0.3252f,-0.5711f,-0.7537f,-1.7546f,0.2778f,0.7042f,-0.6534f,2.55f,0.9039f,-0.4219f,-0.0704f,0.848f,0f,0f,0f,1f],start_interpolation: 0,interpolation_duration: 1}
$data merge entity $(bone_rightforearm) {transformation: [-0.3847f,-0.2446f,-0.89f,-1.9033f,0.1514f,0.9345f,-0.3222f,3.2035f,0.9105f,-0.2587f,-0.3225f,0.6043f,0f,0f,0f,1f],start_interpolation: 0,interpolation_duration: 1}
$data merge entity $(bone_rightelbow) {transformation: [-0.3847f,-0.2446f,-0.89f,-1.9492f,0.1514f,0.9345f,-0.3222f,3.3787f,0.9105f,-0.2587f,-0.3225f,0.5558f,0f,0f,0f,1f],start_interpolation: 0,interpolation_duration: 1}
$data merge entity $(bone_rightarm) {transformation: [-0.3316f,0.8309f,-0.4468f,-1.5208f,0.233f,0.531f,0.8147f,3.4815f,0.9142f,0.166f,-0.3697f,0.4409f,0f,0f,0f,1f],start_interpolation: 0,interpolation_duration: 1}
$data merge entity $(bone_chest1) {transformation: [-1.0777f,0.0519f,0.0968f,-0.803f,0.0658f,1.0696f,0.1588f,3.311f,-0.088f,0.1639f,-1.0672f,0.3562f,0f,0f,0f,1f],start_interpolation: 0,interpolation_duration: 1}
$data merge entity $(bone_chest1lid) {transformation: [-0.9948f,0.0479f,0.0894f,-1.2104f,0.0607f,0.9873f,0.1466f,2.5996f,-0.0812f,0.1513f,-0.9851f,0.6106f,0f,0f,0f,1f],start_interpolation: 0,interpolation_duration: 1}
$data merge entity $(bone_chest2) {transformation: [-0.9948f,0.0479f,0.0894f,-1.2179f,0.0607f,0.9873f,0.1466f,2.4453f,-0.0812f,0.1513f,-0.9851f,0.587f,0f,0f,0f,1f],start_interpolation: 0,interpolation_duration: 1}
$data merge entity $(bone_chest1lid3) {transformation: [-0.9948f,0.0479f,0.0894f,-1.0909f,0.0607f,0.9873f,0.1466f,2.6897f,-0.0812f,0.1513f,-0.9851f,-0.0154f,0f,0f,0f,1f],start_interpolation: 0,interpolation_duration: 1}
$data merge entity $(bone_chest3) {transformation: [-0.9948f,0.0479f,0.0894f,-1.0984f,0.0607f,0.9873f,0.1466f,2.5354f,-0.0812f,0.1513f,-0.9851f,-0.0391f,0f,0f,0f,1f],start_interpolation: 0,interpolation_duration: 1}
$data merge entity $(bone_hugeasssword2) {transformation: [-0.35f,2.9996f,-2.494f,-1.9494f,-0.5743f,2.4372f,3.0118f,4.5702f,3.8585f,0.6348f,0.222f,0.1707f,0f,0f,0f,1f],start_interpolation: 0,interpolation_duration: 1}
$data merge entity $(bone_belt) {transformation: [-0.9948f,0.0479f,0.0894f,-0.8019f,0.0607f,0.9873f,0.1466f,2.8966f,-0.0812f,0.1513f,-0.9851f,0.4275f,0f,0f,0f,1f],start_interpolation: 0,interpolation_duration: 1}
$data merge entity $(bone_torn_part) {transformation: [-0.9952f,0.0855f,0.0473f,-0.9458f,0.0965f,0.9373f,0.3348f,2.623f,-0.0157f,0.3378f,-0.9411f,0.3892f,0f,0f,0f,1f],start_interpolation: 0,interpolation_duration: 1}
$data merge entity $(bone_lowerbody) {transformation: [-0.9952f,0.0958f,0.0193f,-0.8981f,0.0965f,0.9946f,0.0374f,2.1226f,-0.0157f,0.0391f,-0.9991f,0.5121f,0f,0f,0f,1f],start_interpolation: 0,interpolation_duration: 1}
$data merge entity $(bone_leftfoot) {transformation: [-0.9352f,0.2313f,-0.268f,-0.807f,0.0849f,0.8815f,0.4646f,0.2871f,0.3437f,0.4117f,-0.844f,0.2947f,0f,0f,0f,1f],start_interpolation: 0,interpolation_duration: 1}
$data merge entity $(bone_leftlowerleg) {transformation: [-0.9352f,0.2313f,-0.268f,-0.5092f,0.0849f,0.8815f,0.4646f,1.1936f,0.3437f,0.4117f,-0.844f,0.8811f,0f,0f,0f,1f],start_interpolation: 0,interpolation_duration: 1}
$data merge entity $(bone_leftleg) {transformation: [-0.9606f,-0.1243f,-0.2487f,-0.6666f,0.0257f,0.851f,-0.5246f,2.0835f,0.2769f,-0.5103f,-0.8142f,0.3631f,0f,0f,0f,1f],start_interpolation: 0,interpolation_duration: 1}
$data merge entity $(bone_rightfoot) {transformation: [-0.9523f,0.2385f,0.1904f,-1.5506f,0.2803f,0.9304f,0.2363f,0.1987f,-0.1208f,0.2784f,-0.9528f,0.3011f,0f,0f,0f,1f],start_interpolation: 0,interpolation_duration: 1}
$data merge entity $(bone_rightlowerleg) {transformation: [-0.9523f,0.2385f,0.1904f,-1.3152f,0.2803f,0.9304f,0.2363f,1.1945f,-0.1208f,0.2784f,-0.9528f,0.7564f,0f,0f,0f,1f],start_interpolation: 0,interpolation_duration: 1}
$data merge entity $(bone_rightleg) {transformation: [-0.9861f,0.1293f,-0.104f,-1.1537f,0.1602f,0.9048f,-0.3946f,2.143f,0.0431f,-0.4057f,-0.913f,0.3426f,0f,0f,0f,1f],start_interpolation: 0,interpolation_duration: 1}
data modify entity @s data merge value {"cameras":{},"locators":{"lefthand":{"posx":-0.4074928572828174,"posy":2.581532091264733,"posz":1.3457963919168248,"roty":138.36300527984167,"rotx":-60.519486537394016},"sword":{"posx":1.2626204194490325,"posy":4.7596173160384705,"posz":1.0816742336815364,"roty":275.3354110920877,"rotx":-40.79971330355442},"righthand":{"posx":-1.5167168033038687,"posy":2.350142806550282,"posz":0.8221102909875513,"roty":275.3354110920877,"rotx":-40.79971330355442},"chest":{"posx":-1.2584157220283705,"posy":2.5168347269067866,"posz":0.7525344656237853,"roty":5.183269456040364,"rotx":8.431289215112946}}}