# This file was generated by Animated Java via MC-Build. It is not recommended to edit this file directly.
$data merge entity $(bone_nose) {transformation: [-0.9928f,-0.04f,0.1131f,-0.6423f,-0.0425f,0.9989f,-0.0204f,4.134f,-0.1122f,-0.025f,-0.9934f,0.6978f,0f,0f,0f,1f],start_interpolation: 0,interpolation_duration: 1}
$data merge entity $(bone_glowing_eye) {transformation: [-0.9928f,-0.04f,0.1131f,-0.773f,-0.0425f,0.9989f,-0.0204f,4.1971f,-0.1122f,-0.025f,-0.9934f,0.7168f,0f,0f,0f,1f],start_interpolation: 0,interpolation_duration: 1}
$data merge entity $(bone_head) {transformation: [-0.9928f,-0.04f,0.1131f,-0.6162f,-0.0425f,0.9989f,-0.0204f,4.0069f,-0.1122f,-0.025f,-0.9934f,0.5149f,0f,0f,0f,1f],start_interpolation: 0,interpolation_duration: 1}
$data merge entity $(bone_leftthumb2) {transformation: [-0.5322f,0.8088f,0.2504f,-0.4437f,-0.154f,0.1984f,-0.968f,2.7447f,-0.8325f,-0.5537f,0.0189f,1.0194f,0f,0f,0f,1f],start_interpolation: 0,interpolation_duration: 1}
$data merge entity $(bone_leftthumb) {transformation: [-0.5322f,0.8088f,0.2504f,-0.224f,-0.154f,0.1984f,-0.968f,2.7107f,-0.8325f,-0.5537f,0.0189f,0.8852f,0f,0f,0f,1f],start_interpolation: 0,interpolation_duration: 1}
$data merge entity $(bone_leftpointerfinger) {transformation: [-0.5322f,0.8088f,0.2504f,-0.4194f,-0.154f,0.1984f,-0.968f,2.6171f,-0.8325f,-0.5537f,0.0189f,1.1588f,0f,0f,0f,1f],start_interpolation: 0,interpolation_duration: 1}
$data merge entity $(bone_leftmidfinger) {transformation: [-0.5322f,0.8088f,0.2504f,-0.3803f,-0.154f,0.1984f,-0.968f,2.4658f,-0.8325f,-0.5537f,0.0189f,1.1618f,0f,0f,0f,1f],start_interpolation: 0,interpolation_duration: 1}
$data merge entity $(bone_leftringfinger) {transformation: [-0.5322f,0.8088f,0.2504f,-0.3412f,-0.154f,0.1984f,-0.968f,2.3146f,-0.8325f,-0.5537f,0.0189f,1.1648f,0f,0f,0f,1f],start_interpolation: 0,interpolation_duration: 1}
$data merge entity $(bone_invisibility) {transformation: [0.8275f,-0.179f,0.5322f,-0.4386f,0.1133f,0.9816f,0.154f,2.6401f,-0.5499f,-0.0671f,0.8325f,0.9416f,0f,0f,0f,1f],start_interpolation: 0,interpolation_duration: 1}
$data merge entity $(bone_swiftness) {transformation: [0.2504f,0.8088f,0.5322f,-0.5288f,-0.968f,0.1984f,0.154f,2.4238f,0.0189f,-0.5537f,0.8325f,0.9768f,0f,0f,0f,1f],start_interpolation: 0,interpolation_duration: 1}
$data merge entity $(bone_suspicious_stew) {transformation: [0.8388f,0.1148f,0.5322f,-0.4295f,-0.2293f,0.9611f,0.154f,2.4493f,-0.4938f,-0.2512f,0.8325f,0.9711f,0f,0f,0f,1f],start_interpolation: 0,interpolation_duration: 1}
$data merge entity $(bone_log) {transformation: [-0.5322f,0.8088f,0.2504f,-0.3666f,-0.154f,0.1984f,-0.968f,2.4143f,-0.8325f,-0.5537f,0.0189f,0.8247f,0f,0f,0f,1f],start_interpolation: 0,interpolation_duration: 1}
$data merge entity $(bone_planks) {transformation: [-0.5322f,0.8088f,0.2504f,-0.4165f,-0.154f,0.1984f,-0.968f,2.3999f,-0.8325f,-0.5537f,0.0189f,0.7467f,0f,0f,0f,1f],start_interpolation: 0,interpolation_duration: 1}
$data merge entity $(bone_lefthand1) {transformation: [-0.5322f,0.8088f,0.2504f,-0.0392f,-0.154f,0.1984f,-0.968f,2.5327f,-0.8325f,-0.5537f,0.0189f,0.8938f,0f,0f,0f,1f],start_interpolation: 0,interpolation_duration: 1}
$data merge entity $(bone_leftforearm) {transformation: [-0.7581f,0.5677f,0.3209f,0.3093f,0.1329f,0.6162f,-0.7763f,2.9934f,-0.6384f,-0.5459f,-0.5426f,0.4606f,0f,0f,0f,1f],start_interpolation: 0,interpolation_duration: 1}
$data merge entity $(bone_leftelbow) {transformation: [-0.7581f,0.5677f,0.3209f,0.4158f,0.1329f,0.6162f,-0.7763f,3.1089f,-0.6384f,-0.5459f,-0.5426f,0.3582f,0f,0f,0f,1f],start_interpolation: 0,interpolation_duration: 1}
$data merge entity $(bone_leftarm) {transformation: [-0.7499f,-0.3837f,0.5389f,0.0268f,0.0271f,0.7961f,0.6046f,3.3739f,-0.661f,0.468f,-0.5866f,0.4669f,0f,0f,0f,1f],start_interpolation: 0,interpolation_duration: 1}
$data merge entity $(bone_rightthumb2) {transformation: [0.0873f,-0.9164f,-0.3907f,-0.987f,0.1122f,0.3988f,-0.9102f,2.7732f,0.9898f,0.0356f,0.1376f,0.9441f,0f,0f,0f,1f],start_interpolation: 0,interpolation_duration: 1}
$data merge entity $(bone_rightthumb) {transformation: [0.0873f,-0.9164f,-0.3907f,-1.2452f,0.1122f,0.3988f,-0.9102f,2.7932f,0.9898f,0.0356f,0.1376f,0.9646f,0f,0f,0f,1f],start_interpolation: 0,interpolation_duration: 1}
$data merge entity $(bone_rightpointerfinger) {transformation: [0.0873f,-0.9164f,-0.3907f,-0.9532f,0.1122f,0.3988f,-0.9102f,2.632f,0.9898f,0.0356f,0.1376f,1.0676f,0f,0f,0f,1f],start_interpolation: 0,interpolation_duration: 1}
$data merge entity $(bone_rightmidfinger) {transformation: [0.0873f,-0.9164f,-0.3907f,-1.0143f,0.1122f,0.3988f,-0.9102f,2.4898f,0.9898f,0.0356f,0.1376f,1.0891f,0f,0f,0f,1f],start_interpolation: 0,interpolation_duration: 1}
$data merge entity $(bone_rightringfinger) {transformation: [0.0873f,-0.9164f,-0.3907f,-1.0753f,0.1122f,0.3988f,-0.9102f,2.3476f,0.9898f,0.0356f,0.1376f,1.1106f,0f,0f,0f,1f],start_interpolation: 0,interpolation_duration: 1}
$data merge entity $(bone_hugeasssword) {transformation: [0.3418f,-3.5891f,-1.5304f,-1.2175f,0.4395f,1.5619f,-3.5648f,2.5552f,3.8769f,0.1394f,0.539f,0.8313f,0f,0f,0f,1f],start_interpolation: 0,interpolation_duration: 1}
$data merge entity $(bone_ice) {transformation: [0.0873f,-0.9164f,-0.3907f,-1.2046f,0.1122f,0.3988f,-0.9102f,2.5472f,0.9898f,0.0356f,0.1376f,0.8153f,0f,0f,0f,1f],start_interpolation: 0,interpolation_duration: 1}
$data merge entity $(bone_righthand1) {transformation: [0.0873f,-0.9164f,-0.3907f,-1.424f,0.1122f,0.3988f,-0.9102f,2.6465f,0.9898f,0.0356f,0.1376f,1.0759f,0f,0f,0f,1f],start_interpolation: 0,interpolation_duration: 1}
$data merge entity $(bone_rightforearm) {transformation: [-0.4269f,-0.4011f,-0.8105f,-1.6894f,0.1629f,0.8475f,-0.5052f,3.2343f,0.8895f,-0.3477f,-0.2964f,0.7839f,0f,0f,0f,1f],start_interpolation: 0,interpolation_duration: 1}
$data merge entity $(bone_rightelbow) {transformation: [-0.4269f,-0.4011f,-0.8105f,-1.7646f,0.1629f,0.8475f,-0.5052f,3.3932f,0.8895f,-0.3477f,-0.2964f,0.7187f,0f,0f,0f,1f],start_interpolation: 0,interpolation_duration: 1}
$data merge entity $(bone_rightarm) {transformation: [-0.3912f,0.6856f,-0.6139f,-1.3704f,0.2556f,0.7218f,0.6432f,3.5816f,0.8841f,0.0947f,-0.4576f,0.5863f,0f,0f,0f,1f],start_interpolation: 0,interpolation_duration: 1}
$data merge entity $(bone_chest1) {transformation: [-1.0516f,0.1962f,-0.1709f,-0.7162f,0.1695f,1.0565f,0.1695f,3.3655f,0.1974f,0.1378f,-1.0563f,0.3851f,0f,0f,0f,1f],start_interpolation: 0,interpolation_duration: 1}
$data merge entity $(bone_chest1lid) {transformation: [-0.9707f,0.1811f,-0.1578f,-1.1097f,0.1565f,0.9752f,0.1565f,2.6912f,0.1822f,0.1272f,-0.975f,0.7419f,0f,0f,0f,1f],start_interpolation: 0,interpolation_duration: 1}
$data merge entity $(bone_chest2) {transformation: [-0.9707f,0.1811f,-0.1578f,-1.138f,0.1565f,0.9752f,0.1565f,2.5388f,0.1822f,0.1272f,-0.975f,0.7221f,0f,0f,0f,1f],start_interpolation: 0,interpolation_duration: 1}
$data merge entity $(bone_chest1lid3) {transformation: [-0.9707f,0.1811f,-0.1578f,-1.1501f,0.1565f,0.9752f,0.1565f,2.7816f,0.1822f,0.1272f,-0.975f,0.1059f,0f,0f,0f,1f],start_interpolation: 0,interpolation_duration: 1}
$data merge entity $(bone_chest3) {transformation: [-0.9707f,0.1811f,-0.1578f,-1.1784f,0.1565f,0.9752f,0.1565f,2.6292f,0.1822f,0.1272f,-0.975f,0.0861f,0f,0f,0f,1f],start_interpolation: 0,interpolation_duration: 1}
$data merge entity $(bone_hugeasssword2) {transformation: [0.6179f,3.2823f,-2.0457f,-1.7439f,-0.6128f,2.1286f,3.2301f,4.7313f,3.8188f,-0.1895f,0.8494f,0.4989f,0f,0f,0f,1f],start_interpolation: 0,interpolation_duration: 1}
$data merge entity $(bone_belt) {transformation: [-0.9707f,0.1811f,-0.1578f,-0.7366f,0.1565f,0.9752f,0.1565f,2.9515f,0.1822f,0.1272f,-0.975f,0.4563f,0f,0f,0f,1f],start_interpolation: 0,interpolation_duration: 1}
$data merge entity $(bone_torn_part) {transformation: [-0.964f,0.2137f,-0.1583f,-0.9066f,0.1499f,0.9283f,0.3404f,2.6885f,0.2197f,0.3044f,-0.9269f,0.4557f,0f,0f,0f,1f],start_interpolation: 0,interpolation_duration: 1}
$data merge entity $(bone_lowerbody) {transformation: [-0.964f,0.1562f,-0.2153f,-0.8584f,0.1499f,0.9877f,0.0455f,2.1852f,0.2197f,0.0116f,-0.9755f,0.5658f,0f,0f,0f,1f],start_interpolation: 0,interpolation_duration: 1}
$data merge entity $(bone_leftfoot) {transformation: [-0.6535f,0.0706f,-0.7536f,-0.1859f,-0.2829f,0.9007f,0.3297f,0.5121f,0.702f,0.4287f,-0.5687f,0.2665f,0f,0f,0f,1f],start_interpolation: 0,interpolation_duration: 1}
$data merge entity $(bone_leftlowerleg) {transformation: [-0.6535f,0.0706f,-0.7536f,0.0083f,-0.2829f,0.9007f,0.3297f,1.4606f,0.702f,0.4287f,-0.5687f,0.8294f,0f,0f,0f,1f],start_interpolation: 0,interpolation_duration: 1}
$data merge entity $(bone_leftleg) {transformation: [-0.7517f,-0.6158f,-0.2361f,-0.6524f,-0.3043f,0.6414f,-0.7042f,2.1191f,0.5851f,-0.4575f,-0.6696f,0.3707f,0f,0f,0f,1f],start_interpolation: 0,interpolation_duration: 1}
$data merge entity $(bone_rightfoot) {transformation: [-0.9007f,0.2859f,0.3271f,-1.7447f,0.3542f,0.9193f,0.1717f,0.3024f,-0.2517f,0.2705f,-0.9293f,0.3495f,0f,0f,0f,1f],start_interpolation: 0,interpolation_duration: 1}
$data merge entity $(bone_rightlowerleg) {transformation: [-0.9007f,0.2859f,0.3271f,-1.4778f,0.3542f,0.9193f,0.1717f,1.2959f,-0.2517f,0.2705f,-0.9293f,0.7923f,0f,0f,0f,1f],start_interpolation: 0,interpolation_duration: 1}
$data merge entity $(bone_rightleg) {transformation: [-0.9488f,0.3157f,0.0051f,-1.1219f,0.2932f,0.8868f,-0.3572f,2.2226f,-0.1173f,-0.3374f,-0.934f,0.4568f,0f,0f,0f,1f],start_interpolation: 0,interpolation_duration: 1}
data modify entity @s data merge value {"cameras":{},"locators":{"lefthand":{"posx":-0.38378275468533013,"posy":2.4283907213693334,"posz":0.9457332035122074,"roty":94.32525124279984,"rotx":-75.45577436800106},"sword":{"posx":0.26486270901014763,"posy":5.9219244279645915,"posz":0.39789102295486045,"roty":250.59700565237745,"rotx":-65.5274862365014},"righthand":{"posx":-1.175950771761235,"posy":2.5657090407317003,"posz":0.9053661830648214,"roty":250.59700565237745,"rotx":-65.5274862365014},"chest":{"posx":-1.1266637207762964,"posy":2.610652356615121,"posz":0.8920158337358806,"roty":350.80868380722785,"rotx":9.001854069486045}}}