# This file was generated by Animated Java via MC-Build. It is not recommended to edit this file directly.
$data merge entity $(nose) {transformation: [-0.9788f,0.0864f,0.1857f,-0.3759f,0.0734f,0.9944f,-0.0755f,4.2131f,-0.1912f,-0.0603f,-0.9797f,0.7094f,0f,0f,0f,1f],start_interpolation: 0,interpolation_duration: 1}
$data merge entity $(glowing_eye) {transformation: [-0.9788f,0.0864f,0.1857f,-0.4989f,0.0734f,0.9944f,-0.0755f,4.2922f,-0.1912f,-0.0603f,-0.9797f,0.7156f,0f,0f,0f,1f],start_interpolation: 0,interpolation_duration: 1}
$data merge entity $(head) {transformation: [-0.9788f,0.0864f,0.1857f,-0.3518f,0.0734f,0.9944f,-0.0755f,4.0762f,-0.1912f,-0.0603f,-0.9797f,0.5334f,0f,0f,0f,1f],start_interpolation: 0,interpolation_duration: 1}
$data merge entity $(leftthumb2) {transformation: [-0.4842f,0.8661f,0.1242f,-0.0012f,-0.0126f,0.135f,-0.9908f,2.8002f,-0.8748f,-0.4813f,-0.0544f,1.0519f,0f,0f,0f,1f],start_interpolation: 0,interpolation_duration: 1}
$data merge entity $(leftthumb) {transformation: [-0.4842f,0.8661f,0.1242f,0.2218f,-0.0126f,0.135f,-0.9908f,2.7486f,-0.8748f,-0.4813f,-0.0544f,0.9292f,0f,0f,0f,1f],start_interpolation: 0,interpolation_duration: 1}
$data merge entity $(leftpointerfinger) {transformation: [-0.4842f,0.8661f,0.1242f,-0.0036f,-0.0126f,0.135f,-0.9908f,2.6593f,-0.8748f,-0.4813f,-0.0544f,1.1803f,0f,0f,0f,1f],start_interpolation: 0,interpolation_duration: 1}
$data merge entity $(leftmidfinger) {transformation: [-0.4842f,0.8661f,0.1242f,0.0158f,-0.0126f,0.135f,-0.9908f,2.5045f,-0.8748f,-0.4813f,-0.0544f,1.1718f,0f,0f,0f,1f],start_interpolation: 0,interpolation_duration: 1}
$data merge entity $(leftringfinger) {transformation: [-0.4842f,0.8661f,0.1242f,0.0352f,-0.0126f,0.135f,-0.9908f,2.3497f,-0.8748f,-0.4813f,-0.0544f,1.1632f,0f,0f,0f,1f],start_interpolation: 0,interpolation_duration: 1}
$data merge entity $(invisibility) {transformation: [0.8736f,-0.0482f,0.4842f,-0.0035f,0.0481f,0.9988f,0.0126f,2.7026f,-0.4842f,0.0123f,0.8748f,0.9653f,0f,0f,0f,1f],start_interpolation: 0,interpolation_duration: 1}
$data merge entity $(swiftness) {transformation: [0.1242f,0.8661f,0.4842f,-0.1227f,-0.9908f,0.135f,0.0126f,2.4979f,-0.0544f,-0.4813f,0.8748f,0.9747f,0f,0f,0f,1f],start_interpolation: 0,interpolation_duration: 1}
$data merge entity $(suspicious_stew) {transformation: [0.8374f,0.2535f,0.4842f,-0.0208f,-0.2964f,0.955f,0.0126f,2.5105f,-0.4592f,-0.1541f,0.8748f,0.9776f,0f,0f,0f,1f],start_interpolation: 0,interpolation_duration: 1}
$data merge entity $(log) {transformation: [-0.4842f,0.8661f,0.1242f,0.0478f,-0.0126f,0.135f,-0.9908f,2.4798f,-0.8748f,-0.4813f,-0.0544f,0.8329f,0f,0f,0f,1f],start_interpolation: 0,interpolation_duration: 1}
$data merge entity $(planks) {transformation: [-0.4842f,0.8661f,0.1242f,0.0024f,-0.0126f,0.135f,-0.9908f,2.4786f,-0.8748f,-0.4813f,-0.0544f,0.7509f,0f,0f,0f,1f],start_interpolation: 0,interpolation_duration: 1}
$data merge entity $(lefthand1) {transformation: [-0.4842f,0.8661f,0.1242f,0.3815f,-0.0126f,0.135f,-0.9908f,2.5477f,-0.8748f,-0.4813f,-0.0544f,0.933f,0f,0f,0f,1f],start_interpolation: 0,interpolation_duration: 1}
$data merge entity $(leftforearm) {transformation: [-0.8694f,0.395f,0.2969f,0.6049f,0.0751f,0.6994f,-0.7107f,3.0655f,-0.4884f,-0.5956f,-0.6377f,0.4749f,0f,0f,0f,1f],start_interpolation: 0,interpolation_duration: 1}
$data merge entity $(leftelbow) {transformation: [-0.8694f,0.395f,0.2969f,0.679f,0.0751f,0.6994f,-0.7107f,3.1966f,-0.4884f,-0.5956f,-0.6377f,0.3632f,0f,0f,0f,1f],start_interpolation: 0,interpolation_duration: 1}
$data merge entity $(leftarm) {transformation: [-0.8583f,-0.3131f,0.4065f,0.3145f,-0.0337f,0.8249f,0.5643f,3.4732f,-0.512f,0.4707f,-0.7186f,0.513f,0f,0f,0f,1f],start_interpolation: 0,interpolation_duration: 1}
$data merge entity $(rightthumb2) {transformation: [0.0319f,-0.8573f,-0.5138f,-0.643f,0.027f,0.5146f,-0.857f,2.8282f,0.9991f,0.0134f,0.0396f,0.8976f,0f,0f,0f,1f],start_interpolation: 0,interpolation_duration: 1}
$data merge entity $(rightthumb) {transformation: [0.0319f,-0.8573f,-0.5138f,-0.8972f,0.027f,0.5146f,-0.857f,2.8812f,0.9991f,0.0134f,0.0396f,0.9043f,0f,0f,0f,1f],start_interpolation: 0,interpolation_duration: 1}
$data merge entity $(rightpointerfinger) {transformation: [0.0319f,-0.8573f,-0.5138f,-0.6365f,0.027f,0.5146f,-0.857f,2.6751f,0.9991f,0.0134f,0.0396f,1.011f,0f,0f,0f,1f],start_interpolation: 0,interpolation_duration: 1}
$data merge entity $(rightmidfinger) {transformation: [0.0319f,-0.8573f,-0.5138f,-0.7167f,0.027f,0.5146f,-0.857f,2.5412f,0.9991f,0.0134f,0.0396f,1.0172f,0f,0f,0f,1f],start_interpolation: 0,interpolation_duration: 1}
$data merge entity $(rightringfinger) {transformation: [0.0319f,-0.8573f,-0.5138f,-0.797f,0.027f,0.5146f,-0.857f,2.4073f,0.9991f,0.0134f,0.0396f,1.0234f,0f,0f,0f,1f],start_interpolation: 0,interpolation_duration: 1}
$data merge entity $(hugeasssword) {transformation: [0.1249f,-3.3579f,-2.0123f,-0.8913f,0.1059f,2.0155f,-3.3566f,2.652f,3.9132f,0.0526f,0.155f,0.7539f,0f,0f,0f,1f],start_interpolation: 0,interpolation_duration: 1}
$data merge entity $(whey) {transformation: [0f,0f,0f,-0.7442f,0f,0f,0f,2.7196f,0f,0f,0f,0.5753f,0f,0f,0f,1f],start_interpolation: 0,interpolation_duration: 1}
$data merge entity $(ice) {transformation: [0.0319f,-0.8573f,-0.5138f,-0.8784f,0.027f,0.5146f,-0.857f,2.6435f,0.9991f,0.0134f,0.0396f,0.7381f,0f,0f,0f,1f],start_interpolation: 0,interpolation_duration: 1}
$data merge entity $(righthand1) {transformation: [0.0319f,-0.8573f,-0.5138f,-1.1009f,0.027f,0.5146f,-0.857f,2.7521f,0.9991f,0.0134f,0.0396f,0.9924f,0f,0f,0f,1f],start_interpolation: 0,interpolation_duration: 1}
$data merge entity $(rightforearm) {transformation: [-0.4218f,-0.5123f,-0.7481f,-1.4362f,0.1326f,0.7813f,-0.6099f,3.2986f,0.8969f,-0.3565f,-0.2616f,0.6963f,0f,0f,0f,1f],start_interpolation: 0,interpolation_duration: 1}
$data merge entity $(rightelbow) {transformation: [-0.4218f,-0.5123f,-0.7481f,-1.5322f,0.1326f,0.7813f,-0.6099f,3.4451f,0.8969f,-0.3565f,-0.2616f,0.6294f,0f,0f,0f,1f],start_interpolation: 0,interpolation_duration: 1}
$data merge entity $(rightarm) {transformation: [-0.3864f,0.7833f,-0.4869f,-1.1054f,0.2146f,0.5898f,0.7785f,3.5539f,0.897f,0.1963f,-0.396f,0.5377f,0f,0f,0f,1f],start_interpolation: 0,interpolation_duration: 1}
$data merge entity $(chest1) {transformation: [-1.0742f,0.1119f,-0.0846f,-0.4243f,0.0973f,1.0649f,0.1733f,3.4311f,0.1011f,0.1643f,-1.066f,0.3996f,0f,0f,0f,1f],start_interpolation: 0,interpolation_duration: 1}
$data merge entity $(chest1lid) {transformation: [-0.9916f,0.1033f,-0.0781f,-0.8029f,0.0898f,0.983f,0.16f,2.7273f,0.0933f,0.1516f,-0.984f,0.7129f,0f,0f,0f,1f],start_interpolation: 0,interpolation_duration: 1}
$data merge entity $(chest2) {transformation: [-0.9916f,0.1033f,-0.0781f,-0.8191f,0.0898f,0.983f,0.16f,2.5737f,0.0933f,0.1516f,-0.984f,0.6892f,0f,0f,0f,1f],start_interpolation: 0,interpolation_duration: 1}
$data merge entity $(chest1lid3) {transformation: [-0.9916f,0.1033f,-0.0781f,-0.791f,0.0898f,0.983f,0.16f,2.8242f,0.0933f,0.1516f,-0.984f,0.0767f,0f,0f,0f,1f],start_interpolation: 0,interpolation_duration: 1}
$data merge entity $(chest3) {transformation: [-0.9916f,0.1033f,-0.0781f,-0.8071f,0.0898f,0.983f,0.16f,2.6706f,0.0933f,0.1516f,-0.984f,0.053f,0f,0f,0f,1f],start_interpolation: 0,interpolation_duration: 1}
$data merge entity $(hugeasssword2) {transformation: [0.3058f,3.1368f,-2.3254f,-1.5468f,-0.6266f,2.3417f,3.0764f,4.7247f,3.8541f,0.1318f,0.6847f,0.4298f,0f,0f,0f,1f],start_interpolation: 0,interpolation_duration: 1}
$data merge entity $(belt) {transformation: [-0.9916f,0.1033f,-0.0781f,-0.4235f,0.0898f,0.983f,0.16f,3.0157f,0.0933f,0.1516f,-0.984f,0.4651f,0f,0f,0f,1f],start_interpolation: 0,interpolation_duration: 1}
$data merge entity $(torn_part) {transformation: [-0.9631f,0.2562f,-0.0823f,-0.5902f,0.2076f,0.9021f,0.3783f,2.7577f,0.1712f,0.3473f,-0.922f,0.448f,0f,0f,0f,1f],start_interpolation: 0,interpolation_duration: 1}
$data merge entity $(lowerbody) {transformation: [-0.9631f,0.2196f,-0.1556f,-0.5815f,0.2076f,0.9741f,0.0896f,2.2492f,0.1712f,0.0539f,-0.9838f,0.5433f,0f,0f,0f,1f],start_interpolation: 0,interpolation_duration: 1}
$data merge entity $(leftfoot) {transformation: [-0.7682f,0.0619f,-0.6372f,-0.1926f,-0.1639f,0.9431f,0.2893f,0.2563f,0.6188f,0.3267f,-0.7144f,0.1832f,0f,0f,0f,1f],start_interpolation: 0,interpolation_duration: 1}
$data merge entity $(leftlowerleg) {transformation: [-0.7682f,0.0619f,-0.6372f,-0.0261f,-0.1639f,0.9431f,0.2893f,1.2581f,0.6188f,0.3267f,-0.7144f,0.6554f,0f,0f,0f,1f],start_interpolation: 0,interpolation_duration: 1}
$data merge entity $(leftleg) {transformation: [-0.8728f,-0.3195f,-0.3691f,-0.3782f,-0.1478f,0.8935f,-0.424f,2.1934f,0.4652f,-0.3155f,-0.8271f,0.3482f,0f,0f,0f,1f],start_interpolation: 0,interpolation_duration: 1}
$data merge entity $(rightfoot) {transformation: [-0.7903f,0.5679f,0.2301f,-1.9787f,0.6006f,0.7924f,0.1068f,0.6289f,-0.1216f,0.2226f,-0.9673f,0.4115f,0f,0f,0f,1f],start_interpolation: 0,interpolation_duration: 1}
$data merge entity $(rightlowerleg) {transformation: [-0.7903f,0.5679f,0.2301f,-1.384f,0.6006f,0.7924f,0.1068f,1.4916f,-0.1216f,0.2226f,-0.9673f,0.8071f,0f,0f,0f,1f],start_interpolation: 0,interpolation_duration: 1}
$data merge entity $(rightleg) {transformation: [-0.8439f,0.4819f,-0.2358f,-0.8536f,0.5348f,0.7901f,-0.2996f,2.3103f,0.0419f,-0.3789f,-0.9245f,0.4236f,0f,0f,0f,1f],start_interpolation: 0,interpolation_duration: 1}
data modify entity @s data merge value {"cameras":{},"locators":{"soup":{"px":0.007593590187993545,"py":2.6742925112072435,"pz":0.9238155811696109,"ry":151.0347854571457,"rx":0.7234863895821029},"lefthand":{"px":0.023638049787592152,"py":2.485914630547501,"pz":0.9533742839920334,"ry":66.32927964307407,"rx":-82.20743508699078},"sword":{"px":1.0405076164515288,"py":5.811623700424464,"pz":0.68495720037587,"ry":265.5947156369168,"rx":-58.98299300466127},"righthand":{"px":-0.8540197771296033,"py":2.6513831550428115,"pz":0.8309089057326785,"ry":265.5947156369168,"rx":-58.98299300466127},"chest":{"px":-0.828163481202935,"py":2.643645076043637,"pz":0.8601073851064486,"ry":355.46320703134825,"rx":9.206330522528209}}}