# This file was generated by Animated Java via MC-Build. It is not recommended to edit this file directly.
$data merge entity $(bone_nose) {transformation: [-0.9454f,0.285f,0.1583f,-0.1232f,0.2696f,0.9565f,-0.1117f,4.239f,-0.1833f,-0.0629f,-0.981f,0.7336f,0f,0f,0f,1f],start_interpolation: 0,interpolation_duration: 1}
$data merge entity $(bone_glowing_eye) {transformation: [-0.9454f,0.285f,0.1583f,-0.2276f,0.2696f,0.9565f,-0.1117f,4.3414f,-0.1833f,-0.0629f,-0.981f,0.7407f,0f,0f,0f,1f],start_interpolation: 0,interpolation_duration: 1}
$data merge entity $(bone_head) {transformation: [-0.9454f,0.285f,0.1583f,-0.1287f,0.2696f,0.9565f,-0.1117f,4.1f,-0.1833f,-0.0629f,-0.981f,0.5577f,0f,0f,0f,1f],start_interpolation: 0,interpolation_duration: 1}
$data merge entity $(bone_leftthumb2) {transformation: [-0.4326f,0.8978f,0.0822f,0.1886f,0.0578f,0.1187f,-0.9912f,2.827f,-0.8997f,-0.4241f,-0.1033f,1.0578f,0f,0f,0f,1f],start_interpolation: 0,interpolation_duration: 1}
$data merge entity $(bone_leftthumb) {transformation: [-0.4326f,0.8978f,0.0822f,0.4159f,0.0578f,0.1187f,-0.9912f,2.7714f,-0.8997f,-0.4241f,-0.1033f,0.945f,0f,0f,0f,1f],start_interpolation: 0,interpolation_duration: 1}
$data merge entity $(bone_leftpointerfinger) {transformation: [-0.4326f,0.8978f,0.0822f,0.1724f,0.0578f,0.1187f,-0.9912f,2.6796f,-0.8997f,-0.4241f,-0.1033f,1.1777f,0f,0f,0f,1f],start_interpolation: 0,interpolation_duration: 1}
$data merge entity $(bone_leftmidfinger) {transformation: [-0.4326f,0.8978f,0.0822f,0.1853f,0.0578f,0.1187f,-0.9912f,2.5248f,-0.8997f,-0.4241f,-0.1033f,1.1615f,0f,0f,0f,1f],start_interpolation: 0,interpolation_duration: 1}
$data merge entity $(bone_leftringfinger) {transformation: [-0.4326f,0.8978f,0.0822f,0.1981f,0.0578f,0.1187f,-0.9912f,2.3699f,-0.8997f,-0.4241f,-0.1033f,1.1454f,0f,0f,0f,1f],start_interpolation: 0,interpolation_duration: 1}
$data merge entity $(bone_invisibility) {transformation: [0.9016f,-0.0037f,0.4326f,0.1869f,0.0318f,0.9978f,-0.0578f,2.7344f,-0.4314f,0.0659f,0.8997f,0.9658f,0f,0f,0f,1f],start_interpolation: 0,interpolation_duration: 1}
$data merge entity $(bone_swiftness) {transformation: [0.0822f,0.8978f,0.4326f,0.0583f,-0.9912f,0.1187f,-0.0578f,2.5355f,-0.1033f,-0.4241f,0.8997f,0.957f,0f,0f,0f,1f],start_interpolation: 0,interpolation_duration: 1}
$data merge entity $(bone_suspicious_stew) {transformation: [0.8485f,0.3049f,0.4326f,0.1603f,-0.3114f,0.9485f,-0.0578f,2.543f,-0.428f,-0.0856f,0.8997f,0.9663f,0f,0f,0f,1f],start_interpolation: 0,interpolation_duration: 1}
$data merge entity $(bone_log) {transformation: [-0.4326f,0.8978f,0.0822f,0.2358f,0.0578f,0.1187f,-0.9912f,2.5168f,-0.8997f,-0.4241f,-0.1033f,0.8241f,0f,0f,0f,1f],start_interpolation: 0,interpolation_duration: 1}
$data merge entity $(bone_planks) {transformation: [-0.4326f,0.8978f,0.0822f,0.1953f,0.0578f,0.1187f,-0.9912f,2.5222f,-0.8997f,-0.4241f,-0.1033f,0.7398f,0f,0f,0f,1f],start_interpolation: 0,interpolation_duration: 1}
$data merge entity $(bone_lefthand1) {transformation: [-0.4326f,0.8978f,0.0822f,0.5658f,0.0578f,0.1187f,-0.9912f,2.563f,-0.8997f,-0.4241f,-0.1033f,0.9463f,0f,0f,0f,1f],start_interpolation: 0,interpolation_duration: 1}
$data merge entity $(bone_leftforearm) {transformation: [-0.8752f,0.3962f,0.2775f,0.7909f,0.0747f,0.6774f,-0.7318f,3.0649f,-0.4779f,-0.6198f,-0.6224f,0.473f,0f,0f,0f,1f],start_interpolation: 0,interpolation_duration: 1}
$data merge entity $(bone_leftelbow) {transformation: [-0.8752f,0.3962f,0.2775f,0.8652f,0.0747f,0.6774f,-0.7318f,3.1919f,-0.4779f,-0.6198f,-0.6224f,0.3568f,0f,0f,0f,1f],start_interpolation: 0,interpolation_duration: 1}
$data merge entity $(bone_leftarm) {transformation: [-0.8651f,-0.3082f,0.3957f,0.5009f,-0.0331f,0.8222f,0.5682f,3.4657f,-0.5005f,0.4785f,-0.7215f,0.5152f,0f,0f,0f,1f],start_interpolation: 0,interpolation_duration: 1}
$data merge entity $(bone_rightthumb2) {transformation: [-0.0286f,-0.8301f,-0.5569f,-0.4808f,-0.0417f,0.5577f,-0.829f,2.8272f,0.9987f,-0.0005f,-0.0506f,0.8758f,0f,0f,0f,1f],start_interpolation: 0,interpolation_duration: 1}
$data merge entity $(bone_rightthumb) {transformation: [-0.0286f,-0.8301f,-0.5569f,-0.732f,-0.0417f,0.5577f,-0.829f,2.8932f,0.9987f,-0.0005f,-0.0506f,0.8713f,0f,0f,0f,1f],start_interpolation: 0,interpolation_duration: 1}
$data merge entity $(bone_rightpointerfinger) {transformation: [-0.0286f,-0.8301f,-0.5569f,-0.4888f,-0.0417f,0.5577f,-0.829f,2.6667f,0.9987f,-0.0005f,-0.0506f,0.9784f,0f,0f,0f,1f],start_interpolation: 0,interpolation_duration: 1}
$data merge entity $(bone_rightmidfinger) {transformation: [-0.0286f,-0.8301f,-0.5569f,-0.5759f,-0.0417f,0.5577f,-0.829f,2.5372f,0.9987f,-0.0005f,-0.0506f,0.9704f,0f,0f,0f,1f],start_interpolation: 0,interpolation_duration: 1}
$data merge entity $(bone_rightringfinger) {transformation: [-0.0286f,-0.8301f,-0.5569f,-0.6629f,-0.0417f,0.5577f,-0.829f,2.4077f,0.9987f,-0.0005f,-0.0506f,0.9625f,0f,0f,0f,1f],start_interpolation: 0,interpolation_duration: 1}
$data merge entity $(bone_hugeasssword) {transformation: [-0.1122f,-3.2511f,-2.1813f,-0.7282f,-0.1635f,2.1842f,-3.247f,2.6745f,3.9116f,-0.002f,-0.1982f,0.7059f,0f,0f,0f,1f],start_interpolation: 0,interpolation_duration: 1}
$data merge entity $(bone_ice) {transformation: [-0.0286f,-0.8301f,-0.5569f,-0.7147f,-0.0417f,0.5577f,-0.829f,2.6665f,0.9987f,-0.0005f,-0.0506f,0.6903f,0f,0f,0f,1f],start_interpolation: 0,interpolation_duration: 1}
$data merge entity $(bone_righthand1) {transformation: [-0.0286f,-0.8301f,-0.5569f,-0.9468f,-0.0417f,0.5577f,-0.829f,2.7695f,0.9987f,-0.0005f,-0.0506f,0.9382f,0f,0f,0f,1f],start_interpolation: 0,interpolation_duration: 1}
$data merge entity $(bone_rightforearm) {transformation: [-0.4373f,-0.4812f,-0.7598f,-1.2588f,0.0815f,0.8201f,-0.5663f,3.3461f,0.8956f,-0.3096f,-0.3194f,0.6745f,0f,0f,0f,1f],start_interpolation: 0,interpolation_duration: 1}
$data merge entity $(bone_rightelbow) {transformation: [-0.4373f,-0.4812f,-0.7598f,-1.349f,0.0815f,0.8201f,-0.5663f,3.4998f,0.8956f,-0.3096f,-0.3194f,0.6165f,0f,0f,0f,1f],start_interpolation: 0,interpolation_duration: 1}
$data merge entity $(bone_rightarm) {transformation: [-0.3984f,0.8159f,-0.419f,-0.913f,0.1602f,0.5117f,0.8441f,3.5812f,0.9031f,0.2691f,-0.3345f,0.5463f,0f,0f,0f,1f],start_interpolation: 0,interpolation_duration: 1}
$data merge entity $(bone_chest1) {transformation: [-1.0751f,0.124f,-0.0487f,-0.2302f,0.1124f,1.0569f,0.2095f,3.4625f,0.0715f,0.2028f,-1.0618f,0.4075f,0f,0f,0f,1f],start_interpolation: 0,interpolation_duration: 1}
$data merge entity $(bone_chest1lid) {transformation: [-0.9924f,0.1144f,-0.0449f,-0.6296f,0.1037f,0.9756f,0.1934f,2.7554f,0.066f,0.1872f,-0.9801f,0.6856f,0f,0f,0f,1f],start_interpolation: 0,interpolation_duration: 1}
$data merge entity $(bone_chest2) {transformation: [-0.9924f,0.1144f,-0.0449f,-0.6475f,0.1037f,0.9756f,0.1934f,2.603f,0.066f,0.1872f,-0.9801f,0.6564f,0f,0f,0f,1f],start_interpolation: 0,interpolation_duration: 1}
$data merge entity $(bone_chest1lid3) {transformation: [-0.9924f,0.1144f,-0.0449f,-0.5964f,0.1037f,0.9756f,0.1934f,2.8728f,0.066f,0.1872f,-0.9801f,0.0536f,0f,0f,0f,1f],start_interpolation: 0,interpolation_duration: 1}
$data merge entity $(bone_chest3) {transformation: [-0.9924f,0.1144f,-0.0449f,-0.6143f,0.1037f,0.9756f,0.1934f,2.7204f,0.066f,0.1872f,-0.9801f,0.0244f,0f,0f,0f,1f],start_interpolation: 0,interpolation_duration: 1}
$data merge entity $(bone_hugeasssword2) {transformation: [0.176f,3.1685f,-2.2956f,-1.332f,-0.7573f,2.282f,3.0918f,4.7735f,3.8387f,0.3049f,0.7152f,0.4464f,0f,0f,0f,1f],start_interpolation: 0,interpolation_duration: 1}
$data merge entity $(bone_belt) {transformation: [-0.9924f,0.1144f,-0.0449f,-0.2381f,0.1037f,0.9756f,0.1934f,3.0452f,0.066f,0.1872f,-0.9801f,0.4591f,0f,0f,0f,1f],start_interpolation: 0,interpolation_duration: 1}
$data merge entity $(bone_torn_part) {transformation: [-0.9696f,0.2417f,-0.0373f,-0.4066f,0.2043f,0.8844f,0.4197f,2.7892f,0.1344f,0.3994f,-0.9069f,0.4251f,0f,0f,0f,1f],start_interpolation: 0,interpolation_duration: 1}
$data merge entity $(bone_lowerbody) {transformation: [-0.9696f,0.2193f,-0.1082f,-0.4037f,0.2043f,0.9696f,0.1344f,2.2769f,0.1344f,0.1082f,-0.985f,0.4977f,0f,0f,0f,1f],start_interpolation: 0,interpolation_duration: 1}
$data merge entity $(bone_leftfoot) {transformation: [-0.847f,0.0872f,-0.5243f,-0.1145f,-0.0781f,0.9553f,0.2851f,0.2321f,0.5258f,0.2824f,-0.8024f,0.1142f,0f,0f,0f,1f],start_interpolation: 0,interpolation_duration: 1}
$data merge entity $(bone_leftlowerleg) {transformation: [-0.847f,0.0872f,-0.5243f,0.0628f,-0.0781f,0.9553f,0.2851f,1.2481f,0.5258f,0.2824f,-0.8024f,0.5508f,0f,0f,0f,1f],start_interpolation: 0,interpolation_duration: 1}
$data merge entity $(bone_leftleg) {transformation: [-0.901f,-0.229f,-0.3684f,-0.1965f,-0.1048f,0.9391f,-0.3273f,2.2331f,0.4209f,-0.2563f,-0.8701f,0.3089f,0f,0f,0f,1f],start_interpolation: 0,interpolation_duration: 1}
$data merge entity $(bone_rightfoot) {transformation: [-0.8392f,0.5239f,0.1458f,-1.6593f,0.5421f,0.8271f,0.1486f,0.5668f,-0.0427f,0.2038f,-0.9781f,0.3691f,0f,0f,0f,1f],start_interpolation: 0,interpolation_duration: 1}
$data merge entity $(bone_rightlowerleg) {transformation: [-0.8392f,0.5239f,0.1458f,-1.1005f,0.5421f,0.8271f,0.1486f,1.4615f,-0.0427f,0.2038f,-0.9781f,0.7454f,0f,0f,0f,1f],start_interpolation: 0,interpolation_duration: 1}
$data merge entity $(bone_rightleg) {transformation: [-0.8797f,0.3793f,-0.2868f,-0.6761f,0.4545f,0.8481f,-0.2723f,2.3436f,0.1399f,-0.3699f,-0.9185f,0.3688f,0f,0f,0f,1f],start_interpolation: 0,interpolation_duration: 1}
data modify entity @s data merge value {"cameras":{},"locators":{"lefthand":{"posx":0.20493587769060734,"posy":2.517607885909713,"posz":0.9432353020737382,"roty":38.529445997144336,"rotx":-82.41442253298717},"sword":{"posx":1.3579518920598763,"posy":5.723767460831707,"posz":0.9713342328424643,"roty":275.1930171079195,"rotx":-55.99719041796349},"righthand":{"posx":-0.6957575232003178,"posy":2.666792530053674,"posz":0.7846843995548977,"roty":275.1930171079195,"rotx":-55.99719041796349},"chest":{"posx":-0.6607834775382333,"posy":2.6675002542356028,"posz":0.8291334937757804,"roty":357.3744721788338,"rotx":11.149116584716639}}}