# This file was generated by Animated Java via MC-Build. It is not recommended to edit this file directly.
$data merge entity $(bone_nose) {transformation: [-0.9267f,0.2698f,0.2616f,0.27f,0.2737f,0.9616f,-0.0219f,4.2262f,-0.2575f,0.0513f,-0.9649f,0.6522f,0f,0f,0f,1f],start_interpolation: 0,interpolation_duration: 1}
$data merge entity $(bone_glowing_eye) {transformation: [-0.9267f,0.2698f,0.2616f,0.1633f,0.2737f,0.9616f,-0.0219f,4.3263f,-0.2575f,0.0513f,-0.9649f,0.6572f,0f,0f,0f,1f],start_interpolation: 0,interpolation_duration: 1}
$data merge entity $(bone_head) {transformation: [-0.9267f,0.2698f,0.2616f,0.2857f,0.2737f,0.9616f,-0.0219f,4.1033f,-0.2575f,0.0513f,-0.9649f,0.4652f,0f,0f,0f,1f],start_interpolation: 0,interpolation_duration: 1}
$data merge entity $(bone_leftthumb2) {transformation: [-0.5729f,0.7996f,0.1802f,0.4481f,-0.0057f,0.216f,-0.9764f,2.8371f,-0.8196f,-0.5604f,-0.1192f,0.8921f,0f,0f,0f,1f],start_interpolation: 0,interpolation_duration: 1}
$data merge entity $(bone_leftthumb) {transformation: [-0.5729f,0.7996f,0.1802f,0.6596f,-0.0057f,0.216f,-0.9764f,2.8066f,-0.8196f,-0.5604f,-0.1192f,0.7445f,0f,0f,0f,1f],start_interpolation: 0,interpolation_duration: 1}
$data merge entity $(bone_leftpointerfinger) {transformation: [-0.5729f,0.7996f,0.1802f,0.4683f,-0.0057f,0.216f,-0.9764f,2.6906f,-0.8196f,-0.5604f,-0.1192f,1.0124f,0f,0f,0f,1f],start_interpolation: 0,interpolation_duration: 1}
$data merge entity $(bone_leftmidfinger) {transformation: [-0.5729f,0.7996f,0.1802f,0.4965f,-0.0057f,0.216f,-0.9764f,2.538f,-0.8196f,-0.5604f,-0.1192f,0.9938f,0f,0f,0f,1f],start_interpolation: 0,interpolation_duration: 1}
$data merge entity $(bone_leftringfinger) {transformation: [-0.5729f,0.7996f,0.1802f,0.5247f,-0.0057f,0.216f,-0.9764f,2.3855f,-0.8196f,-0.5604f,-0.1192f,0.9752f,0f,0f,0f,1f],start_interpolation: 0,interpolation_duration: 1}
$data merge entity $(bone_invisibility) {transformation: [0.8122f,-0.1099f,0.5729f,0.4428f,0.1301f,0.9915f,0.0057f,2.7436f,-0.5686f,0.0699f,0.8196f,0.8012f,0f,0f,0f,1f],start_interpolation: 0,interpolation_duration: 1}
$data merge entity $(bone_swiftness) {transformation: [0.1802f,0.7996f,0.5729f,0.3384f,-0.9764f,0.216f,0.0057f,2.531f,-0.1192f,-0.5604f,0.8196f,0.812f,0f,0f,0f,1f],start_interpolation: 0,interpolation_duration: 1}
$data merge entity $(bone_suspicious_stew) {transformation: [0.8008f,0.1746f,0.5729f,0.4391f,-0.2168f,0.9762f,0.0057f,2.5504f,-0.5582f,-0.1288f,0.8196f,0.8051f,0f,0f,0f,1f],start_interpolation: 0,interpolation_duration: 1}
$data merge entity $(bone_log) {transformation: [-0.5729f,0.7996f,0.1802f,0.4938f,-0.0057f,0.216f,-0.9764f,2.5312f,-0.8196f,-0.5604f,-0.1192f,0.6526f,0f,0f,0f,1f],start_interpolation: 0,interpolation_duration: 1}
$data merge entity $(bone_planks) {transformation: [-0.5729f,0.7996f,0.1802f,0.4401f,-0.0057f,0.216f,-0.9764f,2.5306f,-0.8196f,-0.5604f,-0.1192f,0.5758f,0f,0f,0f,1f],start_interpolation: 0,interpolation_duration: 1}
$data merge entity $(bone_lefthand1) {transformation: [-0.5729f,0.7996f,0.1802f,0.8312f,-0.0057f,0.216f,-0.9764f,2.6171f,-0.8196f,-0.5604f,-0.1192f,0.7212f,0f,0f,0f,1f],start_interpolation: 0,interpolation_duration: 1}
$data merge entity $(bone_leftforearm) {transformation: [-0.8127f,0.5322f,0.2373f,1.152f,0.1677f,0.6037f,-0.7794f,3.0714f,-0.558f,-0.5936f,-0.5799f,0.2629f,0f,0f,0f,1f],start_interpolation: 0,interpolation_duration: 1}
$data merge entity $(bone_leftelbow) {transformation: [-0.8127f,0.5322f,0.2373f,1.2518f,0.1677f,0.6037f,-0.7794f,3.1846f,-0.558f,-0.5936f,-0.5799f,0.1516f,0f,0f,0f,1f],start_interpolation: 0,interpolation_duration: 1}
$data merge entity $(bone_leftarm) {transformation: [-0.8082f,-0.3433f,0.4785f,0.8699f,0.0649f,0.7557f,0.6517f,3.4319f,-0.5853f,0.5578f,-0.5885f,0.3184f,0f,0f,0f,1f],start_interpolation: 0,interpolation_duration: 1}
$data merge entity $(bone_rightthumb2) {transformation: [0.1266f,-0.8871f,-0.444f,-0.1112f,-0.0243f,0.4446f,-0.8954f,2.8338f,0.9916f,0.1242f,0.0347f,0.8257f,0f,0f,0f,1f],start_interpolation: 0,interpolation_duration: 1}
$data merge entity $(bone_rightthumb) {transformation: [0.1266f,-0.8871f,-0.444f,-0.3667f,-0.0243f,0.4446f,-0.8954f,2.8664f,0.9916f,0.1242f,0.0347f,0.8591f,0f,0f,0f,1f],start_interpolation: 0,interpolation_duration: 1}
$data merge entity $(bone_rightpointerfinger) {transformation: [0.1266f,-0.8871f,-0.444f,-0.0826f,-0.0243f,0.4446f,-0.8954f,2.6758f,0.9916f,0.1242f,0.0347f,0.9285f,0f,0f,0f,1f],start_interpolation: 0,interpolation_duration: 1}
$data merge entity $(bone_rightmidfinger) {transformation: [0.1266f,-0.8871f,-0.444f,-0.1519f,-0.0243f,0.4446f,-0.8954f,2.5359f,0.9916f,0.1242f,0.0347f,0.9339f,0f,0f,0f,1f],start_interpolation: 0,interpolation_duration: 1}
$data merge entity $(bone_rightringfinger) {transformation: [0.1266f,-0.8871f,-0.444f,-0.2213f,-0.0243f,0.4446f,-0.8954f,2.396f,0.9916f,0.1242f,0.0347f,0.9393f,0f,0f,0f,1f],start_interpolation: 0,interpolation_duration: 1}
$data merge entity $(bone_hugeasssword) {transformation: [0.496f,-3.4743f,-1.7388f,-0.3588f,-0.0953f,1.7415f,-3.5069f,2.6467f,3.884f,0.4865f,0.136f,0.6952f,0f,0f,0f,1f],start_interpolation: 0,interpolation_duration: 1}
$data merge entity $(bone_ice) {transformation: [0.1266f,-0.8871f,-0.444f,-0.3469f,-0.0243f,0.4446f,-0.8954f,2.6401f,0.9916f,0.1242f,0.0347f,0.6777f,0f,0f,0f,1f],start_interpolation: 0,interpolation_duration: 1}
$data merge entity $(bone_righthand1) {transformation: [0.1266f,-0.8871f,-0.444f,-0.5509f,-0.0243f,0.4446f,-0.8954f,2.7172f,0.9916f,0.1242f,0.0347f,0.9578f,0f,0f,0f,1f],start_interpolation: 0,interpolation_duration: 1}
$data merge entity $(bone_rightforearm) {transformation: [-0.3408f,-0.3941f,-0.8535f,-0.8154f,0.0644f,0.896f,-0.4394f,3.3451f,0.9379f,-0.2047f,-0.28f,0.7636f,0f,0f,0f,1f],start_interpolation: 0,interpolation_duration: 1}
$data merge entity $(bone_rightelbow) {transformation: [-0.3408f,-0.3941f,-0.8535f,-0.8893f,0.0644f,0.896f,-0.4394f,3.5131f,0.9379f,-0.2047f,-0.28f,0.7252f,0f,0f,0f,1f],start_interpolation: 0,interpolation_duration: 1}
$data merge entity $(bone_rightarm) {transformation: [-0.3006f,0.745f,-0.5955f,-0.4934f,0.1543f,0.6541f,0.7405f,3.6878f,0.9412f,0.1307f,-0.3116f,0.5859f,0f,0f,0f,1f],start_interpolation: 0,interpolation_duration: 1}
$data merge entity $(bone_chest1) {transformation: [-1.038f,0.2186f,-0.22f,0.142f,0.1698f,1.0436f,0.2359f,3.4776f,0.2596f,0.1916f,-1.0342f,0.3022f,0f,0f,0f,1f],start_interpolation: 0,interpolation_duration: 1}
$data merge entity $(bone_chest1lid) {transformation: [-0.9581f,0.2018f,-0.2031f,-0.2435f,0.1567f,0.9633f,0.2178f,2.7875f,0.2396f,0.1768f,-0.9546f,0.6367f,0f,0f,0f,1f],start_interpolation: 0,interpolation_duration: 1}
$data merge entity $(bone_chest2) {transformation: [-0.9581f,0.2018f,-0.2031f,-0.2751f,0.1567f,0.9633f,0.2178f,2.637f,0.2396f,0.1768f,-0.9546f,0.6091f,0f,0f,0f,1f],start_interpolation: 0,interpolation_duration: 1}
$data merge entity $(bone_chest1lid3) {transformation: [-0.9581f,0.2018f,-0.2031f,-0.3138f,0.1567f,0.9633f,0.2178f,2.9173f,0.2396f,0.1768f,-0.9546f,0.0102f,0f,0f,0f,1f],start_interpolation: 0,interpolation_duration: 1}
$data merge entity $(bone_chest3) {transformation: [-0.9581f,0.2018f,-0.2031f,-0.3453f,0.1567f,0.9633f,0.2178f,2.7667f,0.2396f,0.1768f,-0.9546f,-0.0175f,0f,0f,0f,1f],start_interpolation: 0,interpolation_duration: 1}
$data merge entity $(bone_hugeasssword2) {transformation: [0.7955f,3.3007f,-1.9526f,-0.8581f,-0.853f,2.0965f,3.1965f,4.8462f,3.739f,-0.224f,1.1447f,0.5497f,0f,0f,0f,1f],start_interpolation: 0,interpolation_duration: 1}
$data merge entity $(bone_belt) {transformation: [-0.9581f,0.2018f,-0.2031f,0.1189f,0.1567f,0.9633f,0.2178f,3.0604f,0.2396f,0.1768f,-0.9546f,0.349f,0f,0f,0f,1f],start_interpolation: 0,interpolation_duration: 1}
$data merge entity $(bone_torn_part) {transformation: [-0.9517f,0.2371f,-0.1951f,-0.0546f,0.1315f,0.8888f,0.439f,2.7998f,0.2775f,0.3921f,-0.8771f,0.3352f,0f,0f,0f,1f],start_interpolation: 0,interpolation_duration: 1}
$data merge entity $(bone_lowerbody) {transformation: [-0.9517f,0.1675f,-0.2574f,-0.0072f,0.1315f,0.9797f,0.1514f,2.2873f,0.2775f,0.1103f,-0.9544f,0.3885f,0f,0f,0f,1f],start_interpolation: 0,interpolation_duration: 1}
$data merge entity $(bone_leftfoot) {transformation: [-0.7884f,-0.0373f,-0.6141f,0.6657f,-0.2252f,0.9464f,0.2317f,0.3896f,0.5725f,0.321f,-0.7545f,-0.0019f,0f,0f,0f,1f],start_interpolation: 0,interpolation_duration: 1}
$data merge entity $(bone_leftlowerleg) {transformation: [-0.7884f,-0.0373f,-0.6141f,0.7187f,-0.2252f,0.9464f,0.2317f,1.4039f,0.5725f,0.321f,-0.7545f,0.4701f,0f,0f,0f,1f],start_interpolation: 0,interpolation_duration: 1}
$data merge entity $(bone_leftleg) {transformation: [-0.7989f,-0.4942f,-0.3429f,0.1827f,-0.2843f,0.8126f,-0.5088f,2.2492f,0.5301f,-0.309f,-0.7896f,0.174f,0f,0f,0f,1f],start_interpolation: 0,interpolation_duration: 1}
$data merge entity $(bone_rightfoot) {transformation: [-0.9526f,0.3032f,0.0249f,-0.9197f,0.3042f,0.9504f,0.0644f,0.3221f,-0.0041f,0.0689f,-0.9976f,0.3412f,0f,0f,0f,1f],start_interpolation: 0,interpolation_duration: 1}
$data merge entity $(bone_rightlowerleg) {transformation: [-0.9526f,0.3032f,0.0249f,-0.5871f,0.3042f,0.9504f,0.0644f,1.3666f,-0.0041f,0.0689f,-0.9976f,0.571f,0f,0f,0f,1f],start_interpolation: 0,interpolation_duration: 1}
$data merge entity $(bone_rightleg) {transformation: [-0.9593f,0.2635f,-0.1017f,-0.2785f,0.2814f,0.9233f,-0.2615f,2.3358f,0.025f,-0.2794f,-0.9598f,0.2971f,0f,0f,0f,1f],start_interpolation: 0,interpolation_duration: 1}
data modify entity @s data merge value {"cameras":{},"locators":{"lefthand":{"posx":0.48218060174175437,"posy":2.530063305217181,"posz":0.7751178903403978,"roty":56.5174592427922,"rotx":-77.5193627506404},"sword":{"posx":1.3228187291974736,"posy":5.946598587555083,"posz":0.6401988788325357,"roty":265.5283477594841,"rotx":-63.55664704902972},"righthand":{"posx":-0.31427372248603097,"posy":2.644903017355879,"posz":0.7682258930438103,"roty":265.5283477594841,"rotx":-63.55664704902972},"chest":{"posx":-0.2543524073363536,"posy":2.698195851531153,"posz":0.7823061095895154,"roty":347.98828359128925,"rotx":12.57882212974096}}}