# This file was generated by Animated Java via MC-Build. It is not recommended to edit this file directly.
$data merge entity $(bone_nose) {transformation: [-0.9849f,0.135f,-0.1086f,-0.0344f,0.0774f,0.9037f,0.4212f,4.0928f,0.155f,0.4064f,-0.9004f,0.3678f,0f,0f,0f,1f],start_interpolation: 0,interpolation_duration: 1}
$data merge entity $(bone_glowing_eye) {transformation: [-0.9849f,0.135f,-0.1086f,-0.1446f,0.0774f,0.9037f,0.4212f,4.149f,0.155f,0.4064f,-0.9004f,0.4462f,0f,0f,0f,1f],start_interpolation: 0,interpolation_duration: 1}
$data merge entity $(bone_head) {transformation: [-0.9849f,0.135f,-0.1086f,-0.0714f,0.0774f,0.9037f,0.4212f,4.0601f,0.155f,0.4064f,-0.9004f,0.149f,0f,0f,0f,1f],start_interpolation: 0,interpolation_duration: 1}
$data merge entity $(bone_leftthumb2) {transformation: [-0.2529f,0.7896f,0.5591f,0.0257f,-0.7977f,-0.4972f,0.3414f,3.6507f,0.5475f,-0.3597f,0.7555f,1.0663f,0f,0f,0f,1f],start_interpolation: 0,interpolation_duration: 1}
$data merge entity $(bone_leftthumb) {transformation: [-0.2529f,0.7896f,0.5591f,0.2671f,-0.7977f,-0.4972f,0.3414f,3.5579f,0.5475f,-0.3597f,0.7555f,1.0426f,0f,0f,0f,1f],start_interpolation: 0,interpolation_duration: 1}
$data merge entity $(bone_leftpointerfinger) {transformation: [-0.2529f,0.7896f,0.5591f,0.0619f,-0.7977f,-0.4972f,0.3414f,3.8243f,0.5475f,-0.3597f,0.7555f,1.1362f,0f,0f,0f,1f],start_interpolation: 0,interpolation_duration: 1}
$data merge entity $(bone_leftmidfinger) {transformation: [-0.2529f,0.7896f,0.5591f,0.1493f,-0.7977f,-0.4972f,0.3414f,3.8777f,0.5475f,-0.3597f,0.7555f,1.2542f,0f,0f,0f,1f],start_interpolation: 0,interpolation_duration: 1}
$data merge entity $(bone_leftringfinger) {transformation: [-0.2529f,0.7896f,0.5591f,0.2366f,-0.7977f,-0.4972f,0.3414f,3.931f,0.5475f,-0.3597f,0.7555f,1.3723f,0f,0f,0f,1f],start_interpolation: 0,interpolation_duration: 1}
$data merge entity $(bone_invisibility) {transformation: [0.8353f,-0.4882f,0.2529f,0.0834f,-0.4655f,-0.3834f,0.7977f,3.6097f,-0.2925f,-0.784f,-0.5475f,1.1759f,0f,0f,0f,1f],start_interpolation: 0,interpolation_duration: 1}
$data merge entity $(bone_swiftness) {transformation: [0.5591f,0.7896f,0.2529f,0.0681f,0.3414f,-0.4972f,0.7977f,3.6995f,0.7555f,-0.3597f,-0.5475f,1.3948f,0f,0f,0f,1f],start_interpolation: 0,interpolation_duration: 1}
$data merge entity $(bone_suspicious_stew) {transformation: [0.9519f,-0.1731f,0.2529f,0.1512f,-0.3063f,-0.5195f,0.7977f,3.697f,-0.0067f,-0.8368f,-0.5475f,1.3344f,0f,0f,0f,1f],start_interpolation: 0,interpolation_duration: 1}
$data merge entity $(bone_log) {transformation: [-0.2529f,0.7896f,0.5591f,0.2524f,-0.7977f,-0.4972f,0.3414f,3.5761f,0.5475f,-0.3597f,0.7555f,1.3762f,0f,0f,0f,1f],start_interpolation: 0,interpolation_duration: 1}
$data merge entity $(bone_planks) {transformation: [-0.2529f,0.7896f,0.5591f,0.2287f,-0.7977f,-0.4972f,0.3414f,3.5013f,0.5475f,-0.3597f,0.7555f,1.4275f,0f,0f,0f,1f],start_interpolation: 0,interpolation_duration: 1}
$data merge entity $(bone_lefthand1) {transformation: [-0.2529f,0.7896f,0.5591f,0.4956f,-0.7977f,-0.4972f,0.3414f,3.6405f,0.5475f,-0.3597f,0.7555f,1.1258f,0f,0f,0f,1f],start_interpolation: 0,interpolation_duration: 1}
$data merge entity $(bone_leftforearm) {transformation: [-0.8444f,0.5095f,0.1655f,0.7856f,-0.3483f,-0.2876f,-0.8922f,3.3915f,-0.4069f,-0.811f,0.4203f,0.5124f,0f,0f,0f,1f],start_interpolation: 0,interpolation_duration: 1}
$data merge entity $(bone_leftelbow) {transformation: [-0.8444f,0.5095f,0.1655f,0.8811f,-0.3483f,-0.2876f,-0.8922f,3.3375f,-0.4069f,-0.811f,0.4203f,0.3603f,0f,0f,0f,1f],start_interpolation: 0,interpolation_duration: 1}
$data merge entity $(bone_leftarm) {transformation: [-0.8553f,-0.1208f,0.5039f,0.5903f,-0.4122f,0.7478f,-0.5204f,3.6024f,-0.3139f,-0.6529f,-0.6894f,0.0825f,0f,0f,0f,1f],start_interpolation: 0,interpolation_duration: 1}
$data merge entity $(bone_rightthumb2) {transformation: [-0.7311f,-0.0783f,0.6778f,-0.2544f,-0.439f,-0.7065f,-0.5551f,4.1421f,0.5223f,-0.7034f,0.4822f,0.9885f,0f,0f,0f,1f],start_interpolation: 0,interpolation_duration: 1}
$data merge entity $(bone_rightthumb) {transformation: [-0.7311f,-0.0783f,0.6778f,-0.2157f,-0.439f,-0.7065f,-0.5551f,3.9214f,0.5223f,-0.7034f,0.4822f,0.8572f,0f,0f,0f,1f],start_interpolation: 0,interpolation_duration: 1}
$data merge entity $(bone_rightpointerfinger) {transformation: [-0.7311f,-0.0783f,0.6778f,-0.2382f,-0.439f,-0.7065f,-0.5551f,4.0792f,0.5223f,-0.7034f,0.4822f,1.1678f,0f,0f,0f,1f],start_interpolation: 0,interpolation_duration: 1}
$data merge entity $(bone_rightmidfinger) {transformation: [-0.7311f,-0.0783f,0.6778f,-0.1323f,-0.439f,-0.7065f,-0.5551f,3.9924f,0.5223f,-0.7034f,0.4822f,1.2431f,0f,0f,0f,1f],start_interpolation: 0,interpolation_duration: 1}
$data merge entity $(bone_rightringfinger) {transformation: [-0.7311f,-0.0783f,0.6778f,-0.0264f,-0.439f,-0.7065f,-0.5551f,3.9057f,0.5223f,-0.7034f,0.4822f,1.3184f,0f,0f,0f,1f],start_interpolation: 0,interpolation_duration: 1}
$data merge entity $(bone_hugeasssword) {transformation: [-2.8635f,-0.3065f,2.6545f,0.0354f,-1.7194f,-2.767f,-2.1743f,3.9742f,2.0455f,-2.755f,1.8884f,0.954f,0f,0f,0f,1f],start_interpolation: 0,interpolation_duration: 1}
$data merge entity $(bone_ice) {transformation: [-0.7311f,-0.0783f,0.6778f,0.0481f,-0.439f,-0.7065f,-0.5551f,3.9921f,0.5223f,-0.7034f,0.4822f,0.9568f,0f,0f,0f,1f],start_interpolation: 0,interpolation_duration: 1}
$data merge entity $(bone_righthand1) {transformation: [-0.7311f,-0.0783f,0.6778f,-0.1331f,-0.439f,-0.7065f,-0.5551f,3.6884f,0.5223f,-0.7034f,0.4822f,0.9266f,0f,0f,0f,1f],start_interpolation: 0,interpolation_duration: 1}
$data merge entity $(bone_rightforearm) {transformation: [-0.5612f,-0.7766f,0.2864f,-0.6359f,0.244f,-0.4858f,-0.8393f,3.326f,0.7909f,-0.4011f,0.4621f,0.5756f,0f,0f,0f,1f],start_interpolation: 0,interpolation_duration: 1}
$data merge entity $(bone_rightelbow) {transformation: [-0.5612f,-0.7766f,0.2864f,-0.7815f,0.244f,-0.4858f,-0.8393f,3.2349f,0.7909f,-0.4011f,0.4621f,0.5004f,0f,0f,0f,1f],start_interpolation: 0,interpolation_duration: 1}
$data merge entity $(bone_rightarm) {transformation: [-0.6245f,-0.3517f,-0.6974f,-0.7269f,0.2794f,0.7332f,-0.62f,3.4999f,0.7294f,-0.582f,-0.3596f,0.1391f,0f,0f,0f,1f],start_interpolation: 0,interpolation_duration: 1}
$data merge entity $(bone_chest1) {transformation: [-1.0773f,-0.059f,-0.0982f,-0.0815f,-0.0791f,1.0549f,0.2336f,3.4592f,0.0829f,0.2395f,-1.0533f,-0.1084f,0f,0f,0f,1f],start_interpolation: 0,interpolation_duration: 1}
$data merge entity $(bone_chest1lid) {transformation: [-0.9944f,-0.0545f,-0.0907f,-0.3483f,-0.073f,0.9737f,0.2157f,2.6844f,0.0766f,0.2211f,-0.9722f,0.1472f,0f,0f,0f,1f],start_interpolation: 0,interpolation_duration: 1}
$data merge entity $(bone_chest2) {transformation: [-0.9944f,-0.0545f,-0.0907f,-0.3398f,-0.073f,0.9737f,0.2157f,2.5322f,0.0766f,0.2211f,-0.9722f,0.1126f,0f,0f,0f,1f],start_interpolation: 0,interpolation_duration: 1}
$data merge entity $(bone_chest1lid3) {transformation: [-0.9944f,-0.0545f,-0.0907f,-0.3442f,-0.073f,0.9737f,0.2157f,2.8271f,0.0766f,0.2211f,-0.9722f,-0.4805f,0f,0f,0f,1f],start_interpolation: 0,interpolation_duration: 1}
$data merge entity $(bone_chest3) {transformation: [-0.9944f,-0.0545f,-0.0907f,-0.3357f,-0.073f,0.9737f,0.2157f,2.6749f,0.0766f,0.2211f,-0.9722f,-0.515f,0f,0f,0f,1f],start_interpolation: 0,interpolation_duration: 1}
$data merge entity $(bone_hugeasssword2) {transformation: [0.3552f,2.7274f,-2.7885f,-1.3938f,-0.8447f,2.7873f,2.6187f,4.5562f,3.808f,0.3639f,0.841f,-0.0151f,0f,0f,0f,1f],start_interpolation: 0,interpolation_duration: 1}
$data merge entity $(bone_belt) {transformation: [-0.9944f,-0.0545f,-0.0907f,-0.0161f,-0.073f,0.9737f,0.2157f,3.0454f,0.0766f,0.2211f,-0.9722f,-0.0716f,0f,0f,0f,1f],start_interpolation: 0,interpolation_duration: 1}
$data merge entity $(bone_torn_part) {transformation: [-0.9956f,-0.0294f,-0.0889f,-0.1235f,-0.0575f,0.9414f,0.3324f,2.7535f,0.0739f,0.3361f,-0.9389f,-0.1077f,0f,0f,0f,1f],start_interpolation: 0,interpolation_duration: 1}
$data merge entity $(bone_lowerbody) {transformation: [-0.9956f,-0.0548f,-0.0759f,0.0112f,-0.0575f,0.9978f,0.034f,2.2672f,0.0739f,0.0382f,-0.9965f,0.0066f,0f,0f,0f,1f],start_interpolation: 0,interpolation_duration: 1}
$data merge entity $(bone_leftfoot) {transformation: [-0.9413f,-0.118f,-0.3163f,0.7983f,-0.2269f,0.9148f,0.334f,0.5302f,0.25f,0.3862f,-0.8879f,-0.2041f,0f,0f,0f,1f],start_interpolation: 0,interpolation_duration: 1}
$data merge entity $(bone_leftlowerleg) {transformation: [-0.9413f,-0.118f,-0.3163f,0.716f,-0.2269f,0.9148f,0.334f,1.4938f,0.25f,0.3862f,-0.8879f,0.3607f,0f,0f,0f,1f],start_interpolation: 0,interpolation_duration: 1}
$data merge entity $(bone_leftleg) {transformation: [-0.9062f,-0.4215f,-0.0337f,0.2472f,-0.3239f,0.7431f,-0.5855f,2.2604f,0.2718f,-0.5197f,-0.81f,-0.165f,0f,0f,0f,1f],start_interpolation: 0,interpolation_duration: 1}
$data merge entity $(bone_rightfoot) {transformation: [-0.9968f,-0.0802f,-0.006f,0.0619f,-0.0794f,0.9695f,0.2318f,0.2243f,-0.0128f,0.2316f,-0.9727f,-0.2871f,0f,0f,0f,1f],start_interpolation: 0,interpolation_duration: 1}
$data merge entity $(bone_rightlowerleg) {transformation: [-0.9968f,-0.0802f,-0.006f,-0.0261f,-0.0794f,0.9695f,0.2318f,1.2642f,-0.0128f,0.2316f,-0.9727f,0.1192f,0f,0f,0f,1f],start_interpolation: 0,interpolation_duration: 1}
$data merge entity $(bone_rightleg) {transformation: [-0.9657f,-0.244f,-0.0889f,-0.2566f,-0.2093f,0.9339f,-0.29f,2.2555f,0.1537f,-0.2614f,-0.9529f,-0.1422f,0f,0f,0f,1f],start_interpolation: 0,interpolation_duration: 1}
data modify entity @s data merge value {"cameras":{},"locators":{"lefthand":{"posx":0.2056977604947519,"posy":3.6843782866791535,"posz":1.3411724960021778,"roty":143.49699083612867,"rotx":19.96003699193045},"sword":{"posx":-2.5290721448691613,"posy":6.017719133700721,"posz":-0.7687404768067566,"roty":125.42816273774494,"rotx":-33.719891362698704},"righthand":{"posx":-0.029850727045103193,"posy":3.97066537267835,"posz":1.0092132498615354,"roty":125.42816273774494,"rotx":-33.719891362698704},"chest":{"posx":-0.36179937523994765,"posy":2.5875339235036945,"posz":0.2876445102514542,"roty":354.67117191195774,"rotx":12.454209272980318}}}