# This file was generated by Animated Java via MC-Build. It is not recommended to edit this file directly.
$data merge entity $(bone_nose) {transformation: [-0.9002f,0.1009f,0.4236f,0.4216f,0.1255f,0.9916f,0.0304f,4.2289f,-0.417f,0.0805f,-0.9053f,0.5478f,0f,0f,0f,1f],start_interpolation: 0,interpolation_duration: 1}
$data merge entity $(bone_glowing_eye) {transformation: [-0.9002f,0.1009f,0.4236f,0.3011f,0.1255f,0.9916f,0.0304f,4.3107f,-0.417f,0.0805f,-0.9053f,0.5327f,0f,0f,0f,1f],start_interpolation: 0,interpolation_duration: 1}
$data merge entity $(bone_head) {transformation: [-0.9002f,0.1009f,0.4236f,0.4884f,0.1255f,0.9916f,0.0304f,4.1121f,-0.417f,0.0805f,-0.9053f,0.3683f,0f,0f,0f,1f],start_interpolation: 0,interpolation_duration: 1}
$data merge entity $(bone_leftthumb2) {transformation: [-0.5736f,0.7903f,0.2154f,0.7937f,-0.0879f,0.2021f,-0.9754f,2.8287f,-0.8144f,-0.5784f,-0.0464f,0.8018f,0f,0f,0f,1f],start_interpolation: 0,interpolation_duration: 1}
$data merge entity $(bone_leftthumb) {transformation: [-0.5736f,0.7903f,0.2154f,1.006f,-0.0879f,0.2021f,-0.9754f,2.7949f,-0.8144f,-0.5784f,-0.0464f,0.6559f,0f,0f,0f,1f],start_interpolation: 0,interpolation_duration: 1}
$data merge entity $(bone_leftpointerfinger) {transformation: [-0.5736f,0.7903f,0.2154f,0.8195f,-0.0879f,0.2021f,-0.9754f,2.6925f,-0.8144f,-0.5784f,-0.0464f,0.9326f,0f,0f,0f,1f],start_interpolation: 0,interpolation_duration: 1}
$data merge entity $(bone_leftmidfinger) {transformation: [-0.5736f,0.7903f,0.2154f,0.8531f,-0.0879f,0.2021f,-0.9754f,2.5401f,-0.8144f,-0.5784f,-0.0464f,0.9254f,0f,0f,0f,1f],start_interpolation: 0,interpolation_duration: 1}
$data merge entity $(bone_leftringfinger) {transformation: [-0.5736f,0.7903f,0.2154f,0.8868f,-0.0879f,0.2021f,-0.9754f,2.3877f,-0.8144f,-0.5784f,-0.0464f,0.9181f,0f,0f,0f,1f],start_interpolation: 0,interpolation_duration: 1}
$data merge entity $(bone_invisibility) {transformation: [0.8061f,-0.1457f,0.5736f,0.7916f,0.1163f,0.9893f,0.0879f,2.7286f,-0.5803f,-0.0041f,0.8144f,0.7181f,0f,0f,0f,1f],start_interpolation: 0,interpolation_duration: 1}
$data merge entity $(bone_swiftness) {transformation: [0.2154f,0.7903f,0.5736f,0.6951f,-0.9754f,0.2021f,0.0879f,2.5138f,-0.0464f,-0.5784f,0.8144f,0.7453f,0f,0f,0f,1f],start_interpolation: 0,interpolation_duration: 1}
$data merge entity $(bone_suspicious_stew) {transformation: [0.8073f,0.1388f,0.5736f,0.795f,-0.2291f,0.9694f,0.0879f,2.5363f,-0.5438f,-0.2023f,0.8144f,0.7365f,0f,0f,0f,1f],start_interpolation: 0,interpolation_duration: 1}
$data merge entity $(bone_log) {transformation: [-0.5736f,0.7903f,0.2154f,0.8501f,-0.0879f,0.2021f,-0.9754f,2.5076f,-0.8144f,-0.5784f,-0.0464f,0.5857f,0f,0f,0f,1f],start_interpolation: 0,interpolation_duration: 1}
$data merge entity $(bone_planks) {transformation: [-0.5736f,0.7903f,0.2154f,0.7963f,-0.0879f,0.2021f,-0.9754f,2.4993f,-0.8144f,-0.5784f,-0.0464f,0.5093f,0f,0f,0f,1f],start_interpolation: 0,interpolation_duration: 1}
$data merge entity $(bone_lefthand1) {transformation: [-0.5736f,0.7903f,0.2154f,1.1843f,-0.0879f,0.2021f,-0.9754f,2.6105f,-0.8144f,-0.5784f,-0.0464f,0.6462f,0f,0f,0f,1f],start_interpolation: 0,interpolation_duration: 1}
$data merge entity $(bone_leftforearm) {transformation: [-0.8194f,0.4556f,0.3478f,1.4516f,0.103f,0.7139f,-0.6926f,3.1401f,-0.5639f,-0.5317f,-0.632f,0.2283f,0f,0f,0f,1f],start_interpolation: 0,interpolation_duration: 1}
$data merge entity $(bone_leftelbow) {transformation: [-0.8194f,0.4556f,0.3478f,1.537f,0.103f,0.7139f,-0.6926f,3.274f,-0.5639f,-0.5317f,-0.632f,0.1286f,0f,0f,0f,1f],start_interpolation: 0,interpolation_duration: 1}
$data merge entity $(bone_leftarm) {transformation: [-0.8054f,-0.3779f,0.4566f,1.1505f,-0.0026f,0.7727f,0.6348f,3.5247f,-0.5927f,0.5101f,-0.6233f,0.2698f,0f,0f,0f,1f],start_interpolation: 0,interpolation_duration: 1}
$data merge entity $(bone_rightthumb2) {transformation: [0.1413f,-0.8981f,-0.4164f,0.2376f,0.0497f,0.4265f,-0.9031f,2.8518f,0.9887f,0.107f,0.1049f,0.7287f,0f,0f,0f,1f],start_interpolation: 0,interpolation_duration: 1}
$data merge entity $(bone_rightthumb) {transformation: [0.1413f,-0.8981f,-0.4164f,-0.0183f,0.0497f,0.4265f,-0.9031f,2.8792f,0.9887f,0.107f,0.1049f,0.7639f,0f,0f,0f,1f],start_interpolation: 0,interpolation_duration: 1}
$data merge entity $(bone_rightpointerfinger) {transformation: [0.1413f,-0.8981f,-0.4164f,0.2724f,0.0497f,0.4265f,-0.9031f,2.7024f,0.9887f,0.107f,0.1049f,0.8419f,0f,0f,0f,1f],start_interpolation: 0,interpolation_duration: 1}
$data merge entity $(bone_rightmidfinger) {transformation: [0.1413f,-0.8981f,-0.4164f,0.2073f,0.0497f,0.4265f,-0.9031f,2.5613f,0.9887f,0.107f,0.1049f,0.8583f,0f,0f,0f,1f],start_interpolation: 0,interpolation_duration: 1}
$data merge entity $(bone_rightringfinger) {transformation: [0.1413f,-0.8981f,-0.4164f,0.1423f,0.0497f,0.4265f,-0.9031f,2.4201f,0.9887f,0.107f,0.1049f,0.8746f,0f,0f,0f,1f],start_interpolation: 0,interpolation_duration: 1}
$data merge entity $(bone_hugeasssword) {transformation: [0.5536f,-3.5177f,-1.6308f,-0.0062f,0.1945f,1.6704f,-3.5372f,2.6488f,3.8725f,0.419f,0.4108f,0.6157f,0f,0f,0f,1f],start_interpolation: 0,interpolation_duration: 1}
$data merge entity $(bone_ice) {transformation: [0.1413f,-0.8981f,-0.4164f,0.0057f,0.0497f,0.4265f,-0.9031f,2.6414f,0.9887f,0.107f,0.1049f,0.5986f,0f,0f,0f,1f],start_interpolation: 0,interpolation_duration: 1}
$data merge entity $(bone_righthand1) {transformation: [0.1413f,-0.8981f,-0.4164f,-0.1965f,0.0497f,0.4265f,-0.9031f,2.7322f,0.9887f,0.107f,0.1049f,0.8758f,0f,0f,0f,1f],start_interpolation: 0,interpolation_duration: 1}
$data merge entity $(bone_rightforearm) {transformation: [-0.3782f,-0.5321f,-0.7575f,-0.5511f,0.0941f,0.792f,-0.6033f,3.2871f,0.9209f,-0.2994f,-0.2495f,0.6171f,0f,0f,0f,1f],start_interpolation: 0,interpolation_duration: 1}
$data merge entity $(bone_rightelbow) {transformation: [-0.3782f,-0.5321f,-0.7575f,-0.6509f,0.0941f,0.792f,-0.6033f,3.4356f,0.9209f,-0.2994f,-0.2495f,0.561f,0f,0f,0f,1f],start_interpolation: 0,interpolation_duration: 1}
$data merge entity $(bone_rightarm) {transformation: [-0.3481f,0.7104f,-0.6117f,-0.2542f,0.1834f,0.6915f,0.6987f,3.6088f,0.9193f,0.131f,-0.371f,0.4334f,0f,0f,0f,1f],start_interpolation: 0,interpolation_duration: 1}
$data merge entity $(bone_chest1) {transformation: [-1.0619f,0.0949f,-0.1921f,0.4178f,0.0579f,1.0623f,0.2045f,3.4746f,0.2063f,0.1902f,-1.0464f,0.2016f,0f,0f,0f,1f],start_interpolation: 0,interpolation_duration: 1}
$data merge entity $(bone_chest1lid) {transformation: [-0.9803f,0.0876f,-0.1773f,0.0926f,0.0534f,0.9806f,0.1887f,2.7488f,0.1904f,0.1755f,-0.9659f,0.5246f,0f,0f,0f,1f],start_interpolation: 0,interpolation_duration: 1}
$data merge entity $(bone_chest2) {transformation: [-0.9803f,0.0876f,-0.1773f,0.0789f,0.0534f,0.9806f,0.1887f,2.5956f,0.1904f,0.1755f,-0.9659f,0.4972f,0f,0f,0f,1f],start_interpolation: 0,interpolation_duration: 1}
$data merge entity $(bone_chest1lid3) {transformation: [-0.9803f,0.0876f,-0.1773f,0.0403f,0.0534f,0.9806f,0.1887f,2.8664f,0.1904f,0.1755f,-0.9659f,-0.106f,0f,0f,0f,1f],start_interpolation: 0,interpolation_duration: 1}
$data merge entity $(bone_chest3) {transformation: [-0.9803f,0.0876f,-0.1773f,0.0266f,0.0534f,0.9806f,0.1887f,2.7132f,0.1904f,0.1755f,-0.9659f,-0.1335f,0f,0f,0f,1f],start_interpolation: 0,interpolation_duration: 1}
$data merge entity $(bone_hugeasssword2) {transformation: [0.6945f,3.0623f,-2.341f,-0.7353f,-0.7393f,2.4403f,2.973f,4.7282f,3.7831f,-0.0853f,1.0107f,0.384f,0f,0f,0f,1f],start_interpolation: 0,interpolation_duration: 1}
$data merge entity $(bone_belt) {transformation: [-0.9803f,0.0876f,-0.1773f,0.4375f,0.0534f,0.9806f,0.1887f,3.0576f,0.1904f,0.1755f,-0.9659f,0.2521f,0f,0f,0f,1f],start_interpolation: 0,interpolation_duration: 1}
$data merge entity $(bone_torn_part) {transformation: [-0.9539f,0.2176f,-0.2066f,0.2835f,0.1233f,0.9121f,0.3911f,2.7891f,0.2735f,0.3476f,-0.8969f,0.243f,0f,0f,0f,1f],start_interpolation: 0,interpolation_duration: 1}
$data merge entity $(bone_lowerbody) {transformation: [-0.9539f,0.1454f,-0.2625f,0.3426f,0.1233f,0.9874f,0.0987f,2.281f,0.2735f,0.0618f,-0.9599f,0.3211f,0f,0f,0f,1f],start_interpolation: 0,interpolation_duration: 1}
$data merge entity $(bone_leftfoot) {transformation: [-0.713f,0.0544f,-0.6991f,0.7518f,-0.1206f,0.9726f,0.1987f,0.2686f,0.6908f,0.226f,-0.6869f,0.0144f,0f,0f,0f,1f],start_interpolation: 0,interpolation_duration: 1}
$data merge entity $(bone_leftlowerleg) {transformation: [-0.713f,0.0544f,-0.6991f,0.9196f,-0.1206f,0.9726f,0.1987f,1.3171f,0.6908f,0.226f,-0.6869f,0.3706f,0f,0f,0f,1f],start_interpolation: 0,interpolation_duration: 1}
$data merge entity $(bone_leftleg) {transformation: [-0.7814f,-0.367f,-0.5047f,0.5216f,-0.1327f,0.888f,-0.4403f,2.2485f,0.6098f,-0.2771f,-0.7426f,0.1099f,0f,0f,0f,1f],start_interpolation: 0,interpolation_duration: 1}
$data merge entity $(bone_rightfoot) {transformation: [-0.87f,0.4929f,-0.0097f,-0.9483f,0.4848f,0.859f,0.1644f,0.5336f,0.0894f,0.1383f,-0.9864f,0.3133f,0f,0f,0f,1f],start_interpolation: 0,interpolation_duration: 1}
$data merge entity $(bone_rightlowerleg) {transformation: [-0.87f,0.4929f,-0.0097f,-0.4f,0.4848f,0.859f,0.1644f,1.4614f,0.0894f,0.1383f,-0.9864f,0.6182f,0f,0f,0f,1f],start_interpolation: 0,interpolation_duration: 1}
$data merge entity $(bone_rightleg) {transformation: [-0.8807f,0.4086f,-0.2397f,0.0606f,0.468f,0.8286f,-0.3071f,2.3215f,0.0732f,-0.3826f,-0.921f,0.2308f,0f,0f,0f,1f],start_interpolation: 0,interpolation_duration: 1}
data modify entity @s data merge value {"cameras":{},"locators":{"lefthand":{"posx":0.838763036700388,"posy":2.515248588726961,"posz":0.7079608259243146,"roty":77.83370521025168,"rotx":-77.26827349504961},"sword":{"posx":1.574811719695,"posy":5.983763025204015,"posz":0.3012542479371647,"roty":255.8622223416143,"rotx":-64.57227364774528},"righthand":{"posx":0.03945824862289937,"posy":2.6534799320970586,"posz":0.6879847595765032,"roty":255.8622223416143,"rotx":-64.57227364774528},"chest":{"posx":0.08421218144379614,"posy":2.6597377561285986,"posz":0.6705347161845137,"roty":349.59777159744334,"rotx":10.879557794032221}}}