# This file was generated by Animated Java via MC-Build. It is not recommended to edit this file directly.
$data merge entity $(bone_nose) {transformation: [-0.894f,0.2798f,0.3501f,1.0027f,0.2475f,0.9594f,-0.135f,4.2221f,-0.3736f,-0.034f,-0.9269f,0.4255f,0f,0f,0f,1f],start_interpolation: 0,interpolation_duration: 1}
$data merge entity $(bone_glowing_eye) {transformation: [-0.894f,0.2798f,0.3501f,0.8977f,0.2475f,0.9594f,-0.135f,4.3227f,-0.3736f,-0.034f,-0.9269f,0.4089f,0f,0f,0f,1f],start_interpolation: 0,interpolation_duration: 1}
$data merge entity $(bone_head) {transformation: [-0.894f,0.2798f,0.3501f,1.0337f,0.2475f,0.9594f,-0.135f,4.0783f,-0.3736f,-0.034f,-0.9269f,0.2561f,0f,0f,0f,1f],start_interpolation: 0,interpolation_duration: 1}
$data merge entity $(bone_leftthumb2) {transformation: [-0.5253f,0.8156f,0.2428f,1.2586f,-0.0254f,0.2702f,-0.9625f,2.8235f,-0.8506f,-0.5117f,-0.1212f,0.643f,0f,0f,0f,1f],start_interpolation: 0,interpolation_duration: 1}
$data merge entity $(bone_leftthumb) {transformation: [-0.5253f,0.8156f,0.2428f,1.4794f,-0.0254f,0.2702f,-0.9625f,2.8075f,-0.8506f,-0.5117f,-0.1212f,0.5071f,0f,0f,0f,1f],start_interpolation: 0,interpolation_duration: 1}
$data merge entity $(bone_leftpointerfinger) {transformation: [-0.5253f,0.8156f,0.2428f,1.2806f,-0.0254f,0.2702f,-0.9625f,2.6765f,-0.8506f,-0.5117f,-0.1212f,0.7624f,0f,0f,0f,1f],start_interpolation: 0,interpolation_duration: 1}
$data merge entity $(bone_leftmidfinger) {transformation: [-0.5253f,0.8156f,0.2428f,1.3185f,-0.0254f,0.2702f,-0.9625f,2.5262f,-0.8506f,-0.5117f,-0.1212f,0.7434f,0f,0f,0f,1f],start_interpolation: 0,interpolation_duration: 1}
$data merge entity $(bone_leftringfinger) {transformation: [-0.5253f,0.8156f,0.2428f,1.3565f,-0.0254f,0.2702f,-0.9625f,2.3758f,-0.8506f,-0.5117f,-0.1212f,0.7245f,0f,0f,0f,1f],start_interpolation: 0,interpolation_duration: 1}
$data merge entity $(bone_invisibility) {transformation: [0.8336f,-0.1708f,0.5253f,1.2637f,0.1853f,0.9824f,0.0254f,2.7314f,-0.5203f,0.0761f,0.8506f,0.5507f,0f,0f,0f,1f],start_interpolation: 0,interpolation_duration: 1}
$data merge entity $(bone_swiftness) {transformation: [0.2428f,0.8156f,0.5253f,1.1714f,-0.9625f,0.2702f,0.0254f,2.513f,-0.1212f,-0.5117f,0.8506f,0.553f,0f,0f,0f,1f],start_interpolation: 0,interpolation_duration: 1}
$data merge entity $(bone_suspicious_stew) {transformation: [0.8418f,0.1246f,0.5253f,1.271f,-0.1619f,0.9865f,0.0254f,2.5383f,-0.515f,-0.1064f,0.8506f,0.552f,0f,0f,0f,1f],start_interpolation: 0,interpolation_duration: 1}
$data merge entity $(bone_log) {transformation: [-0.5253f,0.8156f,0.2428f,1.3351f,-0.0254f,0.2702f,-0.9625f,2.5246f,-0.8506f,-0.5117f,-0.1212f,0.4026f,0f,0f,0f,1f],start_interpolation: 0,interpolation_duration: 1}
$data merge entity $(bone_planks) {transformation: [-0.5253f,0.8156f,0.2428f,1.2858f,-0.0254f,0.2702f,-0.9625f,2.5222f,-0.8506f,-0.5117f,-0.1212f,0.3228f,0f,0f,0f,1f],start_interpolation: 0,interpolation_duration: 1}
$data merge entity $(bone_lefthand1) {transformation: [-0.5253f,0.8156f,0.2428f,1.6627f,-0.0254f,0.2702f,-0.9625f,2.6285f,-0.8506f,-0.5117f,-0.1212f,0.4911f,0f,0f,0f,1f],start_interpolation: 0,interpolation_duration: 1}
$data merge entity $(bone_leftforearm) {transformation: [-0.8112f,0.4924f,0.3155f,1.9549f,0.1073f,0.6557f,-0.7473f,3.1155f,-0.5749f,-0.5723f,-0.5847f,0.0466f,0f,0f,0f,1f],start_interpolation: 0,interpolation_duration: 1}
$data merge entity $(bone_leftelbow) {transformation: [-0.8112f,0.4924f,0.3155f,2.0472f,0.1073f,0.6557f,-0.7473f,3.2385f,-0.5749f,-0.5723f,-0.5847f,-0.0607f,0f,0f,0f,1f],start_interpolation: 0,interpolation_duration: 1}
$data merge entity $(bone_leftarm) {transformation: [-0.7978f,-0.4108f,0.4413f,1.6448f,0.0054f,0.7271f,0.6866f,3.4578f,-0.6029f,0.5501f,-0.5779f,0.0972f,0f,0f,0f,1f],start_interpolation: 0,interpolation_duration: 1}
$data merge entity $(bone_rightthumb2) {transformation: [0.0782f,-0.9144f,-0.3972f,0.6585f,-0.0395f,0.3953f,-0.9177f,2.7613f,0.9962f,0.0874f,-0.0052f,0.6003f,0f,0f,0f,1f],start_interpolation: 0,interpolation_duration: 1}
$data merge entity $(bone_rightthumb) {transformation: [0.0782f,-0.9144f,-0.3972f,0.4004f,-0.0395f,0.3953f,-0.9177f,2.7798f,0.9962f,0.0874f,-0.0052f,0.6213f,0f,0f,0f,1f],start_interpolation: 0,interpolation_duration: 1}
$data merge entity $(bone_rightpointerfinger) {transformation: [0.0782f,-0.9144f,-0.3972f,0.6903f,-0.0395f,0.3953f,-0.9177f,2.6028f,0.9962f,0.0874f,-0.0052f,0.7013f,0f,0f,0f,1f],start_interpolation: 0,interpolation_duration: 1}
$data merge entity $(bone_rightmidfinger) {transformation: [0.0782f,-0.9144f,-0.3972f,0.6283f,-0.0395f,0.3953f,-0.9177f,2.4594f,0.9962f,0.0874f,-0.0052f,0.7005f,0f,0f,0f,1f],start_interpolation: 0,interpolation_duration: 1}
$data merge entity $(bone_rightringfinger) {transformation: [0.0782f,-0.9144f,-0.3972f,0.5662f,-0.0395f,0.3953f,-0.9177f,2.316f,0.9962f,0.0874f,-0.0052f,0.6997f,0f,0f,0f,1f],start_interpolation: 0,interpolation_duration: 1}
$data merge entity $(bone_hugeasssword) {transformation: [0.3061f,-3.5814f,-1.5557f,0.428f,-0.1546f,1.5481f,-3.5944f,2.5645f,3.9016f,0.3423f,-0.0204f,0.4538f,0f,0f,0f,1f],start_interpolation: 0,interpolation_duration: 1}
$data merge entity $(bone_ice) {transformation: [0.0782f,-0.9144f,-0.3972f,0.441f,-0.0395f,0.3953f,-0.9177f,2.559f,0.9962f,0.0874f,-0.0052f,0.4368f,0f,0f,0f,1f],start_interpolation: 0,interpolation_duration: 1}
$data merge entity $(bone_righthand1) {transformation: [0.0782f,-0.9144f,-0.3972f,0.2196f,-0.0395f,0.3953f,-0.9177f,2.6192f,0.9962f,0.0874f,-0.0052f,0.7075f,0f,0f,0f,1f],start_interpolation: 0,interpolation_duration: 1}
$data merge entity $(bone_rightforearm) {transformation: [-0.4692f,-0.433f,-0.7697f,-0.0637f,0.0186f,0.8665f,-0.4988f,3.2287f,0.8829f,-0.2484f,-0.3985f,0.4866f,0f,0f,0f,1f],start_interpolation: 0,interpolation_duration: 1}
$data merge entity $(bone_rightelbow) {transformation: [-0.4692f,-0.433f,-0.7697f,-0.1449f,0.0186f,0.8665f,-0.4988f,3.3912f,0.8829f,-0.2484f,-0.3985f,0.4401f,0f,0f,0f,1f],start_interpolation: 0,interpolation_duration: 1}
$data merge entity $(bone_rightarm) {transformation: [-0.4347f,0.7019f,-0.5642f,0.2633f,0.1082f,0.6627f,0.7411f,3.574f,0.894f,0.2611f,-0.364f,0.3666f,0f,0f,0f,1f],start_interpolation: 0,interpolation_duration: 1}
$data merge entity $(bone_chest1) {transformation: [-1.0474f,0.1235f,-0.2477f,0.9215f,0.0608f,1.0485f,0.2657f,3.4476f,0.27f,0.2429f,-1.0206f,0.086f,0f,0f,0f,1f],start_interpolation: 0,interpolation_duration: 1}
$data merge entity $(bone_chest1lid) {transformation: [-0.9668f,0.114f,-0.2287f,0.603f,0.0561f,0.9678f,0.2452f,2.7093f,0.2493f,0.2243f,-0.9421f,0.3865f,0f,0f,0f,1f],start_interpolation: 0,interpolation_duration: 1}
$data merge entity $(bone_chest2) {transformation: [-0.9668f,0.114f,-0.2287f,0.5852f,0.0561f,0.9678f,0.2452f,2.5581f,0.2493f,0.2243f,-0.9421f,0.3514f,0f,0f,0f,1f],start_interpolation: 0,interpolation_duration: 1}
$data merge entity $(bone_chest1lid3) {transformation: [-0.9668f,0.114f,-0.2287f,0.517f,0.0561f,0.9678f,0.2452f,2.8629f,0.2493f,0.2243f,-0.9421f,-0.2327f,0f,0f,0f,1f],start_interpolation: 0,interpolation_duration: 1}
$data merge entity $(bone_chest3) {transformation: [-0.9668f,0.114f,-0.2287f,0.4992f,0.0561f,0.9678f,0.2452f,2.7117f,0.2493f,0.2243f,-0.9421f,-0.2677f,0f,0f,0f,1f],start_interpolation: 0,interpolation_duration: 1}
$data merge entity $(bone_hugeasssword2) {transformation: [0.8956f,3.0934f,-2.2291f,-0.1979f,-0.9605f,2.3989f,2.9433f,4.7047f,3.69f,-0.1264f,1.3071f,0.4037f,0f,0f,0f,1f],start_interpolation: 0,interpolation_duration: 1}
$data merge entity $(bone_belt) {transformation: [-0.9668f,0.114f,-0.2287f,0.937f,0.0561f,0.9678f,0.2452f,3.0282f,0.2493f,0.2243f,-0.9421f,0.112f,0f,0f,0f,1f],start_interpolation: 0,interpolation_duration: 1}
$data merge entity $(bone_torn_part) {transformation: [-0.9697f,0.1281f,-0.2081f,0.7907f,0.0252f,0.8996f,0.4361f,2.7521f,0.2431f,0.4176f,-0.8755f,0.0841f,0f,0f,0f,1f],start_interpolation: 0,interpolation_duration: 1}
$data merge entity $(bone_lowerbody) {transformation: [-0.9697f,0.0596f,-0.237f,0.8897f,0.0252f,0.9891f,0.1454f,2.2462f,0.2431f,0.135f,-0.9606f,0.1296f,0f,0f,0f,1f],start_interpolation: 0,interpolation_duration: 1}
$data merge entity $(bone_leftfoot) {transformation: [-0.8199f,0.0312f,-0.5717f,1.4719f,-0.171f,0.9396f,0.2965f,0.4042f,0.5464f,0.3408f,-0.765f,-0.2024f,0f,0f,0f,1f],start_interpolation: 0,interpolation_duration: 1}
$data merge entity $(bone_leftlowerleg) {transformation: [-0.8199f,0.0312f,-0.5717f,1.5943f,-0.171f,0.9396f,0.2965f,1.401f,0.5464f,0.3408f,-0.765f,0.2933f,0f,0f,0f,1f],start_interpolation: 0,interpolation_duration: 1}
$data merge entity $(bone_leftleg) {transformation: [-0.8176f,-0.4669f,-0.3369f,1.0852f,-0.2295f,0.801f,-0.5529f,2.2335f,0.528f,-0.3748f,-0.7621f,-0.0729f,0f,0f,0f,1f],start_interpolation: 0,interpolation_duration: 1}
$data merge entity $(bone_rightfoot) {transformation: [-0.9942f,0.1025f,-0.0335f,0.5116f,0.0841f,0.9312f,0.3547f,0.2657f,0.0675f,0.3498f,-0.9344f,-0.3017f,0f,0f,0f,1f],start_interpolation: 0,interpolation_duration: 1}
$data merge entity $(bone_rightlowerleg) {transformation: [-0.9942f,0.1025f,-0.0335f,0.6305f,0.0841f,0.9312f,0.3547f,1.2443f,0.0675f,0.3498f,-0.9344f,0.23f,0f,0f,0f,1f],start_interpolation: 0,interpolation_duration: 1}
$data merge entity $(bone_rightleg) {transformation: [-0.9782f,-0.0508f,-0.2014f,0.606f,-0.0083f,0.9784f,-0.2066f,2.2739f,0.2076f,-0.2004f,-0.9575f,0.0298f,0f,0f,0f,1f],start_interpolation: 0,interpolation_duration: 1}
data modify entity @s data merge value {"cameras":{},"locators":{"lefthand":{"posx":1.3168188882692307,"posy":2.5208640258868074,"posz":0.5242014840563294,"roty":63.47539035284754,"rotx":-74.25464461266081},"sword":{"posx":1.9335258527103951,"posy":5.9475034293618005,"posz":0.5480940969927499,"roty":270.74981098353,"rotx":-66.59464691995339},"righthand":{"posx":0.46885225815373754,"posy":2.5634200869026107,"posz":0.5289253020718231,"roty":270.74981098353,"rotx":-66.59464691995339},"chest":{"posx":0.6014146226712632,"posy":2.6122456523393387,"posz":0.5274409748470177,"roty":346.3579928434422,"rotx":14.19503601086912}}}