# This file was generated by Animated Java via MC-Build. It is not recommended to edit this file directly.
$data merge entity $(bone_nose) {transformation: [-0.9667f,0.1752f,0.1868f,2.0639f,0.1593f,0.9824f,-0.0971f,4.2006f,-0.2005f,-0.0641f,-0.9776f,0.1528f,0f,0f,0f,1f],start_interpolation: 0,interpolation_duration: 1}
$data merge entity $(bone_glowing_eye) {transformation: [-0.9667f,0.1752f,0.1868f,1.9485f,0.1593f,0.9824f,-0.0971f,4.2904f,-0.2005f,-0.0641f,-0.9776f,0.1575f,0f,0f,0f,1f],start_interpolation: 0,interpolation_duration: 1}
$data merge entity $(bone_head) {transformation: [-0.9667f,0.1752f,0.1868f,2.0773f,0.1593f,0.9824f,-0.0971f,4.0611f,-0.2005f,-0.0641f,-0.9776f,-0.0224f,0f,0f,0f,1f],start_interpolation: 0,interpolation_duration: 1}
$data merge entity $(bone_leftthumb2) {transformation: [-0.4286f,0.8562f,0.2886f,2.3458f,-0.1869f,0.2285f,-0.9554f,2.8041f,-0.8839f,-0.4635f,0.0621f,0.446f,0f,0f,0f,1f],start_interpolation: 0,interpolation_duration: 1}
$data merge entity $(bone_leftthumb) {transformation: [-0.4286f,0.8562f,0.2886f,2.5804f,-0.1869f,0.2285f,-0.9554f,2.7785f,-0.8839f,-0.4635f,0.0621f,0.3376f,0f,0f,0f,1f],start_interpolation: 0,interpolation_duration: 1}
$data merge entity $(bone_leftpointerfinger) {transformation: [-0.4286f,0.8562f,0.2886f,2.3599f,-0.1869f,0.2285f,-0.9554f,2.6792f,-0.8839f,-0.4635f,0.0621f,0.5893f,0f,0f,0f,1f],start_interpolation: 0,interpolation_duration: 1}
$data merge entity $(bone_leftmidfinger) {transformation: [-0.4286f,0.8562f,0.2886f,2.405f,-0.1869f,0.2285f,-0.9554f,2.5299f,-0.8839f,-0.4635f,0.0621f,0.599f,0f,0f,0f,1f],start_interpolation: 0,interpolation_duration: 1}
$data merge entity $(bone_leftringfinger) {transformation: [-0.4286f,0.8562f,0.2886f,2.4501f,-0.1869f,0.2285f,-0.9554f,2.3807f,-0.8839f,-0.4635f,0.0621f,0.6087f,0f,0f,0f,1f],start_interpolation: 0,interpolation_duration: 1}
$data merge entity $(bone_invisibility) {transformation: [0.878f,-0.2129f,0.4286f,2.3642f,0.1443f,0.9717f,0.1869f,2.699f,-0.4563f,-0.1023f,0.8839f,0.3709f,0f,0f,0f,1f],start_interpolation: 0,interpolation_duration: 1}
$data merge entity $(bone_swiftness) {transformation: [0.2886f,0.8562f,0.4286f,2.28f,-0.9554f,0.2285f,0.1869f,2.4792f,0.0621f,-0.4635f,0.8839f,0.3993f,0f,0f,0f,1f],start_interpolation: 0,interpolation_duration: 1}
$data merge entity $(bone_suspicious_stew) {transformation: [0.8979f,0.1003f,0.4286f,2.3782f,-0.1967f,0.9625f,0.1869f,2.5092f,-0.3938f,-0.2522f,0.8839f,0.4043f,0f,0f,0f,1f],start_interpolation: 0,interpolation_duration: 1}
$data merge entity $(bone_log) {transformation: [-0.4286f,0.8562f,0.2886f,2.4585f,-0.1869f,0.2285f,-0.9554f,2.4754f,-0.8839f,-0.4635f,0.0621f,0.2664f,0f,0f,0f,1f],start_interpolation: 0,interpolation_duration: 1}
$data merge entity $(bone_planks) {transformation: [-0.4286f,0.8562f,0.2886f,2.4183f,-0.1869f,0.2285f,-0.9554f,2.4579f,-0.8839f,-0.4635f,0.0621f,0.1836f,0f,0f,0f,1f],start_interpolation: 0,interpolation_duration: 1}
$data merge entity $(bone_lefthand1) {transformation: [-0.4286f,0.8562f,0.2886f,2.7707f,-0.1869f,0.2285f,-0.9554f,2.6091f,-0.8839f,-0.4635f,0.0621f,0.3696f,0f,0f,0f,1f],start_interpolation: 0,interpolation_duration: 1}
$data merge entity $(bone_leftforearm) {transformation: [-0.7173f,0.5236f,0.4598f,3.0915f,0.0498f,0.6967f,-0.7156f,3.122f,-0.695f,-0.4904f,-0.5258f,-0.0293f,0f,0f,0f,1f],start_interpolation: 0,interpolation_duration: 1}
$data merge entity $(bone_leftelbow) {transformation: [-0.7173f,0.5236f,0.4598f,3.1897f,0.0498f,0.6967f,-0.7156f,3.2526f,-0.695f,-0.4904f,-0.5258f,-0.1213f,0f,0f,0f,1f],start_interpolation: 0,interpolation_duration: 1}
$data merge entity $(bone_leftarm) {transformation: [-0.6952f,-0.4948f,0.5214f,2.7714f,-0.0551f,0.76f,0.6476f,3.4822f,-0.7167f,0.4215f,-0.5556f,-0.0498f,0f,0f,0f,1f],start_interpolation: 0,interpolation_duration: 1}
$data merge entity $(bone_rightthumb2) {transformation: [-0.0201f,-0.9297f,-0.3679f,1.7629f,0.1162f,0.3633f,-0.9244f,2.7414f,0.993f,-0.0613f,0.1007f,0.3525f,0f,0f,0f,1f],start_interpolation: 0,interpolation_duration: 1}
$data merge entity $(bone_rightthumb) {transformation: [-0.0201f,-0.9297f,-0.3679f,1.5034f,0.1162f,0.3633f,-0.9244f,2.7515f,0.993f,-0.0613f,0.1007f,0.3461f,0f,0f,0f,1f],start_interpolation: 0,interpolation_duration: 1}
$data merge entity $(bone_rightpointerfinger) {transformation: [-0.0201f,-0.9297f,-0.3679f,1.789f,0.1162f,0.3633f,-0.9244f,2.6016f,0.993f,-0.0613f,0.1007f,0.4795f,0f,0f,0f,1f],start_interpolation: 0,interpolation_duration: 1}
$data merge entity $(bone_rightmidfinger) {transformation: [-0.0201f,-0.9297f,-0.3679f,1.7316f,0.1162f,0.3633f,-0.9244f,2.4572f,0.993f,-0.0613f,0.1007f,0.4953f,0f,0f,0f,1f],start_interpolation: 0,interpolation_duration: 1}
$data merge entity $(bone_rightringfinger) {transformation: [-0.0201f,-0.9297f,-0.3679f,1.6741f,0.1162f,0.3633f,-0.9244f,2.3128f,0.993f,-0.0613f,0.1007f,0.511f,0f,0f,0f,1f],start_interpolation: 0,interpolation_duration: 1}
$data merge entity $(bone_hugeasssword) {transformation: [-0.0788f,-3.6411f,-1.4409f,1.5538f,0.4552f,1.4229f,-3.6206f,2.5146f,3.8893f,-0.2403f,0.3946f,0.2175f,0f,0f,0f,1f],start_interpolation: 0,interpolation_duration: 1}
$data merge entity $(bone_ice) {transformation: [-0.0201f,-0.9297f,-0.3679f,1.5687f,0.1162f,0.3633f,-0.9244f,2.5071f,0.993f,-0.0613f,0.1007f,0.2029f,0f,0f,0f,1f],start_interpolation: 0,interpolation_duration: 1}
$data merge entity $(bone_righthand1) {transformation: [-0.0201f,-0.9297f,-0.3679f,1.3197f,0.1162f,0.3633f,-0.9244f,2.5981f,0.993f,-0.0613f,0.1007f,0.439f,0f,0f,0f,1f],start_interpolation: 0,interpolation_duration: 1}
$data merge entity $(bone_rightforearm) {transformation: [-0.5942f,-0.4391f,-0.6738f,1.0398f,0.0367f,0.8221f,-0.5681f,3.1766f,0.8034f,-0.3623f,-0.4724f,0.1392f,0f,0f,0f,1f],start_interpolation: 0,interpolation_duration: 1}
$data merge entity $(bone_rightelbow) {transformation: [-0.5942f,-0.4391f,-0.6738f,0.9574f,0.0367f,0.8221f,-0.5681f,3.3307f,0.8034f,-0.3623f,-0.4724f,0.0713f,0f,0f,0f,1f],start_interpolation: 0,interpolation_duration: 1}
$data merge entity $(bone_rightarm) {transformation: [-0.5672f,0.6128f,-0.5502f,1.3592f,0.1294f,0.726f,0.6754f,3.5385f,0.8134f,0.3119f,-0.4911f,0.0438f,0f,0f,0f,1f],start_interpolation: 0,interpolation_duration: 1}
$data merge entity $(bone_chest1) {transformation: [-1.0768f,0.0327f,-0.1143f,2.0588f,0.0081f,1.0593f,0.2267f,3.4183f,0.1186f,0.2244f,-1.0532f,-0.1783f,0f,0f,0f,1f],start_interpolation: 0,interpolation_duration: 1}
$data merge entity $(bone_chest1lid) {transformation: [-0.994f,0.0302f,-0.1055f,1.74f,0.0075f,0.9778f,0.2092f,2.6707f,0.1095f,0.2072f,-0.9722f,0.0979f,0f,0f,0f,1f],start_interpolation: 0,interpolation_duration: 1}
$data merge entity $(bone_chest2) {transformation: [-0.994f,0.0302f,-0.1055f,1.7353f,0.0075f,0.9778f,0.2092f,2.5179f,0.1095f,0.2072f,-0.9722f,0.0655f,0f,0f,0f,1f],start_interpolation: 0,interpolation_duration: 1}
$data merge entity $(bone_chest1lid3) {transformation: [-0.994f,0.0302f,-0.1055f,1.7346f,0.0075f,0.9778f,0.2092f,2.8042f,0.1095f,0.2072f,-0.9722f,-0.5318f,0f,0f,0f,1f],start_interpolation: 0,interpolation_duration: 1}
$data merge entity $(bone_chest3) {transformation: [-0.994f,0.0302f,-0.1055f,1.7299f,0.0075f,0.9778f,0.2092f,2.6514f,0.1095f,0.2072f,-0.9722f,-0.5641f,0f,0f,0f,1f],start_interpolation: 0,interpolation_duration: 1}
$data merge entity $(bone_hugeasssword2) {transformation: [0.4131f,2.9502f,-2.5429f,0.8413f,-0.8195f,2.5657f,2.8436f,4.6175f,3.8076f,0.2321f,0.8879f,-0.0607f,0f,0f,0f,1f],start_interpolation: 0,interpolation_duration: 1}
$data merge entity $(bone_belt) {transformation: [-0.994f,0.0302f,-0.1055f,2.0924f,0.0075f,0.9778f,0.2092f,3.0011f,0.1095f,0.2072f,-0.9722f,-0.1371f,0f,0f,0f,1f],start_interpolation: 0,interpolation_duration: 1}
$data merge entity $(bone_torn_part) {transformation: [-0.9909f,0.0617f,-0.1195f,1.9613f,0.0152f,0.9341f,0.3566f,2.7186f,0.1336f,0.3515f,-0.9266f,-0.1666f,0f,0f,0f,1f],start_interpolation: 0,interpolation_duration: 1}
$data merge entity $(bone_lowerbody) {transformation: [-0.9909f,0.0229f,-0.1325f,2.0655f,0.0152f,0.9981f,0.0592f,2.2214f,0.1336f,0.0566f,-0.9894f,-0.0682f,0f,0f,0f,1f],start_interpolation: 0,interpolation_duration: 1}
$data merge entity $(bone_leftfoot) {transformation: [-0.8369f,0.0006f,-0.5474f,2.6197f,-0.1369f,0.968f,0.2104f,0.2936f,0.53f,0.251f,-0.81f,-0.2684f,0f,0f,0f,1f],start_interpolation: 0,interpolation_duration: 1}
$data merge entity $(bone_leftlowerleg) {transformation: [-0.8369f,0.0006f,-0.5474f,2.7044f,-0.1369f,0.968f,0.2104f,1.3351f,0.53f,0.251f,-0.81f,0.1345f,0f,0f,0f,1f],start_interpolation: 0,interpolation_duration: 1}
$data merge entity $(bone_leftleg) {transformation: [-0.8549f,-0.3915f,-0.3404f,2.2742f,-0.1712f,0.8323f,-0.5273f,2.2053f,0.4898f,-0.3925f,-0.7785f,-0.2499f,0f,0f,0f,1f],start_interpolation: 0,interpolation_duration: 1}
$data merge entity $(bone_rightfoot) {transformation: [-0.9995f,0.03f,0.009f,1.732f,0.0308f,0.8899f,0.4551f,0.3387f,0.0056f,0.4551f,-0.8904f,-0.4563f,0f,0f,0f,1f],start_interpolation: 0,interpolation_duration: 1}
$data merge entity $(bone_rightlowerleg) {transformation: [-0.9995f,0.03f,0.009f,1.7638f,0.0308f,0.8899f,0.4551f,1.2561f,0.0056f,0.4551f,-0.8904f,0.1855f,0f,0f,0f,1f],start_interpolation: 0,interpolation_duration: 1}
$data merge entity $(bone_rightleg) {transformation: [-0.9991f,0.0023f,-0.0424f,1.7967f,0.018f,0.9267f,-0.3753f,2.2258f,0.0384f,-0.3758f,-0.9259f,-0.198f,0f,0f,0f,1f],start_interpolation: 0,interpolation_duration: 1}
data modify entity @s data merge value {"cameras":{},"locators":{"lefthand":{"posx":2.4273108729946915,"posy":2.490014997987658,"posz":0.38452876835972066,"roty":102.15111172302323,"rotx":-72.83095535921336},"sword":{"posx":2.9436276814771145,"posy":5.935441843462856,"posz":-0.07607973482663294,"roty":254.68567043182588,"rotx":-67.57762674851843},"righthand":{"posx":1.5870433578351144,"posy":2.526727315455041,"posz":0.2954044362994385,"roty":254.68567043182588,"rotx":-67.57762674851843},"chest":{"posx":1.7235769424274605,"posy":2.577089673216426,"posz":0.240234686514405,"roty":353.8079838626937,"rotx":12.07705628574091}}}