# This file was generated by Animated Java via MC-Build. It is not recommended to edit this file directly.
$data merge entity $(nose) {transformation: [-0.9646f,0.2146f,0.1531f,2.2646f,0.19f,0.9686f,-0.1604f,4.2012f,-0.1827f,-0.1257f,-0.9751f,0.1578f,0f,0f,0f,1f],start_interpolation: 0,interpolation_duration: 1}
$data merge entity $(glowing_eye) {transformation: [-0.9646f,0.2146f,0.1531f,2.1532f,0.19f,0.9686f,-0.1604f,4.2961f,-0.1827f,-0.1257f,-0.9751f,0.1605f,0f,0f,0f,1f],start_interpolation: 0,interpolation_duration: 1}
$data merge entity $(head) {transformation: [-0.9646f,0.2146f,0.1531f,2.2668f,0.19f,0.9686f,-0.1604f,4.0515f,-0.1827f,-0.1257f,-0.9751f,-0.0092f,0f,0f,0f,1f],start_interpolation: 0,interpolation_duration: 1}
$data merge entity $(leftthumb2) {transformation: [-0.4968f,0.8214f,0.2803f,2.512f,-0.1299f,0.2489f,-0.9598f,2.7884f,-0.8581f,-0.5132f,-0.017f,0.4262f,0f,0f,0f,1f],start_interpolation: 0,interpolation_duration: 1}
$data merge entity $(leftthumb) {transformation: [-0.4968f,0.8214f,0.2803f,2.7373f,-0.1299f,0.2489f,-0.9598f,2.7675f,-0.8581f,-0.5132f,-0.017f,0.2989f,0f,0f,0f,1f],start_interpolation: 0,interpolation_duration: 1}
$data merge entity $(leftpointerfinger) {transformation: [-0.4968f,0.8214f,0.2803f,2.5353f,-0.1299f,0.2489f,-0.9598f,2.655f,-0.8581f,-0.5132f,-0.017f,0.5604f,0f,0f,0f,1f],start_interpolation: 0,interpolation_duration: 1}
$data merge entity $(leftmidfinger) {transformation: [-0.4968f,0.8214f,0.2803f,2.5791f,-0.1299f,0.2489f,-0.9598f,2.505f,-0.8581f,-0.5132f,-0.017f,0.5577f,0f,0f,0f,1f],start_interpolation: 0,interpolation_duration: 1}
$data merge entity $(leftringfinger) {transformation: [-0.4968f,0.8214f,0.2803f,2.6229f,-0.1299f,0.2489f,-0.9598f,2.3551f,-0.8581f,-0.5132f,-0.017f,0.5551f,0f,0f,0f,1f],start_interpolation: 0,interpolation_duration: 1}
$data merge entity $(invisibility) {transformation: [0.8427f,-0.2076f,0.4968f,2.5232f,0.1644f,0.9778f,0.1299f,2.6879f,-0.5127f,-0.0278f,0.8581f,0.3439f,0f,0f,0f,1f],start_interpolation: 0,interpolation_duration: 1}
$data merge entity $(swiftness) {transformation: [0.2803f,0.8214f,0.4968f,2.4387f,-0.9598f,0.2489f,0.1299f,2.4674f,-0.017f,-0.5132f,0.8581f,0.3655f,0f,0f,0f,1f],start_interpolation: 0,interpolation_duration: 1}
$data merge entity $(suspicious_stew) {transformation: [0.8629f,0.0931f,0.4968f,2.5373f,-0.18f,0.9751f,0.1299f,2.4962f,-0.4723f,-0.2015f,0.8581f,0.3647f,0f,0f,0f,1f],start_interpolation: 0,interpolation_duration: 1}
$data merge entity $(log) {transformation: [-0.4968f,0.8214f,0.2803f,2.6065f,-0.1299f,0.2489f,-0.9598f,2.4702f,-0.8581f,-0.5132f,-0.017f,0.2194f,0f,0f,0f,1f],start_interpolation: 0,interpolation_duration: 1}
$data merge entity $(planks) {transformation: [-0.4968f,0.8214f,0.2803f,2.5599f,-0.1299f,0.2489f,-0.9598f,2.458f,-0.8581f,-0.5132f,-0.017f,0.1389f,0f,0f,0f,1f],start_interpolation: 0,interpolation_duration: 1}
$data merge entity $(lefthand1) {transformation: [-0.4968f,0.8214f,0.2803f,2.9273f,-0.1299f,0.2489f,-0.9598f,2.5949f,-0.8581f,-0.5132f,-0.017f,0.3061f,0f,0f,0f,1f],start_interpolation: 0,interpolation_duration: 1}
$data merge entity $(leftforearm) {transformation: [-0.7417f,0.5283f,0.4133f,3.2496f,0.0774f,0.6795f,-0.7296f,3.0972f,-0.6663f,-0.5091f,-0.5448f,-0.1019f,0f,0f,0f,1f],start_interpolation: 0,interpolation_duration: 1}
$data merge entity $(leftelbow) {transformation: [-0.7417f,0.5283f,0.4133f,3.3486f,0.0774f,0.6795f,-0.7296f,3.2246f,-0.6663f,-0.5091f,-0.5448f,-0.1974f,0f,0f,0f,1f],start_interpolation: 0,interpolation_duration: 1}
$data merge entity $(leftarm) {transformation: [-0.7221f,-0.4837f,0.4946f,2.9291f,-0.0258f,0.7333f,0.6795f,3.4422f,-0.6913f,0.4779f,-0.542f,-0.0957f,0f,0f,0f,1f],start_interpolation: 0,interpolation_duration: 1}
$data merge entity $(rightthumb2) {transformation: [0.0505f,-0.9298f,-0.3645f,1.9654f,0.0666f,0.3673f,-0.9277f,2.7288f,0.9965f,0.0226f,0.0805f,0.3873f,0f,0f,0f,1f],start_interpolation: 0,interpolation_duration: 1}
$data merge entity $(rightthumb) {transformation: [0.0505f,-0.9298f,-0.3645f,1.7062f,0.0666f,0.3673f,-0.9277f,2.7396f,0.9965f,0.0226f,0.0805f,0.3997f,0f,0f,0f,1f],start_interpolation: 0,interpolation_duration: 1}
$data merge entity $(rightpointerfinger) {transformation: [0.0505f,-0.9298f,-0.3645f,1.9998f,0.0666f,0.3673f,-0.9277f,2.5828f,0.9965f,0.0226f,0.0805f,0.505f,0f,0f,0f,1f],start_interpolation: 0,interpolation_duration: 1}
$data merge entity $(rightmidfinger) {transformation: [0.0505f,-0.9298f,-0.3645f,1.9428f,0.0666f,0.3673f,-0.9277f,2.4379f,0.9965f,0.0226f,0.0805f,0.5176f,0f,0f,0f,1f],start_interpolation: 0,interpolation_duration: 1}
$data merge entity $(rightringfinger) {transformation: [0.0505f,-0.9298f,-0.3645f,1.8858f,0.0666f,0.3673f,-0.9277f,2.2929f,0.9965f,0.0226f,0.0805f,0.5302f,0f,0f,0f,1f],start_interpolation: 0,interpolation_duration: 1}
$data merge entity $(hugeasssword) {transformation: [0.1979f,-3.6418f,-1.4278f,1.7462f,0.2608f,1.4387f,-3.6335f,2.5093f,3.903f,0.0885f,0.3152f,0.2563f,0f,0f,0f,1f],start_interpolation: 0,interpolation_duration: 1}
$data merge entity $(whey) {transformation: [0f,0f,0f,1.876f,0f,0f,0f,2.5939f,0f,0f,0f,0.0715f,0f,0f,0f,1f],start_interpolation: 0,interpolation_duration: 1}
$data merge entity $(ice) {transformation: [0.0505f,-0.9298f,-0.3645f,1.76f,0.0666f,0.3673f,-0.9277f,2.5025f,0.9965f,0.0226f,0.0805f,0.2403f,0f,0f,0f,1f],start_interpolation: 0,interpolation_duration: 1}
$data merge entity $(righthand1) {transformation: [0.0505f,-0.9298f,-0.3645f,1.5287f,0.0666f,0.3673f,-0.9277f,2.582f,0.9965f,0.0226f,0.0805f,0.4976f,0f,0f,0f,1f],start_interpolation: 0,interpolation_duration: 1}
$data merge entity $(rightforearm) {transformation: [-0.4952f,-0.4524f,-0.7417f,1.233f,0.017f,0.8485f,-0.5289f,3.1796f,0.8686f,-0.2745f,-0.4125f,0.2562f,0f,0f,0f,1f],start_interpolation: 0,interpolation_duration: 1}
$data merge entity $(rightelbow) {transformation: [-0.4952f,-0.4524f,-0.7417f,1.1481f,0.017f,0.8485f,-0.5289f,3.3387f,0.8686f,-0.2745f,-0.4125f,0.2047f,0f,0f,0f,1f],start_interpolation: 0,interpolation_duration: 1}
$data merge entity $(rightarm) {transformation: [-0.4663f,0.6343f,-0.6166f,1.5394f,0.1108f,0.7334f,0.6707f,3.5589f,0.8777f,0.2445f,-0.4122f,0.1305f,0f,0f,0f,1f],start_interpolation: 0,interpolation_duration: 1}
$data merge entity $(chest1) {transformation: [-1.059f,0.0719f,-0.2165f,2.2147f,0.0246f,1.0582f,0.2308f,3.4077f,0.2268f,0.2207f,-1.0361f,-0.1512f,0f,0f,0f,1f],start_interpolation: 0,interpolation_duration: 1}
$data merge entity $(chest1lid) {transformation: [-0.9776f,0.0663f,-0.1998f,1.9138f,0.0227f,0.9768f,0.213f,2.6645f,0.2093f,0.2037f,-0.9564f,0.1553f,0f,0f,0f,1f],start_interpolation: 0,interpolation_duration: 1}
$data merge entity $(chest2) {transformation: [-0.9776f,0.0663f,-0.1998f,1.9034f,0.0227f,0.9768f,0.213f,2.5119f,0.2093f,0.2037f,-0.9564f,0.1235f,0f,0f,0f,1f],start_interpolation: 0,interpolation_duration: 1}
$data merge entity $(chest1lid3) {transformation: [-0.9776f,0.0663f,-0.1998f,1.8468f,0.0227f,0.9768f,0.213f,2.7996f,0.2093f,0.2037f,-0.9564f,-0.4704f,0f,0f,0f,1f],start_interpolation: 0,interpolation_duration: 1}
$data merge entity $(chest3) {transformation: [-0.9776f,0.0663f,-0.1998f,1.8365f,0.0227f,0.9768f,0.213f,2.647f,0.2093f,0.2037f,-0.9564f,-0.5023f,0f,0f,0f,1f],start_interpolation: 0,interpolation_duration: 1}
$data merge entity $(hugeasssword2) {transformation: [0.7827f,2.9985f,-2.3952f,1.0343f,-0.8344f,2.519f,2.8808f,4.6255f,3.7459f,-0.0655f,1.1421f,0.0897f,0f,0f,0f,1f],start_interpolation: 0,interpolation_duration: 1}
$data merge entity $(belt) {transformation: [-0.9776f,0.0663f,-0.1998f,2.2457f,0.0227f,0.9768f,0.213f,2.99f,0.2093f,0.2037f,-0.9564f,-0.1138f,0f,0f,0f,1f],start_interpolation: 0,interpolation_duration: 1}
$data merge entity $(torn_part) {transformation: [-0.9766f,0.1065f,-0.1866f,2.1076f,0.028f,0.9243f,0.3806f,2.7101f,0.213f,0.3665f,-0.9057f,-0.135f,0f,0f,0f,1f],start_interpolation: 0,interpolation_duration: 1}
$data merge entity $(lowerbody) {transformation: [-0.9766f,0.0454f,-0.21f,2.2103f,0.028f,0.996f,0.085f,2.2091f,0.213f,0.0772f,-0.974f,-0.0565f,0f,0f,0f,1f],start_interpolation: 0,interpolation_duration: 1}
$data merge entity $(leftfoot) {transformation: [-0.8367f,-0.2306f,-0.4968f,3.1331f,-0.3019f,0.951f,0.0671f,0.324f,0.457f,0.2062f,-0.8653f,-0.2583f,0f,0f,0f,1f],start_interpolation: 0,interpolation_duration: 1}
$data merge entity $(leftlowerleg) {transformation: [-0.8367f,-0.2306f,-0.4968f,2.9537f,-0.3019f,0.951f,0.0671f,1.3686f,0.457f,0.2062f,-0.8653f,0.1034f,0f,0f,0f,1f],start_interpolation: 0,interpolation_duration: 1}
$data merge entity $(leftleg) {transformation: [-0.8497f,-0.4895f,-0.1958f,2.4194f,-0.3349f,0.788f,-0.5166f,2.1908f,0.4072f,-0.3734f,-0.8336f,-0.2615f,0f,0f,0f,1f],start_interpolation: 0,interpolation_duration: 1}
$data merge entity $(rightfoot) {transformation: [-0.9932f,0.0215f,0.1145f,1.9291f,0.0647f,0.9192f,0.3884f,0.2472f,-0.0969f,0.3932f,-0.9143f,-0.5108f,0f,0f,0f,1f],start_interpolation: 0,interpolation_duration: 1}
$data merge entity $(rightlowerleg) {transformation: [-0.9932f,0.0215f,0.1145f,1.9354f,0.0647f,0.9192f,0.3884f,1.2073f,-0.0969f,0.3932f,-0.9143f,0.0659f,0f,0f,0f,1f],start_interpolation: 0,interpolation_duration: 1}
$data merge entity $(rightleg) {transformation: [-0.9995f,-0.0216f,-0.025f,1.9398f,-0.0151f,0.9713f,-0.2375f,2.2281f,0.0294f,-0.237f,-0.9711f,-0.1682f,0f,0f,0f,1f],start_interpolation: 0,interpolation_duration: 1}
data modify entity @s data merge value {"cameras":{},"locators":{"soup":{"px":2.537763556585734,"py":2.659762563163188,"pz":0.30330581671094214,"ry":149.93308126714498,"rx":7.461467066664638},"lefthand":{"px":2.5845425980286314,"py":2.4779090824957404,"pz":0.34016230011700965,"ry":86.52783309954349,"rx":-73.69311409867171},"sword":{"px":3.1291721316390904,"py":5.938418995662143,"pz":0.03540624474340501,"ry":257.55214898136217,"rx":-68.07940186042553},"righthand":{"px":1.784910574933727,"py":2.517517491447724,"pz":0.33213847357541026,"ry":257.55214898136217,"rx":-68.07940186042553},"chest":{"px":1.9102977154019407,"py":2.5709059425332668,"pz":0.2985822314613443,"ry":348.1977406933626,"rx":12.299722443830577}}}