# This file was generated by Animated Java via MC-Build. It is not recommended to edit this file directly.
$data merge entity $(bone_nose) {transformation: [-0.9676f,-0.1182f,0.2229f,2.716f,-0.0938f,0.9887f,0.1169f,4.0474f,-0.2342f,0.0922f,-0.9678f,0.2259f,0f,0f,0f,1f],start_interpolation: 0,interpolation_duration: 1}
$data merge entity $(bone_glowing_eye) {transformation: [-0.9676f,-0.1182f,0.2229f,2.5793f,-0.0938f,0.9887f,0.1169f,4.0985f,-0.2342f,0.0922f,-0.9678f,0.2367f,0f,0f,0f,1f],start_interpolation: 0,interpolation_duration: 1}
$data merge entity $(bone_head) {transformation: [-0.9676f,-0.1182f,0.2229f,2.7724f,-0.0938f,0.9887f,0.1169f,3.9472f,-0.2342f,0.0922f,-0.9678f,0.0333f,0f,0f,0f,1f],start_interpolation: 0,interpolation_duration: 1}
$data merge entity $(bone_leftthumb2) {transformation: [-0.5535f,0.8128f,0.1818f,3.0136f,0.0182f,0.23f,-0.973f,2.6205f,-0.8327f,-0.5352f,-0.1421f,0.3962f,0f,0f,0f,1f],start_interpolation: 0,interpolation_duration: 1}
$data merge entity $(bone_leftthumb) {transformation: [-0.5535f,0.8128f,0.1818f,3.2285f,0.0182f,0.23f,-0.973f,2.5938f,-0.8327f,-0.5352f,-0.1421f,0.2528f,0f,0f,0f,1f],start_interpolation: 0,interpolation_duration: 1}
$data merge entity $(bone_leftpointerfinger) {transformation: [-0.5535f,0.8128f,0.1818f,3.0309f,0.0182f,0.23f,-0.973f,2.4707f,-0.8327f,-0.5352f,-0.1421f,0.5128f,0f,0f,0f,1f],start_interpolation: 0,interpolation_duration: 1}
$data merge entity $(bone_leftmidfinger) {transformation: [-0.5535f,0.8128f,0.1818f,3.0593f,0.0182f,0.23f,-0.973f,2.3187f,-0.8327f,-0.5352f,-0.1421f,0.4906f,0f,0f,0f,1f],start_interpolation: 0,interpolation_duration: 1}
$data merge entity $(bone_leftringfinger) {transformation: [-0.5535f,0.8128f,0.1818f,3.0877f,0.0182f,0.23f,-0.973f,2.1667f,-0.8327f,-0.5352f,-0.1421f,0.4684f,0f,0f,0f,1f],start_interpolation: 0,interpolation_duration: 1}
$data merge entity $(bone_invisibility) {transformation: [0.8255f,-0.1103f,0.5535f,3.0103f,0.1444f,0.9894f,-0.0182f,2.5297f,-0.5456f,0.0949f,0.8327f,0.3026f,0f,0f,0f,1f],start_interpolation: 0,interpolation_duration: 1}
$data merge entity $(bone_swiftness) {transformation: [0.1818f,0.8128f,0.5535f,2.9055f,-0.973f,0.23f,-0.0182f,2.317f,-0.1421f,-0.5352f,0.8327f,0.305f,0f,0f,0f,1f],start_interpolation: 0,interpolation_duration: 1}
$data merge entity $(bone_suspicious_stew) {transformation: [0.8135f,0.1787f,0.5535f,3.0063f,-0.2027f,0.9791f,-0.0182f,2.3365f,-0.5451f,-0.0974f,0.8327f,0.301f,0f,0f,0f,1f],start_interpolation: 0,interpolation_duration: 1}
$data merge entity $(bone_log) {transformation: [-0.5535f,0.8128f,0.1818f,3.0645f,0.0182f,0.23f,-0.973f,2.3213f,-0.8327f,-0.5352f,-0.1421f,0.1494f,0f,0f,0f,1f],start_interpolation: 0,interpolation_duration: 1}
$data merge entity $(bone_planks) {transformation: [-0.5535f,0.8128f,0.1818f,3.0126f,0.0182f,0.23f,-0.973f,2.323f,-0.8327f,-0.5352f,-0.1421f,0.0713f,0f,0f,0f,1f],start_interpolation: 0,interpolation_duration: 1}
$data merge entity $(bone_lefthand1) {transformation: [-0.5535f,0.8128f,0.1818f,3.4004f,0.0182f,0.23f,-0.973f,2.4047f,-0.8327f,-0.5352f,-0.1421f,0.2282f,0f,0f,0f,1f],start_interpolation: 0,interpolation_duration: 1}
$data merge entity $(bone_leftforearm) {transformation: [-0.6278f,0.5618f,0.5387f,3.7585f,0.1841f,0.7797f,-0.5985f,2.9871f,-0.7563f,-0.2766f,-0.5929f,-0.0178f,0f,0f,0f,1f],start_interpolation: 0,interpolation_duration: 1}
$data merge entity $(bone_leftelbow) {transformation: [-0.6278f,0.5618f,0.5387f,3.8638f,0.1841f,0.7797f,-0.5985f,3.1332f,-0.7563f,-0.2766f,-0.5929f,-0.0696f,0f,0f,0f,1f],start_interpolation: 0,interpolation_duration: 1}
$data merge entity $(bone_leftarm) {transformation: [-0.6045f,-0.5006f,0.6197f,3.4579f,0.081f,0.7352f,0.673f,3.3875f,-0.7925f,0.457f,-0.4039f,-0.0203f,0f,0f,0f,1f],start_interpolation: 0,interpolation_duration: 1}
$data merge entity $(bone_rightthumb2) {transformation: [0.1186f,-0.8826f,-0.455f,2.5833f,-0.0593f,0.4511f,-0.8905f,2.7172f,0.9912f,0.1326f,0.0011f,0.3613f,0f,0f,0f,1f],start_interpolation: 0,interpolation_duration: 1}
$data merge entity $(bone_rightthumb) {transformation: [0.1186f,-0.8826f,-0.455f,2.328f,-0.0593f,0.4511f,-0.8905f,2.7517f,0.9912f,0.1326f,0.0011f,0.3939f,0f,0f,0f,1f],start_interpolation: 0,interpolation_duration: 1}
$data merge entity $(bone_rightpointerfinger) {transformation: [0.1186f,-0.8826f,-0.455f,2.6093f,-0.0593f,0.4511f,-0.8905f,2.5555f,0.9912f,0.1326f,0.0011f,0.4589f,0f,0f,0f,1f],start_interpolation: 0,interpolation_duration: 1}
$data merge entity $(bone_rightmidfinger) {transformation: [0.1186f,-0.8826f,-0.455f,2.5382f,-0.0593f,0.4511f,-0.8905f,2.4163f,0.9912f,0.1326f,0.0011f,0.4591f,0f,0f,0f,1f],start_interpolation: 0,interpolation_duration: 1}
$data merge entity $(bone_rightringfinger) {transformation: [0.1186f,-0.8826f,-0.455f,2.4671f,-0.0593f,0.4511f,-0.8905f,2.2772f,0.9912f,0.1326f,0.0011f,0.4592f,0f,0f,0f,1f],start_interpolation: 0,interpolation_duration: 1}
$data merge entity $(bone_hugeasssword) {transformation: [0.4644f,-3.4567f,-1.782f,2.3345f,-0.2323f,1.7668f,-3.4878f,2.5377f,3.8821f,0.5193f,0.0045f,0.2227f,0f,0f,0f,1f],start_interpolation: 0,interpolation_duration: 1}
$data merge entity $(bone_ice) {transformation: [0.1186f,-0.8826f,-0.455f,2.3464f,-0.0593f,0.4511f,-0.8905f,2.5315f,0.9912f,0.1326f,0.0011f,0.2051f,0f,0f,0f,1f],start_interpolation: 0,interpolation_duration: 1}
$data merge entity $(bone_righthand1) {transformation: [0.1186f,-0.8826f,-0.455f,2.1412f,-0.0593f,0.4511f,-0.8905f,2.6016f,0.9912f,0.1326f,0.0011f,0.4861f,0f,0f,0f,1f],start_interpolation: 0,interpolation_duration: 1}
$data merge entity $(bone_rightforearm) {transformation: [-0.5237f,-0.5867f,-0.6177f,1.7622f,0.1178f,0.6682f,-0.7346f,3.071f,0.8437f,-0.4574f,-0.2809f,0.13f,0f,0f,0f,1f],start_interpolation: 0,interpolation_duration: 1}
$data merge entity $(bone_rightelbow) {transformation: [-0.5237f,-0.5867f,-0.6177f,1.6521f,0.1178f,0.6682f,-0.7346f,3.1963f,0.8437f,-0.4574f,-0.2809f,0.0443f,0f,0f,0f,1f],start_interpolation: 0,interpolation_duration: 1}
$data merge entity $(bone_rightarm) {transformation: [-0.4983f,0.7159f,-0.489f,2.0794f,0.2006f,0.6439f,0.7383f,3.3231f,0.8435f,0.2698f,-0.4645f,0.0008f,0f,0f,0f,1f],start_interpolation: 0,interpolation_duration: 1}
$data merge entity $(bone_chest1) {transformation: [-1.0754f,0.001f,-0.131f,2.7585f,-0.0231f,1.0648f,0.1982f,3.3068f,0.129f,0.1995f,-1.057f,-0.139f,0f,0f,0f,1f],start_interpolation: 0,interpolation_duration: 1}
$data merge entity $(bone_chest1lid) {transformation: [-0.9927f,0.0009f,-0.1209f,2.4662f,-0.0214f,0.9829f,0.1829f,2.5562f,0.119f,0.1842f,-0.9757f,0.1575f,0f,0f,0f,1f],start_interpolation: 0,interpolation_duration: 1}
$data merge entity $(bone_chest2) {transformation: [-0.9927f,0.0009f,-0.1209f,2.4661f,-0.0214f,0.9829f,0.1829f,2.4026f,0.119f,0.1842f,-0.9757f,0.1287f,0f,0f,0f,1f],start_interpolation: 0,interpolation_duration: 1}
$data merge entity $(bone_chest1lid3) {transformation: [-0.9927f,0.0009f,-0.1209f,2.4508f,-0.0214f,0.9829f,0.1829f,2.6747f,0.119f,0.1842f,-0.9757f,-0.475f,0f,0f,0f,1f],start_interpolation: 0,interpolation_duration: 1}
$data merge entity $(bone_chest3) {transformation: [-0.9927f,0.0009f,-0.1209f,2.4506f,-0.0214f,0.9829f,0.1829f,2.5211f,0.119f,0.1842f,-0.9757f,-0.5037f,0f,0f,0f,1f],start_interpolation: 0,interpolation_duration: 1}
$data merge entity $(bone_hugeasssword2) {transformation: [0.4737f,2.869f,-2.6239f,1.5045f,-0.7165f,2.6625f,2.7818f,4.4694f,3.8213f,0.1436f,0.8469f,-0.0371f,0f,0f,0f,1f],start_interpolation: 0,interpolation_duration: 1}
$data merge entity $(bone_belt) {transformation: [-0.9927f,0.0009f,-0.1209f,2.8057f,-0.0214f,0.9829f,0.1829f,2.892f,0.119f,0.1842f,-0.9757f,-0.0885f,0f,0f,0f,1f],start_interpolation: 0,interpolation_duration: 1}
$data merge entity $(bone_torn_part) {transformation: [-0.9598f,0.226f,-0.1664f,2.6615f,0.1397f,0.8989f,0.4153f,2.6239f,0.2435f,0.3754f,-0.8943f,-0.1073f,0f,0f,0f,1f],start_interpolation: 0,interpolation_duration: 1}
$data merge entity $(bone_lowerbody) {transformation: [-0.9598f,0.1656f,-0.2267f,2.7063f,0.1397f,0.9822f,0.1258f,2.113f,0.2435f,0.0891f,-0.9658f,-0.0388f,0f,0f,0f,1f],start_interpolation: 0,interpolation_duration: 1}
$data merge entity $(bone_leftfoot) {transformation: [-0.8014f,-0.1245f,-0.585f,3.4381f,-0.2411f,0.9624f,0.1254f,0.1582f,0.5474f,0.2415f,-0.8013f,-0.3077f,0f,0f,0f,1f],start_interpolation: 0,interpolation_duration: 1}
$data merge entity $(bone_leftlowerleg) {transformation: [-0.8014f,-0.1245f,-0.585f,3.3898f,-0.2411f,0.9624f,0.1254f,1.2066f,0.5474f,0.2415f,-0.8013f,0.0834f,0f,0f,0f,1f],start_interpolation: 0,interpolation_duration: 1}
$data merge entity $(bone_leftleg) {transformation: [-0.8506f,-0.4437f,-0.282f,2.9058f,-0.2689f,0.8281f,-0.4919f,2.0721f,0.4518f,-0.3426f,-0.8237f,-0.2496f,0f,0f,0f,1f],start_interpolation: 0,interpolation_duration: 1}
$data merge entity $(bone_rightfoot) {transformation: [-0.6711f,0.7407f,-0.0324f,0.9296f,0.7108f,0.6552f,0.2557f,0.7686f,0.2107f,0.1486f,-0.9662f,-0.0525f,0f,0f,0f,1f],start_interpolation: 0,interpolation_duration: 1}
$data merge entity $(bone_rightlowerleg) {transformation: [-0.6711f,0.7407f,-0.0324f,1.7563f,0.7108f,0.6552f,0.2557f,1.4562f,0.2107f,0.1486f,-0.9662f,0.2608f,0f,0f,0f,1f],start_interpolation: 0,interpolation_duration: 1}
$data merge entity $(bone_rightleg) {transformation: [-0.6836f,0.601f,-0.4142f,2.4149f,0.7005f,0.6996f,-0.141f,2.1704f,0.2051f,-0.3865f,-0.8992f,-0.1353f,0f,0f,0f,1f],start_interpolation: 0,interpolation_duration: 1}
data modify entity @s data merge value {"cameras":{},"locators":{"lefthand":{"posx":3.050075070883834,"posy":2.316848045287229,"posz":0.27150069092470425,"roty":51.99911167957674,"rotx":-76.65873916784028},"sword":{"posx":4.056222842585278,"posy":5.816541089620801,"posz":0.2917773697135332,"roty":269.8565892420054,"rotx":-62.93575532990546},"righthand":{"posx":2.378455117699335,"posy":2.5328337220258583,"posz":0.2959768141696749,"roty":269.8565892420054,"rotx":-62.93575532990546},"chest":{"posx":2.454034769933833,"posy":2.4654849905208684,"posz":0.3021633835132561,"roty":352.93357405530105,"rotx":10.541332190098004}}}