# This file was generated by Animated Java via MC-Build. It is not recommended to edit this file directly.
$data merge entity $(nose) {transformation: [-0.9958f,-0.0867f,-0.0282f,2.7223f,-0.0911f,0.962f,0.2575f,3.9824f,0.0048f,0.259f,-0.9659f,0.2421f,0f,0f,0f,1f],start_interpolation: 0,interpolation_duration: 1}
$data merge entity $(glowing_eye) {transformation: [-0.9958f,-0.0867f,-0.0282f,2.5929f,-0.0911f,0.962f,0.2575f,4.0271f,0.0048f,0.259f,-0.9659f,0.2939f,0f,0f,0f,1f],start_interpolation: 0,interpolation_duration: 1}
$data merge entity $(head) {transformation: [-0.9958f,-0.0867f,-0.0282f,2.7277f,-0.0911f,0.962f,0.2575f,3.9118f,0.0048f,0.259f,-0.9659f,0.0292f,0f,0f,0f,1f],start_interpolation: 0,interpolation_duration: 1}
$data merge entity $(leftthumb2) {transformation: [-0.4306f,0.8608f,0.2712f,3.058f,-0.126f,0.2402f,-0.9625f,2.6604f,-0.8937f,-0.4486f,0.005f,0.481f,0f,0f,0f,1f],start_interpolation: 0,interpolation_duration: 1}
$data merge entity $(leftthumb) {transformation: [-0.4306f,0.8608f,0.2712f,3.2923f,-0.126f,0.2402f,-0.9625f,2.637f,-0.8937f,-0.4486f,0.005f,0.3714f,0f,0f,0f,1f],start_interpolation: 0,interpolation_duration: 1}
$data merge entity $(leftpointerfinger) {transformation: [-0.4306f,0.8608f,0.2712f,3.0696f,-0.126f,0.2402f,-0.9625f,2.5269f,-0.8937f,-0.4486f,0.005f,0.6166f,0f,0f,0f,1f],start_interpolation: 0,interpolation_duration: 1}
$data merge entity $(leftmidfinger) {transformation: [-0.4306f,0.8608f,0.2712f,3.112f,-0.126f,0.2402f,-0.9625f,2.3765f,-0.8937f,-0.4486f,0.005f,0.6174f,0f,0f,0f,1f],start_interpolation: 0,interpolation_duration: 1}
$data merge entity $(leftringfinger) {transformation: [-0.4306f,0.8608f,0.2712f,3.1544f,-0.126f,0.2402f,-0.9625f,2.2261f,-0.8937f,-0.4486f,0.005f,0.6181f,0f,0f,0f,1f],start_interpolation: 0,interpolation_duration: 1}
$data merge entity $(invisibility) {transformation: [0.8812f,-0.1952f,0.4306f,3.0746f,0.1554f,0.9798f,0.126f,2.5596f,-0.4464f,-0.0441f,0.8937f,0.3998f,0f,0f,0f,1f],start_interpolation: 0,interpolation_duration: 1}
$data merge entity $(swiftness) {transformation: [0.2712f,0.8608f,0.4306f,2.9864f,-0.9625f,0.2402f,0.126f,2.34f,0.005f,-0.4486f,0.8937f,0.4149f,0f,0f,0f,1f],start_interpolation: 0,interpolation_duration: 1}
$data merge entity $(suspicious_stew) {transformation: [0.8948f,0.118f,0.4306f,3.0851f,-0.1891f,0.9739f,0.126f,2.3679f,-0.4044f,-0.1941f,0.8937f,0.4217f,0f,0f,0f,1f],start_interpolation: 0,interpolation_duration: 1}
$data merge entity $(log) {transformation: [-0.4306f,0.8608f,0.2712f,3.165f,-0.126f,0.2402f,-0.9625f,2.341f,-0.8937f,-0.4486f,0.005f,0.2821f,0f,0f,0f,1f],start_interpolation: 0,interpolation_duration: 1}
$data merge entity $(planks) {transformation: [-0.4306f,0.8608f,0.2712f,3.1247f,-0.126f,0.2402f,-0.9625f,2.3292f,-0.8937f,-0.4486f,0.005f,0.1983f,0f,0f,0f,1f],start_interpolation: 0,interpolation_duration: 1}
$data merge entity $(lefthand1) {transformation: [-0.4306f,0.8608f,0.2712f,3.4794f,-0.126f,0.2402f,-0.9625f,2.4626f,-0.8937f,-0.4486f,0.005f,0.3932f,0f,0f,0f,1f],start_interpolation: 0,interpolation_duration: 1}
$data merge entity $(leftforearm) {transformation: [-0.6535f,0.485f,0.5811f,3.7793f,0.0381f,0.7878f,-0.6147f,3.0409f,-0.756f,-0.3795f,-0.5333f,0.0702f,0f,0f,0f,1f],start_interpolation: 0,interpolation_duration: 1}
$data merge entity $(leftelbow) {transformation: [-0.6535f,0.485f,0.5811f,3.8703f,0.0381f,0.7878f,-0.6147f,3.1886f,-0.756f,-0.3795f,-0.5333f,-0.0009f,0f,0f,0f,1f],start_interpolation: 0,interpolation_duration: 1}
$data merge entity $(leftarm) {transformation: [-0.6226f,-0.5416f,0.5649f,3.45f,-0.0672f,0.7562f,0.6509f,3.4221f,-0.7797f,0.3673f,-0.5071f,0.0236f,0f,0f,0f,1f],start_interpolation: 0,interpolation_duration: 1}
$data merge entity $(rightthumb2) {transformation: [-0.0405f,-0.927f,-0.3728f,2.5626f,0.0705f,0.3695f,-0.9265f,2.6486f,0.9967f,-0.0638f,0.0504f,0.3599f,0f,0f,0f,1f],start_interpolation: 0,interpolation_duration: 1}
$data merge entity $(rightthumb) {transformation: [-0.0405f,-0.927f,-0.3728f,2.3034f,0.0705f,0.3695f,-0.9265f,2.6601f,0.9967f,-0.0638f,0.0504f,0.3485f,0f,0f,0f,1f],start_interpolation: 0,interpolation_duration: 1}
$data merge entity $(rightpointerfinger) {transformation: [-0.0405f,-0.927f,-0.3728f,2.5857f,0.0705f,0.3695f,-0.9265f,2.5031f,0.9967f,-0.0638f,0.0504f,0.4808f,0f,0f,0f,1f],start_interpolation: 0,interpolation_duration: 1}
$data merge entity $(rightmidfinger) {transformation: [-0.0405f,-0.927f,-0.3728f,2.5274f,0.0705f,0.3695f,-0.9265f,2.3583f,0.9967f,-0.0638f,0.0504f,0.4887f,0f,0f,0f,1f],start_interpolation: 0,interpolation_duration: 1}
$data merge entity $(rightringfinger) {transformation: [-0.0405f,-0.927f,-0.3728f,2.4692f,0.0705f,0.3695f,-0.9265f,2.2135f,0.9967f,-0.0638f,0.0504f,0.4966f,0f,0f,0f,1f],start_interpolation: 0,interpolation_duration: 1}
$data merge entity $(hugeasssword) {transformation: [-0.1586f,-3.6308f,-1.4602f,2.3557f,0.2762f,1.4474f,-3.6289f,2.4291f,3.9037f,-0.2499f,0.1974f,0.2102f,0f,0f,0f,1f],start_interpolation: 0,interpolation_duration: 1}
$data merge entity $(whey) {transformation: [0f,0f,0f,2.502f,0f,0f,0f,2.5127f,0f,0f,0f,0.0378f,0f,0f,0f,1f],start_interpolation: 0,interpolation_duration: 1}
$data merge entity $(ice) {transformation: [-0.0405f,-0.927f,-0.3728f,2.3708f,0.0705f,0.3695f,-0.9265f,2.4223f,0.9967f,-0.0638f,0.0504f,0.1956f,0f,0f,0f,1f],start_interpolation: 0,interpolation_duration: 1}
$data merge entity $(righthand1) {transformation: [-0.0405f,-0.927f,-0.3728f,2.1173f,0.0705f,0.3695f,-0.9265f,2.5033f,0.9967f,-0.0638f,0.0504f,0.4304f,0f,0f,0f,1f],start_interpolation: 0,interpolation_duration: 1}
$data merge entity $(rightforearm) {transformation: [-0.5999f,-0.5633f,-0.5682f,1.7555f,0.0651f,0.6734f,-0.7364f,2.9786f,0.7975f,-0.4787f,-0.3673f,0.0551f,0f,0f,0f,1f],start_interpolation: 0,interpolation_duration: 1}
$data merge entity $(rightelbow) {transformation: [-0.5999f,-0.5633f,-0.5682f,1.6499f,0.0651f,0.6734f,-0.7364f,3.1048f,0.7975f,-0.4787f,-0.3673f,-0.0347f,0f,0f,0f,1f],start_interpolation: 0,interpolation_duration: 1}
$data merge entity $(rightarm) {transformation: [-0.5795f,0.6276f,-0.5199f,2.0628f,0.1521f,0.71f,0.6876f,3.2792f,0.8006f,0.3194f,-0.5069f,-0.0486f,0f,0f,0f,1f],start_interpolation: 0,interpolation_duration: 1}
$data merge entity $(chest1) {transformation: [-1.0795f,-0.0818f,-0.0399f,2.7631f,-0.0871f,1.0664f,0.1698f,3.2774f,0.0264f,0.1724f,-1.0692f,-0.1572f,0f,0f,0f,1f],start_interpolation: 0,interpolation_duration: 1}
$data merge entity $(chest1lid) {transformation: [-0.9965f,-0.0755f,-0.0368f,2.4889f,-0.0804f,0.9844f,0.1568f,2.5159f,0.0244f,0.1592f,-0.987f,0.1285f,0f,0f,0f,1f],start_interpolation: 0,interpolation_duration: 1}
$data merge entity $(chest2) {transformation: [-0.9965f,-0.0755f,-0.0368f,2.5007f,-0.0804f,0.9844f,0.1568f,2.3621f,0.0244f,0.1592f,-0.987f,0.1037f,0f,0f,0f,1f],start_interpolation: 0,interpolation_duration: 1}
$data merge entity $(chest1lid3) {transformation: [-0.9965f,-0.0755f,-0.0368f,2.5276f,-0.0804f,0.9844f,0.1568f,2.6213f,0.0244f,0.1592f,-0.987f,-0.5053f,0f,0f,0f,1f],start_interpolation: 0,interpolation_duration: 1}
$data merge entity $(chest3) {transformation: [-0.9965f,-0.0755f,-0.0368f,2.5394f,-0.0804f,0.9844f,0.1568f,2.4675f,0.0244f,0.1592f,-0.987f,-0.5301f,0f,0f,0f,1f],start_interpolation: 0,interpolation_duration: 1}
$data merge entity $(hugeasssword2) {transformation: [0.1442f,2.6777f,-2.8547f,1.4381f,-0.614f,2.8368f,2.6298f,4.3621f,3.8656f,0.3507f,0.5242f,-0.204f,0f,0f,0f,1f],start_interpolation: 0,interpolation_duration: 1}
$data merge entity $(belt) {transformation: [-0.9965f,-0.0755f,-0.0368f,2.8299f,-0.0804f,0.9844f,0.1568f,2.8674f,0.0244f,0.1592f,-0.987f,-0.0922f,0f,0f,0f,1f],start_interpolation: 0,interpolation_duration: 1}
$data merge entity $(torn_part) {transformation: [-0.9933f,0.0726f,-0.0896f,2.7117f,0.0382f,0.9403f,0.3382f,2.5838f,0.1089f,0.3325f,-0.9368f,-0.1162f,0f,0f,0f,1f],start_interpolation: 0,interpolation_duration: 1}
$data merge entity $(lowerbody) {transformation: [-0.9933f,0.0423f,-0.1073f,2.8032f,0.0382f,0.9985f,0.0398f,2.0869f,0.1089f,0.0355f,-0.9934f,-0.0045f,0f,0f,0f,1f],start_interpolation: 0,interpolation_duration: 1}
$data merge entity $(leftfoot) {transformation: [-0.8291f,-0.0647f,-0.5553f,3.4928f,-0.2288f,0.9455f,0.2316f,0.212f,0.5101f,0.3191f,-0.7988f,-0.266f,0f,0f,0f,1f],start_interpolation: 0,interpolation_duration: 1}
$data merge entity $(leftlowerleg) {transformation: [-0.8291f,-0.0647f,-0.5553f,3.5064f,-0.2288f,0.9455f,0.2316f,1.2253f,0.5101f,0.3191f,-0.7988f,0.2107f,0f,0f,0f,1f],start_interpolation: 0,interpolation_duration: 1}
$data merge entity $(leftleg) {transformation: [-0.8667f,-0.4411f,-0.2332f,3.0236f,-0.2663f,0.8042f,-0.5314f,2.0622f,0.4219f,-0.3984f,-0.8144f,-0.1836f,0f,0f,0f,1f],start_interpolation: 0,interpolation_duration: 1}
$data merge entity $(rightfoot) {transformation: [-0.7677f,0.6371f,0.0689f,1.4162f,0.595f,0.6688f,0.4458f,0.6015f,0.2379f,0.3832f,-0.8925f,-0.204f,0f,0f,0f,1f],start_interpolation: 0,interpolation_duration: 1}
$data merge entity $(rightlowerleg) {transformation: [-0.7677f,0.6371f,0.0689f,2.1124f,0.595f,0.6688f,0.4458f,1.2749f,0.2379f,0.3832f,-0.8925f,0.3582f,0f,0f,0f,1f],start_interpolation: 0,interpolation_duration: 1}
$data merge entity $(rightleg) {transformation: [-0.7785f,0.352f,-0.5197f,2.5048f,0.5322f,0.8092f,-0.2491f,2.1049f,0.3328f,-0.4705f,-0.8172f,-0.1347f,0f,0f,0f,1f],start_interpolation: 0,interpolation_duration: 1}
data modify entity @s data merge value {"cameras":{},"locators":{"soup":{"px":3.0919195577348173,"py":2.5313164744711196,"pz":0.3604510316801475,"ry":154.27670222732297,"rx":7.2380460036695595},"lefthand":{"px":3.1339202187379693,"py":2.3490554714960368,"pz":0.4008767510684155,"ry":91.06170093514449,"rx":-74.2606759907703},"sword":{"px":3.762131328920334,"py":5.854164505615216,"pz":0.10345070703258295,"ry":262.3013319472272,"rx":-67.90089836727874},"righthand":{"px":2.3873623753676547,"py":2.4375684271479723,"pz":0.28929421902567803,"ry":262.3013319472272,"rx":-67.90089836727874},"chest":{"px":2.4682480925519004,"py":2.427356176000318,"pz":0.27355911387314497,"ry":357.8638304780633,"rx":9.01853096829278}}}