# This file was generated by Animated Java via MC-Build. It is not recommended to edit this file directly.
$data merge entity $(bone_nose) {transformation: [-0.9828f,-0.1025f,-0.1534f,2.4413f,-0.1289f,0.9764f,0.1733f,4.1569f,0.132f,0.1901f,-0.9728f,0.2718f,0f,0f,0f,1f],start_interpolation: 0,interpolation_duration: 1}
$data merge entity $(bone_glowing_eye) {transformation: [-0.9828f,-0.1025f,-0.1534f,2.3169f,-0.1289f,0.9764f,0.1733f,4.2009f,0.132f,0.1901f,-0.9728f,0.3351f,0f,0f,0f,1f],start_interpolation: 0,interpolation_duration: 1}
$data merge entity $(bone_head) {transformation: [-0.9828f,-0.1025f,-0.1534f,2.4253f,-0.1289f,0.9764f,0.1733f,4.0688f,0.132f,0.1901f,-0.9728f,0.0662f,0f,0f,0f,1f],start_interpolation: 0,interpolation_duration: 1}
$data merge entity $(bone_leftthumb2) {transformation: [-0.2537f,0.9047f,0.3422f,2.9197f,-0.1714f,0.3062f,-0.9364f,3.0143f,-0.952f,-0.2962f,0.0774f,0.652f,0f,0f,0f,1f],start_interpolation: 0,interpolation_duration: 1}
$data merge entity $(bone_leftthumb) {transformation: [-0.2537f,0.9047f,0.3422f,3.1709f,-0.1714f,0.3062f,-0.9364f,3.0094f,-0.952f,-0.2962f,0.0774f,0.586f,0f,0f,0f,1f],start_interpolation: 0,interpolation_duration: 1}
$data merge entity $(bone_leftpointerfinger) {transformation: [-0.2537f,0.9047f,0.3422f,2.9178f,-0.1714f,0.3062f,-0.9364f,2.8838f,-0.952f,-0.2962f,0.0774f,0.7909f,0f,0f,0f,1f],start_interpolation: 0,interpolation_duration: 1}
$data merge entity $(bone_leftmidfinger) {transformation: [-0.2537f,0.9047f,0.3422f,2.9713f,-0.1714f,0.3062f,-0.9364f,2.7375f,-0.952f,-0.2962f,0.0774f,0.803f,0f,0f,0f,1f],start_interpolation: 0,interpolation_duration: 1}
$data merge entity $(bone_leftringfinger) {transformation: [-0.2537f,0.9047f,0.3422f,3.0248f,-0.1714f,0.3062f,-0.9364f,2.5911f,-0.952f,-0.2962f,0.0774f,0.8151f,0f,0f,0f,1f],start_interpolation: 0,interpolation_duration: 1}
$data merge entity $(bone_invisibility) {transformation: [0.9311f,-0.2621f,0.2537f,2.9585f,0.2234f,0.9595f,0.1714f,2.9144f,-0.2884f,-0.1029f,0.952f,0.5776f,0f,0f,0f,1f],start_interpolation: 0,interpolation_duration: 1}
$data merge entity $(bone_swiftness) {transformation: [0.3422f,0.9047f,0.2537f,2.8869f,-0.9364f,0.3062f,0.1714f,2.6884f,0.0774f,-0.2962f,0.952f,0.5826f,0f,0f,0f,1f],start_interpolation: 0,interpolation_duration: 1}
$data merge entity $(bone_suspicious_stew) {transformation: [0.9646f,0.0722f,0.2537f,2.9803f,-0.1183f,0.9781f,0.1714f,2.7245f,-0.2358f,-0.1953f,0.952f,0.606f,0f,0f,0f,1f],start_interpolation: 0,interpolation_duration: 1}
$data merge entity $(bone_log) {transformation: [-0.2537f,0.9047f,0.3422f,3.0856f,-0.1714f,0.3062f,-0.9364f,2.7028f,-0.952f,-0.2962f,0.0774f,0.4833f,0f,0f,0f,1f],start_interpolation: 0,interpolation_duration: 1}
$data merge entity $(bone_planks) {transformation: [-0.2537f,0.9047f,0.3422f,3.0618f,-0.1714f,0.3062f,-0.9364f,2.6867f,-0.952f,-0.2962f,0.0774f,0.3941f,0f,0f,0f,1f],start_interpolation: 0,interpolation_duration: 1}
$data merge entity $(bone_lefthand1) {transformation: [-0.2537f,0.9047f,0.3422f,3.3645f,-0.1714f,0.3062f,-0.9364f,2.8514f,-0.952f,-0.2962f,0.0774f,0.6449f,0f,0f,0f,1f],start_interpolation: 0,interpolation_duration: 1}
$data merge entity $(bone_leftforearm) {transformation: [-0.6812f,0.3788f,0.6264f,3.5864f,-0.2221f,0.7084f,-0.67f,3.3557f,-0.6975f,-0.5956f,-0.3984f,0.1725f,0f,0f,0f,1f],start_interpolation: 0,interpolation_duration: 1}
$data merge entity $(bone_leftelbow) {transformation: [-0.6812f,0.3788f,0.6264f,3.6574f,-0.2221f,0.7084f,-0.67f,3.4885f,-0.6975f,-0.5956f,-0.3984f,0.0609f,0f,0f,0f,1f],start_interpolation: 0,interpolation_duration: 1}
$data merge entity $(bone_leftarm) {transformation: [-0.6387f,-0.6226f,0.4522f,3.2102f,-0.3254f,0.7511f,0.5744f,3.667f,-0.6972f,0.2198f,-0.6823f,0.0619f,0f,0f,0f,1f],start_interpolation: 0,interpolation_duration: 1}
$data merge entity $(bone_rightthumb2) {transformation: [-0.2077f,-0.9287f,-0.3073f,2.4113f,0.0761f,0.2978f,-0.9516f,2.7483f,0.9752f,-0.221f,0.0089f,0.432f,0f,0f,0f,1f],start_interpolation: 0,interpolation_duration: 1}
$data merge entity $(bone_rightthumb) {transformation: [-0.2077f,-0.9287f,-0.3073f,2.1573f,0.0761f,0.2978f,-0.9516f,2.74f,0.9752f,-0.221f,0.0089f,0.3786f,0f,0f,0f,1f],start_interpolation: 0,interpolation_duration: 1}
$data merge entity $(bone_rightpointerfinger) {transformation: [-0.2077f,-0.9287f,-0.3073f,2.4249f,0.0761f,0.2978f,-0.9516f,2.606f,0.9752f,-0.221f,0.0089f,0.5582f,0f,0f,0f,1f],start_interpolation: 0,interpolation_duration: 1}
$data merge entity $(bone_rightmidfinger) {transformation: [-0.2077f,-0.9287f,-0.3073f,2.3769f,0.0761f,0.2978f,-0.9516f,2.4573f,0.9752f,-0.221f,0.0089f,0.5596f,0f,0f,0f,1f],start_interpolation: 0,interpolation_duration: 1}
$data merge entity $(bone_rightringfinger) {transformation: [-0.2077f,-0.9287f,-0.3073f,2.3288f,0.0761f,0.2978f,-0.9516f,2.3086f,0.9752f,-0.221f,0.0089f,0.561f,0f,0f,0f,1f],start_interpolation: 0,interpolation_duration: 1}
$data merge entity $(bone_hugeasssword) {transformation: [-0.8134f,-3.6373f,-1.2036f,2.2482f,0.2982f,1.1666f,-3.727f,2.5124f,3.8197f,-0.8656f,0.0347f,0.2555f,0f,0f,0f,1f],start_interpolation: 0,interpolation_duration: 1}
$data merge entity $(bone_ice) {transformation: [-0.2077f,-0.9287f,-0.3073f,2.2659f,0.0761f,0.2978f,-0.9516f,2.5066f,0.9752f,-0.221f,0.0089f,0.2437f,0f,0f,0f,1f],start_interpolation: 0,interpolation_duration: 1}
$data merge entity $(bone_righthand1) {transformation: [-0.2077f,-0.9287f,-0.3073f,1.9722f,0.0761f,0.2978f,-0.9516f,2.5704f,0.9752f,-0.221f,0.0089f,0.4326f,0f,0f,0f,1f],start_interpolation: 0,interpolation_duration: 1}
$data merge entity $(bone_rightforearm) {transformation: [-0.5517f,-0.6437f,-0.5304f,1.5505f,-0.066f,0.6676f,-0.7416f,3.0492f,0.8315f,-0.3741f,-0.4108f,0.1205f,0f,0f,0f,1f],start_interpolation: 0,interpolation_duration: 1}
$data merge entity $(bone_rightelbow) {transformation: [-0.5517f,-0.6437f,-0.5304f,1.4298f,-0.066f,0.6676f,-0.7416f,3.1744f,0.8315f,-0.3741f,-0.4108f,0.0503f,0f,0f,0f,1f],start_interpolation: 0,interpolation_duration: 1}
$data merge entity $(bone_rightarm) {transformation: [-0.5389f,0.575f,-0.6156f,1.8213f,0.0226f,0.7404f,0.6718f,3.3925f,0.8421f,0.3481f,-0.412f,0.0291f,0f,0f,0f,1f],start_interpolation: 0,interpolation_duration: 1}
$data merge entity $(bone_chest1) {transformation: [-1.0609f,-0.2186f,0.0165f,2.5426f,-0.2159f,1.0559f,0.1097f,3.44f,-0.0383f,0.1042f,-1.0776f,-0.0942f,0f,0f,0f,1f],start_interpolation: 0,interpolation_duration: 1}
$data merge entity $(bone_chest1lid) {transformation: [-0.9793f,-0.2018f,0.0153f,2.3402f,-0.1993f,0.9747f,0.1013f,2.6661f,-0.0353f,0.0962f,-0.9947f,0.2172f,0f,0f,0f,1f],start_interpolation: 0,interpolation_duration: 1}
$data merge entity $(bone_chest2) {transformation: [-0.9793f,-0.2018f,0.0153f,2.3718f,-0.1993f,0.9747f,0.1013f,2.5139f,-0.0353f,0.0962f,-0.9947f,0.2022f,0f,0f,0f,1f],start_interpolation: 0,interpolation_duration: 1}
$data merge entity $(bone_chest1lid3) {transformation: [-0.9793f,-0.2018f,0.0153f,2.4112f,-0.1993f,0.9747f,0.1013f,2.7435f,-0.0353f,0.0962f,-0.9947f,-0.4178f,0f,0f,0f,1f],start_interpolation: 0,interpolation_duration: 1}
$data merge entity $(bone_chest3) {transformation: [-0.9793f,-0.2018f,0.0153f,2.4428f,-0.1993f,0.9747f,0.1013f,2.5912f,-0.0353f,0.0962f,-0.9947f,-0.4328f,0f,0f,0f,1f],start_interpolation: 0,interpolation_duration: 1}
$data merge entity $(bone_hugeasssword2) {transformation: [-0.0597f,2.2939f,-3.1741f,1.106f,-0.3968f,3.1546f,2.2873f,4.3522f,3.8961f,0.3564f,0.1842f,-0.2897f,0f,0f,0f,1f],start_interpolation: 0,interpolation_duration: 1}
$data merge entity $(bone_belt) {transformation: [-0.9793f,-0.2018f,0.0153f,2.6524f,-0.1993f,0.9747f,0.1013f,3.0449f,-0.0353f,0.0962f,-0.9947f,-0.0012f,0f,0f,0f,1f],start_interpolation: 0,interpolation_duration: 1}
$data merge entity $(bone_torn_part) {transformation: [-0.9917f,-0.1275f,-0.0164f,2.5785f,-0.1257f,0.9345f,0.3331f,2.7459f,-0.0271f,0.3324f,-0.9428f,-0.0295f,0f,0f,0f,1f],start_interpolation: 0,interpolation_duration: 1}
$data merge entity $(bone_lowerbody) {transformation: [-0.9917f,-0.1266f,0.0227f,2.734f,-0.1257f,0.9914f,0.0367f,2.269f,-0.0271f,0.0335f,-0.9991f,0.0973f,0f,0f,0f,1f],start_interpolation: 0,interpolation_duration: 1}
$data merge entity $(bone_leftfoot) {transformation: [-0.8283f,-0.3243f,-0.4569f,3.7624f,-0.3559f,0.9344f,-0.0181f,0.3552f,0.4327f,0.1476f,-0.8893f,-0.1774f,0f,0f,0f,1f],start_interpolation: 0,interpolation_duration: 1}
$data merge entity $(bone_leftlowerleg) {transformation: [-0.8283f,-0.3243f,-0.4569f,3.4728f,-0.3559f,0.9344f,-0.0181f,1.3945f,0.4327f,0.1476f,-0.8893f,0.123f,0f,0f,0f,1f],start_interpolation: 0,interpolation_duration: 1}
$data merge entity $(bone_leftleg) {transformation: [-0.8626f,-0.464f,-0.2015f,2.9648f,-0.3886f,0.8629f,-0.3232f,2.2982f,0.3238f,-0.2005f,-0.9246f,-0.059f,0f,0f,0f,1f],start_interpolation: 0,interpolation_duration: 1}
$data merge entity $(bone_rightfoot) {transformation: [-0.9967f,0.0806f,0.0015f,2.3505f,0.0735f,0.9008f,0.4281f,0.3032f,0.0331f,0.4268f,-0.9038f,-0.402f,0f,0f,0f,1f],start_interpolation: 0,interpolation_duration: 1}
$data merge entity $(bone_rightlowerleg) {transformation: [-0.9967f,0.0806f,0.0015f,2.4396f,0.0735f,0.9008f,0.4281f,1.2367f,0.0331f,0.4268f,-0.9038f,0.2103f,0f,0f,0f,1f],start_interpolation: 0,interpolation_duration: 1}
$data merge entity $(bone_rightleg) {transformation: [-0.9957f,0.0055f,-0.092f,2.4757f,0.0315f,0.9583f,-0.2839f,2.2407f,0.0866f,-0.2856f,-0.9544f,-0.0776f,0f,0f,0f,1f],start_interpolation: 0,interpolation_duration: 1}
data modify entity @s data merge value {"cameras":{},"locators":{"lefthand":{"posx":3.033354588175685,"posy":2.7095415446898827,"posz":0.594527086912031,"roty":102.74441577752634,"rotx":-69.45798665892842},"sword":{"posx":3.39894386676142,"posy":6.032869054149817,"posz":0.3057844474936852,"roty":268.3481672714676,"rotx":-72.09572415342251},"righthand":{"posx":2.265775560855261,"posy":2.5239492808616735,"posz":0.33846265303269124,"roty":268.3481672714676,"rotx":-72.09572415342251},"chest":{"posx":2.3198672083930894,"posy":2.5831758534882145,"posz":0.3655566987755169,"roty":0.8785662930374087,"rotx":5.813935447460386}}}