# This file was generated by Animated Java via MC-Build. It is not recommended to edit this file directly.
$data merge entity $(bone_nose) {transformation: [-0.9476f,-0.0918f,-0.306f,2.2996f,-0.1226f,0.989f,0.083f,4.1227f,0.295f,0.1162f,-0.9484f,0.3338f,0f,0f,0f,1f],start_interpolation: 0,interpolation_duration: 1}
$data merge entity $(bone_glowing_eye) {transformation: [-0.9476f,-0.0918f,-0.306f,2.1856f,-0.1226f,0.989f,0.083f,4.1715f,0.295f,0.1162f,-0.9484f,0.4116f,0f,0f,0f,1f],start_interpolation: 0,interpolation_duration: 1}
$data merge entity $(bone_head) {transformation: [-0.9476f,-0.0918f,-0.306f,2.2537f,-0.1226f,0.989f,0.083f,4.0161f,0.295f,0.1162f,-0.9484f,0.1419f,0f,0f,0f,1f],start_interpolation: 0,interpolation_duration: 1}
$data merge entity $(bone_leftthumb2) {transformation: [-0.3763f,0.8821f,0.2835f,2.7642f,-0.175f,0.2328f,-0.9566f,2.9035f,-0.9098f,-0.4096f,0.0668f,0.6319f,0f,0f,0f,1f],start_interpolation: 0,interpolation_duration: 1}
$data merge entity $(bone_leftthumb) {transformation: [-0.3763f,0.8821f,0.2835f,3.0048f,-0.175f,0.2328f,-0.9566f,2.8788f,-0.9098f,-0.4096f,0.0668f,0.5372f,0f,0f,0f,1f],start_interpolation: 0,interpolation_duration: 1}
$data merge entity $(bone_leftpointerfinger) {transformation: [-0.3763f,0.8821f,0.2835f,2.7698f,-0.175f,0.2328f,-0.9566f,2.7767f,-0.9098f,-0.4096f,0.0668f,0.7742f,0f,0f,0f,1f],start_interpolation: 0,interpolation_duration: 1}
$data merge entity $(bone_leftmidfinger) {transformation: [-0.3763f,0.8821f,0.2835f,2.8141f,-0.175f,0.2328f,-0.9566f,2.6272f,-0.9098f,-0.4096f,0.0668f,0.7846f,0f,0f,0f,1f],start_interpolation: 0,interpolation_duration: 1}
$data merge entity $(bone_leftringfinger) {transformation: [-0.3763f,0.8821f,0.2835f,2.8584f,-0.175f,0.2328f,-0.9566f,2.4778f,-0.9098f,-0.4096f,0.0668f,0.7951f,0f,0f,0f,1f],start_interpolation: 0,interpolation_duration: 1}
$data merge entity $(bone_invisibility) {transformation: [0.9034f,-0.2056f,0.3763f,2.7869f,0.1486f,0.9733f,0.175f,2.7993f,-0.4022f,-0.1022f,0.9098f,0.5567f,0f,0f,0f,1f],start_interpolation: 0,interpolation_duration: 1}
$data merge entity $(bone_swiftness) {transformation: [0.2835f,0.8821f,0.3763f,2.701f,-0.9566f,0.2328f,0.175f,2.5792f,0.0668f,-0.4096f,0.9098f,0.5773f,0f,0f,0f,1f],start_interpolation: 0,interpolation_duration: 1}
$data merge entity $(bone_suspicious_stew) {transformation: [0.9192f,0.1158f,0.3763f,2.7987f,-0.1933f,0.9654f,0.175f,2.609f,-0.343f,-0.2336f,0.9098f,0.5885f,0f,0f,0f,1f],start_interpolation: 0,interpolation_duration: 1}
$data merge entity $(bone_log) {transformation: [-0.3763f,0.8821f,0.2835f,2.887f,-0.175f,0.2328f,-0.9566f,2.5768f,-0.9098f,-0.4096f,0.0668f,0.4551f,0f,0f,0f,1f],start_interpolation: 0,interpolation_duration: 1}
$data merge entity $(bone_planks) {transformation: [-0.3763f,0.8821f,0.2835f,2.8517f,-0.175f,0.2328f,-0.9566f,2.5604f,-0.9098f,-0.4096f,0.0668f,0.3698f,0f,0f,0f,1f],start_interpolation: 0,interpolation_duration: 1}
$data merge entity $(bone_lefthand1) {transformation: [-0.3763f,0.8821f,0.2835f,3.1927f,-0.175f,0.2328f,-0.9566f,2.7087f,-0.9098f,-0.4096f,0.0668f,0.5781f,0f,0f,0f,1f],start_interpolation: 0,interpolation_duration: 1}
$data merge entity $(bone_leftforearm) {transformation: [-0.7205f,0.3489f,0.5993f,3.3924f,-0.1612f,0.7562f,-0.6342f,3.2518f,-0.6744f,-0.5535f,-0.4886f,0.1359f,0f,0f,0f,1f],start_interpolation: 0,interpolation_duration: 1}
$data merge entity $(bone_leftelbow) {transformation: [-0.7205f,0.3489f,0.5993f,3.4578f,-0.1612f,0.7562f,-0.6342f,3.3936f,-0.6744f,-0.5535f,-0.4886f,0.0321f,0f,0f,0f,1f],start_interpolation: 0,interpolation_duration: 1}
$data merge entity $(bone_leftarm) {transformation: [-0.6809f,-0.5696f,0.4604f,3.0242f,-0.2669f,0.7784f,0.5682f,3.6025f,-0.682f,0.264f,-0.682f,0.0508f,0f,0f,0f,1f],start_interpolation: 0,interpolation_duration: 1}
$data merge entity $(bone_rightthumb2) {transformation: [-0.0832f,-0.9269f,-0.366f,2.2894f,0.1096f,0.3566f,-0.9278f,2.6766f,0.9905f,-0.1173f,0.0719f,0.4869f,0f,0f,0f,1f],start_interpolation: 0,interpolation_duration: 1}
$data merge entity $(bone_rightthumb) {transformation: [-0.0832f,-0.9269f,-0.366f,2.0308f,0.1096f,0.3566f,-0.9278f,2.6847f,0.9905f,-0.1173f,0.0719f,0.4643f,0f,0f,0f,1f],start_interpolation: 0,interpolation_duration: 1}
$data merge entity $(bone_rightpointerfinger) {transformation: [-0.0832f,-0.9269f,-0.366f,2.3087f,0.1096f,0.3566f,-0.9278f,2.5362f,0.9905f,-0.1173f,0.0719f,0.6145f,0f,0f,0f,1f],start_interpolation: 0,interpolation_duration: 1}
$data merge entity $(bone_rightmidfinger) {transformation: [-0.0832f,-0.9269f,-0.366f,2.2515f,0.1096f,0.3566f,-0.9278f,2.3913f,0.9905f,-0.1173f,0.0719f,0.6257f,0f,0f,0f,1f],start_interpolation: 0,interpolation_duration: 1}
$data merge entity $(bone_rightringfinger) {transformation: [-0.0832f,-0.9269f,-0.366f,2.1943f,0.1096f,0.3566f,-0.9278f,2.2463f,0.9905f,-0.1173f,0.0719f,0.637f,0f,0f,0f,1f],start_interpolation: 0,interpolation_duration: 1}
$data merge entity $(bone_hugeasssword) {transformation: [-0.3259f,-3.6302f,-1.4337f,2.091f,0.4293f,1.3966f,-3.6339f,2.4491f,3.8794f,-0.4596f,0.2817f,0.3377f,0f,0f,0f,1f],start_interpolation: 0,interpolation_duration: 1}
$data merge entity $(bone_ice) {transformation: [-0.0832f,-0.9269f,-0.366f,2.1068f,0.1096f,0.3566f,-0.9278f,2.4418f,0.9905f,-0.1173f,0.0719f,0.324f,0f,0f,0f,1f],start_interpolation: 0,interpolation_duration: 1}
$data merge entity $(bone_righthand1) {transformation: [-0.0832f,-0.9269f,-0.366f,1.8429f,0.1096f,0.3566f,-0.9278f,2.5294f,0.9905f,-0.1173f,0.0719f,0.5446f,0f,0f,0f,1f],start_interpolation: 0,interpolation_duration: 1}
$data merge entity $(bone_rightforearm) {transformation: [-0.4259f,-0.6931f,-0.5816f,1.3812f,-0.0985f,0.6745f,-0.7316f,3.0169f,0.8994f,-0.2543f,-0.3555f,0.3104f,0f,0f,0f,1f],start_interpolation: 0,interpolation_duration: 1}
$data merge entity $(bone_rightelbow) {transformation: [-0.4259f,-0.6931f,-0.5816f,1.2513f,-0.0985f,0.6745f,-0.7316f,3.1433f,0.8994f,-0.2543f,-0.3555f,0.2628f,0f,0f,0f,1f],start_interpolation: 0,interpolation_duration: 1}
$data merge entity $(bone_rightarm) {transformation: [-0.4103f,0.6447f,-0.645f,1.6445f,-0.012f,0.7034f,0.7107f,3.3483f,0.9119f,0.2994f,-0.2808f,0.1968f,0f,0f,0f,1f],start_interpolation: 0,interpolation_duration: 1}
$data merge entity $(bone_chest1) {transformation: [-1.0537f,-0.2069f,-0.1432f,2.3521f,-0.2239f,1.0523f,0.1272f,3.386f,0.1149f,0.1533f,-1.0663f,-0.0321f,0f,0f,0f,1f],start_interpolation: 0,interpolation_duration: 1}
$data merge entity $(bone_chest1lid) {transformation: [-0.9726f,-0.191f,-0.1322f,2.2023f,-0.2067f,0.9713f,0.1174f,2.6056f,0.106f,0.1415f,-0.9842f,0.2925f,0f,0f,0f,1f],start_interpolation: 0,interpolation_duration: 1}
$data merge entity $(bone_chest2) {transformation: [-0.9726f,-0.191f,-0.1322f,2.2321f,-0.2067f,0.9713f,0.1174f,2.4538f,0.106f,0.1415f,-0.9842f,0.2704f,0f,0f,0f,1f],start_interpolation: 0,interpolation_duration: 1}
$data merge entity $(bone_chest1lid3) {transformation: [-0.9726f,-0.191f,-0.1322f,2.1783f,-0.2067f,0.9713f,0.1174f,2.6937f,0.106f,0.1415f,-0.9842f,-0.3446f,0f,0f,0f,1f],start_interpolation: 0,interpolation_duration: 1}
$data merge entity $(bone_chest3) {transformation: [-0.9726f,-0.191f,-0.1322f,2.2082f,-0.2067f,0.9713f,0.1174f,2.542f,0.106f,0.1415f,-0.9842f,-0.3667f,0f,0f,0f,1f],start_interpolation: 0,interpolation_duration: 1}
$data merge entity $(bone_hugeasssword2) {transformation: [0.5179f,2.3033f,-3.1252f,0.8971f,-0.4597f,3.1671f,2.258f,4.2895f,3.855f,0.0683f,0.6891f,0.0019f,0f,0f,0f,1f],start_interpolation: 0,interpolation_duration: 1}
$data merge entity $(bone_belt) {transformation: [-0.9726f,-0.191f,-0.1322f,2.4766f,-0.2067f,0.9713f,0.1174f,2.9903f,0.106f,0.1415f,-0.9842f,0.037f,0f,0f,0f,1f],start_interpolation: 0,interpolation_duration: 1}
$data merge entity $(bone_torn_part) {transformation: [-0.9905f,-0.0616f,-0.1232f,2.3974f,-0.0975f,0.9452f,0.3115f,2.693f,0.0972f,0.3205f,-0.9422f,0.0187f,0f,0f,0f,1f],start_interpolation: 0,interpolation_duration: 1}
$data merge entity $(bone_lowerbody) {transformation: [-0.9905f,-0.0958f,-0.099f,2.5548f,-0.0975f,0.9952f,0.0129f,2.2148f,0.0972f,0.0224f,-0.995f,0.1382f,0f,0f,0f,1f],start_interpolation: 0,interpolation_duration: 1}
$data merge entity $(bone_leftfoot) {transformation: [-0.7033f,-0.5451f,-0.4563f,4.0564f,-0.5098f,0.8341f,-0.2106f,0.5534f,0.4954f,0.0845f,-0.8646f,-0.0564f,0f,0f,0f,1f],start_interpolation: 0,interpolation_duration: 1}
$data merge entity $(bone_leftlowerleg) {transformation: [-0.7033f,-0.5451f,-0.4563f,3.5218f,-0.5098f,0.8341f,-0.2106f,1.5111f,0.4954f,0.0845f,-0.8646f,0.1702f,0f,0f,0f,1f],start_interpolation: 0,interpolation_duration: 1}
$data merge entity $(bone_leftleg) {transformation: [-0.7094f,-0.6883f,-0.1516f,2.7805f,-0.5698f,0.6867f,-0.4514f,2.2266f,0.4148f,-0.2338f,-0.8794f,-0.0446f,0f,0f,0f,1f],start_interpolation: 0,interpolation_duration: 1}
$data merge entity $(bone_rightfoot) {transformation: [-0.9939f,-0.1095f,0.0157f,2.5489f,-0.094f,0.9107f,0.4023f,0.2271f,-0.0584f,0.3983f,-0.9154f,-0.4061f,0f,0f,0f,1f],start_interpolation: 0,interpolation_duration: 1}
$data merge entity $(bone_rightlowerleg) {transformation: [-0.9939f,-0.1095f,0.0157f,2.4251f,-0.094f,0.9107f,0.4023f,1.1756f,-0.0584f,0.3983f,-0.9154f,0.1764f,0f,0f,0f,1f],start_interpolation: 0,interpolation_duration: 1}
$data merge entity $(bone_rightleg) {transformation: [-0.9879f,-0.1531f,0.0232f,2.2926f,-0.1547f,0.9699f,-0.1882f,2.1989f,0.0063f,-0.1895f,-0.9819f,-0.0058f,0f,0f,0f,1f],start_interpolation: 0,interpolation_duration: 1}
data modify entity @s data merge value {"cameras":{},"locators":{"lefthand":{"posx":2.8488967986093043,"posy":2.5899933315876393,"posz":0.5713455560342405,"roty":103.25202730017757,"rotx":-73.06517794599038},"sword":{"posx":3.469004610898253,"posy":5.882320597712428,"posz":0.15237949936617973,"roty":258.8840359210308,"rotx":-68.09682704334934},"righthand":{"posx":2.119230006755149,"posy":2.4610005839329645,"posz":0.4175853275872641,"roty":258.8840359210308,"rotx":-68.09682704334934},"chest":{"posx":2.204453816949163,"posy":2.5201055536915598,"posz":0.4407984736206534,"roty":352.3486150075612,"rotx":6.7410492309097005}}}