# This file was generated by Animated Java via MC-Build. It is not recommended to edit this file directly.
$data merge entity $(nose) {transformation: [-0.9988f,-0.0045f,0.0484f,-0.0078f,0.0001f,0.9956f,0.0939f,4.2338f,-0.0487f,0.0938f,-0.9944f,0.1181f,0f,0f,0f,1f],start_interpolation: 0,interpolation_duration: 1}
$data merge entity $(glowing_eye) {transformation: [-0.9988f,-0.0045f,0.0484f,-0.1347f,0.0001f,0.9956f,0.0939f,4.2979f,-0.0487f,0.0938f,-0.9944f,0.1531f,0f,0f,0f,1f],start_interpolation: 0,interpolation_duration: 1}
$data merge entity $(head) {transformation: [-0.9988f,-0.0045f,0.0484f,0.0018f,0.0001f,0.9956f,0.0939f,4.1285f,-0.0487f,0.0938f,-0.9944f,-0.0797f,0f,0f,0f,1f],start_interpolation: 0,interpolation_duration: 1}
$data merge entity $(leftthumb2) {transformation: [-0.9983f,-0.0266f,-0.0514f,0.7733f,-0.013f,0.9685f,-0.2487f,2.0454f,0.0564f,-0.2477f,-0.9672f,0.9929f,0f,0f,0f,1f],start_interpolation: 0,interpolation_duration: 1}
$data merge entity $(leftthumb) {transformation: [-0.9983f,-0.0266f,-0.0514f,0.7624f,-0.013f,0.9685f,-0.2487f,2.2617f,0.0564f,-0.2477f,-0.9672f,0.8495f,0f,0f,0f,1f],start_interpolation: 0,interpolation_duration: 1}
$data merge entity $(leftpointerfinger) {transformation: [-0.9983f,-0.0266f,-0.0514f,0.8779f,-0.013f,0.9685f,-0.2487f,1.9336f,0.0564f,-0.2477f,-0.9672f,0.8793f,0f,0f,0f,1f],start_interpolation: 0,interpolation_duration: 1}
$data merge entity $(leftmidfinger) {transformation: [-0.9983f,-0.0266f,-0.0514f,0.8698f,-0.013f,0.9685f,-0.2487f,1.8948f,0.0564f,-0.2477f,-0.9672f,0.7281f,0f,0f,0f,1f],start_interpolation: 0,interpolation_duration: 1}
$data merge entity $(leftringfinger) {transformation: [-0.9983f,-0.0266f,-0.0514f,0.8618f,-0.013f,0.9685f,-0.2487f,1.8559f,0.0564f,-0.2477f,-0.9672f,0.577f,0f,0f,0f,1f],start_interpolation: 0,interpolation_duration: 1}
$data merge entity $(invisibility) {transformation: [-0.031f,0.0489f,0.9983f,0.6894f,0.9431f,0.3322f,0.013f,2.0449f,-0.331f,0.9419f,-0.0564f,0.893f,0f,0f,0f,1f],start_interpolation: 0,interpolation_duration: 1}
$data merge entity $(swiftness) {transformation: [-0.0514f,-0.0266f,0.9983f,0.6313f,-0.2487f,0.9685f,0.013f,1.8664f,-0.9672f,-0.2477f,-0.0564f,0.7481f,0f,0f,0f,1f],start_interpolation: 0,interpolation_duration: 1}
$data merge entity $(suspicious_stew) {transformation: [-0.0458f,0.0353f,0.9983f,0.681f,0.7726f,0.6347f,0.013f,1.9529f,-0.6332f,0.7719f,-0.0564f,0.7232f,0f,0f,0f,1f],start_interpolation: 0,interpolation_duration: 1}
$data merge entity $(log) {transformation: [-0.9983f,-0.0266f,-0.0514f,0.5817f,-0.013f,0.9685f,-0.2487f,2.0611f,0.0564f,-0.2477f,-0.9672f,0.6522f,0f,0f,0f,1f],start_interpolation: 0,interpolation_duration: 1}
$data merge entity $(planks) {transformation: [-0.9983f,-0.0266f,-0.0514f,0.4881f,-0.013f,0.9685f,-0.2487f,2.0598f,0.0564f,-0.2477f,-0.9672f,0.6575f,0f,0f,0f,1f],start_interpolation: 0,interpolation_duration: 1}
$data merge entity $(lefthand1) {transformation: [-0.9983f,-0.0266f,-0.0514f,0.8262f,-0.013f,0.9685f,-0.2487f,2.3142f,0.0564f,-0.2477f,-0.9672f,0.6064f,0f,0f,0f,1f],start_interpolation: 0,interpolation_duration: 1}
$data merge entity $(leftforearm) {transformation: [-0.8433f,0.086f,0.5305f,0.8443f,-0.0887f,0.9513f,-0.2952f,2.9807f,-0.53f,-0.296f,-0.7947f,0.3835f,0f,0f,0f,1f],start_interpolation: 0,interpolation_duration: 1}
$data merge entity $(leftelbow) {transformation: [-0.8433f,0.086f,0.5305f,0.8605f,-0.0887f,0.9513f,-0.2952f,3.1591f,-0.53f,-0.296f,-0.7947f,0.328f,0f,0f,0f,1f],start_interpolation: 0,interpolation_duration: 1}
$data merge entity $(leftarm) {transformation: [-0.8311f,0.0228f,0.5557f,0.6707f,-0.1975f,0.9219f,-0.3333f,3.5904f,-0.5199f,-0.3867f,-0.7617f,0.0421f,0f,0f,0f,1f],start_interpolation: 0,interpolation_duration: 1}
$data merge entity $(rightthumb2) {transformation: [-0.914f,0.1007f,-0.3929f,-0.8174f,0.1294f,0.9905f,-0.0472f,1.9336f,0.3844f,-0.094f,-0.9184f,0.6857f,0f,0f,0f,1f],start_interpolation: 0,interpolation_duration: 1}
$data merge entity $(rightthumb) {transformation: [-0.914f,0.1007f,-0.3929f,-0.8263f,0.1294f,0.9905f,-0.0472f,2.1725f,0.3844f,-0.094f,-0.9184f,0.5842f,0f,0f,0f,1f],start_interpolation: 0,interpolation_duration: 1}
$data merge entity $(rightpointerfinger) {transformation: [-0.914f,0.1007f,-0.3929f,-0.9777f,0.1294f,0.9905f,-0.0472f,1.8594f,0.3844f,-0.094f,-0.9184f,0.614f,0f,0f,0f,1f],start_interpolation: 0,interpolation_duration: 1}
$data merge entity $(rightmidfinger) {transformation: [-0.914f,0.1007f,-0.3929f,-1.0391f,0.1294f,0.9905f,-0.0472f,1.8521f,0.3844f,-0.094f,-0.9184f,0.4705f,0f,0f,0f,1f],start_interpolation: 0,interpolation_duration: 1}
$data merge entity $(rightringfinger) {transformation: [-0.914f,0.1007f,-0.3929f,-1.1005f,0.1294f,0.9905f,-0.0472f,1.8447f,0.3844f,-0.094f,-0.9184f,0.327f,0f,0f,0f,1f],start_interpolation: 0,interpolation_duration: 1}
$data merge entity $(hugeasssword) {transformation: [-3.58f,0.3943f,-1.539f,-0.7697f,0.5067f,3.8793f,-0.1849f,2.0196f,1.5057f,-0.3681f,-3.5969f,0.3637f,0f,0f,0f,1f],start_interpolation: 0,interpolation_duration: 1}
$data merge entity $(whey) {transformation: [0f,0f,0f,-0.5668f,0f,0f,0f,1.9112f,0f,0f,0f,0.4356f,0f,0f,0f,1f],start_interpolation: 0,interpolation_duration: 1}
$data merge entity $(ice) {transformation: [-0.914f,0.1007f,-0.3929f,-0.757f,0.1294f,0.9905f,-0.0472f,2.0021f,0.3844f,-0.094f,-0.9184f,0.3591f,0f,0f,0f,1f],start_interpolation: 0,interpolation_duration: 1}
$data merge entity $(righthand1) {transformation: [-0.914f,0.1007f,-0.3929f,-0.9726f,0.1294f,0.9905f,-0.0472f,2.2806f,0.3844f,-0.094f,-0.9184f,0.4031f,0f,0f,0f,1f],start_interpolation: 0,interpolation_duration: 1}
$data merge entity $(rightforearm) {transformation: [-0.6936f,0.0382f,-0.7193f,-0.8982f,0.1661f,0.9802f,-0.108f,2.9598f,0.7009f,-0.1944f,-0.6862f,0.2396f,0f,0f,0f,1f],start_interpolation: 0,interpolation_duration: 1}
$data merge entity $(rightelbow) {transformation: [-0.6936f,0.0382f,-0.7193f,-0.891f,0.1661f,0.9802f,-0.108f,3.1436f,0.7009f,-0.1944f,-0.6862f,0.2031f,0f,0f,0f,1f],start_interpolation: 0,interpolation_duration: 1}
$data merge entity $(rightarm) {transformation: [-0.6733f,0.1209f,-0.7294f,-0.6625f,0.2743f,0.957f,-0.0946f,3.5639f,0.6866f,-0.2638f,-0.6775f,-0.0561f,0f,0f,0f,1f],start_interpolation: 0,interpolation_duration: 1}
$data merge entity $(chest1) {transformation: [-1.082f,0.0017f,0.0547f,0.0038f,0.0015f,1.0833f,-0.0046f,3.4777f,-0.0547f,-0.0045f,-1.0819f,-0.1806f,0f,0f,0f,1f],start_interpolation: 0,interpolation_duration: 1}
$data merge entity $(chest1lid) {transformation: [-0.9987f,0.0016f,0.0505f,-0.358f,0.0014f,1f,-0.0042f,2.7963f,-0.0505f,-0.0041f,-0.9987f,0.1958f,0f,0f,0f,1f],start_interpolation: 0,interpolation_duration: 1}
$data merge entity $(chest2) {transformation: [-0.9987f,0.0016f,0.0505f,-0.3583f,0.0014f,1f,-0.0042f,2.6401f,-0.0505f,-0.0041f,-0.9987f,0.1964f,0f,0f,0f,1f],start_interpolation: 0,interpolation_duration: 1}
$data merge entity $(chest1lid3) {transformation: [-0.9987f,0.0016f,0.0505f,-0.2633f,0.0014f,1f,-0.0042f,2.7936f,-0.0505f,-0.0041f,-0.9987f,-0.4409f,0f,0f,0f,1f],start_interpolation: 0,interpolation_duration: 1}
$data merge entity $(chest3) {transformation: [-0.9987f,0.0016f,0.0505f,-0.2635f,0.0014f,1f,-0.0042f,2.6373f,-0.0505f,-0.0041f,-0.9987f,-0.4402f,0f,0f,0f,1f],start_interpolation: 0,interpolation_duration: 1}
$data merge entity $(hugeasssword2) {transformation: [-0.1976f,2.8882f,-2.638f,-1.2114f,0.0165f,2.642f,2.8913f,4.6386f,3.9116f,0.1348f,-0.1455f,-0.5122f,0f,0f,0f,1f],start_interpolation: 0,interpolation_duration: 1}
$data merge entity $(belt) {transformation: [-0.9987f,0.0016f,0.0505f,0.0285f,0.0014f,1f,-0.0042f,3.0798f,-0.0505f,-0.0041f,-0.9987f,-0.0466f,0f,0f,0f,1f],start_interpolation: 0,interpolation_duration: 1}
$data merge entity $(torn_part) {transformation: [-0.997f,0.0045f,0.0771f,-0.0975f,0.0229f,0.9708f,0.2389f,2.7956f,-0.0738f,0.24f,-0.968f,-0.0516f,0f,0f,0f,1f],start_interpolation: 0,interpolation_duration: 1}
$data merge entity $(lowerbody) {transformation: [-0.997f,0.0275f,0.0722f,-0.0237f,0.0229f,0.9977f,-0.0641f,2.3152f,-0.0738f,-0.0622f,-0.9953f,0.126f,0f,0f,0f,1f],start_interpolation: 0,interpolation_duration: 1}
$data merge entity $(leftfoot) {transformation: [-0.9614f,-0.1251f,-0.2452f,0.4736f,-0.1204f,0.9921f,-0.0343f,0.1795f,0.2476f,-0.0034f,-0.9689f,0.0724f,0f,0f,0f,1f],start_interpolation: 0,interpolation_duration: 1}
$data merge entity $(leftlowerleg) {transformation: [-0.9614f,-0.1251f,-0.2452f,0.3725f,-0.1204f,0.9921f,-0.0343f,1.2854f,0.2476f,-0.0034f,-0.9689f,0.2175f,0f,0f,0f,1f],start_interpolation: 0,interpolation_duration: 1}
$data merge entity $(leftleg) {transformation: [-0.9748f,-0.1247f,-0.1851f,0.2161f,-0.0706f,0.9591f,-0.2742f,2.3021f,0.2117f,-0.2543f,-0.9437f,-0.0222f,0f,0f,0f,1f],start_interpolation: 0,interpolation_duration: 1}
$data merge entity $(rightfoot) {transformation: [-0.917f,0.0048f,0.3988f,-0.2022f,0.0486f,0.9938f,0.1f,0.1875f,-0.3958f,0.1111f,-0.9116f,-0.2002f,0f,0f,0f,1f],start_interpolation: 0,interpolation_duration: 1}
$data merge entity $(rightlowerleg) {transformation: [-0.917f,0.0048f,0.3988f,-0.2582f,0.0486f,0.9938f,0.1f,1.2746f,-0.3958f,0.1111f,-0.9116f,0.0631f,0f,0f,0f,1f],start_interpolation: 0,interpolation_duration: 1}
$data merge entity $(rightleg) {transformation: [-0.9693f,-0.0126f,0.2455f,-0.2521f,-0.0477f,0.9894f,-0.1374f,2.3244f,-0.2412f,-0.1449f,-0.9596f,-0.0626f,0f,0f,0f,1f],start_interpolation: 0,interpolation_duration: 1}
data modify entity @s data merge value {"cameras":{},"locators":{"soup":{"px":0.6558595921862207,"py":2.061564447305127,"pz":0.8576664414215619,"ry":86.7672201609303,"rx":0.7439575558839586},"lefthand":{"px":0.6781300928903856,"py":1.9904999421614835,"pz":0.6813961137276513,"ry":356.95828780317635,"rx":-14.402941752637979},"sword":{"px":0.610788533430783,"py":2.173630610011831,"pz":3.797441883179617,"ry":336.83587149524715,"rx":-2.7062327969415048},"righthand":{"px":-0.8381322871886363,"py":1.9995248826813463,"pz":0.4110024696825628,"ry":336.83587149524715,"rx":-2.7062327969415048},"chest":{"px":-0.3972276144267276,"py":2.7345358303700253,"pz":0.35050533857971844,"ry":2.8924878031898515,"rx":-0.2408014002537709}}}