# This file was generated by Animated Java via MC-Build. It is not recommended to edit this file directly.
$data merge entity $(nose) {transformation: [-0.9116f,-0.2628f,-0.3162f,2.108f,-0.2976f,0.9524f,0.0666f,4.1199f,0.2837f,0.1548f,-0.9463f,0.4218f,0f,0f,0f,1f],start_interpolation: 0,interpolation_duration: 1}
$data merge entity $(glowing_eye) {transformation: [-0.9116f,-0.2628f,-0.3162f,1.9873f,-0.2976f,0.9524f,0.0666f,4.1449f,0.2837f,0.1548f,-0.9463f,0.5007f,0f,0f,0f,1f],start_interpolation: 0,interpolation_duration: 1}
$data merge entity $(head) {transformation: [-0.9116f,-0.2628f,-0.3162f,2.0812f,-0.2976f,0.9524f,0.0666f,4.0148f,0.2837f,0.1548f,-0.9463f,0.2254f,0f,0f,0f,1f],start_interpolation: 0,interpolation_duration: 1}
$data merge entity $(leftthumb2) {transformation: [-0.4364f,0.8584f,0.2696f,2.6885f,-0.1361f,0.2332f,-0.9629f,2.8549f,-0.8894f,-0.4568f,0.0151f,0.6437f,0f,0f,0f,1f],start_interpolation: 0,interpolation_duration: 1}
$data merge entity $(leftthumb) {transformation: [-0.4364f,0.8584f,0.2696f,2.9221f,-0.1361f,0.2332f,-0.9629f,2.8298f,-0.8894f,-0.4568f,0.0151f,0.533f,0f,0f,0f,1f],start_interpolation: 0,interpolation_duration: 1}
$data merge entity $(leftpointerfinger) {transformation: [-0.4364f,0.8584f,0.2696f,2.7008f,-0.1361f,0.2332f,-0.9629f,2.723f,-0.8894f,-0.4568f,0.0151f,0.7809f,0f,0f,0f,1f],start_interpolation: 0,interpolation_duration: 1}
$data merge entity $(leftmidfinger) {transformation: [-0.4364f,0.8584f,0.2696f,2.7429f,-0.1361f,0.2332f,-0.9629f,2.5726f,-0.8894f,-0.4568f,0.0151f,0.7832f,0f,0f,0f,1f],start_interpolation: 0,interpolation_duration: 1}
$data merge entity $(leftringfinger) {transformation: [-0.4364f,0.8584f,0.2696f,2.785f,-0.1361f,0.2332f,-0.9629f,2.4221f,-0.8894f,-0.4568f,0.0151f,0.7856f,0f,0f,0f,1f],start_interpolation: 0,interpolation_duration: 1}
$data merge entity $(invisibility) {transformation: [0.8787f,-0.1937f,0.4364f,2.7044f,0.1484f,0.9795f,0.1361f,2.7531f,-0.4538f,-0.0548f,0.8894f,0.5636f,0f,0f,0f,1f],start_interpolation: 0,interpolation_duration: 1}
$data merge entity $(swiftness) {transformation: [0.2696f,0.8584f,0.4364f,2.616f,-0.9629f,0.2332f,0.1361f,2.5339f,0.0151f,-0.4568f,0.8894f,0.582f,0f,0f,0f,1f],start_interpolation: 0,interpolation_duration: 1}
$data merge entity $(suspicious_stew) {transformation: [0.8919f,0.1185f,0.4364f,2.7147f,-0.1956f,0.9712f,0.1361f,2.5616f,-0.4077f,-0.2067f,0.8894f,0.5879f,0f,0f,0f,1f],start_interpolation: 0,interpolation_duration: 1}
$data merge entity $(log) {transformation: [-0.4364f,0.8584f,0.2696f,2.7938f,-0.1361f,0.2332f,-0.9629f,2.5329f,-0.8894f,-0.4568f,0.0151f,0.4481f,0f,0f,0f,1f],start_interpolation: 0,interpolation_duration: 1}
$data merge entity $(planks) {transformation: [-0.4364f,0.8584f,0.2696f,2.7529f,-0.1361f,0.2332f,-0.9629f,2.5201f,-0.8894f,-0.4568f,0.0151f,0.3647f,0f,0f,0f,1f],start_interpolation: 0,interpolation_duration: 1}
$data merge entity $(lefthand1) {transformation: [-0.4364f,0.8584f,0.2696f,3.109f,-0.1361f,0.2332f,-0.9629f,2.6553f,-0.8894f,-0.4568f,0.0151f,0.5558f,0f,0f,0f,1f],start_interpolation: 0,interpolation_duration: 1}
$data merge entity $(leftforearm) {transformation: [-0.7837f,0.273f,0.558f,3.2511f,-0.1202f,0.8147f,-0.5673f,3.2437f,-0.6094f,-0.5116f,-0.6057f,0.1473f,0f,0f,0f,1f],start_interpolation: 0,interpolation_duration: 1}
$data merge entity $(leftelbow) {transformation: [-0.7837f,0.273f,0.558f,3.3023f,-0.1202f,0.8147f,-0.5673f,3.3965f,-0.6094f,-0.5116f,-0.6057f,0.0514f,0f,0f,0f,1f],start_interpolation: 0,interpolation_duration: 1}
$data merge entity $(leftarm) {transformation: [-0.7443f,-0.533f,0.4024f,2.8762f,-0.2256f,0.7678f,0.5997f,3.6112f,-0.6286f,0.3555f,-0.6917f,0.1182f,0f,0f,0f,1f],start_interpolation: 0,interpolation_duration: 1}
$data merge entity $(rightthumb2) {transformation: [-0.0171f,-0.9211f,-0.389f,2.2046f,0.1014f,0.3855f,-0.9171f,2.701f,0.9947f,-0.0552f,0.0868f,0.4909f,0f,0f,0f,1f],start_interpolation: 0,interpolation_duration: 1}
$data merge entity $(rightthumb) {transformation: [-0.0171f,-0.9211f,-0.389f,1.9454f,0.1014f,0.3855f,-0.9171f,2.7172f,0.9947f,-0.0552f,0.0868f,0.4848f,0f,0f,0f,1f],start_interpolation: 0,interpolation_duration: 1}
$data merge entity $(rightpointerfinger) {transformation: [-0.0171f,-0.9211f,-0.389f,2.2276f,0.1014f,0.3855f,-0.9171f,2.5588f,0.9947f,-0.0552f,0.0868f,0.6157f,0f,0f,0f,1f],start_interpolation: 0,interpolation_duration: 1}
$data merge entity $(rightmidfinger) {transformation: [-0.0171f,-0.9211f,-0.389f,2.1668f,0.1014f,0.3855f,-0.9171f,2.4155f,0.9947f,-0.0552f,0.0868f,0.6293f,0f,0f,0f,1f],start_interpolation: 0,interpolation_duration: 1}
$data merge entity $(rightringfinger) {transformation: [-0.0171f,-0.9211f,-0.389f,2.106f,0.1014f,0.3855f,-0.9171f,2.2722f,0.9947f,-0.0552f,0.0868f,0.6429f,0f,0f,0f,1f],start_interpolation: 0,interpolation_duration: 1}
$data merge entity $(hugeasssword) {transformation: [-0.0671f,-3.6075f,-1.5237f,1.9903f,0.3971f,1.5098f,-3.5921f,2.4812f,3.8959f,-0.216f,0.3399f,0.3525f,0f,0f,0f,1f],start_interpolation: 0,interpolation_duration: 1}
$data merge entity $(whey) {transformation: [0f,0f,0f,2.1343f,0f,0f,0f,2.5566f,0f,0f,0f,0.1745f,0f,0f,0f,1f],start_interpolation: 0,interpolation_duration: 1}
$data merge entity $(ice) {transformation: [-0.0171f,-0.9211f,-0.389f,2.005f,0.1014f,0.3855f,-0.9171f,2.4736f,0.9947f,-0.0552f,0.0868f,0.3378f,0f,0f,0f,1f],start_interpolation: 0,interpolation_duration: 1}
$data merge entity $(righthand1) {transformation: [-0.0171f,-0.9211f,-0.389f,1.7583f,0.1014f,0.3855f,-0.9171f,2.5667f,0.9947f,-0.0552f,0.0868f,0.5754f,0f,0f,0f,1f],start_interpolation: 0,interpolation_duration: 1}
$data merge entity $(rightforearm) {transformation: [-0.297f,-0.7484f,-0.593f,1.2515f,-0.0835f,0.639f,-0.7646f,3.0297f,0.9512f,-0.1775f,-0.2523f,0.3918f,0f,0f,0f,1f],start_interpolation: 0,interpolation_duration: 1}
$data merge entity $(rightelbow) {transformation: [-0.297f,-0.7484f,-0.593f,1.1112f,-0.0835f,0.639f,-0.7646f,3.1495f,0.9512f,-0.1775f,-0.2523f,0.3585f,0f,0f,0f,1f],start_interpolation: 0,interpolation_duration: 1}
$data merge entity $(rightarm) {transformation: [-0.2813f,0.6848f,-0.6722f,1.4954f,0.0016f,0.7008f,0.7133f,3.3459f,0.9596f,0.1996f,-0.1982f,0.2373f,0f,0f,0f,1f],start_interpolation: 0,interpolation_duration: 1}
$data merge entity $(chest1) {transformation: [-1.0496f,-0.1988f,-0.1801f,2.1971f,-0.2288f,1.0433f,0.1813f,3.398f,0.1402f,0.2137f,-1.0528f,0.0208f,0f,0f,0f,1f],start_interpolation: 0,interpolation_duration: 1}
$data merge entity $(chest1lid) {transformation: [-0.9688f,-0.1835f,-0.1663f,2.0568f,-0.2112f,0.963f,0.1673f,2.6023f,0.1294f,0.1972f,-0.9718f,0.3105f,0f,0f,0f,1f],start_interpolation: 0,interpolation_duration: 1}
$data merge entity $(chest2) {transformation: [-0.9688f,-0.1835f,-0.1663f,2.0855f,-0.2112f,0.963f,0.1673f,2.4518f,0.1294f,0.1972f,-0.9718f,0.2797f,0f,0f,0f,1f],start_interpolation: 0,interpolation_duration: 1}
$data merge entity $(chest1lid3) {transformation: [-0.9688f,-0.1835f,-0.1663f,2.0109f,-0.2112f,0.963f,0.1673f,2.7227f,0.1294f,0.1972f,-0.9718f,-0.3202f,0f,0f,0f,1f],start_interpolation: 0,interpolation_duration: 1}
$data merge entity $(chest3) {transformation: [-0.9688f,-0.1835f,-0.1663f,2.0396f,-0.2112f,0.963f,0.1673f,2.5722f,0.1294f,0.1972f,-0.9718f,-0.351f,0f,0f,0f,1f],start_interpolation: 0,interpolation_duration: 1}
$data merge entity $(hugeasssword2) {transformation: [0.6513f,2.312f,-3.0936f,0.7464f,-0.6553f,3.158f,2.2222f,4.2996f,3.8061f,0.1481f,0.912f,0.1517f,0f,0f,0f,1f],start_interpolation: 0,interpolation_duration: 1}
$data merge entity $(belt) {transformation: [-0.9688f,-0.1835f,-0.1663f,2.323f,-0.2112f,0.963f,0.1673f,2.9993f,0.1294f,0.1972f,-0.9718f,0.0653f,0f,0f,0f,1f],start_interpolation: 0,interpolation_duration: 1}
$data merge entity $(torn_part) {transformation: [-0.9871f,0.0108f,-0.1596f,2.2347f,-0.0453f,0.9379f,0.3439f,2.7073f,0.1534f,0.3467f,-0.9254f,0.0403f,0f,0f,0f,1f],start_interpolation: 0,interpolation_duration: 1}
$data merge entity $(lowerbody) {transformation: [-0.9871f,-0.0377f,-0.1554f,2.3714f,-0.0453f,0.9979f,0.0459f,2.218f,0.1534f,0.0524f,-0.9868f,0.1386f,0f,0f,0f,1f],start_interpolation: 0,interpolation_duration: 1}
$data merge entity $(leftfoot) {transformation: [-0.7587f,-0.4069f,-0.5088f,3.6465f,-0.4066f,0.9059f,-0.1182f,0.4469f,0.5091f,0.1172f,-0.8527f,-0.0383f,0f,0f,0f,1f],start_interpolation: 0,interpolation_duration: 1}
$data merge entity $(leftlowerleg) {transformation: [-0.7587f,-0.4069f,-0.5088f,3.2733f,-0.4066f,0.9059f,-0.1182f,1.4701f,0.5091f,0.1172f,-0.8527f,0.2227f,0f,0f,0f,1f],start_interpolation: 0,interpolation_duration: 1}
$data merge entity $(leftleg) {transformation: [-0.7489f,-0.6356f,-0.1874f,2.5874f,-0.4787f,0.7144f,-0.5104f,2.2148f,0.4583f,-0.2925f,-0.8393f,-0.0542f,0f,0f,0f,1f],start_interpolation: 0,interpolation_duration: 1}
$data merge entity $(rightfoot) {transformation: [-0.9862f,-0.1638f,0.0224f,2.4007f,-0.1365f,0.883f,0.4491f,0.282f,-0.0934f,0.4399f,-0.8932f,-0.4271f,0f,0f,0f,1f],start_interpolation: 0,interpolation_duration: 1}
$data merge entity $(rightlowerleg) {transformation: [-0.9862f,-0.1638f,0.0224f,2.2155f,-0.1365f,0.883f,0.4491f,1.1926f,-0.0934f,0.4399f,-0.8932f,0.1981f,0f,0f,0f,1f],start_interpolation: 0,interpolation_duration: 1}
$data merge entity $(rightleg) {transformation: [-0.9854f,-0.1269f,0.1139f,2.1115f,-0.1464f,0.972f,-0.1836f,2.2168f,-0.0874f,-0.1976f,-0.9764f,0.0092f,0f,0f,0f,1f],start_interpolation: 0,interpolation_duration: 1}
data modify entity @s data merge value {"cameras":{},"locators":{"soup":{"px":2.7214627535160063,"py":2.7242821251212743,"pz":0.5245619046119265,"ry":153.86734540881642,"rx":7.821367581085795},"lefthand":{"px":2.7633985799318226,"py":2.5424511138789168,"pz":0.5669439448135031,"ry":93.19964337753572,"rx":-74.33625931304053},"sword":{"px":3.4583754105365925,"py":5.873330775723659,"pz":0.1105487542786448,"ry":257.4233906052462,"rx":-66.50990743263806},"righthand":{"px":2.0238398155003963,"py":2.491417546573783,"pz":0.4305906063467869,"ry":257.4233906052462,"rx":-66.50990743263806},"chest":{"px":2.064026634055928,"py":2.5093401815728353,"pz":0.45404163165655653,"ry":350.2898733121713,"rx":9.632164790353091}}}