# This file was generated by Animated Java via MC-Build. It is not recommended to edit this file directly.
$data merge entity $(bone_nose) {transformation: [-0.8366f,-0.5117f,-0.1955f,1.8442f,-0.5368f,0.837f,0.1061f,4.1568f,0.1094f,0.1937f,-0.975f,0.4655f,0f,0f,0f,1f],start_interpolation: 0,interpolation_duration: 1}
$data merge entity $(bone_glowing_eye) {transformation: [-0.8366f,-0.5117f,-0.1955f,1.7118f,-0.5368f,0.837f,0.1061f,4.1426f,0.1094f,0.1937f,-0.975f,0.5263f,0f,0f,0f,1f],start_interpolation: 0,interpolation_duration: 1}
$data merge entity $(bone_head) {transformation: [-0.8366f,-0.5117f,-0.1955f,1.8708f,-0.5368f,0.837f,0.1061f,4.0733f,0.1094f,0.1937f,-0.975f,0.2591f,0f,0f,0f,1f],start_interpolation: 0,interpolation_duration: 1}
$data merge entity $(bone_leftthumb2) {transformation: [-0.3844f,0.876f,0.2913f,2.6349f,-0.0707f,0.2866f,-0.9554f,2.9355f,-0.9205f,-0.3879f,-0.0482f,0.7081f,0f,0f,0f,1f],start_interpolation: 0,interpolation_duration: 1}
$data merge entity $(bone_leftthumb) {transformation: [-0.3844f,0.876f,0.2913f,2.8746f,-0.0707f,0.2866f,-0.9554f,2.9242f,-0.9205f,-0.3879f,-0.0482f,0.6088f,0f,0f,0f,1f],start_interpolation: 0,interpolation_duration: 1}
$data merge entity $(bone_leftpointerfinger) {transformation: [-0.3844f,0.876f,0.2913f,2.6429f,-0.0707f,0.2866f,-0.9554f,2.7931f,-0.9205f,-0.3879f,-0.0482f,0.8345f,0f,0f,0f,1f],start_interpolation: 0,interpolation_duration: 1}
$data merge entity $(bone_leftmidfinger) {transformation: [-0.3844f,0.876f,0.2913f,2.6884f,-0.0707f,0.2866f,-0.9554f,2.6438f,-0.9205f,-0.3879f,-0.0482f,0.827f,0f,0f,0f,1f],start_interpolation: 0,interpolation_duration: 1}
$data merge entity $(bone_leftringfinger) {transformation: [-0.3844f,0.876f,0.2913f,2.7339f,-0.0707f,0.2866f,-0.9554f,2.4945f,-0.9205f,-0.3879f,-0.0482f,0.8194f,0f,0f,0f,1f],start_interpolation: 0,interpolation_duration: 1}
$data merge entity $(bone_invisibility) {transformation: [0.8981f,-0.2138f,0.3844f,2.6575f,0.2023f,0.9768f,0.0707f,2.841f,-0.3906f,0.0143f,0.9205f,0.621f,0f,0f,0f,1f],start_interpolation: 0,interpolation_duration: 1}
$data merge entity $(bone_swiftness) {transformation: [0.2913f,0.876f,0.3844f,2.5735f,-0.9554f,0.2866f,0.0707f,2.6194f,-0.0482f,-0.3879f,0.9205f,0.6165f,0f,0f,0f,1f],start_interpolation: 0,interpolation_duration: 1}
$data merge entity $(bone_suspicious_stew) {transformation: [0.917f,0.1063f,0.3844f,2.6711f,-0.144f,0.987f,0.0707f,2.6484f,-0.3719f,-0.1202f,0.9205f,0.6301f,0f,0f,0f,1f],start_interpolation: 0,interpolation_duration: 1}
$data merge entity $(bone_log) {transformation: [-0.3844f,0.876f,0.2913f,2.7582f,-0.0707f,0.2866f,-0.9554f,2.6329f,-0.9205f,-0.3879f,-0.0482f,0.4931f,0f,0f,0f,1f],start_interpolation: 0,interpolation_duration: 1}
$data merge entity $(bone_planks) {transformation: [-0.3844f,0.876f,0.2913f,2.7222f,-0.0707f,0.2866f,-0.9554f,2.6262f,-0.9205f,-0.3879f,-0.0482f,0.4068f,0f,0f,0f,1f],start_interpolation: 0,interpolation_duration: 1}
$data merge entity $(bone_lefthand1) {transformation: [-0.3844f,0.876f,0.2913f,3.0642f,-0.0707f,0.2866f,-0.9554f,2.752f,-0.9205f,-0.3879f,-0.0482f,0.6278f,0f,0f,0f,1f],start_interpolation: 0,interpolation_duration: 1}
$data merge entity $(bone_leftforearm) {transformation: [-0.8319f,0.1616f,0.5309f,3.1235f,-0.1581f,0.8481f,-0.5058f,3.3623f,-0.532f,-0.5047f,-0.6799f,0.2296f,0f,0f,0f,1f],start_interpolation: 0,interpolation_duration: 1}
$data merge entity $(bone_leftelbow) {transformation: [-0.8319f,0.1616f,0.5309f,3.1538f,-0.1581f,0.8481f,-0.5058f,3.5213f,-0.532f,-0.5047f,-0.6799f,0.1349f,0f,0f,0f,1f],start_interpolation: 0,interpolation_duration: 1}
$data merge entity $(bone_leftarm) {transformation: [-0.7879f,-0.538f,0.2995f,2.7251f,-0.2606f,0.7321f,0.6294f,3.7126f,-0.5579f,0.4179f,-0.717f,0.2449f,0f,0f,0f,1f],start_interpolation: 0,interpolation_duration: 1}
$data merge entity $(bone_rightthumb2) {transformation: [-0.0751f,-0.9294f,-0.3615f,2.1181f,-0.0031f,0.3627f,-0.9319f,2.8131f,0.9972f,-0.0689f,-0.0301f,0.3968f,0f,0f,0f,1f],start_interpolation: 0,interpolation_duration: 1}
$data merge entity $(bone_rightthumb) {transformation: [-0.0751f,-0.9294f,-0.3615f,1.8593f,-0.0031f,0.3627f,-0.9319f,2.8224f,0.9972f,-0.0689f,-0.0301f,0.3773f,0f,0f,0f,1f],start_interpolation: 0,interpolation_duration: 1}
$data merge entity $(bone_rightpointerfinger) {transformation: [-0.0751f,-0.9294f,-0.3615f,2.1391f,-0.0031f,0.3627f,-0.9319f,2.6593f,0.9972f,-0.0689f,-0.0301f,0.5076f,0f,0f,0f,1f],start_interpolation: 0,interpolation_duration: 1}
$data merge entity $(bone_rightmidfinger) {transformation: [-0.0751f,-0.9294f,-0.3615f,2.0826f,-0.0031f,0.3627f,-0.9319f,2.5137f,0.9972f,-0.0689f,-0.0301f,0.5029f,0f,0f,0f,1f],start_interpolation: 0,interpolation_duration: 1}
$data merge entity $(bone_rightringfinger) {transformation: [-0.0751f,-0.9294f,-0.3615f,2.0261f,-0.0031f,0.3627f,-0.9319f,2.3681f,0.9972f,-0.0689f,-0.0301f,0.4982f,0f,0f,0f,1f],start_interpolation: 0,interpolation_duration: 1}
$data merge entity $(bone_hugeasssword) {transformation: [-0.2941f,-3.64f,-1.4157f,1.9194f,-0.0121f,1.4206f,-3.6499f,2.6028f,3.9056f,-0.2697f,-0.1179f,0.2245f,0f,0f,0f,1f],start_interpolation: 0,interpolation_duration: 1}
$data merge entity $(bone_ice) {transformation: [-0.0751f,-0.9294f,-0.3615f,1.9351f,-0.0031f,0.3627f,-0.9319f,2.5972f,0.9972f,-0.0689f,-0.0301f,0.21f,0f,0f,0f,1f],start_interpolation: 0,interpolation_duration: 1}
$data merge entity $(bone_righthand1) {transformation: [-0.0751f,-0.9294f,-0.3615f,1.6727f,-0.0031f,0.3627f,-0.9319f,2.658f,0.9972f,-0.0689f,-0.0301f,0.4411f,0f,0f,0f,1f],start_interpolation: 0,interpolation_duration: 1}
$data merge entity $(bone_rightforearm) {transformation: [-0.2349f,-0.8048f,-0.5451f,1.1229f,-0.1029f,0.5782f,-0.8094f,3.0801f,0.9666f,-0.1341f,-0.2186f,0.2879f,0f,0f,0f,1f],start_interpolation: 0,interpolation_duration: 1}
$data merge entity $(bone_rightelbow) {transformation: [-0.2349f,-0.8048f,-0.5451f,0.972f,-0.1029f,0.5782f,-0.8094f,3.1885f,0.9666f,-0.1341f,-0.2186f,0.2628f,0f,0f,0f,1f],start_interpolation: 0,interpolation_duration: 1}
$data merge entity $(bone_rightarm) {transformation: [-0.2242f,0.659f,-0.718f,1.3394f,-0.0179f,0.7338f,0.6791f,3.4027f,0.9744f,0.1651f,-0.1527f,0.1212f,0f,0f,0f,1f],start_interpolation: 0,interpolation_duration: 1}
$data merge entity $(bone_chest1) {transformation: [-1.0568f,-0.2328f,-0.0498f,2.0506f,-0.2381f,1.0319f,0.2283f,3.4785f,-0.0017f,0.2336f,-1.0578f,0.0415f,0f,0f,0f,1f],start_interpolation: 0,interpolation_duration: 1}
$data merge entity $(bone_chest1lid) {transformation: [-0.9756f,-0.2149f,-0.0459f,1.8824f,-0.2198f,0.9525f,0.2107f,2.67f,-0.0015f,0.2157f,-0.9765f,0.2757f,0f,0f,0f,1f],start_interpolation: 0,interpolation_duration: 1}
$data merge entity $(bone_chest2) {transformation: [-0.9756f,-0.2149f,-0.0459f,1.916f,-0.2198f,0.9525f,0.2107f,2.5212f,-0.0015f,0.2157f,-0.9765f,0.242f,0f,0f,0f,1f],start_interpolation: 0,interpolation_duration: 1}
$data merge entity $(bone_chest1lid3) {transformation: [-0.9756f,-0.2149f,-0.0459f,1.9139f,-0.2198f,0.9525f,0.2107f,2.8187f,-0.0015f,0.2157f,-0.9765f,-0.3498f,0f,0f,0f,1f],start_interpolation: 0,interpolation_duration: 1}
$data merge entity $(bone_chest3) {transformation: [-0.9756f,-0.2149f,-0.0459f,1.9475f,-0.2198f,0.9525f,0.2107f,2.6699f,-0.0015f,0.2157f,-0.9765f,-0.3835f,0f,0f,0f,1f],start_interpolation: 0,interpolation_duration: 1}
$data merge entity $(bone_hugeasssword2) {transformation: [0.1799f,2.2484f,-3.202f,0.5871f,-0.8253f,3.155f,2.1691f,4.3688f,3.8245f,0.575f,0.6187f,0.0311f,0f,0f,0f,1f],start_interpolation: 0,interpolation_duration: 1}
$data merge entity $(bone_belt) {transformation: [-0.9756f,-0.2149f,-0.0459f,2.1735f,-0.2198f,0.9525f,0.2107f,3.0785f,-0.0015f,0.2157f,-0.9765f,0.0835f,0f,0f,0f,1f],start_interpolation: 0,interpolation_duration: 1}
$data merge entity $(bone_torn_part) {transformation: [-0.9967f,0.0223f,-0.0784f,2.0839f,-0.0108f,0.9175f,0.3976f,2.7923f,0.0808f,0.3971f,-0.9142f,0.0383f,0f,0f,0f,1f],start_interpolation: 0,interpolation_duration: 1}
$data merge entity $(bone_lowerbody) {transformation: [-0.9967f,-0.0023f,-0.0815f,2.1939f,-0.0108f,0.9946f,0.1032f,2.2932f,0.0808f,0.1038f,-0.9913f,0.1192f,0f,0f,0f,1f],start_interpolation: 0,interpolation_duration: 1}
$data merge entity $(bone_leftfoot) {transformation: [-0.8759f,0.0409f,-0.4808f,2.6463f,-0.0588f,0.9799f,0.1905f,0.3118f,0.4789f,0.1951f,-0.8559f,-0.0597f,0f,0f,0f,1f],start_interpolation: 0,interpolation_duration: 1}
$data merge entity $(bone_leftlowerleg) {transformation: [-0.8759f,0.0409f,-0.4808f,2.7656f,-0.0588f,0.9799f,0.1905f,1.3696f,0.4789f,0.1951f,-0.8559f,0.2883f,0f,0f,0f,1f],start_interpolation: 0,interpolation_duration: 1}
$data merge entity $(bone_leftleg) {transformation: [-0.8822f,-0.3213f,-0.3442f,2.4074f,-0.1427f,0.879f,-0.4549f,2.2913f,0.4487f,-0.3522f,-0.8214f,-0.0528f,0f,0f,0f,1f],start_interpolation: 0,interpolation_duration: 1}
$data merge entity $(bone_rightfoot) {transformation: [-0.995f,-0.0924f,0.0389f,1.9616f,-0.0615f,0.869f,0.4909f,0.4197f,-0.0792f,0.486f,-0.8703f,-0.3829f,0f,0f,0f,1f],start_interpolation: 0,interpolation_duration: 1}
$data merge entity $(bone_rightlowerleg) {transformation: [-0.995f,-0.0924f,0.0389f,1.8531f,-0.0615f,0.869f,0.4909f,1.3084f,-0.0792f,0.486f,-0.8703f,0.29f,0f,0f,0f,1f],start_interpolation: 0,interpolation_duration: 1}
$data merge entity $(bone_rightleg) {transformation: [-0.9848f,0.0559f,0.1646f,1.9437f,-0.0002f,0.9465f,-0.3228f,2.2983f,-0.1739f,-0.3179f,-0.932f,-0.0247f,0f,0f,0f,1f],start_interpolation: 0,interpolation_duration: 1}
data modify entity @s data merge value {"cameras":{},"locators":{"lefthand":{"posx":2.7212430221794723,"posy":2.632016111328699,"posz":0.6104583569726326,"roty":80.59476584391312,"rotx":-72.82908892760037},"sword":{"posx":3.281145529376176,"posy":6.042153120627621,"posz":0.4159739860508246,"roty":274.7595034001979,"rotx":-68.7327501512009},"righthand":{"posx":1.9482327394539196,"posy":2.6057766310545603,"posz":0.3049948602153487,"roty":274.7595034001979,"rotx":-68.7327501512009},"chest":{"posx":1.8724958436845045,"posy":2.570691679763922,"posz":0.41473985890372567,"roty":357.3064108804976,"rotx":12.163797662574911}}}