# This file was generated by Animated Java via MC-Build. It is not recommended to edit this file directly.
$data merge entity $(nose) {transformation: [-0.9115f,-0.3759f,-0.1669f,1.6738f,-0.3922f,0.9166f,0.0772f,4.1567f,0.124f,0.1358f,-0.9829f,0.3989f,0f,0f,0f,1f],start_interpolation: 0,interpolation_duration: 1}
$data merge entity $(glowing_eye) {transformation: [-0.9115f,-0.3759f,-0.1669f,1.5402f,-0.3922f,0.9166f,0.0772f,4.1671f,0.124f,0.1358f,-0.9829f,0.4579f,0f,0f,0f,1f],start_interpolation: 0,interpolation_duration: 1}
$data merge entity $(head) {transformation: [-0.9115f,-0.3759f,-0.1669f,1.6889f,-0.3922f,0.9166f,0.0772f,4.058f,0.124f,0.1358f,-0.9829f,0.1981f,0f,0f,0f,1f],start_interpolation: 0,interpolation_duration: 1}
$data merge entity $(leftthumb2) {transformation: [-0.2387f,0.9305f,0.2777f,2.3932f,-0.1438f,0.2489f,-0.9578f,2.9753f,-0.9604f,-0.2686f,0.0744f,0.7721f,0f,0f,0f,1f],start_interpolation: 0,interpolation_duration: 1}
$data merge entity $(leftthumb) {transformation: [-0.2387f,0.9305f,0.2777f,2.6451f,-0.1438f,0.2489f,-0.9578f,2.9545f,-0.9604f,-0.2686f,0.0744f,0.7126f,0f,0f,0f,1f],start_interpolation: 0,interpolation_duration: 1}
$data merge entity $(leftpointerfinger) {transformation: [-0.2387f,0.9305f,0.2777f,2.3789f,-0.1438f,0.2489f,-0.9578f,2.8437f,-0.9604f,-0.2686f,0.0744f,0.9092f,0f,0f,0f,1f],start_interpolation: 0,interpolation_duration: 1}
$data merge entity $(leftmidfinger) {transformation: [-0.2387f,0.9305f,0.2777f,2.4223f,-0.1438f,0.2489f,-0.9578f,2.694f,-0.9604f,-0.2686f,0.0744f,0.9209f,0f,0f,0f,1f],start_interpolation: 0,interpolation_duration: 1}
$data merge entity $(leftringfinger) {transformation: [-0.2387f,0.9305f,0.2777f,2.4657f,-0.1438f,0.2489f,-0.9578f,2.5444f,-0.9604f,-0.2686f,0.0744f,0.9325f,0f,0f,0f,1f],start_interpolation: 0,interpolation_duration: 1}
$data merge entity $(invisibility) {transformation: [0.9512f,-0.1956f,0.2387f,2.4272f,0.1645f,0.9758f,0.1438f,2.8739f,-0.2611f,-0.0975f,0.9604f,0.6975f,0f,0f,0f,1f],start_interpolation: 0,interpolation_duration: 1}
$data merge entity $(swiftness) {transformation: [0.2777f,0.9305f,0.2387f,2.3409f,-0.9578f,0.2489f,0.1438f,2.6531f,0.0744f,-0.2686f,0.9604f,0.6978f,0f,0f,0f,1f],start_interpolation: 0,interpolation_duration: 1}
$data merge entity $(suspicious_stew) {transformation: [0.9607f,0.1416f,0.2387f,2.4357f,-0.1792f,0.9732f,0.1438f,2.6826f,-0.212f,-0.181f,0.9604f,0.724f,0f,0f,0f,1f],start_interpolation: 0,interpolation_duration: 1}
$data merge entity $(log) {transformation: [-0.2387f,0.9305f,0.2777f,2.5426f,-0.1438f,0.2489f,-0.9578f,2.6553f,-0.9604f,-0.2686f,0.0744f,0.6039f,0f,0f,0f,1f],start_interpolation: 0,interpolation_duration: 1}
$data merge entity $(planks) {transformation: [-0.2387f,0.9305f,0.2777f,2.5203f,-0.1438f,0.2489f,-0.9578f,2.6419f,-0.9604f,-0.2686f,0.0744f,0.5138f,0f,0f,0f,1f],start_interpolation: 0,interpolation_duration: 1}
$data merge entity $(lefthand1) {transformation: [-0.2387f,0.9305f,0.2777f,2.8263f,-0.1438f,0.2489f,-0.9578f,2.7835f,-0.9604f,-0.2686f,0.0744f,0.7745f,0f,0f,0f,1f],start_interpolation: 0,interpolation_duration: 1}
$data merge entity $(leftforearm) {transformation: [-0.7762f,0.1973f,0.5988f,2.9156f,-0.2148f,0.8102f,-0.5454f,3.363f,-0.5927f,-0.552f,-0.5865f,0.3363f,0f,0f,0f,1f],start_interpolation: 0,interpolation_duration: 1}
$data merge entity $(leftelbow) {transformation: [-0.7762f,0.1973f,0.5988f,2.9526f,-0.2148f,0.8102f,-0.5454f,3.5149f,-0.5927f,-0.552f,-0.5865f,0.2328f,0f,0f,0f,1f],start_interpolation: 0,interpolation_duration: 1}
$data merge entity $(leftarm) {transformation: [-0.7309f,-0.55f,0.4039f,2.5241f,-0.3209f,0.7994f,0.5079f,3.7373f,-0.6023f,0.2416f,-0.7609f,0.2585f,0f,0f,0f,1f],start_interpolation: 0,interpolation_duration: 1}
$data merge entity $(rightthumb2) {transformation: [-0.2429f,-0.901f,-0.3595f,1.8686f,0.0816f,0.3503f,-0.9331f,2.7718f,0.9666f,-0.256f,-0.0116f,0.4299f,0f,0f,0f,1f],start_interpolation: 0,interpolation_duration: 1}
$data merge entity $(rightthumb) {transformation: [-0.2429f,-0.901f,-0.3595f,1.6169f,0.0816f,0.3503f,-0.9331f,2.778f,0.9666f,-0.256f,-0.0116f,0.3662f,0f,0f,0f,1f],start_interpolation: 0,interpolation_duration: 1}
$data merge entity $(rightpointerfinger) {transformation: [-0.2429f,-0.901f,-0.3595f,1.8692f,0.0816f,0.3503f,-0.9331f,2.6282f,0.9666f,-0.256f,-0.0116f,0.5553f,0f,0f,0f,1f],start_interpolation: 0,interpolation_duration: 1}
$data merge entity $(rightmidfinger) {transformation: [-0.2429f,-0.901f,-0.3595f,1.813f,0.0816f,0.3503f,-0.9331f,2.4824f,0.9666f,-0.256f,-0.0116f,0.5535f,0f,0f,0f,1f],start_interpolation: 0,interpolation_duration: 1}
$data merge entity $(rightringfinger) {transformation: [-0.2429f,-0.901f,-0.3595f,1.7568f,0.0816f,0.3503f,-0.9331f,2.3366f,0.9666f,-0.256f,-0.0116f,0.5517f,0f,0f,0f,1f],start_interpolation: 0,interpolation_duration: 1}
$data merge entity $(hugeasssword) {transformation: [-0.9513f,-3.5289f,-1.408f,1.7001f,0.3196f,1.372f,-3.6545f,2.5465f,3.7859f,-1.0025f,-0.0453f,0.245f,0f,0f,0f,1f],start_interpolation: 0,interpolation_duration: 1}
$data merge entity $(whey) {transformation: [0f,0f,0f,1.8769f,0f,0f,0f,2.6308f,0f,0f,0f,0.1044f,0f,0f,0f,1f],start_interpolation: 0,interpolation_duration: 1}
$data merge entity $(ice) {transformation: [-0.2429f,-0.901f,-0.3595f,1.718f,0.0816f,0.3503f,-0.9331f,2.5397f,0.9666f,-0.256f,-0.0116f,0.2339f,0f,0f,0f,1f],start_interpolation: 0,interpolation_duration: 1}
$data merge entity $(righthand1) {transformation: [-0.2429f,-0.901f,-0.3595f,1.4208f,0.0816f,0.3503f,-0.9331f,2.6185f,0.9666f,-0.256f,-0.0116f,0.4112f,0f,0f,0f,1f],start_interpolation: 0,interpolation_duration: 1}
$data merge entity $(rightforearm) {transformation: [-0.3736f,-0.7616f,-0.5295f,0.9095f,-0.1132f,0.604f,-0.7889f,3.0589f,0.9207f,-0.2348f,-0.3119f,0.1863f,0f,0f,0f,1f],start_interpolation: 0,interpolation_duration: 1}
$data merge entity $(rightelbow) {transformation: [-0.3736f,-0.7616f,-0.5295f,0.7667f,-0.1132f,0.604f,-0.7889f,3.1722f,0.9207f,-0.2348f,-0.3119f,0.1423f,0f,0f,0f,1f],start_interpolation: 0,interpolation_duration: 1}
$data merge entity $(rightarm) {transformation: [-0.3642f,0.608f,-0.7055f,1.1423f,-0.0264f,0.7505f,0.6604f,3.4009f,0.9309f,0.2591f,-0.2573f,0.0551f,0f,0f,0f,1f],start_interpolation: 0,interpolation_duration: 1}
$data merge entity $(chest1) {transformation: [-1.049f,-0.2614f,0.0691f,1.8721f,-0.2458f,1.0373f,0.1928f,3.4511f,-0.1127f,0.171f,-1.0638f,0.0177f,0f,0f,0f,1f],start_interpolation: 0,interpolation_duration: 1}
$data merge entity $(chest1lid) {transformation: [-0.9684f,-0.2413f,0.0638f,1.6814f,-0.2269f,0.9575f,0.178f,2.6496f,-0.104f,0.1579f,-0.982f,0.2586f,0f,0f,0f,1f],start_interpolation: 0,interpolation_duration: 1}
$data merge entity $(chest2) {transformation: [-0.9684f,-0.2413f,0.0638f,1.7191f,-0.2269f,0.9575f,0.178f,2.5f,-0.104f,0.1579f,-0.982f,0.2339f,0f,0f,0f,1f],start_interpolation: 0,interpolation_duration: 1}
$data merge entity $(chest1lid3) {transformation: [-0.9684f,-0.2413f,0.0638f,1.7828f,-0.2269f,0.9575f,0.178f,2.7778f,-0.104f,0.1579f,-0.982f,-0.364f,0f,0f,0f,1f],start_interpolation: 0,interpolation_duration: 1}
$data merge entity $(chest3) {transformation: [-0.9684f,-0.2413f,0.0638f,1.8205f,-0.2269f,0.9575f,0.178f,2.6282f,-0.104f,0.1579f,-0.982f,-0.3886f,0f,0f,0f,1f],start_interpolation: 0,interpolation_duration: 1}
$data merge entity $(hugeasssword2) {transformation: [-0.2498f,2.1578f,-3.2591f,0.416f,-0.697f,3.1888f,2.1647f,4.3298f,3.846f,0.7181f,0.1806f,-0.1874f,0f,0f,0f,1f],start_interpolation: 0,interpolation_duration: 1}
$data merge entity $(belt) {transformation: [-0.9684f,-0.2413f,0.0638f,1.9909f,-0.2269f,0.9575f,0.178f,3.0537f,-0.104f,0.1579f,-0.982f,0.0867f,0f,0f,0f,1f],start_interpolation: 0,interpolation_duration: 1}
$data merge entity $(torn_part) {transformation: [-0.9975f,-0.0511f,0.048f,1.9111f,-0.0311f,0.9364f,0.3496f,2.7634f,-0.0629f,0.3473f,-0.9357f,0.041f,0f,0f,0f,1f],start_interpolation: 0,interpolation_duration: 1}
$data merge entity $(lowerbody) {transformation: [-0.9975f,-0.0343f,0.0612f,2.0166f,-0.0311f,0.9982f,0.0519f,2.2717f,-0.0629f,0.0499f,-0.9968f,0.163f,0f,0f,0f,1f],start_interpolation: 0,interpolation_duration: 1}
$data merge entity $(leftfoot) {transformation: [-0.9123f,-0.017f,-0.4092f,2.5862f,-0.1082f,0.9736f,0.2008f,0.3036f,0.395f,0.2274f,-0.8901f,-0.0381f,0f,0f,0f,1f],start_interpolation: 0,interpolation_duration: 1}
$data merge entity $(leftlowerleg) {transformation: [-0.9123f,-0.017f,-0.4092f,2.6302f,-0.1082f,0.9736f,0.2008f,1.3529f,0.395f,0.2274f,-0.8901f,0.351f,0f,0f,0f,1f],start_interpolation: 0,interpolation_duration: 1}
$data merge entity $(leftleg) {transformation: [-0.9066f,-0.3396f,-0.2504f,2.2503f,-0.2099f,0.8779f,-0.4305f,2.2711f,0.366f,-0.3377f,-0.8672f,0.0235f,0f,0f,0f,1f],start_interpolation: 0,interpolation_duration: 1}
$data merge entity $(rightfoot) {transformation: [-0.9823f,0.0367f,0.1837f,1.5999f,0.1147f,0.8931f,0.4349f,0.3629f,-0.1482f,0.4483f,-0.8815f,-0.3309f,0f,0f,0f,1f],start_interpolation: 0,interpolation_duration: 1}
$data merge entity $(rightlowerleg) {transformation: [-0.9823f,0.0367f,0.1837f,1.6124f,0.1147f,0.8931f,0.4349f,1.2869f,-0.1482f,0.4483f,-0.8815f,0.3019f,0f,0f,0f,1f],start_interpolation: 0,interpolation_duration: 1}
$data merge entity $(rightleg) {transformation: [-0.9892f,0.128f,0.0714f,1.7749f,0.0978f,0.9392f,-0.3292f,2.2683f,-0.1092f,-0.3187f,-0.9415f,-0.0163f,0f,0f,0f,1f],start_interpolation: 0,interpolation_duration: 1}
data modify entity @s data merge value {"cameras":{},"locators":{"soup":{"px":2.4525601325306434,"py":2.8453861008648094,"pz":0.6628895415164078,"ry":166.0401458633914,"rx":8.270478159577786},"lefthand":{"px":2.4879867286074764,"py":2.6643429965216288,"pz":0.7137394990231448,"ry":105.00153973527645,"rx":-73.29077053873127},"sword":{"px":3.0405655939742764,"py":5.997182940845811,"pz":0.3713129696557199,"ry":271.8428010019718,"rx":-68.91914593827059},"righthand":{"px":1.714912995958615,"py":2.556473380242571,"pz":0.32866137006336144,"ry":271.8428010019718,"rx":-68.91914593827059},"chest":{"px":1.6562938611563716,"py":2.5548862854445833,"pz":0.39892537276153806,"ry":3.716403489152782,"rx":10.250768250275172}}}