# This file was generated by Animated Java via MC-Build. It is not recommended to edit this file directly.
$data merge entity $(bone_nose) {transformation: [-0.9761f,-0.1525f,-0.1551f,1.5382f,-0.1682f,0.9813f,0.0939f,4.1311f,0.1378f,0.1178f,-0.9834f,0.3523f,0f,0f,0f,1f],start_interpolation: 0,interpolation_duration: 1}
$data merge entity $(bone_glowing_eye) {transformation: [-0.9761f,-0.1525f,-0.1551f,1.4113f,-0.1682f,0.9813f,0.0939f,4.1732f,0.1378f,0.1178f,-0.9834f,0.4118f,0f,0f,0f,1f],start_interpolation: 0,interpolation_duration: 1}
$data merge entity $(bone_head) {transformation: [-0.9761f,-0.1525f,-0.1551f,1.528f,-0.1682f,0.9813f,0.0939f,4.0275f,0.1378f,0.1178f,-0.9834f,0.1536f,0f,0f,0f,1f],start_interpolation: 0,interpolation_duration: 1}
$data merge entity $(bone_leftthumb2) {transformation: [-0.1081f,0.9649f,0.2392f,2.0914f,-0.2142f,0.2124f,-0.9534f,2.9733f,-0.9708f,-0.1543f,0.1837f,0.8082f,0f,0f,0f,1f],start_interpolation: 0,interpolation_duration: 1}
$data merge entity $(bone_leftthumb) {transformation: [-0.1081f,0.9649f,0.2392f,2.3484f,-0.2142f,0.2124f,-0.9534f,2.9439f,-0.9708f,-0.1543f,0.1837f,0.786f,0f,0f,0f,1f],start_interpolation: 0,interpolation_duration: 1}
$data merge entity $(bone_leftpointerfinger) {transformation: [-0.1081f,0.9649f,0.2392f,2.0549f,-0.2142f,0.2124f,-0.9534f,2.8529f,-0.9708f,-0.1543f,0.1837f,0.9514f,0f,0f,0f,1f],start_interpolation: 0,interpolation_duration: 1}
$data merge entity $(bone_leftmidfinger) {transformation: [-0.1081f,0.9649f,0.2392f,2.0922f,-0.2142f,0.2124f,-0.9534f,2.7039f,-0.9708f,-0.1543f,0.1837f,0.9801f,0f,0f,0f,1f],start_interpolation: 0,interpolation_duration: 1}
$data merge entity $(bone_leftringfinger) {transformation: [-0.1081f,0.9649f,0.2392f,2.1296f,-0.2142f,0.2124f,-0.9534f,2.555f,-0.9708f,-0.1543f,0.1837f,1.0088f,0f,0f,0f,1f],start_interpolation: 0,interpolation_duration: 1}
$data merge entity $(bone_invisibility) {transformation: [0.9821f,-0.1542f,0.1081f,2.1327f,0.1285f,0.9683f,0.2142f,2.8658f,-0.1377f,-0.1965f,0.9708f,0.7468f,0f,0f,0f,1f],start_interpolation: 0,interpolation_duration: 1}
$data merge entity $(bone_swiftness) {transformation: [0.2392f,0.9649f,0.1081f,2.0412f,-0.9534f,0.2124f,0.2142f,2.6471f,0.1837f,-0.1543f,0.9708f,0.7516f,0f,0f,0f,1f],start_interpolation: 0,interpolation_duration: 1}
$data merge entity $(bone_suspicious_stew) {transformation: [0.9756f,0.191f,0.1081f,2.1323f,-0.2105f,0.9539f,0.2142f,2.6771f,-0.0622f,-0.2317f,0.9708f,0.7885f,0f,0f,0f,1f],start_interpolation: 0,interpolation_duration: 1}
$data merge entity $(bone_log) {transformation: [-0.1081f,0.9649f,0.2392f,2.254f,-0.2142f,0.2124f,-0.9534f,2.6388f,-0.9708f,-0.1543f,0.1837f,0.6868f,0f,0f,0f,1f],start_interpolation: 0,interpolation_duration: 1}
$data merge entity $(bone_planks) {transformation: [-0.1081f,0.9649f,0.2392f,2.2438f,-0.2142f,0.2124f,-0.9534f,2.6188f,-0.9708f,-0.1543f,0.1837f,0.5958f,0f,0f,0f,1f],start_interpolation: 0,interpolation_duration: 1}
$data merge entity $(bone_lefthand1) {transformation: [-0.1081f,0.9649f,0.2392f,2.5148f,-0.2142f,0.2124f,-0.9534f,2.7753f,-0.9708f,-0.1543f,0.1837f,0.8852f,0f,0f,0f,1f],start_interpolation: 0,interpolation_duration: 1}
$data merge entity $(bone_leftforearm) {transformation: [-0.6997f,0.2953f,0.6505f,2.6802f,-0.237f,0.763f,-0.6013f,3.3191f,-0.674f,-0.575f,-0.4639f,0.424f,0f,0f,0f,1f],start_interpolation: 0,interpolation_duration: 1}
$data merge entity $(bone_leftelbow) {transformation: [-0.6997f,0.2953f,0.6505f,2.7355f,-0.237f,0.763f,-0.6013f,3.4622f,-0.674f,-0.575f,-0.4639f,0.3162f,0f,0f,0f,1f],start_interpolation: 0,interpolation_duration: 1}
$data merge entity $(bone_leftarm) {transformation: [-0.6589f,-0.524f,0.5398f,2.3245f,-0.3458f,0.8482f,0.4013f,3.7109f,-0.6681f,0.0777f,-0.74f,0.2541f,0f,0f,0f,1f],start_interpolation: 0,interpolation_duration: 1}
$data merge entity $(bone_rightthumb2) {transformation: [-0.3577f,-0.8488f,-0.3894f,1.5687f,0.1578f,0.356f,-0.921f,2.6984f,0.9204f,-0.3909f,0.0066f,0.4454f,0f,0f,0f,1f],start_interpolation: 0,interpolation_duration: 1}
$data merge entity $(bone_rightthumb) {transformation: [-0.3577f,-0.8488f,-0.3894f,1.3273f,0.1578f,0.356f,-0.921f,2.707f,0.9204f,-0.3909f,0.0066f,0.3501f,0f,0f,0f,1f],start_interpolation: 0,interpolation_duration: 1}
$data merge entity $(bone_rightpointerfinger) {transformation: [-0.3577f,-0.8488f,-0.3894f,1.5484f,0.1578f,0.356f,-0.921f,2.5643f,0.9204f,-0.3909f,0.0066f,0.5793f,0f,0f,0f,1f],start_interpolation: 0,interpolation_duration: 1}
$data merge entity $(bone_rightmidfinger) {transformation: [-0.3577f,-0.8488f,-0.3894f,1.4876f,0.1578f,0.356f,-0.921f,2.4204f,0.9204f,-0.3909f,0.0066f,0.5803f,0f,0f,0f,1f],start_interpolation: 0,interpolation_duration: 1}
$data merge entity $(bone_rightringfinger) {transformation: [-0.3577f,-0.8488f,-0.3894f,1.4267f,0.1578f,0.356f,-0.921f,2.2765f,0.9204f,-0.3909f,0.0066f,0.5814f,0f,0f,0f,1f],start_interpolation: 0,interpolation_duration: 1}
$data merge entity $(bone_hugeasssword) {transformation: [-1.4012f,-3.3243f,-1.5251f,1.4163f,0.6181f,1.3945f,-3.6074f,2.4652f,3.6049f,-1.5312f,0.0257f,0.2563f,0f,0f,0f,1f],start_interpolation: 0,interpolation_duration: 1}
$data merge entity $(bone_ice) {transformation: [-0.3577f,-0.8488f,-0.3894f,1.4351f,0.1578f,0.356f,-0.921f,2.4572f,0.9204f,-0.3909f,0.0066f,0.2481f,0f,0f,0f,1f],start_interpolation: 0,interpolation_duration: 1}
$data merge entity $(bone_righthand1) {transformation: [-0.3577f,-0.8488f,-0.3894f,1.1213f,0.1578f,0.356f,-0.921f,2.5568f,0.9204f,-0.3909f,0.0066f,0.3806f,0f,0f,0f,1f],start_interpolation: 0,interpolation_duration: 1}
$data merge entity $(bone_rightforearm) {transformation: [-0.5229f,-0.6769f,-0.518f,0.6788f,-0.1265f,0.6626f,-0.7382f,3.0384f,0.843f,-0.3204f,-0.4321f,0.0977f,0f,0f,0f,1f],start_interpolation: 0,interpolation_duration: 1}
$data merge entity $(bone_rightelbow) {transformation: [-0.5229f,-0.6769f,-0.518f,0.5519f,-0.1265f,0.6626f,-0.7382f,3.1627f,0.843f,-0.3204f,-0.4321f,0.0376f,0f,0f,0f,1f],start_interpolation: 0,interpolation_duration: 1}
$data merge entity $(bone_rightarm) {transformation: [-0.5134f,0.5503f,-0.6585f,0.9313f,-0.0375f,0.7523f,0.6578f,3.4013f,0.8574f,0.3624f,-0.3656f,0.0141f,0f,0f,0f,1f],start_interpolation: 0,interpolation_duration: 1}
$data merge entity $(bone_chest1) {transformation: [-1.0416f,-0.2513f,0.1595f,1.6826f,-0.2281f,1.0469f,0.1597f,3.4035f,-0.1912f,0.1199f,-1.0596f,-0.0013f,0f,0f,0f,1f],start_interpolation: 0,interpolation_duration: 1}
$data merge entity $(bone_chest1lid) {transformation: [-0.9615f,-0.232f,0.1473f,1.4553f,-0.2106f,0.9664f,0.1474f,2.6134f,-0.1765f,0.1107f,-0.9781f,0.2455f,0f,0f,0f,1f],start_interpolation: 0,interpolation_duration: 1}
$data merge entity $(bone_chest2) {transformation: [-0.9615f,-0.232f,0.1473f,1.4915f,-0.2106f,0.9664f,0.1474f,2.4624f,-0.1765f,0.1107f,-0.9781f,0.2282f,0f,0f,0f,1f],start_interpolation: 0,interpolation_duration: 1}
$data merge entity $(bone_chest1lid3) {transformation: [-0.9615f,-0.232f,0.1473f,1.6097f,-0.2106f,0.9664f,0.1474f,2.721f,-0.1765f,0.1107f,-0.9781f,-0.37f,0f,0f,0f,1f],start_interpolation: 0,interpolation_duration: 1}
$data merge entity $(bone_chest3) {transformation: [-0.9615f,-0.232f,0.1473f,1.6459f,-0.2106f,0.9664f,0.1474f,2.57f,-0.1765f,0.1107f,-0.9781f,-0.3873f,0f,0f,0f,1f],start_interpolation: 0,interpolation_duration: 1}
$data merge entity $(bone_hugeasssword2) {transformation: [-0.5767f,2.1627f,-3.2141f,0.2678f,-0.5773f,3.1652f,2.2334f,4.3044f,3.8307f,0.8027f,-0.1473f,-0.3494f,0f,0f,0f,1f],start_interpolation: 0,interpolation_duration: 1}
$data merge entity $(bone_belt) {transformation: [-0.9615f,-0.232f,0.1473f,1.7865f,-0.2106f,0.9664f,0.1474f,3.006f,-0.1765f,0.1107f,-0.9781f,0.0883f,0f,0f,0f,1f],start_interpolation: 0,interpolation_duration: 1}
$data merge entity $(bone_torn_part) {transformation: [-0.9822f,-0.1061f,0.1551f,1.7109f,-0.0544f,0.9506f,0.3056f,2.712f,-0.1799f,0.2917f,-0.9394f,0.0441f,0f,0f,0f,1f],start_interpolation: 0,interpolation_duration: 1}
$data merge entity $(bone_lowerbody) {transformation: [-0.9822f,-0.0545f,0.1798f,1.8082f,-0.0544f,0.9985f,0.0056f,2.229f,-0.1799f,-0.0043f,-0.9837f,0.2021f,0f,0f,0f,1f],start_interpolation: 0,interpolation_duration: 1}
$data merge entity $(bone_leftfoot) {transformation: [-0.9076f,-0.1972f,-0.3708f,2.7208f,-0.2555f,0.96f,0.1148f,0.3234f,0.3333f,0.1989f,-0.9216f,0.0564f,0f,0f,0f,1f],start_interpolation: 0,interpolation_duration: 1}
$data merge entity $(bone_leftlowerleg) {transformation: [-0.9076f,-0.1972f,-0.3708f,2.559f,-0.2555f,0.96f,0.1148f,1.3707f,0.3333f,0.1989f,-0.9216f,0.4187f,0f,0f,0f,1f],start_interpolation: 0,interpolation_duration: 1}
$data merge entity $(bone_leftleg) {transformation: [-0.8846f,-0.4521f,-0.1141f,2.06f,-0.3658f,0.8246f,-0.4315f,2.2297f,0.2892f,-0.34f,-0.8948f,0.0873f,0f,0f,0f,1f],start_interpolation: 0,interpolation_duration: 1}
$data merge entity $(bone_rightfoot) {transformation: [-0.9339f,0.1685f,0.3154f,1.2327f,0.2802f,0.8928f,0.3527f,0.2892f,-0.2222f,0.4177f,-0.881f,-0.3428f,0f,0f,0f,1f],start_interpolation: 0,interpolation_duration: 1}
$data merge entity $(bone_rightlowerleg) {transformation: [-0.9339f,0.1685f,0.3154f,1.3712f,0.2802f,0.8928f,0.3527f,1.2254f,-0.2222f,0.4177f,-0.881f,0.256f,0f,0f,0f,1f],start_interpolation: 0,interpolation_duration: 1}
$data merge entity $(bone_rightleg) {transformation: [-0.985f,0.1722f,-0.0068f,1.5758f,0.1676f,0.9477f,-0.2716f,2.2166f,-0.0403f,-0.2687f,-0.9624f,-0.0113f,0f,0f,0f,1f],start_interpolation: 0,interpolation_duration: 1}
data modify entity @s data merge value {"cameras":{},"locators":{"lefthand":{"posx":2.1849837938678767,"posy":2.6572213005009293,"posz":0.7869753951938396,"roty":127.52418028919271,"rotx":-72.44594895430339},"sword":{"posx":2.85684769944881,"posy":5.877137339347479,"posz":0.3161638550781805,"roty":269.03461086925245,"rotx":-67.07964359418088},"righthand":{"posx":1.4209502090990926,"posy":2.4807761690929597,"posz":0.3403598959676727,"roty":269.03461086925245,"rotx":-67.07964359418088},"chest":{"posx":1.4166939185067335,"posy":2.5234118488479327,"posz":0.3858881781923078,"roty":8.56204983995545,"rotx":8.47649990345429}}}