# This file was generated by Animated Java via MC-Build. It is not recommended to edit this file directly.
$data merge entity $(nose) {transformation: [-0.9855f,-0.0653f,-0.1565f,1.4381f,-0.0848f,0.989f,0.1215f,4.1107f,0.1468f,0.133f,-0.9802f,0.3683f,0f,0f,0f,1f],start_interpolation: 0,interpolation_duration: 1}
$data merge entity $(glowing_eye) {transformation: [-0.9855f,-0.0653f,-0.1565f,1.316f,-0.0848f,0.989f,0.1215f,4.1629f,0.1468f,0.133f,-0.9802f,0.4298f,0f,0f,0f,1f],start_interpolation: 0,interpolation_duration: 1}
$data merge entity $(head) {transformation: [-0.9855f,-0.0653f,-0.1565f,1.4169f,-0.0848f,0.989f,0.1215f,4.0114f,0.1468f,0.133f,-0.9802f,0.1683f,0f,0f,0f,1f],start_interpolation: 0,interpolation_duration: 1}
$data merge entity $(leftthumb2) {transformation: [-0.1277f,0.9617f,0.2424f,1.8866f,-0.2053f,0.2135f,-0.9551f,2.9183f,-0.9703f,-0.1717f,0.1702f,0.7856f,0f,0f,0f,1f],start_interpolation: 0,interpolation_duration: 1}
$data merge entity $(leftthumb) {transformation: [-0.1277f,0.9617f,0.2424f,2.1432f,-0.2053f,0.2135f,-0.9551f,2.889f,-0.9703f,-0.1717f,0.1702f,0.758f,0f,0f,0f,1f],start_interpolation: 0,interpolation_duration: 1}
$data merge entity $(leftpointerfinger) {transformation: [-0.1277f,0.9617f,0.2424f,1.853f,-0.2053f,0.2135f,-0.9551f,2.7966f,-0.9703f,-0.1717f,0.1702f,0.9285f,0f,0f,0f,1f],start_interpolation: 0,interpolation_duration: 1}
$data merge entity $(leftmidfinger) {transformation: [-0.1277f,0.9617f,0.2424f,1.8908f,-0.2053f,0.2135f,-0.9551f,2.6474f,-0.9703f,-0.1717f,0.1702f,0.9551f,0f,0f,0f,1f],start_interpolation: 0,interpolation_duration: 1}
$data merge entity $(leftringfinger) {transformation: [-0.1277f,0.9617f,0.2424f,1.9287f,-0.2053f,0.2135f,-0.9551f,2.4982f,-0.9703f,-0.1717f,0.1702f,0.9817f,0f,0f,0f,1f],start_interpolation: 0,interpolation_duration: 1}
$data merge entity $(invisibility) {transformation: [0.9792f,-0.1577f,0.1277f,1.9266f,0.1294f,0.9701f,0.2053f,2.8113f,-0.1562f,-0.1845f,0.9703f,0.7224f,0f,0f,0f,1f],start_interpolation: 0,interpolation_duration: 1}
$data merge entity $(swiftness) {transformation: [0.2424f,0.9617f,0.1277f,1.8352f,-0.9551f,0.2135f,0.2053f,2.5926f,0.1702f,-0.1717f,0.9703f,0.7271f,0f,0f,0f,1f],start_interpolation: 0,interpolation_duration: 1}
$data merge entity $(suspicious_stew) {transformation: [0.9741f,0.1868f,0.1277f,1.927f,-0.2102f,0.9559f,0.2053f,2.6222f,-0.0837f,-0.2268f,0.9703f,0.7624f,0f,0f,0f,1f],start_interpolation: 0,interpolation_duration: 1}
$data merge entity $(log) {transformation: [-0.1277f,0.9617f,0.2424f,2.0466f,-0.2053f,0.2135f,-0.9551f,2.5849f,-0.9703f,-0.1717f,0.1702f,0.6579f,0f,0f,0f,1f],start_interpolation: 0,interpolation_duration: 1}
$data merge entity $(planks) {transformation: [-0.1277f,0.9617f,0.2424f,2.0347f,-0.2053f,0.2135f,-0.9551f,2.5657f,-0.9703f,-0.1717f,0.1702f,0.567f,0f,0f,0f,1f],start_interpolation: 0,interpolation_duration: 1}
$data merge entity $(lefthand1) {transformation: [-0.1277f,0.9617f,0.2424f,2.3114f,-0.2053f,0.2135f,-0.9551f,2.7194f,-0.9703f,-0.1717f,0.1702f,0.8523f,0f,0f,0f,1f],start_interpolation: 0,interpolation_duration: 1}
$data merge entity $(leftforearm) {transformation: [-0.6817f,0.3708f,0.6307f,2.531f,-0.189f,0.7435f,-0.6414f,3.2518f,-0.7068f,-0.5565f,-0.4367f,0.4033f,0f,0f,0f,1f],start_interpolation: 0,interpolation_duration: 1}
$data merge entity $(leftelbow) {transformation: [-0.6817f,0.3708f,0.6307f,2.6005f,-0.189f,0.7435f,-0.6414f,3.3912f,-0.7068f,-0.5565f,-0.4367f,0.299f,0f,0f,0f,1f],start_interpolation: 0,interpolation_duration: 1}
$data merge entity $(leftarm) {transformation: [-0.6453f,-0.5201f,0.5596f,2.19f,-0.2978f,0.8458f,0.4427f,3.6414f,-0.7035f,0.119f,-0.7006f,0.2478f,0f,0f,0f,1f],start_interpolation: 0,interpolation_duration: 1}
$data merge entity $(rightthumb2) {transformation: [-0.3309f,-0.8567f,-0.3958f,1.3561f,0.1402f,0.3701f,-0.9183f,2.6705f,0.9332f,-0.3594f,-0.0024f,0.447f,0f,0f,0f,1f],start_interpolation: 0,interpolation_duration: 1}
$data merge entity $(rightthumb) {transformation: [-0.3309f,-0.8567f,-0.3958f,1.1122f,0.1402f,0.3701f,-0.9183f,2.6828f,0.9332f,-0.3594f,-0.0024f,0.3586f,0f,0f,0f,1f],start_interpolation: 0,interpolation_duration: 1}
$data merge entity $(rightpointerfinger) {transformation: [-0.3309f,-0.8567f,-0.3958f,1.3385f,0.1402f,0.3701f,-0.9183f,2.5336f,0.9332f,-0.3594f,-0.0024f,0.5785f,0f,0f,0f,1f],start_interpolation: 0,interpolation_duration: 1}
$data merge entity $(rightmidfinger) {transformation: [-0.3309f,-0.8567f,-0.3958f,1.2767f,0.1402f,0.3701f,-0.9183f,2.3901f,0.9332f,-0.3594f,-0.0024f,0.5782f,0f,0f,0f,1f],start_interpolation: 0,interpolation_duration: 1}
$data merge entity $(rightringfinger) {transformation: [-0.3309f,-0.8567f,-0.3958f,1.2148f,0.1402f,0.3701f,-0.9183f,2.2467f,0.9332f,-0.3594f,-0.0024f,0.5778f,0f,0f,0f,1f],start_interpolation: 0,interpolation_duration: 1}
$data merge entity $(hugeasssword) {transformation: [-1.2959f,-3.3553f,-1.5501f,1.1967f,0.5491f,1.4496f,-3.5969f,2.4424f,3.655f,-1.4075f,-0.0092f,0.2573f,0f,0f,0f,1f],start_interpolation: 0,interpolation_duration: 1}
$data merge entity $(whey) {transformation: [0f,0f,0f,1.3896f,0f,0f,0f,2.5128f,0f,0f,0f,0.1309f,0f,0f,0f,1f],start_interpolation: 0,interpolation_duration: 1}
$data merge entity $(ice) {transformation: [-0.3309f,-0.8567f,-0.3958f,1.2153f,0.1402f,0.3701f,-0.9183f,2.4345f,0.9332f,-0.3594f,-0.0024f,0.2483f,0f,0f,0f,1f],start_interpolation: 0,interpolation_duration: 1}
$data merge entity $(righthand1) {transformation: [-0.3309f,-0.8567f,-0.3958f,0.906f,0.1402f,0.3701f,-0.9183f,2.5333f,0.9332f,-0.3594f,-0.0024f,0.3917f,0f,0f,0f,1f],start_interpolation: 0,interpolation_duration: 1}
$data merge entity $(rightforearm) {transformation: [-0.571f,-0.6124f,-0.5467f,0.5102f,-0.1082f,0.7163f,-0.6894f,3.0501f,0.8138f,-0.3345f,-0.4753f,0.1024f,0f,0f,0f,1f],start_interpolation: 0,interpolation_duration: 1}
$data merge entity $(rightelbow) {transformation: [-0.571f,-0.6124f,-0.5467f,0.3954f,-0.1082f,0.7163f,-0.6894f,3.1844f,0.8138f,-0.3345f,-0.4753f,0.0396f,0f,0f,0f,1f],start_interpolation: 0,interpolation_duration: 1}
$data merge entity $(rightarm) {transformation: [-0.5583f,0.5466f,-0.6241f,0.7785f,-0.0178f,0.7442f,0.6677f,3.4197f,0.8294f,0.3839f,-0.4058f,0.0328f,0f,0f,0f,1f],start_interpolation: 0,interpolation_duration: 1}
$data merge entity $(chest1) {transformation: [-1.0552f,-0.2016f,0.1396f,1.5322f,-0.1801f,1.0557f,0.1632f,3.3808f,-0.1664f,0.1358f,-1.0618f,0.0032f,0f,0f,0f,1f],start_interpolation: 0,interpolation_duration: 1}
$data merge entity $(chest1lid) {transformation: [-0.974f,-0.1861f,0.1289f,1.2764f,-0.1662f,0.9745f,0.1507f,2.5991f,-0.1536f,0.1253f,-0.9802f,0.2486f,0f,0f,0f,1f],start_interpolation: 0,interpolation_duration: 1}
$data merge entity $(chest2) {transformation: [-0.974f,-0.1861f,0.1289f,1.3054f,-0.1662f,0.9745f,0.1507f,2.4468f,-0.1536f,0.1253f,-0.9802f,0.2291f,0f,0f,0f,1f],start_interpolation: 0,interpolation_duration: 1}
$data merge entity $(chest1lid3) {transformation: [-0.974f,-0.1861f,0.1289f,1.4198f,-0.1662f,0.9745f,0.1507f,2.706f,-0.1536f,0.1253f,-0.9802f,-0.3697f,0f,0f,0f,1f],start_interpolation: 0,interpolation_duration: 1}
$data merge entity $(chest3) {transformation: [-0.974f,-0.1861f,0.1289f,1.4489f,-0.1662f,0.9745f,0.1507f,2.5537f,-0.1536f,0.1253f,-0.9802f,-0.3892f,0f,0f,0f,1f],start_interpolation: 0,interpolation_duration: 1}
$data merge entity $(hugeasssword2) {transformation: [-0.5047f,2.3203f,-3.1147f,0.1503f,-0.5901f,3.0587f,2.3742f,4.3466f,3.8389f,0.7752f,-0.0446f,-0.3003f,0f,0f,0f,1f],start_interpolation: 0,interpolation_duration: 1}
$data merge entity $(belt) {transformation: [-0.974f,-0.1861f,0.1289f,1.6206f,-0.1662f,0.9745f,0.1507f,2.9782f,-0.1536f,0.1253f,-0.9802f,0.0865f,0f,0f,0f,1f],start_interpolation: 0,interpolation_duration: 1}
$data merge entity $(torn_part) {transformation: [-0.9858f,-0.0988f,0.1361f,1.5369f,-0.0513f,0.9474f,0.3159f,2.685f,-0.1601f,0.3044f,-0.939f,0.041f,0f,0f,0f,1f],start_interpolation: 0,interpolation_duration: 1}
$data merge entity $(lowerbody) {transformation: [-0.9858f,-0.0533f,0.1595f,1.6368f,-0.0513f,0.9985f,0.0163f,2.2001f,-0.1601f,0.0079f,-0.9871f,0.1916f,0f,0f,0f,1f],start_interpolation: 0,interpolation_duration: 1}
$data merge entity $(leftfoot) {transformation: [-0.8527f,-0.3678f,-0.371f,2.859f,-0.4025f,0.9152f,0.0177f,0.4125f,0.333f,0.1644f,-0.9285f,0.0925f,0f,0f,0f,1f],start_interpolation: 0,interpolation_duration: 1}
$data merge entity $(leftlowerleg) {transformation: [-0.8527f,-0.3678f,-0.371f,2.5079f,-0.4025f,0.9152f,0.0177f,1.4251f,0.333f,0.1644f,-0.9285f,0.4176f,0f,0f,0f,1f],start_interpolation: 0,interpolation_duration: 1}
$data merge entity $(leftleg) {transformation: [-0.8281f,-0.5604f,-0.0113f,1.8963f,-0.5012f,0.7493f,-0.4329f,2.2025f,0.251f,-0.3528f,-0.9014f,0.0716f,0f,0f,0f,1f],start_interpolation: 0,interpolation_duration: 1}
$data merge entity $(rightfoot) {transformation: [-0.9394f,0.1318f,0.3165f,1.1592f,0.2463f,0.9016f,0.3555f,0.2411f,-0.2385f,0.4119f,-0.8794f,-0.3489f,0f,0f,0f,1f],start_interpolation: 0,interpolation_duration: 1}
$data merge entity $(rightlowerleg) {transformation: [-0.9394f,0.1318f,0.3165f,1.2568f,0.2463f,0.9016f,0.3555f,1.1867f,-0.2385f,0.4119f,-0.8794f,0.2432f,0f,0f,0f,1f],start_interpolation: 0,interpolation_duration: 1}
$data merge entity $(rightleg) {transformation: [-0.9931f,0.1168f,0.0079f,1.4026f,0.1105f,0.9579f,-0.265f,2.1904f,-0.0385f,-0.2623f,-0.9642f,-0.0173f,0f,0f,0f,1f],start_interpolation: 0,interpolation_duration: 1}
data modify entity @s data merge value {"cameras":{},"locators":{"soup":{"px":1.9551237655708673,"py":2.780108874470509,"pz":0.6930843125230116,"ry":172.50329208495344,"rx":11.848330128091085},"lefthand":{"px":1.979670991230573,"py":2.602395674700794,"pz":0.7596637377102602,"ry":125.07579773659702,"rx":-72.77120567150217},"sword":{"px":2.6632272076385606,"py":5.84258174923885,"pz":0.3501547841633438,"ry":270.34034464814897,"rx":-66.68596391559579},"righthand":{"px":1.203849281075281,"py":2.4561681351273887,"pz":0.3414857807360613,"ry":270.34034464814897,"rx":-66.68596391559579},"chest":{"px":1.2374094877381732,"py":2.509419364862004,"pz":0.38915699253663427,"ry":7.49040092067969,"rx":8.664901768906848}}}