# This file was generated by Animated Java via MC-Build. It is not recommended to edit this file directly.
$data merge entity $(bone_nose) {transformation: [-0.9578f,-0.0794f,-0.2761f,0.1983f,-0.116f,0.9861f,0.1187f,4.1303f,0.2628f,0.1457f,-0.9538f,0.3092f,0f,0f,0f,1f],start_interpolation: 0,interpolation_duration: 1}
$data merge entity $(bone_glowing_eye) {transformation: [-0.9578f,-0.0794f,-0.2761f,0.0828f,-0.116f,0.9861f,0.1187f,4.1785f,0.2628f,0.1457f,-0.9538f,0.3852f,0f,0f,0f,1f],start_interpolation: 0,interpolation_duration: 1}
$data merge entity $(bone_head) {transformation: [-0.9578f,-0.0794f,-0.2761f,0.1564f,-0.116f,0.9861f,0.1187f,4.0308f,0.2628f,0.1457f,-0.9538f,0.1126f,0f,0f,0f,1f],start_interpolation: 0,interpolation_duration: 1}
$data merge entity $(bone_leftthumb2) {transformation: [-0.2649f,0.9278f,0.2626f,0.4425f,-0.1408f,0.2322f,-0.9624f,2.8324f,-0.9539f,-0.2919f,0.0691f,0.5726f,0f,0f,0f,1f],start_interpolation: 0,interpolation_duration: 1}
$data merge entity $(bone_leftthumb) {transformation: [-0.2649f,0.9278f,0.2626f,0.6925f,-0.1408f,0.2322f,-0.9624f,2.8071f,-0.9539f,-0.2919f,0.0691f,0.5069f,0f,0f,0f,1f],start_interpolation: 0,interpolation_duration: 1}
$data merge entity $(bone_leftpointerfinger) {transformation: [-0.2649f,0.9278f,0.2626f,0.4294f,-0.1408f,0.2322f,-0.9624f,2.7012f,-0.9539f,-0.2919f,0.0691f,0.7103f,0f,0f,0f,1f],start_interpolation: 0,interpolation_duration: 1}
$data merge entity $(bone_leftmidfinger) {transformation: [-0.2649f,0.9278f,0.2626f,0.4704f,-0.1408f,0.2322f,-0.9624f,2.5508f,-0.9539f,-0.2919f,0.0691f,0.721f,0f,0f,0f,1f],start_interpolation: 0,interpolation_duration: 1}
$data merge entity $(bone_leftringfinger) {transformation: [-0.2649f,0.9278f,0.2626f,0.5114f,-0.1408f,0.2322f,-0.9624f,2.4005f,-0.9539f,-0.2919f,0.0691f,0.7318f,0f,0f,0f,1f],start_interpolation: 0,interpolation_duration: 1}
$data merge entity $(bone_invisibility) {transformation: [0.9472f,-0.1807f,0.2649f,0.473f,0.1474f,0.979f,0.1408f,2.7303f,-0.2848f,-0.0943f,0.9539f,0.4973f,0f,0f,0f,1f],start_interpolation: 0,interpolation_duration: 1}
$data merge entity $(bone_swiftness) {transformation: [0.2626f,0.9278f,0.2649f,0.3828f,-0.9624f,0.2322f,0.1408f,2.5111f,0.0691f,-0.2919f,0.9539f,0.5001f,0f,0f,0f,1f],start_interpolation: 0,interpolation_duration: 1}
$data merge entity $(bone_suspicious_stew) {transformation: [0.9519f,0.1541f,0.2649f,0.4787f,-0.1963f,0.9704f,0.1408f,2.539f,-0.2354f,-0.186f,0.9539f,0.5239f,0f,0f,0f,1f],start_interpolation: 0,interpolation_duration: 1}
$data merge entity $(bone_log) {transformation: [-0.2649f,0.9278f,0.2626f,0.5822f,-0.1408f,0.2322f,-0.9624f,2.5097f,-0.9539f,-0.2919f,0.0691f,0.4013f,0f,0f,0f,1f],start_interpolation: 0,interpolation_duration: 1}
$data merge entity $(bone_planks) {transformation: [-0.2649f,0.9278f,0.2626f,0.5573f,-0.1408f,0.2322f,-0.9624f,2.4965f,-0.9539f,-0.2919f,0.0691f,0.3118f,0f,0f,0f,1f],start_interpolation: 0,interpolation_duration: 1}
$data merge entity $(bone_lefthand1) {transformation: [-0.2649f,0.9278f,0.2626f,0.8722f,-0.1408f,0.2322f,-0.9624f,2.633f,-0.9539f,-0.2919f,0.0691f,0.5646f,0f,0f,0f,1f],start_interpolation: 0,interpolation_duration: 1}
$data merge entity $(bone_leftforearm) {transformation: [-0.6146f,0.5227f,0.5908f,1.2016f,-0.029f,0.7334f,-0.6791f,3.1678f,-0.7883f,-0.4345f,-0.4356f,0.2f,0f,0f,0f,1f],start_interpolation: 0,interpolation_duration: 1}
$data merge entity $(bone_leftelbow) {transformation: [-0.6146f,0.5227f,0.5908f,1.2996f,-0.029f,0.7334f,-0.6791f,3.3054f,-0.7883f,-0.4345f,-0.4356f,0.1185f,0f,0f,0f,1f],start_interpolation: 0,interpolation_duration: 1}
$data merge entity $(bone_leftarm) {transformation: [-0.5838f,-0.5621f,0.5858f,0.876f,-0.1355f,0.7789f,0.6124f,3.534f,-0.8005f,0.2781f,-0.5309f,0.1053f,0f,0f,0f,1f],start_interpolation: 0,interpolation_duration: 1}
$data merge entity $(bone_rightthumb2) {transformation: [-0.2029f,-0.8999f,-0.3861f,0.0724f,0.0843f,0.3767f,-0.9225f,2.6873f,0.9756f,-0.2197f,-0.0006f,0.2949f,0f,0f,0f,1f],start_interpolation: 0,interpolation_duration: 1}
$data merge entity $(bone_rightthumb) {transformation: [-0.2029f,-0.8999f,-0.3861f,-0.1813f,0.0843f,0.3767f,-0.9225f,2.7008f,0.9756f,-0.2197f,-0.0006f,0.241f,0f,0f,0f,1f],start_interpolation: 0,interpolation_duration: 1}
$data merge entity $(bone_rightpointerfinger) {transformation: [-0.2029f,-0.8999f,-0.3861f,0.0737f,0.0843f,0.3767f,-0.9225f,2.5432f,0.9756f,-0.2197f,-0.0006f,0.4197f,0f,0f,0f,1f],start_interpolation: 0,interpolation_duration: 1}
$data merge entity $(bone_rightmidfinger) {transformation: [-0.2029f,-0.8999f,-0.3861f,0.0134f,0.0843f,0.3767f,-0.9225f,2.3991f,0.9756f,-0.2197f,-0.0006f,0.4196f,0f,0f,0f,1f],start_interpolation: 0,interpolation_duration: 1}
$data merge entity $(bone_rightringfinger) {transformation: [-0.2029f,-0.8999f,-0.3861f,-0.0469f,0.0843f,0.3767f,-0.9225f,2.2549f,0.9756f,-0.2197f,-0.0006f,0.4196f,0f,0f,0f,1f],start_interpolation: 0,interpolation_duration: 1}
$data merge entity $(bone_hugeasssword) {transformation: [-0.7946f,-3.5246f,-1.5121f,-0.1095f,0.3303f,1.4756f,-3.613f,2.4676f,3.821f,-0.8605f,-0.0022f,0.1159f,0f,0f,0f,1f],start_interpolation: 0,interpolation_duration: 1}
$data merge entity $(bone_ice) {transformation: [-0.2029f,-0.8999f,-0.3861f,-0.0922f,0.0843f,0.3767f,-0.9225f,2.4604f,0.9756f,-0.2197f,-0.0006f,0.1041f,0f,0f,0f,1f],start_interpolation: 0,interpolation_duration: 1}
$data merge entity $(bone_righthand1) {transformation: [-0.2029f,-0.8999f,-0.3861f,-0.38f,0.0843f,0.3767f,-0.9225f,2.5468f,0.9756f,-0.2197f,-0.0006f,0.293f,0f,0f,0f,1f],start_interpolation: 0,interpolation_duration: 1}
$data merge entity $(bone_rightforearm) {transformation: [-0.3545f,-0.6167f,-0.7029f,-0.7958f,-0.1044f,0.7731f,-0.6257f,3.1019f,0.9292f,-0.1484f,-0.3384f,0.1262f,0f,0f,0f,1f],start_interpolation: 0,interpolation_duration: 1}
$data merge entity $(bone_rightelbow) {transformation: [-0.3545f,-0.6167f,-0.7029f,-0.9115f,-0.1044f,0.7731f,-0.6257f,3.2469f,0.9292f,-0.1484f,-0.3384f,0.0984f,0f,0f,0f,1f],start_interpolation: 0,interpolation_duration: 1}
$data merge entity $(bone_rightarm) {transformation: [-0.3327f,0.6546f,-0.6788f,-0.5346f,-0.014f,0.7163f,0.6977f,3.4723f,0.9429f,0.2416f,-0.2292f,-0.0025f,0f,0f,0f,1f],start_interpolation: 0,interpolation_duration: 1}
$data merge entity $(bone_chest1) {transformation: [-1.0792f,-0.087f,0.0369f,0.1916f,-0.0776f,1.0573f,0.2232f,3.4042f,-0.0539f,0.2197f,-1.0595f,-0.0956f,0f,0f,0f,1f],start_interpolation: 0,interpolation_duration: 1}
$data merge entity $(bone_chest1lid) {transformation: [-0.9962f,-0.0803f,0.0341f,-0.107f,-0.0716f,0.9759f,0.206f,2.6321f,-0.0498f,0.2028f,-0.978f,0.1315f,0f,0f,0f,1f],start_interpolation: 0,interpolation_duration: 1}
$data merge entity $(bone_chest2) {transformation: [-0.9962f,-0.0803f,0.0341f,-0.0945f,-0.0716f,0.9759f,0.206f,2.4796f,-0.0498f,0.2028f,-0.978f,0.0998f,0f,0f,0f,1f],start_interpolation: 0,interpolation_duration: 1}
$data merge entity $(bone_chest1lid3) {transformation: [-0.9962f,-0.0803f,0.0341f,-0.0229f,-0.0716f,0.9759f,0.206f,2.7686f,-0.0498f,0.2028f,-0.978f,-0.4919f,0f,0f,0f,1f],start_interpolation: 0,interpolation_duration: 1}
$data merge entity $(bone_chest3) {transformation: [-0.9962f,-0.0803f,0.0341f,-0.0104f,-0.0716f,0.9759f,0.206f,2.6161f,-0.0498f,0.2028f,-0.978f,-0.5236f,0f,0f,0f,1f],start_interpolation: 0,interpolation_duration: 1}
$data merge entity $(bone_hugeasssword2) {transformation: [-0.1334f,2.6643f,-2.8678f,-1.1199f,-0.8068f,2.7891f,2.6287f,4.5029f,3.8303f,0.6803f,0.4538f,-0.1808f,0f,0f,0f,1f],start_interpolation: 0,interpolation_duration: 1}
$data merge entity $(bone_belt) {transformation: [-0.9962f,-0.0803f,0.0341f,0.251f,-0.0716f,0.9759f,0.206f,2.9908f,-0.0498f,0.2028f,-0.978f,-0.0468f,0f,0f,0f,1f],start_interpolation: 0,interpolation_duration: 1}
$data merge entity $(bone_torn_part) {transformation: [-0.9994f,-0.0147f,0.0325f,0.1411f,-0.0014f,0.9263f,0.3768f,2.7054f,-0.0356f,0.3765f,-0.9257f,-0.0994f,0f,0f,0f,1f],start_interpolation: 0,interpolation_duration: 1}
$data merge entity $(bone_lowerbody) {transformation: [-0.9994f,-0.0042f,0.0354f,0.2358f,-0.0014f,0.9967f,0.0808f,2.2074f,-0.0356f,0.0807f,-0.9961f,0.0048f,0f,0f,0f,1f],start_interpolation: 0,interpolation_duration: 1}
$data merge entity $(bone_leftfoot) {transformation: [-0.8998f,-0.3616f,-0.2442f,1.4364f,-0.4159f,0.8799f,0.2298f,0.5326f,0.1318f,0.3083f,-0.9421f,-0.1469f,0f,0f,0f,1f],start_interpolation: 0,interpolation_duration: 1}
$data merge entity $(bone_leftlowerleg) {transformation: [-0.8998f,-0.3616f,-0.2442f,1.0728f,-0.4159f,0.8799f,0.2298f,1.4734f,0.1318f,0.3083f,-0.9421f,0.3399f,0f,0f,0f,1f],start_interpolation: 0,interpolation_duration: 1}
$data merge entity $(bone_leftleg) {transformation: [-0.8375f,-0.5205f,0.1665f,0.5004f,-0.5322f,0.7079f,-0.4643f,2.1995f,0.1238f,-0.4775f,-0.8699f,-0.1435f,0f,0f,0f,1f],start_interpolation: 0,interpolation_duration: 1}
$data merge entity $(bone_rightfoot) {transformation: [-0.9878f,-0.0124f,0.1551f,0.0986f,0.0548f,0.9049f,0.422f,0.2638f,-0.1456f,0.4253f,-0.8932f,-0.5338f,0f,0f,0f,1f],start_interpolation: 0,interpolation_duration: 1}
$data merge entity $(bone_rightlowerleg) {transformation: [-0.9878f,-0.0124f,0.1551f,0.061f,0.0548f,0.9049f,0.422f,1.2029f,-0.1456f,0.4253f,-0.8932f,0.0753f,0f,0f,0f,1f],start_interpolation: 0,interpolation_duration: 1}
$data merge entity $(bone_rightleg) {transformation: [-0.9954f,-0.0957f,-0.0039f,-0.0147f,-0.0917f,0.9639f,-0.2499f,2.2176f,0.0277f,-0.2484f,-0.9683f,-0.172f,0f,0f,0f,1f],start_interpolation: 0,interpolation_duration: 1}
data modify entity @s data merge value {"cameras":{},"locators":{"lefthand":{"posx":0.5304190029770828,"posy":2.519776787896411,"posz":0.5124135508750906,"roty":104.73981275373373,"rotx":-74.24490583217971},"sword":{"posx":1.3324433898302772,"posy":5.878454309395417,"posz":0.20101797546587064,"roty":270.08190045114844,"rotx":-67.29042788676928},"righthand":{"posx":-0.09115199821931758,"posy":2.476832890106714,"posz":0.1989830405206501,"roty":270.08190045114844,"rotx":-67.29042788676928},"chest":{"posx":-0.1384772080016731,"posy":2.536695961469126,"posz":0.2700789424593619,"roty":1.995385166105109,"rotx":11.887561940002001}}}