# This file was generated by Animated Java via MC-Build. It is not recommended to edit this file directly.
$data merge entity $(bone_nose) {transformation: [-0.8428f,-0.4508f,-0.294f,-0.3826f,-0.4614f,0.8864f,-0.0367f,4.1464f,0.2772f,0.1047f,-0.9551f,0.3856f,0f,0f,0f,1f],start_interpolation: 0,interpolation_duration: 1}
$data merge entity $(bone_glowing_eye) {transformation: [-0.8428f,-0.4508f,-0.294f,-0.5082f,-0.4614f,0.8864f,-0.0367f,4.15f,0.2772f,0.1047f,-0.9551f,0.4607f,0f,0f,0f,1f],start_interpolation: 0,interpolation_duration: 1}
$data merge entity $(bone_head) {transformation: [-0.8428f,-0.4508f,-0.294f,-0.382f,-0.4614f,0.8864f,-0.0367f,4.0301f,0.2772f,0.1047f,-0.9551f,0.1938f,0f,0f,0f,1f],start_interpolation: 0,interpolation_duration: 1}
$data merge entity $(bone_leftthumb2) {transformation: [-0.2926f,0.9281f,0.2303f,0.1617f,0.0331f,0.2506f,-0.9675f,2.8274f,-0.9557f,-0.2755f,-0.104f,0.6795f,0f,0f,0f,1f],start_interpolation: 0,interpolation_duration: 1}
$data merge entity $(bone_leftthumb) {transformation: [-0.2926f,0.9281f,0.2303f,0.409f,0.0331f,0.2506f,-0.9675f,2.8062f,-0.9557f,-0.2755f,-0.104f,0.603f,0f,0f,0f,1f],start_interpolation: 0,interpolation_duration: 1}
$data merge entity $(bone_leftpointerfinger) {transformation: [-0.2926f,0.9281f,0.2303f,0.1472f,0.0331f,0.2506f,-0.9675f,2.675f,-0.9557f,-0.2755f,-0.104f,0.7931f,0f,0f,0f,1f],start_interpolation: 0,interpolation_duration: 1}
$data merge entity $(bone_leftmidfinger) {transformation: [-0.2926f,0.9281f,0.2303f,0.1832f,0.0331f,0.2506f,-0.9675f,2.5238f,-0.9557f,-0.2755f,-0.104f,0.7768f,0f,0f,0f,1f],start_interpolation: 0,interpolation_duration: 1}
$data merge entity $(bone_leftringfinger) {transformation: [-0.2926f,0.9281f,0.2303f,0.2192f,0.0331f,0.2506f,-0.9675f,2.3726f,-0.9557f,-0.2755f,-0.104f,0.7605f,0f,0f,0f,1f],start_interpolation: 0,interpolation_duration: 1}
$data merge entity $(bone_invisibility) {transformation: [0.9446f,-0.1486f,0.2926f,0.1867f,0.1653f,0.9857f,-0.0331f,2.7388f,-0.2835f,0.0796f,0.9557f,0.587f,0f,0f,0f,1f],start_interpolation: 0,interpolation_duration: 1}
$data merge entity $(bone_swiftness) {transformation: [0.2303f,0.9281f,0.2926f,0.0889f,-0.9675f,0.2506f,-0.0331f,2.5252f,-0.104f,-0.2755f,0.9557f,0.555f,0f,0f,0f,1f],start_interpolation: 0,interpolation_duration: 1}
$data merge entity $(bone_suspicious_stew) {transformation: [0.9385f,0.1835f,0.2926f,0.1864f,-0.1818f,0.9828f,-0.0331f,2.5457f,-0.2936f,-0.0221f,0.9557f,0.5804f,0f,0f,0f,1f],start_interpolation: 0,interpolation_duration: 1}
$data merge entity $(bone_log) {transformation: [-0.2926f,0.9281f,0.2303f,0.2857f,0.0331f,0.2506f,-0.9675f,2.5347f,-0.9557f,-0.2755f,-0.104f,0.4515f,0f,0f,0f,1f],start_interpolation: 0,interpolation_duration: 1}
$data merge entity $(bone_planks) {transformation: [-0.2926f,0.9281f,0.2303f,0.2583f,0.0331f,0.2506f,-0.9675f,2.5378f,-0.9557f,-0.2755f,-0.104f,0.3619f,0f,0f,0f,1f],start_interpolation: 0,interpolation_duration: 1}
$data merge entity $(bone_lefthand1) {transformation: [-0.2926f,0.9281f,0.2303f,0.5837f,0.0331f,0.2506f,-0.9675f,2.6193f,-0.9557f,-0.2755f,-0.104f,0.6248f,0f,0f,0f,1f],start_interpolation: 0,interpolation_duration: 1}
$data merge entity $(bone_leftforearm) {transformation: [-0.6554f,0.3607f,0.6636f,0.7982f,-0.0458f,0.858f,-0.5116f,3.2437f,-0.7539f,-0.3657f,-0.5458f,0.314f,0f,0f,0f,1f],start_interpolation: 0,interpolation_duration: 1}
$data merge entity $(bone_leftelbow) {transformation: [-0.6554f,0.3607f,0.6636f,0.8658f,-0.0458f,0.858f,-0.5116f,3.4046f,-0.7539f,-0.3657f,-0.5458f,0.2455f,0f,0f,0f,1f],start_interpolation: 0,interpolation_duration: 1}
$data merge entity $(bone_leftarm) {transformation: [-0.6146f,-0.5658f,0.5498f,0.4433f,-0.1507f,0.7683f,0.6221f,3.6386f,-0.7743f,0.2995f,-0.5574f,0.2427f,0f,0f,0f,1f],start_interpolation: 0,interpolation_duration: 1}
$data merge entity $(bone_rightthumb2) {transformation: [-0.191f,-0.8908f,-0.4123f,-0.2441f,-0.0528f,0.4287f,-0.9019f,2.7545f,0.9802f,-0.1505f,-0.1289f,0.3575f,0f,0f,0f,1f],start_interpolation: 0,interpolation_duration: 1}
$data merge entity $(bone_rightthumb) {transformation: [-0.191f,-0.8908f,-0.4123f,-0.4978f,-0.0528f,0.4287f,-0.9019f,2.7825f,0.9802f,-0.1505f,-0.1289f,0.3096f,0f,0f,0f,1f],start_interpolation: 0,interpolation_duration: 1}
$data merge entity $(bone_rightpointerfinger) {transformation: [-0.191f,-0.8908f,-0.4123f,-0.2458f,-0.0528f,0.4287f,-0.9019f,2.5938f,0.9802f,-0.1505f,-0.1289f,0.4601f,0f,0f,0f,1f],start_interpolation: 0,interpolation_duration: 1}
$data merge entity $(bone_rightmidfinger) {transformation: [-0.191f,-0.8908f,-0.4123f,-0.3102f,-0.0528f,0.4287f,-0.9019f,2.4529f,0.9802f,-0.1505f,-0.1289f,0.44f,0f,0f,0f,1f],start_interpolation: 0,interpolation_duration: 1}
$data merge entity $(bone_rightringfinger) {transformation: [-0.191f,-0.8908f,-0.4123f,-0.3746f,-0.0528f,0.4287f,-0.9019f,2.312f,0.9802f,-0.1505f,-0.1289f,0.4198f,0f,0f,0f,1f],start_interpolation: 0,interpolation_duration: 1}
$data merge entity $(bone_hugeasssword) {transformation: [-0.7482f,-3.489f,-1.6148f,-0.4339f,-0.2066f,1.6792f,-3.5324f,2.5681f,3.839f,-0.5896f,-0.5048f,0.1511f,0f,0f,0f,1f],start_interpolation: 0,interpolation_duration: 1}
$data merge entity $(bone_ice) {transformation: [-0.191f,-0.8908f,-0.4123f,-0.417f,-0.0528f,0.4287f,-0.9019f,2.5622f,0.9802f,-0.1505f,-0.1289f,0.1381f,0f,0f,0f,1f],start_interpolation: 0,interpolation_duration: 1}
$data merge entity $(bone_righthand1) {transformation: [-0.191f,-0.8908f,-0.4123f,-0.7004f,-0.0528f,0.4287f,-0.9019f,2.628f,0.9802f,-0.1505f,-0.1289f,0.3415f,0f,0f,0f,1f],start_interpolation: 0,interpolation_duration: 1}
$data merge entity $(bone_rightforearm) {transformation: [-0.4113f,-0.7346f,-0.5396f,-1.1893f,-0.0719f,0.6163f,-0.7842f,3.0748f,0.9087f,-0.2837f,-0.3063f,0.0909f,0f,0f,0f,1f],start_interpolation: 0,interpolation_duration: 1}
$data merge entity $(bone_rightelbow) {transformation: [-0.4113f,-0.7346f,-0.5396f,-1.327f,-0.0719f,0.6163f,-0.7842f,3.1904f,0.9087f,-0.2837f,-0.3063f,0.0377f,0f,0f,0f,1f],start_interpolation: 0,interpolation_duration: 1}
$data merge entity $(bone_rightarm) {transformation: [-0.3957f,0.6885f,-0.6077f,-0.9187f,0.0102f,0.665f,0.7468f,3.3618f,0.9183f,0.2893f,-0.2701f,-0.0324f,0f,0f,0f,1f],start_interpolation: 0,interpolation_duration: 1}
$data merge entity $(bone_chest1) {transformation: [-1.0548f,-0.2301f,0.0896f,-0.2053f,-0.2029f,1.0316f,0.2611f,3.4266f,-0.1407f,0.2374f,-1.0476f,-0.009f,0f,0f,0f,1f],start_interpolation: 0,interpolation_duration: 1}
$data merge entity $(bone_chest1lid) {transformation: [-0.9737f,-0.2124f,0.0827f,-0.4249f,-0.1873f,0.9523f,0.241f,2.6175f,-0.1299f,0.2192f,-0.967f,0.1752f,0f,0f,0f,1f],start_interpolation: 0,interpolation_duration: 1}
$data merge entity $(bone_chest2) {transformation: [-0.9737f,-0.2124f,0.0827f,-0.3917f,-0.1873f,0.9523f,0.241f,2.4687f,-0.1299f,0.2192f,-0.967f,0.141f,0f,0f,0f,1f],start_interpolation: 0,interpolation_duration: 1}
$data merge entity $(bone_chest1lid3) {transformation: [-0.9737f,-0.2124f,0.0827f,-0.3111f,-0.1873f,0.9523f,0.241f,2.7836f,-0.1299f,0.2192f,-0.967f,-0.4361f,0f,0f,0f,1f],start_interpolation: 0,interpolation_duration: 1}
$data merge entity $(bone_chest3) {transformation: [-0.9737f,-0.2124f,0.0827f,-0.2779f,-0.1873f,0.9523f,0.241f,2.6348f,-0.1299f,0.2192f,-0.967f,-0.4704f,0f,0f,0f,1f],start_interpolation: 0,interpolation_duration: 1}
$data merge entity $(bone_hugeasssword2) {transformation: [-0.3238f,2.2496f,-3.1898f,-1.6295f,-0.9439f,3.0607f,2.2543f,4.3646f,3.7874f,0.9551f,0.2891f,-0.171f,0f,0f,0f,1f],start_interpolation: 0,interpolation_duration: 1}
$data merge entity $(bone_belt) {transformation: [-0.9737f,-0.2124f,0.0827f,-0.1003f,-0.1873f,0.9523f,0.241f,3.0217f,-0.1299f,0.2192f,-0.967f,0.0344f,0f,0f,0f,1f],start_interpolation: 0,interpolation_duration: 1}
$data merge entity $(bone_torn_part) {transformation: [-0.9994f,-0.0131f,0.0323f,-0.1895f,0.0033f,0.8869f,0.462f,2.74f,-0.0347f,0.4618f,-0.8863f,-0.0352f,0f,0f,0f,1f],start_interpolation: 0,interpolation_duration: 1}
$data merge entity $(bone_lowerbody) {transformation: [-0.9994f,-0.0028f,0.0347f,-0.0955f,0.0033f,0.9848f,0.1739f,2.2344f,-0.0347f,0.1739f,-0.9841f,0.0217f,0f,0f,0f,1f],start_interpolation: 0,interpolation_duration: 1}
$data merge entity $(bone_leftfoot) {transformation: [-0.9074f,-0.2188f,-0.3588f,0.793f,-0.2816f,0.9503f,0.1327f,0.3102f,0.3119f,0.2214f,-0.9239f,-0.2262f,0f,0f,0f,1f],start_interpolation: 0,interpolation_duration: 1}
$data merge entity $(bone_leftlowerleg) {transformation: [-0.9074f,-0.2188f,-0.3588f,0.6054f,-0.2816f,0.9503f,0.1327f,1.344f,0.3119f,0.2214f,-0.9239f,0.1614f,0f,0f,0f,1f],start_interpolation: 0,interpolation_duration: 1}
$data merge entity $(bone_leftleg) {transformation: [-0.9042f,-0.4127f,-0.1102f,0.1477f,-0.3473f,0.8603f,-0.3731f,2.2415f,0.2488f,-0.2991f,-0.9212f,-0.1276f,0f,0f,0f,1f],start_interpolation: 0,interpolation_duration: 1}
$data merge entity $(bone_rightfoot) {transformation: [-0.9504f,0.3015f,-0.0771f,-0.9145f,0.2448f,0.8773f,0.4128f,0.3832f,0.192f,0.3734f,-0.9076f,-0.3398f,0f,0f,0f,1f],start_interpolation: 0,interpolation_duration: 1}
$data merge entity $(bone_rightlowerleg) {transformation: [-0.9504f,0.3015f,-0.0771f,-0.5682f,0.2448f,0.8773f,0.4128f,1.2931f,0.192f,0.3734f,-0.9076f,0.2139f,0f,0f,0f,1f],start_interpolation: 0,interpolation_duration: 1}
$data merge entity $(bone_rightleg) {transformation: [-0.9719f,0.1697f,-0.1629f,-0.3565f,0.2158f,0.9188f,-0.3306f,2.2497f,0.0936f,-0.3565f,-0.9296f,-0.149f,0f,0f,0f,1f],start_interpolation: 0,interpolation_duration: 1}
data modify entity @s data merge value {"cameras":{},"locators":{"lefthand":{"posx":0.23706487188264008,"posy":2.527171168887714,"posz":0.5642273649215263,"roty":65.69059561239482,"rotx":-75.3596936168621},"sword":{"posx":1.105738232290784,"posy":5.890367716553078,"posz":0.7096428189063045,"roty":287.3601595970621,"rotx":-64.40749915544372},"righthand":{"posx":-0.4145838371901845,"posy":2.5646517628024803,"posz":0.23436347997197413,"roty":287.3601595970621,"rotx":-64.40749915544372},"chest":{"posx":-0.4549296715062101,"posy":2.5144806972702374,"posz":0.3085545831795304,"roty":4.886012559320619,"rotx":13.944795096055216}}}