# This file was generated by Animated Java via MC-Build. It is not recommended to edit this file directly.
$data merge entity $(nose) {transformation: [-0.9158f,-0.2522f,-0.3127f,-0.5161f,-0.2782f,0.9597f,0.0408f,4.0946f,0.2898f,0.1244f,-0.949f,0.3913f,0f,0f,0f,1f],start_interpolation: 0,interpolation_duration: 1}
$data merge entity $(glowing_eye) {transformation: [-0.9158f,-0.2522f,-0.3127f,-0.6367f,-0.2782f,0.9597f,0.0408f,4.1234f,0.2898f,0.1244f,-0.949f,0.4691f,0f,0f,0f,1f],start_interpolation: 0,interpolation_duration: 1}
$data merge entity $(head) {transformation: [-0.9158f,-0.2522f,-0.3127f,-0.5435f,-0.2782f,0.9597f,0.0408f,3.9837f,0.2898f,0.1244f,-0.949f,0.1982f,0f,0f,0f,1f],start_interpolation: 0,interpolation_duration: 1}
$data merge entity $(leftthumb2) {transformation: [-0.2143f,0.9425f,0.2565f,-0.1256f,-0.0804f,0.2447f,-0.9663f,2.8353f,-0.9735f,-0.2277f,0.0233f,0.6618f,0f,0f,0f,1f],start_interpolation: 0,interpolation_duration: 1}
$data merge entity $(leftthumb) {transformation: [-0.2143f,0.9425f,0.2565f,0.1275f,-0.0804f,0.2447f,-0.9663f,2.8127f,-0.9735f,-0.2277f,0.0233f,0.6079f,0f,0f,0f,1f],start_interpolation: 0,interpolation_duration: 1}
$data merge entity $(leftpointerfinger) {transformation: [-0.2143f,0.9425f,0.2565f,-0.1463f,-0.0804f,0.2447f,-0.9663f,2.6959f,-0.9735f,-0.2277f,0.0233f,0.7902f,0f,0f,0f,1f],start_interpolation: 0,interpolation_duration: 1}
$data merge entity $(leftmidfinger) {transformation: [-0.2143f,0.9425f,0.2565f,-0.1063f,-0.0804f,0.2447f,-0.9663f,2.545f,-0.9735f,-0.2277f,0.0233f,0.7939f,0f,0f,0f,1f],start_interpolation: 0,interpolation_duration: 1}
$data merge entity $(leftringfinger) {transformation: [-0.2143f,0.9425f,0.2565f,-0.0662f,-0.0804f,0.2447f,-0.9663f,2.394f,-0.9735f,-0.2277f,0.0233f,0.7975f,0f,0f,0f,1f],start_interpolation: 0,interpolation_duration: 1}
$data merge entity $(invisibility) {transformation: [0.9613f,-0.1733f,0.2143f,-0.0915f,0.1595f,0.9839f,0.0804f,2.7378f,-0.2248f,-0.0431f,0.9735f,0.5821f,0f,0f,0f,1f],start_interpolation: 0,interpolation_duration: 1}
$data merge entity $(swiftness) {transformation: [0.2565f,0.9425f,0.2143f,-0.1822f,-0.9663f,0.2447f,0.0804f,2.5193f,0.0233f,-0.2277f,0.9735f,0.5666f,0f,0f,0f,1f],start_interpolation: 0,interpolation_duration: 1}
$data merge entity $(suspicious_stew) {transformation: [0.9626f,0.1659f,0.2143f,-0.0875f,-0.1866f,0.9791f,0.0804f,2.5452f,-0.1965f,-0.1174f,0.9735f,0.5971f,0f,0f,0f,1f],start_interpolation: 0,interpolation_duration: 1}
$data merge entity $(log) {transformation: [-0.2143f,0.9425f,0.2565f,0.0222f,-0.0804f,0.2447f,-0.9663f,2.5229f,-0.9735f,-0.2277f,0.0233f,0.4785f,0f,0f,0f,1f],start_interpolation: 0,interpolation_duration: 1}
$data merge entity $(planks) {transformation: [-0.2143f,0.9425f,0.2565f,0.0021f,-0.0804f,0.2447f,-0.9663f,2.5154f,-0.9735f,-0.2277f,0.0233f,0.3872f,0f,0f,0f,1f],start_interpolation: 0,interpolation_duration: 1}
$data merge entity $(lefthand1) {transformation: [-0.2143f,0.9425f,0.2565f,0.3034f,-0.0804f,0.2447f,-0.9663f,2.6344f,-0.9735f,-0.2277f,0.0233f,0.6642f,0f,0f,0f,1f],start_interpolation: 0,interpolation_duration: 1}
$data merge entity $(leftforearm) {transformation: [-0.7074f,0.4573f,0.5389f,0.58f,-0.0706f,0.7129f,-0.6977f,3.152f,-0.7033f,-0.5316f,-0.472f,0.2373f,0f,0f,0f,1f],start_interpolation: 0,interpolation_duration: 1}
$data merge entity $(leftelbow) {transformation: [-0.7074f,0.4573f,0.5389f,0.6657f,-0.0706f,0.7129f,-0.6977f,3.2857f,-0.7033f,-0.5316f,-0.472f,0.1376f,0f,0f,0f,1f],start_interpolation: 0,interpolation_duration: 1}
$data merge entity $(leftarm) {transformation: [-0.6763f,-0.5456f,0.4949f,0.2365f,-0.1768f,0.7724f,0.6101f,3.5004f,-0.7151f,0.3251f,-0.6188f,0.1732f,0f,0f,0f,1f],start_interpolation: 0,interpolation_duration: 1}
$data merge entity $(rightthumb2) {transformation: [-0.2222f,-0.9072f,-0.3572f,-0.5505f,0.0181f,0.3625f,-0.9318f,2.6759f,0.9748f,-0.2135f,-0.0641f,0.3598f,0f,0f,0f,1f],start_interpolation: 0,interpolation_duration: 1}
$data merge entity $(rightthumb) {transformation: [-0.2222f,-0.9072f,-0.3572f,-0.8035f,0.0181f,0.3625f,-0.9318f,2.6852f,0.9748f,-0.2135f,-0.0641f,0.302f,0f,0f,0f,1f],start_interpolation: 0,interpolation_duration: 1}
$data merge entity $(rightpointerfinger) {transformation: [-0.2222f,-0.9072f,-0.3572f,-0.5468f,0.0181f,0.3625f,-0.9318f,2.5245f,0.9748f,-0.2135f,-0.0641f,0.4756f,0f,0f,0f,1f],start_interpolation: 0,interpolation_duration: 1}
$data merge entity $(rightmidfinger) {transformation: [-0.2222f,-0.9072f,-0.3572f,-0.6027f,0.0181f,0.3625f,-0.9318f,2.3789f,0.9748f,-0.2135f,-0.0641f,0.4656f,0f,0f,0f,1f],start_interpolation: 0,interpolation_duration: 1}
$data merge entity $(rightringfinger) {transformation: [-0.2222f,-0.9072f,-0.3572f,-0.6585f,0.0181f,0.3625f,-0.9318f,2.2333f,0.9748f,-0.2135f,-0.0641f,0.4556f,0f,0f,0f,1f],start_interpolation: 0,interpolation_duration: 1}
$data merge entity $(hugeasssword) {transformation: [-0.8701f,-3.5533f,-1.3991f,-0.7223f,0.071f,1.4197f,-3.6496f,2.4623f,3.8181f,-0.8361f,-0.251f,0.1643f,0f,0f,0f,1f],start_interpolation: 0,interpolation_duration: 1}
$data merge entity $(whey) {transformation: [0f,0f,0f,-0.5489f,0f,0f,0f,2.5562f,0f,0f,0f,0.0258f,0f,0f,0f,1f],start_interpolation: 0,interpolation_duration: 1}
$data merge entity $(ice) {transformation: [-0.2222f,-0.9072f,-0.3572f,-0.7047f,0.0181f,0.3625f,-0.9318f,2.4564f,0.9748f,-0.2135f,-0.0641f,0.1524f,0f,0f,0f,1f],start_interpolation: 0,interpolation_duration: 1}
$data merge entity $(righthand1) {transformation: [-0.2222f,-0.9072f,-0.3572f,-0.9982f,0.0181f,0.3625f,-0.9318f,2.5224f,0.9748f,-0.2135f,-0.0641f,0.3408f,0f,0f,0f,1f],start_interpolation: 0,interpolation_duration: 1}
$data merge entity $(rightforearm) {transformation: [-0.3578f,-0.6586f,-0.662f,-1.4426f,-0.1489f,0.7401f,-0.6558f,3.0577f,0.9219f,-0.136f,-0.3629f,0.184f,0f,0f,0f,1f],start_interpolation: 0,interpolation_duration: 1}
$data merge entity $(rightelbow) {transformation: [-0.3578f,-0.6586f,-0.662f,-1.5661f,-0.1489f,0.7401f,-0.6558f,3.1965f,0.9219f,-0.136f,-0.3629f,0.1585f,0f,0f,0f,1f],start_interpolation: 0,interpolation_duration: 1}
$data merge entity $(rightarm) {transformation: [-0.3372f,0.6797f,-0.6514f,-1.1793f,-0.0613f,0.6746f,0.7356f,3.4045f,0.9394f,0.288f,-0.1858f,0.0725f,0f,0f,0f,1f],start_interpolation: 0,interpolation_duration: 1}
$data merge entity $(chest1) {transformation: [-1.0771f,-0.1114f,0.0313f,-0.451f,-0.1023f,1.0541f,0.228f,3.3614f,-0.0539f,0.2237f,-1.0586f,-0.0047f,0f,0f,0f,1f],start_interpolation: 0,interpolation_duration: 1}
$data merge entity $(chest1lid) {transformation: [-0.9943f,-0.1028f,0.0289f,-0.7315f,-0.0945f,0.973f,0.2105f,2.5818f,-0.0498f,0.2065f,-0.9772f,0.2195f,0f,0f,0f,1f],start_interpolation: 0,interpolation_duration: 1}
$data merge entity $(chest2) {transformation: [-0.9943f,-0.1028f,0.0289f,-0.7155f,-0.0945f,0.973f,0.2105f,2.4297f,-0.0498f,0.2065f,-0.9772f,0.1873f,0f,0f,0f,1f],start_interpolation: 0,interpolation_duration: 1}
$data merge entity $(chest1lid3) {transformation: [-0.9943f,-0.1028f,0.0289f,-0.6509f,-0.0945f,0.973f,0.2105f,2.7225f,-0.0498f,0.2065f,-0.9772f,-0.4034f,0f,0f,0f,1f],start_interpolation: 0,interpolation_duration: 1}
$data merge entity $(chest3) {transformation: [-0.9943f,-0.1028f,0.0289f,-0.6348f,-0.0945f,0.973f,0.2105f,2.5705f,-0.0498f,0.2065f,-0.9772f,-0.4356f,0f,0f,0f,1f],start_interpolation: 0,interpolation_duration: 1}
$data merge entity $(hugeasssword2) {transformation: [-0.1133f,2.5992f,-2.9278f,-1.7876f,-0.8243f,2.8475f,2.5598f,4.4298f,3.8273f,0.6902f,0.4647f,-0.0853f,0f,0f,0f,1f],start_interpolation: 0,interpolation_duration: 1}
$data merge entity $(belt) {transformation: [-0.9943f,-0.1028f,0.0289f,-0.382f,-0.0945f,0.973f,0.2105f,2.9493f,-0.0498f,0.2065f,-0.9772f,0.0425f,0f,0f,0f,1f],start_interpolation: 0,interpolation_duration: 1}
$data merge entity $(torn_part) {transformation: [-0.9985f,-0.0522f,0.0152f,-0.4831f,-0.0414f,0.9109f,0.4105f,2.6615f,-0.0353f,0.4093f,-0.9117f,-0.0151f,0f,0f,0f,1f],start_interpolation: 0,interpolation_duration: 1}
$data merge entity $(lowerbody) {transformation: [-0.9985f,-0.0452f,0.0302f,-0.3678f,-0.0414f,0.9922f,0.1176f,2.1645f,-0.0353f,0.1162f,-0.9926f,0.0712f,0f,0f,0f,1f],start_interpolation: 0,interpolation_duration: 1}
$data merge entity $(leftfoot) {transformation: [-0.7387f,-0.5821f,-0.3398f,1.2263f,-0.6579f,0.7324f,0.1753f,0.8385f,0.1468f,0.3531f,-0.924f,-0.1007f,0f,0f,0f,1f],start_interpolation: 0,interpolation_duration: 1}
$data merge entity $(leftlowerleg) {transformation: [-0.7387f,-0.5821f,-0.3398f,0.6327f,-0.6579f,0.7324f,0.1753f,1.6241f,0.1468f,0.3531f,-0.924f,0.433f,0f,0f,0f,1f],start_interpolation: 0,interpolation_duration: 1}
$data merge entity $(leftleg) {transformation: [-0.6723f,-0.6728f,0.3087f,-0.0929f,-0.7329f,0.5464f,-0.4053f,2.1741f,0.104f,-0.4988f,-0.8605f,-0.0749f,0f,0f,0f,1f],start_interpolation: 0,interpolation_duration: 1}
$data merge entity $(rightfoot) {transformation: [-0.9574f,0.2019f,-0.2067f,-0.9757f,0.1055f,0.9102f,0.4005f,0.2253f,0.269f,0.3616f,-0.8927f,-0.3222f,0f,0f,0f,1f],start_interpolation: 0,interpolation_duration: 1}
$data merge entity $(rightlowerleg) {transformation: [-0.9574f,0.2019f,-0.2067f,-0.7199f,0.1055f,0.9102f,0.4005f,1.1735f,0.269f,0.3616f,-0.8927f,0.2162f,0f,0f,0f,1f],start_interpolation: 0,interpolation_duration: 1}
$data merge entity $(rightleg) {transformation: [-0.9858f,0.051f,-0.1599f,-0.6302f,0.0983f,0.9478f,-0.3033f,2.1645f,0.1361f,-0.3147f,-0.9394f,-0.1028f,0f,0f,0f,1f],start_interpolation: 0,interpolation_duration: 1}
data modify entity @s data merge value {"cameras":{},"locators":{"soup":{"px":-0.06572969067432968,"py":2.710958579589939,"pz":0.546518489273837,"ry":167.58401011031864,"rx":4.611621763552896},"lefthand":{"px":-0.03534893147036522,"py":2.526454550032059,"pz":0.5871711652661941,"ry":95.20120193094785,"rx":-75.07671185440753},"sword":{"px":0.6115139250494437,"py":5.90302192009154,"pz":0.48445323100876236,"ry":280.16995512431333,"rx":-68.71978485472187},"righthand":{"px":-0.7057615902761447,"py":2.466948183145291,"pz":0.24815100716831867,"ry":280.16995512431333,"rx":-68.71978485472187},"chest":{"px":-0.7606966853106157,"py":2.485119191135267,"pz":0.35774250727364587,"ry":1.695565516332607,"rx":12.1493987278123}}}