# This file was generated by Animated Java via MC-Build. It is not recommended to edit this file directly.
$data merge entity $(nose) {transformation: [-0.993f,-0.0956f,-0.0701f,-0.3812f,-0.0948f,0.9954f,-0.0138f,4.1863f,0.0711f,-0.007f,-0.9974f,0.2981f,0f,0f,0f,1f],start_interpolation: 0,interpolation_duration: 1}
$data merge entity $(glowing_eye) {transformation: [-0.993f,-0.0956f,-0.0701f,-0.5093f,-0.0948f,0.9954f,-0.0138f,4.2423f,0.0711f,-0.007f,-0.9974f,0.3413f,0f,0f,0f,1f],start_interpolation: 0,interpolation_duration: 1}
$data merge entity $(head) {transformation: [-0.993f,-0.0956f,-0.0701f,-0.3825f,-0.0948f,0.9954f,-0.0138f,4.0608f,0.0711f,-0.007f,-0.9974f,0.1122f,0f,0f,0f,1f],start_interpolation: 0,interpolation_duration: 1}
$data merge entity $(leftthumb2) {transformation: [-0.6871f,0.7203f,0.0958f,0.1904f,0.0786f,0.2048f,-0.9757f,2.8275f,-0.7223f,-0.6628f,-0.1973f,0.8145f,0f,0f,0f,1f],start_interpolation: 0,interpolation_duration: 1}
$data merge entity $(leftthumb) {transformation: [-0.6871f,0.7203f,0.0958f,0.3752f,0.0786f,0.2048f,-0.9757f,2.7944f,-0.7223f,-0.6628f,-0.1973f,0.6351f,0f,0f,0f,1f],start_interpolation: 0,interpolation_duration: 1}
$data merge entity $(leftpointerfinger) {transformation: [-0.6871f,0.7203f,0.0958f,0.2185f,0.0786f,0.2048f,-0.9757f,2.6729f,-0.7223f,-0.6628f,-0.1973f,0.9224f,0f,0f,0f,1f],start_interpolation: 0,interpolation_duration: 1}
$data merge entity $(leftmidfinger) {transformation: [-0.6871f,0.7203f,0.0958f,0.2335f,0.0786f,0.2048f,-0.9757f,2.5204f,-0.7223f,-0.6628f,-0.1973f,0.8915f,0f,0f,0f,1f],start_interpolation: 0,interpolation_duration: 1}
$data merge entity $(leftringfinger) {transformation: [-0.6871f,0.7203f,0.0958f,0.2484f,0.0786f,0.2048f,-0.9757f,2.368f,-0.7223f,-0.6628f,-0.1973f,0.8607f,0f,0f,0f,1f],start_interpolation: 0,interpolation_duration: 1}
$data merge entity $(invisibility) {transformation: [0.7259f,-0.0327f,0.6871f,0.1654f,0.1189f,0.9898f,-0.0786f,2.7405f,-0.6775f,0.1387f,0.7223f,0.7206f,0f,0f,0f,1f],start_interpolation: 0,interpolation_duration: 1}
$data merge entity $(swiftness) {transformation: [0.0958f,0.7203f,0.6871f,0.0501f,-0.9757f,0.2048f,-0.0786f,2.5339f,-0.1973f,-0.6628f,0.7223f,0.7357f,0f,0f,0f,1f],start_interpolation: 0,interpolation_duration: 1}
$data merge entity $(suspicious_stew) {transformation: [0.6933f,0.2175f,0.6871f,0.1497f,-0.2268f,0.9708f,-0.0786f,2.548f,-0.6841f,-0.1013f,0.7223f,0.7147f,0f,0f,0f,1f],start_interpolation: 0,interpolation_duration: 1}
$data merge entity $(log) {transformation: [-0.6871f,0.7203f,0.0958f,0.1798f,0.0786f,0.2048f,-0.9757f,2.5352f,-0.7223f,-0.6628f,-0.1973f,0.5549f,0f,0f,0f,1f],start_interpolation: 0,interpolation_duration: 1}
$data merge entity $(planks) {transformation: [-0.6871f,0.7203f,0.0958f,0.1154f,0.0786f,0.2048f,-0.9757f,2.5425f,-0.7223f,-0.6628f,-0.1973f,0.4871f,0f,0f,0f,1f],start_interpolation: 0,interpolation_duration: 1}
$data merge entity $(lefthand1) {transformation: [-0.6871f,0.7203f,0.0958f,0.5286f,0.0786f,0.2048f,-0.9757f,2.5972f,-0.7223f,-0.6628f,-0.1973f,0.5759f,0f,0f,0f,1f],start_interpolation: 0,interpolation_duration: 1}
$data merge entity $(leftforearm) {transformation: [-0.8409f,0.3195f,0.4368f,0.7005f,-0.0422f,0.7659f,-0.6416f,3.1555f,-0.5395f,-0.558f,-0.6305f,0.1471f,0f,0f,0f,1f],start_interpolation: 0,interpolation_duration: 1}
$data merge entity $(leftelbow) {transformation: [-0.8409f,0.3195f,0.4368f,0.7604f,-0.0422f,0.7659f,-0.6416f,3.2991f,-0.5395f,-0.558f,-0.6305f,0.0425f,0f,0f,0f,1f],start_interpolation: 0,interpolation_duration: 1}
$data merge entity $(leftarm) {transformation: [-0.8155f,-0.4055f,0.4129f,0.3713f,-0.1531f,0.8392f,0.5218f,3.5677f,-0.5581f,0.3623f,-0.7465f,0.1313f,0f,0f,0f,1f],start_interpolation: 0,interpolation_duration: 1}
$data merge entity $(rightthumb2) {transformation: [-0.3116f,-0.591f,-0.744f,-0.6006f,-0.1061f,0.7998f,-0.5909f,2.2645f,0.9443f,-0.1052f,-0.3119f,0.4601f,0f,0f,0f,1f],start_interpolation: 0,interpolation_duration: 1}
$data merge entity $(rightthumb) {transformation: [-0.3116f,-0.591f,-0.744f,-0.8091f,-0.1061f,0.7998f,-0.5909f,2.4102f,0.9443f,-0.1052f,-0.3119f,0.4076f,0f,0f,0f,1f],start_interpolation: 0,interpolation_duration: 1}
$data merge entity $(rightpointerfinger) {transformation: [-0.3116f,-0.591f,-0.744f,-0.6841f,-0.1061f,0.7998f,-0.5909f,2.1084f,0.9443f,-0.1052f,-0.3119f,0.5308f,0f,0f,0f,1f],start_interpolation: 0,interpolation_duration: 1}
$data merge entity $(rightmidfinger) {transformation: [-0.3116f,-0.591f,-0.744f,-0.8004f,-0.1061f,0.7998f,-0.5909f,2.0161f,0.9443f,-0.1052f,-0.3119f,0.4821f,0f,0f,0f,1f],start_interpolation: 0,interpolation_duration: 1}
$data merge entity $(rightringfinger) {transformation: [-0.3116f,-0.591f,-0.744f,-0.9166f,-0.1061f,0.7998f,-0.5909f,1.9238f,0.9443f,-0.1052f,-0.3119f,0.4333f,0f,0f,0f,1f],start_interpolation: 0,interpolation_duration: 1}
$data merge entity $(hugeasssword) {transformation: [-1.2206f,-2.3148f,-2.9141f,-0.826f,-0.4155f,3.1324f,-2.3142f,2.216f,3.6984f,-0.412f,-1.2217f,0.2148f,0f,0f,0f,1f],start_interpolation: 0,interpolation_duration: 1}
$data merge entity $(whey) {transformation: [0f,0f,0f,-0.6124f,0f,0f,0f,2.2423f,0f,0f,0f,0.1062f,0f,0f,0f,1f],start_interpolation: 0,interpolation_duration: 1}
$data merge entity $(ice) {transformation: [-0.3116f,-0.591f,-0.744f,-0.8119f,-0.1061f,0.7998f,-0.5909f,2.2051f,0.9443f,-0.1052f,-0.3119f,0.2016f,0f,0f,0f,1f],start_interpolation: 0,interpolation_duration: 1}
$data merge entity $(righthand1) {transformation: [-0.3116f,-0.591f,-0.744f,-1.0608f,-0.1061f,0.7998f,-0.5909f,2.3601f,0.9443f,-0.1052f,-0.3119f,0.4017f,0f,0f,0f,1f],start_interpolation: 0,interpolation_duration: 1}
$data merge entity $(rightforearm) {transformation: [-0.4089f,-0.3919f,-0.8241f,-1.3052f,0.0053f,0.9021f,-0.4316f,2.9989f,0.9126f,-0.1808f,-0.3668f,0.2251f,0f,0f,0f,1f],start_interpolation: 0,interpolation_duration: 1}
$data merge entity $(rightelbow) {transformation: [-0.4089f,-0.3919f,-0.8241f,-1.3787f,0.0053f,0.9021f,-0.4316f,3.1681f,0.9126f,-0.1808f,-0.3668f,0.1912f,0f,0f,0f,1f],start_interpolation: 0,interpolation_duration: 1}
$data merge entity $(rightarm) {transformation: [-0.3809f,0.5407f,-0.75f,-1.0377f,0.1054f,0.8313f,0.5457f,3.4613f,0.9186f,0.1288f,-0.3737f,0.0572f,0f,0f,0f,1f],start_interpolation: 0,interpolation_duration: 1}
$data merge entity $(chest1) {transformation: [-1.0802f,-0.0807f,0.0141f,-0.3325f,-0.0776f,1.0675f,0.1676f,3.4186f,-0.0264f,0.1661f,-1.0702f,-0.0444f,0f,0f,0f,1f],start_interpolation: 0,interpolation_duration: 1}
$data merge entity $(chest1lid) {transformation: [-0.9971f,-0.0745f,0.013f,-0.6271f,-0.0716f,0.9854f,0.1547f,2.6602f,-0.0244f,0.1533f,-0.9879f,0.229f,0f,0f,0f,1f],start_interpolation: 0,interpolation_duration: 1}
$data merge entity $(chest2) {transformation: [-0.9971f,-0.0745f,0.013f,-0.6155f,-0.0716f,0.9854f,0.1547f,2.5062f,-0.0244f,0.1533f,-0.9879f,0.2051f,0f,0f,0f,1f],start_interpolation: 0,interpolation_duration: 1}
$data merge entity $(chest1lid3) {transformation: [-0.9971f,-0.0745f,0.013f,-0.5564f,-0.0716f,0.9854f,0.1547f,2.7637f,-0.0244f,0.1533f,-0.9879f,-0.4023f,0f,0f,0f,1f],start_interpolation: 0,interpolation_duration: 1}
$data merge entity $(chest3) {transformation: [-0.9971f,-0.0745f,0.013f,-0.5448f,-0.0716f,0.9854f,0.1547f,2.6098f,-0.0244f,0.1533f,-0.9879f,-0.4263f,0f,0f,0f,1f],start_interpolation: 0,interpolation_duration: 1}
$data merge entity $(hugeasssword2) {transformation: [-0.051f,2.6822f,-2.8537f,-1.644f,-0.606f,2.8141f,2.6559f,4.5147f,3.8692f,0.4761f,0.3783f,-0.1582f,0f,0f,0f,1f],start_interpolation: 0,interpolation_duration: 1}
$data merge entity $(belt) {transformation: [-0.9971f,-0.0745f,0.013f,-0.2726f,-0.0716f,0.9854f,0.1547f,3.0081f,-0.0244f,0.1533f,-0.9879f,0.0246f,0f,0f,0f,1f],start_interpolation: 0,interpolation_duration: 1}
$data merge entity $(torn_part) {transformation: [-0.9995f,0.0292f,0.0151f,-0.3886f,0.0327f,0.9278f,0.3716f,2.7254f,-0.0031f,0.3718f,-0.9283f,-0.0156f,0f,0f,0f,1f],start_interpolation: 0,interpolation_duration: 1}
$data merge entity $(lowerbody) {transformation: [-0.9995f,0.0323f,0.0056f,-0.3075f,0.0327f,0.9966f,0.0754f,2.225f,-0.0031f,0.0755f,-0.9971f,0.0881f,0f,0f,0f,1f],start_interpolation: 0,interpolation_duration: 1}
$data merge entity $(leftfoot) {transformation: [-0.8988f,-0.3578f,-0.2532f,0.9089f,-0.4111f,0.8884f,0.204f,0.5551f,0.1519f,0.2875f,-0.9457f,-0.0368f,0f,0f,0f,1f],start_interpolation: 0,interpolation_duration: 1}
$data merge entity $(leftlowerleg) {transformation: [-0.8988f,-0.3578f,-0.2532f,0.5509f,-0.4111f,0.8884f,0.204f,1.5093f,0.1519f,0.2875f,-0.9457f,0.4274f,0f,0f,0f,1f],start_interpolation: 0,interpolation_duration: 1}
$data merge entity $(leftleg) {transformation: [-0.8325f,-0.5491f,0.0734f,-0.0522f,-0.4945f,0.6767f,-0.5455f,2.2037f,0.2499f,-0.4904f,-0.8349f,-0.0654f,0f,0f,0f,1f],start_interpolation: 0,interpolation_duration: 1}
$data merge entity $(rightfoot) {transformation: [-0.9658f,0.1989f,-0.1665f,-1.0117f,0.1668f,0.9678f,0.1885f,0.1762f,0.1987f,0.1543f,-0.9678f,-0.3145f,0f,0f,0f,1f],start_interpolation: 0,interpolation_duration: 1}
$data merge entity $(rightlowerleg) {transformation: [-0.9658f,0.1989f,-0.1665f,-0.7655f,0.1668f,0.9678f,0.1885f,1.2208f,0.1987f,0.1543f,-0.9678f,0.0054f,0f,0f,0f,1f],start_interpolation: 0,interpolation_duration: 1}
$data merge entity $(rightleg) {transformation: [-0.986f,0.1566f,-0.0567f,-0.5636f,0.1615f,0.9823f,-0.0945f,2.2543f,0.0409f,-0.1023f,-0.9939f,-0.0815f,0f,0f,0f,1f],start_interpolation: 0,interpolation_duration: 1}
data modify entity @s data merge value {"cameras":{},"locators":{"soup":{"px":0.16557035331052225,"py":2.717262278864667,"pz":0.6746794412866453,"ry":136.43429743914317,"rx":-4.505652995957673},"lefthand":{"px":0.1864095256747293,"py":2.527063696528305,"pz":0.6774354693446614,"ry":25.912764959228923,"rx":-77.33126517960382},"sword":{"px":1.9233516533675397,"py":4.370715183230567,"pz":1.446914679295974,"ry":292.74528880599996,"rx":-36.21804031277244},"righthand":{"px":-0.82027263668663,"py":2.191919965109786,"pz":0.29668278853708674,"ry":292.74528880599996,"rx":-36.21804031277244},"chest":{"px":-0.655641448091897,"py":2.5721552277153137,"pz":0.3730419283455251,"ry":0.755373748913513,"rx":8.900532202643237}}}