# This file was generated by Animated Java via MC-Build. It is not recommended to edit this file directly.
$data merge entity $(bone_nose) {transformation: [-0.996f,-0.0544f,0.0703f,-0.1328f,-0.033f,0.9607f,0.2757f,4.1063f,-0.0825f,0.2723f,-0.9587f,0.4374f,0f,0f,0f,1f],start_interpolation: 0,interpolation_duration: 1}
$data merge entity $(bone_glowing_eye) {transformation: [-0.996f,-0.0544f,0.0703f,-0.2634f,-0.033f,0.9607f,0.2757f,4.1576f,-0.0825f,0.2723f,-0.9587f,0.4789f,0f,0f,0f,1f],start_interpolation: 0,interpolation_duration: 1}
$data merge entity $(bone_head) {transformation: [-0.996f,-0.0544f,0.0703f,-0.1129f,-0.033f,0.9607f,0.2757f,4.0393f,-0.0825f,0.2723f,-0.9587f,0.2242f,0f,0f,0f,1f],start_interpolation: 0,interpolation_duration: 1}
$data merge entity $(bone_leftthumb2) {transformation: [-0.31f,0.9081f,0.2814f,-0.3265f,-0.947f,-0.3211f,-0.0071f,3.8301f,0.084f,-0.2687f,0.9596f,0.9267f,0f,0f,0f,1f],start_interpolation: 0,interpolation_duration: 1}
$data merge entity $(bone_leftthumb) {transformation: [-0.31f,0.9081f,0.2814f,-0.0798f,-0.947f,-0.3211f,-0.0071f,3.7507f,0.084f,-0.2687f,0.9596f,0.9428f,0f,0f,0f,1f],start_interpolation: 0,interpolation_duration: 1}
$data merge entity $(bone_leftpointerfinger) {transformation: [-0.31f,0.9081f,0.2814f,-0.3307f,-0.947f,-0.3211f,-0.0071f,3.9594f,0.084f,-0.2687f,0.9596f,1.0668f,0f,0f,0f,1f],start_interpolation: 0,interpolation_duration: 1}
$data merge entity $(bone_leftmidfinger) {transformation: [-0.31f,0.9081f,0.2814f,-0.2867f,-0.947f,-0.3211f,-0.0071f,3.9583f,0.084f,-0.2687f,0.9596f,1.2167f,0f,0f,0f,1f],start_interpolation: 0,interpolation_duration: 1}
$data merge entity $(bone_leftringfinger) {transformation: [-0.31f,0.9081f,0.2814f,-0.2427f,-0.947f,-0.3211f,-0.0071f,3.9572f,0.084f,-0.2687f,0.9596f,1.3666f,0f,0f,0f,1f],start_interpolation: 0,interpolation_duration: 1}
$data merge entity $(bone_invisibility) {transformation: [0.9292f,-0.2012f,0.31f,-0.2982f,-0.3205f,-0.021f,0.947f,3.7469f,-0.184f,-0.9793f,-0.084f,1.0231f,0f,0f,0f,1f],start_interpolation: 0,interpolation_duration: 1}
$data merge entity $(bone_swiftness) {transformation: [0.2814f,0.9081f,0.31f,-0.3846f,-0.0071f,-0.3211f,0.947f,3.7397f,0.9596f,-0.2687f,-0.084f,1.2438f,0f,0f,0f,1f],start_interpolation: 0,interpolation_duration: 1}
$data merge entity $(bone_suspicious_stew) {transformation: [0.942f,0.1287f,0.31f,-0.2881f,-0.294f,-0.1293f,0.947f,3.7606f,0.162f,-0.9832f,-0.084f,1.2156f,0f,0f,0f,1f],start_interpolation: 0,interpolation_duration: 1}
$data merge entity $(bone_log) {transformation: [-0.31f,0.9081f,0.2814f,-0.1904f,-0.947f,-0.3211f,-0.0071f,3.6314f,0.084f,-0.2687f,0.9596f,1.2349f,0f,0f,0f,1f],start_interpolation: 0,interpolation_duration: 1}
$data merge entity $(bone_planks) {transformation: [-0.31f,0.9081f,0.2814f,-0.2195f,-0.947f,-0.3211f,-0.0071f,3.5426f,0.084f,-0.2687f,0.9596f,1.2428f,0f,0f,0f,1f],start_interpolation: 0,interpolation_duration: 1}
$data merge entity $(bone_lefthand1) {transformation: [-0.31f,0.9081f,0.2814f,0.1053f,-0.947f,-0.3211f,-0.0071f,3.7881f,0.084f,-0.2687f,0.9596f,1.1168f,0f,0f,0f,1f],start_interpolation: 0,interpolation_duration: 1}
$data merge entity $(bone_leftforearm) {transformation: [-0.6821f,0.7275f,0.0734f,0.566f,-0.5947f,-0.4935f,-0.6346f,3.3931f,-0.4255f,-0.4766f,0.7693f,0.737f,0f,0f,0f,1f],start_interpolation: 0,interpolation_duration: 1}
$data merge entity $(bone_leftelbow) {transformation: [-0.6821f,0.7275f,0.0734f,0.7024f,-0.5947f,-0.4935f,-0.6346f,3.3006f,-0.4255f,-0.4766f,0.7693f,0.6477f,0f,0f,0f,1f],start_interpolation: 0,interpolation_duration: 1}
$data merge entity $(bone_leftarm) {transformation: [-0.7123f,-0.0238f,0.7015f,0.4603f,-0.6235f,0.4803f,-0.6168f,3.4197f,-0.3223f,-0.8768f,-0.3569f,0.2482f,0f,0f,0f,1f],start_interpolation: 0,interpolation_duration: 1}
$data merge entity $(bone_rightthumb2) {transformation: [-0.6785f,-0.6781f,-0.2824f,0.2652f,0.7311f,-0.6605f,-0.1707f,4.131f,-0.0708f,-0.3223f,0.944f,0.7349f,0f,0f,0f,1f],start_interpolation: 0,interpolation_duration: 1}
$data merge entity $(bone_rightthumb) {transformation: [-0.6785f,-0.6781f,-0.2824f,0.0748f,0.7311f,-0.6605f,-0.1707f,3.9544f,-0.0708f,-0.3223f,0.944f,0.7365f,0f,0f,0f,1f],start_interpolation: 0,interpolation_duration: 1}
$data merge entity $(bone_rightpointerfinger) {transformation: [-0.6785f,-0.6781f,-0.2824f,0.2099f,0.7311f,-0.6605f,-0.1707f,4.2431f,-0.0708f,-0.3223f,0.944f,0.8787f,0f,0f,0f,1f],start_interpolation: 0,interpolation_duration: 1}
$data merge entity $(bone_rightmidfinger) {transformation: [-0.6785f,-0.6781f,-0.2824f,0.1657f,0.7311f,-0.6605f,-0.1707f,4.2164f,-0.0708f,-0.3223f,0.944f,1.0262f,0f,0f,0f,1f],start_interpolation: 0,interpolation_duration: 1}
$data merge entity $(bone_rightringfinger) {transformation: [-0.6785f,-0.6781f,-0.2824f,0.1216f,0.7311f,-0.6605f,-0.1707f,4.1897f,-0.0708f,-0.3223f,0.944f,1.1737f,0f,0f,0f,1f],start_interpolation: 0,interpolation_duration: 1}
$data merge entity $(bone_hugeasssword) {transformation: [-2.6576f,-2.6559f,-1.1061f,0.2126f,2.8636f,-2.587f,-0.6687f,3.8907f,-0.2772f,-1.2625f,3.6972f,0.9648f,0f,0f,0f,1f],start_interpolation: 0,interpolation_duration: 1}
$data merge entity $(bone_ice) {transformation: [-0.6785f,-0.6781f,-0.2824f,0.2338f,0.7311f,-0.6605f,-0.1707f,3.8896f,-0.0708f,-0.3223f,0.944f,0.971f,0f,0f,0f,1f],start_interpolation: 0,interpolation_duration: 1}
$data merge entity $(bone_righthand1) {transformation: [-0.6785f,-0.6781f,-0.2824f,-0.1141f,0.7311f,-0.6605f,-0.1707f,3.9019f,-0.0708f,-0.3223f,0.944f,0.9022f,0f,0f,0f,1f],start_interpolation: 0,interpolation_duration: 1}
$data merge entity $(bone_rightforearm) {transformation: [-0.2547f,-0.9445f,-0.2073f,-0.752f,0.8643f,-0.1262f,-0.487f,3.7419f,0.4338f,-0.3032f,0.8485f,0.6422f,0f,0f,0f,1f],start_interpolation: 0,interpolation_duration: 1}
$data merge entity $(bone_rightelbow) {transformation: [-0.2547f,-0.9445f,-0.2073f,-0.9291f,0.8643f,-0.1262f,-0.487f,3.7182f,0.4338f,-0.3032f,0.8485f,0.5854f,0f,0f,0f,1f],start_interpolation: 0,interpolation_duration: 1}
$data merge entity $(bone_rightarm) {transformation: [-0.2988f,-0.0347f,-0.9537f,-0.8167f,0.8884f,0.3549f,-0.2913f,3.677f,0.3486f,-0.9342f,-0.0752f,0.1467f,0f,0f,0f,1f],start_interpolation: 0,interpolation_duration: 1}
$data merge entity $(bone_chest1) {transformation: [-1.064f,0.165f,0.1192f,-0.1758f,0.1924f,1.0226f,0.3016f,3.4409f,-0.0666f,0.3174f,-1.0336f,-0.0454f,0f,0f,0f,1f],start_interpolation: 0,interpolation_duration: 1}
$data merge entity $(bone_chest1lid) {transformation: [-0.9822f,0.1523f,0.1101f,-0.6583f,0.1776f,0.9439f,0.2784f,2.7475f,-0.0615f,0.293f,-0.9541f,0.1067f,0f,0f,0f,1f],start_interpolation: 0,interpolation_duration: 1}
$data merge entity $(bone_chest2) {transformation: [-0.9822f,0.1523f,0.1101f,-0.6821f,0.1776f,0.9439f,0.2784f,2.6f,-0.0615f,0.293f,-0.9541f,0.0609f,0f,0f,0f,1f],start_interpolation: 0,interpolation_duration: 1}
$data merge entity $(bone_chest1lid3) {transformation: [-0.9822f,0.1523f,0.1101f,-0.5264f,0.1776f,0.9439f,0.2784f,2.9148f,-0.0615f,0.293f,-0.9541f,-0.5007f,0f,0f,0f,1f],start_interpolation: 0,interpolation_duration: 1}
$data merge entity $(bone_chest3) {transformation: [-0.9822f,0.1523f,0.1101f,-0.5502f,0.1776f,0.9439f,0.2784f,2.7673f,-0.0615f,0.293f,-0.9541f,-0.5465f,0f,0f,0f,1f],start_interpolation: 0,interpolation_duration: 1}
$data merge entity $(bone_hugeasssword2) {transformation: [-0.4311f,3.2393f,-2.159f,-1.1799f,-1.0905f,1.9847f,3.1956f,4.8287f,3.737f,0.9528f,0.6834f,-0.034f,0f,0f,0f,1f],start_interpolation: 0,interpolation_duration: 1}
$data merge entity $(bone_belt) {transformation: [-0.9822f,0.1523f,0.1101f,-0.2194f,0.1776f,0.9439f,0.2784f,3.0228f,-0.0615f,0.293f,-0.9541f,-0.0353f,0f,0f,0f,1f],start_interpolation: 0,interpolation_duration: 1}
$data merge entity $(bone_torn_part) {transformation: [-0.9894f,0.1237f,0.0764f,-0.3846f,0.1439f,0.9091f,0.3909f,2.764f,-0.0211f,0.3977f,-0.9173f,-0.1045f,0f,0f,0f,1f],start_interpolation: 0,interpolation_duration: 1}
$data merge entity $(bone_lowerbody) {transformation: [-0.9894f,0.141f,0.0357f,-0.3619f,0.1439f,0.9846f,0.0994f,2.2552f,-0.0211f,0.1035f,-0.9944f,-0.0131f,0f,0f,0f,1f],start_interpolation: 0,interpolation_duration: 1}
$data merge entity $(bone_leftfoot) {transformation: [-0.8753f,-0.0864f,-0.4758f,0.2826f,-0.2222f,0.9457f,0.237f,0.3051f,0.4295f,0.3132f,-0.847f,-0.2637f,0f,0f,0f,1f],start_interpolation: 0,interpolation_duration: 1}
$data merge entity $(bone_leftlowerleg) {transformation: [-0.8753f,-0.0864f,-0.4758f,0.2598f,-0.2222f,0.9457f,0.237f,1.3179f,0.4295f,0.3132f,-0.847f,0.2139f,0f,0f,0f,1f],start_interpolation: 0,interpolation_duration: 1}
$data merge entity $(bone_leftleg) {transformation: [-0.9252f,-0.3441f,-0.16f,-0.1228f,-0.2405f,0.8579f,-0.454f,2.2127f,0.2935f,-0.3816f,-0.8765f,-0.1647f,0f,0f,0f,1f],start_interpolation: 0,interpolation_duration: 1}
$data merge entity $(bone_rightfoot) {transformation: [-0.8257f,0.1796f,0.5348f,-1.0784f,0.3783f,0.8795f,0.2886f,0.8245f,-0.4185f,0.4406f,-0.7942f,0.0768f,0f,0f,0f,1f],start_interpolation: 0,interpolation_duration: 1}
$data merge entity $(bone_rightlowerleg) {transformation: [-0.8257f,0.1796f,0.5348f,-0.9613f,0.3783f,0.8795f,0.2886f,1.7559f,-0.4185f,0.4406f,-0.7942f,0.6876f,0f,0f,0f,1f],start_interpolation: 0,interpolation_duration: 1}
$data merge entity $(bone_rightleg) {transformation: [-0.9482f,0.313f,-0.0533f,-0.6134f,0.2117f,0.4981f,-0.8409f,2.2659f,-0.2367f,-0.8087f,-0.5386f,-0.1537f,0f,0f,0f,1f],start_interpolation: 0,interpolation_duration: 1}
data modify entity @s data merge value {"cameras":{},"locators":{"lefthand":{"posx":-0.23668756840362631,"posy":3.7453481781401003,"posz":1.233031673882888,"roty":163.6544535133076,"rotx":-0.4044297151464105},"sword":{"posx":1.2266628534843194,"posy":4.600714923071648,"posz":-2.526298184452883,"roty":196.65623507833925,"rotx":-9.830616102713885},"righthand":{"posx":0.18523842264015544,"posy":3.971125814947934,"posz":0.9546081572594166,"roty":196.65623507833925,"rotx":-9.830616102713885},"chest":{"posx":-0.7157181898789547,"posy":2.650553709685004,"posz":0.23553236640985054,"roty":6.580756903108778,"rotx":16.165792897589824}}}