# This file was generated by Animated Java via MC-Build. It is not recommended to edit this file directly.
$data merge entity $(bone_nose) {transformation: [-0.9901f,0.1238f,-0.0655f,-0.3362f,0.1016f,0.9569f,0.2719f,3.969f,0.0963f,0.2626f,-0.9601f,0.4878f,0f,0f,0f,1f],start_interpolation: 0,interpolation_duration: 1}
$data merge entity $(bone_glowing_eye) {transformation: [-0.9901f,0.1238f,-0.0655f,-0.4493f,0.1016f,0.9569f,0.2719f,4.037f,0.0963f,0.2626f,-0.9601f,0.5512f,0f,0f,0f,1f],start_interpolation: 0,interpolation_duration: 1}
$data merge entity $(bone_head) {transformation: [-0.9901f,0.1238f,-0.0655f,-0.3637f,0.1016f,0.9569f,0.2719f,3.9017f,0.0963f,0.2626f,-0.9601f,0.2756f,0f,0f,0f,1f],start_interpolation: 0,interpolation_duration: 1}
$data merge entity $(bone_leftthumb2) {transformation: [0.1154f,0.8643f,0.4895f,-0.697f,-0.9638f,0.2166f,-0.1552f,2.9595f,-0.2402f,-0.4539f,0.8581f,1.115f,0f,0f,0f,1f],start_interpolation: 0,interpolation_duration: 1}
$data merge entity $(bone_leftthumb) {transformation: [0.1154f,0.8643f,0.4895f,-0.4432f,-0.9638f,0.2166f,-0.1552f,2.9994f,-0.2402f,-0.4539f,0.8581f,1.077f,0f,0f,0f,1f],start_interpolation: 0,interpolation_duration: 1}
$data merge entity $(bone_leftpointerfinger) {transformation: [0.1154f,0.8643f,0.4895f,-0.7165f,-0.9638f,0.2166f,-0.1552f,3.0264f,-0.2402f,-0.4539f,0.8581f,1.2925f,0f,0f,0f,1f],start_interpolation: 0,interpolation_duration: 1}
$data merge entity $(bone_leftmidfinger) {transformation: [0.1154f,0.8643f,0.4895f,-0.64f,-0.9638f,0.2166f,-0.1552f,3.0022f,-0.2402f,-0.4539f,0.8581f,1.4265f,0f,0f,0f,1f],start_interpolation: 0,interpolation_duration: 1}
$data merge entity $(bone_leftringfinger) {transformation: [0.1154f,0.8643f,0.4895f,-0.5635f,-0.9638f,0.2166f,-0.1552f,2.9779f,-0.2402f,-0.4539f,0.8581f,1.5606f,0f,0f,0f,1f],start_interpolation: 0,interpolation_duration: 1}
$data merge entity $(bone_invisibility) {transformation: [0.9037f,-0.4123f,-0.1154f,-0.6156f,0.2023f,0.1735f,0.9638f,2.8743f,-0.3774f,-0.8944f,0.2402f,1.171f,0f,0f,0f,1f],start_interpolation: 0,interpolation_duration: 1}
$data merge entity $(bone_swiftness) {transformation: [0.4895f,0.8643f,-0.1154f,-0.6349f,-0.1552f,0.2166f,0.9638f,2.7656f,0.8581f,-0.4539f,0.2402f,1.3808f,0f,0f,0f,1f],start_interpolation: 0,interpolation_duration: 1}
$data merge entity $(bone_suspicious_stew) {transformation: [0.9902f,-0.0784f,-0.1154f,-0.5644f,0.1308f,0.2322f,0.9638f,2.835f,-0.0487f,-0.9695f,0.2402f,1.3531f,0f,0f,0f,1f],start_interpolation: 0,interpolation_duration: 1}
$data merge entity $(bone_log) {transformation: [0.1154f,0.8643f,0.4895f,-0.4225f,-0.9638f,0.2166f,-0.1552f,2.7644f,-0.2402f,-0.4539f,0.8581f,1.3141f,0f,0f,0f,1f],start_interpolation: 0,interpolation_duration: 1}
$data merge entity $(bone_planks) {transformation: [0.1154f,0.8643f,0.4895f,-0.4117f,-0.9638f,0.2166f,-0.1552f,2.6741f,-0.2402f,-0.4539f,0.8581f,1.2916f,0f,0f,0f,1f],start_interpolation: 0,interpolation_duration: 1}
$data merge entity $(bone_lefthand1) {transformation: [0.1154f,0.8643f,0.4895f,-0.2506f,-0.9638f,0.2166f,-0.1552f,3.0644f,-0.2402f,-0.4539f,0.8581f,1.2339f,0f,0f,0f,1f],start_interpolation: 0,interpolation_duration: 1}
$data merge entity $(bone_leftforearm) {transformation: [-0.3291f,0.7613f,0.5587f,0.2588f,-0.7094f,0.1912f,-0.6784f,3.1458f,-0.6233f,-0.6196f,0.4771f,0.743f,0f,0f,0f,1f],start_interpolation: 0,interpolation_duration: 1}
$data merge entity $(bone_leftelbow) {transformation: [-0.3291f,0.7613f,0.5587f,0.4015f,-0.7094f,0.1912f,-0.6784f,3.1817f,-0.6233f,-0.6196f,0.4771f,0.6268f,0f,0f,0f,1f],start_interpolation: 0,interpolation_duration: 1}
$data merge entity $(bone_leftarm) {transformation: [-0.3344f,-0.1801f,0.9251f,0.1805f,-0.7793f,0.6049f,-0.1639f,3.2727f,-0.53f,-0.7757f,-0.3426f,0.2055f,0f,0f,0f,1f],start_interpolation: 0,interpolation_duration: 1}
$data merge entity $(bone_rightthumb2) {transformation: [-0.3566f,-0.8798f,-0.3143f,0.0056f,0.5757f,0.058f,-0.8156f,3.4815f,0.7358f,-0.4718f,0.4858f,1.2617f,0f,0f,0f,1f],start_interpolation: 0,interpolation_duration: 1}
$data merge entity $(bone_rightthumb) {transformation: [-0.3566f,-0.8798f,-0.3143f,-0.2371f,0.5757f,0.058f,-0.8156f,3.4261f,0.7358f,-0.4718f,0.4858f,1.1875f,0f,0f,0f,1f],start_interpolation: 0,interpolation_duration: 1}
$data merge entity $(bone_rightpointerfinger) {transformation: [-0.3566f,-0.8798f,-0.3143f,-0.0021f,0.5757f,0.058f,-0.8156f,3.4318f,0.7358f,-0.4718f,0.4858f,1.4455f,0f,0f,0f,1f],start_interpolation: 0,interpolation_duration: 1}
$data merge entity $(bone_rightmidfinger) {transformation: [-0.3566f,-0.8798f,-0.3143f,-0.0512f,0.5757f,0.058f,-0.8156f,3.3043f,0.7358f,-0.4718f,0.4858f,1.5215f,0f,0f,0f,1f],start_interpolation: 0,interpolation_duration: 1}
$data merge entity $(bone_rightringfinger) {transformation: [-0.3566f,-0.8798f,-0.3143f,-0.1003f,0.5757f,0.058f,-0.8156f,3.1769f,0.7358f,-0.4718f,0.4858f,1.5974f,0f,0f,0f,1f],start_interpolation: 0,interpolation_duration: 1}
$data merge entity $(bone_hugeasssword) {transformation: [-1.3968f,-3.4459f,-1.231f,-0.1303f,2.2549f,0.2271f,-3.1944f,3.1759f,2.8818f,-1.8479f,1.9029f,1.2226f,0f,0f,0f,1f],start_interpolation: 0,interpolation_duration: 1}
$data merge entity $(bone_ice) {transformation: [-0.3566f,-0.8798f,-0.3143f,-0.111f,0.5757f,0.058f,-0.8156f,3.166f,0.7358f,-0.4718f,0.4858f,1.2185f,0f,0f,0f,1f],start_interpolation: 0,interpolation_duration: 1}
$data merge entity $(bone_righthand1) {transformation: [-0.3566f,-0.8798f,-0.3143f,-0.4299f,0.5757f,0.058f,-0.8156f,3.299f,0.7358f,-0.4718f,0.4858f,1.2996f,0f,0f,0f,1f],start_interpolation: 0,interpolation_duration: 1}
$data merge entity $(bone_rightforearm) {transformation: [-0.4438f,-0.8419f,-0.3071f,-0.9905f,0.5024f,0.0501f,-0.8632f,3.3158f,0.7421f,-0.5374f,0.4007f,0.869f,0f,0f,0f,1f],start_interpolation: 0,interpolation_duration: 1}
$data merge entity $(bone_rightelbow) {transformation: [-0.4438f,-0.8419f,-0.3071f,-1.1483f,0.5024f,0.0501f,-0.8632f,3.3252f,0.7421f,-0.5374f,0.4007f,0.7683f,0f,0f,0f,1f],start_interpolation: 0,interpolation_duration: 1}
$data merge entity $(bone_rightarm) {transformation: [-0.4925f,-0.222f,-0.8415f,-1.098f,0.5591f,0.6602f,-0.5014f,3.4977f,0.6669f,-0.7175f,-0.2011f,0.3287f,0f,0f,0f,1f],start_interpolation: 0,interpolation_duration: 1}
$data merge entity $(bone_chest1) {transformation: [-1.0642f,0.1857f,-0.081f,-0.486f,0.1631f,1.0422f,0.2468f,3.2957f,0.1203f,0.2303f,-1.0517f,0.0457f,0f,0f,0f,1f],start_interpolation: 0,interpolation_duration: 1}
$data merge entity $(bone_chest1lid) {transformation: [-0.9824f,0.1714f,-0.0748f,-0.9093f,0.1505f,0.962f,0.2279f,2.6005f,0.111f,0.2126f,-0.9708f,0.3183f,0f,0f,0f,1f],start_interpolation: 0,interpolation_duration: 1}
$data merge entity $(bone_chest2) {transformation: [-0.9824f,0.1714f,-0.0748f,-0.9361f,0.1505f,0.962f,0.2279f,2.4502f,0.111f,0.2126f,-0.9708f,0.2851f,0f,0f,0f,1f],start_interpolation: 0,interpolation_duration: 1}
$data merge entity $(bone_chest1lid3) {transformation: [-0.9824f,0.1714f,-0.0748f,-0.8958f,0.1505f,0.962f,0.2279f,2.737f,0.111f,0.2126f,-0.9708f,-0.3106f,0f,0f,0f,1f],start_interpolation: 0,interpolation_duration: 1}
$data merge entity $(bone_chest3) {transformation: [-0.9824f,0.1714f,-0.0748f,-0.9226f,0.1505f,0.962f,0.2279f,2.5867f,0.111f,0.2126f,-0.9708f,-0.3438f,0f,0f,0f,1f],start_interpolation: 0,interpolation_duration: 1}
$data merge entity $(bone_hugeasssword2) {transformation: [0.293f,3.2903f,-2.1043f,-1.5172f,-0.8924f,2.1108f,3.1762f,4.6577f,3.8024f,0.2419f,0.9076f,0.172f,0f,0f,0f,1f],start_interpolation: 0,interpolation_duration: 1}
$data merge entity $(bone_belt) {transformation: [-0.9824f,0.1714f,-0.0748f,-0.513f,0.1505f,0.962f,0.2279f,2.8779f,0.111f,0.2126f,-0.9708f,0.0846f,0f,0f,0f,1f],start_interpolation: 0,interpolation_duration: 1}
$data merge entity $(bone_torn_part) {transformation: [-0.9814f,0.1437f,-0.1269f,-0.6766f,0.0875f,0.9246f,0.3706f,2.6096f,0.1706f,0.3527f,-0.9201f,0.0571f,0f,0f,0f,1f],start_interpolation: 0,interpolation_duration: 1}
$data merge entity $(bone_lowerbody) {transformation: [-0.9814f,0.0989f,-0.1643f,-0.606f,0.0875f,0.9933f,0.0754f,2.1054f,0.1706f,0.0597f,-0.9835f,0.1496f,0f,0f,0f,1f],start_interpolation: 0,interpolation_duration: 1}
$data merge entity $(bone_leftfoot) {transformation: [-0.7337f,0.3662f,-0.5723f,-0.4145f,0.0561f,0.8721f,0.4861f,0.4948f,0.6771f,0.3245f,-0.6604f,0.1522f,0f,0f,0f,1f],start_interpolation: 0,interpolation_duration: 1}
$data merge entity $(bone_leftlowerleg) {transformation: [-0.7337f,0.3662f,-0.5723f,0.0797f,0.0561f,0.8721f,0.4861f,1.3876f,0.6771f,0.3245f,-0.6604f,0.6137f,0f,0f,0f,1f],start_interpolation: 0,interpolation_duration: 1}
$data merge entity $(bone_leftleg) {transformation: [-0.8045f,-0.4373f,-0.402f,-0.4003f,0.0286f,0.6475f,-0.7615f,2.06f,0.5933f,-0.6241f,-0.5084f,-0.0202f,0f,0f,0f,1f],start_interpolation: 0,interpolation_duration: 1}
$data merge entity $(bone_rightfoot) {transformation: [-0.9506f,0.3065f,0.0484f,-1.3417f,0.3056f,0.8975f,0.3178f,0.2039f,0.054f,0.3169f,-0.9469f,-0.1299f,0f,0f,0f,1f],start_interpolation: 0,interpolation_duration: 1}
$data merge entity $(bone_rightlowerleg) {transformation: [-0.9506f,0.3065f,0.0484f,-1.0091f,0.3056f,0.8975f,0.3178f,1.1508f,0.054f,0.3169f,-0.9469f,0.3672f,0f,0f,0f,1f],start_interpolation: 0,interpolation_duration: 1}
$data merge entity $(bone_rightleg) {transformation: [-0.9549f,0.0883f,-0.2835f,-0.8892f,0.1743f,0.9396f,-0.2945f,2.1334f,0.2404f,-0.3307f,-0.9126f,0.0282f,0f,0f,0f,1f],start_interpolation: 0,interpolation_duration: 1}
data modify entity @s data merge value {"cameras":{},"locators":{"lefthand":{"posx":-0.5085447016744338,"posy":2.8403005895432343,"posz":1.3586584691920254,"roty":150.29589335416787,"rotx":-8.929288908731037},"sword":{"posx":1.0331907249447665,"posy":6.239311363600066,"posz":-0.5043173076530207,"roty":212.8984535066706,"rotx":-54.645440308461026},"righthand":{"posx":-0.1257402905490932,"posy":3.231834458268107,"posz":1.287223318518003,"roty":212.8984535066706,"rotx":-54.645440308461026},"chest":{"posx":-0.938995594032004,"posy":2.5094435627152976,"posz":0.46013979813549377,"roty":355.59402332524076,"rotx":13.170813504176252}}}