# This file was generated by Animated Java via MC-Build. It is not recommended to edit this file directly.
$data merge entity $(bone_nose) {transformation: [-0.9938f,-0.0956f,-0.0568f,-0.4007f,-0.1086f,0.9446f,0.3098f,4.0385f,0.024f,0.3141f,-0.9491f,0.5945f,0f,0f,0f,1f],start_interpolation: 0,interpolation_duration: 1}
$data merge entity $(bone_glowing_eye) {transformation: [-0.9938f,-0.0956f,-0.0568f,-0.5294f,-0.1086f,0.9446f,0.3098f,4.078f,0.024f,0.3141f,-0.9491f,0.6519f,0f,0f,0f,1f],start_interpolation: 0,interpolation_duration: 1}
$data merge entity $(bone_head) {transformation: [-0.9938f,-0.0956f,-0.0568f,-0.3995f,-0.1086f,0.9446f,0.3098f,3.9799f,0.024f,0.3141f,-0.9491f,0.378f,0f,0f,0f,1f],start_interpolation: 0,interpolation_duration: 1}
$data merge entity $(bone_leftthumb2) {transformation: [0.3865f,0.7913f,0.4737f,-0.91f,-0.8613f,0.4933f,-0.1213f,2.9283f,-0.3297f,-0.3611f,0.8723f,0.8707f,0f,0f,0f,1f],start_interpolation: 0,interpolation_duration: 1}
$data merge entity $(bone_leftthumb) {transformation: [0.3865f,0.7913f,0.4737f,-0.6755f,-0.8613f,0.4933f,-0.1213f,3.039f,-0.3297f,-0.3611f,0.8723f,0.8567f,0f,0f,0f,1f],start_interpolation: 0,interpolation_duration: 1}
$data merge entity $(bone_leftpointerfinger) {transformation: [0.3865f,0.7913f,0.4737f,-0.9552f,-0.8613f,0.4933f,-0.1213f,2.9656f,-0.3297f,-0.3611f,0.8723f,1.0521f,0f,0f,0f,1f],start_interpolation: 0,interpolation_duration: 1}
$data merge entity $(bone_leftmidfinger) {transformation: [0.3865f,0.7913f,0.4737f,-0.8812f,-0.8613f,0.4933f,-0.1213f,2.9467f,-0.3297f,-0.3611f,0.8723f,1.1884f,0f,0f,0f,1f],start_interpolation: 0,interpolation_duration: 1}
$data merge entity $(bone_leftringfinger) {transformation: [0.3865f,0.7913f,0.4737f,-0.8072f,-0.8613f,0.4933f,-0.1213f,2.9277f,-0.3297f,-0.3611f,0.8723f,1.3247f,0f,0f,0f,1f],start_interpolation: 0,interpolation_duration: 1}
$data merge entity $(bone_invisibility) {transformation: [0.8296f,-0.4029f,-0.3865f,-0.811f,0.4809f,0.1638f,0.8613f,2.8619f,-0.2837f,-0.9004f,0.3297f,0.9235f,0f,0f,0f,1f],start_interpolation: 0,interpolation_duration: 1}
$data merge entity $(bone_swiftness) {transformation: [0.4737f,0.7913f,-0.3865f,-0.8092f,-0.1213f,0.4933f,0.8613f,2.7275f,0.8723f,-0.3611f,0.3297f,1.1188f,0f,0f,0f,1f],start_interpolation: 0,interpolation_duration: 1}
$data merge entity $(bone_suspicious_stew) {transformation: [0.9174f,-0.0949f,-0.3865f,-0.7593f,0.3958f,0.3184f,0.8613f,2.816f,0.0413f,-0.9432f,0.3297f,1.104f,0f,0f,0f,1f],start_interpolation: 0,interpolation_duration: 1}
$data merge entity $(bone_log) {transformation: [0.3865f,0.7913f,0.4737f,-0.6019f,-0.8613f,0.4933f,-0.1213f,2.7912f,-0.3297f,-0.3611f,0.8723f,1.0688f,0f,0f,0f,1f],start_interpolation: 0,interpolation_duration: 1}
$data merge entity $(bone_planks) {transformation: [0.3865f,0.7913f,0.4737f,-0.5657f,-0.8613f,0.4933f,-0.1213f,2.7105f,-0.3297f,-0.3611f,0.8723f,1.0379f,0f,0f,0f,1f],start_interpolation: 0,interpolation_duration: 1}
$data merge entity $(bone_lefthand1) {transformation: [0.3865f,0.7913f,0.4737f,-0.5155f,-0.8613f,0.4933f,-0.1213f,3.1337f,-0.3297f,-0.3611f,0.8723f,1.0337f,0f,0f,0f,1f],start_interpolation: 0,interpolation_duration: 1}
$data merge entity $(bone_leftforearm) {transformation: [0.3047f,0.8323f,0.463f,0.0808f,-0.8546f,0.4536f,-0.2529f,3.3932f,-0.4205f,-0.3186f,0.8495f,0.7721f,0f,0f,0f,1f],start_interpolation: 0,interpolation_duration: 1}
$data merge entity $(bone_leftelbow) {transformation: [0.3047f,0.8323f,0.463f,0.2369f,-0.8546f,0.4536f,-0.2529f,3.4783f,-0.4205f,-0.3186f,0.8495f,0.7124f,0f,0f,0f,1f],start_interpolation: 0,interpolation_duration: 1}
$data merge entity $(bone_leftarm) {transformation: [0.2873f,-0.0882f,0.9538f,0.1859f,-0.9036f,0.3054f,0.3005f,3.3763f,-0.3177f,-0.9481f,0.0081f,0.2433f,0f,0f,0f,1f],start_interpolation: 0,interpolation_duration: 1}
$data merge entity $(bone_rightthumb2) {transformation: [-0.1646f,-0.9333f,-0.3191f,0.3405f,0.911f,-0.0198f,-0.4119f,3.598f,0.3781f,-0.3585f,0.8536f,0.9235f,0f,0f,0f,1f],start_interpolation: 0,interpolation_duration: 1}
$data merge entity $(bone_rightthumb) {transformation: [-0.1646f,-0.9333f,-0.3191f,0.0843f,0.911f,-0.0198f,-0.4119f,3.5579f,0.3781f,-0.3585f,0.8536f,0.9085f,0f,0f,0f,1f],start_interpolation: 0,interpolation_duration: 1}
$data merge entity $(bone_rightpointerfinger) {transformation: [-0.1646f,-0.9333f,-0.3191f,0.3576f,0.911f,-0.0198f,-0.4119f,3.6448f,0.3781f,-0.3585f,0.8536f,1.1075f,0f,0f,0f,1f],start_interpolation: 0,interpolation_duration: 1}
$data merge entity $(bone_rightmidfinger) {transformation: [-0.1646f,-0.9333f,-0.3191f,0.3078f,0.911f,-0.0198f,-0.4119f,3.5804f,0.3781f,-0.3585f,0.8536f,1.2409f,0f,0f,0f,1f],start_interpolation: 0,interpolation_duration: 1}
$data merge entity $(bone_rightringfinger) {transformation: [-0.1646f,-0.9333f,-0.3191f,0.2579f,0.911f,-0.0198f,-0.4119f,3.5161f,0.3781f,-0.3585f,0.8536f,1.3743f,0f,0f,0f,1f],start_interpolation: 0,interpolation_duration: 1}
$data merge entity $(bone_hugeasssword) {transformation: [-0.6445f,-3.6556f,-1.2497f,0.1669f,3.5682f,-0.0777f,-1.6131f,3.3408f,1.4808f,-1.404f,3.3431f,1.0543f,0f,0f,0f,1f],start_interpolation: 0,interpolation_duration: 1}
$data merge entity $(bone_ice) {transformation: [-0.1646f,-0.9333f,-0.3191f,0.184f,0.911f,-0.0198f,-0.4119f,3.3269f,0.3781f,-0.3585f,0.8536f,1.054f,0f,0f,0f,1f],start_interpolation: 0,interpolation_duration: 1}
$data merge entity $(bone_righthand1) {transformation: [-0.1646f,-0.9333f,-0.3191f,-0.1004f,0.911f,-0.0198f,-0.4119f,3.5368f,0.3781f,-0.3585f,0.8536f,1.0856f,0f,0f,0f,1f],start_interpolation: 0,interpolation_duration: 1}
$data merge entity $(bone_rightforearm) {transformation: [0.0371f,-0.9533f,-0.2999f,-0.7628f,0.9008f,0.1618f,-0.403f,3.592f,0.4327f,-0.2552f,0.8647f,0.8636f,0f,0f,0f,1f],start_interpolation: 0,interpolation_duration: 1}
$data merge entity $(bone_rightelbow) {transformation: [0.0371f,-0.9533f,-0.2999f,-0.9415f,0.9008f,0.1618f,-0.403f,3.6223f,0.4327f,-0.2552f,0.8647f,0.8158f,0f,0f,0f,1f],start_interpolation: 0,interpolation_duration: 1}
$data merge entity $(bone_rightarm) {transformation: [-0.0296f,-0.4478f,-0.8937f,-1.0937f,0.934f,0.3061f,-0.1843f,3.554f,0.3561f,-0.8401f,0.4091f,0.362f,0f,0f,0f,1f],start_interpolation: 0,interpolation_duration: 1}
$data merge entity $(bone_chest1) {transformation: [-1.0706f,0.1485f,-0.0727f,-0.4793f,0.1101f,0.9957f,0.4124f,3.405f,0.1233f,0.4002f,-0.9991f,0.0632f,0f,0f,0f,1f],start_interpolation: 0,interpolation_duration: 1}
$data merge entity $(bone_chest1lid) {transformation: [-0.9883f,0.137f,-0.0671f,-0.8841f,0.1016f,0.9191f,0.3807f,2.6625f,0.1138f,0.3694f,-0.9223f,0.2104f,0f,0f,0f,1f],start_interpolation: 0,interpolation_duration: 1}
$data merge entity $(bone_chest2) {transformation: [-0.9883f,0.137f,-0.0671f,-0.9055f,0.1016f,0.9191f,0.3807f,2.5189f,0.1138f,0.3694f,-0.9223f,0.1527f,0f,0f,0f,1f],start_interpolation: 0,interpolation_duration: 1}
$data merge entity $(bone_chest1lid3) {transformation: [-0.9883f,0.137f,-0.0671f,-0.8653f,0.1016f,0.9191f,0.3807f,2.9001f,0.1138f,0.3694f,-0.9223f,-0.3875f,0f,0f,0f,1f],start_interpolation: 0,interpolation_duration: 1}
$data merge entity $(bone_chest3) {transformation: [-0.9883f,0.137f,-0.0671f,-0.8867f,0.1016f,0.9191f,0.3807f,2.7565f,0.1138f,0.3694f,-0.9223f,-0.4452f,0f,0f,0f,1f],start_interpolation: 0,interpolation_duration: 1}
$data merge entity $(bone_hugeasssword2) {transformation: [0.2628f,3.2165f,-2.2194f,-1.5557f,-1.4911f,2.1386f,2.9229f,4.6975f,3.6122f,0.6488f,1.368f,0.3877f,0f,0f,0f,1f],start_interpolation: 0,interpolation_duration: 1}
$data merge entity $(bone_belt) {transformation: [-0.9883f,0.137f,-0.0671f,-0.4934f,0.1016f,0.9191f,0.3807f,2.9858f,0.1138f,0.3694f,-0.9223f,0.0331f,0f,0f,0f,1f],start_interpolation: 0,interpolation_duration: 1}
$data merge entity $(bone_torn_part) {transformation: [-0.9858f,0.1011f,-0.1338f,-0.6467f,0.0392f,0.9147f,0.4022f,2.7158f,0.1631f,0.3912f,-0.9057f,-0.0255f,0f,0f,0f,1f],start_interpolation: 0,interpolation_duration: 1}
$data merge entity $(bone_lowerbody) {transformation: [-0.9858f,0.0562f,-0.158f,-0.5557f,0.0392f,0.9933f,0.1085f,2.2117f,0.1631f,0.1008f,-0.9815f,0.0474f,0f,0f,0f,1f],start_interpolation: 0,interpolation_duration: 1}
$data merge entity $(bone_leftfoot) {transformation: [-0.5997f,0.2743f,-0.7518f,0.0552f,-0.0095f,0.9369f,0.3494f,1.0651f,0.8002f,0.2167f,-0.5593f,0.24f,0f,0f,0f,1f],start_interpolation: 0,interpolation_duration: 1}
$data merge entity $(bone_leftlowerleg) {transformation: [-0.5997f,0.2743f,-0.7518f,0.475f,-0.0095f,0.9369f,0.3494f,2.0508f,0.8002f,0.2167f,-0.5593f,0.5663f,0f,0f,0f,1f],start_interpolation: 0,interpolation_duration: 1}
$data merge entity $(bone_leftleg) {transformation: [-0.6589f,-0.7509f,-0.0437f,-0.3282f,-0.073f,0.1216f,-0.9899f,2.1597f,0.7487f,-0.6491f,-0.1349f,-0.0896f,0f,0f,0f,1f],start_interpolation: 0,interpolation_duration: 1}
$data merge entity $(bone_rightfoot) {transformation: [-0.9561f,0.2011f,0.213f,-1.1821f,0.2486f,0.9417f,0.2269f,0.2912f,-0.155f,0.2699f,-0.9503f,-0.0476f,0f,0f,0f,1f],start_interpolation: 0,interpolation_duration: 1}
$data merge entity $(bone_rightlowerleg) {transformation: [-0.9561f,0.2011f,0.213f,-0.9918f,0.2486f,0.9417f,0.2269f,1.301f,-0.155f,0.2699f,-0.9503f,0.3978f,0f,0f,0f,1f],start_interpolation: 0,interpolation_duration: 1}
$data merge entity $(bone_rightleg) {transformation: [-0.9889f,0.1332f,-0.0655f,-0.8263f,0.1484f,0.8782f,-0.4547f,2.2211f,-0.003f,-0.4594f,-0.8882f,-0.0711f,0f,0f,0f,1f],start_interpolation: 0,interpolation_duration: 1}
data modify entity @s data merge value {"cameras":{},"locators":{"lefthand":{"posx":-0.707364545722142,"posy":2.835326072623324,"posz":1.1143356097917005,"roty":151.49502963472602,"rotx":-6.9679257211237315},"sword":{"posx":1.3647628559004041,"posy":4.937767548783387,"posz":-2.0657952814104092,"roty":200.49674808317437,"rotx":-24.32117137596482},"righthand":{"posx":0.18816112279004282,"posy":3.419066605264954,"posz":1.0817135836760614,"roty":200.49674808317437,"rotx":-24.32117137596482},"chest":{"posx":-0.9130750668413238,"posy":2.5487858725635153,"posz":0.33502032575566987,"roty":355.8394521996174,"rotx":22.37747388691251}}}