# This file was generated by Animated Java via MC-Build. It is not recommended to edit this file directly.
$data merge entity $(bone_nose) {transformation: [-0.9958f,-0.0387f,-0.0833f,-0.2983f,-0.0641f,0.9424f,0.3284f,4.1728f,0.0658f,0.3324f,-0.9409f,0.5949f,0f,0f,0f,1f],start_interpolation: 0,interpolation_duration: 1}
$data merge entity $(bone_glowing_eye) {transformation: [-0.9958f,-0.0387f,-0.0833f,-0.4225f,-0.0641f,0.9424f,0.3284f,4.2171f,0.0658f,0.3324f,-0.9409f,0.6584f,0f,0f,0f,1f],start_interpolation: 0,interpolation_duration: 1}
$data merge entity $(bone_head) {transformation: [-0.9958f,-0.0387f,-0.0833f,-0.3091f,-0.0641f,0.9424f,0.3284f,4.1179f,0.0658f,0.3324f,-0.9409f,0.3776f,0f,0f,0f,1f],start_interpolation: 0,interpolation_duration: 1}
$data merge entity $(bone_leftthumb2) {transformation: [-0.1706f,0.8823f,0.4388f,-0.5487f,-0.9255f,-0.2963f,0.236f,3.6785f,0.3382f,-0.3658f,0.8671f,1.1957f,0f,0f,0f,1f],start_interpolation: 0,interpolation_duration: 1}
$data merge entity $(bone_leftthumb) {transformation: [-0.1706f,0.8823f,0.4388f,-0.2949f,-0.9255f,-0.2963f,0.236f,3.6261f,0.3382f,-0.3658f,0.8671f,1.18f,0f,0f,0f,1f],start_interpolation: 0,interpolation_duration: 1}
$data merge entity $(bone_leftpointerfinger) {transformation: [-0.1706f,0.8823f,0.4388f,-0.5451f,-0.9255f,-0.2963f,0.236f,3.8355f,0.3382f,-0.3658f,0.8671f,1.3037f,0f,0f,0f,1f],start_interpolation: 0,interpolation_duration: 1}
$data merge entity $(bone_leftmidfinger) {transformation: [-0.1706f,0.8823f,0.4388f,-0.4766f,-0.9255f,-0.2963f,0.236f,3.8724f,0.3382f,-0.3658f,0.8671f,1.4392f,0f,0f,0f,1f],start_interpolation: 0,interpolation_duration: 1}
$data merge entity $(bone_leftringfinger) {transformation: [-0.1706f,0.8823f,0.4388f,-0.408f,-0.9255f,-0.2963f,0.236f,3.9093f,0.3382f,-0.3658f,0.8671f,1.5747f,0f,0f,0f,1f],start_interpolation: 0,interpolation_duration: 1}
$data merge entity $(bone_invisibility) {transformation: [0.9171f,-0.3602f,0.1706f,-0.4943f,-0.2746f,-0.2609f,0.9255f,3.6222f,-0.2889f,-0.8957f,-0.3382f,1.3f,0f,0f,0f,1f],start_interpolation: 0,interpolation_duration: 1}
$data merge entity $(bone_swiftness) {transformation: [0.4388f,0.8823f,0.1706f,-0.5404f,0.236f,-0.2963f,0.9255f,3.6584f,0.8671f,-0.3658f,-0.3382f,1.5298f,0f,0f,0f,1f],start_interpolation: 0,interpolation_duration: 1}
$data merge entity $(bone_suspicious_stew) {transformation: [0.985f,-0.0248f,0.1706f,-0.4534f,-0.1688f,-0.3391f,0.9255f,3.6804f,0.0349f,-0.9404f,-0.3382f,1.4798f,0f,0f,0f,1f],start_interpolation: 0,interpolation_duration: 1}
$data merge entity $(bone_log) {transformation: [-0.1706f,0.8823f,0.4388f,-0.3385f,-0.9255f,-0.2963f,0.236f,3.5676f,0.3382f,-0.3658f,0.8671f,1.5064f,0f,0f,0f,1f],start_interpolation: 0,interpolation_duration: 1}
$data merge entity $(bone_planks) {transformation: [-0.1706f,0.8823f,0.4388f,-0.3545f,-0.9255f,-0.2963f,0.236f,3.4809f,0.3382f,-0.3658f,0.8671f,1.5381f,0f,0f,0f,1f],start_interpolation: 0,interpolation_duration: 1}
$data merge entity $(bone_lefthand1) {transformation: [-0.1706f,0.8823f,0.4388f,-0.089f,-0.9255f,-0.2963f,0.236f,3.7176f,0.3382f,-0.3658f,0.8671f,1.3033f,0f,0f,0f,1f],start_interpolation: 0,interpolation_duration: 1}
$data merge entity $(bone_leftforearm) {transformation: [-0.441f,0.7937f,0.419f,0.4354f,-0.7654f,-0.0887f,-0.6374f,3.5888f,-0.4688f,-0.6018f,0.6466f,0.8322f,0f,0f,0f,1f],start_interpolation: 0,interpolation_duration: 1}
$data merge entity $(bone_leftelbow) {transformation: [-0.441f,0.7937f,0.419f,0.5842f,-0.7654f,-0.0887f,-0.6374f,3.5722f,-0.4688f,-0.6018f,0.6466f,0.7194f,0f,0f,0f,1f],start_interpolation: 0,interpolation_duration: 1}
$data merge entity $(bone_leftarm) {transformation: [-0.4535f,-0.1643f,0.876f,0.3385f,-0.8131f,0.4788f,-0.3312f,3.6159f,-0.365f,-0.8624f,-0.3507f,0.3064f,0f,0f,0f,1f],start_interpolation: 0,interpolation_duration: 1}
$data merge entity $(bone_rightthumb2) {transformation: [-0.9626f,-0.252f,0.0993f,-0.1673f,0.1891f,-0.8877f,-0.4198f,4.297f,0.194f,-0.3853f,0.9022f,1.002f,0f,0f,0f,1f],start_interpolation: 0,interpolation_duration: 1}
$data merge entity $(bone_rightthumb) {transformation: [-0.9626f,-0.252f,0.0993f,-0.2206f,0.1891f,-0.8877f,-0.4198f,4.0434f,0.194f,-0.3853f,0.9022f,0.9846f,0f,0f,0f,1f],start_interpolation: 0,interpolation_duration: 1}
$data merge entity $(bone_rightpointerfinger) {transformation: [-0.9626f,-0.252f,0.0993f,-0.2386f,0.1891f,-0.8877f,-0.4198f,4.3357f,0.194f,-0.3853f,0.9022f,1.1745f,0f,0f,0f,1f],start_interpolation: 0,interpolation_duration: 1}
$data merge entity $(bone_rightmidfinger) {transformation: [-0.9626f,-0.252f,0.0993f,-0.223f,0.1891f,-0.8877f,-0.4198f,4.2701f,0.194f,-0.3853f,0.9022f,1.3155f,0f,0f,0f,1f],start_interpolation: 0,interpolation_duration: 1}
$data merge entity $(bone_rightringfinger) {transformation: [-0.9626f,-0.252f,0.0993f,-0.2075f,0.1891f,-0.8877f,-0.4198f,4.2045f,0.194f,-0.3853f,0.9022f,1.4564f,0f,0f,0f,1f],start_interpolation: 0,interpolation_duration: 1}
$data merge entity $(bone_hugeasssword) {transformation: [-3.7703f,-0.987f,0.389f,-0.0201f,0.7405f,-3.4768f,-1.6442f,4.0461f,0.7597f,-1.5092f,3.5335f,1.1716f,0f,0f,0f,1f],start_interpolation: 0,interpolation_duration: 1}
$data merge entity $(bone_ice) {transformation: [-0.9626f,-0.252f,0.0993f,-0.0011f,0.1891f,-0.8877f,-0.4198f,4.057f,0.194f,-0.3853f,0.9022f,1.1746f,0f,0f,0f,1f],start_interpolation: 0,interpolation_duration: 1}
$data merge entity $(bone_righthand1) {transformation: [-0.9626f,-0.252f,0.0993f,-0.3017f,0.1891f,-0.8877f,-0.4198f,3.8693f,0.194f,-0.3853f,0.9022f,1.1549f,0f,0f,0f,1f],start_interpolation: 0,interpolation_duration: 1}
$data merge entity $(bone_rightforearm) {transformation: [-0.506f,-0.8625f,0.0097f,-0.8598f,0.5745f,-0.3454f,-0.742f,3.5761f,0.6433f,-0.3699f,0.6703f,0.8367f,0f,0f,0f,1f],start_interpolation: 0,interpolation_duration: 1}
$data merge entity $(bone_rightelbow) {transformation: [-0.506f,-0.8625f,0.0097f,-1.0215f,0.5745f,-0.3454f,-0.742f,3.5113f,0.6433f,-0.3699f,0.6703f,0.7674f,0f,0f,0f,1f],start_interpolation: 0,interpolation_duration: 1}
$data merge entity $(bone_rightarm) {transformation: [-0.5641f,-0.2717f,-0.7797f,-0.9601f,0.6017f,0.5114f,-0.6136f,3.6148f,0.5655f,-0.8153f,-0.125f,0.3245f,0f,0f,0f,1f],start_interpolation: 0,interpolation_duration: 1}
$data merge entity $(bone_chest1) {transformation: [-1.0824f,0f,-0.0444f,-0.3095f,-0.0158f,1.0127f,0.3843f,3.5343f,0.0415f,0.3847f,-1.0119f,0.0699f,0f,0f,0f,1f],start_interpolation: 0,interpolation_duration: 1}
$data merge entity $(bone_chest1lid) {transformation: [-0.9992f,0f,-0.041f,-0.6346f,-0.0146f,0.9348f,0.3548f,2.7516f,0.0383f,0.3551f,-0.9341f,0.2059f,0f,0f,0f,1f],start_interpolation: 0,interpolation_duration: 1}
$data merge entity $(bone_chest2) {transformation: [-0.9992f,0f,-0.041f,-0.6346f,-0.0146f,0.9348f,0.3548f,2.6055f,0.0383f,0.3551f,-0.9341f,0.1504f,0f,0f,0f,1f],start_interpolation: 0,interpolation_duration: 1}
$data merge entity $(bone_chest1lid3) {transformation: [-0.9992f,0f,-0.041f,-0.5984f,-0.0146f,0.9348f,0.3548f,2.9798f,0.0383f,0.3551f,-0.9341f,-0.3949f,0f,0f,0f,1f],start_interpolation: 0,interpolation_duration: 1}
$data merge entity $(bone_chest3) {transformation: [-0.9992f,0f,-0.041f,-0.5984f,-0.0146f,0.9348f,0.3548f,2.8337f,0.0383f,0.3551f,-0.9341f,-0.4504f,0f,0f,0f,1f],start_interpolation: 0,interpolation_duration: 1}
$data merge entity $(bone_hugeasssword2) {transformation: [0.1607f,2.8852f,-2.6439f,-1.5514f,-1.3895f,2.5158f,2.6609f,4.695f,3.6584f,0.8288f,1.1268f,0.2817f,0f,0f,0f,1f],start_interpolation: 0,interpolation_duration: 1}
$data merge entity $(bone_belt) {transformation: [-0.9992f,0f,-0.041f,-0.2721f,-0.0146f,0.9348f,0.3548f,3.116f,0.0383f,0.3551f,-0.9341f,0.0495f,0f,0f,0f,1f],start_interpolation: 0,interpolation_duration: 1}
$data merge entity $(bone_torn_part) {transformation: [-0.9972f,-0.0096f,-0.0738f,-0.3922f,-0.042f,0.892f,0.4501f,2.8352f,0.0615f,0.4519f,-0.8899f,-0.0264f,0f,0f,0f,1f],start_interpolation: 0,interpolation_duration: 1}
$data merge entity $(bone_lowerbody) {transformation: [-0.9972f,-0.0314f,-0.0675f,-0.27f,-0.042f,0.9861f,0.161f,2.3352f,0.0615f,0.1634f,-0.9846f,0.0262f,0f,0f,0f,1f],start_interpolation: 0,interpolation_duration: 1}
$data merge entity $(bone_leftfoot) {transformation: [-0.7055f,-0.0219f,-0.7084f,0.5043f,-0.1263f,0.9874f,0.0953f,0.6515f,0.6974f,0.1566f,-0.6994f,0.1789f,0f,0f,0f,1f],start_interpolation: 0,interpolation_duration: 1}
$data merge entity $(bone_leftlowerleg) {transformation: [-0.7055f,-0.0219f,-0.7084f,0.5889f,-0.1263f,0.9874f,0.0953f,1.7323f,0.6974f,0.1566f,-0.6994f,0.4601f,0f,0f,0f,1f],start_interpolation: 0,interpolation_duration: 1}
$data merge entity $(bone_leftleg) {transformation: [-0.7734f,-0.588f,-0.237f,-0.0433f,-0.1883f,0.57f,-0.7998f,2.3237f,0.6053f,-0.5739f,-0.5516f,-0.1163f,0f,0f,0f,1f],start_interpolation: 0,interpolation_duration: 1}
$data merge entity $(bone_rightfoot) {transformation: [-0.9662f,0.114f,0.2314f,-0.7512f,0.1542f,0.9744f,0.1636f,0.3685f,-0.2068f,0.1937f,-0.959f,0.0375f,0f,0f,0f,1f],start_interpolation: 0,interpolation_duration: 1}
$data merge entity $(bone_rightlowerleg) {transformation: [-0.9662f,0.114f,0.2314f,-0.6602f,0.1542f,0.9744f,0.1636f,1.4243f,-0.2068f,0.1937f,-0.959f,0.3998f,0f,0f,0f,1f],start_interpolation: 0,interpolation_duration: 1}
$data merge entity $(bone_rightleg) {transformation: [-0.994f,0.1021f,0.0386f,-0.5273f,0.0681f,0.8565f,-0.5116f,2.3252f,-0.0853f,-0.5059f,-0.8583f,-0.1153f,0f,0f,0f,1f],start_interpolation: 0,interpolation_duration: 1}
data modify entity @s data merge value {"cameras":{},"locators":{"lefthand":{"posx":-0.39833559018812387,"posy":3.673855033082528,"posz":1.4897021637887888,"roty":153.15893968655536,"rotx":13.64792000187917},"sword":{"posx":-0.45524395975701126,"posy":5.643229013260329,"posz":-2.1420555427087606,"roty":173.71702947452283,"rotx":-24.82243276407525},"righthand":{"posx":-0.08897132958034065,"posy":4.095188973521676,"posz":1.1846654623876112,"roty":173.71702947452283,"rotx":-24.82243276407525},"chest":{"posx":-0.6594106396099814,"posy":2.6372895067961224,"posz":0.3308257014608891,"roty":357.48495459678924,"rotx":20.779080019276055}}}