# This file was generated by Animated Java via MC-Build. It is not recommended to edit this file directly.
$data merge entity $(bone_nose) {transformation: [-0.9965f,0.0592f,-0.0589f,-0.1901f,0.0303f,0.9134f,0.4059f,3.9828f,0.0779f,0.4027f,-0.912f,0.4913f,0f,0f,0f,1f],start_interpolation: 0,interpolation_duration: 1}
$data merge entity $(bone_glowing_eye) {transformation: [-0.9965f,0.0592f,-0.0589f,-0.3086f,0.0303f,0.9134f,0.4059f,4.0343f,0.0779f,0.4027f,-0.912f,0.5601f,0f,0f,0f,1f],start_interpolation: 0,interpolation_duration: 1}
$data merge entity $(bone_head) {transformation: [-0.9965f,0.0592f,-0.0589f,-0.2084f,0.0303f,0.9134f,0.4059f,3.946f,0.0779f,0.4027f,-0.912f,0.2708f,0f,0f,0f,1f],start_interpolation: 0,interpolation_duration: 1}
$data merge entity $(bone_leftthumb2) {transformation: [0.0357f,0.7495f,0.6611f,-0.2392f,-0.9939f,0.0955f,-0.0547f,3.3517f,-0.1042f,-0.6551f,0.7483f,1.3574f,0f,0f,0f,1f],start_interpolation: 0,interpolation_duration: 1}
$data merge entity $(bone_leftthumb) {transformation: [0.0357f,0.7495f,0.6611f,0.0011f,-0.9939f,0.0955f,-0.0547f,3.3705f,-0.1042f,-0.6551f,0.7483f,1.2606f,0f,0f,0f,1f],start_interpolation: 0,interpolation_duration: 1}
$data merge entity $(bone_leftpointerfinger) {transformation: [0.0357f,0.7495f,0.6611f,-0.2178f,-0.9939f,0.0955f,-0.0547f,3.4453f,-0.1042f,-0.6551f,0.7483f,1.5221f,0f,0f,0f,1f],start_interpolation: 0,interpolation_duration: 1}
$data merge entity $(bone_leftmidfinger) {transformation: [0.0357f,0.7495f,0.6611f,-0.1145f,-0.9939f,0.0955f,-0.0547f,3.4368f,-0.1042f,-0.6551f,0.7483f,1.639f,0f,0f,0f,1f],start_interpolation: 0,interpolation_duration: 1}
$data merge entity $(bone_leftringfinger) {transformation: [0.0357f,0.7495f,0.6611f,-0.0112f,-0.9939f,0.0955f,-0.0547f,3.4282f,-0.1042f,-0.6551f,0.7483f,1.7559f,0f,0f,0f,1f],start_interpolation: 0,interpolation_duration: 1}
$data merge entity $(bone_invisibility) {transformation: [0.8042f,-0.5932f,-0.0357f,-0.1498f,0.0904f,0.0628f,0.9939f,3.2711f,-0.5874f,-0.8026f,0.1042f,1.4075f,0f,0f,0f,1f],start_interpolation: 0,interpolation_duration: 1}
$data merge entity $(bone_swiftness) {transformation: [0.6611f,0.7495f,-0.0357f,-0.1254f,-0.0547f,0.0955f,0.9939f,3.1961f,0.7483f,-0.6551f,0.1042f,1.6311f,0f,0f,0f,1f],start_interpolation: 0,interpolation_duration: 1}
$data merge entity $(bone_suspicious_stew) {transformation: [0.9586f,-0.2824f,-0.0357f,-0.0609f,0.0635f,0.0899f,0.9939f,3.2564f,-0.2775f,-0.9551f,0.1042f,1.5785f,0f,0f,0f,1f],start_interpolation: 0,interpolation_duration: 1}
$data merge entity $(bone_log) {transformation: [0.0357f,0.7495f,0.6611f,0.0671f,-0.9939f,0.0955f,-0.0547f,3.1726f,-0.1042f,-0.6551f,0.7483f,1.5219f,0f,0f,0f,1f],start_interpolation: 0,interpolation_duration: 1}
$data merge entity $(bone_planks) {transformation: [0.0357f,0.7495f,0.6611f,0.0704f,-0.9939f,0.0955f,-0.0547f,3.0794f,-0.1042f,-0.6551f,0.7483f,1.5122f,0f,0f,0f,1f],start_interpolation: 0,interpolation_duration: 1}
$data merge entity $(bone_lefthand1) {transformation: [0.0357f,0.7495f,0.6611f,0.2249f,-0.9939f,0.0955f,-0.0547f,3.4466f,-0.1042f,-0.6551f,0.7483f,1.3608f,0f,0f,0f,1f],start_interpolation: 0,interpolation_duration: 1}
$data merge entity $(bone_leftforearm) {transformation: [-0.7307f,0.6209f,0.2838f,0.5996f,-0.4546f,-0.1324f,-0.8808f,3.3115f,-0.5093f,-0.7726f,0.379f,0.7681f,0f,0f,0f,1f],start_interpolation: 0,interpolation_duration: 1}
$data merge entity $(bone_leftelbow) {transformation: [-0.7307f,0.6209f,0.2838f,0.716f,-0.4546f,-0.1324f,-0.8808f,3.2867f,-0.5093f,-0.7726f,0.379f,0.6232f,0f,0f,0f,1f],start_interpolation: 0,interpolation_duration: 1}
$data merge entity $(bone_leftarm) {transformation: [-0.7448f,-0.0858f,0.6617f,0.4587f,-0.5217f,0.6932f,-0.4973f,3.4991f,-0.416f,-0.7156f,-0.5611f,0.2732f,0f,0f,0f,1f],start_interpolation: 0,interpolation_duration: 1}
$data merge entity $(bone_rightthumb2) {transformation: [-0.1641f,-0.9864f,-0.0019f,0.2805f,0.6245f,-0.1024f,-0.7743f,3.6937f,0.7636f,-0.1283f,0.6328f,0.9292f,0f,0f,0f,1f],start_interpolation: 0,interpolation_duration: 1}
$data merge entity $(bone_rightthumb) {transformation: [-0.1641f,-0.9864f,-0.0019f,0.0384f,0.6245f,-0.1024f,-0.7743f,3.6025f,0.7636f,-0.1283f,0.6328f,0.9518f,0f,0f,0f,1f],start_interpolation: 0,interpolation_duration: 1}
$data merge entity $(bone_rightpointerfinger) {transformation: [-0.1641f,-0.9864f,-0.0019f,0.3441f,0.6245f,-0.1024f,-0.7743f,3.6681f,0.7636f,-0.1283f,0.6328f,1.1071f,0f,0f,0f,1f],start_interpolation: 0,interpolation_duration: 1}
$data merge entity $(bone_rightmidfinger) {transformation: [-0.1641f,-0.9864f,-0.0019f,0.3438f,0.6245f,-0.1024f,-0.7743f,3.5471f,0.7636f,-0.1283f,0.6328f,1.206f,0f,0f,0f,1f],start_interpolation: 0,interpolation_duration: 1}
$data merge entity $(bone_rightringfinger) {transformation: [-0.1641f,-0.9864f,-0.0019f,0.3435f,0.6245f,-0.1024f,-0.7743f,3.4261f,0.7636f,-0.1283f,0.6328f,1.3048f,0f,0f,0f,1f],start_interpolation: 0,interpolation_duration: 1}
$data merge entity $(bone_hugeasssword) {transformation: [-0.6427f,-3.8636f,-0.0076f,0.187f,2.4458f,-0.4009f,-3.0327f,3.3725f,2.9908f,-0.5024f,2.4785f,0.9672f,0f,0f,0f,1f],start_interpolation: 0,interpolation_duration: 1}
$data merge entity $(bone_ice) {transformation: [-0.1641f,-0.9864f,-0.0019f,0.205f,0.6245f,-0.1024f,-0.7743f,3.3643f,0.7636f,-0.1283f,0.6328f,0.9573f,0f,0f,0f,1f],start_interpolation: 0,interpolation_duration: 1}
$data merge entity $(bone_righthand1) {transformation: [-0.1641f,-0.9864f,-0.0019f,-0.0827f,0.6245f,-0.1024f,-0.7743f,3.4707f,0.7636f,-0.1283f,0.6328f,1.1359f,0f,0f,0f,1f],start_interpolation: 0,interpolation_duration: 1}
$data merge entity $(bone_rightforearm) {transformation: [-0.4619f,-0.874f,-0.1512f,-0.6709f,0.5526f,-0.1502f,-0.8198f,3.3444f,0.6938f,-0.4622f,0.5524f,0.7685f,0f,0f,0f,1f],start_interpolation: 0,interpolation_duration: 1}
$data merge entity $(bone_rightelbow) {transformation: [-0.4619f,-0.874f,-0.1512f,-0.8348f,0.5526f,-0.1502f,-0.8198f,3.3162f,0.6938f,-0.4622f,0.5524f,0.6819f,0f,0f,0f,1f],start_interpolation: 0,interpolation_duration: 1}
$data merge entity $(bone_rightarm) {transformation: [-0.5256f,-0.392f,-0.755f,-0.8551f,0.588f,0.474f,-0.6554f,3.4098f,0.6148f,-0.7885f,-0.0186f,0.2148f,0f,0f,0f,1f],start_interpolation: 0,interpolation_duration: 1}
$data merge entity $(bone_chest1) {transformation: [-1.0796f,-0.0903f,-0.0004f,-0.1857f,-0.0883f,1.055f,0.2298f,3.3429f,-0.0188f,0.229f,-1.0587f,0.0175f,0f,0f,0f,1f],start_interpolation: 0,interpolation_duration: 1}
$data merge entity $(bone_chest1lid) {transformation: [-0.9965f,-0.0834f,-0.0003f,-0.4688f,-0.0815f,0.9738f,0.2121f,2.5665f,-0.0174f,0.2114f,-0.9772f,0.2494f,0f,0f,0f,1f],start_interpolation: 0,interpolation_duration: 1}
$data merge entity $(bone_chest2) {transformation: [-0.9965f,-0.0834f,-0.0003f,-0.4558f,-0.0815f,0.9738f,0.2121f,2.4143f,-0.0174f,0.2114f,-0.9772f,0.2164f,0f,0f,0f,1f],start_interpolation: 0,interpolation_duration: 1}
$data merge entity $(bone_chest1lid3) {transformation: [-0.9965f,-0.0834f,-0.0003f,-0.4068f,-0.0815f,0.9738f,0.2121f,2.7075f,-0.0174f,0.2114f,-0.9772f,-0.3755f,0f,0f,0f,1f],start_interpolation: 0,interpolation_duration: 1}
$data merge entity $(bone_chest3) {transformation: [-0.9965f,-0.0834f,-0.0003f,-0.3938f,-0.0815f,0.9738f,0.2121f,2.5553f,-0.0174f,0.2114f,-0.9772f,-0.4086f,0f,0f,0f,1f],start_interpolation: 0,interpolation_duration: 1}
$data merge entity $(bone_hugeasssword2) {transformation: [0.0013f,2.6571f,-2.8776f,-1.5103f,-0.8309f,2.8122f,2.5964f,4.4286f,3.8275f,0.6096f,0.5646f,-0.0175f,0f,0f,0f,1f],start_interpolation: 0,interpolation_duration: 1}
$data merge entity $(bone_belt) {transformation: [-0.9965f,-0.0834f,-0.0003f,-0.1205f,-0.0815f,0.9738f,0.2121f,2.9299f,-0.0174f,0.2114f,-0.9772f,0.0617f,0f,0f,0f,1f],start_interpolation: 0,interpolation_duration: 1}
$data merge entity $(bone_torn_part) {transformation: [-0.9935f,-0.1117f,-0.0212f,-0.2154f,-0.1123f,0.9349f,0.3366f,2.6334f,-0.0178f,0.3368f,-0.9414f,0.0158f,0f,0f,0f,1f],start_interpolation: 0,interpolation_duration: 1}
$data merge entity $(bone_lowerbody) {transformation: [-0.9935f,-0.1129f,0.0134f,-0.0651f,-0.1123f,0.9929f,0.0399f,2.1539f,-0.0178f,0.0381f,-0.9991f,0.1394f,0f,0f,0f,1f],start_interpolation: 0,interpolation_duration: 1}
$data merge entity $(bone_leftfoot) {transformation: [-0.8399f,-0.1022f,-0.533f,0.6375f,-0.2168f,0.9635f,0.1569f,0.2883f,0.4976f,0.2473f,-0.8314f,0.0428f,0f,0f,0f,1f],start_interpolation: 0,interpolation_duration: 1}
$data merge entity $(bone_leftlowerleg) {transformation: [-0.8399f,-0.1022f,-0.533f,0.6061f,-0.2168f,0.9635f,0.1569f,1.3331f,0.4976f,0.2473f,-0.8314f,0.4449f,0f,0f,0f,1f],start_interpolation: 0,interpolation_duration: 1}
$data merge entity $(bone_leftleg) {transformation: [-0.8989f,-0.3995f,-0.1801f,0.1667f,-0.2427f,0.796f,-0.5545f,2.1638f,0.3649f,-0.4547f,-0.8124f,-0.0095f,0f,0f,0f,1f],start_interpolation: 0,interpolation_duration: 1}
$data merge entity $(bone_rightfoot) {transformation: [-0.9563f,-0.0637f,0.2854f,-0.1874f,0.0389f,0.9397f,0.3399f,0.2262f,-0.2898f,0.3361f,-0.8961f,-0.002f,0f,0f,0f,1f],start_interpolation: 0,interpolation_duration: 1}
$data merge entity $(bone_rightlowerleg) {transformation: [-0.9563f,-0.0637f,0.2854f,-0.3019f,0.0389f,0.9397f,0.3399f,1.2164f,-0.2898f,0.3361f,-0.8961f,0.5086f,0f,0f,0f,1f],start_interpolation: 0,interpolation_duration: 1}
$data merge entity $(bone_rightleg) {transformation: [-0.9882f,-0.0276f,0.1504f,-0.3078f,-0.1018f,0.8526f,-0.5126f,2.1136f,-0.1141f,-0.5219f,-0.8453f,-0.0257f,0f,0f,0f,1f],start_interpolation: 0,interpolation_duration: 1}
data modify entity @s data merge value {"cameras":{},"locators":{"lefthand":{"posx":-0.005155493865319244,"posy":3.2591310123628237,"posz":1.5711952388949155,"roty":138.5420541479555,"rotx":-3.135510568494843},"sword":{"posx":0.21218145834728913,"posy":6.291869087910994,"posz":-1.312471298167975,"roty":180.175059775661,"rotx":-50.74291958106439},"righthand":{"posx":0.20505190604475304,"posy":3.436584551391056,"posz":1.0209715734262896,"roty":180.175059775661,"rotx":-50.74291958106439},"chest":{"posx":-0.494729952958068,"posy":2.469947184751398,"posz":0.388380064129953,"roty":359.98093888707547,"rotx":12.247861180453151}}}