# This file was generated by Animated Java via MC-Build. It is not recommended to edit this file directly.
$data merge entity $(bone_nose) {transformation: [-0.9912f,-0.0512f,-0.1217f,-0.059f,-0.0918f,0.9301f,0.3557f,4.09f,0.095f,0.3637f,-0.9266f,0.4817f,0f,0f,0f,1f],start_interpolation: 0,interpolation_duration: 1}
$data merge entity $(bone_glowing_eye) {transformation: [-0.9912f,-0.0512f,-0.1217f,-0.1821f,-0.0918f,0.9301f,0.3557f,4.1291f,0.095f,0.3637f,-0.9266f,0.5505f,0f,0f,0f,1f],start_interpolation: 0,interpolation_duration: 1}
$data merge entity $(bone_head) {transformation: [-0.9912f,-0.0512f,-0.1217f,-0.0754f,-0.0918f,0.9301f,0.3557f,4.0418f,0.095f,0.3637f,-0.9266f,0.2633f,0f,0f,0f,1f],start_interpolation: 0,interpolation_duration: 1}
$data merge entity $(bone_leftthumb2) {transformation: [0.0302f,0.8894f,0.4562f,-0.4389f,-0.9748f,0.1271f,-0.1832f,3.6672f,-0.2209f,-0.4391f,0.8708f,0.9533f,0f,0f,0f,1f],start_interpolation: 0,interpolation_duration: 1}
$data merge entity $(bone_leftthumb) {transformation: [0.0302f,0.8894f,0.4562f,-0.1818f,-0.9748f,0.1271f,-0.1832f,3.6827f,-0.2209f,-0.4391f,0.8708f,0.9201f,0f,0f,0f,1f],start_interpolation: 0,interpolation_duration: 1}
$data merge entity $(bone_leftpointerfinger) {transformation: [0.0302f,0.8894f,0.4562f,-0.4556f,-0.9748f,0.1271f,-0.1832f,3.7391f,-0.2209f,-0.4391f,0.8708f,1.1291f,0f,0f,0f,1f],start_interpolation: 0,interpolation_duration: 1}
$data merge entity $(bone_leftmidfinger) {transformation: [0.0302f,0.8894f,0.4562f,-0.3843f,-0.9748f,0.1271f,-0.1832f,3.7105f,-0.2209f,-0.4391f,0.8708f,1.2652f,0f,0f,0f,1f],start_interpolation: 0,interpolation_duration: 1}
$data merge entity $(bone_leftringfinger) {transformation: [0.0302f,0.8894f,0.4562f,-0.313f,-0.9748f,0.1271f,-0.1832f,3.6818f,-0.2209f,-0.4391f,0.8708f,1.4013f,0f,0f,0f,1f],start_interpolation: 0,interpolation_duration: 1}
$data merge entity $(bone_invisibility) {transformation: [0.9258f,-0.3769f,-0.0302f,-0.3669f,0.1106f,0.1936f,0.9748f,3.5759f,-0.3616f,-0.9058f,0.2209f,1.0125f,0f,0f,0f,1f],start_interpolation: 0,interpolation_duration: 1}
$data merge entity $(bone_swiftness) {transformation: [0.4562f,0.8894f,-0.0302f,-0.4002f,-0.1832f,0.1271f,0.9748f,3.4736f,0.8708f,-0.4391f,0.2209f,1.2237f,0f,0f,0f,1f],start_interpolation: 0,interpolation_duration: 1}
$data merge entity $(bone_suspicious_stew) {transformation: [0.9988f,-0.0376f,-0.0302f,-0.323f,0.0377f,0.2198f,0.9748f,3.5356f,-0.03f,-0.9748f,0.2209f,1.1963f,0f,0f,0f,1f],start_interpolation: 0,interpolation_duration: 1}
$data merge entity $(bone_log) {transformation: [0.0302f,0.8894f,0.4562f,-0.1877f,-0.9748f,0.1271f,-0.1832f,3.4515f,-0.2209f,-0.4391f,0.8708f,1.1616f,0f,0f,0f,1f],start_interpolation: 0,interpolation_duration: 1}
$data merge entity $(bone_planks) {transformation: [0.0302f,0.8894f,0.4562f,-0.1848f,-0.9748f,0.1271f,-0.1832f,3.3601f,-0.2209f,-0.4391f,0.8708f,1.1408f,0f,0f,0f,1f],start_interpolation: 0,interpolation_duration: 1}
$data merge entity $(bone_lefthand1) {transformation: [0.0302f,0.8894f,0.4562f,0.0129f,-0.9748f,0.1271f,-0.1832f,3.7327f,-0.2209f,-0.4391f,0.8708f,1.0798f,0f,0f,0f,1f],start_interpolation: 0,interpolation_duration: 1}
$data merge entity $(bone_leftforearm) {transformation: [-0.125f,0.8687f,0.4792f,0.6072f,-0.9456f,0.0419f,-0.3227f,3.6962f,-0.3004f,-0.4935f,0.8162f,0.7044f,0f,0f,0f,1f],start_interpolation: 0,interpolation_duration: 1}
$data merge entity $(bone_leftelbow) {transformation: [-0.125f,0.8687f,0.4792f,0.7701f,-0.9456f,0.0419f,-0.3227f,3.7041f,-0.3004f,-0.4935f,0.8162f,0.6119f,0f,0f,0f,1f],start_interpolation: 0,interpolation_duration: 1}
$data merge entity $(bone_leftarm) {transformation: [-0.1391f,-0.1607f,0.9772f,0.5884f,-0.972f,0.2111f,-0.1036f,3.5809f,-0.1897f,-0.9642f,-0.1855f,0.182f,0f,0f,0f,1f],start_interpolation: 0,interpolation_duration: 1}
$data merge entity $(bone_rightthumb2) {transformation: [-0.3972f,-0.8841f,-0.246f,0.3175f,0.8366f,-0.2387f,-0.4931f,4.0962f,0.3773f,-0.4017f,0.8345f,0.9313f,0f,0f,0f,1f],start_interpolation: 0,interpolation_duration: 1}
$data merge entity $(bone_rightthumb) {transformation: [-0.3972f,-0.8841f,-0.246f,0.0797f,0.8366f,-0.2387f,-0.4931f,3.9955f,0.3773f,-0.4017f,0.8345f,0.9041f,0f,0f,0f,1f],start_interpolation: 0,interpolation_duration: 1}
$data merge entity $(bone_rightpointerfinger) {transformation: [-0.3972f,-0.8841f,-0.246f,0.3148f,0.8366f,-0.2387f,-0.4931f,4.1422f,0.3773f,-0.4017f,0.8345f,1.1163f,0f,0f,0f,1f],start_interpolation: 0,interpolation_duration: 1}
$data merge entity $(bone_rightmidfinger) {transformation: [-0.3972f,-0.8841f,-0.246f,0.2764f,0.8366f,-0.2387f,-0.4931f,4.0652f,0.3773f,-0.4017f,0.8345f,1.2467f,0f,0f,0f,1f],start_interpolation: 0,interpolation_duration: 1}
$data merge entity $(bone_rightringfinger) {transformation: [-0.3972f,-0.8841f,-0.246f,0.2379f,0.8366f,-0.2387f,-0.4931f,3.9881f,0.3773f,-0.4017f,0.8345f,1.3771f,0f,0f,0f,1f],start_interpolation: 0,interpolation_duration: 1}
$data merge entity $(bone_hugeasssword) {transformation: [-1.5559f,-3.4629f,-0.9634f,0.2061f,3.2766f,-0.9348f,-1.9314f,3.8022f,1.4777f,-1.5732f,3.2683f,1.0518f,0f,0f,0f,1f],start_interpolation: 0,interpolation_duration: 1}
$data merge entity $(bone_ice) {transformation: [-0.3972f,-0.8841f,-0.246f,0.2261f,0.8366f,-0.2387f,-0.4931f,3.7928f,0.3773f,-0.4017f,0.8345f,1.0522f,0f,0f,0f,1f],start_interpolation: 0,interpolation_duration: 1}
$data merge entity $(bone_righthand1) {transformation: [-0.3972f,-0.8841f,-0.246f,-0.1019f,0.8366f,-0.2387f,-0.4931f,3.9269f,0.3773f,-0.4017f,0.8345f,1.0722f,0f,0f,0f,1f],start_interpolation: 0,interpolation_duration: 1}
$data merge entity $(bone_rightforearm) {transformation: [-0.5168f,-0.8465f,-0.1275f,-0.6566f,0.7598f,-0.3849f,-0.524f,3.6181f,0.3945f,-0.3677f,0.8421f,0.7753f,0f,0f,0f,1f],start_interpolation: 0,interpolation_duration: 1}
$data merge entity $(bone_rightelbow) {transformation: [-0.5168f,-0.8465f,-0.1275f,-0.8153f,0.7598f,-0.3849f,-0.524f,3.5459f,0.3945f,-0.3677f,0.8421f,0.7064f,0f,0f,0f,1f],start_interpolation: 0,interpolation_duration: 1}
$data merge entity $(bone_rightarm) {transformation: [-0.5648f,-0.1451f,-0.8124f,-0.7031f,0.7668f,0.2714f,-0.5816f,3.5142f,0.3048f,-0.9515f,-0.042f,0.263f,0f,0f,0f,1f],start_interpolation: 0,interpolation_duration: 1}
$data merge entity $(bone_chest1) {transformation: [-1.0775f,-0.0449f,-0.1026f,-0.0596f,-0.0735f,1.0323f,0.3202f,3.4501f,0.0845f,0.3254f,-1.0298f,-0.0224f,0f,0f,0f,1f],start_interpolation: 0,interpolation_duration: 1}
$data merge entity $(bone_chest1lid) {transformation: [-0.9946f,-0.0415f,-0.0947f,-0.3338f,-0.0678f,0.9529f,0.2956f,2.66f,0.078f,0.3004f,-0.9506f,0.1709f,0f,0f,0f,1f],start_interpolation: 0,interpolation_duration: 1}
$data merge entity $(bone_chest2) {transformation: [-0.9946f,-0.0415f,-0.0947f,-0.3273f,-0.0678f,0.9529f,0.2956f,2.5111f,0.078f,0.3004f,-0.9506f,0.124f,0f,0f,0f,1f],start_interpolation: 0,interpolation_duration: 1}
$data merge entity $(bone_chest1lid3) {transformation: [-0.9946f,-0.0415f,-0.0947f,-0.3323f,-0.0678f,0.9529f,0.2956f,2.8535f,0.078f,0.3004f,-0.9506f,-0.4429f,0f,0f,0f,1f],start_interpolation: 0,interpolation_duration: 1}
$data merge entity $(bone_chest3) {transformation: [-0.9946f,-0.0415f,-0.0947f,-0.3258f,-0.0678f,0.9529f,0.2956f,2.7046f,0.078f,0.3004f,-0.9506f,-0.4899f,0f,0f,0f,1f],start_interpolation: 0,interpolation_duration: 1}
$data merge entity $(bone_hugeasssword2) {transformation: [0.3708f,2.7625f,-2.7516f,-1.3582f,-1.1576f,2.7174f,2.5722f,4.5504f,3.7233f,0.5697f,1.0737f,0.1704f,0f,0f,0f,1f],start_interpolation: 0,interpolation_duration: 1}
$data merge entity $(bone_belt) {transformation: [-0.9946f,-0.0415f,-0.0947f,0.0012f,-0.0678f,0.9529f,0.2956f,3.034f,0.078f,0.3004f,-0.9506f,-0.0201f,0f,0f,0f,1f],start_interpolation: 0,interpolation_duration: 1}
$data merge entity $(bone_torn_part) {transformation: [-0.9931f,-0.0522f,-0.1051f,-0.105f,-0.0897f,0.9151f,0.3931f,2.7435f,0.0757f,0.3998f,-0.9135f,-0.0777f,0f,0f,0f,1f],start_interpolation: 0,interpolation_duration: 1}
$data merge entity $(bone_lowerbody) {transformation: [-0.9931f,-0.0813f,-0.0846f,0.0436f,-0.0897f,0.991f,0.0997f,2.2544f,0.0757f,0.1066f,-0.9914f,0.0022f,0f,0f,0f,1f],start_interpolation: 0,interpolation_duration: 1}
$data merge entity $(bone_leftfoot) {transformation: [-0.7943f,0.0136f,-0.6074f,0.8878f,-0.1159f,0.978f,0.1735f,1.0573f,0.5964f,0.2082f,-0.7752f,0.2808f,0f,0f,0f,1f],start_interpolation: 0,interpolation_duration: 1}
$data merge entity $(bone_leftlowerleg) {transformation: [-0.7943f,0.0136f,-0.6074f,0.9962f,-0.1159f,0.978f,0.1735f,2.1156f,0.5964f,0.2082f,-0.7752f,0.6309f,0f,0f,0f,1f],start_interpolation: 0,interpolation_duration: 1}
$data merge entity $(bone_leftleg) {transformation: [-0.7518f,-0.6554f,0.0729f,0.2893f,-0.2132f,0.137f,-0.9673f,2.2414f,0.624f,-0.7428f,-0.2427f,-0.1233f,0f,0f,0f,1f],start_interpolation: 0,interpolation_duration: 1}
$data merge entity $(bone_rightfoot) {transformation: [-0.9264f,-0.1082f,0.3607f,-0.0712f,-0.0526f,0.9856f,0.1604f,0.1922f,-0.3729f,0.1297f,-0.9188f,-0.0385f,0f,0f,0f,1f],start_interpolation: 0,interpolation_duration: 1}
$data merge entity $(bone_rightlowerleg) {transformation: [-0.9264f,-0.1082f,0.3607f,-0.2466f,-0.0526f,0.9856f,0.1604f,1.261f,-0.3729f,0.1297f,-0.9188f,0.2465f,0f,0f,0f,1f],start_interpolation: 0,interpolation_duration: 1}
$data merge entity $(bone_rightleg) {transformation: [-0.9502f,0.0261f,0.3105f,-0.1978f,-0.0984f,0.9204f,-0.3784f,2.2355f,-0.2957f,-0.3901f,-0.872f,-0.1389f,0f,0f,0f,1f],start_interpolation: 0,interpolation_duration: 1}
data modify entity @s data merge value {"cameras":{},"locators":{"lefthand":{"posx":-0.2670928861204203,"posy":3.5358438393104903,"posz":1.2029699391419668,"roty":152.3533888407868,"rotx":-10.558596119723271},"sword":{"posx":1.113602763592078,"posy":5.701134998160136,"posz":-1.996233191703268,"roty":196.4242407570759,"rotx":-29.54671073944904},"righthand":{"posx":0.20656209219167138,"posy":3.8827072108931566,"posz":1.080819595123896,"roty":196.4242407570759,"rotx":-29.54671073944904},"chest":{"posx":-0.34751444457726366,"posy":2.552104232731955,"posz":0.303113963728292,"roty":354.3124378744874,"rotx":17.19082679115973}}}