# This file was generated by Animated Java via MC-Build. It is not recommended to edit this file directly.
$data merge entity $(bone_nose) {transformation: [-0.9891f,-0.0796f,0.1239f,0.1378f,-0.0292f,0.9306f,0.3649f,3.9855f,-0.1444f,0.3573f,-0.9227f,0.375f,0f,0f,0f,1f],start_interpolation: 0,interpolation_duration: 1}
$data merge entity $(bone_glowing_eye) {transformation: [-0.9891f,-0.0796f,0.1239f,0.0044f,-0.0292f,0.9306f,0.3649f,4.0322f,-0.1444f,0.3573f,-0.9227f,0.4133f,0f,0f,0f,1f],start_interpolation: 0,interpolation_duration: 1}
$data merge entity $(bone_head) {transformation: [-0.9891f,-0.0796f,0.1239f,0.1708f,-0.0292f,0.9306f,0.3649f,3.939f,-0.1444f,0.3573f,-0.9227f,0.1581f,0f,0f,0f,1f],start_interpolation: 0,interpolation_duration: 1}
$data merge entity $(bone_leftthumb2) {transformation: [0.423f,0.902f,0.0862f,-0.2703f,-0.8065f,0.4182f,-0.4181f,2.8527f,-0.4131f,0.1073f,0.9043f,0.7898f,0f,0f,0f,1f],start_interpolation: 0,interpolation_duration: 1}
$data merge entity $(bone_leftthumb) {transformation: [0.423f,0.902f,0.0862f,-0.0418f,-0.8065f,0.4182f,-0.4181f,2.9196f,-0.4131f,0.1073f,0.9043f,0.8934f,0f,0f,0f,1f],start_interpolation: 0,interpolation_duration: 1}
$data merge entity $(bone_leftpointerfinger) {transformation: [0.423f,0.902f,0.0862f,-0.38f,-0.8065f,0.4182f,-0.4181f,2.851f,-0.4131f,0.1073f,0.9043f,0.9458f,0f,0f,0f,1f],start_interpolation: 0,interpolation_duration: 1}
$data merge entity $(bone_leftmidfinger) {transformation: [0.423f,0.902f,0.0862f,-0.3665f,-0.8065f,0.4182f,-0.4181f,2.7857f,-0.4131f,0.1073f,0.9043f,1.0871f,0f,0f,0f,1f],start_interpolation: 0,interpolation_duration: 1}
$data merge entity $(bone_leftringfinger) {transformation: [0.423f,0.902f,0.0862f,-0.353f,-0.8065f,0.4182f,-0.4181f,2.7203f,-0.4131f,0.1073f,0.9043f,1.2284f,0f,0f,0f,1f],start_interpolation: 0,interpolation_duration: 1}
$data merge entity $(bone_invisibility) {transformation: [0.9061f,-0.0073f,-0.423f,-0.2047f,0.3801f,0.4529f,0.8065f,2.7586f,0.1857f,-0.8915f,0.4131f,0.8518f,0f,0f,0f,1f],start_interpolation: 0,interpolation_duration: 1}
$data merge entity $(bone_swiftness) {transformation: [0.0862f,0.902f,-0.423f,-0.2886f,-0.4181f,0.4182f,0.8065f,2.5816f,0.9043f,0.1073f,0.4131f,0.9853f,0f,0f,0f,1f],start_interpolation: 0,interpolation_duration: 1}
$data merge entity $(bone_suspicious_stew) {transformation: [0.8539f,0.3031f,-0.423f,-0.2308f,0.2023f,0.5556f,0.8065f,2.6606f,0.4794f,-0.7742f,0.4131f,1.0163f,0f,0f,0f,1f],start_interpolation: 0,interpolation_duration: 1}
$data merge entity $(bone_log) {transformation: [0.423f,0.902f,0.0862f,-0.0743f,-0.8065f,0.4182f,-0.4181f,2.6176f,-0.4131f,0.1073f,0.9043f,1.0334f,0f,0f,0f,1f],start_interpolation: 0,interpolation_duration: 1}
$data merge entity $(bone_planks) {transformation: [0.423f,0.902f,0.0862f,-0.0347f,-0.8065f,0.4182f,-0.4181f,2.542f,-0.4131f,0.1073f,0.9043f,0.9947f,0f,0f,0f,1f],start_interpolation: 0,interpolation_duration: 1}
$data merge entity $(bone_lefthand1) {transformation: [0.423f,0.902f,0.0862f,0.0427f,-0.8065f,0.4182f,-0.4181f,2.9369f,-0.4131f,0.1073f,0.9043f,1.1352f,0f,0f,0f,1f],start_interpolation: 0,interpolation_duration: 1}
$data merge entity $(bone_leftforearm) {transformation: [0.1476f,0.8027f,0.5778f,0.6204f,-0.6908f,0.5017f,-0.5207f,3.2501f,-0.7079f,-0.3223f,0.6286f,0.8452f,0f,0f,0f,1f],start_interpolation: 0,interpolation_duration: 1}
$data merge entity $(bone_leftelbow) {transformation: [0.1476f,0.8027f,0.5778f,0.7709f,-0.6908f,0.5017f,-0.5207f,3.3442f,-0.7079f,-0.3223f,0.6286f,0.7848f,0f,0f,0f,1f],start_interpolation: 0,interpolation_duration: 1}
$data merge entity $(bone_leftarm) {transformation: [0.1216f,0.1388f,0.9828f,0.8028f,-0.7711f,0.6367f,0.0055f,3.4478f,-0.625f,-0.7585f,0.1845f,0.3027f,0f,0f,0f,1f],start_interpolation: 0,interpolation_duration: 1}
$data merge entity $(bone_rightthumb2) {transformation: [-0.1254f,-0.4769f,-0.87f,0.6037f,0.7821f,0.4921f,-0.3825f,3.1739f,0.6105f,-0.7283f,0.3113f,1.1952f,0f,0f,0f,1f],start_interpolation: 0,interpolation_duration: 1}
$data merge entity $(bone_rightthumb) {transformation: [-0.1254f,-0.4769f,-0.87f,0.4124f,0.7821f,0.4921f,-0.3825f,3.2619f,0.6105f,-0.7283f,0.3113f,1.0432f,0f,0f,0f,1f],start_interpolation: 0,interpolation_duration: 1}
$data merge entity $(bone_rightpointerfinger) {transformation: [-0.1254f,-0.4769f,-0.87f,0.5144f,0.7821f,0.4921f,-0.3825f,3.168f,0.6105f,-0.7283f,0.3113f,1.3636f,0f,0f,0f,1f],start_interpolation: 0,interpolation_duration: 1}
$data merge entity $(bone_rightmidfinger) {transformation: [-0.1254f,-0.4769f,-0.87f,0.3785f,0.7821f,0.4921f,-0.3825f,3.1083f,0.6105f,-0.7283f,0.3113f,1.4122f,0f,0f,0f,1f],start_interpolation: 0,interpolation_duration: 1}
$data merge entity $(bone_rightringfinger) {transformation: [-0.1254f,-0.4769f,-0.87f,0.2425f,0.7821f,0.4921f,-0.3825f,3.0485f,0.6105f,-0.7283f,0.3113f,1.4608f,0f,0f,0f,1f],start_interpolation: 0,interpolation_duration: 1}
$data merge entity $(bone_hugeasssword) {transformation: [-0.4911f,-1.8679f,-3.4074f,0.3285f,3.063f,1.9272f,-1.4979f,3.0065f,2.391f,-2.8526f,1.2191f,1.0973f,0f,0f,0f,1f],start_interpolation: 0,interpolation_duration: 1}
$data merge entity $(bone_ice) {transformation: [-0.1254f,-0.4769f,-0.87f,0.3379f,0.7821f,0.4921f,-0.3825f,2.9866f,0.6105f,-0.7283f,0.3113f,1.0991f,0f,0f,0f,1f],start_interpolation: 0,interpolation_duration: 1}
$data merge entity $(bone_righthand1) {transformation: [-0.1254f,-0.4769f,-0.87f,0.1601f,0.7821f,0.4921f,-0.3825f,3.2932f,0.6105f,-0.7283f,0.3113f,1.0794f,0f,0f,0f,1f],start_interpolation: 0,interpolation_duration: 1}
$data merge entity $(bone_rightforearm) {transformation: [-0.3861f,-0.7163f,-0.5812f,-0.2927f,0.7179f,0.1623f,-0.6769f,3.3715f,0.5792f,-0.6787f,0.4516f,0.5605f,0f,0f,0f,1f],start_interpolation: 0,interpolation_duration: 1}
$data merge entity $(bone_rightelbow) {transformation: [-0.3861f,-0.7163f,-0.5812f,-0.427f,0.7179f,0.1623f,-0.6769f,3.402f,0.5792f,-0.6787f,0.4516f,0.4333f,0f,0f,0f,1f],start_interpolation: 0,interpolation_duration: 1}
$data merge entity $(bone_rightarm) {transformation: [-0.4284f,-0.3017f,-0.8517f,-0.4439f,0.7604f,0.3889f,-0.5202f,3.428f,0.4882f,-0.8705f,0.0628f,-0.0714f,0f,0f,0f,1f],start_interpolation: 0,interpolation_duration: 1}
$data merge entity $(bone_chest1) {transformation: [-1.0372f,-0.1453f,0.2771f,0.2634f,-0.0716f,1.0442f,0.2795f,3.3382f,-0.3045f,0.2493f,-1.0093f,-0.0932f,0f,0f,0f,1f],start_interpolation: 0,interpolation_duration: 1}
$data merge entity $(bone_chest1lid) {transformation: [-0.9574f,-0.1341f,0.2557f,-0.0719f,-0.0661f,0.9639f,0.258f,2.5559f,-0.2811f,0.2301f,-0.9317f,0.0182f,0f,0f,0f,1f],start_interpolation: 0,interpolation_duration: 1}
$data merge entity $(bone_chest2) {transformation: [-0.9574f,-0.1341f,0.2557f,-0.051f,-0.0661f,0.9639f,0.258f,2.4053f,-0.2811f,0.2301f,-0.9317f,-0.0178f,0f,0f,0f,1f],start_interpolation: 0,interpolation_duration: 1}
$data merge entity $(bone_chest1lid3) {transformation: [-0.9574f,-0.1341f,0.2557f,0.1518f,-0.0661f,0.9639f,0.258f,2.7253f,-0.2811f,0.2301f,-0.9317f,-0.5611f,0f,0f,0f,1f],start_interpolation: 0,interpolation_duration: 1}
$data merge entity $(bone_chest3) {transformation: [-0.9574f,-0.1341f,0.2557f,0.1727f,-0.0661f,0.9639f,0.258f,2.5747f,-0.2811f,0.2301f,-0.9317f,-0.5971f,0f,0f,0f,1f],start_interpolation: 0,interpolation_duration: 1}
$data merge entity $(bone_hugeasssword2) {transformation: [-1.0017f,2.4098f,-2.9205f,-1.004f,-1.0105f,2.7413f,2.6085f,4.4435f,3.6491f,1.4206f,-0.0794f,-0.4194f,0f,0f,0f,1f],start_interpolation: 0,interpolation_duration: 1}
$data merge entity $(bone_belt) {transformation: [-0.9574f,-0.1341f,0.2557f,0.314f,-0.0661f,0.9639f,0.258f,2.9226f,-0.2811f,0.2301f,-0.9317f,-0.0539f,0f,0f,0f,1f],start_interpolation: 0,interpolation_duration: 1}
$data merge entity $(bone_torn_part) {transformation: [-0.9473f,-0.2071f,0.2443f,0.236f,-0.0963f,0.9117f,0.3995f,2.6309f,-0.3055f,0.3549f,-0.8836f,-0.1417f,0f,0f,0f,1f],start_interpolation: 0,interpolation_duration: 1}
$data merge entity $(bone_lowerbody) {transformation: [-0.9473f,-0.1241f,0.2953f,0.3476f,-0.0963f,0.9896f,0.1068f,2.1421f,-0.3055f,0.0728f,-0.9494f,-0.0139f,0f,0f,0f,1f],start_interpolation: 0,interpolation_duration: 1}
$data merge entity $(bone_leftfoot) {transformation: [-0.9751f,-0.0984f,-0.1987f,0.9254f,-0.1654f,0.9197f,0.3561f,0.2896f,0.1477f,0.3801f,-0.9131f,-0.1941f,0f,0f,0f,1f],start_interpolation: 0,interpolation_duration: 1}
$data merge entity $(bone_leftlowerleg) {transformation: [-0.9751f,-0.0984f,-0.1987f,0.8467f,-0.1654f,0.9197f,0.3561f,1.2551f,0.1477f,0.3801f,-0.9131f,0.3679f,0f,0f,0f,1f],start_interpolation: 0,interpolation_duration: 1}
$data merge entity $(bone_leftleg) {transformation: [-0.9793f,-0.1999f,0.0332f,0.6091f,-0.1929f,0.8693f,-0.455f,2.1603f,0.0621f,-0.452f,-0.8899f,-0.0913f,0f,0f,0f,1f],start_interpolation: 0,interpolation_duration: 1}
$data merge entity $(bone_rightfoot) {transformation: [-0.8043f,-0.1469f,0.5757f,0.0744f,0.0178f,0.9626f,0.2705f,0.4251f,-0.5939f,0.2278f,-0.7716f,0.1597f,0f,0f,0f,1f],start_interpolation: 0,interpolation_duration: 1}
$data merge entity $(bone_rightlowerleg) {transformation: [-0.8043f,-0.1469f,0.5757f,-0.177f,0.0178f,0.9626f,0.2705f,1.4514f,-0.5939f,0.2278f,-0.7716f,0.5309f,0f,0f,0f,1f],start_interpolation: 0,interpolation_duration: 1}
$data merge entity $(bone_rightleg) {transformation: [-0.8846f,0.3008f,0.3563f,0.1586f,-0.1057f,0.6149f,-0.7815f,2.0961f,-0.4542f,-0.729f,-0.5122f,-0.2188f,0f,0f,0f,1f],start_interpolation: 0,interpolation_duration: 1}
data modify entity @s data merge value {"cameras":{},"locators":{"lefthand":{"posx":-0.18581271287170445,"posy":2.6671170133746536,"posz":1.0496160683573637,"roty":174.55331437884567,"rotx":-24.711645293990987},"sword":{"posx":3.555198793756272,"posy":4.468468631225812,"posz":0.0150278816971674,"roty":250.3129614702816,"rotx":-22.485579478788953},"righthand":{"posx":0.34719748743444423,"posy":3.0581809629360626,"posz":1.1628399574775634,"roty":250.3129614702816,"rotx":-22.485579478788953},"chest":{"posx":-0.1334025842745531,"posy":2.4532734719664204,"posz":0.14056218114087507,"roty":15.34973836137533,"rotx":14.950878538180365}}}