# This file was generated by Animated Java via MC-Build. It is not recommended to edit this file directly.
$data merge entity $(nose) {transformation: [-0.9782f,-0.1071f,0.178f,0.154f,-0.044f,0.9442f,0.3263f,3.9427f,-0.203f,0.3114f,-0.9284f,0.3618f,0f,0f,0f,1f],start_interpolation: 0,interpolation_duration: 1}
$data merge entity $(glowing_eye) {transformation: [-0.9782f,-0.1071f,0.178f,0.0183f,-0.044f,0.9442f,0.3263f,3.9897f,-0.203f,0.3114f,-0.9284f,0.3899f,0f,0f,0f,1f],start_interpolation: 0,interpolation_duration: 1}
$data merge entity $(head) {transformation: [-0.9782f,-0.1071f,0.178f,0.2006f,-0.044f,0.9442f,0.3263f,3.8872f,-0.203f,0.3114f,-0.9284f,0.1495f,0f,0f,0f,1f],start_interpolation: 0,interpolation_duration: 1}
$data merge entity $(leftthumb2) {transformation: [0.6985f,0.676f,0.2348f,-0.2366f,-0.5661f,0.7227f,-0.3966f,2.5896f,-0.4378f,0.1441f,0.8875f,0.7369f,0f,0f,0f,1f],start_interpolation: 0,interpolation_duration: 1}
$data merge entity $(leftthumb) {transformation: [0.6985f,0.676f,0.2348f,-0.0508f,-0.5661f,0.7227f,-0.3966f,2.7329f,-0.4378f,0.1441f,0.8875f,0.8481f,0f,0f,0f,1f],start_interpolation: 0,interpolation_duration: 1}
$data merge entity $(leftpointerfinger) {transformation: [0.6985f,0.676f,0.2348f,-0.338f,-0.5661f,0.7227f,-0.3966f,2.5391f,-0.4378f,0.1441f,0.8875f,0.8903f,0f,0f,0f,1f],start_interpolation: 0,interpolation_duration: 1}
$data merge entity $(leftmidfinger) {transformation: [0.6985f,0.676f,0.2348f,-0.3013f,-0.5661f,0.7227f,-0.3966f,2.4771f,-0.4378f,0.1441f,0.8875f,1.029f,0f,0f,0f,1f],start_interpolation: 0,interpolation_duration: 1}
$data merge entity $(leftringfinger) {transformation: [0.6985f,0.676f,0.2348f,-0.2646f,-0.5661f,0.7227f,-0.3966f,2.4151f,-0.4378f,0.1441f,0.8875f,1.1676f,0f,0f,0f,1f],start_interpolation: 0,interpolation_duration: 1}
$data merge entity $(invisibility) {transformation: [0.6939f,-0.175f,-0.6985f,-0.1404f,0.6853f,0.4581f,0.5661f,2.5244f,0.2209f,-0.8715f,0.4378f,0.7962f,0f,0f,0f,1f],start_interpolation: 0,interpolation_duration: 1}
$data merge entity $(swiftness) {transformation: [0.2348f,0.676f,-0.6985f,-0.1516f,-0.3966f,0.7227f,0.5661f,2.3227f,0.8875f,0.1441f,0.4378f,0.9203f,0f,0f,0f,1f],start_interpolation: 0,interpolation_duration: 1}
$data merge entity $(suspicious_stew) {transformation: [0.7119f,0.0729f,-0.6985f,-0.1281f,0.4873f,0.6649f,0.5661f,2.4161f,0.5057f,-0.7434f,0.4378f,0.9559f,0f,0f,0f,1f],start_interpolation: 0,interpolation_duration: 1}
$data merge entity $(log) {transformation: [0.6985f,0.676f,0.2348f,0.0329f,-0.5661f,0.7227f,-0.3966f,2.4348f,-0.4378f,0.1441f,0.8875f,0.9745f,0f,0f,0f,1f],start_interpolation: 0,interpolation_duration: 1}
$data merge entity $(planks) {transformation: [0.6985f,0.676f,0.2348f,0.0984f,-0.5661f,0.7227f,-0.3966f,2.3818f,-0.4378f,0.1441f,0.8875f,0.9334f,0f,0f,0f,1f],start_interpolation: 0,interpolation_duration: 1}
$data merge entity $(lefthand1) {transformation: [0.6985f,0.676f,0.2348f,0.0199f,-0.5661f,0.7227f,-0.3966f,2.7694f,-0.4378f,0.1441f,0.8875f,1.0922f,0f,0f,0f,1f],start_interpolation: 0,interpolation_duration: 1}
$data merge entity $(leftforearm) {transformation: [0.2827f,0.7684f,0.5741f,0.5803f,-0.6734f,0.5852f,-0.4517f,3.1438f,-0.6831f,-0.2589f,0.6829f,0.8494f,0f,0f,0f,1f],start_interpolation: 0,interpolation_duration: 1}
$data merge entity $(leftelbow) {transformation: [0.2827f,0.7684f,0.5741f,0.7244f,-0.6734f,0.5852f,-0.4517f,3.2535f,-0.6831f,-0.2589f,0.6829f,0.8008f,0f,0f,0f,1f],start_interpolation: 0,interpolation_duration: 1}
$data merge entity $(leftarm) {transformation: [0.2554f,0.1856f,0.9489f,0.8125f,-0.756f,0.6501f,0.0763f,3.3648f,-0.6027f,-0.7368f,0.3063f,0.3251f,0f,0f,0f,1f],start_interpolation: 0,interpolation_duration: 1}
$data merge entity $(rightthumb2) {transformation: [0.158f,-0.1686f,-0.9729f,0.5343f,0.7433f,0.669f,0.0048f,2.8318f,0.6501f,-0.7239f,0.231f,1.1835f,0f,0f,0f,1f],start_interpolation: 0,interpolation_duration: 1}
$data merge entity $(rightthumb) {transformation: [0.158f,-0.1686f,-0.9729f,0.4098f,0.7433f,0.669f,0.0048f,2.9963f,0.6501f,-0.7239f,0.231f,1.0257f,0f,0f,0f,1f],start_interpolation: 0,interpolation_duration: 1}
$data merge entity $(rightpointerfinger) {transformation: [0.158f,-0.1686f,-0.9729f,0.4368f,0.7433f,0.669f,0.0048f,2.8583f,0.6501f,-0.7239f,0.231f,1.3452f,0f,0f,0f,1f],start_interpolation: 0,interpolation_duration: 1}
$data merge entity $(rightmidfinger) {transformation: [0.158f,-0.1686f,-0.9729f,0.2848f,0.7433f,0.669f,0.0048f,2.859f,0.6501f,-0.7239f,0.231f,1.3813f,0f,0f,0f,1f],start_interpolation: 0,interpolation_duration: 1}
$data merge entity $(rightringfinger) {transformation: [0.158f,-0.1686f,-0.9729f,0.1327f,0.7433f,0.669f,0.0048f,2.8598f,0.6501f,-0.7239f,0.231f,1.4174f,0f,0f,0f,1f],start_interpolation: 0,interpolation_duration: 1}
$data merge entity $(hugeasssword) {transformation: [0.6187f,-0.6603f,-3.8107f,0.2237f,2.9111f,2.6202f,0.0186f,2.7974f,2.5462f,-2.8353f,0.9047f,1.0579f,0f,0f,0f,1f],start_interpolation: 0,interpolation_duration: 1}
$data merge entity $(whey) {transformation: [0f,0f,0f,0.3492f,0f,0f,0f,2.6063f,0f,0f,0f,0.9816f,0f,0f,0f,1f],start_interpolation: 0,interpolation_duration: 1}
$data merge entity $(ice) {transformation: [0.158f,-0.1686f,-0.9729f,0.2239f,0.7433f,0.669f,0.0048f,2.7754f,0.6501f,-0.7239f,0.231f,1.0591f,0f,0f,0f,1f],start_interpolation: 0,interpolation_duration: 1}
$data merge entity $(righthand1) {transformation: [0.158f,-0.1686f,-0.9729f,0.1909f,0.7433f,0.669f,0.0048f,3.1286f,0.6501f,-0.7239f,0.231f,1.0479f,0f,0f,0f,1f],start_interpolation: 0,interpolation_duration: 1}
$data merge entity $(rightforearm) {transformation: [-0.2428f,-0.6452f,-0.7244f,-0.2121f,0.7689f,0.3273f,-0.5492f,3.3176f,0.5914f,-0.6904f,0.4166f,0.5225f,0f,0f,0f,1f],start_interpolation: 0,interpolation_duration: 1}
$data merge entity $(rightelbow) {transformation: [-0.2428f,-0.6452f,-0.7244f,-0.3331f,0.7689f,0.3273f,-0.5492f,3.3789f,0.5914f,-0.6904f,0.4166f,0.3931f,0f,0f,0f,1f],start_interpolation: 0,interpolation_duration: 1}
$data merge entity $(rightarm) {transformation: [-0.2832f,-0.3379f,-0.8975f,-0.4069f,0.8187f,0.4022f,-0.4098f,3.3988f,0.4995f,-0.8509f,0.1628f,-0.1186f,0f,0f,0f,1f],start_interpolation: 0,interpolation_duration: 1}
$data merge entity $(chest1) {transformation: [-1.0192f,-0.1334f,0.3421f,0.2973f,-0.0358f,1.0406f,0.2993f,3.2844f,-0.3654f,0.2702f,-0.9834f,-0.102f,0f,0f,0f,1f],start_interpolation: 0,interpolation_duration: 1}
$data merge entity $(chest1lid) {transformation: [-0.9408f,-0.1232f,0.3158f,-0.0633f,-0.0331f,0.9605f,0.2762f,2.5085f,-0.3373f,0.2495f,-0.9077f,-0.0325f,0f,0f,0f,1f],start_interpolation: 0,interpolation_duration: 1}
$data merge entity $(chest2) {transformation: [-0.9408f,-0.1232f,0.3158f,-0.044f,-0.0331f,0.9605f,0.2762f,2.3584f,-0.3373f,0.2495f,-0.9077f,-0.0715f,0f,0f,0f,1f],start_interpolation: 0,interpolation_duration: 1}
$data merge entity $(chest1lid3) {transformation: [-0.9408f,-0.1232f,0.3158f,0.1978f,-0.0331f,0.9605f,0.2762f,2.6876f,-0.3373f,0.2495f,-0.9077f,-0.5929f,0f,0f,0f,1f],start_interpolation: 0,interpolation_duration: 1}
$data merge entity $(chest3) {transformation: [-0.9408f,-0.1232f,0.3158f,0.2171f,-0.0331f,0.9605f,0.2762f,2.5375f,-0.3373f,0.2495f,-0.9077f,-0.6319f,0f,0f,0f,1f],start_interpolation: 0,interpolation_duration: 1}
$data merge entity $(hugeasssword2) {transformation: [-1.2367f,2.3908f,-2.8452f,-0.9211f,-1.0819f,2.637f,2.6862f,4.4313f,3.5553f,1.6341f,-0.1722f,-0.4687f,0f,0f,0f,1f],start_interpolation: 0,interpolation_duration: 1}
$data merge entity $(belt) {transformation: [-0.9408f,-0.1232f,0.3158f,0.3352f,-0.0331f,0.9605f,0.2762f,2.8667f,-0.3373f,0.2495f,-0.9077f,-0.0718f,0f,0f,0f,1f],start_interpolation: 0,interpolation_duration: 1}
$data merge entity $(torn_part) {transformation: [-0.9321f,-0.2077f,0.2967f,0.2556f,-0.0752f,0.9124f,0.4023f,2.5779f,-0.3543f,0.3527f,-0.8661f,-0.1693f,0f,0f,0f,1f],start_interpolation: 0,interpolation_duration: 1}
$data merge entity $(lowerbody) {transformation: [-0.9321f,-0.1088f,0.3454f,0.3512f,-0.0752f,0.9912f,0.1093f,2.0859f,-0.3543f,0.0759f,-0.9321f,-0.0407f,0f,0f,0f,1f],start_interpolation: 0,interpolation_duration: 1}
$data merge entity $(leftfoot) {transformation: [-0.9803f,-0.1056f,-0.1669f,0.9037f,-0.1604f,0.9185f,0.3614f,0.2152f,0.1151f,0.3811f,-0.9174f,-0.2262f,0f,0f,0f,1f],start_interpolation: 0,interpolation_duration: 1}
$data merge entity $(leftlowerleg) {transformation: [-0.9803f,-0.1056f,-0.1669f,0.8123f,-0.1604f,0.9185f,0.3614f,1.1787f,0.1151f,0.3811f,-0.9174f,0.3375f,0f,0f,0f,1f],start_interpolation: 0,interpolation_duration: 1}
$data merge entity $(leftleg) {transformation: [-0.9847f,-0.159f,0.071f,0.6173f,-0.1741f,0.8861f,-0.4297f,2.1024f,0.0054f,-0.4355f,-0.9002f,-0.1061f,0f,0f,0f,1f],start_interpolation: 0,interpolation_duration: 1}
$data merge entity $(rightfoot) {transformation: [-0.7447f,-0.19f,0.6398f,0.0117f,0.0428f,0.9431f,0.3298f,0.5962f,-0.6661f,0.273f,-0.6941f,0.1614f,0f,0f,0f,1f],start_interpolation: 0,interpolation_duration: 1}
$data merge entity $(rightlowerleg) {transformation: [-0.7447f,-0.19f,0.6398f,-0.2974f,0.0428f,0.9431f,0.3298f,1.5917f,-0.6661f,0.273f,-0.6941f,0.5709f,0f,0f,0f,1f],start_interpolation: 0,interpolation_duration: 1}
$data merge entity $(rightleg) {transformation: [-0.8519f,0.4263f,0.3041f,0.169f,-0.1052f,0.4295f,-0.8969f,2.0356f,-0.513f,-0.7961f,-0.3211f,-0.2475f,0f,0f,0f,1f],start_interpolation: 0,interpolation_duration: 1}
data modify entity @s data merge value {"cameras":{},"locators":{"soup":{"px":-0.09373925514413461,"py":2.512734059888375,"pz":0.814434687282583,"ry":237.92335524655465,"rx":34.477176434436736},"lefthand":{"px":-0.08907634759180236,"py":2.43762945384767,"pz":0.990374799147026,"ry":165.18237767047114,"rx":-23.367149054336114},"sword":{"px":3.844293298588141,"py":2.816988667405502,"pz":0.27596570572938417,"ry":256.64450578906565,"rx":0.2724019914304099},"righthand":{"px":0.2565600711250342,"py":2.8345201255304744,"pz":1.1277398462931734,"ry":256.64450578906565,"rx":0.2724019914304099},"chest":{"px":-0.13428806635386703,"py":2.404294616234389,"pz":0.08321428121313278,"ry":19.18005370038054,"rx":16.03605251472852}}}