# This file was generated by Animated Java via MC-Build. It is not recommended to edit this file directly.
$data merge entity $(bone_nose) {transformation: [-0.996f,-0.0719f,0.0536f,-0.1146f,-0.0533f,0.9556f,0.2899f,4.1907f,-0.0721f,0.2859f,-0.9556f,0.4383f,0f,0f,0f,1f],start_interpolation: 0,interpolation_duration: 1}
$data merge entity $(bone_glowing_eye) {transformation: [-0.996f,-0.0719f,0.0536f,-0.2458f,-0.0533f,0.9556f,0.2899f,4.2386f,-0.0721f,0.2859f,-0.9556f,0.482f,0f,0f,0f,1f],start_interpolation: 0,interpolation_duration: 1}
$data merge entity $(bone_head) {transformation: [-0.996f,-0.0719f,0.0536f,-0.0956f,-0.0533f,0.9556f,0.2899f,4.127f,-0.0721f,0.2859f,-0.9556f,0.2241f,0f,0f,0f,1f],start_interpolation: 0,interpolation_duration: 1}
$data merge entity $(bone_leftthumb2) {transformation: [-0.2773f,0.7135f,0.6435f,-0.6968f,-0.861f,-0.4818f,0.1631f,3.4567f,0.4264f,-0.5088f,0.7479f,1.3186f,0f,0f,0f,1f],start_interpolation: 0,interpolation_duration: 1}
$data merge entity $(bone_leftthumb) {transformation: [-0.2773f,0.7135f,0.6435f,-0.4668f,-0.861f,-0.4818f,0.1631f,3.3525f,0.4264f,-0.5088f,0.7479f,1.2577f,0f,0f,0f,1f],start_interpolation: 0,interpolation_duration: 1}
$data merge entity $(bone_leftpointerfinger) {transformation: [-0.2773f,0.7135f,0.6435f,-0.6404f,-0.861f,-0.4818f,0.1631f,3.6124f,0.4264f,-0.5088f,0.7479f,1.4131f,0f,0f,0f,1f],start_interpolation: 0,interpolation_duration: 1}
$data merge entity $(bone_leftmidfinger) {transformation: [-0.2773f,0.7135f,0.6435f,-0.5399f,-0.861f,-0.4818f,0.1631f,3.6379f,0.4264f,-0.5088f,0.7479f,1.5299f,0f,0f,0f,1f],start_interpolation: 0,interpolation_duration: 1}
$data merge entity $(bone_leftringfinger) {transformation: [-0.2773f,0.7135f,0.6435f,-0.4393f,-0.861f,-0.4818f,0.1631f,3.6633f,0.4264f,-0.5088f,0.7479f,1.6468f,0f,0f,0f,1f],start_interpolation: 0,interpolation_duration: 1}
$data merge entity $(bone_invisibility) {transformation: [0.7668f,-0.5789f,0.2773f,-0.6345f,-0.4657f,-0.2045f,0.861f,3.3931f,-0.4417f,-0.7894f,-0.4264f,1.414f,0f,0f,0f,1f],start_interpolation: 0,interpolation_duration: 1}
$data merge entity $(bone_swiftness) {transformation: [0.6435f,0.7135f,0.2773f,-0.6249f,0.1631f,-0.4818f,0.861f,3.4441f,0.7479f,-0.5088f,-0.4264f,1.6453f,0f,0f,0f,1f],start_interpolation: 0,interpolation_duration: 1}
$data merge entity $(bone_suspicious_stew) {transformation: [0.9186f,-0.2817f,0.2773f,-0.5473f,-0.3677f,-0.3514f,0.861f,3.4463f,-0.1451f,-0.8928f,-0.4264f,1.5781f,0f,0f,0f,1f],start_interpolation: 0,interpolation_duration: 1}
$data merge entity $(bone_log) {transformation: [-0.2773f,0.7135f,0.6435f,-0.4539f,-0.861f,-0.4818f,0.1631f,3.313f,0.4264f,-0.5088f,0.7479f,1.5895f,0f,0f,0f,1f],start_interpolation: 0,interpolation_duration: 1}
$data merge entity $(bone_planks) {transformation: [-0.2773f,0.7135f,0.6435f,-0.4799f,-0.861f,-0.4818f,0.1631f,3.2323f,0.4264f,-0.5088f,0.7479f,1.6295f,0f,0f,0f,1f],start_interpolation: 0,interpolation_duration: 1}
$data merge entity $(bone_lefthand1) {transformation: [-0.2773f,0.7135f,0.6435f,-0.2264f,-0.861f,-0.4818f,0.1631f,3.4027f,0.4264f,-0.5088f,0.7479f,1.3323f,0f,0f,0f,1f],start_interpolation: 0,interpolation_duration: 1}
$data merge entity $(bone_leftforearm) {transformation: [-0.1464f,0.7931f,0.5912f,0.3114f,-0.8137f,0.2433f,-0.528f,3.5112f,-0.5626f,-0.5583f,0.6097f,0.8913f,0f,0f,0f,1f],start_interpolation: 0,interpolation_duration: 1}
$data merge entity $(bone_leftelbow) {transformation: [-0.1464f,0.7931f,0.5912f,0.4601f,-0.8137f,0.2433f,-0.528f,3.5568f,-0.5626f,-0.5583f,0.6097f,0.7866f,0f,0f,0f,1f],start_interpolation: 0,interpolation_duration: 1}
$data merge entity $(bone_leftarm) {transformation: [-0.1807f,0.2892f,0.9401f,0.5069f,-0.8677f,0.4031f,-0.2908f,3.5566f,-0.463f,-0.8683f,0.1781f,0.2841f,0f,0f,0f,1f],start_interpolation: 0,interpolation_duration: 1}
$data merge entity $(bone_rightthumb2) {transformation: [-0.9101f,-0.3448f,0.2299f,-0.2006f,-0.0336f,-0.4916f,-0.8702f,4.0995f,0.413f,-0.7997f,0.4358f,1.4312f,0f,0f,0f,1f],start_interpolation: 0,interpolation_duration: 1}
$data merge entity $(bone_rightthumb) {transformation: [-0.9101f,-0.3448f,0.2299f,-0.2655f,-0.0336f,-0.4916f,-0.8702f,3.9046f,0.413f,-0.7997f,0.4358f,1.2723f,0f,0f,0f,1f],start_interpolation: 0,interpolation_duration: 1}
$data merge entity $(bone_rightpointerfinger) {transformation: [-0.9101f,-0.3448f,0.2299f,-0.2411f,-0.0336f,-0.4916f,-0.8702f,4.0214f,0.413f,-0.7997f,0.4358f,1.6003f,0f,0f,0f,1f],start_interpolation: 0,interpolation_duration: 1}
$data merge entity $(bone_rightmidfinger) {transformation: [-0.9101f,-0.3448f,0.2299f,-0.2052f,-0.0336f,-0.4916f,-0.8702f,3.8855f,0.413f,-0.7997f,0.4358f,1.6684f,0f,0f,0f,1f],start_interpolation: 0,interpolation_duration: 1}
$data merge entity $(bone_rightringfinger) {transformation: [-0.9101f,-0.3448f,0.2299f,-0.1693f,-0.0336f,-0.4916f,-0.8702f,3.7495f,0.413f,-0.7997f,0.4358f,1.7365f,0f,0f,0f,1f],start_interpolation: 0,interpolation_duration: 1}
$data merge entity $(bone_hugeasssword) {transformation: [-3.5646f,-1.3503f,0.9003f,-0.0371f,-0.1314f,-1.9254f,-3.4082f,3.8081f,1.6176f,-3.1321f,1.707f,1.3895f,0f,0f,0f,1f],start_interpolation: 0,interpolation_duration: 1}
$data merge entity $(bone_ice) {transformation: [-0.9101f,-0.3448f,0.2299f,-0.0175f,-0.0336f,-0.4916f,-0.8702f,3.8163f,0.413f,-0.7997f,0.4358f,1.3955f,0f,0f,0f,1f],start_interpolation: 0,interpolation_duration: 1}
$data merge entity $(bone_righthand1) {transformation: [-0.9101f,-0.3448f,0.2299f,-0.324f,-0.0336f,-0.4916f,-0.8702f,3.6579f,0.413f,-0.7997f,0.4358f,1.3125f,0f,0f,0f,1f],start_interpolation: 0,interpolation_duration: 1}
$data merge entity $(bone_rightforearm) {transformation: [-0.6435f,-0.6647f,-0.3796f,-0.7506f,0.5351f,-0.0361f,-0.844f,3.5938f,0.5473f,-0.7462f,0.3789f,0.7436f,0f,0f,0f,1f],start_interpolation: 0,interpolation_duration: 1}
$data merge entity $(bone_rightelbow) {transformation: [-0.6435f,-0.6647f,-0.3796f,-0.8753f,0.5351f,-0.0361f,-0.844f,3.587f,0.5473f,-0.7462f,0.3789f,0.6037f,0f,0f,0f,1f],start_interpolation: 0,interpolation_duration: 1}
$data merge entity $(bone_rightarm) {transformation: [-0.6801f,-0.1695f,-0.7133f,-0.7761f,0.5766f,0.4772f,-0.6632f,3.6871f,0.4528f,-0.8623f,-0.2268f,0.1378f,0f,0f,0f,1f],start_interpolation: 0,interpolation_duration: 1}
$data merge entity $(bone_chest1) {transformation: [-1.074f,0.0749f,0.1203f,-0.1092f,0.096f,1.0611f,0.1962f,3.508f,-0.1043f,0.2051f,-1.0586f,0.0017f,0f,0f,0f,1f],start_interpolation: 0,interpolation_duration: 1}
$data merge entity $(bone_chest1lid) {transformation: [-0.9914f,0.0691f,0.1111f,-0.5384f,0.0886f,0.9795f,0.1811f,2.7979f,-0.0963f,0.1894f,-0.9772f,0.2218f,0f,0f,0f,1f],start_interpolation: 0,interpolation_duration: 1}
$data merge entity $(bone_chest2) {transformation: [-0.9914f,0.0691f,0.1111f,-0.5492f,0.0886f,0.9795f,0.1811f,2.6449f,-0.0963f,0.1894f,-0.9772f,0.1922f,0f,0f,0f,1f],start_interpolation: 0,interpolation_duration: 1}
$data merge entity $(bone_chest1lid3) {transformation: [-0.9914f,0.0691f,0.1111f,-0.4053f,0.0886f,0.9795f,0.1811f,2.9084f,-0.0963f,0.1894f,-0.9772f,-0.3982f,0f,0f,0f,1f],start_interpolation: 0,interpolation_duration: 1}
$data merge entity $(bone_chest3) {transformation: [-0.9914f,0.0691f,0.1111f,-0.4161f,0.0886f,0.9795f,0.1811f,2.7553f,-0.0963f,0.1894f,-0.9772f,-0.4278f,0f,0f,0f,1f],start_interpolation: 0,interpolation_duration: 1}
$data merge entity $(bone_hugeasssword2) {transformation: [-0.4351f,3.0458f,-2.4237f,-1.221f,-0.7092f,2.3359f,3.0628f,4.8015f,3.8273f,0.7791f,0.292f,-0.1561f,0f,0f,0f,1f],start_interpolation: 0,interpolation_duration: 1}
$data merge entity $(bone_belt) {transformation: [-0.9914f,0.0691f,0.1111f,-0.1195f,0.0886f,0.9795f,0.1811f,3.0913f,-0.0963f,0.1894f,-0.9772f,0.0573f,0f,0f,0f,1f],start_interpolation: 0,interpolation_duration: 1}
$data merge entity $(bone_torn_part) {transformation: [-0.9988f,0.0228f,0.0438f,-0.2594f,0.0386f,0.914f,0.4039f,2.8156f,-0.0308f,0.4051f,-0.9138f,0.002f,0f,0f,0f,1f],start_interpolation: 0,interpolation_duration: 1}
$data merge entity $(bone_lowerbody) {transformation: [-0.9988f,0.035f,0.0349f,-0.1838f,0.0386f,0.9931f,0.1104f,2.3114f,-0.0308f,0.1116f,-0.9933f,0.0902f,0f,0f,0f,1f],start_interpolation: 0,interpolation_duration: 1}
$data merge entity $(bone_leftfoot) {transformation: [-0.8939f,0.1493f,-0.4227f,-0.1733f,0.0725f,0.9787f,0.1923f,0.2342f,0.4424f,0.1413f,-0.8856f,-0.1165f,0f,0f,0f,1f],start_interpolation: 0,interpolation_duration: 1}
$data merge entity $(bone_leftlowerleg) {transformation: [-0.8939f,0.1493f,-0.4227f,0.0572f,0.0725f,0.9787f,0.1923f,1.2904f,0.4424f,0.1413f,-0.8856f,0.1763f,0f,0f,0f,1f],start_interpolation: 0,interpolation_duration: 1}
$data merge entity $(bone_leftleg) {transformation: [-0.9455f,0.0038f,-0.3257f,0.0421f,0.0858f,0.9675f,-0.2377f,2.3146f,0.3143f,-0.2527f,-0.9151f,-0.0619f,0f,0f,0f,1f],start_interpolation: 0,interpolation_duration: 1}
$data merge entity $(bone_rightfoot) {transformation: [-0.9365f,0.333f,0.1102f,-1.1578f,0.3182f,0.9387f,-0.1327f,0.3061f,-0.1477f,-0.0892f,-0.985f,0.0809f,0f,0f,0f,1f],start_interpolation: 0,interpolation_duration: 1}
$data merge entity $(bone_rightlowerleg) {transformation: [-0.9365f,0.333f,0.1102f,-0.8053f,0.3182f,0.9387f,-0.1327f,1.3679f,-0.1477f,-0.0892f,-0.985f,0.1333f,0f,0f,0f,1f],start_interpolation: 0,interpolation_duration: 1}
$data merge entity $(bone_rightleg) {transformation: [-0.9431f,0.3287f,0.0495f,-0.4297f,0.3054f,0.9155f,-0.2618f,2.334f,-0.1314f,-0.2318f,-0.9638f,-0.0842f,0f,0f,0f,1f],start_interpolation: 0,interpolation_duration: 1}
data modify entity @s data merge value {"cameras":{},"locators":{"lefthand":{"posx":-0.4937293193460549,"posy":3.428827729623966,"posz":1.5775926478312607,"roty":139.29037615490407,"rotx":9.387491999380032},"sword":{"posx":-0.9485990581037591,"posy":7.04325927290422,"posz":-0.16721612740245861,"roty":152.19305543749246,"rotx":-60.479802709961994},"righthand":{"posx":-0.10100626094340043,"posy":3.8344629339319387,"posz":1.4399144694066388,"roty":152.19305543749246,"rotx":-60.479802709961994},"chest":{"posx":-0.5910828665099985,"posy":2.711182435673209,"posz":0.3596307969084672,"roty":6.485790298795678,"rotx":10.432022823418531}}}