# This file was generated by Animated Java via MC-Build. It is not recommended to edit this file directly.
$data merge entity $(bone_nose) {transformation: [-0.9961f,0.0212f,-0.0853f,-0.2706f,-0.0054f,0.9539f,0.3f,3.9471f,0.0877f,0.2993f,-0.9501f,0.4438f,0f,0f,0f,1f],start_interpolation: 0,interpolation_duration: 1}
$data merge entity $(bone_glowing_eye) {transformation: [-0.9961f,0.0212f,-0.0853f,-0.3907f,-0.0054f,0.9539f,0.3f,4.0006f,0.0877f,0.2993f,-0.9501f,0.5082f,0f,0f,0f,1f],start_interpolation: 0,interpolation_duration: 1}
$data merge entity $(bone_head) {transformation: [-0.9961f,0.0212f,-0.0853f,-0.2892f,-0.0054f,0.9539f,0.3f,3.8855f,0.0877f,0.2993f,-0.9501f,0.2289f,0f,0f,0f,1f],start_interpolation: 0,interpolation_duration: 1}
$data merge entity $(bone_leftthumb2) {transformation: [0.3133f,0.3877f,0.8669f,-0.5299f,-0.5109f,0.8383f,-0.1902f,2.8622f,-0.8005f,-0.3833f,0.4608f,1.1367f,0f,0f,0f,1f],start_interpolation: 0,interpolation_duration: 1}
$data merge entity $(bone_leftthumb) {transformation: [0.3133f,0.3877f,0.8669f,-0.3607f,-0.5109f,0.8383f,-0.1902f,3.0515f,-0.8005f,-0.3833f,0.4608f,1.0821f,0f,0f,0f,1f],start_interpolation: 0,interpolation_duration: 1}
$data merge entity $(bone_leftpointerfinger) {transformation: [0.3133f,0.3877f,0.8669f,-0.4816f,-0.5109f,0.8383f,-0.1902f,2.8234f,-0.8005f,-0.3833f,0.4608f,1.317f,0f,0f,0f,1f],start_interpolation: 0,interpolation_duration: 1}
$data merge entity $(bone_leftmidfinger) {transformation: [0.3133f,0.3877f,0.8669f,-0.3461f,-0.5109f,0.8383f,-0.1902f,2.7937f,-0.8005f,-0.3833f,0.4608f,1.389f,0f,0f,0f,1f],start_interpolation: 0,interpolation_duration: 1}
$data merge entity $(bone_leftringfinger) {transformation: [0.3133f,0.3877f,0.8669f,-0.2107f,-0.5109f,0.8383f,-0.1902f,2.764f,-0.8005f,-0.3833f,0.4608f,1.461f,0f,0f,0f,1f],start_interpolation: 0,interpolation_duration: 1}
$data merge entity $(bone_invisibility) {transformation: [0.4618f,-0.8298f,-0.3133f,-0.4075f,0.8186f,0.2626f,0.5109f,2.8252f,-0.3417f,-0.4924f,0.8005f,1.1106f,0f,0f,0f,1f],start_interpolation: 0,interpolation_duration: 1}
$data merge entity $(bone_swiftness) {transformation: [0.8669f,0.3877f,-0.3133f,-0.2811f,-0.1902f,0.8383f,0.5109f,2.6494f,0.4608f,-0.3833f,0.8005f,1.2072f,0f,0f,0f,1f],start_interpolation: 0,interpolation_duration: 1}
$data merge entity $(bone_suspicious_stew) {transformation: [0.7177f,-0.6218f,-0.3133f,-0.2631f,0.6794f,0.5267f,0.5109f,2.7503f,-0.1527f,-0.5796f,0.8005f,1.215f,0f,0f,0f,1f],start_interpolation: 0,interpolation_duration: 1}
$data merge entity $(bone_log) {transformation: [0.3133f,0.3877f,0.8669f,-0.1447f,-0.5109f,0.8383f,-0.1902f,2.7983f,-0.8005f,-0.3833f,0.4608f,1.1136f,0f,0f,0f,1f],start_interpolation: 0,interpolation_duration: 1}
$data merge entity $(bone_planks) {transformation: [0.3133f,0.3877f,0.8669f,-0.1153f,-0.5109f,0.8383f,-0.1902f,2.7504f,-0.8005f,-0.3833f,0.4608f,1.0386f,0f,0f,0f,1f],start_interpolation: 0,interpolation_duration: 1}
$data merge entity $(bone_lefthand1) {transformation: [0.3133f,0.3877f,0.8669f,-0.1532f,-0.5109f,0.8383f,-0.1902f,3.1415f,-0.8005f,-0.3833f,0.4608f,1.2035f,0f,0f,0f,1f],start_interpolation: 0,interpolation_duration: 1}
$data merge entity $(bone_leftforearm) {transformation: [-0.3804f,0.7489f,0.5427f,0.3324f,-0.7076f,0.1421f,-0.6921f,3.1902f,-0.5954f,-0.6473f,0.4759f,0.7033f,0f,0f,0f,1f],start_interpolation: 0,interpolation_duration: 1}
$data merge entity $(bone_leftelbow) {transformation: [-0.3804f,0.7489f,0.5427f,0.4728f,-0.7076f,0.1421f,-0.6921f,3.2169f,-0.5954f,-0.6473f,0.4759f,0.582f,0f,0f,0f,1f],start_interpolation: 0,interpolation_duration: 1}
$data merge entity $(bone_leftarm) {transformation: [-0.3933f,-0.0551f,0.9178f,0.3003f,-0.7727f,0.5607f,-0.2975f,3.3021f,-0.4982f,-0.8262f,-0.2631f,0.1327f,0f,0f,0f,1f],start_interpolation: 0,interpolation_duration: 1}
$data merge entity $(bone_rightthumb2) {transformation: [-0.2705f,-0.7528f,-0.6001f,0.3517f,0.6061f,0.3511f,-0.7137f,3.3807f,0.748f,-0.5568f,0.3613f,1.1818f,0f,0f,0f,1f],start_interpolation: 0,interpolation_duration: 1}
$data merge entity $(bone_rightthumb) {transformation: [-0.2705f,-0.7528f,-0.6001f,0.1158f,0.6061f,0.3511f,-0.7137f,3.4058f,0.748f,-0.5568f,0.3613f,1.0762f,0f,0f,0f,1f],start_interpolation: 0,interpolation_duration: 1}
$data merge entity $(bone_rightpointerfinger) {transformation: [-0.2705f,-0.7528f,-0.6001f,0.3051f,0.6061f,0.3511f,-0.7137f,3.3234f,0.748f,-0.5568f,0.3613f,1.3576f,0f,0f,0f,1f],start_interpolation: 0,interpolation_duration: 1}
$data merge entity $(bone_rightmidfinger) {transformation: [-0.2705f,-0.7528f,-0.6001f,0.2113f,0.6061f,0.3511f,-0.7137f,3.2119f,0.748f,-0.5568f,0.3613f,1.4141f,0f,0f,0f,1f],start_interpolation: 0,interpolation_duration: 1}
$data merge entity $(bone_rightringfinger) {transformation: [-0.2705f,-0.7528f,-0.6001f,0.1175f,0.6061f,0.3511f,-0.7137f,3.1004f,0.748f,-0.5568f,0.3613f,1.4705f,0f,0f,0f,1f],start_interpolation: 0,interpolation_duration: 1}
$data merge entity $(bone_hugeasssword) {transformation: [-1.0593f,-2.9485f,-2.3504f,0.1396f,2.374f,1.3753f,-2.7952f,3.1334f,2.9296f,-2.1806f,1.4153f,1.0966f,0f,0f,0f,1f],start_interpolation: 0,interpolation_duration: 1}
$data merge entity $(bone_ice) {transformation: [-0.2705f,-0.7528f,-0.6001f,0.1556f,0.6061f,0.3511f,-0.7137f,3.1184f,0.748f,-0.5568f,0.3613f,1.0937f,0f,0f,0f,1f],start_interpolation: 0,interpolation_duration: 1}
$data merge entity $(bone_righthand1) {transformation: [-0.2705f,-0.7528f,-0.6001f,-0.119f,0.6061f,0.3511f,-0.7137f,3.3354f,0.748f,-0.5568f,0.3613f,1.1527f,0f,0f,0f,1f],start_interpolation: 0,interpolation_duration: 1}
$data merge entity $(bone_rightforearm) {transformation: [-0.2642f,-0.9184f,-0.2945f,-0.7313f,0.625f,0.0696f,-0.7775f,3.3651f,0.7346f,-0.3895f,0.5556f,0.8234f,0f,0f,0f,1f],start_interpolation: 0,interpolation_duration: 1}
$data merge entity $(bone_rightelbow) {transformation: [-0.2642f,-0.9184f,-0.2945f,-0.9035f,0.625f,0.0696f,-0.7775f,3.3781f,0.7346f,-0.3895f,0.5556f,0.7503f,0f,0f,0f,1f],start_interpolation: 0,interpolation_duration: 1}
$data merge entity $(bone_rightarm) {transformation: [-0.3291f,-0.4146f,-0.8484f,-0.9803f,0.6735f,0.5267f,-0.5186f,3.4723f,0.6619f,-0.7421f,0.1059f,0.2826f,0f,0f,0f,1f],start_interpolation: 0,interpolation_duration: 1}
$data merge entity $(bone_chest1) {transformation: [-1.0691f,0.1356f,-0.1102f,-0.3648f,0.103f,1.0409f,0.282f,3.2793f,0.1412f,0.2678f,-1.0402f,-0.0212f,0f,0f,0f,1f],start_interpolation: 0,interpolation_duration: 1}
$data merge entity $(bone_chest1lid) {transformation: [-0.9869f,0.1252f,-0.1017f,-0.7475f,0.0951f,0.9608f,0.2603f,2.5532f,0.1304f,0.2472f,-0.9601f,0.2301f,0f,0f,0f,1f],start_interpolation: 0,interpolation_duration: 1}
$data merge entity $(bone_chest2) {transformation: [-0.9869f,0.1252f,-0.1017f,-0.767f,0.0951f,0.9608f,0.2603f,2.4031f,0.1304f,0.2472f,-0.9601f,0.1914f,0f,0f,0f,1f],start_interpolation: 0,interpolation_duration: 1}
$data merge entity $(bone_chest1lid3) {transformation: [-0.9869f,0.1252f,-0.1017f,-0.751f,0.0951f,0.9608f,0.2603f,2.714f,0.1304f,0.2472f,-0.9601f,-0.3932f,0f,0f,0f,1f],start_interpolation: 0,interpolation_duration: 1}
$data merge entity $(bone_chest3) {transformation: [-0.9869f,0.1252f,-0.1017f,-0.7705f,0.0951f,0.9608f,0.2603f,2.5639f,0.1304f,0.2472f,-0.9601f,-0.4318f,0f,0f,0f,1f],start_interpolation: 0,interpolation_duration: 1}
$data merge entity $(bone_hugeasssword2) {transformation: [0.3985f,3.1811f,-2.2499f,-1.4624f,-1.0196f,2.2679f,3.0261f,4.5802f,3.7606f,0.2778f,1.0589f,0.1719f,0f,0f,0f,1f],start_interpolation: 0,interpolation_duration: 1}
$data merge entity $(bone_belt) {transformation: [-0.9869f,0.1252f,-0.1017f,-0.3697f,0.0951f,0.9608f,0.2603f,2.8594f,0.1304f,0.2472f,-0.9601f,0.0018f,0f,0f,0f,1f],start_interpolation: 0,interpolation_duration: 1}
$data merge entity $(bone_torn_part) {transformation: [-0.9879f,0.0748f,-0.1356f,-0.5171f,0.0218f,0.9342f,0.3562f,2.5816f,0.1533f,0.3489f,-0.9245f,-0.0315f,0f,0f,0f,1f],start_interpolation: 0,interpolation_duration: 1}
$data merge entity $(bone_lowerbody) {transformation: [-0.9879f,0.0305f,-0.1518f,-0.4142f,0.0218f,0.998f,0.0588f,2.0839f,0.1533f,0.0548f,-0.9867f,0.0655f,0f,0f,0f,1f],start_interpolation: 0,interpolation_duration: 1}
$data merge entity $(bone_leftfoot) {transformation: [-0.7781f,0.2538f,-0.5746f,0.1781f,-0.1006f,0.8525f,0.5129f,0.8203f,0.62f,0.4569f,-0.6378f,-0.0493f,0f,0f,0f,1f],start_interpolation: 0,interpolation_duration: 1}
$data merge entity $(bone_leftlowerleg) {transformation: [-0.7781f,0.2538f,-0.5746f,0.5479f,-0.1006f,0.8525f,0.5129f,1.6872f,0.62f,0.4569f,-0.6378f,0.5555f,0f,0f,0f,1f],start_interpolation: 0,interpolation_duration: 1}
$data merge entity $(bone_leftleg) {transformation: [-0.7299f,-0.6799f,-0.0699f,-0.1862f,-0.2468f,0.3575f,-0.9007f,2.0383f,0.6374f,-0.6402f,-0.4288f,-0.094f,0f,0f,0f,1f],start_interpolation: 0,interpolation_duration: 1}
$data merge entity $(bone_rightfoot) {transformation: [-0.9355f,0.2143f,0.2808f,-1.13f,0.2849f,0.9278f,0.2409f,0.1913f,-0.2089f,0.3054f,-0.929f,-0.0712f,0f,0f,0f,1f],start_interpolation: 0,interpolation_duration: 1}
$data merge entity $(bone_rightlowerleg) {transformation: [-0.9355f,0.2143f,0.2808f,-0.9354f,0.2849f,0.9278f,0.2409f,1.1835f,-0.2089f,0.3054f,-0.929f,0.4103f,0f,0f,0f,1f],start_interpolation: 0,interpolation_duration: 1}
$data merge entity $(bone_rightleg) {transformation: [-0.9757f,0.2189f,-0.0067f,-0.6805f,0.1962f,0.8604f,-0.4703f,2.0826f,-0.0972f,-0.4602f,-0.8825f,-0.057f,0f,0f,0f,1f],start_interpolation: 0,interpolation_duration: 1}
data modify entity @s data merge value {"cameras":{},"locators":{"lefthand":{"posx":-0.21787101505643405,"posy":2.783631991454576,"posz":1.2114203085867876,"roty":117.99081900919327,"rotx":-10.966877369024916},"sword":{"posx":2.364238792362621,"posy":5.812557117278368,"posz":-0.16562122316565064,"roty":238.94622976557713,"rotx":-45.53377926069313},"righthand":{"posx":0.15138068896508283,"posy":3.1809227664677064,"posz":1.1668261145783951,"roty":238.94622976557713,"rotx":-45.53377926069313},"chest":{"posx":-0.7702452955051953,"posy":2.4554242035496454,"posz":0.3686948643313181,"roty":353.95095687800716,"rotx":15.088847205986696}}}