# This file was generated by Animated Java via MC-Build. It is not recommended to edit this file directly.
$data merge entity $(bone_nose) {transformation: [-0.9998f,-0.0053f,0.0199f,-0.0932f,-0.0022f,0.9882f,0.1531f,4.1876f,-0.0205f,0.153f,-0.988f,0.1612f,0f,0f,0f,1f],start_interpolation: 0,interpolation_duration: 1}
$data merge entity $(bone_glowing_eye) {transformation: [-0.9998f,-0.0053f,0.0199f,-0.2192f,-0.0022f,0.9882f,0.1531f,4.2489f,-0.0205f,0.153f,-0.988f,0.2035f,0f,0f,0f,1f],start_interpolation: 0,interpolation_duration: 1}
$data merge entity $(bone_head) {transformation: [-0.9998f,-0.0053f,0.0199f,-0.0888f,-0.0022f,0.9882f,0.1531f,4.0943f,-0.0205f,0.153f,-0.988f,-0.0427f,0f,0f,0f,1f],start_interpolation: 0,interpolation_duration: 1}
$data merge entity $(bone_leftthumb2) {transformation: [-0.9986f,-0.053f,0.0014f,0.7998f,-0.0516f,0.9657f,-0.2545f,1.9977f,0.0122f,-0.2542f,-0.9671f,0.8996f,0f,0f,0f,1f],start_interpolation: 0,interpolation_duration: 1}
$data merge entity $(bone_leftthumb) {transformation: [-0.9986f,-0.053f,0.0014f,0.787f,-0.0516f,0.9657f,-0.2545f,2.2128f,0.0122f,-0.2542f,-0.9671f,0.7546f,0f,0f,0f,1f],start_interpolation: 0,interpolation_duration: 1}
$data merge entity $(bone_leftpointerfinger) {transformation: [-0.9986f,-0.053f,0.0014f,0.9136f,-0.0516f,0.9657f,-0.2545f,1.8897f,0.0122f,-0.2542f,-0.9671f,0.7914f,0f,0f,0f,1f],start_interpolation: 0,interpolation_duration: 1}
$data merge entity $(bone_leftmidfinger) {transformation: [-0.9986f,-0.053f,0.0014f,0.9139f,-0.0516f,0.9657f,-0.2545f,1.8499f,0.0122f,-0.2542f,-0.9671f,0.6403f,0f,0f,0f,1f],start_interpolation: 0,interpolation_duration: 1}
$data merge entity $(bone_leftringfinger) {transformation: [-0.9986f,-0.053f,0.0014f,0.9141f,-0.0516f,0.9657f,-0.2545f,1.8102f,0.0122f,-0.2542f,-0.9671f,0.4891f,0f,0f,0f,1f],start_interpolation: 0,interpolation_duration: 1}
$data merge entity $(bone_invisibility) {transformation: [-0.0527f,-0.006f,0.9986f,0.7206f,0.9399f,0.3377f,0.0516f,1.9936f,-0.3375f,0.9412f,-0.0122f,0.7961f,0f,0f,0f,1f],start_interpolation: 0,interpolation_duration: 1}
$data merge entity $(bone_swiftness) {transformation: [0.0014f,-0.053f,0.9986f,0.676f,-0.2545f,0.9657f,0.0516f,1.8124f,-0.9671f,-0.2542f,-0.0122f,0.6498f,0f,0f,0f,1f],start_interpolation: 0,interpolation_duration: 1}
$data merge entity $(bone_suspicious_stew) {transformation: [-0.0475f,-0.0237f,0.9986f,0.7233f,0.7677f,0.6387f,0.0516f,1.9006f,-0.6391f,0.7691f,-0.0122f,0.6266f,0f,0f,0f,1f],start_interpolation: 0,interpolation_duration: 1}
$data merge entity $(bone_log) {transformation: [-0.9986f,-0.053f,0.0014f,0.6231f,-0.0516f,0.9657f,-0.2545f,2.0045f,0.0122f,-0.2542f,-0.9671f,0.5507f,0f,0f,0f,1f],start_interpolation: 0,interpolation_duration: 1}
$data merge entity $(bone_planks) {transformation: [-0.9986f,-0.053f,0.0014f,0.5295f,-0.0516f,0.9657f,-0.2545f,1.9997f,0.0122f,-0.2542f,-0.9671f,0.5518f,0f,0f,0f,1f],start_interpolation: 0,interpolation_duration: 1}
$data merge entity $(bone_lefthand1) {transformation: [-0.9986f,-0.053f,0.0014f,0.8595f,-0.0516f,0.9657f,-0.2545f,2.2668f,0.0122f,-0.2542f,-0.9671f,0.5143f,0f,0f,0f,1f],start_interpolation: 0,interpolation_duration: 1}
$data merge entity $(bone_leftforearm) {transformation: [-0.9215f,0.0173f,0.3879f,0.8204f,-0.0642f,0.9785f,-0.1962f,2.9557f,-0.383f,-0.2057f,-0.9006f,0.3624f,0f,0f,0f,1f],start_interpolation: 0,interpolation_duration: 1}
$data merge entity $(bone_leftelbow) {transformation: [-0.9215f,0.0173f,0.3879f,0.8237f,-0.0642f,0.9785f,-0.1962f,3.1391f,-0.383f,-0.2057f,-0.9006f,0.3238f,0f,0f,0f,1f],start_interpolation: 0,interpolation_duration: 1}
$data merge entity $(bone_leftarm) {transformation: [-0.9076f,-0.0273f,0.4189f,0.5976f,-0.1741f,0.9325f,-0.3164f,3.5852f,-0.382f,-0.3601f,-0.8511f,0.0799f,0f,0f,0f,1f],start_interpolation: 0,interpolation_duration: 1}
$data merge entity $(bone_rightthumb2) {transformation: [-0.82f,0.1457f,-0.5535f,-0.8492f,0.1632f,0.9864f,0.0178f,1.8215f,0.5486f,-0.0757f,-0.8327f,0.5967f,0f,0f,0f,1f],start_interpolation: 0,interpolation_duration: 1}
$data merge entity $(bone_rightthumb) {transformation: [-0.82f,0.1457f,-0.5535f,-0.8608f,0.1632f,0.9864f,0.0178f,2.065f,0.5486f,-0.0757f,-0.8327f,0.5069f,0f,0f,0f,1f],start_interpolation: 0,interpolation_duration: 1}
$data merge entity $(bone_rightpointerfinger) {transformation: [-0.82f,0.1457f,-0.5535f,-1.0242f,0.1632f,0.9864f,0.0178f,1.76f,0.5486f,-0.0757f,-0.8327f,0.5527f,0f,0f,0f,1f],start_interpolation: 0,interpolation_duration: 1}
$data merge entity $(bone_rightmidfinger) {transformation: [-0.82f,0.1457f,-0.5535f,-1.1107f,0.1632f,0.9864f,0.0178f,1.7628f,0.5486f,-0.0757f,-0.8327f,0.4226f,0f,0f,0f,1f],start_interpolation: 0,interpolation_duration: 1}
$data merge entity $(bone_rightringfinger) {transformation: [-0.82f,0.1457f,-0.5535f,-1.1972f,0.1632f,0.9864f,0.0178f,1.7656f,0.5486f,-0.0757f,-0.8327f,0.2925f,0f,0f,0f,1f],start_interpolation: 0,interpolation_duration: 1}
$data merge entity $(bone_hugeasssword) {transformation: [-3.2118f,0.5707f,-2.1677f,-0.8547f,0.6393f,3.8635f,0.0699f,1.9195f,2.1485f,-0.2965f,-3.2613f,0.2746f,0f,0f,0f,1f],start_interpolation: 0,interpolation_duration: 1}
$data merge entity $(bone_ice) {transformation: [-0.82f,0.1457f,-0.5535f,-0.8441f,0.1632f,0.9864f,0.0178f,1.9015f,0.5486f,-0.0757f,-0.8327f,0.2672f,0f,0f,0f,1f],start_interpolation: 0,interpolation_duration: 1}
$data merge entity $(bone_righthand1) {transformation: [-0.82f,0.1457f,-0.5535f,-1.03f,0.1632f,0.9864f,0.0178f,2.1895f,0.5486f,-0.0757f,-0.8327f,0.3594f,0f,0f,0f,1f],start_interpolation: 0,interpolation_duration: 1}
$data merge entity $(bone_rightforearm) {transformation: [-0.7205f,0.0241f,-0.693f,-0.9575f,0.1015f,0.9923f,-0.071f,2.8804f,0.686f,-0.1215f,-0.7174f,0.2459f,0f,0f,0f,1f],start_interpolation: 0,interpolation_duration: 1}
$data merge entity $(bone_rightelbow) {transformation: [-0.7205f,0.0241f,-0.693f,-0.953f,0.1015f,0.9923f,-0.071f,3.0665f,0.686f,-0.1215f,-0.7174f,0.2231f,0f,0f,0f,1f],start_interpolation: 0,interpolation_duration: 1}
$data merge entity $(bone_rightarm) {transformation: [-0.7036f,0.0819f,-0.7058f,-0.739f,0.2122f,0.9722f,-0.0987f,3.5114f,0.6781f,-0.2193f,-0.7015f,-0.0131f,0f,0f,0f,1f],start_interpolation: 0,interpolation_duration: 1}
$data merge entity $(bone_chest1) {transformation: [-1.0812f,-0.0308f,0.0599f,-0.0734f,-0.0319f,1.0827f,-0.0186f,3.4462f,-0.0593f,-0.0203f,-1.0815f,-0.1465f,0f,0f,0f,1f],start_interpolation: 0,interpolation_duration: 1}
$data merge entity $(bone_chest1lid) {transformation: [-0.9981f,-0.0284f,0.0553f,-0.4164f,-0.0294f,0.9994f,-0.0172f,2.7598f,-0.0548f,-0.0188f,-0.9983f,0.2383f,0f,0f,0f,1f],start_interpolation: 0,interpolation_duration: 1}
$data merge entity $(bone_chest2) {transformation: [-0.9981f,-0.0284f,0.0553f,-0.4119f,-0.0294f,0.9994f,-0.0172f,2.6037f,-0.0548f,-0.0188f,-0.9983f,0.2412f,0f,0f,0f,1f],start_interpolation: 0,interpolation_duration: 1}
$data merge entity $(bone_chest1lid3) {transformation: [-0.9981f,-0.0284f,0.0553f,-0.3186f,-0.0294f,0.9994f,-0.0172f,2.7507f,-0.0548f,-0.0188f,-0.9983f,-0.3978f,0f,0f,0f,1f],start_interpolation: 0,interpolation_duration: 1}
$data merge entity $(bone_chest3) {transformation: [-0.9981f,-0.0284f,0.0553f,-0.3142f,-0.0294f,0.9994f,-0.0172f,2.5945f,-0.0548f,-0.0188f,-0.9983f,-0.3949f,0f,0f,0f,1f],start_interpolation: 0,interpolation_duration: 1}
$data merge entity $(bone_hugeasssword2) {transformation: [-0.2165f,2.8068f,-2.7231f,-1.3214f,0.0673f,2.7295f,2.8081f,4.565f,3.9101f,0.1084f,-0.1991f,-0.5002f,0f,0f,0f,1f],start_interpolation: 0,interpolation_duration: 1}
$data merge entity $(bone_belt) {transformation: [-0.9981f,-0.0284f,0.0553f,-0.0374f,-0.0294f,0.9994f,-0.0172f,3.0513f,-0.0548f,-0.0188f,-0.9983f,-0.0066f,0f,0f,0f,1f],start_interpolation: 0,interpolation_duration: 1}
$data merge entity $(bone_torn_part) {transformation: [-0.9937f,-0.0911f,0.0647f,-0.1459f,-0.0733f,0.9686f,0.2377f,2.7578f,-0.0843f,0.2315f,-0.9692f,-0.0092f,0f,0f,0f,1f],start_interpolation: 0,interpolation_duration: 1}
$data merge entity $(bone_lowerbody) {transformation: [-0.9937f,-0.0675f,0.0891f,-0.0284f,-0.0733f,0.9952f,-0.0645f,2.2881f,-0.0843f,-0.0707f,-0.9939f,0.1734f,0f,0f,0f,1f],start_interpolation: 0,interpolation_duration: 1}
$data merge entity $(bone_leftfoot) {transformation: [-0.9704f,-0.1421f,-0.1954f,0.5027f,-0.1485f,0.9888f,0.0182f,0.187f,0.1906f,0.0467f,-0.9806f,0.0457f,0f,0f,0f,1f],start_interpolation: 0,interpolation_duration: 1}
$data merge entity $(bone_leftlowerleg) {transformation: [-0.9704f,-0.1421f,-0.1954f,0.3751f,-0.1485f,0.9888f,0.0182f,1.2811f,0.1906f,0.0467f,-0.9806f,0.2482f,0f,0f,0f,1f],start_interpolation: 0,interpolation_duration: 1}
$data merge entity $(bone_leftleg) {transformation: [-0.9812f,-0.1297f,-0.143f,0.2121f,-0.0901f,0.9627f,-0.2553f,2.2995f,0.1708f,-0.2376f,-0.9562f,0.0252f,0f,0f,0f,1f],start_interpolation: 0,interpolation_duration: 1}
$data merge entity $(bone_rightfoot) {transformation: [-0.9183f,-0.025f,0.3952f,-0.1839f,0.0751f,0.9689f,0.2359f,0.1996f,-0.3888f,0.2463f,-0.8878f,-0.2084f,0f,0f,0f,1f],start_interpolation: 0,interpolation_duration: 1}
$data merge entity $(bone_rightlowerleg) {transformation: [-0.9183f,-0.025f,0.3952f,-0.2724f,0.0751f,0.9689f,0.2359f,1.2382f,-0.3888f,0.2463f,-0.8878f,0.2012f,0f,0f,0f,1f],start_interpolation: 0,interpolation_duration: 1}
$data merge entity $(bone_rightleg) {transformation: [-0.9709f,-0.004f,0.2396f,-0.2567f,-0.059f,0.9731f,-0.2228f,2.2668f,-0.2323f,-0.2304f,-0.945f,-0.0175f,0f,0f,0f,1f],start_interpolation: 0,interpolation_duration: 1}
data modify entity @s data merge value {"cameras":{},"locators":{"lefthand":{"posx":0.7208616693244398,"posy":1.9379010058070325,"posz":0.5845121288524388,"roty":0.08108379124365683,"rotx":-14.74155480472828},"sword":{"posx":1.1262902962926509,"posy":1.8353357898004385,"posz":3.403292808398704,"roty":326.38868910827404,"rotx":1.0226625993323988},"righthand":{"posx":-0.914622192502704,"posy":1.9011498539194083,"posz":0.3327878056274506,"roty":326.38868910827404,"rotx":1.0226625993323988},"chest":{"posx":-0.45443207435543237,"posy":2.6991400769914207,"posz":0.3937361291550033,"roty":3.1690965689309394,"rotx":-0.984455995686723}}}