# This file was generated by Animated Java via MC-Build. It is not recommended to edit this file directly.
$data merge entity $(nose) {transformation: [-0.9679f,-0.2372f,-0.0831f,-0.2617f,-0.2501f,0.9414f,0.2262f,4.1546f,0.0246f,0.2397f,-0.9705f,0.5274f,0f,0f,0f,1f],start_interpolation: 0,interpolation_duration: 1}
$data merge entity $(glowing_eye) {transformation: [-0.9679f,-0.2372f,-0.0831f,-0.3958f,-0.2501f,0.9414f,0.2262f,4.1791f,0.0246f,0.2397f,-0.9705f,0.5805f,0f,0f,0f,1f],start_interpolation: 0,interpolation_duration: 1}
$data merge entity $(head) {transformation: [-0.9679f,-0.2372f,-0.0831f,-0.2479f,-0.2501f,0.9414f,0.2262f,4.0807f,0.0246f,0.2397f,-0.9705f,0.316f,0f,0f,0f,1f],start_interpolation: 0,interpolation_duration: 1}
$data merge entity $(leftthumb2) {transformation: [0.2779f,0.9249f,0.2596f,-0.5748f,-0.9498f,0.305f,-0.0699f,3.6193f,-0.1438f,-0.2272f,0.9632f,0.7419f,0f,0f,0f,1f],start_interpolation: 0,interpolation_duration: 1}
$data merge entity $(leftthumb) {transformation: [0.2779f,0.9249f,0.2596f,-0.3258f,-0.9498f,0.305f,-0.0699f,3.6882f,-0.1438f,-0.2272f,0.9632f,0.7685f,0f,0f,0f,1f],start_interpolation: 0,interpolation_duration: 1}
$data merge entity $(leftpointerfinger) {transformation: [0.2779f,0.9249f,0.2596f,-0.6475f,-0.9498f,0.305f,-0.0699f,3.6887f,-0.1438f,-0.2272f,0.9632f,0.904f,0f,0f,0f,1f],start_interpolation: 0,interpolation_duration: 1}
$data merge entity $(leftmidfinger) {transformation: [0.2779f,0.9249f,0.2596f,-0.607f,-0.9498f,0.305f,-0.0699f,3.6778f,-0.1438f,-0.2272f,0.9632f,1.0545f,0f,0f,0f,1f],start_interpolation: 0,interpolation_duration: 1}
$data merge entity $(leftringfinger) {transformation: [0.2779f,0.9249f,0.2596f,-0.5664f,-0.9498f,0.305f,-0.0699f,3.6669f,-0.1438f,-0.2272f,0.9632f,1.205f,0f,0f,0f,1f],start_interpolation: 0,interpolation_duration: 1}
$data merge entity $(invisibility) {transformation: [0.944f,-0.178f,-0.2779f,-0.5024f,0.2978f,0.0962f,0.9498f,3.5462f,-0.1423f,-0.9793f,0.1438f,0.8221f,0f,0f,0f,1f],start_interpolation: 0,interpolation_duration: 1}
$data merge entity $(swiftness) {transformation: [0.2596f,0.9249f,-0.2779f,-0.5645f,-0.0699f,0.305f,0.9498f,3.4423f,0.9632f,-0.2272f,0.1438f,1.0259f,0f,0f,0f,1f],start_interpolation: 0,interpolation_duration: 1}
$data merge entity $(suspicious_stew) {transformation: [0.9479f,0.1556f,-0.2779f,-0.497f,0.2469f,0.1922f,0.9498f,3.5188f,0.2012f,-0.9689f,0.1438f,1.0133f,0f,0f,0f,1f],start_interpolation: 0,interpolation_duration: 1}
$data merge entity $(log) {transformation: [0.2779f,0.9249f,0.2596f,-0.3432f,-0.9498f,0.305f,-0.0699f,3.4646f,-0.1438f,-0.2272f,0.9632f,1.0166f,0f,0f,0f,1f],start_interpolation: 0,interpolation_duration: 1}
$data merge entity $(planks) {transformation: [0.2779f,0.9249f,0.2596f,-0.3172f,-0.9498f,0.305f,-0.0699f,3.3755f,-0.1438f,-0.2272f,0.9632f,1.0031f,0f,0f,0f,1f],start_interpolation: 0,interpolation_duration: 1}
$data merge entity $(lefthand1) {transformation: [0.2779f,0.9249f,0.2596f,-0.1896f,-0.9498f,0.305f,-0.0699f,3.7804f,-0.1438f,-0.2272f,0.9632f,0.9656f,0f,0f,0f,1f],start_interpolation: 0,interpolation_duration: 1}
$data merge entity $(leftforearm) {transformation: [-0.2118f,0.9475f,0.2396f,0.4595f,-0.8952f,-0.0897f,-0.4365f,3.6554f,-0.3921f,-0.3069f,0.8672f,0.7087f,0f,0f,0f,1f],start_interpolation: 0,interpolation_duration: 1}
$data merge entity $(leftelbow) {transformation: [-0.2118f,0.9475f,0.2396f,0.6371f,-0.8952f,-0.0897f,-0.4365f,3.6386f,-0.3921f,-0.3069f,0.8672f,0.6511f,0f,0f,0f,1f],start_interpolation: 0,interpolation_duration: 1}
$data merge entity $(leftarm) {transformation: [-0.2394f,-0.1398f,0.9608f,0.4254f,-0.9268f,0.3279f,-0.1832f,3.5824f,-0.2895f,-0.9343f,-0.2081f,0.2221f,0f,0f,0f,1f],start_interpolation: 0,interpolation_duration: 1}
$data merge entity $(rightthumb2) {transformation: [-0.9337f,-0.3571f,0.0278f,-0.0527f,0.3206f,-0.8677f,-0.3798f,4.3981f,0.1597f,-0.3457f,0.9247f,0.6396f,0f,0f,0f,1f],start_interpolation: 0,interpolation_duration: 1}
$data merge entity $(rightthumb) {transformation: [-0.9337f,-0.3571f,0.0278f,-0.1379f,0.3206f,-0.8677f,-0.3798f,4.1528f,0.1597f,-0.3457f,0.9247f,0.6338f,0f,0f,0f,1f],start_interpolation: 0,interpolation_duration: 1}
$data merge entity $(rightpointerfinger) {transformation: [-0.9337f,-0.3571f,0.0278f,-0.1216f,0.3206f,-0.8677f,-0.3798f,4.4548f,0.1597f,-0.3457f,0.9247f,0.8081f,0f,0f,0f,1f],start_interpolation: 0,interpolation_duration: 1}
$data merge entity $(rightmidfinger) {transformation: [-0.9337f,-0.3571f,0.0278f,-0.1172f,0.3206f,-0.8677f,-0.3798f,4.3955f,0.1597f,-0.3457f,0.9247f,0.9525f,0f,0f,0f,1f],start_interpolation: 0,interpolation_duration: 1}
$data merge entity $(rightringfinger) {transformation: [-0.9337f,-0.3571f,0.0278f,-0.1129f,0.3206f,-0.8677f,-0.3798f,4.3361f,0.1597f,-0.3457f,0.9247f,1.097f,0f,0f,0f,1f],start_interpolation: 0,interpolation_duration: 1}
$data merge entity $(hugeasssword) {transformation: [-3.6568f,-1.3986f,0.1087f,0.0578f,1.2556f,-3.3987f,-1.4876f,4.14f,0.6255f,-1.354f,3.6215f,0.8255f,0f,0f,0f,1f],start_interpolation: 0,interpolation_duration: 1}
$data merge entity $(whey) {transformation: [0f,0f,0f,0.2478f,0f,0f,0f,4.2196f,0f,0f,0f,0.7004f,0f,0f,0f,1f],start_interpolation: 0,interpolation_duration: 1}
$data merge entity $(ice) {transformation: [-0.9337f,-0.3571f,0.0278f,0.078f,0.3206f,-0.8677f,-0.3798f,4.1485f,0.1597f,-0.3457f,0.9247f,0.8284f,0f,0f,0f,1f],start_interpolation: 0,interpolation_duration: 1}
$data merge entity $(righthand1) {transformation: [-0.9337f,-0.3571f,0.0278f,-0.2439f,0.3206f,-0.8677f,-0.3798f,3.9999f,0.1597f,-0.3457f,0.9247f,0.8108f,0f,0f,0f,1f],start_interpolation: 0,interpolation_duration: 1}
$data merge entity $(rightforearm) {transformation: [-0.3645f,-0.9097f,0.199f,-0.846f,0.7953f,-0.4153f,-0.4415f,3.6454f,0.4843f,-0.0027f,0.8749f,0.7502f,0f,0f,0f,1f],start_interpolation: 0,interpolation_duration: 1}
$data merge entity $(rightelbow) {transformation: [-0.3645f,-0.9097f,0.199f,-1.0166f,0.7953f,-0.4153f,-0.4415f,3.5675f,0.4843f,-0.0027f,0.8749f,0.7497f,0f,0f,0f,1f],start_interpolation: 0,interpolation_duration: 1}
$data merge entity $(rightarm) {transformation: [-0.4158f,-0.0799f,-0.9059f,-0.8682f,0.809f,0.4226f,-0.4086f,3.5838f,0.4155f,-0.9028f,-0.111f,0.3272f,0f,0f,0f,1f],start_interpolation: 0,interpolation_duration: 1}
$data merge entity $(chest1) {transformation: [-1.0775f,0.0227f,-0.1098f,-0.2315f,-0.0192f,1.0078f,0.3968f,3.4929f,0.1104f,0.3967f,-1.002f,0.0161f,0f,0f,0f,1f],start_interpolation: 0,interpolation_duration: 1}
$data merge entity $(chest1lid) {transformation: [-0.9946f,0.0209f,-0.1013f,-0.5458f,-0.0177f,0.9303f,0.3663f,2.7076f,0.1019f,0.3661f,-0.925f,0.1627f,0f,0f,0f,1f],start_interpolation: 0,interpolation_duration: 1}
$data merge entity $(chest2) {transformation: [-0.9946f,0.0209f,-0.1013f,-0.549f,-0.0177f,0.9303f,0.3663f,2.5623f,0.1019f,0.3661f,-0.925f,0.1055f,0f,0f,0f,1f],start_interpolation: 0,interpolation_duration: 1}
$data merge entity $(chest1lid3) {transformation: [-0.9946f,0.0209f,-0.1013f,-0.5485f,-0.0177f,0.9303f,0.3663f,2.9434f,0.1019f,0.3661f,-0.925f,-0.4363f,0f,0f,0f,1f],start_interpolation: 0,interpolation_duration: 1}
$data merge entity $(chest3) {transformation: [-0.9946f,0.0209f,-0.1013f,-0.5518f,-0.0177f,0.9303f,0.3663f,2.7981f,0.1019f,0.3661f,-0.925f,-0.4935f,0f,0f,0f,1f],start_interpolation: 0,interpolation_duration: 1}
$data merge entity $(hugeasssword2) {transformation: [0.3969f,2.9276f,-2.5714f,-1.4595f,-1.4347f,2.5129f,2.6395f,4.6475f,3.6227f,0.6745f,1.3271f,0.3215f,0f,0f,0f,1f],start_interpolation: 0,interpolation_duration: 1}
$data merge entity $(belt) {transformation: [-0.9946f,0.0209f,-0.1013f,-0.1947f,-0.0177f,0.9303f,0.3663f,3.0749f,0.1019f,0.3661f,-0.925f,-0.0119f,0f,0f,0f,1f],start_interpolation: 0,interpolation_duration: 1}
$data merge entity $(torn_part) {transformation: [-0.9876f,-0.0171f,-0.1559f,-0.3137f,-0.0937f,0.8613f,0.4993f,2.7931f,0.1258f,0.5077f,-0.8523f,-0.0897f,0f,0f,0f,1f],start_interpolation: 0,interpolation_duration: 1}
$data merge entity $(lowerbody) {transformation: [-0.9876f,-0.0632f,-0.1436f,-0.1662f,-0.0937f,0.9716f,0.2172f,2.2972f,0.1258f,0.228f,-0.9655f,-0.0775f,0f,0f,0f,1f],start_interpolation: 0,interpolation_duration: 1}
$data merge entity $(leftfoot) {transformation: [-0.7321f,0.0342f,-0.6803f,0.6926f,-0.2377f,0.9231f,0.3022f,1.0344f,0.6384f,0.3829f,-0.6677f,-0.1107f,0f,0f,0f,1f],start_interpolation: 0,interpolation_duration: 1}
$data merge entity $(leftlowerleg) {transformation: [-0.7321f,0.0342f,-0.6803f,0.8351f,-0.2377f,0.9231f,0.3022f,2.0121f,0.6384f,0.3829f,-0.6677f,0.4167f,0f,0f,0f,1f],start_interpolation: 0,interpolation_duration: 1}
$data merge entity $(leftleg) {transformation: [-0.6973f,-0.716f,0.033f,0.0682f,-0.3418f,0.2918f,-0.8933f,2.2957f,0.63f,-0.6342f,-0.4482f,-0.2254f,0f,0f,0f,1f],start_interpolation: 0,interpolation_duration: 1}
$data merge entity $(rightfoot) {transformation: [-0.9287f,0.2535f,0.2708f,-0.9428f,0.2564f,0.9662f,-0.0253f,0.2536f,-0.268f,0.046f,-0.9623f,-0.0699f,0f,0f,0f,1f],start_interpolation: 0,interpolation_duration: 1}
$data merge entity $(rightlowerleg) {transformation: [-0.9287f,0.2535f,0.2708f,-0.7031f,0.2564f,0.9662f,-0.0253f,1.3294f,-0.268f,0.046f,-0.9623f,0.1289f,0f,0f,0f,1f],start_interpolation: 0,interpolation_duration: 1}
$data merge entity $(rightleg) {transformation: [-0.9724f,0.2334f,0.0028f,-0.4328f,0.2179f,0.912f,-0.3474f,2.2909f,-0.0836f,-0.3372f,-0.9377f,-0.2053f,0f,0f,0f,1f],start_interpolation: 0,interpolation_duration: 1}
data modify entity @s data merge value {"cameras":{},"locators":{"soup":{"px":-0.46162092310638114,"py":3.522116044745494,"pz":0.8422674606288276,"ry":242.6441111169562,"rx":71.76591041667011},"lefthand":{"px":-0.44558191857975,"py":3.5308752470024354,"pz":1.0327494656263088,"ry":164.91605792550803,"rx":-4.00552400491458},"sword":{"px":-0.10677455828707283,"py":5.598588290347367,"pz":-2.575363805234974,"ry":178.28059688040992,"rx":-22.321458592448895},"righthand":{"px":-0.004422787208654105,"py":4.198066035759969,"pz":0.8342868776594694,"ry":178.28059688040992,"rx":-22.321458592448895},"chest":{"px":-0.5623156684713063,"py":2.5917087552949094,"pz":0.2874875228135826,"ry":353.7480188894816,"rx":21.488637987483994}}}