# This file was generated by Animated Java via MC-Build. It is not recommended to edit this file directly.
$data merge entity $(bone_nose) {transformation: [-0.9957f,0.0785f,0.0502f,0.0929f,0.0906f,0.9406f,0.3271f,4.0161f,-0.0216f,0.3303f,-0.9436f,0.4536f,0f,0f,0f,1f],start_interpolation: 0,interpolation_duration: 1}
$data merge entity $(bone_glowing_eye) {transformation: [-0.9957f,0.0785f,0.0502f,-0.028f,0.0906f,0.9406f,0.3271f,4.0797f,-0.0216f,0.3303f,-0.9436f,0.5062f,0f,0f,0f,1f],start_interpolation: 0,interpolation_duration: 1}
$data merge entity $(bone_head) {transformation: [-0.9957f,0.0785f,0.0502f,0.0926f,0.0906f,0.9406f,0.3271f,3.9612f,-0.0216f,0.3303f,-0.9436f,0.2361f,0f,0f,0f,1f],start_interpolation: 0,interpolation_duration: 1}
$data merge entity $(bone_leftthumb2) {transformation: [-0.3989f,0.7613f,0.5112f,-0.1201f,-0.917f,-0.3286f,-0.2262f,3.5134f,-0.0043f,-0.559f,0.8292f,1.2486f,0f,0f,0f,1f],start_interpolation: 0,interpolation_duration: 1}
$data merge entity $(bone_leftthumb) {transformation: [-0.3989f,0.7613f,0.5112f,0.1103f,-0.917f,-0.3286f,-0.2262f,3.4134f,-0.0043f,-0.559f,0.8292f,1.1824f,0f,0f,0f,1f],start_interpolation: 0,interpolation_duration: 1}
$data merge entity $(bone_leftpointerfinger) {transformation: [-0.3989f,0.7613f,0.5112f,-0.072f,-0.917f,-0.3286f,-0.2262f,3.6109f,-0.0043f,-0.559f,0.8292f,1.4051f,0f,0f,0f,1f],start_interpolation: 0,interpolation_duration: 1}
$data merge entity $(bone_leftmidfinger) {transformation: [-0.3989f,0.7613f,0.5112f,0.0079f,-0.917f,-0.3286f,-0.2262f,3.5756f,-0.0043f,-0.559f,0.8292f,1.5347f,0f,0f,0f,1f],start_interpolation: 0,interpolation_duration: 1}
$data merge entity $(bone_leftringfinger) {transformation: [-0.3989f,0.7613f,0.5112f,0.0878f,-0.917f,-0.3286f,-0.2262f,3.5403f,-0.0043f,-0.559f,0.8292f,1.6643f,0f,0f,0f,1f],start_interpolation: 0,interpolation_duration: 1}
$data merge entity $(bone_invisibility) {transformation: [0.803f,-0.4429f,0.3989f,-0.0795f,-0.347f,0.1967f,0.917f,3.4101f,-0.4846f,-0.8747f,0.0043f,1.3173f,0f,0f,0f,1f],start_interpolation: 0,interpolation_duration: 1}
$data merge entity $(bone_swiftness) {transformation: [0.5112f,0.7613f,0.3989f,-0.1075f,-0.2262f,-0.3286f,0.917f,3.3645f,0.8292f,-0.559f,0.0043f,1.5482f,0f,0f,0f,1f],start_interpolation: 0,interpolation_duration: 1}
$data merge entity $(bone_suspicious_stew) {transformation: [0.906f,-0.1416f,0.3989f,-0.0193f,-0.3934f,0.0662f,0.917f,3.3831f,-0.1562f,-0.9877f,0.0043f,1.499f,0f,0f,0f,1f],start_interpolation: 0,interpolation_duration: 1}
$data merge entity $(bone_log) {transformation: [-0.3989f,0.7613f,0.5112f,0.0624f,-0.917f,-0.3286f,-0.2262f,3.2455f,-0.0043f,-0.559f,0.8292f,1.4676f,0f,0f,0f,1f],start_interpolation: 0,interpolation_duration: 1}
$data merge entity $(bone_planks) {transformation: [-0.3989f,0.7613f,0.5112f,0.025f,-0.917f,-0.3286f,-0.2262f,3.1595f,-0.0043f,-0.559f,0.8292f,1.4672f,0f,0f,0f,1f],start_interpolation: 0,interpolation_duration: 1}
$data merge entity $(bone_lefthand1) {transformation: [-0.3989f,0.7613f,0.5112f,0.3365f,-0.917f,-0.3286f,-0.2262f,3.3997f,-0.0043f,-0.559f,0.8292f,1.303f,0f,0f,0f,1f],start_interpolation: 0,interpolation_duration: 1}
$data merge entity $(bone_leftforearm) {transformation: [-0.5837f,0.7739f,0.2457f,0.8321f,-0.4811f,-0.0859f,-0.8724f,3.2987f,-0.6541f,-0.6274f,0.4225f,0.8035f,0f,0f,0f,1f],start_interpolation: 0,interpolation_duration: 1}
$data merge entity $(bone_leftelbow) {transformation: [-0.5837f,0.7739f,0.2457f,0.9772f,-0.4811f,-0.0859f,-0.8724f,3.2826f,-0.6541f,-0.6274f,0.4225f,0.6858f,0f,0f,0f,1f],start_interpolation: 0,interpolation_duration: 1}
$data merge entity $(bone_leftarm) {transformation: [-0.6082f,-0.0543f,0.7919f,0.7472f,-0.5535f,0.7441f,-0.374f,3.4997f,-0.569f,-0.6658f,-0.4826f,0.3221f,0f,0f,0f,1f],start_interpolation: 0,interpolation_duration: 1}
$data merge entity $(bone_rightthumb2) {transformation: [-0.6868f,-0.6921f,-0.2219f,0.3828f,0.4387f,-0.1514f,-0.8858f,3.7241f,0.5794f,-0.7058f,0.4076f,1.129f,0f,0f,0f,1f],start_interpolation: 0,interpolation_duration: 1}
$data merge entity $(bone_rightthumb) {transformation: [-0.6868f,-0.6921f,-0.2219f,0.1941f,0.4387f,-0.1514f,-0.8858f,3.6113f,0.5794f,-0.7058f,0.4076f,0.9908f,0f,0f,0f,1f],start_interpolation: 0,interpolation_duration: 1}
$data merge entity $(bone_rightpointerfinger) {transformation: [-0.6868f,-0.6921f,-0.2219f,0.3357f,0.4387f,-0.1514f,-0.8858f,3.6674f,0.5794f,-0.7058f,0.4076f,1.3049f,0f,0f,0f,1f],start_interpolation: 0,interpolation_duration: 1}
$data merge entity $(bone_rightmidfinger) {transformation: [-0.6868f,-0.6921f,-0.2219f,0.301f,0.4387f,-0.1514f,-0.8858f,3.529f,0.5794f,-0.7058f,0.4076f,1.3685f,0f,0f,0f,1f],start_interpolation: 0,interpolation_duration: 1}
$data merge entity $(bone_rightringfinger) {transformation: [-0.6868f,-0.6921f,-0.2219f,0.2663f,0.4387f,-0.1514f,-0.8858f,3.3906f,0.5794f,-0.7058f,0.4076f,1.4322f,0f,0f,0f,1f],start_interpolation: 0,interpolation_duration: 1}
$data merge entity $(bone_hugeasssword) {transformation: [-2.6901f,-2.7107f,-0.8692f,0.3463f,1.7183f,-0.5929f,-3.4693f,3.3956f,2.2695f,-2.7642f,1.5965f,1.0649f,0f,0f,0f,1f],start_interpolation: 0,interpolation_duration: 1}
$data merge entity $(bone_ice) {transformation: [-0.6868f,-0.6921f,-0.2219f,0.3679f,0.4387f,-0.1514f,-0.8858f,3.3911f,0.5794f,-0.7058f,0.4076f,1.0669f,0f,0f,0f,1f],start_interpolation: 0,interpolation_duration: 1}
$data merge entity $(bone_righthand1) {transformation: [-0.6868f,-0.6921f,-0.2219f,0.0162f,0.4387f,-0.1514f,-0.8858f,3.4353f,0.5794f,-0.7058f,0.4076f,1.048f,0f,0f,0f,1f],start_interpolation: 0,interpolation_duration: 1}
$data merge entity $(bone_rightforearm) {transformation: [-0.5841f,-0.8057f,-0.098f,-0.5061f,0.4579f,-0.2274f,-0.8594f,3.2631f,0.6701f,-0.5469f,0.5018f,0.6101f,0f,0f,0f,1f],start_interpolation: 0,interpolation_duration: 1}
$data merge entity $(bone_rightelbow) {transformation: [-0.5841f,-0.8057f,-0.098f,-0.6571f,0.4579f,-0.2274f,-0.8594f,3.2204f,0.6701f,-0.5469f,0.5018f,0.5076f,0f,0f,0f,1f],start_interpolation: 0,interpolation_duration: 1}
$data merge entity $(bone_rightarm) {transformation: [-0.6321f,-0.1725f,-0.7555f,-0.545f,0.5011f,0.6527f,-0.5682f,3.3996f,0.5911f,-0.7377f,-0.3262f,0.0988f,0f,0f,0f,1f],start_interpolation: 0,interpolation_duration: 1}
$data merge entity $(bone_chest1) {transformation: [-1.0639f,-0.1491f,0.1395f,0.1494f,-0.1086f,1.0398f,0.2838f,3.3563f,-0.173f,0.2648f,-1.0361f,-0.0192f,0f,0f,0f,1f],start_interpolation: 0,interpolation_duration: 1}
$data merge entity $(bone_chest1lid) {transformation: [-0.9821f,-0.1377f,0.1288f,-0.1422f,-0.1002f,0.9599f,0.262f,2.5636f,-0.1597f,0.2444f,-0.9564f,0.1335f,0f,0f,0f,1f],start_interpolation: 0,interpolation_duration: 1}
$data merge entity $(bone_chest2) {transformation: [-0.9821f,-0.1377f,0.1288f,-0.1207f,-0.1002f,0.9599f,0.262f,2.4136f,-0.1597f,0.2444f,-0.9564f,0.0953f,0f,0f,0f,1f],start_interpolation: 0,interpolation_duration: 1}
$data merge entity $(bone_chest1lid3) {transformation: [-0.9821f,-0.1377f,0.1288f,0.0016f,-0.1002f,0.9599f,0.262f,2.7377f,-0.1597f,0.2444f,-0.9564f,-0.4692f,0f,0f,0f,1f],start_interpolation: 0,interpolation_duration: 1}
$data merge entity $(bone_chest3) {transformation: [-0.9821f,-0.1377f,0.1288f,0.0232f,-0.1002f,0.9599f,0.262f,2.5877f,-0.1597f,0.2444f,-0.9564f,-0.5074f,0f,0f,0f,1f],start_interpolation: 0,interpolation_duration: 1}
$data merge entity $(bone_hugeasssword2) {transformation: [-0.5044f,2.4716f,-2.9962f,-1.1862f,-1.0262f,2.8292f,2.5066f,4.416f,3.7461f,1.1078f,0.2832f,-0.1858f,0f,0f,0f,1f],start_interpolation: 0,interpolation_duration: 1}
$data merge entity $(bone_belt) {transformation: [-0.9821f,-0.1377f,0.1288f,0.2188f,-0.1002f,0.9599f,0.262f,2.9429f,-0.1597f,0.2444f,-0.9564f,0.0137f,0f,0f,0f,1f],start_interpolation: 0,interpolation_duration: 1}
$data merge entity $(bone_torn_part) {transformation: [-0.9807f,-0.1459f,0.1304f,0.1337f,-0.0789f,0.9046f,0.419f,2.653f,-0.1791f,0.4006f,-0.8986f,-0.0661f,0f,0f,0f,1f],start_interpolation: 0,interpolation_duration: 1}
$data merge entity $(bone_lowerbody) {transformation: [-0.9807f,-0.0999f,0.1683f,0.2546f,-0.0789f,0.9887f,0.1276f,2.16f,-0.1791f,0.1119f,-0.9775f,0.0342f,0f,0f,0f,1f],start_interpolation: 0,interpolation_duration: 1}
$data merge entity $(bone_leftfoot) {transformation: [-0.9498f,-0.2675f,-0.1622f,1.0747f,-0.301f,0.9226f,0.2411f,0.2163f,0.0852f,0.2779f,-0.9568f,-0.3572f,0f,0f,0f,1f],start_interpolation: 0,interpolation_duration: 1}
$data merge entity $(bone_leftlowerleg) {transformation: [-0.9498f,-0.2675f,-0.1622f,0.8028f,-0.301f,0.9226f,0.2411f,1.2028f,0.0852f,0.2779f,-0.9568f,0.0981f,0f,0f,0f,1f],start_interpolation: 0,interpolation_duration: 1}
$data merge entity $(bone_leftleg) {transformation: [-0.9588f,-0.2426f,0.1475f,0.5208f,-0.2653f,0.9506f,-0.1611f,2.1963f,-0.1011f,-0.1936f,-0.9759f,-0.0883f,0f,0f,0f,1f],start_interpolation: 0,interpolation_duration: 1}
$data merge entity $(bone_rightfoot) {transformation: [-0.9153f,0.0797f,0.3948f,-0.2048f,0.2042f,0.9367f,0.2843f,0.2904f,-0.3471f,0.3409f,-0.8737f,-0.1007f,0f,0f,0f,1f],start_interpolation: 0,interpolation_duration: 1}
$data merge entity $(bone_rightlowerleg) {transformation: [-0.9153f,0.0797f,0.3948f,-0.1771f,0.2042f,0.9367f,0.2843f,1.2859f,-0.3471f,0.3409f,-0.8737f,0.4117f,0f,0f,0f,1f],start_interpolation: 0,interpolation_duration: 1}
$data merge entity $(bone_rightleg) {transformation: [-0.9795f,0.1721f,0.105f,0.026f,0.0802f,0.8104f,-0.5804f,2.1355f,-0.185f,-0.5601f,-0.8075f,-0.1636f,0f,0f,0f,1f],start_interpolation: 0,interpolation_duration: 1}
data modify entity @s data merge value {"cameras":{},"locators":{"lefthand":{"posx":0.032366415032127005,"posy":3.3606626433344617,"posz":1.498681769913669,"roty":148.3456744369557,"rotx":-13.07344244765974},"sword":{"posx":1.1360549043447445,"posy":6.714743177333839,"posz":-0.3772219985539944,"roty":208.56494759267719,"rotx":-62.34743147981955},"righthand":{"posx":0.3177402638199955,"posy":3.4484363042675743,"posz":1.125860437662641,"roty":208.56494759267719,"rotx":-62.34743147981955},"chest":{"posx":-0.18443812350113073,"posy":2.459516248582008,"posz":0.2626835667240368,"roty":7.668144011285705,"rotx":15.188558783060966}}}