# This file was generated by Animated Java via MC-Build. It is not recommended to edit this file directly.
$data merge entity $(bone_nose) {transformation: [-0.9886f,0.0832f,0.1253f,0.1675f,0.124f,0.9223f,0.3661f,3.9224f,-0.0851f,0.3774f,-0.9221f,0.447f,0f,0f,0f,1f],start_interpolation: 0,interpolation_duration: 1}
$data merge entity $(bone_glowing_eye) {transformation: [-0.9886f,0.0832f,0.1253f,0.0452f,0.124f,0.9223f,0.3661f,3.9876f,-0.0851f,0.3774f,-0.9221f,0.4941f,0f,0f,0f,1f],start_interpolation: 0,interpolation_duration: 1}
$data merge entity $(bone_head) {transformation: [-0.9886f,0.0832f,0.1253f,0.1807f,0.124f,0.9223f,0.3661f,3.8771f,-0.0851f,0.3774f,-0.9221f,0.2277f,0f,0f,0f,1f],start_interpolation: 0,interpolation_duration: 1}
$data merge entity $(bone_leftthumb2) {transformation: [0.0658f,0.7452f,0.6635f,-0.3566f,-0.9321f,0.2833f,-0.2257f,3.2545f,-0.3561f,-0.6036f,0.7133f,1.0406f,0f,0f,0f,1f],start_interpolation: 0,interpolation_duration: 1}
$data merge entity $(bone_leftthumb) {transformation: [0.0658f,0.7452f,0.6635f,-0.1172f,-0.9321f,0.2833f,-0.2257f,3.3047f,-0.3561f,-0.6036f,0.7133f,0.9535f,0f,0f,0f,1f],start_interpolation: 0,interpolation_duration: 1}
$data merge entity $(bone_leftpointerfinger) {transformation: [0.0658f,0.7452f,0.6635f,-0.3378f,-0.9321f,0.2833f,-0.2257f,3.3031f,-0.3561f,-0.6036f,0.7133f,1.224f,0f,0f,0f,1f],start_interpolation: 0,interpolation_duration: 1}
$data merge entity $(bone_leftmidfinger) {transformation: [0.0658f,0.7452f,0.6635f,-0.2341f,-0.9321f,0.2833f,-0.2257f,3.2679f,-0.3561f,-0.6036f,0.7133f,1.3354f,0f,0f,0f,1f],start_interpolation: 0,interpolation_duration: 1}
$data merge entity $(bone_leftringfinger) {transformation: [0.0658f,0.7452f,0.6635f,-0.1304f,-0.9321f,0.2833f,-0.2257f,3.2326f,-0.3561f,-0.6036f,0.7133f,1.4469f,0f,0f,0f,1f],start_interpolation: 0,interpolation_duration: 1}
$data merge entity $(bone_invisibility) {transformation: [0.8002f,-0.5961f,-0.0658f,-0.2647f,0.2625f,0.2495f,0.9321f,3.1664f,-0.5392f,-0.7632f,0.3561f,1.0689f,0f,0f,0f,1f],start_interpolation: 0,interpolation_duration: 1}
$data merge entity $(bone_swiftness) {transformation: [0.6635f,0.7452f,-0.0658f,-0.2378f,-0.2257f,0.2833f,0.9321f,3.0372f,0.7133f,-0.6036f,0.3561f,1.2658f,0f,0f,0f,1f],start_interpolation: 0,interpolation_duration: 1}
$data merge entity $(bone_suspicious_stew) {transformation: [0.9558f,-0.2864f,-0.0658f,-0.1752f,0.1614f,0.3242f,0.9321f,3.1108f,-0.2456f,-0.9016f,0.3561f,1.2309f,0f,0f,0f,1f],start_interpolation: 0,interpolation_duration: 1}
$data merge entity $(bone_log) {transformation: [0.0658f,0.7452f,0.6635f,-0.0448f,-0.9321f,0.2833f,-0.2257f,3.0482f,-0.3561f,-0.6036f,0.7133f,1.1555f,0f,0f,0f,1f],start_interpolation: 0,interpolation_duration: 1}
$data merge entity $(bone_planks) {transformation: [0.0658f,0.7452f,0.6635f,-0.0386f,-0.9321f,0.2833f,-0.2257f,2.9609f,-0.3561f,-0.6036f,0.7133f,1.1221f,0f,0f,0f,1f],start_interpolation: 0,interpolation_duration: 1}
$data merge entity $(bone_lefthand1) {transformation: [0.0658f,0.7452f,0.6635f,0.1043f,-0.9321f,0.2833f,-0.2257f,3.3591f,-0.3561f,-0.6036f,0.7133f,1.0714f,0f,0f,0f,1f],start_interpolation: 0,interpolation_duration: 1}
$data merge entity $(bone_leftforearm) {transformation: [-0.1924f,0.963f,0.1885f,0.7527f,-0.7401f,-0.0162f,-0.6723f,3.2931f,-0.6444f,-0.2689f,0.7158f,0.8336f,0f,0f,0f,1f],start_interpolation: 0,interpolation_duration: 1}
$data merge entity $(bone_leftelbow) {transformation: [-0.1924f,0.963f,0.1885f,0.9333f,-0.7401f,-0.0162f,-0.6723f,3.2901f,-0.6444f,-0.2689f,0.7158f,0.7831f,0f,0f,0f,1f],start_interpolation: 0,interpolation_duration: 1}
$data merge entity $(bone_leftarm) {transformation: [-0.2315f,0.0049f,0.9728f,0.7895f,-0.7983f,0.5706f,-0.1928f,3.3634f,-0.556f,-0.8212f,-0.1281f,0.3298f,0f,0f,0f,1f],start_interpolation: 0,interpolation_duration: 1}
$data merge entity $(bone_rightthumb2) {transformation: [-0.0422f,-0.7029f,-0.71f,0.6584f,0.7975f,0.4043f,-0.4477f,3.2764f,0.6018f,-0.5852f,0.5435f,0.9504f,0f,0f,0f,1f],start_interpolation: 0,interpolation_duration: 1}
$data merge entity $(bone_rightthumb) {transformation: [-0.0422f,-0.7029f,-0.71f,0.4254f,0.7975f,0.4043f,-0.4477f,3.3373f,0.6018f,-0.5852f,0.5435f,0.8533f,0f,0f,0f,1f],start_interpolation: 0,interpolation_duration: 1}
$data merge entity $(bone_rightpointerfinger) {transformation: [-0.0422f,-0.7029f,-0.71f,0.6181f,0.7975f,0.4043f,-0.4477f,3.2709f,0.6018f,-0.5852f,0.5435f,1.1366f,0f,0f,0f,1f],start_interpolation: 0,interpolation_duration: 1}
$data merge entity $(bone_rightmidfinger) {transformation: [-0.0422f,-0.7029f,-0.71f,0.5072f,0.7975f,0.4043f,-0.4477f,3.2009f,0.6018f,-0.5852f,0.5435f,1.2216f,0f,0f,0f,1f],start_interpolation: 0,interpolation_duration: 1}
$data merge entity $(bone_rightringfinger) {transformation: [-0.0422f,-0.7029f,-0.71f,0.3963f,0.7975f,0.4043f,-0.4477f,3.131f,0.6018f,-0.5852f,0.5435f,1.3065f,0f,0f,0f,1f],start_interpolation: 0,interpolation_duration: 1}
$data merge entity $(bone_hugeasssword) {transformation: [-0.1654f,-2.7531f,-2.7809f,0.3867f,3.1237f,1.5836f,-1.7536f,3.0782f,2.357f,-2.2919f,2.1288f,0.9344f,0f,0f,0f,1f],start_interpolation: 0,interpolation_duration: 1}
$data merge entity $(bone_ice) {transformation: [-0.0422f,-0.7029f,-0.71f,0.3984f,0.7975f,0.4043f,-0.4477f,3.0594f,0.6018f,-0.5852f,0.5435f,0.9341f,0f,0f,0f,1f],start_interpolation: 0,interpolation_duration: 1}
$data merge entity $(bone_righthand1) {transformation: [-0.0422f,-0.7029f,-0.71f,0.1899f,0.7975f,0.4043f,-0.4477f,3.3459f,0.6018f,-0.5852f,0.5435f,0.9552f,0f,0f,0f,1f],start_interpolation: 0,interpolation_duration: 1}
$data merge entity $(bone_rightforearm) {transformation: [-0.1481f,-0.8631f,-0.4828f,-0.3888f,0.8662f,0.1223f,-0.4845f,3.3938f,0.4772f,-0.4899f,0.7295f,0.5717f,0f,0f,0f,1f],start_interpolation: 0,interpolation_duration: 1}
$data merge entity $(bone_rightelbow) {transformation: [-0.1481f,-0.8631f,-0.4828f,-0.5507f,0.8662f,0.1223f,-0.4845f,3.4167f,0.4772f,-0.4899f,0.7295f,0.4798f,0f,0f,0f,1f],start_interpolation: 0,interpolation_duration: 1}
$data merge entity $(bone_rightarm) {transformation: [-0.1826f,-0.0119f,-0.9831f,-0.4706f,0.9043f,0.3904f,-0.1727f,3.3829f,0.3858f,-0.9206f,-0.0606f,0.0211f,0f,0f,0f,1f],start_interpolation: 0,interpolation_duration: 1}
$data merge entity $(bone_chest1) {transformation: [-1.053f,-0.1025f,0.2329f,0.2268f,-0.0262f,1.03f,0.3346f,3.2839f,-0.2531f,0.3196f,-1.0037f,-0.0571f,0f,0f,0f,1f],start_interpolation: 0,interpolation_duration: 1}
$data merge entity $(bone_chest1lid) {transformation: [-0.972f,-0.0946f,0.215f,-0.1246f,-0.0242f,0.9508f,0.3089f,2.505f,-0.2336f,0.295f,-0.9265f,0.024f,0f,0f,0f,1f],start_interpolation: 0,interpolation_duration: 1}
$data merge entity $(bone_chest2) {transformation: [-0.972f,-0.0946f,0.215f,-0.1098f,-0.0242f,0.9508f,0.3089f,2.3564f,-0.2336f,0.295f,-0.9265f,-0.0221f,0f,0f,0f,1f],start_interpolation: 0,interpolation_duration: 1}
$data merge entity $(bone_chest1lid3) {transformation: [-0.972f,-0.0946f,0.215f,0.0739f,-0.0242f,0.9508f,0.3089f,2.7044f,-0.2336f,0.295f,-0.9265f,-0.5549f,0f,0f,0f,1f],start_interpolation: 0,interpolation_duration: 1}
$data merge entity $(bone_chest3) {transformation: [-0.972f,-0.0946f,0.215f,0.0887f,-0.0242f,0.9508f,0.3089f,2.5558f,-0.2336f,0.295f,-0.9265f,-0.601f,0f,0f,0f,1f],start_interpolation: 0,interpolation_duration: 1}
$data merge entity $(bone_hugeasssword2) {transformation: [-0.842f,2.5566f,-2.8452f,-1.0236f,-1.2098f,2.5858f,2.6815f,4.4391f,3.6287f,1.4553f,0.2338f,-0.2481f,0f,0f,0f,1f],start_interpolation: 0,interpolation_duration: 1}
$data merge entity $(bone_belt) {transformation: [-0.972f,-0.0946f,0.215f,0.2675f,-0.0242f,0.9508f,0.3089f,2.8655f,-0.2336f,0.295f,-0.9265f,-0.0459f,0f,0f,0f,1f],start_interpolation: 0,interpolation_duration: 1}
$data merge entity $(bone_torn_part) {transformation: [-0.9705f,-0.1419f,0.1948f,0.1737f,-0.0536f,0.9151f,0.3996f,2.5797f,-0.235f,0.3773f,-0.8958f,-0.1388f,0f,0f,0f,1f],start_interpolation: 0,interpolation_duration: 1}
$data merge entity $(bone_lowerbody) {transformation: [-0.9705f,-0.0767f,0.2284f,0.2738f,-0.0536f,0.9929f,0.1059f,2.0852f,-0.235f,0.0905f,-0.9678f,-0.024f,0f,0f,0f,1f],start_interpolation: 0,interpolation_duration: 1}
$data merge entity $(bone_leftfoot) {transformation: [-0.9358f,-0.2152f,-0.2792f,1.0495f,-0.2979f,0.9064f,0.2997f,0.1964f,0.1886f,0.3636f,-0.9123f,-0.3601f,0f,0f,0f,1f],start_interpolation: 0,interpolation_duration: 1}
$data merge entity $(bone_leftlowerleg) {transformation: [-0.9358f,-0.2152f,-0.2792f,0.8536f,-0.2979f,0.9064f,0.2997f,1.1558f,0.1886f,0.3636f,-0.9123f,0.1834f,0f,0f,0f,1f],start_interpolation: 0,interpolation_duration: 1}
$data merge entity $(bone_leftleg) {transformation: [-0.9584f,-0.2748f,0.0777f,0.5398f,-0.2853f,0.9097f,-0.3018f,2.1036f,0.0122f,-0.3114f,-0.9502f,-0.1276f,0f,0f,0f,1f],start_interpolation: 0,interpolation_duration: 1}
$data merge entity $(bone_rightfoot) {transformation: [-0.7964f,-0.0281f,0.6041f,-0.2593f,0.2397f,0.9024f,0.358f,0.7007f,-0.5552f,0.4299f,-0.712f,0.0689f,0f,0f,0f,1f],start_interpolation: 0,interpolation_duration: 1}
$data merge entity $(bone_rightlowerleg) {transformation: [-0.7964f,-0.0281f,0.6041f,-0.3833f,0.2397f,0.9024f,0.358f,1.6468f,-0.5552f,0.4299f,-0.712f,0.6552f,0f,0f,0f,1f],start_interpolation: 0,interpolation_duration: 1}
$data merge entity $(bone_rightleg) {transformation: [-0.913f,0.3968f,0.0944f,0.0532f,0.0737f,0.3881f,-0.9187f,2.0412f,-0.4012f,-0.8318f,-0.3836f,-0.2077f,0f,0f,0f,1f],start_interpolation: 0,interpolation_duration: 1}
data modify entity @s data merge value {"cameras":{},"locators":{"lefthand":{"posx":-0.11953750642204289,"posy":3.1170213735849392,"posz":1.224930410340537,"roty":137.06906316105568,"rotx":-13.042037747471296},"sword":{"posx":3.034629398306405,"posy":4.785857382013641,"posz":-1.0131072947512259,"roty":232.56469762131422,"rotx":-26.59814556106683},"righthand":{"posx":0.41648245239467796,"posy":3.134852463660689,"posz":0.9911745165685917,"roty":232.56469762131422,"rotx":-26.59814556106683},"chest":{"posx":-0.1826080192925938,"posy":2.39651156995294,"posz":0.1430075559308799,"roty":13.06420866188256,"rotx":17.992333137576594}}}