# This file was generated by Animated Java via MC-Build. It is not recommended to edit this file directly.
$data merge entity $(bone_nose) {transformation: [-0.9868f,0.0803f,0.1408f,0.179f,0.1272f,0.922f,0.3657f,3.9172f,-0.1004f,0.3788f,-0.92f,0.4462f,0f,0f,0f,1f],start_interpolation: 0,interpolation_duration: 1}
$data merge entity $(bone_glowing_eye) {transformation: [-0.9868f,0.0803f,0.1408f,0.0562f,0.1272f,0.922f,0.3657f,3.9827f,-0.1004f,0.3788f,-0.92f,0.4914f,0f,0f,0f,1f],start_interpolation: 0,interpolation_duration: 1}
$data merge entity $(bone_head) {transformation: [-0.9868f,0.0803f,0.1408f,0.1954f,0.1272f,0.922f,0.3657f,3.8718f,-0.1004f,0.3788f,-0.92f,0.2271f,0f,0f,0f,1f],start_interpolation: 0,interpolation_duration: 1}
$data merge entity $(bone_leftthumb2) {transformation: [0.2376f,0.6879f,0.6858f,-0.419f,-0.9046f,0.4139f,-0.1017f,3.1602f,-0.3538f,-0.5962f,0.7207f,0.9291f,0f,0f,0f,1f],start_interpolation: 0,interpolation_duration: 1}
$data merge entity $(bone_leftthumb) {transformation: [0.2376f,0.6879f,0.6858f,-0.1917f,-0.9046f,0.4139f,-0.1017f,3.253f,-0.3538f,-0.5962f,0.7207f,0.8444f,0f,0f,0f,1f],start_interpolation: 0,interpolation_duration: 1}
$data merge entity $(bone_leftpointerfinger) {transformation: [0.2376f,0.6879f,0.6858f,-0.4112f,-0.9046f,0.4139f,-0.1017f,3.2114f,-0.3538f,-0.5962f,0.7207f,1.1125f,0f,0f,0f,1f],start_interpolation: 0,interpolation_duration: 1}
$data merge entity $(bone_leftmidfinger) {transformation: [0.2376f,0.6879f,0.6858f,-0.3041f,-0.9046f,0.4139f,-0.1017f,3.1955f,-0.3538f,-0.5962f,0.7207f,1.2251f,0f,0f,0f,1f],start_interpolation: 0,interpolation_duration: 1}
$data merge entity $(bone_leftringfinger) {transformation: [0.2376f,0.6879f,0.6858f,-0.1969f,-0.9046f,0.4139f,-0.1017f,3.1797f,-0.3538f,-0.5962f,0.7207f,1.3378f,0f,0f,0f,1f],start_interpolation: 0,interpolation_duration: 1}
$data merge entity $(bone_invisibility) {transformation: [0.7451f,-0.6232f,-0.2376f,-0.3129f,0.4034f,0.1374f,0.9046f,3.0903f,-0.5312f,-0.7699f,0.3538f,0.9585f,0f,0f,0f,1f],start_interpolation: 0,interpolation_duration: 1}
$data merge entity $(bone_swiftness) {transformation: [0.6858f,0.6879f,-0.2376f,-0.265f,-0.1017f,0.4139f,0.9046f,2.968f,0.7207f,-0.5962f,0.3538f,1.1559f,0f,0f,0f,1f],start_interpolation: 0,interpolation_duration: 1}
$data merge entity $(bone_suspicious_stew) {transformation: [0.9133f,-0.3308f,-0.2376f,-0.2165f,0.3321f,0.2671f,0.9046f,3.0518f,-0.2358f,-0.9051f,0.3538f,1.1216f,0f,0f,0f,1f],start_interpolation: 0,interpolation_duration: 1}
$data merge entity $(bone_log) {transformation: [0.2376f,0.6879f,0.6858f,-0.0761f,-0.9046f,0.4139f,-0.1017f,3.0139f,-0.3538f,-0.5962f,0.7207f,1.0476f,0f,0f,0f,1f],start_interpolation: 0,interpolation_duration: 1}
$data merge entity $(bone_planks) {transformation: [0.2376f,0.6879f,0.6858f,-0.0538f,-0.9046f,0.4139f,-0.1017f,2.9291f,-0.3538f,-0.5962f,0.7207f,1.0145f,0f,0f,0f,1f],start_interpolation: 0,interpolation_duration: 1}
$data merge entity $(bone_lefthand1) {transformation: [0.2376f,0.6879f,0.6858f,0.015f,-0.9046f,0.4139f,-0.1017f,3.3467f,-0.3538f,-0.5962f,0.7207f,0.9645f,0f,0f,0f,1f],start_interpolation: 0,interpolation_duration: 1}
$data merge entity $(bone_leftforearm) {transformation: [-0.0739f,0.9907f,0.1145f,0.6881f,-0.7874f,0.0125f,-0.6163f,3.2983f,-0.612f,-0.1357f,0.7791f,0.822f,0f,0f,0f,1f],start_interpolation: 0,interpolation_duration: 1}
$data merge entity $(bone_leftelbow) {transformation: [-0.0739f,0.9907f,0.1145f,0.8739f,-0.7874f,0.0125f,-0.6163f,3.3007f,-0.612f,-0.1357f,0.7791f,0.7966f,0f,0f,0f,1f],start_interpolation: 0,interpolation_duration: 1}
$data merge entity $(bone_leftarm) {transformation: [-0.1221f,0.0916f,0.9883f,0.7889f,-0.8417f,0.5181f,-0.152f,3.3387f,-0.5259f,-0.8504f,0.0138f,0.3242f,0f,0f,0f,1f],start_interpolation: 0,interpolation_duration: 1}
$data merge entity $(bone_rightthumb2) {transformation: [0.1548f,-0.6798f,-0.7168f,0.7055f,0.7951f,0.5164f,-0.318f,3.1986f,0.5864f,-0.5207f,0.6205f,0.8525f,0f,0f,0f,1f],start_interpolation: 0,interpolation_duration: 1}
$data merge entity $(bone_rightthumb) {transformation: [0.1548f,-0.6798f,-0.7168f,0.4776f,0.7951f,0.5164f,-0.318f,3.2981f,0.5864f,-0.5207f,0.6205f,0.7778f,0f,0f,0f,1f],start_interpolation: 0,interpolation_duration: 1}
$data merge entity $(bone_rightpointerfinger) {transformation: [0.1548f,-0.6798f,-0.7168f,0.684f,0.7951f,0.5164f,-0.318f,3.2007f,0.5864f,-0.5207f,0.6205f,1.0419f,0f,0f,0f,1f],start_interpolation: 0,interpolation_duration: 1}
$data merge entity $(bone_rightmidfinger) {transformation: [0.1548f,-0.6798f,-0.7168f,0.572f,0.7951f,0.5164f,-0.318f,3.151f,0.5864f,-0.5207f,0.6205f,1.1388f,0f,0f,0f,1f],start_interpolation: 0,interpolation_duration: 1}
$data merge entity $(bone_rightringfinger) {transformation: [0.1548f,-0.6798f,-0.7168f,0.46f,0.7951f,0.5164f,-0.318f,3.1013f,0.5864f,-0.5207f,0.6205f,1.2358f,0f,0f,0f,1f],start_interpolation: 0,interpolation_duration: 1}
$data merge entity $(bone_hugeasssword) {transformation: [0.6064f,-2.6627f,-2.8076f,0.4039f,3.1142f,2.0226f,-1.2456f,3.0497f,2.2966f,-2.0395f,2.4303f,0.8676f,0f,0f,0f,1f],start_interpolation: 0,interpolation_duration: 1}
$data merge entity $(bone_ice) {transformation: [0.1548f,-0.6798f,-0.7168f,0.4121f,0.7951f,0.5164f,-0.318f,3.0292f,0.5864f,-0.5207f,0.6205f,0.8666f,0f,0f,0f,1f],start_interpolation: 0,interpolation_duration: 1}
$data merge entity $(bone_righthand1) {transformation: [0.1548f,-0.6798f,-0.7168f,0.2585f,0.7951f,0.5164f,-0.318f,3.3471f,0.5864f,-0.5207f,0.6205f,0.9024f,0f,0f,0f,1f],start_interpolation: 0,interpolation_duration: 1}
$data merge entity $(bone_rightforearm) {transformation: [0.0195f,-0.8726f,-0.4881f,-0.3361f,0.9166f,0.2106f,-0.3398f,3.4518f,0.3993f,-0.4408f,0.8039f,0.5579f,0f,0f,0f,1f],start_interpolation: 0,interpolation_duration: 1}
$data merge entity $(bone_rightelbow) {transformation: [0.0195f,-0.8726f,-0.4881f,-0.4997f,0.9166f,0.2106f,-0.3398f,3.4913f,0.3993f,-0.4408f,0.8039f,0.4752f,0f,0f,0f,1f],start_interpolation: 0,interpolation_duration: 1}
$data merge entity $(bone_rightarm) {transformation: [-0.0165f,-0.0358f,-0.9992f,-0.4658f,0.9515f,0.3066f,-0.0267f,3.4066f,0.3073f,-0.9512f,0.029f,0.0166f,0f,0f,0f,1f],start_interpolation: 0,interpolation_duration: 1}
$data merge entity $(bone_chest1) {transformation: [-1.0528f,-0.0698f,0.2456f,0.2296f,0.0117f,1.0277f,0.3425f,3.2807f,-0.2551f,0.3355f,-0.998f,-0.0642f,0f,0f,0f,1f],start_interpolation: 0,interpolation_duration: 1}
$data merge entity $(bone_chest1lid) {transformation: [-0.9718f,-0.0645f,0.2267f,-0.1468f,0.0108f,0.9486f,0.3162f,2.5124f,-0.2355f,0.3097f,-0.9212f,0.0042f,0f,0f,0f,1f],start_interpolation: 0,interpolation_duration: 1}
$data merge entity $(bone_chest2) {transformation: [-0.9718f,-0.0645f,0.2267f,-0.1367f,0.0108f,0.9486f,0.3162f,2.3641f,-0.2355f,0.3097f,-0.9212f,-0.0442f,0f,0f,0f,1f],start_interpolation: 0,interpolation_duration: 1}
$data merge entity $(bone_chest1lid3) {transformation: [-0.9718f,-0.0645f,0.2267f,0.0592f,0.0108f,0.9486f,0.3162f,2.7142f,-0.2355f,0.3097f,-0.9212f,-0.5712f,0f,0f,0f,1f],start_interpolation: 0,interpolation_duration: 1}
$data merge entity $(bone_chest3) {transformation: [-0.9718f,-0.0645f,0.2267f,0.0692f,0.0108f,0.9486f,0.3162f,2.566f,-0.2355f,0.3097f,-0.9212f,-0.6196f,0f,0f,0f,1f],start_interpolation: 0,interpolation_duration: 1}
$data merge entity $(bone_hugeasssword2) {transformation: [-0.8881f,2.6357f,-2.7577f,-0.9824f,-1.2383f,2.4789f,2.768f,4.4786f,3.6081f,1.4995f,0.2712f,-0.239f,0f,0f,0f,1f],start_interpolation: 0,interpolation_duration: 1}
$data merge entity $(bone_belt) {transformation: [-0.9718f,-0.0645f,0.2267f,0.2568f,0.0108f,0.9486f,0.3162f,2.8611f,-0.2355f,0.3097f,-0.9212f,-0.0594f,0f,0f,0f,1f],start_interpolation: 0,interpolation_duration: 1}
$data merge entity $(bone_torn_part) {transformation: [-0.9736f,-0.12f,0.194f,0.155f,-0.0347f,0.9185f,0.3938f,2.5778f,-0.2255f,0.3767f,-0.8985f,-0.1537f,0f,0f,0f,1f],start_interpolation: 0,interpolation_duration: 1}
$data merge entity $(bone_lowerbody) {transformation: [-0.9736f,-0.0561f,0.2211f,0.2464f,-0.0347f,0.9944f,0.0994f,2.0817f,-0.2255f,0.0891f,-0.9702f,-0.0388f,0f,0f,0f,1f],start_interpolation: 0,interpolation_duration: 1}
$data merge entity $(bone_leftfoot) {transformation: [-0.9279f,-0.1737f,-0.33f,0.9838f,-0.28f,0.9089f,0.3089f,0.2083f,0.2463f,0.379f,-0.892f,-0.3388f,0f,0f,0f,1f],start_interpolation: 0,interpolation_duration: 1}
$data merge entity $(bone_leftlowerleg) {transformation: [-0.9279f,-0.1737f,-0.33f,0.8418f,-0.28f,0.9089f,0.3089f,1.1692f,0.2463f,0.379f,-0.892f,0.2187f,0f,0f,0f,1f],start_interpolation: 0,interpolation_duration: 1}
$data merge entity $(bone_leftleg) {transformation: [-0.9557f,-0.2932f,0.0257f,0.5094f,-0.2817f,0.8859f,-0.3685f,2.0913f,0.0853f,-0.3594f,-0.9293f,-0.142f,0f,0f,0f,1f],start_interpolation: 0,interpolation_duration: 1}
$data merge entity $(bone_rightfoot) {transformation: [-0.7425f,-0.057f,0.6674f,-0.3132f,0.2548f,0.8974f,0.3601f,0.8531f,-0.6195f,0.4375f,-0.6518f,0.0843f,0f,0f,0f,1f],start_interpolation: 0,interpolation_duration: 1}
$data merge entity $(bone_rightlowerleg) {transformation: [-0.7425f,-0.057f,0.6674f,-0.4789f,0.2548f,0.8974f,0.3601f,1.7934f,-0.6195f,0.4375f,-0.6518f,0.6698f,0f,0f,0f,1f],start_interpolation: 0,interpolation_duration: 1}
$data merge entity $(bone_rightleg) {transformation: [-0.8858f,0.4618f,0.0446f,0.024f,0.0804f,0.2473f,-0.9656f,2.0359f,-0.457f,-0.8518f,-0.2562f,-0.2121f,0f,0f,0f,1f],start_interpolation: 0,interpolation_duration: 1}
data modify entity @s data merge value {"cameras":{},"locators":{"lefthand":{"posx":-0.16283767128714477,"posy":3.0680103189172487,"posz":1.1161257035493723,"roty":136.42078223108678,"rotx":-5.835464918245772},"sword":{"posx":3.0917696455351975,"posy":4.27329876935614,"posz":-1.3681153472001615,"roty":229.1195348305626,"rotx":-18.543118140968325},"righthand":{"posx":0.4484788091924613,"posy":3.1006065432856866,"posz":0.9199980126271948,"roty":229.1195348305626,"rotx":-18.543118140968325},"chest":{"posx":-0.20858946533063663,"posy":2.404022947746329,"posz":0.1214339582032514,"roty":13.827276356511675,"rotx":18.430700874580598}}}