# This file was generated by Animated Java via MC-Build. It is not recommended to edit this file directly.
$data merge entity $(bone_nose) {transformation: [-0.9977f,0.0673f,-0.0021f,-0.0634f,0.0649f,0.9692f,0.2377f,4.0295f,0.0181f,0.237f,-0.9713f,0.4562f,0f,0f,0f,1f],start_interpolation: 0,interpolation_duration: 1}
$data merge entity $(bone_glowing_eye) {transformation: [-0.9977f,0.0673f,-0.0021f,-0.1835f,0.0649f,0.9692f,0.2377f,4.0949f,0.0181f,0.237f,-0.9713f,0.5084f,0f,0f,0f,1f],start_interpolation: 0,interpolation_duration: 1}
$data merge entity $(bone_head) {transformation: [-0.9977f,0.0673f,-0.0021f,-0.0721f,0.0649f,0.9692f,0.2377f,3.9543f,0.0181f,0.237f,-0.9713f,0.245f,0f,0f,0f,1f],start_interpolation: 0,interpolation_duration: 1}
$data merge entity $(bone_leftthumb2) {transformation: [0.0778f,0.5776f,0.8126f,-0.6239f,-0.8929f,0.403f,-0.2009f,3.2048f,-0.4435f,-0.7099f,0.5471f,1.2804f,0f,0f,0f,1f],start_interpolation: 0,interpolation_duration: 1}
$data merge entity $(bone_leftthumb) {transformation: [0.0778f,0.5776f,0.8126f,-0.4128f,-0.8929f,0.403f,-0.2009f,3.2864f,-0.4435f,-0.7099f,0.5471f,1.153f,0f,0f,0f,1f],start_interpolation: 0,interpolation_duration: 1}
$data merge entity $(bone_leftpointerfinger) {transformation: [0.0778f,0.5776f,0.8126f,-0.5727f,-0.8929f,0.403f,-0.2009f,3.2425f,-0.4435f,-0.7099f,0.5471f,1.4601f,0f,0f,0f,1f],start_interpolation: 0,interpolation_duration: 1}
$data merge entity $(bone_leftmidfinger) {transformation: [0.0778f,0.5776f,0.8126f,-0.4457f,-0.8929f,0.403f,-0.2009f,3.2111f,-0.4435f,-0.7099f,0.5471f,1.5456f,0f,0f,0f,1f],start_interpolation: 0,interpolation_duration: 1}
$data merge entity $(bone_leftringfinger) {transformation: [0.0778f,0.5776f,0.8126f,-0.3188f,-0.8929f,0.403f,-0.2009f,3.1797f,-0.4435f,-0.7099f,0.5471f,1.6311f,0f,0f,0f,1f],start_interpolation: 0,interpolation_duration: 1}
$data merge entity $(bone_invisibility) {transformation: [0.6462f,-0.7592f,-0.0778f,-0.5203f,0.3839f,0.2353f,0.8929f,3.1254f,-0.6596f,-0.6069f,0.4435f,1.2822f,0f,0f,0f,1f],start_interpolation: 0,interpolation_duration: 1}
$data merge entity $(bone_swiftness) {transformation: [0.8126f,0.5776f,-0.0778f,-0.4421f,-0.2009f,0.403f,0.8929f,2.9867f,0.5471f,-0.7099f,0.4435f,1.4578f,0f,0f,0f,1f],start_interpolation: 0,interpolation_duration: 1}
$data merge entity $(bone_suspicious_stew) {transformation: [0.8669f,-0.4924f,-0.0778f,-0.3951f,0.2803f,0.3524f,0.8929f,3.0688f,-0.4122f,-0.7958f,0.4435f,1.4181f,0f,0f,0f,1f],start_interpolation: 0,interpolation_duration: 1}
$data merge entity $(bone_log) {transformation: [0.0778f,0.5776f,0.8126f,-0.2775f,-0.8929f,0.403f,-0.2009f,3.0261f,-0.4435f,-0.7099f,0.5471f,1.3134f,0f,0f,0f,1f],start_interpolation: 0,interpolation_duration: 1}
$data merge entity $(bone_planks) {transformation: [0.0778f,0.5776f,0.8126f,-0.2702f,-0.8929f,0.403f,-0.2009f,2.9424f,-0.4435f,-0.7099f,0.5471f,1.2718f,0f,0f,0f,1f],start_interpolation: 0,interpolation_duration: 1}
$data merge entity $(bone_lefthand1) {transformation: [0.0778f,0.5776f,0.8126f,-0.1779f,-0.8929f,0.403f,-0.2009f,3.3563f,-0.4435f,-0.7099f,0.5471f,1.2297f,0f,0f,0f,1f],start_interpolation: 0,interpolation_duration: 1}
$data merge entity $(bone_leftforearm) {transformation: [-0.4754f,0.8367f,0.272f,0.3604f,-0.6104f,-0.091f,-0.7869f,3.2462f,-0.6336f,-0.5401f,0.5539f,0.8025f,0f,0f,0f,1f],start_interpolation: 0,interpolation_duration: 1}
$data merge entity $(bone_leftelbow) {transformation: [-0.4754f,0.8367f,0.272f,0.5172f,-0.6104f,-0.091f,-0.7869f,3.2291f,-0.6336f,-0.5401f,0.5539f,0.7013f,0f,0f,0f,1f],start_interpolation: 0,interpolation_duration: 1}
$data merge entity $(bone_leftarm) {transformation: [-0.522f,0.2748f,0.8075f,0.4703f,-0.6619f,0.4666f,-0.5866f,3.317f,-0.538f,-0.8407f,-0.0617f,0.2195f,0f,0f,0f,1f],start_interpolation: 0,interpolation_duration: 1}
$data merge entity $(bone_rightthumb2) {transformation: [-0.649f,-0.5884f,-0.4823f,0.1548f,0.3813f,0.297f,-0.8754f,3.6515f,0.6583f,-0.7521f,0.0317f,1.4863f,0f,0f,0f,1f],start_interpolation: 0,interpolation_duration: 1}
$data merge entity $(bone_rightthumb) {transformation: [-0.649f,-0.5884f,-0.4823f,-0.0307f,0.3813f,0.297f,-0.8754f,3.6495f,0.6583f,-0.7521f,0.0317f,1.3046f,0f,0f,0f,1f],start_interpolation: 0,interpolation_duration: 1}
$data merge entity $(bone_rightpointerfinger) {transformation: [-0.649f,-0.5884f,-0.4823f,0.0688f,0.3813f,0.297f,-0.8754f,3.5528f,0.6583f,-0.7521f,0.0317f,1.6249f,0f,0f,0f,1f],start_interpolation: 0,interpolation_duration: 1}
$data merge entity $(bone_rightmidfinger) {transformation: [-0.649f,-0.5884f,-0.4823f,-0.0066f,0.3813f,0.297f,-0.8754f,3.416f,0.6583f,-0.7521f,0.0317f,1.6298f,0f,0f,0f,1f],start_interpolation: 0,interpolation_duration: 1}
$data merge entity $(bone_rightringfinger) {transformation: [-0.649f,-0.5884f,-0.4823f,-0.0819f,0.3813f,0.297f,-0.8754f,3.2792f,0.6583f,-0.7521f,0.0317f,1.6347f,0f,0f,0f,1f],start_interpolation: 0,interpolation_duration: 1}
$data merge entity $(bone_hugeasssword) {transformation: [-2.5419f,-2.3046f,-1.8889f,0.0538f,1.4936f,1.1631f,-3.4288f,3.3887f,2.5784f,-2.9456f,0.124f,1.3017f,0f,0f,0f,1f],start_interpolation: 0,interpolation_duration: 1}
$data merge entity $(bone_ice) {transformation: [-0.649f,-0.5884f,-0.4823f,0.0732f,0.3813f,0.297f,-0.8754f,3.3781f,0.6583f,-0.7521f,0.0317f,1.3031f,0f,0f,0f,1f],start_interpolation: 0,interpolation_duration: 1}
$data merge entity $(bone_righthand1) {transformation: [-0.649f,-0.5884f,-0.4823f,-0.2513f,0.3813f,0.297f,-0.8754f,3.5203f,0.6583f,-0.7521f,0.0317f,1.2807f,0f,0f,0f,1f],start_interpolation: 0,interpolation_duration: 1}
$data merge entity $(bone_rightforearm) {transformation: [-0.4174f,-0.8227f,-0.3859f,-0.7895f,0.6632f,0.0145f,-0.7483f,3.5108f,0.6213f,-0.5683f,0.5395f,0.8397f,0f,0f,0f,1f],start_interpolation: 0,interpolation_duration: 1}
$data merge entity $(bone_rightelbow) {transformation: [-0.4174f,-0.8227f,-0.3859f,-0.9437f,0.6632f,0.0145f,-0.7483f,3.5136f,0.6213f,-0.5683f,0.5395f,0.7332f,0f,0f,0f,1f],start_interpolation: 0,interpolation_duration: 1}
$data merge entity $(bone_rightarm) {transformation: [-0.4503f,0.0074f,-0.8929f,-0.7968f,0.7133f,0.6044f,-0.3547f,3.6166f,0.5371f,-0.7966f,-0.2774f,0.3054f,0f,0f,0f,1f],start_interpolation: 0,interpolation_duration: 1}
$data merge entity $(bone_chest1) {transformation: [-1.0579f,0.2323f,-0.0223f,-0.1894f,0.224f,1.0398f,0.2054f,3.3405f,0.0655f,0.196f,-1.0635f,0.035f,0f,0f,0f,1f],start_interpolation: 0,interpolation_duration: 1}
$data merge entity $(bone_chest1lid) {transformation: [-0.9765f,0.2144f,-0.0206f,-0.6613f,0.2067f,0.9598f,0.1896f,2.6809f,0.0604f,0.1809f,-0.9816f,0.3161f,0f,0f,0f,1f],start_interpolation: 0,interpolation_duration: 1}
$data merge entity $(bone_chest2) {transformation: [-0.9765f,0.2144f,-0.0206f,-0.6948f,0.2067f,0.9598f,0.1896f,2.5309f,0.0604f,0.1809f,-0.9816f,0.2879f,0f,0f,0f,1f],start_interpolation: 0,interpolation_duration: 1}
$data merge entity $(bone_chest1lid3) {transformation: [-0.9765f,0.2144f,-0.0206f,-0.6135f,0.2067f,0.9598f,0.1896f,2.7895f,0.0604f,0.1809f,-0.9816f,-0.3165f,0f,0f,0f,1f],start_interpolation: 0,interpolation_duration: 1}
$data merge entity $(bone_chest3) {transformation: [-0.9765f,0.2144f,-0.0206f,-0.647f,0.2067f,0.9598f,0.1896f,2.6395f,0.0604f,0.1809f,-0.9816f,-0.3448f,0f,0f,0f,1f],start_interpolation: 0,interpolation_duration: 1}
$data merge entity $(bone_hugeasssword2) {transformation: [0.0807f,3.3872f,-1.9648f,-1.1493f,-0.7426f,1.9428f,3.3188f,4.7592f,3.8448f,0.3042f,0.6822f,0.0593f,0f,0f,0f,1f],start_interpolation: 0,interpolation_duration: 1}
$data merge entity $(bone_belt) {transformation: [-0.9765f,0.2144f,-0.0206f,-0.2409f,0.2067f,0.9598f,0.1896f,2.9268f,0.0604f,0.1809f,-0.9816f,0.0895f,0f,0f,0f,1f],start_interpolation: 0,interpolation_duration: 1}
$data merge entity $(bone_torn_part) {transformation: [-0.9788f,0.1964f,-0.0582f,-0.4196f,0.161f,0.9132f,0.3743f,2.6695f,0.1267f,0.357f,-0.9255f,0.0615f,0f,0f,0f,1f],start_interpolation: 0,interpolation_duration: 1}
$data merge entity $(bone_lowerbody) {transformation: [-0.9788f,0.1698f,-0.1146f,-0.3909f,0.161f,0.9835f,0.0823f,2.1619f,0.1267f,0.0622f,-0.99f,0.158f,0f,0f,0f,1f],start_interpolation: 0,interpolation_duration: 1}
$data merge entity $(bone_leftfoot) {transformation: [-0.8299f,0.25f,-0.4988f,-0.3314f,0.0195f,0.9064f,0.4219f,0.2244f,0.5576f,0.3404f,-0.7571f,-0.1515f,0f,0f,0f,1f],start_interpolation: 0,interpolation_duration: 1}
$data merge entity $(bone_leftlowerleg) {transformation: [-0.8299f,0.25f,-0.4988f,0.0226f,0.0195f,0.9064f,0.4219f,1.1652f,0.5576f,0.3404f,-0.7571f,0.3425f,0f,0f,0f,1f],start_interpolation: 0,interpolation_duration: 1}
$data merge entity $(bone_leftleg) {transformation: [-0.8904f,-0.1811f,-0.4175f,-0.187f,0.0097f,0.9097f,-0.4153f,2.1182f,0.455f,-0.3738f,-0.8082f,-0.0253f,0f,0f,0f,1f],start_interpolation: 0,interpolation_duration: 1}
$data merge entity $(bone_rightfoot) {transformation: [-0.9015f,0.2372f,0.3621f,-1.132f,0.2555f,0.9668f,0.0029f,0.2532f,-0.3494f,0.0951f,-0.9321f,0.2986f,0f,0f,0f,1f],start_interpolation: 0,interpolation_duration: 1}
$data merge entity $(bone_rightlowerleg) {transformation: [-0.9015f,0.2372f,0.3621f,-0.9245f,0.2555f,0.9668f,0.0029f,1.3253f,-0.3494f,0.0951f,-0.9321f,0.5474f,0f,0f,0f,1f],start_interpolation: 0,interpolation_duration: 1}
$data merge entity $(bone_rightleg) {transformation: [-0.9686f,0.2444f,0.0449f,-0.6448f,0.1834f,0.8252f,-0.5342f,2.1937f,-0.1676f,-0.5092f,-0.8442f,0.031f,0f,0f,0f,1f],start_interpolation: 0,interpolation_duration: 1}
data modify entity @s data merge value {"cameras":{},"locators":{"lefthand":{"posx":-0.34258749184720544,"posy":3.0814491747254866,"posz":1.4018958313123064,"roty":123.94929132818748,"rotx":-11.59030525192261},"sword":{"posx":1.8074536870798672,"posy":6.651081669325272,"posz":1.259369625849807,"roty":266.244303637931,"rotx":-61.0977585842877},"righthand":{"posx":0.029051098742643444,"posy":3.4228759445329797,"posz":1.3761098597614092,"roty":266.244303637931,"rotx":-61.0977585842877},"chest":{"posx":-0.702034104771805,"posy":2.597769815738065,"posz":0.4601093859847808,"roty":358.79791124825715,"rotx":10.92895368503412}}}