# This file was generated by Animated Java via MC-Build. It is not recommended to edit this file directly.
$data merge entity $(bone_nose) {transformation: [-0.9976f,0.0662f,0.0176f,-0.0989f,0.0685f,0.9719f,0.2251f,4.013f,-0.0022f,0.2258f,-0.9742f,0.4672f,0f,0f,0f,1f],start_interpolation: 0,interpolation_duration: 1}
$data merge entity $(bone_glowing_eye) {transformation: [-0.9976f,0.0662f,0.0176f,-0.2198f,0.0685f,0.9719f,0.2251f,4.0796f,-0.0022f,0.2258f,-0.9742f,0.5162f,0f,0f,0f,1f],start_interpolation: 0,interpolation_duration: 1}
$data merge entity $(bone_head) {transformation: [-0.9976f,0.0662f,0.0176f,-0.1038f,0.0685f,0.9719f,0.2251f,3.9352f,-0.0022f,0.2258f,-0.9742f,0.2569f,0f,0f,0f,1f],start_interpolation: 0,interpolation_duration: 1}
$data merge entity $(bone_leftthumb2) {transformation: [0.0551f,0.5812f,0.8119f,-0.674f,-0.9191f,0.3473f,-0.1862f,3.323f,-0.3902f,-0.7359f,0.5533f,1.2731f,0f,0f,0f,1f],start_interpolation: 0,interpolation_duration: 1}
$data merge entity $(bone_leftthumb) {transformation: [0.0551f,0.5812f,0.8119f,-0.4621f,-0.9191f,0.3473f,-0.1862f,3.3923f,-0.3902f,-0.7359f,0.5533f,1.14f,0f,0f,0f,1f],start_interpolation: 0,interpolation_duration: 1}
$data merge entity $(bone_leftpointerfinger) {transformation: [0.0551f,0.5812f,0.8119f,-0.6208f,-0.9191f,0.3473f,-0.1862f,3.3701f,-0.3902f,-0.7359f,0.5533f,1.45f,0f,0f,0f,1f],start_interpolation: 0,interpolation_duration: 1}
$data merge entity $(bone_leftmidfinger) {transformation: [0.0551f,0.5812f,0.8119f,-0.4939f,-0.9191f,0.3473f,-0.1862f,3.341f,-0.3902f,-0.7359f,0.5533f,1.5365f,0f,0f,0f,1f],start_interpolation: 0,interpolation_duration: 1}
$data merge entity $(bone_leftringfinger) {transformation: [0.0551f,0.5812f,0.8119f,-0.3671f,-0.9191f,0.3473f,-0.1862f,3.3119f,-0.3902f,-0.7359f,0.5533f,1.623f,0f,0f,0f,1f],start_interpolation: 0,interpolation_duration: 1}
$data merge entity $(bone_invisibility) {transformation: [0.6498f,-0.7581f,-0.0551f,-0.5722f,0.3298f,0.2158f,0.9191f,3.2416f,-0.6849f,-0.6153f,0.3902f,1.2791f,0f,0f,0f,1f],start_interpolation: 0,interpolation_duration: 1}
$data merge entity $(bone_swiftness) {transformation: [0.8119f,0.5812f,-0.0551f,-0.4958f,-0.1862f,0.3473f,0.9191f,3.1117f,0.5533f,-0.7359f,0.3902f,1.4622f,0f,0f,0f,1f],start_interpolation: 0,interpolation_duration: 1}
$data merge entity $(bone_suspicious_stew) {transformation: [0.8699f,-0.4902f,-0.0551f,-0.4472f,0.2361f,0.3156f,0.9191f,3.1904f,-0.4331f,-0.8125f,0.3902f,1.4173f,0f,0f,0f,1f],start_interpolation: 0,interpolation_duration: 1}
$data merge entity $(bone_log) {transformation: [0.0551f,0.5812f,0.8119f,-0.3314f,-0.9191f,0.3473f,-0.1862f,3.1389f,-0.3902f,-0.7359f,0.5533f,1.3147f,0f,0f,0f,1f],start_interpolation: 0,interpolation_duration: 1}
$data merge entity $(bone_planks) {transformation: [0.0551f,0.5812f,0.8119f,-0.3262f,-0.9191f,0.3473f,-0.1862f,3.0527f,-0.3902f,-0.7359f,0.5533f,1.2781f,0f,0f,0f,1f],start_interpolation: 0,interpolation_duration: 1}
$data merge entity $(bone_lefthand1) {transformation: [0.0551f,0.5812f,0.8119f,-0.2252f,-0.9191f,0.3473f,-0.1862f,3.4613f,-0.3902f,-0.7359f,0.5533f,1.211f,0f,0f,0f,1f],start_interpolation: 0,interpolation_duration: 1}
$data merge entity $(bone_leftforearm) {transformation: [-0.4684f,0.8523f,0.233f,0.3246f,-0.6786f,-0.1781f,-0.7125f,3.2885f,-0.5658f,-0.4918f,0.6618f,0.8231f,0f,0f,0f,1f],start_interpolation: 0,interpolation_duration: 1}
$data merge entity $(bone_leftelbow) {transformation: [-0.4684f,0.8523f,0.233f,0.4844f,-0.6786f,-0.1781f,-0.7125f,3.2551f,-0.5658f,-0.4918f,0.6618f,0.7309f,0f,0f,0f,1f],start_interpolation: 0,interpolation_duration: 1}
$data merge entity $(bone_leftarm) {transformation: [-0.5167f,0.2718f,0.8119f,0.4333f,-0.7182f,0.3787f,-0.5838f,3.2931f,-0.4661f,-0.8847f,-0.0004f,0.2448f,0f,0f,0f,1f],start_interpolation: 0,interpolation_duration: 1}
$data merge entity $(bone_rightthumb2) {transformation: [-0.6172f,-0.5283f,-0.5831f,0.0963f,0.548f,0.2431f,-0.8004f,3.7453f,0.5646f,-0.8135f,0.1395f,1.466f,0f,0f,0f,1f],start_interpolation: 0,interpolation_duration: 1}
$data merge entity $(bone_rightthumb) {transformation: [-0.6172f,-0.5283f,-0.5831f,-0.0831f,0.548f,0.2431f,-0.8004f,3.7365f,0.5646f,-0.8135f,0.1395f,1.2784f,0f,0f,0f,1f],start_interpolation: 0,interpolation_duration: 1}
$data merge entity $(bone_rightpointerfinger) {transformation: [-0.6172f,-0.5283f,-0.5831f,-0.0046f,0.548f,0.2431f,-0.8004f,3.6792f,0.5646f,-0.8135f,0.1395f,1.6136f,0f,0f,0f,1f],start_interpolation: 0,interpolation_duration: 1}
$data merge entity $(bone_rightmidfinger) {transformation: [-0.6172f,-0.5283f,-0.5831f,-0.0957f,0.548f,0.2431f,-0.8004f,3.5541f,0.5646f,-0.8135f,0.1395f,1.6354f,0f,0f,0f,1f],start_interpolation: 0,interpolation_duration: 1}
$data merge entity $(bone_rightringfinger) {transformation: [-0.6172f,-0.5283f,-0.5831f,-0.1868f,0.548f,0.2431f,-0.8004f,3.4291f,0.5646f,-0.8135f,0.1395f,1.6572f,0f,0f,0f,1f],start_interpolation: 0,interpolation_duration: 1}
$data merge entity $(bone_hugeasssword) {transformation: [-2.4173f,-2.0691f,-2.2837f,-0.0299f,2.1464f,0.9522f,-3.1347f,3.4704f,2.2113f,-3.1863f,0.5462f,1.318f,0f,0f,0f,1f],start_interpolation: 0,interpolation_duration: 1}
$data merge entity $(bone_ice) {transformation: [-0.6172f,-0.5283f,-0.5831f,-0.012f,0.548f,0.2431f,-0.8004f,3.4581f,0.5646f,-0.8135f,0.1395f,1.3219f,0f,0f,0f,1f],start_interpolation: 0,interpolation_duration: 1}
$data merge entity $(bone_righthand1) {transformation: [-0.6172f,-0.5283f,-0.5831f,-0.3166f,0.548f,0.2431f,-0.8004f,3.6309f,0.5646f,-0.8135f,0.1395f,1.264f,0f,0f,0f,1f],start_interpolation: 0,interpolation_duration: 1}
$data merge entity $(bone_rightforearm) {transformation: [-0.3878f,-0.823f,-0.415f,-0.8537f,0.7624f,-0.0334f,-0.6462f,3.5815f,0.518f,-0.567f,0.6404f,0.8256f,0f,0f,0f,1f],start_interpolation: 0,interpolation_duration: 1}
$data merge entity $(bone_rightelbow) {transformation: [-0.3878f,-0.823f,-0.415f,-1.008f,0.7624f,-0.0334f,-0.6462f,3.5753f,0.518f,-0.567f,0.6404f,0.7193f,0f,0f,0f,1f],start_interpolation: 0,interpolation_duration: 1}
$data merge entity $(bone_rightarm) {transformation: [-0.4147f,0.089f,-0.9056f,-0.8312f,0.8025f,0.5048f,-0.3179f,3.616f,0.4289f,-0.8586f,-0.2808f,0.295f,0f,0f,0f,1f],start_interpolation: 0,interpolation_duration: 1}
$data merge entity $(bone_chest1) {transformation: [-1.058f,0.2324f,0.0158f,-0.2191f,0.2307f,1.0354f,0.2198f,3.3234f,0.0321f,0.2181f,-1.0607f,0.0389f,0f,0f,0f,1f],start_interpolation: 0,interpolation_duration: 1}
$data merge entity $(bone_chest1lid) {transformation: [-0.9766f,0.2145f,0.0146f,-0.7048f,0.213f,0.9557f,0.2029f,2.6635f,0.0296f,0.2013f,-0.9791f,0.2946f,0f,0f,0f,1f],start_interpolation: 0,interpolation_duration: 1}
$data merge entity $(bone_chest2) {transformation: [-0.9766f,0.2145f,0.0146f,-0.7383f,0.213f,0.9557f,0.2029f,2.5142f,0.0296f,0.2013f,-0.9791f,0.2631f,0f,0f,0f,1f],start_interpolation: 0,interpolation_duration: 1}
$data merge entity $(bone_chest1lid3) {transformation: [-0.9766f,0.2145f,0.0146f,-0.6345f,0.213f,0.9557f,0.2029f,2.7802f,0.0296f,0.2013f,-0.9791f,-0.3345f,0f,0f,0f,1f],start_interpolation: 0,interpolation_duration: 1}
$data merge entity $(bone_chest3) {transformation: [-0.9766f,0.2145f,0.0146f,-0.668f,0.213f,0.9557f,0.2029f,2.6309f,0.0296f,0.2013f,-0.9791f,-0.3659f,0f,0f,0f,1f],start_interpolation: 0,interpolation_duration: 1}
$data merge entity $(bone_hugeasssword2) {transformation: [-0.057f,3.3878f,-1.9646f,-1.1695f,-0.7948f,1.9139f,3.3235f,4.7485f,3.8347f,0.4471f,0.6596f,0.0496f,0f,0f,0f,1f],start_interpolation: 0,interpolation_duration: 1}
$data merge entity $(bone_belt) {transformation: [-0.9766f,0.2145f,0.0146f,-0.2751f,0.213f,0.9557f,0.2029f,2.9093f,0.0296f,0.2013f,-0.9791f,0.086f,0f,0f,0f,1f],start_interpolation: 0,interpolation_duration: 1}
$data merge entity $(bone_torn_part) {transformation: [-0.98f,0.1976f,-0.0223f,-0.4554f,0.1746f,0.9088f,0.3791f,2.6544f,0.0952f,0.3676f,-0.9251f,0.0494f,0f,0f,0f,1f],start_interpolation: 0,interpolation_duration: 1}
$data merge entity $(bone_lowerbody) {transformation: [-0.98f,0.1817f,-0.0807f,-0.4371f,0.1746f,0.9807f,0.0883f,2.1461f,0.0952f,0.0724f,-0.9928f,0.1444f,0f,0f,0f,1f],start_interpolation: 0,interpolation_duration: 1}
$data merge entity $(bone_leftfoot) {transformation: [-0.8309f,0.2626f,-0.4905f,-0.3876f,0.0261f,0.899f,0.4371f,0.2186f,0.5557f,0.3504f,-0.7539f,-0.1595f,0f,0f,0f,1f],start_interpolation: 0,interpolation_duration: 1}
$data merge entity $(bone_leftlowerleg) {transformation: [-0.8309f,0.2626f,-0.4905f,-0.0209f,0.0261f,0.899f,0.4371f,1.1488f,0.5557f,0.3504f,-0.7539f,0.3451f,0f,0f,0f,1f],start_interpolation: 0,interpolation_duration: 1}
$data merge entity $(bone_leftleg) {transformation: [-0.89f,-0.1797f,-0.4191f,-0.2293f,0.0149f,0.907f,-0.4208f,2.0988f,0.4557f,-0.3808f,-0.8046f,-0.0302f,0f,0f,0f,1f],start_interpolation: 0,interpolation_duration: 1}
$data merge entity $(bone_rightfoot) {transformation: [-0.8907f,0.2032f,0.4065f,-1.1386f,0.2352f,0.9715f,0.0297f,0.328f,-0.3889f,0.1221f,-0.9131f,0.3854f,0f,0f,0f,1f],start_interpolation: 0,interpolation_duration: 1}
$data merge entity $(bone_rightlowerleg) {transformation: [-0.8907f,0.2032f,0.4065f,-0.9757f,0.2352f,0.9715f,0.0297f,1.4012f,-0.3889f,0.1221f,-0.9131f,0.6612f,0f,0f,0f,1f],start_interpolation: 0,interpolation_duration: 1}
$data merge entity $(bone_rightleg) {transformation: [-0.965f,0.2547f,0.063f,-0.6859f,0.1515f,0.7368f,-0.6589f,2.176f,-0.2143f,-0.6262f,-0.7496f,0.0188f,0f,0f,0f,1f],start_interpolation: 0,interpolation_duration: 1}
data modify entity @s data merge value {"cameras":{},"locators":{"lefthand":{"posx":-0.3946344733532612,"posy":3.200821797963139,"posz":1.400134324775233,"roty":124.275100598534,"rotx":-10.733014083704301},"sword":{"posx":2.0975747259102118,"posy":6.469467492353189,"posz":0.8711060233814608,"roty":256.5493465987246,"rotx":-53.16386973105364},"righthand":{"posx":-0.05254649095164643,"posy":3.5181640636553606,"posz":1.3853463121151703,"roty":256.5493465987246,"rotx":-53.16386973105364},"chest":{"posx":-0.7510269057364809,"posy":2.578716670206967,"posz":0.4359248332406067,"roty":0.8522734612328122,"rotx":11.708684892133775}}}