# This file was generated by Animated Java via MC-Build. It is not recommended to edit this file directly.
$data merge entity $(bone_nose) {transformation: [-0.9946f,0.043f,0.0943f,-0.2429f,0.0599f,0.9811f,0.184f,4.0318f,-0.0846f,0.1887f,-0.9784f,0.5125f,0f,0f,0f,1f],start_interpolation: 0,interpolation_duration: 1}
$data merge entity $(bone_glowing_eye) {transformation: [-0.9946f,0.043f,0.0943f,-0.3676f,0.0599f,0.9811f,0.184f,4.0993f,-0.0846f,0.1887f,-0.9784f,0.5488f,0f,0f,0f,1f],start_interpolation: 0,interpolation_duration: 1}
$data merge entity $(bone_head) {transformation: [-0.9946f,0.043f,0.0943f,-0.2305f,0.0599f,0.9811f,0.184f,3.9451f,-0.0846f,0.1887f,-0.9784f,0.306f,0f,0f,0f,1f],start_interpolation: 0,interpolation_duration: 1}
$data merge entity $(bone_leftthumb2) {transformation: [-0.3622f,0.8313f,0.4217f,-0.8572f,-0.9321f,-0.3206f,-0.1687f,3.9752f,-0.0051f,-0.4542f,0.8909f,0.8667f,0f,0f,0f,1f],start_interpolation: 0,interpolation_duration: 1}
$data merge entity $(bone_leftthumb) {transformation: [-0.3622f,0.8313f,0.4217f,-0.6173f,-0.9321f,-0.3206f,-0.1687f,3.8821f,-0.0051f,-0.4542f,0.8909f,0.8314f,0f,0f,0f,1f],start_interpolation: 0,interpolation_duration: 1}
$data merge entity $(bone_leftpointerfinger) {transformation: [-0.3622f,0.8313f,0.4217f,-0.8306f,-0.9321f,-0.3206f,-0.1687f,4.0814f,-0.0051f,-0.4542f,0.8909f,1.0228f,0f,0f,0f,1f],start_interpolation: 0,interpolation_duration: 1}
$data merge entity $(bone_leftmidfinger) {transformation: [-0.3622f,0.8313f,0.4217f,-0.7647f,-0.9321f,-0.3206f,-0.1687f,4.055f,-0.0051f,-0.4542f,0.8909f,1.162f,0f,0f,0f,1f],start_interpolation: 0,interpolation_duration: 1}
$data merge entity $(bone_leftringfinger) {transformation: [-0.3622f,0.8313f,0.4217f,-0.6989f,-0.9321f,-0.3206f,-0.1687f,4.0286f,-0.0051f,-0.4542f,0.8909f,1.3012f,0f,0f,0f,1f],start_interpolation: 0,interpolation_duration: 1}
$data merge entity $(bone_invisibility) {transformation: [0.8648f,-0.3476f,0.3622f,-0.8208f,-0.334f,0.1401f,0.9321f,3.8768f,-0.3748f,-0.9271f,0.0051f,0.9443f,0f,0f,0f,1f],start_interpolation: 0,interpolation_duration: 1}
$data merge entity $(bone_swiftness) {transformation: [0.4217f,0.8313f,0.3622f,-0.8732f,-0.1687f,-0.3206f,0.9321f,3.84f,0.8909f,-0.4542f,0.0051f,1.1726f,0f,0f,0f,1f],start_interpolation: 0,interpolation_duration: 1}
$data merge entity $(bone_suspicious_stew) {transformation: [0.9316f,-0.0309f,0.3622f,-0.7807f,-0.3618f,0.0174f,0.9321f,3.8602f,-0.0351f,-0.9994f,0.0051f,1.1326f,0f,0f,0f,1f],start_interpolation: 0,interpolation_duration: 1}
$data merge entity $(bone_log) {transformation: [-0.3622f,0.8313f,0.4217f,-0.691f,-0.9321f,-0.3206f,-0.1687f,3.7248f,-0.0051f,-0.4542f,0.8909f,1.1172f,0f,0f,0f,1f],start_interpolation: 0,interpolation_duration: 1}
$data merge entity $(bone_planks) {transformation: [-0.3622f,0.8313f,0.4217f,-0.7249f,-0.9321f,-0.3206f,-0.1687f,3.6375f,-0.0051f,-0.4542f,0.8909f,1.1167f,0f,0f,0f,1f],start_interpolation: 0,interpolation_duration: 1}
$data merge entity $(bone_lefthand1) {transformation: [-0.3622f,0.8313f,0.4217f,-0.4058f,-0.9321f,-0.3206f,-0.1687f,3.883f,-0.0051f,-0.4542f,0.8909f,0.977f,0f,0f,0f,1f],start_interpolation: 0,interpolation_duration: 1}
$data merge entity $(bone_leftforearm) {transformation: [-0.4366f,0.8992f,0.0291f,0.1865f,-0.8612f,-0.4083f,-0.3025f,3.5422f,-0.2601f,-0.1572f,0.9527f,0.8384f,0f,0f,0f,1f],start_interpolation: 0,interpolation_duration: 1}
$data merge entity $(bone_leftelbow) {transformation: [-0.4366f,0.8992f,0.0291f,0.3551f,-0.8612f,-0.4083f,-0.3025f,3.4657f,-0.2601f,-0.1572f,0.9527f,0.8089f,0f,0f,0f,1f],start_interpolation: 0,interpolation_duration: 1}
$data merge entity $(bone_leftarm) {transformation: [-0.4966f,0.307f,0.8119f,0.3084f,-0.8529f,0.0011f,-0.5221f,3.3138f,-0.1612f,-0.9517f,0.2613f,0.3519f,0f,0f,0f,1f],start_interpolation: 0,interpolation_duration: 1}
$data merge entity $(bone_rightthumb2) {transformation: [-0.3749f,-0.7301f,-0.5713f,0.0732f,0.9235f,-0.2404f,-0.2989f,4.1261f,0.0809f,-0.6397f,0.7644f,0.9259f,0f,0f,0f,1f],start_interpolation: 0,interpolation_duration: 1}
$data merge entity $(bone_rightthumb) {transformation: [-0.3749f,-0.7301f,-0.5713f,-0.1547f,0.9235f,-0.2404f,-0.2989f,4.0416f,0.0809f,-0.6397f,0.7644f,0.8344f,0f,0f,0f,1f],start_interpolation: 0,interpolation_duration: 1}
$data merge entity $(bone_rightpointerfinger) {transformation: [-0.3749f,-0.7301f,-0.5713f,0.0171f,0.9235f,-0.2404f,-0.2989f,4.2075f,0.0809f,-0.6397f,0.7644f,1.089f,0f,0f,0f,1f],start_interpolation: 0,interpolation_duration: 1}
$data merge entity $(bone_rightmidfinger) {transformation: [-0.3749f,-0.7301f,-0.5713f,-0.0722f,0.9235f,-0.2404f,-0.2989f,4.1608f,0.0809f,-0.6397f,0.7644f,1.2084f,0f,0f,0f,1f],start_interpolation: 0,interpolation_duration: 1}
$data merge entity $(bone_rightringfinger) {transformation: [-0.3749f,-0.7301f,-0.5713f,-0.1615f,0.9235f,-0.2404f,-0.2989f,4.1141f,0.0809f,-0.6397f,0.7644f,1.3278f,0f,0f,0f,1f],start_interpolation: 0,interpolation_duration: 1}
$data merge entity $(bone_hugeasssword) {transformation: [-1.4684f,-2.8596f,-2.2376f,-0.112f,3.6171f,-0.9415f,-1.1706f,3.8713f,0.3168f,-2.5053f,2.9939f,1.045f,0f,0f,0f,1f],start_interpolation: 0,interpolation_duration: 1}
$data merge entity $(bone_ice) {transformation: [-0.3749f,-0.7301f,-0.5713f,-0.0947f,0.9235f,-0.2404f,-0.2989f,3.8606f,0.0809f,-0.6397f,0.7644f,1.0538f,0f,0f,0f,1f],start_interpolation: 0,interpolation_duration: 1}
$data merge entity $(bone_righthand1) {transformation: [-0.3749f,-0.7301f,-0.5713f,-0.3888f,0.9235f,-0.2404f,-0.2989f,4.0221f,0.0809f,-0.6397f,0.7644f,0.938f,0f,0f,0f,1f],start_interpolation: 0,interpolation_duration: 1}
$data merge entity $(bone_rightforearm) {transformation: [-0.179f,-0.9217f,-0.344f,-1.0103f,0.9798f,-0.1354f,-0.1469f,3.8675f,0.0888f,-0.3634f,0.9274f,0.657f,0f,0f,0f,1f],start_interpolation: 0,interpolation_duration: 1}
$data merge entity $(bone_rightelbow) {transformation: [-0.179f,-0.9217f,-0.344f,-1.1832f,0.9798f,-0.1354f,-0.1469f,3.8421f,0.0888f,-0.3634f,0.9274f,0.5889f,0f,0f,0f,1f],start_interpolation: 0,interpolation_duration: 1}
$data merge entity $(bone_rightarm) {transformation: [-0.1998f,0.2863f,-0.9371f,-0.9554f,0.9798f,0.0568f,-0.1916f,3.6597f,-0.0017f,-0.9565f,-0.2919f,0.2467f,0f,0f,0f,1f],start_interpolation: 0,interpolation_duration: 1}
$data merge entity $(bone_chest1) {transformation: [-1.0565f,0.1748f,0.1636f,-0.3097f,0.2133f,1.0235f,0.2839f,3.3384f,-0.1087f,0.3091f,-1.0326f,0.054f,0f,0f,0f,1f],start_interpolation: 0,interpolation_duration: 1}
$data merge entity $(bone_chest1lid) {transformation: [-0.9753f,0.1614f,0.151f,-0.812f,0.1969f,0.9447f,0.2621f,2.6574f,-0.1004f,0.2854f,-0.9532f,0.1977f,0f,0f,0f,1f],start_interpolation: 0,interpolation_duration: 1}
$data merge entity $(bone_chest2) {transformation: [-0.9753f,0.1614f,0.151f,-0.8373f,0.1969f,0.9447f,0.2621f,2.5098f,-0.1004f,0.2854f,-0.9532f,0.1531f,0f,0f,0f,1f],start_interpolation: 0,interpolation_duration: 1}
$data merge entity $(bone_chest1lid3) {transformation: [-0.9753f,0.1614f,0.151f,-0.6544f,0.1969f,0.9447f,0.2621f,2.813f,-0.1004f,0.2854f,-0.9532f,-0.4066f,0f,0f,0f,1f],start_interpolation: 0,interpolation_duration: 1}
$data merge entity $(bone_chest3) {transformation: [-0.9753f,0.1614f,0.151f,-0.6796f,0.1969f,0.9447f,0.2621f,2.6654f,-0.1004f,0.2854f,-0.9532f,-0.4512f,0f,0f,0f,1f],start_interpolation: 0,interpolation_duration: 1}
$data merge entity $(bone_hugeasssword2) {transformation: [-0.5914f,3.2433f,-2.1146f,-1.284f,-1.0266f,1.9312f,3.2491f,4.7466f,3.7332f,1.0449f,0.5585f,0.009f,0f,0f,0f,1f],start_interpolation: 0,interpolation_duration: 1}
$data merge entity $(bone_belt) {transformation: [-0.9753f,0.1614f,0.151f,-0.3625f,0.1969f,0.9447f,0.2621f,2.9215f,-0.1004f,0.2854f,-0.9532f,0.0684f,0f,0f,0f,1f],start_interpolation: 0,interpolation_duration: 1}
$data merge entity $(bone_torn_part) {transformation: [-0.9808f,0.1601f,0.1115f,-0.5342f,0.1922f,0.8904f,0.4125f,2.6701f,-0.0332f,0.426f,-0.9041f,-0.0057f,0f,0f,0f,1f],start_interpolation: 0,interpolation_duration: 1}
$data merge entity $(bone_lowerbody) {transformation: [-0.9808f,0.1862f,0.0582f,-0.5376f,0.1922f,0.9733f,0.1257f,2.1584f,-0.0332f,0.1344f,-0.9904f,0.0711f,0f,0f,0f,1f],start_interpolation: 0,interpolation_duration: 1}
$data merge entity $(bone_leftfoot) {transformation: [-0.8633f,0.1936f,-0.4661f,-0.3453f,0.0007f,0.9239f,0.3825f,0.2113f,0.5047f,0.3299f,-0.7978f,-0.1616f,0f,0f,0f,1f],start_interpolation: 0,interpolation_duration: 1}
$data merge entity $(bone_leftlowerleg) {transformation: [-0.8633f,0.1936f,-0.4661f,-0.0589f,0.0007f,0.9239f,0.3825f,1.1775f,0.5047f,0.3299f,-0.7978f,0.327f,0f,0f,0f,1f],start_interpolation: 0,interpolation_duration: 1}
$data merge entity $(bone_leftleg) {transformation: [-0.8992f,-0.2219f,-0.3772f,-0.3129f,-0.027f,0.8884f,-0.4583f,2.1076f,0.4368f,-0.4019f,-0.8048f,-0.0701f,0f,0f,0f,1f],start_interpolation: 0,interpolation_duration: 1}
$data merge entity $(bone_rightfoot) {transformation: [-0.7683f,0.047f,0.6383f,-1.1695f,0.198f,0.9658f,0.1672f,0.9045f,-0.6087f,0.2548f,-0.7514f,0.4673f,0f,0f,0f,1f],start_interpolation: 0,interpolation_duration: 1}
$data merge entity $(bone_rightlowerleg) {transformation: [-0.7683f,0.047f,0.6383f,-1.2154f,0.198f,0.9658f,0.1672f,1.9503f,-0.6087f,0.2548f,-0.7514f,0.8655f,0f,0f,0f,1f],start_interpolation: 0,interpolation_duration: 1}
$data merge entity $(bone_rightleg) {transformation: [-0.9146f,0.4028f,0.035f,-0.7745f,0.0608f,0.2226f,-0.973f,2.172f,-0.3997f,-0.8878f,-0.2281f,-0.0527f,0f,0f,0f,1f],start_interpolation: 0,interpolation_duration: 1}
data modify entity @s data merge value {"cameras":{},"locators":{"lefthand":{"posx":-0.7285640583743649,"posy":3.8398995923993104,"posz":1.1391926990567163,"roty":154.67059430043528,"rotx":-9.712792252145263},"sword":{"posx":1.9971237872470653,"posy":5.0577004297088735,"posz":-1.7593078407495102,"roty":216.77375811915178,"rotx":-17.389712456496905},"righthand":{"posx":-0.10952501811693294,"posy":3.9556193249112113,"posz":1.059398298475792,"roty":216.77375811915178,"rotx":-17.389712456496905},"chest":{"posx":-0.87619989268264,"posy":2.5635411872111957,"posz":0.32569135910181146,"roty":9.002083304876919,"rotx":15.194890076299226}}}