# This file was generated by Animated Java via MC-Build. It is not recommended to edit this file directly.
$data merge entity $(bone_nose) {transformation: [-0.9984f,0.0358f,-0.0443f,-0.1407f,0.0272f,0.9828f,0.1827f,4.1394f,0.05f,0.1812f,-0.9822f,0.2095f,0f,0f,0f,1f],start_interpolation: 0,interpolation_duration: 1}
$data merge entity $(bone_glowing_eye) {transformation: [-0.9984f,0.0358f,-0.0443f,-0.2615f,0.0272f,0.9828f,0.1827f,4.203f,0.05f,0.1812f,-0.9822f,0.2623f,0f,0f,0f,1f],start_interpolation: 0,interpolation_duration: 1}
$data merge entity $(bone_head) {transformation: [-0.9984f,0.0358f,-0.0443f,-0.1534f,0.0272f,0.9828f,0.1827f,4.0523f,0.05f,0.1812f,-0.9822f,0.0032f,0f,0f,0f,1f],start_interpolation: 0,interpolation_duration: 1}
$data merge entity $(bone_leftthumb2) {transformation: [-0.9038f,-0.1168f,0.4117f,0.7109f,-0.3796f,0.6631f,-0.6451f,2.4972f,-0.1976f,-0.7393f,-0.6437f,1.4108f,0f,0f,0f,1f],start_interpolation: 0,interpolation_duration: 1}
$data merge entity $(bone_leftthumb) {transformation: [-0.9038f,-0.1168f,0.4117f,0.7174f,-0.3796f,0.6631f,-0.6451f,2.6047f,-0.1976f,-0.7393f,-0.6437f,1.1744f,0f,0f,0f,1f],start_interpolation: 0,interpolation_duration: 1}
$data merge entity $(bone_leftpointerfinger) {transformation: [-0.9038f,-0.1168f,0.4117f,0.8739f,-0.3796f,0.6631f,-0.6451f,2.3984f,-0.1976f,-0.7393f,-0.6437f,1.4085f,0f,0f,0f,1f],start_interpolation: 0,interpolation_duration: 1}
$data merge entity $(bone_leftmidfinger) {transformation: [-0.9038f,-0.1168f,0.4117f,0.9382f,-0.3796f,0.6631f,-0.6451f,2.2976f,-0.1976f,-0.7393f,-0.6437f,1.3079f,0f,0f,0f,1f],start_interpolation: 0,interpolation_duration: 1}
$data merge entity $(bone_leftringfinger) {transformation: [-0.9038f,-0.1168f,0.4117f,1.0025f,-0.3796f,0.6631f,-0.6451f,2.1968f,-0.1976f,-0.7393f,-0.6437f,1.2073f,0f,0f,0f,1f],start_interpolation: 0,interpolation_duration: 1}
$data merge entity $(bone_invisibility) {transformation: [-0.0805f,-0.4203f,0.9038f,0.6788f,0.6044f,0.7005f,0.3796f,2.4199f,-0.7926f,0.5768f,0.1976f,1.3107f,0f,0f,0f,1f],start_interpolation: 0,interpolation_duration: 1}
$data merge entity $(bone_swiftness) {transformation: [0.4117f,-0.1168f,0.9038f,0.7247f,-0.6451f,0.6631f,0.3796f,2.1894f,-0.6437f,-0.7393f,0.1976f,1.2798f,0f,0f,0f,1f],start_interpolation: 0,interpolation_duration: 1}
$data merge entity $(bone_suspicious_stew) {transformation: [0.0681f,-0.4225f,0.9038f,0.7614f,0.3283f,0.8649f,0.3796f,2.2679f,-0.9421f,0.2709f,0.1976f,1.2247f,0f,0f,0f,1f],start_interpolation: 0,interpolation_duration: 1}
$data merge entity $(bone_log) {transformation: [-0.9038f,-0.1168f,0.4117f,0.6814f,-0.3796f,0.6631f,-0.6451f,2.2849f,-0.1976f,-0.7393f,-0.6437f,1.0835f,0f,0f,0f,1f],start_interpolation: 0,interpolation_duration: 1}
$data merge entity $(bone_planks) {transformation: [-0.9038f,-0.1168f,0.4117f,0.5967f,-0.3796f,0.6631f,-0.6451f,2.2493f,-0.1976f,-0.7393f,-0.6437f,1.065f,0f,0f,0f,1f],start_interpolation: 0,interpolation_duration: 1}
$data merge entity $(bone_lefthand1) {transformation: [-0.9038f,-0.1168f,0.4117f,0.8653f,-0.3796f,0.6631f,-0.6451f,2.5658f,-0.1976f,-0.7393f,-0.6437f,0.9682f,0f,0f,0f,1f],start_interpolation: 0,interpolation_duration: 1}
$data merge entity $(bone_leftforearm) {transformation: [-0.6645f,-0.0023f,0.7473f,0.8211f,-0.4721f,0.7765f,-0.4174f,3.0965f,-0.5793f,-0.6302f,-0.517f,0.5017f,0f,0f,0f,1f],start_interpolation: 0,interpolation_duration: 1}
$data merge entity $(bone_leftelbow) {transformation: [-0.6645f,-0.0023f,0.7473f,0.8206f,-0.4721f,0.7765f,-0.4174f,3.2421f,-0.5793f,-0.6302f,-0.517f,0.3835f,0f,0f,0f,1f],start_interpolation: 0,interpolation_duration: 1}
$data merge entity $(bone_leftarm) {transformation: [-0.6252f,-0.2811f,0.7281f,0.5147f,-0.5649f,0.8067f,-0.1737f,3.5108f,-0.5385f,-0.5199f,-0.6631f,0.0433f,0f,0f,0f,1f],start_interpolation: 0,interpolation_duration: 1}
$data merge entity $(bone_rightthumb2) {transformation: [-0.4146f,0.2797f,-0.8659f,-0.9693f,0.3895f,0.9145f,0.1089f,2.1152f,0.8224f,-0.2922f,-0.4882f,1.1104f,0f,0f,0f,1f],start_interpolation: 0,interpolation_duration: 1}
$data merge entity $(bone_rightthumb) {transformation: [-0.4146f,0.2797f,-0.8659f,-0.9748f,0.3895f,0.9145f,0.1089f,2.3488f,0.8224f,-0.2922f,-0.4882f,0.9971f,0f,0f,0f,1f],start_interpolation: 0,interpolation_duration: 1}
$data merge entity $(bone_rightpointerfinger) {transformation: [-0.4146f,0.2797f,-0.8659f,-1.1525f,0.3895f,0.9145f,0.1089f,2.0964f,0.8224f,-0.2922f,-0.4882f,1.16f,0f,0f,0f,1f],start_interpolation: 0,interpolation_duration: 1}
$data merge entity $(bone_rightmidfinger) {transformation: [-0.4146f,0.2797f,-0.8659f,-1.2878f,0.3895f,0.9145f,0.1089f,2.1134f,0.8224f,-0.2922f,-0.4882f,1.0837f,0f,0f,0f,1f],start_interpolation: 0,interpolation_duration: 1}
$data merge entity $(bone_rightringfinger) {transformation: [-0.4146f,0.2797f,-0.8659f,-1.4231f,0.3895f,0.9145f,0.1089f,2.1305f,0.8224f,-0.2922f,-0.4882f,1.0074f,0f,0f,0f,1f],start_interpolation: 0,interpolation_duration: 1}
$data merge entity $(bone_hugeasssword) {transformation: [-1.624f,1.0955f,-3.3916f,-1.1073f,1.5257f,3.582f,0.4265f,2.194f,3.2211f,-1.1443f,-1.9119f,0.8136f,0f,0f,0f,1f],start_interpolation: 0,interpolation_duration: 1}
$data merge entity $(bone_ice) {transformation: [-0.4146f,0.2797f,-0.8659f,-1.1052f,0.3895f,0.9145f,0.1089f,2.1737f,0.8224f,-0.2922f,-0.4882f,0.8053f,0f,0f,0f,1f],start_interpolation: 0,interpolation_duration: 1}
$data merge entity $(bone_righthand1) {transformation: [-0.4146f,0.2797f,-0.8659f,-1.166f,0.3895f,0.9145f,0.1089f,2.5031f,0.8224f,-0.2922f,-0.4882f,0.9226f,0f,0f,0f,1f],start_interpolation: 0,interpolation_duration: 1}
$data merge entity $(bone_rightforearm) {transformation: [-0.344f,0.048f,-0.9377f,-1.0905f,0.4967f,0.8568f,-0.1383f,3.0708f,0.7968f,-0.5134f,-0.3186f,0.5264f,0f,0f,0f,1f],start_interpolation: 0,interpolation_duration: 1}
$data merge entity $(bone_rightelbow) {transformation: [-0.344f,0.048f,-0.9377f,-1.0814f,0.4967f,0.8568f,-0.1383f,3.2314f,0.7968f,-0.5134f,-0.3186f,0.4301f,0f,0f,0f,1f],start_interpolation: 0,interpolation_duration: 1}
$data merge entity $(bone_rightarm) {transformation: [-0.3056f,0.3622f,-0.8806f,-0.815f,0.5865f,0.8002f,0.1257f,3.477f,0.7501f,-0.478f,-0.4569f,0.0558f,0f,0f,0f,1f],start_interpolation: 0,interpolation_duration: 1}
$data merge entity $(bone_chest1) {transformation: [-1.083f,-0.0113f,-0.0249f,-0.1594f,-0.0126f,1.0816f,0.0608f,3.4104f,0.0242f,0.0611f,-1.0813f,-0.1401f,0f,0f,0f,1f],start_interpolation: 0,interpolation_duration: 1}
$data merge entity $(bone_chest1lid) {transformation: [-0.9997f,-0.0104f,-0.023f,-0.4846f,-0.0117f,0.9984f,0.0561f,2.7021f,0.0224f,0.0564f,-0.9982f,0.2196f,0f,0f,0f,1f],start_interpolation: 0,interpolation_duration: 1}
$data merge entity $(bone_chest2) {transformation: [-0.9997f,-0.0104f,-0.023f,-0.483f,-0.0117f,0.9984f,0.0561f,2.5461f,0.0224f,0.0564f,-0.9982f,0.2108f,0f,0f,0f,1f],start_interpolation: 0,interpolation_duration: 1}
$data merge entity $(bone_chest1lid3) {transformation: [-0.9997f,-0.0104f,-0.023f,-0.4368f,-0.0117f,0.9984f,0.0561f,2.7388f,0.0224f,0.0564f,-0.9982f,-0.4213f,0f,0f,0f,1f],start_interpolation: 0,interpolation_duration: 1}
$data merge entity $(bone_chest3) {transformation: [-0.9997f,-0.0104f,-0.023f,-0.4352f,-0.0117f,0.9984f,0.0561f,2.5828f,0.0224f,0.0564f,-0.9982f,-0.4301f,0f,0f,0f,1f],start_interpolation: 0,interpolation_duration: 1}
$data merge entity $(bone_hugeasssword2) {transformation: [0.09f,2.8593f,-2.6752f,-1.4092f,-0.2199f,2.6754f,2.8521f,4.5693f,3.9095f,0.0847f,0.222f,-0.3116f,0f,0f,0f,1f],start_interpolation: 0,interpolation_duration: 1}
$data merge entity $(bone_belt) {transformation: [-0.9997f,-0.0104f,-0.023f,-0.1202f,-0.0117f,0.9984f,0.0561f,3.0058f,0.0224f,0.0564f,-0.9982f,-0.0326f,0f,0f,0f,1f],start_interpolation: 0,interpolation_duration: 1}
$data merge entity $(bone_torn_part) {transformation: [-0.9974f,-0.0722f,-0.0022f,-0.2319f,-0.0702f,0.9619f,0.2643f,2.7123f,-0.017f,0.2638f,-0.9644f,-0.0429f,0f,0f,0f,1f],start_interpolation: 0,interpolation_duration: 1}
$data merge entity $(bone_lowerbody) {transformation: [-0.9974f,-0.0695f,0.0196f,-0.1033f,-0.0702f,0.9968f,-0.0371f,2.2376f,-0.017f,-0.0384f,-0.9991f,0.1181f,0f,0f,0f,1f],start_interpolation: 0,interpolation_duration: 1}
$data merge entity $(bone_leftfoot) {transformation: [-0.9559f,-0.1065f,-0.2738f,0.4795f,-0.1146f,0.9933f,0.0137f,0.2012f,0.2705f,0.0445f,-0.9617f,0.1536f,0f,0f,0f,1f],start_interpolation: 0,interpolation_duration: 1}
$data merge entity $(bone_leftlowerleg) {transformation: [-0.9559f,-0.1065f,-0.2738f,0.4034f,-0.1146f,0.9933f,0.0137f,1.3011f,0.2705f,0.0445f,-0.9617f,0.3507f,0f,0f,0f,1f],start_interpolation: 0,interpolation_duration: 1}
$data merge entity $(bone_leftleg) {transformation: [-0.9457f,-0.2359f,-0.2238f,0.1294f,-0.1168f,0.8888f,-0.4431f,2.2394f,0.3034f,-0.3929f,-0.8681f,-0.0349f,0f,0f,0f,1f],start_interpolation: 0,interpolation_duration: 1}
$data merge entity $(bone_rightfoot) {transformation: [-0.966f,-0.0194f,0.2577f,-0.2507f,0.0591f,0.9542f,0.2934f,0.1989f,-0.2516f,0.2986f,-0.9206f,-0.2206f,0f,0f,0f,1f],start_interpolation: 0,interpolation_duration: 1}
$data merge entity $(bone_rightlowerleg) {transformation: [-0.966f,-0.0194f,0.2577f,-0.3119f,0.0591f,0.9542f,0.2934f,1.2124f,-0.2516f,0.2986f,-0.9206f,0.2521f,0f,0f,0f,1f],start_interpolation: 0,interpolation_duration: 1}
$data merge entity $(bone_rightleg) {transformation: [-0.9913f,-0.0549f,0.1194f,-0.3466f,-0.0888f,0.9496f,-0.3005f,2.2151f,-0.0968f,-0.3085f,-0.9463f,-0.0538f,0f,0f,0f,1f],start_interpolation: 0,interpolation_duration: 1}
data modify entity @s data merge value {"cameras":{},"locators":{"lefthand":{"posx":0.7688359153980258,"posy":2.278784382021854,"posz":1.1698798604417189,"roty":32.60186788036995,"rotx":-40.17588952562218},"sword":{"posx":2.058251669927749,"posy":1.7926818230158161,"posz":2.694624032225615,"roty":299.4111380956395,"rotx":6.250982386966709},"righthand":{"posx":-1.1348987820267646,"posy":2.1941912736413536,"posz":0.8945583105806908,"roty":299.4111380956395,"rotx":6.250982386966709},"chest":{"posx":-0.5115973293079357,"posy":2.6305954805871625,"posz":0.37272730893431694,"roty":358.68132408542397,"rotx":3.218581417630456}}}