# This file was generated by Animated Java via MC-Build. It is not recommended to edit this file directly.
$data merge entity $(bone_nose) {transformation: [-0.9979f,-0.054f,0.037f,-0.5059f,-0.0461f,0.9809f,0.189f,4.2075f,-0.0465f,0.1869f,-0.9813f,0.5699f,0f,0f,0f,1f],start_interpolation: 0,interpolation_duration: 1}
$data merge entity $(bone_glowing_eye) {transformation: [-0.9979f,-0.054f,0.037f,-0.6356f,-0.0461f,0.9809f,0.189f,4.2615f,-0.0465f,0.1869f,-0.9813f,0.611f,0f,0f,0f,1f],start_interpolation: 0,interpolation_duration: 1}
$data merge entity $(bone_head) {transformation: [-0.9979f,-0.054f,0.037f,-0.4923f,-0.0461f,0.9809f,0.189f,4.1217f,-0.0465f,0.1869f,-0.9813f,0.363f,0f,0f,0f,1f],start_interpolation: 0,interpolation_duration: 1}
$data merge entity $(bone_leftthumb2) {transformation: [-0.3994f,0.8666f,0.2993f,-1.036f,-0.8595f,-0.2403f,-0.4511f,3.7553f,-0.319f,-0.4374f,0.8408f,1.3443f,0f,0f,0f,1f],start_interpolation: 0,interpolation_duration: 1}
$data merge entity $(bone_leftthumb) {transformation: [-0.3994f,0.8666f,0.2993f,-0.7979f,-0.8595f,-0.2403f,-0.4511f,3.6578f,-0.319f,-0.4374f,0.8408f,1.3089f,0f,0f,0f,1f],start_interpolation: 0,interpolation_duration: 1}
$data merge entity $(bone_leftpointerfinger) {transformation: [-0.3994f,0.8666f,0.2993f,-1.0245f,-0.8595f,-0.2403f,-0.4511f,3.8095f,-0.319f,-0.4374f,0.8408f,1.5267f,0f,0f,0f,1f],start_interpolation: 0,interpolation_duration: 1}
$data merge entity $(bone_leftmidfinger) {transformation: [-0.3994f,0.8666f,0.2993f,-0.9778f,-0.8595f,-0.2403f,-0.4511f,3.739f,-0.319f,-0.4374f,0.8408f,1.658f,0f,0f,0f,1f],start_interpolation: 0,interpolation_duration: 1}
$data merge entity $(bone_leftringfinger) {transformation: [-0.3994f,0.8666f,0.2993f,-0.931f,-0.8595f,-0.2403f,-0.4511f,3.6685f,-0.319f,-0.4374f,0.8408f,1.7894f,0f,0f,0f,1f],start_interpolation: 0,interpolation_duration: 1}
$data merge entity $(bone_invisibility) {transformation: [0.8894f,-0.2226f,0.3994f,-1.014f,-0.2787f,0.4284f,0.8595f,3.6362f,-0.3624f,-0.8757f,0.319f,1.3928f,0f,0f,0f,1f],start_interpolation: 0,interpolation_duration: 1}
$data merge entity $(bone_swiftness) {transformation: [0.2993f,0.8666f,0.3994f,-1.096f,-0.4511f,-0.2403f,0.8595f,3.5394f,0.8408f,-0.4374f,0.319f,1.593f,0f,0f,0f,1f],start_interpolation: 0,interpolation_duration: 1}
$data merge entity $(bone_suspicious_stew) {transformation: [0.9119f,0.095f,0.3994f,-0.9985f,-0.4084f,0.3073f,0.8595f,3.5628f,-0.0411f,-0.9469f,0.319f,1.5709f,0f,0f,0f,1f],start_interpolation: 0,interpolation_duration: 1}
$data merge entity $(bone_log) {transformation: [-0.3994f,0.8666f,0.2993f,-0.9136f,-0.8595f,-0.2403f,-0.4511f,3.4311f,-0.319f,-0.4374f,0.8408f,1.5257f,0f,0f,0f,1f],start_interpolation: 0,interpolation_duration: 1}
$data merge entity $(bone_planks) {transformation: [-0.3994f,0.8666f,0.2993f,-0.951f,-0.8595f,-0.2403f,-0.4511f,3.3505f,-0.319f,-0.4374f,0.8408f,1.4958f,0f,0f,0f,1f],start_interpolation: 0,interpolation_duration: 1}
$data merge entity $(bone_lefthand1) {transformation: [-0.3994f,0.8666f,0.2993f,-0.6065f,-0.8595f,-0.2403f,-0.4511f,3.6f,-0.319f,-0.4374f,0.8408f,1.4699f,0f,0f,0f,1f],start_interpolation: 0,interpolation_duration: 1}
$data merge entity $(bone_leftforearm) {transformation: [-0.3949f,0.828f,0.3982f,-0.0522f,-0.734f,-0.0237f,-0.6787f,3.5413f,-0.5525f,-0.5603f,0.6171f,1.0245f,0f,0f,0f,1f],start_interpolation: 0,interpolation_duration: 1}
$data merge entity $(bone_leftelbow) {transformation: [-0.3949f,0.828f,0.3982f,0.1031f,-0.734f,-0.0237f,-0.6787f,3.5369f,-0.5525f,-0.5603f,0.6171f,0.9194f,0f,0f,0f,1f],start_interpolation: 0,interpolation_duration: 1}
$data merge entity $(bone_leftarm) {transformation: [-0.4393f,0.3194f,0.8397f,0.1035f,-0.7767f,0.3345f,-0.5336f,3.5373f,-0.4513f,-0.8866f,0.1011f,0.42f,0f,0f,0f,1f],start_interpolation: 0,interpolation_duration: 1}
$data merge entity $(bone_rightthumb2) {transformation: [-0.9293f,-0.3529f,0.1089f,-0.6317f,0.2464f,-0.8122f,-0.5287f,4.2461f,0.2751f,-0.4645f,0.8418f,1.2634f,0f,0f,0f,1f],start_interpolation: 0,interpolation_duration: 1}
$data merge entity $(bone_rightthumb) {transformation: [-0.9293f,-0.3529f,0.1089f,-0.7089f,0.2464f,-0.8122f,-0.5287f,4.0017f,0.2751f,-0.4645f,0.8418f,1.2214f,0f,0f,0f,1f],start_interpolation: 0,interpolation_duration: 1}
$data merge entity $(bone_rightpointerfinger) {transformation: [-0.9293f,-0.3529f,0.1089f,-0.6897f,0.2464f,-0.8122f,-0.5287f,4.2704f,0.2751f,-0.4645f,0.8418f,1.4434f,0f,0f,0f,1f],start_interpolation: 0,interpolation_duration: 1}
$data merge entity $(bone_rightmidfinger) {transformation: [-0.9293f,-0.3529f,0.1089f,-0.6727f,0.2464f,-0.8122f,-0.5287f,4.1878f,0.2751f,-0.4645f,0.8418f,1.5749f,0f,0f,0f,1f],start_interpolation: 0,interpolation_duration: 1}
$data merge entity $(bone_rightringfinger) {transformation: [-0.9293f,-0.3529f,0.1089f,-0.6556f,0.2464f,-0.8122f,-0.5287f,4.1051f,0.2751f,-0.4645f,0.8418f,1.7064f,0f,0f,0f,1f],start_interpolation: 0,interpolation_duration: 1}
$data merge entity $(bone_hugeasssword) {transformation: [-3.6398f,-1.382f,0.4267f,-0.4992f,0.9652f,-3.1812f,-2.0709f,3.9656f,1.0773f,-1.8193f,3.2969f,1.3943f,0f,0f,0f,1f],start_interpolation: 0,interpolation_duration: 1}
$data merge entity $(bone_ice) {transformation: [-0.9293f,-0.3529f,0.1089f,-0.4792f,0.2464f,-0.8122f,-0.5287f,3.9744f,0.2751f,-0.4645f,0.8418f,1.3973f,0f,0f,0f,1f],start_interpolation: 0,interpolation_duration: 1}
$data merge entity $(bone_righthand1) {transformation: [-0.9293f,-0.3529f,0.1089f,-0.7963f,0.2464f,-0.8122f,-0.5287f,3.8164f,0.2751f,-0.4645f,0.8418f,1.3762f,0f,0f,0f,1f],start_interpolation: 0,interpolation_duration: 1}
$data merge entity $(bone_rightforearm) {transformation: [-0.6521f,-0.7152f,-0.2513f,-1.2529f,0.5575f,-0.2277f,-0.7984f,3.6064f,0.5138f,-0.6608f,0.5472f,0.8689f,0f,0f,0f,1f],start_interpolation: 0,interpolation_duration: 1}
$data merge entity $(bone_rightelbow) {transformation: [-0.6521f,-0.7152f,-0.2513f,-1.387f,0.5575f,-0.2277f,-0.7984f,3.5637f,0.5138f,-0.6608f,0.5472f,0.745f,0f,0f,0f,1f],start_interpolation: 0,interpolation_duration: 1}
$data merge entity $(bone_rightarm) {transformation: [-0.6813f,0.0211f,-0.7317f,-1.187f,0.5963f,0.5959f,-0.538f,3.6977f,0.4246f,-0.8028f,-0.4186f,0.3533f,0f,0f,0f,1f],start_interpolation: 0,interpolation_duration: 1}
$data merge entity $(bone_chest1) {transformation: [-1.0738f,0.1229f,0.0741f,-0.5338f,0.1337f,1.0598f,0.1801f,3.4938f,-0.052f,0.1877f,-1.0657f,0.1653f,0f,0f,0f,1f],start_interpolation: 0,interpolation_duration: 1}
$data merge entity $(bone_chest1lid) {transformation: [-0.9912f,0.1134f,0.0684f,-0.9765f,0.1234f,0.9783f,0.1663f,2.8022f,-0.048f,0.1733f,-0.9837f,0.4154f,0f,0f,0f,1f],start_interpolation: 0,interpolation_duration: 1}
$data merge entity $(bone_chest2) {transformation: [-0.9912f,0.1134f,0.0684f,-0.9942f,0.1234f,0.9783f,0.1663f,2.6494f,-0.048f,0.1733f,-0.9837f,0.3884f,0f,0f,0f,1f],start_interpolation: 0,interpolation_duration: 1}
$data merge entity $(bone_chest1lid3) {transformation: [-0.9912f,0.1134f,0.0684f,-0.8708f,0.1234f,0.9783f,0.1663f,2.901f,-0.048f,0.1733f,-0.9837f,-0.2118f,0f,0f,0f,1f],start_interpolation: 0,interpolation_duration: 1}
$data merge entity $(bone_chest3) {transformation: [-0.9912f,0.1134f,0.0684f,-0.8885f,0.1234f,0.9783f,0.1663f,2.7482f,-0.048f,0.1733f,-0.9837f,-0.2388f,0f,0f,0f,1f],start_interpolation: 0,interpolation_duration: 1}
$data merge entity $(bone_hugeasssword2) {transformation: [-0.2678f,3.1624f,-2.2952f,-1.6053f,-0.6513f,2.2323f,3.1517f,4.8251f,3.8528f,0.5972f,0.3732f,0.0465f,0f,0f,0f,1f],start_interpolation: 0,interpolation_duration: 1}
$data merge entity $(bone_belt) {transformation: [-0.9912f,0.1134f,0.0684f,-0.5562f,0.1234f,0.9783f,0.1663f,3.0784f,-0.048f,0.1733f,-0.9837f,0.2266f,0f,0f,0f,1f],start_interpolation: 0,interpolation_duration: 1}
$data merge entity $(bone_torn_part) {transformation: [-0.9932f,0.1167f,0.0026f,-0.7132f,0.1089f,0.9184f,0.3804f,2.8105f,0.042f,0.3781f,-0.9248f,0.1859f,0f,0f,0f,1f],start_interpolation: 0,interpolation_duration: 1}
$data merge entity $(bone_lowerbody) {transformation: [-0.9932f,0.112f,-0.0326f,-0.6663f,0.1089f,0.9903f,0.0867f,2.3042f,0.042f,0.0825f,-0.9957f,0.2815f,0f,0f,0f,1f],start_interpolation: 0,interpolation_duration: 1}
$data merge entity $(bone_leftfoot) {transformation: [-0.8637f,0.1904f,-0.4666f,-0.686f,0.134f,0.9793f,0.1516f,0.2237f,0.4859f,0.0684f,-0.8714f,0.2411f,0f,0f,0f,1f],start_interpolation: 0,interpolation_duration: 1}
$data merge entity $(bone_leftlowerleg) {transformation: [-0.8637f,0.1904f,-0.4666f,-0.4031f,0.134f,0.9793f,0.1516f,1.2868f,0.4859f,0.0684f,-0.8714f,0.4508f,0f,0f,0f,1f],start_interpolation: 0,interpolation_duration: 1}
$data merge entity $(bone_leftleg) {transformation: [-0.8947f,-0.0328f,-0.4455f,-0.4551f,0.1266f,0.9378f,-0.3234f,2.2814f,0.4284f,-0.3457f,-0.8348f,0.1172f,0f,0f,0f,1f],start_interpolation: 0,interpolation_duration: 1}
$data merge entity $(bone_rightfoot) {transformation: [-0.9309f,0.3191f,0.1779f,-1.52f,0.3335f,0.941f,0.0576f,0.428f,-0.149f,0.113f,-0.9824f,0.3882f,0f,0f,0f,1f],start_interpolation: 0,interpolation_duration: 1}
$data merge entity $(bone_rightlowerleg) {transformation: [-0.9309f,0.3191f,0.1779f,-1.1934f,0.3335f,0.941f,0.0576f,1.4631f,-0.149f,0.113f,-0.9824f,0.6645f,0f,0f,0f,1f],start_interpolation: 0,interpolation_duration: 1}
$data merge entity $(bone_rightleg) {transformation: [-0.9634f,0.2258f,-0.1443f,-0.9296f,0.268f,0.8235f,-0.5f,2.3257f,0.006f,-0.5204f,-0.8539f,0.1323f,0f,0f,0f,1f],start_interpolation: 0,interpolation_duration: 1}
data modify entity @s data merge value {"cameras":{},"locators":{"lefthand":{"posx":-0.948524151236096,"posy":3.5374792398521397,"posz":1.5766756810504103,"roty":160.40731986373333,"rotx":-26.81415471316976},"sword":{"posx":-0.964175734794617,"posy":5.968164583159826,"posz":-1.6868482137198126,"roty":172.62612268984088,"rotx":-31.919624524735998},"righthand":{"posx":-0.5624715714673818,"posy":4.018476074127975,"posz":1.4171821876961805,"roty":172.62612268984088,"rotx":-31.919624524735998},"chest":{"posx":-1.025261264829149,"posy":2.7189443970147704,"posz":0.5568047265136109,"roty":3.9764737633908567,"rotx":9.57203109505036}}}