# This file was generated by Animated Java via MC-Build. It is not recommended to edit this file directly.
$data merge entity $(bone_nose) {transformation: [-0.985f,-0.1163f,-0.1277f,-0.6478f,-0.1171f,0.9931f,-0.0015f,4.0052f,0.127f,0.0135f,-0.9918f,0.6045f,0f,0f,0f,1f],start_interpolation: 0,interpolation_duration: 1}
$data merge entity $(bone_glowing_eye) {transformation: [-0.985f,-0.1163f,-0.1277f,-0.7743f,-0.1171f,0.9931f,-0.0015f,4.0579f,0.127f,0.0135f,-0.9918f,0.6559f,0f,0f,0f,1f],start_interpolation: 0,interpolation_duration: 1}
$data merge entity $(bone_head) {transformation: [-0.985f,-0.1163f,-0.1277f,-0.6574f,-0.1171f,0.9931f,-0.0015f,3.8823f,0.127f,0.0135f,-0.9918f,0.4171f,0f,0f,0f,1f],start_interpolation: 0,interpolation_duration: 1}
$data merge entity $(bone_leftthumb2) {transformation: [0.3493f,0.8875f,0.3004f,-1.0532f,-0.6758f,0.4607f,-0.5753f,3.2086f,-0.649f,-0.0021f,0.7608f,0.6584f,0f,0f,0f,1f],start_interpolation: 0,interpolation_duration: 1}
$data merge entity $(bone_leftthumb) {transformation: [0.3493f,0.8875f,0.3004f,-0.8099f,-0.6758f,0.4607f,-0.5753f,3.2725f,-0.649f,-0.0021f,0.7608f,0.7229f,0f,0f,0f,1f],start_interpolation: 0,interpolation_duration: 1}
$data merge entity $(bone_leftpointerfinger) {transformation: [0.3493f,0.8875f,0.3004f,-1.1252f,-0.6758f,0.4607f,-0.5753f,3.1682f,-0.649f,-0.0021f,0.7608f,0.8303f,0f,0f,0f,1f],start_interpolation: 0,interpolation_duration: 1}
$data merge entity $(bone_leftmidfinger) {transformation: [0.3493f,0.8875f,0.3004f,-1.0783f,-0.6758f,0.4607f,-0.5753f,3.0784f,-0.649f,-0.0021f,0.7608f,0.9491f,0f,0f,0f,1f],start_interpolation: 0,interpolation_duration: 1}
$data merge entity $(bone_leftringfinger) {transformation: [0.3493f,0.8875f,0.3004f,-1.0314f,-0.6758f,0.4607f,-0.5753f,2.9885f,-0.649f,-0.0021f,0.7608f,1.068f,0f,0f,0f,1f],start_interpolation: 0,interpolation_duration: 1}
$data merge entity $(bone_invisibility) {transformation: [0.9104f,-0.2219f,-0.3493f,-0.9721f,0.4088f,0.6133f,0.6758f,3.1099f,0.0642f,-0.7581f,0.649f,0.6846f,0f,0f,0f,1f],start_interpolation: 0,interpolation_duration: 1}
$data merge entity $(bone_swiftness) {transformation: [0.3004f,0.8875f,-0.3493f,-1.0177f,-0.5753f,0.4607f,0.6758f,2.9044f,0.7608f,-0.0021f,0.649f,0.7937f,0f,0f,0f,1f],start_interpolation: 0,interpolation_duration: 1}
$data merge entity $(bone_suspicious_stew) {transformation: [0.9314f,0.1028f,-0.3493f,-0.9573f,0.1744f,0.7161f,0.6758f,2.9804f,0.3196f,-0.6904f,0.649f,0.8273f,0f,0f,0f,1f],start_interpolation: 0,interpolation_duration: 1}
$data merge entity $(bone_log) {transformation: [0.3493f,0.8875f,0.3004f,-0.7996f,-0.6758f,0.4607f,-0.5753f,2.9477f,-0.649f,-0.0021f,0.7608f,0.8019f,0f,0f,0f,1f],start_interpolation: 0,interpolation_duration: 1}
$data merge entity $(bone_planks) {transformation: [0.3493f,0.8875f,0.3004f,-0.7668f,-0.6758f,0.4607f,-0.5753f,2.8843f,-0.649f,-0.0021f,0.7608f,0.741f,0f,0f,0f,1f],start_interpolation: 0,interpolation_duration: 1}
$data merge entity $(bone_lefthand1) {transformation: [0.3493f,0.8875f,0.3004f,-0.6744f,-0.6758f,0.4607f,-0.5753f,3.2498f,-0.649f,-0.0021f,0.7608f,0.9398f,0f,0f,0f,1f],start_interpolation: 0,interpolation_duration: 1}
$data merge entity $(bone_leftforearm) {transformation: [0.2022f,0.9538f,0.2221f,0.0035f,-0.8807f,0.2762f,-0.3847f,3.4001f,-0.4283f,-0.1179f,0.8959f,0.8196f,0f,0f,0f,1f],start_interpolation: 0,interpolation_duration: 1}
$data merge entity $(bone_leftelbow) {transformation: [0.2022f,0.9538f,0.2221f,0.1824f,-0.8807f,0.2762f,-0.3847f,3.4519f,-0.4283f,-0.1179f,0.8959f,0.7975f,0f,0f,0f,1f],start_interpolation: 0,interpolation_duration: 1}
$data merge entity $(bone_leftarm) {transformation: [0.1836f,-0.3038f,0.9349f,-0.0154f,-0.9249f,0.2688f,0.269f,3.3187f,-0.333f,-0.914f,-0.2317f,0.3764f,0f,0f,0f,1f],start_interpolation: 0,interpolation_duration: 1}
$data merge entity $(bone_rightthumb2) {transformation: [0.0041f,-0.9958f,0.0912f,-0.7162f,0.9693f,-0.0185f,-0.2451f,3.9631f,0.2457f,0.0894f,0.9652f,0.4356f,0f,0f,0f,1f],start_interpolation: 0,interpolation_duration: 1}
$data merge entity $(bone_rightthumb) {transformation: [0.0041f,-0.9958f,0.0912f,-0.9527f,0.9693f,-0.0185f,-0.2451f,3.9376f,0.2457f,0.0894f,0.9652f,0.54f,0f,0f,0f,1f],start_interpolation: 0,interpolation_duration: 1}
$data merge entity $(bone_rightpointerfinger) {transformation: [0.0041f,-0.9958f,0.0912f,-0.6212f,0.9693f,-0.0185f,-0.2451f,4.0382f,0.2457f,0.0894f,0.9652f,0.5828f,0f,0f,0f,1f],start_interpolation: 0,interpolation_duration: 1}
$data merge entity $(bone_rightmidfinger) {transformation: [0.0041f,-0.9958f,0.0912f,-0.6069f,0.9693f,-0.0185f,-0.2451f,3.9999f,0.2457f,0.0894f,0.9652f,0.7336f,0f,0f,0f,1f],start_interpolation: 0,interpolation_duration: 1}
$data merge entity $(bone_rightringfinger) {transformation: [0.0041f,-0.9958f,0.0912f,-0.5927f,0.9693f,-0.0185f,-0.2451f,3.9616f,0.2457f,0.0894f,0.9652f,0.8844f,0f,0f,0f,1f],start_interpolation: 0,interpolation_duration: 1}
$data merge entity $(bone_hugeasssword) {transformation: [0.0159f,-3.9003f,0.3572f,-0.8117f,3.7965f,-0.0725f,-0.9599f,3.7425f,0.9625f,0.3501f,3.7804f,0.6714f,0f,0f,0f,1f],start_interpolation: 0,interpolation_duration: 1}
$data merge entity $(bone_ice) {transformation: [0.0041f,-0.9958f,0.0912f,-0.7962f,0.9693f,-0.0185f,-0.2451f,3.7276f,0.2457f,0.0894f,0.9652f,0.6661f,0f,0f,0f,1f],start_interpolation: 0,interpolation_duration: 1}
$data merge entity $(bone_righthand1) {transformation: [0.0041f,-0.9958f,0.0912f,-1.0413f,0.9693f,-0.0185f,-0.2451f,3.9577f,0.2457f,0.0894f,0.9652f,0.7801f,0f,0f,0f,1f],start_interpolation: 0,interpolation_duration: 1}
$data merge entity $(bone_rightforearm) {transformation: [-0.4392f,-0.8726f,-0.2138f,-1.6291f,0.8907f,-0.4541f,0.0235f,3.6044f,-0.1175f,-0.1801f,0.9766f,0.6583f,0f,0f,0f,1f],start_interpolation: 0,interpolation_duration: 1}
$data merge entity $(bone_rightelbow) {transformation: [-0.4392f,-0.8726f,-0.2138f,-1.7927f,0.8907f,-0.4541f,0.0235f,3.5193f,-0.1175f,-0.1801f,0.9766f,0.6245f,0f,0f,0f,1f],start_interpolation: 0,interpolation_duration: 1}
$data merge entity $(bone_rightarm) {transformation: [-0.4378f,0.6556f,-0.6152f,-1.3686f,0.8792f,0.1694f,-0.4453f,3.4445f,-0.1877f,-0.7358f,-0.6506f,0.4801f,0f,0f,0f,1f],start_interpolation: 0,interpolation_duration: 1}
$data merge entity $(bone_chest1) {transformation: [-1.0746f,0.0528f,-0.1268f,-0.6769f,0.0164f,1.0422f,0.2953f,3.26f,0.1364f,0.291f,-1.0346f,0.1978f,0f,0f,0f,1f],start_interpolation: 0,interpolation_duration: 1}
$data merge entity $(bone_chest1lid) {transformation: [-0.9919f,0.0487f,-0.117f,-1.003f,0.0151f,0.962f,0.2726f,2.501f,0.1259f,0.2686f,-0.955f,0.4309f,0f,0f,0f,1f],start_interpolation: 0,interpolation_duration: 1}
$data merge entity $(bone_chest2) {transformation: [-0.9919f,0.0487f,-0.117f,-1.0107f,0.0151f,0.962f,0.2726f,2.3506f,0.1259f,0.2686f,-0.955f,0.3889f,0f,0f,0f,1f],start_interpolation: 0,interpolation_duration: 1}
$data merge entity $(bone_chest1lid3) {transformation: [-0.9919f,0.0487f,-0.117f,-1.016f,0.0151f,0.962f,0.2726f,2.6746f,0.1259f,0.2686f,-0.955f,-0.1888f,0f,0f,0f,1f],start_interpolation: 0,interpolation_duration: 1}
$data merge entity $(bone_chest3) {transformation: [-0.9919f,0.0487f,-0.117f,-1.0236f,0.0151f,0.962f,0.2726f,2.5243f,0.1259f,0.2686f,-0.955f,-0.2307f,0f,0f,0f,1f],start_interpolation: 0,interpolation_duration: 1}
$data merge entity $(bone_hugeasssword2) {transformation: [0.4584f,2.9933f,-2.484f,-1.8734f,-1.0676f,2.5019f,2.818f,4.467f,3.7404f,0.3473f,1.1087f,0.4115f,0f,0f,0f,1f],start_interpolation: 0,interpolation_duration: 1}
$data merge entity $(bone_belt) {transformation: [-0.9919f,0.0487f,-0.117f,-0.6492f,0.0151f,0.962f,0.2726f,2.8406f,0.1259f,0.2686f,-0.955f,0.2118f,0f,0f,0f,1f],start_interpolation: 0,interpolation_duration: 1}
$data merge entity $(bone_torn_part) {transformation: [-0.9719f,0.0718f,-0.2244f,-0.7812f,-0.0184f,0.9263f,0.3762f,2.5571f,0.2348f,0.3698f,-0.8989f,0.1793f,0f,0f,0f,1f],start_interpolation: 0,interpolation_duration: 1}
$data merge entity $(bone_lowerbody) {transformation: [-0.9719f,0.001f,-0.2356f,-0.6536f,-0.0184f,0.9966f,0.0803f,2.0609f,0.2348f,0.0824f,-0.9685f,0.2523f,0f,0f,0f,1f],start_interpolation: 0,interpolation_duration: 1}
$data merge entity $(bone_leftfoot) {transformation: [-0.6199f,0.3334f,-0.7103f,-0.1685f,-0.1064f,0.8612f,0.4971f,0.8356f,0.7774f,0.3837f,-0.4984f,0.2244f,0f,0f,0f,1f],start_interpolation: 0,interpolation_duration: 1}
$data merge entity $(bone_leftlowerleg) {transformation: [-0.6199f,0.3334f,-0.7103f,0.3105f,-0.1064f,0.8612f,0.4971f,1.7146f,0.7774f,0.3837f,-0.4984f,0.7267f,0f,0f,0f,1f],start_interpolation: 0,interpolation_duration: 1}
$data merge entity $(bone_leftleg) {transformation: [-0.6992f,-0.7046f,-0.121f,-0.4443f,-0.1557f,0.3153f,-0.9361f,2.0232f,0.6978f,-0.6357f,-0.3302f,0.0817f,0f,0f,0f,1f],start_interpolation: 0,interpolation_duration: 1}
$data merge entity $(bone_rightfoot) {transformation: [-0.9328f,0.3196f,0.1664f,-1.464f,0.3501f,0.9132f,0.2086f,0.1862f,-0.0853f,0.2529f,-0.9637f,0.2496f,0f,0f,0f,1f],start_interpolation: 0,interpolation_duration: 1}
$data merge entity $(bone_rightlowerleg) {transformation: [-0.9328f,0.3196f,0.1664f,-1.1349f,0.3501f,0.9132f,0.2086f,1.1672f,-0.0853f,0.2529f,-0.9637f,0.6782f,0f,0f,0f,1f],start_interpolation: 0,interpolation_duration: 1}
$data merge entity $(bone_rightleg) {transformation: [-0.9652f,0.1624f,-0.2049f,-0.939f,0.243f,0.8463f,-0.4741f,2.0513f,0.0964f,-0.5074f,-0.8563f,0.1546f,0f,0f,0f,1f],start_interpolation: 0,interpolation_duration: 1}
data modify entity @s data merge value {"cameras":{},"locators":{"lefthand":{"posx":-0.9063439537875972,"posy":2.984043522787097,"posz":0.8509884583003149,"roty":158.4506283599537,"rotx":-35.12073763887532},"sword":{"posx":-1.1180059393838768,"posy":4.726324387580952,"posz":-2.886489222803116,"roty":174.60211053600904,"rotx":-14.186036084280916},"righthand":{"posx":-0.7816951119229232,"posy":3.8226246733039297,"posz":0.6727070493555511,"roty":174.60211053600904,"rotx":-14.186036084280916},"chest":{"posx":-1.018796059592839,"posy":2.3987099626433985,"posz":0.5672409225210435,"roty":353.0135086071752,"rotx":15.817810302681691}}}