# This file was generated by Animated Java via MC-Build. It is not recommended to edit this file directly.
$data merge entity $(nose) {transformation: [-0.9601f,-0.2651f,-0.0894f,-0.6442f,-0.2593f,0.9631f,-0.0719f,4.1038f,0.1052f,-0.0458f,-0.9934f,0.5859f,0f,0f,0f,1f],start_interpolation: 0,interpolation_duration: 1}
$data merge entity $(glowing_eye) {transformation: [-0.9601f,-0.2651f,-0.0894f,-0.779f,-0.2593f,0.9631f,-0.0719f,4.1391f,0.1052f,-0.0458f,-0.9934f,0.6306f,0f,0f,0f,1f],start_interpolation: 0,interpolation_duration: 1}
$data merge entity $(head) {transformation: [-0.9601f,-0.2651f,-0.0894f,-0.6282f,-0.2593f,0.9631f,-0.0719f,3.9714f,0.1052f,-0.0458f,-0.9934f,0.4055f,0f,0f,0f,1f],start_interpolation: 0,interpolation_duration: 1}
$data merge entity $(leftthumb2) {transformation: [0.3836f,0.9144f,0.1296f,-0.9591f,-0.7766f,0.3953f,-0.4905f,3.2867f,-0.4997f,0.0875f,0.8617f,0.5109f,0f,0f,0f,1f],start_interpolation: 0,interpolation_duration: 1}
$data merge entity $(leftthumb) {transformation: [0.3836f,0.9144f,0.1296f,-0.7237f,-0.7766f,0.3953f,-0.4905f,3.3418f,-0.4997f,0.0875f,0.8617f,0.606f,0f,0f,0f,1f],start_interpolation: 0,interpolation_duration: 1}
$data merge entity $(leftpointerfinger) {transformation: [0.3836f,0.9144f,0.1296f,-1.0596f,-0.7766f,0.3953f,-0.4905f,3.274f,-0.4997f,0.0875f,0.8617f,0.6724f,0f,0f,0f,1f],start_interpolation: 0,interpolation_duration: 1}
$data merge entity $(leftmidfinger) {transformation: [0.3836f,0.9144f,0.1296f,-1.0394f,-0.7766f,0.3953f,-0.4905f,3.1974f,-0.4997f,0.0875f,0.8617f,0.807f,0f,0f,0f,1f],start_interpolation: 0,interpolation_duration: 1}
$data merge entity $(leftringfinger) {transformation: [0.3836f,0.9144f,0.1296f,-1.0191f,-0.7766f,0.3953f,-0.4905f,3.1207f,-0.4997f,0.0875f,0.8617f,0.9417f,0f,0f,0f,1f],start_interpolation: 0,interpolation_duration: 1}
$data merge entity $(invisibility) {transformation: [0.9222f,-0.0494f,-0.3836f,-0.8918f,0.351f,0.5231f,0.7766f,3.1869f,0.1623f,-0.8508f,0.4997f,0.5613f,0f,0f,0f,1f],start_interpolation: 0,interpolation_duration: 1}
$data merge entity $(swiftness) {transformation: [0.1296f,0.9144f,-0.3836f,-0.9713f,-0.4905f,0.3953f,0.7766f,3.001f,0.8617f,0.0875f,0.4997f,0.685f,0f,0f,0f,1f],start_interpolation: 0,interpolation_duration: 1}
$data merge entity $(suspicious_stew) {transformation: [0.8835f,0.269f,-0.3836f,-0.9103f,0.151f,0.6116f,0.7766f,3.0764f,0.4435f,-0.744f,0.4997f,0.7188f,0f,0f,0f,1f],start_interpolation: 0,interpolation_duration: 1}
$data merge entity $(log) {transformation: [0.3836f,0.9144f,0.1296f,-0.754f,-0.7766f,0.3953f,-0.4905f,3.0301f,-0.4997f,0.0875f,0.8617f,0.7233f,0f,0f,0f,1f],start_interpolation: 0,interpolation_duration: 1}
$data merge entity $(planks) {transformation: [0.3836f,0.9144f,0.1296f,-0.718f,-0.7766f,0.3953f,-0.4905f,2.9572f,-0.4997f,0.0875f,0.8617f,0.6764f,0f,0f,0f,1f],start_interpolation: 0,interpolation_duration: 1}
$data merge entity $(lefthand1) {transformation: [0.3836f,0.9144f,0.1296f,-0.6253f,-0.7766f,0.3953f,-0.4905f,3.3384f,-0.4997f,0.0875f,0.8617f,0.8432f,0f,0f,0f,1f],start_interpolation: 0,interpolation_duration: 1}
$data merge entity $(leftforearm) {transformation: [0.3641f,0.9219f,0.1325f,0.0439f,-0.8798f,0.3872f,-0.2757f,3.5654f,-0.3055f,-0.0162f,0.9521f,0.7999f,0f,0f,0f,1f],start_interpolation: 0,interpolation_duration: 1}
$data merge entity $(leftelbow) {transformation: [0.3641f,0.9219f,0.1325f,0.2168f,-0.8798f,0.3872f,-0.2757f,3.638f,-0.3055f,-0.0162f,0.9521f,0.7968f,0f,0f,0f,1f],start_interpolation: 0,interpolation_duration: 1}
$data merge entity $(leftarm) {transformation: [0.3442f,-0.311f,0.8859f,0.0488f,-0.9151f,0.1001f,0.3906f,3.4188f,-0.2102f,-0.9451f,-0.2501f,0.3955f,0f,0f,0f,1f],start_interpolation: 0,interpolation_duration: 1}
$data merge entity $(rightthumb2) {transformation: [-0.67f,-0.6967f,0.2563f,-0.9495f,0.722f,-0.6919f,0.0064f,4.4343f,0.1729f,0.1893f,0.9666f,0.241f,0f,0f,0f,1f],start_interpolation: 0,interpolation_duration: 1}
$data merge entity $(rightthumb) {transformation: [-0.67f,-0.6967f,0.2563f,-1.0984f,0.722f,-0.6919f,0.0064f,4.2652f,0.1729f,0.1893f,0.9666f,0.37f,0f,0f,0f,1f],start_interpolation: 0,interpolation_duration: 1}
$data merge entity $(rightpointerfinger) {transformation: [-0.67f,-0.6967f,0.2563f,-0.9311f,0.722f,-0.6919f,0.0064f,4.5715f,0.1729f,0.1893f,0.9666f,0.3721f,0f,0f,0f,1f],start_interpolation: 0,interpolation_duration: 1}
$data merge entity $(rightmidfinger) {transformation: [-0.67f,-0.6967f,0.2563f,-0.891f,0.722f,-0.6919f,0.0064f,4.5724f,0.1729f,0.1893f,0.9666f,0.5232f,0f,0f,0f,1f],start_interpolation: 0,interpolation_duration: 1}
$data merge entity $(rightringfinger) {transformation: [-0.67f,-0.6967f,0.2563f,-0.851f,0.722f,-0.6919f,0.0064f,4.5734f,0.1729f,0.1893f,0.9666f,0.6742f,0f,0f,0f,1f],start_interpolation: 0,interpolation_duration: 1}
$data merge entity $(hugeasssword) {transformation: [-2.624f,-2.7289f,1.004f,-0.8586f,2.8278f,-2.7099f,0.025f,4.24f,0.6772f,0.7416f,3.7857f,0.5006f,0f,0f,0f,1f],start_interpolation: 0,interpolation_duration: 1}
$data merge entity $(whey) {transformation: [0f,0f,0f,-0.7142f,0f,0f,0f,4.1799f,0f,0f,0f,0.3172f,0f,0f,0f,1f],start_interpolation: 0,interpolation_duration: 1}
$data merge entity $(ice) {transformation: [-0.67f,-0.6967f,0.2563f,-0.8372f,0.722f,-0.6919f,0.0064f,4.2396f,0.1729f,0.1893f,0.9666f,0.4949f,0f,0f,0f,1f],start_interpolation: 0,interpolation_duration: 1}
$data merge entity $(righthand1) {transformation: [-0.67f,-0.6967f,0.2563f,-1.1709f,0.722f,-0.6919f,0.0064f,4.2473f,0.1729f,0.1893f,0.9666f,0.6157f,0f,0f,0f,1f],start_interpolation: 0,interpolation_duration: 1}
$data merge entity $(rightforearm) {transformation: [-0.7228f,-0.6686f,-0.1748f,-1.5989f,0.6449f,-0.7435f,0.1771f,3.6916f,-0.2484f,0.0153f,0.9685f,0.6361f,0f,0f,0f,1f],start_interpolation: 0,interpolation_duration: 1}
$data merge entity $(rightelbow) {transformation: [-0.7228f,-0.6686f,-0.1748f,-1.7242f,0.6449f,-0.7435f,0.1771f,3.5522f,-0.2484f,0.0153f,0.9685f,0.6389f,0f,0f,0f,1f],start_interpolation: 0,interpolation_duration: 1}
$data merge entity $(rightarm) {transformation: [-0.7228f,0.4853f,-0.4919f,-1.3223f,0.6134f,0.123f,-0.7801f,3.5556f,-0.3181f,-0.8657f,-0.3866f,0.438f,0f,0f,0f,1f],start_interpolation: 0,interpolation_duration: 1}
$data merge entity $(chest1) {transformation: [-1.0766f,0.0324f,-0.1159f,-0.6124f,0.0004f,1.0443f,0.2883f,3.3478f,0.1204f,0.2865f,-1.0378f,0.1977f,0f,0f,0f,1f],start_interpolation: 0,interpolation_duration: 1}
$data merge entity $(chest1lid) {transformation: [-0.9938f,0.0299f,-0.107f,-0.9303f,0.0004f,0.9639f,0.2661f,2.585f,0.1111f,0.2644f,-0.958f,0.4298f,0f,0f,0f,1f],start_interpolation: 0,interpolation_duration: 1}
$data merge entity $(chest2) {transformation: [-0.9938f,0.0299f,-0.107f,-0.935f,0.0004f,0.9639f,0.2661f,2.4344f,0.1111f,0.2644f,-0.958f,0.3885f,0f,0f,0f,1f],start_interpolation: 0,interpolation_duration: 1}
$data merge entity $(chest1lid3) {transformation: [-0.9938f,0.0299f,-0.107f,-0.9368f,0.0004f,0.9639f,0.2661f,2.7555f,0.1111f,0.2644f,-0.958f,-0.1908f,0f,0f,0f,1f],start_interpolation: 0,interpolation_duration: 1}
$data merge entity $(chest3) {transformation: [-0.9938f,0.0299f,-0.107f,-0.9414f,0.0004f,0.9639f,0.2661f,2.6048f,0.1111f,0.2644f,-0.958f,-0.2322f,0f,0f,0f,1f],start_interpolation: 0,interpolation_duration: 1}
$data merge entity $(hugeasssword2) {transformation: [0.4192f,2.9489f,-2.5433f,-1.8305f,-1.0422f,2.5496f,2.7845f,4.5372f,3.7521f,0.3788f,1.0576f,0.3876f,0f,0f,0f,1f],start_interpolation: 0,interpolation_duration: 1}
$data merge entity $(belt) {transformation: [-0.9938f,0.0299f,-0.107f,-0.5785f,0.0004f,0.9639f,0.2661f,2.929f,0.1111f,0.2644f,-0.958f,0.2142f,0f,0f,0f,1f],start_interpolation: 0,interpolation_duration: 1}
$data merge entity $(torn_part) {transformation: [-0.9693f,0.0434f,-0.242f,-0.7036f,-0.0609f,0.9112f,0.4075f,2.6425f,0.2382f,0.4097f,-0.8806f,0.1767f,0f,0f,0f,1f],start_interpolation: 0,interpolation_duration: 1}
$data merge entity $(lowerbody) {transformation: [-0.9693f,-0.0314f,-0.2438f,-0.5593f,-0.0609f,0.9915f,0.1146f,2.1481f,0.2382f,0.126f,-0.963f,0.2274f,0f,0f,0f,1f],start_interpolation: 0,interpolation_duration: 1}
$data merge entity $(leftfoot) {transformation: [-0.5587f,0.2744f,-0.7826f,0.0519f,-0.184f,0.8791f,0.4396f,0.9628f,0.8087f,0.3897f,-0.4407f,0.1346f,0f,0f,0f,1f],start_interpolation: 0,interpolation_duration: 1}
$data merge entity $(leftlowerleg) {transformation: [-0.5587f,0.2744f,-0.7826f,0.4766f,-0.184f,0.8791f,0.4396f,1.8705f,0.8087f,0.3897f,-0.4407f,0.6346f,0f,0f,0f,1f],start_interpolation: 0,interpolation_duration: 1}
$data merge entity $(leftleg) {transformation: [-0.6289f,-0.7753f,-0.0581f,-0.3484f,-0.2385f,0.2636f,-0.9347f,2.1229f,0.74f,-0.5739f,-0.3507f,0.0555f,0f,0f,0f,1f],start_interpolation: 0,interpolation_duration: 1}
$data merge entity $(rightfoot) {transformation: [-0.9282f,0.3238f,0.1831f,-1.4353f,0.3433f,0.9352f,0.0864f,0.2052f,-0.1433f,0.1431f,-0.9793f,0.2818f,0f,0f,0f,1f],start_interpolation: 0,interpolation_duration: 1}
$data merge entity $(rightlowerleg) {transformation: [-0.9282f,0.3238f,0.1831f,-1.1042f,0.3433f,0.9352f,0.0864f,1.2294f,-0.1433f,0.1431f,-0.9793f,0.591f,0f,0f,0f,1f],start_interpolation: 0,interpolation_duration: 1}
$data merge entity $(rightleg) {transformation: [-0.9621f,0.2246f,-0.1546f,-0.8423f,0.27f,0.8633f,-0.4263f,2.1346f,0.0378f,-0.4519f,-0.8913f,0.1292f,0f,0f,0f,1f],start_interpolation: 0,interpolation_duration: 1}
data modify entity @s data merge value {"cameras":{},"locators":{"soup":{"px":-0.8521116434689237,"py":3.1572959378353773,"pz":0.5752955237379043,"ry":217.50718723183257,"rx":50.952263343095105},"lefthand":{"px":-0.8634170522189004,"py":3.079645819524343,"pz":0.7498234996544376,"ry":171.44740614148415,"rx":-29.373988632913246},"sword":{"px":-1.8383923941709948,"py":4.294412855003216,"pz":-3.0711451008622173,"ry":165.14697468763418,"rx":0.36588149709050344},"righthand":{"px":-0.8931564022728666,"py":4.3179604681480095,"pz":0.4930701956000425,"ry":165.14697468763418,"rx":0.36588149709050344},"chest":{"px":-0.9465136994482389,"py":2.4831882202417637,"pz":0.5664409570729725,"ry":353.6253802174576,"rx":15.432448901175913}}}