# This file was generated by Animated Java via MC-Build. It is not recommended to edit this file directly.
$data merge entity $(bone_nose) {transformation: [-0.8991f,-0.4378f,-0.0007f,-0.5593f,-0.4336f,0.8907f,-0.1367f,4.2546f,0.0604f,-0.1226f,-0.9906f,0.5366f,0f,0f,0f,1f],start_interpolation: 0,interpolation_duration: 1}
$data merge entity $(bone_glowing_eye) {transformation: [-0.8991f,-0.4378f,-0.0007f,-0.7013f,-0.4336f,0.8907f,-0.1367f,4.2654f,0.0604f,-0.1226f,-0.9906f,0.5704f,0f,0f,0f,1f],start_interpolation: 0,interpolation_duration: 1}
$data merge entity $(bone_head) {transformation: [-0.8991f,-0.4378f,-0.0007f,-0.5054f,-0.4336f,0.8907f,-0.1367f,4.119f,0.0604f,-0.1226f,-0.9906f,0.3662f,0f,0f,0f,1f],start_interpolation: 0,interpolation_duration: 1}
$data merge entity $(bone_leftthumb2) {transformation: [0.3157f,0.9289f,-0.1935f,-0.7321f,-0.9142f,0.2432f,-0.3242f,3.4135f,-0.2541f,0.2792f,0.926f,0.363f,0f,0f,0f,1f],start_interpolation: 0,interpolation_duration: 1}
$data merge entity $(bone_leftthumb) {transformation: [0.3157f,0.9289f,-0.1935f,-0.5208f,-0.9142f,0.2432f,-0.3242f,3.4454f,-0.2541f,0.2792f,0.926f,0.5107f,0f,0f,0f,1f],start_interpolation: 0,interpolation_duration: 1}
$data merge entity $(bone_leftpointerfinger) {transformation: [0.3157f,0.9289f,-0.1935f,-0.8692f,-0.9142f,0.2432f,-0.3242f,3.4504f,-0.2541f,0.2792f,0.926f,0.4902f,0f,0f,0f,1f],start_interpolation: 0,interpolation_duration: 1}
$data merge entity $(bone_leftmidfinger) {transformation: [0.3157f,0.9289f,-0.1935f,-0.8994f,-0.9142f,0.2432f,-0.3242f,3.3998f,-0.2541f,0.2792f,0.926f,0.6349f,0f,0f,0f,1f],start_interpolation: 0,interpolation_duration: 1}
$data merge entity $(bone_leftringfinger) {transformation: [0.3157f,0.9289f,-0.1935f,-0.9296f,-0.9142f,0.2432f,-0.3242f,3.3491f,-0.2541f,0.2792f,0.926f,0.7796f,0f,0f,0f,1f],start_interpolation: 0,interpolation_duration: 1}
$data merge entity $(bone_invisibility) {transformation: [0.9085f,0.2737f,-0.3157f,-0.7023f,0.214f,0.3441f,0.9142f,3.3158f,0.3589f,-0.8981f,0.2541f,0.4442f,0f,0f,0f,1f],start_interpolation: 0,interpolation_duration: 1}
$data merge entity $(bone_swiftness) {transformation: [-0.1935f,0.9289f,-0.3157f,-0.848f,-0.3242f,0.2432f,0.9142f,3.1744f,0.926f,0.2792f,0.2541f,0.5668f,0f,0f,0f,1f],start_interpolation: 0,interpolation_duration: 1}
$data merge entity $(bone_suspicious_stew) {transformation: [0.7601f,0.5679f,-0.3157f,-0.7822f,0.0834f,0.3966f,0.9142f,3.2436f,0.6444f,-0.7212f,0.2541f,0.6047f,0f,0f,0f,1f],start_interpolation: 0,interpolation_duration: 1}
$data merge entity $(bone_log) {transformation: [0.3157f,0.9289f,-0.1935f,-0.6455f,-0.9142f,0.2432f,-0.3242f,3.1731f,-0.2541f,0.2792f,0.926f,0.6592f,0f,0f,0f,1f],start_interpolation: 0,interpolation_duration: 1}
$data merge entity $(bone_planks) {transformation: [0.3157f,0.9289f,-0.1935f,-0.6159f,-0.9142f,0.2432f,-0.3242f,3.0874f,-0.2541f,0.2792f,0.926f,0.6354f,0f,0f,0f,1f],start_interpolation: 0,interpolation_duration: 1}
$data merge entity $(bone_lefthand1) {transformation: [0.3157f,0.9289f,-0.1935f,-0.4862f,-0.9142f,0.2432f,-0.3242f,3.4725f,-0.2541f,0.2792f,0.926f,0.7636f,0f,0f,0f,1f],start_interpolation: 0,interpolation_duration: 1}
$data merge entity $(bone_leftforearm) {transformation: [0.5354f,0.8445f,0.0088f,0.147f,-0.8374f,0.5322f,-0.1243f,3.8035f,-0.1097f,0.0592f,0.9922f,0.7842f,0f,0f,0f,1f],start_interpolation: 0,interpolation_duration: 1}
$data merge entity $(bone_leftelbow) {transformation: [0.5354f,0.8445f,0.0088f,0.3053f,-0.8374f,0.5322f,-0.1243f,3.9033f,-0.1097f,0.0592f,0.9922f,0.7953f,0f,0f,0f,1f],start_interpolation: 0,interpolation_duration: 1}
$data merge entity $(bone_leftarm) {transformation: [0.5089f,-0.2089f,0.8351f,0.2175f,-0.8607f,-0.105f,0.4983f,3.5948f,-0.0164f,-0.9723f,-0.2332f,0.4219f,0f,0f,0f,1f],start_interpolation: 0,interpolation_duration: 1}
$data merge entity $(bone_rightthumb2) {transformation: [-0.974f,0.2207f,0.0521f,-1.3456f,-0.1412f,-0.7701f,0.6221f,4.7019f,0.1774f,0.5985f,0.7812f,-0.2977f,0f,0f,0f,1f],start_interpolation: 0,interpolation_duration: 1}
$data merge entity $(bone_rightthumb) {transformation: [-0.974f,0.2207f,0.0521f,-1.287f,-0.1412f,-0.7701f,0.6221f,4.5663f,0.1774f,0.5985f,0.7812f,-0.0842f,0f,0f,0f,1f],start_interpolation: 0,interpolation_duration: 1}
$data merge entity $(bone_rightpointerfinger) {transformation: [-0.974f,0.2207f,0.0521f,-1.4635f,-0.1412f,-0.7701f,0.6221f,4.8327f,0.1774f,0.5985f,0.7812f,-0.2246f,0f,0f,0f,1f],start_interpolation: 0,interpolation_duration: 1}
$data merge entity $(bone_rightmidfinger) {transformation: [-0.974f,0.2207f,0.0521f,-1.4554f,-0.1412f,-0.7701f,0.6221f,4.9299f,0.1774f,0.5985f,0.7812f,-0.1025f,0f,0f,0f,1f],start_interpolation: 0,interpolation_duration: 1}
$data merge entity $(bone_rightringfinger) {transformation: [-0.974f,0.2207f,0.0521f,-1.4473f,-0.1412f,-0.7701f,0.6221f,5.0271f,0.1774f,0.5985f,0.7812f,0.0196f,0f,0f,0f,1f],start_interpolation: 0,interpolation_duration: 1}
$data merge entity $(bone_hugeasssword) {transformation: [-3.8147f,0.8644f,0.2039f,-1.1527f,-0.5532f,-3.0162f,2.4366f,4.8012f,0.6947f,2.3443f,3.0597f,-0.0402f,0f,0f,0f,1f],start_interpolation: 0,interpolation_duration: 1}
$data merge entity $(bone_ice) {transformation: [-0.974f,0.2207f,0.0521f,-1.1409f,-0.1412f,-0.7701f,0.6221f,4.8155f,0.1774f,0.5985f,0.7812f,-0.0524f,0f,0f,0f,1f],start_interpolation: 0,interpolation_duration: 1}
$data merge entity $(bone_righthand1) {transformation: [-0.974f,0.2207f,0.0521f,-1.3276f,-0.1412f,-0.7701f,0.6221f,4.6071f,0.1774f,0.5985f,0.7812f,0.166f,0f,0f,0f,1f],start_interpolation: 0,interpolation_duration: 1}
$data merge entity $(bone_rightforearm) {transformation: [-0.6734f,-0.3764f,-0.6363f,-1.5386f,0.1032f,-0.9001f,0.4233f,3.959f,-0.7321f,0.2194f,0.6449f,0.3719f,0f,0f,0f,1f],start_interpolation: 0,interpolation_duration: 1}
$data merge entity $(bone_rightelbow) {transformation: [-0.6734f,-0.3764f,-0.6363f,-1.6092f,0.1032f,-0.9001f,0.4233f,3.7903f,-0.7321f,0.2194f,0.6449f,0.413f,0f,0f,0f,1f],start_interpolation: 0,interpolation_duration: 1}
$data merge entity $(bone_rightarm) {transformation: [-0.638f,0.7108f,-0.2961f,-1.171f,0.032f,-0.3598f,-0.9325f,3.7332f,-0.7693f,-0.6044f,0.2068f,0.3384f,0f,0f,0f,1f],start_interpolation: 0,interpolation_duration: 1}
$data merge entity $(bone_chest1) {transformation: [-1.0813f,-0.0167f,-0.065f,-0.4331f,-0.0321f,1.0503f,0.2635f,3.496f,0.059f,0.2649f,-1.0488f,0.1807f,0f,0f,0f,1f],start_interpolation: 0,interpolation_duration: 1}
$data merge entity $(bone_chest1lid) {transformation: [-0.9981f,-0.0155f,-0.06f,-0.7398f,-0.0296f,0.9695f,0.2432f,2.7281f,0.0544f,0.2445f,-0.9681f,0.411f,0f,0f,0f,1f],start_interpolation: 0,interpolation_duration: 1}
$data merge entity $(bone_chest2) {transformation: [-0.9981f,-0.0155f,-0.06f,-0.7374f,-0.0296f,0.9695f,0.2432f,2.5766f,0.0544f,0.2445f,-0.9681f,0.3727f,0f,0f,0f,1f],start_interpolation: 0,interpolation_duration: 1}
$data merge entity $(bone_chest1lid3) {transformation: [-0.9981f,-0.0155f,-0.06f,-0.7159f,-0.0296f,0.9695f,0.2432f,2.8858f,0.0544f,0.2445f,-0.9681f,-0.2126f,0f,0f,0f,1f],start_interpolation: 0,interpolation_duration: 1}
$data merge entity $(bone_chest3) {transformation: [-0.9981f,-0.0155f,-0.06f,-0.7135f,-0.0296f,0.9695f,0.2432f,2.7343f,0.0544f,0.2445f,-0.9681f,-0.2508f,0f,0f,0f,1f],start_interpolation: 0,interpolation_duration: 1}
$data merge entity $(bone_hugeasssword2) {transformation: [0.235f,2.8412f,-2.6856f,-1.6966f,-0.9526f,2.651f,2.7212f,4.6489f,3.7918f,0.4899f,0.8501f,0.275f,0f,0f,0f,1f],start_interpolation: 0,interpolation_duration: 1}
$data merge entity $(bone_belt) {transformation: [-0.9981f,-0.0155f,-0.06f,-0.3871f,-0.0296f,0.9695f,0.2432f,3.0789f,0.0544f,0.2445f,-0.9681f,0.2082f,0f,0f,0f,1f],start_interpolation: 0,interpolation_duration: 1}
$data merge entity $(bone_torn_part) {transformation: [-0.9735f,-0.0151f,-0.2283f,-0.4993f,-0.1197f,0.8838f,0.4522f,2.7884f,0.195f,0.4676f,-0.8622f,0.1609f,0f,0f,0f,1f],start_interpolation: 0,interpolation_duration: 1}
$data merge entity $(bone_lowerbody) {transformation: [-0.9735f,-0.083f,-0.2132f,-0.3337f,-0.1197f,0.9789f,0.1655f,2.2988f,0.195f,0.1866f,-0.9629f,0.1862f,0f,0f,0f,1f],start_interpolation: 0,interpolation_duration: 1}
$data merge entity $(bone_leftfoot) {transformation: [-0.5364f,0.1008f,-0.8379f,0.4991f,-0.3017f,0.9043f,0.302f,1.0324f,0.7882f,0.4148f,-0.4546f,-0.009f,0f,0f,0f,1f],start_interpolation: 0,interpolation_duration: 1}
$data merge entity $(bone_leftlowerleg) {transformation: [-0.5364f,0.1008f,-0.8379f,0.7397f,-0.3017f,0.9043f,0.302f,1.9892f,0.7882f,0.4148f,-0.4546f,0.521f,0f,0f,0f,1f],start_interpolation: 0,interpolation_duration: 1}
$data merge entity $(bone_leftleg) {transformation: [-0.5912f,-0.8051f,-0.0471f,-0.1153f,-0.3629f,0.3177f,-0.876f,2.3001f,0.7202f,-0.5008f,-0.48f,0.0176f,0f,0f,0f,1f],start_interpolation: 0,interpolation_duration: 1}
$data merge entity $(bone_rightfoot) {transformation: [-0.918f,0.3338f,0.2142f,-1.2789f,0.3231f,0.9426f,-0.0846f,0.2832f,-0.2301f,-0.0085f,-0.9731f,0.2802f,0f,0f,0f,1f],start_interpolation: 0,interpolation_duration: 1}
$data merge entity $(bone_rightlowerleg) {transformation: [-0.918f,0.3338f,0.2142f,-0.9414f,0.3231f,0.9426f,-0.0846f,1.3419f,-0.2301f,-0.0085f,-0.9731f,0.4203f,0f,0f,0f,1f],start_interpolation: 0,interpolation_duration: 1}
$data merge entity $(bone_rightleg) {transformation: [-0.9544f,0.2912f,-0.0649f,-0.6089f,0.2954f,0.8917f,-0.3431f,2.2811f,-0.042f,-0.3466f,-0.9371f,0.0754f,0f,0f,0f,1f],start_interpolation: 0,interpolation_duration: 1}
data modify entity @s data merge value {"cameras":{},"locators":{"lefthand":{"posx":-0.7446666855403437,"posy":3.244841989667343,"posz":0.6467602351766091,"roty":191.80060490158175,"rotx":-18.916224381040916},"sword":{"posx":-1.4284158908295894,"posy":2.5105250071907577,"posz":-2.9379747863717482,"roty":176.18779614938617,"rotx":38.47005118287015},"righthand":{"posx":-1.2364651142240863,"posy":4.804538957510806,"posz":-0.05729584815292074,"roty":176.18779614938617,"rotx":38.47005118287015},"chest":{"posx":-0.7606824532580083,"posy":2.628563925239243,"posz":0.5486418863852283,"roty":356.4530185084296,"rotx":14.076912521844376}}}