# This file was generated by Animated Java via MC-Build. It is not recommended to edit this file directly.
$data merge entity $(nose) {transformation: [-0.9872f,0.067f,0.1447f,0.2126f,0.0835f,0.9903f,0.1112f,3.9712f,-0.1358f,0.1219f,-0.9832f,0.4058f,0f,0f,0f,1f],start_interpolation: 0,interpolation_duration: 1}
$data merge entity $(glowing_eye) {transformation: [-0.9872f,0.067f,0.1447f,0.0887f,0.0835f,0.9903f,0.1112f,4.0448f,-0.1358f,0.1219f,-0.9832f,0.4314f,0f,0f,0f,1f],start_interpolation: 0,interpolation_duration: 1}
$data merge entity $(head) {transformation: [-0.9872f,0.067f,0.1447f,0.2314f,0.0835f,0.9903f,0.1112f,3.8698f,-0.1358f,0.1219f,-0.9832f,0.2066f,0f,0f,0f,1f],start_interpolation: 0,interpolation_duration: 1}
$data merge entity $(leftthumb2) {transformation: [-0.0026f,0.8906f,-0.4549f,-0.14f,-0.8876f,-0.2116f,-0.4092f,3.6987f,-0.4607f,0.4026f,0.791f,0.3274f,0f,0f,0f,1f],start_interpolation: 0,interpolation_duration: 1}
$data merge entity $(leftthumb) {transformation: [-0.0026f,0.8906f,-0.4549f,0.0396f,-0.8876f,-0.2116f,-0.4092f,3.6118f,-0.4607f,0.4026f,0.791f,0.4937f,0f,0f,0f,1f],start_interpolation: 0,interpolation_duration: 1}
$data merge entity $(leftpointerfinger) {transformation: [-0.0026f,0.8906f,-0.4549f,-0.2737f,-0.8876f,-0.2116f,-0.4092f,3.7592f,-0.4607f,0.4026f,0.791f,0.449f,0f,0f,0f,1f],start_interpolation: 0,interpolation_duration: 1}
$data merge entity $(leftmidfinger) {transformation: [-0.0026f,0.8906f,-0.4549f,-0.3447f,-0.8876f,-0.2116f,-0.4092f,3.6952f,-0.4607f,0.4026f,0.791f,0.5726f,0f,0f,0f,1f],start_interpolation: 0,interpolation_duration: 1}
$data merge entity $(leftringfinger) {transformation: [-0.0026f,0.8906f,-0.4549f,-0.4158f,-0.8876f,-0.2116f,-0.4092f,3.6313f,-0.4607f,0.4026f,0.791f,0.6962f,0f,0f,0f,1f],start_interpolation: 0,interpolation_duration: 1}
$data merge entity $(invisibility) {transformation: [0.8475f,0.5307f,0.0026f,-0.1625f,-0.2465f,0.3892f,0.8876f,3.5824f,0.47f,-0.7529f,0.4607f,0.382f,0f,0f,0f,1f],start_interpolation: 0,interpolation_duration: 1}
$data merge entity $(swiftness) {transformation: [-0.4549f,0.8906f,0.0026f,-0.3686f,-0.4092f,-0.2116f,0.8876f,3.4881f,0.791f,0.4026f,0.4607f,0.4518f,0f,0f,0f,1f],start_interpolation: 0,interpolation_duration: 1}
$data merge entity $(suspicious_stew) {transformation: [0.6149f,0.7886f,0.0026f,-0.2896f,-0.3647f,0.2814f,0.8876f,3.5156f,0.6992f,-0.5467f,0.4607f,0.5114f,0f,0f,0f,1f],start_interpolation: 0,interpolation_duration: 1}
$data merge entity $(log) {transformation: [-0.0026f,0.8906f,-0.4549f,-0.1998f,-0.8876f,-0.2116f,-0.4092f,3.3867f,-0.4607f,0.4026f,0.791f,0.5556f,0f,0f,0f,1f],start_interpolation: 0,interpolation_duration: 1}
$data merge entity $(planks) {transformation: [-0.0026f,0.8906f,-0.4549f,-0.2001f,-0.8876f,-0.2116f,-0.4092f,3.3035f,-0.4607f,0.4026f,0.791f,0.5125f,0f,0f,0f,1f],start_interpolation: 0,interpolation_duration: 1}
$data merge entity $(lefthand1) {transformation: [-0.0026f,0.8906f,-0.4549f,0.0377f,-0.8876f,-0.2116f,-0.4092f,3.5685f,-0.4607f,0.4026f,0.791f,0.7468f,0f,0f,0f,1f],start_interpolation: 0,interpolation_duration: 1}
$data merge entity $(leftforearm) {transformation: [-0.011f,0.9925f,-0.122f,0.7476f,-0.9527f,-0.0475f,-0.3002f,3.4841f,-0.3037f,0.1129f,0.9461f,0.7963f,0f,0f,0f,1f],start_interpolation: 0,interpolation_duration: 1}
$data merge entity $(leftelbow) {transformation: [-0.011f,0.9925f,-0.122f,0.9337f,-0.9527f,-0.0475f,-0.3002f,3.4752f,-0.3037f,0.1129f,0.9461f,0.8175f,0f,0f,0f,1f],start_interpolation: 0,interpolation_duration: 1}
$data merge entity $(leftarm) {transformation: [-0.0652f,0.1105f,0.9917f,0.8495f,-0.9737f,0.2105f,-0.0875f,3.3528f,-0.2184f,-0.9713f,0.0939f,0.351f,0f,0f,0f,1f],start_interpolation: 0,interpolation_duration: 1}
$data merge entity $(rightthumb2) {transformation: [-0.8548f,-0.3904f,-0.3419f,0.2111f,0.1884f,-0.8473f,0.4965f,4.4921f,-0.4836f,0.36f,0.7978f,-0.2798f,0f,0f,0f,1f],start_interpolation: 0,interpolation_duration: 1}
$data merge entity $(rightthumb) {transformation: [-0.8548f,-0.3904f,-0.3419f,0.0861f,0.1884f,-0.8473f,0.4965f,4.3268f,-0.4836f,0.36f,0.7978f,-0.1233f,0f,0f,0f,1f],start_interpolation: 0,interpolation_duration: 1}
$data merge entity $(rightpointerfinger) {transformation: [-0.8548f,-0.3904f,-0.3419f,0.1047f,0.1884f,-0.8473f,0.4965f,4.6487f,-0.4836f,0.36f,0.7978f,-0.2569f,0f,0f,0f,1f],start_interpolation: 0,interpolation_duration: 1}
$data merge entity $(rightmidfinger) {transformation: [-0.8548f,-0.3904f,-0.3419f,0.0513f,0.1884f,-0.8473f,0.4965f,4.7262f,-0.4836f,0.36f,0.7978f,-0.1323f,0f,0f,0f,1f],start_interpolation: 0,interpolation_duration: 1}
$data merge entity $(rightringfinger) {transformation: [-0.8548f,-0.3904f,-0.3419f,-0.0021f,0.1884f,-0.8473f,0.4965f,4.8038f,-0.4836f,0.36f,0.7978f,-0.0076f,0f,0f,0f,1f],start_interpolation: 0,interpolation_duration: 1}
$data merge entity $(hugeasssword) {transformation: [-3.348f,-1.529f,-1.3392f,0.2044f,0.7378f,-3.3188f,1.9447f,4.4963f,-1.894f,1.41f,3.1249f,0.0568f,0f,0f,0f,1f],start_interpolation: 0,interpolation_duration: 1}
$data merge entity $(whey) {transformation: [0f,0f,0f,0.436f,0f,0f,0f,4.4736f,0f,0f,0f,-0.006f,0f,0f,0f,1f],start_interpolation: 0,interpolation_duration: 1}
$data merge entity $(ice) {transformation: [-0.8548f,-0.3904f,-0.3419f,0.2238f,0.1884f,-0.8473f,0.4965f,4.5066f,-0.4836f,0.36f,0.7978f,0.0588f,0f,0f,0f,1f],start_interpolation: 0,interpolation_duration: 1}
$data merge entity $(righthand1) {transformation: [-0.8548f,-0.3904f,-0.3419f,-0.0981f,0.1884f,-0.8473f,0.4965f,4.3574f,-0.4836f,0.36f,0.7978f,0.0528f,0f,0f,0f,1f],start_interpolation: 0,interpolation_duration: 1}
$data merge entity $(rightforearm) {transformation: [0.1898f,-0.7261f,-0.6609f,-0.6171f,0.3073f,-0.5954f,0.7423f,3.9059f,-0.9325f,-0.344f,0.1102f,-0.1218f,0f,0f,0f,1f],start_interpolation: 0,interpolation_duration: 1}
$data merge entity $(rightelbow) {transformation: [0.1898f,-0.7261f,-0.6609f,-0.7533f,0.3073f,-0.5954f,0.7423f,3.7943f,-0.9325f,-0.344f,0.1102f,-0.1863f,0f,0f,0f,1f],start_interpolation: 0,interpolation_duration: 1}
$data merge entity $(rightarm) {transformation: [0.2094f,0.6612f,-0.7204f,-0.4693f,0.2308f,-0.7494f,-0.6206f,3.5078f,-0.9502f,-0.0363f,-0.3095f,0.0414f,0f,0f,0f,1f],start_interpolation: 0,interpolation_duration: 1}
$data merge entity $(chest1) {transformation: [-1.0514f,-0.096f,0.2429f,0.2776f,-0.0327f,1.0479f,0.2729f,3.247f,-0.2591f,0.2576f,-1.0199f,-0.0128f,0f,0f,0f,1f],start_interpolation: 0,interpolation_duration: 1}
$data merge entity $(chest1lid) {transformation: [-0.9705f,-0.0887f,0.2242f,-0.0809f,-0.0302f,0.9673f,0.252f,2.477f,-0.2392f,0.2378f,-0.9414f,0.1115f,0f,0f,0f,1f],start_interpolation: 0,interpolation_duration: 1}
$data merge entity $(chest2) {transformation: [-0.9705f,-0.0887f,0.2242f,-0.067f,-0.0302f,0.9673f,0.252f,2.3259f,-0.2392f,0.2378f,-0.9414f,0.0743f,0f,0f,0f,1f],start_interpolation: 0,interpolation_duration: 1}
$data merge entity $(chest1lid3) {transformation: [-0.9705f,-0.0887f,0.2242f,0.1234f,-0.0302f,0.9673f,0.252f,2.6403f,-0.2392f,0.2378f,-0.9414f,-0.4767f,0f,0f,0f,1f],start_interpolation: 0,interpolation_duration: 1}
$data merge entity $(chest3) {transformation: [-0.9705f,-0.0887f,0.2242f,0.1373f,-0.0302f,0.9673f,0.252f,2.4892f,-0.2392f,0.2378f,-0.9414f,-0.5138f,0f,0f,0f,1f],start_interpolation: 0,interpolation_duration: 1}
$data merge entity $(hugeasssword2) {transformation: [-0.8781f,2.5679f,-2.824f,-0.9616f,-0.9868f,2.6466f,2.7133f,4.3989f,3.6872f,1.3198f,0.0536f,-0.281f,0f,0f,0f,1f],start_interpolation: 0,interpolation_duration: 1}
$data merge entity $(belt) {transformation: [-0.9705f,-0.0887f,0.2242f,0.3147f,-0.0302f,0.9673f,0.252f,2.8297f,-0.2392f,0.2378f,-0.9414f,0.0234f,0f,0f,0f,1f],start_interpolation: 0,interpolation_duration: 1}
$data merge entity $(torn_part) {transformation: [-0.9775f,-0.125f,0.1698f,0.2171f,-0.0483f,0.9166f,0.3969f,2.5427f,-0.2053f,0.3798f,-0.902f,-0.0578f,0f,0f,0f,1f],start_interpolation: 0,interpolation_duration: 1}
$data merge entity $(lowerbody) {transformation: [-0.9775f,-0.0682f,0.1996f,0.3178f,-0.0483f,0.9935f,0.1029f,2.0478f,-0.2053f,0.0909f,-0.9745f,0.0548f,0f,0f,0f,1f],start_interpolation: 0,interpolation_duration: 1}
$data merge entity $(leftfoot) {transformation: [-0.9066f,-0.3086f,-0.2879f,1.2807f,-0.3992f,0.8482f,0.3481f,0.2378f,0.1368f,0.4305f,-0.8922f,-0.4818f,0f,0f,0f,1f],start_interpolation: 0,interpolation_duration: 1}
$data merge entity $(leftlowerleg) {transformation: [-0.9066f,-0.3086f,-0.2879f,0.9826f,-0.3992f,0.8482f,0.3481f,1.1253f,0.1368f,0.4305f,-0.8922f,0.1328f,0f,0f,0f,1f],start_interpolation: 0,interpolation_duration: 1}
$data merge entity $(leftleg) {transformation: [-0.9275f,-0.3533f,0.1224f,0.5868f,-0.3701f,0.9143f,-0.1648f,2.0746f,-0.0537f,-0.1982f,-0.9787f,-0.0604f,0f,0f,0f,1f],start_interpolation: 0,interpolation_duration: 1}
$data merge entity $(rightfoot) {transformation: [-0.918f,0.1105f,0.3809f,-0.1608f,0.2769f,0.8661f,0.4162f,0.458f,-0.284f,0.4875f,-0.8257f,-0.0199f,0f,0f,0f,1f],start_interpolation: 0,interpolation_duration: 1}
$data merge entity $(rightlowerleg) {transformation: [-0.918f,0.1105f,0.3809f,-0.0968f,0.2769f,0.8661f,0.4162f,1.3549f,-0.284f,0.4875f,-0.8257f,0.6478f,0f,0f,0f,1f],start_interpolation: 0,interpolation_duration: 1}
$data merge entity $(rightleg) {transformation: [-0.9881f,0.154f,0.0025f,0.0869f,0.0974f,0.6376f,-0.7642f,2.0148f,-0.1192f,-0.7548f,-0.645f,-0.1394f,0f,0f,0f,1f],start_interpolation: 0,interpolation_duration: 1}
data modify entity @s data merge value {"cameras":{},"locators":{"soup":{"px":-0.1541199939712186,"py":3.5362234753407056,"pz":0.4030617599101515,"ry":179.67237385111272,"rx":62.56812889103776},"lefthand":{"px":-0.2620492477940992,"py":3.492881160946496,"pz":0.5550159881186268,"ry":209.9013358016109,"rx":-24.155069360187465},"sword":{"px":1.4160330724988295,"py":2.698886594100104,"pz":-2.9467129494499456,"ry":203.19855675403934,"rx":29.76950457774429},"righthand":{"px":0.15515426237610075,"py":4.529774691366107,"pz":-0.004657604716747955,"ry":203.19855675403934,"rx":29.76950457774429},"chest":{"px":-0.14069802363569334,"py":2.376236772285322,"pz":0.23621753927984263,"ry":13.395459656658687,"rx":14.593118285951858}}}