# This file was generated by Animated Java via MC-Build. It is not recommended to edit this file directly.
$data merge entity $(nose) {transformation: [-0.9853f,0.0526f,0.1623f,0.2548f,0.0628f,0.9963f,0.0582f,3.9991f,-0.1586f,0.0675f,-0.985f,0.3996f,0f,0f,0f,1f],start_interpolation: 0,interpolation_duration: 1}
$data merge entity $(glowing_eye) {transformation: [-0.9853f,0.0526f,0.1623f,0.1295f,0.0628f,0.9963f,0.0582f,4.0723f,-0.1586f,0.0675f,-0.985f,0.4187f,0f,0f,0f,1f],start_interpolation: 0,interpolation_duration: 1}
$data merge entity $(head) {transformation: [-0.9853f,0.0526f,0.1623f,0.2787f,0.0628f,0.9963f,0.0582f,3.8869f,-0.1586f,0.0675f,-0.985f,0.2068f,0f,0f,0f,1f],start_interpolation: 0,interpolation_duration: 1}
$data merge entity $(leftthumb2) {transformation: [-0.0583f,0.7549f,-0.6532f,0.0964f,-0.9221f,-0.2914f,-0.2545f,3.7988f,-0.3825f,0.5875f,0.7132f,0.0908f,0f,0f,0f,1f],start_interpolation: 0,interpolation_duration: 1}
$data merge entity $(leftthumb) {transformation: [-0.0583f,0.7549f,-0.6532f,0.2257f,-0.9221f,-0.2914f,-0.2545f,3.7056f,-0.3825f,0.5875f,0.7132f,0.2959f,0f,0f,0f,1f],start_interpolation: 0,interpolation_duration: 1}
$data merge entity $(leftpointerfinger) {transformation: [-0.0583f,0.7549f,-0.6532f,-0.0462f,-0.9221f,-0.2914f,-0.2545f,3.8901f,-0.3825f,0.5875f,0.7132f,0.1784f,0f,0f,0f,1f],start_interpolation: 0,interpolation_duration: 1}
$data merge entity $(leftmidfinger) {transformation: [-0.0583f,0.7549f,-0.6532f,-0.1483f,-0.9221f,-0.2914f,-0.2545f,3.8504f,-0.3825f,0.5875f,0.7132f,0.2898f,0f,0f,0f,1f],start_interpolation: 0,interpolation_duration: 1}
$data merge entity $(leftringfinger) {transformation: [-0.0583f,0.7549f,-0.6532f,-0.2504f,-0.9221f,-0.2914f,-0.2545f,3.8106f,-0.3825f,0.5875f,0.7132f,0.4012f,0f,0f,0f,1f],start_interpolation: 0,interpolation_duration: 1}
$data merge entity $(invisibility) {transformation: [0.6951f,0.7165f,0.0583f,0.0458f,-0.3125f,0.2281f,0.9221f,3.6933f,0.6474f,-0.6592f,0.3825f,0.1486f,0f,0f,0f,1f],start_interpolation: 0,interpolation_duration: 1}
$data merge entity $(swiftness) {transformation: [-0.6532f,0.7549f,0.0583f,-0.1819f,-0.2545f,-0.2914f,0.9221f,3.637f,0.7132f,0.5875f,0.3825f,0.1829f,0f,0f,0f,1f],start_interpolation: 0,interpolation_duration: 1}
$data merge entity $(suspicious_stew) {transformation: [0.4082f,0.911f,0.0583f,-0.1121f,-0.3717f,0.1075f,0.9221f,3.6593f,0.8338f,-0.3981f,0.3825f,0.2548f,0f,0f,0f,1f],start_interpolation: 0,interpolation_duration: 1}
$data merge entity $(log) {transformation: [-0.0583f,0.7549f,-0.6532f,-0.0538f,-0.9221f,-0.2914f,-0.2545f,3.5245f,-0.3825f,0.5875f,0.7132f,0.3258f,0f,0f,0f,1f],start_interpolation: 0,interpolation_duration: 1}
$data merge entity $(planks) {transformation: [-0.0583f,0.7549f,-0.6532f,-0.0592f,-0.9221f,-0.2914f,-0.2545f,3.438f,-0.3825f,0.5875f,0.7132f,0.2899f,0f,0f,0f,1f],start_interpolation: 0,interpolation_duration: 1}
$data merge entity $(lefthand1) {transformation: [-0.0583f,0.7549f,-0.6532f,0.17f,-0.9221f,-0.2914f,-0.2545f,3.6901f,-0.3825f,0.5875f,0.7132f,0.546f,0f,0f,0f,1f],start_interpolation: 0,interpolation_duration: 1}
$data merge entity $(leftforearm) {transformation: [-0.1262f,0.9228f,-0.3639f,0.8262f,-0.9552f,-0.212f,-0.2065f,3.4864f,-0.2678f,0.3216f,0.9082f,0.7465f,0f,0f,0f,1f],start_interpolation: 0,interpolation_duration: 1}
$data merge entity $(leftelbow) {transformation: [-0.1262f,0.9228f,-0.3639f,0.9993f,-0.9552f,-0.212f,-0.2065f,3.4466f,-0.2678f,0.3216f,0.9082f,0.8068f,0f,0f,0f,1f],start_interpolation: 0,interpolation_duration: 1}
$data merge entity $(leftarm) {transformation: [-0.1905f,0.1194f,0.9744f,0.8734f,-0.9632f,0.1687f,-0.209f,3.3257f,-0.1893f,-0.9784f,0.0829f,0.3494f,0f,0f,0f,1f],start_interpolation: 0,interpolation_duration: 1}
$data merge entity $(rightthumb2) {transformation: [-0.9137f,-0.2668f,-0.3066f,0.0601f,-0.0211f,-0.7221f,0.6915f,4.4326f,-0.4059f,0.6383f,0.6541f,-0.6101f,0f,0f,0f,1f],start_interpolation: 0,interpolation_duration: 1}
$data merge entity $(rightthumb) {transformation: [-0.9137f,-0.2668f,-0.3066f,-0.0315f,-0.0211f,-0.7221f,0.6915f,4.3146f,-0.4059f,0.6383f,0.6541f,-0.3976f,0f,0f,0f,1f],start_interpolation: 0,interpolation_duration: 1}
$data merge entity $(rightpointerfinger) {transformation: [-0.9137f,-0.2668f,-0.3066f,-0.0583f,-0.0211f,-0.7221f,0.6915f,4.5817f,-0.4059f,0.6383f,0.6541f,-0.6208f,0f,0f,0f,1f],start_interpolation: 0,interpolation_duration: 1}
$data merge entity $(rightmidfinger) {transformation: [-0.9137f,-0.2668f,-0.3066f,-0.1062f,-0.0211f,-0.7221f,0.6915f,4.6897f,-0.4059f,0.6383f,0.6541f,-0.5186f,0f,0f,0f,1f],start_interpolation: 0,interpolation_duration: 1}
$data merge entity $(rightringfinger) {transformation: [-0.9137f,-0.2668f,-0.3066f,-0.1541f,-0.0211f,-0.7221f,0.6915f,4.7977f,-0.4059f,0.6383f,0.6541f,-0.4164f,0f,0f,0f,1f],start_interpolation: 0,interpolation_duration: 1}
$data merge entity $(hugeasssword) {transformation: [-3.5786f,-1.0451f,-1.2007f,0.0871f,-0.0827f,-2.8282f,2.7083f,4.5378f,-1.5897f,2.4999f,2.562f,-0.2914f,0f,0f,0f,1f],start_interpolation: 0,interpolation_duration: 1}
$data merge entity $(whey) {transformation: [0f,0f,0f,0.3123f,0f,0f,0f,4.5119f,0f,0f,0f,-0.3734f,0f,0f,0f,1f],start_interpolation: 0,interpolation_duration: 1}
$data merge entity $(ice) {transformation: [-0.9137f,-0.2668f,-0.3066f,0.1055f,-0.0211f,-0.7221f,0.6915f,4.5494f,-0.4059f,0.6383f,0.6541f,-0.295f,0f,0f,0f,1f],start_interpolation: 0,interpolation_duration: 1}
$data merge entity $(righthand1) {transformation: [-0.9137f,-0.2668f,-0.3066f,-0.1992f,-0.0211f,-0.7221f,0.6915f,4.3852f,-0.4059f,0.6383f,0.6541f,-0.2165f,0f,0f,0f,1f],start_interpolation: 0,interpolation_duration: 1}
$data merge entity $(rightforearm) {transformation: [0.0313f,-0.6785f,-0.734f,-0.6712f,0.0751f,-0.7306f,0.6786f,3.8558f,-0.9967f,-0.0764f,0.0281f,-0.1942f,0f,0f,0f,1f],start_interpolation: 0,interpolation_duration: 1}
$data merge entity $(rightelbow) {transformation: [0.0313f,-0.6785f,-0.734f,-0.7984f,0.0751f,-0.7306f,0.6786f,3.7188f,-0.9967f,-0.0764f,0.0281f,-0.2085f,0f,0f,0f,1f],start_interpolation: 0,interpolation_duration: 1}
$data merge entity $(rightarm) {transformation: [0.0607f,0.8109f,-0.5821f,-0.4332f,0.0039f,-0.5833f,-0.8122f,3.5776f,-0.9981f,0.047f,-0.0385f,0.0368f,0f,0f,0f,1f],start_interpolation: 0,interpolation_duration: 1}
$data merge entity $(chest1) {transformation: [-1.0552f,-0.0083f,0.2453f,0.2903f,0.0565f,1.0454f,0.2786f,3.2637f,-0.2388f,0.2842f,-1.0178f,-0.0154f,0f,0f,0f,1f],start_interpolation: 0,interpolation_duration: 1}
$data merge entity $(chest1lid) {transformation: [-0.974f,-0.0077f,0.2264f,-0.1256f,0.0522f,0.965f,0.2572f,2.5214f,-0.2205f,0.2623f,-0.9395f,0.0977f,0f,0f,0f,1f],start_interpolation: 0,interpolation_duration: 1}
$data merge entity $(chest2) {transformation: [-0.974f,-0.0077f,0.2264f,-0.1244f,0.0522f,0.965f,0.2572f,2.3706f,-0.2205f,0.2623f,-0.9395f,0.0567f,0f,0f,0f,1f],start_interpolation: 0,interpolation_duration: 1}
$data merge entity $(chest1lid3) {transformation: [-0.974f,-0.0077f,0.2264f,0.0804f,0.0522f,0.965f,0.2572f,2.6829f,-0.2205f,0.2623f,-0.9395f,-0.4904f,0f,0f,0f,1f],start_interpolation: 0,interpolation_duration: 1}
$data merge entity $(chest3) {transformation: [-0.974f,-0.0077f,0.2264f,0.0816f,0.0522f,0.965f,0.2572f,2.5321f,-0.2205f,0.2623f,-0.9395f,-0.5313f,0f,0f,0f,1f],start_interpolation: 0,interpolation_duration: 1}
$data merge entity $(hugeasssword2) {transformation: [-0.8869f,2.7923f,-2.5994f,-0.8586f,-1.0072f,2.4026f,2.9246f,4.5158f,3.6796f,1.3307f,0.174f,-0.2316f,0f,0f,0f,1f],start_interpolation: 0,interpolation_duration: 1}
$data merge entity $(belt) {transformation: [-0.974f,-0.0077f,0.2264f,0.2949f,0.0522f,0.965f,0.2572f,2.844f,-0.2205f,0.2623f,-0.9395f,0.0102f,0f,0f,0f,1f],start_interpolation: 0,interpolation_duration: 1}
$data merge entity $(torn_part) {transformation: [-0.9878f,-0.0509f,0.1469f,0.1744f,0.0104f,0.9211f,0.3892f,2.5644f,-0.1552f,0.386f,-0.9094f,-0.0704f,0f,0f,0f,1f],start_interpolation: 0,interpolation_duration: 1}
$data merge entity $(lowerbody) {transformation: [-0.9878f,-0.0044f,0.1555f,0.2511f,0.0104f,0.9955f,0.0942f,2.0641f,-0.1552f,0.0947f,-0.9833f,0.0368f,0f,0f,0f,1f],start_interpolation: 0,interpolation_duration: 1}
$data merge entity $(leftfoot) {transformation: [-0.9083f,-0.2365f,-0.345f,1.1236f,-0.3593f,0.8633f,0.3543f,0.2415f,0.214f,0.4458f,-0.8692f,-0.4395f,0f,0f,0f,1f],start_interpolation: 0,interpolation_duration: 1}
$data merge entity $(leftlowerleg) {transformation: [-0.9083f,-0.2365f,-0.345f,0.9143f,-0.3593f,0.8633f,0.3543f,1.1448f,0.214f,0.4458f,-0.8692f,0.1886f,0f,0f,0f,1f],start_interpolation: 0,interpolation_duration: 1}
$data merge entity $(leftleg) {transformation: [-0.9325f,-0.3583f,0.0448f,0.514f,-0.3559f,0.8913f,-0.281f,2.0694f,0.0608f,-0.278f,-0.9587f,-0.087f,0f,0f,0f,1f],start_interpolation: 0,interpolation_duration: 1}
$data merge entity $(rightfoot) {transformation: [-0.8471f,0.0853f,0.5246f,-0.3025f,0.3507f,0.8313f,0.4312f,0.6785f,-0.3993f,0.5492f,-0.7341f,0.0007f,0f,0f,0f,1f],start_interpolation: 0,interpolation_duration: 1}
$data merge entity $(rightlowerleg) {transformation: [-0.8471f,0.0853f,0.5246f,-0.2885f,0.3507f,0.8313f,0.4312f,1.5345f,-0.3993f,0.5492f,-0.7341f,0.7228f,0f,0f,0f,1f],start_interpolation: 0,interpolation_duration: 1}
$data merge entity $(rightleg) {transformation: [-0.9624f,0.2714f,-0.0096f,0.0162f,0.1481f,0.4947f,-0.8563f,2.038f,-0.2277f,-0.8256f,-0.5163f,-0.1369f,0f,0f,0f,1f],start_interpolation: 0,interpolation_duration: 1}
data modify entity @s data merge value {"cameras":{},"locators":{"soup":{"px":0.042708732023718846,"py":3.648932418899888,"pz":0.17442706020193144,"ry":171.33103996072845,"rx":67.23918212880072},"lefthand":{"px":-0.09707847704380651,"py":3.63766245521849,"pz":0.3046188096255248,"ry":222.48708934599344,"rx":-14.74296016191417},"sword":{"px":1.1592641366939422,"py":1.9981185572612579,"pz":-2.7653418058597303,"ry":205.11001285781703,"rx":43.74701439253796},"righthand":{"px":0.02883896260733576,"py":4.547934144212947,"pz":-0.3532398908632959,"ry":205.11001285781703,"rx":43.74701439253796},"chest":{"px":-0.19092142697413006,"py":2.422526575827834,"pz":0.22120564714279503,"ry":13.55147636175613,"rx":14.90219723397342}}}