# This file was generated by Animated Java via MC-Build. It is not recommended to edit this file directly.
$data merge entity $(nose) {transformation: [-0.9924f,-0.0232f,0.1206f,0.18f,-0.0122f,0.9958f,0.0912f,4.1926f,-0.1222f,0.089f,-0.9885f,0.3848f,0f,0f,0f,1f],start_interpolation: 0,interpolation_duration: 1}
$data merge entity $(glowing_eye) {transformation: [-0.9924f,-0.0232f,0.1206f,0.0502f,-0.0122f,0.9958f,0.0912f,4.2554f,-0.1222f,0.089f,-0.9885f,0.41f,0f,0f,0f,1f],start_interpolation: 0,interpolation_duration: 1}
$data merge entity $(head) {transformation: [-0.9924f,-0.0232f,0.1206f,0.2054f,-0.0122f,0.9958f,0.0912f,4.0868f,-0.1222f,0.089f,-0.9885f,0.1887f,0f,0f,0f,1f],start_interpolation: 0,interpolation_duration: 1}
$data merge entity $(leftthumb2) {transformation: [-0.1812f,0.8209f,-0.5416f,-0.1872f,-0.8888f,-0.3724f,-0.267f,3.947f,-0.4209f,0.433f,0.7971f,0.2256f,0f,0f,0f,1f],start_interpolation: 0,interpolation_duration: 1}
$data merge entity $(leftthumb) {transformation: [-0.1812f,0.8209f,-0.5416f,-0.0322f,-0.8888f,-0.3724f,-0.267f,3.8329f,-0.4209f,0.433f,0.7971f,0.3999f,0f,0f,0f,1f],start_interpolation: 0,interpolation_duration: 1}
$data merge entity $(leftpointerfinger) {transformation: [-0.1812f,0.8209f,-0.5416f,-0.3071f,-0.8888f,-0.3724f,-0.267f,4.0398f,-0.4209f,0.433f,0.7971f,0.3412f,0f,0f,0f,1f],start_interpolation: 0,interpolation_duration: 1}
$data merge entity $(leftmidfinger) {transformation: [-0.1812f,0.8209f,-0.5416f,-0.3917f,-0.8888f,-0.3724f,-0.267f,3.9981f,-0.4209f,0.433f,0.7971f,0.4658f,0f,0f,0f,1f],start_interpolation: 0,interpolation_duration: 1}
$data merge entity $(leftringfinger) {transformation: [-0.1812f,0.8209f,-0.5416f,-0.4763f,-0.8888f,-0.3724f,-0.267f,3.9563f,-0.4209f,0.433f,0.7971f,0.5903f,0f,0f,0f,1f],start_interpolation: 0,interpolation_duration: 1}
$data merge entity $(invisibility) {transformation: [0.7705f,0.6111f,0.1812f,-0.2343f,-0.3943f,0.2335f,0.8888f,3.8407f,0.5008f,-0.7563f,0.4209f,0.2848f,0f,0f,0f,1f],start_interpolation: 0,interpolation_duration: 1}
$data merge entity $(swiftness) {transformation: [-0.5416f,0.8209f,0.1812f,-0.4565f,-0.267f,-0.3724f,0.8888f,3.7948f,0.7971f,0.433f,0.4209f,0.3537f,0f,0f,0f,1f],start_interpolation: 0,interpolation_duration: 1}
$data merge entity $(suspicious_stew) {transformation: [0.5151f,0.8378f,0.1812f,-0.3744f,-0.4504f,0.0846f,0.8888f,3.8081f,0.7293f,-0.5394f,0.4209f,0.4139f,0f,0f,0f,1f],start_interpolation: 0,interpolation_duration: 1}
$data merge entity $(log) {transformation: [-0.1812f,0.8209f,-0.5416f,-0.3141f,-0.8888f,-0.3724f,-0.267f,3.6657f,-0.4209f,0.433f,0.7971f,0.466f,0f,0f,0f,1f],start_interpolation: 0,interpolation_duration: 1}
$data merge entity $(planks) {transformation: [-0.1812f,0.8209f,-0.5416f,-0.3311f,-0.8888f,-0.3724f,-0.267f,3.5824f,-0.4209f,0.433f,0.7971f,0.4265f,0f,0f,0f,1f],start_interpolation: 0,interpolation_duration: 1}
$data merge entity $(lefthand1) {transformation: [-0.1812f,0.8209f,-0.5416f,-0.0467f,-0.8888f,-0.3724f,-0.267f,3.8032f,-0.4209f,0.433f,0.7971f,0.6545f,0f,0f,0f,1f],start_interpolation: 0,interpolation_duration: 1}
$data merge entity $(leftforearm) {transformation: [-0.0954f,0.9709f,-0.2198f,0.6439f,-0.9363f,-0.1625f,-0.3114f,3.6345f,-0.338f,0.1761f,0.9245f,0.746f,0f,0f,0f,1f],start_interpolation: 0,interpolation_duration: 1}
$data merge entity $(leftelbow) {transformation: [-0.0954f,0.9709f,-0.2198f,0.8259f,-0.9363f,-0.1625f,-0.3114f,3.604f,-0.338f,0.1761f,0.9245f,0.779f,0f,0f,0f,1f],start_interpolation: 0,interpolation_duration: 1}
$data merge entity $(leftarm) {transformation: [-0.164f,0.253f,0.9535f,0.7875f,-0.9528f,0.2098f,-0.2195f,3.4986f,-0.2555f,-0.9444f,0.2067f,0.3089f,0f,0f,0f,1f],start_interpolation: 0,interpolation_duration: 1}
$data merge entity $(rightthumb2) {transformation: [-0.7518f,0.3163f,-0.5786f,-0.8359f,-0.3573f,-0.9329f,-0.0458f,5.3104f,-0.5543f,0.1723f,0.8143f,0.2305f,0f,0f,0f,1f],start_interpolation: 0,interpolation_duration: 1}
$data merge entity $(rightthumb) {transformation: [-0.7518f,0.3163f,-0.5786f,-0.8078f,-0.3573f,-0.9329f,-0.0458f,5.0777f,-0.5543f,0.1723f,0.8143f,0.3424f,0f,0f,0f,1f],start_interpolation: 0,interpolation_duration: 1}
$data merge entity $(rightpointerfinger) {transformation: [-0.7518f,0.3163f,-0.5786f,-1.0209f,-0.3573f,-0.9329f,-0.0458f,5.3425f,-0.5543f,0.1723f,0.8143f,0.2634f,0f,0f,0f,1f],start_interpolation: 0,interpolation_duration: 1}
$data merge entity $(rightmidfinger) {transformation: [-0.7518f,0.3163f,-0.5786f,-1.1113f,-0.3573f,-0.9329f,-0.0458f,5.3354f,-0.5543f,0.1723f,0.8143f,0.3906f,0f,0f,0f,1f],start_interpolation: 0,interpolation_duration: 1}
$data merge entity $(rightringfinger) {transformation: [-0.7518f,0.3163f,-0.5786f,-1.2017f,-0.3573f,-0.9329f,-0.0458f,5.3282f,-0.5543f,0.1723f,0.8143f,0.5179f,0f,0f,0f,1f],start_interpolation: 0,interpolation_duration: 1}
$data merge entity $(hugeasssword) {transformation: [-2.9444f,1.239f,-2.2661f,-0.8384f,-1.3993f,-3.6538f,-0.1795f,5.2415f,-2.1708f,0.6747f,3.1895f,0.5601f,0f,0f,0f,1f],start_interpolation: 0,interpolation_duration: 1}
$data merge entity $(whey) {transformation: [0f,0f,0f,-0.6574f,0f,0f,0f,5.3968f,0f,0f,0f,0.5247f,0f,0f,0f,1f],start_interpolation: 0,interpolation_duration: 1}
$data merge entity $(ice) {transformation: [-0.7518f,0.3163f,-0.5786f,-0.8316f,-0.3573f,-0.9329f,-0.0458f,5.2616f,-0.5543f,0.1723f,0.8143f,0.5661f,0f,0f,0f,1f],start_interpolation: 0,interpolation_duration: 1}
$data merge entity $(righthand1) {transformation: [-0.7518f,0.3163f,-0.5786f,-0.9585f,-0.3573f,-0.9329f,-0.0458f,4.9377f,-0.5543f,0.1723f,0.8143f,0.496f,0f,0f,0f,1f],start_interpolation: 0,interpolation_duration: 1}
$data merge entity $(rightforearm) {transformation: [0.2836f,0.2179f,-0.9339f,-0.8184f,0.6328f,-0.7742f,0.0115f,4.3424f,-0.7205f,-0.5942f,-0.3575f,0.1305f,0f,0f,0f,1f],start_interpolation: 0,interpolation_duration: 1}
$data merge entity $(rightelbow) {transformation: [0.2836f,0.2179f,-0.9339f,-0.7775f,0.6328f,-0.7742f,0.0115f,4.1972f,-0.7205f,-0.5942f,-0.3575f,0.0191f,0f,0f,0f,1f],start_interpolation: 0,interpolation_duration: 1}
$data merge entity $(rightarm) {transformation: [0.348f,0.656f,-0.6697f,-0.523f,0.5607f,-0.7182f,-0.4121f,3.7635f,-0.7514f,-0.2321f,-0.6177f,0.1048f,0f,0f,0f,1f],start_interpolation: 0,interpolation_duration: 1}
$data merge entity $(chest1) {transformation: [-1.0692f,0.1004f,0.1427f,0.174f,0.1226f,1.0628f,0.1702f,3.4521f,-0.1242f,0.1841f,-1.0603f,0.0088f,0f,0f,0f,1f],start_interpolation: 0,interpolation_duration: 1}
$data merge entity $(chest1lid) {transformation: [-0.9869f,0.0927f,0.1317f,-0.2779f,0.1131f,0.9811f,0.1571f,2.7587f,-0.1147f,0.17f,-0.9788f,0.2365f,0f,0f,0f,1f],start_interpolation: 0,interpolation_duration: 1}
$data merge entity $(chest2) {transformation: [-0.9869f,0.0927f,0.1317f,-0.2924f,0.1131f,0.9811f,0.1571f,2.6054f,-0.1147f,0.17f,-0.9788f,0.2099f,0f,0f,0f,1f],start_interpolation: 0,interpolation_duration: 1}
$data merge entity $(chest1lid3) {transformation: [-0.9869f,0.0927f,0.1317f,-0.1318f,0.1131f,0.9811f,0.1571f,2.8523f,-0.1147f,0.17f,-0.9788f,-0.3834f,0f,0f,0f,1f],start_interpolation: 0,interpolation_duration: 1}
$data merge entity $(chest3) {transformation: [-0.9869f,0.0927f,0.1317f,-0.1463f,0.1131f,0.9811f,0.1571f,2.699f,-0.1147f,0.17f,-0.9788f,-0.4099f,0f,0f,0f,1f],start_interpolation: 0,interpolation_duration: 1}
$data merge entity $(hugeasssword2) {transformation: [-0.516f,3.0953f,-2.3438f,-0.8995f,-0.6153f,2.2693f,3.1324f,4.7715f,3.8335f,0.7809f,0.1873f,-0.1946f,0f,0f,0f,1f],start_interpolation: 0,interpolation_duration: 1}
$data merge entity $(belt) {transformation: [-0.9869f,0.0927f,0.1317f,0.1514f,0.1131f,0.9811f,0.1571f,3.0371f,-0.1147f,0.17f,-0.9788f,0.0729f,0f,0f,0f,1f],start_interpolation: 0,interpolation_duration: 1}
$data merge entity $(torn_part) {transformation: [-0.9912f,0.1201f,0.0562f,-0.0047f,0.1322f,0.9263f,0.3528f,2.7702f,-0.0097f,0.3571f,-0.934f,0.0285f,0f,0f,0f,1f],start_interpolation: 0,interpolation_duration: 1}
$data merge entity $(lowerbody) {transformation: [-0.9912f,0.1314f,0.0175f,0.0255f,0.1322f,0.9895f,0.0579f,2.266f,-0.0097f,0.0597f,-0.9982f,0.1407f,0f,0f,0f,1f],start_interpolation: 0,interpolation_duration: 1}
$data merge entity $(leftfoot) {transformation: [-0.8864f,-0.1835f,-0.4251f,0.8273f,-0.3112f,0.9159f,0.2535f,0.3341f,0.3428f,0.357f,-0.8689f,-0.2927f,0f,0f,0f,1f],start_interpolation: 0,interpolation_duration: 1}
$data merge entity $(leftlowerleg) {transformation: [-0.8864f,-0.1835f,-0.4251f,0.6891f,-0.3112f,0.9159f,0.2535f,1.3113f,0.3428f,0.357f,-0.8689f,0.2368f,0f,0f,0f,1f],start_interpolation: 0,interpolation_duration: 1}
$data merge entity $(leftleg) {transformation: [-0.9189f,-0.3795f,-0.1076f,0.2681f,-0.3277f,0.8863f,-0.3274f,2.2339f,0.2196f,-0.2656f,-0.9388f,-0.0198f,0f,0f,0f,1f],start_interpolation: 0,interpolation_duration: 1}
$data merge entity $(rightfoot) {transformation: [-0.8412f,0.1561f,0.5177f,-0.6493f,0.385f,0.8451f,0.3709f,0.7483f,-0.3797f,0.5113f,-0.771f,0.0518f,0f,0f,0f,1f],start_interpolation: 0,interpolation_duration: 1}
$data merge entity $(rightlowerleg) {transformation: [-0.8412f,0.1561f,0.5177f,-0.5557f,0.385f,0.8451f,0.3709f,1.6288f,-0.3797f,0.5113f,-0.771f,0.7375f,0f,0f,0f,1f],start_interpolation: 0,interpolation_duration: 1}
$data merge entity $(rightleg) {transformation: [-0.9541f,0.2995f,-0.0017f,-0.2214f,0.1982f,0.6271f,-0.7533f,2.2745f,-0.2245f,-0.7191f,-0.6577f,-0.0079f,0f,0f,0f,1f],start_interpolation: 0,interpolation_duration: 1}
data modify entity @s data merge value {"cameras":{},"locators":{"soup":{"px":-0.23604467608292037,"py":3.794892635053975,"pz":0.30806828008307946,"ry":156.70176724760103,"rx":62.72668910361499},"lefthand":{"px":-0.35282104812387705,"py":3.7823286692027667,"pz":0.45914042580586156,"ry":214.19505996255987,"rx":-15.485659613692025},"sword":{"px":1.2356105537003295,"py":5.412471878713611,"pz":-2.5041208797392107,"ry":215.39407160284256,"rx":-2.6271953183319057},"righthand":{"px":-0.8979328773410477,"py":5.243447416737864,"pz":0.4987243392346189,"ry":215.39407160284256,"rx":-2.6271953183319057},"chest":{"px":-0.3351482916815466,"py":2.676411448740068,"pz":0.37520251823171585,"ry":7.666329355445782,"rx":9.038749661036915}}}