# This file was generated by Animated Java via MC-Build. It is not recommended to edit this file directly.
$data merge entity $(bone_nose) {transformation: [-0.9953f,-0.0589f,0.0765f,0.0087f,-0.0482f,0.9896f,0.1357f,4.1952f,-0.0837f,0.1314f,-0.9878f,0.4205f,0f,0f,0f,1f],start_interpolation: 0,interpolation_duration: 1}
$data merge entity $(bone_glowing_eye) {transformation: [-0.9953f,-0.0589f,0.0765f,-0.1224f,-0.0482f,0.9896f,0.1357f,4.2514f,-0.0837f,0.1314f,-0.9878f,0.4534f,0f,0f,0f,1f],start_interpolation: 0,interpolation_duration: 1}
$data merge entity $(bone_head) {transformation: [-0.9953f,-0.0589f,0.0765f,0.0303f,-0.0482f,0.9896f,0.1357f,4.0984f,-0.0837f,0.1314f,-0.9878f,0.2193f,0f,0f,0f,1f],start_interpolation: 0,interpolation_duration: 1}
$data merge entity $(bone_leftthumb2) {transformation: [-0.2229f,0.9017f,-0.3704f,-0.4323f,-0.8296f,-0.375f,-0.4137f,3.9081f,-0.5119f,0.2151f,0.8317f,0.4634f,0f,0f,0f,1f],start_interpolation: 0,interpolation_duration: 1}
$data merge entity $(bone_leftthumb) {transformation: [-0.2229f,0.9017f,-0.3704f,-0.2428f,-0.8296f,-0.375f,-0.4137f,3.7808f,-0.5119f,0.2151f,0.8317f,0.5872f,0f,0f,0f,1f],start_interpolation: 0,interpolation_duration: 1}
$data merge entity $(bone_leftpointerfinger) {transformation: [-0.2229f,0.9017f,-0.3704f,-0.5316f,-0.8296f,-0.375f,-0.4137f,3.9752f,-0.5119f,0.2151f,0.8317f,0.6116f,0f,0f,0f,1f],start_interpolation: 0,interpolation_duration: 1}
$data merge entity $(bone_leftmidfinger) {transformation: [-0.2229f,0.9017f,-0.3704f,-0.5895f,-0.8296f,-0.375f,-0.4137f,3.9106f,-0.5119f,0.2151f,0.8317f,0.7416f,0f,0f,0f,1f],start_interpolation: 0,interpolation_duration: 1}
$data merge entity $(bone_leftringfinger) {transformation: [-0.2229f,0.9017f,-0.3704f,-0.6474f,-0.8296f,-0.375f,-0.4137f,3.8459f,-0.5119f,0.2151f,0.8317f,0.8715f,0f,0f,0f,1f],start_interpolation: 0,interpolation_duration: 1}
$data merge entity $(bone_invisibility) {transformation: [0.866f,0.4476f,0.2229f,-0.4632f,-0.4096f,0.3794f,0.8296f,3.7915f,0.2867f,-0.8098f,0.5119f,0.5132f,0f,0f,0f,1f],start_interpolation: 0,interpolation_duration: 1}
$data merge entity $(bone_swiftness) {transformation: [-0.3704f,0.9017f,0.2229f,-0.6664f,-0.4137f,-0.375f,0.8296f,3.7216f,0.8317f,0.2151f,0.5119f,0.6134f,0f,0f,0f,1f],start_interpolation: 0,interpolation_duration: 1}
$data merge entity $(bone_suspicious_stew) {transformation: [0.6607f,0.7168f,0.2229f,-0.5749f,-0.5147f,0.2164f,0.8296f,3.7316f,0.5464f,-0.6629f,0.5119f,0.6591f,0f,0f,0f,1f],start_interpolation: 0,interpolation_duration: 1}
$data merge entity $(bone_log) {transformation: [-0.2229f,0.9017f,-0.3704f,-0.5005f,-0.8296f,-0.375f,-0.4137f,3.5875f,-0.5119f,0.2151f,0.8317f,0.6769f,0f,0f,0f,1f],start_interpolation: 0,interpolation_duration: 1}
$data merge entity $(bone_planks) {transformation: [-0.2229f,0.9017f,-0.3704f,-0.5214f,-0.8296f,-0.375f,-0.4137f,3.5097f,-0.5119f,0.2151f,0.8317f,0.6289f,0f,0f,0f,1f],start_interpolation: 0,interpolation_duration: 1}
$data merge entity $(bone_lefthand1) {transformation: [-0.2229f,0.9017f,-0.3704f,-0.2077f,-0.8296f,-0.375f,-0.4137f,3.7141f,-0.5119f,0.2151f,0.8317f,0.8327f,0f,0f,0f,1f],start_interpolation: 0,interpolation_duration: 1}
$data merge entity $(bone_leftforearm) {transformation: [-0.1138f,0.9912f,-0.0681f,0.4928f,-0.8821f,-0.1324f,-0.452f,3.5724f,-0.4571f,0.0086f,0.8894f,0.7975f,0f,0f,0f,1f],start_interpolation: 0,interpolation_duration: 1}
$data merge entity $(bone_leftelbow) {transformation: [-0.1138f,0.9912f,-0.0681f,0.6787f,-0.8821f,-0.1324f,-0.452f,3.5476f,-0.4571f,0.0086f,0.8894f,0.7991f,0f,0f,0f,1f],start_interpolation: 0,interpolation_duration: 1}
$data merge entity $(bone_leftarm) {transformation: [-0.1748f,0.1864f,0.9668f,0.6159f,-0.9128f,0.3374f,-0.2301f,3.503f,-0.3691f,-0.9227f,0.1112f,0.3242f,0f,0f,0f,1f],start_interpolation: 0,interpolation_duration: 1}
$data merge entity $(bone_rightthumb2) {transformation: [-0.0264f,0.2266f,-0.9736f,-1.0489f,-0.1837f,-0.9585f,-0.2181f,4.9951f,-0.9826f,0.1731f,0.0669f,1.0755f,0f,0f,0f,1f],start_interpolation: 0,interpolation_duration: 1}
$data merge entity $(bone_rightthumb) {transformation: [-0.0264f,0.2266f,-0.9736f,-1.0765f,-0.1837f,-0.9585f,-0.2181f,4.7414f,-0.9826f,0.1731f,0.0669f,1.1237f,0f,0f,0f,1f],start_interpolation: 0,interpolation_duration: 1}
$data merge entity $(bone_rightpointerfinger) {transformation: [-0.0264f,0.2266f,-0.9736f,-1.1994f,-0.1837f,-0.9585f,-0.2181f,5.0256f,-0.9826f,0.1731f,0.0669f,0.9625f,0f,0f,0f,1f],start_interpolation: 0,interpolation_duration: 1}
$data merge entity $(bone_rightmidfinger) {transformation: [-0.0264f,0.2266f,-0.9736f,-1.3515f,-0.1837f,-0.9585f,-0.2181f,4.9915f,-0.9826f,0.1731f,0.0669f,0.973f,0f,0f,0f,1f],start_interpolation: 0,interpolation_duration: 1}
$data merge entity $(bone_rightringfinger) {transformation: [-0.0264f,0.2266f,-0.9736f,-1.5037f,-0.1837f,-0.9585f,-0.2181f,4.9575f,-0.9826f,0.1731f,0.0669f,0.9834f,0f,0f,0f,1f],start_interpolation: 0,interpolation_duration: 1}
$data merge entity $(bone_hugeasssword) {transformation: [-0.1033f,0.8876f,-3.8134f,-1.2833f,-0.7194f,-3.754f,-0.8543f,4.8491f,-3.8486f,0.6779f,0.262f,1.2681f,0f,0f,0f,1f],start_interpolation: 0,interpolation_duration: 1}
$data merge entity $(bone_ice) {transformation: [-0.0264f,0.2266f,-0.9736f,-1.2864f,-0.1837f,-0.9585f,-0.2181f,4.8669f,-0.9826f,0.1731f,0.0669f,1.2808f,0f,0f,0f,1f],start_interpolation: 0,interpolation_duration: 1}
$data merge entity $(bone_righthand1) {transformation: [-0.0264f,0.2266f,-0.9736f,-1.2668f,-0.1837f,-0.9585f,-0.2181f,4.5745f,-0.9826f,0.1731f,0.0669f,1.0805f,0f,0f,0f,1f],start_interpolation: 0,interpolation_duration: 1}
$data merge entity $(bone_rightforearm) {transformation: [0.3926f,0.4143f,-0.8211f,-1.0043f,0.9007f,-0.3536f,0.2523f,4.2506f,-0.1858f,-0.8387f,-0.512f,0.5047f,0f,0f,0f,1f],start_interpolation: 0,interpolation_duration: 1}
$data merge entity $(bone_rightelbow) {transformation: [0.3926f,0.4143f,-0.8211f,-0.9266f,0.9007f,-0.3536f,0.2523f,4.1843f,-0.1858f,-0.8387f,-0.512f,0.3475f,0f,0f,0f,1f],start_interpolation: 0,interpolation_duration: 1}
$data merge entity $(bone_rightarm) {transformation: [0.465f,0.6581f,-0.5922f,-0.7106f,0.8486f,-0.5219f,0.0864f,3.7565f,-0.2523f,-0.5427f,-0.8011f,0.1749f,0f,0f,0f,1f],start_interpolation: 0,interpolation_duration: 1}
$data merge entity $(bone_chest1) {transformation: [-1.071f,0.1369f,0.0886f,-0.0159f,0.1462f,1.0669f,0.1183f,3.4603f,-0.0723f,0.1289f,-1.0732f,0.0572f,0f,0f,0f,1f],start_interpolation: 0,interpolation_duration: 1}
$data merge entity $(bone_chest1lid) {transformation: [-0.9886f,0.1264f,0.0818f,-0.4718f,0.1349f,0.9848f,0.1092f,2.7906f,-0.0668f,0.119f,-0.9906f,0.3407f,0f,0f,0f,1f],start_interpolation: 0,interpolation_duration: 1}
$data merge entity $(bone_chest2) {transformation: [-0.9886f,0.1264f,0.0818f,-0.4915f,0.1349f,0.9848f,0.1092f,2.6367f,-0.0668f,0.119f,-0.9906f,0.3221f,0f,0f,0f,1f],start_interpolation: 0,interpolation_duration: 1}
$data merge entity $(bone_chest1lid3) {transformation: [-0.9886f,0.1264f,0.0818f,-0.3576f,0.1349f,0.9848f,0.1092f,2.8521f,-0.0668f,0.119f,-0.9906f,-0.2898f,0f,0f,0f,1f],start_interpolation: 0,interpolation_duration: 1}
$data merge entity $(bone_chest3) {transformation: [-0.9886f,0.1264f,0.0818f,-0.3773f,0.1349f,0.9848f,0.1092f,2.6982f,-0.0668f,0.119f,-0.9906f,-0.3084f,0f,0f,0f,1f],start_interpolation: 0,interpolation_duration: 1}
$data merge entity $(bone_hugeasssword2) {transformation: [-0.3204f,3.1892f,-2.251f,-1.0656f,-0.4277f,2.2163f,3.2009f,4.7981f,3.88f,0.5077f,0.167f,-0.1495f,0f,0f,0f,1f],start_interpolation: 0,interpolation_duration: 1}
$data merge entity $(bone_belt) {transformation: [-0.9886f,0.1264f,0.0818f,-0.0453f,0.1349f,0.9848f,0.1092f,3.0494f,-0.0668f,0.119f,-0.9906f,0.1416f,0f,0f,0f,1f],start_interpolation: 0,interpolation_duration: 1}
$data merge entity $(bone_torn_part) {transformation: [-0.9835f,0.1805f,0.0149f,-0.212f,0.1753f,0.9282f,0.3283f,2.7877f,0.0454f,0.3255f,-0.9444f,0.1164f,0f,0f,0f,1f],start_interpolation: 0,interpolation_duration: 1}
$data merge entity $(bone_lowerbody) {transformation: [-0.9835f,0.1766f,-0.0401f,-0.1965f,0.1753f,0.9839f,0.034f,2.2854f,0.0454f,0.0264f,-0.9986f,0.2395f,0f,0f,0f,1f],start_interpolation: 0,interpolation_duration: 1}
$data merge entity $(bone_leftfoot) {transformation: [-0.9086f,-0.0438f,-0.4153f,0.3298f,-0.1818f,0.9367f,0.2991f,0.3029f,0.3759f,0.3473f,-0.8591f,-0.1087f,0f,0f,0f,1f],start_interpolation: 0,interpolation_duration: 1}
$data merge entity $(bone_leftlowerleg) {transformation: [-0.9086f,-0.0438f,-0.4153f,0.3451f,-0.1818f,0.9367f,0.2991f,1.2962f,0.3759f,0.3473f,-0.8591f,0.4085f,0f,0f,0f,1f],start_interpolation: 0,interpolation_duration: 1}
$data merge entity $(bone_leftleg) {transformation: [-0.9477f,-0.2748f,-0.1621f,0.0337f,-0.192f,0.8969f,-0.3983f,2.2325f,0.2548f,-0.3464f,-0.9028f,0.0664f,0f,0f,0f,1f],start_interpolation: 0,interpolation_duration: 1}
$data merge entity $(bone_rightfoot) {transformation: [-0.8935f,0.2599f,0.3663f,-0.9546f,0.375f,0.8805f,0.2899f,0.5607f,-0.2472f,0.3964f,-0.8842f,0.1028f,0f,0f,0f,1f],start_interpolation: 0,interpolation_duration: 1}
$data merge entity $(bone_rightlowerleg) {transformation: [-0.8935f,0.2599f,0.3663f,-0.7226f,0.375f,0.8805f,0.2899f,1.4929f,-0.2472f,0.3964f,-0.8842f,0.6784f,0f,0f,0f,1f],start_interpolation: 0,interpolation_duration: 1}
$data merge entity $(bone_rightleg) {transformation: [-0.9696f,0.2369f,-0.0606f,-0.4515f,0.2284f,0.7884f,-0.5712f,2.3134f,-0.0875f,-0.5677f,-0.8186f,0.093f,0f,0f,0f,1f],start_interpolation: 0,interpolation_duration: 1}
data modify entity @s data merge value {"cameras":{},"locators":{"lefthand":{"posx":-0.5442496730431597,"posy":3.7010553564028834,"posz":0.6951263800508269,"roty":204.00528193753692,"rotx":-24.43529911896216},"sword":{"posx":2.313041909963075,"posy":5.6723933986125745,"posz":0.9381777565547298,"roty":266.06904331473527,"rotx":-12.598870435503843},"righthand":{"posx":-1.2772006302633634,"posy":4.868061142983769,"posz":1.1848848194927235,"roty":266.06904331473527,"rotx":-12.598870435503843},"chest":{"posx":-0.5233663701809291,"posy":2.7161536891071085,"posz":0.4859610720663887,"roty":4.720664706520182,"rotx":6.269164140578828}}}