# This file was generated by Animated Java via MC-Build. It is not recommended to edit this file directly.
$data merge entity $(nose) {transformation: [-0.9963f,-0.0497f,0.0694f,-0.1172f,-0.039f,0.9881f,0.1485f,4.1026f,-0.076f,0.1453f,-0.9865f,0.4547f,0f,0f,0f,1f],start_interpolation: 0,interpolation_duration: 1}
$data merge entity $(glowing_eye) {transformation: [-0.9963f,-0.0497f,0.0694f,-0.2476f,-0.039f,0.9881f,0.1485f,4.1595f,-0.076f,0.1453f,-0.9865f,0.4895f,0f,0f,0f,1f],start_interpolation: 0,interpolation_duration: 1}
$data merge entity $(head) {transformation: [-0.9963f,-0.0497f,0.0694f,-0.0981f,-0.039f,0.9881f,0.1485f,4.0084f,-0.076f,0.1453f,-0.9865f,0.2521f,0f,0f,0f,1f],start_interpolation: 0,interpolation_duration: 1}
$data merge entity $(leftthumb2) {transformation: [-0.1977f,0.9422f,-0.2707f,-0.5245f,-0.7778f,-0.3188f,-0.5417f,3.7887f,-0.5966f,0.1035f,0.7958f,0.6079f,0f,0f,0f,1f],start_interpolation: 0,interpolation_duration: 1}
$data merge entity $(leftthumb) {transformation: [-0.1977f,0.9422f,-0.2707f,-0.3165f,-0.7778f,-0.3188f,-0.5417f,3.6643f,-0.5966f,0.1035f,0.7958f,0.7012f,0f,0f,0f,1f],start_interpolation: 0,interpolation_duration: 1}
$data merge entity $(leftpointerfinger) {transformation: [-0.1977f,0.9422f,-0.2707f,-0.6167f,-0.7778f,-0.3188f,-0.5417f,3.8286f,-0.5966f,0.1035f,0.7958f,0.7698f,0f,0f,0f,1f],start_interpolation: 0,interpolation_duration: 1}
$data merge entity $(leftmidfinger) {transformation: [-0.1977f,0.9422f,-0.2707f,-0.659f,-0.7778f,-0.3188f,-0.5417f,3.7439f,-0.5966f,0.1035f,0.7958f,0.8942f,0f,0f,0f,1f],start_interpolation: 0,interpolation_duration: 1}
$data merge entity $(leftringfinger) {transformation: [-0.1977f,0.9422f,-0.2707f,-0.7013f,-0.7778f,-0.3188f,-0.5417f,3.6593f,-0.5966f,0.1035f,0.7958f,1.0185f,0f,0f,0f,1f],start_interpolation: 0,interpolation_duration: 1}
$data merge entity $(invisibility) {transformation: [0.915f,0.3518f,0.1977f,-0.5423f,-0.3648f,0.5118f,0.7778f,3.6648f,0.1724f,-0.7838f,0.5966f,0.6444f,0f,0f,0f,1f],start_interpolation: 0,interpolation_duration: 1}
$data merge entity $(swiftness) {transformation: [-0.2707f,0.9422f,0.1977f,-0.7309f,-0.5417f,-0.3188f,0.7778f,3.5659f,0.7958f,0.1035f,0.5966f,0.7486f,0f,0f,0f,1f],start_interpolation: 0,interpolation_duration: 1}
$data merge entity $(suspicious_stew) {transformation: [0.7395f,0.6435f,0.1977f,-0.6372f,-0.5179f,0.3562f,0.7778f,3.5782f,0.4301f,-0.6775f,0.5966f,0.7888f,0f,0f,0f,1f],start_interpolation: 0,interpolation_duration: 1}
$data merge entity $(log) {transformation: [-0.1977f,0.9422f,-0.2707f,-0.5507f,-0.7778f,-0.3188f,-0.5417f,3.44f,-0.5966f,0.1035f,0.7958f,0.7831f,0f,0f,0f,1f],start_interpolation: 0,interpolation_duration: 1}
$data merge entity $(planks) {transformation: [-0.1977f,0.9422f,-0.2707f,-0.5692f,-0.7778f,-0.3188f,-0.5417f,3.3671f,-0.5966f,0.1035f,0.7958f,0.7272f,0f,0f,0f,1f],start_interpolation: 0,interpolation_duration: 1}
$data merge entity $(lefthand1) {transformation: [-0.1977f,0.9422f,-0.2707f,-0.2573f,-0.7778f,-0.3188f,-0.5417f,3.5717f,-0.5966f,0.1035f,0.7958f,0.9333f,0f,0f,0f,1f],start_interpolation: 0,interpolation_duration: 1}
$data merge entity $(leftforearm) {transformation: [-0.1416f,0.9899f,-0.005f,0.4385f,-0.8389f,-0.1227f,-0.5303f,3.4422f,-0.5256f,-0.0709f,0.8478f,0.8384f,0f,0f,0f,1f],start_interpolation: 0,interpolation_duration: 1}
$data merge entity $(leftelbow) {transformation: [-0.1416f,0.9899f,-0.005f,0.6241f,-0.8389f,-0.1227f,-0.5303f,3.4192f,-0.5256f,-0.0709f,0.8478f,0.8251f,0f,0f,0f,1f],start_interpolation: 0,interpolation_duration: 1}
$data merge entity $(leftarm) {transformation: [-0.1922f,0.0561f,0.9797f,0.4966f,-0.8789f,0.4344f,-0.1973f,3.4196f,-0.4366f,-0.899f,-0.0342f,0.3604f,0f,0f,0f,1f],start_interpolation: 0,interpolation_duration: 1}
$data merge entity $(rightthumb2) {transformation: [0.6102f,-0.3842f,-0.6928f,-0.8434f,0.1916f,-0.777f,0.5996f,4.2071f,-0.7687f,-0.4987f,-0.4005f,1.637f,0f,0f,0f,1f],start_interpolation: 0,interpolation_duration: 1}
$data merge entity $(rightthumb) {transformation: [0.6102f,-0.3842f,-0.6928f,-0.9968f,0.1916f,-0.777f,0.5996f,4.0678f,-0.7687f,-0.4987f,-0.4005f,1.4805f,0f,0f,0f,1f],start_interpolation: 0,interpolation_duration: 1}
$data merge entity $(rightpointerfinger) {transformation: [0.6102f,-0.3842f,-0.6928f,-0.8365f,0.1916f,-0.777f,0.5996f,4.3718f,-0.7687f,-0.4987f,-0.4005f,1.5413f,0f,0f,0f,1f],start_interpolation: 0,interpolation_duration: 1}
$data merge entity $(rightmidfinger) {transformation: [0.6102f,-0.3842f,-0.6928f,-0.9447f,0.1916f,-0.777f,0.5996f,4.4655f,-0.7687f,-0.4987f,-0.4005f,1.4787f,0f,0f,0f,1f],start_interpolation: 0,interpolation_duration: 1}
$data merge entity $(rightringfinger) {transformation: [0.6102f,-0.3842f,-0.6928f,-1.053f,0.1916f,-0.777f,0.5996f,4.5592f,-0.7687f,-0.4987f,-0.4005f,1.4161f,0f,0f,0f,1f],start_interpolation: 0,interpolation_duration: 1}
$data merge entity $(hugeasssword) {transformation: [2.3899f,-1.5048f,-2.7137f,-1.174f,0.7506f,-3.0432f,2.3486f,4.2474f,-3.0108f,-1.9531f,-1.5686f,1.5878f,0f,0f,0f,1f],start_interpolation: 0,interpolation_duration: 1}
$data merge entity $(whey) {transformation: [0f,0f,0f,-1.1455f,0f,0f,0f,4.203f,0f,0f,0f,1.823f,0f,0f,0f,1f],start_interpolation: 0,interpolation_duration: 1}
$data merge entity $(ice) {transformation: [0.6102f,-0.3842f,-0.6928f,-1.1776f,0.1916f,-0.777f,0.5996f,4.2566f,-0.7687f,-0.4987f,-0.4005f,1.6076f,0f,0f,0f,1f],start_interpolation: 0,interpolation_duration: 1}
$data merge entity $(righthand1) {transformation: [0.6102f,-0.3842f,-0.6928f,-1.1427f,0.1916f,-0.777f,0.5996f,4.129f,-0.7687f,-0.4987f,-0.4005f,1.2783f,0f,0f,0f,1f],start_interpolation: 0,interpolation_duration: 1}
$data merge entity $(rightforearm) {transformation: [0.4427f,0.1439f,-0.8851f,-1.0819f,0.8948f,-0.0074f,0.4463f,4.0412f,0.0577f,-0.9896f,-0.132f,0.5787f,0f,0f,0f,1f],start_interpolation: 0,interpolation_duration: 1}
$data merge entity $(rightelbow) {transformation: [0.4427f,0.1439f,-0.8851f,-1.0549f,0.8948f,-0.0074f,0.4463f,4.0398f,0.0577f,-0.9896f,-0.132f,0.3931f,0f,0f,0f,1f],start_interpolation: 0,interpolation_duration: 1}
$data merge entity $(rightarm) {transformation: [0.5056f,0.7139f,-0.4845f,-0.8449f,0.8626f,-0.431f,0.265f,3.6558f,-0.0196f,-0.5519f,-0.8337f,0.1997f,0f,0f,0f,1f],start_interpolation: 0,interpolation_duration: 1}
$data merge entity $(chest1) {transformation: [-1.0716f,0.125f,0.098f,-0.1397f,0.1349f,1.0692f,0.1109f,3.3702f,-0.0839f,0.1219f,-1.0732f,0.0903f,0f,0f,0f,1f],start_interpolation: 0,interpolation_duration: 1}
$data merge entity $(chest1lid) {transformation: [-0.9892f,0.1154f,0.0905f,-0.5917f,0.1245f,0.9869f,0.1024f,2.6981f,-0.0775f,0.1126f,-0.9906f,0.3746f,0f,0f,0f,1f],start_interpolation: 0,interpolation_duration: 1}
$data merge entity $(chest2) {transformation: [-0.9892f,0.1154f,0.0905f,-0.6098f,0.1245f,0.9869f,0.1024f,2.5439f,-0.0775f,0.1126f,-0.9906f,0.357f,0f,0f,0f,1f],start_interpolation: 0,interpolation_duration: 1}
$data merge entity $(chest1lid3) {transformation: [-0.9892f,0.1154f,0.0905f,-0.472f,0.1245f,0.9869f,0.1024f,2.756f,-0.0775f,0.1126f,-0.9906f,-0.2552f,0f,0f,0f,1f],start_interpolation: 0,interpolation_duration: 1}
$data merge entity $(chest3) {transformation: [-0.9892f,0.1154f,0.0905f,-0.49f,0.1245f,0.9869f,0.1024f,2.6017f,-0.0775f,0.1126f,-0.9906f,-0.2728f,0f,0f,0f,1f],start_interpolation: 0,interpolation_duration: 1}
$data merge entity $(hugeasssword2) {transformation: [-0.3544f,3.1618f,-2.2843f,-1.2006f,-0.401f,2.252f,3.1793f,4.6958f,3.8799f,0.5216f,0.12f,-0.137f,0f,0f,0f,1f],start_interpolation: 0,interpolation_duration: 1}
$data merge entity $(belt) {transformation: [-0.9892f,0.1154f,0.0905f,-0.1659f,0.1245f,0.9869f,0.1024f,2.9597f,-0.0775f,0.1126f,-0.9906f,0.1776f,0f,0f,0f,1f],start_interpolation: 0,interpolation_duration: 1}
$data merge entity $(torn_part) {transformation: [-0.9878f,0.1535f,0.0265f,-0.3281f,0.1541f,0.9377f,0.3114f,2.6945f,0.0229f,0.3117f,-0.9499f,0.153f,0f,0f,0f,1f],start_interpolation: 0,interpolation_duration: 1}
$data merge entity $(lowerbody) {transformation: [-0.9878f,0.1544f,-0.0209f,-0.3041f,0.1541f,0.9879f,0.0151f,2.195f,0.0229f,0.0117f,-0.9997f,0.2856f,0f,0f,0f,1f],start_interpolation: 0,interpolation_duration: 1}
$data merge entity $(leftfoot) {transformation: [-0.9383f,0.0772f,-0.337f,-0.0332f,-0.0617f,0.9217f,0.3829f,0.2548f,0.3402f,0.3801f,-0.8601f,0.0171f,0f,0f,0f,1f],start_interpolation: 0,interpolation_duration: 1}
$data merge entity $(leftlowerleg) {transformation: [-0.9383f,0.0772f,-0.337f,0.1042f,-0.0617f,0.9217f,0.3829f,1.2185f,0.3402f,0.3801f,-0.8601f,0.5709f,0f,0f,0f,1f],start_interpolation: 0,interpolation_duration: 1}
$data merge entity $(leftleg) {transformation: [-0.9778f,-0.145f,-0.1515f,-0.0724f,-0.0587f,0.8828f,-0.466f,2.141f,0.2013f,-0.4467f,-0.8717f,0.12f,0f,0f,0f,1f],start_interpolation: 0,interpolation_duration: 1}
$data merge entity $(rightfoot) {transformation: [-0.9278f,0.3048f,0.215f,-1.0906f,0.351f,0.9086f,0.2266f,0.3448f,-0.1262f,0.2857f,-0.95f,0.1378f,0f,0f,0f,1f],start_interpolation: 0,interpolation_duration: 1}
$data merge entity $(rightlowerleg) {transformation: [-0.9278f,0.3048f,0.215f,-0.7855f,0.351f,0.9086f,0.2266f,1.3179f,-0.1262f,0.2857f,-0.95f,0.6007f,0f,0f,0f,1f],start_interpolation: 0,interpolation_duration: 1}
$data merge entity $(rightleg) {transformation: [-0.9704f,0.1866f,-0.1534f,-0.5648f,0.2359f,0.8682f,-0.4365f,2.2255f,0.0518f,-0.4598f,-0.8865f,0.1287f,0f,0f,0f,1f],start_interpolation: 0,interpolation_duration: 1}
data modify entity @s data merge value {"cameras":{},"locators":{"soup":{"px":-0.5327934803314534,"py":3.6150687941225517,"pz":0.6537018355064037,"ry":161.66849797152932,"rx":51.059661534698705},"lefthand":{"px":-0.6015122114987359,"py":3.546288003773562,"pz":0.8185178128386115,"ry":198.7846416033409,"rx":-32.796088205911786},"sword":{"px":1.4513503541568091,"py":2.066128541884154,"pz":3.0264283175282007,"ry":300.0291784483793,"rx":36.84417768264338},"righthand":{"px":-1.1035327119972258,"py":4.27730406978684,"pz":1.5496305815184124,"ry":300.0291784483793,"rx":36.84417768264338},"chest":{"px":-0.6440010138859762,"py":2.6243445696148786,"pz":0.5199167304165594,"ry":5.2186593985892955,"rx":5.877079996176501}}}