# This file was generated by Animated Java via MC-Build. It is not recommended to edit this file directly.
$data merge entity $(bone_nose) { transformation: [-1f,1.6159997257890463e-17f,1.2139379026640343e-16f,-1.3210818893123443e-17f,0f,0.9912555224161164f,-0.13195639158279499f,4.300445694150354f,-1.2246467991473532e-16f,-0.13195639158279499f,-0.9912555224161164f,0.1043024449454001f,0f,0f,0f,1f], start_interpolation: 0, interpolation_duration: 1 }
$data merge entity $(bone_glowing_eye) { transformation: [-1f,1.6159997257890463e-17f,1.2139379026640343e-16f,-0.12500000000000003f,0f,0.9912555224161164f,-0.13195639158279499f,4.372166447726071f,-1.2246467991473532e-16f,-0.13195639158279499f,-0.9912555224161164f,0.12995840607897513f,0f,0f,0f,1f], start_interpolation: 0, interpolation_duration: 1 }
$data merge entity $(bone_head) { transformation: [-1f,1.6159997257890463e-17f,1.2139379026640343e-16f,7.525389341799053e-18f,0f,0.9912555224161164f,-0.13195639158279499f,4.1533390658100835f,-1.2246467991473532e-16f,-0.13195639158279499f,-0.9912555224161164f,-0.06502154503570999f,0f,0f,0f,1f], start_interpolation: 0, interpolation_duration: 1 }
$data merge entity $(bone_leftthumb2) { transformation: [0.3373472467324381f,0.7343868327384261f,0.5889590945239467f,0.6130557761577049f,-0.9060112808352805f,0.4231640546559363f,-0.008702979165904123f,3.0916560208279775f,-0.25561767177027905f,-0.5306676575292402f,0.8081159837122214f,1.4020674048939892f,0f,0f,0f,1f], start_interpolation: 0, interpolation_duration: 1 }
$data merge entity $(bone_leftthumb) { transformation: [0.3373472467324381f,0.7343868327384261f,0.5889590945239467f,0.8434896108058386f,-0.9060112808352805f,0.4231640546559363f,-0.008702979165904123f,3.194690096659866f,-0.25561767177027905f,-0.5306676575292402f,0.8081159837122214f,1.3409847135704616f,0f,0f,0f,1f], start_interpolation: 0, interpolation_duration: 1 }
$data merge entity $(bone_leftpointerfinger) { transformation: [-0.5821214345147616f,0.7480348504361548f,0.3187138183565872f,0.9039457616233532f,0.04687398954636304f,0.4221938368581343f,-0.9052928770420181f,3.0725552740562665f,-0.8117496317107165f,-0.5120510000497672f,-0.2808314597148079f,1.6363967578487981f,0f,0f,0f,1f], start_interpolation: 0, interpolation_duration: 1 }
$data merge entity $(bone_leftmidfinger) { transformation: [-0.5821214345147616f,0.7480348504361548f,0.3187138183565872f,0.9537447957415699f,0.04687398954636304f,0.4221938368581343f,-0.9052928770420181f,2.931103262018451f,-0.8117496317107165f,-0.5120510000497672f,-0.2808314597148079f,1.5925168422683593f,0f,0f,0f,1f], start_interpolation: 0, interpolation_duration: 1 }
$data merge entity $(bone_leftringfinger) { transformation: [-0.5821214345147616f,0.7480348504361548f,0.3187138183565872f,1.0035438298597867f,0.04687398954636304f,0.4221938368581343f,-0.9052928770420181f,2.789651249980636f,-0.8117496317107165f,-0.5120510000497672f,-0.2808314597148079f,1.5486369266879207f,0f,0f,0f,1f], start_interpolation: 0, interpolation_duration: 1 }
$data merge entity $(bone_invisibility) { transformation: [0.10823003600586024f,-0.31046235216201373f,0.9444042498825382f,0.7570217672575195f,0.24101744692354443f,0.9298372430792393f,0.27805267785305654f,3.0885724453645973f,-0.9644671324543032f,0.19752424983487213f,0.17546316178202306f,1.5292971530578177f,0f,0f,0f,1f], start_interpolation: 0, interpolation_duration: 1 }
$data merge entity $(bone_swiftness) { transformation: [0.31871381835658696f,0.0807596111454516f,0.9444042498825385f,0.7566568694346838f,-0.9052928770420182f,0.3211409583278496f,0.2780526778530566f,2.8608602735307507f,-0.28083145971480794f,-0.943581671129694f,0.17546316178202315f,1.5952794657849638f,0f,0f,0f,1f], start_interpolation: 0, interpolation_duration: 1 }
$data merge entity $(bone_suspicious_stew) { transformation: [0.20788734436577655f,-0.2547223289316137f,0.9444042498825386f,0.8129950014269365f,-0.09154075079279211f,0.9561940175942518f,0.27805267785305693f,2.903776548497601f,-0.9738599195966725f,-0.14425510687881593f,0.17546316178202312f,1.5208716451954958f,0f,0f,0f,1f], start_interpolation: 0, interpolation_duration: 1 }
$data merge entity $(bone_log) { transformation: [-0.9444042498825383f,0.0807596111454516f,0.3187138183565872f,0.7494917646290951f,-0.2780526778530568f,0.3211409583278496f,-0.9052928770420181f,2.8754161261285134f,-0.1754631617820232f,-0.943581671129694f,-0.2808314597148079f,1.3733102902130876f,0f,0f,0f,1f], start_interpolation: 0, interpolation_duration: 1 }
$data merge entity $(bone_planks) { transformation: [-0.9444042498825383f,0.0807596111454516f,0.3187138183565872f,0.660953866202607f,-0.2780526778530568f,0.3211409583278496f,-0.9052928770420181f,2.8493486875797895f,-0.1754631617820232f,-0.943581671129694f,-0.2808314597148079f,1.356860618796023f,0f,0f,0f,1f], start_interpolation: 0, interpolation_duration: 1 }
$data merge entity $(bone_lefthand1) { transformation: [-0.9444042498825383f,0.0807596111454516f,0.3187138183565872f,0.9958229230624491f,-0.2780526778530568f,0.3211409583278496f,-0.9052928770420181f,3.053504937581303f,-0.1754631617820232f,-0.943581671129694f,-0.2808314597148079f,1.1900566459922577f,0f,0f,0f,1f], start_interpolation: 0, interpolation_duration: 1 }
$data merge entity $(bone_leftforearm) { transformation: [-0.9444042498825383f,0.0807596111454516f,0.3187138183565872f,0.9886018556196144f,-0.2780526778530568f,0.3211409583278496f,-0.9052928770420181f,3.2760740827435377f,-0.1754631617820232f,-0.943581671129694f,-0.2808314597148079f,0.5200223274258591f,0f,0f,0f,1f], start_interpolation: 0, interpolation_duration: 1 }
$data merge entity $(bone_leftelbow) { transformation: [-0.9444042498825383f,-0.031689718469836356f,0.3272558243134914f,0.9826600334065201f,-0.2780526778530568f,0.6081637653364459f,-0.7435210439997919f,3.390104788744121f,-0.1754631617820232f,-0.7931787921238811f,-0.5831638556892537f,0.3713013039026314f,0f,0f,0f,1f], start_interpolation: 0, interpolation_duration: 1 }
$data merge entity $(bone_leftarm) { transformation: [-0.9444042498825383f,-0.031689718469836356f,0.3272558243134914f,0.75f,-0.2780526778530568f,0.6081637653364459f,-0.7435210439997919f,3.6565976807569815f,-0.1754631617820232f,-0.7931787921238811f,-0.5831638556892537f,-0.04544678830883758f,0f,0f,0f,1f], start_interpolation: 0, interpolation_duration: 1 }
$data merge entity $(bone_rightthumb2) { transformation: [0.27221606159646866f,0.9071043981051716f,-0.3210296353098301f,-1.407912138919998f,0.7194910443806571f,-0.4134126353195507f,-0.5580525333820968f,3.8974833331154506f,-0.6389296149537442f,-0.07906708478500485f,-0.7651910501558821f,0.8631124163591767f,0f,0f,0f,1f], start_interpolation: 0, interpolation_duration: 1 }
$data merge entity $(bone_rightthumb) { transformation: [0.27221606159646866f,0.9071043981051716f,-0.3210296353098301f,-1.2128859786271802f,0.7194910443806571f,-0.4134126353195507f,-0.5580525333820968f,3.748407210526595f,-0.6389296149537442f,-0.07906708478500485f,-0.7651910501558821f,0.7783304926500938f,0f,0f,0f,1f], start_interpolation: 0, interpolation_duration: 1 }
$data merge entity $(bone_rightpointerfinger) { transformation: [0.44029303871406406f,0.04359763519956798f,-0.8967950079393515f,-1.2129930261449107f,-0.057760161945076494f,-0.9953760451591461f,-0.07674824047114451f,4.066957933855978f,-0.8959943101114062f,0.08559074090311121f,-0.4357389371167583f,0.6356714688129873f,0f,0f,0f,1f], start_interpolation: 0, interpolation_duration: 1 }
$data merge entity $(bone_rightmidfinger) { transformation: [0.10248967280330075f,0.42861322887548914f,-0.89765615187643f,-1.3532517998756028f,0.9431415650348134f,-0.3287188405856817f,-0.04927384851712565f,4.0592588950251765f,-0.31619591280147175f,-0.8415667673315845f,-0.43793323789216015f,0.5672444003923373f,0f,0f,0f,1f], start_interpolation: 0, interpolation_duration: 1 }
$data merge entity $(bone_rightringfinger) { transformation: [0.10082437263692141f,0.42900801726864174f,-0.89765615187643f,-1.493510573606295f,0.9444110385341397f,-0.325053654259077f,-0.04927384851712565f,4.051559856194376f,-0.3129252884911022f,-0.8427883737760326f,-0.43793323789216015f,0.49881733197168726f,0f,0f,0f,1f], start_interpolation: 0, interpolation_duration: 1 }
$data merge entity $(bone_hugeasssword) { transformation: [1.724481068296751f,0.07384480657017455f,-3.5158199281826845f,-1.45234904354894f,-0.2262273009515496f,-3.9053622289509047f,-0.19298924002540882f,3.8728326093064536f,-3.509311047936341f,0.2880461473514649f,-1.7152385150776275f,0.8270241593507062f,0f,0f,0f,1f], start_interpolation: 0, interpolation_duration: 1 }
$data merge entity $(bone_ice) { transformation: [0.44029303871406406f,0.018853993166853072f,-0.89765615187643f,-1.4595232159220792f,-0.057760161945076494f,-0.9971137605832097f,-0.04927384851712565f,3.889315014345958f,-0.8959943101114062f,0.0735436971961187f,-0.43793323789216015f,0.8398749501775076f,0f,0f,0f,1f], start_interpolation: 0, interpolation_duration: 1 }
$data merge entity $(bone_righthand1) { transformation: [0.44029303871406406f,0.018853993166853072f,-0.89765615187643f,-1.3727882126979885f,-0.057760161945076494f,-0.9971137605832097f,-0.04927384851712565f,3.6240567259477263f,-0.8959943101114062f,0.0735436971961187f,-0.43793323789216015f,0.6205768832645556f,0f,0f,0f,1f], start_interpolation: 0, interpolation_duration: 1 }
$data merge entity $(bone_rightforearm) { transformation: [-0.9055687990111396f,0.2695967237752671f,-0.32750993387554633f,-1.1215126236385022f,0.0075396172401458374f,-0.7617147150136827f,-0.6478686958817322f,3.0981277892493737f,-0.42413241379243166f,-0.5891589763903005f,0.6877524235575903f,0.22208662223406522f,0f,0f,0f,1f], start_interpolation: 0, interpolation_duration: 1 }
$data merge entity $(bone_rightelbow) { transformation: [-0.9055687990111396f,0.26722150653407134f,0.32945078039546916f,-1.071408591163364f,0.0075396172401458374f,0.7866577528106702f,-0.6173432870897185f,3.2456261179013746f,-0.42413241379243166f,-0.5565628862837764f,-0.7143874643231625f,0.11773108105585717f,0f,0f,0f,1f], start_interpolation: 0, interpolation_duration: 1 }
$data merge entity $(bone_rightarm) { transformation: [-0.9055687990111396f,0.26722150653407134f,0.32945078039546916f,-0.75f,0.0075396172401458374f,0.7866577528106702f,-0.6173432870897185f,3.6565976807569815f,-0.42413241379243166f,-0.5565628862837764f,-0.7143874643231625f,-0.04544678830883777f,0f,0f,0f,1f], start_interpolation: 0, interpolation_duration: 1 }
$data merge entity $(bone_chest1) { transformation: [-1.0833333333333333f,-2.3580455151333507e-18f,1.3264911258898026e-16f,-0.0023231249999999815f,0f,1.083162203839799f,0.019254902856685813f,3.498278724022726f,-1.3267006990762992e-16f,0.019254902856685813f,-1.083162203839799f,-0.15834792039730872f,0f,0f,0f,1f], start_interpolation: 0, interpolation_duration: 1 }
$data merge entity $(bone_chest1lid) { transformation: [-1f,-2.1766573985846314e-18f,1.2244533469752026e-16f,-0.34375000000000006f,0f,0.9998420343136607f,0.017773756483094597f,2.8079820952939603f,-1.2246467991473532e-16f,0.017773756483094597f,-0.9998420343136607f,0.2207621768092683f,0f,0f,0f,1f], start_interpolation: 0, interpolation_duration: 1 }
$data merge entity $(bone_chest2) { transformation: [-1f,-2.1766573985846314e-18f,1.2244533469752026e-16f,-0.34375000000000006f,0f,0.9998420343136607f,0.017773756483094597f,2.6517567774324506f,-1.2246467991473532e-16f,0.017773756483094597f,-0.9998420343136607f,0.21798502735878478f,0f,0f,0f,1f], start_interpolation: 0, interpolation_duration: 1 }
$data merge entity $(bone_chest1lid3) { transformation: [-1f,-2.1766573985846314e-18f,1.2244533469752026e-16f,-0.28124999999999994f,0f,0.9998420343136607f,0.017773756483094597f,2.8193684080409427f,-1.2246467991473532e-16f,0.017773756483094597f,-0.9998420343136607f,-0.4197616264229206f,0f,0f,0f,1f], start_interpolation: 0, interpolation_duration: 1 }
$data merge entity $(bone_chest3) { transformation: [-1f,-2.1766573985846314e-18f,1.2244533469752026e-16f,-0.28124999999999994f,0f,0.9998420343136607f,0.017773756483094597f,2.663143090179433f,-1.2246467991473532e-16f,0.017773756483094597f,-0.9998420343136607f,-0.4225387758734041f,0f,0f,0f,1f], start_interpolation: 0, interpolation_duration: 1 }
$data merge entity $(bone_hugeasssword2) { transformation: [-1.3492522635216604e-15f,2.887669569172986f,-2.646061646494669f,-1.234375f,-0.06961387955878696f,2.645643659550585f,2.8872134164675702f,4.663104873751803f,3.9160479677285047f,0.04703045534405317f,0.051324735726122145f,-0.402613794693366f,0f,0f,0f,1f], start_interpolation: 0, interpolation_duration: 1 }
$data merge entity $(bone_belt) { transformation: [-1f,-2.1766573985846314e-18f,1.2244533469752026e-16f,0.029705625000000003f,0f,0.9998420343136607f,0.017773756483094597f,3.097685017336538f,-1.2246467991473532e-16f,0.017773756483094597f,-0.9998420343136607f,-0.03454591892047583f,0f,0f,0f,1f], start_interpolation: 0, interpolation_duration: 1 }
$data merge entity $(bone_torn_part) { transformation: [-1f,-3.767175681868319e-17f,1.165265487552625e-16f,-0.09375f,0f,0.951511479361991f,0.30761323873064245f,2.8135068272873895f,-1.2246467991473532e-16f,0.30761323873064245f,-0.951511479361991f,-0.043330805187932336f,0f,0f,0f,1f], start_interpolation: 0, interpolation_duration: 1 }
$data merge entity $(bone_lowerbody) { transformation: [-1f,-8.879840355183915e-19f,1.2246146051297623e-16f,0.0039062499999999883f,0f,0.9999737115896492f,0.007250939912933595f,2.32421875f,-1.2246467991473532e-16f,0.007250939912933595f,-0.9999737115896492f,0.09375f,0f,0f,0f,1f], start_interpolation: 0, interpolation_duration: 1 }
data modify entity @s data merge value {"locators":{"lefthand":{"posx":0.8267404150230229,"posy":2.8905396285116556,"posz":1.4678652712452036,"roty":48.61543618647855,"rotx":-64.86275760002569},"righthand":{"posx":-1.4045144598127988,"posy":3.9002498055558,"posz":0.7615690701779388,"roty":296.00603657743204,"rotx":-2.8243272172972858},"chest":{"posx":-0.37500000000000006,"posy":2.742714818698873,"posz":0.37587663489058437,"roty":0,"rotx":1.0184148580066938},"sack":{"posx":0,"posy":-0.4375,"posz":0,"roty":0,"rotx":0}},"cameras":{}}