# This file was generated by Animated Java via MC-Build. It is not recommended to edit this file directly.
$data merge entity $(bone_nose) { transformation: [-0.9545457929333555f,-0.03998486744392343f,0.29537017379675257f,0.3926500949667474f,-0.005061932192954897f,0.9929929803200123f,0.11806488842011356f,3.9460517610749193f,-0.2980213180893371f,0.11120319874298495f,-0.9480596724645672f,0.4959716075101418f,0f,0f,0f,1f], start_interpolation: 0, interpolation_duration: 1 }
$data merge entity $(bone_glowing_eye) { transformation: [-0.9545457929333555f,-0.03998486744392343f,0.29537017379675257f,0.26031744362608006f,-0.005061932192954897f,0.9929929803200123f,0.11806488842011356f,4.008532764314455f,-0.2980213180893371f,0.11120319874298495f,-0.9480596724645672f,0.49933143763781096f,0f,0f,0f,1f], start_interpolation: 0, interpolation_duration: 1 }
$data merge entity $(bone_head) { transformation: [-0.9545457929333555f,-0.03998486744392343f,0.29537017379675257f,0.4528968433403232f,-0.005061932192954897f,0.9929929803200123f,0.11806488842011356f,3.8455483316491765f,-0.2980213180893371f,0.11120319874298495f,-0.9480596724645672f,0.3047116700720016f,0f,0f,0f,1f], start_interpolation: 0, interpolation_duration: 1 }
$data merge entity $(bone_leftthumb2) { transformation: [0.05834049822581671f,0.9155013554706984f,-0.39806237500934216f,0.1544856148789141f,-0.983503697268746f,-0.015680554779943408f,-0.1802070965875097f,3.691622871593305f,-0.1712216800684723f,0.4020091893640092f,0.8994841565816611f,0.3010267803637273f,0f,0f,0f,1f], start_interpolation: 0, interpolation_duration: 1 }
$data merge entity $(bone_leftthumb) { transformation: [0.05834049822581671f,0.9155013554706984f,-0.39806237500934216f,0.34498804063557603f,-0.983503697268746f,-0.015680554779943408f,-0.1802070965875097f,3.6723772851810574f,-0.1712216800684723f,0.4020091893640092f,0.8994841565816611f,0.47648418629740763f,0f,0f,0f,1f], start_interpolation: 0, interpolation_duration: 1 }
$data merge entity $(bone_leftpointerfinger) { transformation: [0.05834049822581671f,0.9155013554706984f,-0.39806237500934216f,0.01954899254974149f,-0.983503697268746f,-0.015680554779943408f,-0.1802070965875097f,3.7766459764544558f,-0.1712216800684723f,0.4020091893640092f,0.8994841565816611f,0.40546561213459664f,0f,0f,0f,1f], start_interpolation: 0, interpolation_duration: 1 }
$data merge entity $(bone_leftmidfinger) { transformation: [0.05834049822581671f,0.9155013554706984f,-0.39806237500934216f,-0.04264825354546822f,-0.983503697268746f,-0.015680554779943408f,-0.1802070965875097f,3.7484886176126575f,-0.1712216800684723f,0.4020091893640092f,0.8994841565816611f,0.5460100116004812f,0f,0f,0f,1f], start_interpolation: 0, interpolation_duration: 1 }
$data merge entity $(bone_leftringfinger) { transformation: [0.05834049822581671f,0.9155013554706984f,-0.39806237500934216f,-0.10484549964067794f,-0.983503697268746f,-0.015680554779943408f,-0.1802070965875097f,3.720331258770859f,-0.1712216800684723f,0.4020091893640092f,0.8994841565816611f,0.6865544110663657f,0f,0f,0f,1f], start_interpolation: 0, interpolation_duration: 1 }
$data merge entity $(bone_invisibility) { transformation: [0.8773241744618799f,0.47633882811665135f,-0.05834049822581674f,0.1430602459407317f,-0.03132696888640038f,0.17815470378044296f,0.9835036972687458f,3.5961554443058694f,0.4788746327852118f,-0.8610239383137719f,0.1712216800684725f,0.3892224223152696f,0f,0f,0f,1f], start_interpolation: 0, interpolation_duration: 1 }
$data merge entity $(bone_swiftness) { transformation: [-0.39806237500934216f,0.9155013554706984f,-0.0583404982258168f,-0.05251222652796861f,-0.1802070965875099f,-0.015680554779943408f,0.983503697268746f,3.5132660794194672f,0.8994841565816611f,0.4020091893640092f,0.1712216800684725f,0.4945191133636575f,0f,0f,0f,1f], start_interpolation: 0, interpolation_duration: 1 }
$data merge entity $(bone_suspicious_stew) { transformation: [0.6614975785148796f,0.7476746216675507f,-0.05834049822581662f,0.025509424588791033f,-0.09037021881526917f,0.15669620611229634f,0.9835036972687462f,3.563101639701021f,0.7444824894987336f,-0.6453130706132477f,0.17122168006847238f,0.5390315209228932f,0f,0f,0f,1f], start_interpolation: 0, interpolation_duration: 1 }
$data merge entity $(bone_log) { transformation: [0.05834049822581671f,0.9155013554706984f,-0.39806237500934216f,0.12675734190273574f,-0.983503697268746f,-0.015680554779943408f,-0.1802070965875097f,3.4604908910820438f,-0.1712216800684723f,0.4020091893640092f,0.8994841565816611f,0.6153939569267404f,0f,0f,0f,1f], start_interpolation: 0, interpolation_duration: 1 }
$data merge entity $(bone_planks) { transformation: [0.05834049822581671f,0.9155013554706984f,-0.39806237500934216f,0.13222676361140606f,-0.983503697268746f,-0.015680554779943408f,-0.1802070965875097f,3.368287419463099f,-0.1712216800684723f,0.4020091893640092f,0.8994841565816611f,0.5993419244203211f,0f,0f,0f,1f], start_interpolation: 0, interpolation_duration: 1 }
$data merge entity $(bone_lefthand1) { transformation: [0.05834049822581671f,0.9155013554706984f,-0.39806237500934216f,0.35348700543299816f,-0.983503697268746f,-0.015680554779943408f,-0.1802070965875097f,3.708078148472604f,-0.1712216800684723f,0.4020091893640092f,0.8994841565816611f,0.7305927943916839f,0f,0f,0f,1f], start_interpolation: 0, interpolation_duration: 1 }
$data merge entity $(bone_leftforearm) { transformation: [-0.13043952194772854f,0.951607669616744f,-0.27825954474310266f,1.0228474273855603f,-0.9464122700734827f,-0.20314306716362393f,-0.25107112402208376f,3.507199588002411f,-0.29544770462537884f,0.2305986500176141f,0.9271110593891376f,0.8602743941253761f,0f,0f,0f,1f], start_interpolation: 0, interpolation_duration: 1 }
$data merge entity $(bone_leftelbow) { transformation: [-0.13043952194772854f,0.951607669616744f,-0.27825954474310266f,1.2012738654386999f,-0.9464122700734827f,-0.20314306716362393f,-0.25107112402208376f,3.469110262909232f,-0.29544770462537884f,0.2305986500176141f,0.9271110593891376f,0.9035116410036788f,0f,0f,0f,1f], start_interpolation: 0, interpolation_duration: 1 }
$data merge entity $(bone_leftarm) { transformation: [-0.19512874094327062f,0.1593226088427294f,0.9677505261013507f,1.1059223112516707f,-0.9573096729652402f,0.1836197112102052f,-0.22325320087798445f,3.354172893396696f,-0.2132673545226244f,-0.9700000556528992f,0.11669159150638778f,0.442191020167484f,0f,0f,0f,1f], start_interpolation: 0, interpolation_duration: 1 }
$data merge entity $(bone_rightthumb2) { transformation: [-0.2325112567327165f,-0.7271384017297666f,-0.6459166046963443f,0.575773235287625f,0.5482062697142669f,-0.646549541451413f,0.5305125599784947f,4.082818285006375f,-0.8033731395426048f,-0.23074539037399686f,0.5489518772010991f,0.19191163789289428f,0f,0f,0f,1f], start_interpolation: 0, interpolation_duration: 1 }
$data merge entity $(bone_rightthumb) { transformation: [-0.2325112567327165f,-0.7271384017297666f,-0.6459166046963443f,0.34224957755557495f,0.5482062697142669f,-0.646549541451413f,0.5305125599784947f,3.969593136181339f,-0.8033731395426048f,-0.23074539037399686f,0.5489518772010991f,0.1822351165400123f,0f,0f,0f,1f], start_interpolation: 0, interpolation_duration: 1 }
$data merge entity $(bone_rightpointerfinger) { transformation: [-0.2325112567327165f,-0.7271384017297666f,-0.6459166046963443f,0.5251336060728726f,0.5482062697142669f,-0.646549541451413f,0.5305125599784947f,4.266570041469074f,-0.8033731395426048f,-0.23074539037399686f,0.5489518772010991f,0.19581162986280912f,0f,0f,0f,1f], start_interpolation: 0, interpolation_duration: 1 }
$data merge entity $(bone_rightmidfinger) { transformation: [-0.2325112567327165f,-0.7271384017297666f,-0.6459166046963443f,0.42420913658906884f,0.5482062697142669f,-0.646549541451413f,0.5305125599784947f,4.349462628965713f,-0.8033731395426048f,-0.23074539037399686f,0.5489518772010991f,0.28158536067548084f,0f,0f,0f,1f], start_interpolation: 0, interpolation_duration: 1 }
$data merge entity $(bone_rightringfinger) { transformation: [-0.2325112567327165f,-0.7271384017297666f,-0.6459166046963443f,0.32328466710526504f,0.5482062697142669f,-0.646549541451413f,0.5305125599784947f,4.432355216462353f,-0.8033731395426048f,-0.23074539037399686f,0.5489518772010991f,0.3673590914881526f,0f,0f,0f,1f], start_interpolation: 0, interpolation_duration: 1 }
$data merge entity $(bone_hugeasssword) { transformation: [-0.9106690888698064f,-2.8479587401082527f,-2.529840035060682f,0.34836239825571824f,2.1471412230475453f,-2.5323190373513675f,2.0778408599157707f,4.064225704215879f,-3.146544796541869f,-0.9037527789648211f,2.150061519037638f,0.4395338203654999f,0f,0f,0f,1f], start_interpolation: 0, interpolation_duration: 1 }
$data merge entity $(bone_ice) { transformation: [-0.2325112567327165f,-0.7271384017297666f,-0.6459166046963443f,0.3633569241691945f,0.5482062697142669f,-0.646549541451413f,0.5305125599784947f,4.065762317836772f,-0.8033731395426048f,-0.23074539037399686f,0.5489518772010991f,0.45569192239544687f,0f,0f,0f,1f], start_interpolation: 0, interpolation_duration: 1 }
$data merge entity $(bone_righthand1) { transformation: [-0.2325112567327165f,-0.7271384017297666f,-0.6459166046963443f,0.10325961565681296f,0.5482062697142669f,-0.646549541451413f,0.5305125599784947f,4.0577550174018135f,-0.8033731395426048f,-0.23074539037399686f,0.5489518772010991f,0.2143170360788308f,0f,0f,0f,1f], start_interpolation: 0, interpolation_duration: 1 }
$data merge entity $(bone_rightforearm) { transformation: [0.13285966328141963f,-0.8095570751633201f,-0.5718091044446202f,-0.46362303717122466f,0.4909048622155866f,-0.4474383838488057f,0.7475368277963732f,3.6996551910421553f,-0.8610230694504325f,-0.38002136086249066f,0.337968991421368f,-0.003867488771626057f,0f,0f,0f,1f], start_interpolation: 0, interpolation_duration: 1 }
$data merge entity $(bone_rightelbow) { transformation: [0.13285966328141963f,-0.8095570751633201f,-0.5718091044446202f,-0.6154149887643472f,0.4909048622155866f,-0.4474383838488057f,0.7475368277963732f,3.6157604940705044f,-0.8610230694504325f,-0.38002136086249066f,0.337968991421368f,-0.07512149393334305f,0f,0f,0f,1f], start_interpolation: 0, interpolation_duration: 1 }
$data merge entity $(bone_rightarm) { transformation: [0.16076321366286347f,0.9352247288006483f,-0.3154518913757575f,-0.25357341744913986f,0.4370825477903586f,-0.3540199704203623f,-0.8268184244201715f,3.5033683976849415f,-0.8849373059996273f,-0.004956529362351567f,-0.46568379536634374f,0.1882396090755178f,0f,0f,0f,1f], start_interpolation: 0, interpolation_duration: 1 }
$data merge entity $(bone_chest1) { transformation: [-1.0591175176241843f,-0.03750300470155097f,0.2246657953740457f,0.4948166366018325f,0.012059298929762728f,1.057816882376099f,0.23342906370146807f,3.215870673808587f,-0.22745498078085633f,0.2307121130534261f,-1.0337539667249236f,0.10298905888586041f,0f,0f,0f,1f], start_interpolation: 0, interpolation_duration: 1 }
$data merge entity $(bone_chest1lid) { transformation: [-0.9776469393454009f,-0.03461815818604705f,0.20738381111450374f,0.10352815247327701f,0.011131660550550211f,0.9764463529625529f,0.21547298187827824f,2.468000919632642f,-0.20995844379771356f,0.21296502743393178f,-0.9542344308230065f,0.25916320971670503f,0f,0f,0f,1f], start_interpolation: 0, interpolation_duration: 1 }
$data merge entity $(bone_chest2) { transformation: [-0.9776469393454009f,-0.03461815818604705f,0.20738381111450374f,0.10893723968984687f,0.011131660550550211f,0.9764463529625529f,0.21547298187827824f,2.3154311769822433f,-0.20995844379771356f,0.21296502743393178f,-0.9542344308230065f,0.2258874241801532f,0f,0f,0f,1f], start_interpolation: 0, interpolation_duration: 1 }
$data merge entity $(bone_chest1lid3) { transformation: [-0.9776469393454009f,-0.03461815818604705f,0.20738381111450374f,0.2974863401775935f,0.011131660550550211f,0.9764463529625529f,0.21547298187827824f,2.6053425698640047f,-0.20995844379771356f,0.21296502743393178f,-0.9542344308230065f,-0.33902081979192633f,0f,0f,0f,1f], start_interpolation: 0, interpolation_duration: 1 }
$data merge entity $(bone_chest3) { transformation: [-0.9776469393454009f,-0.03461815818604705f,0.20738381111450374f,0.30289542739416336f,0.011131660550550211f,0.9764463529625529f,0.21547298187827824f,2.452772827213606f,-0.20995844379771356f,0.21296502743393178f,-0.9542344308230065f,-0.3722966053284782f,0f,0f,0f,1f], start_interpolation: 0, interpolation_duration: 1 }
$data merge entity $(bone_hugeasssword2) { transformation: [-0.8122532601984739f,2.7315195354944377f,-2.6868798719494302f,-0.6949202559928521f,-0.843935845689923f,2.5515926870076204f,2.849109479424517f,4.419642162442803f,3.737418187390109f,1.1698092000831861f,0.05940964352821765f,-0.1613931051869199f,0f,0f,0f,1f], start_interpolation: 0, interpolation_duration: 1 }
$data merge entity $(bone_belt) { transformation: [-0.9776469393454009f,-0.03461815818604705f,0.20738381111450374f,0.5127718376262232f,0.011131660550550211f,0.9764463529625529f,0.21547298187827824f,2.7983603128498338f,-0.20995844379771356f,0.21296502743393178f,-0.9542344308230065f,0.14979507859569696f,0f,0f,0f,1f], start_interpolation: 0, interpolation_duration: 1 }
$data merge entity $(bone_torn_part) { transformation: [-0.9903704041570647f,-0.017556178716242286f,0.13732531870946352f,0.39238998419760285f,0.03329938797820812f,0.9325980844005473f,0.35937718866492685f,2.517809973332143f,-0.13437861931888248f,0.3604893806498508f,-0.9230329317573874f,0.08314283884726165f,0f,0f,0f,1f], start_interpolation: 0, interpolation_duration: 1 }
$data merge entity $(bone_lowerbody) { transformation: [-0.9903704041570647f,0.024550894522662826f,0.13624872897722554f,0.45795812499999994f,0.03329938797820812f,0.9975014061692123f,0.06230646395616422f,2.018735f,-0.13437861931888248f,0.0662434771776143f,-0.9887134005369654f,0.20295812500000004f,0f,0f,0f,1f], start_interpolation: 0, interpolation_duration: 1 }
$data merge entity $(bone_leftfoot) { transformation: [-0.9697889493345643f,-0.10204501486818951f,-0.22157664292319382f,1.1498951629482947f,-0.17623862780502605f,0.92110048581756f,0.3471510349920569f,0.20607377660153547f,0.168669320915106f,0.37571360098778145f,-0.9112573457672818f,0.062184382796402926f,0f,0f,0f,1f], start_interpolation: 0, interpolation_duration: 1 }
$data merge entity $(bone_leftlowerleg) { transformation: [-0.9697889493345643f,-0.10204501486818951f,-0.22157664292319382f,1.0707332563662328f,-0.17623862780502605f,0.92110048581756f,0.3471510349920569f,1.1745813903146396f,0.168669320915106f,0.37571360098778145f,-0.9112573457672818f,0.6190023633184781f,0f,0f,0f,1f], start_interpolation: 0, interpolation_duration: 1 }
$data merge entity $(bone_leftleg) { transformation: [-0.950863751018704f,-0.30957585073642313f,0.004573799236926926f,0.7173918465790361f,-0.26033952500711466f,0.7914638978116962f,-0.5529993039595862f,1.9944942659355303f,0.16757523300807237f,-0.5270177331945641f,-0.8331691606035077f,0.08287340737781815f,0f,0f,0f,1f], start_interpolation: 0, interpolation_duration: 1 }
$data merge entity $(bone_rightfoot) { transformation: [-0.8401865802527663f,-0.13128881466245063f,0.5261651428094516f,0.1150109837189838f,0.2251717182588175f,0.7982011588353062f,0.5587240887328428f,0.8441086870079162f,-0.49333985006234155f,0.5879099907115907f,-0.6410753740099236f,0.2215060906751326f,0f,0f,0f,1f], start_interpolation: 0, interpolation_duration: 1 }
$data merge entity $(bone_rightlowerleg) { transformation: [-0.8401865802527663f,-0.13128881466245063f,0.5261651428094516f,-0.11148051726734481f,0.2251717182588175f,0.7982011588353062f,0.5587240887328428f,1.643767585774921f,-0.49333985006234155f,0.5879099907115907f,-0.6410753740099236f,0.9722171631326669f,0f,0f,0f,1f], start_interpolation: 0, interpolation_duration: 1 }
$data merge entity $(bone_rightleg) { transformation: [-0.9450694090602894f,0.3040035684575362f,0.12010679590897161f,0.22934717136699923f,-0.008424481915842564f,0.3446698602155037f,-0.9386861645744412f,1.9883179098562849f,-0.3267611362492254f,-0.8881354163775418f,-0.3231758685499365f,0.04579967744832848f,0f,0f,0f,1f], start_interpolation: 0, interpolation_duration: 1 }
data modify entity @s data merge value {"locators":{"lefthand":{"posx":0.05598410140743809,"posy":3.5567351419273514,"posz":0.585984581567508,"roty":203.87155462167362,"rotx":-10.381822824550436},"righthand":{"posx":0.3630129783259103,"posy":4.118969733457999,"posz":0.3754037142066542,"roty":229.6394411706323,"rotx":32.040092983694116},"chest":{"posx":0.042736600018719956,"posy":2.3736532335462064,"posz":0.38839082394950053,"roty":12.261422133468699,"rotx":12.443277582872742},"sack":{"posx":0,"posy":-0.4375,"posz":0,"roty":0,"rotx":0}},"cameras":{}}