# This file was generated by Animated Java via MC-Build. It is not recommended to edit this file directly.
$data merge entity $(bone_nose) { transformation: [-0.96967719850849f,-0.052480383399474584f,0.2386879553956812f,0.15113785882636507f,-0.04648373463799561f,0.998447570377325f,0.03068732021081603f,4.203585606879544f,-0.23992789147331525f,0.018661687111858467f,-0.9706113271167343f,0.45616962221124535f,0f,0f,0f,1f], start_interpolation: 0, interpolation_duration: 1 }
$data merge entity $(bone_glowing_eye) { transformation: [-0.96967719850849f,-0.052480383399474584f,0.2386879553956812f,0.018045695270039852f,-0.04648373463799561f,0.998447570377325f,0.03068732021081603f,4.2643072997325175f,-0.23992789147331525f,0.018661687111858467f,-0.9706113271167343f,0.46131227251257945f,0f,0f,0f,1f], start_interpolation: 0, interpolation_duration: 1 }
$data merge entity $(bone_head) { transformation: [-0.96967719850849f,-0.052480383399474584f,0.2386879553956812f,0.20231348565495233f,-0.04648373463799561f,0.998447570377325f,0.03068732021081603f,4.086046775184086f,-0.23992789147331525f,0.018661687111858467f,-0.9706113271167343f,0.27211351134520123f,0f,0f,0f,1f], start_interpolation: 0, interpolation_duration: 1 }
$data merge entity $(bone_leftthumb2) { transformation: [0.05568593683930209f,0.9063284259974274f,-0.41888884046648245f,-0.13256720685820272f,-0.9883234973410574f,-0.009560200745737497f,-0.1520699416888224f,3.833983672699459f,-0.1418299722973595f,0.42246584097501405f,0.8952133109864953f,0.2174056721662615f,0f,0f,0f,1f], start_interpolation: 0, interpolation_duration: 1 }
$data merge entity $(bone_leftthumb) { transformation: [0.05568593683930209f,0.9063284259974274f,-0.41888884046648245f,0.053905849070306947f,-0.9883234973410574f,-0.009560200745737497f,-0.1520699416888224f,3.8186435881262f,-0.1418299722973595f,0.42246584097501405f,0.8952133109864953f,0.3975149426952048f,0f,0f,0f,1f], start_interpolation: 0, interpolation_duration: 1 }
$data merge entity $(bone_leftpointerfinger) { transformation: [0.05568593683930209f,0.9063284259974274f,-0.41888884046648245f,-0.2692092294487639f,-0.9883234973410574f,-0.009560200745737497f,-0.1520699416888224f,3.92275013300091f,-0.1418299722973595f,0.42246584097501405f,0.8952133109864953f,0.31636911579779403f,0f,0f,0f,1f], start_interpolation: 0, interpolation_duration: 1 }
$data merge entity $(bone_leftmidfinger) { transformation: [0.05568593683930209f,0.9063284259974274f,-0.41888884046648245f,-0.33466061077165177f,-0.9883234973410574f,-0.009560200745737497f,-0.1520699416888224f,3.8989892046120316f,-0.1418299722973595f,0.42246584097501405f,0.8952133109864953f,0.4562461956394339f,0f,0f,0f,1f], start_interpolation: 0, interpolation_duration: 1 }
$data merge entity $(bone_leftringfinger) { transformation: [0.05568593683930209f,0.9063284259974274f,-0.41888884046648245f,-0.4001119920945396f,-0.9883234973410574f,-0.009560200745737497f,-0.1520699416888224f,3.875228276223153f,-0.1418299722973595f,0.42246584097501405f,0.8952133109864953f,0.5961232754810738f,0f,0f,0f,1f], start_interpolation: 0, interpolation_duration: 1 }
$data merge entity $(bone_invisibility) { transformation: [0.8663710046889124f,0.49628656910363056f,-0.05568593683930212f,-0.14654816843334859f,-0.022777590013079038f,0.15065804325271434f,0.9883234973410572f,3.7411460159706724f,0.49888121194079754f,-0.8549864299102119f,0.1418299722973597f,0.3080077813803533f,0f,0f,0f,1f], start_interpolation: 0, interpolation_duration: 1 }
$data merge entity $(bone_swiftness) { transformation: [-0.41888884046648245f,0.9063284259974274f,-0.05568593683930218f,-0.34492169158391095f,-0.15206994168882262f,-0.009560200745737497f,0.9883234973410574f,3.662452538160927f,0.8952133109864953f,0.42246584097501405f,0.1418299722973597f,0.4112643250353279f,0f,0f,0f,1f], start_interpolation: 0, interpolation_duration: 1 }
$data merge entity $(bone_suspicious_stew) { transformation: [0.6443824364736166f,0.7626731619787429f,-0.055685936839302f,-0.26757397098944347f,-0.07293201880103516f,0.13378185690573344f,0.9883234973410576f,3.7130810363139743f,0.7612175748088912f,-0.6327970154482397f,0.14182997229735958f,0.4560571908946174f,0f,0f,0f,1f], start_interpolation: 0, interpolation_duration: 1 }
$data merge entity $(bone_log) { transformation: [0.05568593683930209f,0.9063284259974274f,-0.41888884046648245f,-0.16869777555794682f,-0.9883234973410574f,-0.009560200745737497f,-0.1520699416888224f,3.6121024048283696f,-0.1418299722973595f,0.42246584097501405f,0.8952133109864953f,0.5375319850661087f,0f,0f,0f,1f], start_interpolation: 0, interpolation_duration: 1 }
$data merge entity $(bone_planks) { transformation: [0.05568593683930209f,0.9063284259974274f,-0.41888884046648245f,-0.16347721897926226f,-0.9883234973410574f,-0.009560200745737497f,-0.1520699416888224f,3.5194470769526456f,-0.1418299722973595f,0.42246584097501405f,0.8952133109864953f,0.5242354251632312f,0f,0f,0f,1f], start_interpolation: 0, interpolation_duration: 1 }
$data merge entity $(bone_lefthand1) { transformation: [0.05568593683930209f,0.9063284259974274f,-0.41888884046648245f,0.05705312299616205f,-0.9883234973410574f,-0.009560200745737497f,-0.1520699416888224f,3.8615454146549753f,-0.1418299722973595f,0.42246584097501405f,0.8952133109864953f,0.650630522415874f,0f,0f,0f,1f], start_interpolation: 0, interpolation_duration: 1 }
$data merge entity $(bone_leftforearm) { transformation: [-0.09660122153629061f,0.945767758518029f,-0.3101476276637933f,0.7243910616351574f,-0.9605341937775007f,-0.17024708178743775f,-0.21997725729508455f,3.682574461777561f,-0.2608491260899731f,0.2766573297251379f,0.9248883474925245f,0.8152625870805222f,0f,0f,0f,1f], start_interpolation: 0, interpolation_duration: 1 }
$data merge entity $(bone_leftelbow) { transformation: [-0.09660122153629061f,0.945767758518029f,-0.3101476276637933f,0.9017225163572878f,-0.9605341937775007f,-0.17024708178743775f,-0.21997725729508455f,3.6506531339424164f,-0.2608491260899731f,0.2766573297251379f,0.9248883474925245f,0.8671358364039856f,0f,0f,0f,1f], start_interpolation: 0, interpolation_duration: 1 }
$data merge entity $(bone_leftarm) { transformation: [-0.16294019807918741f,0.17176098526963135f,0.9715702011636215f,0.8211930516044011f,-0.9699551817489939f,0.15242311064179226f,-0.18961577133918903f,3.5154316886075243f,-0.18065834397611089f,-0.9732755823925127f,0.14176460584477182f,0.40920222594906924f,0f,0f,0f,1f], start_interpolation: 0, interpolation_duration: 1 }
$data merge entity $(bone_rightthumb2) { transformation: [-0.34679614311470297f,-0.01190833897704626f,-0.9378649298185603f,-0.4425566064007233f,0.35518657824471295f,-0.9271172676084672f,-0.11956616050129357f,4.906646552097132f,-0.8680869367497581f,-0.37458211858685436f,0.3257503747954934f,1.200779037515005f,0f,0f,0f,1f], start_interpolation: 0, interpolation_duration: 1 }
$data merge entity $(bone_rightthumb) { transformation: [-0.34679614311470297f,-0.01190833897704626f,-0.9378649298185603f,-0.5256246294622712f,0.35518657824471295f,-0.9271172676084672f,-0.11956616050129357f,4.669060170434623f,-0.8680869367497581f,-0.37458211858685436f,0.3257503747954934f,1.1367533949515543f,0f,0f,0f,1f], start_interpolation: 0, interpolation_duration: 1 }
$data merge entity $(bone_rightpointerfinger) { transformation: [-0.34679614311470297f,-0.01190833897704626f,-0.9378649298185603f,-0.6036104524738435f,0.35518657824471295f,-0.9271172676084672f,-0.11956616050129357f,5.006514392090669f,-0.8680869367497581f,-0.37458211858685436f,0.3257503747954934f,1.1799856927244f,0f,0f,0f,1f], start_interpolation: 0, interpolation_duration: 1 }
$data merge entity $(bone_rightmidfinger) { transformation: [-0.34679614311470297f,-0.01190833897704626f,-0.9378649298185603f,-0.7501518477579936f,0.35518657824471295f,-0.9271172676084672f,-0.11956616050129357f,4.987832179512342f,-0.8680869367497581f,-0.37458211858685436f,0.3257503747954934f,1.2308841887861957f,0f,0f,0f,1f], start_interpolation: 0, interpolation_duration: 1 }
$data merge entity $(bone_rightringfinger) { transformation: [-0.34679614311470297f,-0.01190833897704626f,-0.9378649298185603f,-0.8966932430421437f,0.35518657824471295f,-0.9271172676084672f,-0.11956616050129357f,4.969149966934015f,-0.8680869367497581f,-0.37458211858685436f,0.3257503747954934f,1.2817826848479916f,0f,0f,0f,1f], start_interpolation: 0, interpolation_duration: 1 }
$data merge entity $(bone_hugeasssword) { transformation: [-1.35828489386592f,-0.04664099432676452f,-3.673304308456028f,-0.6457988640694481f,1.391147431458459f,-3.6312092981331636f,-0.4683007952967332f,4.707033270940952f,-3.4000071689365527f,-1.467113297798513f,1.2758556346156826f,1.3802929389162157f,0f,0f,0f,1f], start_interpolation: 0, interpolation_duration: 1 }
$data merge entity $(bone_ice) { transformation: [-0.34679614311470297f,-0.01190833897704626f,-0.9378649298185603f,-0.6401941065367645f,0.35518657824471295f,-0.9271172676084672f,-0.11956616050129357f,4.715969687962262f,-0.8680869367497581f,-0.37458211858685436f,0.3257503747954934f,1.3997096429058504f,0f,0f,0f,1f], start_interpolation: 0, interpolation_duration: 1 }
$data merge entity $(bone_righthand1) { transformation: [-0.34679614311470297f,-0.01190833897704626f,-0.9378649298185603f,-0.7591785061165318f,0.35518657824471295f,-0.9271172676084672f,-0.11956616050129357f,4.569250573105657f,-0.8680869367497581f,-0.37458211858685436f,0.3257503747954934f,1.0992220782840565f,0f,0f,0f,1f], start_interpolation: 0, interpolation_duration: 1 }
$data merge entity $(bone_rightforearm) { transformation: [-0.21509547212571872f,-0.1463927768710448f,-0.9655584356997755f,-0.8322873146434557f,0.8687547991808204f,-0.4803065489412515f,-0.12070922891161406f,4.162121586064764f,-0.4460930808377394f,-0.8647975334863812f,0.23049119138172003f,0.5253028176502426f,0f,0f,0f,1f], start_interpolation: 0, interpolation_duration: 1 }
$data merge entity $(bone_rightelbow) { transformation: [-0.21509547212571872f,-0.1463927768710448f,-0.9655584356997755f,-0.8597359603067767f,0.8687547991808204f,-0.4803065489412515f,-0.12070922891161406f,4.072064108138279f,-0.4460930808377394f,-0.8647975334863812f,0.23049119138172003f,0.363153280121546f,0f,0f,0f,1f], start_interpolation: 0, interpolation_duration: 1 }
$data merge entity $(bone_rightarm) { transformation: [-0.1705296456232657f,0.6233093816470076f,-0.7631546728641762f,-0.535222593038021f,0.8261809565929197f,-0.3316234708130093f,-0.4554677821417674f,3.7649855222477324f,-0.5369773430293044f,-0.7081746171367321f,-0.4584147082243666f,0.20004011378386216f,0f,0f,0f,1f], start_interpolation: 0, interpolation_duration: 1 }
$data merge entity $(bone_chest1) { transformation: [-1.070258452938964f,0.11584731915358398f,0.12139750272857328f,0.1735260468958269f,0.12133818451870335f,1.075646870537996f,0.04326622228287946f,3.436367546794145f,-0.11590944742130128f,0.056341100964163685f,-1.0756401774997741f,0.1620406627449174f,0f,0f,0f,1f], start_interpolation: 0, interpolation_duration: 1 }
$data merge entity $(bone_chest1lid) { transformation: [-0.9879308796359668f,0.1069359869110006f,0.1120592332879138f,-0.2807163886068195f,0.11200447801726464f,0.9929048035735349f,0.03993805133804258f,2.7803801849844345f,-0.10699333608120119f,0.05200717012076648f,-0.9928986253844069f,0.4785064639701169f,0f,0f,0f,1f], start_interpolation: 0, interpolation_duration: 1 }
$data merge entity $(bone_chest2) { transformation: [-0.9879308796359668f,0.1069359869110006f,0.1120592332879138f,-0.29742513656166336f,0.11200447801726464f,0.9929048035735349f,0.03993805133804258f,2.6252388094260697f,-0.10699333608120119f,0.05200717012076648f,-0.9928986253844069f,0.47038034363874714f,0f,0f,0f,1f], start_interpolation: 0, interpolation_duration: 1 }
$data merge entity $(bone_chest1lid3) { transformation: [-0.9879308796359668f,0.1069359869110006f,0.1120592332879138f,-0.14718276230450186f,0.11200447801726464f,0.9929048035735349f,0.03993805133804258f,2.798965219246789f,-0.10699333608120119f,0.05200717012076648f,-0.9928986253844069f,-0.1508821344116937f,0f,0f,0f,1f], start_interpolation: 0, interpolation_duration: 1 }
$data merge entity $(bone_chest3) { transformation: [-0.9879308796359668f,0.1069359869110006f,0.1120592332879138f,-0.1638915102593457f,0.11200447801726464f,0.9929048035735349f,0.03993805133804258f,2.6438238436884243f,-0.10699333608120119f,0.05200717012076648f,-0.9928986253844069f,-0.15900825474306346f,0f,0f,0f,1f], start_interpolation: 0, interpolation_duration: 1 }
$data merge entity $(bone_hugeasssword2) { transformation: [-0.43889866371099656f,3.135777151166336f,-2.305330214740096f,-0.8898902305702517f,-0.15642403440733313f,2.3038553965746944f,3.163551739882117f,4.737011750997857f,3.8888529494222603f,0.4465755789052666f,-0.13293144049844166f,-0.1724859789755568f,0f,0f,0f,1f], start_interpolation: 0, interpolation_duration: 1 }
$data merge entity $(bone_belt) { transformation: [-0.9879308796359668f,0.1069359869110006f,0.1120592332879138f,0.14790359260523736f,0.11200447801726464f,0.9929048035735349f,0.03993805133804258f,3.032048422196125f,-0.10699333608120119f,0.05200717012076648f,-0.9928986253844069f,0.27472442179310563f,0f,0f,0f,1f], start_interpolation: 0, interpolation_duration: 1 }
$data merge entity $(bone_torn_part) { transformation: [-0.9915612094668628f,0.12017240530408875f,0.04863086349266416f,-0.009495576095171095f,0.12920317245811253f,0.9468061662214389f,0.2947280506362097f,2.7636874725445066f,-0.010625822667988902f,0.29852416419528044f,-0.9543429233164238f,0.25726784173615f,0f,0f,0f,1f], start_interpolation: 0, interpolation_duration: 1 }
$data merge entity $(bone_lowerbody) { transformation: [-0.9915612094668628f,0.12923404263784033f,0.010243539627159376f,0.02279351562499996f,0.12920317245811253f,0.991611523901227f,-0.0036229674364585125f,2.267394140625f,-0.010625822667988902f,-0.0022688961561244795f,-0.9999409702591754f,0.400030078125f,0f,0f,0f,1f], start_interpolation: 0, interpolation_duration: 1 }
$data merge entity $(bone_leftfoot) { transformation: [-0.9249608360689996f,-0.07778735246664928f,-0.3720169075926075f,0.5222576282230036f,-0.1590221006502341f,0.9682411601239734f,0.19292751837560418f,0.18729853371618144f,0.3451947613208001f,0.2376093088201965f,-0.9079550611779552f,0.036584936967224535f,0f,0f,0f,1f], start_interpolation: 0, interpolation_duration: 1 }
$data merge entity $(bone_leftlowerleg) { transformation: [-0.9249608360689996f,-0.07778735246664928f,-0.3720169075926075f,0.493121054357948f,-0.1590221006502341f,0.9682411601239734f,0.19292751837560418f,1.2317986015881959f,0.3451947613208001f,0.2376093088201965f,-0.9079550611779552f,0.4396860867862302f,0f,0f,0f,1f], start_interpolation: 0, interpolation_duration: 1 }
$data merge entity $(bone_leftleg) { transformation: [-0.9653254597150978f,-0.20172586625683425f,-0.16569077134458948f,0.2585940830892597f,-0.15605197117276706f,0.9547412821488483f,-0.253213085076319f,2.2335806199597448f,0.20927144840835094f,-0.21857666628371641f,-0.9531157861652317f,0.23554000538978714f,0f,0f,0f,1f], start_interpolation: 0, interpolation_duration: 1 }
$data merge entity $(bone_rightfoot) { transformation: [-0.8548102578539286f,0.20124534944726152f,0.4783301499942789f,-0.7584386020373483f,0.3393981781662539f,0.9140821958486649f,0.22195183236439192f,0.5363691170963207f,-0.3925662997827597f,0.35207108452460695f,-0.8496691424999143f,0.33437070428161686f,0f,0f,0f,1f], start_interpolation: 0, interpolation_duration: 1 }
$data merge entity $(bone_rightlowerleg) { transformation: [-0.8548102578539286f,0.20124534944726152f,0.4783301499942789f,-0.6086753773465072f,0.3393981781662539f,0.9140821958486649f,0.22195183236439192f,1.516327125112411f,-0.3925662997827597f,0.35207108452460695f,-0.8496691424999143f,0.8554975101187161f,0f,0f,0f,1f], start_interpolation: 0, interpolation_duration: 1 }
$data merge entity $(bone_rightleg) { transformation: [-0.9345609081261248f,0.34690825763069505f,0.07906054509113972f,-0.22257474942508151f,0.21596778928698976f,0.7296720072188319f,-0.6487963284974195f,2.279201779652652f,-0.2827610705046988f,-0.5892651548062863f,-0.7568439431865464f,0.24745213851822284f,0f,0f,0f,1f], start_interpolation: 0, interpolation_duration: 1 }
data modify entity @s data merge value {"locators":{"lefthand":{"posx":-0.23818010228539166,"posy":3.707880716226242,"posz":0.5038356931586492,"roty":205.0758667710627,"rotx":-8.746901810139992},"righthand":{"posx":-0.6578660376288366,"posy":4.7656228582369184,"posz":1.3190894885823006,"roty":250.84625658395177,"rotx":-6.867065139501222},"chest":{"posx":-0.33578198297861755,"posy":2.7155834541775588,"posz":0.627052884301345,"roty":6.439194172497793,"rotx":2.288890540555669},"sack":{"posx":0,"posy":-0.4375,"posz":0,"roty":0,"rotx":0}},"cameras":{}}