# This file was generated by Animated Java via MC-Build. It is not recommended to edit this file directly.
$data merge entity $(bone_nose) { transformation: [-0.9999698843406967f,-0.005687746945753538f,-0.005280146431198693f,-0.23958087819273038f,-0.006192957421237404f,0.9948471916593211f,0.10119640569674804f,3.9910066570359994f,0.0046773593012050824f,0.10122605782229764f,-0.9948524551548958f,0.5330757840982803f,0f,0f,0f,1f], start_interpolation: 0, interpolation_duration: 1 }
$data merge entity $(bone_glowing_eye) { transformation: [-0.9999698843406967f,-0.005687746945753538f,-0.005280146431198693f,-0.3647779664066807f,-0.006192957421237404f,0.9948471916593211f,0.10119640569674804f,4.054060463542572f,0.0046773593012050824f,0.10122605782229764f,-0.9948524551548958f,0.5752302787926348f,0f,0f,0f,1f], start_interpolation: 0, interpolation_duration: 1 }
$data merge entity $(bone_head) { transformation: [-0.9999698843406967f,-0.005687746945753538f,-0.005280146431198693f,-0.23986730679405205f,-0.006192957421237404f,0.9948471916593211f,0.10119640569674804f,3.8871155676561253f,0.0046773593012050824f,0.10122605782229764f,-0.9948524551548958f,0.3342856103197836f,0f,0f,0f,1f], start_interpolation: 0, interpolation_duration: 1 }
$data merge entity $(bone_leftthumb2) { transformation: [0.10101759346580963f,0.9699768427143469f,-0.2212247056914821f,-0.5567353598988227f,-0.9813235575146559f,0.06055695529651378f,-0.1825840371773928f,3.592036160179019f,-0.16370559329832277f,0.23553721524023002f,0.9579784438909474f,0.4108632529825766f,0f,0f,0f,1f], start_interpolation: 0, interpolation_duration: 1 }
$data merge entity $(bone_leftthumb) { transformation: [0.10101759346580963f,0.9699768427143469f,-0.2212247056914821f,-0.3377611243360793f,-0.9813235575146559f,0.06055695529651378f,-0.1825840371773928f,3.591284123931237f,-0.16370559329832277f,0.23553721524023002f,0.9579784438909474f,0.5504934313599393f,0f,0f,0f,1f], start_interpolation: 0, interpolation_duration: 1 }
$data merge entity $(bone_leftpointerfinger) { transformation: [0.10101759346580963f,0.9699768427143469f,-0.2212247056914821f,-0.6774534832163355f,-0.9813235575146559f,0.06055695529651378f,-0.1825840371773928f,3.670187510335044f,-0.16370559329832277f,0.23553721524023002f,0.9579784438909474f,0.536018321433631f,0f,0f,0f,1f], start_interpolation: 0, interpolation_duration: 1 }
$data merge entity $(bone_leftmidfinger) { transformation: [0.10101759346580963f,0.9699768427143469f,-0.2212247056914821f,-0.7120198434806296f,-0.9813235575146559f,0.06055695529651378f,-0.1825840371773928f,3.6416587545260763f,-0.16370559329832277f,0.23553721524023002f,0.9579784438909474f,0.6857024532915915f,0f,0f,0f,1f], start_interpolation: 0, interpolation_duration: 1 }
$data merge entity $(bone_leftringfinger) { transformation: [0.10101759346580963f,0.9699768427143469f,-0.2212247056914821f,-0.7465862037449237f,-0.9813235575146559f,0.06055695529651378f,-0.1825840371773928f,3.613129998717109f,-0.16370559329832277f,0.23553721524023002f,0.9579784438909474f,0.8353865851495521f,0f,0f,0f,1f], start_interpolation: 0, interpolation_duration: 1 }
$data merge entity $(bone_invisibility) { transformation: [0.9470047844451299f,0.3049219310715586f,-0.1010175934658096f,-0.5455081952167558f,0.044413270424903964f,0.1871671362097093f,0.9813235575146557f,3.498518511448396f,0.31813424783917255f,-0.933804625751365f,0.16370559329832296f,0.5011485792355036f,0f,0f,0f,1f], start_interpolation: 0, interpolation_duration: 1 }
$data merge entity $(bone_swiftness) { transformation: [-0.22122470569148206f,0.9699768427143469f,-0.10101759346580969f,-0.7130777484489731f,-0.18258403717739302f,0.06055695529651378f,0.9813235575146559f,3.4049731733203856f,0.9579784438909474f,0.23553721524023002f,0.163705593298323f,0.6403475249520663f,0f,0f,0f,1f], start_interpolation: 0, interpolation_duration: 1 }
$data merge entity $(bone_suspicious_stew) { transformation: [0.7856039652238045f,0.6104276006497504f,-0.10101759346580955f,-0.6324554920361437f,-0.022280108269048263f,0.19106980986618233f,0.9813235575146562f,3.4614453971981103f,0.6183283970514004f,-0.7686809950315472f,0.16370559329832282f,0.6697287305006705f,0f,0f,0f,1f], start_interpolation: 0, interpolation_duration: 1 }
$data merge entity $(bone_log) { transformation: [0.10101759346580963f,0.9699768427143469f,-0.2212247056914821f,-0.5121078953887189f,-0.9813235575146559f,0.06055695529651378f,-0.1825840371773928f,3.3684573063504857f,-0.16370559329832277f,0.23553721524023002f,0.9579784438909474f,0.7287287225913697f,0f,0f,0f,1f], start_interpolation: 0, interpolation_duration: 1 }
$data merge entity $(bone_planks) { transformation: [0.10101759346580963f,0.9699768427143469f,-0.2212247056914821f,-0.5026374960012993f,-0.9813235575146559f,0.06055695529651378f,-0.1825840371773928f,3.2764582228334866f,-0.16370559329832277f,0.23553721524023002f,0.9579784438909474f,0.7133813232196519f,0f,0f,0f,1f], start_interpolation: 0, interpolation_duration: 1 }
$data merge entity $(bone_lefthand1) { transformation: [0.10101759346580963f,0.9699768427143469f,-0.2212247056914821f,-0.2879548110237257f,-0.9813235575146559f,0.06055695529651378f,-0.1825840371773928f,3.6346331857150713f,-0.16370559329832277f,0.23553721524023002f,0.9579784438909474f,0.7986025983544157f,0f,0f,0f,1f], start_interpolation: 0, interpolation_duration: 1 }
$data merge entity $(bone_leftforearm) { transformation: [-0.0705356425703218f,0.9975071268699429f,0.0020627580718428074f,0.41624718632100627f,-0.9788743115069889f,-0.06881993924516028f,-0.19253284975299817f,3.5273227556053817f,-0.19191093090001377f,-0.015599609160603628f,0.981288360674438f,0.7604865590586813f,0f,0f,0f,1f], start_interpolation: 0, interpolation_duration: 1 }
$data merge entity $(bone_leftelbow) { transformation: [-0.0705356425703218f,0.9975071268699429f,0.0020627580718428074f,0.6032797726091206f,-0.9788743115069889f,-0.06881993924516028f,-0.19253284975299817f,3.5144190169969143f,-0.19191093090001377f,-0.015599609160603628f,0.981288360674438f,0.7575616323410682f,0f,0f,0f,1f], start_interpolation: 0, interpolation_duration: 1 }
$data merge entity $(bone_leftarm) { transformation: [-0.1073288209370487f,-0.16513625404786786f,0.980413454515645f,0.3980550640042807f,-0.9896338813055137f,0.11238753794282205f,-0.08940817796675479f,3.3463038331844994f,-0.0954217227283551f,-0.9798464465997662f,-0.17548685397306585f,0.3530527700822538f,0f,0f,0f,1f], start_interpolation: 0, interpolation_duration: 1 }
$data merge entity $(bone_rightthumb2) { transformation: [-0.07167438422649373f,-0.7526675166765775f,-0.654487885285638f,-0.19974817438543507f,0.7626506646163015f,-0.4642502379659142f,0.4503728236793439f,4.075094778341219f,-0.6428271512670158f,-0.4668654258868455f,0.6072972317617029f,0.8843410880544071f,0f,0f,0f,1f], start_interpolation: 0, interpolation_duration: 1 }
$data merge entity $(bone_rightthumb) { transformation: [-0.07167438422649373f,-0.7526675166765775f,-0.654487885285638f,-0.44026513630078806f,0.7626506646163015f,-0.4642502379659142f,0.4503728236793439f,3.9997286249364405f,-0.6428271512670158f,-0.4668654258868455f,0.6072972317617029f,0.8217439470296282f,0f,0f,0f,1f], start_interpolation: 0, interpolation_duration: 1 }
$data merge entity $(bone_rightpointerfinger) { transformation: [-0.07167438422649373f,-0.7526675166765775f,-0.654487885285638f,-0.23181461278882315f,0.7626506646163015f,-0.4642502379659142f,0.4503728236793439f,4.256586876821383f,-0.6428271512670158f,-0.4668654258868455f,0.6072972317617029f,0.9330920029677492f,0f,0f,0f,1f], start_interpolation: 0, interpolation_duration: 1 }
$data merge entity $(bone_rightmidfinger) { transformation: [-0.07167438422649373f,-0.7526675166765775f,-0.654487885285638f,-0.33407834486470406f,0.7626506646163015f,-0.4642502379659142f,0.4503728236793439f,4.326957630521281f,-0.6428271512670158f,-0.4668654258868455f,0.6072972317617029f,1.0279821954305153f,0f,0f,0f,1f], start_interpolation: 0, interpolation_duration: 1 }
$data merge entity $(bone_rightringfinger) { transformation: [-0.07167438422649373f,-0.7526675166765775f,-0.654487885285638f,-0.436342076940585f,0.7626506646163015f,-0.4642502379659142f,0.4503728236793439f,4.397328384221178f,-0.6428271512670158f,-0.4668654258868455f,0.6072972317617029f,1.1228723878932814f,0f,0f,0f,1f], start_interpolation: 0, interpolation_duration: 1 }
$data merge entity $(bone_hugeasssword) { transformation: [-0.2807246715537671f,-2.9479477736499287f,-2.5634108840354153f,-0.4576990526718833f,2.987048436413848f,-1.818313432033164f,1.7639602260774303f,4.02304064277576f,-2.5177396757958124f,-1.828556251390145f,2.3785808244000033f,1.0944120986062742f,0f,0f,0f,1f], start_interpolation: 0, interpolation_duration: 1 }
$data merge entity $(bone_ice) { transformation: [-0.07167438422649373f,-0.7526675166765775f,-0.654487885285638f,-0.4448187104702728f,0.7626506646163015f,-0.4642502379659142f,0.4503728236793439f,4.018378136109347f,-0.6428271512670158f,-0.4668654258868455f,0.6072972317617029f,1.1117510451243033f,0f,0f,0f,1f], start_interpolation: 0, interpolation_duration: 1 }
$data merge entity $(bone_righthand1) { transformation: [-0.07167438422649373f,-0.7526675166765775f,-0.654487885285638f,-0.6713569321112168f,0.7626506646163015f,-0.4642502379659142f,0.4503728236793439f,4.107052393511924f,-0.6428271512670158f,-0.4668654258868455f,0.6072972317617029f,0.8533059393283913f,0f,0f,0f,1f], start_interpolation: 0, interpolation_duration: 1 }
$data merge entity $(bone_rightforearm) { transformation: [0.13159911823742917f,-0.7491016889515433f,-0.6492521326026401f,-1.197584660288844f,0.8776117382285284f,-0.2165095068399932f,0.42769296273308444f,3.8842670986069745f,-0.46095477978065486f,-0.6260753094140099f,0.6289279751605265f,0.4361343793443871f,0f,0f,0f,1f], start_interpolation: 0, interpolation_duration: 1 }
$data merge entity $(bone_rightelbow) { transformation: [0.13159911823742917f,-0.7491016889515433f,-0.6492521326026401f,-1.3380412269672584f,0.8776117382285284f,-0.2165095068399932f,0.42769296273308444f,3.843671566074476f,-0.46095477978065486f,-0.6260753094140099f,0.6289279751605265f,0.31874525882926025f,0f,0f,0f,1f], start_interpolation: 0, interpolation_duration: 1 }
$data merge entity $(bone_rightarm) { transformation: [0.16231964157594142f,0.8435126646905432f,-0.5119948422253067f,-0.9737719597553828f,0.8444203236895165f,-0.38719002614238834f,-0.37018671045291257f,3.5463747340321645f,-0.5104964749131478f,-0.3722502762423626f,-0.7751277836194073f,0.3788471272571832f,0f,0f,0f,1f], start_interpolation: 0, interpolation_duration: 1 }
$data merge entity $(bone_chest1) { transformation: [-1.0802894906822789f,0.08091361775940005f,-0.006222048988807696f,-0.27550921104774845f,0.07885155917439755f,1.0662086079241855f,0.1749078246255662f,3.2516161743644334f,0.019187471128314433f,0.1739635075542196f,-1.0691022636316152f,0.15651521676570918f,0f,0f,0f,1f], start_interpolation: 0, interpolation_duration: 1 }
$data merge entity $(bone_chest1lid) { transformation: [-0.9971902990913344f,0.07468949331636929f,-0.005743429835822489f,-0.664775750799247f,0.07278605462252083f,0.9841925611607867f,0.16145337657744574f,2.5406416643188656f,0.017711511810751784f,0.1605816992808181f,-0.9868636279676449f,0.43899179899139795f,0f,0f,0f,1f], start_interpolation: 0, interpolation_duration: 1 }
$data merge entity $(bone_chest2) { transformation: [-0.9971902990913344f,0.07468949331636929f,-0.005743429835822489f,-0.6764459841299297f,0.07278605462252083f,0.9841925611607867f,0.16145337657744574f,2.3868615766374925f,0.017711511810751784f,0.1605816992808181f,-0.9868636279676449f,0.41390090847877015f,0f,0f,0f,1f], start_interpolation: 0, interpolation_duration: 1 }
$data merge entity $(bone_chest1lid3) { transformation: [-0.9971902990913344f,0.07468949331636929f,-0.005743429835822489f,-0.6061307418446124f,0.07278605462252083f,0.9841925611607867f,0.16145337657744574f,2.639523605274884f,0.017711511810751784f,0.1605816992808181f,-0.9868636279676449f,-0.1943246821635465f,0f,0f,0f,1f], start_interpolation: 0, interpolation_duration: 1 }
$data merge entity $(bone_chest3) { transformation: [-0.9971902990913344f,0.07468949331636929f,-0.005743429835822489f,-0.6178009751752951f,0.07278605462252083f,0.9841925611607867f,0.16145337657744574f,2.485743517593511f,0.017711511810751784f,0.1605816992808181f,-0.9868636279676449f,-0.21941557267617434f,0f,0f,0f,1f], start_interpolation: 0, interpolation_duration: 1 }
$data merge entity $(bone_hugeasssword2) { transformation: [0.022495100190303898f,3.077189085021119f,-2.4229484276954993f,-1.4189587334551694f,-0.6323590582616622f,2.3940521138593005f,3.0346192966067447f,4.526025557236197f,3.8652158762066096f,0.3737640819159578f,0.5105726384831728f,0.1032093663930902f,0f,0f,0f,1f], start_interpolation: 0, interpolation_duration: 1 }
$data merge entity $(bone_belt) { transformation: [-0.9971902990913344f,0.07468949331636929f,-0.005743429835822489f,-0.2725696888043525f,0.07278605462252083f,0.9841925611607867f,0.16145337657744574f,2.836116854502837f,0.017711511810751784f,0.1605816992808181f,-0.9868636279676449f,0.22116634696730691f,0f,0f,0f,1f], start_interpolation: 0, interpolation_duration: 1 }
$data merge entity $(bone_torn_part) { transformation: [-0.9961294576796693f,0.05169851973756516f,-0.07108703538446741f,-0.41302456779437624f,0.02582969382974554f,0.9452033835707969f,0.32545873871042175f,2.5555142278345135f,0.08401744140039936f,0.32236288052947654f,-0.9428802908096386f,0.1955569710028938f,0f,0f,0f,1f], start_interpolation: 0, interpolation_duration: 1 }
$data merge entity $(bone_lowerbody) { transformation: [-0.9961294576796693f,0.027929470792632846f,-0.08334295533547754f,-0.31766363425925975f,0.02582969382974554f,0.9993238190456168f,0.026167376726466837f,2.0613609259259253f,0.08401744140039936f,0.023913371768253467f,-0.9961773035916868f,0.3157631249999995f,0f,0f,0f,1f], start_interpolation: 0, interpolation_duration: 1 }
$data merge entity $(bone_leftfoot) { transformation: [-0.8407410986885394f,0.13299780189926408f,-0.5248485397388011f,0.18018254647182777f,-0.19731043513460006f,0.8274438745584403f,0.5257425478717802f,0.5797618522621073f,0.5042053125096784f,0.5455714610806546f,-0.6694242180346759f,0.14314561920364077f,0f,0f,0f,1f], start_interpolation: 0, interpolation_duration: 1 }
$data merge entity $(bone_leftlowerleg) { transformation: [-0.8407410986885394f,0.13299780189926408f,-0.5248485397388011f,0.4083676648723293f,-0.19731043513460006f,0.8274438745584403f,0.5257425478717802f,1.416929358243525f,0.5042053125096784f,0.5455714610806546f,-0.6694242180346759f,0.851243061210066f,0f,0f,0f,1f], start_interpolation: 0, interpolation_duration: 1 }
$data merge entity $(bone_leftleg) { transformation: [-0.8922363025492006f,-0.4433163834669893f,-0.0859358165323438f,-0.08049807320142344f,-0.22095716647024516f,0.5945686214194037f,-0.7730886656838726f,2.0245914717880438f,0.3938176113364811f,-0.6707896380931799f,-0.6284496403277267f,0.15813920236594284f,0f,0f,0f,1f], start_interpolation: 0, interpolation_duration: 1 }
$data merge entity $(bone_rightfoot) { transformation: [-0.9138271908235935f,0.21103193708259088f,0.3469659736092705f,-1.007027381751345f,0.30113105259361383f,0.9253584406560214f,0.23028644222037686f,0.1719052330469295f,-0.2724700983141484f,0.31492424142613434f,-0.9091659736741428f,0.16762031499373514f,0f,0f,0f,1f], start_interpolation: 0, interpolation_duration: 1 }
$data merge entity $(bone_rightlowerleg) { transformation: [-0.9138271908235935f,0.21103193708259088f,0.3469659736092705f,-0.8262236304192756f,0.30113105259361383f,0.9253584406560214f,0.23028644222037686f,1.163092248805727f,-0.2724700983141484f,0.31492424142613434f,-0.9091659736741428f,0.6566787695797501f,0f,0f,0f,1f], start_interpolation: 0, interpolation_duration: 1 }
$data merge entity $(bone_rightleg) { transformation: [-0.9769945436949892f,0.21326127129245642f,-0.001136554858060121f,-0.5790413955558412f,0.18719864484568446f,0.8550187266106403f,-0.4836317240556687f,2.0571875520125995f,-0.10216814062201261f,-0.47271831708941053f,-0.8752708516396487f,0.1747970422487191f,0f,0f,0f,1f], start_interpolation: 0, interpolation_duration: 1 }
data modify entity @s data merge value {"locators":{"lefthand":{"posx":-0.5939010995867675,"posy":3.458578253315841,"posz":0.7107063638366484,"roty":193.00329080015433,"rotx":-10.520308980782941},"righthand":{"posx":-0.429551380835847,"posy":4.090093470515353,"posz":1.049291752726226,"roty":227.14185889352294,"rotx":26.76760644559268},"chest":{"posx":-0.699708630066277,"posy":2.456177103363044,"posz":0.5837063694003773,"roty":359.66654909056274,"rotx":9.291265461927054},"sack":{"posx":0,"posy":-0.4375,"posz":0,"roty":0,"rotx":0}},"cameras":{}}