# This file was generated by Animated Java via MC-Build. It is not recommended to edit this file directly.
$data merge entity $(bone_nose) { transformation: [-0.940839580170254f,0.11372819070209389f,0.3191970911908317f,0.11439047119065754f,0.1269221552884732f,0.9916952044313975f,0.020769882154162395f,4.1195803051854485f,-0.3141841034839107f,0.06005430998185951f,-0.9474607268750584f,0.6221727973370328f,0f,0f,0f,1f], start_interpolation: 0, interpolation_duration: 1 }
$data merge entity $(bone_glowing_eye) { transformation: [-0.940839580170254f,0.11372819070209389f,0.3191970911908317f,-0.006652735773829049f,0.1269221552884732f,0.9916952044313975f,0.020769882154162395f,4.201866619441104f,-0.3141841034839107f,0.06005430998185951f,-0.9474607268750584f,0.620028183355844f,0f,0f,0f,1f], start_interpolation: 0, interpolation_duration: 1 }
$data merge entity $(bone_head) { transformation: [-0.940839580170254f,0.11372819070209389f,0.3191970911908317f,0.16011892091429816f,0.1269221552884732f,0.9916952044313975f,0.020769882154162395f,4.0010181446725515f,-0.3141841034839107f,0.06005430998185951f,-0.9474607268750584f,0.43734072039920246f,0f,0f,0f,1f], start_interpolation: 0, interpolation_duration: 1 }
$data merge entity $(bone_leftthumb2) { transformation: [-0.06486647696670597f,0.8630073155446287f,-0.5010096940004065f,-0.12928198709273075f,-0.9977767219744089f,-0.06378738917788203f,0.019307565042556207f,3.8670093940684573f,-0.015295530456015768f,0.5011482238802434f,0.8652262735549274f,0.2826670981759195f,0f,0f,0f,1f], start_interpolation: 0, interpolation_duration: 1 }
$data merge entity $(bone_leftthumb) { transformation: [-0.06486647696670597f,0.8630073155446287f,-0.5010096940004065f,0.03954904856468312f,-0.9977767219744089f,-0.06378738917788203f,0.019307565042556207f,3.853015991517625f,-0.015295530456015768f,0.5011482238802434f,0.8652262735549274f,0.4795100157431903f,0f,0f,0f,1f], start_interpolation: 0, interpolation_duration: 1 }
$data merge entity $(bone_leftpointerfinger) { transformation: [-0.06486647696670597f,0.8630073155446287f,-0.5010096940004065f,-0.26001528533643375f,-0.9977767219744089f,-0.06378738917788203f,0.019307565042556207f,3.9839830996689383f,-0.015295530456015768f,0.5011482238802434f,0.8652262735549274f,0.3573011849989993f,0f,0f,0f,1f], start_interpolation: 0, interpolation_duration: 1 }
$data merge entity $(bone_leftmidfinger) { transformation: [-0.06486647696670597f,0.8630073155446287f,-0.5010096940004065f,-0.33829805002399727f,-0.9977767219744089f,-0.06378738917788203f,0.019307565042556207f,3.9869999067068376f,-0.015295530456015768f,0.5011482238802434f,0.8652262735549274f,0.4924927902419568f,0f,0f,0f,1f], start_interpolation: 0, interpolation_duration: 1 }
$data merge entity $(bone_leftringfinger) { transformation: [-0.06486647696670597f,0.8630073155446287f,-0.5010096940004065f,-0.41658081471156083f,-0.9977767219744089f,-0.06378738917788203f,0.019307565042556207f,3.990016713744737f,-0.015295530456015768f,0.5011482238802434f,0.8652262735549274f,0.6276843954849142f,0f,0f,0f,1f], start_interpolation: 0, interpolation_duration: 1 }
$data merge entity $(bone_invisibility) { transformation: [0.8160574401555667f,0.5743192444387275f,0.06486647696670589f,-0.16212977169248463f,-0.06186189373218837f,-0.024793531210188208f,0.9977767219744087f,3.7893198571998257f,0.5746506421040616f,-0.8182558806861444f,0.015295530456015985f,0.3822080389768066f,0f,0f,0f,1f], start_interpolation: 0, interpolation_duration: 1 }
$data merge entity $(bone_swiftness) { transformation: [-0.5010096940004065f,0.8630073155446287f,0.06486647696670586f,-0.37631329191891993f,0.019307565042555985f,-0.06378738917788203f,0.9977767219744089f,3.749610584819499f,0.8652262735549274f,0.5011482238802434f,0.015295530456015961f,0.4757773998540106f,0f,0f,0f,1f], start_interpolation: 0, interpolation_duration: 1 }
$data merge entity $(bone_suspicious_stew) { transformation: [0.5704144043540008f,0.8187916386183959f,0.06486647696670608f,-0.29652255723371534f,-0.049651277949921226f,-0.04445631208211919f,0.9977767219744091f,3.7959300595130183f,0.8198549615044175f,-0.5723669180208262f,0.015295530456015827f,0.520946642273969f,0f,0f,0f,1f], start_interpolation: 0, interpolation_duration: 1 }
$data merge entity $(bone_log) { transformation: [-0.06486647696670597f,0.8630073155446287f,-0.5010096940004065f,-0.2182127044125345f,-0.9977767219744089f,-0.06378738917788203f,0.019307565042556207f,3.695320110292052f,-0.015295530456015768f,0.5011482238802434f,0.8652262735549274f,0.6227136958516353f,0f,0f,0f,1f], start_interpolation: 0, interpolation_duration: 1 }
$data merge entity $(bone_planks) { transformation: [-0.06486647696670597f,0.8630073155446287f,-0.5010096940004065f,-0.22429393662816316f,-0.9977767219744089f,-0.06378738917788203f,0.019307565042556207f,3.6017785426069513f,-0.015295530456015768f,0.5011482238802434f,0.8652262735549274f,0.6212797398713837f,0f,0f,0f,1f], start_interpolation: 0, interpolation_duration: 1 }
$data merge entity $(bone_lefthand1) { transformation: [-0.06486647696670597f,0.8630073155446287f,-0.5010096940004065f,0.029412296652811865f,-0.9977767219744089f,-0.06378738917788203f,0.019307565042556207f,3.928214082083604f,-0.015295530456015768f,0.5011482238802434f,0.8652262735549274f,0.7247863133871085f,0f,0f,0f,1f], start_interpolation: 0, interpolation_duration: 1 }
$data merge entity $(bone_leftforearm) { transformation: [-0.18951702869054798f,0.9049940342030812f,-0.3808793692143718f,0.6639105223576405f,-0.9639867775388596f,-0.2452073058988723f,-0.10297023775859722f,3.6927323046147102f,-0.18658185486952136f,0.3476480622564273f,0.9188732427504894f,0.9446424026654575f,0f,0f,0f,1f], start_interpolation: 0, interpolation_duration: 1 }
$data merge entity $(bone_leftelbow) { transformation: [-0.18951702869054798f,0.9049940342030812f,-0.3808793692143718f,0.8335969037707183f,-0.9639867775388596f,-0.2452073058988723f,-0.10297023775859722f,3.6467559347586715f,-0.18658185486952136f,0.3476480622564273f,0.9188732427504894f,1.0098264143385376f,0f,0f,0f,1f], start_interpolation: 0, interpolation_duration: 1 }
$data merge entity $(bone_leftarm) { transformation: [-0.261771679254416f,0.26139416663548426f,0.9290579516850732f,0.7807270786488318f,-0.9587682073945398f,0.039912893654045545f,-0.2813725029380479f,3.4762064247213353f,-0.11063052214368307f,-0.9644065794928515f,0.24016835137277057f,0.5614848228469647f,0f,0f,0f,1f], start_interpolation: 0, interpolation_duration: 1 }
$data merge entity $(bone_rightthumb2) { transformation: [-0.7696289991538579f,-0.26424939795663055f,-0.5812430294988398f,-0.14902179292175455f,-0.03443982986429367f,-0.8918319642228388f,0.451053927717465f,4.662285854293179f,-0.6375618415340975f,0.36716209399935573f,0.6772790377308741f,-0.08083685118441944f,0f,0f,0f,1f], start_interpolation: 0, interpolation_duration: 1 }
$data merge entity $(bone_rightthumb) { transformation: [-0.7696289991538579f,-0.26424939795663055f,-0.5812430294988398f,-0.2634985520935306f,-0.03443982986429367f,-0.8918319642228388f,0.451053927717465f,4.482116694835175f,-0.6375618415340975f,0.36716209399935573f,0.6772790377308741f,0.06708547202010373f,0f,0f,0f,1f], start_interpolation: 0, interpolation_duration: 1 }
$data merge entity $(bone_rightpointerfinger) { transformation: [-0.7696289991538579f,-0.26424939795663055f,-0.5812430294988398f,-0.28821565717922254f,-0.03443982986429367f,-0.8918319642228388f,0.451053927717465f,4.792125354566143f,-0.6375618415340975f,0.36716209399935573f,0.6772790377308741f,-0.09137546159759206f,0f,0f,0f,1f], start_interpolation: 0, interpolation_duration: 1 }
$data merge entity $(bone_rightmidfinger) { transformation: [-0.7696289991538579f,-0.26424939795663055f,-0.5812430294988398f,-0.3790348805384163f,-0.03443982986429367f,-0.8918319642228388f,0.451053927717465f,4.862602530771997f,-0.6375618415340975f,0.36716209399935573f,0.6772790377308741f,0.014449388047857004f,0f,0f,0f,1f], start_interpolation: 0, interpolation_duration: 1 }
$data merge entity $(bone_rightringfinger) { transformation: [-0.7696289991538579f,-0.26424939795663055f,-0.5812430294988398f,-0.46985410389760995f,-0.03443982986429367f,-0.8918319642228388f,0.451053927717465f,4.933079706977852f,-0.6375618415340975f,0.36716209399935573f,0.6772790377308741f,0.12027423769330607f,0f,0f,0f,1f], start_interpolation: 0, interpolation_duration: 1 }
$data merge entity $(bone_hugeasssword) { transformation: [-3.0143802466859433f,-1.0349768086634696f,-2.276535198870456f,-0.21919591426219398f,-0.1348893336351502f,-3.493008526539452f,1.7666278835600713f,4.683549525226351f,-2.497117212675215f,1.43805153483081f,2.6526762311125904f,0.24779906758442588f,0f,0f,0f,1f], start_interpolation: 0, interpolation_duration: 1 }
$data merge entity $(bone_ice) { transformation: [-0.7696289991538579f,-0.26424939795663055f,-0.5812430294988398f,-0.2030415643073426f,-0.03443982986429367f,-0.8918319642228388f,0.451053927717465f,4.698022522008962f,-0.6375618415340975f,0.36716209399935573f,0.6772790377308741f,0.25202406363965624f,0f,0f,0f,1f], start_interpolation: 0, interpolation_duration: 1 }
$data merge entity $(bone_righthand1) { transformation: [-0.7696289991538579f,-0.26424939795663055f,-0.5812430294988398f,-0.4796750082568034f,-0.03443982986429367f,-0.8918319642228388f,0.451053927717465f,4.48055000872835f,-0.6375618415340975f,0.36716209399935573f,0.6772790377308741f,0.2055890966850606f,0f,0f,0f,1f], start_interpolation: 0, interpolation_duration: 1 }
$data merge entity $(bone_rightforearm) { transformation: [0.12498545674473842f,-0.5345012543715995f,-0.8358750173784927f,-0.8528639834079936f,0.20720341036166323f,-0.8098423610651676f,0.5488370404399574f,3.888111776333995f,-0.9702810841899399f,-0.24179280241475673f,0.009531965359415015f,0.10278165044992969f,0f,0f,0f,1f], start_interpolation: 0, interpolation_duration: 1 }
$data merge entity $(bone_rightelbow) { transformation: [0.12498545674473842f,-0.5345012543715995f,-0.8358750173784927f,-0.9530829686026685f,0.20720341036166323f,-0.8098423610651676f,0.5488370404399574f,3.7362663336342763f,-0.9702810841899399f,-0.24179280241475673f,0.009531965359415015f,0.05744549999716281f,0f,0f,0f,1f], start_interpolation: 0, interpolation_duration: 1 }
$data merge entity $(bone_rightarm) { transformation: [0.16917090070367702f,0.9248885691971427f,-0.34053243740291284f,-0.5796257112301478f,0.15391005948186895f,-0.3660644342785668f,-0.9177736777368377f,3.663329763233144f,-0.9734951977002219f,0.10284923200867889f,-0.20427710476172f,0.3394039835002764f,0f,0f,0f,1f], start_interpolation: 0, interpolation_duration: 1 }
$data merge entity $(bone_chest1) { transformation: [-1.0649182337584597f,0.01343965492152254f,0.19844304521817813f,0.1539291586333601f,0.048230815497206536f,1.0660467833988776f,0.18662570871263193f,3.3628603345516046f,-0.19296127838597027f,0.1922881753816602f,-1.0485238737211255f,0.2609749131872896f,0f,0f,0f,1f], start_interpolation: 0, interpolation_duration: 1 }
$data merge entity $(bone_chest1lid) { transformation: [-0.9830014465462705f,0.012405835312174653f,0.1831781955860106f,-0.2618538907822167f,0.04452075276665219f,0.984043184675887f,0.1722698849655064f,2.638104672785602f,-0.17811810312551102f,0.17749677727537866f,-0.9678681911271929f,0.45759611999712063f,0f,0f,0f,1f], start_interpolation: 0, interpolation_duration: 1 }
$data merge entity $(bone_chest2) { transformation: [-0.9830014465462705f,0.012405835312174653f,0.1831781955860106f,-0.263792302549744f,0.04452075276665219f,0.984043184675887f,0.1722698849655064f,2.484347925179995f,-0.17811810312551102f,0.17749677727537866f,-0.9678681911271929f,0.4298622485478427f,0f,0f,0f,1f], start_interpolation: 0, interpolation_duration: 1 }
$data merge entity $(bone_chest1lid3) { transformation: [-0.9830014465462705f,0.012405835312174653f,0.1831781955860106f,-0.08306776882578676f,0.04452075276665219f,0.984043184675887f,0.1722698849655064f,2.745682520793714f,-0.17811810312551102f,0.17749677727537866f,-0.9678681911271929f,-0.15131205849839285f,0f,0f,0f,1f], start_interpolation: 0, interpolation_duration: 1 }
$data merge entity $(bone_chest3) { transformation: [-0.9830014465462705f,0.012405835312174653f,0.1831781955860106f,-0.08500618059331405f,0.04452075276665219f,0.984043184675887f,0.1722698849655064f,2.5919257731881067f,-0.17811810312551102f,0.17749677727537866f,-0.9678681911271929f,-0.17904592994767077f,0f,0f,0f,1f], start_interpolation: 0, interpolation_duration: 1 }
$data merge entity $(bone_hugeasssword2) { transformation: [-0.7174479327118757f,2.871409968656965f,-2.5652584730437273f,-0.9942556044023476f,-0.6747237161148999f,2.4752777065044f,2.9593962155095412f,4.605137701973182f,3.790817081914839f,0.9840136408391402f,0.041240561137588304f,-0.00894413292477858f,0f,0f,0f,1f], start_interpolation: 0, interpolation_duration: 1 }
$data merge entity $(bone_belt) { transformation: [-0.9830014465462705f,0.012405835312174653f,0.1831781955860106f,0.15649336608683267f,0.04452075276665219f,0.984043184675887f,0.1722698849655064f,2.9469099101227867f,-0.17811810312551102f,0.17749677727537866f,-0.9678681911271929f,0.32267388797969665f,0f,0f,0f,1f], start_interpolation: 0, interpolation_duration: 1 }
$data merge entity $(bone_torn_part) { transformation: [-0.9925392172577296f,0.0015606871846229678f,0.12191581710723602f,0.026681768291334305f,0.04487449371647362f,0.9344067661258627f,0.35336988444390316f,2.66803795443748f,-0.11336746455268124f,0.35620437907712343f,-0.92750539529815f,0.26531208954823193f,0f,0f,0f,1f], start_interpolation: 0, interpolation_duration: 1 }
$data merge entity $(bone_lowerbody) { transformation: [-0.9925392172577296f,0.038149247078238586f,0.11580387365186354f,0.08869694444444498f,0.04487449371647362f,0.9974199453705059f,0.05603331500801276f,2.1687545370370365f,-0.11336746455268124f,0.060811902818942644f,-0.99169034000359f,0.38614627314814776f,0f,0f,0f,1f], start_interpolation: 0, interpolation_duration: 1 }
$data merge entity $(bone_leftfoot) { transformation: [-0.9369811945744234f,-0.12435911228258864f,-0.3264981657010843f,0.8049839946576398f,-0.21627857354562374f,0.940383219960407f,0.26249376800596097f,0.25837055552828736f,0.27438990440421906f,0.3165662818576601f,-0.9080176042081234f,0.16715356927394415f,0f,0f,0f,1f], start_interpolation: 0, interpolation_duration: 1 }
$data merge entity $(bone_leftlowerleg) { transformation: [-0.9369811945744234f,-0.12435911228258864f,-0.3264981657010843f,0.7171881191996398f,-0.21627857354562374f,0.940383219960407f,0.26249376800596097f,1.261277171127983f,0.27438990440421906f,0.3165662818576601f,-0.9080176042081234f,0.6578572205193456f,0f,0f,0f,1f], start_interpolation: 0, interpolation_duration: 1 }
$data merge entity $(bone_leftleg) { transformation: [-0.9385486721126055f,-0.334679328237001f,-0.0843572007981204f,0.3403017430634738f,-0.2631657859171606f,0.8520537561293071f,-0.4524910670814868f,2.148565793070613f,0.22331627616066838f,-0.40248496110633625f,-0.8877700698294368f,0.2566293279984352f,0f,0f,0f,1f], start_interpolation: 0, interpolation_duration: 1 }
$data merge entity $(bone_rightfoot) { transformation: [-0.8826364734044378f,0.0524706260011844f,0.46711849591214083f,-0.4093902177539153f,0.3213684843844775f,0.7925800508654947f,0.5182076419877207f,0.8015658844251661f,-0.3430381218765645f,0.6075061286745128f,-0.7164224665393356f,0.28322697709137556f,0f,0f,0f,1f], start_interpolation: 0, interpolation_duration: 1 }
$data merge entity $(bone_rightlowerleg) { transformation: [-0.8826364734044378f,0.0524706260011844f,0.46711849591214083f,-0.42295133028733223f,0.3213684843844775f,0.7925800508654947f,0.5182076419877207f,1.6012140413210947f,-0.3430381218765645f,0.6075061286745128f,-0.7164224665393356f,1.067254266225141f,0f,0f,0f,1f], start_interpolation: 0, interpolation_duration: 1 }
$data merge entity $(bone_rightleg) { transformation: [-0.9689198265328085f,0.24387540138723612f,0.04146273447140886f,-0.14500622783552256f,0.09869059453875756f,0.5347779881247473f,-0.839209550688524f,2.1492076784319654f,-0.2268359237449365f,-0.8090347903616149f,-0.5422252038436789f,0.22138771639388316f,0f,0f,0f,1f], start_interpolation: 0, interpolation_duration: 1 }
data modify entity @s data merge value {"locators":{"lefthand":{"posx":-0.2717256422550736,"posy":3.793543387052885,"posz":0.5714762863169469,"roty":210.07300763672245,"rotx":1.1063107323412236},"righthand":{"posx":-0.26198346379902504,"posy":4.701680944779581,"posz":0.17593324831254972,"roty":220.63629832828335,"rotx":26.811322986076455},"chest":{"posx":-0.32196964375411274,"posy":2.551076077741457,"posz":0.5921657855583612,"roty":10.717009172270906,"rotx":9.919821266101293},"sack":{"posx":0,"posy":-0.4375,"posz":0,"roty":0,"rotx":0}},"cameras":{}}