# This file was generated by Animated Java via MC-Build. It is not recommended to edit this file directly.
$data merge entity $(bone_nose) { transformation: [-0.9572957821609066f,0.07801805364489361f,0.2783845699071708f,0.05261275725971397f,0.08646022772173408f,0.9960898056259272f,0.01815841816921787f,4.2349662466162785f,-0.2758793476852586f,0.04145217043249723f,-0.9602980282637215f,0.6017071247175774f,0f,0f,0f,1f], start_interpolation: 0, interpolation_duration: 1 }
$data merge entity $(bone_glowing_eye) { transformation: [-0.9572957821609066f,0.07801805364489361f,0.2783845699071708f,-0.07148116293922108f,0.08646022772173408f,0.9960898056259272f,0.01815841816921787f,4.312583498801015f,-0.2758793476852586f,0.04145217043249723f,-0.9602980282637215f,0.6035390548766151f,0f,0f,0f,1f], start_interpolation: 0, interpolation_duration: 1 }
$data merge entity $(bone_head) { transformation: [-0.9572957821609066f,0.07801805364489361f,0.2783845699071708f,0.09510823444002744f,0.08646022772173408f,0.9960898056259272f,0.01815841816921787f,4.115372444792508f,-0.2758793476852586f,0.04145217043249723f,-0.9602980282637215f,0.4167681329680821f,0f,0f,0f,1f], start_interpolation: 0, interpolation_duration: 1 }
$data merge entity $(bone_leftthumb2) { transformation: [0.03607122871813233f,0.9118326358500692f,-0.40897446210916366f,-0.30514877102426335f,-0.9970670984716098f,0.005195994773977992f,-0.07635576457421747f,3.8643975960002246f,-0.06749864890624631f,0.4105292265320756f,0.9093457464346588f,0.33798921764635265f,0f,0f,0f,1f], start_interpolation: 0, interpolation_duration: 1 }
$data merge entity $(bone_leftthumb) { transformation: [0.03607122871813233f,0.9118326358500692f,-0.40897446210916366f,-0.11647859092249659f,-0.9970670984716098f,0.005195994773977992f,-0.07635576457421747f,3.8591467019974806f,-0.06749864890624631f,0.4105292265320756f,0.9093457464346588f,0.5163788456100851f,0f,0f,0f,1f], start_interpolation: 0, interpolation_duration: 1 }
$data merge entity $(bone_leftpointerfinger) { transformation: [0.03607122871813233f,0.9118326358500692f,-0.40897446210916366f,-0.43878964311321333f,-0.9970670984716098f,0.005195994773977992f,-0.07635576457421747f,3.9629168036431848f,-0.06749864890624631f,0.4105292265320756f,0.9093457464346588f,0.43168218974249306f,0f,0f,0f,1f], start_interpolation: 0, interpolation_duration: 1 }
$data merge entity $(bone_leftmidfinger) { transformation: [0.03607122871813233f,0.9118326358500692f,-0.40897446210916366f,-0.5026919028177701f,-0.9970670984716098f,0.005195994773977992f,-0.07635576457421747f,3.9509862154284634f,-0.06749864890624631f,0.4105292265320756f,0.9093457464346588f,0.5737674626229086f,0f,0f,0f,1f], start_interpolation: 0, interpolation_duration: 1 }
$data merge entity $(bone_leftringfinger) { transformation: [0.03607122871813233f,0.9118326358500692f,-0.40897446210916366f,-0.566594162522327f,-0.9970670984716098f,0.005195994773977992f,-0.07635576457421747f,3.939055627213742f,-0.06749864890624631f,0.4105292265320756f,0.9093457464346588f,0.715852735503324f,0f,0f,0f,1f], start_interpolation: 0, interpolation_duration: 1 }
$data merge entity $(bone_invisibility) { transformation: [0.872718364370912f,0.48688964144714003f,-0.03607122871813236f,-0.31951414124155086f,-0.0014786209293821719f,0.07651806862141602f,0.9970670984716096f,3.7789211522511064f,0.488221742827895f,-0.870105431672463f,0.06749864890624653f,0.4355107726484345f,0f,0f,0f,1f], start_interpolation: 0, interpolation_duration: 1 }
$data merge entity $(bone_swiftness) { transformation: [-0.40897446210916366f,0.9118326358500692f,-0.03607122871813242f,-0.5177956766426183f,-0.0763557645742177f,0.005195994773977992f,0.9970670984716098f,3.711970450695548f,0.9093457464346588f,0.4105292265320756f,0.06749864890624652f,0.5469049745834772f,0f,0f,0f,1f], start_interpolation: 0, interpolation_duration: 1 }
$data merge entity $(bone_suspicious_stew) { transformation: [0.6535609420721595f,0.7560138632700568f,-0.03607122871813223f,-0.438939007692491f,-0.027560169973179883f,0.07139774629814293f,0.99706709847161f,3.7643608841384104f,0.7563719534916675f,-0.6506499829916468f,0.06749864890624636f,0.586769542611242f,0f,0f,0f,1f], start_interpolation: 0, interpolation_duration: 1 }
$data merge entity $(bone_log) { transformation: [0.03607122871813233f,0.9118326358500692f,-0.40897446210916366f,-0.3407489284302745f,-0.9970670984716098f,0.005195994773977992f,-0.07635576457421747f,3.6679561665390277f,-0.06749864890624631f,0.4105292265320756f,0.9093457464346588f,0.6743832794569156f,0f,0f,0f,1f], start_interpolation: 0, interpolation_duration: 1 }
$data merge entity $(bone_planks) { transformation: [0.03607122871813233f,0.9118326358500692f,-0.40897446210916366f,-0.3373672507379496f,-0.9970670984716098f,0.005195994773977992f,-0.07635576457421747f,3.5744811260573144f,-0.06749864890624631f,0.4105292265320756f,0.9093457464346588f,0.6680552811219549f,0f,0f,0f,1f], start_interpolation: 0, interpolation_duration: 1 }
$data merge entity $(bone_lefthand1) { transformation: [0.03607122871813233f,0.9118326358500692f,-0.40897446210916366f,-0.1090281247063789f,-0.9970670984716098f,0.005195994773977992f,-0.07635576457421747f,3.920908057493369f,-0.06749864890624631f,0.4105292265320756f,0.9093457464346588f,0.7654731937404129f,0f,0f,0f,1f], start_interpolation: 0, interpolation_duration: 1 }
$data merge entity $(bone_leftforearm) { transformation: [-0.0868592183055053f,0.9574382002127535f,-0.275259094252525f,0.5675473534601523f,-0.9793455872794029f,-0.13270434988802995f,-0.1525508970709651f,3.7659502292522338f,-0.18258613548601504f,0.256323327643348f,0.949189472568108f,0.9204010051597317f,0f,0f,0f,1f], start_interpolation: 0, interpolation_duration: 1 }
$data merge entity $(bone_leftelbow) { transformation: [-0.0868592183055053f,0.9574382002127535f,-0.275259094252525f,0.7470670160000435f,-0.9793455872794029f,-0.13270434988802995f,-0.1525508970709651f,3.741068163648228f,-0.18258613548601504f,0.256323327643348f,0.949189472568108f,0.9684616290928594f,0f,0f,0f,1f], start_interpolation: 0, interpolation_duration: 1 }
$data merge entity $(bone_leftarm) { transformation: [-0.15708674542995674f,0.25195525126341467f,0.9549043437805765f,0.7117061154469909f,-0.9823666631236976f,0.05940054531699453f,-0.17727750674931925f,3.5617839892861514f,-0.10138783750250945f,-0.9659141403752368f,0.23818140109952204f,0.5218909626747351f,0f,0f,0f,1f], start_interpolation: 0, interpolation_duration: 1 }
$data merge entity $(bone_rightthumb2) { transformation: [-0.6204012290410577f,0.23330447290795758f,-0.7487798995202033f,-0.835428489511649f,-0.10203124982696718f,-0.9706255552988489f,-0.21788908981302554f,5.2900313670974635f,-0.7776194050196356f,-0.05877971012128106f,0.6259816344070855f,0.5204833225574256f,0f,0f,0f,1f], start_interpolation: 0, interpolation_duration: 1 }
$data merge entity $(bone_rightthumb) { transformation: [-0.6204012290410577f,0.23330447290795758f,-0.7487798995202033f,-0.842201175577767f,-0.10203124982696718f,-0.9706255552988489f,-0.21788908981302554f,5.033372472459389f,-0.7776194050196356f,-0.05877971012128106f,0.6259816344070855f,0.5595628650203508f,0f,0f,0f,1f], start_interpolation: 0, interpolation_duration: 1 }
$data merge entity $(bone_rightpointerfinger) { transformation: [-0.6204012290410577f,0.23330447290795758f,-0.7487798995202033f,-1.0217096479670658f,-0.10203124982696718f,-0.9706255552988489f,-0.21788908981302554f,5.3304857637570136f,-0.7776194050196356f,-0.05877971012128106f,0.6259816344070855f,0.5231407240927056f,0f,0f,0f,1f], start_interpolation: 0, interpolation_duration: 1 }
$data merge entity $(bone_rightmidfinger) { transformation: [-0.6204012290410577f,0.23330447290795758f,-0.7487798995202033f,-1.1387065072670974f,-0.10203124982696718f,-0.9706255552988489f,-0.21788908981302554f,5.296440593473728f,-0.7776194050196356f,-0.05877971012128106f,0.6259816344070855f,0.6209503544688127f,0f,0f,0f,1f], start_interpolation: 0, interpolation_duration: 1 }
$data merge entity $(bone_rightringfinger) { transformation: [-0.6204012290410577f,0.23330447290795758f,-0.7487798995202033f,-1.2557033665671293f,-0.10203124982696718f,-0.9706255552988489f,-0.21788908981302554f,5.262395423190443f,-0.7776194050196356f,-0.05877971012128106f,0.6259816344070855f,0.7187599848449199f,0f,0f,0f,1f], start_interpolation: 0, interpolation_duration: 1 }
$data merge entity $(bone_hugeasssword) { transformation: [-2.429904813744143f,0.913775852222834f,-2.9327212731207966f,-0.9148227738136345f,-0.3996223951556215f,-3.801616758253825f,-0.8533989351010168f,5.129788845317266f,-3.0456760029935728f,-0.23022053130835085f,2.451761401427752f,0.8057849172711575f,0f,0f,0f,1f], start_interpolation: 0, interpolation_duration: 1 }
$data merge entity $(bone_ice) { transformation: [-0.6204012290410577f,0.23330447290795758f,-0.7487798995202033f,-0.9087743869990549f,-0.10203124982696718f,-0.9706255552988489f,-0.21788908981302554f,5.146549107897357f,-0.7776194050196356f,-0.05877971012128106f,0.6259816344070855f,0.8188536534452344f,0f,0f,0f,1f], start_interpolation: 0, interpolation_duration: 1 }
$data merge entity $(bone_righthand1) { transformation: [-0.6204012290410577f,0.23330447290795758f,-0.7487798995202033f,-1.0289479478923362f,-0.10203124982696718f,-0.9706255552988489f,-0.21788908981302554f,4.871575872559246f,-0.7776194050196356f,-0.05877971012128106f,0.6259816344070855f,0.6293158007352266f,0f,0f,0f,1f], start_interpolation: 0, interpolation_duration: 1 }
$data merge entity $(bone_rightforearm) { transformation: [0.21072117945685534f,0.06767252862534173f,-0.9752010117907818f,-0.9838881921792365f,0.551786476844353f,-0.8317136884616976f,0.06151442430142001f,4.249525430417404f,-0.806925193868681f,-0.551065122553488f,-0.212600475552386f,0.2928755942158483f,0f,0f,0f,1f], start_interpolation: 0, interpolation_duration: 1 }
$data merge entity $(bone_rightelbow) { transformation: [0.21072117945685534f,0.06767252862534173f,-0.9752010117907818f,-0.9711995930619849f,0.551786476844353f,-0.8317136884616976f,0.06151442430142001f,4.0935791138308355f,-0.806925193868681f,-0.551065122553488f,-0.212600475552386f,0.18955088373706933f,0f,0f,0f,1f], start_interpolation: 0, interpolation_duration: 1 }
$data merge entity $(bone_rightarm) { transformation: [0.2788482557217888f,0.8205349622349672f,-0.49896495471222924f,-0.6444480150931249f,0.4902946005518279f,-0.5683959564437931f,-0.660709649822121f,3.777499176464798f,-0.8257450302306637f,-0.06040208976854116f,-0.5608000825614715f,0.3791249624345943f,0f,0f,0f,1f], start_interpolation: 0, interpolation_duration: 1 }
$data merge entity $(bone_chest1) { transformation: [-1.0743701649658712f,0.06195456661716971f,0.12450498551301657f,0.06878243113986848f,0.07526050725610718f,1.074612144092526f,0.11469833009912722f,3.4698251758453633f,-0.11694321609170505f,0.12239886664203062f,-1.0700251925847288f,0.2738546020168865f,0f,0f,0f,1f], start_interpolation: 0, interpolation_duration: 1 }
$data merge entity $(bone_chest1lid) { transformation: [-0.9917263061223427f,0.05718883072354127f,0.11492767893509223f,-0.3538786805208424f,0.06947123746717586f,0.9919496714700241f,0.1058753816299636f,2.774166052191197f,-0.10794758408465083f,0.11298356920802827f,-0.9877155623859035f,0.5462920825091936f,0f,0f,0f,1f], start_interpolation: 0, interpolation_duration: 1 }
$data merge entity $(bone_chest2) { transformation: [-0.9917263061223427f,0.05718883072354127f,0.11492767893509223f,-0.36281443532139573f,0.06947123746717586f,0.9919496714700241f,0.1058753816299636f,2.6191739160240055f,-0.10794758408465083f,0.11298356920802827f,-0.9877155623859035f,0.5286383998204391f,0f,0f,0f,1f], start_interpolation: 0, interpolation_duration: 1 }
$data merge entity $(bone_chest1lid3) { transformation: [-0.9917263061223427f,0.05718883072354127f,0.11492767893509223f,-0.21827024207040255f,0.06947123746717586f,0.9919496714700241f,0.1058753816299636f,2.837650516206194f,-0.10794758408465083f,0.11298356920802827f,-0.9877155623859035f,-0.07971647563898523f,0f,0f,0f,1f], start_interpolation: 0, interpolation_duration: 1 }
$data merge entity $(bone_chest3) { transformation: [-0.9917263061223427f,0.05718883072354127f,0.11492767893509223f,-0.22720599687095588f,0.06947123746717586f,0.9919496714700241f,0.1058753816299636f,2.6826583800390025f,-0.10794758408465083f,0.11298356920802827f,-0.9877155623859035f,-0.09737015832773965f,0f,0f,0f,1f], start_interpolation: 0, interpolation_duration: 1 }
$data merge entity $(bone_hugeasssword2) { transformation: [-0.4501334091624455f,3.0151030467232602f,-2.4590264962732076f,-1.0562717259633707f,-0.4146785780506905f,2.4241500025630645f,3.048248057451547f,4.734426799027921f,3.868552619344789f,0.6106784427924282f,0.040623252540419444f,0.0102763833453543f,0f,0f,0f,1f], start_interpolation: 0, interpolation_duration: 1 }
$data merge entity $(bone_belt) { transformation: [-0.9917263061223427f,0.05718883072354127f,0.11492767893509223f,0.06272183763317535f,0.06947123746717586f,0.9919496714700241f,0.1058753816299636f,3.058617434167865f,-0.10794758408465083f,0.11298356920802827f,-0.9877155623859035f,0.3616017194832246f,0f,0f,0f,1f], start_interpolation: 0, interpolation_duration: 1 }
$data merge entity $(bone_torn_part) { transformation: [-0.9976397009895065f,0.04318272815987927f,0.053388004254121664f,-0.07793632435180721f,0.0586359354645483f,0.940355562148869f,0.3351018409497058f,2.7814024733798126f,-0.035733095048784545f,0.3374413559781233f,-0.9406681015075826f,0.32675620657661086f,0f,0f,0f,1f], start_interpolation: 0, interpolation_duration: 1 }
$data merge entity $(bone_lowerbody) { transformation: [-0.9976397009895065f,0.05723818232880284f,0.0379317478276821f,-0.013793055555554268f,0.0586359354645483f,0.9976001063498892f,0.03682193480640494f,2.283388796296295f,-0.035733095048784545f,0.03895918754779842f,-0.998601686171143f,0.45165108796296227f,0f,0f,0f,1f], start_interpolation: 0, interpolation_duration: 1 }
$data merge entity $(bone_leftfoot) { transformation: [-0.9368772194111035f,-0.10225001684381775f,-0.3343740567148683f,0.6580967702413324f,-0.18926234838753853f,0.9523819836668428f,0.23905714937990014f,0.3227475257397652f,0.2940082298701057f,0.2872516166051095f,-0.911617062985549f,0.17907103839779603f,0f,0f,0f,1f], start_interpolation: 0, interpolation_duration: 1 }
$data merge entity $(bone_leftlowerleg) { transformation: [-0.9368772194111035f,-0.10225001684381775f,-0.3343740567148683f,0.5960382687329635f,-0.18926234838753853f,0.9523819836668428f,0.23905714937990014f,1.3425662037429758f,0.2940082298701057f,0.2872516166051095f,-0.911617062985549f,0.6378067739721685f,0f,0f,0f,1f], start_interpolation: 0, interpolation_duration: 1 }
$data merge entity $(bone_leftleg) { transformation: [-0.9316797157572357f,-0.32768252350777444f,-0.1568345339333573f,0.22667644433905548f,-0.24050879856273202f,0.8799289577355158f,-0.40973228717346677f,2.2611351999240283f,0.2722653578045281f,-0.3440191755208798f,-0.898622491268445f,0.30075853746787984f,0f,0f,0f,1f], start_interpolation: 0, interpolation_duration: 1 }
$data merge entity $(bone_rightfoot) { transformation: [-0.8964275071778649f,0.16517512354100822f,0.4112601402252492f,-0.6672205018647616f,0.3106755504487509f,0.8959821207598488f,0.31732749901647256f,0.5635687138861444f,-0.31606712377000656f,0.4122295693444325f,-0.8544988914152309f,0.3486317153588665f,0f,0f,0f,1f], start_interpolation: 0, interpolation_duration: 1 }
$data merge entity $(bone_rightlowerleg) { transformation: [-0.8964275071778649f,0.16517512354100822f,0.4112601402252492f,-0.5471676704689517f,0.3106755504487509f,0.8959821207598488f,0.31732749901647256f,1.508792897188029f,-0.31606712377000656f,0.4122295693444325f,-0.8544988914152309f,0.9372389100836466f,0f,0f,0f,1f], start_interpolation: 0, interpolation_duration: 1 }
$data merge entity $(bone_rightleg) { transformation: [-0.9646906338352256f,0.2560533111697909f,0.06171452689259492f,-0.25548913936317696f,0.15370555797313384f,0.7375734877823913f,-0.6575408364266712f,2.278536450657489f,-0.21388450724341443f,-0.6248376204739154f,-0.7508870524930742f,0.2919612347249343f,0f,0f,0f,1f], start_interpolation: 0, interpolation_duration: 1 }
data modify entity @s data merge value {"locators":{"lefthand":{"posx":-0.40897730482793043,"posy":3.7622183287504964,"posz":0.6344301546810162,"roty":204.21563391498,"rotx":-4.3791252999479395},"righthand":{"posx":-0.9588826986808376,"posy":5.1555542195559525,"posz":0.7370893041576778,"roty":230.10430288178497,"rotx":-12.585079271084869},"chest":{"posx":-0.40640187934099514,"posy":2.6977971455154877,"posz":0.6901878040538438,"roty":6.636923473741376,"rotx":6.07760337393183},"sack":{"posx":0,"posy":-0.4375,"posz":0,"roty":0,"rotx":0}},"cameras":{}}