# This file was generated by Animated Java via MC-Build. It is not recommended to edit this file directly.
$data merge entity $(bone_nose) { transformation: [-0.9666541460466965f,0.17520880331778688f,0.18676626347036285f,2.0639494272547974f,0.1593160724974467f,0.9824438606521223f,-0.09706930364920466f,4.20061127519416f,-0.20049476545466283f,-0.06407757725524796f,-0.9775970095690645f,0.15279357990047557f,0f,0f,0f,1f], start_interpolation: 0, interpolation_duration: 1 }
$data merge entity $(bone_glowing_eye) { transformation: [-0.9666541460466965f,0.17520880331778688f,0.18676626347036285f,1.9484633930623885f,0.1593160724974467f,0.9824438606521223f,-0.09706930364920466f,4.290432509998012f,-0.20049476545466283f,-0.06407757725524796f,-0.9775970095690645f,0.1575070202551907f,0f,0f,0f,1f], start_interpolation: 0, interpolation_duration: 1 }
$data merge entity $(bone_head) { transformation: [-0.9666541460466965f,0.17520880331778688f,0.18676626347036285f,2.0772881084147703f,0.1593160724974467f,0.9824438606521223f,-0.09706930364920466f,4.0611254649630695f,-0.20049476545466283f,-0.06407757725524796f,-0.9775970095690645f,-0.02235424912933051f,0f,0f,0f,1f], start_interpolation: 0, interpolation_duration: 1 }
$data merge entity $(bone_leftthumb2) { transformation: [-0.4286260903601943f,0.8561554748035872f,0.28857837345577075f,2.3458188447595547f,-0.18694599108735047f,0.22845010789965642f,-0.9554379857515627f,2.804148058635712f,-0.8839292228899908f,-0.463474218446376f,0.062135157170623456f,0.44599148697441837f,0f,0f,0f,1f], start_interpolation: 0, interpolation_duration: 1 }
$data merge entity $(bone_leftthumb) { transformation: [-0.4286260903601943f,0.8561554748035872f,0.28857837345577075f,2.58044574013867f,-0.18694599108735047f,0.22845010789965642f,-0.9554379857515627f,2.7785243925549294f,-0.8839292228899908f,-0.463474218446376f,0.062135157170623456f,0.3376378261509916f,0f,0f,0f,1f], start_interpolation: 0, interpolation_duration: 1 }
$data merge entity $(bone_leftpointerfinger) { transformation: [-0.4286260903601943f,0.8561554748035872f,0.28857837345577075f,2.3599278148576284f,-0.18694599108735047f,0.22845010789965642f,-0.9554379857515627f,2.6792252630934295f,-0.8839292228899908f,-0.463474218446376f,0.062135157170623456f,0.5893076483246744f,0f,0f,0f,1f], start_interpolation: 0, interpolation_duration: 1 }
$data merge entity $(bone_leftmidfinger) { transformation: [-0.4286260903601943f,0.8561554748035872f,0.28857837345577075f,2.4050181857100927f,-0.18694599108735047f,0.22845010789965642f,-0.9554379857515627f,2.5299380778197476f,-0.8839292228899908f,-0.463474218446376f,0.062135157170623456f,0.5990162666325843f,0f,0f,0f,1f], start_interpolation: 0, interpolation_duration: 1 }
$data merge entity $(bone_leftringfinger) { transformation: [-0.4286260903601943f,0.8561554748035872f,0.28857837345577075f,2.4501085565625567f,-0.18694599108735047f,0.22845010789965642f,-0.9554379857515627f,2.3806508925460657f,-0.8839292228899908f,-0.463474218446376f,0.062135157170623456f,0.6087248849404943f,0f,0f,0f,1f], start_interpolation: 0, interpolation_duration: 1 }
$data merge entity $(bone_invisibility) { transformation: [0.8780488072210031f,-0.21286137930659782f,0.4286260903601943f,2.3641843538012415f,0.14430887897062103f,0.9717129945959405f,0.18694599108735022f,2.699017057370812f,-0.4562951233445472f,-0.10229315389155663f,0.8839292228899905f,0.3709367027286468f,0f,0f,0f,1f], start_interpolation: 0, interpolation_duration: 1 }
$data merge entity $(bone_swiftness) { transformation: [0.28857837345577064f,0.8561554748035872f,0.42862609036019433f,2.280030713669664f,-0.9554379857515627f,0.22845010789965642f,0.18694599108735024f,2.4791997039151585f,0.06213515717062326f,-0.463474218446376f,0.8839292228899908f,0.3993114787962821f,0f,0f,0f,1f], start_interpolation: 0, interpolation_duration: 1 }
$data merge entity $(bone_suspicious_stew) { transformation: [0.8978988642943878f,0.1002861115079397f,0.4286260903601945f,2.3781605109427804f,-0.19673942900053915f,0.9624680740122812f,0.18694599108735052f,2.509163836234598f,-0.3937908411522419f,-0.2521862453539187f,0.883929222889991f,0.4043123986878126f,0f,0f,0f,1f], start_interpolation: 0, interpolation_duration: 1 }
$data merge entity $(bone_log) { transformation: [-0.4286260903601943f,0.8561554748035872f,0.28857837345577075f,2.4585233605776997f,-0.18694599108735047f,0.22845010789965642f,-0.9554379857515627f,2.4754077574755113f,-0.8839292228899908f,-0.463474218446376f,0.062135157170623456f,0.26642234222845196f,0f,0f,0f,1f], start_interpolation: 0, interpolation_duration: 1 }
$data merge entity $(bone_planks) { transformation: [-0.4286260903601943f,0.8561554748035872f,0.28857837345577075f,2.4183396646064312f,-0.18694599108735047f,0.22845010789965642f,-0.9554379857515627f,2.457881570811072f,-0.8839292228899908f,-0.463474218446376f,0.062135157170623456f,0.1835539775825153f,0f,0f,0f,1f], start_interpolation: 0, interpolation_duration: 1 }
$data merge entity $(bone_lefthand1) { transformation: [-0.4286260903601943f,0.8561554748035872f,0.28857837345577075f,2.7707006776981524f,-0.18694599108735047f,0.22845010789965642f,-0.9554379857515627f,2.609114219276999f,-0.8839292228899908f,-0.463474218446376f,0.062135157170623456f,0.3695943696777736f,0f,0f,0f,1f], start_interpolation: 0, interpolation_duration: 1 }
$data merge entity $(bone_leftforearm) { transformation: [-0.7172714482313165f,0.5235584813940314f,0.45979145937318716f,3.0915332494350816f,0.049808258310710445f,0.6967041559916384f,-0.7156273167145257f,3.1220155082142416f,-0.6950113718179031f,-0.49039763007620074f,-0.5258035350389368f,-0.029305549048852853f,0f,0f,0f,1f], start_interpolation: 0, interpolation_duration: 1 }
$data merge entity $(bone_leftelbow) { transformation: [-0.7172714482313165f,0.5235584813940314f,0.45979145937318716f,3.1897004646964624f,0.049808258310710445f,0.6967041559916384f,-0.7156273167145257f,3.2526475374626735f,-0.6950113718179031f,-0.49039763007620074f,-0.5258035350389368f,-0.12125510468814049f,0f,0f,0f,1f], start_interpolation: 0, interpolation_duration: 1 }
$data merge entity $(bone_leftarm) { transformation: [-0.6952160625810365f,-0.4947629832214839f,0.5214251784897789f,2.7713588613367013f,-0.05509568144395771f,0.7599547361909329f,0.6476366765611683f,3.4821930275341018f,-0.7166861881015612f,0.42151914473099217f,-0.5555920431483039f,-0.049787369553024596f,0f,0f,0f,1f], start_interpolation: 0, interpolation_duration: 1 }
$data merge entity $(bone_rightthumb2) { transformation: [-0.020110829892290683f,-0.9296528965139896f,-0.36788727420800005f,1.7628736866329304f,0.11622359139048233f,0.36329322472849596f,-0.9243971601377128f,2.7413543434419094f,0.9930194516349322f,-0.06134757427575516f,0.1007414701358838f,0.3525195005984104f,0f,0f,0f,1f], start_interpolation: 0, interpolation_duration: 1 }
$data merge entity $(bone_rightthumb) { transformation: [-0.020110829892290683f,-0.9296528965139896f,-0.36788727420800005f,1.5034445594239683f,0.11622359139048233f,0.36329322472849596f,-0.9243971601377128f,2.751452611794919f,0.9930194516349322f,-0.06134757427575516f,0.1007414701358838f,0.34608358229822583f,0f,0f,0f,1f], start_interpolation: 0, interpolation_duration: 1 }
$data merge entity $(bone_rightpointerfinger) { transformation: [-0.020110829892290683f,-0.9296528965139896f,-0.36788727420800005f,1.789042578094652f,0.11622359139048233f,0.36329322472849596f,-0.9243971601377128f,2.60162786085776f,0.9930194516349322f,-0.06134757427575516f,0.1007414701358838f,0.47954701404264827f,0f,0f,0f,1f], start_interpolation: 0, interpolation_duration: 1 }
$data merge entity $(bone_rightmidfinger) { transformation: [-0.020110829892290683f,-0.9296528965139896f,-0.36788727420800005f,1.731560191499652f,0.11622359139048233f,0.36329322472849596f,-0.9243971601377128f,2.4571908045862423f,0.9930194516349322f,-0.06134757427575516f,0.1007414701358838f,0.4952878687513801f,0f,0f,0f,1f], start_interpolation: 0, interpolation_duration: 1 }
$data merge entity $(bone_rightringfinger) { transformation: [-0.020110829892290683f,-0.9296528965139896f,-0.36788727420800005f,1.6740778049046519f,0.11622359139048233f,0.36329322472849596f,-0.9243971601377128f,2.3127537483147247f,0.9930194516349322f,-0.06134757427575516f,0.1007414701358838f,0.511028723460112f,0f,0f,0f,1f], start_interpolation: 0, interpolation_duration: 1 }
$data merge entity $(bone_hugeasssword) { transformation: [-0.07876741707813852f,-3.64114051134646f,-1.4408918239813335f,1.5538146247448874f,0.4552090662793892f,1.4228984635199426f,-3.6205555438727086f,2.514556555023273f,3.8893261855701513f,-0.2402779992467077f,0.3945707580322116f,0.2174817654152153f,0f,0f,0f,1f], start_interpolation: 0, interpolation_duration: 1 }
$data merge entity $(bone_ice) { transformation: [-0.020110829892290683f,-0.9296528965139896f,-0.36788727420800005f,1.5686546829699854f,0.11622359139048233f,0.36329322472849596f,-0.9243971601377128f,2.507064104771414f,0.9930194516349322f,-0.06134757427575516f,0.1007414701358838f,0.20292439233147816f,0f,0f,0f,1f], start_interpolation: 0, interpolation_duration: 1 }
$data merge entity $(bone_righthand1) { transformation: [-0.020110829892290683f,-0.9296528965139896f,-0.36788727420800005f,1.3197172740494154f,0.11622359139048233f,0.36329322472849596f,-0.9243971601377128f,2.598055897546855f,0.9930194516349322f,-0.06134757427575516f,0.1007414701358838f,0.4389905326130188f,0f,0f,0f,1f], start_interpolation: 0, interpolation_duration: 1 }
$data merge entity $(bone_rightforearm) { transformation: [-0.5942421129774046f,-0.4390971549195887f,-0.6738471634619173f,1.0397781733975813f,0.036723438354999347f,0.8221332031402406f,-0.5681094836118774f,3.176565342634257f,0.8034473848607238f,-0.3623405647121093f,-0.47242101448239343f,0.13922781941737855f,0f,0f,0f,1f], start_interpolation: 0, interpolation_duration: 1 }
$data merge entity $(bone_rightelbow) { transformation: [-0.5942421129774046f,-0.4390971549195887f,-0.6738471634619173f,0.9574474568501583f,0.036723438354999347f,0.8221332031402406f,-0.5681094836118774f,3.330715318223052f,0.8034473848607238f,-0.3623405647121093f,-0.47242101448239343f,0.07128896353385807f,0f,0f,0f,1f], start_interpolation: 0, interpolation_duration: 1 }
$data merge entity $(bone_rightarm) { transformation: [-0.5672102050488563f,0.6128423567841609f,-0.5501789063747078f,1.359223336575351f,0.12935985916865883f,0.7260428832748572f,0.6753723110120791f,3.538525789611581f,0.8133502382887086f,0.3119070011672825f,-0.49109613366278276f,0.04382052380057909f,0f,0f,0f,1f], start_interpolation: 0, interpolation_duration: 1 }
$data merge entity $(bone_chest1) { transformation: [-1.0767935484661866f,0.032721989092059665f,-0.11426301467477613f,2.058781318836785f,0.008139037568404754f,1.05932475702018f,0.22666258258192315f,3.4182738867687332f,0.11857706844145316f,0.22443582981579865f,-1.0531757442354224f,-0.1783437273663987f,0f,0f,0f,1f], start_interpolation: 0, interpolation_duration: 1 }
$data merge entity $(bone_chest1lid) { transformation: [-0.9939632755072493f,0.030204913008055077f,-0.10547355200748566f,1.7400458593488959f,0.007512957755450543f,0.9778382372493971f,0.2092269993063906f,2.670661501756279f,0.10945575548441831f,0.2071715352145834f,-0.9721622254480823f,0.09786206738016553f,0f,0f,0f,1f], start_interpolation: 0, interpolation_duration: 1 }
$data merge entity $(bone_chest2) { transformation: [-0.9939632755072493f,0.030204913008055077f,-0.10547355200748566f,1.7353263416913873f,0.007512957755450543f,0.9778382372493971f,0.2092269993063906f,2.5178742771860607f,0.10945575548441831f,0.2071715352145834f,-0.9721622254480823f,0.06549151500288689f,0f,0f,0f,1f], start_interpolation: 0, interpolation_duration: 1 }
$data merge entity $(bone_chest1lid3) { transformation: [-0.9939632755072493f,0.030204913008055077f,-0.10547355200748566f,1.7345995698133034f,0.007512957755450543f,0.9778382372493971f,0.2092269993063906f,2.80422798832722f,0.10945575548441831f,0.2071715352145834f,-0.9721622254480823f,-0.5317703430152882f,0f,0f,0f,1f], start_interpolation: 0, interpolation_duration: 1 }
$data merge entity $(bone_chest3) { transformation: [-0.9939632755072493f,0.030204913008055077f,-0.10547355200748566f,1.7298800521557949f,0.007512957755450543f,0.9778382372493971f,0.2092269993063906f,2.6514407637570017f,0.10945575548441831f,0.2071715352145834f,-0.9721622254480823f,-0.564140895392567f,0f,0f,0f,1f], start_interpolation: 0, interpolation_duration: 1 }
$data merge entity $(bone_hugeasssword2) { transformation: [0.41310474536265135f,2.950161565404111f,-2.5428662932110684f,0.8412706069539411f,-0.8194724139500297f,2.565725316576688f,2.843553470647271f,4.617547197980622f,3.8076353830049894f,0.23211659929353523f,0.8878696144134192f,-0.06066284278994025f,0f,0f,0f,1f], start_interpolation: 0, interpolation_duration: 1 }
$data merge entity $(bone_belt) { transformation: [-0.9939632755072493f,0.030204913008055077f,-0.10547355200748566f,2.0923919487403495f,0.007512957755450543f,0.9778382372493971f,0.2092269993063906f,3.0011426138027657f,0.10945575548441831f,0.2071715352145834f,-0.9721622254480823f,-0.13711363030017767f,0f,0f,0f,1f], start_interpolation: 0, interpolation_duration: 1 }
$data merge entity $(bone_torn_part) { transformation: [-0.9909187110214354f,0.061681190091867344f,-0.11948028681112172f,1.9612552433774093f,0.015153690725058504f,0.9341455533536878f,0.35657040091255704f,2.7185507023113233f,0.1336056653178534f,0.35152171474659044f,-0.9265970053138476f,-0.1666255069773029f,0f,0f,0f,1f], start_interpolation: 0, interpolation_duration: 1 }
$data merge entity $(bone_lowerbody) { transformation: [-0.9909187110214354f,0.02289798136239926f,-0.13249826639297663f,2.0654765625f,0.015153690725058504f,0.9981332361854639f,0.059164250010814434f,2.2213811328125f,0.1336056653178534f,0.056619124608740606f,-0.9894158887563478f,-0.06818238281249975f,0f,0f,0f,1f], start_interpolation: 0, interpolation_duration: 1 }
$data merge entity $(bone_leftfoot) { transformation: [-0.8368640393721757f,0.0005904793200039171f,-0.5474104775576167f,2.6196699281029696f,-0.13692625169616154f,0.9679847727658174f,0.21037271992810364f,0.29359821850431866f,0.5300092274688478f,0.25100822900391434f,-0.8099907948675672f,-0.26838880082204564f,0f,0f,0f,1f], start_interpolation: 0, interpolation_duration: 1 }
$data merge entity $(bone_leftlowerleg) { transformation: [-0.8368640393721757f,0.0005904793200039171f,-0.5474104775576167f,2.7044322160544874f,-0.13692625169616154f,0.9679847727658174f,0.21037271992810364f,1.335133477755094f,0.5300092274688478f,0.25100822900391434f,-0.8099907948675672f,0.13452499515084604f,0f,0f,0f,1f], start_interpolation: 0, interpolation_duration: 1 }
$data merge entity $(bone_leftleg) { transformation: [-0.8548758911958934f,-0.39152216216022895f,-0.3404373763108369f,2.2742343994418617f,-0.17118762885612654f,0.8322667240927719f,-0.5272825577377873f,2.205338939110642f,0.4897775070158327f,-0.392482479233488f,-0.7785085080563284f,-0.24994810729922357f,0f,0f,0f,1f], start_interpolation: 0, interpolation_duration: 1 }
$data merge entity $(bone_rightfoot) { transformation: [-0.9995109446464263f,0.029951792747597683f,0.008986748200166903f,1.731965550823621f,0.03075947756349262f,0.8899249354485188f,0.45506863636925204f,0.3387482827051518f,0.005632590170538056f,0.4551225102960242f,-0.8904110143915652f,-0.4562539848849052f,0f,0f,0f,1f], start_interpolation: 0, interpolation_duration: 1 }
$data merge entity $(bone_rightlowerleg) { transformation: [-0.9995109446464263f,0.029951792747597683f,0.008986748200166903f,1.7638125463590548f,0.03075947756349262f,0.8899249354485188f,0.45506863636925204f,1.256089452915501f,0.005632590170538056f,0.4551225102960242f,-0.8904110143915652f,0.18545530678782263f,0f,0f,0f,1f], start_interpolation: 0, interpolation_duration: 1 }
$data merge entity $(bone_rightleg) { transformation: [-0.9990995873407176f,0.002289400336365141f,-0.04236476391658073f,1.7967285621631048f,0.018039238785411246f,0.9267097708634334f,-0.3753446235798317f,2.225801011983077f,0.038400526554341424f,-0.3757708866215455f,-0.9259166486936105f,-0.19800898085491253f,0f,0f,0f,1f], start_interpolation: 0, interpolation_duration: 1 }
data modify entity @s data merge value {"locators":{"lefthand":{"posx":2.4273108729946915,"posy":2.490014997987658,"posz":0.38452876835972066,"roty":102.15111172302323,"rotx":-72.83095535921336},"righthand":{"posx":1.5870433578351144,"posy":2.526727315455041,"posz":0.2954044362994385,"roty":254.68567043182588,"rotx":-67.57762674851843},"chest":{"posx":1.7235769424274605,"posy":2.577089673216426,"posz":0.240234686514405,"roty":353.8079838626937,"rotx":12.07705628574091},"sack":{"posx":0,"posy":-0.4375,"posz":0,"roty":0,"rotx":0}},"cameras":{}}