# This file was generated by Animated Java via MC-Build. It is not recommended to edit this file directly.
$data merge entity $(bone_nose) { transformation: [-0.993221941399314f,0.0697077231956378f,0.09301079749070927f,0.024597186623793656f,0.10101654953267131f,0.9135105651399821f,0.394073729266674f,3.9073580445067675f,-0.05749636374146416f,0.40079830426850716f,-0.9143603706701195f,0.3450572389879032f,0f,0f,0f,1f], start_interpolation: 0, interpolation_duration: 1 }
$data merge entity $(bone_glowing_eye) { transformation: [-0.993221941399314f,0.0697077231956378f,0.09301079749070927f,-0.09808144672571167f,0.10101654953267131f,0.9135105651399821f,0.394073729266674f,3.9680857516528287f,-0.05749636374146416f,0.40079830426850716f,-0.9143603706701195f,0.3969146718151859f,0f,0f,0f,1f], start_interpolation: 0, interpolation_duration: 1 }
$data merge entity $(bone_head) { transformation: [-0.993221941399314f,0.0697077231956378f,0.09301079749070927f,0.03340663168435407f,0.10101654953267131f,0.9135105651399821f,0.394073729266674f,3.8683528908176297f,-0.05749636374146416f,0.40079830426850716f,-0.9143603706701195f,0.12434936566169569f,0f,0f,0f,1f], start_interpolation: 0, interpolation_duration: 1 }
$data merge entity $(bone_leftthumb2) { transformation: [0.08506936954746439f,0.9943705619494829f,0.06316951711914906f,-0.39068620041479374f,-0.9857196756607314f,0.0932374715401271f,-0.14022658419895473f,3.3432388870595524f,-0.1453269533847717f,-0.05033844881473318f,0.9881022807335418f,0.8246683070140396f,0f,0f,0f,1f], start_interpolation: 0, interpolation_duration: 1 }
$data merge entity $(bone_leftthumb) { transformation: [0.08506936954746439f,0.9943705619494829f,0.06316951711914906f,-0.14142596886668796f,-0.9857196756607314f,0.0932374715401271f,-0.14022658419895473f,3.35412126435455f,-0.1453269533847717f,-0.05033844881473318f,0.9881022807335418f,0.896763930636379f,0f,0f,0f,1f], start_interpolation: 0, interpolation_duration: 1 }
$data merge entity $(bone_leftpointerfinger) { transformation: [0.08506936954746439f,0.9943705619494829f,0.06316951711914906f,-0.47404720068565587f,-0.9857196756607314f,0.0932374715401271f,-0.14022658419895473f,3.424767687396512f,-0.1453269533847717f,-0.05033844881473318f,0.9881022807335418f,0.9754936640895575f,0f,0f,0f,1f], start_interpolation: 0, interpolation_duration: 1 }
$data merge entity $(bone_leftmidfinger) { transformation: [0.08506936954746439f,0.9943705619494829f,0.06316951711914906f,-0.4641769636357888f,-0.9857196756607314f,0.0932374715401271f,-0.14022658419895473f,3.4028572836154254f,-0.1453269533847717f,-0.05033844881473318f,0.9881022807335418f,1.1298846454541733f,0f,0f,0f,1f], start_interpolation: 0, interpolation_duration: 1 }
$data merge entity $(bone_leftringfinger) { transformation: [0.08506936954746439f,0.9943705619494829f,0.06316951711914906f,-0.45430672658592175f,-0.9857196756607314f,0.0932374715401271f,-0.14022658419895473f,3.3809468798343385f,-0.1453269533847717f,-0.05033844881473318f,0.9881022807335418f,1.2842756268187894f,0f,0f,0f,1f], start_interpolation: 0, interpolation_duration: 1 }
$data merge entity $(bone_invisibility) { transformation: [0.9960922679361146f,0.023735966858001473f,-0.0850693695474643f,-0.351311461092255f,0.08066112271292747f,0.1478191607945079f,0.9857196756607312f,3.2545251774160433f,0.03597189236858687f,-0.9887295381343286f,0.1453269533847719f,0.9118608962178782f,0f,0f,0f,1f], start_interpolation: 0, interpolation_duration: 1 }
$data merge entity $(bone_swiftness) { transformation: [0.06316951711914907f,0.9943705619494829f,-0.08506936954746437f,-0.46969105211579565f,-0.14022658419895495f,0.0932374715401271f,0.9857196756607314f,3.1642674047674766f,0.9881022807335418f,-0.05033844881473318f,0.14532695338477192f,1.0963776674072476f,0f,0f,0f,1f], start_interpolation: 0, interpolation_duration: 1 }
$data merge entity $(bone_suspicious_stew) { transformation: [0.9279023750147202f,0.36298813314878314f,-0.08506936954746429f,-0.38607829672379657f,0.025239531236427137f,0.1664923033604497f,0.9857196756607316f,3.223862186400296f,0.3719679401574917f,-0.9167987391542887f,0.14532695338477172f,1.0994896886436079f,0f,0f,0f,1f], start_interpolation: 0, interpolation_duration: 1 }
$data merge entity $(bone_log) { transformation: [0.08506936954746439f,0.9943705619494829f,0.06316951711914906f,-0.2508456519700763f,-0.9857196756607314f,0.0932374715401271f,-0.14022658419895473f,3.1365325296152924f,-0.1453269533847717f,-0.05033844881473318f,0.9881022807335418f,1.1258902750713287f,0f,0f,0f,1f], start_interpolation: 0, interpolation_duration: 1 }
$data merge entity $(bone_planks) { transformation: [0.08506936954746439f,0.9943705619494829f,0.06316951711914906f,-0.2428703985750015f,-0.9857196756607314f,0.0932374715401271f,-0.14022658419895473f,3.0441213100220987f,-0.1453269533847717f,-0.05033844881473318f,0.9881022807335418f,1.1122658731915063f,0f,0f,0f,1f], start_interpolation: 0, interpolation_duration: 1 }
$data merge entity $(bone_lefthand1) { transformation: [0.08506936954746439f,0.9943705619494829f,0.06316951711914906f,-0.025494401279545054f,-0.9857196756607314f,0.0932374715401271f,-0.14022658419895473f,3.4106538971717244f,-0.1453269533847717f,-0.05033844881473318f,0.9881022807335418f,1.1187592049409152f,0f,0f,0f,1f], start_interpolation: 0, interpolation_duration: 1 }
$data merge entity $(bone_leftforearm) { transformation: [-0.33095302457266623f,0.8998620478393157f,0.28410982099293447f,0.5842714021853272f,-0.7453817880050968f,-0.06465535326710481f,-0.6634950455008921f,3.3056333493648857f,-0.5786847895327208f,-0.43135597845902063f,0.6921386668949594f,0.7626602736826824f,0f,0f,0f,1f], start_interpolation: 0, interpolation_duration: 1 }
$data merge entity $(bone_leftelbow) { transformation: [-0.33095302457266623f,0.8998620478393157f,0.28410982099293447f,0.752995536155199f,-0.7453817880050968f,-0.06465535326710481f,-0.6634950455008921f,3.2935104706273037f,-0.5786847895327208f,-0.43135597845902063f,0.6921386668949594f,0.6817810277216161f,0f,0f,0f,1f], start_interpolation: 0, interpolation_duration: 1 }
$data merge entity $(bone_leftarm) { transformation: [-0.36938428233334775f,0.1001270648125243f,0.9238667776563384f,0.640120881347203f,-0.7950677518861774f,0.48060981410080683f,-0.3699749673973198f,3.344543105773286f,-0.48106394780292727f,-0.8711996197669146f,-0.09792191094053503f,0.21367114456325784f,0f,0f,0f,1f], start_interpolation: 0, interpolation_duration: 1 }
$data merge entity $(bone_rightthumb2) { transformation: [-0.3722195971422556f,-0.6702876507441278f,-0.642002365075998f,0.347345357895558f,0.8005981903571512f,0.11807945178022411f,-0.5874519390249184f,3.506969535894358f,0.46956906744387644f,-0.7326470557691471f,0.49267959423208146f,1.0378718179594528f,0f,0f,0f,1f], start_interpolation: 0, interpolation_duration: 1 }
$data merge entity $(bone_rightthumb) { transformation: [-0.3722195971422556f,-0.6702876507441278f,-0.642002365075998f,0.1280984215944591f,0.8005981903571512f,0.11807945178022411f,-0.5874519390249184f,3.4857254617683475f,0.46956906744387644f,-0.7326470557691471f,0.49267959423208146f,0.9002987888090759f,0f,0f,0f,1f], start_interpolation: 0, interpolation_duration: 1 }
$data merge entity $(bone_rightpointerfinger) { transformation: [-0.3722195971422556f,-0.6702876507441278f,-0.642002365075998f,0.27723117769450445f,0.8005981903571512f,0.11807945178022411f,-0.5874519390249184f,3.507009259081482f,0.46956906744387644f,-0.7326470557691471f,0.49267959423208146f,1.21515207671463f,0f,0f,0f,1f], start_interpolation: 0, interpolation_duration: 1 }
$data merge entity $(bone_rightmidfinger) { transformation: [-0.3722195971422556f,-0.6702876507441278f,-0.642002365075998f,0.17691830815137977f,0.8005981903571512f,0.11807945178022411f,-0.5874519390249184f,3.4152198936088385f,0.46956906744387644f,-0.7326470557691471f,0.49267959423208146f,1.2921332633133928f,0f,0f,0f,1f], start_interpolation: 0, interpolation_duration: 1 }
$data merge entity $(bone_rightringfinger) { transformation: [-0.3722195971422556f,-0.6702876507441278f,-0.642002365075998f,0.07660543860825508f,0.8005981903571512f,0.11807945178022411f,-0.5874519390249184f,3.323430528136195f,0.46956906744387644f,-0.7326470557691471f,0.49267959423208146f,1.3691144499121555f,0f,0f,0f,1f], start_interpolation: 0, interpolation_duration: 1 }
$data merge entity $(bone_hugeasssword) { transformation: [-1.457860088807168f,-2.625293298747834f,-2.5145092632143253f,0.1496682465392029f,3.135676245565509f,0.4624778528058778f,-2.3008534278475974f,3.2357248244853425f,1.839145514155183f,-2.869534301762493f,1.9296617440756525f,1.0108869279106287f,0f,0f,0f,1f], start_interpolation: 0, interpolation_duration: 1 }
$data merge entity $(bone_ice) { transformation: [-0.3722195971422556f,-0.6702876507441278f,-0.642002365075998f,0.16595742228742766f,0.8005981903571512f,0.11807945178022411f,-0.5874519390249184f,3.221370486326946f,0.46956906744387644f,-0.7326470557691471f,0.49267959423208146f,1.0149975214782112f,0f,0f,0f,1f], start_interpolation: 0, interpolation_duration: 1 }
$data merge entity $(bone_righthand1) { transformation: [-0.3722195971422556f,-0.6702876507441278f,-0.642002365075998f,-0.11473196359279314f,0.8005981903571512f,0.11807945178022411f,-0.5874519390249184f,3.4326820237667612f,0.46956906744387644f,-0.7326470557691471f,0.49267959423208146f,0.9646242617166461f,0f,0f,0f,1f], start_interpolation: 0, interpolation_duration: 1 }
$data merge entity $(bone_rightforearm) { transformation: [-0.36333235839056843f,-0.7779449585086646f,-0.5126316795490689f,-0.6218184657678121f,0.8239327615233523f,-0.011464677493228825f,-0.5665715891734061f,3.38027411999497f,0.4348843545528515f,-0.6282278270666843f,0.645139826289016f,0.4852445859927731f,0f,0f,0f,1f], start_interpolation: 0, interpolation_duration: 1 }
$data merge entity $(bone_rightelbow) { transformation: [-0.36333235839056843f,-0.7779449585086646f,-0.5126316795490689f,-0.7676831454881867f,0.8239327615233523f,-0.011464677493228825f,-0.5665715891734061f,3.3781244929649894f,0.4348843545528515f,-0.6282278270666843f,0.645139826289016f,0.3674518684177698f,0f,0f,0f,1f], start_interpolation: 0, interpolation_duration: 1 }
$data merge entity $(bone_rightarm) { transformation: [-0.38885226748222385f,0.041803206679449395f,-0.9203512405518058f,-0.6223081720732251f,0.8564600296651893f,0.38453931521082785f,-0.34439183010502816f,3.3628188483918833f,0.3395145529426331f,-0.9221615948240864f,-0.18533176028857323f,-0.08078205212645723f,0f,0f,0f,1f], start_interpolation: 0, interpolation_duration: 1 }
$data merge entity $(bone_chest1) { transformation: [-1.05782526090387f,-0.061251527053536696f,0.22553287773267108f,0.062059873168800364f,-0.00012281152843583227f,1.0456086981380899f,0.28339644741317466f,3.269263789485081f,-0.2337024035436918f,0.27669805189536417f,-1.020995830435327f,-0.1465832799873125f,0f,0f,0f,1f], start_interpolation: 0, interpolation_duration: 1 }
$data merge entity $(bone_chest1lid) { transformation: [-0.9764540869881878f,-0.05653987112634157f,0.20818419483015793f,-0.31415216375449173f,-0.0001133644877869221f,0.9651772598197754f,0.2615967206890843f,2.5072074235721398f,-0.21572529557879244f,0.25541358636495154f,-0.9424576896326096f,-0.02599799541188879f,0f,0f,0f,1f], start_interpolation: 0, interpolation_duration: 1 }
$data merge entity $(bone_chest2) { transformation: [-0.9764540869881878f,-0.05653987112634157f,0.20818419483015793f,-0.30531780889100085f,-0.0001133644877869221f,0.9651772598197754f,0.2615967206890843f,2.3563984767252997f,-0.21572529557879244f,0.25541358636495154f,-0.9424576896326096f,-0.06590636828141247f,0f,0f,0f,1f], start_interpolation: 0, interpolation_duration: 1 }
$data merge entity $(bone_chest1lid3) { transformation: [-0.9764540869881878f,-0.05653987112634157f,0.20818419483015793f,-0.11975578350466004f,-0.0001133644877869221f,0.9651772598197754f,0.2615967206890843f,2.6747999080440708f,-0.21572529557879244f,0.25541358636495154f,-0.9424576896326096f,-0.6162771218591049f,0f,0f,0f,1f], start_interpolation: 0, interpolation_duration: 1 }
$data merge entity $(bone_chest3) { transformation: [-0.9764540869881878f,-0.05653987112634157f,0.20818419483015793f,-0.11092142864116918f,-0.0001133644877869221f,0.9651772598197754f,0.2615967206890843f,2.5239909611972307f,-0.21572529557879244f,0.25541358636495154f,-0.9424576896326096f,-0.6561854947286285f,0f,0f,0f,1f], start_interpolation: 0, interpolation_duration: 1 }
$data merge entity $(bone_hugeasssword2) { transformation: [-0.8153880964181195f,2.6700687682052178f,-2.7470261744389117f,-1.1514310945102477f,-1.0245871560322466f,2.5542458884595356f,2.786813032616127f,4.458324879070126f,3.691292617727721f,1.298783466217679f,0.16672761008963735f,-0.36569739574777144f,0f,0f,0f,1f], start_interpolation: 0, interpolation_duration: 1 }
$data merge entity $(bone_belt) { transformation: [-0.9764540869881878f,-0.05653987112634157f,0.20818419483015793f,0.08860417230942418f,-0.0001133644877869221f,0.9651772598197754f,0.2615967206890843f,2.8505646977739048f,-0.21572529557879244f,0.25541358636495154f,-0.9424576896326096f,-0.11804269456616173f,0f,0f,0f,1f], start_interpolation: 0, interpolation_duration: 1 }
$data merge entity $(bone_torn_part) { transformation: [-0.9704064192382026f,-0.14972068053686835f,0.18946002037598023f,-0.010114569764428635f,-0.07718709241376184f,0.935746196408017f,0.3441238275281707f,2.5599949643435673f,-0.22880894708467853f,0.319316103144683f,-0.9196106197769223f,-0.19537829751717828f,0f,0f,0f,1f], start_interpolation: 0, interpolation_duration: 1 }
$data merge entity $(bone_lowerbody) { transformation: [-0.9704064192382026f,-0.0858194240043165f,0.22571310986483967f,0.09481479166666666f,-0.07718709241376184f,0.9959170397978346f,0.04681241934602047f,2.074662152777778f,-0.22880894708467853f,0.028004933563313923f,-0.9730684402600442f,-0.04987020833333326f,0f,0f,0f,1f], start_interpolation: 0, interpolation_duration: 1 }
$data merge entity $(bone_leftfoot) { transformation: [-0.9469512953332015f,-0.12865056071425524f,-0.2945034422458924f,0.7877873551434056f,-0.2555645699862283f,0.857070112870002f,0.4473450258947296f,0.31318933993091336f,0.19485891007220119f,0.49887859730891404f,-0.8444821788010475f,-0.4048466450354369f,0f,0f,0f,1f], start_interpolation: 0, interpolation_duration: 1 }
$data merge entity $(bone_leftlowerleg) { transformation: [-0.9469512953332015f,-0.12865056071425524f,-0.2945034422458924f,0.6903148047995502f,-0.2555645699862283f,0.857070112870002f,0.4473450258947296f,1.195268890301835f,0.19485891007220119f,0.49887859730891404f,-0.8444821788010475f,0.2783477910173884f,0f,0f,0f,1f], start_interpolation: 0, interpolation_duration: 1 }
$data merge entity $(bone_leftleg) { transformation: [-0.9551926430990767f,-0.2935096306519672f,0.03819831519773717f,0.3563914002006176f,-0.28096490680283037f,0.858549380864074f,-0.428895886857396f,2.0840987738597994f,0.09308993347659422f,-0.420410581851196f,-0.9025459583604938f,-0.1491650964667481f,0f,0f,0f,1f], start_interpolation: 0, interpolation_duration: 1 }
$data merge entity $(bone_rightfoot) { transformation: [-0.9841920688432377f,-0.04478730098252774f,0.17134780213579648f,0.023773739922947915f,0.027345460024165165f,0.9174645161719951f,0.396876665201361f,0.5344299965184237f,-0.17498056304096854f,0.39528845067366536f,-0.9017365709129682f,0.08276226163530342f,0f,0f,0f,1f], start_interpolation: 0, interpolation_duration: 1 }
$data merge entity $(bone_rightlowerleg) { transformation: [-0.9841920688432377f,-0.04478730098252774f,0.17134780213579648f,-0.05223901225607459f,0.027345460024165165f,0.9174645161719951f,0.396876665201361f,1.4912638308739519f,-0.17498056304096854f,0.39528845067366536f,-0.9017365709129682f,0.6598332656246808f,0f,0f,0f,1f], start_interpolation: 0, interpolation_duration: 1 }
$data merge entity $(bone_rightleg) { transformation: [-0.9861437542908034f,-0.0880036070518457f,0.14062667250242428f,-0.12098415166492354f,-0.16588034065922824f,0.5126108580169135f,-0.8424451441049098f,2.026481482569804f,0.0020514521730128354f,-0.8540992175321485f,-0.5201060643320301f,-0.23659304260764782f,0f,0f,0f,1f], start_interpolation: 0, interpolation_duration: 1 }
data modify entity @s data merge value {"locators":{"lefthand":{"posx":-0.3374931292224411,"posy":3.223850612122522,"posz":1.1280082701283405,"roty":176.34205079856818,"rotx":-8.060957905886623},"righthand":{"posx":0.15156636655253064,"posy":3.3037605117861273,"posz":1.0627691131375911,"roty":232.49697508667518,"rotx":-35.97639779292921},"chest":{"posx":-0.37366139246968844,"posy":2.406005814585491,"posz":0.09855625395855971,"roty":12.456321896903233,"rotx":15.164827013954033},"sack":{"posx":0,"posy":-0.4375,"posz":0,"roty":0,"rotx":0}},"cameras":{}}