# This file was generated by Animated Java via MC-Build. It is not recommended to edit this file directly.
$data merge entity $(bone_nose) { transformation: [-0.8615870164030512f,-0.475833755571159f,-0.17677683735358274f,1.7535570833800482f,-0.4958127845183078f,0.8635258457851349f,0.09215636911939151f,4.16006483297716f,0.10880025677309171f,0.16704894707873466f,-0.9799271163744757f,0.43978988137004665f,0f,0f,0f,1f], start_interpolation: 0, interpolation_duration: 1 }
$data merge entity $(bone_glowing_eye) { transformation: [-0.8615870164030512f,-0.475833755571159f,-0.17677683735358274f,1.6198096331532117f,-0.4958127845183078f,0.8635258457851349f,0.09215636911939151f,4.153340096721371f,0.10880025677309171f,0.16704894707873466f,-0.9799271163744757f,0.49889565363694355f,0f,0f,0f,1f], start_interpolation: 0, interpolation_duration: 1 }
$data merge entity $(bone_head) { transformation: [-0.8615870164030512f,-0.475833755571159f,-0.17677683735358274f,1.7792092018588435f,-0.4958127845183078f,0.8635258457851349f,0.09215636911939151f,4.070696100957332f,0.10880025677309171f,0.16704894707873466f,-0.9799271163744757f,0.23566694723602172f,0f,0f,0f,1f], start_interpolation: 0, interpolation_duration: 1 }
$data merge entity $(bone_leftthumb2) { transformation: [-0.3251351498452844f,0.9002947957028509f,0.2894070060752617f,2.5313372848117277f,-0.09565057019052789f,0.2731568582150568f,-0.9572023293078147f,2.956053016948481f,-0.9408177840354164f,-0.3389020679199841f,-0.002699185478477195f,0.7375618050451176f,0f,0f,0f,1f], start_interpolation: 0, interpolation_duration: 1 }
$data merge entity $(bone_leftthumb) { transformation: [-0.3251351498452844f,0.9002947957028509f,0.2894070060752617f,2.776859830468561f,-0.09565057019052789f,0.2731568582150568f,-0.9572023293078147f,2.9412425696924647f,-0.9408177840354164f,-0.3389020679199841f,-0.002699185478477195f,0.6542179490102239f,0f,0f,0f,1f], start_interpolation: 0, interpolation_duration: 1 }
$data merge entity $(bone_leftpointerfinger) { transformation: [-0.3251351498452844f,0.9002947957028509f,0.2894070060752617f,2.530578211052669f,-0.09565057019052789f,0.2731568582150568f,-0.9572023293078147f,2.8172058975189347f,-0.9408177840354164f,-0.3389020679199841f,-0.002699185478477195f,0.8681956108560387f,0f,0f,0f,1f], start_interpolation: 0, interpolation_duration: 1 }
$data merge entity $(bone_leftmidfinger) { transformation: [-0.3251351498452844f,0.9002947957028509f,0.2894070060752617f,2.5757980557519287f,-0.09565057019052789f,0.2731568582150568f,-0.9572023293078147f,2.6676430335645884f,-0.9408177840354164f,-0.3389020679199841f,-0.002699185478477195f,0.8677738631250266f,0f,0f,0f,1f], start_interpolation: 0, interpolation_duration: 1 }
$data merge entity $(bone_leftringfinger) { transformation: [-0.3251351498452844f,0.9002947957028509f,0.2894070060752617f,2.621017900451188f,-0.09565057019052789f,0.2731568582150568f,-0.9572023293078147f,2.5180801696102426f,-0.9408177840354164f,-0.3389020679199841f,-0.002699185478477195f,0.8673521153940145f,0f,0f,0f,1f], start_interpolation: 0, interpolation_duration: 1 }
$data merge entity $(bone_invisibility) { transformation: [0.9220923847696363f,-0.209839863431448f,0.32513514984528447f,2.5590411447968258f,0.18869173393062721f,0.9773670743218639f,0.09565057019052767f,2.8590605197663512f,-0.33784769274940735f,-0.026848347185458272f,0.9408177840354162f,0.6548092122168523f,0f,0f,0f,1f], start_interpolation: 0, interpolation_duration: 1 }
$data merge entity $(bone_swiftness) { transformation: [0.28940700607526165f,0.9002947957028509f,0.32513514984528447f,2.474455795971808f,-0.9572023293078147f,0.2731568582150568f,0.09565057019052768f,2.6376132542932806f,-0.002699185478477404f,-0.3389020679199841f,0.9408177840354164f,0.6511954436602603f,0f,0f,0f,1f], start_interpolation: 0, interpolation_duration: 1 }
$data merge entity $(bone_suspicious_stew) { transformation: [0.9382528698171709f,0.11818919838516417f,0.3251351498452846f,2.571103639887366f,-0.15696699686344523f,0.9829610014226903f,0.09565057019052794f,2.6667808552923056f,-0.30829030827373505f,-0.1407799100268719f,0.9408177840354166f,0.670189149373387f,0f,0f,0f,1f], start_interpolation: 0, interpolation_duration: 1 }
$data merge entity $(bone_log) { transformation: [-0.3251351498452844f,0.9002947957028509f,0.2894070060752617f,2.6667250224620047f,-0.09565057019052789f,0.2731568582150568f,-0.9572023293078147f,2.6470893624275216f,-0.9408177840354164f,-0.3389020679199841f,-0.002699185478477195f,0.5394981993107651f,0f,0f,0f,1f], start_interpolation: 0, interpolation_duration: 1 }
$data merge entity $(bone_planks) { transformation: [-0.3251351498452844f,0.9002947957028509f,0.2894070060752617f,2.6362436021640097f,-0.09565057019052789f,0.2731568582150568f,-0.9572023293078147f,2.6381221214721595f,-0.9408177840354164f,-0.3389020679199841f,-0.002699185478477195f,0.45129653205744485f,0f,0f,0f,1f], start_interpolation: 0, interpolation_duration: 1 }
$data merge entity $(bone_lefthand1) { transformation: [-0.3251351498452844f,0.9002947957028509f,0.2894070060752617f,2.9640385399091866f,-0.09565057019052789f,0.2731568582150568f,-0.9572023293078147f,2.769203792319787f,-0.9408177840354164f,-0.3389020679199841f,-0.002699185478477195f,0.6900614778858256f,0f,0f,0f,1f], start_interpolation: 0, interpolation_duration: 1 }
$data merge entity $(bone_leftforearm) { transformation: [-0.8136212616968693f,0.16708136548049335f,0.5568700564978947f,3.0287459619214085f,-0.18302904275190943f,0.8355077903222834f,-0.518099509573301f,3.368965407167014f,-0.5518340439154821f,-0.5234601700415698f,-0.6492061601340029f,0.27623956225811996f,0f,0f,0f,1f], start_interpolation: 0, interpolation_duration: 1 }
$data merge entity $(bone_leftelbow) { transformation: [-0.8136212616968693f,0.16708136548049335f,0.5568700564978947f,3.060073717949001f,-0.18302904275190943f,0.8355077903222834f,-0.518099509573301f,3.5256231178524424f,-0.5518340439154821f,-0.5234601700415698f,-0.6492061601340029f,0.17809078037532566f,0f,0f,0f,1f], start_interpolation: 0, interpolation_duration: 1 }
$data merge entity $(bone_leftarm) { transformation: [-0.7685759009146025f,-0.5463809422458243f,0.3328046731701227f,2.6297470931096565f,-0.28698166780083695f,0.7593735812780323f,0.583946304383567f,3.728998028785705f,-0.5717802085413215f,0.3532982168190784f,-0.7404375484218113f,0.2582876518315298f,0f,0f,0f,1f], start_interpolation: 0, interpolation_duration: 1 }
$data merge entity $(bone_rightthumb2) { transformation: [-0.14773308964582815f,-0.9228970174422014f,-0.3555784434129651f,2.010339033800559f,0.02328873857545466f,0.35617762283090937f,-0.9341280081713035f,2.8035373948705815f,0.9887530373552647f,-0.14628259018356188f,-0.03112611331223844f,0.40685251947632745f,0f,0f,0f,1f], start_interpolation: 0, interpolation_duration: 1 }
$data merge entity $(bone_rightthumb) { transformation: [-0.14773308964582815f,-0.9228970174422014f,-0.3555784434129651f,1.7536186171725263f,0.02328873857545466f,0.35617762283090937f,-0.9341280081713035f,2.8110590412793917f,0.9887530373552647f,-0.14628259018356188f,-0.03112611331223844f,0.36831785152485463f,0f,0f,0f,1f], start_interpolation: 0, interpolation_duration: 1 }
$data merge entity $(bone_rightpointerfinger) { transformation: [-0.14773308964582815f,-0.9228970174422014f,-0.3555784434129651f,2.0236181548057535f,0.02328873857545466f,0.35617762283090937f,-0.9341280081713035f,2.65294821418666f,0.9887530373552647f,-0.14628259018356188f,-0.03112611331223844f,0.5230026533280568f,0f,0f,0f,1f], start_interpolation: 0, interpolation_duration: 1 }
$data merge entity $(bone_rightmidfinger) { transformation: [-0.14773308964582815f,-0.9228970174422014f,-0.3555784434129651f,1.9680590230224777f,0.02328873857545466f,0.35617762283090937f,-0.9341280081713035f,2.506990712909894f,0.9887530373552647f,-0.14628259018356188f,-0.03112611331223844f,0.5181391981230196f,0f,0f,0f,1f], start_interpolation: 0, interpolation_duration: 1 }
$data merge entity $(bone_rightringfinger) { transformation: [-0.14773308964582815f,-0.9228970174422014f,-0.3555784434129651f,1.912499891239202f,0.02328873857545466f,0.35617762283090937f,-0.9341280081713035f,2.361033211633128f,0.9887530373552647f,-0.14628259018356188f,-0.03112611331223844f,0.5132757429179823f,0f,0f,0f,1f], start_interpolation: 0, interpolation_duration: 1 }
$data merge entity $(bone_hugeasssword) { transformation: [-0.5786212677794936f,-3.6146799849819558f,-1.39268223670078f,1.8253930814700312f,0.09121422608719743f,1.395029022754395f,-3.658668032004272f,2.587748971490994f,3.872616062974787f,-0.5729401448856174f,-0.1219106104729339f,0.22627436696499503f,0f,0f,0f,1f], start_interpolation: 0, interpolation_duration: 1 }
$data merge entity $(bone_ice) { transformation: [-0.14773308964582815f,-0.9228970174422014f,-0.3555784434129651f,1.8421216768932818f,0.02328873857545466f,0.35617762283090937f,-0.9341280081713035f,2.5818198095940192f,0.9887530373552647f,-0.14628259018356188f,-0.03112611331223844f,0.21311076622793718f,0f,0f,0f,1f], start_interpolation: 0, interpolation_duration: 1 }
$data merge entity $(bone_righthand1) { transformation: [-0.14773308964582815f,-0.9228970174422014f,-0.3555784434129651f,1.5633523237646192f,0.02328873857545466f,0.35617762283090937f,-0.9341280081713035f,2.647494899690257f,0.9887530373552647f,-0.14628259018356188f,-0.03112611331223844f,0.42275568697985544f,0f,0f,0f,1f], start_interpolation: 0, interpolation_duration: 1 }
$data merge entity $(bone_rightforearm) { transformation: [-0.28750858183540723f,-0.7928031765188303f,-0.5374029574468733f,1.024983576951406f,-0.10868640405467445f,0.5844751393336731f,-0.8040995442571446f,3.0742128713147068f,0.9515913413564967f,-0.17277712465062112f,-0.25420854480683125f,0.2418624724547656f,0f,0f,0f,1f], start_interpolation: 0, interpolation_duration: 1 }
$data merge entity $(bone_rightelbow) { transformation: [-0.28750858183540723f,-0.7928031765188303f,-0.5374029574468733f,0.8763329813541254f,-0.10868640405467445f,0.5844751393336731f,-0.8040995442571446f,3.1838019599397707f,0.9515913413564967f,-0.17277712465062112f,-0.25420854480683125f,0.20946676158277416f,0f,0f,0f,1f], start_interpolation: 0, interpolation_duration: 1 }
$data merge entity $(bone_rightarm) { transformation: [-0.27761475631644017f,0.6384149346652812f,-0.7178832901465867f,1.2469008870058818f,-0.023032505290125627f,0.7426182695007764f,0.6693187652409968f,3.4051033769769057f,0.9604163424137595f,0.20234741658839392f,-0.19145749456362127f,0.08857657241075417f,0f,0f,0f,1f], start_interpolation: 0, interpolation_duration: 1 }
$data merge entity $(bone_chest1) { transformation: [-1.054582781803139f,-0.24787996252972522f,0.004668148640098132f,1.9651349682772126f,-0.24197787920856112f,1.0335484905556893f,0.21641472859972877f,3.4723684745573022f,-0.05397196873554872f,0.2096286072019496f,-1.0614866860891334f,0.03316181042610899f,0f,0f,0f,1f], start_interpolation: 0, interpolation_duration: 1 }
$data merge entity $(bone_chest1lid) { transformation: [-0.9734610293567437f,-0.22881227310436175f,0.004309060283167507f,1.7874645973583154f,-0.22336419619251796f,0.954044760512944f,0.19976744178436504f,2.665891769305401f,-0.04982027883281421f,0.19350332972487655f,-0.9798338640822771f,0.26733007384821844f,0f,0f,0f,1f], start_interpolation: 0, interpolation_duration: 1 }
$data merge entity $(bone_chest2) { transformation: [-0.9734610293567437f,-0.22881227310436175f,0.004309060283167507f,1.823216515030872f,-0.22336419619251796f,0.954044760512944f,0.19976744178436504f,2.5168222754752536f,-0.04982027883281421f,0.19350332972487655f,-0.9798338640822771f,0.23709517857870646f,0f,0f,0f,1f], start_interpolation: 0, interpolation_duration: 1 }
$data merge entity $(bone_chest1lid3) { transformation: [-0.9734610293567437f,-0.22881227310436175f,0.004309060283167507f,1.8510664034370161f,-0.22336419619251796f,0.954044760512944f,0.19976744178436504f,2.8078280489605425f,-0.04982027883281421f,0.19350332972487655f,-0.9798338640822771f,-0.3572622279024395f,0f,0f,0f,1f], start_interpolation: 0, interpolation_duration: 1 }
$data merge entity $(bone_chest3) { transformation: [-0.9734610293567437f,-0.22881227310436175f,0.004309060283167507f,1.8868183211095726f,-0.22336419619251796f,0.954044760512944f,0.19976744178436504f,2.658758555130395f,-0.04982027883281421f,0.19350332972487655f,-0.9798338640822771f,-0.38749712317195145f,0f,0f,0f,1f], start_interpolation: 0, interpolation_duration: 1 }
$data merge entity $(bone_hugeasssword2) { transformation: [-0.0168771527757403f,2.2055824111405635f,-3.236572132234864f,0.501431060362127f,-0.7824224803220965f,3.1694632420204116f,2.1639305898170247f,4.35707544293817f,3.8376826343222525f,0.6558862423672386f,0.4269461477429918f,-0.06328532111100993f,0f,0f,0f,1f], start_interpolation: 0, interpolation_duration: 1 }
$data merge entity $(bone_belt) { transformation: [-0.9734610293567437f,-0.22881227310436175f,0.004309060283167507f,2.0868924342031656f,-0.22336419619251796f,0.954044760512944f,0.19976744178436504f,3.0733478435528045f,-0.04982027883281421f,0.19350332972487655f,-0.9798338640822771f,0.08594201274549568f,0f,0f,0f,1f], start_interpolation: 0, interpolation_duration: 1 }
$data merge entity $(bone_torn_part) { transformation: [-0.9996745538193414f,-0.0077412553940903505f,-0.02430759986144266f,2.001400490411943f,-0.01642400315599125f,0.9244053292430583f,0.3810577900888064f,2.785768481886458f,0.019520209180040295f,0.3813330043832508f,-0.9242316274622996f,0.039340561460980264f,0f,0f,0f,1f], start_interpolation: 0, interpolation_duration: 1 }
$data merge entity $(bone_lowerbody) { transformation: [-0.9996745538193414f,-0.014692402739780185f,-0.02085472962741641f,2.1091316796875015f,-0.01642400315599125f,0.9962073192870864f,0.08544723002630977f,2.2889270166015625f,0.019520209180040295f,0.0857619396968679f,-0.9961244154888476f,0.13563833984374984f,0f,0f,0f,1f], start_interpolation: 0, interpolation_duration: 1 }
$data merge entity $(bone_leftfoot) { transformation: [-0.8947121716992854f,0.04392837069486619f,-0.4444777025467562f,2.55986784517377f,-0.05830316396474225f,0.9751498704419826f,0.21373692064939231f,0.3107521426899269f,0.4428214887342851f,0.21714748081679097f,-0.8699172953160965f,-0.05992379155210814f,0f,0f,0f,1f], start_interpolation: 0, interpolation_duration: 1 }
$data merge entity $(bone_leftlowerleg) { transformation: [-0.8947121716992854f,0.04392837069486619f,-0.4444777025467562f,2.676892935819748f,-0.05830316396474225f,0.9751498704419826f,0.21373692064939231f,1.3597192874527502f,0.4428214887342851f,0.21714748081679097f,-0.8699172953160965f,0.3146331815161706f,0f,0f,0f,1f], start_interpolation: 0, interpolation_duration: 1 }
$data merge entity $(bone_leftleg) { transformation: [-0.8976809606800971f,-0.3083926147217354f,-0.3147425742055707f,2.3311103807860256f,-0.150107016086512f,0.885570643918429f,-0.4395822088659895f,2.287564143458876f,0.4142906908851097f,-0.34735951090331474f,-0.8412518015617847f,-0.02209663947859707f,0f,0f,0f,1f], start_interpolation: 0, interpolation_duration: 1 }
$data merge entity $(bone_rightfoot) { transformation: [-0.9944443837071064f,-0.040711448943980814f,0.09707185811693689f,1.7950679891417916f,0.0101872172076263f,0.8806305283225905f,0.47369409241813465f,0.40483048865707616f,-0.10476921455731988f,0.47205132190383403f,-0.8753233466381923f,-0.3534571988105322f,0f,0f,0f,1f], start_interpolation: 0, interpolation_duration: 1 }
$data merge entity $(bone_rightlowerleg) { transformation: [-0.9944443837071064f,-0.040711448943980814f,0.09707185811693689f,1.7349890591592747f,0.0101872172076263f,0.8806305283225905f,0.47369409241813465f,1.3089989561265578f,-0.10476921455731988f,0.47205132190383403f,-0.8753233466381923f,0.30471433909785034f,0f,0f,0f,1f], start_interpolation: 0, interpolation_duration: 1 }
$data merge entity $(bone_rightleg) { transformation: [-0.9873308548243371f,0.09239570257984106f,0.1289992916903855f,1.8625138120224451f,0.04369310023812685f,0.939858918344359f,-0.33875673661220773f,2.2912115746376185f,-0.15254080143825327f,-0.3288285993543585f,-0.9319887639576059f,-0.022535649041675345f,0f,0f,0f,1f], start_interpolation: 0, interpolation_duration: 1 }
data modify entity @s data merge value {"locators":{"lefthand":{"posx":2.622348927375789,"posy":2.649672510230267,"posz":0.6542187653934354,"roty":89.46564026141924,"rotx":-73.17678890648897},"righthand":{"posx":1.8482478788148473,"posy":2.5930336036064117,"posz":0.3085783744721151,"roty":275.0027233392623,"rotx":-69.08772219736332},"chest":{"posx":1.7706714165906947,"posy":2.568070177863519,"posz":0.40677827328974403,"roty":0.25197065066231517,"rotx":11.523359994851662},"sack":{"posx":0,"posy":-0.4375,"posz":0,"roty":0,"rotx":0}},"cameras":{}}