# This file was generated by Animated Java via MC-Build. It is not recommended to edit this file directly.
$data merge entity $(bone_nose) { transformation: [-0.8675872780040108f,-0.3413030498404662f,-0.3616691073553107f,-0.531664990952553f,-0.36818040431164034f,0.9297361210536661f,0.005825383163349018f,4.110362749268486f,0.3342686119373282f,0.13821350649512873f,-0.9322883254100166f,0.40683891516696646f,0f,0f,0f,1f], start_interpolation: 0, interpolation_duration: 1 }
$data merge entity $(bone_glowing_eye) { transformation: [-0.8675872780040108f,-0.3413030498404662f,-0.3616691073553107f,-0.6506017207201783f,-0.36818040431164034f,0.9297361210536661f,0.005825383163349018f,4.127087607844499f,0.3342686119373282f,0.13821350649512873f,-0.9322883254100166f,0.4905134528289789f,0f,0f,0f,1f], start_interpolation: 0, interpolation_duration: 1 }
$data merge entity $(bone_head) { transformation: [-0.8675872780040108f,-0.3413030498404662f,-0.3616691073553107f,-0.5572463056281018f,-0.36818040431164034f,0.9297361210536661f,0.005825383163349018f,3.996652670590411f,0.3342686119373282f,0.13821350649512873f,-0.9322883254100166f,0.2151970929275031f,0f,0f,0f,1f], start_interpolation: 0, interpolation_duration: 1 }
$data merge entity $(bone_leftthumb2) { transformation: [-0.22141082953806862f,0.9382397004687946f,0.2658637038549839f,-0.08398044175961666f,-0.02891771347354502f,0.2661933862429119f,-0.9634857793283687f,2.8637069880421717f,-0.9747517686112328f,-0.22101435606032016f,-0.03180635163792944f,0.6983863897580642f,0f,0f,0f,1f], start_interpolation: 0, interpolation_duration: 1 }
$data merge entity $(bone_leftthumb) { transformation: [-0.22141082953806862f,0.9382397004687946f,0.2658637038549839f,0.16883585545478902f,-0.02891771347354502f,0.2661933862429119f,-0.9634857793283687f,2.846651833580895f,-0.9747517686112328f,-0.22101435606032016f,-0.03180635163792944f,0.6414661852468428f,0f,0f,0f,1f], start_interpolation: 0, interpolation_duration: 1 }
$data merge entity $(bone_leftpointerfinger) { transformation: [-0.22141082953806862f,0.9382397004687946f,0.2658637038549839f,-0.10234487566260553f,-0.02891771347354502f,0.2661933862429119f,-0.9634857793283687f,2.7173066077250914f,-0.9747517686112328f,-0.22101435606032016f,-0.03180635163792944f,0.8191090727879611f,0f,0f,0f,1f], start_interpolation: 0, interpolation_duration: 1 }
$data merge entity $(bone_leftmidfinger) { transformation: [-0.22141082953806862f,0.9382397004687946f,0.2658637038549839f,-0.060803671935264286f,-0.02891771347354502f,0.2661933862429119f,-0.9634857793283687f,2.5667619547050338f,-0.9747517686112328f,-0.22101435606032016f,-0.03180635163792944f,0.8141393303445347f,0f,0f,0f,1f], start_interpolation: 0, interpolation_duration: 1 }
$data merge entity $(bone_leftringfinger) { transformation: [-0.22141082953806862f,0.9382397004687946f,0.2658637038549839f,-0.019262468207923045f,-0.02891771347354502f,0.2661933862429119f,-0.9634857793283687f,2.416217301684976f,-0.9747517686112328f,-0.22101435606032016f,-0.03180635163792944f,0.8091695879011082f,0f,0f,0f,1f], start_interpolation: 0, interpolation_duration: 1 }
$data merge entity $(bone_invisibility) { transformation: [0.9578409637253249f,-0.1830790342256707f,0.22141082953806868f,-0.04954767970768732f,0.18120712131810682f,0.9830197073462295f,0.028917713473544812f,2.7711083686731315f,-0.2229454359105493f,0.01242264850701446f,0.9747517686112326f,0.6131636194679426f,0f,0f,0f,1f], start_interpolation: 0, interpolation_duration: 1 }
$data merge entity $(bone_swiftness) { transformation: [0.26586370385498387f,0.9382397004687946f,0.22141082953806868f,-0.13828349138448295f,-0.9634857793283687f,0.2661933862429119f,0.028917713473544805f,2.5529015836528224f,-0.03180635163792966f,-0.22101435606032016f,0.9747517686112328f,0.5863608837551069f,0f,0f,0f,1f], start_interpolation: 0, interpolation_duration: 1 }
$data merge entity $(bone_suspicious_stew) { transformation: [0.9626928030249401f,0.15556288621405864f,0.2214108295380688f,-0.04367822119435258f,-0.16593354646203265f,0.985712850685226f,0.02891771347354506f,2.577976970068926f,-0.21374897698589418f,-0.06457835881127104f,0.974751768611233f,0.6175599764761585f,0f,0f,0f,1f], start_interpolation: 0, interpolation_duration: 1 }
$data merge entity $(bone_log) { transformation: [-0.22141082953806862f,0.9382397004687946f,0.2658637038549839f,0.06530683721325517f,-0.02891771347354502f,0.2661933862429119f,-0.9634857793283687f,2.5633767118051276f,-0.9747517686112328f,-0.22101435606032016f,-0.03180635163792944f,0.4970592809282874f,0f,0f,0f,1f], start_interpolation: 0, interpolation_duration: 1 }
$data merge entity $(bone_planks) { transformation: [-0.22141082953806862f,0.9382397004687946f,0.2658637038549839f,0.044549571944061256f,-0.02891771347354502f,0.2661933862429119f,-0.9634857793283687f,2.560665676166983f,-0.9747517686112328f,-0.22101435606032016f,-0.03180635163792944f,0.4056763026209843f,0f,0f,0f,1f], start_interpolation: 0, interpolation_duration: 1 }
$data merge entity $(bone_lefthand1) { transformation: [-0.22141082953806862f,0.9382397004687946f,0.2658637038549839f,0.34691122896950277f,-0.02891771347354502f,0.2661933862429119f,-0.9634857793283687f,2.6672634173382535f,-0.9747517686112328f,-0.22101435606032016f,-0.03180635163792944f,0.6864875825547009f,0f,0f,0f,1f], start_interpolation: 0, interpolation_duration: 1 }
$data merge entity $(bone_leftforearm) { transformation: [-0.7064253371667111f,0.4272089583761244f,0.5643188362017391f,0.6026437789553757f,-0.09931602645281684f,0.7295813735823004f,-0.6766441799139243f,3.1951499016777514f,-0.7007849669467249f,-0.5340444974016213f,-0.47296607161246523f,0.2597187997202983f,0f,0f,0f,1f], start_interpolation: 0, interpolation_duration: 1 }
$data merge entity $(bone_leftelbow) { transformation: [-0.7064253371667111f,0.4272089583761244f,0.5643188362017391f,0.682745458650899f,-0.09931602645281684f,0.7295813735823004f,-0.6766441799139243f,3.331946409224433f,-0.7007849669467249f,-0.5340444974016213f,-0.47296607161246523f,0.15958545645749433f,0f,0f,0f,1f], start_interpolation: 0, interpolation_duration: 1 }
$data merge entity $(bone_leftarm) { transformation: [-0.6718556031920873f,-0.565124556031498f,0.4787946163331399f,0.24874267586648047f,-0.20484057955885315f,0.7629778789921324f,0.6131109957704723f,3.53737964027814f,-0.711793780125529f,0.31384549118773286f,-0.6283714046929102f,0.1913064435923299f,0f,0f,0f,1f], start_interpolation: 0, interpolation_duration: 1 }
$data merge entity $(bone_rightthumb2) { transformation: [-0.22458163260989666f,-0.9034061283670103f,-0.36526765189816895f,-0.5317980702175567f,-0.038328643881456764f,0.3827423251517652f,-0.9230597096589306f,2.6832113477027812f,0.9737011889447819f,-0.193302042840599f,-0.12058322802599616f,0.3965254888234327f,0f,0f,0f,1f], start_interpolation: 0, interpolation_duration: 1 }
$data merge entity $(bone_rightthumb) { transformation: [-0.22458163260989666f,-0.9034061283670103f,-0.36526765189816895f,-0.7845665080156909f,-0.038328643881456764f,0.3827423251517652f,-0.9230597096589306f,2.698193657240635f,0.9737011889447819f,-0.193302042840599f,-0.12058322802599616f,0.33881487137306554f,0f,0f,0f,1f], start_interpolation: 0, interpolation_duration: 1 }
$data merge entity $(bone_rightpointerfinger) { transformation: [-0.22458163260989666f,-0.9034061283670103f,-0.36526765189816895f,-0.5298219093946999f,-0.038328643881456764f,0.3827423251517652f,-0.9230597096589306f,2.5251457124854153f,0.9737011889447819f,-0.193302042840599f,-0.12058322802599616f,0.5030883329072541f,0f,0f,0f,1f], start_interpolation: 0, interpolation_duration: 1 }
$data merge entity $(bone_rightmidfinger) { transformation: [-0.22458163260989666f,-0.9034061283670103f,-0.36526765189816895f,-0.5868949800037888f,-0.038328643881456764f,0.3827423251517652f,-0.9230597096589306f,2.3809176328512076f,0.9737011889447819f,-0.193302042840599f,-0.12058322802599616f,0.48424720352819217f,0f,0f,0f,1f], start_interpolation: 0, interpolation_duration: 1 }
$data merge entity $(bone_rightringfinger) { transformation: [-0.22458163260989666f,-0.9034061283670103f,-0.36526765189816895f,-0.6439680506128777f,-0.038328643881456764f,0.3827423251517652f,-0.9230597096589306f,2.2366895532169995f,0.9737011889447819f,-0.193302042840599f,-0.12058322802599616f,0.46540607414913027f,0f,0f,0f,1f], start_interpolation: 0, interpolation_duration: 1 }
$data merge entity $(bone_hugeasssword) { transformation: [-0.879611394388762f,-3.5383406694374573f,-1.4306316366011618f,-0.7050375466054251f,-0.15012052186903901f,1.4990741068444138f,-3.615317196164145f,2.4832660216420925f,3.813662990033729f,-0.757099667792346f,-0.472284309768485f,0.18822746070064397f,0f,0f,0f,1f], start_interpolation: 0, interpolation_duration: 1 }
$data merge entity $(bone_ice) { transformation: [-0.22458163260989666f,-0.9034061283670103f,-0.36526765189816895f,-0.6874127378401609f,-0.038328643881456764f,0.3827423251517652f,-0.9230597096589306f,2.477884557872244f,0.9737011889447819f,-0.193302042840599f,-0.12058322802599616f,0.17603372404276613f,0f,0f,0f,1f], start_interpolation: 0, interpolation_duration: 1 }
$data merge entity $(bone_righthand1) { transformation: [-0.22458163260989666f,-0.9034061283670103f,-0.36526765189816895f,-0.9808242922062054f,-0.038328643881456764f,0.3827423251517652f,-0.9230597096589306f,2.5351423622629796f,0.9737011889447819f,-0.193302042840599f,-0.12058322802599616f,0.36736528469299945f,0f,0f,0f,1f], start_interpolation: 0, interpolation_duration: 1 }
$data merge entity $(bone_rightforearm) { transformation: [-0.39988299912252245f,-0.6692201167550347f,-0.6262890884752458f,-1.4288131780634474f,-0.13660960165832423f,0.7191838374340591f,-0.6812579722163808f,3.055276126748011f,0.9063285296996507f,-0.1868663782064561f,-0.3790112834052188f,0.17951241571413715f,0f,0f,0f,1f], start_interpolation: 0, interpolation_duration: 1 }
$data merge entity $(bone_rightelbow) { transformation: [-0.39988299912252245f,-0.6692201167550347f,-0.6262890884752458f,-1.5542919499550165f,-0.13660960165832423f,0.7191838374340591f,-0.6812579722163808f,3.190123096266897f,0.9063285296996507f,-0.1868663782064561f,-0.3790112834052188f,0.14447496980042662f,0f,0f,0f,1f], start_interpolation: 0, interpolation_duration: 1 }
$data merge entity $(bone_rightarm) { transformation: [-0.3808880991918713f,0.671700650157771f,-0.6354073437344192f,-1.1599873073693225f,-0.0502820177816351f,0.671144136000507f,0.739619677537003f,3.39072823786457f,0.9232529309901001f,0.3136618964582094f,-0.22185635020983496f,0.07545316455267526f,0f,0f,0f,1f], start_interpolation: 0, interpolation_duration: 1 }
$data merge entity $(bone_chest1) { transformation: [-1.07293175336792f,-0.14754185554280946f,0.02568977596119408f,-0.43169566118118785f,-0.13928160768967934f,1.0513534906829238f,0.221060133220173f,3.379702410353775f,-0.05503814572939258f,0.21563475972794166f,-1.0602280717010157f,0.01643085430945998f,0f,0f,0f,1f], start_interpolation: 0, interpolation_duration: 1 }
$data merge entity $(bone_chest1lid) { transformation: [-0.9903985415703878f,-0.13619248203951645f,0.023713639348794537f,-0.6860432800334625f,-0.12856763786739633f,0.9704801452457759f,0.20405550758785201f,2.5926810411178574f,-0.050804442211747f,0.1990474705181f,-0.978672066185553f,0.24601932431774798f,0f,0f,0f,1f], start_interpolation: 0, interpolation_duration: 1 }
$data merge entity $(bone_chest2) { transformation: [-0.9903985415703878f,-0.13619248203951645f,0.023713639348794537f,-0.664763204714788f,-0.12856763786739633f,0.9704801452457759f,0.20405550758785201f,2.441043518423205f,-0.050804442211747f,0.1990474705181f,-0.978672066185553f,0.21491815704929484f,0f,0f,0f,1f], start_interpolation: 0, interpolation_duration: 1 }
$data merge entity $(bone_chest1lid3) { transformation: [-0.9903985415703878f,-0.13619248203951645f,0.023713639348794537f,-0.6089518209774918f,-0.12856763786739633f,0.9704801452457759f,0.20405550758785201f,2.7314395780330374f,-0.050804442211747f,0.1990474705181f,-0.978672066185553f,-0.37776719044413776f,0f,0f,0f,1f], start_interpolation: 0, interpolation_duration: 1 }
$data merge entity $(bone_chest3) { transformation: [-0.9903985415703878f,-0.13619248203951645f,0.023713639348794537f,-0.5876717456588173f,-0.12856763786739633f,0.9704801452457759f,0.20405550758785201f,2.579802055338385f,-0.050804442211747f,0.1990474705181f,-0.978672066185553f,-0.4088683577125909f,0f,0f,0f,1f], start_interpolation: 0, interpolation_duration: 1 }
$data merge entity $(bone_hugeasssword2) { transformation: [-0.09287842078277951f,2.499570026580437f,-3.0139344815293097f,-1.803659794057301f,-0.799217404719087f,2.9392111464695563f,2.4622280873714733f,4.401409683293634f,3.83313225922675f,0.6733983193233923f,0.440351637427915f,-0.07448815169361148f,0f,0f,0f,1f], start_interpolation: 0, interpolation_duration: 1 }
$data merge entity $(bone_belt) { transformation: [-0.9903985415703878f,-0.13619248203951645f,0.023713639348794537f,-0.3488290571969203f,-0.12856763786739633f,0.9704801452457759f,0.20405550758785201f,2.9705375387473514f,-0.050804442211747f,0.1990474705181f,-0.978672066185553f,0.06688209830032904f,0f,0f,0f,1f], start_interpolation: 0, interpolation_duration: 1 }
$data merge entity $(bone_torn_part) { transformation: [-0.997676660645041f,-0.06499576181404955f,0.020416457831148146f,-0.44288959927041843f,-0.049663982651777766f,0.89901014895169f,0.43510256366634315f,2.682764698987727f,-0.04663442538858636f,0.43307771014919666f,-0.900149391679295f,0.006153894626655276f,0f,0f,0f,1f], start_interpolation: 0, interpolation_duration: 1 }
$data merge entity $(bone_lowerbody) { transformation: [-0.997676660645041f,-0.0558482124936927f,0.03901612442848544f,-0.323677245370371f,-0.049663982651777766f,0.9882390822235616f,0.1446271246796275f,2.1847378935185184f,-0.04663442538858636f,0.14235341066230886f,-0.9887167121281426f,0.08023782407407398f,0f,0f,0f,1f], start_interpolation: 0, interpolation_duration: 1 }
$data merge entity $(bone_leftfoot) { transformation: [-0.7636124801205302f,-0.5740428329379379f,-0.29558553103418234f,1.2721153243531291f,-0.628195968927747f,0.7663154668703611f,0.13464928465532022f,0.7565231038965041f,0.14921730739797628f,0.2885055132711451f,-0.9457794478550751f,-0.11633949538519761f,0f,0f,0f,1f], start_interpolation: 0, interpolation_duration: 1 }
$data merge entity $(bone_leftlowerleg) { transformation: [-0.7636124801205302f,-0.5740428329379379f,-0.29558553103418234f,0.6807019802193082f,-0.628195968927747f,0.7663154668703611f,0.13464928465532022f,1.5859660514591414f,0.14921730739797628f,0.2885055132711451f,-0.9457794478550751f,0.3490361827778269f,0f,0f,0f,1f], start_interpolation: 0, interpolation_duration: 1 }
$data merge entity $(bone_leftleg) { transformation: [-0.7044851393858551f,-0.6813049896566605f,0.1988069401540851f,-0.056770615171036154f,-0.6945939350643411f,0.6043464686769003f,-0.39026223385000264f,2.200124454723506f,0.1457393349659801f,-0.4130240390905812f,-0.8989834199677855f,-0.06502359033395852f,0f,0f,0f,1f], start_interpolation: 0, interpolation_duration: 1 }
$data merge entity $(bone_rightfoot) { transformation: [-0.961786087079689f,0.20454430514813343f,-0.18201414761333287f,-0.975570386021477f,0.1296404683919512f,0.9257269131050145f,0.35527880785120886f,0.2145696832724241f,0.24116565189731382f,0.3181058150749967f,-0.9168684849859415f,-0.3173707384134765f,0f,0f,0f,1f], start_interpolation: 0, interpolation_duration: 1 }
$data merge entity $(bone_rightlowerleg) { transformation: [-0.961786087079689f,0.20454430514813343f,-0.18201414761333287f,-0.7206883700288738f,0.1296404683919512f,0.9257269131050145f,0.35527880785120886f,1.1869609430167458f,0.24116565189731382f,0.3181058150749967f,-0.9168684849859415f,0.17640073160381609f,0f,0f,0f,1f], start_interpolation: 0, interpolation_duration: 1 }
$data merge entity $(bone_rightleg) { transformation: [-0.9868041271814425f,0.09641848380782558f,-0.13008109223815592f,-0.5830595405568262f,0.12784756200753122f,0.9569595400300249f,-0.26054450605271506f,2.1882478951147126f,0.09936103595676733f,-0.2737369443931946f,-0.9566584917345766f,-0.09675342760603699f,0f,0f,0f,1f], start_interpolation: 0, interpolation_duration: 1 }
data modify entity @s data merge value {"locators":{"lefthand":{"posx":0.008610005510590435,"posy":2.560345854445051,"posz":0.6062059800471457,"roty":83.17789722796145,"rotx":-74.46901220427007},"righthand":{"posx":-0.6886442380806952,"posy":2.482733706641282,"posz":0.2722226678636299,"roty":288.2692414601925,"rotx":-67.37757092353496},"chest":{"posx":-0.7121864604783165,"posy":2.4961246202960385,"posz":0.3849087289327423,"roty":1.3880294432975688,"rotx":11.774214953853665},"sack":{"posx":0,"posy":-0.4375,"posz":0,"roty":0,"rotx":0}},"cameras":{}}