# This file was generated by Animated Java via MC-Build. It is not recommended to edit this file directly.
$data merge entity $(bone_nose) { transformation: [-0.9995010314415426f,-0.0099011191581145f,0.029994265897162423f,-0.052366681686871946f,-0.006333804694514012f,0.9931383690932376f,0.11677355331116687f,4.212067243834641f,-0.030944645181107098f,0.1165253091574573f,-0.9927055360278669f,0.13880450739753117f,0f,0f,0f,1f], start_interpolation: 0, interpolation_duration: 1 }
$data merge entity $(bone_glowing_eye) { transformation: [-0.9995010314415426f,-0.0099011191581145f,0.029994265897162423f,-0.17902136548555997f,-0.006333804694514012f,0.9931383690932376f,0.11677355331116687f,4.274444168958424f,-0.030944645181107098f,0.1165253091574573f,-0.9927055360278669f,0.177467217068642f,0f,0f,0f,1f], start_interpolation: 0, interpolation_duration: 1 }
$data merge entity $(bone_head) { transformation: [-0.9995010314415426f,-0.0099011191581145f,0.029994265897162423f,-0.04552754617365219f,-0.006333804694514012f,0.9931383690932376f,0.11677355331116687f,4.111304053301694f,-0.030944645181107098f,0.1165253091574573f,-0.9927055360278669f,-0.06147274878453873f,0f,0f,0f,1f], start_interpolation: 0, interpolation_duration: 1 }
$data merge entity $(bone_leftthumb2) { transformation: [-0.9982785755798168f,-0.05666236569453492f,-0.015141395319822393f,0.8158293474111828f,-0.050787382017569396f,0.9642612733222227f,-0.26004007114059796f,2.0335617300630844f,0.02933474673716857f,-0.2588234399835235f,-0.9654791036314363f,0.9655980066563962f,0f,0f,0f,1f], start_interpolation: 0, interpolation_duration: 1 }
$data merge entity $(bone_leftthumb) { transformation: [-0.9982785755798168f,-0.05666236569453492f,-0.015141395319822393f,0.8006393814017971f,-0.050787382017569396f,0.9642612733222227f,-0.26004007114059796f,2.247817201006312f,0.02933474673716857f,-0.2588234399835235f,-0.9654791036314363f,0.8196160686776535f,0f,0f,0f,1f], start_interpolation: 0, interpolation_duration: 1 }
$data merge entity $(bone_leftpointerfinger) { transformation: [-0.9982785755798168f,-0.05666236569453492f,-0.015141395319822393f,0.9277086864437422f,-0.050787382017569396f,0.9642612733222227f,-0.26004007114059796f,1.9247844622709138f,0.02933474673716857f,-0.2588234399835235f,-0.9654791036314363f,0.8560771890151457f,0f,0f,0f,1f], start_interpolation: 0, interpolation_duration: 1 }
$data merge entity $(bone_leftmidfinger) { transformation: [-0.9982785755798168f,-0.05666236569453492f,-0.015141395319822393f,0.9253428434250199f,-0.050787382017569396f,0.9642612733222227f,-0.26004007114059796f,1.8841532011551954f,0.02933474673716857f,-0.2588234399835235f,-0.9654791036314363f,0.7052210790727338f,0f,0f,0f,1f], start_interpolation: 0, interpolation_duration: 1 }
$data merge entity $(bone_leftringfinger) { transformation: [-0.9982785755798168f,-0.05666236569453492f,-0.015141395319822393f,0.9229770004062977f,-0.050787382017569396f,0.9642612733222227f,-0.26004007114059796f,1.843521940039477f,0.02933474673716857f,-0.2588234399835235f,-0.9654791036314363f,0.5543649691303218f,0f,0f,0f,1f], start_interpolation: 0, interpolation_duration: 1 }
$data merge entity $(bone_invisibility) { transformation: [-0.057766407841566544f,0.01014532717137167f,0.9982785755798166f,0.7348071758784313f,0.9379279825143809f,0.34309144764086497f,0.05078738201756938f,2.028854157135381f,-0.34198558703779414f,0.9392472150037396f,-0.029334746737168793f,0.8634398622686493f,0f,0f,0f,1f], start_interpolation: 0, interpolation_duration: 1 }
$data merge entity $(bone_swiftness) { transformation: [-0.015141395319822615f,-0.05666236569453492f,0.9982785755798168f,0.6876477369116801f,-0.26004007114059796f,0.9642612733222227f,0.05078738201756934f,1.846874229913659f,-0.9654791036314363f,-0.2588234399835235f,-0.029334746737168786f,0.7189894370382292f,0f,0f,0f,1f], start_interpolation: 0, interpolation_duration: 1 }
$data merge entity $(bone_suspicious_stew) { transformation: [-0.05775257343126745f,-0.010223786010984752f,0.998278575579817f,0.7346242126478959f,0.7640198179014387f,0.6431907646115995f,0.050787382017569514f,1.93489689660954f,-0.6426027996483668f,0.7656377175387507f,-0.029334746737168606f,0.6945448790869827f,0f,0f,0f,1f], start_interpolation: 0, interpolation_duration: 1 }
$data merge entity $(bone_log) { transformation: [-0.9982785755798168f,-0.05666236569453492f,-0.015141395319822393f,0.6332430475698545f,-0.050787382017569396f,0.9642612733222227f,-0.26004007114059796f,2.038478860375955f,0.02933474673716857f,-0.2588234399835235f,-0.9654791036314363f,0.6196852486129283f,0f,0f,0f,1f], start_interpolation: 0, interpolation_duration: 1 }
$data merge entity $(bone_planks) { transformation: [-0.9982785755798168f,-0.05666236569453492f,-0.015141395319822393f,0.5396544311092467f,-0.050787382017569396f,0.9642612733222227f,-0.26004007114059796f,2.0337175433118078f,0.02933474673716857f,-0.2588234399835235f,-0.9654791036314363f,0.6224353811195378f,0f,0f,0f,1f], start_interpolation: 0, interpolation_duration: 1 }
$data merge entity $(bone_lefthand1) { transformation: [-0.9982785755798168f,-0.05666236569453492f,-0.015141395319822393f,0.8691202686449194f,-0.050787382017569396f,0.9642612733222227f,-0.26004007114059796f,2.300367276434047f,0.02933474673716857f,-0.2588234399835235f,-0.9654791036314363f,0.5778169239212376f,0f,0f,0f,1f], start_interpolation: 0, interpolation_duration: 1 }
$data merge entity $(bone_leftforearm) { transformation: [-0.8840162105546241f,0.03220771430749414f,0.46634536838670304f,0.8447287366792128f,-0.09773007452747669f,0.9628431800008506f,-0.2517575088427426f,2.97546663519341f,-0.45712599139569465f,-0.26813368655380965f,-0.8480213170230845f,0.3780163206788796f,0f,0f,0f,1f], start_interpolation: 0, interpolation_duration: 1 }
$data merge entity $(bone_leftelbow) { transformation: [-0.8840162105546241f,0.03220771430749414f,0.46634536838670304f,0.8507676831118679f,-0.09773007452747669f,0.9628431800008506f,-0.2517575088427426f,3.1559997314435693f,-0.45712599139569465f,-0.26813368655380965f,-0.8480213170230845f,0.32774125445004026f,0f,0f,0f,1f], start_interpolation: 0, interpolation_duration: 1 }
$data merge entity $(bone_leftarm) { transformation: [-0.8688559791721565f,-0.018507090413744477f,0.4947188848843462f,0.6343604168463296f,-0.20643248008481524f,0.9218238246144129f,-0.32806473071527903f,3.5876671876566832f,-0.4499721309401569f,-0.38716704918894335f,-0.8047526063328411f,0.05659026294988177f,0f,0f,0f,1f], start_interpolation: 0, interpolation_duration: 1 }
$data merge entity $(bone_rightthumb2) { transformation: [-0.8758425056423468f,0.12216299835886427f,-0.4668791140564205f,-0.8464604881530208f,0.1516688318860281f,0.9880898504435287f,-0.02598101008068994f,1.8870440294715998f,0.4581445958913668f,-0.09356628282911149f,-0.8839394096730153f,0.6657808852300613f,0f,0f,0f,1f], start_interpolation: 0, interpolation_duration: 1 }
$data merge entity $(bone_rightthumb) { transformation: [-0.8758425056423468f,0.12216299835886427f,-0.4668791140564205f,-0.8563992509174736f,0.1516688318860281f,0.9880898504435287f,-0.02598101008068994f,2.1271453824500264f,0.4581445958913668f,-0.09356628282911149f,-0.8839394096730153f,0.5672952040112113f,0f,0f,0f,1f], start_interpolation: 0, interpolation_duration: 1 }
$data merge entity $(bone_rightpointerfinger) { transformation: [-0.8758425056423468f,0.12216299835886427f,-0.4668791140564205f,-1.0141642172800023f,0.1516688318860281f,0.9880898504435287f,-0.02598101008068994f,1.8182993189132455f,0.4581445958913668f,-0.09356628282911149f,-0.8839394096730153f,0.6066715459117091f,0f,0f,0f,1f], start_interpolation: 0, interpolation_duration: 1 }
$data merge entity $(bone_rightmidfinger) { transformation: [-0.8758425056423468f,0.12216299835886427f,-0.4668791140564205f,-1.087114078851318f,0.1516688318860281f,0.9880898504435287f,-0.02598101008068994f,1.8142397860881376f,0.4581445958913668f,-0.09356628282911149f,-0.8839394096730153f,0.46855601315030043f,0f,0f,0f,1f], start_interpolation: 0, interpolation_duration: 1 }
$data merge entity $(bone_rightringfinger) { transformation: [-0.8758425056423468f,0.12216299835886427f,-0.4668791140564205f,-1.1600639404226338f,0.1516688318860281f,0.9880898504435287f,-0.02598101008068994f,1.8101802532630298f,0.4581445958913668f,-0.09356628282911149f,-0.8839394096730153f,0.33044048038889184f,0f,0f,0f,1f], start_interpolation: 0, interpolation_duration: 1 }
$data merge entity $(bone_hugeasssword) { transformation: [-3.430383147099192f,0.4784717435722184f,-1.828609863387647f,-0.8223590680912938f,0.5940362582202767f,3.870018580903821f,-0.10175895614936893f,1.975064456772264f,1.7943996672411868f,-0.3664679410806867f,-3.46209602121931f,0.3416672569431337f,0f,0f,0f,1f], start_interpolation: 0, interpolation_duration: 1 }
$data merge entity $(bone_ice) { transformation: [-0.8758425056423468f,0.12216299835886427f,-0.4668791140564205f,-0.8105828257899894f,0.1516688318860281f,0.9880898504435287f,-0.02598101008068994f,1.9572557273608646f,0.4581445958913668f,-0.09356628282911149f,-0.8839394096730153f,0.335970720801536f,0f,0f,0f,1f], start_interpolation: 0, interpolation_duration: 1 }
$data merge entity $(bone_righthand1) { transformation: [-0.8758425056423468f,0.12216299835886427f,-0.4668791140564205f,-1.0135926749251232f,0.1516688318860281f,0.9880898504435287f,-0.02598101008068994f,2.2413834913782322f,0.4581445958913668f,-0.09356628282911149f,-0.8839394096730153f,0.3994921925148181f,0f,0f,0f,1f], start_interpolation: 0, interpolation_duration: 1 }
$data merge entity $(bone_rightforearm) { transformation: [-0.7087441511318621f,0.03735027419121126f,-0.7044761779181875f,-0.9360497125438577f,0.14813600464419927f,0.9842130979597883f,-0.09685195884673722f,2.924225636352852f,0.6897372342888487f,-0.17300154572210513f,-0.7030881970374214f,0.25091719143565416f,0f,0f,0f,1f], start_interpolation: 0, interpolation_duration: 1 }
$data merge entity $(bone_rightelbow) { transformation: [-0.7087441511318621f,0.03735027419121126f,-0.7044761779181875f,-0.9290465361330056f,0.14813600464419927f,0.9842130979597883f,-0.09685195884673722f,3.1087655922203123f,0.6897372342888487f,-0.17300154572210513f,-0.7030881970374214f,0.21847940161275947f,0f,0f,0f,1f], start_interpolation: 0, interpolation_duration: 1 }
$data merge entity $(bone_rightarm) { transformation: [-0.6891955306793804f,0.11212081770316686f,-0.715848058409842f,-0.7021511115949548f,0.2571671120111331f,0.9614866007190068f,-0.09699790274878334f,3.53621591871224f,0.6774028321400941f,-0.2509430988797706f,-0.6914860549086995f,-0.03257784314053385f,0f,0f,0f,1f], start_interpolation: 0, interpolation_duration: 1 }
$data merge entity $(bone_chest1) { transformation: [-1.081987210900955f,-0.017007537499918617f,0.051239928045154565f,-0.03531544289771962f,-0.017425575314078817f,1.0831603119653974f,-0.008437951120239982f,3.4615944710649247f,-0.05109927477819154f,-0.009251668083273082f,-1.0820879732563018f,-0.16397870662457092f,0f,0f,0f,1f], start_interpolation: 0, interpolation_duration: 1 }
$data merge entity $(bone_chest1lid) { transformation: [-0.9987574254470354f,-0.01569926538454026f,0.04729839511860422f,-0.38409719485243854f,-0.016085146443765064f,0.9998402879680591f,-0.007788877957144599f,2.775810288723264f,-0.04716856133371527f,-0.008540001307636692f,-0.998850436851971f,0.21662286610460654f,0f,0f,0f,1f], start_interpolation: 0, interpolation_duration: 1 }
$data merge entity $(bone_chest2) { transformation: [-0.9987574254470354f,-0.01569926538454026f,0.04729839511860422f,-0.3816441846361041f,-0.016085146443765064f,0.9998402879680591f,-0.007788877957144599f,2.6195852437282547f,-0.04716856133371527f,-0.008540001307636692f,-0.998850436851971f,0.21795724130892477f,0f,0f,0f,1f], start_interpolation: 0, interpolation_duration: 1 }
$data merge entity $(bone_chest1lid3) { transformation: [-0.9987574254470354f,-0.01569926538454026f,0.04729839511860422f,-0.291374321389143f,-0.016085146443765064f,0.9998402879680591f,-0.007788877957144599f,2.7718258604347032f,-0.04716856133371527f,-0.008540001307636692f,-0.998850436851971f,-0.4203176599203301f,0f,0f,0f,1f], start_interpolation: 0, interpolation_duration: 1 }
$data merge entity $(bone_chest3) { transformation: [-0.9987574254470354f,-0.01569926538454026f,0.04729839511860422f,-0.28892131117280856f,-0.016085146443765064f,0.9998402879680591f,-0.007788877957144599f,2.615600815439694f,-0.04716856133371527f,-0.008540001307636692f,-0.998850436851971f,-0.4189832847160119f,0f,0f,0f,1f], start_interpolation: 0, interpolation_duration: 1 }
$data merge entity $(bone_hugeasssword2) { transformation: [-0.1852520475478674f,2.8425402004367877f,-2.688108008536467f,-1.2715214756473665f,0.03050643866548322f,2.6920876265138185f,2.8446460845154222f,4.599828534953518f,3.912164211003553f,0.11360984926388756f,-0.14947162296223626f,-0.49662786042829465f,0f,0f,0f,1f], start_interpolation: 0, interpolation_duration: 1 }
$data merge entity $(bone_belt) { transformation: [-0.9987574254470354f,-0.01569926538454026f,0.04729839511860422f,-0.003264480793822057f,-0.016085146443765064f,0.9998402879680591f,-0.007788877957144599f,3.0648628598895535f,-0.04716856133371527f,-0.008540001307636692f,-0.998850436851971f,-0.028314198534867635f,0f,0f,0f,1f], start_interpolation: 0, interpolation_duration: 1 }
$data merge entity $(bone_torn_part) { transformation: [-0.9968957639884057f,-0.04257616355359206f,0.06622768332827864f,-0.12026422291209728f,-0.02547660371780589f,0.9703566819576829f,0.24033071473093537f,2.7757090556965833f,-0.07449683486550858f,0.2378974150282725f,-0.968429161848138f,-0.032207106305878114f,0f,0f,0f,1f], start_interpolation: 0, interpolation_duration: 1 }
$data merge entity $(bone_lowerbody) { transformation: [-0.9968957639884057f,-0.02069056041434377f,0.07596536350017268f,-0.02349093750000002f,-0.02547660371780589f,0.9977144555734476f,-0.062584405428069f,2.29983267578125f,-0.07449683486550858f,-0.06432546812514794f,-0.9951444396395439f,0.14641908203124998f,0f,0f,0f,1f], start_interpolation: 0, interpolation_duration: 1 }
$data merge entity $(bone_leftfoot) { transformation: [-0.96558388644766f,-0.12847521086676988f,-0.22614570176187665f,0.4855905273349992f,-0.1301227033841131f,0.9914682253576494f,-0.007670734656034739f,0.18264332471599332f,0.22520177685054524f,0.022019952290869893f,-0.9740632840860317f,0.06371606877214811f,0f,0f,0f,1f], start_interpolation: 0, interpolation_duration: 1 }
$data merge entity $(bone_leftlowerleg) { transformation: [-0.96558388644766f,-0.12847521086676988f,-0.22614570176187665f,0.3778096379679435f,-0.1301227033841131f,0.9914682253576494f,-0.007670734656034739f,1.2837319620425713f,0.22520177685054524f,0.022019952290869893f,-0.9740632840860317f,0.2378050154177828f,0f,0f,0f,1f], start_interpolation: 0, interpolation_duration: 1 }
$data merge entity $(bone_leftleg) { transformation: [-0.9765034897765801f,-0.12909146231762667f,-0.17255818963717015f,0.216255190263584f,-0.07823300508151429f,0.9584551881189918f,-0.2743050296361769f,2.298760307641779f,0.2007997295069806f,-0.25436007297625335f,-0.946034049020139f,-0.0022947179687612465f,0f,0f,0f,1f], start_interpolation: 0, interpolation_duration: 1 }
$data merge entity $(bone_rightfoot) { transformation: [-0.9160532158257113f,-0.012547034644775218f,0.40086042171433656f,-0.19094675789204701f,0.06586405422154644f,0.981233339953644f,0.1812265403436194f,0.196008120033617f,-0.3956114661342289f,0.19241544762580556f,-0.898035557969776f,-0.20220039150784566f,0f,0f,0f,1f], start_interpolation: 0, interpolation_duration: 1 }
$data merge entity $(bone_rightlowerleg) { transformation: [-0.9160532158257113f,-0.012547034644775218f,0.40086042171433656f,-0.26645657448315735f,0.06586405422154644f,0.981233339953644f,0.1812265403436194f,1.2567191914870077f,-0.3956114661342289f,0.19241544762580556f,-0.898035557969776f,0.14923973027852236f,0f,0f,0f,1f], start_interpolation: 0, interpolation_duration: 1 }
$data merge entity $(bone_rightleg) { transformation: [-0.9706208628861928f,-0.00553711840868268f,0.24055037071222934f,-0.25268760484519487f,-0.054652438830380415f,0.9786782625063475f,-0.19799487222513715f,2.2927884758206436f,-0.2343250978020798f,-0.20532461814717956f,-0.9502281566669979f,-0.041988040491121315f,0f,0f,0f,1f], start_interpolation: 0, interpolation_duration: 1 }
data modify entity @s data merge value {"locators":{"lefthand":{"posx":0.7314949956522201,"posy":1.9719703915733755,"posz":0.6522413083492726,"roty":359.10151661339535,"rotx":-15.072439837077455},"righthand":{"posx":-0.8873068713861851,"posy":1.9564417297195105,"posz":0.39419530311169737,"roty":332.1578819477228,"rotx":-1.4887697469481507},"chest":{"posx":-0.42171753454840655,"posy":2.7140346220796965,"posz":0.3717529794027757,"roty":2.7110921758462325,"rotx":-0.4462743464904474},"sack":{"posx":0,"posy":-0.4375,"posz":0,"roty":0,"rotx":0}},"cameras":{}}