# This file was generated by Animated Java via MC-Build. It is not recommended to edit this file directly.
$data merge entity $(bone_nose) { transformation: [-0.9995124585018731f,-0.028648940082173845f,-0.012413038778197662f,-0.5737322090927326f,-0.030268992241294514f,0.986619566138495f,0.1602049307024744f,4.133097725702628f,0.007657245473241656f,0.1605025543250206f,-0.9870057227022073f,0.5919262822018025f,0f,0f,0f,1f], start_interpolation: 0, interpolation_duration: 1 }
$data merge entity $(bone_glowing_eye) { transformation: [-0.9995124585018731f,-0.028648940082173845f,-0.012413038778197662f,-0.7001778716753536f,-0.030268992241294514f,0.986619566138495f,0.1602049307024744f,4.190525811399072f,0.007657245473241656f,0.1605025543250206f,-0.9870057227022073f,0.6381929464692858f,0f,0f,0f,1f], start_interpolation: 0, interpolation_duration: 1 }
$data merge entity $(bone_head) { transformation: [-0.9995124585018731f,-0.028648940082173845f,-0.012413038778197662f,-0.5725191310757349f,-0.030268992241294514f,0.986619566138495f,0.1602049307024744f,4.041272199160683f,0.007657245473241656f,0.1605025543250206f,-0.9870057227022073f,0.38728617175962954f,0f,0f,0f,1f], start_interpolation: 0, interpolation_duration: 1 }
$data merge entity $(bone_leftthumb2) { transformation: [-0.25329216894606343f,0.9309834947364317f,0.26289315259043733f,-1.0764676160989568f,-0.8285486124371647f,-0.06849981559742127f,-0.5557112308488721f,3.573196205426699f,-0.4993498512856971f,-0.35857705976743626f,0.7887155496308492f,1.249899272601061f,0f,0f,0f,1f], start_interpolation: 0, interpolation_duration: 1 }
$data merge entity $(bone_leftthumb) { transformation: [-0.25329216894606343f,0.9309834947364317f,0.26289315259043733f,-0.8256847048035603f,-0.8285486124371647f,-0.06849981559742127f,-0.5557112308488721f,3.508907446889781f,-0.4993498512856971f,-0.35857705976743626f,0.7887155496308492f,1.2293625971036237f,0f,0f,0f,1f], start_interpolation: 0, interpolation_duration: 1 }
$data merge entity $(bone_leftpointerfinger) { transformation: [-0.25329216894606343f,0.9309834947364317f,0.26289315259043733f,-1.0911367165077992f,-0.8285486124371647f,-0.06849981559742127f,-0.5557112308488721f,3.595957489421959f,-0.4993498512856971f,-0.35857705976743626f,0.7887155496308492f,1.438608126213133f,0f,0f,0f,1f], start_interpolation: 0, interpolation_duration: 1 }
$data merge entity $(bone_leftmidfinger) { transformation: [-0.25329216894606343f,0.9309834947364317f,0.26289315259043733f,-1.0500596614155435f,-0.8285486124371647f,-0.06849981559742127f,-0.5557112308488721f,3.5091276096018227f,-0.4993498512856971f,-0.35857705976743626f,0.7887155496308492f,1.5618449308429532f,0f,0f,0f,1f], start_interpolation: 0, interpolation_duration: 1 }
$data merge entity $(bone_leftringfinger) { transformation: [-0.25329216894606343f,0.9309834947364317f,0.26289315259043733f,-1.0089826063232876f,-0.8285486124371647f,-0.06849981559742127f,-0.5557112308488721f,3.4222977297816866f,-0.4993498512856971f,-0.35857705976743626f,0.7887155496308492f,1.6850817354727734f,0f,0f,0f,1f], start_interpolation: 0, interpolation_duration: 1 }
$data merge entity $(bone_invisibility) { transformation: [0.9503534694446504f,-0.18075220680565351f,0.2532921689460635f,-1.0450180894668404f,-0.11667257819626221f,0.5476264295352136f,0.8285486124371644f,3.45047843322305f,-0.28847147625294295f,-0.8169662988210711f,0.49934985128569714f,1.2811133022590375f,0f,0f,0f,1f], start_interpolation: 0, interpolation_duration: 1 }
$data merge entity $(bone_swiftness) { transformation: [0.2628931525904373f,0.9309834947364317f,0.2532921689460635f,-1.1349887465866588f,-0.5557112308488723f,-0.06849981559742127f,0.8285486124371646f,3.312405207455024f,0.7887155496308491f,-0.35857705976743626f,0.49934985128569725f,1.4515471519719718f,0f,0f,0f,1f], start_interpolation: 0, interpolation_duration: 1 }
$data merge entity $(bone_suspicious_stew) { transformation: [0.9548610380535252f,0.15518851490346475f,0.2532921689460636f,-1.0393654746719037f,-0.2969356306976524f,0.47469614286471373f,0.8285486124371649f,3.3494935062950155f,0.008344413072916168f,-0.8663602580863349f,0.49934985128569714f,1.4458057674914202f,0f,0f,0f,1f], start_interpolation: 0, interpolation_duration: 1 }
$data merge entity $(bone_log) { transformation: [-0.25329216894606343f,0.9309834947364317f,0.26289315259043733f,-0.9344155621408664f,-0.8285486124371647f,-0.06849981559742127f,-0.5557112308488721f,3.2372056329833128f,-0.4993498512856971f,-0.35857705976743626f,0.7887155496308492f,1.3911406278514027f,0f,0f,0f,1f], start_interpolation: 0, interpolation_duration: 1 }
$data merge entity $(bone_planks) { transformation: [-0.25329216894606343f,0.9309834947364317f,0.26289315259043733f,-0.9581617029795598f,-0.8285486124371647f,-0.06849981559742127f,-0.5557112308488721f,3.1595292005673286f,-0.4993498512856971f,-0.35857705976743626f,0.7887155496308492f,1.3443265792933685f,0f,0f,0f,1f], start_interpolation: 0, interpolation_duration: 1 }
$data merge entity $(bone_lefthand1) { transformation: [-0.25329216894606343f,0.9309834947364317f,0.26289315259043733f,-0.6465620572386936f,-0.8285486124371647f,-0.06849981559742127f,-0.5557112308488721f,3.444583808157276f,-0.4993498512856971f,-0.35857705976743626f,0.7887155496308492f,1.4016864648050038f,0f,0f,0f,1f], start_interpolation: 0, interpolation_duration: 1 }
$data merge entity $(bone_leftforearm) { transformation: [-0.29348813107653254f,0.8583817633636924f,0.42076770936211555f,-0.06441381045291611f,-0.7780662218747175f,0.04123519105299717f,-0.6268274191485449f,3.4316321744511478f,-0.555407662257919f,-0.5113515496636934f,0.6557758163898182f,0.9933794668517446f,0f,0f,0f,1f], start_interpolation: 0, interpolation_duration: 1 }
$data merge entity $(bone_leftelbow) { transformation: [-0.29348813107653254f,0.8583817633636924f,0.42076770936211555f,0.09653277017777623f,-0.7780662218747175f,0.04123519105299717f,-0.6268274191485449f,3.439363772773585f,-0.555407662257919f,-0.5113515496636934f,0.6557758163898182f,0.8975010512898021f,0f,0f,0f,1f], start_interpolation: 0, interpolation_duration: 1 }
$data merge entity $(bone_leftarm) { transformation: [-0.3271802276136652f,0.15968722214198033f,0.9313716174241342f,0.03145235250627998f,-0.8268978290178369f,0.4286728891660808f,-0.3639773817967169f,3.463298392022883f,-0.457376299150118f,-0.8892353710793239f,-0.008208276138073282f,0.4079464803188134f,0f,0f,0f,1f], start_interpolation: 0, interpolation_duration: 1 }
$data merge entity $(bone_rightthumb2) { transformation: [-0.6402809020211345f,-0.7588496588412592f,0.11911155184744493f,-0.6875573013009083f,0.5816592998153183f,-0.580255703643574f,-0.5700664674645005f,4.025939746624778f,0.5017099016815955f,-0.29572033015267135f,0.8129186065585157f,1.1563247740343752f,0f,0f,0f,1f], start_interpolation: 0, interpolation_duration: 1 }
$data merge entity $(bone_rightthumb) { transformation: [-0.6402809020211345f,-0.7588496588412592f,0.11911155184744493f,-0.8634805133172828f,0.5816592998153183f,-0.580255703643574f,-0.5700664674645005f,3.8349199320806213f,0.5017099016815955f,-0.29572033015267135f,0.8129186065585157f,1.153271572786883f,0f,0f,0f,1f], start_interpolation: 0, interpolation_duration: 1 }
$data merge entity $(bone_rightpointerfinger) { transformation: [-0.6402809020211345f,-0.7588496588412592f,0.11911155184744493f,-0.6789303386757072f,0.5816592998153183f,-0.580255703643574f,-0.5700664674645005f,4.062213455093571f,0.5017099016815955f,-0.29572033015267135f,0.8129186065585157f,1.3432848862970832f,0f,0f,0f,1f], start_interpolation: 0, interpolation_duration: 1 }
$data merge entity $(bone_rightmidfinger) { transformation: [-0.6402809020211345f,-0.7588496588412592f,0.11911155184744493f,-0.6603191586995439f,0.5816592998153183f,-0.580255703643574f,-0.5700664674645005f,3.973140569552243f,0.5017099016815955f,-0.29572033015267135f,0.8129186065585157f,1.4703034185718513f,0f,0f,0f,1f], start_interpolation: 0, interpolation_duration: 1 }
$data merge entity $(bone_rightringfinger) { transformation: [-0.6402809020211345f,-0.7588496588412592f,0.11911155184744493f,-0.6417079787233807f,0.5816592998153183f,-0.580255703643574f,-0.5700664674645005f,3.8840676840109145f,0.5017099016815955f,-0.29572033015267135f,0.8129186065585157f,1.5973219508466194f,0f,0f,0f,1f], start_interpolation: 0, interpolation_duration: 1 }
$data merge entity $(bone_hugeasssword) { transformation: [-2.507766866249444f,-2.972161163794932f,0.466520244735826f,-0.6462469990499271f,2.2781655909433303f,-2.2726681726039986f,-2.2327603309026274f,3.7096801667903305f,1.9650304482529157f,-1.1582379597646295f,3.1839312090208534f,1.2642666806479392f,0f,0f,0f,1f], start_interpolation: 0, interpolation_duration: 1 }
$data merge entity $(bone_ice) { transformation: [-0.6402809020211345f,-0.7588496588412592f,0.11911155184744493f,-0.6243855840364523f,0.5816592998153183f,-0.580255703643574f,-0.5700664674645005f,3.709658235600147f,0.5017099016815955f,-0.29572033015267135f,0.8129186065585157f,1.2610480935928f,0f,0f,0f,1f], start_interpolation: 0, interpolation_duration: 1 }
$data merge entity $(bone_righthand1) { transformation: [-0.6402809020211345f,-0.7588496588412592f,0.11911155184744493f,-0.970445988256818f,0.5816592998153183f,-0.580255703643574f,-0.5700664674645005f,3.6921945575348176f,0.5017099016815955f,-0.29572033015267135f,0.8129186065585157f,1.3379491929299845f,0f,0f,0f,1f], start_interpolation: 0, interpolation_duration: 1 }
$data merge entity $(bone_rightforearm) { transformation: [-0.5388666545866612f,-0.7384188594195743f,-0.4054137597912468f,-1.4575918305889095f,0.7144371475204447f,-0.1456218526400593f,-0.6843784320655694f,3.537593840192283f,0.44632083843064124f,-0.6584313662692349f,0.6060246241658814f,0.8472340361137376f,0f,0f,0f,1f], start_interpolation: 0, interpolation_duration: 1 }
$data merge entity $(bone_rightelbow) { transformation: [-0.5388666545866612f,-0.7384188594195743f,-0.4054137597912468f,-1.5960453667300796f,0.7144371475204447f,-0.1456218526400593f,-0.6843784320655694f,3.510289742822272f,0.44632083843064124f,-0.6584313662692349f,0.6060246241658814f,0.723778154938256f,0f,0f,0f,1f], start_interpolation: 0, interpolation_duration: 1 }
$data merge entity $(bone_rightarm) { transformation: [-0.5427529897821404f,0.35690162871676817f,-0.7602896944598592f,-1.2753500006620886f,0.7560195657563541f,0.6019226296918547f,-0.2571450253425415f,3.5981079381862395f,0.3658600938557275f,-0.7143601159668426f,-0.5965199212429688f,0.40830276914370156f,0f,0f,0f,1f], start_interpolation: 0, interpolation_duration: 1 }
$data merge entity $(bone_chest1) { transformation: [-1.078502950324639f,0.10178614435707116f,0.009059694756528567f,-0.6145548017872766f,0.10161102769824747f,1.0579884633785492f,0.2096347335703543f,3.4147913136655648f,0.010848792663978323f,0.20954976326860628f,-1.0628180989816254f,0.18270977620197654f,0f,0f,0f,1f], start_interpolation: 0, interpolation_duration: 1 }
$data merge entity $(bone_chest1lid) { transformation: [-0.9955411849150515f,0.09395644094498877f,0.008362795159872524f,-1.021946312102911f,0.09379479479838228f,0.9766047354263532f,0.19350898483417323f,2.7036316662934685f,0.010014270151364607f,0.19343055070948273f,-0.9810628605984235f,0.43783783362194817f,0f,0f,0f,1f], start_interpolation: 0, interpolation_duration: 1 }
$data merge entity $(bone_chest2) { transformation: [-0.9955411849150515f,0.09395644094498877f,0.008362795159872524f,-1.0366270060005656f,0.09379479479838228f,0.9766047354263532f,0.19350898483417323f,2.551037176383101f,0.010014270151364607f,0.19343055070948273f,-0.9810628605984235f,0.4076143100735915f,0f,0f,0f,1f], start_interpolation: 0, interpolation_duration: 1 }
$data merge entity $(bone_chest1lid3) { transformation: [-0.9955411849150515f,0.09395644094498877f,0.008362795159872524f,-0.9543675723964271f,0.09379479479838228f,0.9766047354263532f,0.19350898483417323f,2.821736185027962f,0.010014270151364607f,0.19343055070948273f,-0.9810628605984235f,-0.19128145333337715f,0f,0f,0f,1f], start_interpolation: 0, interpolation_duration: 1 }
$data merge entity $(bone_chest3) { transformation: [-0.9955411849150515f,0.09395644094498877f,0.008362795159872524f,-0.9690482662940816f,0.09379479479838228f,0.9766047354263532f,0.19350898483417323f,2.6691416951175944f,0.010014270151364607f,0.19343055070948273f,-0.9810628605984235f,-0.22150497688173382f,0f,0f,0f,1f], start_interpolation: 0, interpolation_duration: 1 }
$data merge entity $(bone_hugeasssword2) { transformation: [-0.0327542810428349f,3.1234085193632866f,-2.3629481915649317f,-1.7298799076018896f,-0.7579101906005116f,2.3133079595106336f,3.0682985847577524f,4.714772907650542f,3.842496204010492f,0.4829112583191318f,0.5850618911973068f,0.1595718685784006f,0f,0f,0f,1f], start_interpolation: 0, interpolation_duration: 1 }
$data merge entity $(bone_belt) { transformation: [-0.9955411849150515f,0.09395644094498877f,0.008362795159872524f,-0.6211892419759613f,0.09379479479838228f,0.9766047354263532f,0.19350898483417323f,2.9974454094820318f,0.010014270151364607f,0.19343055070948273f,-0.9810628605984235f,0.23376342149224288f,0f,0f,0f,1f], start_interpolation: 0, interpolation_duration: 1 }
$data merge entity $(bone_torn_part) { transformation: [-0.9915472804214669f,0.11220880224402106f,-0.06513966063586027f,-0.7723815913598149f,0.08049475789062069f,0.9257651091723128f,0.36943139632590233f,2.725010044007758f,0.10175747953307034f,0.36106529511729274f,-0.9269720966787182f,0.19923388065026648f,0f,0f,0f,1f], start_interpolation: 0, interpolation_duration: 1 }
$data merge entity $(bone_lowerbody) { transformation: [-0.9915472804214669f,0.08742756299233519f,-0.0958666361046122f,-0.7047587962962961f,0.08049475789062069f,0.9940080404230781f,0.0739500475077783f,2.2213945138888898f,0.10175747953307034f,0.06560820683034685f,-0.9926434297146096f,0.29685185185185176f,0f,0f,0f,1f], start_interpolation: 0, interpolation_duration: 1 }
$data merge entity $(bone_leftfoot) { transformation: [-0.8250352253686379f,0.21372353316465548f,-0.5231052745600424f,-0.5837264116159981f,0.08792565165653365f,0.9629952764752869f,0.25477279538259145f,0.2716497292283351f,0.5581988504840322f,0.16420215850561243f,-0.8132968058835611f,0.32378744875760734f,0f,0f,0f,1f], start_interpolation: 0, interpolation_duration: 1 }
$data merge entity $(bone_leftlowerleg) { transformation: [-0.8250352253686379f,0.21372353316465548f,-0.5231052745600424f,-0.2662540301608841f,0.08792565165653365f,0.9629952764752869f,0.25477279538259145f,1.3008278886885511f,0.5581988504840322f,0.16420215850561243f,-0.8132968058835611f,0.6309087144002545f,0f,0f,0f,1f], start_interpolation: 0, interpolation_duration: 1 }
$data merge entity $(bone_leftleg) { transformation: [-0.866577757045144f,-0.2008511885865802f,-0.45683891147533123f,-0.49728534783368583f,0.08481009484736773f,0.8428424880047434f,-0.5314355917944851f,2.191879397665144f,0.49178271503438187f,-0.49927481456341466f,-0.7133543444432647f,0.12997171508426392f,0f,0f,0f,1f], start_interpolation: 0, interpolation_duration: 1 }
$data merge entity $(bone_rightfoot) { transformation: [-0.9316564369542203f,0.33532917026724646f,0.1398950715702555f,-1.566283466929122f,0.35320309592591226f,0.9261565901528994f,0.1322177883066601f,0.3395792176053205f,-0.08522826121726094f,0.17259292593914144f,-0.9812990499361793f,0.3163674950969593f,0f,0f,0f,1f], start_interpolation: 0, interpolation_duration: 1 }
$data merge entity $(bone_rightlowerleg) { transformation: [-0.9316564369542203f,0.33532917026724646f,0.1398950715702555f,-1.215771934369727f,0.35320309592591226f,0.9261565901528994f,0.1322177883066601f,1.3467195000856989f,-0.08522826121726094f,0.17259292593914144f,-0.9812990499361793f,0.6586100781500448f,0f,0f,0f,1f], start_interpolation: 0, interpolation_duration: 1 }
$data merge entity $(bone_rightleg) { transformation: [-0.959248924747136f,0.20043671811964137f,-0.19916481215538775f,-0.9784081254724115f,0.27125145529129f,0.8506395623149066f,-0.45037204956242716f,2.2358788915283503f,0.07914637309328025f,-0.4860426494188875f,-0.8703438369817114f,0.16078410886514172f,0f,0f,0f,1f], start_interpolation: 0, interpolation_duration: 1 }
data modify entity @s data merge value {"locators":{"lefthand":{"posx":-0.9875102123376821,"posy":3.3289166014748592,"posz":1.4536448287407857,"roty":161.56583774228136,"rotx":-33.75971657675827},"righthand":{"posx":-0.6744160106791552,"posy":3.782162578881397,"posz":1.300002173806608,"roty":171.66414749464596,"rotx":-34.75486086189694},"chest":{"posx":-1.0602359384342983,"posy":2.6152891787864316,"posz":0.5793524421133394,"roty":0.4883899716213307,"rotx":11.157635785918009},"sack":{"posx":0,"posy":-0.4375,"posz":0,"roty":0,"rotx":0}},"cameras":{}}