# This file was generated by Animated Java via MC-Build. It is not recommended to edit this file directly.
$data merge entity $(bone_nose) { transformation: [-0.9972950094327068f,-0.0022263887919251003f,0.0734690911442672f,0.007673733183609598f,0.010895963648983134f,0.9840198523681202f,0.17772509142375753f,4.131989947649859f,-0.07269072937299148f,0.17804486327431673f,-0.9813338292980898f,0.4052768116081875f,0f,0f,0f,1f], start_interpolation: 0, interpolation_duration: 1 }
$data merge entity $(bone_glowing_eye) { transformation: [-0.9972950094327068f,-0.0022263887919251003f,0.0734690911442672f,-0.11970263745976217f,0.010895963648983134f,0.9840198523681202f,0.17772509142375753f,4.193776254129189f,-0.07269072937299148f,0.17804486327431673f,-0.9813338292980898f,0.44248981160174916f,0f,0f,0f,1f], start_interpolation: 0, interpolation_duration: 1 }
$data merge entity $(bone_head) { transformation: [-0.9972950094327068f,-0.0022263887919251003f,0.0734690911442672f,0.021706095376391288f,0.010895963648983134f,0.9840198523681202f,0.17772509142375753f,4.043766163336038f,-0.07269072937299148f,0.17804486327431673f,-0.9813338292980898f,0.19953272207605888f,0f,0f,0f,1f], start_interpolation: 0, interpolation_duration: 1 }
$data merge entity $(bone_leftthumb2) { transformation: [-0.012835162426543686f,0.9925355007512768f,0.12127876299623336f,-0.5136222482197412f,-0.8894812802991284f,0.044074930046983f,-0.45484112889972517f,3.4069574992319525f,-0.4567913206300084f,-0.11371314915068476f,0.8822760390644906f,0.9096723054095832f,0f,0f,0f,1f], start_interpolation: 0, interpolation_duration: 1 }
$data merge entity $(bone_leftthumb) { transformation: [-0.012835162426543686f,0.9925355007512768f,0.12127876299623336f,-0.25984618078799565f,-0.8894812802991284f,0.044074930046983f,-0.45484112889972517f,3.3788969594910516f,-0.4567913206300084f,-0.11371314915068476f,0.8822760390644906f,0.9571821130373501f,0f,0f,0f,1f], start_interpolation: 0, interpolation_duration: 1 }
$data merge entity $(bone_leftpointerfinger) { transformation: [-0.012835162426543686f,0.9925355007512768f,0.12127876299623336f,-0.5784331040661567f,-0.8894812802991284f,0.044074930046983f,-0.45484112889972517f,3.4404012101849273f,-0.4567913206300084f,-0.11371314915068476f,0.8822760390644906f,1.0858124801274738f,0f,0f,0f,1f], start_interpolation: 0, interpolation_duration: 1 }
$data merge entity $(bone_leftmidfinger) { transformation: [-0.012835162426543686f,0.9925355007512768f,0.12127876299623336f,-0.5594832973479952f,-0.8894812802991284f,0.044074930046983f,-0.45484112889972517f,3.3693322837943454f,-0.4567913206300084f,-0.11371314915068476f,0.8822760390644906f,1.2236681112313004f,0f,0f,0f,1f], start_interpolation: 0, interpolation_duration: 1 }
$data merge entity $(bone_leftringfinger) { transformation: [-0.012835162426543686f,0.9925355007512768f,0.12127876299623336f,-0.5405334906298338f,-0.8894812802991284f,0.044074930046983f,-0.45484112889972517f,3.2982633574037634f,-0.4567913206300084f,-0.11371314915068476f,0.8822760390644906f,1.3615237423351272f,0f,0f,0f,1f], start_interpolation: 0, interpolation_duration: 1 }
$data merge entity $(bone_invisibility) { transformation: [0.9993287441847114f,-0.03431209191657658f,0.012835162426543766f,-0.47607108797009495f,0.004265195210129989f,0.45695170434876625f,0.8894812802991281f,3.2926579508808462f,-0.03638501279410063f,-0.8888294663438342f,0.4567913206300085f,0.9601556056002256f,0f,0f,0f,1f], start_interpolation: 0, interpolation_duration: 1 }
$data merge entity $(bone_swiftness) { transformation: [0.12127876299623336f,0.9925355007512768f,0.012835162426543714f,-0.5884058711156562f,-0.4548411288997254f,0.044074930046983f,0.8894812802991283f,3.1550797852123624f,0.8822760390644905f,-0.11371314915068476f,0.4567913206300086f,1.1171899227779245f,0f,0f,0f,1f], start_interpolation: 0, interpolation_duration: 1 }
$data merge entity $(bone_suspicious_stew) { transformation: [0.9507972732447334f,0.30954774073778063f,0.012835162426543801f,-0.4998564215060173f,-0.152278714949103f,0.4308529273091606f,0.8894812802991287f,3.205309226866196f,0.26980685344117894f,-0.8476708979511227f,0.4567913206300085f,1.130912666791256f,0f,0f,0f,1f], start_interpolation: 0, interpolation_duration: 1 }
$data merge entity $(bone_log) { transformation: [-0.012835162426543686f,0.9925355007512768f,0.12127876299623336f,-0.3713078383741477f,-0.8894812802991284f,0.044074930046983f,-0.45484112889972517f,3.1061090451768507f,-0.4567913206300084f,-0.11371314915068476f,0.8822760390644906f,1.115231026169505f,0f,0f,0f,1f], start_interpolation: 0, interpolation_duration: 1 }
$data merge entity $(bone_planks) { transformation: [-0.012835162426543686f,0.9925355007512768f,0.12127876299623336f,-0.37251113485163617f,-0.8894812802991284f,0.044074930046983f,-0.45484112889972517f,3.022720175148807f,-0.4567913206300084f,-0.11371314915068476f,0.8822760390644906f,1.0724068398604418f,0f,0f,0f,1f], start_interpolation: 0, interpolation_duration: 1 }
$data merge entity $(bone_lefthand1) { transformation: [-0.012835162426543686f,0.9925355007512768f,0.12127876299623336f,-0.12375513392332499f,-0.8894812802991284f,0.044074930046983f,-0.45484112889972517f,3.3537118830414947f,-0.4567913206300084f,-0.11371314915068476f,0.8822760390644906f,1.1734294428185708f,0f,0f,0f,1f], start_interpolation: 0, interpolation_duration: 1 }
$data merge entity $(bone_leftforearm) { transformation: [0.23509835802169513f,0.8447628516237122f,0.4807332800754248f,0.48821842785451713f,-0.8856952927315641f,0.3899089855863628f,-0.2520214899411596f,3.5838779004812724f,-0.4003406180849644f,-0.3665333647508606f,0.8398694434468734f,0.8754554220031114f,0f,0f,0f,1f], start_interpolation: 0, interpolation_duration: 1 }
$data merge entity $(bone_leftelbow) { transformation: [0.23509835802169513f,0.8447628516237122f,0.4807332800754248f,0.6466114625339632f,-0.8856952927315641f,0.3899089855863628f,-0.2520214899411596f,3.6569858352787152f,-0.4003406180849644f,-0.3665333647508606f,0.8398694434468734f,0.8067304161123251f,0f,0f,0f,1f], start_interpolation: 0, interpolation_duration: 1 }
$data merge entity $(bone_leftarm) { transformation: [0.205993129256707f,0.10305514087657772f,0.9731117451957604f,0.6721885022057508f,-0.9325412152565132f,0.32202393855911526f,0.16330176007251204f,3.5730660836051986f,-0.2965361909564071f,-0.9411058500157055f,0.16243788511083668f,0.3266387521165199f,0f,0f,0f,1f], start_interpolation: 0, interpolation_duration: 1 }
$data merge entity $(bone_rightthumb2) { transformation: [-0.662067947485619f,0.15626169187933558f,-0.7329722481534944f,-0.6310185608817062f,0.23767445958092212f,-0.8837583528931537f,-0.40309059149835924f,4.815153614846299f,-0.7107579645526998f,-0.441082143531778f,0.5479686656026198f,1.2269887866318365f,0f,0f,0f,1f], start_interpolation: 0, interpolation_duration: 1 }
$data merge entity $(bone_rightthumb) { transformation: [-0.662067947485619f,0.15626169187933558f,-0.7329722481534944f,-0.6553345288075655f,0.23767445958092212f,-0.8837583528931537f,-0.40309059149835924f,4.5639713927639285f,-0.7107579645526998f,-0.441082143531778f,0.5479686656026198f,1.1656447312874803f,0f,0f,0f,1f], start_interpolation: 0, interpolation_duration: 1 }
$data merge entity $(bone_rightpointerfinger) { transformation: [-0.662067947485619f,0.15626169187933558f,-0.7329722481534944f,-0.8133796523439072f,0.23767445958092212f,-0.8837583528931537f,-0.40309059149835924f,4.861055374847171f,-0.7107579645526998f,-0.441082143531778f,0.5479686656026198f,1.258321688461016f,0f,0f,0f,1f], start_interpolation: 0, interpolation_duration: 1 }
$data merge entity $(bone_rightmidfinger) { transformation: [-0.662067947485619f,0.15626169187933558f,-0.7329722481534944f,-0.9279065661178907f,0.23767445958092212f,-0.8837583528931537f,-0.40309059149835924f,4.798072469925553f,-0.7107579645526998f,-0.441082143531778f,0.5479686656026198f,1.3439417924614254f,0f,0f,0f,1f], start_interpolation: 0, interpolation_duration: 1 }
$data merge entity $(bone_rightringfinger) { transformation: [-0.662067947485619f,0.15626169187933558f,-0.7329722481534944f,-1.0424334798918742f,0.23767445958092212f,-0.8837583528931537f,-0.40309059149835924f,4.735089565003935f,-0.7107579645526998f,-0.441082143531778f,0.5479686656026198f,1.4295618964618348f,0f,0f,0f,1f], start_interpolation: 0, interpolation_duration: 1 }
$data merge entity $(bone_hugeasssword) { transformation: [-2.5930994609853415f,0.6120249598607311f,-2.8708079719345196f,-0.7088514200266347f,0.9308916333586117f,-3.4613868821648524f,-1.5787714833685738f,4.561725066660111f,-2.783802027831408f,-1.7275717288327972f,2.1462106069435944f,1.434580055990803f,0f,0f,0f,1f], start_interpolation: 0, interpolation_duration: 1 }
$data merge entity $(bone_ice) { transformation: [-0.662067947485619f,0.15626169187933558f,-0.7329722481534944f,-0.7009481972827865f,0.23767445958092212f,-0.8837583528931537f,-0.40309059149835924f,4.5718201274931145f,-0.7107579645526998f,-0.441082143531778f,0.5479686656026198f,1.452577557679623f,0f,0f,0f,1f], start_interpolation: 0, interpolation_duration: 1 }
$data merge entity $(bone_righthand1) { transformation: [-0.662067947485619f,0.15626169187933558f,-0.7329722481534944f,-0.850305143939154f,0.23767445958092212f,-0.8837583528931537f,-0.40309059149835924f,4.397702573180733f,-0.7107579645526998f,-0.441082143531778f,0.5479686656026198f,1.1817415514585854f,0f,0f,0f,1f], start_interpolation: 0, interpolation_duration: 1 }
$data merge entity $(bone_rightforearm) { transformation: [0.5608811744339708f,0.16065727111917671f,-0.8121585740494951f,-0.7706199458428497f,0.803543862768919f,-0.34182162405009586f,0.4873143112388142f,4.097989842153202f,-0.19932277534685924f,-0.925930460978736f,-0.3208164781611616f,0.5404342653484964f,0f,0f,0f,1f], start_interpolation: 0, interpolation_duration: 1 }
$data merge entity $(bone_rightelbow) { transformation: [0.5608811744339708f,0.16065727111917671f,-0.8121585740494951f,-0.740496707508004f,0.803543862768919f,-0.34182162405009586f,0.4873143112388142f,4.03389828764381f,-0.19932277534685924f,-0.925930460978736f,-0.3208164781611616f,0.3668223039149834f,0f,0f,0f,1f], start_interpolation: 0, interpolation_duration: 1 }
$data merge entity $(bone_rightarm) { transformation: [0.6082191079263717f,0.42672193356518257f,-0.6693115180300132f,-0.6608799853322295f,0.7426277689975737f,-0.6036737483022503f,0.2899689678644905f,3.586866120460033f,-0.28030967423001146f,-0.6734139863598791f,-0.684061466176806f,0.13663817122207464f,0f,0f,0f,1f], start_interpolation: 0, interpolation_duration: 1 }
$data merge entity $(bone_chest1) { transformation: [-1.0642441735111121f,-0.14139238482311137f,0.1449263391271375f,0.0887141228098194f,-0.12168257415718627f,1.0664139499557943f,0.14685281610262763f,3.4096436950623072f,-0.16182954429040988f,0.1279866866702334f,-1.0635044512088536f,0.030017305153917186f,0f,0f,0f,1f], start_interpolation: 0, interpolation_duration: 1 }
$data merge entity $(bone_chest1lid) { transformation: [-0.9823792370871806f,-0.13051604752902587f,0.1337781591942808f,-0.20984542470711423f,-0.11232237614509502f,0.9843821076515026f,0.13555644563319474f,2.645472617364508f,-0.1493811178065322f,0.11814155692636931f,-0.9816964165004802f,0.28242763181907965f,0f,0f,0f,1f], start_interpolation: 0, interpolation_duration: 1 }
$data merge entity $(bone_chest2) { transformation: [-0.9823792370871806f,-0.13051604752902587f,0.1337781591942808f,-0.18945229228070393f,-0.11232237614509502f,0.9843821076515026f,0.13555644563319474f,2.4916629130439607f,-0.1493811178065322f,0.11814155692636931f,-0.9816964165004802f,0.26396801354933447f,0f,0f,0f,1f], start_interpolation: 0, interpolation_duration: 1 }
$data merge entity $(bone_chest1lid3) { transformation: [-0.9823792370871806f,-0.13051604752902587f,0.1337781591942808f,-0.06274508915532932f,-0.11232237614509502f,0.9843821076515026f,0.13555644563319474f,2.7393336138573416f,-0.1493811178065322f,0.11814155692636931f,-0.9816964165004802f,-0.33713531513863226f,0f,0f,0f,1f], start_interpolation: 0, interpolation_duration: 1 }
$data merge entity $(bone_chest3) { transformation: [-0.9823792370871806f,-0.13051604752902587f,0.1337781591942808f,-0.04235195672891903f,-0.11232237614509502f,0.9843821076515026f,0.13555644563319474f,2.5855239095367946f,-0.1493811178065322f,0.11814155692636931f,-0.9816964165004802f,-0.35559493340837744f,0f,0f,0f,1f], start_interpolation: 0, interpolation_duration: 1 }
$data merge entity $(bone_hugeasssword2) { transformation: [-0.5239644568442674f,2.491433120705395f,-2.976323240307385f,-1.2376239783982794f,-0.530929412063346f,2.9290856480836207f,2.5453583251429266f,4.449348929539525f,3.8449776312935477f,0.7439731507390005f,-0.05411786774737293f,-0.2770297039728099f,0f,0f,0f,1f], start_interpolation: 0, interpolation_duration: 1 }
$data merge entity $(bone_belt) { transformation: [-0.9823792370871806f,-0.13051604752902587f,0.1337781591942808f,0.15465506352798297f,-0.11232237614509502f,0.9843821076515026f,0.13555644563319474f,3.0033876378019424f,-0.1493811178065322f,0.11814155692636931f,-0.9816964165004802f,0.11624898442133658f,0f,0f,0f,1f], start_interpolation: 0, interpolation_duration: 1 }
$data merge entity $(bone_torn_part) { transformation: [-0.9911561361379708f,-0.08898884386738368f,0.09844033453414698f,0.06048505979494678f,-0.04684680207395566f,0.9287027026036268f,0.3678541386367202f,2.7124867209368437f,-0.12415671923618143f,0.3599892718455178f,-0.924658225088947f,0.0679195837678683f,0f,0f,0f,1f], start_interpolation: 0, interpolation_duration: 1 }
$data merge entity $(bone_lowerbody) { transformation: [-0.9911561361379708f,-0.05526858932425244f,0.12064367712464458f,0.16729875f,-0.04684680207395566f,0.996335382538479f,0.0715624387325256f,2.22050625f,-0.12415671923618143f,0.06527777980300792f,-0.9901130847193658f,0.187405f,0f,0f,0f,1f], start_interpolation: 0, interpolation_duration: 1 }
$data merge entity $(bone_leftfoot) { transformation: [-0.8913688147502811f,-0.32796339809837277f,-0.312892386609913f,1.1509324256940974f,-0.4067000323653693f,0.8834546155118213f,0.23260057180683774f,0.3441496238988768f,0.20014174917964173f,0.33458623976282786f,-0.9208666181357021f,-0.33183335997734664f,0f,0f,0f,1f], start_interpolation: 0, interpolation_duration: 1 }
$data merge entity $(bone_leftlowerleg) { transformation: [-0.8913688147502811f,-0.32796339809837277f,-0.312892386609913f,0.8351725772271368f,-0.4067000323653693f,0.8834546155118213f,0.23260057180683774f,1.2884940277516845f,0.20014174917964173f,0.33458623976282786f,-0.9208666181357021f,0.1808353768446369f,0f,0f,0f,1f], start_interpolation: 0, interpolation_duration: 1 }
$data merge entity $(bone_leftleg) { transformation: [-0.928883976143629f,-0.36393764776898746f,0.06873097845934106f,0.42861835620655153f,-0.3699461049322784f,0.9205876916030283f,-0.1251326556676695f,2.2480765508357923f,-0.01773240843872398f,-0.141660476511214f,-0.9897564705954582f,0.05044612687522187f,0f,0f,0f,1f], start_interpolation: 0, interpolation_duration: 1 }
$data merge entity $(bone_rightfoot) { transformation: [-0.9711016835691313f,0.16751104517439042f,0.1700046173307721f,-0.32294690883051475f,0.20843215078320362f,0.9422379283949833f,0.26219024545893826f,0.24254970696624167f,-0.11626503639997188f,0.2900478168139072f,-0.9499235260126992f,-0.06853650499049607f,0f,0f,0f,1f], start_interpolation: 0, interpolation_duration: 1 }
$data merge entity $(bone_rightlowerleg) { transformation: [-0.9711016835691313f,0.16751104517439042f,0.1700046173307721f,-0.16323480877284768f,0.20843215078320362f,0.9422379283949833f,0.26219024545893826f,1.2475605246469843f,-0.11626503639997188f,0.2900478168139072f,-0.9499235260126992f,0.3991868856438571f,0f,0f,0f,1f], start_interpolation: 0, interpolation_duration: 1 }
$data merge entity $(bone_rightleg) { transformation: [-0.9937201395179831f,0.05510588475111168f,-0.09738390925690739f,-0.07969988825938382f,0.08925783381879598f,0.9152384803702628f,-0.39290146748454413f,2.2084087245403503f,0.06747831813506149f,-0.39912637787463917f,-0.9144095423093167f,-0.007838612960522457f,0f,0f,0f,1f], start_interpolation: 0, interpolation_duration: 1 }
data modify entity @s data merge value {"locators":{"lefthand":{"posx":-0.44954135856466904,"posy":3.1931614539340316,"posz":1.153153489145583,"roty":172.17310278212875,"rotx":-27.05471264966338},"righthand":{"posx":-0.7540059649177795,"posy":4.614209122834943,"posz":1.3842738965954504,"roty":233.21827965729955,"rotx":-23.771529001278605},"chest":{"posx":-0.25329036026963087,"posy":2.5592579667515682,"posz":0.4237656896579275,"roty":7.760035786634262,"rotx":7.790797664668872},"sack":{"posx":0,"posy":-0.4375,"posz":0,"roty":0,"rotx":0}},"cameras":{}}