# This file was generated by Animated Java via MC-Build. It is not recommended to edit this file directly.
$data merge entity $(nose) {transformation: [-1f,-0.0006f,-0.0004f,-0.005f,-0.0006f,0.9992f,0.0395f,4.2058f,0.0004f,0.0395f,-0.9992f,0.136f,0f,0f,0f,1f],start_interpolation: 0,interpolation_duration: 1}
$data merge entity $(glowing_eye) {transformation: [-1f,-0.0006f,-0.0004f,-0.1301f,-0.0006f,0.9992f,0.0395f,4.272f,0.0004f,0.0395f,-0.9992f,0.1736f,0f,0f,0f,1f],start_interpolation: 0,interpolation_duration: 1}
$data merge entity $(head) {transformation: [-1f,-0.0006f,-0.0004f,-0.005f,-0.0006f,0.9992f,0.0395f,4.0898f,0.0004f,0.0395f,-0.9992f,-0.056f,0f,0f,0f,1f],start_interpolation: 0,interpolation_duration: 1}
$data merge entity $(leftthumb2) {transformation: [-0.9986f,-0.0023f,0.0534f,0.9411f,-0.0004f,0.9994f,0.0357f,1.8489f,-0.0534f,0.0356f,-0.9979f,0.0806f,0f,0f,0f,1f],start_interpolation: 0,interpolation_duration: 1}
$data merge entity $(leftthumb) {transformation: [-0.9986f,-0.0023f,0.0534f,0.9451f,-0.0004f,0.9994f,0.0357f,2.0971f,-0.0534f,0.0356f,-0.9979f,0.0041f,0f,0f,0f,1f],start_interpolation: 0,interpolation_duration: 1}
$data merge entity $(leftpointerfinger) {transformation: [-0.9986f,-0.0023f,0.0534f,1.0576f,-0.0004f,0.9994f,0.0357f,1.7709f,-0.0534f,0.0356f,-0.9979f,-0.0486f,0f,0f,0f,1f],start_interpolation: 0,interpolation_duration: 1}
$data merge entity $(leftmidfinger) {transformation: [-0.9986f,-0.0023f,0.0534f,1.0659f,-0.0004f,0.9994f,0.0357f,1.7764f,-0.0534f,0.0356f,-0.9979f,-0.2045f,0f,0f,0f,1f],start_interpolation: 0,interpolation_duration: 1}
$data merge entity $(leftringfinger) {transformation: [-0.9986f,-0.0023f,0.0534f,1.0742f,-0.0004f,0.9994f,0.0357f,1.782f,-0.0534f,0.0356f,-0.9979f,-0.3604f,0f,0f,0f,1f],start_interpolation: 0,interpolation_duration: 1}
$data merge entity $(invisibility) {transformation: [0.0023f,-0.0534f,0.9986f,0.8684f,0.9987f,0.0516f,0.0004f,1.879f,-0.0515f,0.9972f,0.0534f,-0.0235f,0f,0f,0f,1f],start_interpolation: 0,interpolation_duration: 1}
$data merge entity $(swiftness) {transformation: [0.0534f,-0.0023f,0.9986f,0.8267f,0.0357f,0.9994f,0.0004f,1.7503f,-0.9979f,0.0356f,0.0534f,-0.2182f,0f,0f,0f,1f],start_interpolation: 0,interpolation_duration: 1}
$data merge entity $(suspicious_stew) {transformation: [0.0204f,-0.0493f,0.9986f,0.8785f,0.9208f,0.39f,0.0004f,1.8388f,-0.3895f,0.9195f,0.0534f,-0.2123f,0f,0f,0f,1f],start_interpolation: 0,interpolation_duration: 1}
$data merge entity $(log) {transformation: [-0.9986f,-0.0023f,0.0534f,0.7871f,-0.0004f,0.9994f,0.0357f,1.9654f,-0.0534f,0.0356f,-0.9979f,-0.2596f,0f,0f,0f,1f],start_interpolation: 0,interpolation_duration: 1}
$data merge entity $(planks) {transformation: [-0.9986f,-0.0023f,0.0534f,0.6935f,-0.0004f,0.9994f,0.0357f,1.9653f,-0.0534f,0.0356f,-0.9979f,-0.2646f,0f,0f,0f,1f],start_interpolation: 0,interpolation_duration: 1}
$data merge entity $(lefthand1) {transformation: [-0.9986f,-0.0023f,0.0534f,1.0345f,-0.0004f,0.9994f,0.0357f,2.2142f,-0.0534f,0.0356f,-0.9979f,-0.2062f,0f,0f,0f,1f],start_interpolation: 0,interpolation_duration: 1}
$data merge entity $(leftforearm) {transformation: [-0.9986f,-0.0023f,0.0534f,0.9696f,-0.0004f,0.9994f,0.0357f,2.9163f,-0.0534f,0.0356f,-0.9979f,-0.1689f,0f,0f,0f,1f],start_interpolation: 0,interpolation_duration: 1}
$data merge entity $(leftelbow) {transformation: [-0.999f,-0.0057f,0.0436f,0.9685f,0f,0.9916f,0.1291f,3.1022f,-0.044f,0.1289f,-0.9907f,-0.1447f,0f,0f,0f,1f],start_interpolation: 0,interpolation_duration: 1}
$data merge entity $(leftarm) {transformation: [-0.999f,-0.0057f,0.0436f,0.7458f,0f,0.9916f,0.1291f,3.594f,-0.044f,0.1289f,-0.9907f,-0.0589f,0f,0f,0f,1f],start_interpolation: 0,interpolation_duration: 1}
$data merge entity $(rightthumb2) {transformation: [0.6158f,-0.1616f,0.7711f,-0.4816f,0.7566f,0.3942f,-0.5216f,2.7078f,-0.2197f,0.9047f,0.3651f,0.2474f,0f,0f,0f,1f],start_interpolation: 0,interpolation_duration: 1}
$data merge entity $(rightthumb) {transformation: [0.6158f,-0.1616f,0.7711f,-0.4554f,0.7566f,0.3942f,-0.5216f,2.7599f,-0.2197f,0.9047f,0.3651f,0.5005f,0f,0f,0f,1f],start_interpolation: 0,interpolation_duration: 1}
$data merge entity $(rightpointerfinger) {transformation: [0.4092f,-0.7018f,-0.5831f,-0.2652f,-0.1818f,0.5635f,-0.8058f,2.595f,0.8941f,0.4358f,0.103f,0.7422f,0f,0f,0f,1f],start_interpolation: 0,interpolation_duration: 1}
$data merge entity $(rightmidfinger) {transformation: [0.4696f,-0.6629f,-0.5831f,-0.3563f,-0.2309f,0.5453f,-0.8058f,2.4691f,0.8522f,0.513f,0.103f,0.7583f,0f,0f,0f,1f],start_interpolation: 0,interpolation_duration: 1}
$data merge entity $(rightringfinger) {transformation: [0.467f,-0.6648f,-0.5831f,-0.4474f,-0.2287f,0.5462f,-0.8058f,2.3432f,0.8542f,0.5097f,0.103f,0.7744f,0f,0f,0f,1f],start_interpolation: 0,interpolation_duration: 1}
$data merge entity $(hugeasssword) {transformation: [-1.1312f,-2.974f,-2.2838f,-0.4247f,1.2694f,1.9409f,-3.1562f,2.4963f,3.5283f,-1.6518f,0.4034f,0.4317f,0f,0f,0f,1f],start_interpolation: 0,interpolation_duration: 1}
$data merge entity $(whey) {transformation: [0f,0f,0f,-0.2219f,0f,0f,0f,2.5074f,0f,0f,0f,0.302f,0f,0f,0f,1f],start_interpolation: 0,interpolation_duration: 1}
$data merge entity $(ice) {transformation: [-0.0658f,-0.1731f,-0.1329f,-0.4083f,0.0739f,0.113f,-0.1837f,2.4834f,0.2054f,-0.0962f,0.0235f,0.4243f,0f,0f,0f,1f],start_interpolation: 0,interpolation_duration: 1}
$data merge entity $(righthand1) {transformation: [-0.2888f,-0.7593f,-0.5831f,-0.6886f,0.3241f,0.4956f,-0.8058f,2.6632f,0.9009f,-0.4217f,0.103f,0.5473f,0f,0f,0f,1f],start_interpolation: 0,interpolation_duration: 1}
$data merge entity $(rightforearm) {transformation: [-0.2851f,-0.672f,-0.6835f,-1.1325f,0.3344f,0.5986f,-0.7279f,3.0745f,0.8983f,-0.4361f,0.0541f,0.1837f,0f,0f,0f,1f],start_interpolation: 0,interpolation_duration: 1}
$data merge entity $(rightelbow) {transformation: [-0.7741f,0.1523f,-0.6145f,-1.104f,0.424f,0.8455f,-0.3246f,3.2331f,0.4701f,-0.5118f,-0.7191f,0.0877f,0f,0f,0f,1f],start_interpolation: 0,interpolation_duration: 1}
$data merge entity $(rightarm) {transformation: [-0.7741f,0.3301f,-0.5403f,-0.7527f,0.424f,0.904f,-0.0553f,3.594f,0.4701f,-0.2719f,-0.8397f,-0.1248f,0f,0f,0f,1f],start_interpolation: 0,interpolation_duration: 1}
$data merge entity $(chest1) {transformation: [-1.0823f,-0.0061f,0.0472f,-0.0001f,0f,1.0743f,0.1398f,3.4493f,-0.0476f,0.1397f,-1.0732f,-0.2217f,0f,0f,0f,1f],start_interpolation: 0,interpolation_duration: 1}
$data merge entity $(chest1lid) {transformation: [-0.999f,0.0337f,0.0282f,-0.3544f,0f,0.6417f,-0.767f,2.721f,-0.044f,-0.7662f,-0.6411f,0.0629f,0f,0f,0f,1f],start_interpolation: 0,interpolation_duration: 1}
$data merge entity $(chest2) {transformation: [-0.999f,-0.0057f,0.0436f,-0.3535f,0f,0.9916f,0.1291f,2.5661f,-0.044f,0.1289f,-0.9907f,0.0427f,0f,0f,0f,1f],start_interpolation: 0,interpolation_duration: 1}
$data merge entity $(chest1lid3) {transformation: [-0.999f,-0.0057f,0.0436f,-0.264f,0f,0.9916f,0.1291f,2.8037f,-0.044f,0.1289f,-0.9907f,-0.569f,0f,0f,0f,1f],start_interpolation: 0,interpolation_duration: 1}
$data merge entity $(chest3) {transformation: [-0.999f,-0.0057f,0.0436f,-0.2631f,0f,0.9916f,0.1291f,2.6488f,-0.044f,0.1289f,-0.9907f,-0.5892f,0f,0f,0f,1f],start_interpolation: 0,interpolation_duration: 1}
$data merge entity $(hugeasssword2) {transformation: [-0.1707f,2.8699f,-2.6599f,-1.226f,-0.5055f,2.6239f,2.8635f,4.634f,3.8802f,0.4681f,0.256f,-0.3887f,0f,0f,0f,1f],start_interpolation: 0,interpolation_duration: 1}
$data merge entity $(belt) {transformation: [-0.999f,-0.0057f,0.0436f,0.0285f,0f,0.9916f,0.1291f,3.0374f,-0.044f,0.1289f,-0.9907f,-0.1419f,0f,0f,0f,1f],start_interpolation: 0,interpolation_duration: 1}
$data merge entity $(torn_part) {transformation: [-0.999f,-0.0168f,0.0406f,-0.0933f,0f,0.9244f,0.3813f,2.758f,-0.044f,0.3809f,-0.9236f,-0.1828f,0f,0f,0f,1f],start_interpolation: 0,interpolation_duration: 1}
$data merge entity $(lowerbody) {transformation: [-0.999f,-0.0038f,0.0438f,-0.0001f,0f,0.9963f,0.0857f,2.2595f,-0.044f,0.0856f,-0.9954f,-0.0804f,0f,0f,0f,1f],start_interpolation: 0,interpolation_duration: 1}
$data merge entity $(leftfoot) {transformation: [-0.9989f,-0.044f,-0.0169f,0.3808f,-0.0456f,0.9925f,0.113f,0.1717f,0.0118f,0.1137f,-0.9934f,-0.243f,0f,0f,0f,1f],start_interpolation: 0,interpolation_duration: 1}
$data merge entity $(leftlowerleg) {transformation: [-0.9989f,-0.044f,-0.0169f,0.3346f,-0.0456f,0.9925f,0.113f,1.2554f,0.0118f,0.1137f,-0.9934f,0.0357f,0f,0f,0f,1f],start_interpolation: 0,interpolation_duration: 1}
$data merge entity $(leftleg) {transformation: [-0.9989f,-0.0471f,0.0017f,0.2533f,-0.0456f,0.9575f,-0.2848f,2.2788f,0.0118f,-0.2846f,-0.9586f,-0.2413f,0f,0f,0f,1f],start_interpolation: 0,interpolation_duration: 1}
$data merge entity $(rightfoot) {transformation: [-0.9969f,0.0341f,0.0715f,-0.3592f,0.0365f,0.9988f,0.033f,0.1441f,-0.0703f,0.0355f,-0.9969f,-0.2137f,0f,0f,0f,1f],start_interpolation: 0,interpolation_duration: 1}
$data merge entity $(rightlowerleg) {transformation: [-0.9969f,0.0341f,0.0715f,-0.3324f,0.0365f,0.9988f,0.033f,1.247f,-0.0703f,0.0355f,-0.9969f,-0.0212f,0f,0f,0f,1f],start_interpolation: 0,interpolation_duration: 1}
$data merge entity $(rightleg) {transformation: [-0.9969f,0.0533f,0.0586f,-0.2462f,0.0365f,0.9659f,-0.2565f,2.2788f,-0.0703f,-0.2536f,-0.9648f,-0.2633f,0f,0f,0f,1f],start_interpolation: 0,interpolation_duration: 1}
$execute on vehicle unless entity @s[tag=aj.transforms_only] as $(righthand) positioned ^-0.4144068229 ^2.518680603 ^0.5136971109 rotated ~259.9838628833 ~-53.6915341285 run function animated_java:wander/animations/gunpowder_throw/zzz/frames/1_locator_righthand
data modify entity @s data merge value {"cameras":{},"locators":{"soup":{"px":0.8388259590276557,"py":1.9058344982598665,"pz":-0.05590019637482424,"ry":93.06123195146291,"rx":0.024952862376692274},"lefthand":{"px":0.8800699267919967,"py":1.8867733972438983,"pz":-0.24178450735710383,"ry":3.0603412703131028,"rx":2.0442789254862577},"sword":{"px":1.7358019063137156,"py":5.490218549927507,"pz":0.13393284069057498,"ry":259.98386288328,"rx":-53.69153412850482},"righthand":{"px":-0.41440682288623243,"py":2.5186806030116125,"pz":0.5136971108783046,"ry":259.98386288328,"rx":-53.69153412850482},"chest":{"px":-0.3920376256204225,"py":2.6388736088249014,"pz":0.2082210729938163,"ry":2.51953125,"rx":7.415542034894314}}}