# This file was generated by Animated Java via MC-Build. It is not recommended to edit this file directly.
$data merge entity $(nose) {transformation: [-0.9718f,0.0168f,0.2353f,-0.0241f,0.0736f,0.9693f,0.2347f,4.0287f,-0.2242f,0.2454f,-0.9432f,3.4529f,0f,0f,0f,1f],start_interpolation: 0,interpolation_duration: 1}
$data merge entity $(glowing_eye) {transformation: [-0.9718f,0.0168f,0.2353f,-0.1526f,0.0736f,0.9693f,0.2347f,4.0953f,-0.2242f,0.2454f,-0.9432f,3.4745f,0f,0f,0f,1f],start_interpolation: 0,interpolation_duration: 1}
$data merge entity $(head) {transformation: [-0.9718f,0.0168f,0.2353f,0.0179f,0.0736f,0.9693f,0.2347f,3.953f,-0.2242f,0.2454f,-0.9432f,3.246f,0f,0f,0f,1f],start_interpolation: 0,interpolation_duration: 1}
$data merge entity $(leftthumb2) {transformation: [-0.5705f,-0.1494f,0.8076f,1.0038f,0.041f,0.9769f,0.2097f,1.8818f,-0.8203f,0.1528f,-0.5512f,2.5794f,0f,0f,0f,1f],start_interpolation: 0,interpolation_duration: 1}
$data merge entity $(leftthumb) {transformation: [-0.5705f,-0.1494f,0.8076f,1.0362f,0.041f,0.9769f,0.2097f,2.1393f,-0.8203f,0.1528f,-0.5512f,2.5698f,0f,0f,0f,1f],start_interpolation: 0,interpolation_duration: 1}
$data merge entity $(leftpointerfinger) {transformation: [-0.5705f,-0.1494f,0.8076f,1.1855f,0.041f,0.9769f,0.2097f,1.8241f,-0.8203f,0.1528f,-0.5512f,2.5835f,0f,0f,0f,1f],start_interpolation: 0,interpolation_duration: 1}
$data merge entity $(leftmidfinger) {transformation: [-0.5705f,-0.1494f,0.8076f,1.3117f,0.041f,0.9769f,0.2097f,1.8568f,-0.8203f,0.1528f,-0.5512f,2.4974f,0f,0f,0f,1f],start_interpolation: 0,interpolation_duration: 1}
$data merge entity $(leftringfinger) {transformation: [-0.5705f,-0.1494f,0.8076f,1.4379f,0.041f,0.9769f,0.2097f,1.8896f,-0.8203f,0.1528f,-0.5512f,2.4113f,0f,0f,0f,1f],start_interpolation: 0,interpolation_duration: 1}
$data merge entity $(invisibility) {transformation: [-0.0785f,-0.8176f,0.5705f,1.0369f,0.9915f,-0.1238f,-0.041f,1.932f,0.1041f,0.5624f,0.8203f,2.4637f,0f,0f,0f,1f],start_interpolation: 0,interpolation_duration: 1}
$data merge entity $(swiftness) {transformation: [0.8076f,-0.1494f,0.5705f,1.1789f,0.2097f,0.9769f,-0.041f,1.8412f,-0.5512f,0.1528f,0.8203f,2.2969f,0f,0f,0f,1f],start_interpolation: 0,interpolation_duration: 1}
$data merge entity $(suspicious_stew) {transformation: [0.2059f,-0.7951f,0.5705f,1.1954f,0.974f,0.2228f,-0.041f,1.9256f,-0.0945f,0.5641f,0.8203f,2.3532f,0f,0f,0f,1f],start_interpolation: 0,interpolation_duration: 1}
$data merge entity $(log) {transformation: [-0.5705f,-0.1494f,0.8076f,1.1611f,0.041f,0.9769f,0.2097f,2.0614f,-0.8203f,0.1528f,-0.5512f,2.2695f,0f,0f,0f,1f],start_interpolation: 0,interpolation_duration: 1}
$data merge entity $(planks) {transformation: [-0.5705f,-0.1494f,0.8076f,1.1076f,0.041f,0.9769f,0.2097f,2.0652f,-0.8203f,0.1528f,-0.5512f,2.1926f,0f,0f,0f,1f],start_interpolation: 0,interpolation_duration: 1}
$data merge entity $(lefthand1) {transformation: [-0.5705f,-0.1494f,0.8076f,1.2411f,0.041f,0.9769f,0.2097f,2.2888f,-0.8203f,0.1528f,-0.5512f,2.53f,0f,0f,0f,1f],start_interpolation: 0,interpolation_duration: 1}
$data merge entity $(leftforearm) {transformation: [-0.9856f,-0.1494f,0.0786f,1.0732f,-0.1349f,0.9769f,0.1658f,2.9646f,-0.1016f,0.1528f,-0.983f,2.6464f,0f,0f,0f,1f],start_interpolation: 0,interpolation_duration: 1}
$data merge entity $(leftelbow) {transformation: [-0.9837f,-0.1441f,-0.1077f,1.0462f,-0.1779f,0.8672f,0.465f,3.1273f,0.0264f,0.4766f,-0.8787f,2.7358f,0f,0f,0f,1f],start_interpolation: 0,interpolation_duration: 1}
$data merge entity $(leftarm) {transformation: [-0.9837f,-0.1441f,-0.1077f,0.7623f,-0.1779f,0.8672f,0.465f,3.5074f,0.0264f,0.4766f,-0.8787f,3.0073f,0f,0f,0f,1f],start_interpolation: 0,interpolation_duration: 1}
$data merge entity $(rightthumb2) {transformation: [-0.8345f,-0.5196f,-0.1832f,-0.4471f,-0.4875f,0.8514f,-0.1936f,1.9079f,0.2566f,-0.0722f,-0.9638f,3.3109f,0f,0f,0f,1f],start_interpolation: 0,interpolation_duration: 1}
$data merge entity $(rightthumb) {transformation: [-0.8345f,-0.5196f,-0.1832f,-0.5902f,-0.4875f,0.8514f,-0.1936f,2.1001f,0.2566f,-0.0722f,-0.9638f,3.2108f,0f,0f,0f,1f],start_interpolation: 0,interpolation_duration: 1}
$data merge entity $(rightpointerfinger) {transformation: [-0.8345f,-0.5196f,-0.1832f,-0.5196f,-0.4875f,0.8514f,-0.1936f,1.7583f,0.2566f,-0.0722f,-0.9638f,3.2174f,0f,0f,0f,1f],start_interpolation: 0,interpolation_duration: 1}
$data merge entity $(rightmidfinger) {transformation: [-0.8345f,-0.5196f,-0.1832f,-0.5482f,-0.4875f,0.8514f,-0.1936f,1.7281f,0.2566f,-0.0722f,-0.9638f,3.0668f,0f,0f,0f,1f],start_interpolation: 0,interpolation_duration: 1}
$data merge entity $(rightringfinger) {transformation: [-0.8345f,-0.5196f,-0.1832f,-0.5768f,-0.4875f,0.8514f,-0.1936f,1.6978f,0.2566f,-0.0722f,-0.9638f,2.9162f,0f,0f,0f,1f],start_interpolation: 0,interpolation_duration: 1}
$data merge entity $(hugeasssword) {transformation: [-3.2686f,-2.035f,-0.7177f,-0.4292f,-1.9095f,3.3345f,-0.7583f,2.0336f,1.005f,-0.2829f,-3.7749f,2.999f,0f,0f,0f,1f],start_interpolation: 0,interpolation_duration: 1}
$data merge entity $(whey) {transformation: [0f,0f,0f,-0.2113f,0f,0f,0f,2.0648f,0f,0f,0f,3.0973f,0f,0f,0f,1f],start_interpolation: 0,interpolation_duration: 1}
$data merge entity $(ice) {transformation: [-1.2518f,-0.7794f,-0.2749f,-0.408f,-0.7313f,1.277f,-0.2904f,2.0279f,0.3849f,-0.1084f,-1.4457f,2.9962f,0f,0f,0f,1f],start_interpolation: 0,interpolation_duration: 1}
$data merge entity $(righthand1) {transformation: [-0.8345f,-0.5196f,-0.1832f,-0.7523f,-0.4875f,0.8514f,-0.1936f,2.1128f,0.2566f,-0.0722f,-0.9638f,3.0121f,0f,0f,0f,1f],start_interpolation: 0,interpolation_duration: 1}
$data merge entity $(rightforearm) {transformation: [-0.541f,-0.2458f,-0.8043f,-0.8788f,-0.2362f,0.9622f,-0.1353f,2.8062f,0.8072f,0.1168f,-0.5786f,3.0528f,0f,0f,0f,1f],start_interpolation: 0,interpolation_duration: 1}
$data merge entity $(rightelbow) {transformation: [-0.4835f,-0.1637f,-0.8599f,-0.9095f,-0.2067f,0.9759f,-0.0696f,2.9892f,0.8506f,0.144f,-0.5057f,3.0799f,0f,0f,0f,1f],start_interpolation: 0,interpolation_duration: 1}
$data merge entity $(rightarm) {transformation: [-0.4835f,0.1024f,-0.8693f,-0.7253f,-0.2067f,0.9517f,0.2271f,3.5032f,0.8506f,0.2894f,-0.439f,3.0522f,0f,0f,0f,1f],start_interpolation: 0,interpolation_duration: 1}
$data merge entity $(chest1) {transformation: [-1.0828f,0.0132f,-0.0301f,0.0053f,-0.0031f,0.9471f,0.526f,3.4186f,0.0327f,0.5258f,-0.9466f,2.856f,0f,0f,0f,1f],start_interpolation: 0,interpolation_duration: 1}
$data merge entity $(chest1lid) {transformation: [-0.9995f,0.0122f,-0.0278f,-0.3334f,-0.0029f,0.8742f,0.4855f,2.6301f,0.0302f,0.4854f,-0.8738f,2.8765f,0f,0f,0f,1f],start_interpolation: 0,interpolation_duration: 1}
$data merge entity $(chest2) {transformation: [-0.9995f,0.0122f,-0.0278f,-0.3353f,-0.0029f,0.8742f,0.4855f,2.4935f,0.0302f,0.4854f,-0.8738f,2.8007f,0f,0f,0f,1f],start_interpolation: 0,interpolation_duration: 1}
$data merge entity $(chest1lid3) {transformation: [-0.9995f,0.0122f,-0.0278f,-0.2887f,-0.0029f,0.8742f,0.4855f,2.9413f,0.0302f,0.4854f,-0.8738f,2.3149f,0f,0f,0f,1f],start_interpolation: 0,interpolation_duration: 1}
$data merge entity $(chest3) {transformation: [-0.9995f,0.0122f,-0.0278f,-0.2906f,-0.0029f,0.8742f,0.4855f,2.8047f,0.0302f,0.4854f,-0.8738f,2.2391f,0f,0f,0f,1f],start_interpolation: 0,interpolation_duration: 1}
$data merge entity $(hugeasssword2) {transformation: [0.1087f,2.9185f,-2.6098f,-1.2194f,-1.9016f,2.3215f,2.5169f,4.5581f,3.4223f,1.1972f,1.4814f,3.2249f,0f,0f,0f,1f],start_interpolation: 0,interpolation_duration: 1}
$data merge entity $(belt) {transformation: [-0.9995f,0.0122f,-0.0278f,0.0362f,-0.0029f,0.8742f,0.4855f,3.0069f,0.0302f,0.4854f,-0.8738f,2.7761f,0f,0f,0f,1f],start_interpolation: 0,interpolation_duration: 1}
$data merge entity $(torn_part) {transformation: [-0.9995f,0.0189f,-0.0237f,-0.0906f,-0.0029f,0.7199f,0.6941f,2.76f,0.0302f,0.6939f,-0.7195f,2.6442f,0f,0f,0f,1f],start_interpolation: 0,interpolation_duration: 1}
$data merge entity $(lowerbody) {transformation: [-0.9995f,0.0109f,-0.0283f,0.0056f,-0.0029f,0.8953f,0.4455f,2.2605f,0.0302f,0.4454f,-0.8948f,2.5496f,0f,0f,0f,1f],start_interpolation: 0,interpolation_duration: 1}
$data merge entity $(leftfoot) {transformation: [-0.991f,0.1148f,0.0684f,0.0356f,0.0951f,0.9654f,-0.2429f,0.1879f,-0.0939f,-0.2343f,-0.9676f,2.8497f,0f,0f,0f,1f],start_interpolation: 0,interpolation_duration: 1}
$data merge entity $(leftlowerleg) {transformation: [-0.991f,0.1148f,0.0684f,0.1524f,0.0951f,0.9654f,-0.2429f,1.2962f,-0.0939f,-0.2343f,-0.9676f,2.7385f,0f,0f,0f,1f],start_interpolation: 0,interpolation_duration: 1}
$data merge entity $(leftleg) {transformation: [-0.991f,0.1228f,0.0527f,0.2506f,0.0951f,0.925f,-0.3678f,2.2916f,-0.0939f,-0.3595f,-0.9284f,2.3777f,0f,0f,0f,1f],start_interpolation: 0,interpolation_duration: 1}
$data merge entity $(rightfoot) {transformation: [-0.9766f,0.1162f,0.1809f,-0.5705f,0.2057f,0.75f,0.6287f,0.6386f,-0.0626f,0.6512f,-0.7563f,1.0525f,0f,0f,0f,1f],start_interpolation: 0,interpolation_duration: 1}
$data merge entity $(rightlowerleg) {transformation: [-0.9766f,0.1162f,0.1809f,-0.4694f,0.2057f,0.75f,0.6287f,1.374f,-0.0626f,0.6512f,-0.7563f,1.8911f,0f,0f,0f,1f],start_interpolation: 0,interpolation_duration: 1}
$data merge entity $(rightleg) {transformation: [-0.9567f,0.1844f,0.2252f,-0.2494f,0.2625f,0.881f,0.3937f,2.2916f,-0.1258f,0.4357f,-0.8912f,2.3812f,0f,0f,0f,1f],start_interpolation: 0,interpolation_duration: 1}
data modify entity @s data merge value {"cameras":{},"locators":{"soup":{"px":1.0408903182743319,"py":1.9651481643076858,"pz":2.424477873474921,"ry":145.1835404225648,"rx":-2.3502004992109597},"lefthand":{"px":1.2136077793110154,"py":1.9779250834280315,"pz":2.343097307557267,"ry":55.6879718261423,"rx":12.107053261942708},"sword":{"px":0.20042155424961305,"py":2.685822425746665,"pz":6.590470989336916,"ry":349.2350331142468,"rx":-11.163574762975506},"righthand":{"px":-0.47529985955239185,"py":1.9718830459414076,"pz":3.0364103000840306,"ry":349.2350331142468,"rx":-11.163574762975506},"chest":{"px":-0.36102976471315307,"py":2.4995339238114638,"pz":2.9836791966828953,"ry":358.1807828245488,"rx":29.046563142175504}}}