# This file was generated by Animated Java via MC-Build. It is not recommended to edit this file directly.
$data merge entity $(nose) {transformation: [-0.9861f,-0.0584f,-0.1555f,-0.0168f,-0.0368f,0.9897f,-0.1381f,4.186f,0.162f,-0.1304f,-0.9781f,2.5776f,0f,0f,0f,1f],start_interpolation: 0,interpolation_duration: 1}
$data merge entity $(glowing_eye) {transformation: [-0.9861f,-0.0584f,-0.1555f,-0.1386f,-0.0368f,0.9897f,-0.1381f,4.2532f,0.162f,-0.1304f,-0.9781f,2.6232f,0f,0f,0f,1f],start_interpolation: 0,interpolation_duration: 1}
$data merge entity $(head) {transformation: [-0.9861f,-0.0584f,-0.1555f,-0.0388f,-0.0368f,0.9897f,-0.1381f,4.0379f,0.162f,-0.1304f,-0.9781f,2.4106f,0f,0f,0f,1f],start_interpolation: 0,interpolation_duration: 1}
$data merge entity $(leftthumb2) {transformation: [-0.8355f,-0.3612f,0.414f,1.3461f,-0.5227f,0.7547f,-0.3965f,2.2866f,-0.1692f,-0.5477f,-0.8194f,3.112f,0f,0f,0f,1f],start_interpolation: 0,interpolation_duration: 1}
$data merge entity $(leftthumb) {transformation: [-0.8355f,-0.3612f,0.414f,1.2929f,-0.5227f,0.7547f,-0.3965f,2.4378f,-0.1692f,-0.5477f,-0.8194f,2.9077f,0f,0f,0f,1f],start_interpolation: 0,interpolation_duration: 1}
$data merge entity $(leftpointerfinger) {transformation: [-0.8355f,-0.3612f,0.414f,1.5222f,-0.5227f,0.7547f,-0.3965f,2.2288f,-0.1692f,-0.5477f,-0.8194f,3.0675f,0f,0f,0f,1f],start_interpolation: 0,interpolation_duration: 1}
$data merge entity $(leftmidfinger) {transformation: [-0.8355f,-0.3612f,0.414f,1.5869f,-0.5227f,0.7547f,-0.3965f,2.1669f,-0.1692f,-0.5477f,-0.8194f,2.9395f,0f,0f,0f,1f],start_interpolation: 0,interpolation_duration: 1}
$data merge entity $(leftringfinger) {transformation: [-0.8355f,-0.3612f,0.414f,1.6516f,-0.5227f,0.7547f,-0.3965f,2.1049f,-0.1692f,-0.5477f,-0.8194f,2.8114f,0f,0f,0f,1f],start_interpolation: 0,interpolation_duration: 1}
$data merge entity $(invisibility) {transformation: [-0.3238f,-0.4439f,0.8355f,1.3131f,0.7173f,0.4607f,0.5227f,2.2257f,-0.617f,0.7685f,0.1692f,3.0015f,0f,0f,0f,1f],start_interpolation: 0,interpolation_duration: 1}
$data merge entity $(swiftness) {transformation: [0.414f,-0.3612f,0.8355f,1.3961f,-0.3965f,0.7547f,0.5227f,2.022f,-0.8194f,-0.5477f,0.1692f,2.9132f,0f,0f,0f,1f],start_interpolation: 0,interpolation_duration: 1}
$data merge entity $(suspicious_stew) {transformation: [-0.1524f,-0.5279f,0.8355f,1.4076f,0.5164f,0.6783f,0.5227f,2.116f,-0.8427f,0.5112f,0.1692f,2.8735f,0f,0f,0f,1f],start_interpolation: 0,interpolation_duration: 1}
$data merge entity $(log) {transformation: [-0.8355f,-0.3612f,0.414f,1.3035f,-0.5227f,0.7547f,-0.3965f,2.1428f,-0.1692f,-0.5477f,-0.8194f,2.7508f,0f,0f,0f,1f],start_interpolation: 0,interpolation_duration: 1}
$data merge entity $(planks) {transformation: [-0.8355f,-0.3612f,0.414f,1.2252f,-0.5227f,0.7547f,-0.3965f,2.0938f,-0.1692f,-0.5477f,-0.8194f,2.7349f,0f,0f,0f,1f],start_interpolation: 0,interpolation_duration: 1}
$data merge entity $(lefthand1) {transformation: [-0.8355f,-0.3612f,0.414f,1.4092f,-0.5227f,0.7547f,-0.3965f,2.4745f,-0.1692f,-0.5477f,-0.8194f,2.6818f,0f,0f,0f,1f],start_interpolation: 0,interpolation_duration: 1}
$data merge entity $(leftforearm) {transformation: [-0.9316f,-0.3612f,-0.0399f,1.0976f,-0.2669f,0.7547f,-0.5993f,2.9978f,0.2466f,-0.5477f,-0.7995f,2.3246f,0f,0f,0f,1f],start_interpolation: 0,interpolation_duration: 1}
$data merge entity $(leftelbow) {transformation: [-0.9179f,-0.3267f,-0.2251f,1.0363f,-0.1868f,0.8564f,-0.4814f,3.1584f,0.3501f,-0.3999f,-0.8471f,2.2496f,0f,0f,0f,1f],start_interpolation: 0,interpolation_duration: 1}
$data merge entity $(leftarm) {transformation: [-0.9179f,-0.3267f,-0.2251f,0.6792f,-0.1868f,0.8564f,-0.4814f,3.5608f,0.3501f,-0.3999f,-0.8471f,2.1527f,0f,0f,0f,1f],start_interpolation: 0,interpolation_duration: 1}
$data merge entity $(rightthumb2) {transformation: [-0.9286f,-0.3436f,0.1405f,-0.7505f,-0.3662f,0.7859f,-0.4982f,2.091f,0.0608f,-0.5141f,-0.8556f,3.4149f,0f,0f,0f,1f],start_interpolation: 0,interpolation_duration: 1}
$data merge entity $(rightthumb) {transformation: [-0.9286f,-0.3436f,0.1405f,-0.8228f,-0.3662f,0.7859f,-0.4982f,2.2412f,0.0608f,-0.5141f,-0.8556f,3.2157f,0f,0f,0f,1f],start_interpolation: 0,interpolation_duration: 1}
$data merge entity $(rightpointerfinger) {transformation: [-0.9286f,-0.3436f,0.1405f,-0.805f,-0.3662f,0.7859f,-0.4982f,1.9199f,0.0608f,-0.5141f,-0.8556f,3.3509f,0f,0f,0f,1f],start_interpolation: 0,interpolation_duration: 1}
$data merge entity $(rightmidfinger) {transformation: [-0.9286f,-0.3436f,0.1405f,-0.783f,-0.3662f,0.7859f,-0.4982f,1.8421f,0.0608f,-0.5141f,-0.8556f,3.2173f,0f,0f,0f,1f],start_interpolation: 0,interpolation_duration: 1}
$data merge entity $(rightringfinger) {transformation: [-0.9286f,-0.3436f,0.1405f,-0.7611f,-0.3662f,0.7859f,-0.4982f,1.7642f,0.0608f,-0.5141f,-0.8556f,3.0836f,0f,0f,0f,1f],start_interpolation: 0,interpolation_duration: 1}
$data merge entity $(hugeasssword) {transformation: [-3.6369f,-1.3456f,0.5502f,-0.6084f,-1.4342f,3.0782f,-1.9514f,2.1067f,0.238f,-2.0135f,-3.3511f,3.1101f,0f,0f,0f,1f],start_interpolation: 0,interpolation_duration: 1}
$data merge entity $(whey) {transformation: [0f,0f,0f,-0.4363f,0f,0f,0f,2.1661f,0f,0f,0f,3.2681f,0f,0f,0f,1f],start_interpolation: 0,interpolation_duration: 1}
$data merge entity $(ice) {transformation: [-1.3928f,-0.5154f,0.2107f,-0.5885f,-0.5493f,1.1789f,-0.7473f,2.1002f,0.0911f,-0.7711f,-1.2834f,3.1171f,0f,0f,0f,1f],start_interpolation: 0,interpolation_duration: 1}
$data merge entity $(righthand1) {transformation: [-0.9286f,-0.3436f,0.1405f,-0.9021f,-0.3662f,0.7859f,-0.4982f,2.1896f,0.0608f,-0.5141f,-0.8556f,2.9771f,0f,0f,0f,1f],start_interpolation: 0,interpolation_duration: 1}
$data merge entity $(rightforearm) {transformation: [-0.8191f,-0.1423f,-0.5558f,-0.9423f,0.0455f,0.9496f,-0.3101f,2.8592f,0.5719f,-0.2793f,-0.7713f,2.757f,0f,0f,0f,1f],start_interpolation: 0,interpolation_duration: 1}
$data merge entity $(rightelbow) {transformation: [-0.807f,-0.1191f,-0.5784f,-0.9646f,0.0614f,0.9572f,-0.2827f,3.0387f,0.5873f,-0.2637f,-0.7652f,2.7076f,0f,0f,0f,1f],start_interpolation: 0,interpolation_duration: 1}
$data merge entity $(rightarm) {transformation: [-0.807f,0.0604f,-0.5874f,-0.7395f,0.0614f,0.9979f,0.0182f,3.5237f,0.5873f,-0.0214f,-0.8091f,2.5936f,0f,0f,0f,1f],start_interpolation: 0,interpolation_duration: 1}
$data merge entity $(chest1) {transformation: [-1.0342f,0.0141f,-0.3222f,-0.0738f,-0.027f,1.0747f,0.1338f,3.3966f,0.3214f,0.1358f,-1.0256f,2.2516f,0f,0f,0f,1f],start_interpolation: 0,interpolation_duration: 1}
$data merge entity $(chest1lid) {transformation: [-0.9547f,0.013f,-0.2974f,-0.2923f,-0.0249f,0.992f,0.1235f,2.6617f,0.2967f,0.1253f,-0.9467f,2.6377f,0f,0f,0f,1f],start_interpolation: 0,interpolation_duration: 1}
$data merge entity $(chest2) {transformation: [-0.9547f,0.013f,-0.2974f,-0.2943f,-0.0249f,0.992f,0.1235f,2.5067f,0.2967f,0.1253f,-0.9467f,2.6182f,0f,0f,0f,1f],start_interpolation: 0,interpolation_duration: 1}
$data merge entity $(chest1lid3) {transformation: [-0.9547f,0.013f,-0.2974f,-0.4232f,-0.0249f,0.992f,0.1235f,2.7424f,0.2967f,0.1253f,-0.9467f,2.0127f,0f,0f,0f,1f],start_interpolation: 0,interpolation_duration: 1}
$data merge entity $(chest3) {transformation: [-0.9547f,0.013f,-0.2974f,-0.4252f,-0.0249f,0.992f,0.1235f,2.5874f,0.2967f,0.1253f,-0.9467f,1.9931f,0f,0f,0f,1f],start_interpolation: 0,interpolation_duration: 1}
$data merge entity $(hugeasssword2) {transformation: [1.165f,2.7912f,-2.4884f,-1.3137f,-0.4838f,2.697f,2.7986f,4.5496f,3.708f,-0.5251f,1.1469f,2.5118f,0f,0f,0f,1f],start_interpolation: 0,interpolation_duration: 1}
$data merge entity $(belt) {transformation: [-0.9547f,0.013f,-0.2974f,-0.0095f,-0.0249f,0.992f,0.1235f,2.986f,0.2967f,0.1253f,-0.9467f,2.3161f,0f,0f,0f,1f],start_interpolation: 0,interpolation_duration: 1}
$data merge entity $(torn_part) {transformation: [-0.9547f,0.0924f,-0.283f,-0.1312f,-0.0249f,0.9225f,0.3852f,2.7029f,0.2967f,0.3748f,-0.8784f,2.3169f,0f,0f,0f,1f],start_interpolation: 0,interpolation_duration: 1}
$data merge entity $(lowerbody) {transformation: [-0.9547f,0.003f,-0.2977f,0.0024f,-0.0249f,0.9956f,0.09f,2.2065f,0.2967f,0.0933f,-0.9504f,2.376f,0f,0f,0f,1f],start_interpolation: 0,interpolation_duration: 1}
$data merge entity $(leftfoot) {transformation: [-0.9881f,0.1257f,0.0887f,0.0139f,0.0871f,0.9323f,-0.351f,0.1881f,-0.1268f,-0.3391f,-0.9322f,2.9092f,0f,0f,0f,1f],start_interpolation: 0,interpolation_duration: 1}
$data merge entity $(leftlowerleg) {transformation: [-0.9881f,0.1257f,0.0887f,0.1398f,0.0871f,0.9323f,-0.351f,1.2763f,-0.1268f,-0.3391f,-0.9322f,2.6763f,0f,0f,0f,1f],start_interpolation: 0,interpolation_duration: 1}
$data merge entity $(leftleg) {transformation: [-0.9881f,0.1362f,0.0715f,0.2518f,0.0871f,0.8785f,-0.4697f,2.2247f,-0.1268f,-0.4578f,-0.8799f,2.2088f,0f,0f,0f,1f],start_interpolation: 0,interpolation_duration: 1}
$data merge entity $(rightfoot) {transformation: [-0.9851f,-0.0138f,0.1715f,-0.3342f,0.0918f,0.8007f,0.5921f,0.3876f,-0.1455f,0.599f,-0.7874f,1.2322f,0f,0f,0f,1f],start_interpolation: 0,interpolation_duration: 1}
$data merge entity $(rightlowerleg) {transformation: [-0.9851f,-0.0138f,0.1715f,-0.3759f,0.0918f,0.8007f,0.5921f,1.1848f,-0.1455f,0.599f,-0.7874f,2.0177f,0f,0f,0f,1f],start_interpolation: 0,interpolation_duration: 1}
$data merge entity $(rightleg) {transformation: [-0.9665f,0.0977f,0.2375f,-0.2481f,0.1276f,0.9852f,0.1141f,2.2247f,-0.2228f,0.1405f,-0.9647f,2.1991f,0f,0f,0f,1f],start_interpolation: 0,interpolation_duration: 1}
data modify entity @s data merge value {"cameras":{},"locators":{"soup":{"px":1.2907858919929016,"py":2.21625382007437,"pz":2.956081102653579,"ry":101.44969220559713,"rx":31.515163697674907},"lefthand":{"px":1.4036297726153266,"py":2.138995763117162,"pz":2.8222348522036222,"ry":26.805399393402723,"rx":-23.35832064262219},"sword":{"px":-1.1904258994767771,"py":3.898564750423306,"pz":6.299234089100397,"ry":9.324668712561788,"rx":-29.88259387704136},"righthand":{"px":-0.6723812614101674,"py":2.0613624281260843,"pz":3.1442422301701507,"ry":9.324668712561788,"rx":-29.88259387704136},"chest":{"px":-0.27644926547807513,"py":2.5796375475565974,"pz":2.78711168139771,"ry":342.55829985407695,"rx":7.094917633938777}}}