# This file was generated by Animated Java via MC-Build. It is not recommended to edit this file directly.
$data merge entity $(nose) {transformation: [-0.9961f,0.0001f,-0.0878f,0.0408f,-0.0124f,0.9898f,0.142f,3.7852f,0.0869f,0.1425f,-0.986f,2.7486f,0f,0f,0f,1f],start_interpolation: 0,interpolation_duration: 1}
$data merge entity $(glowing_eye) {transformation: [-0.9961f,0.0001f,-0.0878f,-0.0806f,-0.0124f,0.9898f,0.142f,3.8457f,0.0869f,0.1425f,-0.986f,2.8035f,0f,0f,0f,1f],start_interpolation: 0,interpolation_duration: 1}
$data merge entity $(head) {transformation: [-0.9961f,0.0001f,-0.0878f,0.0244f,-0.0124f,0.9898f,0.142f,3.6896f,0.0869f,0.1425f,-0.986f,2.5464f,0f,0f,0f,1f],start_interpolation: 0,interpolation_duration: 1}
$data merge entity $(leftthumb2) {transformation: [-0.9412f,-0.1754f,0.2889f,1.175f,-0.2784f,0.887f,-0.3684f,1.7527f,-0.1916f,-0.4271f,-0.8836f,3.0105f,0f,0f,0f,1f],start_interpolation: 0,interpolation_duration: 1}
$data merge entity $(leftthumb) {transformation: [-0.9412f,-0.1754f,0.2889f,1.1566f,-0.2784f,0.887f,-0.3684f,1.9388f,-0.1916f,-0.4271f,-0.8836f,2.8302f,0f,0f,0f,1f],start_interpolation: 0,interpolation_duration: 1}
$data merge entity $(leftpointerfinger) {transformation: [-0.9412f,-0.1754f,0.2889f,1.3307f,-0.2784f,0.887f,-0.3684f,1.6609f,-0.1916f,-0.4271f,-0.8836f,2.9499f,0f,0f,0f,1f],start_interpolation: 0,interpolation_duration: 1}
$data merge entity $(leftmidfinger) {transformation: [-0.9412f,-0.1754f,0.2889f,1.3758f,-0.2784f,0.887f,-0.3684f,1.6033f,-0.1916f,-0.4271f,-0.8836f,2.8118f,0f,0f,0f,1f],start_interpolation: 0,interpolation_duration: 1}
$data merge entity $(leftringfinger) {transformation: [-0.9412f,-0.1754f,0.2889f,1.4209f,-0.2784f,0.887f,-0.3684f,1.5458f,-0.1916f,-0.4271f,-0.8836f,2.6738f,0f,0f,0f,1f],start_interpolation: 0,interpolation_duration: 1}
$data merge entity $(invisibility) {transformation: [-0.1496f,-0.3031f,0.9412f,1.126f,0.8515f,0.4443f,0.2784f,1.7172f,-0.5025f,0.8431f,0.1916f,2.8949f,0f,0f,0f,1f],start_interpolation: 0,interpolation_duration: 1}
$data merge entity $(swiftness) {transformation: [0.2889f,-0.1754f,0.9412f,1.1549f,-0.3684f,0.887f,0.2784f,1.5135f,-0.8836f,-0.4271f,0.1916f,2.7771f,0f,0f,0f,1f],start_interpolation: 0,interpolation_duration: 1}
$data merge entity $(suspicious_stew) {transformation: [-0.0369f,-0.336f,0.9412f,1.1884f,0.6482f,0.7087f,0.2784f,1.6066f,-0.7606f,0.6203f,0.1916f,2.7492f,0f,0f,0f,1f],start_interpolation: 0,interpolation_duration: 1}
$data merge entity $(log) {transformation: [-0.9412f,-0.1754f,0.2889f,1.0918f,-0.2784f,0.887f,-0.3684f,1.6741f,-0.1916f,-0.4271f,-0.8836f,2.6364f,0f,0f,0f,1f],start_interpolation: 0,interpolation_duration: 1}
$data merge entity $(planks) {transformation: [-0.9412f,-0.1754f,0.2889f,1.0035f,-0.2784f,0.887f,-0.3684f,1.648f,-0.1916f,-0.4271f,-0.8836f,2.6185f,0f,0f,0f,1f],start_interpolation: 0,interpolation_duration: 1}
$data merge entity $(lefthand1) {transformation: [-0.9412f,-0.1754f,0.2889f,1.2742f,-0.2784f,0.887f,-0.3684f,1.9769f,-0.1916f,-0.4271f,-0.8836f,2.6052f,0f,0f,0f,1f],start_interpolation: 0,interpolation_duration: 1}
$data merge entity $(leftforearm) {transformation: [-0.9801f,-0.1754f,0.0927f,1.0881f,-0.1982f,0.887f,-0.4171f,2.5947f,-0.0091f,-0.4271f,-0.9041f,2.3184f,0f,0f,0f,1f],start_interpolation: 0,interpolation_duration: 1}
$data merge entity $(leftelbow) {transformation: [-0.9801f,-0.1724f,-0.0985f,1.0558f,-0.1575f,0.9771f,-0.143f,2.7779f,0.1209f,-0.1246f,-0.9848f,2.295f,0f,0f,0f,1f],start_interpolation: 0,interpolation_duration: 1}
$data merge entity $(leftarm) {transformation: [-0.9801f,-0.1724f,-0.0985f,0.7583f,-0.1575f,0.9771f,-0.143f,3.2365f,0.1209f,-0.1246f,-0.9848f,2.2899f,0f,0f,0f,1f],start_interpolation: 0,interpolation_duration: 1}
$data merge entity $(rightthumb2) {transformation: [-0.8771f,-0.0743f,0.4746f,-1.0558f,-0.1591f,0.9771f,-0.1411f,1.5923f,-0.4533f,-0.1993f,-0.8688f,2.4821f,0f,0f,0f,1f],start_interpolation: 0,interpolation_duration: 1}
$data merge entity $(rightthumb) {transformation: [-0.8771f,-0.0743f,0.4746f,-1.0334f,-0.1591f,0.9771f,-0.1411f,1.8199f,-0.4533f,-0.1993f,-0.8688f,2.3589f,0f,0f,0f,1f],start_interpolation: 0,interpolation_duration: 1}
$data merge entity $(rightpointerfinger) {transformation: [-0.8771f,-0.0743f,0.4746f,-1.0827f,-0.1591f,0.9771f,-0.1411f,1.4752f,-0.4533f,-0.1993f,-0.8688f,2.334f,0f,0f,0f,1f],start_interpolation: 0,interpolation_duration: 1}
$data merge entity $(rightmidfinger) {transformation: [-0.8771f,-0.0743f,0.4746f,-1.0086f,-0.1591f,0.9771f,-0.1411f,1.4532f,-0.4533f,-0.1993f,-0.8688f,2.1983f,0f,0f,0f,1f],start_interpolation: 0,interpolation_duration: 1}
$data merge entity $(rightringfinger) {transformation: [-0.8771f,-0.0743f,0.4746f,-0.9344f,-0.1591f,0.9771f,-0.1411f,1.4312f,-0.4533f,-0.1993f,-0.8688f,2.0625f,0f,0f,0f,1f],start_interpolation: 0,interpolation_duration: 1}
$data merge entity $(hugeasssword) {transformation: [-3.4351f,-0.2911f,1.8589f,-0.7981f,-0.6233f,3.8271f,-0.5526f,1.6962f,-1.7753f,-0.7805f,-3.4029f,2.2918f,0f,0f,0f,1f],start_interpolation: 0,interpolation_duration: 1}
$data merge entity $(whey) {transformation: [0f,0f,0f,-0.7072f,0f,0f,0f,1.6517f,0f,0f,0f,2.5105f,0f,0f,0f,1f],start_interpolation: 0,interpolation_duration: 1}
$data merge entity $(ice) {transformation: [-1.3156f,-0.1115f,0.7119f,-0.7833f,-0.2387f,1.4657f,-0.2116f,1.6834f,-0.6799f,-0.2989f,-1.3032f,2.302f,0f,0f,0f,1f],start_interpolation: 0,interpolation_duration: 1}
$data merge entity $(righthand1) {transformation: [-0.8771f,-0.0743f,0.4746f,-1.0063f,-0.1591f,0.9771f,-0.1411f,1.8835f,-0.4533f,-0.1993f,-0.8688f,2.1117f,0f,0f,0f,1f],start_interpolation: 0,interpolation_duration: 1}
$data merge entity $(rightforearm) {transformation: [-0.9964f,-0.0073f,-0.084f,-0.9478f,-0.0181f,0.9916f,0.1279f,2.5798f,0.0823f,0.129f,-0.9882f,2.2127f,0f,0f,0f,1f],start_interpolation: 0,interpolation_duration: 1}
$data merge entity $(rightelbow) {transformation: [-0.9966f,-0.0077f,-0.0817f,-0.9493f,-0.018f,0.9919f,0.1255f,2.7658f,0.0801f,0.1265f,-0.9887f,2.2364f,0f,0f,0f,1f],start_interpolation: 0,interpolation_duration: 1}
$data merge entity $(rightarm) {transformation: [-0.9966f,0.0172f,-0.0803f,-0.7202f,-0.018f,0.9083f,0.418f,3.2108f,0.0801f,0.418f,-0.9049f,2.4562f,0f,0f,0f,1f],start_interpolation: 0,interpolation_duration: 1}
$data merge entity $(chest1) {transformation: [-1.0764f,0.0315f,-0.1183f,-0.0059f,-0.0187f,0.9924f,0.434f,3.1208f,0.121f,0.4333f,-0.9855f,2.2097f,0f,0f,0f,1f],start_interpolation: 0,interpolation_duration: 1}
$data merge entity $(chest1lid) {transformation: [-0.9936f,0.0291f,-0.1092f,-0.3223f,-0.0173f,0.9161f,0.4006f,2.332f,0.1117f,0.4f,-0.9097f,2.3305f,0f,0f,0f,1f],start_interpolation: 0,interpolation_duration: 1}
$data merge entity $(chest2) {transformation: [-0.9936f,0.0291f,-0.1092f,-0.3268f,-0.0173f,0.9161f,0.4006f,2.1889f,0.1117f,0.4f,-0.9097f,2.268f,0f,0f,0f,1f],start_interpolation: 0,interpolation_duration: 1}
$data merge entity $(chest1lid3) {transformation: [-0.9936f,0.0291f,-0.1092f,-0.3302f,-0.0173f,0.9161f,0.4006f,2.5898f,0.1117f,0.4f,-0.9097f,1.7408f,0f,0f,0f,1f],start_interpolation: 0,interpolation_duration: 1}
$data merge entity $(chest3) {transformation: [-0.9936f,0.0291f,-0.1092f,-0.3347f,-0.0173f,0.9161f,0.4006f,2.4466f,0.1117f,0.4f,-0.9097f,1.6783f,0f,0f,0f,1f],start_interpolation: 0,interpolation_duration: 1}
$data merge entity $(hugeasssword2) {transformation: [0.4279f,2.946f,-2.5452f,-1.2253f,-1.5692f,2.4738f,2.5996f,4.2686f,3.563f,0.7357f,1.4505f,2.5704f,0f,0f,0f,1f],start_interpolation: 0,interpolation_duration: 1}
$data merge entity $(belt) {transformation: [-0.9936f,0.0291f,-0.1092f,0.0286f,-0.0173f,0.9161f,0.4006f,2.704f,0.1117f,0.4f,-0.9097f,2.1659f,0f,0f,0f,1f],start_interpolation: 0,interpolation_duration: 1}
$data merge entity $(torn_part) {transformation: [-0.9936f,0.0596f,-0.096f,-0.1027f,-0.0173f,0.7595f,0.6502f,2.4429f,0.1117f,0.6477f,-0.7536f,2.0625f,0f,0f,0f,1f],start_interpolation: 0,interpolation_duration: 1}
$data merge entity $(lowerbody) {transformation: [-0.9936f,0.028f,-0.1095f,-0.004f,-0.0173f,0.9199f,0.3917f,1.9403f,0.1117f,0.3911f,-0.9135f,1.9891f,0f,0f,0f,1f],start_interpolation: 0,interpolation_duration: 1}
$data merge entity $(leftfoot) {transformation: [-0.9944f,0.0456f,0.095f,0.1593f,-0.001f,0.8974f,-0.4413f,0.3174f,-0.1054f,-0.4389f,-0.8923f,3.0818f,0f,0f,0f,1f],start_interpolation: 0,interpolation_duration: 1}
$data merge entity $(leftlowerleg) {transformation: [-0.9944f,0.0456f,0.095f,0.1953f,-0.001f,0.8974f,-0.4413f,1.3807f,-0.1054f,-0.4389f,-0.8923f,2.7319f,0f,0f,0f,1f],start_interpolation: 0,interpolation_duration: 1}
$data merge entity $(leftleg) {transformation: [-0.9944f,0.0893f,0.056f,0.2576f,-0.001f,0.5233f,-0.8522f,1.9589f,-0.1054f,-0.8475f,-0.5203f,1.8418f,0f,0f,0f,1f],start_interpolation: 0,interpolation_duration: 1}
$data merge entity $(rightfoot) {transformation: [-0.9848f,-0.0846f,0.1515f,-0.3289f,0.0647f,0.6315f,0.7727f,0.4918f,-0.161f,0.7708f,-0.6164f,1.3952f,0f,0f,0f,1f],start_interpolation: 0,interpolation_duration: 1}
$data merge entity $(rightlowerleg) {transformation: [-0.9848f,-0.0846f,0.1515f,-0.446f,0.0647f,0.6315f,0.7727f,1.0736f,-0.161f,0.7708f,-0.6164f,2.345f,0f,0f,0f,1f],start_interpolation: 0,interpolation_duration: 1}
$data merge entity $(rightleg) {transformation: [-0.9693f,0.1698f,0.1781f,-0.24f,0.0389f,0.8204f,-0.5705f,1.9589f,-0.2429f,-0.5461f,-0.8017f,1.7933f,0f,0f,0f,1f],start_interpolation: 0,interpolation_duration: 1}
data modify entity @s data merge value {"cameras":{},"locators":{"soup":{"px":1.1012158799213452,"py":1.7196816857575867,"pz":2.849847191405133,"ry":101.50810885474691,"rx":16.16538723549809},"lefthand":{"px":1.1891746292233216,"py":1.6366328629347737,"pz":2.7015787896223498,"ry":18.103992794169613,"rx":-21.616639979777535},"sword":{"px":-2.62183037932889,"py":2.1756413487450716,"pz":5.479941998920754,"ry":28.645946029213974,"rx":-8.110644255123987},"righthand":{"px":-0.8717406904394414,"py":1.6553898454886606,"pz":2.2761659917376234,"ry":28.645946029213974,"rx":-8.110644255123987},"chest":{"px":-0.33806775097692726,"py":2.2116211198106397,"pz":2.4511483181151132,"ry":353.152234347815,"rx":23.617869094628848}}}