# This file was generated by Animated Java via MC-Build. It is not recommended to edit this file directly.
$data merge entity $(nose) {transformation: [-0.9999f,-0.0003f,-0.0118f,-0.0163f,-0.0007f,0.9996f,0.0281f,4.1863f,0.0118f,0.0281f,-0.9995f,0.1733f,0f,0f,0f,1f],start_interpolation: 0,interpolation_duration: 1}
$data merge entity $(glowing_eye) {transformation: [-0.9999f,-0.0003f,-0.0118f,-0.1409f,-0.0007f,0.9996f,0.0281f,4.2529f,0.0118f,0.0281f,-0.9995f,0.2116f,0f,0f,0f,1f],start_interpolation: 0,interpolation_duration: 1}
$data merge entity $(head) {transformation: [-0.9999f,-0.0003f,-0.0118f,-0.0185f,-0.0007f,0.9996f,0.0281f,4.0681f,0.0118f,0.0281f,-0.9995f,-0.0173f,0f,0f,0f,1f],start_interpolation: 0,interpolation_duration: 1}
$data merge entity $(leftthumb2) {transformation: [-0.7942f,0.012f,0.6075f,0.7239f,-0.3636f,0.7917f,-0.491f,2.2529f,-0.4868f,-0.6109f,-0.6244f,1.339f,0f,0f,0f,1f],start_interpolation: 0,interpolation_duration: 1}
$data merge entity $(leftthumb) {transformation: [-0.7942f,0.012f,0.6075f,0.7787f,-0.3636f,0.7917f,-0.491f,2.4051f,-0.4868f,-0.6109f,-0.6244f,1.1358f,0f,0f,0f,1f],start_interpolation: 0,interpolation_duration: 1}
$data merge entity $(leftpointerfinger) {transformation: [-0.7942f,0.012f,0.6075f,0.8901f,-0.3636f,0.7917f,-0.491f,2.1621f,-0.4868f,-0.6109f,-0.6244f,1.3602f,0f,0f,0f,1f],start_interpolation: 0,interpolation_duration: 1}
$data merge entity $(leftmidfinger) {transformation: [-0.7942f,0.012f,0.6075f,0.985f,-0.3636f,0.7917f,-0.491f,2.0854f,-0.4868f,-0.6109f,-0.6244f,1.2627f,0f,0f,0f,1f],start_interpolation: 0,interpolation_duration: 1}
$data merge entity $(leftringfinger) {transformation: [-0.7942f,0.012f,0.6075f,1.08f,-0.3636f,0.7917f,-0.491f,2.0087f,-0.4868f,-0.6109f,-0.6244f,1.1651f,0f,0f,0f,1f],start_interpolation: 0,interpolation_duration: 1}
$data merge entity $(invisibility) {transformation: [0.0649f,-0.6042f,0.7942f,0.7235f,0.7458f,0.5581f,0.3636f,2.1958f,-0.6629f,0.5688f,0.4868f,1.2216f,0f,0f,0f,1f],start_interpolation: 0,interpolation_duration: 1}
$data merge entity $(swiftness) {transformation: [0.6075f,0.012f,0.7942f,0.7945f,-0.491f,0.7917f,0.3636f,1.9776f,-0.6244f,-0.6109f,0.4868f,1.1619f,0f,0f,0f,1f],start_interpolation: 0,interpolation_duration: 1}
$data merge entity $(suspicious_stew) {transformation: [0.2676f,-0.5455f,0.7942f,0.8369f,0.51f,0.7796f,0.3636f,2.0667f,-0.8175f,0.3077f,0.4868f,1.1332f,0f,0f,0f,1f],start_interpolation: 0,interpolation_duration: 1}
$data merge entity $(log) {transformation: [-0.7942f,0.012f,0.6075f,0.7924f,-0.3636f,0.7917f,-0.491f,2.1085f,-0.4868f,-0.6109f,-0.6244f,0.9819f,0f,0f,0f,1f],start_interpolation: 0,interpolation_duration: 1}
$data merge entity $(planks) {transformation: [-0.7942f,0.012f,0.6075f,0.718f,-0.3636f,0.7917f,-0.491f,2.0744f,-0.4868f,-0.6109f,-0.6244f,0.9363f,0f,0f,0f,1f],start_interpolation: 0,interpolation_duration: 1}
$data merge entity $(lefthand1) {transformation: [-0.7942f,0.012f,0.6075f,0.975f,-0.3636f,0.7917f,-0.491f,2.4127f,-0.4868f,-0.6109f,-0.6244f,0.9705f,0f,0f,0f,1f],start_interpolation: 0,interpolation_duration: 1}
$data merge entity $(leftforearm) {transformation: [-0.9826f,0.012f,0.1856f,0.9191f,-0.104f,0.7917f,-0.6021f,2.9722f,-0.1541f,-0.6109f,-0.7766f,0.5435f,0f,0f,0f,1f],start_interpolation: 0,interpolation_duration: 1}
$data merge entity $(leftelbow) {transformation: [-0.9935f,-0.0009f,0.1136f,0.9189f,-0.0572f,0.8679f,-0.4935f,3.135f,-0.0981f,-0.4968f,-0.8623f,0.4503f,0f,0f,0f,1f],start_interpolation: 0,interpolation_duration: 1}
$data merge entity $(leftarm) {transformation: [-0.9935f,-0.0009f,0.1136f,0.6976f,-0.0572f,0.8679f,-0.4935f,3.5718f,-0.0981f,-0.4968f,-0.8623f,0.2074f,0f,0f,0f,1f],start_interpolation: 0,interpolation_duration: 1}
$data merge entity $(rightthumb2) {transformation: [0.5098f,-0.8496f,-0.1354f,-1.0735f,0.5318f,0.4349f,-0.7267f,2.5179f,0.6763f,0.2985f,0.6735f,0.0658f,0f,0f,0f,1f],start_interpolation: 0,interpolation_duration: 1}
$data merge entity $(rightthumb) {transformation: [0.5098f,-0.8496f,-0.1354f,-1.2934f,0.5318f,0.4349f,-0.7267f,2.5624f,0.6763f,0.2985f,0.6735f,0.1966f,0f,0f,0f,1f],start_interpolation: 0,interpolation_duration: 1}
$data merge entity $(rightpointerfinger) {transformation: [-0.608f,-0.6893f,-0.394f,-1.4473f,-0.4164f,0.6994f,-0.581f,2.3294f,0.676f,-0.1891f,-0.7122f,0.406f,0f,0f,0f,1f],start_interpolation: 0,interpolation_duration: 1}
$data merge entity $(rightmidfinger) {transformation: [-0.5414f,-0.7427f,-0.394f,-1.5088f,-0.4795f,0.6577f,-0.581f,2.2386f,0.6907f,-0.1256f,-0.7122f,0.2947f,0f,0f,0f,1f],start_interpolation: 0,interpolation_duration: 1}
$data merge entity $(rightringfinger) {transformation: [-0.556f,-0.7318f,-0.394f,-1.5704f,-0.4663f,0.6671f,-0.581f,2.1478f,0.688f,-0.1393f,-0.7122f,0.1834f,0f,0f,0f,1f],start_interpolation: 0,interpolation_duration: 1}
$data merge entity $(hugeasssword) {transformation: [-3.5747f,0.4243f,-1.5433f,-1.2382f,1.3265f,2.8988f,-2.2754f,2.308f,0.8957f,-2.5994f,-2.7894f,0.1103f,0f,0f,0f,1f],start_interpolation: 0,interpolation_duration: 1}
$data merge entity $(whey) {transformation: [0f,0f,0f,-1.0361f,0f,0f,0f,2.2621f,0f,0f,0f,0.2333f,0f,0f,0f,1f],start_interpolation: 0,interpolation_duration: 1}
$data merge entity $(ice) {transformation: [-1.369f,0.1625f,-0.5911f,-1.2257f,0.508f,1.1102f,-0.8714f,2.2912f,0.343f,-0.9955f,-1.0683f,0.1171f,0f,0f,0f,1f],start_interpolation: 0,interpolation_duration: 1}
$data merge entity $(righthand1) {transformation: [-0.9127f,0.1083f,-0.394f,-1.4391f,0.3387f,0.7401f,-0.581f,2.5427f,0.2287f,-0.6637f,-0.7122f,-0.0139f,0f,0f,0f,1f],start_interpolation: 0,interpolation_duration: 1}
$data merge entity $(rightforearm) {transformation: [-0.8789f,0.2f,-0.433f,-1.2368f,0.3955f,0.8131f,-0.4271f,3.0964f,0.2667f,-0.5467f,-0.7937f,-0.4026f,0f,0f,0f,1f],start_interpolation: 0,interpolation_duration: 1}
$data merge entity $(rightelbow) {transformation: [-0.8736f,0.4724f,-0.1167f,-1.1482f,0.4785f,0.8776f,-0.0294f,3.261f,0.0885f,-0.0815f,-0.9927f,-0.4179f,0f,0f,0f,1f],start_interpolation: 0,interpolation_duration: 1}
$data merge entity $(rightarm) {transformation: [-0.8736f,0.4857f,0.0308f,-0.7152f,0.4785f,0.8458f,0.2358f,3.5718f,0.0885f,0.2208f,-0.9713f,-0.2965f,0f,0f,0f,1f],start_interpolation: 0,interpolation_duration: 1}
$data merge entity $(chest1) {transformation: [-1.0204f,-0.0419f,0.3615f,0.0319f,0f,1.0761f,0.1246f,3.4252f,-0.3639f,0.1174f,-1.0136f,-0.1657f,0f,0f,0f,1f],start_interpolation: 0,interpolation_duration: 1}
$data merge entity $(chest1lid) {transformation: [-0.9419f,0.2297f,0.2451f,-0.3938f,0f,0.7296f,-0.6839f,2.7013f,-0.3359f,-0.6442f,-0.6872f,0.0117f,0f,0f,0f,1f],start_interpolation: 0,interpolation_duration: 1}
$data merge entity $(chest2) {transformation: [-0.9419f,-0.0386f,0.3337f,-0.3878f,0f,0.9934f,0.115f,2.5461f,-0.3359f,0.1084f,-0.9356f,-0.0052f,0f,0f,0f,1f],start_interpolation: 0,interpolation_duration: 1}
$data merge entity $(chest1lid3) {transformation: [-0.9419f,-0.0386f,0.3337f,-0.1212f,0f,0.9934f,0.115f,2.775f,-0.3359f,0.1084f,-0.9356f,-0.5667f,0f,0f,0f,1f],start_interpolation: 0,interpolation_duration: 1}
$data merge entity $(chest3) {transformation: [-0.9419f,-0.0386f,0.3337f,-0.1151f,0f,0.9934f,0.115f,2.6198f,-0.3359f,0.1084f,-0.9356f,-0.5836f,0f,0f,0f,1f],start_interpolation: 0,interpolation_duration: 1}
$data merge entity $(hugeasssword2) {transformation: [-1.307f,2.6176f,-2.6039f,-1.0849f,-0.4506f,2.6285f,2.8685f,4.6083f,3.6646f,1.2568f,-0.576f,-0.7017f,0f,0f,0f,1f],start_interpolation: 0,interpolation_duration: 1}
$data merge entity $(belt) {transformation: [-0.9419f,-0.0386f,0.3337f,0.0338f,0f,0.9934f,0.115f,3.0145f,-0.3359f,0.1084f,-0.9356f,-0.0756f,0f,0f,0f,1f],start_interpolation: 0,interpolation_duration: 1}
$data merge entity $(torn_part) {transformation: [-0.9419f,-0.1236f,0.3124f,-0.0719f,0f,0.9299f,0.3679f,2.7347f,-0.3359f,0.3465f,-0.8758f,-0.1467f,0f,0f,0f,1f],start_interpolation: 0,interpolation_duration: 1}
$data merge entity $(lowerbody) {transformation: [-0.9419f,-0.0239f,0.3351f,-0.0153f,0f,0.9975f,0.0712f,2.2377f,-0.3359f,0.0671f,-0.9395f,-0.0146f,0f,0f,0f,1f],start_interpolation: 0,interpolation_duration: 1}
$data merge entity $(leftfoot) {transformation: [-0.9978f,-0.0417f,-0.0506f,0.4071f,-0.0542f,0.9591f,0.2779f,0.1875f,0.037f,0.2801f,-0.9593f,-0.3843f,0f,0f,0f,1f],start_interpolation: 0,interpolation_duration: 1}
$data merge entity $(leftlowerleg) {transformation: [-0.9978f,-0.0417f,-0.0506f,0.3686f,-0.0542f,0.9591f,0.2779f,1.2087f,0.037f,0.2801f,-0.9593f,0.0738f,0f,0f,0f,1f],start_interpolation: 0,interpolation_duration: 1}
$data merge entity $(leftleg) {transformation: [-0.9978f,-0.0601f,-0.0264f,0.2743f,-0.0542f,0.9812f,-0.185f,2.2544f,0.037f,-0.1832f,-0.9824f,-0.0941f,0f,0f,0f,1f],start_interpolation: 0,interpolation_duration: 1}
$data merge entity $(rightfoot) {transformation: [-0.8863f,0.0115f,0.463f,-0.2661f,-0.0068f,0.9993f,-0.0378f,0.1021f,-0.4631f,-0.0366f,-0.8856f,-0.1652f,0f,0f,0f,1f],start_interpolation: 0,interpolation_duration: 1}
$data merge entity $(rightlowerleg) {transformation: [-0.8863f,0.0115f,0.463f,-0.3244f,-0.0068f,0.9993f,-0.0378f,1.2165f,-0.4631f,-0.0366f,-0.8856f,-0.0698f,0f,0f,0f,1f],start_interpolation: 0,interpolation_duration: 1}
$data merge entity $(rightleg) {transformation: [-0.8863f,0.1053f,0.451f,-0.1967f,-0.0068f,0.9708f,-0.2398f,2.2544f,-0.4631f,-0.2156f,-0.8597f,-0.262f,0f,0f,0f,1f],start_interpolation: 0,interpolation_duration: 1}
$execute on vehicle unless entity @s[tag=aj.transforms_only] as $(righthand) positioned ^-1.3067750169 ^2.3204485375 ^0.1600094827 rotated ~331.0454473703 ~-35.5180150159 run function animated_java:wander/animations/gunpowder_throw/zzz/frames/5_locator_righthand
data modify entity @s data merge value {"cameras":{},"locators":{"soup":{"px":0.7183022324635763,"py":2.189294965061671,"pz":1.1708848683250221,"ry":121.50827558544864,"rx":21.322431493844082},"lefthand":{"px":0.8564332102108185,"py":2.0884377129629206,"pz":1.08506520155846,"ry":44.216822953211164,"rx":-29.40550124251266},"sword":{"px":0.14623901473949652,"py":4.462734489669457,"pz":2.7862267953008852,"ry":331.0454473703014,"rx":-35.51801501587432},"righthand":{"px":-1.306775016896003,"py":2.320448537452901,"pz":0.16000948273782323,"ry":331.0454473703014,"rx":-35.51801501587432},"chest":{"px":-0.4729702664623215,"py":2.6212415063155188,"pz":0.14062407394217655,"ry":19.62890625,"rx":6.606338545462829}}}