# This file was generated by Animated Java via MC-Build. It is not recommended to edit this file directly.
$data merge entity $(nose) {transformation: [-0.9991f,0.0049f,0.0426f,-0.0045f,0.0011f,0.9959f,-0.0903f,4.0981f,-0.0429f,-0.0902f,-0.995f,0.111f,0f,0f,0f,1f],start_interpolation: 0,interpolation_duration: 1}
$data merge entity $(glowing_eye) {transformation: [-0.9991f,0.0049f,0.0426f,-0.1305f,0.0011f,0.9959f,-0.0903f,4.1688f,-0.0429f,-0.0902f,-0.995f,0.1343f,0f,0f,0f,1f],start_interpolation: 0,interpolation_duration: 1}
$data merge entity $(head) {transformation: [-0.9991f,0.0049f,0.0426f,0.0029f,0.0011f,0.9959f,-0.0903f,3.9582f,-0.0429f,-0.0902f,-0.995f,-0.0642f,0f,0f,0f,1f],start_interpolation: 0,interpolation_duration: 1}
$data merge entity $(leftthumb2) {transformation: [-0.9974f,-0.009f,0.072f,0.9537f,-0.022f,0.9832f,-0.1812f,1.7886f,-0.0692f,-0.1823f,-0.9808f,0.4699f,0f,0f,0f,1f],start_interpolation: 0,interpolation_duration: 1}
$data merge entity $(leftthumb) {transformation: [-0.9974f,-0.009f,0.072f,0.9577f,-0.022f,0.9832f,-0.1812f,2.0142f,-0.0692f,-0.1823f,-0.9808f,0.3413f,0f,0f,0f,1f],start_interpolation: 0,interpolation_duration: 1}
$data merge entity $(leftpointerfinger) {transformation: [-0.9974f,-0.009f,0.072f,1.0731f,-0.022f,0.9832f,-0.1812f,1.6855f,-0.0692f,-0.1823f,-0.9808f,0.3627f,0f,0f,0f,1f],start_interpolation: 0,interpolation_duration: 1}
$data merge entity $(leftmidfinger) {transformation: [-0.9974f,-0.009f,0.072f,1.0843f,-0.022f,0.9832f,-0.1812f,1.6572f,-0.0692f,-0.1823f,-0.9808f,0.2095f,0f,0f,0f,1f],start_interpolation: 0,interpolation_duration: 1}
$data merge entity $(leftringfinger) {transformation: [-0.9974f,-0.009f,0.072f,1.0956f,-0.022f,0.9832f,-0.1812f,1.6289f,-0.0692f,-0.1823f,-0.9808f,0.0562f,0f,0f,0f,1f],start_interpolation: 0,interpolation_duration: 1}
$data merge entity $(invisibility) {transformation: [-0.0027f,-0.0725f,0.9974f,0.8828f,0.9637f,0.2662f,0.022f,1.7946f,-0.2671f,0.9612f,0.0692f,0.3605f,0f,0f,0f,1f],start_interpolation: 0,interpolation_duration: 1}
$data merge entity $(swiftness) {transformation: [0.072f,-0.009f,0.9974f,0.8456f,-0.1812f,0.9832f,0.022f,1.6263f,-0.9808f,-0.1823f,0.0692f,0.1977f,0f,0f,0f,1f],start_interpolation: 0,interpolation_duration: 1}
$data merge entity $(suspicious_stew) {transformation: [0.0223f,-0.0691f,0.9974f,0.8968f,0.8145f,0.5798f,0.022f,1.7145f,-0.5798f,0.8118f,0.0692f,0.1851f,0f,0f,0f,1f],start_interpolation: 0,interpolation_duration: 1}
$data merge entity $(log) {transformation: [-0.9974f,-0.009f,0.072f,0.8055f,-0.022f,0.9832f,-0.1812f,1.8269f,-0.0692f,-0.1823f,-0.9808f,0.1099f,0f,0f,0f,1f],start_interpolation: 0,interpolation_duration: 1}
$data merge entity $(planks) {transformation: [-0.9974f,-0.009f,0.072f,0.712f,-0.022f,0.9832f,-0.1812f,1.8248f,-0.0692f,-0.1823f,-0.9808f,0.1034f,0f,0f,0f,1f],start_interpolation: 0,interpolation_duration: 1}
$data merge entity $(lefthand1) {transformation: [-0.9974f,-0.009f,0.072f,1.0504f,-0.022f,0.9832f,-0.1812f,2.0838f,-0.0692f,-0.1823f,-0.9808f,0.1122f,0f,0f,0f,1f],start_interpolation: 0,interpolation_duration: 1}
$data merge entity $(leftforearm) {transformation: [-0.9974f,-0.009f,0.072f,0.9806f,-0.022f,0.9832f,-0.1812f,2.7766f,-0.0692f,-0.1823f,-0.9808f,-0.005f,0f,0f,0f,1f],start_interpolation: 0,interpolation_duration: 1}
$data merge entity $(leftelbow) {transformation: [-0.9991f,-0.0138f,0.0407f,0.978f,-0.0155f,0.999f,-0.0428f,2.9639f,-0.0401f,-0.0434f,-0.9983f,-0.0131f,0f,0f,0f,1f],start_interpolation: 0,interpolation_duration: 1}
$data merge entity $(leftarm) {transformation: [-0.9991f,-0.0138f,0.0407f,0.7513f,-0.0155f,0.999f,-0.0428f,3.4613f,-0.0401f,-0.0434f,-0.9983f,-0.0124f,0f,0f,0f,1f],start_interpolation: 0,interpolation_duration: 1}
$data merge entity $(rightthumb2) {transformation: [-0.9757f,-0.0252f,0.2176f,-0.9768f,-0.086f,0.9576f,-0.275f,1.8363f,-0.2014f,-0.287f,-0.9365f,0.2357f,0f,0f,0f,1f],start_interpolation: 0,interpolation_duration: 1}
$data merge entity $(rightthumb) {transformation: [-0.9757f,-0.0252f,0.2176f,-0.9644f,-0.086f,0.9576f,-0.275f,2.0476f,-0.2014f,-0.287f,-0.9365f,0.0853f,0f,0f,0f,1f],start_interpolation: 0,interpolation_duration: 1}
$data merge entity $(rightpointerfinger) {transformation: [-0.9757f,-0.0252f,0.2176f,-1.0527f,-0.086f,0.9576f,-0.275f,1.7111f,-0.2014f,-0.287f,-0.9365f,0.1135f,0f,0f,0f,1f],start_interpolation: 0,interpolation_duration: 1}
$data merge entity $(rightmidfinger) {transformation: [-0.9757f,-0.0252f,0.2176f,-1.0187f,-0.086f,0.9576f,-0.275f,1.6681f,-0.2014f,-0.287f,-0.9365f,-0.0328f,0f,0f,0f,1f],start_interpolation: 0,interpolation_duration: 1}
$data merge entity $(rightringfinger) {transformation: [-0.9757f,-0.0252f,0.2176f,-0.9847f,-0.086f,0.9576f,-0.275f,1.6252f,-0.2014f,-0.287f,-0.9365f,-0.1791f,0f,0f,0f,1f],start_interpolation: 0,interpolation_duration: 1}
$data merge entity $(hugeasssword) {transformation: [-3.8216f,-0.0986f,0.8521f,-0.768f,-0.3369f,3.7506f,-1.0769f,1.8898f,-0.7889f,-1.1241f,-3.668f,-0.023f,0f,0f,0f,1f],start_interpolation: 0,interpolation_duration: 1}
$data merge entity $(whey) {transformation: [0f,0f,0f,-0.6285f,0f,0f,0f,1.8535f,0f,0f,0f,0.1702f,0f,0f,0f,1f],start_interpolation: 0,interpolation_duration: 1}
$data merge entity $(ice) {transformation: [-1.4636f,-0.0378f,0.3263f,-0.7524f,-0.129f,1.4364f,-0.4124f,1.8762f,-0.3021f,-0.4305f,-1.4048f,-0.0153f,0f,0f,0f,1f],start_interpolation: 0,interpolation_duration: 1}
$data merge entity $(righthand1) {transformation: [-0.9757f,-0.0252f,0.2176f,-0.9958f,-0.086f,0.9576f,-0.275f,2.0855f,-0.2014f,-0.287f,-0.9365f,-0.1667f,0f,0f,0f,1f],start_interpolation: 0,interpolation_duration: 1}
$data merge entity $(rightforearm) {transformation: [-0.9962f,-0.0087f,0.0866f,-0.941f,-0.0171f,0.9951f,-0.0973f,2.7878f,-0.0853f,-0.0984f,-0.9915f,-0.2151f,0f,0f,0f,1f],start_interpolation: 0,interpolation_duration: 1}
$data merge entity $(rightelbow) {transformation: [-0.9959f,-0.0086f,0.0897f,-0.9426f,-0.0177f,0.9948f,-0.1007f,2.9743f,-0.0884f,-0.1019f,-0.9909f,-0.2342f,0f,0f,0f,1f],start_interpolation: 0,interpolation_duration: 1}
$data merge entity $(rightarm) {transformation: [-0.9959f,-0.0352f,0.083f,-0.7449f,-0.0177f,0.979f,0.2031f,3.4613f,-0.0884f,0.2008f,-0.9756f,-0.084f,0f,0f,0f,1f],start_interpolation: 0,interpolation_duration: 1}
$data merge entity $(chest1) {transformation: [-1.0821f,-0.0013f,0.0518f,0.0053f,0f,1.083f,0.0272f,3.3038f,-0.0518f,0.0272f,-1.0818f,-0.1623f,0f,0f,0f,1f],start_interpolation: 0,interpolation_duration: 1}
$data merge entity $(chest1lid) {transformation: [-0.9989f,-0.0012f,0.0478f,-0.3536f,0f,0.9997f,0.0251f,2.6108f,-0.0478f,0.0251f,-0.9985f,0.195f,0f,0f,0f,1f],start_interpolation: 0,interpolation_duration: 1}
$data merge entity $(chest2) {transformation: [-0.9989f,-0.0012f,0.0478f,-0.3535f,0f,0.9997f,0.0251f,2.4546f,-0.0478f,0.0251f,-0.9985f,0.191f,0f,0f,0f,1f],start_interpolation: 0,interpolation_duration: 1}
$data merge entity $(chest1lid3) {transformation: [-0.9989f,-0.0012f,0.0478f,-0.2606f,0f,0.9997f,0.0251f,2.6269f,-0.0478f,0.0251f,-0.9985f,-0.4417f,0f,0f,0f,1f],start_interpolation: 0,interpolation_duration: 1}
$data merge entity $(chest3) {transformation: [-0.9989f,-0.0012f,0.0478f,-0.2604f,0f,0.9997f,0.0251f,2.4707f,-0.0478f,0.0251f,-0.9985f,-0.4457f,0f,0f,0f,1f],start_interpolation: 0,interpolation_duration: 1}
$data merge entity $(hugeasssword2) {transformation: [-0.1872f,2.8812f,-2.6465f,-1.2141f,-0.0984f,2.6452f,2.8868f,4.4704f,3.911f,0.2045f,-0.054f,-0.4566f,0f,0f,0f,1f],start_interpolation: 0,interpolation_duration: 1}
$data merge entity $(belt) {transformation: [-0.9989f,-0.0012f,0.0478f,0.0315f,0f,0.9997f,0.0251f,2.9023f,-0.0478f,0.0251f,-0.9985f,-0.0401f,0f,0f,0f,1f],start_interpolation: 0,interpolation_duration: 1}
$data merge entity $(torn_part) {transformation: [-0.9989f,-0.0144f,0.0456f,-0.0914f,0f,0.9537f,0.3007f,2.6194f,-0.0478f,0.3004f,-0.9526f,-0.0548f,0f,0f,0f,1f],start_interpolation: 0,interpolation_duration: 1}
$data merge entity $(lowerbody) {transformation: [-0.9989f,0f,0.0478f,-0.0006f,0f,1f,0f,2.1311f,-0.0478f,0f,-0.9989f,0.0904f,0f,0f,0f,1f],start_interpolation: 0,interpolation_duration: 1}
$data merge entity $(leftfoot) {transformation: [-0.9957f,-0.058f,0.0724f,0.3426f,-0.0313f,0.9447f,0.3263f,0.2319f,-0.0873f,0.3226f,-0.9425f,-0.0407f,0f,0f,0f,1f],start_interpolation: 0,interpolation_duration: 1}
$data merge entity $(leftlowerleg) {transformation: [-0.9957f,-0.058f,0.0724f,0.2672f,-0.0313f,0.9447f,0.3263f,1.2299f,-0.0873f,0.3226f,-0.9425f,0.462f,0f,0f,0f,1f],start_interpolation: 0,interpolation_duration: 1}
$data merge entity $(leftleg) {transformation: [-0.9957f,0.0186f,0.0909f,0.2534f,-0.0313f,0.8548f,-0.518f,2.1506f,-0.0873f,-0.5186f,-0.8505f,-0.0695f,0f,0f,0f,1f],start_interpolation: 0,interpolation_duration: 1}
$data merge entity $(rightfoot) {transformation: [-0.9864f,0.0922f,0.1361f,-0.5468f,0.0575f,0.9691f,-0.2398f,0.3952f,-0.154f,-0.2287f,-0.9612f,0.8301f,0f,0f,0f,1f],start_interpolation: 0,interpolation_duration: 1}
$data merge entity $(rightlowerleg) {transformation: [-0.9864f,0.0922f,0.1361f,-0.4654f,0.0575f,0.9691f,-0.2398f,1.5071f,-0.154f,-0.2287f,-0.9612f,0.7241f,0f,0f,0f,1f],start_interpolation: 0,interpolation_duration: 1}
$data merge entity $(rightleg) {transformation: [-0.9767f,0.1806f,0.1159f,-0.246f,0.0123f,0.5861f,-0.8101f,2.1506f,-0.2143f,-0.7898f,-0.5747f,-0.0934f,0f,0f,0f,1f],start_interpolation: 0,interpolation_duration: 1}
data modify entity @s data merge value {"cameras":{},"locators":{"soup":{"px":0.8537309351687218,"py":1.813475693742948,"pz":0.322503471606687,"ry":93.96729841772337,"rx":1.2581507310192077},"lefthand":{"px":0.8985981120501866,"py":1.7549360884253304,"pz":0.14593218694751983,"ry":4.199206579285686,"rx":-10.442128385658581},"sword":{"px":-1.6491235628650782,"py":2.871387464582768,"pz":3.438288575053237,"ry":13.078564157182115,"rx":-15.959851436435352},"righthand":{"px":-0.8468541594195236,"py":1.8574587896347068,"pz":-0.01511101034275028,"ry":13.078564157182115,"rx":-15.959851436435352},"chest":{"px":-0.3922465621164862,"py":2.5443504132835133,"pz":0.3479258431185913,"ry":2.7400692419825248,"rx":1.4399999999999984}}}