# This file was generated by Animated Java via MC-Build. It is not recommended to edit this file directly.
$data merge entity $(nose) {transformation: [-0.9999f,0.0007f,0.0141f,-0.0019f,0f,0.9987f,-0.0509f,4.1801f,-0.0141f,-0.0509f,-0.9986f,-0.0001f,0f,0f,0f,1f],start_interpolation: 0,interpolation_duration: 1}
$data merge entity $(glowing_eye) {transformation: [-0.9999f,0.0007f,0.0141f,-0.1273f,0f,0.9987f,-0.0509f,4.2495f,-0.0141f,-0.0509f,-0.9986f,0.0296f,0f,0f,0f,1f],start_interpolation: 0,interpolation_duration: 1}
$data merge entity $(head) {transformation: [-0.9999f,0.0007f,0.0141f,0.0007f,0f,0.9987f,-0.0509f,4.0473f,-0.0141f,-0.0509f,-0.9986f,-0.1808f,0f,0f,0f,1f],start_interpolation: 0,interpolation_duration: 1}
$data merge entity $(leftthumb2) {transformation: [-0.9999f,-0.0005f,0.0141f,0.9508f,0f,0.9993f,0.0363f,1.7968f,-0.0141f,0.0363f,-0.9992f,0.0368f,0f,0f,0f,1f],start_interpolation: 0,interpolation_duration: 1}
$data merge entity $(leftthumb) {transformation: [-0.9999f,-0.0005f,0.0141f,0.9519f,0f,0.9993f,0.0363f,2.045f,-0.0141f,0.0363f,-0.9992f,-0.0397f,0f,0f,0f,1f],start_interpolation: 0,interpolation_duration: 1}
$data merge entity $(leftpointerfinger) {transformation: [-0.9999f,-0.0005f,0.0141f,1.0621f,0f,0.9993f,0.0363f,1.7188f,-0.0141f,0.0363f,-0.9992f,-0.0969f,0f,0f,0f,1f],start_interpolation: 0,interpolation_duration: 1}
$data merge entity $(leftmidfinger) {transformation: [-0.9999f,-0.0005f,0.0141f,1.0643f,0f,0.9993f,0.0363f,1.7245f,-0.0141f,0.0363f,-0.9992f,-0.253f,0f,0f,0f,1f],start_interpolation: 0,interpolation_duration: 1}
$data merge entity $(leftringfinger) {transformation: [-0.9999f,-0.0005f,0.0141f,1.0665f,0f,0.9993f,0.0363f,1.7301f,-0.0141f,0.0363f,-0.9992f,-0.4091f,0f,0f,0f,1f],start_interpolation: 0,interpolation_duration: 1}
$data merge entity $(invisibility) {transformation: [0.0007f,-0.0141f,0.9999f,0.8741f,0.9987f,0.0509f,0f,1.8269f,-0.0509f,0.9986f,0.0141f,-0.0643f,0f,0f,0f,1f],start_interpolation: 0,interpolation_duration: 1}
$data merge entity $(swiftness) {transformation: [0.0141f,-0.0005f,0.9999f,0.8247f,0.0363f,0.9993f,0f,1.6984f,-0.9992f,0.0363f,0.0141f,-0.2573f,0f,0f,0f,1f],start_interpolation: 0,interpolation_duration: 1}
$data merge entity $(suspicious_stew) {transformation: [0.0055f,-0.013f,0.9999f,0.8768f,0.921f,0.3894f,0f,1.7869f,-0.3894f,0.921f,0.0141f,-0.2534f,0f,0f,0f,1f],start_interpolation: 0,interpolation_duration: 1}
$data merge entity $(log) {transformation: [-0.9999f,-0.0005f,0.0141f,0.7836f,0f,0.9993f,0.0363f,1.9135f,-0.0141f,0.0363f,-0.9992f,-0.297f,0f,0f,0f,1f],start_interpolation: 0,interpolation_duration: 1}
$data merge entity $(planks) {transformation: [-0.9999f,-0.0005f,0.0141f,0.6899f,0f,0.9993f,0.0363f,1.9135f,-0.0141f,0.0363f,-0.9992f,-0.2983f,0f,0f,0f,1f],start_interpolation: 0,interpolation_duration: 1}
$data merge entity $(lefthand1) {transformation: [-0.9999f,-0.0005f,0.0141f,1.033f,0f,0.9993f,0.0363f,2.1622f,-0.0141f,0.0363f,-0.9992f,-0.2532f,0f,0f,0f,1f],start_interpolation: 0,interpolation_duration: 1}
$data merge entity $(leftforearm) {transformation: [-0.9999f,-0.0005f,0.0141f,0.97f,0f,0.9993f,0.0363f,2.8643f,-0.0141f,0.0363f,-0.9992f,-0.2129f,0f,0f,0f,1f],start_interpolation: 0,interpolation_duration: 1}
$data merge entity $(leftelbow) {transformation: [-0.9999f,-0.0005f,0.0141f,0.9699f,0f,0.9993f,0.0363f,3.0517f,-0.0141f,0.0363f,-0.9992f,-0.2061f,0f,0f,0f,1f],start_interpolation: 0,interpolation_duration: 1}
$data merge entity $(leftarm) {transformation: [-0.9999f,-0.0005f,0.0141f,0.7504f,0f,0.9993f,0.0363f,3.5502f,-0.0141f,0.0363f,-0.9992f,-0.1598f,0f,0f,0f,1f],start_interpolation: 0,interpolation_duration: 1}
$data merge entity $(rightthumb2) {transformation: [-0.9968f,-0.0146f,0.0791f,-0.9612f,-0.0318f,0.975f,-0.2199f,1.904f,-0.0739f,-0.2217f,-0.9723f,0.0893f,0f,0f,0f,1f],start_interpolation: 0,interpolation_duration: 1}
$data merge entity $(rightthumb) {transformation: [-0.9968f,-0.0146f,0.0791f,-0.958f,-0.0318f,0.975f,-0.2199f,2.1244f,-0.0739f,-0.2217f,-0.9723f,-0.0482f,0f,0f,0f,1f],start_interpolation: 0,interpolation_duration: 1}
$data merge entity $(rightpointerfinger) {transformation: [-0.9968f,-0.0146f,0.0791f,-1.0585f,-0.0318f,0.975f,-0.2199f,1.7907f,-0.0739f,-0.2217f,-0.9723f,-0.0291f,0f,0f,0f,1f],start_interpolation: 0,interpolation_duration: 1}
$data merge entity $(rightmidfinger) {transformation: [-0.9968f,-0.0146f,0.0791f,-1.0462f,-0.0318f,0.975f,-0.2199f,1.7563f,-0.0739f,-0.2217f,-0.9723f,-0.181f,0f,0f,0f,1f],start_interpolation: 0,interpolation_duration: 1}
$data merge entity $(rightringfinger) {transformation: [-0.9968f,-0.0146f,0.0791f,-1.0338f,-0.0318f,0.975f,-0.2199f,1.7219f,-0.0739f,-0.2217f,-0.9723f,-0.3329f,0f,0f,0f,1f],start_interpolation: 0,interpolation_duration: 1}
$data merge entity $(hugeasssword) {transformation: [-3.904f,-0.0573f,0.3098f,-0.7856f,-0.1244f,3.8188f,-0.8611f,1.9662f,-0.2895f,-0.8682f,-3.8082f,-0.1912f,0f,0f,0f,1f],start_interpolation: 0,interpolation_duration: 1}
$data merge entity $(whey) {transformation: [0f,0f,0f,-0.624f,0f,0f,0f,1.9112f,0f,0f,0f,-0.021f,0f,0f,0f,1f],start_interpolation: 0,interpolation_duration: 1}
$data merge entity $(ice) {transformation: [-1.4951f,-0.0219f,0.1186f,-0.7698f,-0.0476f,1.4625f,-0.3298f,1.9515f,-0.1109f,-0.3325f,-1.4585f,-0.1866f,0f,0f,0f,1f],start_interpolation: 0,interpolation_duration: 1}
$data merge entity $(righthand1) {transformation: [-0.9968f,-0.0146f,0.0791f,-1.0202f,-0.0318f,0.975f,-0.2199f,2.1804f,-0.0739f,-0.2217f,-0.9723f,-0.2909f,0f,0f,0f,1f],start_interpolation: 0,interpolation_duration: 1}
$data merge entity $(rightforearm) {transformation: [-0.9997f,-0.0033f,0.0259f,-0.9604f,-0.0051f,0.9977f,-0.0677f,2.8833f,-0.0256f,-0.0678f,-0.9974f,-0.3214f,0f,0f,0f,1f],start_interpolation: 0,interpolation_duration: 1}
$data merge entity $(rightelbow) {transformation: [-0.9996f,-0.0034f,0.0268f,-0.9611f,-0.0052f,0.9976f,-0.0687f,3.0704f,-0.0265f,-0.0689f,-0.9973f,-0.3343f,0f,0f,0f,1f],start_interpolation: 0,interpolation_duration: 1}
$data merge entity $(rightarm) {transformation: [-0.9996f,-0.0113f,0.0246f,-0.7488f,-0.0052f,0.9721f,0.2344f,3.5502f,-0.0265f,0.2342f,-0.9718f,-0.181f,0f,0f,0f,1f],start_interpolation: 0,interpolation_duration: 1}
$data merge entity $(chest1) {transformation: [-1.0832f,-0.0006f,0.0153f,-0.0002f,0f,1.0826f,0.0393f,3.394f,-0.0153f,0.0393f,-1.0825f,-0.2863f,0f,0f,0f,1f],start_interpolation: 0,interpolation_duration: 1}
$data merge entity $(chest1lid) {transformation: [-0.9999f,-0.0005f,0.0141f,-0.3467f,0f,0.9993f,0.0363f,2.6968f,-0.0141f,0.0363f,-0.9992f,0.0751f,0f,0f,0f,1f],start_interpolation: 0,interpolation_duration: 1}
$data merge entity $(chest2) {transformation: [-0.9999f,-0.0005f,0.0141f,-0.3466f,0f,0.9993f,0.0363f,2.5407f,-0.0141f,0.0363f,-0.9992f,0.0695f,0f,0f,0f,1f],start_interpolation: 0,interpolation_duration: 1}
$data merge entity $(chest1lid3) {transformation: [-0.9999f,-0.0005f,0.0141f,-0.2752f,0f,0.9993f,0.0363f,2.7201f,-0.0141f,0.0363f,-0.9992f,-0.5641f,0f,0f,0f,1f],start_interpolation: 0,interpolation_duration: 1}
$data merge entity $(chest3) {transformation: [-0.9999f,-0.0005f,0.0141f,-0.2751f,0f,0.9993f,0.0363f,2.5639f,-0.0141f,0.0363f,-0.9992f,-0.5698f,0f,0f,0f,1f],start_interpolation: 0,interpolation_duration: 1}
$data merge entity $(hugeasssword2) {transformation: [-0.0553f,2.886f,-2.6473f,-1.229f,-0.1422f,2.6443f,2.8858f,4.5632f,3.9137f,0.1368f,0.0674f,-0.5263f,0f,0f,0f,1f],start_interpolation: 0,interpolation_duration: 1}
$data merge entity $(belt) {transformation: [-0.9999f,-0.0005f,0.0141f,0.0302f,0f,0.9993f,0.0363f,2.9912f,-0.0141f,0.0363f,-0.9992f,-0.1695f,0f,0f,0f,1f],start_interpolation: 0,interpolation_duration: 1}
$data merge entity $(torn_part) {transformation: [-0.9999f,-0.0042f,0.0135f,-0.0931f,0f,0.9537f,0.3007f,2.7092f,-0.0141f,0.3007f,-0.9536f,-0.1816f,0f,0f,0f,1f],start_interpolation: 0,interpolation_duration: 1}
$data merge entity $(lowerbody) {transformation: [-0.9999f,0f,0.0141f,0.0026f,0f,1f,0f,2.2209f,-0.0141f,0f,-0.9999f,-0.0396f,0f,0f,0f,1f],start_interpolation: 0,interpolation_duration: 1}
$data merge entity $(leftfoot) {transformation: [-0.999f,-0.0423f,0.0169f,0.3608f,-0.0387f,0.9844f,0.1714f,0.1873f,-0.0239f,0.1706f,-0.9851f,-0.1586f,0f,0f,0f,1f],start_interpolation: 0,interpolation_duration: 1}
$data merge entity $(leftlowerleg) {transformation: [-0.999f,-0.0423f,0.0169f,0.3113f,-0.0387f,0.9844f,0.1714f,1.2531f,-0.0239f,0.1706f,-0.9851f,0.182f,0f,0f,0f,1f],start_interpolation: 0,interpolation_duration: 1}
$data merge entity $(leftleg) {transformation: [-0.999f,-0.0264f,0.0371f,0.2511f,-0.0387f,0.9209f,-0.3878f,2.2405f,-0.0239f,-0.3889f,-0.921f,-0.208f,0f,0f,0f,1f],start_interpolation: 0,interpolation_duration: 1}
$data merge entity $(rightfoot) {transformation: [-0.9975f,0.0237f,0.0666f,-0.3563f,0.0306f,0.9942f,0.1032f,0.1627f,-0.0638f,0.1049f,-0.9924f,-0.1087f,0f,0f,0f,1f],start_interpolation: 0,interpolation_duration: 1}
$data merge entity $(rightlowerleg) {transformation: [-0.9975f,0.0237f,0.0666f,-0.3402f,0.0306f,0.9942f,0.1032f,1.2498f,-0.0638f,0.1049f,-0.9924f,0.1602f,0f,0f,0f,1f],start_interpolation: 0,interpolation_duration: 1}
$data merge entity $(rightleg) {transformation: [-0.9962f,0.0582f,0.0655f,-0.2489f,0.0289f,0.9239f,-0.3815f,2.2405f,-0.0827f,-0.3782f,-0.922f,-0.215f,0f,0f,0f,1f],start_interpolation: 0,interpolation_duration: 1}
data modify entity @s data merge value {"cameras":{},"locators":{"soup":{"px":0.8432991708360961,"py":1.8538468995728516,"pz":-0.09551757273358327,"ry":90.80903790087466,"rx":-9.54166404439055e-15},"lefthand":{"px":0.8771982464786093,"py":1.83488928759298,"pz":-0.2828910744269859,"ry":0.8090379008746424,"rx":2.08},"sword":{"px":-1.1559103118116416,"py":2.7474649697331293,"pz":3.410550154497297,"ry":4.650571119857261,"rx":-12.701203160859107},"righthand":{"px":-0.8642486749205701,"py":1.9367065515758242,"pz":-0.17487318549382394,"ry":4.650571119857261,"rx":-12.701203160859107},"chest":{"px":-0.3801488314746977,"py":2.6287065132802687,"pz":0.22856643872969487,"ry":0.8090379008746424,"rx":2.08}}}