# This file was generated by Animated Java via MC-Build. It is not recommended to edit this file directly.
$data merge entity $(bone_nose) { transformation: [-0.8567473478444703f,-0.0006373173982528735f,0.515735955492731f,-0.0017844999713926973f,0.1346053700337041f,0.9650626941839455f,0.2248007799197197f,4.058621964857884f,-0.49786080014352996f,0.2620183011183733f,-0.8267291174015137f,0.25771681441598093f,0f,0f,0f,1f], start_interpolation: 0, interpolation_duration: 1 }
$data merge entity $(bone_glowing_eye) { transformation: [-0.8567473478444703f,-0.0006373173982528735f,0.515735955492731f,-0.1269179985199081f,0.1346053700337041f,0.9650626941839455f,0.2248007799197197f,4.132945657926955f,-0.49786080014352996f,0.2620183011183733f,-0.8267291174015137f,0.2420742115398744f,0f,0f,0f,1f], start_interpolation: 0, interpolation_duration: 1 }
$data merge entity $(bone_head) { transformation: [-0.8567473478444703f,-0.0006373173982528735f,0.515735955492731f,0.09486833033511805f,0.1346053700337041f,0.9650626941839455f,0.2248007799197197f,3.981554109244837f,-0.49786080014352996f,0.2620183011183733f,-0.8267291174015137f,0.07055445252205483f,0f,0f,0f,1f], start_interpolation: 0, interpolation_duration: 1 }
$data merge entity $(bone_leftthumb2) { transformation: [0.28106172997762546f,0.8371306181700434f,0.4692724497178859f,-0.28937034523365557f,-0.47848849259252113f,0.5461079974757177f,-0.6876153121837809f,2.512822802372896f,-0.8318972691375549f,-0.031279117879232564f,0.5540474261163715f,0.6757870512584228f,0f,0f,0f,1f], start_interpolation: 0, interpolation_duration: 1 }
$data merge entity $(bone_leftthumb) { transformation: [0.28106172997762546f,0.8371306181700434f,0.4692724497178859f,-0.043967489235322454f,-0.47848849259252113f,0.5461079974757177f,-0.6876153121837809f,2.5879898074028893f,-0.8318972691375549f,-0.031279117879232564f,0.5540474261163715f,0.7154635901092649f,0f,0f,0f,1f], start_interpolation: 0, interpolation_duration: 1 }
$data merge entity $(bone_leftpointerfinger) { transformation: [0.7335972961628038f,0.49154692044442533f,0.4692724497178859f,-0.3273949539581449f,-0.045684382144781266f,0.7246365431569479f,-0.6876153121837809f,2.4289008318498615f,-0.6780471549167312f,0.4829943118952341f,0.5540474261163715f,0.842686787574513f,0f,0f,0f,1f], start_interpolation: 0, interpolation_duration: 1 }
$data merge entity $(bone_leftmidfinger) { transformation: [0.6888667917128645f,0.5524906435506394f,0.4692724497178859f,-0.25407113368972517f,-0.1074955285013634f,0.7180737384159194f,-0.6876153121837809f,2.321460939321146f,-0.7168732486482098f,0.4232306640431271f,0.5540474261163715f,0.929256697905196f,0f,0f,0f,1f], start_interpolation: 0, interpolation_duration: 1 }
$data merge entity $(bone_leftringfinger) { transformation: [0.6888667917128645f,0.5524906435506394f,0.4692724497178859f,-0.1807473134213055f,-0.1074955285013634f,0.7180737384159194f,-0.6876153121837809f,2.21402104679243f,-0.7168732486482098f,0.4232306640431271f,0.5540474261163715f,1.0158266082358791f,0f,0f,0f,1f], start_interpolation: 0, interpolation_duration: 1 }
$data merge entity $(bone_invisibility) { transformation: [0.874844872337438f,-0.39452598556606666f,-0.28106172997762524f,-0.19779948227867553f,0.4841002684127699f,0.7325951764646154f,0.4784884925925209f,2.420402780218414f,0.01712832354832219f,-0.5546652631397633f,0.8318972691375548f,0.6659709140270438f,0f,0f,0f,1f], start_interpolation: 0, interpolation_duration: 1 }
$data merge entity $(bone_swiftness) { transformation: [0.46927244971788595f,0.8371306181700434f,-0.28106172997762535f,-0.2085339370208365f,-0.687615312183781f,0.5461079974757177f,0.47848849259252096f,2.1926014947825276f,0.5540474261163713f,-0.031279117879232564f,0.831897269137555f,0.7307627173641759f,0f,0f,0f,1f], start_interpolation: 0, interpolation_duration: 1 }
$data merge entity $(bone_suspicious_stew) { transformation: [0.9570211049968878f,-0.071518588720144f,-0.2810617299776254f,-0.1490513956832927f,0.20434314269383624f,0.8539863245336798f,0.4784884925925213f,2.265876096802281f,0.2058020520416238f,-0.515356623103784f,0.8318972691375551f,0.7713210150744525f,0f,0f,0f,1f], start_interpolation: 0, interpolation_duration: 1 }
$data merge entity $(bone_log) { transformation: [0.28106172997762546f,0.8371306181700434f,0.4692724497178859f,0.003936614853891018f,-0.47848849259252113f,0.5461079974757177f,-0.6876153121837809f,2.2570493325475818f,-0.8318972691375549f,-0.031279117879232564f,0.5540474261163715f,0.7153917294571076f,0f,0f,0f,1f], start_interpolation: 0, interpolation_duration: 1 }
$data merge entity $(bone_planks) { transformation: [0.28106172997762546f,0.8371306181700434f,0.4692724497178859f,0.030286152039293412f,-0.47848849259252113f,0.5461079974757177f,-0.6876153121837809f,2.212191036367033f,-0.8318972691375549f,-0.031279117879232564f,0.5540474261163715f,0.6374013604754618f,0f,0f,0f,1f], start_interpolation: 0, interpolation_duration: 1 }
$data merge entity $(bone_lefthand1) { transformation: [0.28106172997762546f,0.8371306181700434f,0.4692724497178859f,0.1282890728483116f,-0.47848849259252113f,0.5461079974757177f,-0.6876153121837809f,2.5346864335703847f,-0.8318972691375549f,-0.031279117879232564f,0.5540474261163715f,0.8982322852055515f,0f,0f,0f,1f], start_interpolation: 0, interpolation_duration: 1 }
$data merge entity $(bone_leftforearm) { transformation: [0.22725729743622605f,0.9095063222912539f,0.3480694908695971f,0.7713682597630411f,-0.4992417985746862f,0.415688882302555f,-0.7602370549282409f,2.8095795487824287f,-0.8361290255205206f,-0.001001420136845314f,0.5485319041220981f,0.8338982588541223f,0f,0f,0f,1f], start_interpolation: 0, interpolation_duration: 1 }
$data merge entity $(bone_leftelbow) { transformation: [0.22725729743622605f,0.9095063222912539f,0.3480694908695971f,0.9419006951926513f,-0.4992417985746862f,0.415688882302555f,-0.7602370549282409f,2.8875212142141575f,-0.8361290255205206f,-0.001001420136845314f,0.5485319041220981f,0.8337104925784637f,0f,0f,0f,1f], start_interpolation: 0, interpolation_duration: 1 }
$data merge entity $(bone_leftarm) { transformation: [-0.06093419413213835f,0.15845381427976632f,0.9854843543789319f,0.8083489943998781f,-0.4166520913223346f,0.8931488864793278f,-0.1693697180060887f,3.33049823861164f,-0.9070215315978956f,-0.4209245244945113f,0.011596805460030779f,0.3528370102761347f,0f,0f,0f,1f], start_interpolation: 0, interpolation_duration: 1 }
$data merge entity $(bone_rightthumb2) { transformation: [-0.5956136186518957f,-0.1801028016802515f,-0.7828201569347317f,-0.8490144560770673f,0.019214406906630982f,0.9710672211600846f,-0.2380320536307195f,2.4371613258544502f,0.803041234211308f,-0.1568165578481917f,-0.5749202930328899f,0.027050497886544553f,0f,0f,0f,1f], start_interpolation: 0, interpolation_duration: 1 }
$data merge entity $(bone_rightthumb) { transformation: [-0.5956136186518957f,-0.1801028016802515f,-0.7828201569347317f,-0.9600811709793862f,0.019214406906630982f,0.9710672211600846f,-0.2380320536307195f,2.654966654616655f,0.803041234211308f,-0.1568165578481917f,-0.5749202930328899f,-0.0605388377433988f,0f,0f,0f,1f], start_interpolation: 0, interpolation_duration: 1 }
$data merge entity $(bone_rightpointerfinger) { transformation: [-0.545985433347649f,-0.29848368208138554f,-0.7828201569347317f,-1.0028248735744203f,-0.18044618056104325f,0.9543479016403157f,-0.2380320536307195f,2.3272790459149753f,0.8181314579534952f,0.011294873432869529f,-0.5749202930328899f,0.05179984155648422f,0f,0f,0f,1f], start_interpolation: 0, interpolation_duration: 1 }
$data merge entity $(bone_rightmidfinger) { transformation: [-0.5324461008446291f,-0.3220151418676348f,-0.7828201569347317f,-1.125140523095472f,-0.2219025065836935f,0.9455686220556476f,-0.2380320536307195f,2.290086537535175f,0.8168601026291009f,0.046970516196341044f,-0.5749202930328899f,-0.03803145422990484f,0f,0f,0f,1f], start_interpolation: 0, interpolation_duration: 1 }
$data merge entity $(bone_rightringfinger) { transformation: [-0.5381913098586427f,-0.3123182925947825f,-0.7828201569347317f,-1.247456172616524f,-0.20473932649343268f,0.9494327515055281f,-0.2380320536307195f,2.2528940291553754f,0.8175768601053081f,0.03216728896444057f,-0.5749202930328899f,-0.12786275001629388f,0f,0f,0f,1f], start_interpolation: 0, interpolation_duration: 1 }
$data merge entity $(bone_hugeasssword) { transformation: [-2.3328200063865916f,-0.7054026399143184f,-3.0660456146610326f,-0.9912824722802582f,0.07525642705097135f,3.8033466162103315f,-0.9322922100536515f,2.4859499908367235f,3.14524483399429f,-0.6141981849054176f,-2.2517711477121525f,-0.27420951580155856f,0f,0f,0f,1f], start_interpolation: 0, interpolation_duration: 1 }
$data merge entity $(bone_ice) { transformation: [-0.5956136186518957f,-0.1801028016802515f,-0.7828201569347317f,-0.9791619032125685f,0.019214406906630982f,0.9710672211600846f,-0.2380320536307195f,2.4704768403981814f,0.803041234211308f,-0.1568165578481917f,-0.5749202930328899f,-0.28430677636973223f,0f,0f,0f,1f], start_interpolation: 0, interpolation_duration: 1 }
$data merge entity $(bone_righthand1) { transformation: [-0.5956136186518957f,-0.1801028016802515f,-0.7828201569347317f,-1.1975541381998156f,0.019214406906630982f,0.9710672211600846f,-0.2380320536307195f,2.7106087457389f,0.803041234211308f,-0.1568165578481917f,-0.5749202930328899f,-0.140716866436231f,0f,0f,0f,1f], start_interpolation: 0, interpolation_duration: 1 }
$data merge entity $(bone_rightforearm) { transformation: [-0.378293590690583f,-0.14108143013869048f,-0.9148715698459797f,-1.2706612715045462f,0.4377933114454935f,0.8435345073428856f,-0.3111053702130269f,3.2779573718407455f,0.8156169295055214f,-0.5182138216912178f,-0.2573391911702686f,-0.5228012160457374f,0f,0f,0f,1f], start_interpolation: 0, interpolation_duration: 1 }
$data merge entity $(bone_rightelbow) { transformation: [-0.378293590690583f,-0.14108143013869048f,-0.9148715698459797f,-1.2971140396555507f,0.4377933114454935f,0.8435345073428856f,-0.3111053702130269f,3.4361200919675365f,0.8156169295055214f,-0.5182138216912178f,-0.2573391911702686f,-0.6199663076128407f,0f,0f,0f,1f], start_interpolation: 0, interpolation_duration: 1 }
$data merge entity $(bone_rightarm) { transformation: [-0.5903878867999058f,0.7412736450719533f,-0.31930475449275914f,-0.6659983452686367f,0.5592985419074235f,0.6609638060061084f,0.5003118908942197f,3.58116828746011f,0.5819169048413798f,0.11679139639399522f,-0.8048182935223138f,-0.5535252605649206f,0f,0f,0f,1f], start_interpolation: 0, interpolation_duration: 1 }
$data merge entity $(bone_chest1) { transformation: [-0.9281429601648428f,-0.0006904271814406129f,0.5587139517837919f,0.135415982529581f,0.14582248420317942f,1.045484585365941f,0.24353417824636298f,3.3665507689343905f,-0.5393492001554907f,0.2838531595449044f,-0.8956232105183064f,-0.17016538450634242f,0f,0f,0f,1f], start_interpolation: 0, interpolation_duration: 1 }
$data merge entity $(bone_chest1lid) { transformation: [-0.8567473478444703f,-0.0006373173982528735f,0.515735955492731f,-0.35848248470042515f,0.1346053700337041f,0.9650626941839455f,0.2248007799197197f,2.664968263909685f,-0.49786080014352996f,0.2620183011183733f,-0.8267291174015137f,-0.19570956430639946f,0f,0f,0f,1f], start_interpolation: 0, interpolation_duration: 1 }
$data merge entity $(bone_chest2) { transformation: [-0.8567473478444703f,-0.0006373173982528735f,0.515735955492731f,-0.35838290385694815f,0.1346053700337041f,0.9650626941839455f,0.2248007799197197f,2.514177217943444f,-0.49786080014352996f,0.2620183011183733f,-0.8267291174015137f,-0.2366499238561453f,0f,0f,0f,1f], start_interpolation: 0, interpolation_duration: 1 }
$data merge entity $(bone_chest1lid3) { transformation: [-0.8567473478444703f,-0.0006373173982528735f,0.515735955492731f,0.025457571027384995f,0.1346053700337041f,0.9650626941839455f,0.2248007799197197f,2.800568427918649f,-0.49786080014352996f,0.2620183011183733f,-0.8267291174015137f,-0.6942166051327735f,0f,0f,0f,1f], start_interpolation: 0, interpolation_duration: 1 }
$data merge entity $(bone_chest3) { transformation: [-0.8567473478444703f,-0.0006373173982528735f,0.515735955492731f,0.025557151870862008f,0.1346053700337041f,0.9650626941839455f,0.2248007799197197f,2.6497773819524078f,-0.49786080014352996f,0.2620183011183733f,-0.8267291174015137f,-0.7351569646825193f,0f,0f,0f,1f], start_interpolation: 0, interpolation_duration: 1 }
$data merge entity $(bone_hugeasssword2) { transformation: [-2.019965825679864f,2.472316863715979f,-2.268846659924119f,-0.7842464245353308f,-0.8804697213522352f,2.164919550649356f,3.142956281397482f,4.711711025819919f,3.2380223764892615f,2.1309740595276043f,-0.5607480938470123f,-0.6985615800419733f,0f,0f,0f,1f], start_interpolation: 0, interpolation_duration: 1 }
$data merge entity $(bone_belt) { transformation: [-0.8567473478444703f,-0.0006373173982528735f,0.515735955492731f,0.09559926587221344f,0.1346053700337041f,0.9650626941839455f,0.2248007799197197f,2.948399120121191f,-0.49786080014352996f,0.2620183011183733f,-0.8267291174015137f,-0.15036836699757533f,0f,0f,0f,1f], start_interpolation: 0, interpolation_duration: 1 }
$data merge entity $(bone_torn_part) { transformation: [-0.9548668847870314f,-0.07034682438319831f,0.28858370819626955f,-0.07975914545299705f,-0.009493907458596008f,0.978282538933772f,0.20705830033703176f,2.6406850323571938f,-0.29688229664006205f,0.1949733271924452f,-0.9347974666339388f,-0.0849157764294759f,0f,0f,0f,1f], start_interpolation: 0, interpolation_duration: 1 }
$data merge entity $(bone_lowerbody) { transformation: [-0.9548668847870314f,0.019687835851502158f,0.29638087228529864f,-0.03780218749999991f,-0.009493907458596008f,0.9952682717489937f,-0.09670022218660558f,2.1692398046875003f,-0.29688229664006205f,-0.09514965249151243f,-0.9501617996807f,0.12415292968749991f,0f,0f,0f,1f], start_interpolation: 0, interpolation_duration: 1 }
$data merge entity $(bone_leftfoot) { transformation: [-0.9689692955283515f,-0.24694839763249798f,0.01077807291685079f,0.5378080074173435f,-0.228464279505153f,0.9113815780783532f,0.3423269743599674f,0.22858008909132677f,-0.09436009386319996f,0.32924171674645436f,-0.9395190662087436f,-0.18459092826641055f,0f,0f,0f,1f], start_interpolation: 0, interpolation_duration: 1 }
$data merge entity $(bone_leftlowerleg) { transformation: [-0.9689692955283515f,-0.24694839763249798f,0.01077807291685079f,0.262193625044186f,-0.228464279505153f,0.9113815780783532f,0.3423269743599674f,1.1870469853421035f,-0.09436009386319996f,0.32924171674645436f,-0.9395190662087436f,0.325014595376246f,0f,0f,0f,1f], start_interpolation: 0, interpolation_duration: 1 }
$data merge entity $(bone_leftleg) { transformation: [-0.9722046996041175f,0.01260417038507669f,0.23379297884361616f,0.23928516330447172f,-0.05805021656651967f,0.9543948934454968f,-0.2928490391340547f,2.149472241612691f,-0.22682194431810998f,-0.2982809451742817f,-0.9271355258653879f,0.07120569252906259f,0f,0f,0f,1f], start_interpolation: 0, interpolation_duration: 1 }
$data merge entity $(bone_rightfoot) { transformation: [-0.9031390709674143f,0.001671129185164627f,0.4293448798103485f,-0.4333014242500251f,0.13990132420251483f,0.9465611633006996f,0.29060210532136355f,0.22108768905797516f,-0.4059155552310097f,0.32252003264614837f,-0.855110162823147f,-0.25722462211152236f,0f,0f,0f,1f], start_interpolation: 0, interpolation_duration: 1 }
$data merge entity $(bone_rightlowerleg) { transformation: [-0.9031390709674143f,0.001671129185164627f,0.4293448798103485f,-0.49741447770924396f,0.13990132420251483f,0.9465611633006996f,0.29060210532136355f,1.2265292374962722f,-0.4059155552310097f,0.32252003264614837f,-0.855110162823147f,0.23195497451611263f,0f,0f,0f,1f], start_interpolation: 0, interpolation_duration: 1 }
$data merge entity $(bone_rightleg) { transformation: [-0.9172238674734947f,0.23229171163627282f,0.32363704615209915f,-0.2600511684223466f,0.0820647926100192f,0.9051506135431363f,-0.4170943977283301f,2.133277933002602f,-0.38982784245207497f,-0.35600972951251575f,-0.8492887175404993f,-0.05657880426504458f,0f,0f,0f,1f], start_interpolation: 0, interpolation_duration: 1 }
data modify entity @s data merge value {"locators":{"lefthand":{"posx":-0.09514613390288798,"posy":2.2699869306782117,"posz":0.78716878849,"roty":139.73574517145164,"rotx":-43.44163534644789},"righthand":{"posx":-1.0199550087328246,"posy":2.4608245165530316,"posz":-0.19758827236740525,"roty":306.2943766294004,"rotx":-13.770419631434736},"chest":{"posx":-0.4657997500289133,"posy":2.573733141474286,"posz":-0.0984674335367966,"roty":31.957028932866336,"rotx":12.99116358626267},"sack":{"posx":0,"posy":-0.4375,"posz":0,"roty":0,"rotx":0}},"cameras":{}}