# This file was generated by Animated Java via MC-Build. It is not recommended to edit this file directly.
$data merge entity $(bone_nose) { transformation: [-0.963488256866374f,-0.07264128685586699f,0.25770840561479536f,-0.10033494574717718f,-0.02774483779034702f,0.9843993134081073f,0.17374756325668084f,4.0192986095872305f,-0.266309224129739f,0.1602536589459682f,-0.9504725992567307f,0.02504223155084323f,0f,0f,0f,1f], start_interpolation: 0, interpolation_duration: 1 }
$data merge entity $(bone_glowing_eye) { transformation: [-0.963488256866374f,-0.07264128685586699f,0.25770840561479536f,-0.23468227906775363f,-0.02774483779034702f,0.9843993134081073f,0.17374756325668084f,4.076419306813518f,-0.266309224129739f,0.1602536589459682f,-0.9504725992567307f,0.035771388702685036f,0f,0f,0f,1f], start_interpolation: 0, interpolation_duration: 1 }
$data merge entity $(bone_head) { transformation: [-0.963488256866374f,-0.07264128685586699f,0.25770840561479536f,-0.04310823915683766f,-0.02774483779034702f,0.9843993134081073f,0.17374756325668084f,3.9302831585730815f,-0.266309224129739f,0.1602536589459682f,-0.9504725992567307f,-0.17272613603693976f,0f,0f,0f,1f], start_interpolation: 0, interpolation_duration: 1 }
$data merge entity $(bone_leftthumb2) { transformation: [-0.5154245083337838f,0.11020783802687464f,-0.8498186916315267f,1.2565571018209971f,0.8253116808143559f,0.3307597272171018f,-0.45766650780087836f,3.4042724562147226f,0.23064736226599364f,-0.9372578275419795f,-0.26143748581836757f,1.9224780271649924f,0f,0f,0f,1f], start_interpolation: 0, interpolation_duration: 1 }
$data merge entity $(bone_leftthumb) { transformation: [-0.5154245083337838f,0.11020783802687464f,-0.8498186916315267f,1.2109613666982018f,0.8253116808143559f,0.3307597272171018f,-0.45766650780087836f,3.446277763026369f,0.23064736226599364f,-0.9372578275419795f,-0.26143748581836757f,1.6702807804497053f,0f,0f,0f,1f], start_interpolation: 0, interpolation_duration: 1 }
$data merge entity $(bone_leftpointerfinger) { transformation: [-0.5068229649215793f,0.14470201650903214f,-0.8498186916315267f,1.1913387242744133f,0.8457309579807016f,0.27437294755568314f,-0.45766650780087836f,3.226025644891021f,0.16694199274342247f,-0.9506738726123837f,-0.26143748581836757f,1.9403365677163384f,0f,0f,0f,1f], start_interpolation: 0, interpolation_duration: 1 }
$data merge entity $(bone_leftmidfinger) { transformation: [-0.5080766048573806f,0.14023678173103454f,-0.8498186916315267f,1.0585545537069871f,0.8432839562692187f,0.2818040750881422f,-0.45766650780087836f,3.154515253047134f,0.175300692227761f,-0.9491681138309689f,-0.26143748581836757f,1.8994869605572184f,0f,0f,0f,1f], start_interpolation: 0, interpolation_duration: 1 }
$data merge entity $(bone_leftringfinger) { transformation: [-0.5080766048573806f,0.14023678173103454f,-0.8498186916315267f,0.9257703831395612f,0.8432839562692187f,0.2818040750881422f,-0.45766650780087836f,3.0830048612032463f,0.175300692227761f,-0.9491681138309689f,-0.26143748581836757f,1.8586373533980984f,0f,0f,0f,1f], start_interpolation: 0, interpolation_duration: 1 }
$data merge entity $(bone_invisibility) { transformation: [0.03572188466053754f,0.8561901209224366f,0.5154245083337835f,1.1333074453595033f,0.2896128221778365f,0.48475255826201874f,-0.8253116808143558f,3.4312505085768605f,-0.9564770568008876f,0.17875523514921582f,-0.2306473622659937f,1.8892402946856321f,0f,0f,0f,1f], start_interpolation: 0, interpolation_duration: 1 }
$data merge entity $(bone_swiftness) { transformation: [-0.8498186916315268f,0.11020783802687464f,0.5154245083337836f,0.9321975205568747f,-0.4576665078008782f,0.3307597272171018f,-0.825311680814356f,3.3436324011644176f,-0.2614374858183675f,-0.9372578275419795f,-0.2306473622659937f,1.9791541275695321f,0f,0f,0f,1f], start_interpolation: 0, interpolation_duration: 1 }
$data merge entity $(bone_suspicious_stew) { transformation: [-0.259266676455841f,0.8167731427320687f,0.515424508333784f,0.9688004482710824f,0.106351892431234f,0.5545718208561252f,-0.8253116808143561f,3.329933676150894f,-0.959932323372767f,-0.15915944465818532f,-0.2306473622659938f,1.8841547267607186f,0f,0f,0f,1f], start_interpolation: 0, interpolation_duration: 1 }
$data merge entity $(bone_log) { transformation: [-0.5154245083337838f,0.11020783802687464f,-0.8498186916315267f,0.8944201291979217f,0.8253116808143559f,0.3307597272171018f,-0.45766650780087836f,3.4271984945762117f,0.23064736226599364f,-0.9372578275419795f,-0.26143748581836757f,1.776365806382672f,0f,0f,0f,1f], start_interpolation: 0, interpolation_duration: 1 }
$data merge entity $(bone_planks) { transformation: [-0.5154245083337838f,0.11020783802687464f,-0.8498186916315267f,0.8460990815416295f,0.8253116808143559f,0.3307597272171018f,-0.45766650780087836f,3.5045714646525576f,0.23064736226599364f,-0.9372578275419795f,-0.26143748581836757f,1.7979889965951088f,0f,0f,0f,1f], start_interpolation: 0, interpolation_duration: 1 }
$data merge entity $(bone_lefthand1) { transformation: [-0.5154245083337838f,0.11020783802687464f,-0.8498186916315267f,1.0773850499015716f,0.8253116808143559f,0.3307597272171018f,-0.45766650780087836f,3.3178625845456757f,0.23064736226599364f,-0.9372578275419795f,-0.26143748581836757f,1.4925594303625027f,0f,0f,0f,1f], start_interpolation: 0, interpolation_duration: 1 }
$data merge entity $(bone_leftforearm) { transformation: [-0.546882915602457f,0.07271623686340997f,0.8340452179100247f,1.0793908003240174f,-0.8010036399973224f,0.24435135473182634f,-0.5465213483037615f,3.3914452621934474f,-0.24354105471808254f,-0.9669564438676367f,-0.07538561089265255f,0.7819912328323794f,0f,0f,0f,1f], start_interpolation: 0, interpolation_duration: 1 }
$data merge entity $(bone_leftelbow) { transformation: [-0.546882915602457f,0.07271623686340997f,0.8340452179100247f,1.0930250947359068f,-0.8010036399973224f,0.24435135473182634f,-0.5465213483037615f,3.437261141205665f,-0.24354105471808254f,-0.9669564438676367f,-0.07538561089265255f,0.6006868996071975f,0f,0f,0f,1f], start_interpolation: 0, interpolation_duration: 1 }
$data merge entity $(bone_leftarm) { transformation: [-0.6039357468664189f,-0.21490564859711356f,0.7675136323596832f,0.7700594681057276f,-0.7879327751759911f,0.3060819320346889f,-0.5342993474498854f,3.447362978432813f,-0.12009810764688181f,-0.9274316217829572f,-0.35418502432580634f,0.12631675484859928f,0f,0f,0f,1f], start_interpolation: 0, interpolation_duration: 1 }
$data merge entity $(bone_rightthumb2) { transformation: [-0.5270083669644597f,0.3578676804168087f,0.7708390911614087f,-2.030832783358605f,-0.6067993971826352f,0.4765968173614328f,-0.6361210303548721f,3.1073033495949063f,-0.5950266151427549f,-0.8029858012406236f,-0.034016617670040605f,1.055624805877071f,0f,0f,0f,1f], start_interpolation: 0, interpolation_duration: 1 }
$data merge entity $(bone_rightthumb) { transformation: [-0.5270083669644597f,0.3578676804168087f,0.7708390911614087f,-1.8771944371110594f,-0.6067993971826352f,0.4765968173614328f,-0.6361210303548721f,3.169823831625116f,-0.5950266151427549f,-0.8029858012406236f,-0.034016617670040605f,0.8557915854117799f,0f,0f,0f,1f], start_interpolation: 0, interpolation_duration: 1 }
$data merge entity $(bone_rightpointerfinger) { transformation: [-0.32619307528908187f,0.5471792879586226f,0.7708390911614087f,-2.0161282274863717f,-0.34828024140295705f,0.6885135497494252f,-0.6361210303548721f,2.9172536435636602f,-0.8788054113862462f,-0.4759662999000464f,-0.034016617670040605f,1.0525957364593375f,0f,0f,0f,1f], start_interpolation: 0, interpolation_duration: 1 }
$data merge entity $(bone_rightmidfinger) { transformation: [-0.34975023707963027f,0.5324301524145645f,0.7708390911614087f,-1.8956846194924013f,-0.3779812950185272f,0.6726664666507269f,-0.6361210303548721f,2.8178597325707115f,-0.8572076249537564f,-0.5138462391060488f,-0.034016617670040605f,1.0472806399483936f,0f,0f,0f,1f], start_interpolation: 0, interpolation_duration: 1 }
$data merge entity $(bone_rightringfinger) { transformation: [-0.37765433849947255f,0.5130149083116198f,0.7708390911614087f,-1.7752410114984312f,-0.41332600019939536f,0.651545587276459f,-0.6361210303548721f,2.718465821577763f,-0.8285763804090094f,-0.5588417052713542f,-0.034016617670040605f,1.0419655434374497f,0f,0f,0f,1f], start_interpolation: 0, interpolation_duration: 1 }
$data merge entity $(bone_hugeasssword) { transformation: [-2.064116103944134f,1.4016484149658344f,3.0191197737155178f,-1.6950505102321995f,-2.376630972298655f,1.8666708679989452f,-2.4914740355565828f,3.085788942073185f,-2.3305209093091235f,-3.145027721525776f,-0.13323175254099237f,1.0427596033697806f,0f,0f,0f,1f], start_interpolation: 0, interpolation_duration: 1 }
$data merge entity $(bone_ice) { transformation: [-0.5270083669644597f,0.3578676804168087f,0.7708390911614087f,-1.6924076870048925f,-0.6067993971826352f,0.4765968173614328f,-0.6361210303548721f,3.0878233573828915f,-0.5950266151427549f,-0.8029858012406236f,-0.034016617670040605f,1.064603547375771f,0f,0f,0f,1f], start_interpolation: 0, interpolation_duration: 1 }
$data merge entity $(bone_righthand1) { transformation: [-0.5270083669644597f,0.3578676804168087f,0.7708390911614087f,-1.7106041370430112f,-0.6067993971826352f,0.4765968173614328f,-0.6361210303548721f,3.035393930229001f,-0.5950266151427549f,-0.8029858012406236f,-0.034016617670040605f,0.7140374239777376f,0f,0f,0f,1f], start_interpolation: 0, interpolation_duration: 1 }
$data merge entity $(bone_rightforearm) { transformation: [-0.6944593953285518f,0.3520656918195672f,-0.6275156546919863f,-1.4035038238287416f,0.7188365046445752f,0.37780246371066095f,-0.5835575190197836f,3.2247521869561906f,0.03162637870943098f,-0.856338161626448f,-0.5154461418149943f,0.0993154619727849f,0f,0f,0f,1f], start_interpolation: 0, interpolation_duration: 1 }
$data merge entity $(bone_rightelbow) { transformation: [-0.6944593953285518f,0.3520656918195672f,-0.6275156546919863f,-1.3374915066125728f,0.7188365046445752f,0.37780246371066095f,-0.5835575190197836f,3.2955901489019395f,0.03162637870943098f,-0.856338161626448f,-0.5154461418149943f,-0.06124794333217409f,0f,0f,0f,1f], start_interpolation: 0, interpolation_duration: 1 }
$data merge entity $(bone_rightarm) { transformation: [-0.6837882854064886f,0.5698452102754827f,-0.4557521443360917f,-0.8519173289897818f,0.7226520525408967f,0.44238015546441767f,-0.5311062125504722f,3.386243490742162f,-0.10103262690479652f,-0.692514429003013f,-0.7142941788390463f,-0.3413652348531945f,0f,0f,0f,1f], start_interpolation: 0, interpolation_duration: 1 }
$data merge entity $(bone_chest1) { transformation: [-1.0437789449385717f,-0.07869472742718923f,0.27918410608269495f,0.023397584507152364f,-0.030056907606209268f,1.0664325895254494f,0.18822652686140423f,3.2980364797304738f,-0.2885016594738839f,0.1736081305247989f,-1.0296786491947916f,-0.35619377117113804f,0f,0f,0f,1f], start_interpolation: 0, interpolation_duration: 1 }
$data merge entity $(bone_chest1lid) { transformation: [-0.963488256866374f,-0.07264128685586699f,0.25770840561479536f,-0.3567628502505212f,-0.02774483779034702f,0.9843993134081073f,0.17374756325668084f,2.5477857631057566f,-0.266309224129739f,0.1602536589459682f,-0.9504725992567307f,-0.1847058169017453f,0f,0f,0f,1f], start_interpolation: 0, interpolation_duration: 1 }
$data merge entity $(bone_chest2) { transformation: [-0.963488256866374f,-0.07264128685586699f,0.25770840561479536f,-0.345412649179292f,-0.02774483779034702f,0.9843993134081073f,0.17374756325668084f,2.3939733703857398f,-0.266309224129739f,0.1602536589459682f,-0.9504725992567307f,-0.20974545111205284f,0f,0f,0f,1f], start_interpolation: 0, interpolation_duration: 1 }
$data merge entity $(bone_chest1lid3) { transformation: [-0.963488256866374f,-0.07264128685586699f,0.25770840561479536f,-0.13145038684939456f,-0.02774483779034702f,0.9843993134081073f,0.17374756325668084f,2.6608268481789645f,-0.266309224129739f,0.1602536589459682f,-0.9504725992567307f,-0.7769579992924797f,0f,0f,0f,1f], start_interpolation: 0, interpolation_duration: 1 }
$data merge entity $(bone_chest3) { transformation: [-0.963488256866374f,-0.07264128685586699f,0.25770840561479536f,-0.12010018577816534f,-0.02774483779034702f,0.9843993134081073f,0.17374756325668084f,2.5070144554589477f,-0.266309224129739f,0.1602536589459682f,-0.9504725992567307f,-0.8019976335027872f,0f,0f,0f,1f], start_interpolation: 0, interpolation_duration: 1 }
$data merge entity $(bone_hugeasssword2) { transformation: [-1.0093579219912827f,2.590022396507226f,-2.759213356861368f,-1.1796808104779306f,-0.6805112894219998f,2.684899191833704f,2.769205390078119f,4.452083589432124f,3.722684347088862f,1.1930541031568798f,-0.24191100979055727f,-0.7501674292228947f,0f,0f,0f,1f], start_interpolation: 0, interpolation_duration: 1 }
$data merge entity $(bone_belt) { transformation: [-0.963488256866374f,-0.07264128685586699f,0.25770840561479536f,0.04945743824156799f,-0.02774483779034702f,0.9843993134081073f,0.17374756325668084f,2.8840653432947922f,-0.266309224129739f,0.1602536589459682f,-0.9504725992567307f,-0.28707882015253605f,0f,0f,0f,1f], start_interpolation: 0, interpolation_duration: 1 }
$data merge entity $(bone_torn_part) { transformation: [-0.96107306021713f,-0.012818420889390142f,0.27599684963923665f,-0.12995386677613f,-0.026184814213622683f,0.9986527975451637f,-0.04479894485159652f,2.580109907067154f,-0.2750507742753672f,-0.050281985254370776f,-0.9601139482006291f,-0.11925548110854389f,0f,0f,0f,1f], start_interpolation: 0, interpolation_duration: 1 }
$data merge entity $(bone_lowerbody) { transformation: [-0.96107306021713f,0.07076870804739076f,0.267077447355976f,-0.10821187500000003f,-0.026184814213622683f,0.9389607984024128f,-0.3430262009936f,2.172428125f,-0.2750507742753672f,-0.3366666140632402f,-0.9005568624721675f,0.19863375f,0f,0f,0f,1f], start_interpolation: 0, interpolation_duration: 1 }
$data merge entity $(bone_leftfoot) { transformation: [-0.9712110497818162f,-0.22666398286952086f,-0.0732975828484671f,0.523753936506465f,-0.23813268531047566f,0.9153909933032569f,0.32457996482546286f,0.23087474551086518f,-0.006474640416602298f,0.33269019860675547f,-0.9430139504707624f,-0.10462138774326418f,0f,0f,0f,1f], start_interpolation: 0, interpolation_duration: 1 }
$data merge entity $(bone_leftlowerleg) { transformation: [-0.9712110497818162f,-0.22666398286952086f,-0.0732975828484671f,0.2835604334383322f,-0.23813268531047566f,0.9153909933032569f,0.32457996482546286f,1.1965163371485794f,-0.006474640416602298f,0.33269019860675547f,-0.9430139504707624f,0.4093467691399045f,0f,0f,0f,1f], start_interpolation: 0, interpolation_duration: 1 }
$data merge entity $(bone_leftleg) { transformation: [-0.9781208946735359f,-0.07089741113837783f,0.19558392699022464f,0.18553055210106312f,-0.13342611367754992f,0.9351017784062838f,-0.3283018979694008f,2.1341339630602376f,-0.15961512331839744f,-0.34721494944094944f,-0.9241021541435621f,0.11050227551719288f,0f,0f,0f,1f], start_interpolation: 0, interpolation_duration: 1 }
$data merge entity $(bone_rightfoot) { transformation: [-0.9063425208759348f,-0.018933950484432777f,0.42211934375400195f,-0.4207004348973673f,0.1288730315419638f,0.9390112924254589f,0.31882524121947026f,0.22835030882928176f,-0.4024114518666686f,0.3433646723478151f,-0.8486257863098654f,-0.1759111077540101f,0f,0f,0f,1f], start_interpolation: 0, interpolation_duration: 1 }
$data merge entity $(bone_rightlowerleg) { transformation: [-0.9063425208759348f,-0.018933950484432777f,0.42211934375400195f,-0.5065620766117084f,0.1288730315419638f,0.9390112924254589f,0.31882524121947026f,1.221079857910834f,-0.4024114518666686f,0.3433646723478151f,-0.8486257863098654f,0.335396714960543f,0f,0f,0f,1f], start_interpolation: 0, interpolation_duration: 1 }
$data merge entity $(bone_rightleg) { transformation: [-0.9166343987302175f,0.1858202379408423f,0.35390990129706984f,-0.31309259579210313f,0.006392359949924237f,0.8920809695024401f,-0.45183036815364375f,2.1151464093106314f,-0.3996755143848113f,-0.41190093836163494f,-0.818899932945437f,-0.0020957161572671412f,0f,0f,0f,1f], start_interpolation: 0, interpolation_duration: 1 }
data modify entity @s data merge value {"locators":{"lefthand":{"posx":0.947409606565107,"posy":3.3311359599954184,"posz":1.8320508446628643,"roty":287.09994575869354,"rotx":-27.236633722182916},"righthand":{"posx":-1.75945076471372,"posy":3.0334284797250417,"posz":1.021897965001617,"roty":87.47321463199972,"rotx":-39.503178868176626},"chest":{"posx":-0.4225987162264155,"posy":2.458245723077945,"posz":-0.05453249020605849,"roty":15.170283165151318,"rotx":10.005782271204843},"sack":{"posx":0,"posy":-0.4375,"posz":0,"roty":0,"rotx":0}},"cameras":{}}