# This file was generated by Animated Java via MC-Build. It is not recommended to edit this file directly.
$data merge entity $(bone_nose) { transformation: [-0.9399215099938513f,-0.07072900284919872f,0.333983477445871f,-0.031682409371627945f,0.018288919356966804f,0.9664660312537948f,0.25614239372133063f,4.109388374887811f,-0.34090038204676887f,0.24686194236555953f,-0.9071086544245239f,0.36061516496705265f,0f,0f,0f,1f], start_interpolation: 0, interpolation_duration: 1 }
$data merge entity $(bone_glowing_eye) { transformation: [-0.9399215099938513f,-0.07072900284919872f,0.333983477445871f,-0.16561608847204534f,0.018288919356966804f,0.9664660312537948f,0.25614239372133063f,4.168173843741916f,-0.34090038204676887f,0.24686194236555953f,-0.9071086544245239f,0.3663712999016895f,0f,0f,0f,1f], start_interpolation: 0, interpolation_duration: 1 }
$data merge entity $(bone_head) { transformation: [-0.9399215099938513f,-0.07072900284919872f,0.333983477445871f,0.03959106294118375f,0.018288919356966804f,0.9664660312537948f,0.25614239372133063f,4.038016113491228f,-0.34090038204676887f,0.24686194236555953f,-0.9071086544245239f,0.16027279268305908f,0f,0f,0f,1f], start_interpolation: 0, interpolation_duration: 1 }
$data merge entity $(bone_leftthumb2) { transformation: [-0.5852501550244418f,0.06386386400324237f,-0.8083338808428373f,1.3587536836254175f,0.753205421826691f,0.4119850553127845f,-0.5127864143381714f,3.349512102048315f,0.30027295678223065f,-0.9089497901828778f,-0.28921692611560507f,2.2585854250126056f,0f,0f,0f,1f], start_interpolation: 0, interpolation_duration: 1 }
$data merge entity $(bone_leftthumb) { transformation: [-0.5852501550244418f,0.06386386400324237f,-0.8083338808428373f,1.305337624671106f,0.753205421826691f,0.4119850553127845f,-0.5127864143381714f,3.406726901972556f,0.30027295678223065f,-0.9089497901828778f,-0.28921692611560507f,2.0109565506301568f,0f,0f,0f,1f], start_interpolation: 0, interpolation_duration: 1 }
$data merge entity $(bone_leftpointerfinger) { transformation: [-0.5752384028143422f,0.12528813594735283f,-0.8083338808428373f,1.3105033793363323f,0.7924875492424928f,0.33017204237462233f,-0.5127864143381714f,3.1651255995136527f,0.2026431943669276f,-0.9355689741675963f,-0.28921692611560507f,2.262806302474188f,0f,0f,0f,1f], start_interpolation: 0, interpolation_duration: 1 }
$data merge entity $(bone_leftmidfinger) { transformation: [-0.5769119484920957f,0.11734112991023796f,-0.8083338808428373f,1.1842012104546389f,0.7878576111923403f,0.34107254031437484f,-0.5127864143381714f,3.0850027222733134f,0.215529552900183f,-0.9326846098627811f,-0.28921692611560507f,2.2176161577686244f,0f,0f,0f,1f], start_interpolation: 0, interpolation_duration: 1 }
$data merge entity $(bone_leftringfinger) { transformation: [-0.5769119484920957f,0.11734112991023796f,-0.8083338808428373f,1.0578990415729457f,0.7878576111923403f,0.34107254031437484f,-0.5127864143381714f,3.004879845032974f,0.215529552900183f,-0.9326846098627811f,-0.28921692611560507f,2.1724260130630615f,0f,0f,0f,1f], start_interpolation: 0, interpolation_duration: 1 }
$data merge entity $(bone_invisibility) { transformation: [-0.006830097053272241f,0.8108240288854972f,0.5852501550244414f,1.2330145191709427f,0.36572504698307884f,0.5467419707138841f,-0.7532054218266909f,3.367437056979061f,-0.9306978778225873f,0.20889617431104096f,-0.3002729567822307f,2.2287291275107166f,0f,0f,0f,1f], start_interpolation: 0, interpolation_duration: 1 }
$data merge entity $(bone_swiftness) { transformation: [-0.8083338808428374f,0.06386386400324237f,0.5852501550244416f,1.0423220146437593f,-0.5127864143381712f,0.4119850553127845f,-0.7532054218266911f,3.2547291676891716f,-0.289216926115605f,-0.9089497901828778f,-0.3002729567822307f,2.3132272479247202f,0f,0f,0f,1f], start_interpolation: 0, interpolation_duration: 1 }
$data merge entity $(bone_suspicious_stew) { transformation: [-0.2837363423715255f,0.7595893259265137f,0.5852501550244419f,1.0784582978877588f,0.15667236070085747f,0.6388547283407217f,-0.7532054218266913f,3.2519778048228667f,-0.9460166274490367f,-0.12201922805528498f,-0.3002729567822308f,2.217107975278863f,0f,0f,0f,1f], start_interpolation: 0, interpolation_duration: 1 }
$data merge entity $(bone_log) { transformation: [-0.5852501550244418f,0.06386386400324237f,-0.8083338808428373f,0.9936834281901147f,0.753205421826691f,0.4119850553127845f,-0.5127864143381714f,3.3500520818611155f,0.30027295678223065f,-0.9089497901828778f,-0.28921692611560507f,2.1180827977926686f,0f,0f,0f,1f], start_interpolation: 0, interpolation_duration: 1 }
$data merge entity $(bone_planks) { transformation: [-0.5852501550244418f,0.06386386400324237f,-0.8083338808428373f,0.9388162261565733f,0.753205421826691f,0.4119850553127845f,-0.5127864143381714f,3.420665090157368f,0.30027295678223065f,-0.9089497901828778f,-0.28921692611560507f,2.1462333874910025f,0f,0f,0f,1f], start_interpolation: 0, interpolation_duration: 1 }
$data merge entity $(bone_lefthand1) { transformation: [-0.5852501550244418f,0.06386386400324237f,-0.8083338808428373f,1.1812223667233743f,0.753205421826691f,0.4119850553127845f,-0.5127864143381714f,3.280771565680707f,0.30027295678223065f,-0.9089497901828778f,-0.28921692611560507f,1.824815139992504f,0f,0f,0f,1f], start_interpolation: 0, interpolation_duration: 1 }
$data merge entity $(bone_leftforearm) { transformation: [-0.5627568437185878f,0.046248627409227694f,0.8253276920779136f,1.1664384074156502f,-0.7773279781064888f,0.3100225077188113f,-0.5474004559375318f,3.4046674384603373f,-0.28118668051807f,-0.9496036589917408f,-0.13851693589134423f,1.1219294372976798f,0f,0f,0f,1f], start_interpolation: 0, interpolation_duration: 1 }
$data merge entity $(bone_leftelbow) { transformation: [-0.5627568437185878f,0.046248627409227694f,0.8253276920779136f,1.1751100250548805f,-0.7773279781064888f,0.3100225077188113f,-0.5474004559375318f,3.462796658657614f,-0.28118668051807f,-0.9496036589917408f,-0.13851693589134423f,0.9438787512367284f,0f,0f,0f,1f], start_interpolation: 0, interpolation_duration: 1 }
$data merge entity $(bone_leftarm) { transformation: [-0.6177789538807729f,-0.24714243398023844f,0.7465050445029165f,0.8324771904673065f,-0.7710490139548907f,0.37675685971067896f,-0.5133592180336675f,3.512505084786945f,-0.15437804967406704f,-0.8927344991582165f,-0.42331138868634277f,0.4854832115825062f,0f,0f,0f,1f], start_interpolation: 0, interpolation_duration: 1 }
$data merge entity $(bone_rightthumb2) { transformation: [-0.9585342992775889f,-0.1716096171541247f,-0.22751293679401285f,-0.7706937068193599f,0.26667777710607354f,-0.25867795622413176f,-0.9284226829205918f,4.419384489972908f,0.10047367966878268f,-0.9505976300538104f,0.2937161647405433f,1.1130486144279776f,0f,0f,0f,1f], start_interpolation: 0, interpolation_duration: 1 }
$data merge entity $(bone_rightthumb) { transformation: [-0.9585342992775889f,-0.1716096171541247f,-0.22751293679401285f,-0.8322223651503546f,0.26667777710607354f,-0.25867795622413176f,-0.9284226829205918f,4.276604979867924f,0.10047367966878268f,-0.9505976300538104f,0.2937161647405433f,0.905021924287821f,0f,0f,0f,1f], start_interpolation: 0, interpolation_duration: 1 }
$data merge entity $(bone_rightpointerfinger) { transformation: [-0.716213848443508f,-0.6597541867158583f,-0.22751293679401285f,-0.8914173174173631f,0.36390132056684066f,-0.07488091030589822f,-0.9284226829205918f,4.347131752863042f,0.5954943762853261f,-0.7477414408621851f,0.2937161647405433f,1.2416940255852138f,0f,0f,0f,1f], start_interpolation: 0, interpolation_duration: 1 }
$data merge entity $(bone_rightmidfinger) { transformation: [-0.6867540981235236f,-0.6903670562113384f,-0.22751293679401285f,-0.9269662137914275f,0.3668212265764936f,-0.058936487606975924f,-0.9284226829205918f,4.2020657086567f,0.6275436211479346f,-0.7210546568233531f,0.2937161647405433f,1.2875871763259237f,0f,0f,0f,1f], start_interpolation: 0, interpolation_duration: 1 }
$data merge entity $(bone_rightringfinger) { transformation: [-0.7257334932517778f,-0.649267864878538f,-0.22751293679401285f,-0.9625151101654921f,0.36277377112989495f,-0.08016553385791864f,-0.9284226829205918f,4.056999664450357f,0.5845563170069814f,-0.7563231629517501f,0.2937161647405433f,1.3334803270666336f,0f,0f,0f,1f], start_interpolation: 0, interpolation_duration: 1 }
$data merge entity $(bone_hugeasssword) { transformation: [-3.7542593388372234f,-0.6721376671869885f,-0.8910923357765504f,-0.7036588543928433f,1.0444879603321215f,-1.013155328544516f,-3.6363221747723182f,4.093192068675506f,0.3935219120360655f,-3.723174051044091f,1.1503883119004614f,1.063219396485152f,0f,0f,0f,1f], start_interpolation: 0, interpolation_duration: 1 }
$data merge entity $(bone_ice) { transformation: [-0.9585342992775889f,-0.1716096171541247f,-0.22751293679401285f,-0.6860003556985976f,0.26667777710607354f,-0.25867795622413176f,-0.9284226829205918f,4.093067071474226f,0.10047367966878268f,-0.9505976300538104f,0.2937161647405433f,1.076502583209918f,0f,0f,0f,1f], start_interpolation: 0, interpolation_duration: 1 }
$data merge entity $(bone_righthand1) { transformation: [-0.9585342992775889f,-0.1716096171541247f,-0.22751293679401285f,-0.9756461140813389f,0.26667777710607354f,-0.25867795622413176f,-0.9284226829205918f,4.066053817853443f,0.10047367966878268f,-0.9505976300538104f,0.2937161647405433f,0.873150225761803f,0f,0f,0f,1f], start_interpolation: 0, interpolation_duration: 1 }
$data merge entity $(bone_rightforearm) { transformation: [-0.08443771980506834f,-0.49351302581124734f,-0.8656299237137933f,-1.3135347415243286f,0.9481127519007195f,-0.30702795998962956f,0.08255932090231279f,3.7690794328918393f,-0.3065166898512469f,-0.8137436482942484f,0.4938307338586786f,0.31913432807611963f,0f,0f,0f,1f], start_interpolation: 0, interpolation_duration: 1 }
$data merge entity $(bone_rightelbow) { transformation: [-0.08443771980506834f,-0.49351302581124734f,-0.8656299237137933f,-1.4060684338639375f,0.9481127519007195f,-0.30702795998962956f,0.08255932090231279f,3.7115116903937837f,-0.3065166898512469f,-0.8137436482942484f,0.4938307338586786f,0.16655739402094802f,0f,0f,0f,1f], start_interpolation: 0, interpolation_duration: 1 }
$data merge entity $(bone_rightarm) { transformation: [-0.39261196166160917f,0.6791252793092177f,-0.6201973093809745f,-0.7938229381663398f,0.8307516694527413f,-0.027455027083575f,-0.5559657230345441f,3.5868695846085132f,-0.394597910868401f,-0.7335087432955502f,-0.5534052875129369f,-0.05713184509380925f,0f,0f,0f,1f], start_interpolation: 0, interpolation_duration: 1 }
$data merge entity $(bone_chest1) { transformation: [-1.0182483024933389f,-0.07662308641996528f,0.36181543389969356f,0.11112528931839016f,0.01981299597004737f,1.047004867191611f,0.2774875931981082f,3.424380732901258f,-0.3693087472173329f,0.2674337708960228f,-0.9827010422932342f,-0.07669500001309203f,0f,0f,0f,1f], start_interpolation: 0, interpolation_duration: 1 }
$data merge entity $(bone_chest1lid) { transformation: [-0.9399215099938513f,-0.07072900284919872f,0.333983477445871f,-0.2921436874468785f,0.018288919356966804f,0.9664660312537948f,0.25614239372133063f,2.669860975043263f,-0.34090038204676887f,0.24686194236555953f,-0.9071086544245239f,-0.0068360006561584f,0f,0f,0f,1f], start_interpolation: 0, interpolation_duration: 1 }
$data merge entity $(bone_chest2) { transformation: [-0.9399215099938513f,-0.07072900284919872f,0.333983477445871f,-0.28109228075169124f,0.018288919356966804f,0.9664660312537948f,0.25614239372133063f,2.5188506576598573f,-0.34090038204676887f,0.24686194236555953f,-0.9071086544245239f,-0.04540817915077708f,0f,0f,0f,1f], start_interpolation: 0, interpolation_duration: 1 }
$data merge entity $(bone_chest1lid3) { transformation: [-0.9399215099938513f,-0.07072900284919872f,0.333983477445871f,-0.019440427833501712f,0.018288919356966804f,0.9664660312537948f,0.25614239372133063f,2.83280913856118f,-0.34090038204676887f,0.24686194236555953f,-0.9071086544245239f,-0.566646208518946f,0f,0f,0f,1f], start_interpolation: 0, interpolation_duration: 1 }
$data merge entity $(bone_chest3) { transformation: [-0.9399215099938513f,-0.07072900284919872f,0.333983477445871f,-0.008389021138314412f,0.018288919356966804f,0.9664660312537948f,0.25614239372133063f,2.6817988211777744f,-0.34090038204676887f,0.24686194236555953f,-0.9071086544245239f,-0.6052183870135647f,0f,0f,0f,1f], start_interpolation: 0, interpolation_duration: 1 }
$data merge entity $(bone_hugeasssword2) { transformation: [-1.3081019533296623f,2.52702944008629f,-2.6913322474956654f,-1.0404912242145097f,-1.0032243754085448f,2.504516342060413f,2.8392281561572754f,4.636164734849368f,3.5528422298293854f,1.6376195770285842f,-0.18918770745337402f,-0.4505887516461554f,0f,0f,0f,1f], start_interpolation: 0, interpolation_duration: 1 }
$data merge entity $(bone_belt) { transformation: [-0.9399215099938513f,-0.07072900284919872f,0.333983477445871f,0.12568401193016893f,0.018288919356966804f,0.9664660312537948f,0.25614239372133063f,3.005292867751973f,-0.34090038204676887f,0.24686194236555953f,-0.9071086544245239f,-0.045366113768278676f,0f,0f,0f,1f], start_interpolation: 0, interpolation_duration: 1 }
$data merge entity $(bone_torn_part) { transformation: [-0.9244099295714462f,-0.17389304709072645f,0.3394517495657025f,0.007635935380846781f,-0.0428665197907314f,0.9317447953330912f,0.36057467721780834f,2.7013583661813176f,-0.37898383024971505f,0.3187676968314046f,-0.8687683303770096f,-0.06551066108248813f,0f,0f,0f,1f], start_interpolation: 0, interpolation_duration: 1 }
$data merge entity $(bone_lowerbody) { transformation: [-0.9244099295714462f,-0.06376963688140662f,0.3760315352756036f,0.07616842592592589f,-0.0428665197907314f,0.9970477016743828f,0.0637051180586119f,2.209746319444444f,-0.37898383024971505f,0.0427704804490713f,-0.9244143780856131f,0.08061122685185187f,0f,0f,0f,1f], start_interpolation: 0, interpolation_duration: 1 }
$data merge entity $(bone_leftfoot) { transformation: [-0.9712163335477197f,-0.2027957743931316f,0.12495081967884183f,0.5540519158525454f,-0.17283390181076083f,0.9609310532037597f,0.21619424916861535f,0.2131691924511827f,-0.16391240293215353f,0.18837564831209774f,-0.9683219192438042f,0.03790031350301376f,0f,0f,0f,1f], start_interpolation: 0, interpolation_duration: 1 }
$data merge entity $(bone_leftlowerleg) { transformation: [-0.9712163335477197f,-0.2027957743931316f,0.12495081967884183f,0.3098772068513472f,-0.17283390181076083f,0.9609310532037597f,0.21619424916861535f,1.245984779064186f,-0.16391240293215353f,0.18837564831209774f,-0.9683219192438042f,0.395657974832661f,0f,0f,0f,1f], start_interpolation: 0, interpolation_duration: 1 }
$data merge entity $(bone_leftleg) { transformation: [-0.9441530445728219f,0.06519995425210189f,0.32299225128382697f,0.33955704713487334f,-0.05545006059613661f,0.9348104620810666f,-0.35079152037024414f,2.199317769636381f,-0.32480812675140347f,-0.34911082187366593f,-0.8789888024582212f,0.0831039812010022f,0f,0f,0f,1f], start_interpolation: 0, interpolation_duration: 1 }
$data merge entity $(bone_rightfoot) { transformation: [-0.9036014716431319f,0.03182875365444207f,0.42719194107679803f,-0.4138246054520369f,0.08023101351735412f,0.9921667014764439f,0.0957767982626424f,0.18748529303763384f,-0.4207937348239769f,0.12082437152201081f,-0.8990798203244288f,-0.030013485428193654f,0f,0f,0f,1f], start_interpolation: 0, interpolation_duration: 1 }
$data merge entity $(bone_rightlowerleg) { transformation: [-0.9036014716431319f,0.03182875365444207f,0.42719194107679803f,-0.4441507546483481f,0.08023101351735412f,0.9921667014764439f,0.0957767982626424f,1.2734545414585012f,-0.4207937348239769f,0.12082437152201081f,-0.8990798203244288f,0.24216573264767166f,0f,0f,0f,1f], start_interpolation: 0, interpolation_duration: 1 }
$data merge entity $(bone_rightleg) { transformation: [-0.9027003719078357f,0.28207557666570104f,0.3249108335237782f,-0.15571153327576145f,0.10194355387551877f,0.8738388893395238f,-0.47541205608841675f,2.1637902589670475f,-0.41801860051998224f,-0.3960289945528985f,-0.817576836022595f,-0.09238780921600516f,0f,0f,0f,1f], start_interpolation: 0, interpolation_duration: 1 }
data modify entity @s data merge value {"locators":{"lefthand":{"posx":1.0561914827365722,"posy":3.255265028842586,"posz":2.1654629249229282,"roty":289.68689920490226,"rotx":-30.849610289620124},"righthand":{"posx":-0.7696266563504319,"posy":4.136616560564557,"posz":1.0961857635743861,"roty":217.7614114104859,"rotx":-68.19026002407311},"chest":{"posx":-0.3692805903070288,"posy":2.570006127800848,"posz":0.10881771826086448,"roty":20.212932143295404,"rotx":14.841287886042345},"sack":{"posx":0,"posy":-0.4375,"posz":0,"roty":0,"rotx":0}},"cameras":{}}