# This file was generated by Animated Java via MC-Build. It is not recommended to edit this file directly.
$data merge entity $(bone_nose) { transformation: [-0.8689858524746623f,-0.018537972205548328f,0.4944895669125799f,0.00009143278773200703f,0.046201007599558405f,0.9918934322599879f,0.11837603615718076f,4.106651530083323f,-0.4926754054097587f,0.1257130169314496f,-0.8610848868017154f,0.1327099604946094f,0f,0f,0f,1f], start_interpolation: 0, interpolation_duration: 1 }
$data merge entity $(bone_glowing_eye) { transformation: [-0.8689858524746623f,-0.018537972205548328f,0.4944895669125799f,-0.12704249260433437f,0.046201007599558405f,0.9918934322599879f,0.11837603615718076f,4.175455094764679f,-0.4926754054097587f,0.1257130169314496f,-0.8610848868017154f,0.1096854227859114f,0f,0f,0f,1f], start_interpolation: 0, interpolation_duration: 1 }
$data merge entity $(bone_head) { transformation: [-0.8689858524746623f,-0.018537972205548328f,0.4944895669125799f,0.09497608751672512f,0.046201007599558405f,0.9918934322599879f,0.11837603615718076f,4.0063421333854485f,-0.4926754054097587f,0.1257130169314496f,-0.8610848868017154f,-0.04405514046096326f,0f,0f,0f,1f], start_interpolation: 0, interpolation_duration: 1 }
$data merge entity $(bone_leftthumb2) { transformation: [0.21458422109191794f,0.9708361105044583f,-0.10691519348974748f,0.35803319607461087f,-0.8225073005714846f,0.12058787050797207f,-0.5558239883209088f,3.921415227051244f,-0.5267213234386701f,0.20720958478537585f,0.8243960428144277f,0.6454135101602698f,0f,0f,0f,1f], start_interpolation: 0, interpolation_duration: 1 }
$data merge entity $(bone_leftthumb) { transformation: [0.21458422109191794f,0.9708361105044583f,-0.10691519348974748f,0.5869867657573504f,-0.8225073005714846f,0.12058787050797207f,-0.5558239883209088f,3.9034891694023615f,-0.5267213234386701f,0.20720958478537585f,0.8243960428144277f,0.7666809315858113f,0f,0f,0f,1f], start_interpolation: 0, interpolation_duration: 1 }
$data merge entity $(bone_leftpointerfinger) { transformation: [0.5493672903922238f,0.828712689445598f,-0.10691519348974748f,0.23994936812131457f,-0.7241113934292329f,0.408316524173358f,-0.5558239883209088f,3.927828760939397f,-0.41696315203274315f,0.3827700281354739f,0.8243960428144277f,0.7949439958361406f,0f,0f,0f,1f], start_interpolation: 0, interpolation_duration: 1 }
$data merge entity $(bone_leftmidfinger) { transformation: [0.5089862027641281f,0.8541090017069273f,-0.10691519348974748f,0.2232438691385415f,-0.7428626682355739f,0.3731149288744175f,-0.5558239883209088f,3.840981262764255f,-0.43484261697501236f,0.3623300471313891f,0.8243960428144277f,0.9237558775258949f,0f,0f,0f,1f], start_interpolation: 0, interpolation_duration: 1 }
$data merge entity $(bone_leftringfinger) { transformation: [0.5089862027641281f,0.8541090017069273f,-0.10691519348974748f,0.20653837015576848f,-0.7428626682355739f,0.3731149288744175f,-0.5558239883209088f,3.754133764589113f,-0.43484261697501236f,0.3623300471313891f,0.8243960428144277f,1.0525677592156493f,0f,0f,0f,1f], start_interpolation: 0, interpolation_duration: 1 }
$data merge entity $(bone_invisibility) { transformation: [0.9578235129009446f,0.1911222911972032f,-0.21458422109191785f,0.38971020895902886f,0.0716857447151411f,0.5642188356579784f,0.8225073005714842f,3.8041674400540813f,0.27827193918670484f,-0.803199461713145f,0.5267213234386702f,0.6930849196893397f,0f,0f,0f,1f], start_interpolation: 0, interpolation_duration: 1 }
$data merge entity $(bone_swiftness) { transformation: [-0.10691519348974744f,0.9708361105044583f,-0.21458422109191796f,0.2493722347681908f,-0.5558239883209091f,0.12058787050797207f,0.8225073005714845f,3.6407820591077393f,0.8243960428144276f,0.20720958478537585f,0.5267213234386703f,0.79216621074654f,0f,0f,0f,1f], start_interpolation: 0, interpolation_duration: 1 }
$data merge entity $(bone_suspicious_stew) { transformation: [0.8346920136602566f,0.507191141868784f,-0.21458422109191788f,0.32415566749980473f,-0.1256116417144231f,0.5547102450580995f,0.8225073005714848f,3.6942978858138495f,0.5362004828397618f,-0.6595859986669077f,0.5267213234386702f,0.8379462284302304f,0f,0f,0f,1f], start_interpolation: 0, interpolation_duration: 1 }
$data merge entity $(bone_log) { transformation: [0.21458422109191794f,0.9708361105044583f,-0.10691519348974748f,0.4606158023453974f,-0.8225073005714846f,0.12058787050797207f,-0.5558239883209088f,3.6062070607462267f,-0.5267213234386701f,0.20720958478537585f,0.8243960428144277f,0.8531108669629534f,0f,0f,0f,1f], start_interpolation: 0, interpolation_duration: 1 }
$data merge entity $(bone_planks) { transformation: [0.21458422109191794f,0.9708361105044583f,-0.10691519348974748f,0.4807330730727647f,-0.8225073005714846f,0.12058787050797207f,-0.5558239883209088f,3.52909700131765f,-0.5267213234386701f,0.20720958478537585f,0.8243960428144277f,0.803730742890578f,0f,0f,0f,1f], start_interpolation: 0, interpolation_duration: 1 }
$data merge entity $(bone_lefthand1) { transformation: [0.21458422109191794f,0.9708361105044583f,-0.10691519348974748f,0.6530198744950871f,-0.8225073005714846f,0.12058787050797207f,-0.5558239883209088f,3.8593503531511195f,-0.5267213234386701f,0.20720958478537585f,0.8243960428144277f,1.010831217681014f,0f,0f,0f,1f], start_interpolation: 0, interpolation_duration: 1 }
$data merge entity $(bone_leftforearm) { transformation: [-0.5379080896189634f,0.8207612651758405f,0.19236900142546565f,1.1704804246596578f,-0.7266905977063287f,-0.5671201920905913f,0.38767958796969093f,3.4345353658177364f,0.42728873414553736f,0.06874324192300217f,0.9014980334766237f,1.1110999737573968f,0f,0f,0f,1f], start_interpolation: 0, interpolation_duration: 1 }
$data merge entity $(bone_leftelbow) { transformation: [-0.5379080896189634f,0.8207612651758405f,0.19236900142546565f,1.324373161880128f,-0.7266905977063287f,-0.5671201920905913f,0.38767958796969093f,3.3282003298007505f,0.42728873414553736f,0.06874324192300217f,0.9014980334766237f,1.1239893316179597f,0f,0f,0f,1f], start_interpolation: 0, interpolation_duration: 1 }
$data merge entity $(bone_leftarm) { transformation: [-0.8707785578260759f,-0.11933573443615014f,0.4769734643739879f,0.8604100120304644f,-0.48808335667113234f,0.09275568169286426f,-0.8678542622205251f,3.4550639701223536f,0.0593240269282132f,-0.9885116923943169f,-0.13901544456909798f,0.47877246812610824f,0f,0f,0f,1f], start_interpolation: 0, interpolation_duration: 1 }
$data merge entity $(bone_rightthumb2) { transformation: [0.043763254662210836f,-0.9830164919163518f,-0.17822276555434802f,0.0462322096260786f,0.48484770366474594f,-0.13507867642269897f,0.8641044239135195f,4.09372420152391f,-0.8735029947243419f,-0.12422692057827599f,0.47070180625449626f,-0.5725258345856392f,0f,0f,0f,1f], start_interpolation: 0, interpolation_duration: 1 }
$data merge entity $(bone_rightthumb) { transformation: [0.043763254662210836f,-0.9830164919163518f,-0.17822276555434802f,-0.210075684380078f,0.48484770366474594f,-0.13507867642269897f,0.8641044239135195f,4.134441373027906f,-0.8735029947243419f,-0.12422692057827599f,0.47070180625449626f,-0.5627665555475635f,0f,0f,0f,1f], start_interpolation: 0, interpolation_duration: 1 }
$data merge entity $(bone_rightpointerfinger) { transformation: [-0.14776829127308722f,-0.9728315259757943f,-0.17822276555434802f,0.1089090158732942f,0.44943226051493357f,-0.226570491859647f,0.8641044239135195f,4.2722991761883815f,-0.8810080449704585f,0.04758817380490278f,0.47070180625449626f,-0.595479840112612f,0f,0f,0f,1f], start_interpolation: 0, interpolation_duration: 1 }
$data merge entity $(bone_rightmidfinger) { transformation: [-0.10519333342981861f,-0.9783511682622367f,-0.17822276555434802f,0.08106170875542731f,0.45888736663893925f,-0.20675088708942763f,0.8641044239135195f,4.407315492424869f,-0.8822452875142508f,0.00911384922257269f,0.47070180625449626f,-0.521932682885347f,0f,0f,0f,1f], start_interpolation: 0, interpolation_duration: 1 }
$data merge entity $(bone_rightringfinger) { transformation: [-0.0791932442534874f,-0.9807981830645731f,-0.17822276555434802f,0.05321440163756044f,0.4642124161783064f,-0.19450032709222978f,0.8641044239135195f,4.542331808661356f,-0.8821764351480416f,-0.014301987912461053f,0.47070180625449626f,-0.44838552565808193f,0f,0f,0f,1f], start_interpolation: 0, interpolation_duration: 1 }
$data merge entity $(bone_hugeasssword) { transformation: [0.1714060807603258f,-3.850147926672378f,-0.6980391650878631f,-0.12745339997294475f,1.8989868393535885f,-0.5290581493222377f,3.384408993661285f,4.2375883333669115f,-3.4212200626703395f,-0.486555438931581f,1.8435820744967772f,-0.3224967588768825f,0f,0f,0f,1f], start_interpolation: 0, interpolation_duration: 1 }
$data merge entity $(bone_ice) { transformation: [0.043763254662210836f,-0.9830164919163518f,-0.17822276555434802f,-0.1127775681408488f,0.48484770366474594f,-0.13507867642269897f,0.8641044239135195f,4.232123192316255f,-0.8735029947243419f,-0.12422692057827599f,0.47070180625449626f,-0.3069072289502791f,0f,0f,0f,1f], start_interpolation: 0, interpolation_duration: 1 }
$data merge entity $(bone_righthand1) { transformation: [0.043763254662210836f,-0.9830164919163518f,-0.17822276555434802f,-0.3531603388779574f,0.48484770366474594f,-0.13507867642269897f,0.8641044239135195f,4.346568712374064f,-0.8735029947243419f,-0.12422692057827599f,0.47070180625449626f,-0.5416302763304806f,0f,0f,0f,1f], start_interpolation: 0, interpolation_duration: 1 }
$data merge entity $(bone_rightforearm) { transformation: [0.21261208000147935f,-0.9742780515267524f,-0.07468856505971957f,-1.0569507602976445f,-0.3966711313899922f,-0.15591246296027803f,0.9046233013887295f,4.281724503640273f,-0.8929995055761388f,-0.16270704412192855f,-0.4196168500356921f,-0.589984836635058f,0f,0f,0f,1f], start_interpolation: 0, interpolation_duration: 1 }
$data merge entity $(bone_rightelbow) { transformation: [0.21261208000147935f,-0.9742780515267524f,-0.07468856505971957f,-1.2396278949589106f,-0.3966711313899922f,-0.15591246296027803f,0.9046233013887295f,4.252490916835221f,-0.8929995055761388f,-0.16270704412192855f,-0.4196168500356921f,-0.6204924074079196f,0f,0f,0f,1f], start_interpolation: 0, interpolation_duration: 1 }
$data merge entity $(bone_rightarm) { transformation: [-0.17178689072719594f,0.28193221790034423f,-0.9439298113123009f,-0.8095436371379903f,-0.043493494611574396f,-0.9594101425327951f,-0.278640439153536f,3.6326233303955684f,-0.9841735518193706f,-0.006811968511030397f,0.1770763027179228f,-0.37647312504793823f,0f,0f,0f,1f], start_interpolation: 0, interpolation_duration: 1 }
$data merge entity $(bone_chest1) { transformation: [-0.9414013401808841f,-0.020082803222677355f,0.5356970308219615f,0.14551399178196545f,0.05005109156618827f,1.0745512182816535f,0.1282407058369458f,3.3648243610473525f,-0.5337316891939052f,0.13618910167573706f,-0.9328419607018582f,-0.1980685445442228f,0f,0f,0f,1f], start_interpolation: 0, interpolation_duration: 1 }
$data merge entity $(bone_chest1lid) { transformation: [-0.8689858524746623f,-0.018537972205548328f,0.4944895669125799f,-0.3320147149982716f,0.046201007599558405f,0.9918934322599879f,0.11837603615718076f,2.656366843865222f,-0.4926754054097587f,0.1257130169314496f,-0.8610848868017154f,-0.11524045172860543f,0f,0f,0f,1f], start_interpolation: 0, interpolation_duration: 1 }
$data merge entity $(bone_chest2) { transformation: [-0.8689858524746623f,-0.018537972205548328f,0.4944895669125799f,-0.3291181568411547f,0.046201007599558405f,0.9918934322599879f,0.11837603615718076f,2.501383495074599f,-0.4926754054097587f,0.1257130169314496f,-0.8610848868017154f,-0.13488311062414443f,0f,0f,0f,1f], start_interpolation: 0, interpolation_duration: 1 }
$data merge entity $(bone_chest1lid3) { transformation: [-0.8689858524746623f,-0.018537972205548328f,0.4944895669125799f,0.03907927958476627f,0.046201007599558405f,0.9918934322599879f,0.11837603615718076f,2.7293139290534434f,-0.4926754054097587f,0.1257130169314496f,-0.8610848868017154f,-0.6360807444978445f,0f,0f,0f,1f], start_interpolation: 0, interpolation_duration: 1 }
$data merge entity $(bone_chest3) { transformation: [-0.8689858524746623f,-0.018537972205548328f,0.4944895669125799f,0.041975837741883196f,0.046201007599558405f,0.9918934322599879f,0.11837603615718076f,2.5743305802628202f,-0.4926754054097587f,0.1257130169314496f,-0.8610848868017154f,-0.6557234033933834f,0f,0f,0f,1f], start_interpolation: 0, interpolation_duration: 1 }
$data merge entity $(bone_hugeasssword2) { transformation: [-1.9367508037409387f,2.460291384976042f,-2.3529216737918146f,-0.8156258478261169f,-0.46363947494895774f,2.491197924802738f,2.9865111944383136f,4.604002405716081f,3.3725824733067182f,1.755328168249168f,-0.9406318409841002f,-0.8873330666679373f,0f,0f,0f,1f], start_interpolation: 0, interpolation_duration: 1 }
$data merge entity $(bone_belt) { transformation: [-0.8689858524746623f,-0.018537972205548328f,0.4944895669125799f,0.11600083234027535f,0.046201007599558405f,0.9918934322599879f,0.11837603615718076f,2.9527479705800115f,-0.4926754054097587f,0.1257130169314496f,-0.8610848868017154f,-0.11964586879294775f,0f,0f,0f,1f], start_interpolation: 0, interpolation_duration: 1 }
$data merge entity $(bone_torn_part) { transformation: [-0.8917182632786225f,-0.11090240392737832f,0.4387928847856197f,-0.03714280493236844f,-0.02952654419241564f,0.98170293095739f,0.1881157583450233f,2.6522561985172266f,-0.45162675089437604f,0.15479021982282506f,-0.878676997379464f,-0.09615623259074879f,0f,0f,0f,1f], start_interpolation: 0, interpolation_duration: 1 }
$data merge entity $(bone_lowerbody) { transformation: [-0.8917182632786225f,0.02617806273197871f,0.4518332081276874f,-0.02638224537037049f,-0.02952654419241564f,0.992834225365772f,-0.1157945772927242f,2.186640925925926f,-0.45162675089437604f,-0.11659721254793333f,-0.8845554634406151f,0.1292707870370372f,0f,0f,0f,1f], start_interpolation: 0, interpolation_duration: 1 }
$data merge entity $(bone_leftfoot) { transformation: [-0.9561664923692963f,-0.24408396286114906f,0.16174845558658157f,0.5567310049068301f,-0.17450472466866576f,0.9185891010291395f,0.3546011301802573f,0.2400041037798052f,-0.23513203372351066f,0.3108328852365442f,-0.9209209931314629f,-0.15075711786382384f,0f,0f,0f,1f], start_interpolation: 0, interpolation_duration: 1 }
$data merge entity $(bone_leftlowerleg) { transformation: [-0.9561664923692963f,-0.24408396286114906f,0.16174845558658157f,0.2610984160563579f,-0.17450472466866576f,0.9185891010291395f,0.3546011301802573f,1.204580975461755f,-0.23513203372351066f,0.3108328852365442f,-0.9209209931314629f,0.3355685957607717f,0f,0f,0f,1f], start_interpolation: 0, interpolation_duration: 1 }
$data merge entity $(bone_leftleg) { transformation: [-0.9199970048794662f,0.03337978129882917f,0.3905013459813599f,0.2586258248294967f,-0.07210713710648425f,0.9649423328598616f,-0.2523625468116743f,2.1758748051103134f,-0.3852350863967586f,-0.260330721305439f,-0.8853371356457788f,0.11333738347077918f,0f,0f,0f,1f], start_interpolation: 0, interpolation_duration: 1 }
$data merge entity $(bone_rightfoot) { transformation: [-0.9040311917372545f,-0.0202240893497716f,0.42698780441895545f,-0.40849789022871497f,0.09803923566911293f,0.962438138772102f,0.25315763209350345f,0.21627805850632775f,-0.4160720041477624f,0.27072214899777947f,-0.8680971306197771f,-0.24263214897305782f,0f,0f,0f,1f], start_interpolation: 0, interpolation_duration: 1 }
$data merge entity $(bone_rightlowerleg) { transformation: [-0.9040311917372545f,-0.0202240893497716f,0.42698780441895545f,-0.49653879742844603f,0.09803923566911293f,0.962438138772102f,0.25315763209350345f,1.245086306100102f,-0.4160720041477624f,0.27072214899777947f,-0.8680971306197771f,0.19107956126613604f,0f,0f,0f,1f], start_interpolation: 0, interpolation_duration: 1 }
$data merge entity $(bone_rightleg) { transformation: [-0.8650840122681143f,0.2720754375701524f,0.42143161721578454f,-0.2186054160853072f,0.06508379768383525f,0.8939058821606479f,-0.4435046483608075f,2.1427677466921358f,-0.4973869228248276f,-0.3562404105510829f,-0.791011389863158f,-0.0868128008228932f,0f,0f,0f,1f], start_interpolation: 0, interpolation_duration: 1 }
data modify entity @s data merge value {"locators":{"lefthand":{"posx":0.36632251038314667,"posy":3.6825809426088827,"posz":0.8734215540549957,"roty":187.3893950807823,"rotx":-33.767487819782644},"righthand":{"posx":-0.09053039961828685,"posy":4.26618663723028,"posz":-0.3942118047943771,"roty":200.73826925383088,"rotx":59.780598972296424},"chest":{"posx":-0.43527589445534864,"posy":2.577321030186899,"posz":-0.003949108143107949,"roty":29.867175870950547,"rotx":6.798388270718544},"sack":{"posx":0,"posy":-0.4375,"posz":0,"roty":0,"rotx":0}},"cameras":{}}