# This file was generated by Animated Java via MC-Build. It is not recommended to edit this file directly.
$data merge entity $(bone_nose) { transformation: [-1f,-4.310318006916368e-17f,1.14628590214413e-16f,-4.8929254547647515e-17f,0f,0.9360134717554639f,0.3519641752966961f,4.061725762421867f,-1.2246467991473532e-16f,0.3519641752966961f,-0.9360134717554639f,0.40089184210081286f,0f,0f,0f,1f], start_interpolation: 0, interpolation_duration: 1 }
$data merge entity $(bone_glowing_eye) { transformation: [-1f,-4.310318006916368e-17f,1.14628590214413e-16f,-0.12500000000000006f,0f,0.9360134717554639f,0.3519641752966961f,4.112819469694582f,-1.2246467991473532e-16f,0.3519641752966961f,-0.9360134717554639f,0.4573854515826502f,0f,0f,0f,1f], start_interpolation: 0, interpolation_duration: 1 }
$data merge entity $(bone_head) { transformation: [-1f,-4.310318006916368e-17f,1.14628590214413e-16f,-2.2142231909545007e-17f,0f,0.9360134717554639f,0.3519641752966961f,4.012056795616784f,-1.2246467991473532e-16f,0.3519641752966961f,-0.9360134717554639f,0.1821592029696553f,0f,0f,0f,1f], start_interpolation: 0, interpolation_duration: 1 }
$data merge entity $(bone_leftthumb2) { transformation: [-0.9999859468073385f,-0.004816930542623822f,0.002214354980198984f,0.961136803457116f,-0.005047902253381575f,0.9927575283375062f,-0.12002919899776829f,1.8382219462076332f,-0.001620145262345168f,-0.12003869005180409f,-0.9927678923192347f,0.41381986731953935f,0f,0f,0f,1f], start_interpolation: 0, interpolation_duration: 1 }
$data merge entity $(bone_leftthumb) { transformation: [-0.9999859468073385f,-0.004816930542623822f,0.002214354980198984f,0.960144720609237f,-0.005047902253381575f,0.9927575283375062f,-0.12002919899776829f,2.0714308890775923f,-0.001620145262345168f,-0.12003869005180409f,-0.9927678923192347f,0.2995418167166388f,0f,0f,0f,1f], start_interpolation: 0, interpolation_duration: 1 }
$data merge entity $(bone_leftpointerfinger) { transformation: [-0.9999859468073385f,-0.004816930542623822f,0.002214354980198984f,1.0712025367652849f,-0.005047902253381575f,0.9927575283375062f,-0.12002919899776829f,1.7406080706977913f,-0.001620145262345168f,-0.12003869005180409f,-0.9927678923192347f,0.29257072032549186f,0f,0f,0f,1f], start_interpolation: 0, interpolation_duration: 1 }
$data merge entity $(bone_leftmidfinger) { transformation: [-0.9999859468073385f,-0.004816930542623822f,0.002214354980198984f,1.0715485297309408f,-0.005047902253381575f,0.9927575283375062f,-0.12002919899776829f,1.72185350835439f,-0.001620145262345168f,-0.12003869005180409f,-0.9927678923192347f,0.13745073715061146f,0f,0f,0f,1f], start_interpolation: 0, interpolation_duration: 1 }
$data merge entity $(bone_leftringfinger) { transformation: [-0.9999859468073385f,-0.004816930542623822f,0.002214354980198984f,1.071894522696597f,-0.005047902253381575f,0.9927575283375062f,-0.12002919899776829f,1.7030989460109887f,-0.001620145262345168f,-0.12003869005180409f,-0.9927678923192347f,-0.017669246024268948f,0f,0f,0f,1f], start_interpolation: 0, interpolation_duration: 1 }
$data merge entity $(bone_invisibility) { transformation: [-0.00460560691463205f,-0.002625751850173484f,0.9999859468073383f,0.8831091213676782f,0.9785185522304324f,0.20609697140836053f,0.005047902253381603f,1.8519953561558773f,-0.2061073296265955f,0.9785280495742175f,0.0016201452623449404f,0.3101617079993622f,0f,0f,0f,1f], start_interpolation: 0, interpolation_duration: 1 }
$data merge entity $(bone_swiftness) { transformation: [0.002214354980198762f,-0.004816930542623822f,0.9999859468073385f,0.8320942135418297f,-0.12002919899776829f,0.9927575283375062f,0.005047902253381548f,1.694790848699556f,-0.9927678923192347f,-0.12003869005180409f,0.0016201452623449476f,0.14018861024719773f,0f,0f,0f,1f], start_interpolation: 0, interpolation_duration: 1 }
$data merge entity $(bone_suspicious_stew) { transformation: [-0.0034297948077860905f,-0.004042609974666978f,0.9999859468073388f,0.883750106545651f,0.8490173471329743f,0.528340858679439f,0.005047902253381686f,1.782954372202975f,-0.5283538405035618f,0.8490227289975608f,0.0016201452623451553f,0.12964454178568402f,0f,0f,0f,1f], start_interpolation: 0, interpolation_duration: 1 }
$data merge entity $(bone_log) { transformation: [-0.9999859468073385f,-0.004816930542623822f,0.002214354980198984f,0.7895031056043318f,-0.005047902253381575f,0.9927575283375062f,-0.12002919899776829f,1.9009494537058884f,-0.001620145262345168f,-0.12003869005180409f,-0.9927678923192347f,0.06795182195839955f,0f,0f,0f,1f], start_interpolation: 0, interpolation_duration: 1 }
$data merge entity $(bone_planks) { transformation: [-0.9999859468073385f,-0.004816930542623822f,0.002214354980198984f,0.6957544230911439f,-0.005047902253381575f,0.9927575283375062f,-0.12002919899776829f,1.900476212869634f,-0.001620145262345168f,-0.12003869005180409f,-0.9927678923192347f,0.06779993334005469f,0f,0f,0f,1f], start_interpolation: 0, interpolation_duration: 1 }
$data merge entity $(bone_lefthand1) { transformation: [-0.9999859468073385f,-0.004816930542623822f,0.002214354980198984f,1.0382261610773793f,-0.005047902253381575f,0.9927575283375062f,-0.12002919899776829f,2.1541517238222907f,-0.001620145262345168f,-0.12003869005180409f,-0.9927678923192347f,0.06937118239601084f,0f,0f,0f,1f], start_interpolation: 0, interpolation_duration: 1 }
$data merge entity $(bone_leftforearm) { transformation: [-0.9999859468073385f,-0.004816930542623822f,0.002214354980198984f,0.9723055358175726f,-0.005047902253381575f,0.9927575283375062f,-0.12002919899776829f,2.8537443232781037f,-0.001620145262345168f,-0.12003869005180409f,-0.9927678923192347f,0.0003797176919275447f,0f,0f,0f,1f], start_interpolation: 0, interpolation_duration: 1 }
$data merge entity $(bone_leftelbow) { transformation: [-0.9999859468073385f,-0.004816930542623822f,0.002214354980198984f,0.9714023613408307f,-0.005047902253381575f,0.9927575283375062f,-0.12002919899776829f,3.039886359841386f,-0.001620145262345168f,-0.12003869005180409f,-0.9927678923192347f,-0.02212753669278572f,0f,0f,0f,1f], start_interpolation: 0, interpolation_duration: 1 }
$data merge entity $(bone_leftarm) { transformation: [-0.9999859468073385f,-0.005283788093443432f,0.0004333257601155211f,0.75f,-0.005047902253381575f,0.9739393274528938f,0.2267525195525842f,3.5186657787138875f,-0.001620145262345168f,0.2267471455696595f,-0.9739523125417078f,0.1213276390828344f,0f,0f,0f,1f], start_interpolation: 0, interpolation_duration: 1 }
$data merge entity $(bone_rightthumb2) { transformation: [-0.9999964868082072f,0.0023545066093166606f,-0.001217649321326494f,-0.9570324709128217f,0.0025238201662759053f,0.9861533410016539f,-0.16581682171313092f,1.865440043032914f,0.0008103721437350693f,-0.16581931229474636f,-0.9861558188070919f,0.4492027827782302f,0f,0f,0f,1f], start_interpolation: 0, interpolation_duration: 1 }
$data merge entity $(bone_rightthumb) { transformation: [-0.9999964868082072f,0.0023545066093166606f,-0.001217649321326494f,-0.9565591030925636f,0.0025238201662759053f,0.9861533410016539f,-0.16581682171313092f,2.0931164627219623f,0.0008103721437350693f,-0.16581931229474636f,-0.9861558188070919f,0.3242624291970788f,0f,0f,0f,1f], start_interpolation: 0, interpolation_duration: 1 }
$data merge entity $(bone_rightpointerfinger) { transformation: [-0.9999964868082072f,0.0023545066093166606f,-0.001217649321326494f,-1.0667633686303306f,0.0025238201662759053f,0.9861533410016539f,-0.16581682171313092f,1.7620382770186778f,0.0008103721437350693f,-0.16581931229474636f,-0.9861558188070919f,0.332534471490431f,0f,0f,0f,1f], start_interpolation: 0, interpolation_duration: 1 }
$data merge entity $(bone_rightmidfinger) { transformation: [-0.9999964868082072f,0.0023545066093166606f,-0.001217649321326494f,-1.0669536263367878f,0.0025238201662759053f,0.9861533410016539f,-0.16581682171313092f,1.7361293986260011f,0.0008103721437350693f,-0.16581931229474636f,-0.9861558188070919f,0.1784476248018229f,0f,0f,0f,1f], start_interpolation: 0, interpolation_duration: 1 }
$data merge entity $(bone_rightringfinger) { transformation: [-0.9999964868082072f,0.0023545066093166606f,-0.001217649321326494f,-1.067143884043245f,0.0025238201662759053f,0.9861533410016539f,-0.16581682171313092f,1.7102205202333245f,0.0008103721437350693f,-0.16581931229474636f,-0.9861558188070919f,0.024360778113214798f,0f,0f,0f,1f], start_interpolation: 0, interpolation_duration: 1 }
$data merge entity $(bone_hugeasssword) { transformation: [-3.9166529066654783f,0.009221817553156922f,-0.004769126508528768f,-0.8008322746026946f,0.009884962317913963f,3.8624339189231445f,-0.6494492183764294f,1.9383622941245626f,0.003173957562962355f,-0.6494589731544234f,-3.86244362366111f,0.15995900656013373f,0f,0f,0f,1f], start_interpolation: 0, interpolation_duration: 1 }
$data merge entity $(bone_ice) { transformation: [-0.9999964868082072f,0.0023545066093166606f,-0.001217649321326494f,-0.7852441186620869f,0.0025238201662759053f,0.9861533410016539f,-0.16581682171313092f,1.9229142134813137f,0.0008103721437350693f,-0.16581931229474636f,-0.9861558188070919f,0.1625372712499933f,0f,0f,0f,1f], start_interpolation: 0, interpolation_duration: 1 }
$data merge entity $(bone_righthand1) { transformation: [-0.9999964868082072f,0.0023545066093166606f,-0.001217649321326494f,-1.034692665253101f,0.0025238201662759053f,0.9861533410016539f,-0.16581682171313092f,2.164901728094761f,0.0008103721437350693f,-0.16581931229474636f,-0.9861558188070919f,0.09046766687451885f,0f,0f,0f,1f], start_interpolation: 0, interpolation_duration: 1 }
$data merge entity $(bone_rightforearm) { transformation: [-0.9999964868082072f,0.0023545066093166606f,-0.001217649321326494f,-0.9705183465972665f,0.0025238201662759053f,0.9861533410016539f,-0.16581682171313092f,2.8607239450654243f,0.0008103721437350693f,-0.16581931229474636f,-0.9861558188070919f,-0.010766000672847331f,0f,0f,0f,1f], start_interpolation: 0, interpolation_duration: 1 }
$data merge entity $(bone_rightelbow) { transformation: [-0.9999964868082072f,0.0023545066093166606f,-0.001217649321326494f,-0.9700768766080197f,0.0025238201662759053f,0.9861533410016539f,-0.16581682171313092f,3.0456276965032343f,0.0008103721437350693f,-0.16581931229474636f,-0.9861558188070919f,-0.041857121728112276f,0f,0f,0f,1f], start_interpolation: 0, interpolation_duration: 1 }
$data merge entity $(bone_rightarm) { transformation: [-0.9999964868082072f,0.0026485085142416943f,-0.00010850757131169817f,-0.75f,0.0025238201662759053f,0.9638356691217785f,0.26648533404362373f,3.5186657787138875f,0.0008103721437350693f,0.2664841239759386f,-0.9638389673414149f,0.12132763908283421f,0f,0f,0f,1f], start_interpolation: 0, interpolation_duration: 1 }
$data merge entity $(bone_chest1) { transformation: [-1.0833333333333333f,-2.373024563406619e-17f,1.3053054390234602e-16f,-0.002323124999999998f,0f,1.065862777685995f,0.19377216068002717f,3.3806380044287945f,-1.3267006990762992e-16f,0.19377216068002717f,-1.065862777685995f,-0.015639113138953574f,0f,0f,0f,1f], start_interpolation: 0, interpolation_duration: 1 }
$data merge entity $(bone_chest1lid) { transformation: [-1f,-2.1904842123753407e-17f,1.204897328329348e-16f,-0.34375000000000006f,0f,0.9838733332486108f,0.17886660985848662f,2.6382164197626725f,-1.2246467991473532e-16f,0.17886660985848662f,-0.9838733332486108f,0.24712331199090798f,0f,0f,0f,1f], start_interpolation: 0, interpolation_duration: 1 }
$data merge entity $(bone_chest2) { transformation: [-1f,-2.1904842123753407e-17f,1.204897328329348e-16f,-0.34375000000000006f,0f,0.9838733332486108f,0.17886660985848662f,2.484486211442577f,-1.2246467991473532e-16f,0.17886660985848662f,-0.9838733332486108f,0.21917540420051945f,0f,0f,0f,1f], start_interpolation: 0, interpolation_duration: 1 }
$data merge entity $(bone_chest1lid3) { transformation: [-1f,-2.1904842123753407e-17f,1.204897328329348e-16f,-0.28124999999999994f,0f,0.9838733332486108f,0.17886660985848662f,2.7528028417032653f,-1.2246467991473532e-16f,0.17886660985848662f,-0.9838733332486108f,-0.3831705421214833f,0f,0f,0f,1f], start_interpolation: 0, interpolation_duration: 1 }
$data merge entity $(bone_chest3) { transformation: [-1f,-2.1904842123753407e-17f,1.204897328329348e-16f,-0.28124999999999994f,0f,0.9838733332486108f,0.17886660985848662f,2.59907263338317f,-1.2246467991473532e-16f,0.17886660985848662f,-0.9838733332486108f,-0.41111844991187185f,0f,0f,0f,1f], start_interpolation: 0, interpolation_duration: 1 }
$data merge entity $(bone_hugeasssword2) { transformation: [-1.3415928228853675e-15f,2.887669569172986f,-2.646061646494669f,-1.234375f,-0.7005608886124057f,2.6033894921180174f,2.8411010843428053f,4.569614090659431f,3.8535038885570594f,0.47329207618506736f,0.5165076662294874f,-0.06875825102690826f,0f,0f,0f,1f], start_interpolation: 0, interpolation_duration: 1 }
$data merge entity $(bone_belt) { transformation: [-1f,-2.1904842123753407e-17f,1.204897328329348e-16f,0.029705624999999992f,0f,0.9838733332486108f,0.17886660985848662f,2.9653176531988743f,-1.2246467991473532e-16f,0.17886660985848662f,-0.9838733332486108f,0.04190442916169172f,0f,0f,0f,1f], start_interpolation: 0, interpolation_duration: 1 }
$data merge entity $(bone_torn_part) { transformation: [-1f,-4.7464361159878536e-17f,1.1289256949110154e-16f,-0.09375f,0f,0.9218377867782103f,0.38757592142424313f,2.6908145256382277f,-1.2246467991473532e-16f,0.38757592142424313f,-0.9218377867782103f,-0.001138288105772503f,0f,0f,0f,1f], start_interpolation: 0, interpolation_duration: 1 }
$data merge entity $(bone_lowerbody) { transformation: [-1f,-1.132011542769854e-17f,1.2194036580772651e-16f,0.0039062499999999883f,0f,0.9957186504110912f,0.09243575727777222f,2.191625f,-1.2246467991473532e-16f,0.09243575727777222f,-0.9957186504110912f,0.09375f,0f,0f,0f,1f], start_interpolation: 0, interpolation_duration: 1 }
$data merge entity $(bone_leftfoot) { transformation: [-0.9958900524480266f,-0.08393685093581806f,-0.03402364604278943f,0.4476927867707897f,-0.08395061035422582f,0.9964693880652222f,-0.0010264843273606883f,0.1622193986615248f,0.03398968161397972f,0.0018340403211560274f,-0.9994205010104009f,-0.2658060596174763f,0f,0f,0f,1f], start_interpolation: 0, interpolation_duration: 1 }
$data merge entity $(bone_leftlowerleg) { transformation: [-0.9958900524480266f,-0.07183442554790273f,-0.05516175070888868f,0.37647683259234654f,-0.08395061035422582f,0.9607077525233395f,0.264561730533172f,1.1873558091782537f,0.03398968161397972f,0.26810525833664023f,-0.962789837916886f,0.17955165774012263f,0f,0f,0f,1f], start_interpolation: 0, interpolation_duration: 1 }
$data merge entity $(bone_leftleg) { transformation: [-0.9958900524480266f,-0.08999579973335223f,-0.010186239022383095f,0.25f,-0.08395061035422582f,0.9594507566867916f,-0.269084634481971f,2.21115625f,0.03398968161397972f,-0.2671235697640651f,-0.9630626667150394f,-0.07812499999999997f,0f,0f,0f,1f], start_interpolation: 0, interpolation_duration: 1 }
$data merge entity $(bone_rightfoot) { transformation: [-0.9956977253292502f,0.07973187823550228f,0.047210881872680126f,-0.4427911794754536f,0.08173742743407716f,0.9957604271336383f,0.042191998187963986f,0.18864802046868068f,-0.043646680636860426f,0.045869372654018636f,-0.9979934708813032f,-0.18358275100708443f,0f,0f,0f,1f], start_interpolation: 0, interpolation_duration: 1 }
$data merge entity $(bone_rightlowerleg) { transformation: [-0.9956977253292502f,0.06694813995561792f,0.06406236282436133f,-0.3783634884873157f,0.08173742743407716f,0.9602489234203728f,0.26691009352677886f,1.2129146017494263f,-0.043646680636860426f,0.2709980657246429f,-0.9615898375309953f,0.2647997997372895f,0f,0f,0f,1f], start_interpolation: 0, interpolation_duration: 1 }
$data merge entity $(bone_rightleg) { transformation: [-0.9956977253292502f,0.09183078508273877f,0.012375244855959765f,-0.25f,0.08173742743407716f,0.933359007978618f,-0.3495138841042355f,2.21115625f,-0.043646680636860426f,-0.3469986586951855f,-0.9368494532917901f,-0.07812500000000003f,0f,0f,0f,1f], start_interpolation: 0, interpolation_duration: 1 }
data modify entity @s data merge value {"locators":{"lefthand":{"posx":0.8835935115195968,"posy":1.8257389688751156,"posz":0.09299373155452959,"roty":0.1277972276203343,"rotx":-6.893787738803323},"righthand":{"posx":-0.8790115526954811,"posy":1.910333063508019,"posz":0.1806128550619347,"roty":359.92925445426215,"rotx":-9.544688579740956},"chest":{"posx":-0.37500000000000006,"posy":2.548776428644246,"posz":0.389674357194848,"roty":0,"rotx":10.303750000000003},"sack":{"posx":0,"posy":-0.4375,"posz":0,"roty":0,"rotx":0}},"cameras":{}}