# This file was generated by Animated Java via MC-Build. It is not recommended to edit this file directly.
$data merge entity $(bone_nose) { transformation: [-0.9847216330764776f,0.17320763989613447f,0.01795602497229648f,0.482112531846199f,0.17156968887092125f,0.9826755708092613f,-0.0700896882246454f,3.7948037260883907f,-0.029785016567563438f,-0.06593812263253856f,-0.9973790737587019f,-0.22326665295357992f,0f,0f,0f,1f], start_interpolation: 0, interpolation_duration: 1 }
$data merge entity $(bone_glowing_eye) { transformation: [-0.9847216330764776f,0.17320763989613447f,0.01795602497229648f,0.37012330553075795f,0.17156968887092125f,0.9826755708092613f,-0.0700896882246454f,3.88523088105671f,-0.029785016567563438f,-0.06593812263253856f,-0.9973790737587019f,-0.19665016053326362f,0f,0f,0f,1f], start_interpolation: 0, interpolation_duration: 1 }
$data merge entity $(bone_head) { transformation: [-0.9847216330764776f,0.17320763989613447f,0.01795602497229648f,0.46408774920188645f,0.17156968887092125f,0.9826755708092613f,-0.0700896882246454f,3.6603413728975163f,-0.029785016567563438f,-0.06593812263253856f,-0.9973790737587019f,-0.40188903808423304f,0f,0f,0f,1f], start_interpolation: 0, interpolation_duration: 1 }
$data merge entity $(bone_leftthumb2) { transformation: [-0.6870758199197503f,0.16419574512950375f,-0.7077899229029538f,1.1030829835318292f,0.07961692905440043f,-0.951251760182796f,-0.2979617984861124f,3.9304122106319497f,-0.7222104695236351f,-0.2610744070767931f,0.6405093220866898f,0.3285205938494825f,0f,0f,0f,1f], start_interpolation: 0, interpolation_duration: 1 }
$data merge entity $(bone_leftthumb) { transformation: [-0.6870758199197503f,0.16419574512950375f,-0.7077899229029538f,1.0828648012202724f,0.07961692905440043f,-0.951251760182796f,-0.2979617984861124f,3.6716617804411933f,-0.7222104695236351f,-0.2610744070767931f,0.6405093220866898f,0.3192303789641754f,0f,0f,0f,1f], start_interpolation: 0, interpolation_duration: 1 }
$data merge entity $(bone_leftpointerfinger) { transformation: [-0.7017983301816748f,-0.08070024034191586f,-0.7077899229029538f,1.0709593375173005f,0.40016270407856974f,-0.8666536660670444f,-0.2979617984861124f,3.961116203331812f,-0.5893631427386173f,-0.49234022210389095f,0.6405093220866898f,0.5139110633632094f,0f,0f,0f,1f], start_interpolation: 0, interpolation_duration: 1 }
$data merge entity $(bone_leftmidfinger) { transformation: [-0.6870758199197503f,0.16419574512950375f,-0.7077899229029538f,0.9603671620637141f,0.07961692905440043f,-0.951251760182796f,-0.2979617984861124f,3.914559672318357f,-0.7222104695236351f,-0.2610744070767931f,0.6405093220866898f,0.6139906449392546f,0f,0f,0f,1f], start_interpolation: 0, interpolation_duration: 1 }
$data merge entity $(bone_leftringfinger) { transformation: [-0.571940295981366f,0.41462962131253667f,-0.7077899229029538f,0.8497749866101276f,-0.2904718374353218f,-0.9093101111831261f,-0.2979617984861124f,3.868003141304902f,-0.7671443211610807f,0.035176680206538774f,0.6405093220866898f,0.7140702265152998f,0f,0f,0f,1f], start_interpolation: 0, interpolation_duration: 1 }
$data merge entity $(bone_invisibility) { transformation: [0.1018829743073204f,0.719407170681455f,0.6870758199197501f,0.9822099659966043f,-0.9736010419020269f,0.2139209101869973f,-0.07961692905440054f,3.88131252246221f,-0.20425687443408305f,-0.6608261246022806f,0.7222104695236351f,0.3299256707382944f,0f,0f,0f,1f], start_interpolation: 0, interpolation_duration: 1 }
$data merge entity $(bone_swiftness) { transformation: [-0.707789922902954f,0.16419574512950375f,0.6870758199197502f,0.7914794249452086f,-0.2979617984861124f,-0.951251760182796f,-0.0796169290544005f,3.958406924416324f,0.6405093220866896f,-0.2610744070767931f,0.7222104695236352f,0.4477600708178578f,0f,0f,0f,1f], start_interpolation: 0, interpolation_duration: 1 }
$data merge entity $(bone_suspicious_stew) { transformation: [-0.15031306448567575f,0.710867639104867f,0.6870758199197504f,0.841802679899355f,-0.9880509750273214f,-0.13197126715882507f,-0.07961692905440056f,3.8700346115046322f,0.034077168199316804f,-0.6908333983805106f,0.7222104695236352f,0.46225903146127345f,0f,0f,0f,1f], start_interpolation: 0, interpolation_duration: 1 }
$data merge entity $(bone_log) { transformation: [-0.6870758199197503f,0.16419574512950375f,-0.7077899229029538f,0.7647361372869903f,0.07961692905440043f,-0.951251760182796f,-0.2979617984861124f,3.7446252692765962f,-0.7222104695236351f,-0.2610744070767931f,0.6405093220866898f,0.39194137353164704f,0f,0f,0f,1f], start_interpolation: 0, interpolation_duration: 1 }
$data merge entity $(bone_planks) { transformation: [-0.6870758199197503f,0.16419574512950375f,-0.7077899229029538f,0.7003227791695137f,0.07961692905440043f,-0.951251760182796f,-0.2979617984861124f,3.7520893563754463f,-0.7222104695236351f,-0.2610744070767931f,0.6405093220866898f,0.3242341420138063f,0f,0f,0f,1f], start_interpolation: 0, interpolation_duration: 1 }
$data merge entity $(bone_lefthand) { transformation: [-0.6870758199197503f,0.16419574512950375f,-0.7077899229029538f,0.9996724636400212f,0.07961692905440043f,-0.951251760182796f,-0.2979617984861124f,3.496219403169988f,-0.7222104695236351f,-0.2610744070767931f,0.6405093220866898f,0.4872094728281485f,0f,0f,0f,1f], start_interpolation: 0, interpolation_duration: 1 }
$data merge entity $(bone_leftforearm) { transformation: [-0.6196325871419357f,0.2914543121400214f,-0.7287728321546968f,1.1624622272724787f,-0.07850500445144781f,-0.946858204242229f,-0.3119238774689413f,2.814852857636755f,-0.7809560943022786f,-0.1360658847550254f,0.6095848208231254f,0.32229971074387825f,0f,0f,0f,1f], start_interpolation: 0, interpolation_duration: 1 }
$data merge entity $(bone_leftelbow) { transformation: [-0.6196325871419357f,0.2914543121400214f,-0.7287728321546968f,1.2171099107987327f,-0.07850500445144781f,-0.946858204242229f,-0.3119238774689413f,2.6373169443413373f,-0.7809560943022786f,-0.1360658847550254f,0.6095848208231254f,0.296787357352311f,0f,0f,0f,1f], start_interpolation: 0, interpolation_duration: 1 }
$data merge entity $(bone_leftarm) { transformation: [-0.7574292060416735f,0.021746900188495004f,0.6525550322902058f,0.9818282091511643f,-0.11558204676114468f,0.9791945065336748f,-0.1667900142118166f,3.1275285102698778f,-0.6426054686209763f,-0.2017552742965225f,-0.7391569664096728f,0.10574315580760679f,0f,0f,0f,1f], start_interpolation: 0, interpolation_duration: 1 }
$data merge entity $(bone_rightthumb2) { transformation: [0.1728497467352878f,-0.9417999816348288f,0.2883327238559353f,0.5505976184170348f,0.9766647123976575f,0.12600146058281836f,-0.1739243269016666f,3.699799625375801f,0.12747158354216936f,0.31166717267564886f,0.9416021287495158f,-0.15578741757868478f,0f,0f,0f,1f], start_interpolation: 0, interpolation_duration: 1 }
$data merge entity $(bone_rightthumb) { transformation: [0.1728497467352878f,-0.9417999816348288f,0.2883327238559353f,0.34426843016987385f,0.9766647123976575f,0.12600146058281836f,-0.1739243269016666f,3.7158374004065835f,0.12747158354216936f,0.31166717267564886f,0.9416021287495158f,0.0011135829338347891f,0f,0f,0f,1f], start_interpolation: 0, interpolation_duration: 1 }
$data merge entity $(bone_rightpointerfinger) { transformation: [-0.3816684150639689f,-0.8942484210283366f,0.23377121814048232f,0.6253885273766739f,0.7894302574900739f,-0.44692977650966936f,-0.4207774274223521f,3.909903938116347f,0.480758868354723f,0.02394861911142595f,0.8765257407178313f,0.0727783704014904f,0f,0f,0f,1f], start_interpolation: 0, interpolation_duration: 1 }
$data merge entity $(bone_rightmidfinger) { transformation: [-0.49512603015948087f,-0.8367802769112259f,0.23377121814048232f,0.6619152802111242f,0.7243405302839719f,-0.5461475558489315f,-0.4207774274223521f,3.844157465081605f,0.47977183165172105f,-0.03900788910734117f,0.8765257407178313f,0.20973551738865154f,0f,0f,0f,1f], start_interpolation: 0, interpolation_duration: 1 }
$data merge entity $(bone_rightringfinger) { transformation: [-0.5661721326828775f,-0.790442998414457f,0.23377121814048232f,0.6984420330455746f,0.6739843000020246f,-0.6071997364316031f,-0.4207774274223521f,3.7784109920468625f,0.4745463934370414f,-0.08067432264949415f,0.8765257407178313f,0.3466926643758127f,0f,0f,0f,1f], start_interpolation: 0, interpolation_duration: 1 }
$data merge entity $(bone_hugeasssword) { transformation: [-1.1839189008722946f,-3.6194313425139653f,0.9156039377168892f,0.5508451070373099f,3.23273337347252f,-1.474333965578686f,-1.648044924070879f,3.5550294172990853f,1.8676318561140746f,0.25755366925431933f,3.4330591511448394f,0.08273577135895224f,0f,0f,0f,1f], start_interpolation: 0, interpolation_duration: 1 }
$data merge entity $(bone_ice) { transformation: [-0.3022771661801603f,-0.9241101300035656f,0.23377121814048232f,0.5700074085401807f,0.8253787336525582f,-0.376425693339239f,-0.4207774274223521f,3.5480145260441898f,0.4768421760291254f,0.06575838363940067f,0.8765257407178313f,0.07425763761413154f,0f,0f,0f,1f], start_interpolation: 0, interpolation_duration: 1 }
$data merge entity $(bone_righthand) { transformation: [-0.3022771661801603f,-0.9241101300035656f,0.23377121814048232f,0.27071593506113933f,0.8253787336525582f,-0.376425693339239f,-0.4207774274223521f,3.647103491515571f,0.4768421760291254f,0.06575838363940067f,0.8765257407178313f,0.23729920692869527f,0f,0f,0f,1f], start_interpolation: 0, interpolation_duration: 1 }
$data merge entity $(bone_rightforearm) { transformation: [-0.3504488635871795f,-0.9171201112936381f,-0.1899376094174067f,-0.3492633140708543f,0.8923192808971403f,-0.26534131865464317f,-0.3651852756530931f,3.410471441712533f,0.2845204649048375f,-0.29746375590205965f,0.911352521791088f,-0.0038774086494784976f,0f,0f,0f,1f], start_interpolation: 0, interpolation_duration: 1 }
$data merge entity $(bone_rightelbow) { transformation: [-0.3504488635871795f,-0.9171201112936381f,-0.1899376094174067f,-0.5212233349384114f,0.8923192808971403f,-0.26534131865464317f,-0.3651852756530931f,3.3607199444647873f,0.2845204649048375f,-0.29746375590205965f,0.911352521791088f,-0.05965186288111468f,0f,0f,0f,1f], start_interpolation: 0, interpolation_duration: 1 }
$data merge entity $(bone_rightarm) { transformation: [-0.5022313292123637f,-0.250948678628244f,-0.8275194575672047f,-0.4495491915593402f,0.8316150965015164f,0.12213663104495331f,-0.5417554564817622f,3.277530816034806f,0.23702325461514506f,-0.9602642365785198f,0.14735186703912817f,-0.6244320564986313f,0f,0f,0f,1f], start_interpolation: 0, interpolation_duration: 1 }
$data merge entity $(bone_chest) { transformation: [-0.9281616864604656f,0.24371234913470732f,0.5027238663294371f,0.35228029476477535f,0.09919775646924597f,1.031224605156525f,-0.31677551979650853f,3.011641310828642f,-0.5498061476642866f,-0.22536906555719324f,-0.905832818676573f,-0.3347579481586168f,0f,0f,0f,1f], start_interpolation: 0, interpolation_duration: 1 }
$data merge entity $(bone_chest1lid) { transformation: [-0.8567646336558145f,0.16528657343747855f,0.4885025190906542f,-0.27558738459071047f,0.09156715981776552f,0.980952281132693f,-0.17131280566108908f,2.5067545722515896f,-0.5075133670747262f,-0.1020439649458177f,-0.8555800438641675f,-0.03865362390729685f,0f,0f,0f,1f], start_interpolation: 0, interpolation_duration: 1 }
$data merge entity $(bone_chest1) { transformation: [-0.8567646336558145f,0.22496524535511447f,0.46405279968871116f,-0.31073820417744713f,0.09156715981776552f,0.9518996355291002f,-0.29240817211985404f,2.358020254200168f,-0.5075133670747262f,-0.20803298359125533f,-0.8361533710860674f,-0.006148470221163202f,0f,0f,0f,1f], start_interpolation: 0, interpolation_duration: 1 }
$data merge entity $(bone_chest1lid3) { transformation: [-0.8567646336558145f,0.22496524535511447f,0.46405279968871116f,0.07524422981335849f,0.09156715981776552f,0.9518996355291002f,-0.29240817211985404f,2.3137076394986975f,-0.5075133670747262f,-0.20803298359125533f,-0.8361533710860674f,-0.5425947918171383f,0f,0f,0f,1f], start_interpolation: 0, interpolation_duration: 1 }
$data merge entity $(bone_chest3) { transformation: [-0.8567646336558145f,0.22496524535511447f,0.46405279968871116f,0.040093410226621856f,0.09156715981776552f,0.9518996355291002f,-0.29240817211985404f,2.1649733214472757f,-0.5075133670747262f,-0.20803298359125533f,-0.8361533710860674f,-0.5100896381310047f,0f,0f,0f,1f], start_interpolation: 0, interpolation_duration: 1 }
$data merge entity $(bone_hugeasssword2) { transformation: [-1.8175401321141196f,3.069325068079968f,-1.6174267440562073f,-0.3193290655212113f,1.145265340802762f,2.2543694159444456f,2.9910639600964757f,4.151478664017411f,3.2749340367537636f,0.9150628069635304f,-1.9436421718005348f,-1.4229441797298334f,0f,0f,0f,1f], start_interpolation: 0, interpolation_duration: 1 }
$data merge entity $(bone_belt) { transformation: [-0.8567646336558145f,0.22496524535511447f,0.46405279968871116f,0.22936531723142473f,0.09156715981776552f,0.9518996355291002f,-0.29240817211985404f,2.6678153080892413f,-0.5075133670747262f,-0.20803298359125533f,-0.8361533710860674f,-0.1261825843904235f,0f,0f,0f,1f], start_interpolation: 0, interpolation_duration: 1 }
$data merge entity $(bone_torn_part) { transformation: [-0.8567646336558145f,-0.16744835300907548f,0.48776573433479936f,0.06610560203663339f,0.09156715981776552f,0.8813957883567216f,0.46341873021053115f,2.396898066732488f,-0.5075133670747262f,0.4417041015675327f,-0.7398159696160208f,-0.14270943432430705f,0f,0f,0f,1f], start_interpolation: 0, interpolation_duration: 1 }
$data merge entity $(bone_lowerbody) { transformation: [-0.8567646336558145f,0.18525689012803792f,0.4812839569076722f,-0.0083639990308884f,0.09156715981776552f,0.9730681637351359f,-0.21155094887056974f,1.9425743741426613f,-0.5075133670747262f,-0.13717956620874222f,-0.8506538360903662f,0.09345782369215432f,0f,0f,0f,1f], start_interpolation: 0, interpolation_duration: 1 }
$data merge entity $(bone_leftfoot) { transformation: [-0.9742918406645175f,-0.22197738184223045f,0.038462269127671644f,0.2218291874850024f,-0.2099862404642367f,0.9566391884984157f,0.2018587746226564f,0.21442127690589063f,-0.0816025582521945f,0.18859570509998952f,-0.9786598308285703f,0.6218224390953783f,0f,0f,0f,1f], start_interpolation: 0, interpolation_duration: 1 }
$data merge entity $(bone_leftlowerleg) { transformation: [-0.9742918406645175f,-0.2211888725517202f,0.042764317547222624f,-0.03012276829930366f,-0.2099862404642367f,0.9603776353891311f,0.18324928187430545f,1.251684765721329f,-0.0816025582521945f,0.16956122015677383f,-0.9821366488826868f,0.9608304169597852f,0f,0f,0f,1f], start_interpolation: 0, interpolation_duration: 1 }
$data merge entity $(bone_leftleg) { transformation: [-0.9797413554235462f,0.08565813429587166f,0.18101812056064337f,0.035783894913306885f,-0.08605922974030153f,0.6360986064550179f,-0.7667946704872535f,1.7751752367435167f,-0.1808271739054691f,-0.7668370284931704f,-0.6158431704596703f,0.27528335570707735f,0f,0f,0f,1f], start_interpolation: 0, interpolation_duration: 1 }
$data merge entity $(bone_rightfoot) { transformation: [-0.4972346716524031f,0.04354059539092206f,0.8665234226747633f,-0.2968830809257162f,0.17112831909865034f,0.9840401956964897f,0.048752984711740555f,0.17105662839252245f,-0.8505720025663762f,0.1725280370835413f,-0.49675076265476587f,-0.2796078013202558f,0f,0f,0f,1f], start_interpolation: 0, interpolation_duration: 1 }
$data merge entity $(bone_rightlowerleg) { transformation: [-0.4972346716524031f,-0.25371614948895027f,0.8296907502072585f,-0.7058277881373335f,0.17112831909865034f,0.9088198407644541f,0.3804713619939897f,1.1208208790324208f,-0.8505720025663762f,0.33116710436617525f,-0.4084796111970757f,0.15054181024810154f,0f,0f,0f,1f], start_interpolation: 0, interpolation_duration: 1 }
$data merge entity $(bone_rightleg) { transformation: [-0.6050018602131781f,0.4454683220743301f,0.659947181899522f,-0.30817119983266206f,0.07273853647951833f,0.8563012880686065f,-0.5113272753794967f,1.8911928918738108f,-0.7928946048810092f,-0.2613500706975731f,-0.5504671966210696f,-0.06485011963401266f,0f,0f,0f,1f], start_interpolation: 0, interpolation_duration: 1 }
$data merge entity $(bone_sack_top) { transformation: [-0.2884302746911125f,-0.5887271258153336f,0.042761143490376276f,1.0570684056384998f,0.08836672695044342f,-0.1904470963705171f,0.3297424892853888f,3.848486240222112f,-0.17094389427177759f,0.8948991170771742f,0.0983050972554131f,0.19181902530788053f,0f,0f,0f,1f], start_interpolation: 0, interpolation_duration: 1 }
$data merge entity $(bone_sack_main) { transformation: [-0.5123015589859345f,-0.312897565016668f,0.07595111330667823f,1.0570684056384998f,0.15695443908472448f,-0.10121910492284888f,0.5856791264568758f,3.848486240222112f,-0.30362562885725014f,0.47562230852064624f,0.1746066866043999f,0.19181902530788053f,0f,0f,0f,1f], start_interpolation: 0, interpolation_duration: 1 }
data modify entity @s data merge value {"locators":{"lefthand":{"posx":0.8273809203615831,"posy":3.8161333790433725,"posz":0.4700370849447578,"roty":227.85670976691745,"rotx":-17.335225067495646},"righthand":{"posx":0.5524554697086514,"posy":3.637850081086017,"posz":0.10423840217378028,"roty":165.06668973727056,"rotx":-24.883679462693035},"chest":{"posx":-0.3889298571785105,"posy":2.4958110956690533,"posz":0.08913760907826944,"roty":29.029629208680717,"rotx":-17.00218491031463},"sack":{"posx":0.8928612000306242,"posy":3.759738549685863,"posz":0.5609308342574006,"roty":156.49173110361627,"rotx":71.99012771894276}},"cameras":{}}