# This file was generated by Animated Java via MC-Build. It is not recommended to edit this file directly.
$data merge entity $(bone_nose) { transformation: [-0.9204937964734475f,0.2852554155484075f,0.2670590169872657f,0.598904758659666f,0.1844312633823191f,0.9196830820883607f,-0.34665276229630027f,3.6635108605317717f,-0.3444942376021707f,-0.26983768532352737f,-0.8991725884601576f,-0.5443412645769143f,0f,0f,0f,1f], start_interpolation: 0, interpolation_duration: 1 }
$data merge entity $(bone_glowing_eye) { transformation: [-0.9204937964734475f,0.2852554155484075f,0.2670590169872657f,0.4938379521237074f,0.1844312633823191f,0.9196830820883607f,-0.34665276229630027f,3.7609314503352915f,-0.3444942376021707f,-0.26983768532352737f,-0.8991725884601576f,-0.5742960585475969f,0f,0f,0f,1f], start_interpolation: 0, interpolation_duration: 1 }
$data merge entity $(bone_head) { transformation: [-0.9204937964734475f,0.2852554155484075f,0.2670590169872657f,0.6136904475968727f,0.1844312633823191f,0.9196830820883607f,-0.34665276229630027f,3.4850388045613387f,-0.3444942376021707f,-0.26983768532352737f,-0.8991725884601576f,-0.6793971134880388f,0f,0f,0f,1f], start_interpolation: 0, interpolation_duration: 1 }
$data merge entity $(bone_leftthumb2) { transformation: [-0.6953604482283654f,0.08557580916243614f,-0.7135479156481651f,1.2301294038733939f,0.0033204686378645867f,-0.9924918877591133f,-0.12226539665979598f,3.8176529262646772f,-0.7186534780599559f,-0.08738783449969784f,0.6898554521447094f,0.017148245052614933f,0f,0f,0f,1f], start_interpolation: 0, interpolation_duration: 1 }
$data merge entity $(bone_leftthumb) { transformation: [-0.6953604482283654f,0.08557580916243614f,-0.7135479156481651f,1.1901382082504095f,0.0033204686378645867f,-0.9924918877591133f,-0.12226539665979598f,3.5638032393458583f,-0.7186534780599559f,-0.08738783449969784f,0.6898554521447094f,0.05467035635197928f,0f,0f,0f,1f], start_interpolation: 0, interpolation_duration: 1 }
$data merge entity $(bone_leftpointerfinger) { transformation: [-0.6826937325015231f,-0.15741232377834238f,-0.7135479156481651f,1.204666136347955f,0.3425724375774878f,-0.9315016359576841f,-0.12226539665979598f,3.883370273291123f,-0.6454249705545618f,-0.3279116687933827f,0.6898554521447094f,0.1942841880292836f,0f,0f,0f,1f], start_interpolation: 0, interpolation_duration: 1 }
$data merge entity $(bone_leftmidfinger) { transformation: [-0.6953604482283654f,0.08557580916243614f,-0.7135479156481651f,1.0931742745279291f,0.0033204686378645867f,-0.9924918877591133f,-0.12226539665979598f,3.8642663050630297f,-0.7186534780599559f,-0.08738783449969784f,0.6898554521447094f,0.3020741024268944f,0f,0f,0f,1f], start_interpolation: 0, interpolation_duration: 1 }
$data merge entity $(bone_leftringfinger) { transformation: [-0.6096808414583601f,0.34516466162222476f,-0.7135479156481651f,0.9816824127079034f,-0.37674248918929615f,-0.9182136296195328f,-0.12226539665979598f,3.8451623368349366f,-0.6973911158009392f,0.1942809479803391f,0.6898554521447094f,0.4098640168245053f,0f,0f,0f,1f], start_interpolation: 0, interpolation_duration: 1 }
$data merge entity $(bone_invisibility) { transformation: [0.023060368798170625f,0.718291073611902f,0.6953604482283652f,1.105944278796283f,-0.9993712879429179f,0.03529877226390196f,-0.0033204686378646682f,3.779259854582688f,-0.02693043308612439f,-0.6948466954991738f,0.7186534780599559f,0.028420633615115223f,0f,0f,0f,1f], start_interpolation: 0, interpolation_duration: 1 }
$data merge entity $(bone_swiftness) { transformation: [-0.7135479156481652f,0.08557580916243614f,0.6953604482283653f,0.9243490908147445f,-0.12226539665979598f,-0.9924918877591133f,-0.003320468637864614f,3.8909081829952905f,0.6898554521447093f,-0.08738783449969784f,0.718653478059956f,0.13217259942373305f,0f,0f,0f,1f], start_interpolation: 0, interpolation_duration: 1 }
$data merge entity $(bone_suspicious_stew) { transformation: [-0.22400035755404865f,0.6828599320909854f,0.6953604482283655f,0.9681426785577627f,-0.9511747158541894f,-0.3086351153186039f,-0.0033204686378646977f,3.8028581499476846f,0.21234523713839526f,-0.6621530629219854f,0.718653478059956f,0.16186483563442156f,0f,0f,0f,1f], start_interpolation: 0, interpolation_duration: 1 }
$data merge entity $(bone_log) { transformation: [-0.6953604482283654f,0.08557580916243614f,-0.7135479156481651f,0.8802020541356503f,0.0033204686378645867f,-0.9924918877591133f,-0.12226539665979598f,3.6733767674441675f,-0.7186534780599559f,-0.08738783449969784f,0.6898554521447094f,0.11590456707312172f,0f,0f,0f,1f], start_interpolation: 0, interpolation_duration: 1 }
$data merge entity $(bone_planks) { transformation: [-0.6953604482283654f,0.08557580916243614f,-0.7135479156481651f,0.815012012114241f,0.0033204686378645867f,-0.9924918877591133f,-0.12226539665979598f,3.673688061378967f,-0.7186534780599559f,-0.08738783449969784f,0.6898554521447094f,0.04853080350500086f,0f,0f,0f,1f], start_interpolation: 0, interpolation_duration: 1 }
$data merge entity $(bone_lefthand) { transformation: [-0.6953604482283654f,0.08557580916243614f,-0.7135479156481651f,1.0977344908473559f,0.0033204686378645867f,-0.9924918877591133f,-0.12226539665979598f,3.4282444719905416f,-0.7186534780599559f,-0.08738783449969784f,0.6898554521447094f,0.2521629950836641f,0f,0f,0f,1f], start_interpolation: 0, interpolation_duration: 1 }
$data merge entity $(bone_leftforearm) { transformation: [-0.6414622174153195f,0.21562062386311437f,-0.7362295635150102f,1.2045723113641336f,-0.1675548783129514f,-0.9758966757123976f,-0.13982503741113067f,2.7177240199215604f,-0.748633145393759f,0.03366637637723108f,0.6621291329638602f,0.2109019548034026f,0f,0f,0f,1f], start_interpolation: 0, interpolation_duration: 1 }
$data merge entity $(bone_leftelbow) { transformation: [-0.6414622174153195f,0.21562062386311437f,-0.7362295635150102f,1.2450011783384676f,-0.1675548783129514f,-0.9758966757123976f,-0.13982503741113067f,2.5347433932254857f,-0.748633145393759f,0.03366637637723108f,0.6621291329638602f,0.21721440037413342f,0f,0f,0f,1f], start_interpolation: 0, interpolation_duration: 1 }
$data merge entity $(bone_leftarm) { transformation: [-0.780353915905768f,0.17914534458059805f,0.599128292977082f,1.089959923929466f,-0.14540672353381748f,0.879844336060342f,-0.45247190968467427f,2.9935363542156233f,-0.6081978713228889f,-0.4402055086180031f,-0.6605410354403968f,-0.09524995570720557f,0f,0f,0f,1f], start_interpolation: 0, interpolation_duration: 1 }
$data merge entity $(bone_rightthumb2) { transformation: [-0.00986619117751282f,-0.9414889568012605f,0.33689939521008816f,0.4582051072598039f,0.99613770089008f,-0.03865083682164238f,-0.07884030491070143f,3.712214041556414f,0.0872487199738449f,0.33482033545509327f,0.9382339813866607f,-0.4321687882489379f,0f,0f,0f,1f], start_interpolation: 0, interpolation_duration: 1 }
$data merge entity $(bone_rightthumb) { transformation: [-0.00986619117751282f,-0.9414889568012605f,0.33689939521008816f,0.25610258183763684f,0.99613770089008f,-0.03865083682164238f,-0.07884030491070143f,3.6959977183502764f,0.0872487199738449f,0.33482033545509327f,0.9382339813866607f,-0.26987748166674164f,0f,0f,0f,1f], start_interpolation: 0, interpolation_duration: 1 }
$data merge entity $(bone_rightpointerfinger) { transformation: [-0.5115256052990363f,-0.7942134561550663f,0.32797338487395455f,0.497550308740492f,0.7236429128140514f,-0.60398905025402f,-0.3339732952007423f,3.941682635228123f,0.46333841828349387f,0.06649972357439893f,0.8836828033333447f,-0.21359170489170026f,0f,0f,0f,1f], start_interpolation: 0, interpolation_duration: 1 }
$data merge entity $(bone_rightmidfinger) { transformation: [-0.6108150910767052f,-0.7206513604561343f,0.32797338487395455f,0.5487961501270474f,0.638615656506805f,-0.6932761941370411f,-0.3339732952007423f,3.8894993078530073f,0.4680544495860915f,0.005453009772810685f,0.8836828033333447f,-0.07551626687086517f,0f,0f,0f,1f], start_interpolation: 0, interpolation_duration: 1 }
$data merge entity $(bone_rightringfinger) { transformation: [-0.6712996598277052f,-0.6646730215147357f,0.32797338487395455f,0.6000419915136028f,0.5757625295011749f,-0.746297090785678f,-0.3339732952007423f,3.837315980477891f,0.4667486222128741f,-0.03536137377570564f,0.8836828033333447f,0.06255917114996995f,0f,0f,0f,1f], start_interpolation: 0, interpolation_duration: 1 }
$data merge entity $(bone_hugeasssword) { transformation: [-1.7247387597072916f,-3.273446710603068f,1.2845624240896554f,0.4908753625729027f,3.0296605270948542f,-2.1095991282377f,-1.3080620728695742f,3.579841240480003f,1.7851361514193997f,0.41763133115042317f,3.461090979722267f,-0.18873115350210146f,0f,0f,0f,1f], start_interpolation: 0, interpolation_duration: 1 }
$data merge entity $(bone_ice) { transformation: [-0.44035883226569145f,-0.8357736282390811f,0.32797338487395455f,0.5108149322682898f,0.773530347343367f,-0.5386210540181361f,-0.3339732952007423f,3.576170782771796f,0.4557794429155914f,0.10662927603840591f,0.8836828033333447f,-0.19751878973575768f,0f,0f,0f,1f], start_interpolation: 0, interpolation_duration: 1 }
$data merge entity $(bone_righthand) { transformation: [-0.44035883226569145f,-0.8357736282390811f,0.32797338487395455f,0.20203098541940778f,0.773530347343367f,-0.5386210540181361f,-0.3339732952007423f,3.624461440628081f,0.4557794429155914f,0.10662927603840591f,0.8836828033333447f,-0.029301522393091306f,0f,0f,0f,1f], start_interpolation: 0, interpolation_duration: 1 }
$data merge entity $(bone_rightforearm) { transformation: [-0.5045123387557832f,-0.8578514481128637f,-0.09776601154712594f,-0.3680861989322892f,0.8224685475407214f,-0.4430485604685573f,-0.35672603125226976f,3.2671124815656483f,0.26270285181060793f,-0.26038215383816526f,0.9290792999594664f,-0.2433185166105809f,0f,0f,0f,1f], start_interpolation: 0, interpolation_duration: 1 }
$data merge entity $(bone_rightelbow) { transformation: [-0.5045123387557832f,-0.8578514481128637f,-0.09776601154712594f,-0.5289333454534512f,0.8224685475407214f,-0.4430485604685573f,-0.35672603125226976f,3.184040876477794f,0.26270285181060793f,-0.26038215383816526f,0.9290792999594664f,-0.2921401704552369f,0f,0f,0f,1f], start_interpolation: 0, interpolation_duration: 1 }
$data merge entity $(bone_rightarm) { transformation: [-0.6352612400265605f,-0.06507596882000666f,-0.7695506969667784f,-0.33553495444223025f,0.7509180562636926f,0.18078628891302145f,-0.635168001805991f,3.1594035162170933f,0.18045838771604583f,-0.9813671260151294f,-0.06597980205888998f,-0.8334574007872838f,0f,0f,0f,1f], start_interpolation: 0, interpolation_duration: 1 }
$data merge entity $(bone_chest) { transformation: [-0.9256661127444892f,0.33327779499582955f,0.4535187649814894f,0.44389272287958403f,0.09729415561384863f,0.9545819192271214f,-0.5029098506483687f,2.8687562852811284f,-0.5543349223267516f,-0.3889863518923177f,-0.8455847225687151f,-0.508564301238934f,0f,0f,0f,1f], start_interpolation: 0, interpolation_duration: 1 }
$data merge entity $(bone_chest1lid) { transformation: [-0.8544610271487593f,0.245390423294797f,0.4579081711861971f,-0.2219194019102819f,0.08980998979739874f,0.9379148946407811f,-0.3350370369728747f,2.478856708538347f,-0.511693774455463f,-0.24515136256234138f,-0.8234502356653672f,-0.1324276944733197f,0f,0f,0f,1f], start_interpolation: 0, interpolation_duration: 1 }
$data merge entity $(bone_chest1) { transformation: [-0.8544610271487593f,0.3076410415346119f,0.41863270613675946f,-0.269988314650065f,0.08980998979739874f,0.8811525408250352f,-0.46422447752157114f,2.341176624034435f,-0.511693774455463f,-0.35906432482367795f,-0.7805397439095833f,-0.07632389371962003f,0f,0f,0f,1f], start_interpolation: 0, interpolation_duration: 1 }
$data merge entity $(bone_chest1lid3) { transformation: [-0.8544610271487593f,0.3076410415346119f,0.41863270613675946f,0.0996709896553771f,0.08980998979739874f,0.8811525408250352f,-0.46422447752157114f,2.1758497782637534f,-0.511693774455463f,-0.35906432482367795f,-0.7805397439095833f,-0.60048010701193f,0f,0f,0f,1f], start_interpolation: 0, interpolation_duration: 1 }
$data merge entity $(bone_chest3) { transformation: [-0.8544610271487593f,0.3076410415346119f,0.41863270613675946f,0.051602076915593986f,0.08980998979739874f,0.8811525408250352f,-0.46422447752157114f,2.0381696937598415f,-0.511693774455463f,-0.35906432482367795f,-0.7805397439095833f,-0.5443763062582303f,0f,0f,0f,1f], start_interpolation: 0, interpolation_duration: 1 }
$data merge entity $(bone_hugeasssword2) { transformation: [-1.6396447657023085f,3.281438267034175f,-1.3725908784945902f,-0.14098287048295655f,1.8182125369594873f,2.0722423684427698f,2.7821201474148856f,3.8788214144742827f,3.0571139969792007f,0.5274962026898681f,-2.390832395505674f,-1.7624090181820367f,0f,0f,0f,1f], start_interpolation: 0, interpolation_duration: 1 }
$data merge entity $(bone_belt) { transformation: [-0.8544610271487593f,0.3076410415346119f,0.41863270613675946f,0.29391731761332573f,0.08980998979739874f,0.8811525408250352f,-0.46422447752157114f,2.5756584366523363f,-0.511693774455463f,-0.35906432482367795f,-0.7805397439095833f,-0.24697469292620366f,0f,0f,0f,1f], start_interpolation: 0, interpolation_duration: 1 }
$data merge entity $(bone_torn_part) { transformation: [-0.8544610271487593f,-0.06954986846232591f,0.5148389737391299f,0.10551347766134132f,0.08980998979739874f,0.9563030323916295f,0.2782421175364459f,2.323941914804032f,-0.511693774455463f,0.28398472852505185f,-0.8108773983458128f,-0.21781378441018873f,0f,0f,0f,1f], start_interpolation: 0, interpolation_duration: 1 }
$data merge entity $(bone_lowerbody) { transformation: [-0.8544610271487593f,0.2776538230480256f,0.4390953286368496f,-0.0083639990308884f,0.08980998979739874f,0.9114212095468089f,-0.4015539123465527f,1.9266100394375858f,-0.511693774455463f,-0.3036770214142773f,-0.8037099898896828f,0.09345782369215432f,0f,0f,0f,1f], start_interpolation: 0, interpolation_duration: 1 }
$data merge entity $(bone_leftfoot) { transformation: [-0.9737367247391828f,-0.22345484357271744f,0.04363944781719068f,0.21928468078231722f,-0.21131842964103006f,0.9583604547598291f,0.19206701094963155f,0.21313049950774388f,-0.08474061746591836f,0.17780131371110147f,-0.9804111720690942f,0.627590022163599f,0f,0f,0f,1f], start_interpolation: 0, interpolation_duration: 1 }
$data merge entity $(bone_leftlowerleg) { transformation: [-0.9737367247391828f,-0.22322854460745328f,0.04478264612922249f,-0.035240143545254496f,-0.21131842964103006f,0.9593310093223177f,0.18715905667430432f,1.2486321677375563f,-0.08474061746591836f,0.17278067810408038f,-0.9813084177511078f,0.9700423320984433f,0f,0f,0f,1f], start_interpolation: 0, interpolation_duration: 1 }
$data merge entity $(bone_leftleg) { transformation: [-0.9784276975939581f,0.09141086116720115f,0.18526464580908247f,0.035772295176642904f,-0.08927814340231352f,0.6216221429041953f,-0.7782130834537636f,1.7592065936737868f,-0.1863016706987008f,-0.7779650536658906f,-0.6000517395423366f,0.2752888615327766f,0f,0f,0f,1f], start_interpolation: 0, interpolation_duration: 1 }
$data merge entity $(bone_rightfoot) { transformation: [-0.49816338027905516f,0.034580270922818956f,0.8663934369405226f,-0.3052103833482598f,0.16938948083528088f,0.9838332014063909f,0.05812887416921564f,0.17317955594118617f,-0.8503766477129183f,0.17571556179210432f,-0.4959673281588292f,-0.268107187083657f,0f,0f,0f,1f], start_interpolation: 0, interpolation_duration: 1 }
$data merge entity $(bone_rightlowerleg) { transformation: [-0.49816338027905516f,-0.2619067441954365f,0.8265822645421647f,-0.7227639263395684f,0.16938948083528088f,0.9055270807501623f,0.3890082778422812f,1.1179792411691465f,-0.8503766477129183f,0.333804014134916f,-0.40673631434178514f,0.16469989632450552f,0f,0f,0f,1f], start_interpolation: 0, interpolation_duration: 1 }
$data merge entity $(bone_rightleg) { transformation: [-0.6049916672962972f,0.46428416983329257f,0.6468579585953491f,-0.30813641023036764f,0.07273558081870869f,0.8412277744796699f,-0.5357659239643817f,1.8752185667702888f,-0.7929026534102477f,-0.27708428302539584f,-0.5427058651981294f,-0.06485637299119265f,0f,0f,0f,1f], start_interpolation: 0, interpolation_duration: 1 }
$data merge entity $(bone_sack_top) { transformation: [-0.33460256741271743f,-0.3646494753301274f,0.16418890671237235f,1.0016366435024042f,0.0976162103889071f,0.5020117307781633f,0.33837674273829743f,3.661377860583623f,-0.18455219643287482f,0.9266599730916985f,-0.11870340662545406f,-0.011877832681225997f,0f,0f,0f,1f], start_interpolation: 0, interpolation_duration: 1 }
$data merge entity $(bone_sack_main) { transformation: [-0.578485461824163f,-0.24343728862316857f,0.2838618252703256f,1.0016366435024042f,0.16876606472268604f,0.3351393128620889f,0.5850105329648472f,3.661377860583623f,-0.3190673741975523f,0.6186313338880696f,-0.20522315633378876f,-0.011877832681225997f,0f,0f,0f,1f], start_interpolation: 0, interpolation_duration: 1 }
data modify entity @s data merge value {"locators":{"lefthand":{"posx":0.9498556722482469,"posy":3.7525142990633578,"posz":0.1793265137717704,"roty":225.96718395769582,"rotx":-7.022863154968522},"righthand":{"posx":0.4774656705459614,"posy":3.662323539541782,"posz":-0.17026309320260458,"roty":159.63790474230262,"rotx":-19.510116652771618},"chest":{"posx":-0.33326023443846253,"posy":2.4991263115306963,"posz":-0.004017269637700674,"roty":28.206326285283325,"rotx":-27.66004310738492},"sack":{"posx":0.9240265107580957,"posy":3.8323808067701366,"posz":0.36823507533770383,"roty":54.13425625726808,"rotx":59.088783365233446}},"cameras":{}}