# This file was generated by Animated Java via MC-Build. It is not recommended to edit this file directly.
$data merge entity $(nose) {transformation: [-0.9983f,-0.0318f,0.0486f,-0.1382f,-0.0283f,0.9971f,0.0713f,4.4237f,-0.0508f,0.0698f,-0.9963f,0.9263f,0f,0f,0f,1f],start_interpolation: 0,interpolation_duration: 1}
$data merge entity $(glowing_eye) {transformation: [-0.9983f,-0.0318f,0.0486f,-0.2669f,-0.0283f,0.9971f,0.0713f,4.4852f,-0.0508f,0.0698f,-0.9963f,0.9594f,0f,0f,0f,1f],start_interpolation: 0,interpolation_duration: 1}
$data merge entity $(head) {transformation: [-0.9983f,-0.0318f,0.0486f,-0.1252f,-0.0283f,0.9971f,0.0713f,4.314f,-0.0508f,0.0698f,-0.9963f,0.7311f,0f,0f,0f,1f],start_interpolation: 0,interpolation_duration: 1}
$data merge entity $(leftthumb2) {transformation: [-0.1829f,0.0823f,0.9797f,0.262f,-0.9687f,-0.1853f,-0.1653f,3.9649f,0.1679f,-0.9792f,0.1136f,2.9442f,0f,0f,0f,1f],start_interpolation: 0,interpolation_duration: 1}
$data merge entity $(leftthumb) {transformation: [-0.1829f,0.0823f,0.9797f,0.3659f,-0.9687f,-0.1853f,-0.1653f,3.9053f,0.1679f,-0.9792f,0.1136f,2.7137f,0f,0f,0f,1f],start_interpolation: 0,interpolation_duration: 1}
$data merge entity $(leftpointerfinger) {transformation: [-0.1829f,0.0823f,0.9797f,0.4049f,-0.9687f,-0.1853f,-0.1653f,4.0643f,0.1679f,-0.9792f,0.1136f,3.022f,0f,0f,0f,1f],start_interpolation: 0,interpolation_duration: 1}
$data merge entity $(leftmidfinger) {transformation: [-0.1829f,0.0823f,0.9797f,0.558f,-0.9687f,-0.1853f,-0.1653f,4.0385f,0.1679f,-0.9792f,0.1136f,3.0397f,0f,0f,0f,1f],start_interpolation: 0,interpolation_duration: 1}
$data merge entity $(leftringfinger) {transformation: [-0.1829f,0.0823f,0.9797f,0.711f,-0.9687f,-0.1853f,-0.1653f,4.0127f,0.1679f,-0.9792f,0.1136f,3.0575f,0f,0f,0f,1f],start_interpolation: 0,interpolation_duration: 1}
$data merge entity $(invisibility) {transformation: [0.1673f,-0.9688f,0.1829f,0.349f,-0.199f,0.1486f,0.9687f,3.8676f,-0.9656f,-0.1985f,-0.1679f,2.9428f,0f,0f,0f,1f],start_interpolation: 0,interpolation_duration: 1}
$data merge entity $(swiftness) {transformation: [0.9797f,0.0823f,0.1829f,0.512f,-0.1653f,-0.1853f,0.9687f,3.8112f,0.1136f,-0.9792f,-0.1679f,3.1055f,0f,0f,0f,1f],start_interpolation: 0,interpolation_duration: 1}
$data merge entity $(suspicious_stew) {transformation: [0.4886f,-0.8531f,0.1829f,0.5288f,-0.2378f,0.0715f,0.9687f,3.8453f,-0.8395f,-0.5168f,-0.1679f,3.01f,0f,0f,0f,1f],start_interpolation: 0,interpolation_duration: 1}
$data merge entity $(log) {transformation: [-0.1829f,0.0823f,0.9797f,0.5679f,-0.9687f,-0.1853f,-0.1653f,3.7236f,0.1679f,-0.9792f,0.1136f,2.9087f,0f,0f,0f,1f],start_interpolation: 0,interpolation_duration: 1}
$data merge entity $(planks) {transformation: [-0.1829f,0.0823f,0.9797f,0.5507f,-0.9687f,-0.1853f,-0.1653f,3.6327f,0.1679f,-0.9792f,0.1136f,2.9244f,0f,0f,0f,1f],start_interpolation: 0,interpolation_duration: 1}
$data merge entity $(lefthand1) {transformation: [-0.1829f,0.0823f,0.9797f,0.6035f,-0.9687f,-0.1853f,-0.1653f,3.9246f,0.1679f,-0.9792f,0.1136f,2.6183f,0f,0f,0f,1f],start_interpolation: 0,interpolation_duration: 1}
$data merge entity $(leftforearm) {transformation: [-0.9723f,0.0823f,0.2187f,0.5972f,-0.2306f,-0.1853f,-0.9552f,3.7948f,-0.0381f,-0.9792f,0.1991f,1.9243f,0f,0f,0f,1f],start_interpolation: 0,interpolation_duration: 1}
$data merge entity $(leftelbow) {transformation: [-0.9931f,0.066f,0.0971f,0.6096f,-0.0981f,-0.0108f,-0.9951f,3.7928f,-0.0646f,-0.9978f,0.0172f,1.7372f,0f,0f,0f,1f],start_interpolation: 0,interpolation_duration: 1}
$data merge entity $(leftarm) {transformation: [-0.9931f,0.066f,0.0971f,0.4223f,-0.0981f,-0.0108f,-0.9951f,3.797f,-0.0646f,-0.9978f,0.0172f,1.2237f,0f,0f,0f,1f],start_interpolation: 0,interpolation_duration: 1}
$data merge entity $(rightthumb2) {transformation: [-0.1658f,0.6978f,-0.6968f,-1.4369f,0.3613f,0.7004f,0.6155f,4.1713f,0.9176f,-0.1497f,-0.3683f,-0.7055f,0f,0f,0f,1f],start_interpolation: 0,interpolation_duration: 1}
$data merge entity $(rightthumb) {transformation: [-0.1658f,0.6978f,-0.6968f,-1.3253f,0.3613f,0.7004f,0.6155f,4.3957f,0.9176f,-0.1497f,-0.3683f,-0.7737f,0f,0f,0f,1f],start_interpolation: 0,interpolation_duration: 1}
$data merge entity $(rightpointerfinger) {transformation: [-0.3978f,0.9132f,0.088f,-1.5158f,0.7966f,0.3914f,-0.4607f,4.6192f,-0.4551f,-0.1131f,-0.8832f,-0.9624f,0f,0f,0f,1f],start_interpolation: 0,interpolation_duration: 1}
$data merge entity $(rightmidfinger) {transformation: [-0.4858f,0.8696f,0.088f,-1.502f,0.7542f,0.4679f,-0.4607f,4.5472f,-0.4418f,-0.1574f,-0.8832f,-1.1004f,0f,0f,0f,1f],start_interpolation: 0,interpolation_duration: 1}
$data merge entity $(rightringfinger) {transformation: [-0.4509f,0.8882f,0.088f,-1.4883f,0.7722f,0.4376f,-0.4607f,4.4752f,-0.4477f,-0.1397f,-0.8832f,-1.2384f,0f,0f,0f,1f],start_interpolation: 0,interpolation_duration: 1}
$data merge entity $(hugeasssword) {transformation: [2.3576f,3.1086f,0.3447f,-1.5021f,2.8633f,-1.9714f,-1.8043f,4.258f,-1.2585f,1.3381f,-3.4592f,-0.9318f,0f,0f,0f,1f],start_interpolation: 0,interpolation_duration: 1}
$data merge entity $(whey) {transformation: [0.6019f,0.0859f,0.7939f,-1.6923f,0.7311f,0.3408f,-0.5911f,4.2443f,-0.3213f,0.9362f,0.1424f,-0.7844f,0f,0f,0f,1f],start_interpolation: 0,interpolation_duration: 1}
$data merge entity $(ice) {transformation: [0.9029f,1.1905f,0.132f,-1.5239f,1.0966f,-0.755f,-0.691f,4.2544f,-0.482f,0.5125f,-1.3248f,-0.9321f,0f,0f,0f,1f],start_interpolation: 0,interpolation_duration: 1}
$data merge entity $(righthand1) {transformation: [0.6019f,0.7937f,0.088f,-1.1722f,0.7311f,-0.5033f,-0.4607f,4.297f,-0.3213f,0.3416f,-0.8832f,-0.9547f,0f,0f,0f,1f],start_interpolation: 0,interpolation_duration: 1}
$data merge entity $(rightforearm) {transformation: [0.6096f,0.7164f,0.3394f,-0.7119f,0.777f,-0.4552f,-0.4347f,3.9351f,-0.1569f,0.5287f,-0.8342f,-0.5601f,0f,0f,0f,1f],start_interpolation: 0,interpolation_duration: 1}
$data merge entity $(rightelbow) {transformation: [0.452f,0.5021f,0.7373f,-0.6178f,0.8524f,0.0005f,-0.5229f,3.9352f,-0.2629f,0.8648f,-0.4277f,-0.3979f,0f,0f,0f,1f],start_interpolation: 0,interpolation_duration: 1}
$data merge entity $(rightarm) {transformation: [0.452f,0.2571f,0.8542f,-0.6148f,0.8524f,0.1577f,-0.4985f,3.8432f,-0.2629f,0.9534f,-0.1479f,0.1409f,0f,0f,0f,1f],start_interpolation: 0,interpolation_duration: 1}
$data merge entity $(chest1) {transformation: [-0.749f,-0.1075f,0.7753f,-0.0032f,0.0334f,1.0677f,0.1803f,3.6805f,-0.782f,0.1486f,-0.7349f,0.584f,0f,0f,0f,1f],start_interpolation: 0,interpolation_duration: 1}
$data merge entity $(chest1lid) {transformation: [-0.6914f,-0.0917f,0.7166f,-0.4514f,0.0308f,0.9873f,0.1561f,2.9523f,-0.7218f,0.13f,-0.6797f,0.5093f,0f,0f,0f,1f],start_interpolation: 0,interpolation_duration: 1}
$data merge entity $(chest2) {transformation: [-0.6914f,-0.0993f,0.7156f,-0.4359f,0.0308f,0.9856f,0.1665f,2.7983f,-0.7218f,0.1371f,-0.6783f,0.4878f,0f,0f,0f,1f],start_interpolation: 0,interpolation_duration: 1}
$data merge entity $(chest1lid3) {transformation: [-0.6914f,-0.0993f,0.7156f,0.0502f,0.0308f,0.9856f,0.1665f,3.057f,-0.7218f,0.1371f,-0.6783f,0.1198f,0f,0f,0f,1f],start_interpolation: 0,interpolation_duration: 1}
$data merge entity $(chest3) {transformation: [-0.6914f,-0.0993f,0.7156f,0.0657f,0.0308f,0.9856f,0.1665f,2.903f,-0.7218f,0.1371f,-0.6783f,0.0984f,0f,0f,0f,1f],start_interpolation: 0,interpolation_duration: 1}
$data merge entity $(hugeasssword2) {transformation: [-2.8029f,1.7338f,-2.1161f,-0.7806f,-0.652f,2.5189f,2.9275f,4.9061f,2.6569f,2.4473f,-1.514f,-0.3259f,0f,0f,0f,1f],start_interpolation: 0,interpolation_duration: 1}
$data merge entity $(belt) {transformation: [-0.6914f,-0.0993f,0.7156f,-0.0352f,0.0308f,0.9856f,0.1665f,3.2651f,-0.7218f,0.1371f,-0.6783f,0.6413f,0f,0f,0f,1f],start_interpolation: 0,interpolation_duration: 1}
$data merge entity $(torn_part) {transformation: [-0.6914f,-0.281f,0.6656f,-0.0932f,0.0308f,0.909f,0.4158f,2.9913f,-0.7218f,0.3079f,-0.6198f,0.5142f,0f,0f,0f,1f],start_interpolation: 0,interpolation_duration: 1}
$data merge entity $(lowerbody) {transformation: [-0.6914f,-0.0679f,0.7193f,-0.0937f,0.0308f,0.9919f,0.1232f,2.4866f,-0.7218f,0.1073f,-0.6837f,0.6284f,0f,0f,0f,1f],start_interpolation: 0,interpolation_duration: 1}
$data merge entity $(leftfoot) {transformation: [-0.9715f,-0.1075f,0.211f,0.4f,-0.0739f,0.9841f,0.1615f,0.4238f,-0.225f,0.1413f,-0.9641f,0.6029f,0f,0f,0f,1f],start_interpolation: 0,interpolation_duration: 1}
$data merge entity $(leftlowerleg) {transformation: [-0.9715f,-0.1075f,0.211f,0.2483f,-0.0739f,0.9841f,0.1615f,1.4907f,-0.225f,0.1413f,-0.9641f,0.9077f,0f,0f,0f,1f],start_interpolation: 0,interpolation_duration: 1}
$data merge entity $(leftleg) {transformation: [-0.9715f,-0.0056f,0.2368f,0.2058f,-0.0739f,0.957f,-0.2804f,2.5125f,-0.225f,-0.2899f,-0.9302f,0.6169f,0f,0f,0f,1f],start_interpolation: 0,interpolation_duration: 1}
$data merge entity $(rightfoot) {transformation: [-0.7416f,-0.15f,0.6538f,-0.2798f,0.1724f,0.8993f,0.4019f,0.5681f,-0.6483f,0.4108f,-0.6411f,-0.1442f,0f,0f,0f,1f],start_interpolation: 0,interpolation_duration: 1}
$data merge entity $(rightlowerleg) {transformation: [-0.7416f,-0.15f,0.6538f,-0.5466f,0.1724f,0.8993f,0.4019f,1.5041f,-0.6483f,0.4108f,-0.6411f,0.41f,0f,0f,0f,1f],start_interpolation: 0,interpolation_duration: 1}
$data merge entity $(rightleg) {transformation: [-0.7416f,0.3045f,0.5977f,-0.2155f,0.1724f,0.9476f,-0.2689f,2.5125f,-0.6483f,-0.0964f,-0.7553f,0.3475f,0f,0f,0f,1f],start_interpolation: 0,interpolation_duration: 1}
data modify entity @s data merge value {"cameras":{},"locators":{"soup":{"px":0.376448862447329,"py":3.8273093642218035,"pz":2.926440049279979,"ry":47.44971439211352,"rx":75.62058322417175},"lefthand":{"px":0.5632667067871522,"py":3.8314334684123406,"pz":2.967664463394567,"ry":96.61411183027175,"rx":-9.516589192600849},"sword":{"px":-1.8057983301913214,"py":6.036729545130663,"pz":2.3030017358821198,"ry":5.691367834515006,"rx":-27.429838035331443},"righthand":{"px":-1.4812219055590479,"py":4.338038155676816,"pz":-0.9537994490182241,"ry":5.691367834515006,"rx":-27.429838035331443},"chest":{"px":-0.578653943202089,"py":2.8656406425152947,"pz":0.5841366679099544,"ry":46.532436884675576,"rx":9.58194698236153}}}