# This file was generated by Animated Java via MC-Build. It is not recommended to edit this file directly.
$data merge entity $(nose) {transformation: [-0.995f,-0.0457f,0.0892f,-0.203f,-0.0383f,0.9959f,0.0825f,4.5274f,-0.0926f,0.0786f,-0.9926f,1.2273f,0f,0f,0f,1f],start_interpolation: 0,interpolation_duration: 1}
$data merge entity $(glowing_eye) {transformation: [-0.995f,-0.0457f,0.0892f,-0.3336f,-0.0383f,0.9959f,0.0825f,4.5872f,-0.0926f,0.0786f,-0.9926f,1.2557f,0f,0f,0f,1f],start_interpolation: 0,interpolation_duration: 1}
$data merge entity $(head) {transformation: [-0.995f,-0.0457f,0.0892f,-0.1807f,-0.0383f,0.9959f,0.0825f,4.4199f,-0.0926f,0.0786f,-0.9926f,1.0317f,0f,0f,0f,1f],start_interpolation: 0,interpolation_duration: 1}
$data merge entity $(leftthumb2) {transformation: [-0.174f,0.0741f,0.982f,0.1769f,-0.9622f,-0.2251f,-0.1535f,4.1227f,0.2096f,-0.9715f,0.1105f,3.2708f,0f,0f,0f,1f],start_interpolation: 0,interpolation_duration: 1}
$data merge entity $(leftthumb) {transformation: [-0.174f,0.0741f,0.982f,0.279f,-0.9622f,-0.2251f,-0.1535f,4.0544f,0.2096f,-0.9715f,0.1105f,3.042f,0f,0f,0f,1f],start_interpolation: 0,interpolation_duration: 1}
$data merge entity $(leftpointerfinger) {transformation: [-0.174f,0.0741f,0.982f,0.3197f,-0.9622f,-0.2251f,-0.1535f,4.2263f,0.2096f,-0.9715f,0.1105f,3.343f,0f,0f,0f,1f],start_interpolation: 0,interpolation_duration: 1}
$data merge entity $(leftmidfinger) {transformation: [-0.174f,0.0741f,0.982f,0.4732f,-0.9622f,-0.2251f,-0.1535f,4.2023f,0.2096f,-0.9715f,0.1105f,3.3603f,0f,0f,0f,1f],start_interpolation: 0,interpolation_duration: 1}
$data merge entity $(leftringfinger) {transformation: [-0.174f,0.0741f,0.982f,0.6266f,-0.9622f,-0.2251f,-0.1535f,4.1783f,0.2096f,-0.9715f,0.1105f,3.3776f,0f,0f,0f,1f],start_interpolation: 0,interpolation_duration: 1}
$data merge entity $(invisibility) {transformation: [0.1594f,-0.9718f,0.174f,0.2645f,-0.2376f,0.1333f,0.9622f,4.0261f,-0.9582f,-0.1947f,-0.2096f,3.2726f,0f,0f,0f,1f],start_interpolation: 0,interpolation_duration: 1}
$data merge entity $(swiftness) {transformation: [0.982f,0.0741f,0.174f,0.4296f,-0.1535f,-0.2251f,0.9622f,3.9777f,0.1105f,-0.9715f,-0.2096f,3.4358f,0f,0f,0f,1f],start_interpolation: 0,interpolation_duration: 1}
$data merge entity $(suspicious_stew) {transformation: [0.4822f,-0.8586f,0.174f,0.4452f,-0.2689f,0.044f,0.9622f,4.0078f,-0.8338f,-0.5107f,-0.2096f,3.3389f,0f,0f,0f,1f],start_interpolation: 0,interpolation_duration: 1}
$data merge entity $(log) {transformation: [-0.174f,0.0741f,0.982f,0.4842f,-0.9622f,-0.2251f,-0.1535f,3.8823f,0.2096f,-0.9715f,0.1105f,3.2423f,0f,0f,0f,1f],start_interpolation: 0,interpolation_duration: 1}
$data merge entity $(planks) {transformation: [-0.174f,0.0741f,0.982f,0.4678f,-0.9622f,-0.2251f,-0.1535f,3.7921f,0.2096f,-0.9715f,0.1105f,3.2619f,0f,0f,0f,1f],start_interpolation: 0,interpolation_duration: 1}
$data merge entity $(lefthand1) {transformation: [-0.174f,0.0741f,0.982f,0.5155f,-0.9622f,-0.2251f,-0.1535f,4.0714f,0.2096f,-0.9715f,0.1105f,2.9435f,0f,0f,0f,1f],start_interpolation: 0,interpolation_duration: 1}
$data merge entity $(leftforearm) {transformation: [-0.9762f,0.0741f,0.2037f,0.5034f,-0.2154f,-0.2251f,-0.9502f,3.9145f,-0.0246f,-0.9715f,0.2357f,2.2552f,0f,0f,0f,1f],start_interpolation: 0,interpolation_duration: 1}
$data merge entity $(leftelbow) {transformation: [-0.9952f,0.0616f,0.0766f,0.515f,-0.0799f,-0.0525f,-0.9954f,3.9046f,-0.0573f,-0.9967f,0.0572f,2.0683f,0f,0f,0f,1f],start_interpolation: 0,interpolation_duration: 1}
$data merge entity $(leftarm) {transformation: [-0.9952f,0.0616f,0.0766f,0.3257f,-0.0799f,-0.0525f,-0.9954f,3.892f,-0.0573f,-0.9967f,0.0572f,1.5557f,0f,0f,0f,1f],start_interpolation: 0,interpolation_duration: 1}
$data merge entity $(rightthumb2) {transformation: [-0.0265f,0.9305f,-0.3654f,-1.2121f,0.34f,0.3521f,0.872f,4.5984f,0.9401f,-0.1011f,-0.3257f,-0.4452f,0f,0f,0f,1f],start_interpolation: 0,interpolation_duration: 1}
$data merge entity $(rightthumb) {transformation: [-0.0265f,0.9305f,-0.3654f,-1.0151f,0.34f,0.3521f,0.872f,4.7592f,0.9401f,-0.1011f,-0.3257f,-0.4978f,0f,0f,0f,1f],start_interpolation: 0,interpolation_duration: 1}
$data merge entity $(rightpointerfinger) {transformation: [-0.058f,0.9947f,-0.0851f,-1.0974f,0.9154f,0.019f,-0.4021f,5.0513f,-0.3983f,-0.1012f,-0.9116f,-0.6704f,0f,0f,0f,1f],start_interpolation: 0,interpolation_duration: 1}
$data merge entity $(rightmidfinger) {transformation: [-0.1568f,0.984f,-0.0851f,-1.1106f,0.909f,0.1101f,-0.4021f,4.9884f,-0.3863f,-0.1404f,-0.9116f,-0.8128f,0f,0f,0f,1f],start_interpolation: 0,interpolation_duration: 1}
$data merge entity $(rightringfinger) {transformation: [-0.1137f,0.9899f,-0.0851f,-1.1239f,0.9129f,0.0703f,-0.4021f,4.9256f,-0.392f,-0.1234f,-0.9116f,-0.9553f,0f,0f,0f,1f],start_interpolation: 0,interpolation_duration: 1}
$data merge entity $(hugeasssword) {transformation: [3.3255f,2.0422f,-0.3332f,-1.2289f,1.7607f,-3.1241f,-1.5749f,4.7133f,-1.087f,1.1874f,-3.5706f,-0.6633f,0f,0f,0f,1f],start_interpolation: 0,interpolation_duration: 1}
$data merge entity $(whey) {transformation: [0.8491f,0.1959f,0.4906f,-1.4118f,0.4495f,0.2199f,-0.8658f,4.7674f,-0.2775f,0.9556f,0.0987f,-0.5158f,0f,0f,0f,1f],start_interpolation: 0,interpolation_duration: 1}
$data merge entity $(ice) {transformation: [1.2736f,0.7821f,-0.1276f,-1.2504f,0.6743f,-1.1965f,-0.6032f,4.7187f,-0.4163f,0.4547f,-1.3674f,-0.6637f,0f,0f,0f,1f],start_interpolation: 0,interpolation_duration: 1}
$data merge entity $(righthand1) {transformation: [0.8491f,0.5214f,-0.0851f,-0.9104f,0.4495f,-0.7976f,-0.4021f,4.6191f,-0.2775f,0.3032f,-0.9116f,-0.6858f,0f,0f,0f,1f],start_interpolation: 0,interpolation_duration: 1}
$data merge entity $(rightforearm) {transformation: [0.8713f,0.4576f,0.1775f,-0.6459f,0.4828f,-0.7342f,-0.4773f,4.0802f,-0.0881f,0.5015f,-0.8606f,-0.3142f,0f,0f,0f,1f],start_interpolation: 0,interpolation_duration: 1}
$data merge entity $(rightelbow) {transformation: [0.7401f,0.4358f,0.5122f,-0.5642f,0.6284f,-0.1769f,-0.7575f,4.047f,-0.2395f,0.8825f,-0.4048f,-0.1487f,0f,0f,0f,1f],start_interpolation: 0,interpolation_duration: 1}
$data merge entity $(rightarm) {transformation: [0.7401f,0.2616f,0.6196f,-0.6146f,0.6284f,0.0591f,-0.7756f,3.9633f,-0.2395f,0.9634f,-0.1207f,0.3891f,0f,0f,0f,1f],start_interpolation: 0,interpolation_duration: 1}
$data merge entity $(chest1) {transformation: [-0.6791f,-0.1269f,0.8345f,-0.0423f,0.0515f,1.0628f,0.2035f,3.7912f,-0.8425f,0.1672f,-0.6602f,0.8788f,0f,0f,0f,1f],start_interpolation: 0,interpolation_duration: 1}
$data merge entity $(chest1lid) {transformation: [-0.6269f,-0.116f,0.7704f,-0.4778f,0.0475f,0.9813f,0.1865f,3.0634f,-0.7777f,0.1535f,-0.6096f,0.7462f,0f,0f,0f,1f],start_interpolation: 0,interpolation_duration: 1}
$data merge entity $(chest2) {transformation: [-0.6269f,-0.1171f,0.7703f,-0.4595f,0.0475f,0.981f,0.1878f,2.9101f,-0.7777f,0.1544f,-0.6094f,0.7221f,0f,0f,0f,1f],start_interpolation: 0,interpolation_duration: 1}
$data merge entity $(chest1lid3) {transformation: [-0.6269f,-0.1171f,0.7703f,0.0549f,0.0475f,0.981f,0.1878f,3.1808f,-0.7777f,0.1544f,-0.6094f,0.4044f,0f,0f,0f,1f],start_interpolation: 0,interpolation_duration: 1}
$data merge entity $(chest3) {transformation: [-0.6269f,-0.1171f,0.7703f,0.0732f,0.0475f,0.981f,0.1878f,3.0275f,-0.7777f,0.1544f,-0.6094f,0.3803f,0f,0f,0f,1f],start_interpolation: 0,interpolation_duration: 1}
$data merge entity $(hugeasssword2) {transformation: [-3.0169f,1.5003f,-1.9969f,-0.7465f,-0.7357f,2.4586f,2.9587f,5.0378f,2.3869f,2.6542f,-1.612f,-0.0617f,0f,0f,0f,1f],start_interpolation: 0,interpolation_duration: 1}
$data merge entity $(belt) {transformation: [-0.6269f,-0.1171f,0.7703f,-0.0765f,0.0475f,0.981f,0.1878f,3.3743f,-0.7777f,0.1544f,-0.6094f,0.922f,0f,0f,0f,1f],start_interpolation: 0,interpolation_duration: 1}
$data merge entity $(torn_part) {transformation: [-0.6269f,-0.3124f,0.7138f,-0.1215f,0.0475f,0.8991f,0.4352f,3.1038f,-0.7777f,0.3068f,-0.5487f,0.783f,0f,0f,0f,1f],start_interpolation: 0,interpolation_duration: 1}
$data merge entity $(lowerbody) {transformation: [-0.6269f,-0.0833f,0.7747f,-0.1286f,0.0475f,0.9883f,0.1447f,2.5962f,-0.7777f,0.1276f,-0.6156f,0.8832f,0f,0f,0f,1f],start_interpolation: 0,interpolation_duration: 1}
$data merge entity $(leftfoot) {transformation: [-0.9494f,-0.1042f,0.2964f,0.339f,-0.0771f,0.9918f,0.1015f,0.5328f,-0.3045f,0.0735f,-0.9497f,0.9842f,0f,0f,0f,1f],start_interpolation: 0,interpolation_duration: 1}
$data merge entity $(leftlowerleg) {transformation: [-0.9494f,-0.1042f,0.2964f,0.1779f,-0.0771f,0.9918f,0.1015f,1.6176f,-0.3045f,0.0735f,-0.9497f,1.2117f,0f,0f,0f,1f],start_interpolation: 0,interpolation_duration: 1}
$data merge entity $(leftleg) {transformation: [-0.9494f,0.0287f,0.3128f,0.1706f,-0.0771f,0.944f,-0.3208f,2.6265f,-0.3045f,-0.3287f,-0.894f,0.8762f,0f,0f,0f,1f],start_interpolation: 0,interpolation_duration: 1}
$data merge entity $(rightfoot) {transformation: [-0.695f,-0.1455f,0.7041f,-0.2974f,0.178f,0.914f,0.3647f,0.6547f,-0.6966f,0.3788f,-0.6093f,0.1028f,0f,0f,0f,1f],start_interpolation: 0,interpolation_duration: 1}
$data merge entity $(rightlowerleg) {transformation: [-0.695f,-0.1455f,0.7041f,-0.567f,0.178f,0.914f,0.3647f,1.6126f,-0.6966f,0.3788f,-0.6093f,0.6166f,0f,0f,0f,1f],start_interpolation: 0,interpolation_duration: 1}
$data merge entity $(rightleg) {transformation: [-0.695f,0.2967f,0.6549f,-0.2471f,0.178f,0.9535f,-0.243f,2.6265f,-0.6966f,-0.0523f,-0.7156f,0.6014f,0f,0f,0f,1f],start_interpolation: 0,interpolation_duration: 1}
data modify entity @s data merge value {"cameras":{},"locators":{"soup":{"px":0.2921639634898038,"py":3.9853332558011383,"pz":3.257672322214153,"ry":39.69278210589462,"rx":74.19017656809676},"lefthand":{"px":0.4793387623801533,"py":3.992489870491194,"pz":3.2968098367593948,"ry":96.41873535869173,"rx":-8.830441031126009},"sword":{"px":-0.8638226592197448,"py":6.262394998080372,"pz":2.681440079764055,"ry":354.6679390255249,"rx":-23.709927000877677},"righthand":{"px":-1.1775698792613591,"py":4.779627584396267,"pz":-0.6801993608709311,"ry":354.6679390255249,"rx":-23.709927000877677},"chest":{"px":-0.6103853159119674,"py":2.974241302865348,"pz":0.8074884669369418,"ry":51.650604906252056,"rx":10.826936763907334}}}