# This file was generated by Animated Java via MC-Build. It is not recommended to edit this file directly.
$data merge entity $(nose) {transformation: [-0.9793f,-0.0631f,0.1922f,-0.3488f,-0.0493f,0.9959f,0.0755f,4.3569f,-0.1962f,0.0644f,-0.9784f,1.7163f,0f,0f,0f,1f],start_interpolation: 0,interpolation_duration: 1}
$data merge entity $(glowing_eye) {transformation: [-0.9793f,-0.0631f,0.1922f,-0.4822f,-0.0493f,0.9959f,0.0755f,4.4156f,-0.1962f,0.0644f,-0.9784f,1.7303f,0f,0f,0f,1f],start_interpolation: 0,interpolation_duration: 1}
$data merge entity $(head) {transformation: [-0.9793f,-0.0631f,0.1922f,-0.305f,-0.0493f,0.9959f,0.0755f,4.2481f,-0.1962f,0.0644f,-0.9784f,1.5251f,0f,0f,0f,1f],start_interpolation: 0,interpolation_duration: 1}
$data merge entity $(leftthumb2) {transformation: [-0.1504f,0.047f,0.9875f,0.0335f,-0.9751f,-0.1716f,-0.1404f,3.8256f,0.1628f,-0.984f,0.0717f,3.8098f,0f,0f,0f,1f],start_interpolation: 0,interpolation_duration: 1}
$data merge entity $(leftthumb) {transformation: [-0.1504f,0.047f,0.9875f,0.1294f,-0.9751f,-0.1716f,-0.1404f,3.7715f,0.1628f,-0.984f,0.0717f,3.5746f,0f,0f,0f,1f],start_interpolation: 0,interpolation_duration: 1}
$data merge entity $(leftpointerfinger) {transformation: [-0.1504f,0.047f,0.9875f,0.1768f,-0.9751f,-0.1716f,-0.1404f,3.9279f,0.1628f,-0.984f,0.0717f,3.883f,0f,0f,0f,1f],start_interpolation: 0,interpolation_duration: 1}
$data merge entity $(leftmidfinger) {transformation: [-0.1504f,0.047f,0.9875f,0.331f,-0.9751f,-0.1716f,-0.1404f,3.9059f,0.1628f,-0.984f,0.0717f,3.8942f,0f,0f,0f,1f],start_interpolation: 0,interpolation_duration: 1}
$data merge entity $(leftringfinger) {transformation: [-0.1504f,0.047f,0.9875f,0.4853f,-0.9751f,-0.1716f,-0.1404f,3.884f,0.1628f,-0.984f,0.0717f,3.9054f,0f,0f,0f,1f],start_interpolation: 0,interpolation_duration: 1}
$data merge entity $(invisibility) {transformation: [0.1329f,-0.9796f,0.1504f,0.1228f,-0.1831f,0.1249f,0.9751f,3.7307f,-0.9741f,-0.1572f,-0.1628f,3.8037f,0f,0f,0f,1f],start_interpolation: 0,interpolation_duration: 1}
$data merge entity $(swiftness) {transformation: [0.9875f,0.047f,0.1504f,0.2938f,-0.1404f,-0.1716f,0.9751f,3.6768f,0.0717f,-0.984f,-0.1628f,3.9588f,0f,0f,0f,1f],start_interpolation: 0,interpolation_duration: 1}
$data merge entity $(suspicious_stew) {transformation: [0.46f,-0.8751f,0.1504f,0.3058f,-0.2148f,0.0547f,0.9751f,3.7124f,-0.8616f,-0.4809f,-0.1628f,3.8632f,0f,0f,0f,1f],start_interpolation: 0,interpolation_duration: 1}
$data merge entity $(log) {transformation: [-0.1504f,0.047f,0.9875f,0.3438f,-0.9751f,-0.1716f,-0.1404f,3.5929f,0.1628f,-0.984f,0.0717f,3.7588f,0f,0f,0f,1f],start_interpolation: 0,interpolation_duration: 1}
$data merge entity $(planks) {transformation: [-0.1504f,0.047f,0.9875f,0.3297f,-0.9751f,-0.1716f,-0.1404f,3.5015f,0.1628f,-0.984f,0.0717f,3.7741f,0f,0f,0f,1f],start_interpolation: 0,interpolation_duration: 1}
$data merge entity $(lefthand1) {transformation: [-0.1504f,0.047f,0.9875f,0.3624f,-0.9751f,-0.1716f,-0.1404f,3.7982f,0.1628f,-0.984f,0.0717f,3.4699f,0f,0f,0f,1f],start_interpolation: 0,interpolation_duration: 1}
$data merge entity $(leftforearm) {transformation: [-0.9798f,0.047f,0.1942f,0.3312f,-0.1995f,-0.1716f,-0.9648f,3.6802f,-0.0121f,-0.984f,0.1775f,2.7745f,0f,0f,0f,1f],start_interpolation: 0,interpolation_duration: 1}
$data merge entity $(leftelbow) {transformation: [-0.9975f,0.039f,0.0588f,0.3385f,-0.0591f,-0.0062f,-0.9982f,3.679f,-0.0386f,-0.9992f,0.0085f,2.5871f,0f,0f,0f,1f],start_interpolation: 0,interpolation_duration: 1}
$data merge entity $(leftarm) {transformation: [-0.9975f,0.039f,0.0588f,0.138f,-0.0591f,-0.0062f,-0.9982f,3.6942f,-0.0386f,-0.9992f,0.0085f,2.0788f,0f,0f,0f,1f],start_interpolation: 0,interpolation_duration: 1}
$data merge entity $(rightthumb2) {transformation: [0.1209f,0.9921f,-0.0346f,-1.0142f,0.2151f,0.0078f,0.9766f,4.6131f,0.9691f,-0.1255f,-0.2125f,0.0545f,0f,0f,0f,1f],start_interpolation: 0,interpolation_duration: 1}
$data merge entity $(rightthumb) {transformation: [0.1209f,0.9921f,-0.0346f,-0.7738f,0.2151f,0.0078f,0.9766f,4.6984f,0.9691f,-0.1255f,-0.2125f,0.0056f,0f,0f,0f,1f],start_interpolation: 0,interpolation_duration: 1}
$data merge entity $(rightpointerfinger) {transformation: [0.1848f,0.9517f,-0.2452f,-0.7657f,0.9388f,-0.2447f,-0.2424f,5.0202f,-0.2906f,-0.1854f,-0.9387f,-0.1295f,0f,0f,0f,1f],start_interpolation: 0,interpolation_duration: 1}
$data merge entity $(rightmidfinger) {transformation: [0.0869f,0.9656f,-0.2452f,-0.804f,0.9589f,-0.1478f,-0.2424f,4.9823f,-0.2703f,-0.214f,-0.9387f,-0.2762f,0f,0f,0f,1f],start_interpolation: 0,interpolation_duration: 1}
$data merge entity $(rightringfinger) {transformation: [0.1366f,0.9598f,-0.2452f,-0.8423f,0.95f,-0.1971f,-0.2424f,4.9444f,-0.2809f,-0.1998f,-0.9387f,-0.4229f,0f,0f,0f,1f],start_interpolation: 0,interpolation_duration: 1}
$data merge entity $(hugeasssword) {transformation: [3.6663f,0.9882f,-0.9602f,-0.9976f,0.7552f,-3.7241f,-0.9492f,4.7417f,-1.1525f,0.7034f,-3.6766f,-0.1469f,0f,0f,0f,1f],start_interpolation: 0,interpolation_duration: 1}
$data merge entity $(whey) {transformation: [0.9361f,0.2939f,0.1933f,-1.1477f,0.1928f,0.0308f,-0.9808f,4.8318f,-0.2942f,0.9553f,-0.0278f,0.0188f,0f,0f,0f,1f],start_interpolation: 0,interpolation_duration: 1}
$data merge entity $(ice) {transformation: [1.4041f,0.3785f,-0.3677f,-1.0162f,0.2892f,-1.4263f,-0.3635f,4.7536f,-0.4414f,0.2694f,-1.4081f,-0.1451f,0f,0f,0f,1f],start_interpolation: 0,interpolation_duration: 1}
$data merge entity $(righthand1) {transformation: [0.9361f,0.2523f,-0.2452f,-0.7267f,0.1928f,-0.9508f,-0.2424f,4.5565f,-0.2942f,0.1796f,-0.9387f,-0.2031f,0f,0f,0f,1f],start_interpolation: 0,interpolation_duration: 1}
$data merge entity $(rightforearm) {transformation: [0.9785f,0.2044f,0.029f,-0.6447f,0.1983f,-0.8915f,-0.4073f,3.9236f,-0.0574f,0.4043f,-0.9128f,0.099f,0f,0f,0f,1f],start_interpolation: 0,interpolation_duration: 1}
$data merge entity $(rightelbow) {transformation: [0.8805f,0.3741f,0.2913f,-0.5745f,0.3999f,-0.2559f,-0.8801f,3.8756f,-0.2547f,0.8914f,-0.3749f,0.2661f,0f,0f,0f,1f],start_interpolation: 0,interpolation_duration: 1}
$data merge entity $(rightarm) {transformation: [0.8805f,0.2692f,0.3903f,-0.6447f,0.3999f,0.0206f,-0.9163f,3.8271f,-0.2547f,0.9629f,-0.0895f,0.8061f,0f,0f,0f,1f],start_interpolation: 0,interpolation_duration: 1}
$data merge entity $(chest1) {transformation: [-0.5653f,-0.1648f,0.9094f,-0.1378f,0.096f,1.0497f,0.2499f,3.6309f,-0.9192f,0.211f,-0.5331f,1.3551f,0f,0f,0f,1f],start_interpolation: 0,interpolation_duration: 1}
$data merge entity $(chest1lid) {transformation: [-0.5218f,-0.1521f,0.8394f,-0.5404f,0.0886f,0.969f,0.2307f,2.9086f,-0.8485f,0.1947f,-0.4921f,1.1249f,0f,0f,0f,1f],start_interpolation: 0,interpolation_duration: 1}
$data merge entity $(chest2) {transformation: [-0.5218f,-0.1521f,0.8394f,-0.5167f,0.0886f,0.969f,0.2307f,2.7572f,-0.8485f,0.1947f,-0.4921f,1.0944f,0f,0f,0f,1f],start_interpolation: 0,interpolation_duration: 1}
$data merge entity $(chest1lid3) {transformation: [-0.5218f,-0.1521f,0.8394f,0.0299f,0.0886f,0.969f,0.2307f,3.0509f,-0.8485f,0.1947f,-0.4921f,0.8626f,0f,0f,0f,1f],start_interpolation: 0,interpolation_duration: 1}
$data merge entity $(chest3) {transformation: [-0.5218f,-0.1521f,0.8394f,0.0537f,0.0886f,0.969f,0.2307f,2.8995f,-0.8485f,0.1947f,-0.4921f,0.8322f,0f,0f,0f,1f],start_interpolation: 0,interpolation_duration: 1}
$data merge entity $(hugeasssword2) {transformation: [-3.2877f,1.1041f,-1.82f,-0.7348f,-0.9036f,2.3082f,3.0325f,4.9255f,1.9274f,2.9654f,-1.6828f,0.4053f,0f,0f,0f,1f],start_interpolation: 0,interpolation_duration: 1}
$data merge entity $(belt) {transformation: [-0.5218f,-0.1521f,0.8394f,-0.1704f,0.0886f,0.969f,0.2307f,3.2119f,-0.8485f,0.1947f,-0.4921f,1.3691f,0f,0f,0f,1f],start_interpolation: 0,interpolation_duration: 1}
$data merge entity $(torn_part) {transformation: [-0.5218f,-0.3641f,0.7715f,-0.1927f,0.0886f,0.8763f,0.4735f,2.9498f,-0.8485f,0.3154f,-0.425f,1.21f,0f,0f,0f,1f],start_interpolation: 0,interpolation_duration: 1}
$data merge entity $(lowerbody) {transformation: [-0.5218f,-0.1152f,0.8453f,-0.2043f,0.0886f,0.9782f,0.188f,2.4371f,-0.8485f,0.173f,-0.5002f,1.2787f,0f,0f,0f,1f],start_interpolation: 0,interpolation_duration: 1}
$data merge entity $(leftfoot) {transformation: [-0.8928f,-0.0542f,0.4472f,0.1339f,-0.0707f,0.9973f,-0.0204f,0.3882f,-0.4449f,-0.0498f,-0.8942f,1.5971f,0f,0f,0f,1f],start_interpolation: 0,interpolation_duration: 1}
$data merge entity $(leftlowerleg) {transformation: [-0.8928f,-0.0542f,0.4472f,0.0051f,-0.0707f,0.9973f,-0.0204f,1.4977f,-0.4449f,-0.0498f,-0.8942f,1.6792f,0f,0f,0f,1f],start_interpolation: 0,interpolation_duration: 1}
$data merge entity $(leftleg) {transformation: [-0.8928f,0.1204f,0.4341f,0.0938f,-0.0707f,0.9142f,-0.399f,2.4773f,-0.4449f,-0.3869f,-0.8077f,1.2753f,0f,0f,0f,1f],start_interpolation: 0,interpolation_duration: 1}
$data merge entity $(rightfoot) {transformation: [-0.5518f,-0.0514f,0.8324f,-0.3848f,0.1703f,0.9701f,0.1728f,0.3971f,-0.8164f,0.2371f,-0.5265f,0.5679f,0f,0f,0f,1f],start_interpolation: 0,interpolation_duration: 1}
$data merge entity $(rightlowerleg) {transformation: [-0.5518f,-0.0514f,0.8324f,-0.5698f,0.1703f,0.9701f,0.1728f,1.4468f,-0.8164f,0.2371f,-0.5265f,0.9119f,0f,0f,0f,1f],start_interpolation: 0,interpolation_duration: 1}
$data merge entity $(rightleg) {transformation: [-0.5518f,0.2364f,0.7998f,-0.3222f,0.1703f,0.9707f,-0.1694f,2.4773f,-0.8164f,0.0428f,-0.5759f,0.9978f,0f,0f,0f,1f],start_interpolation: 0,interpolation_duration: 1}
data modify entity @s data merge value {"cameras":{},"locators":{"soup":{"px":0.15067312193238735,"py":3.691306812210847,"pz":3.785670394774673,"ry":42.74053146187944,"rx":77.19235382531124},"lefthand":{"px":0.3388459595944409,"py":3.69994331363539,"pz":3.819341770267784,"ry":94.15224245469594,"rx":-8.07035362214201},"sword":{"px":-0.024528711544267057,"py":5.683988543279573,"pz":3.3006356705850433,"ry":345.36352998342113,"rx":-14.025772813396713},"righthand":{"px":-0.9285264174012763,"py":4.790292201510169,"pz":-0.16083096171307182,"ry":345.36352998342113,"rx":-14.025772813396713},"chest":{"px":-0.6783928619068125,"py":2.814776171046759,"pz":1.163072548647902,"ry":59.61850086797975,"rx":13.33842341054289}}}