# This file was generated by Animated Java via MC-Build. It is not recommended to edit this file directly.
$data merge entity $(nose) {transformation: [-0.9444f,0.0201f,0.3283f,-0.5212f,-0.0385f,0.9845f,-0.1712f,3.9811f,-0.3266f,-0.1744f,-0.9289f,3.0989f,0f,0f,0f,1f],start_interpolation: 0,interpolation_duration: 1}
$data merge entity $(glowing_eye) {transformation: [-0.9444f,0.0201f,0.3283f,-0.6493f,-0.0385f,0.9845f,-0.1712f,4.0489f,-0.3266f,-0.1744f,-0.9289f,3.0787f,0f,0f,0f,1f],start_interpolation: 0,interpolation_duration: 1}
$data merge entity $(head) {transformation: [-0.9444f,0.0201f,0.3283f,-0.4622f,-0.0385f,0.9845f,-0.1712f,3.8274f,-0.3266f,-0.1744f,-0.9289f,2.9465f,0f,0f,0f,1f],start_interpolation: 0,interpolation_duration: 1}
$data merge entity $(leftthumb2) {transformation: [-0.0564f,-0.0311f,0.9979f,0.1964f,-0.9544f,0.295f,-0.0448f,2.591f,-0.293f,-0.955f,-0.0464f,4.8938f,0f,0f,0f,1f],start_interpolation: 0,interpolation_duration: 1}
$data merge entity $(leftthumb) {transformation: [-0.0564f,-0.0311f,0.9979f,0.2741f,-0.9544f,0.295f,-0.0448f,2.6595f,-0.293f,-0.955f,-0.0464f,4.6557f,0f,0f,0f,1f],start_interpolation: 0,interpolation_duration: 1}
$data merge entity $(leftpointerfinger) {transformation: [-0.0564f,-0.0311f,0.9979f,0.3372f,-0.9544f,0.295f,-0.0448f,2.665f,-0.293f,-0.955f,-0.0464f,4.9989f,0f,0f,0f,1f],start_interpolation: 0,interpolation_duration: 1}
$data merge entity $(leftmidfinger) {transformation: [-0.0564f,-0.0311f,0.9979f,0.4932f,-0.9544f,0.295f,-0.0448f,2.658f,-0.293f,-0.955f,-0.0464f,4.9916f,0f,0f,0f,1f],start_interpolation: 0,interpolation_duration: 1}
$data merge entity $(leftringfinger) {transformation: [-0.0564f,-0.0311f,0.9979f,0.6491f,-0.9544f,0.295f,-0.0448f,2.651f,-0.293f,-0.955f,-0.0464f,4.9844f,0f,0f,0f,1f],start_interpolation: 0,interpolation_duration: 1}
$data merge entity $(invisibility) {transformation: [0.0559f,-0.9968f,0.0564f,0.2921f,0.29f,0.0703f,0.9544f,2.5197f,-0.9554f,-0.037f,0.293f,4.8409f,0f,0f,0f,1f],start_interpolation: 0,interpolation_duration: 1}
$data merge entity $(swiftness) {transformation: [0.9979f,-0.0311f,0.0564f,0.4805f,-0.0448f,0.295f,0.9544f,2.4217f,-0.0464f,-0.955f,0.293f,4.9463f,0f,0f,0f,1f],start_interpolation: 0,interpolation_duration: 1}
$data merge entity $(suspicious_stew) {transformation: [0.3935f,-0.9176f,0.0564f,0.4806f,0.2485f,0.1653f,0.9544f,2.4975f,-0.8851f,-0.3616f,0.293f,4.877f,0f,0f,0f,1f],start_interpolation: 0,interpolation_duration: 1}
$data merge entity $(log) {transformation: [-0.0564f,-0.0311f,0.9979f,0.5182f,-0.9544f,0.295f,-0.0448f,2.4428f,-0.293f,-0.955f,-0.0464f,4.728f,0f,0f,0f,1f],start_interpolation: 0,interpolation_duration: 1}
$data merge entity $(planks) {transformation: [-0.0564f,-0.0311f,0.9979f,0.5129f,-0.9544f,0.295f,-0.0448f,2.3533f,-0.293f,-0.955f,-0.0464f,4.7005f,0f,0f,0f,1f],start_interpolation: 0,interpolation_duration: 1}
$data merge entity $(lefthand1) {transformation: [-0.0564f,-0.0311f,0.9979f,0.4934f,-0.9544f,0.295f,-0.0448f,2.7566f,-0.293f,-0.955f,-0.0464f,4.564f,0f,0f,0f,1f],start_interpolation: 0,interpolation_duration: 1}
$data merge entity $(leftforearm) {transformation: [-0.9592f,-0.0311f,0.2809f,0.4071f,-0.2773f,0.295f,-0.9144f,2.961f,-0.0544f,-0.955f,-0.2916f,3.8936f,0f,0f,0f,1f],start_interpolation: 0,interpolation_duration: 1}
$data merge entity $(leftelbow) {transformation: [-0.9892f,-0.0537f,0.1367f,0.3971f,-0.1462f,0.4485f,-0.8818f,3.0451f,-0.014f,-0.8922f,-0.4514f,3.7264f,0f,0f,0f,1f],start_interpolation: 0,interpolation_duration: 1}
$data merge entity $(leftarm) {transformation: [-0.9892f,-0.0537f,0.1367f,0.1496f,-0.1462f,0.4485f,-0.8818f,3.2649f,-0.014f,-0.8922f,-0.4514f,3.2913f,0f,0f,0f,1f],start_interpolation: 0,interpolation_duration: 1}
$data merge entity $(rightthumb2) {transformation: [0.2185f,0.9672f,-0.1296f,-1.5324f,0.0652f,0.118f,0.9909f,4.5439f,0.9736f,-0.225f,-0.0373f,1.83f,0f,0f,0f,1f],start_interpolation: 0,interpolation_duration: 1}
$data merge entity $(rightthumb) {transformation: [0.2185f,0.9672f,-0.1296f,-1.3063f,0.0652f,0.118f,0.9909f,4.6575f,0.9736f,-0.225f,-0.0373f,1.7717f,0f,0f,0f,1f],start_interpolation: 0,interpolation_duration: 1}
$data merge entity $(rightpointerfinger) {transformation: [-0.163f,0.9303f,-0.3286f,-1.3849f,0.9838f,0.1281f,-0.1252f,4.9909f,-0.0744f,-0.3437f,-0.9361f,1.7046f,0f,0f,0f,1f],start_interpolation: 0,interpolation_duration: 1}
$data merge entity $(rightmidfinger) {transformation: [-0.2631f,0.9071f,-0.3286f,-1.4362f,0.9641f,0.2342f,-0.1252f,4.9713f,-0.0366f,-0.3497f,-0.9361f,1.5583f,0f,0f,0f,1f],start_interpolation: 0,interpolation_duration: 1}
$data merge entity $(rightringfinger) {transformation: [-0.194f,0.9243f,-0.3286f,-1.4876f,0.979f,0.161f,-0.1252f,4.9518f,-0.0629f,-0.346f,-0.9361f,1.412f,0f,0f,0f,1f],start_interpolation: 0,interpolation_duration: 1}
$data merge entity $(hugeasssword) {transformation: [3.2171f,1.8261f,-1.2869f,-1.5546f,1.768f,-3.4603f,-0.4905f,4.6739f,-1.3656f,-0.1781f,-3.6666f,1.6563f,0f,0f,0f,1f],start_interpolation: 0,interpolation_duration: 1}
$data merge entity $(whey) {transformation: [0.8214f,0.4217f,0.3841f,-1.6932f,0.4514f,-0.069f,-0.8896f,4.6968f,-0.3487f,0.9041f,-0.247f,1.8521f,0f,0f,0f,1f],start_interpolation: 0,interpolation_duration: 1}
$data merge entity $(ice) {transformation: [1.2321f,0.6994f,-0.4929f,-1.5747f,0.6771f,-1.3252f,-0.1878f,4.6807f,-0.523f,-0.0682f,-1.4042f,1.6625f,0f,0f,0f,1f],start_interpolation: 0,interpolation_duration: 1}
$data merge entity $(righthand1) {transformation: [0.8214f,0.4662f,-0.3286f,-1.263f,0.4514f,-0.8835f,-0.1252f,4.5687f,-0.3487f,-0.0455f,-0.9361f,1.5347f,0f,0f,0f,1f],start_interpolation: 0,interpolation_duration: 1}
$data merge entity $(rightforearm) {transformation: [0.9086f,0.3991f,0.1231f,-1.0411f,0.4168f,-0.8858f,-0.2042f,3.9231f,0.0275f,0.2368f,-0.9712f,1.7146f,0f,0f,0f,1f],start_interpolation: 0,interpolation_duration: 1}
$data merge entity $(rightelbow) {transformation: [0.7484f,0.5481f,0.3734f,-0.9383f,0.6625f,-0.5923f,-0.4585f,3.812f,-0.0302f,0.5905f,-0.8065f,1.8254f,0f,0f,0f,1f],start_interpolation: 0,interpolation_duration: 1}
$data merge entity $(rightarm) {transformation: [0.7484f,0.4105f,0.5209f,-0.9131f,0.6625f,-0.427f,-0.6154f,3.4728f,-0.0302f,0.8057f,-0.5916f,2.2533f,0f,0f,0f,1f],start_interpolation: 0,interpolation_duration: 1}
$data merge entity $(chest1) {transformation: [-0.7675f,-0.2175f,0.733f,-0.2767f,0.1502f,0.9755f,0.4467f,3.2702f,-0.7497f,0.4181f,-0.6609f,2.6417f,0f,0f,0f,1f],start_interpolation: 0,interpolation_duration: 1}
$data merge entity $(chest1lid) {transformation: [-0.7085f,-0.2008f,0.6766f,-0.6462f,0.1386f,0.9004f,0.4123f,2.5408f,-0.692f,0.3859f,-0.6101f,2.3804f,0f,0f,0f,1f],start_interpolation: 0,interpolation_duration: 1}
$data merge entity $(chest2) {transformation: [-0.7085f,-0.2008f,0.6766f,-0.6148f,0.1386f,0.9004f,0.4123f,2.4001f,-0.692f,0.3859f,-0.6101f,2.3201f,0f,0f,0f,1f],start_interpolation: 0,interpolation_duration: 1}
$data merge entity $(chest1lid3) {transformation: [-0.7085f,-0.2008f,0.6766f,-0.1685f,0.1386f,0.9004f,0.4123f,2.7963f,-0.692f,0.3859f,-0.6101f,2.0328f,0f,0f,0f,1f],start_interpolation: 0,interpolation_duration: 1}
$data merge entity $(chest3) {transformation: [-0.7085f,-0.2008f,0.6766f,-0.1371f,0.1386f,0.9004f,0.4123f,2.6556f,-0.692f,0.3859f,-0.6101f,1.9725f,0f,0f,0f,1f],start_interpolation: 0,interpolation_duration: 1}
$data merge entity $(hugeasssword2) {transformation: [-2.65f,1.5145f,-2.4544f,-1.2033f,-1.615f,1.9823f,2.9669f,4.595f,2.3895f,3.0194f,-0.7167f,2.0752f,0f,0f,0f,1f],start_interpolation: 0,interpolation_duration: 1}
$data merge entity $(belt) {transformation: [-0.7085f,-0.2008f,0.6766f,-0.2626f,0.1386f,0.9004f,0.4123f,2.8531f,-0.692f,0.3859f,-0.6101f,2.59f,0f,0f,0f,1f],start_interpolation: 0,interpolation_duration: 1}
$data merge entity $(torn_part) {transformation: [-0.7085f,-0.3689f,0.6017f,-0.2942f,0.1386f,0.7632f,0.6311f,2.6163f,-0.692f,0.5305f,-0.4896f,2.3964f,0f,0f,0f,1f],start_interpolation: 0,interpolation_duration: 1}
$data merge entity $(lowerbody) {transformation: [-0.7085f,-0.1709f,0.6848f,-0.2379f,0.1386f,0.9177f,0.3724f,2.1024f,-0.692f,0.3587f,-0.6264f,2.3769f,0f,0f,0f,1f],start_interpolation: 0,interpolation_duration: 1}
$data merge entity $(leftfoot) {transformation: [-0.9898f,-0.0371f,0.1372f,0.1242f,-0.0558f,0.9892f,-0.1352f,0.1294f,-0.1308f,-0.1415f,-0.9813f,2.86f,0f,0f,0f,1f],start_interpolation: 0,interpolation_duration: 1}
$data merge entity $(leftlowerleg) {transformation: [-0.9898f,-0.0371f,0.1372f,0.0619f,-0.0558f,0.9892f,-0.1352f,1.2477f,-0.1308f,-0.1415f,-0.9813f,2.8538f,0f,0f,0f,1f],start_interpolation: 0,interpolation_duration: 1}
$data merge entity $(leftleg) {transformation: [-0.9898f,0.0212f,0.1406f,0.0499f,-0.0558f,0.8514f,-0.5215f,2.1642f,-0.1308f,-0.524f,-0.8416f,2.3149f,0f,0f,0f,1f],start_interpolation: 0,interpolation_duration: 1}
$data merge entity $(rightfoot) {transformation: [-0.4402f,-0.1179f,0.8902f,-0.245f,0.4453f,0.8322f,0.3304f,0.3661f,-0.7797f,0.5418f,-0.3138f,0.9711f,0f,0f,0f,1f],start_interpolation: 0,interpolation_duration: 1}
$data merge entity $(rightlowerleg) {transformation: [-0.4402f,-0.1179f,0.8902f,-0.5125f,0.4453f,0.8322f,0.3304f,1.2386f,-0.7797f,0.5418f,-0.3138f,1.6203f,0f,0f,0f,1f],start_interpolation: 0,interpolation_duration: 1}
$data merge entity $(rightleg) {transformation: [-0.4402f,0.0993f,0.8924f,-0.4165f,0.4453f,0.8872f,0.1209f,2.1642f,-0.7797f,0.4506f,-0.4347f,2.1348f,0f,0f,0f,1f],start_interpolation: 0,interpolation_duration: 1}
data modify entity @s data merge value {"cameras":{},"locators":{"soup":{"px":0.32116870124719976,"py":2.496084074597581,"pz":4.805713927534422,"ry":169.09973642451592,"rx":72.63811202397945},"lefthand":{"px":0.5103673490722063,"py":2.509938391347662,"pz":4.830799722056848,"ry":87.33906958126978,"rx":-2.5654477365654995},"sword":{"px":-0.2882237029476151,"py":5.200514432950806,"pz":5.097141166768134,"ry":340.6599092601716,"rx":-7.193566866326602},"righthand":{"px":-1.4998180211258212,"py":4.73875890249742,"pz":1.6451160671702174,"ry":340.6599092601716,"rx":-7.193566866326602},"chest":{"px":-0.7614901656726704,"py":2.4244117718374043,"pz":2.4299738749468056,"ry":47.95970796627506,"rx":24.351337863719245}}}