# This file was generated by Animated Java via MC-Build. It is not recommended to edit this file directly.
$data merge entity $(nose) {transformation: [-0.9839f,-0.11f,0.1407f,-0.4083f,-0.1116f,0.9937f,-0.0038f,3.7491f,-0.1393f,-0.0195f,-0.9901f,3.7041f,0f,0f,0f,1f],start_interpolation: 0,interpolation_duration: 1}
$data merge entity $(glowing_eye) {transformation: [-0.9839f,-0.11f,0.1407f,-0.5437f,-0.1116f,0.9937f,-0.0038f,3.8025f,-0.1393f,-0.0195f,-0.9901f,3.7199f,0f,0f,0f,1f],start_interpolation: 0,interpolation_duration: 1}
$data merge entity $(head) {transformation: [-0.9839f,-0.11f,0.1407f,-0.3684f,-0.1116f,0.9937f,-0.0038f,3.6257f,-0.1393f,-0.0195f,-0.9901f,3.5211f,0f,0f,0f,1f],start_interpolation: 0,interpolation_duration: 1}
$data merge entity $(leftthumb2) {transformation: [-0.0808f,-0.1791f,0.9805f,0.7082f,-0.1267f,0.9776f,0.1681f,1.453f,-0.9886f,-0.1107f,-0.1017f,3.5256f,0f,0f,0f,1f],start_interpolation: 0,interpolation_duration: 1}
$data merge entity $(leftthumb) {transformation: [-0.0808f,-0.1791f,0.9805f,0.748f,-0.1267f,0.9776f,0.1681f,1.7071f,-0.9886f,-0.1107f,-0.1017f,3.4898f,0f,0f,0f,1f],start_interpolation: 0,interpolation_duration: 1}
$data merge entity $(leftpointerfinger) {transformation: [-0.0808f,-0.1791f,0.9805f,0.8616f,-0.1267f,0.9776f,0.1681f,1.408f,-0.9886f,-0.1107f,-0.1017f,3.6295f,0f,0f,0f,1f],start_interpolation: 0,interpolation_duration: 1}
$data merge entity $(leftmidfinger) {transformation: [-0.0808f,-0.1791f,0.9805f,1.0148f,-0.1267f,0.9776f,0.1681f,1.4343f,-0.9886f,-0.1107f,-0.1017f,3.6136f,0f,0f,0f,1f],start_interpolation: 0,interpolation_duration: 1}
$data merge entity $(leftringfinger) {transformation: [-0.0808f,-0.1791f,0.9805f,1.168f,-0.1267f,0.9776f,0.1681f,1.4606f,-0.9886f,-0.1107f,-0.1017f,3.5977f,0f,0f,0f,1f],start_interpolation: 0,interpolation_duration: 1}
$data merge entity $(invisibility) {transformation: [-0.0929f,-0.9924f,0.0808f,0.7962f,0.9885f,-0.0823f,0.1267f,1.4859f,-0.1191f,0.0917f,0.9886f,3.4352f,0f,0f,0f,1f],start_interpolation: 0,interpolation_duration: 1}
$data merge entity $(swiftness) {transformation: [0.9805f,-0.1791f,0.0808f,1.0001f,0.1681f,0.9776f,0.1267f,1.3785f,-0.1017f,-0.1107f,0.9886f,3.3796f,0f,0f,0f,1f],start_interpolation: 0,interpolation_duration: 1}
$data merge entity $(suspicious_stew) {transformation: [0.2521f,-0.9643f,0.0808f,0.9884f,0.957f,0.2608f,0.1267f,1.4716f,-0.1433f,0.0454f,0.9886f,3.4213f,0f,0f,0f,1f],start_interpolation: 0,interpolation_duration: 1}
$data merge entity $(log) {transformation: [-0.0808f,-0.1791f,0.9805f,1.0044f,-0.1267f,0.9776f,0.1681f,1.5898f,-0.9886f,-0.1107f,-0.1017f,3.31f,0f,0f,0f,1f],start_interpolation: 0,interpolation_duration: 1}
$data merge entity $(planks) {transformation: [-0.0808f,-0.1791f,0.9805f,0.9969f,-0.1267f,0.9776f,0.1681f,1.5779f,-0.9886f,-0.1107f,-0.1017f,3.2173f,0f,0f,0f,1f],start_interpolation: 0,interpolation_duration: 1}
$data merge entity $(lefthand1) {transformation: [-0.0808f,-0.1791f,0.9805f,0.9492f,-0.1267f,0.9776f,0.1681f,1.8607f,-0.9886f,-0.1107f,-0.1017f,3.5327f,0f,0f,0f,1f],start_interpolation: 0,interpolation_duration: 1}
$data merge entity $(leftforearm) {transformation: [-0.9455f,-0.1791f,0.2718f,0.76f,-0.2021f,0.9776f,-0.059f,2.5363f,-0.2552f,-0.1107f,-0.9605f,3.4539f,0f,0f,0f,1f],start_interpolation: 0,interpolation_duration: 1}
$data merge entity $(leftelbow) {transformation: [-0.9733f,-0.209f,0.0946f,0.7208f,-0.1971f,0.9728f,0.1215f,2.7187f,-0.1174f,0.0996f,-0.9881f,3.4726f,0f,0f,0f,1f],start_interpolation: 0,interpolation_duration: 1}
$data merge entity $(leftarm) {transformation: [-0.9733f,-0.209f,0.0946f,0.4004f,-0.1971f,0.9728f,0.1215f,3.1582f,-0.1174f,0.0996f,-0.9881f,3.5276f,0f,0f,0f,1f],start_interpolation: 0,interpolation_duration: 1}
$data merge entity $(rightthumb2) {transformation: [0.9034f,0.3029f,-0.3035f,-1.875f,-0.1458f,0.8826f,0.447f,3.5036f,0.4032f,-0.3595f,0.8415f,4.0457f,0f,0f,0f,1f],start_interpolation: 0,interpolation_duration: 1}
$data merge entity $(rightthumb) {transformation: [0.9034f,0.3029f,-0.3035f,-1.8266f,-0.1458f,0.8826f,0.447f,3.7582f,0.4032f,-0.3595f,0.8415f,4.0294f,0f,0f,0f,1f],start_interpolation: 0,interpolation_duration: 1}
$data merge entity $(rightpointerfinger) {transformation: [-0.37f,0.155f,-0.916f,-1.9967f,0.3532f,0.9354f,0.0156f,3.8864f,0.8593f,-0.3178f,-0.4008f,4.306f,0f,0f,0f,1f],start_interpolation: 0,interpolation_duration: 1}
$data merge entity $(rightmidfinger) {transformation: [-0.3849f,0.113f,-0.916f,-2.1398f,0.2474f,0.9688f,0.0156f,3.8888f,0.8892f,-0.2206f,-0.4008f,4.2433f,0f,0f,0f,1f],start_interpolation: 0,interpolation_duration: 1}
$data merge entity $(rightringfinger) {transformation: [-0.3742f,0.1446f,-0.916f,-2.2829f,0.3271f,0.9449f,0.0156f,3.8913f,0.8678f,-0.2938f,-0.4008f,4.1807f,0f,0f,0f,1f],start_interpolation: 0,interpolation_duration: 1}
$data merge entity $(hugeasssword) {transformation: [0.1431f,1.5646f,-3.5877f,-2.054f,3.9101f,-0.2177f,0.061f,3.6121f,-0.1751f,-3.584f,-1.57f,4.0756f,0f,0f,0f,1f],start_interpolation: 0,interpolation_duration: 1}
$data merge entity $(whey) {transformation: [0f,0f,0f,-1.969f,0f,0f,0f,3.4435f,0f,0f,0f,4.2254f,0f,0f,0f,1f],start_interpolation: -1,interpolation_duration: 0}
$data merge entity $(ice) {transformation: [0.0548f,0.5992f,-1.374f,-2.0609f,1.4975f,-0.0834f,0.0234f,3.5974f,-0.067f,-1.3726f,-0.6013f,4.0906f,0f,0f,0f,1f],start_interpolation: 0,interpolation_duration: 1}
$data merge entity $(righthand1) {transformation: [0.0365f,0.3995f,-0.916f,-1.9805f,0.9983f,-0.0556f,0.0156f,3.8335f,-0.0447f,-0.9151f,-0.4008f,3.8381f,0f,0f,0f,1f],start_interpolation: 0,interpolation_duration: 1}
$data merge entity $(rightforearm) {transformation: [0.4408f,0.6016f,-0.6662f,-1.5746f,0.894f,-0.2275f,0.386f,3.6116f,0.0806f,-0.7657f,-0.6381f,3.3047f,0f,0f,0f,1f],start_interpolation: 0,interpolation_duration: 1}
$data merge entity $(rightelbow) {transformation: [0.3587f,0.7281f,-0.5842f,-1.4381f,0.8742f,-0.0425f,0.4838f,3.6037f,0.3274f,-0.6842f,-0.6517f,3.1764f,0f,0f,0f,1f],start_interpolation: 0,interpolation_duration: 1}
$data merge entity $(rightarm) {transformation: [0.3587f,0.87f,-0.3382f,-1.071f,0.8742f,-0.186f,0.4486f,3.3054f,0.3274f,-0.4566f,-0.8273f,2.9024f,0f,0f,0f,1f],start_interpolation: 0,interpolation_duration: 1}
$data merge entity $(chest1) {transformation: [-0.9929f,-0.1998f,0.3846f,-0.2204f,0.0993f,0.8308f,0.6881f,3.1742f,-0.4219f,0.6659f,-0.7431f,3.0606f,0f,0f,0f,1f],start_interpolation: 0,interpolation_duration: 1}
$data merge entity $(chest1lid) {transformation: [-0.9165f,-0.1845f,0.355f,-0.5462f,0.0917f,0.7669f,0.6352f,2.4328f,-0.3894f,0.6147f,-0.6859f,2.7759f,0f,0f,0f,1f],start_interpolation: 0,interpolation_duration: 1}
$data merge entity $(chest2) {transformation: [-0.9165f,-0.1845f,0.355f,-0.5174f,0.0917f,0.7669f,0.6352f,2.313f,-0.3894f,0.6147f,-0.6859f,2.6799f,0f,0f,0f,1f],start_interpolation: 0,interpolation_duration: 1}
$data merge entity $(chest1lid3) {transformation: [-0.9165f,-0.1845f,0.355f,-0.2615f,0.0917f,0.7669f,0.6352f,2.834f,-0.3894f,0.6147f,-0.6859f,2.3608f,0f,0f,0f,1f],start_interpolation: 0,interpolation_duration: 1}
$data merge entity $(chest3) {transformation: [-0.9165f,-0.1845f,0.355f,-0.2327f,0.0917f,0.7669f,0.6352f,2.7142f,-0.3894f,0.6147f,-0.6859f,2.2648f,0f,0f,0f,1f],start_interpolation: 0,interpolation_duration: 1}
$data merge entity $(hugeasssword2) {transformation: [-1.3905f,2.1584f,-2.9577f,-1.4696f,-2.4878f,1.7644f,2.4572f,4.3453f,2.6865f,2.7511f,0.7446f,3.1123f,0f,0f,0f,1f],start_interpolation: 0,interpolation_duration: 1}
$data merge entity $(belt) {transformation: [-0.9165f,-0.1845f,0.355f,-0.1641f,0.0917f,0.7669f,0.6352f,2.7826f,-0.3894f,0.6147f,-0.6859f,2.918f,0f,0f,0f,1f],start_interpolation: 0,interpolation_duration: 1}
$data merge entity $(torn_part) {transformation: [-0.9165f,-0.27f,0.2953f,-0.2256f,0.0917f,0.5766f,0.8119f,2.5775f,-0.3894f,0.7711f,-0.5037f,2.6974f,0f,0f,0f,1f],start_interpolation: 0,interpolation_duration: 1}
$data merge entity $(lowerbody) {transformation: [-0.9165f,-0.1687f,0.3628f,-0.1047f,0.0917f,0.7941f,0.6009f,2.0963f,-0.3894f,0.584f,-0.7123f,2.5505f,0f,0f,0f,1f],start_interpolation: 0,interpolation_duration: 1}
$data merge entity $(leftfoot) {transformation: [-0.9846f,0.0037f,0.1747f,0.1244f,-0.0031f,0.9993f,-0.0383f,0.1331f,-0.1747f,-0.0382f,-0.9839f,2.8627f,0f,0f,0f,1f],start_interpolation: 0,interpolation_duration: 1}
$data merge entity $(leftlowerleg) {transformation: [-0.9846f,0.0037f,0.1747f,0.1017f,-0.0031f,0.9993f,-0.0383f,1.2475f,-0.1747f,-0.0382f,-0.9839f,2.9714f,0f,0f,0f,1f],start_interpolation: 0,interpolation_duration: 1}
$data merge entity $(leftleg) {transformation: [-0.9846f,0.0906f,0.1495f,0.1632f,-0.0031f,0.8462f,-0.5328f,2.1604f,-0.1747f,-0.5251f,-0.8329f,2.4298f,0f,0f,0f,1f],start_interpolation: 0,interpolation_duration: 1}
$data merge entity $(rightfoot) {transformation: [-0.7863f,-0.0232f,0.6174f,-0.4142f,0.4104f,0.7273f,0.5501f,0.5337f,-0.4618f,0.686f,-0.5623f,0.9846f,0f,0f,0f,1f],start_interpolation: 0,interpolation_duration: 1}
$data merge entity $(rightlowerleg) {transformation: [-0.7863f,-0.0232f,0.6174f,-0.5348f,0.4104f,0.7273f,0.5501f,1.256f,-0.4618f,0.686f,-0.5623f,1.832f,0f,0f,0f,1f],start_interpolation: 0,interpolation_duration: 1}
$data merge entity $(rightleg) {transformation: [-0.7897f,0.1832f,0.5855f,-0.3308f,0.4076f,0.87f,0.2775f,2.1604f,-0.4586f,0.4578f,-0.7617f,2.3525f,0f,0f,0f,1f],start_interpolation: 0,interpolation_duration: 1}
data modify entity @s data merge value {"cameras":{},"locators":{"soup":{"px":0.8201787873754057,"py":1.512496821739323,"pz":3.3981979659819594,"ry":175.3271536804149,"rx":7.281804542850833},"lefthand":{"px":1.0106942698587966,"py":1.5227107319205953,"pz":3.412925304206276,"ry":84.07859427473382,"rx":9.67729200112395},"sword":{"px":1.3284477386279354,"py":3.6341173287876907,"pz":5.58507286822331,"ry":293.6337712882699,"rx":0.8930981976269305},"righthand":{"px":-2.0493586914948465,"py":3.691593922544379,"pz":4.106973950088494,"ry":293.6337712882699,"rx":0.8930981976269305},"chest":{"px":-0.6187782079986873,"py":2.2884881179214784,"pz":2.8324938205986325,"ry":27.364969842602164,"rx":39.43435776803184}}}