# This file was generated by Animated Java via MC-Build. It is not recommended to edit this file directly.
$data merge entity $(nose) {transformation: [-0.9661f,0.0032f,0.258f,-0.0991f,0.1213f,0.888f,0.4435f,3.5314f,-0.2277f,0.4598f,-0.8584f,4.1399f,0f,0f,0f,1f],start_interpolation: 0,interpolation_duration: 1}
$data merge entity $(glowing_eye) {transformation: [-0.9661f,0.0032f,0.258f,-0.2286f,0.1213f,0.888f,0.4435f,3.5912f,-0.2277f,0.4598f,-0.8584f,4.1725f,0f,0f,0f,1f],start_interpolation: 0,interpolation_duration: 1}
$data merge entity $(head) {transformation: [-0.9661f,0.0032f,0.258f,-0.0512f,0.1213f,0.888f,0.4435f,3.5048f,-0.2277f,0.4598f,-0.8584f,3.9224f,0f,0f,0f,1f],start_interpolation: 0,interpolation_duration: 1}
$data merge entity $(leftthumb2) {transformation: [-0.2164f,-0.194f,0.9569f,1.0502f,0.7122f,0.639f,0.2906f,2.2748f,-0.6678f,0.7443f,-0.0001f,2.2033f,0f,0f,0f,1f],start_interpolation: 0,interpolation_duration: 1}
$data merge entity $(leftthumb) {transformation: [-0.2164f,-0.194f,0.9569f,1.0844f,0.7122f,0.639f,0.2906f,2.4563f,-0.6678f,0.7443f,-0.0001f,2.3858f,0f,0f,0f,1f],start_interpolation: 0,interpolation_duration: 1}
$data merge entity $(leftpointerfinger) {transformation: [-0.2164f,-0.194f,0.9569f,1.2166f,0.7122f,0.639f,0.2906f,2.1824f,-0.6678f,0.7443f,-0.0001f,2.2146f,0f,0f,0f,1f],start_interpolation: 0,interpolation_duration: 1}
$data merge entity $(leftmidfinger) {transformation: [-0.2164f,-0.194f,0.9569f,1.3661f,0.7122f,0.639f,0.2906f,2.2278f,-0.6678f,0.7443f,-0.0001f,2.2146f,0f,0f,0f,1f],start_interpolation: 0,interpolation_duration: 1}
$data merge entity $(leftringfinger) {transformation: [-0.2164f,-0.194f,0.9569f,1.5156f,0.7122f,0.639f,0.2906f,2.2732f,-0.6678f,0.7443f,-0.0001f,2.2146f,0f,0f,0f,1f],start_interpolation: 0,interpolation_duration: 1}
$data merge entity $(invisibility) {transformation: [-0.1098f,-0.9701f,0.2164f,1.1249f,0.6619f,-0.2338f,-0.7122f,2.3767f,0.7415f,0.065f,0.6678f,2.1708f,0f,0f,0f,1f],start_interpolation: 0,interpolation_duration: 1}
$data merge entity $(swiftness) {transformation: [0.9569f,-0.194f,0.2164f,1.3193f,0.2906f,0.639f,-0.7122f,2.3818f,-0.0001f,0.7443f,0.6678f,2.0352f,0f,0f,0f,1f],start_interpolation: 0,interpolation_duration: 1}
$data merge entity $(suspicious_stew) {transformation: [0.2286f,-0.9492f,0.2164f,1.3134f,0.702f,0.0067f,-0.7122f,2.4013f,0.6745f,0.3147f,0.6678f,2.1359f,0f,0f,0f,1f],start_interpolation: 0,interpolation_duration: 1}
$data merge entity $(log) {transformation: [-0.2164f,-0.194f,0.9569f,1.3137f,0.7122f,0.639f,0.2906f,2.5615f,-0.6678f,0.7443f,-0.0001f,2.1663f,0f,0f,0f,1f],start_interpolation: 0,interpolation_duration: 1}
$data merge entity $(planks) {transformation: [-0.2164f,-0.194f,0.9569f,1.2934f,0.7122f,0.639f,0.2906f,2.6283f,-0.6678f,0.7443f,-0.0001f,2.1037f,0f,0f,0f,1f],start_interpolation: 0,interpolation_duration: 1}
$data merge entity $(lefthand1) {transformation: [-0.2164f,-0.194f,0.9569f,1.2894f,0.7122f,0.639f,0.2906f,2.5342f,-0.6678f,0.7443f,-0.0001f,2.5193f,0f,0f,0f,1f],start_interpolation: 0,interpolation_duration: 1}
$data merge entity $(leftforearm) {transformation: [-0.9586f,-0.194f,0.2083f,1.0899f,0.0376f,0.639f,0.7683f,2.9738f,-0.2821f,0.7443f,-0.6053f,3.0345f,0f,0f,0f,1f],start_interpolation: 0,interpolation_duration: 1}
$data merge entity $(leftelbow) {transformation: [-0.9721f,-0.2343f,-0.0107f,1.0459f,-0.0846f,0.3073f,0.9479f,3.0314f,-0.2188f,0.9223f,-0.3185f,3.2075f,0f,0f,0f,1f],start_interpolation: 0,interpolation_duration: 1}
$data merge entity $(leftarm) {transformation: [-0.9721f,-0.2343f,-0.0107f,0.7165f,-0.0846f,0.3073f,0.9479f,3.137f,-0.2188f,0.9223f,-0.3185f,3.6307f,0f,0f,0f,1f],start_interpolation: 0,interpolation_duration: 1}
$data merge entity $(rightthumb2) {transformation: [-0.6886f,-0.5832f,-0.431f,-0.2759f,-0.6652f,0.7447f,0.0551f,1.6933f,0.2889f,0.3246f,-0.9007f,3.0619f,0f,0f,0f,1f],start_interpolation: 0,interpolation_duration: 1}
$data merge entity $(rightthumb) {transformation: [-0.6886f,-0.5832f,-0.431f,-0.4557f,-0.6652f,0.7447f,0.0551f,1.8806f,0.2889f,0.3246f,-0.9007f,3.0645f,0f,0f,0f,1f],start_interpolation: 0,interpolation_duration: 1}
$data merge entity $(rightpointerfinger) {transformation: [-0.6886f,-0.5832f,-0.431f,-0.3599f,-0.6652f,0.7447f,0.0551f,1.5661f,0.2889f,0.3246f,-0.9007f,2.9474f,0f,0f,0f,1f],start_interpolation: 0,interpolation_duration: 1}
$data merge entity $(rightmidfinger) {transformation: [-0.6886f,-0.5832f,-0.431f,-0.4272f,-0.6652f,0.7447f,0.0551f,1.5747f,0.2889f,0.3246f,-0.9007f,2.8066f,0f,0f,0f,1f],start_interpolation: 0,interpolation_duration: 1}
$data merge entity $(rightringfinger) {transformation: [-0.6886f,-0.5832f,-0.431f,-0.4946f,-0.6652f,0.7447f,0.0551f,1.5833f,0.2889f,0.3246f,-0.9007f,2.6659f,0f,0f,0f,1f],start_interpolation: 0,interpolation_duration: 1}
$data merge entity $(hugeasssword) {transformation: [-2.6969f,-2.2841f,-1.6882f,-0.3561f,-2.6052f,2.9166f,0.2157f,1.9018f,1.1313f,1.2715f,-3.5276f,2.8099f,0f,0f,0f,1f],start_interpolation: 0,interpolation_duration: 1}
$data merge entity $(whey) {transformation: [0f,0f,0f,-0.1224f,0f,0f,0f,1.9386f,0f,0f,0f,2.8565f,0f,0f,0f,1f],start_interpolation: 0,interpolation_duration: 1}
$data merge entity $(ice) {transformation: [-1.0329f,-0.8747f,-0.6465f,-0.3362f,-0.9977f,1.117f,0.0826f,1.9006f,0.4333f,0.4869f,-1.351f,2.8003f,0f,0f,0f,1f],start_interpolation: 0,interpolation_duration: 1}
$data merge entity $(righthand1) {transformation: [-0.6886f,-0.5832f,-0.431f,-0.6676f,-0.6652f,0.7447f,0.0551f,1.9222f,0.2889f,0.3246f,-0.9007f,2.9256f,0f,0f,0f,1f],start_interpolation: 0,interpolation_duration: 1}
$data merge entity $(rightforearm) {transformation: [-0.3844f,-0.3003f,-0.8729f,-0.8411f,-0.5628f,0.8258f,-0.0363f,2.5385f,0.7317f,0.4774f,-0.4865f,3.2231f,0f,0f,0f,1f],start_interpolation: 0,interpolation_duration: 1}
$data merge entity $(rightelbow) {transformation: [-0.2744f,-0.2363f,-0.9321f,-0.8854f,-0.5999f,0.7997f,-0.0261f,2.6885f,0.7516f,0.552f,-0.3612f,3.3266f,0f,0f,0f,1f],start_interpolation: 0,interpolation_duration: 1}
$data merge entity $(rightarm) {transformation: [-0.2744f,0.0549f,-0.96f,-0.7679f,-0.5999f,0.7705f,0.2155f,3.1982f,0.7516f,0.6351f,-0.1785f,3.4853f,0f,0f,0f,1f],start_interpolation: 0,interpolation_duration: 1}
$data merge entity $(chest1) {transformation: [-1.0773f,-0.0534f,0.1013f,-0.0135f,0.0445f,0.6879f,0.8357f,3.151f,-0.1055f,0.8352f,-0.6818f,3.3646f,0f,0f,0f,1f],start_interpolation: 0,interpolation_duration: 1}
$data merge entity $(chest1lid) {transformation: [-0.9944f,-0.0493f,0.0935f,-0.3559f,0.041f,0.635f,0.7715f,2.4291f,-0.0974f,0.771f,-0.6294f,3.0507f,0f,0f,0f,1f],start_interpolation: 0,interpolation_duration: 1}
$data merge entity $(chest2) {transformation: [-0.9944f,-0.0493f,0.0935f,-0.3481f,0.041f,0.635f,0.7715f,2.3299f,-0.0974f,0.771f,-0.6294f,2.9302f,0f,0f,0f,1f],start_interpolation: 0,interpolation_duration: 1}
$data merge entity $(chest1lid3) {transformation: [-0.9944f,-0.0493f,0.0935f,-0.2338f,0.041f,0.635f,0.7715f,2.9208f,-0.0974f,0.771f,-0.6294f,2.6536f,0f,0f,0f,1f],start_interpolation: 0,interpolation_duration: 1}
$data merge entity $(chest3) {transformation: [-0.9944f,-0.0493f,0.0935f,-0.2261f,0.041f,0.635f,0.7715f,2.8216f,-0.0974f,0.771f,-0.6294f,2.5331f,0f,0f,0f,1f],start_interpolation: 0,interpolation_duration: 1}
$data merge entity $(hugeasssword2) {transformation: [-0.3662f,2.741f,-2.7737f,-1.2711f,-3.0215f,1.5616f,1.9422f,4.1427f,2.4651f,2.3213f,1.9685f,3.9723f,0f,0f,0f,1f],start_interpolation: 0,interpolation_duration: 1}
$data merge entity $(belt) {transformation: [-0.9944f,-0.0493f,0.0935f,0.0258f,0.041f,0.635f,0.7715f,2.7957f,-0.0974f,0.771f,-0.6294f,3.143f,0f,0f,0f,1f],start_interpolation: 0,interpolation_duration: 1}
$data merge entity $(torn_part) {transformation: [-0.9944f,-0.0718f,0.0776f,-0.0832f,0.041f,0.4139f,0.9094f,2.6213f,-0.0974f,0.9075f,-0.4087f,2.9144f,0f,0f,0f,1f],start_interpolation: 0,interpolation_duration: 1}
$data merge entity $(lowerbody) {transformation: [-0.9944f,-0.0452f,0.0956f,0.0226f,0.041f,0.6682f,0.7428f,2.1866f,-0.0974f,0.7426f,-0.6626f,2.6545f,0f,0f,0f,1f],start_interpolation: 0,interpolation_duration: 1}
$data merge entity $(leftfoot) {transformation: [-0.9915f,0.1258f,0.0348f,0.0213f,0.1164f,0.9728f,-0.2005f,0.1751f,-0.059f,-0.1947f,-0.9791f,3.0009f,0f,0f,0f,1f],start_interpolation: 0,interpolation_duration: 1}
$data merge entity $(leftlowerleg) {transformation: [-0.9915f,0.1258f,0.0348f,0.1555f,0.1164f,0.9728f,-0.2005f,1.2851f,-0.059f,-0.1947f,-0.9791f,2.9353f,0f,0f,0f,1f],start_interpolation: 0,interpolation_duration: 1}
$data merge entity $(leftleg) {transformation: [-0.9915f,0.1305f,0.0003f,0.2631f,0.1164f,0.8853f,-0.4503f,2.2411f,-0.059f,-0.4464f,-0.8929f,2.4824f,0f,0f,0f,1f],start_interpolation: 0,interpolation_duration: 1}
$data merge entity $(rightfoot) {transformation: [-0.9727f,0.1625f,0.1655f,-0.6588f,0.2319f,0.6737f,0.7016f,0.6887f,0.0025f,0.7209f,-0.693f,1.1171f,0f,0f,0f,1f],start_interpolation: 0,interpolation_duration: 1}
$data merge entity $(rightlowerleg) {transformation: [-0.9727f,0.1625f,0.1655f,-0.504f,0.2319f,0.6737f,0.7016f,1.3284f,0.0025f,0.7209f,-0.693f,2.0233f,0f,0f,0f,1f],start_interpolation: 0,interpolation_duration: 1}
$data merge entity $(rightleg) {transformation: [-0.9628f,0.227f,0.1464f,-0.2366f,0.2674f,0.8767f,0.3999f,2.2411f,-0.0376f,0.4242f,-0.9048f,2.4988f,0f,0f,0f,1f],start_interpolation: 0,interpolation_duration: 1}
data modify entity @s data merge value {"cameras":{},"locators":{"soup":{"px":1.143491171181329,"py":2.424669159550506,"pz":2.1690982921908315,"ry":162.04908381471353,"rx":-45.41307174569789},"lefthand":{"px":1.3342017233480112,"py":2.4402917442405228,"pz":2.17076792033091,"ry":89.9923066024197,"rx":16.89164807771311},"sword":{"px":1.2045297552286227,"py":1.6225956373689572,"pz":6.157594792455143,"ry":334.42552386912405,"rx":3.1576095284151995},"righthand":{"px":-0.3848881149574004,"py":1.8257134258178163,"pz":2.8364277915428153,"ry":334.42552386912405,"rx":3.1576095284151995},"chest":{"px":-0.3984584018983781,"py":2.2701837871916903,"pz":3.097775005032062,"ry":8.450352854995288,"rx":50.48437053954375}}}