# This file was generated by Animated Java via MC-Build. It is not recommended to edit this file directly.
$data merge entity $(nose) {transformation: [-0.9931f,-0.0511f,-0.1052f,-0.0207f,-0.0377f,0.9913f,-0.1258f,4.2258f,0.1107f,-0.1209f,-0.9865f,2.6676f,0f,0f,0f,1f],start_interpolation: 0,interpolation_duration: 1}
$data merge entity $(glowing_eye) {transformation: [-0.9931f,-0.0511f,-0.1052f,-0.1446f,-0.0377f,0.9913f,-0.1258f,4.2926f,0.1107f,-0.1209f,-0.9865f,2.7077f,0f,0f,0f,1f],start_interpolation: 0,interpolation_duration: 1}
$data merge entity $(head) {transformation: [-0.9931f,-0.0511f,-0.1052f,-0.0341f,-0.0377f,0.9913f,-0.1258f,4.0798f,0.1107f,-0.1209f,-0.9865f,2.4978f,0f,0f,0f,1f],start_interpolation: 0,interpolation_duration: 1}
$data merge entity $(leftthumb2) {transformation: [-0.7981f,-0.35f,0.4905f,1.3115f,-0.5359f,0.7844f,-0.3123f,2.2525f,-0.2755f,-0.5121f,-0.8136f,3.1162f,0f,0f,0f,1f],start_interpolation: 0,interpolation_duration: 1}
$data merge entity $(leftthumb) {transformation: [-0.7981f,-0.35f,0.4905f,1.2676f,-0.5359f,0.7844f,-0.3123f,2.4182f,-0.2755f,-0.5121f,-0.8136f,2.9211f,0f,0f,0f,1f],start_interpolation: 0,interpolation_duration: 1}
$data merge entity $(leftpointerfinger) {transformation: [-0.7981f,-0.35f,0.4905f,1.4927f,-0.5359f,0.7844f,-0.3123f,2.2048f,-0.2755f,-0.5121f,-0.8136f,3.0811f,0f,0f,0f,1f],start_interpolation: 0,interpolation_duration: 1}
$data merge entity $(leftmidfinger) {transformation: [-0.7981f,-0.35f,0.4905f,1.5694f,-0.5359f,0.7844f,-0.3123f,2.156f,-0.2755f,-0.5121f,-0.8136f,2.954f,0f,0f,0f,1f],start_interpolation: 0,interpolation_duration: 1}
$data merge entity $(leftringfinger) {transformation: [-0.7981f,-0.35f,0.4905f,1.646f,-0.5359f,0.7844f,-0.3123f,2.1072f,-0.2755f,-0.5121f,-0.8136f,2.8269f,0f,0f,0f,1f],start_interpolation: 0,interpolation_duration: 1}
$data merge entity $(invisibility) {transformation: [-0.3059f,-0.5192f,0.7981f,1.2895f,0.7542f,0.3794f,0.5359f,2.1999f,-0.5811f,0.7658f,0.2755f,2.9989f,0f,0f,0f,1f],start_interpolation: 0,interpolation_duration: 1}
$data merge entity $(swiftness) {transformation: [0.4905f,-0.35f,0.7981f,1.3873f,-0.3123f,0.7844f,0.5359f,2.0072f,-0.8136f,-0.5121f,0.2755f,2.9013f,0f,0f,0f,1f],start_interpolation: 0,interpolation_duration: 1}
$data merge entity $(suspicious_stew) {transformation: [-0.1099f,-0.5925f,0.7981f,1.3979f,0.5789f,0.6145f,0.5359f,2.1045f,-0.8079f,0.5209f,0.2755f,2.8703f,0f,0f,0f,1f],start_interpolation: 0,interpolation_duration: 1}
$data merge entity $(log) {transformation: [-0.7981f,-0.35f,0.4905f,1.3023f,-0.5359f,0.7844f,-0.3123f,2.1377f,-0.2755f,-0.5121f,-0.8136f,2.7424f,0f,0f,0f,1f],start_interpolation: 0,interpolation_duration: 1}
$data merge entity $(planks) {transformation: [-0.7981f,-0.35f,0.4905f,1.2275f,-0.5359f,0.7844f,-0.3123f,2.0875f,-0.2755f,-0.5121f,-0.8136f,2.7165f,0f,0f,0f,1f],start_interpolation: 0,interpolation_duration: 1}
$data merge entity $(lefthand1) {transformation: [-0.7981f,-0.35f,0.4905f,1.399f,-0.5359f,0.7844f,-0.3123f,2.4775f,-0.2755f,-0.5121f,-0.8136f,2.7086f,0f,0f,0f,1f],start_interpolation: 0,interpolation_duration: 1}
$data merge entity $(leftforearm) {transformation: [-0.9358f,-0.35f,-0.0412f,1.095f,-0.2687f,0.7844f,-0.559f,3.021f,0.228f,-0.5121f,-0.8281f,2.3757f,0f,0f,0f,1f],start_interpolation: 0,interpolation_duration: 1}
$data merge entity $(leftelbow) {transformation: [-0.9206f,-0.3122f,-0.2348f,1.0365f,-0.1963f,0.8894f,-0.4128f,3.1878f,0.3377f,-0.3339f,-0.88f,2.3131f,0f,0f,0f,1f],start_interpolation: 0,interpolation_duration: 1}
$data merge entity $(leftarm) {transformation: [-0.9206f,-0.3122f,-0.2348f,0.6864f,-0.1963f,0.8894f,-0.4128f,3.6024f,0.3377f,-0.3339f,-0.88f,2.2475f,0f,0f,0f,1f],start_interpolation: 0,interpolation_duration: 1}
$data merge entity $(rightthumb2) {transformation: [-0.9094f,-0.4145f,0.0337f,-0.642f,-0.3692f,0.7675f,-0.5241f,2.1641f,0.1914f,-0.4891f,-0.851f,3.5295f,0f,0f,0f,1f],start_interpolation: 0,interpolation_duration: 1}
$data merge entity $(rightthumb) {transformation: [-0.9094f,-0.4145f,0.0337f,-0.7408f,-0.3692f,0.7675f,-0.5241f,2.3075f,0.1914f,-0.4891f,-0.851f,3.3369f,0f,0f,0f,1f],start_interpolation: 0,interpolation_duration: 1}
$data merge entity $(rightpointerfinger) {transformation: [-0.9094f,-0.4145f,0.0337f,-0.7027f,-0.3692f,0.7675f,-0.5241f,1.9908f,0.1914f,-0.4891f,-0.851f,3.4784f,0f,0f,0f,1f],start_interpolation: 0,interpolation_duration: 1}
$data merge entity $(rightmidfinger) {transformation: [-0.9094f,-0.4145f,0.0337f,-0.6974f,-0.3692f,0.7675f,-0.5241f,1.9089f,0.1914f,-0.4891f,-0.851f,3.3454f,0f,0f,0f,1f],start_interpolation: 0,interpolation_duration: 1}
$data merge entity $(rightringfinger) {transformation: [-0.9094f,-0.4145f,0.0337f,-0.6921f,-0.3692f,0.7675f,-0.5241f,1.827f,0.1914f,-0.4891f,-0.851f,3.2124f,0f,0f,0f,1f],start_interpolation: 0,interpolation_duration: 1}
$data merge entity $(hugeasssword) {transformation: [-3.562f,-1.6233f,0.1319f,-0.5405f,-1.446f,3.006f,-2.0527f,2.171f,0.7495f,-1.9155f,-3.3331f,3.2085f,0f,0f,0f,1f],start_interpolation: 0,interpolation_duration: 1}
$data merge entity $(whey) {transformation: [0f,0f,0f,-0.3501f,0f,0f,0f,2.2362f,0f,0f,0f,3.3412f,0f,0f,0f,1f],start_interpolation: 0,interpolation_duration: 1}
$data merge entity $(ice) {transformation: [-1.3642f,-0.6217f,0.0505f,-0.5199f,-0.5538f,1.1512f,-0.7861f,2.1648f,0.287f,-0.7336f,-1.2765f,3.2132f,0f,0f,0f,1f],start_interpolation: 0,interpolation_duration: 1}
$data merge entity $(righthand1) {transformation: [-0.9094f,-0.4145f,0.0337f,-0.8498f,-0.3692f,0.7675f,-0.5241f,2.248f,0.1914f,-0.4891f,-0.851f,3.1122f,0f,0f,0f,1f],start_interpolation: 0,interpolation_duration: 1}
$data merge entity $(rightforearm) {transformation: [-0.7303f,-0.1837f,-0.6579f,-0.923f,0.0657f,0.9398f,-0.3353f,2.9099f,0.68f,-0.2881f,-0.6743f,2.8776f,0f,0f,0f,1f],start_interpolation: 0,interpolation_duration: 1}
$data merge entity $(rightelbow) {transformation: [-0.7091f,-0.1457f,-0.6899f,-0.9504f,0.0904f,0.9516f,-0.2939f,3.0884f,0.6993f,-0.2707f,-0.6615f,2.8269f,0f,0f,0f,1f],start_interpolation: 0,interpolation_duration: 1}
$data merge entity $(rightarm) {transformation: [-0.7091f,0.0685f,-0.7018f,-0.7391f,0.0904f,0.9959f,0.0058f,3.5663f,0.6993f,-0.0593f,-0.7123f,2.6665f,0f,0f,0f,1f],start_interpolation: 0,interpolation_duration: 1}
$data merge entity $(chest1) {transformation: [-1.0391f,0.0151f,-0.3062f,-0.0685f,-0.0263f,1.0737f,0.1421f,3.4397f,0.3054f,0.1437f,-1.0294f,2.3338f,0f,0f,0f,1f],start_interpolation: 0,interpolation_duration: 1}
$data merge entity $(chest1lid) {transformation: [-0.9591f,0.0139f,-0.2826f,-0.2949f,-0.0243f,0.9911f,0.1311f,2.7028f,0.2819f,0.1326f,-0.9502f,2.7112f,0f,0f,0f,1f],start_interpolation: 0,interpolation_duration: 1}
$data merge entity $(chest2) {transformation: [-0.9591f,0.0139f,-0.2826f,-0.2971f,-0.0243f,0.9911f,0.1311f,2.5479f,0.2819f,0.1326f,-0.9502f,2.6905f,0f,0f,0f,1f],start_interpolation: 0,interpolation_duration: 1}
$data merge entity $(chest1lid3) {transformation: [-0.9591f,0.0139f,-0.2826f,-0.416f,-0.0243f,0.9911f,0.1311f,2.7883f,0.2819f,0.1326f,-0.9502f,2.0848f,0f,0f,0f,1f],start_interpolation: 0,interpolation_duration: 1}
$data merge entity $(chest3) {transformation: [-0.9591f,0.0139f,-0.2826f,-0.4182f,-0.0243f,0.9911f,0.1311f,2.6335f,0.2819f,0.1326f,-0.9502f,2.0641f,0f,0f,0f,1f],start_interpolation: 0,interpolation_duration: 1}
$data merge entity $(hugeasssword2) {transformation: [1.1069f,2.8064f,-2.4978f,-1.309f,-0.5136f,2.6925f,2.7976f,4.5945f,3.7217f,-0.4631f,1.129f,2.5832f,0f,0f,0f,1f],start_interpolation: 0,interpolation_duration: 1}
$data merge entity $(belt) {transformation: [-0.9591f,0.0139f,-0.2826f,-0.0063f,-0.0243f,0.9911f,0.1311f,3.0286f,0.2819f,0.1326f,-0.9502f,2.3963f,0f,0f,0f,1f],start_interpolation: 0,interpolation_duration: 1}
$data merge entity $(torn_part) {transformation: [-0.9591f,0.0877f,-0.269f,-0.1286f,-0.0243f,0.9217f,0.3872f,2.7461f,0.2819f,0.3779f,-0.8819f,2.3939f,0f,0f,0f,1f],start_interpolation: 0,interpolation_duration: 1}
$data merge entity $(lowerbody) {transformation: [-0.9591f,0.0028f,-0.2829f,0.0035f,-0.0243f,0.9955f,0.0921f,2.2495f,0.2819f,0.0952f,-0.9547f,2.4542f,0f,0f,0f,1f],start_interpolation: 0,interpolation_duration: 1}
$data merge entity $(leftfoot) {transformation: [-0.9881f,0.1296f,0.0824f,0.0071f,0.0956f,0.939f,-0.3305f,0.1996f,-0.1202f,-0.3187f,-0.9402f,2.8979f,0f,0f,0f,1f],start_interpolation: 0,interpolation_duration: 1}
$data merge entity $(leftlowerleg) {transformation: [-0.9881f,0.1296f,0.0824f,0.1382f,0.0956f,0.939f,-0.3305f,1.292f,-0.1202f,-0.3187f,-0.9402f,2.6888f,0f,0f,0f,1f],start_interpolation: 0,interpolation_duration: 1}
$data merge entity $(leftleg) {transformation: [-0.9881f,0.1363f,0.0707f,0.2504f,0.0956f,0.9061f,-0.412f,2.2685f,-0.1202f,-0.4004f,-0.9084f,2.2833f,0f,0f,0f,1f],start_interpolation: 0,interpolation_duration: 1}
$data merge entity $(rightfoot) {transformation: [-0.9878f,-0.0059f,0.1557f,-0.3168f,0.0813f,0.8329f,0.5474f,0.4189f,-0.1329f,0.5533f,-0.8223f,1.2221f,0f,0f,0f,1f],start_interpolation: 0,interpolation_duration: 1}
$data merge entity $(rightlowerleg) {transformation: [-0.9878f,-0.0059f,0.1557f,-0.3474f,0.0813f,0.8329f,0.5474f,1.2589f,-0.1329f,0.5533f,-0.8223f,1.9623f,0f,0f,0f,1f],start_interpolation: 0,interpolation_duration: 1}
$data merge entity $(rightleg) {transformation: [-0.9704f,0.0691f,0.2312f,-0.2496f,0.1277f,0.9601f,0.2488f,2.2685f,-0.2048f,0.271f,-0.9405f,2.2811f,0f,0f,0f,1f],start_interpolation: 0,interpolation_duration: 1}
data modify entity @s data merge value {"cameras":{},"locators":{"soup":{"px":1.2710983380474759,"py":2.1934144446781603,"pz":2.951246556672434,"ry":109.04325146992201,"rx":32.40756023320824},"lefthand":{"px":1.3967930806774203,"py":2.131553099227826,"pz":2.8208955952931243,"ry":31.08749590275906,"rx":-18.19624463199861},"sword":{"px":-0.72336824620344,"py":4.058934778111866,"pz":6.390130119235911,"ry":2.266613605636678,"rx":-31.606429221042166},"righthand":{"px":-0.5991618384164773,"py":2.126384335854615,"pz":3.252060998519166,"ry":2.266613605636678,"rx":-31.606429221042166},"chest":{"px":-0.2815676045692915,"py":2.6195912423484033,"pz":2.8601891535571684,"ry":343.43674099987635,"rx":7.535040807638578}}}