# This file was generated by Animated Java via MC-Build. It is not recommended to edit this file directly.
$data merge entity $(nose) {transformation: [-0.9999f,-0.0002f,-0.0118f,-0.0162f,-0.0005f,0.9996f,0.0277f,4.1864f,0.0118f,0.0277f,-0.9995f,0.1729f,0f,0f,0f,1f],start_interpolation: 0,interpolation_duration: 1}
$data merge entity $(glowing_eye) {transformation: [-0.9999f,-0.0002f,-0.0118f,-0.1408f,-0.0005f,0.9996f,0.0277f,4.253f,0.0118f,0.0277f,-0.9995f,0.2111f,0f,0f,0f,1f],start_interpolation: 0,interpolation_duration: 1}
$data merge entity $(head) {transformation: [-0.9999f,-0.0002f,-0.0118f,-0.0184f,-0.0005f,0.9996f,0.0277f,4.0682f,0.0118f,0.0277f,-0.9995f,-0.0177f,0f,0f,0f,1f],start_interpolation: 0,interpolation_duration: 1}
$data merge entity $(leftthumb2) {transformation: [-0.7942f,0.0121f,0.6075f,0.7238f,-0.3637f,0.7915f,-0.4913f,2.2533f,-0.4867f,-0.6111f,-0.6242f,1.3392f,0f,0f,0f,1f],start_interpolation: 0,interpolation_duration: 1}
$data merge entity $(leftthumb) {transformation: [-0.7942f,0.0121f,0.6075f,0.7787f,-0.3637f,0.7915f,-0.4913f,2.4054f,-0.4867f,-0.6111f,-0.6242f,1.136f,0f,0f,0f,1f],start_interpolation: 0,interpolation_duration: 1}
$data merge entity $(leftpointerfinger) {transformation: [-0.7942f,0.0121f,0.6075f,0.89f,-0.3637f,0.7915f,-0.4913f,2.1625f,-0.4867f,-0.6111f,-0.6242f,1.3605f,0f,0f,0f,1f],start_interpolation: 0,interpolation_duration: 1}
$data merge entity $(leftmidfinger) {transformation: [-0.7942f,0.0121f,0.6075f,0.985f,-0.3637f,0.7915f,-0.4913f,2.0857f,-0.4867f,-0.6111f,-0.6242f,1.2629f,0f,0f,0f,1f],start_interpolation: 0,interpolation_duration: 1}
$data merge entity $(leftringfinger) {transformation: [-0.7942f,0.0121f,0.6075f,1.0799f,-0.3637f,0.7915f,-0.4913f,2.009f,-0.4867f,-0.6111f,-0.6242f,1.1654f,0f,0f,0f,1f],start_interpolation: 0,interpolation_duration: 1}
$data merge entity $(invisibility) {transformation: [0.065f,-0.6041f,0.7942f,0.7235f,0.7456f,0.5584f,0.3637f,2.1962f,-0.6632f,0.5686f,0.4867f,1.2219f,0f,0f,0f,1f],start_interpolation: 0,interpolation_duration: 1}
$data merge entity $(swiftness) {transformation: [0.6075f,0.0121f,0.7942f,0.7944f,-0.4913f,0.7915f,0.3637f,1.978f,-0.6242f,-0.6111f,0.4867f,1.1622f,0f,0f,0f,1f],start_interpolation: 0,interpolation_duration: 1}
$data merge entity $(suspicious_stew) {transformation: [0.2677f,-0.5454f,0.7942f,0.8368f,0.5097f,0.7797f,0.3637f,2.067f,-0.8177f,0.3075f,0.4867f,1.1335f,0f,0f,0f,1f],start_interpolation: 0,interpolation_duration: 1}
$data merge entity $(log) {transformation: [-0.7942f,0.0121f,0.6075f,0.7923f,-0.3637f,0.7915f,-0.4913f,2.1088f,-0.4867f,-0.6111f,-0.6242f,0.9822f,0f,0f,0f,1f],start_interpolation: 0,interpolation_duration: 1}
$data merge entity $(planks) {transformation: [-0.7942f,0.0121f,0.6075f,0.7179f,-0.3637f,0.7915f,-0.4913f,2.0747f,-0.4867f,-0.6111f,-0.6242f,0.9366f,0f,0f,0f,1f],start_interpolation: 0,interpolation_duration: 1}
$data merge entity $(lefthand1) {transformation: [-0.7942f,0.0121f,0.6075f,0.9749f,-0.3637f,0.7915f,-0.4913f,2.4129f,-0.4867f,-0.6111f,-0.6242f,0.9706f,0f,0f,0f,1f],start_interpolation: 0,interpolation_duration: 1}
$data merge entity $(leftforearm) {transformation: [-0.9826f,0.0121f,0.1855f,0.9191f,-0.104f,0.7915f,-0.6023f,2.9724f,-0.1541f,-0.6111f,-0.7764f,0.5434f,0f,0f,0f,1f],start_interpolation: 0,interpolation_duration: 1}
$data merge entity $(leftelbow) {transformation: [-0.9935f,-0.0008f,0.1135f,0.919f,-0.0571f,0.8677f,-0.4938f,3.1351f,-0.0981f,-0.4971f,-0.8622f,0.4502f,0f,0f,0f,1f],start_interpolation: 0,interpolation_duration: 1}
$data merge entity $(leftarm) {transformation: [-0.9935f,-0.0008f,0.1135f,0.6977f,-0.0571f,0.8677f,-0.4938f,3.5719f,-0.0981f,-0.4971f,-0.8622f,0.2072f,0f,0f,0f,1f],start_interpolation: 0,interpolation_duration: 1}
$data merge entity $(rightthumb2) {transformation: [0.5146f,-0.8463f,-0.1379f,-1.0735f,0.5275f,0.4392f,-0.7272f,2.5158f,0.676f,0.3015f,0.6724f,0.065f,0f,0f,0f,1f],start_interpolation: 0,interpolation_duration: 1}
$data merge entity $(rightthumb) {transformation: [0.5146f,-0.8463f,-0.1379f,-1.2928f,0.5275f,0.4392f,-0.7272f,2.5614f,0.676f,0.3015f,0.6724f,0.1964f,0f,0f,0f,1f],start_interpolation: 0,interpolation_duration: 1}
$data merge entity $(rightpointerfinger) {transformation: [-0.6086f,-0.6857f,-0.3992f,-1.4475f,-0.4142f,0.7037f,-0.5772f,2.3288f,0.6767f,-0.186f,-0.7123f,0.4057f,0f,0f,0f,1f],start_interpolation: 0,interpolation_duration: 1}
$data merge entity $(rightmidfinger) {transformation: [-0.5424f,-0.7392f,-0.3992f,-1.5099f,-0.4777f,0.6622f,-0.5772f,2.2386f,0.6911f,-0.1224f,-0.7123f,0.2944f,0f,0f,0f,1f],start_interpolation: 0,interpolation_duration: 1}
$data merge entity $(rightringfinger) {transformation: [-0.5569f,-0.7283f,-0.3992f,-1.5722f,-0.4645f,0.6716f,-0.5772f,2.1484f,0.6885f,-0.1361f,-0.7123f,0.1831f,0f,0f,0f,1f],start_interpolation: 0,interpolation_duration: 1}
$data merge entity $(hugeasssword) {transformation: [-3.5647f,0.4345f,-1.5635f,-1.2393f,1.3454f,2.9015f,-2.2608f,2.3069f,0.9075f,-2.5947f,-2.79f,0.1094f,0f,0f,0f,1f],start_interpolation: 0,interpolation_duration: 1}
$data merge entity $(whey) {transformation: [-0.7395f,0.3362f,0.0178f,-1.0372f,0.2791f,0.5882f,0.4861f,2.2595f,0.1883f,0.4486f,-0.6508f,0.2319f,0f,0f,0f,1f],start_interpolation: 0,interpolation_duration: 1}
$data merge entity $(ice) {transformation: [-1.3652f,0.1664f,-0.5988f,-1.2268f,0.5152f,1.1112f,-0.8659f,2.2899f,0.3475f,-0.9937f,-1.0685f,0.1161f,0f,0f,0f,1f],start_interpolation: 0,interpolation_duration: 1}
$data merge entity $(righthand1) {transformation: [-0.9101f,0.1109f,-0.3992f,-1.4391f,0.3435f,0.7408f,-0.5772f,2.543f,0.2317f,-0.6625f,-0.7123f,-0.0138f,0f,0f,0f,1f],start_interpolation: 0,interpolation_duration: 1}
$data merge entity $(rightforearm) {transformation: [-0.8789f,0.2001f,-0.4331f,-1.2367f,0.3957f,0.8129f,-0.4274f,3.0965f,0.2666f,-0.5469f,-0.7936f,-0.4027f,0f,0f,0f,1f],start_interpolation: 0,interpolation_duration: 1}
$data merge entity $(rightelbow) {transformation: [-0.8735f,0.4726f,-0.1167f,-1.1481f,0.4787f,0.8775f,-0.0297f,3.261f,0.0883f,-0.0818f,-0.9927f,-0.418f,0f,0f,0f,1f],start_interpolation: 0,interpolation_duration: 1}
$data merge entity $(rightarm) {transformation: [-0.8735f,0.4858f,0.0308f,-0.7151f,0.4787f,0.8458f,0.2355f,3.5719f,0.0883f,0.2205f,-0.9714f,-0.2967f,0f,0f,0f,1f],start_interpolation: 0,interpolation_duration: 1}
$data merge entity $(chest1) {transformation: [-1.0204f,-0.0417f,0.3615f,0.032f,0f,1.0762f,0.1243f,3.4252f,-0.3639f,0.117f,-1.0136f,-0.1659f,0f,0f,0f,1f],start_interpolation: 0,interpolation_duration: 1}
$data merge entity $(chest1lid) {transformation: [-0.9419f,0.2298f,0.245f,-0.3938f,0f,0.7293f,-0.6842f,2.7014f,-0.3359f,-0.6444f,-0.6869f,0.0118f,0f,0f,0f,1f],start_interpolation: 0,interpolation_duration: 1}
$data merge entity $(chest2) {transformation: [-0.9419f,-0.0385f,0.3337f,-0.3878f,0f,0.9934f,0.1147f,2.5462f,-0.3359f,0.108f,-0.9357f,-0.0051f,0f,0f,0f,1f],start_interpolation: 0,interpolation_duration: 1}
$data merge entity $(chest1lid3) {transformation: [-0.9419f,-0.0385f,0.3337f,-0.1212f,0f,0.9934f,0.1147f,2.7749f,-0.3359f,0.108f,-0.9357f,-0.5667f,0f,0f,0f,1f],start_interpolation: 0,interpolation_duration: 1}
$data merge entity $(chest3) {transformation: [-0.9419f,-0.0385f,0.3337f,-0.1152f,0f,0.9934f,0.1147f,2.6197f,-0.3359f,0.108f,-0.9357f,-0.5835f,0f,0f,0f,1f],start_interpolation: 0,interpolation_duration: 1}
$data merge entity $(hugeasssword2) {transformation: [-1.307f,2.6179f,-2.6036f,-1.0847f,-0.4493f,2.6286f,2.8686f,4.6083f,3.6647f,1.2559f,-0.5769f,-0.7023f,0f,0f,0f,1f],start_interpolation: 0,interpolation_duration: 1}
$data merge entity $(belt) {transformation: [-0.9419f,-0.0385f,0.3337f,0.0338f,0f,0.9934f,0.1147f,3.0145f,-0.3359f,0.108f,-0.9357f,-0.0756f,0f,0f,0f,1f],start_interpolation: 0,interpolation_duration: 1}
$data merge entity $(torn_part) {transformation: [-0.9419f,-0.1236f,0.3124f,-0.0719f,0f,0.9299f,0.3679f,2.7347f,-0.3359f,0.3465f,-0.8758f,-0.1467f,0f,0f,0f,1f],start_interpolation: 0,interpolation_duration: 1}
$data merge entity $(lowerbody) {transformation: [-0.9419f,-0.0239f,0.3351f,-0.0153f,0f,0.9975f,0.0712f,2.2377f,-0.3359f,0.0671f,-0.9395f,-0.0146f,0f,0f,0f,1f],start_interpolation: 0,interpolation_duration: 1}
$data merge entity $(leftfoot) {transformation: [-0.9978f,-0.0417f,-0.0506f,0.4071f,-0.0542f,0.9591f,0.2779f,0.1875f,0.037f,0.2801f,-0.9593f,-0.3843f,0f,0f,0f,1f],start_interpolation: 0,interpolation_duration: 1}
$data merge entity $(leftlowerleg) {transformation: [-0.9978f,-0.0417f,-0.0506f,0.3686f,-0.0542f,0.9591f,0.2779f,1.2087f,0.037f,0.2801f,-0.9593f,0.0738f,0f,0f,0f,1f],start_interpolation: 0,interpolation_duration: 1}
$data merge entity $(leftleg) {transformation: [-0.9978f,-0.0601f,-0.0264f,0.2743f,-0.0542f,0.9812f,-0.185f,2.2544f,0.037f,-0.1832f,-0.9824f,-0.0941f,0f,0f,0f,1f],start_interpolation: 0,interpolation_duration: 1}
$data merge entity $(rightfoot) {transformation: [-0.8863f,0.0115f,0.463f,-0.2661f,-0.0068f,0.9993f,-0.0378f,0.1021f,-0.4631f,-0.0366f,-0.8856f,-0.1652f,0f,0f,0f,1f],start_interpolation: 0,interpolation_duration: 1}
$data merge entity $(rightlowerleg) {transformation: [-0.8863f,0.0115f,0.463f,-0.3244f,-0.0068f,0.9993f,-0.0378f,1.2165f,-0.4631f,-0.0366f,-0.8856f,-0.0698f,0f,0f,0f,1f],start_interpolation: 0,interpolation_duration: 1}
$data merge entity $(rightleg) {transformation: [-0.8863f,0.1053f,0.451f,-0.1967f,-0.0068f,0.9708f,-0.2398f,2.2544f,-0.4631f,-0.2156f,-0.8597f,-0.262f,0f,0f,0f,1f],start_interpolation: 0,interpolation_duration: 1}
data modify entity @s data merge value {"cameras":{},"locators":{"soup":{"px":0.7182224969315371,"py":2.189653422544783,"pz":1.1711084347314606,"ry":121.50075769545973,"rx":21.326481250576265},"lefthand":{"px":0.8563418352175021,"py":2.0887524753697577,"pz":1.0853214032589027,"ry":44.22143997366075,"rx":-29.42339577031597},"sword":{"px":0.16439309966275495,"py":4.4481237832210745,"pz":2.786109478245592,"ry":330.7335196432994,"rx":-35.2564525006127},"righthand":{"px":-1.3076626610292423,"py":2.3195617763339698,"pz":0.1593373392410981,"ry":330.7335196432994,"rx":-35.2564525006127},"chest":{"px":-0.4730001751707582,"py":2.621404089097717,"pz":0.1407079334499194,"ry":19.62890625,"rx":6.586659245171283}}}