# This file was generated by Animated Java via MC-Build. It is not recommended to edit this file directly.
$data merge entity $(nose) {transformation: [-0.9996f,-0.0014f,-0.029f,-0.018f,-0.0022f,0.9996f,0.0298f,4.187f,0.029f,0.0298f,-0.9991f,0.2114f,0f,0f,0f,1f],start_interpolation: 0,interpolation_duration: 1}
$data merge entity $(glowing_eye) {transformation: [-0.9996f,-0.0014f,-0.029f,-0.142f,-0.0022f,0.9996f,0.0298f,4.2533f,0.029f,0.0298f,-0.9991f,0.252f,0f,0f,0f,1f],start_interpolation: 0,interpolation_duration: 1}
$data merge entity $(head) {transformation: [-0.9996f,-0.0014f,-0.029f,-0.0232f,-0.0022f,0.9996f,0.0298f,4.0691f,0.029f,0.0298f,-0.9991f,0.0207f,0f,0f,0f,1f],start_interpolation: 0,interpolation_duration: 1}
$data merge entity $(leftthumb2) {transformation: [-0.6511f,0.0043f,0.759f,0.679f,-0.616f,0.5812f,-0.5317f,2.5857f,-0.4434f,-0.8137f,-0.3758f,1.7232f,0f,0f,0f,1f],start_interpolation: 0,interpolation_duration: 1}
$data merge entity $(leftthumb) {transformation: [-0.6511f,0.0043f,0.759f,0.7449f,-0.616f,0.5812f,-0.5317f,2.6828f,-0.4434f,-0.8137f,-0.3758f,1.4915f,0f,0f,0f,1f],start_interpolation: 0,interpolation_duration: 1}
$data merge entity $(leftpointerfinger) {transformation: [-0.6511f,0.0043f,0.759f,0.8503f,-0.616f,0.5812f,-0.5317f,2.5345f,-0.4434f,-0.8137f,-0.3758f,1.7894f,0f,0f,0f,1f],start_interpolation: 0,interpolation_duration: 1}
$data merge entity $(leftmidfinger) {transformation: [-0.6511f,0.0043f,0.759f,0.9689f,-0.616f,0.5812f,-0.5317f,2.4514f,-0.4434f,-0.8137f,-0.3758f,1.7306f,0f,0f,0f,1f],start_interpolation: 0,interpolation_duration: 1}
$data merge entity $(leftringfinger) {transformation: [-0.6511f,0.0043f,0.759f,1.0875f,-0.616f,0.5812f,-0.5317f,2.3683f,-0.4434f,-0.8137f,-0.3758f,1.6719f,0f,0f,0f,1f],start_interpolation: 0,interpolation_duration: 1}
$data merge entity $(invisibility) {transformation: [0.0704f,-0.7557f,0.6511f,0.705f,0.5327f,0.5804f,0.616f,2.4992f,-0.8434f,0.3035f,0.4434f,1.629f,0f,0f,0f,1f],start_interpolation: 0,interpolation_duration: 1}
$data merge entity $(swiftness) {transformation: [0.759f,0.0043f,0.6511f,0.8128f,-0.5317f,0.5812f,0.616f,2.2887f,-0.3758f,-0.8137f,0.4434f,1.6456f,0f,0f,0f,1f],start_interpolation: 0,interpolation_duration: 1}
$data merge entity $(suspicious_stew) {transformation: [0.3246f,-0.686f,0.6511f,0.8471f,0.302f,0.7276f,0.616f,2.3722f,-0.8963f,-0.0033f,0.4434f,1.5967f,0f,0f,0f,1f],start_interpolation: 0,interpolation_duration: 1}
$data merge entity $(log) {transformation: [-0.6511f,0.0043f,0.759f,0.8222f,-0.616f,0.5812f,-0.5317f,2.3622f,-0.4434f,-0.8137f,-0.3758f,1.4358f,0f,0f,0f,1f],start_interpolation: 0,interpolation_duration: 1}
$data merge entity $(planks) {transformation: [-0.6511f,0.0043f,0.759f,0.7611f,-0.616f,0.5812f,-0.5317f,2.3045f,-0.4434f,-0.8137f,-0.3758f,1.3942f,0f,0f,0f,1f],start_interpolation: 0,interpolation_duration: 1}
$data merge entity $(lefthand1) {transformation: [-0.6511f,0.0043f,0.759f,0.9623f,-0.616f,0.5812f,-0.5317f,2.6781f,-0.4434f,-0.8137f,-0.3758f,1.3549f,0f,0f,0f,1f],start_interpolation: 0,interpolation_duration: 1}
$data merge entity $(leftforearm) {transformation: [-0.9813f,0.0043f,0.1924f,0.901f,-0.1541f,0.5812f,-0.799f,3.0896f,-0.1152f,-0.8137f,-0.5697f,0.7844f,0f,0f,0f,1f],start_interpolation: 0,interpolation_duration: 1}
$data merge entity $(leftelbow) {transformation: [-0.9948f,-0.0087f,0.1019f,0.8993f,-0.0792f,0.6956f,-0.7141f,3.2201f,-0.0647f,-0.7184f,-0.6926f,0.6497f,0f,0f,0f,1f],start_interpolation: 0,interpolation_duration: 1}
$data merge entity $(leftarm) {transformation: [-0.9948f,-0.0087f,0.1019f,0.6742f,-0.0792f,0.6956f,-0.7141f,3.5728f,-0.0647f,-0.7184f,-0.6926f,0.2981f,0f,0f,0f,1f],start_interpolation: 0,interpolation_duration: 1}
$data merge entity $(rightthumb2) {transformation: [0.343f,-0.8376f,-0.4252f,-1.2695f,0.4383f,0.5431f,-0.7162f,2.5351f,0.8308f,0.0594f,0.5534f,-0.0971f,0f,0f,0f,1f],start_interpolation: 0,interpolation_duration: 1}
$data merge entity $(rightthumb) {transformation: [0.343f,-0.8376f,-0.4252f,-1.5113f,0.4383f,0.5431f,-0.7162f,2.6071f,0.8308f,0.0594f,0.5534f,-0.0353f,0f,0f,0f,1f],start_interpolation: 0,interpolation_duration: 1}
$data merge entity $(rightpointerfinger) {transformation: [-0.8112f,-0.5386f,-0.2279f,-1.7441f,-0.3771f,0.7795f,-0.5001f,2.3873f,0.447f,-0.3197f,-0.8354f,0.1037f,0f,0f,0f,1f],start_interpolation: 0,interpolation_duration: 1}
$data merge entity $(rightmidfinger) {transformation: [-0.757f,-0.6124f,-0.2279f,-1.7797f,-0.4487f,0.7407f,-0.5001f,2.3092f,0.4751f,-0.2763f,-0.8354f,-0.0268f,0f,0f,0f,1f],start_interpolation: 0,interpolation_duration: 1}
$data merge entity $(rightringfinger) {transformation: [-0.7713f,-0.5942f,-0.2279f,-1.8153f,-0.4309f,0.7511f,-0.5001f,2.231f,0.4683f,-0.2876f,-0.8354f,-0.1574f,0f,0f,0f,1f],start_interpolation: 0,interpolation_duration: 1}
$data merge entity $(hugeasssword) {transformation: [-3.5145f,1.4806f,-0.8925f,-1.461f,1.7271f,2.919f,-1.9588f,2.3512f,-0.0753f,-2.1512f,-3.2721f,-0.1202f,0f,0f,0f,1f],start_interpolation: 0,interpolation_duration: 1}
$data merge entity $(whey) {transformation: [-0.7627f,0.2586f,0.2718f,-1.3102f,0.3748f,0.5521f,0.5265f,2.2759f,-0.0163f,0.5922f,-0.6095f,0.052f,0f,0f,0f,1f],start_interpolation: 0,interpolation_duration: 1}
$data merge entity $(ice) {transformation: [-1.4406f,0.6069f,-0.3658f,-1.4529f,0.7079f,1.1965f,-0.8029f,2.3327f,-0.0309f,-0.8818f,-1.3413f,-0.1114f,0f,0f,0f,1f],start_interpolation: 0,interpolation_duration: 1}
$data merge entity $(righthand1) {transformation: [-0.8973f,0.378f,-0.2279f,-1.5899f,0.441f,0.7453f,-0.5001f,2.6136f,-0.0192f,-0.5492f,-0.8354f,-0.2796f,0f,0f,0f,1f],start_interpolation: 0,interpolation_duration: 1}
$data merge entity $(rightforearm) {transformation: [-0.8657f,0.4438f,-0.2317f,-1.2201f,0.4991f,0.8012f,-0.3302f,3.1509f,0.0391f,-0.4015f,-0.915f,-0.5501f,0f,0f,0f,1f],start_interpolation: 0,interpolation_duration: 1}
$data merge entity $(rightelbow) {transformation: [-0.8404f,0.5374f,0.071f,-1.1194f,0.5411f,0.8393f,0.0522f,3.3083f,-0.0315f,0.0823f,-0.9961f,-0.5346f,0f,0f,0f,1f],start_interpolation: 0,interpolation_duration: 1}
$data merge entity $(rightarm) {transformation: [-0.8404f,0.4911f,0.2293f,-0.6971f,0.5411f,0.7848f,0.3022f,3.5728f,-0.0315f,0.378f,-0.9253f,-0.3098f,0f,0f,0f,1f],start_interpolation: 0,interpolation_duration: 1}
$data merge entity $(chest1) {transformation: [-0.9904f,-0.0506f,0.4361f,0.0382f,0f,1.0761f,0.125f,3.4263f,-0.439f,0.1142f,-0.9838f,-0.1237f,0f,0f,0f,1f],start_interpolation: 0,interpolation_duration: 1}
$data merge entity $(chest1lid) {transformation: [-0.9142f,0.2124f,0.3451f,-0.3995f,0f,0.8517f,-0.5241f,2.7023f,-0.4052f,-0.4791f,-0.7786f,0.0212f,0f,0f,0f,1f],start_interpolation: 0,interpolation_duration: 1}
$data merge entity $(chest2) {transformation: [-0.9142f,-0.0467f,0.4025f,-0.3922f,0f,0.9933f,0.1154f,2.5471f,-0.4052f,0.1055f,-0.9081f,0.0048f,0f,0f,0f,1f],start_interpolation: 0,interpolation_duration: 1}
$data merge entity $(chest1lid3) {transformation: [-0.9142f,-0.0467f,0.4025f,-0.0845f,0f,0.9933f,0.1154f,2.7762f,-0.4052f,0.1055f,-0.9081f,-0.5352f,0f,0f,0f,1f],start_interpolation: 0,interpolation_duration: 1}
$data merge entity $(chest3) {transformation: [-0.9142f,-0.0467f,0.4025f,-0.0772f,0f,0.9933f,0.1154f,2.621f,-0.4052f,0.1055f,-0.9081f,-0.5517f,0f,0f,0f,1f],start_interpolation: 0,interpolation_duration: 1}
$data merge entity $(hugeasssword2) {transformation: [-1.5766f,2.5162f,-2.554f,-1.0357f,-0.4518f,2.6284f,2.8684f,4.6094f,3.5568f,1.4493f,-0.7678f,-0.7412f,0f,0f,0f,1f],start_interpolation: 0,interpolation_duration: 1}
$data merge entity $(belt) {transformation: [-0.9142f,-0.0467f,0.4025f,0.0334f,0f,0.9933f,0.1154f,3.0155f,-0.4052f,0.1055f,-0.9081f,-0.0338f,0f,0f,0f,1f],start_interpolation: 0,interpolation_duration: 1}
$data merge entity $(torn_part) {transformation: [-0.9142f,-0.1493f,0.3767f,-0.0666f,0f,0.9296f,0.3685f,2.7358f,-0.4052f,0.3369f,-0.8499f,-0.1128f,0f,0f,0f,1f],start_interpolation: 0,interpolation_duration: 1}
$data merge entity $(lowerbody) {transformation: [-0.9142f,-0.0291f,0.4042f,-0.02f,0f,0.9974f,0.0719f,2.2386f,-0.4052f,0.0657f,-0.9118f,0.0229f,0f,0f,0f,1f],start_interpolation: 0,interpolation_duration: 1}
$data merge entity $(leftfoot) {transformation: [-0.9983f,-0.0477f,-0.0326f,0.4145f,-0.0552f,0.9541f,0.2943f,0.1954f,0.0171f,0.2956f,-0.9552f,-0.3474f,0f,0f,0f,1f],start_interpolation: 0,interpolation_duration: 1}
$data merge entity $(leftlowerleg) {transformation: [-0.9983f,-0.0477f,-0.0326f,0.3667f,-0.0552f,0.9541f,0.2943f,1.2087f,0.0171f,0.2956f,-0.9552f,0.1273f,0f,0f,0f,1f],start_interpolation: 0,interpolation_duration: 1}
$data merge entity $(leftleg) {transformation: [-0.9983f,-0.0573f,-0.007f,0.2748f,-0.0552f,0.9825f,-0.1778f,2.2555f,0.0171f,-0.1771f,-0.984f,-0.0347f,0f,0f,0f,1f],start_interpolation: 0,interpolation_duration: 1}
$data merge entity $(rightfoot) {transformation: [-0.8366f,0.0108f,0.5477f,-0.2502f,-0.01f,0.9993f,-0.0349f,0.1023f,-0.5477f,-0.0347f,-0.8359f,-0.1515f,0f,0f,0f,1f],start_interpolation: 0,interpolation_duration: 1}
$data merge entity $(rightlowerleg) {transformation: [-0.8366f,0.0108f,0.5477f,-0.3224f,-0.01f,0.9993f,-0.0349f,1.2163f,-0.5477f,-0.0347f,-0.8359f,-0.0616f,0f,0f,0f,1f],start_interpolation: 0,interpolation_duration: 1}
$data merge entity $(rightleg) {transformation: [-0.8366f,0.1203f,0.5344f,-0.1823f,-0.01f,0.9721f,-0.2344f,2.2555f,-0.5477f,-0.2014f,-0.8121f,-0.2373f,0f,0f,0f,1f],start_interpolation: 0,interpolation_duration: 1}
data modify entity @s data merge value {"cameras":{},"locators":{"soup":{"px":0.708846036439071,"py":2.4780368802841584,"pz":1.582229443403132,"ry":124.25263705548787,"rx":38.02425956356576},"lefthand":{"px":0.8710253783639185,"py":2.382866169865844,"pz":1.5467644684342905,"ry":63.65692975634667,"rx":-32.12321386145409},"sword":{"px":-0.6991307206654579,"py":4.214392171727905,"pz":2.9891466693948545,"ry":344.7438099707224,"rx":-30.008022594265036},"righthand":{"px":-1.5393775820330193,"py":2.3701950381335255,"pz":-0.091531566709046,"ry":344.7438099707224,"rx":-30.008022594265036},"chest":{"px":-0.4880385947280983,"py":2.622179273179649,"pz":0.14387971050796575,"ry":23.90625000000003,"rx":6.624137481778426}}}