# This file was generated by Animated Java via MC-Build. It is not recommended to edit this file directly.
$data merge entity $(nose) {transformation: [-0.9997f,-0.0192f,0.0182f,-0.0863f,-0.0181f,0.9981f,0.0586f,4.3166f,-0.0193f,0.0582f,-0.9981f,0.6383f,0f,0f,0f,1f],start_interpolation: 0,interpolation_duration: 1}
$data merge entity $(glowing_eye) {transformation: [-0.9997f,-0.0192f,0.0182f,-0.2132f,-0.0181f,0.9981f,0.0586f,4.3799f,-0.0193f,0.0582f,-0.9981f,0.6747f,0f,0f,0f,1f],start_interpolation: 0,interpolation_duration: 1}
$data merge entity $(head) {transformation: [-0.9997f,-0.0192f,0.0182f,-0.0805f,-0.0181f,0.9981f,0.0586f,4.2043f,-0.0193f,0.0582f,-0.9981f,0.4443f,0f,0f,0f,1f],start_interpolation: 0,interpolation_duration: 1}
$data merge entity $(leftthumb2) {transformation: [-0.199f,0.0784f,0.9769f,0.3572f,-0.979f,-0.0612f,-0.1945f,3.6588f,0.0445f,-0.995f,0.0889f,2.6241f,0f,0f,0f,1f],start_interpolation: 0,interpolation_duration: 1}
$data merge entity $(leftthumb) {transformation: [-0.199f,0.0784f,0.9769f,0.4599f,-0.979f,-0.0612f,-0.1945f,3.6271f,0.0445f,-0.995f,0.0889f,2.3877f,0f,0f,0f,1f],start_interpolation: 0,interpolation_duration: 1}
$data merge entity $(leftpointerfinger) {transformation: [-0.199f,0.0784f,0.9769f,0.5017f,-0.979f,-0.0612f,-0.1945f,3.7452f,0.0445f,-0.995f,0.0889f,2.7135f,0f,0f,0f,1f],start_interpolation: 0,interpolation_duration: 1}
$data merge entity $(leftmidfinger) {transformation: [-0.199f,0.0784f,0.9769f,0.6543f,-0.979f,-0.0612f,-0.1945f,3.7148f,0.0445f,-0.995f,0.0889f,2.7274f,0f,0f,0f,1f],start_interpolation: 0,interpolation_duration: 1}
$data merge entity $(leftringfinger) {transformation: [-0.199f,0.0784f,0.9769f,0.807f,-0.979f,-0.0612f,-0.1945f,3.6844f,0.0445f,-0.995f,0.0889f,2.7413f,0f,0f,0f,1f],start_interpolation: 0,interpolation_duration: 1}
$data merge entity $(invisibility) {transformation: [0.1632f,-0.9663f,0.199f,0.4424f,-0.0779f,0.1885f,0.979f,3.561f,-0.9835f,-0.1753f,-0.0445f,2.6102f,0f,0f,0f,1f],start_interpolation: 0,interpolation_duration: 1}
$data merge entity $(swiftness) {transformation: [0.9769f,0.0784f,0.199f,0.6046f,-0.1945f,-0.0612f,0.979f,3.4818f,0.0889f,-0.995f,-0.0445f,2.7639f,0f,0f,0f,1f],start_interpolation: 0,interpolation_duration: 1}
$data merge entity $(suspicious_stew) {transformation: [0.4839f,-0.8522f,0.199f,0.6219f,-0.1376f,0.1505f,0.979f,3.5274f,-0.8643f,-0.5011f,-0.0445f,2.6735f,0f,0f,0f,1f],start_interpolation: 0,interpolation_duration: 1}
$data merge entity $(log) {transformation: [-0.199f,0.0784f,0.9769f,0.6588f,-0.979f,-0.0612f,-0.1945f,3.4188f,0.0445f,-0.995f,0.0889f,2.5575f,0f,0f,0f,1f],start_interpolation: 0,interpolation_duration: 1}
$data merge entity $(planks) {transformation: [-0.199f,0.0784f,0.9769f,0.6402f,-0.979f,-0.0612f,-0.1945f,3.3271f,0.0445f,-0.995f,0.0889f,2.5616f,0f,0f,0f,1f],start_interpolation: 0,interpolation_duration: 1}
$data merge entity $(lefthand1) {transformation: [-0.199f,0.0784f,0.9769f,0.6977f,-0.979f,-0.0612f,-0.1945f,3.6544f,0.0445f,-0.995f,0.0889f,2.2948f,0f,0f,0f,1f],start_interpolation: 0,interpolation_duration: 1}
$data merge entity $(leftforearm) {transformation: [-0.9694f,0.0784f,0.2325f,0.6885f,-0.2374f,-0.0612f,-0.9695f,3.6117f,-0.0617f,-0.995f,0.0779f,1.5901f,0f,0f,0f,1f],start_interpolation: 0,interpolation_duration: 1}
$data merge entity $(leftelbow) {transformation: [-0.9915f,0.0591f,0.116f,0.6996f,-0.1089f,0.1121f,-0.9877f,3.6327f,-0.0714f,-0.9919f,-0.1047f,1.4041f,0f,0f,0f,1f],start_interpolation: 0,interpolation_duration: 1}
$data merge entity $(leftarm) {transformation: [-0.9915f,0.0591f,0.116f,0.5087f,-0.1089f,0.1121f,-0.9877f,3.6958f,-0.0714f,-0.9919f,-0.1047f,0.8958f,0f,0f,0f,1f],start_interpolation: 0,interpolation_duration: 1}
$data merge entity $(rightthumb2) {transformation: [-0.2043f,0.2276f,-0.9521f,-1.6301f,0.3151f,0.9361f,0.1562f,3.5762f,0.9268f,-0.2681f,-0.263f,-0.7892f,0f,0f,0f,1f],start_interpolation: 0,interpolation_duration: 1}
$data merge entity $(rightthumb) {transformation: [-0.2043f,0.2276f,-0.9521f,-1.6556f,0.3151f,0.9361f,0.1562f,3.8191f,0.9268f,-0.2681f,-0.263f,-0.8774f,0f,0f,0f,1f],start_interpolation: 0,interpolation_duration: 1}
$data merge entity $(rightpointerfinger) {transformation: [-0.7736f,0.6049f,0.1888f,-1.9518f,0.4858f,0.7574f,-0.4362f,3.909f,-0.4069f,-0.2457f,-0.8798f,-1.0388f,0f,0f,0f,1f],start_interpolation: 0,interpolation_duration: 1}
$data merge entity $(rightmidfinger) {transformation: [-0.8288f,0.5268f,0.1888f,-1.9223f,0.4098f,0.8011f,-0.4362f,3.8408f,-0.3811f,-0.2841f,-0.8798f,-1.1763f,0f,0f,0f,1f],start_interpolation: 0,interpolation_duration: 1}
$data merge entity $(rightringfinger) {transformation: [-0.8094f,0.556f,0.1888f,-1.8928f,0.4381f,0.786f,-0.4362f,3.7727f,-0.391f,-0.2703f,-0.8798f,-1.3137f,0f,0f,0f,1f],start_interpolation: 0,interpolation_duration: 1}
$data merge entity $(hugeasssword) {transformation: [0.5131f,3.8118f,0.7396f,-1.7624f,3.5215f,-0.1426f,-1.7085f,3.6014f,-1.6358f,0.8888f,-3.4459f,-1.0055f,0f,0f,0f,1f],start_interpolation: 0,interpolation_duration: 1}
$data merge entity $(whey) {transformation: [0.1261f,0.0253f,0.9539f,-1.9027f,0.8654f,0.4023f,-0.1251f,3.5116f,-0.402f,0.874f,0.03f,-0.8312f,0f,0f,0f,1f],start_interpolation: 0,interpolation_duration: 1}
$data merge entity $(ice) {transformation: [0.1965f,1.4598f,0.2833f,-1.7796f,1.3487f,-0.0546f,-0.6543f,3.5879f,-0.6265f,0.3404f,-1.3197f,-1.0025f,0f,0f,0f,1f],start_interpolation: 0,interpolation_duration: 1}
$data merge entity $(righthand1) {transformation: [0.131f,0.9732f,0.1888f,-1.4977f,0.8991f,-0.0364f,-0.4362f,3.79f,-0.4177f,0.2269f,-0.8798f,-1.0777f,0f,0f,0f,1f],start_interpolation: 0,interpolation_duration: 1}
$data merge entity $(rightforearm) {transformation: [0.1368f,0.9105f,0.3902f,-0.8721f,0.9508f,-0.0101f,-0.3098f,3.7283f,-0.2781f,0.4134f,-0.8671f,-0.7561f,0f,0f,0f,1f],start_interpolation: 0,interpolation_duration: 1}
$data merge entity $(rightelbow) {transformation: [-0.0096f,0.596f,0.803f,-0.7604f,0.9489f,0.2588f,-0.1808f,3.7768f,-0.3156f,0.7602f,-0.568f,-0.6136f,0f,0f,0f,1f],start_interpolation: 0,interpolation_duration: 1}
$data merge entity $(rightarm) {transformation: [-0.0096f,0.3269f,0.945f,-0.6243f,0.9489f,0.3012f,-0.0946f,3.7228f,-0.3156f,0.8958f,-0.3131f,-0.0869f,0f,0f,0f,1f],start_interpolation: 0,interpolation_duration: 1}
$data merge entity $(chest1) {transformation: [-0.8183f,-0.0898f,0.7043f,0.0253f,0.0195f,1.0714f,0.1594f,3.567f,-0.7097f,0.1331f,-0.8076f,0.3012f,0f,0f,0f,1f],start_interpolation: 0,interpolation_duration: 1}
$data merge entity $(chest1lid) {transformation: [-0.7553f,-0.0541f,0.6531f,-0.4303f,0.018f,0.9945f,0.1032f,2.8397f,-0.6551f,0.0897f,-0.7502f,0.2853f,0f,0f,0f,1f],start_interpolation: 0,interpolation_duration: 1}
$data merge entity $(chest2) {transformation: [-0.7553f,-0.0829f,0.6501f,-0.4174f,0.018f,0.989f,0.1471f,2.6852f,-0.6551f,0.1228f,-0.7455f,0.2661f,0f,0f,0f,1f],start_interpolation: 0,interpolation_duration: 1}
$data merge entity $(chest1lid3) {transformation: [-0.7553f,-0.0829f,0.6501f,0.0333f,0.018f,0.989f,0.1471f,2.9328f,-0.6551f,0.1228f,-0.7455f,-0.1513f,0f,0f,0f,1f],start_interpolation: 0,interpolation_duration: 1}
$data merge entity $(chest3) {transformation: [-0.7553f,-0.0829f,0.6501f,0.0463f,0.018f,0.989f,0.1471f,2.7783f,-0.6551f,0.1228f,-0.7455f,-0.1705f,0f,0f,0f,1f],start_interpolation: 0,interpolation_duration: 1}
$data merge entity $(hugeasssword2) {transformation: [-2.5461f,1.9617f,-2.2381f,-0.8293f,-0.5762f,2.5648f,2.9035f,4.7757f,2.9198f,2.2167f,-1.3787f,-0.5609f,0f,0f,0f,1f],start_interpolation: 0,interpolation_duration: 1}
$data merge entity $(belt) {transformation: [-0.7553f,-0.0829f,0.6501f,-0.0026f,0.018f,0.989f,0.1471f,3.1532f,-0.6551f,0.1228f,-0.7455f,0.3708f,0f,0f,0f,1f],start_interpolation: 0,interpolation_duration: 1}
$data merge entity $(torn_part) {transformation: [-0.7553f,-0.2483f,0.6065f,-0.0731f,0.018f,0.9172f,0.398f,2.8769f,-0.6551f,0.3115f,-0.6883f,0.256f,0f,0f,0f,1f],start_interpolation: 0,interpolation_duration: 1}
$data merge entity $(lowerbody) {transformation: [-0.7553f,-0.0544f,0.6531f,-0.0646f,0.018f,0.9944f,0.1037f,2.375f,-0.6551f,0.0901f,-0.7501f,0.3815f,0f,0f,0f,1f],start_interpolation: 0,interpolation_duration: 1}
$data merge entity $(leftfoot) {transformation: [-0.9865f,-0.0979f,0.1311f,0.4295f,-0.068f,0.9741f,0.2154f,0.3171f,-0.1489f,0.2036f,-0.9677f,0.2346f,0f,0f,0f,1f],start_interpolation: 0,interpolation_duration: 1}
$data merge entity $(leftlowerleg) {transformation: [-0.9865f,-0.0979f,0.1311f,0.3007f,-0.068f,0.9741f,0.2154f,1.3647f,-0.1489f,0.2036f,-0.9677f,0.6091f,0f,0f,0f,1f],start_interpolation: 0,interpolation_duration: 1}
$data merge entity $(leftleg) {transformation: [-0.9865f,-0.029f,0.1611f,0.2349f,-0.068f,0.9678f,-0.2424f,2.3972f,-0.1489f,-0.2501f,-0.9567f,0.3637f,0f,0f,0f,1f],start_interpolation: 0,interpolation_duration: 1}
$data merge entity $(rightfoot) {transformation: [-0.773f,-0.0942f,0.6273f,-0.2798f,0.1216f,0.9486f,0.2922f,0.3725f,-0.6226f,0.3022f,-0.7218f,-0.2333f,0f,0f,0f,1f],start_interpolation: 0,interpolation_duration: 1}
$data merge entity $(rightlowerleg) {transformation: [-0.773f,-0.0942f,0.6273f,-0.4807f,0.1216f,0.9486f,0.2922f,1.3799f,-0.6226f,0.3022f,-0.7218f,0.2128f,0f,0f,0f,1f],start_interpolation: 0,interpolation_duration: 1}
$data merge entity $(rightleg) {transformation: [-0.773f,0.2635f,0.577f,-0.1915f,0.1216f,0.9543f,-0.273f,2.3972f,-0.6226f,-0.1409f,-0.7697f,0.1026f,0f,0f,0f,1f],start_interpolation: 0,interpolation_duration: 1}
data modify entity @s data merge value {"cameras":{},"locators":{"soup":{"px":0.46922594453147787,"py":3.52265420958846,"pz":2.588784199077587,"ry":77.39622434495743,"rx":78.23372122750652},"lefthand":{"px":0.6561204159151718,"py":3.518441005232492,"pz":2.629650725642836,"ry":95.19864506625336,"rx":-11.2174992866168},"sword":{"px":-2.4818139170637563,"py":5.288098723234473,"pz":2.212862976719327,"ry":12.113605516227324,"rx":-25.86178032520294},"righthand":{"px":-1.7854886507227676,"py":3.6796052016554266,"pz":-1.031445264569314,"ry":12.113605516227324,"rx":-25.86178032520294},"chest":{"px":-0.5503398457089426,"py":2.755467706367779,"pz":0.37363784484480916,"ry":41.08893056588542,"rx":8.459028932640727}}}