# This file was generated by Animated Java via MC-Build. It is not recommended to edit this file directly.
$data merge entity $(bone_nose) { transformation: [-1f,-8.635913103231109e-17f,8.683143620810781e-17f,-7.798835138844524e-17f,0f,0.7090324840481619f,0.7051758196113171f,3.941712498341266f,-1.2246467991473532e-16f,0.7051758196113171f,-0.7090324840481619f,0.6380546507488573f,0f,0f,0f,1f], start_interpolation: 0, interpolation_duration: 1 }
$data merge entity $(bone_glowing_eye) { transformation: [-1f,-8.635913103231109e-17f,8.683143620810781e-17f,-0.1250000000000001f,0f,0.7090324840481619f,0.7051758196113171f,3.9651122074400353f,-1.2246467991473532e-16f,0.7051758196113171f,-0.7090324840481619f,0.710542914966241f,0f,0f,0f,1f], start_interpolation: 0, interpolation_duration: 1 }
$data merge entity $(bone_head) { transformation: [-1f,-8.635913103231109e-17f,8.683143620810781e-17f,-5.106537517371073e-17f,0f,0.7090324840481619f,0.7051758196113171f,3.986211081038829f,-1.2246467991473532e-16f,0.7051758196113171f,-0.7090324840481619f,0.4182118664172498f,0f,0f,0f,1f], start_interpolation: 0, interpolation_duration: 1 }
$data merge entity $(bone_leftthumb2) { transformation: [-0.8239648593236644f,0.4809991648385283f,0.2995358309524461f,0.2676832238427637f,0.040549695916231566f,0.5773137887709576f,-0.8155148750672936f,2.512969758567754f,-0.5651881392605786f,-0.6598095124500408f,-0.49519064462043744f,1.2607924291663593f,0f,0f,0f,1f], start_interpolation: 0, interpolation_duration: 1 }
$data merge entity $(bone_leftthumb) { transformation: [-0.8239648593236644f,0.4809991648385283f,0.2995358309524461f,0.41124224479929516f,0.040549695916231566f,0.5773137887709576f,-0.8155148750672936f,2.5848597729743523f,-0.5651881392605786f,-0.6598095124500408f,-0.49519064462043744f,1.0566613402966791f,0f,0f,0f,1f], start_interpolation: 0, interpolation_duration: 1 }
$data merge entity $(bone_leftpointerfinger) { transformation: [-0.8239648593236644f,0.4809991648385283f,0.2995358309524461f,0.35757629240107475f,0.040549695916231566f,0.5773137887709576f,-0.8155148750672936f,2.3527663032742647f,-0.5651881392605786f,-0.6598095124500408f,-0.49519064462043744f,1.3117667278343916f,0f,0f,0f,1f], start_interpolation: 0, interpolation_duration: 1 }
$data merge entity $(bone_leftmidfinger) { transformation: [-0.8239648593236644f,0.4809991648385283f,0.2995358309524461f,0.4043787659873945f,0.040549695916231566f,0.5773137887709576f,-0.8155148750672936f,2.225342104045f,-0.5651881392605786f,-0.6598095124500408f,-0.49519064462043744f,1.2343931896124483f,0f,0f,0f,1f], start_interpolation: 0, interpolation_duration: 1 }
$data merge entity $(bone_leftringfinger) { transformation: [-0.8239648593236644f,0.4809991648385283f,0.2995358309524461f,0.45118123957371414f,0.040549695916231566f,0.5773137887709576f,-0.8155148750672936f,2.0979179048157355f,-0.5651881392605786f,-0.6598095124500408f,-0.49519064462043744f,1.157019651390505f,0f,0f,0f,1f], start_interpolation: 0, interpolation_duration: 1 }
$data merge entity $(bone_invisibility) { transformation: [0.5052750856248965f,-0.25647416721082683f,0.8239648593236643f,0.2463316702148378f,0.5040401308506322f,0.8627278068157875f,-0.040549695916231705f,2.4489979067512344f,-0.7004574464868161f,0.43580010658595986f,0.5651881392605784f,1.1491019939431986f,0f,0f,0f,1f], start_interpolation: 0, interpolation_duration: 1 }
$data merge entity $(bone_swiftness) { transformation: [0.29953583095244596f,0.4809991648385283f,0.8239648593236645f,0.19444456997461623f,-0.8155148750672936f,0.5773137887709576f,-0.04054969591623175f,2.220022793387461f,-0.49519064462043755f,-0.6598095124500408f,0.5651881392605785f,1.1161663258424985f,0f,0f,0f,1f], start_interpolation: 0, interpolation_duration: 1 }
$data merge entity $(bone_suspicious_stew) { transformation: [0.000005625226008574622f,-6.819262514590849e-7f,0.000008239648593236646f,0.27994780266661545f,0.000001785725034021272f,0.000009830908316070286f,-4.0549695916231513e-7f,2.2690272838274783f,-0.000008072671085540733f,0.000001699475880555863f,0.000005651881392605787f,1.0871823189729624f,0f,0f,0f,1f], start_interpolation: 0, interpolation_duration: 1 }
$data merge entity $(bone_log) { transformation: [-0.44191175625515466f,0.25797117836497513f,0.16064811941882404f,0.27763518776418f,0.021747756758295673f,0.309626979135376f,-0.437379830723614f,2.3003707076335105f,-0.30312370777588576f,-0.353871378301243f,-0.26558240314394294f,0.9028280423944007f,0f,0f,0f,1f], start_interpolation: 0, interpolation_duration: 1 }
$data merge entity $(bone_planks) { transformation: [-0.44191175625515466f,0.25797117836497513f,0.16064811941882404f,0.1947767334663385f,0.021747756758295673f,0.309626979135376f,-0.437379830723614f,2.304448412025691f,-0.30312370777588576f,-0.353871378301243f,-0.26558240314394294f,0.8459923471864221f,0f,0f,0f,1f], start_interpolation: 0, interpolation_duration: 1 }
$data merge entity $(bone_lefthand) { transformation: [-0.8239648593236644f,0.4809991648385283f,0.2995358309524461f,0.5937472461090181f,0.040549695916231566f,0.5773137887709576f,-0.8155148750672936f,2.46644164470675f,-0.5651881392605786f,-0.6598095124500408f,-0.49519064462043744f,0.920327044741468f,0f,0f,0f,1f], start_interpolation: 0, interpolation_duration: 1 }
$data merge entity $(bone_leftforearm) { transformation: [-0.8239648593236644f,0.4809991648385283f,0.2995358309524461f,0.8757717328197473f,0.040549695916231566f,0.5773137887709576f,-0.8155148750672936f,2.8876421783540205f,-0.5651881392605786f,-0.6598095124500408f,-0.49519064462043744f,0.42881157641844114f,0f,0f,0f,1f], start_interpolation: 0, interpolation_duration: 1 }
$data merge entity $(bone_leftelbow) { transformation: [-0.8239648593236644f,0.4809991648385283f,0.2995358309524461f,0.9659590762269713f,0.040549695916231566f,0.5773137887709576f,-0.8155148750672936f,2.995888513748575f,-0.5651881392605786f,-0.6598095124500408f,-0.49519064462043744f,0.3050972928340585f,0f,0f,0f,1f], start_interpolation: 0, interpolation_duration: 1 }
$data merge entity $(bone_leftarm) { transformation: [-0.9995851311472049f,0.007144221989814121f,0.027902073069673777f,0.75f,0.006933624835505284f,0.9999467976242753f,-0.0076371963178283875f,3.4976173053784114f,-0.027955150438973186f,-0.007440565376155478f,-0.9995814861985077f,0.32649874243115873f,0f,0f,0f,1f], start_interpolation: 0, interpolation_duration: 1 }
$data merge entity $(bone_rightthumb2) { transformation: [-0.8360697772834124f,-0.5254907253459234f,-0.1576287571754612f,-0.1746774246483179f,-0.20865762613947336f,0.5702999932723415f,-0.7944934944525393f,2.504862420980568f,0.5073946418391753f,-0.6313615566765073f,-0.5864582356689283f,1.3945799843678348f,0f,0f,0f,1f], start_interpolation: 0, interpolation_duration: 1 }
$data merge entity $(bone_rightthumb) { transformation: [-0.8360697772834124f,-0.5254907253459234f,-0.1576287571754612f,-0.3170206433752875f,-0.20865762613947336f,0.5702999932723415f,-0.7944934944525393f,2.5768287892784825f,0.5073946418391753f,-0.6313615566765073f,-0.5864582356689283f,1.189626043129919f,0f,0f,0f,1f], start_interpolation: 0, interpolation_duration: 1 }
$data merge entity $(bone_rightpointerfinger) { transformation: [-0.8360697772834124f,-0.5254907253459234f,-0.1576287571754612f,-0.24342797900412935f,-0.20865762613947336f,0.5702999932723415f,-0.7944934944525393f,2.329635293574528f,0.5073946418391753f,-0.6313615566765073f,-0.5864582356689283f,1.4247976130685769f,0f,0f,0f,1f], start_interpolation: 0, interpolation_duration: 1 }
$data merge entity $(bone_rightmidfinger) { transformation: [-0.8360697772834124f,-0.5254907253459234f,-0.1576287571754612f,-0.26805747231279514f,-0.20865762613947336f,0.5702999932723415f,-0.7944934944525393f,2.2054956850663188f,0.5073946418391753f,-0.6313615566765073f,-0.5864582356689283f,1.3331635137453068f,0f,0f,0f,1f], start_interpolation: 0, interpolation_duration: 1 }
$data merge entity $(bone_rightringfinger) { transformation: [-0.8360697772834124f,-0.5254907253459234f,-0.1576287571754612f,-0.29268696562146096f,-0.20865762613947336f,0.5702999932723415f,-0.7944934944525393f,2.081356076558109f,0.5073946418391753f,-0.6313615566765073f,-0.5864582356689283f,1.2415294144220368f,0f,0f,0f,1f], start_interpolation: 0, interpolation_duration: 1 }
$data merge entity $(bone_hugeasssword) { transformation: [-3.274606627693365f,-2.058172007604867f,-0.6173792989372231f,-0.1502537919769129f,-0.8172423690462707f,2.2336749736500043f,-3.111766186605779f,2.3891765139938816f,1.9872956805367699f,-2.4728327636496537f,-2.296961423036636f,1.0793049057391872f,0f,0f,0f,1f], start_interpolation: 0, interpolation_duration: 1 }
$data merge entity $(bone_ice) { transformation: [-0.8360697772834124f,-0.5254907253459234f,-0.1576287571754612f,-0.1289794091233295f,-0.20865762613947336f,0.5702999932723415f,-0.7944934944525393f,2.3835258520074305f,0.5073946418391753f,-0.6313615566765073f,-0.5864582356689283f,1.0812418887835207f,0f,0f,0f,1f], start_interpolation: 0, interpolation_duration: 1 }
$data merge entity $(bone_righthand) { transformation: [-0.8360697772834124f,-0.5254907253459234f,-0.1576287571754612f,-0.4742954334423966f,-0.20865762613947336f,0.5702999932723415f,-0.7944934944525393f,2.4491085220890056f,0.5073946418391753f,-0.6313615566765073f,-0.5864582356689283f,1.0319233402095336f,0f,0f,0f,1f], start_interpolation: 0, interpolation_duration: 1 }
$data merge entity $(bone_rightforearm) { transformation: [-0.8360697772834124f,-0.5254907253459234f,-0.1576287571754612f,-0.7890637892901692f,-0.20865762613947336f,0.5702999932723415f,-0.7944934944525393f,2.8755557673431587f,0.5073946418391753f,-0.6313615566765073f,-0.5864582356689283f,0.5654484904887429f,0f,0f,0f,1f], start_interpolation: 0, interpolation_duration: 1 }
$data merge entity $(bone_rightelbow) { transformation: [-0.8360697772834124f,-0.5254907253459234f,-0.1576287571754612f,-0.8875933002925298f,-0.20865762613947336f,0.5702999932723415f,-0.7944934944525393f,2.9824870160817225f,0.5073946418391753f,-0.6313615566765073f,-0.5864582356689283f,0.44706819861189784f,0f,0f,0f,1f], start_interpolation: 0, interpolation_duration: 1 }
$data merge entity $(bone_rightarm) { transformation: [-0.9876397206354214f,-0.15588075125987216f,0.01640041492903962f,-0.75f,-0.1539274859370513f,0.944850084511093f,-0.2890755037572007f,3.4976173053784114f,0.02956537326477835f,-0.28802692441165695f,-0.957165805656301f,0.3264987424311585f,0f,0f,0f,1f], start_interpolation: 0, interpolation_duration: 1 }
$data merge entity $(bone_chest) { transformation: [-1.0833333333333333f,-3.1885119266377714e-17f,1.2878154611070746e-16f,-0.0023231250000000222f,0f,1.051581126904265f,0.2603617572721978f,3.3684684537007756f,-1.3267006990762992e-16f,0.2603617572721978f,-1.051581126904265f,0.18112979183086958f,0f,0f,0f,1f], start_interpolation: 0, interpolation_duration: 1 }
$data merge entity $(bone_chest1lid) { transformation: [-1f,-2.943241778434866e-17f,1.1887527333296075e-16f,-0.3437500000000001f,0f,0.9706902709885524f,0.24033392978972104f,2.611003471478461f,-1.2246467991473532e-16f,0.24033392978972104f,-0.9706902709885524f,0.39672362788661186f,0f,0f,0f,1f], start_interpolation: 0, interpolation_duration: 1 }
$data merge entity $(bone_chest1) { transformation: [-1f,-2.943241778434866e-17f,1.1887527333296075e-16f,-0.3437500000000001f,0f,0.9706902709885524f,0.24033392978972104f,2.4593331166364996f,-1.2246467991473532e-16f,0.24033392978972104f,-0.9706902709885524f,0.35917145135696793f,0f,0f,0f,1f], start_interpolation: 0, interpolation_duration: 1 }
$data merge entity $(bone_chest1lid3) { transformation: [-1f,-2.943241778434866e-17f,1.1887527333296075e-16f,-0.28125f,0f,0.9706902709885524f,0.24033392978972104f,2.764967395250001f,-1.2246467991473532e-16f,0.24033392978972104f,-0.9706902709885524f,-0.2251248269654296f,0f,0f,0f,1f], start_interpolation: 0, interpolation_duration: 1 }
$data merge entity $(bone_chest3) { transformation: [-1f,-2.943241778434866e-17f,1.1887527333296075e-16f,-0.28125f,0f,0.9706902709885524f,0.24033392978972104f,2.61329704040804f,-1.2246467991473532e-16f,0.24033392978972104f,-0.9706902709885524f,-0.2626770034950735f,0f,0f,0f,1f], start_interpolation: 0, interpolation_duration: 1 }
$data merge entity $(bone_hugeasssword2) { transformation: [-1.3352695231771355e-15f,2.887669569172986f,-2.646061646494669f,-1.234375f,-0.9413078916764073f,2.5685062966883256f,2.803032756625922f,4.558432800038109f,3.8018702280384975f,0.6359383939679241f,0.6940049754935331f,0.20282382060017237f,0f,0f,0f,1f], start_interpolation: 0, interpolation_duration: 1 }
$data merge entity $(bone_belt) { transformation: [-1f,-2.943241778434866e-17f,1.1887527333296075e-16f,0.029705624999999975f,0f,0.9706902709885524f,0.24033392978972104f,2.9503530858136062f,-1.2246467991473532e-16f,0.24033392978972104f,-0.9706902709885524f,0.212463360775809f,0f,0f,0f,1f], start_interpolation: 0, interpolation_duration: 1 }
$data merge entity $(bone_torn_part) { transformation: [-1f,-6.381667985131385e-17f,1.0452286448128701e-16f,-0.09375000000000001f,0f,0.8534939588627504f,0.5211027366890233f,2.674842171578856f,-1.2246467991473532e-16f,0.5211027366890233f,-0.8534939588627504f,0.1388840246552776f,0f,0f,0f,1f], start_interpolation: 0, interpolation_duration: 1 }
$data merge entity $(bone_lowerbody) { transformation: [-1f,-2.943241778434866e-17f,1.1887527333296075e-16f,0.0039062499999999805f,0f,0.9706902709885524f,0.24033392978972104f,2.167075353821047f,-1.2246467991473532e-16f,0.24033392978972104f,-0.9706902709885524f,0.15803679235790558f,0f,0f,0f,1f], start_interpolation: 0, interpolation_duration: 1 }
$data merge entity $(bone_leftfoot) { transformation: [-0.9961946980917455f,0.0020669116688478255f,-0.08713123073874907f,0.26860438702349315f,-1.734723475976807e-18f,0.9997187562387029f,0.023715151792488953f,0.16864972823953472f,0.08715574274765805f,0.023624908480118445f,-0.9959145245478701f,-0.15974262982993587f,0f,0f,0f,1f], start_interpolation: 0, interpolation_duration: 1 }
$data merge entity $(bone_leftlowerleg) { transformation: [-0.9961946980917455f,0.02641553079018571f,-0.08305626542873631f,0.3106703483058195f,-1.734723475976807e-18f,0.9529637727855644f,0.30308422551875414f,1.1792763484160502f,0.08715574274765805f,0.30193089853702576f,-0.9493374579224861f,0.32107350779298865f,0f,0f,0f,1f], start_interpolation: 0, interpolation_duration: 1 }
$data merge entity $(bone_leftleg) { transformation: [-0.9961946980917455f,-0.02980901962620912f,-0.08189960831908923f,0.25f,-1.734723475976807e-18f,0.9396926207859084f,-0.3420201433256687f,2.186606603821047f,0.08715574274765805f,-0.34071865342161006f,-0.9361168066628591f,-0.01383820764209438f,0f,0f,0f,1f], start_interpolation: 0, interpolation_duration: 1 }
$data merge entity $(bone_rightfoot) { transformation: [-0.9990498496529178f,0.042096956514689476f,0.011280255346526971f,-0.36467947301976567f,0.041565313111182715f,0.9981744542796269f,-0.04381875819256123f,0.14409528212188838f,-0.013104299082814352f,-0.04330825643880337f,-0.9989758116540053f,-0.13418896665039465f,0f,0f,0f,1f], start_interpolation: 0, interpolation_duration: 1 }
$data merge entity $(bone_rightlowerleg) { transformation: [-0.9990498496529178f,0.03672730349873986f,0.023462802181196472f,-0.32754007760623244f,0.041565313111182715f,0.964829410562364f,0.25956990052748874f,1.1745711298667771f,-0.013104299082814352f,0.26029850881553757f,-0.9654392594326975f,0.3029152099819163f,0f,0f,0f,1f], start_interpolation: 0, interpolation_duration: 1 }
$data merge entity $(bone_rightleg) { transformation: [-0.9990498496529178f,0.04357111849243491f,-0.0009775181843340015f,-0.25f,0.041565313111182715f,0.9458348442755371f,-0.3219763533246498f,2.186606603821047f,-0.013104299082814352f,-0.32171105823018986f,-0.9467472061527087f,-0.013838207642094442f,0f,0f,0f,1f], start_interpolation: 0, interpolation_duration: 1 }
data modify entity @s data merge value {"locators":{"lefthand":{"posx":0.3118551332356854,"posy":2.270604027830264,"posz":1.040779040432478,"roty":31.169320971775505,"rotx":-54.63830342068347},"righthand":{"posx":-0.19668720882925278,"posy":2.3674672230127953,"posz":1.1478385707113408,"roty":344.9555494730212,"rotx":-52.607441070479375},"chest":{"posx":-0.3750000000000001,"posy":2.5127831530120326,"posz":0.5333731121167156,"roty":0,"rotx":13.906250000000005},"sack":{"posx":0,"posy":-0.4375,"posz":0,"roty":0,"rotx":0}},"cameras":{}}