# This file was generated by Animated Java via MC-Build. It is not recommended to edit this file directly.
$data merge entity $(bone_nose) { transformation: [-0.9951871316766241f,0.002760537511892678f,-0.09795382778584581f,0.0035381665391737635f,0.013067810575974843f,0.9944136538301256f,-0.10474119248399667f,4.078631171639643f,0.09711748180427737f,-0.10551712898323491f,-0.9896637460365673f,-0.007456687075434454f,0f,0f,0f,1f], start_interpolation: 0, interpolation_duration: 1 }
$data merge entity $(bone_glowing_eye) { transformation: [-0.9951871316766241f,0.002760537511892678f,-0.09795382778584581f,-0.11725515405975238f,0.013067810575974843f,0.9944136538301256f,-0.10474119248399667f,4.15124954131185f,0.09711748180427737f,-0.10551712898323491f,-0.9896637460365673f,0.032073566149049465f,0f,0f,0f,1f], start_interpolation: 0, interpolation_duration: 1 }
$data merge entity $(bone_head) { transformation: [-0.9951871316766241f,0.002760537511892678f,-0.09795382778584581f,-0.015145040028153579f,0.013067810575974843f,0.9944136538301256f,-0.10474119248399667f,3.9362307692087763f,0.09711748180427737f,-0.10551712898323491f,-0.9896637460365673f,-0.17974724649369012f,0f,0f,0f,1f], start_interpolation: 0, interpolation_duration: 1 }
$data merge entity $(bone_leftthumb2) { transformation: [-0.9772442584517824f,0.16899531705437434f,0.1281961081184508f,0.7039558842435486f,-0.2035737237417025f,-0.9170138534291087f,-0.34299173695736995f,4.774183636740678f,0.05959360976617398f,-0.36128406473686087f,0.9305495291720093f,0.5056931496574468f,0f,0f,0f,1f], start_interpolation: 0, interpolation_duration: 1 }
$data merge entity $(bone_leftthumb) { transformation: [-0.9772442584517824f,0.16899531705437434f,0.1281961081184508f,0.7563560371957885f,-0.2035737237417025f,-0.9170138534291087f,-0.34299173695736995f,4.519981650430055f,0.05959360976617398f,-0.36128406473686087f,0.9305495291720093f,0.49661337880043416f,0f,0f,0f,1f], start_interpolation: 0, interpolation_duration: 1 }
$data merge entity $(bone_leftpointerfinger) { transformation: [-0.9772442584517824f,0.16899531705437434f,0.1281961081184508f,0.8137997321235381f,-0.2035737237417025f,-0.9170138534291087f,-0.34299173695736995f,4.827064959450854f,0.05959360976617398f,-0.36128406473686087f,0.9305495291720093f,0.6522611706539794f,0f,0f,0f,1f], start_interpolation: 0, interpolation_duration: 1 }
$data merge entity $(bone_leftmidfinger) { transformation: [-0.9772442584517824f,0.16899531705437434f,0.1281961081184508f,0.833830374017046f,-0.2035737237417025f,-0.9170138534291087f,-0.34299173695736995f,4.773472500551264f,0.05959360976617398f,-0.36128406473686087f,0.9305495291720093f,0.7976595345871058f,0f,0f,0f,1f], start_interpolation: 0, interpolation_duration: 1 }
$data merge entity $(bone_leftringfinger) { transformation: [-0.9772442584517824f,0.16899531705437434f,0.1281961081184508f,0.8538610159105539f,-0.2035737237417025f,-0.9170138534291087f,-0.34299173695736995f,4.719880041651676f,0.05959360976617398f,-0.36128406473686087f,0.9305495291720093f,0.9430578985202323f,0f,0f,0f,1f], start_interpolation: 0, interpolation_duration: 1 }
$data merge entity $(bone_invisibility) { transformation: [0.17952526587232367f,-0.1129793708448468f,0.9772442584517822f,0.6450441680879493f,-0.943418038453588f,0.2617635263407043f,0.2035737237417023f,4.699314987810394f,-0.27880653441742564f,-0.9584964882779596f,-0.059593609766173776f,0.5948398551179175f,0f,0f,0f,1f], start_interpolation: 0, interpolation_duration: 1 }
$data merge entity $(bone_swiftness) { transformation: [0.12819610811845059f,0.16899531705437434f,0.9772442584517824f,0.5952981857665448f,-0.34299173695737f,-0.9170138534291087f,0.2035737237417024f,4.74858043179361f,0.9305495291720093f,-0.36128406473686087f,-0.05959360976617377f,0.8213456722982855f,0f,0f,0f,1f], start_interpolation: 0, interpolation_duration: 1 }
$data merge entity $(bone_suspicious_stew) { transformation: [0.21108006498545087f,-0.04557214902321392f,0.9948731180703551f,0.6611592828732351f,-0.9936587084848263f,-0.07807417000944672f,0.207246063145935f,4.6779890615103765f,0.06702024229955261f,-1.0140176225641386f,-0.060668640263049245f,0.7862530823722096f,0f,0f,0f,1f], start_interpolation: 0, interpolation_duration: 1 }
$data merge entity $(bone_log) { transformation: [-0.00000981136176656371f,0.0000016966834833109542f,0.000001287066547526506f,0.5962003362028044f,-0.0000020438446504261476f,-0.000009206659013988506f,-0.0000034435771662268175f,4.527021287656501f,5.983094393592758e-7f,-0.0000036272289440141655f,0.000009342554835652267f,0.7910001925686476f,0f,0f,0f,1f], start_interpolation: 0, interpolation_duration: 1 }
$data merge entity $(bone_planks) { transformation: [-0.00000981136176656371f,0.0000016966834833109542f,0.000001287066547526506f,0.5042188196412696f,-0.0000020438446504261476f,-0.000009206659013988506f,-0.0000034435771662268175f,4.507860244058755f,5.983094393592758e-7f,-0.0000036272289440141655f,0.000009342554835652267f,0.7966093435626409f,0f,0f,0f,1f], start_interpolation: 0, interpolation_duration: 1 }
$data merge entity $(bone_lefthand) { transformation: [-0.9772442584517824f,0.16899531705437434f,0.1281961081184508f,0.8792300063410673f,-0.2035737237417025f,-0.9170138534291087f,-0.34299173695736995f,4.3605580149191425f,0.05959360976617398f,-0.36128406473686087f,0.9305495291720093f,0.6559998929632347f,0f,0f,0f,1f], start_interpolation: 0, interpolation_duration: 1 }
$data merge entity $(bone_leftforearm) { transformation: [-0.9772442584517824f,0.16899531705437434f,0.1281961081184508f,0.934974008302337f,-0.2035737237417025f,-0.9170138534291087f,-0.34299173695736995f,3.7084185373829035f,0.05959360976617398f,-0.36128406473686087f,0.9305495291720093f,0.3911567991622026f,0f,0f,0f,1f], start_interpolation: 0, interpolation_duration: 1 }
$data merge entity $(bone_leftelbow) { transformation: [-0.9772442584517824f,0.16899531705437434f,0.1281961081184508f,0.9666606302500322f,-0.2035737237417025f,-0.9170138534291087f,-0.34299173695736995f,3.5364784398649456f,0.05959360976617398f,-0.36128406473686087f,0.9305495291720093f,0.32341603702404115f,0f,0f,0f,1f], start_interpolation: 0, interpolation_duration: 1 }
$data merge entity $(bone_leftarm) { transformation: [-0.9991577120903967f,-0.030414856235510185f,-0.027546377084059416f,0.7337482768963797f,0.03480866738809833f,-0.2727098843137449f,-0.961466419419965f,3.4377837193060934f,0.021730693614072386f,-0.9616154405570642f,0.27353888468971677f,-0.16118618417296626f,0f,0f,0f,1f], start_interpolation: 0, interpolation_duration: 1 }
$data merge entity $(bone_rightthumb2) { transformation: [-0.9901067370867085f,-0.07679177938572182f,-0.11743794869754043f,-0.8311098797894015f,-0.021924989856075636f,0.911339702081192f,-0.41107084818845424f,1.941557323236316f,0.13859272706503212f,-0.4044291903774242f,-0.9040072377892439f,0.788677494492215f,0f,0f,0f,1f], start_interpolation: 0, interpolation_duration: 1 }
$data merge entity $(bone_rightthumb) { transformation: [-0.9901067370867085f,-0.07679177938572182f,-0.11743794869754043f,-0.8599784412462245f,-0.021924989856075636f,0.911339702081192f,-0.41107084818845424f,2.129927463114898f,0.13859272706503212f,-0.4044291903774242f,-0.9040072377892439f,0.6122400702477052f,0f,0f,0f,1f], start_interpolation: 0, interpolation_duration: 1 }
$data merge entity $(bone_rightpointerfinger) { transformation: [-0.9901067370867085f,-0.07679177938572182f,-0.11743794869754043f,-0.9485789668493405f,-0.021924989856075636f,0.911339702081192f,-0.41107084818845424f,1.8092271315951647f,0.13859272706503212f,-0.4044291903774242f,-0.9040072377892439f,0.7177266385916647f,0f,0f,0f,1f], start_interpolation: 0, interpolation_duration: 1 }
$data merge entity $(bone_rightmidfinger) { transformation: [-0.9901067370867085f,-0.07679177938572182f,-0.11743794869754043f,-0.9669286463333312f,-0.021924989856075636f,0.911339702081192f,-0.41107084818845424f,1.7449973115657187f,0.13859272706503212f,-0.4044291903774242f,-0.9040072377892439f,0.5764755076870953f,0f,0f,0f,1f], start_interpolation: 0, interpolation_duration: 1 }
$data merge entity $(bone_rightringfinger) { transformation: [-0.9901067370867085f,-0.07679177938572182f,-0.11743794869754043f,-0.9852783258173219f,-0.021924989856075636f,0.911339702081192f,-0.41107084818845424f,1.6807674915362727f,0.13859272706503212f,-0.4044291903774242f,-0.9040072377892439f,0.435224376782526f,0f,0f,0f,1f], start_interpolation: 0, interpolation_duration: 1 }
$data merge entity $(bone_hugeasssword) { transformation: [-3.8779180535896085f,-0.30076780259407715f,-0.4599652990653667f,-0.7176949065339999f,-0.08587287693629625f,3.5694138331513354f,-1.6100274887381125f,1.9423599959844258f,0.5428215143380425f,-1.584014328978245f,-3.540695014674539f,0.4716372483554888f,0f,0f,0f,1f], start_interpolation: 0, interpolation_duration: 1 }
$data merge entity $(bone_ice) { transformation: [-0.9901067370867085f,-0.07679177938572182f,-0.11743794869754043f,-0.7010246172141181f,-0.021924989856075636f,0.911339702081192f,-0.41107084818845424f,1.9284628911059083f,0.13859272706503212f,-0.4044291903774242f,-0.9040072377892439f,0.4757909430947449f,0f,0f,0f,1f], start_interpolation: 0, interpolation_duration: 1 }
$data merge entity $(bone_righthand) { transformation: [-0.9901067370867085f,-0.07679177938572182f,-0.11743794869754043f,-0.9714191822290239f,-0.021924989856075636f,0.911339702081192f,-0.41107084818845424f,2.137970605156298f,0.13859272706503212f,-0.4044291903774242f,-0.9040072377892439f,0.381081601085733f,0f,0f,0f,1f], start_interpolation: 0, interpolation_duration: 1 }
$data merge entity $(bone_rightforearm) { transformation: [-0.9901067370867085f,-0.07679177938572182f,-0.11743794869754043f,-0.9616967630932912f,-0.021924989856075636f,0.911339702081192f,-0.41107084818845424f,2.7865496270510857f,0.13859272706503212f,-0.4044291903774242f,-0.9040072377892439f,0.10218039425049907f,0f,0f,0f,1f], start_interpolation: 0, interpolation_duration: 1 }
$data merge entity $(bone_rightelbow) { transformation: [-0.9901067370867085f,-0.07679177938572182f,-0.11743794869754043f,-0.976095221728114f,-0.021924989856075636f,0.911339702081192f,-0.41107084818845424f,2.957425821191309f,0.13859272706503212f,-0.4044291903774242f,-0.9040072377892439f,0.026349921054732037f,0f,0f,0f,1f], start_interpolation: 0, interpolation_duration: 1 }
$data merge entity $(bone_rightarm) { transformation: [-0.9954917596257997f,-0.0073124033803827395f,-0.09456577221136404f,-0.7590324206185566f,0.0026063298219243074f,0.994538213033058f,-0.10434054754442795f,3.4573854351700555f,0.09481225428175608f,-0.10411662486756976f,-0.990035537172377f,-0.015509961466550204f,0f,0f,0f,1f], start_interpolation: 0, interpolation_duration: 1 }
$data merge entity $(bone_chest) { transformation: [-1.078119392649676f,0.0006112586520704275f,-0.10615701892322035f,-0.025830282306708266f,0.014156794790639412f,1.074467414148769f,-0.1375880525511747f,3.2746469086429437f,0.10521060528796715f,-0.138313099185975f,-1.0693041317789906f,-0.17630026713104074f,0f,0f,0f,1f], start_interpolation: 0, interpolation_duration: 1 }
$data merge entity $(bone_chest1lid) { transformation: [-0.9951871316766241f,0.0005642387557573177f,-0.09799109439066495f,-0.32765372952772365f,0.013067810575974843f,0.9918160745988636f,-0.12700435620108436f,2.65095179936233f,0.09711748180427737f,-0.1276736300178231f,-0.9870499677959914f,0.33036849032062293f,0f,0f,0f,1f], start_interpolation: 0, interpolation_duration: 1 }
$data merge entity $(bone_chest1) { transformation: [-0.9951871316766241f,0.0005642387557573177f,-0.09799109439066495f,-0.3277418918333107f,0.013067810575974843f,0.9918160745988636f,-0.12700435620108436f,2.4959805377062576f,0.09711748180427737f,-0.1276736300178231f,-0.9870499677959914f,0.3503174950109078f,0f,0f,0f,1f], start_interpolation: 0, interpolation_duration: 1 }
$data merge entity $(bone_chest1lid3) { transformation: [-0.9951871316766241f,0.0005642387557573177f,-0.09799109439066495f,-0.3282300786419544f,0.013067810575974843f,0.9918160745988636f,-0.12700435620108436f,2.568772895510012f,0.09711748180427737f,-0.1276736300178231f,-0.9870499677959914f,-0.3080302379114514f,0f,0f,0f,1f], start_interpolation: 0, interpolation_duration: 1 }
$data merge entity $(bone_chest3) { transformation: [-0.9951871316766241f,0.0005642387557573177f,-0.09799109439066495f,-0.3283182409475415f,0.013067810575974843f,0.9918160745988636f,-0.12700435620108436f,2.4138016338539394f,0.09711748180427737f,-0.1276736300178231f,-0.9870499677959914f,-0.2880812332211665f,0f,0f,0f,1f], start_interpolation: 0, interpolation_duration: 1 }
$data merge entity $(bone_hugeasssword2) { transformation: [0.3837984530301035f,2.8752646063062115f,-2.6316971651298067f,-1.2772586091651634f,0.4974337284542473f,2.5866709564369894f,2.898615329204487f,4.4079045969412505f,3.8659457072009666f,-0.6182754924998349f,-0.11170041238187697f,-0.46628604915892313f,0f,0f,0f,1f], start_interpolation: 0, interpolation_duration: 1 }
$data merge entity $(bone_belt) { transformation: [-0.9951871316766241f,0.0005642387557573177f,-0.09799109439066495f,0.018646843546872613f,0.013067810575974843f,0.9918160745988636f,-0.12700435620108436f,2.8957834537476055f,0.09711748180427737f,-0.1276736300178231f,-0.9870499677959914f,0.0006527267780347679f,0f,0f,0f,1f], start_interpolation: 0, interpolation_duration: 1 }
$data merge entity $(bone_torn_part) { transformation: [-0.9951871316766241f,0.032843950628432046f,-0.09232468712305948f,-0.10531221805415875f,0.013067810575974843f,0.9782246929760691f,0.20713686870913614f,2.6110935615853528f,0.09711748180427737f,0.2049334647123124f,-0.9739458248634794f,0.039918938718125685f,0f,0f,0f,1f], start_interpolation: 0, interpolation_duration: 1 }
$data merge entity $(bone_lowerbody) { transformation: [-0.9951871316766241f,0.003561263588552057f,-0.09792798551438991f,0.003906249999999973f,0.013067810575974843f,0.9952367290437495f,-0.09660789558337772f,2.137447459421812f,0.09711748180427737f,-0.09742263886772533f,-0.9904933236342609f,0.21729258115637617f,0f,0f,0f,1f], start_interpolation: 0, interpolation_duration: 1 }
$data merge entity $(bone_leftfoot) { transformation: [-0.9961946980917455f,0.00015913311988359838f,-0.08715559747110972f,0.26146898884212516f,-1.734723475976807e-18f,0.999998333138543f,0.0018258477854331545f,0.18236646150161617f,0.08715574274765805f,0.0018188998833711945f,-0.9961930375731997f,-0.18204481544552986f,0f,0f,0f,1f], start_interpolation: 0, interpolation_duration: 1 }
$data merge entity $(bone_leftlowerleg) { transformation: [-0.9961946980917455f,0.03318913356151859f,-0.0805891115928922f,0.3106703483058195f,-1.734723475976807e-18f,0.9246563571401345f,0.38080260135710225f,1.149648454016815f,0.08715574274765805f,0.3793535324914899f,-0.9211377605398294f,0.3803292965914592f,0f,0f,0f,1f], start_interpolation: 0, interpolation_duration: 1 }
$data merge entity $(bone_leftleg) { transformation: [-0.9961946980917455f,-0.02980901962620912f,-0.08189960831908923f,0.25f,-1.734723475976807e-18f,0.9396926207859084f,-0.3420201433256687f,2.156978709421812f,0.08715574274765805f,-0.34071865342161006f,-0.9361168066628591f,0.0454175811563762f,0f,0f,0f,1f], start_interpolation: 0, interpolation_duration: 1 }
$data merge entity $(bone_rightfoot) { transformation: [-0.9990516389097747f,0.04205721796416533f,0.011270013700428202f,-0.3632523843591596f,0.04152656553578633f,0.9981777831394788f,-0.04377964825758418f,0.14017272824516347f,-0.013090727500608681f,-0.04327012438011285f,-0.9989776419868638f,-0.09636564256083668f,0f,0f,0f,1f], start_interpolation: 0, interpolation_duration: 1 }
$data merge entity $(bone_rightlowerleg) { transformation: [-0.9990516389097747f,0.035691678285494195f,0.02493846211894255f,-0.3274886143599932f,0.04152656553578633f,0.9532588283804211f,0.2992877385887851f,1.1517099893293825f,-0.013090727500608681f,0.30003951442427f,-0.9538369476160762f,0.3830435677181522f,0f,0f,0f,1f], start_interpolation: 0, interpolation_duration: 1 }
$data merge entity $(bone_rightleg) { transformation: [-0.9990516389097747f,0.04350060033113949f,-0.0018763162109881831f,-0.25f,0.04152656553578633f,0.9389880982794419f,-0.3414335889222958f,2.156978709421812f,-0.013090727500608681f,-0.34118770355976735f,-0.9399040290333461f,0.04541758115637615f,0f,0f,0f,1f], start_interpolation: 0, interpolation_duration: 1 }
data modify entity @s data merge value {"locators":{"lefthand":{"posx":0.6730870667388604,"posy":4.624285545350969,"posz":0.7983975646242945,"roty":172.15608568741555,"rotx":-20.05925203821709},"righthand":{"posx":-0.7908122843146961,"posy":1.918590722464827,"posz":0.5092283304471958,"roty":352.5982605433712,"rotx":-24.27212157818476},"chest":{"posx":-0.34347748381631155,"posy":2.6092160944368197,"posz":0.49560957097124425,"roty":354.33043974080806,"rotx":-7.296519594562735},"sack":{"posx":0,"posy":-0.4375,"posz":0,"roty":0,"rotx":0}},"cameras":{}}