# This file was generated by Animated Java via MC-Build. It is not recommended to edit this file directly.
$data merge entity $(bone_nose) { transformation: [-1f,-7.871877887341985e-17f,9.381338752702731e-17f,-6.705969059924752e-17f,0f,0.766044443118978f,0.6427876096865394f,3.990419818403755f,-1.2246467991473532e-16f,0.6427876096865394f,-0.766044443118978f,0.5480086765004774f,0f,0f,0f,1f], start_interpolation: 0, interpolation_duration: 1 }
$data merge entity $(bone_glowing_eye) { transformation: [-1f,-7.871877887341985e-17f,9.381338752702731e-17f,-0.12500000000000008f,0f,0.766044443118978f,0.6427876096865394f,4.019856775931743f,-1.2246467991473532e-16f,0.6427876096865394f,-0.766044443118978f,0.6182622199459986f,0f,0f,0f,1f], start_interpolation: 0, interpolation_duration: 1 }
$data merge entity $(bone_head) { transformation: [-1f,-7.871877887341985e-17f,9.381338752702731e-17f,-3.9772715898768145e-17f,0f,0.766044443118978f,0.6427876096865394f,4.0161962383081615f,-1.2246467991473532e-16f,0.6427876096865394f,-0.766044443118978f,0.32519361897141974f,0f,0f,0f,1f], start_interpolation: 0, interpolation_duration: 1 }
$data merge entity $(bone_leftthumb2) { transformation: [-0.4345368227296437f,0.8746473582744503f,0.2148714693847268f,-0.36912822137693674f,0.2230736815899426f,0.33565743434687334f,-0.9151897176813031f,2.845324715390287f,-0.8725914750179118f,-0.34975146237178156f,-0.3409663213498735f,0.8947876920716374f,0f,0f,0f,1f], start_interpolation: 0, interpolation_duration: 1 }
$data merge entity $(bone_leftthumb) { transformation: [-0.4345368227296437f,0.8746473582744503f,0.2148714693847268f,-0.13626513802036955f,0.2230736815899426f,0.33565743434687334f,-0.9151897176813031f,2.8494323584343504f,-0.8725914750179118f,-0.34975146237178156f,-0.3409663213498735f,0.779875639654169f,0f,0f,0f,1f], start_interpolation: 0, interpolation_duration: 1 }
$data merge entity $(bone_leftpointerfinger) { transformation: [-0.4345368227296437f,0.8746473582744503f,0.2148714693847268f,-0.36565923734070965f,0.2230736815899426f,0.33565743434687334f,-0.9151897176813031f,2.6719965608490712f,-0.8725914750179118f,-0.34975146237178156f,-0.3409663213498735f,0.9740947345117186f,0f,0f,0f,1f], start_interpolation: 0, interpolation_duration: 1 }
$data merge entity $(bone_leftmidfinger) { transformation: [-0.4345368227296437f,0.8746473582744503f,0.2148714693847268f,-0.3320855702493461f,0.2230736815899426f,0.33565743434687334f,-0.9151897176813031f,2.528998167461368f,-0.8725914750179118f,-0.34975146237178156f,-0.3409663213498735f,0.9208187468008009f,0f,0f,0f,1f], start_interpolation: 0, interpolation_duration: 1 }
$data merge entity $(bone_leftringfinger) { transformation: [-0.4345368227296437f,0.8746473582744503f,0.2148714693847268f,-0.29851190315798254f,0.2230736815899426f,0.33565743434687334f,-0.9151897176813031f,2.3859997740736643f,-0.8725914750179118f,-0.34975146237178156f,-0.3409663213498735f,0.8675427590898831f,0f,0f,0f,1f], start_interpolation: 0, interpolation_duration: 1 }
$data merge entity $(bone_invisibility) { transformation: [0.890046343522465f,-0.1378232784195607f,0.4345368227296437f,-0.3581850702095226f,0.2546161168718999f,0.9409616175014704f,-0.2230736815899427f,2.779135086706416f,-0.37813772545378843f,0.309185993076498f,0.8725914750179115f,0.7828849642911302f,0f,0f,0f,1f], start_interpolation: 0, interpolation_duration: 1 }
$data merge entity $(bone_swiftness) { transformation: [0.2148714693847267f,0.8746473582744503f,0.4345368227296438f,-0.4589707173397487f,-0.9151897176813031f,0.33565743434687334f,-0.22307368158994278f,2.5737017082538594f,-0.34096632134987365f,-0.34975146237178156f,0.8725914750179117f,0.7208687382318033f,0f,0f,0f,1f], start_interpolation: 0, interpolation_duration: 1 }
$data merge entity $(bone_suspicious_stew) { transformation: [0.000008835083186042123f,0.0000017490226027465796f,0.0000043453682272964395f,-0.3588957646190012f,-8.256694112411948e-7f,0.00000971298529194457f,-0.000002230736815899426f,2.5918030724061616f,-0.000004610810679160059f,0.0000016120907708780127f,0.00000872591475017912f,0.7353483788367061f,0f,0f,0f,1f], start_interpolation: 0, interpolation_duration: 1 }
$data merge entity $(bone_log) { transformation: [-0.0660495970549058f,0.13294639845771636f,0.03266046334647845f,-0.3957608984993763f,0.03390719960167125f,0.05101993002072472f,-0.139108837087558f,2.7169558640467493f,-0.1326339042027225f,-0.05316222228051077f,-0.05182688084518074f,0.8604785861151633f,0f,0f,0f,1f], start_interpolation: 0, interpolation_duration: 1 }
$data merge entity $(bone_planks) { transformation: [0.00018038123911217534f,-0.00036307619059914757f,-0.00008919562133767767f,-0.4019530482232737f,-0.00009260045407830447f,-0.00013933526632879355f,0.00037990579086271206f,2.720134664009406f,0.0003622227697844169f,0.00014518585966457725f,0.0001415390464593062f,0.848044157596158f,0f,0f,0f,1f], start_interpolation: 0, interpolation_duration: 1 }
$data merge entity $(bone_lefthand) { transformation: [-0.4345368227296437f,0.8746473582744503f,0.2148714693847268f,0.04035073999456085f,0.2230736815899426f,0.33565743434687334f,-0.9151897176813031f,2.6685195081990405f,-0.8725914750179118f,-0.34975146237178156f,-0.3409663213498735f,0.7352063996477449f,0f,0f,0f,1f], start_interpolation: 0, interpolation_duration: 1 }
$data merge entity $(bone_leftforearm) { transformation: [-0.4345368227296437f,0.8746473582744503f,0.2148714693847268f,0.6248212456515446f,0.2230736815899426f,0.33565743434687334f,-0.9151897176813031f,2.9327705861623277f,-0.8725914750179118f,-0.34975146237178156f,-0.3409663213498735f,0.44007803425005837f,0f,0f,0f,1f], start_interpolation: 0, interpolation_duration: 1 }
$data merge entity $(bone_leftelbow) { transformation: [-0.4345368227296437f,0.8746473582744503f,0.2148714693847268f,0.788817625328004f,0.2230736815899426f,0.33565743434687334f,-0.9151897176813031f,2.9957063551023664f,-0.8725914750179118f,-0.34975146237178156f,-0.3409663213498735f,0.37449963505534933f,0f,0f,0f,1f], start_interpolation: 0, interpolation_duration: 1 }
$data merge entity $(bone_leftarm) { transformation: [-0.9423433495090391f,0.3346475710728048f,0.00012170109773074811f,0.75f,0.3200431255390635f,0.9013244307807874f,-0.29186755262083663f,3.5254988652238315f,-0.09778245973216455f,-0.27500049755002565f,-0.9564587376964915f,0.24549880876694086f,0f,0f,0f,1f], start_interpolation: 0, interpolation_duration: 1 }
$data merge entity $(bone_rightthumb2) { transformation: [-0.9991869818022798f,0.031914124525052344f,0.024634610868655264f,-1.0041305645270353f,0.032071373121786075f,0.9994674836659021f,0.0060146588126703815f,1.812390472234639f,-0.024429539965660295f,0.0067998345824812345f,-0.9996784282091502f,0.3478059248406976f,0f,0f,0f,1f], start_interpolation: 0, interpolation_duration: 1 }
$data merge entity $(bone_rightthumb) { transformation: [-0.9991869818022798f,0.031914124525052344f,0.024634610868655264f,-0.994198652584892f,0.032071373121786075f,0.9994674836659021f,0.0060146588126703815f,2.0580163743030577f,-0.024429539965660295f,0.0067998345824812345f,-0.9996784282091502f,0.2640435139946083f,0f,0f,0f,1f], start_interpolation: 0, interpolation_duration: 1 }
$data merge entity $(bone_rightpointerfinger) { transformation: [-0.9991869818022798f,0.031914124525052344f,0.024634610868655264f,-1.112801803444831f,0.032071373121786075f,0.9994674836659021f,0.0060146588126703815f,1.733855849792223f,-0.024429539965660295f,0.0067998345824812345f,-0.9996784282091502f,0.21228041101618364f,0f,0f,0f,1f], start_interpolation: 0, interpolation_duration: 1 }
$data merge entity $(bone_rightmidfinger) { transformation: [-0.9991869818022798f,0.031914124525052344f,0.024634610868655264f,-1.1089526454966037f,0.032071373121786075f,0.9994674836659021f,0.0060146588126703815f,1.7347956402317029f,-0.024429539965660295f,0.0067998345824812345f,-0.9996784282091502f,0.056080656608503913f,0f,0f,0f,1f], start_interpolation: 0, interpolation_duration: 1 }
$data merge entity $(bone_rightringfinger) { transformation: [-0.9991869818022798f,0.031914124525052344f,0.024634610868655264f,-1.1051034875483763f,0.032071373121786075f,0.9994674836659021f,0.0060146588126703815f,1.7357354306711825f,-0.024429539965660295f,0.0067998345824812345f,-0.9996784282091502f,-0.1001190977991758f,0f,0f,0f,1f], start_interpolation: 0, interpolation_duration: 1 }
$data merge entity $(bone_hugeasssword) { transformation: [-3.913482345392263f,0.12499698772312169f,0.09648555923556645f,-0.8374459627060445f,0.1256128780603288f,3.91458097769145f,0.023557413682958998f,1.9291995353219167f,-0.09568236486550283f,0.026632685448051505f,-3.915407177152505f,0.0795709450022169f,0f,0f,0f,1f], start_interpolation: 0, interpolation_duration: 1 }
$data merge entity $(bone_ice) { transformation: [-0.9991869818022798f,0.031914124525052344f,0.024634610868655264f,-0.8223323243110878f,0.032071373121786075f,0.9994674836659021f,0.0060146588126703815f,1.9130817406846092f,-0.024429539965660295f,0.0067998345824812345f,-0.9996784282091502f,0.07984640914882907f,0f,0f,0f,1f], start_interpolation: 0, interpolation_duration: 1 }
$data merge entity $(bone_righthand) { transformation: [-0.9991869818022798f,0.031914124525052344f,0.024634610868655264f,-1.0633807070407493f,0.032071373121786075f,0.9994674836659021f,0.0060146588126703815f,2.171154412969427f,-0.024429539965660295f,0.0067998345824812345f,-0.9996784282091502f,0.04419903192149836f,0f,0f,0f,1f], start_interpolation: 0, interpolation_duration: 1 }
$data merge entity $(bone_rightforearm) { transformation: [-0.9991869818022798f,0.031914124525052344f,0.024634610868655264f,-0.9788768176662521f,0.032071373121786075f,0.9994674836659021f,0.0060146588126703815f,2.871806547557955f,-0.024429539965660295f,0.0067998345824812345f,-0.9996784282091502f,0.06612698730092723f,0f,0f,0f,1f], start_interpolation: 0, interpolation_duration: 1 }
$data merge entity $(bone_rightelbow) { transformation: [-0.9991869818022798f,0.031914124525052344f,0.024634610868655264f,-0.9728929193178049f,0.032071373121786075f,0.9994674836659021f,0.0060146588126703815f,3.0592067007453116f,-0.024429539965660295f,0.0067998345824812345f,-0.9996784282091502f,0.06740195628514245f,0f,0f,0f,1f], start_interpolation: 0, interpolation_duration: 1 }
$data merge entity $(bone_rightarm) { transformation: [-0.9999518164077521f,0.00860247394890073f,0.004728879866919192f,-0.75f,0.00961593269603057f,0.9552658132024124f,0.2955922190537479f,3.5254988652238315f,-0.0019745129077014542f,0.29562344894932124f,-0.9553025058744928f,0.24549880876694066f,0f,0f,0f,1f], start_interpolation: 0, interpolation_duration: 1 }
$data merge entity $(bone_chest) { transformation: [-1.0833333333333333f,-2.871505871194854e-17f,1.295252595151415e-16f,-0.0023231250000000127f,0f,1.057654007713261f,0.23447624843294476f,3.3928213781289096f,-1.3267006990762992e-16f,0.23447624843294476f,-1.057654007713261f,0.1033431120592175f,0f,0f,0f,1f], start_interpolation: 0, interpolation_duration: 1 }
$data merge entity $(bone_chest1lid) { transformation: [-1f,-2.6506208041798655e-17f,1.195617780139768e-16f,-0.3437500000000001f,0f,0.9762960071199334f,0.21643961393810288f,2.640875467796296f,-1.2246467991473532e-16f,0.21643961393810288f,-0.9762960071199334f,0.3374611365091477f,0f,0f,0f,1f], start_interpolation: 0, interpolation_duration: 1 }
$data merge entity $(bone_chest1) { transformation: [-1f,-2.6506208041798655e-17f,1.195617780139768e-16f,-0.3437500000000001f,0f,0.9762960071199334f,0.21643961393810288f,2.4883292166838062f,-1.2246467991473532e-16f,0.21643961393810288f,-0.9762960071199334f,0.30364244683131913f,0f,0f,0f,1f], start_interpolation: 0, interpolation_duration: 1 }
$data merge entity $(bone_chest1lid3) { transformation: [-1f,-2.6506208041798655e-17f,1.195617780139768e-16f,-0.28125f,0f,0.9762960071199334f,0.21643961393810288f,2.779532095475393f,-1.2246467991473532e-16f,0.21643961393810288f,-0.9762960071199334f,-0.28797849305205964f,0f,0f,0f,1f], start_interpolation: 0, interpolation_duration: 1 }
$data merge entity $(bone_chest3) { transformation: [-1f,-2.6506208041798655e-17f,1.195617780139768e-16f,-0.28125f,0f,0.9762960071199334f,0.21643961393810288f,2.6269858443629035f,-1.2246467991473532e-16f,0.21643961393810288f,-0.9762960071199334f,-0.3217971827298882f,0f,0f,0f,1f], start_interpolation: 0, interpolation_duration: 1 }
$data merge entity $(bone_hugeasssword2) { transformation: [-1.3379583331777819e-15f,2.887669569172986f,-2.646061646494669f,-1.234375f,-0.8477218212575695f,2.583339420065942f,2.8192202702653244f,4.582959727570553f,3.823826027886406f,0.5727125612237277f,0.6250060867326077f,0.09582742003506842f,0f,0f,0f,1f], start_interpolation: 0, interpolation_duration: 1 }
$data merge entity $(bone_belt) { transformation: [-1f,-2.6506208041798655e-17f,1.195617780139768e-16f,0.029705624999999982f,0f,0.9762960071199334f,0.21643961393810288f,2.975600903049294f,-1.2246467991473532e-16f,0.21643961393810288f,-0.9762960071199334f,0.14492830871127008f,0f,0f,0f,1f], start_interpolation: 0, interpolation_duration: 1 }
$data merge entity $(bone_torn_part) { transformation: [-1f,-6.123233995736765e-17f,1.0605752387249069e-16f,-0.09375000000000001f,0f,0.8660254037844386f,0.4999999999999999f,2.698367240248605f,-1.2246467991473532e-16f,0.4999999999999999f,-0.8660254037844386f,0.07813250961791539f,0f,0f,0f,1f], start_interpolation: 0, interpolation_duration: 1 }
$data merge entity $(bone_lowerbody) { transformation: [-1f,-2.6506208041798655e-17f,1.195617780139768e-16f,0.0039062499999999866f,0f,0.9762960071199334f,0.21643961393810288f,2.1912233848120293f,-1.2246467991473532e-16f,0.21643961393810288f,-0.9762960071199334f,0.10974073037594173f,0f,0f,0f,1f], start_interpolation: 0, interpolation_duration: 1 }
$data merge entity $(bone_leftfoot) { transformation: [-0.9961946980917455f,0.003357754821803123f,-0.08709103843939747f,0.27463521228655097f,-1.734723475976807e-18f,0.9992576013212586f,0.03852591597463437f,0.16257216664692176f,0.08715574274765805f,0.03837931323305882f,-0.995455124464113f,-0.13910604362633472f,0f,0f,0f,1f], start_interpolation: 0, interpolation_duration: 1 }
$data merge entity $(bone_leftlowerleg) { transformation: [-0.9961946980917455f,0.02075891891410365f,-0.08464744992859277f,0.3106703483058195f,-1.734723475976807e-18f,0.971220567457872f,0.23818188291053788f,1.2034243794070323f,0.08715574274765805f,0.23727552893698672f,-0.9675247799791885f,0.2727774458110248f,0f,0f,0f,1f], start_interpolation: 0, interpolation_duration: 1 }
$data merge entity $(bone_leftleg) { transformation: [-0.9961946980917455f,-0.02980901962620912f,-0.08189960831908923f,0.25f,-1.734723475976807e-18f,0.9396926207859084f,-0.3420201433256687f,2.2107546348120293f,0.08715574274765805f,-0.34071865342161006f,-0.9361168066628591f,-0.06213426962405824f,0f,0f,0f,1f], start_interpolation: 0, interpolation_duration: 1 }
$data merge entity $(bone_rightfoot) { transformation: [-0.9990486375718817f,0.042123855442103876f,0.01128718602929102f,-0.3657718539599113f,0.041591540771799315f,0.9981721992721035f,-0.04384523162808157f,0.1489169494419591f,-0.013113485501377642f,-0.04333406746412247f,-0.9989745717960093f,-0.1645702839041809f,0f,0f,0f,1f], start_interpolation: 0, interpolation_duration: 1 }
$data merge entity $(bone_rightlowerleg) { transformation: [-0.9990486375718817f,0.03752140931320519f,0.0222252920997229f,-0.3275613593985438f,0.041591540771799315f,0.9730362642959995f,0.22687126768525295f,1.1935212774272905f,-0.013113485501377642f,0.22757981502768826f,-0.9736711273782173f,0.2375013823026416f,0f,0f,0f,1f], start_interpolation: 0, interpolation_duration: 1 }
$data merge entity $(bone_rightleg) { transformation: [-0.9990486375718817f,0.043609179933692156f,-0.00024329257684447373f,-0.25f,0.041591540771799315f,0.9511190537852919f,-0.3060109299727688f,2.2107546348120293f,-0.013113485501377642f,-0.3057299215845285f,-0.95202796783809f,-0.0621342696240583f,0f,0f,0f,1f], start_interpolation: 0, interpolation_duration: 1 }
data modify entity @s data merge value {"locators":{"lefthand":{"posx":-0.3111819362816136,"posy":2.578937335963631,"posz":0.7082985814958452,"roty":32.21846799287226,"rotx":-66.23268385136086},"righthand":{"posx":-0.9168896778455783,"posy":1.900377773438549,"posz":0.09306986780246512,"roty":1.4116275713695927,"rotx":0.3446166430140187},"chest":{"posx":-0.3750000000000001,"posy":2.5460382776734716,"posz":0.47647991175050586,"roty":0,"rotx":12.5},"sack":{"posx":0,"posy":-0.4375,"posz":0,"roty":0,"rotx":0}},"cameras":{}}