# This file was generated by Animated Java via MC-Build. It is not recommended to edit this file directly.
$data merge entity $(nose) {transformation: [-1f,0f,0f,0f,0f,0.9234f,0.3837f,2.6411f,0f,0.3837f,-0.9234f,0.5296f,0f,0f,0f,1f],start_interpolation: 0,interpolation_duration: 1}
$data merge entity $(glowing_eye) {transformation: [-1f,0f,0f,-0.125f,0f,0.9234f,0.3837f,2.6903f,0f,0.3837f,-0.9234f,0.5878f,0f,0f,0f,1f],start_interpolation: 0,interpolation_duration: 1}
$data merge entity $(head) {transformation: [-1f,0f,0f,0f,0f,0.9234f,0.3837f,2.599f,0f,0.3837f,-0.9234f,0.3093f,0f,0f,0f,1f],start_interpolation: 0,interpolation_duration: 1}
$data merge entity $(leftthumb2) {transformation: [-0.8808f,-0.3383f,-0.3312f,0.8668f,-0.0872f,0.8035f,-0.5888f,1.2373f,0.4654f,-0.4898f,-0.7373f,-0.0475f,0f,0f,0f,1f],start_interpolation: 0,interpolation_duration: 1}
$data merge entity $(leftthumb) {transformation: [-0.8808f,-0.3383f,-0.3312f,0.7555f,-0.0872f,0.8035f,-0.5888f,1.3841f,0.4654f,-0.4898f,-0.7373f,-0.2306f,0f,0f,0f,1f],start_interpolation: 0,interpolation_duration: 1}
$data merge entity $(leftpointerfinger) {transformation: [-0.8808f,-0.3383f,-0.3312f,0.9474f,-0.0872f,0.8035f,-0.5888f,1.1023f,0.4654f,-0.4898f,-0.7373f,-0.1554f,0f,0f,0f,1f],start_interpolation: 0,interpolation_duration: 1}
$data merge entity $(leftmidfinger) {transformation: [-0.8808f,-0.3383f,-0.3312f,0.8956f,-0.0872f,0.8035f,-0.5888f,1.0103f,0.4654f,-0.4898f,-0.7373f,-0.2706f,0f,0f,0f,1f],start_interpolation: 0,interpolation_duration: 1}
$data merge entity $(leftringfinger) {transformation: [-0.8808f,-0.3383f,-0.3312f,0.8439f,-0.0872f,0.8035f,-0.5888f,0.9183f,0.4654f,-0.4898f,-0.7373f,-0.3858f,0f,0f,0f,1f],start_interpolation: 0,interpolation_duration: 1}
$data merge entity $(invisibility) {transformation: [-0.3659f,0.3005f,0.8808f,0.7556f,0.7492f,0.6566f,0.0872f,1.1923f,-0.5522f,0.6918f,-0.4654f,-0.0986f,0f,0f,0f,1f],start_interpolation: 0,interpolation_duration: 1}
$data merge entity $(swiftness) {transformation: [-0.3312f,-0.3383f,0.8808f,0.6934f,-0.5888f,0.8035f,0.0872f,0.9685f,-0.7373f,-0.4898f,-0.4654f,-0.1463f,0f,0f,0f,1f],start_interpolation: 0,interpolation_duration: 1}
$data merge entity $(suspicious_stew) {transformation: [-0.4466f,0.1572f,0.8808f,0.7093f,0.4794f,0.8732f,0.0872f,1.0442f,-0.7555f,0.4612f,-0.4654f,-0.2139f,0f,0f,0f,1f],start_interpolation: 0,interpolation_duration: 1}
$data merge entity $(log) {transformation: [-0.8808f,-0.3383f,-0.3312f,0.5689f,-0.0872f,0.8035f,-0.5888f,1.1089f,0.4654f,-0.4898f,-0.7373f,-0.2661f,0f,0f,0f,1f],start_interpolation: 0,interpolation_duration: 1}
$data merge entity $(planks) {transformation: [-0.8808f,-0.3383f,-0.3312f,0.4863f,-0.0872f,0.8035f,-0.5888f,1.1007f,0.4654f,-0.4898f,-0.7373f,-0.2224f,0f,0f,0f,1f],start_interpolation: 0,interpolation_duration: 1}
$data merge entity $(lefthand1) {transformation: [-0.8808f,-0.3383f,-0.3312f,0.7149f,-0.0872f,0.8035f,-0.5888f,1.3499f,0.4654f,-0.4898f,-0.7373f,-0.4818f,0f,0f,0f,1f],start_interpolation: 0,interpolation_duration: 1}
$data merge entity $(leftforearm) {transformation: [-0.8913f,-0.0473f,-0.451f,0.633f,0.0484f,0.9789f,-0.1984f,2.0444f,0.4508f,-0.1986f,-0.8702f,-0.5797f,0f,0f,0f,1f],start_interpolation: 0,interpolation_duration: 1}
$data merge entity $(leftelbow) {transformation: [-0.8913f,0.4524f,-0.0312f,0.7178f,0.0484f,0.1634f,0.9854f,2.075f,0.4508f,0.8767f,-0.1675f,-0.4153f,0f,0f,0f,1f],start_interpolation: 0,interpolation_duration: 1}
$data merge entity $(leftarm) {transformation: [-0.8913f,0.4524f,-0.0312f,0.75f,0.0484f,0.1634f,0.9854f,2.1365f,0.4508f,0.8767f,-0.1675f,0.1269f,0f,0f,0f,1f],start_interpolation: 0,interpolation_duration: 1}
$data merge entity $(rightthumb2) {transformation: [-0.8803f,0.3412f,0.3295f,-0.8699f,0.087f,0.799f,-0.595f,1.2357f,-0.4663f,-0.4951f,-0.7331f,-0.0413f,0f,0f,0f,1f],start_interpolation: 0,interpolation_duration: 1}
$data merge entity $(rightthumb) {transformation: [-0.8803f,0.3412f,0.3295f,-0.758f,0.087f,0.799f,-0.595f,1.3808f,-0.4663f,-0.4951f,-0.7331f,-0.2254f,0f,0f,0f,1f],start_interpolation: 0,interpolation_duration: 1}
$data merge entity $(rightpointerfinger) {transformation: [-0.8803f,0.3412f,0.3295f,-0.9508f,0.087f,0.799f,-0.595f,1.1002f,-0.4663f,-0.4951f,-0.7331f,-0.1483f,0f,0f,0f,1f],start_interpolation: 0,interpolation_duration: 1}
$data merge entity $(rightmidfinger) {transformation: [-0.8803f,0.3412f,0.3295f,-0.8994f,0.087f,0.799f,-0.595f,1.0073f,-0.4663f,-0.4951f,-0.7331f,-0.2628f,0f,0f,0f,1f],start_interpolation: 0,interpolation_duration: 1}
$data merge entity $(rightringfinger) {transformation: [-0.8803f,0.3412f,0.3295f,-0.8479f,0.087f,0.799f,-0.595f,0.9143f,-0.4663f,-0.4951f,-0.7331f,-0.3774f,0f,0f,0f,1f],start_interpolation: 0,interpolation_duration: 1}
$data merge entity $(hugeasssword) {transformation: [-3.448f,1.3365f,1.2904f,-0.6013f,0.3409f,3.1295f,-2.3303f,1.1558f,-1.8263f,-1.9391f,-2.8714f,-0.2281f,0f,0f,0f,1f],start_interpolation: 0,interpolation_duration: 1}
$data merge entity $(whey) {transformation: [0f,0f,0f,-0.5284f,0f,0f,0f,1.1496f,0f,0f,0f,0.0016f,0f,0f,0f,1f],start_interpolation: 0,interpolation_duration: 1}
$data merge entity $(ice) {transformation: [-0.8803f,0.3412f,0.3295f,-0.5929f,0.087f,0.799f,-0.595f,1.1419f,-0.4663f,-0.4951f,-0.7331f,-0.2131f,0f,0f,0f,1f],start_interpolation: 0,interpolation_duration: 1}
$data merge entity $(righthand1) {transformation: [-0.8803f,0.3412f,0.3295f,-0.7174f,0.087f,0.799f,-0.595f,1.3448f,-0.4663f,-0.4951f,-0.7331f,-0.4763f,0f,0f,0f,1f],start_interpolation: 0,interpolation_duration: 1}
$data merge entity $(rightforearm) {transformation: [-0.8913f,0.0507f,0.4506f,-0.6331f,-0.0484f,0.9774f,-0.2058f,2.0383f,-0.4508f,-0.2053f,-0.8687f,-0.5789f,0f,0f,0f,1f],start_interpolation: 0,interpolation_duration: 1}
$data merge entity $(rightelbow) {transformation: [-0.8913f,-0.4521f,0.0352f,-0.7178f,-0.0484f,0.1721f,0.9839f,2.0706f,-0.4508f,0.8752f,-0.1753f,-0.4148f,0f,0f,0f,1f],start_interpolation: 0,interpolation_duration: 1}
$data merge entity $(rightarm) {transformation: [-0.8913f,-0.4521f,0.0352f,-0.75f,-0.0484f,0.1721f,0.9839f,2.1365f,-0.4508f,0.8752f,-0.1753f,0.1269f,0f,0f,0f,1f],start_interpolation: 0,interpolation_duration: 1}
$data merge entity $(chest1) {transformation: [-1.0833f,0f,0f,-0.0023f,0f,0.9835f,0.4543f,2.0371f,0f,0.4543f,-0.9835f,-0.0402f,0f,0f,0f,1f],start_interpolation: 0,interpolation_duration: 1}
$data merge entity $(chest1lid) {transformation: [-1f,0f,0f,-0.3438f,0f,0.9078f,0.4194f,1.2526f,0f,0.4194f,-0.9078f,0.0284f,0f,0f,0f,1f],start_interpolation: 0,interpolation_duration: 1}
$data merge entity $(chest2) {transformation: [-1f,0f,0f,-0.3438f,0f,0.9078f,0.4194f,1.1107f,0f,0.4194f,-0.9078f,-0.0372f,0f,0f,0f,1f],start_interpolation: 0,interpolation_duration: 1}
$data merge entity $(chest1lid3) {transformation: [-1f,0f,0f,-0.2812f,0f,0.9078f,0.4194f,1.5213f,0f,0.4194f,-0.9078f,-0.5532f,0f,0f,0f,1f],start_interpolation: 0,interpolation_duration: 1}
$data merge entity $(chest3) {transformation: [-1f,0f,0f,-0.2812f,0f,0.9078f,0.4194f,1.3794f,0f,0.4194f,-0.9078f,-0.6187f,0f,0f,0f,1f],start_interpolation: 0,interpolation_duration: 1}
$data merge entity $(hugeasssword2) {transformation: [0f,2.8877f,-2.6461f,-1.2344f,-1.6426f,2.4021f,2.6214f,3.2016f,3.5556f,1.1097f,1.2111f,0.2059f,0f,0f,0f,1f],start_interpolation: 0,interpolation_duration: 1}
$data merge entity $(belt) {transformation: [-1f,0f,0f,0.0297f,0f,0.9078f,0.4194f,1.6206f,0f,0.4194f,-0.9078f,-0.0885f,0f,0f,0f,1f],start_interpolation: 0,interpolation_duration: 1}
$data merge entity $(torn_part) {transformation: [-1f,0f,0f,-0.0937f,0f,0.7397f,0.673f,1.364f,0f,0.673f,-0.7397f,-0.2128f,0f,0f,0f,1f],start_interpolation: 0,interpolation_duration: 1}
$data merge entity $(lowerbody) {transformation: [-1f,0f,0f,0.0039f,0f,0.9078f,0.4194f,0.8617f,0f,0.4194f,-0.9078f,-0.2899f,0f,0f,0f,1f],start_interpolation: 0,interpolation_duration: 1}
$data merge entity $(leftfoot) {transformation: [-0.93f,0.0659f,-0.3615f,0.2265f,0.0843f,0.9958f,-0.0353f,0.1804f,0.3577f,-0.0633f,-0.9317f,-0.2686f,0f,0f,0f,1f],start_interpolation: 0,interpolation_duration: 1}
$data merge entity $(leftlowerleg) {transformation: [-0.9419f,0.3048f,-0.141f,0.5862f,0.0875f,0.628f,0.7733f,0.7582f,0.3242f,0.7161f,-0.6182f,0.6208f,0f,0f,0f,1f],start_interpolation: 0,interpolation_duration: 1}
$data merge entity $(leftleg) {transformation: [-0.9419f,-0.2928f,-0.1645f,0.25f,0.0875f,0.259f,-0.9619f,1.0612f,0.3242f,-0.9204f,-0.2183f,-0.3414f,0f,0f,0f,1f],start_interpolation: 0,interpolation_duration: 1}
$data merge entity $(rightfoot) {transformation: [-0.9174f,0.0063f,0.398f,-0.3434f,0.0054f,1f,-0.0033f,0.1877f,-0.398f,-0.0009f,-0.9174f,-0.2164f,0f,0f,0f,1f],start_interpolation: 0,interpolation_duration: 1}
$data merge entity $(rightlowerleg) {transformation: [-0.9174f,-0.2777f,0.2851f,-0.6953f,0.0054f,0.7076f,0.7066f,0.8642f,-0.398f,0.6497f,-0.6477f,0.6039f,0f,0f,0f,1f],start_interpolation: 0,interpolation_duration: 1}
$data merge entity $(rightleg) {transformation: [-0.9174f,0.3936f,0.0593f,-0.25f,0.0054f,0.1614f,-0.9869f,1.0612f,-0.398f,-0.905f,-0.1502f,-0.3414f,0f,0f,0f,1f],start_interpolation: 0,interpolation_duration: 1}
data modify entity @s data merge value {"cameras":{},"locators":{"soup":{"px":0.708811576359978,"py":1.191559259583306,"pz":-0.12010970986012663,"ry":62.15117774261026,"rx":5.001830879289593},"lefthand":{"px":0.6831037106208412,"py":1.0634600809560941,"pz":-0.2599205591974222,"ry":335.80678937674077,"rx":-36.073437195751964},"sword":{"px":-1.9008695039417312,"py":3.3408011838003775,"pz":2.4658008793787305,"ry":24.199643540889866,"rx":-36.509779906220494},"righthand":{"px":-0.6859368678289871,"py":1.1468862218913274,"pz":-0.23759181862497297,"ry":24.199643540889866,"rx":-36.509779906220494},"chest":{"px":-0.3750000000000001,"py":1.130324367992115,"pz":0.14400291213462127,"ry":0,"rx":24.795918367346943}}}