# This file was generated by Animated Java via MC-Build. It is not recommended to edit this file directly.
$data merge entity $(bone_nose) {transformation: [-1f,0f,0f,0f,0f,0.934f,0.3573f,2.6848f,0f,0.3573f,-0.934f,0.5092f,0f,0f,0f,1f],start_interpolation: 0,interpolation_duration: 1}
$data merge entity $(bone_glowing_eye) {transformation: [-1f,0f,0f,-0.125f,0f,0.934f,0.3573f,2.7355f,0f,0.3573f,-0.934f,0.566f,0f,0f,0f,1f],start_interpolation: 0,interpolation_duration: 1}
$data merge entity $(bone_head) {transformation: [-1f,0f,0f,0f,0f,0.934f,0.3573f,2.6363f,0f,0.3573f,-0.934f,0.2902f,0f,0f,0f,1f],start_interpolation: 0,interpolation_duration: 1}
$data merge entity $(bone_leftthumb2) {transformation: [-0.8867f,-0.3516f,-0.3002f,0.9031f,-0.0999f,0.7797f,-0.6181f,1.2455f,0.4514f,-0.5181f,-0.7265f,-0.0164f,0f,0f,0f,1f],start_interpolation: 0,interpolation_duration: 1}
$data merge entity $(bone_leftthumb) {transformation: [-0.8867f,-0.3516f,-0.3002f,0.7913f,-0.0999f,0.7797f,-0.6181f,1.3839f,0.4514f,-0.5181f,-0.7265f,-0.2056f,0f,0f,0f,1f],start_interpolation: 0,interpolation_duration: 1}
$data merge entity $(bone_leftpointerfinger) {transformation: [-0.8867f,-0.3516f,-0.3002f,0.9895f,-0.0999f,0.7797f,-0.6181f,1.11f,0.4514f,-0.5181f,-0.7265f,-0.119f,0f,0f,0f,1f],start_interpolation: 0,interpolation_duration: 1}
$data merge entity $(bone_leftmidfinger) {transformation: [-0.8867f,-0.3516f,-0.3002f,0.9426f,-0.0999f,0.7797f,-0.6181f,1.0134f,0.4514f,-0.5181f,-0.7265f,-0.2325f,0f,0f,0f,1f],start_interpolation: 0,interpolation_duration: 1}
$data merge entity $(bone_leftringfinger) {transformation: [-0.8867f,-0.3516f,-0.3002f,0.8957f,-0.0999f,0.7797f,-0.6181f,0.9168f,0.4514f,-0.5181f,-0.7265f,-0.3461f,0f,0f,0f,1f],start_interpolation: 0,interpolation_duration: 1}
$data merge entity $(bone_invisibility) {transformation: [-0.3764f,0.2684f,0.8867f,0.7942f,0.7229f,0.6837f,0.0999f,1.1959f,-0.5794f,0.6786f,-0.4514f,-0.0683f,0f,0f,0f,1f],start_interpolation: 0,interpolation_duration: 1}
$data merge entity $(bone_swiftness) {transformation: [-0.3002f,-0.3516f,0.8867f,0.7393f,-0.6181f,0.7797f,0.0999f,0.9692f,-0.7265f,-0.5181f,-0.4514f,-0.1109f,0f,0f,0f,1f],start_interpolation: 0,interpolation_duration: 1}
$data merge entity $(bone_suspicious_stew) {transformation: [-0.4455f,0.1235f,0.8867f,0.7544f,0.4455f,0.8897f,0.0999f,1.0434f,-0.7766f,0.4395f,-0.4514f,-0.1803f,0f,0f,0f,1f],start_interpolation: 0,interpolation_duration: 1}
$data merge entity $(bone_log) {transformation: [-0.8867f,-0.3516f,-0.3002f,0.6132f,-0.0999f,0.7797f,-0.6181f,1.1025f,0.4514f,-0.5181f,-0.7265f,-0.2368f,0f,0f,0f,1f],start_interpolation: 0,interpolation_duration: 1}
$data merge entity $(bone_planks) {transformation: [-0.8867f,-0.3516f,-0.3002f,0.5301f,-0.0999f,0.7797f,-0.6181f,1.0932f,0.4514f,-0.5181f,-0.7265f,-0.1945f,0f,0f,0f,1f],start_interpolation: 0,interpolation_duration: 1}
$data merge entity $(bone_lefthand1) {transformation: [-0.8867f,-0.3516f,-0.3002f,0.7564f,-0.0999f,0.7797f,-0.6181f,1.3418f,0.4514f,-0.5181f,-0.7265f,-0.4564f,0f,0f,0f,1f],start_interpolation: 0,interpolation_duration: 1}
$data merge entity $(bone_leftforearm) {transformation: [-0.9031f,-0.0747f,-0.4229f,0.6541f,0.0372f,0.9675f,-0.2503f,2.0283f,0.4278f,-0.2417f,-0.8709f,-0.5861f,0f,0f,0f,1f],start_interpolation: 0,interpolation_duration: 1}
$data merge entity $(bone_leftelbow) {transformation: [-0.9031f,0.4237f,-0.0701f,0.7335f,0.0372f,0.2399f,0.9701f,2.0732f,0.4278f,0.8735f,-0.2324f,-0.4223f,0f,0f,0f,1f],start_interpolation: 0,interpolation_duration: 1}
$data merge entity $(bone_leftarm) {transformation: [-0.9031f,0.4237f,-0.0701f,0.75f,0.0372f,0.2399f,0.9701f,2.171f,0.4278f,0.8735f,-0.2324f,0.1153f,0f,0f,0f,1f],start_interpolation: 0,interpolation_duration: 1}
$data merge entity $(bone_rightthumb2) {transformation: [-0.8866f,0.3524f,0.2997f,-0.904f,0.0998f,0.7783f,-0.6199f,1.2451f,-0.4517f,-0.5197f,-0.7252f,-0.0145f,0f,0f,0f,1f],start_interpolation: 0,interpolation_duration: 1}
$data merge entity $(bone_rightthumb) {transformation: [-0.8866f,0.3524f,0.2997f,-0.792f,0.0998f,0.7783f,-0.6199f,1.383f,-0.4517f,-0.5197f,-0.7252f,-0.2039f,0f,0f,0f,1f],start_interpolation: 0,interpolation_duration: 1}
$data merge entity $(bone_rightpointerfinger) {transformation: [-0.8866f,0.3524f,0.2997f,-0.9906f,0.0998f,0.7783f,-0.6199f,1.1095f,-0.4517f,-0.5197f,-0.7252f,-0.1168f,0f,0f,0f,1f],start_interpolation: 0,interpolation_duration: 1}
$data merge entity $(bone_rightmidfinger) {transformation: [-0.8866f,0.3524f,0.2997f,-0.9437f,0.0998f,0.7783f,-0.6199f,1.0126f,-0.4517f,-0.5197f,-0.7252f,-0.2301f,0f,0f,0f,1f],start_interpolation: 0,interpolation_duration: 1}
$data merge entity $(bone_rightringfinger) {transformation: [-0.8866f,0.3524f,0.2997f,-0.8969f,0.0998f,0.7783f,-0.6199f,0.9158f,-0.4517f,-0.5197f,-0.7252f,-0.3434f,0f,0f,0f,1f],start_interpolation: 0,interpolation_duration: 1}
$data merge entity $(bone_hugeasssword) {transformation: [-3.4724f,1.3802f,1.1737f,-0.6413f,0.391f,3.0484f,-2.4279f,1.1539f,-1.7691f,-2.0354f,-2.8404f,-0.2044f,0f,0f,0f,1f],start_interpolation: 0,interpolation_duration: 1}
$data merge entity $(bone_ice) {transformation: [-0.8866f,0.3524f,0.2997f,-0.633f,0.0998f,0.7783f,-0.6199f,1.1402f,-0.4517f,-0.5197f,-0.7252f,-0.1892f,0f,0f,0f,1f],start_interpolation: 0,interpolation_duration: 1}
$data merge entity $(bone_righthand1) {transformation: [-0.8866f,0.3524f,0.2997f,-0.7572f,0.0998f,0.7783f,-0.6199f,1.3403f,-0.4517f,-0.5197f,-0.7252f,-0.4547f,0f,0f,0f,1f],start_interpolation: 0,interpolation_duration: 1}
$data merge entity $(bone_rightforearm) {transformation: [-0.9031f,0.0756f,0.4227f,-0.6542f,-0.0372f,0.9669f,-0.2525f,2.0265f,-0.4278f,-0.2437f,-0.8704f,-0.5857f,0f,0f,0f,1f],start_interpolation: 0,interpolation_duration: 1}
$data merge entity $(bone_rightelbow) {transformation: [-0.9031f,-0.4235f,0.0713f,-0.7336f,-0.0372f,0.2425f,0.9694f,2.0719f,-0.4278f,0.8728f,-0.2347f,-0.4221f,0f,0f,0f,1f],start_interpolation: 0,interpolation_duration: 1}
$data merge entity $(bone_rightarm) {transformation: [-0.9031f,-0.4235f,0.0713f,-0.75f,-0.0372f,0.2425f,0.9694f,2.171f,-0.4278f,0.8728f,-0.2347f,0.1153f,0f,0f,0f,1f],start_interpolation: 0,interpolation_duration: 1}
$data merge entity $(bone_chest1) {transformation: [-1.0833f,0f,0f,-0.0023f,0f,0.9906f,0.4385f,2.069f,0f,0.4385f,-0.9906f,-0.0502f,0f,0f,0f,1f],start_interpolation: 0,interpolation_duration: 1}
$data merge entity $(bone_chest1lid) {transformation: [-1f,0f,0f,-0.3438f,0f,0.9144f,0.4048f,1.2856f,0f,0.4048f,-0.9144f,0.0309f,0f,0f,0f,1f],start_interpolation: 0,interpolation_duration: 1}
$data merge entity $(bone_chest2) {transformation: [-1f,0f,0f,-0.3438f,0f,0.9144f,0.4048f,1.1428f,0f,0.4048f,-0.9144f,-0.0323f,0f,0f,0f,1f],start_interpolation: 0,interpolation_duration: 1}
$data merge entity $(bone_chest1lid3) {transformation: [-1f,0f,0f,-0.2812f,0f,0.9144f,0.4048f,1.5449f,0f,0.4048f,-0.9144f,-0.5549f,0f,0f,0f,1f],start_interpolation: 0,interpolation_duration: 1}
$data merge entity $(bone_chest3) {transformation: [-1f,0f,0f,-0.2812f,0f,0.9144f,0.4048f,1.4021f,0f,0.4048f,-0.9144f,-0.6181f,0f,0f,0f,1f],start_interpolation: 0,interpolation_duration: 1}
$data merge entity $(bone_hugeasssword2) {transformation: [0f,2.8877f,-2.6461f,-1.2344f,-1.5854f,2.4196f,2.6405f,3.2372f,3.5814f,1.0711f,1.1689f,0.1772f,0f,0f,0f,1f],start_interpolation: 0,interpolation_duration: 1}
$data merge entity $(bone_belt) {transformation: [-1f,0f,0f,0.0297f,0f,0.9144f,0.4048f,1.6518f,0f,0.4048f,-0.9144f,-0.0918f,0f,0f,0f,1f],start_interpolation: 0,interpolation_duration: 1}
$data merge entity $(bone_torn_part) {transformation: [-1f,0f,0f,-0.0937f,0f,0.7504f,0.661f,1.3931f,0f,0.661f,-0.7504f,-0.212f,0f,0f,0f,1f],start_interpolation: 0,interpolation_duration: 1}
$data merge entity $(bone_lowerbody) {transformation: [-1f,0f,0f,0.0039f,0f,0.9144f,0.4048f,0.8897f,0f,0.4048f,-0.9144f,-0.281f,0f,0f,0f,1f],start_interpolation: 0,interpolation_duration: 1}
$data merge entity $(bone_leftfoot) {transformation: [-0.9311f,0.0633f,-0.3593f,0.2261f,0.0815f,0.996f,-0.0357f,0.1748f,0.3556f,-0.0626f,-0.9325f,-0.2633f,0f,0f,0f,1f],start_interpolation: 0,interpolation_duration: 1}
$data merge entity $(bone_leftlowerleg) {transformation: [-0.9427f,0.3005f,-0.145f,0.5817f,0.0844f,0.6352f,0.7678f,0.7614f,0.3228f,0.7115f,-0.6241f,0.622f,0f,0f,0f,1f],start_interpolation: 0,interpolation_duration: 1}
$data merge entity $(bone_leftleg) {transformation: [-0.9427f,-0.2886f,-0.1674f,0.25f,0.0844f,0.2794f,-0.9565f,1.0858f,0.3228f,-0.9158f,-0.239f,-0.3348f,0f,0f,0f,1f],start_interpolation: 0,interpolation_duration: 1}
$data merge entity $(bone_rightfoot) {transformation: [-0.9172f,0.0059f,0.3984f,-0.3424f,0.0046f,1f,-0.0042f,0.1825f,-0.3984f,-0.002f,-0.9172f,-0.2109f,0f,0f,0f,1f],start_interpolation: 0,interpolation_duration: 1}
$data merge entity $(bone_rightlowerleg) {transformation: [-0.9172f,-0.277f,0.2864f,-0.6937f,0.0046f,0.7114f,0.7028f,0.8638f,-0.3984f,0.6459f,-0.6512f,0.6057f,0f,0f,0f,1f],start_interpolation: 0,interpolation_duration: 1}
$data merge entity $(bone_rightleg) {transformation: [-0.9172f,0.3923f,0.0695f,-0.25f,0.0046f,0.185f,-0.9827f,1.0858f,-0.3984f,-0.901f,-0.1715f,-0.3348f,0f,0f,0f,1f],start_interpolation: 0,interpolation_duration: 1}
data modify entity @s data merge value {"cameras":{},"locators":{"lefthand":{"posx":0.7285265683998138,"posy":1.0606530932441045,"posz":-0.22727367815875008,"roty":337.54855899742245,"rotx":-38.1771557544808},"sword":{"posx":-1.831332497172279,"posy":3.4329009196842137,"posz":2.462149181864055,"roty":22.451098870475903,"rotx":-38.30809259263428},"righthand":{"posx":-0.7263046754565676,"posy":1.147057026640119,"posz":-0.21207733432099762,"roty":22.451098870475903,"rotx":-38.30809259263428},"chest":{"posx":-0.3750000000000001,"posy":1.165228854944214,"posz":0.14850729987376368,"roty":0,"rotx":23.877551020408166}}}