# This file was generated by Animated Java via MC-Build. It is not recommended to edit this file directly.
$data merge entity $(bone_nose) {transformation: [-1f,0f,0f,0f,0f,0.9537f,0.3007f,2.7355f,0f,0.3007f,-0.9537f,0.4711f,0f,0f,0f,1f],start_interpolation: 0,interpolation_duration: 1}
$data merge entity $(bone_glowing_eye) {transformation: [-1f,0f,0f,-0.125f,0f,0.9537f,0.3007f,2.7896f,0f,0.3007f,-0.9537f,0.5247f,0f,0f,0f,1f],start_interpolation: 0,interpolation_duration: 1}
$data merge entity $(bone_head) {transformation: [-1f,0f,0f,0f,0f,0.9537f,0.3007f,2.6741f,0f,0.3007f,-0.9537f,0.2553f,0f,0f,0f,1f],start_interpolation: 0,interpolation_duration: 1}
$data merge entity $(bone_leftthumb2) {transformation: [-0.89f,-0.4013f,-0.2165f,0.9983f,-0.1432f,0.6968f,-0.7028f,1.2704f,0.4329f,-0.5945f,-0.6776f,0.0722f,0f,0f,0f,1f],start_interpolation: 0,interpolation_duration: 1}
$data merge entity $(bone_leftthumb) {transformation: [-0.89f,-0.4013f,-0.2165f,0.8814f,-0.1432f,0.6968f,-0.7028f,1.3812f,0.4329f,-0.5945f,-0.6776f,-0.1315f,0f,0f,0f,1f],start_interpolation: 0,interpolation_duration: 1}
$data merge entity $(bone_leftpointerfinger) {transformation: [-0.89f,-0.4013f,-0.2165f,1.1002f,-0.1432f,0.6968f,-0.7028f,1.1353f,0.4329f,-0.5945f,-0.6776f,-0.0156f,0f,0f,0f,1f],start_interpolation: 0,interpolation_duration: 1}
$data merge entity $(bone_leftmidfinger) {transformation: [-0.89f,-0.4013f,-0.2165f,1.0664f,-0.1432f,0.6968f,-0.7028f,1.0255f,0.4329f,-0.5945f,-0.6776f,-0.1214f,0f,0f,0f,1f],start_interpolation: 0,interpolation_duration: 1}
$data merge entity $(bone_leftringfinger) {transformation: [-0.89f,-0.4013f,-0.2165f,1.0326f,-0.1432f,0.6968f,-0.7028f,0.9156f,0.4329f,-0.5945f,-0.6776f,-0.2273f,0f,0f,0f,1f],start_interpolation: 0,interpolation_duration: 1}
$data merge entity $(bone_invisibility) {transformation: [-0.4186f,0.1807f,0.89f,0.8962f,0.6329f,0.7609f,0.1432f,1.2066f,-0.6513f,0.6232f,-0.4329f,0.0218f,0f,0f,0f,1f],start_interpolation: 0,interpolation_duration: 1}
$data merge entity $(bone_swiftness) {transformation: [-0.2165f,-0.4013f,0.89f,0.8636f,-0.7028f,0.6968f,0.1432f,0.973f,-0.6776f,-0.5945f,-0.4329f,-0.0022f,0f,0f,0f,1f],start_interpolation: 0,interpolation_duration: 1}
$data merge entity $(bone_suspicious_stew) {transformation: [-0.4552f,0.0266f,0.89f,0.8744f,0.3345f,0.9315f,0.1432f,1.0421f,-0.8252f,0.3629f,-0.4329f,-0.0774f,0f,0f,0f,1f],start_interpolation: 0,interpolation_duration: 1}
$data merge entity $(bone_log) {transformation: [-0.89f,-0.4013f,-0.2165f,0.7307f,-0.1432f,0.6968f,-0.7028f,1.0829f,0.4329f,-0.5945f,-0.6776f,-0.1429f,0f,0f,0f,1f],start_interpolation: 0,interpolation_duration: 1}
$data merge entity $(bone_planks) {transformation: [-0.89f,-0.4013f,-0.2165f,0.6473f,-0.1432f,0.6968f,-0.7028f,1.0694f,0.4329f,-0.5945f,-0.6776f,-0.1023f,0f,0f,0f,1f],start_interpolation: 0,interpolation_duration: 1}
$data merge entity $(bone_lefthand1) {transformation: [-0.89f,-0.4013f,-0.2165f,0.8596f,-0.1432f,0.6968f,-0.7028f,1.3148f,0.4329f,-0.5945f,-0.6776f,-0.3786f,0f,0f,0f,1f],start_interpolation: 0,interpolation_duration: 1}
$data merge entity $(bone_leftforearm) {transformation: [-0.9239f,-0.1464f,-0.3536f,0.7045f,0f,0.9239f,-0.3827f,1.9704f,0.3827f,-0.3536f,-0.8536f,-0.5899f,0f,0f,0f,1f],start_interpolation: 0,interpolation_duration: 1}
$data merge entity $(bone_leftelbow) {transformation: [-0.9239f,0.3536f,-0.1464f,0.7707f,0f,0.3827f,0.9239f,2.0422f,0.3827f,0.8536f,-0.3536f,-0.4299f,0f,0f,0f,1f],start_interpolation: 0,interpolation_duration: 1}
$data merge entity $(bone_leftarm) {transformation: [-0.9239f,0.3536f,-0.1464f,0.75f,0f,0.3827f,0.9239f,2.2046f,0.3827f,0.8536f,-0.3536f,0.0916f,0f,0f,0f,1f],start_interpolation: 0,interpolation_duration: 1}
$data merge entity $(bone_rightthumb2) {transformation: [-0.89f,0.4013f,0.2165f,-0.9983f,0.1432f,0.6968f,-0.7028f,1.2704f,-0.4329f,-0.5945f,-0.6776f,0.0722f,0f,0f,0f,1f],start_interpolation: 0,interpolation_duration: 1}
$data merge entity $(bone_rightthumb) {transformation: [-0.89f,0.4013f,0.2165f,-0.8814f,0.1432f,0.6968f,-0.7028f,1.3812f,-0.4329f,-0.5945f,-0.6776f,-0.1315f,0f,0f,0f,1f],start_interpolation: 0,interpolation_duration: 1}
$data merge entity $(bone_rightpointerfinger) {transformation: [-0.89f,0.4013f,0.2165f,-1.1002f,0.1432f,0.6968f,-0.7028f,1.1353f,-0.4329f,-0.5945f,-0.6776f,-0.0156f,0f,0f,0f,1f],start_interpolation: 0,interpolation_duration: 1}
$data merge entity $(bone_rightmidfinger) {transformation: [-0.89f,0.4013f,0.2165f,-1.0664f,0.1432f,0.6968f,-0.7028f,1.0255f,-0.4329f,-0.5945f,-0.6776f,-0.1214f,0f,0f,0f,1f],start_interpolation: 0,interpolation_duration: 1}
$data merge entity $(bone_rightringfinger) {transformation: [-0.89f,0.4013f,0.2165f,-1.0326f,0.1432f,0.6968f,-0.7028f,0.9156f,-0.4329f,-0.5945f,-0.6776f,-0.2273f,0f,0f,0f,1f],start_interpolation: 0,interpolation_duration: 1}
$data merge entity $(bone_hugeasssword) {transformation: [-3.4858f,1.5718f,0.8478f,-0.7519f,0.561f,2.7291f,-2.7528f,1.1399f,-1.6954f,-2.3285f,-2.654f,-0.1166f,0f,0f,0f,1f],start_interpolation: 0,interpolation_duration: 1}
$data merge entity $(bone_ice) {transformation: [-0.89f,0.4013f,0.2165f,-0.7442f,0.1432f,0.6968f,-0.7028f,1.1268f,-0.4329f,-0.5945f,-0.6776f,-0.1006f,0f,0f,0f,1f],start_interpolation: 0,interpolation_duration: 1}
$data merge entity $(bone_righthand1) {transformation: [-0.89f,0.4013f,0.2165f,-0.8596f,0.1432f,0.6968f,-0.7028f,1.3148f,-0.4329f,-0.5945f,-0.6776f,-0.3786f,0f,0f,0f,1f],start_interpolation: 0,interpolation_duration: 1}
$data merge entity $(bone_rightforearm) {transformation: [-0.9239f,0.1464f,0.3536f,-0.7045f,0f,0.9239f,-0.3827f,1.9704f,-0.3827f,-0.3536f,-0.8536f,-0.5899f,0f,0f,0f,1f],start_interpolation: 0,interpolation_duration: 1}
$data merge entity $(bone_rightelbow) {transformation: [-0.9239f,-0.3536f,0.1464f,-0.7707f,0f,0.3827f,0.9239f,2.0422f,-0.3827f,0.8536f,-0.3536f,-0.4299f,0f,0f,0f,1f],start_interpolation: 0,interpolation_duration: 1}
$data merge entity $(bone_rightarm) {transformation: [-0.9239f,-0.3536f,0.1464f,-0.75f,0f,0.3827f,0.9239f,2.2046f,-0.3827f,0.8536f,-0.3536f,0.0916f,0f,0f,0f,1f],start_interpolation: 0,interpolation_duration: 1}
$data merge entity $(bone_chest1) {transformation: [-1.0833f,0f,0f,-0.0023f,0f,1.0009f,0.4146f,2.0987f,0f,0.4146f,-1.0009f,-0.0714f,0f,0f,0f,1f],start_interpolation: 0,interpolation_duration: 1}
$data merge entity $(bone_chest1lid) {transformation: [-1f,0f,0f,-0.3438f,0f,0.9239f,0.3827f,1.3175f,0f,0.3827f,-0.9239f,0.0286f,0f,0f,0f,1f],start_interpolation: 0,interpolation_duration: 1}
$data merge entity $(bone_chest2) {transformation: [-1f,0f,0f,-0.3438f,0f,0.9239f,0.3827f,1.1731f,0f,0.3827f,-0.9239f,-0.0312f,0f,0f,0f,1f],start_interpolation: 0,interpolation_duration: 1}
$data merge entity $(bone_chest1lid3) {transformation: [-1f,0f,0f,-0.2812f,0f,0.9239f,0.3827f,1.5627f,0f,0.3827f,-0.9239f,-0.5633f,0f,0f,0f,1f],start_interpolation: 0,interpolation_duration: 1}
$data merge entity $(bone_chest3) {transformation: [-1f,0f,0f,-0.2812f,0f,0.9239f,0.3827f,1.4183f,0f,0.3827f,-0.9239f,-0.6231f,0f,0f,0f,1f],start_interpolation: 0,interpolation_duration: 1}
$data merge entity $(bone_hugeasssword2) {transformation: [0f,2.8877f,-2.6461f,-1.2344f,-1.4988f,2.4446f,2.6679f,3.272f,3.6185f,1.0126f,1.1051f,0.1279f,0f,0f,0f,1f],start_interpolation: 0,interpolation_duration: 1}
$data merge entity $(bone_belt) {transformation: [-1f,0f,0f,0.0297f,0f,0.9239f,0.3827f,1.6806f,0f,0.3827f,-0.9239f,-0.1029f,0f,0f,0f,1f],start_interpolation: 0,interpolation_duration: 1}
$data merge entity $(bone_torn_part) {transformation: [-1f,0f,0f,-0.0937f,0f,0.766f,0.6428f,1.4191f,0f,0.6428f,-0.766f,-0.2168f,0f,0f,0f,1f],start_interpolation: 0,interpolation_duration: 1}
$data merge entity $(bone_lowerbody) {transformation: [-1f,0f,0f,0.0039f,0f,0.9239f,0.3827f,0.9142f,0f,0.3827f,-0.9239f,-0.2737f,0f,0f,0f,1f],start_interpolation: 0,interpolation_duration: 1}
$data merge entity $(bone_leftfoot) {transformation: [-0.9325f,0.0588f,-0.3563f,0.2263f,0.0774f,0.9963f,-0.0382f,0.1701f,0.3527f,-0.0632f,-0.9336f,-0.2609f,0f,0f,0f,1f],start_interpolation: 0,interpolation_duration: 1}
$data merge entity $(bone_leftlowerleg) {transformation: [-0.944f,0.2948f,-0.1482f,0.5762f,0.08f,0.64f,0.7642f,0.7627f,0.3202f,0.7095f,-0.6278f,0.6227f,0f,0f,0f,1f],start_interpolation: 0,interpolation_duration: 1}
$data merge entity $(bone_leftleg) {transformation: [-0.944f,-0.2834f,-0.1691f,0.25f,0.08f,0.3006f,-0.9504f,1.1094f,0.3202f,-0.9107f,-0.2611f,-0.3281f,0f,0f,0f,1f],start_interpolation: 0,interpolation_duration: 1}
$data merge entity $(bone_rightfoot) {transformation: [-0.9167f,0.0051f,0.3995f,-0.3387f,0.0027f,1f,-0.0065f,0.1792f,-0.3995f,-0.0049f,-0.9167f,-0.209f,0f,0f,0f,1f],start_interpolation: 0,interpolation_duration: 1}
$data merge entity $(bone_rightlowerleg) {transformation: [-0.9167f,-0.2789f,0.2861f,-0.6921f,0.0027f,0.7117f,0.7025f,0.8608f,-0.3995f,0.6447f,-0.6517f,0.6064f,0f,0f,0f,1f],start_interpolation: 0,interpolation_duration: 1}
$data merge entity $(bone_rightleg) {transformation: [-0.9167f,0.3911f,0.0815f,-0.25f,0.0027f,0.2101f,-0.9777f,1.1094f,-0.3995f,-0.8961f,-0.1936f,-0.3281f,0f,0f,0f,1f],start_interpolation: 0,interpolation_duration: 1}
data modify entity @s data merge value {"cameras":{},"locators":{"lefthand":{"posx":0.8488738478285538,"posy":1.0528477786516512,"posz":-0.12647687095754645,"roty":342.2844363997242,"rotx":-44.654616621516126},"sword":{"posx":-1.635517425829926,"posy":3.7320148681743297,"posz":2.377452408716257,"roty":17.71556360027583,"rotx":-44.654616621516126},"righthand":{"posx":-0.8373213998334544,"posy":1.1403238391512547,"posz":-0.12128266410854116,"roty":17.71556360027583,"rotx":-44.654616621516126},"chest":{"posx":-0.3750000000000001,"posy":1.1999596168493898,"posz":0.14903054870549773,"roty":0,"rotx":22.499999999999996}}}