# This file was generated by Animated Java via MC-Build. It is not recommended to edit this file directly.
$data merge entity $(bone_nose) {transformation: [-1f,0f,0f,0f,0f,0.9034f,-0.4288f,9.0276f,0f,-0.4288f,-0.9034f,1.0374f,0f,0f,0f,1f],start_interpolation: 0,interpolation_duration: 1}
$data merge entity $(bone_glowing_eye) {transformation: [-1f,0f,0f,-0.125f,0f,0.9034f,-0.4288f,9.1037f,0f,-0.4288f,-0.9034f,1.0399f,0f,0f,0f,1f],start_interpolation: 0,interpolation_duration: 1}
$data merge entity $(bone_head) {transformation: [-1f,0f,0f,0f,0f,0.9034f,-0.4288f,8.8357f,0f,-0.4288f,-0.9034f,0.9212f,0f,0f,0f,1f],start_interpolation: 0,interpolation_duration: 1}
$data merge entity $(bone_leftthumb2) {transformation: [-0.849f,-0.0622f,0.5247f,1.0756f,-0.3933f,-0.5887f,-0.7062f,8.5648f,0.3528f,-0.806f,0.4753f,1.9253f,0f,0f,0f,1f],start_interpolation: 0,interpolation_duration: 1}
$data merge entity $(bone_leftthumb) {transformation: [-0.849f,-0.0622f,0.5247f,1.1051f,-0.3933f,-0.5887f,-0.7062f,8.3601f,0.3528f,-0.806f,0.4753f,1.7683f,0f,0f,0f,1f],start_interpolation: 0,interpolation_duration: 1}
$data merge entity $(bone_leftpointerfinger) {transformation: [-0.849f,-0.0622f,0.5247f,1.243f,-0.3933f,-0.5887f,-0.7062f,8.5632f,0.3528f,-0.806f,0.4753f,2.0164f,0f,0f,0f,1f],start_interpolation: 0,interpolation_duration: 1}
$data merge entity $(bone_leftmidfinger) {transformation: [-0.849f,-0.0622f,0.5247f,1.325f,-0.3933f,-0.5887f,-0.7062f,8.4528f,0.3528f,-0.806f,0.4753f,2.0907f,0f,0f,0f,1f],start_interpolation: 0,interpolation_duration: 1}
$data merge entity $(bone_leftringfinger) {transformation: [-0.849f,-0.0622f,0.5247f,1.407f,-0.3933f,-0.5887f,-0.7062f,8.3425f,0.3528f,-0.806f,0.4753f,2.165f,0f,0f,0f,1f],start_interpolation: 0,interpolation_duration: 1}
$data merge entity $(bone_invisibility) {transformation: [-0.0162f,-0.5281f,0.849f,1.0606f,-0.648f,0.6523f,0.3933f,8.4471f,-0.7615f,-0.5438f,-0.3528f,1.9796f,0f,0f,0f,1f],start_interpolation: 0,interpolation_duration: 1}
$data merge entity $(bone_swiftness) {transformation: [0.5247f,-0.0622f,0.849f,1.1232f,-0.7062f,-0.5887f,0.3933f,8.3739f,0.4753f,-0.806f,-0.3528f,2.1962f,0f,0f,0f,1f],start_interpolation: 0,interpolation_duration: 1}
$data merge entity $(bone_suspicious_stew) {transformation: [0.1654f,-0.5018f,0.849f,1.1619f,-0.832f,0.3913f,0.3933f,8.3423f,-0.5296f,-0.7714f,-0.3528f,2.1065f,0f,0f,0f,1f],start_interpolation: 0,interpolation_duration: 1}
$data merge entity $(bone_log) {transformation: [-0.849f,-0.0622f,0.5247f,1.0991f,-0.3933f,-0.5887f,-0.7062f,8.1987f,0.3528f,-0.806f,0.4753f,2.0611f,0f,0f,0f,1f],start_interpolation: 0,interpolation_duration: 1}
$data merge entity $(bone_planks) {transformation: [-0.849f,-0.0622f,0.5247f,1.0195f,-0.3933f,-0.5887f,-0.7062f,8.1619f,0.3528f,-0.806f,0.4753f,2.0942f,0f,0f,0f,1f],start_interpolation: 0,interpolation_duration: 1}
$data merge entity $(bone_lefthand1) {transformation: [-0.849f,-0.0622f,0.5247f,1.2794f,-0.3933f,-0.5887f,-0.7062f,8.172f,0.3528f,-0.806f,0.4753f,1.7566f,0f,0f,0f,1f],start_interpolation: 0,interpolation_duration: 1}
$data merge entity $(bone_leftforearm) {transformation: [-0.8022f,0.152f,0.5774f,1.3272f,-0.5948f,-0.2882f,-0.7505f,7.9439f,0.0523f,-0.9454f,0.3216f,1.09f,0f,0f,0f,1f],start_interpolation: 0,interpolation_duration: 1}
$data merge entity $(bone_leftelbow) {transformation: [-0.8022f,-0.5774f,0.152f,1.2189f,-0.5948f,0.7505f,-0.2882f,8.0846f,0.0523f,-0.3216f,-0.9454f,1.0297f,0f,0f,0f,1f],start_interpolation: 0,interpolation_duration: 1}
$data merge entity $(bone_leftarm) {transformation: [-0.8022f,-0.5774f,0.152f,0.75f,-0.5948f,0.7505f,-0.2882f,8.3387f,0.0523f,-0.3216f,-0.9454f,0.9099f,0f,0f,0f,1f],start_interpolation: 0,interpolation_duration: 1}
$data merge entity $(bone_rightthumb2) {transformation: [-0.4567f,-0.3687f,-0.8096f,-0.9455f,0.8643f,0.0318f,-0.502f,8.3952f,0.2108f,-0.929f,0.3041f,1.9701f,0f,0f,0f,1f],start_interpolation: 0,interpolation_duration: 1}
$data merge entity $(bone_rightthumb) {transformation: [-0.4513f,-0.374f,-0.8102f,-1.0989f,0.868f,0.0267f,-0.4958f,8.4148f,0.207f,-0.927f,0.3126f,1.7854f,0f,0f,0f,1f],start_interpolation: 0,interpolation_duration: 1}
$data merge entity $(bone_rightpointerfinger) {transformation: [-0.851f,-0.0214f,-0.5247f,-1.2391f,0.4492f,-0.5472f,-0.7062f,8.5612f,-0.272f,-0.8367f,0.4753f,2.0179f,0f,0f,0f,1f],start_interpolation: 0,interpolation_duration: 1}
$data merge entity $(bone_rightmidfinger) {transformation: [-0.851f,-0.0214f,-0.5247f,-1.3211f,0.4492f,-0.5472f,-0.7062f,8.4509f,-0.272f,-0.8367f,0.4753f,2.0922f,0f,0f,0f,1f],start_interpolation: 0,interpolation_duration: 1}
$data merge entity $(bone_rightringfinger) {transformation: [-0.851f,-0.0214f,-0.5247f,-1.4031f,0.4492f,-0.5472f,-0.7062f,8.3405f,-0.272f,-0.8367f,0.4753f,2.1664f,0f,0f,0f,1f],start_interpolation: 0,interpolation_duration: 1}
$data merge entity $(bone_hugeasssword) {transformation: [-3.3254f,0.2437f,-2.0549f,-1.0786f,1.5404f,-2.3056f,-2.7661f,8.2398f,-1.3818f,-3.1568f,1.8617f,2.0133f,0f,0f,0f,1f],start_interpolation: 0,interpolation_duration: 1}
$data merge entity $(bone_ice) {transformation: [-0.849f,0.0622f,-0.5247f,-1.0663f,0.3933f,-0.5887f,-0.7062f,8.2429f,-0.3528f,-0.806f,0.4753f,2.0314f,0f,0f,0f,1f],start_interpolation: 0,interpolation_duration: 1}
$data merge entity $(bone_righthand1) {transformation: [-0.849f,0.0622f,-0.5247f,-1.2794f,0.3933f,-0.5887f,-0.7062f,8.172f,-0.3528f,-0.806f,0.4753f,1.7566f,0f,0f,0f,1f],start_interpolation: 0,interpolation_duration: 1}
$data merge entity $(bone_rightforearm) {transformation: [-0.8022f,-0.152f,-0.5774f,-1.3272f,0.5948f,-0.2882f,-0.7505f,7.9439f,-0.0523f,-0.9454f,0.3216f,1.09f,0f,0f,0f,1f],start_interpolation: 0,interpolation_duration: 1}
$data merge entity $(bone_rightelbow) {transformation: [-0.8022f,0.5774f,-0.152f,-1.2189f,0.5948f,0.7505f,-0.2882f,8.0846f,-0.0523f,-0.3216f,-0.9454f,1.0297f,0f,0f,0f,1f],start_interpolation: 0,interpolation_duration: 1}
$data merge entity $(bone_rightarm) {transformation: [-0.8022f,0.5774f,-0.152f,-0.75f,0.5948f,0.7505f,-0.2882f,8.3387f,-0.0523f,-0.3216f,-0.9454f,0.9099f,0f,0f,0f,1f],start_interpolation: 0,interpolation_duration: 1}
$data merge entity $(bone_chest1) {transformation: [-1.0833f,0f,0f,-0.0023f,0f,1.0799f,0.0863f,8.1877f,0f,0.0863f,-1.0799f,0.7874f,0f,0f,0f,1f],start_interpolation: 0,interpolation_duration: 1}
$data merge entity $(bone_chest1lid) {transformation: [-1f,0f,0f,-0.3438f,0f,0.9968f,0.0797f,7.4752f,0f,0.0797f,-0.9968f,1.123f,0f,0f,0f,1f],start_interpolation: 0,interpolation_duration: 1}
$data merge entity $(bone_chest2) {transformation: [-1f,0f,0f,-0.3438f,0f,0.9968f,0.0797f,7.3195f,0f,0.0797f,-0.9968f,1.1106f,0f,0f,0f,1f],start_interpolation: 0,interpolation_duration: 1}
$data merge entity $(bone_chest1lid3) {transformation: [-1f,0f,0f,-0.2813f,0f,0.9968f,0.0797f,7.5263f,0f,0.0797f,-0.9968f,0.4845f,0f,0f,0f,1f],start_interpolation: 0,interpolation_duration: 1}
$data merge entity $(bone_chest3) {transformation: [-1f,0f,0f,-0.2813f,0f,0.9968f,0.0797f,7.3705f,0f,0.0797f,-0.9968f,0.472f,0f,0f,0f,1f],start_interpolation: 0,interpolation_duration: 1}
$data merge entity $(bone_hugeasssword2) {transformation: [0f,2.8877f,-2.6461f,-1.2344f,-0.3121f,2.6376f,2.8785f,9.3654f,3.9042f,0.2108f,0.2301f,0.6158f,0f,0f,0f,1f],start_interpolation: 0,interpolation_duration: 1}
$data merge entity $(bone_belt) {transformation: [-1f,0f,0f,0.0297f,0f,0.9968f,0.0797f,7.7802f,0f,0.0797f,-0.9968f,0.8862f,0f,0f,0f,1f],start_interpolation: 0,interpolation_duration: 1}
$data merge entity $(bone_torn_part) {transformation: [-1f,0f,0f,-0.0938f,0f,0.9267f,0.3757f,7.4964f,0f,0.3757f,-0.9267f,0.8583f,0f,0f,0f,1f],start_interpolation: 0,interpolation_duration: 1}
$data merge entity $(bone_lowerbody) {transformation: [-1f,0f,0f,0.0039f,0f,0.9968f,0.0797f,6.9985f,0f,0.0797f,-0.9968f,0.9595f,0f,0f,0f,1f],start_interpolation: 0,interpolation_duration: 1}
$data merge entity $(bone_leftfoot) {transformation: [-0.9986f,0.0395f,-0.0365f,0.2819f,-0.0186f,0.3821f,0.9239f,5.5694f,0.0504f,0.9233f,-0.3808f,-0.5108f,0f,0f,0f,1f],start_interpolation: 0,interpolation_duration: 1}
$data merge entity $(bone_leftlowerleg) {transformation: [-0.9998f,0.0039f,-0.0214f,0.2895f,-0.0146f,0.6091f,0.7929f,6.1233f,0.0161f,0.7931f,-0.6089f,0.4626f,0f,0f,0f,1f],start_interpolation: 0,interpolation_duration: 1}
$data merge entity $(bone_leftleg) {transformation: [-0.9998f,-0.0083f,-0.0202f,0.25f,-0.0146f,0.9398f,0.3415f,7.1125f,0.0161f,0.3417f,-0.9397f,0.8506f,0f,0f,0f,1f],start_interpolation: 0,interpolation_duration: 1}
$data merge entity $(bone_rightfoot) {transformation: [-0.999f,-0.0386f,0.0206f,-0.2041f,-0.0191f,0.8085f,0.5882f,5.2585f,-0.0393f,0.5873f,-0.8084f,-0.2079f,0f,0f,0f,1f],start_interpolation: 0,interpolation_duration: 1}
$data merge entity $(bone_rightlowerleg) {transformation: [-0.999f,-0.0377f,0.0222f,-0.2493f,-0.0191f,0.8334f,0.5524f,6.0981f,-0.0393f,0.5514f,-0.8333f,0.5318f,0f,0f,0f,1f],start_interpolation: 0,interpolation_duration: 1}
$data merge entity $(bone_rightleg) {transformation: [-0.999f,-0.0292f,0.0325f,-0.25f,-0.0191f,0.9609f,0.2762f,7.1125f,-0.0393f,0.2753f,-0.9605f,0.8506f,0f,0f,0f,1f],start_interpolation: 0,interpolation_duration: 1}
data modify entity @s data merge value {"cameras":{},"locators":{"lefthand":{"posx":1.175390441951129,"posy":8.292640284436857,"posz":2.0835641730625363,"roty":132.17539550509818,"rotx":-44.93060885864172},"sword":{"posx":0.7959958459420118,"posy":10.904285761263989,"posz":0.2507111355073466,"roty":227.82460449490182,"rotx":-44.93060885864172},"righthand":{"posx":-1.1387105727795668,"posy":8.299989317549178,"posz":2.0034824715954027,"roty":227.82460449490182,"rotx":-44.93060885864172},"chest":{"posx":-0.37500000000000017,"posy":7.400493269878102,"posz":1.2738142472181633,"roty":0,"rotx":4.570312500000001}}}