# This file was generated by Animated Java via MC-Build. It is not recommended to edit this file directly.
$data merge entity $(bone_nose) {transformation: [-1f,0f,0f,0f,0f,0.778f,-0.6282f,11.5439f,0f,-0.6282f,-0.778f,1.7627f,0f,0f,0f,1f],start_interpolation: 0,interpolation_duration: 1}
$data merge entity $(bone_glowing_eye) {transformation: [-1f,0f,0f,-0.125f,0f,0.778f,-0.6282f,11.6185f,0f,-0.6282f,-0.778f,1.7473f,0f,0f,0f,1f],start_interpolation: 0,interpolation_duration: 1}
$data merge entity $(bone_head) {transformation: [-1f,0f,0f,0f,0f,0.778f,-0.6282f,11.3302f,0f,-0.6282f,-0.778f,1.6946f,0f,0f,0f,1f],start_interpolation: 0,interpolation_duration: 1}
$data merge entity $(bone_leftthumb2) {transformation: [-0.1774f,0.6443f,0.7439f,0.5102f,-0.9815f,-0.0602f,-0.1819f,11.2291f,-0.0724f,-0.7624f,0.6431f,2.7344f,0f,0f,0f,1f],start_interpolation: 0,interpolation_duration: 1}
$data merge entity $(bone_leftthumb) {transformation: [-0.1746f,0.6488f,0.7406f,0.7242f,-0.9821f,-0.0606f,-0.1785f,11.2565f,-0.0709f,-0.7585f,0.6478f,2.6212f,0f,0f,0f,1f],start_interpolation: 0,interpolation_duration: 1}
$data merge entity $(bone_leftpointerfinger) {transformation: [-0.812f,0.3773f,0.4453f,0.7459f,-0.5637f,-0.7047f,-0.4308f,11.4786f,0.1513f,-0.6008f,0.7849f,2.8077f,0f,0f,0f,1f],start_interpolation: 0,interpolation_duration: 1}
$data merge entity $(bone_leftmidfinger) {transformation: [-0.812f,0.3773f,0.4453f,0.8155f,-0.5637f,-0.7047f,-0.4308f,11.4112f,0.1513f,-0.6008f,0.7849f,2.9304f,0f,0f,0f,1f],start_interpolation: 0,interpolation_duration: 1}
$data merge entity $(bone_leftringfinger) {transformation: [-0.812f,0.3773f,0.4453f,0.885f,-0.5637f,-0.7047f,-0.4308f,11.3439f,0.1513f,-0.6008f,0.7849f,3.053f,0f,0f,0f,1f],start_interpolation: 0,interpolation_duration: 1}
$data merge entity $(bone_invisibility) {transformation: [0.3283f,-0.4182f,0.8469f,0.609f,-0.7943f,0.363f,0.4872f,11.3202f,-0.5112f,-0.8327f,-0.213f,2.7586f,0f,0f,0f,1f],start_interpolation: 0,interpolation_duration: 1}
$data merge entity $(bone_swiftness) {transformation: [0.4453f,0.2906f,0.8469f,0.609f,-0.4308f,-0.7596f,0.4872f,11.3169f,0.7849f,-0.5818f,-0.213f,2.9957f,0f,0f,0f,1f],start_interpolation: 0,interpolation_duration: 1}
$data merge entity $(bone_suspicious_stew) {transformation: [0.4515f,-0.2807f,0.8469f,0.6789f,-0.8706f,0.0694f,0.4872f,11.275f,-0.1956f,-0.9573f,-0.213f,2.9331f,0f,0f,0f,1f],start_interpolation: 0,interpolation_duration: 1}
$data merge entity $(bone_log) {transformation: [-0.8469f,0.2906f,0.4453f,0.6567f,-0.4872f,-0.7596f,-0.4308f,11.1142f,0.213f,-0.5818f,0.7849f,2.9171f,0f,0f,0f,1f],start_interpolation: 0,interpolation_duration: 1}
$data merge entity $(bone_planks) {transformation: [-0.8469f,0.2906f,0.4453f,0.5773f,-0.4872f,-0.7596f,-0.4308f,11.0685f,0.213f,-0.5818f,0.7849f,2.9371f,0f,0f,0f,1f],start_interpolation: 0,interpolation_duration: 1}
$data merge entity $(bone_lefthand1) {transformation: [-0.8469f,0.2906f,0.4453f,0.9271f,-0.4872f,-0.7596f,-0.4308f,11.0595f,0.213f,-0.5818f,0.7849f,2.6939f,0f,0f,0f,1f],start_interpolation: 0,interpolation_duration: 1}
$data merge entity $(bone_leftforearm) {transformation: [-0.6084f,0.5695f,0.5528f,1.2809f,-0.7936f,-0.4416f,-0.4185f,10.706f,0.0058f,-0.6933f,0.7206f,2.1955f,0f,0f,0f,1f],start_interpolation: 0,interpolation_duration: 1}
$data merge entity $(bone_leftelbow) {transformation: [-0.6084f,-0.5528f,0.5695f,1.1773f,-0.7936f,0.4185f,-0.4416f,10.7844f,0.0058f,-0.7206f,-0.6933f,2.0604f,0f,0f,0f,1f],start_interpolation: 0,interpolation_duration: 1}
$data merge entity $(bone_leftarm) {transformation: [-0.6084f,-0.5528f,0.5695f,0.75f,-0.7936f,0.4185f,-0.4416f,10.8339f,0.0058f,-0.7206f,-0.6933f,1.723f,0f,0f,0f,1f],start_interpolation: 0,interpolation_duration: 1}
$data merge entity $(bone_rightthumb2) {transformation: [-0.2273f,-0.6383f,-0.7355f,-0.5124f,0.972f,-0.1023f,-0.2116f,11.242f,0.0598f,-0.763f,0.6437f,2.7345f,0f,0f,0f,1f],start_interpolation: 0,interpolation_duration: 1}
$data merge entity $(bone_rightthumb) {transformation: [-0.2273f,-0.6383f,-0.7355f,-0.7318f,0.972f,-0.1023f,-0.2116f,11.1988f,0.0598f,-0.763f,0.6437f,2.6024f,0f,0f,0f,1f],start_interpolation: 0,interpolation_duration: 1}
$data merge entity $(bone_rightpointerfinger) {transformation: [-0.8143f,-0.3723f,-0.4453f,-0.7461f,0.5593f,-0.7082f,-0.4308f,11.4787f,-0.1549f,-0.5999f,0.7849f,2.8077f,0f,0f,0f,1f],start_interpolation: 0,interpolation_duration: 1}
$data merge entity $(bone_rightmidfinger) {transformation: [-0.8143f,-0.3723f,-0.4453f,-0.8157f,0.5593f,-0.7082f,-0.4308f,11.4114f,-0.1549f,-0.5999f,0.7849f,2.9303f,0f,0f,0f,1f],start_interpolation: 0,interpolation_duration: 1}
$data merge entity $(bone_rightringfinger) {transformation: [-0.8143f,-0.3723f,-0.4453f,-0.8853f,0.5593f,-0.7082f,-0.4308f,11.3441f,-0.1549f,-0.5999f,0.7849f,3.053f,0f,0f,0f,1f],start_interpolation: 0,interpolation_duration: 1}
$data merge entity $(bone_hugeasssword) {transformation: [-3.3172f,-1.1382f,-1.744f,-0.6466f,1.908f,-2.9753f,-1.6874f,11.1368f,-0.8344f,-2.2787f,3.0743f,2.8556f,0f,0f,0f,1f],start_interpolation: 0,interpolation_duration: 1}
$data merge entity $(bone_ice) {transformation: [-0.8469f,-0.2906f,-0.4453f,-0.6289f,0.4872f,-0.7596f,-0.4308f,11.1411f,-0.213f,-0.5818f,0.7849f,2.868f,0f,0f,0f,1f],start_interpolation: 0,interpolation_duration: 1}
$data merge entity $(bone_righthand1) {transformation: [-0.8469f,-0.2906f,-0.4453f,-0.9271f,0.4872f,-0.7596f,-0.4308f,11.0595f,-0.213f,-0.5818f,0.7849f,2.6939f,0f,0f,0f,1f],start_interpolation: 0,interpolation_duration: 1}
$data merge entity $(bone_rightforearm) {transformation: [-0.6084f,-0.5695f,-0.5528f,-1.2809f,0.7936f,-0.4416f,-0.4185f,10.706f,-0.0058f,-0.6933f,0.7206f,2.1955f,0f,0f,0f,1f],start_interpolation: 0,interpolation_duration: 1}
$data merge entity $(bone_rightelbow) {transformation: [-0.6084f,0.5528f,-0.5695f,-1.1773f,0.7936f,0.4185f,-0.4416f,10.7844f,-0.0058f,-0.7206f,-0.6933f,2.0604f,0f,0f,0f,1f],start_interpolation: 0,interpolation_duration: 1}
$data merge entity $(bone_rightarm) {transformation: [-0.6084f,0.5528f,-0.5695f,-0.75f,0.7936f,0.4185f,-0.4416f,10.8339f,-0.0058f,-0.7206f,-0.6933f,1.723f,0f,0f,0f,1f],start_interpolation: 0,interpolation_duration: 1}
$data merge entity $(bone_chest1) {transformation: [-1.0833f,0f,0f,-0.0023f,0f,1.0833f,0f,10.6736f,0f,0f,-1.0833f,1.6129f,0f,0f,0f,1f],start_interpolation: 0,interpolation_duration: 1}
$data merge entity $(bone_chest1lid) {transformation: [-1f,0f,0f,-0.3438f,0f,1f,0f,9.9901f,0f,0f,-1f,2.0042f,0f,0f,0f,1f],start_interpolation: 0,interpolation_duration: 1}
$data merge entity $(bone_chest2) {transformation: [-1f,0f,0f,-0.3438f,0f,1f,0f,9.8339f,0f,0f,-1f,2.0042f,0f,0f,0f,1f],start_interpolation: 0,interpolation_duration: 1}
$data merge entity $(bone_chest1lid3) {transformation: [-1f,0f,0f,-0.2813f,0f,1f,0f,9.9901f,0f,0f,-1f,1.3636f,0f,0f,0f,1f],start_interpolation: 0,interpolation_duration: 1}
$data merge entity $(bone_chest3) {transformation: [-1f,0f,0f,-0.2813f,0f,1f,0f,9.8339f,0f,0f,-1f,1.3636f,0f,0f,0f,1f],start_interpolation: 0,interpolation_duration: 1}
$data merge entity $(bone_hugeasssword2) {transformation: [0f,2.8877f,-2.6461f,-1.2344f,0f,2.6461f,2.8877f,11.8339f,3.9167f,0f,0f,1.348f,0f,0f,0f,1f],start_interpolation: 0,interpolation_duration: 1}
$data merge entity $(bone_belt) {transformation: [-1f,0f,0f,0.0297f,0f,1f,0f,10.2752f,0f,0f,-1f,1.7438f,0f,0f,0f,1f],start_interpolation: 0,interpolation_duration: 1}
$data merge entity $(bone_torn_part) {transformation: [-1f,0f,0f,-0.0938f,0f,0.9537f,0.3007f,9.9901f,0f,0.3007f,-0.9537f,1.7386f,0f,0f,0f,1f],start_interpolation: 0,interpolation_duration: 1}
$data merge entity $(bone_lowerbody) {transformation: [-1f,0f,0f,0.0039f,0f,1f,0f,9.5018f,0f,0f,-1f,1.8792f,0f,0f,0f,1f],start_interpolation: 0,interpolation_duration: 1}
$data merge entity $(bone_leftfoot) {transformation: [-0.9986f,0.0395f,-0.0365f,0.2819f,-0.0186f,0.3821f,0.9239f,8.0167f,0.0504f,0.9233f,-0.3808f,0.3715f,0f,0f,0f,1f],start_interpolation: 0,interpolation_duration: 1}
$data merge entity $(bone_leftlowerleg) {transformation: [-0.9998f,0.0039f,-0.0214f,0.2895f,-0.0146f,0.6091f,0.7929f,8.5706f,0.0161f,0.7931f,-0.6089f,1.3449f,0f,0f,0f,1f],start_interpolation: 0,interpolation_duration: 1}
$data merge entity $(bone_leftleg) {transformation: [-0.9998f,-0.0083f,-0.0202f,0.25f,-0.0146f,0.9398f,0.3415f,9.5597f,0.0161f,0.3417f,-0.9397f,1.7329f,0f,0f,0f,1f],start_interpolation: 0,interpolation_duration: 1}
$data merge entity $(bone_rightfoot) {transformation: [-0.999f,-0.0386f,0.0206f,-0.2041f,-0.0191f,0.8085f,0.5882f,7.7057f,-0.0393f,0.5873f,-0.8084f,0.6744f,0f,0f,0f,1f],start_interpolation: 0,interpolation_duration: 1}
$data merge entity $(bone_rightlowerleg) {transformation: [-0.999f,-0.0377f,0.0222f,-0.2493f,-0.0191f,0.8334f,0.5524f,8.5454f,-0.0393f,0.5514f,-0.8333f,1.4141f,0f,0f,0f,1f],start_interpolation: 0,interpolation_duration: 1}
$data merge entity $(bone_rightleg) {transformation: [-0.999f,-0.0292f,0.0325f,-0.25f,-0.0191f,0.9609f,0.2762f,9.5597f,-0.0393f,0.2753f,-0.9605f,1.7329f,0f,0f,0f,1f],start_interpolation: 0,interpolation_duration: 1}
data modify entity @s data merge value {"cameras":{},"locators":{"lefthand":{"posx":0.7064229849126359,"posy":11.22591820657421,"posz":2.930313239047755,"roty":150.43516810310012,"rotx":-25.520562442102424},"sword":{"posx":0.9451648096717387,"posy":12.7940714256607,"posz":-0.04954573215349933,"roty":209.56483189689988,"rotx":-25.520562442102428},"righthand":{"posx":-0.6967558111060728,"posy":11.205367396439433,"posz":2.8448924573058507,"roty":209.56483189689988,"rotx":-25.520562442102428},"chest":{"posx":-0.3750000000000003,"posy":9.927609513238938,"posz":2.160479053467799,"roty":0,"rotx":0}}}