# This file was generated by Animated Java via MC-Build. It is not recommended to edit this file directly.
$data merge entity $(nose) {transformation: [-1f,0f,0f,0f,0f,0.7071f,-0.7071f,17.8005f,0f,-0.7071f,-0.7071f,3.9382f,0f,0f,0f,1f],start_interpolation: 0,interpolation_duration: 1}
$data merge entity $(glowing_eye) {transformation: [-1f,0f,0f,-0.125f,0f,0.7071f,-0.7071f,17.8731f,0f,-0.7071f,-0.7071f,3.915f,0f,0f,0f,1f],start_interpolation: 0,interpolation_duration: 1}
$data merge entity $(head) {transformation: [-1f,0f,0f,0f,0f,0.7071f,-0.7071f,17.5808f,0f,-0.7071f,-0.7071f,3.8931f,0f,0f,0f,1f],start_interpolation: 0,interpolation_duration: 1}
$data merge entity $(leftthumb2) {transformation: [-0.0915f,0.8093f,0.5802f,0.1824f,-0.9951f,-0.0521f,-0.0842f,17.5338f,-0.038f,-0.5851f,0.8101f,4.8018f,0f,0f,0f,1f],start_interpolation: 0,interpolation_duration: 1}
$data merge entity $(leftthumb) {transformation: [-0.0915f,0.8093f,0.5802f,0.4304f,-0.9951f,-0.0521f,-0.0842f,17.5138f,-0.038f,-0.5851f,0.8101f,4.7276f,0f,0f,0f,1f],start_interpolation: 0,interpolation_duration: 1}
$data merge entity $(leftpointerfinger) {transformation: [-0.7568f,0.5847f,0.2923f,0.3626f,-0.6536f,-0.6796f,-0.333f,17.8021f,0.004f,-0.4431f,0.8965f,4.9091f,0f,0f,0f,1f],start_interpolation: 0,interpolation_duration: 1}
$data merge entity $(leftmidfinger) {transformation: [-0.7568f,0.5847f,0.2923f,0.4083f,-0.6536f,-0.6796f,-0.333f,17.7501f,0.004f,-0.4431f,0.8965f,5.0492f,0f,0f,0f,1f],start_interpolation: 0,interpolation_duration: 1}
$data merge entity $(leftringfinger) {transformation: [-0.7568f,0.5847f,0.2923f,0.454f,-0.6536f,-0.6796f,-0.333f,17.6981f,0.004f,-0.4431f,0.8965f,5.1892f,0f,0f,0f,1f],start_interpolation: 0,interpolation_duration: 1}
$data merge entity $(invisibility) {transformation: [0.5311f,-0.247f,0.8105f,0.2606f,-0.7667f,0.2672f,0.5838f,17.6249f,-0.3607f,-0.9315f,-0.0474f,4.8417f,0f,0f,0f,1f],start_interpolation: 0,interpolation_duration: 1}
$data merge entity $(swiftness) {transformation: [0.2923f,0.5076f,0.8105f,0.2045f,-0.333f,-0.7404f,0.5838f,17.6324f,0.8965f,-0.4405f,-0.0474f,5.0719f,0f,0f,0f,1f],start_interpolation: 0,interpolation_duration: 1}
$data merge entity $(suspicious_stew) {transformation: [0.5836f,-0.0504f,0.8105f,0.2917f,-0.8118f,-0.0111f,0.5838f,17.5972f,-0.0204f,-0.9987f,-0.0474f,5.0304f,0f,0f,0f,1f],start_interpolation: 0,interpolation_duration: 1}
$data merge entity $(log) {transformation: [-0.8105f,0.5076f,0.2923f,0.2928f,-0.5838f,-0.7404f,-0.333f,17.4343f,0.0474f,-0.4405f,0.8965f,5.0218f,0f,0f,0f,1f],start_interpolation: 0,interpolation_duration: 1}
$data merge entity $(planks) {transformation: [-0.8105f,0.5076f,0.2923f,0.2168f,-0.5838f,-0.7404f,-0.333f,17.3796f,0.0474f,-0.4405f,0.8965f,5.0263f,0f,0f,0f,1f],start_interpolation: 0,interpolation_duration: 1}
$data merge entity $(lefthand1) {transformation: [-0.8105f,0.5076f,0.2923f,0.6132f,-0.5838f,-0.7404f,-0.333f,17.4056f,0.0474f,-0.4405f,0.8965f,4.8718f,0f,0f,0f,1f],start_interpolation: 0,interpolation_duration: 1}
$data merge entity $(leftforearm) {transformation: [-0.4445f,0.8037f,0.3956f,1.1443f,-0.8939f,-0.3694f,-0.2539f,17.0939f,-0.0579f,-0.4665f,0.8826f,4.5264f,0f,0f,0f,1f],start_interpolation: 0,interpolation_duration: 1}
$data merge entity $(leftelbow) {transformation: [-0.4445f,-0.3956f,0.8037f,1.0702f,-0.8939f,0.2539f,-0.3694f,17.1415f,-0.0579f,-0.8826f,-0.4665f,4.3609f,0f,0f,0f,1f],start_interpolation: 0,interpolation_duration: 1}
$data merge entity $(leftarm) {transformation: [-0.4445f,-0.3956f,0.8037f,0.75f,-0.8939f,0.2539f,-0.3694f,17.0845f,-0.0579f,-0.8826f,-0.4665f,3.9215f,0f,0f,0f,1f],start_interpolation: 0,interpolation_duration: 1}
$data merge entity $(rightthumb2) {transformation: [-0.0915f,-0.8093f,-0.5802f,-0.1824f,0.9951f,-0.0521f,-0.0842f,17.5338f,0.038f,-0.5851f,0.8101f,4.8018f,0f,0f,0f,1f],start_interpolation: 0,interpolation_duration: 1}
$data merge entity $(rightthumb) {transformation: [-0.0915f,-0.8093f,-0.5802f,-0.4304f,0.9951f,-0.0521f,-0.0842f,17.5138f,0.038f,-0.5851f,0.8101f,4.7276f,0f,0f,0f,1f],start_interpolation: 0,interpolation_duration: 1}
$data merge entity $(rightpointerfinger) {transformation: [-0.7568f,-0.5847f,-0.2923f,-0.3626f,0.6536f,-0.6796f,-0.333f,17.8021f,-0.004f,-0.4431f,0.8965f,4.9091f,0f,0f,0f,1f],start_interpolation: 0,interpolation_duration: 1}
$data merge entity $(rightmidfinger) {transformation: [-0.7568f,-0.5847f,-0.2923f,-0.4083f,0.6536f,-0.6796f,-0.333f,17.7501f,-0.004f,-0.4431f,0.8965f,5.0492f,0f,0f,0f,1f],start_interpolation: 0,interpolation_duration: 1}
$data merge entity $(rightringfinger) {transformation: [-0.7568f,-0.5847f,-0.2923f,-0.454f,0.6536f,-0.6796f,-0.333f,17.6981f,-0.004f,-0.4431f,0.8965f,5.1892f,0f,0f,0f,1f],start_interpolation: 0,interpolation_duration: 1}
$data merge entity $(hugeasssword) {transformation: [-3.1744f,-1.9881f,-1.1449f,-0.2952f,2.2866f,-2.9001f,-1.3042f,17.4527f,-0.1857f,-1.7255f,3.5112f,4.9582f,0f,0f,0f,1f],start_interpolation: 0,interpolation_duration: 1}
$data merge entity $(whey) {transformation: [0f,0f,0f,-0.0672f,0f,0f,0f,17.4686f,0f,0f,0f,4.8815f,0f,0f,0f,1f],start_interpolation: 0,interpolation_duration: 1}
$data merge entity $(ice) {transformation: [-0.8105f,-0.5076f,-0.2923f,-0.2746f,0.5838f,-0.7404f,-0.333f,17.4551f,-0.0474f,-0.4405f,0.8965f,4.9658f,0f,0f,0f,1f],start_interpolation: 0,interpolation_duration: 1}
$data merge entity $(righthand1) {transformation: [-0.8105f,-0.5076f,-0.2923f,-0.6132f,0.5838f,-0.7404f,-0.333f,17.4056f,-0.0474f,-0.4405f,0.8965f,4.8718f,0f,0f,0f,1f],start_interpolation: 0,interpolation_duration: 1}
$data merge entity $(rightforearm) {transformation: [-0.4445f,-0.8037f,-0.3956f,-1.1443f,0.8939f,-0.3694f,-0.2539f,17.0939f,0.0579f,-0.4665f,0.8826f,4.5264f,0f,0f,0f,1f],start_interpolation: 0,interpolation_duration: 1}
$data merge entity $(rightelbow) {transformation: [-0.4445f,0.3956f,-0.8037f,-1.0702f,0.8939f,0.2539f,-0.3694f,17.1415f,0.0579f,-0.8826f,-0.4665f,4.3609f,0f,0f,0f,1f],start_interpolation: 0,interpolation_duration: 1}
$data merge entity $(rightarm) {transformation: [-0.4445f,0.3956f,-0.8037f,-0.75f,0.8939f,0.2539f,-0.3694f,17.0845f,0.0579f,-0.8826f,-0.4665f,3.9215f,0f,0f,0f,1f],start_interpolation: 0,interpolation_duration: 1}
$data merge entity $(chest1) {transformation: [-1.0833f,0f,0f,-0.0023f,0f,1.0833f,0f,16.9242f,0f,0f,-1.0833f,3.8114f,0f,0f,0f,1f],start_interpolation: 0,interpolation_duration: 1}
$data merge entity $(chest1lid) {transformation: [-1f,0f,0f,-0.3438f,0f,1f,0f,16.2408f,0f,0f,-1f,4.2027f,0f,0f,0f,1f],start_interpolation: 0,interpolation_duration: 1}
$data merge entity $(chest2) {transformation: [-1f,0f,0f,-0.3438f,0f,1f,0f,16.0845f,0f,0f,-1f,4.2027f,0f,0f,0f,1f],start_interpolation: 0,interpolation_duration: 1}
$data merge entity $(chest1lid3) {transformation: [-1f,0f,0f,-0.2813f,0f,1f,0f,16.2408f,0f,0f,-1f,3.5621f,0f,0f,0f,1f],start_interpolation: 0,interpolation_duration: 1}
$data merge entity $(chest3) {transformation: [-1f,0f,0f,-0.2813f,0f,1f,0f,16.0845f,0f,0f,-1f,3.5621f,0f,0f,0f,1f],start_interpolation: 0,interpolation_duration: 1}
$data merge entity $(hugeasssword2) {transformation: [0f,2.8877f,-2.6461f,-1.2344f,0f,2.6461f,2.8877f,18.0845f,3.9167f,0f,0f,3.5465f,0f,0f,0f,1f],start_interpolation: 0,interpolation_duration: 1}
$data merge entity $(belt) {transformation: [-1f,0f,0f,0.0297f,0f,1f,0f,16.5259f,0f,0f,-1f,3.9423f,0f,0f,0f,1f],start_interpolation: 0,interpolation_duration: 1}
$data merge entity $(torn_part) {transformation: [-1f,0f,0f,-0.0938f,0f,0.9537f,0.3007f,16.2408f,0f,0.3007f,-0.9537f,3.9371f,0f,0f,0f,1f],start_interpolation: 0,interpolation_duration: 1}
$data merge entity $(lowerbody) {transformation: [-1f,0f,0f,0.0039f,0f,1f,0f,15.7525f,0f,0f,-1f,4.0777f,0f,0f,0f,1f],start_interpolation: 0,interpolation_duration: 1}
$data merge entity $(leftfoot) {transformation: [-0.9986f,0.0395f,-0.0365f,0.2819f,-0.0186f,0.3821f,0.9239f,14.2289f,0.0504f,0.9233f,-0.3808f,2.5444f,0f,0f,0f,1f],start_interpolation: 0,interpolation_duration: 1}
$data merge entity $(leftlowerleg) {transformation: [-0.9998f,0.0039f,-0.0214f,0.2895f,-0.0146f,0.6091f,0.7929f,14.7828f,0.0161f,0.7931f,-0.6089f,3.5178f,0f,0f,0f,1f],start_interpolation: 0,interpolation_duration: 1}
$data merge entity $(leftleg) {transformation: [-0.9998f,-0.0083f,-0.0202f,0.25f,-0.0146f,0.9398f,0.3415f,15.772f,0.0161f,0.3417f,-0.9397f,3.9059f,0f,0f,0f,1f],start_interpolation: 0,interpolation_duration: 1}
$data merge entity $(rightfoot) {transformation: [-0.999f,-0.0386f,0.0206f,-0.2041f,-0.0191f,0.8085f,0.5882f,13.918f,-0.0393f,0.5873f,-0.8084f,2.8473f,0f,0f,0f,1f],start_interpolation: 0,interpolation_duration: 1}
$data merge entity $(rightlowerleg) {transformation: [-0.999f,-0.0377f,0.0222f,-0.2493f,-0.0191f,0.8334f,0.5524f,14.7576f,-0.0393f,0.5514f,-0.8333f,3.5871f,0f,0f,0f,1f],start_interpolation: 0,interpolation_duration: 1}
$data merge entity $(rightleg) {transformation: [-0.999f,-0.0292f,0.0325f,-0.25f,-0.0191f,0.9609f,0.2762f,15.772f,-0.0393f,0.2753f,-0.9605f,3.9059f,0f,0f,0f,1f],start_interpolation: 0,interpolation_duration: 1}
data modify entity @s data merge value {"cameras":{},"locators":{"soup":{"px":0.25767050028885247,"py":17.577064279326727,"pz":4.860242159486988,"ry":86.65212961004237,"rx":35.719953046081415},"lefthand":{"px":0.3245894250920253,"py":17.5521074414491,"pz":5.037770695966565,"ry":161.94076269425986,"rx":-19.450622934087413},"sword":{"px":0.7398409284987952,"py":18.75455829947308,"pz":1.6484483143699267,"ry":198.05923730574014,"rx":-19.450622934087413},"righthand":{"px":-0.33804496431075637,"py":17.526641544876245,"pz":4.9542067289947065,"ry":198.05923730574014,"rx":-19.450622934087413},"chest":{"px":-0.37500000000000056,"py":16.178251877560314,"pz":4.358981850250342,"ry":0,"rx":0}}}