# This file was generated by Animated Java via MC-Build. It is not recommended to edit this file directly.
$data merge entity $(nose) {transformation: [-1f,0f,0f,0f,0f,0.7071f,-0.7071f,102.6734f,0f,-0.7071f,-0.7071f,41.4002f,0f,0f,0f,1f],start_interpolation: 0,interpolation_duration: 1}
$data merge entity $(glowing_eye) {transformation: [-1f,0f,0f,-0.125f,0f,0.7071f,-0.7071f,102.746f,0f,-0.7071f,-0.7071f,41.377f,0f,0f,0f,1f],start_interpolation: 0,interpolation_duration: 1}
$data merge entity $(head) {transformation: [-1f,0f,0f,0f,0f,0.7071f,-0.7071f,102.4537f,0f,-0.7071f,-0.7071f,41.3551f,0f,0f,0f,1f],start_interpolation: 0,interpolation_duration: 1}
$data merge entity $(leftthumb2) {transformation: [-0.0915f,0.8093f,0.5802f,0.1824f,-0.9951f,-0.0521f,-0.0842f,102.4067f,-0.038f,-0.5851f,0.8101f,42.2638f,0f,0f,0f,1f],start_interpolation: 0,interpolation_duration: 1}
$data merge entity $(leftthumb) {transformation: [-0.0915f,0.8093f,0.5802f,0.4304f,-0.9951f,-0.0521f,-0.0842f,102.3867f,-0.038f,-0.5851f,0.8101f,42.1896f,0f,0f,0f,1f],start_interpolation: 0,interpolation_duration: 1}
$data merge entity $(leftpointerfinger) {transformation: [-0.7568f,0.5847f,0.2923f,0.3626f,-0.6536f,-0.6796f,-0.333f,102.675f,0.004f,-0.4431f,0.8965f,42.3711f,0f,0f,0f,1f],start_interpolation: 0,interpolation_duration: 1}
$data merge entity $(leftmidfinger) {transformation: [-0.7568f,0.5847f,0.2923f,0.4083f,-0.6536f,-0.6796f,-0.333f,102.623f,0.004f,-0.4431f,0.8965f,42.5112f,0f,0f,0f,1f],start_interpolation: 0,interpolation_duration: 1}
$data merge entity $(leftringfinger) {transformation: [-0.7568f,0.5847f,0.2923f,0.454f,-0.6536f,-0.6796f,-0.333f,102.571f,0.004f,-0.4431f,0.8965f,42.6512f,0f,0f,0f,1f],start_interpolation: 0,interpolation_duration: 1}
$data merge entity $(invisibility) {transformation: [0.5311f,-0.247f,0.8105f,0.2606f,-0.7667f,0.2672f,0.5838f,102.4979f,-0.3607f,-0.9315f,-0.0474f,42.3037f,0f,0f,0f,1f],start_interpolation: 0,interpolation_duration: 1}
$data merge entity $(swiftness) {transformation: [0.2923f,0.5076f,0.8105f,0.2045f,-0.333f,-0.7404f,0.5838f,102.5053f,0.8965f,-0.4405f,-0.0474f,42.5339f,0f,0f,0f,1f],start_interpolation: 0,interpolation_duration: 1}
$data merge entity $(suspicious_stew) {transformation: [0.5836f,-0.0504f,0.8105f,0.2917f,-0.8118f,-0.0111f,0.5838f,102.4701f,-0.0204f,-0.9987f,-0.0474f,42.4924f,0f,0f,0f,1f],start_interpolation: 0,interpolation_duration: 1}
$data merge entity $(log) {transformation: [-0.8105f,0.5076f,0.2923f,0.2928f,-0.5838f,-0.7404f,-0.333f,102.3072f,0.0474f,-0.4405f,0.8965f,42.4838f,0f,0f,0f,1f],start_interpolation: 0,interpolation_duration: 1}
$data merge entity $(planks) {transformation: [-0.8105f,0.5076f,0.2923f,0.2168f,-0.5838f,-0.7404f,-0.333f,102.2525f,0.0474f,-0.4405f,0.8965f,42.4883f,0f,0f,0f,1f],start_interpolation: 0,interpolation_duration: 1}
$data merge entity $(lefthand1) {transformation: [-0.8105f,0.5076f,0.2923f,0.6132f,-0.5838f,-0.7404f,-0.333f,102.2785f,0.0474f,-0.4405f,0.8965f,42.3338f,0f,0f,0f,1f],start_interpolation: 0,interpolation_duration: 1}
$data merge entity $(leftforearm) {transformation: [-0.4445f,0.8037f,0.3956f,1.1443f,-0.8939f,-0.3694f,-0.2539f,101.9668f,-0.0579f,-0.4665f,0.8826f,41.9884f,0f,0f,0f,1f],start_interpolation: 0,interpolation_duration: 1}
$data merge entity $(leftelbow) {transformation: [-0.4445f,-0.3956f,0.8037f,1.0702f,-0.8939f,0.2539f,-0.3694f,102.0144f,-0.0579f,-0.8826f,-0.4665f,41.8229f,0f,0f,0f,1f],start_interpolation: 0,interpolation_duration: 1}
$data merge entity $(leftarm) {transformation: [-0.4445f,-0.3956f,0.8037f,0.75f,-0.8939f,0.2539f,-0.3694f,101.9574f,-0.0579f,-0.8826f,-0.4665f,41.3835f,0f,0f,0f,1f],start_interpolation: 0,interpolation_duration: 1}
$data merge entity $(rightthumb2) {transformation: [-0.0915f,-0.8093f,-0.5802f,-0.1824f,0.9951f,-0.0521f,-0.0842f,102.4067f,0.038f,-0.5851f,0.8101f,42.2638f,0f,0f,0f,1f],start_interpolation: 0,interpolation_duration: 1}
$data merge entity $(rightthumb) {transformation: [-0.0915f,-0.8093f,-0.5802f,-0.4304f,0.9951f,-0.0521f,-0.0842f,102.3867f,0.038f,-0.5851f,0.8101f,42.1896f,0f,0f,0f,1f],start_interpolation: 0,interpolation_duration: 1}
$data merge entity $(rightpointerfinger) {transformation: [-0.7568f,-0.5847f,-0.2923f,-0.3626f,0.6536f,-0.6796f,-0.333f,102.675f,-0.004f,-0.4431f,0.8965f,42.3711f,0f,0f,0f,1f],start_interpolation: 0,interpolation_duration: 1}
$data merge entity $(rightmidfinger) {transformation: [-0.7568f,-0.5847f,-0.2923f,-0.4083f,0.6536f,-0.6796f,-0.333f,102.623f,-0.004f,-0.4431f,0.8965f,42.5112f,0f,0f,0f,1f],start_interpolation: 0,interpolation_duration: 1}
$data merge entity $(rightringfinger) {transformation: [-0.7568f,-0.5847f,-0.2923f,-0.454f,0.6536f,-0.6796f,-0.333f,102.571f,-0.004f,-0.4431f,0.8965f,42.6512f,0f,0f,0f,1f],start_interpolation: 0,interpolation_duration: 1}
$data merge entity $(hugeasssword) {transformation: [-3.1744f,-1.9881f,-1.1449f,-0.2952f,2.2866f,-2.9001f,-1.3042f,102.3256f,-0.1857f,-1.7255f,3.5112f,42.4202f,0f,0f,0f,1f],start_interpolation: 0,interpolation_duration: 1}
$data merge entity $(whey) {transformation: [0f,0f,0f,-0.0672f,0f,0f,0f,102.3415f,0f,0f,0f,42.3435f,0f,0f,0f,1f],start_interpolation: 0,interpolation_duration: 1}
$data merge entity $(ice) {transformation: [-0.8105f,-0.5076f,-0.2923f,-0.2746f,0.5838f,-0.7404f,-0.333f,102.328f,-0.0474f,-0.4405f,0.8965f,42.4278f,0f,0f,0f,1f],start_interpolation: 0,interpolation_duration: 1}
$data merge entity $(righthand1) {transformation: [-0.8105f,-0.5076f,-0.2923f,-0.6132f,0.5838f,-0.7404f,-0.333f,102.2785f,-0.0474f,-0.4405f,0.8965f,42.3338f,0f,0f,0f,1f],start_interpolation: 0,interpolation_duration: 1}
$data merge entity $(rightforearm) {transformation: [-0.4445f,-0.8037f,-0.3956f,-1.1443f,0.8939f,-0.3694f,-0.2539f,101.9668f,0.0579f,-0.4665f,0.8826f,41.9884f,0f,0f,0f,1f],start_interpolation: 0,interpolation_duration: 1}
$data merge entity $(rightelbow) {transformation: [-0.4445f,0.3956f,-0.8037f,-1.0702f,0.8939f,0.2539f,-0.3694f,102.0144f,0.0579f,-0.8826f,-0.4665f,41.8229f,0f,0f,0f,1f],start_interpolation: 0,interpolation_duration: 1}
$data merge entity $(rightarm) {transformation: [-0.4445f,0.3956f,-0.8037f,-0.75f,0.8939f,0.2539f,-0.3694f,101.9574f,0.0579f,-0.8826f,-0.4665f,41.3835f,0f,0f,0f,1f],start_interpolation: 0,interpolation_duration: 1}
$data merge entity $(chest1) {transformation: [-1.0833f,0f,0f,-0.0023f,0f,1.0833f,0f,101.7971f,0f,0f,-1.0833f,41.2734f,0f,0f,0f,1f],start_interpolation: 0,interpolation_duration: 1}
$data merge entity $(chest1lid) {transformation: [-1f,0f,0f,-0.3438f,0f,1f,0f,101.1137f,0f,0f,-1f,41.6647f,0f,0f,0f,1f],start_interpolation: 0,interpolation_duration: 1}
$data merge entity $(chest2) {transformation: [-1f,0f,0f,-0.3438f,0f,1f,0f,100.9574f,0f,0f,-1f,41.6647f,0f,0f,0f,1f],start_interpolation: 0,interpolation_duration: 1}
$data merge entity $(chest1lid3) {transformation: [-1f,0f,0f,-0.2813f,0f,1f,0f,101.1137f,0f,0f,-1f,41.0241f,0f,0f,0f,1f],start_interpolation: 0,interpolation_duration: 1}
$data merge entity $(chest3) {transformation: [-1f,0f,0f,-0.2813f,0f,1f,0f,100.9574f,0f,0f,-1f,41.0241f,0f,0f,0f,1f],start_interpolation: 0,interpolation_duration: 1}
$data merge entity $(hugeasssword2) {transformation: [0f,2.8877f,-2.6461f,-1.2344f,0f,2.6461f,2.8877f,102.9574f,3.9167f,0f,0f,41.0085f,0f,0f,0f,1f],start_interpolation: 0,interpolation_duration: 1}
$data merge entity $(belt) {transformation: [-1f,0f,0f,0.0297f,0f,1f,0f,101.3988f,0f,0f,-1f,41.4043f,0f,0f,0f,1f],start_interpolation: 0,interpolation_duration: 1}
$data merge entity $(torn_part) {transformation: [-1f,0f,0f,-0.0938f,0f,0.9537f,0.3007f,101.1137f,0f,0.3007f,-0.9537f,41.3991f,0f,0f,0f,1f],start_interpolation: 0,interpolation_duration: 1}
$data merge entity $(lowerbody) {transformation: [-1f,0f,0f,0.0039f,0f,1f,0f,100.6254f,0f,0f,-1f,41.5397f,0f,0f,0f,1f],start_interpolation: 0,interpolation_duration: 1}
$data merge entity $(leftfoot) {transformation: [-0.9986f,0.0395f,-0.0365f,0.2819f,-0.0186f,0.3821f,0.9239f,99.1018f,0.0504f,0.9233f,-0.3808f,40.0065f,0f,0f,0f,1f],start_interpolation: 0,interpolation_duration: 1}
$data merge entity $(leftlowerleg) {transformation: [-0.9998f,0.0039f,-0.0214f,0.2895f,-0.0146f,0.6091f,0.7929f,99.6557f,0.0161f,0.7931f,-0.6089f,40.9798f,0f,0f,0f,1f],start_interpolation: 0,interpolation_duration: 1}
$data merge entity $(leftleg) {transformation: [-0.9998f,-0.0083f,-0.0202f,0.25f,-0.0146f,0.9398f,0.3415f,100.6449f,0.0161f,0.3417f,-0.9397f,41.3679f,0f,0f,0f,1f],start_interpolation: 0,interpolation_duration: 1}
$data merge entity $(rightfoot) {transformation: [-0.999f,-0.0386f,0.0206f,-0.2041f,-0.0191f,0.8085f,0.5882f,98.7909f,-0.0393f,0.5873f,-0.8084f,40.3093f,0f,0f,0f,1f],start_interpolation: 0,interpolation_duration: 1}
$data merge entity $(rightlowerleg) {transformation: [-0.999f,-0.0377f,0.0222f,-0.2493f,-0.0191f,0.8334f,0.5524f,99.6305f,-0.0393f,0.5514f,-0.8333f,41.0491f,0f,0f,0f,1f],start_interpolation: 0,interpolation_duration: 1}
$data merge entity $(rightleg) {transformation: [-0.999f,-0.0292f,0.0325f,-0.25f,-0.0191f,0.9609f,0.2762f,100.6449f,-0.0393f,0.2753f,-0.9605f,41.3679f,0f,0f,0f,1f],start_interpolation: 0,interpolation_duration: 1}
data modify entity @s data merge value {"cameras":{},"locators":{"soup":{"px":0.2576705002888478,"py":102.4499656789626,"pz":42.32224631287797,"ry":86.65212961004237,"rx":35.719953046081415},"lefthand":{"px":0.32458942509202066,"py":102.42500884108496,"pz":42.49977484935756,"ry":161.94076269425986,"rx":-19.450622934087413},"sword":{"px":0.7398409284987908,"py":103.62745969910894,"pz":39.110452467760915,"ry":198.05923730574014,"rx":-19.450622934087413},"righthand":{"px":-0.3380449643107608,"py":102.3995429445121,"pz":42.4162108823857,"ry":198.05923730574014,"rx":-19.450622934087413},"chest":{"px":-0.37500000000000516,"py":101.05115327719618,"pz":41.82098600364133,"ry":0,"rx":0}}}