# This file was generated by Animated Java via MC-Build. It is not recommended to edit this file directly.
$data merge entity $(nose) {transformation: [-1f,0f,0f,0f,0f,0.9666f,0.2561f,3.0582f,0f,0.2561f,-0.9666f,0.4498f,0f,0f,0f,1f],start_interpolation: 0,interpolation_duration: 1}
$data merge entity $(glowing_eye) {transformation: [-1f,0f,0f,-0.125f,0f,0.9666f,0.2561f,3.1147f,0f,0.2561f,-0.9666f,0.5009f,0f,0f,0f,1f],start_interpolation: 0,interpolation_duration: 1}
$data merge entity $(head) {transformation: [-1f,0f,0f,0f,0f,0.9666f,0.2561f,2.9868f,0f,0.2561f,-0.9666f,0.2372f,0f,0f,0f,1f],start_interpolation: 0,interpolation_duration: 1}
$data merge entity $(leftthumb2) {transformation: [-0.9178f,-0.3297f,-0.2214f,0.9993f,-0.1144f,0.7534f,-0.6475f,1.4282f,0.3803f,-0.5689f,-0.7292f,0.1273f,0f,0f,0f,1f],start_interpolation: 0,interpolation_duration: 1}
$data merge entity $(leftthumb) {transformation: [-0.9178f,-0.3297f,-0.2214f,0.8995f,-0.1144f,0.7534f,-0.6475f,1.5576f,0.3803f,-0.5689f,-0.7292f,-0.0745f,0f,0f,0f,1f],start_interpolation: 0,interpolation_duration: 1}
$data merge entity $(leftpointerfinger) {transformation: [-0.9178f,-0.3297f,-0.2214f,1.0977f,-0.1144f,0.7534f,-0.6475f,1.2926f,0.3803f,-0.5689f,-0.7292f,0.0364f,0f,0f,0f,1f],start_interpolation: 0,interpolation_duration: 1}
$data merge entity $(leftmidfinger) {transformation: [-0.9178f,-0.3297f,-0.2214f,1.0631f,-0.1144f,0.7534f,-0.6475f,1.1914f,0.3803f,-0.5689f,-0.7292f,-0.0776f,0f,0f,0f,1f],start_interpolation: 0,interpolation_duration: 1}
$data merge entity $(leftringfinger) {transformation: [-0.9178f,-0.3297f,-0.2214f,1.0285f,-0.1144f,0.7534f,-0.6475f,1.0902f,0.3803f,-0.5689f,-0.7292f,-0.1915f,0f,0f,0f,1f],start_interpolation: 0,interpolation_duration: 1}
$data merge entity $(invisibility) {transformation: [-0.3477f,0.1918f,0.9178f,0.8965f,0.6941f,0.7107f,0.1144f,1.3737f,-0.6303f,0.6768f,-0.3803f,0.0682f,0f,0f,0f,1f],start_interpolation: 0,interpolation_duration: 1}
$data merge entity $(swiftness) {transformation: [-0.2214f,-0.3297f,0.9178f,0.8518f,-0.6475f,0.7534f,0.1144f,1.1444f,-0.7292f,-0.5689f,-0.3803f,0.0283f,0f,0f,0f,1f],start_interpolation: 0,interpolation_duration: 1}
$data merge entity $(suspicious_stew) {transformation: [-0.3923f,0.0613f,0.9178f,0.8704f,0.4092f,0.9053f,0.1144f,1.217f,-0.8238f,0.4204f,-0.3803f,-0.0418f,0f,0f,0f,1f],start_interpolation: 0,interpolation_duration: 1}
$data merge entity $(log) {transformation: [-0.9178f,-0.3297f,-0.2214f,0.7328f,-0.1144f,0.7534f,-0.6475f,1.2701f,0.3803f,-0.5689f,-0.7292f,-0.1115f,0f,0f,0f,1f],start_interpolation: 0,interpolation_duration: 1}
$data merge entity $(planks) {transformation: [-0.9178f,-0.3297f,-0.2214f,0.6468f,-0.1144f,0.7534f,-0.6475f,1.2594f,0.3803f,-0.5689f,-0.7292f,-0.0758f,0f,0f,0f,1f],start_interpolation: 0,interpolation_duration: 1}
$data merge entity $(lefthand1) {transformation: [-0.9178f,-0.3297f,-0.2214f,0.8867f,-0.1144f,0.7534f,-0.6475f,1.5073f,0.3803f,-0.5689f,-0.7292f,-0.326f,0f,0f,0f,1f],start_interpolation: 0,interpolation_duration: 1}
$data merge entity $(leftforearm) {transformation: [-0.9413f,-0.1163f,-0.317f,0.7511f,0.0081f,0.9307f,-0.3657f,2.1679f,0.3375f,-0.3468f,-0.8751f,-0.535f,0f,0f,0f,1f],start_interpolation: 0,interpolation_duration: 1}
$data merge entity $(leftelbow) {transformation: [-0.9413f,0.2901f,-0.1728f,0.8055f,0.0081f,0.5312f,0.8472f,2.2675f,0.3375f,0.796f,-0.5024f,-0.3858f,0f,0f,0f,1f],start_interpolation: 0,interpolation_duration: 1}
$data merge entity $(leftarm) {transformation: [-0.9413f,0.2901f,-0.1728f,0.75f,0.0081f,0.5312f,0.8472f,2.5085f,0.3375f,0.796f,-0.5024f,0.1018f,0f,0f,0f,1f],start_interpolation: 0,interpolation_duration: 1}
$data merge entity $(rightthumb2) {transformation: [-0.9194f,0.3192f,0.2296f,-0.9841f,0.1163f,0.7785f,-0.6167f,1.4288f,-0.3756f,-0.5403f,-0.7529f,0.0849f,0f,0f,0f,1f],start_interpolation: 0,interpolation_duration: 1}
$data merge entity $(rightthumb) {transformation: [-0.9194f,0.3192f,0.2296f,-0.8862f,0.1163f,0.7785f,-0.6167f,1.567f,-0.3756f,-0.5403f,-0.7529f,-0.112f,0f,0f,0f,1f],start_interpolation: 0,interpolation_duration: 1}
$data merge entity $(rightpointerfinger) {transformation: [-0.9194f,0.3192f,0.2296f,-1.0807f,0.1163f,0.7785f,-0.6167f,1.2954f,-0.3756f,-0.5403f,-0.7529f,-0.0111f,0f,0f,0f,1f],start_interpolation: 0,interpolation_duration: 1}
$data merge entity $(rightmidfinger) {transformation: [-0.9194f,0.3192f,0.2296f,-1.0448f,0.1163f,0.7785f,-0.6167f,1.199f,-0.3756f,-0.5403f,-0.7529f,-0.1287f,0f,0f,0f,1f],start_interpolation: 0,interpolation_duration: 1}
$data merge entity $(rightringfinger) {transformation: [-0.9194f,0.3192f,0.2296f,-1.009f,0.1163f,0.7785f,-0.6167f,1.1026f,-0.3756f,-0.5403f,-0.7529f,-0.2464f,0f,0f,0f,1f],start_interpolation: 0,interpolation_duration: 1}
$data merge entity $(hugeasssword) {transformation: [-3.6012f,1.2502f,0.8994f,-0.7394f,0.4553f,3.0493f,-2.4155f,1.3359f,-1.4712f,-2.1164f,-2.949f,-0.1269f,0f,0f,0f,1f],start_interpolation: 0,interpolation_duration: 1}
$data merge entity $(whey) {transformation: [0f,0f,0f,-0.6435f,0f,0f,0f,1.3297f,0f,0f,0f,0.0942f,0f,0f,0f,1f],start_interpolation: 0,interpolation_duration: 1}
$data merge entity $(ice) {transformation: [-0.9194f,0.3192f,0.2296f,-0.73f,0.1163f,0.7785f,-0.6167f,1.3219f,-0.3756f,-0.5403f,-0.7529f,-0.1126f,0f,0f,0f,1f],start_interpolation: 0,interpolation_duration: 1}
$data merge entity $(righthand1) {transformation: [-0.9194f,0.3192f,0.2296f,-0.8729f,0.1163f,0.7785f,-0.6167f,1.5264f,-0.3756f,-0.5403f,-0.7529f,-0.3651f,0f,0f,0f,1f],start_interpolation: 0,interpolation_duration: 1}
$data merge entity $(rightforearm) {transformation: [-0.9413f,0.1036f,0.3214f,-0.7462f,-0.0081f,0.9445f,-0.3283f,2.1961f,-0.3375f,-0.3117f,-0.8882f,-0.5493f,0f,0f,0f,1f],start_interpolation: 0,interpolation_duration: 1}
$data merge entity $(rightelbow) {transformation: [-0.9413f,-0.2978f,0.1592f,-0.802f,-0.0081f,0.4913f,0.8709f,2.2882f,-0.3375f,0.8185f,-0.4649f,-0.3958f,0f,0f,0f,1f],start_interpolation: 0,interpolation_duration: 1}
$data merge entity $(rightarm) {transformation: [-0.9413f,-0.2978f,0.1592f,-0.75f,-0.0081f,0.4913f,0.8709f,2.5085f,-0.3375f,0.8185f,-0.4649f,0.1018f,0f,0f,0f,1f],start_interpolation: 0,interpolation_duration: 1}
$data merge entity $(chest1) {transformation: [-1.0833f,0f,0f,-0.0023f,0f,1.0238f,0.3541f,2.3929f,0f,0.3541f,-1.0238f,-0.0546f,0f,0f,0f,1f],start_interpolation: 0,interpolation_duration: 1}
$data merge entity $(chest1lid) {transformation: [-1f,0f,0f,-0.3438f,0f,0.9451f,0.3269f,1.6191f,0f,0.3269f,-0.9451f,0.0918f,0f,0f,0f,1f],start_interpolation: 0,interpolation_duration: 1}
$data merge entity $(chest2) {transformation: [-1f,0f,0f,-0.3438f,0f,0.9451f,0.3269f,1.4715f,0f,0.3269f,-0.9451f,0.0407f,0f,0f,0f,1f],start_interpolation: 0,interpolation_duration: 1}
$data merge entity $(chest1lid3) {transformation: [-1f,0f,0f,-0.2812f,0f,0.9451f,0.3269f,1.8285f,0f,0.3269f,-0.9451f,-0.5137f,0f,0f,0f,1f],start_interpolation: 0,interpolation_duration: 1}
$data merge entity $(chest3) {transformation: [-1f,0f,0f,-0.2812f,0f,0.9451f,0.3269f,1.6809f,0f,0.3269f,-0.9451f,-0.5647f,0f,0f,0f,1f],start_interpolation: 0,interpolation_duration: 1}
$data merge entity $(hugeasssword2) {transformation: [0f,2.8877f,-2.6461f,-1.2344f,-1.2803f,2.5007f,2.729f,3.5761f,3.7015f,0.865f,0.9439f,0.0743f,0f,0f,0f,1f],start_interpolation: 0,interpolation_duration: 1}
$data merge entity $(belt) {transformation: [-1f,0f,0f,0.0297f,0f,0.9451f,0.3269f,1.9737f,0f,0.3269f,-0.9451f,-0.0611f,0f,0f,0f,1f],start_interpolation: 0,interpolation_duration: 1}
$data merge entity $(torn_part) {transformation: [-1f,0f,0f,-0.0937f,0f,0.803f,0.5959f,1.706f,0f,0.5959f,-0.803f,-0.1593f,0f,0f,0f,1f],start_interpolation: 0,interpolation_duration: 1}
$data merge entity $(lowerbody) {transformation: [-1f,0f,0f,0.0039f,0f,0.9451f,0.3269f,1.1985f,0f,0.3269f,-0.9451f,-0.186f,0f,0f,0f,1f],start_interpolation: 0,interpolation_duration: 1}
$data merge entity $(leftfoot) {transformation: [-0.9364f,0.0428f,-0.3484f,0.2255f,0.0558f,0.9981f,-0.0274f,0.1437f,0.3465f,-0.0451f,-0.9369f,-0.2176f,0f,0f,0f,1f],start_interpolation: 0,interpolation_duration: 1}
$data merge entity $(leftlowerleg) {transformation: [-0.9446f,0.2641f,-0.1951f,0.5484f,0.0552f,0.7135f,0.6985f,0.8278f,0.3236f,0.649f,-0.6885f,0.6083f,0f,0f,0f,1f],start_interpolation: 0,interpolation_duration: 1}
$data merge entity $(leftleg) {transformation: [-0.9446f,-0.2581f,-0.2029f,0.25f,0.0552f,0.4844f,-0.8731f,1.367f,0.3236f,-0.8359f,-0.4433f,-0.2582f,0f,0f,0f,1f],start_interpolation: 0,interpolation_duration: 1}
$data merge entity $(rightfoot) {transformation: [-0.9105f,0.0053f,0.4134f,-0.329f,0.0028f,1f,-0.0068f,0.1486f,-0.4134f,-0.0051f,-0.9105f,-0.168f,0f,0f,0f,1f],start_interpolation: 0,interpolation_duration: 1}
$data merge entity $(rightlowerleg) {transformation: [-0.9105f,-0.2663f,0.3163f,-0.6729f,0.0028f,0.761f,0.6487f,0.8932f,-0.4134f,0.5915f,-0.6922f,0.5946f,0f,0f,0f,1f],start_interpolation: 0,interpolation_duration: 1}
$data merge entity $(rightleg) {transformation: [-0.9105f,0.3755f,0.1729f,-0.25f,0.0028f,0.4238f,-0.9058f,1.367f,-0.4134f,-0.8243f,-0.3869f,-0.2582f,0f,0f,0f,1f],start_interpolation: 0,interpolation_duration: 1}
data modify entity @s data merge value {"cameras":{},"locators":{"soup":{"px":0.8522816403259545,"py":1.369033346554602,"pz":0.042312786912036576,"ry":67.49470123067697,"rx":6.571271113792849},"lefthand":{"px":0.8480522331807442,"py":1.2321010333933906,"pz":-0.0912874423009544,"ry":343.1118555989058,"rx":-40.354253509862076},"sword":{"px":-1.671524510282688,"py":3.604451479698435,"pz":2.6488624088490553,"ry":16.960610660549293,"rx":-38.077057011593716},"righthand":{"px":-0.8247558472201452,"py":1.3302938514411518,"pz":-0.12761848665418662,"ry":16.960610660549293,"rx":-38.077057011593716},"chest":{"px":-0.3750000000000001,"py":1.5089823698791893,"pz":0.2189991911782459,"ry":0,"rx":19.080000000000002}}}