# This file was generated by Animated Java via MC-Build. It is not recommended to edit this file directly.
$data merge entity $(nose) {transformation: [-1f,0f,0f,0f,0f,0.9361f,0.3518f,2.6137f,0f,0.3518f,-0.9361f,0.5159f,0f,0f,0f,1f],start_interpolation: 0,interpolation_duration: 1}
$data merge entity $(glowing_eye) {transformation: [-1f,0f,0f,-0.125f,0f,0.9361f,0.3518f,2.6648f,0f,0.3518f,-0.9361f,0.5724f,0f,0f,0f,1f],start_interpolation: 0,interpolation_duration: 1}
$data merge entity $(head) {transformation: [-1f,0f,0f,0f,0f,0.9361f,0.3518f,2.564f,0f,0.3518f,-0.9361f,0.2972f,0f,0f,0f,1f],start_interpolation: 0,interpolation_duration: 1}
$data merge entity $(leftthumb2) {transformation: [-0.8746f,-0.4103f,-0.2582f,0.9497f,-0.136f,0.7189f,-0.6817f,1.2385f,0.4653f,-0.5611f,-0.6846f,0.0206f,0f,0f,0f,1f],start_interpolation: 0,interpolation_duration: 1}
$data merge entity $(leftthumb) {transformation: [-0.8746f,-0.4103f,-0.2582f,0.827f,-0.136f,0.7189f,-0.6817f,1.3565f,0.4653f,-0.5611f,-0.6846f,-0.1755f,0f,0f,0f,1f],start_interpolation: 0,interpolation_duration: 1}
$data merge entity $(leftpointerfinger) {transformation: [-0.8746f,-0.4103f,-0.2582f,1.0452f,-0.136f,0.7189f,-0.6817f,1.1036f,0.4653f,-0.5611f,-0.6846f,-0.0743f,0f,0f,0f,1f],start_interpolation: 0,interpolation_duration: 1}
$data merge entity $(leftmidfinger) {transformation: [-0.8746f,-0.4103f,-0.2582f,1.0048f,-0.136f,0.7189f,-0.6817f,0.9971f,0.4653f,-0.5611f,-0.6846f,-0.1813f,0f,0f,0f,1f],start_interpolation: 0,interpolation_duration: 1}
$data merge entity $(leftringfinger) {transformation: [-0.8746f,-0.4103f,-0.2582f,0.9645f,-0.136f,0.7189f,-0.6817f,0.8905f,0.4653f,-0.5611f,-0.6846f,-0.2883f,0f,0f,0f,1f],start_interpolation: 0,interpolation_duration: 1}
$data merge entity $(invisibility) {transformation: [-0.4312f,0.2215f,0.8746f,0.8444f,0.6567f,0.7418f,0.136f,1.178f,-0.6186f,0.633f,-0.4653f,-0.0271f,0f,0f,0f,1f],start_interpolation: 0,interpolation_duration: 1}
$data merge entity $(swiftness) {transformation: [-0.2582f,-0.4103f,0.8746f,0.806f,-0.6817f,0.7189f,0.136f,0.9458f,-0.6846f,-0.5611f,-0.4653f,-0.0552f,0f,0f,0f,1f],start_interpolation: 0,interpolation_duration: 1}
$data merge entity $(suspicious_stew) {transformation: [-0.481f,0.0606f,0.8746f,0.8152f,0.3634f,0.9216f,0.136f,1.0165f,-0.7978f,0.3833f,-0.4653f,-0.1291f,0f,0f,0f,1f],start_interpolation: 0,interpolation_duration: 1}
$data merge entity $(log) {transformation: [-0.8746f,-0.4103f,-0.2582f,0.6698f,-0.136f,0.7189f,-0.6817f,1.0617f,0.4653f,-0.5611f,-0.6846f,-0.1877f,0f,0f,0f,1f],start_interpolation: 0,interpolation_duration: 1}
$data merge entity $(planks) {transformation: [-0.8746f,-0.4103f,-0.2582f,0.5878f,-0.136f,0.7189f,-0.6817f,1.0489f,0.4653f,-0.5611f,-0.6846f,-0.1441f,0f,0f,0f,1f],start_interpolation: 0,interpolation_duration: 1}
$data merge entity $(lefthand1) {transformation: [-0.8746f,-0.4103f,-0.2582f,0.7939f,-0.136f,0.7189f,-0.6817f,1.2967f,0.4653f,-0.5611f,-0.6846f,-0.4229f,0f,0f,0f,1f],start_interpolation: 0,interpolation_duration: 1}
$data merge entity $(leftforearm) {transformation: [-0.9037f,-0.1239f,-0.4098f,0.6567f,0.0142f,0.948f,-0.3179f,1.9691f,0.4279f,-0.2931f,-0.855f,-0.5889f,0f,0f,0f,1f],start_interpolation: 0,interpolation_duration: 1}
$data merge entity $(leftelbow) {transformation: [-0.9037f,0.4192f,-0.087f,0.7354f,0.0142f,0.2323f,0.9725f,2.0127f,0.4279f,0.8777f,-0.2159f,-0.4243f,0f,0f,0f,1f],start_interpolation: 0,interpolation_duration: 1}
$data merge entity $(leftarm) {transformation: [-0.9037f,0.4192f,-0.087f,0.75f,0.0142f,0.2323f,0.9725f,2.1015f,0.4279f,0.8777f,-0.2159f,0.1149f,0f,0f,0f,1f],start_interpolation: 0,interpolation_duration: 1}
$data merge entity $(rightthumb2) {transformation: [-0.8734f,0.4163f,0.2528f,-0.9569f,0.1351f,0.7057f,-0.6955f,1.2365f,-0.4679f,-0.5733f,-0.6726f,0.0359f,0f,0f,0f,1f],start_interpolation: 0,interpolation_duration: 1}
$data merge entity $(rightthumb) {transformation: [-0.8734f,0.4163f,0.2528f,-0.8332f,0.1351f,0.7057f,-0.6955f,1.3502f,-0.4679f,-0.5733f,-0.6726f,-0.1622f,0f,0f,0f,1f],start_interpolation: 0,interpolation_duration: 1}
$data merge entity $(rightpointerfinger) {transformation: [-0.8734f,0.4163f,0.2528f,-1.0534f,0.1351f,0.7057f,-0.6955f,1.1008f,-0.4679f,-0.5733f,-0.6726f,-0.0568f,0f,0f,0f,1f],start_interpolation: 0,interpolation_duration: 1}
$data merge entity $(rightmidfinger) {transformation: [-0.8734f,0.4163f,0.2528f,-1.0139f,0.1351f,0.7057f,-0.6955f,0.9921f,-0.4679f,-0.5733f,-0.6726f,-0.1619f,0f,0f,0f,1f],start_interpolation: 0,interpolation_duration: 1}
$data merge entity $(rightringfinger) {transformation: [-0.8734f,0.4163f,0.2528f,-0.9744f,0.1351f,0.7057f,-0.6955f,0.8834f,-0.4679f,-0.5733f,-0.6726f,-0.267f,0f,0f,0f,1f],start_interpolation: 0,interpolation_duration: 1}
$data merge entity $(hugeasssword) {transformation: [-3.4208f,1.6304f,0.9901f,-0.7013f,0.529f,2.7641f,-2.724f,1.1104f,-1.8327f,-2.2454f,-2.6344f,-0.1435f,0f,0f,0f,1f],start_interpolation: 0,interpolation_duration: 1}
$data merge entity $(whey) {transformation: [0f,0f,0f,-0.6258f,0f,0f,0f,1.1189f,0f,0f,0f,0.0852f,0f,0f,0f,1f],start_interpolation: 0,interpolation_duration: 1}
$data merge entity $(ice) {transformation: [-0.8734f,0.4163f,0.2528f,-0.6942f,0.1351f,0.7057f,-0.6955f,1.0973f,-0.4679f,-0.5733f,-0.6726f,-0.1272f,0f,0f,0f,1f],start_interpolation: 0,interpolation_duration: 1}
$data merge entity $(righthand1) {transformation: [-0.8734f,0.4163f,0.2528f,-0.8006f,0.1351f,0.7057f,-0.6955f,1.2858f,-0.4679f,-0.5733f,-0.6726f,-0.4086f,0f,0f,0f,1f],start_interpolation: 0,interpolation_duration: 1}
$data merge entity $(rightforearm) {transformation: [-0.9037f,0.1317f,0.4074f,-0.6579f,-0.0142f,0.9418f,-0.3359f,1.9541f,-0.4279f,-0.3093f,-0.8492f,-0.586f,0f,0f,0f,1f],start_interpolation: 0,interpolation_duration: 1}
$data merge entity $(rightelbow) {transformation: [-0.9037f,-0.4172f,0.0963f,-0.7361f,-0.0142f,0.2539f,0.9671f,2.0017f,-0.4279f,0.8726f,-0.2354f,-0.4224f,0f,0f,0f,1f],start_interpolation: 0,interpolation_duration: 1}
$data merge entity $(rightarm) {transformation: [-0.9037f,-0.4172f,0.0963f,-0.75f,-0.0142f,0.2539f,0.9671f,2.1015f,-0.4279f,0.8726f,-0.2354f,0.1149f,0f,0f,0f,1f],start_interpolation: 0,interpolation_duration: 1}
$data merge entity $(chest1) {transformation: [-1.0833f,0f,0f,-0.0023f,0f,0.9835f,0.4543f,2.0022f,0f,0.4543f,-0.9835f,-0.0523f,0f,0f,0f,1f],start_interpolation: 0,interpolation_duration: 1}
$data merge entity $(chest1lid) {transformation: [-1f,0f,0f,-0.3438f,0f,0.9078f,0.4194f,1.2176f,0f,0.4194f,-0.9078f,0.0163f,0f,0f,0f,1f],start_interpolation: 0,interpolation_duration: 1}
$data merge entity $(chest2) {transformation: [-1f,0f,0f,-0.3438f,0f,0.9078f,0.4194f,1.0758f,0f,0.4194f,-0.9078f,-0.0492f,0f,0f,0f,1f],start_interpolation: 0,interpolation_duration: 1}
$data merge entity $(chest1lid3) {transformation: [-1f,0f,0f,-0.2812f,0f,0.9078f,0.4194f,1.4863f,0f,0.4194f,-0.9078f,-0.5652f,0f,0f,0f,1f],start_interpolation: 0,interpolation_duration: 1}
$data merge entity $(chest3) {transformation: [-1f,0f,0f,-0.2812f,0f,0.9078f,0.4194f,1.3444f,0f,0.4194f,-0.9078f,-0.6308f,0f,0f,0f,1f],start_interpolation: 0,interpolation_duration: 1}
$data merge entity $(hugeasssword2) {transformation: [0f,2.8877f,-2.6461f,-1.2344f,-1.6426f,2.4021f,2.6214f,3.1666f,3.5556f,1.1097f,1.2111f,0.1938f,0f,0f,0f,1f],start_interpolation: 0,interpolation_duration: 1}
$data merge entity $(belt) {transformation: [-1f,0f,0f,0.0297f,0f,0.9078f,0.4194f,1.5857f,0f,0.4194f,-0.9078f,-0.1005f,0f,0f,0f,1f],start_interpolation: 0,interpolation_duration: 1}
$data merge entity $(torn_part) {transformation: [-1f,0f,0f,-0.0937f,0f,0.7397f,0.673f,1.329f,0f,0.673f,-0.7397f,-0.2248f,0f,0f,0f,1f],start_interpolation: 0,interpolation_duration: 1}
$data merge entity $(lowerbody) {transformation: [-1f,0f,0f,0.0039f,0f,0.9078f,0.4194f,0.8268f,0f,0.4194f,-0.9078f,-0.3019f,0f,0f,0f,1f],start_interpolation: 0,interpolation_duration: 1}
$data merge entity $(leftfoot) {transformation: [-0.9299f,0.0644f,-0.3621f,0.2278f,0.0841f,0.9957f,-0.039f,0.1877f,0.3581f,-0.0667f,-0.9313f,-0.2789f,0f,0f,0f,1f],start_interpolation: 0,interpolation_duration: 1}
$data merge entity $(leftlowerleg) {transformation: [-0.9422f,0.3065f,-0.1353f,0.5885f,0.088f,0.6162f,0.7827f,0.751f,0.3232f,0.7256f,-0.6075f,0.6193f,0f,0f,0f,1f],start_interpolation: 0,interpolation_duration: 1}
$data merge entity $(leftleg) {transformation: [-0.9422f,-0.2948f,-0.1591f,0.25f,0.088f,0.2404f,-0.9667f,1.0344f,0.3232f,-0.9248f,-0.2006f,-0.348f,0f,0f,0f,1f],start_interpolation: 0,interpolation_duration: 1}
$data merge entity $(rightfoot) {transformation: [-0.917f,0.0055f,0.3989f,-0.3396f,0.0038f,1f,-0.0052f,0.1965f,-0.3989f,-0.0033f,-0.917f,-0.2283f,0f,0f,0f,1f],start_interpolation: 0,interpolation_duration: 1}
$data merge entity $(rightlowerleg) {transformation: [-0.917f,-0.2837f,0.2804f,-0.6974f,0.0038f,0.6968f,0.7173f,0.8593f,-0.3989f,0.6588f,-0.6379f,0.6006f,0f,0f,0f,1f],start_interpolation: 0,interpolation_duration: 1}
$data merge entity $(rightleg) {transformation: [-0.917f,0.3954f,0.0527f,-0.25f,0.0038f,0.1406f,-0.9901f,1.0344f,-0.3989f,-0.9077f,-0.1304f,-0.348f,0f,0f,0f,1f],start_interpolation: 0,interpolation_duration: 1}
data modify entity @s data merge value {"cameras":{},"locators":{"soup":{"px":0.7982741251940383,"py":1.1706502298463553,"pz":-0.04869045893161639,"ry":61.985005941158065,"rx":7.814902612327092},"lefthand":{"px":0.7878813936650048,"py":1.0288875209288846,"pz":-0.17680249197297304,"ry":339.3320409410326,"rx":-42.97610817537228},"sword":{"px":-1.7187088990107307,"py":3.6743866717835356,"pz":2.3285945003235153,"ry":20.598288540624765,"rx":-44.06560905630198},"righthand":{"px":-0.7865326021832275,"py":1.1097981737940428,"pz":-0.1516452940538267,"ry":20.598288540624765,"rx":-44.06560905630198},"chest":{"px":-0.3750000000000001,"py":1.09533894525159,"pz":0.1319493407060499,"ry":0,"rx":24.795918367346943}}}