# This file was generated by Animated Java via MC-Build. It is not recommended to edit this file directly.
$data merge entity $(bone_nose) {transformation: [-0.9968f,0.0771f,0.0233f,-0.137f,0.0805f,0.9597f,0.2691f,4.0315f,-0.0016f,0.2701f,-0.9628f,0.7618f,0f,0f,0f,1f],start_interpolation: 0,interpolation_duration: 1}
$data merge entity $(bone_glowing_eye) {transformation: [-0.9968f,0.0771f,0.0233f,-0.2572f,0.0805f,0.9597f,0.2691f,4.0971f,-0.0016f,0.2701f,-0.9628f,0.8135f,0f,0f,0f,1f],start_interpolation: 0,interpolation_duration: 1}
$data merge entity $(bone_head) {transformation: [-0.9968f,0.0771f,0.0233f,-0.1422f,0.0805f,0.9597f,0.2691f,3.9633f,-0.0016f,0.2701f,-0.9628f,0.5482f,0f,0f,0f,1f],start_interpolation: 0,interpolation_duration: 1}
$data merge entity $(bone_leftthumb2) {transformation: [-0.0366f,-0.3903f,0.92f,0.6664f,-0.9298f,0.3506f,0.1118f,2.2342f,-0.3662f,-0.8513f,-0.3757f,2.385f,0f,0f,0f,1f],start_interpolation: 0,interpolation_duration: 1}
$data merge entity $(bone_leftthumb) {transformation: [-0.0366f,-0.3903f,0.92f,0.6493f,-0.9298f,0.3506f,0.1118f,2.3298f,-0.3662f,-0.8513f,-0.3757f,2.1441f,0f,0f,0f,1f],start_interpolation: 0,interpolation_duration: 1}
$data merge entity $(bone_leftpointerfinger) {transformation: [-0.0366f,-0.3903f,0.92f,0.8245f,-0.9298f,0.3506f,0.1118f,2.3217f,-0.3662f,-0.8513f,-0.3757f,2.4459f,0f,0f,0f,1f],start_interpolation: 0,interpolation_duration: 1}
$data merge entity $(bone_leftmidfinger) {transformation: [-0.0366f,-0.3903f,0.92f,0.9683f,-0.9298f,0.3506f,0.1118f,2.3391f,-0.3662f,-0.8513f,-0.3757f,2.3872f,0f,0f,0f,1f],start_interpolation: 0,interpolation_duration: 1}
$data merge entity $(bone_leftringfinger) {transformation: [-0.0366f,-0.3903f,0.92f,1.112f,-0.9298f,0.3506f,0.1118f,2.3566f,-0.3662f,-0.8513f,-0.3757f,2.3285f,0f,0f,0f,1f],start_interpolation: 0,interpolation_duration: 1}
$data merge entity $(bone_invisibility) {transformation: [-0.3086f,-0.9505f,0.0366f,0.7462f,0.359f,-0.0808f,0.9298f,2.1822f,-0.8808f,0.3001f,0.3662f,2.2958f,0f,0f,0f,1f],start_interpolation: 0,interpolation_duration: 1}
$data merge entity $(bone_swiftness) {transformation: [0.92f,-0.3903f,0.0366f,0.9697f,0.1118f,0.3506f,0.9298f,2.1072f,-0.3757f,-0.8513f,0.3662f,2.3216f,0f,0f,0f,1f],start_interpolation: 0,interpolation_duration: 1}
$data merge entity $(bone_suspicious_stew) {transformation: [0.0351f,-0.9987f,0.0366f,0.937f,0.365f,0.0469f,0.9298f,2.1867f,-0.9304f,-0.0193f,0.3662f,2.2653f,0f,0f,0f,1f],start_interpolation: 0,interpolation_duration: 1}
$data merge entity $(bone_log) {transformation: [-0.0366f,-0.3903f,0.92f,0.9279f,-0.9298f,0.3506f,0.1118f,2.1486f,-0.3662f,-0.8513f,-0.3757f,2.1069f,0f,0f,0f,1f],start_interpolation: 0,interpolation_duration: 1}
$data merge entity $(bone_planks) {transformation: [-0.0366f,-0.3903f,0.92f,0.9245f,-0.9298f,0.3506f,0.1118f,2.0614f,-0.3662f,-0.8513f,-0.3757f,2.0726f,0f,0f,0f,1f],start_interpolation: 0,interpolation_duration: 1}
$data merge entity $(bone_lefthand1) {transformation: [-0.0366f,-0.3903f,0.92f,0.8107f,-0.9298f,0.3506f,0.1118f,2.4652f,-0.3662f,-0.8513f,-0.3757f,1.9974f,0f,0f,0f,1f],start_interpolation: 0,interpolation_duration: 1}
$data merge entity $(bone_leftforearm) {transformation: [0.475f,0.039f,0.8791f,0.8588f,-0.2304f,0.9697f,0.0815f,3.1366f,-0.8493f,-0.2412f,0.4696f,1.7285f,0f,0f,0f,1f],start_interpolation: 0,interpolation_duration: 1}
$data merge entity $(bone_leftelbow) {transformation: [0.475f,0.039f,0.8791f,0.8661f,-0.2304f,0.9697f,0.0815f,3.3185f,-0.8493f,-0.2412f,0.4696f,1.6833f,0f,0f,0f,1f],start_interpolation: 0,interpolation_duration: 1}
$data merge entity $(bone_leftarm) {transformation: [0.2993f,-0.6999f,0.6486f,0.4145f,-0.4298f,0.508f,0.7465f,3.3444f,-0.8519f,-0.5022f,-0.1488f,1.2112f,0f,0f,0f,1f],start_interpolation: 0,interpolation_duration: 1}
$data merge entity $(bone_rightthumb2) {transformation: [-0.2966f,0.0433f,0.954f,-0.3987f,0.9545f,0.0469f,0.2946f,1.5815f,-0.032f,0.998f,-0.0552f,-0.9141f,0f,0f,0f,1f],start_interpolation: 0,interpolation_duration: 1}
$data merge entity $(bone_rightthumb) {transformation: [-0.2966f,0.0433f,0.954f,-0.3066f,0.9545f,0.0469f,0.2946f,1.6181f,-0.032f,0.998f,-0.0552f,-0.6741f,0f,0f,0f,1f],start_interpolation: 0,interpolation_duration: 1}
$data merge entity $(bone_rightpointerfinger) {transformation: [-0.2966f,0.0433f,0.954f,-0.3085f,0.9545f,0.0469f,0.2946f,1.721f,-0.032f,0.998f,-0.0552f,-1.0076f,0f,0f,0f,1f],start_interpolation: 0,interpolation_duration: 1}
$data merge entity $(bone_rightmidfinger) {transformation: [-0.2966f,0.0433f,0.954f,-0.1594f,0.9545f,0.0469f,0.2946f,1.767f,-0.032f,0.998f,-0.0552f,-1.0163f,0f,0f,0f,1f],start_interpolation: 0,interpolation_duration: 1}
$data merge entity $(bone_rightringfinger) {transformation: [-0.2966f,0.0433f,0.954f,-0.0104f,0.9545f,0.0469f,0.2946f,1.813f,-0.032f,0.998f,-0.0552f,-1.0249f,0f,0f,0f,1f],start_interpolation: 0,interpolation_duration: 1}
$data merge entity $(bone_hugeasssword) {transformation: [-1.1618f,0.1695f,3.7365f,-0.0867f,3.7383f,0.1836f,1.154f,1.5184f,-0.1252f,3.9087f,-0.2162f,-0.8042f,0f,0f,0f,1f],start_interpolation: 0,interpolation_duration: 1}
$data merge entity $(bone_ice) {transformation: [-0.2966f,0.0433f,0.954f,-0.0828f,0.9545f,0.0469f,0.2946f,1.5027f,-0.032f,0.998f,-0.0552f,-0.8193f,0f,0f,0f,1f],start_interpolation: 0,interpolation_duration: 1}
$data merge entity $(bone_righthand1) {transformation: [-0.2966f,0.0433f,0.954f,-0.1163f,0.9545f,0.0469f,0.2946f,1.7623f,-0.032f,0.998f,-0.0552f,-0.5795f,0f,0f,0f,1f],start_interpolation: 0,interpolation_duration: 1}
$data merge entity $(bone_rightforearm) {transformation: [-0.492f,-0.2524f,0.8332f,-0.2761f,-0.0954f,0.9669f,0.2366f,2.4444f,-0.8654f,0.0369f,-0.4998f,-0.4917f,0f,0f,0f,1f],start_interpolation: 0,interpolation_duration: 1}
$data merge entity $(bone_rightelbow) {transformation: [-0.492f,-0.2524f,0.8332f,-0.3234f,-0.0954f,0.9669f,0.2366f,2.6257f,-0.8654f,0.0369f,-0.4998f,-0.4848f,0f,0f,0f,1f],start_interpolation: 0,interpolation_duration: 1}
$data merge entity $(bone_rightarm) {transformation: [-0.4773f,-0.3965f,0.7842f,-0.4657f,0.0297f,0.8846f,0.4653f,3.0388f,-0.8783f,0.2454f,-0.4104f,-0.1221f,0f,0f,0f,1f],start_interpolation: 0,interpolation_duration: 1}
$data merge entity $(bone_chest1) {transformation: [-0.5031f,-0.0865f,0.9555f,-0.0188f,0.1432f,1.0601f,0.1714f,3.3341f,-0.9487f,0.2059f,-0.4809f,0.3851f,0f,0f,0f,1f],start_interpolation: 0,interpolation_duration: 1}
$data merge entity $(bone_chest1lid) {transformation: [-0.4644f,-0.0799f,0.882f,-0.4679f,0.1322f,0.9785f,0.1582f,2.6485f,-0.8757f,0.1901f,-0.4439f,0.1299f,0f,0f,0f,1f],start_interpolation: 0,interpolation_duration: 1}
$data merge entity $(bone_chest2) {transformation: [-0.4644f,-0.0799f,0.882f,-0.4555f,0.1322f,0.9785f,0.1582f,2.4956f,-0.8757f,0.1901f,-0.4439f,0.1002f,0f,0f,0f,1f],start_interpolation: 0,interpolation_duration: 1}
$data merge entity $(bone_chest1lid3) {transformation: [-0.4644f,-0.0799f,0.882f,0.1261f,0.1322f,0.9785f,0.1582f,2.7416f,-0.8757f,0.1901f,-0.4439f,-0.0998f,0f,0f,0f,1f],start_interpolation: 0,interpolation_duration: 1}
$data merge entity $(bone_chest3) {transformation: [-0.4644f,-0.0799f,0.882f,0.1386f,0.1322f,0.9785f,0.1582f,2.5887f,-0.8757f,0.1901f,-0.4439f,-0.1295f,0f,0f,0f,1f],start_interpolation: 0,interpolation_duration: 1}
$data merge entity $(bone_hugeasssword2) {transformation: [-3.4545f,1.1298f,-1.4595f,-0.45f,-0.6197f,2.2074f,3.1755f,4.6743f,1.7386f,3.0317f,-1.7682f,-0.5909f,0f,0f,0f,1f],start_interpolation: 0,interpolation_duration: 1}
$data merge entity $(bone_belt) {transformation: [-0.4644f,-0.0799f,0.882f,-0.0876f,0.1322f,0.9785f,0.1582f,2.9194f,-0.8757f,0.1901f,-0.4439f,0.3955f,0f,0f,0f,1f],start_interpolation: 0,interpolation_duration: 1}
$data merge entity $(bone_torn_part) {transformation: [-0.3783f,-0.2889f,0.8795f,-0.1141f,0.2114f,0.898f,0.3859f,2.66f,-0.9012f,0.3319f,-0.2787f,0.2305f,0f,0f,0f,1f],start_interpolation: 0,interpolation_duration: 1}
$data merge entity $(bone_lowerbody) {transformation: [-0.3783f,-0.011f,0.9256f,-0.202f,0.2114f,0.9725f,0.098f,2.1507f,-0.9012f,0.2328f,-0.3656f,0.2562f,0f,0f,0f,1f],start_interpolation: 0,interpolation_duration: 1}
$data merge entity $(bone_leftfoot) {transformation: [-0.7451f,-0.3384f,0.5747f,0.2913f,-0.3113f,0.9386f,0.1491f,0.1698f,-0.5898f,-0.0678f,-0.8047f,0.9459f,0f,0f,0f,1f],start_interpolation: 0,interpolation_duration: 1}
$data merge entity $(bone_leftlowerleg) {transformation: [-0.7451f,-0.3384f,0.5747f,-0.1724f,-0.3113f,0.9386f,0.1491f,1.1881f,-0.5898f,-0.0678f,-0.8047f,0.9943f,0f,0f,0f,1f],start_interpolation: 0,interpolation_duration: 1}
$data merge entity $(bone_leftleg) {transformation: [-0.6237f,0.1987f,0.756f,-0.0214f,-0.2763f,0.8487f,-0.4511f,2.0434f,-0.7312f,-0.4902f,-0.4744f,0.5235f,0f,0f,0f,1f],start_interpolation: 0,interpolation_duration: 1}
$data merge entity $(bone_rightfoot) {transformation: [-0.2576f,-0.1093f,0.9601f,-0.3635f,0.2688f,0.9462f,0.1799f,0.2608f,-0.9281f,0.3044f,-0.2143f,-0.4896f,0f,0f,0f,1f],start_interpolation: 0,interpolation_duration: 1}
$data merge entity $(bone_rightlowerleg) {transformation: [-0.2576f,-0.1093f,0.9601f,-0.6323f,0.2688f,0.9462f,0.1799f,1.2828f,-0.9281f,0.3044f,-0.2143f,-0.119f,0f,0f,0f,1f],start_interpolation: 0,interpolation_duration: 1}
$data merge entity $(bone_rightleg) {transformation: [-0.1081f,0.4547f,0.8841f,-0.232f,0.1415f,0.8873f,-0.439f,2.1835f,-0.984f,0.0776f,-0.1603f,0.026f,0f,0f,0f,1f],start_interpolation: 0,interpolation_duration: 1}
data modify entity @s data merge value {"cameras":{},"locators":{"lefthand":{"posx":0.9474637087300554,"posy":2.2066296994397296,"posz":2.213648604902496,"roty":67.784241045293,"rotx":6.416779233664129},"sword":{"posx":-3.6440864501717867,"posy":0.5003659831523741,"posz":-0.6334506597388687,"roty":86.68813286778771,"rotx":17.13641474016139},"righthand":{"posx":-0.12617472784357606,"posy":1.5868794759241547,"posz":-0.8370232363071033,"roty":86.68813286778771,"rotx":17.13641474016139},"chest":{"posx":-0.6152653760262176,"posy":2.566787542503902,"posz":0.15996906072960387,"roty":63.284277864550404,"rotx":9.103622320556482}}}