# This file was generated by Animated Java via MC-Build. It is not recommended to edit this file directly.
$data merge entity $(bone_nose) {transformation: [-0.9816f,0.0723f,0.1765f,0.0063f,0.1162f,0.9605f,0.2529f,3.6147f,-0.1513f,0.2688f,-0.9513f,0.4697f,0f,0f,0f,1f],start_interpolation: 0,interpolation_duration: 1}
$data merge entity $(bone_glowing_eye) {transformation: [-0.9816f,0.0723f,0.1765f,-0.1177f,0.1162f,0.9605f,0.2529f,3.6854f,-0.1513f,0.2688f,-0.9513f,0.5022f,0f,0f,0f,1f],start_interpolation: 0,interpolation_duration: 1}
$data merge entity $(bone_head) {transformation: [-0.9816f,0.0723f,0.1765f,0.0304f,0.1162f,0.9605f,0.2529f,3.5435f,-0.1513f,0.2688f,-0.9513f,0.2584f,0f,0f,0f,1f],start_interpolation: 0,interpolation_duration: 1}
$data merge entity $(bone_leftthumb2) {transformation: [-0.6905f,-0.1565f,0.7062f,0.9159f,-0.6479f,-0.3004f,-0.7f,2.9627f,0.3217f,-0.9409f,0.1061f,2.3546f,0f,0f,0f,1f],start_interpolation: 0,interpolation_duration: 1}
$data merge entity $(bone_leftthumb) {transformation: [-0.6905f,-0.1565f,0.7062f,0.9379f,-0.6479f,-0.3004f,-0.7f,2.8292f,0.3217f,-0.9409f,0.1061f,2.1329f,0f,0f,0f,1f],start_interpolation: 0,interpolation_duration: 1}
$data merge entity $(bone_leftpointerfinger) {transformation: [-0.6905f,-0.1565f,0.7062f,1.0979f,-0.6479f,-0.3004f,-0.7f,2.9658f,0.3217f,-0.9409f,0.1061f,2.4114f,0f,0f,0f,1f],start_interpolation: 0,interpolation_duration: 1}
$data merge entity $(bone_leftmidfinger) {transformation: [-0.6905f,-0.1565f,0.7062f,1.2082f,-0.6479f,-0.3004f,-0.7f,2.8564f,0.3217f,-0.9409f,0.1061f,2.428f,0f,0f,0f,1f],start_interpolation: 0,interpolation_duration: 1}
$data merge entity $(bone_leftringfinger) {transformation: [-0.6905f,-0.1565f,0.7062f,1.3186f,-0.6479f,-0.3004f,-0.7f,2.747f,0.3217f,-0.9409f,0.1061f,2.4446f,0f,0f,0f,1f],start_interpolation: 0,interpolation_duration: 1}
$data merge entity $(bone_invisibility) {transformation: [-0.0943f,-0.7172f,0.6905f,0.9292f,-0.3603f,0.6712f,0.6479f,2.8333f,-0.9281f,-0.1877f,-0.3217f,2.3655f,0f,0f,0f,1f],start_interpolation: 0,interpolation_duration: 1}
$data merge entity $(bone_swiftness) {transformation: [0.7062f,-0.1565f,0.6905f,1.0469f,-0.7f,-0.3004f,0.6479f,2.709f,0.1061f,-0.9409f,-0.3217f,2.5296f,0f,0f,0f,1f],start_interpolation: 0,interpolation_duration: 1}
$data merge entity $(bone_suspicious_stew) {transformation: [0.1567f,-0.7062f,0.6905f,1.069f,-0.5681f,0.5075f,0.6479f,2.7162f,-0.8079f,-0.4938f,-0.3217f,2.4295f,0f,0f,0f,1f],start_interpolation: 0,interpolation_duration: 1}
$data merge entity $(bone_log) {transformation: [-0.6905f,-0.1565f,0.7062f,1.0178f,-0.6479f,-0.3004f,-0.7f,2.5851f,0.3217f,-0.9409f,0.1061f,2.347f,0f,0f,0f,1f],start_interpolation: 0,interpolation_duration: 1}
$data merge entity $(bone_planks) {transformation: [-0.6905f,-0.1565f,0.7062f,0.9531f,-0.6479f,-0.3004f,-0.7f,2.5243f,0.3217f,-0.9409f,0.1061f,2.3772f,0f,0f,0f,1f],start_interpolation: 0,interpolation_duration: 1}
$data merge entity $(bone_lefthand1) {transformation: [-0.6905f,-0.1565f,0.7062f,1.1292f,-0.6479f,-0.3004f,-0.7f,2.6938f,0.3217f,-0.9409f,0.1061f,2.0281f,0f,0f,0f,1f],start_interpolation: 0,interpolation_duration: 1}
$data merge entity $(bone_leftforearm) {transformation: [0.0186f,0.1478f,0.9888f,1.2345f,-0.9054f,0.4221f,-0.0461f,2.9007f,-0.4242f,-0.8944f,0.1417f,1.3415f,0f,0f,0f,1f],start_interpolation: 0,interpolation_duration: 1}
$data merge entity $(bone_leftelbow) {transformation: [0.0186f,0.1478f,0.9888f,1.2623f,-0.9054f,0.4221f,-0.0461f,2.9799f,-0.4242f,-0.8944f,0.1417f,1.1738f,0f,0f,0f,1f],start_interpolation: 0,interpolation_duration: 1}
$data merge entity $(bone_leftarm) {transformation: [-0.1919f,-0.7619f,0.6187f,0.6417f,-0.9509f,0.3004f,0.075f,2.8917f,-0.2429f,-0.5739f,-0.7821f,0.9469f,0f,0f,0f,1f],start_interpolation: 0,interpolation_duration: 1}
$data merge entity $(bone_rightthumb2) {transformation: [-0.6358f,0.4554f,0.6232f,-0.9101f,-0.2279f,0.6606f,-0.7153f,2.0362f,-0.7374f,-0.5968f,-0.3162f,0.6541f,0f,0f,0f,1f],start_interpolation: 0,interpolation_duration: 1}
$data merge entity $(bone_rightthumb) {transformation: [-0.6358f,0.4554f,0.6232f,-0.7452f,-0.2279f,0.6606f,-0.7153f,2.1371f,-0.7374f,-0.5968f,-0.3162f,0.4807f,0f,0f,0f,1f],start_interpolation: 0,interpolation_duration: 1}
$data merge entity $(bone_rightpointerfinger) {transformation: [-0.6358f,0.4554f,0.6232f,-0.935f,-0.2279f,0.6606f,-0.7153f,1.8619f,-0.7374f,-0.5968f,-0.3162f,0.581f,0f,0f,0f,1f],start_interpolation: 0,interpolation_duration: 1}
$data merge entity $(bone_rightmidfinger) {transformation: [-0.6358f,0.4554f,0.6232f,-0.8376f,-0.2279f,0.6606f,-0.7153f,1.7501f,-0.7374f,-0.5968f,-0.3162f,0.5316f,0f,0f,0f,1f],start_interpolation: 0,interpolation_duration: 1}
$data merge entity $(bone_rightringfinger) {transformation: [-0.6358f,0.4554f,0.6232f,-0.7402f,-0.2279f,0.6606f,-0.7153f,1.6384f,-0.7374f,-0.5968f,-0.3162f,0.4822f,0f,0f,0f,1f],start_interpolation: 0,interpolation_duration: 1}
$data merge entity $(bone_hugeasssword) {transformation: [-2.4902f,1.7838f,2.4407f,-0.5859f,-0.8927f,2.5873f,-2.8017f,1.956f,-2.8883f,-2.3376f,-1.2384f,0.6112f,0f,0f,0f,1f],start_interpolation: 0,interpolation_duration: 1}
$data merge entity $(bone_ice) {transformation: [-0.6358f,0.4554f,0.6232f,-0.5831f,-0.2279f,0.6606f,-0.7153f,1.9493f,-0.7374f,-0.5968f,-0.3162f,0.6321f,0f,0f,0f,1f],start_interpolation: 0,interpolation_duration: 1}
$data merge entity $(bone_righthand1) {transformation: [-0.6358f,0.4554f,0.6232f,-0.6087f,-0.2279f,0.6606f,-0.7153f,2.0351f,-0.7374f,-0.5968f,-0.3162f,0.2886f,0f,0f,0f,1f],start_interpolation: 0,interpolation_duration: 1}
$data merge entity $(bone_rightforearm) {transformation: [-0.6147f,0.4684f,0.6346f,-0.2509f,-0.3918f,0.517f,-0.761f,2.435f,-0.6846f,-0.7165f,-0.1343f,-0.1702f,0f,0f,0f,1f],start_interpolation: 0,interpolation_duration: 1}
$data merge entity $(bone_rightelbow) {transformation: [-0.6147f,0.4684f,0.6346f,-0.1631f,-0.3918f,0.517f,-0.761f,2.5319f,-0.6846f,-0.7165f,-0.1343f,-0.3046f,0f,0f,0f,1f],start_interpolation: 0,interpolation_duration: 1}
$data merge entity $(bone_rightarm) {transformation: [-0.3377f,-0.4973f,0.7992f,-0.5182f,-0.3928f,0.8461f,0.3605f,3.0531f,-0.8554f,-0.1921f,-0.4811f,-0.1077f,0f,0f,0f,1f],start_interpolation: 0,interpolation_duration: 1}
$data merge entity $(bone_chest1) {transformation: [-0.6551f,-0.0579f,0.8608f,0.129f,0.1379f,1.06f,0.1762f,2.9146f,-0.8517f,0.2162f,-0.6336f,0.0778f,0f,0f,0f,1f],start_interpolation: 0,interpolation_duration: 1}
$data merge entity $(bone_chest1lid) {transformation: [-0.6047f,-0.0534f,0.7946f,-0.3519f,0.1273f,0.9784f,0.1627f,2.2257f,-0.7862f,0.1995f,-0.5849f,-0.0981f,0f,0f,0f,1f],start_interpolation: 0,interpolation_duration: 1}
$data merge entity $(bone_chest2) {transformation: [-0.6047f,-0.0534f,0.7946f,-0.3435f,0.1273f,0.9784f,0.1627f,2.0728f,-0.7862f,0.1995f,-0.5849f,-0.1293f,0f,0f,0f,1f],start_interpolation: 0,interpolation_duration: 1}
$data merge entity $(bone_chest1lid3) {transformation: [-0.6047f,-0.0534f,0.7946f,0.195f,0.1273f,0.9784f,0.1627f,2.3219f,-0.7862f,0.1995f,-0.5849f,-0.4237f,0f,0f,0f,1f],start_interpolation: 0,interpolation_duration: 1}
$data merge entity $(bone_chest3) {transformation: [-0.6047f,-0.0534f,0.7946f,0.2033f,0.1273f,0.9784f,0.1627f,2.1691f,-0.7862f,0.1995f,-0.5849f,-0.4549f,0f,0f,0f,1f],start_interpolation: 0,interpolation_duration: 1}
$data merge entity $(bone_hugeasssword2) {transformation: [-3.1123f,1.6049f,-1.7545f,-0.4675f,-0.6372f,2.2214f,3.1622f,4.2498f,2.2908f,2.7982f,-1.5041f,-0.8143f,0f,0f,0f,1f],start_interpolation: 0,interpolation_duration: 1}
$data merge entity $(bone_belt) {transformation: [-0.6047f,-0.0534f,0.7946f,0.0656f,0.1273f,0.9784f,0.1627f,2.4995f,-0.7862f,0.1995f,-0.5849f,0.1f,0f,0f,0f,1f],start_interpolation: 0,interpolation_duration: 1}
$data merge entity $(bone_torn_part) {transformation: [-0.6762f,-0.1624f,0.7186f,-0.0168f,0.1372f,0.9306f,0.3393f,2.2253f,-0.7239f,0.328f,-0.607f,-0.0511f,0f,0f,0f,1f],start_interpolation: 0,interpolation_duration: 1}
$data merge entity $(bone_lowerbody) {transformation: [-0.6762f,0.0612f,0.7342f,-0.0839f,0.1372f,0.9896f,0.0438f,1.7225f,-0.7239f,0.1303f,-0.6775f,0.0513f,0f,0f,0f,1f],start_interpolation: 0,interpolation_duration: 1}
$data merge entity $(bone_leftfoot) {transformation: [-0.9164f,-0.3127f,0.2497f,0.2585f,-0.2806f,0.947f,0.1563f,0.1797f,-0.2854f,0.0732f,-0.9556f,0.8728f,0f,0f,0f,1f],start_interpolation: 0,interpolation_duration: 1}
$data merge entity $(bone_leftlowerleg) {transformation: [-0.9164f,-0.3127f,0.2497f,-0.1268f,-0.2806f,0.947f,0.1563f,1.2063f,-0.2854f,0.0732f,-0.9556f,1.1009f,0f,0f,0f,1f],start_interpolation: 0,interpolation_duration: 1}
$data merge entity $(bone_leftleg) {transformation: [-0.8422f,0.2971f,0.4499f,0.1231f,-0.2911f,0.4517f,-0.8434f,1.6419f,-0.4538f,-0.8412f,-0.294f,0.3336f,0f,0f,0f,1f],start_interpolation: 0,interpolation_duration: 1}
$data merge entity $(bone_rightfoot) {transformation: [-0.4366f,-0.3785f,0.8161f,-0.3479f,0.2729f,0.8087f,0.5211f,0.2805f,-0.8572f,0.4502f,-0.2498f,-0.5308f,0f,0f,0f,1f],start_interpolation: 0,interpolation_duration: 1}
$data merge entity $(bone_rightlowerleg) {transformation: [-0.4366f,-0.3785f,0.8161f,-0.8933f,0.2729f,0.8087f,0.5211f,1.0976f,-0.8572f,0.4502f,-0.2498f,0.0071f,0f,0f,0f,1f],start_interpolation: 0,interpolation_duration: 1}
$data merge entity $(bone_rightleg) {transformation: [-0.4541f,0.7018f,0.5489f,-0.264f,0.1852f,0.677f,-0.7123f,1.7239f,-0.8715f,-0.2218f,-0.4374f,-0.1511f,0f,0f,0f,1f],start_interpolation: 0,interpolation_duration: 1}
data modify entity @s data merge value {"cameras":{},"locators":{"lefthand":{"posx":1.0837245164269411,"posy":2.680216465697143,"posz":2.388725418009363,"roty":98.54253223245061,"rotx":-44.42770579855365},"sword":{"posx":-2.9574952817396944,"posy":4.56650189815597,"posz":1.7431637470409662,"roty":63.09717158123421,"rotx":-45.6696158836394},"righthand":{"posx":-0.6595640266933864,"posy":1.9287510590360084,"posz":0.5772140449511863,"roty":63.09717158123421,"rotx":-45.6696158836394},"chest":{"posx":-0.49161494557787977,"posy":2.143095663729619,"posz":-0.04379807056737563,"roty":53.64489300423496,"rotx":9.362415035554978}}}