# This file was generated by Animated Java via MC-Build. It is not recommended to edit this file directly.
$data merge entity $(bone_nose) {transformation: [-0.9994f,-0.0121f,-0.0318f,-0.0186f,-0.0187f,0.9759f,0.2173f,3.5453f,0.0284f,0.2178f,-0.9756f,0.5579f,0f,0f,0f,1f],start_interpolation: 0,interpolation_duration: 1}
$data merge entity $(bone_glowing_eye) {transformation: [-0.9994f,-0.0121f,-0.0318f,-0.1432f,-0.0187f,0.9759f,0.2173f,3.6014f,0.0284f,0.2178f,-0.9756f,0.6103f,0f,0f,0f,1f],start_interpolation: 0,interpolation_duration: 1}
$data merge entity $(bone_head) {transformation: [-0.9994f,-0.0121f,-0.0318f,-0.023f,-0.0187f,0.9759f,0.2173f,3.4655f,0.0284f,0.2178f,-0.9756f,0.3484f,0f,0f,0f,1f],start_interpolation: 0,interpolation_duration: 1}
$data merge entity $(bone_leftthumb2) {transformation: [-0.2094f,0.3693f,0.9054f,0.1209f,-0.9715f,-0.1838f,-0.1497f,2.5751f,0.1111f,-0.911f,0.3972f,2.5639f,0f,0f,0f,1f],start_interpolation: 0,interpolation_duration: 1}
$data merge entity $(bone_leftthumb) {transformation: [-0.2094f,0.3693f,0.9054f,0.2888f,-0.9715f,-0.1838f,-0.1497f,2.5172f,0.1111f,-0.911f,0.3972f,2.3745f,0f,0f,0f,1f],start_interpolation: 0,interpolation_duration: 1}
$data merge entity $(bone_leftpointerfinger) {transformation: [-0.2094f,0.3693f,0.9054f,0.233f,-0.9715f,-0.1838f,-0.1497f,2.6768f,0.1111f,-0.911f,0.3972f,2.6798f,0f,0f,0f,1f],start_interpolation: 0,interpolation_duration: 1}
$data merge entity $(bone_leftmidfinger) {transformation: [-0.2094f,0.3693f,0.9054f,0.3745f,-0.9715f,-0.1838f,-0.1497f,2.6534f,0.1111f,-0.911f,0.3972f,2.7419f,0f,0f,0f,1f],start_interpolation: 0,interpolation_duration: 1}
$data merge entity $(bone_leftringfinger) {transformation: [-0.2094f,0.3693f,0.9054f,0.5159f,-0.9715f,-0.1838f,-0.1497f,2.63f,0.1111f,-0.911f,0.3972f,2.804f,0f,0f,0f,1f],start_interpolation: 0,interpolation_duration: 1}
$data merge entity $(bone_invisibility) {transformation: [0.4468f,-0.8698f,0.2094f,0.2058f,-0.1962f,0.1331f,0.9715f,2.4792f,-0.8729f,-0.4751f,-0.1111f,2.5886f,0f,0f,0f,1f],start_interpolation: 0,interpolation_duration: 1}
$data merge entity $(bone_swiftness) {transformation: [0.9054f,0.3693f,0.2094f,0.3147f,-0.1497f,-0.1838f,0.9715f,2.4254f,0.3972f,-0.911f,-0.1111f,2.7923f,0f,0f,0f,1f],start_interpolation: 0,interpolation_duration: 1}
$data merge entity $(bone_suspicious_stew) {transformation: [0.7173f,-0.6645f,0.2094f,0.3583f,-0.2299f,0.058f,0.9715f,2.4597f,-0.6577f,-0.745f,-0.1111f,2.7058f,0f,0f,0f,1f],start_interpolation: 0,interpolation_duration: 1}
$data merge entity $(bone_log) {transformation: [-0.2094f,0.3693f,0.9054f,0.4272f,-0.9715f,-0.1838f,-0.1497f,2.3387f,0.1111f,-0.911f,0.3972f,2.621f,0f,0f,0f,1f],start_interpolation: 0,interpolation_duration: 1}
$data merge entity $(bone_planks) {transformation: [-0.2094f,0.3693f,0.9054f,0.4076f,-0.9715f,-0.1838f,-0.1497f,2.2476f,0.1111f,-0.911f,0.3972f,2.6314f,0f,0f,0f,1f],start_interpolation: 0,interpolation_duration: 1}
$data merge entity $(bone_lefthand1) {transformation: [-0.2094f,0.3693f,0.9054f,0.5436f,-0.9715f,-0.1838f,-0.1497f,2.5403f,0.1111f,-0.911f,0.3972f,2.353f,0f,0f,0f,1f],start_interpolation: 0,interpolation_duration: 1}
$data merge entity $(bone_leftforearm) {transformation: [0.2804f,0.3558f,0.8915f,0.8158f,-0.8444f,0.5331f,0.0529f,2.8423f,-0.4564f,-0.7676f,0.4499f,1.7521f,0f,0f,0f,1f],start_interpolation: 0,interpolation_duration: 1}
$data merge entity $(bone_leftelbow) {transformation: [0.2804f,0.3558f,0.8915f,0.8825f,-0.8444f,0.5331f,0.0529f,2.9422f,-0.4564f,-0.7676f,0.4499f,1.6082f,0f,0f,0f,1f],start_interpolation: 0,interpolation_duration: 1}
$data merge entity $(bone_leftarm) {transformation: [0.0444f,-0.5279f,0.8481f,0.4207f,-0.9306f,0.2869f,0.2274f,2.8202f,-0.3634f,-0.7994f,-0.4785f,1.1593f,0f,0f,0f,1f],start_interpolation: 0,interpolation_duration: 1}
$data merge entity $(bone_rightthumb2) {transformation: [-0.5557f,0.567f,0.608f,-1.0791f,0.6377f,0.7599f,-0.1258f,1.7223f,-0.5334f,0.3178f,-0.7839f,-0.6145f,0f,0f,0f,1f],start_interpolation: 0,interpolation_duration: 1}
$data merge entity $(bone_rightthumb) {transformation: [-0.5557f,0.567f,0.608f,-0.8881f,0.6377f,0.7599f,-0.1258f,1.8979f,-0.5334f,0.3178f,-0.7839f,-0.6036f,0f,0f,0f,1f],start_interpolation: 0,interpolation_duration: 1}
$data merge entity $(bone_rightpointerfinger) {transformation: [-0.5557f,0.567f,0.608f,-1.1064f,0.6377f,0.7599f,-0.1258f,1.7124f,-0.5334f,0.3178f,-0.7839f,-0.8029f,0f,0f,0f,1f],start_interpolation: 0,interpolation_duration: 1}
$data merge entity $(bone_rightmidfinger) {transformation: [-0.5557f,0.567f,0.608f,-1.0114f,0.6377f,0.7599f,-0.1258f,1.6927f,-0.5334f,0.3178f,-0.7839f,-0.9254f,0f,0f,0f,1f],start_interpolation: 0,interpolation_duration: 1}
$data merge entity $(bone_rightringfinger) {transformation: [-0.5557f,0.567f,0.608f,-0.9164f,0.6377f,0.7599f,-0.1258f,1.673f,-0.5334f,0.3178f,-0.7839f,-1.0479f,0f,0f,0f,1f],start_interpolation: 0,interpolation_duration: 1}
$data merge entity $(bone_hugeasssword) {transformation: [-2.1764f,2.2208f,2.3815f,-0.7581f,2.4977f,2.9764f,-0.4929f,1.6796f,-2.0892f,1.2448f,-3.0701f,-0.7069f,0f,0f,0f,1f],start_interpolation: 0,interpolation_duration: 1}
$data merge entity $(bone_ice) {transformation: [-0.5557f,0.567f,0.608f,-0.7583f,0.6377f,0.7599f,-0.1258f,1.6578f,-0.5334f,0.3178f,-0.7839f,-0.7036f,0f,0f,0f,1f],start_interpolation: 0,interpolation_duration: 1}
$data merge entity $(bone_righthand1) {transformation: [-0.5557f,0.567f,0.608f,-0.7364f,0.6377f,0.7599f,-0.1258f,2.0033f,-0.5334f,0.3178f,-0.7839f,-0.7819f,0f,0f,0f,1f],start_interpolation: 0,interpolation_duration: 1}
$data merge entity $(bone_rightforearm) {transformation: [-0.7638f,0.4306f,0.4808f,-0.3934f,0.4108f,0.8989f,-0.1525f,2.612f,-0.4979f,0.0811f,-0.8635f,-0.6803f,0f,0f,0f,1f],start_interpolation: 0,interpolation_duration: 1}
$data merge entity $(bone_rightelbow) {transformation: [-0.7638f,0.4306f,0.4808f,-0.3127f,0.4108f,0.8989f,-0.1525f,2.7806f,-0.4979f,0.0811f,-0.8635f,-0.6651f,0f,0f,0f,1f],start_interpolation: 0,interpolation_duration: 1}
$data merge entity $(bone_rightarm) {transformation: [-0.5409f,-0.2826f,0.7922f,-0.4796f,0.5676f,0.5724f,0.5917f,2.8554f,-0.6207f,0.7697f,-0.1492f,-0.0487f,0f,0f,0f,1f],start_interpolation: 0,interpolation_duration: 1}
$data merge entity $(bone_chest1) {transformation: [-0.4178f,-0.1455f,0.9889f,0.1388f,0.1347f,1.0538f,0.212f,2.843f,-0.9904f,0.2047f,-0.3883f,0.1929f,0f,0f,0f,1f],start_interpolation: 0,interpolation_duration: 1}
$data merge entity $(bone_chest1lid) {transformation: [-0.3856f,-0.1343f,0.9128f,-0.2582f,0.1243f,0.9728f,0.1957f,2.1441f,-0.9142f,0.1889f,-0.3584f,-0.1081f,0f,0f,0f,1f],start_interpolation: 0,interpolation_duration: 1}
$data merge entity $(bone_chest2) {transformation: [-0.3856f,-0.1343f,0.9128f,-0.2373f,0.1243f,0.9728f,0.1957f,1.9921f,-0.9142f,0.1889f,-0.3584f,-0.1376f,0f,0f,0f,1f],start_interpolation: 0,interpolation_duration: 1}
$data merge entity $(bone_chest1lid3) {transformation: [-0.3856f,-0.1343f,0.9128f,0.3506f,0.1243f,0.9728f,0.1957f,2.2616f,-0.9142f,0.1889f,-0.3584f,-0.2806f,0f,0f,0f,1f],start_interpolation: 0,interpolation_duration: 1}
$data merge entity $(bone_chest3) {transformation: [-0.3856f,-0.1343f,0.9128f,0.3716f,0.1243f,0.9728f,0.1957f,2.1096f,-0.9142f,0.1889f,-0.3584f,-0.3101f,0f,0f,0f,1f],start_interpolation: 0,interpolation_duration: 1}
$data merge entity $(bone_hugeasssword2) {transformation: [-3.5752f,0.7582f,-1.4083f,-0.2503f,-0.7663f,2.215f,3.138f,4.1767f,1.4039f,3.1399f,-1.8735f,-0.8092f,0f,0f,0f,1f],start_interpolation: 0,interpolation_duration: 1}
$data merge entity $(bone_belt) {transformation: [-0.3856f,-0.1343f,0.9128f,0.0852f,0.1243f,0.9728f,0.1957f,2.4259f,-0.9142f,0.1889f,-0.3584f,0.1938f,0f,0f,0f,1f],start_interpolation: 0,interpolation_duration: 1}
$data merge entity $(bone_torn_part) {transformation: [-0.4647f,-0.2692f,0.8435f,0.0538f,0.1199f,0.9248f,0.3611f,2.1499f,-0.8773f,0.2689f,-0.3975f,0.0257f,0f,0f,0f,1f],start_interpolation: 0,interpolation_duration: 1}
$data merge entity $(bone_lowerbody) {transformation: [-0.4647f,-0.003f,0.8854f,-0.0238f,0.1199f,0.9906f,0.0663f,1.6452f,-0.8773f,0.137f,-0.46f,0.1092f,0f,0f,0f,1f],start_interpolation: 0,interpolation_duration: 1}
$data merge entity $(bone_leftfoot) {transformation: [-0.8417f,-0.4182f,0.3415f,0.2673f,-0.3323f,0.8998f,0.2827f,0.2041f,-0.4255f,0.1245f,-0.8964f,0.8872f,0f,0f,0f,1f],start_interpolation: 0,interpolation_duration: 1}
$data merge entity $(bone_leftlowerleg) {transformation: [-0.8417f,-0.4182f,0.3415f,-0.2491f,-0.3323f,0.8998f,0.2827f,1.1589f,-0.4255f,0.1245f,-0.8964f,1.1631f,0f,0f,0f,1f],start_interpolation: 0,interpolation_duration: 1}
$data merge entity $(bone_leftleg) {transformation: [-0.7522f,0.4164f,0.5107f,0.1076f,-0.3221f,0.4437f,-0.8363f,1.5711f,-0.5748f,-0.7935f,-0.1997f,0.445f,0f,0f,0f,1f],start_interpolation: 0,interpolation_duration: 1}
$data merge entity $(bone_rightfoot) {transformation: [-0.3934f,-0.4057f,0.825f,-0.3242f,0.1876f,0.8431f,0.504f,0.2789f,-0.9f,0.353f,-0.2555f,-0.5274f,0f,0f,0f,1f],start_interpolation: 0,interpolation_duration: 1}
$data merge entity $(bone_rightlowerleg) {transformation: [-0.3934f,-0.4057f,0.825f,-0.901f,0.1876f,0.8431f,0.504f,1.1368f,-0.9f,0.353f,-0.2555f,-0.0966f,0f,0f,0f,1f],start_interpolation: 0,interpolation_duration: 1}
$data merge entity $(bone_rightleg) {transformation: [-0.2648f,0.8185f,0.5099f,-0.1776f,0.2164f,0.5657f,-0.7957f,1.6453f,-0.9397f,-0.1004f,-0.3269f,-0.132f,0f,0f,0f,1f],start_interpolation: 0,interpolation_duration: 1}
data modify entity @s data merge value {"cameras":{},"locators":{"lefthand":{"posx":0.403881510460521,"posy":2.4464343810610605,"posz":2.6755249256742037,"roty":113.68746300202741,"rotx":-8.61009377025863},"sword":{"posx":-3.0708834676970653,"posy":2.171730628955187,"posz":2.144229819898532,"roty":37.800638304363645,"rotx":-7.229522699663653},"righthand":{"posx":-0.8287242828450658,"posy":1.7076793221949698,"posz":-0.746277890604581,"roty":37.800638304363645,"rotx":-7.229522699663653},"chest":{"posx":-0.40453046279267046,"posy":2.0565655072426705,"posz":-0.09247780422446486,"roty":68.56150240858649,"rotx":11.283480617544566}}}