# This file was generated by Animated Java via MC-Build. It is not recommended to edit this file directly.
$data merge entity $(bone_nose) {transformation: [-0.9992f,-0.0315f,-0.0259f,-0.5647f,-0.0388f,0.9301f,0.3652f,3.6418f,0.0126f,0.3659f,-0.9306f,0.3343f,0f,0f,0f,1f],start_interpolation: 0,interpolation_duration: 1}
$data merge entity $(bone_glowing_eye) {transformation: [-0.9992f,-0.0315f,-0.0259f,-0.6909f,-0.0388f,0.9301f,0.3652f,3.6871f,0.0126f,0.3659f,-0.9306f,0.3931f,0f,0f,0f,1f],start_interpolation: 0,interpolation_duration: 1}
$data merge entity $(bone_head) {transformation: [-0.9992f,-0.0315f,-0.0259f,-0.5657f,-0.0388f,0.9301f,0.3652f,3.5953f,0.0126f,0.3659f,-0.9306f,0.1149f,0f,0f,0f,1f],start_interpolation: 0,interpolation_duration: 1}
$data merge entity $(bone_leftthumb2) {transformation: [-0.4254f,-0.8468f,-0.3193f,0.8605f,-0.258f,0.4516f,-0.8541f,2.212f,0.8675f,-0.2809f,-0.4106f,-0.3216f,0f,0f,0f,1f],start_interpolation: 0,interpolation_duration: 1}
$data merge entity $(bone_leftthumb) {transformation: [-0.4254f,-0.8468f,-0.3193f,0.6256f,-0.258f,0.4516f,-0.8541f,2.2498f,0.8675f,-0.2809f,-0.4106f,-0.4256f,0f,0f,0f,1f],start_interpolation: 0,interpolation_duration: 1}
$data merge entity $(bone_leftpointerfinger) {transformation: [-0.4254f,-0.8468f,-0.3193f,0.935f,-0.258f,0.4516f,-0.8541f,2.0898f,0.8675f,-0.2809f,-0.4106f,-0.4475f,0f,0f,0f,1f],start_interpolation: 0,interpolation_duration: 1}
$data merge entity $(bone_leftmidfinger) {transformation: [-0.4254f,-0.8468f,-0.3193f,0.8851f,-0.258f,0.4516f,-0.8541f,1.9563f,0.8675f,-0.2809f,-0.4106f,-0.5117f,0f,0f,0f,1f],start_interpolation: 0,interpolation_duration: 1}
$data merge entity $(bone_leftringfinger) {transformation: [-0.4254f,-0.8468f,-0.3193f,0.8352f,-0.258f,0.4516f,-0.8541f,1.8229f,0.8675f,-0.2809f,-0.4106f,-0.5758f,0f,0f,0f,1f],start_interpolation: 0,interpolation_duration: 1}
$data merge entity $(bone_invisibility) {transformation: [-0.8714f,0.2443f,0.4254f,0.7726f,0.3755f,0.8902f,0.258f,2.1175f,-0.3157f,0.3845f,-0.8675f,-0.3028f,0f,0f,0f,1f],start_interpolation: 0,interpolation_duration: 1}
$data merge entity $(bone_swiftness) {transformation: [-0.3193f,-0.8468f,0.4254f,0.8052f,-0.8541f,0.4516f,0.258f,1.8827f,-0.4106f,-0.2809f,-0.8675f,-0.2965f,0f,0f,0f,1f],start_interpolation: 0,interpolation_duration: 1}
$data merge entity $(bone_suspicious_stew) {transformation: [-0.9024f,-0.0685f,0.4254f,0.7524f,0.0483f,0.9649f,0.258f,1.9362f,-0.4281f,0.2534f,-0.8675f,-0.3666f,0f,0f,0f,1f],start_interpolation: 0,interpolation_duration: 1}
$data merge entity $(bone_log) {transformation: [-0.4254f,-0.8468f,-0.3193f,0.5917f,-0.258f,0.4516f,-0.8541f,1.9284f,0.8675f,-0.2809f,-0.4106f,-0.3396f,0f,0f,0f,1f],start_interpolation: 0,interpolation_duration: 1}
$data merge entity $(bone_planks) {transformation: [-0.4254f,-0.8468f,-0.3193f,0.5518f,-0.258f,0.4516f,-0.8541f,1.9042f,0.8675f,-0.2809f,-0.4106f,-0.2583f,0f,0f,0f,1f],start_interpolation: 0,interpolation_duration: 1}
$data merge entity $(bone_lefthand1) {transformation: [-0.4254f,-0.8468f,-0.3193f,0.4963f,-0.258f,0.4516f,-0.8541f,2.1325f,0.8675f,-0.2809f,-0.4106f,-0.6139f,0f,0f,0f,1f],start_interpolation: 0,interpolation_duration: 1}
$data merge entity $(bone_leftforearm) {transformation: [-0.8553f,-0.4837f,0.1855f,0.0715f,-0.4714f,0.578f,-0.6661f,2.5077f,0.2149f,-0.6572f,-0.7224f,-1.0624f,0f,0f,0f,1f],start_interpolation: 0,interpolation_duration: 1}
$data merge entity $(bone_leftelbow) {transformation: [-0.8553f,-0.4837f,0.1855f,-0.0192f,-0.4714f,0.578f,-0.6661f,2.616f,0.2149f,-0.6572f,-0.7224f,-1.1857f,0f,0f,0f,1f],start_interpolation: 0,interpolation_duration: 1}
$data merge entity $(bone_leftarm) {transformation: [-0.6984f,-0.1294f,-0.7039f,-0.1161f,-0.4696f,0.825f,0.3143f,2.9386f,0.5401f,0.5501f,-0.6369f,-0.5266f,0f,0f,0f,1f],start_interpolation: 0,interpolation_duration: 1}
$data merge entity $(bone_rightthumb2) {transformation: [-0.0822f,-0.3746f,-0.9235f,0.0123f,0.9598f,0.2197f,-0.1745f,2.0613f,0.2682f,-0.9008f,0.3415f,1.3004f,0f,0f,0f,1f],start_interpolation: 0,interpolation_duration: 1}
$data merge entity $(bone_rightthumb) {transformation: [-0.0822f,-0.3746f,-0.9235f,-0.1585f,0.9598f,0.2197f,-0.1745f,2.1003f,0.2682f,-0.9008f,0.3415f,1.1087f,0f,0f,0f,1f],start_interpolation: 0,interpolation_duration: 1}
$data merge entity $(bone_rightpointerfinger) {transformation: [-0.0822f,-0.3746f,-0.9235f,-0.0878f,0.9598f,0.2197f,-0.1745f,2.125f,0.2682f,-0.9008f,0.3415f,1.4496f,0f,0f,0f,1f],start_interpolation: 0,interpolation_duration: 1}
$data merge entity $(bone_rightmidfinger) {transformation: [-0.0822f,-0.3746f,-0.9235f,-0.2321f,0.9598f,0.2197f,-0.1745f,2.0977f,0.2682f,-0.9008f,0.3415f,1.503f,0f,0f,0f,1f],start_interpolation: 0,interpolation_duration: 1}
$data merge entity $(bone_rightringfinger) {transformation: [-0.0822f,-0.3746f,-0.9235f,-0.3765f,0.9598f,0.2197f,-0.1745f,2.0705f,0.2682f,-0.9008f,0.3415f,1.5563f,0f,0f,0f,1f],start_interpolation: 0,interpolation_duration: 1}
$data merge entity $(bone_hugeasssword) {transformation: [-0.3219f,-1.4672f,-3.6172f,-0.272f,3.7594f,0.8603f,-0.6835f,1.8901f,1.0506f,-3.5281f,1.3375f,1.2434f,0f,0f,0f,1f],start_interpolation: 0,interpolation_duration: 1}
$data merge entity $(bone_ice) {transformation: [-0.0822f,-0.3746f,-0.9235f,-0.2648f,0.9598f,0.2197f,-0.1745f,1.8717f,0.2682f,-0.9008f,0.3415f,1.2533f,0f,0f,0f,1f],start_interpolation: 0,interpolation_duration: 1}
$data merge entity $(bone_righthand1) {transformation: [-0.0822f,-0.3746f,-0.9235f,-0.4079f,0.9598f,0.2197f,-0.1745f,2.1611f,0.2682f,-0.9008f,0.3415f,1.1058f,0f,0f,0f,1f],start_interpolation: 0,interpolation_duration: 1}
$data merge entity $(bone_rightforearm) {transformation: [0.2925f,-0.927f,-0.2347f,-1.0743f,0.3825f,0.3383f,-0.8598f,2.3885f,0.8764f,0.1617f,0.4536f,1.1577f,0f,0f,0f,1f],start_interpolation: 0,interpolation_duration: 1}
$data merge entity $(bone_rightelbow) {transformation: [0.2925f,-0.927f,-0.2347f,-1.2481f,0.3825f,0.3383f,-0.8598f,2.452f,0.8764f,0.1617f,0.4536f,1.188f,0f,0f,0f,1f],start_interpolation: 0,interpolation_duration: 1}
$data merge entity $(bone_rightarm) {transformation: [0.0102f,-0.1278f,-0.9917f,-1.1396f,0.2772f,0.9533f,-0.12f,2.9501f,0.9607f,-0.2737f,0.0451f,0.7813f,0f,0f,0f,1f],start_interpolation: 0,interpolation_duration: 1}
$data merge entity $(bone_chest1) {transformation: [-0.6655f,0.1082f,-0.8479f,-0.6966f,0.137f,1.0742f,0.0296f,2.9467f,0.8438f,-0.0891f,-0.6736f,0.1199f,0f,0f,0f,1f],start_interpolation: 0,interpolation_duration: 1}
$data merge entity $(bone_chest1lid) {transformation: [-0.6143f,0.0999f,-0.7827f,-0.6684f,0.1265f,0.9916f,0.0273f,2.3015f,0.7789f,-0.0823f,-0.6218f,0.6854f,0f,0f,0f,1f],start_interpolation: 0,interpolation_duration: 1}
$data merge entity $(bone_chest2) {transformation: [-0.6143f,0.0999f,-0.7827f,-0.684f,0.1265f,0.9916f,0.0273f,2.1466f,0.7789f,-0.0823f,-0.6218f,0.6982f,0f,0f,0f,1f],start_interpolation: 0,interpolation_duration: 1}
$data merge entity $(bone_chest1lid3) {transformation: [-0.6143f,0.0999f,-0.7827f,-1.1314f,0.1265f,0.9916f,0.0273f,2.3111f,0.7789f,-0.0823f,-0.6218f,0.2384f,0f,0f,0f,1f],start_interpolation: 0,interpolation_duration: 1}
$data merge entity $(bone_chest3) {transformation: [-0.6143f,0.0999f,-0.7827f,-1.147f,0.1265f,0.9916f,0.0273f,2.1562f,0.7789f,-0.0823f,-0.6218f,0.2512f,0f,0f,0f,1f],start_interpolation: 0,interpolation_duration: 1}
$data merge entity $(bone_hugeasssword2) {transformation: [3.0657f,2.0383f,-1.337f,-1.5449f,-0.1069f,2.2585f,3.1981f,4.2604f,2.4353f,-2.4668f,1.8234f,0.8194f,0f,0f,0f,1f],start_interpolation: 0,interpolation_duration: 1}
$data merge entity $(bone_belt) {transformation: [-0.6143f,0.0999f,-0.7827f,-0.6143f,0.1265f,0.9916f,0.0273f,2.5441f,0.7789f,-0.0823f,-0.6218f,0.2091f,0f,0f,0f,1f],start_interpolation: 0,interpolation_duration: 1}
$data merge entity $(bone_torn_part) {transformation: [-0.8599f,0.1582f,-0.4854f,-0.7076f,0.0583f,0.975f,0.2145f,2.2594f,0.5072f,0.1561f,-0.8476f,0.2808f,0f,0f,0f,1f],start_interpolation: 0,interpolation_duration: 1}
$data merge entity $(bone_lowerbody) {transformation: [-0.8599f,0.0049f,-0.5105f,-0.5543f,0.0583f,0.9944f,-0.0886f,1.7806f,0.5072f,-0.106f,-0.8553f,0.4033f,0f,0f,0f,1f],start_interpolation: 0,interpolation_duration: 1}
$data merge entity $(bone_leftfoot) {transformation: [-0.9623f,-0.2653f,0.0592f,0.2302f,-0.2626f,0.9636f,0.0497f,0.1687f,-0.0702f,0.0323f,-0.997f,0.8302f,0f,0f,0f,1f],start_interpolation: 0,interpolation_duration: 1}
$data merge entity $(bone_leftlowerleg) {transformation: [-0.9623f,-0.2653f,0.0592f,-0.0733f,-0.2626f,0.9636f,0.0497f,1.23f,-0.0702f,0.0323f,-0.997f,1.0192f,0f,0f,0f,1f],start_interpolation: 0,interpolation_duration: 1}
$data merge entity $(bone_leftleg) {transformation: [-0.9665f,-0.1944f,0.1675f,-0.3099f,-0.2437f,0.4911f,-0.8363f,1.7196f,0.0803f,-0.8492f,-0.522f,0.2618f,0f,0f,0f,1f],start_interpolation: 0,interpolation_duration: 1}
$data merge entity $(bone_rightfoot) {transformation: [-0.9426f,-0.1824f,0.2795f,-0.4874f,0.1497f,0.5173f,0.8426f,0.4244f,-0.2983f,0.8361f,-0.4604f,-0.496f,0f,0f,0f,1f],start_interpolation: 0,interpolation_duration: 1}
$data merge entity $(bone_rightlowerleg) {transformation: [-0.9426f,-0.1824f,0.2795f,-0.7328f,0.1497f,0.5173f,0.8426f,0.8689f,-0.2983f,0.8361f,-0.4604f,0.5023f,0f,0f,0f,1f],start_interpolation: 0,interpolation_duration: 1}
$data merge entity $(bone_rightleg) {transformation: [-0.9857f,-0.0247f,0.1668f,-0.7545f,-0.0466f,0.9906f,-0.1287f,1.8013f,-0.162f,-0.1346f,-0.9776f,0.413f,0f,0f,0f,1f],start_interpolation: 0,interpolation_duration: 1}
data modify entity @s data merge value {"cameras":{},"locators":{"lefthand":{"posx":0.7027358859717356,"posy":1.9306454810177072,"posz":-0.39259310588566704,"roty":322.1300243016052,"rotx":-58.66014663778291},"sword":{"posx":3.1532843314292798,"posy":2.604508514299719,"posz":0.0279049097178381,"roty":249.70694123330543,"rotx":-10.050466171580037},"righthand":{"posx":-0.2522615456895144,"posy":1.960982498506708,"posz":1.2871855757477566,"roty":249.70694123330543,"rotx":-10.050466171580037},"chest":{"posx":-0.5714949477589464,"posy":2.239261788746532,"posz":0.8120024685152528,"roty":308.4627206212451,"rotx":1.563366815240609}}}