# This file was generated by Animated Java via MC-Build. It is not recommended to edit this file directly.
$data merge entity $(bone_nose) { transformation: [-0.977926604803283f,-0.20561586831025722f,-0.03717082615361586f,-0.3912253468868217f,-0.20877127810155277f,0.9541819247662348f,0.21436279502107497f,4.07480754376885f,-0.008608661787263716f,0.217391281215283f,-0.9760465776763987f,0.5363080782517693f,0f,0f,0f,1f], start_interpolation: 0, interpolation_duration: 1 }
$data merge entity $(bone_glowing_eye) { transformation: [-0.977926604803283f,-0.20561586831025722f,-0.03717082615361586f,-0.5260909381903698f,-0.20877127810155277f,0.9541819247662348f,0.21436279502107497f,4.105836679331962f,-0.008608661787263716f,0.217391281215283f,-0.9760465776763987f,0.5840109069279249f,0f,0f,0f,1f], start_interpolation: 0, interpolation_duration: 1 }
$data merge entity $(bone_head) { transformation: [-0.977926604803283f,-0.20561586831025722f,-0.03717082615361586f,-0.372796965068855f,-0.20877127810155277f,0.9541819247662348f,0.21436279502107497f,3.9971286466989024f,-0.008608661787263716f,0.217391281215283f,-0.9760465776763987f,0.32669568029226603f,0f,0f,0f,1f], start_interpolation: 0, interpolation_duration: 1 }
$data merge entity $(bone_leftthumb2) { transformation: [-0.051661099626379325f,0.9439512622807835f,-0.3260170934535609f,-0.57434340528784f,-0.9674889123083732f,-0.12823801663189757f,-0.21799132012692088f,3.8518487900016765f,-0.24758096725264206f,0.3041562518325602f,0.9198872969692613f,0.3654796687036077f,0f,0f,0f,1f], start_interpolation: 0, interpolation_duration: 1 }
$data merge entity $(bone_leftthumb) { transformation: [-0.051661099626379325f,0.9439512622807835f,-0.3260170934535609f,-0.37070704361175255f,-0.9674889123083732f,-0.12823801663189757f,-0.21799132012692088f,3.801770384968082f,-0.24758096725264206f,0.3041562518325602f,0.9198872969692613f,0.518682976974405f,0f,0f,0f,1f], start_interpolation: 0, interpolation_duration: 1 }
$data merge entity $(bone_leftpointerfinger) { transformation: [-0.051661099626379325f,0.9439512622807835f,-0.3260170934535609f,-0.6900726700316351f,-0.9674889123083732f,-0.12823801663189757f,-0.21799132012692088f,3.939449240828202f,-0.24758096725264206f,0.3041562518325602f,0.9198872969692613f,0.4890805921805381f,0f,0f,0f,1f], start_interpolation: 0, interpolation_duration: 1 }
$data merge entity $(bone_leftmidfinger) { transformation: [-0.051661099626379325f,0.9439512622807835f,-0.3260170934535609f,-0.741012840883754f,-0.9674889123083732f,-0.12823801663189757f,-0.21799132012692088f,3.905388097058371f,-0.24758096725264206f,0.3041562518325602f,0.9198872969692613f,0.6328129823319852f,0f,0f,0f,1f], start_interpolation: 0, interpolation_duration: 1 }
$data merge entity $(bone_leftringfinger) { transformation: [-0.051661099626379325f,0.9439512622807835f,-0.3260170934535609f,-0.7919530117358728f,-0.9674889123083732f,-0.12823801663189757f,-0.21799132012692088f,3.8713269532885395f,-0.24758096725264206f,0.3041562518325602f,0.9198872969692613f,0.7765453724834323f,0f,0f,0f,1f], start_interpolation: 0, interpolation_duration: 1 }
$data merge entity $(bone_invisibility) { transformation: [0.9119449808127493f,0.40704727336738966f,0.0516610996263793f,-0.5863264227291967f,-0.14674922768070195f,0.20598511775241943f,0.967488912308373f,3.750831265455235f,0.3831723060785456f,-0.8898778840429143f,0.24758096725264223f,0.44717977283456456f,0f,0f,0f,1f], start_interpolation: 0, interpolation_duration: 1 }
$data merge entity $(bone_swiftness) { transformation: [-0.3260170934535609f,0.9439512622807835f,0.051661099626379256f,-0.7779722293515865f,-0.2179913201269211f,-0.12823801663189757f,0.9674889123083732f,3.676933638444056f,0.9198872969692613f,0.3041562518325602f,0.24758096725264225f,0.5655759614163824f,0f,0f,0f,1f], start_interpolation: 0, interpolation_duration: 1 }
$data merge entity $(bone_suspicious_stew) { transformation: [0.7177296022550502f,0.6944028721370612f,0.05166109962637944f,-0.6917023431711511f,-0.20835022585422389f,0.14337150325938028f,0.9674889123083734f,3.7159690499610574f,0.6644203499542296f,-0.705159033992294f,0.24758096725264214f,0.6054013167116498f,0f,0f,0f,1f], start_interpolation: 0, interpolation_duration: 1 }
$data merge entity $(bone_log) { transformation: [-0.051661099626379325f,0.9439512622807835f,-0.3260170934535609f,-0.5938337147316618f,-0.9674889123083732f,-0.12823801663189757f,-0.21799132012692088f,3.599018869222211f,-0.24758096725264206f,0.3041562518325602f,0.9198872969692613f,0.6633298495562188f,0f,0f,0f,1f], start_interpolation: 0, interpolation_duration: 1 }
$data merge entity $(bone_planks) { transformation: [-0.051661099626379325f,0.9439512622807835f,-0.3260170934535609f,-0.5986769428216349f,-0.9674889123083732f,-0.12823801663189757f,-0.21799132012692088f,3.508316783693301f,-0.24758096725264206f,0.3041562518325602f,0.9198872969692613f,0.6401191338762835f,0f,0f,0f,1f], start_interpolation: 0, interpolation_duration: 1 }
$data merge entity $(bone_lefthand1) { transformation: [-0.051661099626379325f,0.9439512622807835f,-0.3260170934535609f,-0.3347425900844474f,-0.9674889123083732f,-0.12823801663189757f,-0.21799132012692088f,3.815643821895296f,-0.24758096725264206f,0.3041562518325602f,0.9198872969692613f,0.7725176762972299f,0f,0f,0f,1f], start_interpolation: 0, interpolation_duration: 1 }
$data merge entity $(bone_leftforearm) { transformation: [0.003154796260115826f,0.999513019532488f,-0.031044662111298638f,0.3781737771125767f,-0.9987517786393113f,0.0016017917089721709f,-0.049923130191655465f,3.7608544243911637f,-0.04984909151999735f,0.031163408805337856f,0.9982704593577143f,0.7773227419871545f,0f,0f,0f,1f], start_interpolation: 0, interpolation_duration: 1 }
$data merge entity $(bone_leftelbow) { transformation: [0.003154796260115826f,0.999513019532488f,-0.031044662111298638f,0.5655824682749182f,-0.9987517786393113f,0.0016017917089721709f,-0.049923130191655465f,3.761154760336596f,-0.04984909151999735f,0.031163408805337856f,0.9982704593577143f,0.7831658811381553f,0f,0f,0f,1f], start_interpolation: 0, interpolation_duration: 1 }
$data merge entity $(bone_leftarm) { transformation: [-0.027069882421975982f,-0.2866019482980199f,0.9576672411111489f,0.3036481878692342f,-0.9986711195800919f,-0.034275154304761496f,-0.03848647442973201f,3.525889083031587f,0.043854491016383f,-0.9574364402032982f,-0.2852932641835942f,0.4366129258741025f,0f,0f,0f,1f], start_interpolation: 0, interpolation_duration: 1 }
$data merge entity $(bone_rightthumb2) { transformation: [-0.914737518245208f,0.3670348459903754f,-0.1689399140032306f,-1.3147631494940222f,-0.3765083288256454f,-0.9260264059533555f,0.026768896167571478f,5.013248545522992f,-0.14661770370428379f,0.08809379833979286f,0.9852627728959165f,0.14974820680348996f,0f,0f,0f,1f], start_interpolation: 0, interpolation_duration: 1 }
$data merge entity $(bone_rightthumb) { transformation: [-0.914737518245208f,0.3670348459903754f,-0.1689399140032306f,-1.2391877889771585f,-0.3765083288256454f,-0.9260264059533555f,0.026768896167571478f,4.788435117605217f,-0.14661770370428379f,0.08809379833979286f,0.9852627728959165f,0.2555506435575894f,0f,0f,0f,1f], start_interpolation: 0, interpolation_duration: 1 }
$data merge entity $(bone_rightpointerfinger) { transformation: [-0.914737518245208f,0.3670348459903754f,-0.1689399140032306f,-1.4675895723447216f,-0.3765083288256454f,-0.9260264059533555f,0.026768896167571478f,5.052361725601211f,-0.14661770370428379f,0.08809379833979286f,0.9852627728959165f,0.25679274711418487f,0f,0f,0f,1f], start_interpolation: 0, interpolation_duration: 1 }
$data merge entity $(bone_rightmidfinger) { transformation: [-0.914737518245208f,0.3670348459903754f,-0.1689399140032306f,-1.4939864339077265f,-0.3765083288256454f,-0.9260264059533555f,0.026768896167571478f,5.056544365627395f,-0.14661770370428379f,0.08809379833979286f,0.9852627728959165f,0.41074005537917185f,0f,0f,0f,1f], start_interpolation: 0, interpolation_duration: 1 }
$data merge entity $(bone_rightringfinger) { transformation: [-0.914737518245208f,0.3670348459903754f,-0.1689399140032306f,-1.5203832954707313f,-0.3765083288256454f,-0.9260264059533555f,0.026768896167571478f,5.060727005653578f,-0.14661770370428379f,0.08809379833979286f,0.9852627728959165f,0.5646873636441587f,0f,0f,0f,1f], start_interpolation: 0, interpolation_duration: 1 }
$data merge entity $(bone_hugeasssword) { transformation: [-3.5827219464603983f,1.437553146795637f,-0.6616813298459866f,-1.1738156413757475f,-1.4746576212337779f,-3.6269367566506427f,0.1048448433229883f,4.968037012759813f,-0.5742526728417782f,0.3450340434975221f,3.8589458605090066f,0.45218470488689394f,0f,0f,0f,1f], start_interpolation: 0, interpolation_duration: 1 }
$data merge entity $(bone_ice) { transformation: [-0.914737518245208f,0.3670348459903754f,-0.1689399140032306f,-1.1652577871217658f,-0.3765083288256454f,-0.9260264059533555f,0.026768896167571478f,4.988389117990735f,-0.14661770370428379f,0.08809379833979286f,0.9852627728959165f,0.4530991409082141f,0f,0f,0f,1f], start_interpolation: 0, interpolation_duration: 1 }
$data merge entity $(bone_righthand1) { transformation: [-0.914737518245208f,0.3670348459903754f,-0.1689399140032306f,-1.3074628274980749f,-0.3765083288256454f,-0.9260264059533555f,0.026768896167571478f,4.663591962301221f,-0.14661770370428379f,0.08809379833979286f,0.9852627728959165f,0.46925762622008876f,0f,0f,0f,1f], start_interpolation: 0, interpolation_duration: 1 }
$data merge entity $(bone_rightforearm) { transformation: [-0.6385890264334229f,-0.2661960216921311f,-0.7220413654037388f,-1.435507105389019f,0.3311610314297435f,-0.9420045422352982f,0.054404169605408115f,3.976572278347899f,-0.6946484194045226f,-0.20437005759980595f,0.6897075126279617f,0.36528164670057106f,0f,0f,0f,1f], start_interpolation: 0, interpolation_duration: 1 }
$data merge entity $(bone_rightelbow) { transformation: [-0.6385890264334229f,-0.2661960216921311f,-0.7220413654037388f,-1.4854188594562936f,0.3311610314297435f,-0.9420045422352982f,0.054404169605408115f,3.7999464266787806f,-0.6946484194045226f,-0.20437005759980595f,0.6897075126279617f,0.3269622609006074f,0f,0f,0f,1f], start_interpolation: 0, interpolation_duration: 1 }
$data merge entity $(bone_rightarm) { transformation: [-0.6015991584714647f,0.6161220189073597f,-0.508401524726219f,-1.05014603340519f,0.27733382956959696f,-0.4357646846747643f,-0.8562681160516048f,3.6203099968272023f,-0.7491090704982066f,-0.6561271198539363f,0.0912841886061917f,0.2059559627877005f,0f,0f,0f,1f], start_interpolation: 0, interpolation_duration: 1 }
$data merge entity $(bone_chest1) { transformation: [-1.0768610734441264f,-0.05444542386263709f,0.10496206663501141f,-0.3130578231479057f,-0.03452348374448772f,1.064527323683313f,0.19799196274823314f,3.3767058859223478f,-0.11309053312288735f,0.19346416738810174f,-1.0599024758749838f,0.12027456545040693f,0f,0f,0f,1f], start_interpolation: 0, interpolation_duration: 1 }
$data merge entity $(bone_chest1lid) { transformation: [-0.9940256062561167f,-0.05025731433474193f,0.09688806150924131f,-0.656010725165412f,-0.0318678311487579f,0.9826406064769044f,0.18276181176759984f,2.6227220056191736f,-0.1043912613442037f,0.17858230835824776f,-0.9783715161922928f,0.3454363465130159f,0f,0f,0f,1f], start_interpolation: 0, interpolation_duration: 1 }
$data merge entity $(bone_chest2) { transformation: [-0.9940256062561167f,-0.05025731433474193f,0.09688806150924131f,-0.6481580198006086f,-0.0318678311487579f,0.9826406064769044f,0.18276181176759984f,2.4691844108571575f,-0.1043912613442037f,0.17858230835824776f,-0.9783715161922928f,0.3175328608320397f,0f,0f,0f,1f], start_interpolation: 0, interpolation_duration: 1 }
$data merge entity $(bone_chest1lid3) { transformation: [-0.9940256062561167f,-0.05025731433474193f,0.09688806150924131f,-0.5318152103700471f,-0.0318678311487579f,0.9826406064769044f,0.18276181176759984f,2.74179553072959f,-0.1043912613442037f,0.17858230835824776f,-0.9783715161922928f,-0.274808452213659f,0f,0f,0f,1f], start_interpolation: 0, interpolation_duration: 1 }
$data merge entity $(bone_chest3) { transformation: [-0.9940256062561167f,-0.05025731433474193f,0.09688806150924131f,-0.5239625050052437f,-0.0318678311487579f,0.9826406064769044f,0.18276181176759984f,2.5882579359675737f,-0.1043912613442037f,0.17858230835824776f,-0.9783715161922928f,-0.30271193789463524f,0f,0f,0f,1f], start_interpolation: 0, interpolation_duration: 1 }
$data merge entity $(bone_hugeasssword2) { transformation: [-0.37947824091119603f,2.737433542247529f,-2.7753795495807174f,-1.570393913676507f,-0.7158170960897658f,2.6921513873306098f,2.7532171309973474f,4.526020775666591f,3.83195510508648f,0.7739872655604854f,0.23946098456667883f,-0.06033229708733842f,0f,0f,0f,1f], start_interpolation: 0, interpolation_duration: 1 }
$data merge entity $(bone_belt) { transformation: [-0.9940256062561167f,-0.05025731433474193f,0.09688806150924131f,-0.2738843189642858f,-0.0318678311487579f,0.9826406064769044f,0.18276181176759984f,2.9623873618764f,-0.1043912613442037f,0.17858230835824776f,-0.9783715161922928f,0.18055467357220586f,0f,0f,0f,1f], start_interpolation: 0, interpolation_duration: 1 }
$data merge entity $(bone_torn_part) { transformation: [-0.9992321458266417f,-0.02283688357624932f,0.0318370145461223f,-0.3891279786602555f,-0.011182532474098447f,0.9449995285636585f,0.32688047048107455f,2.6752017882430303f,-0.03755089498468581f,0.32627345549858594f,-0.944529280924028f,0.1365160608355764f,0f,0f,0f,1f], start_interpolation: 0, interpolation_duration: 1 }
$data merge entity $(bone_lowerbody) { transformation: [-0.9992321458266417f,-0.012206348056011888f,0.03723068376783676f,-0.29082214843750004f,-0.011182532474098447f,0.9995569220585889f,0.027584606798460122f,2.18434984375f,-0.03755089498468581f,0.027147092512742756f,-0.9989259059880036f,0.26740167968749995f,0f,0f,0f,1f], start_interpolation: 0, interpolation_duration: 1 }
$data merge entity $(bone_leftfoot) { transformation: [-0.8503780799528649f,-0.10797095193179822f,-0.5149751398607704f,0.5192514989547069f,-0.30574959263223084f,0.8979236801872507f,0.31662320060950805f,0.7510440149854926f,0.4282222644152258f,0.42670286863100093f,-0.796586689671106f,0.3412581638823087f,0f,0f,0f,1f], start_interpolation: 0, interpolation_duration: 1 }
$data merge entity $(bone_leftlowerleg) { transformation: [-0.8503780799528649f,-0.10797095193179822f,-0.5149751398607704f,0.4785949013787387f,-0.30574959263223084f,0.8979236801872507f,0.31662320060950805f,1.6985303281460755f,0.4282222644152258f,0.42670286863100093f,-0.796586689671106f,0.9370237185710235f,0f,0f,0f,1f], start_interpolation: 0, interpolation_duration: 1 }
$data merge entity $(bone_leftleg) { transformation: [-0.8782087755486229f,-0.4623678240686896f,0.12233291386774667f,-0.028930674396690947f,-0.3525588079149656f,0.4529922830997476f,-0.8188408138421389f,2.156844639022468f,0.3231897794036295f,-0.7622427347755197f,-0.5608336471458983f,0.1472817681467895f,0f,0f,0f,1f], start_interpolation: 0, interpolation_duration: 1 }
$data merge entity $(bone_rightfoot) { transformation: [-0.930615857265931f,0.20746638758914127f,0.30151587723685214f,-0.9851021714092114f,0.2771173563237582f,0.9375628981574269f,0.21019463081338902f,0.27268612511373935f,-0.2390817789571751f,0.27916573933661326f,-0.9300034370642479f,0.12467200872138623f,0f,0f,0f,1f], start_interpolation: 0, interpolation_duration: 1 }
$data merge entity $(bone_rightlowerleg) { transformation: [-0.930615857265931f,0.20746638758914127f,0.30151587723685214f,-0.8012707430829873f,0.2771173563237582f,0.9375628981574269f,0.21019463081338902f,1.2804994798341676f,-0.2390817789571751f,0.27916573933661326f,-0.9300034370642479f,0.5772624601378261f,0f,0f,0f,1f], start_interpolation: 0, interpolation_duration: 1 }
$data merge entity $(bone_rightleg) { transformation: [-0.9742438214952209f,0.2253139372941085f,0.009088780964165467f,-0.5400146737406545f,0.19231300712187313f,0.8512453443278059f,-0.4882592252604935f,2.170793857169527f,-0.11774839094497393f,-0.47393564269978855f,-0.8726513181154361f,0.09590429835348917f,0f,0f,0f,1f], start_interpolation: 0, interpolation_duration: 1 }
data modify entity @s data merge value {"locators":{"lefthand":{"posx":-0.6576426619221631,"posy":3.703145664177471,"posz":0.6484051190465905,"roty":199.51482659808195,"rotx":-12.591080903099945},"righthand":{"posx":-1.2541096627695532,"posy":4.9671423607537335,"posz":0.42258253476037955,"roty":189.72970968520244,"rotx":1.5339280052706428},"chest":{"posx":-0.6990717028258133,"posy":2.5317545649022812,"posz":0.48388327472866477,"roty":5.655557185012128,"rotx":10.530669035497942},"sack":{"posx":0,"posy":-0.4375,"posz":0,"roty":0,"rotx":0}},"cameras":{}}