# This file was generated by Animated Java via MC-Build. It is not recommended to edit this file directly.
$data merge entity $(bone_nose) { transformation: [-0.9972678792231191f,0.010404209285904437f,-0.07313364136262794f,-0.3025367284372593f,0.0016341726647795454f,0.9928966884141494f,0.11896846479600115f,3.9378352309246125f,0.07385192312678168f,0.11852391558394779f,-0.9902009770168504f,0.5505940160401208f,0f,0f,0f,1f], start_interpolation: 0, interpolation_duration: 1 }
$data merge entity $(bone_glowing_eye) { transformation: [-0.9972678792231191f,0.010404209285904437f,-0.07313364136262794f,-0.4239387197134183f,0.0016341726647795454f,0.9928966884141494f,0.11896846479600115f,4.001115196664594f,0.07385192312678168f,0.11852391558394779f,-0.9902009770168504f,0.6024042204914295f,0f,0f,0f,1f], start_interpolation: 0, interpolation_duration: 1 }
$data merge entity $(bone_head) { transformation: [-0.9972678792231191f,0.010404209285904437f,-0.07313364136262794f,-0.3175160477000877f,0.0016341726647795454f,0.9928966884141494f,0.11896846479600115f,3.83751289051676f,0.07385192312678168f,0.11852391558394779f,-0.9902009770168504f,0.3505389693797608f,0f,0f,0f,1f], start_interpolation: 0, interpolation_duration: 1 }
$data merge entity $(bone_leftthumb2) { transformation: [0.11556580063632436f,0.9673203088601691f,-0.22568997715882788f,-0.6159727963228301f,-0.9915760841769712f,0.09896795268218472f,-0.0835596411562487f,3.5391887415824295f,-0.058492862911209115f,0.23344542062024637f,0.9706089946934795f,0.41591249740475156f,0f,0f,0f,1f], start_interpolation: 0, interpolation_duration: 1 }
$data merge entity $(bone_leftthumb) { transformation: [0.11556580063632436f,0.9673203088601691f,-0.22568997715882788f,-0.3980316467002406f,-0.9915760841769712f,0.09896795268218472f,-0.0835596411562487f,3.55631909168398f,-0.058492862911209115f,0.23344542062024637f,0.9706089946934795f,0.5561090541352304f,0f,0f,0f,1f], start_interpolation: 0, interpolation_duration: 1 }
$data merge entity $(bone_leftpointerfinger) { transformation: [0.11556580063632436f,0.9673203088601691f,-0.22568997715882788f,-0.7386528501689015f,-0.9915760841769712f,0.09896795268218472f,-0.0835596411562487f,3.6283820082377956f,-0.058492862911209115f,0.23344542062024637f,0.9706089946934795f,0.5314047290013824f,0f,0f,0f,1f], start_interpolation: 0, interpolation_duration: 1 }
$data merge entity $(bone_leftmidfinger) { transformation: [0.11556580063632436f,0.9673203088601691f,-0.22568997715882788f,-0.7739169090999684f,-0.9915760841769712f,0.09896795268218472f,-0.0835596411562487f,3.6153258143071314f,-0.058492862911209115f,0.23344542062024637f,0.9706089946934795f,0.6830623844222385f,0f,0f,0f,1f], start_interpolation: 0, interpolation_duration: 1 }
$data merge entity $(bone_leftringfinger) { transformation: [0.11556580063632436f,0.9673203088601691f,-0.22568997715882788f,-0.8091809680310352f,-0.9915760841769712f,0.09896795268218472f,-0.0835596411562487f,3.6022696203764677f,-0.058492862911209115f,0.23344542062024637f,0.9706089946934795f,0.8347200398430947f,0f,0f,0f,1f], start_interpolation: 0, interpolation_duration: 1 }
$data merge entity $(bone_invisibility) { transformation: [0.9439691854529904f,0.30913867865167366f,-0.11556580063632434f,-0.6041307919817963f,0.0913086471542863f,0.09186729691853471f,0.991576084176971f,3.45589735106536f,0.31715123816575475f,-0.9465694254086062f,0.05849286291120933f,0.5156388790016989f,0f,0f,0f,1f], start_interpolation: 0, interpolation_duration: 1 }
$data merge entity $(bone_swiftness) { transformation: [-0.22568997715882785f,0.9673203088601691f,-0.11556580063632442f,-0.7714201280086888f,-0.08355964115624892f,0.09896795268218472f,0.9915760841769712f,3.3751836063319947f,0.9706089946934795f,0.23344542062024637f,0.05849286291120933f,0.6629691250726596f,0f,0f,0f,1f], start_interpolation: 0, interpolation_duration: 1 }
$data merge entity $(bone_suspicious_stew) { transformation: [0.7813092226395066f,0.6133518112321305f,-0.11556580063632428f,-0.691790802176897f,0.054381595885808286f,0.11755641759247715f,0.9915760841769714f,3.4355907955665863f,0.6217704887234217f,-0.7810121921846601f,0.058492862911209156f,0.6866853114151522f,0f,0f,0f,1f], start_interpolation: 0, interpolation_duration: 1 }
$data merge entity $(bone_log) { transformation: [0.11556580063632436f,0.9673203088601691f,-0.22568997715882788f,-0.5706206874390405f,-0.9915760841769712f,0.09896795268218472f,-0.0835596411562487f,3.3510846735810693f,-0.058492862911209115f,0.23344542062024637f,0.9706089946934795f,0.755879579721014f,0f,0f,0f,1f], start_interpolation: 0, interpolation_duration: 1 }
$data merge entity $(bone_planks) { transformation: [0.11556580063632436f,0.9673203088601691f,-0.22568997715882788f,-0.5597863936293851f,-0.9915760841769712f,0.09896795268218472f,-0.0835596411562487f,3.258124415689478f,-0.058492862911209115f,0.23344542062024637f,0.9706089946934795f,0.7503958738230881f,0f,0f,0f,1f], start_interpolation: 0, interpolation_duration: 1 }
$data merge entity $(bone_lefthand1) { transformation: [0.11556580063632436f,0.9673203088601691f,-0.22568997715882788f,-0.35062924859686606f,-0.9915760841769712f,0.09896795268218472f,-0.0835596411562487f,3.6263319215819907f,-0.058492862911209115f,0.23344542062024637f,0.9706089946934795f,0.7985326195197067f,0f,0f,0f,1f], start_interpolation: 0, interpolation_duration: 1 }
$data merge entity $(bone_leftforearm) { transformation: [-0.0406783320343276f,0.9981001334582973f,0.046275229804226575f,0.3567606380254962f,-0.9911016689089196f,-0.034431869498754354f,-0.12857654626243087f,3.540376736699159f,-0.12673892531049513f,-0.05109373692880301f,0.990619339028767f,0.739093591781819f,0f,0f,0f,1f], start_interpolation: 0, interpolation_duration: 1 }
$data merge entity $(bone_leftelbow) { transformation: [-0.0406783320343276f,0.9981001334582973f,0.046275229804226575f,0.5439044130489269f,-0.9911016689089196f,-0.034431869498754354f,-0.12857654626243087f,3.533920761168143f,-0.12673892531049513f,-0.05109373692880301f,0.990619339028767f,0.7295135161076685f,0f,0f,0f,1f], start_interpolation: 0, interpolation_duration: 1 }
$data merge entity $(bone_leftarm) { transformation: [-0.07366010996055407f,-0.20119432774048993f,0.9767778819596865f,0.33246365249445997f,-0.9968807300402738f,0.042684540848866f,-0.0663840345782942f,3.332802296510961f,-0.028337224193095645f,-0.978620903341827f,-0.2037108962904451f,0.3438421944068138f,0f,0f,0f,1f], start_interpolation: 0, interpolation_duration: 1 }
$data merge entity $(bone_rightthumb2) { transformation: [-0.5496381438129317f,-0.740427776430733f,-0.38686511700554627f,-0.24058282711374934f,0.4917027416031191f,-0.6611060606298421f,0.5667161463188324f,3.9940163674119384f,-0.6753712495848865f,0.12126617206926231f,0.7274394756581587f,0.17006376600555775f,0f,0f,0f,1f], start_interpolation: 0, interpolation_duration: 1 }
$data merge entity $(bone_rightthumb) { transformation: [-0.5496381438129317f,-0.740427776430733f,-0.38686511700554627f,-0.45522771181156485f,0.4917027416031191f,-0.6611060606298421f,0.5667161463188324f,3.880315209411966f,-0.6753712495848865f,0.12126617206926231f,0.7274394756581587f,0.2619685442003109f,0f,0f,0f,1f], start_interpolation: 0, interpolation_duration: 1 }
$data merge entity $(bone_rightpointerfinger) { transformation: [-0.5496381438129317f,-0.740427776430733f,-0.38686511700554627f,-0.290525822009405f,0.4917027416031191f,-0.6611060606298421f,0.5667161463188324f,4.177585442277669f,-0.6753712495848865f,0.12126617206926231f,0.7274394756581587f,0.18240807648821344f,0f,0f,0f,1f], start_interpolation: 0, interpolation_duration: 1 }
$data merge entity $(bone_rightmidfinger) { transformation: [-0.5496381438129317f,-0.740427776430733f,-0.38686511700554627f,-0.3509734965415216f,0.4917027416031191f,-0.6611060606298421f,0.5667161463188324f,4.266134840139986f,-0.6753712495848865f,0.12126617206926231f,0.7274394756581587f,0.2960704945598007f,0f,0f,0f,1f], start_interpolation: 0, interpolation_duration: 1 }
$data merge entity $(bone_rightringfinger) { transformation: [-0.5496381438129317f,-0.740427776430733f,-0.38686511700554627f,-0.4114211710736382f,0.4917027416031191f,-0.6611060606298421f,0.5667161463188324f,4.354684238002304f,-0.6753712495848865f,0.12126617206926231f,0.7274394756581587f,0.409732912631388f,0f,0f,0f,1f], start_interpolation: 0, interpolation_duration: 1 }
$data merge entity $(bone_hugeasssword) { transformation: [-2.1527493966006497f,-2.900008791020371f,-1.515221708271723f,-0.34933048922549254f,1.92583573794555f,-2.589332070800215f,2.21963823974876f,3.99238419104999f,-2.6452040608741387f,0.47495917393794407f,2.8491379463277884f,0.4887319321251964f,0f,0f,0f,1f], start_interpolation: 0, interpolation_duration: 1 }
$data merge entity $(bone_ice) { transformation: [-0.5496381438129317f,-0.740427776430733f,-0.38686511700554627f,-0.3291732092216853f,0.4917027416031191f,-0.6611060606298421f,0.5667161463188324f,3.9950311179097824f,-0.6753712495848865f,0.12126617206926231f,0.7274394756581587f,0.49738982396137804f,0f,0f,0f,1f], start_interpolation: 0, interpolation_duration: 1 }
$data merge entity $(bone_righthand1) { transformation: [-0.5496381438129317f,-0.740427776430733f,-0.38686511700554627f,-0.6637792241890248f,0.4917027416031191f,-0.6611060606298421f,0.5667161463188324f,3.970390167725565f,-0.6753712495848865f,0.12126617206926231f,0.7274394756581587f,0.38159603819678944f,0f,0f,0f,1f], start_interpolation: 0, interpolation_duration: 1 }
$data merge entity $(bone_rightforearm) { transformation: [-0.12496228984131902f,-0.9284006021582731f,-0.3499382060161045f,-1.2994109845152444f,0.6548338528872513f,-0.34214699865890474f,0.673890240633845f,3.669190466466645f,-0.7453704120975368f,-0.1449405161466556f,0.6507036157488976f,0.32356262971213084f,0f,0f,0f,1f], start_interpolation: 0, interpolation_duration: 1 }
$data merge entity $(bone_rightelbow) { transformation: [-0.12496228984131902f,-0.9284006021582731f,-0.3499382060161045f,-1.4734860974199206f,0.6548338528872513f,-0.34214699865890474f,0.673890240633845f,3.6050379042181f,-0.7453704120975368f,-0.1449405161466556f,0.6507036157488976f,0.2963862829346329f,0f,0f,0f,1f], start_interpolation: 0, interpolation_duration: 1 }
$data merge entity $(bone_rightarm) { transformation: [-0.10802125994862247f,0.9063888051526691f,-0.40840022195516595f,-1.0398533371794798f,0.612888205559226f,-0.26273407315352154f,-0.7452106106937502f,3.4841407394590695f,-0.7827512088048821f,-0.33080226827831255f,-0.5271341427155133f,0.42770131044433846f,0f,0f,0f,1f], start_interpolation: 0, interpolation_duration: 1 }
$data merge entity $(bone_chest1) { transformation: [-1.0820601926770743f,0.04706082591995319f,-0.0232836680635908f,-0.3456667514692623f,0.04090870830741008f,1.056785729056997f,0.23482229782795605f,3.2088562188704035f,0.03291395022453023f,0.2336670978899552f,-1.0573208928019033f,0.14346034237151156f,0f,0f,0f,1f], start_interpolation: 0, interpolation_duration: 1 }
$data merge entity $(bone_chest1lid) { transformation: [-0.9988247932403764f,0.0434407623876491f,-0.021492616674083816f,-0.7079714638771905f,0.03776188459145546f,0.9754945191295359f,0.21675904414888253f,2.4702260080236296f,0.03038210789956637f,0.21569270574457405f,-0.9759885164325263f,0.3883417818519387f,0f,0f,0f,1f], start_interpolation: 0, interpolation_duration: 1 }
$data merge entity $(bone_chest2) { transformation: [-0.9988247932403764f,0.0434407623876491f,-0.021492616674083816f,-0.7147590830002606f,0.03776188459145546f,0.9754945191295359f,0.21675904414888253f,2.3178049894096397f,0.03038210789956637f,0.21569270574457405f,-0.9759885164325263f,0.35463979657934896f,0f,0f,0f,1f], start_interpolation: 0, interpolation_duration: 1 }
$data merge entity $(bone_chest1lid3) { transformation: [-0.9988247932403764f,0.0434407623876491f,-0.021492616674083816f,-0.6593136218565018f,0.03776188459145546f,0.9754945191295359f,0.21675904414888253f,2.6067271528945413f,0.03038210789956637f,0.21569270574457405f,-0.9759885164325263f,-0.2387997432313714f,0f,0f,0f,1f], start_interpolation: 0, interpolation_duration: 1 }
$data merge entity $(bone_chest3) { transformation: [-0.9988247932403764f,0.0434407623876491f,-0.021492616674083816f,-0.6661012409795719f,0.03776188459145546f,0.9754945191295359f,0.21675904414888253f,2.4543061342805514f,0.03038210789956637f,0.21569270574457405f,-0.9759885164325263f,-0.2725017285039611f,0f,0f,0f,1f], start_interpolation: 0, interpolation_duration: 1 }
$data merge entity $(bone_hugeasssword2) { transformation: [0.08417941530682743f,2.9992228956241807f,-2.517509409352839f,-1.53156041939704f,-0.8489729229164564f,2.472174788425057f,2.916826112302204f,4.444673828855681f,3.8226216893607283f,0.4830027076704701f,0.7032421931238941f,0.172591809007703f,0f,0f,0f,1f], start_interpolation: 0, interpolation_duration: 1 }
$data merge entity $(bone_belt) { transformation: [-0.9988247932403764f,0.0434407623876491f,-0.021492616674083816f,-0.32816596350045757f,0.03776188459145546f,0.9754945191295359f,0.21675904414888253f,2.7907037203277274f,0.03038210789956637f,0.21569270574457405f,-0.9759885164325263f,0.18432970272619587f,0f,0f,0f,1f], start_interpolation: 0, interpolation_duration: 1 }
$data merge entity $(bone_torn_part) { transformation: [-0.9966483544323042f,0.01982946696177599f,-0.0793652937208198f,-0.45915742987011565f,-0.007823295899377337f,0.9426261189591926f,0.3337585892485781f,2.506251855516675f,0.08143005371882636f,0.3332608469291617f,-0.9393116385180197f,0.14883666636581344f,0f,0f,0f,1f], start_interpolation: 0, interpolation_duration: 1 }
$data merge entity $(bone_lowerbody) { transformation: [-0.9966483544323042f,-0.004953905335462872f,-0.08165486163914207f,-0.3479268750000001f,-0.007823295899377337f,0.9993616512908085f,0.03485808328894991f,2.014144375f,0.08143005371882636f,0.03538006149282185f,-0.9960509011090313f,0.2636787499999999f,0f,0f,0f,1f], start_interpolation: 0, interpolation_duration: 1 }
$data merge entity $(bone_leftfoot) { transformation: [-0.8049267572739913f,0.11864773534751095f,-0.5813911164795039f,0.24384434194545224f,-0.2835045029725788f,0.7838382452084204f,0.5524697296167959f,0.8190146940099631f,0.5212658747881431f,0.6095246674626811f,-0.5972952097044312f,0.13969033400431852f,0f,0f,0f,1f], start_interpolation: 0, interpolation_duration: 1 }
$data merge entity $(bone_leftlowerleg) { transformation: [-0.8049267572739913f,0.11864773534751095f,-0.5813911164795039f,0.4647973748075384f,-0.2835045029725788f,0.7838382452084204f,0.5524697296167959f,1.6037006903875008f,0.5212658747881431f,0.6095246674626811f,-0.5972952097044312f,0.9076535577752738f,0f,0f,0f,1f], start_interpolation: 0, interpolation_duration: 1 }
$data merge entity $(bone_leftleg) { transformation: [-0.8498365427253285f,-0.521019366639786f,0.07947748256542289f,-0.1018867670394516f,-0.3140125916929069f,0.3794288278651081f,-0.87030446215288f,1.9754853897767597f,0.4232894316032052f,-0.7645734655160262f,-0.48605912492396347f,0.11612791384755249f,0f,0f,0f,1f], start_interpolation: 0, interpolation_duration: 1 }
$data merge entity $(bone_rightfoot) { transformation: [-0.8999915084195339f,0.15950916456727682f,0.40567488360974635f,-0.9764225368516141f,0.2917264961434926f,0.911912287123586f,0.28863754440625244f,0.19035892856378467f,-0.3238995773701668f,0.37811745134558394f,-0.8672463645166508f,0.13937438924329904f,0f,0f,0f,1f], start_interpolation: 0, interpolation_duration: 1 }
$data merge entity $(bone_rightlowerleg) { transformation: [-0.8999915084195339f,0.15950916456727682f,0.40567488360974635f,-0.8617972284488131f,0.2917264961434926f,0.911912287123586f,0.28863754440625244f,1.157663726182749f,-0.3238995773701668f,0.37811745134558394f,-0.8672463645166508f,0.6920970465349449f,0f,0f,0f,1f], start_interpolation: 0, interpolation_duration: 1 }
$data merge entity $(bone_rightleg) { transformation: [-0.9744556316990016f,0.22165457391916843f,0.036131312054939094f,-0.6069541208928668f,0.1615960837220392f,0.8037580726115394f,-0.5725903129092239f,1.9958480881142255f,-0.15595809557634127f,-0.5521251765428697f,-0.8190450914642647f,0.12586487560441129f,0f,0f,0f,1f], start_interpolation: 0, interpolation_duration: 1 }
data modify entity @s data merge value {"locators":{"lefthand":{"posx":-0.6535004744852901,"posy":3.437618679562431,"posz":0.7279595965908975,"roty":193.09004247264977,"rotx":-4.79320371235772},"righthand":{"posx":-0.3630878337442058,"posy":4.042603092346185,"posz":0.42081274356705395,"roty":208.00483145819305,"rotx":34.52154863677698},"chest":{"posx":-0.7385415649598547,"posy":2.3765690588232538,"posz":0.5283086343073464,"roty":358.73847160576963,"rotx":12.51874704693967},"sack":{"posx":0,"posy":-0.4375,"posz":0,"roty":0,"rotx":0}},"cameras":{}}