# This file was generated by Animated Java via MC-Build. It is not recommended to edit this file directly.
$data merge entity $(bone_nose) { transformation: [-0.9926538760608739f,-0.12055892843183777f,-0.010189559200004408f,-0.10751565593388436f,-0.12078870992855038f,0.9923328781074099f,0.026182944465070634f,4.284004527182038f,0.006954846879686984f,0.027221385020448075f,-0.9996052352316132f,0.6266311299197812f,0f,0f,0f,1f], start_interpolation: 0, interpolation_duration: 1 }
$data merge entity $(bone_glowing_eye) { transformation: [-0.9926538760608739f,-0.12055892843183777f,-0.010189559200004408f,-0.23940463840086387f,-0.12078870992855038f,0.9923328781074099f,0.026182944465070634f,4.335181266782027f,0.006954846879686984f,0.027221385020448075f,-0.9996052352316132f,0.6642254441560589f,0f,0f,0f,1f], start_interpolation: 0, interpolation_duration: 1 }
$data merge entity $(bone_head) { transformation: [-0.9926538760608739f,-0.12055892843183777f,-0.010189559200004408f,-0.09453746210576924f,-0.12078870992855038f,0.9923328781074099f,0.026182944465070634f,4.166377251699386f,0.006954846879686984f,0.027221385020448075f,-0.9996052352316132f,0.43608884004098875f,0f,0f,0f,1f], start_interpolation: 0, interpolation_duration: 1 }
$data merge entity $(bone_leftthumb2) { transformation: [0.26429779245262586f,0.9413345546463351f,-0.2098474044000895f,-0.4697225114972928f,-0.9643166264135302f,0.254436347319284f,-0.07318189110188751f,3.77354742898161f,-0.015495835798580153f,0.22170115333846716f,0.9749915269792329f,0.4500383692267289f,0f,0f,0f,1f], start_interpolation: 0, interpolation_duration: 1 }
$data merge entity $(bone_leftthumb) { transformation: [0.26429779245262586f,0.9413345546463351f,-0.2098474044000895f,-0.25680030654095964f,-0.9643166264135302f,0.254436347319284f,-0.07318189110188751f,3.82969209343022f,-0.015495835798580153f,0.22170115333846716f,0.9749915269792329f,0.5877292527411657f,0f,0f,0f,1f], start_interpolation: 0, interpolation_duration: 1 }
$data merge entity $(bone_leftpointerfinger) { transformation: [0.26429779245262586f,0.9413345546463351f,-0.2098474044000895f,-0.6044198754150484f,-0.9643166264135302f,0.254436347319284f,-0.07318189110188751f,3.8482468968346586f,-0.015495835798580153f,0.22170115333846716f,0.9749915269792329f,0.5623811466696025f,0f,0f,0f,1f], start_interpolation: 0, interpolation_duration: 1 }
$data merge entity $(bone_leftmidfinger) { transformation: [0.26429779245262586f,0.9413345546463351f,-0.2098474044000895f,-0.6372085323525624f,-0.9643166264135302f,0.254436347319284f,-0.07318189110188751f,3.8368122263499886f,-0.015495835798580153f,0.22170115333846716f,0.9749915269792329f,0.7147235727601076f,0f,0f,0f,1f], start_interpolation: 0, interpolation_duration: 1 }
$data merge entity $(bone_leftringfinger) { transformation: [0.26429779245262586f,0.9413345546463351f,-0.2098474044000895f,-0.6699971892900763f,-0.9643166264135302f,0.254436347319284f,-0.07318189110188751f,3.8253775558653187f,-0.015495835798580153f,0.22170115333846716f,0.9749915269792329f,0.8670659988506126f,0f,0f,0f,1f], start_interpolation: 0, interpolation_duration: 1 }
$data merge entity $(bone_invisibility) { transformation: [0.9194630860750754f,0.29109158395592094f,-0.2642977924526258f,-0.4453478410282355f,0.24708991812663714f,0.0950790007446412f,0.96431662641353f,3.6975534389671028f,0.30583362422315435f,-0.9519588611738601f,0.015495835798580378f,0.5532557558856624f,0f,0f,0f,1f], start_interpolation: 0, interpolation_duration: 1 }
$data merge entity $(bone_swiftness) { transformation: [-0.20984740440008945f,0.9413345546463351f,-0.2642977924526259f,-0.5984013581114415f,-0.07318189110188772f,0.254436347319284f,0.9643166264135302f,3.5991522359520323f,0.9749915269792329f,0.22170115333846716f,0.01549583579858037f,0.7052375182724007f,0f,0f,0f,1f], start_interpolation: 0, interpolation_duration: 1 }
$data merge entity $(bone_suspicious_stew) { transformation: [0.764453491804287f,0.5880115098983195f,-0.2642977924526258f,-0.5288192866022992f,0.1996696392722519f,0.17385476460343757f,0.9643166264135304f,3.671905130604907f,0.612978706009533f,-0.7899474571462215f,0.01549583579858018f,0.725674425631528f,0f,0f,0f,1f], start_interpolation: 0, interpolation_duration: 1 }
$data merge entity $(bone_log) { transformation: [0.26429779245262586f,0.9413345546463351f,-0.2098474044000895f,-0.39621114631032783f,-0.9643166264135302f,0.254436347319284f,-0.07318189110188751f,3.609874589148148f,-0.015495835798580153f,0.22170115333846716f,0.9749915269792329f,0.797637063019871f,0f,0f,0f,1f], start_interpolation: 0, interpolation_duration: 1 }
$data merge entity $(bone_planks) { transformation: [0.26429779245262586f,0.9413345546463351f,-0.2098474044000895f,-0.37143322826789416f,-0.9643166264135302f,0.254436347319284f,-0.07318189110188751f,3.5194699054218797f,-0.015495835798580153f,0.22170115333846716f,0.9749915269792329f,0.7961843284137541f,0f,0f,0f,1f], start_interpolation: 0, interpolation_duration: 1 }
$data merge entity $(bone_lefthand1) { transformation: [0.26429779245262586f,0.9413345546463351f,-0.2098474044000895f,-0.2203942243743977f,-0.9643166264135302f,0.254436347319284f,-0.07318189110188751f,3.9168497666782858f,-0.015495835798580153f,0.22170115333846716f,0.9749915269792329f,0.8264678250860318f,0f,0f,0f,1f], start_interpolation: 0, interpolation_duration: 1 }
$data merge entity $(bone_leftforearm) { transformation: [0.12625857801898033f,0.9912120008857267f,-0.0394656911346971f,0.49073741804551685f,-0.9902895049714914f,0.12360791862700421f,-0.06362215648670098f,3.9427598437945868f,-0.058184773093511256f,0.047115302745648686f,0.9971934017166588f,0.8406371306213533f,0f,0f,0f,1f], start_interpolation: 0, interpolation_duration: 1 }
$data merge entity $(bone_leftelbow) { transformation: [0.12625857801898033f,0.9912120008857267f,-0.0394656911346971f,0.6765896682115906f,-0.9902895049714914f,0.12360791862700421f,-0.06362215648670098f,3.96593632853715f,-0.058184773093511256f,0.047115302745648686f,0.9971934017166588f,0.8494712498861624f,0f,0f,0f,1f], start_interpolation: 0, interpolation_duration: 1 }
$data merge entity $(bone_leftarm) { transformation: [0.07400646920670001f,0.0668696791381016f,0.9950133107288189f,0.6096297175983731f,-0.9965860970921157f,-0.03165397963999164f,0.07625074855799693f,3.718178762367597f,0.03659499416944434f,-0.9972594805690832f,0.06429879327654606f,0.44016754398958285f,0f,0f,0f,1f], start_interpolation: 0, interpolation_duration: 1 }
$data merge entity $(bone_rightthumb2) { transformation: [-0.6790741344237679f,0.18422604006441579f,-0.7105765870888192f,-0.5906700442933973f,0.1111345766884853f,-0.931036928662571f,-0.34759076991605625f,4.967480818882279f,-0.7256083143272832f,-0.31500952942530147f,0.6117692134705441f,1.2769998792483044f,0f,0f,0f,1f], start_interpolation: 0, interpolation_duration: 1 }
$data merge entity $(bone_rightthumb) { transformation: [-0.6790741344237679f,0.18422604006441579f,-0.7105765870888192f,-0.6062140883540426f,0.1111345766884853f,-0.931036928662571f,-0.34759076991605625f,4.709446756684647f,-0.7256083143272832f,-0.31500952942530147f,0.6117692134705441f,1.252026422288379f,0f,0f,0f,1f], start_interpolation: 0, interpolation_duration: 1 }
$data merge entity $(bone_rightpointerfinger) { transformation: [-0.6790741344237679f,0.18422604006441579f,-0.7105765870888192f,-0.774245268722567f,0.1111345766884853f,-0.931036928662571f,-0.34759076991605625f,5.010805275887541f,-0.7256083143272832f,-0.31500952942530147f,0.6117692134705441f,1.3047021966329413f,0f,0f,0f,1f], start_interpolation: 0, interpolation_duration: 1 }
$data merge entity $(bone_rightmidfinger) { transformation: [-0.6790741344237679f,0.18422604006441579f,-0.7105765870888192f,-0.885272860455195f,0.1111345766884853f,-0.931036928662571f,-0.34759076991605625f,4.9564942180881575f,-0.7256083143272832f,-0.31500952942530147f,0.6117692134705441f,1.4002911362377137f,0f,0f,0f,1f], start_interpolation: 0, interpolation_duration: 1 }
$data merge entity $(bone_rightringfinger) { transformation: [-0.6790741344237679f,0.18422604006441579f,-0.7105765870888192f,-0.996300452187823f,0.1111345766884853f,-0.931036928662571f,-0.34759076991605625f,4.902183160288773f,-0.7256083143272832f,-0.31500952942530147f,0.6117692134705441f,1.4958800758424862f,0f,0f,0f,1f], start_interpolation: 0, interpolation_duration: 1 }
$data merge entity $(bone_hugeasssword) { transformation: [-2.659707026493091f,0.7215519902522952f,-2.7830916327645423f,-0.6563701199375345f,0.4352770920299008f,-3.6465613039284035f,-1.3613971821712205f,4.743288325800632f,-2.8419658977818596f,-1.2337873235824308f,2.3960960860929648f,1.519485640105907f,0f,0f,0f,1f], start_interpolation: 0, interpolation_duration: 1 }
$data merge entity $(bone_ice) { transformation: [-0.6790741344237679f,0.18422604006441579f,-0.7105765870888192f,-0.6486381184631695f,0.1111345766884853f,-0.931036928662571f,-0.34759076991605625f,4.756099300050227f,-0.7256083143272832f,-0.31500952942530147f,0.6117692134705441f,1.535745293914541f,0f,0f,0f,1f], start_interpolation: 0, interpolation_duration: 1 }
$data merge entity $(bone_righthand1) { transformation: [-0.6790741344237679f,0.18422604006441579f,-0.7105765870888192f,-0.7945556603995332f,0.1111345766884853f,-0.931036928662571f,-0.34759076991605625f,4.540261500496829f,-0.7256083143272832f,-0.31500952942530147f,0.6117692134705441f,1.2947086208973493f,0f,0f,0f,1f], start_interpolation: 0, interpolation_duration: 1 }
$data merge entity $(bone_rightforearm) { transformation: [-0.4191267157412296f,-0.4302218120607393f,-0.7995261025001899f,-1.043409936373129f,0.8200280632441983f,-0.5573742944142679f,-0.1299533432358139f,4.084250150043793f,-0.3897265344365702f,-0.7101007592964328f,0.5864044167660147f,0.8217911661714212f,0f,0f,0f,1f], start_interpolation: 0, interpolation_duration: 1 }
$data merge entity $(bone_rightelbow) { transformation: [-0.4191267157412296f,-0.4302218120607393f,-0.7995261025001899f,-1.1240765261345176f,0.8200280632441983f,-0.5573742944142679f,-0.1299533432358139f,3.979742469841118f,-0.3897265344365702f,-0.7101007592964328f,0.5864044167660147f,0.68864727380334f,0f,0f,0f,1f], start_interpolation: 0, interpolation_duration: 1 }
$data merge entity $(bone_rightarm) { transformation: [-0.3953548235388513f,0.5417785778921621f,-0.7417348151743383f,-0.7826544697009964f,0.7810559791446009f,-0.2266624942431189f,-0.5818725557593828f,3.742955390715886f,-0.4833695490481708f,-0.8093825339359836f,-0.33354728722076826f,0.48719510446883657f,0f,0f,0f,1f], start_interpolation: 0, interpolation_duration: 1 }
$data merge entity $(bone_chest1) { transformation: [-1.0824995797647707f,-0.04019629813970265f,-0.013785083825278575f,-0.058390121918486665f,-0.04198812796568594f,1.06584430246385f,0.1892723728556205f,3.5282230321896217f,0.00653972706945809f,0.18966099133012032f,-1.066581947835535f,0.26457592063325736f,0f,0f,0f,1f], start_interpolation: 0, interpolation_duration: 1 }
$data merge entity $(bone_chest1lid) { transformation: [-0.9992303813213269f,-0.037104275205879375f,-0.012724692761795608f,-0.3692159159001866f,-0.038758271968325486f,0.9838562791974f,0.17471295955903432f,2.7742053912647457f,0.006036671141038237f,0.17507168430472647f,-0.984537182617417f,0.5322528441441906f,0f,0f,0f,1f], start_interpolation: 0, interpolation_duration: 1 }
$data merge entity $(bone_chest2) { transformation: [-0.9992303813213269f,-0.037104275205879375f,-0.012724692761795608f,-0.3634183728992679f,-0.038758271968325486f,0.9838562791974f,0.17471295955903432f,2.620477847640152f,0.006036671141038237f,0.17507168430472647f,-0.984537182617417f,0.5048978934715771f,0f,0f,0f,1f], start_interpolation: 0, interpolation_duration: 1 }
$data merge entity $(bone_chest1lid3) { transformation: [-0.9992303813213269f,-0.037104275205879375f,-0.012724692761795608f,-0.3149157733681289f,-0.038758271968325486f,0.9838562791974f,0.17471295955903432f,2.8885532729802725f,0.006036671141038237f,0.17507168430472647f,-0.984537182617417f,-0.098843580416407f,0f,0f,0f,1f], start_interpolation: 0, interpolation_duration: 1 }
$data merge entity $(bone_chest3) { transformation: [-0.9992303813213269f,-0.037104275205879375f,-0.012724692761795608f,-0.30911823036721026f,-0.038758271968325486f,0.9838562791974f,0.17471295955903432f,2.734825729355679f,0.006036671141038237f,0.17507168430472647f,-0.984537182617417f,-0.12619853108902052f,0f,0f,0f,1f], start_interpolation: 0, interpolation_duration: 1 }
$data merge entity $(bone_hugeasssword2) { transformation: [0.0498383799836986f,2.787266965191454f,-2.7511700744248437f,-1.3359170613002618f,-0.6842924249395509f,2.7152654485638554f,2.738495060938298f,4.668326699773779f,3.85610396525155f,0.4458185576728789f,0.5215225791694201f,0.21431514622333736f,0f,0f,0f,1f], start_interpolation: 0, interpolation_duration: 1 }
$data merge entity $(bone_belt) { transformation: [-0.9992303813213269f,-0.037104275205879375f,-0.012724692761795608f,-0.009940581805732332f,-0.038758271968325486f,0.9838562791974f,0.17471295955903432f,3.11469457631155f,0.006036671141038237f,0.17507168430472647f,-0.984537182617417f,0.3235246481409236f,0f,0f,0f,1f], start_interpolation: 0, interpolation_duration: 1 }
$data merge entity $(bone_torn_part) { transformation: [-0.9973871141735f,-0.022370940947012724f,-0.06869123293261642f,-0.123198123993823f,-0.048229507476036854f,0.9141119023472752f,0.4025833386960572f,2.8265905560888656f,0.05378530551439308f,0.40484437872865503f,-0.9128023717774469f,0.2816770732984408f,0f,0f,0f,1f], start_interpolation: 0, interpolation_duration: 1 }
$data merge entity $(bone_lowerbody) { transformation: [-0.9973871141735f,-0.0419913977032903f,-0.05878492153249678f,0.002973203124999946f,-0.048229507476036854f,0.9928631608790018f,0.10907180377153497f,2.33116578125f,0.05378530551439308f,0.11162197941391933f,-0.9922941472277471f,0.361463046875f,0f,0f,0f,1f], start_interpolation: 0, interpolation_duration: 1 }
$data merge entity $(bone_leftfoot) { transformation: [-0.8638155460376451f,-0.1997622884404268f,-0.4625124112288544f,0.8637501105627847f,-0.3024725386084686f,0.9398013154661355f,0.15900896463995284f,0.4938135215469781f,0.40290577783327175f,0.277251718777657f,-0.8722375929890899f,0.1931800519258296f,0f,0f,0f,1f], start_interpolation: 0, interpolation_duration: 1 }
$data merge entity $(bone_leftlowerleg) { transformation: [-0.8638155460376451f,-0.1997622884404268f,-0.4625124112288544f,0.7132018303177006f,-0.3024725386084686f,0.9398013154661355f,0.15900896463995284f,1.5119745741395136f,0.40290577783327175f,0.277251718777657f,-0.8722375929890899f,0.6347716675680971f,0f,0f,0f,1f], start_interpolation: 0, interpolation_duration: 1 }
$data merge entity $(bone_leftleg) { transformation: [-0.8984507736868805f,-0.4296132561033801f,-0.09065681133647674f,0.23924975735324525f,-0.3260855816552194f,0.7911381680673323f,-0.5174636146277753f,2.336049047046296f,0.2940312920388292f,-0.43535370586147204f,-0.8508893876965793f,0.19736361657090898f,0f,0f,0f,1f], start_interpolation: 0, interpolation_duration: 1 }
$data merge entity $(bone_rightfoot) { transformation: [-0.9853473804057588f,0.10483660373770023f,0.13453559545433816f,-0.4216413497279067f,0.12302960666129213f,0.9831875012359713f,0.13492980878269556f,0.21822662451519914f,-0.1181281330262891f,0.1495045950133689f,-0.9816792349121031f,-0.0420188030470135f,0f,0f,0f,1f], start_interpolation: 0, interpolation_duration: 1 }
$data merge entity $(bone_rightlowerleg) { transformation: [-0.9853473804057588f,0.10483660373770023f,0.13453559545433816f,-0.3260090481047244f,0.12302960666129213f,0.9831875012359713f,0.13492980878269556f,1.288218883897307f,-0.1181281330262891f,0.1495045950133689f,-0.9816792349121031f,0.27466857664353456f,0f,0f,0f,1f], start_interpolation: 0, interpolation_duration: 1 }
$data merge entity $(bone_rightleg) { transformation: [-0.997307940866203f,0.03670525351167303f,-0.06347909458914765f,-0.26028140386311016f,0.041857887103659897f,0.9957657945312304f,-0.08184375192282486f,2.3396468336319662f,0.060206215397011965f,-0.0842805244776719f,-0.9946215384865427f,0.2067469512919063f,0f,0f,0f,1f], start_interpolation: 0, interpolation_duration: 1 }
data modify entity @s data merge value {"locators":{"lefthand":{"posx":-0.491251960740755,"posy":3.6815449002885647,"posz":0.7665351524123696,"roty":192.14647413117493,"rotx":-4.196765221979584},"righthand":{"posx":-0.7040770912681414,"posy":4.786496724405064,"posz":1.4630826443831513,"roty":229.273272965871,"rotx":-20.340026455518704},"chest":{"posx":-0.39613461487208,"posy":2.684204277884799,"posz":0.6753334446322741,"roty":359.25951948572026,"rotx":10.061954566011206},"sack":{"posx":0,"posy":-0.4375,"posz":0,"roty":0,"rotx":0}},"cameras":{}}