# This file was generated by Animated Java via MC-Build. It is not recommended to edit this file directly.
$data merge entity $(bone_nose) { transformation: [-0.9983128312531933f,-0.011704650443186148f,0.056872595450148784f,-0.8010982941211408f,-0.006705361185647711f,0.9961584805544949f,0.08731162437344947f,4.056649723799281f,-0.057676070311728694f,0.08678296363551515f,-0.99455627700801f,0.7242200314132795f,0f,0f,0f,1f], start_interpolation: 0, interpolation_duration: 1 }
$data merge entity $(bone_glowing_eye) { transformation: [-0.9983128312531933f,-0.011704650443186148f,0.056872595450148784f,-0.9286645027266835f,-0.006705361185647711f,0.9961584805544949f,0.08731162437344947f,4.120212782869992f,-0.057676070311728694f,0.08678296363551515f,-0.99455627700801f,0.7575920972578849f,0f,0f,0f,1f], start_interpolation: 0, interpolation_duration: 1 }
$data merge entity $(bone_head) { transformation: [-0.9983128312531933f,-0.011704650443186148f,0.056872595450148784f,-0.7890033626004311f,-0.006705361185647711f,0.9961584805544949f,0.08731162437344947f,3.949996725837714f,-0.057676070311728694f,0.08678296363551515f,-0.99455627700801f,0.5272687066091926f,0f,0f,0f,1f], start_interpolation: 0, interpolation_duration: 1 }
$data merge entity $(bone_leftthumb2) { transformation: [-0.291657427187071f,0.8989015558976015f,0.32697391023060207f,-0.5130981533972738f,-0.4631500247903002f,0.16637773423157465f,-0.8705231209386181f,2.8917295109049457f,-0.8369157661935654f,-0.40533250838890145f,0.36780097599081824f,1.3042840019756068f,0f,0f,0f,1f], start_interpolation: 0, interpolation_duration: 1 }
$data merge entity $(bone_leftthumb) { transformation: [-0.291657427187071f,0.8989015558976015f,0.32697391023060207f,-0.2647069156415246f,-0.4631500247903002f,0.16637773423157465f,-0.8705231209386181f,2.858139672784621f,-0.8369157661935654f,-0.40533250838890145f,0.36780097599081824f,1.236310596192777f,0f,0f,0f,1f], start_interpolation: 0, interpolation_duration: 1 }
$data merge entity $(bone_leftpointerfinger) { transformation: [-0.291657427187071f,0.8989015558976015f,0.32697391023060207f,-0.5124320555297797f,-0.4631500247903002f,0.16637773423157465f,-0.8705231209386181f,2.813398241407327f,-0.8369157661935654f,-0.40533250838890145f,0.36780097599081824f,1.478088658184876f,0f,0f,0f,1f], start_interpolation: 0, interpolation_duration: 1 }
$data merge entity $(bone_leftmidfinger) { transformation: [-0.291657427187071f,0.8989015558976015f,0.32697391023060207f,-0.4613423820562481f,-0.4631500247903002f,0.16637773423157465f,-0.8705231209386181f,2.6773790037606675f,-0.8369157661935654f,-0.40533250838890145f,0.36780097599081824f,1.5355575606834413f,0f,0f,0f,1f], start_interpolation: 0, interpolation_duration: 1 }
$data merge entity $(bone_leftringfinger) { transformation: [-0.291657427187071f,0.8989015558976015f,0.32697391023060207f,-0.41025270858271656f,-0.4631500247903002f,0.16637773423157465f,-0.8705231209386181f,2.5413597661140086f,-0.8369157661935654f,-0.40533250838890145f,0.36780097599081824f,1.5930264631820068f,0f,0f,0f,1f], start_interpolation: 0, interpolation_duration: 1 }
$data merge entity $(bone_invisibility) { transformation: [0.9239786180968653f,-0.24738524302477094f,0.29165742718707105f,-0.4790184001457617f,0.0898735275375974f,0.8817112926489559f,0.46315002479029993f,2.771959023970056f,-0.3717341285754584f,-0.4017284380634285f,0.8369157661935653f,1.2653399284188334f,0f,0f,0f,1f], start_interpolation: 0, interpolation_duration: 1 }
$data merge entity $(bone_swiftness) { transformation: [0.326973910230602f,0.8989015558976015f,0.29165742718707105f,-0.5546276618471775f,-0.8705231209386182f,0.16637773423157465f,0.46315002479030004f,2.5620832853199382f,0.36780097599081807f,-0.40533250838890145f,0.8369157661935656f,1.3456022845739177f,0f,0f,0f,1f], start_interpolation: 0, interpolation_duration: 1 }
$data merge entity $(bone_suspicious_stew) { transformation: [0.9528666254655733f,0.08355321202963728f,0.29165742718707116f,-0.4598468024102239f,-0.21710953205257721f,0.8592761521354212f,0.4631500247903003f,2.60093698250196f,-0.2119165995521873f,-0.5046418087424734f,0.8369157661935657f,1.3533025727478416f,0f,0f,0f,1f], start_interpolation: 0, interpolation_duration: 1 }
$data merge entity $(bone_log) { transformation: [-0.291657427187071f,0.8989015558976015f,0.32697391023060207f,-0.3595000896797521f,-0.4631500247903002f,0.16637773423157465f,-0.8705231209386181f,2.5375081131628185f,-0.8369157661935654f,-0.40533250838890145f,0.36780097599081824f,1.2414158268681517f,0f,0f,0f,1f], start_interpolation: 0, interpolation_duration: 1 }
$data merge entity $(bone_planks) { transformation: [-0.291657427187071f,0.8989015558976015f,0.32697391023060207f,-0.38684297347854f,-0.4631500247903002f,0.16637773423157465f,-0.8705231209386181f,2.494087798338728f,-0.8369157661935654f,-0.40533250838890145f,0.36780097599081824f,1.162954973787505f,0f,0f,0f,1f], start_interpolation: 0, interpolation_duration: 1 }
$data merge entity $(bone_lefthand1) { transformation: [-0.291657427187071f,0.8989015558976015f,0.32697391023060207f,-0.0720782786032903f,-0.4631500247903002f,0.16637773423157465f,-0.8705231209386181f,2.722093900447619f,-0.8369157661935654f,-0.40533250838890145f,0.36780097599081824f,1.3378178608196045f,0f,0f,0f,1f], start_interpolation: 0, interpolation_duration: 1 }
$data merge entity $(bone_leftforearm) { transformation: [-0.7117631347248418f,0.48687758282812843f,0.5063037224691379f,0.22331236075779426f,-0.2766096122277226f,0.4682770487063549f,-0.8391684741922179f,3.0486618468149365f,-0.645662731207165f,-0.737337660094956f,-0.198627320718473f,0.763526980609031f,0f,0f,0f,1f], start_interpolation: 0, interpolation_duration: 1 }
$data merge entity $(bone_leftelbow) { transformation: [-0.7117631347248418f,0.48687758282812843f,0.5063037224691379f,0.3146019075380683f,-0.2766096122277226f,0.4682770487063549f,-0.8391684741922179f,3.136463793447378f,-0.645662731207165f,-0.737337660094956f,-0.198627320718473f,0.6252761693412268f,0f,0f,0f,1f], start_interpolation: 0, interpolation_duration: 1 }
$data merge entity $(bone_leftarm) { transformation: [-0.6833330042124066f,-0.542842935606399f,0.48823923707161665f,-0.11483243770530738f,-0.37949126410728584f,0.8353722156795129f,0.39766775295082135f,3.353292629208768f,-0.6237326236620153f,0.08645697503919722f,-0.7768415576208383f,0.6000017628883432f,0f,0f,0f,1f], start_interpolation: 0, interpolation_duration: 1 }
$data merge entity $(bone_rightthumb2) { transformation: [-0.325237046733721f,-0.5710772122525838f,-0.7537185688821427f,-1.2973480751416886f,0.27778700432521586f,0.7041880747523581f,-0.65341681613239f,2.4773228418581787f,0.903911081722063f,-0.4218885789191085f,-0.07039022174752135f,0.9483869553443903f,0f,0f,0f,1f], start_interpolation: 0, interpolation_duration: 1 }
$data merge entity $(bone_rightthumb) { transformation: [-0.325237046733721f,-0.5710772122525838f,-0.7537185688821427f,-1.5018113829677886f,0.27778700432521586f,0.7041880747523581f,-0.65341681613239f,2.5941803182160004f,0.903911081722063f,-0.4218885789191085f,-0.07039022174752135f,0.838906573153832f,0f,0f,0f,1f], start_interpolation: 0, interpolation_duration: 1 }
$data merge entity $(bone_rightpointerfinger) { transformation: [-0.325237046733721f,-0.5710772122525838f,-0.7537185688821427f,-1.3853300326002607f,0.27778700432521586f,0.7041880747523581f,-0.65341681613239f,2.3628726465297474f,0.903911081722063f,-0.4218885789191085f,-0.07039022174752135f,1.0729044960306002f,0f,0f,0f,1f], start_interpolation: 0, interpolation_duration: 1 }
$data merge entity $(bone_rightmidfinger) { transformation: [-0.325237046733721f,-0.5710772122525838f,-0.7537185688821427f,-1.5030985589880954f,0.27778700432521586f,0.7041880747523581f,-0.65341681613239f,2.260776269009061f,0.903911081722063f,-0.4218885789191085f,-0.07039022174752135f,1.06190602388255f,0f,0f,0f,1f], start_interpolation: 0, interpolation_duration: 1 }
$data merge entity $(bone_rightringfinger) { transformation: [-0.325237046733721f,-0.5710772122525838f,-0.7537185688821427f,-1.6208670853759304f,0.27778700432521586f,0.7041880747523581f,-0.65341681613239f,2.1586798914883754f,0.903911081722063f,-0.4218885789191085f,-0.07039022174752135f,1.0509075517344997f,0f,0f,0f,1f], start_interpolation: 0, interpolation_duration: 1 }
$data merge entity $(bone_hugeasssword) { transformation: [-1.273845099707074f,-2.23671908132262f,-2.9520643947883927f,-1.5209306745494735f,1.0879991002737621f,2.758069959446736f,-2.5592158631851945f,2.3402369364213174f,3.5403184034114137f,-1.652396934099842f,-0.275695035177792f,0.737208372421988f,0f,0f,0f,1f], start_interpolation: 0, interpolation_duration: 1 }
$data merge entity $(bone_ice) { transformation: [-0.325237046733721f,-0.5710772122525838f,-0.7537185688821427f,-1.5069257642528124f,0.27778700432521586f,0.7041880747523581f,-0.65341681613239f,2.32489357581073f,0.903911081722063f,-0.4218885789191085f,-0.07039022174752135f,0.7296767708156918f,0f,0f,0f,1f], start_interpolation: 0, interpolation_duration: 1 }
$data merge entity $(bone_righthand1) { transformation: [-0.325237046733721f,-0.5710772122525838f,-0.7537185688821427f,-1.7545580342769556f,0.27778700432521586f,0.7041880747523581f,-0.65341681613239f,2.5499680700759866f,0.903911081722063f,-0.4218885789191085f,-0.07039022174752135f,0.8479827020868204f,0f,0f,0f,1f], start_interpolation: 0, interpolation_duration: 1 }
$data merge entity $(bone_rightforearm) { transformation: [-0.3847241146528137f,-0.24456035216207708f,-0.8900435886825824f,-1.9033190421582686f,0.15142313945559777f,0.9344752241943631f,-0.3222221100488064f,3.2035146249271738f,0.9105264347848554f,-0.25873981046073175f,-0.3224830569824179f,0.6043167864693447f,0f,0f,0f,1f], start_interpolation: 0, interpolation_duration: 1 }
$data merge entity $(bone_rightelbow) { transformation: [-0.3847241146528137f,-0.24456035216207708f,-0.8900435886825824f,-1.949174108188658f,0.15142313945559777f,0.9344752241943631f,-0.3222221100488064f,3.378728729463617f,0.9105264347848554f,-0.25873981046073175f,-0.3224830569824179f,0.5558030720079575f,0f,0f,0f,1f], start_interpolation: 0, interpolation_duration: 1 }
$data merge entity $(bone_rightarm) { transformation: [-0.3315713579171081f,0.8309200650884507f,-0.4468022829422542f,-1.5208088795996966f,0.23297821325653625f,0.5310416755168169f,0.8146876033253996f,3.4814805170236616f,0.9142109093402885f,0.16603187735400962f,-0.3696644815849992f,0.44086317169516515f,0f,0f,0f,1f], start_interpolation: 0, interpolation_duration: 1 }
$data merge entity $(bone_chest1) { transformation: [-1.077749129719409f,0.051915908069536054f,0.09681251463257752f,-0.8029784435628021f,0.06579204518049284f,1.0696035638901644f,0.15884185221640332f,3.3109835299153043f,-0.08797346924576493f,0.16390261045476118f,-1.0672430435969542f,0.3562198081550493f,0f,0f,0f,1f], start_interpolation: 0, interpolation_duration: 1 }
$data merge entity $(bone_chest1lid) { transformation: [-0.9948453505102238f,0.04792237667957175f,0.08936539812237926f,-1.2103683128258311f,0.06073111862814724f,0.9873263666678442f,0.14662324819975692f,2.5995546598976094f,-0.08120627930378302f,0.1512947173428565f,-0.985147424858727f,0.6105987965517811f,0f,0f,0f,1f], start_interpolation: 0, interpolation_duration: 1 }
$data merge entity $(bone_chest2) { transformation: [-0.9948453505102238f,0.04792237667957175f,0.08936539812237926f,-1.2178561841820141f,0.06073111862814724f,0.9873263666678442f,0.14662324819975692f,2.4452849151057587f,-0.08120627930378302f,0.1512947173428565f,-0.985147424858727f,0.5869589969669597f,0f,0f,0f,1f], start_interpolation: 0, interpolation_duration: 1 }
$data merge entity $(bone_chest1lid3) { transformation: [-0.9948453505102238f,0.04792237667957175f,0.08936539812237926f,-1.0909407702467928f,0.06073111862814724f,0.9873263666678442f,0.14662324819975692f,2.6896894833613194f,-0.08120627930378302f,0.1512947173428565f,-0.985147424858727f,-0.01543588004185447f,0f,0f,0f,1f], start_interpolation: 0, interpolation_duration: 1 }
$data merge entity $(bone_chest3) { transformation: [-0.9948453505102238f,0.04792237667957175f,0.08936539812237926f,-1.0984286416029758f,0.06073111862814724f,0.9873263666678442f,0.14662324819975692f,2.535419738569469f,-0.08120627930378302f,0.1512947173428565f,-0.985147424858727f,-0.0390756796266758f,0f,0f,0f,1f], start_interpolation: 0, interpolation_duration: 1 }
$data merge entity $(bone_hugeasssword2) { transformation: [-0.3500144759793197f,2.9995902076422913f,-2.4940381373586047f,-1.9493995286032275f,-0.5742743887823811f,2.4371550282483803f,3.0117705876195213f,4.570247807600731f,3.8584940806966808f,0.6348320504494809f,0.22201233012732013f,0.1707210915842014f,0f,0f,0f,1f], start_interpolation: 0, interpolation_duration: 1 }
$data merge entity $(bone_belt) { transformation: [-0.9948453505102238f,0.04792237667957175f,0.08936539812237926f,-0.8019018648731364f,0.06073111862814724f,0.9873263666678442f,0.14662324819975692f,2.896563326717272f,-0.08120627930378302f,0.1512947173428565f,-0.985147424858727f,0.4275137797966898f,0f,0f,0f,1f], start_interpolation: 0, interpolation_duration: 1 }
$data merge entity $(bone_torn_part) { transformation: [-0.9952133379414634f,0.08554240785360051f,0.04725366062030505f,-0.9457910839598817f,0.09646457510046061f,0.9373361869312096f,0.3348065985310743f,2.6229731892341492f,-0.015652403460756355f,0.337762296782617f,-0.9411012873958005f,0.3892272014233784f,0f,0f,0f,1f], start_interpolation: 0, interpolation_duration: 1 }
$data merge entity $(bone_lowerbody) { transformation: [-0.9952133379414634f,0.09579269417412947f,0.01934351897335136f,-0.8980962402343748f,0.09646457510046061f,0.9946316959165962f,0.03744830074600584f,2.1226266455078124f,-0.015652403460756355f,0.039135012724380296f,-0.99911133165677f,0.5121468945312498f,0f,0f,0f,1f], start_interpolation: 0, interpolation_duration: 1 }
$data merge entity $(bone_leftfoot) { transformation: [-0.9352409045249042f,0.23130469014532706f,-0.2679973709203384f,-0.8069552021700118f,0.08488624430822012f,0.8814681347655723f,0.4645516687303447f,0.28709996911512015f,0.34368412245939495f,0.41171843256001667f,-0.8440196421053474f,0.2947180274715654f,0f,0f,0f,1f], start_interpolation: 0, interpolation_duration: 1 }
$data merge entity $(bone_leftlowerleg) { transformation: [-0.9352409045249042f,0.23130469014532706f,-0.2679973709203384f,-0.5091749379866274f,0.08488624430822012f,0.8814681347655723f,0.4645516687303447f,1.1936023496338102f,0.34368412245939495f,0.41171843256001667f,-0.8440196421053474f,0.8811480890163863f,0f,0f,0f,1f], start_interpolation: 0, interpolation_duration: 1 }
$data merge entity $(bone_leftleg) { transformation: [-0.9605592932326492f,-0.1243229834620731f,-0.24873608497257216f,-0.6666440934060158f,0.025712318167922514f,0.8509506146716891f,-0.524615981537263f,2.083523997979535f,0.2768839483950362f,-0.5103203378006441f,-0.814191888898564f,0.3631205521377402f,0f,0f,0f,1f], start_interpolation: 0, interpolation_duration: 1 }
$data merge entity $(bone_rightfoot) { transformation: [-0.9522986476015897f,0.23850346990371887f,0.19037694350963108f,-1.5505503330691688f,0.2802573332012481f,0.9303814858038826f,0.23631783271747464f,0.19865513996492834f,-0.12076056046204806f,0.27839968699200374f,-0.9528433771190554f,0.30112134318404227f,0f,0f,0f,1f], start_interpolation: 0, interpolation_duration: 1 }
$data merge entity $(bone_rightlowerleg) { transformation: [-0.9522986476015897f,0.23850346990371887f,0.19037694350963108f,-1.3152111306158576f,0.2802573332012481f,0.9303814858038826f,0.23631783271747464f,1.1944878996720887f,-0.12076056046204806f,0.27839968699200374f,-0.9528433771190554f,0.7563712121453644f,0f,0f,0f,1f], start_interpolation: 0, interpolation_duration: 1 }
$data merge entity $(bone_rightleg) { transformation: [-0.9861375720079065f,0.12930382702142038f,-0.10398658274972696f,-1.1536902392702642f,0.16024285872893476f,0.9047919335368164f,-0.3945551713424724f,2.1429750870663193f,0.043068727642337656f,-0.4057487859800985f,-0.9129693353968392f,0.3425961405182472f,0f,0f,0f,1f], start_interpolation: 0, interpolation_duration: 1 }
data modify entity @s data merge value {"locators":{"lefthand":{"posx":-0.4074928572828174,"posy":2.581532091264733,"posz":1.3457963919168248,"roty":138.36300527984167,"rotx":-60.519486537394016},"righthand":{"posx":-1.5167168033038687,"posy":2.350142806550282,"posz":0.8221102909875513,"roty":275.3354110920877,"rotx":-40.79971330355442},"chest":{"posx":-1.2584157220283705,"posy":2.5168347269067866,"posz":0.7525344656237853,"roty":5.183269456040364,"rotx":8.431289215112946},"sack":{"posx":0,"posy":-0.4375,"posz":0,"roty":0,"rotx":0}},"cameras":{}}