# This file was generated by Animated Java via MC-Build. It is not recommended to edit this file directly.
$data merge entity $(bone_nose) { transformation: [-0.9634382320065094f,0.18325155173476265f,0.19546263554698398f,-0.23085245375367272f,0.16681366183286772f,0.9811437907189156f,-0.09762204750785744f,4.236722229666719f,-0.2096663428738173f,-0.06144697486872988f,-0.9758403014558275f,0.7179541548575591f,0f,0f,0f,1f], start_interpolation: 0, interpolation_duration: 1 }
$data merge entity $(bone_glowing_eye) { transformation: [-0.9634382320065094f,0.18325155173476265f,0.19546263554698398f,-0.3456954046147443f,0.16681366183286772f,0.9811437907189156f,-0.09762204750785744f,4.327411926182364f,-0.2096663428738173f,-0.06144697486872988f,-0.9758403014558275f,0.7216379597625376f,0f,0f,0f,1f], start_interpolation: 0, interpolation_duration: 1 }
$data merge entity $(bone_head) { transformation: [-0.9634382320065094f,0.18325155173476265f,0.19546263554698398f,-0.2168784268814315f,0.16681366183286772f,0.9811437907189156f,-0.09762204750785744f,4.0972934439570095f,-0.2096663428738173f,-0.06144697486872988f,-0.9758403014558275f,0.5428104596434424f,0f,0f,0f,1f], start_interpolation: 0, interpolation_duration: 1 }
$data merge entity $(bone_leftthumb2) { transformation: [-0.45175476967052874f,0.8894025866943384f,0.0698617696694532f,0.1779227916381211f,0.047138668075985324f,0.1019948512005946f,-0.9936674475399658f,2.825272108901361f,-0.8908959389580521f,-0.44560081812087f,-0.08800191383181166f,1.0653451711264876f,0f,0f,0f,1f], start_interpolation: 0, interpolation_duration: 1 }
$data merge entity $(bone_leftthumb) { transformation: [-0.45175476967052874f,0.8894025866943384f,0.0698617696694532f,0.4020123176870347f,0.047138668075985324f,0.1019948512005946f,-0.9936674475399658f,2.765369245298776f,-0.8908959389580521f,-0.44560081812087f,-0.08800191383181166f,0.9485444889371981f,0f,0f,0f,1f], start_interpolation: 0, interpolation_duration: 1 }
$data merge entity $(bone_leftpointerfinger) { transformation: [-0.45175476967052874f,0.8894025866943384f,0.0698617696694532f,0.16286254231392466f,0.047138668075985324f,0.1019948512005946f,-0.9936674475399658f,2.6801682313243345f,-0.8908959389580521f,-0.44560081812087f,-0.08800191383181166f,1.1880739109957794f,0f,0f,0f,1f], start_interpolation: 0, interpolation_duration: 1 }
$data merge entity $(bone_leftmidfinger) { transformation: [-0.45175476967052874f,0.8894025866943384f,0.0698617696694532f,0.17377844382477675f,0.047138668075985324f,0.1019948512005946f,-0.9936674475399658f,2.524907692646215f,-0.8908959389580521f,-0.44560081812087f,-0.08800191383181166f,1.1743236119595588f,0f,0f,0f,1f], start_interpolation: 0, interpolation_duration: 1 }
$data merge entity $(bone_leftringfinger) { transformation: [-0.45175476967052874f,0.8894025866943384f,0.0698617696694532f,0.1846943453356288f,0.047138668075985324f,0.1019948512005946f,-0.9936674475399658f,2.369647153968095f,-0.8908959389580521f,-0.44560081812087f,-0.08800191383181166f,1.1605733129233382f,0f,0f,0f,1f], start_interpolation: 0, interpolation_duration: 1 }
$data merge entity $(bone_invisibility) { transformation: [0.8921069957591906f,0.007920618501017607f,0.4517547696705287f,0.17325375061822335f,0.015002905564173538f,0.9987756799184961f,-0.047138668075985525f,2.731214526174271f,-0.45157504464058196f,0.048830369708888856f,0.8908959389580519f,0.9750433927664186f,0f,0f,0f,1f], start_interpolation: 0, interpolation_duration: 1 }
$data merge entity $(bone_swiftness) { transformation: [0.06986176966945311f,0.8894025866943384f,0.45175476967052874f,0.04238391338608559f,-0.9936674475399658f,0.1019948512005946f,-0.047138668075985546f,2.5335451848865875f,-0.08800191383181186f,-0.44560081812087f,0.8908959389580521f,0.9724842596595809f,0f,0f,0f,1f], start_interpolation: 0, interpolation_duration: 1 }
$data merge entity $(bone_suspicious_stew) { transformation: [0.8355973497914515f,0.31256150930885673f,0.45175476967052897f,0.14466208617994872f,-0.3275032815469148f,0.9436734321511995f,-0.047138668075985324f,2.5401208711104992f,-0.44104270722630157f,-0.10856222340457632f,0.8908959389580523f,0.9794305722723697f,0f,0f,0f,1f], start_interpolation: 0, interpolation_duration: 1 }
$data merge entity $(bone_log) { transformation: [-0.45175476967052874f,0.8894025866943384f,0.0698617696694532f,0.21676017031338457f,0.047138668075985324f,0.1019948512005946f,-0.9936674475399658f,2.510711316039261f,-0.8908959389580521f,-0.44560081812087f,-0.08800191383181166f,0.8360838860190773f,0f,0f,0f,1f], start_interpolation: 0, interpolation_duration: 1 }
$data merge entity $(bone_planks) { transformation: [-0.45175476967052874f,0.8894025866943384f,0.0698617696694532f,0.1744081606567725f,0.047138668075985324f,0.1019948512005946f,-0.9936674475399658f,2.515130566171385f,-0.8908959389580521f,-0.44560081812087f,-0.08800191383181166f,0.75256239174176f,0f,0f,0f,1f], start_interpolation: 0, interpolation_duration: 1 }
$data merge entity $(bone_lefthand1) { transformation: [-0.45175476967052874f,0.8894025866943384f,0.0698617696694532f,0.5498663291024309f,0.047138668075985324f,0.1019948512005946f,-0.9936674475399658f,2.5554774695560374f,-0.8908959389580521f,-0.44560081812087f,-0.08800191383181166f,0.950157726035617f,0f,0f,0f,1f], start_interpolation: 0, interpolation_duration: 1 }
$data merge entity $(bone_leftforearm) { transformation: [-0.8938810306971164f,0.347110097398189f,0.28370985750248556f,0.7392511957934641f,0.05368168895464315f,0.711173400982998f,-0.7009641003683803f,3.080861363137571f,-0.4450786214039468f,-0.61134848819515f,-0.6543378689566013f,0.4838630421333879f,0f,0f,0f,1f], start_interpolation: 0, interpolation_duration: 1 }
$data merge entity $(bone_leftelbow) { transformation: [-0.8938810306971164f,0.347110097398189f,0.28370985750248556f,0.8043343390556246f,0.05368168895464315f,0.711173400982998f,-0.7009641003683803f,3.2142063758218833f,-0.4450786214039468f,-0.61134848819515f,-0.6543378689566013f,0.36923520059679726f,0f,0f,0f,1f], start_interpolation: 0, interpolation_duration: 1 }
$data merge entity $(bone_leftarm) { transformation: [-0.8819330015540514f,-0.29931062328896124f,0.3641528958504039f,0.44522830322778345f,-0.05574402106944776f,0.833337918821434f,0.5499459220408583f,3.4927442467603935f,-0.4680670730620457f,0.4647161110191192f,-0.7516329897459231f,0.5280893422076791f,0f,0f,0f,1f], start_interpolation: 0, interpolation_duration: 1 }
$data merge entity $(bone_rightthumb2) { transformation: [-0.006657024066393874f,-0.8292688274737463f,-0.5588102502736481f,-0.4995046987053172f,-0.020969419351515695f,0.5588155180837909f,-0.8290268392523878f,2.8368726512530253f,0.9997579544482948f,0.006199074855323963f,-0.02110933415099492f,0.8705578308214631f,0f,0f,0f,1f], start_interpolation: 0, interpolation_duration: 1 }
$data merge entity $(bone_rightthumb) { transformation: [-0.006657024066393874f,-0.8292688274737463f,-0.5588102502736481f,-0.7506311860898077f,-0.020969419351515695f,0.5588155180837909f,-0.8290268392523878f,2.9030714048312785f,0.9997579544482948f,0.006199074855323963f,-0.02110933415099492f,0.8702741565134612f,0f,0f,0f,1f], start_interpolation: 0, interpolation_duration: 1 }
$data merge entity $(bone_rightpointerfinger) { transformation: [-0.006657024066393874f,-0.8292688274737463f,-0.5588102502736481f,-0.5054496945638238f,-0.020969419351515695f,0.5588155180837909f,-0.8290268392523878f,2.678555899628507f,0.9997579544482948f,0.006199074855323963f,-0.02110933415099492f,0.9765991113060124f,0f,0f,0f,1f], start_interpolation: 0, interpolation_duration: 1 }
$data merge entity $(bone_rightmidfinger) { transformation: [-0.006657024066393874f,-0.8292688274737463f,-0.5588102502736481f,-0.5927637961690813f,-0.020969419351515695f,0.5588155180837909f,-0.8290268392523878f,2.549020455995321f,0.9997579544482948f,0.006199074855323963f,-0.02110933415099492f,0.9733007778449194f,0f,0f,0f,1f], start_interpolation: 0, interpolation_duration: 1 }
$data merge entity $(bone_rightringfinger) { transformation: [-0.006657024066393874f,-0.8292688274737463f,-0.5588102502736481f,-0.6800778977743388f,-0.020969419351515695f,0.5588155180837909f,-0.8290268392523878f,2.4194850123621356f,0.9997579544482948f,0.006199074855323963f,-0.02110933415099492f,0.9700024443838264f,0f,0f,0f,1f], start_interpolation: 0, interpolation_duration: 1 }
$data merge entity $(bone_hugeasssword) { transformation: [-0.026073344260042677f,-3.2479695742721733f,-2.188673480238455f,-0.7507093445715244f,-0.08213022579343647f,2.188694112494848f,-3.2470217870718527f,2.6810534044846563f,3.9157186549224883f,0.024279709850018857f,-0.0826782254247301f,0.7093290916206881f,0f,0f,0f,1f], start_interpolation: 0, interpolation_duration: 1 }
$data merge entity $(bone_ice) { transformation: [-0.006657024066393874f,-0.8292688274737463f,-0.5588102502736481f,-0.7376480031412097f,-0.020969419351515695f,0.5588155180837909f,-0.8290268392523878f,2.6726495591919646f,0.9997579544482948f,0.006199074855323963f,-0.02110933415099492f,0.693611013037819f,0f,0f,0f,1f], start_interpolation: 0, interpolation_duration: 1 }
$data merge entity $(bone_righthand1) { transformation: [-0.006657024066393874f,-0.8292688274737463f,-0.5588102502736481f,-0.9640922863472963f,-0.020969419351515695f,0.5588155180837909f,-0.8290268392523878f,2.7812039951483962f,0.9997579544482948f,0.006199074855323963f,-0.02110933415099492f,0.9444406036715052f,0f,0f,0f,1f], start_interpolation: 0, interpolation_duration: 1 }
$data merge entity $(bone_rightforearm) { transformation: [-0.4253763594383015f,-0.5325707732035885f,-0.7317262632708688f,-1.3111091047360608f,0.10266158779443904f,0.774908499286482f,-0.6236805401205789f,3.3261098773644986f,0.8991749280437823f,-0.3404191376272844f,-0.2749531951342888f,0.6594502798260521f,0f,0f,0f,1f], start_interpolation: 0, interpolation_duration: 1 }
$data merge entity $(bone_rightelbow) { transformation: [-0.4253763594383015f,-0.5325707732035885f,-0.7317262632708688f,-1.4109661247117335f,0.10266158779443904f,0.774908499286482f,-0.6236805401205789f,3.471405220980714f,0.8991749280437823f,-0.3404191376272844f,-0.2749531951342888f,0.5956216915209362f,0f,0f,0f,1f], start_interpolation: 0, interpolation_duration: 1 }
$data merge entity $(bone_rightarm) { transformation: [-0.3894599208149164f,0.8144028560694244f,-0.43019641805203734f,-0.9763694809119814f,0.1813777442615159f,0.5257439508993762f,0.8310808696988027f,3.5496467601900963f,0.9030077983968038f,0.24564463380802484f,-0.3524707504402005f,0.5191880499386544f,0f,0f,0f,1f], start_interpolation: 0, interpolation_duration: 1 }
$data merge entity $(bone_chest1) { transformation: [-1.078862484527312f,0.08900235303139258f,-0.04177836456279386f,-0.2890026451048304f,0.08064923328461177f,1.0643906551917819f,0.1848765680721182f,3.4531985033649844f,0.05623656960795715f,0.18100338506888666f,-1.0666238015080314f,0.4021287934667589f,0f,0f,0f,1f], start_interpolation: 0, interpolation_duration: 1 }
$data merge entity $(bone_chest1lid) { transformation: [-0.9958730626405957f,0.08215601818282392f,-0.03856464421180972f,-0.6700788595883652f,0.07444544610887241f,0.9825144509462602f,0.17065529360503218f,2.7403365691262653f,0.0519106796381143f,0.16708004775589538f,-0.9845758167766444f,0.6909453336421406f,0f,0f,0f,1f], start_interpolation: 0, interpolation_duration: 1 }
$data merge entity $(bone_chest2) { transformation: [-0.9958730626405957f,0.08215601818282392f,-0.03856464421180972f,-0.6829157374294315f,0.07444544610887241f,0.9825144509462602f,0.17065529360503218f,2.586818686165912f,0.0519106796381143f,0.16708004775589538f,-0.9845758167766444f,0.6648390761802819f,0f,0f,0f,1f], start_interpolation: 0, interpolation_duration: 1 }
$data merge entity $(bone_chest1lid3) { transformation: [-0.9958730626405957f,0.08215601818282392f,-0.03856464421180972f,-0.6325422683715186f,0.07444544610887241f,0.9825144509462602f,0.17065529360503218f,2.8450097762101847f,0.0519106796381143f,0.16708004775589538f,-0.9845758167766444f,0.05695703354222062f,0f,0f,0f,1f], start_interpolation: 0, interpolation_duration: 1 }
$data merge entity $(bone_chest3) { transformation: [-0.9958730626405957f,0.08215601818282392f,-0.03856464421180972f,-0.6453791462125849f,0.07444544610887241f,0.9825144509462602f,0.17065529360503218f,2.6914918932498315f,0.0519106796381143f,0.16708004775589538f,-0.9845758167766444f,0.030850776080361964f,0f,0f,0f,1f], start_interpolation: 0, interpolation_duration: 1 }
$data merge entity $(bone_hugeasssword2) { transformation: [0.1510448564962539f,3.09314222648864f,-2.3979020821995007f,-1.4308611952420645f,-0.6683998999530424f,2.384819956483569f,3.0341643209750933f,4.730143099927449f,3.8562552823751908f,0.29220321635530233f,0.6198308279545535f,0.39910424098509534f,0f,0f,0f,1f], start_interpolation: 0, interpolation_duration: 1 }
$data merge entity $(bone_belt) { transformation: [-0.9958730626405957f,0.08215601818282392f,-0.03856464421180972f,-0.28478307413360826f,0.07444544610887241f,0.9825144509462602f,0.17065529360503218f,3.0371099229663683f,0.0519106796381143f,0.16708004775589538f,-0.9845758167766444f,0.46279659971929854f,0f,0f,0f,1f], start_interpolation: 0, interpolation_duration: 1 }
$data merge entity $(bone_torn_part) { transformation: [-0.9654172973860708f,0.2571687161570274f,-0.042821645670396674f,-0.44982116540477307f,0.21943665964379602f,0.8902351965751031f,0.39916017735147424f,2.7808542911274663f,0.14077284650154503f,0.375959500756443f,-0.9158807015538751f,0.435461837658292f,0f,0f,0f,1f], start_interpolation: 0, interpolation_duration: 1 }
$data merge entity $(bone_lowerbody) { transformation: [-0.9654172973860708f,0.23238944660371116f,-0.11817185373427813f,-0.4523956250000001f,0.21943665964379602f,0.9690621773870982f,0.11298694067080949f,2.27036125f,0.14077284650154503f,0.08314831005496799f,-0.9865441521913022f,0.5198475f,0f,0f,0f,1f], start_interpolation: 0, interpolation_duration: 1 }
$data merge entity $(bone_leftfoot) { transformation: [-0.8244743452492617f,0.08345610972010004f,-0.5597116505632053f,-0.20433394293072024f,-0.09090099667502641f,0.9566912169964822f,0.2765482311013334f,0.20722152410765826f,0.5585508596621152f,0.2788852686539329f,-0.7811811211867167f,0.13502725001439042f,0f,0f,0f,1f], start_interpolation: 0, interpolation_duration: 1 }
$data merge entity $(bone_leftlowerleg) { transformation: [-0.8244743452492617f,0.08345610972010004f,-0.5597116505632053f,-0.02575257483941898f,-0.09090099667502641f,0.9566912169964822f,0.2765482311013334f,1.226060417152922f,0.5585508596621152f,0.2788852686539329f,-0.7811811211867167f,0.5644406565302811f,0f,0f,0f,1f], start_interpolation: 0, interpolation_duration: 1 }
$data merge entity $(bone_leftleg) { transformation: [-0.9082306535540966f,-0.19445577671853423f,-0.37054558538119153f,-0.24729114781292394f,-0.07770675515270689f,0.9484464348531547f,-0.30726376359404584f,2.2221870030060717f,0.41119185321250673f,-0.25027247374637906f,-0.8765186528172303f,0.32808691447073435f,0f,0f,0f,1f], start_interpolation: 0, interpolation_duration: 1 }
$data merge entity $(bone_rightfoot) { transformation: [-0.7687631419496047f,0.6157952587443574f,0.17262511661905328f,-1.9119429043411582f,0.6373752782993675f,0.7598871169719181f,0.1277666782573228f,0.6993814452710637f,-0.05249748748821845f,0.20824929476009357f,-0.9766658819879743f,0.4027060558605022f,0f,0f,0f,1f], start_interpolation: 0, interpolation_duration: 1 }
$data merge entity $(bone_rightlowerleg) { transformation: [-0.7687631419496047f,0.6157952587443574f,0.17262511661905328f,-1.255318133105269f,0.6373752782993675f,0.7598871169719181f,0.1277666782573228f,1.5227504245267651f,-0.05249748748821845f,0.20824929476009357f,-0.9766658819879743f,0.7837930570891996f,0f,0f,0f,1f], start_interpolation: 0, interpolation_duration: 1 }
$data merge entity $(bone_rightleg) { transformation: [-0.819706384114429f,0.4800694657702369f,-0.3124335959482069f,-0.7265850964911099f,0.5592439043261095f,0.7886831170375583f,-0.25539224023844276f,2.339116640228144f,0.12380508598655166f,-0.38407323381745884f,-0.9149645084640508f,0.3924916106429864f,0f,0f,0f,1f], start_interpolation: 0, interpolation_duration: 1 }
data modify entity @s data merge value {"locators":{"lefthand":{"posx":0.1885360127334163,"posy":2.513849772024903,"posz":0.9557929741157097,"roty":38.44488283104869,"rotx":-83.5485627475621},"righthand":{"posx":-0.7165833635576311,"posy":2.6749057280210193,"posz":0.7875712940688415,"roty":272.1633478343846,"rotx":-55.99890026466944},"chest":{"posx":-0.700308918274215,"posy":2.65459094650724,"posz":0.8359650107674389,"roty":357.75694022498794,"rotx":9.825921386295931},"sack":{"posx":0,"posy":-0.4375,"posz":0,"roty":0,"rotx":0}},"cameras":{}}