# This file was generated by Animated Java via MC-Build. It is not recommended to edit this file directly.
$data merge entity $(bone_nose) { transformation: [-0.9115660751642628f,-0.26276540597069176f,-0.3162303464797127f,2.1079771398224625f,-0.2976333423783608f,0.9523530165317786f,0.06661925703208672f,4.119942097468078f,0.2836576882693419f,0.15484854964732248f,-0.9463404474911836f,0.42175062913497097f,0f,0f,0f,1f], start_interpolation: 0, interpolation_duration: 1 }
$data merge entity $(bone_glowing_eye) { transformation: [-0.9115660751642628f,-0.26276540597069176f,-0.3162303464797127f,1.987275083058166f,-0.2976333423783608f,0.9523530165317786f,0.06661925703208672f,4.144895246147073f,0.2836576882693419f,0.15484854964732248f,-0.9463404474911836f,0.5007154865022129f,0f,0f,0f,1f], start_interpolation: 0, interpolation_duration: 1 }
$data merge entity $(bone_head) { transformation: [-0.9115660751642628f,-0.26276540597069176f,-0.3162303464797127f,2.081206877479771f,-0.2976333423783608f,0.9523530165317786f,0.06661925703208672f,4.014823312065454f,0.2836576882693419f,0.15484854964732248f,-0.9463404474911836f,0.2254234336312757f,0f,0f,0f,1f], start_interpolation: 0, interpolation_duration: 1 }
$data merge entity $(bone_leftthumb2) { transformation: [-0.43635346635203853f,0.8584448270180479f,0.2695702716705135f,2.6885290109967404f,-0.13608504718038417f,0.23318680322479612f,-0.9628628016159483f,2.854859873803284f,-0.8894248210706024f,-0.4568330042452649f,0.015069634891817285f,0.6437131483230745f,0f,0f,0f,1f], start_interpolation: 0, interpolation_duration: 1 }
$data merge entity $(bone_leftthumb) { transformation: [-0.43635346635203853f,0.8584448270180479f,0.2695702716705135f,2.922092967977997f,-0.13608504718038417f,0.23318680322479612f,-0.9628628016159483f,2.8297633405240465f,-0.8894248210706024f,-0.4568330042452649f,0.015069634891817285f,0.5329660936032226f,0f,0f,0f,1f], start_interpolation: 0, interpolation_duration: 1 }
$data merge entity $(bone_leftpointerfinger) { transformation: [-0.43635346635203853f,0.8584448270180479f,0.2695702716705135f,2.7007780259795093f,-0.13608504718038417f,0.23318680322479612f,-0.9628628016159483f,2.7229990289255173f,-0.8894248210706024f,-0.4568330042452649f,0.015069634891817285f,0.7808516520613512f,0f,0f,0f,1f], start_interpolation: 0, interpolation_duration: 1 }
$data merge entity $(bone_leftmidfinger) { transformation: [-0.43635346635203853f,0.8584448270180479f,0.2695702716705135f,2.742898380928027f,-0.13608504718038417f,0.23318680322479612f,-0.9628628016159483f,2.5725517161730256f,-0.8894248210706024f,-0.4568330042452649f,0.015069634891817285f,0.7832062825131976f,0f,0f,0f,1f], start_interpolation: 0, interpolation_duration: 1 }
$data merge entity $(bone_leftringfinger) { transformation: [-0.43635346635203853f,0.8584448270180479f,0.2695702716705135f,2.785018735876545f,-0.13608504718038417f,0.23318680322479612f,-0.9628628016159483f,2.4221044034205335f,-0.8894248210706024f,-0.4568330042452649f,0.015069634891817285f,0.785560912965044f,0f,0f,0f,1f], start_interpolation: 0, interpolation_duration: 1 }
$data merge entity $(bone_invisibility) { transformation: [0.8786727825297963f,-0.19372607889467397f,0.43635346635203853f,2.7044300830038974f,0.148380434398576f,0.9795223869935807f,0.13608504718038392f,2.7530773517324056f,-0.45378121152052453f,-0.054827910178046876f,0.8894248210706022f,0.563647462180918f,0f,0f,0f,1f], start_interpolation: 0, interpolation_duration: 1 }
$data merge entity $(bone_swiftness) { transformation: [0.2695702716705134f,0.8584448270180479f,0.4363534663520386f,2.6159999409752226f,-0.9628628016159483f,0.23318680322479612f,0.13608504718038394f,2.533875413722547f,0.015069634891817087f,-0.4568330042452649f,0.8894248210706024f,0.5820118924209664f,0f,0f,0f,1f], start_interpolation: 0, interpolation_duration: 1 }
$data merge entity $(bone_suspicious_stew) { transformation: [0.8919405510981474f,0.11848082422609121f,0.43635346635203875f,2.714734907675648f,-0.19558438791689634f,0.971199056392193f,0.13608504718038422f,2.5616099450282532f,-0.4076626062197838f,-0.20672369761016848f,0.8894248210706026f,0.5878870657971306f,0f,0f,0f,1f], start_interpolation: 0, interpolation_duration: 1 }
$data merge entity $(bone_log) { transformation: [-0.43635346635203853f,0.8584448270180479f,0.2695702716705135f,2.7937684800669556f,-0.13608504718038417f,0.23318680322479612f,-0.9628628016159483f,2.532866128432444f,-0.8894248210706024f,-0.4568330042452649f,0.015069634891817285f,0.4481057524266574f,0f,0f,0f,1f], start_interpolation: 0, interpolation_duration: 1 }
$data merge entity $(bone_planks) { transformation: [-0.43635346635203853f,0.8584448270180479f,0.2695702716705135f,2.752860342596452f,-0.13608504718038417f,0.23318680322479612f,-0.9628628016159483f,2.5201081552592832f,-0.8894248210706024f,-0.4568330042452649f,0.015069634891817285f,0.3647221754512885f,0f,0f,0f,1f], start_interpolation: 0, interpolation_duration: 1 }
$data merge entity $(bone_lefthand1) { transformation: [-0.43635346635203853f,0.8584448270180479f,0.2695702716705135f,3.1090439824197738f,-0.13608504718038417f,0.23318680322479612f,-0.9628628016159483f,2.6552735535842373f,-0.8894248210706024f,-0.4568330042452649f,0.015069634891817285f,0.5557827805426225f,0f,0f,0f,1f], start_interpolation: 0, interpolation_duration: 1 }
$data merge entity $(bone_leftforearm) { transformation: [-0.7836885543486087f,0.2729533870721226f,0.5579683667277598f,3.2511446697968736f,-0.12015208255399426f,0.8146977494061101f,-0.5673015548811384f,3.243735319567182f,-0.6094224535089975f,-0.5116287966861083f,-0.6056733835662574f,0.1473042443594177f,0f,0f,0f,1f], start_interpolation: 0, interpolation_duration: 1 }
$data merge entity $(bone_leftelbow) { transformation: [-0.7836885543486087f,0.2729533870721226f,0.5579683667277598f,3.3023234298728967f,-0.12015208255399426f,0.8146977494061101f,-0.5673015548811384f,3.3964911475808277f,-0.6094224535089975f,-0.5116287966861083f,-0.6056733835662574f,0.05137384498077237f,0f,0f,0f,1f], start_interpolation: 0, interpolation_duration: 1 }
$data merge entity $(bone_leftarm) { transformation: [-0.7442906447492715f,-0.5329922844044186f,0.40243093929775486f,2.876248470656202f,-0.22559320012962847f,0.7677969004404052f,0.5996629284267788f,3.6112378235937035f,-0.6286009419289692f,0.35553782420365065f,-0.691703485148475f,0.11821157160858607f,0f,0f,0f,1f], start_interpolation: 0, interpolation_duration: 1 }
$data merge entity $(bone_rightthumb2) { transformation: [-0.01713440962168114f,-0.9210671609113191f,-0.3890266020437142f,2.204578447136517f,0.10139969660941375f,0.38547694894609674f,-0.9171290112948814f,2.701041941791348f,0.9946982022374602f,-0.05516164357567778f,0.08679101073034362f,0.49087622819373083f,0f,0f,0f,1f], start_interpolation: 0, interpolation_duration: 1 }
$data merge entity $(bone_rightthumb) { transformation: [-0.01713440962168114f,-0.9210671609113191f,-0.3890266020437142f,1.9454483930825721f,0.10139969660941375f,0.38547694894609674f,-0.9171290112948814f,2.7172017199605287f,0.9946982022374602f,-0.05516164357567778f,0.08679101073034362f,0.48476519161861104f,0f,0f,0f,1f], start_interpolation: 0, interpolation_duration: 1 }
$data merge entity $(bone_rightpointerfinger) { transformation: [-0.01713440962168114f,-0.9210671609113191f,-0.3890266020437142f,2.227563857233428f,0.10139969660941375f,0.38547694894609674f,-0.9171290112948814f,2.558817265499798f,0.9946982022374602f,-0.05516164357567778f,0.08679101073034362f,0.6157285504145873f,0f,0f,0f,1f], start_interpolation: 0, interpolation_duration: 1 }
$data merge entity $(bone_rightmidfinger) { transformation: [-0.01713440962168114f,-0.9210671609113191f,-0.3890266020437142f,2.166778450664098f,0.10139969660941375f,0.38547694894609674f,-0.9171290112948814f,2.415515857484973f,0.9946982022374602f,-0.05516164357567778f,0.08679101073034362f,0.6292896458412035f,0f,0f,0f,1f], start_interpolation: 0, interpolation_duration: 1 }
$data merge entity $(bone_rightringfinger) { transformation: [-0.01713440962168114f,-0.9210671609113191f,-0.3890266020437142f,2.1059930440947676f,0.10139969660941375f,0.38547694894609674f,-0.9171290112948814f,2.2722144494701473f,0.9946982022374602f,-0.05516164357567778f,0.08679101073034362f,0.6428507412678197f,0f,0f,0f,1f], start_interpolation: 0, interpolation_duration: 1 }
$data merge entity $(bone_hugeasssword) { transformation: [-0.06710977101825114f,-3.607513046902667f,-1.523687524671214f,1.990316551816678f,0.3971488117202039f,1.5097847167055456f,-3.592088627571619f,2.481211709129256f,3.8959012920967195f,-0.21604977067140466f,0.3399314586938459f,0.352512117477907f,0f,0f,0f,1f], start_interpolation: 0, interpolation_duration: 1 }
$data merge entity $(bone_ice) { transformation: [-0.01713440962168114f,-0.9210671609113191f,-0.3890266020437142f,2.0049759513562564f,0.10139969660941375f,0.38547694894609674f,-0.9171290112948814f,2.4736042615424507f,0.9946982022374602f,-0.05516164357567778f,0.08679101073034362f,0.33783185874881666f,0f,0f,0f,1f], start_interpolation: 0, interpolation_duration: 1 }
$data merge entity $(bone_righthand1) { transformation: [-0.01713440962168114f,-0.9210671609113191f,-0.3890266020437142f,1.7582684774091402f,0.10139969660941375f,0.38547694894609674f,-0.9171290112948814f,2.5666631413283634f,0.9946982022374602f,-0.05516164357567778f,0.08679101073034362f,0.5754282174995855f,0f,0f,0f,1f], start_interpolation: 0, interpolation_duration: 1 }
$data merge entity $(bone_rightforearm) { transformation: [-0.29697798556513744f,-0.7484198093778494f,-0.5930192787932754f,1.2515383184865243f,-0.08353036919193063f,0.6390187207880971f,-0.7646422378504889f,3.029663452375847f,0.9512238188314739f,-0.17754679217932226f,-0.2522902754259461f,0.39178531905112557f,0f,0f,0f,1f], start_interpolation: 0, interpolation_duration: 1 }
$data merge entity $(bone_rightelbow) { transformation: [-0.29697798556513744f,-0.7484198093778494f,-0.5930192787932754f,1.1112096042281776f,-0.08353036919193063f,0.6390187207880971f,-0.7646422378504889f,3.1494794625236153f,0.9512238188314739f,-0.17754679217932226f,-0.2522902754259461f,0.35849529551750264f,0f,0f,0f,1f], start_interpolation: 0, interpolation_duration: 1 }
$data merge entity $(bone_rightarm) { transformation: [-0.28130576295651255f,0.6848483428817723f,-0.6721977499066363f,1.4953554761539007f,0.0015944162317318988f,0.7008171824862985f,0.7133391441445268f,3.3458663126134076f,0.9596168639432794f,0.19959464918693692f,-0.19823584552650725f,0.23727621985509156f,0f,0f,0f,1f], start_interpolation: 0, interpolation_duration: 1 }
$data merge entity $(bone_chest1) { transformation: [-1.0495828251895536f,-0.19883539526253072f,-0.18014297035693347f,2.1971281739011856f,-0.2287519315553789f,1.043276755726768f,0.1812657603658892f,3.398021207420035f,0.14021254575789244f,0.21365675196944725f,-1.0527593958075454f,0.02080871733616705f,0f,0f,0f,1f], start_interpolation: 0, interpolation_duration: 1 }
$data merge entity $(bone_chest1lid) { transformation: [-0.9688456847903573f,-0.18354036485772068f,-0.16628581879101553f,2.056849629715923f,-0.2111556291280421f,0.9630246975939397f,0.1673222403377439f,2.6022719386354805f,0.12942696531497763f,0.1972216172025667f,-0.9717779038223496f,0.3104830925933818f,0f,0f,0f,1f], start_interpolation: 0, interpolation_duration: 1 }
$data merge entity $(bone_chest2) { transformation: [-0.9688456847903573f,-0.18354036485772068f,-0.16628581879101553f,2.085527811724942f,-0.2111556291280421f,0.9630246975939397f,0.1673222403377439f,2.4517993296364273f,0.12942696531497763f,0.1972216172025667f,-0.9717779038223496f,0.27966721490548074f,0f,0f,0f,1f], start_interpolation: 0, interpolation_duration: 1 }
$data merge entity $(bone_chest1lid3) { transformation: [-0.9688456847903573f,-0.18354036485772068f,-0.16628581879101553f,2.0108756323523265f,-0.2111556291280421f,0.9630246975939397f,0.1673222403377439f,2.7226599756723506f,0.12942696531497763f,0.1972216172025667f,-0.9717779038223496f,-0.32015131237499705f,0f,0f,0f,1f], start_interpolation: 0, interpolation_duration: 1 }
$data merge entity $(bone_chest3) { transformation: [-0.9688456847903573f,-0.18354036485772068f,-0.16628581879101553f,2.039553814361345f,-0.2111556291280421f,0.9630246975939397f,0.1673222403377439f,2.5721873666732975f,0.12942696531497763f,0.1972216172025667f,-0.9717779038223496f,-0.3509671900628981f,0f,0f,0f,1f], start_interpolation: 0, interpolation_duration: 1 }
$data merge entity $(bone_hugeasssword2) { transformation: [0.6512861235981433f,2.312047081160025f,-3.0936293342101746f,0.7464438254114847f,-0.6553454413228303f,3.1579704015230754f,2.222166301926872f,4.299593462853789f,3.806130123304203f,0.1481182479688969f,0.9119825913210926f,0.15165209091084914f,0f,0f,0f,1f], start_interpolation: 0, interpolation_duration: 1 }
$data merge entity $(bone_belt) { transformation: [-0.9688456847903573f,-0.18354036485772068f,-0.16628581879101553f,2.323035953055981f,-0.2111556291280421f,0.9630246975939397f,0.1673222403377439f,2.999279730918064f,0.12942696531497763f,0.1972216172025667f,-0.9717779038223496f,0.06531220369564167f,0f,0f,0f,1f], start_interpolation: 0, interpolation_duration: 1 }
$data merge entity $(bone_torn_part) { transformation: [-0.9871292078002394f,0.010796734255973016f,-0.1595598873059194f,2.2347082381171393f,-0.04532732263271001f,0.9379168727221878f,0.34388569857727663f,2.707267473928627f,0.15336675301584113f,0.34669203970157325f,-0.925355752495731f,0.04034372636675207f,0f,0f,0f,1f], start_interpolation: 0, interpolation_duration: 1 }
$data merge entity $(bone_lowerbody) { transformation: [-0.9871292078002394f,-0.03768355500849269f,-0.15542160978960973f,2.371363912037036f,-0.04532732263271001f,0.9979156438366833f,0.045932576772571156f,2.217971203703704f,0.15336675301584113f,0.052386233572760635f,-0.9867797736077883f,0.13855319444444453f,0f,0f,0f,1f], start_interpolation: 0, interpolation_duration: 1 }
$data merge entity $(bone_leftfoot) { transformation: [-0.7586502145569146f,-0.4068650172073402f,-0.5088326932554729f,3.6465155272973737f,-0.40655464157890925f,0.9059430994952764f,-0.11823884254988509f,0.446948564168556f,0.5090807159610272f,0.11716636996067836f,-0.8527067880501745f,-0.03828447198585591f,0f,0f,0f,1f], start_interpolation: 0, interpolation_duration: 1 }
$data merge entity $(bone_leftlowerleg) { transformation: [-0.7586502145569146f,-0.4068650172073402f,-0.5088326932554729f,3.273329566008651f,-0.40655464157890925f,0.9059430994952764f,-0.11823884254988509f,1.470146071033982f,0.5090807159610272f,0.11716636996067836f,-0.8527067880501745f,0.22271163708098327f,0f,0f,0f,1f], start_interpolation: 0, interpolation_duration: 1 }
$data merge entity $(bone_leftleg) { transformation: [-0.7489171517309994f,-0.6356248737686424f,-0.18736093426785827f,2.5874242138749337f,-0.4786733555419594f,0.7144274173553619f,-0.510357995945149f,2.2148442495118505f,0.4582520251317262f,-0.2925311695829096f,-0.8393036377170818f,-0.05417836243155175f,0f,0f,0f,1f], start_interpolation: 0, interpolation_duration: 1 }
$data merge entity $(bone_rightfoot) { transformation: [-0.9862314212062882f,-0.16384323270547332f,0.022427191577305675f,2.400713298491286f,-0.13647981946317336f,0.8829951908759781f,0.4491021618398142f,0.2820478193994703f,-0.09338545231846691f,0.4398578042805596f,-0.8931988968358392f,-0.4271427115050878f,0f,0f,0f,1f], start_interpolation: 0, interpolation_duration: 1 }
$data merge entity $(bone_rightlowerleg) { transformation: [-0.9862314212062882f,-0.16384323270547332f,0.022427191577305675f,2.2155038723417615f,-0.13647981946317336f,0.8829951908759781f,0.4491021618398142f,1.192618026932779f,-0.09338545231846691f,0.4398578042805596f,-0.8931988968358392f,0.19806064287231112f,0f,0f,0f,1f], start_interpolation: 0, interpolation_duration: 1 }
$data merge entity $(bone_rightleg) { transformation: [-0.9853615885030002f,-0.1268809714375181f,0.11385850424942318f,2.1114918669791614f,-0.14638433201705428f,0.9720328208075829f,-0.18364047106445316f,2.216791584259787f,-0.08737372169459767f,-0.19761936737052152f,-0.9763771906375679f,0.009227175933640662f,0f,0f,0f,1f], start_interpolation: 0, interpolation_duration: 1 }
data modify entity @s data merge value {"locators":{"lefthand":{"posx":2.7633985799318226,"posy":2.5424511138789168,"posz":0.5669439448135031,"roty":93.19964337753572,"rotx":-74.33625931304053},"righthand":{"posx":2.0238398155003963,"posy":2.491417546573783,"posz":0.4305906063467869,"roty":257.4233906052462,"rotx":-66.50990743263806},"chest":{"posx":2.064026634055928,"posy":2.5093401815728353,"posz":0.45404163165655653,"roty":350.2898733121713,"rotx":9.632164790353091},"sack":{"posx":0,"posy":-0.4375,"posz":0,"roty":0,"rotx":0}},"cameras":{}}