# This file was generated by Animated Java via MC-Build. It is not recommended to edit this file directly.
$data merge entity $(bone_nose) { transformation: [-0.9925272479686139f,0.0344743455324581f,-0.11705204628693328f,-0.010459203420860104f,-0.016611067174985995f,0.9121581881722347f,0.4095015411419769f,4.1688131097730246f,0.1208872800883442f,0.4083857970723942f,-0.9047692005491716f,0.4628658647071313f,0f,0f,0f,1f], start_interpolation: 0, interpolation_duration: 1 }
$data merge entity $(bone_glowing_eye) { transformation: [-0.9925272479686139f,0.0344743455324581f,-0.11705204628693328f,-0.1281063118076205f,-0.016611067174985995f,0.9121581881722347f,0.4095015411419769f,4.214207434784078f,0.1208872800883442f,0.4083857970723942f,-0.9047692005491716f,0.5372002980484905f,0f,0f,0f,1f], start_interpolation: 0, interpolation_duration: 1 }
$data merge entity $(bone_head) { transformation: [-0.9925272479686139f,0.0344743455324581f,-0.11705204628693328f,-0.036634568802337925f,-0.016611067174985995f,0.9121581881722347f,0.4095015411419769f,4.132863878278396f,0.1208872800883442f,0.4083857970723942f,-0.9047692005491716f,0.24301710604141294f,0f,0f,0f,1f], start_interpolation: 0, interpolation_duration: 1 }
$data merge entity $(bone_leftthumb2) { transformation: [-0.4114188075483719f,0.8466525117673369f,0.33751161330172885f,-0.18865383436916777f,-0.8930003253950055f,-0.44855952719219216f,0.036671097741020175f,3.9835101292658184f,0.18244172669619746f,-0.286310801198937f,0.9406067942966034f,1.0527945153801694f,0f,0f,0f,1f], start_interpolation: 0, interpolation_duration: 1 }
$data merge entity $(bone_leftthumb) { transformation: [-0.4114188075483719f,0.8466525117673369f,0.33751161330172885f,0.04782424294166587f,-0.8930003253950055f,-0.44855952719219216f,0.036671097741020175f,3.8766380897535906f,0.18244172669619746f,-0.286310801198937f,0.9406067942966034f,1.0629608438407412f,0f,0f,0f,1f], start_interpolation: 0, interpolation_duration: 1 }
$data merge entity $(bone_leftpointerfinger) { transformation: [-0.4114188075483719f,0.8466525117673369f,0.33751161330172885f,-0.16916382353286982f,-0.8930003253950055f,-0.44855952719219216f,0.036671097741020175f,4.123212552910218f,0.18244172669619746f,-0.286310801198937f,0.9406067942966034f,1.181042955109399f,0f,0f,0f,1f], start_interpolation: 0, interpolation_duration: 1 }
$data merge entity $(bone_leftmidfinger) { transformation: [-0.4114188075483719f,0.8466525117673369f,0.33751161330172885f,-0.11642763395447468f,-0.8930003253950055f,-0.44855952719219216f,0.036671097741020175f,4.128942411932252f,0.18244172669619746f,-0.286310801198937f,0.9406067942966034f,1.3280127667182433f,0f,0f,0f,1f], start_interpolation: 0, interpolation_duration: 1 }
$data merge entity $(bone_leftringfinger) { transformation: [-0.4114188075483719f,0.8466525117673369f,0.33751161330172885f,-0.06369144437607954f,-0.8930003253950055f,-0.44855952719219216f,0.036671097741020175f,4.134672270954287f,0.18244172669619746f,-0.286310801198937f,0.9406067942966034f,1.4749825783270876f,0f,0f,0f,1f], start_interpolation: 0, interpolation_duration: 1 }
$data merge entity $(bone_invisibility) { transformation: [0.8728468186919525f,-0.26243665120332094f,0.4114188075483719f,-0.16424946938931612f,-0.44365652600641153f,-0.07562609190178235f,0.8930003253950053f,3.905567821807601f,-0.20324201837036657f,-0.9619811320025198f,-0.18244172669619724f,1.1545415726620334f,0f,0f,0f,1f], start_interpolation: 0, interpolation_duration: 1 }
$data merge entity $(bone_swiftness) { transformation: [0.33751161330172874f,0.8466525117673369f,0.41141880754837196f,-0.23704505643056825f,0.036671097741019974f,-0.44855952719219216f,0.8930003253950055f,3.926675934485298f,0.9406067942966034f,-0.286310801198937f,-0.18244172669619724f,1.3791787958264867f,0f,0f,0f,1f], start_interpolation: 0, interpolation_duration: 1 }
$data merge entity $(bone_suspicious_stew) { transformation: [0.9099663356597523f,0.051921409470849555f,0.4114188075483721f,-0.14065287838433588f,-0.3910351168603285f,-0.2228047491110628f,0.8930003253950057f,3.9334698804711765f,0.13803189974782348f,-0.9734794353308738f,-0.18244172669619751f,1.3443261653988468f,0f,0f,0f,1f], start_interpolation: 0, interpolation_duration: 1 }
$data merge entity $(bone_log) { transformation: [-0.4114188075483719f,0.8466525117673369f,0.33751161330172885f,-0.05757097074756007f,-0.8930003253950055f,-0.44855952719219216f,0.036671097741020175f,3.795400116772981f,0.18244172669619746f,-0.286310801198937f,0.9406067942966034f,1.3697321706094014f,0f,0f,0f,1f], start_interpolation: 0, interpolation_duration: 1 }
$data merge entity $(bone_planks) { transformation: [-0.4114188075483719f,0.8466525117673369f,0.33751161330172885f,-0.09614148395521993f,-0.8930003253950055f,-0.44855952719219216f,0.036671097741020175f,3.711681336267199f,0.18244172669619746f,-0.286310801198937f,0.9406067942966034f,1.38683608248717f,0f,0f,0f,1f], start_interpolation: 0, interpolation_duration: 1 }
$data merge entity $(bone_lefthand1) { transformation: [-0.4114188075483719f,0.8466525117673369f,0.33751161330172885f,0.2463996211656881f,-0.8930003253950055f,-0.44855952719219216f,0.036671097741020175f,3.9053643445192776f,0.18244172669619746f,-0.286310801198937f,0.9406067942966034f,1.223150076313849f,0f,0f,0f,1f], start_interpolation: 0, interpolation_duration: 1 }
$data merge entity $(bone_leftforearm) { transformation: [-0.4592761828228092f,0.7461926767743206f,0.4819355527662225f,0.7367096703677447f,-0.8082574171104534f,-0.12598192552648452f,-0.5751943168413418f,3.75264758300587f,-0.3684906180320582f,-0.6537010353127906f,0.6609762634568186f,0.7263378788264526f,0f,0f,0f,1f], start_interpolation: 0, interpolation_duration: 1 }
$data merge entity $(bone_leftelbow) { transformation: [-0.4592761828228092f,0.7461926767743206f,0.4819355527662225f,0.8766207972629297f,-0.8082574171104534f,-0.12598192552648452f,-0.5751943168413418f,3.729025971969654f,-0.3684906180320582f,-0.6537010353127906f,0.6609762634568186f,0.6037689347053043f,0f,0f,0f,1f], start_interpolation: 0, interpolation_duration: 1 }
$data merge entity $(bone_leftarm) { transformation: [-0.46767406712043597f,-0.1594129694294117f,0.8694069657650139f,0.6363133279273945f,-0.8451526662763378f,0.3686841125678568f,-0.38702583353834297f,3.722994396754327f,-0.25883959826314684f,-0.9157835608470757f,-0.3071522945595939f,0.183341078080977f,0f,0f,0f,1f], start_interpolation: 0, interpolation_duration: 1 }
$data merge entity $(bone_rightthumb2) { transformation: [-0.775862727893188f,-0.5627361621900651f,0.2852455770555217f,-0.014782232338441309f,0.3366271412667344f,-0.7516332491567765f,-0.5672121530120923f,4.350060616042056f,0.5335908500234304f,-0.34405736516695007f,0.772596488631452f,0.9834380469289983f,0f,0f,0f,1f], start_interpolation: 0, interpolation_duration: 1 }
$data merge entity $(bone_rightthumb) { transformation: [-0.775862727893188f,-0.5627361621900651f,0.2852455770555217f,-0.12841268169311612f,0.3366271412667344f,-0.7516332491567765f,-0.5672121530120923f,4.117255666369694f,0.5335908500234304f,-0.34405736516695007f,0.772596488631452f,0.9650847229792648f,0f,0f,0f,1f], start_interpolation: 0, interpolation_duration: 1 }
$data merge entity $(bone_rightpointerfinger) { transformation: [-0.775862727893188f,-0.5627361621900651f,0.2852455770555217f,-0.015253977913340884f,0.3366271412667344f,-0.7516332491567765f,-0.5672121530120923f,4.374115850152869f,0.5335908500234304f,-0.34405736516695007f,0.772596488631452f,1.1725555055505823f,0f,0f,0f,1f], start_interpolation: 0, interpolation_duration: 1 }
$data merge entity $(bone_rightmidfinger) { transformation: [-0.775862727893188f,-0.5627361621900651f,0.2852455770555217f,0.029315643501584387f,0.3366271412667344f,-0.7516332491567765f,-0.5672121530120923f,4.285488951244729f,0.5335908500234304f,-0.34405736516695007f,0.772596488631452f,1.2932737068992468f,0f,0f,0f,1f], start_interpolation: 0, interpolation_duration: 1 }
$data merge entity $(bone_rightringfinger) { transformation: [-0.775862727893188f,-0.5627361621900651f,0.2852455770555217f,0.07388526491650965f,0.3366271412667344f,-0.7516332491567765f,-0.5672121530120923f,4.19686205233659f,0.5335908500234304f,-0.34405736516695007f,0.772596488631452f,1.413991908247911f,0f,0f,0f,1f], start_interpolation: 0, interpolation_duration: 1 }
$data merge entity $(bone_hugeasssword) { transformation: [-3.0387956842483197f,-2.204049968577755f,1.1172118434674603f,0.11664143551186296f,1.3184563032947096f,-2.9438968925307085f,-2.221580932630695f,4.052259553001596f,2.089897495925103f,-1.3475580135705545f,3.0260029138065208f,1.0695801649273697f,0f,0f,0f,1f], start_interpolation: 0, interpolation_duration: 1 }
$data merge entity $(bone_ice) { transformation: [-0.775862727893188f,-0.5627361621900651f,0.2852455770555217f,0.1375570431694138f,0.3366271412667344f,-0.7516332491567765f,-0.5672121530120923f,4.058744023437378f,0.5335908500234304f,-0.34405736516695007f,0.772596488631452f,1.0666187042264874f,0f,0f,0f,1f], start_interpolation: 0, interpolation_duration: 1 }
$data merge entity $(bone_righthand1) { transformation: [-0.775862727893188f,-0.5627361621900651f,0.2852455770555217f,-0.18817875506841442f,0.3366271412667344f,-0.7516332491567765f,-0.5672121530120923f,3.93726711668324f,0.5335908500234304f,-0.34405736516695007f,0.772596488631452f,1.1381457157103403f,0f,0f,0f,1f], start_interpolation: 0, interpolation_duration: 1 }
$data merge entity $(bone_rightforearm) { transformation: [-0.6999097350447795f,-0.7125033071898562f,0.04965279481624113f,-0.6434646850157106f,0.4631278705068545f,-0.5056666167249766f,-0.7278831281804119f,3.550709080722477f,0.5437268968419098f,-0.4864568942603578f,0.6839011271208979f,0.7541392083498026f,0f,0f,0f,1f], start_interpolation: 0, interpolation_duration: 1 }
$data merge entity $(bone_rightelbow) { transformation: [-0.6999097350447795f,-0.7125033071898562f,0.04965279481624113f,-0.7770590551138087f,0.4631278705068545f,-0.5056666167249766f,-0.7278831281804119f,3.4558965900865437f,0.5437268968419098f,-0.4864568942603578f,0.6839011271208979f,0.6629285406759855f,0f,0f,0f,1f], start_interpolation: 0, interpolation_duration: 1 }
$data merge entity $(bone_rightarm) { transformation: [-0.7496488352074239f,-0.22494532965875597f,-0.6224357175940871f,-0.6644130573225066f,0.47937490558128165f,0.46387995437823326f,-0.7449933475038456f,3.573170654558135f,0.4563182264287607f,-0.8568634585456204f,-0.2399139213095991f,0.23614630932474304f,0f,0f,0f,1f], start_interpolation: 0, interpolation_duration: 1 }
$data merge entity $(bone_chest1) { transformation: [-1.0736719384344664f,-0.11582156462286718f,-0.08616870022112122f,-0.004778346938064518f,-0.13300149506742256f,1.0450628142545468f,0.25251817297633766f,3.538013484274206f,0.05612737335130531f,0.2608451466709477f,-1.0499622081437054f,-0.023262113395403544f,0f,0f,0f,1f], start_interpolation: 0, interpolation_duration: 1 }
$data merge entity $(bone_chest1lid) { transformation: [-0.9910817893241228f,-0.10691221349803125f,-0.07954033866565036f,-0.23896554402738146f,-0.122770610831467f,0.9646733670041971f,0.23309369813200403f,2.7455768082485585f,0.0518098830935126f,0.24078013538856713f,-0.9691958844403435f,0.2091312677913657f,0f,0f,0f,1f], start_interpolation: 0, interpolation_duration: 1 }
$data merge entity $(bone_chest2) { transformation: [-0.9910817893241228f,-0.10691221349803125f,-0.07954033866565036f,-0.2222605106683141f,-0.122770610831467f,0.9646733670041971f,0.23309369813200403f,2.5948465946541526f,0.0518098830935126f,0.24078013538856713f,-0.9691958844403435f,0.1715093716369021f,0f,0f,0f,1f], start_interpolation: 0, interpolation_duration: 1 }
$data merge entity $(bone_chest1lid3) { transformation: [-0.9910817893241228f,-0.10691221349803125f,-0.07954033866565036f,-0.22797846165230606f,-0.122770610831467f,0.9646733670041971f,0.23309369813200403f,2.9025756217913403f,0.0518098830935126f,0.24078013538856713f,-0.9691958844403435f,-0.4149979633715739f,0f,0f,0f,1f], start_interpolation: 0, interpolation_duration: 1 }
$data merge entity $(bone_chest3) { transformation: [-0.9910817893241228f,-0.10691221349803125f,-0.07954033866565036f,-0.2112734282932387f,-0.122770610831467f,0.9646733670041971f,0.23309369813200403f,2.7518454081969344f,0.0518098830935126f,0.24078013538856713f,-0.9691958844403435f,-0.4526198595260375f,0f,0f,0f,1f], start_interpolation: 0, interpolation_duration: 1 }
$data merge entity $(bone_hugeasssword2) { transformation: [0.31153299310712973f,2.5790204159137913f,-2.9311906567610615f,-1.3709655035305068f,-0.9129503176836824f,2.9071061547114887f,2.4607993214517956f,4.5678184927898995f,3.7960172140580126f,0.48750925869793527f,0.8323856143860322f,0.06317802038022058f,0f,0f,0f,1f], start_interpolation: 0, interpolation_duration: 1 }
$data merge entity $(bone_belt) { transformation: [-0.9910817893241228f,-0.10691221349803125f,-0.07954033866565036f,0.07996313510660157f,-0.122770610831467f,0.9646733670041971f,0.23309369813200403f,3.1271747833773675f,0.0518098830935126f,0.24078013538856713f,-0.9691958844403435f,0.006038693745089252f,0f,0f,0f,1f], start_interpolation: 0, interpolation_duration: 1 }
$data merge entity $(bone_torn_part) { transformation: [-0.9934611590842912f,-0.09133388762703276f,-0.06850581261345082f,-0.011511190402326066f,-0.1107498335973702f,0.9167132756858692f,0.38388962546471384f,2.832506686614216f,0.02773805597102097f,0.38896643962200134f,-0.9208342462673359f,-0.04560200893998595f,0f,0f,0f,1f], start_interpolation: 0, interpolation_duration: 1 }
$data merge entity $(bone_lowerbody) { transformation: [-0.9934611590842912f,-0.10770677196025254f,-0.03787052501350941f,0.1434232407407411f,-0.1107498335973702f,0.9897228267443087f,0.09046104454078537f,2.347337916666667f,0.02773805597102097f,0.09406368850495553f,-0.9951796937014898f,0.04570680555555573f,0f,0f,0f,1f], start_interpolation: 0, interpolation_duration: 1 }
$data merge entity $(bone_leftfoot) { transformation: [-0.8679329839007405f,-0.04379147609569499f,-0.49474704857989515f,0.9425466780784653f,-0.16331468665907783f,0.9658796259700162f,0.20100960488859476f,0.7955364002099432f,0.46906358692463457f,0.25526232537799615f,-0.8454705770539939f,0.18529918831453157f,0f,0f,0f,1f], start_interpolation: 0, interpolation_duration: 1 }
$data merge entity $(bone_leftlowerleg) { transformation: [-0.8679329839007405f,-0.04379147609569499f,-0.49474704857989515f,0.969981228780767f,-0.16331468665907783f,0.9658796259700162f,0.20100960488859476f,1.8361748638963187f,0.46906358692463457f,0.25526232537799615f,-0.8454705770539939f,0.5983836857613176f,0f,0f,0f,1f], start_interpolation: 0, interpolation_duration: 1 }
$data merge entity $(bone_leftleg) { transformation: [-0.8402190022594848f,-0.5377112091202875f,-0.06999059814342436f,0.38243013268385584f,-0.25103875489433597f,0.5001432822910172f,-0.82875583902635f,2.3491436110375807f,0.48063663175332083f,-0.6787660515712067f,-0.5552162420636272f,-0.09173400534011392f,0f,0f,0f,1f], start_interpolation: 0, interpolation_duration: 1 }
$data merge entity $(bone_rightfoot) { transformation: [-0.9212301800664725f,-0.07856295622187426f,0.38100238482767335f,0.054572854989495406f,-0.05157761265735032f,0.995415596598289f,0.08054526628822206f,0.21382412302675524f,-0.38558359042789014f,0.05454953674003232f,-0.921058979020445f,-0.07153630630483915f,0f,0f,0f,1f], start_interpolation: 0, interpolation_duration: 1 }
$data merge entity $(bone_rightlowerleg) { transformation: [-0.9212301800664725f,-0.07856295622187426f,0.38100238482767335f,-0.09112227411248475f,-0.05157761265735032f,0.995415596598289f,0.08054526628822206f,1.3057378727233369f,-0.38558359042789014f,0.05454953674003232f,-0.921058979020445f,0.1304962685095924f,0f,0f,0f,1f], start_interpolation: 0, interpolation_duration: 1 }
$data merge entity $(bone_rightleg) { transformation: [-0.9644244497723428f,-0.02472274701137021f,0.263200050268851f,-0.09687780162422802f,-0.09079827805587842f,0.9660271997046311f,-0.24196512586097219f,2.3311182695419084f,-0.2482763649311011f,-0.257255194721196f,-0.9339050333976994f,-0.11363295754632374f,0f,0f,0f,1f], start_interpolation: 0, interpolation_duration: 1 }
data modify entity @s data merge value {"locators":{"lefthand":{"posx":-0.09041880397956298,"posy":3.9135896244384494,"posz":1.3602993089144155,"roty":160.2608319224062,"rotx":2.10157033151287},"righthand":{"posx":0.06915570282215466,"posy":4.110909777340023,"posz":1.109946922612051,"roty":159.73566122818087,"rotx":-34.55604860769013},"chest":{"posx":-0.25082665868362547,"posy":2.645027250889187,"posz":0.3471384251200562,"roty":355.3083423081721,"rotx":13.479279400627734},"sack":{"posx":0,"posy":-0.4375,"posz":0,"roty":0,"rotx":0}},"cameras":{}}