# This file was generated by Animated Java via MC-Build. It is not recommended to edit this file directly.
$data merge entity $(bone_nose) { transformation: [-0.9984988021391411f,0.05424250713256918f,-0.00760871517890533f,0.03290214740764546f,0.05040792205083492f,0.9643514091987969f,0.2597795237712385f,4.170299576834141f,0.02142856787602647f,0.2590060037842129f,-0.9656379789975718f,0.46356740016239006f,0f,0f,0f,1f], start_interpolation: 0, interpolation_duration: 1 }
$data merge entity $(bone_glowing_eye) { transformation: [-0.9984988021391411f,0.05424250713256918f,-0.00760871517890533f,-0.0879720335348869f,0.05040792205083492f,0.9643514091987969f,0.2597795237712385f,4.232829824004255f,0.02142856787602647f,0.2590060037842129f,-0.9656379789975718f,0.5174793228277226f,0f,0f,0f,1f], start_interpolation: 0, interpolation_duration: 1 }
$data merge entity $(bone_head) { transformation: [-0.9984988021391411f,0.05424250713256918f,-0.00760871517890533f,0.024779682173924705f,0.05040792205083492f,0.9643514091987969f,0.2597795237712385f,4.099869493148211f,0.02142856787602647f,0.2590060037842129f,-0.9656379789975718f,0.25076560845168705f,0f,0f,0f,1f], start_interpolation: 0, interpolation_duration: 1 }
$data merge entity $(bone_leftthumb2) { transformation: [-0.4126638444891958f,0.7668231168838744f,0.4916206452783457f,-0.49372888495627065f,-0.8837914750052347f,-0.4677190779177433f,-0.012308243572797084f,3.7972541275606666f,0.22050210919505567f,-0.4395693023452343f,0.8707224863733887f,1.1141272894310117f,0f,0f,0f,1f], start_interpolation: 0, interpolation_duration: 1 }
$data merge entity $(bone_leftthumb) { transformation: [-0.4126638444891958f,0.7668231168838744f,0.4916206452783457f,-0.2636585954200028f,-0.8837914750052347f,-0.4677190779177433f,-0.012308243572797084f,3.6814976998693023f,0.22050210919505567f,-0.4395693023452343f,0.8707224863733887f,1.0807359816798645f,0f,0f,0f,1f], start_interpolation: 0, interpolation_duration: 1 }
$data merge entity $(bone_leftpointerfinger) { transformation: [-0.4126638444891958f,0.7668231168838744f,0.4916206452783457f,-0.44709260490909586f,-0.8837914750052347f,-0.4677190779177433f,-0.012308243572797084f,3.9310557659722845f,0.22050210919505567f,-0.4395693023452343f,0.8707224863733887f,1.241667357367438f,0f,0f,0f,1f], start_interpolation: 0, interpolation_duration: 1 }
$data merge entity $(bone_leftmidfinger) { transformation: [-0.4126638444891958f,0.7668231168838744f,0.4916206452783457f,-0.37027687908435436f,-0.8837914750052347f,-0.4677190779177433f,-0.012308243572797084f,3.9291326029140348f,0.22050210919505567f,-0.4395693023452343f,0.8707224863733887f,1.3777177458632799f,0f,0f,0f,1f], start_interpolation: 0, interpolation_duration: 1 }
$data merge entity $(bone_leftringfinger) { transformation: [-0.4126638444891958f,0.7668231168838744f,0.4916206452783457f,-0.2934611532596128f,-0.8837914750052347f,-0.4677190779177433f,-0.012308243572797084f,3.927209439855785f,0.22050210919505567f,-0.4395693023452343f,0.8707224863733887f,1.5137681343591218f,0f,0f,0f,1f], start_interpolation: 0, interpolation_duration: 1 }
$data merge entity $(bone_invisibility) { transformation: [0.8067526859032195f,-0.42291684199064217f,0.41266384448919585f,-0.4559589425065946f,-0.46701199972852225f,-0.028502996643128452f,0.8837914750052345f,3.7145727228731995f,-0.36200814341324944f,-0.9057201134694006f,-0.22050210919505545f,1.2077235326983327f,0f,0f,0f,1f], start_interpolation: 0, interpolation_duration: 1 }
$data merge entity $(bone_swiftness) { transformation: [0.4916206452783456f,0.7668231168838744f,0.4126638444891959f,-0.4891136842785901f,-0.01230824357279728f,-0.4677190779177433f,0.8837914750052347f,3.7295713612461703f,0.8707224863733887f,-0.4395693023452343f,-0.22050210919505547f,1.4419935390788345f,0f,0f,0f,1f], start_interpolation: 0, interpolation_duration: 1 }
$data merge entity $(bone_suspicious_stew) { transformation: [0.9027456246549461f,-0.12148616636369919f,0.412663844489196f,-0.39972490512083636f,-0.42909913096626906f,-0.1865115666977895f,0.8837914750052349f,3.734189258980694f,-0.030401858008091975f,-0.9749125842198305f,-0.22050210919505578f,1.3915888099407758f,0f,0f,0f,1f], start_interpolation: 0, interpolation_duration: 1 }
$data merge entity $(bone_log) { transformation: [-0.4126638444891958f,0.7668231168838744f,0.4916206452783457f,-0.31951453318379175f,-0.8837914750052347f,-0.4677190779177433f,-0.012308243572797084f,3.5922919745417605f,0.22050210919505567f,-0.4395693023452343f,0.8707224863733887f,1.3981298364334105f,0f,0f,0f,1f], start_interpolation: 0, interpolation_duration: 1 }
$data merge entity $(bone_planks) { transformation: [-0.4126638444891958f,0.7668231168838744f,0.4916206452783457f,-0.3582017686046538f,-0.8837914750052347f,-0.4677190779177433f,-0.012308243572797084f,3.50943652376002f,0.22050210919505567f,-0.4395693023452343f,0.8707224863733887f,1.4188019091704471f,0f,0f,0f,1f], start_interpolation: 0, interpolation_duration: 1 }
$data merge entity $(bone_lefthand1) { transformation: [-0.4126638444891958f,0.7668231168838744f,0.4916206452783457f,-0.040005938005472474f,-0.8837914750052347f,-0.4677190779177433f,-0.012308243572797084f,3.6966947064252835f,0.22050210919505567f,-0.4395693023452343f,0.8707224863733887f,1.2059019058491696f,0f,0f,0f,1f], start_interpolation: 0, interpolation_duration: 1 }
$data merge entity $(bone_leftforearm) { transformation: [-0.5451820505357216f,0.8244336469417562f,0.15193976952721022f,0.4908301805812967f,-0.5774656490995483f,-0.237936645120693f,-0.7809734803556049f,3.4780457425692575f,-0.6077087755526518f,-0.5135127210683539f,0.6058008991552191f,0.7912248184818781f,0f,0f,0f,1f], start_interpolation: 0, interpolation_duration: 1 }
$data merge entity $(bone_leftelbow) { transformation: [-0.5451820505357216f,0.8244336469417562f,0.15193976952721022f,0.645411489382876f,-0.5774656490995483f,-0.237936645120693f,-0.7809734803556049f,3.4334326216091275f,-0.6077087755526518f,-0.5135127210683539f,0.6058008991552191f,0.6949411832815617f,0f,0f,0f,1f], start_interpolation: 0, interpolation_duration: 1 }
$data merge entity $(bone_leftarm) { transformation: [-0.5981328000684569f,0.3169826631163993f,0.7360428960093989f,0.600853923559616f,-0.6181038330605486f,0.40211312046784387f,-0.675464795458261f,3.5090628345273704f,-0.5100831354182617f,-0.8589685847755136f,-0.044588847603709125f,0.2130454971638049f,0f,0f,0f,1f], start_interpolation: 0, interpolation_duration: 1 }
$data merge entity $(bone_rightthumb2) { transformation: [-0.6952991100810968f,-0.6705293416726639f,0.25874611007019765f,0.006810152808949033f,0.2549090307757418f,-0.5666727893418879f,-0.7835198375589837f,4.2881416435967665f,0.67199742079074f,-0.47882392565065934f,0.5649310707290627f,1.1305949095590258f,0f,0f,0f,1f], start_interpolation: 0, interpolation_duration: 1 }
$data merge entity $(bone_rightthumb) { transformation: [-0.6952991100810968f,-0.6705293416726639f,0.25874611007019765f,-0.13552034356488535f,0.2549090307757418f,-0.5666727893418879f,-0.7835198375589837f,4.082211745538392f,0.67199742079074f,-0.47882392565065934f,0.5649310707290627f,1.0614445299494728f,0f,0f,0f,1f], start_interpolation: 0, interpolation_duration: 1 }
$data merge entity $(bone_rightpointerfinger) { transformation: [-0.6952991100810968f,-0.6705293416726639f,0.25874611007019765f,0.020577480415878036f,0.2549090307757418f,-0.5666727893418879f,-0.7835198375589837f,4.259304437396718f,0.67199742079074f,-0.47882392565065934f,0.5649310707290627f,1.3185394923930074f,0f,0f,0f,1f], start_interpolation: 0, interpolation_duration: 1 }
$data merge entity $(bone_rightmidfinger) { transformation: [-0.6952991100810968f,-0.6705293416726639f,0.25874611007019765f,0.06100656011434642f,0.2549090307757418f,-0.5666727893418879f,-0.7835198375589837f,4.136879462778127f,0.67199742079074f,-0.47882392565065934f,0.5649310707290627f,1.4068099721944234f,0f,0f,0f,1f], start_interpolation: 0, interpolation_duration: 1 }
$data merge entity $(bone_rightringfinger) { transformation: [-0.6952991100810968f,-0.6705293416726639f,0.25874611007019765f,0.10143563981281481f,0.2549090307757418f,-0.5666727893418879f,-0.7835198375589837f,4.0144544881595365f,0.67199742079074f,-0.47882392565065934f,0.5649310707290627f,1.4950804519958394f,0f,0f,0f,1f], start_interpolation: 0, interpolation_duration: 1 }
$data merge entity $(bone_hugeasssword) { transformation: [-2.7232548478176293f,-2.626239921551267f,1.0134222644416075f,0.10545120573253108f,0.9983937038716554f,-2.2194684249223946f,-3.068786030439353f,3.9663063386051087f,2.631989898097065f,-1.8753937087984158f,2.212646693688829f,1.1222224994189514f,0f,0f,0f,1f], start_interpolation: 0, interpolation_duration: 1 }
$data merge entity $(bone_ice) { transformation: [-0.6952991100810968f,-0.6705293416726639f,0.25874611007019765f,0.1267922752911836f,0.2549090307757418f,-0.5666727893418879f,-0.7835198375589837f,3.9711776473327047f,0.67199742079074f,-0.47882392565065934f,0.5649310707290627f,1.1192041635573877f,0f,0f,0f,1f], start_interpolation: 0, interpolation_duration: 1 }
$data merge entity $(bone_righthand1) { transformation: [-0.6952991100810968f,-0.6705293416726639f,0.25874611007019765f,-0.20657902170756293f,0.2549090307757418f,-0.5666727893418879f,-0.7835198375589837f,3.86875171276745f,0.67199742079074f,-0.47882392565065934f,0.5649310707290627f,1.185151633302691f,0f,0f,0f,1f], start_interpolation: 0, interpolation_duration: 1 }
$data merge entity $(bone_rightforearm) { transformation: [-0.5455638341432707f,-0.8145214488866028f,-0.1972686294841708f,-0.7473971517934721f,0.632128110687623f,-0.24539270479325379f,-0.7349805930177661f,3.6559331710813225f,0.5502491749683864f,-0.5256778764014329f,0.6487592894970291f,0.777934970525928f,0f,0f,0f,1f], start_interpolation: 0, interpolation_duration: 1 }
$data merge entity $(bone_rightelbow) { transformation: [-0.5455638341432707f,-0.8145214488866028f,-0.1972686294841708f,-0.9001199234597101f,0.632128110687623f,-0.24539270479325379f,-0.7349805930177661f,3.6099220389325875f,0.5502491749683864f,-0.5256778764014329f,0.6487592894970291f,0.6793703687006593f,0f,0f,0f,1f], start_interpolation: 0, interpolation_duration: 1 }
$data merge entity $(bone_rightarm) { transformation: [-0.577823843838454f,0.05472253498917677f,-0.814324904234245f,-0.6954030947854579f,0.6694887846655695f,0.6024412851446662f,-0.4345679062704256f,3.7243132995675614f,0.4668022843761291f,-0.7962850884686974f,-0.3847410625129922f,0.29041733401823056f,0f,0f,0f,1f], start_interpolation: 0, interpolation_duration: 1 }
$data merge entity $(bone_chest1) { transformation: [-1.0685369445290775f,0.1765971592473896f,-0.025560763551313242f,-0.06683535871711323f,0.16597858194853468f,1.0406489454567183f,0.2512210058201436f,3.489275047783339f,0.06550587471309412f,0.24387358769797765f,-1.0534921759142306f,0.01633393159798044f,0f,0f,0f,1f], start_interpolation: 0, interpolation_duration: 1 }
$data merge entity $(bone_chest1lid) { transformation: [-0.9863417949499178f,0.1630127623822058f,-0.023594550970442996f,-0.5057769210767372f,0.15321099872172433f,0.9605990265754323f,0.23189631306474798f,2.7943190756606375f,0.060466961273625344f,0.22511408095197938f,-0.9724543162285206f,0.2636651145386477f,0f,0f,0f,1f], start_interpolation: 0, interpolation_duration: 1 }
$data merge entity $(bone_chest2) { transformation: [-0.9863417949499178f,0.1630127623822058f,-0.023594550970442996f,-0.5312476651989568f,0.15321099872172433f,0.9605990265754323f,0.23189631306474798f,2.6442254777582264f,0.060466961273625344f,0.22511408095197938f,-0.9724543162285206f,0.22849103938990095f,0f,0f,0f,1f], start_interpolation: 0, interpolation_duration: 1 }
$data merge entity $(bone_chest1lid3) { transformation: [-0.9863417949499178f,0.1630127623822058f,-0.023594550970442996f,-0.4592458181078073f,0.15321099872172433f,0.9605990265754323f,0.23189631306474798f,2.933301963797634f,0.060466961273625344f,0.22511408095197938f,-0.9724543162285206f,-0.3630926168748499f,0f,0f,0f,1f], start_interpolation: 0, interpolation_duration: 1 }
$data merge entity $(bone_chest3) { transformation: [-0.9863417949499178f,0.1630127623822058f,-0.023594550970442996f,-0.48471656223002696f,0.15321099872172433f,0.9605990265754323f,0.23189631306474798f,2.7832083658952227f,0.060466961273625344f,0.22511408095197938f,-0.9724543162285206f,-0.39826669202359666f,0f,0f,0f,1f], start_interpolation: 0, interpolation_duration: 1 }
$data merge entity $(bone_hugeasssword2) { transformation: [0.09241199130090091f,3.2795710045090423f,-2.1391942006337645f,-1.099166725636169f,-0.908260559503596f,2.0993815032100405f,3.179298324757766f,4.8540590320943675f,3.8087794052283725f,0.4210571316827198f,0.8100543882635926f,0.09439944365321556f,0f,0f,0f,1f], start_interpolation: 0, interpolation_duration: 1 }
$data merge entity $(bone_belt) { transformation: [-0.9863417949499178f,0.1630127623822058f,-0.023594550970442996f,-0.0970883518834067f,0.15321099872172433f,0.9605990265754323f,0.23189631306474798f,3.071376673631281f,0.060466961273625344f,0.22511408095197938f,-0.9724543162285206f,0.0520242596765898f,0f,0f,0f,1f], start_interpolation: 0, interpolation_duration: 1 }
$data merge entity $(bone_torn_part) { transformation: [-0.9844431252034238f,0.16241776609007347f,-0.0670238949780316f,-0.26398568746659734f,0.11900349148778f,0.896987446164935f,0.4257366444601941f,2.8089490185182773f,0.12926678712427997f,0.4111374352705163f,-0.9023614060152108f,0.00979180757343627f,0f,0f,0f,1f], start_interpolation: 0, interpolation_duration: 1 }
$data merge entity $(bone_lowerbody) { transformation: [-0.9844431252034238f,0.13474610269750423f,-0.11276178895153126f,-0.2177855324074071f,0.11900349148778f,0.9834936100665302f,0.13630292723203546f,2.2979384953703708f,0.12926678712427997f,0.12076343306703946f,-0.9842287797968665f,0.07660874999999981f,0f,0f,0f,1f], start_interpolation: 0, interpolation_duration: 1 }
$data merge entity $(bone_leftfoot) { transformation: [-0.866521503047465f,0.04144367370587626f,-0.4974162308028589f,0.21867231205334456f,-0.09951724879968343f,0.9621944041719448f,0.2535315478821877f,0.3160240213295753f,0.4891183925673866f,0.2691920327386325f,-0.8296377809395732f,-0.1856487677135943f,0f,0f,0f,1f], start_interpolation: 0, interpolation_duration: 1 }
$data merge entity $(bone_leftlowerleg) { transformation: [-0.866521503047465f,0.04144367370587626f,-0.4974162308028589f,0.34107471523765054f,-0.09951724879968343f,0.9621944041719448f,0.2535315478821877f,1.3445044253262504f,0.4891183925673866f,0.2691920327386325f,-0.8296377809395732f,0.2404563589819f,0f,0f,0f,1f], start_interpolation: 0, interpolation_duration: 1 }
$data merge entity $(bone_leftleg) { transformation: [-0.8899155793652249f,-0.31173284267040147f,-0.332975819548037f,-0.006642125135801674f,-0.1388651890400114f,0.8805198775489841f,-0.45321209661041f,2.266294271453832f,0.43447292306418606f,-0.3570817554030905f,-0.8268771970990066f,-0.10761554123103635f,0f,0f,0f,1f], start_interpolation: 0, interpolation_duration: 1 }
$data merge entity $(bone_rightfoot) { transformation: [-0.8576116968909254f,0.2527165578542542f,0.4479246797645388f,-1.0417655751879806f,0.32064659796719325f,0.9436862701236985f,0.081498360671164f,0.5104685415251511f,-0.4021043851637686f,0.21351947210106953f,-0.8903490879793994f,0.18965104190405035f,0f,0f,0f,1f], start_interpolation: 0, interpolation_duration: 1 }
$data merge entity $(bone_rightlowerleg) { transformation: [-0.8576116968909254f,0.2527165578542542f,0.4479246797645388f,-0.8302298111937648f,0.32064659796719325f,0.9436862701236985f,0.081498360671164f,1.5448486308818328f,-0.4021043851637686f,0.21351947210106953f,-0.8903490879793994f,0.5633224483569492f,0f,0f,0f,1f], start_interpolation: 0, interpolation_duration: 1 }
$data merge entity $(bone_rightleg) { transformation: [-0.947169447185976f,0.3178225591400096f,0.04311448966539701f,-0.4752948895674723f,0.21880274361951682f,0.7385766535738426f,-0.6376753768025202f,2.3167270151782167f,-0.2345109756535598f,-0.5945530655016079f,-0.769097688594015f,-0.04371029314940297f,0f,0f,0f,1f], start_interpolation: 0, interpolation_duration: 1 }
data modify entity @s data merge value {"locators":{"lefthand":{"posx":-0.3484169263519564,"posy":3.71188029459165,"posz":1.3981940765925112,"roty":150.5503918946348,"rotx":-0.7052282168778782},"righthand":{"posx":0.06804209671486927,"posy":4.016172128763257,"posz":1.1808584976146694,"roty":155.39157643781323,"rotx":-51.58398782564661},"chest":{"posx":-0.5431017512286782,"posy":2.7028356812933603,"posz":0.40343106392965616,"roty":358.6101115650121,"rotx":13.408741372798298},"sack":{"posx":0,"posy":-0.4375,"posz":0,"roty":0,"rotx":0}},"cameras":{}}