# This file was generated by Animated Java via MC-Build. It is not recommended to edit this file directly.
$data merge entity $(bone_nose) { transformation: [-0.9977310738323938f,0.06729171710716374f,-0.0021281724619713234f,-0.0633659730685388f,0.06485887255078897f,0.9691762210924845f,0.23767788942249574f,4.029459477708112f,0.018056327442172775f,0.23700058497324653f,-0.9713416967070034f,0.45617039463083764f,0f,0f,0f,1f], start_interpolation: 0, interpolation_duration: 1 }
$data merge entity $(bone_glowing_eye) { transformation: [-0.9977310738323938f,0.06729171710716374f,-0.0021281724619713234f,-0.18345189739606327f,0.06485887255078897f,0.9691762210924845f,0.23767788942249574f,4.09489402300164f,0.018056327442172775f,0.23700058497324653f,-0.9713416967070034f,0.5083698763887023f,0f,0f,0f,1f], start_interpolation: 0, interpolation_duration: 1 }
$data merge entity $(bone_head) { transformation: [-0.9977310738323938f,0.06729171710716374f,-0.0021281724619713234f,-0.07207345494468184f,0.06485887255078897f,0.9691762210924845f,0.23767788942249574f,3.9542949997871126f,0.018056327442172775f,0.23700058497324653f,-0.9713416967070034f,0.24501771360829933f,0f,0f,0f,1f], start_interpolation: 0, interpolation_duration: 1 }
$data merge entity $(bone_leftthumb2) { transformation: [0.077824200682798f,0.5775780402408165f,0.8126173768875864f,-0.6238704409500277f,-0.8928835551808438f,0.4029804675756877f,-0.20091216896967068f,3.204787983718733f,-0.44351138731232254f,-0.7099368635196077f,0.5470715667444626f,1.2803818939320766f,0f,0f,0f,1f], start_interpolation: 0, interpolation_duration: 1 }
$data merge entity $(bone_leftthumb) { transformation: [0.077824200682798f,0.5775780402408165f,0.8126173768875864f,-0.41277950893089843f,-0.8928835551808438f,0.4029804675756877f,-0.20091216896967068f,3.286446469358438f,-0.44351138731232254f,-0.7099368635196077f,0.5470715667444626f,1.1530265710954342f,0f,0f,0f,1f], start_interpolation: 0, interpolation_duration: 1 }
$data merge entity $(bone_leftpointerfinger) { transformation: [0.077824200682798f,0.5775780402408165f,0.8126173768875864f,-0.5727178857929918f,-0.8928835551808438f,0.4029804675756877f,-0.20091216896967068f,3.242459884362617f,-0.44351138731232254f,-0.7099368635196077f,0.5470715667444626f,1.4601276421162372f,0f,0f,0f,1f], start_interpolation: 0, interpolation_duration: 1 }
$data merge entity $(bone_leftmidfinger) { transformation: [0.077824200682798f,0.5775780402408165f,0.8126173768875864f,-0.4457464206543065f,-0.8928835551808438f,0.4029804675756877f,-0.20091216896967068f,3.2110673579611064f,-0.44351138731232254f,-0.7099368635196077f,0.5470715667444626f,1.5456075744200595f,0f,0f,0f,1f], start_interpolation: 0, interpolation_duration: 1 }
$data merge entity $(bone_leftringfinger) { transformation: [0.077824200682798f,0.5775780402408165f,0.8126173768875864f,-0.3187749555156211f,-0.8928835551808438f,0.4029804675756877f,-0.20091216896967068f,3.1796748315595953f,-0.44351138731232254f,-0.7099368635196077f,0.5470715667444626f,1.631087506723882f,0f,0f,0f,1f], start_interpolation: 0, interpolation_duration: 1 }
$data merge entity $(bone_invisibility) { transformation: [0.6462044524744133f,-0.75918587934071f,-0.07782420068279777f,-0.520347543041365f,0.3839363559198377f,0.23526969947405652f,0.8928835551808436f,3.125398711687602f,-0.6595549106823777f,-0.6068648689115722f,0.4435113873123225f,1.2822239260869555f,0f,0f,0f,1f], start_interpolation: 0, interpolation_duration: 1 }
$data merge entity $(bone_swiftness) { transformation: [0.8126173768875864f,0.5775780402408165f,-0.07782420068279781f,-0.4421422705807908f,-0.20091216896967087f,0.4029804675756877f,0.8928835551808438f,2.986653158585722f,0.5470715667444624f,-0.7099368635196077f,0.44351138731232265f,1.4578378173323578f,0f,0f,0f,1f], start_interpolation: 0, interpolation_duration: 1 }
$data merge entity $(bone_suspicious_stew) { transformation: [0.8668904187721383f,-0.4923864291683422f,-0.07782420068279794f,-0.39505575551123073f,0.28031518417500007f,0.35239516796992726f,0.8928835551808441f,3.0688379705881785f,-0.4122188731268901f,-0.7958475042131475f,0.4435113873123226f,1.4180781353290237f,0f,0f,0f,1f], start_interpolation: 0, interpolation_duration: 1 }
$data merge entity $(bone_log) { transformation: [0.077824200682798f,0.5775780402408165f,0.8126173768875864f,-0.27747104212551077f,-0.8928835551808438f,0.4029804675756877f,-0.20091216896967068f,3.026084937816482f,-0.44351138731232254f,-0.7099368635196077f,0.5470715667444626f,1.3134008145196892f,0f,0f,0f,1f], start_interpolation: 0, interpolation_duration: 1 }
$data merge entity $(bone_planks) { transformation: [0.077824200682798f,0.5775780402408165f,0.8126173768875864f,-0.27017502331149845f,-0.8928835551808438f,0.4029804675756877f,-0.20091216896967068f,2.942377104518278f,-0.44351138731232254f,-0.7099368635196077f,0.5470715667444626f,1.271821621959159f,0f,0f,0f,1f], start_interpolation: 0, interpolation_duration: 1 }
$data merge entity $(bone_lefthand1) { transformation: [0.077824200682798f,0.5775780402408165f,0.8126173768875864f,-0.17792687526374323f,-0.8928835551808438f,0.4029804675756877f,-0.20091216896967068f,3.356329448785917f,-0.44351138731232254f,-0.7099368635196077f,0.5470715667444626f,1.2296984590071034f,0f,0f,0f,1f], start_interpolation: 0, interpolation_duration: 1 }
$data merge entity $(bone_leftforearm) { transformation: [-0.4754228738578057f,0.8366619814523462f,0.2719739322159738f,0.36036807184306335f,-0.6103522403652485f,-0.09103324786604805f,-0.7868818783426652f,3.2461988395291828f,-0.6335954811185978f,-0.540101542837264f,0.5539378031249537f,0.8025372817111502f,0f,0f,0f,1f], start_interpolation: 0, interpolation_duration: 1 }
$data merge entity $(bone_leftelbow) { transformation: [-0.4754228738578057f,0.8366619814523462f,0.2719739322159738f,0.5172421933653782f,-0.6103522403652485f,-0.09103324786604805f,-0.7868818783426652f,3.2291301055542987f,-0.6335954811185978f,-0.540101542837264f,0.5539378031249537f,0.7012682424291632f,0f,0f,0f,1f], start_interpolation: 0, interpolation_duration: 1 }
$data merge entity $(bone_leftarm) { transformation: [-0.5219699329928481f,0.2747688767064985f,0.8074957915957772f,0.47034209252893816f,-0.6619071916166032f,0.4666197340952163f,-0.5866386395722083f,3.3170072958679184f,-0.5379835115853119f,-0.8406950030459077f,-0.06168997581437352f,0.21945310093372217f,0f,0f,0f,1f], start_interpolation: 0, interpolation_duration: 1 }
$data merge entity $(bone_rightthumb2) { transformation: [-0.6489922224250018f,-0.5884015479255535f,-0.4822786680236539f,0.15481788145865194f,0.38133339586561954f,0.29695084967972574f,-0.8754456202826556f,3.6515218276762447f,0.6583266183509915f,-0.7520663609504825f,0.03165836851840065f,1.486323165330205f,0f,0f,0f,1f], start_interpolation: 0, interpolation_duration: 1 }
$data merge entity $(bone_rightthumb) { transformation: [-0.6489922224250018f,-0.5884015479255535f,-0.4822786680236539f,-0.030697514431112016f,0.38133339586561954f,0.29695084967972574f,-0.8754456202826556f,3.6495334023335197f,0.6583266183509915f,-0.7520663609504825f,0.03165836851840065f,1.3045899758324675f,0f,0f,0f,1f], start_interpolation: 0, interpolation_duration: 1 }
$data merge entity $(bone_rightpointerfinger) { transformation: [-0.6489922224250018f,-0.5884015479255535f,-0.4822786680236539f,0.06878140659061685f,0.38133339586561954f,0.29695084967972574f,-0.8754456202826556f,3.5527682315044125f,0.6583266183509915f,-0.7520663609504825f,0.03165836851840065f,1.6248502104257843f,0f,0f,0f,1f], start_interpolation: 0, interpolation_duration: 1 }
$data merge entity $(bone_rightmidfinger) { transformation: [-0.6489922224250018f,-0.5884015479255535f,-0.4822786680236539f,-0.006574635288079063f,0.38133339586561954f,0.29695084967972574f,-0.8754456202826556f,3.4159798533352475f,0.6583266183509915f,-0.7520663609504825f,0.03165836851840065f,1.6297968305067845f,0f,0f,0f,1f], start_interpolation: 0, interpolation_duration: 1 }
$data merge entity $(bone_rightringfinger) { transformation: [-0.6489922224250018f,-0.5884015479255535f,-0.4822786680236539f,-0.08193067716677499f,0.38133339586561954f,0.29695084967972574f,-0.8754456202826556f,3.2791914751660824f,0.6583266183509915f,-0.7520663609504825f,0.03165836851840065f,1.6347434505877845f,0f,0f,0f,1f], start_interpolation: 0, interpolation_duration: 1 }
$data merge entity $(bone_hugeasssword) { transformation: [-2.541886204497924f,-2.304572729375085f,-1.8889247830926446f,0.053830463559053576f,1.4935558004736766f,1.1630574945789258f,-3.4288286794404015f,3.388685149216553f,2.578445921874717f,-2.9455932470560566f,0.12399527669706921f,1.3016706809311356f,0f,0f,0f,1f], start_interpolation: 0, interpolation_duration: 1 }
$data merge entity $(bone_ice) { transformation: [-0.6489922224250018f,-0.5884015479255535f,-0.4822786680236539f,0.07316474122078098f,0.38133339586561954f,0.29695084967972574f,-0.8754456202826556f,3.378086957879907f,0.6583266183509915f,-0.7520663609504825f,0.03165836851840065f,1.3031353644092525f,0f,0f,0f,1f], start_interpolation: 0, interpolation_duration: 1 }
$data merge entity $(bone_righthand1) { transformation: [-0.6489922224250018f,-0.5884015479255535f,-0.4822786680236539f,-0.251254909742597f,0.38133339586561954f,0.29695084967972574f,-0.8754456202826556f,3.5203003436324103f,0.6583266183509915f,-0.7520663609504825f,0.03165836851840065f,1.2806897527755798f,0f,0f,0f,1f], start_interpolation: 0, interpolation_duration: 1 }
$data merge entity $(bone_rightforearm) { transformation: [-0.4174014578485763f,-0.8227252182988811f,-0.38587464047400394f,-0.7894572461761518f,0.663158473366888f,0.01453859336846347f,-0.7483378037387693f,3.5108317538886444f,0.6212864574313379f,-0.5682533277315014f,0.5395287697004614f,0.8397321058664008f,0f,0f,0f,1f], start_interpolation: 0, interpolation_duration: 1 }
$data merge entity $(bone_rightelbow) { transformation: [-0.4174014578485763f,-0.8227252182988811f,-0.38587464047400394f,-0.9437182246071919f,0.663158473366888f,0.01453859336846347f,-0.7483378037387693f,3.5135577401452314f,0.6212864574313379f,-0.5682533277315014f,0.5395287697004614f,0.7331846069167443f,0f,0f,0f,1f], start_interpolation: 0, interpolation_duration: 1 }
$data merge entity $(bone_rightarm) { transformation: [-0.4502770451381233f,0.0073674442177621945f,-0.8928585013244702f,-0.7968099190593179f,0.7133121702288827f,0.6044364623436316f,-0.3547425979395159f,3.616600263702906f,0.5370626876120161f,-0.7966192840718922f,-0.2774191518618432f,0.30539320811747267f,0f,0f,0f,1f], start_interpolation: 0, interpolation_duration: 1 }
$data merge entity $(bone_chest1) { transformation: [-1.0579046994996713f,0.23227312129539385f,-0.022314905586097413f,-0.18944796796074057f,0.22397381599585475f,1.0398371996082914f,0.20539094227874957f,3.3405345885534166f,0.0654559977074383f,0.19595638939721488f,-1.0634508530861415f,0.035001531112379386f,0f,0f,0f,1f], start_interpolation: 0, interpolation_duration: 1 }
$data merge entity $(bone_chest1lid) { transformation: [-0.9765274149227736f,0.2144059581188251f,-0.020598374387166843f,-0.6613357466710366f,0.20674506091925055f,0.9598497227153459f,0.18959163902653808f,2.6809233338519443f,0.06042092096071229f,0.18088282098204453f,-0.9816469413102845f,0.31614407393640437f,0f,0f,0f,1f], start_interpolation: 0, interpolation_duration: 1 }
$data merge entity $(bone_chest2) { transformation: [-0.9765274149227736f,0.2144059581188251f,-0.020598374387166843f,-0.694836677627103f,0.20674506091925055f,0.9598497227153459f,0.18959163902653808f,2.5309468146776712f,0.06042092096071229f,0.18088282098204453f,-0.9816469413102845f,0.28788113315795993f,0f,0f,0f,1f], start_interpolation: 0, interpolation_duration: 1 }
$data merge entity $(bone_chest1lid3) { transformation: [-0.9765274149227736f,0.2144059581188251f,-0.020598374387166843f,-0.613498616830142f,0.20674506091925055f,0.9598497227153459f,0.18959163902653808f,2.789458911295867f,0.06042092096071229f,0.18088282098204453f,-0.9816469413102845f,-0.3164998054005412f,0f,0f,0f,1f], start_interpolation: 0, interpolation_duration: 1 }
$data merge entity $(bone_chest3) { transformation: [-0.9765274149227736f,0.2144059581188251f,-0.020598374387166843f,-0.6469995477862084f,0.20674506091925055f,0.9598497227153459f,0.18959163902653808f,2.639482392121594f,0.06042092096071229f,0.18088282098204453f,-0.9816469413102845f,-0.3447627461789856f,0f,0f,0f,1f], start_interpolation: 0, interpolation_duration: 1 }
$data merge entity $(bone_hugeasssword2) { transformation: [0.080676966349736f,3.3872198820938206f,-1.9648181786686285f,-1.1492621734966262f,-0.7425672528539404f,1.942810116682285f,3.318789011564865f,4.759198093100736f,3.844783853465281f,0.3041514403106944f,0.6822072993360406f,0.059253352617809174f,0f,0f,0f,1f], start_interpolation: 0, interpolation_duration: 1 }
$data merge entity $(bone_belt) { transformation: [-0.9765274149227736f,0.2144059581188251f,-0.020598374387166843f,-0.24087896211428828f,0.20674506091925055f,0.9598497227153459f,0.18959163902653808f,2.926757843106624f,0.06042092096071229f,0.18088282098204453f,-0.9816469413102845f,0.08951530919325068f,0f,0f,0f,1f], start_interpolation: 0, interpolation_duration: 1 }
$data merge entity $(bone_torn_part) { transformation: [-0.9787967932189803f,0.19639298169651956f,-0.05819479637039137f,-0.4196495620068764f,0.16098462728860624f,0.9132334082816641f,0.3742842392821317f,2.6694590141674417f,0.12665222998822137f,0.3569797455579322f,-0.9254861824470448f,0.06147456492183513f,0f,0f,0f,1f], start_interpolation: 0, interpolation_duration: 1 }
$data merge entity $(bone_lowerbody) { transformation: [-0.9787967932189803f,0.1698038028824101f,-0.11455787232186362f,-0.3908662500000001f,0.16098462728860624f,0.9835156228829813f,0.08234664122992437f,2.161925625f,0.12665222998822137f,0.06215857198949288f,-0.9899977396778428f,0.15797374999999997f,0f,0f,0f,1f], start_interpolation: 0, interpolation_duration: 1 }
$data merge entity $(bone_leftfoot) { transformation: [-0.8298750207453642f,0.2500013834433157f,-0.49880533098525476f,-0.33137775830550686f,0.019461019656723977f,0.9064233124093215f,0.4219218499139791f,0.2244452119771322f,0.5576098265425403f,0.34043514359910315f,-0.7570833470271661f,-0.1514840190603735f,0f,0f,0f,1f], start_interpolation: 0, interpolation_duration: 1 }
$data merge entity $(bone_leftlowerleg) { transformation: [-0.8298750207453642f,0.2500013834433157f,-0.49880533098525476f,0.02260678328448279f,0.019461019656723977f,0.9064233124093215f,0.4219218499139791f,1.1651821278500338f,0.5576098265425403f,0.34043514359910315f,-0.7570833470271661f,0.3425087624009624f,0f,0f,0f,1f], start_interpolation: 0, interpolation_duration: 1 }
$data merge entity $(bone_leftleg) { transformation: [-0.8904238137587988f,-0.1811219289017894f,-0.4175407510197433f,-0.18704313425457453f,0.00969219696741003f,0.9096511753871913f,-0.4152599191285457f,2.118240172822209f,0.4550291124853234f,-0.37380420809241366f,-0.8082195993684035f,-0.025268816726983986f,0f,0f,0f,1f], start_interpolation: 0, interpolation_duration: 1 }
$data merge entity $(bone_rightfoot) { transformation: [-0.9014718573089476f,0.23716800942509478f,0.3620770992279053f,-1.1319840266487062f,0.2555171613987389f,0.9668001920551046f,0.0028929004379356082f,0.2531648743716992f,-0.34937010563396387f,0.09512478093299942f,-0.932143661321452f,0.29860374799911266f,0f,0f,0f,1f], start_interpolation: 0, interpolation_duration: 1 }
$data merge entity $(bone_rightlowerleg) { transformation: [-0.9014718573089476f,0.23716800942509478f,0.3620770992279053f,-0.9245073284018002f,0.2555171613987389f,0.9668001920551046f,0.0028929004379356082f,1.3252643559369817f,-0.34937010563396387f,0.09512478093299942f,-0.932143661321452f,0.5473525972801817f,0f,0f,0f,1f], start_interpolation: 0, interpolation_duration: 1 }
$data merge entity $(bone_rightleg) { transformation: [-0.9686355038676059f,0.24439234373179236f,0.044918180867334706f,-0.6447633928978491f,0.18343683531686222f,0.8252231534013442f,-0.5341888004622298f,2.1936829373636546f,-0.167619175800633f,-0.5091945889496697f,-0.8441710031079563f,0.03104486458709315f,0f,0f,0f,1f], start_interpolation: 0, interpolation_duration: 1 }
data modify entity @s data merge value {"locators":{"lefthand":{"posx":-0.34258749184720544,"posy":3.0814491747254866,"posz":1.4018958313123064,"roty":123.94929132818748,"rotx":-11.59030525192261},"righthand":{"posx":0.029051098742643444,"posy":3.4228759445329797,"posz":1.3761098597614092,"roty":266.244303637931,"rotx":-61.0977585842877},"chest":{"posx":-0.702034104771805,"posy":2.597769815738065,"posz":0.4601093859847808,"roty":358.79791124825715,"rotx":10.92895368503412},"sack":{"posx":0,"posy":-0.4375,"posz":0,"roty":0,"rotx":0}},"cameras":{}}