# This file was generated by Animated Java via MC-Build. It is not recommended to edit this file directly.
$data merge entity $(bone_nose) { transformation: [-1f,-1.0202643458005892e-16f,6.773628623935272e-17f,-1.750421366477568e-16f,0f,0.5531087517357116f,0.8331090617400357f,3.4548754773623984f,-1.2246467991473532e-16f,0.8331090617400357f,-0.5531087517357116f,1.4308100840990623f,0f,0f,0f,1f], start_interpolation: 0, interpolation_duration: 1 }
$data merge entity $(bone_glowing_eye) { transformation: [-1f,-1.0202643458005892e-16f,6.773628623935272e-17f,-0.1250000000000002f,0f,0.5531087517357116f,0.8331090617400357f,3.463253572460932f,-1.2246467991473532e-16f,0.8331090617400357f,-0.5531087517357116f,1.5065194121747771f,0f,0f,0f,1f], start_interpolation: 0, interpolation_duration: 1 }
$data merge entity $(bone_head) { transformation: [-1f,-1.0202643458005892e-16f,6.773628623935272e-17f,-1.4976027305866921e-16f,0f,0.5531087517357116f,0.8331090617400357f,3.5425831745190526f,-1.2246467991473532e-16f,0.8331090617400357f,-0.5531087517357116f,1.2243680013149503f,0f,0f,0f,1f], start_interpolation: 0, interpolation_duration: 1 }
$data merge entity $(bone_leftthumb2) { transformation: [-1f,9.71445146547012e-17f,-2.7755575615628914e-17f,1.2379312046583293f,-1.3877787807814457e-17f,0.31775908653179924f,-0.9481714839239136f,2.0806892366400973f,-9.71445146547012e-17f,-0.9481714839239136f,-0.3177590865317993f,1.9831780760999747f,0f,0f,0f,1f], start_interpolation: 0, interpolation_duration: 1 }
$data merge entity $(bone_leftthumb) { transformation: [-1f,9.71445146547012e-17f,-2.7755575615628914e-17f,1.2379312046583293f,-1.3877787807814457e-17f,0.31775908653179924f,-0.9481714839239136f,2.0775889048314444f,-9.71445146547012e-17f,-0.9481714839239136f,-0.3177590865317993f,1.723491233816473f,0f,0f,0f,1f], start_interpolation: 0, interpolation_duration: 1 }
$data merge entity $(bone_leftpointerfinger) { transformation: [-0.12854320606946834f,0.02266563541681549f,-0.9914448613738105f,1.2057335290555f,0.9098454780933505f,0.4004269217480657f,-0.10880940369495148f,1.8008557483887169f,0.3945349796487818f,-0.9160483335013061f,-0.07209438621012657f,1.933748794170482f,0f,0f,0f,1f], start_interpolation: 0, interpolation_duration: 1 }
$data merge entity $(bone_leftmidfinger) { transformation: [-0.12854320606946834f,0.02266563541681549f,-0.9914448613738105f,1.0508202694658422f,0.9098454780933505f,0.4004269217480657f,-0.10880940369495148f,1.7838542790613807f,0.3945349796487818f,-0.9160483335013061f,-0.07209438621012657f,1.9224840463251498f,0f,0f,0f,1f], start_interpolation: 0, interpolation_duration: 1 }
$data merge entity $(bone_leftringfinger) { transformation: [-0.12607862007251888f,0.03378266443126187f,-0.9914448613738105f,0.8959070098761843f,0.9412827471404561f,0.3196049179897973f,-0.10880940369495148f,1.7668528097340443f,0.31319478203879036f,-0.9469484822210021f,-0.07209438621012657f,1.9112192984798175f,0f,0f,0f,1f], start_interpolation: 0, interpolation_duration: 1 }
$data merge entity $(bone_invisibility) { transformation: [-0.08641011328638329f,0.9876721143508954f,0.13052619222005116f,1.2122425199321718f,0.5407513745711875f,0.15653465300129418f,-0.8264894756191002f,2.019634628682328f,-0.8367324800802256f,-0.0008348313577143107f,-0.5476112305599642f,1.94750152845284f,0f,0f,0f,1f], start_interpolation: 0, interpolation_duration: 1 }
$data merge entity $(bone_swiftness) { transformation: [-0.9914448613738105f,1.0208915596611132e-16f,0.13052619222005118f,1.0195483964394114f,-0.1088094036949513f,0.5523365462817151f,-0.8264894756191005f,1.967483331113616f,-0.07209438621012644f,-0.8336212207241287f,-0.5476112305599643f,2.0753915158552467f,0f,0f,0f,1f], start_interpolation: 0, interpolation_duration: 1 }
$data merge entity $(bone_suspicious_stew) { transformation: [-0.4190027039255485f,0.8985541982805566f,0.13052619222005143f,1.0263466084245825f,0.45460207190944507f,0.3320423209569887f,-0.8264894756191006f,1.973342089882569f,-0.7859858079626622f,-0.28696384762872584f,-0.5476112305599645f,1.9730598257598848f,0f,0f,0f,1f], start_interpolation: 0, interpolation_duration: 1 }
$data merge entity $(bone_log) { transformation: [-0.1305261922200514f,1.0208915596611132e-16f,-0.9914448613738105f,0.9676358000270553f,0.8264894756191005f,0.5523365462817151f,-0.10880940369495148f,2.1147671057088733f,0.5476112305599643f,-0.8336212207241287f,-0.07209438621012657f,1.9168163016807658f,0f,0f,0f,1f], start_interpolation: 0, interpolation_duration: 1 }
$data merge entity $(bone_planks) { transformation: [-0.1305261922200514f,1.0208915596611132e-16f,-0.9914448613738105f,0.9553989695064254f,0.8264894756191005f,0.5523365462817151f,-0.10880940369495148f,2.192250494048164f,0.5476112305599643f,-0.8336212207241287f,-0.07209438621012657f,1.9681548545457623f,0f,0f,0f,1f], start_interpolation: 0, interpolation_duration: 1 }
$data merge entity $(bone_lefthand1) { transformation: [-0.1305261922200514f,1.0208915596611132e-16f,-0.9914448613738105f,1.0312499999999998f,0.8264894756191005f,0.5523365462817151f,-0.10880940369495148f,2.049629167239994f,0.5476112305599643f,-0.8336212207241287f,-0.07209438621012657f,1.573761138428809f,0f,0f,0f,1f], start_interpolation: 0, interpolation_duration: 1 }
$data merge entity $(bone_leftforearm) { transformation: [-1f,1.0208915596611132e-16f,6.764171834560065e-17f,0.9687499999999999f,0f,0.5523365462817151f,-0.8336212207241287f,2.4510161329181397f,-1.2246467991473532e-16f,-0.8336212207241287f,-0.5523365462817151f,0.996251476142808f,0f,0f,0f,1f], start_interpolation: 0, interpolation_duration: 1 }
$data merge entity $(bone_leftelbow) { transformation: [-1f,6.964365017341252e-17f,1.0073410453834345e-16f,0.9687499999999999f,0f,0.8225563861227454f,-0.5686835602061033f,2.6052454553161546f,-1.2246467991473532e-16f,-0.5686835602061033f,-0.8225563861227454f,0.8896233086041636f,0f,0f,0f,1f], start_interpolation: 0, interpolation_duration: 1 }
$data merge entity $(bone_leftarm) { transformation: [-1f,-4.257059098126015e-17f,1.1482744711141506e-16f,0.7499999999999999f,0f,0.9376372615464509f,0.34761525536096977f,3.06320110935935f,-1.2246467991473532e-16f,0.34761525536096977f,-0.9376372615464509f,1.092732100707975f,0f,0f,0f,1f], start_interpolation: 0, interpolation_duration: 1 }
$data merge entity $(bone_rightthumb2) { transformation: [0.9766771109277395f,-0.13711815814142206f,-0.16522842279023095f,-1.0297503749560541f,0.142038156212324f,0.9896923506067481f,0.018281502407963078f,1.9466861686089114f,0.16101858020007137f,-0.04132386548222271f,0.98608587606352f,1.8938582062878822f,0f,0f,0f,1f], start_interpolation: 0, interpolation_duration: 1 }
$data merge entity $(bone_rightthumb) { transformation: [0.9766771109277395f,-0.13711815814142206f,-0.16522842279023095f,-1.077497582794648f,0.142038156212324f,0.9896923506067481f,0.018281502407963078f,2.1909630863946155f,0.16101858020007137f,-0.04132386548222271f,0.98608587606352f,1.9679922719610563f,0f,0f,0f,1f], start_interpolation: 0, interpolation_duration: 1 }
$data merge entity $(bone_rightpointerfinger) { transformation: [-0.12180625585058238f,0.02398197229295477f,-0.9922641286676657f,-1.1650561072247185f,-0.022726241494207045f,0.9993785843857175f,0.026943700910335378f,2.22014868969041f,0.992293683333321f,0.025832345540786145f,-0.12118554344744252f,2.30460462650986f,0f,0f,0f,1f], start_interpolation: 0, interpolation_duration: 1 }
$data merge entity $(bone_rightmidfinger) { transformation: [-0.12273640222430023f,0.01864603251183407f,-0.9922641286676657f,-1.3200973773290412f,-0.06629689274496911f,0.9974360926864515f,0.026943700910335378f,2.22435864295765f,0.9902224485343666f,0.06909100142530258f,-0.12118554344744252f,2.285669385346197f,0f,0f,0f,1f], start_interpolation: 0, interpolation_duration: 1 }
$data merge entity $(bone_rightringfinger) { transformation: [-0.1238944619715697f,0.007877896430701217f,-0.9922641286676657f,-1.475138647433364f,-0.15297689655390495f,0.9878623922905404f,0.026943700910335378f,2.22856859622489f,0.9804326756149607f,0.15513166229315303f,-0.12118554344744252f,2.266734144182534f,0f,0f,0f,1f], start_interpolation: 0, interpolation_duration: 1 }
$data merge entity $(bone_hugeasssword) { transformation: [-0.011554931196370218f,0.4860959727103799f,-3.886367837281691f,-1.2785998401766945f,3.802184311856569f,0.9340962274228539f,0.1055294952321469f,2.01452056380753f,0.9399674036979191f,-3.772459770628034f,-0.4746433785024832f,2.0281689352031385f,0f,0f,0f,1f], start_interpolation: 0, interpolation_duration: 1 }
$data merge entity $(bone_ice) { transformation: [-0.0029501951990732467f,0.12410961005371401f,-0.9922641286676657f,-1.2804929560337983f,0.9707704626016771f,0.23849265381009035f,0.026943700910335378f,1.9956258276135963f,0.23999167753989423f,-0.9631812180326894f,-0.12118554344744252f,2.0394687717733384f,0f,0f,0f,1f], start_interpolation: 0, interpolation_duration: 1 }
$data merge entity $(bone_righthand1) { transformation: [-0.0029501951990732467f,0.12410961005371401f,-0.9922641286676657f,-1.2812113563410026f,0.9707704626016771f,0.23849265381009035f,0.026943700910335378f,2.298783597369986f,0.23999167753989423f,-0.9631812180326894f,-0.12118554344744252f,1.8548843384174072f,0f,0f,0f,1f], start_interpolation: 0, interpolation_duration: 1 }
$data merge entity $(bone_rightforearm) { transformation: [-0.9536955904735654f,0.12159899661921512f,-0.27509708237725355f,-1.1318076955263745f,0.30071536864400195f,0.40347994145729976f,-0.8641609826316599f,2.5771882360205196f,0.005915046287163439f,-0.9068724391350824f,-0.4213637281074472f,1.2234537725092836f,0f,0f,0f,1f], start_interpolation: 0, interpolation_duration: 1 }
$data merge entity $(bone_rightelbow) { transformation: [-0.9536955904735654f,0.12159899661921512f,-0.27509708237725355f,-1.1090078836602717f,0.30071536864400195f,0.40347994145729976f,-0.8641609826316599f,2.652840725043763f,0.005915046287163439f,-0.9068724391350824f,-0.4213637281074472f,1.0534151901714557f,0f,0f,0f,1f], start_interpolation: 0, interpolation_duration: 1 }
$data merge entity $(bone_rightarm) { transformation: [-0.9536955904735654f,0.30077353718103095f,-0.0000065489172389282144f,-0.7500000000000001f,0.30071536864400195f,0.9535115768731426f,0.01964535136348683f,3.06320110935935f,0.005915046287163439f,0.0187337156085996f,-0.9998070114411663f,1.0927321007079749f,0f,0f,0f,1f], start_interpolation: 0, interpolation_duration: 1 }
$data merge entity $(bone_chest1) { transformation: [-1.0833333333333333f,-4.2381609893376646e-17f,1.2571852127726066e-16f,-0.0023231250000001146f,0f,1.0265696310543644f,0.34607210767124347f,2.94646158978914f,-1.3267006990762992e-16f,0.34607210767124347f,-1.0265696310543644f,0.9372218365489884f,0f,0f,0f,1f], start_interpolation: 0, interpolation_duration: 1 }
$data merge entity $(bone_chest1lid) { transformation: [-1f,-3.9121486055424597e-17f,1.1604786579439447e-16f,-0.34375000000000017f,0f,0.947602736357875f,0.31945117631191705f,2.1738156572196665f,-1.2246467991473532e-16f,0.31945117631191705f,-0.947602736357875f,1.0897084402954471f,0f,0f,0f,1f], start_interpolation: 0, interpolation_duration: 1 }
$data merge entity $(bone_chest2) { transformation: [-1f,-3.9121486055424597e-17f,1.1604786579439447e-16f,-0.34375000000000017f,0f,0.947602736357875f,0.31945117631191705f,2.0257527296637488f,-1.2246467991473532e-16f,0.31945117631191705f,-0.947602736357875f,1.0397941939967101f,0f,0f,0f,1f], start_interpolation: 0, interpolation_duration: 1 }
$data merge entity $(bone_chest1lid3) { transformation: [-1f,-3.9121486055424597e-17f,1.1604786579439447e-16f,-0.28125000000000006f,0f,0.947602736357875f,0.31945117631191705f,2.3784640670444883f,-1.2246467991473532e-16f,0.31945117631191705f,-0.947602736357875f,0.48265043731618357f,0f,0f,0f,1f], start_interpolation: 0, interpolation_duration: 1 }
$data merge entity $(bone_chest3) { transformation: [-1f,-3.9121486055424597e-17f,1.1604786579439447e-16f,-0.28125000000000006f,0f,0.947602736357875f,0.31945117631191705f,2.2304011394885705f,-1.2246467991473532e-16f,0.31945117631191705f,-0.947602736357875f,0.43273619101744654f,0f,0f,0f,1f], start_interpolation: 0, interpolation_duration: 1 }
$data merge entity $(bone_hugeasssword2) { transformation: [-1.324195510317751e-15f,2.887669569172986f,-2.646061646494669f,-1.2343750000000002f,-1.2511837738883416f,2.507415256789973f,2.7363635854456874f,4.1305980368341935f,3.7114440507350106f,0.8452875055665707f,0.9224694406724357f,1.0568322508856887f,0f,0f,0f,1f], start_interpolation: 0, interpolation_duration: 1 }
$data merge entity $(bone_belt) { transformation: [-1f,-3.9121486055424597e-17f,1.1604786579439447e-16f,0.02970562499999988f,0f,0.947602736357875f,0.31945117631191705f,2.527186034208537f,-1.2246467991473532e-16f,0.31945117631191705f,-0.947602736357875f,0.9340184166847492f,0f,0f,0f,1f], start_interpolation: 0, interpolation_duration: 1 }
$data merge entity $(bone_torn_part) { transformation: [-1f,-6.580022455450643e-17f,1.0328566345430087e-16f,-0.09375000000000011f,0f,0.8433914458128856f,0.5372996083468239f,2.2608300766566796f,-1.2246467991473532e-16f,0.5372996083468239f,-0.8433914458128856f,0.8479593483025826f,0f,0f,0f,1f], start_interpolation: 0, interpolation_duration: 1 }
$data merge entity $(bone_lowerbody) { transformation: [-1f,-3.169619151431767e-17f,1.1829179713786696e-16f,0.003906249999999895f,0f,0.9659258262890682f,0.2588190451025209f,1.7527901785714286f,-1.2246467991473532e-16f,0.2588190451025209f,-0.9659258262890682f,0.8574161807580175f,0f,0f,0f,1f], start_interpolation: 0, interpolation_duration: 1 }
$data merge entity $(bone_leftfoot) { transformation: [-0.9753667896506382f,0.1995153190951757f,-0.09409178015617467f,-0.0004339156966674529f,-0.042585433717795204f,0.24821475228304846f,0.9677685247951249f,0.7295590677350396f,0.21643961393810277f,0.9479362184215852f,-0.2336039796812331f,-0.7925681447603583f,0f,0f,0f,1f], start_interpolation: 0, interpolation_duration: 1 }
$data merge entity $(bone_leftlowerleg) { transformation: [-0.9753667896506382f,0.20537410982656792f,-0.08050528342632243f,0.2397722719800208f,-0.042585433717795204f,0.1827804369934556f,0.982231028163715f,0.7814156148080478f,0.21643961393810277f,0.9614638770465723f,-0.1695320224998771f,0.3001036973926905f,0f,0f,0f,1f], start_interpolation: 0, interpolation_duration: 1 }
$data merge entity $(bone_leftleg) { transformation: [-0.9753667896506382f,0.032967434327222433f,-0.21811183810258436f,0.24999999999999992f,-0.042585433717795204f,0.9420272412718134f,0.3328230123307041f,1.7723214285714286f,0.21643961393810277f,0.3339129002834377f,-0.9174181535933481f,0.6855411807580175f,0f,0f,0f,1f], start_interpolation: 0, interpolation_duration: 1 }
$data merge entity $(bone_rightfoot) { transformation: [-0.9905012255519768f,0.040233414326689546f,0.13148610022222482f,-0.38973245589068484f,0.04324621745963608f,0.9988614712962349f,0.020137672044068522f,0.10906960550573208f,-0.13052619222005168f,0.025632665322543602f,-0.9911134544606871f,0.9554166607635092f,0f,0f,0f,1f], start_interpolation: 0, interpolation_duration: 1 }
$data merge entity $(bone_rightlowerleg) { transformation: [-0.9905012255519768f,-0.005388016767922693f,0.13739829495063102f,-0.41682043389422313f,0.04324621745963608f,0.9363186423890507f,0.3484783559852156f,1.0942559246017642f,-0.13052619222005168f,0.35111019522371234f,-0.927191751448696f,1.4873884897359946f,0f,0f,0f,1f], start_interpolation: 0, interpolation_duration: 1 }
$data merge entity $(bone_rightleg) { transformation: [-0.9905012255519768f,0.1290392863736864f,0.047499313176105694f,-0.25000000000000006f,0.04324621745963608f,0.6202548340216019f,-0.7832073196467643f,1.7723214285714286f,-0.13052619222005168f,-0.7737136443446017f,-0.6199436342922874f,0.6855411807580175f,0f,0f,0f,1f], start_interpolation: 0, interpolation_duration: 1 }
data modify entity @s data merge value {"locators":{"lefthand":{"posx":0.9953639565066509,"posy":1.9958325716240573,"posz":1.931730881469375,"roty":274.1590275011537,"rotx":-6.246687467107146},"righthand":{"posx":-1.2672046224803684,"posy":2.082488115439997,"posz":2.078911222190831,"roty":276.9630690247018,"rotx":1.5439471931580115},"chest":{"posx":-0.3750000000000002,"posy":2.0646762398985623,"posz":1.2178056693318704,"roty":0,"rotx":18.629737609329464},"sack":{"posx":0,"posy":-0.4375,"posz":0,"roty":0,"rotx":0}},"cameras":{}}