# This file was generated by Animated Java via MC-Build. It is not recommended to edit this file directly.
$data merge entity $(bone_nose) { transformation: [-0.9921814552958517f,-0.0822214691924284f,-0.0938913721853317f,-0.04749087428587564f,-0.06363573004407072f,0.9804607221630612f,-0.18613776123410994f,4.241719037239054f,0.10736132277856905f,-0.1787075888129179f,-0.9780271693935241f,2.8409118511122418f,0f,0f,0f,1f], start_interpolation: 0, interpolation_duration: 1 }
$data merge entity $(bone_glowing_eye) { transformation: [-0.9921814552958517f,-0.0822214691924284f,-0.0938913721853317f,-0.17380421959710693f,-0.06363573004407072f,0.9804607221630612f,-0.18613776123410994f,4.306645121631718f,0.10736132277856905f,-0.1787075888129179f,-0.9780271693935241f,2.876360930040737f,0f,0f,0f,1f], start_interpolation: 0, interpolation_duration: 1 }
$data merge entity $(bone_head) { transformation: [-0.9921814552958517f,-0.0822214691924284f,-0.0938913721853317f,-0.05492005311065012f,-0.06363573004407072f,0.9804607221630612f,-0.18613776123410994f,4.085799584726224f,0.10736132277856905f,-0.1787075888129179f,-0.9780271693935241f,2.6798376281128613f,0f,0f,0f,1f], start_interpolation: 0, interpolation_duration: 1 }
$data merge entity $(bone_leftthumb2) { transformation: [-0.7769999940276627f,-0.276482360007838f,0.5655338308938805f,1.0568776485381863f,-0.30610632477185507f,0.9509638277072717f,0.04434767555353997f,1.984045559281183f,-0.5500635665227063f,-0.13865533886883233f,-0.8235318875353217f,2.436919758886871f,0f,0f,0f,1f], start_interpolation: 0, interpolation_duration: 1 }
$data merge entity $(bone_leftthumb) { transformation: [-0.7769999940276627f,-0.276482360007838f,0.5655338308938805f,1.037401530717578f,-0.30610632477185507f,0.9509638277072717f,0.04434767555353997f,2.2210521472813003f,-0.5500635665227063f,-0.13865533886883233f,-0.8235318875353217f,2.332538600665282f,0f,0f,0f,1f], start_interpolation: 0, interpolation_duration: 1 }
$data merge entity $(bone_leftpointerfinger) { transformation: [-0.7769999940276627f,-0.276482360007838f,0.5655338308938805f,1.239616077765076f,-0.30610632477185507f,0.9509638277072717f,0.04434767555353997f,1.944576317878346f,-0.5500635665227063f,-0.13865533886883233f,-0.8235318875353217f,2.39959502909182f,0f,0f,0f,1f], start_interpolation: 0, interpolation_duration: 1 }
$data merge entity $(bone_leftmidfinger) { transformation: [-0.7769999940276627f,-0.276482360007838f,0.5655338308938805f,1.3279807388422449f,-0.30610632477185507f,0.9509638277072717f,0.04434767555353997f,1.9515056421835866f,-0.5500635665227063f,-0.13865533886883233f,-0.8235318875353217f,2.270918171664426f,0f,0f,0f,1f], start_interpolation: 0, interpolation_duration: 1 }
$data merge entity $(bone_leftringfinger) { transformation: [-0.7769999940276627f,-0.276482360007838f,0.5655338308938805f,1.4163453999194138f,-0.30610632477185507f,0.9509638277072717f,0.04434767555353997f,1.9584349664888272f,-0.5500635665227063f,-0.13865533886883233f,-0.8235318875353217f,2.1422413142370322f,0f,0f,0f,1f], start_interpolation: 0, interpolation_duration: 1 }
$data merge entity $(bone_invisibility) { transformation: [-0.22614074007521695f,-0.5874788293711061f,0.7769999940276626f,1.0460153885435983f,0.951210277841017f,0.03870303947085396f,0.30610632477185507f,1.9898071857780577f,-0.20990324677776695f,0.8083134910271337f,0.5500635665227059f,2.3070280541655133f,0f,0f,0f,1f], start_interpolation: 0, interpolation_duration: 1 }
$data merge entity $(bone_swiftness) { transformation: [0.5655338308938803f,-0.276482360007838f,0.7769999940276628f,1.1490247712071453f,0.0443476755535399f,0.9509638277072717f,0.30610632477185507f,1.8534028511818061f,-0.8235318875353218f,-0.13865533886883233f,0.550063566522706f,2.1427430684511757f,0f,0f,0f,1f], start_interpolation: 0, interpolation_duration: 1 }
$data merge entity $(bone_suspicious_stew) { transformation: [-0.011573191285443513f,-0.6293942091602707f,0.776999994027663f,1.1650130924615683f,0.8806080597959571f,0.361702036152781f,0.30610632477185523f,1.953545945520568f,-0.47370402812924317f,0.6877750842524393f,0.5500635665227064f,2.1591152942621172f,0f,0f,0f,1f], start_interpolation: 0, interpolation_duration: 1 }
$data merge entity $(bone_log) { transformation: [-0.7769999940276627f,-0.276482360007838f,0.5655338308938805f,1.0841184463436457f,-0.30610632477185507f,0.9509638277072717f,0.04434767555353997f,2.0457977533281877f,-0.5500635665227063f,-0.13865533886883233f,-0.8235318875353217f,2.051611860313791f,0f,0f,0f,1f], start_interpolation: 0, interpolation_duration: 1 }
$data merge entity $(bone_planks) { transformation: [-0.7769999940276627f,-0.276482360007838f,0.5655338308938805f,1.0112746969035524f,-0.30610632477185507f,0.9509638277072717f,0.04434767555353997f,2.017100285380826f,-0.5500635665227063f,-0.13865533886883233f,-0.8235318875353217f,2.000043400952287f,0f,0f,0f,1f], start_interpolation: 0, interpolation_duration: 1 }
$data merge entity $(bone_lefthand1) { transformation: [-0.7769999940276627f,-0.276482360007838f,0.5655338308938805f,1.1915749226331682f,-0.30610632477185507f,0.9509638277072717f,0.04434767555353997f,2.3586794265869213f,-0.5500635665227063f,-0.13865533886883233f,-0.8235318875353217f,2.180199288712738f,0f,0f,0f,1f], start_interpolation: 0, interpolation_duration: 1 }
$data merge entity $(bone_leftforearm) { transformation: [-0.93275368974817f,-0.276482360007838f,-0.2313613167011093f,0.9424911782168514f,-0.2308080688155535f,0.9509638277072717f,-0.2059015147150918f,3.016117574810048f,0.2769443800310985f,-0.13865533886883233f,-0.9508293786859765f,2.1148729863645026f,0f,0f,0f,1f], start_interpolation: 0, interpolation_duration: 1 }
$data merge entity $(bone_leftelbow) { transformation: [-0.8877999502265814f,-0.16528699080820936f,-0.4295246896829641f,0.9114998674403121f,-0.2211211944399769f,0.9716976707196071f,0.08312071996516861f,3.198310888069974f,0.40362936680464373f,0.16877158347203175f,-0.899221600533053f,2.1465176582655086f,0f,0f,0f,1f], start_interpolation: 0, interpolation_duration: 1 }
$data merge entity $(bone_leftarm) { transformation: [-0.8877999502265814f,-0.16528699080820936f,-0.4295246896829641f,0.6480727794767354f,-0.2211211944399769f,0.9716976707196071f,0.08312071996516861f,3.633191939647121f,0.40362936680464373f,0.16877158347203175f,-0.899221600533053f,2.347298049006698f,0f,0f,0f,1f], start_interpolation: 0, interpolation_duration: 1 }
$data merge entity $(bone_rightthumb2) { transformation: [-0.7202497902190276f,-0.5431140663872761f,-0.431587013916921f,-0.18354640097006242f,-0.3469576923878376f,0.820761970363686f,-0.4538393412845854f,2.102867569158019f,0.6007167380574254f,-0.17713525594019183f,-0.7795912401513045f,3.529669759981715f,0f,0f,0f,1f], start_interpolation: 0, interpolation_duration: 1 }
$data merge entity $(bone_rightthumb) { transformation: [-0.7202497902190276f,-0.5431140663872761f,-0.431587013916921f,-0.3536233996378493f,-0.3469576923878376f,0.820761970363686f,-0.4538393412845854f,2.265369311167108f,0.6007167380574254f,-0.17713525594019183f,-0.7795912401513045f,3.4196067485715727f,0f,0f,0f,1f], start_interpolation: 0, interpolation_duration: 1 }
$data merge entity $(bone_rightpointerfinger) { transformation: [-0.7202497902190276f,-0.5431140663872761f,-0.431587013916921f,-0.27442205868708613f,-0.3469576923878376f,0.820761970363686f,-0.4538393412845854f,1.9368345729138885f,0.6007167380574254f,-0.17713525594019183f,-0.7795912401513045f,3.506889308269886f,0f,0f,0f,1f], start_interpolation: 0, interpolation_duration: 1 }
$data merge entity $(bone_rightmidfinger) { transformation: [-0.7202497902190276f,-0.5431140663872761f,-0.431587013916921f,-0.341857529611605f,-0.3469576923878376f,0.820761970363686f,-0.4538393412845854f,1.865922175838172f,0.6007167380574254f,-0.17713525594019183f,-0.7795912401513045f,3.3850781769962452f,0f,0f,0f,1f], start_interpolation: 0, interpolation_duration: 1 }
$data merge entity $(bone_rightringfinger) { transformation: [-0.7202497902190276f,-0.5431140663872761f,-0.431587013916921f,-0.4092930005361239f,-0.3469576923878376f,0.820761970363686f,-0.4538393412845854f,1.7950097787624557f,0.6007167380574254f,-0.17713525594019183f,-0.7795912401513045f,3.263267045722604f,0f,0f,0f,1f], start_interpolation: 0, interpolation_duration: 1 }
$data merge entity $(bone_hugeasssword) { transformation: [-1.8578411986276044f,3.072004514145797f,1.5657241530766433f,-0.25411767672713936f,-2.55610816237491f,-2.4207383477076947f,1.716570619565521f,2.131891327816387f,2.3140905169634327f,-0.20758587327426734f,3.15312082900333f,3.2017133077142543f,0f,0f,0f,1f], start_interpolation: 0, interpolation_duration: 1 }
$data merge entity $(bone_ice) { transformation: [-0.7202497902190276f,-0.5431140663872761f,-0.431587013916921f,-0.23437761646766586f,-0.3469576923878376f,0.820761970363686f,-0.4538393412845854f,2.124488135973014f,0.6007167380574254f,-0.17713525594019183f,-0.7795912401513045f,3.1950948470561724f,0f,0f,0f,1f], start_interpolation: 0, interpolation_duration: 1 }
$data merge entity $(bone_righthand1) { transformation: [-0.7202497902190276f,-0.5431140663872761f,-0.431587013916921f,-0.5637056748041456f,-0.3469576923878376f,0.820761970363686f,-0.4538393412845854f,2.228756726051833f,0.6007167380574254f,-0.17713525594019183f,-0.7795912401513045f,3.2766279913307526f,0f,0f,0f,1f], start_interpolation: 0, interpolation_duration: 1 }
$data merge entity $(bone_rightforearm) { transformation: [-0.27101726605459286f,-0.3481000729414534f,-0.8974274236496503f,-0.7775026559681671f,0.015436521291268414f,0.9306283410134432f,-0.3656399933171846f,2.887853120641787f,0.9624507027950668f,-0.11294790888157902f,-0.2468428945069319f,3.1409152442003716f,0f,0f,0f,1f], start_interpolation: 0, interpolation_duration: 1 }
$data merge entity $(bone_rightelbow) { transformation: [-0.21270842847090848f,-0.2680829394602135f,-0.9396204882971678f,-0.8277682071169572f,0.06018084038381408f,0.9562066432617613f,-0.2864386877374857f,3.067141866253367f,0.9752606784384031f,-0.11747507374948321f,-0.18725975579237306f,3.1188886678723433f,0f,0f,0f,1f], start_interpolation: 0, interpolation_duration: 1 }
$data merge entity $(bone_rightarm) { transformation: [-0.21270842847090848f,0.026874086594378982f,-0.9767460816031741f,-0.7372778800416573f,0.06018084038381408f,0.99808425870186f,0.014355451308006667f,3.5525708289169624f,0.9752606784384031f,-0.05572787454475975f,-0.21391823926582143f,2.8843714021686195f,0f,0f,0f,1f], start_interpolation: 0, interpolation_duration: 1 }
$data merge entity $(bone_chest1) { transformation: [-1.008599830518543f,0.012287269478678054f,-0.39520439774607213f,-0.0943234061272503f,-0.058695925150765084f,1.0661598464528104f,0.18294556920987862f,3.453258690008479f,0.39101442602514436f,0.19173762262943872f,-0.9919453179584794f,2.489683340990026f,0f,0f,0f,1f], start_interpolation: 0, interpolation_duration: 1 }
$data merge entity $(bone_chest1lid) { transformation: [-0.9310152281709628f,0.011342094903395127f,-0.3648040594579128f,-0.2771938771874569f,-0.05418085398532162f,0.984147550571825f,0.16887283311681103f,2.6960616504915955f,0.3609363932539794f,0.1769885747348665f,-0.9156418319616734f,2.850262384434915f,0f,0f,0f,1f], start_interpolation: 0, interpolation_duration: 1 }
$data merge entity $(bone_chest2) { transformation: [-0.9310152281709628f,0.011342094903395127f,-0.3648040594579128f,-0.2789660795161124f,-0.05418085398532162f,0.984147550571825f,0.16887283311681103f,2.542288595714748f,0.3609363932539794f,0.1769885747348665f,-0.9156418319616734f,2.822607919632592f,0f,0f,0f,1f], start_interpolation: 0, interpolation_duration: 1 }
$data merge entity $(bone_chest1lid3) { transformation: [-0.9310152281709628f,0.011342094903395127f,-0.3648040594579128f,-0.45270802601699717f,-0.05418085398532162f,0.984147550571825f,0.16887283311681103f,2.807632112581135f,0.3609363932539794f,0.1769885747348665f,-0.9156418319616734f,2.2411208112560943f,0f,0f,0f,1f], start_interpolation: 0, interpolation_duration: 1 }
$data merge entity $(bone_chest3) { transformation: [-0.9310152281709628f,0.011342094903395127f,-0.3648040594579128f,-0.45448022834565266f,-0.05418085398532162f,0.984147550571825f,0.16887283311681103f,2.6538590578042873f,0.3609363932539794f,0.1769885747348665f,-0.9156418319616734f,2.2134663464537714f,0f,0f,0f,1f], start_interpolation: 0, interpolation_duration: 1 }
$data merge entity $(bone_hugeasssword2) { transformation: [1.428815899543491f,2.7184762251407095f,-2.4307714652624623f,-1.3248699913183413f,-0.6614185963741763f,2.7605714913449977f,2.698527053657504f,4.573151670510628f,3.5862638418498882f,-0.5739423597328841f,1.466144468366644f,2.8971540921193024f,0f,0f,0f,1f], start_interpolation: 0, interpolation_duration: 1 }
$data merge entity $(bone_belt) { transformation: [-0.9310152281709628f,0.011342094903395127f,-0.3648040594579128f,-0.021268285407649537f,-0.05418085398532162f,0.984147550571825f,0.16887283311681103f,3.0408726651792133f,0.3609363932539794f,0.1769885747348665f,-0.9156418319616734f,2.527482945418816f,0f,0f,0f,1f], start_interpolation: 0, interpolation_duration: 1 }
$data merge entity $(bone_torn_part) { transformation: [-0.9310152281709628f,0.10493932685854501f,-0.34956885243431723f,-0.13902706600532114f,-0.05418085398532162f,0.9074248188123188f,0.41670689130952876f,2.7570002107367317f,0.3609363932539794f,0.40690040044451375f,-0.839140622388705f,2.523160729590664f,0f,0f,0f,1f], start_interpolation: 0, interpolation_duration: 1 }
$data merge entity $(bone_lowerbody) { transformation: [-0.9310152281709628f,-0.005034966427949551f,-0.36494560420265293f,0.005671345162894759f,-0.05418085398532162f,0.9907326101411191f,0.12455252010451814f,2.2610199543235696f,0.3609363932539794f,0.1357333574182653f,-0.9226599458678014f,2.5513860363977274f,0f,0f,0f,1f], start_interpolation: 0, interpolation_duration: 1 }
$data merge entity $(bone_leftfoot) { transformation: [-0.9910619248540042f,0.11459349036267644f,0.06829782625512415f,0.03598969760834149f,0.09481670762747887f,0.9652234776226729f,-0.24362559430543923f,0.18846047576551994f,-0.0938405725651817f,-0.23497227541242488f,-0.9674616151187323f,2.8530749408697047f,0f,0f,0f,1f], start_interpolation: 0, interpolation_duration: 1 }
$data merge entity $(bone_leftlowerleg) { transformation: [-0.9910619248540042f,0.11459349036267644f,0.06829782625512415f,0.1526231887783257f,0.09481670762747887f,0.9652234776226729f,-0.24362559430543923f,1.2966872779562282f,-0.0938405725651817f,-0.23497227541242488f,-0.9674616151187323f,2.741048817352473f,0f,0f,0f,1f], start_interpolation: 0, interpolation_duration: 1 }
$data merge entity $(bone_leftleg) { transformation: [-0.9910619248540042f,0.12259163452065117f,0.05260753035669923f,0.25053611657522207f,0.09481670762747887f,0.9247201995198984f,-0.3686493517620293f,2.2917658323968966f,-0.0938405725651817f,-0.36036626332862276f,-0.9280787160554886f,2.379396054586827f,0f,0f,0f,1f], start_interpolation: 0, interpolation_duration: 1 }
$data merge entity $(bone_rightfoot) { transformation: [-0.9766362259489451f,0.11636410314997553f,0.18066841910611517f,-0.5709019833818119f,0.20550869369899313f,0.7515290065240393f,0.6268734554653945f,0.6355889854718011f,-0.06283199008733069f,0.649356256496457f,-0.7578842874546042f,1.0583317368226903f,0f,0f,0f,1f], start_interpolation: 0, interpolation_duration: 1 }
$data merge entity $(bone_rightlowerleg) { transformation: [-0.9766362259489451f,0.11636410314997553f,0.18066841910611517f,-0.4695694686211288f,0.20550869369899313f,0.7515290065240393f,0.6268734554653945f,1.373000113223517f,-0.06283199008733069f,0.649356256496457f,-0.7578842874546042f,1.8951569388970895f,0f,0f,0f,1f], start_interpolation: 0, interpolation_duration: 1 }
$data merge entity $(bone_rightleg) { transformation: [-0.9567461303188616f,0.18454308013758064f,0.2249015199886794f,-0.24945098667334017f,0.2621674019065904f,0.8820278631119641f,0.39152918418898286f,2.2917658323968966f,-0.12611540547225855f,0.4335558790599854f,-0.8922579247252955f,2.3829872361627875f,0f,0f,0f,1f], start_interpolation: 0, interpolation_duration: 1 }
data modify entity @s data merge value {"locators":{"lefthand":{"posx":1.1697259140516347,"posy":1.9995082398053945,"posz":2.1268804537671615,"roty":34.478070993010476,"rotx":2.541768261357958},"righthand":{"posx":-0.2866713299209466,"posy":2.0862276862322937,"posz":3.2663608927504857,"roty":331.030787993709,"rotx":-26.99028024259506},"chest":{"posx":-0.24999634970896284,"posy":2.6064728967193136,"posz":2.993548897047184,"roty":338.2769956228583,"rotx":9.722289666124308},"sack":{"posx":0,"posy":-0.4375,"posz":0,"roty":0,"rotx":0}},"cameras":{}}