# This file was generated by Animated Java via MC-Build. It is not recommended to edit this file directly.
$data merge entity $(bone_nose) { transformation: [-0.9915191581022107f,-0.04557278486871344f,-0.12170817719279758f,0.047795669288346464f,-0.01411149224236815f,0.9687167944890908f,-0.24776730587685422f,4.0922404345605f,0.12919220140154372f,-0.24394854652998257f,-0.9611443605114334f,2.713812633440886f,0f,0f,0f,1f], start_interpolation: 0, interpolation_duration: 1 }
$data merge entity $(bone_glowing_eye) { transformation: [-0.9915191581022107f,-0.04557278486871344f,-0.12170817719279758f,-0.07498279037816542f,-0.01411149224236815f,0.9687167944890908f,-0.24776730587685422f,4.16471249083421f,0.12919220140154372f,-0.24394854652998257f,-0.9611443605114334f,2.7469840931093303f,0f,0f,0f,1f], start_interpolation: 0, interpolation_duration: 1 }
$data merge entity $(bone_head) { transformation: [-0.9915191581022107f,-0.04557278486871344f,-0.12170817719279758f,0.03063238962874516f,-0.01411149224236815f,0.9687167944890908f,-0.24776730587685422f,3.926230645155f,0.12919220140154372f,-0.24394854652998257f,-0.9611443605114334f,2.5639555503996316f,0f,0f,0f,1f], start_interpolation: 0, interpolation_duration: 1 }
$data merge entity $(bone_leftthumb2) { transformation: [-0.8906685356785342f,-0.27411007834388496f,0.36273023654303294f,1.2890341052656755f,-0.3960793210588218f,0.8595191620702018f,-0.32302938173441903f,2.0137151753447946f,-0.2232279798363956f,-0.4313820522280077f,-0.874116007194534f,3.074993589431463f,0f,0f,0f,1f], start_interpolation: 0, interpolation_duration: 1 }
$data merge entity $(bone_leftthumb) { transformation: [-0.8906685356785342f,-0.27411007834388496f,0.36273023654303294f,1.2528086835668015f,-0.3960793210588218f,0.8595191620702018f,-0.32302938173441903f,2.196900520059227f,-0.2232279798363956f,-0.4313820522280077f,-0.874116007194534f,2.8945006078031086f,0f,0f,0f,1f], start_interpolation: 0, interpolation_duration: 1 }
$data merge entity $(bone_leftpointerfinger) { transformation: [-0.8906685356785342f,-0.27411007834388496f,0.36273023654303294f,1.4571709039511829f,-0.3960793210588218f,0.8595191620702018f,-0.32302938173441903f,1.9430499684769498f,-0.2232279798363956f,-0.4313820522280077f,-0.874116007194534f,3.0194892161477855f,0f,0f,0f,1f], start_interpolation: 0, interpolation_duration: 1 }
$data merge entity $(bone_leftmidfinger) { transformation: [-0.8906685356785342f,-0.27411007834388496f,0.36273023654303294f,1.513847503411032f,-0.3960793210588218f,0.8595191620702018f,-0.32302938173441903f,1.8925766275809468f,-0.2232279798363956f,-0.4313820522280077f,-0.874116007194534f,2.8829085900236397f,0f,0f,0f,1f], start_interpolation: 0, interpolation_duration: 1 }
$data merge entity $(bone_leftringfinger) { transformation: [-0.8906685356785342f,-0.27411007834388496f,0.36273023654303294f,1.5705241028708807f,-0.3960793210588218f,0.8595191620702018f,-0.32302938173441903f,1.8421032866849436f,-0.2232279798363956f,-0.4313820522280077f,-0.874116007194534f,2.7463279638994935f,0f,0f,0f,1f], start_interpolation: 0, interpolation_duration: 1 }
$data merge entity $(bone_invisibility) { transformation: [-0.24145298355674963f,-0.3852402059544141f,0.8906685356785341f,1.2488544438006257f,0.8280945664682144f,0.396712188387756f,0.3960793210588217f,1.9728896723090497f,-0.5059247431361346f,0.8331923087143795f,0.22322797983639533f,2.9577676831908524f,0f,0f,0f,1f], start_interpolation: 0, interpolation_duration: 1 }
$data merge entity $(bone_swiftness) { transformation: [0.3627302365430327f,-0.27411007834388496f,0.8906685356785343f,1.3075966926904663f,-0.32302938173441914f,0.8595191620702018f,0.39607932105882176f,1.775299215515059f,-0.874116007194534f,-0.4313820522280077f,0.22322797983639542f,2.8406609305083643f,0f,0f,0f,1f], start_interpolation: 0, interpolation_duration: 1 }
$data merge entity $(bone_suspicious_stew) { transformation: [-0.09513167645967979f,-0.4445891628078963f,0.8906685356785344f,1.329715273074814f,0.6424707938916674f,0.6560125383144698f,0.39607932105882204f,1.8720317025118054f,-0.760382300642369f,0.6099082110350543f,0.2232279798363956f,2.814091965540065f,0f,0f,0f,1f], start_interpolation: 0, interpolation_duration: 1 }
$data merge entity $(bone_log) { transformation: [-0.8906685356785342f,-0.27411007834388496f,0.36273023654303294f,1.2289543178999205f,-0.3960793210588218f,0.8595191620702018f,-0.32302938173441903f,1.9271971591525152f,-0.2232279798363956f,-0.4313820522280077f,-0.874116007194534f,2.698267398064658f,0f,0f,0f,1f], start_interpolation: 0, interpolation_duration: 1 }
$data merge entity $(bone_planks) { transformation: [-0.8906685356785342f,-0.27411007834388496f,0.36273023654303294f,1.145454142680058f,-0.3960793210588218f,0.8595191620702018f,-0.32302938173441903f,1.8900647228032508f,-0.2232279798363956f,-0.4313820522280077f,-0.874116007194534f,2.677339774954996f,0f,0f,0f,1f], start_interpolation: 0, interpolation_duration: 1 }
$data merge entity $(bone_lefthand1) { transformation: [-0.8906685356785342f,-0.27411007834388496f,0.36273023654303294f,1.371758612341613f,-0.3960793210588218f,0.8595191620702018f,-0.32302938173441903f,2.2511914481139716f,-0.2232279798363956f,-0.4313820522280077f,-0.874116007194534f,2.6735450051915843f,0f,0f,0f,1f], start_interpolation: 0, interpolation_duration: 1 }
$data merge entity $(bone_leftforearm) { transformation: [-0.9616365675101405f,-0.27411007834388496f,-0.010898485106838274f,1.1190929668664795f,-0.23988716152372425f,0.8595191620702018f,-0.4513102699587379f,2.8475996343174548f,0.13307615024265368f,-0.4313820522280077f,-0.8923005453613415f,2.392488955130203f,0f,0f,0f,1f], start_interpolation: 0, interpolation_duration: 1 }
$data merge entity $(bone_leftelbow) { transformation: [-0.9519770010736627f,-0.24627195967497523f,-0.18190632563119655f,1.0729169744274216f,-0.1788863359846528f,0.9295742419684303f,-0.32232190038345854f,3.0218948046865353f,0.2484742808114785f,-0.2743024800228128f,-0.9289879876664462f,2.3410572401259255f,0f,0f,0f,1f], start_interpolation: 0, interpolation_duration: 1 }
$data merge entity $(bone_leftarm) { transformation: [-0.9519770010736627f,-0.24627195967497523f,-0.18190632563119655f,0.7472205982810451f,-0.1788863359846528f,0.9295742419684303f,-0.32232190038345854f,3.4576230990610908f,0.2484742808114785f,-0.2743024800228128f,-0.9289879876664462f,2.2872906236566064f,0f,0f,0f,1f], start_interpolation: 0, interpolation_duration: 1 }
$data merge entity $(bone_rightthumb2) { transformation: [-0.9407017961906396f,-0.1996287294574802f,0.2742781453541217f,-0.923604465066912f,-0.28787401556947945f,0.8974986981026963f,-0.3341027357922541f,1.86236449477673f,-0.1794677737188703f,-0.3932485947580204f,-0.901746561355925f,3.0789200712146174f,0f,0f,0f,1f], start_interpolation: 0, interpolation_duration: 1 }
$data merge entity $(bone_rightthumb) { transformation: [-0.9407017961906396f,-0.1996287294574802f,0.2742781453541217f,-0.9491227891442882f,-0.28787401556947945f,0.8974986981026963f,-0.3341027357922541f,2.053917734702214f,-0.1794677737188703f,-0.3932485947580204f,-0.901746561355925f,2.9054177959475997f,0f,0f,0f,1f], start_interpolation: 0, interpolation_duration: 1 }
$data merge entity $(bone_rightpointerfinger) { transformation: [-0.9407017961906396f,-0.1996287294574802f,0.2742781453541217f,-0.9736520831859292f,-0.28787401556947945f,0.8974986981026963f,-0.3341027357922541f,1.7122786881940932f,-0.1794677737188703f,-0.3932485947580204f,-0.901746561355925f,2.9725538332885146f,0f,0f,0f,1f], start_interpolation: 0, interpolation_duration: 1 }
$data merge entity $(bone_rightmidfinger) { transformation: [-0.9407017961906396f,-0.1996287294574802f,0.2742781453541217f,-0.9307961229743477f,-0.28787401556947945f,0.8974986981026963f,-0.3341027357922541f,1.6600751357265535f,-0.1794677737188703f,-0.3932485947580204f,-0.901746561355925f,2.831655933076651f,0f,0f,0f,1f], start_interpolation: 0, interpolation_duration: 1 }
$data merge entity $(bone_rightringfinger) { transformation: [-0.9407017961906396f,-0.1996287294574802f,0.2742781453541217f,-0.8879401627627661f,-0.28787401556947945f,0.8974986981026963f,-0.3341027357922541f,1.6078715832590138f,-0.1794677737188703f,-0.3932485947580204f,-0.901746561355925f,2.690758032864788f,0f,0f,0f,1f], start_interpolation: 0, interpolation_duration: 1 }
$data merge entity $(bone_hugeasssword) { transformation: [-3.0582122948923254f,2.113053154291779f,-1.2339455840047249f,-0.7257573900534178f,-2.438633094338794f,-2.7947134990420004f,1.25814262595534f,1.9240664494110606f,-0.20170267311763265f,1.7506743281340937f,3.4978183495212014f,2.8135382296816895f,0f,0f,0f,1f], start_interpolation: 0, interpolation_duration: 1 }
$data merge entity $(bone_ice) { transformation: [-0.9407017961906396f,-0.1996287294574802f,0.2742781453541217f,-0.707939725590166f,-0.28787401556947945f,0.8974986981026963f,-0.3341027357922541f,1.914541063746479f,-0.1794677737188703f,-0.3932485947580204f,-0.901746561355925f,2.822486922939141f,0f,0f,0f,1f], start_interpolation: 0, interpolation_duration: 1 }
$data merge entity $(bone_righthand1) { transformation: [-0.9407017961906396f,-0.1996287294574802f,0.2742781453541217f,-0.9844511649598796f,-0.28787401556947945f,0.8974986981026963f,-0.3341027357922541f,2.0565065238862754f,-0.1794677737188703f,-0.3932485947580204f,-0.901746561355925f,2.6511282507775458f,0f,0f,0f,1f], start_interpolation: 0, interpolation_duration: 1 }
$data merge entity $(bone_rightforearm) { transformation: [-0.9329294195186333f,-0.041781585231642444f,-0.3576268968242702f,-0.9499328330930844f,-0.006880823892782294f,0.9951318945929303f,-0.09831157931007997f,2.7581748071919483f,0.35999354502432795f,-0.08925699692134291f,-0.9286753124970003f,2.5803803800109715f,0f,0f,0f,1f], start_interpolation: 0, interpolation_duration: 1 }
$data merge entity $(bone_rightelbow) { transformation: [-0.9291023957412301f,-0.033767620291574624f,-0.36827772950281823f,-0.9562642618977546f,-0.0022246960969649343f,0.9963150423089346f,-0.08574023090838107f,2.9449838776248733f,0.3698158852120649f,-0.07884214792095903f,-0.9257538154153225f,2.5655974772757917f,0f,0f,0f,1f], start_interpolation: 0, interpolation_duration: 1 }
$data merge entity $(bone_rightarm) { transformation: [-0.9291023957412301f,0.07853849723125887f,-0.36138683246704284f,-0.702460525699136f,-0.0022246960969649343f,0.9759851288204535f,0.21782579977725175f,3.426656038063272f,0.3698158852120649f,0.20318644830297802f,-0.9066153971066444f,2.614625207696724f,0f,0f,0f,1f], start_interpolation: 0, interpolation_duration: 1 }
$data merge entity $(bone_chest1) { transformation: [-1.0565004267150102f,0.04584006110154101f,-0.23519491546442806f,-0.017147694380215794f,-0.022568213531317494f,1.0395632230641512f,0.30399028290652624f,3.3190127579520277f,0.23855530847188738f,0.30136042401382435f,-1.0128595019790267f,2.3054545607239163f,0f,0f,0f,1f], start_interpolation: 0, interpolation_duration: 1 }
$data merge entity $(bone_chest1lid) { transformation: [-0.975231163121548f,0.04231390255526863f,-0.2171029988902413f,-0.29408062322627554f,-0.020832197105831535f,0.9595968212899858f,0.28060641499063965f,2.5462575112970445f,0.22020490012789606f,0.2781788529358379f,-0.9349472325960247f,2.5563802351745117f,0f,0f,0f,1f], start_interpolation: 0, interpolation_duration: 1 }
$data merge entity $(bone_chest2) { transformation: [-0.975231163121548f,0.04231390255526863f,-0.2171029988902413f,-0.30069217050053626f,-0.020832197105831535f,0.9595968212899858f,0.28060641499063965f,2.396320507970484f,0.22020490012789606f,0.2781788529358379f,-0.9349472325960247f,2.512914789403287f,0f,0f,0f,1f], start_interpolation: 0, interpolation_duration: 1 }
$data merge entity $(bone_chest1lid3) { transformation: [-0.975231163121548f,0.04231390255526863f,-0.2171029988902413f,-0.3722102841952396f,-0.020832197105831535f,0.9595968212899858f,0.28060641499063965f,2.7273230082195377f,0.22020490012789606f,0.2781788529358379f,-0.9349472325960247f,1.9436668580346899f,0f,0f,0f,1f], start_interpolation: 0, interpolation_duration: 1 }
$data merge entity $(bone_chest3) { transformation: [-0.975231163121548f,0.04231390255526863f,-0.2171029988902413f,-0.3788218314695003f,-0.020832197105831535f,0.9595968212899858f,0.28060641499063965f,2.5773860048929773f,0.22020490012789606f,0.2781788529358379f,-0.9349472325960247f,1.9002014122634652f,0f,0f,0f,1f], start_interpolation: 0, interpolation_duration: 1 }
$data merge entity $(bone_hugeasssword2) { transformation: [0.8503200789867775f,2.928110547320279f,-2.4583332084405143f,-1.2271034630668485f,-1.0990417920466717f,2.599308846555154f,2.715875261740262f,4.4811084348406816f,3.6618766610010978f,0.10019940453729984f,1.3859643490088802f,2.651833363060229f,0f,0f,0f,1f], start_interpolation: 0, interpolation_duration: 1 }
$data merge entity $(bone_belt) { transformation: [-0.975231163121548f,0.04231390255526863f,-0.2171029988902413f,0.025652169243003144f,-0.020832197105831535f,0.9595968212899858f,0.28060641499063965f,2.9007117041223287f,0.22020490012789606f,0.2781788529358379f,-0.9349472325960247f,2.3099816206539137f,0f,0f,0f,1f], start_interpolation: 0, interpolation_duration: 1 }
$data merge entity $(bone_torn_part) { transformation: [-0.975231163121548f,0.10116884031192654f,-0.19669530809486227f,-0.10717007435748702f,-0.020832197105831535f,0.8433029388592814f,0.5370346105001453f,2.6268545031352417f,0.22020490012789606f,0.5278304832626086f,-0.8203077367052104f,2.256477755399821f,0f,0f,0f,1f], start_interpolation: 0, interpolation_duration: 1 }
$data merge entity $(bone_lowerbody) { transformation: [-0.975231163121548f,0.03733901801362f,-0.21801370647363308f,0.0004935789994934105f,-0.020832197105831535f,0.9657617293178045f,0.258592926718477f,2.120960922670613f,0.22020490012789606f,0.25672958520369715f,-0.9410630807978821f,2.2419541235836657f,0f,0f,0f,1f], start_interpolation: 0, interpolation_duration: 1 }
$data merge entity $(bone_leftfoot) { transformation: [-0.9889321888725457f,0.11153328977148129f,0.09784401404534844f,0.039535061203679916f,0.06694997818078006f,0.9239690854735378f,-0.3765618534992458f,0.17368129074279914f,-0.13240402649975802f,-0.36584348342145584f,-0.9212099214645413f,2.9300194283766743f,0f,0f,0f,1f], start_interpolation: 0, interpolation_duration: 1 }
$data merge entity $(bone_leftlowerleg) { transformation: [-0.9889321888725457f,0.11153328977148129f,0.09784401404534844f,0.14823399985341063f,0.06694997818078006f,0.9239690854735378f,-0.3765618534992458f,1.2565665762720553f,-0.13240402649975802f,-0.36584348342145584f,-0.9212099214645413f,2.6657016880956172f,0f,0f,0f,1f], start_interpolation: 0, interpolation_duration: 1 }
$data merge entity $(bone_leftleg) { transformation: [-0.9889321888725457f,0.13084498322742819f,0.06994795333653153f,0.2545310877729902f,0.06694997818078006f,0.8142643987029372f,-0.576620489946843f,2.13883096543371f,-0.13240402649975802f,-0.5655555493222201f,-0.8140123429024239f,2.081859698794963f,0f,0f,0f,1f], start_interpolation: 0, interpolation_duration: 1 }
$data merge entity $(bone_rightfoot) { transformation: [-0.9803572313528157f,-0.027175028144984098f,0.1953489615522973f,-0.3692921661161609f,0.11242936468358149f,0.7367800033325101f,0.6667194797260634f,0.3775280523687282f,-0.1620473291698689f,0.6755862228721555f,-0.719252333033579f,1.2379288296184776f,0f,0f,0f,1f], start_interpolation: 0, interpolation_duration: 1 }
$data merge entity $(bone_rightlowerleg) { transformation: [-0.9803572313528157f,-0.027175028144984098f,0.1953489615522973f,-0.42945397625530635f,0.11242936468358149f,0.7367800033325101f,0.6667194797260634f,1.0924548374035459f,-0.1620473291698689f,0.6755862228721555f,-0.719252333033579f,2.0979172698589275f,0f,0f,0f,1f], start_interpolation: 0, interpolation_duration: 1 }
$data merge entity $(bone_rightleg) { transformation: [-0.9606976672058569f,0.1511514720735239f,0.23283733531208284f,-0.24489725585853453f,0.13021761550854757f,0.9861327891778656f,-0.1028858334249729f,2.13883096543371f,-0.2451598760737422f,-0.06852265755419827f,-0.9670580543924018f,2.0579571973051265f,0f,0f,0f,1f], start_interpolation: 0, interpolation_duration: 1 }
data modify entity @s data merge value {"locators":{"lefthand":{"posx":1.328201683044414,"posy":1.9022269950546455,"posz":2.766554806617048,"roty":22.536889583245966,"rotx":-18.846228344738936},"righthand":{"posx":-0.7972969161064234,"posy":1.8787498128757398,"posz":2.8258961184672775,"roty":16.917832539192602,"rotx":-19.51798501417805},"chest":{"posx":-0.293278872406928,"posy":2.4417869514645756,"posz":2.6919609650881475,"roty":346.92709571535346,"rotx":16.296400774167537},"sack":{"posx":0,"posy":-0.4375,"posz":0,"roty":0,"rotx":0}},"cameras":{}}