# This file was generated by Animated Java via MC-Build. It is not recommended to edit this file directly.
$data merge entity $(bone_nose) {transformation: [-1f,0f,0f,0f,0f,0.9977f,-0.0682f,4.2906f,0f,-0.0682f,-0.9977f,0.1572f,0f,0f,0f,1f],start_interpolation: 0,interpolation_duration: 1}
$data merge entity $(bone_glowing_eye) {transformation: [-1f,0f,0f,-0.125f,0f,0.9977f,-0.0682f,4.3606f,0f,-0.0682f,-0.9977f,0.1874f,0f,0f,0f,1f],start_interpolation: 0,interpolation_duration: 1}
$data merge entity $(bone_head) {transformation: [-1f,0f,0f,0f,0f,0.9977f,-0.0682f,4.1547f,0f,-0.0682f,-0.9977f,-0.0212f,0f,0f,0f,1f],start_interpolation: 0,interpolation_duration: 1}
$data merge entity $(bone_leftthumb2) {transformation: [-0.0933f,0.6172f,0.7812f,0.7665f,-0.4298f,0.6828f,-0.5908f,2.3357f,-0.8981f,-0.3909f,0.2016f,0.935f,0f,0f,0f,1f],start_interpolation: 0,interpolation_duration: 1}
$data merge entity $(bone_leftthumb) {transformation: [-0.0933f,0.6172f,0.7812f,0.9846f,-0.4298f,0.6828f,-0.5908f,2.4527f,-0.8981f,-0.3909f,0.2016f,0.8564f,0f,0f,0f,1f],start_interpolation: 0,interpolation_duration: 1}
$data merge entity $(bone_leftpointerfinger) {transformation: [-0.7231f,0.6886f,0.0552f,1.071f,0.5617f,0.6326f,-0.5332f,2.166f,-0.402f,-0.3545f,-0.8442f,0.9875f,0f,0f,0f,1f],start_interpolation: 0,interpolation_duration: 1}
$data merge entity $(bone_leftmidfinger) {transformation: [-0.7231f,0.6886f,0.0552f,1.0796f,0.5617f,0.6326f,-0.5332f,2.0827f,-0.402f,-0.3545f,-0.8442f,0.8556f,0f,0f,0f,1f],start_interpolation: 0,interpolation_duration: 1}
$data merge entity $(bone_leftringfinger) {transformation: [-0.7231f,0.6886f,0.0552f,1.0882f,0.5617f,0.6326f,-0.5332f,1.9994f,-0.402f,-0.3545f,-0.8442f,0.7237f,0f,0f,0f,1f],start_interpolation: 0,interpolation_duration: 1}
$data merge entity $(bone_invisibility) {transformation: [-0.0195f,-0.0571f,0.9982f,0.9129f,0.7948f,0.6047f,0.0501f,2.2557f,-0.6065f,0.7944f,0.0336f,0.9576f,0f,0f,0f,1f],start_interpolation: 0,interpolation_duration: 1}
$data merge entity $(bone_swiftness) {transformation: [0.0552f,-0.0244f,0.9982f,0.8745f,-0.5332f,0.8445f,0.0501f,2.0388f,-0.8442f,-0.535f,0.0336f,0.87f,0f,0f,0f,1f],start_interpolation: 0,interpolation_duration: 1}
$data merge entity $(bone_suspicious_stew) {transformation: [0.0012f,-0.0603f,0.9982f,0.9244f,0.5401f,0.8401f,0.0501f,2.1161f,-0.8416f,0.539f,0.0336f,0.8244f,0f,0f,0f,1f],start_interpolation: 0,interpolation_duration: 1}
$data merge entity $(bone_log) {transformation: [-0.9982f,-0.0244f,0.0552f,0.8303f,-0.0501f,0.8445f,-0.5332f,2.192f,-0.0336f,-0.535f,-0.8442f,0.7148f,0f,0f,0f,1f],start_interpolation: 0,interpolation_duration: 1}
$data merge entity $(bone_planks) {transformation: [-0.9982f,-0.0244f,0.0552f,0.7367f,-0.0501f,0.8445f,-0.5332f,2.1873f,-0.0336f,-0.535f,-0.8442f,0.7116f,0f,0f,0f,1f],start_interpolation: 0,interpolation_duration: 1}
$data merge entity $(bone_lefthand1) {transformation: [-0.9982f,-0.0244f,0.0552f,1.072f,-0.0501f,0.8445f,-0.5332f,2.4323f,-0.0336f,-0.535f,-0.8442f,0.6158f,0f,0f,0f,1f],start_interpolation: 0,interpolation_duration: 1}
$data merge entity $(bone_leftforearm) {transformation: [-0.9982f,-0.0244f,0.0552f,0.9916f,-0.0501f,0.8445f,-0.5332f,3.0313f,-0.0336f,-0.535f,-0.8442f,0.2508f,0f,0f,0f,1f],start_interpolation: 0,interpolation_duration: 1}
$data merge entity $(bone_leftelbow) {transformation: [-0.9982f,-0.0315f,0.0515f,0.9857f,-0.0501f,0.9079f,-0.4162f,3.2016f,-0.0336f,-0.418f,-0.9078f,0.1724f,0f,0f,0f,1f],start_interpolation: 0,interpolation_duration: 1}
$data merge entity $(bone_leftarm) {transformation: [-0.9982f,-0.0315f,0.0515f,0.75f,-0.0501f,0.9079f,-0.4162f,3.6576f,-0.0336f,-0.418f,-0.9078f,-0.0156f,0f,0f,0f,1f],start_interpolation: 0,interpolation_duration: 1}
$data merge entity $(bone_rightthumb2) {transformation: [0.2137f,0.907f,-0.3628f,-1.3929f,0.7798f,-0.3821f,-0.4958f,3.7861f,-0.5884f,-0.177f,-0.789f,0.9623f,0f,0f,0f,1f],start_interpolation: 0,interpolation_duration: 1}
$data merge entity $(bone_rightthumb) {transformation: [0.2137f,0.907f,-0.3628f,-1.2015f,0.7798f,-0.3821f,-0.4958f,3.65f,-0.5884f,-0.177f,-0.789f,0.8515f,0f,0f,0f,1f],start_interpolation: 0,interpolation_duration: 1}
$data merge entity $(bone_rightpointerfinger) {transformation: [0.3923f,0.3246f,-0.8607f,-1.2228f,0.0557f,-0.9423f,-0.33f,3.9812f,-0.9181f,0.0815f,-0.3878f,0.7433f,0f,0f,0f,1f],start_interpolation: 0,interpolation_duration: 1}
$data merge entity $(bone_rightmidfinger) {transformation: [0.0584f,0.3933f,-0.9176f,-1.3662f,0.9666f,-0.2521f,-0.0465f,3.9739f,-0.2496f,-0.8842f,-0.3949f,0.6816f,0f,0f,0f,1f],start_interpolation: 0,interpolation_duration: 1}
$data merge entity $(bone_rightringfinger) {transformation: [0.0553f,0.3937f,-0.9176f,-1.5096f,0.9686f,-0.2444f,-0.0465f,3.9667f,-0.2425f,-0.8861f,-0.3949f,0.6199f,0f,0f,0f,1f],start_interpolation: 0,interpolation_duration: 1}
$data merge entity $(bone_hugeasssword) {transformation: [1.5365f,0.2533f,-3.5938f,-1.4429f,0.2182f,-3.9063f,-0.182f,3.7573f,-3.5961f,-0.1288f,-1.5466f,0.925f,0f,0f,0f,1f],start_interpolation: 0,interpolation_duration: 1}
$data merge entity $(bone_ice) {transformation: [0.3923f,0.0647f,-0.9176f,-1.4501f,0.0557f,-0.9974f,-0.0465f,3.772f,-0.9181f,-0.0329f,-0.3949f,0.9399f,0f,0f,0f,1f],start_interpolation: 0,interpolation_duration: 1}
$data merge entity $(bone_righthand1) {transformation: [0.3923f,0.0647f,-0.9176f,-1.3645f,0.0557f,-0.9974f,-0.0465f,3.5351f,-0.9181f,-0.0329f,-0.3949f,0.6898f,0f,0f,0f,1f],start_interpolation: 0,interpolation_duration: 1}
$data merge entity $(bone_rightforearm) {transformation: [-0.9175f,0.2838f,-0.2787f,-1.1032f,0.0183f,-0.6699f,-0.7422f,3.0745f,-0.3974f,-0.6861f,0.6094f,0.2227f,0f,0f,0f,1f],start_interpolation: 0,interpolation_duration: 1}
$data merge entity $(bone_rightelbow) {transformation: [-0.9175f,0.2364f,0.3199f,-1.0589f,0.0183f,0.8284f,-0.5598f,3.2299f,-0.3974f,-0.5078f,-0.7644f,0.1275f,0f,0f,0f,1f],start_interpolation: 0,interpolation_duration: 1}
$data merge entity $(bone_rightarm) {transformation: [-0.9175f,0.2364f,0.3199f,-0.75f,0.0183f,0.8284f,-0.5598f,3.6576f,-0.3974f,-0.5078f,-0.7644f,-0.0156f,0f,0f,0f,1f],start_interpolation: 0,interpolation_duration: 1}
$data merge entity $(bone_chest1) {transformation: [-1.0833f,0f,0f,-0.0023f,0f,1.0822f,0.0497f,3.5025f,0f,0.0497f,-1.0822f,-0.1329f,0f,0f,0f,1f],start_interpolation: 0,interpolation_duration: 1}
$data merge entity $(bone_chest1lid) {transformation: [-1f,0f,0f,-0.3438f,0f,0.9989f,0.0459f,2.8018f,0f,0.0459f,-0.9989f,0.2266f,0f,0f,0f,1f],start_interpolation: 0,interpolation_duration: 1}
$data merge entity $(bone_chest2) {transformation: [-1f,0f,0f,-0.3438f,0f,0.9989f,0.0459f,2.6457f,0f,0.0459f,-0.9989f,0.2195f,0f,0f,0f,1f],start_interpolation: 0,interpolation_duration: 1}
$data merge entity $(bone_chest1lid3) {transformation: [-1f,0f,0f,-0.2812f,0f,0.9989f,0.0459f,2.8312f,0f,0.0459f,-0.9989f,-0.4133f,0f,0f,0f,1f],start_interpolation: 0,interpolation_duration: 1}
$data merge entity $(bone_chest3) {transformation: [-1f,0f,0f,-0.2812f,0f,0.9989f,0.0459f,2.6751f,0f,0.0459f,-0.9989f,-0.4205f,0f,0f,0f,1f],start_interpolation: 0,interpolation_duration: 1}
$data merge entity $(bone_hugeasssword2) {transformation: [0f,2.8877f,-2.6461f,-1.2344f,-0.1797f,2.6433f,2.8846f,4.6737f,3.9125f,0.1214f,0.1325f,-0.3443f,0f,0f,0f,1f],start_interpolation: 0,interpolation_duration: 1}
$data merge entity $(bone_belt) {transformation: [-1f,0f,0f,0.0297f,0f,0.9989f,0.0459f,3.0986f,0f,0.0459f,-0.9989f,-0.0204f,0f,0f,0f,1f],start_interpolation: 0,interpolation_duration: 1}
$data merge entity $(bone_torn_part) {transformation: [-1f,0f,0f,-0.0937f,0f,0.9465f,0.3228f,2.8156f,0f,0.3228f,-0.9465f,-0.0355f,0f,0f,0f,1f],start_interpolation: 0,interpolation_duration: 1}
$data merge entity $(bone_lowerbody) {transformation: [-1f,0f,0f,0.0039f,0f,0.9997f,0.0233f,2.3242f,0f,0.0233f,-0.9997f,0.0938f,0f,0f,0f,1f],start_interpolation: 0,interpolation_duration: 1}
data modify entity @s data merge value {"cameras":{},"locators":{"lefthand":{"posx":0.9249352248804101,"posy":2.1390659804562913,"posz":0.772903727018105,"roty":3.741216373808868,"rotx":-32.219753336010804},"sword":{"posx":1.9835549322774606,"posy":3.9648442181922228,"posz":2.3165318059799604,"roty":293.28426790833754,"rotx":-2.663225345363245},"righthand":{"posx":-1.3999579914248896,"posy":3.7935033699875182,"posz":0.8604621445709795,"roty":293.28426790833754,"rotx":-2.663225345363245},"chest":{"posx":-0.37500000000000006,"posy":2.7321914790362567,"posz":0.37985087865921424,"roty":0,"rotx":2.6301155382788033}}}