# This file was generated by Animated Java via MC-Build. It is not recommended to edit this file directly.
$data merge entity $(bone_nose) {transformation: [-1f,0f,0f,0f,0f,0.9939f,-0.1104f,4.2974f,0f,-0.1104f,-0.9939f,0.1242f,0f,0f,0f,1f],start_interpolation: 0,interpolation_duration: 1}
$data merge entity $(bone_glowing_eye) {transformation: [-1f,0f,0f,-0.125f,0f,0.9939f,-0.1104f,4.3685f,0f,-0.1104f,-0.9939f,0.1515f,0f,0f,0f,1f],start_interpolation: 0,interpolation_duration: 1}
$data merge entity $(bone_head) {transformation: [-1f,0f,0f,0f,0f,0.9939f,-0.1104f,4.154f,0f,-0.1104f,-0.9939f,-0.0482f,0f,0f,0f,1f],start_interpolation: 0,interpolation_duration: 1}
$data merge entity $(bone_leftthumb2) {transformation: [0.245f,0.6899f,0.6812f,0.711f,-0.8234f,0.519f,-0.2295f,2.8116f,-0.5118f,-0.5047f,0.6952f,1.3034f,0f,0f,0f,1f],start_interpolation: 0,interpolation_duration: 1}
$data merge entity $(bone_leftthumb) {transformation: [0.245f,0.6899f,0.6812f,0.9384f,-0.8234f,0.519f,-0.2295f,2.9193f,-0.5118f,-0.5047f,0.6952f,1.239f,0f,0f,0f,1f],start_interpolation: 0,interpolation_duration: 1}
$data merge entity $(bone_leftpointerfinger) {transformation: [-0.6624f,0.708f,0.245f,1.021f,0.2433f,0.5126f,-0.8234f,2.7302f,-0.7086f,-0.4858f,-0.5118f,1.4912f,0f,0f,0f,1f],start_interpolation: 0,interpolation_duration: 1}
$data merge entity $(bone_leftmidfinger) {transformation: [-0.6624f,0.708f,0.245f,1.0593f,0.2433f,0.5126f,-0.8234f,2.6016f,-0.7086f,-0.4858f,-0.5118f,1.4112f,0f,0f,0f,1f],start_interpolation: 0,interpolation_duration: 1}
$data merge entity $(bone_leftringfinger) {transformation: [-0.6624f,0.708f,0.245f,1.0976f,0.2433f,0.5126f,-0.8234f,2.4729f,-0.7086f,-0.4858f,-0.5118f,1.3312f,0f,0f,0f,1f],start_interpolation: 0,interpolation_duration: 1}
$data merge entity $(bone_invisibility) {transformation: [0.0275f,-0.2436f,0.9695f,0.8651f,0.4555f,0.8664f,0.2047f,2.7747f,-0.8898f,0.4359f,0.1347f,1.4061f,0f,0f,0f,1f],start_interpolation: 0,interpolation_duration: 1}
$data merge entity $(bone_swiftness) {transformation: [0.245f,0.0062f,0.9695f,0.8598f,-0.8234f,0.5292f,0.2047f,2.5379f,-0.5118f,-0.8484f,0.1347f,1.418f,0f,0f,0f,1f],start_interpolation: 0,interpolation_duration: 1}
$data merge entity $(bone_suspicious_stew) {transformation: [0.1091f,-0.2195f,0.9695f,0.9108f,0.1317f,0.9699f,0.2047f,2.5955f,-0.9853f,0.1053f,0.1347f,1.3499f,0f,0f,0f,1f],start_interpolation: 0,interpolation_duration: 1}
$data merge entity $(bone_log) {transformation: [-0.9695f,0.0062f,0.245f,0.8322f,-0.2047f,0.5292f,-0.8234f,2.6038f,-0.1347f,-0.8484f,-0.5118f,1.2072f,0f,0f,0f,1f],start_interpolation: 0,interpolation_duration: 1}
$data merge entity $(bone_planks) {transformation: [-0.9695f,0.0062f,0.245f,0.7413f,-0.2047f,0.5292f,-0.8234f,2.5846f,-0.1347f,-0.8484f,-0.5118f,1.1946f,0f,0f,0f,1f],start_interpolation: 0,interpolation_duration: 1}
$data merge entity $(bone_lefthand1) {transformation: [-0.9695f,0.0062f,0.245f,1.0684f,-0.2047f,0.5292f,-0.8234f,2.8131f,-0.1347f,-0.8484f,-0.5118f,1.0448f,0f,0f,0f,1f],start_interpolation: 0,interpolation_duration: 1}
$data merge entity $(bone_leftforearm) {transformation: [-0.9695f,0.0062f,0.245f,1.0083f,-0.2047f,0.5292f,-0.8234f,3.1852f,-0.1347f,-0.8484f,-0.5118f,0.4478f,0f,0f,0f,1f],start_interpolation: 0,interpolation_duration: 1}
$data merge entity $(bone_leftelbow) {transformation: [-0.9695f,-0.0564f,0.2385f,0.9977f,-0.2047f,0.7214f,-0.6616f,3.3205f,-0.1347f,-0.6902f,-0.7109f,0.3184f,0f,0f,0f,1f],start_interpolation: 0,interpolation_duration: 1}
$data merge entity $(bone_leftarm) {transformation: [-0.9695f,-0.0564f,0.2385f,0.75f,-0.2047f,0.7214f,-0.6616f,3.6571f,-0.1347f,-0.6902f,-0.7109f,-0.034f,0f,0f,0f,1f],start_interpolation: 0,interpolation_duration: 1}
$data merge entity $(bone_rightthumb2) {transformation: [0.2586f,0.9066f,-0.3336f,-1.404f,0.7342f,-0.4089f,-0.5419f,3.8702f,-0.6277f,-0.1048f,-0.7714f,0.8918f,0f,0f,0f,1f],start_interpolation: 0,interpolation_duration: 1}
$data merge entity $(bone_rightthumb) {transformation: [0.2586f,0.9066f,-0.3336f,-1.2102f,0.7342f,-0.4089f,-0.5419f,3.7236f,-0.6277f,-0.1048f,-0.7714f,0.8002f,0f,0f,0f,1f],start_interpolation: 0,interpolation_duration: 1}
$data merge entity $(bone_rightpointerfinger) {transformation: [0.4282f,0.2783f,-0.8597f,-1.2154f,-0.0299f,-0.9465f,-0.3213f,4.0458f,-0.9032f,0.1633f,-0.397f,0.666f,0f,0f,0f,1f],start_interpolation: 0,interpolation_duration: 1}
$data merge entity $(bone_rightmidfinger) {transformation: [0.0931f,0.419f,-0.9032f,-1.3565f,0.9491f,-0.3116f,-0.0467f,4.0385f,-0.301f,-0.8528f,-0.4267f,0.5993f,0f,0f,0f,1f],start_interpolation: 0,interpolation_duration: 1}
$data merge entity $(bone_rightringfinger) {transformation: [0.091f,0.4195f,-0.9032f,-1.4976f,0.9506f,-0.3068f,-0.0467f,4.0312f,-0.2967f,-0.8544f,-0.4267f,0.5326f,0f,0f,0f,1f],start_interpolation: 0,interpolation_duration: 1}
$data merge entity $(bone_hugeasssword) {transformation: [1.6772f,0.1152f,-3.5375f,-1.4501f,-0.117f,-3.9106f,-0.1828f,3.8444f,-3.5375f,0.184f,-1.6712f,0.8554f,0f,0f,0f,1f],start_interpolation: 0,interpolation_duration: 1}
$data merge entity $(bone_ice) {transformation: [0.4282f,0.0294f,-0.9032f,-1.4573f,-0.0299f,-0.9985f,-0.0467f,3.8604f,-0.9032f,0.047f,-0.4267f,0.8688f,0f,0f,0f,1f],start_interpolation: 0,interpolation_duration: 1}
$data merge entity $(bone_righthand1) {transformation: [0.4282f,0.0294f,-0.9032f,-1.3711f,-0.0299f,-0.9985f,-0.0467f,3.6019f,-0.9032f,0.047f,-0.4267f,0.6414f,0f,0f,0f,1f],start_interpolation: 0,interpolation_duration: 1}
$data merge entity $(bone_rightforearm) {transformation: [-0.9084f,0.2733f,-0.3165f,-1.1172f,0.0119f,-0.7396f,-0.6729f,3.0916f,-0.418f,-0.615f,0.6686f,0.2246f,0f,0f,0f,1f],start_interpolation: 0,interpolation_duration: 1}
$data merge entity $(bone_rightelbow) {transformation: [-0.9084f,0.26f,0.3275f,-1.0685f,0.0119f,0.7989f,-0.6013f,3.2414f,-0.418f,-0.5423f,-0.7288f,0.123f,0f,0f,0f,1f],start_interpolation: 0,interpolation_duration: 1}
$data merge entity $(bone_rightarm) {transformation: [-0.9084f,0.26f,0.3275f,-0.75f,0.0119f,0.7989f,-0.6013f,3.6571f,-0.418f,-0.5423f,-0.7288f,-0.034f,0f,0f,0f,1f],start_interpolation: 0,interpolation_duration: 1}
$data merge entity $(bone_chest1) {transformation: [-1.0833f,0f,0f,-0.0023f,0f,1.0829f,0.0309f,3.5f,0f,0.0309f,-1.0829f,-0.1486f,0f,0f,0f,1f],start_interpolation: 0,interpolation_duration: 1}
$data merge entity $(bone_chest1lid) {transformation: [-1f,0f,0f,-0.3438f,0f,0.9996f,0.0285f,2.8057f,0f,0.0285f,-0.9996f,0.2231f,0f,0f,0f,1f],start_interpolation: 0,interpolation_duration: 1}
$data merge entity $(bone_chest2) {transformation: [-1f,0f,0f,-0.3438f,0f,0.9996f,0.0285f,2.6495f,0f,0.0285f,-0.9996f,0.2187f,0f,0f,0f,1f],start_interpolation: 0,interpolation_duration: 1}
$data merge entity $(bone_chest1lid3) {transformation: [-1f,0f,0f,-0.2812f,0f,0.9996f,0.0285f,2.8239f,0f,0.0285f,-0.9996f,-0.4173f,0f,0f,0f,1f],start_interpolation: 0,interpolation_duration: 1}
$data merge entity $(bone_chest3) {transformation: [-1f,0f,0f,-0.2812f,0f,0.9996f,0.0285f,2.6677f,0f,0.0285f,-0.9996f,-0.4217f,0f,0f,0f,1f],start_interpolation: 0,interpolation_duration: 1}
$data merge entity $(bone_hugeasssword2) {transformation: [0f,2.8877f,-2.6461f,-1.2344f,-0.1116f,2.645f,2.8865f,4.6674f,3.9151f,0.0754f,0.0823f,-0.3804f,0f,0f,0f,1f],start_interpolation: 0,interpolation_duration: 1}
$data merge entity $(bone_belt) {transformation: [-1f,0f,0f,0.0297f,0f,0.9996f,0.0285f,3.0981f,0f,0.0285f,-0.9996f,-0.0291f,0f,0f,0f,1f],start_interpolation: 0,interpolation_duration: 1}
$data merge entity $(bone_torn_part) {transformation: [-1f,0f,0f,-0.0937f,0f,0.9496f,0.3135f,2.8144f,0f,0.3135f,-0.9496f,-0.0403f,0f,0f,0f,1f],start_interpolation: 0,interpolation_duration: 1}
$data merge entity $(bone_lowerbody) {transformation: [-1f,0f,0f,0.0039f,0f,0.9999f,0.0135f,2.3242f,0f,0.0135f,-0.9999f,0.0938f,0f,0f,0f,1f],start_interpolation: 0,interpolation_duration: 1}
data modify entity @s data merge value {"cameras":{},"locators":{"lefthand":{"posx":0.9187376565785884,"posy":2.5945405890960807,"posz":1.2941465768312828,"roty":25.580987594998078,"rotx":-55.426451244501784},"sword":{"posx":1.9270510257468019,"posy":4.046088130495432,"posz":2.363455641268934,"roty":295.2866636395285,"rotx":-2.675419441612043},"righthand":{"posx":-1.4034858211525967,"posy":3.8739633337989132,"posz":0.7900664281981178,"roty":295.2866636395285,"rotx":-2.675419441612043},"chest":{"posx":-0.37500000000000006,"posy":2.7387297365714245,"posz":0.3775099472719702,"roty":0,"rotx":1.632594752186589}}}