# This file was generated by Animated Java via MC-Build. It is not recommended to edit this file directly.
$data merge entity $(bone_nose) {transformation: [-1f,0f,0f,0f,0f,0.9122f,-0.4097f,4.1797f,0f,-0.4097f,-0.9122f,-0.6354f,0f,0f,0f,1f],start_interpolation: 0,interpolation_duration: 1}
$data merge entity $(bone_glowing_eye) {transformation: [-1f,0f,0f,-0.125f,0f,0.9122f,-0.4097f,4.2558f,0f,-0.4097f,-0.9122f,-0.6313f,0f,0f,0f,1f],start_interpolation: 0,interpolation_duration: 1}
$data merge entity $(bone_head) {transformation: [-1f,0f,0f,0f,0f,0.9122f,-0.4097f,3.9903f,0f,-0.4097f,-0.9122f,-0.7556f,0f,0f,0f,1f],start_interpolation: 0,interpolation_duration: 1}
$data merge entity $(bone_leftthumb2) {transformation: [-0.0015f,0.9533f,0.302f,0.405f,0.6034f,-0.24f,0.7605f,4.4178f,0.7974f,0.1834f,-0.5749f,-0.2121f,0f,0f,0f,1f],start_interpolation: 0,interpolation_duration: 1}
$data merge entity $(bone_leftthumb) {transformation: [-0.0015f,0.9533f,0.302f,0.6646f,0.6034f,-0.24f,0.7605f,4.4239f,0.7974f,0.1834f,-0.5749f,-0.2163f,0f,0f,0f,1f],start_interpolation: 0,interpolation_duration: 1}
$data merge entity $(bone_leftpointerfinger) {transformation: [-0.2969f,0.9531f,-0.0588f,0.6118f,-0.861f,-0.2405f,0.4482f,4.7257f,0.413f,0.1836f,0.892f,-0.3188f,0f,0f,0f,1f],start_interpolation: 0,interpolation_duration: 1}
$data merge entity $(bone_leftmidfinger) {transformation: [-0.2969f,0.9531f,-0.0588f,0.6026f,-0.861f,-0.2405f,0.4482f,4.7957f,0.413f,0.1836f,0.892f,-0.1794f,0f,0f,0f,1f],start_interpolation: 0,interpolation_duration: 1}
$data merge entity $(bone_leftringfinger) {transformation: [-0.2969f,0.9531f,-0.0588f,0.5935f,-0.861f,-0.2405f,0.4482f,4.8657f,0.413f,0.1836f,0.892f,-0.04f,0f,0f,0f,1f],start_interpolation: 0,interpolation_duration: 1}
$data merge entity $(bone_invisibility) {transformation: [0.3717f,0.0915f,0.9238f,0.5088f,-0.7748f,-0.5177f,0.363f,4.5813f,0.5114f,-0.8507f,-0.1215f,-0.2881f,0f,0f,0f,1f],start_interpolation: 0,interpolation_duration: 1}
$data merge entity $(bone_swiftness) {transformation: [-0.0588f,0.3783f,0.9238f,0.3984f,0.4482f,-0.8169f,0.363f,4.757f,0.892f,0.4354f,-0.1215f,-0.1734f,0f,0f,0f,1f],start_interpolation: 0,interpolation_duration: 1}
$data merge entity $(bone_suspicious_stew) {transformation: [0.318f,0.2131f,0.9238f,0.48f,-0.551f,-0.7514f,0.363f,4.7036f,0.7715f,-0.6245f,-0.1215f,-0.1412f,0f,0f,0f,1f],start_interpolation: 0,interpolation_duration: 1}
$data merge entity $(bone_log) {transformation: [-0.9238f,0.3783f,-0.0588f,0.4379f,-0.363f,-0.8169f,0.4482f,4.5885f,0.1215f,0.4354f,0.892f,-0.0336f,0f,0f,0f,1f],start_interpolation: 0,interpolation_duration: 1}
$data merge entity $(bone_planks) {transformation: [-0.9238f,0.3783f,-0.0588f,0.3513f,-0.363f,-0.8169f,0.4482f,4.5544f,0.1215f,0.4354f,0.892f,-0.0222f,0f,0f,0f,1f],start_interpolation: 0,interpolation_duration: 1}
$data merge entity $(bone_lefthand1) {transformation: [-0.9238f,0.3783f,-0.0588f,0.7653f,-0.363f,-0.8169f,0.4482f,4.461f,0.1215f,0.4354f,0.892f,0.017f,0f,0f,0f,1f],start_interpolation: 0,interpolation_duration: 1}
$data merge entity $(bone_leftforearm) {transformation: [-0.9238f,0.3672f,0.1083f,0.964f,-0.363f,-0.9301f,0.0568f,3.7835f,0.1215f,0.0132f,0.9925f,0.0183f,0f,0f,0f,1f],start_interpolation: 0,interpolation_duration: 1}
$data merge entity $(bone_leftelbow) {transformation: [-0.9238f,0f,0.3828f,0.964f,-0.363f,-0.3175f,-0.876f,3.7239f,0.1215f,-0.9483f,0.2933f,-0.1595f,0f,0f,0f,1f],start_interpolation: 0,interpolation_duration: 1}
$data merge entity $(bone_leftarm) {transformation: [-0.9238f,0f,0.3828f,0.75f,-0.363f,-0.3175f,-0.876f,3.5132f,0.1215f,-0.9483f,0.2933f,-0.6162f,0f,0f,0f,1f],start_interpolation: 0,interpolation_duration: 1}
$data merge entity $(bone_rightthumb2) {transformation: [0.2849f,0.9073f,-0.3092f,-1.4126f,0.5354f,-0.4182f,-0.7338f,3.9799f,-0.7951f,0.0435f,-0.6049f,0.1899f,0f,0f,0f,1f],start_interpolation: 0,interpolation_duration: 1}
$data merge entity $(bone_rightthumb) {transformation: [0.2849f,0.9073f,-0.3092f,-1.2165f,0.5354f,-0.4182f,-0.7338f,3.8146f,-0.7951f,0.0435f,-0.6049f,0.1489f,0f,0f,0f,1f],start_interpolation: 0,interpolation_duration: 1}
$data merge entity $(bone_rightpointerfinger) {transformation: [0.4517f,0.0169f,-0.892f,-1.212f,-0.2873f,-0.9438f,-0.1634f,4.086f,-0.8446f,0.3301f,-0.4214f,-0.0705f,0f,0f,0f,1f],start_interpolation: 0,interpolation_duration: 1}
$data merge entity $(bone_rightmidfinger) {transformation: [0.1111f,0.4379f,-0.8921f,-1.3514f,0.8348f,-0.5282f,-0.1553f,4.0617f,-0.5392f,-0.7275f,-0.4243f,-0.1368f,0f,0f,0f,1f],start_interpolation: 0,interpolation_duration: 1}
$data merge entity $(bone_rightringfinger) {transformation: [0.1098f,0.4382f,-0.8921f,-1.4908f,0.8363f,-0.5258f,-0.1553f,4.0375f,-0.5371f,-0.729f,-0.4243f,-0.2031f,0f,0f,0f,1f],start_interpolation: 0,interpolation_duration: 1}
$data merge entity $(bone_hugeasssword) {transformation: [1.7692f,0.0364f,-3.4941f,-1.4555f,-1.1254f,-3.7019f,-0.6083f,3.9485f,-3.3081f,1.2788f,-1.6617f,0.1605f,0f,0f,0f,1f],start_interpolation: 0,interpolation_duration: 1}
$data merge entity $(bone_ice) {transformation: [0.4517f,0.0093f,-0.8921f,-1.4627f,-0.2873f,-0.9452f,-0.1553f,3.9678f,-0.8446f,0.3265f,-0.4243f,0.1686f,0f,0f,0f,1f],start_interpolation: 0,interpolation_duration: 1}
$data merge entity $(bone_righthand1) {transformation: [0.4517f,0.0093f,-0.8921f,-1.3754f,-0.2873f,-0.9452f,-0.1553f,3.6548f,-0.8446f,0.3265f,-0.4243f,0.0258f,0f,0f,0f,1f],start_interpolation: 0,interpolation_duration: 1}
$data merge entity $(bone_rightforearm) {transformation: [-0.9025f,0.2667f,-0.3382f,-1.1262f,-0.097f,-0.8909f,-0.4437f,3.0414f,-0.4196f,-0.3677f,0.8299f,-0.2194f,0f,0f,0f,1f],start_interpolation: 0,interpolation_duration: 1}
$data merge entity $(bone_rightelbow) {transformation: [-0.9025f,0.275f,0.3314f,-1.0746f,-0.097f,0.62f,-0.7786f,3.1576f,-0.4196f,-0.7348f,-0.5329f,-0.3572f,0f,0f,0f,1f],start_interpolation: 0,interpolation_duration: 1}
$data merge entity $(bone_rightarm) {transformation: [-0.9025f,0.275f,0.3314f,-0.75f,-0.097f,0.62f,-0.7786f,3.5132f,-0.4196f,-0.7348f,-0.5329f,-0.6162f,0f,0f,0f,1f],start_interpolation: 0,interpolation_duration: 1}
$data merge entity $(bone_chest1) {transformation: [-1.0833f,0f,0f,-0.0023f,0f,1.0555f,-0.244f,3.3322f,0f,-0.244f,-1.0555f,-0.6873f,0f,0f,0f,1f],start_interpolation: 0,interpolation_duration: 1}
$data merge entity $(bone_chest1lid) {transformation: [-1f,0f,0f,-0.3437f,0f,0.9743f,-0.2252f,2.7544f,0f,-0.2252f,-0.9743f,-0.1521f,0f,0f,0f,1f],start_interpolation: 0,interpolation_duration: 1}
$data merge entity $(bone_chest2) {transformation: [-1f,0f,0f,-0.3437f,0f,0.9743f,-0.2252f,2.6022f,0f,-0.2252f,-0.9743f,-0.117f,0f,0f,0f,1f],start_interpolation: 0,interpolation_duration: 1}
$data merge entity $(bone_chest1lid3) {transformation: [-1f,0f,0f,-0.2812f,0f,0.9743f,-0.2252f,2.6102f,0f,-0.2252f,-0.9743f,-0.7763f,0f,0f,0f,1f],start_interpolation: 0,interpolation_duration: 1}
$data merge entity $(bone_chest3) {transformation: [-1f,0f,0f,-0.2812f,0f,0.9743f,-0.2252f,2.4579f,0f,-0.2252f,-0.9743f,-0.7411f,0f,0f,0f,1f],start_interpolation: 0,interpolation_duration: 1}
$data merge entity $(bone_hugeasssword2) {transformation: [0f,2.8877f,-2.6461f,-1.2344f,0.882f,2.5781f,2.8135f,4.403f,3.8161f,-0.5959f,-0.6503f,-1.2067f,0f,0f,0f,1f],start_interpolation: 0,interpolation_duration: 1}
$data merge entity $(bone_belt) {transformation: [-1f,0f,0f,0.0297f,0f,0.9743f,-0.2252f,2.9736f,0f,-0.2252f,-0.9743f,-0.4701f,0f,0f,0f,1f],start_interpolation: 0,interpolation_duration: 1}
$data merge entity $(bone_torn_part) {transformation: [-1f,0f,0f,-0.0937f,0f,0.9859f,0.1673f,2.6854f,0f,0.1673f,-0.9859f,-0.4221f,0f,0f,0f,1f],start_interpolation: 0,interpolation_duration: 1}
$data merge entity $(bone_lowerbody) {transformation: [-1f,0f,0f,0.0039f,0f,0.9906f,-0.1369f,2.221f,0f,-0.1369f,-0.9906f,-0.2159f,0f,0f,0f,1f],start_interpolation: 0,interpolation_duration: 1}
$data merge entity $(bone_leftfoot) {transformation: [-1f,0f,0f,0.2813f,0f,1f,0f,0.1416f,0f,0f,-1f,-0.2707f,0f,0f,0f,1f],start_interpolation: 0,interpolation_duration: 1}
$data merge entity $(bone_leftlowerleg) {transformation: [-1f,0f,0f,0.2813f,0f,0.9974f,0.072f,1.2371f,0f,0.072f,-0.9974f,-0.0376f,0f,0f,0f,1f],start_interpolation: 0,interpolation_duration: 1}
$data merge entity $(bone_leftleg) {transformation: [-1f,0f,0f,0.25f,0f,0.9358f,-0.3526f,2.2405f,0f,-0.3526f,-0.9358f,-0.3878f,0f,0f,0f,1f],start_interpolation: 0,interpolation_duration: 1}
$data merge entity $(bone_rightfoot) {transformation: [-1f,0f,0f,-0.2812f,0f,0.8326f,0.5539f,0.4523f,0f,0.5539f,-0.8326f,-1.2265f,0f,0f,0f,1f],start_interpolation: 0,interpolation_duration: 1}
$data merge entity $(bone_rightlowerleg) {transformation: [-1f,0f,0f,-0.2812f,0f,0.718f,0.696f,1.1419f,0f,0.696f,-0.718f,-0.344f,0f,0f,0f,1f],start_interpolation: 0,interpolation_duration: 1}
$data merge entity $(bone_rightleg) {transformation: [-1f,0f,0f,-0.25f,0f,0.9948f,-0.1023f,2.2015f,0f,-0.1023f,-0.9948f,-0.4268f,0f,0f,0f,1f],start_interpolation: 0,interpolation_duration: 1}
$execute on vehicle unless entity @s[tag=aj.transforms_only] as $(locator_chest) positioned ^-0.375 ^2.728713421 ^0.01417176 rotated ~0 ~-13.0143417948 run function animated_java:wander/animations/drink_potion_slow/zzz/frames/26_locator_commands
data modify entity @s data merge value {"cameras":{},"locators":{"lefthand":{"posx":0.49590365057433533,"posy":4.679309958208047,"posz":-0.09292768955128311,"roty":183.76882026215037,"rotx":26.62603167413234},"sword":{"posx":1.8830979564377712,"posy":4.530764438960489,"posz":1.6554514495478463,"roty":295.43425205512335,"rotx":-8.935408831319029},"righthand":{"posx":-1.4065908768522208,"posy":3.958018559011772,"posz":0.09098163931535218,"roty":295.43425205512335,"rotx":-8.935408831319029},"chest":{"posx":-0.375,"posy":2.728713420995859,"posz":0.014171760000885936,"roty":0,"rotx":-13.014341794776263}}}