# This file was generated by Animated Java via MC-Build. It is not recommended to edit this file directly.
$data merge entity $(bone_nose) {transformation: [-1f,0f,0f,0f,0f,0.8939f,-0.4483f,4.1326f,0f,-0.4483f,-0.8939f,-0.8091f,0f,0f,0f,1f],start_interpolation: 0,interpolation_duration: 1}
$data merge entity $(bone_glowing_eye) {transformation: [-1f,0f,0f,-0.125f,0f,0.8939f,-0.4483f,4.2088f,0f,-0.4483f,-0.8939f,-0.8083f,0f,0f,0f,1f],start_interpolation: 0,interpolation_duration: 1}
$data merge entity $(bone_head) {transformation: [-1f,0f,0f,0f,0f,0.8939f,-0.4483f,3.9383f,0f,-0.4483f,-0.8939f,-0.9211f,0f,0f,0f,1f],start_interpolation: 0,interpolation_duration: 1}
$data merge entity $(bone_leftthumb2) {transformation: [0.0949f,0.9501f,0.2972f,0.4145f,0.3957f,-0.3099f,0.8645f,4.4501f,0.9134f,0.0356f,-0.4054f,-0.1762f,0f,0f,0f,1f],start_interpolation: 0,interpolation_duration: 1}
$data merge entity $(bone_leftthumb) {transformation: [0.0949f,0.9501f,0.2972f,0.6729f,0.3957f,-0.3099f,0.8645f,4.448f,0.9134f,0.0356f,-0.4054f,-0.2021f,0f,0f,0f,1f],start_interpolation: 0,interpolation_duration: 1}
$data merge entity $(bone_leftpointerfinger) {transformation: [-0.3079f,0.9503f,0.0456f,0.6247f,-0.9173f,-0.3093f,0.2509f,4.7664f,0.2525f,0.0354f,0.9669f,-0.2339f,0f,0f,0f,1f],start_interpolation: 0,interpolation_duration: 1}
$data merge entity $(bone_leftmidfinger) {transformation: [-0.3079f,0.9503f,0.0456f,0.6318f,-0.9173f,-0.3093f,0.2509f,4.8056f,0.2525f,0.0354f,0.9669f,-0.0829f,0f,0f,0f,1f],start_interpolation: 0,interpolation_duration: 1}
$data merge entity $(bone_leftringfinger) {transformation: [-0.3079f,0.9503f,0.0456f,0.6389f,-0.9173f,-0.3093f,0.2509f,4.8448f,0.2525f,0.0354f,0.9669f,0.0682f,0f,0f,0f,1f],start_interpolation: 0,interpolation_duration: 1}
$data merge entity $(bone_invisibility) {transformation: [0.3825f,-0.0123f,0.9239f,0.5183f,-0.8743f,-0.3283f,0.3576f,4.6208f,0.2989f,-0.9445f,-0.1364f,-0.2235f,0f,0f,0f,1f],start_interpolation: 0,interpolation_duration: 1}
$data merge entity $(bone_swiftness) {transformation: [0.0456f,0.38f,0.9239f,0.4273f,0.2509f,-0.8996f,0.3576f,4.771f,0.9669f,0.2155f,-0.1364f,-0.0642f,0f,0f,0f,1f],start_interpolation: 0,interpolation_duration: 1}
$data merge entity $(bone_suspicious_stew) {transformation: [0.3636f,0.1192f,0.9239f,0.509f,-0.7092f,-0.6076f,0.3576f,4.71f,0.6039f,-0.7853f,-0.1364f,-0.0523f,0f,0f,0f,1f],start_interpolation: 0,interpolation_duration: 1}
$data merge entity $(bone_log) {transformation: [-0.9239f,0.38f,0.0456f,0.4721f,-0.3576f,-0.8996f,0.2509f,4.5758f,0.1364f,0.2155f,0.9669f,0.0328f,0f,0f,0f,1f],start_interpolation: 0,interpolation_duration: 1}
$data merge entity $(bone_planks) {transformation: [-0.9239f,0.38f,0.0456f,0.3854f,-0.3576f,-0.8996f,0.2509f,4.5423f,0.1364f,0.2155f,0.9669f,0.0456f,0f,0f,0f,1f],start_interpolation: 0,interpolation_duration: 1}
$data merge entity $(bone_lefthand1) {transformation: [-0.9239f,0.38f,0.0456f,0.7966f,-0.3576f,-0.8996f,0.2509f,4.4324f,0.1364f,0.2155f,0.9669f,0.0223f,0f,0f,0f,1f],start_interpolation: 0,interpolation_duration: 1}
$data merge entity $(bone_leftforearm) {transformation: [-0.9239f,0.3248f,0.2024f,0.9641f,-0.3576f,-0.9211f,-0.1541f,3.7649f,0.1364f,-0.2147f,0.9671f,-0.1352f,0f,0f,0f,1f],start_interpolation: 0,interpolation_duration: 1}
$data merge entity $(bone_leftelbow) {transformation: [-0.9239f,0f,0.3827f,0.9641f,-0.3576f,-0.3563f,-0.8632f,3.6981f,0.1364f,-0.9344f,0.3292f,-0.3104f,0f,0f,0f,1f],start_interpolation: 0,interpolation_duration: 1}
$data merge entity $(bone_leftarm) {transformation: [-0.9239f,0f,0.3827f,0.75f,-0.3576f,-0.3563f,-0.8632f,3.4687f,0.1364f,-0.9344f,0.3292f,-0.7581f,0f,0f,0f,1f],start_interpolation: 0,interpolation_duration: 1}
$data merge entity $(bone_rightthumb2) {transformation: [0.2753f,0.896f,-0.3483f,-1.4033f,0.4675f,-0.4413f,-0.766f,3.9789f,-0.84f,0.0481f,-0.5404f,0.0241f,0f,0f,0f,1f],start_interpolation: 0,interpolation_duration: 1}
$data merge entity $(bone_rightthumb) {transformation: [0.2753f,0.896f,-0.3483f,-1.2133f,0.4675f,-0.4413f,-0.766f,3.8052f,-0.84f,0.0481f,-0.5404f,-0.0103f,0f,0f,0f,1f],start_interpolation: 0,interpolation_duration: 1}
$data merge entity $(bone_rightpointerfinger) {transformation: [0.4306f,0.0158f,-0.9024f,-1.2126f,-0.3408f,-0.923f,-0.1788f,4.0628f,-0.8357f,0.3845f,-0.3921f,-0.2458f,0f,0f,0f,1f],start_interpolation: 0,interpolation_duration: 1}
$data merge entity $(bone_rightmidfinger) {transformation: [0.1146f,0.4153f,-0.9025f,-1.3537f,0.7826f,-0.5973f,-0.1755f,4.0354f,-0.6119f,-0.6862f,-0.3934f,-0.3073f,0f,0f,0f,1f],start_interpolation: 0,interpolation_duration: 1}
$data merge entity $(bone_rightringfinger) {transformation: [0.1119f,0.416f,-0.9025f,-1.4947f,0.7864f,-0.5922f,-0.1755f,4.008f,-0.6075f,-0.6901f,-0.3934f,-0.3688f,0f,0f,0f,1f],start_interpolation: 0,interpolation_duration: 1}
$data merge entity $(bone_hugeasssword) {transformation: [1.6865f,0.0493f,-3.5346f,-1.4514f,-1.3346f,-3.6175f,-0.6873f,3.941f,-3.2733f,1.5004f,-1.5409f,-0.0013f,0f,0f,0f,1f],start_interpolation: 0,interpolation_duration: 1}
$data merge entity $(bone_ice) {transformation: [0.4306f,0.0126f,-0.9025f,-1.4583f,-0.3408f,-0.9236f,-0.1755f,3.9608f,-0.8357f,0.3831f,-0.3934f,0.0057f,0f,0f,0f,1f],start_interpolation: 0,interpolation_duration: 1}
$data merge entity $(bone_righthand1) {transformation: [0.4306f,0.0126f,-0.9025f,-1.3757f,-0.3408f,-0.9236f,-0.1755f,3.6392f,-0.8357f,0.3831f,-0.3934f,-0.1197f,0f,0f,0f,1f],start_interpolation: 0,interpolation_duration: 1}
$data merge entity $(bone_rightforearm) {transformation: [-0.903f,0.2684f,-0.3354f,-1.1253f,-0.1175f,-0.9054f,-0.408f,3.0163f,-0.4132f,-0.3291f,0.8491f,-0.3385f,0f,0f,0f,1f],start_interpolation: 0,interpolation_duration: 1}
$data merge entity $(bone_rightelbow) {transformation: [-0.903f,0.2737f,0.3311f,-1.074f,-0.1175f,0.584f,-0.8032f,3.1258f,-0.4132f,-0.7642f,-0.4953f,-0.4818f,0f,0f,0f,1f],start_interpolation: 0,interpolation_duration: 1}
$data merge entity $(bone_rightarm) {transformation: [-0.903f,0.2737f,0.3311f,-0.75f,-0.1175f,0.584f,-0.8032f,3.4687f,-0.4132f,-0.7642f,-0.4953f,-0.7581f,0f,0f,0f,1f],start_interpolation: 0,interpolation_duration: 1}
$data merge entity $(bone_chest1) {transformation: [-1.0833f,0f,0f,-0.0023f,0f,1.042f,-0.2963f,3.2844f,0f,-0.2963f,-1.042f,-0.8201f,0f,0f,0f,1f],start_interpolation: 0,interpolation_duration: 1}
$data merge entity $(bone_chest1lid) {transformation: [-1f,0f,0f,-0.3437f,0f,0.9619f,-0.2735f,2.734f,0f,-0.2735f,-0.9619f,-0.2568f,0f,0f,0f,1f],start_interpolation: 0,interpolation_duration: 1}
$data merge entity $(bone_chest2) {transformation: [-1f,0f,0f,-0.3437f,0f,0.9619f,-0.2735f,2.5837f,0f,-0.2735f,-0.9619f,-0.214f,0f,0f,0f,1f],start_interpolation: 0,interpolation_duration: 1}
$data merge entity $(bone_chest1lid3) {transformation: [-1f,0f,0f,-0.2812f,0f,0.9619f,-0.2735f,2.5588f,0f,-0.2735f,-0.9619f,-0.8729f,0f,0f,0f,1f],start_interpolation: 0,interpolation_duration: 1}
$data merge entity $(bone_chest3) {transformation: [-1f,0f,0f,-0.2812f,0f,0.9619f,-0.2735f,2.4085f,0f,-0.2735f,-0.9619f,-0.8302f,0f,0f,0f,1f],start_interpolation: 0,interpolation_duration: 1}
$data merge entity $(bone_hugeasssword2) {transformation: [0f,2.8877f,-2.6461f,-1.2344f,1.0713f,2.5452f,2.7775f,4.3279f,3.7673f,-0.7238f,-0.7899f,-1.3923f,0f,0f,0f,1f],start_interpolation: 0,interpolation_duration: 1}
$data merge entity $(bone_belt) {transformation: [-1f,0f,0f,0.0297f,0f,0.9619f,-0.2735f,2.937f,0f,-0.2735f,-0.9619f,-0.5852f,0f,0f,0f,1f],start_interpolation: 0,interpolation_duration: 1}
$data merge entity $(bone_torn_part) {transformation: [-1f,0f,0f,-0.0937f,0f,0.99f,0.1408f,2.6493f,0f,0.1408f,-0.99f,-0.5258f,0f,0f,0f,1f],start_interpolation: 0,interpolation_duration: 1}
$data merge entity $(bone_lowerbody) {transformation: [-1f,0f,0f,0.0039f,0f,0.9866f,-0.1634f,2.1905f,0f,-0.1634f,-0.9866f,-0.3073f,0f,0f,0f,1f],start_interpolation: 0,interpolation_duration: 1}
$data merge entity $(bone_leftfoot) {transformation: [-1f,0f,0f,0.2813f,0f,1f,0f,0.1592f,0f,0f,-1f,-0.2808f,0f,0f,0f,1f],start_interpolation: 0,interpolation_duration: 1}
$data merge entity $(bone_leftlowerleg) {transformation: [-1f,0f,0f,0.2813f,0f,0.9956f,0.0932f,1.2494f,0f,0.0932f,-0.9956f,-0.0244f,0f,0f,0f,1f],start_interpolation: 0,interpolation_duration: 1}
$data merge entity $(bone_leftleg) {transformation: [-1f,0f,0f,0.25f,0f,0.8931f,-0.4499f,2.2101f,0f,-0.4499f,-0.8931f,-0.4792f,0f,0f,0f,1f],start_interpolation: 0,interpolation_duration: 1}
$data merge entity $(bone_rightfoot) {transformation: [-1f,0f,0f,-0.2812f,0f,0.9259f,0.3778f,0.3314f,0f,0.3778f,-0.9259f,-1.508f,0f,0f,0f,1f],start_interpolation: 0,interpolation_duration: 1}
$data merge entity $(bone_rightlowerleg) {transformation: [-1f,0f,0f,-0.2812f,0f,0.7798f,0.626f,1.1003f,0f,0.626f,-0.7798f,-0.6937f,0f,0f,0f,1f],start_interpolation: 0,interpolation_duration: 1}
$data merge entity $(bone_rightleg) {transformation: [-1f,0f,0f,-0.25f,0f,0.9925f,0.1226f,2.1516f,0f,0.1226f,-0.9925f,-0.5377f,0f,0f,0f,1f],start_interpolation: 0,interpolation_duration: 1}
data modify entity @s data merge value {"cameras":{},"locators":{"lefthand":{"posx":0.5282784296408978,"posy":4.675660483940946,"posz":-0.011943687758713614,"roty":177.2994276413617,"rotx":14.53047073815255},"sword":{"posx":1.9237743733090882,"posy":4.593071882169726,"posz":1.3783083101388753,"roty":293.5547873766717,"rotx":-10.10627954665931},"righthand":{"posx":-1.4040289544444031,"posy":3.946009201114408,"posz":-0.07244706158245208,"roty":293.5547873766717,"rotx":-10.10627954665931},"chest":{"posx":-0.375,"posy":2.716635099546406,"posz":-0.08936885658217057,"roty":0,"rotx":-15.874266137219012}}}