# This file was generated by Animated Java via MC-Build. It is not recommended to edit this file directly.
$data merge entity $(bone_nose) {transformation: [-1f,0f,0f,0f,0f,0.9988f,-0.048f,4.2871f,0f,-0.048f,-0.9988f,0.1706f,0f,0f,0f,1f],start_interpolation: 0,interpolation_duration: 1}
$data merge entity $(bone_glowing_eye) {transformation: [-1f,0f,0f,-0.125f,0f,0.9988f,-0.048f,4.3564f,0f,-0.048f,-0.9988f,0.2022f,0f,0f,0f,1f],start_interpolation: 0,interpolation_duration: 1}
$data merge entity $(bone_head) {transformation: [-1f,0f,0f,0f,0f,0.9988f,-0.048f,4.1548f,0f,-0.048f,-0.9988f,-0.0105f,0f,0f,0f,1f],start_interpolation: 0,interpolation_duration: 1}
$data merge entity $(bone_leftthumb2) {transformation: [-0.2542f,0.5858f,0.7696f,0.7437f,-0.1848f,0.7516f,-0.6332f,2.1833f,-0.9493f,-0.3032f,-0.0828f,0.7362f,0f,0f,0f,1f],start_interpolation: 0,interpolation_duration: 1}
$data merge entity $(bone_leftthumb) {transformation: [-0.2542f,0.5858f,0.7696f,0.9531f,-0.1848f,0.7516f,-0.6332f,2.3135f,-0.9493f,-0.3032f,-0.0828f,0.6548f,0f,0f,0f,1f],start_interpolation: 0,interpolation_duration: 1}
$data merge entity $(bone_leftpointerfinger) {transformation: [-0.7417f,0.6707f,0f,1.0311f,0.622f,0.6879f,-0.3741f,2.0029f,-0.2509f,-0.2775f,-0.9274f,0.7296f,0f,0f,0f,1f],start_interpolation: 0,interpolation_duration: 1}
$data merge entity $(bone_leftmidfinger) {transformation: [-0.7417f,0.6707f,0f,1.0311f,0.622f,0.6879f,-0.3741f,1.9444f,-0.2509f,-0.2775f,-0.9274f,0.5847f,0f,0f,0f,1f],start_interpolation: 0,interpolation_duration: 1}
$data merge entity $(bone_leftringfinger) {transformation: [-0.7417f,0.6707f,0f,1.0311f,0.622f,0.6879f,-0.3741f,1.8859f,-0.2509f,-0.2775f,-0.9274f,0.4398f,0f,0f,0f,1f],start_interpolation: 0,interpolation_duration: 1}
$data merge entity $(bone_invisibility) {transformation: [0f,0f,1f,0.875f,0.8912f,0.4535f,0f,2.1048f,-0.4535f,0.8912f,0f,0.7221f,0f,0f,0f,1f],start_interpolation: 0,interpolation_duration: 1}
$data merge entity $(bone_swiftness) {transformation: [0f,0f,1f,0.8229f,-0.3741f,0.9274f,0f,1.909f,-0.9274f,-0.3741f,0f,0.5989f,0f,0f,0f,1f],start_interpolation: 0,interpolation_duration: 1}
$data merge entity $(bone_suspicious_stew) {transformation: [0f,0f,1f,0.875f,0.6824f,0.731f,0f,1.9911f,-0.731f,0.6824f,0f,0.5658f,0f,0f,0f,1f],start_interpolation: 0,interpolation_duration: 1}
$data merge entity $(bone_log) {transformation: [-1f,0f,0f,0.7813f,0f,0.9274f,-0.3741f,2.0895f,0f,-0.3741f,-0.9274f,0.4756f,0f,0f,0f,1f],start_interpolation: 0,interpolation_duration: 1}
$data merge entity $(bone_planks) {transformation: [-1f,0f,0f,0.6875f,0f,0.9274f,-0.3741f,2.0895f,0f,-0.3741f,-0.9274f,0.4756f,0f,0f,0f,1f],start_interpolation: 0,interpolation_duration: 1}
$data merge entity $(bone_lefthand1) {transformation: [-1f,0f,0f,1.0313f,0f,0.9274f,-0.3741f,2.3331f,0f,-0.3741f,-0.9274f,0.411f,0f,0f,0f,1f],start_interpolation: 0,interpolation_duration: 1}
$data merge entity $(bone_leftforearm) {transformation: [-1f,0f,0f,0.9688f,0f,0.9274f,-0.3741f,2.991f,0f,-0.3741f,-0.9274f,0.1624f,0f,0f,0f,1f],start_interpolation: 0,interpolation_duration: 1}
$data merge entity $(bone_leftelbow) {transformation: [-1f,0f,0f,0.9688f,0f,0.9565f,-0.2919f,3.1703f,0f,-0.2919f,-0.9565f,0.1077f,0f,0f,0f,1f],start_interpolation: 0,interpolation_duration: 1}
$data merge entity $(bone_leftarm) {transformation: [-1f,0f,0f,0.75f,0f,0.9565f,-0.2919f,3.6576f,0f,-0.2919f,-0.9565f,-0.0084f,0f,0f,0f,1f],start_interpolation: 0,interpolation_duration: 1}
$data merge entity $(bone_rightthumb2) {transformation: [0.181f,0.9071f,-0.3801f,-1.3839f,0.8113f,-0.3562f,-0.4636f,3.724f,-0.5559f,-0.2245f,-0.8004f,1.0041f,0f,0f,0f,1f],start_interpolation: 0,interpolation_duration: 1}
$data merge entity $(bone_rightthumb) {transformation: [0.181f,0.9071f,-0.3801f,-1.194f,0.8113f,-0.3562f,-0.4636f,3.5971f,-0.5559f,-0.2245f,-0.8004f,0.8807f,0f,0f,0f,1f],start_interpolation: 0,interpolation_duration: 1}
$data merge entity $(bone_rightpointerfinger) {transformation: [0.3665f,0.1008f,-0.925f,-1.2267f,0.1169f,-0.9912f,-0.0617f,3.933f,-0.9231f,-0.0856f,-0.375f,0.7918f,0f,0f,0f,1f],start_interpolation: 0,interpolation_duration: 1}
$data merge entity $(bone_rightmidfinger) {transformation: [0.0321f,0.3759f,-0.9261f,-1.3714f,0.9774f,-0.2055f,-0.0496f,3.9252f,-0.209f,-0.9036f,-0.3739f,0.7333f,0f,0f,0f,1f],start_interpolation: 0,interpolation_duration: 1}
$data merge entity $(bone_rightringfinger) {transformation: [0.0285f,0.3761f,-0.9261f,-1.5161f,0.9793f,-0.1962f,-0.0496f,3.9175f,-0.2003f,-0.9056f,-0.3739f,0.6749f,0f,0f,0f,1f],start_interpolation: 0,interpolation_duration: 1}
$data merge entity $(bone_hugeasssword) {transformation: [1.4353f,0.3505f,-3.6273f,-1.4361f,0.458f,-3.8849f,-0.1942f,3.6935f,-3.6153f,-0.353f,-1.4646f,0.966f,0f,0f,0f,1f],start_interpolation: 0,interpolation_duration: 1}
$data merge entity $(bone_ice) {transformation: [0.3665f,0.0895f,-0.9261f,-1.4432f,0.1169f,-0.9919f,-0.0496f,3.7071f,-0.9231f,-0.0901f,-0.3739f,0.9819f,0f,0f,0f,1f],start_interpolation: 0,interpolation_duration: 1}
$data merge entity $(bone_righthand1) {transformation: [0.3665f,0.0895f,-0.9261f,-1.3581f,0.1169f,-0.9919f,-0.0496f,3.4869f,-0.9231f,-0.0901f,-0.3739f,0.7169f,0f,0f,0f,1f],start_interpolation: 0,interpolation_duration: 1}
$data merge entity $(bone_rightforearm) {transformation: [-0.9239f,0.2891f,-0.2507f,-1.0932f,0.0202f,-0.6174f,-0.7864f,3.0638f,-0.3821f,-0.7316f,0.5645f,0.2175f,0f,0f,0f,1f],start_interpolation: 0,interpolation_duration: 1}
$data merge entity $(bone_rightelbow) {transformation: [-0.9239f,0.2195f,0.3135f,-1.0521f,0.0202f,0.846f,-0.5328f,3.2224f,-0.3821f,-0.4859f,-0.786f,0.1264f,0f,0f,0f,1f],start_interpolation: 0,interpolation_duration: 1}
$data merge entity $(bone_rightarm) {transformation: [-0.9239f,0.2195f,0.3135f,-0.75f,0.0202f,0.846f,-0.5328f,3.6576f,-0.3821f,-0.4859f,-0.786f,-0.0084f,0f,0f,0f,1f],start_interpolation: 0,interpolation_duration: 1}
$data merge entity $(bone_chest1) {transformation: [-1.0833f,0f,0f,-0.0023f,0f,1.0818f,0.0572f,3.5034f,0f,0.0572f,-1.0818f,-0.1267f,0f,0f,0f,1f],start_interpolation: 0,interpolation_duration: 1}
$data merge entity $(bone_chest1lid) {transformation: [-1f,0f,0f,-0.3438f,0f,0.9986f,0.0528f,2.8002f,0f,0.0528f,-0.9986f,0.2279f,0f,0f,0f,1f],start_interpolation: 0,interpolation_duration: 1}
$data merge entity $(bone_chest2) {transformation: [-1f,0f,0f,-0.3438f,0f,0.9986f,0.0528f,2.6442f,0f,0.0528f,-0.9986f,0.2197f,0f,0f,0f,1f],start_interpolation: 0,interpolation_duration: 1}
$data merge entity $(bone_chest1lid3) {transformation: [-1f,0f,0f,-0.2812f,0f,0.9986f,0.0528f,2.8341f,0f,0.0528f,-0.9986f,-0.4118f,0f,0f,0f,1f],start_interpolation: 0,interpolation_duration: 1}
$data merge entity $(bone_chest3) {transformation: [-1f,0f,0f,-0.2812f,0f,0.9986f,0.0528f,2.678f,0f,0.0528f,-0.9986f,-0.4201f,0f,0f,0f,1f],start_interpolation: 0,interpolation_duration: 1}
$data merge entity $(bone_hugeasssword2) {transformation: [0f,2.8877f,-2.6461f,-1.2344f,-0.207f,2.6424f,2.8836f,4.6761f,3.9112f,0.1398f,0.1526f,-0.33f,0f,0f,0f,1f],start_interpolation: 0,interpolation_duration: 1}
$data merge entity $(bone_belt) {transformation: [-1f,0f,0f,0.0297f,0f,0.9986f,0.0528f,3.0987f,0f,0.0528f,-0.9986f,-0.0171f,0f,0f,0f,1f],start_interpolation: 0,interpolation_duration: 1}
$data merge entity $(bone_torn_part) {transformation: [-1f,0f,0f,-0.0937f,0f,0.9452f,0.3264f,2.8161f,0f,0.3264f,-0.9452f,-0.0336f,0f,0f,0f,1f],start_interpolation: 0,interpolation_duration: 1}
$data merge entity $(bone_lowerbody) {transformation: [-1f,0f,0f,0.0039f,0f,0.9996f,0.027f,2.3242f,0f,0.027f,-0.9996f,0.0938f,0f,0f,0f,1f],start_interpolation: 0,interpolation_duration: 1}
data modify entity @s data merge value {"cameras":{},"locators":{"lefthand":{"posx":0.875,"posy":2.0229215122969926,"posz":0.5192803422352574,"roty":0,"rotx":-21.971166180758015},"sword":{"posx":2.0193172912283686,"posy":3.9171836347824356,"posz":2.2815221841332636,"roty":291.98770801633594,"rotx":-2.8415082841290684},"righthand":{"posx":-1.395765383199772,"posy":3.7343819131588254,"posz":0.9025914000138491,"roty":291.98770801633594,"rotx":-2.8415082841290684},"chest":{"posx":-0.37500000000000006,"posy":2.7295473129977603,"posz":0.38064731435622934,"roty":0,"rotx":3.0288338192419824}}}