# This file was generated by Animated Java via MC-Build. It is not recommended to edit this file directly.
$data merge entity $(bone_nose) { transformation: [-0.9793522723617416f,-0.008715300562441568f,-0.20197319167651748f,-0.04742650702278501f,0.026671548851959784f,0.9847669388855775f,-0.17182172318937589f,4.0223187922512365f,0.20039399966498622f,-0.1736609328952119f,-0.9642012887795961f,-0.2635921661357635f,0f,0f,0f,1f], start_interpolation: 0, interpolation_duration: 1 }
$data merge entity $(bone_glowing_eye) { transformation: [-0.9793522723617416f,-0.008715300562441568f,-0.20197319167651748f,-0.1633876569711002f,0.026671548851959784f,0.9847669388855775f,-0.17182172318937589f,4.098325285270934f,0.20039399966498622f,-0.1736609328952119f,-0.9642012887795961f,-0.21665476573195636f,0f,0f,0f,1f], start_interpolation: 0, interpolation_duration: 1 }
$data merge entity $(bone_head) { transformation: [-0.9793522723617416f,-0.008715300562441568f,-0.20197319167651748f,-0.08417085895203527f,0.026671548851959784f,0.9847669388855775f,-0.17182172318937589f,3.8685483712585027f,0.20039399966498622f,-0.1736609328952119f,-0.9642012887795961f,-0.4227005691627013f,0f,0f,0f,1f], start_interpolation: 0, interpolation_duration: 1 }
$data merge entity $(bone_leftthumb2) { transformation: [-0.9978482375506911f,0.010266256722333323f,0.06475722963415359f,0.8677928189967545f,0.042890217082983066f,-0.6448258160313246f,0.7631252166309993f,4.449140304317545f,0.049591572827991204f,0.7642606040824336f,0.642997982074593f,-1.4789926243470903f,0f,0f,0f,1f], start_interpolation: 0, interpolation_duration: 1 }
$data merge entity $(bone_leftthumb) { transformation: [-0.9978482375506911f,0.010266256722333323f,0.06475722963415359f,0.8758445324124421f,0.042890217082983066f,-0.6448258160313246f,0.7631252166309993f,4.356216382329727f,0.049591572827991204f,0.7642606040824336f,0.642997982074593f,-1.2366144430972645f,0f,0f,0f,1f], start_interpolation: 0, interpolation_duration: 1 }
$data merge entity $(bone_leftpointerfinger) { transformation: [-0.9978482375506911f,0.010266256722333323f,0.06475722963415359f,0.9846510630466343f,0.042890217082983066f,-0.6448258160313246f,0.7631252166309993f,4.598880230251131f,0.049591572827991204f,0.7642606040824336f,0.642997982074593f,-1.4626710016801279f,0f,0f,0f,1f], start_interpolation: 0, interpolation_duration: 1 }
$data merge entity $(bone_leftmidfinger) { transformation: [-0.9978482375506911f,0.010266256722333323f,0.06475722963415359f,0.9947693801769707f,0.042890217082983066f,-0.6448258160313246f,0.7631252166309993f,4.718118545349725f,0.049591572827991204f,0.7642606040824336f,0.642997982074593f,-1.3622025669809728f,0f,0f,0f,1f], start_interpolation: 0, interpolation_duration: 1 }
$data merge entity $(bone_leftringfinger) { transformation: [-0.9978482375506911f,0.010266256722333323f,0.06475722963415359f,1.0048876973073073f,0.042890217082983066f,-0.6448258160313246f,0.7631252166309993f,4.837356860448319f,0.049591572827991204f,0.7642606040824336f,0.642997982074593f,-1.2617341322818176f,0f,0f,0f,1f], start_interpolation: 0, interpolation_duration: 1 }
$data merge entity $(bone_invisibility) { transformation: [0.015871154963082286f,-0.0636160455947803f,0.9978482375506909f,0.7966537269088176f,-0.5758613140581464f,-0.816421567726991f,-0.04289021708298293f,4.512546659306047f,0.8173933284602712f,-0.5739414800248223f,-0.049591572827991f,-1.3898752651431943f,0f,0f,0f,1f], start_interpolation: 0, interpolation_duration: 1 }
$data merge entity $(bone_swiftness) { transformation: [0.06475722963415337f,0.010266256722333323f,0.9978482375506911f,0.7554344285745529f,0.7631252166309993f,-0.6448258160313246f,-0.0428902170829829f,4.745186790888257f,0.642997982074593f,0.7642606040824336f,-0.04959157282799106f,-1.3702240421081167f,0f,0f,0f,1f], start_interpolation: 0, interpolation_duration: 1 }
$data merge entity $(bone_suspicious_stew) { transformation: [0.036671976234297354f,-0.054351273913777524f,0.9978482375506913f,0.808314476681362f,-0.2619000058083641f,-0.9641414918133916f,-0.04289021708298314f,4.685858847550827f,0.9643980262923857f,-0.2597635901888411f,-0.049591572827991134f,-1.3051378593205722f,0f,0f,0f,1f], start_interpolation: 0, interpolation_duration: 1 }
$data merge entity $(bone_log) { transformation: [-0.000009978482375506912f,1.0266256722333324e-7f,6.47572296341536e-7f,0.7190849816403773f,4.289021708298307e-7f,-0.000006448258160313247f,0.000007631252166309994f,4.645048072928019f,4.959157282799121e-7f,0.000007642606040824337f,0.000006429979820745931f,-1.1748155434478973f,0f,0f,0f,1f], start_interpolation: 0, interpolation_duration: 1 }
$data merge entity $(bone_planks) { transformation: [-0.000009978482375506912f,1.0266256722333324e-7f,6.47572296341536e-7f,0.6255367093700002f,4.289021708298307e-7f,-0.000006448258160313247f,0.000007631252166309994f,4.6490690307795495f,4.959157282799121e-7f,0.000007642606040824337f,0.000006429979820745931f,-1.1701663334952732f,0f,0f,0f,1f], start_interpolation: 0, interpolation_duration: 1 }
$data merge entity $(bone_lefthand1) { transformation: [-0.9978482375506911f,0.010266256722333323f,0.06475722963415359f,0.9690899417825661f,0.042890217082983066f,-0.6448258160313246f,0.7631252166309993f,4.449271401629724f,0.049591572827991204f,0.7642606040824336f,0.642997982074593f,-1.0162419725741179f,0f,0f,0f,1f], start_interpolation: 0, interpolation_duration: 1 }
$data merge entity $(bone_leftforearm) { transformation: [-0.9978482375506911f,0.010266256722333323f,0.06475722963415359f,0.9129310569805049f,0.042890217082983066f,-0.6448258160313246f,0.7631252166309993f,3.9866350567905258f,0.049591572827991204f,0.7642606040824336f,0.642997982074593f,-0.48581860549682276f,0f,0f,0f,1f], start_interpolation: 0, interpolation_duration: 1 }
$data merge entity $(bone_leftelbow) { transformation: [-0.9978482375506911f,0.010266256722333323f,0.06475722963415359f,0.9148559801159424f,0.042890217082983066f,-0.6448258160313246f,0.7631252166309993f,3.8657302162846525f,0.049591572827991204f,0.7642606040824336f,0.642997982074593f,-0.3425197422313665f,0f,0f,0f,1f], start_interpolation: 0, interpolation_duration: 1 }
$data merge entity $(bone_leftarm) { transformation: [-0.9978482375506911f,-0.04715753409184766f,0.04555284618281913f,0.6715743846625918f,0.042890217082983066f,-0.9949724748781653f,-0.09049974316754805f,3.380454330806458f,0.049591572827991204f,-0.08835123775699916f,0.9948541273429241f,-0.40693639603320936f,0f,0f,0f,1f], start_interpolation: 0, interpolation_duration: 1 }
$data merge entity $(bone_rightthumb2) { transformation: [-0.9793522723617416f,0.03884835475825467f,-0.19839337678579333f,-1.0486775290089565f,0.026671548851959784f,0.9976135383562043f,0.06368560724568645f,1.7303473328852934f,0.20039399966498622f,0.0570791855319529f,-0.978051231519739f,-0.0955334157969066f,0f,0f,0f,1f], start_interpolation: 0, interpolation_duration: 1 }
$data merge entity $(bone_rightthumb) { transformation: [-0.9793522723617416f,0.03884835475825467f,-0.19839337678579333f,-1.0561044633638272f,0.026671548851959784f,0.9976135383562043f,0.06368560724568645f,1.980446983846813f,0.20039399966498622f,0.0570791855319529f,-0.978051231519739f,-0.16511698675668474f,0f,0f,0f,1f], start_interpolation: 0, interpolation_duration: 1 }
$data merge entity $(bone_rightpointerfinger) { transformation: [-0.9793522723617416f,0.03884835475825467f,-0.19839337678579333f,-1.185267924095279f,0.026671548851959784f,0.9976135383562043f,0.06368560724568645f,1.659007505069008f,0.20039399966498622f,0.0570791855319529f,-0.978051231519739f,-0.2077741522734867f,0f,0f,0f,1f], start_interpolation: 0, interpolation_duration: 1 }
$data merge entity $(bone_rightmidfinger) { transformation: [-0.9793522723617416f,0.03884835475825467f,-0.19839337678579333f,-1.2162668892180593f,0.026671548851959784f,0.9976135383562043f,0.06368560724568645f,1.6689583812011466f,0.20039399966498622f,0.0570791855319529f,-0.978051231519739f,-0.3605946571984459f,0f,0f,0f,1f], start_interpolation: 0, interpolation_duration: 1 }
$data merge entity $(bone_rightringfinger) { transformation: [-0.9793522723617416f,0.03884835475825467f,-0.19839337678579333f,-1.2472658543408395f,0.026671548851959784f,0.9976135383562043f,0.06368560724568645f,1.678909257333285f,0.20039399966498622f,0.0570791855319529f,-0.978051231519739f,-0.5134151621234051f,0f,0f,0f,1f], start_interpolation: 0, interpolation_duration: 1 }
$data merge entity $(bone_hugeasssword) { transformation: [-3.8357964000834883f,0.15215605613649746f,-0.7770407257443572f,-0.9451354732994233f,0.10446356633684249f,3.907319691895134f,0.24943529504560527f,1.863518913402735f,0.7848764986878628f,0.22356014333348223f,-3.8307006567856448f,-0.386948053305784f,0f,0f,0f,1f], start_interpolation: 0, interpolation_duration: 1 }
$data merge entity $(bone_ice) { transformation: [-0.9793522723617416f,0.03884835475825467f,-0.19839337678579333f,-0.9304400995868688f,0.026671548851959784f,0.9976135383562043f,0.06368560724568645f,1.8475144589151073f,0.20039399966498622f,0.0570791855319529f,-0.978051231519739f,-0.3909710718244862f,0f,0f,0f,1f], start_interpolation: 0, interpolation_duration: 1 }
$data merge entity $(bone_righthand1) { transformation: [-0.9793522723617416f,0.03884835475825467f,-0.19839337678579333f,-1.1717658720122965f,0.026671548851959784f,0.9976135383562043f,0.06368560724568645f,2.105575905943576f,0.20039399966498622f,0.0570791855319529f,-0.978051231519739f,-0.35716687651024326f,0f,0f,0f,1f], start_interpolation: 0, interpolation_duration: 1 }
$data merge entity $(bone_rightforearm) { transformation: [-0.9793522723617416f,0.03884835475825467f,-0.19839337678579333f,-1.0801412090380118f,0.026671548851959784f,0.9976135383562043f,0.06368560724568645f,2.804360865683821f,0.20039399966498622f,0.0570791855319529f,-0.978051231519739f,-0.3142756486696546f,0f,0f,0f,1f], start_interpolation: 0, interpolation_duration: 1 }
$data merge entity $(bone_rightelbow) { transformation: [-0.9793522723617416f,0.03884835475825467f,-0.19839337678579333f,-1.072857142520839f,0.026671548851959784f,0.9976135383562043f,0.06368560724568645f,2.9914134041256095f,0.20039399966498622f,0.0570791855319529f,-0.978051231519739f,-0.3035733013824134f,0f,0f,0f,1f], start_interpolation: 0, interpolation_duration: 1 }
$data merge entity $(bone_rightarm) { transformation: [-0.9793522723617416f,0.11181305821977686f,-0.16842495845756875f,-0.7974540238800206f,0.026671548851959784f,0.8973033026704264f,0.44060800208187656f,3.4204616540843977f,0.20039399966498622f,0.42701829355226245f,-0.8817582559125734f,-0.10634539653573f,0f,0f,0f,1f], start_interpolation: 0, interpolation_duration: 1 }
$data merge entity $(bone_chest1) { transformation: [-1.06096496172522f,-0.0339614371060633f,-0.21635868804419242f,-0.08217229364091629f,0.02889417792295643f,1.0391678276496799f,-0.3048056160426065f,3.2157854775660293f,0.2170934996370684f,-0.3042826940176638f,-1.0168055692450715f,-0.3144606921053293f,0f,0f,0f,1f], start_interpolation: 0, interpolation_duration: 1 }
$data merge entity $(bone_chest1lid) { transformation: [-0.9793522723617416f,-0.031349018867135356f,-0.19971571204079303f,-0.3169713845524446f,0.026671548851959784f,0.9592318409073968f,-0.2813590301931752f,2.6794066988395038f,0.20039399966498622f,-0.28087633293938197f,-0.9385897562262199f,0.31321231595659726f,0f,0f,0f,1f], start_interpolation: 0, interpolation_duration: 1 }
$data merge entity $(bone_chest2) { transformation: [-0.9793522723617416f,-0.031349018867135356f,-0.19971571204079303f,-0.31207310035445474f,0.026671548851959784f,0.9592318409073968f,-0.2813590301931752f,2.529526723697723f,0.20039399966498622f,-0.28087633293938197f,-0.9385897562262199f,0.3570992429783757f,0f,0f,0f,1f], start_interpolation: 0, interpolation_duration: 1 }
$data merge entity $(bone_chest1lid3) { transformation: [-0.9793522723617416f,-0.031349018867135356f,-0.19971571204079303f,-0.3837047455559688f,0.026671548851959784f,0.9592318409073968f,-0.2813590301931752f,2.4974940983187537f,0.20039399966498622f,-0.28087633293938197f,-0.9385897562262199f,-0.3005963716048865f,0f,0f,0f,1f], start_interpolation: 0, interpolation_duration: 1 }
$data merge entity $(bone_chest3) { transformation: [-0.9793522723617416f,-0.031349018867135356f,-0.19971571204079303f,-0.3788064613579789f,0.026671548851959784f,0.9592318409073968f,-0.2813590301931752f,2.3476141231769727f,0.20039399966498622f,-0.28087633293938197f,-0.9385897562262199f,-0.25670944458310807f,0f,0f,0f,1f], start_interpolation: 0, interpolation_duration: 1 }
$data merge entity $(bone_hugeasssword2) { transformation: [0.7822198721597718f,2.7450943179198504f,-2.681952094109862f,-1.378070191687672f,1.1019895349232698f,2.4611679643390243f,2.840519159239852f,4.2871028901445225f,3.676143211886028f,-1.321887746676408f,-0.2808231626287684f,-0.6421270444722167f,0f,0f,0f,1f], start_interpolation: 0, interpolation_duration: 1 }
$data merge entity $(bone_belt) { transformation: [-0.9793522723617416f,-0.031349018867135356f,-0.19971571204079303f,-0.012174323866744219f,0.026671548851959784f,0.9592318409073968f,-0.2813590301931752f,2.869671002456956f,0.20039399966498622f,-0.28087633293938197f,-0.9385897562262199f,-0.08613384615795242f,0f,0f,0f,1f], start_interpolation: 0, interpolation_duration: 1 }
$data merge entity $(bone_torn_part) { transformation: [-0.9793522723617416f,0.046435607345769465f,-0.19675584105769894f,-0.12735065831867406f,0.026671548851959784f,0.9944334628559695f,0.1019348636832493f,2.5890000354266323f,0.20039399966498622f,0.09458235735439574f,-0.9751391811303425f,0.004404541074271129f,0f,0f,0f,1f], start_interpolation: 0, interpolation_duration: 1 }
$data merge entity $(bone_lowerbody) { transformation: [-0.9793522723617416f,-0.014879196648441817f,-0.20161283720782752f,0.003906249999999973f,0.026671548851959784f,0.979060454598226f,-0.20181490213498243f,2.13671875f,0.20039399966498622f,-0.20302520963912835f,-0.9584482297700057f,0.21875f,0f,0f,0f,1f], start_interpolation: 0, interpolation_duration: 1 }
$data merge entity $(bone_leftfoot) { transformation: [-0.9961946980917455f,-1.0408340855860843e-17f,-0.08715574274765805f,0.2612975368324967f,-1.734723475976807e-18f,1f,-1.6653345369377348e-16f,0.18278852335817342f,0.08715574274765805f,-1.6653345369377348e-16f,-0.9961946980917455f,-0.1825471020393733f,0f,0f,0f,1f], start_interpolation: 0, interpolation_duration: 1 }
$data merge entity $(bone_leftlowerleg) { transformation: [-0.9961946980917455f,0.033353058785002554f,-0.0805214068653803f,0.3106703483058195f,-1.734723475976807e-18f,0.923879532511287f,0.3826834323650896f,1.148919744595003f,0.08715574274765805f,0.38122720636965335f,-0.9203638919632244f,0.381786715435083f,0f,0f,0f,1f], start_interpolation: 0, interpolation_duration: 1 }
$data merge entity $(bone_leftleg) { transformation: [-0.9961946980917455f,-0.02980901962620912f,-0.08189960831908923f,0.25f,-1.734723475976807e-18f,0.9396926207859084f,-0.3420201433256687f,2.15625f,0.08715574274765805f,-0.34071865342161006f,-0.9361168066628591f,0.04687500000000003f,0f,0f,0f,1f], start_interpolation: 0, interpolation_duration: 1 }
$data merge entity $(bone_rightfoot) { transformation: [-0.9990517880653891f,0.04205390363086663f,0.011269159363270312f,-0.36321172790509443f,0.04152333381518923f,0.9981780606418025f,-0.04377638635431608f,0.14010372200886945f,-0.013089595571344564f,-0.043266943996263074f,-0.9989777945705315f,-0.09543159133563894f,0f,0f,0f,1f], start_interpolation: 0, interpolation_duration: 1 }
$data merge entity $(bone_rightlowerleg) { transformation: [-0.9990517880653891f,0.03566346341658158f,0.024972828043358403f,-0.3274845389500636f,0.04152333381518923f,0.9529529637506738f,0.3002606561434235f,1.151152179993707f,-0.013089595571344564f,0.30101290048092794f,-0.9535302282737751f,0.38501034301490733f,0f,0f,0f,1f], start_interpolation: 0, interpolation_duration: 1 }
$data merge entity $(bone_rightleg) { transformation: [-0.9990517880653891f,0.043496222313963176f,-0.001898264408161414f,-0.25f,0.04152333381518923f,0.938815523040996f,-0.3419082134815328f,2.15625f,-0.013089595571344564f,-0.3416628342996576f,-0.9397314351164929f,0.04687499999999997f,0f,0f,0f,1f], start_interpolation: 0, interpolation_duration: 1 }
data modify entity @s data merge value {"locators":{"lefthand":{"posx":0.8108193708912887,"posy":4.6794803004440775,"posz":-1.2492194565643773,"roty":174.24905282564058,"rotx":49.74049013689542},"righthand":{"posx":-1.0197614841516018,"posy":1.833432117469949,"posz":-0.35779394613733456,"roty":348.5333842725268,"rotx":3.6513876039814512},"chest":{"posx":-0.3144112493781792,"posy":2.6642505431520984,"posz":0.48368404866518633,"roty":347.98760099237444,"rotx":-16.34133262762942},"sack":{"posx":0,"posy":-0.4375,"posz":0,"roty":0,"rotx":0}},"cameras":{}}