# This file was generated by Animated Java via MC-Build. It is not recommended to edit this file directly.
$data merge entity $(bone_nose) { transformation: [-1f,-8.100865290419763e-17f,9.184332300862056e-17f,-6.979398731774317e-17f,0f,0.7499576455233089f,0.6614858501291884f,3.980074279029391f,-1.2246467991473532e-16f,0.6614858501291884f,-0.7499576455233089f,0.5675400254350141f,0f,0f,0f,1f], start_interpolation: 0, interpolation_duration: 1 }
$data merge entity $(bone_glowing_eye) { transformation: [-1f,-8.100865290419763e-17f,9.184332300862056e-17f,-0.1250000000000001f,0f,0.7499576455233089f,0.6614858501291884f,4.0077695428682745f,-1.2246467991473532e-16f,0.6614858501291884f,-0.7499576455233089f,0.6384982328253569f,0f,0f,0f,1f], start_interpolation: 0, interpolation_duration: 1 }
$data merge entity $(bone_head) { transformation: [-1f,-8.100865290419763e-17f,9.184332300862056e-17f,-4.259317055919395e-17f,0f,0.7499576455233089f,0.6614858501291884f,4.011338385443756f,-1.2246467991473532e-16f,0.6614858501291884f,-0.7499576455233089f,0.3454285008918766f,0f,0f,0f,1f], start_interpolation: 0, interpolation_duration: 1 }
$data merge entity $(bone_leftthumb2) { transformation: [-0.5686262780466992f,0.7958044929971048f,0.20822911621667844f,-0.2219766285349388f,0.22113916338273826f,0.3917035161992625f,-0.8931213947809764f,2.763177086349403f,-0.7923140957556799f,-0.4618046820061002f,-0.39871645231179564f,1.0323732798085365f,0f,0f,0f,1f], start_interpolation: 0, interpolation_duration: 1 }
$data merge entity $(bone_leftthumb) { transformation: [-0.5686262780466992f,0.7958044929971048f,0.20822911621667844f,-0.009016805462009503f,0.22113916338273826f,0.3917035161992625f,-0.8931213947809764f,2.7829155143264055f,-0.7923140957556799f,-0.4618046820061002f,-0.39871645231179564f,0.8850458338582202f,0f,0f,0f,1f], start_interpolation: 0, interpolation_duration: 1 }
$data merge entity $(bone_leftpointerfinger) { transformation: [-0.5686262780466992f,0.7958044929971048f,0.20822911621667844f,-0.19818591574267003f,0.22113916338273826f,0.3917035161992625f,-0.8931213947809764f,2.5883356366981776f,-0.7923140957556799f,-0.4618046820061002f,-0.39871645231179564f,1.1045450156626337f,0f,0f,0f,1f], start_interpolation: 0, interpolation_duration: 1 }
$data merge entity $(bone_leftmidfinger) { transformation: [-0.5686262780466992f,0.7958044929971048f,0.20822911621667844f,-0.16565011633381402f,0.22113916338273826f,0.3917035161992625f,-0.8931213947809764f,2.44878541876365f,-0.7923140957556799f,-0.4618046820061002f,-0.39871645231179564f,1.0422455699889157f,0f,0f,0f,1f], start_interpolation: 0, interpolation_duration: 1 }
$data merge entity $(bone_leftringfinger) { transformation: [-0.5686262780466992f,0.7958044929971048f,0.20822911621667844f,-0.133114316924958f,0.22113916338273826f,0.3917035161992625f,-0.8931213947809764f,2.3092352008291224f,-0.7923140957556799f,-0.4618046820061002f,-0.39871645231179564f,0.9799461243151977f,0f,0f,0f,1f], start_interpolation: 0, interpolation_duration: 1 }
$data merge entity $(bone_invisibility) { transformation: [0.8109245799268582f,-0.13807780989429863f,0.5686262780466991f,-0.224269386336639f,0.3123723075356391f,0.9238620091243294f,-0.22113916338273837f,2.700551845503641f,-0.49479780431536735f,0.3569502857703733f,0.7923140957556796f,0.9179361247487702f,0f,0f,0f,1f], start_interpolation: 0, interpolation_duration: 1 }
$data merge entity $(bone_swiftness) { transformation: [0.2082291162166783f,0.7958044929971048f,0.5686262780466992f,-0.3226076181164301f,-0.8931213947809764f,0.3917035161992625f,-0.22113916338273845f,2.4915659365808502f,-0.3987164523117958f,-0.4618046820061002f,0.7923140957556798f,0.8644467427494382f,0f,0f,0f,1f], start_interpolation: 0, interpolation_duration: 1 }
$data merge entity $(bone_suspicious_stew) { transformation: [0.000008092452361013241f,0.0000014760184200093983f,0.000005686262780466994f,-0.22252976265525107f,-2.244546444473714e-7f,0.000009749839339928853f,-0.0000022113916338273828f,2.5147304816603673f,-0.0000058704203339554215f,0.0000016619273357667311f,0.000007923140957556801f,0.8648238844093445f,0f,0f,0f,1f], start_interpolation: 0, interpolation_duration: 1 }
$data merge entity $(bone_log) { transformation: [-0.3548227975011404f,0.49658200363019345f,0.12993496851920738f,-0.20219177585320558f,0.1379908379508287f,0.24442299410833987f,-0.5573077503433294f,2.583308154570929f,-0.49440399575154437f,-0.2881661215718066f,-0.2487990662425605f,0.8400237393288857f,0f,0f,0f,1f], start_interpolation: 0, interpolation_duration: 1 }
$data merge entity $(bone_planks) { transformation: [0.007267649470892714f,-0.01017122902292156f,-0.002661389887739792f,-0.2354564131189375f,-0.00282639404086813f,-0.0050063881360379045f,0.011415042678857434f,2.5962447956288193f,0.010126618028593291f,0.005902355699012871f,0.005096020928955487f,0.7936733647271785f,0f,0f,0f,1f], start_interpolation: 0, interpolation_duration: 1 }
$data merge entity $(bone_lefthand1) { transformation: [-0.5686262780466992f,0.7958044929971048f,0.20822911621667844f,0.1679983581043456f,0.22113916338273826f,0.3917035161992625f,-0.8931213947809764f,2.613111284163085f,-0.7923140957556799f,-0.4618046820061002f,-0.39871645231179564f,0.8092162615515102f,0f,0f,0f,1f], start_interpolation: 0, interpolation_duration: 1 }
$data merge entity $(bone_leftforearm) { transformation: [-0.5686262780466992f,0.7958044929971048f,0.20822911621667844f,0.6887556699241306f,0.22113916338273826f,0.3917035161992625f,-0.8931213947809764f,2.9163040384955656f,-0.7923140957556799f,-0.4618046820061002f,-0.39871645231179564f,0.4412201580986128f,0f,0f,0f,1f], start_interpolation: 0, interpolation_duration: 1 }
$data merge entity $(bone_leftelbow) { transformation: [-0.5686262780466992f,0.7958044929971048f,0.20822911621667844f,0.8379690123610878f,0.22113916338273826f,0.3917035161992625f,-0.8931213947809764f,2.9897484477829273f,-0.7923140957556799f,-0.4618046820061002f,-0.39871645231179564f,0.35463178022246905f,0f,0f,0f,1f], start_interpolation: 0, interpolation_duration: 1 }
$data merge entity $(bone_leftarm) { transformation: [-0.9680818916073656f,0.24924484122879773f,0.026352613964013137f,0.75f,0.23725418438214f,0.9452165581522065f,-0.22422334889137213f,3.521263059345479f,-0.08079544006359764f,-0.21081429580492855f,-0.974181415111786f,0.2619937990283361f,0f,0f,0f,1f], start_interpolation: 0, interpolation_duration: 1 }
$data merge entity $(bone_rightthumb2) { transformation: [-0.9988649467421752f,0.03759949435162446f,0.029242027875193817f,-1.0132698222352718f,0.03826252807436831f,0.9990153953715382f,0.02245481587560716f,1.806901991986943f,-0.028368946316520628f,0.02354820237621974f,-0.9993201114006157f,0.33654845912914966f,0f,0f,0f,1f], start_interpolation: 0, interpolation_duration: 1 }
$data merge entity $(bone_rightthumb) { transformation: [-0.9988649467421752f,0.03759949435162446f,0.029242027875193817f,-1.0015498776445992f,0.03826252807436831f,0.9990153953715382f,0.02245481587560716f,2.053821957514037f,-0.028368946316520628f,0.02354820237621974f,-0.9993201114006157f,0.25692408073038164f,0f,0f,0f,1f], start_interpolation: 0, interpolation_duration: 1 }
$data merge entity $(bone_rightpointerfinger) { transformation: [-0.9988649467421752f,0.03759949435162446f,0.029242027875193817f,-1.1217673452220016f,0.03826252807436831f,0.9990153953715382f,0.02245481587560716f,1.731257564410054f,-0.028368946316520628f,0.02354820237621974f,-0.9993201114006157f,0.19925134310041126f,0f,0f,0f,1f], start_interpolation: 0, interpolation_duration: 1 }
$data merge entity $(bone_rightmidfinger) { transformation: [-0.9988649467421752f,0.03759949435162446f,0.029242027875193817f,-1.1171982783665027f,0.03826252807436831f,0.9990153953715382f,0.02245481587560716f,1.7347661293906176f,-0.028368946316520628f,0.02354820237621974f,-0.9993201114006157f,0.043107575694065065f,0f,0f,0f,1f], start_interpolation: 0, interpolation_duration: 1 }
$data merge entity $(bone_rightringfinger) { transformation: [-0.9988649467421752f,0.03759949435162446f,0.029242027875193817f,-1.1126292115110037f,0.03826252807436831f,0.9990153953715382f,0.02245481587560716f,1.7382746943711813f,-0.028368946316520628f,0.02354820237621974f,-0.9993201114006157f,-0.11303619171228114f,0f,0f,0f,1f], start_interpolation: 0, interpolation_duration: 1 }
$data merge entity $(bone_hugeasssword) { transformation: [-3.9122210414068532f,0.14726468621052916f,0.11453127584450913f,-0.8446942862834886f,0.1498615682912759f,3.912810298538525f,0.08794802884612804f,1.927176791057651f,-0.11111170640637247f,0.09223045930686066f,-3.9140037696524117f,0.07104068240769511f,0f,0f,0f,1f], start_interpolation: 0, interpolation_duration: 1 }
$data merge entity $(bone_ice) { transformation: [-0.9988649467421752f,0.03759949435162446f,0.029242027875193817f,-0.8296745135898863f,0.03826252807436831f,0.9990153953715382f,0.02245481587560716f,1.9109693235038085f,-0.028368946316520628f,0.02354820237621974f,-0.9993201114006157f,0.07111600653176231f,0f,0f,0f,1f], start_interpolation: 0, interpolation_duration: 1 }
$data merge entity $(bone_righthand1) { transformation: [-0.9988649467421752f,0.03759949435162446f,0.029242027875193817f,-1.0690770633164242f,0.03826252807436831f,0.9990153953715382f,0.02245481587560716f,2.170990517361398f,-0.028368946316520628f,0.02354820237621974f,-0.9993201114006157f,0.038682067065417845f,0f,0f,0f,1f], start_interpolation: 0, interpolation_duration: 1 }
$data merge entity $(bone_rightforearm) { transformation: [-0.9988649467421752f,0.03759949435162446f,0.029242027875193817f,-0.9806677663646022f,0.03826252807436831f,0.9990153953715382f,0.02245481587560716f,2.8706809527293062f,-0.028368946316520628f,0.02354820237621974f,-0.9993201114006157f,0.07262683274661451f,0f,0f,0f,1f], start_interpolation: 0, interpolation_duration: 1 }
$data merge entity $(bone_rightelbow) { transformation: [-0.9988649467421752f,0.03759949435162446f,0.029242027875193817f,-0.9736178611736725f,0.03826252807436831f,0.9990153953715382f,0.02245481587560716f,3.0579963393614698f,-0.028368946316520628f,0.02354820237621974f,-0.9993201114006157f,0.07704212069215571f,0f,0f,0f,1f], start_interpolation: 0, interpolation_duration: 1 }
$data merge entity $(bone_rightarm) { transformation: [-0.9999328232726762f,0.010118474456448642f,0.005653796654391783f,-0.75f,0.011371451401151087f,0.9508488567467274f,0.30944650865128986f,3.521263059345479f,-0.0022447794916816075f,0.3094900129214443f,-0.9509000435728868f,0.2619937990283359f,0f,0f,0f,1f], start_interpolation: 0, interpolation_duration: 1 }
$data merge entity $(bone_chest1) { transformation: [-1.0833333333333333f,-2.9702023164349405e-17f,1.2930250295040644e-16f,-0.002323125000000015f,0f,1.0558350623251689f,0.24253542478557175f,3.3896735537152036f,-1.3267006990762992e-16f,0.24253542478557175f,-1.0558350623251689f,0.11883039694434978f,0f,0f,0f,1f], start_interpolation: 0, interpolation_duration: 1 }
$data merge entity $(bone_chest1lid) { transformation: [-1f,-2.7417252151707146e-17f,1.1935615656960594e-16f,-0.3437500000000001f,0f,0.9746169806078483f,0.22387885364822008f,2.6359640543690452f,-1.2246467991473532e-16f,0.22387885364822008f,-0.9746169806078483f,0.3472070420586076f,0f,0f,0f,1f], start_interpolation: 0, interpolation_duration: 1 }
$data merge entity $(bone_chest2) { transformation: [-1f,-2.7417252151707146e-17f,1.1935615656960594e-16f,-0.3437500000000001f,0f,0.9746169806078483f,0.22387885364822008f,2.483680151149069f,-1.2246467991473532e-16f,0.22387885364822008f,-0.9746169806078483f,0.3122259711760732f,0f,0f,0f,1f], start_interpolation: 0, interpolation_duration: 1 }
$data merge entity $(bone_chest1lid3) { transformation: [-1f,-2.7417252151707146e-17f,1.1935615656960594e-16f,-0.28125f,0f,0.9746169806078483f,0.22387885364822008f,2.7793864449874364f,-1.2246467991473532e-16f,0.22387885364822008f,-0.9746169806078483f,-0.2771569611432952f,0f,0f,0f,1f], start_interpolation: 0, interpolation_duration: 1 }
$data merge entity $(bone_chest3) { transformation: [-1f,-2.7417252151707146e-17f,1.1935615656960594e-16f,-0.28125f,0f,0.9746169806078483f,0.22387885364822008f,2.62710254176746f,-1.2246467991473532e-16f,0.22387885364822008f,-0.9746169806078483f,-0.31213803202582957f,0f,0f,0f,1f], start_interpolation: 0, interpolation_duration: 1 }
$data merge entity $(bone_hugeasssword2) { transformation: [-1.3371529825206627e-15f,2.887669569172986f,-2.646061646494669f,-1.234375f,-0.8768588434555284f,2.5788966124088666f,2.8143717965005415f,4.57983461007141f,3.817249840714073f,0.5923972480997489f,0.6464881528612964f,0.12039128494861281f,0f,0f,0f,1f], start_interpolation: 0, interpolation_duration: 1 }
$data merge entity $(bone_belt) { transformation: [-1f,-2.7417252151707146e-17f,1.1935615656960594e-16f,0.02970562499999998f,0f,0.9746169806078483f,0.22387885364822008f,2.9721480701899936f,-1.2246467991473532e-16f,0.22387885364822008f,-0.9746169806078483f,0.15723253247467314f,0f,0f,0f,1f], start_interpolation: 0, interpolation_duration: 1 }
$data merge entity $(bone_torn_part) { transformation: [-1f,-6.203938660704195e-17f,1.0558746296810319e-16f,-0.09375000000000001f,0f,0.8621870652143727f,0.5065900360025126f,2.6954318748693535f,-1.2246467991473532e-16f,0.5065900360025126f,-0.8621870652143727f,0.08832440658464794f,0f,0f,0f,1f], start_interpolation: 0, interpolation_duration: 1 }
$data merge entity $(bone_lowerbody) { transformation: [-1f,-2.7417252151707146e-17f,1.1935615656960594e-16f,0.0039062499999999857f,0f,0.9746169806078483f,0.22387885364822008f,2.1880617135126466f,-1.2246467991473532e-16f,0.22387885364822008f,-0.9746169806078483f,0.11606407297470664f,0f,0f,0f,1f], start_interpolation: 0, interpolation_duration: 1 }
$data merge entity $(bone_leftfoot) { transformation: [-0.9961946980917455f,0.003189174502695586f,-0.08709737458665048f,0.27383568873728276f,-1.734723475976807e-18f,0.9993303004579219f,0.03659167373433103f,0.16310144767253254f,0.08715574274765805f,0.03645243136844345f,-0.9955275469586128f,-0.14192129701299439f,0f,0f,0f,1f], start_interpolation: 0, interpolation_duration: 1 }
$data merge entity $(bone_leftlowerleg) { transformation: [-0.9961946980917455f,0.021505456832556842f,-0.08446087153421392f,0.3106703483058195f,-1.734723475976807e-18f,0.9690798204629314f,0.24674744491388906f,1.2002627081076496f,0.08715574274765805f,0.24580849639090124f,-0.9653921791728729f,0.2791007884097897f,0f,0f,0f,1f], start_interpolation: 0, interpolation_duration: 1 }
$data merge entity $(bone_leftleg) { transformation: [-0.9961946980917455f,-0.02980901962620912f,-0.08189960831908923f,0.25f,-1.734723475976807e-18f,0.9396926207859084f,-0.3420201433256687f,2.2075929635126466f,0.08715574274765805f,-0.34071865342161006f,-0.9361168066628591f,-0.05581092702529333f,0f,0f,0f,1f], start_interpolation: 0, interpolation_duration: 1 }
$data merge entity $(bone_rightfoot) { transformation: [-0.9990487959435987f,0.04212034175507856f,0.011286280790455199f,-0.36563196650254676f,0.04158811479128114f,0.9981724939120954f,-0.043841773520413546f,0.148201934207145f,-0.013112285527429412f,-0.04333069590652089f,-0.9989747337948562f,-0.16061444255713697f,0f,0f,0f,1f], start_interpolation: 0, interpolation_duration: 1 }
$data merge entity $(bone_rightlowerleg) { transformation: [-0.9990487959435987f,0.03741979839763826f,0.0223888814264072f,-0.32755933133497805f,0.04158811479128114f,0.9720245936167f,0.23116794352244524f,1.1910237745882009f,-0.013112285527429412f,0.2318791670076667f,-0.9726562187515576f,0.24607088098221308f,0f,0f,0f,1f], start_interpolation: 0, interpolation_duration: 1 }
$data merge entity $(bone_rightleg) { transformation: [-0.9990487959435987f,0.04360490882000603f,-0.0003394855587087097f,-0.25f,0.04158811479128114f,0.9504424958246097f,-0.30810629795379696f,2.2075929635126466f,-0.013112285527429412f,-0.30782734455776606f,-0.951351877020675f,-0.05581092702529339f,0f,0f,0f,1f], start_interpolation: 0, interpolation_duration: 1 }
data modify entity @s data merge value {"locators":{"lefthand":{"posx":-0.17871926716424058,"posy":2.505181540395302,"posz":0.830716900805565,"roty":27.575752247990465,"rotx":-63.268139201806655},"righthand":{"posx":-0.9243625011317592,"posy":1.898595963460044,"posz":0.08370285389309468,"roty":1.6761063872900195,"rotx":1.2866743224213422},"chest":{"posx":-0.3750000000000001,"posy":2.5400694221985205,"posz":0.4854985169255701,"roty":0,"rotx":12.93695949021393},"sack":{"posx":0,"posy":-0.4375,"posz":0,"roty":0,"rotx":0}},"cameras":{}}