# This file was generated by Animated Java via MC-Build. It is not recommended to edit this file directly.
$data merge entity $(bone_nose) {transformation: [-0.9877f,0.1379f,-0.0731f,0.1371f,0.0439f,0.6946f,0.718f,3.3787f,0.1498f,0.706f,-0.6922f,1.0384f,0f,0f,0f,1f],start_interpolation: 0,interpolation_duration: 1}
$data merge entity $(bone_glowing_eye) {transformation: [-0.9877f,0.1379f,-0.0731f,0.0255f,0.0439f,0.6946f,0.718f,3.4062f,0.1498f,0.706f,-0.6922f,1.1291f,0f,0f,0f,1f],start_interpolation: 0,interpolation_duration: 1}
$data merge entity $(bone_head) {transformation: [-0.9877f,0.1379f,-0.0731f,0.1064f,0.0439f,0.6946f,0.718f,3.4274f,0.1498f,0.706f,-0.6922f,0.8217f,0f,0f,0f,1f],start_interpolation: 0,interpolation_duration: 1}
$data merge entity $(bone_leftthumb2) {transformation: [-0.9281f,0.2307f,0.2922f,1.4541f,0.0453f,0.8491f,-0.5263f,2.0462f,-0.3695f,-0.4752f,-0.7985f,1.1877f,0f,0f,0f,1f],start_interpolation: 0,interpolation_duration: 1}
$data merge entity $(bone_leftthumb) {transformation: [-0.9281f,0.2307f,0.2922f,1.5357f,0.0453f,0.8491f,-0.5263f,2.2094f,-0.3695f,-0.4752f,-0.7985f,1.0029f,0f,0f,0f,1f],start_interpolation: 0,interpolation_duration: 1}
$data merge entity $(bone_leftpointerfinger) {transformation: [-0.8695f,0.4072f,0.2795f,1.593f,0.1907f,0.7988f,-0.5706f,1.9191f,-0.4556f,-0.4428f,-0.7722f,1.1774f,0f,0f,0f,1f],start_interpolation: 0,interpolation_duration: 1}
$data merge entity $(bone_leftmidfinger) {transformation: [-0.8668f,0.413f,0.2795f,1.6367f,0.196f,0.7975f,-0.5706f,1.83f,-0.4586f,-0.4398f,-0.7722f,1.0568f,0f,0f,0f,1f],start_interpolation: 0,interpolation_duration: 1}
$data merge entity $(bone_leftringfinger) {transformation: [-0.8668f,0.413f,0.2795f,1.6804f,0.196f,0.7975f,-0.5706f,1.7408f,-0.4586f,-0.4398f,-0.7722f,0.9361f,0f,0f,0f,1f],start_interpolation: 0,interpolation_duration: 1}
$data merge entity $(bone_invisibility) {transformation: [0.1511f,-0.2674f,0.9517f,1.4379f,0.7663f,0.6398f,0.0581f,2.0168f,-0.6244f,0.7205f,0.3016f,1.0896f,0f,0f,0f,1f],start_interpolation: 0,interpolation_duration: 1}
$data merge entity $(bone_swiftness) {transformation: [0.2795f,0.1272f,0.9517f,1.4235f,-0.5706f,0.8192f,0.0581f,1.7958f,-0.7722f,-0.5593f,0.3016f,1.0048f,0f,0f,0f,1f],start_interpolation: 0,interpolation_duration: 1}
$data merge entity $(bone_suspicious_stew) {transformation: [0.2335f,-0.1996f,0.9517f,1.4843f,0.5013f,0.8633f,0.0581f,1.8714f,-0.8332f,0.4635f,0.3016f,0.971f,0f,0f,0f,1f],start_interpolation: 0,interpolation_duration: 1}
$data merge entity $(bone_log) {transformation: [-0.9517f,0.1272f,0.2795f,1.4241f,-0.0581f,0.8192f,-0.5706f,1.9416f,-0.3016f,-0.5593f,-0.7722f,0.8366f,0f,0f,0f,1f],start_interpolation: 0,interpolation_duration: 1}
$data merge entity $(bone_planks) {transformation: [-0.9517f,0.1272f,0.2795f,1.3349f,-0.0581f,0.8192f,-0.5706f,1.9361f,-0.3016f,-0.5593f,-0.7722f,0.8084f,0f,0f,0f,1f],start_interpolation: 0,interpolation_duration: 1}
$data merge entity $(bone_lefthand1) {transformation: [-0.9517f,0.1272f,0.2795f,1.6851f,-0.0581f,0.8192f,-0.5706f,2.1787f,-0.3016f,-0.5593f,-0.7722f,0.7963f,0f,0f,0f,1f],start_interpolation: 0,interpolation_duration: 1}
$data merge entity $(bone_leftforearm) {transformation: [-0.814f,-0.0128f,0.5807f,1.6254f,-0.4131f,0.7156f,-0.5632f,2.6553f,-0.4084f,-0.6983f,-0.5878f,0.2894f,0f,0f,0f,1f],start_interpolation: 0,interpolation_duration: 1}
$data merge entity $(bone_leftelbow) {transformation: [-0.814f,-0.0128f,0.5807f,1.623f,-0.4131f,0.7156f,-0.5632f,2.7895f,-0.4084f,-0.6983f,-0.5878f,0.1585f,0f,0f,0f,1f],start_interpolation: 0,interpolation_duration: 1}
$data merge entity $(bone_leftarm) {transformation: [-0.6913f,-0.7199f,0.0621f,0.9445f,-0.6825f,0.6787f,0.2711f,2.9646f,-0.2373f,0.145f,-0.9606f,0.4039f,0f,0f,0f,1f],start_interpolation: 0,interpolation_duration: 1}
$data merge entity $(bone_rightthumb2) {transformation: [-0.8427f,-0.4861f,-0.2314f,-1.0619f,-0.2772f,0.7603f,-0.5875f,2.1118f,0.4615f,-0.431f,-0.7754f,1.6589f,0f,0f,0f,1f],start_interpolation: 0,interpolation_duration: 1}
$data merge entity $(bone_rightthumb) {transformation: [-0.8427f,-0.4861f,-0.2314f,-1.2009f,-0.2772f,0.7603f,-0.5875f,2.248f,0.4615f,-0.431f,-0.7754f,1.4869f,0f,0f,0f,1f],start_interpolation: 0,interpolation_duration: 1}
$data merge entity $(bone_rightpointerfinger) {transformation: [-0.7481f,-0.6351f,-0.1921f,-1.1666f,-0.3907f,0.6556f,-0.6461f,1.9581f,0.5363f,-0.4083f,-0.7387f,1.6681f,0f,0f,0f,1f],start_interpolation: 0,interpolation_duration: 1}
$data merge entity $(bone_rightmidfinger) {transformation: [-0.7439f,-0.6401f,-0.1921f,-1.1966f,-0.3951f,0.653f,-0.6461f,1.8572f,0.539f,-0.4048f,-0.7387f,1.5527f,0f,0f,0f,1f],start_interpolation: 0,interpolation_duration: 1}
$data merge entity $(bone_rightringfinger) {transformation: [-0.7439f,-0.6401f,-0.1921f,-1.2266f,-0.3951f,0.653f,-0.6461f,1.7562f,0.539f,-0.4048f,-0.7387f,1.4372f,0f,0f,0f,1f],start_interpolation: 0,interpolation_duration: 1}
$data merge entity $(bone_hugeasssword) {transformation: [-3.5421f,-1.4925f,-0.7523f,-1.048f,-0.6883f,2.909f,-2.5306f,2.0615f,1.5231f,-2.1564f,-2.8932f,1.3565f,0f,0f,0f,1f],start_interpolation: 0,interpolation_duration: 1}
$data merge entity $(bone_ice) {transformation: [-0.9044f,-0.3811f,-0.1921f,-1.0279f,-0.1757f,0.7427f,-0.6461f,2.0526f,0.3889f,-0.5506f,-0.7387f,1.359f,0f,0f,0f,1f],start_interpolation: 0,interpolation_duration: 1}
$data merge entity $(bone_righthand1) {transformation: [-0.9044f,-0.3811f,-0.1921f,-1.3552f,-0.1757f,0.7427f,-0.6461f,2.1742f,0.3889f,-0.5506f,-0.7387f,1.2955f,0f,0f,0f,1f],start_interpolation: 0,interpolation_duration: 1}
$data merge entity $(bone_rightforearm) {transformation: [-0.3065f,-0.119f,-0.9444f,-1.4486f,0.4189f,0.8741f,-0.2461f,2.7339f,0.8548f,-0.471f,-0.218f,0.8908f,0f,0f,0f,1f],start_interpolation: 0,interpolation_duration: 1}
$data merge entity $(bone_rightelbow) {transformation: [-0.3065f,-0.119f,-0.9444f,-1.4709f,0.4189f,0.8741f,-0.2461f,2.8978f,0.8548f,-0.471f,-0.218f,0.8024f,0f,0f,0f,1f],start_interpolation: 0,interpolation_duration: 1}
$data merge entity $(bone_rightarm) {transformation: [-0.4747f,0.7585f,-0.4464f,-0.8449f,0.748f,0.615f,0.2495f,3.008f,0.4638f,-0.2155f,-0.8593f,0.6427f,0f,0f,0f,1f],start_interpolation: 0,interpolation_duration: 1}
$data merge entity $(bone_chest1) {transformation: [-1.0742f,0.1226f,-0.069f,0.0246f,0.0282f,0.7083f,0.8192f,3.0599f,0.1378f,0.8105f,-0.7055f,0.2775f,0f,0f,0f,1f],start_interpolation: 0,interpolation_duration: 1}
$data merge entity $(bone_chest1lid) {transformation: [-0.9915f,0.1132f,-0.0637f,-0.3664f,0.0261f,0.6538f,0.7562f,2.326f,0.1272f,0.7482f,-0.6512f,0.0644f,0f,0f,0f,1f],start_interpolation: 0,interpolation_duration: 1}
$data merge entity $(bone_chest2) {transformation: [-0.9915f,0.1132f,-0.0637f,-0.3841f,0.0261f,0.6538f,0.7562f,2.2239f,0.1272f,0.7482f,-0.6512f,-0.0525f,0f,0f,0f,1f],start_interpolation: 0,interpolation_duration: 1}
$data merge entity $(bone_chest1lid3) {transformation: [-0.9915f,0.1132f,-0.0637f,-0.3452f,0.0261f,0.6538f,0.7562f,2.8089f,0.1272f,0.7482f,-0.6512f,-0.3607f,0f,0f,0f,1f],start_interpolation: 0,interpolation_duration: 1}
$data merge entity $(bone_chest3) {transformation: [-0.9915f,0.1132f,-0.0637f,-0.3629f,0.0261f,0.6538f,0.7562f,2.7067f,0.1272f,0.7482f,-0.6512f,-0.4776f,0f,0f,0f,1f],start_interpolation: 0,interpolation_duration: 1}
$data merge entity $(bone_hugeasssword2) {transformation: [0.2494f,3.1627f,-2.2969f,-1.0826f,-2.9619f,1.6547f,1.9569f,4.0509f,2.5505f,1.6123f,2.4971f,1.1298f,0f,0f,0f,1f],start_interpolation: 0,interpolation_duration: 1}
$data merge entity $(bone_belt) {transformation: [-0.9915f,0.1132f,-0.0637f,0.0196f,0.0261f,0.6538f,0.7562f,2.6997f,0.1272f,0.7482f,-0.6512f,0.0607f,0f,0f,0f,1f],start_interpolation: 0,interpolation_duration: 1}
$data merge entity $(bone_torn_part) {transformation: [-0.9986f,0.0242f,-0.047f,-0.1172f,0.0081f,0.9488f,0.3159f,2.4618f,0.0523f,0.3151f,-0.9476f,-0.0622f,0f,0f,0f,1f],start_interpolation: 0,interpolation_duration: 1}
$data merge entity $(bone_lowerbody) {transformation: [-0.9986f,0.0089f,-0.0521f,-0.0167f,0.0081f,0.9998f,0.016f,1.9706f,0.0523f,0.0155f,-0.9985f,0.0655f,0f,0f,0f,1f],start_interpolation: 0,interpolation_duration: 1}
$data merge entity $(bone_leftfoot) {transformation: [-0.9366f,-0.1273f,-0.3264f,0.7409f,-0.1979f,0.9611f,0.1929f,0.2091f,0.2891f,0.2452f,-0.9254f,0.1636f,0f,0f,0f,1f],start_interpolation: 0,interpolation_duration: 1}
$data merge entity $(bone_leftlowerleg) {transformation: [-0.9366f,-0.1273f,-0.3264f,0.6498f,-0.1979f,0.9611f,0.1929f,1.2457f,0.2891f,0.2452f,-0.9254f,0.5779f,0f,0f,0f,1f],start_interpolation: 0,interpolation_duration: 1}
$data merge entity $(bone_leftleg) {transformation: [-0.9185f,-0.3712f,-0.1363f,0.2704f,-0.1719f,0.6852f,-0.7077f,1.9229f,0.3561f,-0.6266f,-0.6932f,0.0409f,0f,0f,0f,1f],start_interpolation: 0,interpolation_duration: 1}
$data merge entity $(bone_rightfoot) {transformation: [-0.9582f,0.0819f,0.2741f,-0.7409f,0.145f,0.965f,0.2184f,0.2111f,-0.2467f,0.249f,-0.9366f,0.1691f,0f,0f,0f,1f],start_interpolation: 0,interpolation_duration: 1}
$data merge entity $(bone_rightlowerleg) {transformation: [-0.9582f,0.0819f,0.2741f,-0.6922f,0.145f,0.965f,0.2184f,1.2481f,-0.2467f,0.249f,-0.9366f,0.5893f,0f,0f,0f,1f],start_interpolation: 0,interpolation_duration: 1}
$data merge entity $(bone_rightleg) {transformation: [-0.9314f,0.3602f,-0.0522f,-0.3361f,0.3077f,0.7026f,-0.6417f,1.9299f,-0.1945f,-0.6137f,-0.7652f,0.0498f,0f,0f,0f,1f],start_interpolation: 0,interpolation_duration: 1}
data modify entity @s data merge value {"cameras":{},"locators":{"lefthand":{"posx":1.499002126779978,"posy":1.8919544197306923,"posz":0.9206651887661766,"roty":19.899927311116357,"rotx":-34.79179061275067},"sword":{"posx":-0.39544755285139777,"posy":4.417183840482488,"posz":4.139463962904939,"roty":345.424883186367,"rotx":-40.24927471978542},"righthand":{"posx":-1.1037012357051954,"posy":2.034637292150214,"posz":1.4155871456178586,"roty":345.424883186367,"rotx":-40.24927471978542},"chest":{"posx":-0.39448777426620946,"posy":2.1678380297077045,"posz":0.12340236360208881,"roty":354.4150843001754,"rotx":49.132844759620994}}}