# This file was generated by Animated Java via MC-Build. It is not recommended to edit this file directly.
$data merge entity $(bone_nose) {transformation: [-0.9971f,-0.0681f,-0.0349f,-0.8647f,-0.0765f,0.8684f,0.4899f,3.1739f,-0.0031f,0.4911f,-0.8711f,0.9703f,0f,0f,0f,1f],start_interpolation: 0,interpolation_duration: 1}
$data merge entity $(bone_glowing_eye) {transformation: [-0.9971f,-0.0681f,-0.0349f,-0.9927f,-0.0765f,0.8684f,0.4899f,3.2061f,-0.0031f,0.4911f,-0.8711f,1.0335f,0f,0f,0f,1f],start_interpolation: 0,interpolation_duration: 1}
$data merge entity $(bone_head) {transformation: [-0.9971f,-0.0681f,-0.0349f,-0.8628f,-0.0765f,0.8684f,0.4899f,3.1584f,-0.0031f,0.4911f,-0.8711f,0.7465f,0f,0f,0f,1f],start_interpolation: 0,interpolation_duration: 1}
$data merge entity $(bone_leftthumb2) {transformation: [0.7267f,0.0615f,0.6842f,-0.3445f,-0.075f,0.9971f,-0.01f,2.2275f,-0.6828f,-0.044f,0.7292f,2.1249f,0f,0f,0f,1f],start_interpolation: 0,interpolation_duration: 1}
$data merge entity $(bone_leftthumb) {transformation: [0.7267f,0.0615f,0.6842f,-0.2709f,-0.075f,0.9971f,-0.01f,2.4712f,-0.6828f,-0.044f,0.7292f,2.1764f,0f,0f,0f,1f],start_interpolation: 0,interpolation_duration: 1}
$data merge entity $(bone_leftpointerfinger) {transformation: [0.6463f,-0.4068f,0.6456f,-0.4488f,0.6892f,0.6743f,-0.265f,2.2256f,-0.3275f,0.6163f,0.7162f,2.3113f,0f,0f,0f,1f],start_interpolation: 0,interpolation_duration: 1}
$data merge entity $(bone_leftmidfinger) {transformation: [0.6328f,-0.4275f,0.6456f,-0.3479f,0.7107f,0.6517f,-0.265f,2.1842f,-0.3074f,0.6265f,0.7162f,2.4232f,0f,0f,0f,1f],start_interpolation: 0,interpolation_duration: 1}
$data merge entity $(bone_leftringfinger) {transformation: [0.6328f,-0.4275f,0.6456f,-0.247f,0.7107f,0.6517f,-0.265f,2.1428f,-0.3074f,0.6265f,0.7162f,2.5351f,0f,0f,0f,1f],start_interpolation: 0,interpolation_duration: 1}
$data merge entity $(bone_invisibility) {transformation: [0.665f,-0.5899f,-0.4581f,-0.3587f,0.7159f,0.3287f,0.616f,2.2566f,-0.2128f,-0.7376f,0.6409f,2.198f,0f,0f,0f,1f],start_interpolation: 0,interpolation_duration: 1}
$data merge entity $(bone_swiftness) {transformation: [0.6456f,0.611f,-0.4581f,-0.2965f,-0.265f,0.7418f,0.616f,2.0744f,0.7162f,-0.2763f,0.6409f,2.3363f,0f,0f,0f,1f],start_interpolation: 0,interpolation_duration: 1}
$data merge entity $(bone_suspicious_stew) {transformation: [0.8266f,-0.3269f,-0.4581f,-0.2663f,0.5603f,0.5537f,0.616f,2.1722f,0.0523f,-0.7659f,0.6409f,2.3452f,0f,0f,0f,1f],start_interpolation: 0,interpolation_duration: 1}
$data merge entity $(bone_log) {transformation: [0.4581f,0.611f,0.6456f,-0.1167f,-0.616f,0.7418f,-0.265f,2.1947f,-0.6409f,-0.2763f,0.7162f,2.2842f,0f,0f,0f,1f],start_interpolation: 0,interpolation_duration: 1}
$data merge entity $(bone_planks) {transformation: [0.4581f,0.611f,0.6456f,-0.0738f,-0.616f,0.7418f,-0.265f,2.137f,-0.6409f,-0.2763f,0.7162f,2.2241f,0f,0f,0f,1f],start_interpolation: 0,interpolation_duration: 1}
$data merge entity $(bone_lefthand1) {transformation: [0.4581f,0.611f,0.6456f,-0.0987f,-0.616f,0.7418f,-0.265f,2.5425f,-0.6409f,-0.2763f,0.7162f,2.353f,0f,0f,0f,1f],start_interpolation: 0,interpolation_duration: 1}
$data merge entity $(bone_leftforearm) {transformation: [0.4195f,0.6251f,0.6582f,0.3549f,-0.7064f,0.6802f,-0.1958f,2.9783f,-0.5701f,-0.3829f,0.7269f,2.0429f,0f,0f,0f,1f],start_interpolation: 0,interpolation_duration: 1}
$data merge entity $(bone_leftelbow) {transformation: [0.4195f,0.6251f,0.6582f,0.4721f,-0.7064f,0.6802f,-0.1958f,3.1058f,-0.5701f,-0.3829f,0.7269f,1.9711f,0f,0f,0f,1f],start_interpolation: 0,interpolation_duration: 1}
$data merge entity $(bone_leftarm) {transformation: [0.1313f,-0.5189f,0.8447f,-0.0305f,-0.955f,0.1625f,0.2483f,2.8606f,-0.266f,-0.8393f,-0.4742f,1.4056f,0f,0f,0f,1f],start_interpolation: 0,interpolation_duration: 1}
$data merge entity $(bone_rightthumb2) {transformation: [-0.7107f,-0.5673f,0.416f,-1.4022f,-0.6643f,0.3464f,-0.6624f,1.9465f,0.2317f,-0.7471f,-0.6231f,0.3096f,0f,0f,0f,1f],start_interpolation: 0,interpolation_duration: 1}
$data merge entity $(bone_rightthumb) {transformation: [-0.7107f,-0.5673f,0.416f,-1.5058f,-0.6643f,0.3464f,-0.6624f,1.9748f,0.2317f,-0.7471f,-0.6231f,0.0731f,0f,0f,0f,1f],start_interpolation: 0,interpolation_duration: 1}
$data merge entity $(bone_rightpointerfinger) {transformation: [-0.2243f,-0.768f,0.5999f,-1.5435f,-0.5088f,-0.4327f,-0.7442f,1.7773f,0.8312f,-0.4722f,-0.2937f,0.3371f,0f,0f,0f,1f],start_interpolation: 0,interpolation_duration: 1}
$data merge entity $(bone_rightmidfinger) {transformation: [-0.1993f,-0.7748f,0.5999f,-1.4498f,-0.4945f,-0.449f,-0.7442f,1.661f,0.846f,-0.445f,-0.2937f,0.2912f,0f,0f,0f,1f],start_interpolation: 0,interpolation_duration: 1}
$data merge entity $(bone_rightringfinger) {transformation: [-0.1993f,-0.7748f,0.5999f,-1.356f,-0.4945f,-0.449f,-0.7442f,1.5447f,0.846f,-0.445f,-0.2937f,0.2453f,0f,0f,0f,1f],start_interpolation: 0,interpolation_duration: 1}
$data merge entity $(bone_hugeasssword) {transformation: [-3.0695f,0.6308f,2.3496f,-1.291f,-1.8515f,1.848f,-2.915f,1.8502f,-1.5781f,-3.3952f,-1.1501f,0.1894f,0f,0f,0f,1f],start_interpolation: 0,interpolation_duration: 1}
$data merge entity $(bone_ice) {transformation: [-0.7837f,0.1611f,0.5999f,-1.2812f,-0.4727f,0.4718f,-0.7442f,1.8502f,-0.4029f,-0.8668f,-0.2937f,0.2092f,0f,0f,0f,1f],start_interpolation: 0,interpolation_duration: 1}
$data merge entity $(bone_righthand1) {transformation: [-0.7837f,0.1611f,0.5999f,-1.4181f,-0.4727f,0.4718f,-0.7442f,1.8267f,-0.4029f,-0.8668f,-0.2937f,-0.1174f,0f,0f,0f,1f],start_interpolation: 0,interpolation_duration: 1}
$data merge entity $(bone_rightforearm) {transformation: [-0.9327f,0.2168f,-0.2882f,-1.2022f,0.354f,0.7027f,-0.6171f,2.2591f,0.0687f,-0.6776f,-0.7322f,-0.6196f,0f,0f,0f,1f],start_interpolation: 0,interpolation_duration: 1}
$data merge entity $(bone_rightelbow) {transformation: [-0.9327f,0.2168f,-0.2882f,-1.1615f,0.354f,0.7027f,-0.6171f,2.3908f,0.0687f,-0.6776f,-0.7322f,-0.7467f,0f,0f,0f,1f],start_interpolation: 0,interpolation_duration: 1}
$data merge entity $(bone_rightarm) {transformation: [-0.921f,0.0242f,0.3889f,-1.0189f,0.2626f,0.776f,0.5734f,2.6646f,-0.2879f,0.6302f,-0.7211f,-0.1414f,0f,0f,0f,1f],start_interpolation: 0,interpolation_duration: 1}
$data merge entity $(bone_chest1) {transformation: [-0.6296f,-0.7265f,0.4994f,-0.3861f,-0.1273f,0.6821f,0.8319f,2.8074f,-0.8724f,0.4248f,-0.4818f,0.4508f,0f,0f,0f,1f],start_interpolation: 0,interpolation_duration: 1}
$data merge entity $(bone_chest1lid) {transformation: [-0.5812f,-0.6706f,0.461f,-0.3066f,-0.1175f,0.6297f,0.7679f,2.0365f,-0.8053f,0.3921f,-0.4447f,0.0819f,0f,0f,0f,1f],start_interpolation: 0,interpolation_duration: 1}
$data merge entity $(bone_chest2) {transformation: [-0.5812f,-0.6706f,0.461f,-0.2018f,-0.1175f,0.6297f,0.7679f,1.9381f,-0.8053f,0.3921f,-0.4447f,0.0207f,0f,0f,0f,1f],start_interpolation: 0,interpolation_duration: 1}
$data merge entity $(bone_chest1lid3) {transformation: [-0.5812f,-0.6706f,0.461f,0.025f,-0.1175f,0.6297f,0.7679f,2.5358f,-0.8053f,0.3921f,-0.4447f,-0.1526f,0f,0f,0f,1f],start_interpolation: 0,interpolation_duration: 1}
$data merge entity $(bone_chest3) {transformation: [-0.5812f,-0.6706f,0.461f,0.1298f,-0.1175f,0.6297f,0.7679f,2.4374f,-0.8053f,0.3921f,-0.4447f,-0.2139f,0f,0f,0f,1f],start_interpolation: 0,interpolation_duration: 1}
$data merge entity $(bone_hugeasssword2) {transformation: [-1.8054f,-0.0964f,-3.4744f,-1.7582f,-3.0077f,2.0054f,1.5073f,3.5967f,1.7419f,3.3629f,-0.9984f,-0.2041f,0f,0f,0f,1f],start_interpolation: 0,interpolation_duration: 1}
$data merge entity $(bone_belt) {transformation: [-0.5812f,-0.6706f,0.461f,-0.1607f,-0.1175f,0.6297f,0.7679f,2.4599f,-0.8053f,0.3921f,-0.4447f,0.3787f,0f,0f,0f,1f],start_interpolation: 0,interpolation_duration: 1}
$data merge entity $(bone_torn_part) {transformation: [-0.6984f,-0.2882f,0.6551f,-0.1235f,-0.0089f,0.9188f,0.3947f,2.3789f,-0.7157f,0.2698f,-0.6442f,0.2207f,0f,0f,0f,1f],start_interpolation: 0,interpolation_duration: 1}
$data merge entity $(bone_lowerbody) {transformation: [-0.6984f,-0.0778f,0.7115f,-0.1174f,-0.0089f,0.9949f,0.1001f,1.8799f,-0.7157f,0.0636f,-0.6955f,0.3573f,0f,0f,0f,1f],start_interpolation: 0,interpolation_duration: 1}
$data merge entity $(bone_leftfoot) {transformation: [-0.8923f,-0.4507f,-0.023f,0.8411f,-0.3626f,0.6857f,0.6311f,0.4289f,-0.2687f,0.5715f,-0.7754f,0.2678f,0f,0f,0f,1f],start_interpolation: 0,interpolation_duration: 1}
$data merge entity $(bone_leftlowerleg) {transformation: [-0.8923f,-0.4507f,-0.023f,0.3446f,-0.3626f,0.6857f,0.6311f,1.0927f,-0.2687f,0.5715f,-0.7754f,1.021f,0f,0f,0f,1f],start_interpolation: 0,interpolation_duration: 1}
$data merge entity $(bone_leftleg) {transformation: [-0.8405f,-0.2119f,0.4986f,0.1141f,-0.4478f,0.7898f,-0.4193f,1.8123f,-0.3049f,-0.5757f,-0.7587f,0.5158f,0f,0f,0f,1f],start_interpolation: 0,interpolation_duration: 1}
$data merge entity $(bone_rightfoot) {transformation: [-0.8219f,-0.2072f,0.5306f,-0.6637f,-0.0501f,0.9542f,0.295f,0.2837f,-0.5674f,0.2159f,-0.7946f,0.236f,0f,0f,0f,1f],start_interpolation: 0,interpolation_duration: 1}
$data merge entity $(bone_rightlowerleg) {transformation: [-0.8219f,-0.2072f,0.5306f,-0.9752f,-0.0501f,0.9542f,0.295f,1.2969f,-0.5674f,0.2159f,-0.7946f,0.5975f,0f,0f,0f,1f],start_interpolation: 0,interpolation_duration: 1}
$data merge entity $(bone_rightleg) {transformation: [-0.7162f,0.64f,0.2783f,-0.382f,0.1732f,0.5493f,-0.8175f,1.8084f,-0.6761f,-0.5372f,-0.5043f,0.159f,0f,0f,0f,1f],start_interpolation: 0,interpolation_duration: 1}
data modify entity @s data merge value {"cameras":{},"locators":{"lefthand":{"posx":-0.21748914821340287,"posy":2.1986628119585445,"posz":2.354669540378013,"roty":137.96747077050588,"rotx":-15.369249842193877},"sword":{"posx":-3.5786869647627624,"posy":4.5545228094803125,"posz":1.272421088829353,"roty":63.917919455905405,"rotx":-48.09426540608575},"righthand":{"posx":-1.366589576258558,"posy":1.8101204753459679,"posz":0.1895835099788401,"roty":63.917919455905405,"rotx":-48.09426540608575},"chest":{"posx":-0.35486494905049476,"posy":1.873444404228043,"posz":0.1017538928593707,"roty":46.02623254705071,"rotx":50.16872380620677}}}