# This file was generated by Animated Java via MC-Build. It is not recommended to edit this file directly.
$data merge entity $(bone_nose) {transformation: [-0.7592f,-0.0115f,0.6508f,-0.6082f,0.3317f,0.8534f,0.402f,3.0199f,-0.56f,0.5211f,-0.6441f,0.5498f,0f,0f,0f,1f],start_interpolation: 0,interpolation_duration: 1}
$data merge entity $(bone_glowing_eye) {transformation: [-0.7592f,-0.0115f,0.6508f,-0.7266f,0.3317f,0.8534f,0.402f,3.1051f,-0.56f,0.5211f,-0.6441f,0.5376f,0f,0f,0f,1f],start_interpolation: 0,interpolation_duration: 1}
$data merge entity $(bone_head) {transformation: [-0.7592f,-0.0115f,0.6508f,-0.4849f,0.3317f,0.8534f,0.402f,2.9898f,-0.56f,0.5211f,-0.6441f,0.3649f,0f,0f,0f,1f],start_interpolation: 0,interpolation_duration: 1}
$data merge entity $(bone_leftthumb2) {transformation: [0.3837f,0.3856f,-0.8391f,-1.8779f,-0.9087f,0.3198f,-0.2685f,2.75f,0.1648f,0.8655f,0.4731f,0.3097f,0f,0f,0f,1f],start_interpolation: 0,interpolation_duration: 1}
$data merge entity $(bone_leftthumb) {transformation: [0.3837f,0.3856f,-0.8391f,-1.8551f,-0.9087f,0.3198f,-0.2685f,2.8054f,0.1648f,0.8655f,0.4731f,0.5624f,0f,0f,0f,1f],start_interpolation: 0,interpolation_duration: 1}
$data merge entity $(bone_leftpointerfinger) {transformation: [0.1273f,-0.3636f,-0.9228f,-2.0001f,-0.0339f,0.9282f,-0.3704f,2.9681f,0.9913f,0.0784f,0.1059f,0.3107f,0f,0f,0f,1f],start_interpolation: 0,interpolation_duration: 1}
$data merge entity $(bone_leftmidfinger) {transformation: [0.1093f,-0.3694f,-0.9228f,-2.1443f,0.0117f,0.9288f,-0.3704f,2.9102f,0.9939f,0.0297f,0.1059f,0.3272f,0f,0f,0f,1f],start_interpolation: 0,interpolation_duration: 1}
$data merge entity $(bone_leftringfinger) {transformation: [0.1093f,-0.3694f,-0.9228f,-2.2884f,0.0117f,0.9288f,-0.3704f,2.8524f,0.9939f,0.0297f,0.1059f,0.3438f,0f,0f,0f,1f],start_interpolation: 0,interpolation_duration: 1}
$data merge entity $(bone_invisibility) {transformation: [0.2474f,0.948f,-0.2003f,-1.9258f,-0.645f,0.3154f,0.6961f,2.8798f,0.723f,-0.043f,0.6895f,0.3534f,0f,0f,0f,1f],start_interpolation: 0,interpolation_duration: 1}
$data merge entity $(bone_swiftness) {transformation: [-0.9228f,0.3291f,-0.2003f,-2.133f,-0.3704f,-0.615f,0.6961f,2.8574f,0.1059f,0.7165f,0.6895f,0.2403f,0f,0f,0f,1f],start_interpolation: 0,interpolation_duration: 1}
$data merge entity $(bone_suspicious_stew) {transformation: [-0.0917f,0.9754f,-0.2003f,-2.1143f,-0.714f,0.0758f,0.6961f,2.8392f,0.6941f,0.2069f,0.6895f,0.3397f,0f,0f,0f,1f],start_interpolation: 0,interpolation_duration: 1}
$data merge entity $(bone_log) {transformation: [0.2003f,0.3291f,-0.9228f,-2.0976f,-0.6961f,-0.615f,-0.3704f,2.6797f,-0.6895f,0.7165f,0.1059f,0.3696f,0f,0f,0f,1f],start_interpolation: 0,interpolation_duration: 1}
$data merge entity $(bone_planks) {transformation: [0.2003f,0.3291f,-0.9228f,-2.0789f,-0.6961f,-0.615f,-0.3704f,2.6144f,-0.6895f,0.7165f,0.1059f,0.305f,0f,0f,0f,1f],start_interpolation: 0,interpolation_duration: 1}
$data merge entity $(bone_lefthand1) {transformation: [0.2003f,0.3291f,-0.9228f,-2.0366f,-0.6961f,-0.615f,-0.3704f,2.7115f,-0.6895f,0.7165f,0.1059f,0.7178f,0f,0f,0f,1f],start_interpolation: 0,interpolation_duration: 1}
$data merge entity $(bone_leftforearm) {transformation: [0.3225f,0.5382f,-0.7787f,-1.6284f,-0.8899f,-0.1081f,-0.4432f,2.5631f,-0.3228f,0.8359f,0.444f,1.2875f,0f,0f,0f,1f],start_interpolation: 0,interpolation_duration: 1}
$data merge entity $(bone_leftelbow) {transformation: [0.3225f,0.5382f,-0.7787f,-1.5275f,-0.8899f,-0.1081f,-0.4432f,2.5428f,-0.3228f,0.8359f,0.444f,1.4442f,0f,0f,0f,1f],start_interpolation: 0,interpolation_duration: 1}
$data merge entity $(bone_leftarm) {transformation: [0.0024f,0.9978f,0.0662f,-0.9118f,-0.7341f,0.0467f,-0.6774f,2.4532f,-0.679f,-0.047f,0.7326f,1.0711f,0f,0f,0f,1f],start_interpolation: 0,interpolation_duration: 1}
$data merge entity $(bone_rightthumb2) {transformation: [-0.3837f,0.1864f,0.9044f,-0.3934f,-0.4326f,0.829f,-0.3544f,1.819f,-0.8159f,-0.5272f,-0.2374f,-1.2671f,0f,0f,0f,1f],start_interpolation: 0,interpolation_duration: 1}
$data merge entity $(bone_rightthumb) {transformation: [-0.3837f,0.1864f,0.9044f,-0.2704f,-0.4326f,0.829f,-0.3544f,1.992f,-0.8159f,-0.5272f,-0.2374f,-1.4167f,0f,0f,0f,1f],start_interpolation: 0,interpolation_duration: 1}
$data merge entity $(bone_rightpointerfinger) {transformation: [-0.7483f,-0.1398f,0.6484f,-0.4703f,-0.6094f,-0.2414f,-0.7553f,1.7456f,0.2621f,-0.9603f,0.0955f,-1.5173f,0f,0f,0f,1f],start_interpolation: 0,interpolation_duration: 1}
$data merge entity $(bone_rightmidfinger) {transformation: [-0.7406f,-0.1763f,0.6484f,-0.369f,-0.5968f,-0.271f,-0.7553f,1.6275f,0.3089f,-0.9463f,0.0955f,-1.5024f,0f,0f,0f,1f],start_interpolation: 0,interpolation_duration: 1}
$data merge entity $(bone_rightringfinger) {transformation: [-0.7406f,-0.1763f,0.6484f,-0.2677f,-0.5968f,-0.271f,-0.7553f,1.5095f,0.3089f,-0.9463f,0.0955f,-1.4874f,0f,0f,0f,1f],start_interpolation: 0,interpolation_duration: 1}
$data merge entity $(bone_hugeasssword) {transformation: [1.4362f,2.613f,2.5397f,-0.2895f,0.7832f,2.4447f,-2.9581f,1.7411f,-3.5587f,1.5926f,0.3739f,-1.3077f,0f,0f,0f,1f],start_interpolation: 0,interpolation_duration: 1}
$data merge entity $(bone_ice) {transformation: [0.3667f,0.6671f,0.6484f,-0.3056f,0.2f,0.6242f,-0.7553f,1.7283f,-0.9086f,0.4066f,0.0955f,-1.2998f,0f,0f,0f,1f],start_interpolation: 0,interpolation_duration: 1}
$data merge entity $(bone_righthand1) {transformation: [0.3667f,0.6671f,0.6484f,-0.0269f,0.2f,0.6242f,-0.7553f,1.9107f,-0.9086f,0.4066f,0.0955f,-1.4223f,0f,0f,0f,1f],start_interpolation: 0,interpolation_duration: 1}
$data merge entity $(bone_rightforearm) {transformation: [-0.3787f,0.4266f,0.8213f,0.331f,0.7173f,0.6961f,-0.0308f,2.331f,-0.5848f,0.5775f,-0.5696f,-0.9969f,0f,0f,0f,1f],start_interpolation: 0,interpolation_duration: 1}
$data merge entity $(bone_rightelbow) {transformation: [-0.3787f,0.4266f,0.8213f,0.411f,0.7173f,0.6961f,-0.0308f,2.4615f,-0.5848f,0.5775f,-0.5696f,-0.8886f,0f,0f,0f,1f],start_interpolation: 0,interpolation_duration: 1}
$data merge entity $(bone_rightarm) {transformation: [0.1263f,-0.3544f,0.9265f,0.0873f,0.8147f,0.5699f,0.107f,2.5481f,-0.566f,0.7414f,0.3607f,-0.4042f,0f,0f,0f,1f],start_interpolation: 0,interpolation_duration: 1}
$data merge entity $(bone_chest1) {transformation: [0.5188f,-0.4146f,0.8559f,-0.168f,0.114f,0.995f,0.4129f,2.418f,-0.9441f,-0.1077f,0.5202f,0.4674f,0f,0f,0f,1f],start_interpolation: 0,interpolation_duration: 1}
$data merge entity $(bone_chest1lid) {transformation: [0.4789f,-0.3827f,0.79f,-0.052f,0.1052f,0.9185f,0.3812f,1.6771f,-0.8715f,-0.0994f,0.4802f,0.0499f,0f,0f,0f,1f],start_interpolation: 0,interpolation_duration: 1}
$data merge entity $(bone_chest2) {transformation: [0.4789f,-0.3827f,0.79f,0.0078f,0.1052f,0.9185f,0.3812f,1.5336f,-0.8715f,-0.0994f,0.4802f,0.0654f,0f,0f,0f,1f],start_interpolation: 0,interpolation_duration: 1}
$data merge entity $(bone_chest1lid3) {transformation: [0.4789f,-0.3827f,0.79f,0.4241f,0.1052f,0.9185f,0.3812f,1.9147f,-0.8715f,-0.0994f,0.4802f,0.4119f,0f,0f,0f,1f],start_interpolation: 0,interpolation_duration: 1}
$data merge entity $(bone_chest3) {transformation: [0.4789f,-0.3827f,0.79f,0.4839f,0.1052f,0.9185f,0.3812f,1.7712f,-0.8715f,-0.0994f,0.4802f,0.4275f,0f,0f,0f,1f],start_interpolation: 0,interpolation_duration: 1}
$data merge entity $(bone_hugeasssword2) {transformation: [-3.0943f,-2.3957f,0.1621f,0.1873f,-1.4929f,2.1265f,2.9308f,3.7144f,-1.8807f,2.2536f,-2.5932f,-0.5945f,0f,0f,0f,1f],start_interpolation: 0,interpolation_duration: 1}
$data merge entity $(bone_belt) {transformation: [0.4789f,-0.3827f,0.79f,-0.1343f,0.1052f,0.9185f,0.3812f,1.9989f,-0.8715f,-0.0994f,0.4802f,0.472f,0f,0f,0f,1f],start_interpolation: 0,interpolation_duration: 1}
$data merge entity $(bone_torn_part) {transformation: [-0.0049f,-0.3482f,0.9374f,-0.0402f,0.2996f,0.8939f,0.3336f,2.0487f,-0.9541f,0.2824f,0.1f,0.4573f,0f,0f,0f,1f],start_interpolation: 0,interpolation_duration: 1}
$data merge entity $(bone_lowerbody) {transformation: [-0.0049f,-0.0502f,0.9987f,-0.1557f,0.2996f,0.9528f,0.0493f,1.5473f,-0.9541f,0.2994f,0.0104f,0.4028f,0f,0f,0f,1f],start_interpolation: 0,interpolation_duration: 1}
$data merge entity $(bone_leftfoot) {transformation: [-0.5389f,-0.8347f,0.1137f,0.9393f,-0.2569f,0.2914f,0.9215f,0.5189f,-0.8022f,0.4673f,-0.3715f,0.3345f,0f,0f,0f,1f],start_interpolation: 0,interpolation_duration: 1}
$data merge entity $(bone_leftlowerleg) {transformation: [-0.5389f,-0.8347f,0.1137f,-0.0041f,-0.2569f,0.2914f,0.9215f,0.7006f,-0.8022f,0.4673f,-0.3715f,0.9101f,0f,0f,0f,1f],start_interpolation: 0,interpolation_duration: 1}
$data merge entity $(bone_leftleg) {transformation: [-0.5969f,0.0482f,0.8009f,-0.0022f,-0.2551f,0.935f,-0.2464f,1.5237f,-0.7607f,-0.3514f,-0.5458f,0.581f,0f,0f,0f,1f],start_interpolation: 0,interpolation_duration: 1}
$data merge entity $(bone_rightfoot) {transformation: [-0.7489f,-0.1633f,0.6422f,-0.5889f,-0.0751f,0.9838f,0.1626f,0.262f,-0.6584f,0.0735f,-0.7491f,0.2324f,0f,0f,0f,1f],start_interpolation: 0,interpolation_duration: 1}
$data merge entity $(bone_rightlowerleg) {transformation: [-0.7489f,-0.1633f,0.6422f,-0.8687f,-0.0751f,0.9838f,0.1626f,1.3285f,-0.6584f,0.0735f,-0.7491f,0.4291f,0f,0f,0f,1f],start_interpolation: 0,interpolation_duration: 1}
$data merge entity $(bone_rightleg) {transformation: [-0.4994f,0.8193f,0.2815f,-0.1218f,0.1578f,0.4056f,-0.9003f,1.7089f,-0.8519f,-0.4052f,-0.3319f,0.1259f,0f,0f,0f,1f],start_interpolation: 0,interpolation_duration: 1}
data modify entity @s data merge value {"cameras":{},"locators":{"lefthand":{"posx":-2.1277062682455616,"posy":2.798772941877562,"posz":0.37659828852457455,"roty":263.45602927152834,"rotx":-21.742214497910354},"sword":{"posx":-2.6829025861491957,"posy":4.534080131522825,"posz":-1.7449265889109675,"roty":98.37613868797567,"rotx":-49.048311908413545},"righthand":{"posx":-0.2918129497883952,"posy":1.7490496551696197,"posz":-1.3928586314484852,"roty":98.37613868797567,"rotx":-49.048311908413545},"chest":{"posx":-0.1365966656610856,"posy":1.5633918068686172,"posz":-0.04619169455272125,"roty":121.2912534189329,"rotx":22.406504277514074}}}