# This file was generated by Animated Java via MC-Build. It is not recommended to edit this file directly.
$data merge entity $(bone_nose) {transformation: [-1f,0.0018f,-0.005f,0.0012f,0.0024f,0.9924f,-0.1232f,0.5379f,0.0047f,-0.1233f,-0.9924f,0.5455f,0f,0f,0f,1f],start_interpolation: 0,interpolation_duration: 1}
$data merge entity $(bone_glowing_eye) {transformation: [-1f,0.0026f,-0.0046f,-0.1235f,0.0024f,0.9991f,0.0414f,0.6044f,0.0047f,0.0414f,-0.9991f,0.5838f,0f,0f,0f,1f],start_interpolation: 0,interpolation_duration: 1}
$data merge entity $(bone_head) {transformation: [-1f,0.0026f,-0.0046f,0f,0.0024f,0.9991f,0.0414f,0.4222f,0.0047f,0.0414f,-0.9991f,0.3533f,0f,0f,0f,1f],start_interpolation: 0,interpolation_duration: 1}
$data merge entity $(bone_leftthumb2) {transformation: [-0.6306f,0.6054f,0.4856f,0.608f,-0.6091f,0.0017f,-0.7931f,-0.3206f,-0.481f,-0.7959f,0.3676f,1.1957f,0f,0f,0f,1f],start_interpolation: 0,interpolation_duration: 1}
$data merge entity $(bone_leftthumb) {transformation: [-0.6306f,0.6054f,0.4856f,0.7979f,-0.6091f,0.0017f,-0.7931f,-0.3879f,-0.481f,-0.7959f,0.3676f,1.0319f,0f,0f,0f,1f],start_interpolation: 0,interpolation_duration: 1}
$data merge entity $(bone_leftpointerfinger) {transformation: [-0.7326f,0.477f,0.4856f,0.7101f,-0.5987f,-0.112f,-0.7931f,-0.3445f,-0.3239f,-0.8717f,0.3676f,1.3692f,0f,0f,0f,1f],start_interpolation: 0,interpolation_duration: 1}
$data merge entity $(bone_leftmidfinger) {transformation: [-0.6882f,0.539f,0.4856f,0.786f,-0.6062f,-0.0594f,-0.7931f,-0.4684f,-0.3987f,-0.8402f,0.3676f,1.4267f,0f,0f,0f,1f],start_interpolation: 0,interpolation_duration: 1}
$data merge entity $(bone_leftringfinger) {transformation: [-0.7527f,0.4446f,0.4856f,0.8619f,-0.5933f,-0.138f,-0.7931f,-0.5923f,-0.2856f,-0.885f,0.3676f,1.4841f,0f,0f,0f,1f],start_interpolation: 0,interpolation_duration: 1}
$data merge entity $(bone_invisibility) {transformation: [0.6454f,-0.431f,0.6306f,0.6238f,-0.0674f,0.7902f,0.6091f,-0.4483f,-0.7609f,-0.4356f,0.481f,1.1742f,0f,0f,0f,1f],start_interpolation: 0,interpolation_duration: 1}
$data merge entity $(bone_swiftness) {transformation: [0.4856f,0.6054f,0.6306f,0.6001f,-0.7931f,0.0017f,0.6091f,-0.629f,0.3676f,-0.7959f,0.481f,1.3259f,0f,0f,0f,1f],start_interpolation: 0,interpolation_duration: 1}
$data merge entity $(bone_suspicious_stew) {transformation: [0.7539f,-0.1843f,0.6306f,0.6865f,-0.3336f,0.7195f,0.6091f,-0.5971f,-0.566f,-0.6696f,0.481f,1.2804f,0f,0f,0f,1f],start_interpolation: 0,interpolation_duration: 1}
$data merge entity $(bone_log) {transformation: [-0.6306f,0.6054f,0.4856f,0.7258f,-0.6091f,0.0017f,-0.7931f,-0.6911f,-0.481f,-0.7959f,0.3676f,1.1531f,0f,0f,0f,1f],start_interpolation: 0,interpolation_duration: 1}
$data merge entity $(bone_planks) {transformation: [-0.6306f,0.6054f,0.4856f,0.6667f,-0.6091f,0.0017f,-0.7931f,-0.7483f,-0.481f,-0.7959f,0.3676f,1.108f,0f,0f,0f,1f],start_interpolation: 0,interpolation_duration: 1}
$data merge entity $(bone_lefthand1) {transformation: [-0.6306f,0.6054f,0.4856f,1.0196f,-0.6091f,0.0017f,-0.7931f,-0.5137f,-0.481f,-0.7959f,0.3676f,1.0629f,0f,0f,0f,1f],start_interpolation: 0,interpolation_duration: 1}
$data merge entity $(bone_leftforearm) {transformation: [-0.8583f,0.3874f,-0.3365f,1.2437f,0.4192f,0.1511f,-0.8952f,-0.3672f,-0.296f,-0.9094f,-0.2921f,0.4095f,0f,0f,0f,1f],start_interpolation: 0,interpolation_duration: 1}
$data merge entity $(bone_leftelbow) {transformation: [-0.8064f,-0.4773f,-0.3492f,1.1542f,0.072f,0.5068f,-0.8591f,-0.2722f,0.587f,-0.7179f,-0.3743f,0.2749f,0f,0f,0f,1f],start_interpolation: 0,interpolation_duration: 1}
$data merge entity $(bone_leftarm) {transformation: [-0.8064f,-0.4773f,-0.3492f,0.75f,0.072f,0.5068f,-0.8591f,0.0238f,0.587f,-0.7179f,-0.3743f,0.0561f,0f,0f,0f,1f],start_interpolation: 0,interpolation_duration: 1}
$data merge entity $(bone_rightthumb2) {transformation: [-0.4942f,-0.5959f,-0.633f,-0.6774f,0.7552f,0.0664f,-0.6521f,-0.373f,0.4306f,-0.8003f,0.4172f,1.1402f,0f,0f,0f,1f],start_interpolation: 0,interpolation_duration: 1}
$data merge entity $(bone_rightthumb) {transformation: [-0.4942f,-0.5959f,-0.633f,-0.8776f,0.7552f,0.0664f,-0.6521f,-0.4124f,0.4306f,-0.8003f,0.4172f,0.9796f,0f,0f,0f,1f],start_interpolation: 0,interpolation_duration: 1}
$data merge entity $(bone_rightpointerfinger) {transformation: [-0.5273f,-0.5668f,-0.633f,-0.7816f,0.7578f,0.0233f,-0.6521f,-0.3636f,0.3844f,-0.8235f,0.4172f,1.3139f,0f,0f,0f,1f],start_interpolation: 0,interpolation_duration: 1}
$data merge entity $(bone_rightmidfinger) {transformation: [-0.6375f,-0.4393f,-0.633f,-0.8805f,0.7449f,-0.1412f,-0.6521f,-0.4655f,0.197f,-0.8872f,0.4172f,1.3791f,0f,0f,0f,1f],start_interpolation: 0,interpolation_duration: 1}
$data merge entity $(bone_rightringfinger) {transformation: [-0.6733f,-0.3821f,-0.633f,-0.9794f,0.7297f,-0.2056f,-0.6521f,-0.5674f,0.119f,-0.901f,0.4172f,1.4443f,0f,0f,0f,1f],start_interpolation: 0,interpolation_duration: 1}
$data merge entity $(bone_hugeasssword) {transformation: [0f,0f,0f,-0.8446f,0f,0f,0f,-0.661f,0f,0f,0f,1.0906f,0f,0f,0f,1f],start_interpolation: 0,interpolation_duration: 1}
$data merge entity $(bone_ice) {transformation: [-0.4942f,-0.5959f,-0.633f,-0.8276f,0.7552f,0.0664f,-0.6521f,-0.6738f,0.4306f,-0.8003f,0.4172f,1.0963f,0f,0f,0f,1f],start_interpolation: 0,interpolation_duration: 1}
$data merge entity $(bone_righthand1) {transformation: [-0.4942f,-0.5959f,-0.633f,-1.1199f,0.7552f,0.0664f,-0.6521f,-0.4888f,0.4306f,-0.8003f,0.4172f,1.017f,0f,0f,0f,1f],start_interpolation: 0,interpolation_duration: 1}
$data merge entity $(bone_rightforearm) {transformation: [-0.8863f,-0.3592f,0.2923f,-1.3216f,-0.3832f,0.2142f,-0.8985f,-0.3003f,0.2601f,-0.9084f,-0.3274f,0.3671f,0f,0f,0f,1f],start_interpolation: 0,interpolation_duration: 1}
$data merge entity $(bone_rightelbow) {transformation: [-0.6835f,0.659f,0.314f,-1.198f,-0.0189f,0.4141f,-0.91f,-0.2226f,-0.7297f,-0.6279f,-0.2706f,0.2494f,0f,0f,0f,1f],start_interpolation: 0,interpolation_duration: 1}
$data merge entity $(bone_rightarm) {transformation: [-0.7435f,0.5904f,0.314f,-0.75f,-0.0585f,0.4104f,-0.91f,0.0238f,-0.6662f,-0.695f,-0.2706f,0.0561f,0f,0f,0f,1f],start_interpolation: 0,interpolation_duration: 1}
$data merge entity $(bone_chest1) {transformation: [-1.0833f,0f,0f,-0.0023f,0f,0.8299f,0.6964f,-0.0283f,0f,0.6964f,-0.8299f,-0.1313f,0f,0f,0f,1f],start_interpolation: 0,interpolation_duration: 1}
$data merge entity $(bone_chest1lid) {transformation: [-1f,0f,0f,-0.3437f,0f,0.8213f,0.5704f,-0.7947f,0f,0.5704f,-0.8213f,-0.2821f,0f,0f,0f,1f],start_interpolation: 0,interpolation_duration: 1}
$data merge entity $(bone_chest2) {transformation: [-1f,0f,0f,-0.3437f,0f,0.8213f,0.5704f,-0.923f,0f,0.5704f,-0.8213f,-0.3713f,0f,0f,0f,1f],start_interpolation: 0,interpolation_duration: 1}
$data merge entity $(bone_chest1lid3) {transformation: [-1f,0f,0f,-0.2812f,0f,0.7799f,0.6259f,-0.3894f,0f,0.6259f,-0.7799f,-0.7642f,0f,0f,0f,1f],start_interpolation: 0,interpolation_duration: 1}
$data merge entity $(bone_chest3) {transformation: [-1f,0f,0f,-0.2812f,0f,0.7799f,0.6259f,-0.5113f,0f,0.6259f,-0.7799f,-0.862f,0f,0f,0f,1f],start_interpolation: 0,interpolation_duration: 1}
$data merge entity $(bone_hugeasssword2) {transformation: [0f,1.6553f,-3.5497f,-1.7344f,-2.5176f,2.7192f,1.268f,0.4444f,3.0003f,2.2817f,1.064f,-0.0805f,0f,0f,0f,1f],start_interpolation: 0,interpolation_duration: 1}
$data merge entity $(bone_belt) {transformation: [-1f,0f,0f,0.0297f,0f,0.766f,0.6428f,-0.4175f,0f,0.6428f,-0.766f,-0.2871f,0f,0f,0f,1f],start_interpolation: 0,interpolation_duration: 1}
$data merge entity $(bone_torn_part) {transformation: [-1f,0f,0f,-0.0937f,0f,0.5373f,0.8434f,-0.6326f,0f,0.8434f,-0.5373f,-0.4743f,0f,0f,0f,1f],start_interpolation: 0,interpolation_duration: 1}
$data merge entity $(bone_lowerbody) {transformation: [-1f,0f,0f,0.0039f,0f,0.766f,0.6428f,-1.097f,0f,0.6428f,-0.766f,-0.6805f,0f,0f,0f,1f],start_interpolation: 0,interpolation_duration: 1}
$data merge entity $(bone_leftfoot) {transformation: [-1f,0f,0f,0.2813f,0f,0.935f,0.3545f,-2.7138f,0f,0.3545f,-0.935f,-1.7464f,0f,0f,0f,1f],start_interpolation: 0,interpolation_duration: 1}
$data merge entity $(bone_leftlowerleg) {transformation: [-1f,0f,0f,0.2813f,0f,0.7282f,0.6854f,-2.0112f,0f,0.6854f,-0.7282f,-0.8742f,0f,0f,0f,1f],start_interpolation: 0,interpolation_duration: 1}
$data merge entity $(bone_leftleg) {transformation: [-1f,0f,0f,0.25f,0f,0.9998f,0.0209f,-0.9495f,0f,0.0209f,-0.9998f,-0.8259f,0f,0f,0f,1f],start_interpolation: 0,interpolation_duration: 1}
$data merge entity $(bone_rightfoot) {transformation: [-1f,0f,0f,-0.2812f,0f,0.0783f,0.9969f,-1.991f,0f,0.9969f,-0.0783f,-2.4528f,0f,0f,0f,1f],start_interpolation: 0,interpolation_duration: 1}
$data merge entity $(bone_rightlowerleg) {transformation: [-1f,0f,0f,-0.2812f,0f,0.2219f,0.9751f,-1.8947f,0f,0.9751f,-0.2219f,-1.337f,0f,0f,0f,1f],start_interpolation: 0,interpolation_duration: 1}
$data merge entity $(bone_rightleg) {transformation: [-1f,0f,0f,-0.25f,0f,0.8605f,0.5095f,-0.9937f,0f,0.5095f,-0.8605f,-0.7732f,0f,0f,0f,1f],start_interpolation: 0,interpolation_duration: 1}
data modify entity @s data merge value {"cameras":{},"locators":{"lefthand":{"posx":0.7300532775530701,"posy":-0.6217903393519784,"posz":1.2546243090080431,"roty":127.12591636427254,"rotx":-52.476053899488},"sword":{"posx":-0.8445688438809711,"posy":-0.6609840195335572,"posz":1.0905453643236351,"roty":236.6088669741519,"rotx":-40.70018326843449},"righthand":{"posx":-0.8546877851774015,"posy":-0.5938922641506247,"posz":1.1426915499997958,"roty":236.6088669741519,"rotx":-40.70018326843447},"chest":{"posx":-0.37499999999999994,"posy":-0.935168141248673,"posz":-0.18945998446546772,"roty":0,"rotx":34.78}}}