# This file was generated by Animated Java via MC-Build. It is not recommended to edit this file directly.
$data merge entity $(bone_nose) {transformation: [-1f,0.0018f,-0.005f,0.0012f,0.0024f,0.9924f,-0.1232f,0.5467f,0.0047f,-0.1233f,-0.9924f,0.5455f,0f,0f,0f,1f],start_interpolation: 0,interpolation_duration: 1}
$data merge entity $(bone_glowing_eye) {transformation: [-1f,0.0026f,-0.0046f,-0.1235f,0.0024f,0.9991f,0.0414f,0.6132f,0.0047f,0.0414f,-0.9991f,0.5838f,0f,0f,0f,1f],start_interpolation: 0,interpolation_duration: 1}
$data merge entity $(bone_head) {transformation: [-1f,0.0026f,-0.0046f,0f,0.0024f,0.9991f,0.0414f,0.4311f,0.0047f,0.0414f,-0.9991f,0.3533f,0f,0f,0f,1f],start_interpolation: 0,interpolation_duration: 1}
$data merge entity $(bone_leftthumb2) {transformation: [-0.6598f,0.5625f,0.4983f,0.654f,-0.5952f,0.0136f,-0.8034f,-0.3128f,-0.4587f,-0.8267f,0.3259f,1.2228f,0f,0f,0f,1f],start_interpolation: 0,interpolation_duration: 1}
$data merge entity $(bone_leftthumb) {transformation: [-0.6598f,0.5625f,0.4983f,0.8345f,-0.5952f,0.0136f,-0.8034f,-0.3782f,-0.4587f,-0.8267f,0.3259f,1.0479f,0f,0f,0f,1f],start_interpolation: 0,interpolation_duration: 1}
$data merge entity $(bone_leftpointerfinger) {transformation: [-0.7532f,0.4295f,0.4983f,0.765f,-0.5873f,-0.0978f,-0.8034f,-0.3408f,-0.2963f,-0.8978f,0.3259f,1.3902f,0f,0f,0f,1f],start_interpolation: 0,interpolation_duration: 1}
$data merge entity $(bone_leftmidfinger) {transformation: [-0.7129f,0.4935f,0.4983f,0.8428f,-0.5936f,-0.0463f,-0.8034f,-0.4663f,-0.3734f,-0.8685f,0.3259f,1.4411f,0f,0f,0f,1f],start_interpolation: 0,interpolation_duration: 1}
$data merge entity $(bone_leftringfinger) {transformation: [-0.7712f,0.3962f,0.4983f,0.9207f,-0.5825f,-0.1233f,-0.8034f,-0.5919f,-0.2569f,-0.9098f,0.3259f,1.492f,0f,0f,0f,1f],start_interpolation: 0,interpolation_duration: 1}
$data merge entity $(bone_invisibility) {transformation: [0.6038f,-0.4474f,0.6598f,0.6677f,-0.0565f,0.8016f,0.5952f,-0.4402f,-0.7951f,-0.3967f,0.4587f,1.198f,0f,0f,0f,1f],start_interpolation: 0,interpolation_duration: 1}
$data merge entity $(bone_swiftness) {transformation: [0.4983f,0.5625f,0.6598f,0.6506f,-0.8034f,0.0136f,0.5952f,-0.6237f,0.3259f,-0.8267f,0.4587f,1.3472f,0f,0f,0f,1f],start_interpolation: 0,interpolation_duration: 1}
$data merge entity $(bone_suspicious_stew) {transformation: [0.7204f,-0.2139f,0.6598f,0.7348f,-0.3273f,0.7339f,0.5952f,-0.5915f,-0.6115f,-0.6447f,0.4587f,1.2979f,0f,0f,0f,1f],start_interpolation: 0,interpolation_duration: 1}
$data merge entity $(bone_log) {transformation: [-0.6598f,0.5625f,0.4983f,0.7666f,-0.5952f,0.0136f,-0.8034f,-0.6832f,-0.4587f,-0.8267f,0.3259f,1.1668f,0f,0f,0f,1f],start_interpolation: 0,interpolation_duration: 1}
$data merge entity $(bone_planks) {transformation: [-0.6598f,0.5625f,0.4983f,0.7047f,-0.5952f,0.0136f,-0.8034f,-0.739f,-0.4587f,-0.8267f,0.3259f,1.1238f,0f,0f,0f,1f],start_interpolation: 0,interpolation_duration: 1}
$data merge entity $(bone_lefthand1) {transformation: [-0.6598f,0.5625f,0.4983f,1.0566f,-0.5952f,0.0136f,-0.8034f,-0.5059f,-0.4587f,-0.8267f,0.3259f,1.0646f,0f,0f,0f,1f],start_interpolation: 0,interpolation_duration: 1}
$data merge entity $(bone_leftforearm) {transformation: [-0.8789f,0.3472f,-0.3271f,1.2509f,0.399f,0.159f,-0.9031f,-0.3551f,-0.2616f,-0.9242f,-0.2783f,0.4028f,0f,0f,0f,1f],start_interpolation: 0,interpolation_duration: 1}
$data merge entity $(bone_leftelbow) {transformation: [-0.8002f,-0.4898f,-0.3462f,1.1591f,0.0638f,0.5045f,-0.861f,-0.2605f,0.5964f,-0.7111f,-0.3725f,0.2695f,0f,0f,0f,1f],start_interpolation: 0,interpolation_duration: 1}
$data merge entity $(bone_leftarm) {transformation: [-0.8002f,-0.4898f,-0.3462f,0.75f,0.0638f,0.5045f,-0.861f,0.0326f,0.5964f,-0.7111f,-0.3725f,0.0561f,0f,0f,0f,1f],start_interpolation: 0,interpolation_duration: 1}
$data merge entity $(bone_rightthumb2) {transformation: [-0.5131f,-0.5573f,-0.6528f,-0.7205f,0.744f,0.0903f,-0.662f,-0.3838f,0.4279f,-0.8254f,0.3683f,1.1485f,0f,0f,0f,1f],start_interpolation: 0,interpolation_duration: 1}
$data merge entity $(bone_rightthumb) {transformation: [-0.5131f,-0.5573f,-0.6528f,-0.913f,0.744f,0.0903f,-0.662f,-0.4182f,0.4279f,-0.8254f,0.3683f,0.9776f,0f,0f,0f,1f],start_interpolation: 0,interpolation_duration: 1}
$data merge entity $(bone_rightpointerfinger) {transformation: [-0.544f,-0.5272f,-0.6528f,-0.8328f,0.748f,0.0479f,-0.662f,-0.379f,0.3803f,-0.8484f,0.3683f,1.3173f,0f,0f,0f,1f],start_interpolation: 0,interpolation_duration: 1}
$data merge entity $(bone_rightmidfinger) {transformation: [-0.6452f,-0.397f,-0.6528f,-0.9348f,0.7406f,-0.1152f,-0.662f,-0.4825f,0.1876f,-0.9106f,0.3683f,1.3748f,0f,0f,0f,1f],start_interpolation: 0,interpolation_duration: 1}
$data merge entity $(bone_rightringfinger) {transformation: [-0.6773f,-0.3392f,-0.6528f,-1.0368f,0.7278f,-0.1793f,-0.662f,-0.5859f,0.1076f,-0.9235f,0.3683f,1.4324f,0f,0f,0f,1f],start_interpolation: 0,interpolation_duration: 1}
$data merge entity $(bone_hugeasssword) {transformation: [0f,0f,0f,-0.8855f,0f,0f,0f,-0.6698f,0f,0f,0f,1.0829f,0f,0f,0f,1f],start_interpolation: 0,interpolation_duration: 1}
$data merge entity $(bone_ice) {transformation: [-0.5131f,-0.5573f,-0.6528f,-0.8688f,0.744f,0.0903f,-0.662f,-0.6829f,0.4279f,-0.8254f,0.3683f,1.0891f,0f,0f,0f,1f],start_interpolation: 0,interpolation_duration: 1}
$data merge entity $(bone_righthand1) {transformation: [-0.5131f,-0.5573f,-0.6528f,-1.1568f,0.744f,0.0903f,-0.662f,-0.495f,0.4279f,-0.8254f,0.3683f,1.0013f,0f,0f,0f,1f],start_interpolation: 0,interpolation_duration: 1}
$data merge entity $(bone_rightforearm) {transformation: [-0.9002f,-0.3236f,0.2914f,-1.3326f,-0.3757f,0.239f,-0.8954f,-0.2895f,0.2201f,-0.9155f,-0.3367f,0.3491f,0f,0f,0f,1f],start_interpolation: 0,interpolation_duration: 1}
$data merge entity $(bone_rightelbow) {transformation: [-0.6593f,0.6832f,0.3139f,-1.2045f,-0.0045f,0.414f,-0.9103f,-0.2118f,-0.7519f,-0.6016f,-0.2698f,0.2363f,0f,0f,0f,1f],start_interpolation: 0,interpolation_duration: 1}
$data merge entity $(bone_rightarm) {transformation: [-0.7271f,0.6105f,0.3139f,-0.75f,-0.0477f,0.4112f,-0.9103f,0.0326f,-0.6849f,-0.6769f,-0.2698f,0.0561f,0f,0f,0f,1f],start_interpolation: 0,interpolation_duration: 1}
$data merge entity $(bone_chest1) {transformation: [-1.0833f,0f,0f,-0.0023f,0f,0.8299f,0.6964f,-0.0194f,0f,0.6964f,-0.8299f,-0.1313f,0f,0f,0f,1f],start_interpolation: 0,interpolation_duration: 1}
$data merge entity $(bone_chest1lid) {transformation: [-1f,0f,0f,-0.3437f,0f,0.8213f,0.5704f,-0.7858f,0f,0.5704f,-0.8213f,-0.2821f,0f,0f,0f,1f],start_interpolation: 0,interpolation_duration: 1}
$data merge entity $(bone_chest2) {transformation: [-1f,0f,0f,-0.3437f,0f,0.8213f,0.5704f,-0.9142f,0f,0.5704f,-0.8213f,-0.3713f,0f,0f,0f,1f],start_interpolation: 0,interpolation_duration: 1}
$data merge entity $(bone_chest1lid3) {transformation: [-1f,0f,0f,-0.2812f,0f,0.7799f,0.6259f,-0.3805f,0f,0.6259f,-0.7799f,-0.7642f,0f,0f,0f,1f],start_interpolation: 0,interpolation_duration: 1}
$data merge entity $(bone_chest3) {transformation: [-1f,0f,0f,-0.2812f,0f,0.7799f,0.6259f,-0.5024f,0f,0.6259f,-0.7799f,-0.862f,0f,0f,0f,1f],start_interpolation: 0,interpolation_duration: 1}
$data merge entity $(bone_hugeasssword2) {transformation: [0f,1.6553f,-3.5497f,-1.7344f,-2.5176f,2.7192f,1.268f,0.4532f,3.0003f,2.2817f,1.064f,-0.0805f,0f,0f,0f,1f],start_interpolation: 0,interpolation_duration: 1}
$data merge entity $(bone_belt) {transformation: [-1f,0f,0f,0.0297f,0f,0.766f,0.6428f,-0.4087f,0f,0.6428f,-0.766f,-0.2871f,0f,0f,0f,1f],start_interpolation: 0,interpolation_duration: 1}
$data merge entity $(bone_torn_part) {transformation: [-1f,0f,0f,-0.0937f,0f,0.5373f,0.8434f,-0.6237f,0f,0.8434f,-0.5373f,-0.4743f,0f,0f,0f,1f],start_interpolation: 0,interpolation_duration: 1}
$data merge entity $(bone_lowerbody) {transformation: [-1f,0f,0f,0.0039f,0f,0.766f,0.6428f,-1.0882f,0f,0.6428f,-0.766f,-0.6805f,0f,0f,0f,1f],start_interpolation: 0,interpolation_duration: 1}
$data merge entity $(bone_leftfoot) {transformation: [-1f,0f,0f,0.2813f,0f,0.918f,0.3966f,-2.6625f,0f,0.3966f,-0.918f,-1.8116f,0f,0f,0f,1f],start_interpolation: 0,interpolation_duration: 1}
$data merge entity $(bone_leftlowerleg) {transformation: [-1f,0f,0f,0.2813f,0f,0.6964f,0.7177f,-2.0003f,0f,0.7177f,-0.6964f,-0.9084f,0f,0f,0f,1f],start_interpolation: 0,interpolation_duration: 1}
$data merge entity $(bone_leftleg) {transformation: [-1f,0f,0f,0.25f,0f,0.9986f,0.0532f,-0.9406f,0f,0.0532f,-0.9986f,-0.8259f,0f,0f,0f,1f],start_interpolation: 0,interpolation_duration: 1}
$data merge entity $(bone_rightfoot) {transformation: [-1f,0f,0f,-0.2812f,0f,0.1308f,0.9914f,-2.0587f,0f,0.9914f,-0.1308f,-2.4168f,0f,0f,0f,1f],start_interpolation: 0,interpolation_duration: 1}
$data merge entity $(bone_rightlowerleg) {transformation: [-1f,0f,0f,-0.2812f,0f,0.2731f,0.962f,-1.9035f,0f,0.962f,-0.2731f,-1.3076f,0f,0f,0f,1f],start_interpolation: 0,interpolation_duration: 1}
$data merge entity $(bone_rightleg) {transformation: [-1f,0f,0f,-0.25f,0f,0.8765f,0.4815f,-0.9848f,0f,0.4815f,-0.8765f,-0.7732f,0f,0f,0f,1f],start_interpolation: 0,interpolation_duration: 1}
data modify entity @s data merge value {"cameras":{},"locators":{"lefthand":{"posx":0.7767100472620811,"posy":-0.6159392858157255,"posz":1.2693151483551244,"roty":123.18589127894853,"rotx":-53.45996681958668},"sword":{"posx":-0.8855116916405203,"posy":-0.6698228315498144,"posz":1.0829176803096772,"roty":240.56794359190962,"rotx":-41.45192606305676},"righthand":{"posx":-0.8980083478717066,"posy":-0.60419854462632,"posz":1.1363985913221024,"roty":240.56794359190962,"rotx":-41.45192606305675},"chest":{"posx":-0.37499999999999994,"posy":-0.926307030137562,"posz":-0.18945998446546772,"roty":0,"rotx":34.78}}}