# This file was generated by Animated Java via MC-Build. It is not recommended to edit this file directly.
$data merge entity $(bone_nose) {transformation: [-1f,0.0018f,-0.005f,0.0012f,0.0024f,0.9924f,-0.1232f,0.6543f,0.0047f,-0.1233f,-0.9924f,0.5455f,0f,0f,0f,1f],start_interpolation: 0,interpolation_duration: 1}
$data merge entity $(bone_glowing_eye) {transformation: [-1f,0.0026f,-0.0046f,-0.1235f,0.0024f,0.9991f,0.0414f,0.7208f,0.0047f,0.0414f,-0.9991f,0.5838f,0f,0f,0f,1f],start_interpolation: 0,interpolation_duration: 1}
$data merge entity $(bone_head) {transformation: [-1f,0.0026f,-0.0046f,0f,0.0024f,0.9991f,0.0414f,0.5387f,0.0047f,0.0414f,-0.9991f,0.3533f,0f,0f,0f,1f],start_interpolation: 0,interpolation_duration: 1}
$data merge entity $(bone_leftthumb2) {transformation: [-0.8662f,-0.0912f,0.4914f,1.324f,-0.4952f,0.0242f,-0.8684f,-0.1365f,0.0673f,-0.9955f,-0.0661f,1.3584f,0f,0f,0f,1f],start_interpolation: 0,interpolation_duration: 1}
$data merge entity $(bone_leftthumb) {transformation: [-0.8662f,-0.0912f,0.4914f,1.3437f,-0.4952f,0.0242f,-0.8684f,-0.2048f,0.0673f,-0.9955f,-0.0661f,1.1086f,0f,0f,0f,1f],start_interpolation: 0,interpolation_duration: 1}
$data merge entity $(bone_leftpointerfinger) {transformation: [-0.8339f,-0.2513f,0.4914f,1.5115f,-0.491f,-0.0686f,-0.8684f,-0.1872f,0.252f,-0.9655f,-0.0661f,1.4166f,0f,0f,0f,1f],start_interpolation: 0,interpolation_duration: 1}
$data merge entity $(bone_leftmidfinger) {transformation: [-0.8526f,-0.1776f,0.4914f,1.5883f,-0.4951f,-0.0256f,-0.8684f,-0.3229f,0.1668f,-0.9838f,-0.0661f,1.4063f,0f,0f,0f,1f],start_interpolation: 0,interpolation_duration: 1}
$data merge entity $(bone_leftringfinger) {transformation: [-0.8222f,-0.2874f,0.4914f,1.6651f,-0.4876f,-0.09f,-0.8684f,-0.4586f,0.2938f,-0.9536f,-0.0661f,1.3959f,0f,0f,0f,1f],start_interpolation: 0,interpolation_duration: 1}
$data merge entity $(bone_invisibility) {transformation: [-0.048f,-0.4974f,0.8662f,1.3036f,-0.0515f,0.8672f,0.4952f,-0.2623f,-0.9975f,-0.0209f,-0.0673f,1.3306f,0f,0f,0f,1f],start_interpolation: 0,interpolation_duration: 1}
$data merge entity $(bone_swiftness) {transformation: [0.4914f,-0.0912f,0.8662f,1.363f,-0.8684f,0.0242f,0.4952f,-0.4542f,-0.0661f,-0.9955f,-0.0673f,1.4565f,0f,0f,0f,1f],start_interpolation: 0,interpolation_duration: 1}
$data merge entity $(bone_suspicious_stew) {transformation: [0.125f,-0.4839f,0.8662f,1.4f,-0.345f,0.7973f,0.4952f,-0.4263f,-0.9302f,-0.3608f,-0.0673f,1.3648f,0f,0f,0f,1f],start_interpolation: 0,interpolation_duration: 1}
$data merge entity $(bone_log) {transformation: [-0.8662f,-0.0912f,0.4914f,1.3304f,-0.4952f,0.0242f,-0.8684f,-0.5104f,0.0673f,-0.9955f,-0.0661f,1.2436f,0f,0f,0f,1f],start_interpolation: 0,interpolation_duration: 1}
$data merge entity $(bone_planks) {transformation: [-0.8662f,-0.0912f,0.4914f,1.2492f,-0.4952f,0.0242f,-0.8684f,-0.5568f,0.0673f,-0.9955f,-0.0661f,1.2499f,0f,0f,0f,1f],start_interpolation: 0,interpolation_duration: 1}
$data merge entity $(bone_lefthand1) {transformation: [-0.8662f,-0.0912f,0.4914f,1.5088f,-0.4952f,0.0242f,-0.8684f,-0.3534f,0.0673f,-0.9955f,-0.0661f,0.98f,0f,0f,0f,1f],start_interpolation: 0,interpolation_duration: 1}
$data merge entity $(bone_leftforearm) {transformation: [-0.9794f,-0.1661f,-0.1152f,1.3326f,0.083f,0.1893f,-0.9784f,-0.1998f,0.1843f,-0.9678f,-0.1716f,0.3137f,0f,0f,0f,1f],start_interpolation: 0,interpolation_duration: 1}
$data merge entity $(bone_leftelbow) {transformation: [-0.7107f,-0.6351f,-0.3026f,1.2136f,-0.0424f,0.468f,-0.8827f,-0.112f,0.7022f,-0.6145f,-0.3595f,0.1985f,0f,0f,0f,1f],start_interpolation: 0,interpolation_duration: 1}
$data merge entity $(bone_leftarm) {transformation: [-0.7107f,-0.6351f,-0.3026f,0.75f,-0.0424f,0.468f,-0.8827f,0.1403f,0.7022f,-0.6145f,-0.3595f,0.0561f,0f,0f,0f,1f],start_interpolation: 0,interpolation_duration: 1}
$data merge entity $(bone_rightthumb2) {transformation: [-0.7375f,0.0036f,-0.6753f,-1.2532f,0.6364f,0.3382f,-0.6932f,-0.5156f,0.2259f,-0.941f,-0.2518f,1.1206f,0f,0f,0f,1f],start_interpolation: 0,interpolation_duration: 1}
$data merge entity $(bone_rightthumb) {transformation: [-0.7375f,0.0036f,-0.6753f,-1.31f,0.6364f,0.3382f,-0.6932f,-0.4919f,0.2259f,-0.941f,-0.2518f,0.8683f,0f,0f,0f,1f],start_interpolation: 0,interpolation_duration: 1}
$data merge entity $(bone_rightpointerfinger) {transformation: [-0.7361f,0.0455f,-0.6753f,-1.4412f,0.6546f,0.3015f,-0.6932f,-0.5483f,0.172f,-0.9524f,-0.2518f,1.1892f,0f,0f,0f,1f],start_interpolation: 0,interpolation_duration: 1}
$data merge entity $(bone_rightmidfinger) {transformation: [-0.7088f,0.2038f,-0.6753f,-1.5467f,0.7044f,0.1527f,-0.6932f,-0.6566f,-0.0382f,-0.967f,-0.2518f,1.1499f,0f,0f,0f,1f],start_interpolation: 0,interpolation_duration: 1}
$data merge entity $(bone_rightringfinger) {transformation: [-0.6884f,0.2648f,-0.6753f,-1.6522f,0.715f,0.0907f,-0.6932f,-0.765f,-0.1223f,-0.96f,-0.2518f,1.1105f,0f,0f,0f,1f],start_interpolation: 0,interpolation_duration: 1}
$data merge entity $(bone_hugeasssword) {transformation: [0f,0f,0f,-1.3219f,0f,0f,0f,-0.7636f,0f,0f,0f,0.9034f,0f,0f,0f,1f],start_interpolation: 0,interpolation_duration: 1}
$data merge entity $(bone_ice) {transformation: [-0.7375f,0.0036f,-0.6753f,-1.3104f,0.6364f,0.3382f,-0.6932f,-0.7789f,0.2259f,-0.941f,-0.2518f,0.9146f,0f,0f,0f,1f],start_interpolation: 0,interpolation_duration: 1}
$data merge entity $(bone_righthand1) {transformation: [-0.7375f,0.0036f,-0.6753f,-1.515f,0.6364f,0.3382f,-0.6932f,-0.5569f,0.2259f,-0.941f,-0.2518f,0.7279f,0f,0f,0f,1f],start_interpolation: 0,interpolation_duration: 1}
$data merge entity $(bone_rightforearm) {transformation: [-0.9396f,0.0704f,0.3349f,-1.412f,-0.2481f,0.5337f,-0.8084f,-0.1535f,-0.2356f,-0.8427f,-0.484f,0.1577f,0f,0f,0f,1f],start_interpolation: 0,interpolation_duration: 1}
$data merge entity $(bone_rightelbow) {transformation: [-0.3711f,0.875f,0.311f,-1.2479f,0.1612f,0.3906f,-0.9063f,-0.0802f,-0.9145f,-0.2862f,-0.286f,0.104f,0f,0f,0f,1f],start_interpolation: 0,interpolation_duration: 1}
$data merge entity $(bone_rightarm) {transformation: [-0.5516f,0.7739f,0.311f,-0.75f,0.0729f,0.4162f,-0.9063f,0.1403f,-0.8309f,-0.4773f,-0.286f,0.0561f,0f,0f,0f,1f],start_interpolation: 0,interpolation_duration: 1}
$data merge entity $(bone_chest1) {transformation: [-1.0833f,0f,0f,-0.0023f,0f,0.8299f,0.6964f,0.0882f,0f,0.6964f,-0.8299f,-0.1313f,0f,0f,0f,1f],start_interpolation: 0,interpolation_duration: 1}
$data merge entity $(bone_chest1lid) {transformation: [-1f,0f,0f,-0.3437f,0f,0.8213f,0.5704f,-0.6782f,0f,0.5704f,-0.8213f,-0.2821f,0f,0f,0f,1f],start_interpolation: 0,interpolation_duration: 1}
$data merge entity $(bone_chest2) {transformation: [-1f,0f,0f,-0.3437f,0f,0.8213f,0.5704f,-0.8066f,0f,0.5704f,-0.8213f,-0.3713f,0f,0f,0f,1f],start_interpolation: 0,interpolation_duration: 1}
$data merge entity $(bone_chest1lid3) {transformation: [-1f,0f,0f,-0.2812f,0f,0.7799f,0.6259f,-0.2729f,0f,0.6259f,-0.7799f,-0.7642f,0f,0f,0f,1f],start_interpolation: 0,interpolation_duration: 1}
$data merge entity $(bone_chest3) {transformation: [-1f,0f,0f,-0.2812f,0f,0.7799f,0.6259f,-0.3948f,0f,0.6259f,-0.7799f,-0.862f,0f,0f,0f,1f],start_interpolation: 0,interpolation_duration: 1}
$data merge entity $(bone_hugeasssword2) {transformation: [0f,1.6553f,-3.5497f,-1.7344f,-2.5176f,2.7192f,1.268f,0.5608f,3.0003f,2.2817f,1.064f,-0.0805f,0f,0f,0f,1f],start_interpolation: 0,interpolation_duration: 1}
$data merge entity $(bone_belt) {transformation: [-1f,0f,0f,0.0297f,0f,0.766f,0.6428f,-0.3011f,0f,0.6428f,-0.766f,-0.2871f,0f,0f,0f,1f],start_interpolation: 0,interpolation_duration: 1}
$data merge entity $(bone_torn_part) {transformation: [-1f,0f,0f,-0.0937f,0f,0.5373f,0.8434f,-0.5161f,0f,0.8434f,-0.5373f,-0.4743f,0f,0f,0f,1f],start_interpolation: 0,interpolation_duration: 1}
$data merge entity $(bone_lowerbody) {transformation: [-1f,0f,0f,0.0039f,0f,0.766f,0.6428f,-0.9806f,0f,0.6428f,-0.766f,-0.6805f,0f,0f,0f,1f],start_interpolation: 0,interpolation_duration: 1}
$data merge entity $(bone_leftfoot) {transformation: [-1f,0f,0f,0.2813f,0f,0.6097f,0.7926f,-1.9555f,0f,0.7926f,-0.6097f,-2.3427f,0f,0f,0f,1f],start_interpolation: 0,interpolation_duration: 1}
$data merge entity $(bone_leftlowerleg) {transformation: [-1f,0f,0f,0.2813f,0f,0.26f,0.9656f,-1.8154f,0f,0.9656f,-0.26f,-1.2315f,0f,0f,0f,1f],start_interpolation: 0,interpolation_duration: 1}
$data merge entity $(bone_leftleg) {transformation: [-1f,0f,0f,0.25f,0f,0.9334f,0.3588f,-0.833f,0f,0.3588f,-0.9334f,-0.8259f,0f,0f,0f,1f],start_interpolation: 0,interpolation_duration: 1}
$data merge entity $(bone_rightfoot) {transformation: [-1f,0f,0f,-0.2812f,0f,0.6407f,0.7678f,-2.6403f,0f,0.7678f,-0.6407f,-1.8522f,0f,0f,0f,1f],start_interpolation: 0,interpolation_duration: 1}
$data merge entity $(bone_rightlowerleg) {transformation: [-1f,0f,0f,-0.2812f,0f,0.7452f,0.6668f,-1.916f,0f,0.6668f,-0.7452f,-0.9979f,0f,0f,0f,1f],start_interpolation: 0,interpolation_duration: 1}
$data merge entity $(bone_rightleg) {transformation: [-1f,0f,0f,-0.25f,0f,0.9823f,0.1874f,-0.8772f,0f,0.1874f,-0.9823f,-0.7732f,0f,0f,0f,1f],start_interpolation: 0,interpolation_duration: 1}
data modify entity @s data merge value {"cameras":{},"locators":{"lefthand":{"posx":1.4110963940915273,"posy":-0.45228747636721955,"posz":1.3160930217205493,"roty":82.33303789229609,"rotx":-60.27752124023758},"sword":{"posx":-1.3218256472641605,"posy":-0.7636129754090519,"posz":0.9034244045787653,"roty":290.44563152183906,"rotx":-43.88682833576199},"righthand":{"posx":-1.3690300842837353,"posy":-0.7136583472538411,"posz":0.9544067303930719,"roty":290.44563152183906,"rotx":-43.88682833576199},"chest":{"posx":-0.37499999999999994,"posy":-0.8186959190264504,"posz":-0.18945998446546772,"roty":0,"rotx":34.78}}}