# This file was generated by Animated Java via MC-Build. It is not recommended to edit this file directly.
$data merge entity $(bone_nose) {transformation: [-1f,0.0018f,-0.005f,0.0012f,0.0024f,0.9924f,-0.1232f,0.6591f,0.0047f,-0.1233f,-0.9924f,0.5455f,0f,0f,0f,1f],start_interpolation: 0,interpolation_duration: 1}
$data merge entity $(bone_glowing_eye) {transformation: [-1f,0.0026f,-0.0046f,-0.1235f,0.0024f,0.9991f,0.0414f,0.7256f,0.0047f,0.0414f,-0.9991f,0.5838f,0f,0f,0f,1f],start_interpolation: 0,interpolation_duration: 1}
$data merge entity $(bone_head) {transformation: [-1f,0.0026f,-0.0046f,0f,0.0024f,0.9991f,0.0414f,0.5435f,0.0047f,0.0414f,-0.9991f,0.3533f,0f,0f,0f,1f],start_interpolation: 0,interpolation_duration: 1}
$data merge entity $(bone_leftthumb2) {transformation: [-0.8642f,-0.1251f,0.4873f,1.358f,-0.493f,0.017f,-0.8699f,-0.1234f,0.1005f,-0.992f,-0.0764f,1.354f,0f,0f,0f,1f],start_interpolation: 0,interpolation_duration: 1}
$data merge entity $(bone_leftthumb) {transformation: [-0.8642f,-0.1251f,0.4873f,1.369f,-0.493f,0.017f,-0.8699f,-0.1935f,0.1005f,-0.992f,-0.0764f,1.1042f,0f,0f,0f,1f],start_interpolation: 0,interpolation_duration: 1}
$data merge entity $(bone_leftpointerfinger) {transformation: [-0.8257f,-0.2843f,0.4873f,1.5473f,-0.4875f,-0.0753f,-0.8699f,-0.174f,0.284f,-0.9558f,-0.0764f,1.4062f,0f,0f,0f,1f],start_interpolation: 0,interpolation_duration: 1}
$data merge entity $(bone_leftmidfinger) {transformation: [-0.8473f,-0.2112f,0.4873f,1.6234f,-0.4922f,-0.0325f,-0.8699f,-0.3099f,0.1996f,-0.9769f,-0.0764f,1.3943f,0f,0f,0f,1f],start_interpolation: 0,interpolation_duration: 1}
$data merge entity $(bone_leftringfinger) {transformation: [-0.8125f,-0.32f,0.4873f,1.6996f,-0.4837f,-0.0965f,-0.8699f,-0.4459f,0.3254f,-0.9425f,-0.0764f,1.3823f,0f,0f,0f,1f],start_interpolation: 0,interpolation_duration: 1}
$data merge entity $(bone_invisibility) {transformation: [-0.0822f,-0.4964f,0.8642f,1.3365f,-0.0589f,0.8681f,0.493f,-0.2493f,-0.9949f,-0.0104f,-0.1005f,1.3279f,0f,0f,0f,1f],start_interpolation: 0,interpolation_duration: 1}
$data merge entity $(bone_swiftness) {transformation: [0.4873f,-0.1251f,0.8642f,1.3998f,-0.8699f,0.017f,0.493f,-0.4404f,-0.0764f,-0.992f,-0.1005f,1.4531f,0f,0f,0f,1f],start_interpolation: 0,interpolation_duration: 1}
$data merge entity $(bone_suspicious_stew) {transformation: [0.0926f,-0.4945f,0.8642f,1.4337f,-0.3522f,0.7956f,0.493f,-0.4132f,-0.9313f,-0.35f,-0.1005f,1.3601f,0f,0f,0f,1f],start_interpolation: 0,interpolation_duration: 1}
$data merge entity $(bone_log) {transformation: [-0.8642f,-0.1251f,0.4873f,1.3599f,-0.493f,0.017f,-0.8699f,-0.4981f,0.1005f,-0.992f,-0.0764f,1.2419f,0f,0f,0f,1f],start_interpolation: 0,interpolation_duration: 1}
$data merge entity $(bone_planks) {transformation: [-0.8642f,-0.1251f,0.4873f,1.2788f,-0.493f,0.017f,-0.8699f,-0.5443f,0.1005f,-0.992f,-0.0764f,1.2513f,0f,0f,0f,1f],start_interpolation: 0,interpolation_duration: 1}
$data merge entity $(bone_lefthand1) {transformation: [-0.8642f,-0.1251f,0.4873f,1.5294f,-0.493f,0.017f,-0.8699f,-0.3434f,0.1005f,-0.992f,-0.0764f,0.9712f,0f,0f,0f,1f],start_interpolation: 0,interpolation_duration: 1}
$data merge entity $(bone_leftforearm) {transformation: [-0.9765f,-0.1902f,-0.1013f,1.3362f,0.0652f,0.1873f,-0.9801f,-0.1924f,0.2054f,-0.9637f,-0.1705f,0.3091f,0f,0f,0f,1f],start_interpolation: 0,interpolation_duration: 1}
$data merge entity $(bone_leftelbow) {transformation: [-0.7058f,-0.6417f,-0.3001f,1.2159f,-0.0478f,0.4658f,-0.8836f,-0.105f,0.7068f,-0.6092f,-0.3594f,0.1948f,0f,0f,0f,1f],start_interpolation: 0,interpolation_duration: 1}
$data merge entity $(bone_leftarm) {transformation: [-0.7058f,-0.6417f,-0.3001f,0.75f,-0.0478f,0.4658f,-0.8836f,0.145f,0.7068f,-0.6092f,-0.3594f,0.0561f,0f,0f,0f,1f],start_interpolation: 0,interpolation_duration: 1}
$data merge entity $(bone_rightthumb2) {transformation: [-0.7452f,0.0341f,-0.6659f,-1.2761f,0.6342f,0.3447f,-0.6921f,-0.5216f,0.2059f,-0.9381f,-0.2785f,1.1183f,0f,0f,0f,1f],start_interpolation: 0,interpolation_duration: 1}
$data merge entity $(bone_rightthumb) {transformation: [-0.7452f,0.0341f,-0.6659f,-1.3247f,0.6342f,0.3447f,-0.6921f,-0.4962f,0.2059f,-0.9381f,-0.2785f,0.8645f,0f,0f,0f,1f],start_interpolation: 0,interpolation_duration: 1}
$data merge entity $(bone_rightpointerfinger) {transformation: [-0.7421f,0.0764f,-0.6659f,-1.4662f,0.6528f,0.3081f,-0.6921f,-0.5549f,0.1523f,-0.9483f,-0.2785f,1.1805f,0f,0f,0f,1f],start_interpolation: 0,interpolation_duration: 1}
$data merge entity $(bone_rightmidfinger) {transformation: [-0.708f,0.2352f,-0.6659f,-1.5703f,0.704f,0.1595f,-0.6921f,-0.663f,-0.0566f,-0.9588f,-0.2785f,1.137f,0f,0f,0f,1f],start_interpolation: 0,interpolation_duration: 1}
$data merge entity $(bone_rightringfinger) {transformation: [-0.6848f,0.296f,-0.6659f,-1.6743f,0.7152f,0.0975f,-0.6921f,-0.7711f,-0.1399f,-0.9502f,-0.2785f,1.0935f,0f,0f,0f,1f],start_interpolation: 0,interpolation_duration: 1}
$data merge entity $(bone_hugeasssword) {transformation: [0f,0f,0f,-1.3374f,0f,0f,0f,-0.7681f,0f,0f,0f,0.8973f,0f,0f,0f,1f],start_interpolation: 0,interpolation_duration: 1}
$data merge entity $(bone_ice) {transformation: [-0.7452f,0.0341f,-0.6659f,-1.3262f,0.6342f,0.3447f,-0.6921f,-0.7834f,0.2059f,-0.9381f,-0.2785f,0.9088f,0f,0f,0f,1f],start_interpolation: 0,interpolation_duration: 1}
$data merge entity $(bone_righthand1) {transformation: [-0.7452f,0.0341f,-0.6659f,-1.5248f,0.6342f,0.3447f,-0.6921f,-0.5603f,0.2059f,-0.9381f,-0.2785f,0.717f,0f,0f,0f,1f],start_interpolation: 0,interpolation_duration: 1}
$data merge entity $(bone_rightforearm) {transformation: [-0.9369f,0.0835f,0.3395f,-1.4129f,-0.2418f,0.5469f,-0.8015f,-0.1481f,-0.2526f,-0.833f,-0.4922f,0.1548f,0f,0f,0f,1f],start_interpolation: 0,interpolation_duration: 1}
$data merge entity $(bone_rightelbow) {transformation: [-0.3618f,0.8789f,0.311f,-1.2481f,0.1656f,0.3889f,-0.9063f,-0.0752f,-0.9174f,-0.2763f,-0.2863f,0.103f,0f,0f,0f,1f],start_interpolation: 0,interpolation_duration: 1}
$data merge entity $(bone_rightarm) {transformation: [-0.5502f,0.7749f,0.311f,-0.75f,0.0739f,0.4162f,-0.9063f,0.145f,-0.8318f,-0.4756f,-0.2863f,0.0561f,0f,0f,0f,1f],start_interpolation: 0,interpolation_duration: 1}
$data merge entity $(bone_chest1) {transformation: [-1.0833f,0f,0f,-0.0023f,0f,0.8299f,0.6964f,0.093f,0f,0.6964f,-0.8299f,-0.1313f,0f,0f,0f,1f],start_interpolation: 0,interpolation_duration: 1}
$data merge entity $(bone_chest1lid) {transformation: [-1f,0f,0f,-0.3437f,0f,0.8213f,0.5704f,-0.6735f,0f,0.5704f,-0.8213f,-0.2821f,0f,0f,0f,1f],start_interpolation: 0,interpolation_duration: 1}
$data merge entity $(bone_chest2) {transformation: [-1f,0f,0f,-0.3437f,0f,0.8213f,0.5704f,-0.8018f,0f,0.5704f,-0.8213f,-0.3713f,0f,0f,0f,1f],start_interpolation: 0,interpolation_duration: 1}
$data merge entity $(bone_chest1lid3) {transformation: [-1f,0f,0f,-0.2812f,0f,0.7799f,0.6259f,-0.2681f,0f,0.6259f,-0.7799f,-0.7642f,0f,0f,0f,1f],start_interpolation: 0,interpolation_duration: 1}
$data merge entity $(bone_chest3) {transformation: [-1f,0f,0f,-0.2812f,0f,0.7799f,0.6259f,-0.39f,0f,0.6259f,-0.7799f,-0.862f,0f,0f,0f,1f],start_interpolation: 0,interpolation_duration: 1}
$data merge entity $(bone_hugeasssword2) {transformation: [0f,1.6553f,-3.5497f,-1.7344f,-2.5176f,2.7192f,1.268f,0.5656f,3.0003f,2.2817f,1.064f,-0.0805f,0f,0f,0f,1f],start_interpolation: 0,interpolation_duration: 1}
$data merge entity $(bone_belt) {transformation: [-1f,0f,0f,0.0297f,0f,0.766f,0.6428f,-0.2963f,0f,0.6428f,-0.766f,-0.2871f,0f,0f,0f,1f],start_interpolation: 0,interpolation_duration: 1}
$data merge entity $(bone_torn_part) {transformation: [-1f,0f,0f,-0.0937f,0f,0.5373f,0.8434f,-0.5114f,0f,0.8434f,-0.5373f,-0.4743f,0f,0f,0f,1f],start_interpolation: 0,interpolation_duration: 1}
$data merge entity $(bone_lowerbody) {transformation: [-1f,0f,0f,0.0039f,0f,0.766f,0.6428f,-0.9758f,0f,0.6428f,-0.766f,-0.6805f,0f,0f,0f,1f],start_interpolation: 0,interpolation_duration: 1}
$data merge entity $(bone_leftfoot) {transformation: [-1f,0f,0f,0.2813f,0f,0.5968f,0.8024f,-1.9317f,0f,0.8024f,-0.5968f,-2.3472f,0f,0f,0f,1f],start_interpolation: 0,interpolation_duration: 1}
$data merge entity $(bone_leftlowerleg) {transformation: [-1f,0f,0f,0.2813f,0f,0.2444f,0.9697f,-1.8096f,0f,0.9697f,-0.2444f,-1.2339f,0f,0f,0f,1f],start_interpolation: 0,interpolation_duration: 1}
$data merge entity $(bone_leftleg) {transformation: [-1f,0f,0f,0.25f,0f,0.9325f,0.3611f,-0.8283f,0f,0.3611f,-0.9325f,-0.8259f,0f,0f,0f,1f],start_interpolation: 0,interpolation_duration: 1}
$data merge entity $(bone_rightfoot) {transformation: [-1f,0f,0f,-0.2812f,0f,0.6511f,0.759f,-2.6476f,0f,0.759f,-0.6511f,-1.8397f,0f,0f,0f,1f],start_interpolation: 0,interpolation_duration: 1}
$data merge entity $(bone_rightlowerleg) {transformation: [-1f,0f,0f,-0.2812f,0f,0.7542f,0.6566f,-1.9118f,0f,0.6566f,-0.7542f,-0.9954f,0f,0f,0f,1f],start_interpolation: 0,interpolation_duration: 1}
$data merge entity $(bone_rightleg) {transformation: [-1f,0f,0f,-0.25f,0f,0.9827f,0.185f,-0.8724f,0f,0.185f,-0.9827f,-0.7732f,0f,0f,0f,1f],start_interpolation: 0,interpolation_duration: 1}
data modify entity @s data merge value {"cameras":{},"locators":{"lefthand":{"posx":1.4430515787940386,"posy":-0.4396296337913661,"posz":1.3111875030987628,"roty":81.0923932942011,"rotx":-60.44532133796569},"sword":{"posx":-1.3373293440861054,"posy":-0.768082837705074,"posz":0.8973587077509849,"roty":292.6948000218066,"rotx":-43.79453120874903},"righthand":{"posx":-1.3862344731783325,"posy":-0.7185193459579254,"posz":0.947104762149293,"roty":292.6948000218066,"rotx":-43.794531208749056},"chest":{"posx":-0.37499999999999994,"posy":-0.8139181412486729,"posz":-0.18945998446546772,"roty":0,"rotx":34.78}}}