# This file was generated by Animated Java via MC-Build. It is not recommended to edit this file directly.
$data merge entity $(bone_nose) {transformation: [-1f,0.0018f,-0.005f,0.0012f,0.0024f,0.9924f,-0.1232f,0.6682f,0.0047f,-0.1233f,-0.9924f,0.5455f,0f,0f,0f,1f],start_interpolation: 0,interpolation_duration: 1}
$data merge entity $(bone_glowing_eye) {transformation: [-1f,0.0026f,-0.0046f,-0.1235f,0.0024f,0.9991f,0.0414f,0.7347f,0.0047f,0.0414f,-0.9991f,0.5838f,0f,0f,0f,1f],start_interpolation: 0,interpolation_duration: 1}
$data merge entity $(bone_head) {transformation: [-1f,0.0026f,-0.0046f,0f,0.0024f,0.9991f,0.0414f,0.5526f,0.0047f,0.0414f,-0.9991f,0.3533f,0f,0f,0f,1f],start_interpolation: 0,interpolation_duration: 1}
$data merge entity $(bone_leftthumb2) {transformation: [-0.8542f,-0.2039f,0.4783f,1.4369f,-0.488f,-0.0032f,-0.8729f,-0.0925f,0.1795f,-0.979f,-0.0968f,1.3397f,0f,0f,0f,1f],start_interpolation: 0,interpolation_duration: 1}
$data merge entity $(bone_leftthumb) {transformation: [-0.8542f,-0.2039f,0.4783f,1.4278f,-0.488f,-0.0032f,-0.8729f,-0.1678f,0.1795f,-0.979f,-0.0968f,1.0913f,0f,0f,0f,1f],start_interpolation: 0,interpolation_duration: 1}
$data merge entity $(bone_leftpointerfinger) {transformation: [-0.8011f,-0.3598f,0.4783f,1.6297f,-0.4788f,-0.0942f,-0.8729f,-0.1427f,0.3591f,-0.9283f,-0.0968f,1.3776f,0f,0f,0f,1f],start_interpolation: 0,interpolation_duration: 1}
$data merge entity $(bone_leftmidfinger) {transformation: [-0.8294f,-0.2886f,0.4783f,1.7044f,-0.4852f,-0.0521f,-0.8729f,-0.2791f,0.2768f,-0.956f,-0.0968f,1.3625f,0f,0f,0f,1f],start_interpolation: 0,interpolation_duration: 1}
$data merge entity $(bone_leftringfinger) {transformation: [-0.7847f,-0.3944f,0.4783f,1.7791f,-0.4742f,-0.115f,-0.8729f,-0.4154f,0.3992f,-0.9117f,-0.0968f,1.3474f,0f,0f,0f,1f],start_interpolation: 0,interpolation_duration: 1}
$data merge entity $(bone_invisibility) {transformation: [-0.1614f,-0.4942f,0.8542f,1.4131f,-0.0793f,0.8693f,0.488f,-0.2189f,-0.9837f,0.0111f,-0.1795f,1.318f,0f,0f,0f,1f],start_interpolation: 0,interpolation_duration: 1}
$data merge entity $(bone_swiftness) {transformation: [0.4783f,-0.2039f,0.8542f,1.4859f,-0.8729f,-0.0032f,0.488f,-0.4076f,-0.0968f,-0.979f,-0.1795f,1.4417f,0f,0f,0f,1f],start_interpolation: 0,interpolation_duration: 1}
$data merge entity $(bone_suspicious_stew) {transformation: [0.0174f,-0.5196f,0.8542f,1.5124f,-0.3718f,0.7897f,0.488f,-0.3824f,-0.9282f,-0.3261f,-0.1795f,1.3457f,0f,0f,0f,1f],start_interpolation: 0,interpolation_duration: 1}
$data merge entity $(bone_log) {transformation: [-0.8542f,-0.2039f,0.4783f,1.4292f,-0.488f,-0.0032f,-0.8729f,-0.4695f,0.1795f,-0.979f,-0.0968f,1.2356f,0f,0f,0f,1f],start_interpolation: 0,interpolation_duration: 1}
$data merge entity $(bone_planks) {transformation: [-0.8542f,-0.2039f,0.4783f,1.3491f,-0.488f,-0.0032f,-0.8729f,-0.5152f,0.1795f,-0.979f,-0.0968f,1.2525f,0f,0f,0f,1f],start_interpolation: 0,interpolation_duration: 1}
$data merge entity $(bone_lefthand1) {transformation: [-0.8542f,-0.2039f,0.4783f,1.5769f,-0.488f,-0.0032f,-0.8729f,-0.321f,0.1795f,-0.979f,-0.0968f,0.949f,0f,0f,0f,1f],start_interpolation: 0,interpolation_duration: 1}
$data merge entity $(bone_leftforearm) {transformation: [-0.9669f,-0.2461f,-0.0676f,1.3444f,0.0226f,0.1812f,-0.9832f,-0.1769f,0.2542f,-0.9522f,-0.1696f,0.2981f,0f,0f,0f,1f],start_interpolation: 0,interpolation_duration: 1}
$data merge entity $(bone_leftelbow) {transformation: [-0.6939f,-0.6572f,-0.2943f,1.2212f,-0.0606f,0.4605f,-0.8856f,-0.0905f,0.7175f,-0.5967f,-0.3593f,0.1862f,0f,0f,0f,1f],start_interpolation: 0,interpolation_duration: 1}
$data merge entity $(bone_leftarm) {transformation: [-0.6939f,-0.6572f,-0.2943f,0.75f,-0.0606f,0.4605f,-0.8856f,0.1541f,0.7175f,-0.5967f,-0.3593f,0.0561f,0f,0f,0f,1f],start_interpolation: 0,interpolation_duration: 1}
$data merge entity $(bone_rightthumb2) {transformation: [-0.764f,0.1251f,-0.633f,-1.3349f,0.6303f,0.3541f,-0.6908f,-0.5422f,0.1377f,-0.9268f,-0.3494f,1.1241f,0f,0f,0f,1f],start_interpolation: 0,interpolation_duration: 1}
$data merge entity $(bone_rightthumb) {transformation: [-0.764f,0.1251f,-0.633f,-1.3583f,0.6303f,0.3541f,-0.6908f,-0.5144f,0.1377f,-0.9268f,-0.3494f,0.867f,0f,0f,0f,1f],start_interpolation: 0,interpolation_duration: 1}
$data merge entity $(bone_rightpointerfinger) {transformation: [-0.7556f,0.1683f,-0.633f,-1.5301f,0.6495f,0.3177f,-0.6908f,-0.5766f,0.0848f,-0.9331f,-0.3494f,1.167f,0f,0f,0f,1f],start_interpolation: 0,interpolation_duration: 1}
$data merge entity $(bone_rightmidfinger) {transformation: [-0.7013f,0.3279f,-0.633f,-1.629f,0.7028f,0.1696f,-0.6908f,-0.6846f,-0.1192f,-0.9294f,-0.3494f,1.1124f,0f,0f,0f,1f],start_interpolation: 0,interpolation_duration: 1}
$data merge entity $(bone_rightringfinger) {transformation: [-0.67f,0.3878f,-0.633f,-1.7279f,0.7149f,0.1077f,-0.6908f,-0.7925f,-0.1997f,-0.9154f,-0.3494f,1.0578f,0f,0f,0f,1f],start_interpolation: 0,interpolation_duration: 1}
$data merge entity $(bone_hugeasssword) {transformation: [0f,0f,0f,-1.3733f,0f,0f,0f,-0.7867f,0f,0f,0f,0.8958f,0f,0f,0f,1f],start_interpolation: 0,interpolation_duration: 1}
$data merge entity $(bone_ice) {transformation: [-0.764f,0.1251f,-0.633f,-1.3633f,0.6303f,0.3541f,-0.6908f,-0.8021f,0.1377f,-0.9268f,-0.3494f,0.9081f,0f,0f,0f,1f],start_interpolation: 0,interpolation_duration: 1}
$data merge entity $(bone_righthand1) {transformation: [-0.764f,0.1251f,-0.633f,-1.5428f,0.6303f,0.3541f,-0.6908f,-0.5776f,0.1377f,-0.9268f,-0.3494f,0.6999f,0f,0f,0f,1f],start_interpolation: 0,interpolation_duration: 1}
$data merge entity $(bone_rightforearm) {transformation: [-0.9287f,0.111f,0.3537f,-1.4122f,-0.2269f,0.5843f,-0.7792f,-0.1404f,-0.2932f,-0.8039f,-0.5175f,0.1611f,0f,0f,0f,1f],start_interpolation: 0,interpolation_duration: 1}
$data merge entity $(bone_rightelbow) {transformation: [-0.3457f,0.8853f,0.3112f,-1.2462f,0.1701f,0.3853f,-0.907f,-0.0681f,-0.9228f,-0.2606f,-0.2838f,0.1122f,0f,0f,0f,1f],start_interpolation: 0,interpolation_duration: 1}
$data merge entity $(bone_rightarm) {transformation: [-0.563f,0.7656f,0.3112f,-0.75f,0.0646f,0.4162f,-0.907f,0.1541f,-0.8239f,-0.4905f,-0.2838f,0.0561f,0f,0f,0f,1f],start_interpolation: 0,interpolation_duration: 1}
$data merge entity $(bone_chest1) {transformation: [-1.0833f,0f,0f,-0.0023f,0f,0.8299f,0.6964f,0.1021f,0f,0.6964f,-0.8299f,-0.1313f,0f,0f,0f,1f],start_interpolation: 0,interpolation_duration: 1}
$data merge entity $(bone_chest1lid) {transformation: [-1f,0f,0f,-0.3437f,0f,0.8213f,0.5704f,-0.6643f,0f,0.5704f,-0.8213f,-0.2821f,0f,0f,0f,1f],start_interpolation: 0,interpolation_duration: 1}
$data merge entity $(bone_chest2) {transformation: [-1f,0f,0f,-0.3437f,0f,0.8213f,0.5704f,-0.7927f,0f,0.5704f,-0.8213f,-0.3713f,0f,0f,0f,1f],start_interpolation: 0,interpolation_duration: 1}
$data merge entity $(bone_chest1lid3) {transformation: [-1f,0f,0f,-0.2812f,0f,0.7799f,0.6259f,-0.259f,0f,0.6259f,-0.7799f,-0.7642f,0f,0f,0f,1f],start_interpolation: 0,interpolation_duration: 1}
$data merge entity $(bone_chest3) {transformation: [-1f,0f,0f,-0.2812f,0f,0.7799f,0.6259f,-0.3809f,0f,0.6259f,-0.7799f,-0.862f,0f,0f,0f,1f],start_interpolation: 0,interpolation_duration: 1}
$data merge entity $(bone_hugeasssword2) {transformation: [0f,1.6553f,-3.5497f,-1.7344f,-2.5176f,2.7192f,1.268f,0.5747f,3.0003f,2.2817f,1.064f,-0.0805f,0f,0f,0f,1f],start_interpolation: 0,interpolation_duration: 1}
$data merge entity $(bone_belt) {transformation: [-1f,0f,0f,0.0297f,0f,0.766f,0.6428f,-0.2872f,0f,0.6428f,-0.766f,-0.2871f,0f,0f,0f,1f],start_interpolation: 0,interpolation_duration: 1}
$data merge entity $(bone_torn_part) {transformation: [-1f,0f,0f,-0.0937f,0f,0.5373f,0.8434f,-0.5022f,0f,0.8434f,-0.5373f,-0.4743f,0f,0f,0f,1f],start_interpolation: 0,interpolation_duration: 1}
$data merge entity $(bone_lowerbody) {transformation: [-1f,0f,0f,0.0039f,0f,0.766f,0.6428f,-0.9667f,0f,0.6428f,-0.766f,-0.6805f,0f,0f,0f,1f],start_interpolation: 0,interpolation_duration: 1}
$data merge entity $(bone_leftfoot) {transformation: [-1f,0f,0f,0.2813f,0f,0.5757f,0.8177f,-1.9021f,0f,0.8177f,-0.5757f,-2.3286f,0f,0f,0f,1f],start_interpolation: 0,interpolation_duration: 1}
$data merge entity $(bone_leftlowerleg) {transformation: [-1f,0f,0f,0.2813f,0f,0.2189f,0.9757f,-1.8092f,0f,0.9757f,-0.2189f,-1.2125f,0f,0f,0f,1f],start_interpolation: 0,interpolation_duration: 1}
$data merge entity $(bone_leftleg) {transformation: [-1f,0f,0f,0.25f,0f,0.9401f,0.3408f,-0.8191f,0f,0.3408f,-0.9401f,-0.8259f,0f,0f,0f,1f],start_interpolation: 0,interpolation_duration: 1}
$data merge entity $(bone_rightfoot) {transformation: [-1f,0f,0f,-0.2812f,0f,0.6507f,0.7593f,-2.633f,0f,0.7593f,-0.6507f,-1.8626f,0f,0f,0f,1f],start_interpolation: 0,interpolation_duration: 1}
$data merge entity $(bone_rightlowerleg) {transformation: [-1f,0f,0f,-0.2812f,0f,0.7539f,0.657f,-1.8976f,0f,0.657f,-0.7539f,-1.0179f,0f,0f,0f,1f],start_interpolation: 0,interpolation_duration: 1}
$data merge entity $(bone_rightleg) {transformation: [-1f,0f,0f,-0.25f,0f,0.9785f,0.2063f,-0.8633f,0f,0.2063f,-0.9785f,-0.7732f,0f,0f,0f,1f],start_interpolation: 0,interpolation_duration: 1}
data modify entity @s data merge value {"cameras":{},"locators":{"lefthand":{"posx":1.5177462656792358,"posy":-0.40985040683095697,"posz":1.2968066559466067,"roty":78.56396865333596,"rotx":-60.79322780098888},"sword":{"posx":-1.373266384502363,"posy":-0.7866829130436509,"posz":0.8958042928285173,"roty":298.90042580399415,"rotx":-43.69561127742591},"righthand":{"posx":-1.426995665534507,"posy":-0.7377360663903954,"posz":0.9409738827798113,"roty":298.90042580399415,"rotx":-43.69561127742592},"chest":{"posx":-0.37499999999999994,"posy":-0.8048070301375616,"posz":-0.18945998446546772,"roty":0,"rotx":34.78}}}