# This file was generated by Animated Java via MC-Build. It is not recommended to edit this file directly.
$data merge entity $(bone_nose) {transformation: [-1f,0.0018f,-0.005f,0.0012f,0.0024f,0.9924f,-0.1232f,0.6658f,0.0047f,-0.1233f,-0.9924f,0.5455f,0f,0f,0f,1f],start_interpolation: 0,interpolation_duration: 1}
$data merge entity $(bone_glowing_eye) {transformation: [-1f,0.0026f,-0.0046f,-0.1235f,0.0024f,0.9991f,0.0414f,0.7323f,0.0047f,0.0414f,-0.9991f,0.5838f,0f,0f,0f,1f],start_interpolation: 0,interpolation_duration: 1}
$data merge entity $(bone_head) {transformation: [-1f,0.0026f,-0.0046f,0f,0.0024f,0.9991f,0.0414f,0.5502f,0.0047f,0.0414f,-0.9991f,0.3533f,0f,0f,0f,1f],start_interpolation: 0,interpolation_duration: 1}
$data merge entity $(bone_leftthumb2) {transformation: [-0.8543f,-0.2034f,0.4783f,1.4364f,-0.488f,-0.003f,-0.8728f,-0.095f,0.179f,-0.9791f,-0.0966f,1.3398f,0f,0f,0f,1f],start_interpolation: 0,interpolation_duration: 1}
$data merge entity $(bone_leftthumb) {transformation: [-0.8543f,-0.2034f,0.4783f,1.4274f,-0.488f,-0.003f,-0.8728f,-0.1704f,0.179f,-0.9791f,-0.0966f,1.0914f,0f,0f,0f,1f],start_interpolation: 0,interpolation_duration: 1}
$data merge entity $(bone_leftpointerfinger) {transformation: [-0.8013f,-0.3593f,0.4783f,1.6291f,-0.4788f,-0.0941f,-0.8728f,-0.1452f,0.3586f,-0.9285f,-0.0966f,1.3778f,0f,0f,0f,1f],start_interpolation: 0,interpolation_duration: 1}
$data merge entity $(bone_leftmidfinger) {transformation: [-0.8296f,-0.2881f,0.4783f,1.7039f,-0.4852f,-0.052f,-0.8728f,-0.2816f,0.2763f,-0.9562f,-0.0966f,1.3627f,0f,0f,0f,1f],start_interpolation: 0,interpolation_duration: 1}
$data merge entity $(bone_leftringfinger) {transformation: [-0.7849f,-0.3939f,0.4783f,1.7786f,-0.4743f,-0.1149f,-0.8728f,-0.418f,0.3988f,-0.9119f,-0.0966f,1.3476f,0f,0f,0f,1f],start_interpolation: 0,interpolation_duration: 1}
$data merge entity $(bone_invisibility) {transformation: [-0.1609f,-0.4942f,0.8543f,1.4126f,-0.0791f,0.8693f,0.488f,-0.2214f,-0.9838f,0.0109f,-0.179f,1.3181f,0f,0f,0f,1f],start_interpolation: 0,interpolation_duration: 1}
$data merge entity $(bone_swiftness) {transformation: [0.4783f,-0.2034f,0.8543f,1.4854f,-0.8728f,-0.003f,0.488f,-0.4101f,-0.0966f,-0.9791f,-0.179f,1.4418f,0f,0f,0f,1f],start_interpolation: 0,interpolation_duration: 1}
$data merge entity $(bone_suspicious_stew) {transformation: [0.0178f,-0.5195f,0.8543f,1.5119f,-0.3716f,0.7898f,0.488f,-0.385f,-0.9282f,-0.3262f,-0.179f,1.3458f,0f,0f,0f,1f],start_interpolation: 0,interpolation_duration: 1}
$data merge entity $(bone_log) {transformation: [-0.8543f,-0.2034f,0.4783f,1.4288f,-0.488f,-0.003f,-0.8728f,-0.472f,0.179f,-0.9791f,-0.0966f,1.2357f,0f,0f,0f,1f],start_interpolation: 0,interpolation_duration: 1}
$data merge entity $(bone_planks) {transformation: [-0.8543f,-0.2034f,0.4783f,1.3487f,-0.488f,-0.003f,-0.8728f,-0.5178f,0.179f,-0.9791f,-0.0966f,1.2525f,0f,0f,0f,1f],start_interpolation: 0,interpolation_duration: 1}
$data merge entity $(bone_lefthand1) {transformation: [-0.8543f,-0.2034f,0.4783f,1.5765f,-0.488f,-0.003f,-0.8728f,-0.3235f,0.179f,-0.9791f,-0.0966f,0.9492f,0f,0f,0f,1f],start_interpolation: 0,interpolation_duration: 1}
$data merge entity $(bone_leftforearm) {transformation: [-0.967f,-0.2458f,-0.0678f,1.3444f,0.0229f,0.1812f,-0.9832f,-0.1793f,0.2539f,-0.9522f,-0.1696f,0.2982f,0f,0f,0f,1f],start_interpolation: 0,interpolation_duration: 1}
$data merge entity $(bone_leftelbow) {transformation: [-0.694f,-0.6571f,-0.2943f,1.2212f,-0.0605f,0.4605f,-0.8856f,-0.0929f,0.7175f,-0.5968f,-0.3593f,0.1863f,0f,0f,0f,1f],start_interpolation: 0,interpolation_duration: 1}
$data merge entity $(bone_leftarm) {transformation: [-0.694f,-0.6571f,-0.2943f,0.75f,-0.0605f,0.4605f,-0.8856f,0.1518f,0.7175f,-0.5968f,-0.3593f,0.0561f,0f,0f,0f,1f],start_interpolation: 0,interpolation_duration: 1}
$data merge entity $(bone_rightthumb2) {transformation: [-0.7708f,0.1199f,-0.6257f,-1.31f,0.6235f,0.3435f,-0.7023f,-0.5428f,0.1307f,-0.9315f,-0.3396f,1.1428f,0f,0f,0f,1f],start_interpolation: 0,interpolation_duration: 1}
$data merge entity $(bone_rightthumb) {transformation: [-0.7708f,0.1199f,-0.6257f,-1.334f,0.6235f,0.3435f,-0.7023f,-0.5186f,0.1307f,-0.9315f,-0.3396f,0.8854f,0f,0f,0f,1f],start_interpolation: 0,interpolation_duration: 1}
$data merge entity $(bone_rightpointerfinger) {transformation: [-0.7628f,0.1636f,-0.6257f,-1.5047f,0.642f,0.3075f,-0.7023f,-0.5788f,0.0775f,-0.9374f,-0.3396f,1.1864f,0f,0f,0f,1f],start_interpolation: 0,interpolation_duration: 1}
$data merge entity $(bone_rightmidfinger) {transformation: [-0.7093f,0.3248f,-0.6257f,-1.6025f,0.6934f,0.1612f,-0.7023f,-0.6885f,-0.1272f,-0.9319f,-0.3396f,1.1333f,0f,0f,0f,1f],start_interpolation: 0,interpolation_duration: 1}
$data merge entity $(bone_rightringfinger) {transformation: [-0.6783f,0.3854f,-0.6257f,-1.7002f,0.7048f,0.1002f,-0.7023f,-0.7983f,-0.208f,-0.9173f,-0.3396f,1.0803f,0f,0f,0f,1f],start_interpolation: 0,interpolation_duration: 1}
$data merge entity $(bone_hugeasssword) {transformation: [0f,0f,0f,-1.3459f,0f,0f,0f,-0.7906f,0f,0f,0f,0.9177f,0f,0f,0f,1f],start_interpolation: 0,interpolation_duration: 1}
$data merge entity $(bone_ice) {transformation: [-0.7708f,0.1199f,-0.6257f,-1.3357f,0.6235f,0.3435f,-0.7023f,-0.8057f,0.1307f,-0.9315f,-0.3396f,0.9302f,0f,0f,0f,1f],start_interpolation: 0,interpolation_duration: 1}
$data merge entity $(bone_righthand1) {transformation: [-0.7708f,0.1199f,-0.6257f,-1.518f,0.6235f,0.3435f,-0.7023f,-0.5859f,0.1307f,-0.9315f,-0.3396f,0.7194f,0f,0f,0f,1f],start_interpolation: 0,interpolation_duration: 1}
$data merge entity $(bone_rightforearm) {transformation: [-0.9337f,0.0821f,0.3485f,-1.4074f,-0.2372f,0.5873f,-0.7738f,-0.146f,-0.2682f,-0.8052f,-0.5289f,0.1783f,0f,0f,0f,1f],start_interpolation: 0,interpolation_duration: 1}
$data merge entity $(bone_rightelbow) {transformation: [-0.378f,0.8718f,0.3114f,-1.2439f,0.1531f,0.3906f,-0.9077f,-0.0728f,-0.913f,-0.2955f,-0.2812f,0.1229f,0f,0f,0f,1f],start_interpolation: 0,interpolation_duration: 1}
$data merge entity $(bone_rightarm) {transformation: [-0.5777f,0.7545f,0.3114f,-0.75f,0.0541f,0.4161f,-0.9077f,0.1518f,-0.8144f,-0.5076f,-0.2812f,0.0561f,0f,0f,0f,1f],start_interpolation: 0,interpolation_duration: 1}
$data merge entity $(bone_chest1) {transformation: [-1.0833f,0f,0f,-0.0023f,0f,0.8299f,0.6964f,0.0997f,0f,0.6964f,-0.8299f,-0.1313f,0f,0f,0f,1f],start_interpolation: 0,interpolation_duration: 1}
$data merge entity $(bone_chest1lid) {transformation: [-1f,0f,0f,-0.3437f,0f,0.8213f,0.5704f,-0.6667f,0f,0.5704f,-0.8213f,-0.2821f,0f,0f,0f,1f],start_interpolation: 0,interpolation_duration: 1}
$data merge entity $(bone_chest2) {transformation: [-1f,0f,0f,-0.3437f,0f,0.8213f,0.5704f,-0.7951f,0f,0.5704f,-0.8213f,-0.3713f,0f,0f,0f,1f],start_interpolation: 0,interpolation_duration: 1}
$data merge entity $(bone_chest1lid3) {transformation: [-1f,0f,0f,-0.2812f,0f,0.7799f,0.6259f,-0.2614f,0f,0.6259f,-0.7799f,-0.7642f,0f,0f,0f,1f],start_interpolation: 0,interpolation_duration: 1}
$data merge entity $(bone_chest3) {transformation: [-1f,0f,0f,-0.2812f,0f,0.7799f,0.6259f,-0.3833f,0f,0.6259f,-0.7799f,-0.862f,0f,0f,0f,1f],start_interpolation: 0,interpolation_duration: 1}
$data merge entity $(bone_hugeasssword2) {transformation: [0f,1.6553f,-3.5497f,-1.7344f,-2.5176f,2.7192f,1.268f,0.5723f,3.0003f,2.2817f,1.064f,-0.0805f,0f,0f,0f,1f],start_interpolation: 0,interpolation_duration: 1}
$data merge entity $(bone_belt) {transformation: [-1f,0f,0f,0.0297f,0f,0.766f,0.6428f,-0.2896f,0f,0.6428f,-0.766f,-0.2871f,0f,0f,0f,1f],start_interpolation: 0,interpolation_duration: 1}
$data merge entity $(bone_torn_part) {transformation: [-1f,0f,0f,-0.0937f,0f,0.5373f,0.8434f,-0.5046f,0f,0.8434f,-0.5373f,-0.4743f,0f,0f,0f,1f],start_interpolation: 0,interpolation_duration: 1}
$data merge entity $(bone_lowerbody) {transformation: [-1f,0f,0f,0.0039f,0f,0.766f,0.6428f,-0.9691f,0f,0.6428f,-0.766f,-0.6805f,0f,0f,0f,1f],start_interpolation: 0,interpolation_duration: 1}
$data merge entity $(bone_leftfoot) {transformation: [-1f,0f,0f,0.2813f,0f,0.5809f,0.814f,-1.9211f,0f,0.814f,-0.5809f,-2.303f,0f,0f,0f,1f],start_interpolation: 0,interpolation_duration: 1}
$data merge entity $(bone_leftlowerleg) {transformation: [-1f,0f,0f,0.2813f,0f,0.2252f,0.9743f,-1.8209f,0f,0.9743f,-0.2252f,-1.1876f,0f,0f,0f,1f],start_interpolation: 0,interpolation_duration: 1}
$data merge entity $(bone_leftleg) {transformation: [-1f,0f,0f,0.25f,0f,0.9484f,0.3172f,-0.8215f,0f,0.3172f,-0.9484f,-0.8259f,0f,0f,0f,1f],start_interpolation: 0,interpolation_duration: 1}
$data merge entity $(bone_rightfoot) {transformation: [-1f,0f,0f,-0.2812f,0f,0.6272f,0.7789f,-2.6027f,0f,0.7789f,-0.6272f,-1.9105f,0f,0f,0f,1f],start_interpolation: 0,interpolation_duration: 1}
$data merge entity $(bone_rightlowerleg) {transformation: [-1f,0f,0f,-0.2812f,0f,0.7334f,0.6798f,-1.8936f,0f,0.6798f,-0.7334f,-1.0437f,0f,0f,0f,1f],start_interpolation: 0,interpolation_duration: 1}
$data merge entity $(bone_rightleg) {transformation: [-1f,0f,0f,-0.25f,0f,0.973f,0.2307f,-0.8657f,0f,0.2307f,-0.973f,-0.7732f,0f,0f,0f,1f],start_interpolation: 0,interpolation_duration: 1}
data modify entity @s data merge value {"cameras":{},"locators":{"lefthand":{"posx":1.5172671077880573,"posy":-0.41238234722363154,"posz":1.2969122573889464,"roty":78.5784820473017,"rotx":-60.79120806981371},"sword":{"posx":-1.3458807140071782,"posy":-0.7905803012793903,"posz":0.9177397894056868,"roty":298.4894337416102,"rotx":-44.61322461154042},"righthand":{"posx":-1.4000957708747914,"posy":-0.7416555212263156,"posz":0.9623493713303835,"roty":298.4894337416101,"rotx":-44.6132246115404},"chest":{"posx":-0.37499999999999994,"posy":-0.8071959190264506,"posz":-0.18945998446546772,"roty":0,"rotx":34.78}}}