# This file was generated by Animated Java via MC-Build. It is not recommended to edit this file directly.
$data merge entity $(bone_nose) {transformation: [-1f,0.0018f,-0.005f,0.0012f,0.0024f,0.9924f,-0.1232f,0.6424f,0.0047f,-0.1233f,-0.9924f,0.5455f,0f,0f,0f,1f],start_interpolation: 0,interpolation_duration: 1}
$data merge entity $(bone_glowing_eye) {transformation: [-1f,0.0026f,-0.0046f,-0.1235f,0.0024f,0.9991f,0.0414f,0.7089f,0.0047f,0.0414f,-0.9991f,0.5838f,0f,0f,0f,1f],start_interpolation: 0,interpolation_duration: 1}
$data merge entity $(bone_head) {transformation: [-1f,0.0026f,-0.0046f,0f,0.0024f,0.9991f,0.0414f,0.5267f,0.0047f,0.0414f,-0.9991f,0.3533f,0f,0f,0f,1f],start_interpolation: 0,interpolation_duration: 1}
$data merge entity $(bone_leftthumb2) {transformation: [-0.8666f,-0.0757f,0.4932f,1.3085f,-0.4963f,0.0273f,-0.8677f,-0.1521f,0.0522f,-0.9968f,-0.0612f,1.36f,0f,0f,0f,1f],start_interpolation: 0,interpolation_duration: 1}
$data merge entity $(bone_leftthumb) {transformation: [-0.8666f,-0.0757f,0.4932f,1.3321f,-0.4963f,0.0273f,-0.8677f,-0.2196f,0.0522f,-0.9968f,-0.0612f,1.1103f,0f,0f,0f,1f],start_interpolation: 0,interpolation_duration: 1}
$data merge entity $(bone_leftpointerfinger) {transformation: [-0.8372f,-0.2361f,0.4932f,1.4951f,-0.4926f,-0.0659f,-0.8677f,-0.2028f,0.2374f,-0.9695f,-0.0612f,1.421f,0f,0f,0f,1f],start_interpolation: 0,interpolation_duration: 1}
$data merge entity $(bone_leftmidfinger) {transformation: [-0.8546f,-0.1623f,0.4932f,1.5722f,-0.4965f,-0.0227f,-0.8677f,-0.3384f,0.152f,-0.9865f,-0.0612f,1.4114f,0f,0f,0f,1f],start_interpolation: 0,interpolation_duration: 1}
$data merge entity $(bone_leftringfinger) {transformation: [-0.8261f,-0.2724f,0.4932f,1.6492f,-0.4893f,-0.0873f,-0.8677f,-0.474f,0.2795f,-0.9582f,-0.0612f,1.4018f,0f,0f,0f,1f],start_interpolation: 0,interpolation_duration: 1}
$data merge entity $(bone_invisibility) {transformation: [-0.0324f,-0.498f,0.8666f,1.2886f,-0.0485f,0.8668f,0.4963f,-0.2778f,-0.9983f,-0.0259f,-0.0522f,1.3315f,0f,0f,0f,1f],start_interpolation: 0,interpolation_duration: 1}
$data merge entity $(bone_swiftness) {transformation: [0.4932f,-0.0757f,0.8666f,1.3462f,-0.8677f,0.0273f,0.4963f,-0.4701f,-0.0612f,-0.9968f,-0.0522f,1.4577f,0f,0f,0f,1f],start_interpolation: 0,interpolation_duration: 1}
$data merge entity $(bone_suspicious_stew) {transformation: [0.1399f,-0.479f,0.8666f,1.3847f,-0.342f,0.798f,0.4963f,-0.4418f,-0.9292f,-0.3658f,-0.0522f,1.3667f,0f,0f,0f,1f],start_interpolation: 0,interpolation_duration: 1}
$data merge entity $(bone_log) {transformation: [-0.8666f,-0.0757f,0.4932f,1.3171f,-0.4963f,0.0273f,-0.8677f,-0.5256f,0.0522f,-0.9968f,-0.0612f,1.2442f,0f,0f,0f,1f],start_interpolation: 0,interpolation_duration: 1}
$data merge entity $(bone_planks) {transformation: [-0.8666f,-0.0757f,0.4932f,1.2358f,-0.4963f,0.0273f,-0.8677f,-0.5721f,0.0522f,-0.9968f,-0.0612f,1.2491f,0f,0f,0f,1f],start_interpolation: 0,interpolation_duration: 1}
$data merge entity $(bone_lefthand1) {transformation: [-0.8666f,-0.0757f,0.4932f,1.4994f,-0.4963f,0.0273f,-0.8677f,-0.3676f,0.0522f,-0.9968f,-0.0612f,0.9838f,0f,0f,0f,1f],start_interpolation: 0,interpolation_duration: 1}
$data merge entity $(bone_leftforearm) {transformation: [-0.9804f,-0.155f,-0.1215f,1.331f,0.091f,0.1901f,-0.9775f,-0.213f,0.1747f,-0.9694f,-0.1723f,0.3158f,0f,0f,0f,1f],start_interpolation: 0,interpolation_duration: 1}
$data merge entity $(bone_leftelbow) {transformation: [-0.7129f,-0.6321f,-0.3037f,1.2125f,-0.04f,0.469f,-0.8823f,-0.125f,0.7001f,-0.6169f,-0.3596f,0.2001f,0f,0f,0f,1f],start_interpolation: 0,interpolation_duration: 1}
$data merge entity $(bone_leftarm) {transformation: [-0.7129f,-0.6321f,-0.3037f,0.75f,-0.04f,0.469f,-0.8823f,0.1283f,0.7001f,-0.6169f,-0.3596f,0.0561f,0f,0f,0f,1f],start_interpolation: 0,interpolation_duration: 1}
$data merge entity $(bone_rightthumb2) {transformation: [-0.7822f,0.0506f,-0.621f,-1.197f,0.604f,0.3059f,-0.7359f,-0.5421f,0.1527f,-0.9507f,-0.2698f,1.2033f,0f,0f,0f,1f],start_interpolation: 0,interpolation_duration: 1}
$data merge entity $(bone_rightthumb) {transformation: [-0.7822f,0.0506f,-0.621f,-1.2376f,0.604f,0.3059f,-0.7359f,-0.53f,0.1527f,-0.9507f,-0.2698f,0.9471f,0f,0f,0f,1f],start_interpolation: 0,interpolation_duration: 1}
$data merge entity $(bone_rightpointerfinger) {transformation: [-0.778f,0.095f,-0.621f,-1.3873f,0.6205f,0.2711f,-0.7359f,-0.5823f,0.0984f,-0.9579f,-0.2698f,1.2605f,0f,0f,0f,1f],start_interpolation: 0,interpolation_duration: 1}
$data merge entity $(bone_rightmidfinger) {transformation: [-0.739f,0.2611f,-0.621f,-1.4843f,0.6644f,0.1303f,-0.7359f,-0.6973f,-0.1112f,-0.9565f,-0.2698f,1.2184f,0f,0f,0f,1f],start_interpolation: 0,interpolation_duration: 1}
$data merge entity $(bone_rightringfinger) {transformation: [-0.7135f,0.3246f,-0.621f,-1.5814f,0.6732f,0.0719f,-0.7359f,-0.8123f,-0.1942f,-0.9431f,-0.2698f,1.1762f,0f,0f,0f,1f],start_interpolation: 0,interpolation_duration: 1}
$data merge entity $(bone_hugeasssword) {transformation: [0f,0f,0f,-1.2382f,0f,0f,0f,-0.8006f,0f,0f,0f,0.9915f,0f,0f,0f,1f],start_interpolation: 0,interpolation_duration: 1}
$data merge entity $(bone_ice) {transformation: [-0.7822f,0.0506f,-0.621f,-1.2267f,0.604f,0.3059f,-0.7359f,-0.8148f,0.1527f,-0.9507f,-0.2698f,1.004f,0f,0f,0f,1f],start_interpolation: 0,interpolation_duration: 1}
$data merge entity $(bone_righthand1) {transformation: [-0.7822f,0.0506f,-0.621f,-1.4291f,0.604f,0.3059f,-0.7359f,-0.6103f,0.1527f,-0.9507f,-0.2698f,0.796f,0f,0f,0f,1f],start_interpolation: 0,interpolation_duration: 1}
$data merge entity $(bone_rightforearm) {transformation: [-0.9466f,-0.0176f,0.3219f,-1.3873f,-0.2738f,0.5709f,-0.774f,-0.1797f,-0.1702f,-0.8208f,-0.5453f,0.2381f,0f,0f,0f,1f],start_interpolation: 0,interpolation_duration: 1}
$data merge entity $(bone_rightelbow) {transformation: [-0.4772f,0.8214f,0.3124f,-1.2333f,0.099f,0.4034f,-0.9097f,-0.104f,-0.8732f,-0.4031f,-0.2738f,0.1625f,0f,0f,0f,1f],start_interpolation: 0,interpolation_duration: 1}
$data merge entity $(bone_rightarm) {transformation: [-0.6314f,0.7098f,0.3124f,-0.75f,0.0166f,0.415f,-0.9097f,0.1283f,-0.7753f,-0.5691f,-0.2738f,0.0561f,0f,0f,0f,1f],start_interpolation: 0,interpolation_duration: 1}
$data merge entity $(bone_chest1) {transformation: [-1.0833f,0f,0f,-0.0023f,0f,0.8299f,0.6964f,0.0762f,0f,0.6964f,-0.8299f,-0.1313f,0f,0f,0f,1f],start_interpolation: 0,interpolation_duration: 1}
$data merge entity $(bone_chest1lid) {transformation: [-1f,0f,0f,-0.3437f,0f,0.8213f,0.5704f,-0.6902f,0f,0.5704f,-0.8213f,-0.2821f,0f,0f,0f,1f],start_interpolation: 0,interpolation_duration: 1}
$data merge entity $(bone_chest2) {transformation: [-1f,0f,0f,-0.3437f,0f,0.8213f,0.5704f,-0.8185f,0f,0.5704f,-0.8213f,-0.3713f,0f,0f,0f,1f],start_interpolation: 0,interpolation_duration: 1}
$data merge entity $(bone_chest1lid3) {transformation: [-1f,0f,0f,-0.2812f,0f,0.7799f,0.6259f,-0.2849f,0f,0.6259f,-0.7799f,-0.7642f,0f,0f,0f,1f],start_interpolation: 0,interpolation_duration: 1}
$data merge entity $(bone_chest3) {transformation: [-1f,0f,0f,-0.2812f,0f,0.7799f,0.6259f,-0.4068f,0f,0.6259f,-0.7799f,-0.862f,0f,0f,0f,1f],start_interpolation: 0,interpolation_duration: 1}
$data merge entity $(bone_hugeasssword2) {transformation: [0f,1.6553f,-3.5497f,-1.7344f,-2.5176f,2.7192f,1.268f,0.5489f,3.0003f,2.2817f,1.064f,-0.0805f,0f,0f,0f,1f],start_interpolation: 0,interpolation_duration: 1}
$data merge entity $(bone_belt) {transformation: [-1f,0f,0f,0.0297f,0f,0.766f,0.6428f,-0.313f,0f,0.6428f,-0.766f,-0.2871f,0f,0f,0f,1f],start_interpolation: 0,interpolation_duration: 1}
$data merge entity $(bone_torn_part) {transformation: [-1f,0f,0f,-0.0937f,0f,0.5373f,0.8434f,-0.5281f,0f,0.8434f,-0.5373f,-0.4743f,0f,0f,0f,1f],start_interpolation: 0,interpolation_duration: 1}
$data merge entity $(bone_lowerbody) {transformation: [-1f,0f,0f,0.0039f,0f,0.766f,0.6428f,-0.9925f,0f,0.6428f,-0.766f,-0.6805f,0f,0f,0f,1f],start_interpolation: 0,interpolation_duration: 1}
$data merge entity $(bone_leftfoot) {transformation: [-1f,0f,0f,0.2813f,0f,0.6345f,0.773f,-2.0488f,0f,0.773f,-0.6345f,-2.1994f,0f,0f,0f,1f],start_interpolation: 0,interpolation_duration: 1}
$data merge entity $(bone_leftlowerleg) {transformation: [-1f,0f,0f,0.2813f,0f,0.2904f,0.9569f,-1.8736f,0f,0.9569f,-0.2904f,-1.0933f,0f,0f,0f,1f],start_interpolation: 0,interpolation_duration: 1}
$data merge entity $(bone_leftleg) {transformation: [-1f,0f,0f,0.25f,0f,0.9737f,0.2278f,-0.845f,0f,0.2278f,-0.9737f,-0.8259f,0f,0f,0f,1f],start_interpolation: 0,interpolation_duration: 1}
$data merge entity $(bone_rightfoot) {transformation: [-1f,0f,0f,-0.2812f,0f,0.5058f,0.8626f,-2.4615f,0f,0.8626f,-0.5058f,-2.0996f,0f,0f,0f,1f],start_interpolation: 0,interpolation_duration: 1}
$data merge entity $(bone_rightlowerleg) {transformation: [-1f,0f,0f,-0.2812f,0f,0.6255f,0.7802f,-1.8875f,0f,0.7802f,-0.6255f,-1.1379f,0f,0f,0f,1f],start_interpolation: 0,interpolation_duration: 1}
$data merge entity $(bone_rightleg) {transformation: [-1f,0f,0f,-0.25f,0f,0.9474f,0.32f,-0.8892f,0f,0.32f,-0.9474f,-0.7732f,0f,0f,0f,1f],start_interpolation: 0,interpolation_duration: 1}
data modify entity @s data merge value {"cameras":{},"locators":{"lefthand":{"posx":1.3965361682022142,"posy":-0.4676674070586966,"posz":1.3180868572045803,"roty":82.9289305194546,"rotx":-60.19747912253994},"sword":{"posx":-1.2381577772270158,"posy":-0.8005575465233277,"posz":0.9915102718474937,"roty":293.4865530132111,"rotx":-47.3842660440938},"righthand":{"posx":-1.291166837382769,"posy":-0.7514560795271226,"posz":1.0373579192693716,"roty":293.4865530132111,"rotx":-47.3842660440938},"chest":{"posx":-0.37499999999999994,"posy":-0.8306681412486729,"posz":-0.18945998446546772,"roty":0,"rotx":34.78}}}