# This file was generated by Animated Java via MC-Build. It is not recommended to edit this file directly.
$data merge entity $(bone_nose) {transformation: [-1f,0.0018f,-0.005f,0.0012f,0.0024f,0.9924f,-0.1232f,0.5651f,0.0047f,-0.1233f,-0.9924f,0.5455f,0f,0f,0f,1f],start_interpolation: 0,interpolation_duration: 1}
$data merge entity $(bone_glowing_eye) {transformation: [-1f,0.0026f,-0.0046f,-0.1235f,0.0024f,0.9991f,0.0414f,0.6316f,0.0047f,0.0414f,-0.9991f,0.5838f,0f,0f,0f,1f],start_interpolation: 0,interpolation_duration: 1}
$data merge entity $(bone_head) {transformation: [-1f,0.0026f,-0.0046f,0f,0.0024f,0.9991f,0.0414f,0.4495f,0.0047f,0.0414f,-0.9991f,0.3533f,0f,0f,0f,1f],start_interpolation: 0,interpolation_duration: 1}
$data merge entity $(bone_leftthumb2) {transformation: [-0.7444f,0.4169f,0.5216f,0.8074f,-0.5578f,0.0414f,-0.829f,-0.2929f,-0.3672f,-0.908f,0.2018f,1.2936f,0f,0f,0f,1f],start_interpolation: 0,interpolation_duration: 1}
$data merge entity $(bone_leftthumb) {transformation: [-0.7444f,0.4169f,0.5216f,0.9542f,-0.5578f,0.0414f,-0.829f,-0.3536f,-0.3672f,-0.908f,0.2018f,1.0882f,0f,0f,0f,1f],start_interpolation: 0,interpolation_duration: 1}
$data merge entity $(bone_leftpointerfinger) {transformation: [-0.8091f,0.2706f,0.5216f,0.9439f,-0.5557f,-0.0635f,-0.829f,-0.3314f,-0.1912f,-0.9606f,0.2018f,1.4386f,0f,0f,0f,1f],start_interpolation: 0,interpolation_duration: 1}
$data merge entity $(bone_leftmidfinger) {transformation: [-0.7824f,0.3401f,0.5216f,1.0254f,-0.5591f,-0.0148f,-0.829f,-0.4609f,-0.2742f,-0.9403f,0.2018f,1.4701f,0f,0f,0f,1f],start_interpolation: 0,interpolation_duration: 1}
$data merge entity $(bone_leftringfinger) {transformation: [-0.8201f,0.2351f,0.5216f,1.1069f,-0.5524f,-0.0877f,-0.829f,-0.5904f,-0.1491f,-0.968f,0.2018f,1.5016f,0f,0f,0f,1f],start_interpolation: 0,interpolation_duration: 1}
$data merge entity $(bone_invisibility) {transformation: [0.4608f,-0.4833f,0.7444f,0.813f,-0.0311f,0.8294f,0.5578f,-0.4192f,-0.887f,-0.2801f,0.3672f,1.2613f,0f,0f,0f,1f],start_interpolation: 0,interpolation_duration: 1}
$data merge entity $(bone_swiftness) {transformation: [0.5216f,0.4169f,0.7444f,0.8156f,-0.829f,0.0414f,0.5578f,-0.6093f,0.2018f,-0.908f,0.3672f,1.4029f,0f,0f,0f,1f],start_interpolation: 0,interpolation_duration: 1}
$data merge entity $(bone_suspicious_stew) {transformation: [0.5983f,-0.2965f,0.7444f,0.8913f,-0.3129f,0.7688f,0.5578f,-0.5765f,-0.7377f,-0.5666f,0.3672f,1.3417f,0f,0f,0f,1f],start_interpolation: 0,interpolation_duration: 1}
$data merge entity $(bone_log) {transformation: [-0.7444f,0.4169f,0.5216f,0.8981f,-0.5578f,0.0414f,-0.829f,-0.6625f,-0.3672f,-0.908f,0.2018f,1.2032f,0f,0f,0f,1f],start_interpolation: 0,interpolation_duration: 1}
$data merge entity $(bone_planks) {transformation: [-0.7444f,0.4169f,0.5216f,0.8283f,-0.5578f,0.0414f,-0.829f,-0.7148f,-0.3672f,-0.908f,0.2018f,1.1688f,0f,0f,0f,1f],start_interpolation: 0,interpolation_duration: 1}
$data merge entity $(bone_lefthand1) {transformation: [-0.7444f,0.4169f,0.5216f,1.1721f,-0.5578f,0.0414f,-0.829f,-0.4868f,-0.3672f,-0.908f,0.2018f,1.0617f,0f,0f,0f,1f],start_interpolation: 0,interpolation_duration: 1}
$data merge entity $(bone_leftforearm) {transformation: [-0.9315f,0.2197f,-0.2899f,1.2729f,0.3305f,0.1789f,-0.9267f,-0.3259f,-0.1517f,-0.959f,-0.2392f,0.3816f,0f,0f,0f,1f],start_interpolation: 0,interpolation_duration: 1}
$data merge entity $(bone_leftelbow) {transformation: [-0.78f,-0.5276f,-0.3365f,1.1739f,0.038f,0.4968f,-0.867f,-0.2328f,0.6247f,-0.689f,-0.3675f,0.2524f,0f,0f,0f,1f],start_interpolation: 0,interpolation_duration: 1}
$data merge entity $(bone_leftarm) {transformation: [-0.78f,-0.5276f,-0.3365f,0.75f,0.038f,0.4968f,-0.867f,0.051f,0.6247f,-0.689f,-0.3675f,0.0561f,0f,0f,0f,1f],start_interpolation: 0,interpolation_duration: 1}
$data merge entity $(bone_rightthumb2) {transformation: [-0.6869f,-0.3691f,-0.626f,-0.7986f,0.6053f,0.1861f,-0.7739f,-0.4641f,0.4022f,-0.9106f,0.0956f,1.2462f,0f,0f,0f,1f],start_interpolation: 0,interpolation_duration: 1}
$data merge entity $(bone_rightthumb) {transformation: [-0.6869f,-0.3691f,-0.626f,-0.9426f,0.6053f,0.1861f,-0.7739f,-0.4846f,0.4022f,-0.9106f,0.0956f,1.0311f,0f,0f,0f,1f],start_interpolation: 0,interpolation_duration: 1}
$data merge entity $(bone_rightpointerfinger) {transformation: [-0.7068f,-0.3295f,-0.626f,-0.9448f,0.6149f,0.1514f,-0.7739f,-0.5f,0.3497f,-0.932f,0.0956f,1.382f,0f,0f,0f,1f],start_interpolation: 0,interpolation_duration: 1}
$data merge entity $(bone_rightmidfinger) {transformation: [-0.7613f,-0.1687f,-0.626f,-1.0427f,0.6331f,0.0147f,-0.7739f,-0.6209f,0.1397f,-0.9856f,0.0956f,1.3969f,0f,0f,0f,1f],start_interpolation: 0,interpolation_duration: 1}
$data merge entity $(bone_rightringfinger) {transformation: [-0.7731f,-0.1017f,-0.626f,-1.1405f,0.632f,-0.0406f,-0.7739f,-0.7418f,0.0533f,-0.994f,0.0956f,1.4119f,0f,0f,0f,1f],start_interpolation: 0,interpolation_duration: 1}
$data merge entity $(bone_hugeasssword) {transformation: [0f,0f,0f,-0.9065f,0f,0f,0f,-0.7475f,0f,0f,0f,1.1f,0f,0f,0f,1f],start_interpolation: 0,interpolation_duration: 1}
$data merge entity $(bone_ice) {transformation: [-0.6869f,-0.3691f,-0.626f,-0.89f,0.6053f,0.1861f,-0.7739f,-0.7599f,0.4022f,-0.9106f,0.0956f,1.1079f,0f,0f,0f,1f],start_interpolation: 0,interpolation_duration: 1}
$data merge entity $(bone_righthand1) {transformation: [-0.6869f,-0.3691f,-0.626f,-1.1736f,0.6053f,0.1861f,-0.7739f,-0.5862f,0.4022f,-0.9106f,0.0956f,0.9838f,0f,0f,0f,1f],start_interpolation: 0,interpolation_duration: 1}
$data merge entity $(bone_rightforearm) {transformation: [-0.9222f,-0.2873f,0.259f,-1.322f,-0.3602f,0.3938f,-0.8457f,-0.2736f,0.1409f,-0.8732f,-0.4666f,0.3684f,0f,0f,0f,1f],start_interpolation: 0,interpolation_duration: 1}
$data merge entity $(bone_rightelbow) {transformation: [-0.6714f,0.6713f,0.314f,-1.1961f,-0.0111f,0.4145f,-0.91f,-0.1959f,-0.741f,-0.6144f,-0.2708f,0.2532f,0f,0f,0f,1f],start_interpolation: 0,interpolation_duration: 1}
$data merge entity $(bone_rightarm) {transformation: [-0.7482f,0.5845f,0.314f,-0.75f,-0.0616f,0.4101f,-0.91f,0.051f,-0.6606f,-0.7001f,-0.2708f,0.0561f,0f,0f,0f,1f],start_interpolation: 0,interpolation_duration: 1}
$data merge entity $(bone_chest1) {transformation: [-1.0833f,0f,0f,-0.0023f,0f,0.8299f,0.6964f,-0.001f,0f,0.6964f,-0.8299f,-0.1313f,0f,0f,0f,1f],start_interpolation: 0,interpolation_duration: 1}
$data merge entity $(bone_chest1lid) {transformation: [-1f,0f,0f,-0.3437f,0f,0.8213f,0.5704f,-0.7675f,0f,0.5704f,-0.8213f,-0.2821f,0f,0f,0f,1f],start_interpolation: 0,interpolation_duration: 1}
$data merge entity $(bone_chest2) {transformation: [-1f,0f,0f,-0.3437f,0f,0.8213f,0.5704f,-0.8958f,0f,0.5704f,-0.8213f,-0.3713f,0f,0f,0f,1f],start_interpolation: 0,interpolation_duration: 1}
$data merge entity $(bone_chest1lid3) {transformation: [-1f,0f,0f,-0.2812f,0f,0.7799f,0.6259f,-0.3621f,0f,0.6259f,-0.7799f,-0.7642f,0f,0f,0f,1f],start_interpolation: 0,interpolation_duration: 1}
$data merge entity $(bone_chest3) {transformation: [-1f,0f,0f,-0.2812f,0f,0.7799f,0.6259f,-0.484f,0f,0.6259f,-0.7799f,-0.862f,0f,0f,0f,1f],start_interpolation: 0,interpolation_duration: 1}
$data merge entity $(bone_hugeasssword2) {transformation: [0f,1.6553f,-3.5497f,-1.7344f,-2.5176f,2.7192f,1.268f,0.4716f,3.0003f,2.2817f,1.064f,-0.0805f,0f,0f,0f,1f],start_interpolation: 0,interpolation_duration: 1}
$data merge entity $(bone_belt) {transformation: [-1f,0f,0f,0.0297f,0f,0.766f,0.6428f,-0.3903f,0f,0.6428f,-0.766f,-0.2871f,0f,0f,0f,1f],start_interpolation: 0,interpolation_duration: 1}
$data merge entity $(bone_torn_part) {transformation: [-1f,0f,0f,-0.0937f,0f,0.5373f,0.8434f,-0.6054f,0f,0.8434f,-0.5373f,-0.4743f,0f,0f,0f,1f],start_interpolation: 0,interpolation_duration: 1}
$data merge entity $(bone_lowerbody) {transformation: [-1f,0f,0f,0.0039f,0f,0.766f,0.6428f,-1.0698f,0f,0.6428f,-0.766f,-0.6805f,0f,0f,0f,1f],start_interpolation: 0,interpolation_duration: 1}
$data merge entity $(bone_leftfoot) {transformation: [-1f,0f,0f,0.2813f,0f,0.8535f,0.521f,-2.5139f,0f,0.521f,-0.8535f,-1.8511f,0f,0f,0f,1f],start_interpolation: 0,interpolation_duration: 1}
$data merge entity $(bone_leftlowerleg) {transformation: [-1f,0f,0f,0.2813f,0f,0.5892f,0.808f,-1.9844f,0f,0.808f,-0.5892f,-0.8642f,0f,0f,0f,1f],start_interpolation: 0,interpolation_duration: 1}
$data merge entity $(bone_leftleg) {transformation: [-1f,0f,0f,0.25f,0f,0.9999f,0.0116f,-0.9223f,0f,0.0116f,-0.9999f,-0.8259f,0f,0f,0f,1f],start_interpolation: 0,interpolation_duration: 1}
$data merge entity $(bone_rightfoot) {transformation: [-1f,0f,0f,-0.2812f,0f,0.132f,0.9913f,-2.0186f,0f,0.9913f,-0.132f,-2.4544f,0f,0f,0f,1f],start_interpolation: 0,interpolation_duration: 1}
$data merge entity $(bone_rightlowerleg) {transformation: [-1f,0f,0f,-0.2812f,0f,0.2742f,0.9617f,-1.8621f,0f,0.9617f,-0.2742f,-1.3454f,0f,0f,0f,1f],start_interpolation: 0,interpolation_duration: 1}
$data merge entity $(bone_rightleg) {transformation: [-1f,0f,0f,-0.25f,0f,0.8557f,0.5175f,-0.9664f,0f,0.5175f,-0.8557f,-0.7732f,0f,0f,0f,1f],start_interpolation: 0,interpolation_duration: 1}
data modify entity @s data merge value {"cameras":{},"locators":{"lefthand":{"posx":0.9271131385537562,"posy":-0.6005133349739298,"posz":1.3054181117679933,"roty":111.14654320765584,"rotx":-55.9934252094023},"sword":{"posx":-0.9064759756442212,"posy":-0.7474990444212981,"posz":1.099989076799647,"roty":261.31403317032385,"rotx":-50.707499469911156},"righthand":{"posx":-0.9388456842984473,"posy":-0.6939594066870994,"posz":1.15837255431536,"roty":261.3140331703239,"rotx":-50.707499469911156},"chest":{"posx":-0.37499999999999994,"posy":-0.907918141248673,"posz":-0.18945998446546772,"roty":0,"rotx":34.78}}}