# This file was generated by Animated Java via MC-Build. It is not recommended to edit this file directly.
$data merge entity $(bone_nose) {transformation: [-1f,0.0018f,-0.005f,0.0012f,0.0024f,0.9924f,-0.1232f,0.5136f,0.0047f,-0.1233f,-0.9924f,0.5455f,0f,0f,0f,1f],start_interpolation: 0,interpolation_duration: 1}
$data merge entity $(bone_glowing_eye) {transformation: [-1f,0.0026f,-0.0046f,-0.1235f,0.0024f,0.9991f,0.0414f,0.5801f,0.0047f,0.0414f,-0.9991f,0.5838f,0f,0f,0f,1f],start_interpolation: 0,interpolation_duration: 1}
$data merge entity $(bone_head) {transformation: [-1f,0.0026f,-0.0046f,0f,0.0024f,0.9991f,0.0414f,0.398f,0.0047f,0.0414f,-0.9991f,0.3533f,0f,0f,0f,1f],start_interpolation: 0,interpolation_duration: 1}
$data merge entity $(bone_leftthumb2) {transformation: [-0.5639f,0.6943f,0.4472f,0.5106f,-0.6432f,-0.0296f,-0.7651f,-0.34f,-0.518f,-0.7191f,0.4632f,1.1275f,0f,0f,0f,1f],start_interpolation: 0,interpolation_duration: 1}
$data merge entity $(bone_leftthumb) {transformation: [-0.5639f,0.6943f,0.4472f,0.7191f,-0.6432f,-0.0296f,-0.7651f,-0.4127f,-0.518f,-0.7191f,0.4632f,0.9907f,0f,0f,0f,1f],start_interpolation: 0,interpolation_duration: 1}
$data merge entity $(bone_leftpointerfinger) {transformation: [-0.6836f,0.5768f,0.4472f,0.592f,-0.6264f,-0.1491f,-0.7651f,-0.3533f,-0.3746f,-0.8032f,0.4632f,1.3127f,0f,0f,0f,1f],start_interpolation: 0,interpolation_duration: 1}
$data merge entity $(bone_leftmidfinger) {transformation: [-0.6307f,0.6342f,0.4472f,0.6619f,-0.637f,-0.094f,-0.7651f,-0.4728f,-0.4432f,-0.7675f,0.4632f,1.3851f,0f,0f,0f,1f],start_interpolation: 0,interpolation_duration: 1}
$data merge entity $(bone_leftringfinger) {transformation: [-0.7081f,0.5464f,0.4472f,0.7318f,-0.6193f,-0.1763f,-0.7651f,-0.5924f,-0.3392f,-0.8188f,0.4632f,1.4575f,0f,0f,0f,1f],start_interpolation: 0,interpolation_duration: 1}
$data merge entity $(bone_invisibility) {transformation: [0.7306f,-0.385f,0.5639f,0.5301f,-0.0961f,0.7596f,0.6432f,-0.4684f,-0.676f,-0.5241f,0.518f,1.1148f,0f,0f,0f,1f],start_interpolation: 0,interpolation_duration: 1}
$data merge entity $(bone_swiftness) {transformation: [0.4472f,0.6943f,0.5639f,0.4906f,-0.7651f,-0.0296f,0.6432f,-0.6414f,0.4632f,-0.7191f,0.518f,1.2721f,0f,0f,0f,1f],start_interpolation: 0,interpolation_duration: 1}
$data merge entity $(bone_suspicious_stew) {transformation: [0.8182f,-0.1119f,0.5639f,0.5814f,-0.3501f,0.6809f,0.6432f,-0.6105f,-0.456f,-0.7237f,0.518f,1.2354f,0f,0f,0f,1f],start_interpolation: 0,interpolation_duration: 1}
$data merge entity $(bone_log) {transformation: [-0.5639f,0.6943f,0.4472f,0.6363f,-0.6432f,-0.0296f,-0.7651f,-0.7103f,-0.518f,-0.7191f,0.4632f,1.1186f,0f,0f,0f,1f],start_interpolation: 0,interpolation_duration: 1}
$data merge entity $(bone_planks) {transformation: [-0.5639f,0.6943f,0.4472f,0.5835f,-0.6432f,-0.0296f,-0.7651f,-0.7707f,-0.518f,-0.7191f,0.4632f,1.0701f,0f,0f,0f,1f],start_interpolation: 0,interpolation_duration: 1}
$data merge entity $(bone_lefthand1) {transformation: [-0.5639f,0.6943f,0.4472f,0.9369f,-0.6432f,-0.0296f,-0.7651f,-0.533f,-0.518f,-0.7191f,0.4632f,1.0539f,0f,0f,0f,1f],start_interpolation: 0,interpolation_duration: 1}
$data merge entity $(bone_leftforearm) {transformation: [-0.8054f,0.4761f,-0.3531f,1.2268f,0.4618f,0.1305f,-0.8773f,-0.3987f,-0.3716f,-0.8697f,-0.325f,0.4242f,0f,0f,0f,1f],start_interpolation: 0,interpolation_duration: 1}
$data merge entity $(bone_leftelbow) {transformation: [-0.8199f,-0.4488f,-0.3555f,1.1427f,0.0904f,0.5116f,-0.8544f,-0.3027f,0.5654f,-0.7327f,-0.3789f,0.2869f,0f,0f,0f,1f],start_interpolation: 0,interpolation_duration: 1}
$data merge entity $(bone_leftarm) {transformation: [-0.8199f,-0.4488f,-0.3555f,0.75f,0.0904f,0.5116f,-0.8544f,-0.0005f,0.5654f,-0.7327f,-0.3789f,0.0561f,0f,0f,0f,1f],start_interpolation: 0,interpolation_duration: 1}
$data merge entity $(bone_rightthumb2) {transformation: [-0.4962f,-0.6694f,-0.5528f,-0.5391f,0.7186f,0.0407f,-0.6943f,-0.3707f,0.4872f,-0.7418f,0.4608f,1.1446f,0f,0f,0f,1f],start_interpolation: 0,interpolation_duration: 1}
$data merge entity $(bone_rightthumb) {transformation: [-0.4962f,-0.6694f,-0.5528f,-0.7505f,0.7186f,0.0407f,-0.6943f,-0.42f,0.4872f,-0.7418f,0.4608f,1.0021f,0f,0f,0f,1f],start_interpolation: 0,interpolation_duration: 1}
$data merge entity $(bone_rightpointerfinger) {transformation: [-0.5335f,-0.6401f,-0.5528f,-0.6273f,0.7197f,-0.0002f,-0.6943f,-0.3699f,0.4443f,-0.7683f,0.4608f,1.3272f,0f,0f,0f,1f],start_interpolation: 0,interpolation_duration: 1}
$data merge entity $(bone_rightmidfinger) {transformation: [-0.6594f,-0.5095f,-0.5528f,-0.7137f,0.7026f,-0.156f,-0.6943f,-0.4783f,0.2675f,-0.8462f,0.4608f,1.3992f,0f,0f,0f,1f],start_interpolation: 0,interpolation_duration: 1}
$data merge entity $(bone_rightringfinger) {transformation: [-0.7013f,-0.4501f,-0.5528f,-0.8001f,0.6863f,-0.2167f,-0.6943f,-0.5868f,0.1927f,-0.8663f,0.4608f,1.4712f,0f,0f,0f,1f],start_interpolation: 0,interpolation_duration: 1}
$data merge entity $(bone_hugeasssword) {transformation: [0f,0f,0f,-0.6929f,0f,0f,0f,-0.6676f,0f,0f,0f,1.1051f,0f,0f,0f,1f],start_interpolation: 0,interpolation_duration: 1}
$data merge entity $(bone_ice) {transformation: [-0.4962f,-0.6694f,-0.5528f,-0.6747f,0.7186f,0.0407f,-0.6943f,-0.6794f,0.4872f,-0.7418f,0.4608f,1.1091f,0f,0f,0f,1f],start_interpolation: 0,interpolation_duration: 1}
$data merge entity $(bone_righthand1) {transformation: [-0.4962f,-0.6694f,-0.5528f,-0.9834f,0.7186f,0.0407f,-0.6943f,-0.5113f,0.4872f,-0.7418f,0.4608f,1.0598f,0f,0f,0f,1f],start_interpolation: 0,interpolation_duration: 1}
$data merge entity $(bone_rightforearm) {transformation: [-0.8372f,-0.4752f,0.2706f,-1.2694f,-0.4022f,0.2f,-0.8934f,-0.3316f,0.3705f,-0.8568f,-0.3586f,0.4398f,0f,0f,0f,1f],start_interpolation: 0,interpolation_duration: 1}
$data merge entity $(bone_rightelbow) {transformation: [-0.7725f,0.5525f,0.313f,-1.1658f,-0.0728f,0.4126f,-0.908f,-0.2543f,-0.6308f,-0.7243f,-0.2785f,0.304f,0f,0f,0f,1f],start_interpolation: 0,interpolation_duration: 1}
$data merge entity $(bone_rightarm) {transformation: [-0.8092f,0.4972f,0.313f,-0.75f,-0.1014f,0.4065f,-0.908f,-0.0005f,-0.5787f,-0.7665f,-0.2785f,0.0561f,0f,0f,0f,1f],start_interpolation: 0,interpolation_duration: 1}
$data merge entity $(bone_chest1) {transformation: [-1.0833f,0f,0f,-0.0023f,0f,0.8299f,0.6964f,-0.0525f,0f,0.6964f,-0.8299f,-0.1313f,0f,0f,0f,1f],start_interpolation: 0,interpolation_duration: 1}
$data merge entity $(bone_chest1lid) {transformation: [-1f,0f,0f,-0.3437f,0f,0.8213f,0.5704f,-0.819f,0f,0.5704f,-0.8213f,-0.2821f,0f,0f,0f,1f],start_interpolation: 0,interpolation_duration: 1}
$data merge entity $(bone_chest2) {transformation: [-1f,0f,0f,-0.3437f,0f,0.8213f,0.5704f,-0.9473f,0f,0.5704f,-0.8213f,-0.3713f,0f,0f,0f,1f],start_interpolation: 0,interpolation_duration: 1}
$data merge entity $(bone_chest1lid3) {transformation: [-1f,0f,0f,-0.2812f,0f,0.7799f,0.6259f,-0.4136f,0f,0.6259f,-0.7799f,-0.7642f,0f,0f,0f,1f],start_interpolation: 0,interpolation_duration: 1}
$data merge entity $(bone_chest3) {transformation: [-1f,0f,0f,-0.2812f,0f,0.7799f,0.6259f,-0.5355f,0f,0.6259f,-0.7799f,-0.862f,0f,0f,0f,1f],start_interpolation: 0,interpolation_duration: 1}
$data merge entity $(bone_hugeasssword2) {transformation: [0f,1.6553f,-3.5497f,-1.7344f,-2.5176f,2.7192f,1.268f,0.4201f,3.0003f,2.2817f,1.064f,-0.0805f,0f,0f,0f,1f],start_interpolation: 0,interpolation_duration: 1}
$data merge entity $(bone_belt) {transformation: [-1f,0f,0f,0.0297f,0f,0.766f,0.6428f,-0.4418f,0f,0.6428f,-0.766f,-0.2871f,0f,0f,0f,1f],start_interpolation: 0,interpolation_duration: 1}
$data merge entity $(bone_torn_part) {transformation: [-1f,0f,0f,-0.0937f,0f,0.5373f,0.8434f,-0.6569f,0f,0.8434f,-0.5373f,-0.4743f,0f,0f,0f,1f],start_interpolation: 0,interpolation_duration: 1}
$data merge entity $(bone_lowerbody) {transformation: [-1f,0f,0f,0.0039f,0f,0.766f,0.6428f,-1.1213f,0f,0.6428f,-0.766f,-0.6805f,0f,0f,0f,1f],start_interpolation: 0,interpolation_duration: 1}
$data merge entity $(bone_leftfoot) {transformation: [-1f,0f,0f,0.2813f,0f,0.966f,0.2585f,-2.8187f,0f,0.2585f,-0.966f,-1.5233f,0f,0f,0f,1f],start_interpolation: 0,interpolation_duration: 1}
$data merge entity $(bone_leftlowerleg) {transformation: [-1f,0f,0f,0.2813f,0f,0.7935f,0.6085f,-2.0319f,0f,0.6085f,-0.7935f,-0.7263f,0f,0f,0f,1f],start_interpolation: 0,interpolation_duration: 1}
$data merge entity $(bone_leftleg) {transformation: [-1f,0f,0f,0.25f,0f,0.993f,-0.118f,-0.9738f,0f,-0.118f,-0.993f,-0.8259f,0f,0f,0f,1f],start_interpolation: 0,interpolation_duration: 1}
$data merge entity $(bone_rightfoot) {transformation: [-1f,0f,0f,-0.2812f,0f,-0.1171f,0.9931f,-1.7095f,0f,0.9931f,0.1171f,-2.5698f,0f,0f,0f,1f],start_interpolation: 0,interpolation_duration: 1}
$data merge entity $(bone_rightlowerleg) {transformation: [-1f,0f,0f,-0.2812f,0f,0.028f,0.9996f,-1.832f,0f,0.9996f,-0.028f,-1.4566f,0f,0f,0f,1f],start_interpolation: 0,interpolation_duration: 1}
$data merge entity $(bone_rightleg) {transformation: [-1f,0f,0f,-0.25f,0f,0.7814f,0.624f,-1.0179f,0f,0.624f,-0.7814f,-0.7732f,0f,0f,0f,1f],start_interpolation: 0,interpolation_duration: 1}
data modify entity @s data merge value {"cameras":{},"locators":{"lefthand":{"posx":0.6279646923061861,"posy":-0.635783354708831,"posz":1.216142611890704,"roty":136.00580785354973,"rotx":-49.916765773144384},"sword":{"posx":-0.6928974917297644,"posy":-0.6675599799518958,"posz":1.1050708880258755,"roty":230.18720472676407,"rotx":-43.968689573564646},"righthand":{"posx":-0.7021294496127319,"posy":-0.6018717698313123,"posz":1.1591333639097792,"roty":230.18720472676407,"rotx":-43.96868957356466},"chest":{"posx":-0.37499999999999994,"posy":-0.9594181412486729,"posz":-0.18945998446546772,"roty":0,"rotx":34.78}}}