# This file was generated by Animated Java via MC-Build. It is not recommended to edit this file directly.
$data merge entity $(bone_nose) {transformation: [-1f,0.0018f,-0.005f,0.0012f,0.0024f,0.9924f,-0.1232f,0.5066f,0.0047f,-0.1233f,-0.9924f,0.5455f,0f,0f,0f,1f],start_interpolation: 0,interpolation_duration: 1}
$data merge entity $(bone_glowing_eye) {transformation: [-1f,0.0026f,-0.0046f,-0.1235f,0.0024f,0.9991f,0.0414f,0.5731f,0.0047f,0.0414f,-0.9991f,0.5838f,0f,0f,0f,1f],start_interpolation: 0,interpolation_duration: 1}
$data merge entity $(bone_head) {transformation: [-1f,0.0026f,-0.0046f,0f,0.0024f,0.9991f,0.0414f,0.391f,0.0047f,0.0414f,-0.9991f,0.3533f,0f,0f,0f,1f],start_interpolation: 0,interpolation_duration: 1}
$data merge entity $(bone_leftthumb2) {transformation: [-0.5383f,0.7256f,0.4286f,0.4754f,-0.6574f,-0.0433f,-0.7523f,-0.3445f,-0.5273f,-0.6868f,0.5003f,1.0987f,0f,0f,0f,1f],start_interpolation: 0,interpolation_duration: 1}
$data merge entity $(bone_leftthumb) {transformation: [-0.5383f,0.7256f,0.4286f,0.69f,-0.6574f,-0.0433f,-0.7523f,-0.4194f,-0.5273f,-0.6868f,0.5003f,0.973f,0f,0f,0f,1f],start_interpolation: 0,interpolation_duration: 1}
$data merge entity $(bone_leftpointerfinger) {transformation: [-0.6643f,0.6123f,0.4286f,0.5486f,-0.6377f,-0.1653f,-0.7523f,-0.3531f,-0.3898f,-0.7731f,0.5003f,1.2876f,0f,0f,0f,1f],start_interpolation: 0,interpolation_duration: 1}
$data merge entity $(bone_leftmidfinger) {transformation: [-0.6085f,0.6679f,0.4286f,0.6155f,-0.6497f,-0.1091f,-0.7523f,-0.4706f,-0.4557f,-0.7362f,0.5003f,1.3658f,0f,0f,0f,1f],start_interpolation: 0,interpolation_duration: 1}
$data merge entity $(bone_leftringfinger) {transformation: [-0.6904f,0.5828f,0.4286f,0.6825f,-0.6299f,-0.1929f,-0.7523f,-0.5882f,-0.3557f,-0.7894f,0.5003f,1.4439f,0f,0f,0f,1f],start_interpolation: 0,interpolation_duration: 1}
$data merge entity $(bone_invisibility) {transformation: [0.7602f,-0.3637f,0.5383f,0.4959f,-0.1087f,0.7457f,0.6574f,-0.473f,-0.6406f,-0.5582f,0.5273f,1.0899f,0f,0f,0f,1f],start_interpolation: 0,interpolation_duration: 1}
$data merge entity $(bone_swiftness) {transformation: [0.4286f,0.7256f,0.5383f,0.45f,-0.7523f,-0.0433f,0.6574f,-0.6425f,0.5003f,-0.6868f,0.5273f,1.2492f,0f,0f,0f,1f],start_interpolation: 0,interpolation_duration: 1}
$data merge entity $(bone_suspicious_stew) {transformation: [0.8387f,-0.0818f,0.5383f,0.5423f,-0.3572f,0.6635f,0.6574f,-0.6121f,-0.411f,-0.7436f,0.5273f,1.2158f,0f,0f,0f,1f],start_interpolation: 0,interpolation_duration: 1}
$data merge entity $(bone_log) {transformation: [-0.5383f,0.7256f,0.4286f,0.6026f,-0.6574f,-0.0433f,-0.7523f,-0.7144f,-0.5273f,-0.6868f,0.5003f,1.104f,0f,0f,0f,1f],start_interpolation: 0,interpolation_duration: 1}
$data merge entity $(bone_planks) {transformation: [-0.5383f,0.7256f,0.4286f,0.5521f,-0.6574f,-0.0433f,-0.7523f,-0.776f,-0.5273f,-0.6868f,0.5003f,1.0546f,0f,0f,0f,1f],start_interpolation: 0,interpolation_duration: 1}
$data merge entity $(bone_lefthand1) {transformation: [-0.5383f,0.7256f,0.4286f,0.9052f,-0.6574f,-0.0433f,-0.7523f,-0.5373f,-0.5273f,-0.6868f,0.5003f,1.0485f,0f,0f,0f,1f],start_interpolation: 0,interpolation_duration: 1}
$data merge entity $(bone_leftforearm) {transformation: [-0.7826f,0.5095f,-0.3577f,1.2201f,0.4771f,0.1216f,-0.8704f,-0.4084f,-0.4f,-0.8518f,-0.3383f,0.4299f,0f,0f,0f,1f],start_interpolation: 0,interpolation_duration: 1}
$data merge entity $(bone_leftelbow) {transformation: [-0.8249f,-0.4376f,-0.3578f,1.1381f,0.0975f,0.5134f,-0.8526f,-0.3121f,0.5568f,-0.7382f,-0.3808f,0.2915f,0f,0f,0f,1f],start_interpolation: 0,interpolation_duration: 1}
$data merge entity $(bone_leftarm) {transformation: [-0.8249f,-0.4376f,-0.3578f,0.75f,0.0975f,0.5134f,-0.8526f,-0.0075f,0.5568f,-0.7382f,-0.3808f,0.0561f,0f,0f,0f,1f],start_interpolation: 0,interpolation_duration: 1}
$data merge entity $(bone_rightthumb2) {transformation: [-0.4698f,-0.7039f,-0.5327f,-0.5079f,0.7401f,0.0149f,-0.6724f,-0.3567f,0.4812f,-0.7101f,0.5139f,1.1234f,0f,0f,0f,1f],start_interpolation: 0,interpolation_duration: 1}
$data merge entity $(bone_rightthumb) {transformation: [-0.4698f,-0.7039f,-0.5327f,-0.7261f,0.7401f,0.0149f,-0.6724f,-0.4105f,0.4812f,-0.7101f,0.5139f,0.9932f,0f,0f,0f,1f],start_interpolation: 0,interpolation_duration: 1}
$data merge entity $(bone_rightpointerfinger) {transformation: [-0.5091f,-0.676f,-0.5327f,-0.5874f,0.7397f,-0.0272f,-0.6724f,-0.3482f,0.4401f,-0.7364f,0.5139f,1.3098f,0f,0f,0f,1f],start_interpolation: 0,interpolation_duration: 1}
$data merge entity $(bone_rightmidfinger) {transformation: [-0.6433f,-0.5498f,-0.5327f,-0.6706f,0.7163f,-0.1866f,-0.6724f,-0.4532f,0.2703f,-0.8142f,0.5139f,1.3901f,0f,0f,0f,1f],start_interpolation: 0,interpolation_duration: 1}
$data merge entity $(bone_rightringfinger) {transformation: [-0.6888f,-0.4917f,-0.5327f,-0.7539f,0.6973f,-0.2484f,-0.6724f,-0.5583f,0.1983f,-0.8346f,0.5139f,1.4704f,0f,0f,0f,1f],start_interpolation: 0,interpolation_duration: 1}
$data merge entity $(bone_hugeasssword) {transformation: [0f,0f,0f,-0.6646f,0f,0f,0f,-0.6541f,0f,0f,0f,1.1031f,0f,0f,0f,1f],start_interpolation: 0,interpolation_duration: 1}
$data merge entity $(bone_ice) {transformation: [-0.4698f,-0.7039f,-0.5327f,-0.6462f,0.7401f,0.0149f,-0.6724f,-0.6659f,0.4812f,-0.7101f,0.5139f,1.1067f,0f,0f,0f,1f],start_interpolation: 0,interpolation_duration: 1}
$data merge entity $(bone_righthand1) {transformation: [-0.4698f,-0.7039f,-0.5327f,-0.9563f,0.7401f,0.0149f,-0.6724f,-0.4982f,0.4812f,-0.7101f,0.5139f,1.0655f,0f,0f,0f,1f],start_interpolation: 0,interpolation_duration: 1}
$data merge entity $(bone_rightforearm) {transformation: [-0.8201f,-0.5008f,0.2768f,-1.2615f,-0.4067f,0.1698f,-0.8976f,-0.3393f,0.4026f,-0.8487f,-0.3429f,0.449f,0f,0f,0f,1f],start_interpolation: 0,interpolation_duration: 1}
$data merge entity $(bone_rightelbow) {transformation: [-0.7856f,0.534f,0.3127f,-1.1614f,-0.0813f,0.4118f,-0.9076f,-0.2621f,-0.6134f,-0.7384f,-0.28f,0.3105f,0f,0f,0f,1f],start_interpolation: 0,interpolation_duration: 1}
$data merge entity $(bone_rightarm) {transformation: [-0.8167f,0.485f,0.3127f,-0.75f,-0.1063f,0.406f,-0.9076f,-0.0075f,-0.5672f,-0.7745f,-0.28f,0.0561f,0f,0f,0f,1f],start_interpolation: 0,interpolation_duration: 1}
$data merge entity $(bone_chest1) {transformation: [-1.0833f,0f,0f,-0.0023f,0f,0.8299f,0.6964f,-0.0595f,0f,0.6964f,-0.8299f,-0.1313f,0f,0f,0f,1f],start_interpolation: 0,interpolation_duration: 1}
$data merge entity $(bone_chest1lid) {transformation: [-1f,0f,0f,-0.3437f,0f,0.8213f,0.5704f,-0.826f,0f,0.5704f,-0.8213f,-0.2821f,0f,0f,0f,1f],start_interpolation: 0,interpolation_duration: 1}
$data merge entity $(bone_chest2) {transformation: [-1f,0f,0f,-0.3437f,0f,0.8213f,0.5704f,-0.9543f,0f,0.5704f,-0.8213f,-0.3713f,0f,0f,0f,1f],start_interpolation: 0,interpolation_duration: 1}
$data merge entity $(bone_chest1lid3) {transformation: [-1f,0f,0f,-0.2812f,0f,0.7799f,0.6259f,-0.4207f,0f,0.6259f,-0.7799f,-0.7642f,0f,0f,0f,1f],start_interpolation: 0,interpolation_duration: 1}
$data merge entity $(bone_chest3) {transformation: [-1f,0f,0f,-0.2812f,0f,0.7799f,0.6259f,-0.5425f,0f,0.6259f,-0.7799f,-0.862f,0f,0f,0f,1f],start_interpolation: 0,interpolation_duration: 1}
$data merge entity $(bone_hugeasssword2) {transformation: [0f,1.6553f,-3.5497f,-1.7344f,-2.5176f,2.7192f,1.268f,0.4131f,3.0003f,2.2817f,1.064f,-0.0805f,0f,0f,0f,1f],start_interpolation: 0,interpolation_duration: 1}
$data merge entity $(bone_belt) {transformation: [-1f,0f,0f,0.0297f,0f,0.766f,0.6428f,-0.4488f,0f,0.6428f,-0.766f,-0.2871f,0f,0f,0f,1f],start_interpolation: 0,interpolation_duration: 1}
$data merge entity $(bone_torn_part) {transformation: [-1f,0f,0f,-0.0937f,0f,0.5373f,0.8434f,-0.6639f,0f,0.8434f,-0.5373f,-0.4743f,0f,0f,0f,1f],start_interpolation: 0,interpolation_duration: 1}
$data merge entity $(bone_lowerbody) {transformation: [-1f,0f,0f,0.0039f,0f,0.766f,0.6428f,-1.1283f,0f,0.6428f,-0.766f,-0.6805f,0f,0f,0f,1f],start_interpolation: 0,interpolation_duration: 1}
$data merge entity $(bone_leftfoot) {transformation: [-1f,0f,0f,0.2813f,0f,0.9758f,0.2185f,-2.8561f,0f,0.2185f,-0.9758f,-1.472f,0f,0f,0f,1f],start_interpolation: 0,interpolation_duration: 1}
$data merge entity $(bone_leftlowerleg) {transformation: [-1f,0f,0f,0.2813f,0f,0.818f,0.5753f,-2.0371f,0f,0.5753f,-0.818f,-0.7082f,0f,0f,0f,1f],start_interpolation: 0,interpolation_duration: 1}
$data merge entity $(bone_leftleg) {transformation: [-1f,0f,0f,0.25f,0f,0.9908f,-0.1351f,-0.9808f,0f,-0.1351f,-0.9908f,-0.8259f,0f,0f,0f,1f],start_interpolation: 0,interpolation_duration: 1}
$data merge entity $(bone_rightfoot) {transformation: [-1f,0f,0f,-0.2812f,0f,-0.1503f,0.9886f,-1.6673f,0f,0.9886f,0.1503f,-2.579f,0f,0f,0f,1f],start_interpolation: 0,interpolation_duration: 1}
$data merge entity $(bone_rightlowerleg) {transformation: [-1f,0f,0f,-0.2812f,0f,-0.0055f,1f,-1.8271f,0f,1f,0.0055f,-1.4705f,0f,0f,0f,1f],start_interpolation: 0,interpolation_duration: 1}
$data merge entity $(bone_rightleg) {transformation: [-1f,0f,0f,-0.25f,0f,0.7706f,0.6373f,-1.025f,0f,0.6373f,-0.7706f,-0.7732f,0f,0f,0f,1f],start_interpolation: 0,interpolation_duration: 1}
data modify entity @s data merge value {"cameras":{},"locators":{"lefthand":{"posx":0.589673050292715,"posy":-0.6375905286329013,"posz":1.1992869032217848,"roty":139.41124767579873,"rotx":-48.79336313036507},"sword":{"posx":-0.6645496744079962,"posy":-0.6540826291914544,"posz":1.1030942380977937,"roty":226.02983610862998,"rotx":-42.25066964770611},"righthand":{"posx":-0.6709524483775541,"posy":-0.5862515086051598,"posz":1.1548713069545646,"roty":226.02983610863,"rotx":-42.25066964770614},"chest":{"posx":-0.37499999999999994,"posy":-0.9664459190264505,"posz":-0.18945998446546772,"roty":0,"rotx":34.78}}}