# This file was generated by Animated Java via MC-Build. It is not recommended to edit this file directly.
$data merge entity $(bone_nose) {transformation: [-1f,0.0018f,-0.005f,0.0012f,0.0024f,0.9924f,-0.1232f,0.5212f,0.0047f,-0.1233f,-0.9924f,0.5455f,0f,0f,0f,1f],start_interpolation: 0,interpolation_duration: 1}
$data merge entity $(bone_glowing_eye) {transformation: [-1f,0.0026f,-0.0046f,-0.1235f,0.0024f,0.9991f,0.0414f,0.5877f,0.0047f,0.0414f,-0.9991f,0.5838f,0f,0f,0f,1f],start_interpolation: 0,interpolation_duration: 1}
$data merge entity $(bone_head) {transformation: [-1f,0.0026f,-0.0046f,0f,0.0024f,0.9991f,0.0414f,0.4056f,0.0047f,0.0414f,-0.9991f,0.3533f,0f,0f,0f,1f],start_interpolation: 0,interpolation_duration: 1}
$data merge entity $(bone_leftthumb2) {transformation: [-0.5754f,0.6797f,0.4548f,0.5267f,-0.6371f,-0.0237f,-0.7704f,-0.3335f,-0.5129f,-0.7331f,0.4467f,1.1399f,0f,0f,0f,1f],start_interpolation: 0,interpolation_duration: 1}
$data merge entity $(bone_leftthumb) {transformation: [-0.5754f,0.6797f,0.4548f,0.7323f,-0.6371f,-0.0237f,-0.7704f,-0.4051f,-0.5129f,-0.7331f,0.4467f,0.9983f,0f,0f,0f,1f],start_interpolation: 0,interpolation_duration: 1}
$data merge entity $(bone_leftpointerfinger) {transformation: [-0.6922f,0.5604f,0.4548f,0.6117f,-0.6215f,-0.1423f,-0.7704f,-0.3487f,-0.367f,-0.8159f,0.4467f,1.3233f,0f,0f,0f,1f],start_interpolation: 0,interpolation_duration: 1}
$data merge entity $(bone_leftmidfinger) {transformation: [-0.6407f,0.6186f,0.4548f,0.6828f,-0.6315f,-0.0876f,-0.7704f,-0.469f,-0.4367f,-0.7808f,0.4467f,1.3931f,0f,0f,0f,1f],start_interpolation: 0,interpolation_duration: 1}
$data merge entity $(bone_leftringfinger) {transformation: [-0.7159f,0.5297f,0.4548f,0.7539f,-0.6147f,-0.1692f,-0.7704f,-0.5894f,-0.3311f,-0.8312f,0.4467f,1.4629f,0f,0f,0f,1f],start_interpolation: 0,interpolation_duration: 1}
$data merge entity $(bone_invisibility) {transformation: [0.7168f,-0.3939f,0.5754f,0.5457f,-0.0908f,0.7654f,0.6371f,-0.4617f,-0.6913f,-0.5089f,0.5129f,1.1256f,0f,0f,0f,1f],start_interpolation: 0,interpolation_duration: 1}
$data merge entity $(bone_swiftness) {transformation: [0.4548f,0.6797f,0.5754f,0.509f,-0.7704f,-0.0237f,0.6371f,-0.6362f,0.4467f,-0.7331f,0.5129f,1.2819f,0f,0f,0f,1f],start_interpolation: 0,interpolation_duration: 1}
$data merge entity $(bone_suspicious_stew) {transformation: [0.8083f,-0.125f,0.5754f,0.5991f,-0.3471f,0.6882f,0.6371f,-0.6051f,-0.4756f,-0.7147f,0.5129f,1.2437f,0f,0f,0f,1f],start_interpolation: 0,interpolation_duration: 1}
$data merge entity $(bone_log) {transformation: [-0.5754f,0.6797f,0.4548f,0.6515f,-0.6371f,-0.0237f,-0.7704f,-0.7039f,-0.5129f,-0.7331f,0.4467f,1.1249f,0f,0f,0f,1f],start_interpolation: 0,interpolation_duration: 1}
$data merge entity $(bone_planks) {transformation: [-0.5754f,0.6797f,0.4548f,0.5976f,-0.6371f,-0.0237f,-0.7704f,-0.7636f,-0.5129f,-0.7331f,0.4467f,1.0768f,0f,0f,0f,1f],start_interpolation: 0,interpolation_duration: 1}
$data merge entity $(bone_lefthand1) {transformation: [-0.5754f,0.6797f,0.4548f,0.9511f,-0.6371f,-0.0237f,-0.7704f,-0.5265f,-0.5129f,-0.7331f,0.4467f,1.0559f,0f,0f,0f,1f],start_interpolation: 0,interpolation_duration: 1}
$data merge entity $(bone_leftforearm) {transformation: [-0.8151f,0.461f,-0.3507f,1.2298f,0.4548f,0.1343f,-0.8804f,-0.3898f,-0.3588f,-0.8772f,-0.3192f,0.4217f,0f,0f,0f,1f],start_interpolation: 0,interpolation_duration: 1}
$data merge entity $(bone_leftelbow) {transformation: [-0.8176f,-0.4538f,-0.3544f,1.1447f,0.0872f,0.5108f,-0.8553f,-0.2941f,0.5692f,-0.7302f,-0.3781f,0.2848f,0f,0f,0f,1f],start_interpolation: 0,interpolation_duration: 1}
$data merge entity $(bone_leftarm) {transformation: [-0.8176f,-0.4538f,-0.3544f,0.75f,0.0872f,0.5108f,-0.8553f,0.0071f,0.5692f,-0.7302f,-0.3781f,0.0561f,0f,0f,0f,1f],start_interpolation: 0,interpolation_duration: 1}
$data merge entity $(bone_rightthumb2) {transformation: [-0.4604f,-0.6648f,-0.5882f,-0.5971f,0.7758f,0.0206f,-0.6306f,-0.3528f,0.4314f,-0.7467f,0.5063f,1.1191f,0f,0f,0f,1f],start_interpolation: 0,interpolation_duration: 1}
$data merge entity $(bone_rightthumb) {transformation: [-0.4604f,-0.6648f,-0.5882f,-0.8104f,0.7758f,0.0206f,-0.6306f,-0.4017f,0.4314f,-0.7467f,0.5063f,0.9792f,0f,0f,0f,1f],start_interpolation: 0,interpolation_duration: 1}
$data merge entity $(bone_rightpointerfinger) {transformation: [-0.4975f,-0.6376f,-0.5882f,-0.6856f,0.7758f,-0.0236f,-0.6306f,-0.3344f,0.3882f,-0.77f,0.5063f,1.3006f,0f,0f,0f,1f],start_interpolation: 0,interpolation_duration: 1}
$data merge entity $(bone_rightmidfinger) {transformation: [-0.6237f,-0.5148f,-0.5882f,-0.7775f,0.7523f,-0.1909f,-0.6306f,-0.4329f,0.2123f,-0.8358f,0.5063f,1.3797f,0f,0f,0f,1f],start_interpolation: 0,interpolation_duration: 1}
$data merge entity $(bone_rightringfinger) {transformation: [-0.6662f,-0.4585f,-0.5882f,-0.8694f,0.7328f,-0.2557f,-0.6306f,-0.5315f,0.1387f,-0.8511f,0.5063f,1.4588f,0f,0f,0f,1f],start_interpolation: 0,interpolation_duration: 1}
$data merge entity $(bone_hugeasssword) {transformation: [0f,0f,0f,-0.7656f,0f,0f,0f,-0.6437f,0f,0f,0f,1.1001f,0f,0f,0f,1f],start_interpolation: 0,interpolation_duration: 1}
$data merge entity $(bone_ice) {transformation: [-0.4604f,-0.6648f,-0.5882f,-0.748f,0.7758f,0.0206f,-0.6306f,-0.6561f,0.4314f,-0.7467f,0.5063f,1.105f,0f,0f,0f,1f],start_interpolation: 0,interpolation_duration: 1}
$data merge entity $(bone_righthand1) {transformation: [-0.4604f,-0.6648f,-0.5882f,-1.0477f,0.7758f,0.0206f,-0.6306f,-0.4767f,0.4314f,-0.7467f,0.5063f,1.042f,0f,0f,0f,1f],start_interpolation: 0,interpolation_duration: 1}
$data merge entity $(bone_rightforearm) {transformation: [-0.8548f,-0.4265f,0.2957f,-1.2988f,-0.3959f,0.1673f,-0.9029f,-0.3202f,0.3356f,-0.8889f,-0.3119f,0.4009f,0f,0f,0f,1f],start_interpolation: 0,interpolation_duration: 1}
$data merge entity $(bone_rightelbow) {transformation: [-0.7282f,0.6093f,0.3139f,-1.1846f,-0.0459f,0.4135f,-0.9093f,-0.2427f,-0.6839f,-0.6766f,-0.2731f,0.2741f,0f,0f,0f,1f],start_interpolation: 0,interpolation_duration: 1}
$data merge entity $(bone_rightarm) {transformation: [-0.7737f,0.5503f,0.3139f,-0.75f,-0.0783f,0.4086f,-0.9093f,0.0071f,-0.6287f,-0.7281f,-0.2731f,0.0561f,0f,0f,0f,1f],start_interpolation: 0,interpolation_duration: 1}
$data merge entity $(bone_chest1) {transformation: [-1.0833f,0f,0f,-0.0023f,0f,0.8299f,0.6964f,-0.0449f,0f,0.6964f,-0.8299f,-0.1313f,0f,0f,0f,1f],start_interpolation: 0,interpolation_duration: 1}
$data merge entity $(bone_chest1lid) {transformation: [-1f,0f,0f,-0.3437f,0f,0.8213f,0.5704f,-0.8113f,0f,0.5704f,-0.8213f,-0.2821f,0f,0f,0f,1f],start_interpolation: 0,interpolation_duration: 1}
$data merge entity $(bone_chest2) {transformation: [-1f,0f,0f,-0.3437f,0f,0.8213f,0.5704f,-0.9397f,0f,0.5704f,-0.8213f,-0.3713f,0f,0f,0f,1f],start_interpolation: 0,interpolation_duration: 1}
$data merge entity $(bone_chest1lid3) {transformation: [-1f,0f,0f,-0.2812f,0f,0.7799f,0.6259f,-0.406f,0f,0.6259f,-0.7799f,-0.7642f,0f,0f,0f,1f],start_interpolation: 0,interpolation_duration: 1}
$data merge entity $(bone_chest3) {transformation: [-1f,0f,0f,-0.2812f,0f,0.7799f,0.6259f,-0.5279f,0f,0.6259f,-0.7799f,-0.862f,0f,0f,0f,1f],start_interpolation: 0,interpolation_duration: 1}
$data merge entity $(bone_hugeasssword2) {transformation: [0f,1.6553f,-3.5497f,-1.7344f,-2.5176f,2.7192f,1.268f,0.4277f,3.0003f,2.2817f,1.064f,-0.0805f,0f,0f,0f,1f],start_interpolation: 0,interpolation_duration: 1}
$data merge entity $(bone_belt) {transformation: [-1f,0f,0f,0.0297f,0f,0.766f,0.6428f,-0.4342f,0f,0.6428f,-0.766f,-0.2871f,0f,0f,0f,1f],start_interpolation: 0,interpolation_duration: 1}
$data merge entity $(bone_torn_part) {transformation: [-1f,0f,0f,-0.0937f,0f,0.5373f,0.8434f,-0.6492f,0f,0.8434f,-0.5373f,-0.4743f,0f,0f,0f,1f],start_interpolation: 0,interpolation_duration: 1}
$data merge entity $(bone_lowerbody) {transformation: [-1f,0f,0f,0.0039f,0f,0.766f,0.6428f,-1.1137f,0f,0.6428f,-0.766f,-0.6805f,0f,0f,0f,1f],start_interpolation: 0,interpolation_duration: 1}
$data merge entity $(bone_leftfoot) {transformation: [-1f,0f,0f,0.2813f,0f,0.962f,0.273f,-2.8036f,0f,0.273f,-0.962f,-1.6172f,0f,0f,0f,1f],start_interpolation: 0,interpolation_duration: 1}
$data merge entity $(bone_leftlowerleg) {transformation: [-1f,0f,0f,0.2813f,0f,0.7843f,0.6204f,-2.0288f,0f,0.6204f,-0.7843f,-0.8085f,0f,0f,0f,1f],start_interpolation: 0,interpolation_duration: 1}
$data merge entity $(bone_leftleg) {transformation: [-1f,0f,0f,0.25f,0f,0.9992f,-0.0409f,-0.9661f,0f,-0.0409f,-0.9992f,-0.8259f,0f,0f,0f,1f],start_interpolation: 0,interpolation_duration: 1}
$data merge entity $(bone_rightfoot) {transformation: [-1f,0f,0f,-0.2812f,0f,-0.0222f,0.9998f,-1.8586f,0f,0.9998f,0.0222f,-2.5114f,0f,0f,0f,1f],start_interpolation: 0,interpolation_duration: 1}
$data merge entity $(bone_rightlowerleg) {transformation: [-1f,0f,0f,-0.2812f,0f,0.1229f,0.9924f,-1.8748f,0f,0.9924f,-0.1229f,-1.3916f,0f,0f,0f,1f],start_interpolation: 0,interpolation_duration: 1}
$data merge entity $(bone_rightleg) {transformation: [-1f,0f,0f,-0.25f,0f,0.8273f,0.5617f,-1.0103f,0f,0.5617f,-0.8273f,-0.7732f,0f,0f,0f,1f],start_interpolation: 0,interpolation_duration: 1}
data modify entity @s data merge value {"cameras":{},"locators":{"lefthand":{"posx":0.645222438909604,"posy":-0.6302732218932945,"posz":1.2232908882044158,"roty":134.48304291719052,"rotx":-50.39226134195422},"sword":{"posx":-0.7656008228216488,"posy":-0.6436799839470303,"posz":1.1000786230382842,"roty":229.27786123010785,"rotx":-39.093823497899905},"righthand":{"posx":-0.7716263167479924,"posy":-0.5738821525530733,"posz":1.1492200256387477,"roty":229.27786123010787,"rotx":-39.09382349789994},"chest":{"posx":-0.37499999999999994,"posy":-0.9518070301375616,"posz":-0.18945998446546772,"roty":0,"rotx":34.78}}}