# This file was generated by Animated Java via MC-Build. It is not recommended to edit this file directly.
$data merge entity $(nose) {transformation: [-0.9888f,-0.0843f,0.1231f,-0.7332f,-0.0566f,0.9753f,0.2133f,2.5621f,-0.1381f,0.204f,-0.9692f,1.2842f,0f,0f,0f,1f],start_interpolation: 0,interpolation_duration: 1}
$data merge entity $(glowing_eye) {transformation: [-0.9888f,-0.0843f,0.1231f,-0.8668f,-0.0566f,0.9753f,0.2133f,2.6136f,-0.1381f,0.204f,-0.9692f,1.3146f,0f,0f,0f,1f],start_interpolation: 0,interpolation_duration: 1}
$data merge entity $(head) {transformation: [-0.9888f,-0.0843f,0.1231f,-0.6998f,-0.0566f,0.9753f,0.2133f,2.4816f,-0.1381f,0.204f,-0.9692f,1.0775f,0f,0f,0f,1f],start_interpolation: 0,interpolation_duration: 1}
$data merge entity $(leftthumb2) {transformation: [-0.4224f,-0.142f,0.8952f,0.3585f,-0.859f,-0.2524f,-0.4454f,2.1381f,0.2892f,-0.9572f,-0.0154f,3.163f,0f,0f,0f,1f],start_interpolation: 0,interpolation_duration: 1}
$data merge entity $(leftthumb) {transformation: [-0.4224f,-0.142f,0.8952f,0.4002f,-0.859f,-0.2524f,-0.4454f,2.0382f,0.2892f,-0.9572f,-0.0154f,2.927f,0f,0f,0f,1f],start_interpolation: 0,interpolation_duration: 1}
$data merge entity $(leftpointerfinger) {transformation: [-0.4332f,-0.1046f,0.8952f,0.535f,-0.8778f,-0.1765f,-0.4454f,2.1941f,0.2046f,-0.9787f,-0.0154f,3.2087f,0f,0f,0f,1f],start_interpolation: 0,interpolation_duration: 1}
$data merge entity $(leftmidfinger) {transformation: [-0.4368f,0.0883f,0.8952f,0.6748f,-0.8701f,0.211f,-0.4454f,2.1245f,-0.2282f,-0.9735f,-0.0154f,3.2063f,0f,0f,0f,1f],start_interpolation: 0,interpolation_duration: 1}
$data merge entity $(leftringfinger) {transformation: [-0.3072f,0.3229f,0.8952f,0.8147f,-0.5918f,0.6719f,-0.4454f,2.0549f,-0.7453f,-0.6666f,-0.0154f,3.2039f,0f,0f,0f,1f],start_interpolation: 0,interpolation_duration: 1}
$data merge entity $(invisibility) {transformation: [-0.0634f,-0.9042f,0.4224f,0.4123f,-0.2902f,0.4217f,0.859f,2.0193f,-0.9549f,-0.0681f,-0.2892f,3.1587f,0f,0f,0f,1f],start_interpolation: 0,interpolation_duration: 1}
$data merge entity $(swiftness) {transformation: [0.8952f,-0.142f,0.4224f,0.5773f,-0.4454f,-0.2524f,0.859f,1.9252f,-0.0154f,-0.9572f,-0.2892f,3.3005f,0f,0f,0f,1f],start_interpolation: 0,interpolation_duration: 1}
$data merge entity $(suspicious_stew) {transformation: [0.2497f,-0.8713f,0.4224f,0.5868f,-0.417f,0.297f,0.859f,1.9476f,-0.874f,-0.3906f,-0.2892f,3.2007f,0f,0f,0f,1f],start_interpolation: 0,interpolation_duration: 1}
$data merge entity $(log) {transformation: [-0.4224f,-0.142f,0.8952f,0.5714f,-0.859f,-0.2524f,-0.4454f,1.8147f,0.2892f,-0.9572f,-0.0154f,3.1074f,0f,0f,0f,1f],start_interpolation: 0,interpolation_duration: 1}
$data merge entity $(planks) {transformation: [-0.4224f,-0.142f,0.8952f,0.5318f,-0.859f,-0.2524f,-0.4454f,1.7342f,0.2892f,-0.9572f,-0.0154f,3.1345f,0f,0f,0f,1f],start_interpolation: 0,interpolation_duration: 1}
$data merge entity $(lefthand1) {transformation: [-0.4224f,-0.142f,0.8952f,0.6135f,-0.859f,-0.2524f,-0.4454f,1.9803f,0.2892f,-0.9572f,-0.0154f,2.7963f,0f,0f,0f,1f],start_interpolation: 0,interpolation_duration: 1}
$data merge entity $(leftforearm) {transformation: [-0.4457f,-0.067f,0.8927f,0.5213f,-0.8839f,0.1909f,-0.427f,2.0504f,-0.1418f,-0.9793f,-0.1443f,2.0862f,0f,0f,0f,1f],start_interpolation: 0,interpolation_duration: 1}
$data merge entity $(leftelbow) {transformation: [-0.4457f,-0.067f,0.8927f,0.5087f,-0.8839f,0.1909f,-0.427f,2.0861f,-0.1418f,-0.9793f,-0.1443f,1.9026f,0f,0f,0f,1f],start_interpolation: 0,interpolation_duration: 1}
$data merge entity $(leftarm) {transformation: [-0.4917f,-0.3589f,0.7934f,0.1364f,-0.8707f,0.2161f,-0.4418f,2.0225f,-0.0128f,-0.908f,-0.4187f,1.4702f,0f,0f,0f,1f],start_interpolation: 0,interpolation_duration: 1}
$data merge entity $(rightthumb2) {transformation: [-0.4634f,0.4446f,0.7665f,-1.6201f,0.8408f,0.4938f,0.2219f,2.3296f,-0.2799f,0.7473f,-0.6027f,-1.3653f,0f,0f,0f,1f],start_interpolation: 0,interpolation_duration: 1}
$data merge entity $(rightthumb) {transformation: [-0.4634f,0.4446f,0.7665f,-1.4455f,0.8408f,0.4938f,0.2219f,2.4697f,-0.2799f,0.7473f,-0.6027f,-1.2335f,0f,0f,0f,1f],start_interpolation: 0,interpolation_duration: 1}
$data merge entity $(rightpointerfinger) {transformation: [-0.1471f,0.488f,0.8604f,-1.5691f,0.9558f,0.2939f,-0.0033f,2.5954f,-0.2545f,0.8219f,-0.5097f,-1.5348f,0f,0f,0f,1f],start_interpolation: 0,interpolation_duration: 1}
$data merge entity $(rightmidfinger) {transformation: [0.0287f,0.5089f,0.8604f,-1.4346f,0.9987f,-0.0507f,-0.0033f,2.5949f,0.042f,0.8593f,-0.5097f,-1.6145f,0f,0f,0f,1f],start_interpolation: 0,interpolation_duration: 1}
$data merge entity $(rightringfinger) {transformation: [0.2212f,0.4592f,0.8604f,-1.3002f,0.9033f,-0.429f,-0.0033f,2.5944f,0.3676f,0.7779f,-0.5097f,-1.6941f,0f,0f,0f,1f],start_interpolation: 0,interpolation_duration: 1}
$data merge entity $(hugeasssword) {transformation: [0.1123f,1.9932f,3.3697f,-1.3523f,3.9116f,-0.1986f,-0.0128f,2.3194f,0.1644f,3.3657f,-1.9963f,-1.4431f,0f,0f,0f,1f],start_interpolation: 0,interpolation_duration: 1}
$data merge entity $(whey) {transformation: [0f,0f,0f,-1.5259f,0f,0f,0f,2.1529f,0f,0f,0f,-1.4592f,0f,0f,0f,1f],start_interpolation: 0,interpolation_duration: 1}
$data merge entity $(ice) {transformation: [0.0287f,0.5089f,0.8604f,-1.3607f,0.9987f,-0.0507f,-0.0033f,2.3046f,0.042f,0.8593f,-0.5097f,-1.4572f,0f,0f,0f,1f],start_interpolation: 0,interpolation_duration: 1}
$data merge entity $(righthand1) {transformation: [0.0287f,0.5089f,0.8604f,-1.1994f,0.9987f,-0.0507f,-0.0033f,2.5415f,0.042f,0.8593f,-0.5097f,-1.2478f,0f,0f,0f,1f],start_interpolation: 0,interpolation_duration: 1}
$data merge entity $(rightforearm) {transformation: [-0.5331f,0.1472f,0.8332f,-1.0253f,0.8261f,0.3032f,0.475f,2.6729f,-0.1827f,0.9415f,-0.2832f,-0.5684f,0f,0f,0f,1f],start_interpolation: 0,interpolation_duration: 1}
$data merge entity $(rightelbow) {transformation: [-0.5331f,0.1472f,0.8332f,-0.9977f,0.8261f,0.3032f,0.475f,2.7297f,-0.1827f,0.9415f,-0.2832f,-0.3919f,0f,0f,0f,1f],start_interpolation: 0,interpolation_duration: 1}
$data merge entity $(rightarm) {transformation: [-0.4215f,-0.1872f,0.8873f,-1.0786f,0.9031f,0.0026f,0.4295f,2.4739f,-0.0827f,0.9823f,0.1679f,0.1166f,0f,0f,0f,1f],start_interpolation: 0,interpolation_duration: 1}
$data merge entity $(chest1) {transformation: [-0.803f,-0.6338f,0.3564f,-0.2905f,0.2697f,0.2335f,1.0229f,2.4178f,-0.6753f,0.847f,-0.0153f,0.5616f,0f,0f,0f,1f],start_interpolation: 0,interpolation_duration: 1}
$data merge entity $(chest1lid) {transformation: [-0.7413f,-0.5851f,0.329f,-0.2724f,0.249f,0.2155f,0.9442f,1.986f,-0.6233f,0.7818f,-0.0141f,-0.1801f,0f,0f,0f,1f],start_interpolation: 0,interpolation_duration: 1}
$data merge entity $(chest2) {transformation: [-0.7413f,-0.5851f,0.329f,-0.181f,0.249f,0.2155f,0.9442f,1.9523f,-0.6233f,0.7818f,-0.0141f,-0.3022f,0f,0f,0f,1f],start_interpolation: 0,interpolation_duration: 1}
$data merge entity $(chest1lid3) {transformation: [-0.7413f,-0.5851f,0.329f,-0.0153f,0.249f,0.2155f,0.9442f,2.5753f,-0.6233f,0.7818f,-0.0141f,-0.1501f,0f,0f,0f,1f],start_interpolation: 0,interpolation_duration: 1}
$data merge entity $(chest3) {transformation: [-0.7413f,-0.5851f,0.329f,0.0761f,0.249f,0.2155f,0.9442f,2.5416f,-0.6233f,0.7818f,-0.0141f,-0.2723f,0f,0f,0f,1f],start_interpolation: 0,interpolation_duration: 1}
$data merge entity $(hugeasssword2) {transformation: [-1.2885f,0.5924f,-3.6509f,-1.7954f,-3.6982f,-0.1486f,1.2811f,3.2247f,0.0552f,3.8688f,0.6083f,0.697f,0f,0f,0f,1f],start_interpolation: 0,interpolation_duration: 1}
$data merge entity $(belt) {transformation: [-0.7413f,-0.5851f,0.329f,-0.0767f,0.249f,0.2155f,0.9442f,2.2003f,-0.6233f,0.7818f,-0.0141f,0.272f,0f,0f,0f,1f],start_interpolation: 0,interpolation_duration: 1}
$data merge entity $(torn_part) {transformation: [-0.6709f,-0.6254f,0.3984f,0.0158f,0.1997f,0.365f,0.9093f,2.1002f,-0.7141f,0.6897f,-0.12f,-0.0453f,0f,0f,0f,1f],start_interpolation: 0,interpolation_duration: 1}
$data merge entity $(lowerbody) {transformation: [-0.6709f,-0.4767f,0.568f,0.2341f,0.1997f,0.6215f,0.7575f,1.6707f,-0.7141f,0.6217f,-0.3218f,-0.2338f,0f,0f,0f,1f],start_interpolation: 0,interpolation_duration: 1}
$data merge entity $(leftfoot) {transformation: [-0.9424f,0.0744f,0.3262f,0.1471f,0.3232f,0.454f,0.8303f,0.5189f,-0.0863f,0.8879f,-0.4519f,-0.9236f,0f,0f,0f,1f],start_interpolation: 0,interpolation_duration: 1}
$data merge entity $(leftlowerleg) {transformation: [-0.9424f,0.0744f,0.3262f,0.1795f,0.3232f,0.454f,0.8303f,0.895f,-0.0863f,0.8879f,-0.4519f,0.1309f,0f,0f,0f,1f],start_interpolation: 0,interpolation_duration: 1}
$data merge entity $(leftleg) {transformation: [-0.9151f,0.3897f,0.1031f,0.5153f,0.2899f,0.814f,-0.5034f,1.6189f,-0.2801f,-0.4308f,-0.8579f,-0.2524f,0f,0f,0f,1f],start_interpolation: 0,interpolation_duration: 1}
$data merge entity $(rightfoot) {transformation: [-0.878f,0.0735f,0.473f,-0.3303f,-0.1344f,0.9105f,-0.391f,0.3448f,-0.4594f,-0.4068f,-0.7896f,0.6217f,0f,0f,0f,1f],start_interpolation: 0,interpolation_duration: 1}
$data merge entity $(rightlowerleg) {transformation: [-0.878f,0.0735f,0.473f,-0.3215f,-0.1344f,0.9105f,-0.391f,1.415f,-0.4594f,-0.4068f,-0.7896f,0.2917f,0f,0f,0f,1f],start_interpolation: 0,interpolation_duration: 1}
$data merge entity $(rightleg) {transformation: [-0.8601f,0.494f,0.1271f,0.1565f,0.0201f,0.2818f,-0.9593f,1.7271f,-0.5097f,-0.8225f,-0.2523f,-0.469f,0f,0f,0f,1f],start_interpolation: 0,interpolation_duration: 1}
data modify entity @s data merge value {"cameras":{},"locators":{"soup":{"px":0.4238026961677672,"py":1.9718469610841827,"pz":3.142585938601902,"ry":55.60938727132553,"rx":59.20784286366579},"lefthand":{"px":0.6080836116258168,"py":1.9218939470183614,"pz":3.1553377267873617,"ry":89.01754602462827,"rx":-26.448857691811778},"sword":{"px":-4.551966897753673,"py":2.4111093684626077,"pz":0.4207992048479998,"ry":59.356441624449616,"rx":-0.1877192769910089},"righthand":{"px":-1.3794256513600338,"py":2.399027962094037,"pz":-1.4586933675106277,"ry":59.356441624449616,"rx":-0.1877192769910089},"chest":{"px":-0.3104173678225813,"py":1.8327477903393818,"pz":-0.24620764979328752,"ry":87.54549549381227,"rx":70.77466414181268}}}