# This file was generated by Animated Java via MC-Build. It is not recommended to edit this file directly.
$data merge entity $(bone_nose) {transformation: [-0.9556f,-0.1286f,0.2651f,-0.8381f,-0.0724f,0.9746f,0.212f,2.5575f,-0.2856f,0.1834f,-0.9406f,1.3f,0f,0f,0f,1f],start_interpolation: 0,interpolation_duration: 1}
$data merge entity $(bone_glowing_eye) {transformation: [-0.9556f,-0.1286f,0.2651f,-0.9755f,-0.0724f,0.9746f,0.212f,2.607f,-0.2856f,0.1834f,-0.9406f,1.3096f,0f,0f,0f,1f],start_interpolation: 0,interpolation_duration: 1}
$data merge entity $(bone_head) {transformation: [-0.9556f,-0.1286f,0.2651f,-0.7726f,-0.0724f,0.9746f,0.212f,2.4768f,-0.2856f,0.1834f,-0.9406f,1.1012f,0f,0f,0f,1f],start_interpolation: 0,interpolation_duration: 1}
$data merge entity $(bone_leftthumb2) {transformation: [-0.3052f,0.0601f,0.9504f,0.0966f,-0.9067f,-0.3235f,-0.2707f,2.2312f,0.2912f,-0.9443f,0.1532f,3.2328f,0f,0f,0f,1f],start_interpolation: 0,interpolation_duration: 1}
$data merge entity $(bone_leftthumb) {transformation: [-0.3052f,0.0601f,0.9504f,0.1925f,-0.9067f,-0.3235f,-0.2707f,2.1287f,0.2912f,-0.9443f,0.1532f,3.0143f,0f,0f,0f,1f],start_interpolation: 0,interpolation_duration: 1}
$data merge entity $(bone_leftpointerfinger) {transformation: [-0.2988f,0.0864f,0.9504f,0.2507f,-0.9314f,-0.2432f,-0.2707f,2.3214f,0.2078f,-0.9661f,0.1532f,3.2995f,0f,0f,0f,1f],start_interpolation: 0,interpolation_duration: 1}
$data merge entity $(bone_leftmidfinger) {transformation: [-0.2342f,0.2046f,0.9504f,0.3992f,-0.947f,0.1732f,-0.2707f,2.2791f,-0.22f,-0.9634f,0.1532f,3.3235f,0f,0f,0f,1f],start_interpolation: 0,interpolation_duration: 1}
$data merge entity $(bone_leftringfinger) {transformation: [-0.0745f,0.302f,0.9504f,0.5477f,-0.6764f,0.685f,-0.2707f,2.2368f,-0.7328f,-0.663f,0.1532f,3.3474f,0f,0f,0f,1f],start_interpolation: 0,interpolation_duration: 1}
$data merge entity $(bone_invisibility) {transformation: [0.1427f,-0.9416f,0.3052f,0.1704f,-0.3458f,0.2415f,0.9067f,2.1244f,-0.9274f,-0.2349f,-0.2912f,3.2461f,0f,0f,0f,1f],start_interpolation: 0,interpolation_duration: 1}
$data merge entity $(bone_swiftness) {transformation: [0.9504f,0.0601f,0.3052f,0.3246f,-0.2707f,-0.3235f,0.9067f,2.0703f,0.1532f,-0.9443f,-0.2912f,3.4178f,0f,0f,0f,1f],start_interpolation: 0,interpolation_duration: 1}
$data merge entity $(bone_suspicious_stew) {transformation: [0.4561f,-0.836f,0.3052f,0.3458f,-0.4076f,0.1086f,0.9067f,2.0888f,-0.7911f,-0.5379f,-0.2912f,3.319f,0f,0f,0f,1f],start_interpolation: 0,interpolation_duration: 1}
$data merge entity $(bone_log) {transformation: [-0.3052f,0.0601f,0.9504f,0.3692f,-0.9067f,-0.3235f,-0.2707f,1.9507f,0.2912f,-0.9443f,0.1532f,3.2355f,0f,0f,0f,1f],start_interpolation: 0,interpolation_duration: 1}
$data merge entity $(bone_planks) {transformation: [-0.3052f,0.0601f,0.9504f,0.3406f,-0.9067f,-0.3235f,-0.2707f,1.8657f,0.2912f,-0.9443f,0.1532f,3.2628f,0f,0f,0f,1f],start_interpolation: 0,interpolation_duration: 1}
$data merge entity $(bone_lefthand1) {transformation: [-0.3052f,0.0601f,0.9504f,0.4308f,-0.9067f,-0.3235f,-0.2707f,2.105f,0.2912f,-0.9443f,0.1532f,2.9218f,0f,0f,0f,1f],start_interpolation: 0,interpolation_duration: 1}
$data merge entity $(bone_leftforearm) {transformation: [-0.352f,0.0289f,0.9356f,0.4139f,-0.9246f,0.1447f,-0.3523f,2.1385f,-0.1456f,-0.9891f,-0.0242f,2.2033f,0f,0f,0f,1f],start_interpolation: 0,interpolation_duration: 1}
$data merge entity $(bone_leftelbow) {transformation: [-0.352f,0.0289f,0.9356f,0.4193f,-0.9246f,0.1447f,-0.3523f,2.1656f,-0.1456f,-0.9891f,-0.0242f,2.0179f,0f,0f,0f,1f],start_interpolation: 0,interpolation_duration: 1}
$data merge entity $(bone_leftarm) {transformation: [-0.4283f,-0.3336f,0.8398f,0.0586f,-0.9035f,0.1757f,-0.391f,2.0742f,-0.0171f,-0.9262f,-0.3767f,1.5751f,0f,0f,0f,1f],start_interpolation: 0,interpolation_duration: 1}
$data merge entity $(bone_rightthumb2) {transformation: [-0.394f,0.3771f,0.8382f,-1.4616f,0.8342f,0.5297f,0.1538f,2.1479f,-0.386f,0.7597f,-0.5233f,-1.3925f,0f,0f,0f,1f],start_interpolation: 0,interpolation_duration: 1}
$data merge entity $(bone_rightthumb) {transformation: [-0.394f,0.3771f,0.8382f,-1.2975f,0.8342f,0.5297f,0.1538f,2.2909f,-0.386f,0.7597f,-0.5233f,-1.2509f,0f,0f,0f,1f],start_interpolation: 0,interpolation_duration: 1}
$data merge entity $(bone_rightpointerfinger) {transformation: [-0.0781f,0.4036f,0.9116f,-1.3809f,0.9401f,0.3341f,-0.0674f,2.3993f,-0.3318f,0.8517f,-0.4055f,-1.572f,0f,0f,0f,1f],start_interpolation: 0,interpolation_duration: 1}
$data merge entity $(bone_rightmidfinger) {transformation: [0.0647f,0.406f,0.9116f,-1.2384f,0.9977f,-0.0076f,-0.0674f,2.3888f,-0.0204f,0.9138f,-0.4055f,-1.6354f,0f,0f,0f,1f],start_interpolation: 0,interpolation_duration: 1}
$data merge entity $(bone_rightringfinger) {transformation: [0.2151f,0.3503f,0.9116f,-1.096f,0.9189f,-0.3888f,-0.0674f,2.3783f,0.3308f,0.8521f,-0.4055f,-1.6988f,0f,0f,0f,1f],start_interpolation: 0,interpolation_duration: 1}
$data merge entity $(bone_hugeasssword) {transformation: [0.2532f,1.5901f,3.5704f,-1.1874f,3.9077f,-0.0297f,-0.2639f,2.1233f,-0.0801f,3.5792f,-1.5884f,-1.438f,0f,0f,0f,1f],start_interpolation: 0,interpolation_duration: 1}
$data merge entity $(bone_ice) {transformation: [0.0647f,0.406f,0.9116f,-1.1947f,0.9977f,-0.0076f,-0.0674f,2.1078f,-0.0204f,0.9138f,-0.4055f,-1.452f,0f,0f,0f,1f],start_interpolation: 0,interpolation_duration: 1}
$data merge entity $(bone_righthand1) {transformation: [0.0647f,0.406f,0.9116f,-1.0486f,0.9977f,-0.0076f,-0.0674f,2.3533f,-0.0204f,0.9138f,-0.4055f,-1.2413f,0f,0f,0f,1f],start_interpolation: 0,interpolation_duration: 1}
$data merge entity $(bone_rightforearm) {transformation: [-0.5629f,0.0402f,0.8255f,-0.945f,0.7644f,0.4051f,0.5016f,2.5573f,-0.3143f,0.9134f,-0.2588f,-0.5645f,0f,0f,0f,1f],start_interpolation: 0,interpolation_duration: 1}
$data merge entity $(bone_rightelbow) {transformation: [-0.5629f,0.0402f,0.8255f,-0.9375f,0.7644f,0.4051f,0.5016f,2.6332f,-0.3143f,0.9134f,-0.2588f,-0.3933f,0f,0f,0f,1f],start_interpolation: 0,interpolation_duration: 1}
$data merge entity $(bone_rightarm) {transformation: [-0.4606f,-0.3002f,0.8353f,-1.0655f,0.8618f,0.0739f,0.5018f,2.4149f,-0.2123f,0.951f,0.2247f,0.1246f,0f,0f,0f,1f],start_interpolation: 0,interpolation_duration: 1}
$data merge entity $(bone_chest1) {transformation: [-0.7576f,-0.713f,0.3021f,-0.3193f,0.2049f,0.223f,1.0401f,2.4205f,-0.7467f,0.7846f,-0.0211f,0.6225f,0f,0f,0f,1f],start_interpolation: 0,interpolation_duration: 1}
$data merge entity $(bone_chest1lid) {transformation: [-0.6994f,-0.6581f,0.2789f,-0.2174f,0.1891f,0.2058f,0.9601f,1.9687f,-0.6893f,0.7242f,-0.0195f,-0.1002f,0f,0f,0f,1f],start_interpolation: 0,interpolation_duration: 1}
$data merge entity $(bone_chest2) {transformation: [-0.6994f,-0.6581f,0.2789f,-0.1146f,0.1891f,0.2058f,0.9601f,1.9366f,-0.6893f,0.7242f,-0.0195f,-0.2133f,0f,0f,0f,1f],start_interpolation: 0,interpolation_duration: 1}
$data merge entity $(bone_chest1lid3) {transformation: [-0.6994f,-0.6581f,0.2789f,0.005f,0.1891f,0.2058f,0.9601f,2.572f,-0.6893f,0.7242f,-0.0195f,-0.0696f,0f,0f,0f,1f],start_interpolation: 0,interpolation_duration: 1}
$data merge entity $(bone_chest3) {transformation: [-0.6994f,-0.6581f,0.2789f,0.1078f,0.1891f,0.2058f,0.9601f,2.5398f,-0.6893f,0.7242f,-0.0195f,-0.1827f,0f,0f,0f,1f],start_interpolation: 0,interpolation_duration: 1}
$data merge entity $(bone_hugeasssword2) {transformation: [-1.0922f,0.2781f,-3.751f,-1.8707f,-3.7605f,-0.0015f,1.0948f,3.1468f,0.0763f,3.9068f,0.2674f,0.6084f,0f,0f,0f,1f],start_interpolation: 0,interpolation_duration: 1}
$data merge entity $(bone_belt) {transformation: [-0.6994f,-0.6581f,0.2789f,-0.0712f,0.1891f,0.2058f,0.9601f,2.2068f,-0.6893f,0.7242f,-0.0195f,0.3587f,0f,0f,0f,1f],start_interpolation: 0,interpolation_duration: 1}
$data merge entity $(bone_torn_part) {transformation: [-0.5802f,-0.7094f,0.4003f,0.0597f,0.1885f,0.3611f,0.9133f,2.1047f,-0.7924f,0.6053f,-0.0758f,0.0567f,0f,0f,0f,1f],start_interpolation: 0,interpolation_duration: 1}
$data merge entity $(bone_lowerbody) {transformation: [-0.5802f,-0.5562f,0.595f,0.3043f,0.1885f,0.619f,0.7624f,1.6768f,-0.7924f,0.5545f,-0.2543f,-0.1009f,0f,0f,0f,1f],start_interpolation: 0,interpolation_duration: 1}
$data merge entity $(bone_leftfoot) {transformation: [-0.9681f,0.0014f,0.2505f,0.2843f,0.1079f,0.9049f,0.4117f,0.2477f,-0.2261f,0.4256f,-0.8762f,-0.0064f,0f,0f,0f,1f],start_interpolation: 0,interpolation_duration: 1}
$data merge entity $(bone_leftlowerleg) {transformation: [-0.9681f,0.0014f,0.2505f,0.2474f,0.1079f,0.9049f,0.4117f,1.1884f,-0.2261f,0.4256f,-0.8762f,0.6004f,0f,0f,0f,1f],start_interpolation: 0,interpolation_duration: 1}
$data merge entity $(bone_leftleg) {transformation: [-0.9336f,0.3298f,0.1399f,0.5284f,0.0271f,0.4542f,-0.8905f,1.6007f,-0.3572f,-0.8276f,-0.433f,-0.1367f,0f,0f,0f,1f],start_interpolation: 0,interpolation_duration: 1}
$data merge entity $(bone_rightfoot) {transformation: [-0.736f,0.0072f,0.677f,-0.3484f,0.6561f,0.2544f,0.7105f,0.8988f,-0.167f,0.9671f,-0.192f,-1.5324f,0f,0f,0f,1f],start_interpolation: 0,interpolation_duration: 1}
$data merge entity $(bone_rightlowerleg) {transformation: [-0.736f,0.0072f,0.677f,-0.4444f,0.6561f,0.2544f,0.7105f,1.0719f,-0.167f,0.9671f,-0.192f,-0.4301f,0f,0f,0f,1f],start_interpolation: 0,interpolation_duration: 1}
$data merge entity $(bone_rightleg) {transformation: [-0.7875f,0.6151f,0.0376f,0.1214f,0.557f,0.7366f,-0.3836f,1.704f,-0.2637f,-0.2812f,-0.9227f,-0.6583f,0f,0f,0f,1f],start_interpolation: 0,interpolation_duration: 1}
data modify entity @s data merge value {"cameras":{},"locators":{"lefthand":{"posx":0.3782887385626384,"posy":2.0652183151271886,"posz":3.279565193957964,"roty":99.15572932631322,"rotx":-15.704592068645288},"sword":{"posx":-4.5707515528073905,"posy":2.4510154606993675,"posz":0.033637002433622554,"roty":66.01660709955638,"rotx":-3.863491230060944},"righthand":{"posx":-1.2092747328189146,"posy":2.202553354466679,"posz":-1.4618215962733392,"roty":66.01660709955638,"rotx":-3.863491230060944},"chest":{"posx":-0.2416829816598363,"posy":1.8117419172394593,"posz":-0.1639470785907123,"roty":86.00420347091487,"rotx":73.76760994768794}}}