# This file was generated by Animated Java via MC-Build. It is not recommended to edit this file directly.
$data merge entity $(bone_nose) { transformation: [-0.888545528934405f,0.2403887833036791f,-0.3907685707326719f,0.08409893215901318f,0.07297359489758845f,0.9149486593423397f,0.3969178822066066f,3.736935789677262f,0.45294778668009966f,0.32416382220943746f,-0.8305155741538908f,0.2932716944928985f,0f,0f,0f,1f], start_interpolation: 0, interpolation_duration: 1 }
$data merge entity $(bone_glowing_eye) { transformation: [-0.888545528934405f,0.2403887833036791f,-0.3907685707326719f,0.0029431283368093197f,0.07297359489758845f,0.9149486593423397f,0.3969178822066066f,3.7941562496615187f,0.45294778668009966f,0.32416382220943746f,-0.8305155741538908f,0.4008200524548792f,0f,0f,0f,1f], start_interpolation: 0, interpolation_duration: 1 }
$data merge entity $(bone_head) { transformation: [-0.888545528934405f,0.2403887833036791f,-0.3907685707326719f,-0.0187568923009237f,0.07297359489758845f,0.9149486593423397f,0.3969178822066066f,3.698285646468829f,0.45294778668009966f,0.32416382220943746f,-0.8305155741538908f,0.09772676490023485f,0f,0f,0f,1f], start_interpolation: 0, interpolation_duration: 1 }
$data merge entity $(bone_leftthumb2) { transformation: [-0.994092701684148f,-0.04835869683806167f,0.09716551290677189f,0.4308874606294309f,-0.10756848212681683f,0.5581562952716477f,-0.8227335970419353f,2.430880672806888f,-0.0144472181143743f,-0.8283254109881896f,-0.5600609711451084f,-0.24315668073418145f,0f,0f,0f,1f], start_interpolation: 0, interpolation_duration: 1 }
$data merge entity $(bone_leftthumb) { transformation: [-0.994092701684148f,-0.04835869683806167f,0.09716551290677189f,0.427331374739353f,-0.10756848212681683f,0.5581562952716477f,-0.8227335970419353f,2.497455561680834f,-0.0144472181143743f,-0.8283254109881896f,-0.5600609711451084f,-0.49415868578008565f,0f,0f,0f,1f], start_interpolation: 0, interpolation_duration: 1 }
$data merge entity $(bone_leftpointerfinger) { transformation: [-0.7020146706207466f,0.705502845731191f,0.09716551290677189f,0.5564825948035507f,0.34223571535363984f,0.45385476028661464f,-0.8227335970419353f,2.287510192666104f,-0.6245399245601732f,-0.5443175463186638f,-0.5600609711451084f,-0.2470371038407532f,0f,0f,0f,1f], start_interpolation: 0, interpolation_duration: 1 }
$data merge entity $(bone_leftmidfinger) { transformation: [-0.7746627386691584f,0.6248651889961253f,0.09716551290677189f,0.5716647061952338f,0.29078033035498047f,0.48842218190525144f,-0.8227335970419353f,2.158958068128302f,-0.5615553764289393f,-0.6090872415374909f,-0.5600609711451084f,-0.3345466305821764f,0f,0f,0f,1f], start_interpolation: 0, interpolation_duration: 1 }
$data merge entity $(bone_leftringfinger) { transformation: [-0.7746627386691584f,0.6248651889961253f,0.09716551290677189f,0.5868468175869168f,0.29078033035498047f,0.48842218190525144f,-0.8227335970419353f,2.0304059435904995f,-0.5615553764289393f,-0.6090872415374909f,-0.5600609711451084f,-0.4220561573235996f,0f,0f,0f,1f], start_interpolation: 0, interpolation_duration: 1 }
$data merge entity $(bone_invisibility) { transformation: [-0.03970614494985644f,-0.10101050693632124f,0.9940927016841478f,0.3617645584927733f,0.48432638432250386f,0.8682493737988081f,0.10756848212681665f,2.3540998719702233f,-0.8739859126452271f,0.4857364536314361f,0.014447218114374124f,-0.322842143715747f,0f,0f,0f,1f], start_interpolation: 0, interpolation_duration: 1 }
$data merge entity $(bone_swiftness) { transformation: [0.09716551290677167f,-0.04835869683806167f,0.994092701684148f,0.3347562213242725f,-0.8227335970419353f,0.5581562952716477f,0.10756848212681665f,2.1186510385569255f,-0.5600609711451084f,-0.8283254109881896f,0.014447218114374175f,-0.3164367934332968f,0f,0f,0f,1f], start_interpolation: 0, interpolation_duration: 1 }
$data merge entity $(bone_suspicious_stew) { transformation: [-0.0027639433494764734f,-0.10849912937656446f,0.9940927016841482f,0.38224990607707715f,0.1581591541306862f,0.9815369089431116f,0.10756848212681691f,2.173673746184002f,-0.9874097642730835f,0.15752217401664126f,0.014447218114374211f,-0.38902582216538345f,0f,0f,0f,1f], start_interpolation: 0, interpolation_duration: 1 }
$data merge entity $(bone_log) { transformation: [-0.994092701684148f,-0.04835869683806167f,0.09716551290677189f,0.2875635116069355f,-0.10756848212681683f,0.5581562952716477f,-0.8227335970419353f,2.194793100532228f,-0.0144472181143743f,-0.8283254109881896f,-0.5600609711451084f,-0.5201737832595567f,0f,0f,0f,1f], start_interpolation: 0, interpolation_duration: 1 }
$data merge entity $(bone_planks) { transformation: [-0.994092701684148f,-0.04835869683806167f,0.09716551290677189f,0.19436732082404662f,-0.10756848212681683f,0.5581562952716477f,-0.8227335970419353f,2.184708555332839f,-0.0144472181143743f,-0.8283254109881896f,-0.5600609711451084f,-0.5215282099577793f,0f,0f,0f,1f], start_interpolation: 0, interpolation_duration: 1 }
$data merge entity $(bone_lefthand1) { transformation: [-0.994092701684148f,-0.04835869683806167f,0.09716551290677189f,0.5209605905401204f,-0.10756848212681683f,0.5581562952716477f,-0.8227335970419353f,2.3869347197894046f,-0.0144472181143743f,-0.8283254109881896f,-0.5600609711451084f,-0.7061414261297259f,0f,0f,0f,1f], start_interpolation: 0, interpolation_duration: 1 }
$data merge entity $(bone_leftforearm) { transformation: [-0.6966237690123057f,0.6450790371594166f,0.3139878345805289f,0.9131319059727582f,0.2620849288497121f,0.6362207446711915f,-0.7256270764792859f,2.8726531997334463f,-0.6678523897665791f,-0.4231975896286677f,-0.6122719866330278f,-1.0726740179572098f,0f,0f,0f,1f], start_interpolation: 0, interpolation_duration: 1 }
$data merge entity $(bone_leftelbow) { transformation: [-0.6966237690123057f,0.6450790371594166f,0.3139878345805289f,1.0340842254401488f,0.2620849288497121f,0.6362207446711915f,-0.7256270764792859f,2.991944589359295f,-0.6678523897665791f,-0.4231975896286677f,-0.6122719866330278f,-1.152023566012585f,0f,0f,0f,1f], start_interpolation: 0, interpolation_duration: 1 }
$data merge entity $(bone_leftarm) { transformation: [-0.9364417750342184f,-0.16451625041202494f,0.309856749678186f,0.5732340043857427f,0.16652538505695783f,0.5689389895111607f,0.8053432326316842f,3.2287800144312455f,-0.3087816349823836f,0.8057560608300671f,-0.5053821052760166f,-0.5563249121185344f,0f,0f,0f,1f], start_interpolation: 0, interpolation_duration: 1 }
$data merge entity $(bone_rightthumb2) { transformation: [-0.8829071667624961f,-0.27622164531062654f,-0.37970585660654727f,-0.889426512938758f,-0.1552381175878937f,0.9349058755519114f,-0.3191428061327426f,2.229174331922728f,0.44314338732196906f,-0.22282864833859295f,-0.8683152260282013f,0.49840348847591776f,0f,0f,0f,1f], start_interpolation: 0, interpolation_duration: 1 }
$data merge entity $(bone_rightthumb) { transformation: [-0.8829071667624961f,-0.27622164531062654f,-0.37970585660654727f,-0.9896165130298034f,-0.1552381175878937f,0.9349058755519114f,-0.3191428061327426f,2.4311798397526787f,0.44314338732196906f,-0.22282864833859295f,-0.8683152260282013f,0.3695523852574354f,0f,0f,0f,1f], start_interpolation: 0, interpolation_duration: 1 }
$data merge entity $(bone_rightpointerfinger) { transformation: [-0.6332340395020438f,-0.6744168693579748f,-0.37970585660654727f,-1.0133479690553338f,-0.5945979622811961f,0.7379709564371542f,-0.3191428061327426f,2.0924748611885597f,0.4954471863548858f,0.023680240299035094f,-0.8683152260282013f,0.45043456726180464f,0f,0f,0f,1f], start_interpolation: 0, interpolation_duration: 1 }
$data merge entity $(bone_rightmidfinger) { transformation: [-0.6032136903393699f,-0.701396254798845f,-0.37970585660654727f,-1.0726770091501068f,-0.6262218777864251f,0.7113325727642186f,-0.3191428061327426f,2.0426087977303187f,0.4939427128410761f,0.045268804698061604f,-0.8683152260282013f,0.31476031319489817f,0f,0f,0f,1f], start_interpolation: 0, interpolation_duration: 1 }
$data merge entity $(bone_rightringfinger) { transformation: [-0.6390061677399231f,-0.6689503569391564f,-0.37970585660654727f,-1.1320060492448798f,-0.5882343546315663f,0.7430533044976676f,-0.3191428061327426f,1.9927427342720776f,0.49563238556567446f,0.01942180800212953f,-0.8683152260282013f,0.17908605912799172f,0f,0f,0f,1f], start_interpolation: 0, interpolation_duration: 1 }
$data merge entity $(bone_hugeasssword) { transformation: [-3.4580530698197767f,-1.081868110799954f,-1.487181271708977f,-0.8883294106730626f,-0.6080159605525837f,3.6617146792449864f,-1.2499759906865753f,2.278733285031909f,1.7356449336777122f,-0.8727455393261558f,-3.400901301943789f,0.16535570715041412f,0f,0f,0f,1f], start_interpolation: 0, interpolation_duration: 1 }
$data merge entity $(bone_ice) { transformation: [-0.8829071667624961f,-0.27622164531062654f,-0.37970585660654727f,-0.8702180229844201f,-0.1552381175878937f,0.9349058755519114f,-0.3191428061327426f,2.266550976313721f,0.44314338732196906f,-0.22282864833859295f,-0.8683152260282013f,0.16191328935379884f,0f,0f,0f,1f], start_interpolation: 0, interpolation_duration: 1 }
$data merge entity $(bone_righthand1) { transformation: [-0.8829071667624961f,-0.27622164531062654f,-0.37970585660654727f,-1.1718660340216553f,-0.1552381175878937f,0.9349058755519114f,-0.3191428061327426f,2.4514947031130774f,0.44314338732196906f,-0.22282864833859295f,-0.8683152260282013f,0.1898571232862616f,0f,0f,0f,1f], start_interpolation: 0, interpolation_duration: 1 }
$data merge entity $(bone_rightforearm) { transformation: [0.03461283849279165f,-0.5206820116141561f,-0.8530487642526116f,-1.5393029061973074f,-0.2088999301147648f,0.8309359271604498f,-0.5156610361003146f,3.066296860214595f,0.9773242914250715f,0.19605031939642295f,-0.08000938479354956f,0.21374423418630428f,0f,0f,0f,1f], start_interpolation: 0, interpolation_duration: 1 }
$data merge entity $(bone_rightelbow) { transformation: [0.03461283849279165f,-0.5206820116141561f,-0.8530487642526116f,-1.6369307833749616f,-0.2088999301147648f,0.8309359271604498f,-0.5156610361003146f,3.222097346557179f,0.9773242914250715f,0.19605031939642295f,-0.08000938479354956f,0.2505036690731336f,0f,0f,0f,1f], start_interpolation: 0, interpolation_duration: 1 }
$data merge entity $(bone_rightarm) { transformation: [-0.33948254809193595f,0.8186841282641141f,-0.46314997319381734f,-0.9446180260794261f,-0.02997144184351927f,0.48272695245756514f,0.8752579060167649f,3.3524877686302434f,0.9401347308842636f,0.31101605665858956f,-0.13934023211446878f,0.223045814177378f,0f,0f,0f,1f], start_interpolation: 0, interpolation_duration: 1 }
$data merge entity $(bone_chest1) { transformation: [-0.9625909896789386f,0.260421181912319f,-0.42333261829372787f,-0.2105777065357882f,0.07905472780572081f,0.9911943809542013f,0.4299943723904905f,3.1301013747469537f,0.4906934355701079f,0.35117747406022387f,-0.8997252053333816f,-0.18189918029195323f,0f,0f,0f,1f], start_interpolation: 0, interpolation_duration: 1 }
$data merge entity $(bone_chest1lid) { transformation: [-0.888545528934405f,0.2403887833036791f,-0.3907685707326719f,-0.5253292806122416f,0.07297359489758845f,0.9149486593423397f,0.3969178822066066f,2.3743737742343303f,0.45294778668009966f,0.32416382220943746f,-0.8305155741538908f,0.07619664077141539f,0f,0f,0f,1f], start_interpolation: 0, interpolation_duration: 1 }
$data merge entity $(bone_chest2) { transformation: [-0.888545528934405f,0.2403887833036791f,-0.3907685707326719f,-0.5628900280034415f,0.07297359489758845f,0.9149486593423397f,0.3969178822066066f,2.2314130462120896f,0.45294778668009966f,0.32416382220943746f,-0.8305155741538908f,0.025546043551190778f,0f,0f,0f,1f], start_interpolation: 0, interpolation_duration: 1 }
$data merge entity $(bone_chest1lid3) { transformation: [-0.888545528934405f,0.2403887833036791f,-0.3907685707326719f,-0.7201313006794593f,0.07297359489758845f,0.9149486593423397f,0.3969178822066066f,2.6240884428418383f,0.45294778668009966f,0.32416382220943746f,-0.8305155741538908f,-0.4841616355884272f,0f,0f,0f,1f], start_interpolation: 0, interpolation_duration: 1 }
$data merge entity $(bone_chest3) { transformation: [-0.888545528934405f,0.2403887833036791f,-0.3907685707326719f,-0.7576920480706592f,0.07297359489758845f,0.9149486593423397f,0.3969178822066066f,2.4811277148195976f,0.45294778668009966f,0.32416382220943746f,-0.8305155741538908f,-0.5348122328086518f,0f,0f,0f,1f], start_interpolation: 0, interpolation_duration: 1 }
$data merge entity $(bone_hugeasssword2) { transformation: [1.5305102353696312f,3.2019094244759794f,-1.6569828709610956f,-1.1299151976466038f,-1.5545950386425424f,2.2102869266585583f,2.835162031603843f,4.38677983305052f,3.2528526654360728f,-0.45020608289087133f,2.1346057710198543f,0.5322544649435388f,0f,0f,0f,1f], start_interpolation: 0, interpolation_duration: 1 }
$data merge entity $(bone_belt) { transformation: [-0.888545528934405f,0.2403887833036791f,-0.3907685707326719f,-0.22672018514895131f,0.07297359489758845f,0.9149486593423397f,0.3969178822066066f,2.711355079167993f,0.45294778668009966f,0.32416382220943746f,-0.8305155741538908f,-0.21681414206958904f,0f,0f,0f,1f], start_interpolation: 0, interpolation_duration: 1 }
$data merge entity $(bone_torn_part) { transformation: [-0.9129439555968135f,-0.11575289147343654f,-0.39132416492568156f,-0.18733866195208604f,-0.16475326140557128f,0.9818517843112996f,0.09393314910586514f,2.3457110928393043f,0.3733492959622004f,0.15022763314469145f,-0.915446318166321f,-0.023752193952354006f,0f,0f,0f,1f], start_interpolation: 0, interpolation_duration: 1 }
$data merge entity $(bone_lowerbody) { transformation: [-0.9129439555968135f,-0.22806894057565544f,-0.3384049235515662f,0.06076600097656105f,-0.16475326140557128f,0.9646549325219117f,-0.2056628892566022f,1.919698706054687f,0.3733492959622004f,-0.1320053768065683f,-0.918250991667684f,0.13337270996093759f,0f,0f,0f,1f], start_interpolation: 0, interpolation_duration: 1 }
$data merge entity $(bone_leftfoot) { transformation: [-0.8601356954378999f,0.08079291643123376f,-0.5036192409267356f,0.4375649265930945f,-0.17795443811725675f,0.8777886685078918f,0.4447674226729803f,0.28197835987777253f,0.47799496293306054f,0.4721723724879064f,-0.7406641844694376f,-0.22621283613311577f,0f,0f,0f,1f], start_interpolation: 0, interpolation_duration: 1 }
$data merge entity $(bone_leftlowerleg) { transformation: [-0.8601356954378999f,0.08079291643123376f,-0.5036192409267356f,0.6045734612932083f,-0.17795443811725675f,0.8777886685078918f,0.4447674226729803f,1.1874385953674857f,0.47799496293306054f,0.4721723724879064f,-0.7406641844694376f,0.4114032011335775f,0f,0f,0f,1f], start_interpolation: 0, interpolation_duration: 1 }
$data merge entity $(bone_leftleg) { transformation: [-0.8613551043330463f,-0.36988139249855967f,-0.34819830496133625f,0.24735831408118053f,-0.07083652763605933f,0.7662100439921609f,-0.6386825179739744f,1.9247698086791734f,0.5030190497947665f,-0.5254742669845551f,-0.6861856211499769f,-0.022266818719158928f,0f,0f,0f,1f], start_interpolation: 0, interpolation_duration: 1 }
$data merge entity $(bone_rightfoot) { transformation: [-0.9547103040418067f,0.2869889309982168f,0.07838709335831767f,-0.5806119163267751f,0.2702390758361655f,0.7263812737043251f,0.6319320827215925f,0.28289435177472877f,0.12441695486076104f,0.6244996626959165f,-0.7710556157113659f,-0.2703767849821075f,0f,0f,0f,1f], start_interpolation: 0, interpolation_duration: 1 }
$data merge entity $(bone_rightlowerleg) { transformation: [-0.9547103040418067f,0.2869889309982168f,0.07838709335831767f,-0.27427740495160047f,0.2702390758361655f,0.7263812737043251f,0.6319320827215925f,0.9916299774831536f,0.12441695486076104f,0.6244996626959165f,-0.7710556157113659f,0.5408968503069076f,0f,0f,0f,1f], start_interpolation: 0, interpolation_duration: 1 }
$data merge entity $(bone_rightleg) { transformation: [-0.9837967779824988f,-0.0031257424861905886f,-0.17920606873382505f,-0.2412778838417809f,0.08217279930810838f,0.8807071713369583f,-0.46648606831171957f,1.8256410845976634f,0.1592829621769569f,-0.4736556125970606f,-0.8661936283590764f,0.1368040929103962f,0f,0f,0f,1f], start_interpolation: 0, interpolation_duration: 1 }
data modify entity @s data merge value {"locators":{"lefthand":{"posx":0.3830195144411296,"posy":2.1741268976173,"posz":-0.44535548115373946,"roty":9.842331385398523,"rotx":-55.35938097912873},"righthand":{"posx":-0.9427417026509481,"posy":2.2423761048301816,"posz":0.2205071049522146,"roty":336.3807059913364,"rotx":-18.61109336064963},"chest":{"posx":-0.5070630381709417,"posy":2.2574514887712014,"posz":0.1998590786786241,"roty":334.8023944917976,"rotx":23.385641262482647},"sack":{"posx":0,"posy":-0.4375,"posz":0,"roty":0,"rotx":0}},"cameras":{}}