# This file was generated by Animated Java via MC-Build. It is not recommended to edit this file directly.
$data merge entity $(bone_nose) { transformation: [0.8151117823006117f,-0.34150570108479017f,0.46793871231316897f,-0.03042351271078525f,0.06146798274826438f,0.8541866625535114f,0.5163204747175469f,3.650476721295145f,-0.5760333926532207f,-0.3920956536896065f,0.7172492794741177f,-0.4523255053845326f,0f,0f,0f,1f], start_interpolation: 0, interpolation_duration: 1 }
$data merge entity $(bone_glowing_eye) { transformation: [0.8151117823006117f,-0.34150570108479017f,0.46793871231316897f,0.0320137355516663f,0.06146798274826438f,0.8541866625535114f,0.5163204747175469f,3.697978270794619f,-0.5760333926532207f,-0.3920956536896065f,0.7172492794741177f,-0.5759066028862068f,0f,0f,0f,1f], start_interpolation: 0, interpolation_duration: 1 }
$data merge entity $(bone_head) { transformation: [0.8151117823006117f,-0.34150570108479017f,0.46793871231316897f,0.0993684076280511f,0.06146798274826438f,0.8541866625535114f,0.5163204747175469f,3.6416880120295927f,-0.5760333926532207f,-0.3920956536896065f,0.7172492794741177f,-0.26960224553793194f,0f,0f,0f,1f], start_interpolation: 0, interpolation_duration: 1 }
$data merge entity $(bone_leftthumb2) { transformation: [-0.09075813980830766f,-0.184860024959976f,-0.9785651389817303f,-0.5317703544264545f,-0.8040947088099928f,-0.5661113473646666f,0.18152036152656353f,3.7415448591353626f,-0.5875326878755844f,0.803333500830607f,-0.09726575512960814f,-0.578020107312484f,0f,0f,0f,1f], start_interpolation: 0, interpolation_duration: 1 }
$data merge entity $(bone_leftthumb) { transformation: [-0.09075813980830766f,-0.184860024959976f,-0.9785651389817303f,-0.6607316194622326f,-0.8040947088099928f,-0.5661113473646666f,0.18152036152656353f,3.6182225733244398f,-0.5875326878755844f,0.803333500830607f,-0.09726575512960814f,-0.3893206795040224f,0f,0f,0f,1f], start_interpolation: 0, interpolation_duration: 1 }
$data merge entity $(bone_leftpointerfinger) { transformation: [-0.09075813980830766f,-0.184860024959976f,-0.9785651389817303f,-0.6360179931204754f,-0.8040947088099928f,-0.5661113473646666f,0.18152036152656353f,3.9004344849011217f,-0.5875326878755844f,0.803333500830607f,-0.09726575512960814f,-0.5932124289993735f,0f,0f,0f,1f], start_interpolation: 0, interpolation_duration: 1 }
$data merge entity $(bone_leftmidfinger) { transformation: [-0.09075813980830766f,-0.184860024959976f,-0.9785651389817303f,-0.7889187960863707f,-0.8040947088099928f,-0.5661113473646666f,0.18152036152656353f,3.928797041389647f,-0.5875326878755844f,0.803333500830607f,-0.09726575512960814f,-0.6084102032383748f,0f,0f,0f,1f], start_interpolation: 0, interpolation_duration: 1 }
$data merge entity $(bone_leftringfinger) { transformation: [-0.09075813980830766f,-0.184860024959976f,-0.9785651389817303f,-0.9418195990522661f,-0.8040947088099928f,-0.5661113473646666f,0.18152036152656353f,3.957159597878173f,-0.5875326878755844f,0.803333500830607f,-0.09726575512960814f,-0.6236079774773761f,0f,0f,0f,1f], start_interpolation: 0, interpolation_duration: 1 }
$data merge entity $(bone_invisibility) { transformation: [-0.2694441482691538f,0.9587297904112742f,0.09075813980830741f,-0.6426740489713515f,-0.5481365808415845f,-0.23016947670590449f,0.8040947088099926f,3.682075787083533f,0.7917993051946984f,0.16691075750497372f,0.5875326878755843f,-0.6124706514748979f,0f,0f,0f,1f], start_interpolation: 0, interpolation_duration: 1 }
$data merge entity $(bone_swiftness) { transformation: [-0.9785651389817303f,-0.184860024959976f,0.09075813980830744f,-0.8058488131783275f,0.18152036152656337f,-0.5661113473646666f,0.8040947088099928f,3.7508921192011364f,-0.09726575512960826f,0.803333500830607f,0.5875326878755844f,-0.7700934312512002f,0f,0f,0f,1f], start_interpolation: 0, interpolation_duration: 1 }
$data merge entity $(bone_suspicious_stew) { transformation: [-0.5810995781695207f,0.8087559831678165f,0.09075813980830766f,-0.817489698860427f,-0.4363573027875077f,-0.40376231073217306f,0.8040947088099929f,3.742647324277482f,0.6869611230304208f,0.4276561190050657f,0.5875326878755847f,-0.6683642384131341f,0f,0f,0f,1f], start_interpolation: 0, interpolation_duration: 1 }
$data merge entity $(bone_log) { transformation: [-0.09075813980830766f,-0.184860024959976f,-0.9785651389817303f,-0.8949760184772215f,-0.8040947088099928f,-0.5661113473646666f,0.18152036152656353f,3.60500829385252f,-0.5875326878755844f,0.803333500830607f,-0.09726575512960814f,-0.6275880725693447f,0f,0f,0f,1f], start_interpolation: 0, interpolation_duration: 1 }
$data merge entity $(bone_planks) { transformation: [-0.09075813980830766f,-0.184860024959976f,-0.9785651389817303f,-0.9034845940842503f,-0.8040947088099928f,-0.5661113473646666f,0.18152036152656353f,3.529624414901583f,-0.5875326878755844f,0.803333500830607f,-0.09726575512960814f,-0.6826692620576807f,0f,0f,0f,1f], start_interpolation: 0, interpolation_duration: 1 }
$data merge entity $(bone_lefthand1) { transformation: [-0.09075813980830766f,-0.184860024959976f,-0.9785651389817303f,-0.8879213291719594f,-0.8040947088099928f,-0.5661113473646666f,0.18152036152656353f,3.658831622916146f,-0.5875326878755844f,0.803333500830607f,-0.09726575512960814f,-0.27683197054499653f,0f,0f,0f,1f], start_interpolation: 0, interpolation_duration: 1 }
$data merge entity $(bone_leftforearm) { transformation: [0.39173590099890515f,0.03441325409136514f,-0.9194339083432911f,-0.822762747076611f,-0.8145096526874832f,-0.45179681332081134f,-0.3639418430904517f,3.2789214039992087f,-0.4279217329693496f,0.8914568791680297f,-0.1489551040968585f,0.32403257200397917f,0f,0f,0f,1f], start_interpolation: 0, interpolation_duration: 1 }
$data merge entity $(bone_leftelbow) { transformation: [0.39173590099890515f,0.03441325409136514f,-0.9194339083432911f,-0.8163102619344801f,-0.8145096526874832f,-0.45179681332081134f,-0.3639418430904517f,3.1942095015015566f,-0.4279217329693496f,0.8914568791680297f,-0.1489551040968585f,0.49118073684798474f,0f,0f,0f,1f], start_interpolation: 0, interpolation_duration: 1 }
$data merge entity $(bone_leftarm) { transformation: [0.2998638438767222f,0.924179273682433f,0.23658897952205543f,-0.39862785225624064f,-0.8263522500425796f,0.37555144983823674f,-0.41964635989600096f,3.216846830320796f,-0.47667980236742014f,-0.06966906501603881f,0.8763119235721654f,0.23857447134040866f,0f,0f,0f,1f], start_interpolation: 0, interpolation_duration: 1 }
$data merge entity $(bone_rightthumb2) { transformation: [0.7288366048703417f,0.5127083958498687f,0.45379213768654947f,0.19850135130392543f,0.5885517393354005f,-0.8078022395899314f,-0.03259435286620027f,3.6906753475204113f,0.34986290675970333f,0.29083610941309573f,-0.890511259858687f,-1.4390618088508709f,0f,0f,0f,1f], start_interpolation: 0, interpolation_duration: 1 }
$data merge entity $(bone_rightthumb) { transformation: [0.7288366048703417f,0.5127083958498687f,0.45379213768654947f,0.36301918167948516f,0.5885517393354005f,-0.8078022395899314f,-0.03259435286620027f,3.489782474867714f,0.34986290675970333f,0.29083610941309573f,-0.890511259858687f,-1.4438373002775036f,0f,0f,0f,1f], start_interpolation: 0, interpolation_duration: 1 }
$data merge entity $(bone_rightpointerfinger) { transformation: [0.7288366048703417f,0.5127083958498687f,0.45379213768654947f,0.29577474940299764f,0.5885517393354005f,-0.8078022395899314f,-0.03259435286620027f,3.8176875709323665f,0.34986290675970333f,0.29083610941309573f,-0.890511259858687f,-1.5427443585577092f,0f,0f,0f,1f], start_interpolation: 0, interpolation_duration: 1 }
$data merge entity $(bone_rightmidfinger) { transformation: [0.7288366048703417f,0.5127083958498687f,0.45379213768654947f,0.366679770916521f,0.5885517393354005f,-0.8078022395899314f,-0.03259435286620027f,3.8125947032970227f,0.34986290675970333f,0.29083610941309573f,-0.890511259858687f,-1.681886742910629f,0f,0f,0f,1f], start_interpolation: 0, interpolation_duration: 1 }
$data merge entity $(bone_rightringfinger) { transformation: [0.7288366048703417f,0.5127083958498687f,0.45379213768654947f,0.43758479243004433f,0.5885517393354005f,-0.8078022395899314f,-0.03259435286620027f,3.8075018356616788f,0.34986290675970333f,0.29083610941309573f,-0.890511259858687f,-1.8210291272635488f,0f,0f,0f,1f], start_interpolation: 0, interpolation_duration: 1 }
$data merge entity $(bone_hugeasssword) { transformation: [2.854610035742172f,2.0081078837453195f,1.7773525392723188f,0.27013593850348866f,2.3051609790636522f,-3.163892105060565f,-0.12766121539261774f,3.4926851043828866f,1.370296384808838f,1.1391080952012917f,-3.4878357677798575f,-1.701828754358848f,0f,0f,0f,1f], start_interpolation: 0, interpolation_duration: 1 }
$data merge entity $(bone_ice) { transformation: [0.7288366048703417f,0.5127083958498687f,0.45379213768654947f,0.2507367978672354f,0.5885517393354005f,-0.8078022395899314f,-0.03259435286620027f,3.4961108934493637f,0.34986290675970333f,0.29083610941309573f,-0.890511259858687f,-1.711839676486548f,0f,0f,0f,1f], start_interpolation: 0, interpolation_duration: 1 }
$data merge entity $(bone_righthand1) { transformation: [0.7288366048703417f,0.5127083958498687f,0.45379213768654947f,0.5753040523499927f,0.5885517393354005f,-0.8078022395899314f,-0.03259435286620027f,3.440279694858662f,0.34986290675970333f,0.29083610941309573f,-0.890511259858687f,-1.5794933993139322f,0f,0f,0f,1f], start_interpolation: 0, interpolation_duration: 1 }
$data merge entity $(bone_rightforearm) { transformation: [0.7053135307732878f,0.6495963328843309f,0.2838264040066541f,0.9753553369573873f,0.5963532421988369f,-0.32723945707061386f,-0.732991915545503f,3.152626324898834f,-0.38326966202277735f,0.6862499122326795f,-0.618195296110854f,-1.0646931586934256f,0f,0f,0f,1f], start_interpolation: 0, interpolation_duration: 1 }
$data merge entity $(bone_rightelbow) { transformation: [0.7053135307732878f,0.6495963328843309f,0.2838264040066541f,1.0971546493731994f,0.5963532421988369f,-0.32723945707061386f,-0.732991915545503f,3.091268926698094f,-0.38326966202277735f,0.6862499122326795f,-0.618195296110854f,-0.9360213001497982f,0f,0f,0f,1f], start_interpolation: 0, interpolation_duration: 1 }
$data merge entity $(bone_rightarm) { transformation: [0.7096241154397442f,-0.2840834285051019f,0.6447714482164572f,0.7792695949532135f,0.6369274235915776f,0.6499218542627947f,-0.4146384454299986f,3.2293994662139816f,-0.3012591440327675f,0.7049100573834918f,0.6421407471390109f,-0.648697314095266f,0f,0f,0f,1f], start_interpolation: 0, interpolation_duration: 1 }
$data merge entity $(bone_chest1) { transformation: [0.8428477837659942f,-0.24988800745930645f,0.6330676964115929f,0.3003594153697799f,0.07243233040905434f,1.034883038634058f,0.31206051491684034f,3.038118924325526f,-0.6767364937871878f,-0.20045994908376963f,0.8218604734996491f,-0.08759611430737561f,0f,0f,0f,1f], start_interpolation: 0, interpolation_duration: 1 }
$data merge entity $(bone_chest1lid) { transformation: [0.7780133388609178f,-0.23066585303935982f,0.5843701813030089f,0.49496713734284137f,0.06686061268528093f,0.9552766510468228f,0.28805585992323723f,2.295341865194954f,-0.6246798404189426f,-0.18503995300040274f,0.7586404370765992f,-0.4712838615555009f,0f,0f,0f,1f], start_interpolation: 0, interpolation_duration: 1 }
$data merge entity $(bone_chest2) { transformation: [0.7780133388609178f,-0.23066585303935982f,0.5843701813030089f,0.5310086768802413f,0.06686061268528093f,0.9552766510468228f,0.28805585992323723f,2.146079888468888f,-0.6246798404189426f,-0.18503995300040274f,0.7586404370765992f,-0.442371368899188f,0f,0f,0f,1f], start_interpolation: 0, interpolation_duration: 1 }
$data merge entity $(bone_chest1lid3) { transformation: [0.7780133388609178f,-0.23066585303935982f,0.5843701813030089f,0.820703451061274f,0.06686061268528093f,0.9552766510468228f,0.28805585992323723f,2.475698862165448f,-0.6246798404189426f,-0.18503995300040274f,0.7586404370765992f,0.05376265847287938f,0f,0f,0f,1f], start_interpolation: 0, interpolation_duration: 1 }
$data merge entity $(bone_chest3) { transformation: [0.7780133388609178f,-0.23066585303935982f,0.5843701813030089f,0.8567449905986739f,0.06686061268528093f,0.9552766510468228f,0.28805585992323723f,2.326436885439382f,-0.6246798404189426f,-0.18503995300040274f,0.7586404370765992f,0.08267515112919231f,0f,0f,0f,1f], start_interpolation: 0, interpolation_duration: 1 }
$data merge entity $(bone_hugeasssword2) { transformation: [-2.288783210103451f,-2.857001509922769f,1.3925844919520483f,1.1460880322046263f,-1.1282187846993457f,2.334649551499323f,2.935440618257049f,4.305217581809987f,-2.9713417118833476f,1.3142418429500755f,-2.187275608431436f,-0.8709489709415961f,0f,0f,0f,1f], start_interpolation: 0, interpolation_duration: 1 }
$data merge entity $(bone_belt) { transformation: [0.7780133388609178f,-0.23066585303935982f,0.5843701813030089f,0.2908262322258894f,0.06686061268528093f,0.9552766510468228f,0.28805585992323723f,2.6177548818619f,-0.6246798404189426f,-0.18503995300040274f,0.7586404370765992f,-0.09318936520432648f,0f,0f,0f,1f], start_interpolation: 0, interpolation_duration: 1 }
$data merge entity $(bone_torn_part) { transformation: [0.8102953166133994f,-0.33848138699237307f,0.47838462614731947f,0.4514033150894607f,0.06679438544235035f,0.8643504266711819f,0.4984343988798572f,2.3508008436047976f,-0.5822027223809332f,-0.3719256519427846f,0.7229877588722822f,-0.11460470569417235f,0f,0f,0f,1f], start_interpolation: 0, interpolation_duration: 1 }
$data merge entity $(bone_lowerbody) { transformation: [0.8102953166133994f,-0.17896240481121414f,0.5580268430269089f,0.381184375f,0.06679438544235035f,0.9742277677183677f,0.21545014894370562f,1.838283125f,-0.5822027223809332f,-0.13730518661242666f,0.8013658813435703f,-0.10339749999999996f,0f,0f,0f,1f], start_interpolation: 0, interpolation_duration: 1 }
$data merge entity $(bone_leftfoot) { transformation: [0.654217054733485f,-0.21127712568950377f,0.7261969577574849f,0.01667237649042763f,-0.22664726429355564f,0.8612906667112111f,0.454763020731023f,0.22258877913561992f,-0.7215476858005241f,-0.46210427783838925f,0.5155856606999165f,0.2510575528916137f,0f,0f,0f,1f], start_interpolation: 0, interpolation_duration: 1 }
$data merge entity $(bone_leftlowerleg) { transformation: [0.654217054733485f,-0.21127712568950377f,0.7261969577574849f,-0.329290170269113f,-0.22664726429355564f,0.8612906667112111f,0.454763020731023f,1.1082107639712637f,-0.7215476858005241f,-0.46210427783838925f,0.5155856606999165f,-0.340806861414626f,0f,0f,0f,1f], start_interpolation: 0, interpolation_duration: 1 }
$data merge entity $(bone_leftleg) { transformation: [0.7663240919165987f,0.5419818986332758f,0.3449681256320218f,0.2549605159925654f,-0.1583713905629718f,0.6797471904669337f,-0.7161440216209732f,1.8087608564588018f,-0.6226282107320158f,0.4941653352939482f,0.6067410754139436f,0.15748233259748737f,0f,0f,0f,1f], start_interpolation: 0, interpolation_duration: 1 }
$data merge entity $(bone_rightfoot) { transformation: [0.9985619781877682f,-0.052590907765222045f,-0.010400583549085317f,0.5900507593459979f,0.04392358501490841f,0.6913726833380791f,0.7211619314781829f,0.3552842995242088f,-0.030735881265545273f,-0.7205817158062888f,0.6926884555472943f,0.19490481163312323f,0f,0f,0f,1f], start_interpolation: 0, interpolation_duration: 1 }
$data merge entity $(bone_rightlowerleg) { transformation: [0.9985619781877682f,-0.052590907765222045f,-0.010400583549085317f,0.5333057252037187f,0.04392358501490841f,0.6913726833380791f,0.7211619314781829f,1.0114724944142177f,-0.030735881265545273f,-0.7205817158062888f,0.6926884555472943f,-0.7109190800223272f,0f,0f,0f,1f], start_interpolation: 0, interpolation_duration: 1 }
$data merge entity $(bone_rightleg) { transformation: [0.956326219946436f,0.14332471459490434f,0.2547512261584831f,0.6585536530690175f,0.030407744429120392f,0.8180263068569131f,-0.574376470939377f,1.8568727468355637f,-0.2907155484691086f,0.5570376894576605f,0.7779418245614365f,-0.1175741656005366f,0f,0f,0f,1f], start_interpolation: 0, interpolation_duration: 1 }
data modify entity @s data merge value {"locators":{"lefthand":{"posx":-0.8567351731236049,"posy":3.721783366167468,"posz":-0.6337475354094997,"roty":275.67634416058195,"rotx":10.458329097899806},"righthand":{"posx":0.30396365873732345,"posy":3.5644188157691845,"posz":-1.6696701047521134,"roty":27.002757587993443,"rotx":-1.8678496861787115},"chest":{"posx":0.4423888291686099,"posy":2.1927177405379368,"posz":-0.5977776777992863,"roty":142.39343951645992,"rotx":16.74159893377519},"sack":{"posx":0,"posy":-0.4375,"posz":0,"roty":0,"rotx":0}},"cameras":{}}