# This file was generated by Animated Java via MC-Build. It is not recommended to edit this file directly.
$data merge entity $(bone_nose) { transformation: [0.3276052699127494f,-0.3381018062761824f,0.882248239283127f,-0.19957272979740853f,-0.024428854384691667f,0.9304358044237225f,0.3656397748055205f,3.6564683851711544f,-0.9444988185269722f,-0.14133783088459753f,0.2965562330519976f,-0.6313131343505569f,0f,0f,0f,1f], start_interpolation: 0, interpolation_duration: 1 }
$data merge entity $(bone_glowing_eye) { transformation: [0.3276052699127494f,-0.3381018062761824f,0.882248239283127f,-0.21230091413532276f,-0.024428854384691667f,0.9304358044237225f,0.3656397748055205f,3.7036536136567673f,-0.9444988185269722f,-0.14133783088459753f,0.2965562330519976f,-0.7692937212871869f,0f,0f,0f,1f], start_interpolation: 0, interpolation_duration: 1 }
$data merge entity $(bone_head) { transformation: [0.3276052699127494f,-0.3381018062761824f,0.882248239283127f,0.0073804187203916904f,-0.024428854384691667f,0.9304358044237225f,0.3656397748055205f,3.61004895568401f,-0.9444988185269722f,-0.14133783088459753f,0.2965562330519976f,-0.5583295432534966f,0f,0f,0f,1f], start_interpolation: 0, interpolation_duration: 1 }
$data merge entity $(bone_leftthumb2) { transformation: [-0.6784693618064714f,0.10954278576989834f,-0.7264156545502647f,-0.42554892632427804f,-0.7164044623334223f,-0.3175423213542587f,0.621233869406449f,3.692409868478529f,-0.16261602454456864f,0.9418955633374216f,0.29391967665775853f,-0.3585141579510376f,0f,0f,0f,1f], start_interpolation: 0, interpolation_duration: 1 }
$data merge entity $(bone_leftthumb) { transformation: [-0.6784693618064714f,0.10954278576989834f,-0.7264156545502647f,-0.460762045483833f,-0.7164044623334223f,-0.3175423213542587f,0.621233869406449f,3.667624089128609f,-0.16261602454456864f,0.9418955633374216f,0.29391967665775853f,-0.1024036944912795f,0f,0f,0f,1f], start_interpolation: 0, interpolation_duration: 1 }
$data merge entity $(bone_leftpointerfinger) { transformation: [-0.6784693618064714f,0.10954278576989834f,-0.7264156545502647f,-0.45654891942404163f,-0.7164044623334223f,-0.3175423213542587f,0.621233869406449f,3.8792947390191204f,-0.16261602454456864f,0.9418955633374216f,0.29391967665775853f,-0.3798995636834763f,0f,0f,0f,1f], start_interpolation: 0, interpolation_duration: 1 }
$data merge entity $(bone_leftmidfinger) { transformation: [-0.6784693618064714f,0.10954278576989834f,-0.7264156545502647f,-0.5700513654475206f,-0.7164044623334223f,-0.3175423213542587f,0.621233869406449f,3.976362531113878f,-0.16261602454456864f,0.9418955633374216f,0.29391967665775853f,-0.33397461420570157f,0f,0f,0f,1f], start_interpolation: 0, interpolation_duration: 1 }
$data merge entity $(bone_leftringfinger) { transformation: [-0.6784693618064714f,0.10954278576989834f,-0.7264156545502647f,-0.6835538114709994f,-0.7164044623334223f,-0.3175423213542587f,0.621233869406449f,4.073430323208636f,-0.16261602454456864f,0.9418955633374216f,0.29391967665775853f,-0.2880496647279268f,0f,0f,0f,1f], start_interpolation: 0, interpolation_duration: 1 }
$data merge entity $(bone_invisibility) { transformation: [0.04581464648231792f,0.7331987065302417f,0.6784693618064712f,-0.5490801933644767f,-0.26218987764473717f,-0.6465455238491701f,0.7164044623334223f,3.69082415251453f,0.9639281540801355f,-0.21070961613790218f,0.16261602454456872f,-0.3165552309411075f,0f,0f,0f,1f], start_interpolation: 0, interpolation_duration: 1 }
$data merge entity $(bone_swiftness) { transformation: [-0.7264156545502648f,0.10954278576989834f,0.6784693618064713f,-0.7354538749000421f,0.6212338694064489f,-0.3175423213542587f,0.7164044623334224f,3.812993508704009f,0.2939196766577585f,0.9418955633374216f,0.1626160245445687f,-0.3974633960646538f,0f,0f,0f,1f], start_interpolation: 0, interpolation_duration: 1 }
$data merge entity $(bone_suspicious_stew) { transformation: [-0.20771704147031894f,0.7046509460525384f,0.6784693618064715f,-0.6904179466756153f,-0.025246300534056743f,-0.6972282772938173f,0.7164044623334224f,3.82219029934172f,0.9778631064684679f,0.1316805740007171f,0.16261602454456878f,-0.3055966460992194f,0f,0f,0f,1f], start_interpolation: 0, interpolation_duration: 1 }
$data merge entity $(bone_log) { transformation: [-0.6784693618064714f,0.10954278576989834f,-0.7264156545502647f,-0.7743823349307783f,-0.7164044623334223f,-0.3175423213542587f,0.621233869406449f,3.7444549284571065f,-0.16261602454456864f,0.9418955633374216f,0.29391967665775853f,-0.18932746813976256f,0f,0f,0f,1f], start_interpolation: 0, interpolation_duration: 1 }
$data merge entity $(bone_planks) { transformation: [-0.6784693618064714f,0.10954278576989834f,-0.7264156545502647f,-0.8379888376001351f,-0.7164044623334223f,-0.3175423213542587f,0.621233869406449f,3.6772920101133484f,-0.16261602454456864f,0.9418955633374216f,0.29391967665775853f,-0.20457272044081587f,0f,0f,0f,1f], start_interpolation: 0, interpolation_duration: 1 }
$data merge entity $(bone_lefthand1) { transformation: [-0.6784693618064714f,0.10954278576989834f,-0.7264156545502647f,-0.5546788088319902f,-0.7164044623334223f,-0.3175423213542587f,0.621233869406449f,3.824756905282946f,-0.16261602454456864f,0.9418955633374216f,0.29391967665775853f,0.07761543893518008f,0f,0f,0f,1f], start_interpolation: 0, interpolation_duration: 1 }
$data merge entity $(bone_leftforearm) { transformation: [-0.25060679244646233f,0.4665463568788216f,-0.84825157380508f,-0.23224946191310217f,-0.8892414145432151f,-0.45730114470606775f,0.011196861689857174f,3.427912336324008f,-0.38268256066990763f,0.7571064389724996f,0.5294751153977902f,0.5850051762490112f,0f,0f,0f,1f], start_interpolation: 0, interpolation_duration: 1 }
$data merge entity $(bone_leftelbow) { transformation: [-0.25060679244646233f,0.4665463568788216f,-0.84825157380508f,-0.14477201999832312f,-0.8892414145432151f,-0.45730114470606775f,0.011196861689857174f,3.34216837169162f,-0.38268256066990763f,0.7571064389724996f,0.5294751153977902f,0.7269626335563548f,0f,0f,0f,1f], start_interpolation: 0, interpolation_duration: 1 }
$data merge entity $(bone_leftarm) { transformation: [-0.3412540068354619f,0.5565624770648137f,0.7574852552639038f,-0.10391217291844079f,-0.871655973669692f,0.1142313413038101f,-0.47662046140495623f,3.264135340605037f,-0.35179762134597153f,-0.8229151899117012f,0.4461491049278314f,0.236098018884342f,0f,0f,0f,1f], start_interpolation: 0, interpolation_duration: 1 }
$data merge entity $(bone_rightthumb2) { transformation: [0.3737603445108745f,0.794652398646694f,-0.47836259280609417f,-0.4143605922161314f,0.8417867773730767f,-0.5071857914893053f,-0.18481773278345737f,3.1900381820931f,-0.38948456492005284f,-0.3336017659372075f,-0.8584938179466489f,-0.9974117337594277f,0f,0f,0f,1f], start_interpolation: 0, interpolation_duration: 1 }
$data merge entity $(bone_rightthumb) { transformation: [0.3737603445108745f,0.794652398646694f,-0.47836259280609417f,-0.2603577226157463f,0.8417867773730767f,-0.5071857914893053f,-0.18481773278345737f,3.049860609224442f,-0.38948456492005284f,-0.3336017659372075f,-0.8584938179466489f,-1.152589800289459f,0f,0f,0f,1f], start_interpolation: 0, interpolation_duration: 1 }
$data merge entity $(bone_rightpointerfinger) { transformation: [0.3737603445108745f,0.794652398646694f,-0.47836259280609417f,-0.5026462497786016f,0.8417867773730767f,-0.5071857914893053f,-0.18481773278345737f,3.2996880446078256f,-0.38948456492005284f,-0.3336017659372075f,-0.8584938179466489f,-1.1259684928456928f,0f,0f,0f,1f], start_interpolation: 0, interpolation_duration: 1 }
$data merge entity $(bone_rightmidfinger) { transformation: [0.3737603445108745f,0.794652398646694f,-0.47836259280609417f,-0.5773904049045538f,0.8417867773730767f,-0.5071857914893053f,-0.18481773278345737f,3.2708102738604103f,-0.38948456492005284f,-0.3336017659372075f,-0.8584938179466489f,-1.2601081518998567f,0f,0f,0f,1f], start_interpolation: 0, interpolation_duration: 1 }
$data merge entity $(bone_rightringfinger) { transformation: [0.3737603445108745f,0.794652398646694f,-0.47836259280609417f,-0.652134560030506f,0.8417867773730767f,-0.5071857914893053f,-0.18481773278345737f,3.2419325031129955f,-0.38948456492005284f,-0.3336017659372075f,-0.8584938179466489f,-1.3942478109540206f,0f,0f,0f,1f], start_interpolation: 0, interpolation_duration: 1 }
$data merge entity $(bone_hugeasssword) { transformation: [1.4638946826675918f,3.1123885613662186f,-1.873586821823869f,-0.5077823124275498f,3.296998211377884f,-1.9864776833331126f,-0.7238694534018747f,2.947076324299163f,-1.5254812126035404f,-1.3066069165873961f,-3.362434120291042f,-1.2110002071435464f,0f,0f,0f,1f], start_interpolation: 0, interpolation_duration: 1 }
$data merge entity $(bone_ice) { transformation: [0.3737603445108745f,0.794652398646694f,-0.47836259280609417f,-0.5260387615393869f,0.8417867773730767f,-0.5071857914893053f,-0.18481773278345737f,2.9418481838947295f,-0.38948456492005284f,-0.3336017659372075f,-0.8584938179466489f,-1.1997019832239018f,0f,0f,0f,1f], start_interpolation: 0, interpolation_duration: 1 }
$data merge entity $(bone_righthand1) { transformation: [0.3737603445108745f,0.794652398646694f,-0.47836259280609417f,-0.2488844067751852f,0.8417867773730767f,-0.5071857914893053f,-0.18481773278345737f,3.019722876216189f,-0.38948456492005284f,-0.3336017659372075f,-0.8584938179466489f,-1.4073014977490497f,0f,0f,0f,1f], start_interpolation: 0, interpolation_duration: 1 }
$data merge entity $(bone_rightforearm) { transformation: [-0.12904260774731788f,0.9876152833809833f,-0.08924156777014014f,0.4611465860399627f,0.4385449194981406f,-0.02387865984478932f,-0.8983919874900859f,2.960533138736943f,-0.8893966263530244f,-0.15506728099866054f,-0.4300323004095637f,-1.4464706614494842f,0f,0f,0f,1f], start_interpolation: 0, interpolation_duration: 1 }
$data merge entity $(bone_rightelbow) { transformation: [-0.12904260774731788f,0.9876152833809833f,-0.08924156777014014f,0.6463244516738971f,0.4385449194981406f,-0.02387865984478932f,-0.8983919874900859f,2.956055890016045f,-0.8893966263530244f,-0.15506728099866054f,-0.4300323004095637f,-1.475545776636733f,0f,0f,0f,1f], start_interpolation: 0, interpolation_duration: 1 }
$data merge entity $(bone_rightarm) { transformation: [-0.10480565196856323f,-0.2790578579399f,0.9545378396048212f,0.4505351674132694f,0.5012670948104248f,0.8141559841409015f,0.29305517082603516f,3.1133689487393243f,-0.858922042432118f,0.5091922479865091f,0.054554373011559354f,-1.0986568769285414f,0f,0f,0f,1f], start_interpolation: 0, interpolation_duration: 1 }
$data merge entity $(bone_chest1) { transformation: [0.530975665734239f,-0.3160938858164086f,0.8898093103910951f,0.26718533074083606f,-0.11029867810992067f,0.9930857410887359f,0.4186000759251617f,3.0394532874722193f,-0.937822027421193f,-0.2957642258739725f,0.45455965360762474f,-0.34680826361842465f,0f,0f,0f,1f], start_interpolation: 0, interpolation_duration: 1 }
$data merge entity $(bone_chest1lid) { transformation: [0.4901313837546822f,-0.29177897152283877f,0.8213624403610109f,0.31253047635050435f,-0.10181416440915754f,0.9166945302357563f,0.3864000700847647f,2.226971057806192f,-0.8656818714657167f,-0.2730131315759746f,0.41959352640703823f,-0.6199797421023716f,0f,0f,0f,1f], start_interpolation: 0, interpolation_duration: 1 }
$data merge entity $(bone_chest2) { transformation: [0.4901313837546822f,-0.29177897152283877f,0.8213624403610109f,0.3581209406509479f,-0.10181416440915754f,0.9166945302357563f,0.3864000700847647f,2.083737537456855f,-0.8656818714657167f,-0.2730131315759746f,0.41959352640703823f,-0.5773214402936255f,0f,0f,0f,1f], start_interpolation: 0, interpolation_duration: 1 }
$data merge entity $(bone_chest1lid3) { transformation: [0.4901313837546822f,-0.29177897152283877f,0.8213624403610109f,0.8080825782221093f,-0.10181416440915754f,0.9166945302357563f,0.3864000700847647f,2.4808719879798167f,-0.8656818714657167f,-0.2730131315759746f,0.41959352640703823f,-0.29707252228125547f,0f,0f,0f,1f], start_interpolation: 0, interpolation_duration: 1 }
$data merge entity $(bone_chest3) { transformation: [0.4901313837546822f,-0.29177897152283877f,0.8213624403610109f,0.8536730425225528f,-0.10181416440915754f,0.9166945302357563f,0.3864000700847647f,2.3376384676304798f,-0.8656818714657167f,-0.2730131315759746f,0.41959352640703823f,-0.25441422047250944f,0f,0f,0f,1f], start_interpolation: 0, interpolation_duration: 1 }
$data merge entity $(bone_hugeasssword2) { transformation: [-3.217002891413959f,-2.187402627565287f,0.4543565993055328f,0.7501053627486977f,-1.5134002744986617f,2.7196359022833825f,2.3777043436761454f,4.080023403744589f,-1.6434079784275675f,1.7773936203636813f,-3.079019310187723f,-1.6189873685151102f,0f,0f,0f,1f], start_interpolation: 0, interpolation_duration: 1 }
$data merge entity $(bone_belt) { transformation: [0.4901313837546822f,-0.29177897152283877f,0.8213624403610109f,0.26019295606073845f,-0.10181416440915754f,0.9166945302357563f,0.3864000700847647f,2.6269866004874594f,-0.8656818714657167f,-0.2730131315759746f,0.41959352640703823f,-0.26525807626755643f,0f,0f,0f,1f], start_interpolation: 0, interpolation_duration: 1 }
$data merge entity $(bone_torn_part) { transformation: [0.5296784710609551f,-0.463973058366007f,0.7100490957708651f,0.403729314552187f,-0.17685373627352155f,0.7583149626171128f,0.6274401751857324f,2.3482238699709956f,-0.8295561905384256f,-0.4579163881993095f,0.3196077410793966f,-0.2794421139126267f,0f,0f,0f,1f], start_interpolation: 0, interpolation_duration: 1 }
$data merge entity $(bone_lowerbody) { transformation: [0.5296784710609551f,-0.22898308942309317f,0.816705247964518f,0.348961875f,-0.17685373627352155f,0.9118927333742753f,0.37037062354523814f,1.86815125f,-0.8295561905384256f,-0.3406147201420522f,0.4425134338773534f,-0.09434343749999995f,0f,0f,0f,1f], start_interpolation: 0, interpolation_duration: 1 }
$data merge entity $(bone_leftfoot) { transformation: [0.5262407977254192f,-0.28097197452324024f,0.802574216095824f,0.040163428734323325f,-0.07584630585009794f,0.9245606914435385f,0.373409782579862f,0.23212382747573612f,-0.8469462560860681f,-0.2573757513247085f,0.46523086949581716f,0.31089821731171474f,0f,0f,0f,1f], start_interpolation: 0, interpolation_duration: 1 }
$data merge entity $(bone_leftlowerleg) { transformation: [0.5262407977254192f,-0.28097197452324024f,0.802574216095824f,-0.3948518725433243f,-0.07584630585009794f,0.9245606914435385f,0.373409782579862f,1.2004355651203147f,-0.8469462560860681f,-0.2573757513247085f,0.46523086949581716f,-0.046108694527112f,0f,0f,0f,1f], start_interpolation: 0, interpolation_duration: 1 }
$data merge entity $(bone_leftleg) { transformation: [0.4929225404178695f,0.6805998518937675f,0.542043550602879f,0.3277212019481007f,-0.18335303639832295f,0.6902506049741406f,-0.6999541173365211f,1.9133797625105227f,-0.8505345573176372f,0.24563783083029958f,0.4650301311457959f,0.17921600920533398f,0f,0f,0f,1f], start_interpolation: 0, interpolation_duration: 1 }
$data merge entity $(bone_rightfoot) { transformation: [0.4110059878689893f,-0.5496372945044342f,0.7273052470769633f,0.5816172796796709f,0.04327521206489841f,0.8086689413222641f,0.5866700941427536f,0.3447970254169569f,-0.9106049274831397f,-0.20965063279316676f,0.3561534475655833f,-0.23529242667437666f,0f,0f,0f,1f], start_interpolation: 0, interpolation_duration: 1 }
$data merge entity $(bone_rightlowerleg) { transformation: [0.4110059878689893f,-0.5496372945044342f,0.7273052470769633f,-0.13988386316410528f,0.04327521206489841f,0.8086689413222641f,0.5866700941427536f,1.1517748389129714f,-0.9106049274831397f,-0.20965063279316676f,0.3561534475655833f,-0.5225950164764148f,0f,0f,0f,1f], start_interpolation: 0, interpolation_duration: 1 }
$data merge entity $(bone_rightleg) { transformation: [0.3941847297408842f,0.7185567862499895f,0.5729699326955937f,0.600344308164511f,-0.0949323585833545f,0.6519505690278459f,-0.7522953561189047f,1.8269037721353327f,-0.9141150070603301f,0.24214995452891414f,0.32520324935144407f,-0.24290435096016322f,0f,0f,0f,1f], start_interpolation: 0, interpolation_duration: 1 }
data modify entity @s data merge value {"locators":{"lefthand":{"posx":-0.7079836177973471,"posy":3.826719061447191,"posz":-0.25226030167222274,"roty":247.97093736602034,"rotx":38.4062942447922},"righthand":{"posx":-0.49594075745775174,"posy":3.031578249340217,"posz":-1.2175896676869715,"roty":330.87294707340595,"rotx":-10.650506010528805},"chest":{"posx":0.21774538650660766,"posy":2.106120946077927,"posz":-0.6955304683632765,"roty":117.06024611516312,"rotx":22.730685863685608},"sack":{"posx":0,"posy":-0.4375,"posz":0,"roty":0,"rotx":0}},"cameras":{}}