# This file was generated by Animated Java via MC-Build. It is not recommended to edit this file directly.
$data merge entity $(bone_nose) { transformation: [0.14369880251890846f,-0.3646021940595847f,0.9200086381342125f,-0.3041146977188975f,-0.09240606587748915f,0.9206519342999145f,0.37929030419834225f,3.749566127725196f,-0.985297809367136f,-0.13951794134362336f,0.09860512613226727f,-0.3647758532077628f,0f,0f,0f,1f], start_interpolation: 0, interpolation_duration: 1 }
$data merge entity $(bone_glowing_eye) { transformation: [0.14369880251890846f,-0.3646021940595847f,0.9200086381342125f,-0.3429431547677868f,-0.09240606587748915f,0.9206519342999145f,0.37929030419834225f,3.7871154135181393f,-0.985297809367136f,-0.13951794134362336f,0.09860512613226727f,-0.5008254650954809f,0f,0f,0f,1f], start_interpolation: 0, interpolation_duration: 1 }
$data merge entity $(bone_head) { transformation: [0.14369880251890846f,-0.3646021940595847f,0.9200086381342125f,-0.08681854064445454f,-0.09240606587748915f,0.9206519342999145f,0.37929030419834225f,3.706910909827798f,-0.985297809367136f,-0.13951794134362336f,0.09860512613226727f,-0.3290843109103212f,0f,0f,0f,1f], start_interpolation: 0, interpolation_duration: 1 }
$data merge entity $(bone_leftthumb2) { transformation: [-0.6284373347801251f,0.5049293383684611f,-0.5917033712167281f,-0.4372371754894514f,-0.7439534393371826f,-0.16801418781740837f,0.6467646502325506f,3.673323198067452f,0.22715588557822983f,0.8466508111062347f,0.481230306298684f,-0.00474096776643651f,0f,0f,0f,1f], start_interpolation: 0, interpolation_duration: 1 }
$data merge entity $(bone_leftthumb) { transformation: [-0.6284373347801251f,0.5049293383684611f,-0.5917033712167281f,-0.3639725330703776f,-0.7439534393371826f,-0.16801418781740837f,0.6467646502325506f,3.6873898687088897f,0.22715588557822983f,0.8466508111062347f,0.481230306298684f,0.2440185326768041f,0f,0f,0f,1f], start_interpolation: 0, interpolation_duration: 1 }
$data merge entity $(bone_leftpointerfinger) { transformation: [-0.6284373347801251f,0.5049293383684611f,-0.5917033712167281f,-0.4886532342567368f,-0.7439534393371826f,-0.16801418781740837f,0.6467646502325506f,3.8542065244936317f,0.22715588557822983f,0.8466508111062347f,0.481230306298684f,-0.03607626909479726f,0f,0f,0f,1f], start_interpolation: 0, interpolation_duration: 1 }
$data merge entity $(bone_leftmidfinger) { transformation: [-0.6284373347801251f,0.5049293383684611f,-0.5917033712167281f,-0.5811068860093506f,-0.7439534393371826f,-0.16801418781740837f,0.6467646502325506f,3.955263501092468f,0.22715588557822983f,0.8466508111062347f,0.481230306298684f,0.03911596626437212f,0f,0f,0f,1f], start_interpolation: 0, interpolation_duration: 1 }
$data merge entity $(bone_leftringfinger) { transformation: [-0.6284373347801251f,0.5049293383684611f,-0.5917033712167281f,-0.6735605377619643f,-0.7439534393371826f,-0.16801418781740837f,0.6467646502325506f,4.056320477691304f,0.22715588557822983f,0.8466508111062347f,0.481230306298684f,0.11430820162354151f,0f,0f,0f,1f], start_interpolation: 0, interpolation_duration: 1 }
$data merge entity $(bone_invisibility) { transformation: [0.45143758298894654f,0.6334592527697033f,0.6284373347801249f,-0.5327678577934372f,-0.11100558963394587f,-0.6589469168061998f,0.7439534393371826f,3.676127307505614f,0.8853710339372516f,-0.40560859940594446f,-0.2271558855782296f,0.0840794448440314f,0f,0f,0f,1f], start_interpolation: 0, interpolation_duration: 1 }
$data merge entity $(bone_swiftness) { transformation: [-0.5917033712167282f,0.5049293383684611f,0.628437334780125f,-0.7448191732562683f,0.6467646502325505f,-0.16801418781740837f,0.7439534393371827f,3.7814002157189353f,0.4812303062986841f,0.8466508111062347f,-0.22715588557822972f,0.07149030860186971f,0f,0f,0f,1f], start_interpolation: 0, interpolation_duration: 1 }
$data merge entity $(bone_suspicious_stew) { transformation: [0.20755674105687433f,0.7496577322327189f,0.6284373347801253f,-0.6673808026325952f,0.12106198548505659f,-0.6571737028889644f,0.7439534393371827f,3.8052713444781583f,0.9707029385513707f,-0.07833267986545939f,-0.2271558855782298f,0.1346233705044299f,0f,0f,0f,1f], start_interpolation: 0, interpolation_duration: 1 }
$data merge entity $(bone_log) { transformation: [-0.6284373347801251f,0.5049293383684611f,-0.5917033712167281f,-0.6909167309979585f,-0.7439534393371826f,-0.16801418781740837f,0.6467646502325506f,3.744841029042772f,0.22715588557822983f,0.8466508111062347f,0.481230306298684f,0.2843082567734191f,0f,0f,0f,1f], start_interpolation: 0, interpolation_duration: 1 }
$data merge entity $(bone_planks) { transformation: [-0.6284373347801251f,0.5049293383684611f,-0.5917033712167281f,-0.7498327311335952f,-0.7439534393371826f,-0.16801418781740837f,0.6467646502325506f,3.675095394104911f,0.22715588557822983f,0.8466508111062347f,0.481230306298684f,0.30560412104637813f,0f,0f,0f,1f], start_interpolation: 0, interpolation_duration: 1 }
$data merge entity $(bone_lefthand1) { transformation: [-0.6284373347801251f,0.5049293383684611f,-0.5917033712167281f,-0.38908433236028916f,-0.7439534393371826f,-0.16801418781740837f,0.6467646502325506f,3.8686144466029484f,0.22715588557822983f,0.8466508111062347f,0.481230306298684f,0.42414354108358643f,0f,0f,0f,1f], start_interpolation: 0, interpolation_duration: 1 }
$data merge entity $(bone_leftforearm) { transformation: [-0.3340380723620409f,0.6984619847433265f,-0.6329055396195116f,0.08999974373841965f,-0.8934915965164458f,-0.44847226945054985f,-0.02335359690424696f,3.475726866082213f,-0.30015218334562316f,0.5576947905461255f,0.7738767262494517f,0.794450660344466f,0f,0f,0f,1f], start_interpolation: 0, interpolation_duration: 1 }
$data merge entity $(bone_leftelbow) { transformation: [-0.3340380723620409f,0.6984619847433265f,-0.6329055396195116f,0.2209613658777934f,-0.8934915965164458f,-0.44847226945054985f,-0.02335359690424696f,3.3916383155602348f,-0.30015218334562316f,0.5576947905461255f,0.7738767262494517f,0.8990184335718645f,0f,0f,0f,1f], start_interpolation: 0, interpolation_duration: 1 }
$data merge entity $(bone_leftarm) { transformation: [-0.3992839214157495f,0.07781407219109739f,0.9135191953472572f,0.01201455394461784f,-0.8851722410484024f,0.22684389290705953f,-0.4062166317719147f,3.3553834864976007f,-0.23883562082782064f,-0.9708176030644525f,-0.02169626244264916f,0.43491270744685573f,0f,0f,0f,1f], start_interpolation: 0, interpolation_duration: 1 }
$data merge entity $(bone_rightthumb2) { transformation: [0.8080586446513903f,0.48241297691674495f,-0.3381108494362197f,-0.47166901922269494f,0.587031268604268f,-0.707470509433658f,0.39354766923784995f,3.733831213106587f,-0.04935095222001157f,-0.5164912370834615f,-0.8548691628143885f,-0.8887828280834731f,0f,0f,0f,1f], start_interpolation: 0, interpolation_duration: 1 }
$data merge entity $(bone_rightthumb) { transformation: [0.8080586446513903f,0.48241297691674495f,-0.3381108494362197f,-0.38225496264688585f,0.587031268604268f,-0.707470509433658f,0.39354766923784995f,3.593960976640697f,-0.04935095222001157f,-0.5164912370834615f,-0.8548691628143885f,-1.0885034117751244f,0f,0f,0f,1f], start_interpolation: 0, interpolation_duration: 1 }
$data merge entity $(bone_rightpointerfinger) { transformation: [0.8080586446513903f,0.48241297691674495f,-0.3381108494362197f,-0.46801425250626977f,0.587031268604268f,-0.707470509433658f,0.39354766923784995f,3.9087538295477318f,-0.04935095222001157f,-0.5164912370834615f,-0.8548691628143885f,-0.9644994770131019f,0f,0f,0f,1f], start_interpolation: 0, interpolation_duration: 1 }
$data merge entity $(bone_rightmidfinger) { transformation: [0.8080586446513903f,0.48241297691674495f,-0.3381108494362197f,-0.5208440727306791f,0.587031268604268f,-0.707470509433658f,0.39354766923784995f,3.970245652866146f,-0.04935095222001157f,-0.5164912370834615f,-0.8548691628143885f,-1.09807278370285f,0f,0f,0f,1f], start_interpolation: 0, interpolation_duration: 1 }
$data merge entity $(bone_rightringfinger) { transformation: [0.8080586446513903f,0.48241297691674495f,-0.3381108494362197f,-0.5736738929550884f,0.587031268604268f,-0.707470509433658f,0.39354766923784995f,4.03173747618456f,-0.04935095222001157f,-0.5164912370834615f,-0.8548691628143885f,-1.2316460903925983f,0f,0f,0f,1f], start_interpolation: 0, interpolation_duration: 1 }
$data merge entity $(bone_hugeasssword) { transformation: [3.1648963582179457f,1.8894508262572511f,-1.324267493625194f,-0.6322115322575499f,2.2992058020333834f,-2.770926161948494f,1.5413950378482457f,3.664461342582584f,-0.19329122952837866f,-2.022924011910224f,-3.348237554356355f,-1.176518888883013f,0f,0f,0f,1f], start_interpolation: 0, interpolation_duration: 1 }
$data merge entity $(bone_ice) { transformation: [0.8080586446513903f,0.48241297691674495f,-0.3381108494362197f,-0.652375151344552f,0.587031268604268f,-0.707470509433658f,0.39354766923784995f,3.666343205720543f,-0.04935095222001157f,-0.5164912370834615f,-0.8548691628143885f,-1.167677604675146f,0f,0f,0f,1f], start_interpolation: 0, interpolation_duration: 1 }
$data merge entity $(bone_righthand1) { transformation: [0.8080586446513903f,0.48241297691674495f,-0.3381108494362197f,-0.34032320999740007f,0.587031268604268f,-0.707470509433658f,0.39354766923784995f,3.6485317601768785f,-0.04935095222001157f,-0.5164912370834615f,-0.8548691628143885f,-1.335852813338964f,0f,0f,0f,1f], start_interpolation: 0, interpolation_duration: 1 }
$data merge entity $(bone_rightforearm) { transformation: [0.1528549089880233f,0.9561566872156427f,-0.24979945214325489f,0.3170946904625568f,0.8260747688847403f,-0.2623635260187082f,-0.4987643295455813f,3.383836599135079f,-0.5424351141014803f,-0.13011444849761192f,-0.8299604673006276f,-1.3889078577060676f,0f,0f,0f,1f], start_interpolation: 0, interpolation_duration: 1 }
$data merge entity $(bone_rightelbow) { transformation: [0.1528549089880233f,0.9561566872156427f,-0.24979945214325489f,0.4963740693154898f,0.8260747688847403f,-0.2623635260187082f,-0.4987643295455813f,3.3346434380065713f,-0.5424351141014803f,-0.13011444849761192f,-0.8299604673006276f,-1.41330431679937f,0f,0f,0f,1f], start_interpolation: 0, interpolation_duration: 1 }
$data merge entity $(bone_rightarm) { transformation: [0.18764364523347657f,-0.13571511141303166f,0.9728161547474639f,0.2865577105156144f,0.85486157938459f,0.510325840813137f,-0.09369747216680352f,3.3448985745805975f,-0.4837370592538652f,0.849204889724802f,0.2117770355159156f,-1.0127099455781456f,0f,0f,0f,1f], start_interpolation: 0, interpolation_duration: 1 }
$data merge entity $(bone_chest1) { transformation: [0.2746243985201818f,-0.3767183881050561f,0.9778935560233882f,0.21582193106067588f,0.029868779639397405f,1.013317648513369f,0.38197684527376835f,3.121592226094582f,-1.047521077043986f,-0.06986923776581154f,0.26726203223380407f,-0.26883446452562093f,0f,0f,0f,1f], start_interpolation: 0, interpolation_duration: 1 }
$data merge entity $(bone_chest1lid) { transformation: [0.25349944478786013f,-0.3477400505585133f,0.9026709747908199f,0.1868035328397299f,0.027571181205597605f,0.9353701370892638f,0.35259401102194005f,2.353750764724497f,-0.9669425326559872f,-0.06449468101459527f,0.2467034143696653f,-0.651435608246194f,0f,0f,0f,1f], start_interpolation: 0, interpolation_duration: 1 }
$data merge entity $(bone_chest2) { transformation: [0.25349944478786013f,-0.3477400505585133f,0.9026709747908199f,0.2411379157394976f,0.027571181205597605f,0.9353701370892638f,0.35259401102194005f,2.2075991808042996f,-0.9669425326559872f,-0.06449468101459527f,0.2467034143696653f,-0.6413583143376634f,0f,0f,0f,1f], start_interpolation: 0, interpolation_duration: 1 }
$data merge entity $(bone_chest1lid3) { transformation: [0.25349944478786013f,-0.3477400505585133f,0.9026709747908199f,0.7492334107658577f,0.027571181205597605f,0.9353701370892638f,0.35259401102194005f,2.5779081042100778f,-0.9669425326559872f,-0.06449468101459527f,0.2467034143696653f,-0.4329573251246279f,0f,0f,0f,1f], start_interpolation: 0, interpolation_duration: 1 }
$data merge entity $(bone_chest3) { transformation: [0.25349944478786013f,-0.3477400505585133f,0.9026709747908199f,0.8035677936656254f,0.027571181205597605f,0.9353701370892638f,0.35259401102194005f,2.4317565202898805f,-0.9669425326559872f,-0.06449468101459527f,0.2467034143696653f,-0.4228800312160974f,0f,0f,0f,1f], start_interpolation: 0, interpolation_duration: 1 }
$data merge entity $(bone_hugeasssword2) { transformation: [-3.5354613179307117f,-1.6521642432491506f,-0.33338320371964414f,0.36380858484313455f,-1.3809932098359317f,2.3954305840748034f,2.773994925922518f,4.334284857977211f,-0.9662550396145234f,2.621553624854122f,-2.7448288777647925f,-1.4696317538334998f,0f,0f,0f,1f], start_interpolation: 0, interpolation_duration: 1 }
$data merge entity $(bone_belt) { transformation: [0.25349944478786013f,-0.3477400505585133f,0.9026709747908199f,0.22805606777984405f,0.027571181205597605f,0.9353701370892638f,0.35259401102194005f,2.701967731389977f,-0.9669425326559872f,-0.06449468101459527f,0.2467034143696653f,-0.24446843129379683f,0f,0f,0f,1f], start_interpolation: 0, interpolation_duration: 1 }
$data merge entity $(bone_torn_part) { transformation: [0.31521436828196203f,-0.6130005530838623f,0.7244792777902501f,0.3707529045290283f,-0.0015011516041422701f,0.7630738539830281f,0.6463095542473047f,2.440453652496166f,-0.9490193088512293f,-0.20481361108668322f,0.23961163607214025f,-0.33389551383321636f,0f,0f,0f,1f], start_interpolation: 0, interpolation_duration: 1 }
$data merge entity $(bone_lowerbody) { transformation: [0.31521436828196203f,-0.3667738978419223f,0.8752809891060394f,0.3959726795890823f,-0.0015011516041422701f,0.9221055004535774f,0.38693564397341185f,1.935940598005399f,-0.9490193088512293f,-0.1232816040417249f,0.2901103195896938f,-0.2218185149220157f,0f,0f,0f,1f], start_interpolation: 0, interpolation_duration: 1 }
$data merge entity $(bone_leftfoot) { transformation: [0.17341349398903055f,-0.5179945916357923f,0.8376212527978173f,0.40906671732047634f,-0.10707258456046781f,0.8355495224153703f,0.5388807449027921f,0.3673740836492396f,-0.9790113491364938f,-0.18313546523684388f,0.0894325423681267f,0.18501727251636607f,0f,0f,0f,1f], start_interpolation: 0, interpolation_duration: 1 }
$data merge entity $(bone_leftlowerleg) { transformation: [0.17341349398903055f,-0.5179945916357923f,0.8376212527978173f,-0.2942803736748844f,-0.10707258456046781f,0.8355495224153703f,0.5388807449027921f,1.211515166227736f,-0.9790113491364938f,-0.18313546523684388f,0.0894325423681267f,-0.03188955309824744f,0f,0f,0f,1f], start_interpolation: 0, interpolation_duration: 1 }
$data merge entity $(bone_leftleg) { transformation: [0.26335367446026325f,0.6987998042392356f,0.6650741881500765f,0.44186374388762933f,-0.11531992688874396f,0.7072714364236624f,-0.6974728881337137f,1.9408857292180535f,-0.9577818940712193f,0.10698574117336795f,0.26684807395769716f,0.051790639255257065f,0f,0f,0f,1f], start_interpolation: 0, interpolation_duration: 1 }
$data merge entity $(bone_rightfoot) { transformation: [0.1485061218590679f,-0.4960211973270148f,0.8555167465179478f,0.641933279804538f,0.04224275610291065f,0.867501750619255f,0.4956372284537941f,0.26426223171170093f,-0.9880088467859028f,-0.03746577738153642f,0.14978262315097646f,-0.4957206320014047f,0f,0f,0f,1f], start_interpolation: 0, interpolation_duration: 1 }
$data merge entity $(bone_rightlowerleg) { transformation: [0.1485061218590679f,-0.4960211973270148f,0.8555167465179478f,-0.039786641196835726f,0.04224275610291065f,0.867501750619255f,0.4956372284537941f,1.150494494565886f,-0.9880088467859028f,-0.03746577738153642f,0.14978262315097646f,-0.5602976735322179f,0f,0f,0f,1f], start_interpolation: 0, interpolation_duration: 1 }
$data merge entity $(bone_rightleg) { transformation: [0.2065976077349292f,0.6330950224970306f,0.745994719128553f,0.6111386524509101f,-0.04381101834803839f,0.7676647470503262f,-0.6393523526252696f,1.9502816965003746f,-0.977444639429524f,0.09940587822479871f,0.18633423792970594f,-0.4271220507236534f,0f,0f,0f,1f], start_interpolation: 0, interpolation_duration: 1 }
data modify entity @s data merge value {"locators":{"lefthand":{"posx":-0.6622029702470964,"posy":3.8176070747439845,"posz":0.18934857434686853,"roty":230.878661312058,"rotx":40.29811217878726},"righthand":{"posx":-0.5788743741503675,"posy":3.7262824315302527,"posz":-1.1508767501973682,"roty":338.4206178315579,"rotx":23.175426651369396},"chest":{"posx":0.07541680383819199,"posy":2.241058916346915,"posz":-0.7161690533235415,"roty":105.28586031195863,"rotx":20.64605873792447},"sack":{"posx":0,"posy":-0.4375,"posz":0,"roty":0,"rotx":0}},"cameras":{}}