# This file was generated by Animated Java via MC-Build. It is not recommended to edit this file directly.
$data merge entity $(bone_nose) { transformation: [-1f,-1.224646799147353e-16f,-1.232595164407831e-32f,-2.320955859368935e-16f,0f,0f,1f,2.5653995612768736f,-1.2246467991473532e-16f,1f,0f,1.897846980165969f,0f,0f,0f,1f], start_interpolation: 0, interpolation_duration: 1 }
$data merge entity $(bone_glowing_eye) { transformation: [-1f,-1.224646799147353e-16f,-1.232595164407831e-32f,-0.12500000000000025f,0f,0f,1f,2.5305039362768738f,-1.2246467991473532e-16f,1f,0f,1.9655551051659692f,0f,0f,0f,1f], start_interpolation: 0, interpolation_duration: 1 }
$data merge entity $(bone_head) { transformation: [-1f,-1.224646799147353e-16f,-1.232595164407831e-32f,-2.1697402996314675e-16f,0f,0f,1f,2.7526545612768736f,-1.2246467991473532e-16f,1f,0f,1.7743701051659693f,0f,0f,0f,1f], start_interpolation: 0, interpolation_duration: 1 }
$data merge entity $(bone_leftthumb2) { transformation: [-0.13052619222005143f,-0.33909411358656827f,-0.9316534201490777f,1.400708264961973f,0.7309698269877656f,0.6019331651414688f,-0.32149584248672514f,1.4115619590349748f,0.669810439735012f,-0.722974167473301f,0.1692995215240642f,1.7675215482876334f,0f,0f,0f,1f], start_interpolation: 0, interpolation_duration: 1 }
$data merge entity $(bone_leftthumb) { transformation: [-0.13052619222005143f,-0.33909411358656827f,-0.9316534201490777f,1.2379312046583293f,0.7309698269877656f,0.6019331651414688f,-0.32149584248672514f,1.531707322327872f,0.669810439735012f,-0.722974167473301f,0.1692995215240642f,1.604685469881705f,0f,0f,0f,1f], start_interpolation: 0, interpolation_duration: 1 }
$data merge entity $(bone_leftpointerfinger) { transformation: [-0.12854320606946837f,0.02266563541681548f,-0.9914448613738105f,1.2057335290555f,0.8371797612376264f,0.5383948959330925f,-0.09623400338396579f,1.2255684917185734f,0.5316076481273504f,-0.8423877996530732f,-0.08818221730122618f,1.7692105377405152f,0f,0f,0f,1f], start_interpolation: 0, interpolation_duration: 1 }
$data merge entity $(bone_leftmidfinger) { transformation: [-0.12854320606946837f,0.02266563541681548f,-0.9914448613738105f,1.0508202694658422f,0.8371797612376264f,0.5383948959330925f,-0.09623400338396579f,1.2105319286898286f,0.5316076481273504f,-0.8423877996530732f,-0.08818221730122618f,1.7554320662871985f,0f,0f,0f,1f], start_interpolation: 0, interpolation_duration: 1 }
$data merge entity $(bone_leftringfinger) { transformation: [-0.1260786200725189f,0.03378266443126188f,-0.9914448613738105f,0.8959070098761843f,0.8809182465412337f,0.46338111690423145f,-0.09623400338396579f,1.195495365661084f,0.45616578616915976f,-0.885514919174438f,-0.08818221730122618f,1.7416535948338818f,0f,0f,0f,1f], start_interpolation: 0, interpolation_duration: 1 }
$data merge entity $(bone_invisibility) { transformation: [-0.0864101132863833f,0.9876721143508954f,0.13052619222005118f,1.2122425199321718f,0.6646320368669121f,0.15474937028503727f,-0.7309698269877655f,1.4395253258424914f,-0.7421573605994711f,0.023588703440753894f,-0.6698104397350119f,1.8169159807678859f,0f,0f,0f,1f], start_interpolation: 0, interpolation_duration: 1 }
$data merge entity $(bone_swiftness) { transformation: [-0.9914448613738105f,9.029043306084032e-17f,0.1305261922200512f,1.0195483964394114f,-0.09623400338396562f,0.6755902076156601f,-0.7309698269877656f,1.368066328382316f,-0.08818221730122602f,-0.737277336810124f,-0.669810439735012f,1.9351074288420789f,0f,0f,0f,1f], start_interpolation: 0, interpolation_duration: 1 }
$data merge entity $(bone_suspicious_stew) { transformation: [-0.41900270392554856f,0.8985541982805565f,0.13052619222005146f,1.0263466084245825f,0.5716224187772997f,0.37273438583616797f,-0.7309698269877656f,1.3898131592260137f,-0.7054676069489432f,-0.23166663628524753f,-0.6698104397350122f,1.8349416901868805f,0f,0f,0f,1f], start_interpolation: 0, interpolation_duration: 1 }
$data merge entity $(bone_log) { transformation: [-0.13052619222005143f,9.029043306084032e-17f,-0.9914448613738105f,0.9676358000270553f,0.7309698269877656f,0.6755902076156601f,-0.09623400338396579f,1.5382793875494507f,0.669810439735012f,-0.737277336810124f,-0.08818221730122618f,1.8014432103747773f,0f,0f,0f,1f], start_interpolation: 0, interpolation_duration: 1 }
$data merge entity $(bone_planks) { transformation: [-0.13052619222005143f,9.029043306084032e-17f,-0.9914448613738105f,0.9553989695064254f,0.7309698269877656f,0.6755902076156601f,-0.09623400338396579f,1.6068078088295539f,0.669810439735012f,-0.737277336810124f,-0.08818221730122618f,1.8642379390999346f,0f,0f,0f,1f], start_interpolation: 0, interpolation_duration: 1 }
$data merge entity $(bone_lefthand) { transformation: [-0.13052619222005143f,9.029043306084032e-17f,-0.9914448613738105f,1.0312499999999998f,0.7309698269877656f,0.6755902076156601f,-0.09623400338396579f,1.5274417953121733f,0.669810439735012f,-0.737277336810124f,-0.08818221730122618f,1.4524269605291567f,0f,0f,0f,1f], start_interpolation: 0, interpolation_duration: 1 }
$data merge entity $(bone_leftforearm) { transformation: [-1f,9.029043306084032e-17f,8.273593852918138e-17f,0.9687499999999998f,0f,0.6755902076156601f,-0.737277336810124f,2.0139861184295924f,-1.2246467991473532e-16f,-0.737277336810124f,-0.6755902076156601f,0.944584930078533f,0f,0f,0f,1f], start_interpolation: 0, interpolation_duration: 1 }
$data merge entity $(bone_leftelbow) { transformation: [-1f,-2.1265768495757707e-17f,1.2060416625018976e-16f,0.9687499999999998f,0f,0.984807753012208f,0.1736481776669303f,2.1986375721193814f,-1.2246467991473532e-16f,0.1736481776669303f,-0.984807753012208f,0.9771439633910823f,0f,0f,0f,1f], start_interpolation: 0, interpolation_duration: 1 }
$data merge entity $(bone_leftarm) { transformation: [-1f,-1.1099069304367542e-16f,5.1755810150196606e-17f,0.7499999999999998f,0f,0.4226182617406996f,0.9063077870366498f,2.381624584644836f,-1.2246467991473532e-16f,0.9063077870366498f,-0.4226182617406996f,1.443504677588804f,0f,0f,0f,1f], start_interpolation: 0, interpolation_duration: 1 }
$data merge entity $(bone_rightthumb2) { transformation: [0.002054416402833714f,0.0130675438785042f,-0.9999125055074701f,-0.8856013523412369f,0.9404120648553576f,0.3399772121883715f,0.006375222906317535f,1.3955794014827216f,0.34003077455978276f,-0.9403428813414851f,-0.011590421160062758f,2.3097997066327576f,0f,0f,0f,1f], start_interpolation: 0, interpolation_duration: 1 }
$data merge entity $(bone_rightthumb) { transformation: [0.002054416402833714f,0.0130675438785042f,-0.9999125055074701f,-0.9678466581510174f,0.9404120648553576f,0.3399772121883715f,0.006375222906317535f,1.479501073554345f,0.34003077455978276f,-0.9403428813414851f,-0.011590421160062758f,2.0781971791390825f,0f,0f,0f,1f], start_interpolation: 0, interpolation_duration: 1 }
$data merge entity $(bone_rightpointerfinger) { transformation: [0.00148246279528962f,0.013144718857147419f,-0.9999125055074701f,-1.0187806428877546f,0.9246874032340361f,0.3806738273551118f,0.006375222906317535f,1.471102458972324f,0.380724321004523f,-0.9246159492097122f,-0.011590421160062758f,2.4233947520548553f,0f,0f,0f,1f], start_interpolation: 0, interpolation_duration: 1 }
$data merge entity $(bone_rightmidfinger) { transformation: [0.00148246279528962f,0.013144718857147419f,-0.9999125055074701f,-1.1750169718732968f,0.9246874032340361f,0.3806738273551118f,0.006375222906317535f,1.472098587551436f,0.380724321004523f,-0.9246159492097122f,-0.011590421160062758f,2.4215837487485956f,0f,0f,0f,1f], start_interpolation: 0, interpolation_duration: 1 }
$data merge entity $(bone_rightringfinger) { transformation: [-0.00024594997965881205f,0.01322576418889928f,-0.9999125055074701f,-1.331253300858839f,0.8670886691509815f,0.49811303572871274f,0.006375222906317535f,1.4730947161305483f,0.4981537707762397f,-0.8670112356819523f,-0.011590421160062758f,2.4197727454423354f,0f,0f,0f,1f], start_interpolation: 0, interpolation_duration: 1 }
$data merge entity $(bone_hugeasssword) { transformation: [8.046464244432049e-8f,5.118121352414147e-7f,-0.000039163239799042586f,-1.157284698481424f,0.00003683280587350151f,0.000013315774144044554f,2.4969623049743683e-7f,1.2912598911920834f,0.000013317872003591493f,-0.00003683009618587484f,-4.5395816210245814e-7f,2.1404370268142903f,0f,0f,0f,1f], start_interpolation: 0, interpolation_duration: 1 }
$data merge entity $(bone_ice) { transformation: [0.002054416402833714f,0.0130675438785042f,-0.9999125055074701f,-1.1575209791108199f,0.9404120648553576f,0.3399772121883715f,0.006375222906317535f,1.2712538087382752f,0.34003077455978276f,-0.9403428813414851f,-0.011590421160062758f,2.1498169034827543f,0f,0f,0f,1f], start_interpolation: 0, interpolation_duration: 1 }
$data merge entity $(bone_righthand) { transformation: [0.002054416402833714f,0.0130675438785042f,-0.9999125055074701f,-1.1849877548375938f,0.9404120648553576f,0.3399772121883715f,0.006375222906317535f,1.59155035371503f,0.34003077455978276f,-0.9403428813414851f,-0.011590421160062758f,1.9993766761260767f,0f,0f,0f,1f], start_interpolation: 0, interpolation_duration: 1 }
$data merge entity $(bone_rightforearm) { transformation: [-0.9536955904735654f,0.01311301474342079f,-0.30048755307935154f,-1.1114665739246634f,0.26679636578662325f,0.4981469042265841f,-0.8250268850240705f,1.938026167966184f,0.13886835461806113f,-0.8669934893952834f,-0.47857901064700176f,1.3885704037727487f,0f,0f,0f,1f], start_interpolation: 0, interpolation_duration: 1 }
$data merge entity $(bone_rightelbow) { transformation: [-0.9536955904735654f,0.01311301474342079f,-0.30048755307935154f,-1.109007883660272f,0.26679636578662325f,0.4981469042265841f,-0.8250268850240705f,2.0314287125086685f,0.13886835461806113f,-0.8669934893952834f,-0.47857901064700176f,1.226009124511133f,0f,0f,0f,1f], start_interpolation: 0, interpolation_duration: 1 }
$data merge entity $(bone_rightarm) { transformation: [-0.9536955904735654f,0.3007735371810309f,-0.0000065489172389420245f,-0.7500000000000002f,0.26679636578662325f,0.8459705050208197f,0.46168561146939546f,2.381624584644836f,0.13886835461806113f,0.440305784616135f,-0.887043626953738f,1.443504677588804f,0f,0f,0f,1f], start_interpolation: 0, interpolation_duration: 1 }
$data merge entity $(bone_chest) { transformation: [-1.0833333333333333f,-9.381190609217842e-17f,9.381190609217843e-17f,-0.002323125000000153f,0f,0.7660323462854265f,0.7660323462854264f,2.346105727142359f,-1.3267006990762992e-16f,0.7660323462854264f,-0.7660323462854265f,1.2523242171593973f,0f,0f,0f,1f], start_interpolation: 0, interpolation_duration: 1 }
$data merge entity $(bone_chest1lid) { transformation: [-1f,-8.659560562354932e-17f,8.659560562354933e-17f,-0.3437500000000001f,0f,0.7071067811865476f,0.7071067811865475f,1.58612945580997f,-1.2246467991473532e-16f,0.7071067811865475f,-0.7071067811865476f,1.045757113171371f,0f,0f,0f,1f], start_interpolation: 0, interpolation_duration: 1 }
$data merge entity $(bone_chest1) { transformation: [-1f,-8.659560562354932e-17f,8.659560562354933e-17f,-0.3437500000000001f,0f,0.7071067811865476f,0.7071067811865475f,1.4756440212495718f,-1.2246467991473532e-16f,0.7071067811865475f,-0.7071067811865476f,0.935271678610973f,0f,0f,0f,1f], start_interpolation: 0, interpolation_duration: 1 }
$data merge entity $(bone_chest1lid3) { transformation: [-1f,-8.659560562354932e-17f,8.659560562354933e-17f,-0.28125000000000006f,0f,0.7071067811865476f,0.7071067811865475f,2.039119737507602f,-1.2246467991473532e-16f,0.7071067811865475f,-0.7071067811865476f,0.5927668314737391f,0f,0f,0f,1f], start_interpolation: 0, interpolation_duration: 1 }
$data merge entity $(bone_chest3) { transformation: [-1f,-8.659560562354932e-17f,8.659560562354933e-17f,-0.28125000000000006f,0f,0.7071067811865476f,0.7071067811865475f,1.9286343029472037f,-1.2246467991473532e-16f,0.7071067811865475f,-0.7071067811865476f,0.48228139691334104f,0f,0f,0f,1f], start_interpolation: 0, interpolation_duration: 1 }
$data merge entity $(bone_hugeasssword2) { transformation: [-1.2088408246486076e-15f,2.8876695691729855f,-2.6460616464946694f,-1.2343750000000004f,-2.769501559647311f,1.871048133674022f,2.041890734188255f,3.3538964087763388f,2.7695015596473116f,1.8710481336740223f,2.0418907341882533f,1.8854464158303958f,0f,0f,0f,1f], start_interpolation: 0, interpolation_duration: 1 }
$data merge entity $(bone_belt) { transformation: [-1f,-8.659560562354932e-17f,8.659560562354933e-17f,0.029705624999999868f,0f,0.7071067811865476f,0.7071067811865475f,1.9718818375680494f,-1.2246467991473532e-16f,0.7071067811865475f,-0.7071067811865476f,1.0632244184336317f,0f,0f,0f,1f], start_interpolation: 0, interpolation_duration: 1 }
$data merge entity $(bone_torn_part) { transformation: [-1f,-9.029043306084032e-17f,8.273593852918142e-17f,-0.09375000000000011f,0f,0.6755902076156604f,0.737277336810124f,1.767786980540017f,-1.2246467991473532e-16f,0.737277336810124f,-0.6755902076156604f,0.899471782913513f,0f,0f,0f,1f], start_interpolation: 0, interpolation_duration: 1 }
$data merge entity $(bone_lowerbody) { transformation: [-1f,-6.123233995736765e-17f,1.0605752387249069e-16f,0.0039062499999999046f,0f,0.8660254037844387f,0.49999999999999994f,1.2746105138483965f,-1.2246467991473532e-16f,0.49999999999999994f,-0.8660254037844387f,0.7771159803206997f,0f,0f,0f,1f], start_interpolation: 0, interpolation_duration: 1 }
$data merge entity $(bone_leftfoot) { transformation: [-0.9753667896506382f,0.19912282401117964f,0.09491957966837228f,-0.005354243870117431f,-0.042585433717795204f,-0.5921789492128782f,0.804680416652598f,0.37554533921810573f,0.21643961393810277f,0.780816363216694f,0.5860714124160815f,-0.8706112003855114f,0f,0f,0f,1f], start_interpolation: 0, interpolation_duration: 1 }
$data merge entity $(bone_leftlowerleg) { transformation: [-0.9753667896506382f,0.21302957007401732f,-0.05725406466520119f,0.2397722719800208f,-0.042585433717795204f,0.07282346268020623f,0.9964352583677135f,0.3032359500850157f,0.21643961393810277f,0.9743280482246952f,-0.061957630369318395f,0.2198034969553727f,0f,0f,0f,1f], start_interpolation: 0, interpolation_duration: 1 }
$data merge entity $(bone_leftleg) { transformation: [-0.9753667896506382f,0.032967434327222433f,-0.21811183810258436f,0.24999999999999992f,-0.042585433717795204f,0.9420272412718134f,0.3328230123307041f,1.2941417638483965f,0.21643961393810277f,0.3339129002834377f,-0.9174181535933481f,0.6052409803206997f,0f,0f,0f,1f], start_interpolation: 0, interpolation_duration: 1 }
$data merge entity $(bone_rightfoot) { transformation: [-0.9905012255519768f,0.03543147327826593f,0.13286057685168895f,-0.37072321223736987f,0.043246217459636076f,0.9974711096496042f,0.05640168516827687f,0.1833366595605207f,-0.1305261922200517f,0.061611655680715804f,-0.9895286337589302f,0.9139021761553072f,0f,0f,0f,1f], start_interpolation: 0, interpolation_duration: 1 }
$data merge entity $(bone_rightlowerleg) { transformation: [-0.9905012255519768f,-0.03185360341664752f,0.13376348578519834f,-0.4266129779033586f,0.043246217459636076f,0.8512667981512138f,0.5229479926730904f,1.0473620925827711f,-0.1305261922200517f,0.5237653924370678f,-0.841803258980255f,1.6242937962432373f,0f,0f,0f,1f], start_interpolation: 0, interpolation_duration: 1 }
$data merge entity $(bone_rightleg) { transformation: [-0.9905012255519768f,0.13673588200460984f,-0.014512778936283466f,-0.25000000000000006f,0.043246217459636076f,0.2095930180870541f,-0.9768318849446889f,1.2941417638483965f,-0.1305261922200517f,-0.968180801989784f,-0.21351545097007119f,0.6052409803206997f,0f,0f,0f,1f], start_interpolation: 0, interpolation_duration: 1 }
data modify entity @s data merge value {"locators":{"lefthand":{"posx":0.9953639565066509,"posy":1.4184741376022487,"posz":1.7976261207332425,"roty":275.082691734047,"rotx":-5.522348441990871},"righthand":{"posx":-1.1419089250476016,"posy":1.3540056830201106,"posz":2.1965687464493207,"roty":270.66411058133366,"rotx":0.3652758403617192},"chest":{"posx":-0.3750000000000001,"posy":1.4314498474254127,"posz":1.11204837390761,"roty":0,"rotx":44.99999999999999},"sack":{"posx":0,"posy":-0.4375,"posz":0,"roty":0,"rotx":0}},"cameras":{}}