# This file was generated by Animated Java via MC-Build. It is not recommended to edit this file directly.
$data merge entity $(bone_nose) { transformation: [-1f,-4.4139899241579586e-17f,1.142333888211401e-16f,-9.811403176749338e-17f,0f,0.9327864074823357f,0.3604296297700815f,4.043926694042894f,-1.2246467991473532e-16f,0.3604296297700815f,-0.9327864074823357f,0.8036892099381221f,0f,0f,0f,1f], start_interpolation: 0, interpolation_duration: 1 }
$data merge entity $(bone_glowing_eye) { transformation: [-1f,-4.4139899241579586e-17f,1.142333888211401e-16f,-0.1250000000000001f,0f,0.9327864074823357f,0.3604296297700815f,4.0945064955196635f,-1.2246467991473532e-16f,0.3604296297700815f,-0.9327864074823357f,0.8606433890448995f,0f,0f,0f,1f], start_interpolation: 0, interpolation_duration: 1 }
$data merge entity $(bone_head) { transformation: [-1f,-4.4139899241579586e-17f,1.142333888211401e-16f,-7.127300172262569e-17f,0f,0.9327864074823357f,0.3604296297700815f,3.9962413937270957f,-1.2246467991473532e-16f,0.3604296297700815f,-0.9327864074823357f,0.5845155668636008f,0f,0f,0f,1f], start_interpolation: 0, interpolation_duration: 1 }
$data merge entity $(bone_leftthumb2) { transformation: [-0.1305261922200514f,-0.33909411358656827f,-0.9316534201490777f,1.400708264961973f,0.8377658938160036f,0.46480069878680813f,-0.2865460129996018f,2.475978023246645f,0.5301992269922763f,-0.8179092202306041f,0.22341281780273564f,1.7498515888882067f,0f,0f,0f,1f], start_interpolation: 0, interpolation_duration: 1 }
$data merge entity $(bone_leftthumb) { transformation: [-0.1305261922200514f,-0.33909411358656827f,-0.9316534201490777f,1.2379312046583293f,0.8377658938160036f,0.46480069878680813f,-0.2865460129996018f,2.5654794027129553f,0.5301992269922763f,-0.8179092202306041f,0.22341281780273564f,1.56835778782318f,0f,0f,0f,1f], start_interpolation: 0, interpolation_duration: 1 }
$data merge entity $(bone_leftpointerfinger) { transformation: [-0.12854320606946834f,0.02266563541681549f,-0.9914448613738105f,1.2057335290555f,0.9179009292675538f,0.38117335127323465f,-0.11029397231441374f,2.2932059125049977f,0.37541247744733214f,-0.9242257003839935f,-0.06980205245243978f,1.7843592417320653f,0f,0f,0f,1f], start_interpolation: 0, interpolation_duration: 1 }
$data merge entity $(bone_leftmidfinger) { transformation: [-0.12854320606946834f,0.02266563541681549f,-0.9914448613738105f,1.0508202694658422f,0.9179009292675538f,0.38117335127323465f,-0.11029397231441374f,2.2759724793308704f,0.37541247744733214f,-0.9242257003839935f,-0.06980205245243978f,1.7734526710363714f,0f,0f,0f,1f], start_interpolation: 0, interpolation_duration: 1 }
$data merge entity $(bone_leftringfinger) { transformation: [-0.12607862007251888f,0.03378266443126187f,-0.9914448613738105f,0.8959070098761843f,0.9476294856556564f,0.29972253433317964f,-0.11029397231441374f,2.258739046156743f,0.2934323422470778f,-0.9534280958713253f,-0.06980205245243978f,1.7625461003406777f,0f,0f,0f,1f], start_interpolation: 0, interpolation_duration: 1 }
$data merge entity $(bone_invisibility) { transformation: [-0.08641011328638329f,0.9876721143508954f,0.13052619222005116f,1.2122425199321718f,0.5231265644978754f,0.15648292135349243f,-0.8377658938160034f,2.5122246427701884f,-0.847863131548061f,-0.0041097272790443645f,-0.5301992269922762f,1.7935315890756311f,0f,0f,0f,1f], start_interpolation: 0, interpolation_duration: 1 }
$data merge entity $(bone_swiftness) { transformation: [-0.9914448613738105f,1.034820351859954e-16f,0.13052619222005118f,1.0195483964394114f,-0.11029397231441355f,0.53477429522162f,-0.8377658938160036f,2.4627605248403523f,-0.06980205245243967f,-0.8449949426891382f,-0.5301992269922763f,1.922484711384908f,0f,0f,0f,1f], start_interpolation: 0, interpolation_duration: 1 }
$data merge entity $(bone_suspicious_stew) { transformation: [-0.4190027039255485f,0.8985541982805566f,0.13052619222005143f,1.0263466084245825f,0.4380578612063962f,0.3259656690419264f,-0.8377658938160037f,2.4664769778727225f,-0.795325118639137f,-0.2938481501701787f,-0.5301992269922765f,1.820052842179352f,0f,0f,0f,1f], start_interpolation: 0, interpolation_duration: 1 }
$data merge entity $(bone_log) { transformation: [-0.1305261922200514f,1.034820351859954e-16f,-0.9914448613738105f,0.9676358000270553f,0.8377658938160036f,0.53477429522162f,-0.11029397231441374f,2.606694287368437f,0.5301992269922763f,-0.8449949426891382f,-0.06980205245243978f,1.7608626806650276f,0f,0f,0f,1f], start_interpolation: 0, interpolation_duration: 1 }
$data merge entity $(bone_planks) { transformation: [-0.1305261922200514f,1.034820351859954e-16f,-0.9914448613738105f,0.9553989695064254f,0.8377658938160036f,0.53477429522162f,-0.11029397231441374f,2.6852348399136874f,0.5301992269922763f,-0.8449949426891382f,-0.06980205245243978f,1.8105688581955535f,0f,0f,0f,1f], start_interpolation: 0, interpolation_duration: 1 }
$data merge entity $(bone_lefthand) { transformation: [-0.1305261922200514f,1.034820351859954e-16f,-0.9914448613738105f,1.0312499999999998f,0.8377658938160036f,0.53477429522162f,-0.11029397231441374f,2.5343930743546665f,0.5301992269922763f,-0.8449949426891382f,-0.06980205245243978f,1.4192454523838127f,0f,0f,0f,1f], start_interpolation: 0, interpolation_duration: 1 }
$data merge entity $(bone_leftforearm) { transformation: [-1f,1.034820351859954e-16f,6.549096289094383e-17f,0.9687499999999999f,0f,0.53477429522162f,-0.8449949426891382f,2.923609296661886f,-1.2246467991473532e-16f,-0.8449949426891382f,-0.53477429522162f,0.83346423166835f,0f,0f,0f,1f], start_interpolation: 0, interpolation_duration: 1 }
$data merge entity $(bone_leftelbow) { transformation: [-1f,1.11253840398313e-16f,5.118770187501359e-17f,0.9687499999999999f,0f,0.4179793056304274f,-0.9084565482535233f,3.001980416467591f,-1.2246467991473532e-16f,-0.9084565482535233f,-0.4179793056304274f,0.6631286288708144f,0f,0f,0f,1f], start_interpolation: 0, interpolation_duration: 1 }
$data merge entity $(bone_leftarm) { transformation: [-1f,2.1882070672659612e-17f,1.2049387042374939e-16f,0.7499999999999999f,0f,0.9839071192415799f,-0.17868066684937042f,3.499517746927424f,-1.2246467991473532e-16f,-0.17868066684937042f,-0.9839071192415799f,0.6045353929224285f,0f,0f,0f,1f], start_interpolation: 0, interpolation_duration: 1 }
$data merge entity $(bone_rightthumb2) { transformation: [-0.0324624396182871f,0.2021495630925556f,-0.978816501779326f,-1.115783522681693f,0.9792110677447432f,0.2026273690689157f,0.009371985403778205f,2.620388580046256f,0.2002295553114681f,-0.9581637143232351f,-0.20452486825340682f,1.8756492952375465f,0f,0f,0f,1f], start_interpolation: 0, interpolation_duration: 1 }
$data merge entity $(bone_rightthumb) { transformation: [-0.0324624396182871f,0.2021495630925556f,-0.978816501779326f,-1.1498550696557737f,0.9792110677447432f,0.2026273690689157f,0.009371985403778205f,2.670882329047783f,0.2002295553114681f,-0.9581637143232351f,-0.20452486825340682f,1.623188646598865f,0f,0f,0f,1f], start_interpolation: 0, interpolation_duration: 1 }
$data merge entity $(bone_rightpointerfinger) { transformation: [-0.04124918266712578f,0.20054116977263334f,-0.978816501779326f,-1.2656179978996747f,0.9694405940814219f,0.24514709958849323f,0.009371985403778205f,2.7119357459224283f,0.24183349535652277f,-0.9485178642437754f,-0.20452486825340682f,1.9498991197739897f,0f,0f,0f,1f], start_interpolation: 0, interpolation_duration: 1 }
$data merge entity $(bone_rightmidfinger) { transformation: [-0.04124918266712578f,0.20054116977263334f,-0.978816501779326f,-1.4185580763026944f,0.9694405940814219f,0.24514709958849323f,0.009371985403778205f,2.713400118641769f,0.24183349535652277f,-0.9485178642437754f,-0.20452486825340682f,1.9179421091093949f,0f,0f,0f,1f], start_interpolation: 0, interpolation_duration: 1 }
$data merge entity $(bone_rightringfinger) { transformation: [-0.06707216546496825f,0.19344141351924093f,-0.978816501779326f,-1.571498154705714f,0.9291487779661238f,0.369587221496698f,0.009371985403778205f,2.714864491361109f,0.3635710013517275f,-0.9088375571256f,-0.20452486825340682f,1.8859850984448001f,0f,0f,0f,1f], start_interpolation: 0, interpolation_duration: 1 }
$data merge entity $(bone_hugeasssword) { transformation: [-0.0000012714455517162449f,0.00000791752455445843f,-0.000038336979653023606f,-1.3535796029356093f,0.000038352433486669115f,0.000007936238621865866f,3.6706942831464644e-7f,2.494309425842261f,0.000007842324249699169f,-0.000037528078810993387f,-0.000008010557339925101f,1.6733248300743386f,0f,0f,0f,1f], start_interpolation: 0, interpolation_duration: 1 }
$data merge entity $(bone_ice) { transformation: [-0.0324624396182871f,0.2021495630925556f,-0.978816501779326f,-1.3562309642398949f,0.9792110677447432f,0.2026273690689157f,0.009371985403778205f,2.475843200267047f,0.2002295553114681f,-0.9581637143232351f,-0.20452486825340682f,1.6851675513088975f,0f,0f,0f,1f], start_interpolation: 0, interpolation_duration: 1 }
$data merge entity $(bone_righthand) { transformation: [-0.0324624396182871f,0.2021495630925556f,-0.978816501779326f,-1.3443971990519317f,0.9792110677447432f,0.2026273690689157f,0.009371985403778205f,2.77159568401433f,0.2002295553114681f,-0.9581637143232351f,-0.20452486825340682f,1.4892926094230368f,0f,0f,0f,1f], start_interpolation: 0, interpolation_duration: 1 }
$data merge entity $(bone_rightforearm) { transformation: [-0.9536955904735654f,0.193328486259901f,-0.23041010635762615f,-1.1452569748340031f,0.28833416920209193f,0.36962380166440517f,-0.8833128846075393f,3.027268297806477f,-0.08560448342123646f,-0.9088467096510873f,-0.4082517982502656f,0.8619889812611037f,0f,0f,0f,1f], start_interpolation: 0, interpolation_duration: 1 }
$data merge entity $(bone_rightelbow) { transformation: [-0.9536955904735654f,0.193328486259901f,-0.23041010635762615f,-1.1090078836602717f,0.28833416920209193f,0.36962380166440517f,-0.8833128846075393f,3.096572760618553f,-0.08560448342123646f,-0.9088467096510873f,-0.4082517982502656f,0.6915802232015248f,0f,0f,0f,1f], start_interpolation: 0, interpolation_duration: 1 }
$data merge entity $(bone_rightarm) { transformation: [-0.9536955904735654f,0.300773537181031f,-0.000006548917238933257f,-0.7500000000000001f,0.28833416920209193f,0.9142465267441151f,-0.2846343183926732f,3.499517746927424f,-0.08560448342123646f,-0.2714563826251526f,-0.9586361691227022f,0.6045353929224284f,0f,0f,0f,1f], start_interpolation: 0, interpolation_duration: 1 }
$data merge entity $(bone_chest) { transformation: [-1.0833333333333333f,-2.2391917893303115e-18f,1.3265117213739955e-16f,-0.0023231250000000604f,0f,1.0831790213288963f,0.01828438853463157f,3.341097695031135f,-1.3267006990762992e-16f,0.01828438853463157f,-1.0831790213288963f,0.4917761589526184f,0f,0f,0f,1f], start_interpolation: 0, interpolation_duration: 1 }
$data merge entity $(bone_chest1lid) { transformation: [-1f,-2.066946267074134e-18f,1.2244723581913806e-16f,-0.34375000000000017f,0f,0.9998575581497505f,0.01687789710889068f,2.6511410236766966f,-1.2246467991473532e-16f,0.01687789710889068f,-0.9998575581497505f,0.8715046054664193f,0f,0f,0f,1f], start_interpolation: 0, interpolation_duration: 1 }
$data merge entity $(bone_chest1) { transformation: [-1f,-2.066946267074134e-18f,1.2244723581913806e-16f,-0.34375000000000017f,0f,0.9998575581497505f,0.01687789710889068f,2.494913280215798f,-1.2246467991473532e-16f,0.01687789710889068f,-0.9998575581497505f,0.8688674340431551f,0f,0f,0f,1f], start_interpolation: 0, interpolation_duration: 1 }
$data merge entity $(bone_chest1lid3) { transformation: [-1f,-2.066946267074134e-18f,1.2244723581913806e-16f,-0.28125000000000006f,0f,0.9998575581497505f,0.01687789710889068f,2.6619534265120794f,-1.2246467991473532e-16f,0.01687789710889068f,-0.9998575581497505f,0.23097085727673536f,0f,0f,0f,1f], start_interpolation: 0, interpolation_duration: 1 }
$data merge entity $(bone_chest3) { transformation: [-1f,-2.066946267074134e-18f,1.2244723581913806e-16f,-0.28125000000000006f,0f,0.9998575581497505f,0.01687789710889068f,2.505725683051181f,-1.2246467991473532e-16f,0.01687789710889068f,-0.9998575581497505f,0.2283336858534712f,0f,0f,0f,1f], start_interpolation: 0, interpolation_duration: 1 }
$data merge entity $(bone_hugeasssword2) { transformation: [-1.34925970958133e-15f,2.887669569172986f,-2.646061646494669f,-1.2343750000000002f,-0.06610509700982162f,2.6456847365778686f,2.887258244176644f,4.505704516493009f,3.9161087694198566f,0.04465995621331947f,0.04873778987297514f,0.24646670572516255f,0f,0f,0f,1f], start_interpolation: 0, interpolation_duration: 1 }
$data merge entity $(bone_belt) { transformation: [-1f,-2.066946267074134e-18f,1.2244723581913806e-16f,0.029705624999999923f,0f,0.9998575581497505f,0.01687789710889068f,2.9406150749670483f,-1.2246467991473532e-16f,0.01687789710889068f,-0.9998575581497505f,0.6159370402029317f,0f,0f,0f,1f], start_interpolation: 0, interpolation_duration: 1 }
$data merge entity $(bone_torn_part) { transformation: [-1f,-3.8791875635276545e-17f,1.1615846164320452e-16f,-0.09375000000000008f,0f,0.9485058199970682f,0.3167597029795444f,2.6556242150962457f,-1.2246467991473532e-16f,0.3167597029795444f,-0.9485058199970682f,0.6059174415828918f,0f,0f,0f,1f], start_interpolation: 0, interpolation_duration: 1 }
$data merge entity $(bone_lowerbody) { transformation: [-1f,-2.066946267074134e-18f,1.2244723581913806e-16f,0.0039062499999999094f,0f,0.9998575581497505f,0.01687789710889068f,2.1650390625f,-1.2246467991473532e-16f,0.01687789710889068f,-0.9998575581497505f,0.73828125f,0f,0f,0f,1f], start_interpolation: 0, interpolation_duration: 1 }
$data merge entity $(bone_leftfoot) { transformation: [-0.9729578451305486f,-0.06985573828290147f,-0.22016631765070288f,0.23049605437343268f,-0.04452208930501454f,0.9920149079086255f,-0.11800087309404933f,0.17798032767520566f,0.2266513074368549f,-0.10500761075270876f,-0.9682988105544548f,-0.04935942543149119f,0f,0f,0f,1f], start_interpolation: 0, interpolation_duration: 1 }
$data merge entity $(bone_leftlowerleg) { transformation: [-0.9729578451305486f,0.054101233132958684f,-0.2245575386675154f,0.3250168932573408f,-0.04452208930501454f,0.9100269428428243f,0.41215136402062225f,1.124216213471913f,0.2266513074368549f,0.4110036737957903f,-0.8830091533860381f,0.5422682684384323f,0f,0f,0f,1f], start_interpolation: 0, interpolation_duration: 1 }
$data merge entity $(bone_leftleg) { transformation: [-0.9729578451305486f,-0.047527970299856184f,-0.22604009298815864f,0.24999999999999994f,-0.04452208930501454f,0.998839300146873f,-0.018380316809596155f,2.1845703125f,0.2266513074368549f,-0.007819496229348886f,-0.9739445776407831f,0.56640625f,0f,0f,0f,1f], start_interpolation: 0, interpolation_duration: 1 }
$data merge entity $(bone_rightfoot) { transformation: [-0.9905012255519768f,0.021128081007752868f,0.1358709916537075f,-0.3621288344787283f,0.04324621745963608f,0.9858484168586373f,0.16196500749468232f,0.29099351286814457f,-0.1305261922200517f,0.16630244487153054f,-0.9773977746927225f,0.5504992044699688f,0f,0f,0f,1f], start_interpolation: 0, interpolation_duration: 1 }
$data merge entity $(bone_rightlowerleg) { transformation: [-0.9905012255519768f,-0.0067199940726626745f,0.13733959319764785f,-0.3906854555371868f,0.04324621745963608f,0.9328957389163537f,0.35754063403639097f,1.2709901690490568f,-0.1305261922200517f,0.3600838541109195f,-0.9237437583838715f,1.091896417221009f,0f,0f,0f,1f], start_interpolation: 0, interpolation_duration: 1 }
$data merge entity $(bone_rightleg) { transformation: [-0.9905012255519768f,0.10544067072982159f,0.0882586377420214f,-0.25000000000000006f,0.04324621745963608f,0.8481719610798707f,-0.527952733787183f,2.1845703125f,-0.1305261922200517f,-0.5191209776092387f,-0.8446752771039072f,0.56640625f,0f,0f,0f,1f], start_interpolation: 0, interpolation_duration: 1 }
data modify entity @s data merge value {"locators":{"lefthand":{"posx":0.9953639565066509,"posy":2.48809783632641,"posz":1.77826239010166,"roty":274.02722810325463,"rotx":-6.33226205646845},"righthand":{"posx":-1.3471388970371285,"posy":2.564331747954481,"posz":1.7221060812221076,"roty":281.8022124953472,"rotx":0.5369830703953885},"chest":{"posx":-0.37500000000000017,"posy":2.5860127548690732,"posz":1.026677480358012,"roty":0,"rotx":0.967078189300416},"sack":{"posx":0,"posy":-0.4375,"posz":0,"roty":0,"rotx":0}},"cameras":{}}