# This file was generated by Animated Java via MC-Build. It is not recommended to edit this file directly.
$data merge entity $(bone_nose) { transformation: [-1f,-1.9454511675230468e-17f,1.2090955215406638e-16f,-4.396421908538856e-17f,0f,0.9873014181578584f,0.1588581433338613f,4.171606794979718f,-1.2246467991473532e-16f,0.1588581433338613f,-0.9873014181578584f,0.357732434164317f,0f,0f,0f,1f], start_interpolation: 0, interpolation_duration: 1 }
$data merge entity $(bone_glowing_eye) { transformation: [-1f,-1.9454511675230468e-17f,1.2090955215406638e-16f,-0.12500000000000006f,0f,0.9873014181578584f,0.1588581433338613f,4.232911668615054f,-1.2246467991473532e-16f,0.1588581433338613f,-0.9873014181578584f,0.40294092124043884f,0f,0f,0f,1f], start_interpolation: 0, interpolation_duration: 1 }
$data merge entity $(bone_head) { transformation: [-1f,-1.9454511675230468e-17f,1.2090955215406638e-16f,-1.8921118590470388e-17f,0f,0.9873014181578584f,0.1588581433338613f,4.0794448828125f,-1.2246467991473532e-16f,0.1588581433338613f,-0.9873014181578584f,0.15324f,0f,0f,0f,1f], start_interpolation: 0, interpolation_duration: 1 }
$data merge entity $(bone_leftthumb2) { transformation: [-0.13052619222005143f,-0.33909411358656827f,-0.9316534201490777f,1.4007082649619733f,0.7829707066475972f,0.5412070067595187f,-0.30667873804058343f,2.4814107296746055f,0.6082103136878696f,-0.769486944636062f,0.1948590679397843f,1.2983703824629447f,0f,0f,0f,1f], start_interpolation: 0, interpolation_duration: 1 }
$data merge entity $(bone_leftthumb) { transformation: [-0.13052619222005143f,-0.33909411358656827f,-0.9316534201490777f,1.2379312046583295f,0.7829707066475972f,0.5412070067595187f,-0.30667873804058343f,2.5879296907737235f,0.6082103136878696f,-0.769486944636062f,0.1948590679397843f,1.1263116492414993f,0f,0f,0f,1f], start_interpolation: 0, interpolation_duration: 1 }
$data merge entity $(bone_leftpointerfinger) { transformation: [-0.12854320606946837f,0.022665635416815485f,-0.9914448613738105f,1.2057335290555002f,0.8776015792270324f,0.46817728652976454f,-0.10308004906792421f,2.296169310142027f,0.4618355901309481f,-0.8833438160471713f,-0.0800724068554215f,1.315164401020293f,0f,0f,0f,1f], start_interpolation: 0, interpolation_duration: 1 }
$data merge entity $(bone_leftmidfinger) { transformation: [-0.12854320606946837f,0.022665635416815485f,-0.9914448613738105f,1.0508202694658424f,0.8776015792270324f,0.46817728652976454f,-0.10308004906792421f,2.280063052475164f,0.4618355901309481f,-0.8833438160471713f,-0.0800724068554215f,1.3026530874491333f,0f,0f,0f,1f], start_interpolation: 0, interpolation_duration: 1 }
$data merge entity $(bone_leftringfinger) { transformation: [-0.1260786200725189f,0.03378266443126188f,-0.9914448613738105f,0.8959070098761845f,0.9150663794079974f,0.38990771313388173f,-0.10308004906792421f,2.263956794808301f,0.38308967988938114f,-0.920234050023488f,-0.0800724068554215f,1.2901417738779737f,0f,0f,0f,1f], start_interpolation: 0, interpolation_duration: 1 }
$data merge entity $(bone_invisibility) { transformation: [-0.08641011328638329f,0.9876721143508954f,0.13052619222005118f,1.212242519932172f,0.6021401233305315f,0.1561542327548472f,-0.7829707066475969f,2.5132945966025098f,-0.7937005507099806f,0.010938470019907817f,-0.6082103136878695f,1.3453297145810832f,0f,0f,0f,1f], start_interpolation: 0, interpolation_duration: 1 }
$data merge entity $(bone_swiftness) { transformation: [-0.9914448613738105f,9.671365570380371e-17f,0.1305261922200512f,1.0195483964394116f,-0.10308004906792403f,0.6134585365091245f,-0.7829707066475972f,2.4516740106318f,-0.08007240685542136f,-0.7897269300106735f,-0.6082103136878696f,1.468935985055175f,0f,0f,0f,1f], start_interpolation: 0, interpolation_duration: 1 }
$data merge entity $(bone_suspicious_stew) { transformation: [-0.4190027039255485f,0.8985541982805565f,0.13052619222005146f,1.0263466084245827f,0.5124187375050945f,0.3526810315078592f,-0.7829707066475973f,2.4652112185034087f,-0.7495757276998531f,-0.2611827765510945f,-0.6082103136878698f,1.367334588139942f,0f,0f,0f,1f], start_interpolation: 0, interpolation_duration: 1 }
$data merge entity $(bone_log) { transformation: [-0.13052619222005143f,9.671365570380371e-17f,-0.9914448613738105f,0.9676358000270555f,0.7829707066475972f,0.6134585365091245f,-0.10308004906792421f,2.6104651620152026f,0.6082103136878696f,-0.7897269300106735f,-0.0800724068554215f,1.3218850447254975f,0f,0f,0f,1f], start_interpolation: 0, interpolation_duration: 1 }
$data merge entity $(bone_planks) { transformation: [-0.13052619222005143f,9.671365570380371e-17f,-0.9914448613738105f,0.9553989695064257f,0.7829707066475972f,0.6134585365091245f,-0.10308004906792421f,2.683868665763415f,0.6082103136878696f,-0.7897269300106735f,-0.0800724068554215f,1.3789047616337353f,0f,0f,0f,1f], start_interpolation: 0, interpolation_duration: 1 }
$data merge entity $(bone_lefthand) { transformation: [-0.13052619222005143f,9.671365570380371e-17f,-0.9914448613738105f,1.03125f,0.7829707066475972f,0.6134585365091245f,-0.10308004906792421f,2.571308371013957f,0.6082103136878696f,-0.7897269300106735f,-0.0800724068554215f,0.9749029965150937f,0f,0f,0f,1f], start_interpolation: 0, interpolation_duration: 1 }
$data merge entity $(bone_leftforearm) { transformation: [-1f,9.671365570380371e-17f,7.512700331455188e-17f,0.96875f,0f,0.6134585365091245f,-0.7897269300106735f,3.014985887778352f,-1.2246467991473532e-16f,-0.7897269300106735f,-0.6134585365091245f,0.42921153848429394f,0f,0f,0f,1f], start_interpolation: 0, interpolation_duration: 1 }
$data merge entity $(bone_leftelbow) { transformation: [-1f,1.128625170584193e-16f,4.7535776735597666e-17f,0.96875f,0f,0.38815907385455084f,-0.9215923900425705f,3.08776571412608f,-1.2246467991473532e-16f,-0.9215923900425705f,-0.38815907385455084f,0.25641296535131197f,0f,0f,0f,1f], start_interpolation: 0, interpolation_duration: 1 }
$data merge entity $(bone_leftarm) { transformation: [-1f,2.5796251642147392e-17f,1.1971696299118844e-16f,0.75f,0f,0.9775631886233652f,-0.21064237999158408f,3.5831298828125f,-1.2246467991473532e-16f,-0.21064237999158408f,-0.9775631886233652f,0.18164062500000008f,0f,0f,0f,1f], start_interpolation: 0, interpolation_duration: 1 }
$data merge entity $(bone_rightthumb2) { transformation: [0.048266134100270947f,0.20843004558519043f,-0.9768455847248173f,-1.136785376880767f,0.9721330996493365f,0.21481598249078993f,0.09386868611357932f,2.698767073691746f,0.22940709855012698f,-0.9541546047490794f,-0.19225340925700174f,1.461718052461304f,0f,0f,0f,1f], start_interpolation: 0, interpolation_duration: 1 }
$data merge entity $(bone_rightthumb) { transformation: [0.048266134100270947f,0.20843004558519043f,-0.9768455847248173f,-1.169148252982962f,0.9721330996493365f,0.21481598249078993f,0.09386868611357932f,2.759470865521295f,0.22940709855012698f,-0.9541546047490794f,-0.19225340925700174f,1.2112892960845476f,0f,0f,0f,1f], start_interpolation: 0, interpolation_duration: 1 }
$data merge entity $(bone_rightpointerfinger) { transformation: [0.03912860453855209f,0.210337005566057f,-0.9768455847248173f,-1.2780498900573614f,0.9618377027929975f,0.25701537551905235f,0.09386868611357932f,2.7997115237022245f,0.2708083931357275f,-0.9432398638926924f,-0.19225340925700174f,1.5404507986128375f,0f,0f,0f,1f], start_interpolation: 0, interpolation_duration: 1 }
$data merge entity $(bone_rightmidfinger) { transformation: [0.03912860453855209f,0.210337005566057f,-0.9768455847248173f,-1.430682012670614f,0.9618377027929975f,0.25701537551905235f,0.09386868611357932f,2.814378505907471f,0.2708083931357275f,-0.9432398638926924f,-0.19225340925700174f,1.510411203416431f,0f,0f,0f,1f], start_interpolation: 0, interpolation_duration: 1 }
$data merge entity $(bone_rightringfinger) { transformation: [0.011339365482970203f,0.2136448510825232f,-0.9768455847248173f,-1.5833141352838667f,0.9200618096011991f,0.3803615862316763f,0.09386868611357932f,2.829045488112718f,0.39160909757538853f,-0.8998227277221049f,-0.19225340925700174f,1.4803716082200244f,0f,0f,0f,1f], start_interpolation: 0, interpolation_duration: 1 }
$data merge entity $(bone_hugeasssword) { transformation: [0.000001890423585593946f,0.000008163510118753292f,-0.00003825978540172201f,-1.3859021392701814f,0.000038075213069599017f,0.000008413625980889273f,0.0000036765235394485237f,2.5983234495360334f,0.000008985111359879974f,-0.00003737105535267229f,-0.000007529925195899235f,1.2586662482940374f,0f,0f,0f,1f], start_interpolation: 0, interpolation_duration: 1 }
$data merge entity $(bone_ice) { transformation: [0.048266134100270947f,0.20843004558519043f,-0.9768455847248173f,-1.3899130170777667f,0.9721330996493365f,0.21481598249078993f,0.09386868611357932f,2.579777370127594f,0.22940709855012698f,-0.9541546047490794f,-0.19225340925700174f,1.269990428078396f,0f,0f,0f,1f], start_interpolation: 0, interpolation_duration: 1 }
$data merge entity $(bone_righthand) { transformation: [0.048266134100270947f,0.20843004558519043f,-0.9768455847248173f,-1.3562653966790519f,0.9721330996493365f,0.21481598249078993f,0.09386868611357932f,2.879448037103675f,0.22940709855012698f,-0.9541546047490794f,-0.19225340925700174f,1.0827956324893766f,0f,0f,0f,1f], start_interpolation: 0, interpolation_duration: 1 }
$data merge entity $(bone_rightforearm) { transformation: [-0.9498722798567949f,0.20091564810740067f,-0.2395319484019572f,-1.1518868774187057f,0.2981267615976265f,0.3513847525302849f,-0.8874960223620962f,3.1217496439760875f,-0.094143964113302f,-0.9144187542011666f,-0.393668967517405f,0.45188002131622224f,0f,0f,0f,1f], start_interpolation: 0, interpolation_duration: 1 }
$data merge entity $(bone_rightelbow) { transformation: [-0.9498722798567949f,0.20091564810740067f,-0.2395319484019572f,-1.114215193398568f,0.2981267615976265f,0.3513847525302849f,-0.8874960223620962f,3.1876342850755157f,-0.094143964113302f,-0.9144187542011666f,-0.393668967517405f,0.2804265049035035f,0f,0f,0f,1f], start_interpolation: 0, interpolation_duration: 1 }
$data merge entity $(bone_rightarm) { transformation: [-0.9498722798567949f,0.31261297105325064f,-0.00397269290459617f,-0.75f,0.2981267615976265f,0.9018833429821018f,-0.3126129710532506f,3.5831298828125f,-0.094143964113302f,-0.29812676159762647f,-0.9498722798567949f,0.18164062499999992f,0f,0f,0f,1f], start_interpolation: 0, interpolation_duration: 1 }
$data merge entity $(bone_chest) { transformation: [-1.0833333333333333f,0f,1.3267006990762992e-16f,-0.002323125000000009f,0f,1.0833333333333333f,0f,3.4228292578125f,-1.3267006990762992e-16f,0f,-1.0833333333333333f,0.07157125f,0f,0f,0f,1f], start_interpolation: 0, interpolation_duration: 1 }
$data merge entity $(bone_chest1lid) { transformation: [-1f,0f,1.2246467991473532e-16f,-0.3437500000000001f,0f,1f,0f,2.7393798828125f,-1.2246467991473532e-16f,0f,-1f,0.46289062499999994f,0f,0f,0f,1f], start_interpolation: 0, interpolation_duration: 1 }
$data merge entity $(bone_chest1) { transformation: [-1f,0f,1.2246467991473532e-16f,-0.3437500000000001f,0f,1f,0f,2.5831298828125f,-1.2246467991473532e-16f,0f,-1f,0.46289062499999994f,0f,0f,0f,1f], start_interpolation: 0, interpolation_duration: 1 }
$data merge entity $(bone_chest1lid3) { transformation: [-1f,0f,1.2246467991473532e-16f,-0.28125f,0f,1f,0f,2.7393798828125f,-1.2246467991473532e-16f,0f,-1f,-0.17773437500000006f,0f,0f,0f,1f], start_interpolation: 0, interpolation_duration: 1 }
$data merge entity $(bone_chest3) { transformation: [-1f,0f,1.2246467991473532e-16f,-0.28125f,0f,1f,0f,2.5831298828125f,-1.2246467991473532e-16f,0f,-1f,-0.17773437500000006f,0f,0f,0f,1f], start_interpolation: 0, interpolation_duration: 1 }
$data merge entity $(bone_hugeasssword2) { transformation: [-1.3493280322890861e-15f,2.887669569172986f,-2.646061646494669f,-1.234375f,2.1741867565575984e-16f,2.6460616464946694f,2.887669569172986f,4.5831298828125f,3.916666666666667f,5.710562051440511e-16f,-1.1937237951956666e-15f,-0.19335937500000017f,0f,0f,0f,1f], start_interpolation: 0, interpolation_duration: 1 }
$data merge entity $(bone_belt) { transformation: [-1f,0f,1.2246467991473532e-16f,0.029705624999999975f,0f,1f,0f,3.0244992578125f,-1.2246467991473532e-16f,0f,-1f,0.20247375f,0f,0f,0f,1f], start_interpolation: 0, interpolation_duration: 1 }
$data merge entity $(bone_torn_part) { transformation: [-1f,-3.6825839484795376e-17f,1.16796641102639e-16f,-0.09375000000000003f,0f,0.9537169507482269f,0.30070579950427306f,2.7393798828125f,-1.2246467991473532e-16f,0.30070579950427306f,-0.9537169507482269f,0.197265625f,0f,0f,0f,1f], start_interpolation: 0, interpolation_duration: 1 }
$data merge entity $(bone_lowerbody) { transformation: [-1f,0f,1.2246467991473532e-16f,0.0039062499999999584f,0f,1f,0f,2.2510986328125f,-1.2246467991473532e-16f,0f,-1f,0.337890625f,0f,0f,0f,1f], start_interpolation: 0, interpolation_duration: 1 }
$data merge entity $(bone_leftfoot) { transformation: [-0.9733415354123987f,-0.028096317567319264f,-0.22763315307790877f,0.30271465752697285f,-0.0442204593150419f,0.9968362562741808f,0.06604565962455305f,0.19969652240375213f,0.2250573402913156f,0.07435102633072349f,-0.9715045643045466f,-0.15176231825438058f,0f,0f,0f,1f], start_interpolation: 0, interpolation_duration: 1 }
$data merge entity $(bone_leftlowerleg) { transformation: [-0.9733415354123987f,0.02107559728650761f,-0.2283901806997211f,0.3611865503241638f,-0.0442204593150419f,0.959843246009622f,0.27702977108549f,1.2219582111236396f,0.2250573402913156f,0.2797441014368832f,-0.9333233262338779f,0.3019798400634448f,0f,0f,0f,1f], start_interpolation: 0, interpolation_duration: 1 }
$data merge entity $(bone_leftleg) { transformation: [-0.9733415354123987f,-0.08127531520790864f,-0.2144774547100217f,0.24999999999999997f,-0.0442204593150419f,0.9840644515808593f,-0.1722257417252989f,2.2706298828125f,0.2250573402913156f,-0.1581501763284434f,-0.9614248360159421f,0.16601562500000003f,0f,0f,0f,1f], start_interpolation: 0, interpolation_duration: 1 }
$data merge entity $(bone_rightfoot) { transformation: [-0.9891219179815968f,0.028581533513634252f,0.14429458517358304f,-0.3371290995700796f,0.04622678525132888f,0.9916416719538154f,0.12045695816335888f,0.1927895111701996f,-0.13964567910871759f,0.12581689229451934f,-0.9821757449253237f,-0.1284480406868555f,0f,0f,0f,1f], start_interpolation: 0, interpolation_duration: 1 }
$data merge entity $(bone_rightlowerleg) { transformation: [-0.9891219179815968f,0.007638233834026349f,0.1468995873115515f,-0.351225912815182f,0.04622678525132888f,0.9641974890197771f,0.26112503995841585f,1.222325380583954f,-0.13964567910871759f,0.2650751960328493f,-0.9540619606474264f,0.3122072011444859f,0f,0f,0f,1f], start_interpolation: 0, interpolation_duration: 1 }
$data merge entity $(bone_rightleg) { transformation: [-0.9891219179815968f,0.06935905162230159f,0.12971951790868755f,-0.25f,0.04622678525132888f,0.9837463832388379f,-0.1735112036435486f,2.2706298828125f,-0.13964567910871759f,-0.16562721824193144f,-0.9762513553812382f,0.16601562499999997f,0f,0f,0f,1f], start_interpolation: 0, interpolation_duration: 1 }
data modify entity @s data merge value {"locators":{"lefthand":{"posx":0.9953639565066511,"posy":2.490745835868901,"posz":1.3278138755814597,"roty":274.6173771274225,"rotx":-5.916561214284183},"righthand":{"posx":-1.3733815742068096,"posy":2.666091650272776,"posz":1.3094099687863154,"roty":281.1341056279927,"rotx":5.3862093250521195},"chest":{"posx":-0.3750000000000001,"posy":2.6768798828125,"posz":0.619140625,"roty":0,"rotx":0},"sack":{"posx":0,"posy":-0.4375,"posz":0,"roty":0,"rotx":0}},"cameras":{}}