# This file was generated by Animated Java via MC-Build. It is not recommended to edit this file directly.
$data merge entity $(bone_nose) {transformation: [-1f,0f,0f,0f,0f,0.8951f,0.4459f,3.9588f,0f,0.4459f,-0.8951f,0.498f,0f,0f,0f,1f],start_interpolation: 0,interpolation_duration: 1}
$data merge entity $(bone_glowing_eye) {transformation: [-1f,0f,0f,-0.125f,0f,0.8951f,0.4459f,4.0038f,0f,0.4459f,-0.8951f,0.5594f,0f,0f,0f,1f],start_interpolation: 0,interpolation_duration: 1}
$data merge entity $(bone_head) {transformation: [-1f,0f,0f,0f,0f,0.8951f,0.4459f,3.9317f,0f,0.4459f,-0.8951f,0.2753f,0f,0f,0f,1f],start_interpolation: 0,interpolation_duration: 1}
$data merge entity $(bone_leftthumb2) {transformation: [-0.9984f,-0.0525f,0.021f,1.0404f,-0.0529f,0.9985f,-0.0174f,1.7526f,-0.02f,-0.0184f,-0.9996f,0.3129f,0f,0f,0f,1f],start_interpolation: 0,interpolation_duration: 1}
$data merge entity $(bone_leftthumb) {transformation: [-0.9984f,-0.0525f,0.021f,1.0293f,-0.0529f,0.9985f,-0.0174f,1.996f,-0.02f,-0.0184f,-0.9996f,0.223f,0f,0f,0f,1f],start_interpolation: 0,interpolation_duration: 1}
$data merge entity $(bone_leftpointerfinger) {transformation: [-0.9984f,-0.0525f,0.021f,1.1567f,-0.0529f,0.9985f,-0.0174f,1.6733f,-0.02f,-0.0184f,-0.9996f,0.1844f,0f,0f,0f,1f],start_interpolation: 0,interpolation_duration: 1}
$data merge entity $(bone_leftmidfinger) {transformation: [-0.9984f,-0.0525f,0.021f,1.16f,-0.0529f,0.9985f,-0.0174f,1.6706f,-0.02f,-0.0184f,-0.9996f,0.0282f,0f,0f,0f,1f],start_interpolation: 0,interpolation_duration: 1}
$data merge entity $(bone_leftringfinger) {transformation: [-0.9984f,-0.0525f,0.021f,1.1633f,-0.0529f,0.9985f,-0.0174f,1.6679f,-0.02f,-0.0184f,-0.9996f,-0.128f,0f,0f,0f,1f],start_interpolation: 0,interpolation_duration: 1}
$data merge entity $(bone_invisibility) {transformation: [-0.0505f,-0.0254f,0.9984f,0.9631f,0.9931f,0.1043f,0.0529f,1.7732f,-0.1055f,0.9942f,0.02f,0.2098f,0f,0f,0f,1f],start_interpolation: 0,interpolation_duration: 1}
$data merge entity $(bone_swiftness) {transformation: [0.021f,-0.0525f,0.9984f,0.9222f,-0.0174f,0.9985f,0.0529f,1.632f,-0.9996f,-0.0184f,0.02f,0.0239f,0f,0f,0f,1f],start_interpolation: 0,interpolation_duration: 1}
$data merge entity $(bone_suspicious_stew) {transformation: [-0.0387f,-0.0412f,0.9984f,0.9695f,0.8976f,0.4377f,0.0529f,1.7231f,-0.4392f,0.8982f,0.02f,0.0233f,0f,0f,0f,1f],start_interpolation: 0,interpolation_duration: 1}
$data merge entity $(bone_log) {transformation: [-0.9984f,-0.0525f,0.021f,0.8704f,-0.0529f,0.9985f,-0.0174f,1.8422f,-0.02f,-0.0184f,-0.9996f,-0.0278f,0f,0f,0f,1f],start_interpolation: 0,interpolation_duration: 1}
$data merge entity $(bone_planks) {transformation: [-0.9984f,-0.0525f,0.021f,0.7768f,-0.0529f,0.9985f,-0.0174f,1.8372f,-0.02f,-0.0184f,-0.9996f,-0.0296f,0f,0f,0f,1f],start_interpolation: 0,interpolation_duration: 1}
$data merge entity $(bone_lefthand1) {transformation: [-0.9984f,-0.0525f,0.021f,1.1062f,-0.0529f,0.9985f,-0.0174f,2.1055f,-0.02f,-0.0184f,-0.9996f,0.0039f,0f,0f,0f,1f],start_interpolation: 0,interpolation_duration: 1}
$data merge entity $(bone_leftforearm) {transformation: [-0.9984f,-0.0525f,0.021f,1.0065f,-0.0529f,0.9985f,-0.0174f,2.8045f,-0.02f,-0.0184f,-0.9996f,0.0053f,0f,0f,0f,1f],start_interpolation: 0,interpolation_duration: 1}
$data merge entity $(bone_leftelbow) {transformation: [-0.9984f,-0.0525f,0.021f,0.9967f,-0.0529f,0.9985f,-0.0174f,2.9917f,-0.02f,-0.0184f,-0.9996f,0.0018f,0f,0f,0f,1f],start_interpolation: 0,interpolation_duration: 1}
$data merge entity $(bone_leftarm) {transformation: [-0.9984f,-0.0565f,0.0017f,0.75f,-0.0529f,0.9442f,0.3252f,3.4421f,-0.02f,0.3246f,-0.9457f,0.1893f,0f,0f,0f,1f],start_interpolation: 0,interpolation_duration: 1}
$data merge entity $(bone_rightthumb2) {transformation: [-0.9996f,0.0254f,-0.0123f,-0.9953f,0.0264f,0.9956f,-0.0895f,1.774f,0.01f,-0.0897f,-0.9959f,0.3913f,0f,0f,0f,1f],start_interpolation: 0,interpolation_duration: 1}
$data merge entity $(bone_rightthumb) {transformation: [-0.9996f,0.0254f,-0.0123f,-0.9901f,0.0264f,0.9956f,-0.0895f,2.0105f,0.01f,-0.0897f,-0.9959f,0.2842f,0f,0f,0f,1f],start_interpolation: 0,interpolation_duration: 1}
$data merge entity $(bone_rightpointerfinger) {transformation: [-0.9996f,0.0254f,-0.0123f,-1.1084f,0.0264f,0.9956f,-0.0895f,1.6825f,0.01f,-0.0897f,-0.9959f,0.268f,0f,0f,0f,1f],start_interpolation: 0,interpolation_duration: 1}
$data merge entity $(bone_rightmidfinger) {transformation: [-0.9996f,0.0254f,-0.0123f,-1.1103f,0.0264f,0.9956f,-0.0895f,1.6686f,0.01f,-0.0897f,-0.9959f,0.1124f,0f,0f,0f,1f],start_interpolation: 0,interpolation_duration: 1}
$data merge entity $(bone_rightringfinger) {transformation: [-0.9996f,0.0254f,-0.0123f,-1.1122f,0.0264f,0.9956f,-0.0895f,1.6546f,0.01f,-0.0897f,-0.9959f,-0.0432f,0f,0f,0f,1f],start_interpolation: 0,interpolation_duration: 1}
$data merge entity $(bone_hugeasssword) {transformation: [-3.9151f,0.0996f,-0.0483f,-0.8394f,0.1036f,3.8996f,-0.3504f,1.8652f,0.0392f,-0.3515f,-3.9007f,0.1071f,0f,0f,0f,1f],start_interpolation: 0,interpolation_duration: 1}
$data merge entity $(bone_ice) {transformation: [-0.9996f,0.0254f,-0.0123f,-0.8242f,0.0264f,0.9956f,-0.0895f,1.8492f,0.01f,-0.0897f,-0.9959f,0.1083f,0f,0f,0f,1f],start_interpolation: 0,interpolation_duration: 1}
$data merge entity $(bone_righthand1) {transformation: [-0.9996f,0.0254f,-0.0123f,-1.0681f,0.0264f,0.9956f,-0.0895f,2.1019f,0.01f,-0.0897f,-0.9959f,0.0573f,0f,0f,0f,1f],start_interpolation: 0,interpolation_duration: 1}
$data merge entity $(bone_rightforearm) {transformation: [-0.9996f,0.0254f,-0.0123f,-0.9876f,0.0264f,0.9956f,-0.0895f,2.8017f,0.01f,-0.0897f,-0.9959f,0.0091f,0f,0f,0f,1f],start_interpolation: 0,interpolation_duration: 1}
$data merge entity $(bone_rightelbow) {transformation: [-0.9996f,0.0254f,-0.0123f,-0.9828f,0.0264f,0.9956f,-0.0895f,2.9884f,0.01f,-0.0897f,-0.9959f,-0.0077f,0f,0f,0f,1f],start_interpolation: 0,interpolation_duration: 1}
$data merge entity $(bone_rightarm) {transformation: [-0.9996f,0.0283f,-0.0004f,-0.75f,0.0264f,0.9402f,0.3397f,3.4421f,0.01f,0.3396f,-0.9405f,0.1893f,0f,0f,0f,1f],start_interpolation: 0,interpolation_duration: 1}
$data merge entity $(bone_chest1) {transformation: [-1.0833f,0f,0f,-0.0023f,0f,1.0545f,0.2481f,3.3113f,0f,0.2481f,-1.0545f,0.0454f,0f,0f,0f,1f],start_interpolation: 0,interpolation_duration: 1}
$data merge entity $(bone_chest1lid) {transformation: [-1f,0f,0f,-0.3438f,0f,0.9734f,0.229f,2.5564f,0f,0.229f,-0.9734f,0.2698f,0f,0f,0f,1f],start_interpolation: 0,interpolation_duration: 1}
$data merge entity $(bone_chest2) {transformation: [-1f,0f,0f,-0.3438f,0f,0.9734f,0.229f,2.4043f,0f,0.229f,-0.9734f,0.234f,0f,0f,0f,1f],start_interpolation: 0,interpolation_duration: 1}
$data merge entity $(bone_chest1lid3) {transformation: [-1f,0f,0f,-0.2812f,0f,0.9734f,0.229f,2.7031f,0f,0.229f,-0.9734f,-0.3538f,0f,0f,0f,1f],start_interpolation: 0,interpolation_duration: 1}
$data merge entity $(bone_chest3) {transformation: [-1f,0f,0f,-0.2812f,0f,0.9734f,0.229f,2.551f,0f,0.229f,-0.9734f,-0.3896f,0f,0f,0f,1f],start_interpolation: 0,interpolation_duration: 1}
$data merge entity $(bone_hugeasssword2) {transformation: [0f,2.8877f,-2.6461f,-1.2344f,-0.897f,2.5757f,2.8109f,4.5014f,3.8126f,0.606f,0.6614f,0.0533f,0f,0f,0f,1f],start_interpolation: 0,interpolation_duration: 1}
$data merge entity $(bone_belt) {transformation: [-1f,0f,0f,0.0297f,0f,0.9734f,0.229f,2.8936f,0f,0.229f,-0.9734f,0.0816f,0f,0f,0f,1f],start_interpolation: 0,interpolation_duration: 1}
$data merge entity $(bone_torn_part) {transformation: [-1f,0f,0f,-0.0938f,0f,0.9008f,0.4343f,2.6216f,0f,0.4343f,-0.9008f,0.0246f,0f,0f,0f,1f],start_interpolation: 0,interpolation_duration: 1}
$data merge entity $(bone_lowerbody) {transformation: [-1f,0f,0f,0.0039f,0f,0.9897f,0.1433f,2.1182f,0f,0.1433f,-0.9897f,0.0938f,0f,0f,0f,1f],start_interpolation: 0,interpolation_duration: 1}
$data merge entity $(bone_leftfoot) {transformation: [-0.9862f,-0.0805f,-0.1444f,0.4183f,-0.0811f,0.9967f,-0.0015f,0.1572f,0.144f,0.0103f,-0.9895f,-0.258f,0f,0f,0f,1f],start_interpolation: 0,interpolation_duration: 1}
$data merge entity $(bone_leftlowerleg) {transformation: [-0.9862f,-0.0266f,-0.1632f,0.4139f,-0.0811f,0.9379f,0.3372f,1.1459f,0.144f,0.3458f,-0.9272f,0.2681f,0f,0f,0f,1f],start_interpolation: 0,interpolation_duration: 1}
$data merge entity $(bone_leftleg) {transformation: [-0.9862f,-0.1278f,-0.1049f,0.25f,-0.0811f,0.9269f,-0.3663f,2.1378f,0.144f,-0.3528f,-0.9246f,-0.0781f,0f,0f,0f,1f],start_interpolation: 0,interpolation_duration: 1}
$data merge entity $(bone_rightfoot) {transformation: [-0.9811f,0.0706f,0.1803f,-0.4113f,0.0794f,0.996f,0.0419f,0.1951f,-0.1766f,0.0554f,-0.9827f,-0.2321f,0f,0f,0f,1f],start_interpolation: 0,interpolation_duration: 1}
$data merge entity $(bone_rightlowerleg) {transformation: [-0.9811f,0.0081f,0.1934f,-0.432f,0.0794f,0.9282f,0.3635f,1.169f,-0.1766f,0.372f,-0.9113f,0.3206f,0f,0f,0f,1f],start_interpolation: 0,interpolation_duration: 1}
$data merge entity $(bone_rightleg) {transformation: [-0.9811f,0.1456f,0.1276f,-0.25f,0.0794f,0.9038f,-0.4205f,2.1378f,-0.1766f,-0.4025f,-0.8982f,-0.0781f,0f,0f,0f,1f],start_interpolation: 0,interpolation_duration: 1}
data modify entity @s data merge value {"cameras":{},"locators":{"lefthand":{"posx":0.9677297159197025,"posy":1.7693817708962454,"posz":-0.008829933882410034,"roty":1.2008237516465101,"rotx":-0.9946824379259367},"sword":{"posx":-0.8726180744190416,"posy":2.167394815474142,"posz":3.7986755712829328,"roty":359.29011415453414,"rotx":-5.132225839687189},"righthand":{"posx":-0.9181212992770627,"posy":1.8375313353222065,"posz":0.12624098493703356,"roty":359.29011415453414,"rotx":-5.132225839687189},"chest":{"posx":-0.37500000000000006,"posy":2.4597426252366734,"posz":0.40758086337569555,"roty":0,"rotx":13.24}}}