# This file was generated by Animated Java via MC-Build. It is not recommended to edit this file directly.
$data merge entity $(nose) {transformation: [-1f,0f,0f,0f,0f,0.8896f,0.4568f,3.9461f,0f,0.4568f,-0.8896f,0.5094f,0f,0f,0f,1f],start_interpolation: 0,interpolation_duration: 1}
$data merge entity $(glowing_eye) {transformation: [-1f,0f,0f,-0.125f,0f,0.8896f,0.4568f,3.9904f,0f,0.4568f,-0.8896f,0.5714f,0f,0f,0f,1f],start_interpolation: 0,interpolation_duration: 1}
$data merge entity $(head) {transformation: [-1f,0f,0f,0f,0f,0.8896f,0.4568f,3.9218f,0f,0.4568f,-0.8896f,0.2864f,0f,0f,0f,1f],start_interpolation: 0,interpolation_duration: 1}
$data merge entity $(leftthumb2) {transformation: [-0.998f,-0.0583f,0.0229f,1.0501f,-0.0584f,0.9983f,-0.005f,1.7436f,-0.0225f,-0.0063f,-0.9997f,0.3009f,0f,0f,0f,1f],start_interpolation: 0,interpolation_duration: 1}
$data merge entity $(leftthumb) {transformation: [-0.998f,-0.0583f,0.0229f,1.0378f,-0.0584f,0.9983f,-0.005f,1.988f,-0.0225f,-0.0063f,-0.9997f,0.2139f,0f,0f,0f,1f],start_interpolation: 0,interpolation_duration: 1}
$data merge entity $(leftpointerfinger) {transformation: [-0.998f,-0.0583f,0.0229f,1.1671f,-0.0584f,0.9983f,-0.005f,1.6666f,-0.0225f,-0.0063f,-0.9997f,0.1716f,0f,0f,0f,1f],start_interpolation: 0,interpolation_duration: 1}
$data merge entity $(leftmidfinger) {transformation: [-0.998f,-0.0583f,0.0229f,1.1707f,-0.0584f,0.9983f,-0.005f,1.6658f,-0.0225f,-0.0063f,-0.9997f,0.0154f,0f,0f,0f,1f],start_interpolation: 0,interpolation_duration: 1}
$data merge entity $(leftringfinger) {transformation: [-0.998f,-0.0583f,0.0229f,1.1743f,-0.0584f,0.9983f,-0.005f,1.665f,-0.0225f,-0.0063f,-0.9997f,-0.1408f,0f,0f,0f,1f],start_interpolation: 0,interpolation_duration: 1}
$data merge entity $(invisibility) {transformation: [-0.0561f,-0.0279f,0.998f,0.9729f,0.994f,0.092f,0.0584f,1.7649f,-0.0934f,0.9954f,0.0225f,0.1979f,0f,0f,0f,1f],start_interpolation: 0,interpolation_duration: 1}
$data merge entity $(swiftness) {transformation: [0.0229f,-0.0583f,0.998f,0.9331f,-0.005f,0.9983f,0.0584f,1.6258f,-0.9997f,-0.0063f,0.0225f,0.0101f,0f,0f,0f,1f],start_interpolation: 0,interpolation_duration: 1}
$data merge entity $(suspicious_stew) {transformation: [-0.0432f,-0.0454f,0.998f,0.9799f,0.9026f,0.4264f,0.0584f,1.7172f,-0.4282f,0.9034f,0.0225f,0.0107f,0f,0f,0f,1f],start_interpolation: 0,interpolation_duration: 1}
$data merge entity $(log) {transformation: [-0.998f,-0.0583f,0.0229f,0.8801f,-0.0584f,0.9983f,-0.005f,1.8363f,-0.0225f,-0.0063f,-0.9997f,-0.039f,0f,0f,0f,1f],start_interpolation: 0,interpolation_duration: 1}
$data merge entity $(planks) {transformation: [-0.998f,-0.0583f,0.0229f,0.7866f,-0.0584f,0.9983f,-0.005f,1.8308f,-0.0225f,-0.0063f,-0.9997f,-0.0411f,0f,0f,0f,1f],start_interpolation: 0,interpolation_duration: 1}
$data merge entity $(lefthand1) {transformation: [-0.998f,-0.0583f,0.0229f,1.1144f,-0.0584f,0.9983f,-0.005f,2.1006f,-0.0225f,-0.0063f,-0.9997f,-0.0037f,0f,0f,0f,1f],start_interpolation: 0,interpolation_duration: 1}
$data merge entity $(leftforearm) {transformation: [-0.998f,-0.0583f,0.0229f,1.0106f,-0.0584f,0.9983f,-0.005f,2.799f,-0.0225f,-0.0063f,-0.9997f,0.0061f,0f,0f,0f,1f],start_interpolation: 0,interpolation_duration: 1}
$data merge entity $(leftelbow) {transformation: [-0.998f,-0.0583f,0.0229f,0.9997f,-0.0584f,0.9983f,-0.005f,2.9861f,-0.0225f,-0.0063f,-0.9997f,0.0049f,0f,0f,0f,1f],start_interpolation: 0,interpolation_duration: 1}
$data merge entity $(leftarm) {transformation: [-0.998f,-0.0626f,0.0015f,0.75f,-0.0584f,0.9398f,0.3368f,3.4327f,-0.0225f,0.336f,-0.9416f,0.1974f,0f,0f,0f,1f],start_interpolation: 0,interpolation_duration: 1}
$data merge entity $(rightthumb2) {transformation: [-0.9995f,0.0282f,-0.0136f,-0.9999f,0.0292f,0.9963f,-0.0803f,1.7635f,0.0113f,-0.0806f,-0.9967f,0.3843f,0f,0f,0f,1f],start_interpolation: 0,interpolation_duration: 1}
$data merge entity $(rightthumb) {transformation: [-0.9995f,0.0282f,-0.0136f,-0.9942f,0.0292f,0.9963f,-0.0803f,2.001f,0.0113f,-0.0806f,-0.9967f,0.2794f,0f,0f,0f,1f],start_interpolation: 0,interpolation_duration: 1}
$data merge entity $(rightpointerfinger) {transformation: [-0.9995f,0.0282f,-0.0136f,-1.1134f,0.0292f,0.9963f,-0.0803f,1.6735f,0.0113f,-0.0806f,-0.9967f,0.2603f,0f,0f,0f,1f],start_interpolation: 0,interpolation_duration: 1}
$data merge entity $(rightmidfinger) {transformation: [-0.9995f,0.0282f,-0.0136f,-1.1155f,0.0292f,0.9963f,-0.0803f,1.661f,0.0113f,-0.0806f,-0.9967f,0.1046f,0f,0f,0f,1f],start_interpolation: 0,interpolation_duration: 1}
$data merge entity $(rightringfinger) {transformation: [-0.9995f,0.0282f,-0.0136f,-1.1176f,0.0292f,0.9963f,-0.0803f,1.6485f,0.0113f,-0.0806f,-0.9967f,-0.0511f,0f,0f,0f,1f],start_interpolation: 0,interpolation_duration: 1}
$data merge entity $(hugeasssword) {transformation: [-3.9147f,0.1106f,-0.0532f,-0.8441f,0.1145f,3.9024f,-0.3143f,1.8569f,0.0442f,-0.3157f,-3.9037f,0.1008f,0f,0f,0f,1f],start_interpolation: 0,interpolation_duration: 1}
$data merge entity $(whey) {transformation: [0f,0f,0f,-0.673f,0f,0f,0f,1.7697f,0f,0f,0f,0.2466f,0f,0f,0f,1f],start_interpolation: 0,interpolation_duration: 1}
$data merge entity $(ice) {transformation: [-0.9995f,0.0282f,-0.0136f,-0.8289f,0.0292f,0.9963f,-0.0803f,1.8409f,0.0113f,-0.0806f,-0.9967f,0.1019f,0f,0f,0f,1f],start_interpolation: 0,interpolation_duration: 1}
$data merge entity $(righthand1) {transformation: [-0.9995f,0.0282f,-0.0136f,-1.0721f,0.0292f,0.9963f,-0.0803f,2.0947f,0.0113f,-0.0806f,-0.9967f,0.0534f,0f,0f,0f,1f],start_interpolation: 0,interpolation_duration: 1}
$data merge entity $(rightforearm) {transformation: [-0.9995f,0.0282f,-0.0136f,-0.9896f,0.0292f,0.9963f,-0.0803f,2.7947f,0.0113f,-0.0806f,-0.9967f,0.0116f,0f,0f,0f,1f],start_interpolation: 0,interpolation_duration: 1}
$data merge entity $(rightelbow) {transformation: [-0.9995f,0.0282f,-0.0136f,-0.9843f,0.0292f,0.9963f,-0.0803f,2.9815f,0.0113f,-0.0806f,-0.9967f,-0.0035f,0f,0f,0f,1f],start_interpolation: 0,interpolation_duration: 1}
$data merge entity $(rightarm) {transformation: [-0.9995f,0.0313f,-0.0004f,-0.75f,0.0292f,0.9369f,0.3483f,3.4327f,0.0113f,0.3482f,-0.9374f,0.1974f,0f,0f,0f,1f],start_interpolation: 0,interpolation_duration: 1}
$data merge entity $(chest1) {transformation: [-1.0833f,0f,0f,-0.0023f,0f,1.053f,0.2546f,3.3028f,0f,0.2546f,-1.053f,0.0527f,0f,0f,0f,1f],start_interpolation: 0,interpolation_duration: 1}
$data merge entity $(chest1lid) {transformation: [-1f,0f,0f,-0.3438f,0f,0.972f,0.235f,2.5465f,0f,0.235f,-0.972f,0.2725f,0f,0f,0f,1f],start_interpolation: 0,interpolation_duration: 1}
$data merge entity $(chest2) {transformation: [-1f,0f,0f,-0.3438f,0f,0.972f,0.235f,2.3946f,0f,0.235f,-0.972f,0.2358f,0f,0f,0f,1f],start_interpolation: 0,interpolation_duration: 1}
$data merge entity $(chest1lid3) {transformation: [-1f,0f,0f,-0.2812f,0f,0.972f,0.235f,2.697f,0f,0.235f,-0.972f,-0.3502f,0f,0f,0f,1f],start_interpolation: 0,interpolation_duration: 1}
$data merge entity $(chest3) {transformation: [-1f,0f,0f,-0.2812f,0f,0.972f,0.235f,2.5452f,0f,0.235f,-0.972f,-0.3869f,0f,0f,0f,1f],start_interpolation: 0,interpolation_duration: 1}
$data merge entity $(hugeasssword2) {transformation: [0f,2.8877f,-2.6461f,-1.2344f,-0.9204f,2.572f,2.8068f,4.4928f,3.807f,0.6218f,0.6786f,0.0679f,0f,0f,0f,1f],start_interpolation: 0,interpolation_duration: 1}
$data merge entity $(belt) {transformation: [-1f,0f,0f,0.0297f,0f,0.972f,0.235f,2.8848f,0f,0.235f,-0.972f,0.0864f,0f,0f,0f,1f],start_interpolation: 0,interpolation_duration: 1}
$data merge entity $(torn_part) {transformation: [-1f,0f,0f,-0.0938f,0f,0.8981f,0.4398f,2.6132f,0f,0.4398f,-0.8981f,0.0276f,0f,0f,0f,1f],start_interpolation: 0,interpolation_duration: 1}
$data merge entity $(lowerbody) {transformation: [-1f,0f,0f,0.0039f,0f,0.9888f,0.1494f,2.1094f,0f,0.1494f,-0.9888f,0.0938f,0f,0f,0f,1f],start_interpolation: 0,interpolation_duration: 1}
$data merge entity $(leftfoot) {transformation: [-0.9843f,-0.08f,-0.1575f,0.4149f,-0.0807f,0.9967f,-0.0015f,0.1577f,0.1571f,0.0113f,-0.9875f,-0.2568f,0f,0f,0f,1f],start_interpolation: 0,interpolation_duration: 1}
$data merge entity $(leftlowerleg) {transformation: [-0.9843f,-0.0201f,-0.1755f,0.4196f,-0.0807f,0.9348f,0.3458f,1.1416f,0.1571f,0.3546f,-0.9217f,0.2781f,0f,0f,0f,1f],start_interpolation: 0,interpolation_duration: 1}
$data merge entity $(leftleg) {transformation: [-0.9843f,-0.1335f,-0.1157f,0.25f,-0.0807f,0.9224f,-0.3777f,2.129f,0.1571f,-0.3624f,-0.9187f,-0.0781f,0f,0f,0f,1f],start_interpolation: 0,interpolation_duration: 1}
$data merge entity $(rightfoot) {transformation: [-0.9781f,0.0694f,0.196f,-0.4067f,0.079f,0.996f,0.0419f,0.197f,-0.1923f,0.0564f,-0.9797f,-0.2373f,0f,0f,0f,1f],start_interpolation: 0,interpolation_duration: 1}
$data merge entity $(rightlowerleg) {transformation: [-0.9781f,-0.0007f,0.2079f,-0.4394f,0.079f,0.9237f,0.3749f,1.1641f,-0.1923f,0.3831f,-0.9035f,0.3265f,0f,0f,0f,1f],start_interpolation: 0,interpolation_duration: 1}
$data merge entity $(rightleg) {transformation: [-0.9781f,0.153f,0.1408f,-0.25f,0.079f,0.8999f,-0.4289f,2.129f,-0.1923f,-0.4084f,-0.8923f,-0.0781f,0f,0f,0f,1f],start_interpolation: 0,interpolation_duration: 1}
data modify entity @s data merge value {"cameras":{},"locators":{"soup":{"px":0.9409327375528327,"py":1.7886691860443502,"pz":0.16531093546043807,"ry":91.29354642374089,"rx":3.3505219419185637},"lefthand":{"px":0.977900082914935,"py":1.7638474787426688,"pz":-0.02079297567995807,"ry":1.3102255607194024,"rx":-0.2848949282144105},"sword":{"px":-0.8727214033262143,"py":2.125214605106722,"pz":3.7950384998947055,"ry":359.218763439119,"rx":-4.603132968427603},"righthand":{"px":-0.9228372895196387,"py":1.8292800868106764,"pz":0.11977423608564743,"ry":359.218763439119,"rx":-4.603132968427603},"chest":{"px":-0.37500000000000006,"py":2.4490310392432364,"pz":0.40966865451103424,"ry":0,"rx":13.59125}}}