# This file was generated by Animated Java via MC-Build. It is not recommended to edit this file directly.
$data merge entity $(nose) {transformation: [-1f,0f,0f,0f,0f,0.9261f,0.3772f,4.035f,0f,0.3772f,-0.9261f,0.4268f,0f,0f,0f,1f],start_interpolation: 0,interpolation_duration: 1}
$data merge entity $(glowing_eye) {transformation: [-1f,0f,0f,-0.125f,0f,0.9261f,0.3772f,4.0846f,0f,0.3772f,-0.9261f,0.4847f,0f,0f,0f,1f],start_interpolation: 0,interpolation_duration: 1}
$data merge entity $(head) {transformation: [-1f,0f,0f,0f,0f,0.9261f,0.3772f,3.9913f,0f,0.3772f,-0.9261f,0.2068f,0f,0f,0f,1f],start_interpolation: 0,interpolation_duration: 1}
$data merge entity $(leftthumb2) {transformation: [-0.9998f,-0.0172f,0.0076f,0.9818f,-0.0179f,0.9955f,-0.0931f,1.8139f,-0.006f,-0.0932f,-0.9956f,0.3872f,0f,0f,0f,1f],start_interpolation: 0,interpolation_duration: 1}
$data merge entity $(leftthumb) {transformation: [-0.9998f,-0.0172f,0.0076f,0.9782f,-0.0179f,0.9955f,-0.0931f,2.0501f,-0.006f,-0.0932f,-0.9956f,0.2793f,0f,0f,0f,1f],start_interpolation: 0,interpolation_duration: 1}
$data merge entity $(leftpointerfinger) {transformation: [-0.9998f,-0.0172f,0.0076f,1.0936f,-0.0179f,0.9955f,-0.0931f,1.721f,-0.006f,-0.0932f,-0.9956f,0.2638f,0f,0f,0f,1f],start_interpolation: 0,interpolation_duration: 1}
$data merge entity $(leftmidfinger) {transformation: [-0.9998f,-0.0172f,0.0076f,1.0948f,-0.0179f,0.9955f,-0.0931f,1.7065f,-0.006f,-0.0932f,-0.9956f,0.1083f,0f,0f,0f,1f],start_interpolation: 0,interpolation_duration: 1}
$data merge entity $(leftringfinger) {transformation: [-0.9998f,-0.0172f,0.0076f,1.096f,-0.0179f,0.9955f,-0.0931f,1.6919f,-0.006f,-0.0932f,-0.9956f,-0.0473f,0f,0f,0f,1f],start_interpolation: 0,interpolation_duration: 1}
$data merge entity $(invisibility) {transformation: [-0.0165f,-0.0091f,0.9998f,0.904f,0.9836f,0.1795f,0.0179f,1.8294f,-0.1796f,0.9837f,0.006f,0.2836f,0f,0f,0f,1f],start_interpolation: 0,interpolation_duration: 1}
$data merge entity $(swiftness) {transformation: [0.0076f,-0.0172f,0.9998f,0.8557f,-0.0931f,0.9955f,0.0179f,1.6763f,-0.9956f,-0.0932f,0.006f,0.1092f,0f,0f,0f,1f],start_interpolation: 0,interpolation_duration: 1}
$data merge entity $(suspicious_stew) {transformation: [-0.0124f,-0.0142f,0.9998f,0.9062f,0.8629f,0.5051f,0.0179f,1.7653f,-0.5052f,0.863f,0.006f,0.1013f,0f,0f,0f,1f],start_interpolation: 0,interpolation_duration: 1}
$data merge entity $(log) {transformation: [-0.9998f,-0.0172f,0.0076f,0.8107f,-0.0179f,0.9955f,-0.0931f,1.8837f,-0.006f,-0.0932f,-0.9956f,0.0424f,0f,0f,0f,1f],start_interpolation: 0,interpolation_duration: 1}
$data merge entity $(planks) {transformation: [-0.9998f,-0.0172f,0.0076f,0.717f,-0.0179f,0.9955f,-0.0931f,1.8821f,-0.006f,-0.0932f,-0.9956f,0.0419f,0f,0f,0f,1f],start_interpolation: 0,interpolation_duration: 1}
$data merge entity $(lefthand1) {transformation: [-0.9998f,-0.0172f,0.0076f,1.0561f,-0.0179f,0.9955f,-0.0931f,2.14f,-0.006f,-0.0932f,-0.9956f,0.0517f,0f,0f,0f,1f],start_interpolation: 0,interpolation_duration: 1}
$data merge entity $(leftforearm) {transformation: [-0.9998f,-0.0172f,0.0076f,0.9814f,-0.0179f,0.9955f,-0.0931f,2.8403f,-0.006f,-0.0932f,-0.9956f,0.0014f,0f,0f,0f,1f],start_interpolation: 0,interpolation_duration: 1}
$data merge entity $(leftelbow) {transformation: [-0.9998f,-0.0172f,0.0076f,0.9782f,-0.0179f,0.9955f,-0.0931f,3.0269f,-0.006f,-0.0932f,-0.9956f,-0.0161f,0f,0f,0f,1f],start_interpolation: 0,interpolation_duration: 1}
$data merge entity $(leftarm) {transformation: [-0.9998f,-0.0188f,0.0013f,0.75f,-0.0179f,0.9673f,0.253f,3.4988f,-0.006f,0.2529f,-0.9675f,0.1393f,0f,0f,0f,1f],start_interpolation: 0,interpolation_duration: 1}
$data merge entity $(rightthumb2) {transformation: [-1f,0.0084f,-0.0043f,-0.9671f,0.0089f,0.9893f,-0.1457f,1.8406f,0.003f,-0.1458f,-0.9893f,0.434f,0f,0f,0f,1f],start_interpolation: 0,interpolation_duration: 1}
$data merge entity $(rightthumb) {transformation: [-1f,0.0084f,-0.0043f,-0.9654f,0.0089f,0.9893f,-0.1457f,2.0707f,0.003f,-0.1458f,-0.9893f,0.3137f,0f,0f,0f,1f],start_interpolation: 0,interpolation_duration: 1}
$data merge entity $(rightpointerfinger) {transformation: [-1f,0.0084f,-0.0043f,-1.0777f,0.0089f,0.9893f,-0.1457f,1.7403f,0.003f,-0.1458f,-0.9893f,0.3155f,0f,0f,0f,1f],start_interpolation: 0,interpolation_duration: 1}
$data merge entity $(rightmidfinger) {transformation: [-1f,0.0084f,-0.0043f,-1.0784f,0.0089f,0.9893f,-0.1457f,1.7175f,0.003f,-0.1458f,-0.9893f,0.1609f,0f,0f,0f,1f],start_interpolation: 0,interpolation_duration: 1}
$data merge entity $(rightringfinger) {transformation: [-1f,0.0084f,-0.0043f,-1.079f,0.0089f,0.9893f,-0.1457f,1.6947f,0.003f,-0.1458f,-0.9893f,0.0063f,0f,0f,0f,1f],start_interpolation: 0,interpolation_duration: 1}
$data merge entity $(hugeasssword) {transformation: [-3.9165f,0.0329f,-0.0167f,-0.811f,0.035f,3.8747f,-0.5708f,1.9184f,0.0118f,-0.5709f,-3.8748f,0.146f,0f,0f,0f,1f],start_interpolation: 0,interpolation_duration: 1}
$data merge entity $(whey) {transformation: [0f,0f,0f,-0.6393f,0f,0f,0f,1.8446f,0f,0f,0f,0.2982f,0f,0f,0f,1f],start_interpolation: 0,interpolation_duration: 1}
$data merge entity $(ice) {transformation: [-1f,0.0084f,-0.0043f,-0.7955f,0.0089f,0.9893f,-0.1457f,1.9028f,0.003f,-0.1458f,-0.9893f,0.1482f,0f,0f,0f,1f],start_interpolation: 0,interpolation_duration: 1}
$data merge entity $(righthand1) {transformation: [-1f,0.0084f,-0.0043f,-1.0435f,0.0089f,0.9893f,-0.1457f,2.1478f,0.003f,-0.1458f,-0.9893f,0.0816f,0f,0f,0f,1f],start_interpolation: 0,interpolation_duration: 1}
$data merge entity $(rightforearm) {transformation: [-1f,0.0084f,-0.0043f,-0.975f,0.0089f,0.9893f,-0.1457f,2.8451f,0.003f,-0.1458f,-0.9893f,-0.0056f,0f,0f,0f,1f],start_interpolation: 0,interpolation_duration: 1}
$data merge entity $(rightelbow) {transformation: [-1f,0.0084f,-0.0043f,-0.9735f,0.0089f,0.9893f,-0.1457f,3.0306f,0.003f,-0.1458f,-0.9893f,-0.033f,0f,0f,0f,1f],start_interpolation: 0,interpolation_duration: 1}
$data merge entity $(rightarm) {transformation: [-1f,0.0094f,-0.0003f,-0.75f,0.0089f,0.9582f,0.286f,3.4988f,0.003f,0.286f,-0.9582f,0.1393f,0f,0f,0f,1f],start_interpolation: 0,interpolation_duration: 1}
$data merge entity $(chest1) {transformation: [-1.0833f,0f,0f,-0.0023f,0f,1.0631f,0.2082f,3.3626f,0f,0.2082f,-1.0631f,0.0005f,0f,0f,0f,1f],start_interpolation: 0,interpolation_duration: 1}
$data merge entity $(chest1lid) {transformation: [-1f,0f,0f,-0.3438f,0f,0.9814f,0.1922f,2.6167f,0f,0.1922f,-0.9814f,0.2532f,0f,0f,0f,1f],start_interpolation: 0,interpolation_duration: 1}
$data merge entity $(chest2) {transformation: [-1f,0f,0f,-0.3438f,0f,0.9814f,0.1922f,2.4634f,0f,0.1922f,-0.9814f,0.2231f,0f,0f,0f,1f],start_interpolation: 0,interpolation_duration: 1}
$data merge entity $(chest1lid3) {transformation: [-1f,0f,0f,-0.2812f,0f,0.9814f,0.1922f,2.7398f,0f,0.1922f,-0.9814f,-0.3755f,0f,0f,0f,1f],start_interpolation: 0,interpolation_duration: 1}
$data merge entity $(chest3) {transformation: [-1f,0f,0f,-0.2812f,0f,0.9814f,0.1922f,2.5865f,0f,0.1922f,-0.9814f,-0.4056f,0f,0f,0f,1f],start_interpolation: 0,interpolation_duration: 1}
$data merge entity $(hugeasssword2) {transformation: [0f,2.8877f,-2.6461f,-1.2344f,-0.7527f,2.5967f,2.8338f,4.5522f,3.8437f,0.5085f,0.555f,-0.0365f,0f,0f,0f,1f],start_interpolation: 0,interpolation_duration: 1}
$data merge entity $(belt) {transformation: [-1f,0f,0f,0.0297f,0f,0.9814f,0.1922f,2.9465f,0f,0.1922f,-0.9814f,0.0524f,0f,0f,0f,1f],start_interpolation: 0,interpolation_duration: 1}
$data merge entity $(torn_part) {transformation: [-1f,0f,0f,-0.0937f,0f,0.9165f,0.4f,2.6726f,0f,0.4f,-0.9165f,0.0056f,0f,0f,0f,1f],start_interpolation: 0,interpolation_duration: 1}
$data merge entity $(lowerbody) {transformation: [-1f,0f,0f,0.0039f,0f,0.9944f,0.1059f,2.1722f,0f,0.1059f,-0.9944f,0.0938f,0f,0f,0f,1f],start_interpolation: 0,interpolation_duration: 1}
$data merge entity $(leftfoot) {transformation: [-0.9945f,-0.0832f,-0.0633f,0.4399f,-0.0833f,0.9965f,-0.0012f,0.1593f,0.0632f,0.0041f,-0.998f,-0.264f,0f,0f,0f,1f],start_interpolation: 0,interpolation_duration: 1}
$data merge entity $(leftlowerleg) {transformation: [-0.9945f,-0.0616f,-0.0845f,0.3845f,-0.0833f,0.9552f,0.2839f,1.1754f,0.0632f,0.2894f,-0.9551f,0.2037f,0f,0f,0f,1f],start_interpolation: 0,interpolation_duration: 1}
$data merge entity $(leftleg) {transformation: [-0.9945f,-0.0982f,-0.0359f,0.25f,-0.0833f,0.9518f,-0.2952f,2.1918f,0.0632f,-0.2905f,-0.9548f,-0.0781f,0f,0f,0f,1f],start_interpolation: 0,interpolation_duration: 1}
$data merge entity $(rightfoot) {transformation: [-0.9936f,0.0776f,0.0826f,-0.4358f,0.0813f,0.9958f,0.0421f,0.1888f,-0.079f,0.0485f,-0.9957f,-0.1972f,0f,0f,0f,1f],start_interpolation: 0,interpolation_duration: 1}
$data merge entity $(rightlowerleg) {transformation: [-0.9936f,0.0542f,0.0995f,-0.391f,0.0813f,0.9527f,0.2927f,1.2008f,-0.079f,0.2989f,-0.951f,0.2805f,0f,0f,0f,1f],start_interpolation: 0,interpolation_duration: 1}
$data merge entity $(rightleg) {transformation: [-0.9936f,0.1046f,0.0437f,-0.25f,0.0813f,0.9261f,-0.3685f,2.1918f,-0.079f,-0.3626f,-0.9286f,-0.0781f,0f,0f,0f,1f],start_interpolation: 0,interpolation_duration: 1}
data modify entity @s data merge value {"cameras":{},"locators":{"soup":{"px":0.8725415055771517,"py":1.8515793178785827,"pz":0.24943816904097102,"ry":90.34400002474221,"rx":1.0237796095133807},"lefthand":{"px":0.9056589183886795,"py":1.8090830664158855,"pz":0.0658226111529374,"ry":0.4397196922756166,"rx":-5.3408511909508585},"sword":{"px":-0.8735381786889901,"py":2.4278348688883047,"pz":3.814298187519938,"ry":359.7525505014504,"rx":-8.380090423739041},"righthand":{"px":-0.8892936988513995,"py":1.8904213482902348,"pz":0.16620351749521423,"ry":359.7525505014504,"rx":-8.380090423739041},"chest":{"px":-0.37500000000000006,"py":2.525328305747519,"pz":0.39448578071722545,"ry":0,"rx":11.080000000000002}}}