# This file was generated by Animated Java via MC-Build. It is not recommended to edit this file directly.
$data merge entity $(nose) {transformation: [-1f,0f,0f,0f,0f,0.938f,0.3466f,4.0673f,0f,0.3466f,-0.938f,0.3954f,0f,0f,0f,1f],start_interpolation: 0,interpolation_duration: 1}
$data merge entity $(glowing_eye) {transformation: [-1f,0f,0f,-0.125f,0f,0.938f,0.3466f,4.1187f,0f,0.3466f,-0.938f,0.4516f,0f,0f,0f,1f],start_interpolation: 0,interpolation_duration: 1}
$data merge entity $(head) {transformation: [-1f,0f,0f,0f,0f,0.938f,0.3466f,4.0164f,0f,0.3466f,-0.938f,0.177f,0f,0f,0f,1f],start_interpolation: 0,interpolation_duration: 1}
$data merge entity $(leftthumb2) {transformation: [-1f,-0.0022f,0.001f,0.9568f,-0.0023f,0.9921f,-0.1257f,1.8435f,-0.0007f,-0.1257f,-0.9921f,0.4194f,0f,0f,0f,1f],start_interpolation: 0,interpolation_duration: 1}
$data merge entity $(leftthumb) {transformation: [-1f,-0.0022f,0.001f,0.9564f,-0.0023f,0.9921f,-0.1257f,2.0761f,-0.0007f,-0.1257f,-0.9921f,0.3038f,0f,0f,0f,1f],start_interpolation: 0,interpolation_duration: 1}
$data merge entity $(leftpointerfinger) {transformation: [-1f,-0.0022f,0.001f,1.0665f,-0.0023f,0.9921f,-0.1257f,1.7449f,-0.0007f,-0.1257f,-0.9921f,0.2986f,0f,0f,0f,1f],start_interpolation: 0,interpolation_duration: 1}
$data merge entity $(leftmidfinger) {transformation: [-1f,-0.0022f,0.001f,1.0667f,-0.0023f,0.9921f,-0.1257f,1.7253f,-0.0007f,-0.1257f,-0.9921f,0.1436f,0f,0f,0f,1f],start_interpolation: 0,interpolation_duration: 1}
$data merge entity $(leftringfinger) {transformation: [-1f,-0.0022f,0.001f,1.0668f,-0.0023f,0.9921f,-0.1257f,1.7056f,-0.0007f,-0.1257f,-0.9921f,-0.0114f,0f,0f,0f,1f],start_interpolation: 0,interpolation_duration: 1}
$data merge entity $(invisibility) {transformation: [-0.0021f,-0.0012f,1f,0.8787f,0.9773f,0.2117f,0.0023f,1.8569f,-0.2117f,0.9773f,0.0007f,0.3158f,0f,0f,0f,1f],start_interpolation: 0,interpolation_duration: 1}
$data merge entity $(swiftness) {transformation: [0.001f,-0.0022f,1f,0.8271f,-0.1257f,0.9921f,0.0023f,1.6989f,-0.9921f,-0.1257f,0.0007f,0.1467f,0f,0f,0f,1f],start_interpolation: 0,interpolation_duration: 1}
$data merge entity $(suspicious_stew) {transformation: [-0.0016f,-0.0019f,1f,0.879f,0.846f,0.5332f,0.0023f,1.7868f,-0.5332f,0.846f,0.0007f,0.1356f,0f,0f,0f,1f],start_interpolation: 0,interpolation_duration: 1}
$data merge entity $(log) {transformation: [-1f,-0.0022f,0.001f,0.7851f,-0.0023f,0.9921f,-0.1257f,1.9047f,-0.0007f,-0.1257f,-0.9921f,0.0734f,0f,0f,0f,1f],start_interpolation: 0,interpolation_duration: 1}
$data merge entity $(planks) {transformation: [-1f,-0.0022f,0.001f,0.6913f,-0.0023f,0.9921f,-0.1257f,1.9045f,-0.0007f,-0.1257f,-0.9921f,0.0733f,0f,0f,0f,1f],start_interpolation: 0,interpolation_duration: 1}
$data merge entity $(lefthand1) {transformation: [-1f,-0.0022f,0.001f,1.0345f,-0.0023f,0.9921f,-0.1257f,2.1573f,-0.0007f,-0.1257f,-0.9921f,0.0731f,0f,0f,0f,1f],start_interpolation: 0,interpolation_duration: 1}
$data merge entity $(leftforearm) {transformation: [-1f,-0.0022f,0.001f,0.9704f,-0.0023f,0.9921f,-0.1257f,2.8566f,-0.0007f,-0.1257f,-0.9921f,0.0002f,0f,0f,0f,1f],start_interpolation: 0,interpolation_duration: 1}
$data merge entity $(leftelbow) {transformation: [-1f,-0.0022f,0.001f,0.97f,-0.0023f,0.9921f,-0.1257f,3.0426f,-0.0007f,-0.1257f,-0.9921f,-0.0234f,0f,0f,0f,1f],start_interpolation: 0,interpolation_duration: 1}
$data merge entity $(leftarm) {transformation: [-1f,-0.0024f,0.0002f,0.75f,-0.0023f,0.9752f,0.2212f,3.5228f,-0.0007f,0.2212f,-0.9752f,0.1175f,0f,0f,0f,1f],start_interpolation: 0,interpolation_duration: 1}
$data merge entity $(rightthumb2) {transformation: [-1f,0.0011f,-0.0006f,-0.9549f,0.0012f,0.9854f,-0.17f,1.8707f,0.0004f,-0.17f,-0.9854f,0.4524f,0f,0f,0f,1f],start_interpolation: 0,interpolation_duration: 1}
$data merge entity $(rightthumb) {transformation: [-1f,0.0011f,-0.0006f,-0.9547f,0.0012f,0.9854f,-0.17f,2.0979f,0.0004f,-0.17f,-0.9854f,0.3265f,0f,0f,0f,1f],start_interpolation: 0,interpolation_duration: 1}
$data merge entity $(rightpointerfinger) {transformation: [-1f,0.0011f,-0.0006f,-1.0645f,0.0012f,0.9854f,-0.17f,1.7667f,0.0004f,-0.17f,-0.9854f,0.3361f,0f,0f,0f,1f],start_interpolation: 0,interpolation_duration: 1}
$data merge entity $(rightmidfinger) {transformation: [-1f,0.0011f,-0.0006f,-1.0646f,0.0012f,0.9854f,-0.17f,1.7401f,0.0004f,-0.17f,-0.9854f,0.1822f,0f,0f,0f,1f],start_interpolation: 0,interpolation_duration: 1}
$data merge entity $(rightringfinger) {transformation: [-1f,0.0011f,-0.0006f,-1.0646f,0.0012f,0.9854f,-0.17f,1.7136f,0.0004f,-0.17f,-0.9854f,0.0282f,0f,0f,0f,1f],start_interpolation: 0,interpolation_duration: 1}
$data merge entity $(hugeasssword) {transformation: [-3.9167f,0.0042f,-0.0022f,-0.7987f,0.0046f,3.8596f,-0.666f,1.9426f,0.0014f,-0.666f,-3.8596f,0.1629f,0f,0f,0f,1f],start_interpolation: 0,interpolation_duration: 1}
$data merge entity $(whey) {transformation: [0f,0f,0f,-0.6268f,0f,0f,0f,1.874f,0f,0f,0f,0.3174f,0f,0f,0f,1f],start_interpolation: 0,interpolation_duration: 1}
$data merge entity $(ice) {transformation: [-1f,0.0011f,-0.0006f,-0.7831f,0.0012f,0.9854f,-0.17f,1.9272f,0.0004f,-0.17f,-0.9854f,0.1656f,0f,0f,0f,1f],start_interpolation: 0,interpolation_duration: 1}
$data merge entity $(righthand1) {transformation: [-1f,0.0011f,-0.0006f,-1.0328f,0.0012f,0.9854f,-0.17f,2.1686f,0.0004f,-0.17f,-0.9854f,0.0924f,0f,0f,0f,1f],start_interpolation: 0,interpolation_duration: 1}
$data merge entity $(rightforearm) {transformation: [-1f,0.0011f,-0.0006f,-0.9696f,0.0012f,0.9854f,-0.17f,2.864f,0.0004f,-0.17f,-0.9854f,-0.0118f,0f,0f,0f,1f],start_interpolation: 0,interpolation_duration: 1}
$data merge entity $(rightelbow) {transformation: [-1f,0.0011f,-0.0006f,-0.9694f,0.0012f,0.9854f,-0.17f,3.0488f,0.0004f,-0.17f,-0.9854f,-0.0437f,0f,0f,0f,1f],start_interpolation: 0,interpolation_duration: 1}
$data merge entity $(rightarm) {transformation: [-1f,0.0012f,-0.0001f,-0.75f,0.0012f,0.965f,0.2624f,3.5228f,0.0004f,0.2624f,-0.965f,0.1175f,0f,0f,0f,1f],start_interpolation: 0,interpolation_duration: 1}
$data merge entity $(chest1) {transformation: [-1.0833f,0f,0f,-0.0023f,0f,1.0664f,0.1907f,3.3844f,0f,0.1907f,-1.0664f,-0.019f,0f,0f,0f,1f],start_interpolation: 0,interpolation_duration: 1}
$data merge entity $(chest1lid) {transformation: [-1f,0f,0f,-0.3438f,0f,0.9844f,0.1761f,2.6427f,0f,0.1761f,-0.9844f,0.2458f,0f,0f,0f,1f],start_interpolation: 0,interpolation_duration: 1}
$data merge entity $(chest2) {transformation: [-1f,0f,0f,-0.3438f,0f,0.9844f,0.1761f,2.4889f,0f,0.1761f,-0.9844f,0.2183f,0f,0f,0f,1f],start_interpolation: 0,interpolation_duration: 1}
$data merge entity $(chest1lid3) {transformation: [-1f,0f,0f,-0.2812f,0f,0.9844f,0.1761f,2.7555f,0f,0.1761f,-0.9844f,-0.3848f,0f,0f,0f,1f],start_interpolation: 0,interpolation_duration: 1}
$data merge entity $(chest3) {transformation: [-1f,0f,0f,-0.2812f,0f,0.9844f,0.1761f,2.6017f,0f,0.1761f,-0.9844f,-0.4123f,0f,0f,0f,1f],start_interpolation: 0,interpolation_duration: 1}
$data merge entity $(hugeasssword2) {transformation: [0f,2.8877f,-2.6461f,-1.2344f,-0.6895f,2.6047f,2.8426f,4.5732f,3.8555f,0.4658f,0.5084f,-0.0756f,0f,0f,0f,1f],start_interpolation: 0,interpolation_duration: 1}
$data merge entity $(belt) {transformation: [-1f,0f,0f,0.0297f,0f,0.9844f,0.1761f,2.9693f,0f,0.1761f,-0.9844f,0.0397f,0f,0f,0f,1f],start_interpolation: 0,interpolation_duration: 1}
$data merge entity $(torn_part) {transformation: [-1f,0f,0f,-0.0937f,0f,0.9229f,0.3849f,2.6946f,0f,0.3849f,-0.9229f,-0.0026f,0f,0f,0f,1f],start_interpolation: 0,interpolation_duration: 1}
$data merge entity $(lowerbody) {transformation: [-1f,0f,0f,0.0039f,0f,0.996f,0.0896f,2.1957f,0f,0.0896f,-0.996f,0.0938f,0f,0f,0f,1f],start_interpolation: 0,interpolation_duration: 1}
$data merge entity $(leftfoot) {transformation: [-0.9961f,-0.0841f,-0.0278f,0.4494f,-0.0841f,0.9965f,-0.001f,0.163f,0.0278f,0.0014f,-0.9996f,-0.2662f,0f,0f,0f,1f],start_interpolation: 0,interpolation_duration: 1}
$data merge entity $(leftlowerleg) {transformation: [-0.9961f,-0.0738f,-0.0489f,0.375f,-0.0841f,0.9618f,0.2605f,1.19f,0.0278f,0.2636f,-0.9642f,0.1744f,0f,0f,0f,1f],start_interpolation: 0,interpolation_duration: 1}
$data merge entity $(leftleg) {transformation: [-0.9961f,-0.0884f,-0.0047f,0.25f,-0.0841f,0.961f,-0.2636f,2.2153f,0.0278f,-0.2621f,-0.9646f,-0.0781f,0f,0f,0f,1f],start_interpolation: 0,interpolation_duration: 1}
$data merge entity $(rightfoot) {transformation: [-0.996f,0.0802f,0.0397f,-0.4441f,0.0818f,0.9958f,0.0422f,0.1888f,-0.0362f,0.0453f,-0.9983f,-0.1806f,0f,0f,0f,1f],start_interpolation: 0,interpolation_duration: 1}
$data merge entity $(rightlowerleg) {transformation: [-0.996f,0.0694f,0.0565f,-0.3758f,0.0818f,0.9617f,0.2614f,1.2155f,-0.0362f,0.265f,-0.9636f,0.2614f,0f,0f,0f,1f],start_interpolation: 0,interpolation_duration: 1}
$data merge entity $(rightleg) {transformation: [-0.996f,0.0893f,0.0057f,-0.25f,0.0818f,0.9349f,-0.3455f,2.2153f,-0.0362f,-0.3436f,-0.9384f,-0.0781f,0f,0f,0f,1f],start_interpolation: 0,interpolation_duration: 1}
data modify entity @s data merge value {"cameras":{},"locators":{"soup":{"px":0.8474587397086316,"py":1.8784063419891772,"pz":0.2810184415289926,"ry":90.0424037421703,"rx":0.1334270305851227},"lefthand":{"px":0.878957824396311,"py":1.8294139265829212,"pz":0.09874140398793788,"ry":0.05930850092161677,"rx":-7.220698994931101},"sword":{"px":-0.8747728948764484,"py":2.5416188325609874,"pz":3.8174521773111296,"ry":359.96727927676966,"rx":-9.79017309962643},"righthand":{"px":-0.8768481006444342,"py":1.9145945344853823,"pz":0.18365354872095785,"ry":359.96727927676966,"rx":-9.79017309962643},"chest":{"px":-0.37500000000000006,"py":2.5537144637850773,"pz":0.3886524195820075,"ry":0,"rx":10.14}}}