# This file was generated by Animated Java via MC-Build. It is not recommended to edit this file directly.
$data merge entity $(bone_nose) {transformation: [-1f,0f,0f,0f,0f,0.9393f,0.3432f,4.0708f,0f,0.3432f,-0.9393f,0.3919f,0f,0f,0f,1f],start_interpolation: 0,interpolation_duration: 1}
$data merge entity $(bone_glowing_eye) {transformation: [-1f,0f,0f,-0.125f,0f,0.9393f,0.3432f,4.1225f,0f,0.3432f,-0.9393f,0.4479f,0f,0f,0f,1f],start_interpolation: 0,interpolation_duration: 1}
$data merge entity $(bone_head) {transformation: [-1f,0f,0f,0f,0f,0.9393f,0.3432f,4.0191f,0f,0.3432f,-0.9393f,0.1737f,0f,0f,0f,1f],start_interpolation: 0,interpolation_duration: 1}
$data merge entity $(bone_leftthumb2) {transformation: [-1f,-0.0006f,0.0003f,0.9541f,-0.0006f,0.9916f,-0.1293f,1.8469f,-0.0002f,-0.1293f,-0.9916f,0.423f,0f,0f,0f,1f],start_interpolation: 0,interpolation_duration: 1}
$data merge entity $(bone_leftthumb) {transformation: [-1f,-0.0006f,0.0003f,0.954f,-0.0006f,0.9916f,-0.1293f,2.079f,-0.0002f,-0.1293f,-0.9916f,0.3065f,0f,0f,0f,1f],start_interpolation: 0,interpolation_duration: 1}
$data merge entity $(bone_leftpointerfinger) {transformation: [-1f,-0.0006f,0.0003f,1.0635f,-0.0006f,0.9916f,-0.1293f,1.7477f,-0.0002f,-0.1293f,-0.9916f,0.3025f,0f,0f,0f,1f],start_interpolation: 0,interpolation_duration: 1}
$data merge entity $(bone_leftmidfinger) {transformation: [-1f,-0.0006f,0.0003f,1.0636f,-0.0006f,0.9916f,-0.1293f,1.7275f,-0.0002f,-0.1293f,-0.9916f,0.1475f,0f,0f,0f,1f],start_interpolation: 0,interpolation_duration: 1}
$data merge entity $(bone_leftringfinger) {transformation: [-1f,-0.0006f,0.0003f,1.0636f,-0.0006f,0.9916f,-0.1293f,1.7073f,-0.0002f,-0.1293f,-0.9916f,-0.0074f,0f,0f,0f,1f],start_interpolation: 0,interpolation_duration: 1}
$data merge entity $(bone_invisibility) {transformation: [-0.0005f,-0.0003f,1f,0.876f,0.9766f,0.2152f,0.0006f,1.8601f,-0.2152f,0.9766f,0.0002f,0.3193f,0f,0f,0f,1f],start_interpolation: 0,interpolation_duration: 1}
$data merge entity $(bone_swiftness) {transformation: [0.0003f,-0.0006f,1f,0.824f,-0.1293f,0.9916f,0.0006f,1.7015f,-0.9916f,-0.1293f,0.0002f,0.1509f,0f,0f,0f,1f],start_interpolation: 0,interpolation_duration: 1}
$data merge entity $(bone_suspicious_stew) {transformation: [-0.0004f,-0.0005f,1f,0.876f,0.8441f,0.5362f,0.0006f,1.7893f,-0.5362f,0.8441f,0.0002f,0.1394f,0f,0f,0f,1f],start_interpolation: 0,interpolation_duration: 1}
$data merge entity $(bone_log) {transformation: [-1f,-0.0006f,0.0003f,0.7822f,-0.0006f,0.9916f,-0.1293f,1.9072f,-0.0002f,-0.1293f,-0.9916f,0.0768f,0f,0f,0f,1f],start_interpolation: 0,interpolation_duration: 1}
$data merge entity $(bone_planks) {transformation: [-1f,-0.0006f,0.0003f,0.6885f,-0.0006f,0.9916f,-0.1293f,1.9071f,-0.0002f,-0.1293f,-0.9916f,0.0768f,0f,0f,0f,1f],start_interpolation: 0,interpolation_duration: 1}
$data merge entity $(bone_lefthand1) {transformation: [-1f,-0.0006f,0.0003f,1.0321f,-0.0006f,0.9916f,-0.1293f,2.1593f,-0.0002f,-0.1293f,-0.9916f,0.0755f,0f,0f,0f,1f],start_interpolation: 0,interpolation_duration: 1}
$data merge entity $(bone_leftforearm) {transformation: [-1f,-0.0006f,0.0003f,0.9692f,-0.0006f,0.9916f,-0.1293f,2.8585f,-0.0002f,-0.1293f,-0.9916f,0.0001f,0f,0f,0f,1f],start_interpolation: 0,interpolation_duration: 1}
$data merge entity $(bone_leftelbow) {transformation: [-1f,-0.0006f,0.0003f,0.9691f,-0.0006f,0.9916f,-0.1293f,3.0444f,-0.0002f,-0.1293f,-0.9916f,-0.0242f,0f,0f,0f,1f],start_interpolation: 0,interpolation_duration: 1}
$data merge entity $(bone_leftarm) {transformation: [-1f,-0.0006f,0.0001f,0.75f,-0.0006f,0.976f,0.2177f,3.5255f,-0.0002f,0.2177f,-0.976f,0.1151f,0f,0f,0f,1f],start_interpolation: 0,interpolation_duration: 1}
$data merge entity $(bone_rightthumb2) {transformation: [-1f,0.0003f,-0.0001f,-0.9536f,0.0003f,0.985f,-0.1727f,1.8741f,0.0001f,-0.1727f,-0.985f,0.4544f,0f,0f,0f,1f],start_interpolation: 0,interpolation_duration: 1}
$data merge entity $(bone_rightthumb) {transformation: [-1f,0.0003f,-0.0001f,-0.9535f,0.0003f,0.985f,-0.1727f,2.1009f,0.0001f,-0.1727f,-0.985f,0.3279f,0f,0f,0f,1f],start_interpolation: 0,interpolation_duration: 1}
$data merge entity $(bone_rightpointerfinger) {transformation: [-1f,0.0003f,-0.0001f,-1.063f,0.0003f,0.985f,-0.1727f,1.7697f,0.0001f,-0.1727f,-0.985f,0.3384f,0f,0f,0f,1f],start_interpolation: 0,interpolation_duration: 1}
$data merge entity $(bone_rightmidfinger) {transformation: [-1f,0.0003f,-0.0001f,-1.063f,0.0003f,0.985f,-0.1727f,1.7427f,0.0001f,-0.1727f,-0.985f,0.1845f,0f,0f,0f,1f],start_interpolation: 0,interpolation_duration: 1}
$data merge entity $(bone_rightringfinger) {transformation: [-1f,0.0003f,-0.0001f,-1.0631f,0.0003f,0.985f,-0.1727f,1.7157f,0.0001f,-0.1727f,-0.985f,0.0306f,0f,0f,0f,1f],start_interpolation: 0,interpolation_duration: 1}
$data merge entity $(bone_hugeasssword) {transformation: [-3.9167f,0.0011f,-0.0006f,-0.7973f,0.0012f,3.8578f,-0.6765f,1.9454f,0.0004f,-0.6765f,-3.8578f,0.1648f,0f,0f,0f,1f],start_interpolation: 0,interpolation_duration: 1}
$data merge entity $(bone_ice) {transformation: [-1f,0.0003f,-0.0001f,-0.7817f,0.0003f,0.985f,-0.1727f,1.93f,0.0001f,-0.1727f,-0.985f,0.1675f,0f,0f,0f,1f],start_interpolation: 0,interpolation_duration: 1}
$data merge entity $(bone_righthand1) {transformation: [-1f,0.0003f,-0.0001f,-1.0317f,0.0003f,0.985f,-0.1727f,2.1709f,0.0001f,-0.1727f,-0.985f,0.0935f,0f,0f,0f,1f],start_interpolation: 0,interpolation_duration: 1}
$data merge entity $(bone_rightforearm) {transformation: [-1f,0.0003f,-0.0001f,-0.969f,0.0003f,0.985f,-0.1727f,2.8661f,0.0001f,-0.1727f,-0.985f,-0.0125f,0f,0f,0f,1f],start_interpolation: 0,interpolation_duration: 1}
$data merge entity $(bone_rightelbow) {transformation: [-1f,0.0003f,-0.0001f,-0.9689f,0.0003f,0.985f,-0.1727f,3.0508f,0.0001f,-0.1727f,-0.985f,-0.0449f,0f,0f,0f,1f],start_interpolation: 0,interpolation_duration: 1}
$data merge entity $(bone_rightarm) {transformation: [-1f,0.0003f,0f,-0.75f,0.0003f,0.9657f,0.2597f,3.5255f,0.0001f,0.2597f,-0.9657f,0.1151f,0f,0f,0f,1f],start_interpolation: 0,interpolation_duration: 1}
$data merge entity $(bone_chest1) {transformation: [-1.0833f,0f,0f,-0.0023f,0f,1.0668f,0.1888f,3.3868f,0f,0.1888f,-1.0668f,-0.0212f,0f,0f,0f,1f],start_interpolation: 0,interpolation_duration: 1}
$data merge entity $(bone_chest1lid) {transformation: [-1f,0f,0f,-0.3438f,0f,0.9847f,0.1743f,2.6456f,0f,0.1743f,-0.9847f,0.245f,0f,0f,0f,1f],start_interpolation: 0,interpolation_duration: 1}
$data merge entity $(bone_chest2) {transformation: [-1f,0f,0f,-0.3438f,0f,0.9847f,0.1743f,2.4918f,0f,0.1743f,-0.9847f,0.2178f,0f,0f,0f,1f],start_interpolation: 0,interpolation_duration: 1}
$data merge entity $(bone_chest1lid3) {transformation: [-1f,0f,0f,-0.2812f,0f,0.9847f,0.1743f,2.7573f,0f,0.1743f,-0.9847f,-0.3858f,0f,0f,0f,1f],start_interpolation: 0,interpolation_duration: 1}
$data merge entity $(bone_chest3) {transformation: [-1f,0f,0f,-0.2812f,0f,0.9847f,0.1743f,2.6034f,0f,0.1743f,-0.9847f,-0.413f,0f,0f,0f,1f],start_interpolation: 0,interpolation_duration: 1}
$data merge entity $(bone_hugeasssword2) {transformation: [0f,2.8877f,-2.6461f,-1.2344f,-0.6826f,2.6056f,2.8435f,4.5755f,3.8567f,0.4611f,0.5032f,-0.0799f,0f,0f,0f,1f],start_interpolation: 0,interpolation_duration: 1}
$data merge entity $(bone_belt) {transformation: [-1f,0f,0f,0.0297f,0f,0.9847f,0.1743f,2.9718f,0f,0.1743f,-0.9847f,0.0383f,0f,0f,0f,1f],start_interpolation: 0,interpolation_duration: 1}
$data merge entity $(bone_torn_part) {transformation: [-1f,0f,0f,-0.0937f,0f,0.9236f,0.3833f,2.6971f,0f,0.3833f,-0.9236f,-0.0035f,0f,0f,0f,1f],start_interpolation: 0,interpolation_duration: 1}
$data merge entity $(bone_lowerbody) {transformation: [-1f,0f,0f,0.0039f,0f,0.9961f,0.0878f,2.1983f,0f,0.0878f,-0.9961f,0.0938f,0f,0f,0f,1f],start_interpolation: 0,interpolation_duration: 1}
$data merge entity $(bone_leftfoot) {transformation: [-0.9962f,-0.0842f,-0.0239f,0.4504f,-0.0842f,0.9965f,-0.001f,0.1635f,0.0239f,0.0011f,-0.9997f,-0.2664f,0f,0f,0f,1f],start_interpolation: 0,interpolation_duration: 1}
$data merge entity $(bone_leftlowerleg) {transformation: [-0.9962f,-0.0751f,-0.045f,0.3741f,-0.0842f,0.9625f,0.2579f,1.1917f,0.0239f,0.2607f,-0.9651f,0.1711f,0f,0f,0f,1f],start_interpolation: 0,interpolation_duration: 1}
$data merge entity $(bone_leftleg) {transformation: [-0.9962f,-0.0875f,-0.0012f,0.25f,-0.0842f,0.9619f,-0.26f,2.2178f,0.0239f,-0.2589f,-0.9656f,-0.0781f,0f,0f,0f,1f],start_interpolation: 0,interpolation_duration: 1}
$data merge entity $(bone_rightfoot) {transformation: [-0.9961f,0.0804f,0.035f,-0.445f,0.0819f,0.9957f,0.0422f,0.1889f,-0.0315f,0.0449f,-0.9985f,-0.1788f,0f,0f,0f,1f],start_interpolation: 0,interpolation_duration: 1}
$data merge entity $(bone_rightlowerleg) {transformation: [-0.9961f,0.0709f,0.0517f,-0.3743f,0.0819f,0.9627f,0.258f,1.2172f,-0.0315f,0.2612f,-0.9648f,0.2592f,0f,0f,0f,1f],start_interpolation: 0,interpolation_duration: 1}
$data merge entity $(bone_rightleg) {transformation: [-0.9961f,0.0877f,0.0015f,-0.25f,0.0819f,0.9358f,-0.3429f,2.2178f,-0.0315f,-0.3415f,-0.9394f,-0.0781f,0f,0f,0f,1f],start_interpolation: 0,interpolation_duration: 1}
data modify entity @s data merge value {"cameras":{},"locators":{"lefthand":{"posx":0.8760243007628379,"posy":1.831771424333538,"posz":0.10238549142645532,"roty":0.015423521904637028,"rotx":-7.427698460105979},"sword":{"posx":-0.8749401218835428,"posy":2.5541897147641937,"posz":3.8176641994181653,"roty":359.99150892389935,"rotx":-9.94567453347299},"righthand":{"posx":-0.8754783867007908,"posy":1.917305563345275,"posz":0.18558015056378993,"roty":359.99150892389935,"rotx":-9.94567453347299},"chest":{"posx":-0.37500000000000006,"posy":2.5568416297111978,"posz":0.38800368529950646,"roty":0,"rotx":10.036249999999999}}}