# This file was generated by Animated Java via MC-Build. It is not recommended to edit this file directly.
$data merge entity $(nose) {transformation: [-1f,0f,0f,0f,0f,0.9397f,0.342f,4.0721f,0f,0.342f,-0.9397f,0.3907f,0f,0f,0f,1f],start_interpolation: 0,interpolation_duration: 1}
$data merge entity $(glowing_eye) {transformation: [-1f,0f,0f,-0.125f,0f,0.9397f,0.342f,4.1238f,0f,0.342f,-0.9397f,0.4466f,0f,0f,0f,1f],start_interpolation: 0,interpolation_duration: 1}
$data merge entity $(head) {transformation: [-1f,0f,0f,0f,0f,0.9397f,0.342f,4.0201f,0f,0.342f,-0.9397f,0.1725f,0f,0f,0f,1f],start_interpolation: 0,interpolation_duration: 1}
$data merge entity $(leftthumb2) {transformation: [-1f,0f,0f,0.9531f,0f,0.9914f,-0.1305f,1.8481f,0f,-0.1305f,-0.9914f,0.4242f,0f,0f,0f,1f],start_interpolation: 0,interpolation_duration: 1}
$data merge entity $(leftthumb) {transformation: [-1f,0f,0f,0.9531f,0f,0.9914f,-0.1305f,2.0801f,0f,-0.1305f,-0.9914f,0.3075f,0f,0f,0f,1f],start_interpolation: 0,interpolation_duration: 1}
$data merge entity $(leftpointerfinger) {transformation: [-1f,0f,0f,1.0625f,0f,0.9914f,-0.1305f,1.7486f,0f,-0.1305f,-0.9914f,0.3038f,0f,0f,0f,1f],start_interpolation: 0,interpolation_duration: 1}
$data merge entity $(leftmidfinger) {transformation: [-1f,0f,0f,1.0625f,0f,0.9914f,-0.1305f,1.7282f,0f,-0.1305f,-0.9914f,0.1489f,0f,0f,0f,1f],start_interpolation: 0,interpolation_duration: 1}
$data merge entity $(leftringfinger) {transformation: [-1f,0f,0f,1.0625f,0f,0.9914f,-0.1305f,1.7078f,0f,-0.1305f,-0.9914f,-0.006f,0f,0f,0f,1f],start_interpolation: 0,interpolation_duration: 1}
$data merge entity $(invisibility) {transformation: [0f,0f,1f,0.875f,0.9763f,0.2164f,0f,1.8612f,-0.2164f,0.9763f,0f,0.3205f,0f,0f,0f,1f],start_interpolation: 0,interpolation_duration: 1}
$data merge entity $(swiftness) {transformation: [0f,0f,1f,0.8229f,-0.1305f,0.9914f,0f,1.7024f,-0.9914f,-0.1305f,0f,0.1523f,0f,0f,0f,1f],start_interpolation: 0,interpolation_duration: 1}
$data merge entity $(suspicious_stew) {transformation: [0f,0f,1f,0.875f,0.8434f,0.5373f,0f,1.7902f,-0.5373f,0.8434f,0f,0.1408f,0f,0f,0f,1f],start_interpolation: 0,interpolation_duration: 1}
$data merge entity $(log) {transformation: [-1f,0f,0f,0.7813f,0f,0.9914f,-0.1305f,1.908f,0f,-0.1305f,-0.9914f,0.078f,0f,0f,0f,1f],start_interpolation: 0,interpolation_duration: 1}
$data merge entity $(planks) {transformation: [-1f,0f,0f,0.6875f,0f,0.9914f,-0.1305f,1.908f,0f,-0.1305f,-0.9914f,0.078f,0f,0f,0f,1f],start_interpolation: 0,interpolation_duration: 1}
$data merge entity $(lefthand1) {transformation: [-1f,0f,0f,1.0313f,0f,0.9914f,-0.1305f,2.16f,0f,-0.1305f,-0.9914f,0.0763f,0f,0f,0f,1f],start_interpolation: 0,interpolation_duration: 1}
$data merge entity $(leftforearm) {transformation: [-1f,0f,0f,0.9688f,0f,0.9914f,-0.1305f,2.8591f,0f,-0.1305f,-0.9914f,0f,0f,0f,0f,1f],start_interpolation: 0,interpolation_duration: 1}
$data merge entity $(leftelbow) {transformation: [-1f,0f,0f,0.9688f,0f,0.9914f,-0.1305f,3.045f,0f,-0.1305f,-0.9914f,-0.0244f,0f,0f,0f,1f],start_interpolation: 0,interpolation_duration: 1}
$data merge entity $(leftarm) {transformation: [-1f,0f,0f,0.75f,0f,0.9763f,0.2164f,3.5264f,0f,0.2164f,-0.9763f,0.1143f,0f,0f,0f,1f],start_interpolation: 0,interpolation_duration: 1}
$data merge entity $(rightthumb2) {transformation: [-1f,0f,0f,-0.9531f,0f,0.9848f,-0.1736f,1.8753f,0f,-0.1736f,-0.9848f,0.4551f,0f,0f,0f,1f],start_interpolation: 0,interpolation_duration: 1}
$data merge entity $(rightthumb) {transformation: [-1f,0f,0f,-0.9531f,0f,0.9848f,-0.1736f,2.102f,0f,-0.1736f,-0.9848f,0.3284f,0f,0f,0f,1f],start_interpolation: 0,interpolation_duration: 1}
$data merge entity $(rightpointerfinger) {transformation: [-1f,0f,0f,-1.0625f,0f,0.9848f,-0.1736f,1.7707f,0f,-0.1736f,-0.9848f,0.3392f,0f,0f,0f,1f],start_interpolation: 0,interpolation_duration: 1}
$data merge entity $(rightmidfinger) {transformation: [-1f,0f,0f,-1.0625f,0f,0.9848f,-0.1736f,1.7436f,0f,-0.1736f,-0.9848f,0.1853f,0f,0f,0f,1f],start_interpolation: 0,interpolation_duration: 1}
$data merge entity $(rightringfinger) {transformation: [-1f,0f,0f,-1.0625f,0f,0.9848f,-0.1736f,1.7164f,0f,-0.1736f,-0.9848f,0.0314f,0f,0f,0f,1f],start_interpolation: 0,interpolation_duration: 1}
$data merge entity $(hugeasssword) {transformation: [-3.9167f,0f,0f,-0.7969f,0f,3.8572f,-0.6801f,1.9463f,0f,-0.6801f,-3.8572f,0.1654f,0f,0f,0f,1f],start_interpolation: 0,interpolation_duration: 1}
$data merge entity $(whey) {transformation: [0f,0f,0f,-0.625f,0f,0f,0f,1.8784f,0f,0f,0f,0.3202f,0f,0f,0f,1f],start_interpolation: 0,interpolation_duration: 1}
$data merge entity $(ice) {transformation: [-1f,0f,0f,-0.7812f,0f,0.9848f,-0.1736f,1.9309f,0f,-0.1736f,-0.9848f,0.1682f,0f,0f,0f,1f],start_interpolation: 0,interpolation_duration: 1}
$data merge entity $(righthand1) {transformation: [-1f,0f,0f,-1.0312f,0f,0.9848f,-0.1736f,2.1717f,0f,-0.1736f,-0.9848f,0.094f,0f,0f,0f,1f],start_interpolation: 0,interpolation_duration: 1}
$data merge entity $(rightforearm) {transformation: [-1f,0f,0f,-0.9687f,0f,0.9848f,-0.1736f,2.8669f,0f,-0.1736f,-0.9848f,-0.0127f,0f,0f,0f,1f],start_interpolation: 0,interpolation_duration: 1}
$data merge entity $(rightelbow) {transformation: [-1f,0f,0f,-0.9687f,0f,0.9848f,-0.1736f,3.0515f,0f,-0.1736f,-0.9848f,-0.0453f,0f,0f,0f,1f],start_interpolation: 0,interpolation_duration: 1}
$data merge entity $(rightarm) {transformation: [-1f,0f,0f,-0.75f,0f,0.9659f,0.2588f,3.5264f,0f,0.2588f,-0.9659f,0.1143f,0f,0f,0f,1f],start_interpolation: 0,interpolation_duration: 1}
$data merge entity $(chest1) {transformation: [-1.0833f,0f,0f,-0.0023f,0f,1.0669f,0.1881f,3.3876f,0f,0.1881f,-1.0669f,-0.0219f,0f,0f,0f,1f],start_interpolation: 0,interpolation_duration: 1}
$data merge entity $(chest1lid) {transformation: [-1f,0f,0f,-0.3438f,0f,0.9848f,0.1736f,2.6466f,0f,0.1736f,-0.9848f,0.2448f,0f,0f,0f,1f],start_interpolation: 0,interpolation_duration: 1}
$data merge entity $(chest2) {transformation: [-1f,0f,0f,-0.3438f,0f,0.9848f,0.1736f,2.4927f,0f,0.1736f,-0.9848f,0.2176f,0f,0f,0f,1f],start_interpolation: 0,interpolation_duration: 1}
$data merge entity $(chest1lid3) {transformation: [-1f,0f,0f,-0.2812f,0f,0.9848f,0.1736f,2.7579f,0f,0.1736f,-0.9848f,-0.3861f,0f,0f,0f,1f],start_interpolation: 0,interpolation_duration: 1}
$data merge entity $(chest3) {transformation: [-1f,0f,0f,-0.2812f,0f,0.9848f,0.1736f,2.604f,0f,0.1736f,-0.9848f,-0.4133f,0f,0f,0f,1f],start_interpolation: 0,interpolation_duration: 1}
$data merge entity $(hugeasssword2) {transformation: [0f,2.8877f,-2.6461f,-1.2344f,-0.6801f,2.6059f,2.8438f,4.5763f,3.8572f,0.4595f,0.5014f,-0.0814f,0f,0f,0f,1f],start_interpolation: 0,interpolation_duration: 1}
$data merge entity $(belt) {transformation: [-1f,0f,0f,0.0297f,0f,0.9848f,0.1736f,2.9726f,0f,0.1736f,-0.9848f,0.0378f,0f,0f,0f,1f],start_interpolation: 0,interpolation_duration: 1}
$data merge entity $(torn_part) {transformation: [-1f,0f,0f,-0.0937f,0f,0.9239f,0.3827f,2.6979f,0f,0.3827f,-0.9239f,-0.0038f,0f,0f,0f,1f],start_interpolation: 0,interpolation_duration: 1}
$data merge entity $(lowerbody) {transformation: [-1f,0f,0f,0.0039f,0f,0.9962f,0.0872f,2.1992f,0f,0.0872f,-0.9962f,0.0938f,0f,0f,0f,1f],start_interpolation: 0,interpolation_duration: 1}
$data merge entity $(leftfoot) {transformation: [-0.9962f,-0.0842f,-0.0226f,0.4508f,-0.0842f,0.9964f,-0.001f,0.1637f,0.0226f,0.001f,-0.9997f,-0.2664f,0f,0f,0f,1f],start_interpolation: 0,interpolation_duration: 1}
$data merge entity $(leftlowerleg) {transformation: [-0.9962f,-0.0755f,-0.0436f,0.3737f,-0.0842f,0.9627f,0.257f,1.1922f,0.0226f,0.2597f,-0.9654f,0.17f,0f,0f,0f,1f],start_interpolation: 0,interpolation_duration: 1}
$data merge entity $(leftleg) {transformation: [-0.9962f,-0.0872f,0f,0.25f,-0.0842f,0.9623f,-0.2588f,2.2188f,0.0226f,-0.2578f,-0.9659f,-0.0781f,0f,0f,0f,1f],start_interpolation: 0,interpolation_duration: 1}
$data merge entity $(rightfoot) {transformation: [-0.9962f,0.0805f,0.0334f,-0.4453f,0.0819f,0.9957f,0.0423f,0.1889f,-0.0298f,0.0448f,-0.9986f,-0.1781f,0f,0f,0f,1f],start_interpolation: 0,interpolation_duration: 1}
$data merge entity $(rightlowerleg) {transformation: [-0.9962f,0.0714f,0.05f,-0.3737f,0.0819f,0.963f,0.2568f,1.2178f,-0.0298f,0.2599f,-0.9652f,0.2585f,0f,0f,0f,1f],start_interpolation: 0,interpolation_duration: 1}
$data merge entity $(rightleg) {transformation: [-0.9962f,0.0872f,0f,-0.25f,0.0819f,0.9361f,-0.342f,2.2188f,-0.0298f,-0.3407f,-0.9397f,-0.0781f,0f,0f,0f,1f],start_interpolation: 0,interpolation_duration: 1}
data modify entity @s data merge value {"cameras":{},"locators":{"soup":{"px":0.84375,"py":1.8825537826893186,"pz":0.2857181202011917,"ry":90.00000000000001,"rx":-3.1805546814635168e-15},"lefthand":{"px":0.875,"py":1.8326004468747288,"pz":0.10365914827385549,"ry":0,"rx":-7.499999999999998},"sword":{"px":-0.8750000000000004,"py":2.558582459098789,"pz":3.8177318929338915,"ry":0,"rx":-10.000000000000004},"righthand":{"px":-0.875,"py":1.9182548039519833,"pz":0.18625330370137433,"ry":0,"rx":-10.000000000000004},"chest":{"px":-0.37500000000000006,"py":2.557933976908742,"pz":0.38777679154733385,"ry":0,"rx":10.000000000000002}}}