# This file was generated by Animated Java via MC-Build. It is not recommended to edit this file directly.
$data merge entity $(nose) {transformation: [-1f,0f,0f,0f,0f,0.93f,0.3675f,4.0453f,0f,0.3675f,-0.93f,0.4169f,0f,0f,0f,1f],start_interpolation: 0,interpolation_duration: 1}
$data merge entity $(glowing_eye) {transformation: [-1f,0f,0f,-0.125f,0f,0.93f,0.3675f,4.0955f,0f,0.3675f,-0.93f,0.4742f,0f,0f,0f,1f],start_interpolation: 0,interpolation_duration: 1}
$data merge entity $(head) {transformation: [-1f,0f,0f,0f,0f,0.93f,0.3675f,3.9993f,0f,0.3675f,-0.93f,0.1973f,0f,0f,0f,1f],start_interpolation: 0,interpolation_duration: 1}
$data merge entity $(leftthumb2) {transformation: [-0.9999f,-0.0124f,0.0056f,0.9738f,-0.0129f,0.9945f,-0.1035f,1.8231f,-0.0043f,-0.1035f,-0.9946f,0.3975f,0f,0f,0f,1f],start_interpolation: 0,interpolation_duration: 1}
$data merge entity $(leftthumb) {transformation: [-0.9999f,-0.0124f,0.0056f,0.9712f,-0.0129f,0.9945f,-0.1035f,2.0582f,-0.0043f,-0.1035f,-0.9946f,0.2871f,0f,0f,0f,1f],start_interpolation: 0,interpolation_duration: 1}
$data merge entity $(leftpointerfinger) {transformation: [-0.9999f,-0.0124f,0.0056f,1.0849f,-0.0129f,0.9945f,-0.1035f,1.7284f,-0.0043f,-0.1035f,-0.9946f,0.2749f,0f,0f,0f,1f],start_interpolation: 0,interpolation_duration: 1}
$data merge entity $(leftmidfinger) {transformation: [-0.9999f,-0.0124f,0.0056f,1.0858f,-0.0129f,0.9945f,-0.1035f,1.7122f,-0.0043f,-0.1035f,-0.9946f,0.1195f,0f,0f,0f,1f],start_interpolation: 0,interpolation_duration: 1}
$data merge entity $(leftringfinger) {transformation: [-0.9999f,-0.0124f,0.0056f,1.0867f,-0.0129f,0.9945f,-0.1035f,1.6961f,-0.0043f,-0.1035f,-0.9946f,-0.0359f,0f,0f,0f,1f],start_interpolation: 0,interpolation_duration: 1}
$data merge entity $(invisibility) {transformation: [-0.0119f,-0.0067f,0.9999f,0.8959f,0.9817f,0.1898f,0.0129f,1.838f,-0.1898f,0.9818f,0.0043f,0.2938f,0f,0f,0f,1f],start_interpolation: 0,interpolation_duration: 1}
$data merge entity $(swiftness) {transformation: [0.0056f,-0.0124f,0.9999f,0.8466f,-0.1035f,0.9945f,0.0129f,1.6832f,-0.9946f,-0.1035f,0.0043f,0.1211f,0f,0f,0f,1f],start_interpolation: 0,interpolation_duration: 1}
$data merge entity $(suspicious_stew) {transformation: [-0.0089f,-0.0103f,0.9999f,0.8976f,0.8576f,0.5141f,0.0129f,1.772f,-0.5142f,0.8577f,0.0043f,0.1122f,0f,0f,0f,1f],start_interpolation: 0,interpolation_duration: 1}
$data merge entity $(log) {transformation: [-0.9999f,-0.0124f,0.0056f,0.8025f,-0.0129f,0.9945f,-0.1035f,1.8902f,-0.0043f,-0.1035f,-0.9946f,0.0522f,0f,0f,0f,1f],start_interpolation: 0,interpolation_duration: 1}
$data merge entity $(planks) {transformation: [-0.9999f,-0.0124f,0.0056f,0.7088f,-0.0129f,0.9945f,-0.1035f,1.889f,-0.0043f,-0.1035f,-0.9946f,0.0518f,0f,0f,0f,1f],start_interpolation: 0,interpolation_duration: 1}
$data merge entity $(lefthand1) {transformation: [-0.9999f,-0.0124f,0.0056f,1.0492f,-0.0129f,0.9945f,-0.1035f,2.1453f,-0.0043f,-0.1035f,-0.9946f,0.0585f,0f,0f,0f,1f],start_interpolation: 0,interpolation_duration: 1}
$data merge entity $(leftforearm) {transformation: [-0.9999f,-0.0124f,0.0056f,0.9779f,-0.0129f,0.9945f,-0.1035f,2.8454f,-0.0043f,-0.1035f,-0.9946f,0.001f,0f,0f,0f,1f],start_interpolation: 0,interpolation_duration: 1}
$data merge entity $(leftelbow) {transformation: [-0.9999f,-0.0124f,0.0056f,0.9756f,-0.0129f,0.9945f,-0.1035f,3.0319f,-0.0043f,-0.1035f,-0.9946f,-0.0184f,0f,0f,0f,1f],start_interpolation: 0,interpolation_duration: 1}
$data merge entity $(leftarm) {transformation: [-0.9999f,-0.0136f,0.001f,0.75f,-0.0129f,0.97f,0.2429f,3.5065f,-0.0043f,0.2429f,-0.97f,0.1324f,0f,0f,0f,1f],start_interpolation: 0,interpolation_duration: 1}
$data merge entity $(rightthumb2) {transformation: [-1f,0.0061f,-0.0031f,-0.9632f,0.0065f,0.9881f,-0.1535f,1.8501f,0.0021f,-0.1535f,-0.9881f,0.4399f,0f,0f,0f,1f],start_interpolation: 0,interpolation_duration: 1}
$data merge entity $(rightthumb) {transformation: [-1f,0.0061f,-0.0031f,-0.962f,0.0065f,0.9881f,-0.1535f,2.0793f,0.0021f,-0.1535f,-0.9881f,0.3178f,0f,0f,0f,1f],start_interpolation: 0,interpolation_duration: 1}
$data merge entity $(rightpointerfinger) {transformation: [-1f,0.0061f,-0.0031f,-1.0735f,0.0065f,0.9881f,-0.1535f,1.7486f,0.0021f,-0.1535f,-0.9881f,0.322f,0f,0f,0f,1f],start_interpolation: 0,interpolation_duration: 1}
$data merge entity $(rightmidfinger) {transformation: [-1f,0.0061f,-0.0031f,-1.074f,0.0065f,0.9881f,-0.1535f,1.7246f,0.0021f,-0.1535f,-0.9881f,0.1677f,0f,0f,0f,1f],start_interpolation: 0,interpolation_duration: 1}
$data merge entity $(rightringfinger) {transformation: [-1f,0.0061f,-0.0031f,-1.0745f,0.0065f,0.9881f,-0.1535f,1.7006f,0.0021f,-0.1535f,-0.9881f,0.0133f,0f,0f,0f,1f],start_interpolation: 0,interpolation_duration: 1}
$data merge entity $(hugeasssword) {transformation: [-3.9166f,0.0238f,-0.0122f,-0.8071f,0.0254f,3.8702f,-0.6011f,1.926f,0.0084f,-0.6012f,-3.8702f,0.1513f,0f,0f,0f,1f],start_interpolation: 0,interpolation_duration: 1}
$data merge entity $(whey) {transformation: [0f,0f,0f,-0.6353f,0f,0f,0f,1.8538f,0f,0f,0f,0.3043f,0f,0f,0f,1f],start_interpolation: 0,interpolation_duration: 1}
$data merge entity $(ice) {transformation: [-1f,0.0061f,-0.0031f,-0.7915f,0.0065f,0.9881f,-0.1535f,1.9105f,0.0021f,-0.1535f,-0.9881f,0.1537f,0f,0f,0f,1f],start_interpolation: 0,interpolation_duration: 1}
$data merge entity $(righthand1) {transformation: [-1f,0.0061f,-0.0031f,-1.0401f,0.0065f,0.9881f,-0.1535f,2.1543f,0.0021f,-0.1535f,-0.9881f,0.085f,0f,0f,0f,1f],start_interpolation: 0,interpolation_duration: 1}
$data merge entity $(rightforearm) {transformation: [-1f,0.0061f,-0.0031f,-0.9733f,0.0065f,0.9881f,-0.1535f,2.8511f,0.0021f,-0.1535f,-0.9881f,-0.0076f,0f,0f,0f,1f],start_interpolation: 0,interpolation_duration: 1}
$data merge entity $(rightelbow) {transformation: [-1f,0.0061f,-0.0031f,-0.9722f,0.0065f,0.9881f,-0.1535f,3.0364f,0.0021f,-0.1535f,-0.9881f,-0.0364f,0f,0f,0f,1f],start_interpolation: 0,interpolation_duration: 1}
$data merge entity $(rightarm) {transformation: [-1f,0.0068f,-0.0003f,-0.75f,0.0065f,0.9604f,0.2785f,3.5065f,0.0021f,0.2785f,-0.9604f,0.1324f,0f,0f,0f,1f],start_interpolation: 0,interpolation_duration: 1}
$data merge entity $(chest1) {transformation: [-1.0833f,0f,0f,-0.0023f,0f,1.0642f,0.2026f,3.3696f,0f,0.2026f,-1.0642f,-0.0057f,0f,0f,0f,1f],start_interpolation: 0,interpolation_duration: 1}
$data merge entity $(chest1lid) {transformation: [-1f,0f,0f,-0.3438f,0f,0.9823f,0.1871f,2.625f,0f,0.1871f,-0.9823f,0.2508f,0f,0f,0f,1f],start_interpolation: 0,interpolation_duration: 1}
$data merge entity $(chest2) {transformation: [-1f,0f,0f,-0.3438f,0f,0.9823f,0.1871f,2.4715f,0f,0.1871f,-0.9823f,0.2216f,0f,0f,0f,1f],start_interpolation: 0,interpolation_duration: 1}
$data merge entity $(chest1lid3) {transformation: [-1f,0f,0f,-0.2812f,0f,0.9823f,0.1871f,2.7448f,0f,0.1871f,-0.9823f,-0.3785f,0f,0f,0f,1f],start_interpolation: 0,interpolation_duration: 1}
$data merge entity $(chest3) {transformation: [-1f,0f,0f,-0.2812f,0f,0.9823f,0.1871f,2.5913f,0f,0.1871f,-0.9823f,-0.4077f,0f,0f,0f,1f],start_interpolation: 0,interpolation_duration: 1}
$data merge entity $(hugeasssword2) {transformation: [0f,2.8877f,-2.6461f,-1.2344f,-0.7327f,2.5994f,2.8367f,4.5589f,3.8475f,0.495f,0.5402f,-0.0489f,0f,0f,0f,1f],start_interpolation: 0,interpolation_duration: 1}
$data merge entity $(belt) {transformation: [-1f,0f,0f,0.0297f,0f,0.9823f,0.1871f,2.9538f,0f,0.1871f,-0.9823f,0.0484f,0f,0f,0f,1f],start_interpolation: 0,interpolation_duration: 1}
$data merge entity $(torn_part) {transformation: [-1f,0f,0f,-0.0937f,0f,0.9186f,0.3952f,2.6797f,0f,0.3952f,-0.9186f,0.003f,0f,0f,0f,1f],start_interpolation: 0,interpolation_duration: 1}
$data merge entity $(lowerbody) {transformation: [-1f,0f,0f,0.0039f,0f,0.9949f,0.1007f,2.1797f,0f,0.1007f,-0.9949f,0.0938f,0f,0f,0f,1f],start_interpolation: 0,interpolation_duration: 1}
$data merge entity $(leftfoot) {transformation: [-0.9951f,-0.0835f,-0.052f,0.4429f,-0.0836f,0.9965f,-0.0011f,0.1603f,0.052f,0.0032f,-0.9986f,-0.2647f,0f,0f,0f,1f],start_interpolation: 0,interpolation_duration: 1}
$data merge entity $(leftlowerleg) {transformation: [-0.9951f,-0.0657f,-0.0732f,0.3812f,-0.0836f,0.9574f,0.2765f,1.1799f,0.052f,0.2812f,-0.9582f,0.1945f,0f,0f,0f,1f],start_interpolation: 0,interpolation_duration: 1}
$data merge entity $(leftleg) {transformation: [-0.9951f,-0.0949f,-0.0261f,0.25f,-0.0836f,0.9548f,-0.2852f,2.1992f,0.052f,-0.2816f,-0.9581f,-0.0781f,0f,0f,0f,1f],start_interpolation: 0,interpolation_duration: 1}
$data merge entity $(rightfoot) {transformation: [-0.9945f,0.0784f,0.069f,-0.4386f,0.0815f,0.9958f,0.0421f,0.1886f,-0.0654f,0.0475f,-0.9967f,-0.192f,0f,0f,0f,1f],start_interpolation: 0,interpolation_duration: 1}
$data merge entity $(rightlowerleg) {transformation: [-0.9945f,0.0593f,0.086f,-0.386f,0.0815f,0.9557f,0.2828f,1.2054f,-0.0654f,0.2883f,-0.9553f,0.2745f,0f,0f,0f,1f],start_interpolation: 0,interpolation_duration: 1}
$data merge entity $(rightleg) {transformation: [-0.9945f,0.0995f,0.0317f,-0.25f,0.0815f,0.9289f,-0.3612f,2.1992f,-0.0654f,-0.3567f,-0.9319f,-0.0781f,0f,0f,0f,1f],start_interpolation: 0,interpolation_duration: 1}
data modify entity @s data merge value {"cameras":{},"locators":{"soup":{"px":0.8645363098862031,"py":1.8599126477717907,"pz":0.25947757073362926,"ry":90.24496227291101,"rx":0.7418720592627576},"lefthand":{"px":0.8971496535987177,"py":1.8153437139158675,"pz":0.07626363167581765,"ry":0.3221438050272809,"rx":-5.9391353057147045},"sword":{"px":-0.8738758189596089,"py":2.4639741210989095,"pz":3.815541110736361,"ry":359.81987091742394,"rx":-8.828472804836137},"righthand":{"px":-0.8853313802983951,"py":1.8980280091025326,"pz":0.1717477551204589,"ry":359.81987091742394,"rx":-8.828472804836137},"chest":{"px":-0.37500000000000006,"py":2.5343603363843985,"pz":0.3926405272752137,"ry":0,"rx":10.781250000000002}}}