# This file was generated by Animated Java via MC-Build. It is not recommended to edit this file directly.
$data merge entity $(bone_nose) { transformation: [-0.9999858658024777f,0.001794148823367537f,-0.005004920106126724f,0.001189312727038177f,0.0023973260209865415f,0.9923735026431727f,-0.12324400220566634f,0.48134063157927565f,0.004745632014621815f,-0.12325425867579905f,-0.99236377739973f,0.5455320856435153f,0f,0f,0f,1f], start_interpolation: 0, interpolation_duration: 1 }
$data merge entity $(bone_glowing_eye) { transformation: [-0.9999858658024777f,0.002591542940652569f,-0.00464242398493034f,-0.12347145169843383f,0.0023973260209865415f,0.9991413011346162f,0.04136318647028592f,0.5478468871979123f,0.004745632014621815f,0.041351472431018665f,-0.9991333918474392f,0.5837905044765228f,0f,0f,0f,1f], start_interpolation: 0, interpolation_duration: 1 }
$data merge entity $(bone_head) { transformation: [-0.9999858658024777f,0.002591542940652569f,-0.00464242398493034f,-4.2973640519969737e-17f,0.0023973260209865415f,0.9991413011346162f,0.04136318647028592f,0.36571524951423295f,0.004745632014621815f,0.041351472431018665f,-0.9991333918474392f,0.3533334117606922f,0f,0f,0f,1f], start_interpolation: 0, interpolation_duration: 1 }
$data merge entity $(bone_leftthumb2) { transformation: [-0.4521600155472334f,0.8228169162902125f,0.3442726283151061f,0.3614852381378416f,-0.7110083529291495f,-0.09945890001146622f,-0.6961142501583255f,-0.35769991113025107f,-0.5385336037846702f,-0.5595357445911517f,0.6300010381892411f,0.9851369955313577f,0f,0f,0f,1f], start_interpolation: 0, interpolation_duration: 1 }
$data merge entity $(bone_leftthumb) { transformation: [-0.4521600155472334f,0.8228169162902125f,0.3442726283151061f,0.5926955938653823f,-0.7110083529291495f,-0.09945890001146622f,-0.6961142501583255f,-0.44157964394921817f,-0.5385336037846702f,-0.5595357445911517f,0.6300010381892411f,0.9017533644095193f,0f,0f,0f,1f], start_interpolation: 0, interpolation_duration: 1 }
$data merge entity $(bone_leftpointerfinger) { transformation: [-0.5978262786153203f,0.7239337663004581f,0.3442726283151061f,0.40456768346927047f,-0.6799387525237074f,-0.23045225870669514f,-0.6961142501583255f,-0.3474187528576815f,-0.4246022060864293f,-0.6502396930878769f,0.6300010381892411f,1.1830053267510456f,0f,0f,0f,1f], start_interpolation: 0, interpolation_duration: 1 }
$data merge entity $(bone_leftmidfinger) { transformation: [-0.5324563840344746f,0.7732829731048919f,0.3442726283151061f,0.4583602816435058f,-0.6974366180666902f,-0.17031475128775705f,-0.6961142501583255f,-0.4561866044449199f,-0.47965858991644283f,-0.6107588140991898f,0.6300010381892411f,1.2814429889681145f,0f,0f,0f,1f], start_interpolation: 0, interpolation_duration: 1 }
$data merge entity $(bone_leftringfinger) { transformation: [-0.6288348278446423f,0.69716792574143f,0.3442726283151061f,0.5121528798177412f,-0.6692394151516528f,-0.25989143105148094f,-0.6961142501583255f,-0.5649544560321582f,-0.3958350218172634f,-0.6681416970848365f,0.6300010381892411f,1.3798806511851835f,0f,0f,0f,1f], start_interpolation: 0, interpolation_duration: 1 }
$data merge entity $(bone_invisibility) { transformation: [0.8496911861370005f,-0.2712493475410075f,0.4521600155472334f,0.38275865202969417f,-0.15975078337923776f,0.6847969109704704f,0.7110083529291493f,-0.4862473223030236f,-0.5024983337393434f,-0.676370447450123f,0.5385336037846702f,0.9919226369648632f,0f,0f,0f,1f], start_interpolation: 0, interpolation_duration: 1 }
$data merge entity $(bone_swiftness) { transformation: [0.34427262831510597f,0.8228169162902125f,0.45216001554723345f,0.3123365677278709f,-0.6961142501583256f,-0.09945890001146622f,0.7110083529291494f,-0.6403318676988724f,0.630001038189241f,-0.5595357445911517f,0.5385336037846703f,1.1577699006060604f,0f,0f,0f,1f], start_interpolation: 0, interpolation_duration: 1 }
$data merge entity $(bone_suspicious_stew) { transformation: [0.8912212782827351f,0.03572049098785729f,0.4521600155472336f,0.40874022688767286f,-0.38433096994533344f,0.5888606181481812f,0.7110083529291497f,-0.6121066082696721f,-0.24086165879393784f,-0.8074448705129836f,0.5385336037846702f,1.136276069653056f,0f,0f,0f,1f], start_interpolation: 0, interpolation_duration: 1 }
$data merge entity $(bone_log) { transformation: [-0.4521600155472334f,0.8228169162902125f,0.3442726283151061f,0.48534011941866684f,-0.7110083529291495f,-0.09945890001146622f,-0.6961142501583255f,-0.7238263593343847f,-0.5385336037846702f,-0.5595357445911517f,0.6300010381892411f,1.04537787488947f,0f,0f,0f,1f], start_interpolation: 0, interpolation_duration: 1 }
$data merge entity $(bone_planks) { transformation: [-0.4521600155472334f,0.8228169162902125f,0.3442726283151061f,0.4429501179611137f,-0.7110083529291495f,-0.09945890001146622f,-0.6961142501583255f,-0.7904833924214925f,-0.5385336037846702f,-0.5595357445911517f,0.6300010381892411f,0.9948903495346572f,0f,0f,0f,1f], start_interpolation: 0, interpolation_duration: 1 }
$data merge entity $(bone_lefthand1) { transformation: [-0.4521600155472334f,0.8228169162902125f,0.3442726283151061f,0.7933258327431814f,-0.7110083529291495f,-0.09945890001146622f,-0.6961142501583255f,-0.5491854257875162f,-0.5385336037846702f,-0.5595357445911517f,0.6300010381892411f,1.0204398072444358f,0f,0f,0f,1f], start_interpolation: 0, interpolation_duration: 1 }
$data merge entity $(bone_leftforearm) { transformation: [-0.6898401720579374f,0.6247971847010062f,-0.36571712429796327f,1.195235672549611f,0.526032326017577f,0.08550745543219546f,-0.8461551081510108f,-0.4429648022457956f,-0.49740378868642826f,-0.776090814953513f,-0.38764999412508616f,0.4497202473455497f,0f,0f,0f,1f], start_interpolation: 0, interpolation_duration: 1 }
$data merge entity $(bone_leftelbow) { transformation: [-0.8422170932432654f,-0.39625486143239136f,-0.36558508262791695f,1.1209378860310375f,0.12289086280747694f,0.5191437435745972f,-0.8458058934210537f,-0.34562535032555863f,0.5249459054867449f,-0.7572792472387906f,-0.38853563287574067f,0.3077303884882765f,0f,0f,0f,1f], start_interpolation: 0, interpolation_duration: 1 }
$data merge entity $(bone_leftarm) { transformation: [-0.8422170932432654f,-0.39625486143239136f,-0.36558508262791695f,0.75f,0.12289086280747694f,0.5191437435745972f,-0.8458058934210537f,-0.03273966812971649f,0.5249459054867449f,-0.7572792472387906f,-0.38853563287574067f,0.05606442022147354f,0f,0f,0f,1f], start_interpolation: 0, interpolation_duration: 1 }
$data merge entity $(bone_rightthumb2) { transformation: [-0.3908538349683822f,-0.8170837939915183f,-0.42380107749619406f,-0.39791238309693655f,0.8206072933199636f,-0.10076424501931698f,-0.5625390982640863f,-0.2960758771859022f,0.41693758506591005f,-0.5676448189864094f,0.7098890121964802f,1.023811676941179f,0f,0f,0f,1f], start_interpolation: 0, interpolation_duration: 1 }
$data merge entity $(bone_rightthumb) { transformation: [-0.3908538349683822f,-0.8170837939915183f,-0.42380107749619406f,-0.6345130360250325f,0.8206072933199636f,-0.10076424501931698f,-0.5625390982640863f,-0.36886073753495524f,0.41693758506591005f,-0.5676448189864094f,0.7098890121964802f,0.9452663826806851f,0f,0f,0f,1f], start_interpolation: 0, interpolation_duration: 1 }
$data merge entity $(bone_rightpointerfinger) { transformation: [-0.4366864758022433f,-0.7935348565529319f,-0.42380107749619406f,-0.44378128393877525f,0.8135491900171865f,-0.14726669123263925f,-0.5625390982640863f,-0.25340390548603425f,0.3839826002227155f,-0.5904362396473549f,0.7098890121964802f,1.2166557138664427f,0f,0f,0f,1f], start_interpolation: 0, interpolation_duration: 1 }
$data merge entity $(bone_rightmidfinger) { transformation: [-0.59808764068775f,-0.6802086597284882f,-0.42380107749619406f,-0.5100002022975556f,0.7623904800131011f,-0.319860155239166f,-0.5625390982640863f,-0.3413006395897977f,0.2470868876366281f,-0.6595495889777742f,0.7098890121964802f,1.3275758720221429f,0f,0f,0f,1f], start_interpolation: 0, interpolation_duration: 1 }
$data merge entity $(bone_rightringfinger) { transformation: [-0.6550958276093629f,-0.6254934878652768f,-0.42380107749619406f,-0.5762191206563358f,0.7316117046594214f,-0.38508969932934517f,-0.5625390982640863f,-0.42919737369356126f,0.1886631131253292f,-0.6785748448834261f,0.7098890121964802f,1.4384960301778429f,0f,0f,0f,1f], start_interpolation: 0, interpolation_duration: 1 }
$data merge entity $(bone_hugeasssword) { transformation: [-0.000015308441869594974f,-0.00003200244859800114f,-0.000016598875535267603f,-0.5507693520928194f,0.00003214045232169858f,-0.0000039465995965899155f,-0.000022032781348676717f,-0.5899611774133011f,0.000016330055415081477f,-0.000022232755410301037f,0.00002780398631102881f,1.0841796771742778f,0f,0f,0f,1f], start_interpolation: 0, interpolation_duration: 1 }
$data merge entity $(bone_ice) { transformation: [-0.3908538349683822f,-0.8170837939915183f,-0.42380107749619406f,-0.531895326640321f,0.8206072933199636f,-0.10076424501931698f,-0.5625390982640863f,-0.6012087250429987f,0.41693758506591005f,-0.5676448189864094f,0.7098890121964802f,1.0865344777042856f,0f,0f,0f,1f], start_interpolation: 0, interpolation_duration: 1 }
$data merge entity $(bone_righthand1) { transformation: [-0.3908538349683822f,-0.8170837939915183f,-0.42380107749619406f,-0.8471235175520522f,0.8206072933199636f,-0.10076424501931698f,-0.5625390982640863f,-0.43882730978858975f,0.41693758506591005f,-0.5676448189864094f,0.7098890121964802f,1.0710417008553008f,0f,0f,0f,1f], start_interpolation: 0, interpolation_duration: 1 }
$data merge entity $(bone_rightforearm) { transformation: [-0.7355416262722847f,-0.6020281706371192f,0.31070982890801296f,-1.2293080644659466f,-0.42029035878864923f,0.045787450958796966f,-0.9062337025535991f,-0.36620495930649505f,0.5313516070645046f,-0.7971609568299366f,-0.2867052119790449f,0.48180819657989266f,0f,0f,0f,1f], start_interpolation: 0, interpolation_duration: 1 }
$data merge entity $(bone_rightelbow) { transformation: [-0.8377019965245933f,0.44886683318793846f,0.3110850865640169f,-1.1451455332432081f,-0.11923864192078634f,0.40555049530697546f,-0.9062620713839646f,-0.29016424143643715f,-0.5329516969591119f,-0.7962709098165643f,-0.286208188017577f,0.3325074009892868f,0f,0f,0f,1f], start_interpolation: 0, interpolation_duration: 1 }
$data merge entity $(bone_rightarm) { transformation: [-0.8415871517532852f,0.44153950550460497f,0.3110850865640169f,-0.75f,-0.12277315247234907f,0.4044945129452907f,-0.9062620713839646f,-0.03273966812971649f,-0.5259827174307102f,-0.8008914121626612f,-0.286208188017577f,0.05606442022147336f,0f,0f,0f,1f], start_interpolation: 0, interpolation_duration: 1 }
$data merge entity $(bone_chest1) { transformation: [-1.0833333333333333f,-8.527867711287151e-17f,1.0163116982094626e-16f,-0.002323124999999984f,0f,0.8298814800455596f,0.6963532438270843f,-0.0847858406835244f,-1.3267006990762992e-16f,0.6963532438270843f,-0.8298814800455596f,-0.13129286842986393f,0f,0f,0f,1f], start_interpolation: 0, interpolation_duration: 1 }
$data merge entity $(bone_chest1lid) { transformation: [-1f,-6.985714745057531e-17f,1.005861659309428e-16f,-0.34374999999999994f,0f,0.8213483757192263f,0.5704268977734035f,-0.8512324427669047f,-1.2246467991473532e-16f,0.5704268977734035f,-0.8213483757192263f,-0.2821439870607591f,0f,0f,0f,1f], start_interpolation: 0, interpolation_duration: 1 }
$data merge entity $(bone_chest2) { transformation: [-1f,-6.985714745057531e-17f,1.005861659309428e-16f,-0.34374999999999994f,0f,0.8213483757192263f,0.5704268977734035f,-0.9795681264730338f,-1.2246467991473532e-16f,0.5704268977734035f,-0.8213483757192263f,-0.3712731898378534f,0f,0f,0f,1f], start_interpolation: 0, interpolation_duration: 1 }
$data merge entity $(bone_chest1lid3) { transformation: [-1f,-7.665351767214054e-17f,9.55083035924386e-17f,-0.2812499999999999f,0f,0.7798844830928819f,0.6259234721840591f,-0.44592536353433176f,-1.2246467991473532e-16f,0.6259234721840591f,-0.7798844830928819f,-0.7642198686821896f,0f,0f,0f,1f], start_interpolation: 0, interpolation_duration: 1 }
$data merge entity $(bone_chest3) { transformation: [-1f,-7.665351767214054e-17f,9.55083035924386e-17f,-0.2812499999999999f,0f,0.7798844830928819f,0.6259234721840591f,-0.5677823140175946f,-1.2246467991473532e-16f,0.6259234721840591f,-0.7798844830928819f,-0.8620204112109489f,0f,0f,0f,1f], start_interpolation: 0, interpolation_duration: 1 }
$data merge entity $(bone_hugeasssword2) { transformation: [-1.6719478217487493e-15f,1.6552548584844062f,-3.549705499226879f,-1.734375f,-2.5175848046056117f,2.719232172391629f,1.2679987862876712f,0.3878473518587463f,3.0003407355493303f,2.2817067129392097f,1.0639773139072208f,-0.08054889992786102f,0f,0f,0f,1f], start_interpolation: 0, interpolation_duration: 1 }
$data merge entity $(bone_belt) { transformation: [-1f,-7.871877887341986e-17f,9.381338752702732e-17f,0.029705625000000038f,0f,0.7660444431189781f,0.6427876096865394f,-0.47406682878809925f,-1.2246467991473532e-16f,0.6427876096865394f,-0.7660444431189781f,-0.2870573242809212f,0f,0f,0f,1f], start_interpolation: 0, interpolation_duration: 1 }
$data merge entity $(bone_torn_part) { transformation: [-1f,-1.0328566345430088e-16f,6.580022455450643e-17f,-0.09374999999999994f,0f,0.537299608346824f,0.8433914458128857f,-0.6891332234127066f,-1.2246467991473532e-16f,0.8433914458128857f,-0.537299608346824f,-0.4743181810278101f,0f,0f,0f,1f], start_interpolation: 0, interpolation_duration: 1 }
$data merge entity $(bone_lowerbody) { transformation: [-1f,-7.871877887341986e-17f,9.381338752702732e-17f,0.003906250000000083f,0f,0.7660444431189781f,0.6427876096865394f,-1.1535703692665646f,-1.2246467991473532e-16f,0.6427876096865394f,-0.7660444431189781f,-0.6804543187564593f,0f,0f,0f,1f], start_interpolation: 0, interpolation_duration: 1 }
$data merge entity $(bone_leftfoot) { transformation: [-1f,-8.23661589431117e-18f,1.2218738063003133e-16f,0.28125000000000017f,0f,0.9977356795045149f,0.06725707281516452f,-2.979233088226016f,-1.2246467991473532e-16f,0.06725707281516452f,-0.9977356795045149f,-1.2754469080632522f,0f,0f,0f,1f], start_interpolation: 0, interpolation_duration: 1 }
$data merge entity $(bone_leftlowerleg) { transformation: [-1f,-5.436872705311131e-17f,1.0973440365374416e-16f,0.2812500000000001f,0f,0.8960494056747264f,0.4439543474164547f,-2.0533899219858847f,-1.2246467991473532e-16f,0.4439543474164547f,-0.8960494056747264f,-0.645260982932351f,0f,0f,0f,1f], start_interpolation: 0, interpolation_duration: 1 }
$data merge entity $(bone_leftleg) { transformation: [-1f,2.3764763608197866e-17f,1.2013672975932486e-16f,0.2500000000000001f,0f,0.9809908444048419f,-0.19405402132879312f,-1.0060336192390484f,-1.2246467991473532e-16f,-0.19405402132879312f,-0.9809908444048419f,-0.8258965396480584f,0f,0f,0f,1f], start_interpolation: 0, interpolation_duration: 1 }
$data merge entity $(bone_rightfoot) { transformation: [-1f,-1.1804604819516852e-16f,-3.2599514292739456e-17f,-0.2812499999999997f,0f,-0.26619523535632084f,0.963919133887067f,-1.5195366981820597f,-1.2246467991473532e-16f,0.963919133887067f,0.26619523535632084f,-2.5989950534531623f,0f,0f,0f,1f], start_interpolation: 0, interpolation_duration: 1 }
$data merge entity $(bone_rightlowerleg) { transformation: [-1f,-1.2152350216920371e-16f,-1.5153753566364767e-17f,-0.28124999999999983f,0f,-0.1237397882958205f,0.9923147004819115f,-1.8092753381749667f,-1.2246467991473532e-16f,0.9923147004819115f,0.1237397882958205f,-1.5171580097161206f,0f,0f,0f,1f], start_interpolation: 0, interpolation_duration: 1 }
$data merge entity $(bone_rightleg) { transformation: [-1f,-8.355113765212348e-17f,8.953661387194901e-17f,-0.24999999999999992f,0f,0.7311219360087161f,0.6822468136143013f,-1.0502252674049979f,-1.2246467991473532e-16f,0.6822468136143013f,-0.7311219360087161f,-0.7732309841836287f,0f,0f,0f,1f], start_interpolation: 0, interpolation_duration: 1 }
data modify entity @s data merge value {"locators":{"lefthand":{"posx":0.4580682894736237,"posy":-0.6385223145251573,"posz":1.1297353640687597,"roty":151.34500200389957,"rotx":-44.11607517871996},"righthand":{"posx":-0.5491490475516113,"posy":-0.5139126765554489,"posz":1.1233998107853074,"roty":210.83704304443532,"rotx":-34.23157582093438},"chest":{"posx":-0.37499999999999994,"posy":-0.9916959190264507,"posz":-0.18945998446546772,"roty":0,"rotx":34.78},"sack":{"posx":0,"posy":-0.4375,"posz":0,"roty":0,"rotx":0}},"cameras":{}}