# This file was generated by Animated Java via MC-Build. It is not recommended to edit this file directly.
$data merge entity $(bone_nose) { transformation: [-0.9999858658024777f,0.001794148823367537f,-0.005004920106126724f,0.001189312727038177f,0.0023973260209865415f,0.9923735026431727f,-0.12324400220566634f,0.6022295204681647f,0.004745632014621815f,-0.12325425867579905f,-0.99236377739973f,0.5455320856435153f,0f,0f,0f,1f], start_interpolation: 0, interpolation_duration: 1 }
$data merge entity $(bone_glowing_eye) { transformation: [-0.9999858658024777f,0.002591542940652569f,-0.00464242398493034f,-0.12347145169843383f,0.0023973260209865415f,0.9991413011346162f,0.04136318647028592f,0.6687357760868013f,0.004745632014621815f,0.041351472431018665f,-0.9991333918474392f,0.5837905044765228f,0f,0f,0f,1f], start_interpolation: 0, interpolation_duration: 1 }
$data merge entity $(bone_head) { transformation: [-0.9999858658024777f,0.002591542940652569f,-0.00464242398493034f,-4.2973640519969737e-17f,0.0023973260209865415f,0.9991413011346162f,0.04136318647028592f,0.486604138403122f,0.004745632014621815f,0.041351472431018665f,-0.9991333918474392f,0.3533334117606922f,0f,0f,0f,1f], start_interpolation: 0, interpolation_duration: 1 }
$data merge entity $(bone_leftthumb2) { transformation: [-0.8141066805211329f,0.2506197607300329f,0.5238511699542943f,0.9788139496437169f,-0.5285189763277023f,0.05401269480641975f,-0.8472014639159132f,-0.24462373205669613f,-0.24062004154346706f,-0.9665776556135413f,0.08848520371367527f,1.3426011763337515f,0f,0f,0f,1f], start_interpolation: 0, interpolation_duration: 1 }
$data merge entity $(bone_leftthumb) { transformation: [-0.8141066805211329f,0.2506197607300329f,0.5238511699542943f,1.085043577670921f,-0.5285189763277023f,0.05401269480641975f,-0.8472014639159132f,-0.3037772428532269f,-0.24062004154346706f,-0.9665776556135413f,0.08848520371367527f,1.113116979923309f,0f,0f,0f,1f], start_interpolation: 0, interpolation_duration: 1 }
$data merge entity $(bone_leftpointerfinger) { transformation: [-0.8465824993000112f,0.09422326473044468f,0.5238511699542943f,1.1375774317942389f,-0.5293103921050574f,-0.04560908186232393f,-0.8472014639159132f,-0.2903791188290742f,-0.05593371692044985f,-0.9945058009057627f,0.08848520371367527f,1.4601353293599093f,0f,0f,0f,1f], start_interpolation: 0, interpolation_duration: 1 }
$data merge entity $(bone_leftmidfinger) { transformation: [-0.8351488986782389f,0.16764924328502534f,0.5238511699542943f,1.2194291770995973f,-0.5312712996656707f,0.000696914831891049f,-0.8472014639159132f,-0.4227543475659356f,-0.14239776398551318f,-0.9858464614409668f,0.08848520371367527f,1.473961142440171f,0f,0f,0f,1f], start_interpolation: 0, interpolation_duration: 1 }
$data merge entity $(bone_leftringfinger) { transformation: [-0.8498867014311043f,0.05720617508690587f,0.5238511699542943f,1.3012809224049557f,-0.5268171656882235f,-0.06865386715226443f,-0.8472014639159132f,-0.555129576302797f,-0.012500746649056316f,-0.9959990462128794f,0.08848520371367527f,1.4877869555204328f,0f,0f,0f,1f], start_interpolation: 0, interpolation_duration: 1 }
$data merge entity $(bone_invisibility) { transformation: [0.2953227146828766f,-0.5000148067039593f,0.8141066805211328f,0.9748035951260487f,-0.020031312648691887f,0.848685123102254f,0.528518976327702f,-0.3701205877414191f,-0.9551875421643156f,-0.1723912842974197f,0.24062004154346697f,1.3071399826512138f,0f,0f,0f,1f], start_interpolation: 0, interpolation_duration: 1 }
$data merge entity $(bone_swiftness) { transformation: [0.523851169954294f,0.2506197607300329f,0.814106680521133f,0.996686324676253f,-0.8472014639159133f,0.05401269480641975f,0.5285189763277021f,-0.5638120124756147f,0.08848520371367521f,-0.9665776556135413f,0.24062004154346708f,1.4420896402143262f,0f,0f,0f,1f], start_interpolation: 0, interpolation_duration: 1 }
$data merge entity $(bone_suspicious_stew) { transformation: [0.4485277115918065f,-0.3688539069402399f,0.8141066805211331f,1.0612778882082587f,-0.309090684122427f,0.7906520351268617f,0.5285189763277024f,-0.5315027072947038f,-0.8386213930749367f,-0.48868819781602335f,0.240620041543467f,1.3690392859544127f,0f,0f,0f,1f], start_interpolation: 0, interpolation_duration: 1 }
$data merge entity $(bone_log) { transformation: [-0.8141066805211329f,0.2506197607300329f,0.5238511699542943f,1.040838380592264f,-0.5285189763277023f,0.05401269480641975f,-0.8472014639159132f,-0.6140123430956819f,-0.24062004154346706f,-0.9665776556135413f,0.08848520371367527f,1.2298066940320984f,0f,0f,0f,1f], start_interpolation: 0, interpolation_duration: 1 }
$data merge entity $(bone_planks) { transformation: [-0.8141066805211329f,0.2506197607300329f,0.5238511699542943f,0.9645158792934079f,-0.5285189763277023f,0.05401269480641975f,-0.8472014639159132f,-0.6635609971264039f,-0.24062004154346706f,-0.9665776556135413f,0.08848520371367527f,1.2072485651373985f,0f,0f,0f,1f], start_interpolation: 0, interpolation_duration: 1 }
$data merge entity $(bone_lefthand1) { transformation: [-0.8141066805211329f,0.2506197607300329f,0.5238511699542943f,1.290649641843984f,-0.5285189763277023f,0.05401269480641975f,-0.8472014639159132f,-0.441904379564779f,-0.24062004154346706f,-0.9665776556135413f,0.08848520371367527f,1.0455521278985276f,0f,0f,0f,1f], start_interpolation: 0, interpolation_duration: 1 }
$data merge entity $(bone_leftforearm) { transformation: [-0.9670602443017379f,0.08599424134041432f,-0.2395818739958206f,1.2944165442987887f,0.2520180612865356f,0.19109751598379005f,-0.948666767716779f,-0.27696489156269355f,-0.03579637797932481f,-0.9777968755529503f,-0.20647491247715694f,0.35902759665910716f,0f,0f,0f,1f], start_interpolation: 0, interpolation_duration: 1 }
$data merge entity $(bone_leftelbow) { transformation: [-0.7576436170142666f,-0.5656131558634219f,-0.32566533053390795f,1.188364077574397f,0.010909390512374606f,0.4879305258820596f,-0.8728142913077819f,-0.18547791795980736f,0.652577301778255f,-0.6648349869153076f,-0.36350695368470615f,0.23437103661248698f,0f,0f,0f,1f], start_interpolation: 0, interpolation_duration: 1 }
$data merge entity $(bone_leftarm) { transformation: [-0.7576436170142666f,-0.5656131558634219f,-0.32566533053390795f,0.75f,0.010909390512374606f,0.4879305258820596f,-0.8728142913077819f,0.08814922075917256f,0.652577301778255f,-0.6648349869153076f,-0.36350695368470615f,0.05606442022147354f,0f,0f,0f,1f], start_interpolation: 0, interpolation_duration: 1 }
$data merge entity $(bone_rightthumb2) { transformation: [-0.637093542627208f,-0.2888009024704933f,-0.7146368704978372f,-0.9952696555182394f,0.6775695987331356f,0.23213998355660118f,-0.697861352208989f,-0.45218775217769525f,0.36743877968354366f,-0.928819178724562f,0.04778782709120269f,1.1589584281459417f,0f,0f,0f,1f], start_interpolation: 0, interpolation_duration: 1 }
$data merge entity $(bone_rightthumb) { transformation: [-0.637093542627208f,-0.2888009024704933f,-0.7146368704978372f,-1.1271669912029283f,0.6775695987331356f,0.23213998355660118f,-0.697861352208989f,-0.45489464876671515f,0.36743877968354366f,-0.928819178724562f,0.04778782709120269f,0.9352563189412297f,0f,0f,0f,1f], start_interpolation: 0, interpolation_duration: 1 }
$data merge entity $(bone_rightpointerfinger) { transformation: [-0.6524858249108427f,-0.2521039301864896f,-0.7146368704978372f,-1.1527630175834396f,0.6896742423867458f,0.19323294874660865f,-0.697861352208989f,-0.47189382612751946f,0.31402497938648966f,-0.9482112823117095f,0.04778782709120269f,1.2851376156758556f,0f,0f,0f,1f], start_interpolation: 0, interpolation_duration: 1 }
$data merge entity $(bone_rightmidfinger) { transformation: [-0.6915845828846541f,-0.10490428037652477f,-0.7146368704978372f,-1.2644250285987266f,0.7151494738824823f,0.03937972954008387f,-0.697861352208989f,-0.580934662410174f,0.1013508496356493f,-0.9937023341323264f,0.04778782709120269f,1.292604463658856f,0f,0f,0f,1f], start_interpolation: 0, interpolation_duration: 1 }
$data merge entity $(bone_rightringfinger) { transformation: [-0.6980959052253082f,-0.04422951992408253f,-0.7146368704978372f,-1.3760870396140137f,0.715860283802098f,-0.023099505791706235f,-0.697861352208989f,-0.6899754986928286f,0.014358314052743043f,-0.998754305322117f,0.04778782709120269f,1.3000713116418565f,0f,0f,0f,1f], start_interpolation: 0, interpolation_duration: 1 }
$data merge entity $(bone_hugeasssword) { transformation: [-0.00002495283041956565f,-0.000011311368680094323f,-0.00002798994409449863f,-1.12551542557696f,0.000026538142617047816f,0.00000909214935596688f,-0.00002733290296151874f,-0.7206314000525282f,0.000014391352204272129f,-0.00003637875116671201f,0.0000018716898944054389f,1.002906624535847f,0f,0f,0f,1f], start_interpolation: 0, interpolation_duration: 1 }
$data merge entity $(bone_ice) { transformation: [-0.637093542627208f,-0.2888009024704933f,-0.7146368704978372f,-1.1110483248723084f,0.6775695987331356f,0.23213998355660118f,-0.697861352208989f,-0.7348456122758054f,0.36743877968354366f,-0.928819178724562f,0.04778782709120269f,1.0116781932708627f,0f,0f,0f,1f], start_interpolation: 0, interpolation_duration: 1 }
$data merge entity $(bone_righthand1) { transformation: [-0.637093542627208f,-0.2888009024704933f,-0.7146368704978372f,-1.364854338349791f,0.6775695987331356f,0.23213998355660118f,-0.697861352208989f,-0.5292263839599021f,0.36743877968354366f,-0.928819178724562f,0.04778782709120269f,0.8728264631072082f,0f,0f,0f,1f], start_interpolation: 0, interpolation_duration: 1 }
$data merge entity $(bone_rightforearm) { transformation: [-0.947850878295882f,-0.10711134038612381f,0.30017640359364217f,-1.3856165759714425f,-0.3176878633957038f,0.3930439456485347f,-0.8628967946632463f,-0.21952910579693138f,-0.02555648576776198f,-0.91325988499973f,-0.4065750219645601f,0.23864062154545446f,0f,0f,0f,1f], start_interpolation: 0, interpolation_duration: 1 }
$data merge entity $(bone_rightelbow) { transformation: [-0.5050826231197643f,0.8046145200477104f,0.3122291113122715f,-1.2347513534624968f,0.08581677216948375f,0.406792281074977f,-0.9094809078107292f,-0.1432555530953732f,-0.8587939365394176f,-0.4325685080842221f,-0.27451313334141464f,0.15753402627966281f,0f,0f,0f,1f], start_interpolation: 0, interpolation_duration: 1 }
$data merge entity $(bone_rightarm) { transformation: [-0.624733659899865f,0.7156960501758194f,0.3122291113122715f,-0.75f,0.021123892426849145f,0.4152086939076674f,-0.9094809078107292f,0.08814922075917256f,-0.7805521349383773f,-0.5615878419857574f,-0.27451313334141464f,0.05606442022147336f,0f,0f,0f,1f], start_interpolation: 0, interpolation_duration: 1 }
$data merge entity $(bone_chest1) { transformation: [-1.0833333333333333f,-8.527867711287151e-17f,1.0163116982094626e-16f,-0.002323124999999984f,0f,0.8298814800455596f,0.6963532438270843f,0.03610304820536464f,-1.3267006990762992e-16f,0.6963532438270843f,-0.8298814800455596f,-0.13129286842986393f,0f,0f,0f,1f], start_interpolation: 0, interpolation_duration: 1 }
$data merge entity $(bone_chest1lid) { transformation: [-1f,-6.985714745057531e-17f,1.005861659309428e-16f,-0.34374999999999994f,0f,0.8213483757192263f,0.5704268977734035f,-0.7303435538780156f,-1.2246467991473532e-16f,0.5704268977734035f,-0.8213483757192263f,-0.2821439870607591f,0f,0f,0f,1f], start_interpolation: 0, interpolation_duration: 1 }
$data merge entity $(bone_chest2) { transformation: [-1f,-6.985714745057531e-17f,1.005861659309428e-16f,-0.34374999999999994f,0f,0.8213483757192263f,0.5704268977734035f,-0.8586792375841448f,-1.2246467991473532e-16f,0.5704268977734035f,-0.8213483757192263f,-0.3712731898378534f,0f,0f,0f,1f], start_interpolation: 0, interpolation_duration: 1 }
$data merge entity $(bone_chest1lid3) { transformation: [-1f,-7.665351767214054e-17f,9.55083035924386e-17f,-0.2812499999999999f,0f,0.7798844830928819f,0.6259234721840591f,-0.3250364746454427f,-1.2246467991473532e-16f,0.6259234721840591f,-0.7798844830928819f,-0.7642198686821896f,0f,0f,0f,1f], start_interpolation: 0, interpolation_duration: 1 }
$data merge entity $(bone_chest3) { transformation: [-1f,-7.665351767214054e-17f,9.55083035924386e-17f,-0.2812499999999999f,0f,0.7798844830928819f,0.6259234721840591f,-0.4468934251287055f,-1.2246467991473532e-16f,0.6259234721840591f,-0.7798844830928819f,-0.8620204112109489f,0f,0f,0f,1f], start_interpolation: 0, interpolation_duration: 1 }
$data merge entity $(bone_hugeasssword2) { transformation: [-1.6719478217487493e-15f,1.6552548584844062f,-3.549705499226879f,-1.734375f,-2.5175848046056117f,2.719232172391629f,1.2679987862876712f,0.5087362407476353f,3.0003407355493303f,2.2817067129392097f,1.0639773139072208f,-0.08054889992786102f,0f,0f,0f,1f], start_interpolation: 0, interpolation_duration: 1 }
$data merge entity $(bone_belt) { transformation: [-1f,-7.871877887341986e-17f,9.381338752702732e-17f,0.029705625000000038f,0f,0.7660444431189781f,0.6427876096865394f,-0.3531779398992102f,-1.2246467991473532e-16f,0.6427876096865394f,-0.7660444431189781f,-0.2870573242809212f,0f,0f,0f,1f], start_interpolation: 0, interpolation_duration: 1 }
$data merge entity $(bone_torn_part) { transformation: [-1f,-1.0328566345430088e-16f,6.580022455450643e-17f,-0.09374999999999994f,0f,0.537299608346824f,0.8433914458128857f,-0.5682443345238175f,-1.2246467991473532e-16f,0.8433914458128857f,-0.537299608346824f,-0.4743181810278101f,0f,0f,0f,1f], start_interpolation: 0, interpolation_duration: 1 }
$data merge entity $(bone_lowerbody) { transformation: [-1f,-7.871877887341986e-17f,9.381338752702732e-17f,0.003906250000000083f,0f,0.7660444431189781f,0.6427876096865394f,-1.0326814803776756f,-1.2246467991473532e-16f,0.6427876096865394f,-0.7660444431189781f,-0.6804543187564593f,0f,0f,0f,1f], start_interpolation: 0, interpolation_duration: 1 }
$data merge entity $(bone_leftfoot) { transformation: [-1f,-7.739362031449551e-17f,9.490956411887206e-17f,0.2812500000000002f,0f,0.7749954042663711f,0.6319668688831749f,-2.3013483646950683f,-1.2246467991473532e-16f,0.6319668688831749f,-0.7749954042663711f,-2.1548038530218596f,0f,0f,0f,1f], start_interpolation: 0, interpolation_duration: 1 }
$data merge entity $(bone_leftlowerleg) { transformation: [-1f,-1.0782269951679666e-16f,5.806774746388184e-17f,0.2812500000000001f,0f,0.47415914126677866f,0.8804391567582345f,-1.9106036918668274f,-1.2246467991473532e-16f,0.8804391567582345f,-0.47415914126677866f,-1.1052141858837958f,0f,0f,0f,1f], start_interpolation: 0, interpolation_duration: 1 }
$data merge entity $(bone_leftleg) { transformation: [-1f,-2.927984005448474e-17f,1.1891294628005132e-16f,0.2500000000000001f,0f,0.9709978939465904f,0.23908803807653367f,-0.8851447303501594f,-1.2246467991473532e-16f,0.23908803807653367f,-0.9709978939465904f,-0.8258965396480584f,0f,0f,0f,1f], start_interpolation: 0, interpolation_duration: 1 }
$data merge entity $(bone_rightfoot) { transformation: [-1f,-1.1034758592514378e-16f,5.311316321884427e-17f,-0.2812499999999998f,0f,0.4337018906661393f,0.9010564188954078f,-2.425354189881128f,-1.2246467991473532e-16f,0.9010564188954078f,-0.4337018906661393f,-2.1316306077321534f,0f,0f,0f,1f], start_interpolation: 0, interpolation_duration: 1 }
$data merge entity $(bone_rightlowerleg) { transformation: [-1f,-1.0148869436183132e-16f,6.853935178676092e-17f,-0.2812499999999999f,0f,0.5596662795712257f,0.8287180796331783f,-1.931803318275839f,-1.2246467991473532e-16f,0.8287180796331783f,-0.5596662795712257f,-1.1262812128229505f,0f,0f,0f,1f], start_interpolation: 0, interpolation_duration: 1 }
$data merge entity $(bone_rightleg) { transformation: [-1f,-3.783813419791723e-17f,1.1647262951886586e-16f,-0.24999999999999992f,0f,0.9510711953843235f,0.30897181313225663f,-0.929336378516109f,-1.2246467991473532e-16f,0.30897181313225663f,-0.9510711953843235f,-0.7732309841836287f,0f,0f,0f,1f], start_interpolation: 0, interpolation_duration: 1 }
data modify entity @s data merge value {"locators":{"lefthand":{"posx":1.0893960385535506,"posy":-0.5554459079730252,"posz":1.3264961209635802,"roty":99.58749597067589,"rotx":-57.90857735708438},"righthand":{"posx":-1.1550971292909789,"posy":-0.6640465660093804,"posz":1.059891693735466,"roty":266.17432197583474,"rotx":-44.25567083380768},"chest":{"posx":-0.37499999999999994,"posy":-0.8708070301375617,"posz":-0.18945998446546772,"roty":0,"rotx":34.78},"sack":{"posx":0,"posy":-0.4375,"posz":0,"roty":0,"rotx":0}},"cameras":{}}