# This file was generated by Animated Java via MC-Build. It is not recommended to edit this file directly.
$data merge entity $(bone_nose) { transformation: [-0.9999858658024777f,0.001794148823367537f,-0.005004920106126724f,0.001189312727038177f,0.0023973260209865415f,0.9923735026431727f,-0.12324400220566634f,0.6676184093570535f,0.004745632014621815f,-0.12325425867579905f,-0.99236377739973f,0.5455320856435153f,0f,0f,0f,1f], start_interpolation: 0, interpolation_duration: 1 }
$data merge entity $(bone_glowing_eye) { transformation: [-0.9999858658024777f,0.002591542940652569f,-0.00464242398493034f,-0.12347145169843383f,0.0023973260209865415f,0.9991413011346162f,0.04136318647028592f,0.7341246649756901f,0.004745632014621815f,0.041351472431018665f,-0.9991333918474392f,0.5837905044765228f,0f,0f,0f,1f], start_interpolation: 0, interpolation_duration: 1 }
$data merge entity $(bone_head) { transformation: [-0.9999858658024777f,0.002591542940652569f,-0.00464242398493034f,-4.2973640519969737e-17f,0.0023973260209865415f,0.9991413011346162f,0.04136318647028592f,0.5519930272920108f,0.004745632014621815f,0.041351472431018665f,-0.9991333918474392f,0.3533334117606922f,0f,0f,0f,1f], start_interpolation: 0, interpolation_duration: 1 }
$data merge entity $(bone_leftthumb2) { transformation: [-0.855995109034446f,-0.19347515049873892f,0.4794160400410035f,1.4265034749582888f,-0.48860798672256733f,-0.00023815392696602267f,-0.8725033974682428f,-0.09615817439850621f,0.16892190094841542f,-0.981105146975694f,-0.09432964516935441f,1.3419196605031791f,0f,0f,0f,1f], start_interpolation: 0, interpolation_duration: 1 }
$data merge entity $(bone_leftthumb) { transformation: [-0.855995109034446f,-0.19347515049873892f,0.4794160400410035f,1.4200248416039059f,-0.48860798672256733f,-0.00023815392696602267f,-0.8725033974682428f,-0.17077853895208253f,0.16892190094841542f,-0.981105146975694f,-0.09432964516935441f,1.0932498058439324f,0f,0f,0f,1f], start_interpolation: 0, interpolation_duration: 1 }
$data merge entity $(bone_leftpointerfinger) { transformation: [-0.8048239153859083f,-0.3498838746988765f,0.4794160400410035f,1.618851629894181f,-0.47997273487845243f,-0.09145488056780968f,-0.8725033974682428f,-0.14644522730710535f,0.3491198060783648f,-0.9323182284209771f,-0.09432964516935441f,1.3817577755859858f,0f,0f,0f,1f], start_interpolation: 0, interpolation_duration: 1 }
$data merge entity $(bone_leftmidfinger) { transformation: [-0.8322557063796906f,-0.27840743479628005f,0.4794160400410035f,1.6937603861505879f,-0.48611711175829514f,-0.04927448692930944f,-0.8725033974682428f,-0.2827738831615183f,0.2665344121388742f,-0.9591982720939446f,-0.09432964516935441f,1.367018768528274f,0f,0f,0f,1f], start_interpolation: 0, interpolation_duration: 1 }
$data merge entity $(bone_leftringfinger) { transformation: [-0.7887961810894643f,-0.38465678890418653f,0.4794160400410035f,1.7686691424069947f,-0.4755267013261606f,-0.11230395243371438f,-0.8725033974682428f,-0.41910253901593125f,0.3894546713348519f,-0.9162024759940822f,-0.09432964516935441f,1.3522797614705624f,0f,0f,0f,1f], start_interpolation: 0, interpolation_duration: 1 }
$data merge entity $(bone_invisibility) { transformation: [-0.15095505808443177f,-0.4944541877139201f,0.8559951090344459f,1.4029637885078294f,-0.07628092933557322f,0.8691625021425052f,0.48860798672256706f,-0.2225318073287006f,-0.985593115975567f,0.008461744592369438f,-0.16892190094841547f,1.3195896795506892f,0f,0f,0f,1f], start_interpolation: 0, interpolation_duration: 1 }
$data merge entity $(bone_swiftness) { transformation: [0.47941604004100336f,-0.19347515049873892f,0.8559951090344461f,1.474471196022982f,-0.8725033974682429f,-0.00023815392696602267f,0.48860798672256717f,-0.4115421751419072f,-0.09432964516935437f,-0.981105146975694f,-0.16892190094841544f,1.4435590446136333f,0f,0f,0f,1f], start_interpolation: 0, interpolation_duration: 1 }
$data merge entity $(bone_suspicious_stew) { transformation: [0.02726193799764362f,-0.5162646221132331f,0.8559951090344462f,1.501923443695146f,-0.3689517099594061f,0.7906559751427608f,0.48860798672256744f,-0.3861150308886696f,-0.9290486652778981f,-0.3291412598343311f,-0.16892190094841555f,1.347892174845921f,0f,0f,0f,1f], start_interpolation: 0, interpolation_duration: 1 }
$data merge entity $(bone_log) { transformation: [-0.855995109034446f,-0.19347515049873892f,0.4794160400410035f,1.4199621352877465f,-0.48860798672256733f,-0.00023815392696602267f,-0.8725033974682428f,-0.4728503956411049f,0.16892190094841542f,-0.981105146975694f,-0.09432964516935441f,1.2366687575705595f,0f,0f,0f,1f], start_interpolation: 0, interpolation_duration: 1 }
$data merge entity $(bone_planks) { transformation: [-0.855995109034446f,-0.19347515049873892f,0.4794160400410035f,1.3397125938157672f,-0.48860798672256733f,-0.00023815392696602267f,-0.8725033974682428f,-0.5186573943963456f,0.16892190094841542f,-0.981105146975694f,-0.09432964516935441f,1.2525051857844736f,0f,0f,0f,1f], start_interpolation: 0, interpolation_duration: 1 }
$data merge entity $(bone_lefthand1) { transformation: [-0.855995109034446f,-0.19347515049873892f,0.4794160400410035f,1.5706103736703918f,-0.48860798672256733f,-0.00023815392696602267f,-0.8725033974682428f,-0.32349220627132197f,0.16892190094841542f,-0.981105146975694f,-0.09432964516935441f,0.9521097970010746f,0f,0f,0f,1f], start_interpolation: 0, interpolation_duration: 1 }
$data merge entity $(bone_leftforearm) { transformation: [-0.9683949876201938f,-0.23875594237736877f,-0.07215779882714746f,1.3433378805667164f,0.028344834353804832f,0.18208168793306323f,-0.9828747780286673f,-0.17833704888957613f,0.24780580767516297f,-0.9538563093563629f,-0.16955949629412992f,0.29956680959417537f,0f,0f,0f,1f], start_interpolation: 0, interpolation_duration: 1 }
$data merge entity $(bone_leftelbow) { transformation: [-0.6954933071460876f,-0.6551554134737377f,-0.295060068309918f,1.2204962405403905f,-0.05886635535614343f,0.4612152803336334f,-0.8853333933574699f,-0.09185918382701988f,0.7161171775080403f,-0.5983743388405153f,-0.3593387520085949f,0.18737162106157876f,0f,0f,0f,1f], start_interpolation: 0, interpolation_duration: 1 }
$data merge entity $(bone_leftarm) { transformation: [-0.6954933071460876f,-0.6551554134737377f,-0.295060068309918f,0.75f,-0.05886635535614343f,0.4612152803336334f,-0.8853333933574699f,0.1535381096480614f,0.7161171775080403f,-0.5983743388405153f,-0.3593387520085949f,0.05606442022147354f,0f,0f,0f,1f], start_interpolation: 0, interpolation_duration: 1 }
$data merge entity $(bone_rightthumb2) { transformation: [-0.7607747133696272f,0.10671798712751428f,-0.6401820887222739f,-1.3246249881554677f,0.6307898192986463f,0.3537018105775296f,-0.6906513107664083f,-0.5370910989078331f,0.15272864618840254f,-0.9292503970500247f,-0.3364040133765186f,1.120703340291484f,0f,0f,0f,1f], start_interpolation: 0, interpolation_duration: 1 }
$data merge entity $(bone_rightthumb) { transformation: [-0.7607747133696272f,0.10671798712751428f,-0.6401820887222739f,-1.3531615630443319f,0.6307898192986463f,0.3537018105775296f,-0.6906513107664083f,-0.5093697170170937f,0.15272864618840254f,-0.9292503970500247f,-0.3364040133765186f,0.8640634038198196f,0f,0f,0f,1f], start_interpolation: 0, interpolation_duration: 1 }
$data merge entity $(bone_rightpointerfinger) { transformation: [-0.7534748618213767f,0.14980829710815147f,-0.6401820887222739f,-1.5189316519976859f,0.649883024982904f,0.31725828716632737f,-0.6906513107664083f,-0.5713547895772186f,0.09963777618116215f,-0.9364318733051773f,-0.3364040133765186f,1.167442999030559f,0f,0f,0f,1f], start_interpolation: 0, interpolation_duration: 1 }
$data merge entity $(bone_rightmidfinger) { transformation: [-0.7031900490706408f,0.30933905050480914f,-0.6401820887222739f,-1.618960103360541f,0.7031454635787766f,0.16907756795396844f,-0.6906513107664083f,-0.6792690568844699f,-0.1054049900935288f,-0.9358002606579857f,-0.3364040133765186f,1.114879871940478f,0f,0f,0f,1f], start_interpolation: 0, interpolation_duration: 1 }
$data merge entity $(bone_rightringfinger) { transformation: [-0.6735535239274446f,0.36944897304513935f,-0.6401820887222739f,-1.7189885547233963f,0.7152058638214356f,0.10715101162413546f,-0.6906513107664083f,-0.7871833241917212f,-0.1865642590646852f,-0.9230526079394477f,-0.3364040133765186f,1.062316744850397f,0f,0f,0f,1f], start_interpolation: 0, interpolation_duration: 1 }
$data merge entity $(bone_hugeasssword) { transformation: [-0.000029797009606977072f,0.000004179787829160976f,-0.000025073798474955732f,-1.3676644041066934f,0.000024705934589196985f,0.000013853320914286577f,-0.00002705050967168433f,-0.7816404733733999f,0.000005981871975712433f,-0.00003639564055112597f,-0.00001317582385724698f,0.8932800999760375f,0f,0f,0f,1f], start_interpolation: 0, interpolation_duration: 1 }
$data merge entity $(bone_ice) { transformation: [-0.7607747133696272f,0.10671798712751428f,-0.6401820887222739f,-1.3574447677591603f,0.6307898192986463f,0.3537018105775296f,-0.6906513107664083f,-0.7970231550902152f,0.15272864618840254f,-0.9292503970500247f,-0.3364040133765186f,0.9054132523332504f,0f,0f,0f,1f], start_interpolation: 0, interpolation_duration: 1 }
$data merge entity $(bone_righthand1) { transformation: [-0.7607747133696272f,0.10671798712751428f,-0.6401820887222739f,-1.5409646395922596f,0.6307898192986463f,0.3537018105775296f,-0.6906513107664083f,-0.5724831010826215f,0.15272864618840254f,-0.9292503970500247f,-0.3364040133765186f,0.7007701891998287f,0f,0f,0f,1f], start_interpolation: 0, interpolation_duration: 1 }
$data merge entity $(bone_rightforearm) { transformation: [-0.9302668740778535f,0.10718167566175842f,0.35087837122820353f,-1.4129433188131606f,-0.2292117332213498f,0.5769704564508303f,-0.7839432847703874f,-0.1402259017397598f,-0.286470808891734f,-0.8097019085967734f,-0.5121692053097862f,0.15735560410642122f,0f,0f,0f,1f], start_interpolation: 0, interpolation_duration: 1 }
$data merge entity $(bone_rightelbow) { transformation: [-0.347110819308879f,0.8847159312517354f,0.3111138057176077f,-1.2470590817034601f,0.17059273622507964f,0.3857702681859536f,-0.9066859536415998f,-0.06789397645489348f,-0.9221779640969302f,-0.26164674882962313f,-0.2848311453491856f,0.10829683870086688f,0f,0f,0f,1f], start_interpolation: 0, interpolation_duration: 1 }
$data merge entity $(bone_rightarm) { transformation: [-0.5575696991174414f,0.7696260329003902f,0.3111138057176077f,-0.75f,0.0685697937294738f,0.4161955848599545f,-0.9066859536415998f,0.1535381096480614f,-0.8272933059163379f,-0.484207604881509f,-0.2848311453491856f,0.05606442022147336f,0f,0f,0f,1f], start_interpolation: 0, interpolation_duration: 1 }
$data merge entity $(bone_chest1) { transformation: [-1.0833333333333333f,-8.527867711287151e-17f,1.0163116982094626e-16f,-0.002323124999999984f,0f,0.8298814800455596f,0.6963532438270843f,0.10149193709425347f,-1.3267006990762992e-16f,0.6963532438270843f,-0.8298814800455596f,-0.13129286842986393f,0f,0f,0f,1f], start_interpolation: 0, interpolation_duration: 1 }
$data merge entity $(bone_chest1lid) { transformation: [-1f,-6.985714745057531e-17f,1.005861659309428e-16f,-0.34374999999999994f,0f,0.8213483757192263f,0.5704268977734035f,-0.6649546649891268f,-1.2246467991473532e-16f,0.5704268977734035f,-0.8213483757192263f,-0.2821439870607591f,0f,0f,0f,1f], start_interpolation: 0, interpolation_duration: 1 }
$data merge entity $(bone_chest2) { transformation: [-1f,-6.985714745057531e-17f,1.005861659309428e-16f,-0.34374999999999994f,0f,0.8213483757192263f,0.5704268977734035f,-0.7932903486952559f,-1.2246467991473532e-16f,0.5704268977734035f,-0.8213483757192263f,-0.3712731898378534f,0f,0f,0f,1f], start_interpolation: 0, interpolation_duration: 1 }
$data merge entity $(bone_chest1lid3) { transformation: [-1f,-7.665351767214054e-17f,9.55083035924386e-17f,-0.2812499999999999f,0f,0.7798844830928819f,0.6259234721840591f,-0.2596475857565539f,-1.2246467991473532e-16f,0.6259234721840591f,-0.7798844830928819f,-0.7642198686821896f,0f,0f,0f,1f], start_interpolation: 0, interpolation_duration: 1 }
$data merge entity $(bone_chest3) { transformation: [-1f,-7.665351767214054e-17f,9.55083035924386e-17f,-0.2812499999999999f,0f,0.7798844830928819f,0.6259234721840591f,-0.38150453623981667f,-1.2246467991473532e-16f,0.6259234721840591f,-0.7798844830928819f,-0.8620204112109489f,0f,0f,0f,1f], start_interpolation: 0, interpolation_duration: 1 }
$data merge entity $(bone_hugeasssword2) { transformation: [-1.6719478217487493e-15f,1.6552548584844062f,-3.549705499226879f,-1.734375f,-2.5175848046056117f,2.719232172391629f,1.2679987862876712f,0.5741251296365242f,3.0003407355493303f,2.2817067129392097f,1.0639773139072208f,-0.08054889992786102f,0f,0f,0f,1f], start_interpolation: 0, interpolation_duration: 1 }
$data merge entity $(bone_belt) { transformation: [-1f,-7.871877887341986e-17f,9.381338752702732e-17f,0.029705625000000038f,0f,0.7660444431189781f,0.6427876096865394f,-0.2877890510103214f,-1.2246467991473532e-16f,0.6427876096865394f,-0.7660444431189781f,-0.2870573242809212f,0f,0f,0f,1f], start_interpolation: 0, interpolation_duration: 1 }
$data merge entity $(bone_torn_part) { transformation: [-1f,-1.0328566345430088e-16f,6.580022455450643e-17f,-0.09374999999999994f,0f,0.537299608346824f,0.8433914458128857f,-0.5028554456349286f,-1.2246467991473532e-16f,0.8433914458128857f,-0.537299608346824f,-0.4743181810278101f,0f,0f,0f,1f], start_interpolation: 0, interpolation_duration: 1 }
$data merge entity $(bone_lowerbody) { transformation: [-1f,-7.871877887341986e-17f,9.381338752702732e-17f,0.003906250000000083f,0f,0.7660444431189781f,0.6427876096865394f,-0.9672925914887868f,-1.2246467991473532e-16f,0.6427876096865394f,-0.7660444431189781f,-0.6804543187564593f,0f,0f,0f,1f], start_interpolation: 0, interpolation_duration: 1 }
$data merge entity $(bone_leftfoot) { transformation: [-1f,-1.0003078424956398e-16f,7.065012405534586e-17f,0.2812500000000003f,0f,0.5769020431403997f,0.8168133401337375f,-1.9008040637187271f,-1.2246467991473532e-16f,0.8168133401337375f,-0.5769020431403997f,-2.3375775865407755f,0f,0f,0f,1f], start_interpolation: 0, interpolation_duration: 1 }
$data merge entity $(bone_leftlowerleg) { transformation: [-1f,-1.194530261597437e-16f,2.699207972532245e-17f,0.28125000000000017f,0f,0.22040705731738652f,0.9754079808391414f,-1.8061571533532694f,-1.2246467991473532e-16f,0.9754079808391414f,-0.22040705731738652f,-1.2216197777214122f,0f,0f,0f,1f], start_interpolation: 0, interpolation_duration: 1 }
$data merge entity $(bone_leftleg) { transformation: [-1f,-4.279906848757335e-17f,1.1474248368941027e-16f,0.2500000000000001f,0f,0.9369434825559376f,0.34948091578218093f,-0.8197558414612707f,-1.2246467991473532e-16f,0.34948091578218093f,-0.9369434825559376f,-0.8258965396480584f,0f,0f,0f,1f], start_interpolation: 0, interpolation_duration: 1 }
$data merge entity $(bone_rightfoot) { transformation: [-1f,-9.236341742425809e-17f,8.04151537232308e-17f,-0.2812499999999998f,0f,0.6566395615390408f,0.7542045387173272f,-2.642391902747636f,-1.2246467991473532e-16f,0.7542045387173272f,-0.6566395615390408f,-1.8472544842679741f,0f,0f,0f,1f], start_interpolation: 0, interpolation_duration: 1 }
$data merge entity $(bone_rightlowerleg) { transformation: [-1f,-7.973890095810458e-17f,9.294786442200901e-17f,-0.2812499999999999f,0f,0.7589769106220906f,0.6511175386537728f,-1.9004432537011748f,-1.2246467991473532e-16f,0.6511175386537728f,-0.7589769106220906f,-1.0083074830308447f,0f,0f,0f,1f], start_interpolation: 0, interpolation_duration: 1 }
$data merge entity $(bone_rightleg) { transformation: [-1f,-2.4152467450936655e-17f,1.2005938589985384e-16f,-0.24999999999999992f,0f,0.9803592838640812f,0.19721986345575349f,-0.8639474896272202f,-1.2246467991473532e-16f,0.19721986345575349f,-0.9803592838640812f,-0.7732309841836287f,0f,0f,0f,1f], start_interpolation: 0, interpolation_duration: 1 }
data modify entity @s data merge value {"locators":{"lefthand":{"posx":1.507836047266799,"posy":-0.4133919255248787,"posz":1.2989550696698928,"roty":78.86870594954773,"rotx":-60.75086661027032},"righthand":{"posx":-1.4204320205501448,"posy":-0.7326217735905158,"posz":0.9395074130763279,"roty":297.7211073643115,"rotx":-43.68168789414528},"chest":{"posx":-0.37499999999999994,"posy":-0.8054181412486727,"posz":-0.18945998446546772,"roty":0,"rotx":34.78},"sack":{"posx":0,"posy":-0.4375,"posz":0,"roty":0,"rotx":0}},"cameras":{}}