# This file was generated by Animated Java via MC-Build. It is not recommended to edit this file directly.
$data merge entity $(bone_nose) { transformation: [-0.9999858658024777f,0.001794148823367537f,-0.005004920106126724f,0.001189312727038177f,0.0023973260209865415f,0.9923735026431727f,-0.12324400220566634f,0.5558406315792757f,0.004745632014621815f,-0.12325425867579905f,-0.99236377739973f,0.5455320856435153f,0f,0f,0f,1f], start_interpolation: 0, interpolation_duration: 1 }
$data merge entity $(bone_glowing_eye) { transformation: [-0.9999858658024777f,0.002591542940652569f,-0.00464242398493034f,-0.12347145169843383f,0.0023973260209865415f,0.9991413011346162f,0.04136318647028592f,0.6223468871979123f,0.004745632014621815f,0.041351472431018665f,-0.9991333918474392f,0.5837905044765228f,0f,0f,0f,1f], start_interpolation: 0, interpolation_duration: 1 }
$data merge entity $(bone_head) { transformation: [-0.9999858658024777f,0.002591542940652569f,-0.00464242398493034f,-4.2973640519969737e-17f,0.0023973260209865415f,0.9991413011346162f,0.04136318647028592f,0.44021524951423296f,0.004745632014621815f,0.041351472431018665f,-0.9991333918474392f,0.3533334117606922f,0f,0f,0f,1f], start_interpolation: 0, interpolation_duration: 1 }
$data merge entity $(bone_leftthumb2) { transformation: [-0.714867673501964f,0.4721748924577209f,0.5157664978596698f,0.7496381134834115f,-0.5704248677900711f,0.0328429101925638f,-0.820692886198463f,-0.30368897466513023f,-0.4044498480511143f,-0.8808928505684576f,0.24586196580359454f,1.2702442010735244f,0f,0f,0f,1f], start_interpolation: 0, interpolation_duration: 1 }
$data merge entity $(bone_leftthumb) { transformation: [-0.714867673501964f,0.4721748924577209f,0.5157664978596698f,0.9095115800378168f,-0.5704248677900711f,0.0328429101925638f,-0.820692886198463f,-0.36576885958453553f,-0.4044498480511143f,-0.8808928505684576f,0.24586196580359454f,1.07522258511065f,0f,0f,0f,1f], start_interpolation: 0, interpolation_duration: 1 }
$data merge entity $(bone_leftpointerfinger) { transformation: [-0.7904516763380687f,0.3304104524071662f,0.5157664978596698f,0.8771963228328266f,-0.5665271833941299f,-0.07423029717541832f,-0.820692886198463f,-0.33873331043860644f,-0.23288000740692916f,-0.9409138089757961f,0.24586196580359454f,1.4239142162638403f,0f,0f,0f,1f], start_interpolation: 0, interpolation_duration: 1 }
$data merge entity $(bone_leftmidfinger) { transformation: [-0.75864660067458f,0.39804554383948987f,0.5157664978596698f,0.9577848381233999f,-0.570840973106785f,-0.02457173102847221f,-0.820692886198463f,-0.4669665739071163f,-0.31399987055316303f,-0.9170365178463664f,0.24586196580359454f,1.462330148420652f,0f,0f,0f,1f], start_interpolation: 0, interpolation_duration: 1 }
$data merge entity $(bone_leftringfinger) { transformation: [-0.8041116430050497f,0.29561695700566704f,0.5157664978596698f,1.0383733534139732f,-0.5627500949609457f,-0.09887121504605573f,-0.820692886198463f,-0.5951998373756262f,-0.19161627333075346f,-0.9501763507718061f,0.24586196580359454f,1.5007460805774637f,0f,0f,0f,1f], start_interpolation: 0, interpolation_duration: 1 }
$data merge entity $(bone_invisibility) { transformation: [0.5153301366437394f,-0.47265109716220216f,0.714867673501964f,0.7584331368494067f,-0.038810165060611f,0.8204323502243486f,0.5704248677900707f,-0.43034101533210917f,-0.85611250508021f,-0.3217012574683507f,0.40444984805111417f,1.240161845009188f,0f,0f,0f,1f], start_interpolation: 0, interpolation_duration: 1 }
$data merge entity $(bone_swiftness) { transformation: [0.5157664978596697f,0.4721748924577209f,0.7148676735019641f,0.7539663644105472f,-0.8206928861984631f,0.0328429101925638f,0.5704248677900708f,-0.6183779254507223f,0.24586196580359446f,-0.8808928505684576f,0.40444984805111434f,1.3844837086389072f,0f,0f,0f,1f], start_interpolation: 0, interpolation_duration: 1 }
$data merge entity $(bone_suspicious_stew) { transformation: [0.645908122667167f,-0.26789346101475664f,0.7148676735019641f,0.8330061571141392f,-0.31707401573168625f,0.7576803671433375f,0.5704248677900712f,-0.5857604429095974f,-0.6944542933990387f,-0.5951080194309875f,0.4044498480511143f,1.3275528159677585f,0f,0f,0f,1f], start_interpolation: 0, interpolation_duration: 1 }
$data merge entity $(bone_log) { transformation: [-0.714867673501964f,0.4721748924577209f,0.5157664978596698f,0.8491857288677171f,-0.5704248677900711f,0.0328429101925638f,-0.820692886198463f,-0.6736023895313991f,-0.4044498480511143f,-0.8808928505684576f,0.24586196580359454f,1.1910488160389527f,0f,0f,0f,1f], start_interpolation: 0, interpolation_duration: 1 }
$data merge entity $(bone_planks) { transformation: [-0.714867673501964f,0.4721748924577209f,0.5157664978596698f,0.7821668844769081f,-0.5704248677900711f,0.0328429101925638f,-0.820692886198463f,-0.7270797208867181f,-0.4044498480511143f,-0.8808928505684576f,0.24586196580359454f,1.153131642784161f,0f,0f,0f,1f], start_interpolation: 0, interpolation_duration: 1 }
$data merge entity $(bone_lefthand1) { transformation: [-0.714867673501964f,0.4721748924577209f,0.5157664978596698f,1.1298286672995237f,-0.5704248677900711f,0.0328429101925638f,-0.820692886198463f,-0.49713879234203834f,-0.4044498480511143f,-0.8808928505684576f,0.24586196580359454f,1.0642548789782547f,0f,0f,0f,1f], start_interpolation: 0, interpolation_duration: 1 }
$data merge entity $(bone_leftforearm) { transformation: [-0.9143058970218626f,0.2666783402600534f,-0.30483994080039767f,1.2649558808060135f,0.3564674846483188f,0.17250202945450308f,-0.9182450556483158f,-0.339221506096816f,-0.19229055894543423f,-0.9482223962078838f,-0.25278177994118095f,0.38946756202207766f,0f,0f,0f,1f], start_interpolation: 0, interpolation_duration: 1 }
$data merge entity $(bone_leftelbow) { transformation: [-0.7875101199402856f,-0.513917661391302f,-0.3401712043982146f,1.1685963192951443f,0.0474659001764729f,0.4997401671298264f,-0.8648738368556945f,-0.24552022475997357f,0.614471154174119f,-0.6972434314263194f,-0.36915687454086205f,0.25873441862964275f,0f,0f,0f,1f], start_interpolation: 0, interpolation_duration: 1 }
$data merge entity $(bone_leftarm) { transformation: [-0.7875101199402856f,-0.513917661391302f,-0.3401712043982146f,0.75f,0.0474659001764729f,0.4997401671298264f,-0.8648738368556945f,0.041760331870283524f,0.614471154174119f,-0.6972434314263194f,-0.36915687454086205f,0.05606442022147354f,0f,0f,0f,1f], start_interpolation: 0, interpolation_duration: 1 }
$data merge entity $(bone_rightthumb2) { transformation: [-0.6572269116636877f,-0.4276844433621536f,-0.6205955232605339f,-0.7485418153726908f,0.6183700867532718f,0.16476817821171758f,-0.7684203818597879f,-0.4485008683887671f,0.4308958370578226f,-0.8887842619864488f,0.15617718543834014f,1.2354721267300073f,0f,0f,0f,1f], start_interpolation: 0, interpolation_duration: 1 }
$data merge entity $(bone_rightthumb) { transformation: [-0.6572269116636877f,-0.4276844433621536f,-0.6205955232605339f,-0.9064627594029708f,0.6183700867532718f,0.16476817821171758f,-0.7684203818597879f,-0.4737599932264628f,0.4308958370578226f,-0.8887842619864488f,0.15617718543834014f,1.0308509641843926f,0f,0f,0f,1f], start_interpolation: 0, interpolation_duration: 1 }
$data merge entity $(bone_rightpointerfinger) { transformation: [-0.6804845090610753f,-0.3896177991787483f,-0.6205955232605339f,-0.8856800669038686f,0.6267392943135369f,0.12933666806372857f,-0.7684203818597879f,-0.4802987248387901f,0.37965601521808734f,-0.9118497666048292f,0.15617718543834014f,1.3814024940391467f,0f,0f,0f,1f], start_interpolation: 0, interpolation_duration: 1 }
$data merge entity $(bone_rightmidfinger) { transformation: [-0.7486830351409576f,-0.2330984972090294f,-0.6205955232605339f,-0.982648117413327f,0.6398766490472247f,-0.009380338296246543f,-0.7684203818597879f,-0.600364409504382f,0.1732962402829849f,-0.9724078875926192f,0.15617718543834014f,1.4058051792638875f,0f,0f,0f,1f], start_interpolation: 0, interpolation_duration: 1 }
$data merge entity $(bone_rightringfinger) { transformation: [-0.7661499428162737f,-0.16695946104250745f,-0.6205955232605339f,-1.0796161679227854f,0.6366241748621242f,-0.06511356789162122f,-0.7684203818597879f,-0.7204300941699738f,0.08788586407232672f,-0.9838113445396015f,0.15617718543834014f,1.430207864488628f,0f,0f,0f,1f], start_interpolation: 0, interpolation_duration: 1 }
$data merge entity $(bone_hugeasssword) { transformation: [-0.00002574138737349444f,-0.000016750974031684353f,-0.000024306657994370914f,-0.8666721596466006f,0.00002421949506450315f,0.000006453420313292272f,-0.000030096464956175034f,-0.7350551631568364f,0.000016876753618098053f,-0.000034810716927802586f,0.000006116939763001656f,1.1039047446621026f,0f,0f,0f,1f], start_interpolation: 0, interpolation_duration: 1 }
$data merge entity $(bone_ice) { transformation: [-0.6572269116636877f,-0.4276844433621536f,-0.6205955232605339f,-0.8497204197243218f,0.6183700867532718f,0.16476817821171758f,-0.7684203818597879f,-0.7472916985469144f,0.4308958370578226f,-0.8887842619864488f,0.15617718543834014f,1.1110592513016124f,0f,0f,0f,1f], start_interpolation: 0, interpolation_duration: 1 }
$data merge entity $(bone_righthand1) { transformation: [-0.6572269116636877f,-0.4276844433621536f,-0.6205955232605339f,-1.1403418685826738f,0.6183700867532718f,0.16476817821171758f,-0.7684203818597879f,-0.5755202692387854f,0.4308958370578226f,-0.8887842619864488f,0.15617718543834014f,1.001467682114404f,0f,0f,0f,1f], start_interpolation: 0, interpolation_duration: 1 }
$data merge entity $(bone_rightforearm) { transformation: [-0.9115438614560509f,-0.3210289671671461f,0.2569595121442038f,-1.3131088621583233f,-0.36890235831460205f,0.3623823904411956f,-0.8559147464134785f,-0.2842900856524465f,0.18165582476682846f,-0.8749968030442853f,-0.44875578658170295f,0.3818938750913031f,0f,0f,0f,1f], start_interpolation: 0, interpolation_duration: 1 }
$data merge entity $(bone_rightelbow) { transformation: [-0.6906742407253901f,0.651437189999979f,0.314004268575026f,-1.1909643890333272f,-0.022488194298186867f,0.41465024772708503f,-0.909702947767607f,-0.20654316420361807f,-0.7228162797804245f,-0.6353697817372163f,-0.271738598913715f,0.2627620410155751f,0f,0f,0f,1f], start_interpolation: 0, interpolation_duration: 1 }
$data merge entity $(bone_rightarm) { transformation: [-0.7599792705014761f,0.5690631140081979f,0.314004268575026f,-0.75f,-0.06928337757202985f,0.4094390802245647f,-0.909702947767607f,0.041760331870283524f,-0.6462440111910175f,-0.7131106589163808f,-0.271738598913715f,0.05606442022147336f,0f,0f,0f,1f], start_interpolation: 0, interpolation_duration: 1 }
$data merge entity $(bone_chest1) { transformation: [-1.0833333333333333f,-8.527867711287151e-17f,1.0163116982094626e-16f,-0.002323124999999984f,0f,0.8298814800455596f,0.6963532438270843f,-0.010285840683524394f,-1.3267006990762992e-16f,0.6963532438270843f,-0.8298814800455596f,-0.13129286842986393f,0f,0f,0f,1f], start_interpolation: 0, interpolation_duration: 1 }
$data merge entity $(bone_chest1lid) { transformation: [-1f,-6.985714745057531e-17f,1.005861659309428e-16f,-0.34374999999999994f,0f,0.8213483757192263f,0.5704268977734035f,-0.7767324427669047f,-1.2246467991473532e-16f,0.5704268977734035f,-0.8213483757192263f,-0.2821439870607591f,0f,0f,0f,1f], start_interpolation: 0, interpolation_duration: 1 }
$data merge entity $(bone_chest2) { transformation: [-1f,-6.985714745057531e-17f,1.005861659309428e-16f,-0.34374999999999994f,0f,0.8213483757192263f,0.5704268977734035f,-0.9050681264730338f,-1.2246467991473532e-16f,0.5704268977734035f,-0.8213483757192263f,-0.3712731898378534f,0f,0f,0f,1f], start_interpolation: 0, interpolation_duration: 1 }
$data merge entity $(bone_chest1lid3) { transformation: [-1f,-7.665351767214054e-17f,9.55083035924386e-17f,-0.2812499999999999f,0f,0.7798844830928819f,0.6259234721840591f,-0.37142536353433175f,-1.2246467991473532e-16f,0.6259234721840591f,-0.7798844830928819f,-0.7642198686821896f,0f,0f,0f,1f], start_interpolation: 0, interpolation_duration: 1 }
$data merge entity $(bone_chest3) { transformation: [-1f,-7.665351767214054e-17f,9.55083035924386e-17f,-0.2812499999999999f,0f,0.7798844830928819f,0.6259234721840591f,-0.49328231401759454f,-1.2246467991473532e-16f,0.6259234721840591f,-0.7798844830928819f,-0.8620204112109489f,0f,0f,0f,1f], start_interpolation: 0, interpolation_duration: 1 }
$data merge entity $(bone_hugeasssword2) { transformation: [-1.6719478217487493e-15f,1.6552548584844062f,-3.549705499226879f,-1.734375f,-2.5175848046056117f,2.719232172391629f,1.2679987862876712f,0.4623473518587463f,3.0003407355493303f,2.2817067129392097f,1.0639773139072208f,-0.08054889992786102f,0f,0f,0f,1f], start_interpolation: 0, interpolation_duration: 1 }
$data merge entity $(bone_belt) { transformation: [-1f,-7.871877887341986e-17f,9.381338752702732e-17f,0.029705625000000038f,0f,0.7660444431189781f,0.6427876096865394f,-0.39956682878809924f,-1.2246467991473532e-16f,0.6427876096865394f,-0.7660444431189781f,-0.2870573242809212f,0f,0f,0f,1f], start_interpolation: 0, interpolation_duration: 1 }
$data merge entity $(bone_torn_part) { transformation: [-1f,-1.0328566345430088e-16f,6.580022455450643e-17f,-0.09374999999999994f,0f,0.537299608346824f,0.8433914458128857f,-0.6146332234127065f,-1.2246467991473532e-16f,0.8433914458128857f,-0.537299608346824f,-0.4743181810278101f,0f,0f,0f,1f], start_interpolation: 0, interpolation_duration: 1 }
$data merge entity $(bone_lowerbody) { transformation: [-1f,-7.871877887341986e-17f,9.381338752702732e-17f,0.003906250000000083f,0f,0.7660444431189781f,0.6427876096865394f,-1.0790703692665646f,-1.2246467991473532e-16f,0.6427876096865394f,-0.7660444431189781f,-0.6804543187564593f,0f,0f,0f,1f], start_interpolation: 0, interpolation_duration: 1 }
$data merge entity $(bone_leftfoot) { transformation: [-1f,-5.85757744719426e-17f,1.0754755446606257e-16f,0.2812500000000002f,0f,0.8781924269180417f,0.4783074966000427f,-2.571767574544584f,-1.2246467991473532e-16f,0.4783074966000427f,-0.8781924269180417f,-1.7983751582781848f,0f,0f,0f,1f], start_interpolation: 0, interpolation_duration: 1 }
$data merge entity $(bone_leftlowerleg) { transformation: [-1f,-9.527362642116917e-17f,7.694500591447164e-17f,0.2812500000000001f,0f,0.6283036543111349f,0.7779681985655158f,-1.994274618141891f,-1.2246467991473532e-16f,0.7779681985655158f,-0.6283036543111349f,-0.8387805803381475f,0f,0f,0f,1f], start_interpolation: 0, interpolation_duration: 1 }
$data merge entity $(bone_leftleg) { transformation: [-1f,1.5163533967051196e-18f,1.2245529183744932e-16f,0.2500000000000001f,0f,0.9999233405313879f,-0.01238196513281109f,-0.9315336192390484f,-1.2246467991473532e-16f,-0.01238196513281109f,-0.9999233405313879f,-0.8258965396480584f,0f,0f,0f,1f], start_interpolation: 0, interpolation_duration: 1 }
$data merge entity $(bone_rightfoot) { transformation: [-1f,-1.2200324324838938e-16f,1.0621038720055325e-17f,-0.2812499999999997f,0f,0.08672736275838969f,0.9962320836777818f,-1.9632190630186417f,-1.2246467991473532e-16f,0.9962320836777818f,-0.08672736275838969f,-2.4816391236980504f,0f,0f,0f,1f], start_interpolation: 0, interpolation_duration: 1 }
$data merge entity $(bone_rightlowerleg) { transformation: [-1f,-1.1917740190980829e-16f,2.818412142761601e-17f,-0.28124999999999983f,0f,0.23014081649695972f,0.9731573380405211f,-1.8574279621438992f,-1.2246467991473532e-16f,0.9731573380405211f,-0.23014081649695972f,-1.3666825722206615f,0f,0f,0f,1f], start_interpolation: 0, interpolation_duration: 1 }
$data merge entity $(bone_rightleg) { transformation: [-1f,-6.587132893252197e-17f,1.0324033054616821e-16f,-0.24999999999999992f,0f,0.8430212745262402f,0.5378802196550397f,-0.975725267404998f,-1.2246467991473532e-16f,0.5378802196550397f,-0.8430212745262402f,-0.7732309841836287f,0f,0f,0f,1f], start_interpolation: 0, interpolation_duration: 1 }
data modify entity @s data merge value {"locators":{"lefthand":{"posx":0.8712570582562096,"posy":-0.6098675841880229,"posz":1.2939441500287243,"roty":115.48678252389143,"rotx":-55.15421458209149},"righthand":{"posx":-0.8949560682143131,"posy":-0.679887437231794,"posz":1.1629027215968475,"roty":255.87443889919962,"rotx":-50.21225166168753},"chest":{"posx":-0.37499999999999994,"posy":-0.9171959190264507,"posz":-0.18945998446546772,"roty":0,"rotx":34.78},"sack":{"posx":0,"posy":-0.4375,"posz":0,"roty":0,"rotx":0}},"cameras":{}}