# This file was generated by Animated Java via MC-Build. It is not recommended to edit this file directly.
$data merge entity $(bone_nose) { transformation: [-1f,-1.067350013832297e-17f,1.21998664834562e-16f,-2.5354630814624227e-16f,0f,0.9961946980917455f,0.0871557427476582f,0.19116942610109347f,-1.2246467991473532e-16f,0.0871557427476582f,-0.9961946980917455f,2.069116951615784f,0f,0f,0f,1f], start_interpolation: 0, interpolation_duration: 1 }
$data merge entity $(bone_glowing_eye) { transformation: [-1f,-1.067350013832297e-17f,1.21998664834562e-16f,-0.12500000000000025f,0f,0.9961946980917455f,0.0871557427476582f,0.25557854712830813f,-1.2246467991473532e-16f,0.0871557427476582f,-0.9961946980917455f,2.109780940151808f,0f,0f,0f,1f], start_interpolation: 0, interpolation_duration: 1 }
$data merge entity $(bone_head) { transformation: [-1f,-1.067350013832297e-17f,1.21998664834562e-16f,-2.2938351772025416e-16f,0f,0.9961946980917455f,0.0871557427476582f,0.0844827664973693f,-1.2246467991473532e-16f,0.0871557427476582f,-0.9961946980917455f,1.8718127946718295f,0f,0f,0f,1f], start_interpolation: 0, interpolation_duration: 1 }
$data merge entity $(bone_leftthumb2) { transformation: [-0.6573235436300002f,-0.3962574317707756f,0.641019349751728f,1.4361474850493383f,-0.6368691224405023f,-0.1626583986853393f,-0.7536179179259115f,0.22725795768806056f,0.4028938816506943f,-0.9036162310978874f,-0.14544492780735238f,2.5532898465092657f,0f,0f,0f,1f], start_interpolation: 0, interpolation_duration: 1 }
$data merge entity $(bone_leftthumb) { transformation: [-0.6573235436300002f,-0.3962574317707756f,0.641019349751728f,1.3937482329197022f,-0.6368691224405023f,-0.1626583986853393f,-0.7536179179259115f,0.12296490212731767f,0.4028938816506943f,-0.9036162310978874f,-0.14544492780735238f,2.319255383036145f,0f,0f,0f,1f], start_interpolation: 0, interpolation_duration: 1 }
$data merge entity $(bone_leftpointerfinger) { transformation: [-0.7502388648820014f,-0.16197480935144762f,0.641019349751728f,1.6147307493977257f,-0.6552204407807068f,0.052404272384515366f,-0.7536179179259115f,0.20058784685369802f,0.08847496597174981f,-0.9854024321927626f,-0.14544492780735238f,2.568703937744947f,0f,0f,0f,1f], start_interpolation: 0, interpolation_duration: 1 }
$data merge entity $(bone_leftmidfinger) { transformation: [-0.7502388648820014f,-0.16197480935144762f,0.641019349751728f,1.7148900227964332f,-0.6552204407807068f,0.052404272384515366f,-0.7536179179259115f,0.08283504717777435f,0.08847496597174981f,-0.9854024321927626f,-0.14544492780735238f,2.5459781677750484f,0f,0f,0f,1f], start_interpolation: 0, interpolation_duration: 1 }
$data merge entity $(bone_leftringfinger) { transformation: [-0.7502388648820014f,-0.16197480935144762f,0.641019349751728f,1.8150492961951405f,-0.6552204407807068f,0.052404272384515366f,-0.7536179179259115f,-0.034917752498149324f,0.08847496597174981f,-0.9854024321927626f,-0.14544492780735238f,2.5232523978051495f,0f,0f,0f,1f], start_interpolation: 0, interpolation_duration: 1 }
$data merge entity $(bone_invisibility) { transformation: [-0.33888103506626566f,-0.673116188382151f,0.6573235436300002f,1.4390920716133364f,-0.22772156375520491f,0.7365735606731677f,0.636869122440502f,0.09701574668147901f,-0.9128540592412899f,0.0661361221658451f,-0.4028938816506943f,2.546124941095778f,0f,0f,0f,1f], start_interpolation: 0, interpolation_duration: 1 }
$data merge entity $(bone_swiftness) { transformation: [0.6410193497517279f,-0.3962574317707756f,0.6573235436300003f,1.5787076785093852f,-0.7536179179259116f,-0.1626583986853393f,0.6368691224405021f,-0.05543105499986564f,-0.1454449278073523f,-0.9036162310978874f,-0.40289388165069434f,2.6622028757462015f,0f,0f,0f,1f], start_interpolation: 0, interpolation_duration: 1 }
$data merge entity $(bone_suspicious_stew) { transformation: [-0.08822471275076915f,-0.7484264553379599f,0.6573235436300003f,1.5778577668060405f,-0.4659112678459289f,0.614267377756677f,0.6368691224405024f,-0.03666300049125412f,-0.8804221093056692f,-0.25006685021048447f,-0.4028938816506945f,2.561211027964613f,0f,0f,0f,1f], start_interpolation: 0, interpolation_duration: 1 }
$data merge entity $(bone_log) { transformation: [-0.6573235436300002f,-0.3962574317707756f,0.641019349751728f,1.4967492876389932f,-0.6368691224405023f,-0.1626583986853393f,-0.7536179179259115f,-0.15202762045849574f,0.4028938816506943f,-0.9036162310978874f,-0.14544492780735238f,2.47921256949116f,0f,0f,0f,1f], start_interpolation: 0, interpolation_duration: 1 }
$data merge entity $(bone_planks) { transformation: [-0.6573235436300002f,-0.3962574317707756f,0.641019349751728f,1.4351252054236807f,-0.6368691224405023f,-0.1626583986853393f,-0.7536179179259115f,-0.2117341006872928f,0.4028938816506943f,-0.9036162310978874f,-0.14544492780735238f,2.516983870895913f,0f,0f,0f,1f], start_interpolation: 0, interpolation_duration: 1 }
$data merge entity $(bone_lefthand1) { transformation: [-0.6573235436300002f,-0.3962574317707756f,0.641019349751728f,1.541983960924058f,-0.6368691224405023f,-0.1626583986853393f,-0.7536179179259115f,-0.009924379584520221f,0.4028938816506943f,-0.9036162310978874f,-0.14544492780735238f,2.1571301952979947f,0f,0f,0f,1f], start_interpolation: 0, interpolation_duration: 1 }
$data merge entity $(bone_leftforearm) { transformation: [-0.9998245241917179f,-0.014765075543146877f,-0.011528806053106482f,1.4692933720153802f,0.0140231518756661f,-0.18186876174318045f,-0.9832228153951039f,-0.12156154920241635f,0.012420629463798294f,-0.9832119537750788f,0.18204390107200957f,1.4637411436871297f,0f,0f,0f,1f], start_interpolation: 0, interpolation_duration: 1 }
$data merge entity $(bone_leftelbow) { transformation: [-0.3689751295901831f,-0.9293677637915454f,-0.011528806053106482f,1.2950369163044655f,0.173391254470053f,-0.05664245898464387f,-0.9832228153951039f,-0.13218201026203708f,0.9131225693285699f,-0.36478375987052336f,0.18204390107200957f,1.3953441887114066f,0f,0f,0f,1f], start_interpolation: 0, interpolation_duration: 1 }
$data merge entity $(bone_leftarm) { transformation: [-0.3689751295901831f,-0.9293677637915454f,-0.011528806053106482f,0.7499999999999998f,0.173391254470053f,-0.05664245898464387f,-0.9832228153951039f,-0.09184818985793794f,0.9131225693285699f,-0.36478375987052336f,0.18204390107200957f,1.4070089989082692f,0f,0f,0f,1f], start_interpolation: 0, interpolation_duration: 1 }
$data merge entity $(bone_rightthumb2) { transformation: [-0.6573235436300002f,0.3962574317707758f,-0.641019349751728f,-1.436147485049339f,0.6368691224405023f,-0.1626583986853393f,-0.7536179179259115f,0.22725795768806056f,-0.4028938816506944f,-0.9036162310978871f,-0.14544492780735244f,2.5532898465092653f,0f,0f,0f,1f], start_interpolation: 0, interpolation_duration: 1 }
$data merge entity $(bone_rightthumb) { transformation: [-0.6573235436300002f,0.3962574317707758f,-0.641019349751728f,-1.3937482329197028f,0.6368691224405023f,-0.1626583986853393f,-0.7536179179259115f,0.12296490212731767f,-0.4028938816506944f,-0.9036162310978871f,-0.14544492780735244f,2.3192553830361446f,0f,0f,0f,1f], start_interpolation: 0, interpolation_duration: 1 }
$data merge entity $(bone_rightpointerfinger) { transformation: [-0.7502388648820015f,0.16197480935144784f,-0.641019349751728f,-1.614730749397726f,0.6552204407807068f,0.052404272384515366f,-0.7536179179259115f,0.20058784685369802f,-0.08847496597175003f,-0.9854024321927625f,-0.14544492780735244f,2.5687039377449468f,0f,0f,0f,1f], start_interpolation: 0, interpolation_duration: 1 }
$data merge entity $(bone_rightmidfinger) { transformation: [-0.7502388648820015f,0.16197480935144784f,-0.641019349751728f,-1.7148900227964337f,0.6552204407807068f,0.052404272384515366f,-0.7536179179259115f,0.08283504717777435f,-0.08847496597175003f,-0.9854024321927625f,-0.14544492780735244f,2.545978167775048f,0f,0f,0f,1f], start_interpolation: 0, interpolation_duration: 1 }
$data merge entity $(bone_rightringfinger) { transformation: [-0.7502388648820015f,0.16197480935144784f,-0.641019349751728f,-1.8150492961951412f,0.6552204407807068f,0.052404272384515366f,-0.7536179179259115f,-0.034917752498149324f,-0.08847496597175003f,-0.9854024321927625f,-0.14544492780735244f,2.523252397805149f,0f,0f,0f,1f], start_interpolation: 0, interpolation_duration: 1 }
$data merge entity $(bone_hugeasssword) { transformation: [-0.000025745172125508347f,0.000015520082744355388f,-0.00002510659119860935f,-1.4607647362773113f,0.000024944040628919676f,-0.000006370787281842456f,-0.00002951670178543154f,-0.09751695802945182f,-0.0000157800103646522f,-0.00003539163571800059f,-0.000005696593005787971f,2.467888656967423f,0f,0f,0f,1f], start_interpolation: 0, interpolation_duration: 1 }
$data merge entity $(bone_ice) { transformation: [-0.6573235436300002f,0.3962574317707758f,-0.641019349751728f,-1.4566855782795107f,0.6368691224405023f,-0.1626583986853393f,-0.7536179179259115f,-0.10492650058812625f,-0.4028938816506944f,-0.9036162310978871f,-0.14544492780735244f,2.488302877479119f,0f,0f,0f,1f], start_interpolation: 0, interpolation_duration: 1 }
$data merge entity $(bone_righthand1) { transformation: [-0.6573235436300002f,0.3962574317707758f,-0.641019349751728f,-1.5419839609240584f,0.6368691224405023f,-0.1626583986853393f,-0.7536179179259115f,-0.009924379584520221f,-0.4028938816506944f,-0.9036162310978871f,-0.14544492780735244f,2.157130195297994f,0f,0f,0f,1f], start_interpolation: 0, interpolation_duration: 1 }
$data merge entity $(bone_rightforearm) { transformation: [-0.9998245241917179f,0.0147650755431471f,0.011528806053106437f,-1.4692933720153805f,-0.0140231518756661f,-0.18186876174318045f,-0.9832228153951039f,-0.12156154920241635f,-0.012420629463798516f,-0.9832119537750786f,0.18204390107200957f,1.4637411436871293f,0f,0f,0f,1f], start_interpolation: 0, interpolation_duration: 1 }
$data merge entity $(bone_rightelbow) { transformation: [-0.36897512959018286f,0.9293677637915454f,0.011528806053106437f,-1.2950369163044657f,-0.173391254470053f,-0.05664245898464387f,-0.9832228153951039f,-0.13218201026203708f,-0.9131225693285699f,-0.36478375987052314f,0.18204390107200957f,1.3953441887114062f,0f,0f,0f,1f], start_interpolation: 0, interpolation_duration: 1 }
$data merge entity $(bone_rightarm) { transformation: [-0.36897512959018286f,0.9293677637915454f,0.011528806053106437f,-0.7500000000000002f,-0.173391254470053f,-0.05664245898464387f,-0.9832228153951039f,-0.09184818985793794f,-0.9131225693285699f,-0.36478375987052314f,0.18204390107200957f,1.407008998908269f,0f,0f,0f,1f], start_interpolation: 0, interpolation_duration: 1 }
$data merge entity $(bone_chest1) { transformation: [-1.0833333333333333f,-1.265296945278589e-16f,3.9894659441861674e-17f,-0.0023231250000001497f,0f,0.3257646161296293f,1.0331933633105792f,-0.03507648876383454f,-1.3267006990762992e-16f,1.0331933633105792f,-0.3257646161296293f,1.2210290762199234f,0f,0f,0f,1f], start_interpolation: 0, interpolation_duration: 1 }
$data merge entity $(bone_chest1lid) { transformation: [-1f,-1.2245172706154333e-16f,-1.781113770613716e-18f,-0.34375000000000006f,0f,-0.014543897651582482f,0.9998942319271076f,-0.6630593657682099f,-1.2246467991473532e-16f,0.9998942319271076f,0.014543897651582482f,0.6940990280092296f,0f,0f,0f,1f], start_interpolation: 0, interpolation_duration: 1 }
$data merge entity $(bone_chest2) { transformation: [-1f,-1.2245172706154333e-16f,-1.781113770613716e-18f,-0.34375000000000006f,0f,-0.014543897651582482f,0.9998942319271076f,-0.6607868817601501f,-1.2246467991473532e-16f,0.9998942319271076f,0.014543897651582482f,0.537865554270619f,0f,0f,0f,1f], start_interpolation: 0, interpolation_duration: 1 }
$data merge entity $(bone_chest1lid3) { transformation: [-1f,-9.381338752702731e-17f,7.871877887341985e-17f,-0.28125000000000006f,0f,0.6427876096865394f,0.7660444431189779f,0.050623603826454616f,-1.2246467991473532e-16f,0.7660444431189779f,-0.6427876096865394f,0.4649203457005343f,0f,0f,0f,1f], start_interpolation: 0, interpolation_duration: 1 }
$data merge entity $(bone_chest3) { transformation: [-1f,-9.381338752702731e-17f,7.871877887341985e-17f,-0.28125000000000006f,0f,0.6427876096865394f,0.7660444431189779f,-0.049811960187067156f,-1.2246467991473532e-16f,0.7660444431189779f,-0.6427876096865394f,0.345225901463194f,0f,0f,0f,1f], start_interpolation: 0, interpolation_duration: 1 }
$data merge entity $(bone_hugeasssword2) { transformation: [-1.4487465919166744e-15f,1.655254858484406f,-3.549705499226879f,-1.7343750000000002f,-3.735391390430555f,1.0674170301497339f,0.49774473560388766f,0.3362735884314611f,1.177764381391737f,3.385414304776872f,1.5786446163449348f,1.5177717344257822f,0f,0f,0f,1f], start_interpolation: 0, interpolation_duration: 1 }
$data merge entity $(bone_belt) { transformation: [-1f,-1.16796641102639e-16f,3.6825839484795395e-17f,0.029705624999999892f,0f,0.30070579950427323f,0.9537169507482269f,-0.2797005630256915f,-1.2246467991473532e-16f,0.9537169507482269f,-0.30070579950427323f,0.8804981441479902f,0f,0f,0f,1f], start_interpolation: 0, interpolation_duration: 1 }
$data merge entity $(bone_torn_part) { transformation: [-1f,-1.224646799147353e-16f,1.8488927466117464e-32f,-0.09375000000000008f,0f,1.6653345369377348e-16f,1f,-0.3604705355451095f,-1.2246467991473532e-16f,1f,-1.6653345369377348e-16f,0.6070088498317069f,0f,0f,0f,1f], start_interpolation: 0, interpolation_duration: 1 }
$data merge entity $(bone_lowerbody) { transformation: [-1f,-1.16796641102639e-16f,3.6825839484795395e-17f,0.003906249999999978f,0f,0.30070579950427323f,0.9537169507482269f,-0.6414159854082748f,-1.2246467991473532e-16f,0.9537169507482269f,-0.30070579950427323f,0.18361349802946259f,0f,0f,0f,1f], start_interpolation: 0, interpolation_duration: 1 }
$data merge entity $(bone_leftfoot) { transformation: [-1f,-1.1810162651080391e-16f,3.2397586979914935e-17f,0.28125000000000017f,0f,0.2645463737174783f,0.9643729652748112f,-1.272724107239171f,-1.2246467991473532e-16f,0.9643729652748112f,-0.2645463737174783f,-1.8072579776736406f,0f,0f,0f,1f], start_interpolation: 0, interpolation_duration: 1 }
$data merge entity $(bone_leftlowerleg) { transformation: [-1f,-1.1810162651080391e-16f,3.2397586979914935e-17f,0.28125000000000006f,0f,0.2645463737174783f,0.9643729652748112f,-1.1274146608790954f,-1.2246467991473532e-16f,0.9643729652748112f,-0.2645463737174783f,-0.6967603263905915f,0f,0f,0f,1f], start_interpolation: 0, interpolation_duration: 1 }
$data merge entity $(bone_leftleg) { transformation: [-1f,-9.671365570380372e-17f,7.512700331455188e-17f,0.24999999999999997f,0f,0.6134585365091243f,0.7897269300106736f,-0.4961809358336223f,-1.2246467991473532e-16f,0.7897269300106736f,-0.6134585365091243f,0.15830014727120273f,0f,0f,0f,1f], start_interpolation: 0, interpolation_duration: 1 }
$data merge entity $(bone_rightfoot) { transformation: [-1f,-1.14037043364942e-16f,-4.464471488542524e-17f,-0.2812499999999998f,0f,-0.36455176232452197f,0.931183125161794f,0.10570111599801246f,-1.2246467991473532e-16f,0.931183125161794f,0.36455176232452197f,-1.8970117329464262f,0f,0f,0f,1f], start_interpolation: 0, interpolation_duration: 1 }
$data merge entity $(bone_rightlowerleg) { transformation: [-1f,-1.14037043364942e-16f,-4.464471488542524e-17f,-0.2812499999999999f,0f,-0.36455176232452197f,0.931183125161794f,-0.44179570858569117f,-1.2246467991473532e-16f,0.931183125161794f,0.36455176232452197f,-0.9199922368372635f,0f,0f,0f,1f], start_interpolation: 0, interpolation_duration: 1 }
$data merge entity $(bone_rightleg) { transformation: [-1f,-1.224412830422873e-16f,2.3937488542162327e-18f,-0.25f,0f,0.019546442744821202f,0.9998089500379678f,-0.44706451287008864f,-1.2246467991473532e-16f,0.9998089500379678f,-0.019546442744821202f,0.1428137985967326f,0f,0f,0f,1f], start_interpolation: 0, interpolation_duration: 1 }
data modify entity @s data merge value {"locators":{"lefthand":{"posx":1.5793150543715269,"posy":-0.06783817286481411,"posz":2.51430886313792,"roty":77.21624320407042,"rotx":-48.90475259253312},"righthand":{"posx":-1.514485255526371,"posy":-0.030903202912278348,"posz":2.4669231566822614,"roty":282.78375679592955,"rotx":-48.90475259253311},"chest":{"posx":-0.37500000000000006,"posy":-0.8183838459035966,"posz":0.6293331545057256,"roty":180,"rotx":89.1666666666669},"sack":{"posx":0,"posy":-0.4375,"posz":0,"roty":0,"rotx":0}},"cameras":{}}