# This file was generated by Animated Java via MC-Build. It is not recommended to edit this file directly.
$data merge entity $(bone_nose) { transformation: [-0.9914448617560984f,0.018205241140488885f,0.12925035896448273f,-0.02444167597741605f,0.011376150871115626f,0.9985095115897065f,-0.05337919497560978f,0.28249790793066165f,-0.13002949391883598f,-0.05145215699951951f,-0.990174230250065f,1.2537455444019125f,0f,0f,0f,1f], start_interpolation: 0, interpolation_duration: 1 }
$data merge entity $(bone_glowing_eye) { transformation: [-0.9914448617560984f,4.5376948320115145e-8f,0.13052618931627832f,-0.15292707357960011f,0.011376150871115626f,0.99619469871129f,0.0864101003985086f,0.348355067514514f,-0.13002949391883598f,0.08715573566622364f,-0.987672115862188f,1.2778584448850971f,0f,0f,0f,1f], start_interpolation: 0, interpolation_duration: 1 }
$data merge entity $(bone_head) { transformation: [-0.9914448617560984f,4.5376948320115145e-8f,0.13052618931627832f,-1.3007059872058192e-16f,0.011376150871115626f,0.99619469871129f,0.0864101003985086f,0.17567162299234806f,-0.13002949391883598f,0.08715573566622364f,-0.987672115862188f,1.0580372844677473f,0f,0f,0f,1f], start_interpolation: 0, interpolation_duration: 1 }
$data merge entity $(bone_leftthumb2) { transformation: [-0.5773978359551077f,0.6208463087603622f,0.5302467349574075f,0.7100135702078312f,-0.633703217155464f,0.06872173969780164f,-0.7705177188486478f,-0.01595589812756172f,-0.5148125596769899f,-0.780914325256965f,0.3537525194359554f,1.7304267966825302f,0f,0f,0f,1f], start_interpolation: 0, interpolation_duration: 1 }
$data merge entity $(bone_leftthumb) { transformation: [-0.5773978359551077f,0.6208463087603622f,0.5302467349574075f,0.907585031436617f,-0.633703217155464f,0.06872173969780164f,-0.7705177188486478f,-0.06494892483823192f,-0.5148125596769899f,-0.780914325256965f,0.3537525194359554f,1.569144221200397f,0f,0f,0f,1f], start_interpolation: 0, interpolation_duration: 1 }
$data merge entity $(bone_leftpointerfinger) { transformation: [-0.8472865602453836f,0.03072270975279462f,0.5302467349574075f,0.8195400840868212f,-0.4966894502656121f,-0.39950223395510764f,-0.7705177188486478f,-0.032356975606244426f,0.18816236292731353f,-0.9162172669025209f,0.3537525194359554f,1.9046138326282052f,0f,0f,0f,1f], start_interpolation: 0, interpolation_duration: 1 }
$data merge entity $(bone_leftmidfinger) { transformation: [-0.8472865602453836f,0.03072270975279462f,0.5302467349574075f,0.9023911364239161f,-0.4966894502656121f,-0.39950223395510764f,-0.7705177188486478f,-0.15275036917634566f,0.18816236292731353f,-0.9162172669025209f,0.3537525194359554f,1.9598876637900733f,0f,0f,0f,1f], start_interpolation: 0, interpolation_duration: 1 }
$data merge entity $(bone_leftringfinger) { transformation: [-0.8472865602453836f,0.03072270975279462f,0.5302467349574075f,0.985242188761011f,-0.4966894502656121f,-0.39950223395510764f,-0.7705177188486478f,-0.2731437627464469f,0.18816236292731353f,-0.9162172669025209f,0.3537525194359554f,2.015161494951941f,0f,0f,0f,1f], start_interpolation: 0, interpolation_duration: 1 }
$data merge entity $(bone_invisibility) { transformation: [0.6646978491416369f,-0.47411866487287685f,0.5773978359551077f,0.7349508006950043f,0.0013051886441057814f,0.7735751605690422f,0.6337032171554636f,-0.14152920859440676f,-0.7471111469045854f,-0.420467552338753f,0.5148125596769899f,1.70527688174178f,0f,0f,0f,1f], start_interpolation: 0, interpolation_duration: 1 }
$data merge entity $(bone_swiftness) { transformation: [0.5302467349574074f,0.6208463087603622f,0.5773978359551079f,0.7202263128471255f,-0.770517718848648f,0.06872173969780164f,0.6337032171554637f,-0.3283126079849782f,0.3537525194359553f,-0.780914325256965f,0.51481255967699f,1.8505414098078268f,0f,0f,0f,1f], start_interpolation: 0, interpolation_duration: 1 }
$data merge entity $(bone_suspicious_stew) { transformation: [0.7867697976038576f,-0.21818575712622323f,0.577397835955108f,0.8052698927763763f,-0.2633518111534013f,0.7273692708171275f,0.6337032171554641f,-0.28922261242686265f,-0.5582464591384422f,-0.6506373177571498f,0.5148125596769899f,1.8082108381324418f,0f,0f,0f,1f], start_interpolation: 0, interpolation_duration: 1 }
$data merge entity $(bone_log) { transformation: [-0.5773978359551077f,0.6208463087603622f,0.5302467349574075f,0.8535999499517586f,-0.633703217155464f,0.06872173969780164f,-0.7705177188486478f,-0.3761600896439926f,-0.5148125596769899f,-0.780914325256965f,0.3537525194359554f,1.6789150193541638f,0f,0f,0f,1f], start_interpolation: 0, interpolation_duration: 1 }
$data merge entity $(bone_planks) { transformation: [-0.5773978359551077f,0.6208463087603622f,0.5302467349574075f,0.7994689028309673f,-0.633703217155464f,0.06872173969780164f,-0.7705177188486478f,-0.43556976625231736f,-0.5148125596769899f,-0.780914325256965f,0.3537525194359554f,1.630651341884446f,0f,0f,0f,1f], start_interpolation: 0, interpolation_duration: 1 }
$data merge entity $(bone_lefthand1) { transformation: [-0.5773978359551077f,0.6208463087603622f,0.5302467349574075f,1.1365907756632072f,-0.633703217155464f,0.06872173969780164f,-0.7705177188486478f,-0.17647517171665594f,-0.5148125596769899f,-0.780914325256965f,0.3537525194359554f,1.6013348117267965f,0f,0f,0f,1f], start_interpolation: 0, interpolation_duration: 1 }
$data merge entity $(bone_leftforearm) { transformation: [-0.9070935089306121f,0.41960666450057915f,-0.033340863255885575f,1.375454318320387f,0.07790378083293487f,0.08951414623289182f,-0.9929341461326285f,-0.09315195531127313f,-0.41365730621842506f,-0.9032814980563344f,-0.11388664663261372f,0.9421409056209193f,0f,0f,0f,1f], start_interpolation: 0, interpolation_duration: 1 }
$data merge entity $(bone_leftelbow) { transformation: [-0.7347956665110754f,-0.6774686083604884f,-0.033340863255885575f,1.2484289542527953f,-0.05288780133142584f,0.10622928934242723f,-0.9929341461326285f,-0.07323396355956803f,0.676223490383817f,-0.727840382757035f,-0.11388664663261372f,0.8056708338539753f,0f,0f,0f,1f], start_interpolation: 0, interpolation_duration: 1 }
$data merge entity $(bone_leftarm) { transformation: [-0.7347956665110754f,-0.6774686083604884f,-0.033340863255885575f,0.7499999999999999f,-0.05288780133142584f,0.10622928934242723f,-0.9929341461326285f,-0.0006593333629591747f,0.676223490383817f,-0.727840382757035f,-0.11388664663261372f,0.593233488704187f,0f,0f,0f,1f], start_interpolation: 0, interpolation_duration: 1 }
$data merge entity $(bone_rightthumb2) { transformation: [-0.5766606710135631f,-0.620838090328364f,-0.5310579404392863f,-0.7099323769599355f,0.6349447026950651f,0.06847287700011889f,-0.7695171795579369f,-0.014649256079431128f,0.514108641267254f,-0.7809427192264208f,0.3547122414881973f,1.730440763926322f,0f,0f,0f,1f], start_interpolation: 0, interpolation_duration: 1 }
$data merge entity $(bone_rightthumb) { transformation: [-0.5766606710135631f,-0.620838090328364f,-0.5310579404392863f,-0.9075711462723797f,0.6349447026950651f,0.06847287700011889f,-0.7695171795579369f,-0.06361781091380185f,0.514108641267254f,-0.7809427192264208f,0.3547122414881973f,1.5692332404834142f,0f,0f,0f,1f], start_interpolation: 0, interpolation_duration: 1 }
$data merge entity $(bone_rightpointerfinger) { transformation: [-0.8467594946073678f,-0.031238152772817218f,-0.5310579404392863f,-0.8194617468065015f,0.49739134060829326f,-0.40055606930002047f,-0.7695171795579369f,-0.030723782756152396f,-0.18868018597658676f,-0.9157395989899415f,0.3547122414881973f,1.9046564429268635f,0f,0f,0f,1f], start_interpolation: 0, interpolation_duration: 1 }
$data merge entity $(bone_rightmidfinger) { transformation: [-0.8467594946073678f,-0.031238152772817218f,-0.5310579404392863f,-0.90243955000014f,0.49739134060829326f,-0.40055606930002047f,-0.7695171795579369f,-0.15096084206208002f,-0.18868018597658676f,-0.9157395989899415f,0.3547122414881973f,1.9600802306593943f,0f,0f,0f,1f], start_interpolation: 0, interpolation_duration: 1 }
$data merge entity $(bone_rightringfinger) { transformation: [-0.8467594946073678f,-0.031238152772817218f,-0.5310579404392863f,-0.9854173531937784f,0.49739134060829326f,-0.40055606930002047f,-0.7695171795579369f,-0.27119790136800764f,-0.18868018597658676f,-0.9157395989899415f,0.3547122414881973f,2.0155040183919253f,0f,0f,0f,1f], start_interpolation: 0, interpolation_duration: 1 }
$data merge entity $(bone_hugeasssword) { transformation: [-0.00002258587628136456f,-0.000024316158537860925f,-0.00002079976933387205f,-0.8394365189678312f,0.000024868667522223386f,0.000002681854349171324f,-0.0000301394228660192f,-0.31567150150203377f,0.00002013592178296745f,-0.000030586923169701485f,0.000013892896124954396f,1.6530301504677452f,0f,0f,0f,1f], start_interpolation: 0, interpolation_duration: 1 }
$data merge entity $(bone_ice) { transformation: [-0.5766606710135631f,-0.620838090328364f,-0.5310579404392863f,-0.8207256008218635f,0.6349447026950651f,0.06847287700011889f,-0.7695171795579369f,-0.3266624011847711f,0.514108641267254f,-0.7809427192264208f,0.3547122414881973f,1.6571994329358573f,0f,0f,0f,1f], start_interpolation: 0, interpolation_duration: 1 }
$data merge entity $(bone_righthand1) { transformation: [-0.5766606710135631f,-0.620838090328364f,-0.5310579404392863f,-1.136695851796073f,0.6349447026950651f,0.06847287700011889f,-0.7695171795579369f,-0.17485541812216057f,0.514108641267254f,-0.7809427192264208f,0.3547122414881973f,1.6015756709925717f,0f,0f,0f,1f], start_interpolation: 0, interpolation_duration: 1 }
$data merge entity $(bone_rightforearm) { transformation: [-0.9071424705662889f,-0.41958638392704556f,0.032246000029694216f,-1.3755249673348477f,-0.0764211714080884f,0.08890002930141834f,-0.9931045208591202f,-0.09205400366817153f,0.41382646442138604f,-0.9033515656781874f,-0.11271027518049292f,0.9423035453984547f,0f,0f,0f,1f], start_interpolation: 0, interpolation_duration: 1 }
$data merge entity $(bone_rightelbow) { transformation: [-0.7347956665110752f,0.6775216040530586f,0.032246000029694216f,-1.2484896665748992f,0.05288780133142593f,0.10462452446489348f,-0.9931045208591202f,-0.072436905331004f,-0.6762234903838171f,-0.7280234782765356f,-0.11271027518049292f,0.8057991432216043f,0f,0f,0f,1f], start_interpolation: 0, interpolation_duration: 1 }
$data merge entity $(bone_rightarm) { transformation: [-0.7347956665110752f,0.6775216040530586f,0.032246000029694216f,-0.7500000000000001f,0.05288780133142593f,0.10462452446489348f,-0.9931045208591202f,-0.0006593333629591747f,-0.6762234903838171f,-0.7280234782765356f,-0.11271027518049292f,0.5932334887041869f,0f,0f,0f,1f], start_interpolation: 0, interpolation_duration: 1 }
$data merge entity $(bone_chest1) { transformation: [-1.0833333333333333f,-1.265296945278589e-16f,3.9894659441861674e-17f,-0.0023231250000000504f,0f,0.3257646161296293f,1.0331933633105792f,0.056112367731144225f,-1.3267006990762992e-16f,1.0331933633105792f,-0.3257646161296293f,0.4072535660158413f,0f,0f,0f,1f], start_interpolation: 0, interpolation_duration: 1 }
$data merge entity $(bone_chest1lid) { transformation: [-1f,-9.600131552794464e-17f,7.603515794369465e-17f,-0.34374999999999994f,0f,0.6208741818182459f,0.7839102310542476f,-0.4725864343560704f,-1.2246467991473532e-16f,0.7839102310542476f,-0.6208741818182459f,-0.15342398233123705f,0f,0f,0f,1f], start_interpolation: 0, interpolation_duration: 1 }
$data merge entity $(bone_chest2) { transformation: [-1f,-9.600131552794464e-17f,7.603515794369465e-17f,-0.34374999999999994f,0f,0.6208741818182459f,0.7839102310542476f,-0.5695980252651713f,-1.2246467991473532e-16f,0.7839102310542476f,-0.6208741818182459f,-0.27590995593346324f,0f,0f,0f,1f], start_interpolation: 0, interpolation_duration: 1 }
$data merge entity $(bone_chest1lid3) { transformation: [-1f,-1.1357876116082065e-16f,4.579806589575409e-17f,-0.28124999999999994f,0f,0.37396958802848695f,0.9274409669783861f,0.0998096444373627f,-1.2246467991473532e-16f,0.9274409669783861f,-0.37396958802848695f,-0.3236369576505154f,0f,0f,0f,1f], start_interpolation: 0, interpolation_duration: 1 }
$data merge entity $(bone_chest3) { transformation: [-1f,-1.1357876116082065e-16f,4.579806589575409e-17f,-0.28124999999999994f,0f,0.37396958802848695f,0.9274409669783861f,0.04137689630791161f,-1.2246467991473532e-16f,0.9274409669783861f,-0.37396958802848695f,-0.46854960874088825f,0f,0f,0f,1f], start_interpolation: 0, interpolation_duration: 1 }
$data merge entity $(bone_hugeasssword2) { transformation: [-1.4487465919166744e-15f,1.655254858484406f,-3.549705499226879f,-1.734375f,-3.735391390430555f,1.0674170301497339f,0.49774473560388766f,0.42746244492643987f,1.177764381391737f,3.385414304776872f,1.5786446163449348f,0.7039962242216998f,0f,0f,0f,1f], start_interpolation: 0, interpolation_duration: 1 }
$data merge entity $(bone_belt) { transformation: [-1f,-1.16796641102639e-16f,3.6825839484795395e-17f,0.02970562499999999f,0f,0.30070579950427323f,0.9537169507482269f,-0.18851170653071275f,-1.2246467991473532e-16f,0.9537169507482269f,-0.30070579950427323f,0.06672263394390801f,0f,0f,0f,1f], start_interpolation: 0, interpolation_duration: 1 }
$data merge entity $(bone_torn_part) { transformation: [-1f,-1.224646799147353e-16f,1.8488927466117464e-32f,-0.09374999999999997f,0f,1.6653345369377348e-16f,1f,-0.26928167905013073f,-1.2246467991473532e-16f,1f,-1.6653345369377348e-16f,-0.20676666037237534f,0f,0f,0f,1f], start_interpolation: 0, interpolation_duration: 1 }
$data merge entity $(bone_lowerbody) { transformation: [-1f,-1.16796641102639e-16f,3.6825839484795395e-17f,0.003906250000000077f,0f,0.30070579950427323f,0.9537169507482269f,-0.5502271289132961f,-1.2246467991473532e-16f,0.9537169507482269f,-0.30070579950427323f,-0.6301620121746196f,0f,0f,0f,1f], start_interpolation: 0, interpolation_duration: 1 }
$data merge entity $(bone_leftfoot) { transformation: [-1f,-3.682583948479538e-17f,-1.1679664110263897e-16f,0.2812500000000002f,0f,-0.9537169507482267f,0.30070579950427323f,0.723958513122141f,-1.2246467991473532e-16f,0.30070579950427323f,0.9537169507482267f,-2.326545152582775f,0f,0f,0f,1f], start_interpolation: 0, interpolation_duration: 1 }
$data merge entity $(bone_leftlowerleg) { transformation: [-1f,-7.871877887341985e-17f,-9.38133875270273e-17f,0.28125000000000017f,0f,-0.7660444431189779f,0.6427876096865394f,-0.22463354499551944f,-1.2246467991473532e-16f,0.6427876096865394f,0.7660444431189779f,-1.731152025327563f,0f,0f,0f,1f], start_interpolation: 0, interpolation_duration: 1 }
$data merge entity $(bone_leftleg) { transformation: [-1f,-1.21998664834562e-16f,-1.0673500138322952e-17f,0.25000000000000006f,0f,-0.08715574274765803f,0.9961946980917455f,-0.3431792994682741f,-1.2246467991473532e-16f,0.9961946980917455f,0.08715574274765803f,-0.6749648575632502f,0f,0f,0f,1f], start_interpolation: 0, interpolation_duration: 1 }
$data merge entity $(bone_rightfoot) { transformation: [-1f,-9.265858720262445e-17f,8.007486524641932e-17f,-0.2812499999999998f,0f,0.6538608952570697f,0.7566147828674927f,-1.7406734924827687f,-1.2246467991473532e-16f,0.7566147828674927f,-0.6538608952570697f,-1.8577397903965642f,0f,0f,0f,1f], start_interpolation: 0, interpolation_duration: 1 }
$data merge entity $(bone_rightlowerleg) { transformation: [-1f,-1.1381224708398953e-16f,4.521471265320051e-17f,-0.2812499999999999f,0f,0.3692061473126844f,0.9293475242268224f,-1.4738756040097922f,-1.2246467991473532e-16f,0.9293475242268224f,-0.3692061473126844f,-0.7700179714497337f,0f,0f,0f,1f], start_interpolation: 0, interpolation_duration: 1 }
$data merge entity $(bone_rightleg) { transformation: [-1f,-1.067350013832297e-17f,1.21998664834562e-16f,-0.24999999999999992f,0f,0.9961946980917455f,0.0871557427476582f,-0.41768843624547936f,-1.2246467991473532e-16f,0.0871557427476582f,-0.9961946980917455f,-0.6514722169769789f,0f,0f,0f,1f], start_interpolation: 0, interpolation_duration: 1 }
data modify entity @s data merge value {"locators":{"lefthand":{"posx":0.8509422739669372,"posy":-0.31007995959254847,"posz":1.7826602453683953,"roty":123.7091164236563,"rotx":-50.40040234000631},"righthand":{"posx":-0.8567891632486406,"posy":-0.25618251807964276,"posz":1.712056969269322,"roty":236.25964763771543,"rotx":-50.310551777141804},"chest":{"posx":-0.37499999999999994,"posy":-0.6338770443219369,"posz":-0.10540678086302657,"roty":0,"rotx":51.620000000000005},"sack":{"posx":0,"posy":-0.4375,"posz":0,"roty":0,"rotx":0}},"cameras":{}}