# This file was generated by Animated Java via MC-Build. It is not recommended to edit this file directly.
$data merge entity $(bone_nose) { transformation: [-0.9967373507350403f,-0.07834444161299926f,-0.019411391450405033f,-0.18456213491189563f,-0.08004283626918432f,0.9903814141727313f,0.11286185725569699f,4.050545898718905f,0.010382582129608985f,0.1140473714277015f,-0.9934210582923808f,0.4314578199340774f,0f,0f,0f,1f], start_interpolation: 0, interpolation_duration: 1 }
$data merge entity $(bone_glowing_eye) { transformation: [-0.9967373507350403f,-0.07834444161299926f,-0.019411391450405033f,-0.31378148636278236f,-0.08004283626918432f,0.9903814141727313f,0.11286185725569699f,4.103659027726143f,0.010382582129608985f,0.1140473714277015f,-0.9934210582923808f,0.4751436250981009f,0f,0f,0f,1f], start_interpolation: 0, interpolation_duration: 1 }
$data merge entity $(bone_head) { transformation: [-0.9967373507350403f,-0.07834444161299926f,-0.019411391450405033f,-0.17852328819394814f,-0.08004283626918432f,0.9903814141727313f,0.11286185725569699f,3.949390643719191f,0.010382582129608985f,0.1140473714277015f,-0.9934210582923808f,0.23135254663768082f,0f,0f,0f,1f], start_interpolation: 0, interpolation_duration: 1 }
$data merge entity $(bone_leftthumb2) { transformation: [0.37680620118135527f,0.9244949713744323f,0.05767265083784898f,-0.447728902231066f,-0.8728583318733419f,0.3752218549058018f,-0.311972582257378f,3.482106121686052f,-0.3100571225283548f,0.06721314978810208f,0.9483390602864568f,0.6284404338291267f,0f,0f,0f,1f], start_interpolation: 0, interpolation_duration: 1 }
$data merge entity $(bone_leftthumb) { transformation: [0.37680620118135527f,0.9244949713744323f,0.05767265083784898f,-0.21607488365479627f,-0.8728583318733419f,0.3752218549058018f,-0.311972582257378f,3.547466070489528f,-0.3100571225283548f,0.06721314978810208f,0.9483390602864568f,0.7259666399604652f,0f,0f,0f,1f], start_interpolation: 0, interpolation_duration: 1 }
$data merge entity $(bone_leftpointerfinger) { transformation: [0.37680620118135527f,0.9244949713744323f,0.05767265083784898f,-0.5579345688832185f,-0.8728583318733419f,0.3752218549058018f,-0.311972582257378f,3.5051915646038942f,-0.3100571225283548f,0.06721314978810208f,0.9483390602864568f,0.7822782164137105f,0f,0f,0f,1f], start_interpolation: 0, interpolation_duration: 1 }
$data merge entity $(bone_leftmidfinger) { transformation: [0.37680620118135527f,0.9244949713744323f,0.05767265083784898f,-0.5489232171898045f,-0.8728583318733419f,0.3752218549058018f,-0.311972582257378f,3.456445848626179f,-0.3100571225283548f,0.06721314978810208f,0.9483390602864568f,0.9304561945834694f,0f,0f,0f,1f], start_interpolation: 0, interpolation_duration: 1 }
$data merge entity $(bone_leftringfinger) { transformation: [0.37680620118135527f,0.9244949713744323f,0.05767265083784898f,-0.5399118654963907f,-0.8728583318733419f,0.3752218549058018f,-0.311972582257378f,3.4077001326484635f,-0.3100571225283548f,0.06721314978810208f,0.9483390602864568f,1.0786341727532283f,0f,0f,0f,1f], start_interpolation: 0, interpolation_duration: 1 }
$data merge entity $(bone_invisibility) { transformation: [0.9260034916156884f,0.02312185690705207f,-0.3768062011813551f,-0.38796903900631863f,0.3466038203417631f,0.3434881718542601f,0.8728583318733416f,3.3923196609535076f,0.1496105786368358f,-0.9388723318584845f,0.310057122528355f,0.7018583485637659f,0f,0f,0f,1f], start_interpolation: 0, interpolation_duration: 1 }
$data merge entity $(bone_swiftness) { transformation: [0.05767265083784906f,0.9244949713744323f,-0.37680620118135527f,-0.48272239247405835f,-0.3119725822573782f,0.3752218549058018f,0.8728583318733418f,3.237552241150951f,0.9483390602864566f,0.06721314978810208f,0.31005712252835504f,0.8544213837944803f,0f,0f,0f,1f], start_interpolation: 0, interpolation_duration: 1 }
$data merge entity $(bone_suspicious_stew) { transformation: [0.8622505070799429f,0.3384392852368918f,-0.37680620118135527f,-0.4204911187573984f,0.20822117854309372f,0.4413187887292045f,0.8728583318733422f,3.3162362773315395f,0.46170120624328853f,-0.8310815705590698f,0.3100571225283549f,0.8765213059711594f,0f,0f,0f,1f], start_interpolation: 0, interpolation_duration: 1 }
$data merge entity $(bone_log) { transformation: [0.37680620118135527f,0.9244949713744323f,0.05767265083784898f,-0.2669002604668182f,-0.8728583318733419f,0.3752218549058018f,-0.311972582257378f,3.2666848257883245f,-0.3100571225283548f,0.06721314978810208f,0.9483390602864568f,0.9003084879085665f,0f,0f,0f,1f], start_interpolation: 0, interpolation_duration: 1 }
$data merge entity $(bone_planks) { transformation: [0.37680620118135527f,0.9244949713744323f,0.05767265083784898f,-0.23157467910606616f,-0.8728583318733419f,0.3752218549058018f,-0.311972582257378f,3.1848543571751984f,-0.3100571225283548f,0.06721314978810208f,0.9483390602864568f,0.8712406326715332f,0f,0f,0f,1f], start_interpolation: 0, interpolation_duration: 1 }
$data merge entity $(bone_lefthand1) { transformation: [0.37680620118135527f,0.9244949713744323f,0.05767265083784898f,-0.13178033825723168f,-0.8728583318733419f,0.3752218549058018f,-0.311972582257378f,3.5884540156786535f,-0.3100571225283548f,0.06721314978810208f,0.9483390602864568f,0.9649904603537289f,0f,0f,0f,1f], start_interpolation: 0, interpolation_duration: 1 }
$data merge entity $(bone_leftforearm) { transformation: [0.21474452336701144f,0.9353618667100518f,0.28103908622923457f,0.5421951915727232f,-0.9478596038918335f,0.26897115447892483f,-0.17092890150086082f,3.725250357385926f,-0.2354717838593232f,-0.22967955146891578f,0.9443518108433672f,0.7729959181237603f,0f,0f,0f,1f], start_interpolation: 0, interpolation_duration: 1 }
$data merge entity $(bone_leftelbow) { transformation: [0.21474452336701144f,0.9353618667100518f,0.28103908622923457f,0.7175755415808579f,-0.9478596038918335f,0.26897115447892483f,-0.17092890150086082f,3.7756824488507243f,-0.2354717838593232f,-0.22967955146891578f,0.9443518108433672f,0.7299310022233386f,0f,0f,0f,1f], start_interpolation: 0, interpolation_duration: 1 }
$data merge entity $(bone_leftarm) { transformation: [0.19830275329273073f,-0.28499204438250697f,0.9377929156669943f,0.5272235189049141f,-0.9712066834906906f,0.07175705955096298f,0.22717504781030198f,3.55608935709219f,-0.1320363434041396f,-0.955840184886197f,-0.26255655576881975f,0.33986635636998863f,0f,0f,0f,1f], start_interpolation: 0, interpolation_duration: 1 }
$data merge entity $(bone_rightthumb2) { transformation: [-0.2219896959331758f,-0.5959543404298626f,-0.7717246912094394f,0.01424509328967008f,0.7119984889312815f,-0.6398220894130364f,0.28928505951519345f,4.121796656919724f,-0.666167191220844f,-0.48524851161229215f,0.5663525009382298f,0.7754797886496382f,0f,0f,0f,1f], start_interpolation: 0, interpolation_duration: 1 }
$data merge entity $(bone_rightthumb) { transformation: [-0.2219896959331758f,-0.5959543404298626f,-0.7717246912094394f,-0.19785790184223118f,0.7119984889312815f,-0.6398220894130364f,0.28928505951519345f,3.9896066661303666f,-0.666167191220844f,-0.48524851161229215f,0.5663525009382298f,0.7048752993894893f,0f,0f,0f,1f], start_interpolation: 0, interpolation_duration: 1 }
$data merge entity $(bone_rightpointerfinger) { transformation: [-0.2219896959331758f,-0.5959543404298626f,-0.7717246912094394f,-0.06276510178181607f,0.7119984889312815f,-0.6398220894130364f,0.28928505951519345f,4.290983361110653f,-0.666167191220844f,-0.48524851161229215f,0.5663525009382298f,0.8177832042039724f,0f,0f,0f,1f], start_interpolation: 0, interpolation_duration: 1 }
$data merge entity $(bone_rightmidfinger) { transformation: [-0.2219896959331758f,-0.5959543404298626f,-0.7717246912094394f,-0.18334708478329098f,0.7119984889312815f,-0.6398220894130364f,0.28928505951519345f,4.336184151659902f,-0.666167191220844f,-0.48524851161229215f,0.5663525009382298f,0.9062757824755708f,0f,0f,0f,1f], start_interpolation: 0, interpolation_duration: 1 }
$data merge entity $(bone_rightringfinger) { transformation: [-0.2219896959331758f,-0.5959543404298626f,-0.7717246912094394f,-0.3039290677847659f,0.7119984889312815f,-0.6398220894130364f,0.28928505951519345f,4.381384942209151f,-0.666167191220844f,-0.48524851161229215f,0.5663525009382298f,0.9947683607471692f,0f,0f,0f,1f], start_interpolation: 0, interpolation_duration: 1 }
$data merge entity $(bone_hugeasssword) { transformation: [-0.8694596424049387f,-2.334154500016962f,-3.022588373903638f,-0.2333760989007095f,2.788660748314186f,-2.5059698502010597f,1.1330331497678412f,4.012575612070583f,-2.6091548322816394f,-1.9005566704814778f,2.2182139620080665f,0.9758110808952007f,0f,0f,0f,1f], start_interpolation: 0, interpolation_duration: 1 }
$data merge entity $(bone_ice) { transformation: [-0.2219896959331758f,-0.5959543404298626f,-0.7717246912094394f,-0.22059572333253705f,0.7119984889312815f,-0.6398220894130364f,0.28928505951519345f,4.011447855828109f,-0.666167191220844f,-0.48524851161229215f,0.5663525009382298f,0.9938019512519686f,0f,0f,0f,1f], start_interpolation: 0, interpolation_duration: 1 }
$data merge entity $(bone_righthand1) { transformation: [-0.2219896959331758f,-0.5959543404298626f,-0.7717246912094394f,-0.44919812902359163f,0.7119984889312815f,-0.6398220894130364f,0.28928505951519345f,4.038532113817521f,-0.666167191220844f,-0.48524851161229215f,0.5663525009382298f,0.7236465411980042f,0f,0f,0f,1f], start_interpolation: 0, interpolation_duration: 1 }
$data merge entity $(bone_rightforearm) { transformation: [0.4462169641120837f,-0.6418337700228938f,-0.6236504089606577f,-0.9186492650808414f,0.668545602706279f,-0.22419601750774523f,0.7090718742382647f,3.8243495712734337f,-0.5949262122656002f,-0.7333386375964839f,0.32905507831887326f,0.24222804455111335f,0f,0f,0f,1f], start_interpolation: 0, interpolation_duration: 1 }
$data merge entity $(bone_rightelbow) { transformation: [0.4462169641120837f,-0.6418337700228938f,-0.6236504089606577f,-1.038993096960134f,0.668545602706279f,-0.22419601750774523f,0.7090718742382647f,3.7823128179907313f,-0.5949262122656002f,-0.7333386375964839f,0.32905507831887326f,0.10472705000177263f,0f,0f,0f,1f], start_interpolation: 0, interpolation_duration: 1 }
$data merge entity $(bone_rightarm) { transformation: [0.46945034068380864f,0.7107143016688885f,-0.5239289637299704f,-0.823717390190313f,0.604968397828559f,-0.6911150658187113f,-0.39544051819097237f,3.428925219304895f,-0.6431404319902481f,-0.13132077977876364f,-0.7544038954947774f,0.2780413355764637f,0f,0f,0f,1f], start_interpolation: 0, interpolation_duration: 1 }
$data merge entity $(bone_chest1) { transformation: [-1.0633128962098726f,-0.2010200770291459f,0.050672719446267465f,-0.0782645195938965f,-0.1938979720235417f,1.0580545276344704f,0.1285896734130164f,3.314772409916203f,-0.07335102119290324f,0.11714374202024026f,-1.0744803779067187f,0.07678978505713317f,0f,0f,0f,1f], start_interpolation: 0, interpolation_duration: 1 }
$data merge entity $(bone_chest1lid) { transformation: [-0.981519596501421f,-0.18555699418075008f,0.04677481795040074f,-0.30486676900501497f,-0.1789827434063462f,0.9766657178164343f,0.11869816007355359f,2.5397124269168456f,-0.0677086349472953f,0.10813268494176025f,-0.9918280411446634f,0.3678905506442484f,0f,0f,0f,1f], start_interpolation: 0, interpolation_duration: 1 }
$data merge entity $(bone_chest2) { transformation: [-0.981519596501421f,-0.18555699418075008f,0.04677481795040074f,-0.27587348866427275f,-0.1789827434063462f,0.9766657178164343f,0.11869816007355359f,2.387108408508028f,-0.0677086349472953f,0.10813268494176025f,-0.9918280411446634f,0.35099481862209836f,0f,0f,0f,1f], start_interpolation: 0, interpolation_duration: 1 }
$data merge entity $(bone_chest1lid3) { transformation: [-0.981519596501421f,-0.18555699418075008f,0.04677481795040074f,-0.21355667647420068f,-0.1789827434063462f,0.9766657178164343f,0.11869816007355359f,2.626939857176863f,-0.0677086349472953f,0.10813268494176025f,-0.9918280411446634f,-0.2632674985298456f,0f,0f,0f,1f], start_interpolation: 0, interpolation_duration: 1 }
$data merge entity $(bone_chest3) { transformation: [-0.981519596501421f,-0.18555699418075008f,0.04677481795040074f,-0.18456339613345848f,-0.1789827434063462f,0.9766657178164343f,0.11869816007355359f,2.474335838768045f,-0.0677086349472953f,0.10813268494176025f,-0.9918280411446634f,-0.28016323055199566f,0f,0f,0f,1f], start_interpolation: 0, interpolation_duration: 1 }
$data merge entity $(bone_hugeasssword2) { transformation: [-0.18320137030573713f,2.3433090248235833f,-3.132988645028294f,-1.4904573933799006f,-0.46490112695475155f,3.1011607189018555f,2.3466884998810786f,4.258929005842889f,3.8846598278165985f,0.4816459150644309f,0.13309024166874345f,-0.1439299664955014f,0f,0f,0f,1f], start_interpolation: 0, interpolation_duration: 1 }
$data merge entity $(bone_belt) { transformation: [-0.981519596501421f,-0.18555699418075008f,0.04677481795040074f,0.02096230306781425f,-0.1789827434063462f,0.9766657178164343f,0.11869816007355359f,2.91593186218223f,-0.0677086349472953f,0.10813268494176025f,-0.9918280411446634f,0.1657186857617893f,0f,0f,0f,1f], start_interpolation: 0, interpolation_duration: 1 }
$data merge entity $(bone_torn_part) { transformation: [-0.9866720785226814f,-0.14439835272421198f,-0.07501549969350246f,-0.0527506748276641f,-0.15975599333112553f,0.9472223405585334f,0.2779349926540365f,2.6128316864358863f,0.03092300209418851f,0.2862148725649105f,-0.957666337856842f,0.14617237097591493f,0f,0f,0f,1f], start_interpolation: 0, interpolation_duration: 1 }
$data merge entity $(bone_lowerbody) { transformation: [-0.9866720785226814f,-0.16027275246374958f,-0.028122131523507524f,0.12581687499999997f,-0.15975599333112553f,0.9869586664943293f,-0.019763937525724074f,2.14929875f,0.03092300209418851f,-0.01500784626217209f,-0.9994090916596936f,0.29102249999999996f,0f,0f,0f,1f], start_interpolation: 0, interpolation_duration: 1 }
$data merge entity $(bone_leftfoot) { transformation: [-0.8986799166176402f,-0.19169150250327932f,-0.39449813096660746f,1.0069395938413728f,-0.24464990462130318f,0.9655985234438296f,0.08812443300177103f,0.27340680172577536f,0.36403410779334755f,0.1757095882162712f,-0.9146613083387587f,0.1654808986653194f,0f,0f,0f,1f], start_interpolation: 0, interpolation_duration: 1 }
$data merge entity $(bone_leftlowerleg) { transformation: [-0.8986799166176402f,-0.19169150250327932f,-0.39449813096660746f,0.8548947451454936f,-0.24464990462130318f,0.9655985234438296f,0.08812443300177103f,1.3310777300849461f,0.36403410779334755f,0.1757095882162712f,-0.9146613083387587f,0.5009424314757716f,0f,0f,0f,1f], start_interpolation: 0, interpolation_duration: 1 }
$data merge entity $(bone_leftleg) { transformation: [-0.8660410438222598f,-0.45875463984040316f,-0.19878906116824652f,0.34976268928834997f,-0.3068705133683308f,0.8016294986629422f,-0.5130503239434289f,2.167889951130552f,0.39471939202464823f,-0.3833201368286073f,-0.8350223196186973f,0.12677257805183878f,0f,0f,0f,1f], start_interpolation: 0, interpolation_duration: 1 }
$data merge entity $(bone_rightfoot) { transformation: [-0.9742265574826735f,-0.012044107617509826f,0.2252499815031219f,-0.05017125791857809f,0.09978957350532222f,0.8725341362781183f,0.4782533032285553f,0.233438990108634f,-0.20229843231000288f,0.48840466879535077f,-0.8488440515099456f,-0.16156933036937915f,0f,0f,0f,1f], start_interpolation: 0, interpolation_duration: 1 }
$data merge entity $(bone_rightlowerleg) { transformation: [-0.9742265574826735f,-0.012044107617509826f,0.2252499815031219f,-0.09814136399603866f,0.09978957350532222f,0.8725341362781183f,0.4782533032285553f,1.1279250198593056f,-0.20229843231000288f,0.48840466879535077f,-0.8488440515099456f,0.5106757738972408f,0f,0f,0f,1f], start_interpolation: 0, interpolation_duration: 1 }
$data merge entity $(bone_rightleg) { transformation: [-0.9954241432807107f,-0.04844912841361976f,0.0823617443345134f,-0.12504188023347468f,-0.07556074641527104f,0.9267152286083618f,-0.3680889276608563f,2.1006395737847585f,-0.0584922950056696f,-0.3726279203459029f,-0.9261355648087688f,0.13176280062447568f,0f,0f,0f,1f], start_interpolation: 0, interpolation_duration: 1 }
data modify entity @s data merge value {"locators":{"lefthand":{"posx":-0.3753531466355391,"posy":3.324075658584706,"posz":0.9093075180014284,"roty":176.5198788185586,"rotx":-18.17814773909582},"righthand":{"posx":-0.22003727245690818,"posy":4.083674855257571,"posz":0.9300815272417966,"roty":233.72583876824467,"rotx":16.815158425354728},"chest":{"posx":-0.3312505095641376,"posy":2.4545310213103777,"posz":0.513989494422139,"roty":2.7000803998214167,"rotx":6.8169756597676585},"sack":{"posx":0,"posy":-0.4375,"posz":0,"roty":0,"rotx":0}},"cameras":{}}