# This file was generated by Animated Java via MC-Build. It is not recommended to edit this file directly.
$data merge entity $(bone_nose) { transformation: [-0.9966195072602263f,-0.061695920888603796f,0.05425100085796357f,-0.0156993018094056f,-0.05815659869162195f,0.9962176148041498f,0.06456217145164911f,4.232136060167653f,-0.058029025297735765f,0.06118886581427735f,-0.9964379333020984f,0.6366485682941865f,0f,0f,0f,1f], start_interpolation: 0, interpolation_duration: 1 }
$data merge entity $(bone_glowing_eye) { transformation: [-0.9966195072602263f,-0.061695920888603796f,0.05425100085796357f,-0.14634717792226376f,-0.05815659869162195f,0.9962176148041498f,0.06456217145164911f,4.290065574797398f,-0.058029025297735765f,0.06118886581427735f,-0.9964379333020984f,0.6683092479634158f,0f,0f,0f,1f], start_interpolation: 0, interpolation_duration: 1 }
$data merge entity $(bone_head) { transformation: [-0.9966195072602263f,-0.061695920888603796f,0.05425100085796357f,0.0020774888678243703f,-0.05815659869162195f,0.9962176148041498f,0.06456217145164911f,4.121215811686861f,-0.058029025297735765f,0.06118886581427735f,-0.9964379333020984f,0.44250517315816074f,0f,0f,0f,1f], start_interpolation: 0, interpolation_duration: 1 }
$data merge entity $(bone_leftthumb2) { transformation: [0.2274169865798051f,0.9513017866957247f,-0.2081019578103065f,-0.3913465000581495f,-0.9728835402719627f,0.2126985077554701f,-0.09086782635503234f,3.77841076728386f,-0.042179749677454956f,0.22312385669873608f,0.9738771037913506f,0.47122026381348353f,0f,0f,0f,1f], start_interpolation: 0, interpolation_duration: 1 }
$data merge entity $(bone_leftthumb) { transformation: [0.2274169865798051f,0.9513017866957247f,-0.2081019578103065f,-0.1758307446939975f,-0.9728835402719627f,0.2126985077554701f,-0.09086782635503234f,3.8228081438013457f,-0.042179749677454956f,0.22312385669873608f,0.9738771037913506f,0.6091648188371727f,0f,0f,0f,1f], start_interpolation: 0, interpolation_duration: 1 }
$data merge entity $(bone_leftpointerfinger) { transformation: [0.2274169865798051f,0.9513017866957247f,-0.2081019578103065f,-0.5226051556330564f,-0.9728835402719627f,0.2126985077554701f,-0.09086782635503234f,3.8551661538009356f,-0.042179749677454956f,0.22312385669873608f,0.9738771037913506f,0.5862162027190911f,0f,0f,0f,1f], start_interpolation: 0, interpolation_duration: 1 }
$data merge entity $(bone_leftmidfinger) { transformation: [0.2274169865798051f,0.9513017866957247f,-0.2081019578103065f,-0.5551210865409169f,-0.9728835402719627f,0.2126985077554701f,-0.09086782635503234f,3.840968055932962f,-0.042179749677454956f,0.22312385669873608f,0.9738771037913506f,0.7383845001864896f,0f,0f,0f,1f], start_interpolation: 0, interpolation_duration: 1 }
$data merge entity $(bone_leftringfinger) { transformation: [0.2274169865798051f,0.9513017866957247f,-0.2081019578103065f,-0.5876370174487773f,-0.9728835402719627f,0.2126985077554701f,-0.09086782635503234f,3.826769958064988f,-0.042179749677454956f,0.22312385669873608f,0.9738771037913506f,0.8905527976538882f,0f,0f,0f,1f], start_interpolation: 0, interpolation_duration: 1 }
$data merge entity $(bone_invisibility) { transformation: [0.9295445154912864f,0.2902214808297796f,-0.22741698657980505f,-0.3694126515479261f,0.20396947282018701f,0.10905994326675117f,0.9728835402719624f,3.698854008859292f,0.3071537853869365f,-0.9507246819345874f,0.04217974967745518f,0.5722780119875129f,0f,0f,0f,1f], start_interpolation: 0, interpolation_duration: 1 }
$data merge entity $(bone_swiftness) { transformation: [-0.20810195781030644f,0.9513017866957247f,-0.22741698657980516f,-0.5254094964344508f,-0.09086782635503256f,0.2126985077554701f,0.9728835402719627f,3.602342509141887f,0.9738771037913506f,0.22312385669873608f,0.04217974967745517f,0.722468380361381f,0f,0f,0f,1f], start_interpolation: 0, interpolation_duration: 1 }
$data merge entity $(bone_suspicious_stew) { transformation: [0.7742245294295854f,0.590641932345222f,-0.22741698657980505f,-0.45302403988872064f,0.15436791104753836f,0.17224449223911747f,0.9728835402719629f,3.6718460488666858f,0.6137971375530815f,-0.7883361863119003f,0.04217974967745499f,0.7444210381656379f,0f,0f,0f,1f], start_interpolation: 0, interpolation_duration: 1 }
$data merge entity $(bone_log) { transformation: [0.2274169865798051f,0.9513017866957247f,-0.2081019578103065f,-0.32254575333225644f,-0.9728835402719627f,0.2126985077554701f,-0.09086782635503234f,3.6029661010752307f,-0.042179749677454956f,0.22312385669873608f,0.9738771037913506f,0.8140076579609381f,0f,0f,0f,1f], start_interpolation: 0, interpolation_duration: 1 }
$data merge entity $(bone_planks) { transformation: [0.2274169865798051f,0.9513017866957247f,-0.2081019578103065f,-0.30122541084039967f,-0.9728835402719627f,0.2126985077554701f,-0.09086782635503234f,3.5117582691747344f,-0.042179749677454956f,0.22312385669873608f,0.9738771037913506f,0.8100533064286766f,0f,0f,0f,1f], start_interpolation: 0, interpolation_duration: 1 }
$data merge entity $(bone_lefthand1) { transformation: [0.2274169865798051f,0.9513017866957247f,-0.2081019578103065f,-0.13507136712170442f,-0.9728835402719627f,0.2126985077554701f,-0.09086782635503234f,3.902201232655684f,-0.042179749677454956f,0.22312385669873608f,0.9738771037913506f,0.8498999000615061f,0f,0f,0f,1f], start_interpolation: 0, interpolation_duration: 1 }
$data merge entity $(bone_leftforearm) { transformation: [0.06685745487293275f,0.9959029039277678f,-0.06088913430286948f,0.5752435237864567f,-0.9934820643705993f,0.06079987161055596f,-0.09641972508813818f,3.8837380270775577f,-0.09232263266310133f,0.06693864026389425f,0.9934765975793164f,0.8758990708709213f,0f,0f,0f,1f], start_interpolation: 0, interpolation_duration: 1 }
$data merge entity $(bone_leftelbow) { transformation: [0.06685745487293275f,0.9959029039277678f,-0.06088913430286948f,0.7619753182729132f,-0.9934820643705993f,0.06079987161055596f,-0.09641972508813818f,3.895138003004537f,-0.09232263266310133f,0.06693864026389425f,0.9934765975793164f,0.8884500659204015f,0f,0f,0f,1f], start_interpolation: 0, interpolation_duration: 1 }
$data merge entity $(bone_leftarm) { transformation: [0.011525490858613145f,0.10071045875332187f,0.9948490169659733f,0.6953115573574196f,-0.9999328567613686f,-0.000035246986290371485f,0.01158795610528656f,3.666874596390888f,0.0012020938050389396f,-0.9949157764631865f,0.10070329048813888f,0.4680248606519485f,0f,0f,0f,1f], start_interpolation: 0, interpolation_duration: 1 }
$data merge entity $(bone_rightthumb2) { transformation: [0.08451107474388357f,-0.01324504613732494f,-0.9963345055745358f,-0.5180874727232455f,0.749666213165048f,-0.657851375741951f,0.07233350726461309f,4.330419322705976f,-0.656398085832379f,-0.7530312982786591f,-0.04566636320472989f,1.8998606187102804f,0f,0f,0f,1f], start_interpolation: 0, interpolation_duration: 1 }
$data merge entity $(bone_rightthumb) { transformation: [0.08451107474388357f,-0.01324504613732494f,-0.9963345055745358f,-0.6064799769607143f,0.749666213165048f,-0.657851375741951f,0.07233350726461309f,4.1752676473876456f,-0.656398085832379f,-0.7530312982786591f,-0.04566636320472989f,1.7112828073086082f,0f,0f,0f,1f], start_interpolation: 0, interpolation_duration: 1 }
$data merge entity $(bone_rightpointerfinger) { transformation: [0.08451107474388357f,-0.01324504613732494f,-0.9963345055745358f,-0.6395937273455986f,0.749666213165048f,-0.657851375741951f,0.07233350726461309f,4.476510505270928f,-0.656398085832379f,-0.7530312982786591f,-0.04566636320472989f,1.8844370506431551f,0f,0f,0f,1f], start_interpolation: 0, interpolation_duration: 1 }
$data merge entity $(bone_rightmidfinger) { transformation: [0.08451107474388357f,-0.01324504613732494f,-0.9963345055745358f,-0.7952709938416198f,0.749666213165048f,-0.657851375741951f,0.07233350726461309f,4.487812615781024f,-0.656398085832379f,-0.7530312982786591f,-0.04566636320472989f,1.877301681392416f,0f,0f,0f,1f], start_interpolation: 0, interpolation_duration: 1 }
$data merge entity $(bone_rightringfinger) { transformation: [0.08451107474388357f,-0.01324504613732494f,-0.9963345055745358f,-0.9509482603376411f,0.749666213165048f,-0.657851375741951f,0.07233350726461309f,4.49911472629112f,-0.656398085832379f,-0.7530312982786591f,-0.04566636320472989f,1.870166312141677f,0f,0f,0f,1f], start_interpolation: 0, interpolation_duration: 1 }
$data merge entity $(bone_hugeasssword) { transformation: [0.331001709413544f,-0.051876430704522684f,-3.902310146833599f,-0.804841921417506f,2.9361926682297717f,-2.5765845549893083f,0.28330623678640127f,4.1539262561604655f,-2.570892502843485f,-2.9493725849247485f,-0.17885992255185873f,1.8994114774038628f,0f,0f,0f,1f], start_interpolation: 0, interpolation_duration: 1 }
$data merge entity $(bone_ice) { transformation: [0.08451107474388357f,-0.01324504613732494f,-0.9963345055745358f,-0.8059554531144835f,0.749666213165048f,-0.657851375741951f,0.07233350726461309f,4.15249164932573f,-0.656398085832379f,-0.7530312982786591f,-0.04566636320472989f,1.9214338115305978f,0f,0f,0f,1f], start_interpolation: 0, interpolation_duration: 1 }
$data merge entity $(bone_righthand1) { transformation: [0.08451107474388357f,-0.01324504613732494f,-0.9963345055745358f,-0.819274399262048f,0.749666213165048f,-0.657851375741951f,0.07233350726461309f,4.177705780783523f,-0.656398085832379f,-0.7530312982786591f,-0.04566636320472989f,1.5676493916526906f,0f,0f,0f,1f], start_interpolation: 0, interpolation_duration: 1 }
$data merge entity $(bone_rightforearm) { transformation: [0.07138599709183281f,-0.1875234830870381f,-0.9796626882300412f,-0.9353189735705653f,0.9917674413418872f,-0.0913350333736038f,0.08975106669454888f,4.029313806374934f,-0.10630795696170417f,-0.9780045270700685f,0.1794596425859598f,0.8919369637116006f,0f,0f,0f,1f], start_interpolation: 0, interpolation_duration: 1 }
$data merge entity $(bone_rightelbow) { transformation: [0.07138599709183281f,-0.1875234830870381f,-0.9796626882300412f,-0.9704796266493849f,0.9917674413418872f,-0.0913350333736038f,0.08975106669454888f,4.012188487617383f,-0.10630795696170417f,-0.9780045270700685f,0.1794596425859598f,0.7085611148859627f,0f,0f,0f,1f], start_interpolation: 0, interpolation_duration: 1 }
$data merge entity $(bone_rightarm) { transformation: [0.11738479699678157f,0.6589593009236945f,-0.7429626162601863f,-0.6962985031313815f,0.9723277534114819f,-0.2284291376972189f,-0.04897825024115991f,3.7040475101548775f,-0.20198898331296467f,-0.7166538695751675f,-0.6675385246134742f,0.4830551797566305f,0f,0f,0f,1f], start_interpolation: 0, interpolation_duration: 1 }
$data merge entity $(bone_chest1) { transformation: [-1.0818540118249313f,-0.039666214697166254f,0.04036829970423398f,0.03216016285326628f,-0.03268150359080364f,1.0687225949399697f,0.1742843811101054f,3.4818536484148925f,-0.04620527602403035f,0.17282857861906545f,-1.068459856986292f,0.27299900918723813f,0f,0f,0f,1f], start_interpolation: 0, interpolation_duration: 1 }
$data merge entity $(bone_chest1lid) { transformation: [-0.9986344724537828f,-0.03661496741276885f,0.03726304588083137f,-0.29835775957468336f,-0.03016754177612644f,0.9865131645599722f,0.16087789025548194f,2.734367197685959f,-0.04265102402218186f,0.15953407257144503f,-0.9862706372181158f,0.5353501504866807f,0f,0f,0f,1f], start_interpolation: 0, interpolation_duration: 1 }
$data merge entity $(bone_chest2) { transformation: [-0.9986344724537828f,-0.03661496741276885f,0.03726304588083137f,-0.29263667091643825f,-0.03016754177612644f,0.9865131645599722f,0.16087789025548194f,2.5802245157234633f,-0.04265102402218186f,0.15953407257144503f,-0.9862706372181158f,0.5104229516473924f,0f,0f,0f,1f], start_interpolation: 0, interpolation_duration: 1 }
$data merge entity $(bone_chest1lid3) { transformation: [-0.9986344724537828f,-0.03661496741276885f,0.03726304588083137f,-0.21207146627891435f,-0.03016754177612644f,0.9865131645599722f,0.16087789025548194f,2.839315067491885f,-0.04265102402218186f,0.15953407257144503f,-0.9862706372181158f,-0.09381378747978841f,0f,0f,0f,1f], start_interpolation: 0, interpolation_duration: 1 }
$data merge entity $(bone_chest3) { transformation: [-0.9986344724537828f,-0.03661496741276885f,0.03726304588083137f,-0.2063503776206692f,-0.03016754177612644f,0.9865131645599722f,0.16087789025548194f,2.6851723855293894f,-0.04265102402218186f,0.15953407257144503f,-0.9862706372181158f,-0.1187409863190767f,0f,0f,0f,1f], start_interpolation: 0, interpolation_duration: 1 }
$data merge entity $(bone_hugeasssword2) { transformation: [-0.14594692969992373f,2.7868409158733267f,-2.748180303601505f,-1.2308215589118308f,-0.6301050701673041f,2.697488540867902f,2.76889886962554f,4.631958993429205f,3.862893329104287f,0.5452990549033186f,0.34782444776197746f,0.14426492284613823f,0f,0f,0f,1f], start_interpolation: 0, interpolation_duration: 1 }
$data merge entity $(bone_belt) { transformation: [-0.9986344724537828f,-0.03661496741276885f,0.03726304588083137f,0.07385219081898307f,-0.03016754177612644f,0.9865131645599722f,0.16087789025548194f,3.0688027702002127f,-0.04265102402218186f,0.15953407257144503f,-0.9862706372181158f,0.3399231531339493f,0f,0f,0f,1f], start_interpolation: 0, interpolation_duration: 1 }
$data merge entity $(bone_torn_part) { transformation: [-0.9998919225048215f,-0.01371018060936221f,-0.005307942847356364f,-0.04272600297183327f,-0.014694855539518886f,0.9209021139584485f,0.38951682598770176f,2.7832443618880984f,-0.00045225024577580185f,0.38955272743817304f,-0.9210040542881425f,0.2960978033927388f,0f,0f,0f,1f], start_interpolation: 0, interpolation_duration: 1 }
$data merge entity $(bone_lowerbody) { transformation: [-0.9998919225048215f,-0.014671760842605679f,-0.0009395442456403273f,0.062215761718749936f,-0.014694855539518886f,0.9954099246410463f,0.09456819310306824f,2.285340751953125f,-0.00045225024577580185f,0.09457177887659676f,-0.9955179426358077f,0.38995905273437503f,0f,0f,0f,1f], start_interpolation: 0, interpolation_duration: 1 }
$data merge entity $(bone_leftfoot) { transformation: [-0.9190173219223564f,-0.2397224928928617f,-0.3129541314759906f,0.9073627508193824f,-0.2839610794731302f,0.953209531358286f,0.10371930713310651f,0.3207190049754505f,0.2734470101337998f,0.1841866328726081f,-0.9440879285956032f,0.18643301418674996f,0f,0f,0f,1f], start_interpolation: 0, interpolation_duration: 1 }
$data merge entity $(bone_leftlowerleg) { transformation: [-0.9190173219223564f,-0.2397224928928617f,-0.3129541314759906f,0.6895046433933247f,-0.2839610794731302f,0.953209531358286f,0.10371930713310651f,1.362249811057016f,0.2734470101337998f,0.1841866328726081f,-0.9440879285956032f,0.5358200398738264f,0f,0f,0f,1f], start_interpolation: 0, interpolation_duration: 1 }
$data merge entity $(bone_leftleg) { transformation: [-0.9387312978873191f,-0.3402238502510256f,-0.055057080263641645f,0.30648803368603894f,-0.3010791350384486f,0.8872715475631298f,-0.34942889881838407f,2.291797658962402f,0.1677346261547955f,-0.3114433056035988f,-0.9353438739754564f,0.230196689101908f,0f,0f,0f,1f], start_interpolation: 0, interpolation_duration: 1 }
$data merge entity $(bone_rightfoot) { transformation: [-0.9954868788652954f,0.06978418944615629f,0.06431205882550937f,-0.23688199445554395f,0.08353305408538503f,0.965951471192035f,0.24486727869830088f,0.2213213003052068f,-0.04503446327204251f,0.24913434569582357f,-0.9674213016636097f,-0.06465178267034932f,0f,0f,0f,1f], start_interpolation: 0, interpolation_duration: 1 }
$data merge entity $(bone_rightlowerleg) { transformation: [-0.9954868788652954f,0.06978418944615629f,0.06431205882550937f,-0.16934642576199646f,0.08353305408538503f,0.965951471192035f,0.24486727869830088f,1.2553009275812208f,-0.04503446327204251f,0.24913434569582357f,-0.9674213016636097f,0.3603716826183738f,0f,0f,0f,1f], start_interpolation: 0, interpolation_duration: 1 }
$data merge entity $(bone_rightleg) { transformation: [-0.9908834337092395f,-0.0545596667971438f,-0.12317980175163463f,-0.19924837561452882f,-0.035282928963007276f,0.9875075414675943f,-0.15357073441388103f,2.2971928181705996f,0.13001975128563642f,-0.14782455243839585f,-0.980429888351028f,0.22118955702116455f,0f,0f,0f,1f], start_interpolation: 0, interpolation_duration: 1 }
data modify entity @s data merge value {"locators":{"lefthand":{"posx":-0.4149349548189306,"posy":3.678976671844129,"posz":0.7853136284418708,"roty":192.0617910499336,"rotx":-5.213534459404128},"righthand":{"posx":-0.7822578593617465,"posy":4.231921573504911,"posz":1.8723761419444904,"roty":272.6242792328909,"rotx":4.14802723430751},"chest":{"posx":-0.33309900229444594,"posy":2.6466302188680375,"posz":0.6781512135156027,"roty":2.163706558015406,"rotx":9.257855771569847},"sack":{"posx":0,"posy":-0.4375,"posz":0,"roty":0,"rotx":0}},"cameras":{}}