# This file was generated by Animated Java via MC-Build. It is not recommended to edit this file directly.
$data merge entity $(bone_nose) { transformation: [-0.9927760921518128f,-0.039963492305329015f,0.11313067724775996f,-0.6422786135260501f,-0.04253199261861927f,0.9988872016029182f,-0.02038107155624222f,4.134043828698717f,-0.11219028681514576f,-0.025045513703113725f,-0.9933710594675499f,0.6978368127420183f,0f,0f,0f,1f], start_interpolation: 0, interpolation_duration: 1 }
$data merge entity $(bone_glowing_eye) { transformation: [-0.9927760921518128f,-0.039963492305329015f,0.11313067724775996f,-0.7730292438667064f,-0.04253199261861927f,0.9988872016029182f,-0.02038107155624222f,4.197071319358545f,-0.11219028681514576f,-0.025045513703113725f,-0.9933710594675499f,0.7167815460946577f,0f,0f,0f,1f], start_interpolation: 0, interpolation_duration: 1 }
$data merge entity $(bone_head) { transformation: [-0.9927760921518128f,-0.039963492305329015f,0.11313067724775996f,-0.6161597614140722f,-0.04253199261861927f,0.9988872016029182f,-0.02038107155624222f,4.006887901013029f,-0.11219028681514576f,-0.025045513703113725f,-0.9933710594675499f,0.5149156567662524f,0f,0f,0f,1f], start_interpolation: 0, interpolation_duration: 1 }
$data merge entity $(bone_leftthumb2) { transformation: [-0.5321741308282467f,0.8087549182956897f,0.2504120137088723f,-0.4437224907618648f,-0.1539642410653317f,0.19839328644834742f,-0.9679540879429152f,2.744746419393332f,-0.8325176916741026f,-0.553674621076997f,0.01893956242544137f,1.019384385473694f,0f,0f,0f,1f], start_interpolation: 0, interpolation_duration: 1 }
$data merge entity $(bone_leftthumb) { transformation: [-0.5321741308282467f,0.8087549182956897f,0.2504120137088723f,-0.22398182805020816f,-0.1539642410653317f,0.19839328644834742f,-0.9679540879429152f,2.7106819484747593f,-0.8325176916741026f,-0.553674621076997f,0.01893956242544137f,0.8852183648701907f,0f,0f,0f,1f], start_interpolation: 0, interpolation_duration: 1 }
$data merge entity $(bone_leftpointerfinger) { transformation: [-0.5321741308282467f,0.8087549182956897f,0.2504120137088723f,-0.41940992691403844f,-0.1539642410653317f,0.19839328644834742f,-0.9679540879429152f,2.617051142353092f,-0.8325176916741026f,-0.553674621076997f,0.01893956242544137f,1.1588372644266278f,0f,0f,0f,1f], start_interpolation: 0, interpolation_duration: 1 }
$data merge entity $(bone_leftmidfinger) { transformation: [-0.5321741308282467f,0.8087549182956897f,0.2504120137088723f,-0.38028304977202715f,-0.1539642410653317f,0.19839328644834742f,-0.9679540879429152f,2.4658083161120112f,-0.8325176916741026f,-0.553674621076997f,0.01893956242544137f,1.161796571055603f,0f,0f,0f,1f], start_interpolation: 0, interpolation_duration: 1 }
$data merge entity $(bone_leftringfinger) { transformation: [-0.5321741308282467f,0.8087549182956897f,0.2504120137088723f,-0.34115617263001585f,-0.1539642410653317f,0.19839328644834742f,-0.9679540879429152f,2.314565489870931f,-0.8325176916741026f,-0.553674621076997f,0.01893956242544137f,1.1647558776845783f,0f,0f,0f,1f], start_interpolation: 0, interpolation_duration: 1 }
$data merge entity $(bone_invisibility) { transformation: [0.8275022067095221f,-0.1789714847903735f,0.5321741308282467f,-0.4385603826841459f,0.11327558261654387f,0.9815618446415176f,0.15396424106533144f,2.6401306781068463f,-0.5499170303543558f,-0.06712341451289619f,0.8325176916741024f,0.9415901742316419f,0f,0f,0f,1f], start_interpolation: 0, interpolation_duration: 1 }
$data merge entity $(bone_swiftness) { transformation: [0.25041201370887217f,0.8087549182956897f,0.5321741308282468f,-0.5288444855679089f,-0.9679540879429152f,0.19839328644834742f,0.15396424106533146f,2.423754548932799f,0.018939562425441186f,-0.553674621076997f,0.8325176916741026f,0.9767581061392946f,0f,0f,0f,1f], start_interpolation: 0, interpolation_duration: 1 }
$data merge entity $(bone_suspicious_stew) { transformation: [0.8388095702082051f,0.11484423975248645f,0.5321741308282469f,-0.4295185169088428f,-0.2292696936873091f,0.9611089532564476f,0.15396424106533174f,2.4493396013152835f,-0.49379541561627943f,-0.2511580788387451f,0.8325176916741027f,0.9710948400493965f,0f,0f,0f,1f], start_interpolation: 0, interpolation_duration: 1 }
$data merge entity $(bone_log) { transformation: [-0.5321741308282467f,0.8087549182956897f,0.2504120137088723f,-0.3665774137444263f,-0.1539642410653317f,0.19839328644834742f,-0.9679540879429152f,2.414331766649128f,-0.8325176916741026f,-0.553674621076997f,0.01893956242544137f,0.8247247708090173f,0f,0f,0f,1f], start_interpolation: 0, interpolation_duration: 1 }
$data merge entity $(bone_planks) { transformation: [-0.5321741308282467f,0.8087549182956897f,0.2504120137088723f,-0.41646873850957444f,-0.1539642410653317f,0.19839328644834742f,-0.9679540879429152f,2.399897619049253f,-0.8325176916741026f,-0.553674621076997f,0.01893956242544137f,0.7466762372145702f,0f,0f,0f,1f], start_interpolation: 0, interpolation_duration: 1 }
$data merge entity $(bone_lefthand1) { transformation: [-0.5321741308282467f,0.8087549182956897f,0.2504120137088723f,-0.039170526891844526f,-0.1539642410653317f,0.19839328644834742f,-0.9679540879429152f,2.5326697137757637f,-0.8325176916741026f,-0.553674621076997f,0.01893956242544137f,0.8938436771324987f,0f,0f,0f,1f], start_interpolation: 0, interpolation_duration: 1 }
$data merge entity $(bone_leftforearm) { transformation: [-0.7581342113799282f,0.5677036233442885f,0.32085060943856797f,0.3093396494231113f,0.1328521848453533f,0.6161737542837052f,-0.7763248041340303f,2.9933989828212053f,-0.6384221287809111f,-0.5459326886839533f,-0.5425630699827988f,0.46056182458810396f,0f,0f,0f,1f], start_interpolation: 0, interpolation_duration: 1 }
$data merge entity $(bone_leftelbow) { transformation: [-0.7581342113799282f,0.5677036233442885f,0.32085060943856797f,0.41578407880016544f,0.1328521848453533f,0.6161737542837052f,-0.7763248041340303f,3.1089315617494f,-0.6384221287809111f,-0.5459326886839533f,-0.5425630699827988f,0.3581994454598627f,0f,0f,0f,1f], start_interpolation: 0, interpolation_duration: 1 }
$data merge entity $(bone_leftarm) { transformation: [-0.7499231771126482f,-0.3836921857729496f,0.5388836006096749f,0.026837925449306077f,0.027131465294425866f,0.7960833252308456f,0.6045785498017417f,3.373879132389423f,-0.6609683139305913f,0.4680081685891564f,-0.5865912052814761f,0.4669121467344168f,0f,0f,0f,1f], start_interpolation: 0, interpolation_duration: 1 }
$data merge entity $(bone_rightthumb2) { transformation: [0.087276510887273f,-0.9163588800552036f,-0.3907290795312224f,-0.9870359358563857f,0.11220158975093258f,0.3987723492186307f,-0.9101601050123094f,2.773200816866233f,0.9898452474527051f,0.03559517442894661f,0.13762038240270127f,0.9441159424070529f,0f,0f,0f,1f], start_interpolation: 0, interpolation_duration: 1 }
$data merge entity $(bone_rightthumb) { transformation: [0.087276510887273f,-0.9163588800552036f,-0.3907290795312224f,-1.2451568088123635f,0.11220158975093258f,0.3987723492186307f,-0.9101601050123094f,2.793216737545394f,0.9898452474527051f,0.03559517442894661f,0.13762038240270127f,0.9646060858011226f,0f,0f,0f,1f], start_interpolation: 0, interpolation_duration: 1 }
$data merge entity $(bone_rightpointerfinger) { transformation: [0.087276510887273f,-0.9163588800552036f,-0.3907290795312224f,-0.9532461085189803f,0.11220158975093258f,0.3987723492186307f,-0.9101601050123094f,2.6319778544145866f,0.9898452474527051f,0.03559517442894661f,0.13762038240270127f,1.0676416985568908f,0f,0f,0f,1f], start_interpolation: 0, interpolation_duration: 1 }
$data merge entity $(bone_rightmidfinger) { transformation: [0.087276510887273f,-0.9163588800552036f,-0.3907290795312224f,-1.0142975271957337f,0.11220158975093258f,0.3987723492186307f,-0.9101601050123094f,2.4897653380064133f,0.9898452474527051f,0.03559517442894661f,0.13762038240270127f,1.0891448833073127f,0f,0f,0f,1f], start_interpolation: 0, interpolation_duration: 1 }
$data merge entity $(bone_rightringfinger) { transformation: [0.087276510887273f,-0.9163588800552036f,-0.3907290795312224f,-1.0753489458724872f,0.11220158975093258f,0.3987723492186307f,-0.9101601050123094f,2.34755282159824f,0.9898452474527051f,0.03559517442894661f,0.13762038240270127f,1.1106480680577349f,0f,0f,0f,1f], start_interpolation: 0, interpolation_duration: 1 }
$data merge entity $(bone_hugeasssword) { transformation: [0.3418330009751526f,-3.5890722802162145f,-1.5303555614972877f,-1.2175106060437035f,0.439456226524486f,1.5618583677729703f,-3.564793744631545f,2.5551836758046735f,3.8768938858564286f,0.1394144331800409f,0.53901316441058f,0.8312971907835256f,0f,0f,0f,1f], start_interpolation: 0, interpolation_duration: 1 }
$data merge entity $(bone_ice) { transformation: [0.087276510887273f,-0.9163588800552036f,-0.3907290795312224f,-1.2045561940254546f,0.11220158975093258f,0.3987723492186307f,-0.9101601050123094f,2.547199708008274f,0.9898452474527051f,0.03559517442894661f,0.13762038240270127f,0.8152746841916247f,0f,0f,0f,1f], start_interpolation: 0, interpolation_duration: 1 }
$data merge entity $(bone_righthand1) { transformation: [0.087276510887273f,-0.9163588800552036f,-0.3907290795312224f,-1.424037070052788f,0.11220158975093258f,0.3987723492186307f,-0.9101601050123094f,2.6465006894690304f,0.9898452474527051f,0.03559517442894661f,0.13762038240270127f,1.0759354266121222f,0f,0f,0f,1f], start_interpolation: 0, interpolation_duration: 1 }
$data merge entity $(bone_rightforearm) { transformation: [-0.42686270422706596f,-0.4010949609052822f,-0.8105005022061036f,-1.689361528169532f,0.16288968851234525f,0.8474955891470033f,-0.5051912269158332f,3.234317856906036f,0.8895252560306016f,-0.34766946761653356f,-0.29643002575806765f,0.7838699745814048f,0f,0f,0f,1f], start_interpolation: 0, interpolation_duration: 1 }
$data merge entity $(bone_rightelbow) { transformation: [-0.42686270422706596f,-0.4010949609052822f,-0.8105005022061036f,-1.7645668333392723f,0.16288968851234525f,0.8474955891470033f,-0.5051912269158332f,3.393223279871099f,0.8895252560306016f,-0.34766946761653356f,-0.29643002575806765f,0.7186819494033048f,0f,0f,0f,1f], start_interpolation: 0, interpolation_duration: 1 }
$data merge entity $(bone_rightarm) { transformation: [-0.39124929227921645f,0.6856266913232535f,-0.6138729766296447f,-1.3704466289922572f,0.2556212811089076f,0.7217625573048627f,0.6432080312907992f,3.581586464362793f,0.8840711237990149f,0.09473569030662506f,-0.45764986293767657f,0.586349822088617f,0f,0f,0f,1f], start_interpolation: 0, interpolation_duration: 1 }
$data merge entity $(bone_chest1) { transformation: [-1.0516263628488576f,0.1961694630072734f,-0.17091122214714777f,-0.7162050464930134f,0.16952583285530123f,1.0564752993161195f,0.169505295022731f,3.365465870518781f,0.19736792056236033f,0.13779911040882886f,-1.0562520628214347f,0.38512237392941845f,0f,0f,0f,1f], start_interpolation: 0, interpolation_duration: 1 }
$data merge entity $(bone_chest1lid) { transformation: [-0.9707320272450994f,0.18107950431440623f,-0.15776420505890565f,-1.1096615329456905f,0.15648538417412422f,0.975207968599495f,0.15646642617482864f,2.691160565486965f,0.18218577282679416f,0.12719917883891896f,-0.9750019041428629f,0.7419284294901534f,0f,0f,0f,1f], start_interpolation: 0, interpolation_duration: 1 }
$data merge entity $(bone_chest2) { transformation: [-0.9707320272450994f,0.18107950431440623f,-0.15776420505890565f,-1.1379552054948165f,0.15648538417412422f,0.975207968599495f,0.15646642617482864f,2.538784320393294f,0.18218577282679416f,0.12719917883891896f,-0.9750019041428629f,0.7220535577965723f,0f,0f,0f,1f], start_interpolation: 0, interpolation_duration: 1 }
$data merge entity $(bone_chest1lid3) { transformation: [-0.9707320272450994f,0.18107950431440623f,-0.15776420505890565f,-1.1500584751087333f,0.15648538417412422f,0.975207968599495f,0.15646642617482864f,2.781616533244332f,0.18218577282679416f,0.12719917883891896f,-0.9750019041428629f,0.10593122384695718f,0f,0f,0f,1f], start_interpolation: 0, interpolation_duration: 1 }
$data merge entity $(bone_chest3) { transformation: [-0.9707320272450994f,0.18107950431440623f,-0.15776420505890565f,-1.1783521476578593f,0.15648538417412422f,0.975207968599495f,0.15646642617482864f,2.629240288150661f,0.18218577282679416f,0.12719917883891896f,-0.9750019041428629f,0.08605635215337609f,0f,0f,0f,1f], start_interpolation: 0, interpolation_duration: 1 }
$data merge entity $(bone_hugeasssword2) { transformation: [0.6179098031473798f,3.2823008662298916f,-2.0457190121076367f,-1.743887168201078f,-0.612826835851412f,2.1285823211671393f,3.2301483478399002f,4.731251145049595f,3.8187574578928802f,-0.18951544353691616f,0.8493839839709084f,0.49886611980451995f,0f,0f,0f,1f], start_interpolation: 0, interpolation_duration: 1 }
$data merge entity $(bone_belt) { transformation: [-0.9707320272450994f,0.18107950431440623f,-0.15776420505890565f,-0.7365913831762211f,0.15648538417412422f,0.975207968599495f,0.15646642617482864f,2.951517402785827f,0.18218577282679416f,0.12719917883891896f,-0.9750019041428629f,0.4562501292081468f,0f,0f,0f,1f], start_interpolation: 0, interpolation_duration: 1 }
$data merge entity $(bone_torn_part) { transformation: [-0.9639793522247755f,0.2137049425360743f,-0.1583477376534167f,-0.9065790056786148f,0.14987144932725885f,0.9282611572226079f,0.34039649332549177f,2.6884701888991636f,0.21973246724334794f,0.3044033861956826f,-0.9268528585011502f,0.45569988425378233f,0f,0f,0f,1f], start_interpolation: 0, interpolation_duration: 1 }
$data merge entity $(bone_lowerbody) { transformation: [-0.9639793522247755f,0.15619794310456628f,-0.2152812371160217f,-0.8584350000000001f,0.14987144932725885f,0.9876576000382591f,0.04550839222839117f,2.18518f,0.21973246724334794f,0.011604639441572083f,-0.9754911456197756f,0.5657537499999999f,0f,0f,0f,1f], start_interpolation: 0, interpolation_duration: 1 }
$data merge entity $(bone_leftfoot) { transformation: [-0.6535390752104722f,0.07061821730250797f,-0.7535912317417558f,-0.18587037041682306f,-0.2828761846147232f,0.9007017303946268f,0.3297233037592915f,0.5120783652491667f,0.7020453983545921f,0.4286600754084068f,-0.5686675640477495f,0.26650498365860364f,0f,0f,0f,1f], start_interpolation: 0, interpolation_duration: 1 }
$data merge entity $(bone_leftlowerleg) { transformation: [-0.6535390752104722f,0.07061821730250797f,-0.7535912317417558f,0.008257710198628643f,-0.2828761846147232f,0.9007017303946268f,0.3297233037592915f,1.4606338043225446f,0.7020453983545921f,0.4286600754084068f,-0.5686675640477495f,0.829423038110149f,0f,0f,0f,1f], start_interpolation: 0, interpolation_duration: 1 }
$data merge entity $(bone_leftleg) { transformation: [-0.7516735266384595f,-0.6158307341982547f,-0.23609196548747557f,-0.652421133947519f,-0.3043310072173359f,0.641442065706449f,-0.7042263232713792f,2.1190750390048496f,0.5851235317409331f,-0.45749817831230966f,-0.6695714072777715f,0.3706714701945532f,0f,0f,0f,1f], start_interpolation: 0, interpolation_duration: 1 }
$data merge entity $(bone_rightfoot) { transformation: [-0.9006788791407434f,0.2859246951342109f,0.3271461835054518f,-1.7446992102904815f,0.3541836901509338f,0.919285128206019f,0.17166469261414902f,0.30241681378433205f,-0.25165744634491055f,0.27048460542450764f,-0.9292505625112676f,0.3494779815168645f,0f,0f,0f,1f], start_interpolation: 0, interpolation_duration: 1 }
$data merge entity $(bone_rightlowerleg) { transformation: [-0.9006788791407434f,0.2859246951342109f,0.3271461835054518f,-1.4777660814570261f,0.3541836901509338f,0.919285128206019f,0.17166469261414902f,1.2958732239007507f,-0.25165744634491055f,0.27048460542450764f,-0.9292505625112676f,0.7923221241183229f,0f,0f,0f,1f], start_interpolation: 0, interpolation_duration: 1 }
$data merge entity $(bone_rightleg) { transformation: [-0.9488415180503337f,0.3157113169030513f,0.005112533939186481f,-1.1219354654715041f,0.29315796260683263f,0.8868433065094576f,-0.3571657299624126f,2.222637088404433f,-0.11729527946234283f,-0.33739489337972095f,-0.93402703565643f,0.4568075093329226f,0f,0f,0f,1f], start_interpolation: 0, interpolation_duration: 1 }
data modify entity @s data merge value {"locators":{"lefthand":{"posx":-0.38378275468533013,"posy":2.4283907213693334,"posz":0.9457332035122074,"roty":94.32525124279984,"rotx":-75.45577436800106},"righthand":{"posx":-1.175950771761235,"posy":2.5657090407317003,"posz":0.9053661830648214,"roty":250.59700565237745,"rotx":-65.5274862365014},"chest":{"posx":-1.1266637207762964,"posy":2.610652356615121,"posz":0.8920158337358806,"roty":350.80868380722785,"rotx":9.001854069486045},"sack":{"posx":0,"posy":-0.4375,"posz":0,"roty":0,"rotx":0}},"cameras":{}}