# This file was generated by Animated Java via MC-Build. It is not recommended to edit this file directly.
$data merge entity $(bone_nose) { transformation: [-0.9288146081248603f,-0.1324878282755615f,-0.34604970610114316f,2.2211966327724926f,-0.16216332136116932f,0.9850508209377487f,0.05812002559343454f,4.104785374359585f,0.33317635111000354f,0.1100992984931906f,-0.9364142585054602f,0.3740068365300405f,0f,0f,0f,1f], start_interpolation: 0, interpolation_duration: 1 }
$data merge entity $(bone_glowing_eye) { transformation: [-0.9288146081248603f,-0.1324878282755615f,-0.34604970610114316f,2.1081999250944907f,-0.16216332136116932f,0.9850508209377487f,0.05812002559343454f,4.149182768686746f,0.33317635111000354f,0.1100992984931906f,-0.9364142585054602f,0.4557852582930398f,0f,0f,0f,1f], start_interpolation: 0, interpolation_duration: 1 }
$data merge entity $(bone_head) { transformation: [-0.9288146081248603f,-0.1324878282755615f,-0.34604970610114316f,2.172756278067526f,-0.16216332136116932f,0.9850508209377487f,0.05812002559343454f,3.994037642666506f,0.33317635111000354f,0.1100992984931906f,-0.9364142585054602f,0.18506386723596918f,0f,0f,0f,1f], start_interpolation: 0, interpolation_duration: 1 }
$data merge entity $(bone_leftthumb2) { transformation: [-0.43163536307591993f,0.8639282977903306f,0.2594586857660006f,2.6987607254454833f,-0.16440083254612395f,0.20747311874296848f,-0.9643273672654984f,2.8420678694418386f,-0.8869404036351369f,-0.45889301724494325f,0.0524777964797713f,0.6204275676079993f,0f,0f,0f,1f], start_interpolation: 0, interpolation_duration: 1 }
$data merge entity $(bone_leftthumb) { transformation: [-0.43163536307591993f,0.8639282977903306f,0.2594586857660006f,2.9328053516551766f,-0.16440083254612395f,0.20747311874296848f,-0.9643273672654984f,2.81054008977707f,-0.8869404036351369f,-0.45889301724494325f,0.0524777964797713f,0.5123721181189763f,0f,0f,0f,1f], start_interpolation: 0, interpolation_duration: 1 }
$data merge entity $(bone_leftpointerfinger) { transformation: [-0.43163536307591993f,0.8639282977903306f,0.2594586857660006f,2.708701122674434f,-0.16440083254612395f,0.20747311874296848f,-0.9643273672654984f,2.715241468408695f,-0.8869404036351369f,-0.45889301724494325f,0.0524777964797713f,0.7624153927600557f,0f,0f,0f,1f], start_interpolation: 0, interpolation_duration: 1 }
$data merge entity $(bone_leftmidfinger) { transformation: [-0.43163536307591993f,0.8639282977903306f,0.2594586857660006f,2.7492415423253718f,-0.16440083254612395f,0.20747311874296848f,-0.9643273672654984f,2.5645653172734613f,-0.8869404036351369f,-0.45889301724494325f,0.0524777964797713f,0.7706150484600199f,0f,0f,0f,1f], start_interpolation: 0, interpolation_duration: 1 }
$data merge entity $(bone_leftringfinger) { transformation: [-0.43163536307591993f,0.8639282977903306f,0.2594586857660006f,2.7897819619763093f,-0.16440083254612395f,0.20747311874296848f,-0.9643273672654984f,2.413889166138227f,-0.8869404036351369f,-0.45889301724494325f,0.0524777964797713f,0.7788147041599841f,0f,0f,0f,1f], start_interpolation: 0, interpolation_duration: 1 }
$data merge entity $(bone_invisibility) { transformation: [0.8832541042604208f,-0.18317505465930567f,0.43163536307591993f,2.714153565738329f,0.12263695294238611f,0.9787402842588774f,0.1644008325461237f,2.7372439148958563f,-0.45257304944078164f,-0.09227326438038275f,0.8869404036351367f,0.544282712177309f,0f,0f,0f,1f], start_interpolation: 0, interpolation_duration: 1 }
$data merge entity $(bone_swiftness) { transformation: [0.2594586857660005f,0.8639282977903306f,0.43163536307592f,2.623330680439115f,-0.9643273672654984f,0.20747311874296848f,0.16440083254612373f,2.5197746630352946f,0.052477796479771105f,-0.45889301724494325f,0.8869404036351369f,0.5700695294618181f,0f,0f,0f,1f], start_interpolation: 0, interpolation_duration: 1 }
$data merge entity $(bone_suspicious_stew) { transformation: [0.8926369225006481f,0.12996244815672933f,0.43163536307592015f,2.7223054303605325f,-0.21950785258519823f,0.9616593310063478f,0.164400832546124f,2.5467072310924985f,-0.39372023981757265f,-0.24149760486914382f,0.8869404036351372f,0.5756329092006228f,0f,0f,0f,1f], start_interpolation: 0, interpolation_duration: 1 }
$data merge entity $(bone_log) { transformation: [-0.43163536307591993f,0.8639282977903306f,0.2594586857660006f,2.801992778191238f,-0.16440083254612395f,0.20747311874296848f,-0.9643273672654984f,2.5120259475436004f,-0.8869404036351369f,-0.45889301724494325f,0.0524777964797713f,0.4375805159142001f,0f,0f,0f,1f], start_interpolation: 0, interpolation_duration: 1 }
$data merge entity $(bone_planks) { transformation: [-0.43163536307591993f,0.8639282977903306f,0.2594586857660006f,2.7615269629028703f,-0.16440083254612395f,0.20747311874296848f,-0.9643273672654984f,2.496613369492401f,-0.8869404036351369f,-0.45889301724494325f,0.0524777964797713f,0.354429853073406f,0f,0f,0f,1f], start_interpolation: 0, interpolation_duration: 1 }
$data merge entity $(bone_lefthand1) { transformation: [-0.43163536307591993f,0.8639282977903306f,0.2594586857660006f,3.117775609477613f,-0.16440083254612395f,0.20747311874296848f,-0.9643273672654984f,2.63512966559292f,-0.8869404036351369f,-0.45889301724494325f,0.0524777964797713f,0.5429524313717556f,0f,0f,0f,1f], start_interpolation: 0, interpolation_duration: 1 }
$data merge entity $(bone_leftforearm) { transformation: [-0.7474495221939957f,0.3307512320980917f,0.5761274461762446f,3.303436161902386f,-0.11797827389241772f,0.7873704703111779f,-0.6050858363664781f,3.2038642817612226f,-0.6537586241582842f,-0.5202416409203986f,-0.5494982223730285f,0.1253696501578801f,0f,0f,0f,1f], start_interpolation: 0, interpolation_duration: 1 }
$data merge entity $(bone_leftelbow) { transformation: [-0.7474495221939957f,0.3307512320980917f,0.5761274461762446f,3.3654520179207785f,-0.11797827389241772f,0.7873704703111779f,-0.6050858363664781f,3.3514962449445687f,-0.6537586241582842f,-0.5202416409203986f,-0.5494982223730285f,0.02782434248530536f,0f,0f,0f,1f], start_interpolation: 0, interpolation_duration: 1 }
$data merge entity $(bone_leftarm) { transformation: [-0.70988839163537f,-0.5366580813532662f,0.4561321904224462f,2.9404314267160077f,-0.22457806947327902f,0.7862944208720594f,0.575591673338946f,3.5751964529263156f,-0.6675501195663157f,0.3061685604756046f,-0.6787029176622814f,0.0649567949055984f,0f,0f,0f,1f], start_interpolation: 0, interpolation_duration: 1 }
$data merge entity $(bone_rightthumb2) { transformation: [-0.025472725698204662f,-0.9202145883556747f,-0.3905844999777907f,2.233714614124665f,0.11670901813011761f,0.3853019985508303f,-0.9153804536911636f,2.6555549761119894f,0.9928394358266638f,-0.06890196869562429f,0.0975826489559457f,0.5035183539318898f,0f,0f,0f,1f], start_interpolation: 0, interpolation_duration: 1 }
$data merge entity $(bone_rightthumb) { transformation: [-0.025472725698204662f,-0.9202145883556747f,-0.3905844999777907f,1.9746605130329964f,0.11670901813011761f,0.3853019985508303f,-0.9153804536911636f,2.6718212763702787f,0.9928394358266638f,-0.06890196869562429f,0.0975826489559457f,0.49495983209720595f,0f,0f,0f,1f], start_interpolation: 0, interpolation_duration: 1 }
$data merge entity $(bone_rightpointerfinger) { transformation: [-0.025472725698204662f,-0.9202145883556747f,-0.3905844999777907f,2.255511197027502f,0.11670901813011761f,0.3853019985508303f,-0.9153804536911636f,2.5152506481869956f,0.9928394358266638f,-0.06890196869562429f,0.0975826489559457f,0.6307342905388089f,0f,0f,0f,1f], start_interpolation: 0, interpolation_duration: 1 }
$data merge entity $(bone_rightmidfinger) { transformation: [-0.025472725698204662f,-0.9202145883556747f,-0.3905844999777907f,2.1944823689059723f,0.11670901813011761f,0.3853019985508303f,-0.9153804536911636f,2.3722224522977515f,0.9928394358266638f,-0.06890196869562429f,0.0975826489559457f,0.6459815794381755f,0f,0f,0f,1f], start_interpolation: 0, interpolation_duration: 1 }
$data merge entity $(bone_rightringfinger) { transformation: [-0.025472725698204662f,-0.9202145883556747f,-0.3905844999777907f,2.1334535407844424f,0.11670901813011761f,0.3853019985508303f,-0.9153804536911636f,2.229194256408507f,0.9928394358266638f,-0.06890196869562429f,0.0975826489559457f,0.6612288683375419f,0f,0f,0f,1f], start_interpolation: 0, interpolation_duration: 1 }
$data merge entity $(bone_hugeasssword) { transformation: [-0.0997681756513016f,-3.6041738043930596f,-1.5297892915796805f,2.0204328562219644f,0.45711032100962734f,1.5090994943240854f,-3.5852401102903912f,2.433788907401501f,3.8886211236544335f,-0.2698660440578618f,0.3821987084107874f,0.36673816301548257f,0f,0f,0f,1f], start_interpolation: 0, interpolation_duration: 1 }
$data merge entity $(bone_ice) { transformation: [-0.025472725698204662f,-0.9202145883556747f,-0.3905844999777907f,2.0352092205040564f,0.11670901813011761f,0.3853019985508303f,-0.9153804536911636f,2.4259449852658608f,0.9928394358266638f,-0.06890196869562429f,0.0975826489559457f,0.35230164009156006f,0f,0f,0f,1f], start_interpolation: 0, interpolation_duration: 1 }
$data merge entity $(bone_righthand1) { transformation: [-0.025472725698204662f,-0.9202145883556747f,-0.3905844999777907f,1.7865816263662806f,0.11670901813011761f,0.3853019985508303f,-0.9153804536911636f,2.522842100258249f,0.9928394358266638f,-0.06890196869562429f,0.0975826489559457f,0.5863354646541933f,0f,0f,0f,1f], start_interpolation: 0, interpolation_duration: 1 }
$data merge entity $(bone_rightforearm) { transformation: [-0.361426297910798f,-0.7129772789286343f,-0.6008614074060808f,1.3081387391107542f,-0.09906896016683361f,0.6701409906394827f,-0.7355925460444768f,3.008098115044845f,0.9271226306751214f,-0.20633577585153298f,-0.3128404949711412f,0.3838050479754676f,0f,0f,0f,1f], start_interpolation: 0, interpolation_duration: 1 }
$data merge entity $(bone_rightelbow) { transformation: [-0.361426297910798f,-0.7129772789286343f,-0.6008614074060808f,1.1744554993116352f,-0.09906896016683361f,0.6701409906394827f,-0.7355925460444768f,3.1337495507897484f,0.9271226306751214f,-0.20633577585153298f,-0.3128404949711412f,0.34511709000330515f,0f,0f,0f,1f], start_interpolation: 0, interpolation_duration: 1 }
$data merge entity $(bone_rightarm) { transformation: [-0.3444808892033022f,0.676816848997094f,-0.6505781043712948f,1.5666106108798616f,-0.01362340477740602f,0.689317008410062f,0.7243317366779352f,3.3303626799162447f,0.9386944762892627f,0.2583815295841549f,-0.2282359861060025f,0.2532192250454508f,0f,0f,0f,1f], start_interpolation: 0, interpolation_duration: 1 }
$data merge entity $(bone_chest1) { transformation: [-1.0473207031696492f,-0.19192080851869403f,-0.19974198126801795f,2.2651301666163506f,-0.2211507163035271f,1.049721731112915f,0.15095614932440699f,3.3663638025668488f,0.16680172811388774f,0.18671315325371848f,-1.0540049776976317f,-0.0020876965989944374f,0f,0f,0f,1f], start_interpolation: 0, interpolation_duration: 1 }
$data merge entity $(bone_chest1lid) { transformation: [-0.9667575721565994f,-0.17715766940187141f,-0.18437721347817043f,2.128281824244021f,-0.20413912274171733f,0.9689739056426909f,0.13934413783791416f,2.5798925486924498f,0.153970825951281f,0.17235060300343247f,-0.9729276717208908f,0.31341461786117547f,0f,0f,0f,1f], start_interpolation: 0, interpolation_duration: 1 }
$data merge entity $(bone_chest2) { transformation: [-0.9667575721565994f,-0.17715766940187141f,-0.18437721347817043f,2.155962710088063f,-0.20413912274171733f,0.9689739056426909f,0.13934413783791416f,2.4284903759357794f,0.153970825951281f,0.17235060300343247f,-0.9729276717208908f,0.28648483614188913f,0f,0f,0f,1f], start_interpolation: 0, interpolation_duration: 1 }
$data merge entity $(bone_chest1lid3) { transformation: [-0.9667575721565994f,-0.17715766940187141f,-0.18437721347817043f,2.0705875201193558f,-0.20413912274171733f,0.9689739056426909f,0.13934413783791416f,2.681918582166221f,0.153970825951281f,0.17235060300343247f,-0.9729276717208908f,-0.31949034845697527f,0f,0f,0f,1f], start_interpolation: 0, interpolation_duration: 1 }
$data merge entity $(bone_chest3) { transformation: [-0.9667575721565994f,-0.17715766940187141f,-0.18437721347817043f,2.098268405963398f,-0.20413912274171733f,0.9689739056426909f,0.13934413783791416f,2.5305164094095507f,0.153970825951281f,0.17235060300343247f,-0.9729276717208908f,-0.3464201301762616f,0f,0f,0f,1f], start_interpolation: 0, interpolation_duration: 1 }
$data merge entity $(bone_hugeasssword2) { transformation: [0.7221440861228334f,2.322906307497495f,-3.0696729440192727f,0.8196313622372997f,-0.5457645398651638f,3.1534510207941953f,2.2579117574111685f,4.27607137148545f,3.8106333809068227f,0.011433451717667457f,0.9051078887504159f,0.12983252444477922f,0f,0f,0f,1f], start_interpolation: 0, interpolation_duration: 1 }
$data merge entity $(bone_belt) { transformation: [-0.9667575721565994f,-0.17715766940187141f,-0.18437721347817043f,2.390796855845735f,-0.20413912274171733f,0.9689739056426909f,0.13934413783791416f,2.9686902516563816f,0.153970825951281f,0.17235060300343247f,-0.9729276717208908f,0.05168705916240511f,0f,0f,0f,1f], start_interpolation: 0, interpolation_duration: 1 }
$data merge entity $(bone_torn_part) { transformation: [-0.9861004578854146f,-0.015930600959577698f,-0.1653847118425475f,2.3056439774928315f,-0.06815484623464442f,0.9465773961001184f,0.3151922431263996f,2.6737881744657868f,0.15152822803988616f,0.32208298487406334f,-0.9345061513771357f,0.03457086611124681f,0f,0f,0f,1f], start_interpolation: 0, interpolation_duration: 1 }
$data merge entity $(bone_lowerbody) { transformation: [-0.9861004578854146f,-0.06492542617115228f,-0.15293977898071523f,2.455151875f,-0.06815484623464442f,0.9975470433226707f,0.015962872327044523f,2.191115625f,0.15152822803988616f,0.026164582830456164f,-0.9881065786201407f,0.1459500000000003f,0f,0f,0f,1f], start_interpolation: 0, interpolation_duration: 1 }
$data merge entity $(bone_leftfoot) { transformation: [-0.6784902028380254f,-0.5639835990061628f,-0.4707159915542185f,4.014598916839683f,-0.5267923324529834f,0.8201338909008212f,-0.2233164558751215f,0.5890639099732015f,0.5119969561643511f,0.09645154766998548f,-0.8535550455773219f,-0.050264006554484736f,0f,0f,0f,1f], start_interpolation: 0, interpolation_duration: 1 }
$data merge entity $(bone_leftlowerleg) { transformation: [-0.6784902028380254f,-0.5639835990061628f,-0.4707159915542185f,3.461253064412064f,-0.5267923324529834f,0.8201338909008212f,-0.2233164558751215f,1.533211541627018f,0.5119969561643511f,0.09645154766998548f,-0.8535550455773219f,0.18788192759153652f,0f,0f,0f,1f], start_interpolation: 0, interpolation_duration: 1 }
$data merge entity $(bone_leftleg) { transformation: [-0.6694536650321923f,-0.7309639110156447f,-0.13237655067147658f,2.6760727102704984f,-0.5930517363216954f,0.6332116804120849f,-0.49732545263190164f,2.1911882065212795f,0.4473493360012817f,-0.2544302037542244f,-0.8574052968093888f,-0.04842005993693649f,0f,0f,0f,1f], start_interpolation: 0, interpolation_duration: 1 }
$data merge entity $(bone_rightfoot) { transformation: [-0.9890722621182401f,-0.1452864746478025f,0.025057944702642033f,2.509416151794319f,-0.12176412038477807f,0.9008196956626825f,0.4167701703494542f,0.22315745823334954f,-0.08312375890940263f,0.40916465657557133f,-0.908666453939049f,-0.42651473039016335f,0f,0f,0f,1f], start_interpolation: 0, interpolation_duration: 1 }
$data merge entity $(bone_rightlowerleg) { transformation: [-0.9890722621182401f,-0.1452864746478025f,0.025057944702642033f,2.3443889254068604f,-0.12176412038477807f,0.9008196956626825f,0.4167701703494542f,1.1584693948044396f,-0.08312375890940263f,0.40916465657557133f,-0.908666453939049f,0.16701493573036003f,0f,0f,0f,1f], start_interpolation: 0, interpolation_duration: 1 }
$data merge entity $(bone_rightleg) { transformation: [-0.9835145259316753f,-0.17205774826156875f,0.05563549716278668f,2.1915640282487017f,-0.17872735908708168f,0.9717034481691263f,-0.15443101997327857f,2.1842676628904325f,-0.02749015087534379f,-0.16182873687756583f,-0.9864358831294927f,0.015134753224954313f,0f,0f,0f,1f], start_interpolation: 0, interpolation_duration: 1 }
data modify entity @s data merge value {"locators":{"lefthand":{"posx":2.7709101532496416,"posy":2.526297303306528,"posz":0.5557622301572589,"roty":101.43431900921401,"rotx":-74.65012742756153},"righthand":{"posx":2.05330238822506,"posy":2.4451689315771272,"posz":0.4449322015712423,"roty":255.97252058734443,"rotx":-66.25981441029475},"chest":{"posx":2.137951944057708,"posy":2.491179810466929,"posz":0.45947424219082766,"roty":349.26926338084496,"rotx":8.009896118577512},"sack":{"posx":0,"posy":-0.4375,"posz":0,"roty":0,"rotx":0}},"cameras":{}}