# This file was generated by Animated Java via MC-Build. It is not recommended to edit this file directly.
$data merge entity $(bone_nose) { transformation: [-0.9247953718781087f,-0.3576835436426257f,-0.12967653126177f,0.5935615720710117f,-0.3759482557681242f,0.9114619301723011f,0.16703310699226073f,4.134817521325615f,0.05845022786727194f,0.20322311003878676f,-0.9773862790158389f,0.38985493344415123f,0f,0f,0f,1f], start_interpolation: 0, interpolation_duration: 1 }
$data merge entity $(bone_glowing_eye) { transformation: [-0.9247953718781087f,-0.3576835436426257f,-0.12967653126177f,0.4582692121090617f,-0.3759482557681242f,0.9114619301723011f,0.16703310699226073f,4.1437086429912595f,0.05845022786727194f,0.20322311003878676f,-0.9773862790158389f,0.44502757273763727f,0f,0f,0f,1f], start_interpolation: 0, interpolation_duration: 1 }
$data merge entity $(bone_head) { transformation: [-0.9247953718781087f,-0.3576835436426257f,-0.12967653126177f,0.6134446394175064f,-0.3759482557681242f,0.9114619301723011f,0.16703310699226073f,4.053550834956306f,0.05845022786727194f,0.20322311003878676f,-0.9773862790158389f,0.18174111121166983f,0f,0f,0f,1f], start_interpolation: 0, interpolation_duration: 1 }
$data merge entity $(bone_leftthumb2) { transformation: [-0.2705186590110282f,0.9350292463534473f,0.22921597586245873f,1.088568435630581f,-0.026429978441849106f,0.2307904739739624f,-0.9726444434439736f,2.856835561063987f,-0.962351864634988f,-0.2691766438355637f,-0.03772032670833586f,0.6762969091071963f,0f,0f,0f,1f], start_interpolation: 0, interpolation_duration: 1 }
$data merge entity $(bone_leftthumb) { transformation: [-0.2705186590110282f,0.9350292463534473f,0.22921597586245873f,1.3374655698366824f,-0.026429978441849106f,0.2307904739739624f,-0.9726444434439736f,2.830315431351933f,-0.962351864634988f,-0.2691766438355637f,-0.03772032670833586f,0.6070598712116755f,0f,0f,0f,1f], start_interpolation: 0, interpolation_duration: 1 }
$data merge entity $(bone_leftpointerfinger) { transformation: [-0.2705186590110282f,0.9350292463534473f,0.22921597586245873f,1.0709915755748414f,-0.026429978441849106f,0.2307904739739624f,-0.9726444434439736f,2.7118853776848675f,-0.962351864634988f,-0.2691766438355637f,-0.03772032670833586f,0.7988725523502184f,0f,0f,0f,1f], start_interpolation: 0, interpolation_duration: 1 }
$data merge entity $(bone_leftmidfinger) { transformation: [-0.2705186590110282f,0.9350292463534473f,0.22921597586245873f,1.1068065718033506f,-0.026429978441849106f,0.2307904739739624f,-0.9726444434439736f,2.559909683396747f,-0.962351864634988f,-0.2691766438355637f,-0.03772032670833586f,0.7929787513020409f,0f,0f,0f,1f], start_interpolation: 0, interpolation_duration: 1 }
$data merge entity $(bone_leftringfinger) { transformation: [-0.2705186590110282f,0.9350292463534473f,0.22921597586245873f,1.1426215680318599f,-0.026429978441849106f,0.2307904739739624f,-0.9726444434439736f,2.407933989108626f,-0.962351864634988f,-0.2691766438355637f,-0.03772032670833586f,0.7870849502538634f,0f,0f,0f,1f], start_interpolation: 0, interpolation_duration: 1 }
$data merge entity $(bone_invisibility) { transformation: [0.9514486664039463f,-0.14685057141538901f,0.27051865901102823f,1.11537515158448f,0.14514069764520027f,0.9890579528655677f,0.026429978441848898f,2.762567603675547f,-0.27143988853006823f,0.01411649915332227f,0.9623518646349878f,0.5901691425212788f,0f,0f,0f,1f], start_interpolation: 0, interpolation_duration: 1 }
$data merge entity $(bone_swiftness) { transformation: [0.22921597586245868f,0.9350292463534473f,0.27051865901102823f,1.0176449513517984f,-0.9726444434439736f,0.2307904739739624f,0.02642997844184889f,2.547567289893545f,-0.037720326708336076f,-0.2691766438355637f,0.962351864634988f,0.5694253487348988f,0f,0f,0f,1f], start_interpolation: 0, interpolation_duration: 1 }
$data merge entity $(bone_suspicious_stew) { transformation: [0.94429514435933f,0.18742021093325897f,0.27051865901102834f,1.1145236511358734f,-0.2018901002435608f,0.97905150204839f,0.026429978441849137f,2.5693784670622724f,-0.2598981873023305f,-0.07957273949364986f,0.9623518646349882f,0.5957142364432579f,0f,0f,0f,1f], start_interpolation: 0, interpolation_duration: 1 }
$data merge entity $(bone_log) { transformation: [-0.2705186590110282f,0.9350292463534473f,0.22921597586245873f,1.2167856815163232f,-0.026429978441849106f,0.2307904739739624f,-0.9726444434439736f,2.5501567575436583f,-0.962351864634988f,-0.2691766438355637f,-0.03772032670833586f,0.4700785283398291f,0f,0f,0f,1f], start_interpolation: 0, interpolation_duration: 1 }
$data merge entity $(bone_planks) { transformation: [-0.2705186590110282f,0.9350292463534473f,0.22921597586245873f,1.1914245572340392f,-0.026429978441849106f,0.2307904739739624f,-0.9726444434439736f,2.547678947064735f,-0.962351864634988f,-0.2691766438355637f,-0.03772032670833586f,0.37985804103029897f,0f,0f,0f,1f], start_interpolation: 0, interpolation_duration: 1 }
$data merge entity $(bone_lefthand1) { transformation: [-0.2705186590110282f,0.9350292463534473f,0.22921597586245873f,1.51100965861174f,-0.026429978441849106f,0.2307904739739624f,-0.9726444434439736f,2.6448570095052353f,-0.962351864634988f,-0.2691766438355637f,-0.03772032670833586f,0.6445510937493206f,0f,0f,0f,1f], start_interpolation: 0, interpolation_duration: 1 }
$data merge entity $(bone_leftforearm) { transformation: [-0.6241156129423655f,0.39267509168628467f,0.6754894329674915f,1.7504765017651587f,-0.046262684954410035f,0.8444469690459124f,-0.533637592800564f,3.259803671859267f,-0.77996119497215f,-0.3643015081472206f,-0.5088663336272858f,0.33220435306369134f,0f,0f,0f,1f], start_interpolation: 0, interpolation_duration: 1 }
$data merge entity $(bone_leftelbow) { transformation: [-0.6241156129423655f,0.39267509168628467f,0.6754894329674915f,1.824103081456337f,-0.046262684954410035f,0.8444469690459124f,-0.533637592800564f,3.4181374785553755f,-0.77996119497215f,-0.3643015081472206f,-0.5088663336272858f,0.26389782028608744f,0f,0f,0f,1f], start_interpolation: 0, interpolation_duration: 1 }
$data merge entity $(bone_leftarm) { transformation: [-0.5838771617216295f,-0.5714887896865639f,0.5766177445088561f,1.4039424597292487f,-0.15223914852781142f,0.7747335277475886f,0.6136865671002609f,3.6537360265318926f,-0.7974400928442342f,0.27053377653513533f,-0.5393521800069194f,0.242410295363042f,0f,0f,0f,1f], start_interpolation: 0, interpolation_duration: 1 }
$data merge entity $(bone_rightthumb2) { transformation: [-0.19952784777185273f,-0.88280689426264f,-0.42525360128502765f,0.6688526497835243f,0.01699237897923528f,0.4307975310881639f,-0.9022886158347387f,2.784870256162141f,0.979744812193542f,-0.18725777594186926f,-0.07095511489065687f,0.40106510761853925f,0f,0f,0f,1f], start_interpolation: 0, interpolation_duration: 1 }
$data merge entity $(bone_rightthumb) { transformation: [-0.19952784777185273f,-0.88280689426264f,-0.42525360128502765f,0.41600977038550363f,0.01699237897923528f,0.4307975310881639f,-0.9022886158347387f,2.813412790292333f,0.979744812193542f,-0.18725777594186926f,-0.07095511489065687f,0.34907789577134707f,0f,0f,0f,1f], start_interpolation: 0, interpolation_duration: 1 }
$data merge entity $(bone_rightpointerfinger) { transformation: [-0.19952784777185273f,-0.88280689426264f,-0.42525360128502765f,0.6639236616551505f,0.01699237897923528f,0.4307975310881639f,-0.9022886158347387f,2.6316211129876295f,0.979744812193542f,-0.18725777594186926f,-0.07095511489065687f,0.514355421325442f,0f,0f,0f,1f], start_interpolation: 0, interpolation_duration: 1 }
$data merge entity $(bone_rightmidfinger) { transformation: [-0.19952784777185273f,-0.88280689426264f,-0.42525360128502765f,0.5974777864543649f,0.01699237897923528f,0.4307975310881639f,-0.9022886158347387f,2.4906385167634517f,0.979744812193542f,-0.18725777594186926f,-0.07095511489065687f,0.5032686846237768f,0f,0f,0f,1f], start_interpolation: 0, interpolation_duration: 1 }
$data merge entity $(bone_rightringfinger) { transformation: [-0.19952784777185273f,-0.88280689426264f,-0.42525360128502765f,0.5310319112535793f,0.01699237897923528f,0.4307975310881639f,-0.9022886158347387f,2.3496559205392735f,0.979744812193542f,-0.18725777594186926f,-0.07095511489065687f,0.49218194792211173f,0f,0f,0f,1f], start_interpolation: 0, interpolation_duration: 1 }
$data merge entity $(bone_hugeasssword) { transformation: [-0.7814840704397565f,-3.457660335862007f,-1.6655766050330252f,0.47780180814174295f,0.06655348433533818f,1.6872903300953086f,-3.533963745352727f,2.587728924221793f,3.83733384775804f,-0.7334262891056547f,-0.2779075333217394f,0.20609590681684162f,0f,0f,0f,1f], start_interpolation: 0, interpolation_duration: 1 }
$data merge entity $(bone_ice) { transformation: [-0.19952784777185273f,-0.88280689426264f,-0.42525360128502765f,0.49471328848603197f,0.01699237897923528f,0.4307975310881639f,-0.9022886158347387f,2.58073220687699f,0.979744812193542f,-0.18725777594186926f,-0.07095511489065687f,0.19371329687540922f,0f,0f,0f,1f], start_interpolation: 0, interpolation_duration: 1 }
$data merge entity $(bone_righthand1) { transformation: [-0.19952784777185273f,-0.88280689426264f,-0.42525360128502765f,0.2108404279372516f,0.01699237897923528f,0.4307975310881639f,-0.9022886158347387f,2.6644831651490044f,0.979744812193542f,-0.18725777594186926f,-0.07095511489065687f,0.3896177085979944f,0f,0f,0f,1f], start_interpolation: 0, interpolation_duration: 1 }
$data merge entity $(bone_rightforearm) { transformation: [-0.4810108901985774f,-0.6922602385796001f,-0.5379630894328051f,-0.24439188466974526f,-0.02354333624429311f,0.6235906833980993f,-0.781396423652924f,3.113436895123114f,0.8763984452455748f,-0.3631947434377424f,-0.31625202530629315f,0.08540003767705809f,0f,0f,0f,1f], start_interpolation: 0, interpolation_duration: 1 }
$data merge entity $(bone_rightelbow) { transformation: [-0.4810108901985774f,-0.6922602385796001f,-0.5379630894328051f,-0.37419067940342027f,-0.02354333624429311f,0.6235906833980993f,-0.781396423652924f,3.2303601482602575f,0.8763984452455748f,-0.3631947434377424f,-0.31625202530629315f,0.017301023282481398f,0f,0f,0f,1f], start_interpolation: 0, interpolation_duration: 1 }
$data merge entity $(bone_rightarm) { transformation: [-0.46428090854783566f,0.6755903459477707f,-0.572731108304908f,0.040355294723548485f,0.05924759227749482f,0.6688930825259363f,0.7409937698511848f,3.3939237847801706f,0.8837041138114705f,0.31009632150530714f,-0.3505813894398292f,-0.02953699190952433f,0f,0f,0f,1f], start_interpolation: 0, interpolation_duration: 1 }
$data merge entity $(bone_chest1) { transformation: [-1.0565659799019531f,-0.21737816189649248f,0.10013079424152607f,0.7596367104987972f,-0.19529576595591377f,1.0450744199445077f,0.20806280707626326f,3.445478014739572f,-0.13834379286628465f,0.1848710432146249f,-1.0584397968081216f,-0.019282437587854057f,0f,0f,0f,1f], start_interpolation: 0, interpolation_duration: 1 }
$data merge entity $(bone_chest1lid) { transformation: [-0.9752916737556492f,-0.20065676482753153f,0.09242842545371638f,0.5276156289450024f,-0.1802730147285358f,0.9646840799487765f,0.19205797576270456f,2.6494592241213106f,-0.12770196264580122f,0.17065019373657686f,-0.9770213508998047f,0.2028132965174982f,0f,0f,0f,1f], start_interpolation: 0, interpolation_duration: 1 }
$data merge entity $(bone_chest2) { transformation: [-0.9752916737556492f,-0.20065676482753153f,0.09242842545371638f,0.5589682484493042f,-0.1802730147285358f,0.9646840799487765f,0.19205797576270456f,2.4987273366293143f,-0.12770196264580122f,0.17065019373657686f,-0.9770213508998047f,0.17614920374615806f,0f,0f,0f,1f], start_interpolation: 0, interpolation_duration: 1 }
$data merge entity $(bone_chest1lid3) { transformation: [-0.9752916737556492f,-0.20065676482753153f,0.09242842545371638f,0.6477833186110175f,-0.1802730147285358f,0.9646840799487765f,0.19205797576270456f,2.7837634282648267f,-0.12770196264580122f,0.17065019373657686f,-0.9770213508998047f,-0.41510963373732657f,0f,0f,0f,1f], start_interpolation: 0, interpolation_duration: 1 }
$data merge entity $(bone_chest3) { transformation: [-0.9752916737556492f,-0.20065676482753153f,0.09242842545371638f,0.6791359381153192f,-0.1802730147285358f,0.9646840799487765f,0.19205797576270456f,2.6330315407728304f,-0.12770196264580122f,0.17065019373657686f,-0.9770213508998047f,-0.4417737265086667f,0f,0f,0f,1f], start_interpolation: 0, interpolation_duration: 1 }
$data merge entity $(bone_hugeasssword2) { transformation: [-0.36201133302705674f,2.285369917852144f,-3.1601123257115775f,-0.6503082739403826f,-0.7522270717372596f,3.073182443711121f,2.3086753513625746f,4.39357788937854f,3.826666957690902f,0.8203120040691866f,0.15487410588743708f,-0.23745523079010178f,0f,0f,0f,1f], start_interpolation: 0, interpolation_duration: 1 }
$data merge entity $(bone_belt) { transformation: [-0.9752916737556492f,-0.20065676482753153f,0.09242842545371638f,0.858702580865394f,-0.1802730147285358f,0.9646840799487765f,0.19205797576270456f,3.0418484553217846f,-0.12770196264580122f,0.17065019373657686f,-0.9770213508998047f,0.04472714236330867f,0f,0f,0f,1f], start_interpolation: 0, interpolation_duration: 1 }
$data merge entity $(bone_torn_part) { transformation: [-0.9986905673563023f,-0.010734036492706154f,0.05001930761336272f,0.766437509691304f,0.010253064029611044f,0.9159046649632868f,0.40126489925795134f,2.757288312197412f,-0.05012010925318948f,0.4012523210637696f,-0.9145952927330131f,-0.009981622740604573f,0f,0f,0f,1f], start_interpolation: 0, interpolation_duration: 1 }
$data merge entity $(bone_lowerbody) { transformation: [-0.9986905673563023f,0.004803863333482503f,0.050932048561001114f,0.8544579296875001f,0.010253064029611044f,0.9941764865892262f,0.1072752916151093f,2.2557637109375f,-0.05012010925318948f,0.1076570314014615f,-0.9929239337624374f,0.0819759375000001f,0f,0f,0f,1f], start_interpolation: 0, interpolation_duration: 1 }
$data merge entity $(bone_leftfoot) { transformation: [-0.9224677758785941f,-0.10969860820675315f,-0.37016134026002956f,1.5302403691290287f,-0.11707942738926405f,0.9931192950321728f,-0.0025443107125283637f,0.2311217202415008f,0.36789347663121463f,0.04099123311515679f,-0.9289639975046916f,0.10065706520629936f,0f,0f,0f,1f], start_interpolation: 0, interpolation_duration: 1 }
$data merge entity $(bone_leftlowerleg) { transformation: [-0.9224677758785941f,-0.10969860820675315f,-0.37016134026002956f,1.4654171461247518f,-0.11707942738926405f,0.9931192950321728f,-0.0025443107125283637f,1.333254360377438f,0.36789347663121463f,0.04099123311515679f,-0.9289639975046916f,0.28886296844253323f,0f,0f,0f,1f], start_interpolation: 0, interpolation_duration: 1 }
$data merge entity $(bone_leftleg) { transformation: [-0.9180657823722492f,-0.333948896600627f,-0.21361964726226315f,1.0907714412176372f,-0.214068047796417f,0.8711589401977411f,-0.44187891081854025f,2.2499625929204754f,0.3336616402133468f,-0.35994476711402856f,-0.8712690023622823f,-0.06117989065382691f,0f,0f,0f,1f], start_interpolation: 0, interpolation_duration: 1 }
$data merge entity $(bone_rightfoot) { transformation: [-0.9862160519653301f,0.075064857461967f,0.14745564085558707f,0.438107986947125f,0.13643910820929323f,0.873094347582493f,0.46807118045288093f,0.3892463832415445f,-0.09360699010741706f,0.48173802776375785f,-0.8713014426760204f,-0.41822648192348894f,0f,0f,0f,1f], start_interpolation: 0, interpolation_duration: 1 }
$data merge entity $(bone_rightlowerleg) { transformation: [-0.9862160519653301f,0.075064857461967f,0.14745564085558707f,0.4987271490949624f,0.13643910820929323f,0.873094347582493f,0.46807118045288093f,1.285918336025702f,-0.09360699010741706f,0.48173802776375785f,-0.8713014426760204f,0.25007329735028877f,0f,0f,0f,1f], start_interpolation: 0, interpolation_duration: 1 }
$data merge entity $(bone_rightleg) { transformation: [-0.9971486573561007f,0.07526009166111566f,-0.005520302173444659f,0.605549281537256f,0.07264603603622959f,0.9375650055048909f,-0.34013881563390647f,2.2657713865869047f,-0.020423236304476833f,-0.33956999139466704f,-0.9403590337541705f,-0.09398125782467616f,0f,0f,0f,1f], start_interpolation: 0, interpolation_duration: 1 }
data modify entity @s data merge value {"locators":{"lefthand":{"posx":1.1655161463043928,"posy":2.5498016316721777,"posz":0.5819178210538304,"roty":80.65502581014505,"rotx":-76.56754354598236},"righthand":{"posx":0.496445998000353,"posy":2.5896922906054587,"posz":0.289598949437812,"roty":279.472745611099,"rotx":-64.46054551385829},"chest":{"posx":0.4952368704647159,"posy":2.5535238787013226,"posz":0.34081655915437536,"roty":5.404226520131516,"rotx":11.072909732788574},"sack":{"posx":0,"posy":-0.4375,"posz":0,"roty":0,"rotx":0}},"cameras":{}}