# This file was generated by Animated Java via MC-Build. It is not recommended to edit this file directly.
$data merge entity $(bone_nose) { transformation: [-0.9978560647667899f,-0.05397855586972073f,0.037007965552774254f,-0.5058931411656782f,-0.04605047691097895f,0.9808920971971891f,0.18902393296186468f,4.207465857695116f,-0.04650405987015842f,0.1869144434288575f,-0.9812748663107974f,0.5698742880535841f,0f,0f,0f,1f], start_interpolation: 0, interpolation_duration: 1 }
$data merge entity $(bone_glowing_eye) { transformation: [-0.9978560647667899f,-0.05397855586972073f,0.037007965552774254f,-0.6355713521576161f,-0.04605047691097895f,0.9808920971971891f,0.18902393296186468f,4.261527804529121f,-0.04650405987015842f,0.1869144434288575f,-0.9812748663107974f,0.6109591068265076f,0f,0f,0f,1f], start_interpolation: 0, interpolation_duration: 1 }
$data merge entity $(bone_head) { transformation: [-0.9978560647667899f,-0.05397855586972073f,0.037007965552774254f,-0.4922981111802875f,-0.04605047691097895f,0.9808920971971891f,0.18902393296186468f,4.1217440433877846f,-0.04650405987015842f,0.1869144434288575f,-0.9812748663107974f,0.36304605159559616f,0f,0f,0f,1f], start_interpolation: 0, interpolation_duration: 1 }
$data merge entity $(bone_leftthumb2) { transformation: [-0.39936501344351794f,0.8665692959672802f,0.29927452501679935f,-1.0359990661566698f,-0.8595090890449683f,-0.24032204823358896f,-0.4510980369962847f,3.755270932214221f,-0.3189854414959209f,-0.4373819479809207f,0.8408004041947574f,1.344268464649544f,0f,0f,0f,1f], start_interpolation: 0, interpolation_duration: 1 }
$data merge entity $(bone_leftthumb) { transformation: [-0.39936501344351794f,0.8665692959672802f,0.29927452501679935f,-0.7979041928687909f,-0.8595090890449683f,-0.24032204823358896f,-0.4510980369962847f,3.657784041803685f,-0.3189854414959209f,-0.4373819479809207f,0.8408004041947574f,1.3088565228133064f,0f,0f,0f,1f], start_interpolation: 0, interpolation_duration: 1 }
$data merge entity $(bone_leftpointerfinger) { transformation: [-0.39936501344351794f,0.8665692959672802f,0.29927452501679935f,-1.0245382014025075f,-0.8595090890449683f,-0.24032204823358896f,-0.4510980369962847f,3.8095033000104235f,-0.3189854414959209f,-0.4373819479809207f,0.8408004041947574f,1.5266740261047915f,0f,0f,0f,1f], start_interpolation: 0, interpolation_duration: 1 }
$data merge entity $(bone_leftmidfinger) { transformation: [-0.39936501344351794f,0.8665692959672802f,0.29927452501679935f,-0.9777765568686326f,-0.8595090890449683f,-0.24032204823358896f,-0.4510980369962847f,3.739019231729754f,-0.3189854414959209f,-0.4373819479809207f,0.8408004041947574f,1.6580490892602224f,0f,0f,0f,1f], start_interpolation: 0, interpolation_duration: 1 }
$data merge entity $(bone_leftringfinger) { transformation: [-0.39936501344351794f,0.8665692959672802f,0.29927452501679935f,-0.9310149123347576f,-0.8595090890449683f,-0.24032204823358896f,-0.4510980369962847f,3.668535163449085f,-0.3189854414959209f,-0.4373819479809207f,0.8408004041947574f,1.7894241524156533f,0f,0f,0f,1f], start_interpolation: 0, interpolation_duration: 1 }
$data merge entity $(bone_invisibility) { transformation: [0.8893552316849926f,-0.22260920446331728f,0.39936501344351794f,-1.013990453583521f,-0.278723334751272f,0.4284360261628558f,0.8595090890449679f,3.636156935445077f,-0.36243699388950756f,-0.8757212533529086f,0.318985441495921f,1.392750592632807f,0f,0f,0f,1f], start_interpolation: 0, interpolation_duration: 1 }
$data merge entity $(bone_swiftness) { transformation: [0.29927452501679924f,0.8665692959672802f,0.399365013443518f,-1.0960247640895155f,-0.45109803699628487f,-0.24032204823358896f,0.8595090890449681f,3.5393537949503004f,0.8408004041947573f,-0.4373819479809207f,0.31898544149592106f,1.5930158063737005f,0f,0f,0f,1f], start_interpolation: 0, interpolation_duration: 1 }
$data merge entity $(bone_suspicious_stew) { transformation: [0.9118573804878868f,0.09499317705513366f,0.39936501344351816f,-0.9984969158913373f,-0.4084480119807107f,0.30726917736423587f,0.8595090890449685f,3.5628411495192234f,-0.0410650600727015f,-0.9468695522377293f,0.3189854414959209f,1.5709029472309297f,0f,0f,0f,1f], start_interpolation: 0, interpolation_duration: 1 }
$data merge entity $(bone_log) { transformation: [-0.39936501344351794f,0.8665692959672802f,0.29927452501679935f,-0.9135877305455946f,-0.8595090890449683f,-0.24032204823358896f,-0.4510980369962847f,3.431076695907858f,-0.3189854414959209f,-0.4373819479809207f,0.8408004041947574f,1.5257378375397013f,0f,0f,0f,1f], start_interpolation: 0, interpolation_duration: 1 }
$data merge entity $(bone_planks) { transformation: [-0.39936501344351794f,0.8665692959672802f,0.29927452501679935f,-0.9510282005559244f,-0.8595090890449683f,-0.24032204823358896f,-0.4510980369962847f,3.3504977188098923f,-0.3189854414959209f,-0.4373819479809207f,0.8408004041947574f,1.4958329523994587f,0f,0f,0f,1f], start_interpolation: 0, interpolation_duration: 1 }
$data merge entity $(bone_lefthand1) { transformation: [-0.39936501344351794f,0.8665692959672802f,0.29927452501679935f,-0.60645648209967f,-0.8595090890449683f,-0.24032204823358896f,-0.4510980369962847f,3.5999702697668368f,-0.3189854414959209f,-0.4373819479809207f,0.8408004041947574f,1.4698636982873652f,0f,0f,0f,1f], start_interpolation: 0, interpolation_duration: 1 }
$data merge entity $(bone_leftforearm) { transformation: [-0.39488627147485716f,0.8279618794351787f,0.3981757888205306f,-0.052163864209028285f,-0.7340152321463148f,-0.02367571593893869f,-0.6787201923119499f,3.5413230270185205f,-0.5525273491673304f,-0.5602843801829078f,0.6170858463335371f,1.0244611746745522f,0f,0f,0f,1f], start_interpolation: 0, interpolation_duration: 1 }
$data merge entity $(bone_leftelbow) { transformation: [-0.39488627147485716f,0.8279618794351787f,0.3981757888205306f,0.10307898818506774f,-0.7340152321463148f,-0.02367571593893869f,-0.6787201923119499f,3.5368838302799697f,-0.5525273491673304f,-0.5602843801829078f,0.6170858463335371f,0.919407853390257f,0f,0f,0f,1f], start_interpolation: 0, interpolation_duration: 1 }
$data merge entity $(bone_leftarm) { transformation: [-0.4393032874359458f,0.3193577051348292f,0.8396566428123975f,0.10354013072071322f,-0.7767464836513035f,0.33452872786122423f,-0.5336248029944693f,3.5372748387918986f,-0.45130646104759686f,-0.8866234749918177f,0.10110040459922758f,0.41997439658709235f,0f,0f,0f,1f], start_interpolation: 0, interpolation_duration: 1 }
$data merge entity $(bone_rightthumb2) { transformation: [-0.9293122962579404f,-0.3528617952788684f,0.10893672225823328f,-0.6317050003766955f,0.2464266653208064f,-0.8122311561204276f,-0.5287290871950783f,4.246069816347838f,0.2750500947875876f,-0.4645095289225476f,0.8417709563162015f,1.2633933159878616f,0f,0f,0f,1f], start_interpolation: 0, interpolation_duration: 1 }
$data merge entity $(bone_rightthumb) { transformation: [-0.9293122962579404f,-0.3528617952788684f,0.10893672225823328f,-0.7089322492629905f,0.2464266653208064f,-0.8122311561204276f,-0.5287290871950783f,4.001692351074f,0.2750500947875876f,-0.4645095289225476f,0.8417709563162015f,1.2214114793404656f,0f,0f,0f,1f], start_interpolation: 0, interpolation_duration: 1 }
$data merge entity $(bone_rightpointerfinger) { transformation: [-0.9293122962579404f,-0.3528617952788684f,0.10893672225823328f,-0.6896865962344693f,0.2464266653208064f,-0.8122311561204276f,-0.5287290871950783f,4.270374439733209f,0.2750500947875876f,-0.4645095289225476f,0.8417709563162015f,1.4433702862128908f,0f,0f,0f,1f], start_interpolation: 0, interpolation_duration: 1 }
$data merge entity $(bone_rightmidfinger) { transformation: [-0.9293122962579404f,-0.3528617952788684f,0.10893672225823328f,-0.6726652333816203f,0.2464266653208064f,-0.8122311561204276f,-0.5287290871950783f,4.187760519858978f,0.2750500947875876f,-0.4645095289225476f,0.8417709563162015f,1.5748969981372973f,0f,0f,0f,1f], start_interpolation: 0, interpolation_duration: 1 }
$data merge entity $(bone_rightringfinger) { transformation: [-0.9293122962579404f,-0.3528617952788684f,0.10893672225823328f,-0.6556438705287714f,0.2464266653208064f,-0.8122311561204276f,-0.5287290871950783f,4.105146599984747f,0.2750500947875876f,-0.4645095289225476f,0.8417709563162015f,1.7064237100617037f,0f,0f,0f,1f], start_interpolation: 0, interpolation_duration: 1 }
$data merge entity $(bone_hugeasssword) { transformation: [-3.6398064936769337f,-1.3820420315089013f,0.42666882884474705f,-0.49919384313940995f,0.9651711058398251f,-3.181238694805008f,-2.0708555915140567f,3.9655803752836003f,1.0772795379180513f,-1.8193289882799781f,3.296936245571789f,1.3943306474545112f,0f,0f,0f,1f], start_interpolation: 0, interpolation_duration: 1 }
$data merge entity $(bone_ice) { transformation: [-0.9293122962579404f,-0.3528617952788684f,0.10893672225823328f,-0.47915987295914736f,0.2464266653208064f,-0.8122311561204276f,-0.5287290871950783f,3.9744210704523444f,0.2750500947875876f,-0.4645095289225476f,0.8417709563162015f,1.39729095111287f,0f,0f,0f,1f], start_interpolation: 0, interpolation_duration: 1 }
$data merge entity $(bone_righthand1) { transformation: [-0.9293122962579404f,-0.3528617952788684f,0.10893672225823328f,-0.7962991232727797f,0.2464266653208064f,-0.8122311561204276f,-0.5287290871950783f,3.816447163777593f,0.2750500947875876f,-0.4645095289225476f,0.8417709563162015f,1.3762314349640112f,0f,0f,0f,1f], start_interpolation: 0, interpolation_duration: 1 }
$data merge entity $(bone_rightforearm) { transformation: [-0.652144232109547f,-0.7152143293827421f,-0.25134908707183234f,-1.252911465765833f,0.5574624569536453f,-0.22773581874640697f,-0.7983558141249482f,3.6064238584328923f,0.5137543280727224f,-0.660760818984826f,0.5472217379463721f,0.8689155187562979f,0f,0f,0f,1f], start_interpolation: 0, interpolation_duration: 1 }
$data merge entity $(bone_rightelbow) { transformation: [-0.652144232109547f,-0.7152143293827421f,-0.25134908707183234f,-1.387014152525097f,0.5574624569536453f,-0.22773581874640697f,-0.7983558141249482f,3.563723392417941f,0.5137543280727224f,-0.660760818984826f,0.5472217379463721f,0.7450228651966431f,0f,0f,0f,1f], start_interpolation: 0, interpolation_duration: 1 }
$data merge entity $(bone_rightarm) { transformation: [-0.68130652807638f,0.021136441046008626f,-0.7316930132647278f,-1.186954010142668f,0.5962552244282303f,0.5958644216530188f,-0.5379826190037684f,3.6977354430367924f,0.42461879626619126f,-0.8028068521556241f,-0.4185690337201603f,0.35327742018221053f,0f,0f,0f,1f], start_interpolation: 0, interpolation_duration: 1 }
$data merge entity $(bone_chest1) { transformation: [-1.0737891456133575f,0.12288272229581156f,0.07407981125257566f,-0.5338109487934664f,0.13371542676776343f,1.0598486606996276f,0.18014469786433243f,3.493777490807548f,-0.052040047255567275f,0.18770126287664443f,-1.0656787416981077f,0.16530631362731674f,0f,0f,0f,1f], start_interpolation: 0, interpolation_duration: 1 }
$data merge entity $(bone_chest1lid) { transformation: [-0.9911899805661761f,0.11343020519613375f,0.06838136423314677f,-0.9765126019502685f,0.12342962470870472f,0.9783218406458101f,0.16628741341322995f,2.8022147446288037f,-0.04803696669744672f,0.17326270419382564f,-0.9837034538751764f,0.41543113606702387f,0f,0f,0f,1f], start_interpolation: 0, interpolation_duration: 1 }
$data merge entity $(bone_chest2) { transformation: [-0.9911899805661761f,0.11343020519613375f,0.06838136423314677f,-0.9942360715121643f,0.12342962470870472f,0.9783218406458101f,0.16628741341322995f,2.649351957027896f,-0.04803696669744672f,0.17326270419382564f,-0.9837034538751764f,0.3883588385367386f,0f,0f,0f,1f], start_interpolation: 0, interpolation_duration: 1 }
$data merge entity $(bone_chest1lid3) { transformation: [-0.9911899805661761f,0.11343020519613375f,0.06838136423314677f,-0.8707564167030227f,0.12342962470870472f,0.9783218406458101f,0.16628741341322995f,2.90102826730236f,-0.04803696669744672f,0.17326270419382564f,-0.9837034538751764f,-0.2117515786531707f,0f,0f,0f,1f], start_interpolation: 0, interpolation_duration: 1 }
$data merge entity $(bone_chest3) { transformation: [-0.9911899805661761f,0.11343020519613375f,0.06838136423314677f,-0.8884798862649186f,0.12342962470870472f,0.9783218406458101f,0.16628741341322995f,2.748165479701452f,-0.04803696669744672f,0.17326270419382564f,-0.9837034538751764f,-0.23882387618345596f,0f,0f,0f,1f], start_interpolation: 0, interpolation_duration: 1 }
$data merge entity $(bone_hugeasssword2) { transformation: [-0.267827009913159f,3.16237245967362f,-2.2952008401960318f,-1.605278967283645f,-0.651292369201817f,2.232275929255179f,3.151672604073143f,4.825051262878138f,3.8528385276777746f,0.5971786832628264f,0.3732166631810746f,0.0465459318538918f,0f,0f,0f,1f], start_interpolation: 0, interpolation_duration: 1 }
$data merge entity $(bone_belt) { transformation: [-0.9911899805661761f,0.11343020519613375f,0.06838136423314677f,-0.5561983178707129f,0.12342962470870472f,0.9783218406458101f,0.16628741341322995f,3.078361817296388f,-0.04803696669744672f,0.17326270419382564f,-0.9837034538751764f,0.22659838603379628f,0f,0f,0f,1f], start_interpolation: 0, interpolation_duration: 1 }
$data merge entity $(bone_torn_part) { transformation: [-0.9931688766741331f,0.11665760179499046f,0.0025663883731911925f,-0.7132133466242825f,0.10885528763877599f,0.918374011420416f,0.3804467130895638f,2.8105392097927693f,0.04202509677466501f,0.37812719961808483f,-0.9247992820877755f,0.18588503672591494f,0f,0f,0f,1f], start_interpolation: 0, interpolation_duration: 1 }
$data merge entity $(bone_lowerbody) { transformation: [-0.9931688766741331f,0.11203006013311811f,-0.03263200932229812f,-0.6663375f,0.10885528763877599f,0.9902713948466666f,0.08667808778184175f,2.30418875f,0.04202509677466501f,0.08253381231354369f,-0.9957017932423707f,0.28150187499999996f,0f,0f,0f,1f], start_interpolation: 0, interpolation_duration: 1 }
$data merge entity $(bone_leftfoot) { transformation: [-0.8637081871141888f,0.19040786493877698f,-0.4666401316661245f,-0.6860283009678361f,0.13400126629722073f,0.9793200951045418f,0.1515777422815528f,0.22366248827597524f,0.4858516524029357f,0.0683885684444992f,-0.8713616789619847f,0.24105201954871108f,0f,0f,0f,1f], start_interpolation: 0, interpolation_duration: 1 }
$data merge entity $(bone_leftlowerleg) { transformation: [-0.8637081871141888f,0.19040786493877698f,-0.4666401316661245f,-0.40309736112145633f,0.13400126629722073f,0.9793200951045418f,0.1515777422815528f,1.2868064618336383f,0.4858516524029357f,0.0683885684444992f,-0.8713616789619847f,0.4508014974319909f,0f,0f,0f,1f], start_interpolation: 0, interpolation_duration: 1 }
$data merge entity $(bone_leftleg) { transformation: [-0.8946671454412949f,-0.03282711908699442f,-0.44552562117163735f,-0.4550796637126835f,0.12661364759822324f,0.9377701286760676f,-0.32335146513468094f,2.28136883707372f,0.42841531614754164f,-0.3457015562813105f,-0.8348357628149874f,0.11715877277125025f,0f,0f,0f,1f], start_interpolation: 0, interpolation_duration: 1 }
$data merge entity $(bone_rightfoot) { transformation: [-0.9308876624038657f,0.3190516617875138f,0.17791626427871288f,-1.5199744137288125f,0.3335190012836568f,0.940982548708729f,0.05759269752647872f,0.4280253515302135f,-0.1490410539650704f,0.11295078634631206f,-0.9823588367275631f,0.3882346460691639f,0f,0f,0f,1f], start_interpolation: 0, interpolation_duration: 1 }
$data merge entity $(bone_rightlowerleg) { transformation: [-0.9308876624038657f,0.3190516617875138f,0.17791626427871288f,-1.1933625320560575f,0.3335190012836568f,0.940982548708729f,0.05759269752647872f,1.463079000497068f,-0.1490410539650704f,0.11295078634631206f,-0.9823588367275631f,0.6644745621153832f,0f,0f,0f,1f], start_interpolation: 0, interpolation_duration: 1 }
$data merge entity $(bone_rightleg) { transformation: [-0.9634098924506329f,0.22584438302193996f,-0.14434574391266058f,-0.9295929759507726f,0.2679662924815013f,0.823531965340994f,-0.49998916803798665f,2.3256794692377323f,0.005953588999809023f,-0.5203743044377181f,-0.8539175241549868f,0.13229139962313474f,0f,0f,0f,1f], start_interpolation: 0, interpolation_duration: 1 }
data modify entity @s data merge value {"locators":{"lefthand":{"posx":-0.948524151236096,"posy":3.5374792398521397,"posz":1.5766756810504103,"roty":160.40731986373333,"rotx":-26.81415471316976},"righthand":{"posx":-0.5624715714673818,"posy":4.018476074127975,"posz":1.4171821876961805,"roty":172.62612268984088,"rotx":-31.919624524735998},"chest":{"posx":-1.025261264829149,"posy":2.7189443970147704,"posz":0.5568047265136109,"roty":3.9764737633908567,"rotx":9.57203109505036},"sack":{"posx":0,"posy":-0.4375,"posz":0,"roty":0,"rotx":0}},"cameras":{}}