# This file was generated by Animated Java via MC-Build. It is not recommended to edit this file directly.
$data merge entity $(bone_nose) { transformation: [-0.966499826636886f,-0.05826142473257617f,0.24996738086998382f,-0.41928974532144525f,-0.04897158317582054f,0.9978642165033039f,0.043229497608707895f,4.271520375140189f,-0.2519521167843661f,0.02954000356089942f,-0.9672887464648283f,1.9577489220891011f,0f,0f,0f,1f], start_interpolation: 0, interpolation_duration: 1 }
$data merge entity $(bone_glowing_eye) { transformation: [-0.966499826636886f,-0.05826142473257617f,0.24996738086998382f,-0.5527697634645985f,-0.04897158317582054f,0.9978642165033039f,0.043229497608707895f,4.331453922009752f,-0.2519521167843661f,0.02954000356089942f,-0.9672887464648283f,1.9620091511080138f,0f,0f,0f,1f], start_interpolation: 0, interpolation_duration: 1 }
$data merge entity $(bone_head) { transformation: [-0.966499826636886f,-0.05826142473257617f,0.24996738086998382f,-0.3652881647576102f,-0.04897158317582054f,0.9978642165033039f,0.043229497608707895f,4.156402159586756f,-0.2519521167843661f,0.02954000356089942f,-0.9672887464648283f,1.772971760542641f,0f,0f,0f,1f], start_interpolation: 0, interpolation_duration: 1 }
$data merge entity $(bone_leftthumb2) { transformation: [-0.11315519629054599f,0.03639351618740181f,0.9929105768053661f,-0.019116188527094582f,-0.9840323345058378f,-0.14229117126886784f,-0.10692795343559547f,3.66520537118158f,0.13739092473463863f,-0.9891555664092738f,0.05191338211010547f,4.061552112930484f,0f,0f,0f,1f], start_interpolation: 0, interpolation_duration: 1 }
$data merge entity $(bone_leftthumb) { transformation: [-0.11315519629054599f,0.03639351618740181f,0.9929105768053661f,0.07466070398383887f,-0.9840323345058378f,-0.14229117126886784f,-0.10692795343559547f,3.6211717330309523f,0.13739092473463863f,-0.9891555664092738f,0.05191338211010547f,3.823405516787032f,0f,0f,0f,1f], start_interpolation: 0, interpolation_duration: 1 }
$data merge entity $(bone_leftpointerfinger) { transformation: [-0.11315519629054599f,0.03639351618740181f,0.9929105768053661f,0.12163811436687766f,-0.9840323345058378f,-0.14229117126886784f,-0.10692795343559547f,3.770477312372832f,0.13739092473463863f,-0.9891555664092738f,0.05191338211010547f,4.135378494408635f,0f,0f,0f,1f], start_interpolation: 0, interpolation_duration: 1 }
$data merge entity $(bone_leftmidfinger) { transformation: [-0.11315519629054599f,0.03639351618740181f,0.9929105768053661f,0.27678039199271615f,-0.9840323345058378f,-0.14229117126886784f,-0.10692795343559547f,3.7537698196485203f,0.13739092473463863f,-0.9891555664092738f,0.05191338211010547f,4.143489960363339f,0f,0f,0f,1f], start_interpolation: 0, interpolation_duration: 1 }
$data merge entity $(bone_leftringfinger) { transformation: [-0.11315519629054599f,0.03639351618740181f,0.9929105768053661f,0.4319226696185546f,-0.9840323345058378f,-0.14229117126886784f,-0.10692795343559547f,3.7370623269242085f,0.13739092473463863f,-0.9891555664092738f,0.05191338211010547f,4.1516014263180425f,0f,0f,0f,1f], start_interpolation: 0, interpolation_duration: 1 }
$data merge entity $(bone_invisibility) { transformation: [0.12279288667428306f,-0.9859603483582104f,0.11315519629054618f,0.07337360037022968f,-0.15106909560547718f,0.09411956757196885f,0.9840323345058376f,3.573749651340317f,-0.9808669814685066f,-0.1379264241014788f,-0.13739092473463865f,4.0513281095294245f,0f,0f,0f,1f], start_interpolation: 0, interpolation_duration: 1 }
$data merge entity $(bone_swiftness) { transformation: [0.9929105768053661f,0.03639351618740181f,0.11315519629054621f,0.2487225610560759f,-0.10692795343559569f,-0.14229117126886784f,0.9840323345058378f,3.5217178067423536f,0.051913382110105495f,-0.9891555664092738f,-0.13739092473463863f,4.202165973073888f,0f,0f,0f,1f], start_interpolation: 0, interpolation_duration: 1 }
$data merge entity $(bone_suspicious_stew) { transformation: [0.4526058691517258f,-0.8845020230400034f,0.11315519629054602f,0.25783838744995136f,-0.17414930235998238f,0.03677478938787553f,0.984032334505838f,3.5603705587243715f,-0.8745398491189196f,-0.4650847085248219f,-0.13739092473463876f,4.107428535850504f,0f,0f,0f,1f], start_interpolation: 0, interpolation_duration: 1 }
$data merge entity $(bone_log) { transformation: [-0.11315519629054599f,0.03639351618740181f,0.9929105768053661f,0.29832196060888944f,-0.9840323345058378f,-0.14229117126886784f,-0.10692795343559547f,3.445318883138547f,0.13739092473463863f,-0.9891555664092738f,0.05191338211010547f,3.9990979290296282f,0f,0f,0f,1f], start_interpolation: 0, interpolation_duration: 1 }
$data merge entity $(bone_planks) { transformation: [-0.11315519629054599f,0.03639351618740181f,0.9929105768053661f,0.28771366095665074f,-0.9840323345058378f,-0.14229117126886784f,-0.10692795343559547f,3.3530658517786245f,0.13739092473463863f,-0.9891555664092738f,0.05191338211010547f,4.011978328223501f,0f,0f,0f,1f], start_interpolation: 0, interpolation_duration: 1 }
$data merge entity $(bone_lefthand1) { transformation: [-0.11315519629054599f,0.03639351618740181f,0.9929105768053661f,0.3046806832032087f,-0.9840323345058378f,-0.14229117126886784f,-0.10692795343559547f,3.659095672492652f,0.13739092473463863f,-0.9891555664092738f,0.05191338211010547f,3.7158390130527095f,0f,0f,0f,1f], start_interpolation: 0, interpolation_duration: 1 }
$data merge entity $(bone_leftforearm) { transformation: [-0.9783932017413092f,0.03639351618740181f,0.20352458024992198f,0.26594022759723873f,-0.20665777295765164f,-0.14229117126886784f,-0.9680112537853668f,3.5612562577247724f,-0.0062695823284588115f,-0.9891555664092738f,0.1467377176426553f,3.0176543796874937f,0f,0f,0f,1f], start_interpolation: 0, interpolation_duration: 1 }
$data merge entity $(bone_leftelbow) { transformation: [-0.9974070479907398f,0.02804536348080039f,0.06627698096343593f,0.2711987332498888f,-0.06578137006260859f,0.018241008076775853f,-0.9976673177853574f,3.564676446739168f,-0.02918890150526393f,-0.9994402049205209f,-0.016348847584561357f,2.830259341264896f,0f,0f,0f,1f], start_interpolation: 0, interpolation_duration: 1 }
$data merge entity $(bone_leftarm) { transformation: [-0.9974070479907398f,0.02804536348080039f,0.06627698096343593f,0.06496746758720728f,-0.06578137006260859f,0.018241008076775853f,-0.9976673177853574f,3.5905843797571526f,-0.02918890150526393f,-0.9994402049205209f,-0.016348847584561357f,2.3246650680873766f,0f,0f,0f,1f], start_interpolation: 0, interpolation_duration: 1 }
$data merge entity $(bone_rightthumb2) { transformation: [0.45389271576165036f,-0.6943081056640757f,-0.5584958880669376f,-0.3764578325423589f,-0.14590799514781372f,-0.6762322351512178f,0.722094745233847f,4.6195970433106f,-0.8790291573835646f,-0.24626452962526296f,-0.4082419894106792f,-0.08335041883973263f,0f,0f,0f,1f], start_interpolation: 0, interpolation_duration: 1 }
$data merge entity $(bone_rightthumb) { transformation: [0.45389271576165036f,-0.6943081056640757f,-0.5584958880669376f,-0.5944593505001613f,-0.14590799514781372f,-0.6762322351512178f,0.722094745233847f,4.515464571072349f,-0.8790291573835646f,-0.24626452962526296f,-0.4082419894106792f,-0.1786322875564193f,0f,0f,0f,1f], start_interpolation: 0, interpolation_duration: 1 }
$data merge entity $(bone_rightpointerfinger) { transformation: [-0.47868174553688164f,-0.8107093627039399f,-0.33706693061458354f,-0.7803763489529724f,0.8107016230147358f,-0.5555207207292014f,0.18482317842138335f,4.801356343374287f,-0.33708554541990965f,-0.18478922605141587f,0.9231610244178863f,-0.2529756537120781f,0f,0f,0f,1f], start_interpolation: 0, interpolation_duration: 1 }
$data merge entity $(bone_rightmidfinger) { transformation: [-0.36876775073509727f,-0.8662541372506345f,-0.33706693061458354f,-0.833043056861501f,0.876275962621489f,-0.44495036807491306f,0.18482317842138335f,4.830234965002629f,-0.31008189781017587f,-0.22720682130199973f,0.9231610244178863f,-0.10873174364678338f,0f,0f,0f,1f], start_interpolation: 0, interpolation_duration: 1 }
$data merge entity $(bone_rightringfinger) { transformation: [-0.44286350084983306f,-0.8308175515124209f,-0.33706693061458354f,-0.8857097647700296f,0.8341614882133552f,-0.519629679964394f,0.18482317842138335f,4.859113586630969f,-0.32870432184063386f,-0.1993168126350816f,0.9231610244178863f,0.035512166418511376f,0f,0f,0f,1f], start_interpolation: 0, interpolation_duration: 1 }
$data merge entity $(bone_hugeasssword) { transformation: [-3.6875694780698636f,0.6255501766206594f,1.1622375397117424f,-0.5409506299564925f,0.4044160959062479f,3.8184600406830027f,-0.7720675597749808f,4.712339134840782f,-1.25640628124715f,-0.6069000510914542f,-3.6596985343338977f,0.0045958092703748815f,0f,0f,0f,1f], start_interpolation: 0, interpolation_duration: 1 }
$data merge entity $(bone_ice) { transformation: [-0.9171296383408089f,0.21274188765478536f,-0.33706693061458354f,-0.5299445713520233f,-0.2860268481432532f,-0.9402281823363169f,0.18482317842138335f,4.731499369692025f,-0.2776001956377091f,0.26591700655961226f,0.9231610244178863f,0.004778359099720145f,0f,0f,0f,1f], start_interpolation: 0, interpolation_duration: 1 }
$data merge entity $(bone_righthand1) { transformation: [-0.9171296383408089f,0.21274188765478536f,-0.33706693061458354f,-0.716574850605235f,-0.2860268481432532f,-0.9402281823363169f,0.18482317842138335f,4.430711336397801f,-0.2776001956377091f,0.26591700655961226f,0.9231610244178863f,0.03070634384325488f,0f,0f,0f,1f], start_interpolation: 0, interpolation_duration: 1 }
$data merge entity $(bone_rightforearm) { transformation: [0.9760400668364902f,0.20495934051166284f,0.07305789941439922f,-0.6346068481636027f,0.21721123985813984f,-0.8979501580950909f,-0.3827594425436052f,3.7917450452858f,-0.012847770589093775f,0.3894575487957913f,-0.9209548047960139f,0.31973658732705174f,0f,0f,0f,1f], start_interpolation: 0, interpolation_duration: 1 }
$data merge entity $(bone_rightelbow) { transformation: [0.8859162143421198f,0.3230887820278521f,0.33281541444693774f,-0.5740277015333805f,0.40077522673721633f,-0.171946025268984f,-0.8998965396243789f,3.7595051655478655f,-0.2335201892759185f,0.9306171088702149f,-0.28181575165093586f,0.494227295240217f,0f,0f,0f,1f], start_interpolation: 0, interpolation_duration: 1 }
$data merge entity $(bone_rightarm) { transformation: [0.8859162143421198f,0.20805572272794923f,0.41456637273888797f,-0.6767492112048348f,0.40077522673721633f,0.10661626950606459f,-0.9099517507595354f,3.753579711663367f,-0.2335201892759185f,0.9722889422989244f,0.011069502417822959f,1.0311083858432295f,0f,0f,0f,1f], start_interpolation: 0, interpolation_duration: 1 }
$data merge entity $(bone_chest1) { transformation: [-0.5356842680164748f,-0.18251029435877186f,0.923765916541544f,-0.18617666582154674f,0.1177188508211549f,1.041470658699155f,0.2740296523028228f,3.5460703693937514f,-0.9342353816207728f,0.23588126384461675f,-0.49515188801625903f,1.590671356102199f,0f,0f,0f,1f], start_interpolation: 0, interpolation_duration: 1 }
$data merge entity $(bone_chest1lid) { transformation: [-0.4944777858613614f,-0.16847104094655865f,0.8527069998845023f,-0.5735440136175142f,0.10866355460414298f,0.9613575311069124f,0.25295044827952873f,2.827147412155359f,-0.8623711214960981f,0.2177365512411847f,-0.4570632812457776f,1.3262804866916449f,0f,0f,0f,1f], start_interpolation: 0, interpolation_duration: 1 }
$data merge entity $(bone_chest2) { transformation: [-0.4944777858613614f,-0.16847104094655865f,0.8527069998845023f,-0.5472204134696144f,0.10866355460414298f,0.9613575311069124f,0.25295044827952873f,2.6769352979199037f,-0.8623711214960981f,0.2177365512411847f,-0.4570632812457776f,1.2922591505602097f,0f,0f,0f,1f], start_interpolation: 0, interpolation_duration: 1 }
$data merge entity $(bone_chest1lid3) { transformation: [-0.4944777858613614f,-0.16847104094655865f,0.8527069998845023f,0.0036262697998302347f,0.10866355460414298f,0.9613575311069124f,0.25295044827952873f,2.9824023209216732f,-0.8623711214960981f,0.2177365512411847f,-0.4570632812457776f,1.0873725172370747f,0f,0f,0f,1f], start_interpolation: 0, interpolation_duration: 1 }
$data merge entity $(bone_chest3) { transformation: [-0.4944777858613614f,-0.16847104094655865f,0.8527069998845023f,0.029949869947730023f,0.10866355460414298f,0.9613575311069124f,0.25295044827952873f,2.832190206686218f,-0.8623711214960981f,0.2177365512411847f,-0.4570632812457776f,1.0533511811056395f,0f,0f,0f,1f], start_interpolation: 0, interpolation_duration: 1 }
$data merge entity $(bone_hugeasssword2) { transformation: [-3.339769082880968f,0.9821036948701672f,-1.794907402439625f,-0.7649678047213021f,-0.9907225890948207f,2.230026851722256f,3.0636133518825055f,4.862427570136484f,1.7901645182126285f,3.0663871821571824f,-1.6531359365195764f,0.6597351946425751f,0f,0f,0f,1f], start_interpolation: 0, interpolation_duration: 1 }
$data merge entity $(bone_belt) { transformation: [-0.4944777858613614f,-0.16847104094655865f,0.8527069998845023f,-0.214853568749778f,0.10866355460414298f,0.9613575311069124f,0.25295044827952873f,3.126540620147497f,-0.8623711214960981f,0.2177365512411847f,-0.4570632812457776f,1.5913917508771915f,0f,0f,0f,1f], start_interpolation: 0, interpolation_duration: 1 }
$data merge entity $(bone_torn_part) { transformation: [-0.4944777858613614f,-0.3817927720101979f,0.7808495364219759f,-0.22946242311149148f,0.10866355460414298f,0.864162629166835f,0.49134018994201534f,2.869140669510867f,-0.8623711214960981f,0.3278066954658376f,-0.3858222637657519f,1.4241761971116793f,0f,0f,0f,1f], start_interpolation: 0, interpolation_duration: 1 }
$data merge entity $(bone_lowerbody) { transformation: [-0.4944777858613614f,-0.12931625419696766f,0.8595167396218126f,-0.2389004161006722f,0.10866355460414298f,0.9719153922846597f,0.20874075342622583f,2.354606763166999f,-0.8623711214960981f,0.1966158097423023f,-0.4665386073723595f,1.477995305256287f,0f,0f,0f,1f], start_interpolation: 0, interpolation_duration: 1 }
$data merge entity $(bone_leftfoot) { transformation: [-0.867569941503986f,-0.016596027032090954f,0.49703819620379314f,0.01628492438622685f,-0.06175023746098115f,0.9953035191345376f,-0.07455074092131897f,0.3190185723758623f,-0.4934666197143255f,-0.09537020858294942f,-0.8645202244844026f,1.8715665998813498f,0f,0f,0f,1f], start_interpolation: 0, interpolation_duration: 1 }
$data merge entity $(bone_leftlowerleg) { transformation: [-0.867569941503986f,-0.016596027032090954f,0.49703819620379314f,-0.07849403740710348f,-0.06175023746098115f,0.9953035191345376f,-0.07455074092131897f,1.4346378090988092f,-0.4934666197143255f,-0.09537020858294942f,-0.8645202244844026f,1.8985950249506867f,0f,0f,0f,1f], start_interpolation: 0, interpolation_duration: 1 }
$data merge entity $(bone_leftleg) { transformation: [-0.867569941503986f,0.1659271973360717f,0.46881826093163925f,0.058483142541573996f,-0.06175023746098115f,0.8994616172634368f,-0.43261496419258944f,2.399652187341188f,-0.4934666197143255f,-0.40427337811688663f,-0.7700998188375828f,1.473688572055113f,0f,0f,0f,1f], start_interpolation: 0, interpolation_duration: 1 }
$data merge entity $(bone_rightfoot) { transformation: [-0.47199402871019897f,-0.09474303340006718f,0.8764960892577157f,-0.31586677427069443f,0.17270936206351192f,0.9650069561933826f,0.1973145984310275f,0.323305395360578f,-0.8645190067994634f,0.24451039266365887f,-0.4391145121285935f,0.7242930048267899f,0f,0f,0f,1f], start_interpolation: 0, interpolation_duration: 1 }
$data merge entity $(bone_rightlowerleg) { transformation: [-0.47199402871019897f,-0.09474303340006718f,0.8764960892577157f,-0.5556421163929515f,0.17270936206351192f,0.9650069561933826f,0.1973145984310275f,1.3635434625900527f,-0.8645190067994634f,0.24451039266365887f,-0.4391145121285935f,1.0630147453506043f,0f,0f,0f,1f], start_interpolation: 0, interpolation_duration: 1 }
$data merge entity $(bone_rightleg) { transformation: [-0.47199402871019897f,0.19203652538276153f,0.8604322226537264f,-0.3592607631648942f,0.17270936206351192f,0.9772172662360927f,-0.12336081560070941f,2.399652187341188f,-0.8645190067994634f,0.09037913193305996f,-0.49440722020769057f,1.19893408301971f,0f,0f,0f,1f], start_interpolation: 0, interpolation_duration: 1 }
data modify entity @s data merge value {"locators":{"lefthand":{"posx":0.2905727890464035,"posy":3.550359161526281,"posz":4.06268416186601,"roty":92.99292996834288,"rotx":-6.138255607740346},"righthand":{"posx":-0.6139828961502274,"posy":4.716487555864766,"posz":-0.03982600347533849,"roty":200.05827929825256,"rotx":10.650823492074666},"chest":{"posx":-0.7117024730984752,"posy":2.73093479499888,"posz":1.3571389923869703,"roty":61.80804807892446,"rotx":14.652173459513051},"sack":{"posx":0,"posy":-0.4375,"posz":0,"roty":0,"rotx":0}},"cameras":{}}