# This file was generated by Animated Java via MC-Build. It is not recommended to edit this file directly.
$data merge entity $(bone_nose) { transformation: [-0.9935776328329259f,0.002557995710284873f,-0.11312357929302616f,0.06307656814596463f,-0.011355679042462472f,0.9924430213574971f,0.12217977701848581f,3.8455171466910487f,0.11258124216584212f,0.12267968868866794f,-0.986040140103661f,2.787710869739527f,0f,0f,0f,1f], start_interpolation: 0, interpolation_duration: 1 }
$data merge entity $(bone_glowing_eye) { transformation: [-0.9935776328329259f,0.002557995710284873f,-0.11312357929302616f,-0.05699992086318247f,-0.011355679042462472f,0.9924430213574971f,0.12217977701848581f,3.9070306032747713f,0.11258124216584212f,0.12267968868866794f,-0.986040140103661f,2.844498423670956f,0f,0f,0f,1f], start_interpolation: 0, interpolation_duration: 1 }
$data merge entity $(bone_head) { transformation: [-0.9935776328329259f,0.002557995710284873f,-0.11312357929302616f,0.04157775898887963f,-0.011355679042462472f,0.9924430213574971f,0.12217977701848581f,3.7458521579438635f,0.11258124216584212f,0.12267968868866794f,-0.986040140103661f,2.587921818719167f,0f,0f,0f,1f], start_interpolation: 0, interpolation_duration: 1 }
$data merge entity $(bone_leftthumb2) { transformation: [-0.9318526735634044f,-0.21141892535226173f,0.2948773181776282f,1.2301838705690202f,-0.3065233338871083f,0.8935687000608481f,-0.3279914999726339f,1.7939062764462863f,-0.19414953143252175f,-0.3960265348110664f,-0.8974792160100822f,3.0097033286977535f,0f,0f,0f,1f], start_interpolation: 0, interpolation_duration: 1 }
$data merge entity $(bone_leftthumb) { transformation: [-0.9318526735634044f,-0.21141892535226173f,0.2948773181776282f,1.203534443186483f,-0.3065233338871083f,0.8935687000608481f,-0.3279914999726339f,1.9850179647620476f,-0.19414953143252175f,-0.3960265348110664f,-0.8974792160100822f,2.835884461132169f,0f,0f,0f,1f], start_interpolation: 0, interpolation_duration: 1 }
$data merge entity $(bone_leftpointerfinger) { transformation: [-0.9318526735634044f,-0.21141892535226173f,0.2948773181776282f,1.3886500385282674f,-0.3065233338871083f,0.8935687000608481f,-0.3279914999726339f,1.709967123137267f,-0.19414953143252175f,-0.3960265348110664f,-0.8974792160100822f,2.9449964346170097f,0f,0f,0f,1f], start_interpolation: 0, interpolation_duration: 1 }
$data merge entity $(bone_leftmidfinger) { transformation: [-0.9318526735634044f,-0.21141892535226173f,0.2948773181776282f,1.434724619493522f,-0.3065233338871083f,0.8935687000608481f,-0.3279914999726339f,1.658718451266543f,-0.19414953143252175f,-0.3960265348110664f,-0.8974792160100822f,2.804765307115434f,0f,0f,0f,1f], start_interpolation: 0, interpolation_duration: 1 }
$data merge entity $(bone_leftringfinger) { transformation: [-0.9318526735634044f,-0.21141892535226173f,0.2948773181776282f,1.4807992004587762f,-0.3065233338871083f,0.8935687000608481f,-0.3279914999726339f,1.607469779395819f,-0.19414953143252175f,-0.3960265348110664f,-0.8974792160100822f,2.6645341796138586f,0f,0f,0f,1f], start_interpolation: 0, interpolation_duration: 1 }
$data merge entity $(bone_invisibility) { transformation: [-0.18491416082696913f,-0.31218159442605387f,0.9318526735634043f,1.1815888010816749f,0.8615820585863164f,0.4046230370417594f,0.30652333388710823f,1.7604778089767343f,-0.472740001954375f,0.8595480498475403f,0.19414953143252148f,2.893324220728766f,0f,0f,0f,1f], start_interpolation: 0, interpolation_duration: 1 }
$data merge entity $(bone_swiftness) { transformation: [0.29487731817762797f,-0.21141892535226173f,0.9318526735634045f,1.2169741891482546f,-0.32799149997263394f,0.8935687000608481f,0.30652333388710823f,1.5620104286575542f,-0.8974792160100822f,-0.3960265348110664f,0.19414953143252156f,2.768563629173778f,0f,0f,0f,1f], start_interpolation: 0, interpolation_duration: 1 }
$data merge entity $(bone_suspicious_stew) { transformation: [-0.06699007873868663f,-0.35659910841632775f,0.9318526735634046f,1.2467885603658673f,0.6712330735332042f,0.6748997012726413f,0.30652333388710845f,1.6570933699165131f,-0.7382130385909973f,0.6460243564284398f,0.19414953143252175f,2.7436106115461447f,0f,0f,0f,1f], start_interpolation: 0, interpolation_duration: 1 }
$data merge entity $(bone_log) { transformation: [-0.9318526735634044f,-0.21141892535226173f,0.2948773181776282f,1.146822380839842f,-0.3065233338871083f,0.8935687000608481f,-0.3279914999726339f,1.7246782933109857f,-0.19414953143252175f,-0.3960265348110664f,-0.8974792160100822f,2.63383643787249f,0f,0f,0f,1f], start_interpolation: 0, interpolation_duration: 1 }
$data merge entity $(bone_planks) { transformation: [-0.9318526735634044f,-0.21141892535226173f,0.2948773181776282f,1.0594611926932727f,-0.3065233338871083f,0.8935687000608481f,-0.3279914999726339f,1.6959417307590692f,-0.19414953143252175f,-0.3960265348110664f,-0.8974792160100822f,2.6156349193006907f,0f,0f,0f,1f], start_interpolation: 0, interpolation_duration: 1 }
$data merge entity $(bone_lefthand1) { transformation: [-0.9318526735634044f,-0.21141892535226173f,0.2948773181776282f,1.3177159016995765f,-0.3065233338871083f,0.8935687000608481f,-0.3279914999726339f,2.0349510361721195f,-0.19414953143252175f,-0.3960265348110664f,-0.8974792160100822f,2.6114134125281687f,0f,0f,0f,1f], start_interpolation: 0, interpolation_duration: 1 }
$data merge entity $(bone_leftforearm) { transformation: [-0.9762597735815575f,-0.21141892535226173f,0.04710512168948261f,1.107309716436022f,-0.21258959369944044f,0.8935687000608481f,-0.3953993461328341f,2.6561327935795136f,0.04150324249011167f,-0.3960265348110664f,-0.91730064024198f,2.3498840303985506f,0f,0f,0f,1f], start_interpolation: 0, interpolation_duration: 1 }
$data merge entity $(bone_leftelbow) { transformation: [-0.9716654817431986f,-0.19388064024729787f,-0.1351905652257427f,1.0709570963896535f,-0.16726771926792963f,0.968159493135864f,-0.1862490427943504f,2.837662698542488f,0.16699611276812104f,-0.1583587483791299f,-0.9731571328064819f,2.320191765077464f,0f,0f,0f,1f], start_interpolation: 0, interpolation_duration: 1 }
$data merge entity $(bone_leftarm) { transformation: [-0.9716654817431986f,-0.19388064024729787f,-0.1351905652257427f,0.7656896572979844f,-0.16726771926792963f,0.968159493135864f,-0.1862490427943504f,3.290972914107884f,0.16699611276812104f,-0.1583587483791299f,-0.9731571328064819f,2.307953950956128f,0f,0f,0f,1f], start_interpolation: 0, interpolation_duration: 1 }
$data merge entity $(bone_rightthumb2) { transformation: [-0.9132678231127039f,-0.10689737377861516f,0.3930837502953003f,-1.0152061249034532f,-0.19172887191084576f,0.9641895303308478f,-0.18324461595412256f,1.6506991923223366f,-0.35941886837334724f,-0.24271691552014757f,-0.9010585863181195f,2.656257401615926f,0f,0f,0f,1f], start_interpolation: 0, interpolation_duration: 1 }
$data merge entity $(bone_rightthumb) { transformation: [-0.9132678231127039f,-0.10689737377861516f,0.3930837502953003f,-1.0078299495014946f,-0.19172887191084576f,0.9641895303308478f,-0.18324461595412256f,1.8714998164466001f,-0.35941886837334724f,-0.24271691552014757f,-0.9010585863181195f,2.5197306843211953f,0f,0f,0f,1f], start_interpolation: 0, interpolation_duration: 1 }
$data merge entity $(bone_rightpointerfinger) { transformation: [-0.9132678231127039f,-0.10689737377861516f,0.3930837502953003f,-1.0542171160882463f,-0.19172887191084576f,0.9641895303308478f,-0.18324461595412256f,1.5255651900686924f,-0.35941886837334724f,-0.24271691552014757f,-0.9010585863181195f,2.5178236122642472f,0f,0f,0f,1f], start_interpolation: 0, interpolation_duration: 1 }
$data merge entity $(bone_rightmidfinger) { transformation: [-0.9132678231127039f,-0.10689737377861516f,0.3930837502953003f,-0.9927977801046056f,-0.19172887191084576f,0.9641895303308478f,-0.18324461595412256f,1.4969332188258608f,-0.35941886837334724f,-0.24271691552014757f,-0.9010585863181195f,2.377033208152041f,0f,0f,0f,1f], start_interpolation: 0, interpolation_duration: 1 }
$data merge entity $(bone_rightringfinger) { transformation: [-0.9132678231127039f,-0.10689737377861516f,0.3930837502953003f,-0.9313784441209649f,-0.19172887191084576f,0.9641895303308478f,-0.18324461595412256f,1.468301247583029f,-0.35941886837334724f,-0.24271691552014757f,-0.9010585863181195f,2.236242804039835f,0f,0f,0f,1f], start_interpolation: 0, interpolation_duration: 1 }
$data merge entity $(bone_hugeasssword) { transformation: [-3.079273959876462f,1.7286546689958233f,-1.6941377432674867f,-0.7780664772374389f,-2.1672083282351715f,-3.1898684588399395f,0.6842697239422496f,1.746575395899916f,-1.0777558720937819f,1.475388094175505f,3.464383066219773f,2.437281012009902f,0f,0f,0f,1f], start_interpolation: 0, interpolation_duration: 1 }
$data merge entity $(bone_ice) { transformation: [-0.9132678231127039f,-0.10689737377861516f,0.3930837502953003f,-0.7621263960360121f,-0.19172887191084576f,0.9641895303308478f,-0.18324461595412256f,1.7345056981121034f,-0.35941886837334724f,-0.24271691552014757f,-0.9010585863181195f,2.4466893836332377f,0f,0f,0f,1f], start_interpolation: 0, interpolation_duration: 1 }
$data merge entity $(bone_righthand1) { transformation: [-0.9132678231127039f,-0.10689737377861516f,0.3930837502953003f,-1.0048838280621137f,-0.19172887191084576f,0.9641895303308478f,-0.18324461595412256f,1.9218944684685375f,-0.35941886837334724f,-0.24271691552014757f,-0.9010585863181195f,2.267997356837423f,0f,0f,0f,1f], start_interpolation: 0, interpolation_duration: 1 }
$data merge entity $(bone_rightforearm) { transformation: [-0.9876811185251595f,-0.005097294620549149f,-0.1563970130675171f,-0.944294090105185f,-0.019069889466508637f,0.995940500613495f,0.08797078238526618f,2.6219824575792883f,0.15531370649310036f,0.08986955449590273f,-0.9837688324754363f,2.3368511686939644f,0f,0f,0f,1f], start_interpolation: 0, interpolation_duration: 1 }
$data merge entity $(bone_rightelbow) { transformation: [-0.9876811185251595f,-0.005097294620549149f,-0.1563970130675171f,-0.945249832846538f,-0.019069889466508637f,0.995940500613495f,0.08797078238526618f,2.8087213014443186f,0.15531370649310036f,0.08986955449590273f,-0.9837688324754363f,2.353701710161946f,0f,0f,0f,1f], start_interpolation: 0, interpolation_duration: 1 }
$data merge entity $(bone_rightarm) { transformation: [-0.9876811185251595f,0.0421681125719725f,-0.15069126846306408f,-0.7034014297437023f,-0.019069889466508637f,0.9233920129215872f,0.3833843108270789f,3.262608086512565f,0.15531370649310036f,0.38153511077584534f,-0.9112127149138332f,2.5389697895955603f,0f,0f,0f,1f], start_interpolation: 0, interpolation_duration: 1 }
$data merge entity $(bone_chest1) { transformation: [-1.069987878402256f,0.0456821219529702f,-0.1632488741683194f,-0.0007117568324030779f,-0.020659046922051023f,1.0003413473317195f,0.4153330033960021f,3.170804749957239f,0.1682565153675254f,0.41332970334049907f,-0.9871471078233192f,2.2633431132409187f,0f,0f,0f,1f], start_interpolation: 0, interpolation_duration: 1 }
$data merge entity $(bone_chest1lid) { transformation: [-0.9876811185251595f,0.0421681125719725f,-0.15069126846306408f,-0.3077839918162737f,-0.019069889466508637f,0.9233920129215872f,0.3833843108270789f,2.383176374181185f,0.15531370649310036f,0.38153511077584534f,-0.9112127149138332f,2.4121866437853523f,0f,0f,0f,1f], start_interpolation: 0, interpolation_duration: 1 }
$data merge entity $(bone_chest2) { transformation: [-0.9876811185251595f,0.0421681125719725f,-0.15069126846306408f,-0.3143727594056444f,-0.019069889466508637f,0.9233920129215872f,0.3833843108270789f,2.238896372162187f,0.15531370649310036f,0.38153511077584534f,-0.9112127149138332f,2.3525717827266264f,0f,0f,0f,1f], start_interpolation: 0, interpolation_duration: 1 }
$data merge entity $(bone_chest1lid3) { transformation: [-0.9876811185251595f,0.0421681125719725f,-0.15069126846306408f,-0.3425905157676017f,-0.019069889466508637f,0.9233920129215872f,0.3833843108270789f,2.6299738163964395f,0.15531370649310036f,0.38153511077584534f,-0.9112127149138332f,1.8187338916378593f,0f,0f,0f,1f], start_interpolation: 0, interpolation_duration: 1 }
$data merge entity $(bone_chest3) { transformation: [-0.9876811185251595f,0.0421681125719725f,-0.15069126846306408f,-0.3491792833569724f,-0.019069889466508637f,0.9233920129215872f,0.3833843108270789f,2.4856938143774414f,0.15531370649310036f,0.38153511077584534f,-0.9112127149138332f,1.7591190305791333f,0f,0f,0f,1f], start_interpolation: 0, interpolation_duration: 1 }
$data merge entity $(bone_hugeasssword2) { transformation: [0.5902074681470001f,2.963676135393606f,-2.4916975512328343f,-1.2085811753770557f,-1.5015885507393922f,2.4984197295712516f,2.615990913010835f,4.320292231679522f,3.568916466745847f,0.5610707594994688f,1.5127169708847747f,2.6559849299615315f,0f,0f,0f,1f], start_interpolation: 0, interpolation_duration: 1 }
$data merge entity $(bone_belt) { transformation: [-0.9876811185251595f,0.0421681125719725f,-0.15069126846306408f,0.03385147428175206f,-0.019069889466508637f,0.9233920129215872f,0.3833843108270789f,2.753414829424392f,0.15531370649310036f,0.38153511077584534f,-0.9112127149138332f,2.2256717511027433f,0f,0f,0f,1f], start_interpolation: 0, interpolation_duration: 1 }
$data merge entity $(bone_torn_part) { transformation: [-0.9876811185251595f,0.0836604353606031f,-0.13223819291023356f,-0.10054390321674182f,-0.019069889466508637f,0.7744284828509572f,0.6323739908194357f,2.4900552962991966f,0.15531370649310036f,0.6271056183008081f,-0.7632929949049291f,2.133558895888591f,0f,0f,0f,1f], start_interpolation: 0, interpolation_duration: 1 }
$data merge entity $(bone_lowerbody) { transformation: [-0.9876811185251595f,0.04002358378631145f,-0.15127498421678948f,-0.0023603898509430947f,-0.019069889466508637f,0.9287440977322567f,0.3702306581622211f,1.9863655749175195f,0.15531370649310036f,0.3685546277940306f,-0.916539763952977f,2.0673216316922076f,0f,0f,0f,1f], start_interpolation: 0, interpolation_duration: 1 }
$data merge entity $(bone_leftfoot) { transformation: [-0.9935474225232394f,0.06499714609774383f,0.09294563032534833f,0.12581216177414128f,0.018915564946036932f,0.90298302927904f,-0.4292596536326476f,0.25947862321656023f,-0.11182897925046097f,-0.4247317033530661f,-0.8983859190607358f,3.0653652392059105f,0f,0f,0f,1f], start_interpolation: 0, interpolation_duration: 1 }
$data merge entity $(bone_leftlowerleg) { transformation: [-0.9935474225232394f,0.06499714609774383f,0.09294563032534833f,0.18363768126396873f,0.018915564946036932f,0.90298302927904f,-0.4292596536326476f,1.3271792890926668f,-0.11182897925046097f,-0.4247317033530661f,-0.8983859190607358f,2.732211571823889f,0f,0f,0f,1f], start_interpolation: 0, interpolation_duration: 1 }
$data merge entity $(bone_leftleg) { transformation: [-0.9935474225232394f,0.09955760577773748f,0.05433049170799378f,0.25695441257521545f,0.018915564946036932f,0.6177749842086214f,-0.7861273880795718f,2.0046285523933354f,-0.11182897925046097f,-0.7800271482569323f,-0.6156719316177713f,1.91597132268352f,0f,0f,0f,1f], start_interpolation: 0, interpolation_duration: 1 }
$data merge entity $(bone_rightfoot) { transformation: [-0.9853144121418753f,-0.07365595506806215f,0.15404645243731552f,-0.331548249808547f,0.07079512758477338f,0.6447542167832105f,0.7611044933847942f,0.4597534057679846f,-0.15538197815630406f,0.7608329647322598f,-0.6300711393493226f,1.3774446250221968f,0f,0f,0f,1f], start_interpolation: 0, interpolation_duration: 1 }
$data merge entity $(bone_rightlowerleg) { transformation: [-0.9853144121418753f,-0.07365595506806215f,0.15404645243731552f,-0.4369288884259426f,0.07079512758477338f,0.6447542167832105f,0.7611044933847942f,1.0580872394354437f,-0.15538197815630406f,0.7608329647322598f,-0.6300711393493226f,2.318301369271836f,0f,0f,0f,1f], start_interpolation: 0, interpolation_duration: 1 }
$data merge entity $(bone_rightleg) { transformation: [-0.9692924779183253f,0.16011509235251897f,0.18664203559728249f,-0.24137672142721345f,0.05502756324972614f,0.8809617333795194f,-0.46997701178222534f,2.0046285523933354f,-0.23967490384633583f,-0.4452747258961561f,-0.8627203248703215f,1.8751536686126005f,0f,0f,0f,1f], start_interpolation: 0, interpolation_duration: 1 }
data modify entity @s data merge value {"locators":{"lefthand":{"posx":1.246093214433031,"posy":1.6887296683577206,"posz":2.697000642226561,"roty":18.18854383005953,"rotx":-19.14691297151926},"righthand":{"posx":-0.8522169165859013,"posy":1.7043288520833253,"posz":2.4308653569394596,"roty":23.569073182830834,"rotx":-10.558806860756057},"chest":{"posx":-0.31773902310857943,"posy":2.264964640761026,"posz":2.5355712393950576,"roty":350.60973239734625,"rotx":22.54347286808862},"sack":{"posx":0,"posy":-0.4375,"posz":0,"roty":0,"rotx":0}},"cameras":{}}