# This file was generated by Animated Java via MC-Build. It is not recommended to edit this file directly.
$data merge entity $(bone_nose) {transformation: [-1f,0f,0f,0f,0f,0.9976f,0.0691f,4.1406f,0f,0.0691f,-0.9976f,0.1456f,0f,0f,0f,1f],start_interpolation: 0,interpolation_duration: 1}
$data merge entity $(bone_glowing_eye) {transformation: [-1f,0f,0f,-0.125f,0f,0.9976f,0.0691f,4.2057f,0f,0.0691f,-0.9976f,0.1851f,0f,0f,0f,1f],start_interpolation: 0,interpolation_duration: 1}
$data merge entity $(bone_head) {transformation: [-1f,0f,0f,0f,0f,0.9976f,0.0691f,4.0303f,0f,0.0691f,-0.9976f,-0.0497f,0f,0f,0f,1f],start_interpolation: 0,interpolation_duration: 1}
$data merge entity $(bone_leftthumb2) {transformation: [-0.9791f,0.1347f,0.1525f,0.721f,0.1219f,0.9884f,-0.0907f,1.8213f,-0.163f,-0.0702f,-0.9841f,0.3345f,0f,0f,0f,1f],start_interpolation: 0,interpolation_duration: 1}
$data merge entity $(bone_leftthumb) {transformation: [-0.9791f,0.1347f,0.1525f,0.7671f,0.1219f,0.9884f,-0.0907f,2.056f,-0.163f,-0.0702f,-0.9841f,0.2332f,0f,0f,0f,1f],start_interpolation: 0,interpolation_duration: 1}
$data merge entity $(bone_leftpointerfinger) {transformation: [-0.9791f,0.1347f,0.1525f,0.8371f,0.1219f,0.9884f,-0.0907f,1.7141f,-0.163f,-0.0702f,-0.9841f,0.2279f,0f,0f,0f,1f],start_interpolation: 0,interpolation_duration: 1}
$data merge entity $(bone_leftmidfinger) {transformation: [-0.9791f,0.1347f,0.1525f,0.861f,0.1219f,0.9884f,-0.0907f,1.6999f,-0.163f,-0.0702f,-0.9841f,0.0741f,0f,0f,0f,1f],start_interpolation: 0,interpolation_duration: 1}
$data merge entity $(bone_leftringfinger) {transformation: [-0.9791f,0.1347f,0.1525f,0.8848f,0.1219f,0.9884f,-0.0907f,1.6857f,-0.163f,-0.0702f,-0.9841f,-0.0796f,0f,0f,0f,1f],start_interpolation: 0,interpolation_duration: 1}
$data merge entity $(bone_invisibility) {transformation: [0.1475f,-0.1402f,0.9791f,0.6635f,0.9767f,0.1765f,-0.1219f,1.8479f,-0.1557f,0.9743f,0.163f,0.2204f,0f,0f,0f,1f],start_interpolation: 0,interpolation_duration: 1}
$data merge entity $(bone_swiftness) {transformation: [0.1525f,0.1347f,0.9791f,0.6229f,-0.0907f,0.9884f,-0.1219f,1.7034f,-0.9841f,-0.0702f,0.163f,0.0369f,0f,0f,0f,1f],start_interpolation: 0,interpolation_duration: 1}
$data merge entity $(bone_suspicious_stew) {transformation: [0f,0f,0f,0.6858f,0f,0f,0f,1.7845f,0f,0f,0f,0.0392f,0f,0f,0f,1f],start_interpolation: 0,interpolation_duration: 1}
$data merge entity $(bone_log) {transformation: [0f,0f,0f,0.7382f,0f,0f,0f,1.7298f,0f,0f,0f,0.2588f,0f,0f,0f,1f],start_interpolation: 0,interpolation_duration: 1}
$data merge entity $(bone_planks) {transformation: [0f,0f,0f,0.7382f,0f,0f,0f,1.7298f,0f,0f,0f,0.2588f,0f,0f,0f,1f],start_interpolation: 0,interpolation_duration: 1}
$data merge entity $(bone_lefthand1) {transformation: [-0.9791f,0.1347f,0.1525f,0.8917f,0.1219f,0.9884f,-0.0907f,2.1347f,-0.163f,-0.0702f,-0.9841f,0.023f,0f,0f,0f,1f],start_interpolation: 0,interpolation_duration: 1}
$data merge entity $(bone_leftforearm) {transformation: [-0.9791f,0.1347f,0.1525f,0.9229f,0.1219f,0.9884f,-0.0907f,2.8387f,-0.163f,-0.0702f,-0.9841f,-0.0212f,0f,0f,0f,1f],start_interpolation: 0,interpolation_duration: 1}
$data merge entity $(bone_leftelbow) {transformation: [-0.9791f,0.1347f,0.1525f,0.9481f,0.1219f,0.9884f,-0.0907f,3.024f,-0.163f,-0.0702f,-0.9841f,-0.0343f,0f,0f,0f,1f],start_interpolation: 0,interpolation_duration: 1}
$data merge entity $(bone_leftarm) {transformation: [-0.9989f,0.042f,0.02f,0.75f,0.041f,0.998f,-0.0491f,3.5335f,-0.0221f,-0.0482f,-0.9986f,-0.0321f,0f,0f,0f,1f],start_interpolation: 0,interpolation_duration: 1}
$data merge entity $(bone_rightthumb2) {transformation: [-1f,0.0012f,0.0009f,-0.9551f,0.001f,0.9717f,-0.236f,1.8948f,-0.0012f,-0.236f,-0.9717f,0.4777f,0f,0f,0f,1f],start_interpolation: 0,interpolation_duration: 1}
$data merge entity $(bone_rightthumb) {transformation: [-1f,0.0012f,0.0009f,-0.9547f,0.001f,0.9717f,-0.236f,2.113f,-0.0012f,-0.236f,-0.9717f,0.3368f,0f,0f,0f,1f],start_interpolation: 0,interpolation_duration: 1}
$data merge entity $(bone_rightpointerfinger) {transformation: [-1f,0.0012f,0.0009f,-1.0644f,0.001f,0.9717f,-0.236f,1.7832f,-0.0012f,-0.236f,-0.9717f,0.3686f,0f,0f,0f,1f],start_interpolation: 0,interpolation_duration: 1}
$data merge entity $(bone_rightmidfinger) {transformation: [-1f,0.0012f,0.0009f,-1.0643f,0.001f,0.9717f,-0.236f,1.7463f,-0.0012f,-0.236f,-0.9717f,0.2167f,0f,0f,0f,1f],start_interpolation: 0,interpolation_duration: 1}
$data merge entity $(bone_rightringfinger) {transformation: [-1f,0.0012f,0.0009f,-1.0641f,0.001f,0.9717f,-0.236f,1.7094f,-0.0012f,-0.236f,-0.9717f,0.0649f,0f,0f,0f,1f],start_interpolation: 0,interpolation_duration: 1}
$data merge entity $(bone_hugeasssword) {transformation: [-3.9167f,0.0048f,0.0036f,-0.7984f,0.0038f,3.806f,-0.9244f,1.9471f,-0.0046f,-0.9244f,-3.806f,0.1843f,0f,0f,0f,1f],start_interpolation: 0,interpolation_duration: 1}
$data merge entity $(bone_ice) {transformation: [-1f,0.0012f,0.0009f,-0.7828f,0.001f,0.9717f,-0.236f,1.9319f,-0.0012f,-0.236f,-0.9717f,0.188f,0f,0f,0f,1f],start_interpolation: 0,interpolation_duration: 1}
$data merge entity $(bone_righthand1) {transformation: [-1f,0.0012f,0.0009f,-1.0325f,0.001f,0.9717f,-0.236f,2.1677f,-0.0012f,-0.236f,-0.9717f,0.0983f,0f,0f,0f,1f],start_interpolation: 0,interpolation_duration: 1}
$data merge entity $(bone_rightforearm) {transformation: [-1f,0.0012f,0.0009f,-0.9691f,0.001f,0.9717f,-0.236f,2.8546f,-0.0012f,-0.236f,-0.9717f,-0.0524f,0f,0f,0f,1f],start_interpolation: 0,interpolation_duration: 1}
$data merge entity $(bone_rightelbow) {transformation: [-1f,0.0012f,0.0009f,-0.9689f,0.001f,0.9717f,-0.236f,3.0368f,-0.0012f,-0.236f,-0.9717f,-0.0966f,0f,0f,0f,1f],start_interpolation: 0,interpolation_duration: 1}
$data merge entity $(bone_rightarm) {transformation: [-1f,0.0003f,0.0002f,-0.75f,0.0003f,0.9978f,0.0667f,3.5335f,-0.0001f,0.0667f,-0.9978f,-0.0321f,0f,0f,0f,1f],start_interpolation: 0,interpolation_duration: 1}
$data merge entity $(bone_chest1) {transformation: [-1.0833f,0f,0f,-0.0023f,0f,1.0831f,0.0234f,3.3756f,0f,0.0234f,-1.0831f,-0.1456f,0f,0f,0f,1f],start_interpolation: 0,interpolation_duration: 1}
$data merge entity $(bone_chest1lid) {transformation: [-1f,0f,0f,-0.3438f,0f,0.9998f,0.0216f,2.6839f,0f,0.0216f,-0.9998f,0.2309f,0f,0f,0f,1f],start_interpolation: 0,interpolation_duration: 1}
$data merge entity $(bone_chest2) {transformation: [-1f,0f,0f,-0.3438f,0f,0.9998f,0.0216f,2.5277f,0f,0.0216f,-0.9998f,0.2275f,0f,0f,0f,1f],start_interpolation: 0,interpolation_duration: 1}
$data merge entity $(bone_chest1lid3) {transformation: [-1f,0f,0f,-0.2812f,0f,0.9998f,0.0216f,2.6977f,0f,0.0216f,-0.9998f,-0.4096f,0f,0f,0f,1f],start_interpolation: 0,interpolation_duration: 1}
$data merge entity $(bone_chest3) {transformation: [-1f,0f,0f,-0.2812f,0f,0.9998f,0.0216f,2.5415f,0f,0.0216f,-0.9998f,-0.413f,0f,0f,0f,1f],start_interpolation: 0,interpolation_duration: 1}
$data merge entity $(bone_hugeasssword2) {transformation: [0f,2.8877f,-2.6461f,-1.2344f,-0.0847f,2.6454f,2.887f,4.5414f,3.9158f,0.0572f,0.0624f,-0.3854f,0f,0f,0f,1f],start_interpolation: 0,interpolation_duration: 1}
$data merge entity $(bone_belt) {transformation: [-1f,0f,0f,0.0297f,0f,0.9998f,0.0216f,2.9746f,0f,0.0216f,-0.9998f,-0.0233f,0f,0f,0f,1f],start_interpolation: 0,interpolation_duration: 1}
$data merge entity $(bone_torn_part) {transformation: [-1f,0f,0f,-0.0937f,0f,0.947f,0.3213f,2.6896f,0f,0.3213f,-0.947f,-0.0347f,0f,0f,0f,1f],start_interpolation: 0,interpolation_duration: 1}
$data merge entity $(bone_lowerbody) {transformation: [-1f,0f,0f,0.0039f,0f,0.9998f,0.0216f,2.1984f,0f,0.0216f,-0.9998f,0.0953f,0f,0f,0f,1f],start_interpolation: 0,interpolation_duration: 1}
$data merge entity $(bone_leftfoot) {transformation: [-0.9962f,0.0038f,-0.0871f,0.2765f,0f,0.9991f,0.0431f,0.1617f,0.0872f,0.0429f,-0.9953f,-0.1326f,0f,0f,0f,1f],start_interpolation: 0,interpolation_duration: 1}
$data merge entity $(bone_leftlowerleg) {transformation: [-0.9962f,0.0191f,-0.085f,0.3107f,0f,0.9758f,0.2186f,1.2106f,0.0872f,0.2178f,-0.9721f,0.2584f,0f,0f,0f,1f],start_interpolation: 0,interpolation_duration: 1}
$data merge entity $(bone_leftleg) {transformation: [-0.9962f,-0.0298f,-0.0819f,0.25f,0f,0.9397f,-0.342f,2.218f,0.0872f,-0.3407f,-0.9361f,-0.0765f,0f,0f,0f,1f],start_interpolation: 0,interpolation_duration: 1}
$data merge entity $(bone_rightfoot) {transformation: [-0.999f,0.0421f,0.0113f,-0.3661f,0.0416f,0.9982f,-0.0439f,0.1506f,-0.0131f,-0.0433f,-0.999f,-0.1736f,0f,0f,0f,1f],start_interpolation: 0,interpolation_duration: 1}
$data merge entity $(bone_rightlowerleg) {transformation: [-0.999f,0.0378f,0.0219f,-0.3276f,0.0416f,0.9753f,0.2171f,1.1992f,-0.0131f,0.2178f,-0.9759f,0.218f,0f,0f,0f,1f],start_interpolation: 0,interpolation_duration: 1}
$data merge entity $(bone_rightleg) {transformation: [-0.999f,0.0436f,0f,-0.25f,0.0416f,0.9526f,-0.3012f,2.218f,-0.0131f,-0.3009f,-0.9536f,-0.0765f,0f,0f,0f,1f],start_interpolation: 0,interpolation_duration: 1}
data modify entity @s data merge value {"cameras":{},"locators":{"lefthand":{"posx":0.6968991056291681,"posy":1.828039395025931,"posz":0.0051504727537000985,"roty":8.811088232120369,"rotx":-5.201961796651566},"sword":{"posx":-0.8799465040484352,"posy":2.79081109774494,"posz":3.790076800945411,"roty":0.05345320163937117,"rotx":-13.651635707250293},"righthand":{"posx":-0.876603499084061,"posy":1.9204948647726663,"posz":0.20675505584035278,"roty":0.05345320163937117,"rotx":-13.651635707250293},"chest":{"posx":-0.37500000000000006,"posy":2.618025488946806,"posz":0.3857277164059964,"roty":0,"rotx":1.2390670553935865}}}