# This file was generated by Animated Java via MC-Build. It is not recommended to edit this file directly.
$data merge entity $(bone_nose) {transformation: [-1f,0f,0f,0f,0f,0.7364f,0.6766f,3.9707f,0f,0.6766f,-0.7364f,0.5849f,0f,0f,0f,1f],start_interpolation: 0,interpolation_duration: 1}
$data merge entity $(bone_glowing_eye) {transformation: [-1f,0f,0f,-0.125f,0f,0.7364f,0.6766f,3.9969f,0f,0.6766f,-0.7364f,0.6564f,0f,0f,0f,1f],start_interpolation: 0,interpolation_duration: 1}
$data merge entity $(bone_head) {transformation: [-1f,0f,0f,0f,0f,0.7364f,0.6766f,4.0064f,0f,0.6766f,-0.7364f,0.3635f,0f,0f,0f,1f],start_interpolation: 0,interpolation_duration: 1}
$data merge entity $(bone_leftthumb2) {transformation: [-0.7291f,0.6232f,0.283f,0.0587f,0.1179f,0.5217f,-0.845f,2.5978f,-0.6742f,-0.5827f,-0.4538f,1.1664f,0f,0f,0f,1f],start_interpolation: 0,interpolation_duration: 1}
$data merge entity $(bone_leftthumb) {transformation: [-0.7291f,0.6232f,0.283f,0.2357f,0.1179f,0.5217f,-0.845f,2.6536f,-0.6742f,-0.5827f,-0.4538f,0.9847f,0f,0f,0f,1f],start_interpolation: 0,interpolation_duration: 1}
$data merge entity $(bone_leftpointerfinger) {transformation: [-0.7291f,0.6232f,0.283f,0.1242f,0.1179f,0.5217f,-0.845f,2.4299f,-0.6742f,-0.5827f,-0.4538f,1.2284f,0f,0f,0f,1f],start_interpolation: 0,interpolation_duration: 1}
$data merge entity $(bone_leftmidfinger) {transformation: [-0.7291f,0.6232f,0.283f,0.1684f,0.1179f,0.5217f,-0.845f,2.2979f,-0.6742f,-0.5827f,-0.4538f,1.1575f,0f,0f,0f,1f],start_interpolation: 0,interpolation_duration: 1}
$data merge entity $(bone_leftringfinger) {transformation: [-0.7291f,0.6232f,0.283f,0.2127f,0.1179f,0.5217f,-0.845f,2.1658f,-0.6742f,-0.5827f,-0.4538f,1.0865f,0f,0f,0f,1f],start_interpolation: 0,interpolation_duration: 1}
$data merge entity $(bone_invisibility) {transformation: [0.6454f,-0.2276f,0.7291f,0.0468f,0.446f,0.8872f,-0.1179f,2.5355f,-0.62f,0.4013f,0.6742f,1.0524f,0f,0f,0f,1f],start_interpolation: 0,interpolation_duration: 1}
$data merge entity $(bone_swiftness) {transformation: [0.283f,0.6232f,0.7291f,-0.0225f,-0.845f,0.5217f,-0.1179f,2.3125f,-0.4538f,-0.5827f,0.6742f,1.0111f,0f,0f,0f,1f],start_interpolation: 0,interpolation_duration: 1}
$data merge entity $(bone_suspicious_stew) {transformation: [0f,0f,0f,0.0707f,0f,0f,0f,2.3526f,0f,0f,0f,0.9946f,0f,0f,0f,1f],start_interpolation: 0,interpolation_duration: 1}
$data merge entity $(bone_log) {transformation: [-0.7291f,0.6232f,0.283f,0.0935f,0.1179f,0.5217f,-0.845f,2.3892f,-0.6742f,-0.5827f,-0.4538f,0.8373f,0f,0f,0f,1f],start_interpolation: 0,interpolation_duration: 1}
$data merge entity $(bone_planks) {transformation: [0.0332f,-0.0284f,-0.0129f,0.0251f,-0.0054f,-0.0237f,0.0385f,2.4003f,0.0307f,0.0265f,0.0207f,0.7741f,0f,0f,0f,1f],start_interpolation: 0,interpolation_duration: 1}
$data merge entity $(bone_lefthand1) {transformation: [-0.7291f,0.6232f,0.283f,0.4227f,0.1179f,0.5217f,-0.845f,2.5166f,-0.6742f,-0.5827f,-0.4538f,0.8744f,0f,0f,0f,1f],start_interpolation: 0,interpolation_duration: 1}
$data merge entity $(bone_leftforearm) {transformation: [-0.7291f,0.6232f,0.283f,0.8109f,0.1179f,0.5217f,-0.845f,2.9039f,-0.6742f,-0.5827f,-0.4538f,0.4296f,0f,0f,0f,1f],start_interpolation: 0,interpolation_duration: 1}
$data merge entity $(bone_leftelbow) {transformation: [-0.7291f,0.6232f,0.283f,0.9277f,0.1179f,0.5217f,-0.845f,3.0018f,-0.6742f,-0.5827f,-0.4538f,0.3203f,0f,0f,0f,1f],start_interpolation: 0,interpolation_duration: 1}
$data merge entity $(bone_leftarm) {transformation: [-0.9954f,0.0831f,0.048f,0.75f,0.0764f,0.9889f,-0.1273f,3.5169f,-0.0581f,-0.1231f,-0.9907f,0.2771f,0f,0f,0f,1f],start_interpolation: 0,interpolation_duration: 1}
$data merge entity $(bone_rightthumb2) {transformation: [-0.9991f,0.0338f,0.0261f,-1.0071f,0.0343f,0.9992f,0.0226f,1.8024f,-0.0253f,0.0235f,-0.9994f,0.3511f,0f,0f,0f,1f],start_interpolation: 0,interpolation_duration: 1}
$data merge entity $(bone_rightthumb) {transformation: [-0.9991f,0.0338f,0.0261f,-0.9966f,0.0343f,0.9992f,0.0226f,2.0493f,-0.0253f,0.0235f,-0.9994f,0.2714f,0f,0f,0f,1f],start_interpolation: 0,interpolation_duration: 1}
$data merge entity $(bone_rightpointerfinger) {transformation: [-0.9991f,0.0338f,0.0261f,-1.1157f,0.0343f,0.9992f,0.0226f,1.7263f,-0.0253f,0.0235f,-0.9994f,0.2141f,0f,0f,0f,1f],start_interpolation: 0,interpolation_duration: 1}
$data merge entity $(bone_rightmidfinger) {transformation: [-0.9991f,0.0338f,0.0261f,-1.1116f,0.0343f,0.9992f,0.0226f,1.7299f,-0.0253f,0.0235f,-0.9994f,0.0579f,0f,0f,0f,1f],start_interpolation: 0,interpolation_duration: 1}
$data merge entity $(bone_rightringfinger) {transformation: [-0.9991f,0.0338f,0.0261f,-1.1075f,0.0343f,0.9992f,0.0226f,1.7334f,-0.0253f,0.0235f,-0.9994f,-0.0982f,0f,0f,0f,1f],start_interpolation: 0,interpolation_duration: 1}
$data merge entity $(bone_hugeasssword) {transformation: [-3.9131f,0.1322f,0.1023f,-0.8398f,0.1345f,3.9134f,0.0886f,1.9233f,-0.0992f,0.092f,-3.9143f,0.085f,0f,0f,0f,1f],start_interpolation: 0,interpolation_duration: 1}
$data merge entity $(bone_ice) {transformation: [-0.9991f,0.0338f,0.0261f,-0.8247f,0.0343f,0.9992f,0.0226f,1.9072f,-0.0253f,0.0235f,-0.9994f,0.0851f,0f,0f,0f,1f],start_interpolation: 0,interpolation_duration: 1}
$data merge entity $(bone_righthand1) {transformation: [-0.9991f,0.0338f,0.0261f,-1.0652f,0.0343f,0.9992f,0.0226f,2.1663f,-0.0253f,0.0235f,-0.9994f,0.0534f,0f,0f,0f,1f],start_interpolation: 0,interpolation_duration: 1}
$data merge entity $(bone_rightforearm) {transformation: [-0.9991f,0.0338f,0.0261f,-0.9795f,0.0343f,0.9992f,0.0226f,2.8663f,-0.0253f,0.0235f,-0.9994f,0.0871f,0f,0f,0f,1f],start_interpolation: 0,interpolation_duration: 1}
$data merge entity $(bone_rightelbow) {transformation: [-0.9991f,0.0338f,0.0261f,-0.9731f,0.0343f,0.9992f,0.0226f,3.0536f,-0.0253f,0.0235f,-0.9994f,0.0915f,0f,0f,0f,1f],start_interpolation: 0,interpolation_duration: 1}
$data merge entity $(bone_rightarm) {transformation: [-0.9999f,0.0091f,0.005f,-0.75f,0.0102f,0.9504f,0.3108f,3.5169f,-0.0019f,0.3109f,-0.9505f,0.2771f,0f,0f,0f,1f],start_interpolation: 0,interpolation_duration: 1}
$data merge entity $(bone_chest1) {transformation: [-1.0833f,0f,0f,-0.0023f,0f,1.0543f,0.249f,3.3862f,0f,0.249f,-1.0543f,0.1331f,0f,0f,0f,1f],start_interpolation: 0,interpolation_duration: 1}
$data merge entity $(bone_chest1lid) {transformation: [-1f,0f,0f,-0.3438f,0f,0.9732f,0.2299f,2.6311f,0f,0.2299f,-0.9732f,0.3568f,0f,0f,0f,1f],start_interpolation: 0,interpolation_duration: 1}
$data merge entity $(bone_chest2) {transformation: [-1f,0f,0f,-0.3438f,0f,0.9732f,0.2299f,2.479f,0f,0.2299f,-0.9732f,0.3209f,0f,0f,0f,1f],start_interpolation: 0,interpolation_duration: 1}
$data merge entity $(bone_chest1lid3) {transformation: [-1f,0f,0f,-0.2812f,0f,0.9732f,0.2299f,2.7783f,0f,0.2299f,-0.9732f,-0.2666f,0f,0f,0f,1f],start_interpolation: 0,interpolation_duration: 1}
$data merge entity $(bone_chest3) {transformation: [-1f,0f,0f,-0.2812f,0f,0.9732f,0.2299f,2.6263f,0f,0.2299f,-0.9732f,-0.3025f,0f,0f,0f,1f],start_interpolation: 0,interpolation_duration: 1}
$data merge entity $(bone_hugeasssword2) {transformation: [0f,2.8877f,-2.6461f,-1.2344f,-0.9003f,2.5752f,2.8104f,4.5763f,3.8118f,0.6082f,0.6637f,0.142f,0f,0f,0f,1f],start_interpolation: 0,interpolation_duration: 1}
$data merge entity $(bone_belt) {transformation: [-1f,0f,0f,0.0297f,0f,0.9732f,0.2299f,2.9684f,0f,0.2299f,-0.9732f,0.1689f,0f,0f,0f,1f],start_interpolation: 0,interpolation_duration: 1}
$data merge entity $(bone_torn_part) {transformation: [-1f,0f,0f,-0.0938f,0f,0.8591f,0.5119f,2.6921f,0f,0.5119f,-0.8591f,0.0983f,0f,0f,0f,1f],start_interpolation: 0,interpolation_duration: 1}
$data merge entity $(bone_lowerbody) {transformation: [-1f,0f,0f,0.0039f,0f,0.9732f,0.2299f,2.1846f,0f,0.2299f,-0.9732f,0.123f,0f,0f,0f,1f],start_interpolation: 0,interpolation_duration: 1}
$data merge entity $(bone_leftfoot) {transformation: [-0.9962f,0.003f,-0.0871f,0.273f,0f,0.9994f,0.0345f,0.1638f,0.0872f,0.0344f,-0.9956f,-0.145f,0f,0f,0f,1f],start_interpolation: 0,interpolation_duration: 1}
$data merge entity $(bone_leftlowerleg) {transformation: [-0.9962f,0.0223f,-0.0842f,0.3107f,0f,0.9667f,0.2561f,1.1968f,0.0872f,0.2551f,-0.963f,0.286f,0f,0f,0f,1f],start_interpolation: 0,interpolation_duration: 1}
$data merge entity $(bone_leftleg) {transformation: [-0.9962f,-0.0298f,-0.0819f,0.25f,0f,0.9397f,-0.342f,2.2041f,0.0872f,-0.3407f,-0.9361f,-0.0489f,0f,0f,0f,1f],start_interpolation: 0,interpolation_duration: 1}
$data merge entity $(bone_rightfoot) {transformation: [-0.999f,0.0421f,0.0113f,-0.3655f,0.0416f,0.9982f,-0.0438f,0.1475f,-0.0131f,-0.0433f,-0.999f,-0.1563f,0f,0f,0f,1f],start_interpolation: 0,interpolation_duration: 1}
$data merge entity $(bone_rightlowerleg) {transformation: [-0.999f,0.0373f,0.0226f,-0.3276f,0.0416f,0.9709f,0.2358f,1.1883f,-0.0131f,0.2366f,-0.9715f,0.2554f,0f,0f,0f,1f],start_interpolation: 0,interpolation_duration: 1}
$data merge entity $(bone_rightleg) {transformation: [-0.999f,0.0436f,-0.0004f,-0.25f,0.0416f,0.9497f,-0.3104f,2.2041f,-0.0131f,-0.3101f,-0.9506f,-0.0489f,0f,0f,0f,1f],start_interpolation: 0,interpolation_duration: 1}
data modify entity @s data merge value {"cameras":{},"locators":{"lefthand":{"posx":0.1087365760010009,"posy":2.350627800763136,"posz":0.9531391107062435,"roty":31.943738344071903,"rotx":-57.66815900813649},"sword":{"posx":-1.0156059146458403,"posy":1.8110200348035501,"posz":3.7832424115519583,"roty":1.4968803770306067,"rotx":1.2962236653360288},"righthand":{"posx":-0.9193037747561634,"posy":1.8944365985444893,"posz":0.09794407563038374,"roty":1.4968803770306067,"rotx":1.2962236653360288},"chest":{"posx":-0.3750000000000001,"posy":2.534347833061351,"posz":0.4945473859629702,"roty":0,"rotx":13.28857532999545}}}