# This file was generated by Animated Java via MC-Build. It is not recommended to edit this file directly.
$data merge entity $(bone_nose) {transformation: [-1f,0f,0f,0f,0f,0.7305f,0.6829f,3.9664f,0f,0.6829f,-0.7305f,0.5929f,0f,0f,0f,1f],start_interpolation: 0,interpolation_duration: 1}
$data merge entity $(bone_glowing_eye) {transformation: [-1f,0f,0f,-0.125f,0f,0.7305f,0.6829f,3.992f,0f,0.6829f,-0.7305f,0.6646f,0f,0f,0f,1f],start_interpolation: 0,interpolation_duration: 1}
$data merge entity $(bone_head) {transformation: [-1f,0f,0f,0f,0f,0.7305f,0.6829f,4.004f,0f,0.6829f,-0.7305f,0.3717f,0f,0f,0f,1f],start_interpolation: 0,interpolation_duration: 1}
$data merge entity $(bone_leftthumb2) {transformation: [-0.7813f,0.5334f,0.324f,0.1967f,0.046f,0.5669f,-0.8225f,2.5453f,-0.6224f,-0.6277f,-0.4675f,1.2115f,0f,0f,0f,1f],start_interpolation: 0,interpolation_duration: 1}
$data merge entity $(bone_leftthumb) {transformation: [-0.7813f,0.5334f,0.324f,0.3552f,0.046f,0.5669f,-0.8225f,2.6141f,-0.6224f,-0.6277f,-0.4675f,1.0176f,0f,0f,0f,1f],start_interpolation: 0,interpolation_duration: 1}
$data merge entity $(bone_leftpointerfinger) {transformation: [-0.7813f,0.5334f,0.324f,0.2809f,0.046f,0.5669f,-0.8225f,2.3845f,-0.6224f,-0.6277f,-0.4675f,1.2697f,0f,0f,0f,1f],start_interpolation: 0,interpolation_duration: 1}
$data merge entity $(bone_leftmidfinger) {transformation: [-0.7813f,0.5334f,0.324f,0.3315f,0.046f,0.5669f,-0.8225f,2.256f,-0.6224f,-0.6277f,-0.4675f,1.1967f,0f,0f,0f,1f],start_interpolation: 0,interpolation_duration: 1}
$data merge entity $(bone_leftringfinger) {transformation: [-0.7813f,0.5334f,0.324f,0.3821f,0.046f,0.5669f,-0.8225f,2.1275f,-0.6224f,-0.6277f,-0.4675f,1.1237f,0f,0f,0f,1f],start_interpolation: 0,interpolation_duration: 1}
$data merge entity $(bone_invisibility) {transformation: [0.5596f,-0.2763f,0.7813f,0.1826f,0.4931f,0.8688f,-0.046f,2.4808f,-0.6661f,0.411f,0.6224f,1.099f,0f,0f,0f,1f],start_interpolation: 0,interpolation_duration: 1}
$data merge entity $(bone_swiftness) {transformation: [0.324f,0.5334f,0.7813f,0.1304f,-0.8225f,0.5669f,-0.046f,2.2522f,-0.4675f,-0.6277f,0.6224f,1.0639f,0f,0f,0f,1f],start_interpolation: 0,interpolation_duration: 1}
$data merge entity $(bone_suspicious_stew) {transformation: [0f,0f,0f,0.2183f,0f,0f,0f,2.3f,0f,0f,0f,1.0408f,0f,0f,0f,1f],start_interpolation: 0,interpolation_duration: 1}
$data merge entity $(bone_log) {transformation: [-0.7928f,0.5412f,0.3288f,0.2275f,0.0466f,0.5752f,-0.8345f,2.3353f,-0.6315f,-0.6369f,-0.4743f,0.8769f,0f,0f,0f,1f],start_interpolation: 0,interpolation_duration: 1}
$data merge entity $(bone_planks) {transformation: [0.0455f,-0.031f,-0.0189f,0.1531f,-0.0027f,-0.033f,0.0479f,2.3397f,0.0362f,0.0365f,0.0272f,0.8177f,0f,0f,0f,1f],start_interpolation: 0,interpolation_duration: 1}
$data merge entity $(bone_lefthand1) {transformation: [-0.7813f,0.5334f,0.324f,0.5455f,0.046f,0.5669f,-0.8225f,2.4926f,-0.6224f,-0.6277f,-0.4675f,0.8953f,0f,0f,0f,1f],start_interpolation: 0,interpolation_duration: 1}
$data merge entity $(bone_leftforearm) {transformation: [-0.7813f,0.5334f,0.324f,0.8667f,0.046f,0.5669f,-0.8225f,2.9069f,-0.6224f,-0.6277f,-0.4675f,0.4223f,0f,0f,0f,1f],start_interpolation: 0,interpolation_duration: 1}
$data merge entity $(bone_leftelbow) {transformation: [-0.7813f,0.5334f,0.324f,0.9667f,0.046f,0.5669f,-0.8225f,3.0132f,-0.6224f,-0.6277f,-0.4675f,0.3046f,0f,0f,0f,1f],start_interpolation: 0,interpolation_duration: 1}
$data merge entity $(bone_leftarm) {transformation: [-0.9989f,0.0066f,0.0474f,0.75f,0.0027f,0.9966f,-0.0826f,3.5147f,-0.0478f,-0.0824f,-0.9955f,0.2841f,0f,0f,0f,1f],start_interpolation: 0,interpolation_duration: 1}
$data merge entity $(bone_rightthumb2) {transformation: [-0.9994f,0.0268f,0.0206f,-0.996f,0.0271f,0.9995f,0.0144f,1.8006f,-0.0202f,0.015f,-0.9997f,0.3715f,0f,0f,0f,1f],start_interpolation: 0,interpolation_duration: 1}
$data merge entity $(bone_rightthumb) {transformation: [-0.9994f,0.0268f,0.0206f,-0.9877f,0.0271f,0.9995f,0.0144f,2.047f,-0.0202f,0.015f,-0.9997f,0.2897f,0f,0f,0f,1f],start_interpolation: 0,interpolation_duration: 1}
$data merge entity $(bone_rightpointerfinger) {transformation: [-0.9994f,0.0268f,0.0206f,-1.1048f,0.0271f,0.9995f,0.0144f,1.7227f,-0.0202f,0.015f,-0.9997f,0.2357f,0f,0f,0f,1f],start_interpolation: 0,interpolation_duration: 1}
$data merge entity $(bone_rightmidfinger) {transformation: [-0.9994f,0.0268f,0.0206f,-1.1016f,0.0271f,0.9995f,0.0144f,1.7249f,-0.0202f,0.015f,-0.9997f,0.0795f,0f,0f,0f,1f],start_interpolation: 0,interpolation_duration: 1}
$data merge entity $(bone_rightringfinger) {transformation: [-0.9994f,0.0268f,0.0206f,-1.0984f,0.0271f,0.9995f,0.0144f,1.7272f,-0.0202f,0.015f,-0.9997f,-0.0767f,0f,0f,0f,1f],start_interpolation: 0,interpolation_duration: 1}
$data merge entity $(bone_hugeasssword) {transformation: [-3.9144f,0.1052f,0.0806f,-0.831f,0.1063f,3.9148f,0.0566f,1.9205f,-0.0791f,0.0587f,-3.9154f,0.1035f,0f,0f,0f,1f],start_interpolation: 0,interpolation_duration: 1}
$data merge entity $(bone_ice) {transformation: [-0.9994f,0.0268f,0.0206f,-0.8158f,0.0271f,0.9995f,0.0144f,1.9045f,-0.0202f,0.015f,-0.9997f,0.1036f,0f,0f,0f,1f],start_interpolation: 0,interpolation_duration: 1}
$data merge entity $(bone_righthand1) {transformation: [-0.9994f,0.0268f,0.0206f,-1.0583f,0.0271f,0.9995f,0.0144f,2.1616f,-0.0202f,0.015f,-0.9997f,0.0711f,0f,0f,0f,1f],start_interpolation: 0,interpolation_duration: 1}
$data merge entity $(bone_rightforearm) {transformation: [-0.9994f,0.0268f,0.0206f,-0.9773f,0.0271f,0.9995f,0.0144f,2.8625f,-0.0202f,0.015f,-0.9997f,0.0985f,0f,0f,0f,1f],start_interpolation: 0,interpolation_duration: 1}
$data merge entity $(bone_rightelbow) {transformation: [-0.9994f,0.0268f,0.0206f,-0.9722f,0.0271f,0.9995f,0.0144f,3.0499f,-0.0202f,0.015f,-0.9997f,0.1013f,0f,0f,0f,1f],start_interpolation: 0,interpolation_duration: 1}
$data merge entity $(bone_rightarm) {transformation: [-1f,0.0072f,0.0039f,-0.75f,0.0081f,0.9522f,0.3053f,3.5147f,-0.0015f,0.3053f,-0.9523f,0.2841f,0f,0f,0f,1f],start_interpolation: 0,interpolation_duration: 1}
$data merge entity $(bone_chest1) {transformation: [-1.0833f,0f,0f,-0.0023f,0f,1.0537f,0.2517f,3.3843f,0f,0.2517f,-1.0537f,0.1398f,0f,0f,0f,1f],start_interpolation: 0,interpolation_duration: 1}
$data merge entity $(bone_chest1lid) {transformation: [-1f,0f,0f,-0.3438f,0f,0.9726f,0.2323f,2.6287f,0f,0.2323f,-0.9726f,0.3616f,0f,0f,0f,1f],start_interpolation: 0,interpolation_duration: 1}
$data merge entity $(bone_chest2) {transformation: [-1f,0f,0f,-0.3438f,0f,0.9726f,0.2323f,2.4767f,0f,0.2323f,-0.9726f,0.3253f,0f,0f,0f,1f],start_interpolation: 0,interpolation_duration: 1}
$data merge entity $(bone_chest1lid3) {transformation: [-1f,0f,0f,-0.2812f,0f,0.9726f,0.2323f,2.7775f,0f,0.2323f,-0.9726f,-0.2615f,0f,0f,0f,1f],start_interpolation: 0,interpolation_duration: 1}
$data merge entity $(bone_chest3) {transformation: [-1f,0f,0f,-0.2812f,0f,0.9726f,0.2323f,2.6255f,0f,0.2323f,-0.9726f,-0.2978f,0f,0f,0f,1f],start_interpolation: 0,interpolation_duration: 1}
$data merge entity $(bone_hugeasssword2) {transformation: [0f,2.8877f,-2.6461f,-1.2344f,-0.9099f,2.5737f,2.8087f,4.5744f,3.8095f,0.6147f,0.6709f,0.1516f,0f,0f,0f,1f],start_interpolation: 0,interpolation_duration: 1}
$data merge entity $(bone_belt) {transformation: [-1f,0f,0f,0.0297f,0f,0.9726f,0.2323f,2.9665f,0f,0.2323f,-0.9726f,0.1745f,0f,0f,0f,1f],start_interpolation: 0,interpolation_duration: 1}
$data merge entity $(bone_torn_part) {transformation: [-1f,0f,0f,-0.0938f,0f,0.8578f,0.514f,2.6904f,0f,0.514f,-0.8578f,0.1032f,0f,0f,0f,1f],start_interpolation: 0,interpolation_duration: 1}
$data merge entity $(bone_lowerbody) {transformation: [-1f,0f,0f,0.0039f,0f,0.9726f,0.2323f,2.1828f,0f,0.2323f,-0.9726f,0.1266f,0f,0f,0f,1f],start_interpolation: 0,interpolation_duration: 1}
$data merge entity $(bone_leftfoot) {transformation: [-0.9962f,0.0029f,-0.0871f,0.2725f,0f,0.9994f,0.0334f,0.1642f,0.0872f,0.0333f,-0.9956f,-0.1465f,0f,0f,0f,1f],start_interpolation: 0,interpolation_duration: 1}
$data merge entity $(bone_leftlowerleg) {transformation: [-0.9962f,0.0227f,-0.0841f,0.3107f,0f,0.9654f,0.261f,1.195f,0.0872f,0.26f,-0.9617f,0.2896f,0f,0f,0f,1f],start_interpolation: 0,interpolation_duration: 1}
$data merge entity $(bone_leftleg) {transformation: [-0.9962f,-0.0298f,-0.0819f,0.25f,0f,0.9397f,-0.342f,2.2023f,0.0872f,-0.3407f,-0.9361f,-0.0453f,0f,0f,0f,1f],start_interpolation: 0,interpolation_duration: 1}
$data merge entity $(bone_rightfoot) {transformation: [-0.999f,0.0421f,0.0113f,-0.3654f,0.0416f,0.9982f,-0.0438f,0.1471f,-0.0131f,-0.0433f,-0.999f,-0.154f,0f,0f,0f,1f],start_interpolation: 0,interpolation_duration: 1}
$data merge entity $(bone_rightlowerleg) {transformation: [-0.999f,0.0372f,0.0227f,-0.3276f,0.0416f,0.9703f,0.2383f,1.1869f,-0.0131f,0.239f,-0.9709f,0.2603f,0f,0f,0f,1f],start_interpolation: 0,interpolation_duration: 1}
$data merge entity $(bone_rightleg) {transformation: [-0.999f,0.0436f,-0.0005f,-0.25f,0.0416f,0.9493f,-0.3116f,2.2023f,-0.0131f,-0.3113f,-0.9502f,-0.0453f,0f,0f,0f,1f],start_interpolation: 0,interpolation_duration: 1}
data modify entity @s data merge value {"cameras":{},"locators":{"lefthand":{"posx":0.25346279446005876,"posy":2.300893174268327,"posz":0.9967241137816503,"roty":34.727152269270874,"rotx":-55.33401937494907},"sword":{"posx":-0.9861456088758018,"posy":1.837943469924875,"posz":3.8034552501503143,"roty":1.179708850829968,"rotx":0.827300032215422},"righthand":{"posx":-0.9102339863736273,"posy":1.891185835963737,"posz":0.11712117331630252,"roty":1.179708850829968,"rotx":0.827300032215422},"chest":{"posx":-0.3750000000000001,"posy":2.5315936469946387,"posz":0.49905752922628843,"roty":0,"rotx":13.433446176604466}}}