# This file was generated by Animated Java via MC-Build. It is not recommended to edit this file directly.
$data merge entity $(nose) {transformation: [-1f,0f,0f,0f,0f,0.9858f,0.1681f,4.1233f,0f,0.1681f,-0.9858f,0.2146f,0f,0f,0f,1f],start_interpolation: 0,interpolation_duration: 1}
$data merge entity $(glowing_eye) {transformation: [-1f,0f,0f,-0.125f,0f,0.9858f,0.1681f,4.1842f,0f,0.1681f,-0.9858f,0.2604f,0f,0f,0f,1f],start_interpolation: 0,interpolation_duration: 1}
$data merge entity $(head) {transformation: [-1f,0f,0f,0f,0f,0.9858f,0.1681f,4.033f,0f,0.1681f,-0.9858f,0.0093f,0f,0f,0f,1f],start_interpolation: 0,interpolation_duration: 1}
$data merge entity $(leftthumb2) {transformation: [-0.8764f,0.3461f,0.335f,0.3731f,0.2598f,0.9253f,-0.2763f,1.9477f,-0.4056f,-0.1551f,-0.9008f,0.4983f,0f,0f,0f,1f],start_interpolation: 0,interpolation_duration: 1}
$data merge entity $(leftthumb) {transformation: [-0.8764f,0.3461f,0.335f,0.4866f,0.2598f,0.9253f,-0.2763f,2.151f,-0.4056f,-0.1551f,-0.9008f,0.3833f,0f,0f,0f,1f],start_interpolation: 0,interpolation_duration: 1}
$data merge entity $(leftpointerfinger) {transformation: [-0.8764f,0.3461f,0.335f,0.4846f,0.2598f,0.9253f,-0.2763f,1.806f,-0.4056f,-0.1551f,-0.9008f,0.4363f,0f,0f,0f,1f],start_interpolation: 0,interpolation_duration: 1}
$data merge entity $(leftmidfinger) {transformation: [-0.8764f,0.3461f,0.335f,0.5369f,0.2598f,0.9253f,-0.2763f,1.7628f,-0.4056f,-0.1551f,-0.9008f,0.2956f,0f,0f,0f,1f],start_interpolation: 0,interpolation_duration: 1}
$data merge entity $(leftringfinger) {transformation: [-0.8764f,0.3461f,0.335f,0.5892f,0.2598f,0.9253f,-0.2763f,1.7197f,-0.4056f,-0.1551f,-0.9008f,0.1548f,0f,0f,0f,1f],start_interpolation: 0,interpolation_duration: 1}
$data merge entity $(invisibility) {transformation: [0.374f,-0.3036f,0.8764f,0.3476f,0.8977f,0.3559f,-0.2598f,1.9646f,-0.233f,0.8839f,0.4056f,0.3715f,0f,0f,0f,1f],start_interpolation: 0,interpolation_duration: 1}
$data merge entity $(swiftness) {transformation: [0.335f,0.3461f,0.8764f,0.3179f,-0.2763f,0.9253f,-0.2598f,1.801f,-0.9008f,-0.1551f,0.4056f,0.2025f,0f,0f,0f,1f],start_interpolation: 0,interpolation_duration: 1}
$data merge entity $(suspicious_stew) {transformation: [0f,0f,0f,0.3942f,0f,0f,0f,1.8694f,0f,0f,0f,0.2099f,0f,0f,0f,1f],start_interpolation: 0,interpolation_duration: 1}
$data merge entity $(log) {transformation: [0f,0f,0f,0.3867f,0f,0f,0f,1.8433f,0f,0f,0f,0.4405f,0f,0f,0f,1f],start_interpolation: 0,interpolation_duration: 1}
$data merge entity $(planks) {transformation: [0f,0f,0f,0.3867f,0f,0f,0f,1.8433f,0f,0f,0f,0.4405f,0f,0f,0f,1f],start_interpolation: 0,interpolation_duration: 1}
$data merge entity $(lefthand1) {transformation: [-0.8764f,0.3461f,0.335f,0.6662f,0.2598f,0.9253f,-0.2763f,2.1715f,-0.4056f,-0.1551f,-0.9008f,0.201f,0f,0f,0f,1f],start_interpolation: 0,interpolation_duration: 1}
$data merge entity $(leftforearm) {transformation: [-0.8764f,0.3461f,0.335f,0.8495f,0.2598f,0.9253f,-0.2763f,2.8426f,-0.4056f,-0.1551f,-0.9008f,0.0807f,0f,0f,0f,1f],start_interpolation: 0,interpolation_duration: 1}
$data merge entity $(leftelbow) {transformation: [-0.8764f,0.3461f,0.335f,0.9144f,0.2598f,0.9253f,-0.2763f,3.0161f,-0.4056f,-0.1551f,-0.9008f,0.0516f,0f,0f,0f,1f],start_interpolation: 0,interpolation_duration: 1}
$data merge entity $(leftarm) {transformation: [-0.9934f,0.1083f,0.0384f,0.75f,0.1028f,0.9869f,-0.1246f,3.5359f,-0.0514f,-0.1198f,-0.9915f,0.0114f,0f,0f,0f,1f],start_interpolation: 0,interpolation_duration: 1}
$data merge entity $(rightthumb2) {transformation: [-1f,0.0045f,0.0034f,-0.9603f,0.0037f,0.9797f,-0.2006f,1.8799f,-0.0042f,-0.2006f,-0.9797f,0.462f,0f,0f,0f,1f],start_interpolation: 0,interpolation_duration: 1}
$data merge entity $(rightthumb) {transformation: [-1f,0.0045f,0.0034f,-0.9589f,0.0037f,0.9797f,-0.2006f,2.103f,-0.0042f,-0.2006f,-0.9797f,0.3291f,0f,0f,0f,1f],start_interpolation: 0,interpolation_duration: 1}
$data merge entity $(rightpointerfinger) {transformation: [-1f,0.0045f,0.0034f,-1.0696f,0.0037f,0.9797f,-0.2006f,1.7725f,-0.0042f,-0.2006f,-0.9797f,0.3485f,0f,0f,0f,1f],start_interpolation: 0,interpolation_duration: 1}
$data merge entity $(rightmidfinger) {transformation: [-1f,0.0045f,0.0034f,-1.0691f,0.0037f,0.9797f,-0.2006f,1.7412f,-0.0042f,-0.2006f,-0.9797f,0.1954f,0f,0f,0f,1f],start_interpolation: 0,interpolation_duration: 1}
$data merge entity $(rightringfinger) {transformation: [-1f,0.0045f,0.0034f,-1.0686f,0.0037f,0.9797f,-0.2006f,1.7099f,-0.0042f,-0.2006f,-0.9797f,0.0424f,0f,0f,0f,1f],start_interpolation: 0,interpolation_duration: 1}
$data merge entity $(hugeasssword) {transformation: [-3.9166f,0.0177f,0.0132f,-0.8026f,0.0147f,3.837f,-0.7857f,1.9423f,-0.0164f,-0.7856f,-3.837f,0.1711f,0f,0f,0f,1f],start_interpolation: 0,interpolation_duration: 1}
$data merge entity $(whey) {transformation: [0f,0f,0f,-0.6316f,0f,0f,0f,1.8781f,0f,0f,0f,0.3284f,0f,0f,0f,1f],start_interpolation: 0,interpolation_duration: 1}
$data merge entity $(ice) {transformation: [-1f,0.0045f,0.0034f,-0.787f,0.0037f,0.9797f,-0.2006f,1.927f,-0.0042f,-0.2006f,-0.9797f,0.1743f,0f,0f,0f,1f],start_interpolation: 0,interpolation_duration: 1}
$data merge entity $(righthand1) {transformation: [-1f,0.0045f,0.0034f,-1.0358f,0.0037f,0.9797f,-0.2006f,2.1666f,-0.0042f,-0.2006f,-0.9797f,0.0925f,0f,0f,0f,1f],start_interpolation: 0,interpolation_duration: 1}
$data merge entity $(rightforearm) {transformation: [-1f,0.0045f,0.0034f,-0.9702f,0.0037f,0.9797f,-0.2006f,2.8583f,-0.0042f,-0.2006f,-0.9797f,-0.033f,0f,0f,0f,1f],start_interpolation: 0,interpolation_duration: 1}
$data merge entity $(rightelbow) {transformation: [-1f,0.0045f,0.0034f,-0.9693f,0.0037f,0.9797f,-0.2006f,3.042f,-0.0042f,-0.2006f,-0.9797f,-0.0706f,0f,0f,0f,1f],start_interpolation: 0,interpolation_duration: 1}
$data merge entity $(rightarm) {transformation: [-1f,0.0012f,0.0006f,-0.75f,0.0013f,0.9948f,0.1016f,3.5359f,-0.0005f,0.1016f,-0.9948f,0.0114f,0f,0f,0f,1f],start_interpolation: 0,interpolation_duration: 1}
$data merge entity $(chest1) {transformation: [-1.0833f,0f,0f,-0.0023f,0f,1.0818f,0.0572f,3.3817f,0f,0.0572f,-1.0818f,-0.1069f,0f,0f,0f,1f],start_interpolation: 0,interpolation_duration: 1}
$data merge entity $(chest1lid) {transformation: [-1f,0f,0f,-0.3438f,0f,0.9986f,0.0528f,2.6785f,0f,0.0528f,-0.9986f,0.2478f,0f,0f,0f,1f],start_interpolation: 0,interpolation_duration: 1}
$data merge entity $(chest2) {transformation: [-1f,0f,0f,-0.3438f,0f,0.9986f,0.0528f,2.5225f,0f,0.0528f,-0.9986f,0.2395f,0f,0f,0f,1f],start_interpolation: 0,interpolation_duration: 1}
$data merge entity $(chest1lid3) {transformation: [-1f,0f,0f,-0.2812f,0f,0.9986f,0.0528f,2.7123f,0f,0.0528f,-0.9986f,-0.392f,0f,0f,0f,1f],start_interpolation: 0,interpolation_duration: 1}
$data merge entity $(chest3) {transformation: [-1f,0f,0f,-0.2812f,0f,0.9986f,0.0528f,2.5563f,0f,0.0528f,-0.9986f,-0.4002f,0f,0f,0f,1f],start_interpolation: 0,interpolation_duration: 1}
$data merge entity $(hugeasssword2) {transformation: [0f,2.8877f,-2.6461f,-1.2344f,-0.2067f,2.6424f,2.8836f,4.5543f,3.9112f,0.1396f,0.1524f,-0.3103f,0f,0f,0f,1f],start_interpolation: 0,interpolation_duration: 1}
$data merge entity $(belt) {transformation: [-1f,0f,0f,0.0297f,0f,0.9986f,0.0528f,2.977f,0f,0.0528f,-0.9986f,0.0028f,0f,0f,0f,1f],start_interpolation: 0,interpolation_duration: 1}
$data merge entity $(torn_part) {transformation: [-1f,0f,0f,-0.0937f,0f,0.9365f,0.3506f,2.6925f,0f,0.3506f,-0.9365f,-0.0175f,0f,0f,0f,1f],start_interpolation: 0,interpolation_duration: 1}
$data merge entity $(lowerbody) {transformation: [-1f,0f,0f,0.0039f,0f,0.9986f,0.0528f,2.1975f,0f,0.0528f,-0.9986f,0.0972f,0f,0f,0f,1f],start_interpolation: 0,interpolation_duration: 1}
$data merge entity $(leftfoot) {transformation: [-0.9962f,0.0037f,-0.0871f,0.2762f,0f,0.9991f,0.0425f,0.1618f,0.0872f,0.0423f,-0.9953f,-0.1334f,0f,0f,0f,1f],start_interpolation: 0,interpolation_duration: 1}
$data merge entity $(leftlowerleg) {transformation: [-0.9962f,0.0193f,-0.085f,0.3107f,0f,0.9752f,0.2211f,1.2097f,0.0872f,0.2203f,-0.9715f,0.2602f,0f,0f,0f,1f],start_interpolation: 0,interpolation_duration: 1}
$data merge entity $(leftleg) {transformation: [-0.9962f,-0.0298f,-0.0819f,0.25f,0f,0.9397f,-0.342f,2.217f,0.0872f,-0.3407f,-0.9361f,-0.0747f,0f,0f,0f,1f],start_interpolation: 0,interpolation_duration: 1}
$data merge entity $(rightfoot) {transformation: [-0.999f,0.0421f,0.0113f,-0.366f,0.0416f,0.9982f,-0.0439f,0.1504f,-0.0131f,-0.0433f,-0.999f,-0.1724f,0f,0f,0f,1f],start_interpolation: 0,interpolation_duration: 1}
$data merge entity $(rightlowerleg) {transformation: [-0.999f,0.0377f,0.0219f,-0.3276f,0.0416f,0.975f,0.2183f,1.1985f,-0.0131f,0.219f,-0.9756f,0.2205f,0f,0f,0f,1f],start_interpolation: 0,interpolation_duration: 1}
$data merge entity $(rightleg) {transformation: [-0.999f,0.0436f,-0.0001f,-0.25f,0.0416f,0.9524f,-0.3018f,2.217f,-0.0131f,-0.3016f,-0.9534f,-0.0747f,0f,0f,0f,1f],start_interpolation: 0,interpolation_duration: 1}
data modify entity @s data merge value {"cameras":{},"locators":{"soup":{"px":0.3942062450481048,"py":1.8693909751877333,"pz":0.20985495584388486,"ry":114.83433722092084,"rx":-15.057693388073643},"lefthand":{"px":0.4208973154747544,"py":1.9041295965704843,"pz":0.1744336016691793,"ry":20.398867334322972,"rx":-16.038074226242326},"sword":{"px":-0.893298001552595,"py":2.6548696779668766,"pz":3.8048908655902625,"ry":0.196401975332833,"rx":-11.572189877077282},"righthand":{"px":-0.8809147293882058,"py":1.915148206290918,"pz":0.19236888656895063,"ry":0.196401975332833,"rx":-11.572189877077282},"chest":{"px":-0.37500000000000006,"py":2.607851367373131,"pz":0.4005046789279978,"ry":0,"rx":3.024781341107873}}}