# This file was generated by Animated Java via MC-Build. It is not recommended to edit this file directly.
$data merge entity $(bone_nose) {transformation: [-1f,0f,0f,0f,0f,0.7126f,0.7016f,3.9373f,0f,0.7016f,-0.7126f,0.6468f,0f,0f,0f,1f],start_interpolation: 0,interpolation_duration: 1}
$data merge entity $(bone_glowing_eye) {transformation: [-1f,0f,0f,-0.125f,0f,0.7126f,0.7016f,3.9611f,0f,0.7016f,-0.7126f,0.7192f,0f,0f,0f,1f],start_interpolation: 0,interpolation_duration: 1}
$data merge entity $(bone_head) {transformation: [-1f,0f,0f,0f,0f,0.7126f,0.7016f,3.9807f,0f,0.7016f,-0.7126f,0.4267f,0f,0f,0f,1f],start_interpolation: 0,interpolation_duration: 1}
$data merge entity $(bone_leftthumb2) {transformation: [-0.8146f,0.337f,0.472f,0.5054f,-0.1028f,0.7171f,-0.6894f,2.3586f,-0.5708f,-0.6101f,-0.5495f,1.1979f,0f,0f,0f,1f],start_interpolation: 0,interpolation_duration: 1}
$data merge entity $(bone_leftthumb) {transformation: [-0.8146f,0.337f,0.472f,0.6284f,-0.1028f,0.7171f,-0.6894f,2.4756f,-0.5708f,-0.6101f,-0.5495f,1.0013f,0f,0f,0f,1f],start_interpolation: 0,interpolation_duration: 1}
$data merge entity $(bone_leftpointerfinger) {transformation: [-0.8146f,0.337f,0.472f,0.629f,-0.1028f,0.7171f,-0.6894f,2.2192f,-0.5708f,-0.6101f,-0.5495f,1.2382f,0f,0f,0f,1f],start_interpolation: 0,interpolation_duration: 1}
$data merge entity $(bone_leftmidfinger) {transformation: [-0.8146f,0.337f,0.472f,0.7028f,-0.1028f,0.7171f,-0.6894f,2.1115f,-0.5708f,-0.6101f,-0.5495f,1.1523f,0f,0f,0f,1f],start_interpolation: 0,interpolation_duration: 1}
$data merge entity $(bone_leftringfinger) {transformation: [-0.8146f,0.337f,0.472f,0.7765f,-0.1028f,0.7171f,-0.6894f,2.0038f,-0.5708f,-0.6101f,-0.5495f,1.0665f,0f,0f,0f,1f],start_interpolation: 0,interpolation_duration: 1}
$data merge entity $(bone_invisibility) {transformation: [0.3769f,-0.4409f,0.8146f,0.4984f,0.6543f,0.7493f,0.1028f,2.2999f,-0.6557f,0.4942f,0.5708f,1.0816f,0f,0f,0f,1f],start_interpolation: 0,interpolation_duration: 1}
$data merge entity $(bone_swiftness) {transformation: [0.472f,0.337f,0.8146f,0.4988f,-0.6894f,0.7171f,0.1028f,2.0682f,-0.5495f,-0.6101f,0.5708f,1.0315f,0f,0f,0f,1f],start_interpolation: 0,interpolation_duration: 1}
$data merge entity $(bone_suspicious_stew) {transformation: [0f,0f,0f,0.5711f,0f,0f,0f,2.137f,0f,0f,0f,1.0072f,0f,0f,0f,1f],start_interpolation: 0,interpolation_duration: 1}
$data merge entity $(bone_log) {transformation: [0f,0f,0f,0.5611f,0f,0f,0f,2.1805f,0f,0f,0f,0.8254f,0f,0f,0f,1f],start_interpolation: 0,interpolation_duration: 1}
$data merge entity $(bone_planks) {transformation: [-0.9714f,0.4019f,0.5629f,0.4791f,-0.1226f,0.8551f,-0.8221f,2.1702f,-0.6807f,-0.7276f,-0.6553f,0.7679f,0f,0f,0f,1f],start_interpolation: 0,interpolation_duration: 1}
$data merge entity $(bone_lefthand1) {transformation: [-0.8146f,0.337f,0.472f,0.8321f,-0.1028f,0.7171f,-0.6894f,2.4112f,-0.5708f,-0.6101f,-0.5495f,0.859f,0f,0f,0f,1f],start_interpolation: 0,interpolation_duration: 1}
$data merge entity $(bone_leftforearm) {transformation: [-0.8146f,0.337f,0.472f,1.0108f,-0.1028f,0.7171f,-0.6894f,2.9198f,-0.5708f,-0.6101f,-0.5495f,0.4029f,0f,0f,0f,1f],start_interpolation: 0,interpolation_duration: 1}
$data merge entity $(bone_leftelbow) {transformation: [-0.8146f,0.337f,0.472f,1.074f,-0.1028f,0.7171f,-0.6894f,3.0542f,-0.5708f,-0.6101f,-0.5495f,0.2885f,0f,0f,0f,1f],start_interpolation: 0,interpolation_duration: 1}
$data merge entity $(bone_leftarm) {transformation: [-0.9753f,-0.2202f,0.0171f,0.75f,-0.2192f,0.9744f,0.0494f,3.4919f,-0.0275f,0.0445f,-0.9986f,0.3359f,0f,0f,0f,1f],start_interpolation: 0,interpolation_duration: 1}
$data merge entity $(bone_rightthumb2) {transformation: [-0.8999f,-0.3897f,-0.1957f,-0.3674f,-0.247f,0.8253f,-0.5079f,2.0968f,0.3594f,-0.4087f,-0.8389f,1.0579f,0f,0f,0f,1f],start_interpolation: 0,interpolation_duration: 1}
$data merge entity $(bone_rightthumb) {transformation: [-0.8999f,-0.3897f,-0.1957f,-0.4797f,-0.247f,0.8253f,-0.5079f,2.2558f,0.3594f,-0.4087f,-0.8389f,0.886f,0f,0f,0f,1f],start_interpolation: 0,interpolation_duration: 1}
$data merge entity $(bone_rightpointerfinger) {transformation: [-0.8999f,-0.3897f,-0.1957f,-0.4594f,-0.247f,0.8253f,-0.5079f,1.9341f,0.3594f,-0.4087f,-0.8389f,1.0201f,0f,0f,0f,1f],start_interpolation: 0,interpolation_duration: 1}
$data merge entity $(bone_rightmidfinger) {transformation: [-0.8999f,-0.3897f,-0.1957f,-0.49f,-0.247f,0.8253f,-0.5079f,1.8548f,0.3594f,-0.4087f,-0.8389f,0.889f,0f,0f,0f,1f],start_interpolation: 0,interpolation_duration: 1}
$data merge entity $(bone_rightringfinger) {transformation: [-0.8999f,-0.3897f,-0.1957f,-0.5206f,-0.247f,0.8253f,-0.5079f,1.7754f,0.3594f,-0.4087f,-0.8389f,0.7579f,0f,0f,0f,1f],start_interpolation: 0,interpolation_duration: 1}
$data merge entity $(bone_hugeasssword) {transformation: [-3.5246f,-1.5265f,-0.7664f,-0.3271f,-0.9674f,3.2323f,-1.9891f,2.096f,1.4077f,-1.6007f,-3.2858f,0.7236f,0f,0f,0f,1f],start_interpolation: 0,interpolation_duration: 1}
$data merge entity $(bone_ice) {transformation: [-0.8999f,-0.3897f,-0.1957f,-0.3069f,-0.247f,0.8253f,-0.5079f,2.0869f,0.3594f,-0.4087f,-0.8389f,0.7244f,0f,0f,0f,1f],start_interpolation: 0,interpolation_duration: 1}
$data merge entity $(bone_righthand1) {transformation: [-0.8999f,-0.3897f,-0.1957f,-0.6355f,-0.247f,0.8253f,-0.5079f,2.2156f,0.3594f,-0.4087f,-0.8389f,0.6859f,0f,0f,0f,1f],start_interpolation: 0,interpolation_duration: 1}
$data merge entity $(bone_rightforearm) {transformation: [-0.8999f,-0.3897f,-0.1957f,-0.8502f,-0.247f,0.8253f,-0.5079f,2.8193f,0.3594f,-0.4087f,-0.8389f,0.3892f,0f,0f,0f,1f],start_interpolation: 0,interpolation_duration: 1}
$data merge entity $(bone_rightelbow) {transformation: [-0.8999f,-0.3897f,-0.1957f,-0.9233f,-0.247f,0.8253f,-0.5079f,2.974f,0.3594f,-0.4087f,-0.8389f,0.3125f,0f,0f,0f,1f],start_interpolation: 0,interpolation_duration: 1}
$data merge entity $(bone_rightarm) {transformation: [-0.9956f,-0.0905f,-0.0231f,-0.75f,-0.0903f,0.9959f,-0.0074f,3.4919f,0.0237f,-0.0053f,-0.9997f,0.3359f,0f,0f,0f,1f],start_interpolation: 0,interpolation_duration: 1}
$data merge entity $(bone_chest1) {transformation: [-1.0833f,0f,0f,-0.0023f,0f,1.0521f,0.2584f,3.3625f,0f,0.2584f,-1.0521f,0.1908f,0f,0f,0f,1f],start_interpolation: 0,interpolation_duration: 1}
$data merge entity $(bone_chest1lid) {transformation: [-1f,0f,0f,-0.3438f,0f,0.9711f,0.2385f,2.6055f,0f,0.2385f,-0.9711f,0.4079f,0f,0f,0f,1f],start_interpolation: 0,interpolation_duration: 1}
$data merge entity $(bone_chest2) {transformation: [-1f,0f,0f,-0.3438f,0f,0.9711f,0.2385f,2.4537f,0f,0.2385f,-0.9711f,0.3706f,0f,0f,0f,1f],start_interpolation: 0,interpolation_duration: 1}
$data merge entity $(bone_chest1lid3) {transformation: [-1f,0f,0f,-0.2812f,0f,0.9711f,0.2385f,2.7582f,0f,0.2385f,-0.9711f,-0.2143f,0f,0f,0f,1f],start_interpolation: 0,interpolation_duration: 1}
$data merge entity $(bone_chest3) {transformation: [-1f,0f,0f,-0.2812f,0f,0.9711f,0.2385f,2.6065f,0f,0.2385f,-0.9711f,-0.2515f,0f,0f,0f,1f],start_interpolation: 0,interpolation_duration: 1}
$data merge entity $(bone_hugeasssword2) {transformation: [0f,2.8877f,-2.6461f,-1.2344f,-0.9341f,2.5697f,2.8043f,4.5525f,3.8037f,0.631f,0.6887f,0.2102f,0f,0f,0f,1f],start_interpolation: 0,interpolation_duration: 1}
$data merge entity $(bone_belt) {transformation: [-1f,0f,0f,0.0297f,0f,0.9711f,0.2385f,2.9445f,0f,0.2385f,-0.9711f,0.2229f,0f,0f,0f,1f],start_interpolation: 0,interpolation_duration: 1}
$data merge entity $(bone_torn_part) {transformation: [-1f,0f,0f,-0.0938f,0f,0.8545f,0.5195f,2.6688f,0f,0.5195f,-0.8545f,0.1499f,0f,0f,0f,1f],start_interpolation: 0,interpolation_duration: 1}
$data merge entity $(bone_lowerbody) {transformation: [-1f,0f,0f,0.0039f,0f,0.9711f,0.2385f,2.1611f,0f,0.2385f,-0.9711f,0.17f,0f,0f,0f,1f],start_interpolation: 0,interpolation_duration: 1}
$data merge entity $(bone_leftfoot) {transformation: [-0.9962f,0.0017f,-0.0871f,0.2671f,0f,0.9998f,0.0199f,0.1709f,0.0872f,0.0198f,-0.996f,-0.1645f,0f,0f,0f,1f],start_interpolation: 0,interpolation_duration: 1}
$data merge entity $(bone_leftlowerleg) {transformation: [-0.9962f,0.0278f,-0.0826f,0.3107f,0f,0.9478f,0.319f,1.1733f,0.0872f,0.3178f,-0.9442f,0.333f,0f,0f,0f,1f],start_interpolation: 0,interpolation_duration: 1}
$data merge entity $(bone_leftleg) {transformation: [-0.9962f,-0.0298f,-0.0819f,0.25f,0f,0.9397f,-0.342f,2.1806f,0.0872f,-0.3407f,-0.9361f,-0.0019f,0f,0f,0f,1f],start_interpolation: 0,interpolation_duration: 1}
$data merge entity $(bone_rightfoot) {transformation: [-0.9991f,0.0421f,0.0113f,-0.3644f,0.0416f,0.9982f,-0.0438f,0.1431f,-0.0131f,-0.0433f,-0.999f,-0.1266f,0f,0f,0f,1f],start_interpolation: 0,interpolation_duration: 1}
$data merge entity $(bone_rightlowerleg) {transformation: [-0.9991f,0.0365f,0.0238f,-0.3275f,0.0416f,0.9626f,0.2676f,1.1699f,-0.0131f,0.2684f,-0.9632f,0.3191f,0f,0f,0f,1f],start_interpolation: 0,interpolation_duration: 1}
$data merge entity $(bone_rightleg) {transformation: [-0.9991f,0.0436f,-0.0012f,-0.25f,0.0416f,0.9445f,-0.3259f,2.1806f,-0.0131f,-0.3257f,-0.9454f,-0.0019f,0f,0f,0f,1f],start_interpolation: 0,interpolation_duration: 1}
data modify entity @s data merge value {"cameras":{},"locators":{"lefthand":{"posx":0.6016458721100123,"posy":2.1491164694386065,"posz":0.9614067692231059,"roty":40.664772936303564,"rotx":-43.581087881515224},"sword":{"posx":0.33940096545981296,"posy":3.9315420654147513,"posz":3.8711364702797946,"roty":346.87065700175026,"rotx":-30.521151605968853},"righthand":{"posx":-0.3821563529651756,"posy":2.058821546749858,"posz":0.7776062627015929,"roty":346.87065700175026,"rotx":-30.521151605968853},"chest":{"posx":-0.3750000000000001,"posy":2.507509063196006,"posz":0.5446899560787154,"roty":0,"rotx":13.7972234865726}}}