# This file was generated by Animated Java via MC-Build. It is not recommended to edit this file directly.
$data merge entity $(bone_nose) {transformation: [-1f,0f,0f,0f,0f,0.7184f,0.6956f,3.936f,0f,0.6956f,-0.7184f,0.6501f,0f,0f,0f,1f],start_interpolation: 0,interpolation_duration: 1}
$data merge entity $(bone_glowing_eye) {transformation: [-1f,0f,0f,-0.125f,0f,0.7184f,0.6956f,3.9603f,0f,0.6956f,-0.7184f,0.7223f,0f,0f,0f,1f],start_interpolation: 0,interpolation_duration: 1}
$data merge entity $(bone_head) {transformation: [-1f,0f,0f,0f,0f,0.7184f,0.6956f,3.9775f,0f,0.6956f,-0.7184f,0.4297f,0f,0f,0f,1f],start_interpolation: 0,interpolation_duration: 1}
$data merge entity $(bone_leftthumb2) {transformation: [-0.8187f,0.3624f,0.4454f,0.4654f,-0.0637f,0.7137f,-0.6976f,2.3516f,-0.5707f,-0.5995f,-0.5612f,1.187f,0f,0f,0f,1f],start_interpolation: 0,interpolation_duration: 1}
$data merge entity $(bone_leftthumb) {transformation: [-0.8187f,0.3624f,0.4454f,0.5923f,-0.0637f,0.7137f,-0.6976f,2.467f,-0.5707f,-0.5995f,-0.5612f,0.992f,0f,0f,0f,1f],start_interpolation: 0,interpolation_duration: 1}
$data merge entity $(bone_leftpointerfinger) {transformation: [-0.8187f,0.3624f,0.4454f,0.5839f,-0.0637f,0.7137f,-0.6976f,2.2071f,-0.5707f,-0.5995f,-0.5612f,1.2248f,0f,0f,0f,1f],start_interpolation: 0,interpolation_duration: 1}
$data merge entity $(bone_leftmidfinger) {transformation: [-0.8187f,0.3624f,0.4454f,0.6535f,-0.0637f,0.7137f,-0.6976f,2.0981f,-0.5707f,-0.5995f,-0.5612f,1.1372f,0f,0f,0f,1f],start_interpolation: 0,interpolation_duration: 1}
$data merge entity $(bone_leftringfinger) {transformation: [-0.8187f,0.3624f,0.4454f,0.7231f,-0.0637f,0.7137f,-0.6976f,1.9891f,-0.5707f,-0.5995f,-0.5612f,1.0495f,0f,0f,0f,1f],start_interpolation: 0,interpolation_duration: 1}
$data merge entity $(bone_invisibility) {transformation: [0.3998f,-0.4122f,0.8187f,0.4561f,0.6502f,0.7571f,0.0637f,2.295f,-0.6461f,0.5068f,0.5707f,1.0698f,0f,0f,0f,1f],start_interpolation: 0,interpolation_duration: 1}
$data merge entity $(bone_swiftness) {transformation: [0.4454f,0.3624f,0.8187f,0.4479f,-0.6976f,0.7137f,0.0637f,2.0643f,-0.5612f,-0.5995f,0.5707f,1.016f,0f,0f,0f,1f],start_interpolation: 0,interpolation_duration: 1}
$data merge entity $(bone_suspicious_stew) {transformation: [0f,0f,0f,0.5226f,0f,0f,0f,2.1308f,0f,0f,0f,0.9927f,0f,0f,0f,1f],start_interpolation: 0,interpolation_duration: 1}
$data merge entity $(bone_log) {transformation: [0f,0f,0f,0.5138f,0f,0f,0f,2.1777f,0f,0f,0f,0.813f,0f,0f,0f,1f],start_interpolation: 0,interpolation_duration: 1}
$data merge entity $(bone_planks) {transformation: [-0.9726f,0.4305f,0.5292f,0.4317f,-0.0756f,0.8478f,-0.8287f,2.1713f,-0.678f,-0.7122f,-0.6667f,0.7558f,0f,0f,0f,1f],start_interpolation: 0,interpolation_duration: 1}
$data merge entity $(bone_lefthand1) {transformation: [-0.8187f,0.3624f,0.4454f,0.7934f,-0.0637f,0.7137f,-0.6976f,2.3974f,-0.5707f,-0.5995f,-0.5612f,0.8483f,0f,0f,0f,1f],start_interpolation: 0,interpolation_duration: 1}
$data merge entity $(bone_leftforearm) {transformation: [-0.8187f,0.3624f,0.4454f,0.99f,-0.0637f,0.7137f,-0.6976f,2.9061f,-0.5707f,-0.5995f,-0.5612f,0.3999f,0f,0f,0f,1f],start_interpolation: 0,interpolation_duration: 1}
$data merge entity $(bone_leftelbow) {transformation: [-0.8187f,0.3624f,0.4454f,1.058f,-0.0637f,0.7137f,-0.6976f,3.04f,-0.5707f,-0.5995f,-0.5612f,0.2875f,0f,0f,0f,1f],start_interpolation: 0,interpolation_duration: 1}
$data merge entity $(bone_leftarm) {transformation: [-0.9826f,-0.1851f,0.0149f,0.75f,-0.184f,0.9812f,0.0578f,3.4885f,-0.0253f,0.0541f,-0.9982f,0.3402f,0f,0f,0f,1f],start_interpolation: 0,interpolation_duration: 1}
$data merge entity $(bone_rightthumb2) {transformation: [-0.9324f,-0.3234f,-0.1617f,-0.4619f,-0.2177f,0.8593f,-0.4629f,2.0385f,0.2886f,-0.3964f,-0.8715f,1.0564f,0f,0f,0f,1f],start_interpolation: 0,interpolation_duration: 1}
$data merge entity $(bone_rightthumb) {transformation: [-0.9324f,-0.3234f,-0.1617f,-0.555f,-0.2177f,0.8593f,-0.4629f,2.2096f,0.2886f,-0.3964f,-0.8715f,0.8847f,0f,0f,0f,1f],start_interpolation: 0,interpolation_duration: 1}
$data merge entity $(bone_rightpointerfinger) {transformation: [-0.9324f,-0.3234f,-0.1617f,-0.5584f,-0.2177f,0.8593f,-0.4629f,1.8822f,0.2886f,-0.3964f,-0.8715f,1.0055f,0f,0f,0f,1f],start_interpolation: 0,interpolation_duration: 1}
$data merge entity $(bone_rightmidfinger) {transformation: [-0.9324f,-0.3234f,-0.1617f,-0.5837f,-0.2177f,0.8593f,-0.4629f,1.8098f,0.2886f,-0.3964f,-0.8715f,0.8693f,0f,0f,0f,1f],start_interpolation: 0,interpolation_duration: 1}
$data merge entity $(bone_rightringfinger) {transformation: [-0.9324f,-0.3234f,-0.1617f,-0.609f,-0.2177f,0.8593f,-0.4629f,1.7375f,0.2886f,-0.3964f,-0.8715f,0.7331f,0f,0f,0f,1f],start_interpolation: 0,interpolation_duration: 1}
$data merge entity $(bone_hugeasssword) {transformation: [-3.6517f,-1.2665f,-0.6333f,-0.3992f,-0.8528f,3.3654f,-1.813f,2.0494f,1.1305f,-1.5525f,-3.4135f,0.7258f,0f,0f,0f,1f],start_interpolation: 0,interpolation_duration: 1}
$data merge entity $(bone_ice) {transformation: [-0.9324f,-0.3234f,-0.1617f,-0.3796f,-0.2177f,0.8593f,-0.4629f,2.0394f,0.2886f,-0.3964f,-0.8715f,0.7274f,0f,0f,0f,1f],start_interpolation: 0,interpolation_duration: 1}
$data merge entity $(bone_righthand1) {transformation: [-0.9324f,-0.3234f,-0.1617f,-0.6986f,-0.2177f,0.8593f,-0.4629f,2.1853f,0.2886f,-0.3964f,-0.8715f,0.6733f,0f,0f,0f,1f],start_interpolation: 0,interpolation_duration: 1}
$data merge entity $(bone_rightforearm) {transformation: [-0.9324f,-0.3234f,-0.1617f,-0.8651f,-0.2177f,0.8593f,-0.4629f,2.8103f,0.2886f,-0.3964f,-0.8715f,0.3901f,0f,0f,0f,1f],start_interpolation: 0,interpolation_duration: 1}
$data merge entity $(bone_rightelbow) {transformation: [-0.9324f,-0.3234f,-0.1617f,-0.9258f,-0.2177f,0.8593f,-0.4629f,2.9715f,0.2886f,-0.3964f,-0.8715f,0.3158f,0f,0f,0f,1f],start_interpolation: 0,interpolation_duration: 1}
$data merge entity $(bone_rightarm) {transformation: [-0.9962f,-0.0854f,-0.0168f,-0.75f,-0.0853f,0.9963f,-0.0076f,3.4885f,0.0174f,-0.0062f,-0.9998f,0.3402f,0f,0f,0f,1f],start_interpolation: 0,interpolation_duration: 1}
$data merge entity $(bone_chest1) {transformation: [-1.0833f,0f,0f,-0.0023f,0f,1.0527f,0.2556f,3.3587f,0f,0.2556f,-1.0527f,0.1954f,0f,0f,0f,1f],start_interpolation: 0,interpolation_duration: 1}
$data merge entity $(bone_chest1lid) {transformation: [-1f,0f,0f,-0.3438f,0f,0.9718f,0.2359f,2.6022f,0f,0.2359f,-0.9718f,0.4144f,0f,0f,0f,1f],start_interpolation: 0,interpolation_duration: 1}
$data merge entity $(bone_chest2) {transformation: [-1f,0f,0f,-0.3438f,0f,0.9718f,0.2359f,2.4504f,0f,0.2359f,-0.9718f,0.3776f,0f,0f,0f,1f],start_interpolation: 0,interpolation_duration: 1}
$data merge entity $(bone_chest1lid3) {transformation: [-1f,0f,0f,-0.2812f,0f,0.9718f,0.2359f,2.7534f,0f,0.2359f,-0.9718f,-0.2081f,0f,0f,0f,1f],start_interpolation: 0,interpolation_duration: 1}
$data merge entity $(bone_chest3) {transformation: [-1f,0f,0f,-0.2812f,0f,0.9718f,0.2359f,2.6015f,0f,0.2359f,-0.9718f,-0.245f,0f,0f,0f,1f],start_interpolation: 0,interpolation_duration: 1}
$data merge entity $(bone_hugeasssword2) {transformation: [0f,2.8877f,-2.6461f,-1.2344f,-0.9241f,2.5714f,2.8061f,4.5488f,3.8061f,0.6243f,0.6813f,0.2117f,0f,0f,0f,1f],start_interpolation: 0,interpolation_duration: 1}
$data merge entity $(bone_belt) {transformation: [-1f,0f,0f,0.0297f,0f,0.9718f,0.2359f,2.9407f,0f,0.2359f,-0.9718f,0.2286f,0f,0f,0f,1f],start_interpolation: 0,interpolation_duration: 1}
$data merge entity $(bone_torn_part) {transformation: [-1f,0f,0f,-0.0938f,0f,0.8558f,0.5172f,2.6649f,0f,0.5172f,-0.8558f,0.1563f,0f,0f,0f,1f],start_interpolation: 0,interpolation_duration: 1}
$data merge entity $(bone_lowerbody) {transformation: [-1f,0f,0f,0.0039f,0f,0.9718f,0.2359f,2.1572f,0f,0.2359f,-0.9718f,0.1777f,0f,0f,0f,1f],start_interpolation: 0,interpolation_duration: 1}
$data merge entity $(bone_leftfoot) {transformation: [-0.9962f,0.0015f,-0.0871f,0.2662f,0f,0.9998f,0.0174f,0.1725f,0.0872f,0.0173f,-0.996f,-0.1676f,0f,0f,0f,1f],start_interpolation: 0,interpolation_duration: 1}
$data merge entity $(bone_leftlowerleg) {transformation: [-0.9962f,0.0287f,-0.0823f,0.3107f,0f,0.9443f,0.3292f,1.1694f,0.0872f,0.3279f,-0.9407f,0.3408f,0f,0f,0f,1f],start_interpolation: 0,interpolation_duration: 1}
$data merge entity $(bone_leftleg) {transformation: [-0.9962f,-0.0298f,-0.0819f,0.25f,0f,0.9397f,-0.342f,2.1768f,0.0872f,-0.3407f,-0.9361f,0.0059f,0f,0f,0f,1f],start_interpolation: 0,interpolation_duration: 1}
$data merge entity $(bone_rightfoot) {transformation: [-0.9991f,0.0421f,0.0113f,-0.3642f,0.0416f,0.9982f,-0.0438f,0.1425f,-0.0131f,-0.0433f,-0.999f,-0.1217f,0f,0f,0f,1f],start_interpolation: 0,interpolation_duration: 1}
$data merge entity $(bone_rightlowerleg) {transformation: [-0.9991f,0.0364f,0.024f,-0.3275f,0.0416f,0.9612f,0.2728f,1.1669f,-0.0131f,0.2736f,-0.9618f,0.3296f,0f,0f,0f,1f],start_interpolation: 0,interpolation_duration: 1}
$data merge entity $(bone_rightleg) {transformation: [-0.9991f,0.0436f,-0.0013f,-0.25f,0.0416f,0.9436f,-0.3285f,2.1768f,-0.0131f,-0.3282f,-0.9445f,0.0059f,0f,0f,0f,1f],start_interpolation: 0,interpolation_duration: 1}
data modify entity @s data merge value {"cameras":{},"locators":{"lefthand":{"posx":0.5535063270689482,"posy":2.1424108394795565,"posz":0.9470420080590315,"roty":38.44048439784788,"rotx":-44.23369154568196},"sword":{"posx":0.13687661594709238,"posy":3.7197227274577793,"posz":3.9881191712392976,"roty":349.4889161603544,"rotx":-27.57375228958123},"righthand":{"posx":-0.45941071147784085,"posy":2.0128158203305215,"posz":0.7743104520474275,"roty":349.4889161603544,"rotx":-27.57375228958123},"chest":{"posx":-0.3750000000000001,"posy":2.5046241034798835,"posz":0.5515125257178606,"roty":0,"rotx":13.647018661811561}}}