# This file was generated by Animated Java via MC-Build. It is not recommended to edit this file directly.
$data merge entity $(bone_nose) {transformation: [-1f,0f,0f,0f,0f,0.7223f,0.6916f,3.9358f,0f,0.6916f,-0.7223f,0.651f,0f,0f,0f,1f],start_interpolation: 0,interpolation_duration: 1}
$data merge entity $(bone_glowing_eye) {transformation: [-1f,0f,0f,-0.125f,0f,0.7223f,0.6916f,3.9605f,0f,0.6916f,-0.7223f,0.723f,0f,0f,0f,1f],start_interpolation: 0,interpolation_duration: 1}
$data merge entity $(bone_head) {transformation: [-1f,0f,0f,0f,0f,0.7223f,0.6916f,3.9761f,0f,0.6916f,-0.7223f,0.4303f,0f,0f,0f,1f],start_interpolation: 0,interpolation_duration: 1}
$data merge entity $(bone_leftthumb2) {transformation: [-0.8125f,0.4361f,0.3868f,0.3483f,-0.0103f,0.6527f,-0.7575f,2.4157f,-0.5828f,-0.6195f,-0.5259f,1.2255f,0f,0f,0f,1f],start_interpolation: 0,interpolation_duration: 1}
$data merge entity $(bone_leftthumb) {transformation: [-0.8125f,0.4361f,0.3868f,0.4883f,-0.0103f,0.6527f,-0.7575f,2.5111f,-0.5828f,-0.6195f,-0.5259f,1.0286f,0f,0f,0f,1f],start_interpolation: 0,interpolation_duration: 1}
$data merge entity $(bone_leftpointerfinger) {transformation: [-0.8125f,0.4361f,0.3868f,0.4522f,-0.0103f,0.6527f,-0.7575f,2.2625f,-0.5828f,-0.6195f,-0.5259f,1.271f,0f,0f,0f,1f],start_interpolation: 0,interpolation_duration: 1}
$data merge entity $(bone_leftmidfinger) {transformation: [-0.8125f,0.4361f,0.3868f,0.5127f,-0.0103f,0.6527f,-0.7575f,2.1442f,-0.5828f,-0.6195f,-0.5259f,1.1888f,0f,0f,0f,1f],start_interpolation: 0,interpolation_duration: 1}
$data merge entity $(bone_leftringfinger) {transformation: [-0.8125f,0.4361f,0.3868f,0.5731f,-0.0103f,0.6527f,-0.7575f,2.0258f,-0.5828f,-0.6195f,-0.5259f,1.1066f,0f,0f,0f,1f],start_interpolation: 0,interpolation_duration: 1}
$data merge entity $(bone_invisibility) {transformation: [0.4681f,-0.3474f,0.8125f,0.3355f,0.5842f,0.8115f,0.0103f,2.3556f,-0.663f,0.4699f,0.5828f,1.1104f,0f,0f,0f,1f],start_interpolation: 0,interpolation_duration: 1}
$data merge entity $(bone_swiftness) {transformation: [0.3868f,0.4361f,0.8125f,0.3067f,-0.7575f,0.6527f,0.0103f,2.1247f,-0.5259f,-0.6195f,0.5828f,1.0653f,0f,0f,0f,1f],start_interpolation: 0,interpolation_duration: 1}
$data merge entity $(bone_suspicious_stew) {transformation: [0f,0f,0f,0.3876f,0f,0f,0f,2.183f,0f,0f,0f,1.0408f,0f,0f,0f,1f],start_interpolation: 0,interpolation_duration: 1}
$data merge entity $(bone_log) {transformation: [0f,0f,0f,0.3858f,0f,0f,0f,2.2236f,0f,0f,0f,0.8605f,0f,0f,0f,1f],start_interpolation: 0,interpolation_duration: 1}
$data merge entity $(bone_planks) {transformation: [-0.9264f,0.4972f,0.4411f,0.3046f,-0.0118f,0.7442f,-0.8637f,2.2225f,-0.6645f,-0.7064f,-0.5996f,0.8022f,0f,0f,0f,1f],start_interpolation: 0,interpolation_duration: 1}
$data merge entity $(bone_lefthand1) {transformation: [-0.8125f,0.4361f,0.3868f,0.6841f,-0.0103f,0.6527f,-0.7575f,2.4176f,-0.5828f,-0.6195f,-0.5259f,0.8913f,0f,0f,0f,1f],start_interpolation: 0,interpolation_duration: 1}
$data merge entity $(bone_leftforearm) {transformation: [-0.8125f,0.4361f,0.3868f,0.9339f,-0.0103f,0.6527f,-0.7575f,2.8877f,-0.5828f,-0.6195f,-0.5259f,0.4275f,0f,0f,0f,1f],start_interpolation: 0,interpolation_duration: 1}
$data merge entity $(bone_leftelbow) {transformation: [-0.8125f,0.4361f,0.3868f,1.0156f,-0.0103f,0.6527f,-0.7575f,3.0101f,-0.5828f,-0.6195f,-0.5259f,0.3114f,0f,0f,0f,1f],start_interpolation: 0,interpolation_duration: 1}
$data merge entity $(bone_leftarm) {transformation: [-0.995f,-0.0939f,0.0327f,0.75f,-0.0934f,0.9955f,0.0162f,3.4869f,-0.0341f,0.0131f,-0.9993f,0.3417f,0f,0f,0f,1f],start_interpolation: 0,interpolation_duration: 1}
$data merge entity $(bone_rightthumb2) {transformation: [-0.9122f,-0.4004f,-0.0868f,-0.335f,-0.3f,0.7971f,-0.524f,2.1176f,0.279f,-0.452f,-0.8473f,1.1518f,0f,0f,0f,1f],start_interpolation: 0,interpolation_duration: 1}
$data merge entity $(bone_rightthumb) {transformation: [-0.9122f,-0.4004f,-0.0868f,-0.4406f,-0.3f,0.7971f,-0.524f,2.2683f,0.279f,-0.452f,-0.8473f,0.9685f,0f,0f,0f,1f],start_interpolation: 0,interpolation_duration: 1}
$data merge entity $(bone_rightpointerfinger) {transformation: [-0.9122f,-0.4004f,-0.0868f,-0.4131f,-0.3f,0.7971f,-0.524f,1.9494f,0.279f,-0.452f,-0.8473f,1.1076f,0f,0f,0f,1f],start_interpolation: 0,interpolation_duration: 1}
$data merge entity $(bone_rightmidfinger) {transformation: [-0.9122f,-0.4004f,-0.0868f,-0.4266f,-0.3f,0.7971f,-0.524f,1.8675f,0.279f,-0.452f,-0.8473f,0.9753f,0f,0f,0f,1f],start_interpolation: 0,interpolation_duration: 1}
$data merge entity $(bone_rightringfinger) {transformation: [-0.9122f,-0.4004f,-0.0868f,-0.4402f,-0.3f,0.7971f,-0.524f,1.7856f,0.279f,-0.452f,-0.8473f,0.8429f,0f,0f,0f,1f],start_interpolation: 0,interpolation_duration: 1}
$data merge entity $(bone_hugeasssword) {transformation: [-3.5728f,-1.5683f,-0.34f,-0.2643f,-1.1751f,3.122f,-2.0525f,2.1173f,1.0929f,-1.7703f,-3.3184f,0.8226f,0f,0f,0f,1f],start_interpolation: 0,interpolation_duration: 1}
$data merge entity $(bone_ice) {transformation: [-0.9122f,-0.4004f,-0.0868f,-0.2438f,-0.3f,0.7971f,-0.524f,2.1096f,0.279f,-0.452f,-0.8473f,0.8253f,0f,0f,0f,1f],start_interpolation: 0,interpolation_duration: 1}
$data merge entity $(bone_righthand1) {transformation: [-0.9122f,-0.4004f,-0.0868f,-0.5747f,-0.3f,0.7971f,-0.524f,2.2174f,0.279f,-0.452f,-0.8473f,0.7556f,0f,0f,0f,1f],start_interpolation: 0,interpolation_duration: 1}
$data merge entity $(bone_rightforearm) {transformation: [-0.9122f,-0.4004f,-0.0868f,-0.7978f,-0.3f,0.7971f,-0.524f,2.8048f,0.279f,-0.452f,-0.8473f,0.4336f,0f,0f,0f,1f],start_interpolation: 0,interpolation_duration: 1}
$data merge entity $(bone_rightelbow) {transformation: [-0.9122f,-0.4004f,-0.0868f,-0.8729f,-0.3f,0.7971f,-0.524f,2.9543f,0.279f,-0.452f,-0.8473f,0.3488f,0f,0f,0f,1f],start_interpolation: 0,interpolation_duration: 1}
$data merge entity $(bone_rightarm) {transformation: [-0.9829f,-0.1841f,0.0015f,-0.75f,-0.1837f,0.9803f,-0.0724f,3.4869f,0.0119f,-0.0714f,-0.9974f,0.3417f,0f,0f,0f,1f],start_interpolation: 0,interpolation_duration: 1}
$data merge entity $(bone_chest1) {transformation: [-1.0833f,0f,0f,-0.0023f,0f,1.0532f,0.2538f,3.3569f,0f,0.2538f,-1.0532f,0.1971f,0f,0f,0f,1f],start_interpolation: 0,interpolation_duration: 1}
$data merge entity $(bone_chest1lid) {transformation: [-1f,0f,0f,-0.3438f,0f,0.9722f,0.2343f,2.6008f,0f,0.2343f,-0.9722f,0.4174f,0f,0f,0f,1f],start_interpolation: 0,interpolation_duration: 1}
$data merge entity $(bone_chest2) {transformation: [-1f,0f,0f,-0.3438f,0f,0.9722f,0.2343f,2.4489f,0f,0.2343f,-0.9722f,0.3808f,0f,0f,0f,1f],start_interpolation: 0,interpolation_duration: 1}
$data merge entity $(bone_chest1lid3) {transformation: [-1f,0f,0f,-0.2812f,0f,0.9722f,0.2343f,2.7508f,0f,0.2343f,-0.9722f,-0.2054f,0f,0f,0f,1f],start_interpolation: 0,interpolation_duration: 1}
$data merge entity $(bone_chest3) {transformation: [-1f,0f,0f,-0.2812f,0f,0.9722f,0.2343f,2.5989f,0f,0.2343f,-0.9722f,-0.242f,0f,0f,0f,1f],start_interpolation: 0,interpolation_duration: 1}
$data merge entity $(bone_hugeasssword2) {transformation: [0f,2.8877f,-2.6461f,-1.2344f,-0.9176f,2.5724f,2.8073f,4.5469f,3.8077f,0.62f,0.6766f,0.2114f,0f,0f,0f,1f],start_interpolation: 0,interpolation_duration: 1}
$data merge entity $(bone_belt) {transformation: [-1f,0f,0f,0.0297f,0f,0.9722f,0.2343f,2.9389f,0f,0.2343f,-0.9722f,0.231f,0f,0f,0f,1f],start_interpolation: 0,interpolation_duration: 1}
$data merge entity $(bone_torn_part) {transformation: [-1f,0f,0f,-0.0938f,0f,0.8567f,0.5158f,2.663f,0f,0.5158f,-0.8567f,0.1592f,0f,0f,0f,1f],start_interpolation: 0,interpolation_duration: 1}
$data merge entity $(bone_lowerbody) {transformation: [-1f,0f,0f,0.0039f,0f,0.9722f,0.2343f,2.1553f,0f,0.2343f,-0.9722f,0.1815f,0f,0f,0f,1f],start_interpolation: 0,interpolation_duration: 1}
$data merge entity $(bone_leftfoot) {transformation: [-0.9962f,0.0014f,-0.0871f,0.2657f,0f,0.9999f,0.0162f,0.1733f,0.0872f,0.0161f,-0.9961f,-0.169f,0f,0f,0f,1f],start_interpolation: 0,interpolation_duration: 1}
$data merge entity $(bone_leftlowerleg) {transformation: [-0.9962f,0.0291f,-0.0821f,0.3107f,0f,0.9425f,0.3341f,1.1675f,0.0872f,0.3329f,-0.9389f,0.3445f,0f,0f,0f,1f],start_interpolation: 0,interpolation_duration: 1}
$data merge entity $(bone_leftleg) {transformation: [-0.9962f,-0.0298f,-0.0819f,0.25f,0f,0.9397f,-0.342f,2.1749f,0.0872f,-0.3407f,-0.9361f,0.0096f,0f,0f,0f,1f],start_interpolation: 0,interpolation_duration: 1}
$data merge entity $(bone_rightfoot) {transformation: [-0.9991f,0.0421f,0.0113f,-0.3641f,0.0416f,0.9982f,-0.0438f,0.1423f,-0.0131f,-0.0433f,-0.999f,-0.1193f,0f,0f,0f,1f],start_interpolation: 0,interpolation_duration: 1}
$data merge entity $(bone_rightlowerleg) {transformation: [-0.9991f,0.0363f,0.0241f,-0.3275f,0.0416f,0.9604f,0.2753f,1.1655f,-0.0131f,0.2761f,-0.961f,0.3347f,0f,0f,0f,1f],start_interpolation: 0,interpolation_duration: 1}
$data merge entity $(bone_rightleg) {transformation: [-0.9991f,0.0435f,-0.0013f,-0.25f,0.0416f,0.9432f,-0.3297f,2.1749f,-0.0131f,-0.3294f,-0.9441f,0.0096f,0f,0f,0f,1f],start_interpolation: 0,interpolation_duration: 1}
data modify entity @s data merge value {"cameras":{},"locators":{"lefthand":{"posx":0.42011023477709347,"posy":2.1899361679971006,"posz":0.9953200617780664,"roty":36.339564433434816,"rotx":-49.24548753508503},"sword":{"posx":-0.0015531836365423879,"posy":4.009554873762649,"posz":3.9959951464586316,"roty":354.14944387290643,"rotx":-31.60361003126883},"righthand":{"posx":-0.3216896275762146,"posy":2.077158960749199,"posz":0.8717328427090613,"roty":354.14944387290643,"rotx":-31.60361003126883},"chest":{"posx":-0.3750000000000001,"posy":2.5033828455181353,"posz":0.5546714700750616,"roty":0,"rotx":13.549940259444696}}}