# This file was generated by Animated Java via MC-Build. It is not recommended to edit this file directly.
$data merge entity $(nose) {transformation: [-1f,0f,0f,0f,0f,0.732f,0.6814f,3.9363f,0f,0.6814f,-0.732f,0.6512f,0f,0f,0f,1f],start_interpolation: 0,interpolation_duration: 1}
$data merge entity $(glowing_eye) {transformation: [-1f,0f,0f,-0.125f,0f,0.732f,0.6814f,3.9621f,0f,0.6814f,-0.732f,0.7229f,0f,0f,0f,1f],start_interpolation: 0,interpolation_duration: 1}
$data merge entity $(head) {transformation: [-1f,0f,0f,0f,0f,0.732f,0.6814f,3.9735f,0f,0.6814f,-0.732f,0.43f,0f,0f,0f,1f],start_interpolation: 0,interpolation_duration: 1}
$data merge entity $(leftthumb2) {transformation: [-0.7902f,0.5667f,0.2335f,0.1293f,0.0922f,0.4866f,-0.8688f,2.6094f,-0.6059f,-0.6649f,-0.4367f,1.3101f,0f,0f,0f,1f],start_interpolation: 0,interpolation_duration: 1}
$data merge entity $(leftthumb) {transformation: [-0.7902f,0.5667f,0.2335f,0.2883f,0.0922f,0.4866f,-0.8688f,2.6545f,-0.6059f,-0.6649f,-0.4367f,1.1097f,0f,0f,0f,1f],start_interpolation: 0,interpolation_duration: 1}
$data merge entity $(leftpointerfinger) {transformation: [-0.7902f,0.5667f,0.2335f,0.1997f,0.0922f,0.4866f,-0.8688f,2.4441f,-0.6059f,-0.6649f,-0.4367f,1.3737f,0f,0f,0f,1f],start_interpolation: 0,interpolation_duration: 1}
$data merge entity $(leftmidfinger) {transformation: [-0.7902f,0.5667f,0.2335f,0.2362f,0.0922f,0.4866f,-0.8688f,2.3083f,-0.6059f,-0.6649f,-0.4367f,1.3055f,0f,0f,0f,1f],start_interpolation: 0,interpolation_duration: 1}
$data merge entity $(leftringfinger) {transformation: [-0.7902f,0.5667f,0.2335f,0.2727f,0.0922f,0.4866f,-0.8688f,2.1726f,-0.6059f,-0.6649f,-0.4367f,1.2372f,0f,0f,0f,1f],start_interpolation: 0,interpolation_duration: 1}
$data merge entity $(invisibility) {transformation: [0.5849f,-0.1832f,0.7902f,0.1062f,0.409f,0.9079f,-0.0922f,2.5417f,-0.7005f,0.3771f,0.6059f,1.201f,0f,0f,0f,1f],start_interpolation: 0,interpolation_duration: 1}
$data merge entity $(swiftness) {transformation: [0.2335f,0.5667f,0.7902f,0.0321f,-0.8688f,0.4866f,-0.0922f,2.3177f,-0.4367f,-0.6649f,0.6059f,1.1776f,0f,0f,0f,1f],start_interpolation: 0,interpolation_duration: 1}
$data merge entity $(suspicious_stew) {transformation: [0.3061f,0.0139f,0.3951f,0.1234f,0.0369f,0.4965f,-0.0461f,2.356f,-0.3936f,0.0574f,0.303f,1.1503f,0f,0f,0f,1f],start_interpolation: 0,interpolation_duration: 1}
$data merge entity $(log) {transformation: [0f,0f,0f,0.1321f,0f,0f,0f,2.3784f,0f,0f,0f,0.9696f,0f,0f,0f,1f],start_interpolation: 0,interpolation_duration: 1}
$data merge entity $(planks) {transformation: [-0.4181f,0.2999f,0.1236f,0.0537f,0.0488f,0.2575f,-0.4597f,2.3876f,-0.3206f,-0.3519f,-0.2311f,0.9095f,0f,0f,0f,1f],start_interpolation: 0,interpolation_duration: 1}
$data merge entity $(lefthand1) {transformation: [-0.7902f,0.5667f,0.2335f,0.4631f,0.0922f,0.4866f,-0.8688f,2.5105f,-0.6059f,-0.6649f,-0.4367f,0.9888f,0f,0f,0f,1f],start_interpolation: 0,interpolation_duration: 1}
$data merge entity $(leftforearm) {transformation: [-0.7902f,0.5667f,0.2335f,0.8085f,0.0922f,0.4866f,-0.8688f,2.872f,-0.6059f,-0.6649f,-0.4367f,0.4902f,0f,0f,0f,1f],start_interpolation: 0,interpolation_duration: 1}
$data merge entity $(leftelbow) {transformation: [-0.7902f,0.5667f,0.2335f,0.9147f,0.0922f,0.4866f,-0.8688f,2.9632f,-0.6059f,-0.6649f,-0.4367f,0.3655f,0f,0f,0f,1f],start_interpolation: 0,interpolation_duration: 1}
$data merge entity $(leftarm) {transformation: [-0.9936f,0.1075f,0.0349f,0.75f,0.1039f,0.9904f,-0.0913f,3.484f,-0.0444f,-0.0871f,-0.9952f,0.3434f,0f,0f,0f,1f],start_interpolation: 0,interpolation_duration: 1}
$data merge entity $(rightthumb2) {transformation: [-0.8319f,-0.5473f,0.0915f,-0.0982f,-0.4654f,0.5983f,-0.6522f,2.3942f,0.3022f,-0.5852f,-0.7525f,1.3669f,0f,0f,0f,1f],start_interpolation: 0,interpolation_duration: 1}
$data merge entity $(rightthumb) {transformation: [-0.8319f,-0.5473f,0.0915f,-0.2246f,-0.4654f,0.5983f,-0.6522f,2.4852f,0.3022f,-0.5852f,-0.7525f,1.159f,0f,0f,0f,1f],start_interpolation: 0,interpolation_duration: 1}
$data merge entity $(rightpointerfinger) {transformation: [-0.8319f,-0.5473f,0.0915f,-0.1317f,-0.4654f,0.5983f,-0.6522f,2.2074f,0.3022f,-0.5852f,-0.7525f,1.3488f,0f,0f,0f,1f],start_interpolation: 0,interpolation_duration: 1}
$data merge entity $(rightmidfinger) {transformation: [-0.8319f,-0.5473f,0.0915f,-0.1174f,-0.4654f,0.5983f,-0.6522f,2.1055f,0.3022f,-0.5852f,-0.7525f,1.2313f,0f,0f,0f,1f],start_interpolation: 0,interpolation_duration: 1}
$data merge entity $(rightringfinger) {transformation: [-0.8319f,-0.5473f,0.0915f,-0.1031f,-0.4654f,0.5983f,-0.6522f,2.0036f,0.3022f,-0.5852f,-0.7525f,1.1137f,0f,0f,0f,1f],start_interpolation: 0,interpolation_duration: 1}
$data merge entity $(hugeasssword) {transformation: [-3.2582f,-2.1438f,0.3586f,-0.009f,-1.823f,2.3435f,-2.5544f,2.3609f,1.1836f,-2.2919f,-2.9473f,1.0439f,0f,0f,0f,1f],start_interpolation: 0,interpolation_duration: 1}
$data merge entity $(whey) {transformation: [0f,0f,0f,0.1724f,0f,0f,0f,2.4765f,0f,0f,0f,1.1526f,0f,0f,0f,1f],start_interpolation: 0,interpolation_duration: 1}
$data merge entity $(ice) {transformation: [-0.8319f,-0.5473f,0.0915f,0.0125f,-0.4654f,0.5983f,-0.6522f,2.3588f,0.3022f,-0.5852f,-0.7525f,1.0483f,0f,0f,0f,1f],start_interpolation: 0,interpolation_duration: 1}
$data merge entity $(righthand1) {transformation: [-0.8319f,-0.5473f,0.0915f,-0.3294f,-0.4654f,0.5983f,-0.6522f,2.3716f,0.3022f,-0.5852f,-0.7525f,0.954f,0f,0f,0f,1f],start_interpolation: 0,interpolation_duration: 1}
$data merge entity $(rightforearm) {transformation: [-0.8319f,-0.5473f,0.0915f,-0.6637f,-0.4654f,0.5983f,-0.6522f,2.8316f,0.3022f,-0.5852f,-0.7525f,0.5355f,0f,0f,0f,1f],start_interpolation: 0,interpolation_duration: 1}
$data merge entity $(rightelbow) {transformation: [-0.8319f,-0.5473f,0.0915f,-0.7663f,-0.4654f,0.5983f,-0.6522f,2.9438f,0.3022f,-0.5852f,-0.7525f,0.4258f,0f,0f,0f,1f],start_interpolation: 0,interpolation_duration: 1}
$data merge entity $(rightarm) {transformation: [-0.9262f,-0.3672f,0.0857f,-0.75f,-0.3771f,0.9023f,-0.209f,3.484f,-0.0006f,-0.2259f,-0.9742f,0.3434f,0f,0f,0f,1f],start_interpolation: 0,interpolation_duration: 1}
$data merge entity $(chest1) {transformation: [-1.0833f,0f,0f,-0.0023f,0f,1.0542f,0.2495f,3.3533f,0f,0.2495f,-1.0542f,0.1994f,0f,0f,0f,1f],start_interpolation: 0,interpolation_duration: 1}
$data merge entity $(chest1lid) {transformation: [-1f,0f,0f,-0.3438f,0f,0.9731f,0.2303f,2.5981f,0f,0.2303f,-0.9731f,0.4228f,0f,0f,0f,1f],start_interpolation: 0,interpolation_duration: 1}
$data merge entity $(chest2) {transformation: [-1f,0f,0f,-0.3438f,0f,0.9731f,0.2303f,2.4461f,0f,0.2303f,-0.9731f,0.3868f,0f,0f,0f,1f],start_interpolation: 0,interpolation_duration: 1}
$data merge entity $(chest1lid3) {transformation: [-1f,0f,0f,-0.2812f,0f,0.9731f,0.2303f,2.7457f,0f,0.2303f,-0.9731f,-0.2006f,0f,0f,0f,1f],start_interpolation: 0,interpolation_duration: 1}
$data merge entity $(chest3) {transformation: [-1f,0f,0f,-0.2812f,0f,0.9731f,0.2303f,2.5936f,0f,0.2303f,-0.9731f,-0.2366f,0f,0f,0f,1f],start_interpolation: 0,interpolation_duration: 1}
$data merge entity $(hugeasssword2) {transformation: [0f,2.8877f,-2.6461f,-1.2344f,-0.902f,2.5749f,2.8101f,4.5434f,3.8114f,0.6094f,0.665f,0.2087f,0f,0f,0f,1f],start_interpolation: 0,interpolation_duration: 1}
$data merge entity $(belt) {transformation: [-1f,0f,0f,0.0297f,0f,0.9731f,0.2303f,2.9356f,0f,0.2303f,-0.9731f,0.235f,0f,0f,0f,1f],start_interpolation: 0,interpolation_duration: 1}
$data merge entity $(torn_part) {transformation: [-1f,0f,0f,-0.0938f,0f,0.8588f,0.5123f,2.6593f,0f,0.5123f,-0.8588f,0.1643f,0f,0f,0f,1f],start_interpolation: 0,interpolation_duration: 1}
$data merge entity $(lowerbody) {transformation: [-1f,0f,0f,0.0039f,0f,0.9731f,0.2303f,2.1518f,0f,0.2303f,-0.9731f,0.1887f,0f,0f,0f,1f],start_interpolation: 0,interpolation_duration: 1}
$data merge entity $(leftfoot) {transformation: [-0.9962f,0.0012f,-0.0871f,0.2649f,0f,0.9999f,0.0137f,0.1749f,0.0872f,0.0137f,-0.9961f,-0.1717f,0f,0f,0f,1f],start_interpolation: 0,interpolation_duration: 1}
$data merge entity $(leftlowerleg) {transformation: [-0.9962f,0.0299f,-0.0819f,0.3107f,0f,0.9391f,0.3436f,1.164f,0.0872f,0.3423f,-0.9356f,0.3517f,0f,0f,0f,1f],start_interpolation: 0,interpolation_duration: 1}
$data merge entity $(leftleg) {transformation: [-0.9962f,-0.0298f,-0.0819f,0.25f,0f,0.9397f,-0.342f,2.1713f,0.0872f,-0.3407f,-0.9361f,0.0168f,0f,0f,0f,1f],start_interpolation: 0,interpolation_duration: 1}
$data merge entity $(rightfoot) {transformation: [-0.9991f,0.0421f,0.0113f,-0.364f,0.0415f,0.9982f,-0.0438f,0.1418f,-0.0131f,-0.0433f,-0.999f,-0.1147f,0f,0f,0f,1f],start_interpolation: 0,interpolation_duration: 1}
$data merge entity $(rightlowerleg) {transformation: [-0.9991f,0.0362f,0.0242f,-0.3275f,0.0415f,0.9591f,0.2802f,1.1627f,-0.0131f,0.2809f,-0.9596f,0.3444f,0f,0f,0f,1f],start_interpolation: 0,interpolation_duration: 1}
$data merge entity $(rightleg) {transformation: [-0.9991f,0.0435f,-0.0014f,-0.25f,0.0415f,0.9423f,-0.3321f,2.1713f,-0.0131f,-0.3318f,-0.9433f,0.0168f,0f,0f,0f,1f],start_interpolation: 0,interpolation_duration: 1}
data modify entity @s data merge value {"cameras":{},"locators":{"soup":{"px":0.11349016799321435,"py":2.4427904352023977,"pz":1.1507065711625846,"ry":127.48114037592296,"rx":-5.290545377835812},"lefthand":{"px":0.15730221082384732,"py":2.351673052545119,"pz":1.1054922949761221,"ry":28.132265935310585,"rx":-60.31505262498091},"sword":{"px":-0.3959096221254874,"py":4.720942668204197,"pz":3.8724040410639997,"ry":6.936421628971232,"rx":-40.70691085461593},"righthand":{"px":-0.05832348507350038,"py":2.315992621763312,"pz":1.0975333910706886,"ry":6.936421628971232,"rx":-40.70691085461593},"chest":{"px":-0.3750000000000001,"py":2.5013220351249963,"pz":0.5604245292010143,"ry":0,"rx":13.313965065999088}}}