# This file was generated by Animated Java via MC-Build. It is not recommended to edit this file directly.
$data merge entity $(nose) {transformation: [-1f,0f,0f,0f,0f,0.7377f,0.6752f,3.937f,0f,0.6752f,-0.7377f,0.6506f,0f,0f,0f,1f],start_interpolation: 0,interpolation_duration: 1}
$data merge entity $(glowing_eye) {transformation: [-1f,0f,0f,-0.125f,0f,0.7377f,0.6752f,3.9634f,0f,0.6752f,-0.7377f,0.722f,0f,0f,0f,1f],start_interpolation: 0,interpolation_duration: 1}
$data merge entity $(head) {transformation: [-1f,0f,0f,0f,0f,0.7377f,0.6752f,3.9724f,0f,0.6752f,-0.7377f,0.4291f,0f,0f,0f,1f],start_interpolation: 0,interpolation_duration: 1}
$data merge entity $(leftthumb2) {transformation: [-0.7963f,0.5564f,0.2372f,0.1456f,0.0897f,0.4963f,-0.8635f,2.5956f,-0.5982f,-0.6664f,-0.4451f,1.3076f,0f,0f,0f,1f],start_interpolation: 0,interpolation_duration: 1}
$data merge entity $(leftthumb) {transformation: [-0.7963f,0.5564f,0.2372f,0.3024f,0.0897f,0.4963f,-0.8635f,2.6436f,-0.5982f,-0.6664f,-0.4451f,1.1061f,0f,0f,0f,1f],start_interpolation: 0,interpolation_duration: 1}
$data merge entity $(leftpointerfinger) {transformation: [-0.7963f,0.5564f,0.2372f,0.218f,0.0897f,0.4963f,-0.8635f,2.4304f,-0.5982f,-0.6664f,-0.4451f,1.3693f,0f,0f,0f,1f],start_interpolation: 0,interpolation_duration: 1}
$data merge entity $(leftmidfinger) {transformation: [-0.7963f,0.5564f,0.2372f,0.255f,0.0897f,0.4963f,-0.8635f,2.2955f,-0.5982f,-0.6664f,-0.4451f,1.2998f,0f,0f,0f,1f],start_interpolation: 0,interpolation_duration: 1}
$data merge entity $(leftringfinger) {transformation: [-0.7963f,0.5564f,0.2372f,0.2921f,0.0897f,0.4963f,-0.8635f,2.1606f,-0.5982f,-0.6664f,-0.4451f,1.2302f,0f,0f,0f,1f],start_interpolation: 0,interpolation_duration: 1}
$data merge entity $(invisibility) {transformation: [0.575f,-0.1878f,0.7963f,0.1221f,0.4192f,0.9035f,-0.0897f,2.5285f,-0.7026f,0.3854f,0.5982f,1.1982f,0f,0f,0f,1f],start_interpolation: 0,interpolation_duration: 1}
$data merge entity $(swiftness) {transformation: [0.2372f,0.5564f,0.7963f,0.0498f,-0.8635f,0.4963f,-0.0897f,2.3041f,-0.4451f,-0.6664f,0.5982f,1.1738f,0f,0f,0f,1f],start_interpolation: 0,interpolation_duration: 1}
$data merge entity $(suspicious_stew) {transformation: [0.6045f,0.0202f,0.7963f,0.1405f,0.0849f,0.9923f,-0.0897f,2.3433f,-0.792f,0.1218f,0.5982f,1.146f,0f,0f,0f,1f],start_interpolation: 0,interpolation_duration: 1}
$data merge entity $(log) {transformation: [0f,0f,0f,0.1473f,0f,0f,0f,2.3676f,0f,0f,0f,0.967f,0f,0f,0f,1f],start_interpolation: 0,interpolation_duration: 1}
$data merge entity $(planks) {transformation: [0f,0f,0f,0.0686f,0f,0f,0f,2.3765f,0f,0f,0f,0.9079f,0f,0f,0f,1f],start_interpolation: 0,interpolation_duration: 1}
$data merge entity $(lefthand1) {transformation: [-0.7963f,0.5564f,0.2372f,0.4773f,0.0897f,0.4963f,-0.8635f,2.502f,-0.5982f,-0.6664f,-0.4451f,0.9826f,0f,0f,0f,1f],start_interpolation: 0,interpolation_duration: 1}
$data merge entity $(leftforearm) {transformation: [-0.7963f,0.5564f,0.2372f,0.8151f,0.0897f,0.4963f,-0.8635f,2.87f,-0.5982f,-0.6664f,-0.4451f,0.4836f,0f,0f,0f,1f],start_interpolation: 0,interpolation_duration: 1}
$data merge entity $(leftelbow) {transformation: [-0.7963f,0.5564f,0.2372f,0.9194f,0.0897f,0.4963f,-0.8635f,2.9631f,-0.5982f,-0.6664f,-0.4451f,0.3587f,0f,0f,0f,1f],start_interpolation: 0,interpolation_duration: 1}
$data merge entity $(leftarm) {transformation: [-0.9951f,0.0977f,0.018f,0.75f,0.0958f,0.9919f,-0.0832f,3.4826f,-0.026f,-0.0811f,-0.9964f,0.3436f,0f,0f,0f,1f],start_interpolation: 0,interpolation_duration: 1}
$data merge entity $(rightthumb2) {transformation: [-0.8513f,-0.5205f,0.0661f,-0.1486f,-0.4339f,0.6276f,-0.6464f,2.3544f,0.295f,-0.579f,-0.7601f,1.354f,0f,0f,0f,1f],start_interpolation: 0,interpolation_duration: 1}
$data merge entity $(rightthumb) {transformation: [-0.8513f,-0.5205f,0.0661f,-0.2706f,-0.4339f,0.6276f,-0.6464f,2.4531f,0.295f,-0.579f,-0.7601f,1.1471f,0f,0f,0f,1f],start_interpolation: 0,interpolation_duration: 1}
$data merge entity $(rightpointerfinger) {transformation: [-0.8513f,-0.5205f,0.0661f,-0.1899f,-0.4339f,0.6276f,-0.6464f,2.1694f,0.295f,-0.579f,-0.7601f,1.3337f,0f,0f,0f,1f],start_interpolation: 0,interpolation_duration: 1}
$data merge entity $(rightmidfinger) {transformation: [-0.8513f,-0.5205f,0.0661f,-0.1795f,-0.4339f,0.6276f,-0.6464f,2.0684f,0.295f,-0.579f,-0.7601f,1.2149f,0f,0f,0f,1f],start_interpolation: 0,interpolation_duration: 1}
$data merge entity $(rightringfinger) {transformation: [-0.8513f,-0.5205f,0.0661f,-0.1692f,-0.4339f,0.6276f,-0.6464f,1.9674f,0.295f,-0.579f,-0.7601f,1.0961f,0f,0f,0f,1f],start_interpolation: 0,interpolation_duration: 1}
$data merge entity $(hugeasssword) {transformation: [-3.3343f,-2.0385f,0.2588f,-0.0602f,-1.6994f,2.4582f,-2.5318f,2.3213f,1.1553f,-2.2676f,-2.9771f,1.0308f,0f,0f,0f,1f],start_interpolation: 0,interpolation_duration: 1}
$data merge entity $(whey) {transformation: [0f,0f,0f,0.1257f,0f,0f,0f,2.4279f,0f,0f,0f,1.1413f,0f,0f,0f,1f],start_interpolation: 0,interpolation_duration: 1}
$data merge entity $(ice) {transformation: [-0.8513f,-0.5205f,0.0661f,-0.0387f,-0.4339f,0.6276f,-0.6464f,2.3182f,0.295f,-0.579f,-0.7601f,1.0353f,0f,0f,0f,1f],start_interpolation: 0,interpolation_duration: 1}
$data merge entity $(righthand1) {transformation: [-0.8513f,-0.5205f,0.0661f,-0.3796f,-0.4339f,0.6276f,-0.6464f,2.3465f,0.295f,-0.579f,-0.7601f,0.9405f,0f,0f,0f,1f],start_interpolation: 0,interpolation_duration: 1}
$data merge entity $(rightforearm) {transformation: [-0.8513f,-0.5205f,0.0661f,-0.6934f,-0.4339f,0.6276f,-0.6464f,2.825f,0.295f,-0.579f,-0.7601f,0.5269f,0f,0f,0f,1f],start_interpolation: 0,interpolation_duration: 1}
$data merge entity $(rightelbow) {transformation: [-0.8513f,-0.5205f,0.0661f,-0.791f,-0.4339f,0.6276f,-0.6464f,2.9427f,0.295f,-0.579f,-0.7601f,0.4183f,0f,0f,0f,1f],start_interpolation: 0,interpolation_duration: 1}
$data merge entity $(rightarm) {transformation: [-0.9422f,-0.3252f,0.0803f,-0.75f,-0.3349f,0.921f,-0.1991f,3.4826f,-0.0092f,-0.2145f,-0.9767f,0.3436f,0f,0f,0f,1f],start_interpolation: 0,interpolation_duration: 1}
$data merge entity $(chest1) {transformation: [-1.0833f,0f,0f,-0.0023f,0f,1.0548f,0.2469f,3.3516f,0f,0.2469f,-1.0548f,0.1999f,0f,0f,0f,1f],start_interpolation: 0,interpolation_duration: 1}
$data merge entity $(chest1lid) {transformation: [-1f,0f,0f,-0.3438f,0f,0.9737f,0.2279f,2.597f,0f,0.2279f,-0.9737f,0.4251f,0f,0f,0f,1f],start_interpolation: 0,interpolation_duration: 1}
$data merge entity $(chest2) {transformation: [-1f,0f,0f,-0.3438f,0f,0.9737f,0.2279f,2.4448f,0f,0.2279f,-0.9737f,0.3895f,0f,0f,0f,1f],start_interpolation: 0,interpolation_duration: 1}
$data merge entity $(chest1lid3) {transformation: [-1f,0f,0f,-0.2812f,0f,0.9737f,0.2279f,2.743f,0f,0.2279f,-0.9737f,-0.1987f,0f,0f,0f,1f],start_interpolation: 0,interpolation_duration: 1}
$data merge entity $(chest3) {transformation: [-1f,0f,0f,-0.2812f,0f,0.9737f,0.2279f,2.5909f,0f,0.2279f,-0.9737f,-0.2343f,0f,0f,0f,1f],start_interpolation: 0,interpolation_duration: 1}
$data merge entity $(hugeasssword2) {transformation: [0f,2.8877f,-2.6461f,-1.2344f,-0.8928f,2.5764f,2.8117f,4.5418f,3.8136f,0.6031f,0.6582f,0.2064f,0f,0f,0f,1f],start_interpolation: 0,interpolation_duration: 1}
$data merge entity $(belt) {transformation: [-1f,0f,0f,0.0297f,0f,0.9737f,0.2279f,2.934f,0f,0.2279f,-0.9737f,0.2365f,0f,0f,0f,1f],start_interpolation: 0,interpolation_duration: 1}
$data merge entity $(torn_part) {transformation: [-1f,0f,0f,-0.0938f,0f,0.8601f,0.5102f,2.6575f,0f,0.5102f,-0.8601f,0.1665f,0f,0f,0f,1f],start_interpolation: 0,interpolation_duration: 1}
$data merge entity $(lowerbody) {transformation: [-1f,0f,0f,0.0039f,0f,0.9737f,0.2279f,2.15f,0f,0.2279f,-0.9737f,0.1921f,0f,0f,0f,1f],start_interpolation: 0,interpolation_duration: 1}
$data merge entity $(leftfoot) {transformation: [-0.9962f,0.0011f,-0.0871f,0.2645f,0f,0.9999f,0.0125f,0.1757f,0.0872f,0.0125f,-0.9961f,-0.173f,0f,0f,0f,1f],start_interpolation: 0,interpolation_duration: 1}
$data merge entity $(leftlowerleg) {transformation: [-0.9962f,0.0303f,-0.0817f,0.3107f,0f,0.9375f,0.348f,1.1622f,0.0872f,0.3467f,-0.9339f,0.3551f,0f,0f,0f,1f],start_interpolation: 0,interpolation_duration: 1}
$data merge entity $(leftleg) {transformation: [-0.9962f,-0.0298f,-0.0819f,0.25f,0f,0.9397f,-0.342f,2.1696f,0.0872f,-0.3407f,-0.9361f,0.0202f,0f,0f,0f,1f],start_interpolation: 0,interpolation_duration: 1}
$data merge entity $(rightfoot) {transformation: [-0.9991f,0.0421f,0.0113f,-0.3639f,0.0415f,0.9982f,-0.0438f,0.1416f,-0.0131f,-0.0433f,-0.999f,-0.1125f,0f,0f,0f,1f],start_interpolation: 0,interpolation_duration: 1}
$data merge entity $(rightlowerleg) {transformation: [-0.9991f,0.0361f,0.0243f,-0.3275f,0.0415f,0.9584f,0.2825f,1.1614f,-0.0131f,0.2832f,-0.959f,0.349f,0f,0f,0f,1f],start_interpolation: 0,interpolation_duration: 1}
$data merge entity $(rightleg) {transformation: [-0.9991f,0.0435f,-0.0015f,-0.25f,0.0415f,0.9419f,-0.3332f,2.1696f,-0.0131f,-0.3329f,-0.9429f,0.0202f,0f,0f,0f,1f],start_interpolation: 0,interpolation_duration: 1}
data modify entity @s data merge value {"cameras":{},"locators":{"soup":{"px":0.11909889099778707,"py":2.516708453580518,"pz":1.1481969340375127,"ry":126.91297402656173,"rx":-5.143787514096093},"lefthand":{"px":0.17400130216540816,"py":2.3396280142774817,"pz":1.1008090581358754,"ry":28.047417204805726,"rx":-59.71119288144036},"sword":{"px":-0.35509127326080464,"py":4.661491343918625,"pz":3.8867827347293393,"ry":4.9680544620445914,"rx":-40.27154642347425},"righthand":{"px":-0.11143930090773363,"py":2.2778509579643607,"pz":1.083829207320035,"ry":4.9680544620445914,"rx":-40.27154642347425},"chest":{"px":-0.3750000000000001,"py":2.5005100525749673,"pz":0.5629944515401698,"ry":0,"rx":13.175921711424673}}}