# This file was generated by Animated Java via MC-Build. It is not recommended to edit this file directly.
$data merge entity $(nose) {transformation: [-1f,0f,0f,0f,0f,0.7508f,0.6605f,3.9395f,0f,0.6605f,-0.7508f,0.6476f,0f,0f,0f,1f],start_interpolation: 0,interpolation_duration: 1}
$data merge entity $(glowing_eye) {transformation: [-1f,0f,0f,-0.125f,0f,0.7508f,0.6605f,3.9672f,0f,0.6605f,-0.7508f,0.7185f,0f,0f,0f,1f],start_interpolation: 0,interpolation_duration: 1}
$data merge entity $(head) {transformation: [-1f,0f,0f,0f,0f,0.7508f,0.6605f,3.9704f,0f,0.6605f,-0.7508f,0.4255f,0f,0f,0f,1f],start_interpolation: 0,interpolation_duration: 1}
$data merge entity $(leftthumb2) {transformation: [-0.8272f,0.4764f,0.2979f,0.2761f,0.045f,0.5847f,-0.81f,2.4861f,-0.5601f,-0.6567f,-0.5051f,1.2715f,0f,0f,0f,1f],start_interpolation: 0,interpolation_duration: 1}
$data merge entity $(leftthumb) {transformation: [-0.8272f,0.4764f,0.2979f,0.4184f,0.045f,0.5847f,-0.81f,2.5603f,-0.5601f,-0.6567f,-0.5051f,1.0673f,0f,0f,0f,1f],start_interpolation: 0,interpolation_duration: 1}
$data merge entity $(leftpointerfinger) {transformation: [-0.8272f,0.4764f,0.2979f,0.3665f,0.045f,0.5847f,-0.81f,2.3256f,-0.5601f,-0.6567f,-0.5051f,1.3204f,0f,0f,0f,1f],start_interpolation: 0,interpolation_duration: 1}
$data merge entity $(leftmidfinger) {transformation: [-0.8272f,0.4764f,0.2979f,0.4131f,0.045f,0.5847f,-0.81f,2.199f,-0.5601f,-0.6567f,-0.5051f,1.2414f,0f,0f,0f,1f],start_interpolation: 0,interpolation_duration: 1}
$data merge entity $(leftringfinger) {transformation: [-0.8272f,0.4764f,0.2979f,0.4596f,0.045f,0.5847f,-0.81f,2.0724f,-0.5601f,-0.6567f,-0.5051f,1.1625f,0f,0f,0f,1f],start_interpolation: 0,interpolation_duration: 1}
$data merge entity $(invisibility) {transformation: [0.5006f,-0.2552f,0.8272f,0.2542f,0.5118f,0.8579f,-0.045f,2.4233f,-0.6982f,0.4459f,0.5601f,1.1593f,0f,0f,0f,1f],start_interpolation: 0,interpolation_duration: 1}
$data merge entity $(swiftness) {transformation: [0.2979f,0.4764f,0.8272f,0.2025f,-0.81f,0.5847f,-0.045f,2.1946f,-0.5051f,-0.6567f,0.5601f,1.1244f,0f,0f,0f,1f],start_interpolation: 0,interpolation_duration: 1}
$data merge entity $(suspicious_stew) {transformation: [0.5869f,-0.0722f,0.8706f,0.2877f,0.1974f,1.0327f,-0.0474f,2.244f,-0.851f,0.1897f,0.5894f,1.0954f,0f,0f,0f,1f],start_interpolation: 0,interpolation_duration: 1}
$data merge entity $(log) {transformation: [0f,0f,0f,0.2841f,0f,0f,0f,2.2796f,0f,0f,0f,0.9216f,0f,0f,0f,1f],start_interpolation: 0,interpolation_duration: 1}
$data merge entity $(planks) {transformation: [0f,0f,0f,0.2031f,0f,0f,0f,2.284f,0f,0f,0f,0.8667f,0f,0f,0f,1f],start_interpolation: 0,interpolation_duration: 1}
$data merge entity $(lefthand1) {transformation: [-0.8272f,0.4764f,0.2979f,0.6003f,0.045f,0.5847f,-0.81f,2.4435f,-0.5601f,-0.6567f,-0.5051f,0.9288f,0f,0f,0f,1f],start_interpolation: 0,interpolation_duration: 1}
$data merge entity $(leftforearm) {transformation: [-0.8272f,0.4764f,0.2979f,0.8789f,0.045f,0.5847f,-0.81f,2.8701f,-0.5601f,-0.6567f,-0.5051f,0.4399f,0f,0f,0f,1f],start_interpolation: 0,interpolation_duration: 1}
$data merge entity $(leftelbow) {transformation: [-0.8272f,0.4764f,0.2979f,0.9682f,0.045f,0.5847f,-0.81f,2.9797f,-0.5601f,-0.6567f,-0.5051f,0.3168f,0f,0f,0f,1f],start_interpolation: 0,interpolation_duration: 1}
$data merge entity $(leftarm) {transformation: [-0.9994f,-0.0014f,-0.0339f,0.75f,-0.0005f,0.9997f,-0.0256f,3.4802f,0.0339f,-0.0256f,-0.9991f,0.3427f,0f,0f,0f,1f],start_interpolation: 0,interpolation_duration: 1}
$data merge entity $(rightthumb2) {transformation: [-0.9203f,-0.3861f,-0.0632f,-0.388f,-0.28f,0.7626f,-0.5832f,2.1787f,0.2733f,-0.519f,-0.8099f,1.2453f,0f,0f,0f,1f],start_interpolation: 0,interpolation_duration: 1}
$data merge entity $(rightthumb) {transformation: [-0.9203f,-0.3861f,-0.0632f,-0.4881f,-0.28f,0.7626f,-0.5832f,2.3159f,0.2733f,-0.519f,-0.8099f,1.0488f,0f,0f,0f,1f],start_interpolation: 0,interpolation_duration: 1}
$data merge entity $(rightpointerfinger) {transformation: [-0.9203f,-0.3861f,-0.0632f,-0.465f,-0.28f,0.7626f,-0.5832f,2.0077f,0.2733f,-0.519f,-0.8099f,1.211f,0f,0f,0f,1f],start_interpolation: 0,interpolation_duration: 1}
$data merge entity $(rightmidfinger) {transformation: [-0.9203f,-0.3861f,-0.0632f,-0.4749f,-0.28f,0.7626f,-0.5832f,1.9166f,0.2733f,-0.519f,-0.8099f,1.0845f,0f,0f,0f,1f],start_interpolation: 0,interpolation_duration: 1}
$data merge entity $(rightringfinger) {transformation: [-0.9203f,-0.3861f,-0.0632f,-0.4848f,-0.28f,0.7626f,-0.5832f,1.8255f,0.2733f,-0.519f,-0.8099f,0.9579f,0f,0f,0f,1f],start_interpolation: 0,interpolation_duration: 1}
$data merge entity $(hugeasssword) {transformation: [-3.6044f,-1.5124f,-0.2474f,-0.3079f,-1.0965f,2.9868f,-2.2841f,2.155f,1.0706f,-2.0327f,-3.1721f,0.9191f,0f,0f,0f,1f],start_interpolation: 0,interpolation_duration: 1}
$data merge entity $(whey) {transformation: [0f,0f,0f,-0.1046f,0f,0f,0f,2.2136f,0f,0f,0f,1.0347f,0f,0f,0f,1f],start_interpolation: 0,interpolation_duration: 1}
$data merge entity $(ice) {transformation: [-0.9203f,-0.3861f,-0.0632f,-0.2875f,-0.28f,0.7626f,-0.5832f,2.1475f,0.2733f,-0.519f,-0.8099f,0.923f,0f,0f,0f,1f],start_interpolation: 0,interpolation_duration: 1}
$data merge entity $(righthand1) {transformation: [-0.9203f,-0.3861f,-0.0632f,-0.6161f,-0.28f,0.7626f,-0.5832f,2.2499f,0.2733f,-0.519f,-0.8099f,0.8362f,0f,0f,0f,1f],start_interpolation: 0,interpolation_duration: 1}
$data merge entity $(rightforearm) {transformation: [-0.9203f,-0.3861f,-0.0632f,-0.8291f,-0.28f,0.7626f,-0.5832f,2.8127f,0.2733f,-0.519f,-0.8099f,0.4669f,0f,0f,0f,1f],start_interpolation: 0,interpolation_duration: 1}
$data merge entity $(rightelbow) {transformation: [-0.9203f,-0.3861f,-0.0632f,-0.9015f,-0.28f,0.7626f,-0.5832f,2.9557f,0.2733f,-0.519f,-0.8099f,0.3696f,0f,0f,0f,1f],start_interpolation: 0,interpolation_duration: 1}
$data merge entity $(rightarm) {transformation: [-0.9907f,-0.1275f,0.0473f,-0.75f,-0.1325f,0.9834f,-0.124f,3.4802f,-0.0307f,-0.1292f,-0.9912f,0.3427f,0f,0f,0f,1f],start_interpolation: 0,interpolation_duration: 1}
$data merge entity $(chest1) {transformation: [-1.0833f,0f,0f,-0.0023f,0f,1.0562f,0.2412f,3.3485f,0f,0.2412f,-1.0562f,0.1997f,0f,0f,0f,1f],start_interpolation: 0,interpolation_duration: 1}
$data merge entity $(chest1lid) {transformation: [-1f,0f,0f,-0.3438f,0f,0.9749f,0.2226f,2.5951f,0f,0.2226f,-0.9749f,0.429f,0f,0f,0f,1f],start_interpolation: 0,interpolation_duration: 1}
$data merge entity $(chest2) {transformation: [-1f,0f,0f,-0.3438f,0f,0.9749f,0.2226f,2.4427f,0f,0.2226f,-0.9749f,0.3943f,0f,0f,0f,1f],start_interpolation: 0,interpolation_duration: 1}
$data merge entity $(chest1lid3) {transformation: [-1f,0f,0f,-0.2812f,0f,0.9749f,0.2226f,2.7377f,0f,0.2226f,-0.9749f,-0.1955f,0f,0f,0f,1f],start_interpolation: 0,interpolation_duration: 1}
$data merge entity $(chest3) {transformation: [-1f,0f,0f,-0.2812f,0f,0.9749f,0.2226f,2.5853f,0f,0.2226f,-0.9749f,-0.2303f,0f,0f,0f,1f],start_interpolation: 0,interpolation_duration: 1}
$data merge entity $(hugeasssword2) {transformation: [0f,2.8877f,-2.6461f,-1.2344f,-0.8719f,2.5797f,2.8152f,4.5386f,3.8184f,0.589f,0.6428f,0.1997f,0f,0f,0f,1f],start_interpolation: 0,interpolation_duration: 1}
$data merge entity $(belt) {transformation: [-1f,0f,0f,0.0297f,0f,0.9749f,0.2226f,2.931f,0f,0.2226f,-0.9749f,0.2386f,0f,0f,0f,1f],start_interpolation: 0,interpolation_duration: 1}
$data merge entity $(torn_part) {transformation: [-1f,0f,0f,-0.0938f,0f,0.8629f,0.5055f,2.6542f,0f,0.5055f,-0.8629f,0.1701f,0f,0f,0f,1f],start_interpolation: 0,interpolation_duration: 1}
$data merge entity $(lowerbody) {transformation: [-1f,0f,0f,0.0039f,0f,0.9749f,0.2226f,2.1468f,0f,0.2226f,-0.9749f,0.1985f,0f,0f,0f,1f],start_interpolation: 0,interpolation_duration: 1}
$data merge entity $(leftfoot) {transformation: [-0.9962f,0.0009f,-0.0872f,0.2637f,0f,0.9999f,0.0102f,0.1773f,0.0872f,0.0102f,-0.9961f,-0.1754f,0f,0f,0f,1f],start_interpolation: 0,interpolation_duration: 1}
$data merge entity $(leftlowerleg) {transformation: [-0.9962f,0.0311f,-0.0814f,0.3107f,0f,0.9343f,0.3564f,1.1591f,0.0872f,0.355f,-0.9308f,0.3615f,0f,0f,0f,1f],start_interpolation: 0,interpolation_duration: 1}
$data merge entity $(leftleg) {transformation: [-0.9962f,-0.0298f,-0.0819f,0.25f,0f,0.9397f,-0.342f,2.1664f,0.0872f,-0.3407f,-0.9361f,0.0266f,0f,0f,0f,1f],start_interpolation: 0,interpolation_duration: 1}
$data merge entity $(rightfoot) {transformation: [-0.9991f,0.0421f,0.0113f,-0.3637f,0.0415f,0.9982f,-0.0438f,0.1412f,-0.0131f,-0.0433f,-0.999f,-0.1084f,0f,0f,0f,1f],start_interpolation: 0,interpolation_duration: 1}
$data merge entity $(rightlowerleg) {transformation: [-0.9991f,0.036f,0.0245f,-0.3275f,0.0415f,0.9571f,0.2867f,1.1589f,-0.0131f,0.2875f,-0.9577f,0.3576f,0f,0f,0f,1f],start_interpolation: 0,interpolation_duration: 1}
$data merge entity $(rightleg) {transformation: [-0.9991f,0.0435f,-0.0016f,-0.25f,0.0415f,0.9412f,-0.3353f,2.1664f,-0.0131f,-0.335f,-0.9421f,0.0266f,0f,0f,0f,1f],start_interpolation: 0,interpolation_duration: 1}
data modify entity @s data merge value {"cameras":{},"locators":{"soup":{"px":0.24810797071286483,"py":2.422962082435618,"pz":1.109582875323574,"ry":124.09919305695283,"rx":-2.5817594187924398},"lefthand":{"px":0.3193670992631041,"py":2.246074751201883,"pz":1.048829436804103,"ry":30.528042103930403,"rx":-54.09895222898344},"sword":{"px":-0.13386273579364927,"py":4.268844371619995,"pz":3.955819066663658,"ry":355.5411684412902,"rx":-35.67373616104011},"righthand":{"px":-0.36674461560724225,"py":2.11840905760093,"pz":0.9693411678212418,"ry":355.5411684412902,"rx":-35.67373616104011},"chest":{"px":-0.3750000000000001,"py":2.499341588458734,"pz":0.5674603536710199,"ry":0,"rx":12.86185707783341}}}