# This file was generated by Animated Java via MC-Build. It is not recommended to edit this file directly.
$data merge entity $(nose) {transformation: [-1f,0f,0f,0f,0f,0.7582f,0.652f,3.9412f,0f,0.652f,-0.7582f,0.6453f,0f,0f,0f,1f],start_interpolation: 0,interpolation_duration: 1}
$data merge entity $(glowing_eye) {transformation: [-1f,0f,0f,-0.125f,0f,0.7582f,0.652f,3.9697f,0f,0.652f,-0.7582f,0.7159f,0f,0f,0f,1f],start_interpolation: 0,interpolation_duration: 1}
$data merge entity $(head) {transformation: [-1f,0f,0f,0f,0f,0.7582f,0.652f,3.9696f,0f,0.652f,-0.7582f,0.4228f,0f,0f,0f,1f],start_interpolation: 0,interpolation_duration: 1}
$data merge entity $(leftthumb2) {transformation: [-0.8382f,0.4444f,0.316f,0.3268f,0.0269f,0.6124f,-0.7901f,2.4528f,-0.5446f,-0.6538f,-0.5253f,1.259f,0f,0f,0f,1f],start_interpolation: 0,interpolation_duration: 1}
$data merge entity $(leftthumb) {transformation: [-0.8382f,0.4444f,0.316f,0.4628f,0.0269f,0.6124f,-0.7901f,2.5355f,-0.5446f,-0.6538f,-0.5253f,1.0538f,0f,0f,0f,1f],start_interpolation: 0,interpolation_duration: 1}
$data merge entity $(leftpointerfinger) {transformation: [-0.8382f,0.4444f,0.316f,0.4234f,0.0269f,0.6124f,-0.7901f,2.2946f,-0.5446f,-0.6538f,-0.5253f,1.3032f,0f,0f,0f,1f],start_interpolation: 0,interpolation_duration: 1}
$data merge entity $(leftmidfinger) {transformation: [-0.8382f,0.4444f,0.316f,0.4728f,0.0269f,0.6124f,-0.7901f,2.1711f,-0.5446f,-0.6538f,-0.5253f,1.2211f,0f,0f,0f,1f],start_interpolation: 0,interpolation_duration: 1}
$data merge entity $(leftringfinger) {transformation: [-0.8382f,0.4444f,0.316f,0.5222f,0.0269f,0.6124f,-0.7901f,2.0477f,-0.5446f,-0.6538f,-0.5253f,1.1391f,0f,0f,0f,1f],start_interpolation: 0,interpolation_duration: 1}
$data merge entity $(invisibility) {transformation: [0.4703f,-0.276f,0.8382f,0.305f,0.5412f,0.8404f,-0.0269f,2.3913f,-0.6971f,0.4663f,0.5446f,1.146f,0f,0f,0f,1f],start_interpolation: 0,interpolation_duration: 1}
$data merge entity $(swiftness) {transformation: [0.316f,0.4444f,0.8382f,0.2604f,-0.7901f,0.6124f,-0.0269f,2.1616f,-0.5253f,-0.6538f,0.5446f,1.1077f,0f,0f,0f,1f],start_interpolation: 0,interpolation_duration: 1}
$data merge entity $(suspicious_stew) {transformation: [0.5718f,-0.105f,0.8937f,0.3434f,0.2358f,1.0394f,-0.0287f,2.2144f,-0.8684f,0.213f,0.5807f,1.0782f,0f,0f,0f,1f],start_interpolation: 0,interpolation_duration: 1}
$data merge entity $(log) {transformation: [0f,0f,0f,0.3354f,0f,0f,0f,2.2535f,0f,0f,0f,0.9069f,0f,0f,0f,1f],start_interpolation: 0,interpolation_duration: 1}
$data merge entity $(planks) {transformation: [0f,0f,0f,0.2538f,0f,0f,0f,2.2561f,0f,0f,0f,0.8539f,0f,0f,0f,1f],start_interpolation: 0,interpolation_duration: 1}
$data merge entity $(lefthand1) {transformation: [-0.8382f,0.4444f,0.316f,0.646f,0.0269f,0.6124f,-0.7901f,2.4275f,-0.5446f,-0.6538f,-0.5253f,0.9099f,0f,0f,0f,1f],start_interpolation: 0,interpolation_duration: 1}
$data merge entity $(leftforearm) {transformation: [-0.8382f,0.4444f,0.316f,0.9012f,0.0269f,0.6124f,-0.7901f,2.8722f,-0.5446f,-0.6538f,-0.5253f,0.4244f,0f,0f,0f,1f],start_interpolation: 0,interpolation_duration: 1}
$data merge entity $(leftelbow) {transformation: [-0.8382f,0.4444f,0.316f,0.9845f,0.0269f,0.6124f,-0.7901f,2.987f,-0.5446f,-0.6538f,-0.5253f,0.3018f,0f,0f,0f,1f],start_interpolation: 0,interpolation_duration: 1}
$data merge entity $(leftarm) {transformation: [-0.9979f,-0.0358f,-0.0545f,0.75f,-0.0354f,0.9993f,-0.0088f,3.4792f,0.0548f,-0.0069f,-0.9985f,0.3415f,0f,0f,0f,1f],start_interpolation: 0,interpolation_duration: 1}
$data merge entity $(rightthumb2) {transformation: [-0.9377f,-0.3318f,-0.1029f,-0.4818f,-0.222f,0.8002f,-0.5572f,2.1343f,0.2672f,-0.4996f,-0.824f,1.2087f,0f,0f,0f,1f],start_interpolation: 0,interpolation_duration: 1}
$data merge entity $(rightthumb) {transformation: [-0.9377f,-0.3318f,-0.1029f,-0.5719f,-0.222f,0.8002f,-0.5572f,2.2829f,0.2672f,-0.4996f,-0.824f,1.0158f,0f,0f,0f,1f],start_interpolation: 0,interpolation_duration: 1}
$data merge entity $(rightpointerfinger) {transformation: [-0.9377f,-0.3318f,-0.1029f,-0.5704f,-0.222f,0.8002f,-0.5572f,1.97f,0.2672f,-0.4996f,-0.824f,1.1703f,0f,0f,0f,1f],start_interpolation: 0,interpolation_duration: 1}
$data merge entity $(rightmidfinger) {transformation: [-0.9377f,-0.3318f,-0.1029f,-0.5865f,-0.222f,0.8002f,-0.5572f,1.8829f,0.2672f,-0.4996f,-0.824f,1.0416f,0f,0f,0f,1f],start_interpolation: 0,interpolation_duration: 1}
$data merge entity $(rightringfinger) {transformation: [-0.9377f,-0.3318f,-0.1029f,-0.6026f,-0.222f,0.8002f,-0.5572f,1.7959f,0.2672f,-0.4996f,-0.824f,0.9128f,0f,0f,0f,1f],start_interpolation: 0,interpolation_duration: 1}
$data merge entity $(hugeasssword) {transformation: [-3.6728f,-1.2994f,-0.403f,-0.4032f,-0.8693f,3.134f,-2.1823f,2.1131f,1.0465f,-1.9569f,-3.2273f,0.882f,0f,0f,0f,1f],start_interpolation: 0,interpolation_duration: 1}
$data merge entity $(whey) {transformation: [0f,0f,0f,-0.1965f,0f,0f,0f,2.1546f,0f,0f,0f,0.9988f,0f,0f,0f,1f],start_interpolation: 0,interpolation_duration: 1}
$data merge entity $(ice) {transformation: [-0.9377f,-0.3318f,-0.1029f,-0.3834f,-0.222f,0.8002f,-0.5572f,2.1041f,0.2672f,-0.4996f,-0.824f,0.8856f,0f,0f,0f,1f],start_interpolation: 0,interpolation_duration: 1}
$data merge entity $(righthand1) {transformation: [-0.9377f,-0.3318f,-0.1029f,-0.704f,-0.222f,0.8002f,-0.5572f,2.2312f,0.2672f,-0.4996f,-0.824f,0.8018f,0f,0f,0f,1f],start_interpolation: 0,interpolation_duration: 1}
$data merge entity $(rightforearm) {transformation: [-0.9377f,-0.3318f,-0.1029f,-0.877f,-0.222f,0.8002f,-0.5572f,2.8164f,0.2672f,-0.4996f,-0.824f,0.4466f,0f,0f,0f,1f],start_interpolation: 0,interpolation_duration: 1}
$data merge entity $(rightelbow) {transformation: [-0.9377f,-0.3318f,-0.1029f,-0.9392f,-0.222f,0.8002f,-0.5572f,2.9665f,0.2672f,-0.4996f,-0.824f,0.3529f,0f,0f,0f,1f],start_interpolation: 0,interpolation_duration: 1}
$data merge entity $(rightarm) {transformation: [-0.9975f,-0.0552f,0.0437f,-0.75f,-0.0593f,0.9933f,-0.0991f,3.4792f,-0.0379f,-0.1015f,-0.9941f,0.3415f,0f,0f,0f,1f],start_interpolation: 0,interpolation_duration: 1}
$data merge entity $(chest1) {transformation: [-1.0833f,0f,0f,-0.0023f,0f,1.0569f,0.2379f,3.347f,0f,0.2379f,-1.0569f,0.199f,0f,0f,0f,1f],start_interpolation: 0,interpolation_duration: 1}
$data merge entity $(chest1lid) {transformation: [-1f,0f,0f,-0.3438f,0f,0.9756f,0.2196f,2.5943f,0f,0.2196f,-0.9756f,0.4306f,0f,0f,0f,1f],start_interpolation: 0,interpolation_duration: 1}
$data merge entity $(chest2) {transformation: [-1f,0f,0f,-0.3438f,0f,0.9756f,0.2196f,2.4418f,0f,0.2196f,-0.9756f,0.3963f,0f,0f,0f,1f],start_interpolation: 0,interpolation_duration: 1}
$data merge entity $(chest1lid3) {transformation: [-1f,0f,0f,-0.2812f,0f,0.9756f,0.2196f,2.735f,0f,0.2196f,-0.9756f,-0.1944f,0f,0f,0f,1f],start_interpolation: 0,interpolation_duration: 1}
$data merge entity $(chest3) {transformation: [-1f,0f,0f,-0.2812f,0f,0.9756f,0.2196f,2.5825f,0f,0.2196f,-0.9756f,-0.2287f,0f,0f,0f,1f],start_interpolation: 0,interpolation_duration: 1}
$data merge entity $(hugeasssword2) {transformation: [0f,2.8877f,-2.6461f,-1.2344f,-0.8602f,2.5815f,2.8172f,4.5371f,3.821f,0.5811f,0.6342f,0.1953f,0f,0f,0f,1f],start_interpolation: 0,interpolation_duration: 1}
$data merge entity $(belt) {transformation: [-1f,0f,0f,0.0297f,0f,0.9756f,0.2196f,2.9296f,0f,0.2196f,-0.9756f,0.2392f,0f,0f,0f,1f],start_interpolation: 0,interpolation_duration: 1}
$data merge entity $(torn_part) {transformation: [-1f,0f,0f,-0.0938f,0f,0.8644f,0.5028f,2.6526f,0f,0.5028f,-0.8644f,0.1715f,0f,0f,0f,1f],start_interpolation: 0,interpolation_duration: 1}
$data merge entity $(lowerbody) {transformation: [-1f,0f,0f,0.0039f,0f,0.9756f,0.2196f,2.1454f,0f,0.2196f,-0.9756f,0.2014f,0f,0f,0f,1f],start_interpolation: 0,interpolation_duration: 1}
$data merge entity $(leftfoot) {transformation: [-0.9962f,0.0008f,-0.0872f,0.2633f,0f,1f,0.0091f,0.178f,0.0872f,0.0091f,-0.9962f,-0.1764f,0f,0f,0f,1f],start_interpolation: 0,interpolation_duration: 1}
$data merge entity $(leftlowerleg) {transformation: [-0.9962f,0.0314f,-0.0813f,0.3107f,0f,0.9329f,0.3602f,1.1576f,0.0872f,0.3589f,-0.9293f,0.3645f,0f,0f,0f,1f],start_interpolation: 0,interpolation_duration: 1}
$data merge entity $(leftleg) {transformation: [-0.9962f,-0.0298f,-0.0819f,0.25f,0f,0.9397f,-0.342f,2.1649f,0.0872f,-0.3407f,-0.9361f,0.0296f,0f,0f,0f,1f],start_interpolation: 0,interpolation_duration: 1}
$data merge entity $(rightfoot) {transformation: [-0.9991f,0.0421f,0.0113f,-0.3636f,0.0415f,0.9982f,-0.0438f,0.141f,-0.0131f,-0.0433f,-0.999f,-0.1065f,0f,0f,0f,1f],start_interpolation: 0,interpolation_duration: 1}
$data merge entity $(rightlowerleg) {transformation: [-0.9991f,0.036f,0.0245f,-0.3275f,0.0415f,0.9565f,0.2887f,1.1578f,-0.0131f,0.2895f,-0.9571f,0.3616f,0f,0f,0f,1f],start_interpolation: 0,interpolation_duration: 1}
$data merge entity $(rightleg) {transformation: [-0.9991f,0.0435f,-0.0016f,-0.25f,0.0415f,0.9409f,-0.3362f,2.1649f,-0.0131f,-0.336f,-0.9418f,0.0296f,0f,0f,0f,1f],start_interpolation: 0,interpolation_duration: 1}
data modify entity @s data merge value {"cameras":{},"locators":{"soup":{"px":0.2974250239408436,"py":2.393969964762467,"pz":1.0966218925419469,"ry":123.01342274614919,"rx":-1.5418959186105043},"lefthand":{"px":0.37411270737375074,"py":2.2184513864962714,"pz":1.0310949800536295,"ry":31.025252912433643,"rx":-52.19289016519902},"sword":{"px":-0.08505136722277246,"py":4.134079817404095,"pz":3.969817123148596,"ry":352.88162789963815,"rx":-33.860846779363406},"righthand":{"px":-0.4645026795646321,"py":2.079486725132138,"pz":0.931343793209628,"ry":352.88162789963815,"rx":-33.860846779363406},"chest":{"px":-0.3750000000000001,"py":2.498992484267848,"pz":0.5693319719324589,"ry":0,"rx":12.686689235320891}}}