# This file was generated by Animated Java via MC-Build. It is not recommended to edit this file directly.
$data merge entity $(nose) {transformation: [-1f,0f,0f,0f,0f,0.766f,0.6428f,3.9432f,0f,0.6428f,-0.766f,0.6425f,0f,0f,0f,1f],start_interpolation: 0,interpolation_duration: 1}
$data merge entity $(glowing_eye) {transformation: [-1f,0f,0f,-0.125f,0f,0.766f,0.6428f,3.9726f,0f,0.6428f,-0.766f,0.7127f,0f,0f,0f,1f],start_interpolation: 0,interpolation_duration: 1}
$data merge entity $(head) {transformation: [-1f,0f,0f,0f,0f,0.766f,0.6428f,3.969f,0f,0.6428f,-0.766f,0.4197f,0f,0f,0f,1f],start_interpolation: 0,interpolation_duration: 1}
$data merge entity $(leftthumb2) {transformation: [-0.8466f,0.4294f,0.3145f,0.3493f,0.0527f,0.6556f,-0.7533f,2.3934f,-0.5296f,-0.6211f,-0.5776f,1.1986f,0f,0f,0f,1f],start_interpolation: 0,interpolation_duration: 1}
$data merge entity $(leftthumb) {transformation: [-0.8466f,0.4294f,0.3145f,0.4815f,0.0527f,0.6556f,-0.7533f,2.4899f,-0.5296f,-0.6211f,-0.5776f,0.9969f,0f,0f,0f,1f],start_interpolation: 0,interpolation_duration: 1}
$data merge entity $(leftpointerfinger) {transformation: [-0.8466f,0.4294f,0.3145f,0.4479f,0.0527f,0.6556f,-0.7533f,2.2337f,-0.5296f,-0.6211f,-0.5776f,1.2315f,0f,0f,0f,1f],start_interpolation: 0,interpolation_duration: 1}
$data merge entity $(leftmidfinger) {transformation: [-0.8466f,0.4294f,0.3145f,0.497f,0.0527f,0.6556f,-0.7533f,2.116f,-0.5296f,-0.6211f,-0.5776f,1.1413f,0f,0f,0f,1f],start_interpolation: 0,interpolation_duration: 1}
$data merge entity $(leftringfinger) {transformation: [-0.8466f,0.4294f,0.3145f,0.5462f,0.0527f,0.6556f,-0.7533f,1.9983f,-0.5296f,-0.6211f,-0.5776f,1.051f,0f,0f,0f,1f],start_interpolation: 0,interpolation_duration: 1}
$data merge entity $(invisibility) {transformation: [0.4552f,-0.2759f,0.8466f,0.3263f,0.5874f,0.8075f,-0.0527f,2.3388f,-0.6691f,0.5213f,0.5296f,1.0823f,0f,0f,0f,1f],start_interpolation: 0,interpolation_duration: 1}
$data merge entity $(swiftness) {transformation: [0.3145f,0.4294f,0.8466f,0.283f,-0.7533f,0.6556f,-0.0527f,2.1115f,-0.5776f,-0.6211f,0.5296f,1.0306f,0f,0f,0f,1f],start_interpolation: 0,interpolation_duration: 1}
$data merge entity $(suspicious_stew) {transformation: [0.5601f,-0.1111f,0.9083f,0.3651f,0.2959f,1.0297f,-0.0565f,2.1668f,-0.8659f,0.28f,0.5682f,1.0031f,0f,0f,0f,1f],start_interpolation: 0,interpolation_duration: 1}
$data merge entity $(log) {transformation: [0f,0f,0f,0.3542f,0f,0f,0f,2.2165f,0f,0f,0f,0.8367f,0f,0f,0f,1f],start_interpolation: 0,interpolation_duration: 1}
$data merge entity $(planks) {transformation: [0f,0f,0f,0.2722f,0f,0f,0f,2.2216f,0f,0f,0f,0.7854f,0f,0f,0f,1f],start_interpolation: 0,interpolation_duration: 1}
$data merge entity $(lefthand1) {transformation: [-0.8466f,0.4294f,0.3145f,0.6634f,0.0527f,0.6556f,-0.7533f,2.3927f,-0.5296f,-0.6211f,-0.5776f,0.8439f,0f,0f,0f,1f],start_interpolation: 0,interpolation_duration: 1}
$data merge entity $(leftforearm) {transformation: [-0.8466f,0.4294f,0.3145f,0.9074f,0.0527f,0.6556f,-0.7533f,2.8687f,-0.5296f,-0.6211f,-0.5776f,0.3831f,0f,0f,0f,1f],start_interpolation: 0,interpolation_duration: 1}
$data merge entity $(leftelbow) {transformation: [-0.8466f,0.4294f,0.3145f,0.988f,0.0527f,0.6556f,-0.7533f,2.9916f,-0.5296f,-0.6211f,-0.5776f,0.2667f,0f,0f,0f,1f],start_interpolation: 0,interpolation_duration: 1}
$data merge entity $(leftarm) {transformation: [-0.9967f,-0.0442f,-0.0687f,0.75f,-0.0478f,0.9975f,0.0523f,3.4783f,0.0662f,0.0554f,-0.9963f,0.34f,0f,0f,0f,1f],start_interpolation: 0,interpolation_duration: 1}
$data merge entity $(rightthumb2) {transformation: [-0.9423f,-0.3148f,-0.1135f,-0.5109f,-0.2008f,0.8033f,-0.5606f,2.1344f,0.2677f,-0.5055f,-0.8202f,1.2152f,0f,0f,0f,1f],start_interpolation: 0,interpolation_duration: 1}
$data merge entity $(rightthumb) {transformation: [-0.9423f,-0.3148f,-0.1135f,-0.5978f,-0.2008f,0.8033f,-0.5606f,2.2835f,0.2677f,-0.5055f,-0.8202f,1.0211f,0f,0f,0f,1f],start_interpolation: 0,interpolation_duration: 1}
$data merge entity $(rightpointerfinger) {transformation: [-0.9423f,-0.3148f,-0.1135f,-0.6029f,-0.2008f,0.8033f,-0.5606f,1.9717f,0.2677f,-0.5055f,-0.8202f,1.1778f,0f,0f,0f,1f],start_interpolation: 0,interpolation_duration: 1}
$data merge entity $(rightmidfinger) {transformation: [-0.9423f,-0.3148f,-0.1135f,-0.6206f,-0.2008f,0.8033f,-0.5606f,1.8841f,0.2677f,-0.5055f,-0.8202f,1.0496f,0f,0f,0f,1f],start_interpolation: 0,interpolation_duration: 1}
$data merge entity $(rightringfinger) {transformation: [-0.9423f,-0.3148f,-0.1135f,-0.6384f,-0.2008f,0.8033f,-0.5606f,1.7965f,0.2677f,-0.5055f,-0.8202f,0.9215f,0f,0f,0f,1f],start_interpolation: 0,interpolation_duration: 1}
$data merge entity $(hugeasssword) {transformation: [-3.6909f,-1.233f,-0.4445f,-0.4325f,-0.7866f,3.1464f,-2.1958f,2.1094f,1.0484f,-1.98f,-3.2126f,0.8887f,0f,0f,0f,1f],start_interpolation: 0,interpolation_duration: 1}
$data merge entity $(whey) {transformation: [0f,0f,0f,-0.225f,0f,0f,0f,2.1474f,0f,0f,0f,1.0054f,0f,0f,0f,1f],start_interpolation: 0,interpolation_duration: 1}
$data merge entity $(ice) {transformation: [-0.9423f,-0.3148f,-0.1135f,-0.4128f,-0.2008f,0.8033f,-0.5606f,2.0999f,0.2677f,-0.5055f,-0.8202f,0.8924f,0f,0f,0f,1f],start_interpolation: 0,interpolation_duration: 1}
$data merge entity $(righthand1) {transformation: [-0.9423f,-0.3148f,-0.1135f,-0.7307f,-0.2008f,0.8033f,-0.5606f,2.233f,0.2677f,-0.5055f,-0.8202f,0.8073f,0f,0f,0f,1f],start_interpolation: 0,interpolation_duration: 1}
$data merge entity $(rightforearm) {transformation: [-0.9423f,-0.3148f,-0.1135f,-0.8913f,-0.2008f,0.8033f,-0.5606f,2.8192f,0.2677f,-0.5055f,-0.8202f,0.4479f,0f,0f,0f,1f],start_interpolation: 0,interpolation_duration: 1}
$data merge entity $(rightelbow) {transformation: [-0.9423f,-0.3148f,-0.1135f,-0.9504f,-0.2008f,0.8033f,-0.5606f,2.9698f,0.2677f,-0.5055f,-0.8202f,0.3531f,0f,0f,0f,1f],start_interpolation: 0,interpolation_duration: 1}
$data merge entity $(rightarm) {transformation: [-0.9984f,-0.0332f,0.0452f,-0.75f,-0.0378f,0.9937f,-0.105f,3.4783f,-0.0414f,-0.1066f,-0.9934f,0.34f,0f,0f,0f,1f],start_interpolation: 0,interpolation_duration: 1}
$data merge entity $(chest1) {transformation: [-1.0833f,0f,0f,-0.0023f,0f,1.0577f,0.2345f,3.3456f,0f,0.2345f,-1.0577f,0.1978f,0f,0f,0f,1f],start_interpolation: 0,interpolation_duration: 1}
$data merge entity $(chest1lid) {transformation: [-1f,0f,0f,-0.3438f,0f,0.9763f,0.2164f,2.5936f,0f,0.2164f,-0.9763f,0.4319f,0f,0f,0f,1f],start_interpolation: 0,interpolation_duration: 1}
$data merge entity $(chest2) {transformation: [-1f,0f,0f,-0.3438f,0f,0.9763f,0.2164f,2.4411f,0f,0.2164f,-0.9763f,0.3981f,0f,0f,0f,1f],start_interpolation: 0,interpolation_duration: 1}
$data merge entity $(chest1lid3) {transformation: [-1f,0f,0f,-0.2812f,0f,0.9763f,0.2164f,2.7323f,0f,0.2164f,-0.9763f,-0.1935f,0f,0f,0f,1f],start_interpolation: 0,interpolation_duration: 1}
$data merge entity $(chest3) {transformation: [-1f,0f,0f,-0.2812f,0f,0.9763f,0.2164f,2.5798f,0f,0.2164f,-0.9763f,-0.2273f,0f,0f,0f,1f],start_interpolation: 0,interpolation_duration: 1}
$data merge entity $(hugeasssword2) {transformation: [0f,2.8877f,-2.6461f,-1.2344f,-0.8477f,2.5833f,2.8192f,4.5357f,3.8238f,0.5727f,0.625f,0.1903f,0f,0f,0f,1f],start_interpolation: 0,interpolation_duration: 1}
$data merge entity $(belt) {transformation: [-1f,0f,0f,0.0297f,0f,0.9763f,0.2164f,2.9284f,0f,0.2164f,-0.9763f,0.2394f,0f,0f,0f,1f],start_interpolation: 0,interpolation_duration: 1}
$data merge entity $(torn_part) {transformation: [-1f,0f,0f,-0.0938f,0f,0.866f,0.5f,2.6511f,0f,0.5f,-0.866f,0.1726f,0f,0f,0f,1f],start_interpolation: 0,interpolation_duration: 1}
$data merge entity $(lowerbody) {transformation: [-1f,0f,0f,0.0039f,0f,0.9763f,0.2164f,2.144f,0f,0.2164f,-0.9763f,0.2042f,0f,0f,0f,1f],start_interpolation: 0,interpolation_duration: 1}
$data merge entity $(leftfoot) {transformation: [-0.9962f,0.0007f,-0.0872f,0.263f,0f,1f,0.0081f,0.1788f,0.0872f,0.008f,-0.9962f,-0.1774f,0f,0f,0f,1f],start_interpolation: 0,interpolation_duration: 1}
$data merge entity $(leftlowerleg) {transformation: [-0.9962f,0.0317f,-0.0812f,0.3107f,0f,0.9315f,0.3638f,1.1562f,0.0872f,0.3625f,-0.9279f,0.3672f,0f,0f,0f,1f],start_interpolation: 0,interpolation_duration: 1}
$data merge entity $(leftleg) {transformation: [-0.9962f,-0.0298f,-0.0819f,0.25f,0f,0.9397f,-0.342f,2.1635f,0.0872f,-0.3407f,-0.9361f,0.0323f,0f,0f,0f,1f],start_interpolation: 0,interpolation_duration: 1}
$data merge entity $(rightfoot) {transformation: [-0.9991f,0.0421f,0.0113f,-0.3636f,0.0415f,0.9982f,-0.0438f,0.1409f,-0.0131f,-0.0433f,-0.999f,-0.1048f,0f,0f,0f,1f],start_interpolation: 0,interpolation_duration: 1}
$data merge entity $(rightlowerleg) {transformation: [-0.9991f,0.0359f,0.0246f,-0.3275f,0.0415f,0.956f,0.2906f,1.1567f,-0.0131f,0.2913f,-0.9565f,0.3654f,0f,0f,0f,1f],start_interpolation: 0,interpolation_duration: 1}
$data merge entity $(rightleg) {transformation: [-0.9991f,0.0435f,-0.0017f,-0.25f,0.0415f,0.9405f,-0.3372f,2.1635f,-0.0131f,-0.3369f,-0.9414f,0.0323f,0f,0f,0f,1f],start_interpolation: 0,interpolation_duration: 1}
data modify entity @s data merge value {"cameras":{},"locators":{"soup":{"px":0.31765520306832695,"py":2.345564520074851,"pz":1.0335116713321333,"ry":122.03081716351308,"rx":-3.0197355591503108},"lefthand":{"px":0.3950939403096384,"py":2.1740067080106784,"pz":0.9559711167610726,"ry":28.56698748452112,"rx":-48.8747856610469},"sword":{"px":-0.07596983867527457,"py":4.144671313175007,"pz":3.9628466890341874,"ry":352.122037068896,"rx":-34.09990426187857},"righthand":{"px":-0.49449014166545857,"py":2.077320122911858,"pz":0.938188681572427,"ry":352.122037068896,"rx":-34.09990426187857},"chest":{"px":-0.3750000000000001,"py":2.498805015193438,"pz":0.5709464367105722,"ry":0,"rx":12.5}}}