# This file was generated by Animated Java via MC-Build. It is not recommended to edit this file directly.
$data merge entity $(nose) {transformation: [-0.9999f,-0.0063f,0.0111f,-0.007f,-0.0017f,0.9288f,0.3706f,4.0225f,-0.0126f,0.3705f,-0.9287f,0.5133f,0f,0f,0f,1f],start_interpolation: 0,interpolation_duration: 1}
$data merge entity $(glowing_eye) {transformation: [-0.9999f,-0.0063f,0.0111f,-0.1328f,-0.0017f,0.9288f,0.3706f,4.0722f,-0.0126f,0.3705f,-0.9287f,0.5692f,0f,0f,0f,1f],start_interpolation: 0,interpolation_duration: 1}
$data merge entity $(head) {transformation: [-0.9999f,-0.0063f,0.0111f,-0.0042f,-0.0017f,0.9288f,0.3706f,3.9772f,-0.0126f,0.3705f,-0.9287f,0.2936f,0f,0f,0f,1f],start_interpolation: 0,interpolation_duration: 1}
$data merge entity $(leftthumb2) {transformation: [-0.8549f,0.4222f,0.3015f,0.3559f,0.0777f,0.6788f,-0.7302f,2.3653f,-0.513f,-0.6008f,-0.6131f,1.0828f,0f,0f,0f,1f],start_interpolation: 0,interpolation_duration: 1}
$data merge entity $(leftthumb) {transformation: [-0.8549f,0.4222f,0.3015f,0.4853f,0.0777f,0.6788f,-0.7302f,2.4694f,-0.513f,-0.6008f,-0.6131f,0.883f,0f,0f,0f,1f],start_interpolation: 0,interpolation_duration: 1}
$data merge entity $(leftpointerfinger) {transformation: [-0.8549f,0.4222f,0.3015f,0.4543f,0.0777f,0.6788f,-0.7302f,2.2039f,-0.513f,-0.6008f,-0.6131f,1.1076f,0f,0f,0f,1f],start_interpolation: 0,interpolation_duration: 1}
$data merge entity $(leftmidfinger) {transformation: [-0.8549f,0.4222f,0.3015f,0.5015f,0.0777f,0.6788f,-0.7302f,2.0898f,-0.513f,-0.6008f,-0.6131f,1.0118f,0f,0f,0f,1f],start_interpolation: 0,interpolation_duration: 1}
$data merge entity $(leftringfinger) {transformation: [-0.8549f,0.4222f,0.3015f,0.5486f,0.0777f,0.6788f,-0.7302f,1.9757f,-0.513f,-0.6008f,-0.6131f,0.916f,0f,0f,0f,1f],start_interpolation: 0,interpolation_duration: 1}
$data merge entity $(invisibility) {transformation: [0.4469f,-0.2636f,0.8549f,0.3308f,0.6125f,0.7866f,-0.0777f,2.3156f,-0.652f,0.5584f,0.513f,0.9648f,0f,0f,0f,1f],start_interpolation: 0,interpolation_duration: 1}
$data merge entity $(swiftness) {transformation: [0.3015f,0.4222f,0.8549f,0.2856f,-0.7302f,0.6788f,-0.0777f,2.0908f,-0.6131f,-0.6008f,0.513f,0.9045f,0f,0f,0f,1f],start_interpolation: 0,interpolation_duration: 1}
$data merge entity $(suspicious_stew) {transformation: [0.5458f,-0.1015f,0.9147f,0.3676f,0.328f,1.0151f,-0.0831f,2.1468f,-0.8599f,0.3228f,0.5489f,0.878f,0f,0f,0f,1f],start_interpolation: 0,interpolation_duration: 1}
$data merge entity $(log) {transformation: [0f,0f,0f,0.3542f,0f,0f,0f,2.2038f,0f,0f,0f,0.7176f,0f,0f,0f,1f],start_interpolation: 0,interpolation_duration: 1}
$data merge entity $(planks) {transformation: [0f,0f,0f,0.2722f,0f,0f,0f,2.2112f,0f,0f,0f,0.6684f,0f,0f,0f,1f],start_interpolation: 0,interpolation_duration: 1}
$data merge entity $(lefthand1) {transformation: [-0.8549f,0.4222f,0.3015f,0.6642f,0.0777f,0.6788f,-0.7302f,2.3778f,-0.513f,-0.6008f,-0.6131f,0.7233f,0f,0f,0f,1f],start_interpolation: 0,interpolation_duration: 1}
$data merge entity $(leftforearm) {transformation: [-0.8549f,0.4222f,0.3015f,0.9029f,0.0777f,0.6788f,-0.7302f,2.8713f,-0.513f,-0.6008f,-0.6131f,0.2784f,0f,0f,0f,1f],start_interpolation: 0,interpolation_duration: 1}
$data merge entity $(leftelbow) {transformation: [-0.8549f,0.4222f,0.3015f,0.9821f,0.0777f,0.6788f,-0.7302f,2.9986f,-0.513f,-0.6008f,-0.6131f,0.1657f,0f,0f,0f,1f],start_interpolation: 0,interpolation_duration: 1}
$data merge entity $(leftarm) {transformation: [-0.9972f,-0.0376f,-0.0644f,0.7472f,-0.0437f,0.9945f,0.0948f,3.4834f,0.0605f,0.0973f,-0.9934f,0.2586f,0f,0f,0f,1f],start_interpolation: 0,interpolation_duration: 1}
$data merge entity $(rightthumb2) {transformation: [-0.9454f,-0.3131f,-0.0904f,-0.5135f,-0.1871f,0.7484f,-0.6363f,2.227f,0.2669f,-0.5846f,-0.7661f,1.2455f,0f,0f,0f,1f],start_interpolation: 0,interpolation_duration: 1}
$data merge entity $(rightthumb) {transformation: [-0.9454f,-0.3131f,-0.0904f,-0.5981f,-0.1871f,0.7484f,-0.6363f,2.3562f,0.2669f,-0.5846f,-0.7661f,1.0366f,0f,0f,0f,1f],start_interpolation: 0,interpolation_duration: 1}
$data merge entity $(rightpointerfinger) {transformation: [-0.9454f,-0.3131f,-0.0904f,-0.6029f,-0.1871f,0.7484f,-0.6363f,2.0603f,0.2669f,-0.5846f,-0.7661f,1.2217f,0f,0f,0f,1f],start_interpolation: 0,interpolation_duration: 1}
$data merge entity $(rightmidfinger) {transformation: [-0.9454f,-0.3131f,-0.0904f,-0.6171f,-0.1871f,0.7484f,-0.6363f,1.9609f,0.2669f,-0.5846f,-0.7661f,1.102f,0f,0f,0f,1f],start_interpolation: 0,interpolation_duration: 1}
$data merge entity $(rightringfinger) {transformation: [-0.9454f,-0.3131f,-0.0904f,-0.6312f,-0.1871f,0.7484f,-0.6363f,1.8615f,0.2669f,-0.5846f,-0.7661f,0.9823f,0f,0f,0f,1f],start_interpolation: 0,interpolation_duration: 1}
$data merge entity $(hugeasssword) {transformation: [-3.7028f,-1.2265f,-0.3539f,-0.4281f,-0.7328f,2.9313f,-2.4921f,2.1726f,1.0453f,-2.2898f,-3.0007f,0.9244f,0f,0f,0f,1f],start_interpolation: 0,interpolation_duration: 1}
$data merge entity $(whey) {transformation: [0f,0f,0f,-0.2236f,0f,0f,0f,2.224f,0f,0f,0f,1.041f,0f,0f,0f,1f],start_interpolation: 0,interpolation_duration: 1}
$data merge entity $(ice) {transformation: [-0.9454f,-0.3131f,-0.0904f,-0.4085f,-0.1871f,0.7484f,-0.6363f,2.1638f,0.2669f,-0.5846f,-0.7661f,0.9293f,0f,0f,0f,1f],start_interpolation: 0,interpolation_duration: 1}
$data merge entity $(righthand1) {transformation: [-0.9454f,-0.3131f,-0.0904f,-0.7259f,-0.1871f,0.7484f,-0.6363f,2.2843f,0.2669f,-0.5846f,-0.7661f,0.8259f,0f,0f,0f,1f],start_interpolation: 0,interpolation_duration: 1}
$data merge entity $(rightforearm) {transformation: [-0.9454f,-0.3131f,-0.0904f,-0.8856f,-0.1871f,0.7484f,-0.6363f,2.8321f,0.2669f,-0.5846f,-0.7661f,0.4102f,0f,0f,0f,1f],start_interpolation: 0,interpolation_duration: 1}
$data merge entity $(rightelbow) {transformation: [-0.9454f,-0.3131f,-0.0904f,-0.9443f,-0.1871f,0.7484f,-0.6363f,2.9725f,0.2669f,-0.5846f,-0.7661f,0.3006f,0f,0f,0f,1f],start_interpolation: 0,interpolation_duration: 1}
$data merge entity $(rightarm) {transformation: [-0.9969f,-0.0491f,0.061f,-0.7527f,-0.0605f,0.9776f,-0.2014f,3.4808f,-0.0498f,-0.2045f,-0.9776f,0.2397f,0f,0f,0f,1f],start_interpolation: 0,interpolation_duration: 1}
$data merge entity $(chest1) {transformation: [-1.0832f,-0.0038f,0.0132f,-0.0032f,-0.0018f,1.0717f,0.1583f,3.3396f,-0.0137f,0.1583f,-1.0716f,0.1169f,0f,0f,0f,1f],start_interpolation: 0,interpolation_duration: 1}
$data merge entity $(chest1lid) {transformation: [-0.9999f,-0.0035f,0.0122f,-0.347f,-0.0017f,0.9893f,0.1462f,2.6057f,-0.0126f,0.1461f,-0.9892f,0.3998f,0f,0f,0f,1f],start_interpolation: 0,interpolation_duration: 1}
$data merge entity $(chest2) {transformation: [-0.9999f,-0.0035f,0.0122f,-0.3464f,-0.0017f,0.9893f,0.1462f,2.4511f,-0.0126f,0.1461f,-0.9892f,0.3769f,0f,0f,0f,1f],start_interpolation: 0,interpolation_duration: 1}
$data merge entity $(chest1lid3) {transformation: [-0.9999f,-0.0035f,0.0122f,-0.2766f,-0.0017f,0.9893f,0.1462f,2.6994f,-0.0126f,0.1461f,-0.9892f,-0.2331f,0f,0f,0f,1f],start_interpolation: 0,interpolation_duration: 1}
$data merge entity $(chest3) {transformation: [-0.9999f,-0.0035f,0.0122f,-0.2761f,-0.0017f,0.9893f,0.1462f,2.5449f,-0.0126f,0.1461f,-0.9892f,-0.256f,0f,0f,0f,1f],start_interpolation: 0,interpolation_duration: 1}
$data merge entity $(hugeasssword2) {transformation: [-0.0479f,2.8781f,-2.656f,-1.236f,-0.5725f,2.6226f,2.8521f,4.524f,3.8743f,0.4231f,0.3886f,0.0088f,0f,0f,0f,1f],start_interpolation: 0,interpolation_duration: 1}
$data merge entity $(belt) {transformation: [-0.9999f,-0.0035f,0.0122f,0.0286f,-0.0017f,0.9893f,0.1462f,2.9265f,-0.0126f,0.1461f,-0.9892f,0.1885f,0f,0f,0f,1f],start_interpolation: 0,interpolation_duration: 1}
$data merge entity $(torn_part) {transformation: [-0.9999f,-0.007f,0.0106f,-0.0937f,-0.0017f,0.8995f,0.4369f,2.6449f,-0.0126f,0.4368f,-0.8995f,0.1402f,0f,0f,0f,1f],start_interpolation: 0,interpolation_duration: 1}
$data merge entity $(lowerbody) {transformation: [-0.9999f,-0.0035f,0.0122f,0.0039f,-0.0017f,0.9893f,0.1462f,2.1415f,-0.0126f,0.1461f,-0.9892f,0.2091f,0f,0f,0f,1f],start_interpolation: 0,interpolation_duration: 1}
$data merge entity $(leftfoot) {transformation: [-0.9962f,0.0005f,-0.0872f,0.2624f,0f,1f,0.006f,0.1801f,0.0872f,0.006f,-0.9962f,-0.1792f,0f,0f,0f,1f],start_interpolation: 0,interpolation_duration: 1}
$data merge entity $(leftlowerleg) {transformation: [-0.9962f,0.0323f,-0.081f,0.3107f,0f,0.9289f,0.3703f,1.1537f,0.0872f,0.3688f,-0.9254f,0.3722f,0f,0f,0f,1f],start_interpolation: 0,interpolation_duration: 1}
$data merge entity $(leftleg) {transformation: [-0.9962f,-0.0298f,-0.0819f,0.25f,0f,0.9397f,-0.342f,2.1611f,0.0872f,-0.3407f,-0.9361f,0.0373f,0f,0f,0f,1f],start_interpolation: 0,interpolation_duration: 1}
$data merge entity $(rightfoot) {transformation: [-0.9991f,0.0421f,0.0113f,-0.3635f,0.0415f,0.9982f,-0.0438f,0.1406f,-0.0131f,-0.0433f,-0.999f,-0.1016f,0f,0f,0f,1f],start_interpolation: 0,interpolation_duration: 1}
$data merge entity $(rightlowerleg) {transformation: [-0.9991f,0.0358f,0.0247f,-0.3275f,0.0415f,0.9549f,0.2939f,1.1548f,-0.0131f,0.2946f,-0.9555f,0.372f,0f,0f,0f,1f],start_interpolation: 0,interpolation_duration: 1}
$data merge entity $(rightleg) {transformation: [-0.9991f,0.0435f,-0.0018f,-0.25f,0.0415f,0.94f,-0.3388f,2.1611f,-0.0131f,-0.3385f,-0.9409f,0.0373f,0f,0f,0f,1f],start_interpolation: 0,interpolation_duration: 1}
data modify entity @s data merge value {"cameras":{},"locators":{"soup":{"px":0.32153693904066577,"py":2.3238803489734394,"pz":0.9163636942857967,"ry":120.96690168928279,"rx":-4.456229558146721},"lefthand":{"px":0.3967730888208843,"py":2.1558169619936365,"pz":0.8307108349684205,"ry":26.188687545940695,"rx":-46.906118346527364},"sword":{"px":-0.15758359730332577,"py":4.490806057025482,"pz":3.8006148447727637,"ry":353.2732770560382,"rx":-39.51524520105164},"righthand":{"px":-0.49079937903576654,"py":2.1445106108751375,"pz":0.9754562346804747,"ry":353.2732770560382,"rx":-39.51524520105164},"chest":{"px":-0.379909195948525,"py":2.52097624758419,"pz":0.5447929692232142,"ry":0.7080959928488255,"rx":8.404967188438787}}}