# This file was generated by Animated Java via MC-Build. It is not recommended to edit this file directly.
$data merge entity $(bone_nose) {transformation: [-1f,0f,0f,0f,0f,0.999f,0.0436f,4.0894f,0f,0.0436f,-0.999f,0.3009f,0f,0f,0f,1f],start_interpolation: 0,interpolation_duration: 1}
$data merge entity $(bone_glowing_eye) {transformation: [-1f,0f,0f,-0.125f,0f,0.999f,0.0436f,4.1555f,0f,0.0436f,-0.999f,0.3387f,0f,0f,0f,1f],start_interpolation: 0,interpolation_duration: 1}
$data merge entity $(bone_head) {transformation: [-1f,0f,0f,0f,0f,0.999f,0.0436f,3.9742f,0f,0.0436f,-0.999f,0.1085f,0f,0f,0f,1f],start_interpolation: 0,interpolation_duration: 1}
$data merge entity $(bone_leftthumb2) {transformation: [-0.8771f,0.394f,0.2748f,0.3992f,-0.177f,0.2668f,-0.9474f,2.9525f,-0.4466f,-0.8795f,-0.1643f,1.4248f,0f,0f,0f,1f],start_interpolation: 0,interpolation_duration: 1}
$data merge entity $(bone_leftthumb) {transformation: [-0.8771f,0.394f,0.2748f,0.5193f,-0.177f,0.2668f,-0.9474f,2.937f,-0.4466f,-0.8795f,-0.1643f,1.1951f,0f,0f,0f,1f],start_interpolation: 0,interpolation_duration: 1}
$data merge entity $(bone_leftpointerfinger) {transformation: [-0.8771f,0.394f,0.2748f,0.4989f,-0.177f,0.2668f,-0.9474f,2.8244f,-0.4466f,-0.8795f,-0.1643f,1.5248f,0f,0f,0f,1f],start_interpolation: 0,interpolation_duration: 1}
$data merge entity $(bone_leftmidfinger) {transformation: [-0.8771f,0.394f,0.2748f,0.5418f,-0.177f,0.2668f,-0.9474f,2.6764f,-0.4466f,-0.8795f,-0.1643f,1.4992f,0f,0f,0f,1f],start_interpolation: 0,interpolation_duration: 1}
$data merge entity $(bone_leftringfinger) {transformation: [-0.8771f,0.394f,0.2748f,0.5848f,-0.177f,0.2668f,-0.9474f,2.5283f,-0.4466f,-0.8795f,-0.1643f,1.4735f,0f,0f,0f,1f],start_interpolation: 0,interpolation_duration: 1}
$data merge entity $(bone_invisibility) {transformation: [0.4164f,-0.2395f,0.8771f,0.3689f,0.1832f,0.967f,0.177f,2.85f,-0.8905f,0.087f,0.4466f,1.35f,0f,0f,0f,1f],start_interpolation: 0,interpolation_duration: 1}
$data merge entity $(bone_swiftness) {transformation: [0.2748f,0.394f,0.8771f,0.3214f,-0.9474f,0.2668f,0.177f,2.627f,-0.1643f,-0.8795f,0.4466f,1.4151f,0f,0f,0f,1f],start_interpolation: 0,interpolation_duration: 1}
$data merge entity $(bone_suspicious_stew) {transformation: [0.498f,-0.0869f,0.9231f,0.402f,-0.1669f,1.0223f,0.1863f,2.6598f,-0.912f,-0.2345f,0.47f,1.3605f,0f,0f,0f,1f],start_interpolation: 0,interpolation_duration: 1}
$data merge entity $(bone_log) {transformation: [0f,0f,0f,0.3816f,0f,0f,0f,2.629f,0f,0f,0f,1.1968f,0f,0f,0f,1f],start_interpolation: 0,interpolation_duration: 1}
$data merge entity $(bone_planks) {transformation: [0f,0f,0f,0.2982f,0f,0f,0f,2.6122f,0f,0f,0f,1.1544f,0f,0f,0f,1f],start_interpolation: 0,interpolation_duration: 1}
$data merge entity $(bone_lefthand1) {transformation: [-0.8771f,0.394f,0.2748f,0.6911f,-0.177f,0.2668f,-0.9474f,2.7727f,-0.4466f,-0.8795f,-0.1643f,1.0978f,0f,0f,0f,1f],start_interpolation: 0,interpolation_duration: 1}
$data merge entity $(bone_leftforearm) {transformation: [-0.8771f,0.394f,0.2748f,0.909f,-0.177f,0.2668f,-0.9474f,2.9641f,-0.4466f,-0.8795f,-0.1643f,0.4541f,0f,0f,0f,1f],start_interpolation: 0,interpolation_duration: 1}
$data merge entity $(bone_leftelbow) {transformation: [-0.8771f,0.394f,0.2748f,0.9828f,-0.177f,0.2668f,-0.9474f,3.0141f,-0.4466f,-0.8795f,-0.1643f,0.2891f,0f,0f,0f,1f],start_interpolation: 0,interpolation_duration: 1}
$data merge entity $(bone_leftarm) {transformation: [-0.9991f,-0.0303f,-0.0287f,0.75f,-0.0154f,0.9063f,-0.4223f,3.4771f,0.0388f,-0.4215f,-0.906f,0.1152f,0f,0f,0f,1f],start_interpolation: 0,interpolation_duration: 1}
$data merge entity $(bone_rightthumb2) {transformation: [-0.9592f,-0.2673f,-0.0917f,-0.5685f,-0.1566f,0.7729f,-0.6149f,2.1884f,0.2353f,-0.5755f,-0.7832f,1.1278f,0f,0f,0f,1f],start_interpolation: 0,interpolation_duration: 1}
$data merge entity $(bone_rightthumb) {transformation: [-0.9592f,-0.2673f,-0.0917f,-0.6419f,-0.1566f,0.7729f,-0.6149f,2.3254f,0.2353f,-0.5755f,-0.7832f,0.9198f,0f,0f,0f,1f],start_interpolation: 0,interpolation_duration: 1}
$data merge entity $(bone_rightpointerfinger) {transformation: [-0.9592f,-0.2673f,-0.0917f,-0.6634f,-0.1566f,0.7729f,-0.6149f,2.0258f,0.2353f,-0.5755f,-0.7832f,1.0976f,0f,0f,0f,1f],start_interpolation: 0,interpolation_duration: 1}
$data merge entity $(bone_rightmidfinger) {transformation: [-0.9592f,-0.2673f,-0.0917f,-0.6777f,-0.1566f,0.7729f,-0.6149f,1.9297f,0.2353f,-0.5755f,-0.7832f,0.9752f,0f,0f,0f,1f],start_interpolation: 0,interpolation_duration: 1}
$data merge entity $(bone_rightringfinger) {transformation: [-0.9592f,-0.2673f,-0.0917f,-0.692f,-0.1566f,0.7729f,-0.6149f,1.8336f,0.2353f,-0.5755f,-0.7832f,0.8529f,0f,0f,0f,1f],start_interpolation: 0,interpolation_duration: 1}
$data merge entity $(bone_hugeasssword) {transformation: [-3.757f,-1.0469f,-0.3593f,-0.4758f,-0.6132f,3.0271f,-2.4085f,2.1379f,0.9215f,-2.254f,-3.0677f,0.8081f,0f,0f,0f,1f],start_interpolation: 0,interpolation_duration: 1}
$data merge entity $(bone_ice) {transformation: [-0.9592f,-0.2673f,-0.0917f,-0.4566f,-0.1566f,0.7729f,-0.6149f,2.1283f,0.2353f,-0.5755f,-0.7832f,0.8134f,0f,0f,0f,1f],start_interpolation: 0,interpolation_duration: 1}
$data merge entity $(bone_righthand1) {transformation: [-0.9592f,-0.2673f,-0.0917f,-0.7661f,-0.1566f,0.7729f,-0.6149f,2.2631f,0.2353f,-0.5755f,-0.7832f,0.7039f,0f,0f,0f,1f],start_interpolation: 0,interpolation_duration: 1}
$data merge entity $(bone_rightforearm) {transformation: [-0.9592f,-0.2673f,-0.0917f,-0.8927f,-0.1566f,0.7729f,-0.6149f,2.826f,0.2353f,-0.5755f,-0.7832f,0.2968f,0f,0f,0f,1f],start_interpolation: 0,interpolation_duration: 1}
$data merge entity $(bone_rightelbow) {transformation: [-0.9592f,-0.2673f,-0.0917f,-0.9428f,-0.1566f,0.7729f,-0.6149f,2.9709f,0.2353f,-0.5755f,-0.7832f,0.1889f,0f,0f,0f,1f],start_interpolation: 0,interpolation_duration: 1}
$data merge entity $(bone_rightarm) {transformation: [-0.9982f,-0.049f,0.0342f,-0.75f,-0.0553f,0.9747f,-0.2168f,3.4771f,-0.0227f,-0.2183f,-0.9756f,0.1152f,0f,0f,0f,1f],start_interpolation: 0,interpolation_duration: 1}
$data merge entity $(bone_chest1) {transformation: [-1.0833f,0f,0f,-0.0023f,0f,1.0823f,0.0473f,3.3217f,0f,0.0473f,-1.0823f,-0.0018f,0f,0f,0f,1f],start_interpolation: 0,interpolation_duration: 1}
$data merge entity $(bone_chest1lid) {transformation: [-1f,0f,0f,-0.3438f,0f,0.999f,0.0436f,2.6219f,0f,0.0436f,-0.999f,0.3594f,0f,0f,0f,1f],start_interpolation: 0,interpolation_duration: 1}
$data merge entity $(bone_chest2) {transformation: [-1f,0f,0f,-0.3438f,0f,0.999f,0.0436f,2.4658f,0f,0.0436f,-0.999f,0.3525f,0f,0f,0f,1f],start_interpolation: 0,interpolation_duration: 1}
$data merge entity $(bone_chest1lid3) {transformation: [-1f,0f,0f,-0.2812f,0f,0.999f,0.0436f,2.6498f,0f,0.0436f,-0.999f,-0.2807f,0f,0f,0f,1f],start_interpolation: 0,interpolation_duration: 1}
$data merge entity $(bone_chest3) {transformation: [-1f,0f,0f,-0.2812f,0f,0.999f,0.0436f,2.4937f,0f,0.0436f,-0.999f,-0.2875f,0f,0f,0f,1f],start_interpolation: 0,interpolation_duration: 1}
$data merge entity $(bone_hugeasssword2) {transformation: [0f,2.8877f,-2.6461f,-1.2344f,-0.1708f,2.6435f,2.8849f,4.4925f,3.9129f,0.1154f,0.126f,-0.2158f,0f,0f,0f,1f],start_interpolation: 0,interpolation_duration: 1}
$data merge entity $(bone_belt) {transformation: [-1f,0f,0f,0.0297f,0f,0.999f,0.0436f,2.9181f,0f,0.0436f,-0.999f,0.1116f,0f,0f,0f,1f],start_interpolation: 0,interpolation_duration: 1}
$data merge entity $(bone_torn_part) {transformation: [-1f,0f,0f,-0.0938f,0f,0.9397f,0.342f,2.6335f,0f,0.342f,-0.9397f,0.094f,0f,0f,0f,1f],start_interpolation: 0,interpolation_duration: 1}
$data merge entity $(bone_lowerbody) {transformation: [-1f,0f,0f,0.0039f,0f,0.999f,0.0436f,2.1395f,0f,0.0436f,-0.999f,0.2132f,0f,0f,0f,1f],start_interpolation: 0,interpolation_duration: 1}
$data merge entity $(bone_leftfoot) {transformation: [-0.9962f,0.0004f,-0.0872f,0.262f,0f,1f,0.0042f,0.1812f,0.0872f,0.0042f,-0.9962f,-0.1806f,0f,0f,0f,1f],start_interpolation: 0,interpolation_duration: 1}
$data merge entity $(bone_leftlowerleg) {transformation: [-0.9962f,0.0327f,-0.0808f,0.3107f,0f,0.9268f,0.3755f,1.1517f,0.0872f,0.3741f,-0.9233f,0.3762f,0f,0f,0f,1f],start_interpolation: 0,interpolation_duration: 1}
$data merge entity $(bone_leftleg) {transformation: [-0.9962f,-0.0298f,-0.0819f,0.25f,0f,0.9397f,-0.342f,2.159f,0.0872f,-0.3407f,-0.9361f,0.0413f,0f,0f,0f,1f],start_interpolation: 0,interpolation_duration: 1}
$data merge entity $(bone_rightfoot) {transformation: [-0.9991f,0.0421f,0.0113f,-0.3634f,0.0415f,0.9982f,-0.0438f,0.1404f,-0.0131f,-0.0433f,-0.999f,-0.099f,0f,0f,0f,1f],start_interpolation: 0,interpolation_duration: 1}
$data merge entity $(bone_rightlowerleg) {transformation: [-0.9991f,0.0358f,0.0248f,-0.3275f,0.0415f,0.9541f,0.2965f,1.1533f,-0.0131f,0.2973f,-0.9547f,0.3775f,0f,0f,0f,1f],start_interpolation: 0,interpolation_duration: 1}
$data merge entity $(bone_rightleg) {transformation: [-0.9991f,0.0435f,-0.0018f,-0.25f,0.0415f,0.9395f,-0.3401f,2.159f,-0.0131f,-0.3398f,-0.9404f,0.0413f,0f,0f,0f,1f],start_interpolation: 0,interpolation_duration: 1}
data modify entity @s data merge value {"cameras":{},"locators":{"lefthand":{"posx":0.42904275103449585,"posy":2.6427391374403832,"posz":1.3140977404963388,"roty":59.135953733175114,"rotx":-71.32560043953197},"sword":{"posx":-0.2026035718430257,"posy":4.3786698016652235,"posz":3.7448568045073003,"roty":353.318782526158,"rotx":-37.94643145864937},"righthand":{"posx":-0.540924915278055,"posy":2.111135863795759,"posz":0.8566939352794378,"roty":353.318782526158,"rotx":-37.94643145864937},"chest":{"posx":-0.3750000000000001,"posy":2.5526142883085488,"posz":0.5127296487772455,"roty":0,"rotx":2.5}}}