# This file was generated by Animated Java via MC-Build. It is not recommended to edit this file directly.
$data merge entity $(bone_nose) {transformation: [-0.9952f,0.0028f,-0.098f,0.0035f,0.0131f,0.9944f,-0.1047f,4.0786f,0.0971f,-0.1055f,-0.9897f,-0.0075f,0f,0f,0f,1f],start_interpolation: 0,interpolation_duration: 1}
$data merge entity $(bone_glowing_eye) {transformation: [-0.9952f,0.0028f,-0.098f,-0.1173f,0.0131f,0.9944f,-0.1047f,4.1512f,0.0971f,-0.1055f,-0.9897f,0.0321f,0f,0f,0f,1f],start_interpolation: 0,interpolation_duration: 1}
$data merge entity $(bone_head) {transformation: [-0.9952f,0.0028f,-0.098f,-0.0151f,0.0131f,0.9944f,-0.1047f,3.9362f,0.0971f,-0.1055f,-0.9897f,-0.1797f,0f,0f,0f,1f],start_interpolation: 0,interpolation_duration: 1}
$data merge entity $(bone_leftthumb2) {transformation: [-0.9772f,0.169f,0.1282f,0.704f,-0.2036f,-0.917f,-0.343f,4.7742f,0.0596f,-0.3613f,0.9305f,0.5057f,0f,0f,0f,1f],start_interpolation: 0,interpolation_duration: 1}
$data merge entity $(bone_leftthumb) {transformation: [-0.9772f,0.169f,0.1282f,0.7564f,-0.2036f,-0.917f,-0.343f,4.52f,0.0596f,-0.3613f,0.9305f,0.4966f,0f,0f,0f,1f],start_interpolation: 0,interpolation_duration: 1}
$data merge entity $(bone_leftpointerfinger) {transformation: [-0.9772f,0.169f,0.1282f,0.8138f,-0.2036f,-0.917f,-0.343f,4.8271f,0.0596f,-0.3613f,0.9305f,0.6523f,0f,0f,0f,1f],start_interpolation: 0,interpolation_duration: 1}
$data merge entity $(bone_leftmidfinger) {transformation: [-0.9772f,0.169f,0.1282f,0.8338f,-0.2036f,-0.917f,-0.343f,4.7735f,0.0596f,-0.3613f,0.9305f,0.7977f,0f,0f,0f,1f],start_interpolation: 0,interpolation_duration: 1}
$data merge entity $(bone_leftringfinger) {transformation: [-0.9772f,0.169f,0.1282f,0.8539f,-0.2036f,-0.917f,-0.343f,4.7199f,0.0596f,-0.3613f,0.9305f,0.9431f,0f,0f,0f,1f],start_interpolation: 0,interpolation_duration: 1}
$data merge entity $(bone_invisibility) {transformation: [0.1795f,-0.113f,0.9772f,0.645f,-0.9434f,0.2618f,0.2036f,4.6993f,-0.2788f,-0.9585f,-0.0596f,0.5948f,0f,0f,0f,1f],start_interpolation: 0,interpolation_duration: 1}
$data merge entity $(bone_swiftness) {transformation: [0.1282f,0.169f,0.9772f,0.5953f,-0.343f,-0.917f,0.2036f,4.7486f,0.9305f,-0.3613f,-0.0596f,0.8213f,0f,0f,0f,1f],start_interpolation: 0,interpolation_duration: 1}
$data merge entity $(bone_suspicious_stew) {transformation: [0.2111f,-0.0456f,0.9949f,0.6612f,-0.9937f,-0.0781f,0.2072f,4.678f,0.067f,-1.014f,-0.0607f,0.7863f,0f,0f,0f,1f],start_interpolation: 0,interpolation_duration: 1}
$data merge entity $(bone_log) {transformation: [0f,0f,0f,0.5962f,0f,0f,0f,4.527f,0f,0f,0f,0.791f,0f,0f,0f,1f],start_interpolation: 0,interpolation_duration: 1}
$data merge entity $(bone_planks) {transformation: [0f,0f,0f,0.5042f,0f,0f,0f,4.5079f,0f,0f,0f,0.7966f,0f,0f,0f,1f],start_interpolation: 0,interpolation_duration: 1}
$data merge entity $(bone_lefthand1) {transformation: [-0.9772f,0.169f,0.1282f,0.8792f,-0.2036f,-0.917f,-0.343f,4.3606f,0.0596f,-0.3613f,0.9305f,0.656f,0f,0f,0f,1f],start_interpolation: 0,interpolation_duration: 1}
$data merge entity $(bone_leftforearm) {transformation: [-0.9772f,0.169f,0.1282f,0.935f,-0.2036f,-0.917f,-0.343f,3.7084f,0.0596f,-0.3613f,0.9305f,0.3912f,0f,0f,0f,1f],start_interpolation: 0,interpolation_duration: 1}
$data merge entity $(bone_leftelbow) {transformation: [-0.9772f,0.169f,0.1282f,0.9667f,-0.2036f,-0.917f,-0.343f,3.5365f,0.0596f,-0.3613f,0.9305f,0.3234f,0f,0f,0f,1f],start_interpolation: 0,interpolation_duration: 1}
$data merge entity $(bone_leftarm) {transformation: [-0.9992f,-0.0304f,-0.0275f,0.7337f,0.0348f,-0.2727f,-0.9615f,3.4378f,0.0217f,-0.9616f,0.2735f,-0.1612f,0f,0f,0f,1f],start_interpolation: 0,interpolation_duration: 1}
$data merge entity $(bone_rightthumb2) {transformation: [-0.9901f,-0.0768f,-0.1174f,-0.8311f,-0.0219f,0.9113f,-0.4111f,1.9416f,0.1386f,-0.4044f,-0.904f,0.7887f,0f,0f,0f,1f],start_interpolation: 0,interpolation_duration: 1}
$data merge entity $(bone_rightthumb) {transformation: [-0.9901f,-0.0768f,-0.1174f,-0.86f,-0.0219f,0.9113f,-0.4111f,2.1299f,0.1386f,-0.4044f,-0.904f,0.6122f,0f,0f,0f,1f],start_interpolation: 0,interpolation_duration: 1}
$data merge entity $(bone_rightpointerfinger) {transformation: [-0.9901f,-0.0768f,-0.1174f,-0.9486f,-0.0219f,0.9113f,-0.4111f,1.8092f,0.1386f,-0.4044f,-0.904f,0.7177f,0f,0f,0f,1f],start_interpolation: 0,interpolation_duration: 1}
$data merge entity $(bone_rightmidfinger) {transformation: [-0.9901f,-0.0768f,-0.1174f,-0.9669f,-0.0219f,0.9113f,-0.4111f,1.745f,0.1386f,-0.4044f,-0.904f,0.5765f,0f,0f,0f,1f],start_interpolation: 0,interpolation_duration: 1}
$data merge entity $(bone_rightringfinger) {transformation: [-0.9901f,-0.0768f,-0.1174f,-0.9853f,-0.0219f,0.9113f,-0.4111f,1.6808f,0.1386f,-0.4044f,-0.904f,0.4352f,0f,0f,0f,1f],start_interpolation: 0,interpolation_duration: 1}
$data merge entity $(bone_hugeasssword) {transformation: [-3.8779f,-0.3008f,-0.46f,-0.7177f,-0.0859f,3.5694f,-1.61f,1.9424f,0.5428f,-1.584f,-3.5407f,0.4716f,0f,0f,0f,1f],start_interpolation: 0,interpolation_duration: 1}
$data merge entity $(bone_ice) {transformation: [-0.9901f,-0.0768f,-0.1174f,-0.701f,-0.0219f,0.9113f,-0.4111f,1.9285f,0.1386f,-0.4044f,-0.904f,0.4758f,0f,0f,0f,1f],start_interpolation: 0,interpolation_duration: 1}
$data merge entity $(bone_righthand1) {transformation: [-0.9901f,-0.0768f,-0.1174f,-0.9714f,-0.0219f,0.9113f,-0.4111f,2.138f,0.1386f,-0.4044f,-0.904f,0.3811f,0f,0f,0f,1f],start_interpolation: 0,interpolation_duration: 1}
$data merge entity $(bone_rightforearm) {transformation: [-0.9901f,-0.0768f,-0.1174f,-0.9617f,-0.0219f,0.9113f,-0.4111f,2.7865f,0.1386f,-0.4044f,-0.904f,0.1022f,0f,0f,0f,1f],start_interpolation: 0,interpolation_duration: 1}
$data merge entity $(bone_rightelbow) {transformation: [-0.9901f,-0.0768f,-0.1174f,-0.9761f,-0.0219f,0.9113f,-0.4111f,2.9574f,0.1386f,-0.4044f,-0.904f,0.0263f,0f,0f,0f,1f],start_interpolation: 0,interpolation_duration: 1}
$data merge entity $(bone_rightarm) {transformation: [-0.9955f,-0.0073f,-0.0946f,-0.759f,0.0026f,0.9945f,-0.1043f,3.4574f,0.0948f,-0.1041f,-0.99f,-0.0155f,0f,0f,0f,1f],start_interpolation: 0,interpolation_duration: 1}
$data merge entity $(bone_chest1) {transformation: [-1.0781f,0.0006f,-0.1062f,-0.0258f,0.0142f,1.0745f,-0.1376f,3.2746f,0.1052f,-0.1383f,-1.0693f,-0.1763f,0f,0f,0f,1f],start_interpolation: 0,interpolation_duration: 1}
$data merge entity $(bone_chest1lid) {transformation: [-0.9952f,0.0006f,-0.098f,-0.3277f,0.0131f,0.9918f,-0.127f,2.651f,0.0971f,-0.1277f,-0.987f,0.3304f,0f,0f,0f,1f],start_interpolation: 0,interpolation_duration: 1}
$data merge entity $(bone_chest2) {transformation: [-0.9952f,0.0006f,-0.098f,-0.3277f,0.0131f,0.9918f,-0.127f,2.496f,0.0971f,-0.1277f,-0.987f,0.3503f,0f,0f,0f,1f],start_interpolation: 0,interpolation_duration: 1}
$data merge entity $(bone_chest1lid3) {transformation: [-0.9952f,0.0006f,-0.098f,-0.3282f,0.0131f,0.9918f,-0.127f,2.5688f,0.0971f,-0.1277f,-0.987f,-0.308f,0f,0f,0f,1f],start_interpolation: 0,interpolation_duration: 1}
$data merge entity $(bone_chest3) {transformation: [-0.9952f,0.0006f,-0.098f,-0.3283f,0.0131f,0.9918f,-0.127f,2.4138f,0.0971f,-0.1277f,-0.987f,-0.2881f,0f,0f,0f,1f],start_interpolation: 0,interpolation_duration: 1}
$data merge entity $(bone_hugeasssword2) {transformation: [0.3838f,2.8753f,-2.6317f,-1.2773f,0.4974f,2.5867f,2.8986f,4.4079f,3.8659f,-0.6183f,-0.1117f,-0.4663f,0f,0f,0f,1f],start_interpolation: 0,interpolation_duration: 1}
$data merge entity $(bone_belt) {transformation: [-0.9952f,0.0006f,-0.098f,0.0186f,0.0131f,0.9918f,-0.127f,2.8958f,0.0971f,-0.1277f,-0.987f,0.0007f,0f,0f,0f,1f],start_interpolation: 0,interpolation_duration: 1}
$data merge entity $(bone_torn_part) {transformation: [-0.9952f,0.0328f,-0.0923f,-0.1053f,0.0131f,0.9782f,0.2071f,2.6111f,0.0971f,0.2049f,-0.9739f,0.0399f,0f,0f,0f,1f],start_interpolation: 0,interpolation_duration: 1}
$data merge entity $(bone_lowerbody) {transformation: [-0.9952f,0.0036f,-0.0979f,0.0039f,0.0131f,0.9952f,-0.0966f,2.1374f,0.0971f,-0.0974f,-0.9905f,0.2173f,0f,0f,0f,1f],start_interpolation: 0,interpolation_duration: 1}
$data merge entity $(bone_leftfoot) {transformation: [-0.9962f,0.0002f,-0.0872f,0.2615f,0f,1f,0.0018f,0.1824f,0.0872f,0.0018f,-0.9962f,-0.182f,0f,0f,0f,1f],start_interpolation: 0,interpolation_duration: 1}
$data merge entity $(bone_leftlowerleg) {transformation: [-0.9962f,0.0332f,-0.0806f,0.3107f,0f,0.9247f,0.3808f,1.1496f,0.0872f,0.3794f,-0.9211f,0.3803f,0f,0f,0f,1f],start_interpolation: 0,interpolation_duration: 1}
$data merge entity $(bone_leftleg) {transformation: [-0.9962f,-0.0298f,-0.0819f,0.25f,0f,0.9397f,-0.342f,2.157f,0.0872f,-0.3407f,-0.9361f,0.0454f,0f,0f,0f,1f],start_interpolation: 0,interpolation_duration: 1}
$data merge entity $(bone_rightfoot) {transformation: [-0.9991f,0.0421f,0.0113f,-0.3633f,0.0415f,0.9982f,-0.0438f,0.1402f,-0.0131f,-0.0433f,-0.999f,-0.0964f,0f,0f,0f,1f],start_interpolation: 0,interpolation_duration: 1}
$data merge entity $(bone_rightlowerleg) {transformation: [-0.9991f,0.0357f,0.0249f,-0.3275f,0.0415f,0.9533f,0.2993f,1.1517f,-0.0131f,0.3f,-0.9538f,0.383f,0f,0f,0f,1f],start_interpolation: 0,interpolation_duration: 1}
$data merge entity $(bone_rightleg) {transformation: [-0.9991f,0.0435f,-0.0019f,-0.25f,0.0415f,0.939f,-0.3414f,2.157f,-0.0131f,-0.3412f,-0.9399f,0.0454f,0f,0f,0f,1f],start_interpolation: 0,interpolation_duration: 1}
data modify entity @s data merge value {"cameras":{},"locators":{"lefthand":{"posx":0.6730870667388604,"posy":4.624285545350969,"posz":0.7983975646242945,"roty":172.15608568741555,"rotx":-20.05925203821709},"sword":{"posx":-0.35775984849251585,"posy":3.4344144751597523,"posz":3.8427550197950326,"roty":352.5982605433712,"rotx":-24.27212157818476},"righthand":{"posx":-0.7908122843146961,"posy":1.918590722464827,"posz":0.5092283304471958,"roty":352.5982605433712,"rotx":-24.27212157818476},"chest":{"posx":-0.34347748381631155,"posy":2.6092160944368197,"posz":0.49560957097124425,"roty":354.33043974080806,"rotx":-7.296519594562735}}}