# This file was generated by Animated Java via MC-Build. It is not recommended to edit this file directly.
$data merge entity $(nose) {transformation: [-0.9999f,-0.0139f,0.0087f,-0.0171f,-0.0022f,0.6377f,0.7703f,3.803f,-0.0162f,0.7702f,-0.6376f,0.9891f,0f,0f,0f,1f],start_interpolation: 0,interpolation_duration: 1}
$data merge entity $(glowing_eye) {transformation: [-0.9999f,-0.0139f,0.0087f,-0.1434f,-0.0022f,0.6377f,0.7703f,3.8191f,-0.0162f,0.7702f,-0.6376f,1.0614f,0f,0f,0f,1f],start_interpolation: 0,interpolation_duration: 1}
$data merge entity $(head) {transformation: [-0.9999f,-0.0139f,0.0087f,-0.0138f,-0.0022f,0.6377f,0.7703f,3.8685f,-0.0162f,0.7702f,-0.6376f,0.7746f,0f,0f,0f,1f],start_interpolation: 0,interpolation_duration: 1}
$data merge entity $(leftthumb2) {transformation: [-0.9983f,-0.0525f,-0.0245f,1.0381f,-0.0515f,0.9979f,-0.0401f,1.7126f,0.0265f,-0.0388f,-0.9989f,0.7954f,0f,0f,0f,1f],start_interpolation: 0,interpolation_duration: 1}
$data merge entity $(leftthumb) {transformation: [-0.9983f,-0.0525f,-0.0245f,1.0231f,-0.0515f,0.9979f,-0.0401f,1.9539f,0.0265f,-0.0388f,-0.9989f,0.7006f,0f,0f,0f,1f],start_interpolation: 0,interpolation_duration: 1}
$data merge entity $(leftpointerfinger) {transformation: [-0.9983f,-0.0525f,-0.0245f,1.1484f,-0.0515f,0.9979f,-0.0401f,1.6303f,0.0265f,-0.0388f,-0.9989f,0.6635f,0f,0f,0f,1f],start_interpolation: 0,interpolation_duration: 1}
$data merge entity $(leftmidfinger) {transformation: [-0.9983f,-0.0525f,-0.0245f,1.1446f,-0.0515f,0.9979f,-0.0401f,1.624f,0.0265f,-0.0388f,-0.9989f,0.5075f,0f,0f,0f,1f],start_interpolation: 0,interpolation_duration: 1}
$data merge entity $(leftringfinger) {transformation: [-0.9983f,-0.0525f,-0.0245f,1.1408f,-0.0515f,0.9979f,-0.0401f,1.6177f,0.0265f,-0.0388f,-0.9989f,0.3514f,0f,0f,0f,1f],start_interpolation: 0,interpolation_duration: 1}
$data merge entity $(invisibility) {transformation: [-0.0544f,0.0198f,0.9983f,0.9562f,0.9906f,0.1269f,0.0515f,1.731f,-0.1257f,0.9917f,-0.0265f,0.6955f,0f,0f,0f,1f],start_interpolation: 0,interpolation_duration: 1}
$data merge entity $(swiftness) {transformation: [-0.0245f,-0.0525f,0.9983f,0.9068f,-0.0401f,0.9979f,0.0515f,1.5857f,-0.9989f,-0.0388f,-0.0265f,0.5148f,0f,0f,0f,1f],start_interpolation: 0,interpolation_duration: 1}
$data merge entity $(suspicious_stew) {transformation: [-0.0579f,0f,0.9983f,0.9541f,0.8874f,0.4581f,0.0515f,1.6767f,-0.4573f,0.8889f,-0.0265f,0.51f,0f,0f,0f,1f],start_interpolation: 0,interpolation_duration: 1}
$data merge entity $(log) {transformation: [0f,0f,0f,0.8528f,0f,0f,0f,1.7947f,0f,0f,0f,0.4608f,0f,0f,0f,1f],start_interpolation: 0,interpolation_duration: 1}
$data merge entity $(planks) {transformation: [0f,0f,0f,0.7592f,0f,0f,0f,1.7899f,0f,0f,0f,0.4633f,0f,0f,0f,1f],start_interpolation: 0,interpolation_duration: 1}
$data merge entity $(lefthand1) {transformation: [-0.9983f,-0.0525f,-0.0245f,1.09f,-0.0515f,0.9979f,-0.0401f,2.0583f,0.0265f,-0.0388f,-0.9989f,0.4757f,0f,0f,0f,1f],start_interpolation: 0,interpolation_duration: 1}
$data merge entity $(leftforearm) {transformation: [-0.9983f,-0.0525f,-0.0245f,0.9911f,-0.0515f,0.9979f,-0.0401f,2.7574f,0.0265f,-0.0388f,-0.9989f,0.4657f,0f,0f,0f,1f],start_interpolation: 0,interpolation_duration: 1}
$data merge entity $(leftelbow) {transformation: [-0.9983f,-0.0525f,-0.0245f,0.9813f,-0.0515f,0.9979f,-0.0401f,2.9445f,0.0265f,-0.0388f,-0.9989f,0.4585f,0f,0f,0f,1f],start_interpolation: 0,interpolation_duration: 1}
$data merge entity $(leftarm) {transformation: [-0.9983f,-0.0468f,-0.0341f,0.7406f,-0.0515f,0.9871f,0.1514f,3.422f,0.0265f,0.1529f,-0.9879f,0.5716f,0f,0f,0f,1f],start_interpolation: 0,interpolation_duration: 1}
$data merge entity $(rightthumb2) {transformation: [-0.9999f,0.0107f,0.0124f,-0.9771f,-0.0022f,0.6616f,-0.7498f,2.3141f,-0.0162f,-0.7498f,-0.6615f,1.6031f,0f,0f,0f,1f],start_interpolation: 0,interpolation_duration: 1}
$data merge entity $(rightthumb) {transformation: [-0.9999f,0.0107f,0.0124f,-0.9734f,-0.0022f,0.6616f,-0.7498f,2.4123f,-0.0162f,-0.7498f,-0.6615f,1.3627f,0f,0f,0f,1f],start_interpolation: 0,interpolation_duration: 1}
$data merge entity $(rightpointerfinger) {transformation: [-0.9999f,0.0107f,0.0124f,-1.0857f,-0.0022f,0.6616f,-0.7498f,2.1598f,-0.0162f,-0.7498f,-0.6615f,1.576f,0f,0f,0f,1f],start_interpolation: 0,interpolation_duration: 1}
$data merge entity $(rightmidfinger) {transformation: [-0.9999f,0.0107f,0.0124f,-1.0838f,-0.0022f,0.6616f,-0.7498f,2.0427f,-0.0162f,-0.7498f,-0.6615f,1.4726f,0f,0f,0f,1f],start_interpolation: 0,interpolation_duration: 1}
$data merge entity $(rightringfinger) {transformation: [-0.9999f,0.0107f,0.0124f,-1.0818f,-0.0022f,0.6616f,-0.7498f,1.9255f,-0.0162f,-0.7498f,-0.6615f,1.3692f,0f,0f,0f,1f],start_interpolation: 0,interpolation_duration: 1}
$data merge entity $(hugeasssword) {transformation: [-3.9161f,0.042f,0.0484f,-0.8162f,-0.0086f,2.5914f,-2.9368f,2.1894f,-0.0635f,-2.9365f,-2.591f,1.3349f,0f,0f,0f,1f],start_interpolation: 0,interpolation_duration: 1}
$data merge entity $(whey) {transformation: [0f,0f,0f,-0.6471f,0f,0f,0f,2.2332f,0f,0f,0f,1.501f,0f,0f,0f,1f],start_interpolation: 0,interpolation_duration: 1}
$data merge entity $(ice) {transformation: [-0.9999f,0.0107f,0.0124f,-0.8007f,-0.0022f,0.6616f,-0.7498f,2.1791f,-0.0162f,-0.7498f,-0.6615f,1.3469f,0f,0f,0f,1f],start_interpolation: 0,interpolation_duration: 1}
$data merge entity $(righthand1) {transformation: [-0.9999f,0.0107f,0.0124f,-1.0476f,-0.0022f,0.6616f,-0.7498f,2.3205f,-0.0162f,-0.7498f,-0.6615f,1.1347f,0f,0f,0f,1f],start_interpolation: 0,interpolation_duration: 1}
$data merge entity $(rightforearm) {transformation: [-0.9999f,0.0107f,0.0124f,-0.9778f,-0.0022f,0.6616f,-0.7498f,2.7975f,-0.0162f,-0.7498f,-0.6615f,0.6189f,0f,0f,0f,1f],start_interpolation: 0,interpolation_duration: 1}
$data merge entity $(rightelbow) {transformation: [-0.9999f,0.0107f,0.0124f,-0.9758f,-0.0022f,0.6616f,-0.7498f,2.9216f,-0.0162f,-0.7498f,-0.6615f,0.4783f,0f,0f,0f,1f],start_interpolation: 0,interpolation_duration: 1}
$data merge entity $(rightarm) {transformation: [-0.9999f,-0.0033f,0.016f,-0.7592f,-0.0022f,0.9977f,0.0684f,3.4188f,-0.0162f,0.0684f,-0.9975f,0.5473f,0f,0f,0f,1f],start_interpolation: 0,interpolation_duration: 1}
$data merge entity $(chest1) {transformation: [-1.0832f,-0.0106f,0.0142f,-0.0086f,-0.0024f,0.9482f,0.524f,3.3333f,-0.0176f,0.5239f,-0.9481f,0.3855f,0f,0f,0f,1f],start_interpolation: 0,interpolation_duration: 1}
$data merge entity $(chest1lid) {transformation: [-0.9999f,-0.0098f,0.0131f,-0.3485f,-0.0022f,0.8753f,0.4837f,2.5451f,-0.0162f,0.4836f,-0.8752f,0.392f,0f,0f,0f,1f],start_interpolation: 0,interpolation_duration: 1}
$data merge entity $(chest2) {transformation: [-0.9999f,-0.0098f,0.0131f,-0.347f,-0.0022f,0.8753f,0.4837f,2.4084f,-0.0162f,0.4836f,-0.8752f,0.3164f,0f,0f,0f,1f],start_interpolation: 0,interpolation_duration: 1}
$data merge entity $(chest1lid3) {transformation: [-0.9999f,-0.0098f,0.0131f,-0.2776f,-0.0022f,0.8753f,0.4837f,2.8551f,-0.0162f,0.4836f,-0.8752f,-0.1676f,0f,0f,0f,1f],start_interpolation: 0,interpolation_duration: 1}
$data merge entity $(chest3) {transformation: [-0.9999f,-0.0098f,0.0131f,-0.2761f,-0.0022f,0.8753f,0.4837f,2.7184f,-0.0162f,0.4836f,-0.8752f,-0.2432f,0f,0f,0f,1f],start_interpolation: 0,interpolation_duration: 1}
$data merge entity $(hugeasssword2) {transformation: [-0.0515f,2.8615f,-2.6739f,-1.2484f,-1.8943f,2.3223f,2.5217f,4.4743f,3.4277f,1.3264f,1.3535f,0.6948f,0f,0f,0f,1f],start_interpolation: 0,interpolation_duration: 1}
$data merge entity $(belt) {transformation: [-0.9999f,-0.0098f,0.0131f,0.0256f,-0.0022f,0.8753f,0.4837f,2.9215f,-0.0162f,0.4836f,-0.8752f,0.308f,0f,0f,0f,1f],start_interpolation: 0,interpolation_duration: 1}
$data merge entity $(torn_part) {transformation: [-0.9999f,-0.0116f,0.0115f,-0.0954f,-0.0022f,0.7915f,0.6112f,2.6761f,-0.0162f,0.6111f,-0.7914f,0.188f,0f,0f,0f,1f],start_interpolation: 0,interpolation_duration: 1}
$data merge entity $(lowerbody) {transformation: [-0.9999f,-0.0076f,0.0145f,0.0039f,-0.0022f,0.9386f,0.3449f,2.1695f,-0.0162f,0.3448f,-0.9385f,0.1532f,0f,0f,0f,1f],start_interpolation: 0,interpolation_duration: 1}
$data merge entity $(leftfoot) {transformation: [-0.9962f,-0.0002f,-0.0872f,0.2692f,0f,1f,-0.0023f,0.1678f,0.0872f,-0.0023f,-0.9962f,-0.1578f,0f,0f,0f,1f],start_interpolation: 0,interpolation_duration: 1}
$data merge entity $(leftlowerleg) {transformation: [-0.9962f,0.0259f,-0.0832f,0.3107f,0f,0.955f,0.2967f,1.1817f,0.0872f,0.2956f,-0.9513f,0.3163f,0f,0f,0f,1f],start_interpolation: 0,interpolation_duration: 1}
$data merge entity $(leftleg) {transformation: [-0.9962f,-0.0298f,-0.0819f,0.25f,0f,0.9397f,-0.342f,2.189f,0.0872f,-0.3407f,-0.9361f,-0.0186f,0f,0f,0f,1f],start_interpolation: 0,interpolation_duration: 1}
$data merge entity $(rightfoot) {transformation: [-0.9991f,0.042f,0.0113f,-0.3647f,0.0415f,0.9982f,-0.0438f,0.1445f,-0.0131f,-0.0433f,-0.999f,-0.1373f,0f,0f,0f,1f],start_interpolation: 0,interpolation_duration: 1}
$data merge entity $(rightlowerleg) {transformation: [-0.9991f,0.0368f,0.0233f,-0.3275f,0.0415f,0.9657f,0.2564f,1.1764f,-0.0131f,0.2571f,-0.9663f,0.2964f,0f,0f,0f,1f],start_interpolation: 0,interpolation_duration: 1}
$data merge entity $(rightleg) {transformation: [-0.9991f,0.0435f,-0.0009f,-0.25f,0.0415f,0.9464f,-0.3203f,2.189f,-0.0131f,-0.3201f,-0.9473f,-0.0186f,0f,0f,0f,1f],start_interpolation: 0,interpolation_duration: 1}
data modify entity @s data merge value {"cameras":{},"locators":{"soup":{"px":0.9229183588006944,"py":1.7538354120524153,"pz":0.6636332757372209,"ry":88.47776739123245,"rx":2.9496525441638477},"lefthand":{"px":0.9508895876442781,"py":1.7222379514853499,"pz":0.476987680126351,"ry":358.59622194834753,"rx":-2.2976635509296126},"sword":{"px":-0.9404458813207957,"py":4.945210119810764,"pz":3.8067947966018814,"ry":1.0711562755875832,"rx":-48.57522710639057},"righthand":{"px":-0.8948362936791695,"py":2.1802301776245723,"pz":1.367437927502324,"ry":1.0711562755875832,"rx":-48.57522710639057},"chest":{"px":-0.38117894028062993,"py":2.4147908641581965,"pz":0.4979990167524275,"ry":0.8601253288305486,"rx":28.924542371345428}}}