# This file was generated by Animated Java via MC-Build. It is not recommended to edit this file directly.
$data merge entity $(bone_nose) {transformation: [-1f,0f,0f,0f,0f,0.6756f,0.7373f,3.8637f,0f,0.7373f,-0.6756f,0.8678f,0f,0f,0f,1f],start_interpolation: 0,interpolation_duration: 1}
$data merge entity $(bone_glowing_eye) {transformation: [-1f,0f,0f,-0.125f,0f,0.6756f,0.7373f,3.8837f,0f,0.7373f,-0.6756f,0.9413f,0f,0f,0f,1f],start_interpolation: 0,interpolation_duration: 1}
$data merge entity $(bone_head) {transformation: [-1f,0f,0f,0f,0f,0.6756f,0.7373f,3.9183f,0f,0.7373f,-0.6756f,0.6503f,0f,0f,0f,1f],start_interpolation: 0,interpolation_duration: 1}
$data merge entity $(bone_leftthumb2) {transformation: [-0.9979f,-0.0309f,-0.0574f,1.0161f,-0.0462f,0.9563f,0.2887f,1.76f,0.046f,0.2908f,-0.9557f,0.1167f,0f,0f,0f,1f],start_interpolation: 0,interpolation_duration: 1}
$data merge entity $(bone_leftthumb) {transformation: [-0.9979f,-0.0309f,-0.0574f,1.0036f,-0.0462f,0.9563f,0.2887f,2.0192f,0.046f,0.2908f,-0.9557f,0.1063f,0f,0f,0f,1f],start_interpolation: 0,interpolation_duration: 1}
$data merge entity $(bone_leftpointerfinger) {transformation: [-0.9979f,-0.0309f,-0.0574f,1.1202f,-0.0462f,0.9563f,0.2887f,1.724f,0.046f,0.2908f,-0.9557f,-0.0389f,0f,0f,0f,1f],start_interpolation: 0,interpolation_duration: 1}
$data merge entity $(bone_leftmidfinger) {transformation: [-0.9979f,-0.0309f,-0.0574f,1.1112f,-0.0462f,0.9563f,0.2887f,1.7691f,0.046f,0.2908f,-0.9557f,-0.1882f,0f,0f,0f,1f],start_interpolation: 0,interpolation_duration: 1}
$data merge entity $(bone_leftringfinger) {transformation: [-0.9979f,-0.0309f,-0.0574f,1.1022f,-0.0462f,0.9563f,0.2887f,1.8143f,0.046f,0.2908f,-0.9557f,-0.3376f,0f,0f,0f,1f],start_interpolation: 0,interpolation_duration: 1}
$data merge entity $(bone_invisibility) {transformation: [-0.0358f,0.0545f,0.9979f,0.9315f,0.9778f,-0.2043f,0.0462f,1.8109f,0.2064f,0.9774f,-0.046f,0.0314f,0f,0f,0f,1f],start_interpolation: 0,interpolation_duration: 1}
$data merge entity $(bone_swiftness) {transformation: [-0.0574f,-0.0309f,0.9979f,0.8729f,0.2887f,0.9563f,0.0462f,1.7332f,-0.9557f,0.2908f,-0.046f,-0.1848f,0f,0f,0f,1f],start_interpolation: 0,interpolation_duration: 1}
$data merge entity $(bone_suspicious_stew) {transformation: [-0.0523f,0.039f,0.9979f,0.9222f,0.9887f,0.1425f,0.0462f,1.8202f,-0.1404f,0.989f,-0.046f,-0.1615f,0f,0f,0f,1f],start_interpolation: 0,interpolation_duration: 1}
$data merge entity $(bone_log) {transformation: [0f,0f,0f,0.8221f,0f,0f,0f,1.949f,0f,0f,0f,-0.1656f,0f,0f,0f,1f],start_interpolation: 0,interpolation_duration: 1}
$data merge entity $(bone_planks) {transformation: [0f,0f,0f,0.7285f,0f,0f,0f,1.9446f,0f,0f,0f,-0.1613f,0f,0f,0f,1f],start_interpolation: 0,interpolation_duration: 1}
$data merge entity $(bone_lefthand1) {transformation: [-0.9979f,-0.0309f,-0.0574f,1.0656f,-0.0462f,0.9563f,0.2887f,2.1906f,0.046f,0.2908f,-0.9557f,-0.0745f,0f,0f,0f,1f],start_interpolation: 0,interpolation_duration: 1}
$data merge entity $(bone_leftforearm) {transformation: [-0.9979f,-0.0309f,-0.0574f,0.9824f,-0.0462f,0.9563f,0.2887f,2.8556f,0.046f,0.2908f,-0.9557f,0.1477f,0f,0f,0f,1f],start_interpolation: 0,interpolation_duration: 1}
$data merge entity $(bone_leftelbow) {transformation: [-0.9979f,-0.0309f,-0.0574f,0.9766f,-0.0462f,0.9563f,0.2887f,3.0349f,0.046f,0.2908f,-0.9557f,0.2022f,0f,0f,0f,1f],start_interpolation: 0,interpolation_duration: 1}
$data merge entity $(bone_leftarm) {transformation: [-0.9979f,-0.0205f,-0.0619f,0.75f,-0.0462f,0.8916f,0.4504f,3.4565f,0.046f,0.4523f,-0.8907f,0.4663f,0f,0f,0f,1f],start_interpolation: 0,interpolation_duration: 1}
$data merge entity $(bone_rightthumb2) {transformation: [-1f,0f,0f,-0.9531f,0f,0.6678f,-0.7443f,2.3398f,0f,-0.7443f,-0.6678f,1.5525f,0f,0f,0f,1f],start_interpolation: 0,interpolation_duration: 1}
$data merge entity $(bone_rightthumb) {transformation: [-1f,0f,0f,-0.9531f,0f,0.6678f,-0.7443f,2.44f,0f,-0.7443f,-0.6678f,1.3129f,0f,0f,0f,1f],start_interpolation: 0,interpolation_duration: 1}
$data merge entity $(bone_rightpointerfinger) {transformation: [-1f,0f,0f,-1.0625f,0f,0.6678f,-0.7443f,2.186f,0f,-0.7443f,-0.6678f,1.5258f,0f,0f,0f,1f],start_interpolation: 0,interpolation_duration: 1}
$data merge entity $(bone_rightmidfinger) {transformation: [-1f,0f,0f,-1.0625f,0f,0.6678f,-0.7443f,2.0697f,0f,-0.7443f,-0.6678f,1.4215f,0f,0f,0f,1f],start_interpolation: 0,interpolation_duration: 1}
$data merge entity $(bone_rightringfinger) {transformation: [-1f,0f,0f,-1.0625f,0f,0.6678f,-0.7443f,1.9534f,0f,-0.7443f,-0.6678f,1.3171f,0f,0f,0f,1f],start_interpolation: 0,interpolation_duration: 1}
$data merge entity $(bone_hugeasssword) {transformation: [-3.9167f,0f,0f,-0.7969f,0f,2.6157f,-2.9152f,2.217f,0f,-2.9152f,-2.6157f,1.2807f,0f,0f,0f,1f],start_interpolation: 0,interpolation_duration: 1}
$data merge entity $(bone_ice) {transformation: [-1f,0f,0f,-0.7812f,0f,0.6678f,-0.7443f,2.2065f,0f,-0.7443f,-0.6678f,1.2923f,0f,0f,0f,1f],start_interpolation: 0,interpolation_duration: 1}
$data merge entity $(bone_righthand1) {transformation: [-1f,0f,0f,-1.0312f,0f,0.6678f,-0.7443f,2.3502f,0f,-0.7443f,-0.6678f,1.0854f,0f,0f,0f,1f],start_interpolation: 0,interpolation_duration: 1}
$data merge entity $(bone_rightforearm) {transformation: [-1f,0f,0f,-0.9687f,0f,0.6678f,-0.7443f,2.8314f,0f,-0.7443f,-0.6678f,0.5725f,0f,0f,0f,1f],start_interpolation: 0,interpolation_duration: 1}
$data merge entity $(bone_rightelbow) {transformation: [-1f,0f,0f,-0.9687f,0f,0.6678f,-0.7443f,2.9567f,0f,-0.7443f,-0.6678f,0.4329f,0f,0f,0f,1f],start_interpolation: 0,interpolation_duration: 1}
$data merge entity $(bone_rightarm) {transformation: [-1f,0f,0f,-0.75f,0f,1f,0.0042f,3.4565f,0f,0.0042f,-1f,0.4663f,0f,0f,0f,1f],start_interpolation: 0,interpolation_duration: 1}
$data merge entity $(bone_chest1) {transformation: [-1.0833f,0f,0f,-0.0023f,0f,0.9818f,0.4578f,3.3578f,0f,0.4578f,-0.9818f,0.2988f,0f,0f,0f,1f],start_interpolation: 0,interpolation_duration: 1}
$data merge entity $(bone_chest1lid) {transformation: [-1f,0f,0f,-0.3438f,0f,0.9063f,0.4226f,2.573f,0f,0.4226f,-0.9063f,0.3646f,0f,0f,0f,1f],start_interpolation: 0,interpolation_duration: 1}
$data merge entity $(bone_chest2) {transformation: [-1f,0f,0f,-0.3438f,0f,0.9063f,0.4226f,2.4313f,0f,0.4226f,-0.9063f,0.2985f,0f,0f,0f,1f],start_interpolation: 0,interpolation_duration: 1}
$data merge entity $(bone_chest1lid3) {transformation: [-1f,0f,0f,-0.2812f,0f,0.9063f,0.4226f,2.8437f,0f,0.4226f,-0.9063f,-0.216f,0f,0f,0f,1f],start_interpolation: 0,interpolation_duration: 1}
$data merge entity $(bone_chest3) {transformation: [-1f,0f,0f,-0.2812f,0f,0.9063f,0.4226f,2.7021f,0f,0.4226f,-0.9063f,-0.2821f,0f,0f,0f,1f],start_interpolation: 0,interpolation_duration: 1}
$data merge entity $(bone_hugeasssword2) {transformation: [0f,2.8877f,-2.6461f,-1.2344f,-1.6553f,2.3981f,2.6171f,4.5213f,3.5497f,1.1183f,1.2204f,0.549f,0f,0f,0f,1f],start_interpolation: 0,interpolation_duration: 1}
$data merge entity $(bone_belt) {transformation: [-1f,0f,0f,0.0297f,0f,0.9063f,0.4226f,2.9414f,0f,0.4226f,-0.9063f,0.2491f,0f,0f,0f,1f],start_interpolation: 0,interpolation_duration: 1}
$data merge entity $(bone_torn_part) {transformation: [-1f,0f,0f,-0.0938f,0f,0.8192f,0.5736f,2.6881f,0f,0.5736f,-0.8192f,0.1447f,0f,0f,0f,1f],start_interpolation: 0,interpolation_duration: 1}
$data merge entity $(bone_lowerbody) {transformation: [-1f,0f,0f,0.0039f,0f,0.9537f,0.3007f,2.1801f,0f,0.3007f,-0.9537f,0.132f,0f,0f,0f,1f],start_interpolation: 0,interpolation_duration: 1}
$data merge entity $(bone_leftfoot) {transformation: [-0.9962f,-0.0001f,-0.0872f,0.2718f,0f,1f,-0.0015f,0.1648f,0.0872f,-0.0015f,-0.9962f,-0.1489f,0f,0f,0f,1f],start_interpolation: 0,interpolation_duration: 1}
$data merge entity $(bone_leftlowerleg) {transformation: [-0.9962f,0.0234f,-0.084f,0.3107f,0f,0.9634f,0.2682f,1.1923f,0.0872f,0.2672f,-0.9597f,0.295f,0f,0f,0f,1f],start_interpolation: 0,interpolation_duration: 1}
$data merge entity $(bone_leftleg) {transformation: [-0.9962f,-0.0298f,-0.0819f,0.25f,0f,0.9397f,-0.342f,2.1996f,0.0872f,-0.3407f,-0.9361f,-0.0399f,0f,0f,0f,1f],start_interpolation: 0,interpolation_duration: 1}
$data merge entity $(bone_rightfoot) {transformation: [-0.9991f,0.0421f,0.0113f,-0.3652f,0.0415f,0.9982f,-0.0438f,0.1465f,-0.0131f,-0.0433f,-0.999f,-0.1508f,0f,0f,0f,1f],start_interpolation: 0,interpolation_duration: 1}
$data merge entity $(bone_rightlowerleg) {transformation: [-0.9991f,0.0371f,0.0228f,-0.3275f,0.0415f,0.9694f,0.242f,1.1847f,-0.0131f,0.2427f,-0.97f,0.2676f,0f,0f,0f,1f],start_interpolation: 0,interpolation_duration: 1}
$data merge entity $(bone_rightleg) {transformation: [-0.9991f,0.0435f,-0.0006f,-0.25f,0.0415f,0.9487f,-0.3133f,2.1996f,-0.0131f,-0.313f,-0.9496f,-0.0399f,0f,0f,0f,1f],start_interpolation: 0,interpolation_duration: 1}
data modify entity @s data merge value {"cameras":{},"locators":{"lefthand":{"posx":0.9189144603539636,"posy":1.8740892471143789,"posz":-0.17768816283789135,"roty":356.5614117060343,"rotx":16.780920275178726},"sword":{"posx":-0.8750000000000003,"posy":4.952381538877875,"posz":3.7770295684863933,"roty":0,"rotx":-48.099999999999994},"righthand":{"posx":-0.875,"posy":2.207732712150495,"posz":1.3143970201869086,"roty":0,"rotx":-48.099999999999994},"chest":{"posx":-0.3750000000000001,"posy":2.4502821612851116,"posz":0.4797729994471174,"roty":0,"rotx":25}}}