# This file was generated by Animated Java via MC-Build. It is not recommended to edit this file directly.
$data merge entity $(bone_nose) {transformation: [-1f,0f,0f,0f,0f,0.7229f,0.691f,3.9087f,0f,0.691f,-0.7229f,0.7795f,0f,0f,0f,1f],start_interpolation: 0,interpolation_duration: 1}
$data merge entity $(bone_glowing_eye) {transformation: [-1f,0f,0f,-0.125f,0f,0.7229f,0.691f,3.9336f,0f,0.691f,-0.7229f,0.8516f,0f,0f,0f,1f],start_interpolation: 0,interpolation_duration: 1}
$data merge entity $(bone_head) {transformation: [-1f,0f,0f,0f,0f,0.7229f,0.691f,3.9489f,0f,0.691f,-0.7229f,0.5589f,0f,0f,0f,1f],start_interpolation: 0,interpolation_duration: 1}
$data merge entity $(bone_leftthumb2) {transformation: [-0.9979f,-0.0309f,-0.0574f,1.0161f,-0.0438f,0.9702f,0.2381f,1.7655f,0.0484f,0.2401f,-0.9695f,0.1393f,0f,0f,0f,1f],start_interpolation: 0,interpolation_duration: 1}
$data merge entity $(bone_leftthumb) {transformation: [-0.9979f,-0.0309f,-0.0574f,1.0036f,-0.0438f,0.9702f,0.2381f,2.0238f,0.0484f,0.2401f,-0.9695f,0.1154f,0f,0f,0f,1f],start_interpolation: 0,interpolation_duration: 1}
$data merge entity $(bone_leftpointerfinger) {transformation: [-0.9979f,-0.0309f,-0.0574f,1.1202f,-0.0438f,0.9702f,0.2381f,1.7214f,0.0484f,0.2401f,-0.9695f,-0.0142f,0f,0f,0f,1f],start_interpolation: 0,interpolation_duration: 1}
$data merge entity $(bone_leftmidfinger) {transformation: [-0.9979f,-0.0309f,-0.0574f,1.1112f,-0.0438f,0.9702f,0.2381f,1.7586f,0.0484f,0.2401f,-0.9695f,-0.1657f,0f,0f,0f,1f],start_interpolation: 0,interpolation_duration: 1}
$data merge entity $(bone_leftringfinger) {transformation: [-0.9979f,-0.0309f,-0.0574f,1.1022f,-0.0438f,0.9702f,0.2381f,1.7958f,0.0484f,0.2401f,-0.9695f,-0.3172f,0f,0f,0f,1f],start_interpolation: 0,interpolation_duration: 1}
$data merge entity $(bone_invisibility) {transformation: [-0.0358f,0.0545f,0.9979f,0.9315f,0.9873f,-0.1527f,0.0438f,1.8119f,0.1547f,0.9868f,-0.0484f,0.0514f,0f,0f,0f,1f],start_interpolation: 0,interpolation_duration: 1}
$data merge entity $(bone_swiftness) {transformation: [-0.0574f,-0.0309f,0.9979f,0.8729f,0.2381f,0.9702f,0.0438f,1.7229f,-0.9695f,0.2401f,-0.0484f,-0.1603f,0f,0f,0f,1f],start_interpolation: 0,interpolation_duration: 1}
$data merge entity $(bone_suspicious_stew) {transformation: [-0.0523f,0.039f,0.9979f,0.9222f,0.98f,0.1942f,0.0438f,1.8111f,-0.1921f,0.9802f,-0.0484f,-0.1416f,0f,0f,0f,1f],start_interpolation: 0,interpolation_duration: 1}
$data merge entity $(bone_log) {transformation: [0f,0f,0f,0.8221f,0f,0f,0f,1.9394f,0f,0f,0f,-0.1525f,0f,0f,0f,1f],start_interpolation: 0,interpolation_duration: 1}
$data merge entity $(bone_planks) {transformation: [0f,0f,0f,0.7285f,0f,0f,0f,1.9353f,0f,0f,0f,-0.148f,0f,0f,0f,1f],start_interpolation: 0,interpolation_duration: 1}
$data merge entity $(bone_lefthand1) {transformation: [-0.9979f,-0.0309f,-0.0574f,1.0656f,-0.0438f,0.9702f,0.2381f,2.1855f,0.0484f,0.2401f,-0.9695f,-0.0742f,0f,0f,0f,1f],start_interpolation: 0,interpolation_duration: 1}
$data merge entity $(bone_leftforearm) {transformation: [-0.9979f,-0.0309f,-0.0574f,0.9824f,-0.0438f,0.9702f,0.2381f,2.8612f,0.0484f,0.2401f,-0.9695f,0.1128f,0f,0f,0f,1f],start_interpolation: 0,interpolation_duration: 1}
$data merge entity $(bone_leftelbow) {transformation: [-0.9979f,-0.0309f,-0.0574f,0.9766f,-0.0438f,0.9702f,0.2381f,3.0431f,0.0484f,0.2401f,-0.9695f,0.1578f,0f,0f,0f,1f],start_interpolation: 0,interpolation_duration: 1}
$data merge entity $(bone_leftarm) {transformation: [-0.9979f,-0.0205f,-0.0619f,0.75f,-0.0438f,0.9142f,0.403f,3.478f,0.0484f,0.4049f,-0.9131f,0.3994f,0f,0f,0f,1f],start_interpolation: 0,interpolation_duration: 1}
$data merge entity $(bone_rightthumb2) {transformation: [-1f,0f,0f,-0.9531f,0f,0.7118f,-0.7023f,2.2942f,0f,-0.7023f,-0.7118f,1.4501f,0f,0f,0f,1f],start_interpolation: 0,interpolation_duration: 1}
$data merge entity $(bone_rightthumb) {transformation: [-1f,0f,0f,-0.9531f,0f,0.7118f,-0.7023f,2.4087f,0f,-0.7023f,-0.7118f,1.2171f,0f,0f,0f,1f],start_interpolation: 0,interpolation_duration: 1}
$data merge entity $(bone_rightpointerfinger) {transformation: [-1f,0f,0f,-1.0625f,0f,0.7118f,-0.7023f,2.1422f,0f,-0.7023f,-0.7118f,1.4141f,0f,0f,0f,1f],start_interpolation: 0,interpolation_duration: 1}
$data merge entity $(bone_rightmidfinger) {transformation: [-1f,0f,0f,-1.0625f,0f,0.7118f,-0.7023f,2.0325f,0f,-0.7023f,-0.7118f,1.3029f,0f,0f,0f,1f],start_interpolation: 0,interpolation_duration: 1}
$data merge entity $(bone_rightringfinger) {transformation: [-1f,0f,0f,-1.0625f,0f,0.7118f,-0.7023f,1.9228f,0f,-0.7023f,-0.7118f,1.1917f,0f,0f,0f,1f],start_interpolation: 0,interpolation_duration: 1}
$data merge entity $(bone_hugeasssword) {transformation: [-3.9167f,0f,0f,-0.7969f,0f,2.788f,-2.7509f,2.1881f,0f,-2.7509f,-2.788f,1.1714f,0f,0f,0f,1f],start_interpolation: 0,interpolation_duration: 1}
$data merge entity $(bone_ice) {transformation: [-1f,0f,0f,-0.7812f,0f,0.7118f,-0.7023f,2.1769f,0f,-0.7023f,-0.7118f,1.1823f,0f,0f,0f,1f],start_interpolation: 0,interpolation_duration: 1}
$data merge entity $(bone_righthand1) {transformation: [-1f,0f,0f,-1.0312f,0f,0.7118f,-0.7023f,2.333f,0f,-0.7023f,-0.7118f,0.9845f,0f,0f,0f,1f],start_interpolation: 0,interpolation_duration: 1}
$data merge entity $(bone_rightforearm) {transformation: [-1f,0f,0f,-0.9687f,0f,0.7118f,-0.7023f,2.8444f,0f,-0.7023f,-0.7118f,0.5018f,0f,0f,0f,1f],start_interpolation: 0,interpolation_duration: 1}
$data merge entity $(bone_rightelbow) {transformation: [-1f,0f,0f,-0.9687f,0f,0.7118f,-0.7023f,2.9779f,0f,-0.7023f,-0.7118f,0.3701f,0f,0f,0f,1f],start_interpolation: 0,interpolation_duration: 1}
$data merge entity $(bone_rightarm) {transformation: [-1f,0f,0f,-0.75f,0f,1f,-0.004f,3.478f,0f,-0.004f,-1f,0.3994f,0f,0f,0f,1f],start_interpolation: 0,interpolation_duration: 1}
$data merge entity $(bone_chest1) {transformation: [-1.0833f,0f,0f,-0.0023f,0f,1.0045f,0.4057f,3.3706f,0f,0.4057f,-1.0045f,0.2373f,0f,0f,0f,1f],start_interpolation: 0,interpolation_duration: 1}
$data merge entity $(bone_chest1lid) {transformation: [-1f,0f,0f,-0.3438f,0f,0.9272f,0.3745f,2.5904f,0f,0.3745f,-0.9272f,0.3442f,0f,0f,0f,1f],start_interpolation: 0,interpolation_duration: 1}
$data merge entity $(bone_chest2) {transformation: [-1f,0f,0f,-0.3438f,0f,0.9272f,0.3745f,2.4455f,0f,0.3745f,-0.9272f,0.2857f,0f,0f,0f,1f],start_interpolation: 0,interpolation_duration: 1}
$data merge entity $(bone_chest1lid3) {transformation: [-1f,0f,0f,-0.2812f,0f,0.9272f,0.3745f,2.8302f,0f,0.3745f,-0.9272f,-0.2498f,0f,0f,0f,1f],start_interpolation: 0,interpolation_duration: 1}
$data merge entity $(bone_chest3) {transformation: [-1f,0f,0f,-0.2812f,0f,0.9272f,0.3745f,2.6854f,0f,0.3745f,-0.9272f,-0.3083f,0f,0f,0f,1f],start_interpolation: 0,interpolation_duration: 1}
$data merge entity $(bone_hugeasssword2) {transformation: [0f,2.8877f,-2.6461f,-1.2344f,-1.4666f,2.4535f,2.6776f,4.5457f,3.6317f,0.9908f,1.0813f,0.4261f,0f,0f,0f,1f],start_interpolation: 0,interpolation_duration: 1}
$data merge entity $(bone_belt) {transformation: [-1f,0f,0f,0.0297f,0f,0.9272f,0.3745f,2.9522f,0f,0.3745f,-0.9272f,0.2095f,0f,0f,0f,1f],start_interpolation: 0,interpolation_duration: 1}
$data merge entity $(bone_torn_part) {transformation: [-1f,0f,0f,-0.0938f,0f,0.8397f,0.5431f,2.6932f,0f,0.5431f,-0.8397f,0.1161f,0f,0f,0f,1f],start_interpolation: 0,interpolation_duration: 1}
$data merge entity $(bone_lowerbody) {transformation: [-1f,0f,0f,0.0039f,0f,0.9641f,0.2654f,2.1851f,0f,0.2654f,-0.9641f,0.1221f,0f,0f,0f,1f],start_interpolation: 0,interpolation_duration: 1}
$data merge entity $(bone_leftfoot) {transformation: [-0.9962f,-0.0001f,-0.0872f,0.2731f,0f,1f,-0.001f,0.1637f,0.0872f,-0.001f,-0.9962f,-0.1446f,0f,0f,0f,1f],start_interpolation: 0,interpolation_duration: 1}
$data merge entity $(bone_leftlowerleg) {transformation: [-0.9962f,0.0222f,-0.0843f,0.3107f,0f,0.967f,0.2549f,1.1973f,0.0872f,0.2539f,-0.9633f,0.2851f,0f,0f,0f,1f],start_interpolation: 0,interpolation_duration: 1}
$data merge entity $(bone_leftleg) {transformation: [-0.9962f,-0.0298f,-0.0819f,0.25f,0f,0.9397f,-0.342f,2.2046f,0.0872f,-0.3407f,-0.9361f,-0.0498f,0f,0f,0f,1f],start_interpolation: 0,interpolation_duration: 1}
$data merge entity $(bone_rightfoot) {transformation: [-0.9991f,0.0421f,0.0113f,-0.3654f,0.0415f,0.9982f,-0.0438f,0.1475f,-0.0131f,-0.0433f,-0.999f,-0.157f,0f,0f,0f,1f],start_interpolation: 0,interpolation_duration: 1}
$data merge entity $(bone_rightlowerleg) {transformation: [-0.9991f,0.0373f,0.0225f,-0.3275f,0.0415f,0.971f,0.2353f,1.1886f,-0.0131f,0.236f,-0.9717f,0.2541f,0f,0f,0f,1f],start_interpolation: 0,interpolation_duration: 1}
$data merge entity $(bone_rightleg) {transformation: [-0.9991f,0.0435f,-0.0004f,-0.25f,0.0415f,0.9498f,-0.31f,2.2046f,-0.0131f,-0.3098f,-0.9507f,-0.0498f,0f,0f,0f,1f],start_interpolation: 0,interpolation_duration: 1}
data modify entity @s data merge value {"cameras":{},"locators":{"lefthand":{"posx":0.9189144603539636,"posy":1.8639814182036378,"posz":-0.16063612394209587,"roty":356.61037793498747,"rotx":13.77699913399174},"sword":{"posx":-0.8750000000000003,"posy":4.766701118328054,"posz":3.829340931597879,"roty":0,"rotx":-44.61550925925926},"righthand":{"posx":-0.875,"posy":2.1768011138810732,"posz":1.2044458447485926,"roty":0,"rotx":-44.61550925925926},"chest":{"posx":-0.3750000000000001,"posy":2.4738947604965196,"posz":0.4656698469274484,"roty":0,"rotx":21.99074074074076}}}