# This file was generated by Animated Java via MC-Build. It is not recommended to edit this file directly.
$data merge entity $(bone_nose) { transformation: [-0.9543515327929047f,0.03245157038664982f,-0.29691757683787207f,-0.05798576333873822f,-0.03135539197482423f,0.9777025881012976f,0.2076402865874765f,4.093559353164583f,0.297035336702451f,0.20747179278028272f,-0.9320544318603913f,0.21559340088199772f,0f,0f,0f,1f], start_interpolation: 0, interpolation_duration: 1 }
$data merge entity $(bone_glowing_eye) { transformation: [-0.9543515327929047f,0.03245157038664982f,-0.29691757683787207f,-0.16472134553642265f,-0.03135539197482423f,0.9777025881012976f,0.2076402865874765f,4.148592600640067f,0.297035336702451f,0.20747179278028272f,-0.9320544318603913f,0.2992949659831339f,0f,0f,0f,1f], start_interpolation: 0, interpolation_duration: 1 }
$data merge entity $(bone_head) { transformation: [-0.9543515327929047f,0.03245157038664982f,-0.29691757683787207f,-0.1175920826897f,-0.03135539197482423f,0.9777025881012976f,0.2076402865874765f,4.011717374771361f,0.297035336702451f,0.20747179278028272f,-0.9320544318603913f,0.015443579620823322f,0f,0f,0f,1f], start_interpolation: 0, interpolation_duration: 1 }
$data merge entity $(bone_leftthumb2) { transformation: [-0.49140150543029143f,0.13732363033486555f,0.8600388252936588f,0.9025169428127398f,-0.7331975871511672f,-0.5981838450401868f,-0.32341519093673476f,4.006365805189322f,0.47004878327313f,-0.7895051032669712f,0.3946337963971904f,0.204115076961344f,0f,0f,0f,1f], start_interpolation: 0, interpolation_duration: 1 }
$data merge entity $(bone_leftthumb) { transformation: [-0.49140150543029143f,0.13732363033486555f,0.8600388252936588f,1.009691301137671f,-0.7331975871511672f,-0.5981838450401868f,-0.32341519093673476f,3.832027449892578f,0.47004878327313f,-0.7895051032669712f,0.3946337963971904f,0.04421928932900669f,0f,0f,0f,1f], start_interpolation: 0, interpolation_duration: 1 }
$data merge entity $(bone_leftpointerfinger) { transformation: [-0.3429366555244439f,0.3777931567474621f,0.8600388252936588f,1.0586933445261215f,-0.9390950927284838f,-0.11620250033728247f,-0.32341519093673476f,4.093339923065889f,-0.022245384037809846f,-0.9185691643148878f,0.3946337963971904f,0.27036252487410134f,0f,0f,0f,1f], start_interpolation: 0, interpolation_duration: 1 }
$data merge entity $(bone_leftmidfinger) { transformation: [-0.36964907044199724f,0.35169984888946265f,0.8600388252936588f,1.1930744109782556f,-0.9280813117396516f,-0.18457435648259335f,-0.32341519093673476f,4.042806299482024f,0.04499603894761628f,-0.9177360858221525f,0.3946337963971904f,0.3320240555611623f,0f,0f,0f,1f], start_interpolation: 0, interpolation_duration: 1 }
$data merge entity $(bone_leftringfinger) { transformation: [-0.36964907044199724f,0.35169984888946265f,0.8600388252936588f,1.32745547743039f,-0.9280813117396516f,-0.18457435648259335f,-0.32341519093673476f,3.992272675898159f,0.04499603894761628f,-0.9177360858221525f,0.3946337963971904f,0.39368558624822336f,0f,0f,0f,1f], start_interpolation: 0, interpolation_duration: 1 }
$data merge entity $(bone_invisibility) { transformation: [0.21175839507259592f,-0.8447975749119556f,0.4914015054302915f,0.9546991210353908f,-0.6240950660951351f,0.2700493411793771f,0.733197587151167f,3.900545742140547f,-0.7521061963526073f,-0.46194199933699787f,-0.4700487832731298f,0.25981224493057603f,0f,0f,0f,1f], start_interpolation: 0, interpolation_duration: 1 }
$data merge entity $(bone_swiftness) { transformation: [0.8600388252936587f,0.13732363033486555f,0.4914015054302916f,1.0717667378618352f,-0.32341519093673493f,-0.5981838450401868f,0.7331975871511671f,3.882722359229443f,0.3946337963971905f,-0.7895051032669712f,-0.4700487832731299f,0.4652000051713271f,0f,0f,0f,1f], start_interpolation: 0, interpolation_duration: 1 }
$data merge entity $(bone_suspicious_stew) { transformation: [0.4879255888917503f,-0.7214244105694527f,0.49140150543029154f,1.109519355606005f,-0.6788198426536655f,0.040310289199656124f,0.7331975871511672f,3.867945261576168f,-0.5487551739385168f,-0.6913189570807083f,-0.4700487832731302f,0.3708141334706885f,0f,0f,0f,1f], start_interpolation: 0, interpolation_duration: 1 }
$data merge entity $(bone_log) { transformation: [-0.49140150543029143f,0.13732363033486555f,0.8600388252936588f,1.1209302381994135f,-0.7331975871511672f,-0.5981838450401868f,-0.32341519093673476f,3.7092749200755635f,0.47004878327313f,-0.7895051032669712f,0.3946337963971904f,0.33469152820029135f,0f,0f,0f,1f], start_interpolation: 0, interpolation_duration: 1 }
$data merge entity $(bone_planks) { transformation: [-0.49140150543029143f,0.13732363033486555f,0.8600388252936588f,1.0748613470653239f,-0.7331975871511672f,-0.5981838450401868f,-0.32341519093673476f,3.6405376462801415f,0.47004878327313f,-0.7895051032669712f,0.3946337963971904f,0.37875860163214725f,0f,0f,0f,1f], start_interpolation: 0, interpolation_duration: 1 }
$data merge entity $(bone_lefthand1) { transformation: [-0.49140150543029143f,0.13732363033486555f,0.8600388252936588f,1.2512353088502761f,-0.7331975871511672f,-0.5981838450401868f,-0.32341519093673476f,3.7531350803200816f,0.47004878327313f,-0.7895051032669712f,0.3946337963971904f,0.007470750427853834f,0f,0f,0f,1f], start_interpolation: 0, interpolation_duration: 1 }
$data merge entity $(bone_leftforearm) { transformation: [0.22224991769868518f,0.24827349903436502f,0.942849533997955f,1.4472485354242826f,-0.7865297281325885f,-0.5258180199448603f,0.32386169372888657f,3.323869185287682f,0.5761735509780055f,-0.8135574224223509f,0.07841147604079485f,-0.5251929199123878f,0f,0f,0f,1f], start_interpolation: 0, interpolation_duration: 1 }
$data merge entity $(bone_leftelbow) { transformation: [0.22224991769868518f,0.24827349903436502f,0.942849533997955f,1.493799816493226f,-0.7865297281325885f,-0.5258180199448603f,0.32386169372888657f,3.2252783065480206f,0.5761735509780055f,-0.8135574224223509f,0.07841147604079485f,-0.6777349366165786f,0f,0f,0f,1f], start_interpolation: 0, interpolation_duration: 1 }
$data merge entity $(bone_leftarm) { transformation: [-0.08502814812733112f,-0.9088326737491668f,-0.40840345879041895f,0.8452279982049481f,-0.4710369765366435f,0.39785709537195846f,-0.7872953057127968f,3.5760805833420064f,0.8780059115753459f,0.12543086856164623f,-0.4619228468593178f,-0.19851765717321093f,0f,0f,0f,1f], start_interpolation: 0, interpolation_duration: 1 }
$data merge entity $(bone_rightthumb2) { transformation: [0.31697256967239007f,-0.8099725054450609f,-0.493429762477227f,-0.17333783384098772f,0.6049962096653296f,0.5733396642862558f,-0.5525044937796504f,2.6340875964783876f,0.7304163034638989f,-0.12339436688590733f,0.6717632424113122f,0.31319013646725063f,0f,0f,0f,1f], start_interpolation: 0, interpolation_duration: 1 }
$data merge entity $(bone_rightthumb) { transformation: [0.31697256967239007f,-0.8099725054450609f,-0.493429762477227f,-0.4141447899344957f,0.6049962096653296f,0.5733396642862558f,-0.5525044937796504f,2.727479196319935f,0.7304163034638989f,-0.12339436688590733f,0.6717632424113122f,0.34033580073459824f,0f,0f,0f,1f], start_interpolation: 0, interpolation_duration: 1 }
$data merge entity $(bone_rightpointerfinger) { transformation: [0.36436559737136487f,-0.7897878075495189f,-0.493429762477227f,-0.13683320689353742f,0.569994517317706f,0.608148858899733f,-0.5525044937796504f,2.579624931262232f,0.7364400598011789f,-0.07993862936701143f,0.6717632424113122f,0.49220276254843076f,0f,0f,0f,1f], start_interpolation: 0, interpolation_duration: 1 }
$data merge entity $(bone_rightmidfinger) { transformation: [0.3984688623733952f,-0.7731427004250377f,-0.493429762477227f,-0.21393160728060415f,0.5429249281855291f,0.6324328475878132f,-0.5525044937796504f,2.4932961041091617f,0.7392260060858183f,-0.047739481264985215f,0.6717632424113122f,0.5971657691751983f,0f,0f,0f,1f], start_interpolation: 0, interpolation_duration: 1 }
$data merge entity $(bone_rightringfinger) { transformation: [0.3971281844184831f,-0.7738322005720276f,-0.493429762477227f,-0.29103000766767084f,0.5440203012517999f,0.6314908520154452f,-0.5525044937796504f,2.4069672769560913f,0.7391421493639639f,-0.04902070153169938f,0.6717632424113122f,0.7021287758019659f,0f,0f,0f,1f], start_interpolation: 0, interpolation_duration: 1 }
$data merge entity $(bone_hugeasssword) { transformation: [1.2414758978835279f,-3.1723923129931557f,-1.9325999030358059f,-0.45494327122965406f,2.3695684878558745f,2.2455803517878357f,-2.1639759339702973f,2.4576864879402613f,2.8607971885669374f,-0.48329460363647037f,2.6310726994443066f,0.3675881571312235f,0f,0f,0f,1f], start_interpolation: 0, interpolation_duration: 1 }
$data merge entity $(bone_ice) { transformation: [0.31697256967239007f,-0.8099725054450609f,-0.493429762477227f,-0.4472401472332061f,0.6049962096653296f,0.5733396642862558f,-0.5525044937796504f,2.4392749899097677f,0.7304163034638989f,-0.12339436688590733f,0.6717632424113122f,0.3581034393721924f,0f,0f,0f,1f], start_interpolation: 0, interpolation_duration: 1 }
$data merge entity $(bone_righthand1) { transformation: [0.31697256967239007f,-0.8099725054450609f,-0.493429762477227f,-0.5859098112537872f,0.6049962096653296f,0.5733396642862558f,-0.5525044937796504f,2.71659319296705f,0.7304163034638989f,-0.12339436688590733f,0.6717632424113122f,0.5308515248420438f,0f,0f,0f,1f], start_interpolation: 0, interpolation_duration: 1 }
$data merge entity $(bone_rightforearm) { transformation: [-0.15716595032303715f,-0.9462343087150513f,-0.2827357371638852f,-1.2074653439019911f,0.3523306324599156f,0.21372981491470533f,-0.9111436174648437f,2.8988601268135286f,0.9225844077857875f,-0.2428172136136041f,0.2997962829714083f,0.3019301762680429f,0f,0f,0f,1f], start_interpolation: 0, interpolation_duration: 1 }
$data merge entity $(bone_rightelbow) { transformation: [-0.15716595032303715f,-0.9462343087150513f,-0.2827357371638852f,-1.3848842767860632f,0.3523306324599156f,0.21372981491470533f,-0.9111436174648437f,2.9389344671100357f,0.9225844077857875f,-0.2428172136136041f,0.2997962829714083f,0.25640194871549216f,0f,0f,0f,1f], start_interpolation: 0, interpolation_duration: 1 }
$data merge entity $(bone_rightarm) { transformation: [-0.5409624348784974f,0.24408982990167905f,-0.8048476868258347f,-0.9216459052621383f,0.18602871136290078f,0.967983083739119f,0.16852913143894285f,3.4624339901656787f,0.8202151928603773f,-0.058556848732452635f,-0.5690502024141091f,0.11844996849057424f,0f,0f,0f,1f], start_interpolation: 0, interpolation_duration: 1 }
$data merge entity $(bone_chest1) { transformation: [-1.0338808271923134f,0.03515586791887064f,-0.32166070824102805f,-0.16536625611935907f,-0.03396834130605958f,1.0591778037764057f,0.22494364380309953f,3.386627458981369f,0.32178828142765525f,0.22476110884530626f,-1.0097256345154237f,-0.196215311430894f,0f,0f,0f,1f], start_interpolation: 0, interpolation_duration: 1 }
$data merge entity $(bone_chest1lid) { transformation: [-0.9543515327929047f,0.03245157038664982f,-0.29691757683787207f,-0.3971969225161143f,-0.03135539197482423f,0.9777025881012976f,0.2076402865874765f,2.6264579955390586f,0.297035336702451f,0.20747179278028272f,-0.9320544318603913f,0.1281350259797714f,0f,0f,0f,1f], start_interpolation: 0, interpolation_duration: 1 }
$data merge entity $(bone_chest2) { transformation: [-0.9543515327929047f,0.03245157038664982f,-0.29691757683787207f,-0.4022674803890284f,-0.03135539197482423f,0.9777025881012976f,0.2076402865874765f,2.473691966148231f,0.297035336702451f,0.20747179278028272f,-0.9320544318603913f,0.0957175583578522f,0f,0f,0f,1f], start_interpolation: 0, interpolation_duration: 1 }
$data merge entity $(bone_chest1lid3) { transformation: [-0.9543515327929047f,0.03245157038664982f,-0.29691757683787207f,-0.5277627743783196f,-0.03135539197482423f,0.9777025881012976f,0.2076402865874765f,2.761437266132587f,0.297035336702451f,0.20747179278028272f,-0.9320544318603913f,-0.48752705297469506f,0f,0f,0f,1f], start_interpolation: 0, interpolation_duration: 1 }
$data merge entity $(bone_chest3) { transformation: [-0.9543515327929047f,0.03245157038664982f,-0.29691757683787207f,-0.5328333322512336f,-0.03135539197482423f,0.9777025881012976f,0.2076402865874765f,2.6086712367417593f,0.297035336702451f,0.20747179278028272f,-0.9320544318603913f,-0.5199445205966142f,0f,0f,0f,1f], start_interpolation: 0, interpolation_duration: 1 }
$data merge entity $(bone_hugeasssword2) { transformation: [1.1629271759483315f,2.841720735308302f,-2.431563575919301f,-1.382185833309263f,-0.8132577891342828f,2.67760533128861f,2.740313711246398f,4.53743518444628f,3.650546524786533f,-0.30875674915932355f,1.3850837945753711f,0.16354751976065632f,0f,0f,0f,1f], start_interpolation: 0, interpolation_duration: 1 }
$data merge entity $(bone_belt) { transformation: [-0.9543515327929047f,0.03245157038664982f,-0.29691757683787207f,-0.10885875039351299f,-0.03135539197482423f,0.9777025881012976f,0.2076402865874765f,2.971002828458676f,0.297035336702451f,0.20747179278028272f,-0.9320544318603913f,-0.16636296592286778f,0f,0f,0f,1f], start_interpolation: 0, interpolation_duration: 1 }
$data merge entity $(bone_torn_part) { transformation: [-0.9884869540144633f,-0.14987631337399354f,-0.02075168505516791f,-0.11603011225058585f,-0.15071806763925596f,0.9632604822465386f,0.2222910421705171f,2.6572977596285368f,-0.013326883742910696f,0.22285944905160834f,-0.9747594883550078f,-0.06187588830083249f,0f,0f,0f,1f], start_interpolation: 0, interpolation_duration: 1 }
$data merge entity $(bone_lowerbody) { transformation: [-0.9884869540144633f,-0.14917973262600595f,0.025277442846177403f,0.04978884277343734f,-0.15071806763925596f,0.9855220554629588f,-0.07765527852730594f,2.2017246533203125f,-0.013326883742910696f,-0.080570997075239f,-0.9966597757509855f,0.1189221533203125f,0f,0f,0f,1f], start_interpolation: 0, interpolation_duration: 1 }
$data merge entity $(bone_leftfoot) { transformation: [-0.9811563624364698f,-0.15978389266528864f,-0.10855899258148431f,0.5126985455590319f,-0.18166241535460398f,0.9543007807621589f,0.23729355191704624f,0.2280039781955272f,0.06568168975565217f,0.2525452978803245f,-0.9653531557664715f,-0.19266884471303325f,0f,0f,0f,1f], start_interpolation: 0, interpolation_duration: 1 }
$data merge entity $(bone_leftlowerleg) { transformation: [-0.9811563624364698f,-0.15978389266528864f,-0.10855899258148431f,0.3521179038980299f,-0.18166241535460398f,0.9543007807621589f,0.23729355191704624f,1.2502222907607827f,0.06568168975565217f,0.2525452978803245f,-0.9653531557664715f,0.2358208840864136f,0f,0f,0f,1f], start_interpolation: 0, interpolation_duration: 1 }
$data merge entity $(bone_leftleg) { transformation: [-0.9937883016041017f,-0.0373391098843681f,0.10483607426777386f,0.2885778604797549f,-0.06647441086669832f,0.9546800789027085f,-0.2901156659786643f,2.224206975998069f,-0.08925225092265456f,-0.2952824712362073f,-0.9512319895198426f,-0.01667082507707253f,0f,0f,0f,1f], start_interpolation: 0, interpolation_duration: 1 }
$data merge entity $(bone_rightfoot) { transformation: [-0.9153604601171915f,0.10228910698547078f,0.3893993552541891f,-0.4399748198477969f,0.22852120028393486f,0.9282942902382316f,0.2933397252411728f,0.20531242396800253f,-0.33147068933930135f,0.3575027097910024f,-0.8731102662727099f,-0.23165041180543555f,0f,0f,0f,1f], start_interpolation: 0, interpolation_duration: 1 }
$data merge entity $(bone_rightlowerleg) { transformation: [-0.9153604601171915f,0.10228910698547078f,0.3893993552541891f,-0.3863273490984172f,0.22852120028393486f,0.9282942902382316f,0.2933397252411728f,1.1900685367790325f,-0.33147068933930135f,0.3575027097910024f,-0.8731102662727099f,0.2991037294243447f,0f,0f,0f,1f], start_interpolation: 0, interpolation_duration: 1 }
$data merge entity $(bone_rightleg) { transformation: [-0.9764449940819426f,0.14702411538406648f,0.1578568156718852f,-0.22692886814892285f,0.07943733917772634f,0.9254168224363221f,-0.370531829360047f,2.1234482941915878f,-0.2005579131852814f,-0.3492672533281549f,-0.9153094840987694f,0.006161217060913993f,0f,0f,0f,1f], start_interpolation: 0, interpolation_duration: 1 }
data modify entity @s data merge value {"locators":{"lefthand":{"posx":1.1428326140683787,"posy":3.8297986691231367,"posz":0.3461383878924614,"roty":114.64829787621404,"rotx":-18.86958742779159},"righthand":{"posx":-0.3971583083901338,"posy":2.4956678350267265,"posz":0.41801170414184846,"roty":216.29837142676314,"rotx":-33.539001945348616},"chest":{"posx":-0.3826552596841407,"posy":2.531927933004221,"posz":0.2700838981811414,"roty":342.33007241061796,"rotx":11.984102748304776},"sack":{"posx":0,"posy":-0.4375,"posz":0,"roty":0,"rotx":0}},"cameras":{}}