# This file was generated by Animated Java via MC-Build. It is not recommended to edit this file directly.
$data merge entity $(bone_nose) { transformation: [-0.9547257850531936f,-0.13794885578834476f,0.26356932397615984f,-0.12121969329238265f,-0.06374987927384698f,0.9602752706026599f,0.27167509558580866f,4.092219500126793f,-0.29057637248601853f,0.24257270632879285f,-0.9255937844957646f,0.2961991822142612f,0f,0f,0f,1f], start_interpolation: 0, interpolation_duration: 1 }
$data merge entity $(bone_glowing_eye) { transformation: [-0.9547257850531936f,-0.13794885578834476f,0.26356932397615984f,-0.2590980910863317f,-0.06374987927384698f,0.9602752706026599f,0.27167509558580866f,4.139788931016535f,-0.29057637248601853f,0.24257270632879285f,-0.9255937844957646f,0.3086004523813022f,0f,0f,0f,1f], start_interpolation: 0, interpolation_duration: 1 }
$data merge entity $(bone_head) { transformation: [-0.9547257850531936f,-0.13794885578834476f,0.26356932397615984f,-0.054831525908656406f,-0.06374987927384698f,0.9602752706026599f,0.27167509558580866f,4.024520230596918f,-0.29057637248601853f,0.24257270632879285f,-0.9255937844957646f,0.09292499836073484f,0f,0f,0f,1f], start_interpolation: 0, interpolation_duration: 1 }
$data merge entity $(bone_leftthumb2) { transformation: [-0.5147617787391338f,0.31291494907117157f,0.7981882896892871f,0.775997057661157f,-0.47230426474104326f,0.6734935059331272f,-0.5686256932054049f,2.764948285032697f,-0.7155061094475333f,-0.6696945065577965f,-0.1988976501358511f,0.1966445503415275f,0f,0f,0f,1f], start_interpolation: 0, interpolation_duration: 1 }
$data merge entity $(bone_leftthumb) { transformation: [-0.5147617787391338f,0.31291494907117157f,0.7981882896892871f,0.920948277824866f,-0.47230426474104326f,0.6734935059331272f,-0.5686256932054049f,2.881524185984401f,-0.7155061094475333f,-0.6696945065577965f,-0.1988976501358511f,0.015409699380542576f,0f,0f,0f,1f], start_interpolation: 0, interpolation_duration: 1 }
$data merge entity $(bone_leftpointerfinger) { transformation: [-0.14351046578519736f,0.5850642703267791f,0.7981882896892871f,0.9119902057896658f,0.1411777409039066f,0.8103910577615858f,-0.5686256932054049f,2.685538078937142f,-0.9795272286584915f,0.031082681464948303f,-0.1988976501358511f,0.30408836271552553f,0f,0f,0f,1f], start_interpolation: 0, interpolation_duration: 1 }
$data merge entity $(bone_leftmidfinger) { transformation: [-0.2024901343686802f,0.5673563251487064f,0.7981882896892871f,1.036707126053617f,0.057706889151001084f,0.8205697630129851f,-0.5686256932054049f,2.5966903143737974f,-0.9775825593922323f,-0.06908012986791945f,-0.1988976501358511f,0.2730106048817988f,0f,0f,0f,1f], start_interpolation: 0, interpolation_duration: 1 }
$data merge entity $(bone_leftringfinger) { transformation: [-0.2024901343686802f,0.5673563251487064f,0.7981882896892871f,1.161424046317568f,0.057706889151001084f,0.8205697630129851f,-0.5686256932054049f,2.507842549810453f,-0.9775825593922323f,-0.06908012986791945f,-0.1988976501358511f,0.24193284704807205f,0f,0f,0f,1f], start_interpolation: 0, interpolation_duration: 1 }
$data merge entity $(bone_invisibility) { transformation: [0.38129090645870223f,-0.7678786074642423f,0.5147617787391339f,0.8247540607779474f,0.6213716651730836f,0.6251607275152938f,0.4723042647410431f,2.6884139344223006f,-0.6844811892023985f,0.13977306239517057f,0.7155061094475332f,0.10289868210609937f,0f,0f,0f,1f], start_interpolation: 0, interpolation_duration: 1 }
$data merge entity $(bone_swiftness) { transformation: [0.798188289689287f,0.31291494907117157f,0.514761778739134f,0.9052299984833939f,-0.568625693205405f,0.6734935059331272f,0.47230426474104314f,2.4659951489814884f,-0.19889765013585126f,-0.6696945065577965f,0.7155061094475333f,0.11902751585173155f,0f,0f,0f,1f], start_interpolation: 0, interpolation_duration: 1 }
$data merge entity $(bone_suspicious_stew) { transformation: [0.620926202553648f,-0.5911606906177284f,0.5147617787391339f,0.9597464768569777f,0.370080806902239f,0.7999805484322793f,0.4723042647410434f,2.550226608855672f,-0.6910071253937211f,-0.10276263911733827f,0.7155061094475333f,0.09699730270052401f,0f,0f,0f,1f], start_interpolation: 0, interpolation_duration: 1 }
$data merge entity $(bone_log) { transformation: [-0.5147617787391338f,0.31291494907117157f,0.7981882896892871f,0.9880170048132656f,-0.47230426474104326f,0.6734935059331272f,-0.5686256932054049f,2.563480442908837f,-0.7155061094475333f,-0.6696945065577965f,-0.1988976501358511f,-0.06311653573002482f,0f,0f,0f,1f], start_interpolation: 0, interpolation_duration: 1 }
$data merge entity $(bone_planks) { transformation: [-0.5147617787391338f,0.31291494907117157f,0.7981882896892871f,0.9397580880564718f,-0.47230426474104326f,0.6734935059331272f,-0.5686256932054049f,2.519201918089364f,-0.7155061094475333f,-0.6696945065577965f,-0.1988976501358511f,-0.13019523349073106f,0f,0f,0f,1f], start_interpolation: 0, interpolation_duration: 1 }
$data merge entity $(bone_lefthand1) { transformation: [-0.5147617787391338f,0.31291494907117157f,0.7981882896892871f,1.1699928027130517f,-0.47230426474104326f,0.6734935059331272f,-0.5686256932054049f,2.8676994384900483f,-0.7155061094475333f,-0.6696945065577965f,-0.1988976501358511f,-0.045448083440845305f,0f,0f,0f,1f], start_interpolation: 0, interpolation_duration: 1 }
$data merge entity $(bone_leftforearm) { transformation: [-0.32859049550051683f,0.5015458820854467f,0.8002999527863638f,1.4910546574426649f,0.12270316274203474f,0.8628393769226411f,-0.4903591984299367f,3.506246225522775f,-0.9364679493286603f,-0.0629280366361411f,-0.34506208439249564f,-0.17028927506855687f,0f,0f,0f,1f], start_interpolation: 0, interpolation_duration: 1 }
$data merge entity $(bone_leftelbow) { transformation: [-0.32859049550051683f,0.5015458820854467f,0.8002999527863638f,1.5850945103336862f,0.12270316274203474f,0.8628393769226411f,-0.4903591984299367f,3.6680286086957703f,-0.9364679493286603f,-0.0629280366361411f,-0.34506208439249564f,-0.18208828193783333f,0f,0f,0f,1f], start_interpolation: 0, interpolation_duration: 1 }
$data merge entity $(bone_leftarm) { transformation: [-0.6630035467762124f,-0.720885439675354f,0.20186748085373857f,0.8438847985229996f,-0.10126330718361351f,0.353536409288311f,0.9299235183206009f,3.6464693755029822f,-0.7417358287021061f,0.5961008221530979f,-0.30739513699471643f,0.09579339332404135f,0f,0f,0f,1f], start_interpolation: 0, interpolation_duration: 1 }
$data merge entity $(bone_rightthumb2) { transformation: [-0.9875648427549524f,-0.15247595722636512f,0.03829835273598586f,-0.6868887367653522f,-0.15390375767354358f,0.8879418594886535f,-0.4334430614761256f,2.5347263165217524f,0.03208293515795402f,-0.4339473892486701f,-0.9003667856134598f,-0.18410231861183826f,0f,0f,0f,1f], start_interpolation: 0, interpolation_duration: 1 }
$data merge entity $(bone_rightthumb) { transformation: [-0.9875648427549524f,-0.15247595722636512f,0.03829835273598586f,-0.7210094402265036f,-0.15390375767354358f,0.8879418594886535f,-0.4334430614761256f,2.7154464375713023f,0.03208293515795402f,-0.4339473892486701f,-0.9003667856134598f,-0.3674677558012175f,0f,0f,0f,1f], start_interpolation: 0, interpolation_duration: 1 }
$data merge entity $(bone_rightpointerfinger) { transformation: [-0.8391635802234847f,-0.542529005495755f,0.03829835273598586f,-0.7771979361534261f,-0.5031433349411237f,0.7476455690783758f,-0.4334430614761256f,2.3869396479243505f,0.20652183935561652f,-0.38299919220966927f,-0.9003667856134598f,-0.2637743907467273f,0f,0f,0f,1f], start_interpolation: 0, interpolation_duration: 1 }
$data merge entity $(bone_rightmidfinger) { transformation: [-0.8147000995908873f,-0.5786164393657584f,0.03829835273598586f,-0.7712138185384284f,-0.5352762956633015f,0.7249871721342236f,-0.4334430614761256f,2.3192141695687063f,0.22303146645164715f,-0.3736263057341038f,-0.9003667856134598f,-0.4044567009988304f,0f,0f,0f,1f], start_interpolation: 0, interpolation_duration: 1 }
$data merge entity $(bone_rightringfinger) { transformation: [-0.8382219603596955f,-0.543982703170293f,0.03829835273598586f,-0.7652297009234306f,-0.5044384646570795f,0.7467723534201121f,-0.4334430614761256f,2.2514886912130616f,0.20718537724742375f,-0.38264065494786226f,-0.9003667856134598f,-0.5451390112509334f,0f,0f,0f,1f], start_interpolation: 0, interpolation_duration: 1 }
$data merge entity $(bone_hugeasssword) { transformation: [-3.8679623007902304f,-0.5971974991365967f,0.150001881549278f,-0.5404619977547493f,-0.6027897175547124f,3.4777722829972264f,-1.697651990781492f,2.547230593244938f,0.12565816270198657f,-1.6996272745572913f,-3.5264365769860513f,-0.48705606306608773f,0f,0f,0f,1f], start_interpolation: 0, interpolation_duration: 1 }
$data merge entity $(bone_ice) { transformation: [-0.9875648427549524f,-0.15247595722636512f,0.03829835273598586f,-0.5226488602550412f,-0.15390375767354358f,0.8879418594886535f,-0.4334430614761256f,2.535761247904077f,0.03208293515795402f,-0.4339473892486701f,-0.9003667856134598f,-0.48077693097092034f,0f,0f,0f,1f], start_interpolation: 0, interpolation_duration: 1 }
$data merge entity $(bone_righthand1) { transformation: [-0.9875648427549524f,-0.15247595722636512f,0.03829835273598586f,-0.806462236727371f,-0.15390375767354358f,0.8879418594886535f,-0.4334430614761256f,2.7057256776867256f,0.03208293515795402f,-0.4339473892486701f,-0.9003667856134598f,-0.60937950654402f,0f,0f,0f,1f], start_interpolation: 0, interpolation_duration: 1 }
$data merge entity $(bone_rightforearm) { transformation: [-0.7270099362381236f,-0.5353195802466512f,-0.429987790077333f,-1.1084965237593998f,-0.24887271613365558f,0.7890905124112294f,-0.5616035384386757f,3.2959757376367906f,0.6399366560647202f,-0.3012791234505525f,-0.7069030810497089f,-0.8832235959268874f,0f,0f,0f,1f], start_interpolation: 0, interpolation_duration: 1 }
$data merge entity $(bone_rightelbow) { transformation: [-0.7270099362381236f,-0.5353195802466512f,-0.429987790077333f,-1.208868945055647f,-0.24887271613365558f,0.7890905124112294f,-0.5616035384386757f,3.4439302087138963f,0.6399366560647202f,-0.3012791234505525f,-0.7069030810497089f,-0.939713431573866f,0f,0f,0f,1f], start_interpolation: 0, interpolation_duration: 1 }
$data merge entity $(bone_rightarm) { transformation: [-0.9489091729583194f,0.2501052439787149f,-0.19240256861566452f,-0.7563458903171046f,-0.06742993204918446f,0.4349359488674055f,0.8979331404100486f,3.552177170012154f,0.30826058090420894f,0.8650306857662087f,-0.39585013192298224f,-0.3919461150411065f,0f,0f,0f,1f], start_interpolation: 0, interpolation_duration: 1 }
$data merge entity $(bone_chest1) { transformation: [-1.0342862671409596f,-0.14944459377070682f,0.2855334343075065f,0.055055278140918776f,-0.06906236921333422f,1.0402982098195481f,0.29431468688462603f,3.4160277501424443f,-0.3147910701931867f,0.2627870985228589f,-1.0027265998704116f,-0.14261916343615705f,0f,0f,0f,1f], start_interpolation: 0, interpolation_duration: 1 }
$data merge entity $(bone_chest1lid) { transformation: [-0.9547257850531936f,-0.13794885578834476f,0.26356932397615984f,-0.2797724869887289f,-0.06374987927384698f,0.9602752706026599f,0.27167509558580866f,2.6316505659512996f,-0.29057637248601853f,0.24257270632879285f,-0.9255937844957646f,-0.04541312952259904f,0f,0f,0f,1f], start_interpolation: 0, interpolation_duration: 1 }
$data merge entity $(bone_chest2) { transformation: [-0.9547257850531936f,-0.13794885578834476f,0.26356932397615984f,-0.25821797827180004f,-0.06374987927384698f,0.9602752706026599f,0.27167509558580866f,2.481607554919634f,-0.29057637248601853f,0.24257270632879285f,-0.9255937844957646f,-0.08331511488647292f,0f,0f,0f,1f], start_interpolation: 0, interpolation_duration: 1 }
$data merge entity $(bone_chest1lid3) { transformation: [-0.9547257850531936f,-0.13794885578834476f,0.26356932397615984f,-0.05125302725067687f,-0.06374987927384698f,0.9602752706026599f,0.27167509558580866f,2.8096767915155736f,-0.29057637248601853f,0.24257270632879285f,-0.9255937844957646f,-0.6202106244348221f,0f,0f,0f,1f], start_interpolation: 0, interpolation_duration: 1 }
$data merge entity $(bone_chest3) { transformation: [-0.9547257850531936f,-0.13794885578834476f,0.26356932397615984f,-0.029698518533747997f,-0.06374987927384698f,0.9602752706026599f,0.27167509558580866f,2.659633780483908f,-0.29057637248601853f,0.24257270632879285f,-0.9255937844957646f,-0.658112609798696f,0f,0f,0f,1f], start_interpolation: 0, interpolation_duration: 1 }
$data merge entity $(bone_hugeasssword2) { transformation: [-1.0323131855732937f,2.391911419923533f,-2.924613995711004f,-1.2114509733021352f,-1.064060791044417f,2.7250361500365283f,2.604271566433464f,4.523667641374871f,3.6252423226084116f,1.4809508830515838f,-0.06841317223521279f,-0.464385205049593f,0f,0f,0f,1f], start_interpolation: 0, interpolation_duration: 1 }
$data merge entity $(bone_belt) { transformation: [-0.9547257850531936f,-0.13794885578834476f,0.26356932397615984f,0.10608123592332336f,-0.06374987927384698f,0.9602752706026599f,0.27167509558580866f,3.0000001813491575f,-0.29057637248601853f,0.24257270632879285f,-0.9255937844957646f,-0.1087738111828867f,0f,0f,0f,1f], start_interpolation: 0, interpolation_duration: 1 }
$data merge entity $(bone_torn_part) { transformation: [-0.9466492551491625f,-0.1809218476058768f,0.266687968953254f,-0.013139928117186242f,-0.08688118162140568f,0.9401773567498023f,0.32942100439259075f,2.6832521201538793f,-0.3103334464823348f,0.2886759825718636f,-0.9057368983764352f,-0.06961607328868477f,0f,0f,0f,1f], start_interpolation: 0, interpolation_duration: 1 }
$data merge entity $(bone_lowerbody) { transformation: [-0.9466492551491625f,-0.09235361390015323f,0.30874908538345064f,0.08098298611111061f,-0.08688118162140568f,0.995721888341324f,0.0314576120844565f,2.2011205555555557f,-0.3103334464823348f,0.002954839685879572f,-0.9506231750366844f,0.0929285185185186f,0f,0f,0f,1f], start_interpolation: 0, interpolation_duration: 1 }
$data merge entity $(bone_leftfoot) { transformation: [-0.9779704233608878f,-0.18400624513476593f,0.09846310795717952f,0.5533898543346087f,-0.14364893122691605f,0.9357860758825547f,0.3219764331209255f,0.2437966995549148f,-0.15138464891551684f,0.30074301108371904f,-0.9416131146355282f,-0.22581443784729188f,0f,0f,0f,1f], start_interpolation: 0, interpolation_duration: 1 }
$data merge entity $(bone_leftlowerleg) { transformation: [-0.9779704233608878f,-0.18400624513476593f,0.09846310795717952f,0.33412950037670447f,-0.14364893122691605f,0.9357860758825547f,0.3219764331209255f,1.2324641071849887f,-0.15138464891551684f,0.30074301108371904f,-0.9416131146355282f,0.25249707558008133f,0f,0f,0f,1f], start_interpolation: 0, interpolation_duration: 1 }
$data merge entity $(bone_leftleg) { transformation: [-0.9499539341892039f,0.04087382410063743f,0.30970553859694794f,0.3430822763831639f,-0.03781454400879416f,0.9690670854377821f,-0.24388183535963076f,2.214424623713835f,-0.3100940565711291f,-0.24338770240895277f,-0.9190234652847512f,0.04819512208849329f,0f,0f,0f,1f], start_interpolation: 0, interpolation_duration: 1 }
$data merge entity $(bone_rightfoot) { transformation: [-0.9047003830473418f,0.043592282935790955f,0.4238065608980331f,-0.43543371776306383f,0.1613594655761595f,0.9556996010410718f,0.2461504779401536f,0.2066601845956526f,-0.39430067392553253f,0.2910787331904099f,-0.8716659917792278f,-0.29888641822061585f,0f,0f,0f,1f], start_interpolation: 0, interpolation_duration: 1 }
$data merge entity $(bone_rightlowerleg) { transformation: [-0.9047003830473418f,0.043592282935790955f,0.4238065608980331f,-0.4521895528094496f,0.1613594655761595f,0.9556996010410718f,0.2461504779401536f,1.229069485473428f,-0.39430067392553253f,0.2910787331904099f,-0.8716659917792278f,0.15795671751065943f,0f,0f,0f,1f], start_interpolation: 0, interpolation_duration: 1 }
$data merge entity $(bone_rightleg) { transformation: [-0.8783187365584315f,0.28271872403597625f,0.3855160557921001f,-0.16021973375819315f,0.11579478864979018f,0.9081948008906411f,-0.40221219494112226f,2.143723833358028f,-0.4638338474225491f,-0.30862975669024256f,-0.8304267859973281f,-0.07581199488638002f,0f,0f,0f,1f], start_interpolation: 0, interpolation_duration: 1 }
data modify entity @s data merge value {"locators":{"lefthand":{"posx":0.999357749147479,"posy":2.5640270640336187,"posz":0.0593898211388819,"roty":76.00763976293341,"rotx":-34.654446659481245},"righthand":{"posx":-0.6134490391931559,"posy":2.5142312269032367,"posz":-0.45692049681764135,"roty":2.435687331698915,"rotx":-25.686264771559365},"chest":{"posx":-0.34216857115614463,"posy":2.5271919441260433,"posz":0.07496959351912655,"roty":15.894675002110347,"rotx":15.763969139899915},"sack":{"posx":0,"posy":-0.4375,"posz":0,"roty":0,"rotx":0}},"cameras":{}}