# This file was generated by Animated Java via MC-Build. It is not recommended to edit this file directly.
$data merge entity $(bone_nose) { transformation: [-0.9482135982917241f,-0.07766498154994839f,0.307992082131192f,-0.04950335717536311f,-0.007503288301021035f,0.9748526900135996f,0.22272389507621432f,4.1015165030104095f,-0.3175447569703089f,0.20887887258910348f,-0.9249513197496247f,0.2081189042640035f,0f,0f,0f,1f], start_interpolation: 0, interpolation_duration: 1 }
$data merge entity $(bone_glowing_eye) { transformation: [-0.9482135982917241f,-0.07766498154994839f,0.307992082131192f,-0.18403618344175451f,-0.007503288301021035f,0.9748526900135996f,0.22272389507621432f,4.15881195024369f,-0.3175447569703089f,0.20887887258910348f,-0.9249513197496247f,0.21484536085507502f,0f,0f,0f,1f], start_interpolation: 0, interpolation_duration: 1 }
$data merge entity $(bone_head) { transformation: [-0.9482135982917241f,-0.07766498154994839f,0.307992082131192f,0.01775952938283351f,-0.007503288301021035f,0.9748526900135996f,0.22272389507621432f,4.0228509022346834f,-0.3175447569703089f,0.20887887258910348f,-0.9249513197496247f,0.009125434443461922f,0f,0f,0f,1f], start_interpolation: 0, interpolation_duration: 1 }
$data merge entity $(bone_leftthumb2) { transformation: [-0.4953659631696602f,0.08635725638157282f,-0.8643812739776594f,1.3767927854254423f,0.7945595387392537f,0.44724220642292434f,-0.41066963388156535f,3.2269323490595747f,0.35112348530318965f,-0.890234145078811f,-0.290164548152146f,2.073525878564783f,0f,0f,0f,1f], start_interpolation: 0, interpolation_duration: 1 }
$data merge entity $(bone_leftthumb) { transformation: [-0.4953659631696602f,0.08635725638157282f,-0.8643812739776594f,1.3241033921526544f,0.7945595387392537f,0.44724220642292434f,-0.41066963388156535f,3.3015203456308146f,0.35112348530318965f,-0.890234145078811f,-0.290164548152146f,1.8304058943665809f,0f,0f,0f,1f], start_interpolation: 0, interpolation_duration: 1 }
$data merge entity $(bone_leftpointerfinger) { transformation: [-0.4861545353118842f,0.1284475807185319f,-0.8643812739776594f,1.3094301974064297f,0.8299301870434481f,0.3775795763036031f,-0.41066963388156535f,3.0486139080104886f,0.273623194246601f,-0.917025017415527f,-0.290164548152146f,2.0705083788208976f,0f,0f,0f,1f], start_interpolation: 0, interpolation_duration: 1 }
$data merge entity $(bone_leftmidfinger) { transformation: [-0.4875601621305828f,0.12300447756060606f,-0.8643812739776594f,1.1743706233474203f,0.8256570832313681f,0.38683437375374335f,-0.41066963388156535f,2.984446777716494f,0.2838581850380034f,-0.9139086747496117f,-0.290164548152146f,2.025170168172125f,0f,0f,0f,1f], start_interpolation: 0, interpolation_duration: 1 }
$data merge entity $(bone_leftringfinger) { transformation: [-0.4875601621305828f,0.12300447756060606f,-0.8643812739776594f,1.039311049288411f,0.8256570832313681f,0.38683437375374335f,-0.41066963388156535f,2.9202796474224995f,0.2838581850380034f,-0.9139086747496117f,-0.290164548152146f,1.979831957523352f,0f,0f,0f,1f], start_interpolation: 0, interpolation_duration: 1 }
$data merge entity $(bone_invisibility) { transformation: [0.010692848998382423f,0.8686185730879186f,0.4953659631696599f,1.2530063190406548f,0.40974809783651467f,0.448086638628985f,-0.7945595387392536f,3.259344363910405f,-0.912136042100988f,0.2114713663096844f,-0.3511234853031897f,2.048042314827005f,0f,0f,0f,1f], start_interpolation: 0, interpolation_duration: 1 }
$data merge entity $(bone_swiftness) { transformation: [-0.8643812739776595f,0.08635725638157282f,0.49536596316966003f,1.0534403929965666f,-0.4106696338815652f,0.44724220642292434f,-0.7945595387392538f,3.163162809371813f,-0.29016454815214593f,-0.890234145078811f,-0.3511234853031897f,2.1324767963688287f,0f,0f,0f,1f], start_interpolation: 0, interpolation_duration: 1 }
$data merge entity $(bone_suspicious_stew) { transformation: [-0.2870370575639099f,0.819891633155289f,0.4953659631696603f,1.0868868337769575f,0.23178260755183253f,0.561205810941884f,-0.7945595387392539f,3.161379329131537f,-0.9294549749296768f,-0.11325081742316384f,-0.3511234853031898f,2.0353661875990468f,0f,0f,0f,1f], start_interpolation: 0, interpolation_duration: 1 }
$data merge entity $(bone_log) { transformation: [-0.4953659631696602f,0.08635725638157282f,-0.8643812739776594f,1.0107230595597956f,0.7945595387392537f,0.44724220642292434f,-0.41066963388156535f,3.2725244226030092f,0.35112348530318965f,-0.890234145078811f,-0.290164548152146f,1.9434032830167376f,0f,0f,0f,1f], start_interpolation: 0, interpolation_duration: 1 }
$data merge entity $(bone_planks) { transformation: [-0.4953659631696602f,0.08635725638157282f,-0.8643812739776594f,0.9642825005126401f,0.7945595387392537f,0.44724220642292434f,-0.41066963388156535f,3.347014379359814f,0.35112348530318965f,-0.890234145078811f,-0.290164548152146f,1.9763211097639117f,0f,0f,0f,1f], start_interpolation: 0, interpolation_duration: 1 }
$data merge entity $(bone_lefthand1) { transformation: [-0.4953659631696602f,0.08635725638157282f,-0.8643812739776594f,1.1831657792594057f,0.7945595387392537f,0.44724220642292434f,-0.41066963388156535f,3.1985285155827254f,0.35112348530318965f,-0.890234145078811f,-0.290164548152146f,1.6421315175509923f,0f,0f,0f,1f], start_interpolation: 0, interpolation_duration: 1 }
$data merge entity $(bone_leftforearm) { transformation: [-0.5597510491911384f,0.03156584074598395f,0.8280593943838928f,1.1549186657494441f,-0.7611246557177649f,0.3755502726634867f,-0.5288206228589192f,3.369739240683327f,-0.32767059890678923f,-0.9262643199434921f,-0.1861891194771758f,0.9485796437793284f,0f,0f,0f,1f], start_interpolation: 0, interpolation_duration: 1 }
$data merge entity $(bone_leftelbow) { transformation: [-0.5597510491911384f,0.03156584074598395f,0.8280593943838928f,1.160837260889316f,-0.7611246557177649f,0.3755502726634867f,-0.5288206228589192f,3.440154916807731f,-0.32767059890678923f,-0.9262643199434921f,-0.1861891194771758f,0.7749050837899236f,0f,0f,0f,1f], start_interpolation: 0, interpolation_duration: 1 }
$data merge entity $(bone_leftarm) { transformation: [-0.6100512190857093f,-0.2481614652540649f,0.7524981044859819f,0.8219932561679086f,-0.7665303420908056f,0.42534938855866744f,-0.48115395904733105f,3.5112002914629774f,-0.20067073714468867f,-0.870341188739062f,-0.44970820588252985f,0.31851644485191116f,0f,0f,0f,1f], start_interpolation: 0, interpolation_duration: 1 }
$data merge entity $(bone_rightthumb2) { transformation: [-0.5984106817575381f,0.48831376650230873f,0.6351805423679217f,-2.0263845353344463f,-0.603771738056706f,0.24628403085046216f,-0.758158205437383f,3.8251871014770877f,-0.5266539131939141f,-0.8371940286411373f,0.14745105671089592f,1.0865082812601567f,0f,0f,0f,1f], start_interpolation: 0, interpolation_duration: 1 }
$data merge entity $(bone_rightthumb) { transformation: [-0.5984106817575381f,0.48831376650230873f,0.6351805423679217f,-1.852348305253597f,-0.603771738056706f,0.24628403085046216f,-0.758158205437383f,3.820796108071767f,-0.5266539131939141f,-0.8371940286411373f,0.14745105671089592f,0.8937935233700041f,0f,0f,0f,1f], start_interpolation: 0, interpolation_duration: 1 }
$data merge entity $(bone_rightpointerfinger) { transformation: [-0.49326971996570007f,0.5943321141938678f,0.6351805423679217f,-2.0482533402809016f,-0.5451007306775414f,0.3578565759389891f,-0.758158205437383f,3.6384079607191295f,-0.6779013031258829f,-0.7202138634427069f,0.14745105671089592f,1.1178068105456163f,0f,0f,0f,1f], start_interpolation: 0, interpolation_duration: 1 }
$data merge entity $(bone_rightmidfinger) { transformation: [-0.5187246392045951f,0.5722503187235946f,0.6351805423679217f,-1.9490063805359137f,-0.5601914001734845f,0.3337390158486687f,-0.758158205437383f,3.5199457411195385f,-0.6458408038005445f,-0.7490980189675492f,0.14745105671089592f,1.1408460381566936f,0f,0f,0f,1f], start_interpolation: 0, interpolation_duration: 1 }
$data merge entity $(bone_rightringfinger) { transformation: [-0.5336281771489929f,0.558378587653427f,0.6351805423679217f,-1.8497594207909258f,-0.5687936848028495f,0.3188571461585325f,-0.758158205437383f,3.4014835215199475f,-0.6258711630048469f,-0.7658612623666251f,0.14745105671089592f,1.1638852657677712f,0f,0f,0f,1f], start_interpolation: 0, interpolation_duration: 1 }
$data merge entity $(bone_hugeasssword) { transformation: [-2.3437751702170244f,1.9125622521340426f,2.4877904576076935f,-1.700789505347785f,-2.364772640722099f,0.9646124541643102f,-2.969452971296417f,3.7421952747673104f,-2.0627278266761637f,-3.2790099455111217f,0.5775166387843425f,1.1083795240199883f,0f,0f,0f,1f], start_interpolation: 0, interpolation_duration: 1 }
$data merge entity $(bone_ice) { transformation: [-0.5984106817575381f,0.48831376650230873f,0.6351805423679217f,-1.699069241046922f,-0.603771738056706f,0.24628403085046216f,-0.758158205437383f,3.747781020192408f,-0.5266539131939141f,-0.8371940286411373f,0.14745105671089592f,1.1296896481111611f,0f,0f,0f,1f], start_interpolation: 0, interpolation_duration: 1 }
$data merge entity $(bone_righthand1) { transformation: [-0.5984106817575381f,0.48831376650230873f,0.6351805423679217f,-1.7067440779117318f,-0.603771738056706f,0.24628403085046216f,-0.758158205437383f,3.6347166494709287f,-0.5266539131939141f,-0.8371940286411373f,0.14745105671089592f,0.7933355081746136f,0f,0f,0f,1f], start_interpolation: 0, interpolation_duration: 1 }
$data merge entity $(bone_rightforearm) { transformation: [-0.42725534717875235f,0.28737792350140573f,-0.8572437211150538f,-1.4515566686774695f,0.8911886944212282f,-0.02599301265358056f,-0.4528874851759295f,3.5380212665009756f,-0.15243221195977844f,-0.957464512333074f,-0.24500230280517404f,0.13100716456449363f,0f,0f,0f,1f], start_interpolation: 0, interpolation_duration: 1 }
$data merge entity $(bone_rightelbow) { transformation: [-0.42725534717875235f,0.28737792350140573f,-0.8572437211150538f,-1.3976733080209558f,0.8911886944212282f,-0.02599301265358056f,-0.4528874851759295f,3.533147576628429f,-0.15243221195977844f,-0.957464512333074f,-0.24500230280517404f,-0.04851743149795773f,0f,0f,0f,1f], start_interpolation: 0, interpolation_duration: 1 }
$data merge entity $(bone_rightarm) { transformation: [-0.4953522018939092f,0.7594360264953423f,-0.42176192068490687f,-0.8285345641600947f,0.8017798783786574f,0.21283834324030576f,-0.558434298976905f,3.5203800092654842f,-0.33432801663330797f,-0.6147818810827851f,-0.7143304669313434f,-0.20090423594932827f,0f,0f,0f,1f], start_interpolation: 0, interpolation_duration: 1 }
$data merge entity $(bone_chest1) { transformation: [-1.0272313981493677f,-0.08413706334577742f,0.33365808897545796f,0.09170607942588667f,-0.00812856232610612f,1.0560904141813996f,0.24128421966589883f,3.4009195449278438f,-0.3440068200511679f,0.22628544530486208f,-1.0020305963954268f,-0.20430501128926648f,0f,0f,0f,1f], start_interpolation: 0, interpolation_duration: 1 }
$data merge entity $(bone_chest1lid) { transformation: [-0.9482135982917241f,-0.07766498154994839f,0.307992082131192f,-0.29948271225619005f,-0.007503288301021035f,0.9748526900135996f,0.22272389507621432f,2.6449390835253492f,-0.3175447569703089f,0.20887887258910348f,-0.9249513197496247f,-0.09353008790615258f,0f,0f,0f,1f], start_interpolation: 0, interpolation_duration: 1 }
$data merge entity $(bone_chest2) { transformation: [-0.9482135982917241f,-0.07766498154994839f,0.307992082131192f,-0.2873475588890106f,-0.007503288301021035f,0.9748526900135996f,0.22272389507621432f,2.4926183507107242f,-0.3175447569703089f,0.20887887258910348f,-0.9249513197496247f,-0.1261674117482f,0f,0f,0f,1f], start_interpolation: 0, interpolation_duration: 1 }
$data merge entity $(bone_chest1lid3) { transformation: [-0.9482135982917241f,-0.07766498154994839f,0.307992082131192f,-0.04291193474766239f,-0.007503288301021035f,0.9748526900135996f,0.22272389507621432f,2.7880905343273628f,-0.3175447569703089f,0.20887887258910348f,-0.9249513197496247f,-0.6662304798101116f,0f,0f,0f,1f], start_interpolation: 0, interpolation_duration: 1 }
$data merge entity $(bone_chest3) { transformation: [-0.9482135982917241f,-0.07766498154994839f,0.307992082131192f,-0.030776781380482954f,-0.007503288301021035f,0.9748526900135996f,0.22272389507621432f,2.6357698015127378f,-0.3175447569703089f,0.20887887258910348f,-0.9249513197496247f,-0.6988678036521591f,0f,0f,0f,1f], start_interpolation: 0, interpolation_duration: 1 }
$data merge entity $(bone_hugeasssword2) { transformation: [-1.2063023216805029f,2.532621223907995f,-2.733302438936601f,-1.0850604540688797f,-0.8723352557151726f,2.6011873313227327f,2.795198283982774f,4.5818036707385925f,3.622726002352697f,1.4696707050746658f,-0.23706983844589036f,-0.5982222693323657f,0f,0f,0f,1f], start_interpolation: 0, interpolation_duration: 1 }
$data merge entity $(bone_belt) { transformation: [-0.9482135982917241f,-0.07766498154994839f,0.307992082131192f,0.1126955342817853f,-0.007503288301021035f,0.9748526900135996f,0.22272389507621432f,2.983691679184684f,-0.3175447569703089f,0.20887887258910348f,-0.9249513197496247f,-0.15625873083934605f,0f,0f,0f,1f], start_interpolation: 0, interpolation_duration: 1 }
$data merge entity $(bone_torn_part) { transformation: [-0.9344458434087616f,-0.11234156904602563f,0.33792060842802324f,-0.033027347182987006f,-0.05188912574816976f,0.9817615707489722f,0.18289815972174683f,2.6669609164199493f,-0.35230453355751606f,0.15337402017547838f,-0.9232323248078097f,-0.09367667843142602f,0f,0f,0f,1f], start_interpolation: 0, interpolation_duration: 1 }
$data merge entity $(bone_lowerbody) { transformation: [-0.9344458434087616f,-0.005527371946527853f,0.35606237360250953f,0.010854770507812526f,-0.05188912574816976f,0.9913211889634875f,-0.12078832286735403f,2.2049705224609375f,-0.35230453355751606f,-0.13134591151376684f,-0.9266227750079526f,0.13516813476562495f,0f,0f,0f,1f], start_interpolation: 0, interpolation_duration: 1 }
$data merge entity $(bone_leftfoot) { transformation: [-0.9687057961728291f,-0.23109821897824417f,0.09056872333343874f,0.5643383644916571f,-0.2019097607568258f,0.9458964084370943f,0.2539929782827219f,0.22250124860145326f,-0.14436595503194927f,0.22775776098936634f,-0.9629563195373007f,-0.01967981704887012f,0f,0f,0f,1f], start_interpolation: 0, interpolation_duration: 1 }
$data merge entity $(bone_leftlowerleg) { transformation: [-0.9687057961728291f,-0.23109821897824417f,0.09056872333343874f,0.2940482897106492f,-0.2019097607568258f,0.9458964084370943f,0.2539929782827219f,1.2328301668174946f,-0.14436595503194927f,0.22775776098936634f,-0.9629563195373007f,0.38094297461171645f,0f,0f,0f,1f], start_interpolation: 0, interpolation_duration: 1 }
$data merge entity $(bone_leftleg) { transformation: [-0.9516978173827889f,0.028005828443772432f,0.3057563375663928f,0.28631947668229335f,-0.07318441277891932f,0.9464377342614227f,-0.31448315836036356f,2.1950901781753642f,-0.2981866967439035f,-0.3216695334334334f,-0.8986731358762632f,0.09751787356558343f,0f,0f,0f,1f], start_interpolation: 0, interpolation_duration: 1 }
$data merge entity $(bone_rightfoot) { transformation: [-0.9054669953600956f,0.03602659096180705f,0.42288505066310045f,-0.4299106322298365f,0.12445739825740909f,0.9751257727937812f,0.18341126288255205f,0.20047175487901892f,-0.4057589682300408f,0.21870324342518283f,-0.8874273917623827f,-0.10781242735298852f,0f,0f,0f,1f], start_interpolation: 0, interpolation_duration: 1 }
$data merge entity $(bone_rightlowerleg) { transformation: [-0.9054669953600956f,0.03602659096180705f,0.42288505066310045f,-0.45491807079387053f,0.12445739825740909f,0.9751257727937812f,0.18341126288255205f,1.254071570954491f,-0.4057589682300408f,0.21870324342518283f,-0.8874273917623827f,0.27116081957127486f,0f,0f,0f,1f], start_interpolation: 0, interpolation_duration: 1 }
$data merge entity $(bone_rightleg) { transformation: [-0.9070781766423857f,0.23955722928534254f,0.3461526778364664f,-0.20583522649158187f,0.05939252425303758f,0.8868918466432812f,-0.4581429782506416f,2.154086434092101f,-0.41675193853422265f,-0.39501289378297555f,-0.8187071882591204f,-0.05555114583376071f,0f,0f,0f,1f], start_interpolation: 0, interpolation_duration: 1 }
data modify entity @s data merge value {"locators":{"lefthand":{"posx":1.0639229153580418,"posy":3.1695103814988124,"posz":1.9845688199187232,"roty":288.55641085947184,"rotx":-24.246907097256166},"righthand":{"posx":-1.7727248410377885,"posy":3.6991754537275123,"posz":1.0910930776856416,"roty":103.0691835865603,"rotx":-49.302097284382306},"chest":{"posx":-0.37238408868893336,"posy":2.548975704034434,"posz":0.028015352612585143,"roty":18.416826741765703,"rotx":12.869071012859813},"sack":{"posx":0,"posy":-0.4375,"posz":0,"roty":0,"rotx":0}},"cameras":{}}