# This file was generated by Animated Java via MC-Build. It is not recommended to edit this file directly.
$data merge entity $(bone_nose) { transformation: [-0.9942406808504964f,0.010822685043056376f,0.10662240866909682f,-0.8286001485551275f,0.02841945647417296f,0.9858949410979675f,0.16493483443817392f,2.550712861934317f,-0.1033334555487896f,0.16701507299011686f,-0.9805244323108181f,1.2625779282584557f,0f,0f,0f,1f], start_interpolation: 0, interpolation_duration: 1 }
$data merge entity $(bone_glowing_eye) { transformation: [-0.9942406808504964f,0.008745507741171582f,0.10681284864795151f,-0.9560153928417126f,0.02841945647417296f,0.9824981756007225f,0.18409147029388545f,2.6143644163663606f,-0.1033334555487896f,0.18606679186679453f,-0.9770881976202277f,1.2963555832530043f,0f,0f,0f,1f], start_interpolation: 0, interpolation_duration: 1 }
$data merge entity $(bone_head) { transformation: [-0.9942406808504964f,0.008745507741171582f,0.10681284864795151f,-0.8096787765477236f,0.02841945647417296f,0.9824981756007225f,0.18409147029388545f,2.4638691057878206f,-0.1033334555487896f,0.18606679186679453f,-0.9770881976202277f,1.0566383318120929f,0f,0f,0f,1f], start_interpolation: 0, interpolation_duration: 1 }
$data merge entity $(bone_leftthumb2) { transformation: [-0.49772469048380724f,-0.5596947108102207f,0.6625797787239374f,0.9817358989003804f,-0.8653511839718253f,0.26880938559755424f,-0.42297617263059384f,1.222653754523847f,0.05862986339194895f,-0.783889880599137f,-0.618125548908078f,2.5589114201962233f,0f,0f,0f,1f], start_interpolation: 0, interpolation_duration: 1 }
$data merge entity $(bone_leftthumb) { transformation: [-0.49772469048380724f,-0.5596947108102207f,0.6625797787239374f,0.9010973802248057f,-0.8653511839718253f,0.26880938559755424f,-0.42297617263059384f,1.252430753998676f,0.05862986339194895f,-0.783889880599137f,-0.618125548908078f,2.3138448420575775f,0f,0f,0f,1f], start_interpolation: 0, interpolation_duration: 1 }
$data merge entity $(bone_leftpointerfinger) { transformation: [-0.2762813536206536f,-0.6961728596172633f,0.6625797787239374f,1.1702442723587603f,-0.9051023465560337f,-0.0433693399250652f,-0.42297617263059384f,1.2390484520043379f,0.3232001793011584f,-0.7165629420272771f,-0.618125548908078f,2.535671432715609f,0f,0f,0f,1f], start_interpolation: 0, interpolation_duration: 1 }
$data merge entity $(bone_leftmidfinger) { transformation: [-0.49772469048380724f,-0.5596947108102207f,0.6625797787239374f,1.2737723627843753f,-0.8653511839718253f,0.26880938559755424f,-0.42297617263059384f,1.1729584250308076f,0.05862986339194895f,-0.783889880599137f,-0.618125548908078f,2.4390893156987214f,0f,0f,0f,1f], start_interpolation: 0, interpolation_duration: 1 }
$data merge entity $(bone_leftringfinger) { transformation: [-0.6740235473729462f,-0.32661949484519126f,0.6625797787239374f,1.3773004532099906f,-0.6966113489735555f,0.579503050784047f,-0.42297617263059384f,1.1068683980572773f,-0.24581473932218373f,-0.7466564937901864f,-0.618125548908078f,2.3425071986818344f,0f,0f,0f,1f], start_interpolation: 0, interpolation_duration: 1 }
$data merge entity $(bone_invisibility) { transformation: [-0.499817270714871f,-0.7088390708601887f,0.49772469048380724f,0.9949986658130555f,0.2309216822394019f,0.4447949022530329f,0.865351183971825f,1.1194141369540591f,-0.8347801342670189f,0.5474528898012863f,-0.058629863391949116f,2.480242999814446f,0f,0f,0f,1f], start_interpolation: 0, interpolation_duration: 1 }
$data merge entity $(bone_swiftness) { transformation: [0.6625797787239373f,-0.5596947108102207f,0.4977246904838074f,1.1691014257456882f,-0.422976172630594f,0.26880938559755424f,0.8653511839718252f,0.9586345837338295f,-0.618125548908078f,-0.783889880599137f,-0.05862986339194909f,2.4735500038728153f,0f,0f,0f,1f], start_interpolation: 0, interpolation_duration: 1 }
$data merge entity $(bone_suspicious_stew) { transformation: [-0.22723736042168113f,-0.8370384187786037f,0.4977246904838073f,1.1454680638930228f,0.0648665845607253f,0.4969503542668894f,0.8653511839718255f,1.0275056646359375f,-0.9716766479832754f,0.22892581960676311f,-0.058629863391949054f,2.4010892975472657f,0f,0f,0f,1f], start_interpolation: 0, interpolation_duration: 1 }
$data merge entity $(bone_log) { transformation: [-0.49772469048380724f,-0.5596947108102207f,0.6625797787239374f,1.0599029624365728f,-0.8653511839718253f,0.26880938559755424f,-0.42297617263059384f,0.9601531562462141f,0.05862986339194895f,-0.783889880599137f,-0.618125548908078f,2.279624977060303f,0f,0f,0f,1f], start_interpolation: 0, interpolation_duration: 1 }
$data merge entity $(bone_planks) { transformation: [-0.49772469048380724f,-0.5596947108102207f,0.6625797787239374f,1.013241272703716f,-0.8653511839718253f,0.26880938559755424f,-0.42297617263059384f,0.8790264827488554f,0.05862986339194895f,-0.783889880599137f,-0.618125548908078f,2.285121526753298f,0f,0f,0f,1f], start_interpolation: 0, interpolation_duration: 1 }
$data merge entity $(bone_lefthand1) { transformation: [-0.49772469048380724f,-0.5596947108102207f,0.6625797787239374f,1.0237048392698465f,-0.8653511839718253f,0.26880938559755424f,-0.42297617263059384f,1.2569113040332651f,0.05862986339194895f,-0.783889880599137f,-0.618125548908078f,2.088311464465909f,0f,0f,0f,1f], start_interpolation: 0, interpolation_duration: 1 }
$data merge entity $(bone_leftforearm) { transformation: [-0.7459927785784617f,-0.4015555290169595f,0.531270111548444f,0.6723242907654033f,-0.6144203567917619f,0.722718333780893f,-0.3164898658359444f,1.7257642995067424f,-0.2568703943016215f,-0.5625223258972747f,-0.7858665493571095f,1.670382421547906f,0f,0f,0f,1f], start_interpolation: 0, interpolation_duration: 1 }
$data merge entity $(bone_leftelbow) { transformation: [-0.7459927785784617f,-0.4015555290169595f,0.531270111548444f,0.5970326290747234f,-0.6144203567917619f,0.722718333780893f,-0.3164898658359444f,1.8612739870906598f,-0.2568703943016215f,-0.5625223258972747f,-0.7858665493571095f,1.564909485442167f,0f,0f,0f,1f], start_interpolation: 0, interpolation_duration: 1 }
$data merge entity $(bone_leftarm) { transformation: [-0.7281576576231128f,-0.6186191712744594f,0.29512157931354754f,0.073741994765123f,-0.6737157141665678f,0.7251862677798524f,-0.1421689611292148f,2.082390315348463f,-0.12606967172898167f,-0.3023494632957524f,-0.9448233908593276f,1.4677640950945847f,0f,0f,0f,1f], start_interpolation: 0, interpolation_duration: 1 }
$data merge entity $(bone_rightthumb2) { transformation: [-0.668875835369814f,0.21658624702512214f,0.7111227140641101f,-1.4793774965902229f,0.5680674950366117f,0.7659486811140206f,0.301034780353569f,1.843997130481046f,-0.47948351164681646f,0.6053205890263976f,-0.6353601707374898f,-1.3159528872728186f,0f,0f,0f,1f], start_interpolation: 0, interpolation_duration: 1 }
$data merge entity $(bone_rightthumb) { transformation: [-0.668875835369814f,0.21658624702512214f,0.7111227140641101f,-1.3654905745670307f,0.5680674950366117f,0.7659486811140206f,0.301034780353569f,2.0575659796512165f,-0.47948351164681646f,0.6053205890263976f,-0.6353601707374898f,-1.2217988445093113f,0f,0f,0f,1f], start_interpolation: 0, interpolation_duration: 1 }
$data merge entity $(bone_rightpointerfinger) { transformation: [-0.22246797880621855f,0.4592292303499222f,0.8600096001778665f,-1.4964646465934544f,0.9691354101798298f,0.20028062016517056f,0.1437505823356125f,2.065628328446814f,-0.10622878678328708f,0.8654456581313887f,-0.489611333283941f,-1.5452288413613586f,0f,0f,0f,1f], start_interpolation: 0, interpolation_duration: 1 }
$data merge entity $(bone_rightmidfinger) { transformation: [-0.19432242715316933f,0.47182865736113055f,0.8600096001778665f,-1.3620881465656627f,0.9794635439718676f,0.1413751608601796f,0.1437505823356125f,2.0880893569367536f,-0.05375835130815193f,0.8702820129041797f,-0.489611333283941f,-1.6217306121869746f,0f,0f,0f,1f], start_interpolation: 0, interpolation_duration: 1 }
$data merge entity $(bone_rightringfinger) { transformation: [-0.1735565982853424f,0.4798558062517596f,0.8600096001778665f,-1.227711646537871f,0.984698009614755f,0.09851700329847776f,0.1437505823356125f,2.110550385426693f,-0.015746017031630144f,0.8717986036164322f,-0.489611333283941f,-1.6982323830125903f,0f,0f,0f,1f], start_interpolation: 0, interpolation_duration: 1 }
$data merge entity $(bone_hugeasssword) { transformation: [-1.0704344758516786f,1.687757405988176f,3.3683709340299774f,-1.2153998695711352f,3.6817988653118148f,1.2114618715014143f,0.5630231141478157f,1.8989752632069785f,-0.7992527297886182f,3.3202579493479316f,-1.9176443886954357f,-1.3876815664291617f,0f,0f,0f,1f], start_interpolation: 0, interpolation_duration: 1 }
$data merge entity $(bone_ice) { transformation: [-0.273302419366386f,0.43091678450761933f,0.8600096001778665f,-1.2178625940264671f,0.9400337528455697f,0.30930941400036105f,0.1437505823356125f,1.8794542762250108f,-0.2040645267545408f,0.8477254338760676f,-0.489611333283941f,-1.3977387681029356f,0f,0f,0f,1f], start_interpolation: 0, interpolation_duration: 1 }
$data merge entity $(bone_righthand1) { transformation: [-0.273302419366386f,0.43091678450761933f,0.8600096001778665f,-1.1515837027356004f,0.9400337528455697f,0.30930941400036105f,0.1437505823356125f,2.1962822736344814f,-0.2040645267545408f,0.8477254338760676f,-0.489611333283941f,-1.252123895487677f,0f,0f,0f,1f], start_interpolation: 0, interpolation_duration: 1 }
$data merge entity $(bone_rightforearm) { transformation: [-0.566992840060671f,0.016108357359688297f,0.8235652009058583f,-1.0705633751307353f,0.744086559939012f,0.43889775591664737f,0.5036903326146517f,2.4431089503049708f,-0.3533472946522469f,0.8983926094278069f,-0.26083789733747387f,-0.5902291516103517f,0f,0f,0f,1f], start_interpolation: 0, interpolation_duration: 1 }
$data merge entity $(bone_rightelbow) { transformation: [-0.566992840060671f,0.016108357359688297f,0.8235652009058583f,-1.0675430581257936f,0.744086559939012f,0.43889775591664737f,0.5036903326146517f,2.525402279539342f,-0.3533472946522469f,0.8983926094278069f,-0.26083789733747387f,-0.421780537342638f,0f,0f,0f,1f], start_interpolation: 0, interpolation_duration: 1 }
$data merge entity $(bone_rightarm) { transformation: [-0.4717788595233424f,-0.3050705759945909f,0.8272585154407193f,-1.1922603475291318f,0.84433075492657f,0.11399933838200212f,0.5235548940976432f,2.33115894648323f,-0.25402811653827423f,0.9454819376967467f,0.20379799188711992f,0.10523882312511501f,0f,0f,0f,1f], start_interpolation: 0, interpolation_duration: 1 }
$data merge entity $(bone_chest1) { transformation: [-0.8158088779727367f,-0.6560956546262795f,0.2709653420233365f,-0.3933192109761837f,0.15632013983499116f,0.24840642203968316f,1.0143225367829964f,2.390176689854035f,-0.695435834289508f,0.8254961251157196f,-0.08986722825651638f,0.5480275584011342f,0f,0f,0f,1f], start_interpolation: 0, interpolation_duration: 1 }
$data merge entity $(bone_chest1lid) { transformation: [-0.7530543488979109f,-0.6056267581165657f,0.25714855134564174f,-0.33658819700792736f,0.144295513693838f,0.22929823572893832f,0.9626012278297944f,1.9081260765347148f,-0.641940770113392f,0.7619964231837412f,-0.08528480944113162f,-0.1587450502016537f,0f,0f,0f,1f], start_interpolation: 0, interpolation_duration: 1 }
$data merge entity $(bone_chest2) { transformation: [-0.7530543488979109f,-0.6056267581165657f,0.25714855134564174f,-0.24195901605221395f,0.144295513693838f,0.22929823572893832f,0.9626012278297944f,1.872298227202068f,-0.641940770113392f,0.7619964231837412f,-0.08528480944113162f,-0.27780699132411324f,0f,0f,0f,1f], start_interpolation: 0, interpolation_duration: 1 }
$data merge entity $(bone_chest1lid3) { transformation: [-0.7530543488979109f,-0.6056267581165657f,0.25714855134564174f,-0.1247865094960062f,0.144295513693838f,0.22929823572893832f,0.9626012278297944f,2.515774018507312f,-0.641940770113392f,0.7619964231837412f,-0.08528480944113162f,-0.17325933311779168f,0f,0f,0f,1f], start_interpolation: 0, interpolation_duration: 1 }
$data merge entity $(bone_chest3) { transformation: [-0.7530543488979109f,-0.6056267581165657f,0.25714855134564174f,-0.030157328540292794f,0.144295513693838f,0.22929823572893832f,0.9626012278297944f,2.4799461691746654f,-0.641940770113392f,0.7619964231837412f,-0.08528480944113162f,-0.2923212742402512f,0f,0f,0f,1f], start_interpolation: 0, interpolation_duration: 1 }
$data merge entity $(bone_hugeasssword2) { transformation: [-1.0071651594370978f,0.5720463905027247f,-3.741478190034872f,-1.95514782495197f,-3.7701881423333616f,0.1900595033093573f,1.043952362126021f,3.0911149463068215f,0.3340321703110985f,3.870002337220532f,0.501779031928052f,0.6184892004653866f,0f,0f,0f,1f], start_interpolation: 0, interpolation_duration: 1 }
$data merge entity $(bone_belt) { transformation: [-0.7530543488979109f,-0.6056267581165657f,0.25714855134564174f,-0.1610659150865522f,0.144295513693838f,0.22929823572893832f,0.9626012278297944f,2.170293078565722f,-0.641940770113392f,0.7619964231837412f,-0.08528480944113162f,0.27604168168477816f,0f,0f,0f,1f], start_interpolation: 0, interpolation_duration: 1 }
$data merge entity $(bone_torn_part) { transformation: [-0.6539648596012506f,-0.6678270655556673f,0.35543912688113455f,-0.04798896403685421f,0.13203430037545438f,0.36186736182259793f,0.9228320302048025f,2.0647910762814914f,-0.7449140258654559f,0.6504298755122339f,-0.14847245909615492f,-0.03440912399479318f,0f,0f,0f,1f], start_interpolation: 0, interpolation_duration: 1 }
$data merge entity $(bone_lowerbody) { transformation: [-0.6539648596012506f,-0.5258486626085742f,0.5438870714031457f,0.1961527146568559f,0.13203430037545438f,0.6285609910149765f,0.7664711502063435f,1.6371975497436524f,-0.7449140258654559f,0.5730569470890697f,-0.3416267399690406f,-0.19343531579405826f,0f,0f,0f,1f], start_interpolation: 0, interpolation_duration: 1 }
$data merge entity $(bone_leftfoot) { transformation: [-0.9662102686823839f,-0.0387725860381871f,0.2547870018472022f,0.3336293010059814f,-0.05015526829999433f,0.998010187286803f,-0.038348026803948346f,0.1342481553850694f,-0.252788922189852f,-0.04980879244159688f,-0.9662424002183442f,0.5151973100150801f,0f,0f,0f,1f], start_interpolation: 0, interpolation_duration: 1 }
$data merge entity $(bone_leftlowerleg) { transformation: [-0.9662102686823839f,-0.04125024998991732f,0.25439761518957715f,0.2487802243391048f,-0.05015526829999433f,0.9983361176901443f,-0.028633917010537357f,1.2461767620228554f,-0.252788922189852f,-0.040403293179195054f,-0.966681367196282f,0.6189012694831378f,0f,0f,0f,1f], start_interpolation: 0, interpolation_duration: 1 }
$data merge entity $(bone_leftleg) { transformation: [-0.9261954014517315f,0.3599978982966894f,0.1120015369802916f,0.550464772503649f,0.04395311157143897f,0.39813773205044795f,-0.9162886246857269f,1.5608320061651573f,-0.37444652810896095f,-0.8437226200829826f,-0.384591747682646f,-0.12799871874226987f,0f,0f,0f,1f], start_interpolation: 0, interpolation_duration: 1 }
$data merge entity $(bone_rightfoot) { transformation: [-0.4446756950788964f,-0.03410362818856184f,0.8950446144232753f,-0.28425378377098465f,0.09489444110120929f,0.9918460126255643f,0.0849332572339443f,0.21260173008904282f,-0.890650403669f,0.12270434287832875f,-0.4378172949016295f,-0.2523252622836124f,0f,0f,0f,1f], start_interpolation: 0, interpolation_duration: 1 }
$data merge entity $(bone_rightlowerleg) { transformation: [-0.4446756950788964f,-0.0428122813817049f,0.8946703458965358f,-0.469210842893053f,0.09489444110120929f,0.9909725036252989f,0.09458154156179371f,1.2974298112316336f,-0.890650403669f,0.1269592205750158f,-0.43660244592439856f,-0.04439782127762132f,0f,0f,0f,1f], start_interpolation: 0, interpolation_duration: 1 }
$data merge entity $(bone_rightleg) { transformation: [-0.5769507253247825f,0.7608735353836246f,0.2969642149411508f,0.21441142631798388f,0.07768402173302705f,0.4130458397209932f,-0.9073890647721438f,1.676886936249903f,-0.8130762899719743f,-0.5004444000505991f,-0.29741778725610996f,-0.47616678669033896f,0f,0f,0f,1f], start_interpolation: 0, interpolation_duration: 1 }
data modify entity @s data merge value {"locators":{"lefthand":{"posx":1.1399379924089168,"posy":1.026888099191117,"posz":2.3450280359908042,"roty":46.98798077322675,"rotx":-25.022628816357184},"righthand":{"posx":-1.2636554206027766,"posy":1.9605033781115333,"posz":-1.4224653503079256,"roty":60.34674481817251,"rotx":8.264934873722051},"chest":{"posx":-0.36244893417645824,"posy":1.747897729756183,"posz":-0.2131047242415042,"roty":71.651598503351,"rotx":74.28084537043522},"sack":{"posx":0,"posy":-0.4375,"posz":0,"roty":0,"rotx":0}},"cameras":{}}