# This file was generated by Animated Java via MC-Build. It is not recommended to edit this file directly.
$data merge entity $(bone_nose) {transformation: [-0.9973f,0.0112f,0.0727f,0.0376f,0.0175f,0.9961f,0.0862f,4.2447f,-0.0715f,0.0872f,-0.9936f,0.1022f,0f,0f,0f,1f],start_interpolation: 0,interpolation_duration: 1}
$data merge entity $(bone_glowing_eye) {transformation: [-0.9973f,0.0112f,0.0727f,-0.0888f,0.0175f,0.9961f,0.0862f,4.3114f,-0.0715f,0.0872f,-0.9936f,0.1339f,0f,0f,0f,1f],start_interpolation: 0,interpolation_duration: 1}
$data merge entity $(bone_head) {transformation: [-0.9973f,0.0112f,0.0727f,0.0498f,0.0175f,0.9961f,0.0862f,4.1379f,-0.0715f,0.0872f,-0.9936f,-0.0946f,0f,0f,0f,1f],start_interpolation: 0,interpolation_duration: 1}
$data merge entity $(bone_leftthumb2) {transformation: [-0.9926f,0.0226f,-0.119f,0.7138f,0.0521f,0.9667f,-0.2505f,2.0499f,0.1094f,-0.2549f,-0.9608f,1.006f,0f,0f,0f,1f],start_interpolation: 0,interpolation_duration: 1}
$data merge entity $(bone_leftthumb) {transformation: [-0.9926f,0.0226f,-0.119f,0.7091f,0.0521f,0.9667f,-0.2505f,2.2656f,0.1094f,-0.2549f,-0.9608f,0.8614f,0f,0f,0f,1f],start_interpolation: 0,interpolation_duration: 1}
$data merge entity $(bone_leftpointerfinger) {transformation: [-0.9926f,0.0226f,-0.119f,0.8047f,0.0521f,0.9667f,-0.2505f,1.9309f,0.1094f,-0.2549f,-0.9608f,0.888f,0f,0f,0f,1f],start_interpolation: 0,interpolation_duration: 1}
$data merge entity $(bone_leftmidfinger) {transformation: [-0.9926f,0.0226f,-0.119f,0.7861f,0.0521f,0.9667f,-0.2505f,1.8918f,0.1094f,-0.2549f,-0.9608f,0.7379f,0f,0f,0f,1f],start_interpolation: 0,interpolation_duration: 1}
$data merge entity $(bone_leftringfinger) {transformation: [-0.9926f,0.0226f,-0.119f,0.7675f,0.0521f,0.9667f,-0.2505f,1.8526f,0.1094f,-0.2549f,-0.9608f,0.5878f,0f,0f,0f,1f],start_interpolation: 0,interpolation_duration: 1}
$data merge entity $(bone_invisibility) {transformation: [0.0122f,0.1206f,0.9926f,0.6248f,0.9412f,0.3338f,-0.0521f,2.0542f,-0.3376f,0.9349f,-0.1094f,0.9107f,0f,0f,0f,1f],start_interpolation: 0,interpolation_duration: 1}
$data merge entity $(bone_swiftness) {transformation: [-0.119f,0.0226f,0.9926f,0.5477f,-0.2505f,0.9667f,-0.0521f,1.8791f,-0.9608f,-0.2549f,-0.1094f,0.7708f,0f,0f,0f,1f],start_interpolation: 0,interpolation_duration: 1}
$data merge entity $(bone_suspicious_stew) {transformation: [-0.0298f,0.1174f,0.9926f,0.6014f,0.7703f,0.6356f,-0.0521f,1.962f,-0.637f,0.763f,-0.1094f,0.7425f,0f,0f,0f,1f],start_interpolation: 0,interpolation_duration: 1}
$data merge entity $(bone_log) {transformation: [-0.9926f,0.0226f,-0.119f,0.5056f,0.0521f,0.9667f,-0.2505f,2.0759f,0.1094f,-0.2549f,-0.9608f,0.6758f,0f,0f,0f,1f],start_interpolation: 0,interpolation_duration: 1}
$data merge entity $(bone_planks) {transformation: [-0.9926f,0.0226f,-0.119f,0.4125f,0.0521f,0.9667f,-0.2505f,2.0808f,0.1094f,-0.2549f,-0.9608f,0.6861f,0f,0f,0f,1f],start_interpolation: 0,interpolation_duration: 1}
$data merge entity $(bone_lefthand1) {transformation: [-0.9926f,0.0226f,-0.119f,0.7631f,0.0521f,0.9667f,-0.2505f,2.3124f,0.1094f,-0.2549f,-0.9608f,0.6148f,0f,0f,0f,1f],start_interpolation: 0,interpolation_duration: 1}
$data merge entity $(bone_leftforearm) {transformation: [-0.8099f,0.1532f,0.5663f,0.8334f,-0.0541f,0.9417f,-0.3321f,2.9738f,-0.5841f,-0.2996f,-0.7544f,0.3864f,0f,0f,0f,1f],start_interpolation: 0,interpolation_duration: 1}
$data merge entity $(bone_leftelbow) {transformation: [-0.8099f,0.1532f,0.5663f,0.8621f,-0.0541f,0.9417f,-0.3321f,3.1504f,-0.5841f,-0.2996f,-0.7544f,0.3303f,0f,0f,0f,1f],start_interpolation: 0,interpolation_duration: 1}
$data merge entity $(bone_leftarm) {transformation: [-0.8028f,0.0783f,0.5911f,0.7053f,-0.1639f,0.9241f,-0.3452f,3.5882f,-0.5733f,-0.374f,-0.729f,0.0387f,0f,0f,0f,1f],start_interpolation: 0,interpolation_duration: 1}
$data merge entity $(bone_rightthumb2) {transformation: [-0.9313f,0.0903f,-0.3528f,-0.7669f,0.1175f,0.9915f,-0.0564f,1.9538f,0.3447f,-0.094f,-0.934f,0.6679f,0f,0f,0f,1f],start_interpolation: 0,interpolation_duration: 1}
$data merge entity $(bone_rightthumb) {transformation: [-0.9313f,0.0903f,-0.3528f,-0.7749f,0.1175f,0.9915f,-0.0564f,2.1921f,0.3447f,-0.094f,-0.934f,0.5651f,0f,0f,0f,1f],start_interpolation: 0,interpolation_duration: 1}
$data merge entity $(bone_rightpointerfinger) {transformation: [-0.9313f,0.0903f,-0.3528f,-0.923f,0.1175f,0.9915f,-0.0564f,1.877f,0.3447f,-0.094f,-0.934f,0.5898f,0f,0f,0f,1f],start_interpolation: 0,interpolation_duration: 1}
$data merge entity $(bone_rightmidfinger) {transformation: [-0.9313f,0.0903f,-0.3528f,-0.9781f,0.1175f,0.9915f,-0.0564f,1.8682f,0.3447f,-0.094f,-0.934f,0.4439f,0f,0f,0f,1f],start_interpolation: 0,interpolation_duration: 1}
$data merge entity $(bone_rightringfinger) {transformation: [-0.9313f,0.0903f,-0.3528f,-1.0332f,0.1175f,0.9915f,-0.0564f,1.8594f,0.3447f,-0.094f,-0.934f,0.298f,0f,0f,0f,1f],start_interpolation: 0,interpolation_duration: 1}
$data merge entity $(bone_hugeasssword) {transformation: [-3.6477f,0.3536f,-1.3818f,-0.7069f,0.4602f,3.8833f,-0.221f,2.0393f,1.3501f,-0.3682f,-3.6581f,0.3478f,0f,0f,0f,1f],start_interpolation: 0,interpolation_duration: 1}
$data merge entity $(bone_ice) {transformation: [-0.9313f,0.0903f,-0.3528f,-0.6937f,0.1175f,0.9915f,-0.0564f,2.0219f,0.3447f,-0.094f,-0.934f,0.3439f,0f,0f,0f,1f],start_interpolation: 0,interpolation_duration: 1}
$data merge entity $(bone_righthand1) {transformation: [-0.9313f,0.0903f,-0.3528f,-0.915f,0.1175f,0.9915f,-0.0564f,2.2974f,0.3447f,-0.094f,-0.934f,0.3774f,0f,0f,0f,1f],start_interpolation: 0,interpolation_duration: 1}
$data merge entity $(bone_rightforearm) {transformation: [-0.6802f,0.0289f,-0.7325f,-0.8492f,0.1586f,0.9814f,-0.1085f,2.978f,0.7157f,-0.19f,-0.6721f,0.216f,0f,0f,0f,1f],start_interpolation: 0,interpolation_duration: 1}
$data merge entity $(bone_rightelbow) {transformation: [-0.6802f,0.0289f,-0.7325f,-0.8438f,0.1586f,0.9814f,-0.1085f,3.1621f,0.7157f,-0.19f,-0.6721f,0.1804f,0f,0f,0f,1f],start_interpolation: 0,interpolation_duration: 1}
$data merge entity $(bone_rightarm) {transformation: [-0.6606f,0.1118f,-0.7423f,-0.6222f,0.267f,0.9592f,-0.0931f,3.5848f,0.7016f,-0.2597f,-0.6635f,-0.0805f,0f,0f,0f,1f],start_interpolation: 0,interpolation_duration: 1}
$data merge entity $(bone_chest1) {transformation: [-1.0808f,0.0216f,0.0712f,0.0421f,0.0211f,1.0831f,-0.0083f,3.4868f,-0.0713f,-0.0069f,-1.081f,-0.1936f,0f,0f,0f,1f],start_interpolation: 0,interpolation_duration: 1}
$data merge entity $(bone_chest1lid) {transformation: [-0.9976f,0.02f,0.0657f,-0.3379f,0.0195f,0.9998f,-0.0077f,2.8132f,-0.0658f,-0.0064f,-0.9978f,0.1787f,0f,0f,0f,1f],start_interpolation: 0,interpolation_duration: 1}
$data merge entity $(bone_chest2) {transformation: [-0.9976f,0.02f,0.0657f,-0.341f,0.0195f,0.9998f,-0.0077f,2.657f,-0.0658f,-0.0064f,-0.9978f,0.1797f,0f,0f,0f,1f],start_interpolation: 0,interpolation_duration: 1}
$data merge entity $(bone_chest1lid3) {transformation: [-0.9976f,0.02f,0.0657f,-0.2335f,0.0195f,0.9998f,-0.0077f,2.8071f,-0.0658f,-0.0064f,-0.9978f,-0.4564f,0f,0f,0f,1f],start_interpolation: 0,interpolation_duration: 1}
$data merge entity $(bone_chest3) {transformation: [-0.9976f,0.02f,0.0657f,-0.2366f,0.0195f,0.9998f,-0.0077f,2.6508f,-0.0658f,-0.0064f,-0.9978f,-0.4554f,0f,0f,0f,1f],start_interpolation: 0,interpolation_duration: 1}
$data merge entity $(bone_hugeasssword2) {transformation: [-0.2573f,2.9337f,-2.5822f,-1.1465f,0.03f,2.5891f,2.9387f,4.6689f,3.9081f,0.1733f,-0.1926f,-0.5465f,0f,0f,0f,1f],start_interpolation: 0,interpolation_duration: 1}
$data merge entity $(bone_belt) {transformation: [-0.9976f,0.02f,0.0657f,0.0575f,0.0195f,0.9998f,-0.0077f,3.089f,-0.0658f,-0.0064f,-0.9978f,-0.0584f,0f,0f,0f,1f],start_interpolation: 0,interpolation_duration: 1}
$data merge entity $(bone_torn_part) {transformation: [-0.9943f,0.0398f,0.0987f,-0.0764f,0.0619f,0.9707f,0.2322f,2.8091f,-0.0865f,0.2369f,-0.9677f,-0.0642f,0f,0f,0f,1f],start_interpolation: 0,interpolation_duration: 1}
$data merge entity $(bone_lowerbody) {transformation: [-0.9943f,0.0677f,0.0821f,-0.0239f,0.0619f,0.9956f,-0.0705f,2.3269f,-0.0865f,-0.065f,-0.9941f,0.1158f,0f,0f,0f,1f],start_interpolation: 0,interpolation_duration: 1}
$data merge entity $(bone_leftfoot) {transformation: [-0.9608f,-0.1254f,-0.2474f,0.4674f,-0.1179f,0.992f,-0.045f,0.1773f,0.2511f,-0.014f,-0.9679f,0.0742f,0f,0f,0f,1f],start_interpolation: 0,interpolation_duration: 1}
$data merge entity $(bone_leftlowerleg) {transformation: [-0.9608f,-0.1254f,-0.2474f,0.3663f,-0.1179f,0.992f,-0.045f,1.2847f,0.2511f,-0.014f,-0.9679f,0.2073f,0f,0f,0f,1f],start_interpolation: 0,interpolation_duration: 1}
$data merge entity $(bone_leftleg) {transformation: [-0.9776f,-0.1172f,-0.1747f,0.218f,-0.0671f,0.9608f,-0.2689f,2.3038f,0.1993f,-0.2512f,-0.9472f,-0.0295f,0f,0f,0f,1f],start_interpolation: 0,interpolation_duration: 1}
$data merge entity $(bone_rightfoot) {transformation: [-0.9201f,0.0183f,0.3912f,-0.2082f,0.0282f,0.9994f,0.0196f,0.1844f,-0.3906f,0.029f,-0.9201f,-0.1983f,0f,0f,0f,1f],start_interpolation: 0,interpolation_duration: 1}
$data merge entity $(bone_rightlowerleg) {transformation: [-0.9201f,0.0183f,0.3912f,-0.248f,0.0282f,0.9994f,0.0196f,1.2901f,-0.3906f,0.029f,-0.9201f,-0.0247f,0f,0f,0f,1f],start_interpolation: 0,interpolation_duration: 1}
$data merge entity $(bone_rightleg) {transformation: [-0.9668f,-0.0193f,0.2547f,-0.2491f,-0.0383f,0.9968f,-0.0695f,2.35f,-0.2526f,-0.077f,-0.9645f,-0.0763f,0f,0f,0f,1f],start_interpolation: 0,interpolation_duration: 1}
$data merge entity $(bone_sack_top) {transformation: [-1f,0f,0f,-0.0625f,0f,1f,0f,-0.8125f,0f,0f,-1f,0f,0f,0f,0f,1f],start_interpolation: 0,interpolation_duration: 1}
$data merge entity $(bone_sack_main) {transformation: [-1.1667f,0f,0f,-0.0625f,0f,1.1667f,0f,-0.8125f,0f,0f,-1.1667f,0f,0f,0f,0f,1f],start_interpolation: 0,interpolation_duration: 1}
$data merge entity $(bone_blast_off1) {transformation: [0f,0f,0f,0f,0f,0f,0f,-2.5f,0f,0f,0f,0f,0f,0f,0f,1f],start_interpolation: 0,interpolation_duration: 1}
$data merge entity $(bone_blast_off2) {transformation: [0f,0f,0f,0f,0f,0f,0f,-2.5f,0f,0f,0f,0f,0f,0f,0f,1f],start_interpolation: 0,interpolation_duration: 1}
data modify entity @s data merge value {"cameras":{},"locators":{"lefthand":{"posx":0.5987326499342683,"posy":1.999443175108048,"posz":0.7005139210422178,"roty":352.9371670408477,"rotx":-14.50895892421644},"sword":{"posx":0.5240242328245194,"posy":2.2264300588211414,"posz":3.8364081040826337,"roty":339.30673529046453,"rotx":-3.235148909346101},"righthand":{"posx":-0.7769321492322434,"posy":2.018329676032824,"posz":0.3923025637907669,"roty":339.30673529046453,"rotx":-3.235148909346101},"chest":{"posx":-0.3806032855865744,"posy":2.7525073708499286,"posz":0.3329599400035186,"roty":3.7667324225633365,"rotx":-0.4388372464301277},"sack":{"posx":0,"posy":-0.4375,"posz":0,"roty":0,"rotx":0}}}