# This file was generated by Animated Java via MC-Build. It is not recommended to edit this file directly.
$data merge entity $(bone_nose) {transformation: [-0.9981f,0.0035f,0.0614f,0.016f,0.009f,0.996f,0.0893f,4.2431f,-0.0608f,0.0897f,-0.9941f,0.1085f,0f,0f,0f,1f],start_interpolation: 0,interpolation_duration: 1}
$data merge entity $(bone_glowing_eye) {transformation: [-0.9981f,0.0035f,0.0614f,-0.1107f,0.009f,0.996f,0.0893f,4.3085f,-0.0608f,0.0897f,-0.9941f,0.1416f,0f,0f,0f,1f],start_interpolation: 0,interpolation_duration: 1}
$data merge entity $(bone_head) {transformation: [-0.9981f,0.0035f,0.0614f,0.027f,0.009f,0.996f,0.0893f,4.1368f,-0.0608f,0.0897f,-0.9941f,-0.0887f,0f,0f,0f,1f],start_interpolation: 0,interpolation_duration: 1}
$data merge entity $(bone_leftthumb2) {transformation: [-0.9968f,0.0013f,-0.0793f,0.7294f,0.0203f,0.971f,-0.2383f,2.0438f,0.0767f,-0.2392f,-0.9679f,0.9929f,0f,0f,0f,1f],start_interpolation: 0,interpolation_duration: 1}
$data merge entity $(bone_leftthumb) {transformation: [-0.9968f,0.0013f,-0.0793f,0.723f,0.0203f,0.971f,-0.2383f,2.2615f,0.0767f,-0.2392f,-0.9679f,0.8515f,0f,0f,0f,1f],start_interpolation: 0,interpolation_duration: 1}
$data merge entity $(bone_leftpointerfinger) {transformation: [-0.9968f,0.0013f,-0.0793f,0.8278f,0.0203f,0.971f,-0.2383f,1.9295f,0.0767f,-0.2392f,-0.9679f,0.8762f,0f,0f,0f,1f],start_interpolation: 0,interpolation_duration: 1}
$data merge entity $(bone_leftmidfinger) {transformation: [-0.9968f,0.0013f,-0.0793f,0.8154f,0.0203f,0.971f,-0.2383f,1.8923f,0.0767f,-0.2392f,-0.9679f,0.725f,0f,0f,0f,1f],start_interpolation: 0,interpolation_duration: 1}
$data merge entity $(bone_leftringfinger) {transformation: [-0.9968f,0.0013f,-0.0793f,0.803f,0.0203f,0.971f,-0.2383f,1.8551f,0.0767f,-0.2392f,-0.9679f,0.5738f,0f,0f,0f,1f],start_interpolation: 0,interpolation_duration: 1}
$data merge entity $(bone_invisibility) {transformation: [-0.0056f,0.0791f,0.9968f,0.6435f,0.9465f,0.322f,-0.0203f,2.047f,-0.3226f,0.9434f,-0.0767f,0.8947f,0f,0f,0f,1f],start_interpolation: 0,interpolation_duration: 1}
$data merge entity $(bone_swiftness) {transformation: [-0.0793f,0.0013f,0.9968f,0.5766f,-0.2383f,0.971f,-0.0203f,1.8719f,-0.9679f,-0.2392f,-0.0767f,0.7496f,0f,0f,0f,1f],start_interpolation: 0,interpolation_duration: 1}
$data merge entity $(bone_suspicious_stew) {transformation: [-0.0323f,0.0724f,0.9968f,0.6286f,0.7793f,0.6264f,-0.0203f,1.9568f,-0.6258f,0.7762f,-0.0767f,0.7244f,0f,0f,0f,1f],start_interpolation: 0,interpolation_duration: 1}
$data merge entity $(bone_log) {transformation: [-0.9968f,0.0013f,-0.0793f,0.5316f,0.0203f,0.971f,-0.2383f,2.0689f,0.0767f,-0.2392f,-0.9679f,0.6563f,0f,0f,0f,1f],start_interpolation: 0,interpolation_duration: 1}
$data merge entity $(bone_planks) {transformation: [-0.9968f,0.0013f,-0.0793f,0.4382f,0.0203f,0.971f,-0.2383f,2.0708f,0.0767f,-0.2392f,-0.9679f,0.6635f,0f,0f,0f,1f],start_interpolation: 0,interpolation_duration: 1}
$data merge entity $(bone_lefthand1) {transformation: [-0.9968f,0.0013f,-0.0793f,0.7836f,0.0203f,0.971f,-0.2383f,2.314f,0.0767f,-0.2392f,-0.9679f,0.6076f,0f,0f,0f,1f],start_interpolation: 0,interpolation_duration: 1}
$data merge entity $(bone_leftforearm) {transformation: [-0.8221f,0.1278f,0.5549f,0.8338f,-0.066f,0.9465f,-0.3158f,2.9779f,-0.5656f,-0.2962f,-0.7697f,0.3827f,0f,0f,0f,1f],start_interpolation: 0,interpolation_duration: 1}
$data merge entity $(bone_leftelbow) {transformation: [-0.8221f,0.1278f,0.5549f,0.8578f,-0.066f,0.9465f,-0.3158f,3.1554f,-0.5656f,-0.2962f,-0.7697f,0.3271f,0f,0f,0f,1f],start_interpolation: 0,interpolation_duration: 1}
$data merge entity $(bone_leftarm) {transformation: [-0.8129f,0.0563f,0.5797f,0.6881f,-0.1756f,0.9253f,-0.3361f,3.5917f,-0.5553f,-0.375f,-0.7423f,0.0392f,0f,0f,0f,1f],start_interpolation: 0,interpolation_duration: 1}
$data merge entity $(bone_rightthumb2) {transformation: [-0.9266f,0.092f,-0.3646f,-0.7905f,0.1169f,0.992f,-0.0467f,1.9462f,0.3574f,-0.0859f,-0.93f,0.6728f,0f,0f,0f,1f],start_interpolation: 0,interpolation_duration: 1}
$data merge entity $(bone_rightthumb) {transformation: [-0.9266f,0.092f,-0.3646f,-0.7991f,0.1169f,0.992f,-0.0467f,2.1855f,0.3574f,-0.0859f,-0.93f,0.5723f,0f,0f,0f,1f],start_interpolation: 0,interpolation_duration: 1}
$data merge entity $(bone_rightpointerfinger) {transformation: [-0.9266f,0.092f,-0.3646f,-0.9478f,0.1169f,0.992f,-0.0467f,1.8706f,0.3574f,-0.0859f,-0.93f,0.596f,0f,0f,0f,1f],start_interpolation: 0,interpolation_duration: 1}
$data merge entity $(bone_rightmidfinger) {transformation: [-0.9266f,0.092f,-0.3646f,-1.0047f,0.1169f,0.992f,-0.0467f,1.8633f,0.3574f,-0.0859f,-0.93f,0.4507f,0f,0f,0f,1f],start_interpolation: 0,interpolation_duration: 1}
$data merge entity $(bone_rightringfinger) {transformation: [-0.9266f,0.092f,-0.3646f,-1.0617f,0.1169f,0.992f,-0.0467f,1.856f,0.3574f,-0.0859f,-0.93f,0.3053f,0f,0f,0f,1f],start_interpolation: 0,interpolation_duration: 1}
$data merge entity $(bone_hugeasssword) {transformation: [-3.6292f,0.3603f,-1.428f,-0.7342f,0.4577f,3.8855f,-0.183f,2.0345f,1.3998f,-0.3365f,-3.6425f,0.3528f,0f,0f,0f,1f],start_interpolation: 0,interpolation_duration: 1}
$data merge entity $(bone_ice) {transformation: [-0.9266f,0.092f,-0.3646f,-0.7212f,0.1169f,0.992f,-0.0467f,2.0171f,0.3574f,-0.0859f,-0.93f,0.3486f,0f,0f,0f,1f],start_interpolation: 0,interpolation_duration: 1}
$data merge entity $(bone_righthand1) {transformation: [-0.9266f,0.092f,-0.3646f,-0.9412f,0.1169f,0.992f,-0.0467f,2.2929f,0.3574f,-0.0859f,-0.93f,0.3874f,0f,0f,0f,1f],start_interpolation: 0,interpolation_duration: 1}
$data merge entity $(bone_rightforearm) {transformation: [-0.6851f,0.0329f,-0.7277f,-0.872f,0.1611f,0.9811f,-0.1073f,2.973f,0.7104f,-0.1908f,-0.6774f,0.226f,0f,0f,0f,1f],start_interpolation: 0,interpolation_duration: 1}
$data merge entity $(bone_rightelbow) {transformation: [-0.6851f,0.0329f,-0.7277f,-0.8658f,0.1611f,0.9811f,-0.1073f,3.157f,0.7104f,-0.1908f,-0.6774f,0.1903f,0f,0f,0f,1f],start_interpolation: 0,interpolation_duration: 1}
$data merge entity $(bone_rightarm) {transformation: [-0.6652f,0.1152f,-0.7377f,-0.6417f,0.2695f,0.9585f,-0.0934f,3.579f,0.6963f,-0.2609f,-0.6686f,-0.07f,0f,0f,0f,1f],start_interpolation: 0,interpolation_duration: 1}
$data merge entity $(bone_chest1) {transformation: [-1.0814f,0.0137f,0.0624f,0.0233f,0.0133f,1.0832f,-0.0065f,3.4858f,-0.0625f,-0.0057f,-1.0815f,-0.1886f,0f,0f,0f,1f],start_interpolation: 0,interpolation_duration: 1}
$data merge entity $(bone_chest1lid) {transformation: [-0.9983f,0.0126f,0.0576f,-0.3487f,0.0123f,0.9999f,-0.006f,2.809f,-0.0577f,-0.0053f,-0.9983f,0.186f,0f,0f,0f,1f],start_interpolation: 0,interpolation_duration: 1}
$data merge entity $(bone_chest2) {transformation: [-0.9983f,0.0126f,0.0576f,-0.3507f,0.0123f,0.9999f,-0.006f,2.6528f,-0.0577f,-0.0053f,-0.9983f,0.1868f,0f,0f,0f,1f],start_interpolation: 0,interpolation_duration: 1}
$data merge entity $(bone_chest1lid3) {transformation: [-0.9983f,0.0126f,0.0576f,-0.2494f,0.0123f,0.9999f,-0.006f,2.8044f,-0.0577f,-0.0053f,-0.9983f,-0.45f,0f,0f,0f,1f],start_interpolation: 0,interpolation_duration: 1}
$data merge entity $(bone_chest3) {transformation: [-0.9983f,0.0126f,0.0576f,-0.2514f,0.0123f,0.9999f,-0.006f,2.6482f,-0.0577f,-0.0053f,-0.9983f,-0.4492f,0f,0f,0f,1f],start_interpolation: 0,interpolation_duration: 1}
$data merge entity $(bone_hugeasssword2) {transformation: [-0.2255f,2.9161f,-2.605f,-1.1767f,0.0235f,2.6103f,2.92f,4.6596f,3.9101f,0.1525f,-0.1678f,-0.5303f,0f,0f,0f,1f],start_interpolation: 0,interpolation_duration: 1}
$data merge entity $(bone_belt) {transformation: [-0.9983f,0.0126f,0.0576f,0.0427f,0.0123f,0.9999f,-0.006f,3.0879f,-0.0577f,-0.0053f,-0.9983f,-0.054f,0f,0f,0f,1f],start_interpolation: 0,interpolation_duration: 1}
$data merge entity $(bone_torn_part) {transformation: [-0.9958f,0.027f,0.0872f,-0.0882f,0.0469f,0.9707f,0.2356f,2.8064f,-0.0783f,0.2387f,-0.9679f,-0.0592f,0f,0f,0f,1f],start_interpolation: 0,interpolation_duration: 1}
$data merge entity $(bone_lowerbody) {transformation: [-0.9958f,0.052f,0.0751f,-0.0269f,0.0469f,0.9966f,-0.0672f,2.3246f,-0.0783f,-0.0634f,-0.9949f,0.1193f,0f,0f,0f,1f],start_interpolation: 0,interpolation_duration: 1}
$data merge entity $(bone_leftfoot) {transformation: [-0.96f,-0.1285f,-0.2486f,0.4696f,-0.1202f,0.9916f,-0.0484f,0.1783f,0.2527f,-0.0166f,-0.9674f,0.0731f,0f,0f,0f,1f],start_interpolation: 0,interpolation_duration: 1}
$data merge entity $(bone_leftlowerleg) {transformation: [-0.96f,-0.1285f,-0.2486f,0.3653f,-0.1202f,0.9916f,-0.0484f,1.2858f,0.2527f,-0.0166f,-0.9674f,0.2033f,0f,0f,0f,1f],start_interpolation: 0,interpolation_duration: 1}
$data merge entity $(bone_leftleg) {transformation: [-0.9758f,-0.1203f,-0.1825f,0.2137f,-0.069f,0.9617f,-0.2654f,2.3058f,0.2075f,-0.2464f,-0.9467f,-0.0281f,0f,0f,0f,1f],start_interpolation: 0,interpolation_duration: 1}
$data merge entity $(bone_rightfoot) {transformation: [-0.9187f,0.0141f,0.3946f,-0.2075f,0.0346f,0.9984f,0.045f,0.1848f,-0.3933f,0.055f,-0.9177f,-0.1996f,0f,0f,0f,1f],start_interpolation: 0,interpolation_duration: 1}
$data merge entity $(bone_rightlowerleg) {transformation: [-0.9187f,0.0141f,0.3946f,-0.2525f,0.0346f,0.9984f,0.045f,1.2854f,-0.3933f,0.055f,-0.9177f,0.0024f,0f,0f,0f,1f],start_interpolation: 0,interpolation_duration: 1}
$data merge entity $(bone_rightleg) {transformation: [-0.9682f,-0.0196f,0.2495f,-0.2539f,-0.043f,0.9951f,-0.0887f,2.3429f,-0.2465f,-0.0966f,-0.9643f,-0.0707f,0f,0f,0f,1f],start_interpolation: 0,interpolation_duration: 1}
data modify entity @s data merge value {"cameras":{},"locators":{"lefthand":{"posx":0.626194802822587,"posy":1.9948552504166268,"posz":0.6829599372742281,"roty":355.31647280714446,"rotx":-13.78796520673415},"sword":{"posx":0.540655872929822,"posy":2.185638239324281,"posz":3.8272946214840458,"roty":338.59303674734076,"rotx":-2.6783387591137826},"righthand":{"posx":-0.8037742656969663,"posy":2.0133257632444295,"posz":0.3979401249440348,"roty":338.59303674734076,"rotx":-2.6783387591137826},"chest":{"posx":-0.389703913447375,"posy":2.7478305874517104,"posz":0.3404702972294115,"roty":3.3012060046398233,"rotx":-0.3435450734186223}}}