# This file was generated by Animated Java via MC-Build. It is not recommended to edit this file directly.
$data merge entity $(bone_nose) {transformation: [-0.9924f,-0.1226f,0.0053f,-0.253f,-0.1174f,0.961f,0.2506f,4.1683f,-0.0358f,0.2481f,-0.9681f,0.4786f,0f,0f,0f,1f],start_interpolation: 0,interpolation_duration: 1}
$data merge entity $(bone_glowing_eye) {transformation: [-0.9924f,-0.1226f,0.0053f,-0.3856f,-0.1174f,0.961f,0.2506f,4.2099f,-0.0358f,0.2481f,-0.9681f,0.5247f,0f,0f,0f,1f],start_interpolation: 0,interpolation_duration: 1}
$data merge entity $(bone_head) {transformation: [-0.9924f,-0.1226f,0.0053f,-0.2369f,-0.1174f,0.961f,0.2506f,4.0965f,-0.0358f,0.2481f,-0.9681f,0.2667f,0f,0f,0f,1f],start_interpolation: 0,interpolation_duration: 1}
$data merge entity $(bone_leftthumb2) {transformation: [0.1349f,0.9879f,-0.076f,-0.5542f,-0.9489f,0.1068f,-0.2969f,3.8024f,-0.2853f,0.1122f,0.9519f,0.6044f,0f,0f,0f,1f],start_interpolation: 0,interpolation_duration: 1}
$data merge entity $(bone_leftthumb) {transformation: [0.1349f,0.9879f,-0.076f,-0.3184f,-0.9489f,0.1068f,-0.2969f,3.8032f,-0.2853f,0.1122f,0.9519f,0.7132f,0f,0f,0f,1f],start_interpolation: 0,interpolation_duration: 1}
$data merge entity $(bone_leftpointerfinger) {transformation: [0.1349f,0.9879f,-0.076f,-0.6608f,-0.9489f,0.1068f,-0.2969f,3.8581f,-0.2853f,0.1122f,0.9519f,0.7522f,0f,0f,0f,1f],start_interpolation: 0,interpolation_duration: 1}
$data merge entity $(bone_leftmidfinger) {transformation: [0.1349f,0.9879f,-0.076f,-0.6727f,-0.9489f,0.1068f,-0.2969f,3.8117f,-0.2853f,0.1122f,0.9519f,0.9009f,0f,0f,0f,1f],start_interpolation: 0,interpolation_duration: 1}
$data merge entity $(bone_leftringfinger) {transformation: [0.1349f,0.9879f,-0.076f,-0.6846f,-0.9489f,0.1068f,-0.2969f,3.7653f,-0.2853f,0.1122f,0.9519f,1.0497f,0f,0f,0f,1f],start_interpolation: 0,interpolation_duration: 1}
$data merge entity $(bone_invisibility) {transformation: [0.9776f,0.1618f,-0.1349f,-0.5251f,0.0805f,0.3051f,0.9489f,3.7011f,0.1947f,-0.9385f,0.2853f,0.6813f,0f,0f,0f,1f],start_interpolation: 0,interpolation_duration: 1}
$data merge entity $(bone_swiftness) {transformation: [-0.076f,0.9879f,-0.1349f,-0.6661f,-0.2969f,0.1068f,0.9489f,3.5815f,0.9519f,0.1122f,0.2853f,0.8297f,0f,0f,0f,1f],start_interpolation: 0,interpolation_duration: 1}
$data merge entity $(bone_suspicious_stew) {transformation: [0.8633f,0.4864f,-0.1349f,-0.5857f,-0.0287f,0.3142f,0.9489f,3.6404f,0.5039f,-0.8153f,0.2853f,0.8545f,0f,0f,0f,1f],start_interpolation: 0,interpolation_duration: 1}
$data merge entity $(bone_log) {transformation: [0.1349f,0.9879f,-0.076f,-0.4531f,-0.9489f,0.1068f,-0.2969f,3.5509f,-0.2853f,0.1122f,0.9519f,0.8864f,0f,0f,0f,1f],start_interpolation: 0,interpolation_duration: 1}
$data merge entity $(bone_planks) {transformation: [0.1349f,0.9879f,-0.076f,-0.4404f,-0.9489f,0.1068f,-0.2969f,3.4619f,-0.2853f,0.1122f,0.9519f,0.8596f,0f,0f,0f,1f],start_interpolation: 0,interpolation_duration: 1}
$data merge entity $(bone_lefthand1) {transformation: [0.1349f,0.9879f,-0.076f,-0.2375f,-0.9489f,0.1068f,-0.2969f,3.8241f,-0.2853f,0.1122f,0.9519f,0.956f,0f,0f,0f,1f],start_interpolation: 0,interpolation_duration: 1}
$data merge entity $(bone_leftforearm) {transformation: [0.1138f,0.9803f,0.1615f,0.464f,-0.9744f,0.1418f,-0.1743f,3.8697f,-0.1938f,-0.1375f,0.9714f,0.8318f,0f,0f,0f,1f],start_interpolation: 0,interpolation_duration: 1}
$data merge entity $(bone_leftelbow) {transformation: [0.1138f,0.9803f,0.1615f,0.6478f,-0.9744f,0.1418f,-0.1743f,3.8963f,-0.1938f,-0.1375f,0.9714f,0.806f,0f,0f,0f,1f],start_interpolation: 0,interpolation_duration: 1}
$data merge entity $(bone_leftarm) {transformation: [0.0877f,-0.2335f,0.9684f,0.4487f,-0.9918f,0.0699f,0.1067f,3.6863f,-0.0926f,-0.9698f,-0.2255f,0.4146f,0f,0f,0f,1f],start_interpolation: 0,interpolation_duration: 1}
$data merge entity $(bone_rightthumb2) {transformation: [-0.6128f,0.2371f,-0.7539f,-0.9637f,0.2697f,-0.8339f,-0.4815f,4.9786f,-0.7428f,-0.4983f,0.4471f,1.0768f,0f,0f,0f,1f],start_interpolation: 0,interpolation_duration: 1}
$data merge entity $(bone_rightthumb) {transformation: [-0.6128f,0.2371f,-0.7539f,-0.9699f,0.2697f,-0.8339f,-0.4815f,4.733f,-0.7428f,-0.4983f,0.4471f,0.9928f,0f,0f,0f,1f],start_interpolation: 0,interpolation_duration: 1}
$data merge entity $(bone_rightpointerfinger) {transformation: [-0.6128f,0.2371f,-0.7539f,-1.1501f,0.2697f,-0.8339f,-0.4815f,5.0135f,-0.7428f,-0.4983f,0.4471f,1.0961f,0f,0f,0f,1f],start_interpolation: 0,interpolation_duration: 1}
$data merge entity $(bone_rightmidfinger) {transformation: [-0.6128f,0.2371f,-0.7539f,-1.2679f,0.2697f,-0.8339f,-0.4815f,4.9383f,-0.7428f,-0.4983f,0.4471f,1.1659f,0f,0f,0f,1f],start_interpolation: 0,interpolation_duration: 1}
$data merge entity $(bone_rightringfinger) {transformation: [-0.6128f,0.2371f,-0.7539f,-1.3857f,0.2697f,-0.8339f,-0.4815f,4.8631f,-0.7428f,-0.4983f,0.4471f,1.2358f,0f,0f,0f,1f],start_interpolation: 0,interpolation_duration: 1}
$data merge entity $(bone_hugeasssword) {transformation: [-2.4f,0.9288f,-2.9526f,-1.0452f,1.0561f,-3.2662f,-1.8859f,4.7048f,-2.9095f,-1.9517f,1.751f,1.255f,0f,0f,0f,1f],start_interpolation: 0,interpolation_duration: 1}
$data merge entity $(bone_ice) {transformation: [-0.6128f,0.2371f,-0.7539f,-1.0393f,0.2697f,-0.8339f,-0.4815f,4.7136f,-0.7428f,-0.4983f,0.4471f,1.2744f,0f,0f,0f,1f],start_interpolation: 0,interpolation_duration: 1}
$data merge entity $(bone_righthand1) {transformation: [-0.6128f,0.2371f,-0.7539f,-1.1568f,0.2697f,-0.8339f,-0.4815f,4.5575f,-0.7428f,-0.4983f,0.4471f,0.9781f,0f,0f,0f,1f],start_interpolation: 0,interpolation_duration: 1}
$data merge entity $(bone_rightforearm) {transformation: [-0.0284f,-0.0288f,-0.9992f,-1.1609f,0.8206f,-0.5715f,-0.0069f,4.1019f,-0.5708f,-0.8201f,0.0399f,0.4361f,0f,0f,0f,1f],start_interpolation: 0,interpolation_duration: 1}
$data merge entity $(bone_rightelbow) {transformation: [-0.0284f,-0.0288f,-0.9992f,-1.1663f,0.8206f,-0.5715f,-0.0069f,3.9948f,-0.5708f,-0.8201f,0.0399f,0.2823f,0f,0f,0f,1f],start_interpolation: 0,interpolation_duration: 1}
$data merge entity $(bone_rightarm) {transformation: [0.0216f,0.5833f,-0.812f,-0.8767f,0.7658f,-0.5318f,-0.3616f,3.6039f,-0.6427f,-0.614f,-0.4582f,0.1683f,0f,0f,0f,1f],start_interpolation: 0,interpolation_duration: 1}
$data merge entity $(bone_chest1) {transformation: [-1.0607f,-0.1766f,0.132f,-0.1346f,-0.1644f,1.0657f,0.1044f,3.4683f,-0.1468f,0.0822f,-1.0702f,0.1035f,0f,0f,0f,1f],start_interpolation: 0,interpolation_duration: 1}
$data merge entity $(bone_chest1lid) {transformation: [-0.9791f,-0.163f,0.1218f,-0.4052f,-0.1518f,0.9837f,0.0964f,2.7064f,-0.1355f,0.0759f,-0.9879f,0.3919f,0f,0f,0f,1f],start_interpolation: 0,interpolation_duration: 1}
$data merge entity $(bone_chest2) {transformation: [-0.9791f,-0.163f,0.1218f,-0.3797f,-0.1518f,0.9837f,0.0964f,2.5527f,-0.1355f,0.0759f,-0.9879f,0.38f,0f,0f,0f,1f],start_interpolation: 0,interpolation_duration: 1}
$data merge entity $(bone_chest1lid3) {transformation: [-0.9791f,-0.163f,0.1218f,-0.266f,-0.1518f,0.9837f,0.0964f,2.7776f,-0.1355f,0.0759f,-0.9879f,-0.2325f,0f,0f,0f,1f],start_interpolation: 0,interpolation_duration: 1}
$data merge entity $(bone_chest3) {transformation: [-0.9791f,-0.163f,0.1218f,-0.2405f,-0.1518f,0.9837f,0.0964f,2.6239f,-0.1355f,0.0759f,-0.9879f,-0.2444f,0f,0f,0f,1f],start_interpolation: 0,interpolation_duration: 1}
$data merge entity $(bone_hugeasssword2) {transformation: [-0.4771f,2.396f,-3.0614f,-1.4978f,-0.3776f,3.0412f,2.439f,4.4482f,3.8691f,0.5922f,-0.1394f,-0.2372f,0f,0f,0f,1f],start_interpolation: 0,interpolation_duration: 1}
$data merge entity $(bone_belt) {transformation: [-0.9791f,-0.163f,0.1218f,-0.0543f,-0.1518f,0.9837f,0.0964f,3.0687f,-0.1355f,0.0759f,-0.9879f,0.2069f,0f,0f,0f,1f],start_interpolation: 0,interpolation_duration: 1}
$data merge entity $(bone_torn_part) {transformation: [-0.9948f,-0.0892f,0.049f,-0.1426f,-0.0705f,0.9512f,0.3003f,2.7733f,-0.0734f,0.2953f,-0.9526f,0.1793f,0f,0f,0f,1f],start_interpolation: 0,interpolation_duration: 1}
$data merge entity $(bone_lowerbody) {transformation: [-0.9948f,-0.0704f,0.0736f,-0.0214f,-0.0705f,0.9975f,0.0004f,2.2931f,-0.0734f,-0.0048f,-0.9973f,0.3291f,0f,0f,0f,1f],start_interpolation: 0,interpolation_duration: 1}
$data merge entity $(bone_leftfoot) {transformation: [-0.8972f,-0.2822f,-0.3397f,0.9514f,-0.3419f,0.9307f,0.1298f,0.4077f,0.2796f,0.2326f,-0.9315f,0.1122f,0f,0f,0f,1f],start_interpolation: 0,interpolation_duration: 1}
$data merge entity $(bone_leftlowerleg) {transformation: [-0.8972f,-0.2822f,-0.3397f,0.6905f,-0.3419f,0.9307f,0.1298f,1.4203f,0.2796f,0.2326f,-0.9315f,0.5134f,0f,0f,0f,1f],start_interpolation: 0,interpolation_duration: 1}
$data merge entity $(bone_leftleg) {transformation: [-0.9076f,-0.4182f,-0.0372f,0.2278f,-0.3725f,0.8429f,-0.3883f,2.297f,0.1937f,-0.3386f,-0.9208f,0.1818f,0f,0f,0f,1f],start_interpolation: 0,interpolation_duration: 1}
$data merge entity $(bone_rightfoot) {transformation: [-0.9334f,0.0787f,0.3501f,-0.4573f,0.1872f,0.9391f,0.288f,0.3047f,-0.3061f,0.3344f,-0.8913f,0.0067f,0f,0f,0f,1f],start_interpolation: 0,interpolation_duration: 1}
$data merge entity $(bone_rightlowerleg) {transformation: [-0.9334f,0.0787f,0.3501f,-0.4237f,0.1872f,0.9391f,0.288f,1.3023f,-0.3061f,0.3344f,-0.8913f,0.5146f,0f,0f,0f,1f],start_interpolation: 0,interpolation_duration: 1}
$data merge entity $(bone_rightleg) {transformation: [-0.9819f,0.1353f,0.1324f,-0.2586f,0.0745f,0.9192f,-0.3866f,2.2672f,-0.174f,-0.3698f,-0.9127f,0.1447f,0f,0f,0f,1f],start_interpolation: 0,interpolation_duration: 1}
data modify entity @s data merge value {"cameras":{},"locators":{"lefthand":{"posx":-0.5417342979723844,"posy":3.63613703960145,"posz":0.8894751040086856,"roty":184.56321924539864,"rotx":-17.27435404615158},"sword":{"posx":1.691159446880526,"posy":6.534969906133976,"posz":-0.4429387416982915,"roty":239.3310601571834,"rotx":-28.783328994141613},"righthand":{"posx":-1.0886891470609532,"posy":4.759443523387715,"posz":1.205576987354226,"roty":239.3310601571834,"rotx":-28.783328994141613},"chest":{"posx":-0.44463007626655104,"posy":2.625107778636128,"posz":0.5372501925736906,"roty":7.029485026276745,"rotx":5.532549971589617}}}