# This file was generated by Animated Java via MC-Build. It is not recommended to edit this file directly.
$data merge entity $(bone_nose) {transformation: [-0.9893f,-0.0077f,-0.1458f,-0.1618f,-0.0495f,0.9572f,0.2852f,4.0875f,0.1374f,0.2893f,-0.9473f,0.3279f,0f,0f,0f,1f],start_interpolation: 0,interpolation_duration: 1}
$data merge entity $(bone_glowing_eye) {transformation: [-0.9893f,-0.0077f,-0.1458f,-0.2809f,-0.0495f,0.9572f,0.2852f,4.1362f,0.1374f,0.2893f,-0.9473f,0.3977f,0f,0f,0f,1f],start_interpolation: 0,interpolation_duration: 1}
$data merge entity $(bone_head) {transformation: [-0.9893f,-0.0077f,-0.1458f,-0.1881f,-0.0495f,0.9572f,0.2852f,4.0227f,0.1374f,0.2893f,-0.9473f,0.1148f,0f,0f,0f,1f],start_interpolation: 0,interpolation_duration: 1}
$data merge entity $(bone_leftthumb2) {transformation: [-0.1728f,0.6649f,0.7267f,-0.3503f,-0.2496f,0.6841f,-0.6853f,2.5163f,-0.9528f,-0.2998f,0.0477f,0.5359f,0f,0f,0f,1f],start_interpolation: 0,interpolation_duration: 1}
$data merge entity $(bone_leftthumb) {transformation: [-0.1728f,0.6649f,0.7267f,-0.1252f,-0.2496f,0.6841f,-0.6853f,2.6255f,-0.9528f,-0.2998f,0.0477f,0.4665f,0f,0f,0f,1f],start_interpolation: 0,interpolation_duration: 1}
$data merge entity $(bone_leftpointerfinger) {transformation: [-0.1728f,0.6649f,0.7267f,-0.2904f,-0.2496f,0.6841f,-0.6853f,2.3962f,-0.9528f,-0.2998f,0.0477f,0.6713f,0f,0f,0f,1f],start_interpolation: 0,interpolation_duration: 1}
$data merge entity $(bone_leftmidfinger) {transformation: [-0.1728f,0.6649f,0.7267f,-0.1768f,-0.2496f,0.6841f,-0.6853f,2.2891f,-0.9528f,-0.2998f,0.0477f,0.6788f,0f,0f,0f,1f],start_interpolation: 0,interpolation_duration: 1}
$data merge entity $(bone_leftringfinger) {transformation: [-0.1728f,0.6649f,0.7267f,-0.0633f,-0.2496f,0.6841f,-0.6853f,2.182f,-0.9528f,-0.2998f,0.0477f,0.6862f,0f,0f,0f,1f],start_interpolation: 0,interpolation_duration: 1}
$data merge entity $(bone_invisibility) {transformation: [0.7257f,-0.666f,0.1728f,-0.2727f,0.6218f,0.7424f,0.2496f,2.4456f,-0.2945f,-0.0736f,0.9528f,0.4584f,0f,0f,0f,1f],start_interpolation: 0,interpolation_duration: 1}
$data merge entity $(bone_swiftness) {transformation: [0.7267f,0.6649f,0.1728f,-0.2355f,-0.6853f,0.6841f,0.2496f,2.2115f,0.0477f,-0.2998f,0.9528f,0.4583f,0f,0f,0f,1f],start_interpolation: 0,interpolation_duration: 1}
$data merge entity $(bone_suspicious_stew) {transformation: [0.9097f,-0.3776f,0.1728f,-0.1677f,0.3304f,0.9103f,0.2496f,2.2851f,-0.2516f,-0.1699f,0.9528f,0.4814f,0f,0f,0f,1f],start_interpolation: 0,interpolation_duration: 1}
$data merge entity $(bone_log) {transformation: [-0.1728f,0.6649f,0.7267f,-0.0667f,-0.2496f,0.6841f,-0.6853f,2.3151f,-0.9528f,-0.2998f,0.0477f,0.3568f,0f,0f,0f,1f],start_interpolation: 0,interpolation_duration: 1}
$data merge entity $(bone_planks) {transformation: [-0.1728f,0.6649f,0.7267f,-0.0829f,-0.2496f,0.6841f,-0.6853f,2.2917f,-0.9528f,-0.2998f,0.0477f,0.2675f,0f,0f,0f,1f],start_interpolation: 0,interpolation_duration: 1}
$data merge entity $(bone_lefthand1) {transformation: [-0.1728f,0.6649f,0.7267f,0.12f,-0.2496f,0.6841f,-0.6853f,2.5699f,-0.9528f,-0.2998f,0.0477f,0.5186f,0f,0f,0f,1f],start_interpolation: 0,interpolation_duration: 1}
$data merge entity $(bone_leftforearm) {transformation: [0.2239f,0.5901f,0.7757f,0.5402f,-0.3044f,0.7984f,-0.5195f,3.1283f,-0.9259f,-0.1198f,0.3584f,0.3811f,0f,0f,0f,1f],start_interpolation: 0,interpolation_duration: 1}
$data merge entity $(bone_leftelbow) {transformation: [0.2239f,0.5901f,0.7757f,0.6509f,-0.3044f,0.7984f,-0.5195f,3.278f,-0.9259f,-0.1198f,0.3584f,0.3586f,0f,0f,0f,1f],start_interpolation: 0,interpolation_duration: 1}
$data merge entity $(bone_leftarm) {transformation: [0.2579f,-0.5381f,0.8025f,0.4181f,-0.4049f,0.6939f,0.5954f,3.4214f,-0.8772f,-0.4785f,-0.0389f,-0.0346f,0f,0f,0f,1f],start_interpolation: 0,interpolation_duration: 1}
$data merge entity $(bone_rightthumb2) {transformation: [0.9585f,-0.0781f,-0.2743f,-0.2175f,0.1444f,0.9623f,0.2307f,2.2181f,0.2459f,-0.2607f,0.9336f,0.353f,0f,0f,0f,1f],start_interpolation: 0,interpolation_duration: 1}
$data merge entity $(bone_rightthumb) {transformation: [0.9585f,-0.0781f,-0.2743f,-0.26f,0.1444f,0.9623f,0.2307f,2.4738f,0.2459f,-0.2607f,0.9336f,0.3688f,0f,0f,0f,1f],start_interpolation: 0,interpolation_duration: 1}
$data merge entity $(bone_rightpointerfinger) {transformation: [0.9585f,-0.0781f,-0.2743f,-0.1425f,0.1444f,0.9623f,0.2307f,2.1846f,0.2459f,-0.2607f,0.9336f,0.5251f,0f,0f,0f,1f],start_interpolation: 0,interpolation_duration: 1}
$data merge entity $(bone_rightmidfinger) {transformation: [0.9585f,-0.0781f,-0.2743f,-0.1853f,0.1444f,0.9623f,0.2307f,2.2207f,0.2459f,-0.2607f,0.9336f,0.6709f,0f,0f,0f,1f],start_interpolation: 0,interpolation_duration: 1}
$data merge entity $(bone_rightringfinger) {transformation: [0.9585f,-0.0781f,-0.2743f,-0.2282f,0.1444f,0.9623f,0.2307f,2.2567f,0.2459f,-0.2607f,0.9336f,0.8168f,0f,0f,0f,1f],start_interpolation: 0,interpolation_duration: 1}
$data merge entity $(bone_hugeasssword) {transformation: [3.754f,-0.3057f,-1.0744f,-0.4515f,0.5655f,3.7688f,0.9035f,2.3742f,0.9633f,-1.0212f,3.6564f,0.538f,0f,0f,0f,1f],start_interpolation: 0,interpolation_duration: 1}
$data merge entity $(bone_ice) {transformation: [0.9585f,-0.0781f,-0.2743f,-0.4652f,0.1444f,0.9623f,0.2307f,2.3569f,0.2459f,-0.2607f,0.9336f,0.5383f,0f,0f,0f,1f],start_interpolation: 0,interpolation_duration: 1}
$data merge entity $(bone_righthand1) {transformation: [0.9585f,-0.0781f,-0.2743f,-0.2537f,0.1444f,0.9623f,0.2307f,2.6408f,0.2459f,-0.2607f,0.9336f,0.5638f,0f,0f,0f,1f],start_interpolation: 0,interpolation_duration: 1}
$data merge entity $(bone_rightforearm) {transformation: [0.7903f,-0.4951f,-0.3611f,-0.6312f,0.3855f,0.8597f,-0.3352f,3.2134f,0.4764f,0.1257f,0.8702f,0.5932f,0f,0f,0f,1f],start_interpolation: 0,interpolation_duration: 1}
$data merge entity $(bone_rightelbow) {transformation: [0.7903f,-0.4951f,-0.3611f,-0.724f,0.3855f,0.8597f,-0.3352f,3.3746f,0.4764f,0.1257f,0.8702f,0.6168f,0f,0f,0f,1f],start_interpolation: 0,interpolation_duration: 1}
$data merge entity $(bone_rightarm) {transformation: [0.7732f,0.0105f,-0.634f,-0.8629f,0.4737f,0.6552f,0.5885f,3.507f,0.4216f,-0.7554f,0.5017f,0.1952f,0f,0f,0f,1f],start_interpolation: 0,interpolation_duration: 1}
$data merge entity $(bone_chest1) {transformation: [-1.0624f,0.1074f,-0.183f,-0.2555f,0.0541f,1.0405f,0.2966f,3.4163f,0.2052f,0.2817f,-1.0257f,-0.1376f,0f,0f,0f,1f],start_interpolation: 0,interpolation_duration: 1}
$data merge entity $(bone_chest1lid) {transformation: [-0.9806f,0.0991f,-0.1689f,-0.592f,0.0499f,0.9605f,0.2738f,2.6697f,0.1894f,0.2601f,-0.9468f,0.1198f,0f,0f,0f,1f],start_interpolation: 0,interpolation_duration: 1}
$data merge entity $(bone_chest2) {transformation: [-0.9806f,0.0991f,-0.1689f,-0.6075f,0.0499f,0.9605f,0.2738f,2.5197f,0.1894f,0.2601f,-0.9468f,0.0792f,0f,0f,0f,1f],start_interpolation: 0,interpolation_duration: 1}
$data merge entity $(bone_chest1lid3) {transformation: [-0.9806f,0.0991f,-0.1689f,-0.6389f,0.0499f,0.9605f,0.2738f,2.842f,0.1894f,0.2601f,-0.9468f,-0.4986f,0f,0f,0f,1f],start_interpolation: 0,interpolation_duration: 1}
$data merge entity $(bone_chest3) {transformation: [-0.9806f,0.0991f,-0.1689f,-0.6544f,0.0499f,0.9605f,0.2738f,2.6919f,0.1894f,0.2601f,-0.9468f,-0.5392f,0f,0f,0f,1f],start_interpolation: 0,interpolation_duration: 1}
$data merge entity $(bone_hugeasssword2) {transformation: [0.6616f,3.0941f,-2.3086f,-1.3935f,-1.0724f,2.3973f,2.9057f,4.6648f,3.7085f,0.1413f,1.2521f,0.1466f,0f,0f,0f,1f],start_interpolation: 0,interpolation_duration: 1}
$data merge entity $(bone_belt) {transformation: [-0.9806f,0.0991f,-0.1689f,-0.2415f,0.0499f,0.9605f,0.2738f,2.9962f,0.1894f,0.2601f,-0.9468f,-0.1233f,0f,0f,0f,1f],start_interpolation: 0,interpolation_duration: 1}
$data merge entity $(bone_torn_part) {transformation: [-0.9854f,0.0655f,-0.1571f,-0.3814f,0.0052f,0.9342f,0.3566f,2.7153f,0.1701f,0.3506f,-0.9209f,-0.1559f,0f,0f,0f,1f],start_interpolation: 0,interpolation_duration: 1}
$data merge entity $(bone_lowerbody) {transformation: [-0.9854f,0.0152f,-0.1695f,-0.2687f,0.0052f,0.9982f,0.0592f,2.219f,0.1701f,0.0575f,-0.9837f,-0.0622f,0f,0f,0f,1f],start_interpolation: 0,interpolation_duration: 1}
$data merge entity $(bone_leftfoot) {transformation: [-0.8135f,-0.0696f,-0.5774f,0.6443f,-0.0711f,0.9973f,-0.02f,0.6393f,0.5773f,0.0248f,-0.8162f,0.2528f,0f,0f,0f,1f],start_interpolation: 0,interpolation_duration: 1}
$data merge entity $(bone_leftlowerleg) {transformation: [-0.8135f,-0.0696f,-0.5774f,0.6559f,-0.0711f,0.9973f,-0.02f,1.7487f,0.5773f,0.0248f,-0.8162f,0.4057f,0f,0f,0f,1f],start_interpolation: 0,interpolation_duration: 1}
$data merge entity $(bone_leftleg) {transformation: [-0.7187f,-0.6592f,-0.2213f,-0.0549f,-0.1f,0.413f,-0.9052f,2.1787f,0.6881f,-0.6284f,-0.3627f,-0.2218f,0f,0f,0f,1f],start_interpolation: 0,interpolation_duration: 1}
$data merge entity $(bone_rightfoot) {transformation: [-0.9994f,-0.0045f,-0.0357f,-0.3605f,-0.0128f,0.972f,0.2347f,0.2011f,0.0336f,0.235f,-0.9714f,-0.2606f,0f,0f,0f,1f],start_interpolation: 0,interpolation_duration: 1}
$data merge entity $(bone_rightlowerleg) {transformation: [-0.9994f,-0.0045f,-0.0357f,-0.3601f,-0.0128f,0.972f,0.2347f,1.2433f,0.0336f,0.235f,-0.9714f,0.1493f,0f,0f,0f,1f],start_interpolation: 0,interpolation_duration: 1}
$data merge entity $(bone_rightleg) {transformation: [-0.9718f,-0.2014f,-0.1225f,-0.5449f,-0.1467f,0.9234f,-0.3546f,2.2214f,0.1845f,-0.3267f,-0.9269f,-0.1834f,0f,0f,0f,1f],start_interpolation: 0,interpolation_duration: 1}
data modify entity @s data merge value {"cameras":{},"locators":{"lefthand":{"posx":-0.11379140078362793,"posy":2.295717002172473,"posz":0.4688183215381683,"roty":93.75397045463122,"rotx":-43.261892687800355},"sword":{"posx":0.6416420062982254,"posy":1.5011147827429665,"posz":-2.8916796234954023,"roty":196.37446523622322,"rotx":13.33787375393269},"righthand":{"posx":-0.36987507530237984,"posy":2.3517951436908837,"posz":0.5508241698398657,"roty":196.37446523622322,"rotx":13.33787375393269},"chest":{"posx":-0.6024662787852411,"posy":2.568479479874888,"posz":0.25744795004852516,"roty":349.885316795304,"rotx":15.890341163411462}}}