# This file was generated by Animated Java via MC-Build. It is not recommended to edit this file directly.
$data merge entity $(bone_nose) {transformation: [-0.989f,-0.1419f,-0.0411f,-0.1645f,-0.1444f,0.9875f,0.064f,4.0494f,0.0315f,0.0692f,-0.9971f,0.4332f,0f,0f,0f,1f],start_interpolation: 0,interpolation_duration: 1}
$data merge entity $(bone_glowing_eye) {transformation: [-0.989f,-0.1419f,-0.0411f,-0.2963f,-0.1444f,0.9875f,0.064f,4.0959f,0.0315f,0.0692f,-0.9971f,0.4766f,0f,0f,0f,1f],start_interpolation: 0,interpolation_duration: 1}
$data merge entity $(bone_head) {transformation: [-0.989f,-0.1419f,-0.0411f,-0.1547f,-0.1444f,0.9875f,0.064f,3.9394f,0.0315f,0.0692f,-0.9971f,0.2379f,0f,0f,0f,1f],start_interpolation: 0,interpolation_duration: 1}
$data merge entity $(bone_leftthumb2) {transformation: [0.3773f,0.9256f,-0.0306f,-0.414f,-0.9049f,0.3615f,-0.2247f,3.5164f,-0.1969f,0.1125f,0.9739f,0.521f,0f,0f,0f,1f],start_interpolation: 0,interpolation_duration: 1}
$data merge entity $(bone_leftthumb) {transformation: [0.3773f,0.9256f,-0.0306f,-0.1896f,-0.9049f,0.3615f,-0.2247f,3.5858f,-0.1969f,0.1125f,0.9739f,0.6319f,0f,0f,0f,1f],start_interpolation: 0,interpolation_duration: 1}
$data merge entity $(bone_leftpointerfinger) {transformation: [0.3773f,0.9256f,-0.0306f,-0.536f,-0.9049f,0.3615f,-0.2247f,3.5557f,-0.1969f,0.1125f,0.9739f,0.6621f,0f,0f,0f,1f],start_interpolation: 0,interpolation_duration: 1}
$data merge entity $(bone_leftmidfinger) {transformation: [0.3773f,0.9256f,-0.0306f,-0.5408f,-0.9049f,0.3615f,-0.2247f,3.5205f,-0.1969f,0.1125f,0.9739f,0.8143f,0f,0f,0f,1f],start_interpolation: 0,interpolation_duration: 1}
$data merge entity $(bone_leftringfinger) {transformation: [0.3773f,0.9256f,-0.0306f,-0.5456f,-0.9049f,0.3615f,-0.2247f,3.4854f,-0.1969f,0.1125f,0.9739f,0.9665f,0f,0f,0f,1f],start_interpolation: 0,interpolation_duration: 1}
$data merge entity $(bone_invisibility) {transformation: [0.9194f,0.1112f,-0.3773f,-0.3631f,0.3405f,0.2554f,0.9049f,3.4325f,0.197f,-0.9604f,0.1969f,0.6071f,0f,0f,0f,1f],start_interpolation: 0,interpolation_duration: 1}
$data merge entity $(bone_swiftness) {transformation: [-0.0306f,0.9256f,-0.3773f,-0.4745f,-0.2247f,0.3615f,0.9049f,3.2943f,0.9739f,0.1125f,0.1969f,0.7642f,0f,0f,0f,1f],start_interpolation: 0,interpolation_duration: 1}
$data merge entity $(bone_suspicious_stew) {transformation: [0.8259f,0.4189f,-0.3773f,-0.4122f,0.2326f,0.3564f,0.9049f,3.3735f,0.5136f,-0.8351f,0.1969f,0.7844f,0f,0f,0f,1f],start_interpolation: 0,interpolation_duration: 1}
$data merge entity $(bone_log) {transformation: [0.3773f,0.9256f,-0.0306f,-0.2626f,-0.9049f,0.3615f,-0.2247f,3.3233f,-0.1969f,0.1125f,0.9739f,0.8257f,0f,0f,0f,1f],start_interpolation: 0,interpolation_duration: 1}
$data merge entity $(bone_planks) {transformation: [0.3773f,0.9256f,-0.0306f,-0.2272f,-0.9049f,0.3615f,-0.2247f,3.2384f,-0.1969f,0.1125f,0.9739f,0.8072f,0f,0f,0f,1f],start_interpolation: 0,interpolation_duration: 1}
$data merge entity $(bone_lefthand1) {transformation: [0.3773f,0.9256f,-0.0306f,-0.1245f,-0.9049f,0.3615f,-0.2247f,3.6469f,-0.1969f,0.1125f,0.9739f,0.8726f,0f,0f,0f,1f],start_interpolation: 0,interpolation_duration: 1}
$data merge entity $(bone_leftforearm) {transformation: [0.2133f,0.9553f,0.2048f,0.5649f,-0.9664f,0.2371f,-0.0992f,3.7584f,-0.1434f,-0.1768f,0.9737f,0.7232f,0f,0f,0f,1f],start_interpolation: 0,interpolation_duration: 1}
$data merge entity $(bone_leftelbow) {transformation: [0.2133f,0.9553f,0.2048f,0.744f,-0.9664f,0.2371f,-0.0992f,3.8028f,-0.1434f,-0.1768f,0.9737f,0.6901f,0f,0f,0f,1f],start_interpolation: 0,interpolation_duration: 1}
$data merge entity $(bone_leftarm) {transformation: [0.1912f,-0.2509f,0.9489f,0.5652f,-0.9807f,-0.0088f,0.1952f,3.5521f,-0.0406f,-0.968f,-0.2478f,0.3138f,0f,0f,0f,1f],start_interpolation: 0,interpolation_duration: 1}
$data merge entity $(bone_rightthumb2) {transformation: [-0.6786f,-0.4474f,-0.5825f,-0.0483f,0.2236f,-0.8813f,0.4164f,4.3507f,-0.6996f,0.1523f,0.6981f,0.1894f,0f,0f,0f,1f],start_interpolation: 0,interpolation_duration: 1}
$data merge entity $(bone_rightthumb) {transformation: [-0.6786f,-0.4474f,-0.5825f,-0.2078f,0.2236f,-0.8813f,0.4164f,4.1701f,-0.6996f,0.1523f,0.6981f,0.2864f,0f,0f,0f,1f],start_interpolation: 0,interpolation_duration: 1}
$data merge entity $(bone_rightpointerfinger) {transformation: [-0.6786f,-0.4474f,-0.5825f,-0.1625f,0.2236f,-0.8813f,0.4164f,4.5033f,-0.6996f,0.1523f,0.6981f,0.1926f,0f,0f,0f,1f],start_interpolation: 0,interpolation_duration: 1}
$data merge entity $(bone_rightmidfinger) {transformation: [-0.6786f,-0.4474f,-0.5825f,-0.2535f,0.2236f,-0.8813f,0.4164f,4.5683f,-0.6996f,0.1523f,0.6981f,0.3017f,0f,0f,0f,1f],start_interpolation: 0,interpolation_duration: 1}
$data merge entity $(bone_rightringfinger) {transformation: [-0.6786f,-0.4474f,-0.5825f,-0.3445f,0.2236f,-0.8813f,0.4164f,4.6334f,-0.6996f,0.1523f,0.6981f,0.4108f,0f,0f,0f,1f],start_interpolation: 0,interpolation_duration: 1}
$data merge entity $(bone_hugeasssword) {transformation: [-2.658f,-1.7522f,-2.2815f,-0.155f,0.8757f,-3.4517f,1.6307f,4.3234f,-2.7402f,0.5965f,2.7342f,0.5076f,0f,0f,0f,1f],start_interpolation: 0,interpolation_duration: 1}
$data merge entity $(bone_ice) {transformation: [-0.6786f,-0.4474f,-0.5825f,-0.1374f,0.2236f,-0.8813f,0.4164f,4.3337f,-0.6996f,0.1523f,0.6981f,0.5161f,0f,0f,0f,1f],start_interpolation: 0,interpolation_duration: 1}
$data merge entity $(bone_righthand1) {transformation: [-0.6786f,-0.4474f,-0.5825f,-0.4371f,0.2236f,-0.8813f,0.4164f,4.1823f,-0.6996f,0.1523f,0.6981f,0.4011f,0f,0f,0f,1f],start_interpolation: 0,interpolation_duration: 1}
$data merge entity $(bone_rightforearm) {transformation: [0.1739f,-0.7506f,-0.6374f,-0.9618f,0.4731f,-0.504f,0.7226f,3.7815f,-0.8637f,-0.4272f,0.2675f,0.1605f,0f,0f,0f,1f],start_interpolation: 0,interpolation_duration: 1}
$data merge entity $(bone_rightelbow) {transformation: [0.1739f,-0.7506f,-0.6374f,-1.1026f,0.4731f,-0.504f,0.7226f,3.687f,-0.8637f,-0.4272f,0.2675f,0.0804f,0f,0f,0f,1f],start_interpolation: 0,interpolation_duration: 1}
$data merge entity $(bone_rightarm) {transformation: [0.1969f,0.7908f,-0.5796f,-0.7962f,0.3975f,-0.6048f,-0.6901f,3.4463f,-0.8962f,-0.0945f,-0.4334f,0.2916f,0f,0f,0f,1f],start_interpolation: 0,interpolation_duration: 1}
$data merge entity $(bone_chest1) {transformation: [-1.0675f,-0.1848f,-0.0029f,-0.0533f,-0.183f,1.0547f,0.1667f,3.3082f,-0.0256f,0.1647f,-1.0704f,0.0705f,0f,0f,0f,1f],start_interpolation: 0,interpolation_duration: 1}
$data merge entity $(bone_chest1lid) {transformation: [-0.9853f,-0.1706f,-0.0027f,-0.2721f,-0.1689f,0.9735f,0.1538f,2.525f,-0.0236f,0.152f,-0.9881f,0.3451f,0f,0f,0f,1f],start_interpolation: 0,interpolation_duration: 1}
$data merge entity $(bone_chest2) {transformation: [-0.9853f,-0.1706f,-0.0027f,-0.2455f,-0.1689f,0.9735f,0.1538f,2.3728f,-0.0236f,0.152f,-0.9881f,0.3214f,0f,0f,0f,1f],start_interpolation: 0,interpolation_duration: 1}
$data merge entity $(bone_chest1lid3) {transformation: [-0.9853f,-0.1706f,-0.0027f,-0.2123f,-0.1689f,0.9735f,0.1538f,2.6341f,-0.0236f,0.152f,-0.9881f,-0.2864f,0f,0f,0f,1f],start_interpolation: 0,interpolation_duration: 1}
$data merge entity $(bone_chest3) {transformation: [-0.9853f,-0.1706f,-0.0027f,-0.1856f,-0.1689f,0.9735f,0.1538f,2.482f,-0.0236f,0.152f,-0.9881f,-0.3101f,0f,0f,0f,1f],start_interpolation: 0,interpolation_duration: 1}
$data merge entity $(bone_hugeasssword2) {transformation: [0.0104f,2.394f,-3.0998f,-1.4659f,-0.6025f,3.0639f,2.3643f,4.2704f,3.87f,0.4706f,0.3764f,-0.0441f,0f,0f,0f,1f],start_interpolation: 0,interpolation_duration: 1}
$data merge entity $(bone_belt) {transformation: [-0.9853f,-0.1706f,-0.0027f,0.0465f,-0.1689f,0.9735f,0.1538f,2.9057f,-0.0236f,0.152f,-0.9881f,0.14f,0f,0f,0f,1f],start_interpolation: 0,interpolation_duration: 1}
$data merge entity $(bone_torn_part) {transformation: [-0.9821f,-0.1429f,-0.1224f,-0.0277f,-0.1742f,0.9366f,0.3041f,2.6022f,0.0712f,0.32f,-0.9447f,0.114f,0f,0f,0f,1f],start_interpolation: 0,interpolation_duration: 1}
$data merge entity $(bone_lowerbody) {transformation: [-0.9821f,-0.1731f,-0.0738f,0.1631f,-0.1742f,0.9847f,0.0084f,2.1373f,0.0712f,0.0211f,-0.9972f,0.237f,0f,0f,0f,1f],start_interpolation: 0,interpolation_duration: 1}
$data merge entity $(bone_leftfoot) {transformation: [-0.8547f,-0.1078f,-0.5079f,1.0409f,-0.2101f,0.9663f,0.1486f,0.459f,0.4747f,0.2337f,-0.8485f,0.2386f,0f,0f,0f,1f],start_interpolation: 0,interpolation_duration: 1}
$data merge entity $(bone_leftlowerleg) {transformation: [-0.8547f,-0.1078f,-0.5079f,0.9994f,-0.2101f,0.9663f,0.1486f,1.5082f,0.4747f,0.2337f,-0.8485f,0.6283f,0f,0f,0f,1f],start_interpolation: 0,interpolation_duration: 1}
$data merge entity $(bone_leftleg) {transformation: [-0.8124f,-0.5612f,-0.1584f,0.387f,-0.2879f,0.6223f,-0.7279f,2.1529f,0.5071f,-0.5457f,-0.6671f,0.0803f,0f,0f,0f,1f],start_interpolation: 0,interpolation_duration: 1}
$data merge entity $(bone_rightfoot) {transformation: [-0.973f,-0.0212f,0.23f,-0.0076f,0.0949f,0.8711f,0.4818f,0.2279f,-0.2106f,0.4906f,-0.8456f,-0.192f,0f,0f,0f,1f],start_interpolation: 0,interpolation_duration: 1}
$data merge entity $(bone_rightlowerleg) {transformation: [-0.973f,-0.0212f,0.23f,-0.0665f,0.0949f,0.8711f,0.4818f,1.1203f,-0.2106f,0.4906f,-0.8456f,0.4822f,0f,0f,0f,1f],start_interpolation: 0,interpolation_duration: 1}
$data merge entity $(bone_rightleg) {transformation: [-0.9943f,-0.0459f,0.0963f,-0.0907f,-0.0794f,0.9215f,-0.3802f,2.0873f,-0.0713f,-0.3857f,-0.9199f,0.0899f,0f,0f,0f,1f],start_interpolation: 0,interpolation_duration: 1}
data modify entity @s data merge value {"cameras":{},"locators":{"lefthand":{"posx":-0.3697701813658808,"posy":3.3833828228485694,"posz":0.8201386132082032,"roty":181.80206214308572,"rotx":-12.986047803262744},"sword":{"posx":1.9630080974502921,"posy":2.8266096942784404,"posz":-2.137009564551509,"roty":219.84201574911407,"rotx":24.604412904184674},"righthand":{"posx":-0.18496953886776069,"posy":4.3619033434889785,"posz":0.43723240825743853,"roty":219.84201574911407,"rotx":24.604412904184674},"chest":{"posx":-0.2918581795096556,"posy":2.4348003105954876,"posz":0.4892849082569416,"roty":359.84561763627266,"rotx":8.849181235793743}}}