# This file was generated by Animated Java via MC-Build. It is not recommended to edit this file directly.
$data merge entity $(bone_nose) {transformation: [-0.9705f,-0.2357f,-0.0509f,-0.1444f,-0.2374f,0.9709f,0.0308f,4.0663f,0.0422f,0.042f,-0.9982f,0.4495f,0f,0f,0f,1f],start_interpolation: 0,interpolation_duration: 1}
$data merge entity $(bone_glowing_eye) {transformation: [-0.9705f,-0.2357f,-0.0509f,-0.2799f,-0.2374f,0.9709f,0.0308f,4.1013f,0.0422f,0.042f,-0.9982f,0.4925f,0f,0f,0f,1f],start_interpolation: 0,interpolation_duration: 1}
$data merge entity $(bone_head) {transformation: [-0.9705f,-0.2357f,-0.0509f,-0.1248f,-0.2374f,0.9709f,0.0308f,3.9522f,0.0422f,0.042f,-0.9982f,0.2574f,0f,0f,0f,1f],start_interpolation: 0,interpolation_duration: 1}
$data merge entity $(bone_leftthumb2) {transformation: [0.3305f,0.9288f,-0.1677f,-0.3669f,-0.9432f,0.3184f,-0.0952f,3.5851f,-0.0351f,0.1896f,0.9812f,0.3636f,0f,0f,0f,1f],start_interpolation: 0,interpolation_duration: 1}
$data merge entity $(bone_leftthumb) {transformation: [0.3305f,0.9288f,-0.1677f,-0.1534f,-0.9432f,0.3184f,-0.0952f,3.655f,-0.0351f,0.1896f,0.9812f,0.494f,0f,0f,0f,1f],start_interpolation: 0,interpolation_duration: 1}
$data merge entity $(bone_leftpointerfinger) {transformation: [0.3305f,0.9288f,-0.1677f,-0.5022f,-0.9432f,0.3184f,-0.0952f,3.6493f,-0.0351f,0.1896f,0.9812f,0.4816f,0f,0f,0f,1f],start_interpolation: 0,interpolation_duration: 1}
$data merge entity $(bone_leftmidfinger) {transformation: [0.3305f,0.9288f,-0.1677f,-0.5284f,-0.9432f,0.3184f,-0.0952f,3.6344f,-0.0351f,0.1896f,0.9812f,0.6349f,0f,0f,0f,1f],start_interpolation: 0,interpolation_duration: 1}
$data merge entity $(bone_leftringfinger) {transformation: [0.3305f,0.9288f,-0.1677f,-0.5546f,-0.9432f,0.3184f,-0.0952f,3.6195f,-0.0351f,0.1896f,0.9812f,0.7882f,0f,0f,0f,1f],start_interpolation: 0,interpolation_duration: 1}
$data merge entity $(bone_invisibility) {transformation: [0.9107f,0.248f,-0.3305f,-0.3334f,0.3089f,0.1226f,0.9432f,3.5102f,0.2744f,-0.961f,0.0351f,0.4651f,0f,0f,0f,1f],start_interpolation: 0,interpolation_duration: 1}
$data merge entity $(bone_swiftness) {transformation: [-0.1677f,0.9288f,-0.3305f,-0.4734f,-0.0952f,0.3184f,0.9432f,3.4001f,0.9812f,0.1896f,0.0351f,0.6216f,0f,0f,0f,1f],start_interpolation: 0,interpolation_duration: 1}
$data merge entity $(bone_suspicious_stew) {transformation: [0.7709f,0.5445f,-0.3305f,-0.4084f,0.2483f,0.2209f,0.9432f,3.4774f,0.5866f,-0.8092f,0.0351f,0.6402f,0f,0f,0f,1f],start_interpolation: 0,interpolation_duration: 1}
$data merge entity $(bone_log) {transformation: [0.3305f,0.9288f,-0.1677f,-0.2692f,-0.9432f,0.3184f,-0.0952f,3.4243f,-0.0351f,0.1896f,0.9812f,0.7066f,0f,0f,0f,1f],start_interpolation: 0,interpolation_duration: 1}
$data merge entity $(bone_planks) {transformation: [0.3305f,0.9288f,-0.1677f,-0.2382f,-0.9432f,0.3184f,-0.0952f,3.3359f,-0.0351f,0.1896f,0.9812f,0.7033f,0f,0f,0f,1f],start_interpolation: 0,interpolation_duration: 1}
$data merge entity $(bone_lefthand1) {transformation: [0.3305f,0.9288f,-0.1677f,-0.1144f,-0.9432f,0.3184f,-0.0952f,3.7427f,-0.0351f,0.1896f,0.9812f,0.7321f,0f,0f,0f,1f],start_interpolation: 0,interpolation_duration: 1}
$data merge entity $(bone_leftforearm) {transformation: [0.1973f,0.9771f,0.08f,0.5918f,-0.9803f,0.1971f,0.0104f,3.8229f,-0.0056f,-0.0805f,0.9967f,0.6593f,0f,0f,0f,1f],start_interpolation: 0,interpolation_duration: 1}
$data merge entity $(bone_leftelbow) {transformation: [0.1973f,0.9771f,0.08f,0.775f,-0.9803f,0.1971f,0.0104f,3.8599f,-0.0056f,-0.0805f,0.9967f,0.6442f,0f,0f,0f,1f],start_interpolation: 0,interpolation_duration: 1}
$data merge entity $(bone_leftarm) {transformation: [0.1666f,-0.2005f,0.9654f,0.6097f,-0.9815f,-0.127f,0.143f,3.567f,0.0939f,-0.9714f,-0.218f,0.2932f,0f,0f,0f,1f],start_interpolation: 0,interpolation_duration: 1}
$data merge entity $(bone_rightthumb2) {transformation: [-0.8537f,0.2759f,-0.4417f,-0.6297f,-0.5105f,-0.6114f,0.6046f,4.426f,-0.1032f,0.7416f,0.6628f,-0.4411f,0f,0f,0f,1f],start_interpolation: 0,interpolation_duration: 1}
$data merge entity $(bone_rightthumb) {transformation: [-0.8537f,0.2759f,-0.4417f,-0.5998f,-0.5105f,-0.6114f,0.6046f,4.3277f,-0.1032f,0.7416f,0.6628f,-0.2026f,0f,0f,0f,1f],start_interpolation: 0,interpolation_duration: 1}
$data merge entity $(bone_rightpointerfinger) {transformation: [-0.8537f,0.2759f,-0.4417f,-0.8044f,-0.5105f,-0.6114f,0.6046f,4.5008f,-0.1032f,0.7416f,0.6628f,-0.4261f,0f,0f,0f,1f],start_interpolation: 0,interpolation_duration: 1}
$data merge entity $(bone_rightmidfinger) {transformation: [-0.8537f,0.2759f,-0.4417f,-0.8734f,-0.5105f,-0.6114f,0.6046f,4.5953f,-0.1032f,0.7416f,0.6628f,-0.3226f,0f,0f,0f,1f],start_interpolation: 0,interpolation_duration: 1}
$data merge entity $(bone_rightringfinger) {transformation: [-0.8537f,0.2759f,-0.4417f,-0.9424f,-0.5105f,-0.6114f,0.6046f,4.6898f,-0.1032f,0.7416f,0.6628f,-0.219f,0f,0f,0f,1f],start_interpolation: 0,interpolation_duration: 1}
$data merge entity $(bone_hugeasssword) {transformation: [-3.3436f,1.0807f,-1.7299f,-0.5837f,-1.9993f,-2.3948f,2.3682f,4.5973f,-0.4043f,2.9047f,2.5961f,-0.1549f,0f,0f,0f,1f],start_interpolation: 0,interpolation_duration: 1}
$data merge entity $(bone_ice) {transformation: [-0.8537f,0.2759f,-0.4417f,-0.5747f,-0.5105f,-0.6114f,0.6046f,4.6148f,-0.1032f,0.7416f,0.6628f,-0.1648f,0f,0f,0f,1f],start_interpolation: 0,interpolation_duration: 1}
$data merge entity $(bone_righthand1) {transformation: [-0.8537f,0.2759f,-0.4417f,-0.7329f,-0.5105f,-0.6114f,0.6046f,4.3532f,-0.1032f,0.7416f,0.6628f,0.0155f,0f,0f,0f,1f],start_interpolation: 0,interpolation_duration: 1}
$data merge entity $(bone_rightforearm) {transformation: [-0.1956f,-0.5331f,-0.8231f,-1.069f,0.072f,-0.8449f,0.5301f,3.7494f,-0.978f,0.0445f,0.2036f,0.1224f,0f,0f,0f,1f],start_interpolation: 0,interpolation_duration: 1}
$data merge entity $(bone_rightelbow) {transformation: [-0.1956f,-0.5331f,-0.8231f,-1.169f,0.072f,-0.8449f,0.5301f,3.591f,-0.978f,0.0445f,0.2036f,0.1307f,0f,0f,0f,1f],start_interpolation: 0,interpolation_duration: 1}
$data merge entity $(bone_rightarm) {transformation: [-0.1531f,0.885f,-0.4398f,-0.7652f,-0.0065f,-0.4459f,-0.8951f,3.5071f,-0.9882f,-0.1341f,0.074f,0.2957f,0f,0f,0f,1f],start_interpolation: 0,interpolation_duration: 1}
$data merge entity $(bone_chest1) {transformation: [-1.0711f,-0.1504f,-0.0605f,-0.0244f,-0.1597f,1.0491f,0.2178f,3.3268f,0.0284f,0.2243f,-1.0595f,0.0683f,0f,0f,0f,1f],start_interpolation: 0,interpolation_duration: 1}
$data merge entity $(bone_chest1lid) {transformation: [-0.9887f,-0.1389f,-0.0559f,-0.2452f,-0.1474f,0.9684f,0.2011f,2.5359f,0.0262f,0.2071f,-0.978f,0.3184f,0f,0f,0f,1f],start_interpolation: 0,interpolation_duration: 1}
$data merge entity $(bone_chest2) {transformation: [-0.9887f,-0.1389f,-0.0559f,-0.2235f,-0.1474f,0.9684f,0.2011f,2.3846f,0.0262f,0.2071f,-0.978f,0.286f,0f,0f,0f,1f],start_interpolation: 0,interpolation_duration: 1}
$data merge entity $(bone_chest1lid3) {transformation: [-0.9887f,-0.1389f,-0.0559f,-0.2192f,-0.1474f,0.9684f,0.2011f,2.674f,0.0262f,0.2071f,-0.978f,-0.3098f,0f,0f,0f,1f],start_interpolation: 0,interpolation_duration: 1}
$data merge entity $(bone_chest3) {transformation: [-0.9887f,-0.1389f,-0.0559f,-0.1975f,-0.1474f,0.9684f,0.2011f,2.5227f,0.0262f,0.2071f,-0.978f,-0.3421f,0f,0f,0f,1f],start_interpolation: 0,interpolation_duration: 1}
$data merge entity $(bone_hugeasssword2) {transformation: [0.2188f,2.4877f,-3.0172f,-1.4185f,-0.7876f,2.9881f,2.4065f,4.3222f,3.8304f,0.4723f,0.6672f,0.0817f,0f,0f,0f,1f],start_interpolation: 0,interpolation_duration: 1}
$data merge entity $(bone_belt) {transformation: [-0.9887f,-0.1389f,-0.0559f,0.0699f,-0.1474f,0.9684f,0.2011f,2.9195f,0.0262f,0.2071f,-0.978f,0.113f,0f,0f,0f,1f],start_interpolation: 0,interpolation_duration: 1}
$data merge entity $(bone_torn_part) {transformation: [-0.9789f,-0.1245f,-0.1622f,-0.0098f,-0.1747f,0.9214f,0.3472f,2.6178f,0.1063f,0.3682f,-0.9237f,0.0763f,0f,0f,0f,1f],start_interpolation: 0,interpolation_duration: 1}
$data merge entity $(bone_lowerbody) {transformation: [-0.9789f,-0.1675f,-0.1173f,0.1841f,-0.1747f,0.9831f,0.0541f,2.1472f,0.1063f,0.0734f,-0.9916f,0.1696f,0f,0f,0f,1f],start_interpolation: 0,interpolation_duration: 1}
$data merge entity $(bone_leftfoot) {transformation: [-0.792f,0.0153f,-0.6103f,1.0329f,-0.1748f,0.9521f,0.2507f,0.8319f,0.585f,0.3053f,-0.7514f,0.249f,0f,0f,0f,1f],start_interpolation: 0,interpolation_duration: 1}
$data merge entity $(bone_leftlowerleg) {transformation: [-0.792f,0.0153f,-0.6103f,1.1436f,-0.1748f,0.9521f,0.2507f,1.8497f,0.585f,0.3053f,-0.7514f,0.7031f,0f,0f,0f,1f],start_interpolation: 0,interpolation_duration: 1}
$data merge entity $(bone_leftleg) {transformation: [-0.737f,-0.6759f,-0.0011f,0.4147f,-0.2807f,0.3075f,-0.9092f,2.1539f,0.6148f,-0.6698f,-0.4164f,0.0244f,0f,0f,0f,1f],start_interpolation: 0,interpolation_duration: 1}
$data merge entity $(bone_rightfoot) {transformation: [-0.9648f,-0.0109f,0.2626f,-0.0421f,0.1111f,0.8885f,0.4451f,0.2239f,-0.2382f,0.4587f,-0.8561f,-0.1956f,0f,0f,0f,1f],start_interpolation: 0,interpolation_duration: 1}
$data merge entity $(bone_rightlowerleg) {transformation: [-0.9648f,-0.0109f,0.2626f,-0.0946f,0.1111f,0.8885f,0.4451f,1.1412f,-0.2382f,0.4587f,-0.8561f,0.4448f,0f,0f,0f,1f],start_interpolation: 0,interpolation_duration: 1}
$data merge entity $(bone_rightleg) {transformation: [-0.9931f,-0.0009f,0.1175f,-0.0716f,-0.0484f,0.9143f,-0.4022f,2.1003f,-0.107f,-0.4051f,-0.908f,0.0335f,0f,0f,0f,1f],start_interpolation: 0,interpolation_duration: 1}
data modify entity @s data merge value {"cameras":{},"locators":{"lefthand":{"posx":-0.37010847550733283,"posy":3.4893729586867495,"posz":0.6797275274435476,"roty":189.6980079840861,"rotx":-5.465426543340821},"sword":{"posx":0.976593160181356,"posy":2.3374435887670275,"posz":-2.640604336625571,"roty":213.67801950110766,"rotx":37.202777766511964},"righthand":{"posx":-0.6521006425266362,"posy":4.567045221296228,"posz":-0.19645022789107985,"roty":213.67801950110766,"rotx":37.202777766511964},"chest":{"posx":-0.2586614446277798,"posy":2.43938093868352,"posz":0.45907564609170515,"roty":356.7305730846419,"rotx":11.600748253576715}}}