# This file was generated by Animated Java via MC-Build. It is not recommended to edit this file directly.
$data merge entity $(bone_nose) {transformation: [-0.9866f,-0.0966f,0.1315f,0.2763f,-0.0791f,0.988f,0.1326f,4.1666f,-0.1427f,0.1204f,-0.9824f,0.5081f,0f,0f,0f,1f],start_interpolation: 0,interpolation_duration: 1}
$data merge entity $(bone_glowing_eye) {transformation: [-0.9866f,-0.0966f,0.1315f,0.1418f,-0.0791f,0.988f,0.1326f,4.219f,-0.1427f,0.1204f,-0.9824f,0.5327f,0f,0f,0f,1f],start_interpolation: 0,interpolation_duration: 1}
$data merge entity $(bone_head) {transformation: [-0.9866f,-0.0966f,0.1315f,0.3128f,-0.0791f,0.988f,0.1326f,4.0694f,-0.1427f,0.1204f,-0.9824f,0.3093f,0f,0f,0f,1f],start_interpolation: 0,interpolation_duration: 1}
$data merge entity $(bone_leftthumb2) {transformation: [0.2489f,0.9651f,-0.0817f,-0.0444f,-0.918f,0.2081f,-0.3377f,3.7112f,-0.3089f,0.159f,0.9377f,0.5504f,0f,0f,0f,1f],start_interpolation: 0,interpolation_duration: 1}
$data merge entity $(bone_leftthumb) {transformation: [0.2489f,0.9651f,-0.0817f,0.1852f,-0.918f,0.2081f,-0.3377f,3.7334f,-0.3089f,0.159f,0.9377f,0.6695f,0f,0f,0f,1f],start_interpolation: 0,interpolation_duration: 1}
$data merge entity $(bone_leftpointerfinger) {transformation: [0.2489f,0.9651f,-0.0817f,-0.1625f,-0.918f,0.2081f,-0.3377f,3.7497f,-0.3089f,0.159f,0.9377f,0.6951f,0f,0f,0f,1f],start_interpolation: 0,interpolation_duration: 1}
$data merge entity $(bone_leftmidfinger) {transformation: [0.2489f,0.9651f,-0.0817f,-0.1752f,-0.918f,0.2081f,-0.3377f,3.6969f,-0.3089f,0.159f,0.9377f,0.8416f,0f,0f,0f,1f],start_interpolation: 0,interpolation_duration: 1}
$data merge entity $(bone_leftringfinger) {transformation: [0.2489f,0.9651f,-0.0817f,-0.188f,-0.918f,0.2081f,-0.3377f,3.6442f,-0.3089f,0.159f,0.9377f,0.9881f,0f,0f,0f,1f],start_interpolation: 0,interpolation_duration: 1}
$data merge entity $(bone_invisibility) {transformation: [0.9543f,0.1655f,-0.2489f,-0.0077f,0.1779f,0.3545f,0.918f,3.6109f,0.2402f,-0.9203f,0.3089f,0.6252f,0f,0f,0f,1f],start_interpolation: 0,interpolation_duration: 1}
$data merge entity $(bone_swiftness) {transformation: [-0.0817f,0.9651f,-0.2489f,-0.1407f,-0.3377f,0.2081f,0.918f,3.4716f,0.9377f,0.159f,0.3089f,0.7634f,0f,0f,0f,1f],start_interpolation: 0,interpolation_duration: 1}
$data merge entity $(bone_suspicious_stew) {transformation: [0.8401f,0.4819f,-0.2489f,-0.0683f,0.0459f,0.394f,0.918f,3.5378f,0.5404f,-0.7826f,0.3089f,0.7936f,0f,0f,0f,1f],start_interpolation: 0,interpolation_duration: 1}
$data merge entity $(bone_log) {transformation: [0.2489f,0.9651f,-0.0817f,0.0719f,-0.918f,0.2081f,-0.3377f,3.462f,-0.3089f,0.159f,0.9377f,0.8285f,0f,0f,0f,1f],start_interpolation: 0,interpolation_duration: 1}
$data merge entity $(bone_planks) {transformation: [0.2489f,0.9651f,-0.0817f,0.0952f,-0.918f,0.2081f,-0.3377f,3.3759f,-0.3089f,0.159f,0.9377f,0.7995f,0f,0f,0f,1f],start_interpolation: 0,interpolation_duration: 1}
$data merge entity $(bone_lefthand1) {transformation: [0.2489f,0.9651f,-0.0817f,0.2535f,-0.918f,0.2081f,-0.3377f,3.754f,-0.3089f,0.159f,0.9377f,0.9162f,0f,0f,0f,1f],start_interpolation: 0,interpolation_duration: 1}
$data merge entity $(bone_leftforearm) {transformation: [0.0433f,0.9974f,0.0574f,0.9613f,-0.9431f,0.0598f,-0.327f,3.7422f,-0.3296f,-0.04f,0.9433f,0.8523f,0f,0f,0f,1f],start_interpolation: 0,interpolation_duration: 1}
$data merge entity $(bone_leftelbow) {transformation: [0.0433f,0.9974f,0.0574f,1.1483f,-0.9431f,0.0598f,-0.327f,3.7534f,-0.3296f,-0.04f,0.9433f,0.8448f,0f,0f,0f,1f],start_interpolation: 0,interpolation_duration: 1}
$data merge entity $(bone_leftarm) {transformation: [0.0004f,-0.0326f,0.9995f,1.0135f,-0.9721f,0.2342f,0.008f,3.628f,-0.2344f,-0.9716f,-0.0316f,0.3959f,0f,0f,0f,1f],start_interpolation: 0,interpolation_duration: 1}
$data merge entity $(bone_rightthumb2) {transformation: [-0.2025f,-0.1188f,-0.9721f,-0.2888f,0.8124f,-0.5747f,-0.099f,4.4325f,-0.5468f,-0.8097f,0.2129f,1.4936f,0f,0f,0f,1f],start_interpolation: 0,interpolation_duration: 1}
$data merge entity $(bone_rightthumb) {transformation: [-0.2025f,-0.1188f,-0.9721f,-0.401f,0.8124f,-0.5747f,-0.099f,4.2831f,-0.5468f,-0.8097f,0.2129f,1.3132f,0f,0f,0f,1f],start_interpolation: 0,interpolation_duration: 1}
$data merge entity $(bone_rightpointerfinger) {transformation: [-0.2025f,-0.1188f,-0.9721f,-0.4298f,0.8124f,-0.5747f,-0.099f,4.5559f,-0.5468f,-0.8097f,0.2129f,1.5291f,0f,0f,0f,1f],start_interpolation: 0,interpolation_duration: 1}
$data merge entity $(bone_rightmidfinger) {transformation: [-0.2025f,-0.1188f,-0.9721f,-0.5816f,0.8124f,-0.5747f,-0.099f,4.5404f,-0.5468f,-0.8097f,0.2129f,1.5623f,0f,0f,0f,1f],start_interpolation: 0,interpolation_duration: 1}
$data merge entity $(bone_rightringfinger) {transformation: [-0.2025f,-0.1188f,-0.9721f,-0.7335f,0.8124f,-0.5747f,-0.099f,4.5249f,-0.5468f,-0.8097f,0.2129f,1.5956f,0f,0f,0f,1f],start_interpolation: 0,interpolation_duration: 1}
$data merge entity $(bone_hugeasssword) {transformation: [-0.793f,-0.4653f,-3.8072f,-0.5368f,3.1818f,-2.2507f,-0.3877f,4.2094f,-2.1418f,-3.1714f,0.8337f,1.5398f,0f,0f,0f,1f],start_interpolation: 0,interpolation_duration: 1}
$data merge entity $(bone_ice) {transformation: [-0.2025f,-0.1188f,-0.9721f,-0.5318f,0.8124f,-0.5747f,-0.099f,4.2057f,-0.5468f,-0.8097f,0.2129f,1.561f,0f,0f,0f,1f],start_interpolation: 0,interpolation_duration: 1}
$data merge entity $(bone_righthand1) {transformation: [-0.2025f,-0.1188f,-0.9721f,-0.6425f,0.8124f,-0.5747f,-0.099f,4.262f,-0.5468f,-0.8097f,0.2129f,1.2285f,0f,0f,0f,1f],start_interpolation: 0,interpolation_duration: 1}
$data merge entity $(bone_rightforearm) {transformation: [0.18f,-0.044f,-0.9827f,-0.6749f,0.9539f,-0.2361f,0.1853f,4.0265f,-0.2402f,-0.9707f,-0.0005f,0.5594f,0f,0f,0f,1f],start_interpolation: 0,interpolation_duration: 1}
$data merge entity $(bone_rightelbow) {transformation: [0.18f,-0.044f,-0.9827f,-0.6831f,0.9539f,-0.2361f,0.1853f,3.9823f,-0.2402f,-0.9707f,-0.0005f,0.3774f,0f,0f,0f,1f],start_interpolation: 0,interpolation_duration: 1}
$data merge entity $(bone_rightarm) {transformation: [0.2416f,0.7767f,-0.5817f,-0.3643f,0.9218f,-0.371f,-0.1126f,3.6248f,-0.3032f,-0.509f,-0.8056f,0.2723f,0f,0f,0f,1f],start_interpolation: 0,interpolation_duration: 1}
$data merge entity $(bone_chest1) {transformation: [-1.0708f,-0.1182f,0.1146f,0.3888f,-0.0993f,1.0651f,0.1715f,3.4349f,-0.1313f,0.1591f,-1.0635f,0.136f,0f,0f,0f,1f],start_interpolation: 0,interpolation_duration: 1}
$data merge entity $(bone_chest1lid) {transformation: [-0.9884f,-0.1091f,0.1057f,0.0845f,-0.0916f,0.9831f,0.1583f,2.6698f,-0.1212f,0.1468f,-0.9817f,0.3784f,0f,0f,0f,1f],start_interpolation: 0,interpolation_duration: 1}
$data merge entity $(bone_chest2) {transformation: [-0.9884f,-0.1091f,0.1057f,0.1016f,-0.0916f,0.9831f,0.1583f,2.5162f,-0.1212f,0.1468f,-0.9817f,0.3554f,0f,0f,0f,1f],start_interpolation: 0,interpolation_duration: 1}
$data merge entity $(bone_chest1lid3) {transformation: [-0.9884f,-0.1091f,0.1057f,0.214f,-0.0916f,0.9831f,0.1583f,2.7769f,-0.1212f,0.1468f,-0.9817f,-0.2429f,0f,0f,0f,1f],start_interpolation: 0,interpolation_duration: 1}
$data merge entity $(bone_chest3) {transformation: [-0.9884f,-0.1091f,0.1057f,0.2311f,-0.0916f,0.9831f,0.1583f,2.6233f,-0.1212f,0.1468f,-0.9817f,-0.2659f,0f,0f,0f,1f],start_interpolation: 0,interpolation_duration: 1}
$data merge entity $(bone_hugeasssword2) {transformation: [-0.4142f,2.5653f,-2.9305f,-0.9276f,-0.6202f,2.866f,2.5965f,4.5047f,3.845f,0.7386f,0.1031f,-0.1031f,0f,0f,0f,1f],start_interpolation: 0,interpolation_duration: 1}
$data merge entity $(bone_belt) {transformation: [-0.9884f,-0.1091f,0.1057f,0.45f,-0.0916f,0.9831f,0.1583f,3.0255f,-0.1212f,0.1468f,-0.9817f,0.2099f,0f,0f,0f,1f],start_interpolation: 0,interpolation_duration: 1}
$data merge entity $(bone_torn_part) {transformation: [-0.9958f,-0.0656f,0.0639f,0.3499f,-0.0366f,0.9247f,0.379f,2.7364f,-0.0839f,0.3751f,-0.9232f,0.1595f,0f,0f,0f,1f],start_interpolation: 0,interpolation_duration: 1}
$data merge entity $(bone_lowerbody) {transformation: [-0.9958f,-0.0433f,0.0806f,0.457f,-0.0366f,0.9958f,0.0834f,2.242f,-0.0839f,0.0801f,-0.9932f,0.2683f,0f,0f,0f,1f],start_interpolation: 0,interpolation_duration: 1}
$data merge entity $(bone_leftfoot) {transformation: [-0.9698f,-0.2252f,-0.0938f,1.271f,-0.2321f,0.9702f,0.0696f,0.2256f,0.0754f,0.0893f,-0.9931f,0.1433f,0f,0f,0f,1f],start_interpolation: 0,interpolation_duration: 1}
$data merge entity $(bone_leftlowerleg) {transformation: [-0.9698f,-0.2252f,-0.0938f,1.0356f,-0.2321f,0.9702f,0.0696f,1.2912f,0.0754f,0.0893f,-0.9931f,0.3949f,0f,0f,0f,1f],start_interpolation: 0,interpolation_duration: 1}
$data merge entity $(bone_leftleg) {transformation: [-0.9599f,-0.2805f,0.0001f,0.71f,-0.2683f,0.9182f,-0.2915f,2.2546f,0.0817f,-0.2798f,-0.9566f,0.1236f,0f,0f,0f,1f],start_interpolation: 0,interpolation_duration: 1}
$data merge entity $(bone_rightfoot) {transformation: [-0.9551f,-0.0563f,0.291f,0.2966f,0.0308f,0.9577f,0.2861f,0.2727f,-0.2948f,0.2822f,-0.9129f,0.1043f,0f,0f,0f,1f],start_interpolation: 0,interpolation_duration: 1}
$data merge entity $(bone_rightlowerleg) {transformation: [-0.9551f,-0.0563f,0.291f,0.1895f,0.0308f,0.9577f,0.2861f,1.2912f,-0.2948f,0.2822f,-0.9129f,0.5576f,0f,0f,0f,1f],start_interpolation: 0,interpolation_duration: 1}
$data merge entity $(bone_rightleg) {transformation: [-0.9832f,0.0098f,0.1824f,0.2221f,-0.0745f,0.8903f,-0.4492f,2.2342f,-0.1668f,-0.4553f,-0.8746f,0.0916f,0f,0f,0f,1f],start_interpolation: 0,interpolation_duration: 1}
data modify entity @s data merge value {"cameras":{},"locators":{"lefthand":{"posx":-0.025566255955893846,"posy":3.537026408713077,"posz":0.8303575533427531,"roty":184.97899987357846,"rotx":-19.735867509755053},"sword":{"posx":3.0507333486290995,"posy":4.6574034302800715,"posz":0.7340900003049582,"roty":257.64769024505455,"rotx":-5.680823591159291},"righthand":{"posx":-0.5337125424910686,"posy":4.292389946105992,"posz":1.5190543689248548,"roty":257.64769024505455,"rotx":-5.680823591159291},"chest":{"posx":0.04392447173597151,"posy":2.580722682452167,"posz":0.5188081190319006,"roty":6.148067281669711,"rotx":9.111016881980879}}}