# This file was generated by Animated Java via MC-Build. It is not recommended to edit this file directly.
$data merge entity $(bone_nose) {transformation: [-0.9808f,-0.1421f,-0.1332f,-0.1806f,-0.1811f,0.917f,0.3554f,4.1283f,0.0717f,0.3728f,-0.9252f,0.3673f,0f,0f,0f,1f],start_interpolation: 0,interpolation_duration: 1}
$data merge entity $(bone_glowing_eye) {transformation: [-0.9808f,-0.1421f,-0.1332f,-0.3081f,-0.1811f,0.917f,0.3554f,4.1553f,0.0717f,0.3728f,-0.9252f,0.4338f,0f,0f,0f,1f],start_interpolation: 0,interpolation_duration: 1}
$data merge entity $(bone_head) {transformation: [-0.9808f,-0.1421f,-0.1332f,-0.188f,-0.1811f,0.917f,0.3554f,4.0816f,0.0717f,0.3728f,-0.9252f,0.148f,0f,0f,0f,1f],start_interpolation: 0,interpolation_duration: 1}
$data merge entity $(bone_leftthumb2) {transformation: [0.3823f,0.6731f,0.6331f,-0.3244f,-0.3813f,0.739f,-0.5554f,2.6455f,-0.8417f,-0.0291f,0.5392f,0.4126f,0f,0f,0f,1f],start_interpolation: 0,interpolation_duration: 1}
$data merge entity $(bone_leftthumb) {transformation: [0.3823f,0.6731f,0.6331f,-0.1052f,-0.3813f,0.739f,-0.5554f,2.7793f,-0.8417f,-0.0291f,0.5392f,0.4515f,0f,0f,0f,1f],start_interpolation: 0,interpolation_duration: 1}
$data merge entity $(bone_leftpointerfinger) {transformation: [0.3823f,0.6731f,0.6331f,-0.3382f,-0.3813f,0.739f,-0.5554f,2.5525f,-0.8417f,-0.0291f,0.5392f,0.5784f,0f,0f,0f,1f],start_interpolation: 0,interpolation_duration: 1}
$data merge entity $(bone_leftmidfinger) {transformation: [0.3823f,0.6731f,0.6331f,-0.2393f,-0.3813f,0.739f,-0.5554f,2.4657f,-0.8417f,-0.0291f,0.5392f,0.6626f,0f,0f,0f,1f],start_interpolation: 0,interpolation_duration: 1}
$data merge entity $(bone_leftringfinger) {transformation: [0.3823f,0.6731f,0.6331f,-0.1403f,-0.3813f,0.739f,-0.5554f,2.3789f,-0.8417f,-0.0291f,0.5392f,0.7469f,0f,0f,0f,1f],start_interpolation: 0,interpolation_duration: 1}
$data merge entity $(bone_invisibility) {transformation: [0.7257f,-0.5721f,-0.3823f,-0.2127f,0.6878f,0.6177f,0.3813f,2.5792f,0.018f,-0.5397f,0.8417f,0.4005f,0f,0f,0f,1f],start_interpolation: 0,interpolation_duration: 1}
$data merge entity $(bone_swiftness) {transformation: [0.6331f,0.6731f,-0.3823f,-0.1652f,-0.5554f,0.739f,0.3813f,2.3551f,0.5392f,-0.0291f,0.8417f,0.4617f,0f,0f,0f,1f],start_interpolation: 0,interpolation_duration: 1}
$data merge entity $(bone_suspicious_stew) {transformation: [0.8776f,-0.2894f,-0.3823f,-0.1255f,0.4351f,0.8157f,0.3813f,2.4404f,0.2015f,-0.501f,0.8417f,0.503f,0f,0f,0f,1f],start_interpolation: 0,interpolation_duration: 1}
$data merge entity $(bone_log) {transformation: [0.3823f,0.6731f,0.6331f,0.0241f,-0.3813f,0.739f,-0.5554f,2.471f,-0.8417f,-0.0291f,0.5392f,0.4457f,0f,0f,0f,1f],start_interpolation: 0,interpolation_duration: 1}
$data merge entity $(bone_planks) {transformation: [0.3823f,0.6731f,0.6331f,0.06f,-0.3813f,0.739f,-0.5554f,2.4352f,-0.8417f,-0.0291f,0.5392f,0.3668f,0f,0f,0f,1f],start_interpolation: 0,interpolation_duration: 1}
$data merge entity $(bone_lefthand1) {transformation: [0.3823f,0.6731f,0.6331f,0.077f,-0.3813f,0.739f,-0.5554f,2.7684f,-0.8417f,-0.0291f,0.5392f,0.632f,0f,0f,0f,1f],start_interpolation: 0,interpolation_duration: 1}
$data merge entity $(bone_leftforearm) {transformation: [0.4406f,0.5681f,0.6951f,0.4973f,-0.4565f,0.8085f,-0.3715f,3.3238f,-0.773f,-0.1536f,0.6155f,0.4677f,0f,0f,0f,1f],start_interpolation: 0,interpolation_duration: 1}
$data merge entity $(bone_leftelbow) {transformation: [0.4406f,0.5681f,0.6951f,0.6038f,-0.4565f,0.8085f,-0.3715f,3.4754f,-0.773f,-0.1536f,0.6155f,0.4389f,0f,0f,0f,1f],start_interpolation: 0,interpolation_duration: 1}
$data merge entity $(bone_leftarm) {transformation: [0.4698f,-0.4989f,0.7283f,0.4364f,-0.5387f,0.4916f,0.6843f,3.4919f,-0.6994f,-0.7137f,-0.0378f,-0.0106f,0f,0f,0f,1f],start_interpolation: 0,interpolation_duration: 1}
$data merge entity $(bone_rightthumb2) {transformation: [0.6524f,-0.6931f,-0.3065f,0.3369f,0.7578f,0.5943f,0.2693f,2.8407f,-0.0046f,-0.408f,0.913f,0.598f,0f,0f,0f,1f],start_interpolation: 0,interpolation_duration: 1}
$data merge entity $(bone_rightthumb) {transformation: [0.6524f,-0.6931f,-0.3065f,0.1407f,0.7578f,0.5943f,0.2693f,3.0095f,-0.0046f,-0.408f,0.913f,0.5759f,0f,0f,0f,1f],start_interpolation: 0,interpolation_duration: 1}
$data merge entity $(bone_rightpointerfinger) {transformation: [0.6524f,-0.6931f,-0.3065f,0.4251f,0.7578f,0.5943f,0.2693f,2.91f,-0.0046f,-0.408f,0.913f,0.7521f,0f,0f,0f,1f],start_interpolation: 0,interpolation_duration: 1}
$data merge entity $(bone_rightmidfinger) {transformation: [0.6524f,-0.6931f,-0.3065f,0.3772f,0.7578f,0.5943f,0.2693f,2.9521f,-0.0046f,-0.408f,0.913f,0.8947f,0f,0f,0f,1f],start_interpolation: 0,interpolation_duration: 1}
$data merge entity $(bone_rightringfinger) {transformation: [0.6524f,-0.6931f,-0.3065f,0.3293f,0.7578f,0.5943f,0.2693f,2.9942f,-0.0046f,-0.408f,0.913f,1.0374f,0f,0f,0f,1f],start_interpolation: 0,interpolation_duration: 1}
$data merge entity $(bone_hugeasssword) {transformation: [2.5554f,-2.7147f,-1.2003f,0.0679f,2.9682f,2.3276f,1.0549f,2.8673f,-0.0178f,-1.5979f,3.5759f,0.7988f,0f,0f,0f,1f],start_interpolation: 0,interpolation_duration: 1}
$data merge entity $(bone_ice) {transformation: [0.6524f,-0.6931f,-0.3065f,0.0686f,0.7578f,0.5943f,0.2693f,2.8462f,-0.0046f,-0.408f,0.913f,0.8053f,0f,0f,0f,1f],start_interpolation: 0,interpolation_duration: 1}
$data merge entity $(bone_righthand1) {transformation: [0.6524f,-0.6931f,-0.3065f,0.0488f,0.7578f,0.5943f,0.2693f,3.1926f,-0.0046f,-0.408f,0.913f,0.7307f,0f,0f,0f,1f],start_interpolation: 0,interpolation_duration: 1}
$data merge entity $(bone_rightforearm) {transformation: [0.511f,-0.8289f,-0.2276f,-0.5526f,0.7792f,0.5585f,-0.2845f,3.5294f,0.3629f,-0.032f,0.9313f,0.6566f,0f,0f,0f,1f],start_interpolation: 0,interpolation_duration: 1}
$data merge entity $(bone_rightelbow) {transformation: [0.511f,-0.8289f,-0.2276f,-0.708f,0.7792f,0.5585f,-0.2845f,3.6341f,0.3629f,-0.032f,0.9313f,0.6506f,0f,0f,0f,1f],start_interpolation: 0,interpolation_duration: 1}
$data merge entity $(bone_rightarm) {transformation: [0.4634f,-0.1892f,-0.8657f,-0.8435f,0.8368f,0.4149f,0.3572f,3.5961f,0.2916f,-0.89f,0.3506f,0.2115f,0f,0f,0f,1f],start_interpolation: 0,interpolation_duration: 1}
$data merge entity $(bone_chest1) {transformation: [-1.0617f,0.1281f,-0.1734f,-0.2488f,0.0679f,1.0256f,0.3423f,3.4899f,0.2047f,0.3246f,-1.0131f,-0.1351f,0f,0f,0f,1f],start_interpolation: 0,interpolation_duration: 1}
$data merge entity $(bone_chest1lid) {transformation: [-0.98f,0.1183f,-0.1601f,-0.6016f,0.0626f,0.9467f,0.316f,2.7406f,0.1889f,0.2996f,-0.9352f,0.0905f,0f,0f,0f,1f],start_interpolation: 0,interpolation_duration: 1}
$data merge entity $(bone_chest2) {transformation: [-0.98f,0.1183f,-0.1601f,-0.6201f,0.0626f,0.9467f,0.316f,2.5927f,0.1889f,0.2996f,-0.9352f,0.0437f,0f,0f,0f,1f],start_interpolation: 0,interpolation_duration: 1}
$data merge entity $(bone_chest1lid3) {transformation: [-0.98f,0.1183f,-0.1601f,-0.6429f,0.0626f,0.9467f,0.316f,2.9391f,0.1889f,0.2996f,-0.9352f,-0.5204f,0f,0f,0f,1f],start_interpolation: 0,interpolation_duration: 1}
$data merge entity $(bone_chest3) {transformation: [-0.98f,0.1183f,-0.1601f,-0.6614f,0.0626f,0.9467f,0.316f,2.7912f,0.1889f,0.2996f,-0.9352f,-0.5672f,0f,0f,0f,1f],start_interpolation: 0,interpolation_duration: 1}
$data merge entity $(bone_hugeasssword2) {transformation: [0.627f,3.1428f,-2.2516f,-1.3614f,-1.2375f,2.3241f,2.8995f,4.7492f,3.6627f,0.2473f,1.3651f,0.1975f,0f,0f,0f,1f],start_interpolation: 0,interpolation_duration: 1}
$data merge entity $(bone_belt) {transformation: [-0.98f,0.1183f,-0.1601f,-0.2436f,0.0626f,0.9467f,0.316f,3.0694f,0.1889f,0.2996f,-0.9352f,-0.1381f,0f,0f,0f,1f],start_interpolation: 0,interpolation_duration: 1}
$data merge entity $(bone_torn_part) {transformation: [-0.9783f,0.0968f,-0.183f,-0.3897f,0.0204f,0.9248f,0.38f,2.7924f,0.206f,0.3681f,-0.9067f,-0.1763f,0f,0f,0f,1f],start_interpolation: 0,interpolation_duration: 1}
$data merge entity $(bone_lowerbody) {transformation: [-0.9783f,0.0373f,-0.2036f,-0.2837f,0.0204f,0.9962f,0.0844f,2.2921f,0.206f,0.0784f,-0.9754f,-0.0975f,0f,0f,0f,1f],start_interpolation: 0,interpolation_duration: 1}
$data merge entity $(bone_leftfoot) {transformation: [-0.6853f,0.0034f,-0.7283f,0.6456f,0.0047f,1f,0.0003f,0.9243f,0.7283f,-0.0032f,-0.6853f,0.2402f,0f,0f,0f,1f],start_interpolation: 0,interpolation_duration: 1}
$data merge entity $(bone_leftlowerleg) {transformation: [-0.6853f,0.0034f,-0.7283f,0.7613f,0.0047f,1f,0.0003f,2.0336f,0.7283f,-0.0032f,-0.6853f,0.3419f,0f,0f,0f,1f],start_interpolation: 0,interpolation_duration: 1}
$data merge entity $(bone_leftleg) {transformation: [-0.6143f,-0.7769f,-0.1379f,-0.0679f,-0.0434f,0.2078f,-0.9772f,2.2452f,0.7879f,-0.5943f,-0.1614f,-0.249f,0f,0f,0f,1f],start_interpolation: 0,interpolation_duration: 1}
$data merge entity $(bone_rightfoot) {transformation: [-0.9988f,-0.0268f,-0.0405f,-0.373f,-0.0312f,0.9931f,0.1135f,0.2118f,0.0372f,0.1146f,-0.9927f,-0.2381f,0f,0f,0f,1f],start_interpolation: 0,interpolation_duration: 1}
$data merge entity $(bone_rightlowerleg) {transformation: [-0.9988f,-0.0268f,-0.0405f,-0.3966f,-0.0312f,0.9931f,0.1135f,1.2961f,0.0372f,0.1146f,-0.9927f,0.0416f,0f,0f,0f,1f],start_interpolation: 0,interpolation_duration: 1}
$data merge entity $(bone_rightleg) {transformation: [-0.9708f,-0.1844f,-0.1533f,-0.5631f,-0.1363f,0.9502f,-0.2804f,2.306f,0.1973f,-0.2513f,-0.9476f,-0.2096f,0f,0f,0f,1f],start_interpolation: 0,interpolation_duration: 1}
data modify entity @s data merge value {"cameras":{},"locators":{"lefthand":{"posx":-0.07418610561440567,"posy":2.457671236157611,"posz":0.5184925945312889,"roty":130.41807630505036,"rotx":-33.73638471843155},"sword":{"posx":1.2754060874893136,"posy":1.9105754255986493,"posz":-2.569688552251219,"roty":198.55521755350526,"rotx":15.624129864692879},"righthand":{"posx":0.14533477142042506,"posy":2.9037129428955724,"posz":0.7969526437088779,"roty":198.55521755350526,"rotx":15.624129864692879},"chest":{"posx":-0.6145948769071097,"posy":2.6340041971703476,"posz":0.22383032788269924,"roty":350.28639832156796,"rotx":18.418987400274954}}}