# This file was generated by Animated Java via MC-Build. It is not recommended to edit this file directly.
$data merge entity $(bone_nose) {transformation: [-0.983f,-0.1731f,-0.062f,-0.1967f,-0.1726f,0.9849f,-0.0132f,4.3197f,0.0633f,-0.0023f,-0.998f,0.6118f,0f,0f,0f,1f],start_interpolation: 0,interpolation_duration: 1}
$data merge entity $(bone_glowing_eye) {transformation: [-0.983f,-0.1731f,-0.062f,-0.3291f,-0.1726f,0.9849f,-0.0132f,4.3653f,0.0633f,-0.0023f,-0.998f,0.6543f,0f,0f,0f,1f],start_interpolation: 0,interpolation_duration: 1}
$data merge entity $(bone_head) {transformation: [-0.983f,-0.1731f,-0.062f,-0.1869f,-0.1726f,0.9849f,-0.0132f,4.1956f,0.0633f,-0.0023f,-0.998f,0.4252f,0f,0f,0f,1f],start_interpolation: 0,interpolation_duration: 1}
$data merge entity $(bone_leftthumb2) {transformation: [0.2893f,0.9303f,-0.2255f,-0.5391f,-0.9572f,0.284f,-0.0561f,3.7642f,0.0118f,0.2321f,0.9726f,0.418f,0f,0f,0f,1f],start_interpolation: 0,interpolation_duration: 1}
$data merge entity $(bone_leftthumb) {transformation: [0.2893f,0.9303f,-0.2255f,-0.3303f,-0.9572f,0.284f,-0.0561f,3.8291f,0.0118f,0.2321f,0.9726f,0.558f,0f,0f,0f,1f],start_interpolation: 0,interpolation_duration: 1}
$data merge entity $(bone_leftpointerfinger) {transformation: [0.2893f,0.9303f,-0.2255f,-0.6777f,-0.9572f,0.284f,-0.0561f,3.838f,0.0118f,0.2321f,0.9726f,0.5262f,0f,0f,0f,1f],start_interpolation: 0,interpolation_duration: 1}
$data merge entity $(bone_leftmidfinger) {transformation: [0.2893f,0.9303f,-0.2255f,-0.713f,-0.9572f,0.284f,-0.0561f,3.8292f,0.0118f,0.2321f,0.9726f,0.6782f,0f,0f,0f,1f],start_interpolation: 0,interpolation_duration: 1}
$data merge entity $(bone_leftringfinger) {transformation: [0.2893f,0.9303f,-0.2255f,-0.7482f,-0.9572f,0.284f,-0.0561f,3.8204f,0.0118f,0.2321f,0.9726f,0.8301f,0f,0f,0f,1f],start_interpolation: 0,interpolation_duration: 1}
$data merge entity $(bone_invisibility) {transformation: [0.9071f,0.3057f,-0.2893f,-0.5147f,0.278f,0.0807f,0.9572f,3.6913f,0.3159f,-0.9487f,-0.0118f,0.5234f,0f,0f,0f,1f],start_interpolation: 0,interpolation_duration: 1}
$data merge entity $(bone_swiftness) {transformation: [-0.2255f,0.9303f,-0.2893f,-0.6679f,-0.0561f,0.284f,0.9572f,3.5925f,0.9726f,0.2321f,-0.0118f,0.675f,0f,0f,0f,1f],start_interpolation: 0,interpolation_duration: 1}
$data merge entity $(bone_suspicious_stew) {transformation: [0.7479f,0.5975f,-0.2893f,-0.6006f,0.2337f,0.1709f,0.9572f,3.6675f,0.6214f,-0.7834f,-0.0118f,0.6949f,0f,0f,0f,1f],start_interpolation: 0,interpolation_duration: 1}
$data merge entity $(bone_log) {transformation: [0.2893f,0.9303f,-0.2255f,-0.4677f,-0.9572f,0.284f,-0.0561f,3.6106f,0.0118f,0.2321f,0.9726f,0.7706f,0f,0f,0f,1f],start_interpolation: 0,interpolation_duration: 1}
$data merge entity $(bone_planks) {transformation: [0.2893f,0.9303f,-0.2255f,-0.4406f,-0.9572f,0.284f,-0.0561f,3.5209f,0.0118f,0.2321f,0.9726f,0.7717f,0f,0f,0f,1f],start_interpolation: 0,interpolation_duration: 1}
$data merge entity $(bone_lefthand1) {transformation: [0.2893f,0.9303f,-0.2255f,-0.3004f,-0.9572f,0.284f,-0.0561f,3.9227f,0.0118f,0.2321f,0.9726f,0.7953f,0f,0f,0f,1f],start_interpolation: 0,interpolation_duration: 1}
$data merge entity $(bone_leftforearm) {transformation: [0.1721f,0.9846f,-0.03f,0.4096f,-0.9846f,0.1711f,-0.035f,3.9823f,-0.0293f,0.0355f,0.9989f,0.8031f,0f,0f,0f,1f],start_interpolation: 0,interpolation_duration: 1}
$data merge entity $(bone_leftelbow) {transformation: [0.1721f,0.9846f,-0.03f,0.5942f,-0.9846f,0.1711f,-0.035f,4.0143f,-0.0293f,0.0355f,0.9989f,0.8098f,0f,0f,0f,1f],start_interpolation: 0,interpolation_duration: 1}
$data merge entity $(bone_leftarm) {transformation: [0.1226f,0.0342f,0.9919f,0.5246f,-0.9903f,-0.0624f,0.1245f,3.7499f,0.0661f,-0.9975f,0.0262f,0.4114f,0f,0f,0f,1f],start_interpolation: 0,interpolation_duration: 1}
$data merge entity $(bone_rightthumb2) {transformation: [-0.7779f,0.46f,-0.428f,-1.0315f,-0.523f,-0.8516f,0.0352f,5.0859f,-0.3483f,0.2513f,0.9031f,0.4599f,0f,0f,0f,1f],start_interpolation: 0,interpolation_duration: 1}
$data merge entity $(bone_rightthumb) {transformation: [-0.7779f,0.46f,-0.428f,-0.9552f,-0.523f,-0.8516f,0.0352f,4.8801f,-0.3483f,0.2513f,0.9031f,0.5987f,0f,0f,0f,1f],start_interpolation: 0,interpolation_duration: 1}
$data merge entity $(bone_rightpointerfinger) {transformation: [-0.7779f,0.46f,-0.428f,-1.2113f,-0.523f,-0.8516f,0.0352f,5.104f,-0.3483f,0.2513f,0.9031f,0.5205f,0f,0f,0f,1f],start_interpolation: 0,interpolation_duration: 1}
$data merge entity $(bone_rightmidfinger) {transformation: [-0.7779f,0.46f,-0.428f,-1.2782f,-0.523f,-0.8516f,0.0352f,5.1095f,-0.3483f,0.2513f,0.9031f,0.6616f,0f,0f,0f,1f],start_interpolation: 0,interpolation_duration: 1}
$data merge entity $(bone_rightringfinger) {transformation: [-0.7779f,0.46f,-0.428f,-1.3451f,-0.523f,-0.8516f,0.0352f,5.115f,-0.3483f,0.2513f,0.9031f,0.8027f,0f,0f,0f,1f],start_interpolation: 0,interpolation_duration: 1}
$data merge entity $(bone_hugeasssword) {transformation: [-3.0469f,1.8018f,-1.6763f,-0.9714f,-2.0483f,-3.3355f,0.138f,5.0749f,-1.3641f,0.9841f,3.5371f,0.791f,0f,0f,0f,1f],start_interpolation: 0,interpolation_duration: 1}
$data merge entity $(bone_ice) {transformation: [-0.7779f,0.46f,-0.428f,-0.9665f,-0.523f,-0.8516f,0.0352f,5.0963f,-0.3483f,0.2513f,0.9031f,0.7926f,0f,0f,0f,1f],start_interpolation: 0,interpolation_duration: 1}
$data merge entity $(bone_righthand1) {transformation: [-0.7779f,0.46f,-0.428f,-1.0593f,-0.523f,-0.8516f,0.0352f,4.7538f,-0.3483f,0.2513f,0.9031f,0.7965f,0f,0f,0f,1f],start_interpolation: 0,interpolation_duration: 1}
$data merge entity $(bone_rightforearm) {transformation: [-0.5614f,-0.3274f,-0.76f,-1.2263f,0.4569f,-0.8884f,0.0453f,4.0932f,-0.69f,-0.3218f,0.6483f,0.6203f,0f,0f,0f,1f],start_interpolation: 0,interpolation_duration: 1}
$data merge entity $(bone_rightelbow) {transformation: [-0.5614f,-0.3274f,-0.76f,-1.2877f,0.4569f,-0.8884f,0.0453f,3.9267f,-0.69f,-0.3218f,0.6483f,0.56f,0f,0f,0f,1f],start_interpolation: 0,interpolation_duration: 1}
$data merge entity $(bone_rightarm) {transformation: [-0.5233f,0.6946f,-0.4936f,-0.8686f,0.3942f,-0.3162f,-0.8629f,3.7709f,-0.7555f,-0.6462f,-0.1084f,0.4839f,0f,0f,0f,1f],start_interpolation: 0,interpolation_duration: 1}
$data merge entity $(bone_chest1) {transformation: [-1.081f,-0.0357f,-0.062f,-0.1478f,-0.0468f,1.063f,0.2037f,3.5584f,0.0541f,0.2059f,-1.0622f,0.2512f,0f,0f,0f,1f],start_interpolation: 0,interpolation_duration: 1}
$data merge entity $(bone_chest1lid) {transformation: [-0.9978f,-0.033f,-0.0572f,-0.4435f,-0.0432f,0.9812f,0.188f,2.7995f,0.0499f,0.1901f,-0.9805f,0.522f,0f,0f,0f,1f],start_interpolation: 0,interpolation_duration: 1}
$data merge entity $(bone_chest2) {transformation: [-0.9978f,-0.033f,-0.0572f,-0.4383f,-0.0432f,0.9812f,0.188f,2.6462f,0.0499f,0.1901f,-0.9805f,0.4923f,0f,0f,0f,1f],start_interpolation: 0,interpolation_duration: 1}
$data merge entity $(bone_chest1lid3) {transformation: [-0.9978f,-0.033f,-0.0572f,-0.4178f,-0.0432f,0.9812f,0.188f,2.9227f,0.0499f,0.1901f,-0.9805f,-0.1093f,0f,0f,0f,1f],start_interpolation: 0,interpolation_duration: 1}
$data merge entity $(bone_chest3) {transformation: [-0.9978f,-0.033f,-0.0572f,-0.4126f,-0.0432f,0.9812f,0.188f,2.7693f,0.0499f,0.1901f,-0.9805f,-0.139f,0f,0f,0f,1f],start_interpolation: 0,interpolation_duration: 1}
$data merge entity $(bone_hugeasssword2) {transformation: [0.2241f,2.7941f,-2.7355f,-1.4305f,-0.7364f,2.7212f,2.719f,4.6935f,3.8403f,0.3587f,0.6811f,0.2735f,0f,0f,0f,1f],start_interpolation: 0,interpolation_duration: 1}
$data merge entity $(bone_belt) {transformation: [-0.9978f,-0.033f,-0.0572f,-0.0952f,-0.0432f,0.9812f,0.188f,3.1444f,0.0499f,0.1901f,-0.9805f,0.3022f,0f,0f,0f,1f],start_interpolation: 0,interpolation_duration: 1}
$data merge entity $(bone_torn_part) {transformation: [-0.9916f,-0.0284f,-0.1258f,-0.206f,-0.078f,0.9088f,0.4098f,2.854f,0.1027f,0.4162f,-0.9035f,0.2622f,0f,0f,0f,1f],start_interpolation: 0,interpolation_duration: 1}
$data merge entity $(bone_lowerbody) {transformation: [-0.9916f,-0.0649f,-0.1115f,-0.0618f,-0.078f,0.99f,0.1175f,2.3617f,0.1027f,0.1252f,-0.9868f,0.3298f,0f,0f,0f,1f],start_interpolation: 0,interpolation_duration: 1}
$data merge entity $(bone_leftfoot) {transformation: [-0.7916f,-0.1242f,-0.5983f,0.7951f,-0.312f,0.924f,0.221f,0.7021f,0.5254f,0.3616f,-0.7702f,0.1901f,0f,0f,0f,1f],start_interpolation: 0,interpolation_duration: 1}
$data merge entity $(bone_leftlowerleg) {transformation: [-0.7916f,-0.1242f,-0.5983f,0.7492f,-0.312f,0.924f,0.221f,1.6932f,0.5254f,0.3616f,-0.7702f,0.7096f,0f,0f,0f,1f],start_interpolation: 0,interpolation_duration: 1}
$data merge entity $(bone_leftleg) {transformation: [-0.8407f,-0.5351f,-0.0828f,0.1682f,-0.3473f,0.6502f,-0.6758f,2.3631f,0.4154f,-0.5394f,-0.7324f,0.1626f,0f,0f,0f,1f],start_interpolation: 0,interpolation_duration: 1}
$data merge entity $(bone_rightfoot) {transformation: [-0.9659f,0.1582f,0.2051f,-0.6281f,0.1662f,0.9858f,0.0225f,0.2298f,-0.1987f,0.0559f,-0.9785f,0.0285f,0f,0f,0f,1f],start_interpolation: 0,interpolation_duration: 1}
$data merge entity $(bone_rightlowerleg) {transformation: [-0.9659f,0.1582f,0.2051f,-0.4841f,0.1662f,0.9858f,0.0225f,1.3199f,-0.1987f,0.0559f,-0.9785f,0.2409f,0f,0f,0f,1f],start_interpolation: 0,interpolation_duration: 1}
$data merge entity $(bone_rightleg) {transformation: [-0.9919f,0.1264f,0.0121f,-0.3249f,0.1251f,0.9893f,-0.0749f,2.3657f,-0.0214f,-0.0728f,-0.9971f,0.1883f,0f,0f,0f,1f],start_interpolation: 0,interpolation_duration: 1}
data modify entity @s data merge value {"cameras":{},"locators":{"lefthand":{"posx":-0.5640100915167763,"posy":3.679025979122989,"posz":0.7361595541593505,"roty":193.05225642020494,"rotx":-3.2166305175258403},"sword":{"posx":0.5383412863254412,"posy":4.930110622448562,"posz":-2.588281576402336,"roty":205.35764770860436,"rotx":2.019647162610765},"righthand":{"posx":-1.0399132987521782,"posy":5.060066210722003,"posz":0.7418656064948352,"roty":205.35764770860436,"rotx":2.019647162610765},"chest":{"posx":-0.4636686522269976,"posy":2.707442000999982,"posz":0.664876592708254,"roty":356.6596547316404,"rotx":10.837601080421244}}}