# This file was generated by Animated Java via MC-Build. It is not recommended to edit this file directly.
$data merge entity $(bone_nose) {transformation: [-0.9784f,0.0363f,0.2033f,0.1109f,0.0531f,0.9956f,0.0777f,4.1258f,-0.1996f,0.0868f,-0.976f,0.6429f,0f,0f,0f,1f],start_interpolation: 0,interpolation_duration: 1}
$data merge entity $(bone_glowing_eye) {transformation: [-0.9784f,0.0363f,0.2033f,-0.0161f,0.0531f,0.9956f,0.0777f,4.1972f,-0.1996f,0.0868f,-0.976f,0.6579f,0f,0f,0f,1f],start_interpolation: 0,interpolation_duration: 1}
$data merge entity $(bone_head) {transformation: [-0.9784f,0.0363f,0.2033f,0.1444f,0.0531f,0.9956f,0.0777f,4.0175f,-0.1996f,0.0868f,-0.976f,0.4494f,0f,0f,0f,1f],start_interpolation: 0,interpolation_duration: 1}
$data merge entity $(bone_leftthumb2) {transformation: [0.0882f,0.9344f,-0.3452f,-0.2113f,-0.9957f,0.073f,-0.0568f,3.8199f,-0.0278f,0.3487f,0.9368f,0.3962f,0f,0f,0f,1f],start_interpolation: 0,interpolation_duration: 1}
$data merge entity $(bone_leftthumb) {transformation: [0.0882f,0.9344f,-0.3452f,-0.0117f,-0.9957f,0.073f,-0.0568f,3.8329f,-0.0278f,0.3487f,0.9368f,0.5618f,0f,0f,0f,1f],start_interpolation: 0,interpolation_duration: 1}
$data merge entity $(bone_leftpointerfinger) {transformation: [0.0882f,0.9344f,-0.3452f,-0.3441f,-0.9957f,0.073f,-0.0568f,3.9152f,-0.0278f,0.3487f,0.9368f,0.4944f,0f,0f,0f,1f],start_interpolation: 0,interpolation_duration: 1}
$data merge entity $(bone_leftmidfinger) {transformation: [0.0882f,0.9344f,-0.3452f,-0.398f,-0.9957f,0.073f,-0.0568f,3.9063f,-0.0278f,0.3487f,0.9368f,0.6407f,0f,0f,0f,1f],start_interpolation: 0,interpolation_duration: 1}
$data merge entity $(bone_leftringfinger) {transformation: [0.0882f,0.9344f,-0.3452f,-0.452f,-0.9957f,0.073f,-0.0568f,3.8975f,-0.0278f,0.3487f,0.9368f,0.7871f,0f,0f,0f,1f],start_interpolation: 0,interpolation_duration: 1}
$data merge entity $(bone_invisibility) {transformation: [0.9007f,0.4253f,-0.0882f,-0.2146f,0.0678f,0.0629f,0.9957f,3.7383f,0.429f,-0.9029f,0.0278f,0.498f,0f,0f,0f,1f],start_interpolation: 0,interpolation_duration: 1}
$data merge entity $(bone_swiftness) {transformation: [-0.3452f,0.9344f,-0.0882f,-0.4012f,-0.0568f,0.073f,0.9957f,3.6659f,0.9368f,0.3487f,0.0278f,0.625f,0f,0f,0f,1f],start_interpolation: 0,interpolation_duration: 1}
$data merge entity $(bone_suspicious_stew) {transformation: [0.701f,0.7077f,-0.0882f,-0.3231f,0.0422f,0.0823f,0.9957f,3.7242f,0.712f,-0.7017f,0.0278f,0.6573f,0f,0f,0f,1f],start_interpolation: 0,interpolation_duration: 1}
$data merge entity $(bone_log) {transformation: [0.0882f,0.9344f,-0.3452f,-0.2142f,-0.9957f,0.073f,-0.0568f,3.6373f,-0.0278f,0.3487f,0.9368f,0.7422f,0f,0f,0f,1f],start_interpolation: 0,interpolation_duration: 1}
$data merge entity $(bone_planks) {transformation: [0.0882f,0.9344f,-0.3452f,-0.2059f,-0.9957f,0.073f,-0.0568f,3.544f,-0.0278f,0.3487f,0.9368f,0.7396f,0f,0f,0f,1f],start_interpolation: 0,interpolation_duration: 1}
$data merge entity $(bone_lefthand1) {transformation: [0.0882f,0.9344f,-0.3452f,0.0081f,-0.9957f,0.073f,-0.0568f,3.9063f,-0.0278f,0.3487f,0.9368f,0.8071f,0f,0f,0f,1f],start_interpolation: 0,interpolation_duration: 1}
$data merge entity $(bone_leftforearm) {transformation: [-0.087f,0.9718f,-0.2194f,0.6936f,-0.9858f,-0.1157f,-0.1214f,3.7626f,-0.1433f,0.2057f,0.9681f,0.9283f,0f,0f,0f,1f],start_interpolation: 0,interpolation_duration: 1}
$data merge entity $(bone_leftelbow) {transformation: [-0.087f,0.9718f,-0.2194f,0.8758f,-0.9858f,-0.1157f,-0.1214f,3.7409f,-0.1433f,0.2057f,0.9681f,0.9669f,0f,0f,0f,1f],start_interpolation: 0,interpolation_duration: 1}
$data merge entity $(bone_leftarm) {transformation: [-0.1518f,0.1839f,0.9712f,0.81f,-0.9867f,0.0295f,-0.1598f,3.5467f,-0.058f,-0.9825f,0.177f,0.5297f,0f,0f,0f,1f],start_interpolation: 0,interpolation_duration: 1}
$data merge entity $(bone_rightthumb2) {transformation: [0.5068f,-0.2875f,-0.8127f,-0.2587f,0.3388f,-0.8005f,0.4944f,4.573f,-0.7927f,-0.526f,-0.3083f,1.3796f,0f,0f,0f,1f],start_interpolation: 0,interpolation_duration: 1}
$data merge entity $(bone_rightthumb) {transformation: [0.5068f,-0.2875f,-0.8127f,-0.3986f,0.3388f,-0.8005f,0.4944f,4.4189f,-0.7927f,-0.526f,-0.3083f,1.2243f,0f,0f,0f,1f],start_interpolation: 0,interpolation_duration: 1}
$data merge entity $(bone_rightpointerfinger) {transformation: [0.5068f,-0.2875f,-0.8127f,-0.287f,0.3388f,-0.8005f,0.4944f,4.7418f,-0.7927f,-0.526f,-0.3083f,1.2957f,0f,0f,0f,1f],start_interpolation: 0,interpolation_duration: 1}
$data merge entity $(bone_rightmidfinger) {transformation: [0.5068f,-0.2875f,-0.8127f,-0.4139f,0.3388f,-0.8005f,0.4944f,4.8191f,-0.7927f,-0.526f,-0.3083f,1.2476f,0f,0f,0f,1f],start_interpolation: 0,interpolation_duration: 1}
$data merge entity $(bone_rightringfinger) {transformation: [0.5068f,-0.2875f,-0.8127f,-0.5409f,0.3388f,-0.8005f,0.4944f,4.8963f,-0.7927f,-0.526f,-0.3083f,1.1994f,0f,0f,0f,1f],start_interpolation: 0,interpolation_duration: 1}
$data merge entity $(bone_hugeasssword) {transformation: [1.985f,-1.126f,-3.1831f,-0.5943f,1.327f,-3.1351f,1.9366f,4.5588f,-3.1047f,-2.06f,-1.2074f,1.3561f,0f,0f,0f,1f],start_interpolation: 0,interpolation_duration: 1}
$data merge entity $(bone_ice) {transformation: [0.5068f,-0.2875f,-0.8127f,-0.5977f,0.3388f,-0.8005f,0.4944f,4.566f,-0.7927f,-0.526f,-0.3083f,1.3767f,0f,0f,0f,1f],start_interpolation: 0,interpolation_duration: 1}
$data merge entity $(bone_righthand1) {transformation: [0.5068f,-0.2875f,-0.8127f,-0.5683f,0.3388f,-0.8005f,0.4944f,4.466f,-0.7927f,-0.526f,-0.3083f,1.0374f,0f,0f,0f,1f],start_interpolation: 0,interpolation_duration: 1}
$data merge entity $(bone_rightforearm) {transformation: [0.5792f,-0.1653f,-0.7983f,-0.7133f,0.6995f,-0.402f,0.5908f,4.1168f,-0.4186f,-0.9006f,-0.1172f,0.4455f,0f,0f,0f,1f],start_interpolation: 0,interpolation_duration: 1}
$data merge entity $(bone_rightelbow) {transformation: [0.5792f,-0.1653f,-0.7983f,-0.7442f,0.6995f,-0.402f,0.5908f,4.0414f,-0.4186f,-0.9006f,-0.1172f,0.2766f,0f,0f,0f,1f],start_interpolation: 0,interpolation_duration: 1}
$data merge entity $(bone_rightarm) {transformation: [0.6276f,0.6883f,-0.3638f,-0.5778f,0.632f,-0.7233f,-0.2784f,3.628f,-0.4548f,-0.0552f,-0.8889f,0.4204f,0f,0f,0f,1f],start_interpolation: 0,interpolation_duration: 1}
$data merge entity $(bone_chest1) {transformation: [-1.0723f,-0.0366f,0.1496f,0.1654f,-0.0101f,1.0667f,0.1887f,3.3798f,-0.1537f,0.1854f,-1.0562f,0.2706f,0f,0f,0f,1f],start_interpolation: 0,interpolation_duration: 1}
$data merge entity $(bone_chest1lid) {transformation: [-0.9898f,-0.0338f,0.1381f,-0.2035f,-0.0093f,0.9847f,0.1742f,2.6355f,-0.1419f,0.1711f,-0.975f,0.4867f,0f,0f,0f,1f],start_interpolation: 0,interpolation_duration: 1}
$data merge entity $(bone_chest2) {transformation: [-0.9898f,-0.0338f,0.1381f,-0.1982f,-0.0093f,0.9847f,0.1742f,2.4816f,-0.1419f,0.1711f,-0.975f,0.46f,0f,0f,0f,1f],start_interpolation: 0,interpolation_duration: 1}
$data merge entity $(bone_chest1lid3) {transformation: [-0.9898f,-0.0338f,0.1381f,-0.0531f,-0.0093f,0.9847f,0.1742f,2.7476f,-0.1419f,0.1711f,-0.975f,-0.129f,0f,0f,0f,1f],start_interpolation: 0,interpolation_duration: 1}
$data merge entity $(bone_chest3) {transformation: [-0.9898f,-0.0338f,0.1381f,-0.0479f,-0.0093f,0.9847f,0.1742f,2.5938f,-0.1419f,0.1711f,-0.975f,-0.1557f,0f,0f,0f,1f],start_interpolation: 0,interpolation_duration: 1}
$data merge entity $(bone_hugeasssword2) {transformation: [-0.5409f,2.7689f,-2.7168f,-1.0567f,-0.6821f,2.6324f,2.8187f,4.5569f,3.8187f,0.8624f,0.1187f,0.036f,0f,0f,0f,1f],start_interpolation: 0,interpolation_duration: 1}
$data merge entity $(bone_belt) {transformation: [-0.9898f,-0.0338f,0.1381f,0.1925f,-0.0093f,0.9847f,0.1742f,2.9651f,-0.1419f,0.1711f,-0.975f,0.3346f,0f,0f,0f,1f],start_interpolation: 0,interpolation_duration: 1}
$data merge entity $(bone_torn_part) {transformation: [-0.9948f,-0.016f,0.1005f,0.0729f,0.0228f,0.9273f,0.3737f,2.683f,-0.0992f,0.3741f,-0.9221f,0.2784f,0f,0f,0f,1f],start_interpolation: 0,interpolation_duration: 1}
$data merge entity $(bone_lowerbody) {transformation: [-0.9948f,0.0149f,0.1007f,0.1486f,0.0228f,0.9967f,0.0776f,2.1832f,-0.0992f,0.0795f,-0.9919f,0.3888f,0f,0f,0f,1f],start_interpolation: 0,interpolation_duration: 1}
$data merge entity $(bone_leftfoot) {transformation: [-0.9508f,-0.2285f,-0.2094f,0.9603f,-0.2555f,0.9603f,0.1119f,0.1694f,0.1755f,0.1599f,-0.9714f,0.1688f,0f,0f,0f,1f],start_interpolation: 0,interpolation_duration: 1}
$data merge entity $(bone_leftlowerleg) {transformation: [-0.9508f,-0.2285f,-0.2094f,0.7389f,-0.2555f,0.9603f,0.1119f,1.2176f,0.1755f,0.1599f,-0.9714f,0.4954f,0f,0f,0f,1f],start_interpolation: 0,interpolation_duration: 1}
$data merge entity $(bone_leftleg) {transformation: [-0.9566f,-0.2914f,0.0006f,0.4052f,-0.2809f,0.9216f,-0.268f,2.1833f,0.0776f,-0.2565f,-0.9634f,0.2481f,0f,0f,0f,1f],start_interpolation: 0,interpolation_duration: 1}
$data merge entity $(bone_rightfoot) {transformation: [-0.9915f,0.0594f,0.1158f,-0.0774f,0.1078f,0.8735f,0.4747f,0.4007f,-0.073f,0.4831f,-0.8725f,0.0904f,0f,0f,0f,1f],start_interpolation: 0,interpolation_duration: 1}
$data merge entity $(bone_rightlowerleg) {transformation: [-0.9915f,0.0594f,0.1158f,-0.0293f,0.1078f,0.8735f,0.4747f,1.2968f,-0.073f,0.4831f,-0.8725f,0.7604f,0f,0f,0f,1f],start_interpolation: 0,interpolation_duration: 1}
$data merge entity $(bone_rightleg) {transformation: [-0.9958f,-0.0891f,-0.022f,-0.0987f,-0.0637f,0.8437f,-0.533f,2.1833f,0.066f,-0.5294f,-0.8458f,0.2084f,0f,0f,0f,1f],start_interpolation: 0,interpolation_duration: 1}
data modify entity @s data merge value {"cameras":{},"locators":{"lefthand":{"posx":-0.29006789060646965,"posy":3.725845905383656,"posz":0.7029314636740693,"roty":200.22746912720064,"rotx":-3.255049983778604},"sword":{"posx":2.463853048574401,"posy":2.77922901314741,"posz":2.452211237150949,"roty":290.7730841087786,"rotx":29.633476706670756},"righthand":{"posx":-0.532982504007238,"posy":4.602512686261703,"posz":1.3154308853953571,"roty":290.7730841087786,"rotx":29.633476706670756},"chest":{"posx":-0.2538688574025051,"posy":2.546424689132939,"posz":0.6239402045042459,"roty":8.061391658957405,"rotx":10.029573809862846}}}