# This file was generated by Animated Java via MC-Build. It is not recommended to edit this file directly.
$data merge entity $(bone_nose) {transformation: [-0.9376f,0.1209f,0.3259f,0.1418f,0.1389f,0.9898f,0.0324f,4.0453f,-0.3187f,0.0756f,-0.9448f,0.6359f,0f,0f,0f,1f],start_interpolation: 0,interpolation_duration: 1}
$data merge entity $(bone_glowing_eye) {transformation: [-0.9376f,0.1209f,0.3259f,0.0214f,0.1389f,0.9898f,0.0324f,4.1286f,-0.3187f,0.0756f,-0.9448f,0.6341f,0f,0f,0f,1f],start_interpolation: 0,interpolation_duration: 1}
$data merge entity $(bone_head) {transformation: [-0.9376f,0.1209f,0.3259f,0.1879f,0.1389f,0.9898f,0.0324f,3.9291f,-0.3187f,0.0756f,-0.9448f,0.4496f,0f,0f,0f,1f],start_interpolation: 0,interpolation_duration: 1}
$data merge entity $(bone_leftthumb2) {transformation: [-0.1092f,0.8446f,-0.5241f,-0.0397f,-0.9939f,-0.0858f,0.0689f,3.8518f,0.0132f,0.5285f,0.8488f,0.2754f,0f,0f,0f,1f],start_interpolation: 0,interpolation_duration: 1}
$data merge entity $(bone_leftthumb) {transformation: [-0.1092f,0.8446f,-0.5241f,0.1226f,-0.9939f,-0.0858f,0.0689f,3.8366f,0.0132f,0.5285f,0.8488f,0.4776f,0f,0f,0f,1f],start_interpolation: 0,interpolation_duration: 1}
$data merge entity $(bone_leftpointerfinger) {transformation: [-0.1092f,0.8446f,-0.5241f,-0.1671f,-0.9939f,-0.0858f,0.0689f,3.9767f,0.0132f,0.5285f,0.8488f,0.3425f,0f,0f,0f,1f],start_interpolation: 0,interpolation_duration: 1}
$data merge entity $(bone_leftmidfinger) {transformation: [-0.1092f,0.8446f,-0.5241f,-0.249f,-0.9939f,-0.0858f,0.0689f,3.9875f,0.0132f,0.5285f,0.8488f,0.4751f,0f,0f,0f,1f],start_interpolation: 0,interpolation_duration: 1}
$data merge entity $(bone_leftringfinger) {transformation: [-0.1092f,0.8446f,-0.5241f,-0.3309f,-0.9939f,-0.0858f,0.0689f,3.9982f,0.0132f,0.5285f,0.8488f,0.6078f,0f,0f,0f,1f],start_interpolation: 0,interpolation_duration: 1}
$data merge entity $(bone_invisibility) {transformation: [0.7957f,0.5958f,0.1092f,-0.0789f,-0.0794f,-0.0761f,0.9939f,3.7788f,0.6005f,-0.7995f,-0.0132f,0.3763f,0f,0f,0f,1f],start_interpolation: 0,interpolation_duration: 1}
$data merge entity $(bone_swiftness) {transformation: [-0.5241f,0.8446f,0.1092f,-0.2972f,0.0689f,-0.0858f,0.9939f,3.7516f,0.8488f,0.5285f,-0.0132f,0.4645f,0f,0f,0f,1f],start_interpolation: 0,interpolation_duration: 1}
$data merge entity $(bone_suspicious_stew) {transformation: [0.544f,0.832f,0.1092f,-0.2167f,-0.0486f,-0.0987f,0.9939f,3.7957f,0.8377f,-0.546f,-0.0132f,0.5106f,0f,0f,0f,1f],start_interpolation: 0,interpolation_duration: 1}
$data merge entity $(bone_log) {transformation: [-0.1092f,0.8446f,-0.5241f,-0.146f,-0.9939f,-0.0858f,0.0689f,3.6951f,0.0132f,0.5285f,0.8488f,0.6177f,0f,0f,0f,1f],start_interpolation: 0,interpolation_duration: 1}
$data merge entity $(bone_planks) {transformation: [-0.1092f,0.8446f,-0.5241f,-0.1562f,-0.9939f,-0.0858f,0.0689f,3.6019f,0.0132f,0.5285f,0.8488f,0.619f,0f,0f,0f,1f],start_interpolation: 0,interpolation_duration: 1}
$data merge entity $(bone_lefthand1) {transformation: [-0.1092f,0.8446f,-0.5241f,0.1089f,-0.9939f,-0.0858f,0.0689f,3.9199f,0.0132f,0.5285f,0.8488f,0.72f,0f,0f,0f,1f],start_interpolation: 0,interpolation_duration: 1}
$data merge entity $(bone_leftforearm) {transformation: [-0.2392f,0.8788f,-0.4128f,0.722f,-0.9527f,-0.2945f,-0.0747f,3.6493f,-0.1872f,0.3754f,0.9077f,0.9597f,0f,0f,0f,1f],start_interpolation: 0,interpolation_duration: 1}
$data merge entity $(bone_leftelbow) {transformation: [-0.2392f,0.8788f,-0.4128f,0.8868f,-0.9527f,-0.2945f,-0.0747f,3.5941f,-0.1872f,0.3754f,0.9077f,1.0301f,0f,0f,0f,1f],start_interpolation: 0,interpolation_duration: 1}
$data merge entity $(bone_leftarm) {transformation: [-0.3107f,0.2452f,0.9183f,0.8169f,-0.9438f,0.0348f,-0.3286f,3.4301f,-0.1125f,-0.9689f,0.2206f,0.5816f,0f,0f,0f,1f],start_interpolation: 0,interpolation_duration: 1}
$data merge entity $(bone_rightthumb2) {transformation: [-0.7725f,-0.4697f,-0.4273f,0.1301f,0.0221f,-0.6925f,0.7211f,4.1144f,-0.6346f,0.5476f,0.5453f,-0.2232f,0f,0f,0f,1f],start_interpolation: 0,interpolation_duration: 1}
$data merge entity $(bone_rightthumb) {transformation: [-0.7725f,-0.4697f,-0.4273f,-0.0216f,0.0221f,-0.6925f,0.7211f,4.0062f,-0.6346f,0.5476f,0.5453f,-0.0423f,0f,0f,0f,1f],start_interpolation: 0,interpolation_duration: 1}
$data merge entity $(bone_rightpointerfinger) {transformation: [-0.7725f,-0.4697f,-0.4273f,0.028f,0.0221f,-0.6925f,0.7211f,4.2696f,-0.6346f,0.5476f,0.5453f,-0.2658f,0f,0f,0f,1f],start_interpolation: 0,interpolation_duration: 1}
$data merge entity $(bone_rightmidfinger) {transformation: [-0.7725f,-0.4697f,-0.4273f,-0.0388f,0.0221f,-0.6925f,0.7211f,4.3823f,-0.6346f,0.5476f,0.5453f,-0.1806f,0f,0f,0f,1f],start_interpolation: 0,interpolation_duration: 1}
$data merge entity $(bone_rightringfinger) {transformation: [-0.7725f,-0.4697f,-0.4273f,-0.1055f,0.0221f,-0.6925f,0.7211f,4.495f,-0.6346f,0.5476f,0.5453f,-0.0954f,0f,0f,0f,1f],start_interpolation: 0,interpolation_duration: 1}
$data merge entity $(bone_hugeasssword) {transformation: [-3.0257f,-1.8396f,-1.6738f,0.0777f,0.0865f,-2.7121f,2.8244f,4.2245f,-2.4856f,2.1449f,2.1358f,0.0907f,0f,0f,0f,1f],start_interpolation: 0,interpolation_duration: 1}
$data merge entity $(bone_ice) {transformation: [-0.7725f,-0.4697f,-0.4273f,0.0971f,0.0221f,-0.6925f,0.7211f,4.235f,-0.6346f,0.5476f,0.5453f,0.092f,0f,0f,0f,1f],start_interpolation: 0,interpolation_duration: 1}
$data merge entity $(bone_righthand1) {transformation: [-0.7725f,-0.4697f,-0.4273f,-0.2268f,0.0221f,-0.6925f,0.7211f,4.0899f,-0.6346f,0.5476f,0.5453f,0.0873f,0f,0f,0f,1f],start_interpolation: 0,interpolation_duration: 1}
$data merge entity $(bone_rightforearm) {transformation: [0.0362f,-0.8056f,-0.5914f,-0.7849f,0.1249f,-0.5835f,0.8024f,3.6568f,-0.9915f,-0.1029f,0.0795f,0.0889f,0f,0f,0f,1f],start_interpolation: 0,interpolation_duration: 1}
$data merge entity $(bone_rightelbow) {transformation: [0.0362f,-0.8056f,-0.5914f,-0.936f,0.1249f,-0.5835f,0.8024f,3.5474f,-0.9915f,-0.1029f,0.0795f,0.0696f,0f,0f,0f,1f],start_interpolation: 0,interpolation_duration: 1}
$data merge entity $(bone_rightarm) {transformation: [0.0666f,0.969f,-0.2378f,-0.5485f,0.0705f,-0.2423f,-0.9676f,3.5843f,-0.9953f,0.0477f,-0.0844f,0.3231f,0f,0f,0f,1f],start_interpolation: 0,interpolation_duration: 1}
$data merge entity $(bone_chest1) {transformation: [-1.0573f,-0.0274f,0.2344f,0.2f,0.0243f,1.0576f,0.2333f,3.2966f,-0.2348f,0.233f,-1.0316f,0.2527f,0f,0f,0f,1f],start_interpolation: 0,interpolation_duration: 1}
$data merge entity $(bone_chest1lid) {transformation: [-0.976f,-0.0253f,0.2164f,-0.2006f,0.0224f,0.9763f,0.2154f,2.5528f,-0.2167f,0.2151f,-0.9523f,0.4043f,0f,0f,0f,1f],start_interpolation: 0,interpolation_duration: 1}
$data merge entity $(bone_chest2) {transformation: [-0.976f,-0.0253f,0.2164f,-0.1967f,0.0224f,0.9763f,0.2154f,2.4002f,-0.2167f,0.2151f,-0.9523f,0.3707f,0f,0f,0f,1f],start_interpolation: 0,interpolation_duration: 1}
$data merge entity $(bone_chest1lid3) {transformation: [-0.976f,-0.0253f,0.2164f,-0.001f,0.0224f,0.9763f,0.2154f,2.6894f,-0.2167f,0.2151f,-0.9523f,-0.1922f,0f,0f,0f,1f],start_interpolation: 0,interpolation_duration: 1}
$data merge entity $(bone_chest3) {transformation: [-0.976f,-0.0253f,0.2164f,0.003f,0.0224f,0.9763f,0.2154f,2.5368f,-0.2167f,0.2151f,-0.9523f,-0.2258f,0f,0f,0f,1f],start_interpolation: 0,interpolation_duration: 1}
$data merge entity $(bone_hugeasssword2) {transformation: [-0.8475f,2.7513f,-2.6556f,-0.9745f,-0.8436f,2.5185f,2.8785f,4.5141f,3.7296f,1.1949f,0.0477f,-0.017f,0f,0f,0f,1f],start_interpolation: 0,interpolation_duration: 1}
$data merge entity $(bone_belt) {transformation: [-0.976f,-0.0253f,0.2164f,0.213f,0.0224f,0.9763f,0.2154f,2.8788f,-0.2167f,0.2151f,-0.9523f,0.2986f,0f,0f,0f,1f],start_interpolation: 0,interpolation_duration: 1}
$data merge entity $(bone_torn_part) {transformation: [-0.9867f,-0.028f,0.1601f,0.0924f,0.0335f,0.929f,0.3685f,2.599f,-0.159f,0.369f,-0.9157f,0.2279f,0f,0f,0f,1f],start_interpolation: 0,interpolation_duration: 1}
$data merge entity $(bone_lowerbody) {transformation: [-0.9867f,0.0215f,0.1611f,0.1556f,0.0335f,0.9968f,0.0721f,2.0989f,-0.159f,0.0766f,-0.9843f,0.3444f,0f,0f,0f,1f],start_interpolation: 0,interpolation_duration: 1}
$data merge entity $(bone_leftfoot) {transformation: [-0.9378f,-0.1488f,-0.3137f,0.9028f,-0.2359f,0.9361f,0.2611f,0.2073f,0.2547f,0.3188f,-0.9129f,0.1609f,0f,0f,0f,1f],start_interpolation: 0,interpolation_duration: 1}
$data merge entity $(bone_leftlowerleg) {transformation: [-0.9378f,-0.1488f,-0.3137f,0.7859f,-0.2359f,0.9361f,0.2611f,1.2057f,0.2547f,0.3188f,-0.9129f,0.6549f,0f,0f,0f,1f],start_interpolation: 0,interpolation_duration: 1}
$data merge entity $(bone_leftleg) {transformation: [-0.9435f,-0.3298f,-0.0305f,0.414f,-0.2795f,0.8423f,-0.4609f,2.0821f,0.1777f,-0.4263f,-0.8869f,0.2268f,0f,0f,0f,1f],start_interpolation: 0,interpolation_duration: 1}
$data merge entity $(bone_rightfoot) {transformation: [-0.8903f,-0.0268f,0.4546f,-0.2082f,0.2975f,0.7215f,0.6252f,0.9274f,-0.3447f,0.6919f,-0.6344f,0.228f,0f,0f,0f,1f],start_interpolation: 0,interpolation_duration: 1}
$data merge entity $(bone_rightlowerleg) {transformation: [-0.8903f,-0.0268f,0.4546f,-0.3078f,0.2975f,0.7215f,0.6252f,1.6318f,-0.3447f,0.6919f,-0.6344f,1.093f,0f,0f,0f,1f],start_interpolation: 0,interpolation_duration: 1}
$data merge entity $(bone_rightleg) {transformation: [-0.9782f,0.2016f,0.0505f,-0.0744f,0.0437f,0.4371f,-0.8984f,2.0723f,-0.2032f,-0.8765f,-0.4363f,0.1739f,0f,0f,0f,1f],start_interpolation: 0,interpolation_duration: 1}
data modify entity @s data merge value {"cameras":{},"locators":{"lefthand":{"posx":-0.1935213360068322,"posy":3.7938640412697393,"posz":0.5619472264634262,"roty":211.69471644370827,"rotx":3.948952044800921},"sword":{"posx":1.6145381893510558,"posy":1.5774684259245046,"posz":-1.995384839365185,"roty":218.08473401421207,"rotx":46.14669809586313},"righthand":{"posx":0.038699765982003864,"posy":4.236583747526779,"posz":0.015459565320015856,"roty":218.08473401421207,"rotx":46.14669809586313},"chest":{"posx":-0.2633476487693517,"posy":2.4587986716992516,"posz":0.5329038033953859,"roty":12.802486702045883,"rotx":12.438703295068718}}}