# This file was generated by Animated Java via MC-Build. It is not recommended to edit this file directly.
$data merge entity $(bone_nose) {transformation: [-0.9547f,0.0462f,0.2941f,-0.231f,0.0491f,0.9988f,0.0023f,4.1453f,-0.2936f,0.0166f,-0.9558f,0.5517f,0f,0f,0f,1f],start_interpolation: 0,interpolation_duration: 1}
$data merge entity $(bone_glowing_eye) {transformation: [-0.9547f,0.0462f,0.2941f,-0.3574f,0.0491f,0.9988f,0.0023f,4.219f,-0.2936f,0.0166f,-0.9558f,0.5495f,0f,0f,0f,1f],start_interpolation: 0,interpolation_duration: 1}
$data merge entity $(bone_head) {transformation: [-0.9547f,0.0462f,0.2941f,-0.1816f,0.0491f,0.9988f,0.0023f,4.0224f,-0.2936f,0.0166f,-0.9558f,0.3706f,0f,0f,0f,1f],start_interpolation: 0,interpolation_duration: 1}
$data merge entity $(bone_leftthumb2) {transformation: [-0.0387f,0.9248f,-0.3786f,-0.5326f,-0.9965f,-0.0078f,0.0827f,3.8309f,0.0735f,0.3805f,0.9219f,0.3643f,0f,0f,0f,1f],start_interpolation: 0,interpolation_duration: 1}
$data merge entity $(bone_leftthumb) {transformation: [-0.0387f,0.9248f,-0.3786f,-0.3381f,-0.9965f,-0.0078f,0.0827f,3.8361f,0.0735f,0.3805f,0.9219f,0.5364f,0f,0f,0f,1f],start_interpolation: 0,interpolation_duration: 1}
$data merge entity $(bone_leftpointerfinger) {transformation: [-0.0387f,0.9248f,-0.3786f,-0.6551f,-0.9965f,-0.0078f,0.0827f,3.9515f,0.0735f,0.3805f,0.9219f,0.4468f,0f,0f,0f,1f],start_interpolation: 0,interpolation_duration: 1}
$data merge entity $(bone_leftmidfinger) {transformation: [-0.0387f,0.9248f,-0.3786f,-0.7142f,-0.9965f,-0.0078f,0.0827f,3.9644f,0.0735f,0.3805f,0.9219f,0.5908f,0f,0f,0f,1f],start_interpolation: 0,interpolation_duration: 1}
$data merge entity $(bone_leftringfinger) {transformation: [-0.0387f,0.9248f,-0.3786f,-0.7734f,-0.9965f,-0.0078f,0.0827f,3.9773f,0.0735f,0.3805f,0.9219f,0.7349f,0f,0f,0f,1f],start_interpolation: 0,interpolation_duration: 1}
$data merge entity $(bone_invisibility) {transformation: [0.8882f,0.4577f,0.0387f,-0.5494f,-0.0006f,-0.083f,0.9965f,3.7612f,0.4594f,-0.8852f,-0.0735f,0.4734f,0f,0f,0f,1f],start_interpolation: 0,interpolation_duration: 1}
$data merge entity $(bone_swiftness) {transformation: [-0.3786f,0.9248f,0.0387f,-0.7476f,0.0827f,-0.0078f,0.9965f,3.7259f,0.9219f,0.3805f,-0.0735f,0.5985f,0f,0f,0f,1f],start_interpolation: 0,interpolation_duration: 1}
$data merge entity $(bone_suspicious_stew) {transformation: [0.6781f,0.7339f,0.0387f,-0.6637f,0.0278f,-0.0782f,0.9965f,3.7771f,0.7344f,-0.6747f,-0.0735f,0.6284f,0f,0f,0f,1f],start_interpolation: 0,interpolation_duration: 1}
$data merge entity $(bone_log) {transformation: [-0.0387f,0.9248f,-0.3786f,-0.5695f,-0.9965f,-0.0078f,0.0827f,3.6866f,0.0735f,0.3805f,0.9219f,0.726f,0f,0f,0f,1f],start_interpolation: 0,interpolation_duration: 1}
$data merge entity $(bone_planks) {transformation: [-0.0387f,0.9248f,-0.3786f,-0.5731f,-0.9965f,-0.0078f,0.0827f,3.5931f,0.0735f,0.3805f,0.9219f,0.7329f,0f,0f,0f,1f],start_interpolation: 0,interpolation_duration: 1}
$data merge entity $(bone_lefthand1) {transformation: [-0.0387f,0.9248f,-0.3786f,-0.3168f,-0.9965f,-0.0078f,0.0827f,3.9311f,0.0735f,0.3805f,0.9219f,0.774f,0f,0f,0f,1f],start_interpolation: 0,interpolation_duration: 1}
$data merge entity $(bone_leftforearm) {transformation: [-0.1971f,0.9495f,-0.2441f,0.3468f,-0.972f,-0.2217f,-0.0775f,3.71f,-0.1278f,0.222f,0.9666f,0.9081f,0f,0f,0f,1f],start_interpolation: 0,interpolation_duration: 1}
$data merge entity $(bone_leftelbow) {transformation: [-0.1971f,0.9495f,-0.2441f,0.5248f,-0.972f,-0.2217f,-0.0775f,3.6684f,-0.1278f,0.222f,0.9666f,0.9498f,0f,0f,0f,1f],start_interpolation: 0,interpolation_duration: 1}
$data merge entity $(bone_leftarm) {transformation: [-0.2605f,0.1592f,0.9523f,0.4305f,-0.9645f,0.0008f,-0.2639f,3.4778f,-0.0427f,-0.9872f,0.1534f,0.5171f,0f,0f,0f,1f],start_interpolation: 0,interpolation_duration: 1}
$data merge entity $(bone_rightthumb2) {transformation: [0.2507f,-0.6399f,-0.7264f,-0.2063f,0.2432f,-0.6846f,0.6871f,4.3714f,-0.937f,-0.3489f,-0.016f,0.9331f,0f,0f,0f,1f],start_interpolation: 0,interpolation_duration: 1}
$data merge entity $(bone_rightthumb) {transformation: [0.2507f,-0.6399f,-0.7264f,-0.4253f,0.2432f,-0.6846f,0.6871f,4.2623f,-0.937f,-0.3489f,-0.016f,0.8462f,0f,0f,0f,1f],start_interpolation: 0,interpolation_duration: 1}
$data merge entity $(bone_rightpointerfinger) {transformation: [0.2507f,-0.6399f,-0.7264f,-0.222f,0.2432f,-0.6846f,0.6871f,4.5457f,-0.937f,-0.3489f,-0.016f,0.8574f,0f,0f,0f,1f],start_interpolation: 0,interpolation_duration: 1}
$data merge entity $(bone_rightmidfinger) {transformation: [0.2507f,-0.6399f,-0.7264f,-0.3355f,0.2432f,-0.6846f,0.6871f,4.6531f,-0.937f,-0.3489f,-0.016f,0.8549f,0f,0f,0f,1f],start_interpolation: 0,interpolation_duration: 1}
$data merge entity $(bone_rightringfinger) {transformation: [0.2507f,-0.6399f,-0.7264f,-0.449f,0.2432f,-0.6846f,0.6871f,4.7604f,-0.937f,-0.3489f,-0.016f,0.8524f,0f,0f,0f,1f],start_interpolation: 0,interpolation_duration: 1}
$data merge entity $(bone_hugeasssword) {transformation: [0.9818f,-2.5064f,-2.845f,-0.5207f,0.9526f,-2.6815f,2.6911f,4.4387f,-3.67f,-1.3666f,-0.0625f,1.0332f,0f,0f,0f,1f],start_interpolation: 0,interpolation_duration: 1}
$data merge entity $(bone_ice) {transformation: [0.2507f,-0.6399f,-0.7264f,-0.5146f,0.2432f,-0.6846f,0.6871f,4.4456f,-0.937f,-0.3489f,-0.016f,1.0533f,0f,0f,0f,1f],start_interpolation: 0,interpolation_duration: 1}
$data merge entity $(bone_righthand1) {transformation: [0.2507f,-0.6399f,-0.7264f,-0.6347f,0.2432f,-0.6846f,0.6871f,4.3567f,-0.937f,-0.3489f,-0.016f,0.7313f,0f,0f,0f,1f],start_interpolation: 0,interpolation_duration: 1}
$data merge entity $(bone_rightforearm) {transformation: [0.4765f,-0.5528f,-0.6836f,-1.0459f,0.6953f,-0.2388f,0.6778f,4.1155f,-0.538f,-0.7984f,0.2705f,0.2175f,0f,0f,0f,1f],start_interpolation: 0,interpolation_duration: 1}
$data merge entity $(bone_rightelbow) {transformation: [0.4765f,-0.5528f,-0.6836f,-1.1495f,0.6953f,-0.2388f,0.6778f,4.0708f,-0.538f,-0.7984f,0.2705f,0.0678f,0f,0f,0f,1f],start_interpolation: 0,interpolation_duration: 1}
$data merge entity $(bone_rightarm) {transformation: [0.5101f,0.7902f,-0.3398f,-0.936f,0.634f,-0.6124f,-0.4723f,3.7554f,-0.5812f,0.0254f,-0.8133f,0.2976f,0f,0f,0f,1f],start_interpolation: 0,interpolation_duration: 1}
$data merge entity $(bone_chest1) {transformation: [-1.0576f,0.1332f,0.1933f,-0.2303f,0.1504f,1.0694f,0.0855f,3.3773f,-0.1803f,0.1103f,-1.0625f,0.2372f,0f,0f,0f,1f],start_interpolation: 0,interpolation_duration: 1}
$data merge entity $(bone_chest1lid) {transformation: [-0.9762f,0.123f,0.1785f,-0.7175f,0.1388f,0.9872f,0.0789f,2.7191f,-0.1665f,0.1018f,-0.9808f,0.4946f,0f,0f,0f,1f],start_interpolation: 0,interpolation_duration: 1}
$data merge entity $(bone_chest2) {transformation: [-0.9762f,0.123f,0.1785f,-0.7367f,0.1388f,0.9872f,0.0789f,2.5648f,-0.1665f,0.1018f,-0.9808f,0.4787f,0f,0f,0f,1f],start_interpolation: 0,interpolation_duration: 1}
$data merge entity $(bone_chest1lid3) {transformation: [-0.9762f,0.123f,0.1785f,-0.5422f,0.1388f,0.9872f,0.0789f,2.761f,-0.1665f,0.1018f,-0.9808f,-0.1233f,0f,0f,0f,1f],start_interpolation: 0,interpolation_duration: 1}
$data merge entity $(bone_chest3) {transformation: [-0.9762f,0.123f,0.1785f,-0.5614f,0.1388f,0.9872f,0.0789f,2.6067f,-0.1665f,0.1018f,-0.9808f,-0.1392f,0f,0f,0f,1f],start_interpolation: 0,interpolation_duration: 1}
$data merge entity $(bone_hugeasssword2) {transformation: [-0.699f,3.1445f,-2.228f,-1.2431f,-0.3092f,2.2113f,3.2179f,4.7146f,3.8414f,0.7501f,-0.1464f,-0.1095f,0f,0f,0f,1f],start_interpolation: 0,interpolation_duration: 1}
$data merge entity $(bone_belt) {transformation: [-0.9762f,0.123f,0.1785f,-0.2714f,0.1388f,0.9872f,0.0789f,2.9693f,-0.1665f,0.1018f,-0.9808f,0.3304f,0f,0f,0f,1f],start_interpolation: 0,interpolation_duration: 1}
$data merge entity $(bone_torn_part) {transformation: [-0.9793f,0.1461f,0.1404f,-0.4362f,0.1809f,0.9424f,0.2812f,2.7073f,-0.0912f,0.3007f,-0.9493f,0.2952f,0f,0f,0f,1f],start_interpolation: 0,interpolation_duration: 1}
$data merge entity $(bone_lowerbody) {transformation: [-0.9793f,0.1815f,0.09f,-0.4418f,0.1809f,0.9834f,-0.0152f,2.2116f,-0.0912f,0.0014f,-0.9958f,0.4435f,0f,0f,0f,1f],start_interpolation: 0,interpolation_duration: 1}
$data merge entity $(bone_leftfoot) {transformation: [-0.9278f,0.1782f,-0.3278f,-0.3231f,0.0399f,0.9209f,0.3878f,0.2137f,0.371f,0.3467f,-0.8615f,0.118f,0f,0f,0f,1f],start_interpolation: 0,interpolation_duration: 1}
$data merge entity $(bone_leftlowerleg) {transformation: [-0.9278f,0.1782f,-0.3278f,-0.075f,0.0399f,0.9209f,0.3878f,1.1757f,0.371f,0.3467f,-0.8615f,0.635f,0f,0f,0f,1f],start_interpolation: 0,interpolation_duration: 1}
$data merge entity $(bone_leftleg) {transformation: [-0.9524f,-0.1039f,-0.2866f,-0.2083f,0.0036f,0.9362f,-0.3514f,2.1581f,0.3048f,-0.3357f,-0.8913f,0.306f,0f,0f,0f,1f],start_interpolation: 0,interpolation_duration: 1}
$data merge entity $(bone_rightfoot) {transformation: [-0.8619f,0.0686f,0.5023f,-0.9607f,0.1717f,0.9717f,0.1619f,0.3583f,-0.477f,0.2258f,-0.8494f,0.4647f,0f,0f,0f,1f],start_interpolation: 0,interpolation_duration: 1}
$data merge entity $(bone_rightlowerleg) {transformation: [-0.8619f,0.0686f,0.5023f,-0.9617f,0.1717f,0.9717f,0.1619f,1.4115f,-0.477f,0.2258f,-0.8494f,0.8458f,0f,0f,0f,1f],start_interpolation: 0,interpolation_duration: 1}
$data merge entity $(bone_rightleg) {transformation: [-0.9365f,0.2643f,0.2303f,-0.6634f,0.0686f,0.7823f,-0.6191f,2.2357f,-0.3438f,-0.564f,-0.7508f,0.2688f,0f,0f,0f,1f],start_interpolation: 0,interpolation_duration: 1}
data modify entity @s data merge value {"cameras":{},"locators":{"lefthand":{"posx":-0.6321753672441903,"posy":3.779304515590057,"posz":0.6750110358299951,"roty":202.32692707410487,"rotx":4.741849891998092},"sword":{"posx":2.2087780767485956,"posy":1.934660239686615,"posz":1.0300259234081615,"roty":271.25935764179906,"rotx":43.4006388978044},"righthand":{"posx":-0.46979060788416127,"posy":4.4683253115237775,"posz":0.9711416686610496,"roty":271.25935764179906,"rotx":43.4006388978044},"chest":{"posx":-0.7835686163058392,"posy":2.6493869710999762,"posz":0.6362964229166093,"roty":10.312438314204968,"rotx":4.527408589385719}}}