# This file was generated by Animated Java via MC-Build. It is not recommended to edit this file directly.
$data merge entity $(bone_nose) {transformation: [-0.9995f,-0.0203f,0.0258f,-0.7918f,-0.0188f,0.9981f,0.0578f,4.0144f,-0.0269f,0.0573f,-0.998f,0.7458f,0f,0f,0f,1f],start_interpolation: 0,interpolation_duration: 1}
$data merge entity $(bone_glowing_eye) {transformation: [-0.9995f,-0.0203f,0.0258f,-0.919f,-0.0188f,0.9981f,0.0578f,4.0776f,-0.0269f,0.0573f,-0.998f,0.7811f,0f,0f,0f,1f],start_interpolation: 0,interpolation_duration: 1}
$data merge entity $(bone_head) {transformation: [-0.9995f,-0.0203f,0.0258f,-0.7845f,-0.0188f,0.9981f,0.0578f,3.9019f,-0.0269f,0.0573f,-0.998f,0.5518f,0f,0f,0f,1f],start_interpolation: 0,interpolation_duration: 1}
$data merge entity $(bone_leftthumb2) {transformation: [-0.3947f,0.8918f,0.2211f,-0.505f,-0.0458f,0.2212f,-0.9741f,2.5906f,-0.9177f,-0.3946f,-0.0465f,0.9964f,0f,0f,0f,1f],start_interpolation: 0,interpolation_duration: 1}
$data merge entity $(bone_leftthumb) {transformation: [-0.3947f,0.8918f,0.2211f,-0.2674f,-0.0458f,0.2212f,-0.9741f,2.5616f,-0.9177f,-0.3946f,-0.0465f,0.8956f,0f,0f,0f,1f],start_interpolation: 0,interpolation_duration: 1}
$data merge entity $(bone_leftpointerfinger) {transformation: [-0.3947f,0.8918f,0.2211f,-0.5065f,-0.0458f,0.2212f,-0.9741f,2.4483f,-0.9177f,-0.3946f,-0.0465f,1.1233f,0f,0f,0f,1f],start_interpolation: 0,interpolation_duration: 1}
$data merge entity $(bone_leftmidfinger) {transformation: [-0.3947f,0.8918f,0.2211f,-0.4719f,-0.0458f,0.2212f,-0.9741f,2.2961f,-0.9177f,-0.3946f,-0.0465f,1.116f,0f,0f,0f,1f],start_interpolation: 0,interpolation_duration: 1}
$data merge entity $(bone_leftringfinger) {transformation: [-0.3947f,0.8918f,0.2211f,-0.4374f,-0.0458f,0.2212f,-0.9741f,2.1439f,-0.9177f,-0.3946f,-0.0465f,1.1088f,0f,0f,0f,1f],start_interpolation: 0,interpolation_duration: 1}
$data merge entity $(bone_invisibility) {transformation: [0.9077f,-0.1425f,0.3947f,-0.4899f,0.1355f,0.9897f,0.0458f,2.4944f,-0.3972f,0.0119f,0.9177f,0.9095f,0f,0f,0f,1f],start_interpolation: 0,interpolation_duration: 1}
$data merge entity $(bone_swiftness) {transformation: [0.2211f,0.8918f,0.3947f,-0.5897f,-0.9741f,0.2212f,0.0458f,2.2794f,-0.0465f,-0.3946f,0.9177f,0.9065f,0f,0f,0f,1f],start_interpolation: 0,interpolation_duration: 1}
$data merge entity $(bone_suspicious_stew) {transformation: [0.9017f,0.1765f,0.3947f,-0.4902f,-0.2112f,0.9764f,0.0458f,2.3014f,-0.3773f,-0.1246f,0.9177f,0.9193f,0f,0f,0f,1f],start_interpolation: 0,interpolation_duration: 1}
$data merge entity $(bone_log) {transformation: [-0.3947f,0.8918f,0.2211f,-0.4054f,-0.0458f,0.2212f,-0.9741f,2.2791f,-0.9177f,-0.3946f,-0.0465f,0.7818f,0f,0f,0f,1f],start_interpolation: 0,interpolation_duration: 1}
$data merge entity $(bone_planks) {transformation: [-0.3947f,0.8918f,0.2211f,-0.4424f,-0.0458f,0.2212f,-0.9741f,2.2748f,-0.9177f,-0.3946f,-0.0465f,0.6957f,0f,0f,0f,1f],start_interpolation: 0,interpolation_duration: 1}
$data merge entity $(bone_lefthand1) {transformation: [-0.3947f,0.8918f,0.2211f,-0.0907f,-0.0458f,0.2212f,-0.9741f,2.3763f,-0.9177f,-0.3946f,-0.0465f,0.914f,0f,0f,0f,1f],start_interpolation: 0,interpolation_duration: 1}
$data merge entity $(bone_leftforearm) {transformation: [-0.7707f,0.4878f,0.4099f,0.2028f,0.1012f,0.7289f,-0.6771f,2.9165f,-0.6291f,-0.4804f,-0.6111f,0.5281f,0f,0f,0f,1f],start_interpolation: 0,interpolation_duration: 1}
$data merge entity $(bone_leftelbow) {transformation: [-0.7707f,0.4878f,0.4099f,0.2943f,0.1012f,0.7289f,-0.6771f,3.0532f,-0.6291f,-0.4804f,-0.6111f,0.438f,0f,0f,0f,1f],start_interpolation: 0,interpolation_duration: 1}
$data merge entity $(bone_leftarm) {transformation: [-0.7529f,-0.4286f,0.4994f,-0.1057f,-0.0041f,0.7619f,0.6477f,3.2978f,-0.6581f,0.4856f,-0.5754f,0.5492f,0f,0f,0f,1f],start_interpolation: 0,interpolation_duration: 1}
$data merge entity $(bone_rightthumb2) {transformation: [0.0246f,-0.9496f,-0.3125f,-0.9883f,0.0749f,0.3135f,-0.9466f,2.6483f,0.9969f,-0.0001f,0.0788f,0.7585f,0f,0f,0f,1f],start_interpolation: 0,interpolation_duration: 1}
$data merge entity $(bone_rightthumb) {transformation: [0.0246f,-0.9496f,-0.3125f,-1.2479f,0.0749f,0.3135f,-0.9466f,2.6443f,0.9969f,-0.0001f,0.0788f,0.7652f,0f,0f,0f,1f],start_interpolation: 0,interpolation_duration: 1}
$data merge entity $(bone_rightpointerfinger) {transformation: [0.0246f,-0.9496f,-0.3125f,-0.9483f,0.0749f,0.3135f,-0.9466f,2.5053f,0.9969f,-0.0001f,0.0788f,0.8779f,0f,0f,0f,1f],start_interpolation: 0,interpolation_duration: 1}
$data merge entity $(bone_rightmidfinger) {transformation: [0.0246f,-0.9496f,-0.3125f,-0.9971f,0.0749f,0.3135f,-0.9466f,2.3574f,0.9969f,-0.0001f,0.0788f,0.8903f,0f,0f,0f,1f],start_interpolation: 0,interpolation_duration: 1}
$data merge entity $(bone_rightringfinger) {transformation: [0.0246f,-0.9496f,-0.3125f,-1.0459f,0.0749f,0.3135f,-0.9466f,2.2094f,0.9969f,-0.0001f,0.0788f,0.9026f,0f,0f,0f,1f],start_interpolation: 0,interpolation_duration: 1}
$data merge entity $(bone_hugeasssword) {transformation: [0.0963f,-3.7192f,-1.2241f,-1.1916f,0.2933f,1.2279f,-3.7076f,2.4159f,3.9045f,-0.0005f,0.3087f,0.6242f,0f,0f,0f,1f],start_interpolation: 0,interpolation_duration: 1}
$data merge entity $(bone_ice) {transformation: [0.0246f,-0.9496f,-0.3125f,-1.1772f,0.0749f,0.3135f,-0.9466f,2.4099f,0.9969f,-0.0001f,0.0788f,0.6086f,0f,0f,0f,1f],start_interpolation: 0,interpolation_duration: 1}
$data merge entity $(bone_righthand1) {transformation: [0.0246f,-0.9496f,-0.3125f,-1.4182f,0.0749f,0.3135f,-0.9466f,2.4774f,0.9969f,-0.0001f,0.0788f,0.8603f,0f,0f,0f,1f],start_interpolation: 0,interpolation_duration: 1}
$data merge entity $(bone_rightforearm) {transformation: [-0.3816f,-0.5553f,-0.7389f,-1.7924f,-0.035f,0.8075f,-0.5888f,3.0498f,0.9237f,-0.1988f,-0.3275f,0.6647f,0f,0f,0f,1f],start_interpolation: 0,interpolation_duration: 1}
$data merge entity $(bone_rightelbow) {transformation: [-0.3816f,-0.5553f,-0.7389f,-1.8966f,-0.035f,0.8075f,-0.5888f,3.2012f,0.9237f,-0.1988f,-0.3275f,0.6274f,0f,0f,0f,1f],start_interpolation: 0,interpolation_duration: 1}
$data merge entity $(bone_rightarm) {transformation: [-0.3568f,0.6477f,-0.6732f,-1.5198f,0.0579f,0.7346f,0.6761f,3.4262f,0.9324f,0.2022f,-0.2996f,0.518f,0f,0f,0f,1f],start_interpolation: 0,interpolation_duration: 1}
$data merge entity $(bone_chest1) {transformation: [-1.0791f,0.0946f,-0.015f,-0.8311f,0.0903f,1.0616f,0.1963f,3.2655f,0.0319f,0.1943f,-1.0653f,0.3746f,0f,0f,0f,1f],start_interpolation: 0,interpolation_duration: 1}
$data merge entity $(bone_chest1lid) {transformation: [-0.9961f,0.0873f,-0.0139f,-1.2255f,0.0834f,0.9799f,0.1812f,2.5533f,0.0294f,0.1793f,-0.9833f,0.6469f,0f,0f,0f,1f],start_interpolation: 0,interpolation_duration: 1}
$data merge entity $(bone_chest2) {transformation: [-0.9961f,0.0873f,-0.0139f,-1.2391f,0.0834f,0.9799f,0.1812f,2.4002f,0.0294f,0.1793f,-0.9833f,0.6189f,0f,0f,0f,1f],start_interpolation: 0,interpolation_duration: 1}
$data merge entity $(bone_chest1lid3) {transformation: [-0.9961f,0.0873f,-0.0139f,-1.1721f,0.0834f,0.9799f,0.1812f,2.6642f,0.0294f,0.1793f,-0.9833f,0.0151f,0f,0f,0f,1f],start_interpolation: 0,interpolation_duration: 1}
$data merge entity $(bone_chest3) {transformation: [-0.9961f,0.0873f,-0.0139f,-1.1857f,0.0834f,0.9799f,0.1812f,2.5111f,0.0294f,0.1793f,-0.9833f,-0.0129f,0f,0f,0f,1f],start_interpolation: 0,interpolation_duration: 1}
$data merge entity $(bone_hugeasssword2) {transformation: [0.0543f,3.1075f,-2.3835f,-1.9607f,-0.7097f,2.3521f,3.0503f,4.5532f,3.8515f,0.3896f,0.5957f,0.3584f,0f,0f,0f,1f],start_interpolation: 0,interpolation_duration: 1}
$data merge entity $(bone_belt) {transformation: [-0.9961f,0.0873f,-0.0139f,-0.8322f,0.0834f,0.9799f,0.1812f,2.8487f,0.0294f,0.1793f,-0.9833f,0.431f,0f,0f,0f,1f],start_interpolation: 0,interpolation_duration: 1}
$data merge entity $(bone_torn_part) {transformation: [-0.9909f,0.1314f,-0.0289f,-0.9847f,0.1138f,0.9329f,0.3416f,2.5782f,0.0718f,0.3352f,-0.9394f,0.4002f,0f,0f,0f,1f],start_interpolation: 0,interpolation_duration: 1}
$data merge entity $(bone_lowerbody) {transformation: [-0.9909f,0.1166f,-0.067f,-0.9355f,0.1138f,0.9925f,0.0453f,2.0761f,0.0718f,0.0372f,-0.9967f,0.5152f,0f,0f,0f,1f],start_interpolation: 0,interpolation_duration: 1}
$data merge entity $(bone_leftfoot) {transformation: [-0.8698f,0.2005f,-0.4509f,-0.6063f,-0.0554f,0.8682f,0.4931f,0.3802f,0.4903f,0.4539f,-0.744f,0.3287f,0f,0f,0f,1f],start_interpolation: 0,interpolation_duration: 1}
$data merge entity $(bone_leftlowerleg) {transformation: [-0.8698f,0.2005f,-0.4509f,-0.3146f,-0.0554f,0.8682f,0.4931f,1.2676f,0.4903f,0.4539f,-0.744f,0.9465f,0f,0f,0f,1f],start_interpolation: 0,interpolation_duration: 1}
$data merge entity $(bone_leftleg) {transformation: [-0.9012f,-0.3563f,-0.2467f,-0.712f,-0.1038f,0.7302f,-0.6753f,2.0223f,0.4207f,-0.583f,-0.6951f,0.3541f,0f,0f,0f,1f],start_interpolation: 0,interpolation_duration: 1}
$data merge entity $(bone_rightfoot) {transformation: [-0.9365f,0.2301f,0.2646f,-1.6115f,0.307f,0.9027f,0.3016f,0.2216f,-0.1694f,0.3636f,-0.916f,0.2753f,0f,0f,0f,1f],start_interpolation: 0,interpolation_duration: 1}
$data merge entity $(bone_rightlowerleg) {transformation: [-0.9365f,0.2301f,0.2646f,-1.3968f,0.307f,0.9027f,0.3016f,1.1767f,-0.1694f,0.3636f,-0.916f,0.8194f,0f,0f,0f,1f],start_interpolation: 0,interpolation_duration: 1}
$data merge entity $(bone_rightleg) {transformation: [-0.9827f,0.1673f,-0.0791f,-1.1967f,0.1851f,0.8832f,-0.431f,2.0992f,-0.0023f,-0.4382f,-0.8989f,0.3716f,0f,0f,0f,1f],start_interpolation: 0,interpolation_duration: 1}
data modify entity @s data merge value {"cameras":{},"locators":{"lefthand":{"posx":-0.44150994462862136,"posy":2.2813060909538065,"posz":0.8993641733360893,"roty":78.11997001052113,"rotx":-76.94224263077649},"sword":{"posx":-0.0026270409552771046,"posy":5.917465056812182,"posz":0.4102228989690806,"roty":255.8466549470437,"rotx":-71.19608731702459},"righthand":{"posx":-1.1551401628109297,"posy":2.426777070070817,"posz":0.7008551978796733,"roty":255.8466549470437,"rotx":-71.19608731702459},"chest":{"posx":-1.2598704160588399,"posy":2.4663589704297726,"posz":0.7902586619733318,"roty":359.1922534265701,"rotx":10.439212462800707}}}