# This file was generated by Animated Java via MC-Build. It is not recommended to edit this file directly.
$data merge entity $(bone_nose) {transformation: [-0.9634f,0.1833f,0.1955f,-0.2309f,0.1668f,0.9811f,-0.0976f,4.2367f,-0.2097f,-0.0614f,-0.9758f,0.718f,0f,0f,0f,1f],start_interpolation: 0,interpolation_duration: 1}
$data merge entity $(bone_glowing_eye) {transformation: [-0.9634f,0.1833f,0.1955f,-0.3457f,0.1668f,0.9811f,-0.0976f,4.3274f,-0.2097f,-0.0614f,-0.9758f,0.7216f,0f,0f,0f,1f],start_interpolation: 0,interpolation_duration: 1}
$data merge entity $(bone_head) {transformation: [-0.9634f,0.1833f,0.1955f,-0.2169f,0.1668f,0.9811f,-0.0976f,4.0973f,-0.2097f,-0.0614f,-0.9758f,0.5428f,0f,0f,0f,1f],start_interpolation: 0,interpolation_duration: 1}
$data merge entity $(bone_leftthumb2) {transformation: [-0.4518f,0.8894f,0.0699f,0.1779f,0.0471f,0.102f,-0.9937f,2.8253f,-0.8909f,-0.4456f,-0.088f,1.0653f,0f,0f,0f,1f],start_interpolation: 0,interpolation_duration: 1}
$data merge entity $(bone_leftthumb) {transformation: [-0.4518f,0.8894f,0.0699f,0.402f,0.0471f,0.102f,-0.9937f,2.7654f,-0.8909f,-0.4456f,-0.088f,0.9485f,0f,0f,0f,1f],start_interpolation: 0,interpolation_duration: 1}
$data merge entity $(bone_leftpointerfinger) {transformation: [-0.4518f,0.8894f,0.0699f,0.1629f,0.0471f,0.102f,-0.9937f,2.6802f,-0.8909f,-0.4456f,-0.088f,1.1881f,0f,0f,0f,1f],start_interpolation: 0,interpolation_duration: 1}
$data merge entity $(bone_leftmidfinger) {transformation: [-0.4518f,0.8894f,0.0699f,0.1738f,0.0471f,0.102f,-0.9937f,2.5249f,-0.8909f,-0.4456f,-0.088f,1.1743f,0f,0f,0f,1f],start_interpolation: 0,interpolation_duration: 1}
$data merge entity $(bone_leftringfinger) {transformation: [-0.4518f,0.8894f,0.0699f,0.1847f,0.0471f,0.102f,-0.9937f,2.3696f,-0.8909f,-0.4456f,-0.088f,1.1606f,0f,0f,0f,1f],start_interpolation: 0,interpolation_duration: 1}
$data merge entity $(bone_invisibility) {transformation: [0.8921f,0.0079f,0.4518f,0.1733f,0.015f,0.9988f,-0.0471f,2.7312f,-0.4516f,0.0488f,0.8909f,0.975f,0f,0f,0f,1f],start_interpolation: 0,interpolation_duration: 1}
$data merge entity $(bone_swiftness) {transformation: [0.0699f,0.8894f,0.4518f,0.0424f,-0.9937f,0.102f,-0.0471f,2.5335f,-0.088f,-0.4456f,0.8909f,0.9725f,0f,0f,0f,1f],start_interpolation: 0,interpolation_duration: 1}
$data merge entity $(bone_suspicious_stew) {transformation: [0.8356f,0.3126f,0.4518f,0.1447f,-0.3275f,0.9437f,-0.0471f,2.5401f,-0.441f,-0.1086f,0.8909f,0.9794f,0f,0f,0f,1f],start_interpolation: 0,interpolation_duration: 1}
$data merge entity $(bone_log) {transformation: [-0.4518f,0.8894f,0.0699f,0.2168f,0.0471f,0.102f,-0.9937f,2.5107f,-0.8909f,-0.4456f,-0.088f,0.8361f,0f,0f,0f,1f],start_interpolation: 0,interpolation_duration: 1}
$data merge entity $(bone_planks) {transformation: [-0.4518f,0.8894f,0.0699f,0.1744f,0.0471f,0.102f,-0.9937f,2.5151f,-0.8909f,-0.4456f,-0.088f,0.7526f,0f,0f,0f,1f],start_interpolation: 0,interpolation_duration: 1}
$data merge entity $(bone_lefthand1) {transformation: [-0.4518f,0.8894f,0.0699f,0.5499f,0.0471f,0.102f,-0.9937f,2.5555f,-0.8909f,-0.4456f,-0.088f,0.9502f,0f,0f,0f,1f],start_interpolation: 0,interpolation_duration: 1}
$data merge entity $(bone_leftforearm) {transformation: [-0.8939f,0.3471f,0.2837f,0.7393f,0.0537f,0.7112f,-0.701f,3.0809f,-0.4451f,-0.6113f,-0.6543f,0.4839f,0f,0f,0f,1f],start_interpolation: 0,interpolation_duration: 1}
$data merge entity $(bone_leftelbow) {transformation: [-0.8939f,0.3471f,0.2837f,0.8043f,0.0537f,0.7112f,-0.701f,3.2142f,-0.4451f,-0.6113f,-0.6543f,0.3692f,0f,0f,0f,1f],start_interpolation: 0,interpolation_duration: 1}
$data merge entity $(bone_leftarm) {transformation: [-0.8819f,-0.2993f,0.3642f,0.4452f,-0.0557f,0.8333f,0.5499f,3.4927f,-0.4681f,0.4647f,-0.7516f,0.5281f,0f,0f,0f,1f],start_interpolation: 0,interpolation_duration: 1}
$data merge entity $(bone_rightthumb2) {transformation: [-0.0067f,-0.8293f,-0.5588f,-0.4995f,-0.021f,0.5588f,-0.829f,2.8369f,0.9998f,0.0062f,-0.0211f,0.8706f,0f,0f,0f,1f],start_interpolation: 0,interpolation_duration: 1}
$data merge entity $(bone_rightthumb) {transformation: [-0.0067f,-0.8293f,-0.5588f,-0.7506f,-0.021f,0.5588f,-0.829f,2.9031f,0.9998f,0.0062f,-0.0211f,0.8703f,0f,0f,0f,1f],start_interpolation: 0,interpolation_duration: 1}
$data merge entity $(bone_rightpointerfinger) {transformation: [-0.0067f,-0.8293f,-0.5588f,-0.5054f,-0.021f,0.5588f,-0.829f,2.6786f,0.9998f,0.0062f,-0.0211f,0.9766f,0f,0f,0f,1f],start_interpolation: 0,interpolation_duration: 1}
$data merge entity $(bone_rightmidfinger) {transformation: [-0.0067f,-0.8293f,-0.5588f,-0.5928f,-0.021f,0.5588f,-0.829f,2.549f,0.9998f,0.0062f,-0.0211f,0.9733f,0f,0f,0f,1f],start_interpolation: 0,interpolation_duration: 1}
$data merge entity $(bone_rightringfinger) {transformation: [-0.0067f,-0.8293f,-0.5588f,-0.6801f,-0.021f,0.5588f,-0.829f,2.4195f,0.9998f,0.0062f,-0.0211f,0.97f,0f,0f,0f,1f],start_interpolation: 0,interpolation_duration: 1}
$data merge entity $(bone_hugeasssword) {transformation: [-0.0261f,-3.248f,-2.1887f,-0.7507f,-0.0821f,2.1887f,-3.247f,2.6811f,3.9157f,0.0243f,-0.0827f,0.7093f,0f,0f,0f,1f],start_interpolation: 0,interpolation_duration: 1}
$data merge entity $(bone_ice) {transformation: [-0.0067f,-0.8293f,-0.5588f,-0.7376f,-0.021f,0.5588f,-0.829f,2.6726f,0.9998f,0.0062f,-0.0211f,0.6936f,0f,0f,0f,1f],start_interpolation: 0,interpolation_duration: 1}
$data merge entity $(bone_righthand1) {transformation: [-0.0067f,-0.8293f,-0.5588f,-0.9641f,-0.021f,0.5588f,-0.829f,2.7812f,0.9998f,0.0062f,-0.0211f,0.9444f,0f,0f,0f,1f],start_interpolation: 0,interpolation_duration: 1}
$data merge entity $(bone_rightforearm) {transformation: [-0.4254f,-0.5326f,-0.7317f,-1.3111f,0.1027f,0.7749f,-0.6237f,3.3261f,0.8992f,-0.3404f,-0.275f,0.6595f,0f,0f,0f,1f],start_interpolation: 0,interpolation_duration: 1}
$data merge entity $(bone_rightelbow) {transformation: [-0.4254f,-0.5326f,-0.7317f,-1.411f,0.1027f,0.7749f,-0.6237f,3.4714f,0.8992f,-0.3404f,-0.275f,0.5956f,0f,0f,0f,1f],start_interpolation: 0,interpolation_duration: 1}
$data merge entity $(bone_rightarm) {transformation: [-0.3895f,0.8144f,-0.4302f,-0.9764f,0.1814f,0.5257f,0.8311f,3.5496f,0.903f,0.2456f,-0.3525f,0.5192f,0f,0f,0f,1f],start_interpolation: 0,interpolation_duration: 1}
$data merge entity $(bone_chest1) {transformation: [-1.0789f,0.089f,-0.0418f,-0.289f,0.0806f,1.0644f,0.1849f,3.4532f,0.0562f,0.181f,-1.0666f,0.4021f,0f,0f,0f,1f],start_interpolation: 0,interpolation_duration: 1}
$data merge entity $(bone_chest1lid) {transformation: [-0.9959f,0.0822f,-0.0386f,-0.6701f,0.0744f,0.9825f,0.1707f,2.7403f,0.0519f,0.1671f,-0.9846f,0.6909f,0f,0f,0f,1f],start_interpolation: 0,interpolation_duration: 1}
$data merge entity $(bone_chest2) {transformation: [-0.9959f,0.0822f,-0.0386f,-0.6829f,0.0744f,0.9825f,0.1707f,2.5868f,0.0519f,0.1671f,-0.9846f,0.6648f,0f,0f,0f,1f],start_interpolation: 0,interpolation_duration: 1}
$data merge entity $(bone_chest1lid3) {transformation: [-0.9959f,0.0822f,-0.0386f,-0.6325f,0.0744f,0.9825f,0.1707f,2.845f,0.0519f,0.1671f,-0.9846f,0.057f,0f,0f,0f,1f],start_interpolation: 0,interpolation_duration: 1}
$data merge entity $(bone_chest3) {transformation: [-0.9959f,0.0822f,-0.0386f,-0.6454f,0.0744f,0.9825f,0.1707f,2.6915f,0.0519f,0.1671f,-0.9846f,0.0309f,0f,0f,0f,1f],start_interpolation: 0,interpolation_duration: 1}
$data merge entity $(bone_hugeasssword2) {transformation: [0.151f,3.0931f,-2.3979f,-1.4309f,-0.6684f,2.3848f,3.0342f,4.7301f,3.8563f,0.2922f,0.6198f,0.3991f,0f,0f,0f,1f],start_interpolation: 0,interpolation_duration: 1}
$data merge entity $(bone_belt) {transformation: [-0.9959f,0.0822f,-0.0386f,-0.2848f,0.0744f,0.9825f,0.1707f,3.0371f,0.0519f,0.1671f,-0.9846f,0.4628f,0f,0f,0f,1f],start_interpolation: 0,interpolation_duration: 1}
$data merge entity $(bone_torn_part) {transformation: [-0.9654f,0.2572f,-0.0428f,-0.4498f,0.2194f,0.8902f,0.3992f,2.7809f,0.1408f,0.376f,-0.9159f,0.4355f,0f,0f,0f,1f],start_interpolation: 0,interpolation_duration: 1}
$data merge entity $(bone_lowerbody) {transformation: [-0.9654f,0.2324f,-0.1182f,-0.4524f,0.2194f,0.9691f,0.113f,2.2704f,0.1408f,0.0831f,-0.9865f,0.5198f,0f,0f,0f,1f],start_interpolation: 0,interpolation_duration: 1}
$data merge entity $(bone_leftfoot) {transformation: [-0.8245f,0.0835f,-0.5597f,-0.2043f,-0.0909f,0.9567f,0.2765f,0.2072f,0.5586f,0.2789f,-0.7812f,0.135f,0f,0f,0f,1f],start_interpolation: 0,interpolation_duration: 1}
$data merge entity $(bone_leftlowerleg) {transformation: [-0.8245f,0.0835f,-0.5597f,-0.0258f,-0.0909f,0.9567f,0.2765f,1.2261f,0.5586f,0.2789f,-0.7812f,0.5644f,0f,0f,0f,1f],start_interpolation: 0,interpolation_duration: 1}
$data merge entity $(bone_leftleg) {transformation: [-0.9082f,-0.1945f,-0.3705f,-0.2473f,-0.0777f,0.9484f,-0.3073f,2.2222f,0.4112f,-0.2503f,-0.8765f,0.3281f,0f,0f,0f,1f],start_interpolation: 0,interpolation_duration: 1}
$data merge entity $(bone_rightfoot) {transformation: [-0.7688f,0.6158f,0.1726f,-1.9119f,0.6374f,0.7599f,0.1278f,0.6994f,-0.0525f,0.2082f,-0.9767f,0.4027f,0f,0f,0f,1f],start_interpolation: 0,interpolation_duration: 1}
$data merge entity $(bone_rightlowerleg) {transformation: [-0.7688f,0.6158f,0.1726f,-1.2553f,0.6374f,0.7599f,0.1278f,1.5228f,-0.0525f,0.2082f,-0.9767f,0.7838f,0f,0f,0f,1f],start_interpolation: 0,interpolation_duration: 1}
$data merge entity $(bone_rightleg) {transformation: [-0.8197f,0.4801f,-0.3124f,-0.7266f,0.5592f,0.7887f,-0.2554f,2.3391f,0.1238f,-0.3841f,-0.915f,0.3925f,0f,0f,0f,1f],start_interpolation: 0,interpolation_duration: 1}
data modify entity @s data merge value {"cameras":{},"locators":{"lefthand":{"posx":0.1885360127334163,"posy":2.513849772024903,"posz":0.9557929741157097,"roty":38.44488283104869,"rotx":-83.5485627475621},"sword":{"posx":1.3440294343264463,"posy":5.7319421977642,"posz":0.8654119637506353,"roty":272.1633478343846,"rotx":-55.99890026466944},"righthand":{"posx":-0.7165833635576311,"posy":2.6749057280210193,"posz":0.7875712940688415,"roty":272.1633478343846,"rotx":-55.99890026466944},"chest":{"posx":-0.700308918274215,"posy":2.65459094650724,"posz":0.8359650107674389,"roty":357.75694022498794,"rotx":9.825921386295931}}}