# This file was generated by Animated Java via MC-Build. It is not recommended to edit this file directly.
$data merge entity $(bone_nose) {transformation: [-0.9106f,0.404f,0.0871f,-0.0119f,0.3936f,0.912f,-0.1158f,4.223f,-0.1262f,-0.0711f,-0.9894f,0.754f,0f,0f,0f,1f],start_interpolation: 0,interpolation_duration: 1}
$data merge entity $(bone_glowing_eye) {transformation: [-0.9106f,0.404f,0.0871f,-0.1014f,0.3936f,0.912f,-0.1158f,4.3379f,-0.1262f,-0.0711f,-0.9894f,0.7679f,0f,0f,0f,1f],start_interpolation: 0,interpolation_duration: 1}
$data merge entity $(bone_head) {transformation: [-0.9106f,0.404f,0.0871f,-0.0455f,0.3936f,0.912f,-0.1158f,4.0887f,-0.1262f,-0.0711f,-0.9894f,0.5775f,0f,0f,0f,1f],start_interpolation: 0,interpolation_duration: 1}
$data merge entity $(bone_leftthumb2) {transformation: [-0.4169f,0.9019f,0.1128f,0.1309f,0.0624f,0.1522f,-0.9864f,2.8247f,-0.9068f,-0.4042f,-0.1197f,1.0337f,0f,0f,0f,1f],start_interpolation: 0,interpolation_duration: 1}
$data merge entity $(bone_leftthumb) {transformation: [-0.4169f,0.9019f,0.1128f,0.3617f,0.0624f,0.1522f,-0.9864f,2.7778f,-0.9068f,-0.4042f,-0.1197f,0.9243f,0f,0f,0f,1f],start_interpolation: 0,interpolation_duration: 1}
$data merge entity $(bone_leftpointerfinger) {transformation: [-0.4169f,0.9019f,0.1128f,0.1167f,0.0624f,0.1522f,-0.9864f,2.6748f,-0.9068f,-0.4042f,-0.1197f,1.1505f,0f,0f,0f,1f],start_interpolation: 0,interpolation_duration: 1}
$data merge entity $(bone_leftmidfinger) {transformation: [-0.4169f,0.9019f,0.1128f,0.1343f,0.0624f,0.1522f,-0.9864f,2.5206f,-0.9068f,-0.4042f,-0.1197f,1.1318f,0f,0f,0f,1f],start_interpolation: 0,interpolation_duration: 1}
$data merge entity $(bone_leftringfinger) {transformation: [-0.4169f,0.9019f,0.1128f,0.1519f,0.0624f,0.1522f,-0.9864f,2.3665f,-0.9068f,-0.4042f,-0.1197f,1.1131f,0f,0f,0f,1f],start_interpolation: 0,interpolation_duration: 1}
$data merge entity $(bone_invisibility) {transformation: [0.9083f,-0.0338f,0.4169f,0.1336f,0.0657f,0.9959f,-0.0624f,2.7339f,-0.4131f,0.084f,0.9068f,0.94f,0f,0f,0f,1f],start_interpolation: 0,interpolation_duration: 1}
$data merge entity $(bone_swiftness) {transformation: [0.1128f,0.9019f,0.4169f,0.0109f,-0.9864f,0.1522f,-0.0624f,2.5316f,-0.1197f,-0.4042f,0.9068f,0.9251f,0f,0f,0f,1f],start_interpolation: 0,interpolation_duration: 1}
$data merge entity $(bone_suspicious_stew) {transformation: [0.8651f,0.2789f,0.4169f,0.1125f,-0.2789f,0.9583f,-0.0624f,2.5419f,-0.4169f,-0.0623f,0.9068f,0.9365f,0f,0f,0f,1f],start_interpolation: 0,interpolation_duration: 1}
$data merge entity $(bone_log) {transformation: [-0.4169f,0.9019f,0.1128f,0.1914f,0.0624f,0.1522f,-0.9864f,2.5205f,-0.9068f,-0.4042f,-0.1197f,0.7954f,0f,0f,0f,1f],start_interpolation: 0,interpolation_duration: 1}
$data merge entity $(bone_planks) {transformation: [-0.4169f,0.9019f,0.1128f,0.1523f,0.0624f,0.1522f,-0.9864f,2.5263f,-0.9068f,-0.4042f,-0.1197f,0.7104f,0f,0f,0f,1f],start_interpolation: 0,interpolation_duration: 1}
$data merge entity $(bone_lefthand1) {transformation: [-0.4169f,0.9019f,0.1128f,0.5176f,0.0624f,0.1522f,-0.9864f,2.5738f,-0.9068f,-0.4042f,-0.1197f,0.9248f,0f,0f,0f,1f],start_interpolation: 0,interpolation_duration: 1}
$data merge entity $(bone_leftforearm) {transformation: [-0.8309f,0.4929f,0.2581f,0.8126f,0.1208f,0.6126f,-0.7811f,3.0315f,-0.5431f,-0.6179f,-0.5686f,0.4505f,0f,0f,0f,1f],start_interpolation: 0,interpolation_duration: 1}
$data merge entity $(bone_leftelbow) {transformation: [-0.8309f,0.4929f,0.2581f,0.905f,0.1208f,0.6126f,-0.7811f,3.1463f,-0.5431f,-0.6179f,-0.5686f,0.3346f,0f,0f,0f,1f],start_interpolation: 0,interpolation_duration: 1}
$data merge entity $(bone_leftarm) {transformation: [-0.8246f,-0.3286f,0.4604f,0.5302f,0.0159f,0.8001f,0.5996f,3.4123f,-0.5654f,0.5018f,-0.6546f,0.4875f,0f,0f,0f,1f],start_interpolation: 0,interpolation_duration: 1}
$data merge entity $(bone_rightthumb2) {transformation: [-0.046f,-0.8409f,-0.5393f,-0.511f,-0.0615f,0.5412f,-0.8387f,2.8056f,0.997f,-0.0054f,-0.0766f,0.8817f,0f,0f,0f,1f],start_interpolation: 0,interpolation_duration: 1}
$data merge entity $(bone_rightthumb) {transformation: [-0.046f,-0.8409f,-0.5393f,-0.7633f,-0.0615f,0.5412f,-0.8387f,2.8666f,0.997f,-0.0054f,-0.0766f,0.8738f,0f,0f,0f,1f],start_interpolation: 0,interpolation_duration: 1}
$data merge entity $(bone_rightpointerfinger) {transformation: [-0.046f,-0.8409f,-0.5393f,-0.5177f,-0.0615f,0.5412f,-0.8387f,2.643f,0.997f,-0.0054f,-0.0766f,0.981f,0f,0f,0f,1f],start_interpolation: 0,interpolation_duration: 1}
$data merge entity $(bone_rightmidfinger) {transformation: [-0.046f,-0.8409f,-0.5393f,-0.602f,-0.0615f,0.5412f,-0.8387f,2.512f,0.997f,-0.0054f,-0.0766f,0.9691f,0f,0f,0f,1f],start_interpolation: 0,interpolation_duration: 1}
$data merge entity $(bone_rightringfinger) {transformation: [-0.046f,-0.8409f,-0.5393f,-0.6863f,-0.0615f,0.5412f,-0.8387f,2.381f,0.997f,-0.0054f,-0.0766f,0.9571f,0f,0f,0f,1f],start_interpolation: 0,interpolation_duration: 1}
$data merge entity $(bone_hugeasssword) {transformation: [-0.1803f,-3.2935f,-2.1121f,-0.7521f,-0.2408f,2.1196f,-3.2847f,2.6514f,3.9051f,-0.0213f,-0.3001f,0.7043f,0f,0f,0f,1f],start_interpolation: 0,interpolation_duration: 1}
$data merge entity $(bone_ice) {transformation: [-0.046f,-0.8409f,-0.5393f,-0.7383f,-0.0615f,0.5412f,-0.8387f,2.6439f,0.997f,-0.0054f,-0.0766f,0.6888f,0f,0f,0f,1f],start_interpolation: 0,interpolation_duration: 1}
$data merge entity $(bone_righthand1) {transformation: [-0.046f,-0.8409f,-0.5393f,-0.9769f,-0.0615f,0.5412f,-0.8387f,2.7376f,0.997f,-0.0054f,-0.0766f,0.9343f,0f,0f,0f,1f],start_interpolation: 0,interpolation_duration: 1}
$data merge entity $(bone_rightforearm) {transformation: [-0.4547f,-0.387f,-0.8022f,-1.2255f,0.0537f,0.8871f,-0.4584f,3.3608f,0.889f,-0.2515f,-0.3826f,0.7102f,0f,0f,0f,1f],start_interpolation: 0,interpolation_duration: 1}
$data merge entity $(bone_rightelbow) {transformation: [-0.4547f,-0.387f,-0.8022f,-1.2981f,0.0537f,0.8871f,-0.4584f,3.5272f,0.889f,-0.2515f,-0.3826f,0.663f,0f,0f,0f,1f],start_interpolation: 0,interpolation_duration: 1}
$data merge entity $(bone_rightarm) {transformation: [-0.4111f,0.8073f,-0.4235f,-0.8625f,0.1335f,0.5128f,0.8481f,3.6261f,0.9018f,0.2921f,-0.3186f,0.5989f,0f,0f,0f,1f],start_interpolation: 0,interpolation_duration: 1}
$data merge entity $(bone_chest1) {transformation: [-1.0643f,0.188f,-0.074f,-0.1931f,0.1667f,1.0414f,0.2475f,3.4643f,0.1141f,0.2318f,-1.0521f,0.4151f,0f,0f,0f,1f],start_interpolation: 0,interpolation_duration: 1}
$data merge entity $(bone_chest1lid) {transformation: [-0.9825f,0.1735f,-0.0683f,-0.6204f,0.1539f,0.9613f,0.2285f,2.7704f,0.1053f,0.2139f,-0.9712f,0.6848f,0f,0f,0f,1f],start_interpolation: 0,interpolation_duration: 1}
$data merge entity $(bone_chest2) {transformation: [-0.9825f,0.1735f,-0.0683f,-0.6475f,0.1539f,0.9613f,0.2285f,2.6202f,0.1053f,0.2139f,-0.9712f,0.6514f,0f,0f,0f,1f],start_interpolation: 0,interpolation_duration: 1}
$data merge entity $(bone_chest1lid3) {transformation: [-0.9825f,0.1735f,-0.0683f,-0.6028f,0.1539f,0.9613f,0.2285f,2.9071f,0.1053f,0.2139f,-0.9712f,0.0561f,0f,0f,0f,1f],start_interpolation: 0,interpolation_duration: 1}
$data merge entity $(bone_chest3) {transformation: [-0.9825f,0.1735f,-0.0683f,-0.6299f,0.1539f,0.9613f,0.2285f,2.7569f,0.1053f,0.2139f,-0.9712f,0.0227f,0f,0f,0f,1f],start_interpolation: 0,interpolation_duration: 1}
$data merge entity $(bone_hugeasssword2) {transformation: [0.2676f,3.2961f,-2.0986f,-1.2204f,-0.8948f,2.0994f,3.1831f,4.8298f,3.8037f,0.262f,0.8965f,0.5358f,0f,0f,0f,1f],start_interpolation: 0,interpolation_duration: 1}
$data merge entity $(bone_belt) {transformation: [-0.9825f,0.1735f,-0.0683f,-0.2218f,0.1539f,0.9613f,0.2285f,3.0465f,0.1053f,0.2139f,-0.9712f,0.4536f,0f,0f,0f,1f],start_interpolation: 0,interpolation_duration: 1}
$data merge entity $(bone_torn_part) {transformation: [-0.9757f,0.2151f,-0.0428f,-0.396f,0.1742f,0.8788f,0.4443f,2.7909f,0.1332f,0.426f,-0.8949f,0.4125f,0f,0f,0f,1f],start_interpolation: 0,interpolation_duration: 1}
$data merge entity $(bone_lowerbody) {transformation: [-0.9757f,0.1923f,-0.1055f,-0.3797f,0.1742f,0.9717f,0.1595f,2.277f,0.1332f,0.1372f,-0.9815f,0.4706f,0f,0f,0f,1f],start_interpolation: 0,interpolation_duration: 1}
$data merge entity $(bone_leftfoot) {transformation: [-0.8693f,0.0716f,-0.489f,0.0429f,-0.0939f,0.9475f,0.3056f,0.2957f,0.4852f,0.3116f,-0.817f,0.0962f,0f,0f,0f,1f],start_interpolation: 0,interpolation_duration: 1}
$data merge entity $(bone_leftlowerleg) {transformation: [-0.8693f,0.0716f,-0.489f,0.1975f,-0.0939f,0.9475f,0.3056f,1.3f,0.4852f,0.3116f,-0.817f,0.5673f,0f,0f,0f,1f],start_interpolation: 0,interpolation_duration: 1}
$data merge entity $(bone_leftleg) {transformation: [-0.8749f,-0.3294f,-0.3551f,-0.1692f,-0.1727f,0.8971f,-0.4067f,2.2374f,0.4525f,-0.2945f,-0.8418f,0.2858f,0f,0f,0f,1f],start_interpolation: 0,interpolation_duration: 1}
$data merge entity $(bone_rightfoot) {transformation: [-0.9316f,0.3378f,0.134f,-1.2447f,0.3574f,0.9185f,0.1692f,0.3859f,-0.0659f,0.2055f,-0.9764f,0.3158f,0f,0f,0f,1f],start_interpolation: 0,interpolation_duration: 1}
$data merge entity $(bone_rightlowerleg) {transformation: [-0.9316f,0.3378f,0.134f,-0.8906f,0.3574f,0.9185f,0.1692f,1.3789f,-0.0659f,0.2055f,-0.9764f,0.6938f,0f,0f,0f,1f],start_interpolation: 0,interpolation_duration: 1}
$data merge entity $(bone_rightleg) {transformation: [-0.9574f,0.2053f,-0.2033f,-0.6481f,0.2615f,0.9149f,-0.3075f,2.3371f,0.1229f,-0.3475f,-0.9296f,0.3415f,0f,0f,0f,1f],start_interpolation: 0,interpolation_duration: 1}
data modify entity @s data merge value {"cameras":{},"locators":{"lefthand":{"posx":0.15828295613623972,"posy":2.5181612092756405,"posz":0.9138451939503743,"roty":43.29273186937877,"rotx":-80.53228377110356},"sword":{"posx":1.267453435001487,"posy":5.73527198045075,"posz":1.0661186448009965,"roty":278.0871455195993,"rotx":-56.99800052882782},"righthand":{"posx":-0.7210372416753357,"posy":2.642744349363325,"posz":0.7835696583753681,"roty":278.0871455195993,"rotx":-56.99800052882782},"chest":{"posx":-0.6512718961438589,"posy":2.679409124468062,"posz":0.826496981825766,"roty":355.97597841018126,"rotx":13.206829829149068}}}