# This file was generated by Animated Java via MC-Build. It is not recommended to edit this file directly.
$data merge entity $(bone_nose) {transformation: [-0.9112f,0.2599f,0.3196f,1.1048f,0.2378f,0.9654f,-0.1068f,4.2106f,-0.3363f,-0.0213f,-0.9415f,0.4164f,0f,0f,0f,1f],start_interpolation: 0,interpolation_duration: 1}
$data merge entity $(bone_glowing_eye) {transformation: [-0.9112f,0.2599f,0.3196f,0.9973f,0.2378f,0.9654f,-0.1068f,4.3095f,-0.3363f,-0.0213f,-0.9415f,0.4058f,0f,0f,0f,1f],start_interpolation: 0,interpolation_duration: 1}
$data merge entity $(bone_head) {transformation: [-0.9112f,0.2599f,0.3196f,1.1325f,0.2378f,0.9654f,-0.1068f,4.0714f,-0.3363f,-0.0213f,-0.9415f,0.2427f,0f,0f,0f,1f],start_interpolation: 0,interpolation_duration: 1}
$data merge entity $(bone_leftthumb2) {transformation: [-0.5414f,0.8037f,0.2469f,1.3477f,0.0031f,0.2956f,-0.9553f,2.8202f,-0.8407f,-0.5165f,-0.1625f,0.6133f,0f,0f,0f,1f],start_interpolation: 0,interpolation_duration: 1}
$data merge entity $(bone_leftthumb) {transformation: [-0.5414f,0.8037f,0.2469f,1.5659f,0.0031f,0.2956f,-0.9553f,2.8111f,-0.8407f,-0.5165f,-0.1625f,0.4728f,0f,0f,0f,1f],start_interpolation: 0,interpolation_duration: 1}
$data merge entity $(bone_leftpointerfinger) {transformation: [-0.5414f,0.8037f,0.2469f,1.373f,0.0031f,0.2956f,-0.9553f,2.669f,-0.8407f,-0.5165f,-0.1625f,0.7266f,0f,0f,0f,1f],start_interpolation: 0,interpolation_duration: 1}
$data merge entity $(bone_leftmidfinger) {transformation: [-0.5414f,0.8037f,0.2469f,1.4116f,0.0031f,0.2956f,-0.9553f,2.5197f,-0.8407f,-0.5165f,-0.1625f,0.7012f,0f,0f,0f,1f],start_interpolation: 0,interpolation_duration: 1}
$data merge entity $(bone_leftringfinger) {transformation: [-0.5414f,0.8037f,0.2469f,1.4502f,0.0031f,0.2956f,-0.9553f,2.3704f,-0.8407f,-0.5165f,-0.1625f,0.6758f,0f,0f,0f,1f],start_interpolation: 0,interpolation_duration: 1}
$data merge entity $(bone_invisibility) {transformation: [0.8221f,-0.176f,0.5414f,1.3517f,0.2112f,0.9774f,-0.0031f,2.7317f,-0.5287f,0.1169f,0.8407f,0.5175f,0f,0f,0f,1f],start_interpolation: 0,interpolation_duration: 1}
$data merge entity $(bone_swiftness) {transformation: [0.2469f,0.8037f,0.5414f,1.261f,-0.9553f,0.2956f,-0.0031f,2.5127f,-0.1625f,-0.5165f,0.8407f,0.5132f,0f,0f,0f,1f],start_interpolation: 0,interpolation_duration: 1}
$data merge entity $(bone_suspicious_stew) {transformation: [0.8327f,0.1158f,0.5414f,1.3603f,-0.1358f,0.9907f,-0.0031f,2.5387f,-0.5368f,-0.071f,0.8407f,0.5112f,0f,0f,0f,1f],start_interpolation: 0,interpolation_duration: 1}
$data merge entity $(bone_log) {transformation: [-0.5414f,0.8037f,0.2469f,1.4216f,0.0031f,0.2956f,-0.9553f,2.5312f,-0.8407f,-0.5165f,-0.1625f,0.3603f,0f,0f,0f,1f],start_interpolation: 0,interpolation_duration: 1}
$data merge entity $(bone_planks) {transformation: [-0.5414f,0.8037f,0.2469f,1.3708f,0.0031f,0.2956f,-0.9553f,2.5315f,-0.8407f,-0.5165f,-0.1625f,0.2814f,0f,0f,0f,1f],start_interpolation: 0,interpolation_duration: 1}
$data merge entity $(bone_lefthand1) {transformation: [-0.5414f,0.8037f,0.2469f,1.7502f,0.0031f,0.2956f,-0.9553f,2.6342f,-0.8407f,-0.5165f,-0.1625f,0.4464f,0f,0f,0f,1f],start_interpolation: 0,interpolation_duration: 1}
$data merge entity $(bone_leftforearm) {transformation: [-0.8222f,0.495f,0.2808f,2.0429f,0.123f,0.6364f,-0.7615f,3.1083f,-0.5557f,-0.5916f,-0.5841f,-0.009f,0f,0f,0f,1f],start_interpolation: 0,interpolation_duration: 1}
$data merge entity $(bone_leftelbow) {transformation: [-0.8222f,0.495f,0.2808f,2.1357f,0.123f,0.6364f,-0.7615f,3.2276f,-0.5557f,-0.5916f,-0.5841f,-0.12f,0f,0f,0f,1f],start_interpolation: 0,interpolation_duration: 1}
$data merge entity $(bone_leftarm) {transformation: [-0.8108f,-0.4021f,0.4253f,1.734f,0.0223f,0.705f,0.7089f,3.4352f,-0.5849f,0.5843f,-0.5627f,0.0567f,0f,0f,0f,1f],start_interpolation: 0,interpolation_duration: 1}
$data merge entity $(bone_rightthumb2) {transformation: [0.1002f,-0.9147f,-0.3916f,0.7559f,-0.0729f,0.3858f,-0.9197f,2.7501f,0.9923f,0.1207f,-0.028f,0.5863f,0f,0f,0f,1f],start_interpolation: 0,interpolation_duration: 1}
$data merge entity $(bone_rightthumb) {transformation: [0.1002f,-0.9147f,-0.3916f,0.4982f,-0.0729f,0.3858f,-0.9197f,2.7661f,0.9923f,0.1207f,-0.028f,0.6135f,0f,0f,0f,1f],start_interpolation: 0,interpolation_duration: 1}
$data merge entity $(bone_rightpointerfinger) {transformation: [0.1002f,-0.9147f,-0.3916f,0.7909f,-0.0729f,0.3858f,-0.9197f,2.5885f,0.9923f,0.1207f,-0.028f,0.6811f,0f,0f,0f,1f],start_interpolation: 0,interpolation_duration: 1}
$data merge entity $(bone_rightmidfinger) {transformation: [0.1002f,-0.9147f,-0.3916f,0.7297f,-0.0729f,0.3858f,-0.9197f,2.4448f,0.9923f,0.1207f,-0.028f,0.6767f,0f,0f,0f,1f],start_interpolation: 0,interpolation_duration: 1}
$data merge entity $(bone_rightringfinger) {transformation: [0.1002f,-0.9147f,-0.3916f,0.6685f,-0.0729f,0.3858f,-0.9197f,2.3011f,0.9923f,0.1207f,-0.028f,0.6724f,0f,0f,0f,1f],start_interpolation: 0,interpolation_duration: 1}
$data merge entity $(bone_hugeasssword) {transformation: [0.3924f,-3.5825f,-1.5337f,0.5234f,-0.2854f,1.5109f,-3.6022f,2.5569f,3.8865f,0.4726f,-0.1097f,0.4381f,0f,0f,0f,1f],start_interpolation: 0,interpolation_duration: 1}
$data merge entity $(bone_ice) {transformation: [0.1002f,-0.9147f,-0.3916f,0.5361f,-0.0729f,0.3858f,-0.9197f,2.552f,0.9923f,0.1207f,-0.028f,0.4207f,0f,0f,0f,1f],start_interpolation: 0,interpolation_duration: 1}
$data merge entity $(bone_righthand1) {transformation: [0.1002f,-0.9147f,-0.3916f,0.3203f,-0.0729f,0.3858f,-0.9197f,2.6014f,0.9923f,0.1207f,-0.028f,0.6981f,0f,0f,0f,1f],start_interpolation: 0,interpolation_duration: 1}
$data merge entity $(bone_rightforearm) {transformation: [-0.4302f,-0.4179f,-0.8002f,0.0442f,0.0056f,0.8851f,-0.4653f,3.2242f,0.9027f,-0.2046f,-0.3784f,0.507f,0f,0f,0f,1f],start_interpolation: 0,interpolation_duration: 1}
$data merge entity $(bone_rightelbow) {transformation: [-0.4302f,-0.4179f,-0.8002f,-0.0342f,0.0056f,0.8851f,-0.4653f,3.3902f,0.9027f,-0.2046f,-0.3784f,0.4686f,0f,0f,0f,1f],start_interpolation: 0,interpolation_duration: 1}
$data merge entity $(bone_rightarm) {transformation: [-0.394f,0.7097f,-0.584f,0.3686f,0.0958f,0.6637f,0.7418f,3.5795f,0.9141f,0.2364f,-0.3295f,0.3781f,0f,0f,0f,1f],start_interpolation: 0,interpolation_duration: 1}
$data merge entity $(bone_chest1) {transformation: [-1.0354f,0.149f,-0.2816f,1.0122f,0.0768f,1.0461f,0.271f,3.4422f,0.3092f,0.2391f,-1.0104f,0.0718f,0f,0f,0f,1f],start_interpolation: 0,interpolation_duration: 1}
$data merge entity $(bone_chest1lid) {transformation: [-0.9558f,0.1375f,-0.26f,0.6936f,0.0709f,0.9656f,0.2502f,2.7086f,0.2854f,0.2207f,-0.9326f,0.3834f,0f,0f,0f,1f],start_interpolation: 0,interpolation_duration: 1}
$data merge entity $(bone_chest2) {transformation: [-0.9558f,0.1375f,-0.26f,0.6722f,0.0709f,0.9656f,0.2502f,2.5577f,0.2854f,0.2207f,-0.9326f,0.3489f,0f,0f,0f,1f],start_interpolation: 0,interpolation_duration: 1}
$data merge entity $(bone_chest1lid3) {transformation: [-0.9558f,0.1375f,-0.26f,0.5868f,0.0709f,0.9656f,0.2502f,2.8644f,0.2854f,0.2207f,-0.9326f,-0.2319f,0f,0f,0f,1f],start_interpolation: 0,interpolation_duration: 1}
$data merge entity $(bone_chest3) {transformation: [-0.9558f,0.1375f,-0.26f,0.5654f,0.0709f,0.9656f,0.2502f,2.7135f,0.2854f,0.2207f,-0.9326f,-0.2664f,0f,0f,0f,1f],start_interpolation: 0,interpolation_duration: 1}
$data merge entity $(bone_hugeasssword2) {transformation: [1.0182f,3.1239f,-2.1318f,-0.0746f,-0.9799f,2.3503f,2.976f,4.7162f,3.6529f,-0.2403f,1.3925f,0.4324f,0f,0f,0f,1f],start_interpolation: 0,interpolation_duration: 1}
$data merge entity $(bone_belt) {transformation: [-0.9558f,0.1375f,-0.26f,1.0221f,0.0709f,0.9656f,0.2502f,3.0225f,0.2854f,0.2207f,-0.9326f,0.0968f,0f,0f,0f,1f],start_interpolation: 0,interpolation_duration: 1}
$data merge entity $(bone_torn_part) {transformation: [-0.9636f,0.1375f,-0.2293f,0.8725f,0.0187f,0.8902f,0.4552f,2.7476f,0.2667f,0.4343f,-0.8604f,0.0704f,0f,0f,0f,1f],start_interpolation: 0,interpolation_duration: 1}
$data merge entity $(bone_lowerbody) {transformation: [-0.9636f,0.0621f,-0.26f,0.9728f,0.0187f,0.9859f,0.1664f,2.241f,0.2667f,0.1555f,-0.9511f,0.1022f,0f,0f,0f,1f],start_interpolation: 0,interpolation_duration: 1}
$data merge entity $(bone_leftfoot) {transformation: [-0.8355f,-0.0319f,-0.5485f,1.6684f,-0.237f,0.9216f,0.3074f,0.4599f,0.4957f,0.3869f,-0.7776f,-0.2628f,0f,0f,0f,1f],start_interpolation: 0,interpolation_duration: 1}
$data merge entity $(bone_leftlowerleg) {transformation: [-0.8355f,-0.0319f,-0.5485f,1.7173f,-0.237f,0.9216f,0.3074f,1.435f,0.4957f,0.3869f,-0.7776f,0.2858f,0f,0f,0f,1f],start_interpolation: 0,interpolation_duration: 1}
$data merge entity $(bone_leftleg) {transformation: [-0.8309f,-0.5016f,-0.2409f,1.1709f,-0.2988f,0.7674f,-0.5673f,2.2291f,0.4695f,-0.3994f,-0.7875f,-0.1084f,0f,0f,0f,1f],start_interpolation: 0,interpolation_duration: 1}
$data merge entity $(bone_rightfoot) {transformation: [-0.9987f,0.0449f,-0.0222f,0.6958f,0.0355f,0.9475f,0.3178f,0.2279f,0.0353f,0.3167f,-0.9479f,-0.362f,0f,0f,0f,1f],start_interpolation: 0,interpolation_duration: 1}
$data merge entity $(bone_rightlowerleg) {transformation: [-0.9987f,0.0449f,-0.0222f,0.7491f,0.0355f,0.9475f,0.3178f,1.2302f,0.0353f,0.3167f,-0.9479f,0.135f,0f,0f,0f,1f],start_interpolation: 0,interpolation_duration: 1}
$data merge entity $(bone_rightleg) {transformation: [-0.9826f,-0.0826f,-0.1666f,0.691f,-0.0583f,0.9875f,-0.1463f,2.272f,0.1766f,-0.1341f,-0.9751f,0.0077f,0f,0f,0f,1f],start_interpolation: 0,interpolation_duration: 1}
data modify entity @s data merge value {"cameras":{},"locators":{"lefthand":{"posx":1.4057108750473857,"posy":2.52275060633639,"posz":0.48196108767572876,"roty":56.650408331257594,"rotx":-72.80492971154835},"sword":{"posx":2.0099080045143305,"posy":5.944930004807988,"posz":0.6155920542327513,"roty":274.09174938761674,"rotx":-66.88469252261679},"righthand":{"posx":0.5659487134304351,"posy":2.5534748748791105,"posz":0.5122967621251067,"roty":274.09174938761674,"rotx":-66.88469252261679},"chest":{"posx":0.6957987325487465,"posy":2.611344331971054,"posz":0.5242369096253723,"roty":344.4249818561607,"rotx":14.488479939229522}}}