# This file was generated by Animated Java via MC-Build. It is not recommended to edit this file directly.
$data merge entity $(bone_nose) {transformation: [-0.954f,-0.1035f,0.2812f,1.5885f,-0.0651f,0.9876f,0.1427f,4.1316f,-0.2925f,0.1178f,-0.949f,0.2964f,0f,0f,0f,1f],start_interpolation: 0,interpolation_duration: 1}
$data merge entity $(bone_glowing_eye) {transformation: [-0.954f,-0.1035f,0.2812f,1.4524f,-0.0651f,0.9876f,0.1427f,4.1853f,-0.2925f,0.1178f,-0.949f,0.301f,0f,0f,0f,1f],start_interpolation: 0,interpolation_duration: 1}
$data merge entity $(bone_head) {transformation: [-0.954f,-0.1035f,0.2812f,1.6539f,-0.0651f,0.9876f,0.1427f,4.0364f,-0.2925f,0.1178f,-0.949f,0.1042f,0f,0f,0f,1f],start_interpolation: 0,interpolation_duration: 1}
$data merge entity $(bone_leftthumb2) {transformation: [-0.498f,0.835f,0.234f,2.0016f,-0.0002f,0.2697f,-0.9629f,2.7484f,-0.8672f,-0.4796f,-0.1341f,0.4917f,0f,0f,0f,1f],start_interpolation: 0,interpolation_duration: 1}
$data merge entity $(bone_leftthumb) {transformation: [-0.498f,0.835f,0.234f,2.2264f,-0.0002f,0.2697f,-0.9629f,2.7322f,-0.8672f,-0.4796f,-0.1341f,0.3626f,0f,0f,0f,1f],start_interpolation: 0,interpolation_duration: 1}
$data merge entity $(bone_leftpointerfinger) {transformation: [-0.498f,0.835f,0.234f,2.0178f,-0.0002f,0.2697f,-0.9629f,2.5986f,-0.8672f,-0.4796f,-0.1341f,0.6086f,0f,0f,0f,1f],start_interpolation: 0,interpolation_duration: 1}
$data merge entity $(bone_leftmidfinger) {transformation: [-0.498f,0.835f,0.234f,2.0544f,-0.0002f,0.2697f,-0.9629f,2.4482f,-0.8672f,-0.4796f,-0.1341f,0.5876f,0f,0f,0f,1f],start_interpolation: 0,interpolation_duration: 1}
$data merge entity $(bone_leftringfinger) {transformation: [-0.498f,0.835f,0.234f,2.091f,-0.0002f,0.2697f,-0.9629f,2.2977f,-0.8672f,-0.4796f,-0.1341f,0.5667f,0f,0f,0f,1f],start_interpolation: 0,interpolation_duration: 1}
$data merge entity $(bone_invisibility) {transformation: [0.8522f,-0.1603f,0.498f,2.0085f,0.1848f,0.9828f,0.0002f,2.6582f,-0.4895f,0.0918f,0.8672f,0.3977f,0f,0f,0f,1f],start_interpolation: 0,interpolation_duration: 1}
$data merge entity $(bone_swiftness) {transformation: [0.234f,0.835f,0.498f,1.9133f,-0.9629f,0.2697f,0.0002f,2.4411f,-0.1341f,-0.4796f,0.8672f,0.3924f,0f,0f,0f,1f],start_interpolation: 0,interpolation_duration: 1}
$data merge entity $(bone_suspicious_stew) {transformation: [0.8556f,0.1408f,0.498f,2.0132f,-0.1625f,0.9867f,0.0002f,2.465f,-0.4914f,-0.0811f,0.8672f,0.3951f,0f,0f,0f,1f],start_interpolation: 0,interpolation_duration: 1}
$data merge entity $(bone_log) {transformation: [-0.498f,0.835f,0.234f,2.0819f,-0.0002f,0.2697f,-0.9629f,2.4535f,-0.8672f,-0.4796f,-0.1341f,0.2475f,0f,0f,0f,1f],start_interpolation: 0,interpolation_duration: 1}
$data merge entity $(bone_planks) {transformation: [-0.498f,0.835f,0.234f,2.0352f,-0.0002f,0.2697f,-0.9629f,2.4535f,-0.8672f,-0.4796f,-0.1341f,0.1662f,0f,0f,0f,1f],start_interpolation: 0,interpolation_duration: 1}
$data merge entity $(bone_lefthand1) {transformation: [-0.498f,0.835f,0.234f,2.4078f,-0.0002f,0.2697f,-0.9629f,2.5511f,-0.8672f,-0.4796f,-0.1341f,0.3486f,0f,0f,0f,1f],start_interpolation: 0,interpolation_duration: 1}
$data merge entity $(bone_leftforearm) {transformation: [-0.7209f,0.4974f,0.4826f,2.7121f,0.1087f,0.7689f,-0.63f,3.1202f,-0.6845f,-0.4017f,-0.6084f,0.0179f,0f,0f,0f,1f],start_interpolation: 0,interpolation_duration: 1}
$data merge entity $(bone_leftelbow) {transformation: [-0.7209f,0.4974f,0.4826f,2.8054f,0.1087f,0.7689f,-0.63f,3.2644f,-0.6845f,-0.4017f,-0.6084f,-0.0574f,0f,0f,0f,1f],start_interpolation: 0,interpolation_duration: 1}
$data merge entity $(bone_leftarm) {transformation: [-0.6964f,-0.5017f,0.5131f,2.3863f,0.0064f,0.7107f,0.7035f,3.4837f,-0.7176f,0.4932f,-0.4917f,0.035f,0f,0f,0f,1f],start_interpolation: 0,interpolation_duration: 1}
$data merge entity $(bone_rightthumb2) {transformation: [0.0451f,-0.9141f,-0.403f,1.5365f,-0.0542f,0.4006f,-0.9146f,2.7529f,0.9975f,0.0631f,-0.0314f,0.3647f,0f,0f,0f,1f],start_interpolation: 0,interpolation_duration: 1}
$data merge entity $(bone_rightthumb) {transformation: [0.0451f,-0.9141f,-0.403f,1.2779f,-0.0542f,0.4006f,-0.9146f,2.773f,0.9975f,0.0631f,-0.0314f,0.3775f,0f,0f,0f,1f],start_interpolation: 0,interpolation_duration: 1}
$data merge entity $(bone_rightpointerfinger) {transformation: [0.0451f,-0.9141f,-0.403f,1.5639f,-0.0542f,0.4006f,-0.9146f,2.5928f,0.9975f,0.0631f,-0.0314f,0.4644f,0f,0f,0f,1f],start_interpolation: 0,interpolation_duration: 1}
$data merge entity $(bone_rightmidfinger) {transformation: [0.0451f,-0.9141f,-0.403f,1.5009f,-0.0542f,0.4006f,-0.9146f,2.4498f,0.9975f,0.0631f,-0.0314f,0.4595f,0f,0f,0f,1f],start_interpolation: 0,interpolation_duration: 1}
$data merge entity $(bone_rightringfinger) {transformation: [0.0451f,-0.9141f,-0.403f,1.4379f,-0.0542f,0.4006f,-0.9146f,2.3069f,0.9975f,0.0631f,-0.0314f,0.4546f,0f,0f,0f,1f],start_interpolation: 0,interpolation_duration: 1}
$data merge entity $(bone_hugeasssword) {transformation: [0.1767f,-3.5801f,-1.5785f,1.3096f,-0.2122f,1.5691f,-3.5824f,2.5599f,3.9069f,0.2471f,-0.1232f,0.2078f,0f,0f,0f,1f],start_interpolation: 0,interpolation_duration: 1}
$data merge entity $(bone_ice) {transformation: [0.0451f,-0.9141f,-0.403f,1.3231f,-0.0542f,0.4006f,-0.9146f,2.5545f,0.9975f,0.0631f,-0.0314f,0.1912f,0f,0f,0f,1f],start_interpolation: 0,interpolation_duration: 1}
$data merge entity $(bone_righthand1) {transformation: [0.0451f,-0.9141f,-0.403f,1.0933f,-0.0542f,0.4006f,-0.9146f,2.6125f,0.9975f,0.0631f,-0.0314f,0.4554f,0f,0f,0f,1f],start_interpolation: 0,interpolation_duration: 1}
$data merge entity $(bone_rightforearm) {transformation: [-0.4307f,-0.6011f,-0.6732f,0.6951f,0.0232f,0.7383f,-0.674f,3.1346f,0.9022f,-0.3059f,-0.3041f,0.1953f,0f,0f,0f,1f],start_interpolation: 0,interpolation_duration: 1}
$data merge entity $(bone_rightelbow) {transformation: [-0.4307f,-0.6011f,-0.6732f,0.5824f,0.0232f,0.7383f,-0.674f,3.273f,0.9022f,-0.3059f,-0.3041f,0.138f,0f,0f,0f,1f],start_interpolation: 0,interpolation_duration: 1}
$data merge entity $(bone_rightarm) {transformation: [-0.4046f,0.7217f,-0.5617f,0.9953f,0.1085f,0.6478f,0.7541f,3.4276f,0.908f,0.2442f,-0.3404f,0.0569f,0f,0f,0f,1f],start_interpolation: 0,interpolation_duration: 1}
$data merge entity $(bone_chest1) {transformation: [-1.0793f,-0.006f,-0.0929f,1.6791f,-0.0257f,1.0584f,0.2295f,3.405f,0.0895f,0.2308f,-1.0547f,-0.0943f,0f,0f,0f,1f],start_interpolation: 0,interpolation_duration: 1}
$data merge entity $(bone_chest1lid) {transformation: [-0.9963f,-0.0056f,-0.0857f,1.3763f,-0.0237f,0.977f,0.2118f,2.6463f,0.0826f,0.2131f,-0.9735f,0.1692f,0f,0f,0f,1f],start_interpolation: 0,interpolation_duration: 1}
$data merge entity $(bone_chest2) {transformation: [-0.9963f,-0.0056f,-0.0857f,1.3772f,-0.0237f,0.977f,0.2118f,2.4936f,0.0826f,0.2131f,-0.9735f,0.136f,0f,0f,0f,1f],start_interpolation: 0,interpolation_duration: 1}
$data merge entity $(bone_chest1lid3) {transformation: [-0.9963f,-0.0056f,-0.0857f,1.3837f,-0.0237f,0.977f,0.2118f,2.7835f,0.0826f,0.2131f,-0.9735f,-0.4596f,0f,0f,0f,1f],start_interpolation: 0,interpolation_duration: 1}
$data merge entity $(bone_chest3) {transformation: [-0.9963f,-0.0056f,-0.0857f,1.3845f,-0.0237f,0.977f,0.2118f,2.6308f,0.0826f,0.2131f,-0.9735f,-0.4929f,0f,0f,0f,1f],start_interpolation: 0,interpolation_duration: 1}
$data merge entity $(bone_hugeasssword2) {transformation: [0.3358f,2.8622f,-2.6524f,0.4225f,-0.8297f,2.6537f,2.7586f,4.5656f,3.813f,0.3253f,0.8338f,-0.0032f,0f,0f,0f,1f],start_interpolation: 0,interpolation_duration: 1}
$data merge entity $(bone_belt) {transformation: [-0.9963f,-0.0056f,-0.0857f,1.7245f,-0.0237f,0.977f,0.2118f,2.9889f,0.0826f,0.2131f,-0.9735f,-0.0544f,0f,0f,0f,1f],start_interpolation: 0,interpolation_duration: 1}
$data merge entity $(bone_torn_part) {transformation: [-0.98f,0.1472f,-0.134f,1.5882f,0.0752f,0.8972f,0.4351f,2.7149f,0.1843f,0.4163f,-0.8904f,-0.0898f,0f,0f,0f,1f],start_interpolation: 0,interpolation_duration: 1}
$data merge entity $(bone_lowerbody) {transformation: [-0.98f,0.1001f,-0.1721f,1.6592f,0.0752f,0.9865f,0.1452f,2.2055f,0.1843f,0.1293f,-0.9743f,-0.0339f,0f,0f,0f,1f],start_interpolation: 0,interpolation_duration: 1}
$data merge entity $(bone_leftfoot) {transformation: [-0.7856f,0.0779f,-0.6138f,2.0051f,-0.1108f,0.9583f,0.2634f,0.2245f,0.6087f,0.2749f,-0.7442f,-0.3332f,0f,0f,0f,1f],start_interpolation: 0,interpolation_duration: 1}
$data merge entity $(bone_leftlowerleg) {transformation: [-0.7856f,0.0779f,-0.6138f,2.1858f,-0.1108f,0.9583f,0.2634f,1.2472f,0.6087f,0.2749f,-0.7442f,0.0861f,0f,0f,0f,1f],start_interpolation: 0,interpolation_duration: 1}
$data merge entity $(bone_leftleg) {transformation: [-0.8662f,-0.2958f,-0.4027f,1.8588f,-0.1092f,0.8986f,-0.425f,2.1891f,0.4875f,-0.3242f,-0.8107f,-0.2277f,0f,0f,0f,1f],start_interpolation: 0,interpolation_duration: 1}
$data merge entity $(bone_rightfoot) {transformation: [-0.8631f,0.505f,0.0012f,0.3319f,0.4831f,0.825f,0.2931f,0.53f,0.1471f,0.2536f,-0.9561f,-0.1784f,0f,0f,0f,1f],start_interpolation: 0,interpolation_duration: 1}
$data merge entity $(bone_rightlowerleg) {transformation: [-0.8631f,0.505f,0.0012f,0.8919f,0.4831f,0.825f,0.2931f,1.4002f,0.1471f,0.2536f,-0.9561f,0.2498f,0f,0f,0f,1f],start_interpolation: 0,interpolation_duration: 1}
$data merge entity $(bone_rightleg) {transformation: [-0.8619f,0.4338f,-0.2628f,1.3783f,0.5004f,0.8118f,-0.301f,2.2374f,0.0828f,-0.3909f,-0.9167f,-0.1476f,0f,0f,0f,1f],start_interpolation: 0,interpolation_duration: 1}
data modify entity @s data merge value {"cameras":{},"locators":{"lefthand":{"posx":2.0596526632018053,"posy":2.447537893035066,"posz":0.36837836485910125,"roty":60.176709021326246,"rotx":-74.35171084156424},"sword":{"posx":2.834114306666997,"posy":5.93019853716733,"posz":0.40022393659825384,"roty":274.46127014075483,"rotx":-66.1555186422602},"righthand":{"posx":1.3479387364685835,"posy":2.557441038565998,"posz":0.2842701519514689,"roty":274.46127014075483,"rotx":-66.1555186422602},"chest":{"posx":1.3589437677305636,"posy":2.55140094747501,"posz":0.31062624184602117,"roty":354.96655544811557,"rotx":12.229460812875942}}}