# This file was generated by Animated Java via MC-Build. It is not recommended to edit this file directly.
$data merge entity $(bone_nose) {transformation: [-0.9686f,0.1207f,0.2173f,1.9596f,0.1136f,0.9925f,-0.0449f,4.1929f,-0.2211f,-0.0188f,-0.9751f,0.1544f,0f,0f,0f,1f],start_interpolation: 0,interpolation_duration: 1}
$data merge entity $(bone_glowing_eye) {transformation: [-0.9686f,0.1207f,0.2173f,1.8391f,0.1136f,0.9925f,-0.0449f,4.2759f,-0.2211f,-0.0188f,-0.9751f,0.1595f,0f,0f,0f,1f],start_interpolation: 0,interpolation_duration: 1}
$data merge entity $(bone_head) {transformation: [-0.9686f,0.1207f,0.2173f,1.9853f,0.1136f,0.9925f,-0.0449f,4.0619f,-0.2211f,-0.0188f,-0.9751f,-0.0259f,0f,0f,0f,1f],start_interpolation: 0,interpolation_duration: 1}
$data merge entity $(bone_leftthumb2) {transformation: [-0.3999f,0.8728f,0.2798f,2.2684f,-0.1947f,0.2174f,-0.9565f,2.8041f,-0.8956f,-0.437f,0.083f,0.4564f,0f,0f,0f,1f],start_interpolation: 0,interpolation_duration: 1}
$data merge entity $(bone_leftthumb) {transformation: [-0.3999f,0.8728f,0.2798f,2.5064f,-0.1947f,0.2174f,-0.9565f,2.7757f,-0.8956f,-0.437f,0.083f,0.3563f,0f,0f,0f,1f],start_interpolation: 0,interpolation_duration: 1}
$data merge entity $(bone_leftpointerfinger) {transformation: [-0.3999f,0.8728f,0.2798f,2.2769f,-0.1947f,0.2174f,-0.9565f,2.6808f,-0.8956f,-0.437f,0.083f,0.6016f,0f,0f,0f,1f],start_interpolation: 0,interpolation_duration: 1}
$data merge entity $(bone_leftmidfinger) {transformation: [-0.3999f,0.8728f,0.2798f,2.3206f,-0.1947f,0.2174f,-0.9565f,2.5313f,-0.8956f,-0.437f,0.083f,0.6145f,0f,0f,0f,1f],start_interpolation: 0,interpolation_duration: 1}
$data merge entity $(bone_leftringfinger) {transformation: [-0.3999f,0.8728f,0.2798f,2.3643f,-0.1947f,0.2174f,-0.9565f,2.3819f,-0.8956f,-0.437f,0.083f,0.6275f,0f,0f,0f,1f],start_interpolation: 0,interpolation_duration: 1}
$data merge entity $(bone_invisibility) {transformation: [0.8939f,-0.2027f,0.3999f,2.2886f,0.1332f,0.9718f,0.1947f,2.6979f,-0.4281f,-0.1208f,0.8956f,0.3832f,0f,0f,0f,1f],start_interpolation: 0,interpolation_duration: 1}
$data merge entity $(bone_swiftness) {transformation: [0.2798f,0.8728f,0.3999f,2.202f,-0.9565f,0.2174f,0.1947f,2.479f,0.083f,-0.437f,0.8956f,0.4113f,0f,0f,0f,1f],start_interpolation: 0,interpolation_duration: 1}
$data merge entity $(bone_suspicious_stew) {transformation: [0.9093f,0.1153f,0.3999f,2.3001f,-0.2072f,0.9587f,0.1947f,2.5084f,-0.3609f,-0.2599f,0.8956f,0.4193f,0f,0f,0f,1f],start_interpolation: 0,interpolation_duration: 1}
$data merge entity $(bone_log) {transformation: [-0.3999f,0.8728f,0.2798f,2.3849f,-0.1947f,0.2174f,-0.9565f,2.4725f,-0.8956f,-0.437f,0.083f,0.2846f,0f,0f,0f,1f],start_interpolation: 0,interpolation_duration: 1}
$data merge entity $(bone_planks) {transformation: [-0.3999f,0.8728f,0.2798f,2.3474f,-0.1947f,0.2174f,-0.9565f,2.4543f,-0.8956f,-0.437f,0.083f,0.2006f,0f,0f,0f,1f],start_interpolation: 0,interpolation_duration: 1}
$data merge entity $(bone_lefthand1) {transformation: [-0.3999f,0.8728f,0.2798f,2.6943f,-0.1947f,0.2174f,-0.9565f,2.6054f,-0.8956f,-0.437f,0.083f,0.3967f,0f,0f,0f,1f],start_interpolation: 0,interpolation_duration: 1}
$data merge entity $(bone_leftforearm) {transformation: [-0.6988f,0.5211f,0.49f,3.0153f,0.0457f,0.7162f,-0.6964f,3.1322f,-0.7139f,-0.4642f,-0.5243f,0.0143f,0f,0f,0f,1f],start_interpolation: 0,interpolation_duration: 1}
$data merge entity $(bone_leftelbow) {transformation: [-0.6988f,0.5211f,0.49f,3.113f,0.0457f,0.7162f,-0.6964f,3.2665f,-0.7139f,-0.4642f,-0.5243f,-0.0727f,0f,0f,0f,1f],start_interpolation: 0,interpolation_duration: 1}
$data merge entity $(bone_leftarm) {transformation: [-0.6754f,-0.4983f,0.5437f,2.6973f,-0.0601f,0.7719f,0.6329f,3.5043f,-0.735f,0.3948f,-0.5513f,-0.0189f,0f,0f,0f,1f],start_interpolation: 0,interpolation_duration: 1}
$data merge entity $(bone_rightthumb2) {transformation: [-0.0563f,-0.9251f,-0.3756f,1.6802f,0.1318f,0.366f,-0.9212f,2.7523f,0.9897f,-0.1014f,0.1013f,0.3369f,0f,0f,0f,1f],start_interpolation: 0,interpolation_duration: 1}
$data merge entity $(bone_rightthumb) {transformation: [-0.0563f,-0.9251f,-0.3756f,1.4212f,0.1318f,0.366f,-0.9212f,2.7634f,0.9897f,-0.1014f,0.1013f,0.3207f,0f,0f,0f,1f],start_interpolation: 0,interpolation_duration: 1}
$data merge entity $(bone_rightpointerfinger) {transformation: [-0.0563f,-0.9251f,-0.3756f,1.701f,0.1318f,0.366f,-0.9212f,2.6145f,0.9897f,-0.1014f,0.1013f,0.467f,0f,0f,0f,1f],start_interpolation: 0,interpolation_duration: 1}
$data merge entity $(bone_rightmidfinger) {transformation: [-0.0563f,-0.9251f,-0.3756f,1.6423f,0.1318f,0.366f,-0.9212f,2.4706f,0.9897f,-0.1014f,0.1013f,0.4828f,0f,0f,0f,1f],start_interpolation: 0,interpolation_duration: 1}
$data merge entity $(bone_rightringfinger) {transformation: [-0.0563f,-0.9251f,-0.3756f,1.5836f,0.1318f,0.366f,-0.9212f,2.3266f,0.9897f,-0.1014f,0.1013f,0.4986f,0f,0f,0f,1f],start_interpolation: 0,interpolation_duration: 1}
$data merge entity $(bone_hugeasssword) {transformation: [-0.2204f,-3.6232f,-1.4711f,1.4752f,0.5163f,1.4336f,-3.6081f,2.5243f,3.8762f,-0.397f,0.3969f,0.1978f,0f,0f,0f,1f],start_interpolation: 0,interpolation_duration: 1}
$data merge entity $(bone_ice) {transformation: [-0.0563f,-0.9251f,-0.3756f,1.4906f,0.1318f,0.366f,-0.9212f,2.5165f,0.9897f,-0.1014f,0.1013f,0.1839f,0f,0f,0f,1f],start_interpolation: 0,interpolation_duration: 1}
$data merge entity $(bone_righthand1) {transformation: [-0.0563f,-0.9251f,-0.3756f,1.2335f,0.1318f,0.366f,-0.9212f,2.6122f,0.9897f,-0.1014f,0.1013f,0.4091f,0f,0f,0f,1f],start_interpolation: 0,interpolation_duration: 1}
$data merge entity $(bone_rightforearm) {transformation: [-0.6396f,-0.4403f,-0.6301f,0.9564f,0.0541f,0.7918f,-0.6083f,3.1689f,0.7668f,-0.4232f,-0.4827f,0.0698f,0f,0f,0f,1f],start_interpolation: 0,interpolation_duration: 1}
$data merge entity $(bone_rightelbow) {transformation: [-0.6396f,-0.4403f,-0.6301f,0.8738f,0.0541f,0.7918f,-0.6083f,3.3174f,0.7668f,-0.4232f,-0.4827f,-0.0095f,0f,0f,0f,1f],start_interpolation: 0,interpolation_duration: 1}
$data merge entity $(bone_rightarm) {transformation: [-0.6137f,0.608f,-0.5037f,1.2818f,0.1451f,0.7139f,0.685f,3.5105f,0.7761f,0.3473f,-0.5263f,-0.011f,0f,0f,0f,1f],start_interpolation: 0,interpolation_duration: 1}
$data merge entity $(bone_chest1) {transformation: [-1.082f,0.005f,-0.0538f,1.9907f,-0.0062f,1.0604f,0.2218f,3.4202f,0.0537f,0.2218f,-1.059f,-0.1894f,0f,0f,0f,1f],start_interpolation: 0,interpolation_duration: 1}
$data merge entity $(bone_chest1lid) {transformation: [-0.9988f,0.0046f,-0.0497f,1.6661f,-0.0057f,0.9788f,0.2047f,2.6692f,0.0496f,0.2047f,-0.9776f,0.0701f,0f,0f,0f,1f],start_interpolation: 0,interpolation_duration: 1}
$data merge entity $(bone_chest2) {transformation: [-0.9988f,0.0046f,-0.0497f,1.6653f,-0.0057f,0.9788f,0.2047f,2.5162f,0.0496f,0.2047f,-0.9776f,0.0381f,0f,0f,0f,1f],start_interpolation: 0,interpolation_duration: 1}
$data merge entity $(bone_chest1lid3) {transformation: [-0.9988f,0.0046f,-0.0497f,1.6966f,-0.0057f,0.9788f,0.2047f,2.8007f,0.0496f,0.2047f,-0.9776f,-0.5592f,0f,0f,0f,1f],start_interpolation: 0,interpolation_duration: 1}
$data merge entity $(bone_chest3) {transformation: [-0.9988f,0.0046f,-0.0497f,1.6959f,-0.0057f,0.9788f,0.2047f,2.6477f,0.0496f,0.2047f,-0.9776f,-0.5912f,0f,0f,0f,1f],start_interpolation: 0,interpolation_duration: 1}
$data merge entity $(bone_hugeasssword2) {transformation: [0.1947f,2.8962f,-2.6295f,0.7524f,-0.8018f,2.6064f,2.8114f,4.6031f,3.8288f,0.3986f,0.7224f,-0.1497f,0f,0f,0f,1f],start_interpolation: 0,interpolation_duration: 1}
$data merge entity $(bone_belt) {transformation: [-0.9988f,0.0046f,-0.0497f,2.0274f,-0.0057f,0.9788f,0.2047f,3.0037f,0.0496f,0.2047f,-0.9776f,-0.1446f,0f,0f,0f,1f],start_interpolation: 0,interpolation_duration: 1}
$data merge entity $(bone_torn_part) {transformation: [-0.9953f,0.0499f,-0.0824f,1.8995f,0.0181f,0.9368f,0.3493f,2.7206f,0.0947f,0.3462f,-0.9334f,-0.1783f,0f,0f,0f,1f],start_interpolation: 0,interpolation_duration: 1}
$data merge entity $(bone_lowerbody) {transformation: [-0.9953f,0.0228f,-0.0936f,1.9987f,0.0181f,0.9985f,0.0515f,2.2241f,0.0947f,0.0495f,-0.9943f,-0.0719f,0f,0f,0f,1f],start_interpolation: 0,interpolation_duration: 1}
$data merge entity $(bone_leftfoot) {transformation: [-0.8189f,0.1435f,-0.5556f,2.3178f,-0.044f,0.9496f,0.3102f,0.2989f,0.5722f,0.2785f,-0.7714f,-0.2902f,0f,0f,0f,1f],start_interpolation: 0,interpolation_duration: 1}
$data merge entity $(bone_leftlowerleg) {transformation: [-0.8189f,0.1435f,-0.5556f,2.5624f,-0.044f,0.9496f,0.3102f,1.3047f,0.5722f,0.2785f,-0.7714f,0.1373f,0f,0f,0f,1f],start_interpolation: 0,interpolation_duration: 1}
$data merge entity $(bone_leftleg) {transformation: [-0.844f,-0.3226f,-0.4284f,2.2053f,-0.0764f,0.8631f,-0.4993f,2.2081f,0.5308f,-0.3886f,-0.7531f,-0.243f,0f,0f,0f,1f],start_interpolation: 0,interpolation_duration: 1}
$data merge entity $(bone_rightfoot) {transformation: [-0.9918f,0.1222f,-0.038f,1.4793f,0.0892f,0.8733f,0.479f,0.3983f,0.0917f,0.4717f,-0.877f,-0.4139f,0f,0f,0f,1f],start_interpolation: 0,interpolation_duration: 1}
$data merge entity $(bone_rightlowerleg) {transformation: [-0.9918f,0.1222f,-0.038f,1.6207f,0.0892f,0.8733f,0.479f,1.2935f,0.0917f,0.4717f,-0.877f,0.2442f,0f,0f,0f,1f],start_interpolation: 0,interpolation_duration: 1}
$data merge entity $(bone_rightleg) {transformation: [-0.9931f,0.073f,-0.0922f,1.7297f,0.1062f,0.8939f,-0.4356f,2.2241f,0.0506f,-0.4424f,-0.8954f,-0.2107f,0f,0f,0f,1f],start_interpolation: 0,interpolation_duration: 1}
data modify entity @s data merge value {"cameras":{},"locators":{"lefthand":{"posx":2.3498048517085164,"posy":2.488720795862198,"posz":0.4013855516747456,"roty":106.52114913232164,"rotx":-73.03178682150048},"sword":{"posx":2.8906951378351162,"posy":5.934545998860601,"posz":-0.0970651951565388,"roty":254.89990324190353,"rotx":-67.10497702104425},"righthand":{"posx":1.5056292249510916,"posy":2.5375501859564547,"posz":0.27665677914847236,"roty":254.89990324190353,"rotx":-67.10497702104425},"chest":{"posx":1.6423193776178258,"posy":2.575815387386685,"posz":0.21161653806438638,"roty":357.0893432023973,"rotx":11.81271515026087}}}