# This file was generated by Animated Java via MC-Build. It is not recommended to edit this file directly.
$data merge entity $(bone_nose) {transformation: [-0.9641f,0.2117f,0.16f,2.1664f,0.1898f,0.9715f,-0.1417f,4.2042f,-0.1854f,-0.1063f,-0.9769f,0.1547f,0f,0f,0f,1f],start_interpolation: 0,interpolation_duration: 1}
$data merge entity $(bone_glowing_eye) {transformation: [-0.9641f,0.2117f,0.16f,2.0547f,0.1898f,0.9715f,-0.1417f,4.2986f,-0.1854f,-0.1063f,-0.9769f,0.1584f,0f,0f,0f,1f],start_interpolation: 0,interpolation_duration: 1}
$data merge entity $(bone_head) {transformation: [-0.9641f,0.2117f,0.16f,2.1702f,0.1898f,0.9715f,-0.1417f,4.0577f,-0.1854f,-0.1063f,-0.9769f,-0.0151f,0f,0f,0f,1f],start_interpolation: 0,interpolation_duration: 1}
$data merge entity $(bone_leftthumb2) {transformation: [-0.4653f,0.8362f,0.2904f,2.4253f,-0.1631f,0.2415f,-0.9566f,2.7995f,-0.87f,-0.4925f,0.024f,0.4351f,0f,0f,0f,1f],start_interpolation: 0,interpolation_duration: 1}
$data merge entity $(bone_leftthumb) {transformation: [-0.4653f,0.8362f,0.2904f,2.6552f,-0.1631f,0.2415f,-0.9566f,2.777f,-0.87f,-0.4925f,0.024f,0.3164f,0f,0f,0f,1f],start_interpolation: 0,interpolation_duration: 1}
$data merge entity $(bone_leftpointerfinger) {transformation: [-0.4653f,0.8362f,0.2904f,2.4454f,-0.1631f,0.2415f,-0.9566f,2.6708f,-0.87f,-0.4925f,0.024f,0.5742f,0f,0f,0f,1f],start_interpolation: 0,interpolation_duration: 1}
$data merge entity $(bone_leftmidfinger) {transformation: [-0.4653f,0.8362f,0.2904f,2.4907f,-0.1631f,0.2415f,-0.9566f,2.5213f,-0.87f,-0.4925f,0.024f,0.578f,0f,0f,0f,1f],start_interpolation: 0,interpolation_duration: 1}
$data merge entity $(bone_leftringfinger) {transformation: [-0.4653f,0.8362f,0.2904f,2.5361f,-0.1631f,0.2415f,-0.9566f,2.3718f,-0.87f,-0.4925f,0.024f,0.5817f,0f,0f,0f,1f],start_interpolation: 0,interpolation_duration: 1}
$data merge entity $(bone_invisibility) {transformation: [0.8583f,-0.2164f,0.4653f,2.4405f,0.1572f,0.974f,0.1631f,2.6965f,-0.4885f,-0.0669f,0.87f,0.3565f,0f,0f,0f,1f],start_interpolation: 0,interpolation_duration: 1}
$data merge entity $(bone_swiftness) {transformation: [0.2904f,0.8362f,0.4653f,2.3575f,-0.9566f,0.2415f,0.1631f,2.4759f,0.024f,-0.4925f,0.87f,0.3824f,0f,0f,0f,1f],start_interpolation: 0,interpolation_duration: 1}
$data merge entity $(bone_suspicious_stew) {transformation: [0.8806f,0.0902f,0.4653f,2.4558f,-0.1854f,0.969f,0.1631f,2.5058f,-0.4362f,-0.2299f,0.87f,0.3841f,0f,0f,0f,1f],start_interpolation: 0,interpolation_duration: 1}
$data merge entity $(bone_log) {transformation: [-0.4653f,0.8362f,0.2904f,2.5303f,-0.1631f,0.2415f,-0.9566f,2.4759f,-0.87f,-0.4925f,0.024f,0.2421f,0f,0f,0f,1f],start_interpolation: 0,interpolation_duration: 1}
$data merge entity $(bone_planks) {transformation: [-0.4653f,0.8362f,0.2904f,2.4867f,-0.1631f,0.2415f,-0.9566f,2.4606f,-0.87f,-0.4925f,0.024f,0.1605f,0f,0f,0f,1f],start_interpolation: 0,interpolation_duration: 1}
$data merge entity $(bone_lefthand1) {transformation: [-0.4653f,0.8362f,0.2904f,2.8466f,-0.1631f,0.2415f,-0.9566f,2.6069f,-0.87f,-0.4925f,0.024f,0.3357f,0f,0f,0f,1f],start_interpolation: 0,interpolation_duration: 1}
$data merge entity $(bone_leftforearm) {transformation: [-0.7352f,0.5246f,0.4292f,3.1665f,0.0609f,0.6818f,-0.729f,3.1098f,-0.6751f,-0.5099f,-0.5332f,-0.0745f,0f,0f,0f,1f],start_interpolation: 0,interpolation_duration: 1}
$data merge entity $(bone_leftelbow) {transformation: [-0.7352f,0.5246f,0.4292f,3.2649f,0.0609f,0.6818f,-0.729f,3.2376f,-0.6751f,-0.5099f,-0.5332f,-0.1701f,0f,0f,0f,1f],start_interpolation: 0,interpolation_duration: 1}
$data merge entity $(bone_leftarm) {transformation: [-0.7146f,-0.4889f,0.5002f,2.8451f,-0.043f,0.7445f,0.6663f,3.4586f,-0.6982f,0.4546f,-0.5531f,-0.0792f,0f,0f,0f,1f],start_interpolation: 0,interpolation_duration: 1}
$data merge entity $(bone_rightthumb2) {transformation: [0.0224f,-0.9315f,-0.363f,1.858f,0.0923f,0.3635f,-0.927f,2.7323f,0.9955f,-0.0128f,0.0941f,0.3711f,0f,0f,0f,1f],start_interpolation: 0,interpolation_duration: 1}
$data merge entity $(bone_rightthumb) {transformation: [0.0224f,-0.9315f,-0.363f,1.5985f,0.0923f,0.3635f,-0.927f,2.7422f,0.9955f,-0.0128f,0.0941f,0.376f,0f,0f,0f,1f],start_interpolation: 0,interpolation_duration: 1}
$data merge entity $(bone_rightpointerfinger) {transformation: [0.0224f,-0.9315f,-0.363f,1.8896f,0.0923f,0.3635f,-0.927f,2.5896f,0.9955f,-0.0128f,0.0941f,0.4935f,0f,0f,0f,1f],start_interpolation: 0,interpolation_duration: 1}
$data merge entity $(bone_rightmidfinger) {transformation: [0.0224f,-0.9315f,-0.363f,1.8329f,0.0923f,0.3635f,-0.927f,2.4447f,0.9955f,-0.0128f,0.0941f,0.5082f,0f,0f,0f,1f],start_interpolation: 0,interpolation_duration: 1}
$data merge entity $(bone_rightringfinger) {transformation: [0.0224f,-0.9315f,-0.363f,1.7762f,0.0923f,0.3635f,-0.927f,2.2999f,0.9955f,-0.0128f,0.0941f,0.5229f,0f,0f,0f,1f],start_interpolation: 0,interpolation_duration: 1}
$data merge entity $(bone_hugeasssword) {transformation: [0.0877f,-3.6484f,-1.4218f,1.6434f,0.3616f,1.4236f,-3.6308f,2.5085f,3.899f,-0.05f,0.3687f,0.2397f,0f,0f,0f,1f],start_interpolation: 0,interpolation_duration: 1}
$data merge entity $(bone_ice) {transformation: [0.0224f,-0.9315f,-0.363f,1.6576f,0.0923f,0.3635f,-0.927f,2.5014f,0.9955f,-0.0128f,0.0941f,0.2243f,0f,0f,0f,1f],start_interpolation: 0,interpolation_duration: 1}
$data merge entity $(bone_righthand1) {transformation: [0.0224f,-0.9315f,-0.363f,1.419f,0.0923f,0.3635f,-0.927f,2.5864f,0.9955f,-0.0128f,0.0941f,0.4729f,0f,0f,0f,1f],start_interpolation: 0,interpolation_duration: 1}
$data merge entity $(bone_rightforearm) {transformation: [-0.5361f,-0.4422f,-0.7191f,1.1327f,0.0209f,0.8446f,-0.535f,3.1813f,0.8439f,-0.3018f,-0.4435f,0.213f,0f,0f,0f,1f],start_interpolation: 0,interpolation_duration: 1}
$data merge entity $(bone_rightelbow) {transformation: [-0.5361f,-0.4422f,-0.7191f,1.0498f,0.0209f,0.8446f,-0.535f,3.3396f,0.8439f,-0.3018f,-0.4435f,0.1564f,0f,0f,0f,1f],start_interpolation: 0,interpolation_duration: 1}
$data merge entity $(bone_rightarm) {transformation: [-0.5078f,0.6226f,-0.5954f,1.4442f,0.1148f,0.7339f,0.6695f,3.5586f,0.8538f,0.2717f,-0.4441f,0.1001f,0f,0f,0f,1f],start_interpolation: 0,interpolation_duration: 1}
$data merge entity $(bone_chest1) {transformation: [-1.0671f,0.0591f,-0.1773f,2.1298f,0.0202f,1.0583f,0.2308f,3.4142f,0.1858f,0.2241f,-1.0435f,-0.1628f,0f,0f,0f,1f],start_interpolation: 0,interpolation_duration: 1}
$data merge entity $(bone_chest1lid) {transformation: [-0.985f,0.0545f,-0.1637f,1.8203f,0.0187f,0.9769f,0.2131f,2.6696f,0.1715f,0.2068f,-0.9632f,0.1313f,0f,0f,0f,1f],start_interpolation: 0,interpolation_duration: 1}
$data merge entity $(bone_chest2) {transformation: [-0.985f,0.0545f,-0.1637f,1.8117f,0.0187f,0.9769f,0.2131f,2.517f,0.1715f,0.2068f,-0.9632f,0.099f,0f,0f,0f,1f],start_interpolation: 0,interpolation_duration: 1}
$data merge entity $(bone_chest1lid3) {transformation: [-0.985f,0.0545f,-0.1637f,1.777f,0.0187f,0.9769f,0.2131f,2.8049f,0.1715f,0.2068f,-0.9632f,-0.4964f,0f,0f,0f,1f],start_interpolation: 0,interpolation_duration: 1}
$data merge entity $(bone_chest3) {transformation: [-0.985f,0.0545f,-0.1637f,1.7685f,0.0187f,0.9769f,0.2131f,2.6523f,0.1715f,0.2068f,-0.9632f,-0.5288f,0f,0f,0f,1f],start_interpolation: 0,interpolation_duration: 1}
$data merge entity $(bone_hugeasssword2) {transformation: [0.6411f,2.9887f,-2.4489f,0.9361f,-0.8346f,2.5309f,2.8703f,4.6271f,3.7726f,0.052f,1.0511f,0.0333f,0f,0f,0f,1f],start_interpolation: 0,interpolation_duration: 1}
$data merge entity $(bone_belt) {transformation: [-0.985f,0.0545f,-0.1637f,2.161f,0.0187f,0.9769f,0.2131f,2.9966f,0.1715f,0.2068f,-0.9632f,-0.1246f,0f,0f,0f,1f],start_interpolation: 0,interpolation_duration: 1}
$data merge entity $(bone_torn_part) {transformation: [-0.9837f,0.0823f,-0.1598f,2.0261f,0.0179f,0.9294f,0.3687f,2.7152f,0.1789f,0.3599f,-0.9157f,-0.1494f,0f,0f,0f,1f],start_interpolation: 0,interpolation_duration: 1}
$data merge entity $(bone_lowerbody) {transformation: [-0.9837f,0.0304f,-0.1772f,2.1322f,0.0179f,0.9972f,0.0722f,2.2164f,0.1789f,0.0679f,-0.9815f,-0.0619f,0f,0f,0f,1f],start_interpolation: 0,interpolation_duration: 1}
$data merge entity $(bone_leftfoot) {transformation: [-0.8416f,-0.1425f,-0.5209f,2.9165f,-0.2374f,0.964f,0.1198f,0.3103f,0.4851f,0.2244f,-0.8452f,-0.2575f,0f,0f,0f,1f],start_interpolation: 0,interpolation_duration: 1}
$data merge entity $(bone_leftlowerleg) {transformation: [-0.8416f,-0.1425f,-0.5209f,2.8385f,-0.2374f,0.964f,0.1198f,1.3613f,0.4851f,0.2244f,-0.8452f,0.1213f,0f,0f,0f,1f],start_interpolation: 0,interpolation_duration: 1}
$data merge entity $(bone_leftleg) {transformation: [-0.8553f,-0.454f,-0.2496f,2.3419f,-0.2714f,0.803f,-0.5306f,2.1998f,0.4413f,-0.3861f,-0.81f,-0.2568f,0f,0f,0f,1f],start_interpolation: 0,interpolation_duration: 1}
$data merge entity $(bone_rightfoot) {transformation: [-0.9974f,-0.0125f,0.0711f,1.9021f,0.0191f,0.9042f,0.4267f,0.2877f,-0.0696f,0.4269f,-0.9016f,-0.4973f,0f,0f,0f,1f],start_interpolation: 0,interpolation_duration: 1}
$data merge entity $(bone_rightlowerleg) {transformation: [-0.9974f,-0.0125f,0.0711f,1.8773f,0.0191f,0.9042f,0.4267f,1.2253f,-0.0696f,0.4269f,-0.9016f,0.1148f,0f,0f,0f,1f],start_interpolation: 0,interpolation_duration: 1}
$data merge entity $(bone_rightleg) {transformation: [-0.999f,-0.0406f,-0.017f,1.863f,-0.0338f,0.9547f,-0.2955f,2.2278f,0.0282f,-0.2947f,-0.9552f,-0.1815f,0f,0f,0f,1f],start_interpolation: 0,interpolation_duration: 1}
data modify entity @s data merge value {"cameras":{},"locators":{"lefthand":{"posx":2.504027424725827,"posy":2.487248664824735,"posz":0.3617512131672905,"roty":94.73175527218444,"rotx":-73.05702036576683},"sword":{"posx":3.018544236067224,"posy":5.9372536231409,"posz":-0.030734494471609475,"roty":255.46303835853513,"rotx":-67.97472442304178},"righthand":{"posx":1.6799456082190884,"posy":2.518872868850502,"posz":0.3163720917812335,"roty":255.46303835853513,"rotx":-67.97472442304178},"chest":{"posx":1.811649862231026,"posy":2.5758227788598127,"posz":0.27428087113062327,"roty":350.35623673146483,"rotx":12.302991572175603}}}