# This file was generated by Animated Java via MC-Build. It is not recommended to edit this file directly.
$data merge entity $(bone_nose) {transformation: [-0.9539f,-0.0819f,0.2888f,2.634f,-0.0747f,0.9966f,0.0359f,4.1118f,-0.2907f,0.0126f,-0.9567f,0.2137f,0f,0f,0f,1f],start_interpolation: 0,interpolation_duration: 1}
$data merge entity $(bone_glowing_eye) {transformation: [-0.9539f,-0.0819f,0.2888f,2.4991f,-0.0747f,0.9966f,0.0359f,4.1687f,-0.2907f,0.0126f,-0.9567f,0.2116f,0f,0f,0f,1f],start_interpolation: 0,interpolation_duration: 1}
$data merge entity $(bone_head) {transformation: [-0.9539f,-0.0819f,0.2888f,2.6982f,-0.0747f,0.9966f,0.0359f,3.9955f,-0.2907f,0.0126f,-0.9567f,0.033f,0f,0f,0f,1f],start_interpolation: 0,interpolation_duration: 1}
$data merge entity $(bone_leftthumb2) {transformation: [-0.5682f,0.8061f,0.1655f,2.9374f,0.056f,0.2385f,-0.9695f,2.6698f,-0.821f,-0.5416f,-0.1807f,0.4013f,0f,0f,0f,1f],start_interpolation: 0,interpolation_duration: 1}
$data merge entity $(bone_leftthumb) {transformation: [-0.5682f,0.8061f,0.1655f,3.1493f,0.056f,0.2385f,-0.9695f,2.6455f,-0.821f,-0.5416f,-0.1807f,0.253f,0f,0f,0f,1f],start_interpolation: 0,interpolation_duration: 1}
$data merge entity $(bone_leftpointerfinger) {transformation: [-0.5682f,0.8061f,0.1655f,2.9547f,0.056f,0.2385f,-0.9695f,2.5156f,-0.821f,-0.5416f,-0.1807f,0.5121f,0f,0f,0f,1f],start_interpolation: 0,interpolation_duration: 1}
$data merge entity $(bone_leftmidfinger) {transformation: [-0.5682f,0.8061f,0.1655f,2.9805f,0.056f,0.2385f,-0.9695f,2.3641f,-0.821f,-0.5416f,-0.1807f,0.4838f,0f,0f,0f,1f],start_interpolation: 0,interpolation_duration: 1}
$data merge entity $(bone_leftringfinger) {transformation: [-0.5682f,0.8061f,0.1655f,3.0064f,0.056f,0.2385f,-0.9695f,2.2126f,-0.821f,-0.5416f,-0.1807f,0.4556f,0f,0f,0f,1f],start_interpolation: 0,interpolation_duration: 1}
$data merge entity $(bone_invisibility) {transformation: [0.8175f,-0.0946f,0.5682f,2.9311f,0.1531f,0.9866f,-0.056f,2.5825f,-0.5553f,0.1328f,0.821f,0.3045f,0f,0f,0f,1f],start_interpolation: 0,interpolation_duration: 1}
$data merge entity $(bone_swiftness) {transformation: [0.1655f,0.8061f,0.5682f,2.8234f,-0.9695f,0.2385f,-0.056f,2.3713f,-0.1807f,-0.5416f,0.821f,0.3012f,0f,0f,0f,1f],start_interpolation: 0,interpolation_duration: 1}
$data merge entity $(bone_suspicious_stew) {transformation: [0.8005f,0.1907f,0.5682f,2.9244f,-0.1936f,0.9795f,-0.056f,2.3895f,-0.5672f,-0.0651f,0.821f,0.296f,0f,0f,0f,1f],start_interpolation: 0,interpolation_duration: 1}
$data merge entity $(bone_log) {transformation: [-0.5682f,0.8061f,0.1655f,2.9796f,0.056f,0.2385f,-0.9695f,2.3792f,-0.821f,-0.5416f,-0.1807f,0.1429f,0f,0f,0f,1f],start_interpolation: 0,interpolation_duration: 1}
$data merge entity $(bone_planks) {transformation: [-0.5682f,0.8061f,0.1655f,2.9264f,0.056f,0.2385f,-0.9695f,2.3844f,-0.821f,-0.5416f,-0.1807f,0.0659f,0f,0f,0f,1f],start_interpolation: 0,interpolation_duration: 1}
$data merge entity $(bone_lefthand1) {transformation: [-0.5682f,0.8061f,0.1655f,3.318f,0.056f,0.2385f,-0.9695f,2.4551f,-0.821f,-0.5416f,-0.1807f,0.2184f,0f,0f,0f,1f],start_interpolation: 0,interpolation_duration: 1}
$data merge entity $(bone_leftforearm) {transformation: [-0.6426f,0.5685f,0.5137f,3.68f,0.1865f,0.7663f,-0.6148f,3.0278f,-0.7432f,-0.2993f,-0.5984f,-0.0418f,0f,0f,0f,1f],start_interpolation: 0,interpolation_duration: 1}
$data merge entity $(bone_leftelbow) {transformation: [-0.6426f,0.5685f,0.5137f,3.7866f,0.1865f,0.7663f,-0.6148f,3.1715f,-0.7432f,-0.2993f,-0.5984f,-0.0979f,0f,0f,0f,1f],start_interpolation: 0,interpolation_duration: 1}
$data merge entity $(bone_leftarm) {transformation: [-0.6208f,-0.4952f,0.6078f,3.3791f,0.0838f,0.7289f,0.6794f,3.421f,-0.7795f,0.4727f,-0.411f,-0.0376f,0f,0f,0f,1f],start_interpolation: 0,interpolation_duration: 1}
$data merge entity $(bone_rightthumb2) {transformation: [0.1284f,-0.877f,-0.4631f,2.5141f,-0.0931f,0.4543f,-0.886f,2.7562f,0.9874f,0.1568f,-0.0233f,0.3799f,0f,0f,0f,1f],start_interpolation: 0,interpolation_duration: 1}
$data merge entity $(bone_rightthumb) {transformation: [0.1284f,-0.877f,-0.4631f,2.2595f,-0.0931f,0.4543f,-0.886f,2.7919f,0.9874f,0.1568f,-0.0233f,0.4163f,0f,0f,0f,1f],start_interpolation: 0,interpolation_duration: 1}
$data merge entity $(bone_rightpointerfinger) {transformation: [0.1284f,-0.877f,-0.4631f,2.5396f,-0.0931f,0.4543f,-0.886f,2.5911f,0.9874f,0.1568f,-0.0233f,0.4718f,0f,0f,0f,1f],start_interpolation: 0,interpolation_duration: 1}
$data merge entity $(bone_rightmidfinger) {transformation: [0.1284f,-0.877f,-0.4631f,2.4672f,-0.0931f,0.4543f,-0.886f,2.4527f,0.9874f,0.1568f,-0.0233f,0.4681f,0f,0f,0f,1f],start_interpolation: 0,interpolation_duration: 1}
$data merge entity $(bone_rightringfinger) {transformation: [0.1284f,-0.877f,-0.4631f,2.3948f,-0.0931f,0.4543f,-0.886f,2.3142f,0.9874f,0.1568f,-0.0233f,0.4645f,0f,0f,0f,1f],start_interpolation: 0,interpolation_duration: 1}
$data merge entity $(bone_hugeasssword) {transformation: [0.5028f,-3.4347f,-1.8139f,2.2622f,-0.3645f,1.7792f,-3.4701f,2.5835f,3.8671f,0.6143f,-0.0912f,0.2381f,0f,0f,0f,1f],start_interpolation: 0,interpolation_duration: 1}
$data merge entity $(bone_ice) {transformation: [0.1284f,-0.877f,-0.4631f,2.2739f,-0.0931f,0.4543f,-0.886f,2.5779f,0.9874f,0.1568f,-0.0233f,0.2202f,0f,0f,0f,1f],start_interpolation: 0,interpolation_duration: 1}
$data merge entity $(bone_righthand1) {transformation: [0.1284f,-0.877f,-0.4631f,2.0723f,-0.0931f,0.4543f,-0.886f,2.6405f,0.9874f,0.1568f,-0.0233f,0.5055f,0f,0f,0f,1f],start_interpolation: 0,interpolation_duration: 1}
$data merge entity $(bone_rightforearm) {transformation: [-0.4943f,-0.5925f,-0.6362f,1.6879f,0.1051f,0.6857f,-0.7203f,3.122f,0.8629f,-0.4229f,-0.2766f,0.1727f,0f,0f,0f,1f],start_interpolation: 0,interpolation_duration: 1}
$data merge entity $(bone_rightelbow) {transformation: [-0.4943f,-0.5925f,-0.6362f,1.5768f,0.1051f,0.6857f,-0.7203f,3.2506f,0.8629f,-0.4229f,-0.2766f,0.0934f,0f,0f,0f,1f],start_interpolation: 0,interpolation_duration: 1}
$data merge entity $(bone_rightarm) {transformation: [-0.4681f,0.7273f,-0.5019f,2.0028f,0.188f,0.6369f,0.7477f,3.3778f,0.8635f,0.2556f,-0.4348f,0.0371f,0f,0f,0f,1f],start_interpolation: 0,interpolation_duration: 1}
$data merge entity $(bone_chest1) {transformation: [-1.0712f,0.0131f,-0.1611f,2.6779f,-0.0168f,1.0649f,0.1984f,3.3521f,0.1608f,0.1987f,-1.0528f,-0.127f,0f,0f,0f,1f],start_interpolation: 0,interpolation_duration: 1}
$data merge entity $(bone_chest1lid) {transformation: [-0.9888f,0.0121f,-0.1487f,2.3902f,-0.0155f,0.983f,0.1831f,2.6034f,0.1484f,0.1834f,-0.9718f,0.1786f,0f,0f,0f,1f],start_interpolation: 0,interpolation_duration: 1}
$data merge entity $(bone_chest2) {transformation: [-0.9888f,0.0121f,-0.1487f,2.3883f,-0.0155f,0.983f,0.1831f,2.4498f,0.1484f,0.1834f,-0.9718f,0.1499f,0f,0f,0f,1f],start_interpolation: 0,interpolation_duration: 1}
$data merge entity $(bone_chest1lid3) {transformation: [-0.9888f,0.0121f,-0.1487f,2.3567f,-0.0155f,0.983f,0.1831f,2.7216f,0.1484f,0.1834f,-0.9718f,-0.4532f,0f,0f,0f,1f],start_interpolation: 0,interpolation_duration: 1}
$data merge entity $(bone_chest3) {transformation: [-0.9888f,0.0121f,-0.1487f,2.3548f,-0.0155f,0.983f,0.1831f,2.5681f,0.1484f,0.1834f,-0.9718f,-0.4819f,0f,0f,0f,1f],start_interpolation: 0,interpolation_duration: 1}
$data merge entity $(bone_hugeasssword2) {transformation: [0.5826f,2.8874f,-2.5815f,1.4343f,-0.7172f,2.6458f,2.7975f,4.5221f,3.8061f,0.0566f,0.9223f,0.0111f,0f,0f,0f,1f],start_interpolation: 0,interpolation_duration: 1}
$data merge entity $(bone_belt) {transformation: [-0.9888f,0.0121f,-0.1487f,2.7242f,-0.0155f,0.983f,0.1831f,2.9371f,0.1484f,0.1834f,-0.9718f,-0.0776f,0f,0f,0f,1f],start_interpolation: 0,interpolation_duration: 1}
$data merge entity $(bone_torn_part) {transformation: [-0.9543f,0.2378f,-0.1809f,2.5781f,0.1395f,0.8902f,0.4338f,2.6699f,0.2642f,0.3887f,-0.8827f,-0.0955f,0f,0f,0f,1f],start_interpolation: 0,interpolation_duration: 1}
$data merge entity $(bone_lowerbody) {transformation: [-0.9543f,0.1724f,-0.244f,2.6215f,0.1395f,0.9794f,0.146f,2.1575f,0.2642f,0.1053f,-0.9587f,-0.0378f,0f,0f,0f,1f],start_interpolation: 0,interpolation_duration: 1}
$data merge entity $(bone_leftfoot) {transformation: [-0.8006f,-0.1897f,-0.5684f,3.4231f,-0.2635f,0.9634f,0.0495f,0.1755f,0.5382f,0.1894f,-0.8213f,-0.3031f,0f,0f,0f,1f],start_interpolation: 0,interpolation_duration: 1}
$data merge entity $(bone_leftlowerleg) {transformation: [-0.8006f,-0.1897f,-0.5684f,3.2999f,-0.2635f,0.9634f,0.0495f,1.2366f,0.5382f,0.1894f,-0.8213f,0.0332f,0f,0f,0f,1f],start_interpolation: 0,interpolation_duration: 1}
$data merge entity $(bone_leftleg) {transformation: [-0.85f,-0.4422f,-0.2862f,2.8177f,-0.2876f,0.8449f,-0.451f,2.1216f,0.4413f,-0.3011f,-0.8454f,-0.2546f,0f,0f,0f,1f],start_interpolation: 0,interpolation_duration: 1}
$data merge entity $(bone_rightfoot) {transformation: [-0.7558f,0.6534f,-0.0434f,0.9542f,0.6373f,0.7492f,0.1804f,0.643f,0.1504f,0.1087f,-0.9826f,-0.1096f,0f,0f,0f,1f],start_interpolation: 0,interpolation_duration: 1}
$data merge entity $(bone_rightlowerleg) {transformation: [-0.7558f,0.6534f,-0.0434f,1.6857f,0.6373f,0.7492f,0.1804f,1.4464f,0.1504f,0.1087f,-0.9826f,0.162f,0f,0f,0f,1f],start_interpolation: 0,interpolation_duration: 1}
$data merge entity $(bone_rightleg) {transformation: [-0.7552f,0.592f,-0.2815f,2.3381f,0.6442f,0.7497f,-0.1515f,2.2168f,0.1213f,-0.2957f,-0.9475f,-0.1328f,0f,0f,0f,1f],start_interpolation: 0,interpolation_duration: 1}
data modify entity @s data merge value {"cameras":{},"locators":{"lefthand":{"posx":2.967326334608994,"posy":2.370421946979174,"posz":0.26501146981541535,"roty":42.492268798512725,"rotx":-75.8170868156075},"sword":{"posx":4.014610749798777,"posy":5.842963850661214,"posz":0.3965982450129292,"roty":272.87935574529024,"rotx":-62.37371089492374},"righthand":{"posx":2.3068661122700727,"posy":2.575872365733997,"posz":0.31070451935133486,"roty":272.87935574529024,"rotx":-62.37371089492374},"chest":{"posx":2.3817796914836578,"posy":2.5128367654412354,"posz":0.32359868794264374,"roty":351.2978876804914,"rotx":10.55152257586194}}}