# This file was generated by Animated Java via MC-Build. It is not recommended to edit this file directly.
$data merge entity $(bone_nose) {transformation: [-0.9766f,-0.1797f,-0.1178f,1.0621f,-0.1973f,0.967f,0.1609f,4.0986f,0.085f,0.1804f,-0.9799f,0.4277f,0f,0f,0f,1f],start_interpolation: 0,interpolation_duration: 1}
$data merge entity $(bone_glowing_eye) {transformation: [-0.9766f,-0.1797f,-0.1178f,0.932f,-0.1973f,0.967f,0.1609f,4.1338f,0.085f,0.1804f,-0.9799f,0.4847f,0f,0f,0f,1f],start_interpolation: 0,interpolation_duration: 1}
$data merge entity $(bone_head) {transformation: [-0.9766f,-0.1797f,-0.1178f,1.0622f,-0.1973f,0.967f,0.1609f,4.0094f,0.085f,0.1804f,-0.9799f,0.2219f,0f,0f,0f,1f],start_interpolation: 0,interpolation_duration: 1}
$data merge entity $(bone_leftthumb2) {transformation: [-0.2833f,0.9267f,0.247f,1.4387f,-0.0652f,0.2383f,-0.969f,2.8095f,-0.9568f,-0.2906f,-0.0071f,0.7121f,0f,0f,0f,1f],start_interpolation: 0,interpolation_duration: 1}
$data merge entity $(bone_leftthumb) {transformation: [-0.2833f,0.9267f,0.247f,1.6871f,-0.0652f,0.2383f,-0.969f,2.7851f,-0.9568f,-0.2906f,-0.0071f,0.6402f,0f,0f,0f,1f],start_interpolation: 0,interpolation_duration: 1}
$data merge entity $(bone_leftpointerfinger) {transformation: [-0.2833f,0.9267f,0.247f,1.4256f,-0.0652f,0.2383f,-0.969f,2.6686f,-0.9568f,-0.2906f,-0.0071f,0.8399f,0f,0f,0f,1f],start_interpolation: 0,interpolation_duration: 1}
$data merge entity $(bone_leftmidfinger) {transformation: [-0.2833f,0.9267f,0.247f,1.4642f,-0.0652f,0.2383f,-0.969f,2.5172f,-0.9568f,-0.2906f,-0.0071f,0.8388f,0f,0f,0f,1f],start_interpolation: 0,interpolation_duration: 1}
$data merge entity $(bone_leftringfinger) {transformation: [-0.2833f,0.9267f,0.247f,1.5028f,-0.0652f,0.2383f,-0.969f,2.3658f,-0.9568f,-0.2906f,-0.0071f,0.8376f,0f,0f,0f,1f],start_interpolation: 0,interpolation_duration: 1}
$data merge entity $(bone_invisibility) {transformation: [0.9447f,-0.1653f,0.2833f,1.4661f,0.153f,0.9861f,0.0652f,2.7127f,-0.2901f,-0.0183f,0.9568f,0.6289f,0f,0f,0f,1f],start_interpolation: 0,interpolation_duration: 1}
$data merge entity $(bone_swiftness) {transformation: [0.247f,0.9267f,0.2833f,1.3722f,-0.969f,0.2383f,0.0652f,2.4954f,-0.0071f,-0.2906f,0.9568f,0.6171f,0f,0f,0f,1f],start_interpolation: 0,interpolation_duration: 1}
$data merge entity $(bone_suspicious_stew) {transformation: [0.9442f,0.1678f,0.2833f,1.469f,-0.1935f,0.9789f,0.0652f,2.5199f,-0.2664f,-0.1164f,0.9568f,0.6412f,0f,0f,0f,1f],start_interpolation: 0,interpolation_duration: 1}
$data merge entity $(bone_log) {transformation: [-0.2833f,0.9267f,0.247f,1.5698f,-0.0652f,0.2383f,-0.969f,2.4981f,-0.9568f,-0.2906f,-0.0071f,0.5148f,0f,0f,0f,1f],start_interpolation: 0,interpolation_duration: 1}
$data merge entity $(bone_planks) {transformation: [-0.2833f,0.9267f,0.247f,1.5433f,-0.0652f,0.2383f,-0.969f,2.492f,-0.9568f,-0.2906f,-0.0071f,0.4251f,0f,0f,0f,1f],start_interpolation: 0,interpolation_duration: 1}
$data merge entity $(bone_lefthand1) {transformation: [-0.2833f,0.9267f,0.247f,1.8646f,-0.0652f,0.2383f,-0.969f,2.6043f,-0.9568f,-0.2906f,-0.0071f,0.6816f,0f,0f,0f,1f],start_interpolation: 0,interpolation_duration: 1}
$data merge entity $(bone_leftforearm) {transformation: [-0.6606f,0.4682f,0.5868f,2.1531f,-0.0242f,0.768f,-0.64f,3.1646f,-0.7503f,-0.437f,-0.496f,0.3189f,0f,0f,0f,1f],start_interpolation: 0,interpolation_duration: 1}
$data merge entity $(bone_leftelbow) {transformation: [-0.6606f,0.4682f,0.5868f,2.2409f,-0.0242f,0.768f,-0.64f,3.3086f,-0.7503f,-0.437f,-0.496f,0.237f,0f,0f,0f,1f],start_interpolation: 0,interpolation_duration: 1}
$data merge entity $(bone_leftarm) {transformation: [-0.6286f,-0.5446f,0.5553f,1.8192f,-0.1306f,0.7777f,0.6149f,3.5411f,-0.7667f,0.314f,-0.56f,0.2472f,0f,0f,0f,1f],start_interpolation: 0,interpolation_duration: 1}
$data merge entity $(bone_rightthumb2) {transformation: [-0.1846f,-0.8946f,-0.4068f,0.9477f,0.0522f,0.4044f,-0.9131f,2.7133f,0.9814f,-0.1898f,-0.028f,0.4694f,0f,0f,0f,1f],start_interpolation: 0,interpolation_duration: 1}
$data merge entity $(bone_rightthumb) {transformation: [-0.1846f,-0.8946f,-0.4068f,0.6935f,0.0522f,0.4044f,-0.9131f,2.7344f,0.9814f,-0.1898f,-0.028f,0.4205f,0f,0f,0f,1f],start_interpolation: 0,interpolation_duration: 1}
$data merge entity $(bone_rightpointerfinger) {transformation: [-0.1846f,-0.8946f,-0.4068f,0.9478f,0.0522f,0.4044f,-0.9131f,2.5646f,0.9814f,-0.1898f,-0.028f,0.5888f,0f,0f,0f,1f],start_interpolation: 0,interpolation_duration: 1}
$data merge entity $(bone_rightmidfinger) {transformation: [-0.1846f,-0.8946f,-0.4068f,0.8843f,0.0522f,0.4044f,-0.9131f,2.422f,0.9814f,-0.1898f,-0.028f,0.5844f,0f,0f,0f,1f],start_interpolation: 0,interpolation_duration: 1}
$data merge entity $(bone_rightringfinger) {transformation: [-0.1846f,-0.8946f,-0.4068f,0.8207f,0.0522f,0.4044f,-0.9131f,2.2793f,0.9814f,-0.1898f,-0.028f,0.5801f,0f,0f,0f,1f],start_interpolation: 0,interpolation_duration: 1}
$data merge entity $(bone_hugeasssword) {transformation: [-0.7232f,-3.504f,-1.5934f,0.7579f,0.2045f,1.5841f,-3.5762f,2.5045f,3.8439f,-0.7435f,-0.1095f,0.2856f,0f,0f,0f,1f],start_interpolation: 0,interpolation_duration: 1}
$data merge entity $(bone_ice) {transformation: [-0.1846f,-0.8946f,-0.4068f,0.7748f,0.0522f,0.4044f,-0.9131f,2.4974f,0.9814f,-0.1898f,-0.028f,0.2732f,0f,0f,0f,1f],start_interpolation: 0,interpolation_duration: 1}
$data merge entity $(bone_righthand1) {transformation: [-0.1846f,-0.8946f,-0.4068f,0.4923f,0.0522f,0.4044f,-0.9131f,2.583f,0.9814f,-0.1898f,-0.028f,0.4703f,0f,0f,0f,1f],start_interpolation: 0,interpolation_duration: 1}
$data merge entity $(bone_rightforearm) {transformation: [-0.5134f,-0.5776f,-0.6347f,0.1149f,0.0072f,0.7367f,-0.6762f,3.1057f,0.8581f,-0.3517f,-0.374f,0.1741f,0f,0f,0f,1f],start_interpolation: 0,interpolation_duration: 1}
$data merge entity $(bone_rightelbow) {transformation: [-0.5134f,-0.5776f,-0.6347f,0.0066f,0.0072f,0.7367f,-0.6762f,3.2439f,0.8581f,-0.3517f,-0.374f,0.1082f,0f,0f,0f,1f],start_interpolation: 0,interpolation_duration: 1}
$data merge entity $(bone_rightarm) {transformation: [-0.4912f,0.6469f,-0.5833f,0.4113f,0.0954f,0.7056f,0.7022f,3.4347f,0.8658f,0.2892f,-0.4083f,0.0583f,0f,0f,0f,1f],start_interpolation: 0,interpolation_duration: 1}
$data merge entity $(bone_chest1) {transformation: [-1.0748f,-0.122f,0.0593f,1.1425f,-0.1084f,1.0571f,0.2107f,3.3861f,-0.0816f,0.2031f,-1.061f,0.02f,0f,0f,0f,1f],start_interpolation: 0,interpolation_duration: 1}
$data merge entity $(bone_chest1lid) {transformation: [-0.9921f,-0.1127f,0.0547f,0.8593f,-0.1001f,0.9758f,0.1945f,2.6089f,-0.0753f,0.1875f,-0.9794f,0.2494f,0f,0f,0f,1f],start_interpolation: 0,interpolation_duration: 1}
$data merge entity $(bone_chest2) {transformation: [-0.9921f,-0.1127f,0.0547f,0.877f,-0.1001f,0.9758f,0.1945f,2.4565f,-0.0753f,0.1875f,-0.9794f,0.2201f,0f,0f,0f,1f],start_interpolation: 0,interpolation_duration: 1}
$data merge entity $(bone_chest1lid3) {transformation: [-0.9921f,-0.1127f,0.0547f,0.9564f,-0.1001f,0.9758f,0.1945f,2.7398f,-0.0753f,0.1875f,-0.9794f,-0.3733f,0f,0f,0f,1f],start_interpolation: 0,interpolation_duration: 1}
$data merge entity $(bone_chest3) {transformation: [-0.9921f,-0.1127f,0.0547f,0.974f,-0.1001f,0.9758f,0.1945f,2.5873f,-0.0753f,0.1875f,-0.9794f,-0.4026f,0f,0f,0f,1f],start_interpolation: 0,interpolation_duration: 1}
$data merge entity $(bone_hugeasssword2) {transformation: [-0.2142f,2.5669f,-2.9505f,-0.1961f,-0.7617f,2.871f,2.5529f,4.4465f,3.8359f,0.7135f,0.3422f,-0.1147f,0f,0f,0f,1f],start_interpolation: 0,interpolation_duration: 1}
$data merge entity $(bone_belt) {transformation: [-0.9921f,-0.1127f,0.0547f,1.212f,-0.1001f,0.9758f,0.1945f,2.9752f,-0.0753f,0.1875f,-0.9794f,0.0759f,0f,0f,0f,1f],start_interpolation: 0,interpolation_duration: 1}
$data merge entity $(bone_torn_part) {transformation: [-0.9996f,-0.0185f,0.0235f,1.1073f,-0.0076f,0.9174f,0.398f,2.6892f,-0.0289f,0.3977f,-0.9171f,0.0227f,0f,0f,0f,1f],start_interpolation: 0,interpolation_duration: 1}
$data merge entity $(bone_lowerbody) {transformation: [-0.9996f,-0.0106f,0.028f,1.2062f,-0.0076f,0.9946f,0.1037f,2.1897f,-0.0289f,0.1035f,-0.9942f,0.1148f,0f,0f,0f,1f],start_interpolation: 0,interpolation_duration: 1}
$data merge entity $(bone_leftfoot) {transformation: [-0.8337f,-0.4149f,-0.3645f,2.4481f,-0.4266f,0.9029f,-0.0523f,0.3912f,0.3508f,0.1119f,-0.9297f,0.0603f,0f,0f,0f,1f],start_interpolation: 0,interpolation_duration: 1}
$data merge entity $(bone_leftlowerleg) {transformation: [-0.8337f,-0.4149f,-0.3645f,2.0438f,-0.4266f,0.9029f,-0.0523f,1.4009f,0.3508f,0.1119f,-0.9297f,0.3273f,0f,0f,0f,1f],start_interpolation: 0,interpolation_duration: 1}
$data merge entity $(bone_leftleg) {transformation: [-0.8439f,-0.5354f,0.0336f,1.4586f,-0.4987f,0.7598f,-0.4173f,2.1918f,0.1979f,-0.3689f,-0.9082f,-0.0372f,0f,0f,0f,1f],start_interpolation: 0,interpolation_duration: 1}
$data merge entity $(bone_rightfoot) {transformation: [-0.9746f,-0.0558f,0.2167f,1.0211f,0.054f,0.881f,0.47f,0.2961f,-0.2172f,0.4698f,-0.8557f,-0.3929f,0f,0f,0f,1f],start_interpolation: 0,interpolation_duration: 1}
$data merge entity $(bone_rightlowerleg) {transformation: [-0.9746f,-0.0558f,0.2167f,0.9258f,0.054f,0.881f,0.47f,1.2013f,-0.2172f,0.4698f,-0.8557f,0.2597f,0f,0f,0f,1f],start_interpolation: 0,interpolation_duration: 1}
$data merge entity $(bone_rightleg) {transformation: [-0.9923f,0.0109f,0.1233f,0.9631f,-0.0288f,0.9483f,-0.3161f,2.1957f,-0.1204f,-0.3172f,-0.9407f,-0.0577f,0f,0f,0f,1f],start_interpolation: 0,interpolation_duration: 1}
data modify entity @s data merge value {"cameras":{},"locators":{"lefthand":{"posx":1.5201156043801998,"posy":2.500777625384868,"posz":0.6273425339291888,"roty":88.3633643472681,"rotx":-75.69348618755781},"sword":{"posx":2.278044424264521,"posy":5.877188046139656,"posz":0.47174995323769886,"roty":273.93131105598974,"rotx":-65.93342933462297},"righthand":{"posx":0.7778284444156423,"posy":2.510234076129734,"posz":0.36865180756815413,"roty":273.93131105598974,"rotx":-65.93342933462297},"chest":{"posx":0.8268399727934436,"posy":2.514424647552166,"posz":0.38837771784707453,"roty":3.1963093173417008,"rotx":11.214869643362011}}}