# This file was generated by Animated Java via MC-Build. It is not recommended to edit this file directly.
$data merge entity $(bone_nose) {transformation: [-0.9118f,-0.4064f,-0.0592f,0.8861f,-0.4104f,0.896f,0.1693f,4.1205f,-0.0158f,0.1787f,-0.9838f,0.4365f,0f,0f,0f,1f],start_interpolation: 0,interpolation_duration: 1}
$data merge entity $(bone_glowing_eye) {transformation: [-0.9118f,-0.4064f,-0.0592f,0.7467f,-0.4104f,0.896f,0.1693f,4.1239f,-0.0158f,0.1787f,-0.9838f,0.481f,0f,0f,0f,1f],start_interpolation: 0,interpolation_duration: 1}
$data merge entity $(bone_head) {transformation: [-0.9118f,-0.4064f,-0.0592f,0.9252f,-0.4104f,0.896f,0.1693f,4.0415f,-0.0158f,0.1787f,-0.9838f,0.2302f,0f,0f,0f,1f],start_interpolation: 0,interpolation_duration: 1}
$data merge entity $(bone_leftthumb2) {transformation: [-0.2986f,0.9222f,0.2457f,1.4045f,-0.0094f,0.2546f,-0.967f,2.82f,-0.9543f,-0.2911f,-0.0674f,0.7047f,0f,0f,0f,1f],start_interpolation: 0,interpolation_duration: 1}
$data merge entity $(bone_leftthumb) {transformation: [-0.2986f,0.9222f,0.2457f,1.6516f,-0.0094f,0.2546f,-0.967f,2.7998f,-0.9543f,-0.2911f,-0.0674f,0.6276f,0f,0f,0f,1f],start_interpolation: 0,interpolation_duration: 1}
$data merge entity $(bone_leftpointerfinger) {transformation: [-0.2986f,0.9222f,0.2457f,1.3932f,-0.0094f,0.2546f,-0.967f,2.6719f,-0.9543f,-0.2911f,-0.0674f,0.8243f,0f,0f,0f,1f],start_interpolation: 0,interpolation_duration: 1}
$data merge entity $(bone_leftmidfinger) {transformation: [-0.2986f,0.9222f,0.2457f,1.4316f,-0.0094f,0.2546f,-0.967f,2.5208f,-0.9543f,-0.2911f,-0.0674f,0.8138f,0f,0f,0f,1f],start_interpolation: 0,interpolation_duration: 1}
$data merge entity $(bone_leftringfinger) {transformation: [-0.2986f,0.9222f,0.2457f,1.47f,-0.0094f,0.2546f,-0.967f,2.3697f,-0.9543f,-0.2911f,-0.0674f,0.8033f,0f,0f,0f,1f],start_interpolation: 0,interpolation_duration: 1}
$data merge entity $(bone_invisibility) {transformation: [0.9401f,-0.1644f,0.2986f,1.4304f,0.1694f,0.9855f,0.0094f,2.7282f,-0.2958f,0.0418f,0.9543f,0.6157f,0f,0f,0f,1f],start_interpolation: 0,interpolation_duration: 1}
$data merge entity $(bone_swiftness) {transformation: [0.2457f,0.9222f,0.2986f,1.3361f,-0.967f,0.2546f,0.0094f,2.5119f,-0.0674f,-0.2911f,0.9543f,0.5927f,0f,0f,0f,1f],start_interpolation: 0,interpolation_duration: 1}
$data merge entity $(bone_suspicious_stew) {transformation: [0.9396f,0.167f,0.2986f,1.4333f,-0.1779f,0.984f,0.0094f,2.535f,-0.2923f,-0.0619f,0.9543f,0.6167f,0f,0f,0f,1f],start_interpolation: 0,interpolation_duration: 1}
$data merge entity $(bone_log) {transformation: [-0.2986f,0.9222f,0.2457f,1.5321f,-0.0094f,0.2546f,-0.967f,2.5206f,-0.9543f,-0.2911f,-0.0674f,0.4877f,0f,0f,0f,1f],start_interpolation: 0,interpolation_duration: 1}
$data merge entity $(bone_planks) {transformation: [-0.2986f,0.9222f,0.2457f,1.5041f,-0.0094f,0.2546f,-0.967f,2.5197f,-0.9543f,-0.2911f,-0.0674f,0.3982f,0f,0f,0f,1f],start_interpolation: 0,interpolation_duration: 1}
$data merge entity $(bone_lefthand1) {transformation: [-0.2986f,0.9222f,0.2457f,1.8296f,-0.0094f,0.2546f,-0.967f,2.6168f,-0.9543f,-0.2911f,-0.0674f,0.6556f,0f,0f,0f,1f],start_interpolation: 0,interpolation_duration: 1}
$data merge entity $(bone_leftforearm) {transformation: [-0.6559f,0.4021f,0.6388f,2.0726f,-0.0085f,0.8424f,-0.5389f,3.2321f,-0.7548f,-0.3589f,-0.5491f,0.3489f,0f,0f,0f,1f],start_interpolation: 0,interpolation_duration: 1}
$data merge entity $(bone_leftelbow) {transformation: [-0.6559f,0.4021f,0.6388f,2.148f,-0.0085f,0.8424f,-0.5389f,3.3901f,-0.7548f,-0.3589f,-0.5491f,0.2816f,0f,0f,0f,1f],start_interpolation: 0,interpolation_duration: 1}
$data merge entity $(bone_leftarm) {transformation: [-0.6182f,-0.5576f,0.5539f,1.7265f,-0.1135f,0.7607f,0.6391f,3.6239f,-0.7778f,0.3323f,-0.5336f,0.2911f,0f,0f,0f,1f],start_interpolation: 0,interpolation_duration: 1}
$data merge entity $(bone_rightthumb2) {transformation: [-0.1678f,-0.8973f,-0.4082f,0.9907f,-0.0117f,0.4159f,-0.9093f,2.7706f,0.9858f,-0.1478f,-0.0803f,0.4063f,0f,0f,0f,1f],start_interpolation: 0,interpolation_duration: 1}
$data merge entity $(bone_rightthumb) {transformation: [-0.1678f,-0.8973f,-0.4082f,0.7358f,-0.0117f,0.4159f,-0.9093f,2.7949f,0.9858f,-0.1478f,-0.0803f,0.3632f,0f,0f,0f,1f],start_interpolation: 0,interpolation_duration: 1}
$data merge entity $(bone_rightpointerfinger) {transformation: [-0.1678f,-0.8973f,-0.4082f,0.9927f,-0.0117f,0.4159f,-0.9093f,2.6146f,0.9858f,-0.1478f,-0.0803f,0.5157f,0f,0f,0f,1f],start_interpolation: 0,interpolation_duration: 1}
$data merge entity $(bone_rightmidfinger) {transformation: [-0.1678f,-0.8973f,-0.4082f,0.9289f,-0.0117f,0.4159f,-0.9093f,2.4725f,0.9858f,-0.1478f,-0.0803f,0.5032f,0f,0f,0f,1f],start_interpolation: 0,interpolation_duration: 1}
$data merge entity $(bone_rightringfinger) {transformation: [-0.1678f,-0.8973f,-0.4082f,0.8651f,-0.0117f,0.4159f,-0.9093f,2.3304f,0.9858f,-0.1478f,-0.0803f,0.4906f,0f,0f,0f,1f],start_interpolation: 0,interpolation_duration: 1}
$data merge entity $(bone_hugeasssword) {transformation: [-0.6571f,-3.5146f,-1.5989f,0.7976f,-0.046f,1.6289f,-3.5616f,2.5743f,3.8609f,-0.5788f,-0.3146f,0.2126f,0f,0f,0f,1f],start_interpolation: 0,interpolation_duration: 1}
$data merge entity $(bone_ice) {transformation: [-0.1678f,-0.8973f,-0.4082f,0.8142f,-0.0117f,0.4159f,-0.9093f,2.568f,0.9858f,-0.1478f,-0.0803f,0.1995f,0f,0f,0f,1f],start_interpolation: 0,interpolation_duration: 1}
$data merge entity $(bone_righthand1) {transformation: [-0.1678f,-0.8973f,-0.4082f,0.5352f,-0.0117f,0.4159f,-0.9093f,2.6406f,0.9858f,-0.1478f,-0.0803f,0.4065f,0f,0f,0f,1f],start_interpolation: 0,interpolation_duration: 1}
$data merge entity $(bone_rightforearm) {transformation: [-0.4168f,-0.6878f,-0.5943f,0.0777f,-0.0152f,0.659f,-0.752f,3.112f,0.9088f,-0.3044f,-0.2852f,0.1417f,0f,0f,0f,1f],start_interpolation: 0,interpolation_duration: 1}
$data merge entity $(bone_rightelbow) {transformation: [-0.4168f,-0.6878f,-0.5943f,-0.0513f,-0.0152f,0.659f,-0.752f,3.2355f,0.9088f,-0.3044f,-0.2852f,0.0846f,0f,0f,0f,1f],start_interpolation: 0,interpolation_duration: 1}
$data merge entity $(bone_rightarm) {transformation: [-0.3979f,0.6878f,-0.6071f,0.3549f,0.069f,0.6824f,0.7278f,3.4091f,0.9148f,0.2477f,-0.319f,0.0033f,0f,0f,0f,1f],start_interpolation: 0,interpolation_duration: 1}
$data merge entity $(bone_chest1) {transformation: [-1.0632f,-0.183f,0.0983f,1.0696f,-0.1583f,1.0456f,0.235f,3.4329f,-0.1345f,0.2163f,-1.053f,0.0231f,0f,0f,0f,1f],start_interpolation: 0,interpolation_duration: 1}
$data merge entity $(bone_chest1lid) {transformation: [-0.9814f,-0.1689f,0.0907f,0.8145f,-0.1461f,0.9652f,0.2169f,2.6385f,-0.1242f,0.1996f,-0.972f,0.2246f,0f,0f,0f,1f],start_interpolation: 0,interpolation_duration: 1}
$data merge entity $(bone_chest2) {transformation: [-0.9814f,-0.1689f,0.0907f,0.8409f,-0.1461f,0.9652f,0.2169f,2.4877f,-0.1242f,0.1996f,-0.972f,0.1934f,0f,0f,0f,1f],start_interpolation: 0,interpolation_duration: 1}
$data merge entity $(bone_chest1lid3) {transformation: [-0.9814f,-0.1689f,0.0907f,0.9339f,-0.1461f,0.9652f,0.2169f,2.7866f,-0.1242f,0.1996f,-0.972f,-0.3903f,0f,0f,0f,1f],start_interpolation: 0,interpolation_duration: 1}
$data merge entity $(bone_chest3) {transformation: [-0.9814f,-0.1689f,0.0907f,0.9603f,-0.1461f,0.9652f,0.2169f,2.6358f,-0.1242f,0.1996f,-0.972f,-0.4215f,0f,0f,0f,1f],start_interpolation: 0,interpolation_duration: 1}
$data merge entity $(bone_hugeasssword2) {transformation: [-0.3553f,2.387f,-3.0848f,-0.3116f,-0.8496f,2.9759f,2.4006f,4.4303f,3.8069f,0.8869f,0.2479f,-0.1558f,0f,0f,0f,1f],start_interpolation: 0,interpolation_duration: 1}
$data merge entity $(bone_belt) {transformation: [-0.9814f,-0.1689f,0.0907f,1.1564f,-0.1461f,0.9652f,0.2169f,3.0247f,-0.1242f,0.1996f,-0.972f,0.0748f,0f,0f,0f,1f],start_interpolation: 0,interpolation_duration: 1}
$data merge entity $(bone_torn_part) {transformation: [-0.9996f,0.0019f,0.0288f,1.0575f,0.0139f,0.9054f,0.4243f,2.7418f,-0.0253f,0.4245f,-0.9051f,0.0147f,0f,0f,0f,1f],start_interpolation: 0,interpolation_duration: 1}
$data merge entity $(bone_lowerbody) {transformation: [-0.9996f,0.0105f,0.0269f,1.1462f,0.0139f,0.9911f,0.1324f,2.2379f,-0.0253f,0.1327f,-0.9908f,0.0917f,0f,0f,0f,1f],start_interpolation: 0,interpolation_duration: 1}
$data merge entity $(bone_leftfoot) {transformation: [-0.9068f,-0.085f,-0.4129f,1.7453f,-0.1201f,0.991f,0.0598f,0.2249f,0.4041f,0.1038f,-0.9088f,0.0618f,0f,0f,0f,1f],start_interpolation: 0,interpolation_duration: 1}
$data merge entity $(bone_leftlowerleg) {transformation: [-0.9068f,-0.085f,-0.4129f,1.7145f,-0.1201f,0.991f,0.0598f,1.3151f,0.4041f,0.1038f,-0.9088f,0.3166f,0f,0f,0f,1f],start_interpolation: 0,interpolation_duration: 1}
$data merge entity $(bone_leftleg) {transformation: [-0.9389f,-0.2945f,-0.1782f,1.3825f,-0.1914f,0.8769f,-0.441f,2.2368f,0.2861f,-0.38f,-0.8796f,-0.0574f,0f,0f,0f,1f],start_interpolation: 0,interpolation_duration: 1}
$data merge entity $(bone_rightfoot) {transformation: [-0.9826f,-0.0295f,0.1833f,0.8362f,0.0653f,0.8694f,0.4898f,0.4003f,-0.1738f,0.4933f,-0.8523f,-0.3634f,0f,0f,0f,1f],start_interpolation: 0,interpolation_duration: 1}
$data merge entity $(bone_rightlowerleg) {transformation: [-0.9826f,-0.0295f,0.1833f,0.7754f,0.0653f,0.8694f,0.4898f,1.2895f,-0.1738f,0.4933f,-0.8523f,0.3148f,0f,0f,0f,1f],start_interpolation: 0,interpolation_duration: 1}
$data merge entity $(bone_rightleg) {transformation: [-0.9868f,0.0959f,0.1307f,0.904f,0.0363f,0.9166f,-0.3982f,2.2468f,-0.158f,-0.3882f,-0.9079f,-0.0769f,0f,0f,0f,1f],start_interpolation: 0,interpolation_duration: 1}
data modify entity @s data merge value {"cameras":{},"locators":{"lefthand":{"posx":1.4841637576950886,"posy":2.516692247402477,"posz":0.6009298299771106,"roty":74.66664941441539,"rotx":-75.23828902451116},"sword":{"posx":2.324228297214306,"posy":5.927771419130393,"posz":0.5916132702946146,"roty":281.1307462137013,"rotx":-65.41472598075276},"righthand":{"posx":0.8189136712238875,"posy":2.5745688477947706,"posz":0.2954433150873242,"roty":281.1307462137013,"rotx":-65.41472598075276},"chest":{"posx":0.7801754114966777,"posy":2.5397168010439266,"posz":0.36008589831371274,"roty":5.331509439687437,"rotx":12.527988980247242}}}