# This file was generated by Animated Java via MC-Build. It is not recommended to edit this file directly.
$data merge entity $(bone_nose) {transformation: [-0.8521f,-0.522f,-0.0375f,0.7372f,-0.5198f,0.836f,0.1755f,4.1296f,-0.0603f,0.169f,-0.9838f,0.4294f,0f,0f,0f,1f],start_interpolation: 0,interpolation_duration: 1}
$data merge entity $(bone_glowing_eye) {transformation: [-0.8521f,-0.522f,-0.0375f,0.5966f,-0.5198f,0.836f,0.1755f,4.1151f,-0.0603f,0.169f,-0.9838f,0.4676f,0f,0f,0f,1f],start_interpolation: 0,interpolation_duration: 1}
$data merge entity $(bone_head) {transformation: [-0.8521f,-0.522f,-0.0375f,0.7946f,-0.5198f,0.836f,0.1755f,4.0593f,-0.0603f,0.169f,-0.9838f,0.2243f,0f,0f,0f,1f],start_interpolation: 0,interpolation_duration: 1}
$data merge entity $(bone_leftthumb2) {transformation: [-0.3022f,0.9216f,0.2436f,1.3337f,0.0182f,0.2611f,-0.9651f,2.8341f,-0.9531f,-0.2872f,-0.0957f,0.6921f,0f,0f,0f,1f],start_interpolation: 0,interpolation_duration: 1}
$data merge entity $(bone_leftthumb) {transformation: [-0.3022f,0.9216f,0.2436f,1.5806f,0.0182f,0.2611f,-0.9651f,2.8157f,-0.9531f,-0.2872f,-0.0957f,0.6135f,0f,0f,0f,1f],start_interpolation: 0,interpolation_duration: 1}
$data merge entity $(bone_leftpointerfinger) {transformation: [-0.3022f,0.9216f,0.2436f,1.3227f,0.0182f,0.2611f,-0.9651f,2.6827f,-0.9531f,-0.2872f,-0.0957f,0.8075f,0f,0f,0f,1f],start_interpolation: 0,interpolation_duration: 1}
$data merge entity $(bone_leftmidfinger) {transformation: [-0.3022f,0.9216f,0.2436f,1.3607f,0.0182f,0.2611f,-0.9651f,2.5319f,-0.9531f,-0.2872f,-0.0957f,0.7925f,0f,0f,0f,1f],start_interpolation: 0,interpolation_duration: 1}
$data merge entity $(bone_leftringfinger) {transformation: [-0.3022f,0.9216f,0.2436f,1.3988f,0.0182f,0.2611f,-0.9651f,2.3811f,-0.9531f,-0.2872f,-0.0957f,0.7776f,0f,0f,0f,1f],start_interpolation: 0,interpolation_duration: 1}
$data merge entity $(bone_invisibility) {transformation: [0.9393f,-0.1624f,0.3022f,1.3592f,0.176f,0.9842f,-0.0182f,2.7449f,-0.2945f,0.0703f,0.9531f,0.6003f,0f,0f,0f,1f],start_interpolation: 0,interpolation_duration: 1}
$data merge entity $(bone_swiftness) {transformation: [0.2436f,0.9216f,0.3022f,1.2643f,-0.9651f,0.2611f,-0.0182f,2.5295f,-0.0957f,-0.2872f,0.9531f,0.5717f,0f,0f,0f,1f],start_interpolation: 0,interpolation_duration: 1}
$data merge entity $(bone_suspicious_stew) {transformation: [0.9382f,0.1687f,0.3022f,1.3617f,-0.1712f,0.9851f,-0.0182f,2.5517f,-0.3008f,-0.0346f,0.9531f,0.5959f,0f,0f,0f,1f],start_interpolation: 0,interpolation_duration: 1}
$data merge entity $(bone_log) {transformation: [-0.3022f,0.9216f,0.2436f,1.4599f,0.0182f,0.2611f,-0.9651f,2.5408f,-0.9531f,-0.2872f,-0.0957f,0.4661f,0f,0f,0f,1f],start_interpolation: 0,interpolation_duration: 1}
$data merge entity $(bone_planks) {transformation: [-0.3022f,0.9216f,0.2436f,1.4316f,0.0182f,0.2611f,-0.9651f,2.5425f,-0.9531f,-0.2872f,-0.0957f,0.3768f,0f,0f,0f,1f],start_interpolation: 0,interpolation_duration: 1}
$data merge entity $(bone_lefthand1) {transformation: [-0.3022f,0.9216f,0.2436f,1.7583f,0.0182f,0.2611f,-0.9651f,2.6317f,-0.9531f,-0.2872f,-0.0957f,0.6356f,0f,0f,0f,1f],start_interpolation: 0,interpolation_duration: 1}
$data merge entity $(bone_leftforearm) {transformation: [-0.6481f,0.3581f,0.6722f,1.9714f,-0.0052f,0.8805f,-0.474f,3.2752f,-0.7616f,-0.3107f,-0.5687f,0.3631f,0f,0f,0f,1f],start_interpolation: 0,interpolation_duration: 1}
$data merge entity $(bone_leftelbow) {transformation: [-0.6481f,0.3581f,0.6722f,2.0385f,-0.0052f,0.8805f,-0.474f,3.4403f,-0.7616f,-0.3107f,-0.5687f,0.3049f,0f,0f,0f,1f],start_interpolation: 0,interpolation_duration: 1}
$data merge entity $(bone_leftarm) {transformation: [-0.6066f,-0.5675f,0.5568f,1.6173f,-0.1094f,0.7532f,0.6486f,3.6758f,-0.7875f,0.3325f,-0.519f,0.3089f,0f,0f,0f,1f],start_interpolation: 0,interpolation_duration: 1}
$data merge entity $(bone_rightthumb2) {transformation: [-0.1658f,-0.8985f,-0.4064f,0.9654f,-0.0699f,0.4217f,-0.904f,2.8078f,0.9837f,-0.1215f,-0.1327f,0.3533f,0f,0f,0f,1f],start_interpolation: 0,interpolation_duration: 1}
$data merge entity $(bone_rightthumb) {transformation: [-0.1658f,-0.8985f,-0.4064f,0.7103f,-0.0699f,0.4217f,-0.904f,2.834f,0.9837f,-0.1215f,-0.1327f,0.3121f,0f,0f,0f,1f],start_interpolation: 0,interpolation_duration: 1}
$data merge entity $(bone_rightpointerfinger) {transformation: [-0.1658f,-0.8985f,-0.4064f,0.9679f,-0.0699f,0.4217f,-0.904f,2.6456f,0.9837f,-0.1215f,-0.1327f,0.4534f,0f,0f,0f,1f],start_interpolation: 0,interpolation_duration: 1}
$data merge entity $(bone_rightmidfinger) {transformation: [-0.1658f,-0.8985f,-0.4064f,0.9044f,-0.0699f,0.4217f,-0.904f,2.5043f,0.9837f,-0.1215f,-0.1327f,0.4326f,0f,0f,0f,1f],start_interpolation: 0,interpolation_duration: 1}
$data merge entity $(bone_rightringfinger) {transformation: [-0.1658f,-0.8985f,-0.4064f,0.8409f,-0.0699f,0.4217f,-0.904f,2.3631f,0.9837f,-0.1215f,-0.1327f,0.4119f,0f,0f,0f,1f],start_interpolation: 0,interpolation_duration: 1}
$data merge entity $(bone_hugeasssword) {transformation: [-0.6493f,-3.5193f,-1.5916f,0.7723f,-0.2736f,1.6518f,-3.5408f,2.6227f,3.8528f,-0.4757f,-0.5197f,0.1487f,0f,0f,0f,1f],start_interpolation: 0,interpolation_duration: 1}
$data merge entity $(bone_ice) {transformation: [-0.1658f,-0.8985f,-0.4064f,0.7889f,-0.0699f,0.4217f,-0.904f,2.6172f,0.9837f,-0.1215f,-0.1327f,0.1353f,0f,0f,0f,1f],start_interpolation: 0,interpolation_duration: 1}
$data merge entity $(bone_righthand1) {transformation: [-0.1658f,-0.8985f,-0.4064f,0.5102f,-0.0699f,0.4217f,-0.904f,2.6769f,0.9837f,-0.1215f,-0.1327f,0.3467f,0f,0f,0f,1f],start_interpolation: 0,interpolation_duration: 1}
$data merge entity $(bone_rightforearm) {transformation: [-0.3738f,-0.7493f,-0.5466f,0.0087f,-0.0486f,0.6044f,-0.7952f,3.1137f,0.9262f,-0.2707f,-0.2624f,0.1049f,0f,0f,0f,1f],start_interpolation: 0,interpolation_duration: 1}
$data merge entity $(bone_rightelbow) {transformation: [-0.3738f,-0.7493f,-0.5466f,-0.1318f,-0.0486f,0.6044f,-0.7952f,3.227f,0.9262f,-0.2707f,-0.2624f,0.0541f,0f,0f,0f,1f],start_interpolation: 0,interpolation_duration: 1}
$data merge entity $(bone_rightarm) {transformation: [-0.3578f,0.7038f,-0.6137f,0.275f,0.0332f,0.6664f,0.7448f,3.3929f,0.9332f,0.2462f,-0.2618f,-0.036f,0f,0f,0f,1f],start_interpolation: 0,interpolation_duration: 1}
$data merge entity $(bone_chest1) {transformation: [-1.0527f,-0.2242f,0.1227f,0.9764f,-0.1922f,1.0372f,0.2468f,3.4616f,-0.1685f,0.2181f,-1.0477f,0.017f,0f,0f,0f,1f],start_interpolation: 0,interpolation_duration: 1}
$data merge entity $(bone_chest1lid) {transformation: [-0.9718f,-0.207f,0.1132f,0.7417f,-0.1774f,0.9574f,0.2278f,2.6575f,-0.1556f,0.2013f,-0.9671f,0.2047f,0f,0f,0f,1f],start_interpolation: 0,interpolation_duration: 1}
$data merge entity $(bone_chest2) {transformation: [-0.9718f,-0.207f,0.1132f,0.7741f,-0.1774f,0.9574f,0.2278f,2.5079f,-0.1556f,0.2013f,-0.9671f,0.1733f,0f,0f,0f,1f],start_interpolation: 0,interpolation_duration: 1}
$data merge entity $(bone_chest1lid3) {transformation: [-0.9718f,-0.207f,0.1132f,0.875f,-0.1774f,0.9574f,0.2278f,2.8145f,-0.1556f,0.2013f,-0.9671f,-0.4051f,0f,0f,0f,1f],start_interpolation: 0,interpolation_duration: 1}
$data merge entity $(bone_chest3) {transformation: [-0.9718f,-0.207f,0.1132f,0.9074f,-0.1774f,0.9574f,0.2278f,2.6649f,-0.1556f,0.2013f,-0.9671f,-0.4365f,0f,0f,0f,1f],start_interpolation: 0,interpolation_duration: 1}
$data merge entity $(bone_hugeasssword2) {transformation: [-0.4435f,2.2584f,-3.1691f,-0.4311f,-0.8923f,3.0456f,2.2953f,4.4143f,3.7878f,0.9819f,0.1696f,-0.1973f,0f,0f,0f,1f],start_interpolation: 0,interpolation_duration: 1}
$data merge entity $(bone_belt) {transformation: [-0.9718f,-0.207f,0.1132f,1.0751f,-0.1774f,0.9574f,0.2278f,3.056f,-0.1556f,0.2013f,-0.9671f,0.0684f,0f,0f,0f,1f],start_interpolation: 0,interpolation_duration: 1}
$data merge entity $(bone_torn_part) {transformation: [-0.9993f,0.0108f,0.0366f,0.9808f,0.0257f,0.9001f,0.435f,2.7751f,-0.0282f,0.4357f,-0.8997f,0.0053f,0f,0f,0f,1f],start_interpolation: 0,interpolation_duration: 1}
$data merge entity $(bone_lowerbody) {transformation: [-0.9993f,0.0213f,0.0316f,1.0636f,0.0257f,0.9892f,0.1442f,2.2693f,-0.0282f,0.1449f,-0.989f,0.0764f,0f,0f,0f,1f],start_interpolation: 0,interpolation_duration: 1}
$data merge entity $(bone_leftfoot) {transformation: [-0.8981f,0.1096f,-0.426f,1.2893f,0.0602f,0.99f,0.1276f,0.2256f,0.4357f,0.0889f,-0.8957f,0.0685f,0f,0f,0f,1f],start_interpolation: 0,interpolation_duration: 1}
$data merge entity $(bone_leftlowerleg) {transformation: [-0.8981f,0.1096f,-0.426f,1.4763f,0.0602f,0.99f,0.1276f,1.3042f,0.4357f,0.0889f,-0.8957f,0.3048f,0f,0f,0f,1f],start_interpolation: 0,interpolation_duration: 1}
$data merge entity $(bone_leftleg) {transformation: [-0.9355f,-0.1567f,-0.3166f,1.2904f,-0.0128f,0.9107f,-0.413f,2.2658f,0.353f,-0.3823f,-0.854f,-0.0698f,0f,0f,0f,1f],start_interpolation: 0,interpolation_duration: 1}
$data merge entity $(bone_rightfoot) {transformation: [-0.9873f,0.011f,0.1585f,0.657f,0.0892f,0.8635f,0.4963f,0.4651f,-0.1314f,0.5041f,-0.8536f,-0.3547f,0f,0f,0f,1f],start_interpolation: 0,interpolation_duration: 1}
$data merge entity $(bone_rightlowerleg) {transformation: [-0.9873f,0.011f,0.1585f,0.6448f,0.0892f,0.8635f,0.4963f,1.3468f,-0.1314f,0.5041f,-0.8536f,0.3358f,0f,0f,0f,1f],start_interpolation: 0,interpolation_duration: 1}
$data merge entity $(bone_rightleg) {transformation: [-0.9845f,0.14f,0.1059f,0.8208f,0.0804f,0.8958f,-0.4371f,2.2799f,-0.1561f,-0.4218f,-0.8932f,-0.0915f,0f,0f,0f,1f],start_interpolation: 0,interpolation_duration: 1}
data modify entity @s data merge value {"cameras":{},"locators":{"lefthand":{"posx":1.4124718015203899,"posy":2.533761768213068,"posz":0.5794006968609396,"roty":68.54990871466097,"rotx":-74.82542649376103},"sword":{"posx":2.2922616935210787,"posy":5.951762631702277,"posz":0.7207462942392058,"roty":288.08268640384796,"rotx":-64.69217475512585},"righthand":{"posx":0.7937802544379224,"posy":2.618173489050527,"posz":0.23146819875807778,"roty":288.08268640384796,"rotx":-64.69217475512585},"chest":{"posx":0.706624639976052,"posy":2.5565205158583413,"posz":0.33841254125174747,"roty":6.678611292219358,"rotx":13.169159101484727}}}