# This file was generated by Animated Java via MC-Build. It is not recommended to edit this file directly.
$data merge entity $(bone_nose) {transformation: [-0.9593f,-0.2103f,-0.1885f,0.5389f,-0.2434f,0.9542f,0.1738f,4.1296f,0.1433f,0.2126f,-0.9666f,0.3618f,0f,0f,0f,1f],start_interpolation: 0,interpolation_duration: 1}
$data merge entity $(bone_glowing_eye) {transformation: [-0.9593f,-0.2103f,-0.1885f,0.4113f,-0.2434f,0.9542f,0.1738f,4.1578f,0.1433f,0.2126f,-0.9666f,0.4278f,0f,0f,0f,1f],start_interpolation: 0,interpolation_duration: 1}
$data merge entity $(bone_head) {transformation: [-0.9593f,-0.2103f,-0.1885f,0.5296f,-0.2434f,0.9542f,0.1738f,4.0443f,0.1433f,0.2126f,-0.9666f,0.1546f,0f,0f,0f,1f],start_interpolation: 0,interpolation_duration: 1}
$data merge entity $(bone_leftthumb2) {transformation: [-0.2473f,0.9435f,0.2206f,0.9447f,-0.0621f,0.2117f,-0.9754f,2.8664f,-0.9669f,-0.2549f,0.0062f,0.6625f,0f,0f,0f,1f],start_interpolation: 0,interpolation_duration: 1}
$data merge entity $(bone_leftthumb) {transformation: [-0.2473f,0.9435f,0.2206f,1.195f,-0.0621f,0.2117f,-0.9754f,2.835f,-0.9669f,-0.2549f,0.0062f,0.6005f,0f,0f,0f,1f],start_interpolation: 0,interpolation_duration: 1}
$data merge entity $(bone_leftpointerfinger) {transformation: [-0.2473f,0.9435f,0.2206f,0.9228f,-0.0621f,0.2117f,-0.9754f,2.7266f,-0.9669f,-0.2549f,0.0062f,0.7902f,0f,0f,0f,1f],start_interpolation: 0,interpolation_duration: 1}
$data merge entity $(bone_leftmidfinger) {transformation: [-0.2473f,0.9435f,0.2206f,0.9572f,-0.0621f,0.2117f,-0.9754f,2.5742f,-0.9669f,-0.2549f,0.0062f,0.7912f,0f,0f,0f,1f],start_interpolation: 0,interpolation_duration: 1}
$data merge entity $(bone_leftringfinger) {transformation: [-0.2473f,0.9435f,0.2206f,0.9917f,-0.0621f,0.2117f,-0.9754f,2.4218f,-0.9669f,-0.2549f,0.0062f,0.7921f,0f,0f,0f,1f],start_interpolation: 0,interpolation_duration: 1}
$data merge entity $(bone_invisibility) {transformation: [0.9591f,-0.1375f,0.2473f,0.9727f,0.1259f,0.9901f,0.0621f,2.7686f,-0.2534f,-0.0284f,0.9669f,0.5808f,0f,0f,0f,1f],start_interpolation: 0,interpolation_duration: 1}
$data merge entity $(bone_swiftness) {transformation: [0.2206f,0.9435f,0.2473f,0.8734f,-0.9754f,0.2117f,0.0621f,2.5538f,0.0062f,-0.2549f,0.9669f,0.5661f,0f,0f,0f,1f],start_interpolation: 0,interpolation_duration: 1}
$data merge entity $(bone_suspicious_stew) {transformation: [0.9483f,0.1988f,0.2473f,0.9698f,-0.2203f,0.9735f,0.0621f,2.5758f,-0.2284f,-0.1134f,0.9669f,0.5939f,0f,0f,0f,1f],start_interpolation: 0,interpolation_duration: 1}
$data merge entity $(bone_log) {transformation: [-0.2473f,0.9435f,0.2206f,1.0749f,-0.0621f,0.2117f,-0.9754f,2.5507f,-0.9669f,-0.2549f,0.0062f,0.4717f,0f,0f,0f,1f],start_interpolation: 0,interpolation_duration: 1}
$data merge entity $(bone_planks) {transformation: [-0.2473f,0.9435f,0.2206f,1.0517f,-0.0621f,0.2117f,-0.9754f,2.5449f,-0.9669f,-0.2549f,0.0062f,0.3811f,0f,0f,0f,1f],start_interpolation: 0,interpolation_duration: 1}
$data merge entity $(bone_lefthand1) {transformation: [-0.2473f,0.9435f,0.2206f,1.3657f,-0.0621f,0.2117f,-0.9754f,2.6496f,-0.9669f,-0.2549f,0.0062f,0.6495f,0f,0f,0f,1f],start_interpolation: 0,interpolation_duration: 1}
$data merge entity $(bone_leftforearm) {transformation: [-0.6113f,0.4283f,0.6655f,1.6312f,-0.0709f,0.8079f,-0.5851f,3.2365f,-0.7882f,-0.4049f,-0.4635f,0.3073f,0f,0f,0f,1f],start_interpolation: 0,interpolation_duration: 1}
$data merge entity $(bone_leftelbow) {transformation: [-0.6113f,0.4283f,0.6655f,1.7115f,-0.0709f,0.8079f,-0.5851f,3.388f,-0.7882f,-0.4049f,-0.4635f,0.2314f,0f,0f,0f,1f],start_interpolation: 0,interpolation_duration: 1}
$data merge entity $(bone_leftarm) {transformation: [-0.5731f,-0.5697f,0.589f,1.2924f,-0.1779f,0.7882f,0.5892f,3.623f,-0.7999f,0.2329f,-0.5531f,0.1961f,0f,0f,0f,1f],start_interpolation: 0,interpolation_duration: 1}
$data merge entity $(bone_rightthumb2) {transformation: [-0.225f,-0.8751f,-0.4285f,0.4904f,0.0471f,0.4295f,-0.9018f,2.7539f,0.9732f,-0.2231f,-0.0554f,0.4163f,0f,0f,0f,1f],start_interpolation: 0,interpolation_duration: 1}
$data merge entity $(bone_rightthumb) {transformation: [-0.225f,-0.8751f,-0.4285f,0.2392f,0.0471f,0.4295f,-0.9018f,2.7821f,0.9732f,-0.2231f,-0.0554f,0.3568f,0f,0f,0f,1f],start_interpolation: 0,interpolation_duration: 1}
$data merge entity $(bone_rightpointerfinger) {transformation: [-0.225f,-0.8751f,-0.4285f,0.4816f,0.0471f,0.4295f,-0.9018f,2.6041f,0.9732f,-0.2231f,-0.0554f,0.5339f,0f,0f,0f,1f],start_interpolation: 0,interpolation_duration: 1}
$data merge entity $(bone_rightmidfinger) {transformation: [-0.225f,-0.8751f,-0.4285f,0.4147f,0.0471f,0.4295f,-0.9018f,2.4632f,0.9732f,-0.2231f,-0.0554f,0.5252f,0f,0f,0f,1f],start_interpolation: 0,interpolation_duration: 1}
$data merge entity $(bone_rightringfinger) {transformation: [-0.225f,-0.8751f,-0.4285f,0.3477f,0.0471f,0.4295f,-0.9018f,2.3222f,0.9732f,-0.2231f,-0.0554f,0.5166f,0f,0f,0f,1f],start_interpolation: 0,interpolation_duration: 1}
$data merge entity $(bone_hugeasssword) {transformation: [-0.8813f,-3.4273f,-1.6784f,0.3034f,0.1845f,1.6823f,-3.5321f,2.552f,3.8118f,-0.8739f,-0.2171f,0.2223f,0f,0f,0f,1f],start_interpolation: 0,interpolation_duration: 1}
$data merge entity $(bone_ice) {transformation: [-0.225f,-0.8751f,-0.4285f,0.3206f,0.0471f,0.4295f,-0.9018f,2.5445f,0.9732f,-0.2231f,-0.0554f,0.2105f,0f,0f,0f,1f],start_interpolation: 0,interpolation_duration: 1}
$data merge entity $(bone_righthand1) {transformation: [-0.225f,-0.8751f,-0.4285f,0.0322f,0.0471f,0.4295f,-0.9018f,2.6355f,0.9732f,-0.2231f,-0.0554f,0.3963f,0f,0f,0f,1f],start_interpolation: 0,interpolation_duration: 1}
$data merge entity $(bone_rightforearm) {transformation: [-0.5534f,-0.6417f,-0.531f,-0.3839f,-0.0373f,0.6559f,-0.7539f,3.1074f,0.8321f,-0.3974f,-0.3869f,0.0702f,0f,0f,0f,1f],start_interpolation: 0,interpolation_duration: 1}
$data merge entity $(bone_rightelbow) {transformation: [-0.5534f,-0.6417f,-0.531f,-0.5043f,-0.0373f,0.6559f,-0.7539f,3.2304f,0.8321f,-0.3974f,-0.3869f,-0.0043f,0f,0f,0f,1f],start_interpolation: 0,interpolation_duration: 1}
$data merge entity $(bone_rightarm) {transformation: [-0.5366f,0.64f,-0.5499f,-0.0908f,0.0469f,0.6733f,0.7379f,3.4026f,0.8426f,0.3702f,-0.3913f,-0.0165f,0f,0f,0f,1f],start_interpolation: 0,interpolation_duration: 1}
$data merge entity $(bone_chest1) {transformation: [-1.0617f,-0.1997f,0.0805f,0.6418f,-0.184f,1.0519f,0.1826f,3.427f,-0.1118f,0.1653f,-1.0648f,-0.0415f,0f,0f,0f,1f],start_interpolation: 0,interpolation_duration: 1}
$data merge entity $(bone_chest1lid) {transformation: [-0.9801f,-0.1843f,0.0743f,0.4041f,-0.1698f,0.971f,0.1685f,2.6395f,-0.1032f,0.1526f,-0.9829f,0.2036f,0f,0f,0f,1f],start_interpolation: 0,interpolation_duration: 1}
$data merge entity $(bone_chest2) {transformation: [-0.9801f,-0.1843f,0.0743f,0.4329f,-0.1698f,0.971f,0.1685f,2.4878f,-0.1032f,0.1526f,-0.9829f,0.1797f,0f,0f,0f,1f],start_interpolation: 0,interpolation_duration: 1}
$data merge entity $(bone_chest1lid3) {transformation: [-0.9801f,-0.1843f,0.0743f,0.513f,-0.1698f,0.971f,0.1685f,2.7581f,-0.1032f,0.1526f,-0.9829f,-0.4196f,0f,0f,0f,1f],start_interpolation: 0,interpolation_duration: 1}
$data merge entity $(bone_chest3) {transformation: [-0.9801f,-0.1843f,0.0743f,0.5418f,-0.1698f,0.971f,0.1685f,2.6064f,-0.1032f,0.1526f,-0.9829f,-0.4435f,0f,0f,0f,1f],start_interpolation: 0,interpolation_duration: 1}
$data merge entity $(bone_hugeasssword2) {transformation: [-0.291f,2.3423f,-3.1256f,-0.7598f,-0.6601f,3.0596f,2.3544f,4.389f,3.8497f,0.7017f,0.1675f,-0.2521f,0f,0f,0f,1f],start_interpolation: 0,interpolation_duration: 1}
$data merge entity $(bone_belt) {transformation: [-0.9801f,-0.1843f,0.0743f,0.7369f,-0.1698f,0.971f,0.1685f,3.0237f,-0.1032f,0.1526f,-0.9829f,0.0297f,0f,0f,0f,1f],start_interpolation: 0,interpolation_duration: 1}
$data merge entity $(bone_torn_part) {transformation: [-0.998f,-0.0263f,0.0578f,0.6443f,-0.0026f,0.9263f,0.3768f,2.7367f,-0.0634f,0.3759f,-0.9245f,-0.0191f,0f,0f,0f,1f],start_interpolation: 0,interpolation_duration: 1}
$data merge entity $(bone_lowerbody) {transformation: [-0.998f,-0.0077f,0.063f,0.7367f,-0.0026f,0.9967f,0.0808f,2.2389f,-0.0634f,0.0805f,-0.9947f,0.0876f,0f,0f,0f,1f],start_interpolation: 0,interpolation_duration: 1}
$data merge entity $(bone_leftfoot) {transformation: [-0.9051f,-0.2856f,-0.3152f,1.7774f,-0.2744f,0.9583f,-0.0801f,0.3145f,0.3249f,0.014f,-0.9457f,0.1276f,0f,0f,0f,1f],start_interpolation: 0,interpolation_duration: 1}
$data merge entity $(bone_leftlowerleg) {transformation: [-0.9051f,-0.2856f,-0.3152f,1.509f,-0.2744f,0.9583f,-0.0801f,1.3899f,0.3249f,0.014f,-0.9457f,0.2884f,0f,0f,0f,1f],start_interpolation: 0,interpolation_duration: 1}
$data merge entity $(bone_leftleg) {transformation: [-0.8703f,-0.4781f,-0.1188f,0.9817f,-0.3794f,0.8043f,-0.4573f,2.2324f,0.3142f,-0.3529f,-0.8813f,-0.054f,0f,0f,0f,1f],start_interpolation: 0,interpolation_duration: 1}
$data merge entity $(bone_rightfoot) {transformation: [-0.9815f,0.1224f,0.147f,0.3018f,0.1756f,0.8813f,0.4387f,0.3304f,-0.0759f,0.4564f,-0.8865f,-0.4627f,0f,0f,0f,1f],start_interpolation: 0,interpolation_duration: 1}
$data merge entity $(bone_rightlowerleg) {transformation: [-0.9815f,0.1224f,0.147f,0.415f,0.1756f,0.8813f,0.4387f,1.2407f,-0.0759f,0.4564f,-0.8865f,0.1798f,0f,0f,0f,1f],start_interpolation: 0,interpolation_duration: 1}
$data merge entity $(bone_rightleg) {transformation: [-0.9962f,0.0405f,-0.0769f,0.4841f,0.0599f,0.9614f,-0.2684f,2.2477f,0.0631f,-0.272f,-0.9602f,-0.0944f,0f,0f,0f,1f],start_interpolation: 0,interpolation_duration: 1}
data modify entity @s data merge value {"cameras":{},"locators":{"lefthand":{"posx":1.0209617738905465,"posy":2.5552134091333842,"posz":0.5821770929450514,"roty":91.61604926144693,"rotx":-77.2530898729808},"sword":{"posx":1.9000531296648124,"posy":5.881805581477199,"posz":0.5104854412224076,"roty":277.36866863160174,"rotx":-64.39894598785997},"righthand":{"posx":0.3198347513365382,"posy":2.5563274515374634,"posz":0.30612954068100123,"roty":277.36866863160174,"rotx":-64.39894598785997},"chest":{"posx":0.3734044899908374,"posy":2.54717394900562,"posz":0.3443975584445938,"roty":4.322863726295708,"rotx":9.703324083990118}}}