# This file was generated by Animated Java via MC-Build. It is not recommended to edit this file directly.
$data merge entity $(bone_nose) {transformation: [-0.9942f,-0.0914f,0.0566f,-0.2653f,-0.0944f,0.9941f,-0.054f,4.2344f,-0.0513f,-0.059f,-0.9969f,0.229f,0f,0f,0f,1f],start_interpolation: 0,interpolation_duration: 1}
$data merge entity $(bone_glowing_eye) {transformation: [-0.9942f,-0.0914f,0.0566f,-0.3978f,-0.0944f,0.9941f,-0.054f,4.2918f,-0.0513f,-0.059f,-0.9969f,0.2534f,0f,0f,0f,1f],start_interpolation: 0,interpolation_duration: 1}
$data merge entity $(bone_head) {transformation: [-0.9942f,-0.0914f,0.0566f,-0.2435f,-0.0944f,0.9941f,-0.054f,4.1015f,-0.0513f,-0.059f,-0.9969f,0.0496f,0f,0f,0f,1f],start_interpolation: 0,interpolation_duration: 1}
$data merge entity $(bone_leftthumb2) {transformation: [-0.9843f,0.1213f,0.1282f,0.5225f,-0.0079f,0.6954f,-0.7186f,2.437f,-0.1763f,-0.7083f,-0.6835f,0.8955f,0f,0f,0f,1f],start_interpolation: 0,interpolation_duration: 1}
$data merge entity $(bone_leftthumb) {transformation: [-0.9843f,0.1213f,0.1282f,0.5632f,-0.0079f,0.6954f,-0.7186f,2.5461f,-0.1763f,-0.7083f,-0.6835f,0.6634f,0f,0f,0f,1f],start_interpolation: 0,interpolation_duration: 1}
$data merge entity $(bone_leftpointerfinger) {transformation: [-0.9843f,0.1213f,0.1282f,0.637f,-0.0079f,0.6954f,-0.7186f,2.2851f,-0.1763f,-0.7083f,-0.6835f,0.8831f,0f,0f,0f,1f],start_interpolation: 0,interpolation_duration: 1}
$data merge entity $(bone_leftmidfinger) {transformation: [-0.9843f,0.1213f,0.1282f,0.657f,-0.0079f,0.6954f,-0.7186f,2.1728f,-0.1763f,-0.7083f,-0.6835f,0.7763f,0f,0f,0f,1f],start_interpolation: 0,interpolation_duration: 1}
$data merge entity $(bone_leftringfinger) {transformation: [-0.9843f,0.1213f,0.1282f,0.6771f,-0.0079f,0.6954f,-0.7186f,2.0605f,-0.1763f,-0.7083f,-0.6835f,0.6695f,0f,0f,0f,1f],start_interpolation: 0,interpolation_duration: 1}
$data merge entity $(bone_invisibility) {transformation: [0.132f,-0.1171f,0.9843f,0.4617f,0.6301f,0.7765f,0.0079f,2.3821f,-0.7652f,0.6192f,0.1763f,0.7939f,0f,0f,0f,1f],start_interpolation: 0,interpolation_duration: 1}
$data merge entity $(bone_swiftness) {transformation: [0.1282f,0.1213f,0.9843f,0.4181f,-0.7186f,0.6954f,0.0079f,2.1528f,-0.6835f,-0.7083f,0.1763f,0.7525f,0f,0f,0f,1f],start_interpolation: 0,interpolation_duration: 1}
$data merge entity $(bone_suspicious_stew) {transformation: [0.1641f,-0.0649f,0.9843f,0.4801f,0.3266f,0.9451f,0.0079f,2.2148f,-0.9308f,0.3201f,0.1763f,0.6989f,0f,0f,0f,1f],start_interpolation: 0,interpolation_duration: 1}
$data merge entity $(bone_log) {transformation: [-0.9843f,0.1213f,0.1282f,0.409f,-0.0079f,0.6954f,-0.7186f,2.2673f,-0.1763f,-0.7083f,-0.6835f,0.5618f,0f,0f,0f,1f],start_interpolation: 0,interpolation_duration: 1}
$data merge entity $(bone_planks) {transformation: [-0.9843f,0.1213f,0.1282f,0.3167f,-0.0079f,0.6954f,-0.7186f,2.2666f,-0.1763f,-0.7083f,-0.6835f,0.5453f,0f,0f,0f,1f],start_interpolation: 0,interpolation_duration: 1}
$data merge entity $(bone_lefthand1) {transformation: [-0.9843f,0.1213f,0.1282f,0.6814f,-0.0079f,0.6954f,-0.7186f,2.4656f,-0.1763f,-0.7083f,-0.6835f,0.4502f,0f,0f,0f,1f],start_interpolation: 0,interpolation_duration: 1}
$data merge entity $(bone_leftforearm) {transformation: [-0.8467f,0.2496f,0.47f,0.8127f,0.0004f,0.8834f,-0.4685f,3.1041f,-0.5321f,-0.3965f,-0.7481f,0.1443f,0f,0f,0f,1f],start_interpolation: 0,interpolation_duration: 1}
$data merge entity $(bone_leftelbow) {transformation: [-0.8467f,0.2496f,0.47f,0.8595f,0.0004f,0.8834f,-0.4685f,3.2698f,-0.5321f,-0.3965f,-0.7481f,0.0699f,0f,0f,0f,1f],start_interpolation: 0,interpolation_duration: 1}
$data merge entity $(bone_leftarm) {transformation: [-0.8224f,-0.3287f,0.4643f,0.5015f,-0.1102f,0.8928f,0.4368f,3.6006f,-0.5581f,0.3081f,-0.7705f,0.1278f,0f,0f,0f,1f],start_interpolation: 0,interpolation_duration: 1}
$data merge entity $(bone_rightthumb2) {transformation: [-0.6653f,-0.2258f,-0.7116f,-0.7554f,-0.0276f,0.96f,-0.2788f,2.064f,0.7461f,-0.1658f,-0.6449f,0.7021f,0f,0f,0f,1f],start_interpolation: 0,interpolation_duration: 1}
$data merge entity $(bone_rightthumb) {transformation: [-0.6653f,-0.2258f,-0.7116f,-0.8716f,-0.0276f,0.96f,-0.2788f,2.2756f,0.7461f,-0.1658f,-0.6449f,0.6063f,0f,0f,0f,1f],start_interpolation: 0,interpolation_duration: 1}
$data merge entity $(bone_rightpointerfinger) {transformation: [-0.6653f,-0.2258f,-0.7116f,-0.9036f,-0.0276f,0.96f,-0.2788f,1.9445f,0.7461f,-0.1658f,-0.6449f,0.7121f,0f,0f,0f,1f],start_interpolation: 0,interpolation_duration: 1}
$data merge entity $(bone_rightmidfinger) {transformation: [-0.6653f,-0.2258f,-0.7116f,-1.0148f,-0.0276f,0.96f,-0.2788f,1.901f,0.7461f,-0.1658f,-0.6449f,0.6113f,0f,0f,0f,1f],start_interpolation: 0,interpolation_duration: 1}
$data merge entity $(bone_rightringfinger) {transformation: [-0.6653f,-0.2258f,-0.7116f,-1.126f,-0.0276f,0.96f,-0.2788f,1.8574f,0.7461f,-0.1658f,-0.6449f,0.5105f,0f,0f,0f,1f],start_interpolation: 0,interpolation_duration: 1}
$data merge entity $(bone_hugeasssword) {transformation: [-2.6056f,-0.8843f,-2.7873f,-0.8729f,-0.1081f,3.7599f,-1.0918f,2.1077f,2.9222f,-0.6494f,-2.5257f,0.3895f,0f,0f,0f,1f],start_interpolation: 0,interpolation_duration: 1}
$data merge entity $(bone_ice) {transformation: [-0.6653f,-0.2258f,-0.7116f,-0.8589f,-0.0276f,0.96f,-0.2788f,2.0931f,0.7461f,-0.1658f,-0.6449f,0.3805f,0f,0f,0f,1f],start_interpolation: 0,interpolation_duration: 1}
$data merge entity $(bone_righthand1) {transformation: [-0.6653f,-0.2258f,-0.7116f,-1.104f,-0.0276f,0.96f,-0.2788f,2.3175f,0.7461f,-0.1658f,-0.6449f,0.5054f,0f,0f,0f,1f],start_interpolation: 0,interpolation_duration: 1}
$data merge entity $(bone_rightforearm) {transformation: [-0.5325f,-0.147f,-0.8336f,-1.1674f,0.171f,0.9458f,-0.276f,2.9758f,0.829f,-0.2895f,-0.4785f,0.2641f,0f,0f,0f,1f],start_interpolation: 0,interpolation_duration: 1}
$data merge entity $(bone_rightelbow) {transformation: [-0.5325f,-0.147f,-0.8336f,-1.1949f,0.171f,0.9458f,-0.276f,3.1531f,0.829f,-0.2895f,-0.4785f,0.2098f,0f,0f,0f,1f],start_interpolation: 0,interpolation_duration: 1}
$data merge entity $(bone_rightarm) {transformation: [-0.5025f,0.3995f,-0.7667f,-0.8845f,0.2765f,0.9145f,0.2954f,3.4901f,0.8192f,-0.0636f,-0.57f,0.018f,0f,0f,0f,1f],start_interpolation: 0,interpolation_duration: 1}
$data merge entity $(bone_chest1) {transformation: [-1.0804f,-0.0651f,0.0459f,-0.1968f,-0.06f,1.0757f,0.1131f,3.4521f,-0.0524f,0.1102f,-1.0764f,-0.0723f,0f,0f,0f,1f],start_interpolation: 0,interpolation_duration: 1}
$data merge entity $(bone_chest1lid) {transformation: [-0.9973f,-0.0601f,0.0424f,-0.5128f,-0.0554f,0.993f,0.1044f,2.7137f,-0.0483f,0.1017f,-0.9936f,0.2304f,0f,0f,0f,1f],start_interpolation: 0,interpolation_duration: 1}
$data merge entity $(bone_chest2) {transformation: [-0.9973f,-0.0601f,0.0424f,-0.5034f,-0.0554f,0.993f,0.1044f,2.5585f,-0.0483f,0.1017f,-0.9936f,0.2145f,0f,0f,0f,1f],start_interpolation: 0,interpolation_duration: 1}
$data merge entity $(bone_chest1lid3) {transformation: [-0.9973f,-0.0601f,0.0424f,-0.4233f,-0.0554f,0.993f,0.1044f,2.784f,-0.0483f,0.1017f,-0.9936f,-0.4031f,0f,0f,0f,1f],start_interpolation: 0,interpolation_duration: 1}
$data merge entity $(bone_chest3) {transformation: [-0.9973f,-0.0601f,0.0424f,-0.4139f,-0.0554f,0.993f,0.1044f,2.6289f,-0.0483f,0.1017f,-0.9936f,-0.419f,0f,0f,0f,1f],start_interpolation: 0,interpolation_duration: 1}
$data merge entity $(bone_hugeasssword2) {transformation: [-0.166f,2.7209f,-2.8124f,-1.484f,-0.4088f,2.7875f,2.7209f,4.5637f,3.8917f,0.4088f,0.1659f,-0.2771f,0f,0f,0f,1f],start_interpolation: 0,interpolation_duration: 1}
$data merge entity $(bone_belt) {transformation: [-0.9973f,-0.0601f,0.0424f,-0.1464f,-0.0554f,0.993f,0.1044f,3.0447f,-0.0483f,0.1017f,-0.9936f,0.0187f,0f,0f,0f,1f],start_interpolation: 0,interpolation_duration: 1}
$data merge entity $(bone_torn_part) {transformation: [-0.9959f,0.0679f,0.0604f,-0.2705f,0.0845f,0.9365f,0.3403f,2.7664f,-0.0334f,0.344f,-0.9384f,-0.013f,0f,0f,0f,1f],start_interpolation: 0,interpolation_duration: 1}
$data merge entity $(bone_lowerbody) {transformation: [-0.9959f,0.0829f,0.0371f,-0.2189f,0.0845f,0.9955f,0.043f,2.2661f,-0.0334f,0.0459f,-0.9984f,0.1083f,0f,0f,0f,1f],start_interpolation: 0,interpolation_duration: 1}
$data merge entity $(bone_leftfoot) {transformation: [-0.9551f,-0.1807f,-0.235f,0.6234f,-0.2181f,0.9652f,0.1442f,0.3301f,0.2008f,0.189f,-0.9612f,0.0309f,0f,0f,0f,1f],start_interpolation: 0,interpolation_duration: 1}
$data merge entity $(bone_leftlowerleg) {transformation: [-0.9551f,-0.1807f,-0.235f,0.459f,-0.2181f,0.9652f,0.1442f,1.3788f,0.2008f,0.189f,-0.9612f,0.3883f,0f,0f,0f,1f],start_interpolation: 0,interpolation_duration: 1}
$data merge entity $(bone_leftleg) {transformation: [-0.9156f,-0.3858f,-0.1131f,0.0257f,-0.2811f,0.8155f,-0.506f,2.2298f,0.2874f,-0.4315f,-0.8551f,-0.0396f,0f,0f,0f,1f],start_interpolation: 0,interpolation_duration: 1}
$data merge entity $(bone_rightfoot) {transformation: [-0.974f,0.1983f,-0.1099f,-0.9528f,0.191f,0.9788f,0.0737f,0.2055f,0.1222f,0.0508f,-0.9912f,-0.315f,0f,0f,0f,1f],start_interpolation: 0,interpolation_duration: 1}
$data merge entity $(bone_rightlowerleg) {transformation: [-0.974f,0.1983f,-0.1099f,-0.7159f,0.191f,0.9788f,0.0737f,1.2801f,0.1222f,0.0508f,-0.9912f,-0.1063f,0f,0f,0f,1f],start_interpolation: 0,interpolation_duration: 1}
$data merge entity $(bone_rightleg) {transformation: [-0.977f,0.2062f,0.0542f,-0.4628f,0.2062f,0.9785f,-0.0051f,2.3107f,-0.054f,0.0062f,-0.9985f,-0.0711f,0f,0f,0f,1f],start_interpolation: 0,interpolation_duration: 1}
data modify entity @s data merge value {"cameras":{},"locators":{"lefthand":{"posx":0.4897604318699109,"posy":2.2249364854105744,"posz":0.6443712261108124,"roty":10.619933463503116,"rotx":-45.93795089648294},"sword":{"posx":1.7175198092933606,"posy":3.1078162398353064,"posz":2.8410127994804455,"roty":312.18169290326705,"rotx":-16.186500169995284},"righthand":{"posx":-0.9066701561343501,"posy":2.0798709023753985,"posz":0.46307006288165503,"roty":312.18169290326705,"rotx":-16.186500169995284},"chest":{"posx":-0.5468138104270098,"posy":2.633590638922658,"posz":0.37782958637964104,"roty":2.4418696261106163,"rotx":5.990988719312575}}}