# This file was generated by Animated Java via MC-Build. It is not recommended to edit this file directly.
$data merge entity $(bone_nose) {transformation: [-0.9881f,-0.1226f,0.093f,-0.2066f,-0.1278f,0.9904f,-0.0527f,4.2337f,-0.0856f,-0.064f,-0.9943f,0.1978f,0f,0f,0f,1f],start_interpolation: 0,interpolation_duration: 1}
$data merge entity $(bone_glowing_eye) {transformation: [-0.9881f,-0.1226f,0.093f,-0.3416f,-0.1278f,0.9904f,-0.0527f,4.2866f,-0.0856f,-0.064f,-0.9943f,0.2175f,0f,0f,0f,1f],start_interpolation: 0,interpolation_duration: 1}
$data merge entity $(bone_head) {transformation: [-0.9881f,-0.1226f,0.093f,-0.174f,-0.1278f,0.9904f,-0.0527f,4.1015f,-0.0856f,-0.064f,-0.9943f,0.0195f,0f,0f,0f,1f],start_interpolation: 0,interpolation_duration: 1}
$data merge entity $(bone_leftthumb2) {transformation: [-0.9674f,-0.2527f,-0.0161f,0.7575f,-0.221f,0.8736f,-0.4336f,2.1722f,0.1236f,-0.4159f,-0.901f,0.8078f,0f,0f,0f,1f],start_interpolation: 0,interpolation_duration: 1}
$data merge entity $(bone_leftthumb) {transformation: [-0.9674f,-0.2527f,-0.0161f,0.6941f,-0.221f,0.8736f,-0.4336f,2.3494f,0.1236f,-0.4159f,-0.901f,0.6288f,0f,0f,0f,1f],start_interpolation: 0,interpolation_duration: 1}
$data merge entity $(bone_leftpointerfinger) {transformation: [-0.9674f,-0.2527f,-0.0161f,0.8821f,-0.221f,0.8736f,-0.4336f,2.0665f,0.1236f,-0.4159f,-0.901f,0.7096f,0f,0f,0f,1f],start_interpolation: 0,interpolation_duration: 1}
$data merge entity $(bone_leftmidfinger) {transformation: [-0.9674f,-0.2527f,-0.0161f,0.8796f,-0.221f,0.8736f,-0.4336f,1.9988f,0.1236f,-0.4159f,-0.901f,0.5688f,0f,0f,0f,1f],start_interpolation: 0,interpolation_duration: 1}
$data merge entity $(bone_leftringfinger) {transformation: [-0.9674f,-0.2527f,-0.0161f,0.8771f,-0.221f,0.8736f,-0.4336f,1.9311f,0.1236f,-0.4159f,-0.901f,0.428f,0f,0f,0f,1f],start_interpolation: 0,interpolation_duration: 1}
$data merge entity $(bone_invisibility) {transformation: [-0.2531f,-0.006f,0.9674f,0.6736f,0.8325f,0.5081f,0.221f,2.1342f,-0.4928f,0.8613f,-0.1236f,0.7154f,0f,0f,0f,1f],start_interpolation: 0,interpolation_duration: 1}
$data merge entity $(bone_swiftness) {transformation: [-0.0161f,-0.2527f,0.9674f,0.6544f,-0.4336f,0.8736f,0.221f,1.9231f,-0.901f,-0.4159f,-0.1236f,0.6092f,0f,0f,0f,1f],start_interpolation: 0,interpolation_duration: 1}
$data merge entity $(bone_suspicious_stew) {transformation: [-0.2358f,-0.0922f,0.9674f,0.6824f,0.6085f,0.7622f,0.221f,2.012f,-0.7577f,0.6408f,-0.1236f,0.566f,0f,0f,0f,1f],start_interpolation: 0,interpolation_duration: 1}
$data merge entity $(bone_log) {transformation: [-0.9674f,-0.2527f,-0.0161f,0.5594f,-0.221f,0.8736f,-0.4336f,2.0801f,0.1236f,-0.4159f,-0.901f,0.4833f,0f,0f,0f,1f],start_interpolation: 0,interpolation_duration: 1}
$data merge entity $(bone_planks) {transformation: [-0.9674f,-0.2527f,-0.0161f,0.4687f,-0.221f,0.8736f,-0.4336f,2.0594f,0.1236f,-0.4159f,-0.901f,0.4949f,0f,0f,0f,1f],start_interpolation: 0,interpolation_duration: 1}
$data merge entity $(bone_lefthand1) {transformation: [-0.9674f,-0.2527f,-0.0161f,0.7386f,-0.221f,0.8736f,-0.4336f,2.3673f,0.1236f,-0.4159f,-0.901f,0.3766f,0f,0f,0f,1f],start_interpolation: 0,interpolation_duration: 1}
$data merge entity $(bone_leftforearm) {transformation: [-0.7953f,0.2207f,0.5646f,0.8597f,0.0251f,0.9426f,-0.3331f,3.0438f,-0.6056f,-0.2507f,-0.7552f,0.1731f,0f,0f,0f,1f],start_interpolation: 0,interpolation_duration: 1}
$data merge entity $(bone_leftelbow) {transformation: [-0.7953f,0.2207f,0.5646f,0.9011f,0.0251f,0.9426f,-0.3331f,3.2205f,-0.6056f,-0.2507f,-0.7552f,0.1261f,0f,0f,0f,1f],start_interpolation: 0,interpolation_duration: 1}
$data merge entity $(bone_leftarm) {transformation: [-0.7679f,-0.3105f,0.5603f,0.56f,-0.0839f,0.9159f,0.3926f,3.5861f,-0.635f,0.2545f,-0.7294f,0.1361f,0f,0f,0f,1f],start_interpolation: 0,interpolation_duration: 1}
$data merge entity $(bone_rightthumb2) {transformation: [-0.8519f,-0.0441f,-0.5218f,-0.8912f,0.1221f,0.9523f,-0.2798f,2.0643f,0.5093f,-0.302f,-0.8059f,0.8539f,0f,0f,0f,1f],start_interpolation: 0,interpolation_duration: 1}
$data merge entity $(bone_rightthumb) {transformation: [-0.8519f,-0.0441f,-0.5218f,-0.9466f,0.1221f,0.9523f,-0.2798f,2.2739f,0.5093f,-0.302f,-0.8059f,0.711f,0f,0f,0f,1f],start_interpolation: 0,interpolation_duration: 1}
$data merge entity $(bone_rightpointerfinger) {transformation: [-0.8519f,-0.0441f,-0.5218f,-1.0498f,0.1221f,0.9523f,-0.2798f,1.9617f,0.5093f,-0.302f,-0.8059f,0.828f,0f,0f,0f,1f],start_interpolation: 0,interpolation_duration: 1}
$data merge entity $(bone_rightmidfinger) {transformation: [-0.8519f,-0.0441f,-0.5218f,-1.1313f,0.1221f,0.9523f,-0.2798f,1.918f,0.5093f,-0.302f,-0.8059f,0.7021f,0f,0f,0f,1f],start_interpolation: 0,interpolation_duration: 1}
$data merge entity $(bone_rightringfinger) {transformation: [-0.8519f,-0.0441f,-0.5218f,-1.2128f,0.1221f,0.9523f,-0.2798f,1.8743f,0.5093f,-0.302f,-0.8059f,0.5762f,0f,0f,0f,1f],start_interpolation: 0,interpolation_duration: 1}
$data merge entity $(bone_hugeasssword) {transformation: [-3.3367f,-0.1726f,-2.0438f,-0.9058f,0.4782f,3.7297f,-1.0957f,2.0834f,1.9946f,-1.183f,-3.1563f,0.5181f,0f,0f,0f,1f],start_interpolation: 0,interpolation_duration: 1}
$data merge entity $(bone_ice) {transformation: [-0.8519f,-0.0441f,-0.5218f,-0.8918f,0.1221f,0.9523f,-0.2798f,2.0666f,0.5093f,-0.302f,-0.8059f,0.5148f,0f,0f,0f,1f],start_interpolation: 0,interpolation_duration: 1}
$data merge entity $(bone_righthand1) {transformation: [-0.8519f,-0.0441f,-0.5218f,-1.1321f,0.1221f,0.9523f,-0.2798f,2.3264f,0.5093f,-0.302f,-0.8059f,0.5414f,0f,0f,0f,1f],start_interpolation: 0,interpolation_duration: 1}
$data merge entity $(bone_rightforearm) {transformation: [-0.6105f,-0.0278f,-0.7915f,-1.1095f,0.2502f,0.9414f,-0.2261f,2.9773f,0.7515f,-0.336f,-0.5678f,0.2708f,0f,0f,0f,1f],start_interpolation: 0,interpolation_duration: 1}
$data merge entity $(bone_rightelbow) {transformation: [-0.6105f,-0.0278f,-0.7915f,-1.1147f,0.2502f,0.9414f,-0.2261f,3.1538f,0.7515f,-0.336f,-0.5678f,0.2078f,0f,0f,0f,1f],start_interpolation: 0,interpolation_duration: 1}
$data merge entity $(bone_rightarm) {transformation: [-0.5791f,0.3446f,-0.7389f,-0.808f,0.3546f,0.9225f,0.1523f,3.4986f,0.7341f,-0.1739f,-0.6564f,-0.0148f,0f,0f,0f,1f],start_interpolation: 0,interpolation_duration: 1}
$data merge entity $(bone_chest1) {transformation: [-1.0789f,-0.045f,0.0868f,-0.1274f,-0.0379f,1.079f,0.0885f,3.4507f,-0.0901f,0.0851f,-1.0762f,-0.0905f,0f,0f,0f,1f],start_interpolation: 0,interpolation_duration: 1}
$data merge entity $(bone_chest1lid) {transformation: [-0.9959f,-0.0415f,0.0801f,-0.4704f,-0.035f,0.996f,0.0817f,2.726f,-0.0832f,0.0786f,-0.9934f,0.2161f,0f,0f,0f,1f],start_interpolation: 0,interpolation_duration: 1}
$data merge entity $(bone_chest2) {transformation: [-0.9959f,-0.0415f,0.0801f,-0.4639f,-0.035f,0.996f,0.0817f,2.5704f,-0.0832f,0.0786f,-0.9934f,0.2039f,0f,0f,0f,1f],start_interpolation: 0,interpolation_duration: 1}
$data merge entity $(bone_chest1lid3) {transformation: [-0.9959f,-0.0415f,0.0801f,-0.3568f,-0.035f,0.996f,0.0817f,2.7805f,-0.0832f,0.0786f,-0.9934f,-0.4151f,0f,0f,0f,1f],start_interpolation: 0,interpolation_duration: 1}
$data merge entity $(bone_chest3) {transformation: [-0.9959f,-0.0415f,0.0801f,-0.3503f,-0.035f,0.996f,0.0817f,2.6249f,-0.0832f,0.0786f,-0.9934f,-0.4274f,0f,0f,0f,1f],start_interpolation: 0,interpolation_duration: 1}
$data merge entity $(bone_hugeasssword2) {transformation: [-0.3137f,2.766f,-2.7552f,-1.3814f,-0.32f,2.7366f,2.7837f,4.5849f,3.8909f,0.4481f,0.0068f,-0.365f,0f,0f,0f,1f],start_interpolation: 0,interpolation_duration: 1}
$data merge entity $(bone_belt) {transformation: [-0.9959f,-0.0415f,0.0801f,-0.0894f,-0.035f,0.996f,0.0817f,3.0443f,-0.0832f,0.0786f,-0.9934f,0.0109f,0f,0f,0f,1f],start_interpolation: 0,interpolation_duration: 1}
$data merge entity $(bone_torn_part) {transformation: [-0.9918f,0.078f,0.101f,-0.2186f,0.1062f,0.9431f,0.3151f,2.7682f,-0.0707f,0.3232f,-0.9437f,-0.0189f,0f,0f,0f,1f],start_interpolation: 0,interpolation_duration: 1}
$data merge entity $(bone_lowerbody) {transformation: [-0.9918f,0.1048f,0.0729f,-0.1832f,0.1062f,0.9942f,0.0169f,2.27f,-0.0707f,0.0245f,-0.9972f,0.1162f,0f,0f,0f,1f],start_interpolation: 0,interpolation_duration: 1}
$data merge entity $(bone_leftfoot) {transformation: [-0.9529f,-0.1498f,-0.2638f,0.5328f,-0.1872f,0.9747f,0.1226f,0.2638f,0.2387f,0.1662f,-0.9568f,0.0498f,0f,0f,0f,1f],start_interpolation: 0,interpolation_duration: 1}
$data merge entity $(bone_leftlowerleg) {transformation: [-0.9529f,-0.1498f,-0.2638f,0.4071f,-0.1872f,0.9747f,0.1226f,1.3262f,0.2387f,0.1662f,-0.9568f,0.3812f,0f,0f,0f,1f],start_interpolation: 0,interpolation_duration: 1}
$data merge entity $(bone_leftleg) {transformation: [-0.9464f,-0.3012f,-0.1166f,0.0638f,-0.2176f,0.8614f,-0.459f,2.2292f,0.2387f,-0.409f,-0.8807f,-0.0246f,0f,0f,0f,1f],start_interpolation: 0,interpolation_duration: 1}
$data merge entity $(bone_rightfoot) {transformation: [-0.9779f,0.1909f,-0.0856f,-0.9078f,0.1838f,0.9794f,0.0838f,0.2148f,0.0998f,0.0662f,-0.9928f,-0.3233f,0f,0f,0f,1f],start_interpolation: 0,interpolation_duration: 1}
$data merge entity $(bone_rightlowerleg) {transformation: [-0.9779f,0.1909f,-0.0856f,-0.683f,0.1838f,0.9794f,0.0838f,1.2884f,0.0998f,0.0662f,-0.9928f,-0.0974f,0f,0f,0f,1f],start_interpolation: 0,interpolation_duration: 1}
$data merge entity $(bone_rightleg) {transformation: [-0.9733f,0.2157f,0.0785f,-0.4203f,0.2147f,0.9764f,-0.0218f,2.3161f,-0.0814f,-0.0044f,-0.9967f,-0.0726f,0f,0f,0f,1f],start_interpolation: 0,interpolation_duration: 1}
data modify entity @s data merge value {"cameras":{},"locators":{"lefthand":{"posx":0.6700646388004475,"posy":2.0393664163518452,"posz":0.5183100413854056,"roty":358.9767986878445,"rotx":-25.69545129639207},"sword":{"posx":0.9613941616346295,"posy":3.099108515614767,"posz":3.551527898190002,"roty":327.07582222930375,"rotx":-16.24570602316273},"righthand":{"posx":-0.9628394051647896,"posy":2.067504344930308,"posz":0.5798660288938307,"roty":327.07582222930375,"rotx":-16.24570602316273},"chest":{"posx":-0.5114324736246388,"posy":2.6498930574728217,"posz":0.3638569323774727,"roty":4.609813679953646,"rotx":4.6857237465083115}}}