# This file was generated by Animated Java via MC-Build. It is not recommended to edit this file directly.
$data merge entity $(bone_nose) {transformation: [-0.9821f,-0.1308f,0.1356f,-0.0244f,-0.1348f,0.9907f,-0.0205f,4.2076f,-0.1316f,-0.0384f,-0.9906f,0.1301f,0f,0f,0f,1f],start_interpolation: 0,interpolation_duration: 1}
$data merge entity $(bone_glowing_eye) {transformation: [-0.9821f,-0.1308f,0.1356f,-0.1608f,-0.1348f,0.9907f,-0.0205f,4.2585f,-0.1316f,-0.0384f,-0.9906f,0.1456f,0f,0f,0f,1f],start_interpolation: 0,interpolation_duration: 1}
$data merge entity $(bone_head) {transformation: [-0.9821f,-0.1308f,0.1356f,0.0171f,-0.1348f,0.9907f,-0.0205f,4.0814f,-0.1316f,-0.0384f,-0.9906f,-0.0507f,0f,0f,0f,1f],start_interpolation: 0,interpolation_duration: 1}
$data merge entity $(bone_leftthumb2) {transformation: [-0.8394f,-0.3993f,-0.3688f,1.1126f,-0.3792f,0.9163f,-0.1289f,1.8888f,0.3894f,0.0316f,-0.9205f,0.6693f,0f,0f,0f,1f],start_interpolation: 0,interpolation_duration: 1}
$data merge entity $(bone_leftthumb) {transformation: [-0.8394f,-0.3993f,-0.3688f,0.9832f,-0.3792f,0.9163f,-0.1289f,2.1025f,0.3894f,0.0316f,-0.9205f,0.5984f,0f,0f,0f,1f],start_interpolation: 0,interpolation_duration: 1}
$data merge entity $(bone_leftpointerfinger) {transformation: [-0.8394f,-0.3993f,-0.3688f,1.1887f,-0.3792f,0.9163f,-0.1289f,1.8373f,0.3894f,0.0316f,-0.9205f,0.5023f,0f,0f,0f,1f],start_interpolation: 0,interpolation_duration: 1}
$data merge entity $(bone_leftmidfinger) {transformation: [-0.8394f,-0.3993f,-0.3688f,1.1311f,-0.3792f,0.9163f,-0.1289f,1.8172f,0.3894f,0.0316f,-0.9205f,0.3584f,0f,0f,0f,1f],start_interpolation: 0,interpolation_duration: 1}
$data merge entity $(bone_leftringfinger) {transformation: [-0.8394f,-0.3993f,-0.3688f,1.0734f,-0.3792f,0.9163f,-0.1289f,1.797f,0.3894f,0.0316f,-0.9205f,0.2146f,0f,0f,0f,1f],start_interpolation: 0,interpolation_duration: 1}
$data merge entity $(bone_invisibility) {transformation: [-0.4299f,0.3326f,0.8394f,0.9992f,0.9016f,0.2083f,0.3792f,1.8705f,-0.0487f,0.9198f,-0.3894f,0.6075f,0f,0f,0f,1f],start_interpolation: 0,interpolation_duration: 1}
$data merge entity $(bone_swiftness) {transformation: [-0.3688f,-0.3993f,0.8394f,0.9404f,-0.1289f,0.9163f,0.3792f,1.7025f,-0.9205f,0.0316f,-0.3894f,0.4509f,0f,0f,0f,1f],start_interpolation: 0,interpolation_duration: 1}
$data merge entity $(bone_suspicious_stew) {transformation: [-0.5177f,0.1655f,0.8394f,0.9487f,0.776f,0.5041f,0.3792f,1.8033f,-0.3604f,0.8477f,-0.3894f,0.4334f,0f,0f,0f,1f],start_interpolation: 0,interpolation_duration: 1}
$data merge entity $(bone_log) {transformation: [-0.8394f,-0.3993f,-0.3688f,0.8028f,-0.3792f,0.9163f,-0.1289f,1.8763f,0.3894f,0.0316f,-0.9205f,0.4307f,0f,0f,0f,1f],start_interpolation: 0,interpolation_duration: 1}
$data merge entity $(bone_planks) {transformation: [-0.8394f,-0.3993f,-0.3688f,0.7241f,-0.3792f,0.9163f,-0.1289f,1.8407f,0.3894f,0.0316f,-0.9205f,0.4672f,0f,0f,0f,1f],start_interpolation: 0,interpolation_duration: 1}
$data merge entity $(bone_lefthand1) {transformation: [-0.8394f,-0.3993f,-0.3688f,0.9244f,-0.3792f,0.9163f,-0.1289f,2.2042f,0.3894f,0.0316f,-0.9205f,0.3701f,0f,0f,0f,1f],start_interpolation: 0,interpolation_duration: 1}
$data merge entity $(bone_leftforearm) {transformation: [-0.7495f,0.0712f,0.6582f,0.9499f,-0.0027f,0.9939f,-0.1106f,2.9056f,-0.662f,-0.0846f,-0.7447f,0.287f,0f,0f,0f,1f],start_interpolation: 0,interpolation_duration: 1}
$data merge entity $(bone_leftelbow) {transformation: [-0.7495f,0.0712f,0.6582f,0.9633f,-0.0027f,0.9939f,-0.1106f,3.0919f,-0.662f,-0.0846f,-0.7447f,0.2712f,0f,0f,0f,1f],start_interpolation: 0,interpolation_duration: 1}
$data merge entity $(bone_leftarm) {transformation: [-0.7222f,-0.1426f,0.6769f,0.7124f,-0.1126f,0.9897f,0.0884f,3.5411f,-0.6825f,-0.0124f,-0.7308f,0.1366f,0f,0f,0f,1f],start_interpolation: 0,interpolation_duration: 1}
$data merge entity $(bone_rightthumb2) {transformation: [-0.9333f,0.2828f,-0.2213f,-1.0517f,0.3461f,0.8727f,-0.3444f,2.1091f,0.0958f,-0.398f,-0.9124f,0.9512f,0f,0f,0f,1f],start_interpolation: 0,interpolation_duration: 1}
$data merge entity $(bone_rightthumb) {transformation: [-0.9333f,0.2828f,-0.2213f,-1.0013f,0.3461f,0.8727f,-0.3444f,2.2937f,0.0958f,-0.398f,-0.9124f,0.7756f,0f,0f,0f,1f],start_interpolation: 0,interpolation_duration: 1}
$data merge entity $(bone_rightpointerfinger) {transformation: [-0.9333f,0.2828f,-0.2213f,-1.2065f,0.3461f,0.8727f,-0.3444f,2.0291f,0.0958f,-0.398f,-0.9124f,0.8739f,0f,0f,0f,1f],start_interpolation: 0,interpolation_duration: 1}
$data merge entity $(bone_rightmidfinger) {transformation: [-0.9333f,0.2828f,-0.2213f,-1.2411f,0.3461f,0.8727f,-0.3444f,1.9753f,0.0958f,-0.398f,-0.9124f,0.7314f,0f,0f,0f,1f],start_interpolation: 0,interpolation_duration: 1}
$data merge entity $(bone_rightringfinger) {transformation: [-0.9333f,0.2828f,-0.2213f,-1.2757f,0.3461f,0.8727f,-0.3444f,1.9215f,0.0958f,-0.398f,-0.9124f,0.5888f,0f,0f,0f,1f],start_interpolation: 0,interpolation_duration: 1}
$data merge entity $(bone_hugeasssword) {transformation: [-3.6554f,1.1076f,-0.8668f,-0.9323f,1.3556f,3.4181f,-1.3487f,2.066f,0.3751f,-1.5588f,-3.5735f,0.6393f,0f,0f,0f,1f],start_interpolation: 0,interpolation_duration: 1}
$data merge entity $(bone_ice) {transformation: [-0.9333f,0.2828f,-0.2213f,-0.9221f,0.3461f,0.8727f,-0.3444f,2.0469f,0.0958f,-0.398f,-0.9124f,0.6441f,0f,0f,0f,1f],start_interpolation: 0,interpolation_duration: 1}
$data merge entity $(bone_righthand1) {transformation: [-0.9333f,0.2828f,-0.2213f,-1.0917f,0.3461f,0.8727f,-0.3444f,2.3409f,0.0958f,-0.398f,-0.9124f,0.54f,0f,0f,0f,1f],start_interpolation: 0,interpolation_duration: 1}
$data merge entity $(bone_rightforearm) {transformation: [-0.7271f,0.1546f,-0.6689f,-0.9344f,0.3375f,0.9289f,-0.1522f,2.9778f,0.5979f,-0.3364f,-0.7276f,0.2759f,0f,0f,0f,1f],start_interpolation: 0,interpolation_duration: 1}
$data merge entity $(bone_rightelbow) {transformation: [-0.7271f,0.1546f,-0.6689f,-0.9054f,0.3375f,0.9289f,-0.1522f,3.152f,0.5979f,-0.3364f,-0.7276f,0.2128f,0f,0f,0f,1f],start_interpolation: 0,interpolation_duration: 1}
$data merge entity $(bone_rightarm) {transformation: [-0.6944f,0.239f,-0.6787f,-0.6162f,0.4407f,0.8869f,-0.1386f,3.5027f,0.5688f,-0.3953f,-0.7212f,-0.0865f,0f,0f,0f,1f],start_interpolation: 0,interpolation_duration: 1}
$data merge entity $(bone_chest1) {transformation: [-1.0708f,-0.0034f,0.1642f,0.0527f,0.0012f,1.0829f,0.0298f,3.4281f,-0.1642f,0.0296f,-1.0704f,-0.1413f,0f,0f,0f,1f],start_interpolation: 0,interpolation_duration: 1}
$data merge entity $(bone_chest1lid) {transformation: [-0.9884f,-0.0031f,0.1516f,-0.342f,0.0011f,0.9996f,0.0275f,2.7345f,-0.1516f,0.0273f,-0.9881f,0.1749f,0f,0f,0f,1f],start_interpolation: 0,interpolation_duration: 1}
$data merge entity $(bone_chest2) {transformation: [-0.9884f,-0.0031f,0.1516f,-0.3415f,0.0011f,0.9996f,0.0275f,2.5783f,-0.1516f,0.0273f,-0.9881f,0.1706f,0f,0f,0f,1f],start_interpolation: 0,interpolation_duration: 1}
$data merge entity $(bone_chest1lid3) {transformation: [-0.9884f,-0.0031f,0.1516f,-0.1831f,0.0011f,0.9996f,0.0275f,2.7521f,-0.1516f,0.0273f,-0.9881f,-0.4486f,0f,0f,0f,1f],start_interpolation: 0,interpolation_duration: 1}
$data merge entity $(bone_chest3) {transformation: [-0.9884f,-0.0031f,0.1516f,-0.1826f,0.0011f,0.9996f,0.0275f,2.5959f,-0.1516f,0.0273f,-0.9881f,-0.4529f,0f,0f,0f,1f],start_interpolation: 0,interpolation_duration: 1}
$data merge entity $(bone_hugeasssword2) {transformation: [-0.5937f,2.8461f,-2.6244f,-1.1285f,-0.1077f,2.642f,2.8894f,4.5966f,3.8699f,0.5102f,-0.3222f,-0.5581f,0f,0f,0f,1f],start_interpolation: 0,interpolation_duration: 1}
$data merge entity $(bone_belt) {transformation: [-0.9884f,-0.0031f,0.1516f,0.0658f,0.0011f,0.9996f,0.0275f,3.0263f,-0.1516f,0.0273f,-0.9881f,-0.018f,0f,0f,0f,1f],start_interpolation: 0,interpolation_duration: 1}
$data merge entity $(bone_torn_part) {transformation: [-0.9809f,0.0636f,0.1837f,-0.069f,0.1095f,0.9615f,0.2521f,2.7505f,-0.1606f,0.2675f,-0.9501f,-0.043f,0f,0f,0f,1f],start_interpolation: 0,interpolation_duration: 1}
$data merge entity $(bone_lowerbody) {transformation: [-0.9809f,0.1159f,0.1561f,-0.0517f,0.1095f,0.9928f,-0.0487f,2.2619f,-0.1606f,-0.0306f,-0.9865f,0.1263f,0f,0f,0f,1f],start_interpolation: 0,interpolation_duration: 1}
$data merge entity $(bone_leftfoot) {transformation: [-0.9563f,-0.1042f,-0.273f,0.4321f,-0.1387f,0.9842f,0.1102f,0.1778f,0.2572f,0.1433f,-0.9557f,0.0717f,0f,0f,0f,1f],start_interpolation: 0,interpolation_duration: 1}
$data merge entity $(bone_leftlowerleg) {transformation: [-0.9563f,-0.1042f,-0.273f,0.3585f,-0.1387f,0.9842f,0.1102f,1.2527f,0.2572f,0.1433f,-0.9557f,0.3775f,0f,0f,0f,1f],start_interpolation: 0,interpolation_duration: 1}
$data merge entity $(bone_leftleg) {transformation: [-0.989f,-0.1253f,-0.0787f,0.2021f,-0.0854f,0.918f,-0.3874f,2.2204f,0.1208f,-0.3764f,-0.9186f,0.0032f,0f,0f,0f,1f],start_interpolation: 0,interpolation_duration: 1}
$data merge entity $(bone_rightfoot) {transformation: [-0.9827f,0.1395f,0.1217f,-0.6129f,0.1571f,0.9762f,0.1496f,0.206f,-0.0979f,0.1661f,-0.9812f,-0.2909f,0f,0f,0f,1f],start_interpolation: 0,interpolation_duration: 1}
$data merge entity $(bone_rightlowerleg) {transformation: [-0.9827f,0.1395f,0.1217f,-0.4768f,0.1571f,0.9762f,0.1496f,1.2659f,-0.0979f,0.1661f,-0.9812f,0.0441f,0f,0f,0f,1f],start_interpolation: 0,interpolation_duration: 1}
$data merge entity $(bone_rightleg) {transformation: [-0.9701f,0.1687f,0.1744f,-0.27f,0.1376f,0.9745f,-0.1772f,2.2924f,-0.1999f,-0.1479f,-0.9686f,-0.0831f,0f,0f,0f,1f],start_interpolation: 0,interpolation_duration: 1}
data modify entity @s data merge value {"cameras":{},"locators":{"lefthand":{"posx":0.918490808021406,"posy":1.8422718589073164,"posz":0.4061419699413502,"roty":338.168213176624,"rotx":-7.405838570243866},"sword":{"posx":-0.19444500541617826,"posy":3.340938220659244,"posz":4.037907567025641,"roty":346.364794003169,"rotx":-20.142420288236746},"righthand":{"posx":-1.010567596380449,"posy":2.0711295969035137,"posz":0.6735077356213328,"roty":346.364794003169,"rotx":-20.142420288236746},"chest":{"posx":-0.3963423470279952,"posy":2.667773033694999,"posz":0.3228459504158683,"roty":8.7221560267555,"rotx":1.5754596276880513}}}