# This file was generated by Animated Java via MC-Build. It is not recommended to edit this file directly.
$data merge entity $(bone_nose) {transformation: [-0.9987f,0.0454f,0.0226f,-0.1736f,0.0499f,0.9613f,0.271f,4.0688f,-0.0094f,0.2718f,-0.9623f,0.4447f,0f,0f,0f,1f],start_interpolation: 0,interpolation_duration: 1}
$data merge entity $(bone_glowing_eye) {transformation: [-0.9987f,0.0454f,0.0226f,-0.2962f,0.0499f,0.9613f,0.271f,4.1307f,-0.0094f,0.2718f,-0.9623f,0.4955f,0f,0f,0f,1f],start_interpolation: 0,interpolation_duration: 1}
$data merge entity $(bone_head) {transformation: [-0.9987f,0.0454f,0.0226f,-0.175f,0.0499f,0.9613f,0.271f,4.0009f,-0.0094f,0.2718f,-0.9623f,0.2309f,0f,0f,0f,1f],start_interpolation: 0,interpolation_duration: 1}
$data merge entity $(bone_leftthumb2) {transformation: [-0.3038f,0.9027f,0.3047f,-0.4346f,-0.9499f,-0.3117f,-0.0235f,3.6372f,0.0738f,-0.2966f,0.9522f,1.0157f,0f,0f,0f,1f],start_interpolation: 0,interpolation_duration: 1}
$data merge entity $(bone_leftthumb) {transformation: [-0.3038f,0.9027f,0.3047f,-0.1872f,-0.9499f,-0.3117f,-0.0235f,3.5587f,0.0738f,-0.2966f,0.9522f,1.0243f,0f,0f,0f,1f],start_interpolation: 0,interpolation_duration: 1}
$data merge entity $(bone_leftpointerfinger) {transformation: [-0.3038f,0.9027f,0.3047f,-0.4359f,-0.9499f,-0.3117f,-0.0235f,3.7638f,0.0738f,-0.2966f,0.9522f,1.1582f,0f,0f,0f,1f],start_interpolation: 0,interpolation_duration: 1}
$data merge entity $(bone_leftmidfinger) {transformation: [-0.3038f,0.9027f,0.3047f,-0.3883f,-0.9499f,-0.3117f,-0.0235f,3.7601f,0.0738f,-0.2966f,0.9522f,1.307f,0f,0f,0f,1f],start_interpolation: 0,interpolation_duration: 1}
$data merge entity $(bone_leftringfinger) {transformation: [-0.3038f,0.9027f,0.3047f,-0.3407f,-0.9499f,-0.3117f,-0.0235f,3.7565f,0.0738f,-0.2966f,0.9522f,1.4558f,0f,0f,0f,1f],start_interpolation: 0,interpolation_duration: 1}
$data merge entity $(bone_invisibility) {transformation: [0.9258f,-0.2249f,0.3038f,-0.4036f,-0.3126f,-0.0038f,0.9499f,3.5523f,-0.2125f,-0.9744f,-0.0738f,1.1099f,0f,0f,0f,1f],start_interpolation: 0,interpolation_duration: 1}
$data merge entity $(bone_swiftness) {transformation: [0.3047f,0.9027f,0.3038f,-0.4845f,-0.0235f,-0.3117f,0.9499f,3.5407f,0.9522f,-0.2966f,-0.0738f,1.3324f,0f,0f,0f,1f],start_interpolation: 0,interpolation_duration: 1}
$data merge entity $(bone_suspicious_stew) {transformation: [0.9469f,0.1053f,0.3038f,-0.3888f,-0.2924f,-0.1105f,0.9499f,3.5625f,0.1336f,-0.9883f,-0.0738f,1.3023f,0f,0f,0f,1f],start_interpolation: 0,interpolation_duration: 1}
$data merge entity $(bone_log) {transformation: [-0.3038f,0.9027f,0.3047f,-0.2902f,-0.9499f,-0.3117f,-0.0235f,3.4334f,0.0738f,-0.2966f,0.9522f,1.3168f,0f,0f,0f,1f],start_interpolation: 0,interpolation_duration: 1}
$data merge entity $(bone_planks) {transformation: [-0.3038f,0.9027f,0.3047f,-0.3186f,-0.9499f,-0.3117f,-0.0235f,3.3444f,0.0738f,-0.2966f,0.9522f,1.3237f,0f,0f,0f,1f],start_interpolation: 0,interpolation_duration: 1}
$data merge entity $(bone_lefthand1) {transformation: [-0.3038f,0.9027f,0.3047f,0.0019f,-0.9499f,-0.3117f,-0.0235f,3.5937f,0.0738f,-0.2966f,0.9522f,1.1944f,0f,0f,0f,1f],start_interpolation: 0,interpolation_duration: 1}
$data merge entity $(bone_leftforearm) {transformation: [-0.6741f,0.7306f,0.1087f,0.4649f,-0.527f,-0.3726f,-0.7638f,3.2869f,-0.5175f,-0.5722f,0.6362f,0.7394f,0f,0f,0f,1f],start_interpolation: 0,interpolation_duration: 1}
$data merge entity $(bone_leftelbow) {transformation: [-0.6741f,0.7306f,0.1087f,0.6019f,-0.527f,-0.3726f,-0.7638f,3.217f,-0.5175f,-0.5722f,0.6362f,0.6321f,0f,0f,0f,1f],start_interpolation: 0,interpolation_duration: 1}
$data merge entity $(bone_leftarm) {transformation: [-0.7057f,0.0213f,0.7082f,0.3859f,-0.5716f,0.5736f,-0.5868f,3.3801f,-0.4188f,-0.8189f,-0.3926f,0.2323f,0f,0f,0f,1f],start_interpolation: 0,interpolation_duration: 1}
$data merge entity $(bone_rightthumb2) {transformation: [-0.7407f,-0.6227f,-0.252f,0.037f,0.6536f,-0.5812f,-0.4849f,4.06f,0.1555f,-0.5239f,0.8375f,1.0208f,0f,0f,0f,1f],start_interpolation: 0,interpolation_duration: 1}
$data merge entity $(bone_rightthumb) {transformation: [-0.7407f,-0.6227f,-0.252f,-0.1373f,0.6536f,-0.5812f,-0.4849f,3.8761f,0.1555f,-0.5239f,0.8375f,0.9639f,0f,0f,0f,1f],start_interpolation: 0,interpolation_duration: 1}
$data merge entity $(bone_rightpointerfinger) {transformation: [-0.7407f,-0.6227f,-0.252f,-0.0258f,0.6536f,-0.5812f,-0.4849f,4.1155f,0.1555f,-0.5239f,0.8375f,1.192f,0f,0f,0f,1f],start_interpolation: 0,interpolation_duration: 1}
$data merge entity $(bone_rightmidfinger) {transformation: [-0.7407f,-0.6227f,-0.252f,-0.0652f,0.6536f,-0.5812f,-0.4849f,4.0398f,0.1555f,-0.5239f,0.8375f,1.3229f,0f,0f,0f,1f],start_interpolation: 0,interpolation_duration: 1}
$data merge entity $(bone_rightringfinger) {transformation: [-0.7407f,-0.6227f,-0.252f,-0.1046f,0.6536f,-0.5812f,-0.4849f,3.964f,0.1555f,-0.5239f,0.8375f,1.4538f,0f,0f,0f,1f],start_interpolation: 0,interpolation_duration: 1}
$data merge entity $(bone_hugeasssword) {transformation: [-2.9012f,-2.439f,-0.9871f,0.009f,2.5597f,-2.2763f,-1.8991f,3.7557f,0.6089f,-2.0518f,3.2802f,1.1621f,0f,0f,0f,1f],start_interpolation: 0,interpolation_duration: 1}
$data merge entity $(bone_ice) {transformation: [-0.7407f,-0.6227f,-0.252f,0.0303f,0.6536f,-0.5812f,-0.4849f,3.7546f,0.1555f,-0.5239f,0.8375f,1.1679f,0f,0f,0f,1f],start_interpolation: 0,interpolation_duration: 1}
$data merge entity $(bone_righthand1) {transformation: [-0.7407f,-0.6227f,-0.252f,-0.3184f,0.6536f,-0.5812f,-0.4849f,3.7575f,0.1555f,-0.5239f,0.8375f,1.1019f,0f,0f,0f,1f],start_interpolation: 0,interpolation_duration: 1}
$data merge entity $(bone_rightforearm) {transformation: [-0.4782f,-0.858f,-0.1877f,-0.8813f,0.6511f,-0.2028f,-0.7314f,3.5686f,0.5895f,-0.4719f,0.6556f,0.7148f,0f,0f,0f,1f],start_interpolation: 0,interpolation_duration: 1}
$data merge entity $(bone_rightelbow) {transformation: [-0.4782f,-0.858f,-0.1877f,-1.0422f,0.6511f,-0.2028f,-0.7314f,3.5306f,0.5895f,-0.4719f,0.6556f,0.6263f,0f,0f,0f,1f],start_interpolation: 0,interpolation_duration: 1}
$data merge entity $(bone_rightarm) {transformation: [-0.5197f,-0.0522f,-0.8527f,-0.897f,0.6883f,0.5657f,-0.4541f,3.6266f,0.5061f,-0.8229f,-0.2581f,0.2042f,0f,0f,0f,1f],start_interpolation: 0,interpolation_duration: 1}
$data merge entity $(bone_chest1) {transformation: [-1.0671f,0.1795f,0.0526f,-0.2637f,0.1869f,1.0348f,0.2605f,3.3957f,-0.0071f,0.2656f,-1.0502f,-0.0153f,0f,0f,0f,1f],start_interpolation: 0,interpolation_duration: 1}
$data merge entity $(bone_chest1lid) {transformation: [-0.985f,0.1657f,0.0485f,-0.7322f,0.1725f,0.9552f,0.2404f,2.7077f,-0.0065f,0.2452f,-0.9695f,0.1943f,0f,0f,0f,1f],start_interpolation: 0,interpolation_duration: 1}
$data merge entity $(bone_chest2) {transformation: [-0.985f,0.1657f,0.0485f,-0.7581f,0.1725f,0.9552f,0.2404f,2.5584f,-0.0065f,0.2452f,-0.9695f,0.156f,0f,0f,0f,1f],start_interpolation: 0,interpolation_duration: 1}
$data merge entity $(bone_chest1lid3) {transformation: [-0.985f,0.1657f,0.0485f,-0.6396f,0.1725f,0.9552f,0.2404f,2.8509f,-0.0065f,0.2452f,-0.9695f,-0.4263f,0f,0f,0f,1f],start_interpolation: 0,interpolation_duration: 1}
$data merge entity $(bone_chest3) {transformation: [-0.985f,0.1657f,0.0485f,-0.6655f,0.1725f,0.9552f,0.2404f,2.7017f,-0.0065f,0.2452f,-0.9695f,-0.4647f,0f,0f,0f,1f],start_interpolation: 0,interpolation_duration: 1}
$data merge entity $(bone_hugeasssword2) {transformation: [-0.19f,3.2827f,-2.1279f,-1.2721f,-0.9417f,2.0293f,3.2149f,4.7803f,3.797f,0.6676f,0.6908f,0.0044f,0f,0f,0f,1f],start_interpolation: 0,interpolation_duration: 1}
$data merge entity $(bone_belt) {transformation: [-0.985f,0.1657f,0.0485f,-0.3045f,0.1725f,0.9552f,0.2404f,2.9782f,-0.0065f,0.2452f,-0.9695f,0.0142f,0f,0f,0f,1f],start_interpolation: 0,interpolation_duration: 1}
$data merge entity $(bone_torn_part) {transformation: [-0.9903f,0.1382f,0.0144f,-0.4717f,0.1328f,0.9112f,0.3899f,2.717f,0.0408f,0.388f,-0.9207f,-0.0384f,0f,0f,0f,1f],start_interpolation: 0,interpolation_duration: 1}
$data merge entity $(bone_lowerbody) {transformation: [-0.9903f,0.1361f,-0.0278f,-0.4376f,0.1328f,0.9863f,0.0979f,2.2087f,0.0408f,0.0932f,-0.9948f,0.052f,0f,0f,0f,1f],start_interpolation: 0,interpolation_duration: 1}
$data merge entity $(bone_leftfoot) {transformation: [-0.8642f,0.0494f,-0.5007f,-0.023f,-0.133f,0.9374f,0.3219f,0.2613f,0.4853f,0.3447f,-0.8035f,-0.2401f,0f,0f,0f,1f],start_interpolation: 0,interpolation_duration: 1}
$data merge entity $(bone_leftlowerleg) {transformation: [-0.8642f,0.0494f,-0.5007f,0.1087f,-0.133f,0.9374f,0.3219f,1.2517f,0.4853f,0.3447f,-0.8035f,0.2658f,0f,0f,0f,1f],start_interpolation: 0,interpolation_duration: 1}
$data merge entity $(bone_leftleg) {transformation: [-0.9221f,-0.287f,-0.2595f,-0.2131f,-0.1449f,0.8781f,-0.4561f,2.1682f,0.3588f,-0.3829f,-0.8513f,-0.1133f,0f,0f,0f,1f],start_interpolation: 0,interpolation_duration: 1}
$data merge entity $(bone_rightfoot) {transformation: [-0.9048f,0.2522f,0.3431f,-1.1437f,0.362f,0.8798f,0.3081f,0.5692f,-0.2242f,0.403f,-0.8873f,0.0474f,0f,0f,0f,1f],start_interpolation: 0,interpolation_duration: 1}
$data merge entity $(bone_rightlowerleg) {transformation: [-0.9048f,0.2522f,0.3431f,-0.9167f,0.362f,0.8798f,0.3081f,1.4979f,-0.2242f,0.403f,-0.8873f,0.6308f,0f,0f,0f,1f],start_interpolation: 0,interpolation_duration: 1}
$data merge entity $(bone_rightleg) {transformation: [-0.9768f,0.1847f,-0.1083f,-0.7007f,0.2084f,0.7039f,-0.6791f,2.2289f,-0.0492f,-0.6859f,-0.726f,-0.0834f,0f,0f,0f,1f],start_interpolation: 0,interpolation_duration: 1}
data modify entity @s data merge value {"cameras":{},"locators":{"lefthand":{"posx":-0.3369615883104943,"posy":3.547202574101013,"posz":1.3181370689378875,"roty":162.2542483601925,"rotx":-1.3451724249750587},"sword":{"posx":0.9038885588281136,"posy":5.620428612590525,"posz":-1.9107143374649882,"roty":196.74787051954428,"rotx":-29.003661348956836},"righthand":{"posx":-0.025442862123863985,"posy":3.8324870454803466,"posz":1.1775318173340372,"roty":196.74787051954428,"rotx":-29.003661348956836},"chest":{"posx":-0.7809478770973844,"posy":2.6158240440070255,"posz":0.3302531916312105,"roty":2.865154664998954,"rotx":13.911521264341316}}}