# This file was generated by Animated Java via MC-Build. It is not recommended to edit this file directly.
$data merge entity $(bone_nose) {transformation: [-0.9967f,0.0049f,-0.0807f,-0.2636f,-0.0246f,0.9326f,0.3602f,4.1083f,0.077f,0.361f,-0.9294f,0.5565f,0f,0f,0f,1f],start_interpolation: 0,interpolation_duration: 1}
$data merge entity $(bone_glowing_eye) {transformation: [-0.9967f,0.0049f,-0.0807f,-0.3851f,-0.0246f,0.9326f,0.3602f,4.1558f,0.077f,0.361f,-0.9294f,0.623f,0f,0f,0f,1f],start_interpolation: 0,interpolation_duration: 1}
$data merge entity $(bone_head) {transformation: [-0.9967f,0.0049f,-0.0807f,-0.2793f,-0.0246f,0.9326f,0.3602f,4.0606f,0.077f,0.361f,-0.9294f,0.3379f,0f,0f,0f,1f],start_interpolation: 0,interpolation_duration: 1}
$data merge entity $(bone_leftthumb2) {transformation: [-0.082f,0.8075f,0.5842f,-0.3924f,-0.9799f,-0.1723f,0.1005f,3.5888f,0.1818f,-0.5642f,0.8054f,1.3275f,0f,0f,0f,1f],start_interpolation: 0,interpolation_duration: 1}
$data merge entity $(bone_leftthumb) {transformation: [-0.082f,0.8075f,0.5842f,-0.1444f,-0.9799f,-0.1723f,0.1005f,3.5552f,0.1818f,-0.5642f,0.8054f,1.2579f,0f,0f,0f,1f],start_interpolation: 0,interpolation_duration: 1}
$data merge entity $(bone_leftpointerfinger) {transformation: [-0.082f,0.8075f,0.5842f,-0.373f,-0.9799f,-0.1723f,0.1005f,3.7236f,0.1818f,-0.5642f,0.8054f,1.4609f,0f,0f,0f,1f],start_interpolation: 0,interpolation_duration: 1}
$data merge entity $(bone_leftmidfinger) {transformation: [-0.082f,0.8075f,0.5842f,-0.2817f,-0.9799f,-0.1723f,0.1005f,3.7393f,0.1818f,-0.5642f,0.8054f,1.5868f,0f,0f,0f,1f],start_interpolation: 0,interpolation_duration: 1}
$data merge entity $(bone_leftringfinger) {transformation: [-0.082f,0.8075f,0.5842f,-0.1905f,-0.9799f,-0.1723f,0.1005f,3.755f,0.1818f,-0.5642f,0.8054f,1.7126f,0f,0f,0f,1f],start_interpolation: 0,interpolation_duration: 1}
$data merge entity $(bone_invisibility) {transformation: [0.8553f,-0.5116f,0.082f,-0.3183f,-0.1628f,-0.1151f,0.9799f,3.5179f,-0.4919f,-0.8515f,-0.1818f,1.4081f,0f,0f,0f,1f],start_interpolation: 0,interpolation_duration: 1}
$data merge entity $(bone_swiftness) {transformation: [0.5842f,0.8075f,0.082f,-0.3224f,0.1005f,-0.1723f,0.9799f,3.509f,0.8054f,-0.5642f,-0.1818f,1.645f,0f,0f,0f,1f],start_interpolation: 0,interpolation_duration: 1}
$data merge entity $(bone_suspicious_stew) {transformation: [0.9787f,-0.1882f,0.082f,-0.2467f,-0.1137f,-0.1639f,0.9799f,3.5448f,-0.171f,-0.9684f,-0.1818f,1.5856f,0f,0f,0f,1f],start_interpolation: 0,interpolation_duration: 1}
$data merge entity $(bone_log) {transformation: [-0.082f,0.8075f,0.5842f,-0.126f,-0.9799f,-0.1723f,0.1005f,3.4361f,0.1818f,-0.5642f,0.8054f,1.5698f,0f,0f,0f,1f],start_interpolation: 0,interpolation_duration: 1}
$data merge entity $(bone_planks) {transformation: [-0.082f,0.8075f,0.5842f,-0.1337f,-0.9799f,-0.1723f,0.1005f,3.3442f,0.1818f,-0.5642f,0.8054f,1.5869f,0f,0f,0f,1f],start_interpolation: 0,interpolation_duration: 1}
$data merge entity $(bone_lefthand1) {transformation: [-0.082f,0.8075f,0.5842f,0.0781f,-0.9799f,-0.1723f,0.1005f,3.6349f,0.1818f,-0.5642f,0.8054f,1.3582f,0f,0f,0f,1f],start_interpolation: 0,interpolation_duration: 1}
$data merge entity $(bone_leftforearm) {transformation: [-0.6132f,0.6953f,0.3749f,0.5171f,-0.6248f,-0.1365f,-0.7687f,3.4821f,-0.4833f,-0.7057f,0.5182f,0.8125f,0f,0f,0f,1f],start_interpolation: 0,interpolation_duration: 1}
$data merge entity $(bone_leftelbow) {transformation: [-0.6132f,0.6953f,0.3749f,0.6474f,-0.6248f,-0.1365f,-0.7687f,3.4564f,-0.4833f,-0.7057f,0.5182f,0.6802f,0f,0f,0f,1f],start_interpolation: 0,interpolation_duration: 1}
$data merge entity $(bone_leftarm) {transformation: [-0.6234f,-0.1536f,0.7667f,0.3787f,-0.6815f,0.5875f,-0.4364f,3.5839f,-0.3834f,-0.7945f,-0.4709f,0.2997f,0f,0f,0f,1f],start_interpolation: 0,interpolation_duration: 1}
$data merge entity $(bone_rightthumb2) {transformation: [-0.7884f,-0.5929f,0.164f,-0.001f,0.4135f,-0.7081f,-0.5723f,4.1151f,0.4555f,-0.3834f,0.8035f,1.0088f,0f,0f,0f,1f],start_interpolation: 0,interpolation_duration: 1}
$data merge entity $(bone_rightthumb) {transformation: [-0.7884f,-0.5929f,0.164f,-0.1324f,0.4135f,-0.7081f,-0.5723f,3.8925f,0.4555f,-0.3834f,0.8035f,0.9835f,0f,0f,0f,1f],start_interpolation: 0,interpolation_duration: 1}
$data merge entity $(bone_rightpointerfinger) {transformation: [-0.7884f,-0.5929f,0.164f,-0.0164f,0.4135f,-0.7081f,-0.5723f,4.1433f,0.4555f,-0.3834f,0.8035f,1.1967f,0f,0f,0f,1f],start_interpolation: 0,interpolation_duration: 1}
$data merge entity $(bone_rightmidfinger) {transformation: [-0.7884f,-0.5929f,0.164f,0.0092f,0.4135f,-0.7081f,-0.5723f,4.0538f,0.4555f,-0.3834f,0.8035f,1.3223f,0f,0f,0f,1f],start_interpolation: 0,interpolation_duration: 1}
$data merge entity $(bone_rightringfinger) {transformation: [-0.7884f,-0.5929f,0.164f,0.0348f,0.4135f,-0.7081f,-0.5723f,3.9644f,0.4555f,-0.3834f,0.8035f,1.4478f,0f,0f,0f,1f],start_interpolation: 0,interpolation_duration: 1}
$data merge entity $(bone_hugeasssword) {transformation: [-3.0878f,-2.3223f,0.6424f,0.0956f,1.6196f,-2.7736f,-2.2415f,3.8091f,1.784f,-1.5015f,3.1469f,1.1109f,0f,0f,0f,1f],start_interpolation: 0,interpolation_duration: 1}
$data merge entity $(bone_ice) {transformation: [-0.7884f,-0.5929f,0.164f,0.1172f,0.4135f,-0.7081f,-0.5723f,3.8137f,0.4555f,-0.3834f,0.8035f,1.1097f,0f,0f,0f,1f],start_interpolation: 0,interpolation_duration: 1}
$data merge entity $(bone_righthand1) {transformation: [-0.7884f,-0.5929f,0.164f,-0.223f,0.4135f,-0.7081f,-0.5723f,3.7222f,0.4555f,-0.3834f,0.8035f,1.1529f,0f,0f,0f,1f],start_interpolation: 0,interpolation_duration: 1}
$data merge entity $(bone_rightforearm) {transformation: [-0.5009f,-0.8651f,-0.0259f,-0.7915f,0.5357f,-0.2864f,-0.7944f,3.4827f,0.6798f,-0.4118f,0.6069f,0.8094f,0f,0f,0f,1f],start_interpolation: 0,interpolation_duration: 1}
$data merge entity $(bone_rightelbow) {transformation: [-0.5009f,-0.8651f,-0.0259f,-0.9537f,0.5357f,-0.2864f,-0.7944f,3.429f,0.6798f,-0.4118f,0.6069f,0.7322f,0f,0f,0f,1f],start_interpolation: 0,interpolation_duration: 1}
$data merge entity $(bone_rightarm) {transformation: [-0.5621f,-0.3349f,-0.7562f,-0.9278f,0.5664f,0.5104f,-0.647f,3.542f,0.6027f,-0.792f,-0.0972f,0.2814f,0f,0f,0f,1f],start_interpolation: 0,interpolation_duration: 1}
$data merge entity $(bone_chest1) {transformation: [-1.0822f,-0.0428f,-0.0265f,-0.2678f,-0.0488f,1.0334f,0.3215f,3.4689f,0.0126f,0.3223f,-1.0342f,0.0525f,0f,0f,0f,1f],start_interpolation: 0,interpolation_duration: 1}
$data merge entity $(bone_chest1lid) {transformation: [-0.9989f,-0.0395f,-0.0245f,-0.5722f,-0.045f,0.9539f,0.2968f,2.6854f,0.0117f,0.2975f,-0.9546f,0.2267f,0f,0f,0f,1f],start_interpolation: 0,interpolation_duration: 1}
$data merge entity $(bone_chest2) {transformation: [-0.9989f,-0.0395f,-0.0245f,-0.5661f,-0.045f,0.9539f,0.2968f,2.5364f,0.0117f,0.2975f,-0.9546f,0.1803f,0f,0f,0f,1f],start_interpolation: 0,interpolation_duration: 1}
$data merge entity $(bone_chest1lid3) {transformation: [-0.9989f,-0.0395f,-0.0245f,-0.5255f,-0.045f,0.9539f,0.2968f,2.8784f,0.0117f,0.2975f,-0.9546f,-0.3856f,0f,0f,0f,1f],start_interpolation: 0,interpolation_duration: 1}
$data merge entity $(bone_chest3) {transformation: [-0.9989f,-0.0395f,-0.0245f,-0.5193f,-0.045f,0.9539f,0.2968f,2.7293f,0.0117f,0.2975f,-0.9546f,-0.432f,0f,0f,0f,1f],start_interpolation: 0,interpolation_duration: 1}
$data merge entity $(bone_hugeasssword2) {transformation: [0.096f,2.78f,-2.7573f,-1.5508f,-1.1623f,2.654f,2.6355f,4.5988f,3.739f,0.7536f,0.89f,0.1592f,0f,0f,0f,1f],start_interpolation: 0,interpolation_duration: 1}
$data merge entity $(bone_belt) {transformation: [-0.9989f,-0.0395f,-0.0245f,-0.2168f,-0.045f,0.9539f,0.2968f,3.0515f,0.0117f,0.2975f,-0.9546f,0.0586f,0f,0f,0f,1f],start_interpolation: 0,interpolation_duration: 1}
$data merge entity $(bone_torn_part) {transformation: [-0.9971f,-0.0549f,-0.0519f,-0.3254f,-0.0713f,0.9108f,0.4067f,2.7635f,0.0249f,0.4093f,-0.9121f,-0.0063f,0f,0f,0f,1f],start_interpolation: 0,interpolation_duration: 1}
$data merge entity $(bone_lowerbody) {transformation: [-0.9971f,-0.068f,-0.0329f,-0.1902f,-0.0713f,0.9909f,0.114f,2.2706f,0.0249f,0.116f,-0.9929f,0.0743f,0f,0f,0f,1f],start_interpolation: 0,interpolation_duration: 1}
$data merge entity $(bone_leftfoot) {transformation: [-0.7694f,-0.0567f,-0.6363f,0.5292f,-0.1635f,0.9804f,0.1102f,0.4685f,0.6175f,0.1888f,-0.7636f,0.1254f,0f,0f,0f,1f],start_interpolation: 0,interpolation_duration: 1}
$data merge entity $(bone_leftlowerleg) {transformation: [-0.7694f,-0.0567f,-0.6363f,0.564f,-0.1635f,0.9804f,0.1102f,1.5391f,0.6175f,0.1888f,-0.7636f,0.4523f,0f,0f,0f,1f],start_interpolation: 0,interpolation_duration: 1}
$data merge entity $(bone_leftleg) {transformation: [-0.8394f,-0.4849f,-0.2456f,0.0382f,-0.2053f,0.7012f,-0.6827f,2.27f,0.5033f,-0.5227f,-0.6881f,-0.0712f,0f,0f,0f,1f],start_interpolation: 0,interpolation_duration: 1}
$data merge entity $(bone_rightfoot) {transformation: [-0.9649f,0.0497f,0.258f,-0.5338f,0.112f,0.966f,0.2328f,0.3097f,-0.2377f,0.2535f,-0.9377f,0.0191f,0f,0f,0f,1f],start_interpolation: 0,interpolation_duration: 1}
$data merge entity $(bone_rightlowerleg) {transformation: [-0.9649f,0.0497f,0.258f,-0.5183f,0.112f,0.966f,0.2328f,1.3457f,-0.2377f,0.2535f,-0.9377f,0.4444f,0f,0f,0f,1f],start_interpolation: 0,interpolation_duration: 1}
$data merge entity $(bone_rightleg) {transformation: [-0.9958f,0.0495f,0.0768f,-0.4418f,0.003f,0.8578f,-0.514f,2.2481f,-0.0913f,-0.5116f,-0.8543f,-0.0778f,0f,0f,0f,1f],start_interpolation: 0,interpolation_duration: 1}
data modify entity @s data merge value {"cameras":{},"locators":{"lefthand":{"posx":-0.19055374960516203,"posy":3.539843942830034,"posz":1.5842908423057624,"roty":144.04427071912656,"rotx":5.767045831970169},"sword":{"posx":-0.5548407344750304,"posy":5.982860042103223,"posz":-1.8169203362786013,"roty":168.46176581482004,"rotx":-34.91138906406746},"righthand":{"posx":0.050003325376732966,"posy":3.8724710131887172,"posz":1.1458618122938056,"roty":168.46176581482004,"rotx":-34.91138906406746},"chest":{"posx":-0.597157362879753,"posy":2.578040289306387,"posz":0.3576717394521523,"roty":358.52968842163705,"rotx":17.26254941661022}}}