# This file was generated by Animated Java via MC-Build. It is not recommended to edit this file directly.
$data merge entity $(bone_nose) {transformation: [-0.9967f,0.0444f,-0.0673f,-0.2247f,0.0146f,0.9203f,0.391f,4.0327f,0.0792f,0.3888f,-0.9179f,0.5174f,0f,0f,0f,1f],start_interpolation: 0,interpolation_duration: 1}
$data merge entity $(bone_glowing_eye) {transformation: [-0.9967f,0.0444f,-0.0673f,-0.3439f,0.0146f,0.9203f,0.391f,4.0832f,0.0792f,0.3888f,-0.9179f,0.5857f,0f,0f,0f,1f],start_interpolation: 0,interpolation_duration: 1}
$data merge entity $(bone_head) {transformation: [-0.9967f,0.0444f,-0.0673f,-0.2427f,0.0146f,0.9203f,0.391f,3.9923f,0.0792f,0.3888f,-0.9179f,0.2975f,0f,0f,0f,1f],start_interpolation: 0,interpolation_duration: 1}
$data merge entity $(bone_leftthumb2) {transformation: [-0.0194f,0.7664f,0.6421f,-0.2935f,-0.9998f,-0.0195f,-0.0069f,3.44f,0.0072f,-0.6421f,0.7666f,1.3663f,0f,0f,0f,1f],start_interpolation: 0,interpolation_duration: 1}
$data merge entity $(bone_leftthumb) {transformation: [-0.0194f,0.7664f,0.6421f,-0.0507f,-0.9998f,-0.0195f,-0.0069f,3.4346f,0.0072f,-0.6421f,0.7666f,1.2743f,0f,0f,0f,1f],start_interpolation: 0,interpolation_duration: 1}
$data merge entity $(bone_leftpointerfinger) {transformation: [-0.0194f,0.7664f,0.6421f,-0.2699f,-0.9998f,-0.0195f,-0.0069f,3.55f,0.0072f,-0.6421f,0.7666f,1.5201f,0f,0f,0f,1f],start_interpolation: 0,interpolation_duration: 1}
$data merge entity $(bone_leftmidfinger) {transformation: [-0.0194f,0.7664f,0.6421f,-0.1696f,-0.9998f,-0.0195f,-0.0069f,3.549f,0.0072f,-0.6421f,0.7666f,1.6399f,0f,0f,0f,1f],start_interpolation: 0,interpolation_duration: 1}
$data merge entity $(bone_leftringfinger) {transformation: [-0.0194f,0.7664f,0.6421f,-0.0693f,-0.9998f,-0.0195f,-0.0069f,3.5479f,0.0072f,-0.6421f,0.7666f,1.7597f,0f,0f,0f,1f],start_interpolation: 0,interpolation_duration: 1}
$data merge entity $(bone_invisibility) {transformation: [0.8194f,-0.5728f,0.0194f,-0.2098f,-0.02f,0.0052f,0.9998f,3.3607f,-0.5728f,-0.8197f,-0.0072f,1.4273f,0f,0f,0f,1f],start_interpolation: 0,interpolation_duration: 1}
$data merge entity $(bone_swiftness) {transformation: [0.6421f,0.7664f,0.0194f,-0.1942f,-0.0069f,-0.0195f,0.9998f,3.3099f,0.7666f,-0.6421f,-0.0072f,1.6584f,0f,0f,0f,1f],start_interpolation: 0,interpolation_duration: 1}
$data merge entity $(bone_suspicious_stew) {transformation: [0.9659f,-0.258f,0.0194f,-0.1253f,-0.0206f,-0.002f,0.9998f,3.3603f,-0.2579f,-0.9661f,-0.0072f,1.6011f,0f,0f,0f,1f],start_interpolation: 0,interpolation_duration: 1}
$data merge entity $(bone_log) {transformation: [-0.0194f,0.7664f,0.6421f,-0.0013f,-0.9998f,-0.0195f,-0.0069f,3.2638f,0.0072f,-0.6421f,0.7666f,1.5575f,0f,0f,0f,1f],start_interpolation: 0,interpolation_duration: 1}
$data merge entity $(bone_planks) {transformation: [-0.0194f,0.7664f,0.6421f,-0.0031f,-0.9998f,-0.0195f,-0.0069f,3.1701f,0.0072f,-0.6421f,0.7666f,1.5582f,0f,0f,0f,1f],start_interpolation: 0,interpolation_duration: 1}
$data merge entity $(bone_lefthand1) {transformation: [-0.0194f,0.7664f,0.6421f,0.1751f,-0.9998f,-0.0195f,-0.0069f,3.5091f,0.0072f,-0.6421f,0.7666f,1.3712f,0f,0f,0f,1f],start_interpolation: 0,interpolation_duration: 1}
$data merge entity $(bone_leftforearm) {transformation: [-0.7098f,0.6362f,0.3024f,0.5629f,-0.4906f,-0.1384f,-0.8603f,3.3657f,-0.5055f,-0.759f,0.4104f,0.7867f,0f,0f,0f,1f],start_interpolation: 0,interpolation_duration: 1}
$data merge entity $(bone_leftelbow) {transformation: [-0.7098f,0.6362f,0.3024f,0.6822f,-0.4906f,-0.1384f,-0.8603f,3.3397f,-0.5055f,-0.759f,0.4104f,0.6444f,0f,0f,0f,1f],start_interpolation: 0,interpolation_duration: 1}
$data merge entity $(bone_leftarm) {transformation: [-0.723f,-0.1006f,0.6835f,0.4214f,-0.5555f,0.6728f,-0.4886f,3.5354f,-0.4107f,-0.733f,-0.5423f,0.2875f,0f,0f,0f,1f],start_interpolation: 0,interpolation_duration: 1}
$data merge entity $(bone_rightthumb2) {transformation: [-0.4477f,-0.8863f,0.1183f,0.1782f,0.5713f,-0.3853f,-0.7246f,3.8703f,0.6879f,-0.2568f,0.6789f,0.9733f,0f,0f,0f,1f],start_interpolation: 0,interpolation_duration: 1}
$data merge entity $(bone_rightthumb) {transformation: [-0.4477f,-0.8863f,0.1183f,-0.0291f,0.5713f,-0.3853f,-0.7246f,3.7139f,0.6879f,-0.2568f,0.6789f,0.9683f,0f,0f,0f,1f],start_interpolation: 0,interpolation_duration: 1}
$data merge entity $(bone_rightpointerfinger) {transformation: [-0.4477f,-0.8863f,0.1183f,0.2183f,0.5713f,-0.3853f,-0.7246f,3.8689f,0.6879f,-0.2568f,0.6789f,1.1596f,0f,0f,0f,1f],start_interpolation: 0,interpolation_duration: 1}
$data merge entity $(bone_rightmidfinger) {transformation: [-0.4477f,-0.8863f,0.1183f,0.2368f,0.5713f,-0.3853f,-0.7246f,3.7557f,0.6879f,-0.2568f,0.6789f,1.2657f,0f,0f,0f,1f],start_interpolation: 0,interpolation_duration: 1}
$data merge entity $(bone_rightringfinger) {transformation: [-0.4477f,-0.8863f,0.1183f,0.2553f,0.5713f,-0.3853f,-0.7246f,3.6424f,0.6879f,-0.2568f,0.6789f,1.3718f,0f,0f,0f,1f],start_interpolation: 0,interpolation_duration: 1}
$data merge entity $(bone_hugeasssword) {transformation: [-1.7534f,-3.4715f,0.4635f,0.1738f,2.2377f,-1.5091f,-2.8382f,3.5369f,2.6942f,-1.0058f,2.659f,1.0202f,0f,0f,0f,1f],start_interpolation: 0,interpolation_duration: 1}
$data merge entity $(bone_ice) {transformation: [-0.4477f,-0.8863f,0.1183f,0.1947f,0.5713f,-0.3853f,-0.7246f,3.534f,0.6879f,-0.2568f,0.6789f,1.0135f,0f,0f,0f,1f],start_interpolation: 0,interpolation_duration: 1}
$data merge entity $(bone_righthand1) {transformation: [-0.4477f,-0.8863f,0.1183f,-0.1351f,0.5713f,-0.3853f,-0.7246f,3.5579f,0.6879f,-0.2568f,0.6789f,1.1425f,0f,0f,0f,1f],start_interpolation: 0,interpolation_duration: 1}
$data merge entity $(bone_rightforearm) {transformation: [-0.4778f,-0.8734f,-0.0941f,-0.7186f,0.5278f,-0.1998f,-0.8255f,3.3903f,0.7022f,-0.4441f,0.5564f,0.7827f,0f,0f,0f,1f],start_interpolation: 0,interpolation_duration: 1}
$data merge entity $(bone_rightelbow) {transformation: [-0.4778f,-0.8734f,-0.0941f,-0.8824f,0.5278f,-0.1998f,-0.8255f,3.3529f,0.7022f,-0.4441f,0.5564f,0.6994f,0f,0f,0f,1f],start_interpolation: 0,interpolation_duration: 1}
$data merge entity $(bone_rightarm) {transformation: [-0.5415f,-0.3833f,-0.7482f,-0.8908f,0.5623f,0.4965f,-0.6613f,3.4618f,0.625f,-0.7788f,-0.0533f,0.2394f,0f,0f,0f,1f],start_interpolation: 0,interpolation_duration: 1}
$data merge entity $(bone_chest1) {transformation: [-1.0807f,-0.0751f,-0.0077f,-0.2238f,-0.0747f,1.0487f,0.2612f,3.3931f,-0.0107f,0.2611f,-1.0513f,0.0332f,0f,0f,0f,1f],start_interpolation: 0,interpolation_duration: 1}
$data merge entity $(bone_chest1lid) {transformation: [-0.9976f,-0.0693f,-0.0071f,-0.5143f,-0.069f,0.968f,0.2411f,2.6136f,-0.0099f,0.241f,-0.9705f,0.2449f,0f,0f,0f,1f],start_interpolation: 0,interpolation_duration: 1}
$data merge entity $(bone_chest2) {transformation: [-0.9976f,-0.0693f,-0.0071f,-0.5035f,-0.069f,0.968f,0.2411f,2.4623f,-0.0099f,0.241f,-0.9705f,0.2072f,0f,0f,0f,1f],start_interpolation: 0,interpolation_duration: 1}
$data merge entity $(bone_chest1lid3) {transformation: [-0.9976f,-0.0693f,-0.0071f,-0.4565f,-0.069f,0.968f,0.2411f,2.7724f,-0.0099f,0.241f,-0.9705f,-0.3762f,0f,0f,0f,1f],start_interpolation: 0,interpolation_duration: 1}
$data merge entity $(bone_chest3) {transformation: [-0.9976f,-0.0693f,-0.0071f,-0.4456f,-0.069f,0.968f,0.2411f,2.6211f,-0.0099f,0.241f,-0.9705f,-0.4139f,0f,0f,0f,1f],start_interpolation: 0,interpolation_duration: 1}
$data merge entity $(bone_hugeasssword2) {transformation: [0.0277f,2.6972f,-2.8398f,-1.5352f,-0.9444f,2.7607f,2.6129f,4.4952f,3.801f,0.6663f,0.6698f,0.0436f,0f,0f,0f,1f],start_interpolation: 0,interpolation_duration: 1}
$data merge entity $(bone_belt) {transformation: [-0.9976f,-0.0693f,-0.0071f,-0.1634f,-0.069f,0.968f,0.2411f,2.9781f,-0.0099f,0.241f,-0.9705f,0.0646f,0f,0f,0f,1f],start_interpolation: 0,interpolation_duration: 1}
$data merge entity $(bone_torn_part) {transformation: [-0.9953f,-0.0924f,-0.0303f,-0.2628f,-0.0971f,0.927f,0.3622f,2.6844f,-0.0054f,0.3634f,-0.9316f,0.0116f,0f,0f,0f,1f],start_interpolation: 0,interpolation_duration: 1}
$data merge entity $(bone_lowerbody) {transformation: [-0.9953f,-0.0973f,-0.0011f,-0.118f,-0.0971f,0.993f,0.0666f,2.1997f,-0.0054f,0.0664f,-0.9978f,0.12f,0f,0f,0f,1f],start_interpolation: 0,interpolation_duration: 1}
$data merge entity $(bone_leftfoot) {transformation: [-0.8188f,-0.0917f,-0.5667f,0.5791f,-0.2039f,0.9693f,0.1377f,0.3322f,0.5366f,0.2282f,-0.8124f,0.0517f,0f,0f,0f,1f],start_interpolation: 0,interpolation_duration: 1}
$data merge entity $(bone_leftlowerleg) {transformation: [-0.8188f,-0.0917f,-0.5667f,0.5643f,-0.2039f,0.9693f,0.1377f,1.3864f,0.5366f,0.2282f,-0.8124f,0.4298f,0f,0f,0f,1f],start_interpolation: 0,interpolation_duration: 1}
$data merge entity $(bone_leftleg) {transformation: [-0.8848f,-0.4132f,-0.2152f,0.112f,-0.2272f,0.786f,-0.575f,2.2067f,0.4067f,-0.4598f,-0.7894f,-0.0287f,0f,0f,0f,1f],start_interpolation: 0,interpolation_duration: 1}
$data merge entity $(bone_rightfoot) {transformation: [-0.9612f,-0.0143f,0.2756f,-0.3296f,0.0724f,0.9506f,0.3018f,0.2573f,-0.2663f,0.31f,-0.9127f,0.0041f,0f,0f,0f,1f],start_interpolation: 0,interpolation_duration: 1}
$data merge entity $(bone_rightlowerleg) {transformation: [-0.9612f,-0.0143f,0.2756f,-0.3878f,0.0724f,0.9506f,0.3018f,1.2655f,-0.2663f,0.31f,-0.9127f,0.4882f,0f,0f,0f,1f],start_interpolation: 0,interpolation_duration: 1}
$data merge entity $(bone_rightleg) {transformation: [-0.9936f,-0.0001f,0.1131f,-0.3643f,-0.0586f,0.8557f,-0.5141f,2.1658f,-0.0968f,-0.5174f,-0.8502f,-0.0412f,0f,0f,0f,1f],start_interpolation: 0,interpolation_duration: 1}
data modify entity @s data merge value {"cameras":{},"locators":{"lefthand":{"posx":-0.06935971344430786,"posy":3.3591494056829605,"posz":1.5949957973646973,"roty":140.05217085418928,"rotx":-0.39516692088974087},"sword":{"posx":-0.2716258884466584,"posy":6.27706380736406,"posz":-1.4320316660070092,"roty":170.11273446664666,"rotx":-46.43910683958018},"righthand":{"posx":0.16471515016154192,"posy":3.604945002401981,"posz":1.0713747812552703,"roty":170.11273446664666,"rotx":-46.43910683958018},"chest":{"posx":-0.5400348911642417,"posy":2.5132445198553537,"posz":0.3811369082064666,"roty":359.5829370814764,"rotx":13.952377872535346}}}