# This file was generated by Animated Java via MC-Build. It is not recommended to edit this file directly.
$data merge entity $(bone_nose) {transformation: [-0.9967f,0.0153f,-0.0791f,-0.1615f,-0.0162f,0.9239f,0.3823f,3.9737f,0.079f,0.3823f,-0.9207f,0.4838f,0f,0f,0f,1f],start_interpolation: 0,interpolation_duration: 1}
$data merge entity $(bone_glowing_eye) {transformation: [-0.9967f,0.0153f,-0.0791f,-0.2823f,-0.0162f,0.9239f,0.3823f,4.0209f,0.079f,0.3823f,-0.9207f,0.5516f,0f,0f,0f,1f],start_interpolation: 0,interpolation_duration: 1}
$data merge entity $(bone_head) {transformation: [-0.9967f,0.0153f,-0.0791f,-0.1782f,-0.0162f,0.9239f,0.3823f,3.9312f,0.079f,0.3823f,-0.9207f,0.2642f,0f,0f,0f,1f],start_interpolation: 0,interpolation_duration: 1}
$data merge entity $(bone_leftthumb2) {transformation: [0.1799f,0.6701f,0.7202f,-0.2101f,-0.9581f,0.2853f,-0.0261f,3.3683f,-0.2229f,-0.6853f,0.6933f,1.3207f,0f,0f,0f,1f],start_interpolation: 0,interpolation_duration: 1}
$data merge entity $(bone_leftthumb) {transformation: [0.1799f,0.6701f,0.7202f,0.0158f,-0.9581f,0.2853f,-0.0261f,3.436f,-0.2229f,-0.6853f,0.6933f,1.2119f,0f,0f,0f,1f],start_interpolation: 0,interpolation_duration: 1}
$data merge entity $(bone_leftpointerfinger) {transformation: [0.1799f,0.6701f,0.7202f,-0.19f,-0.9581f,0.2853f,-0.0261f,3.446f,-0.2229f,-0.6853f,0.6933f,1.4936f,0f,0f,0f,1f],start_interpolation: 0,interpolation_duration: 1}
$data merge entity $(bone_leftmidfinger) {transformation: [0.1799f,0.6701f,0.7202f,-0.0775f,-0.9581f,0.2853f,-0.0261f,3.4419f,-0.2229f,-0.6853f,0.6933f,1.602f,0f,0f,0f,1f],start_interpolation: 0,interpolation_duration: 1}
$data merge entity $(bone_leftringfinger) {transformation: [0.1799f,0.6701f,0.7202f,0.035f,-0.9581f,0.2853f,-0.0261f,3.4378f,-0.2229f,-0.6853f,0.6933f,1.7103f,0f,0f,0f,1f],start_interpolation: 0,interpolation_duration: 1}
$data merge entity $(bone_invisibility) {transformation: [0.7303f,-0.659f,-0.1799f,-0.1055f,0.2819f,0.0509f,0.9581f,3.2983f,-0.6223f,-0.7504f,0.2229f,1.3552f,0f,0f,0f,1f],start_interpolation: 0,interpolation_duration: 1}
$data merge entity $(bone_swiftness) {transformation: [0.7202f,0.6701f,-0.1799f,-0.0518f,-0.0261f,0.2853f,0.9581f,3.2049f,0.6933f,-0.6853f,0.2229f,1.5664f,0f,0f,0f,1f],start_interpolation: 0,interpolation_duration: 1}
$data merge entity $(bone_suspicious_stew) {transformation: [0.9116f,-0.3695f,-0.1799f,-0.0019f,0.2475f,0.1442f,0.9581f,3.2801f,-0.3281f,-0.918f,0.2229f,1.5173f,0f,0f,0f,1f],start_interpolation: 0,interpolation_duration: 1}
$data merge entity $(bone_log) {transformation: [0.1799f,0.6701f,0.7202f,0.1325f,-0.9581f,0.2853f,-0.0261f,3.2247f,-0.2229f,-0.6853f,0.6933f,1.4433f,0f,0f,0f,1f],start_interpolation: 0,interpolation_duration: 1}
$data merge entity $(bone_planks) {transformation: [0.1799f,0.6701f,0.7202f,0.1494f,-0.9581f,0.2853f,-0.0261f,3.1349f,-0.2229f,-0.6853f,0.6933f,1.4224f,0f,0f,0f,1f],start_interpolation: 0,interpolation_duration: 1}
$data merge entity $(bone_lefthand1) {transformation: [0.1799f,0.6701f,0.7202f,0.2325f,-0.9581f,0.2853f,-0.0261f,3.5363f,-0.2229f,-0.6853f,0.6933f,1.306f,0f,0f,0f,1f],start_interpolation: 0,interpolation_duration: 1}
$data merge entity $(bone_leftforearm) {transformation: [-0.5945f,0.6723f,0.4411f,0.6546f,-0.6765f,-0.1217f,-0.7263f,3.3969f,-0.4346f,-0.7302f,0.5272f,0.7546f,0f,0f,0f,1f],start_interpolation: 0,interpolation_duration: 1}
$data merge entity $(bone_leftelbow) {transformation: [-0.5945f,0.6723f,0.4411f,0.7806f,-0.6765f,-0.1217f,-0.7263f,3.3741f,-0.4346f,-0.7302f,0.5272f,0.6177f,0f,0f,0f,1f],start_interpolation: 0,interpolation_duration: 1}
$data merge entity $(bone_leftarm) {transformation: [-0.5971f,-0.2228f,0.7706f,0.4885f,-0.73f,0.5492f,-0.4068f,3.4722f,-0.3326f,-0.8055f,-0.4905f,0.2459f,0f,0f,0f,1f],start_interpolation: 0,interpolation_duration: 1}
$data merge entity $(bone_rightthumb2) {transformation: [-0.0038f,-0.9716f,-0.2366f,0.3487f,0.7715f,0.1477f,-0.6189f,3.6263f,0.6362f,-0.1849f,0.749f,0.9174f,0f,0f,0f,1f],start_interpolation: 0,interpolation_duration: 1}
$data merge entity $(bone_rightthumb) {transformation: [-0.0038f,-0.9716f,-0.2366f,0.0902f,0.7715f,0.1477f,-0.6189f,3.6097f,0.6362f,-0.1849f,0.749f,0.936f,0f,0f,0f,1f],start_interpolation: 0,interpolation_duration: 1}
$data merge entity $(bone_rightpointerfinger) {transformation: [-0.0038f,-0.9716f,-0.2366f,0.3975f,0.7715f,0.1477f,-0.6189f,3.6166f,0.6362f,-0.1849f,0.749f,1.1014f,0f,0f,0f,1f],start_interpolation: 0,interpolation_duration: 1}
$data merge entity $(bone_rightmidfinger) {transformation: [-0.0038f,-0.9716f,-0.2366f,0.3606f,0.7715f,0.1477f,-0.6189f,3.5199f,0.6362f,-0.1849f,0.749f,1.2184f,0f,0f,0f,1f],start_interpolation: 0,interpolation_duration: 1}
$data merge entity $(bone_rightringfinger) {transformation: [-0.0038f,-0.9716f,-0.2366f,0.3236f,0.7715f,0.1477f,-0.6189f,3.4232f,0.6362f,-0.1849f,0.749f,1.3355f,0f,0f,0f,1f],start_interpolation: 0,interpolation_duration: 1}
$data merge entity $(bone_hugeasssword) {transformation: [-0.0148f,-3.8055f,-0.9266f,0.1679f,3.0217f,0.5784f,-2.4239f,3.3546f,2.4919f,-0.724f,2.9337f,1.0002f,0f,0f,0f,1f],start_interpolation: 0,interpolation_duration: 1}
$data merge entity $(bone_ice) {transformation: [-0.0038f,-0.9716f,-0.2366f,0.1832f,0.7715f,0.1477f,-0.6189f,3.3403f,0.6362f,-0.1849f,0.749f,0.9931f,0f,0f,0f,1f],start_interpolation: 0,interpolation_duration: 1}
$data merge entity $(bone_righthand1) {transformation: [-0.0038f,-0.9716f,-0.2366f,-0.0681f,0.7715f,0.1477f,-0.6189f,3.5507f,0.6362f,-0.1849f,0.749f,1.1294f,0f,0f,0f,1f],start_interpolation: 0,interpolation_duration: 1}
$data merge entity $(bone_rightforearm) {transformation: [-0.4265f,-0.882f,-0.2006f,-0.6593f,0.6862f,-0.171f,-0.707f,3.4076f,0.5893f,-0.4392f,0.6781f,0.7804f,0f,0f,0f,1f],start_interpolation: 0,interpolation_duration: 1}
$data merge entity $(bone_rightelbow) {transformation: [-0.4265f,-0.882f,-0.2006f,-0.8246f,0.6862f,-0.171f,-0.707f,3.3755f,0.5893f,-0.4392f,0.6781f,0.698f,0f,0f,0f,1f],start_interpolation: 0,interpolation_duration: 1}
$data merge entity $(bone_rightarm) {transformation: [-0.4854f,-0.3234f,-0.8123f,-0.8194f,0.7137f,0.39f,-0.5818f,3.4031f,0.505f,-0.8621f,0.0415f,0.2251f,0f,0f,0f,1f],start_interpolation: 0,interpolation_duration: 1}
$data merge entity $(bone_chest1) {transformation: [-1.0807f,-0.0707f,-0.0281f,-0.1581f,-0.0753f,1.0495f,0.2578f,3.3301f,0.0104f,0.2591f,-1.0518f,0.0024f,0f,0f,0f,1f],start_interpolation: 0,interpolation_duration: 1}
$data merge entity $(bone_chest1lid) {transformation: [-0.9975f,-0.0653f,-0.0259f,-0.444f,-0.0696f,0.9688f,0.238f,2.5512f,0.0096f,0.2392f,-0.9709f,0.2221f,0f,0f,0f,1f],start_interpolation: 0,interpolation_duration: 1}
$data merge entity $(bone_chest2) {transformation: [-0.9975f,-0.0653f,-0.0259f,-0.4338f,-0.0696f,0.9688f,0.238f,2.3998f,0.0096f,0.2392f,-0.9709f,0.1847f,0f,0f,0f,1f],start_interpolation: 0,interpolation_duration: 1}
$data merge entity $(bone_chest1lid3) {transformation: [-0.9975f,-0.0653f,-0.0259f,-0.3982f,-0.0696f,0.9688f,0.238f,2.7079f,0.0096f,0.2392f,-0.9709f,-0.4005f,0f,0f,0f,1f],start_interpolation: 0,interpolation_duration: 1}
$data merge entity $(bone_chest3) {transformation: [-0.9975f,-0.0653f,-0.0259f,-0.388f,-0.0696f,0.9688f,0.238f,2.5566f,0.0096f,0.2392f,-0.9709f,-0.4379f,0f,0f,0f,1f],start_interpolation: 0,interpolation_duration: 1}
$data merge entity $(bone_hugeasssword2) {transformation: [0.1015f,2.7079f,-2.828f,-1.4697f,-0.932f,2.7643f,2.6135f,4.4316f,3.8028f,0.6053f,0.716f,0.0345f,0f,0f,0f,1f],start_interpolation: 0,interpolation_duration: 1}
$data merge entity $(bone_belt) {transformation: [-0.9975f,-0.0653f,-0.0259f,-0.0968f,-0.0696f,0.9688f,0.238f,2.9153f,0.0096f,0.2392f,-0.9709f,0.0339f,0f,0f,0f,1f],start_interpolation: 0,interpolation_duration: 1}
$data merge entity $(bone_torn_part) {transformation: [-0.9941f,-0.0965f,-0.0492f,-0.1956f,-0.1076f,0.9328f,0.3439f,2.6201f,0.0127f,0.3471f,-0.9377f,-0.0143f,0f,0f,0f,1f],start_interpolation: 0,interpolation_duration: 1}
$data merge entity $(bone_lowerbody) {transformation: [-0.9941f,-0.1068f,-0.0179f,-0.0439f,-0.1076f,0.9931f,0.0474f,2.139f,0.0127f,0.0491f,-0.9987f,0.1009f,0f,0f,0f,1f],start_interpolation: 0,interpolation_duration: 1}
$data merge entity $(bone_leftfoot) {transformation: [-0.8184f,-0.0271f,-0.574f,0.6751f,-0.1448f,0.9764f,0.1604f,0.461f,0.5561f,0.2144f,-0.803f,0.2407f,0f,0f,0f,1f],start_interpolation: 0,interpolation_duration: 1}
$data merge entity $(bone_leftlowerleg) {transformation: [-0.8184f,-0.0271f,-0.574f,0.7332f,-0.1448f,0.9764f,0.1604f,1.5195f,0.5561f,0.2144f,-0.803f,0.6019f,0f,0f,0f,1f],start_interpolation: 0,interpolation_duration: 1}
$data merge entity $(bone_leftleg) {transformation: [-0.8593f,-0.4943f,-0.1315f,0.193f,-0.2279f,0.6002f,-0.7667f,2.142f,0.4579f,-0.6288f,-0.6284f,-0.0378f,0f,0f,0f,1f],start_interpolation: 0,interpolation_duration: 1}
$data merge entity $(bone_rightfoot) {transformation: [-0.9485f,-0.1042f,0.299f,-0.1327f,0.0013f,0.943f,0.3327f,0.2116f,-0.3167f,0.316f,-0.8944f,-0.0039f,0f,0f,0f,1f],start_interpolation: 0,interpolation_duration: 1}
$data merge entity $(bone_rightlowerleg) {transformation: [-0.9485f,-0.1042f,0.299f,-0.2942f,0.0013f,0.943f,0.3327f,1.2066f,-0.3167f,0.316f,-0.8944f,0.4841f,0f,0f,0f,1f],start_interpolation: 0,interpolation_duration: 1}
$data merge entity $(bone_rightleg) {transformation: [-0.976f,-0.0136f,0.2175f,-0.2855f,-0.1262f,0.849f,-0.513f,2.101f,-0.1777f,-0.5282f,-0.8304f,-0.0544f,0f,0f,0f,1f],start_interpolation: 0,interpolation_duration: 1}
data modify entity @s data merge value {"cameras":{},"locators":{"lefthand":{"posx":0.05204117301122996,"posy":3.292636235004624,"posz":1.5068766938581046,"roty":133.91075330143636,"rotx":-1.4956245349638564},"sword":{"posx":1.0740262697662146,"posy":5.70202708423051,"posz":-1.7180655605714732,"roty":197.52801323266834,"rotx":-38.23348794197268},"righthand":{"posx":0.20167719585631705,"posy":3.419952797093432,"posz":1.0439627324111216,"roty":197.52801323266834,"rotx":-38.23348794197268},"chest":{"posx":-0.46702009513259296,"posy":2.4512458439946916,"posz":0.35917358686764866,"roty":358.47148989392474,"rotx":13.766728803221893}}}