# This file was generated by Animated Java via MC-Build. It is not recommended to edit this file directly.
$data merge entity $(bone_nose) {transformation: [-0.9995f,-0.0099f,0.03f,-0.0524f,-0.0063f,0.9931f,0.1168f,4.2121f,-0.0309f,0.1165f,-0.9927f,0.1388f,0f,0f,0f,1f],start_interpolation: 0,interpolation_duration: 1}
$data merge entity $(bone_glowing_eye) {transformation: [-0.9995f,-0.0099f,0.03f,-0.179f,-0.0063f,0.9931f,0.1168f,4.2744f,-0.0309f,0.1165f,-0.9927f,0.1775f,0f,0f,0f,1f],start_interpolation: 0,interpolation_duration: 1}
$data merge entity $(bone_head) {transformation: [-0.9995f,-0.0099f,0.03f,-0.0455f,-0.0063f,0.9931f,0.1168f,4.1113f,-0.0309f,0.1165f,-0.9927f,-0.0615f,0f,0f,0f,1f],start_interpolation: 0,interpolation_duration: 1}
$data merge entity $(bone_leftthumb2) {transformation: [-0.9983f,-0.0567f,-0.0151f,0.8158f,-0.0508f,0.9643f,-0.26f,2.0336f,0.0293f,-0.2588f,-0.9655f,0.9656f,0f,0f,0f,1f],start_interpolation: 0,interpolation_duration: 1}
$data merge entity $(bone_leftthumb) {transformation: [-0.9983f,-0.0567f,-0.0151f,0.8006f,-0.0508f,0.9643f,-0.26f,2.2478f,0.0293f,-0.2588f,-0.9655f,0.8196f,0f,0f,0f,1f],start_interpolation: 0,interpolation_duration: 1}
$data merge entity $(bone_leftpointerfinger) {transformation: [-0.9983f,-0.0567f,-0.0151f,0.9277f,-0.0508f,0.9643f,-0.26f,1.9248f,0.0293f,-0.2588f,-0.9655f,0.8561f,0f,0f,0f,1f],start_interpolation: 0,interpolation_duration: 1}
$data merge entity $(bone_leftmidfinger) {transformation: [-0.9983f,-0.0567f,-0.0151f,0.9253f,-0.0508f,0.9643f,-0.26f,1.8842f,0.0293f,-0.2588f,-0.9655f,0.7052f,0f,0f,0f,1f],start_interpolation: 0,interpolation_duration: 1}
$data merge entity $(bone_leftringfinger) {transformation: [-0.9983f,-0.0567f,-0.0151f,0.923f,-0.0508f,0.9643f,-0.26f,1.8435f,0.0293f,-0.2588f,-0.9655f,0.5544f,0f,0f,0f,1f],start_interpolation: 0,interpolation_duration: 1}
$data merge entity $(bone_invisibility) {transformation: [-0.0578f,0.0101f,0.9983f,0.7348f,0.9379f,0.3431f,0.0508f,2.0289f,-0.342f,0.9392f,-0.0293f,0.8634f,0f,0f,0f,1f],start_interpolation: 0,interpolation_duration: 1}
$data merge entity $(bone_swiftness) {transformation: [-0.0151f,-0.0567f,0.9983f,0.6876f,-0.26f,0.9643f,0.0508f,1.8469f,-0.9655f,-0.2588f,-0.0293f,0.719f,0f,0f,0f,1f],start_interpolation: 0,interpolation_duration: 1}
$data merge entity $(bone_suspicious_stew) {transformation: [-0.0578f,-0.0102f,0.9983f,0.7346f,0.764f,0.6432f,0.0508f,1.9349f,-0.6426f,0.7656f,-0.0293f,0.6945f,0f,0f,0f,1f],start_interpolation: 0,interpolation_duration: 1}
$data merge entity $(bone_log) {transformation: [-0.9983f,-0.0567f,-0.0151f,0.6332f,-0.0508f,0.9643f,-0.26f,2.0385f,0.0293f,-0.2588f,-0.9655f,0.6197f,0f,0f,0f,1f],start_interpolation: 0,interpolation_duration: 1}
$data merge entity $(bone_planks) {transformation: [-0.9983f,-0.0567f,-0.0151f,0.5397f,-0.0508f,0.9643f,-0.26f,2.0337f,0.0293f,-0.2588f,-0.9655f,0.6224f,0f,0f,0f,1f],start_interpolation: 0,interpolation_duration: 1}
$data merge entity $(bone_lefthand1) {transformation: [-0.9983f,-0.0567f,-0.0151f,0.8691f,-0.0508f,0.9643f,-0.26f,2.3004f,0.0293f,-0.2588f,-0.9655f,0.5778f,0f,0f,0f,1f],start_interpolation: 0,interpolation_duration: 1}
$data merge entity $(bone_leftforearm) {transformation: [-0.884f,0.0322f,0.4663f,0.8447f,-0.0977f,0.9628f,-0.2518f,2.9755f,-0.4571f,-0.2681f,-0.848f,0.378f,0f,0f,0f,1f],start_interpolation: 0,interpolation_duration: 1}
$data merge entity $(bone_leftelbow) {transformation: [-0.884f,0.0322f,0.4663f,0.8508f,-0.0977f,0.9628f,-0.2518f,3.156f,-0.4571f,-0.2681f,-0.848f,0.3277f,0f,0f,0f,1f],start_interpolation: 0,interpolation_duration: 1}
$data merge entity $(bone_leftarm) {transformation: [-0.8689f,-0.0185f,0.4947f,0.6344f,-0.2064f,0.9218f,-0.3281f,3.5877f,-0.45f,-0.3872f,-0.8048f,0.0566f,0f,0f,0f,1f],start_interpolation: 0,interpolation_duration: 1}
$data merge entity $(bone_rightthumb2) {transformation: [-0.8758f,0.1222f,-0.4669f,-0.8465f,0.1517f,0.9881f,-0.026f,1.887f,0.4581f,-0.0936f,-0.8839f,0.6658f,0f,0f,0f,1f],start_interpolation: 0,interpolation_duration: 1}
$data merge entity $(bone_rightthumb) {transformation: [-0.8758f,0.1222f,-0.4669f,-0.8564f,0.1517f,0.9881f,-0.026f,2.1271f,0.4581f,-0.0936f,-0.8839f,0.5673f,0f,0f,0f,1f],start_interpolation: 0,interpolation_duration: 1}
$data merge entity $(bone_rightpointerfinger) {transformation: [-0.8758f,0.1222f,-0.4669f,-1.0142f,0.1517f,0.9881f,-0.026f,1.8183f,0.4581f,-0.0936f,-0.8839f,0.6067f,0f,0f,0f,1f],start_interpolation: 0,interpolation_duration: 1}
$data merge entity $(bone_rightmidfinger) {transformation: [-0.8758f,0.1222f,-0.4669f,-1.0871f,0.1517f,0.9881f,-0.026f,1.8142f,0.4581f,-0.0936f,-0.8839f,0.4686f,0f,0f,0f,1f],start_interpolation: 0,interpolation_duration: 1}
$data merge entity $(bone_rightringfinger) {transformation: [-0.8758f,0.1222f,-0.4669f,-1.1601f,0.1517f,0.9881f,-0.026f,1.8102f,0.4581f,-0.0936f,-0.8839f,0.3304f,0f,0f,0f,1f],start_interpolation: 0,interpolation_duration: 1}
$data merge entity $(bone_hugeasssword) {transformation: [-3.4304f,0.4785f,-1.8286f,-0.8224f,0.594f,3.87f,-0.1018f,1.9751f,1.7944f,-0.3665f,-3.4621f,0.3417f,0f,0f,0f,1f],start_interpolation: 0,interpolation_duration: 1}
$data merge entity $(bone_ice) {transformation: [-0.8758f,0.1222f,-0.4669f,-0.8106f,0.1517f,0.9881f,-0.026f,1.9573f,0.4581f,-0.0936f,-0.8839f,0.336f,0f,0f,0f,1f],start_interpolation: 0,interpolation_duration: 1}
$data merge entity $(bone_righthand1) {transformation: [-0.8758f,0.1222f,-0.4669f,-1.0136f,0.1517f,0.9881f,-0.026f,2.2414f,0.4581f,-0.0936f,-0.8839f,0.3995f,0f,0f,0f,1f],start_interpolation: 0,interpolation_duration: 1}
$data merge entity $(bone_rightforearm) {transformation: [-0.7087f,0.0374f,-0.7045f,-0.936f,0.1481f,0.9842f,-0.0969f,2.9242f,0.6897f,-0.173f,-0.7031f,0.2509f,0f,0f,0f,1f],start_interpolation: 0,interpolation_duration: 1}
$data merge entity $(bone_rightelbow) {transformation: [-0.7087f,0.0374f,-0.7045f,-0.929f,0.1481f,0.9842f,-0.0969f,3.1088f,0.6897f,-0.173f,-0.7031f,0.2185f,0f,0f,0f,1f],start_interpolation: 0,interpolation_duration: 1}
$data merge entity $(bone_rightarm) {transformation: [-0.6892f,0.1121f,-0.7158f,-0.7022f,0.2572f,0.9615f,-0.097f,3.5362f,0.6774f,-0.2509f,-0.6915f,-0.0326f,0f,0f,0f,1f],start_interpolation: 0,interpolation_duration: 1}
$data merge entity $(bone_chest1) {transformation: [-1.082f,-0.017f,0.0512f,-0.0353f,-0.0174f,1.0832f,-0.0084f,3.4616f,-0.0511f,-0.0093f,-1.0821f,-0.164f,0f,0f,0f,1f],start_interpolation: 0,interpolation_duration: 1}
$data merge entity $(bone_chest1lid) {transformation: [-0.9988f,-0.0157f,0.0473f,-0.3841f,-0.0161f,0.9998f,-0.0078f,2.7758f,-0.0472f,-0.0085f,-0.9989f,0.2166f,0f,0f,0f,1f],start_interpolation: 0,interpolation_duration: 1}
$data merge entity $(bone_chest2) {transformation: [-0.9988f,-0.0157f,0.0473f,-0.3816f,-0.0161f,0.9998f,-0.0078f,2.6196f,-0.0472f,-0.0085f,-0.9989f,0.218f,0f,0f,0f,1f],start_interpolation: 0,interpolation_duration: 1}
$data merge entity $(bone_chest1lid3) {transformation: [-0.9988f,-0.0157f,0.0473f,-0.2914f,-0.0161f,0.9998f,-0.0078f,2.7718f,-0.0472f,-0.0085f,-0.9989f,-0.4203f,0f,0f,0f,1f],start_interpolation: 0,interpolation_duration: 1}
$data merge entity $(bone_chest3) {transformation: [-0.9988f,-0.0157f,0.0473f,-0.2889f,-0.0161f,0.9998f,-0.0078f,2.6156f,-0.0472f,-0.0085f,-0.9989f,-0.419f,0f,0f,0f,1f],start_interpolation: 0,interpolation_duration: 1}
$data merge entity $(bone_hugeasssword2) {transformation: [-0.1853f,2.8425f,-2.6881f,-1.2715f,0.0305f,2.6921f,2.8446f,4.5998f,3.9122f,0.1136f,-0.1495f,-0.4966f,0f,0f,0f,1f],start_interpolation: 0,interpolation_duration: 1}
$data merge entity $(bone_belt) {transformation: [-0.9988f,-0.0157f,0.0473f,-0.0033f,-0.0161f,0.9998f,-0.0078f,3.0649f,-0.0472f,-0.0085f,-0.9989f,-0.0283f,0f,0f,0f,1f],start_interpolation: 0,interpolation_duration: 1}
$data merge entity $(bone_torn_part) {transformation: [-0.9969f,-0.0426f,0.0662f,-0.1203f,-0.0255f,0.9704f,0.2403f,2.7757f,-0.0745f,0.2379f,-0.9684f,-0.0322f,0f,0f,0f,1f],start_interpolation: 0,interpolation_duration: 1}
$data merge entity $(bone_lowerbody) {transformation: [-0.9969f,-0.0207f,0.076f,-0.0235f,-0.0255f,0.9977f,-0.0626f,2.2998f,-0.0745f,-0.0643f,-0.9951f,0.1464f,0f,0f,0f,1f],start_interpolation: 0,interpolation_duration: 1}
$data merge entity $(bone_leftfoot) {transformation: [-0.9656f,-0.1285f,-0.2261f,0.4856f,-0.1301f,0.9915f,-0.0077f,0.1826f,0.2252f,0.022f,-0.9741f,0.0637f,0f,0f,0f,1f],start_interpolation: 0,interpolation_duration: 1}
$data merge entity $(bone_leftlowerleg) {transformation: [-0.9656f,-0.1285f,-0.2261f,0.3778f,-0.1301f,0.9915f,-0.0077f,1.2837f,0.2252f,0.022f,-0.9741f,0.2378f,0f,0f,0f,1f],start_interpolation: 0,interpolation_duration: 1}
$data merge entity $(bone_leftleg) {transformation: [-0.9765f,-0.1291f,-0.1726f,0.2163f,-0.0782f,0.9585f,-0.2743f,2.2988f,0.2008f,-0.2544f,-0.946f,-0.0023f,0f,0f,0f,1f],start_interpolation: 0,interpolation_duration: 1}
$data merge entity $(bone_rightfoot) {transformation: [-0.9161f,-0.0125f,0.4009f,-0.1909f,0.0659f,0.9812f,0.1812f,0.196f,-0.3956f,0.1924f,-0.898f,-0.2022f,0f,0f,0f,1f],start_interpolation: 0,interpolation_duration: 1}
$data merge entity $(bone_rightlowerleg) {transformation: [-0.9161f,-0.0125f,0.4009f,-0.2665f,0.0659f,0.9812f,0.1812f,1.2567f,-0.3956f,0.1924f,-0.898f,0.1492f,0f,0f,0f,1f],start_interpolation: 0,interpolation_duration: 1}
$data merge entity $(bone_rightleg) {transformation: [-0.9706f,-0.0055f,0.2406f,-0.2527f,-0.0547f,0.9787f,-0.198f,2.2928f,-0.2343f,-0.2053f,-0.9502f,-0.042f,0f,0f,0f,1f],start_interpolation: 0,interpolation_duration: 1}
data modify entity @s data merge value {"cameras":{},"locators":{"lefthand":{"posx":0.7314949956522201,"posy":1.9719703915733755,"posz":0.6522413083492726,"roty":359.10151661339535,"rotx":-15.072439837077455},"sword":{"posx":0.8343098616968656,"posy":2.0522467043920547,"posz":3.653721876280941,"roty":332.1578819477228,"rotx":-1.4887697469481507},"righthand":{"posx":-0.8873068713861851,"posy":1.9564417297195105,"posz":0.39419530311169737,"roty":332.1578819477228,"rotx":-1.4887697469481507},"chest":{"posx":-0.42171753454840655,"posy":2.7140346220796965,"posz":0.3717529794027757,"roty":2.7110921758462325,"rotx":-0.4462743464904474}}}