# This file was generated by Animated Java via MC-Build. It is not recommended to edit this file directly.
$data merge entity $(bone_nose) {transformation: [-0.9942f,-0.0511f,0.0946f,-0.0183f,-0.0242f,0.9638f,0.2655f,4.1876f,-0.1048f,0.2617f,-0.9595f,0.4354f,0f,0f,0f,1f],start_interpolation: 0,interpolation_duration: 1}
$data merge entity $(bone_glowing_eye) {transformation: [-0.9942f,-0.0511f,0.0946f,-0.1493f,-0.0242f,0.9638f,0.2655f,4.2406f,-0.1048f,0.2617f,-0.9595f,0.4735f,0f,0f,0f,1f],start_interpolation: 0,interpolation_duration: 1}
$data merge entity $(bone_head) {transformation: [-0.9942f,-0.0511f,0.0946f,0.0057f,-0.0242f,0.9638f,0.2655f,4.1183f,-0.1048f,0.2617f,-0.9595f,0.2234f,0f,0f,0f,1f],start_interpolation: 0,interpolation_duration: 1}
$data merge entity $(bone_leftthumb2) {transformation: [-0.1485f,0.715f,0.6832f,-0.6136f,-0.981f,-0.1936f,-0.0106f,3.5211f,0.1246f,-0.6718f,0.7302f,1.389f,0f,0f,0f,1f],start_interpolation: 0,interpolation_duration: 1}
$data merge entity $(bone_leftthumb) {transformation: [-0.1485f,0.715f,0.6832f,-0.3799f,-0.981f,-0.1936f,-0.0106f,3.4727f,0.1246f,-0.6718f,0.7302f,1.2867f,0f,0f,0f,1f],start_interpolation: 0,interpolation_duration: 1}
$data merge entity $(bone_leftpointerfinger) {transformation: [-0.1485f,0.715f,0.6832f,-0.5662f,-0.981f,-0.1936f,-0.0106f,3.643f,0.1246f,-0.6718f,0.7302f,1.5277f,0f,0f,0f,1f],start_interpolation: 0,interpolation_duration: 1}
$data merge entity $(bone_leftmidfinger) {transformation: [-0.1485f,0.715f,0.6832f,-0.4595f,-0.981f,-0.1936f,-0.0106f,3.6414f,0.1246f,-0.6718f,0.7302f,1.6418f,0f,0f,0f,1f],start_interpolation: 0,interpolation_duration: 1}
$data merge entity $(bone_leftringfinger) {transformation: [-0.1485f,0.715f,0.6832f,-0.3527f,-0.981f,-0.1936f,-0.0106f,3.6397f,0.1246f,-0.6718f,0.7302f,1.7559f,0f,0f,0f,1f],start_interpolation: 0,interpolation_duration: 1}
$data merge entity $(bone_invisibility) {transformation: [0.7718f,-0.6182f,0.1485f,-0.5372f,-0.1938f,-0.0063f,0.981f,3.4382f,-0.6056f,-0.786f,-0.1246f,1.4548f,0f,0f,0f,1f],start_interpolation: 0,interpolation_duration: 1}
$data merge entity $(bone_swiftness) {transformation: [0.6832f,0.715f,0.1485f,-0.5137f,-0.0106f,-0.1936f,0.981f,3.4114f,0.7302f,-0.6718f,-0.1246f,1.6892f,0f,0f,0f,1f],start_interpolation: 0,interpolation_duration: 1}
$data merge entity $(bone_suspicious_stew) {transformation: [0.9367f,-0.317f,0.1485f,-0.4426f,-0.1799f,-0.0722f,0.981f,3.4453f,-0.3002f,-0.9457f,-0.1246f,1.6232f,0f,0f,0f,1f],start_interpolation: 0,interpolation_duration: 1}
$data merge entity $(bone_log) {transformation: [-0.1485f,0.715f,0.6832f,-0.3351f,-0.981f,-0.1936f,-0.0106f,3.3287f,0.1246f,-0.6718f,0.7302f,1.5851f,0f,0f,0f,1f],start_interpolation: 0,interpolation_duration: 1}
$data merge entity $(bone_planks) {transformation: [-0.1485f,0.715f,0.6832f,-0.3491f,-0.981f,-0.1936f,-0.0106f,3.2367f,0.1246f,-0.6718f,0.7302f,1.5968f,0f,0f,0f,1f],start_interpolation: 0,interpolation_duration: 1}
$data merge entity $(bone_lefthand1) {transformation: [-0.1485f,0.715f,0.6832f,-0.1406f,-0.981f,-0.1936f,-0.0106f,3.5259f,0.1246f,-0.6718f,0.7302f,1.3632f,0f,0f,0f,1f],start_interpolation: 0,interpolation_duration: 1}
$data merge entity $(bone_leftforearm) {transformation: [-0.2846f,0.8157f,0.5037f,0.4054f,-0.775f,0.1135f,-0.6217f,3.5426f,-0.5643f,-0.5673f,0.5998f,0.9146f,0f,0f,0f,1f],start_interpolation: 0,interpolation_duration: 1}
$data merge entity $(bone_leftelbow) {transformation: [-0.2846f,0.8157f,0.5037f,0.5583f,-0.775f,0.1135f,-0.6217f,3.5639f,-0.5643f,-0.5673f,0.5998f,0.8083f,0f,0f,0f,1f],start_interpolation: 0,interpolation_duration: 1}
$data merge entity $(bone_leftarm) {transformation: [-0.3272f,0.3585f,0.8743f,0.608f,-0.8229f,0.3468f,-0.4502f,3.5556f,-0.4646f,-0.8667f,0.1815f,0.3051f,0f,0f,0f,1f],start_interpolation: 0,interpolation_duration: 1}
$data merge entity $(bone_rightthumb2) {transformation: [-0.881f,-0.472f,-0.0329f,-0.04f,0.2241f,-0.3549f,-0.9077f,4.0349f,0.4167f,-0.807f,0.4184f,1.4542f,0f,0f,0f,1f],start_interpolation: 0,interpolation_duration: 1}
$data merge entity $(bone_rightthumb) {transformation: [-0.881f,-0.472f,-0.0329f,-0.1585f,0.2241f,-0.3549f,-0.9077f,3.8703f,0.4167f,-0.807f,0.4184f,1.2921f,0f,0f,0f,1f],start_interpolation: 0,interpolation_duration: 1}
$data merge entity $(bone_rightpointerfinger) {transformation: [-0.881f,-0.472f,-0.0329f,-0.1016f,0.2241f,-0.3549f,-0.9077f,3.9687f,0.4167f,-0.807f,0.4184f,1.6221f,0f,0f,0f,1f],start_interpolation: 0,interpolation_duration: 1}
$data merge entity $(bone_rightmidfinger) {transformation: [-0.881f,-0.472f,-0.0329f,-0.1067f,0.2241f,-0.3549f,-0.9077f,3.8268f,0.4167f,-0.807f,0.4184f,1.6874f,0f,0f,0f,1f],start_interpolation: 0,interpolation_duration: 1}
$data merge entity $(bone_rightringfinger) {transformation: [-0.881f,-0.472f,-0.0329f,-0.1118f,0.2241f,-0.3549f,-0.9077f,3.685f,0.4167f,-0.807f,0.4184f,1.7528f,0f,0f,0f,1f],start_interpolation: 0,interpolation_duration: 1}
$data merge entity $(bone_hugeasssword) {transformation: [-3.4506f,-1.8486f,-0.129f,0.032f,0.8776f,-1.39f,-3.555f,3.7094f,1.6321f,-3.1608f,1.6388f,1.4063f,0f,0f,0f,1f],start_interpolation: 0,interpolation_duration: 1}
$data merge entity $(bone_ice) {transformation: [-0.881f,-0.472f,-0.0329f,0.0531f,0.2241f,-0.3549f,-0.9077f,3.7115f,0.4167f,-0.807f,0.4184f,1.4124f,0f,0f,0f,1f],start_interpolation: 0,interpolation_duration: 1}
$data merge entity $(bone_righthand1) {transformation: [-0.881f,-0.472f,-0.0329f,-0.2862f,0.2241f,-0.3549f,-0.9077f,3.6504f,0.4167f,-0.807f,0.4184f,1.3279f,0f,0f,0f,1f],start_interpolation: 0,interpolation_duration: 1}
$data merge entity $(bone_rightforearm) {transformation: [-0.6165f,-0.5983f,-0.5118f,-0.6678f,0.6253f,0.023f,-0.78f,3.6267f,0.4785f,-0.8009f,0.36f,0.7271f,0f,0f,0f,1f],start_interpolation: 0,interpolation_duration: 1}
$data merge entity $(bone_rightelbow) {transformation: [-0.6165f,-0.5983f,-0.5118f,-0.78f,0.6253f,0.023f,-0.78f,3.6311f,0.4785f,-0.8009f,0.36f,0.5769f,0f,0f,0f,1f],start_interpolation: 0,interpolation_duration: 1}
$data merge entity $(bone_rightarm) {transformation: [-0.6449f,-0.1261f,-0.7538f,-0.6718f,0.6635f,0.3972f,-0.634f,3.6799f,0.3794f,-0.909f,-0.1725f,0.0955f,0f,0f,0f,1f],start_interpolation: 0,interpolation_duration: 1}
$data merge entity $(bone_chest1) {transformation: [-1.0677f,0.0509f,0.1764f,0.0029f,0.0894f,1.0533f,0.2372f,3.5035f,-0.1604f,0.2483f,-1.0422f,-0.0134f,0f,0f,0f,1f],start_interpolation: 0,interpolation_duration: 1}
$data merge entity $(bone_chest1lid) {transformation: [-0.9855f,0.047f,0.1629f,-0.4294f,0.0825f,0.9722f,0.2189f,2.7815f,-0.1481f,0.2292f,-0.9621f,0.1559f,0f,0f,0f,1f],start_interpolation: 0,interpolation_duration: 1}
$data merge entity $(bone_chest2) {transformation: [-0.9855f,0.047f,0.1629f,-0.4367f,0.0825f,0.9722f,0.2189f,2.6296f,-0.1481f,0.2292f,-0.9621f,0.1201f,0f,0f,0f,1f],start_interpolation: 0,interpolation_duration: 1}
$data merge entity $(bone_chest1lid3) {transformation: [-0.9855f,0.047f,0.1629f,-0.2635f,0.0825f,0.9722f,0.2189f,2.9166f,-0.1481f,0.2292f,-0.9621f,-0.4512f,0f,0f,0f,1f],start_interpolation: 0,interpolation_duration: 1}
$data merge entity $(bone_chest3) {transformation: [-0.9855f,0.047f,0.1629f,-0.2708f,0.0825f,0.9722f,0.2189f,2.7647f,-0.1481f,0.2292f,-0.9621f,-0.487f,0f,0f,0f,1f],start_interpolation: 0,interpolation_duration: 1}
$data merge entity $(bone_hugeasssword2) {transformation: [-0.6379f,2.9702f,-2.4721f,-1.1136f,-0.8574f,2.3343f,3.0259f,4.7913f,3.7681f,1.034f,0.2701f,-0.1847f,0f,0f,0f,1f],start_interpolation: 0,interpolation_duration: 1}
$data merge entity $(bone_belt) {transformation: [-0.9855f,0.047f,0.1629f,-0.0055f,0.0825f,0.9722f,0.2189f,3.0849f,-0.1481f,0.2292f,-0.9621f,0.026f,0f,0f,0f,1f],start_interpolation: 0,interpolation_duration: 1}
$data merge entity $(bone_torn_part) {transformation: [-0.994f,0.0132f,0.1089f,-0.1418f,0.0576f,0.9077f,0.4156f,2.812f,-0.0934f,0.4193f,-0.903f,-0.0454f,0f,0f,0f,1f],start_interpolation: 0,interpolation_duration: 1}
$data merge entity $(bone_lowerbody) {transformation: [-0.994f,0.0453f,0.0999f,-0.0809f,0.0576f,0.9907f,0.1234f,2.3053f,-0.0934f,0.1284f,-0.9873f,0.0399f,0f,0f,0f,1f],start_interpolation: 0,interpolation_duration: 1}
$data merge entity $(bone_leftfoot) {transformation: [-0.9384f,0.0397f,-0.3432f,0.108f,-0.0106f,0.9896f,0.1434f,0.1966f,0.3454f,0.1382f,-0.9282f,-0.2103f,0f,0f,0f,1f],start_interpolation: 0,interpolation_duration: 1}
$data merge entity $(bone_leftlowerleg) {transformation: [-0.9384f,0.0397f,-0.3432f,0.2048f,-0.0106f,0.9896f,0.1434f,1.2724f,0.3454f,0.1382f,-0.9282f,0.0856f,0f,0f,0f,1f],start_interpolation: 0,interpolation_duration: 1}
$data merge entity $(bone_leftleg) {transformation: [-0.9793f,-0.0239f,-0.201f,0.1583f,0.0178f,0.9789f,-0.2034f,2.3067f,0.2017f,-0.2028f,-0.9582f,-0.1004f,0f,0f,0f,1f],start_interpolation: 0,interpolation_duration: 1}
$data merge entity $(bone_rightfoot) {transformation: [-0.91f,0.3064f,0.2795f,-0.999f,0.305f,0.9511f,-0.0496f,0.4469f,-0.281f,0.0401f,-0.9589f,0.2359f,0f,0f,0f,1f],start_interpolation: 0,interpolation_duration: 1}
$data merge entity $(bone_rightlowerleg) {transformation: [-0.91f,0.3064f,0.2795f,-0.7021f,0.305f,0.9511f,-0.0496f,1.5096f,-0.281f,0.0401f,-0.9589f,0.4277f,0f,0f,0f,1f],start_interpolation: 0,interpolation_duration: 1}
$data merge entity $(bone_rightleg) {transformation: [-0.9355f,0.3411f,0.0922f,-0.3165f,0.2197f,0.766f,-0.6042f,2.3197f,-0.2766f,-0.5449f,-0.7915f,-0.1295f,0f,0f,0f,1f],start_interpolation: 0,interpolation_duration: 1}
data modify entity @s data merge value {"cameras":{},"locators":{"lefthand":{"posx":-0.38775128874692916,"posy":3.4359131459032244,"posz":1.6145305543988098,"roty":136.90650575456988,"rotx":-0.6097528923932249},"sword":{"posx":0.09982398117697062,"posy":7.099188920799584,"posz":-0.08538144828483696,"roty":184.5000371660506,"rotx":-65.18385941042368},"righthand":{"posx":-0.021606003315952194,"posy":3.752195325190114,"posz":1.457520000225479,"roty":184.5000371660506,"rotx":-65.18385941042368},"chest":{"posx":-0.4885850584717547,"posy":2.689133063218453,"posz":0.28727598534564186,"roty":9.60802777170096,"rotx":12.645095514298959}}}