# This file was generated by Animated Java via MC-Build. It is not recommended to edit this file directly.
$data merge entity $(bone_nose) {transformation: [-0.9789f,-0.1782f,-0.1f,-0.2868f,-0.1977f,0.9496f,0.2434f,4.0974f,0.0516f,0.258f,-0.9648f,0.5055f,0f,0f,0f,1f],start_interpolation: 0,interpolation_duration: 1}
$data merge entity $(bone_glowing_eye) {transformation: [-0.9789f,-0.1782f,-0.1f,-0.4177f,-0.1977f,0.9496f,0.2434f,4.1285f,0.0516f,0.258f,-0.9648f,0.5631f,0f,0f,0f,1f],start_interpolation: 0,interpolation_duration: 1}
$data merge entity $(bone_head) {transformation: [-0.9789f,-0.1782f,-0.1f,-0.2835f,-0.1977f,0.9496f,0.2434f,4.0257f,0.0516f,0.258f,-0.9648f,0.293f,0f,0f,0f,1f],start_interpolation: 0,interpolation_duration: 1}
$data merge entity $(bone_leftthumb2) {transformation: [0.4452f,0.7359f,0.5102f,-0.6111f,-0.8092f,0.5746f,-0.1226f,3.389f,-0.3834f,-0.3583f,0.8513f,0.8564f,0f,0f,0f,1f],start_interpolation: 0,interpolation_duration: 1}
$data merge entity $(bone_leftthumb) {transformation: [0.4452f,0.7359f,0.5102f,-0.387f,-0.8092f,0.5746f,-0.1226f,3.5194f,-0.3834f,-0.3583f,0.8513f,0.8412f,0f,0f,0f,1f],start_interpolation: 0,interpolation_duration: 1}
$data merge entity $(bone_leftpointerfinger) {transformation: [0.4452f,0.7359f,0.5102f,-0.6532f,-0.8092f,0.5746f,-0.1226f,3.4136f,-0.3834f,-0.3583f,0.8513f,1.0406f,0f,0f,0f,1f],start_interpolation: 0,interpolation_duration: 1}
$data merge entity $(bone_leftmidfinger) {transformation: [0.4452f,0.7359f,0.5102f,-0.5735f,-0.8092f,0.5746f,-0.1226f,3.3945f,-0.3834f,-0.3583f,0.8513f,1.1736f,0f,0f,0f,1f],start_interpolation: 0,interpolation_duration: 1}
$data merge entity $(bone_leftringfinger) {transformation: [0.4452f,0.7359f,0.5102f,-0.4938f,-0.8092f,0.5746f,-0.1226f,3.3753f,-0.3834f,-0.3583f,0.8513f,1.3067f,0f,0f,0f,1f],start_interpolation: 0,interpolation_duration: 1}
$data merge entity $(bone_invisibility) {transformation: [0.7775f,-0.4441f,-0.4452f,-0.5052f,0.5617f,0.1722f,0.8092f,3.3286f,-0.2828f,-0.8793f,0.3834f,0.903f,0f,0f,0f,1f],start_interpolation: 0,interpolation_duration: 1}
$data merge entity $(bone_swiftness) {transformation: [0.5102f,0.7359f,-0.4452f,-0.486f,-0.1226f,0.5746f,0.8092f,3.1856f,0.8513f,-0.3583f,0.3834f,1.0911f,0f,0f,0f,1f],start_interpolation: 0,interpolation_duration: 1}
$data merge entity $(bone_suspicious_stew) {transformation: [0.8825f,-0.1514f,-0.4452f,-0.444f,0.4689f,0.3539f,0.8092f,3.2787f,0.035f,-0.9229f,0.3834f,1.0794f,0f,0f,0f,1f],start_interpolation: 0,interpolation_duration: 1}
$data merge entity $(bone_log) {transformation: [0.4452f,0.7359f,0.5102f,-0.2864f,-0.8092f,0.5746f,-0.1226f,3.2689f,-0.3834f,-0.3583f,0.8513f,1.0385f,0f,0f,0f,1f],start_interpolation: 0,interpolation_duration: 1}
$data merge entity $(bone_planks) {transformation: [0.4452f,0.7359f,0.5102f,-0.2447f,-0.8092f,0.5746f,-0.1226f,3.193f,-0.3834f,-0.3583f,0.8513f,1.0026f,0f,0f,0f,1f],start_interpolation: 0,interpolation_duration: 1}
$data merge entity $(bone_lefthand1) {transformation: [0.4452f,0.7359f,0.5102f,-0.2297f,-0.8092f,0.5746f,-0.1226f,3.6186f,-0.3834f,-0.3583f,0.8513f,1.0182f,0f,0f,0f,1f],start_interpolation: 0,interpolation_duration: 1}
$data merge entity $(bone_leftforearm) {transformation: [-0.2301f,0.9157f,0.3295f,0.3911f,-0.8659f,-0.0381f,-0.4987f,3.5329f,-0.4441f,-0.4001f,0.8017f,0.6944f,0f,0f,0f,1f],start_interpolation: 0,interpolation_duration: 1}
$data merge entity $(bone_leftelbow) {transformation: [-0.2301f,0.9157f,0.3295f,0.5628f,-0.8659f,-0.0381f,-0.4987f,3.5258f,-0.4441f,-0.4001f,0.8017f,0.6194f,0f,0f,0f,1f],start_interpolation: 0,interpolation_duration: 1}
$data merge entity $(bone_leftarm) {transformation: [-0.2535f,-0.1239f,0.9594f,0.3631f,-0.905f,0.3807f,-0.1899f,3.4968f,-0.3417f,-0.9164f,-0.2086f,0.1807f,0f,0f,0f,1f],start_interpolation: 0,interpolation_duration: 1}
$data merge entity $(bone_rightthumb2) {transformation: [-0.7896f,-0.6057f,-0.0982f,0.1192f,0.5539f,-0.6346f,-0.5389f,4.2075f,0.2641f,-0.4799f,0.8366f,0.8139f,0f,0f,0f,1f],start_interpolation: 0,interpolation_duration: 1}
$data merge entity $(bone_rightthumb) {transformation: [-0.7896f,-0.6057f,-0.0982f,-0.0377f,0.5539f,-0.6346f,-0.5389f,4.0058f,0.2641f,-0.4799f,0.8366f,0.7677f,0f,0f,0f,1f],start_interpolation: 0,interpolation_duration: 1}
$data merge entity $(bone_rightpointerfinger) {transformation: [-0.7896f,-0.6057f,-0.0982f,0.0701f,0.5539f,-0.6346f,-0.5389f,4.2494f,0.2641f,-0.4799f,0.8366f,0.9933f,0f,0f,0f,1f],start_interpolation: 0,interpolation_duration: 1}
$data merge entity $(bone_rightmidfinger) {transformation: [-0.7896f,-0.6057f,-0.0982f,0.0547f,0.5539f,-0.6346f,-0.5389f,4.1652f,0.2641f,-0.4799f,0.8366f,1.124f,0f,0f,0f,1f],start_interpolation: 0,interpolation_duration: 1}
$data merge entity $(bone_rightringfinger) {transformation: [-0.7896f,-0.6057f,-0.0982f,0.0394f,0.5539f,-0.6346f,-0.5389f,4.081f,0.2641f,-0.4799f,0.8366f,1.2548f,0f,0f,0f,1f],start_interpolation: 0,interpolation_duration: 1}
$data merge entity $(bone_hugeasssword) {transformation: [-3.0926f,-2.3724f,-0.3847f,0.143f,2.1693f,-2.4856f,-2.1109f,3.8976f,1.0345f,-1.8798f,3.2767f,0.9433f,0f,0f,0f,1f],start_interpolation: 0,interpolation_duration: 1}
$data merge entity $(bone_ice) {transformation: [-0.7896f,-0.6057f,-0.0982f,0.1648f,0.5539f,-0.6346f,-0.5389f,3.8988f,0.2641f,-0.4799f,0.8366f,0.9467f,0f,0f,0f,1f],start_interpolation: 0,interpolation_duration: 1}
$data merge entity $(bone_righthand1) {transformation: [-0.7896f,-0.6057f,-0.0982f,-0.1871f,0.5539f,-0.6346f,-0.5389f,3.8618f,0.2641f,-0.4799f,0.8366f,0.9189f,0f,0f,0f,1f],start_interpolation: 0,interpolation_duration: 1}
$data merge entity $(bone_rightforearm) {transformation: [-0.3008f,-0.9488f,0.0967f,-0.8216f,0.785f,-0.3039f,-0.5399f,3.5959f,0.5416f,-0.0865f,0.8362f,0.7969f,0f,0f,0f,1f],start_interpolation: 0,interpolation_duration: 1}
$data merge entity $(bone_rightelbow) {transformation: [-0.3008f,-0.9488f,0.0967f,-0.9995f,0.785f,-0.3039f,-0.5399f,3.539f,0.5416f,-0.0865f,0.8362f,0.7806f,0f,0f,0f,1f],start_interpolation: 0,interpolation_duration: 1}
$data merge entity $(bone_rightarm) {transformation: [-0.3558f,-0.1937f,-0.9143f,-0.9237f,0.8063f,0.431f,-0.4051f,3.5591f,0.4725f,-0.8813f,0.0028f,0.3308f,0f,0f,0f,1f],start_interpolation: 0,interpolation_duration: 1}
$data merge entity $(bone_chest1) {transformation: [-1.0731f,0.0741f,-0.1286f,-0.3006f,0.0254f,1.0164f,0.3739f,3.4322f,0.1462f,0.3674f,-1.0086f,0.0038f,0f,0f,0f,1f],start_interpolation: 0,interpolation_duration: 1}
$data merge entity $(bone_chest1lid) {transformation: [-0.9906f,0.0684f,-0.1187f,-0.6391f,0.0234f,0.9382f,0.3452f,2.6639f,0.135f,0.3391f,-0.931f,0.1824f,0f,0f,0f,1f],start_interpolation: 0,interpolation_duration: 1}
$data merge entity $(bone_chest2) {transformation: [-0.9906f,0.0684f,-0.1187f,-0.6498f,0.0234f,0.9382f,0.3452f,2.5173f,0.135f,0.3391f,-0.931f,0.1294f,0f,0f,0f,1f],start_interpolation: 0,interpolation_duration: 1}
$data merge entity $(bone_chest1lid3) {transformation: [-0.9906f,0.0684f,-0.1187f,-0.6533f,0.0234f,0.9382f,0.3452f,2.8836f,0.135f,0.3391f,-0.931f,-0.4224f,0f,0f,0f,1f],start_interpolation: 0,interpolation_duration: 1}
$data merge entity $(bone_chest3) {transformation: [-0.9906f,0.0684f,-0.1187f,-0.664f,0.0234f,0.9382f,0.3452f,2.7369f,0.135f,0.3391f,-0.931f,-0.4754f,0f,0f,0f,1f],start_interpolation: 0,interpolation_duration: 1}
$data merge entity $(bone_hugeasssword2) {transformation: [0.465f,3.0414f,-2.4236f,-1.4732f,-1.3519f,2.4151f,2.7713f,4.6411f,3.6464f,0.5076f,1.3365f,0.317f,0f,0f,0f,1f],start_interpolation: 0,interpolation_duration: 1}
$data merge entity $(bone_belt) {transformation: [-0.9906f,0.0684f,-0.1187f,-0.2806f,0.0234f,0.9382f,0.3452f,3.0125f,0.135f,0.3391f,-0.931f,-0.0138f,0f,0f,0f,1f],start_interpolation: 0,interpolation_duration: 1}
$data merge entity $(bone_torn_part) {transformation: [-0.9853f,0.0213f,-0.1696f,-0.4111f,-0.0603f,0.8851f,0.4615f,2.7316f,0.1599f,0.465f,-0.8708f,-0.0772f,0f,0f,0f,1f],start_interpolation: 0,interpolation_duration: 1}
$data merge entity $(bone_lowerbody) {transformation: [-0.9853f,-0.0307f,-0.1681f,-0.2763f,-0.0603f,0.9829f,0.174f,2.2331f,0.1599f,0.1816f,-0.9703f,-0.045f,0f,0f,0f,1f],start_interpolation: 0,interpolation_duration: 1}
$data merge entity $(bone_leftfoot) {transformation: [-0.716f,0.1198f,-0.6877f,0.518f,-0.2158f,0.899f,0.3812f,1.0883f,0.6639f,0.4213f,-0.6178f,-0.1271f,0f,0f,0f,1f],start_interpolation: 0,interpolation_duration: 1}
$data merge entity $(bone_leftlowerleg) {transformation: [-0.716f,0.1198f,-0.6877f,0.7565f,-0.2158f,0.899f,0.3812f,2.0271f,0.6639f,0.4213f,-0.6178f,0.4353f,0f,0f,0f,1f],start_interpolation: 0,interpolation_duration: 1}
$data merge entity $(bone_leftleg) {transformation: [-0.6565f,-0.7514f,0.0664f,-0.0455f,-0.3253f,0.2027f,-0.9236f,2.2134f,0.6805f,-0.628f,-0.3775f,-0.1984f,0f,0f,0f,1f],start_interpolation: 0,interpolation_duration: 1}
$data merge entity $(bone_rightfoot) {transformation: [-0.9299f,0.2424f,0.2768f,-1.0445f,0.2653f,0.963f,0.0478f,0.226f,-0.2549f,0.1178f,-0.9598f,-0.063f,0f,0f,0f,1f],start_interpolation: 0,interpolation_duration: 1}
$data merge entity $(bone_rightlowerleg) {transformation: [-0.9299f,0.2424f,0.2768f,-0.8181f,0.2653f,0.963f,0.0478f,1.287f,-0.2549f,0.1178f,-0.9598f,0.2151f,0f,0f,0f,1f],start_interpolation: 0,interpolation_duration: 1}
$data merge entity $(bone_rightleg) {transformation: [-0.9718f,0.2356f,-0.0025f,-0.5455f,0.2179f,0.8948f,-0.3896f,2.228f,-0.0896f,-0.3792f,-0.921f,-0.1646f,0f,0f,0f,1f],start_interpolation: 0,interpolation_duration: 1}
data modify entity @s data merge value {"cameras":{},"locators":{"lefthand":{"posx":-0.3936043835160121,"posy":3.3017610006527707,"posz":1.0891762798902767,"roty":149.0628544448614,"rotx":-7.040638828157177},"sword":{"posx":0.4638906883562901,"posy":5.956452933011928,"posz":-2.119058837287696,"roty":186.6954325134899,"rotx":-32.61213646726149},"righthand":{"posx":0.1017430312949048,"posy":3.9690776758110005,"posz":0.9658795594311909,"roty":186.6954325134899,"rotx":-32.61213646726149},"chest":{"posx":-0.6558190602627815,"posy":2.5520417911896285,"posz":0.3109066996189636,"roty":352.73276996047997,"rotx":20.192565608686365}}}