# This file was generated by Animated Java via MC-Build. It is not recommended to edit this file directly.
$data merge entity $(bone_nose) {transformation: [-0.9977f,-0.0526f,-0.0419f,-0.0748f,-0.062f,0.9611f,0.2691f,4.1058f,0.0261f,0.271f,-0.9622f,0.4913f,0f,0f,0f,1f],start_interpolation: 0,interpolation_duration: 1}
$data merge entity $(bone_glowing_eye) {transformation: [-0.9977f,-0.0526f,-0.0419f,-0.2016f,-0.062f,0.9611f,0.2691f,4.1538f,0.0261f,0.271f,-0.9622f,0.5465f,0f,0f,0f,1f],start_interpolation: 0,interpolation_duration: 1}
$data merge entity $(bone_head) {transformation: [-0.9977f,-0.0526f,-0.0419f,-0.0762f,-0.062f,0.9611f,0.2691f,4.0375f,0.0261f,0.271f,-0.9622f,0.2776f,0f,0f,0f,1f],start_interpolation: 0,interpolation_duration: 1}
$data merge entity $(bone_leftthumb2) {transformation: [-0.3578f,0.8425f,0.4027f,-0.1484f,-0.9264f,-0.3745f,-0.0395f,3.7006f,0.1175f,-0.3872f,0.9145f,1.1668f,0f,0f,0f,1f],start_interpolation: 0,interpolation_duration: 1}
$data merge entity $(bone_leftthumb) {transformation: [-0.3578f,0.8425f,0.4027f,0.0926f,-0.9264f,-0.3745f,-0.0395f,3.6054f,0.1175f,-0.3872f,0.9145f,1.15f,0f,0f,0f,1f],start_interpolation: 0,interpolation_duration: 1}
$data merge entity $(bone_leftpointerfinger) {transformation: [-0.3578f,0.8425f,0.4027f,-0.1258f,-0.9264f,-0.3745f,-0.0395f,3.8277f,0.1175f,-0.3872f,0.9145f,1.3071f,0f,0f,0f,1f],start_interpolation: 0,interpolation_duration: 1}
$data merge entity $(bone_leftmidfinger) {transformation: [-0.3578f,0.8425f,0.4027f,-0.0629f,-0.9264f,-0.3745f,-0.0395f,3.8216f,0.1175f,-0.3872f,0.9145f,1.4499f,0f,0f,0f,1f],start_interpolation: 0,interpolation_duration: 1}
$data merge entity $(bone_leftringfinger) {transformation: [-0.3578f,0.8425f,0.4027f,0f,-0.9264f,-0.3745f,-0.0395f,3.8154f,0.1175f,-0.3872f,0.9145f,1.5928f,0f,0f,0f,1f],start_interpolation: 0,interpolation_duration: 1}
$data merge entity $(bone_invisibility) {transformation: [0.8744f,-0.3277f,0.3578f,-0.1134f,-0.3765f,0.0067f,0.9264f,3.6143f,-0.306f,-0.9447f,-0.1175f,1.2582f,0f,0f,0f,1f],start_interpolation: 0,interpolation_duration: 1}
$data merge entity $(bone_swiftness) {transformation: [0.4027f,0.8425f,0.3578f,-0.1706f,-0.0395f,-0.3745f,0.9264f,3.6094f,0.9145f,-0.3872f,-0.1175f,1.4882f,0f,0f,0f,1f],start_interpolation: 0,interpolation_duration: 1}
$data merge entity $(bone_suspicious_stew) {transformation: [0.9338f,-0.0089f,0.3578f,-0.0773f,-0.3561f,-0.1225f,0.9264f,3.6245f,0.0356f,-0.9924f,-0.1175f,1.4478f,0f,0f,0f,1f],start_interpolation: 0,interpolation_duration: 1}
$data merge entity $(bone_log) {transformation: [-0.3578f,0.8425f,0.4027f,0.0133f,-0.9264f,-0.3745f,-0.0395f,3.4889f,0.1175f,-0.3872f,0.9145f,1.4533f,0f,0f,0f,1f],start_interpolation: 0,interpolation_duration: 1}
$data merge entity $(bone_planks) {transformation: [-0.3578f,0.8425f,0.4027f,-0.0202f,-0.9264f,-0.3745f,-0.0395f,3.4021f,0.1175f,-0.3872f,0.9145f,1.4643f,0f,0f,0f,1f],start_interpolation: 0,interpolation_duration: 1}
$data merge entity $(bone_lefthand1) {transformation: [-0.3578f,0.8425f,0.4027f,0.3008f,-0.9264f,-0.3745f,-0.0395f,3.6282f,0.1175f,-0.3872f,0.9145f,1.2985f,0f,0f,0f,1f],start_interpolation: 0,interpolation_duration: 1}
$data merge entity $(bone_leftforearm) {transformation: [-0.6295f,0.7185f,0.2959f,0.757f,-0.5772f,-0.1774f,-0.7971f,3.4566f,-0.5202f,-0.6726f,0.5264f,0.7734f,0f,0f,0f,1f],start_interpolation: 0,interpolation_duration: 1}
$data merge entity $(bone_leftelbow) {transformation: [-0.6295f,0.7185f,0.2959f,0.8917f,-0.5772f,-0.1774f,-0.7971f,3.4233f,-0.5202f,-0.6726f,0.5264f,0.6473f,0f,0f,0f,1f],start_interpolation: 0,interpolation_duration: 1}
$data merge entity $(bone_leftarm) {transformation: [-0.6428f,-0.1638f,0.7483f,0.609f,-0.6373f,0.6563f,-0.4038f,3.5884f,-0.425f,-0.7365f,-0.5263f,0.2938f,0f,0f,0f,1f],start_interpolation: 0,interpolation_duration: 1}
$data merge entity $(bone_rightthumb2) {transformation: [-0.9216f,-0.3869f,0.0315f,0.0342f,0.2137f,-0.5733f,-0.791f,4.1265f,0.3241f,-0.7222f,0.611f,1.0755f,0f,0f,0f,1f],start_interpolation: 0,interpolation_duration: 1}
$data merge entity $(bone_rightthumb) {transformation: [-0.9216f,-0.3869f,0.0315f,-0.058f,0.2137f,-0.5733f,-0.791f,3.9183f,0.3241f,-0.7222f,0.611f,0.9506f,0f,0f,0f,1f],start_interpolation: 0,interpolation_duration: 1}
$data merge entity $(bone_rightpointerfinger) {transformation: [-0.9216f,-0.3869f,0.0315f,-0.0304f,0.2137f,-0.5733f,-0.791f,4.0927f,0.3241f,-0.7222f,0.611f,1.2517f,0f,0f,0f,1f],start_interpolation: 0,interpolation_duration: 1}
$data merge entity $(bone_rightmidfinger) {transformation: [-0.9216f,-0.3869f,0.0315f,-0.0254f,0.2137f,-0.5733f,-0.791f,3.9692f,0.3241f,-0.7222f,0.611f,1.3471f,0f,0f,0f,1f],start_interpolation: 0,interpolation_duration: 1}
$data merge entity $(bone_rightringfinger) {transformation: [-0.9216f,-0.3869f,0.0315f,-0.0205f,0.2137f,-0.5733f,-0.791f,3.8456f,0.3241f,-0.7222f,0.611f,1.4426f,0f,0f,0f,1f],start_interpolation: 0,interpolation_duration: 1}
$data merge entity $(bone_hugeasssword) {transformation: [-3.6095f,-1.5155f,0.1232f,0.1403f,0.8371f,-2.2454f,-3.098f,3.8083f,1.2694f,-2.8287f,2.3932f,1.1048f,0f,0f,0f,1f],start_interpolation: 0,interpolation_duration: 1}
$data merge entity $(bone_ice) {transformation: [-0.9216f,-0.3869f,0.0315f,0.1607f,0.2137f,-0.5733f,-0.791f,3.8139f,0.3241f,-0.7222f,0.611f,1.111f,0f,0f,0f,1f],start_interpolation: 0,interpolation_duration: 1}
$data merge entity $(bone_righthand1) {transformation: [-0.9216f,-0.3869f,0.0315f,-0.1654f,0.2137f,-0.5733f,-0.791f,3.6993f,0.3241f,-0.7222f,0.611f,1.0306f,0f,0f,0f,1f],start_interpolation: 0,interpolation_duration: 1}
$data merge entity $(bone_rightforearm) {transformation: [-0.6032f,-0.7822f,0.156f,-0.6669f,0.4013f,-0.4667f,-0.7881f,3.354f,0.6893f,-0.4128f,0.5954f,0.6752f,0f,0f,0f,1f],start_interpolation: 0,interpolation_duration: 1}
$data merge entity $(bone_rightelbow) {transformation: [-0.6032f,-0.7822f,0.156f,-0.8136f,0.4013f,-0.4667f,-0.7881f,3.2665f,0.6893f,-0.4128f,0.5954f,0.5978f,0f,0f,0f,1f],start_interpolation: 0,interpolation_duration: 1}
$data merge entity $(bone_rightarm) {transformation: [-0.6562f,-0.2181f,-0.7224f,-0.6984f,0.4335f,0.6746f,-0.5974f,3.4736f,0.6177f,-0.7052f,-0.3481f,0.2129f,0f,0f,0f,1f],start_interpolation: 0,interpolation_duration: 1}
$data merge entity $(bone_chest1) {transformation: [-1.0764f,-0.1216f,0.0153f,-0.0204f,-0.1121f,1.0311f,0.3127f,3.4381f,-0.0496f,0.3091f,-1.0371f,0.013f,0f,0f,0f,1f],start_interpolation: 0,interpolation_duration: 1}
$data merge entity $(bone_chest1lid) {transformation: [-0.9936f,-0.1123f,0.0141f,-0.2885f,-0.1035f,0.9518f,0.2887f,2.6393f,-0.0458f,0.2854f,-0.9573f,0.177f,0f,0f,0f,1f],start_interpolation: 0,interpolation_duration: 1}
$data merge entity $(bone_chest2) {transformation: [-0.9936f,-0.1123f,0.0141f,-0.2709f,-0.1035f,0.9518f,0.2887f,2.4905f,-0.0458f,0.2854f,-0.9573f,0.1324f,0f,0f,0f,1f],start_interpolation: 0,interpolation_duration: 1}
$data merge entity $(bone_chest1lid3) {transformation: [-0.9936f,-0.1123f,0.0141f,-0.2173f,-0.1035f,0.9518f,0.2887f,2.8307f,-0.0458f,0.2854f,-0.9573f,-0.4335f,0f,0f,0f,1f],start_interpolation: 0,interpolation_duration: 1}
$data merge entity $(bone_chest3) {transformation: [-0.9936f,-0.1123f,0.0141f,-0.1998f,-0.1035f,0.9518f,0.2887f,2.6819f,-0.0458f,0.2854f,-0.9573f,-0.4781f,0f,0f,0f,1f],start_interpolation: 0,interpolation_duration: 1}
$data merge entity $(bone_hugeasssword2) {transformation: [-0.0552f,2.572f,-2.9533f,-1.3711f,-1.1306f,2.8174f,2.4748f,4.4915f,3.7495f,0.8874f,0.7027f,0.034f,0f,0f,0f,1f],start_interpolation: 0,interpolation_duration: 1}
$data merge entity $(bone_belt) {transformation: [-0.9936f,-0.1123f,0.0141f,0.0543f,-0.1035f,0.9518f,0.2887f,3.0245f,-0.0458f,0.2854f,-0.9573f,0.0261f,0f,0f,0f,1f],start_interpolation: 0,interpolation_duration: 1}
$data merge entity $(bone_torn_part) {transformation: [-0.9938f,-0.1112f,0.0012f,-0.0367f,-0.0982f,0.8826f,0.4598f,2.7358f,-0.0522f,0.4568f,-0.888f,-0.0522f,0f,0f,0f,1f],start_interpolation: 0,interpolation_duration: 1}
$data merge entity $(bone_lowerbody) {transformation: [-0.9938f,-0.1057f,0.0346f,0.1071f,-0.0982f,0.98f,0.1731f,2.2425f,-0.0522f,0.1687f,-0.9843f,0.0089f,0f,0f,0f,1f],start_interpolation: 0,interpolation_duration: 1}
$data merge entity $(bone_leftfoot) {transformation: [-0.9254f,-0.1477f,-0.3491f,0.8356f,-0.2413f,0.9398f,0.242f,0.3907f,0.2923f,0.3082f,-0.9053f,-0.1696f,0f,0f,0f,1f],start_interpolation: 0,interpolation_duration: 1}
$data merge entity $(bone_leftlowerleg) {transformation: [-0.9254f,-0.1477f,-0.3491f,0.7254f,-0.2413f,0.9398f,0.242f,1.3961f,0.2923f,0.3082f,-0.9053f,0.3113f,0f,0f,0f,1f],start_interpolation: 0,interpolation_duration: 1}
$data merge entity $(bone_leftleg) {transformation: [-0.9464f,-0.323f,0.001f,0.3607f,-0.2879f,0.8421f,-0.4561f,2.2746f,0.1464f,-0.432f,-0.8899f,-0.1267f,0f,0f,0f,1f],start_interpolation: 0,interpolation_duration: 1}
$data merge entity $(bone_rightfoot) {transformation: [-0.9398f,0.1668f,0.2982f,-0.4521f,0.2173f,0.9653f,0.1448f,0.1938f,-0.2637f,0.2009f,-0.9435f,-0.2281f,0f,0f,0f,1f],start_interpolation: 0,interpolation_duration: 1}
$data merge entity $(bone_rightlowerleg) {transformation: [-0.9398f,0.1668f,0.2982f,-0.3129f,0.2173f,0.9653f,0.1448f,1.2425f,-0.2637f,0.2009f,-0.9435f,0.1397f,0f,0f,0f,1f],start_interpolation: 0,interpolation_duration: 1}
$data merge entity $(bone_rightleg) {transformation: [-0.9896f,0.141f,0.0288f,-0.1407f,0.1247f,0.9399f,-0.3179f,2.231f,-0.0719f,-0.311f,-0.9477f,-0.1677f,0f,0f,0f,1f],start_interpolation: 0,interpolation_duration: 1}
data modify entity @s data merge value {"cameras":{},"locators":{"lefthand":{"posx":-0.02526467712303443,"posy":3.6056739130574456,"posz":1.4582078283496136,"roty":156.2338917833259,"rotx":-2.264860787178677},"sword":{"posx":-0.03610910763731712,"posy":6.772007446249775,"posz":-1.1100219206287865,"roty":177.05351908314822,"rotx":-52.27733304665023},"righthand":{"posx":0.07986457894361534,"posy":3.8552630063274926,"posz":1.1431554417204957,"roty":177.05351908314822,"rotx":-52.27733304665023},"chest":{"posx":-0.3146987029552421,"posy":2.5314340830347026,"posz":0.30726849367414527,"roty":0.8437913482270574,"rotx":16.777977692175245}}}