# This file was generated by Animated Java via MC-Build. It is not recommended to edit this file directly.
$data merge entity $(bone_nose) {transformation: [-0.9988f,0.0489f,0.0103f,0.0341f,0.0497f,0.9515f,0.3036f,4.0584f,0.0051f,0.3037f,-0.9527f,0.4633f,0f,0f,0f,1f],start_interpolation: 0,interpolation_duration: 1}
$data merge entity $(bone_glowing_eye) {transformation: [-0.9988f,0.0489f,0.0103f,-0.0878f,0.0497f,0.9515f,0.3036f,4.1185f,0.0051f,0.3037f,-0.9527f,0.5177f,0f,0f,0f,1f],start_interpolation: 0,interpolation_duration: 1}
$data merge entity $(bone_head) {transformation: [-0.9988f,0.0489f,0.0103f,0.03f,0.0497f,0.9515f,0.3036f,3.9978f,0.0051f,0.3037f,-0.9527f,0.2474f,0f,0f,0f,1f],start_interpolation: 0,interpolation_duration: 1}
$data merge entity $(bone_leftthumb2) {transformation: [-0.4091f,0.7661f,0.4956f,-0.0832f,-0.9059f,-0.4063f,-0.1197f,3.5477f,0.1097f,-0.498f,0.8602f,1.2592f,0f,0f,0f,1f],start_interpolation: 0,interpolation_duration: 1}
$data merge entity $(bone_leftthumb) {transformation: [-0.4091f,0.7661f,0.4956f,0.1471f,-0.9059f,-0.4063f,-0.1197f,3.4378f,0.1097f,-0.498f,0.8602f,1.2106f,0f,0f,0f,1f],start_interpolation: 0,interpolation_duration: 1}
$data merge entity $(bone_leftpointerfinger) {transformation: [-0.4091f,0.7661f,0.4956f,-0.0363f,-0.9059f,-0.4063f,-0.1197f,3.6646f,0.1097f,-0.498f,0.8602f,1.4023f,0f,0f,0f,1f],start_interpolation: 0,interpolation_duration: 1}
$data merge entity $(bone_leftmidfinger) {transformation: [-0.4091f,0.7661f,0.4956f,0.0411f,-0.9059f,-0.4063f,-0.1197f,3.6459f,0.1097f,-0.498f,0.8602f,1.5367f,0f,0f,0f,1f],start_interpolation: 0,interpolation_duration: 1}
$data merge entity $(bone_leftringfinger) {transformation: [-0.4091f,0.7661f,0.4956f,0.1186f,-0.9059f,-0.4063f,-0.1197f,3.6272f,0.1097f,-0.498f,0.8602f,1.6711f,0f,0f,0f,1f],start_interpolation: 0,interpolation_duration: 1}
$data merge entity $(bone_invisibility) {transformation: [0.8064f,-0.427f,0.4091f,-0.0447f,-0.4152f,0.0838f,0.9059f,3.454f,-0.4211f,-0.9004f,-0.1097f,1.3415f,0f,0f,0f,1f],start_interpolation: 0,interpolation_duration: 1}
$data merge entity $(bone_swiftness) {transformation: [0.4956f,0.7661f,0.4091f,-0.0769f,-0.1197f,-0.4063f,0.9059f,3.4394f,0.8602f,-0.498f,-0.1097f,1.5759f,0f,0f,0f,1f],start_interpolation: 0,interpolation_duration: 1}
$data merge entity $(bone_suspicious_stew) {transformation: [0.9038f,-0.1254f,0.4091f,0.0123f,-0.4188f,-0.0632f,0.9059f,3.4506f,-0.0877f,-0.9901f,-0.1097f,1.5261f,0f,0f,0f,1f],start_interpolation: 0,interpolation_duration: 1}
$data merge entity $(bone_log) {transformation: [-0.4091f,0.7661f,0.4956f,0.0929f,-0.9059f,-0.4063f,-0.1197f,3.3093f,0.1097f,-0.498f,0.8602f,1.5145f,0f,0f,0f,1f],start_interpolation: 0,interpolation_duration: 1}
$data merge entity $(bone_planks) {transformation: [-0.4091f,0.7661f,0.4956f,0.0546f,-0.9059f,-0.4063f,-0.1197f,3.2244f,0.1097f,-0.498f,0.8602f,1.5248f,0f,0f,0f,1f],start_interpolation: 0,interpolation_duration: 1}
$data merge entity $(bone_lefthand1) {transformation: [-0.4091f,0.7661f,0.4956f,0.3713f,-0.9059f,-0.4063f,-0.1197f,3.4379f,0.1097f,-0.498f,0.8602f,1.3357f,0f,0f,0f,1f],start_interpolation: 0,interpolation_duration: 1}
$data merge entity $(bone_leftforearm) {transformation: [-0.671f,0.7047f,0.2306f,0.8128f,-0.4194f,-0.1042f,-0.9018f,3.3281f,-0.6115f,-0.7018f,0.3655f,0.7826f,0f,0f,0f,1f],start_interpolation: 0,interpolation_duration: 1}
$data merge entity $(bone_leftelbow) {transformation: [-0.671f,0.7047f,0.2306f,0.945f,-0.4194f,-0.1042f,-0.9018f,3.3086f,-0.6115f,-0.7018f,0.3655f,0.651f,0f,0f,0f,1f],start_interpolation: 0,interpolation_duration: 1}
$data merge entity $(bone_leftarm) {transformation: [-0.6925f,-0.0578f,0.7191f,0.7019f,-0.4932f,0.7654f,-0.4135f,3.5515f,-0.5264f,-0.641f,-0.5586f,0.3127f,0f,0f,0f,1f],start_interpolation: 0,interpolation_duration: 1}
$data merge entity $(bone_rightthumb2) {transformation: [-0.8169f,-0.5767f,-0.0047f,0.2427f,0.248f,-0.344f,-0.9056f,3.8899f,0.5207f,-0.741f,0.4241f,1.14f,0f,0f,0f,1f],start_interpolation: 0,interpolation_duration: 1}
$data merge entity $(bone_rightthumb) {transformation: [-0.8169f,-0.5767f,-0.0047f,0.1008f,0.248f,-0.344f,-0.9056f,3.7281f,0.5207f,-0.741f,0.4241f,0.9945f,0f,0f,0f,1f],start_interpolation: 0,interpolation_duration: 1}
$data merge entity $(bone_rightpointerfinger) {transformation: [-0.8169f,-0.5767f,-0.0047f,0.2005f,0.248f,-0.344f,-0.9056f,3.8257f,0.5207f,-0.741f,0.4241f,1.3145f,0f,0f,0f,1f],start_interpolation: 0,interpolation_duration: 1}
$data merge entity $(bone_rightmidfinger) {transformation: [-0.8169f,-0.5767f,-0.0047f,0.1998f,0.248f,-0.344f,-0.9056f,3.6842f,0.5207f,-0.741f,0.4241f,1.3807f,0f,0f,0f,1f],start_interpolation: 0,interpolation_duration: 1}
$data merge entity $(bone_rightringfinger) {transformation: [-0.8169f,-0.5767f,-0.0047f,0.199f,0.248f,-0.344f,-0.9056f,3.5427f,0.5207f,-0.741f,0.4241f,1.447f,0f,0f,0f,1f],start_interpolation: 0,interpolation_duration: 1}
$data merge entity $(bone_hugeasssword) {transformation: [-3.1997f,-2.2588f,-0.0183f,0.2997f,0.9715f,-1.3474f,-3.547f,3.5626f,2.0393f,-2.9022f,1.661f,1.0853f,0f,0f,0f,1f],start_interpolation: 0,interpolation_duration: 1}
$data merge entity $(bone_ice) {transformation: [-0.8169f,-0.5767f,-0.0047f,0.3215f,0.248f,-0.344f,-0.9056f,3.5641f,0.5207f,-0.741f,0.4241f,1.0887f,0f,0f,0f,1f],start_interpolation: 0,interpolation_duration: 1}
$data merge entity $(bone_righthand1) {transformation: [-0.8169f,-0.5767f,-0.0047f,-0.0271f,0.248f,-0.344f,-0.9056f,3.5118f,0.5207f,-0.741f,0.4241f,1.0469f,0f,0f,0f,1f],start_interpolation: 0,interpolation_duration: 1}
$data merge entity $(bone_rightforearm) {transformation: [-0.616f,-0.7814f,0.0999f,-0.532f,0.3099f,-0.357f,-0.8812f,3.2557f,0.7242f,-0.5118f,0.4621f,0.6264f,0f,0f,0f,1f],start_interpolation: 0,interpolation_duration: 1}
$data merge entity $(bone_rightelbow) {transformation: [-0.616f,-0.7814f,0.0999f,-0.6785f,0.3099f,-0.357f,-0.8812f,3.1888f,0.7242f,-0.5118f,0.4621f,0.5305f,0f,0f,0f,1f],start_interpolation: 0,interpolation_duration: 1}
$data merge entity $(bone_rightarm) {transformation: [-0.6726f,-0.2849f,-0.6829f,-0.6004f,0.3496f,0.6911f,-0.6326f,3.4209f,0.6522f,-0.6642f,-0.3652f,0.1447f,0f,0f,0f,1f],start_interpolation: 0,interpolation_duration: 1}
$data merge entity $(bone_chest1) {transformation: [-1.0686f,-0.1545f,0.0889f,0.089f,-0.1274f,1.0399f,0.2755f,3.3913f,-0.1246f,0.2613f,-1.0439f,-0.0022f,0f,0f,0f,1f],start_interpolation: 0,interpolation_duration: 1}
$data merge entity $(bone_chest1lid) {transformation: [-0.9864f,-0.1426f,0.082f,-0.1824f,-0.1176f,0.9599f,0.2543f,2.5956f,-0.115f,0.2412f,-0.9636f,0.1707f,0f,0f,0f,1f],start_interpolation: 0,interpolation_duration: 1}
$data merge entity $(bone_chest2) {transformation: [-0.9864f,-0.1426f,0.082f,-0.1601f,-0.1176f,0.9599f,0.2543f,2.4456f,-0.115f,0.2412f,-0.9636f,0.1331f,0f,0f,0f,1f],start_interpolation: 0,interpolation_duration: 1}
$data merge entity $(bone_chest1lid3) {transformation: [-0.9864f,-0.1426f,0.082f,-0.0682f,-0.1176f,0.9599f,0.2543f,2.7658f,-0.115f,0.2412f,-0.9636f,-0.4394f,0f,0f,0f,1f],start_interpolation: 0,interpolation_duration: 1}
$data merge entity $(bone_chest3) {transformation: [-0.9864f,-0.1426f,0.082f,-0.0459f,-0.1176f,0.9599f,0.2543f,2.6158f,-0.115f,0.2412f,-0.9636f,-0.4771f,0f,0f,0f,1f],start_interpolation: 0,interpolation_duration: 1}
$data merge entity $(bone_hugeasssword2) {transformation: [-0.3213f,2.471f,-3.0218f,-1.2699f,-0.996f,2.8797f,2.4608f,4.4276f,3.7743f,0.9703f,0.3921f,-0.1194f,0f,0f,0f,1f],start_interpolation: 0,interpolation_duration: 1}
$data merge entity $(bone_belt) {transformation: [-0.9864f,-0.1426f,0.082f,0.1667f,-0.1176f,0.9599f,0.2543f,2.9794f,-0.115f,0.2412f,-0.9636f,0.0315f,0f,0f,0f,1f],start_interpolation: 0,interpolation_duration: 1}
$data merge entity $(bone_torn_part) {transformation: [-0.9869f,-0.1369f,0.0848f,0.0822f,-0.0875f,0.898f,0.4312f,2.689f,-0.1352f,0.4181f,-0.8983f,-0.0445f,0f,0f,0f,1f],start_interpolation: 0,interpolation_duration: 1}
$data merge entity $(bone_lowerbody) {transformation: [-0.9869f,-0.1051f,0.122f,0.2127f,-0.0875f,0.9861f,0.1412f,2.1962f,-0.1352f,0.1286f,-0.9824f,0.0441f,0f,0f,0f,1f],start_interpolation: 0,interpolation_duration: 1}
$data merge entity $(bone_leftfoot) {transformation: [-0.9528f,-0.2445f,-0.1799f,0.9992f,-0.282f,0.9321f,0.2272f,0.2481f,0.1122f,0.2672f,-0.9571f,-0.3124f,0f,0f,0f,1f],start_interpolation: 0,interpolation_duration: 1}
$data merge entity $(bone_leftlowerleg) {transformation: [-0.9528f,-0.2445f,-0.1799f,0.7557f,-0.282f,0.9321f,0.2272f,1.2472f,0.1122f,0.2672f,-0.9571f,0.1311f,0f,0f,0f,1f],start_interpolation: 0,interpolation_duration: 1}
$data merge entity $(bone_leftleg) {transformation: [-0.9625f,-0.2408f,0.1247f,0.4754f,-0.262f,0.9446f,-0.1978f,2.2354f,-0.0701f,-0.2231f,-0.9723f,-0.0864f,0f,0f,0f,1f],start_interpolation: 0,interpolation_duration: 1}
$data merge entity $(bone_rightfoot) {transformation: [-0.9362f,0.1203f,0.3301f,-0.2612f,0.2049f,0.9502f,0.2349f,0.2075f,-0.2854f,0.2876f,-0.9142f,-0.2092f,0f,0f,0f,1f],start_interpolation: 0,interpolation_duration: 1}
$data merge entity $(bone_rightlowerleg) {transformation: [-0.9362f,0.1203f,0.3301f,-0.1785f,0.2049f,0.9502f,0.2349f,1.2255f,-0.2854f,0.2876f,-0.9142f,0.2503f,0f,0f,0f,1f],start_interpolation: 0,interpolation_duration: 1}
$data merge entity $(bone_rightleg) {transformation: [-0.9903f,0.1257f,0.0596f,-0.0232f,0.0908f,0.9085f,-0.4079f,2.1797f,-0.1054f,-0.3986f,-0.9111f,-0.1517f,0f,0f,0f,1f],start_interpolation: 0,interpolation_duration: 1}
data modify entity @s data merge value {"cameras":{},"locators":{"lefthand":{"posx":0.06368837265210309,"posy":3.4278394362087647,"posz":1.5296715737412607,"roty":150.05171298643108,"rotx":-6.875631683120449},"sword":{"posx":0.2712483068490542,"posy":6.94629975132075,"posz":-0.4213041129744488,"roty":180.63276414109555,"rotx":-64.90593433140693},"righthand":{"posx":0.2539773474556195,"posy":3.6068528093555416,"posz":1.142490018540579,"roty":180.63276414109555,"rotx":-64.90593433140693},"chest":{"posx":-0.2171286156568429,"posy":2.492156569015996,"posz":0.30264371139572616,"roty":4.86623095702339,"rotx":14.731816793522174}}}