# This file was generated by Animated Java via MC-Build. It is not recommended to edit this file directly.
$data merge entity $(bone_nose) {transformation: [-0.998f,0.0628f,-0.0106f,-0.0144f,0.0581f,0.9666f,0.2495f,4.0911f,0.0259f,0.2483f,-0.9683f,0.4556f,0f,0f,0f,1f],start_interpolation: 0,interpolation_duration: 1}
$data merge entity $(bone_glowing_eye) {transformation: [-0.998f,0.0628f,-0.0106f,-0.1345f,0.0581f,0.9666f,0.2495f,4.1551f,0.0259f,0.2483f,-0.9683f,0.5094f,0f,0f,0f,1f],start_interpolation: 0,interpolation_duration: 1}
$data merge entity $(bone_head) {transformation: [-0.998f,0.0628f,-0.0106f,-0.0241f,0.0581f,0.9666f,0.2495f,4.0184f,0.0259f,0.2483f,-0.9683f,0.2436f,0f,0f,0f,1f],start_interpolation: 0,interpolation_duration: 1}
$data merge entity $(bone_leftthumb2) {transformation: [-0.1748f,0.7415f,0.6478f,-0.588f,-0.9617f,0.0125f,-0.2738f,3.4699f,-0.2111f,-0.6709f,0.7109f,1.2274f,0f,0f,0f,1f],start_interpolation: 0,interpolation_duration: 1}
$data merge entity $(bone_leftthumb) {transformation: [-0.1748f,0.7415f,0.6478f,-0.3508f,-0.9617f,0.0125f,-0.2738f,3.4496f,-0.2111f,-0.6709f,0.7109f,1.1236f,0f,0f,0f,1f],start_interpolation: 0,interpolation_duration: 1}
$data merge entity $(bone_leftpointerfinger) {transformation: [-0.1748f,0.7415f,0.6478f,-0.5446f,-0.9617f,0.0125f,-0.2738f,3.5378f,-0.2111f,-0.6709f,0.7109f,1.4001f,0f,0f,0f,1f],start_interpolation: 0,interpolation_duration: 1}
$data merge entity $(bone_leftmidfinger) {transformation: [-0.1748f,0.7415f,0.6478f,-0.4434f,-0.9617f,0.0125f,-0.2738f,3.495f,-0.2111f,-0.6709f,0.7109f,1.5112f,0f,0f,0f,1f],start_interpolation: 0,interpolation_duration: 1}
$data merge entity $(bone_leftringfinger) {transformation: [-0.1748f,0.7415f,0.6478f,-0.3421f,-0.9617f,0.0125f,-0.2738f,3.4523f,-0.2111f,-0.6709f,0.7109f,1.6223f,0f,0f,0f,1f],start_interpolation: 0,interpolation_duration: 1}
$data merge entity $(bone_invisibility) {transformation: [0.7951f,-0.5807f,0.1748f,-0.5165f,-0.0114f,0.2739f,0.9617f,3.3674f,-0.6064f,-0.7667f,0.2111f,1.2649f,0f,0f,0f,1f],start_interpolation: 0,interpolation_duration: 1}
$data merge entity $(bone_swiftness) {transformation: [0.6478f,0.7415f,0.1748f,-0.5046f,-0.2738f,0.0125f,0.9617f,3.2643f,0.7109f,-0.6709f,0.2111f,1.4781f,0f,0f,0f,1f],start_interpolation: 0,interpolation_duration: 1}
$data merge entity $(bone_suspicious_stew) {transformation: [0.9458f,-0.2738f,0.1748f,-0.4298f,-0.1044f,0.2534f,0.9617f,3.3155f,-0.3076f,-0.9278f,0.2111f,1.4297f,0f,0f,0f,1f],start_interpolation: 0,interpolation_duration: 1}
$data merge entity $(bone_log) {transformation: [-0.1748f,0.7415f,0.6478f,-0.3231f,-0.9617f,0.0125f,-0.2738f,3.2141f,-0.2111f,-0.6709f,0.7109f,1.3594f,0f,0f,0f,1f],start_interpolation: 0,interpolation_duration: 1}
$data merge entity $(bone_planks) {transformation: [-0.1748f,0.7415f,0.6478f,-0.3395f,-0.9617f,0.0125f,-0.2738f,3.1239f,-0.2111f,-0.6709f,0.7109f,1.3396f,0f,0f,0f,1f],start_interpolation: 0,interpolation_duration: 1}
$data merge entity $(bone_lefthand1) {transformation: [-0.1748f,0.7415f,0.6478f,-0.1143f,-0.9617f,0.0125f,-0.2738f,3.4662f,-0.2111f,-0.6709f,0.7109f,1.2222f,0f,0f,0f,1f],start_interpolation: 0,interpolation_duration: 1}
$data merge entity $(bone_leftforearm) {transformation: [-0.5074f,0.8306f,0.2297f,0.4199f,-0.5765f,-0.129f,-0.8068f,3.3282f,-0.6405f,-0.5418f,0.5443f,0.7895f,0f,0f,0f,1f],start_interpolation: 0,interpolation_duration: 1}
$data merge entity $(bone_leftelbow) {transformation: [-0.5074f,0.8306f,0.2297f,0.5757f,-0.5765f,-0.129f,-0.8068f,3.304f,-0.6405f,-0.5418f,0.5443f,0.688f,0f,0f,0f,1f],start_interpolation: 0,interpolation_duration: 1}
$data merge entity $(bone_leftarm) {transformation: [-0.5567f,0.2978f,0.7755f,0.5328f,-0.6268f,0.4621f,-0.6274f,3.4f,-0.5452f,-0.8353f,-0.0706f,0.2077f,0f,0f,0f,1f],start_interpolation: 0,interpolation_duration: 1}
$data merge entity $(bone_rightthumb2) {transformation: [-0.6735f,-0.7217f,-0.1598f,0.1549f,0.2757f,-0.0447f,-0.9602f,3.9206f,0.6858f,-0.6908f,0.2291f,1.3724f,0f,0f,0f,1f],start_interpolation: 0,interpolation_duration: 1}
$data merge entity $(bone_rightthumb) {transformation: [-0.6735f,-0.7217f,-0.1598f,-0.0358f,0.2757f,-0.0447f,-0.9602f,3.8276f,0.6858f,-0.6908f,0.2291f,1.2226f,0f,0f,0f,1f],start_interpolation: 0,interpolation_duration: 1}
$data merge entity $(bone_rightpointerfinger) {transformation: [-0.6735f,-0.7217f,-0.1598f,0.1199f,0.2757f,-0.0447f,-0.9602f,3.8274f,0.6858f,-0.6908f,0.2291f,1.535f,0f,0f,0f,1f],start_interpolation: 0,interpolation_duration: 1}
$data merge entity $(bone_rightmidfinger) {transformation: [-0.6735f,-0.7217f,-0.1598f,0.0949f,0.2757f,-0.0447f,-0.9602f,3.6773f,0.6858f,-0.6908f,0.2291f,1.5708f,0f,0f,0f,1f],start_interpolation: 0,interpolation_duration: 1}
$data merge entity $(bone_rightringfinger) {transformation: [-0.6735f,-0.7217f,-0.1598f,0.0699f,0.2757f,-0.0447f,-0.9602f,3.5273f,0.6858f,-0.6908f,0.2291f,1.6066f,0f,0f,0f,1f],start_interpolation: 0,interpolation_duration: 1}
$data merge entity $(bone_hugeasssword) {transformation: [-2.6379f,-2.8266f,-0.6259f,0.1297f,1.0798f,-0.1751f,-3.7608f,3.61f,2.6862f,-2.7055f,0.8972f,1.2447f,0f,0f,0f,1f],start_interpolation: 0,interpolation_duration: 1}
$data merge entity $(bone_ice) {transformation: [-0.6735f,-0.7217f,-0.1598f,0.1515f,0.2757f,-0.0447f,-0.9602f,3.6064f,0.6858f,-0.6908f,0.2291f,1.2448f,0f,0f,0f,1f],start_interpolation: 0,interpolation_duration: 1}
$data merge entity $(bone_righthand1) {transformation: [-0.6735f,-0.7217f,-0.1598f,-0.2023f,0.2757f,-0.0447f,-0.9602f,3.6342f,0.6858f,-0.6908f,0.2291f,1.2507f,0f,0f,0f,1f],start_interpolation: 0,interpolation_duration: 1}
$data merge entity $(bone_rightforearm) {transformation: [-0.4733f,-0.8303f,-0.2943f,-0.7509f,0.6224f,-0.0787f,-0.7787f,3.5534f,0.6234f,-0.5517f,0.5541f,0.8211f,0f,0f,0f,1f],start_interpolation: 0,interpolation_duration: 1}
$data merge entity $(bone_rightelbow) {transformation: [-0.4733f,-0.8303f,-0.2943f,-0.9066f,0.6224f,-0.0787f,-0.7787f,3.5386f,0.6234f,-0.5517f,0.5541f,0.7177f,0f,0f,0f,1f],start_interpolation: 0,interpolation_duration: 1}
$data merge entity $(bone_rightarm) {transformation: [-0.5082f,-0.0011f,-0.8613f,-0.7465f,0.67f,0.6279f,-0.3961f,3.6619f,0.5412f,-0.7783f,-0.3183f,0.3039f,0f,0f,0f,1f],start_interpolation: 0,interpolation_duration: 1}
$data merge entity $(bone_chest1) {transformation: [-1.0618f,0.2121f,-0.0358f,-0.133f,0.2007f,1.0417f,0.2195f,3.4052f,0.0774f,0.2085f,-1.0603f,0.0263f,0f,0f,0f,1f],start_interpolation: 0,interpolation_duration: 1}
$data merge entity $(bone_chest1lid) {transformation: [-0.9801f,0.1958f,-0.033f,-0.5885f,0.1853f,0.9616f,0.2026f,2.732f,0.0715f,0.1925f,-0.9787f,0.3021f,0f,0f,0f,1f],start_interpolation: 0,interpolation_duration: 1}
$data merge entity $(bone_chest2) {transformation: [-0.9801f,0.1958f,-0.033f,-0.6191f,0.1853f,0.9616f,0.2026f,2.5817f,0.0715f,0.1925f,-0.9787f,0.2721f,0f,0f,0f,1f],start_interpolation: 0,interpolation_duration: 1}
$data merge entity $(bone_chest1lid3) {transformation: [-0.9801f,0.1958f,-0.033f,-0.5484f,0.1853f,0.9616f,0.2026f,2.8502f,0.0715f,0.1925f,-0.9787f,-0.3293f,0f,0f,0f,1f],start_interpolation: 0,interpolation_duration: 1}
$data merge entity $(bone_chest3) {transformation: [-0.9801f,0.1958f,-0.033f,-0.579f,0.1853f,0.9616f,0.2026f,2.7f,0.0715f,0.1925f,-0.9787f,-0.3594f,0f,0f,0f,1f],start_interpolation: 0,interpolation_duration: 1}
$data merge entity $(bone_hugeasssword2) {transformation: [0.1294f,3.3483f,-2.0279f,-1.122f,-0.7937f,2.0094f,3.2669f,4.8029f,3.8332f,0.303f,0.7449f,0.0784f,0f,0f,0f,1f],start_interpolation: 0,interpolation_duration: 1}
$data merge entity $(bone_belt) {transformation: [-0.9801f,0.1958f,-0.033f,-0.1752f,0.1853f,0.9616f,0.2026f,2.9897f,0.0715f,0.1925f,-0.9787f,0.0755f,0f,0f,0f,1f],start_interpolation: 0,interpolation_duration: 1}
$data merge entity $(bone_torn_part) {transformation: [-0.9801f,0.1849f,-0.0727f,-0.3494f,0.1421f,0.9081f,0.394f,2.7299f,0.1389f,0.3758f,-0.9162f,0.0445f,0f,0f,0f,1f],start_interpolation: 0,interpolation_duration: 1}
$data merge entity $(bone_lowerbody) {transformation: [-0.9801f,0.1545f,-0.1249f,-0.3115f,0.1421f,0.9845f,0.1027f,2.2208f,0.1389f,0.0829f,-0.9868f,0.1292f,0f,0f,0f,1f],start_interpolation: 0,interpolation_duration: 1}
$data merge entity $(bone_leftfoot) {transformation: [-0.8446f,0.1659f,-0.5091f,-0.1016f,-0.0286f,0.9354f,0.3523f,0.2551f,0.5347f,0.3121f,-0.7853f,-0.1675f,0f,0f,0f,1f],start_interpolation: 0,interpolation_duration: 1}
$data merge entity $(bone_leftlowerleg) {transformation: [-0.8446f,0.1659f,-0.5091f,0.1607f,-0.0286f,0.9354f,0.3523f,1.2387f,0.5347f,0.3121f,-0.7853f,0.2994f,0f,0f,0f,1f],start_interpolation: 0,interpolation_duration: 1}
$data merge entity $(bone_leftleg) {transformation: [-0.8912f,-0.2358f,-0.3875f,-0.1065f,-0.051f,0.901f,-0.4309f,2.1824f,0.4508f,-0.3642f,-0.815f,-0.0573f,0f,0f,0f,1f],start_interpolation: 0,interpolation_duration: 1}
$data merge entity $(bone_rightfoot) {transformation: [-0.8878f,0.2548f,0.3833f,-1.0997f,0.2862f,0.9578f,0.0261f,0.3328f,-0.3605f,0.1329f,-0.9233f,0.2324f,0f,0f,0f,1f],start_interpolation: 0,interpolation_duration: 1}
$data merge entity $(bone_rightlowerleg) {transformation: [-0.8878f,0.2548f,0.3833f,-0.8759f,0.2862f,0.9578f,0.0261f,1.3913f,-0.3605f,0.1329f,-0.9233f,0.5216f,0f,0f,0f,1f],start_interpolation: 0,interpolation_duration: 1}
$data merge entity $(bone_rightleg) {transformation: [-0.9615f,0.2713f,0.0443f,-0.5685f,0.2055f,0.8165f,-0.5396f,2.2485f,-0.1826f,-0.5097f,-0.8407f,0.0052f,0f,0f,0f,1f],start_interpolation: 0,interpolation_duration: 1}
data modify entity @s data merge value {"cameras":{},"locators":{"lefthand":{"posx":-0.3747960648706472,"posy":3.307538307423669,"posz":1.4204479286007996,"roty":137.6578899822918,"rotx":-15.892005967235503},"sword":{"posx":0.6913725063592417,"posy":7.188733605807929,"posz":0.47160296716680206,"roty":214.89807086461792,"rotx":-73.7816673926905},"righthand":{"posx":0.1021406622086849,"posy":3.6479799939690336,"posz":1.3163076161943459,"roty":214.89807086461792,"rotx":-73.7816673926905},"chest":{"posx":-0.6261848947456593,"posy":2.646023735222728,"posz":0.4452502603671873,"roty":358.0660824970486,"rotx":11.691092828561606}}}