# This file was generated by Animated Java via MC-Build. It is not recommended to edit this file directly.
$data merge entity $(bone_nose) {transformation: [-0.9967f,0.0095f,-0.0809f,-0.622f,0.0003f,0.9935f,0.1137f,4.0114f,0.0814f,0.1133f,-0.9902f,0.6101f,0f,0f,0f,1f],start_interpolation: 0,interpolation_duration: 1}
$data merge entity $(bone_glowing_eye) {transformation: [-0.9967f,0.0095f,-0.0809f,-0.7431f,0.0003f,0.9935f,0.1137f,4.0747f,0.0814f,0.1133f,-0.9902f,0.6625f,0f,0f,0f,1f],start_interpolation: 0,interpolation_duration: 1}
$data merge entity $(bone_head) {transformation: [-0.9967f,0.0095f,-0.0809f,-0.6383f,0.0003f,0.9935f,0.1137f,3.91f,0.0814f,0.1133f,-0.9902f,0.4107f,0f,0f,0f,1f],start_interpolation: 0,interpolation_duration: 1}
$data merge entity $(bone_leftthumb2) {transformation: [0.0284f,0.9507f,0.3088f,-1.1175f,-0.732f,0.2302f,-0.6413f,3.3457f,-0.6807f,-0.2078f,0.7025f,1.0277f,0f,0f,0f,1f],start_interpolation: 0,interpolation_duration: 1}
$data merge entity $(bone_leftthumb) {transformation: [0.0284f,0.9507f,0.3088f,-0.8579f,-0.732f,0.2302f,-0.6413f,3.3474f,-0.6807f,-0.2078f,0.7025f,1.0368f,0f,0f,0f,1f],start_interpolation: 0,interpolation_duration: 1}
$data merge entity $(bone_leftpointerfinger) {transformation: [0.0284f,0.9507f,0.3088f,-1.1585f,-0.732f,0.2302f,-0.6413f,3.3219f,-0.6807f,-0.2078f,0.7025f,1.2124f,0f,0f,0f,1f],start_interpolation: 0,interpolation_duration: 1}
$data merge entity $(bone_leftmidfinger) {transformation: [0.0284f,0.9507f,0.3088f,-1.1103f,-0.732f,0.2302f,-0.6413f,3.2217f,-0.6807f,-0.2078f,0.7025f,1.3221f,0f,0f,0f,1f],start_interpolation: 0,interpolation_duration: 1}
$data merge entity $(bone_leftringfinger) {transformation: [0.0284f,0.9507f,0.3088f,-1.062f,-0.732f,0.2302f,-0.6413f,3.1215f,-0.6807f,-0.2078f,0.7025f,1.4319f,0f,0f,0f,1f],start_interpolation: 0,interpolation_duration: 1}
$data merge entity $(bone_invisibility) {transformation: [0.974f,-0.2248f,-0.0284f,-1.0589f,0.1734f,0.6589f,0.732f,3.2298f,-0.1458f,-0.7179f,0.6807f,1.0401f,0f,0f,0f,1f],start_interpolation: 0,interpolation_duration: 1}
$data merge entity $(bone_swiftness) {transformation: [0.3088f,0.9507f,-0.0284f,-1.1282f,-0.6413f,0.2302f,0.732f,3.0403f,0.7025f,-0.2078f,0.6807f,1.1644f,0f,0f,0f,1f],start_interpolation: 0,interpolation_duration: 1}
$data merge entity $(bone_suspicious_stew) {transformation: [0.9921f,0.1219f,-0.0284f,-1.0455f,-0.0624f,0.6784f,0.732f,3.0988f,0.1085f,-0.7245f,0.6807f,1.1815f,0f,0f,0f,1f],start_interpolation: 0,interpolation_duration: 1}
$data merge entity $(bone_log) {transformation: [0.0284f,0.9507f,0.3088f,-0.9095f,-0.732f,0.2302f,-0.6413f,3.0289f,-0.6807f,-0.2078f,0.7025f,1.1246f,0f,0f,0f,1f],start_interpolation: 0,interpolation_duration: 1}
$data merge entity $(bone_planks) {transformation: [0.0284f,0.9507f,0.3088f,-0.9069f,-0.732f,0.2302f,-0.6413f,2.9603f,-0.6807f,-0.2078f,0.7025f,1.0608f,0f,0f,0f,1f],start_interpolation: 0,interpolation_duration: 1}
$data merge entity $(bone_lefthand1) {transformation: [0.0284f,0.9507f,0.3088f,-0.6886f,-0.732f,0.2302f,-0.6413f,3.2895f,-0.6807f,-0.2078f,0.7025f,1.2209f,0f,0f,0f,1f],start_interpolation: 0,interpolation_duration: 1}
$data merge entity $(bone_leftforearm) {transformation: [-0.1323f,0.9224f,0.3627f,-0.0533f,-0.8332f,0.0948f,-0.5448f,3.3139f,-0.5369f,-0.3743f,0.756f,0.9141f,0f,0f,0f,1f],start_interpolation: 0,interpolation_duration: 1}
$data merge entity $(bone_leftelbow) {transformation: [-0.1323f,0.9224f,0.3627f,0.1197f,-0.8332f,0.0948f,-0.5448f,3.3317f,-0.5369f,-0.3743f,0.756f,0.8439f,0f,0f,0f,1f],start_interpolation: 0,interpolation_duration: 1}
$data merge entity $(bone_leftarm) {transformation: [-0.1575f,-0.0661f,0.9853f,-0.0327f,-0.8834f,0.4555f,-0.1106f,3.3336f,-0.4415f,-0.8878f,-0.1302f,0.3818f,0f,0f,0f,1f],start_interpolation: 0,interpolation_duration: 1}
$data merge entity $(bone_rightthumb2) {transformation: [0.0832f,-0.9959f,-0.0363f,-0.6907f,0.8159f,0.089f,-0.5713f,3.7624f,0.5722f,0.0179f,0.8199f,0.8575f,0f,0f,0f,1f],start_interpolation: 0,interpolation_duration: 1}
$data merge entity $(bone_rightthumb) {transformation: [0.0832f,-0.9959f,-0.0363f,-0.938f,0.8159f,0.089f,-0.5713f,3.7354f,0.5722f,0.0179f,0.8199f,0.932f,0f,0f,0f,1f],start_interpolation: 0,interpolation_duration: 1}
$data merge entity $(bone_rightpointerfinger) {transformation: [0.0832f,-0.9959f,-0.0363f,-0.6038f,0.8159f,0.089f,-0.5713f,3.7687f,0.5722f,0.0179f,0.8199f,1.0271f,0f,0f,0f,1f],start_interpolation: 0,interpolation_duration: 1}
$data merge entity $(bone_rightmidfinger) {transformation: [0.0832f,-0.9959f,-0.0363f,-0.6095f,0.8159f,0.089f,-0.5713f,3.6794f,0.5722f,0.0179f,0.8199f,1.1553f,0f,0f,0f,1f],start_interpolation: 0,interpolation_duration: 1}
$data merge entity $(bone_rightringfinger) {transformation: [0.0832f,-0.9959f,-0.0363f,-0.6152f,0.8159f,0.089f,-0.5713f,3.5901f,0.5722f,0.0179f,0.8199f,1.2834f,0f,0f,0f,1f],start_interpolation: 0,interpolation_duration: 1}
$data merge entity $(bone_hugeasssword) {transformation: [0.3258f,-3.9005f,-0.1423f,-0.8333f,3.1956f,0.3485f,-2.2376f,3.4897f,2.2411f,0.07f,3.2114f,0.9941f,0f,0f,0f,1f],start_interpolation: 0,interpolation_duration: 1}
$data merge entity $(bone_ice) {transformation: [0.0832f,-0.9959f,-0.0363f,-0.8191f,0.8159f,0.089f,-0.5713f,3.4756f,0.5722f,0.0179f,0.8199f,0.9849f,0f,0f,0f,1f],start_interpolation: 0,interpolation_duration: 1}
$data merge entity $(bone_righthand1) {transformation: [0.0832f,-0.9959f,-0.0363f,-1.0484f,0.8159f,0.089f,-0.5713f,3.6839f,0.5722f,0.0179f,0.8199f,1.158f,0f,0f,0f,1f],start_interpolation: 0,interpolation_duration: 1}
$data merge entity $(bone_rightforearm) {transformation: [-0.2737f,-0.8217f,-0.4999f,-1.6104f,0.9319f,-0.0979f,-0.3493f,3.5701f,0.2381f,-0.5614f,0.7926f,0.7576f,0f,0f,0f,1f],start_interpolation: 0,interpolation_duration: 1}
$data merge entity $(bone_rightelbow) {transformation: [-0.2737f,-0.8217f,-0.4999f,-1.7644f,0.9319f,-0.0979f,-0.3493f,3.5517f,0.2381f,-0.5614f,0.7926f,0.6523f,0f,0f,0f,1f],start_interpolation: 0,interpolation_duration: 1}
$data merge entity $(bone_rightarm) {transformation: [-0.2578f,0.7298f,-0.6332f,-1.3558f,0.9518f,0.3045f,-0.0366f,3.4594f,0.1661f,-0.6121f,-0.7731f,0.4689f,0f,0f,0f,1f],start_interpolation: 0,interpolation_duration: 1}
$data merge entity $(bone_chest1) {transformation: [-1.0776f,0.0866f,-0.0696f,-0.6877f,0.0674f,1.0492f,0.2614f,3.2874f,0.0883f,0.2557f,-1.049f,0.1916f,0f,0f,0f,1f],start_interpolation: 0,interpolation_duration: 1}
$data merge entity $(bone_chest1lid) {transformation: [-0.9947f,0.08f,-0.0643f,-1.0568f,0.0623f,0.9685f,0.2413f,2.5523f,0.0815f,0.236f,-0.9683f,0.4371f,0f,0f,0f,1f],start_interpolation: 0,interpolation_duration: 1}
$data merge entity $(bone_chest2) {transformation: [-0.9947f,0.08f,-0.0643f,-1.0693f,0.0623f,0.9685f,0.2413f,2.401f,0.0815f,0.236f,-0.9683f,0.4002f,0f,0f,0f,1f],start_interpolation: 0,interpolation_duration: 1}
$data merge entity $(bone_chest1lid3) {transformation: [-0.9947f,0.08f,-0.0643f,-1.0358f,0.0623f,0.9685f,0.2413f,2.703f,0.0815f,0.236f,-0.9683f,-0.1883f,0f,0f,0f,1f],start_interpolation: 0,interpolation_duration: 1}
$data merge entity $(bone_chest3) {transformation: [-0.9947f,0.08f,-0.0643f,-1.0483f,0.0623f,0.9685f,0.2413f,2.5517f,0.0815f,0.236f,-0.9683f,-0.2252f,0f,0f,0f,1f],start_interpolation: 0,interpolation_duration: 1}
$data merge entity $(bone_hugeasssword2) {transformation: [0.2517f,3.084f,-2.4012f,-1.8375f,-0.945f,2.3828f,2.9613f,4.5517f,3.7926f,0.389f,0.8972f,0.3094f,0f,0f,0f,1f],start_interpolation: 0,interpolation_duration: 1}
$data merge entity $(bone_belt) {transformation: [-0.9947f,0.08f,-0.0643f,-0.6792f,0.0623f,0.9685f,0.2413f,2.868f,0.0815f,0.236f,-0.9683f,0.2218f,0f,0f,0f,1f],start_interpolation: 0,interpolation_duration: 1}
$data merge entity $(bone_torn_part) {transformation: [-0.9837f,0.1091f,-0.1433f,-0.8245f,0.0512f,0.9323f,0.358f,2.5915f,0.1726f,0.3448f,-0.9227f,0.1912f,0f,0f,0f,1f],start_interpolation: 0,interpolation_duration: 1}
$data merge entity $(bone_lowerbody) {transformation: [-0.9837f,0.0609f,-0.1694f,-0.7344f,0.0512f,0.9968f,0.061f,2.0911f,0.1726f,0.0514f,-0.9837f,0.2876f,0f,0f,0f,1f],start_interpolation: 0,interpolation_duration: 1}
$data merge entity $(bone_leftfoot) {transformation: [-0.7499f,0.2884f,-0.5954f,-0.4415f,0.0191f,0.909f,0.4163f,0.4615f,0.6613f,0.3009f,-0.6872f,0.3336f,0f,0f,0f,1f],start_interpolation: 0,interpolation_duration: 1}
$data merge entity $(bone_leftlowerleg) {transformation: [-0.7499f,0.2884f,-0.5954f,-0.0301f,0.0191f,0.909f,0.4163f,1.406f,0.6613f,0.3009f,-0.6872f,0.773f,0f,0f,0f,1f],start_interpolation: 0,interpolation_duration: 1}
$data merge entity $(bone_leftleg) {transformation: [-0.8145f,-0.4532f,-0.3621f,-0.5281f,0.0043f,0.6195f,-0.785f,2.05f,0.5801f,-0.6409f,-0.5027f,0.1196f,0f,0f,0f,1f],start_interpolation: 0,interpolation_duration: 1}
$data merge entity $(bone_rightfoot) {transformation: [-0.9321f,0.3322f,0.1443f,-1.5432f,0.3583f,0.9041f,0.233f,0.2544f,-0.053f,0.2689f,-0.9617f,0.2696f,0f,0f,0f,1f],start_interpolation: 0,interpolation_duration: 1}
$data merge entity $(bone_rightlowerleg) {transformation: [-0.9321f,0.3322f,0.1443f,-1.1968f,0.3583f,0.9041f,0.233f,1.2216f,-0.053f,0.2689f,-0.9617f,0.7156f,0f,0f,0f,1f],start_interpolation: 0,interpolation_duration: 1}
$data merge entity $(bone_rightleg) {transformation: [-0.9617f,0.1474f,-0.2312f,-1.0162f,0.2457f,0.8378f,-0.4876f,2.0953f,0.1218f,-0.5257f,-0.8419f,0.1727f,0f,0f,0f,1f],start_interpolation: 0,interpolation_duration: 1}
data modify entity @s data merge value {"cameras":{},"locators":{"lefthand":{"posx":-0.991311150510432,"posy":3.0895467676769206,"posz":1.193715347595747,"roty":156.2704481717239,"rotx":-39.885189445766194},"sword":{"posx":-0.6611698473306656,"posy":5.6662920931975,"posz":-1.9980663768782319,"roty":182.5373142939116,"rotx":-34.84180035397513},"righthand":{"posx":-0.7951509044765692,"posy":3.559577292662055,"posz":1.0254180493311975,"roty":182.5373142939116,"rotx":-34.84180035397513},"chest":{"posx":-1.0828303631132645,"posy":2.4560353723626416,"posz":0.5762207094453147,"roty":356.20258555262797,"rotx":13.96128649745454}}}