# This file was generated by Animated Java via MC-Build. It is not recommended to edit this file directly.
$data merge entity $(nose) {transformation: [-1f,0f,0f,0f,0f,0f,1f,2.5603f,0f,1f,0f,1.8974f,0f,0f,0f,1f],start_interpolation: 0,interpolation_duration: 1}
$data merge entity $(glowing_eye) {transformation: [-1f,0f,0f,-0.125f,0f,0f,1f,2.5254f,0f,1f,0f,1.9651f,0f,0f,0f,1f],start_interpolation: 0,interpolation_duration: 1}
$data merge entity $(head) {transformation: [-1f,0f,0f,0f,0f,0f,1f,2.7476f,0f,1f,0f,1.7739f,0f,0f,0f,1f],start_interpolation: 0,interpolation_duration: 1}
$data merge entity $(leftthumb2) {transformation: [-0.1305f,-0.3391f,-0.9317f,1.4007f,0.731f,0.6019f,-0.3215f,1.4065f,0.6698f,-0.723f,0.1693f,1.7671f,0f,0f,0f,1f],start_interpolation: 0,interpolation_duration: 1}
$data merge entity $(leftthumb) {transformation: [-0.1305f,-0.3391f,-0.9317f,1.2379f,0.731f,0.6019f,-0.3215f,1.5267f,0.6698f,-0.723f,0.1693f,1.6043f,0f,0f,0f,1f],start_interpolation: 0,interpolation_duration: 1}
$data merge entity $(leftpointerfinger) {transformation: [-0.1285f,0.0227f,-0.9914f,1.2057f,0.8372f,0.5384f,-0.0962f,1.2205f,0.5316f,-0.8424f,-0.0882f,1.7688f,0f,0f,0f,1f],start_interpolation: 0,interpolation_duration: 1}
$data merge entity $(leftmidfinger) {transformation: [-0.1285f,0.0227f,-0.9914f,1.0508f,0.8372f,0.5384f,-0.0962f,1.2055f,0.5316f,-0.8424f,-0.0882f,1.755f,0f,0f,0f,1f],start_interpolation: 0,interpolation_duration: 1}
$data merge entity $(leftringfinger) {transformation: [-0.1261f,0.0338f,-0.9914f,0.8959f,0.8809f,0.4634f,-0.0962f,1.1904f,0.4562f,-0.8855f,-0.0882f,1.7412f,0f,0f,0f,1f],start_interpolation: 0,interpolation_duration: 1}
$data merge entity $(invisibility) {transformation: [-0.0864f,0.9877f,0.1305f,1.2122f,0.6646f,0.1547f,-0.731f,1.4345f,-0.7422f,0.0236f,-0.6698f,1.8165f,0f,0f,0f,1f],start_interpolation: 0,interpolation_duration: 1}
$data merge entity $(swiftness) {transformation: [-0.9914f,0f,0.1305f,1.0195f,-0.0962f,0.6756f,-0.731f,1.363f,-0.0882f,-0.7373f,-0.6698f,1.9347f,0f,0f,0f,1f],start_interpolation: 0,interpolation_duration: 1}
$data merge entity $(suspicious_stew) {transformation: [-0.419f,0.8986f,0.1305f,1.0263f,0.5716f,0.3727f,-0.731f,1.3848f,-0.7055f,-0.2317f,-0.6698f,1.8345f,0f,0f,0f,1f],start_interpolation: 0,interpolation_duration: 1}
$data merge entity $(log) {transformation: [-0.1305f,0f,-0.9914f,0.9676f,0.731f,0.6756f,-0.0962f,1.5332f,0.6698f,-0.7373f,-0.0882f,1.801f,0f,0f,0f,1f],start_interpolation: 0,interpolation_duration: 1}
$data merge entity $(planks) {transformation: [-0.1305f,0f,-0.9914f,0.9554f,0.731f,0.6756f,-0.0962f,1.6018f,0.6698f,-0.7373f,-0.0882f,1.8638f,0f,0f,0f,1f],start_interpolation: 0,interpolation_duration: 1}
$data merge entity $(lefthand1) {transformation: [-0.1305f,0f,-0.9914f,1.0312f,0.731f,0.6756f,-0.0962f,1.5224f,0.6698f,-0.7373f,-0.0882f,1.452f,0f,0f,0f,1f],start_interpolation: 0,interpolation_duration: 1}
$data merge entity $(leftforearm) {transformation: [-1f,0f,0f,0.9687f,0f,0.6756f,-0.7373f,2.0089f,0f,-0.7373f,-0.6756f,0.9442f,0f,0f,0f,1f],start_interpolation: 0,interpolation_duration: 1}
$data merge entity $(leftelbow) {transformation: [-1f,0f,0f,0.9687f,0f,0.9848f,0.1736f,2.1936f,0f,0.1736f,-0.9848f,0.9767f,0f,0f,0f,1f],start_interpolation: 0,interpolation_duration: 1}
$data merge entity $(leftarm) {transformation: [-1f,0f,0f,0.75f,0f,0.4226f,0.9063f,2.3766f,0f,0.9063f,-0.4226f,1.4431f,0f,0f,0f,1f],start_interpolation: 0,interpolation_duration: 1}
$data merge entity $(rightthumb2) {transformation: [0.0021f,0.0131f,-0.9999f,-0.8856f,0.9404f,0.34f,0.0064f,1.3905f,0.34f,-0.9403f,-0.0116f,2.3094f,0f,0f,0f,1f],start_interpolation: 0,interpolation_duration: 1}
$data merge entity $(rightthumb) {transformation: [0.0021f,0.0131f,-0.9999f,-0.9678f,0.9404f,0.34f,0.0064f,1.4744f,0.34f,-0.9403f,-0.0116f,2.0778f,0f,0f,0f,1f],start_interpolation: 0,interpolation_duration: 1}
$data merge entity $(rightpointerfinger) {transformation: [0.0015f,0.0131f,-0.9999f,-1.0188f,0.9247f,0.3807f,0.0064f,1.466f,0.3807f,-0.9246f,-0.0116f,2.423f,0f,0f,0f,1f],start_interpolation: 0,interpolation_duration: 1}
$data merge entity $(rightmidfinger) {transformation: [0.0015f,0.0131f,-0.9999f,-1.175f,0.9247f,0.3807f,0.0064f,1.467f,0.3807f,-0.9246f,-0.0116f,2.4212f,0f,0f,0f,1f],start_interpolation: 0,interpolation_duration: 1}
$data merge entity $(rightringfinger) {transformation: [-0.0002f,0.0132f,-0.9999f,-1.3313f,0.8671f,0.4981f,0.0064f,1.468f,0.4982f,-0.867f,-0.0116f,2.4194f,0f,0f,0f,1f],start_interpolation: 0,interpolation_duration: 1}
$data merge entity $(hugeasssword) {transformation: [0f,0f,0f,-1.1573f,0f,0f,0f,1.2862f,0f,0f,0f,2.14f,0f,0f,0f,1f],start_interpolation: 0,interpolation_duration: 1}
$data merge entity $(whey) {transformation: [0f,0f,0f,-1.0183f,0f,0f,0f,1.0918f,0f,0f,0f,2.1714f,0f,0f,0f,1f],start_interpolation: 0,interpolation_duration: 1}
$data merge entity $(ice) {transformation: [0.0021f,0.0131f,-0.9999f,-1.1575f,0.9404f,0.34f,0.0064f,1.2662f,0.34f,-0.9403f,-0.0116f,2.1494f,0f,0f,0f,1f],start_interpolation: 0,interpolation_duration: 1}
$data merge entity $(righthand1) {transformation: [0.0021f,0.0131f,-0.9999f,-1.185f,0.9404f,0.34f,0.0064f,1.5865f,0.34f,-0.9403f,-0.0116f,1.999f,0f,0f,0f,1f],start_interpolation: 0,interpolation_duration: 1}
$data merge entity $(rightforearm) {transformation: [-0.9537f,0.0131f,-0.3005f,-1.1115f,0.2668f,0.4981f,-0.825f,1.933f,0.1389f,-0.867f,-0.4786f,1.3881f,0f,0f,0f,1f],start_interpolation: 0,interpolation_duration: 1}
$data merge entity $(rightelbow) {transformation: [-0.9537f,0.0131f,-0.3005f,-1.109f,0.2668f,0.4981f,-0.825f,2.0264f,0.1389f,-0.867f,-0.4786f,1.2256f,0f,0f,0f,1f],start_interpolation: 0,interpolation_duration: 1}
$data merge entity $(rightarm) {transformation: [-0.9537f,0.3008f,0f,-0.75f,0.2668f,0.846f,0.4617f,2.3766f,0.1389f,0.4403f,-0.887f,1.4431f,0f,0f,0f,1f],start_interpolation: 0,interpolation_duration: 1}
$data merge entity $(chest1) {transformation: [-1.0833f,0f,0f,-0.0023f,0f,0.766f,0.766f,2.341f,0f,0.766f,-0.766f,1.2519f,0f,0f,0f,1f],start_interpolation: 0,interpolation_duration: 1}
$data merge entity $(chest1lid) {transformation: [-1f,0f,0f,-0.3438f,0f,0.7071f,0.7071f,1.5811f,0f,0.7071f,-0.7071f,1.0453f,0f,0f,0f,1f],start_interpolation: 0,interpolation_duration: 1}
$data merge entity $(chest2) {transformation: [-1f,0f,0f,-0.3438f,0f,0.7071f,0.7071f,1.4706f,0f,0.7071f,-0.7071f,0.9349f,0f,0f,0f,1f],start_interpolation: 0,interpolation_duration: 1}
$data merge entity $(chest1lid3) {transformation: [-1f,0f,0f,-0.2813f,0f,0.7071f,0.7071f,2.0341f,0f,0.7071f,-0.7071f,0.5923f,0f,0f,0f,1f],start_interpolation: 0,interpolation_duration: 1}
$data merge entity $(chest3) {transformation: [-1f,0f,0f,-0.2813f,0f,0.7071f,0.7071f,1.9236f,0f,0.7071f,-0.7071f,0.4819f,0f,0f,0f,1f],start_interpolation: 0,interpolation_duration: 1}
$data merge entity $(hugeasssword2) {transformation: [0f,2.8877f,-2.6461f,-1.2344f,-2.7695f,1.871f,2.0419f,3.3488f,2.7695f,1.871f,2.0419f,1.885f,0f,0f,0f,1f],start_interpolation: 0,interpolation_duration: 1}
$data merge entity $(belt) {transformation: [-1f,0f,0f,0.0297f,0f,0.7071f,0.7071f,1.9668f,0f,0.7071f,-0.7071f,1.0628f,0f,0f,0f,1f],start_interpolation: 0,interpolation_duration: 1}
$data merge entity $(torn_part) {transformation: [-1f,0f,0f,-0.0938f,0f,0.6756f,0.7373f,1.7627f,0f,0.7373f,-0.6756f,0.8991f,0f,0f,0f,1f],start_interpolation: 0,interpolation_duration: 1}
$data merge entity $(lowerbody) {transformation: [-1f,0f,0f,0.0039f,0f,0.866f,0.5f,1.2696f,0f,0.5f,-0.866f,0.7767f,0f,0f,0f,1f],start_interpolation: 0,interpolation_duration: 1}
$data merge entity $(leftfoot) {transformation: [-0.9754f,0.1979f,0.0974f,-0.0057f,-0.0426f,-0.602f,0.7974f,0.3842f,0.2164f,0.7736f,0.5956f,-0.87f,0f,0f,0f,1f],start_interpolation: 0,interpolation_duration: 1}
$data merge entity $(leftlowerleg) {transformation: [-0.9754f,0.2137f,-0.0546f,0.2398f,-0.0426f,0.0606f,0.9973f,0.2982f,0.2164f,0.975f,-0.05f,0.2194f,0f,0f,0f,1f],start_interpolation: 0,interpolation_duration: 1}
$data merge entity $(leftleg) {transformation: [-0.9754f,0.033f,-0.2181f,0.25f,-0.0426f,0.942f,0.3328f,1.2891f,0.2164f,0.3339f,-0.9174f,0.6048f,0f,0f,0f,1f],start_interpolation: 0,interpolation_duration: 1}
$data merge entity $(rightfoot) {transformation: [-0.9905f,0.0349f,0.133f,-0.3701f,0.0432f,0.9973f,0.0601f,0.1752f,-0.1305f,0.0653f,-0.9893f,0.9074f,0f,0f,0f,1f],start_interpolation: 0,interpolation_duration: 1}
$data merge entity $(rightlowerleg) {transformation: [-0.9905f,-0.0325f,0.1336f,-0.4267f,0.0432f,0.8485f,0.5274f,1.0355f,-0.1305f,0.5281f,-0.8391f,1.6222f,0f,0f,0f,1f],start_interpolation: 0,interpolation_duration: 1}
$data merge entity $(rightleg) {transformation: [-0.9905f,0.1368f,-0.0136f,-0.25f,0.0432f,0.216f,-0.9754f,1.2891f,-0.1305f,-0.9668f,-0.2199f,0.6048f,0f,0f,0f,1f],start_interpolation: 0,interpolation_duration: 1}
data modify entity @s data merge value {"cameras":{},"locators":{"soup":{"px":1.1767066677471765,"py":1.471663202004506,"pz":1.8156341894103671,"ry":11.027052334069737,"rx":-46.96775980006869},"lefthand":{"px":0.9953639565066509,"py":1.413417650721782,"pz":1.7972047468265369,"ry":275.082691734047,"rx":-5.522348441990871},"sword":{"px":-1.1572476729500492,"py":1.2862037966831903,"pz":2.140016641621561,"ry":270.66411058133366,"rx":0.3652758403617192},"righthand":{"px":-1.1419089250476016,"py":1.3489491961396438,"pz":2.196147372542615,"ry":270.66411058133366,"rx":0.3652758403617192},"chest":{"px":-0.3750000000000001,"py":1.426393360544946,"pz":1.1116270000009043,"ry":0,"rx":44.99999999999999}}}