# This file was generated by Animated Java via MC-Build. It is not recommended to edit this file directly.
$data merge entity $(bone_nose) {transformation: [-1f,0f,0f,0f,0f,0.7524f,0.6587f,3.7391f,0f,0.6587f,-0.7524f,1.2061f,0f,0f,0f,1f],start_interpolation: 0,interpolation_duration: 1}
$data merge entity $(bone_glowing_eye) {transformation: [-1f,0f,0f,-0.125f,0f,0.7524f,0.6587f,3.7671f,0f,0.6587f,-0.7524f,1.277f,0f,0f,0f,1f],start_interpolation: 0,interpolation_duration: 1}
$data merge entity $(bone_head) {transformation: [-1f,0f,0f,0f,0f,0.7524f,0.6587f,3.7696f,0f,0.6587f,-0.7524f,0.9839f,0f,0f,0f,1f],start_interpolation: 0,interpolation_duration: 1}
$data merge entity $(bone_leftthumb2) {transformation: [-0.1305f,-0.3391f,-0.9317f,1.4007f,0.8539f,0.4391f,-0.2794f,2.2404f,0.5039f,-0.832f,0.2322f,1.9268f,0f,0f,0f,1f],start_interpolation: 0,interpolation_duration: 1}
$data merge entity $(bone_leftthumb) {transformation: [-0.1305f,-0.3391f,-0.9317f,1.2379f,0.8539f,0.4391f,-0.2794f,2.3242f,0.5039f,-0.832f,0.2322f,1.7426f,0f,0f,0f,1f],start_interpolation: 0,interpolation_duration: 1}
$data merge entity $(bone_leftpointerfinger) {transformation: [-0.1285f,0.0227f,-0.9914f,1.2057f,0.9291f,0.3522f,-0.1124f,2.0588f,0.3466f,-0.9356f,-0.0663f,1.9669f,0f,0f,0f,1f],start_interpolation: 0,interpolation_duration: 1}
$data merge entity $(bone_leftmidfinger) {transformation: [-0.1285f,0.0227f,-0.9914f,1.0508f,0.9291f,0.3522f,-0.1124f,2.0413f,0.3466f,-0.9356f,-0.0663f,1.9566f,0f,0f,0f,1f],start_interpolation: 0,interpolation_duration: 1}
$data merge entity $(bone_leftringfinger) {transformation: [-0.1261f,0.0338f,-0.9914f,0.8959f,0.9563f,0.2699f,-0.1124f,2.0237f,0.2638f,-0.9623f,-0.0663f,1.9462f,0f,0f,0f,1f],start_interpolation: 0,interpolation_duration: 1}
$data merge entity $(bone_invisibility) {transformation: [-0.0864f,0.9877f,0.1305f,1.2122f,0.4965f,0.1563f,-0.8539f,2.278f,-0.8637f,-0.009f,-0.5039f,1.9693f,0f,0f,0f,1f],start_interpolation: 0,interpolation_duration: 1}
$data merge entity $(bone_swiftness) {transformation: [-0.9914f,0f,0.1305f,1.0195f,-0.1124f,0.5082f,-0.8539f,2.2326f,-0.0663f,-0.8612f,-0.5039f,2.0997f,0f,0f,0f,1f],start_interpolation: 0,interpolation_duration: 1}
$data merge entity $(bone_suspicious_stew) {transformation: [-0.419f,0.8986f,0.1305f,1.0263f,0.4131f,0.3167f,-0.8539f,2.2331f,-0.8086f,-0.3039f,-0.5039f,1.9972f,0f,0f,0f,1f],start_interpolation: 0,interpolation_duration: 1}
$data merge entity $(bone_log) {transformation: [-0.1305f,0f,-0.9914f,0.9676f,0.8539f,0.5082f,-0.1124f,2.3714f,0.5039f,-0.8612f,-0.0663f,1.9337f,0f,0f,0f,1f],start_interpolation: 0,interpolation_duration: 1}
$data merge entity $(bone_planks) {transformation: [-0.1305f,0f,-0.9914f,0.9554f,0.8539f,0.5082f,-0.1124f,2.4515f,0.5039f,-0.8612f,-0.0663f,1.9809f,0f,0f,0f,1f],start_interpolation: 0,interpolation_duration: 1}
$data merge entity $(bone_lefthand1) {transformation: [-0.1305f,0f,-0.9914f,1.0312f,0.8539f,0.5082f,-0.1124f,2.2885f,0.5039f,-0.8612f,-0.0663f,1.5945f,0f,0f,0f,1f],start_interpolation: 0,interpolation_duration: 1}
$data merge entity $(bone_leftforearm) {transformation: [-1f,0f,0f,0.9687f,0f,0.5082f,-0.8612f,2.6593f,0f,-0.8612f,-0.5082f,0.9969f,0f,0f,0f,1f],start_interpolation: 0,interpolation_duration: 1}
$data merge entity $(bone_leftelbow) {transformation: [-1f,0f,0f,0.9687f,0f,0.645f,-0.7642f,2.7802f,0f,-0.7642f,-0.645f,0.8536f,0f,0f,0f,1f],start_interpolation: 0,interpolation_duration: 1}
$data merge entity $(bone_leftarm) {transformation: [-1f,0f,0f,0.75f,0f,0.9959f,0.09f,3.2754f,0f,0.09f,-0.9959f,0.9297f,0f,0f,0f,1f],start_interpolation: 0,interpolation_duration: 1}
$data merge entity $(bone_rightthumb2) {transformation: [-0.0138f,0.161f,-0.9869f,-1.0674f,0.9786f,0.2046f,0.0197f,2.383f,0.2051f,-0.9655f,-0.1604f,2.1372f,0f,0f,0f,1f],start_interpolation: 0,interpolation_duration: 1}
$data merge entity $(bone_rightthumb) {transformation: [-0.0138f,0.161f,-0.9869f,-1.1123f,0.9786f,0.2046f,0.0197f,2.4348f,0.2051f,-0.9655f,-0.1604f,1.8867f,0f,0f,0f,1f],start_interpolation: 0,interpolation_duration: 1}
$data merge entity $(bone_rightpointerfinger) {transformation: [-0.0209f,0.1603f,-0.9869f,-1.2129f,0.9688f,0.2471f,0.0197f,2.4757f,0.247f,-0.9556f,-0.1604f,2.2184f,0f,0f,0f,1f],start_interpolation: 0,interpolation_duration: 1}
$data merge entity $(bone_rightmidfinger) {transformation: [-0.0209f,0.1603f,-0.9869f,-1.3671f,0.9688f,0.2471f,0.0197f,2.4787f,0.247f,-0.9556f,-0.1604f,2.1933f,0f,0f,0f,1f],start_interpolation: 0,interpolation_duration: 1}
$data merge entity $(bone_rightringfinger) {transformation: [-0.0416f,0.1562f,-0.9869f,-1.5213f,0.9282f,0.3715f,0.0197f,2.4818f,0.3697f,-0.9152f,-0.1604f,2.1683f,0f,0f,0f,1f],start_interpolation: 0,interpolation_duration: 1}
$data merge entity $(bone_hugeasssword) {transformation: [0f,0f,0f,-1.3153f,0f,0f,0f,2.26f,0f,0f,0f,1.9452f,0f,0f,0f,1f],start_interpolation: 0,interpolation_duration: 1}
$data merge entity $(bone_ice) {transformation: [-0.0138f,0.161f,-0.9869f,-1.3176f,0.9786f,0.2046f,0.0197f,2.2415f,0.2051f,-0.9655f,-0.1604f,1.9571f,0f,0f,0f,1f],start_interpolation: 0,interpolation_duration: 1}
$data merge entity $(bone_righthand1) {transformation: [-0.0138f,0.161f,-0.9869f,-1.3116f,0.9786f,0.2046f,0.0197f,2.538f,0.2051f,-0.9655f,-0.1604f,1.762f,0f,0f,0f,1f],start_interpolation: 0,interpolation_duration: 1}
$data merge entity $(bone_rightforearm) {transformation: [-0.9537f,0.1561f,-0.2571f,-1.1383f,0.2979f,0.3715f,-0.8793f,2.7943f,-0.0417f,-0.9152f,-0.4008f,1.1274f,0f,0f,0f,1f],start_interpolation: 0,interpolation_duration: 1}
$data merge entity $(bone_rightelbow) {transformation: [-0.9537f,0.1561f,-0.2571f,-1.109f,0.2979f,0.3715f,-0.8793f,2.864f,-0.0417f,-0.9152f,-0.4008f,0.9558f,0f,0f,0f,1f],start_interpolation: 0,interpolation_duration: 1}
$data merge entity $(bone_rightarm) {transformation: [-0.9537f,0.3008f,0f,-0.75f,0.2979f,0.9445f,-0.1387f,3.2754f,-0.0417f,-0.1322f,-0.9903f,0.9297f,0f,0f,0f,1f],start_interpolation: 0,interpolation_duration: 1}
$data merge entity $(bone_chest1) {transformation: [-1.0833f,0f,0f,-0.0023f,0f,1.0684f,0.1794f,3.1355f,0f,0.1794f,-1.0684f,0.7946f,0f,0f,0f,1f],start_interpolation: 0,interpolation_duration: 1}
$data merge entity $(bone_chest1lid) {transformation: [-1f,0f,0f,-0.3438f,0f,0.9862f,0.1656f,2.3967f,0f,0.1656f,-0.9862f,1.0673f,0f,0f,0f,1f],start_interpolation: 0,interpolation_duration: 1}
$data merge entity $(bone_chest2) {transformation: [-1f,0f,0f,-0.3438f,0f,0.9862f,0.1656f,2.2426f,0f,0.1656f,-0.9862f,1.0415f,0f,0f,0f,1f],start_interpolation: 0,interpolation_duration: 1}
$data merge entity $(bone_chest1lid3) {transformation: [-1f,0f,0f,-0.2813f,0f,0.9862f,0.1656f,2.5028f,0f,0.1656f,-0.9862f,0.4356f,0f,0f,0f,1f],start_interpolation: 0,interpolation_duration: 1}
$data merge entity $(bone_chest3) {transformation: [-1f,0f,0f,-0.2813f,0f,0.9862f,0.1656f,2.3487f,0f,0.1656f,-0.9862f,0.4097f,0f,0f,0f,1f],start_interpolation: 0,interpolation_duration: 1}
$data merge entity $(bone_hugeasssword2) {transformation: [0f,2.8877f,-2.6461f,-1.2344f,-0.6487f,2.6095f,2.8478f,4.3237f,3.8626f,0.4383f,0.4783f,0.7255f,0f,0f,0f,1f],start_interpolation: 0,interpolation_duration: 1}
$data merge entity $(bone_belt) {transformation: [-1f,0f,0f,0.0297f,0f,0.9862f,0.1656f,2.721f,0f,0.1656f,-0.9862f,0.8577f,0f,0f,0f,1f],start_interpolation: 0,interpolation_duration: 1}
$data merge entity $(bone_torn_part) {transformation: [-1f,0f,0f,-0.0938f,0f,0.8958f,0.4445f,2.4413f,0f,0.4445f,-0.8958f,0.8071f,0f,0f,0f,1f],start_interpolation: 0,interpolation_duration: 1}
$data merge entity $(bone_lowerbody) {transformation: [-1f,0f,0f,0.0039f,0f,0.988f,0.1545f,1.9372f,0f,0.1545f,-0.988f,0.8706f,0f,0f,0f,1f],start_interpolation: 0,interpolation_duration: 1}
$data merge entity $(bone_leftfoot) {transformation: [-0.9754f,0.0156f,-0.22f,0.1099f,-0.0426f,0.9654f,0.2571f,0.2448f,0.2164f,0.2602f,-0.941f,-0.4139f,0f,0f,0f,1f],start_interpolation: 0,interpolation_duration: 1}
$data merge entity $(bone_leftlowerleg) {transformation: [-0.9754f,0.1238f,-0.1826f,0.2753f,-0.0426f,0.7064f,0.7065f,0.9199f,0.2164f,0.6969f,-0.6837f,0.4643f,0f,0f,0f,1f],start_interpolation: 0,interpolation_duration: 1}
$data merge entity $(bone_leftleg) {transformation: [-0.9754f,-0.0005f,-0.2206f,0.25f,-0.0426f,0.9816f,0.186f,1.9567f,0.2164f,0.1908f,-0.9575f,0.6987f,0f,0f,0f,1f],start_interpolation: 0,interpolation_duration: 1}
$data merge entity $(bone_rightfoot) {transformation: [-0.9905f,0.0389f,0.1319f,-0.387f,0.0432f,0.9986f,0.0301f,0.1489f,-0.1305f,0.0355f,-0.9908f,0.8996f,0f,0f,0f,1f],start_interpolation: 0,interpolation_duration: 1}
$data merge entity $(bone_rightlowerleg) {transformation: [-0.9905f,0.0013f,0.1375f,-0.4067f,0.0432f,0.9521f,0.3027f,1.1587f,-0.1305f,0.3057f,-0.9431f,1.3836f,0f,0f,0f,1f],start_interpolation: 0,interpolation_duration: 1}
$data merge entity $(bone_rightleg) {transformation: [-0.9905f,0.12f,0.0672f,-0.25f,0.0432f,0.7358f,-0.6758f,1.9567f,-0.1305f,-0.6665f,-0.734f,0.6987f,0f,0f,0f,1f],start_interpolation: 0,interpolation_duration: 1}
data modify entity @s data merge value {"cameras":{},"locators":{"lefthand":{"posx":0.9953639565066509,"posy":2.253428038567806,"posz":1.9547864120635297,"roty":273.8277154027654,"rotx":-6.4545057027677},"sword":{"posx":-1.3152308096472651,"posy":2.260033325671779,"posz":1.9452539335334917,"roty":279.232405801358,"rotx":1.1263996957319053},"righthand":{"posx":-1.3059611566782645,"posy":2.3297872231938372,"posz":1.9939508390636485,"roty":279.232405801358,"rotx":1.1263996957319085},"chest":{"posx":-0.37500000000000017,"posy":2.309199881515464,"posz":1.211074838260189,"roty":0,"rotx":9.533932620667313}}}