# This file was generated by Animated Java via MC-Build. It is not recommended to edit this file directly.
$data merge entity $(bone_nose) {transformation: [-1f,0f,0f,0f,0f,0.9328f,0.3604f,4.0439f,0f,0.3604f,-0.9328f,0.8037f,0f,0f,0f,1f],start_interpolation: 0,interpolation_duration: 1}
$data merge entity $(bone_glowing_eye) {transformation: [-1f,0f,0f,-0.125f,0f,0.9328f,0.3604f,4.0945f,0f,0.3604f,-0.9328f,0.8606f,0f,0f,0f,1f],start_interpolation: 0,interpolation_duration: 1}
$data merge entity $(bone_head) {transformation: [-1f,0f,0f,0f,0f,0.9328f,0.3604f,3.9962f,0f,0.3604f,-0.9328f,0.5845f,0f,0f,0f,1f],start_interpolation: 0,interpolation_duration: 1}
$data merge entity $(bone_leftthumb2) {transformation: [-0.1305f,-0.3391f,-0.9317f,1.4007f,0.8378f,0.4648f,-0.2865f,2.476f,0.5302f,-0.8179f,0.2234f,1.7499f,0f,0f,0f,1f],start_interpolation: 0,interpolation_duration: 1}
$data merge entity $(bone_leftthumb) {transformation: [-0.1305f,-0.3391f,-0.9317f,1.2379f,0.8378f,0.4648f,-0.2865f,2.5655f,0.5302f,-0.8179f,0.2234f,1.5684f,0f,0f,0f,1f],start_interpolation: 0,interpolation_duration: 1}
$data merge entity $(bone_leftpointerfinger) {transformation: [-0.1285f,0.0227f,-0.9914f,1.2057f,0.9179f,0.3812f,-0.1103f,2.2932f,0.3754f,-0.9242f,-0.0698f,1.7844f,0f,0f,0f,1f],start_interpolation: 0,interpolation_duration: 1}
$data merge entity $(bone_leftmidfinger) {transformation: [-0.1285f,0.0227f,-0.9914f,1.0508f,0.9179f,0.3812f,-0.1103f,2.276f,0.3754f,-0.9242f,-0.0698f,1.7735f,0f,0f,0f,1f],start_interpolation: 0,interpolation_duration: 1}
$data merge entity $(bone_leftringfinger) {transformation: [-0.1261f,0.0338f,-0.9914f,0.8959f,0.9476f,0.2997f,-0.1103f,2.2587f,0.2934f,-0.9534f,-0.0698f,1.7625f,0f,0f,0f,1f],start_interpolation: 0,interpolation_duration: 1}
$data merge entity $(bone_invisibility) {transformation: [-0.0864f,0.9877f,0.1305f,1.2122f,0.5231f,0.1565f,-0.8378f,2.5122f,-0.8479f,-0.0041f,-0.5302f,1.7935f,0f,0f,0f,1f],start_interpolation: 0,interpolation_duration: 1}
$data merge entity $(bone_swiftness) {transformation: [-0.9914f,0f,0.1305f,1.0195f,-0.1103f,0.5348f,-0.8378f,2.4628f,-0.0698f,-0.845f,-0.5302f,1.9225f,0f,0f,0f,1f],start_interpolation: 0,interpolation_duration: 1}
$data merge entity $(bone_suspicious_stew) {transformation: [-0.419f,0.8986f,0.1305f,1.0263f,0.4381f,0.326f,-0.8378f,2.4665f,-0.7953f,-0.2938f,-0.5302f,1.8201f,0f,0f,0f,1f],start_interpolation: 0,interpolation_duration: 1}
$data merge entity $(bone_log) {transformation: [-0.1305f,0f,-0.9914f,0.9676f,0.8378f,0.5348f,-0.1103f,2.6067f,0.5302f,-0.845f,-0.0698f,1.7609f,0f,0f,0f,1f],start_interpolation: 0,interpolation_duration: 1}
$data merge entity $(bone_planks) {transformation: [-0.1305f,0f,-0.9914f,0.9554f,0.8378f,0.5348f,-0.1103f,2.6852f,0.5302f,-0.845f,-0.0698f,1.8106f,0f,0f,0f,1f],start_interpolation: 0,interpolation_duration: 1}
$data merge entity $(bone_lefthand1) {transformation: [-0.1305f,0f,-0.9914f,1.0312f,0.8378f,0.5348f,-0.1103f,2.5344f,0.5302f,-0.845f,-0.0698f,1.4192f,0f,0f,0f,1f],start_interpolation: 0,interpolation_duration: 1}
$data merge entity $(bone_leftforearm) {transformation: [-1f,0f,0f,0.9687f,0f,0.5348f,-0.845f,2.9236f,0f,-0.845f,-0.5348f,0.8335f,0f,0f,0f,1f],start_interpolation: 0,interpolation_duration: 1}
$data merge entity $(bone_leftelbow) {transformation: [-1f,0f,0f,0.9687f,0f,0.418f,-0.9085f,3.002f,0f,-0.9085f,-0.418f,0.6631f,0f,0f,0f,1f],start_interpolation: 0,interpolation_duration: 1}
$data merge entity $(bone_leftarm) {transformation: [-1f,0f,0f,0.75f,0f,0.9839f,-0.1787f,3.4995f,0f,-0.1787f,-0.9839f,0.6045f,0f,0f,0f,1f],start_interpolation: 0,interpolation_duration: 1}
$data merge entity $(bone_rightthumb2) {transformation: [-0.0325f,0.2021f,-0.9788f,-1.1158f,0.9792f,0.2026f,0.0094f,2.6204f,0.2002f,-0.9582f,-0.2045f,1.8756f,0f,0f,0f,1f],start_interpolation: 0,interpolation_duration: 1}
$data merge entity $(bone_rightthumb) {transformation: [-0.0325f,0.2021f,-0.9788f,-1.1499f,0.9792f,0.2026f,0.0094f,2.6709f,0.2002f,-0.9582f,-0.2045f,1.6232f,0f,0f,0f,1f],start_interpolation: 0,interpolation_duration: 1}
$data merge entity $(bone_rightpointerfinger) {transformation: [-0.0412f,0.2005f,-0.9788f,-1.2656f,0.9694f,0.2451f,0.0094f,2.7119f,0.2418f,-0.9485f,-0.2045f,1.9499f,0f,0f,0f,1f],start_interpolation: 0,interpolation_duration: 1}
$data merge entity $(bone_rightmidfinger) {transformation: [-0.0412f,0.2005f,-0.9788f,-1.4186f,0.9694f,0.2451f,0.0094f,2.7134f,0.2418f,-0.9485f,-0.2045f,1.9179f,0f,0f,0f,1f],start_interpolation: 0,interpolation_duration: 1}
$data merge entity $(bone_rightringfinger) {transformation: [-0.0671f,0.1934f,-0.9788f,-1.5715f,0.9291f,0.3696f,0.0094f,2.7149f,0.3636f,-0.9088f,-0.2045f,1.886f,0f,0f,0f,1f],start_interpolation: 0,interpolation_duration: 1}
$data merge entity $(bone_hugeasssword) {transformation: [0f,0f,0f,-1.3536f,0f,0f,0f,2.4943f,0f,0f,0f,1.6733f,0f,0f,0f,1f],start_interpolation: 0,interpolation_duration: 1}
$data merge entity $(bone_ice) {transformation: [-0.0325f,0.2021f,-0.9788f,-1.3562f,0.9792f,0.2026f,0.0094f,2.4758f,0.2002f,-0.9582f,-0.2045f,1.6852f,0f,0f,0f,1f],start_interpolation: 0,interpolation_duration: 1}
$data merge entity $(bone_righthand1) {transformation: [-0.0325f,0.2021f,-0.9788f,-1.3444f,0.9792f,0.2026f,0.0094f,2.7716f,0.2002f,-0.9582f,-0.2045f,1.4893f,0f,0f,0f,1f],start_interpolation: 0,interpolation_duration: 1}
$data merge entity $(bone_rightforearm) {transformation: [-0.9537f,0.1933f,-0.2304f,-1.1453f,0.2883f,0.3696f,-0.8833f,3.0273f,-0.0856f,-0.9088f,-0.4083f,0.862f,0f,0f,0f,1f],start_interpolation: 0,interpolation_duration: 1}
$data merge entity $(bone_rightelbow) {transformation: [-0.9537f,0.1933f,-0.2304f,-1.109f,0.2883f,0.3696f,-0.8833f,3.0966f,-0.0856f,-0.9088f,-0.4083f,0.6916f,0f,0f,0f,1f],start_interpolation: 0,interpolation_duration: 1}
$data merge entity $(bone_rightarm) {transformation: [-0.9537f,0.3008f,0f,-0.75f,0.2883f,0.9142f,-0.2846f,3.4995f,-0.0856f,-0.2715f,-0.9586f,0.6045f,0f,0f,0f,1f],start_interpolation: 0,interpolation_duration: 1}
$data merge entity $(bone_chest1) {transformation: [-1.0833f,0f,0f,-0.0023f,0f,1.0832f,0.0183f,3.3411f,0f,0.0183f,-1.0832f,0.4918f,0f,0f,0f,1f],start_interpolation: 0,interpolation_duration: 1}
$data merge entity $(bone_chest1lid) {transformation: [-1f,0f,0f,-0.3438f,0f,0.9999f,0.0169f,2.6511f,0f,0.0169f,-0.9999f,0.8715f,0f,0f,0f,1f],start_interpolation: 0,interpolation_duration: 1}
$data merge entity $(bone_chest2) {transformation: [-1f,0f,0f,-0.3438f,0f,0.9999f,0.0169f,2.4949f,0f,0.0169f,-0.9999f,0.8689f,0f,0f,0f,1f],start_interpolation: 0,interpolation_duration: 1}
$data merge entity $(bone_chest1lid3) {transformation: [-1f,0f,0f,-0.2813f,0f,0.9999f,0.0169f,2.662f,0f,0.0169f,-0.9999f,0.231f,0f,0f,0f,1f],start_interpolation: 0,interpolation_duration: 1}
$data merge entity $(bone_chest3) {transformation: [-1f,0f,0f,-0.2813f,0f,0.9999f,0.0169f,2.5057f,0f,0.0169f,-0.9999f,0.2283f,0f,0f,0f,1f],start_interpolation: 0,interpolation_duration: 1}
$data merge entity $(bone_hugeasssword2) {transformation: [0f,2.8877f,-2.6461f,-1.2344f,-0.0661f,2.6457f,2.8873f,4.5057f,3.9161f,0.0447f,0.0487f,0.2465f,0f,0f,0f,1f],start_interpolation: 0,interpolation_duration: 1}
$data merge entity $(bone_belt) {transformation: [-1f,0f,0f,0.0297f,0f,0.9999f,0.0169f,2.9406f,0f,0.0169f,-0.9999f,0.6159f,0f,0f,0f,1f],start_interpolation: 0,interpolation_duration: 1}
$data merge entity $(bone_torn_part) {transformation: [-1f,0f,0f,-0.0938f,0f,0.9485f,0.3168f,2.6556f,0f,0.3168f,-0.9485f,0.6059f,0f,0f,0f,1f],start_interpolation: 0,interpolation_duration: 1}
$data merge entity $(bone_lowerbody) {transformation: [-1f,0f,0f,0.0039f,0f,0.9999f,0.0169f,2.165f,0f,0.0169f,-0.9999f,0.7383f,0f,0f,0f,1f],start_interpolation: 0,interpolation_duration: 1}
$data merge entity $(bone_leftfoot) {transformation: [-0.973f,-0.0699f,-0.2202f,0.2305f,-0.0445f,0.992f,-0.118f,0.178f,0.2267f,-0.105f,-0.9683f,-0.0494f,0f,0f,0f,1f],start_interpolation: 0,interpolation_duration: 1}
$data merge entity $(bone_leftlowerleg) {transformation: [-0.973f,0.0541f,-0.2246f,0.325f,-0.0445f,0.91f,0.4122f,1.1242f,0.2267f,0.411f,-0.883f,0.5423f,0f,0f,0f,1f],start_interpolation: 0,interpolation_duration: 1}
$data merge entity $(bone_leftleg) {transformation: [-0.973f,-0.0475f,-0.226f,0.25f,-0.0445f,0.9988f,-0.0184f,2.1846f,0.2267f,-0.0078f,-0.9739f,0.5664f,0f,0f,0f,1f],start_interpolation: 0,interpolation_duration: 1}
$data merge entity $(bone_rightfoot) {transformation: [-0.9905f,0.0211f,0.1359f,-0.3621f,0.0432f,0.9858f,0.162f,0.291f,-0.1305f,0.1663f,-0.9774f,0.5505f,0f,0f,0f,1f],start_interpolation: 0,interpolation_duration: 1}
$data merge entity $(bone_rightlowerleg) {transformation: [-0.9905f,-0.0067f,0.1373f,-0.3907f,0.0432f,0.9329f,0.3575f,1.271f,-0.1305f,0.3601f,-0.9237f,1.0919f,0f,0f,0f,1f],start_interpolation: 0,interpolation_duration: 1}
$data merge entity $(bone_rightleg) {transformation: [-0.9905f,0.1054f,0.0883f,-0.25f,0.0432f,0.8482f,-0.528f,2.1846f,-0.1305f,-0.5191f,-0.8447f,0.5664f,0f,0f,0f,1f],start_interpolation: 0,interpolation_duration: 1}
data modify entity @s data merge value {"cameras":{},"locators":{"lefthand":{"posx":0.9953639565066509,"posy":2.48809783632641,"posz":1.77826239010166,"roty":274.02722810325463,"rotx":-6.33226205646845},"sword":{"posx":-1.3535434446700472,"posy":2.4943097804735204,"posz":1.673332859741367,"roty":281.8022124953472,"rotx":0.536983070395398},"righthand":{"posx":-1.3471388970371285,"posy":2.564331747954481,"posz":1.7221060812221076,"roty":281.8022124953472,"rotx":0.5369830703953885},"chest":{"posx":-0.37500000000000017,"posy":2.5860127548690732,"posz":1.026677480358012,"roty":0,"rotx":0.967078189300416}}}