# This file was generated by Animated Java via MC-Build. It is not recommended to edit this file directly.
$data merge entity $(bone_nose) {transformation: [-1f,0f,0f,0f,0f,0.9634f,0.2682f,4.1119f,0f,0.2682f,-0.9634f,0.607f,0f,0f,0f,1f],start_interpolation: 0,interpolation_duration: 1}
$data merge entity $(bone_glowing_eye) {transformation: [-1f,0f,0f,-0.125f,0f,0.9634f,0.2682f,4.1678f,0f,0.2682f,-0.9634f,0.6588f,0f,0f,0f,1f],start_interpolation: 0,interpolation_duration: 1}
$data merge entity $(bone_head) {transformation: [-1f,0f,0f,0f,0f,0.9634f,0.2682f,4.0432f,0f,0.2682f,-0.9634f,0.3935f,0f,0f,0f,1f],start_interpolation: 0,interpolation_duration: 1}
$data merge entity $(bone_leftthumb2) {transformation: [-0.1305f,-0.3391f,-0.9317f,1.4007f,0.8045f,0.5129f,-0.2994f,2.4786f,0.5794f,-0.7886f,0.2059f,1.561f,0f,0f,0f,1f],start_interpolation: 0,interpolation_duration: 1}
$data merge entity $(bone_leftthumb) {transformation: [-0.1305f,-0.3391f,-0.9317f,1.2379f,0.8045f,0.5129f,-0.2994f,2.5788f,0.5794f,-0.7886f,0.2059f,1.3851f,0f,0f,0f,1f],start_interpolation: 0,interpolation_duration: 1}
$data merge entity $(bone_leftpointerfinger) {transformation: [-0.1285f,0.0227f,-0.9914f,1.2057f,0.8938f,0.4358f,-0.1059f,2.2941f,0.4297f,-0.8997f,-0.0763f,1.5845f,0f,0f,0f,1f],start_interpolation: 0,interpolation_duration: 1}
$data merge entity $(bone_leftmidfinger) {transformation: [-0.1285f,0.0227f,-0.9914f,1.0508f,0.8938f,0.4358f,-0.1059f,2.2775f,0.4297f,-0.8997f,-0.0763f,1.5725f,0f,0f,0f,1f],start_interpolation: 0,interpolation_duration: 1}
$data merge entity $(bone_leftringfinger) {transformation: [-0.1261f,0.0338f,-0.9914f,0.8959f,0.9284f,0.3563f,-0.1059f,2.261f,0.3496f,-0.9338f,-0.0763f,1.5606f,0f,0f,0f,1f],start_interpolation: 0,interpolation_duration: 1}
$data merge entity $(bone_invisibility) {transformation: [-0.0864f,0.9877f,0.1305f,1.2122f,0.573f,0.1564f,-0.8045f,2.5122f,-0.815f,0.0053f,-0.5794f,1.6067f,0f,0f,0f,1f],start_interpolation: 0,interpolation_duration: 1}
$data merge entity $(bone_swiftness) {transformation: [-0.9914f,0f,0.1305f,1.0195f,-0.1059f,0.5844f,-0.8045f,2.4551f,-0.0763f,-0.8115f,-0.5794f,1.7325f,0f,0f,0f,1f],start_interpolation: 0,interpolation_duration: 1}
$data merge entity $(bone_suspicious_stew) {transformation: [-0.419f,0.8986f,0.1305f,1.0263f,0.4849f,0.343f,-0.8045f,2.4649f,-0.7677f,-0.2738f,-0.5794f,1.6305f,0f,0f,0f,1f],start_interpolation: 0,interpolation_duration: 1}
$data merge entity $(bone_log) {transformation: [-0.1305f,0f,-0.9914f,0.9676f,0.8045f,0.5844f,-0.1059f,2.6084f,0.5794f,-0.8115f,-0.0763f,1.5798f,0f,0f,0f,1f],start_interpolation: 0,interpolation_duration: 1}
$data merge entity $(bone_planks) {transformation: [-0.1305f,0f,-0.9914f,0.9554f,0.8045f,0.5844f,-0.1059f,2.6838f,0.5794f,-0.8115f,-0.0763f,1.6341f,0f,0f,0f,1f],start_interpolation: 0,interpolation_duration: 1}
$data merge entity $(bone_lefthand1) {transformation: [-0.1305f,0f,-0.9914f,1.0313f,0.8045f,0.5844f,-0.1059f,2.5567f,0.5794f,-0.8115f,-0.0763f,1.2344f,0f,0f,0f,1f],start_interpolation: 0,interpolation_duration: 1}
$data merge entity $(bone_leftforearm) {transformation: [-1f,0f,0f,0.9688f,0f,0.5844f,-0.8115f,2.9803f,0f,-0.8115f,-0.5844f,0.673f,0f,0f,0f,1f],start_interpolation: 0,interpolation_duration: 1}
$data merge entity $(bone_leftelbow) {transformation: [-1f,0f,0f,0.9688f,0f,0.3824f,-0.924f,3.052f,0f,-0.924f,-0.3824f,0.4998f,0f,0f,0f,1f],start_interpolation: 0,interpolation_duration: 1}
$data merge entity $(bone_leftarm) {transformation: [-1f,0f,0f,0.75f,0f,0.9762f,-0.2168f,3.5469f,0f,-0.2168f,-0.9762f,0.4219f,0f,0f,0f,1f],start_interpolation: 0,interpolation_duration: 1}
$data merge entity $(bone_rightthumb2) {transformation: [-0.0138f,0.2093f,-0.9777f,-1.1275f,0.9757f,0.2165f,0.0326f,2.6542f,0.2185f,-0.9536f,-0.2072f,1.6948f,0f,0f,0f,1f],start_interpolation: 0,interpolation_duration: 1}
$data merge entity $(bone_rightthumb) {transformation: [-0.0138f,0.2093f,-0.9777f,-1.1597f,0.9757f,0.2165f,0.0326f,2.7101f,0.2185f,-0.9536f,-0.2072f,1.4433f,0f,0f,0f,1f],start_interpolation: 0,interpolation_duration: 1}
$data merge entity $(bone_rightpointerfinger) {transformation: [-0.0229f,0.2085f,-0.9777f,-1.2758f,0.9654f,0.2588f,0.0326f,2.7473f,0.2599f,-0.9431f,-0.2072f,1.7703f,0f,0f,0f,1f],start_interpolation: 0,interpolation_duration: 1}
$data merge entity $(bone_rightmidfinger) {transformation: [-0.0229f,0.2085f,-0.9777f,-1.4285f,0.9654f,0.2588f,0.0326f,2.7524f,0.2599f,-0.9431f,-0.2072f,1.738f,0f,0f,0f,1f],start_interpolation: 0,interpolation_duration: 1}
$data merge entity $(bone_rightringfinger) {transformation: [-0.0499f,0.2038f,-0.9777f,-1.5813f,0.9233f,0.3826f,0.0326f,2.7575f,0.3808f,-0.9012f,-0.2072f,1.7056f,0f,0f,0f,1f],start_interpolation: 0,interpolation_duration: 1}
$data merge entity $(bone_hugeasssword) {transformation: [0f,0f,0f,-1.3671f,0f,0f,0f,2.5367f,0f,0f,0f,1.4895f,0f,0f,0f,1f],start_interpolation: 0,interpolation_duration: 1}
$data merge entity $(bone_ice) {transformation: [-0.0138f,0.2093f,-0.9777f,-1.3701f,0.9757f,0.2165f,0.0326f,2.518f,0.2185f,-0.9536f,-0.2072f,1.5009f,0f,0f,0f,1f],start_interpolation: 0,interpolation_duration: 1}
$data merge entity $(bone_righthand1) {transformation: [-0.0138f,0.2093f,-0.9777f,-1.3518f,0.9757f,0.2165f,0.0326f,2.8171f,0.2185f,-0.9536f,-0.2072f,1.3107f,0f,0f,0f,1f],start_interpolation: 0,interpolation_duration: 1}
$data merge entity $(bone_rightforearm) {transformation: [-0.9529f,0.2005f,-0.2276f,-1.1477f,0.2893f,0.3749f,-0.8808f,3.0764f,-0.0912f,-0.9051f,-0.4152f,0.6865f,0f,0f,0f,1f],start_interpolation: 0,interpolation_duration: 1}
$data merge entity $(bone_rightelbow) {transformation: [-0.9529f,0.2005f,-0.2276f,-1.1101f,0.2893f,0.3749f,-0.8808f,3.1467f,-0.0912f,-0.9051f,-0.4152f,0.5168f,0f,0f,0f,1f],start_interpolation: 0,interpolation_duration: 1}
$data merge entity $(bone_rightarm) {transformation: [-0.9529f,0.3033f,-0.0008f,-0.75f,0.2893f,0.9079f,-0.3033f,3.5469f,-0.0912f,-0.2893f,-0.9529f,0.4219f,0f,0f,0f,1f],start_interpolation: 0,interpolation_duration: 1}
$data merge entity $(bone_chest1) {transformation: [-1.0833f,0f,0f,-0.0023f,0f,1.0833f,0f,3.3866f,0f,0f,-1.0833f,0.3118f,0f,0f,0f,1f],start_interpolation: 0,interpolation_duration: 1}
$data merge entity $(bone_chest1lid) {transformation: [-1f,0f,0f,-0.3438f,0f,1f,0f,2.7031f,0f,0f,-1f,0.7031f,0f,0f,0f,1f],start_interpolation: 0,interpolation_duration: 1}
$data merge entity $(bone_chest2) {transformation: [-1f,0f,0f,-0.3438f,0f,1f,0f,2.5469f,0f,0f,-1f,0.7031f,0f,0f,0f,1f],start_interpolation: 0,interpolation_duration: 1}
$data merge entity $(bone_chest1lid3) {transformation: [-1f,0f,0f,-0.2812f,0f,1f,0f,2.7031f,0f,0f,-1f,0.0625f,0f,0f,0f,1f],start_interpolation: 0,interpolation_duration: 1}
$data merge entity $(bone_chest3) {transformation: [-1f,0f,0f,-0.2812f,0f,1f,0f,2.5469f,0f,0f,-1f,0.0625f,0f,0f,0f,1f],start_interpolation: 0,interpolation_duration: 1}
$data merge entity $(bone_hugeasssword2) {transformation: [0f,2.8877f,-2.6461f,-1.2344f,0f,2.6461f,2.8877f,4.5469f,3.9167f,0f,0f,0.0469f,0f,0f,0f,1f],start_interpolation: 0,interpolation_duration: 1}
$data merge entity $(bone_belt) {transformation: [-1f,0f,0f,0.0297f,0f,1f,0f,2.9882f,0f,0f,-1f,0.4427f,0f,0f,0f,1f],start_interpolation: 0,interpolation_duration: 1}
$data merge entity $(bone_torn_part) {transformation: [-1f,0f,0f,-0.0938f,0f,0.9537f,0.3007f,2.7031f,0f,0.3007f,-0.9537f,0.4375f,0f,0f,0f,1f],start_interpolation: 0,interpolation_duration: 1}
$data merge entity $(bone_lowerbody) {transformation: [-1f,0f,0f,0.0039f,0f,1f,0f,2.2148f,0f,0f,-1f,0.5781f,0f,0f,0f,1f],start_interpolation: 0,interpolation_duration: 1}
$data merge entity $(bone_leftfoot) {transformation: [-0.9717f,-0.0551f,-0.2296f,0.263f,-0.0455f,0.9979f,-0.0471f,0.1953f,0.2317f,-0.0353f,-0.9721f,-0.0744f,0f,0f,0f,1f],start_interpolation: 0,interpolation_duration: 1}
$data merge entity $(bone_leftlowerleg) {transformation: [-0.9717f,0.0411f,-0.2326f,0.3443f,-0.0455f,0.9337f,0.355f,1.1766f,0.2317f,0.3556f,-0.9055f,0.4592f,0f,0f,0f,1f],start_interpolation: 0,interpolation_duration: 1}
$data merge entity $(bone_leftleg) {transformation: [-0.9717f,-0.0657f,-0.2268f,0.25f,-0.0455f,0.9946f,-0.0933f,2.2344f,0.2317f,-0.0804f,-0.9694f,0.4062f,0f,0f,0f,1f],start_interpolation: 0,interpolation_duration: 1}
$data merge entity $(bone_rightfoot) {transformation: [-0.9905f,0.015f,0.1367f,-0.3518f,0.0432f,0.9775f,0.2062f,0.3164f,-0.1305f,0.2102f,-0.9689f,0.304f,0f,0f,0f,1f],start_interpolation: 0,interpolation_duration: 1}
$data merge entity $(bone_rightlowerleg) {transformation: [-0.9905f,-0.0096f,0.1372f,-0.3836f,0.0432f,0.9252f,0.3771f,1.2848f,-0.1305f,0.3794f,-0.916f,0.8657f,0f,0f,0f,1f],start_interpolation: 0,interpolation_duration: 1}
$data merge entity $(bone_rightleg) {transformation: [-0.9905f,0.0989f,0.0955f,-0.25f,0.0432f,0.8835f,-0.4664f,2.2344f,-0.1305f,-0.4578f,-0.8794f,0.4062f,0f,0f,0f,1f],start_interpolation: 0,interpolation_duration: 1}
data modify entity @s data merge value {"cameras":{},"locators":{"lefthand":{"posx":0.9953639565066511,"posy":2.488997753652201,"posz":1.5900375356146152,"roty":274.39960691983526,"rotx":-6.079983318255526},"sword":{"posx":-1.3670344983253733,"posy":2.5366639932265915,"posz":1.4894700630978277,"roty":281.96685419610986,"rotx":1.868962864025971},"righthand":{"posx":-1.3594101478919773,"posy":2.6056199724363323,"posz":1.5395686010564458,"roty":281.96685419610986,"rotx":1.868962864025971},"chest":{"posx":-0.3750000000000001,"posy":2.640625,"posz":0.8593749999999996,"roty":0,"rotx":0}}}