# This file was generated by Animated Java via MC-Build. It is not recommended to edit this file directly.
$data merge entity $(bone_nose) {transformation: [-1f,0f,0f,0f,0f,0.9873f,0.1589f,4.1716f,0f,0.1589f,-0.9873f,0.3577f,0f,0f,0f,1f],start_interpolation: 0,interpolation_duration: 1}
$data merge entity $(bone_glowing_eye) {transformation: [-1f,0f,0f,-0.125f,0f,0.9873f,0.1589f,4.2329f,0f,0.1589f,-0.9873f,0.4029f,0f,0f,0f,1f],start_interpolation: 0,interpolation_duration: 1}
$data merge entity $(bone_head) {transformation: [-1f,0f,0f,0f,0f,0.9873f,0.1589f,4.0794f,0f,0.1589f,-0.9873f,0.1532f,0f,0f,0f,1f],start_interpolation: 0,interpolation_duration: 1}
$data merge entity $(bone_leftthumb2) {transformation: [-0.1305f,-0.3391f,-0.9317f,1.4007f,0.783f,0.5412f,-0.3067f,2.4814f,0.6082f,-0.7695f,0.1949f,1.2984f,0f,0f,0f,1f],start_interpolation: 0,interpolation_duration: 1}
$data merge entity $(bone_leftthumb) {transformation: [-0.1305f,-0.3391f,-0.9317f,1.2379f,0.783f,0.5412f,-0.3067f,2.5879f,0.6082f,-0.7695f,0.1949f,1.1263f,0f,0f,0f,1f],start_interpolation: 0,interpolation_duration: 1}
$data merge entity $(bone_leftpointerfinger) {transformation: [-0.1285f,0.0227f,-0.9914f,1.2057f,0.8776f,0.4682f,-0.1031f,2.2962f,0.4618f,-0.8833f,-0.0801f,1.3152f,0f,0f,0f,1f],start_interpolation: 0,interpolation_duration: 1}
$data merge entity $(bone_leftmidfinger) {transformation: [-0.1285f,0.0227f,-0.9914f,1.0508f,0.8776f,0.4682f,-0.1031f,2.2801f,0.4618f,-0.8833f,-0.0801f,1.3027f,0f,0f,0f,1f],start_interpolation: 0,interpolation_duration: 1}
$data merge entity $(bone_leftringfinger) {transformation: [-0.1261f,0.0338f,-0.9914f,0.8959f,0.9151f,0.3899f,-0.1031f,2.264f,0.3831f,-0.9202f,-0.0801f,1.2901f,0f,0f,0f,1f],start_interpolation: 0,interpolation_duration: 1}
$data merge entity $(bone_invisibility) {transformation: [-0.0864f,0.9877f,0.1305f,1.2122f,0.6021f,0.1562f,-0.783f,2.5133f,-0.7937f,0.0109f,-0.6082f,1.3453f,0f,0f,0f,1f],start_interpolation: 0,interpolation_duration: 1}
$data merge entity $(bone_swiftness) {transformation: [-0.9914f,0f,0.1305f,1.0195f,-0.1031f,0.6135f,-0.783f,2.4517f,-0.0801f,-0.7897f,-0.6082f,1.4689f,0f,0f,0f,1f],start_interpolation: 0,interpolation_duration: 1}
$data merge entity $(bone_suspicious_stew) {transformation: [-0.419f,0.8986f,0.1305f,1.0263f,0.5124f,0.3527f,-0.783f,2.4652f,-0.7496f,-0.2612f,-0.6082f,1.3673f,0f,0f,0f,1f],start_interpolation: 0,interpolation_duration: 1}
$data merge entity $(bone_log) {transformation: [-0.1305f,0f,-0.9914f,0.9676f,0.783f,0.6135f,-0.1031f,2.6105f,0.6082f,-0.7897f,-0.0801f,1.3219f,0f,0f,0f,1f],start_interpolation: 0,interpolation_duration: 1}
$data merge entity $(bone_planks) {transformation: [-0.1305f,0f,-0.9914f,0.9554f,0.783f,0.6135f,-0.1031f,2.6839f,0.6082f,-0.7897f,-0.0801f,1.3789f,0f,0f,0f,1f],start_interpolation: 0,interpolation_duration: 1}
$data merge entity $(bone_lefthand1) {transformation: [-0.1305f,0f,-0.9914f,1.0313f,0.783f,0.6135f,-0.1031f,2.5713f,0.6082f,-0.7897f,-0.0801f,0.9749f,0f,0f,0f,1f],start_interpolation: 0,interpolation_duration: 1}
$data merge entity $(bone_leftforearm) {transformation: [-1f,0f,0f,0.9688f,0f,0.6135f,-0.7897f,3.015f,0f,-0.7897f,-0.6135f,0.4292f,0f,0f,0f,1f],start_interpolation: 0,interpolation_duration: 1}
$data merge entity $(bone_leftelbow) {transformation: [-1f,0f,0f,0.9688f,0f,0.3882f,-0.9216f,3.0878f,0f,-0.9216f,-0.3882f,0.2564f,0f,0f,0f,1f],start_interpolation: 0,interpolation_duration: 1}
$data merge entity $(bone_leftarm) {transformation: [-1f,0f,0f,0.75f,0f,0.9776f,-0.2106f,3.5831f,0f,-0.2106f,-0.9776f,0.1816f,0f,0f,0f,1f],start_interpolation: 0,interpolation_duration: 1}
$data merge entity $(bone_rightthumb2) {transformation: [0.0483f,0.2084f,-0.9768f,-1.1368f,0.9721f,0.2148f,0.0939f,2.6988f,0.2294f,-0.9542f,-0.1923f,1.4617f,0f,0f,0f,1f],start_interpolation: 0,interpolation_duration: 1}
$data merge entity $(bone_rightthumb) {transformation: [0.0483f,0.2084f,-0.9768f,-1.1691f,0.9721f,0.2148f,0.0939f,2.7595f,0.2294f,-0.9542f,-0.1923f,1.2113f,0f,0f,0f,1f],start_interpolation: 0,interpolation_duration: 1}
$data merge entity $(bone_rightpointerfinger) {transformation: [0.0391f,0.2103f,-0.9768f,-1.278f,0.9618f,0.257f,0.0939f,2.7997f,0.2708f,-0.9432f,-0.1923f,1.5405f,0f,0f,0f,1f],start_interpolation: 0,interpolation_duration: 1}
$data merge entity $(bone_rightmidfinger) {transformation: [0.0391f,0.2103f,-0.9768f,-1.4307f,0.9618f,0.257f,0.0939f,2.8144f,0.2708f,-0.9432f,-0.1923f,1.5104f,0f,0f,0f,1f],start_interpolation: 0,interpolation_duration: 1}
$data merge entity $(bone_rightringfinger) {transformation: [0.0113f,0.2136f,-0.9768f,-1.5833f,0.9201f,0.3804f,0.0939f,2.829f,0.3916f,-0.8998f,-0.1923f,1.4804f,0f,0f,0f,1f],start_interpolation: 0,interpolation_duration: 1}
$data merge entity $(bone_hugeasssword) {transformation: [0f,0f,0f,-1.3859f,0f,0f,0f,2.5983f,0f,0f,0f,1.2587f,0f,0f,0f,1f],start_interpolation: 0,interpolation_duration: 1}
$data merge entity $(bone_ice) {transformation: [0.0483f,0.2084f,-0.9768f,-1.3899f,0.9721f,0.2148f,0.0939f,2.5798f,0.2294f,-0.9542f,-0.1923f,1.27f,0f,0f,0f,1f],start_interpolation: 0,interpolation_duration: 1}
$data merge entity $(bone_righthand1) {transformation: [0.0483f,0.2084f,-0.9768f,-1.3563f,0.9721f,0.2148f,0.0939f,2.8794f,0.2294f,-0.9542f,-0.1923f,1.0828f,0f,0f,0f,1f],start_interpolation: 0,interpolation_duration: 1}
$data merge entity $(bone_rightforearm) {transformation: [-0.9499f,0.2009f,-0.2395f,-1.1519f,0.2981f,0.3514f,-0.8875f,3.1217f,-0.0941f,-0.9144f,-0.3937f,0.4519f,0f,0f,0f,1f],start_interpolation: 0,interpolation_duration: 1}
$data merge entity $(bone_rightelbow) {transformation: [-0.9499f,0.2009f,-0.2395f,-1.1142f,0.2981f,0.3514f,-0.8875f,3.1876f,-0.0941f,-0.9144f,-0.3937f,0.2804f,0f,0f,0f,1f],start_interpolation: 0,interpolation_duration: 1}
$data merge entity $(bone_rightarm) {transformation: [-0.9499f,0.3126f,-0.004f,-0.75f,0.2981f,0.9019f,-0.3126f,3.5831f,-0.0941f,-0.2981f,-0.9499f,0.1816f,0f,0f,0f,1f],start_interpolation: 0,interpolation_duration: 1}
$data merge entity $(bone_chest1) {transformation: [-1.0833f,0f,0f,-0.0023f,0f,1.0833f,0f,3.4228f,0f,0f,-1.0833f,0.0716f,0f,0f,0f,1f],start_interpolation: 0,interpolation_duration: 1}
$data merge entity $(bone_chest1lid) {transformation: [-1f,0f,0f,-0.3438f,0f,1f,0f,2.7394f,0f,0f,-1f,0.4629f,0f,0f,0f,1f],start_interpolation: 0,interpolation_duration: 1}
$data merge entity $(bone_chest2) {transformation: [-1f,0f,0f,-0.3438f,0f,1f,0f,2.5831f,0f,0f,-1f,0.4629f,0f,0f,0f,1f],start_interpolation: 0,interpolation_duration: 1}
$data merge entity $(bone_chest1lid3) {transformation: [-1f,0f,0f,-0.2812f,0f,1f,0f,2.7394f,0f,0f,-1f,-0.1777f,0f,0f,0f,1f],start_interpolation: 0,interpolation_duration: 1}
$data merge entity $(bone_chest3) {transformation: [-1f,0f,0f,-0.2812f,0f,1f,0f,2.5831f,0f,0f,-1f,-0.1777f,0f,0f,0f,1f],start_interpolation: 0,interpolation_duration: 1}
$data merge entity $(bone_hugeasssword2) {transformation: [0f,2.8877f,-2.6461f,-1.2344f,0f,2.6461f,2.8877f,4.5831f,3.9167f,0f,0f,-0.1934f,0f,0f,0f,1f],start_interpolation: 0,interpolation_duration: 1}
$data merge entity $(bone_belt) {transformation: [-1f,0f,0f,0.0297f,0f,1f,0f,3.0245f,0f,0f,-1f,0.2025f,0f,0f,0f,1f],start_interpolation: 0,interpolation_duration: 1}
$data merge entity $(bone_torn_part) {transformation: [-1f,0f,0f,-0.0938f,0f,0.9537f,0.3007f,2.7394f,0f,0.3007f,-0.9537f,0.1973f,0f,0f,0f,1f],start_interpolation: 0,interpolation_duration: 1}
$data merge entity $(bone_lowerbody) {transformation: [-1f,0f,0f,0.0039f,0f,1f,0f,2.2511f,0f,0f,-1f,0.3379f,0f,0f,0f,1f],start_interpolation: 0,interpolation_duration: 1}
$data merge entity $(bone_leftfoot) {transformation: [-0.9733f,-0.0281f,-0.2276f,0.3027f,-0.0442f,0.9968f,0.066f,0.1997f,0.2251f,0.0744f,-0.9715f,-0.1518f,0f,0f,0f,1f],start_interpolation: 0,interpolation_duration: 1}
$data merge entity $(bone_leftlowerleg) {transformation: [-0.9733f,0.0211f,-0.2284f,0.3612f,-0.0442f,0.9598f,0.277f,1.222f,0.2251f,0.2797f,-0.9333f,0.302f,0f,0f,0f,1f],start_interpolation: 0,interpolation_duration: 1}
$data merge entity $(bone_leftleg) {transformation: [-0.9733f,-0.0813f,-0.2145f,0.25f,-0.0442f,0.9841f,-0.1722f,2.2706f,0.2251f,-0.1582f,-0.9614f,0.166f,0f,0f,0f,1f],start_interpolation: 0,interpolation_duration: 1}
$data merge entity $(bone_rightfoot) {transformation: [-0.9891f,0.0286f,0.1443f,-0.3371f,0.0462f,0.9916f,0.1205f,0.1928f,-0.1396f,0.1258f,-0.9822f,-0.1284f,0f,0f,0f,1f],start_interpolation: 0,interpolation_duration: 1}
$data merge entity $(bone_rightlowerleg) {transformation: [-0.9891f,0.0076f,0.1469f,-0.3512f,0.0462f,0.9642f,0.2611f,1.2223f,-0.1396f,0.2651f,-0.9541f,0.3122f,0f,0f,0f,1f],start_interpolation: 0,interpolation_duration: 1}
$data merge entity $(bone_rightleg) {transformation: [-0.9891f,0.0694f,0.1297f,-0.25f,0.0462f,0.9837f,-0.1735f,2.2706f,-0.1396f,-0.1656f,-0.9763f,0.166f,0f,0f,0f,1f],start_interpolation: 0,interpolation_duration: 1}
data modify entity @s data merge value {"cameras":{},"locators":{"lefthand":{"posx":0.9953639565066511,"posy":2.490745835868901,"posz":1.3278138755814597,"roty":274.6173771274225,"rotx":-5.916561214284183},"sword":{"posx":-1.385865992883594,"posy":2.5983206658102405,"posz":1.2586738450757087,"roty":281.1341056279927,"rotx":5.386209325052132},"righthand":{"posx":-1.3733815742068096,"posy":2.666091650272776,"posz":1.3094099687863154,"roty":281.1341056279927,"rotx":5.3862093250521195},"chest":{"posx":-0.3750000000000001,"posy":2.6768798828125,"posz":0.619140625,"roty":0,"rotx":0}}}