# This file was generated by Animated Java via MC-Build. It is not recommended to edit this file directly.
$data merge entity $(nose) {transformation: [-1f,0f,0f,0f,0f,0f,1f,2.5843f,0f,1f,0f,1.8994f,0f,0f,0f,1f],start_interpolation: 0,interpolation_duration: 1}
$data merge entity $(glowing_eye) {transformation: [-1f,0f,0f,-0.125f,0f,0f,1f,2.5494f,0f,1f,0f,1.9671f,0f,0f,0f,1f],start_interpolation: 0,interpolation_duration: 1}
$data merge entity $(head) {transformation: [-1f,0f,0f,0f,0f,0f,1f,2.7715f,0f,1f,0f,1.7759f,0f,0f,0f,1f],start_interpolation: 0,interpolation_duration: 1}
$data merge entity $(leftthumb2) {transformation: [-0.1305f,-0.3391f,-0.9317f,1.4007f,0.731f,0.6019f,-0.3215f,1.4304f,0.6698f,-0.723f,0.1693f,1.7691f,0f,0f,0f,1f],start_interpolation: 0,interpolation_duration: 1}
$data merge entity $(leftthumb) {transformation: [-0.1305f,-0.3391f,-0.9317f,1.2379f,0.731f,0.6019f,-0.3215f,1.5506f,0.6698f,-0.723f,0.1693f,1.6063f,0f,0f,0f,1f],start_interpolation: 0,interpolation_duration: 1}
$data merge entity $(leftpointerfinger) {transformation: [-0.1285f,0.0227f,-0.9914f,1.2057f,0.8372f,0.5384f,-0.0962f,1.2444f,0.5316f,-0.8424f,-0.0882f,1.7708f,0f,0f,0f,1f],start_interpolation: 0,interpolation_duration: 1}
$data merge entity $(leftmidfinger) {transformation: [-0.1285f,0.0227f,-0.9914f,1.0508f,0.8372f,0.5384f,-0.0962f,1.2294f,0.5316f,-0.8424f,-0.0882f,1.757f,0f,0f,0f,1f],start_interpolation: 0,interpolation_duration: 1}
$data merge entity $(leftringfinger) {transformation: [-0.1261f,0.0338f,-0.9914f,0.8959f,0.8809f,0.4634f,-0.0962f,1.2144f,0.4562f,-0.8855f,-0.0882f,1.7432f,0f,0f,0f,1f],start_interpolation: 0,interpolation_duration: 1}
$data merge entity $(invisibility) {transformation: [-0.0864f,0.9877f,0.1305f,1.2122f,0.6646f,0.1547f,-0.731f,1.4584f,-0.7422f,0.0236f,-0.6698f,1.8185f,0f,0f,0f,1f],start_interpolation: 0,interpolation_duration: 1}
$data merge entity $(swiftness) {transformation: [-0.9914f,0f,0.1305f,1.0195f,-0.0962f,0.6756f,-0.731f,1.3869f,-0.0882f,-0.7373f,-0.6698f,1.9367f,0f,0f,0f,1f],start_interpolation: 0,interpolation_duration: 1}
$data merge entity $(suspicious_stew) {transformation: [-0.419f,0.8986f,0.1305f,1.0263f,0.5716f,0.3727f,-0.731f,1.4087f,-0.7055f,-0.2317f,-0.6698f,1.8365f,0f,0f,0f,1f],start_interpolation: 0,interpolation_duration: 1}
$data merge entity $(log) {transformation: [-0.1305f,0f,-0.9914f,0.9676f,0.731f,0.6756f,-0.0962f,1.5571f,0.6698f,-0.7373f,-0.0882f,1.803f,0f,0f,0f,1f],start_interpolation: 0,interpolation_duration: 1}
$data merge entity $(planks) {transformation: [-0.1305f,0f,-0.9914f,0.9554f,0.731f,0.6756f,-0.0962f,1.6257f,0.6698f,-0.7373f,-0.0882f,1.8658f,0f,0f,0f,1f],start_interpolation: 0,interpolation_duration: 1}
$data merge entity $(lefthand1) {transformation: [-0.1305f,0f,-0.9914f,1.0312f,0.731f,0.6756f,-0.0962f,1.5463f,0.6698f,-0.7373f,-0.0882f,1.454f,0f,0f,0f,1f],start_interpolation: 0,interpolation_duration: 1}
$data merge entity $(leftforearm) {transformation: [-1f,0f,0f,0.9687f,0f,0.6756f,-0.7373f,2.0328f,0f,-0.7373f,-0.6756f,0.9462f,0f,0f,0f,1f],start_interpolation: 0,interpolation_duration: 1}
$data merge entity $(leftelbow) {transformation: [-1f,0f,0f,0.9687f,0f,0.9848f,0.1736f,2.2175f,0f,0.1736f,-0.9848f,0.9787f,0f,0f,0f,1f],start_interpolation: 0,interpolation_duration: 1}
$data merge entity $(leftarm) {transformation: [-1f,0f,0f,0.75f,0f,0.4226f,0.9063f,2.4005f,0f,0.9063f,-0.4226f,1.4451f,0f,0f,0f,1f],start_interpolation: 0,interpolation_duration: 1}
$data merge entity $(rightthumb2) {transformation: [0.0021f,0.0131f,-0.9999f,-0.8856f,0.9404f,0.34f,0.0064f,1.4144f,0.34f,-0.9403f,-0.0116f,2.3114f,0f,0f,0f,1f],start_interpolation: 0,interpolation_duration: 1}
$data merge entity $(rightthumb) {transformation: [0.0021f,0.0131f,-0.9999f,-0.9678f,0.9404f,0.34f,0.0064f,1.4984f,0.34f,-0.9403f,-0.0116f,2.0798f,0f,0f,0f,1f],start_interpolation: 0,interpolation_duration: 1}
$data merge entity $(rightpointerfinger) {transformation: [0.0015f,0.0131f,-0.9999f,-1.0188f,0.9247f,0.3807f,0.0064f,1.49f,0.3807f,-0.9246f,-0.0116f,2.425f,0f,0f,0f,1f],start_interpolation: 0,interpolation_duration: 1}
$data merge entity $(rightmidfinger) {transformation: [0.0015f,0.0131f,-0.9999f,-1.175f,0.9247f,0.3807f,0.0064f,1.491f,0.3807f,-0.9246f,-0.0116f,2.4232f,0f,0f,0f,1f],start_interpolation: 0,interpolation_duration: 1}
$data merge entity $(rightringfinger) {transformation: [-0.0002f,0.0132f,-0.9999f,-1.3313f,0.8671f,0.4981f,0.0064f,1.492f,0.4982f,-0.867f,-0.0116f,2.4213f,0f,0f,0f,1f],start_interpolation: 0,interpolation_duration: 1}
$data merge entity $(hugeasssword) {transformation: [0.005f,0.0319f,-2.4438f,-1.1573f,2.2984f,0.8309f,0.0156f,1.3101f,0.831f,-2.2982f,-0.0283f,2.142f,0f,0f,0f,1f],start_interpolation: 0,interpolation_duration: 1}
$data merge entity $(whey) {transformation: [0f,0f,0f,-1.0183f,0f,0f,0f,1.1157f,0f,0f,0f,2.1734f,0f,0f,0f,1f],start_interpolation: 0,interpolation_duration: 1}
$data merge entity $(ice) {transformation: [0.0021f,0.0131f,-0.9999f,-1.1575f,0.9404f,0.34f,0.0064f,1.2901f,0.34f,-0.9403f,-0.0116f,2.1514f,0f,0f,0f,1f],start_interpolation: 0,interpolation_duration: 1}
$data merge entity $(righthand1) {transformation: [0.0021f,0.0131f,-0.9999f,-1.185f,0.9404f,0.34f,0.0064f,1.6104f,0.34f,-0.9403f,-0.0116f,2.0009f,0f,0f,0f,1f],start_interpolation: 0,interpolation_duration: 1}
$data merge entity $(rightforearm) {transformation: [-0.9537f,0.0131f,-0.3005f,-1.1115f,0.2668f,0.4981f,-0.825f,1.9569f,0.1389f,-0.867f,-0.4786f,1.3901f,0f,0f,0f,1f],start_interpolation: 0,interpolation_duration: 1}
$data merge entity $(rightelbow) {transformation: [-0.9537f,0.0131f,-0.3005f,-1.109f,0.2668f,0.4981f,-0.825f,2.0503f,0.1389f,-0.867f,-0.4786f,1.2276f,0f,0f,0f,1f],start_interpolation: 0,interpolation_duration: 1}
$data merge entity $(rightarm) {transformation: [-0.9537f,0.3008f,0f,-0.75f,0.2668f,0.846f,0.4617f,2.4005f,0.1389f,0.4403f,-0.887f,1.4451f,0f,0f,0f,1f],start_interpolation: 0,interpolation_duration: 1}
$data merge entity $(chest1) {transformation: [-1.0833f,0f,0f,-0.0023f,0f,0.766f,0.766f,2.365f,0f,0.766f,-0.766f,1.2539f,0f,0f,0f,1f],start_interpolation: 0,interpolation_duration: 1}
$data merge entity $(chest1lid) {transformation: [-1f,0f,0f,-0.3438f,0f,0.7071f,0.7071f,1.605f,0f,0.7071f,-0.7071f,1.0473f,0f,0f,0f,1f],start_interpolation: 0,interpolation_duration: 1}
$data merge entity $(chest2) {transformation: [-1f,0f,0f,-0.3438f,0f,0.7071f,0.7071f,1.4945f,0f,0.7071f,-0.7071f,0.9368f,0f,0f,0f,1f],start_interpolation: 0,interpolation_duration: 1}
$data merge entity $(chest1lid3) {transformation: [-1f,0f,0f,-0.2813f,0f,0.7071f,0.7071f,2.058f,0f,0.7071f,-0.7071f,0.5943f,0f,0f,0f,1f],start_interpolation: 0,interpolation_duration: 1}
$data merge entity $(chest3) {transformation: [-1f,0f,0f,-0.2813f,0f,0.7071f,0.7071f,1.9475f,0f,0.7071f,-0.7071f,0.4839f,0f,0f,0f,1f],start_interpolation: 0,interpolation_duration: 1}
$data merge entity $(hugeasssword2) {transformation: [0f,2.8877f,-2.6461f,-1.2344f,-2.7695f,1.871f,2.0419f,3.3728f,2.7695f,1.871f,2.0419f,1.887f,0f,0f,0f,1f],start_interpolation: 0,interpolation_duration: 1}
$data merge entity $(belt) {transformation: [-1f,0f,0f,0.0297f,0f,0.7071f,0.7071f,1.9907f,0f,0.7071f,-0.7071f,1.0648f,0f,0f,0f,1f],start_interpolation: 0,interpolation_duration: 1}
$data merge entity $(torn_part) {transformation: [-1f,0f,0f,-0.0938f,0f,0.6756f,0.7373f,1.7866f,0f,0.7373f,-0.6756f,0.901f,0f,0f,0f,1f],start_interpolation: 0,interpolation_duration: 1}
$data merge entity $(lowerbody) {transformation: [-1f,0f,0f,0.0039f,0f,0.866f,0.5f,1.2935f,0f,0.5f,-0.866f,0.7787f,0f,0f,0f,1f],start_interpolation: 0,interpolation_duration: 1}
$data merge entity $(leftfoot) {transformation: [-0.9754f,0.1982f,0.0969f,-0.0057f,-0.0426f,-0.6002f,0.7987f,0.4056f,0.2164f,0.7749f,0.5939f,-0.8682f,0f,0f,0f,1f],start_interpolation: 0,interpolation_duration: 1}
$data merge entity $(leftlowerleg) {transformation: [-0.9754f,0.2136f,-0.0551f,0.2398f,-0.0426f,0.0628f,0.9971f,0.3221f,0.2164f,0.9749f,-0.0522f,0.2214f,0f,0f,0f,1f],start_interpolation: 0,interpolation_duration: 1}
$data merge entity $(leftleg) {transformation: [-0.9754f,0.033f,-0.2181f,0.25f,-0.0426f,0.942f,0.3328f,1.313f,0.2164f,0.3339f,-0.9174f,0.6068f,0f,0f,0f,1f],start_interpolation: 0,interpolation_duration: 1}
$data merge entity $(rightfoot) {transformation: [-0.9905f,0.0336f,0.1333f,-0.37f,0.0432f,0.9966f,0.0698f,0.1619f,-0.1305f,0.0749f,-0.9886f,0.8964f,0f,0f,0f,1f],start_interpolation: 0,interpolation_duration: 1}
$data merge entity $(rightlowerleg) {transformation: [-0.9905f,-0.0329f,0.1335f,-0.427f,0.0432f,0.8471f,0.5297f,1.0203f,-0.1305f,0.5304f,-0.8376f,1.6136f,0f,0f,0f,1f],start_interpolation: 0,interpolation_duration: 1}
$data merge entity $(rightleg) {transformation: [-0.9905f,0.1372f,-0.0084f,-0.25f,0.0432f,0.2531f,-0.9665f,1.313f,-0.1305f,-0.9577f,-0.2566f,0.6068f,0f,0f,0f,1f],start_interpolation: 0,interpolation_duration: 1}
data modify entity @s data merge value {"cameras":{},"locators":{"soup":{"px":1.1767066677471765,"py":1.495579018331037,"pz":1.8176271741042447,"ry":11.027052334069737,"rx":-46.96775980006869},"lefthand":{"px":0.9953639565066509,"py":1.4373334670483129,"pz":1.7991977315204144,"ry":275.082691734047,"rx":-5.522348441990871},"sword":{"px":1.1531084593139704,"py":1.3346032068313998,"pz":2.203704389743026,"ry":270.66411058133366,"rx":0.3652758403617224},"righthand":{"px":-1.1419089250476016,"py":1.3728650124661748,"pz":2.198140357236493,"ry":270.66411058133366,"rx":0.3652758403617192},"chest":{"px":-0.3750000000000001,"py":1.4503091768714769,"pz":1.1136199846947819,"ry":0,"rx":44.99999999999999}}}