# This file was generated by Animated Java via MC-Build. It is not recommended to edit this file directly.
$data merge entity $(nose) {transformation: [-1f,0f,0f,0f,0f,1f,0f,4.2171f,0f,0f,-1f,0.1182f,0f,0f,0f,1f],start_interpolation: 0,interpolation_duration: 1}
$data merge entity $(glowing_eye) {transformation: [-1f,0f,0f,-0.125f,0f,1f,0f,4.2849f,0f,0f,-1f,0.1531f,0f,0f,0f,1f],start_interpolation: 0,interpolation_duration: 1}
$data merge entity $(head) {transformation: [-1f,0f,0f,0f,0f,1f,0f,4.0937f,0f,0f,-1f,-0.069f,0f,0f,0f,1f],start_interpolation: 0,interpolation_duration: 1}
$data merge entity $(leftthumb2) {transformation: [-1f,0f,0f,0.9531f,0f,0.8277f,-0.5612f,2.0216f,0f,-0.5612f,-0.8277f,0.5978f,0f,0f,0f,1f],start_interpolation: 0,interpolation_duration: 1}
$data merge entity $(leftthumb) {transformation: [-1f,0f,0f,0.9531f,0f,0.8277f,-0.5612f,2.1766f,0f,-0.5612f,-0.8277f,0.3894f,0f,0f,0f,1f],start_interpolation: 0,interpolation_duration: 1}
$data merge entity $(leftpointerfinger) {transformation: [-0.9993f,0.0386f,0f,1.0625f,0.0374f,0.969f,-0.2443f,1.847f,-0.0094f,-0.2441f,-0.9697f,0.4241f,0f,0f,0f,1f],start_interpolation: 0,interpolation_duration: 1}
$data merge entity $(leftmidfinger) {transformation: [-0.9993f,0.0386f,0f,1.0625f,0.0374f,0.969f,-0.2443f,1.8088f,-0.0094f,-0.2441f,-0.9697f,0.2726f,0f,0f,0f,1f],start_interpolation: 0,interpolation_duration: 1}
$data merge entity $(leftringfinger) {transformation: [-0.9983f,0.0578f,0f,1.0625f,0.0561f,0.9681f,-0.2443f,1.7706f,-0.0141f,-0.2439f,-0.9697f,0.1211f,0f,0f,0f,1f],start_interpolation: 0,interpolation_duration: 1}
$data merge entity $(invisibility) {transformation: [0f,0f,1f,0.875f,0.9447f,0.3279f,0f,1.9607f,-0.3279f,0.9447f,0f,0.4277f,0f,0f,0f,1f],start_interpolation: 0,interpolation_duration: 1}
$data merge entity $(swiftness) {transformation: [0f,0f,1f,0.8229f,-0.2443f,0.9697f,0f,1.7836f,-0.9697f,-0.2443f,0f,0.279f,0f,0f,0f,1f],start_interpolation: 0,interpolation_duration: 1}
$data merge entity $(suspicious_stew) {transformation: [0f,0f,1f,0.875f,0.7756f,0.6312f,0f,1.8694f,-0.6312f,0.7756f,0f,0.2573f,0f,0f,0f,1f],start_interpolation: 0,interpolation_duration: 1}
$data merge entity $(log) {transformation: [-1f,0f,0f,0.7813f,0f,0.9697f,-0.2443f,1.9792f,0f,-0.2443f,-0.9697f,0.1813f,0f,0f,0f,1f],start_interpolation: 0,interpolation_duration: 1}
$data merge entity $(planks) {transformation: [-1f,0f,0f,0.6875f,0f,0.9697f,-0.2443f,1.9792f,0f,-0.2443f,-0.9697f,0.1813f,0f,0f,0f,1f],start_interpolation: 0,interpolation_duration: 1}
$data merge entity $(lefthand1) {transformation: [-1f,0f,0f,1.0313f,0f,0.9697f,-0.2443f,2.2292f,0f,-0.2443f,-0.9697f,0.1506f,0f,0f,0f,1f],start_interpolation: 0,interpolation_duration: 1}
$data merge entity $(leftforearm) {transformation: [-1f,0f,0f,0.9688f,0f,0.9697f,-0.2443f,2.9149f,0f,-0.2443f,-0.9697f,-0.0061f,0f,0f,0f,1f],start_interpolation: 0,interpolation_duration: 1}
$data merge entity $(leftelbow) {transformation: [-1f,0f,0f,0.9688f,0f,0.9687f,-0.2481f,3.0965f,0f,-0.2481f,-0.9687f,-0.0526f,0f,0f,0f,1f],start_interpolation: 0,interpolation_duration: 1}
$data merge entity $(leftarm) {transformation: [-1f,0f,0f,0.75f,0f,0.9993f,-0.0386f,3.5974f,0f,-0.0386f,-0.9993f,-0.0406f,0f,0f,0f,1f],start_interpolation: 0,interpolation_duration: 1}
$data merge entity $(rightthumb2) {transformation: [-0.9934f,0.1136f,-0.0158f,-1.1443f,0.1095f,0.8986f,-0.4249f,2.126f,-0.034f,-0.4238f,-0.9051f,0.7652f,0f,0f,0f,1f],start_interpolation: 0,interpolation_duration: 1}
$data merge entity $(rightthumb) {transformation: [-0.9934f,0.1136f,-0.0158f,-1.1178f,0.1095f,0.8986f,-0.4249f,2.31f,-0.034f,-0.4238f,-0.9051f,0.5839f,0f,0f,0f,1f],start_interpolation: 0,interpolation_duration: 1}
$data merge entity $(rightpointerfinger) {transformation: [-0.9974f,0.0702f,-0.0158f,-1.2645f,0.0702f,0.9025f,-0.4249f,2.0072f,-0.0155f,-0.4249f,-0.9051f,0.6768f,0f,0f,0f,1f],start_interpolation: 0,interpolation_duration: 1}
$data merge entity $(rightmidfinger) {transformation: [-0.9974f,0.0702f,-0.0158f,-1.267f,0.0702f,0.9025f,-0.4249f,1.9408f,-0.0155f,-0.4249f,-0.9051f,0.5354f,0f,0f,0f,1f],start_interpolation: 0,interpolation_duration: 1}
$data merge entity $(rightringfinger) {transformation: [-0.998f,-0.0606f,-0.0158f,-1.2695f,-0.0482f,0.904f,-0.4249f,1.8745f,0.0401f,-0.4233f,-0.9051f,0.3939f,0f,0f,0f,1f],start_interpolation: 0,interpolation_duration: 1}
$data merge entity $(hugeasssword) {transformation: [0f,0f,0f,-0.9798f,0f,0f,0f,2.1009f,0f,0f,0f,0.4725f,0f,0f,0f,1f],start_interpolation: 0,interpolation_duration: 1}
$data merge entity $(whey) {transformation: [0f,0f,0f,-0.8175f,0f,0f,0f,2.0576f,0f,0f,0f,0.6453f,0f,0f,0f,1f],start_interpolation: 0,interpolation_duration: 1}
$data merge entity $(ice) {transformation: [-0.9934f,0.1136f,-0.0158f,-0.966f,0.1095f,0.8986f,-0.4249f,2.0852f,-0.034f,-0.4238f,-0.9051f,0.4796f,0f,0f,0f,1f],start_interpolation: 0,interpolation_duration: 1}
$data merge entity $(righthand1) {transformation: [-0.9934f,0.1136f,-0.0158f,-1.1865f,0.1095f,0.8986f,-0.4249f,2.3239f,-0.034f,-0.4238f,-0.9051f,0.3369f,0f,0f,0f,1f],start_interpolation: 0,interpolation_duration: 1}
$data merge entity $(rightforearm) {transformation: [-0.9934f,0.1136f,-0.0158f,-1.0443f,0.1095f,0.8986f,-0.4249f,2.9555f,-0.034f,-0.4238f,-0.9051f,0.0551f,0f,0f,0f,1f],start_interpolation: 0,interpolation_duration: 1}
$data merge entity $(rightelbow) {transformation: [-0.9934f,0.1136f,-0.0158f,-1.023f,0.1095f,0.8986f,-0.4249f,3.124f,-0.034f,-0.4238f,-0.9051f,-0.0244f,0f,0f,0f,1f],start_interpolation: 0,interpolation_duration: 1}
$data merge entity $(rightarm) {transformation: [-0.9934f,0.1127f,0.0216f,-0.75f,0.1095f,0.9876f,-0.1127f,3.5974f,-0.034f,-0.1095f,-0.9934f,-0.0406f,0f,0f,0f,1f],start_interpolation: 0,interpolation_duration: 1}
$data merge entity $(chest1) {transformation: [-1.0833f,0f,0f,-0.0023f,0f,1.0833f,0f,3.4371f,0f,0f,-1.0833f,-0.1507f,0f,0f,0f,1f],start_interpolation: 0,interpolation_duration: 1}
$data merge entity $(chest1lid) {transformation: [-1f,0f,0f,-0.3438f,0f,1f,0f,2.7536f,0f,0f,-1f,0.2406f,0f,0f,0f,1f],start_interpolation: 0,interpolation_duration: 1}
$data merge entity $(chest2) {transformation: [-1f,0f,0f,-0.3438f,0f,1f,0f,2.5974f,0f,0f,-1f,0.2406f,0f,0f,0f,1f],start_interpolation: 0,interpolation_duration: 1}
$data merge entity $(chest1lid3) {transformation: [-1f,0f,0f,-0.2812f,0f,1f,0f,2.7536f,0f,0f,-1f,-0.4f,0f,0f,0f,1f],start_interpolation: 0,interpolation_duration: 1}
$data merge entity $(chest3) {transformation: [-1f,0f,0f,-0.2812f,0f,1f,0f,2.5974f,0f,0f,-1f,-0.4f,0f,0f,0f,1f],start_interpolation: 0,interpolation_duration: 1}
$data merge entity $(hugeasssword2) {transformation: [0f,2.8877f,-2.6461f,-1.2344f,0f,2.6461f,2.8877f,4.5974f,3.9167f,0f,0f,-0.4156f,0f,0f,0f,1f],start_interpolation: 0,interpolation_duration: 1}
$data merge entity $(belt) {transformation: [-1f,0f,0f,0.0297f,0f,1f,0f,3.0387f,0f,0f,-1f,-0.0198f,0f,0f,0f,1f],start_interpolation: 0,interpolation_duration: 1}
$data merge entity $(torn_part) {transformation: [-1f,0f,0f,-0.0937f,0f,0.9537f,0.3007f,2.7536f,0f,0.3007f,-0.9537f,-0.025f,0f,0f,0f,1f],start_interpolation: 0,interpolation_duration: 1}
$data merge entity $(lowerbody) {transformation: [-1f,0f,0f,0.0039f,0f,1f,0f,2.2653f,0f,0f,-1f,0.1156f,0f,0f,0f,1f],start_interpolation: 0,interpolation_duration: 1}
$data merge entity $(leftfoot) {transformation: [-0.9992f,-0.007f,-0.0381f,0.2907f,-0.0076f,0.9998f,0.0164f,0.1198f,0.038f,0.0167f,-0.9991f,-0.2415f,0f,0f,0f,1f],start_interpolation: 0,interpolation_duration: 1}
$data merge entity $(leftlowerleg) {transformation: [-0.9992f,-0.0061f,-0.0383f,0.2898f,-0.0076f,0.9992f,0.0386f,1.2224f,0.038f,0.0389f,-0.9985f,-0.045f,0f,0f,0f,1f],start_interpolation: 0,interpolation_duration: 1}
$data merge entity $(leftleg) {transformation: [-0.9992f,-0.009f,-0.0377f,0.25f,-0.0076f,0.9993f,-0.0366f,2.2849f,0.038f,-0.0362f,-0.9986f,-0.0563f,0f,0f,0f,1f],start_interpolation: 0,interpolation_duration: 1}
$data merge entity $(rightfoot) {transformation: [-0.9997f,0.0073f,0.0229f,-0.2929f,0.0076f,0.9999f,0.0142f,0.1191f,-0.0228f,0.0144f,-0.9996f,-0.2668f,0f,0f,0f,1f],start_interpolation: 0,interpolation_duration: 1}
$data merge entity $(rightlowerleg) {transformation: [-0.9997f,0.0068f,0.0231f,-0.2889f,0.0076f,0.9994f,0.0345f,1.2224f,-0.0228f,0.0346f,-0.9991f,-0.0749f,0f,0f,0f,1f],start_interpolation: 0,interpolation_duration: 1}
$data merge entity $(rightleg) {transformation: [-0.9997f,0.0078f,0.0227f,-0.25f,0.0076f,0.9999f,-0.0078f,2.2849f,-0.0228f,-0.0077f,-0.9997f,-0.0563f,0f,0f,0f,1f],start_interpolation: 0,interpolation_duration: 1}
data modify entity @s data merge value {"cameras":{},"locators":{"soup":{"px":0.84375,"py":1.9779177139645376,"pz":0.3906425144069777,"ry":90,"rx":3.1805546814635168e-15},"lefthand":{"px":0.875,"py":1.907245594615961,"pz":0.21558179189897392,"ry":0,"rx":-14.140740740740746},"sword":{"px":-0.9797827291516806,"py":2.10092391112782,"pz":0.47248854766102333,"ry":358.9971754724571,"rx":-25.144803012670902},"righthand":{"px":-1.0606945912514412,"py":2.088024910565368,"pz":0.497182831411229,"ry":358.9971754724571,"rx":-25.144803012670902},"chest":{"px":-0.37500000000000006,"py":2.6911008230452675,"pz":0.3968621399176954,"ry":0,"rx":0}}}