# This file was generated by Animated Java via MC-Build. It is not recommended to edit this file directly.
$data merge entity $(nose) {transformation: [-1f,0f,0f,0f,0f,1f,0f,4.2146f,0f,0f,-1f,0.1069f,0f,0f,0f,1f],start_interpolation: 0,interpolation_duration: 1}
$data merge entity $(glowing_eye) {transformation: [-1f,0f,0f,-0.125f,0f,1f,0f,4.2823f,0f,0f,-1f,0.1418f,0f,0f,0f,1f],start_interpolation: 0,interpolation_duration: 1}
$data merge entity $(head) {transformation: [-1f,0f,0f,0f,0f,1f,0f,4.0911f,0f,0f,-1f,-0.0804f,0f,0f,0f,1f],start_interpolation: 0,interpolation_duration: 1}
$data merge entity $(leftthumb2) {transformation: [-1f,0f,0f,0.9531f,0f,0.9005f,-0.4349f,1.9363f,0f,-0.4349f,-0.9005f,0.4116f,0f,0f,0f,1f],start_interpolation: 0,interpolation_duration: 1}
$data merge entity $(leftthumb) {transformation: [-1f,0f,0f,0.9531f,0f,0.9005f,-0.4349f,2.1199f,0f,-0.4349f,-0.9005f,0.228f,0f,0f,0f,1f],start_interpolation: 0,interpolation_duration: 1}
$data merge entity $(leftpointerfinger) {transformation: [-0.9999f,0.0159f,0f,1.0625f,0.0158f,0.9948f,-0.1007f,1.7888f,-0.0016f,-0.1007f,-0.9949f,0.2144f,0f,0f,0f,1f],start_interpolation: 0,interpolation_duration: 1}
$data merge entity $(leftmidfinger) {transformation: [-0.9999f,0.0159f,0f,1.0625f,0.0158f,0.9948f,-0.1007f,1.773f,-0.0016f,-0.1007f,-0.9949f,0.059f,0f,0f,0f,1f],start_interpolation: 0,interpolation_duration: 1}
$data merge entity $(leftringfinger) {transformation: [-0.9997f,0.0238f,0f,1.0625f,0.0237f,0.9946f,-0.1007f,1.7573f,-0.0024f,-0.1007f,-0.9949f,-0.0965f,0f,0f,0f,1f],start_interpolation: 0,interpolation_duration: 1}
$data merge entity $(invisibility) {transformation: [0f,0f,1f,0.875f,0.9823f,0.1871f,0f,1.9007f,-0.1871f,0.9823f,0f,0.2345f,0f,0f,0f,1f],start_interpolation: 0,interpolation_duration: 1}
$data merge entity $(swiftness) {transformation: [0f,0f,1f,0.8229f,-0.1007f,0.9949f,0f,1.7471f,-0.9949f,-0.1007f,0f,0.0616f,0f,0f,0f,1f],start_interpolation: 0,interpolation_duration: 1}
$data merge entity $(suspicious_stew) {transformation: [0f,0f,1f,0.875f,0.8591f,0.5118f,0f,1.8352f,-0.5118f,0.8591f,0f,0.0527f,0f,0f,0f,1f],start_interpolation: 0,interpolation_duration: 1}
$data merge entity $(log) {transformation: [-1f,0f,0f,0.7813f,0f,0.9949f,-0.1007f,1.9548f,0f,-0.1007f,-0.9949f,-0.0066f,0f,0f,0f,1f],start_interpolation: 0,interpolation_duration: 1}
$data merge entity $(planks) {transformation: [-1f,0f,0f,0.6875f,0f,0.9949f,-0.1007f,1.9548f,0f,-0.1007f,-0.9949f,-0.0066f,0f,0f,0f,1f],start_interpolation: 0,interpolation_duration: 1}
$data merge entity $(lefthand1) {transformation: [-1f,0f,0f,1.0313f,0f,0.9949f,-0.1007f,2.2067f,0f,-0.1007f,-0.9949f,-0.0007f,0f,0f,0f,1f],start_interpolation: 0,interpolation_duration: 1}
$data merge entity $(leftforearm) {transformation: [-1f,0f,0f,0.9688f,0f,0.9949f,-0.1007f,2.9078f,0f,-0.1007f,-0.9949f,-0.0559f,0f,0f,0f,1f],start_interpolation: 0,interpolation_duration: 1}
$data merge entity $(leftelbow) {transformation: [-1f,0f,0f,0.9688f,0f,0.9947f,-0.103f,3.0943f,0f,-0.103f,-0.9947f,-0.0753f,0f,0f,0f,1f],start_interpolation: 0,interpolation_duration: 1}
$data merge entity $(leftarm) {transformation: [-1f,0f,0f,0.75f,0f,0.9999f,-0.0159f,3.5948f,0f,-0.0159f,-0.9999f,-0.052f,0f,0f,0f,1f],start_interpolation: 0,interpolation_duration: 1}
$data merge entity $(rightthumb2) {transformation: [-0.9989f,0.0461f,0.0057f,-1.0341f,0.0444f,0.9833f,-0.1765f,1.9299f,-0.0138f,-0.1761f,-0.9843f,0.4396f,0f,0f,0f,1f],start_interpolation: 0,interpolation_duration: 1}
$data merge entity $(rightthumb) {transformation: [-0.9989f,0.0461f,0.0057f,-1.0223f,0.0444f,0.9833f,-0.1765f,2.156f,-0.0138f,-0.1761f,-0.9843f,0.3123f,0f,0f,0f,1f],start_interpolation: 0,interpolation_duration: 1}
$data merge entity $(rightpointerfinger) {transformation: [-1f,0.0025f,0.0057f,-1.1464f,0.0014f,0.9843f,-0.1765f,1.8299f,-0.0061f,-0.1765f,-0.9843f,0.3224f,0f,0f,0f,1f],start_interpolation: 0,interpolation_duration: 1}
$data merge entity $(rightmidfinger) {transformation: [-1f,0.0025f,0.0057f,-1.1455f,0.0014f,0.9843f,-0.1765f,1.8023f,-0.0061f,-0.1765f,-0.9843f,0.1686f,0f,0f,0f,1f],start_interpolation: 0,interpolation_duration: 1}
$data merge entity $(rightringfinger) {transformation: [-0.9918f,-0.128f,0.0057f,-1.1446f,-0.127f,0.9761f,-0.1765f,1.7747f,0.017f,-0.1758f,-0.9843f,0.0148f,0f,0f,0f,1f],start_interpolation: 0,interpolation_duration: 1}
$data merge entity $(hugeasssword) {transformation: [0f,0f,0f,-0.8709f,0f,0f,0f,1.993f,0f,0f,0f,0.1519f,0f,0f,0f,1f],start_interpolation: 0,interpolation_duration: 1}
$data merge entity $(whey) {transformation: [0f,0f,0f,-0.7043f,0f,0f,0f,1.918f,0f,0f,0f,0.3092f,0f,0f,0f,1f],start_interpolation: 0,interpolation_duration: 1}
$data merge entity $(ice) {transformation: [-0.9989f,0.0461f,0.0057f,-0.856f,0.0444f,0.9833f,-0.1765f,1.977f,-0.0138f,-0.1761f,-0.9843f,0.1548f,0f,0f,0f,1f],start_interpolation: 0,interpolation_duration: 1}
$data merge entity $(righthand1) {transformation: [-0.9989f,0.0461f,0.0057f,-1.094f,0.0444f,0.9833f,-0.1765f,2.2284f,-0.0138f,-0.1761f,-0.9843f,0.0766f,0f,0f,0f,1f],start_interpolation: 0,interpolation_duration: 1}
$data merge entity $(rightforearm) {transformation: [-0.9989f,0.0461f,0.0057f,-0.9993f,0.0444f,0.9833f,-0.1765f,2.9197f,-0.0138f,-0.1761f,-0.9843f,-0.031f,0f,0f,0f,1f],start_interpolation: 0,interpolation_duration: 1}
$data merge entity $(rightelbow) {transformation: [-0.9989f,0.0461f,0.0057f,-0.9906f,0.0444f,0.9833f,-0.1765f,3.1041f,-0.0138f,-0.1761f,-0.9843f,-0.064f,0f,0f,0f,1f],start_interpolation: 0,interpolation_duration: 1}
$data merge entity $(rightarm) {transformation: [-0.9989f,0.045f,0.0118f,-0.75f,0.0444f,0.998f,-0.045f,3.5948f,-0.0138f,-0.0444f,-0.9989f,-0.052f,0f,0f,0f,1f],start_interpolation: 0,interpolation_duration: 1}
$data merge entity $(chest1) {transformation: [-1.0833f,0f,0f,-0.0023f,0f,1.0833f,0f,3.4345f,0f,0f,-1.0833f,-0.162f,0f,0f,0f,1f],start_interpolation: 0,interpolation_duration: 1}
$data merge entity $(chest1lid) {transformation: [-1f,0f,0f,-0.3438f,0f,1f,0f,2.751f,0f,0f,-1f,0.2293f,0f,0f,0f,1f],start_interpolation: 0,interpolation_duration: 1}
$data merge entity $(chest2) {transformation: [-1f,0f,0f,-0.3438f,0f,1f,0f,2.5948f,0f,0f,-1f,0.2293f,0f,0f,0f,1f],start_interpolation: 0,interpolation_duration: 1}
$data merge entity $(chest1lid3) {transformation: [-1f,0f,0f,-0.2812f,0f,1f,0f,2.751f,0f,0f,-1f,-0.4113f,0f,0f,0f,1f],start_interpolation: 0,interpolation_duration: 1}
$data merge entity $(chest3) {transformation: [-1f,0f,0f,-0.2812f,0f,1f,0f,2.5948f,0f,0f,-1f,-0.4113f,0f,0f,0f,1f],start_interpolation: 0,interpolation_duration: 1}
$data merge entity $(hugeasssword2) {transformation: [0f,2.8877f,-2.6461f,-1.2344f,0f,2.6461f,2.8877f,4.5948f,3.9167f,0f,0f,-0.427f,0f,0f,0f,1f],start_interpolation: 0,interpolation_duration: 1}
$data merge entity $(belt) {transformation: [-1f,0f,0f,0.0297f,0f,1f,0f,3.0361f,0f,0f,-1f,-0.0311f,0f,0f,0f,1f],start_interpolation: 0,interpolation_duration: 1}
$data merge entity $(torn_part) {transformation: [-1f,0f,0f,-0.0937f,0f,0.9537f,0.3007f,2.751f,0f,0.3007f,-0.9537f,-0.0363f,0f,0f,0f,1f],start_interpolation: 0,interpolation_duration: 1}
$data merge entity $(lowerbody) {transformation: [-1f,0f,0f,0.0039f,0f,1f,0f,2.2627f,0f,0f,-1f,0.1043f,0f,0f,0f,1f],start_interpolation: 0,interpolation_duration: 1}
$data merge entity $(leftfoot) {transformation: [-0.9999f,-0.0031f,-0.0159f,0.2852f,-0.0032f,1f,0.0067f,0.113f,0.0159f,0.0068f,-0.9999f,-0.2514f,0f,0f,0f,1f],start_interpolation: 0,interpolation_duration: 1}
$data merge entity $(leftlowerleg) {transformation: [-0.9999f,-0.0029f,-0.0159f,0.2844f,-0.0032f,0.9998f,0.0171f,1.2196f,0.0159f,0.0171f,-0.9997f,-0.0789f,0f,0f,0f,1f],start_interpolation: 0,interpolation_duration: 1}
$data merge entity $(leftleg) {transformation: [-0.9999f,-0.0034f,-0.0158f,0.25f,-0.0032f,0.9999f,-0.0144f,2.2823f,0.0159f,-0.0144f,-0.9998f,-0.0676f,0f,0f,0f,1f],start_interpolation: 0,interpolation_duration: 1}
$data merge entity $(rightfoot) {transformation: [-0.9999f,0.0031f,0.0095f,-0.2863f,0.0032f,1f,0.0061f,0.1128f,-0.0095f,0.0061f,-0.9999f,-0.2596f,0f,0f,0f,1f],start_interpolation: 0,interpolation_duration: 1}
$data merge entity $(rightlowerleg) {transformation: [-0.9999f,0.003f,0.0096f,-0.2844f,0.0032f,0.9999f,0.0149f,1.2198f,-0.0095f,0.0149f,-0.9998f,-0.0895f,0f,0f,0f,1f],start_interpolation: 0,interpolation_duration: 1}
$data merge entity $(rightleg) {transformation: [-0.9999f,0.0032f,0.0095f,-0.25f,0.0032f,1f,-0.0042f,2.2823f,-0.0095f,-0.0042f,-0.9999f,-0.0676f,0f,0f,0f,1f],start_interpolation: 0,interpolation_duration: 1}
data modify entity @s data merge value {"cameras":{},"locators":{"soup":{"px":0.84375,"py":1.9231618984824548,"pz":0.20031828737098267,"ry":90.00000000000001,"rx":0},"lefthand":{"px":0.875,"py":1.8786908535407212,"pz":0.016843135974304244,"ry":0,"rx":-5.781481481481486},"sword":{"px":-0.8708982624139332,"py":1.9930154103814344,"pz":0.15190641434003374,"ry":0.33277831861448703,"rx":-10.168761704217534},"righthand":{"px":-0.9504681961950379,"py":1.9685070561691285,"pz":0.17167728952984884,"ry":0.33277831861448703,"rx":-10.168761704217538},"chest":{"px":-0.37500000000000006,"py":2.688528806584362,"pz":0.3855452674897119,"ry":0,"rx":0}}}