# This file was generated by Animated Java via MC-Build. It is not recommended to edit this file directly.
$data merge entity $(bone_nose) { transformation: [-0.9965073056270524f,-0.08347168274070661f,-0.0023807587755844406f,-0.216456794909093f,-0.0825249284769502f,0.9800473154416398f,0.18082282951969644f,4.098587350309024f,-0.012760329611219368f,0.1803877425882085f,-0.9835128043458017f,0.4514642833009952f,0f,0f,0f,1f], start_interpolation: 0, interpolation_duration: 1 }
$data merge entity $(bone_glowing_eye) { transformation: [-0.9965073056270524f,-0.08347168274070661f,-0.0023807587755844406f,-0.3465888411759944f,-0.0825249284769502f,0.9800473154416398f,0.18082282951969644f,4.148318974738884f,-0.012760329611219368f,0.1803877425882085f,-0.9835128043458017f,0.4964032519263725f,0f,0f,0f,1f], start_interpolation: 0, interpolation_duration: 1 }
$data merge entity $(bone_head) { transformation: [-0.9965073056270524f,-0.08347168274070661f,-0.0023807587755844406f,-0.2065957813578012f,-0.0825249284769502f,0.9800473154416398f,0.18082282951969644f,4.011434149387862f,-0.012760329611219368f,0.1803877425882085f,-0.9835128043458017f,0.24502287838012576f,0f,0f,0f,1f], start_interpolation: 0, interpolation_duration: 1 }
$data merge entity $(bone_leftthumb2) { transformation: [0.2842345618475354f,0.9584978123178263f,0.0221958922614163f,-0.5031400932341223f,-0.9049057690551454f,0.275847908999077f,-0.32411954620410066f,3.601264482290062f,-0.3167905664347573f,0.0720407862448621f,0.9457557095440486f,0.6422833485868144f,0f,0f,0f,1f], start_interpolation: 0, interpolation_duration: 1 }
$data merge entity $(bone_leftthumb) { transformation: [0.2842345618475354f,0.9584978123178263f,0.0221958922614163f,-0.2661788880338378f,-0.9049057690551454f,0.275847908999077f,-0.32411954620410066f,3.6412156669930313f,-0.3167905664347573f,0.0720407862448621f,0.9457557095440486f,0.7407727296558305f,0f,0f,0f,1f], start_interpolation: 0, interpolation_duration: 1 }
$data merge entity $(bone_leftpointerfinger) { transformation: [0.2842345618475354f,0.9584978123178263f,0.0221958922614163f,-0.6107337054529449f,-0.9049057690551454f,0.275847908999077f,-0.32411954620410066f,3.6344840366147984f,-0.3167905664347573f,0.0720407862448621f,0.9457557095440486f,0.796115613757914f,0f,0f,0f,1f], start_interpolation: 0, interpolation_duration: 1 }
$data merge entity $(bone_leftmidfinger) { transformation: [0.2842345618475354f,0.9584978123178263f,0.0221958922614163f,-0.6072655972870986f,-0.9049057690551454f,0.275847908999077f,-0.32411954620410066f,3.583840357520408f,-0.3167905664347573f,0.0720407862448621f,0.9457557095440486f,0.9438899433741715f,0f,0f,0f,1f], start_interpolation: 0, interpolation_duration: 1 }
$data merge entity $(bone_leftringfinger) { transformation: [0.2842345618475354f,0.9584978123178263f,0.0221958922614163f,-0.6037974891212523f,-0.9049057690551454f,0.275847908999077f,-0.32411954620410066f,3.533196678426017f,-0.3167905664347573f,0.0720407862448621f,0.9457557095440486f,1.0916642729904291f,0f,0f,0f,1f], start_interpolation: 0, interpolation_duration: 1 }
$data merge entity $(bone_invisibility) { transformation: [0.9567849382395462f,0.06142715856432715f,-0.2842345618475353f,-0.45329764851743903f,0.24654934463612224f,0.34692790287063063f,0.9049057690551451f,3.505113805782611f,0.15419469062664223f,-0.9358780553044818f,0.31679056643475745f,0.7150419776236773f,0f,0f,0f,1f], start_interpolation: 0, interpolation_duration: 1 }
$data merge entity $(bone_swiftness) { transformation: [0.022195892261416363f,0.9584978123178263f,-0.2842345618475354f,-0.5641288729428146f,-0.3241195462041009f,0.275847908999077f,0.9049057690551453f,3.359856608774482f,0.9457557095440485f,0.0720407862448621f,0.3167905664347575f,0.8661161923469218f,0f,0f,0f,1f], start_interpolation: 0, interpolation_duration: 1 }
$data merge entity $(bone_suspicious_stew) { transformation: [0.8780744205665431f,0.3849623693272747f,-0.28423456184753537f,-0.4940655036708216f,0.11302426875067936f,0.4103304324615583f,0.9049057690551456f,3.4314110201350103f,0.46498475955680907f,-0.8267000123369065f,0.31679056643475734f,0.8889942613079584f,0f,0f,0f,1f], start_interpolation: 0, interpolation_duration: 1 }
$data merge entity $(bone_log) { transformation: [0.2842345618475354f,0.9584978123178263f,0.0221958922614163f,-0.346565854508133f,-0.9049057690551454f,0.275847908999077f,-0.32411954620410066f,3.3658639891826576f,-0.3167905664347573f,0.0720407862448621f,0.9457557095440486f,0.912632542870185f,0f,0f,0f,1f], start_interpolation: 0, interpolation_duration: 1 }
$data merge entity $(bone_planks) { transformation: [0.2842345618475354f,0.9584978123178263f,0.0221958922614163f,-0.31991886433492656f,-0.9049057690551454f,0.275847908999077f,-0.32411954620410066f,3.281029073333738f,-0.3167905664347573f,0.0720407862448621f,0.9457557095440486f,0.8829334272669265f,0f,0f,0f,1f], start_interpolation: 0, interpolation_duration: 1 }
$data merge entity $(bone_lefthand1) { transformation: [0.2842345618475354f,0.9584978123178263f,0.0221958922614163f,-0.1786936635237295f,-0.9049057690551454f,0.275847908999077f,-0.32411954620410066f,3.6711811445150917f,-0.3167905664347573f,0.0720407862448621f,0.9457557095440486f,0.9802855151168384f,0f,0f,0f,1f], start_interpolation: 0, interpolation_duration: 1 }
$data merge entity $(bone_leftforearm) { transformation: [0.17768612064363237f,0.9521481574207392f,0.2486795706343959f,0.5053461099231971f,-0.9555411023227532f,0.22735571419688963f,-0.18775138080408194f,3.7785365596670877f,-0.2353058526735648f,-0.20426273654857735f,0.9502146547781992f,0.8063966264844347f,0f,0f,0f,1f], start_interpolation: 0, interpolation_duration: 1 }
$data merge entity $(bone_leftelbow) { transformation: [0.17768612064363237f,0.9521481574207392f,0.2486795706343959f,0.6838738894395857f,-0.9555411023227532f,0.22735571419688963f,-0.18775138080408194f,3.8211657560790044f,-0.2353058526735648f,-0.20426273654857735f,0.9502146547781992f,0.7680973633815764f,0f,0f,0f,1f], start_interpolation: 0, interpolation_duration: 1 }
$data merge entity $(bone_leftarm) { transformation: [0.15832645870959797f,-0.2703013083608879f,0.949668329034337f,0.4885010200293299f,-0.9784451169000914f,0.08619587005944025f,0.1876577341839717f,3.610756864712866f,-0.13258161896297646f,-0.9589095237211316f,-0.25082790839551306f,0.3752563104552067f,0f,0f,0f,1f], start_interpolation: 0, interpolation_duration: 1 }
$data merge entity $(bone_rightthumb2) { transformation: [-0.3716114245730494f,-0.27833658569587544f,-0.8856826148174933f,-0.33627955196381987f,0.6752723763913129f,-0.7357247823593117f,-0.052117773409591284f,4.503704531620795f,-0.637112365921129f,-0.6174445640585935f,0.46135674212573863f,1.0407820288054928f,0f,0f,0f,1f], start_interpolation: 0, interpolation_duration: 1 }
$data merge entity $(bone_rightthumb) { transformation: [-0.3716114245730494f,-0.27833658569587544f,-0.8856826148174933f,-0.4802277341371065f,0.6752723763913129f,-0.7357247823593117f,-0.052117773409591284f,4.318819692061892f,-0.637112365921129f,-0.6174445640585935f,0.46135674212573863f,0.9287847740945635f,0f,0f,0f,1f], start_interpolation: 0, interpolation_duration: 1 }
$data merge entity $(bone_rightpointerfinger) { transformation: [-0.3716114245730494f,-0.27833658569587544f,-0.8856826148174933f,-0.4710599140878947f,0.6752723763913129f,-0.7357247823593117f,-0.052117773409591284f,4.6316442818127666f,-0.637112365921129f,-0.6174445640585935f,0.46135674212573863f,1.08332570394081f,0f,0f,0f,1f], start_interpolation: 0, interpolation_duration: 1 }
$data merge entity $(bone_rightmidfinger) { transformation: [-0.3716114245730494f,-0.27833658569587544f,-0.8856826148174933f,-0.609447822653128f,0.6752723763913129f,-0.7357247823593117f,-0.052117773409591284f,4.623500879717517f,-0.637112365921129f,-0.6174445640585935f,0.46135674212573863f,1.1554126948979566f,0f,0f,0f,1f], start_interpolation: 0, interpolation_duration: 1 }
$data merge entity $(bone_rightringfinger) { transformation: [-0.3716114245730494f,-0.27833658569587544f,-0.8856826148174933f,-0.7478357312183613f,0.6752723763913129f,-0.7357247823593117f,-0.052117773409591284f,4.615357477622269f,-0.637112365921129f,-0.6174445640585935f,0.46135674212573863f,1.2274996858551033f,0f,0f,0f,1f], start_interpolation: 0, interpolation_duration: 1 }
$data merge entity $(bone_hugeasssword) { transformation: [-1.4554780795777769f,-1.0901516273088456f,-3.468923574701849f,-0.5534368661138631f,2.644816807532642f,-2.8815887309073043f,-0.20412794585423255f,4.295501898531365f,-2.495356766524422f,-2.4183245425628246f,1.8069805733258097f,1.19201854092564f,0f,0f,0f,1f], start_interpolation: 0, interpolation_duration: 1 }
$data merge entity $(bone_ice) { transformation: [-0.3716114245730494f,-0.27833658569587544f,-0.8856826148174933f,-0.5432814284534112f,0.6752723763913129f,-0.7357247823593117f,-0.052117773409591284f,4.296446467374615f,-0.637112365921129f,-0.6174445640585935f,0.46135674212573863f,1.2116209929565733f,0f,0f,0f,1f], start_interpolation: 0, interpolation_duration: 1 }
$data merge entity $(bone_righthand1) { transformation: [-0.3716114245730494f,-0.27833658569587544f,-0.8856826148174933f,-0.733446012733689f,0.6752723763913129f,-0.7357247823593117f,-0.052117773409591284f,4.279704685463566f,-0.637112365921129f,-0.6174445640585935f,0.46135674212573863f,0.912399158653072f,0f,0f,0f,1f], start_interpolation: 0, interpolation_duration: 1 }
$data merge entity $(bone_rightforearm) { transformation: [0.3052745229951392f,-0.41279648830079874f,-0.8581413198632376f,-1.030007535275247f,0.8026970373765707f,-0.37328883472265967f,0.4651160199974585f,3.958021438335036f,-0.5123328330265078f,-0.830815566246762f,0.21739494723913225f,0.35681068124339527f,0f,0f,0f,1f], start_interpolation: 0, interpolation_duration: 1 }
$data merge entity $(bone_rightelbow) { transformation: [0.3052745229951392f,-0.41279648830079874f,-0.8581413198632376f,-1.1074068768316467f,0.8026970373765707f,-0.37328883472265967f,0.4651160199974585f,3.888029781824537f,-0.5123328330265078f,-0.830815566246762f,0.21739494723913225f,0.20103276257212738f,0f,0f,0f,1f], start_interpolation: 0, interpolation_duration: 1 }
$data merge entity $(bone_rightarm) { transformation: [0.3420735558937247f,0.6971788299394338f,-0.6300217150563192f,-0.8516420505655886f,0.7471345097699014f,-0.608418846962085f,-0.26761265099433795f,3.496611151333088f,-0.5698909603328631f,-0.37916775409521597f,-0.7290103617818318f,0.23152447656838393f,0f,0f,0f,1f], start_interpolation: 0, interpolation_duration: 1 }
$data merge entity $(bone_chest1) { transformation: [-1.0614906121309553f,-0.19530802367067032f,0.09329291162150517f,-0.10562560418383407f,-0.18539901013407864f,1.0613998551299364f,0.11255516728504487f,3.379010804363862f,-0.11169600937484253f,0.09431985226407806f,-1.073423904182187f,0.08869724804343086f,0f,0f,0f,1f], start_interpolation: 0, interpolation_duration: 1 }
$data merge entity $(bone_chest1lid) { transformation: [-0.9798374881208819f,-0.18028432954215723f,0.08611653380446632f,-0.3506523115984452f,-0.1711375478160726f,0.9797537124276338f,0.10389707749388759f,2.6103108443760266f,-0.1031040086537008f,0.08706447901299513f,-0.990852834629711f,0.38173051676696956f,0f,0f,0f,1f], start_interpolation: 0, interpolation_duration: 1 }
$data merge entity $(bone_chest2) { transformation: [-0.9798374881208819f,-0.18028432954215723f,0.08611653380446632f,-0.32248288510748313f,-0.1711375478160726f,0.9797537124276338f,0.10389707749388759f,2.4572243268092087f,-0.1031040086537008f,0.08706447901299513f,-0.990852834629711f,0.3681266919211891f,0f,0f,0f,1f], start_interpolation: 0, interpolation_duration: 1 }
$data merge entity $(bone_chest1lid3) { transformation: [-0.9798374881208819f,-0.18028432954215723f,0.08611653380446632f,-0.23424406412240378f,-0.1711375478160726f,0.9797537124276338f,0.10389707749388759f,2.6875660063840527f,-0.1031040086537008f,0.08706447901299513f,-0.990852834629711f,-0.24659057987683275f,0f,0f,0f,1f], start_interpolation: 0, interpolation_duration: 1 }
$data merge entity $(bone_chest3) { transformation: [-0.9798374881208819f,-0.18028432954215723f,0.08611653380446632f,-0.2060746376314417f,-0.1711375478160726f,0.9797537124276338f,0.10389707749388759f,2.534479488817235f,-0.1031040086537008f,0.08706447901299513f,-0.990852834629711f,-0.26019440472261324f,0f,0f,0f,1f], start_interpolation: 0, interpolation_duration: 1 }
$data merge entity $(bone_hugeasssword2) { transformation: [-0.33728975740082734f,2.3524034473160595f,-3.1133119693319835f,-1.4992053317402771f,-0.406930220184393f,3.086677410436889f,2.3763644791102814f,4.332494830246151f,3.8808402689663684f,0.5281082869373667f,-0.021406116296686886f,-0.19981853048577078f,0f,0f,0f,1f], start_interpolation: 0, interpolation_duration: 1 }
$data merge entity $(bone_belt) { transformation: [-0.9798374881208819f,-0.18028432954215723f,0.08611653380446632f,-0.01370284681599402f,-0.1711375478160726f,0.9797537124276338f,0.10389707749388759f,2.9806264426405327f,-0.1031040086537008f,0.08706447901299513f,-0.990852834629711f,0.18702425982046747f,0f,0f,0f,1f], start_interpolation: 0, interpolation_duration: 1 }
$data merge entity $(bone_torn_part) { transformation: [-0.9923210837458347f,-0.12253852067877344f,-0.01682788469624094f,-0.09319304965401165f,-0.12226429095653245f,0.9511867222924704f,0.2833641870304066f,2.680605821529065f,-0.018716567804716266f,0.28324570655945475f,-0.9588647244555651f,0.16544312030637331f,0f,0f,0f,1f], start_interpolation: 0, interpolation_duration: 1 }
$data merge entity $(bone_lowerbody) { transformation: [-0.9923210837458347f,-0.1219273068125072f,0.0207990049507398f,0.060323263888889284f,-0.12226429095653245f,0.9923721547888321f,-0.015778135398916548f,2.2102077777777773f,-0.018716567804716266f,-0.018199952011444993f,-0.9996591678349139f,0.3167346759259258f,0f,0f,0f,1f], start_interpolation: 0, interpolation_duration: 1 }
$data merge entity $(bone_leftfoot) { transformation: [-0.9055121192923751f,-0.24068145576010413f,-0.34945706269558896f,0.9797318533392352f,-0.2907193478354495f,0.9517991203939554f,0.09777880757824636f,0.30221772170125716f,0.3090793791386975f,0.19013382463541262f,-0.9318363945032129f,0.11514168229159438f,0f,0f,0f,1f], start_interpolation: 0, interpolation_duration: 1 }
$data merge entity $(bone_leftlowerleg) { transformation: [-0.9055121192923751f,-0.24068145576010413f,-0.34945706269558896f,0.7664184121638976f,-0.2907193478354495f,0.9517991203939554f,0.09777880757824636f,1.343096584886187f,0.3090793791386975f,0.19013382463541262f,-0.9318363945032129f,0.469243979227698f,0f,0f,0f,1f], start_interpolation: 0, interpolation_duration: 1 }
$data merge entity $(bone_leftleg) { transformation: [-0.8936964690476685f,-0.42675153489148127f,-0.13852706839998669f,0.29480163090817574f,-0.3390863656320383f,0.8446030795330667f,-0.41432604876560186f,2.2236398472960017f,0.2938146658255598f,-0.32330908665087815f,-0.8995244169197352f,0.1574031696382905f,0f,0f,0f,1f], start_interpolation: 0, interpolation_duration: 1 }
$data merge entity $(bone_rightfoot) { transformation: [-0.9599165894234724f,0.019542562314028844f,0.27960370099090476f,-0.21373702141121087f,0.136868180357582f,0.9032253475647273f,0.4067567734189339f,0.25675319893254234f,-0.24459608041670122f,0.42872142444106964f,-0.8696957500586091f,-0.08908297862244452f,0f,0f,0f,1f], start_interpolation: 0, interpolation_duration: 1 }
$data merge entity $(bone_rightlowerleg) { transformation: [-0.9599165894234724f,0.019542562314028844f,0.27960370099090476f,-0.2350168767351458f,0.136868180357582f,0.9032253475647273f,0.4067567734189339f,1.1962724202122261f,-0.24459608041670122f,0.42872142444106964f,-0.8696957500586091f,0.5201547986944659f,0f,0f,0f,1f], start_interpolation: 0, interpolation_duration: 1 }
$data merge entity $(bone_rightleg) { transformation: [-0.9944153819352942f,0.02543688240891081f,0.10242564709972893f,-0.18466039408587154f,-0.014558662317119376f,0.9281774057098151f,-0.37185312810481136f,2.1705310542152176f,-0.10452795569616319f,-0.37126765081691726f,-0.9226235624212448f,0.14504518418776388f,0f,0f,0f,1f], start_interpolation: 0, interpolation_duration: 1 }
data modify entity @s data merge value {"locators":{"lefthand":{"posx":-0.4484422970852542,"posy":3.434212655050464,"posz":0.9219260390864379,"roty":178.655575084365,"rotx":-18.912241501506884},"righthand":{"posx":-0.5599321994991131,"posy":4.37206329259519,"posz":1.1543305808691682,"roty":242.48475527328677,"rotx":-2.987481960417252},"chest":{"posx":-0.3834601709127858,"posy":2.5274942706216272,"posz":0.5278877419691216,"roty":4.96718210916589,"rotx":5.9636262048996125},"sack":{"posx":0,"posy":-0.4375,"posz":0,"roty":0,"rotx":0}},"cameras":{}}