# This file was generated by Animated Java via MC-Build. It is not recommended to edit this file directly.
$data merge entity $(bone_nose) { transformation: [-0.9681024068612334f,0.03126591743690823f,0.2485964043109137f,-0.05908983265960014f,0.04114074076900378f,0.9985532114625679f,0.034625472224501255f,4.2909779771158565f,-0.24715414072692463f,0.043748443225108215f,-0.967988070400103f,0.5794914673204626f,0f,0f,0f,1f], start_interpolation: 0, interpolation_duration: 1 }
$data merge entity $(bone_glowing_eye) { transformation: [-0.9681024068612334f,0.03126591743690823f,0.2485964043109137f,-0.18666060377237848f,0.04114074076900378f,0.9985532114625679f,0.034625472224501255f,4.362522457878647f,-0.24715414072692463f,0.043748443225108215f,-0.967988070400103f,0.5853378735011936f,0f,0f,0f,1f], start_interpolation: 0, interpolation_duration: 1 }
$data merge entity $(bone_head) { transformation: [-0.9681024068612334f,0.03126591743690823f,0.2485964043109137f,-0.01639953074947742f,0.04114074076900378f,0.9985532114625679f,0.034625472224501255f,4.174163539844644f,-0.24715414072692463f,0.043748443225108215f,-0.967988070400103f,0.39282894014214004f,0f,0f,0f,1f], start_interpolation: 0, interpolation_duration: 1 }
$data merge entity $(bone_leftthumb2) { transformation: [0.09342119659136691f,0.9501736146340998f,-0.29739297584274965f,-0.47661581642287826f,-0.9894703106513674f,0.055439154656129815f,-0.13369743628992975f,3.8421271658699734f,-0.11054856112552187f,0.30675169467206326f,0.945347773810725f,0.4305467421789975f,0f,0f,0f,1f], start_interpolation: 0, interpolation_duration: 1 }
$data merge entity $(bone_leftthumb) { transformation: [0.09342119659136691f,0.9501736146340998f,-0.29739297584274965f,-0.2690073239690568f,-0.9894703106513674f,0.055439154656129815f,-0.13369743628992975f,3.8442977540939824f,-0.11054856112552187f,0.30675169467206326f,0.945347773810725f,0.586562352040041f,0f,0f,0f,1f], start_interpolation: 0, interpolation_duration: 1 }
$data merge entity $(bone_leftpointerfinger) { transformation: [0.09342119659136691f,0.9501736146340998f,-0.29739297584274965f,-0.6049412803906804f,-0.9894703106513674f,0.055439154656129815f,-0.13369743628992975f,3.9280630293738423f,-0.11054856112552187f,0.30675169467206326f,0.945347773810725f,0.542313877996252f,0f,0f,0f,1f], start_interpolation: 0, interpolation_duration: 1 }
$data merge entity $(bone_leftmidfinger) { transformation: [0.09342119659136691f,0.9501736146340998f,-0.29739297584274965f,-0.6514089328661101f,-0.9894703106513674f,0.055439154656129815f,-0.13369743628992975f,3.907172804953541f,-0.11054856112552187f,0.30675169467206326f,0.945347773810725f,0.6900244676541778f,0f,0f,0f,1f], start_interpolation: 0, interpolation_duration: 1 }
$data merge entity $(bone_leftringfinger) { transformation: [0.09342119659136691f,0.9501736146340998f,-0.29739297584274965f,-0.6978765853415397f,-0.9894703106513674f,0.055439154656129815f,-0.13369743628992975f,3.8862825805332393f,-0.11054856112552187f,0.30675169467206326f,0.945347773810725f,0.8377350573121036f,0f,0f,0f,1f], start_interpolation: 0, interpolation_duration: 1 }
$data merge entity $(bone_invisibility) { transformation: [0.9206384114676481f,0.37907439290693584f,-0.09342119659136691f,-0.4742060364341085f,0.04357569257181808f,0.13802051788184425f,0.9894703106513671f,3.752779048551286f,0.38797689924428613f,-0.9150152683348322f,0.11054856112552207f,0.5255948714583885f,0f,0f,0f,1f], start_interpolation: 0, interpolation_duration: 1 }
$data merge entity $(bone_swiftness) { transformation: [-0.29739297584274965f,0.9501736146340998f,-0.09342119659136698f,-0.6537710931461104f,-0.13369743628992997f,0.055439154656129815f,0.9894703106513674f,3.668668676297305f,0.945347773810725f,0.30675169467206326f,0.11054856112552208f,0.6555505086267837f,0f,0f,0f,1f], start_interpolation: 0, interpolation_duration: 1 }
$data merge entity $(bone_suspicious_stew) { transformation: [0.7354660434750889f,0.6710902911848268f,-0.09342119659136681f,-0.5745066075905975f,-0.006258040552458426f,0.14460062678954724f,0.9894703106513676f,3.725112068872418f,0.6775326824763084f,-0.7271371808741006f,0.11054856112552193f,0.6884685933601464f,0f,0f,0f,1f], start_interpolation: 0, interpolation_duration: 1 }
$data merge entity $(bone_log) { transformation: [0.09342119659136691f,0.9501736146340998f,-0.29739297584274965f,-0.46091696432352325f,-0.9894703106513674f,0.055439154656129815f,-0.13369743628992975f,3.633012054254778f,-0.11054856112552187f,0.30675169467206326f,0.945347773810725f,0.7607618044860144f,0f,0f,0f,1f], start_interpolation: 0, interpolation_duration: 1 }
$data merge entity $(bone_planks) { transformation: [0.09342119659136691f,0.9501736146340998f,-0.29739297584274965f,-0.4521587271430826f,-0.9894703106513674f,0.055439154656129815f,-0.13369743628992975f,3.5402492126312124f,-0.11054856112552187f,0.30675169467206326f,0.945347773810725f,0.7503978768804966f,0f,0f,0f,1f], start_interpolation: 0, interpolation_duration: 1 }
$data merge entity $(bone_lefthand1) { transformation: [0.09342119659136691f,0.9501736146340998f,-0.29739297584274965f,-0.23743532931775413f,-0.9894703106513674f,0.055439154656129815f,-0.13369743628992975f,3.8984174654657124f,-0.11054856112552187f,0.30675169467206326f,0.945347773810725f,0.8355447505038255f,0f,0f,0f,1f], start_interpolation: 0, interpolation_duration: 1 }
$data merge entity $(bone_leftforearm) { transformation: [-0.040079861848814735f,0.9861062472659345f,-0.16120816907736132f,0.46050787369261925f,-0.9776070131199501f,-0.0720572066269475f,-0.19771769488796564f,3.787330869150716f,-0.20658686447320213f,0.1496737387660792f,0.966912425895393f,0.9131044945196098f,0f,0f,0f,1f], start_interpolation: 0, interpolation_duration: 1 }
$data merge entity $(bone_leftelbow) { transformation: [-0.040079861848814735f,0.9861062472659345f,-0.16120816907736132f,0.645402795054982f,-0.9776070131199501f,-0.0720572066269475f,-0.19771769488796564f,3.7738201429081637f,-0.20658686447320213f,0.1496737387660792f,0.966912425895393f,0.9411683205382497f,0f,0f,0f,1f], start_interpolation: 0, interpolation_duration: 1 }
$data merge entity $(bone_leftarm) { transformation: [-0.10432403897197769f,0.19521222075023664f,0.9751967410539959f,0.5973194372056994f,-0.9873828974951842f,0.09712200490033543f,-0.12506930038244293f,3.603176722411942f,-0.11912811853877232f,-0.9759403183770512f,0.18261704832657882f,0.4925616881428423f,0f,0f,0f,1f], start_interpolation: 0, interpolation_duration: 1 }
$data merge entity $(bone_rightthumb2) { transformation: [-0.31599312471030133f,0.47162038714779236f,-0.8232390634332085f,-1.1983082006587584f,0.3979707163411363f,-0.7217846250811455f,-0.5662563588441133f,5.054457637000761f,-0.8612593419352513f,-0.5065581560127493f,0.04038787573295363f,1.4589310058789673f,0f,0f,0f,1f], start_interpolation: 0, interpolation_duration: 1 }
$data merge entity $(bone_rightthumb) { transformation: [-0.31599312471030133f,0.47162038714779236f,-0.8232390634332085f,-1.1529987901270093f,0.3979707163411363f,-0.7217846250811455f,-0.5662563588441133f,4.829054518298377f,-0.8612593419352513f,-0.5065581560127493f,0.04038787573295363f,1.3381528641934595f,0f,0f,0f,1f], start_interpolation: 0, interpolation_duration: 1 }
$data merge entity $(bone_rightpointerfinger) { transformation: [-0.31599312471030133f,0.47162038714779236f,-0.8232390634332085f,-1.3809003087734997f,0.3979707163411363f,-0.7217846250811455f,-0.5662563588441133f,5.082874878682122f,-0.8612593419352513f,-0.5065581560127493f,0.04038787573295363f,1.412060200285957f,0f,0f,0f,1f], start_interpolation: 0, interpolation_duration: 1 }
$data merge entity $(bone_rightmidfinger) { transformation: [-0.31599312471030133f,0.47162038714779236f,-0.8232390634332085f,-1.5095314124349386f,0.3979707163411363f,-0.7217846250811455f,-0.5662563588441133f,4.99439732261273f,-0.8612593419352513f,-0.5065581560127493f,0.04038787573295363f,1.418370805869231f,0f,0f,0f,1f], start_interpolation: 0, interpolation_duration: 1 }
$data merge entity $(bone_rightringfinger) { transformation: [-0.31599312471030133f,0.47162038714779236f,-0.8232390634332085f,-1.6381625160963773f,0.3979707163411363f,-0.7217846250811455f,-0.5662563588441133f,4.905919766543336f,-0.8612593419352513f,-0.5065581560127493f,0.04038787573295363f,1.424681411452505f,0f,0f,0f,1f], start_interpolation: 0, interpolation_duration: 1 }
$data merge entity $(bone_hugeasssword) { transformation: [-1.2376397384486804f,1.847179849662187f,-3.2243529984467334f,-1.3169347371782254f,1.5587186390027838f,-2.82698978156782f,-2.2178374054727774f,4.750921604721946f,-3.373265755913068f,-1.9840194443832684f,0.15818584662073507f,1.5436171325723649f,0f,0f,0f,1f], start_interpolation: 0, interpolation_duration: 1 }
$data merge entity $(bone_ice) { transformation: [-0.31599312471030133f,0.47162038714779236f,-0.8232390634332085f,-1.3193664131538112f,0.3979707163411363f,-0.7217846250811455f,-0.5662563588441133f,4.755981197046009f,-0.8612593419352513f,-0.5065581560127493f,0.04038787573295363f,1.5649892809778025f,0f,0f,0f,1f], start_interpolation: 0, interpolation_duration: 1 }
$data merge entity $(bone_righthand1) { transformation: [-0.31599312471030133f,0.47162038714779236f,-0.8232390634332085f,-1.3061858182767263f,0.3979707163411363f,-0.7217846250811455f,-0.5662563588441133f,4.657332208647128f,-0.8612593419352513f,-0.5065581560127493f,0.04038787573295363f,1.2242970276074572f,0f,0f,0f,1f], start_interpolation: 0, interpolation_duration: 1 }
$data merge entity $(bone_rightforearm) { transformation: [0.19839333607674836f,0.2812388433463754f,-0.9389061706014779f,-1.1102054778868438f,0.9106982804634897f,-0.4070083986875844f,0.07051812078190742f,4.312291726502629f,-0.36231026229073565f,-0.8690505603191113f,-0.33687148506196957f,0.6391021825001675f,0f,0f,0f,1f], start_interpolation: 0, interpolation_duration: 1 }
$data merge entity $(bone_rightelbow) { transformation: [0.19839333607674836f,0.2812388433463754f,-0.9389061706014779f,-1.0574731947593983f,0.9106982804634897f,-0.4070083986875844f,0.07051812078190742f,4.235977651748707f,-0.36231026229073565f,-0.8690505603191113f,-0.33687148506196957f,0.4761552024403341f,0f,0f,0f,1f], start_interpolation: 0, interpolation_duration: 1 }
$data merge entity $(bone_rightarm) { transformation: [0.2724634242085045f,0.760810057606969f,-0.5890091159843429f,-0.7601139796983347f,0.8635730382097974f,-0.4633057608647005f,-0.1989708009399395f,3.8474826472366788f,-0.4242703031625906f,-0.4544401260822615f,-0.7832489270089438f,0.394889492030826f,0f,0f,0f,1f], start_interpolation: 0, interpolation_duration: 1 }
$data merge entity $(bone_chest1) { transformation: [-1.074159982000507f,0.113465315451607f,0.08316890265747531f,-0.06045392420775566f,0.11761440323098955f,1.0756983346228728f,0.05148840795078882f,3.5247831907802247f,-0.07719000150537297f,0.060081829117928594f,-1.0789082391883729f,0.2764350987822758f,0f,0f,0f,1f], start_interpolation: 0, interpolation_duration: 1 }
$data merge entity $(bone_chest1lid) { transformation: [-0.9915322910773912f,0.10473721426302185f,0.07677129476074644f,-0.5006143745229192f,0.10856714144399036f,0.992952308882652f,0.047527761185343534f,2.8646197618982763f,-0.07125230908188275f,0.055460149955011015f,-0.9959152977123443f,0.6039243925854895f,0f,0f,0f,1f], start_interpolation: 0, interpolation_duration: 1 }
$data merge entity $(bone_chest2) { transformation: [-0.9915322910773912f,0.10473721426302185f,0.07677129476074644f,-0.5169795642515164f,0.10856714144399036f,0.992952308882652f,0.047527761185343534f,2.7094709636353618f,-0.07125230908188275f,0.055460149955011015f,-0.9959152977123443f,0.595258744155019f,0f,0f,0f,1f], start_interpolation: 0, interpolation_duration: 1 }
$data merge entity $(bone_chest1lid3) { transformation: [-0.9915322910773912f,0.10473721426302185f,0.07677129476074644f,-0.389461995624479f,0.10856714144399036f,0.992952308882652f,0.047527761185343534f,2.8882817875673874f,-0.07125230908188275f,0.055460149955011015f,-0.9959152977123443f,-0.029630575693863563f,0f,0f,0f,1f], start_interpolation: 0, interpolation_duration: 1 }
$data merge entity $(bone_chest3) { transformation: [-0.9915322910773912f,0.10473721426302185f,0.07677129476074644f,-0.40582718535307616f,0.10856714144399036f,0.992952308882652f,0.047527761185343534f,2.733132989304473f,-0.07125230908188275f,0.055460149955011015f,-0.9959152977123443f,-0.03829622412433403f,0f,0f,0f,1f], start_interpolation: 0, interpolation_duration: 1 }
$data merge entity $(bone_hugeasssword2) { transformation: [-0.3006875711462577f,3.1403587494186302f,-2.321209100293594f,-1.1402074202795343f,-0.18615039797592856f,2.3139069907728036f,3.154593515044994f,4.8232582850271015f,3.900668249373349f,0.35250410037385876f,-0.02838741495889874f,-0.010849457834736842f,0f,0f,0f,1f], start_interpolation: 0, interpolation_duration: 1 }
$data merge entity $(bone_belt) { transformation: [-0.9915322910773912f,0.10473721426302185f,0.07677129476074644f,-0.08046591330971878f,0.10856714144399036f,0.992952308882652f,0.047527761185343534f,3.1195617249929093f,-0.07125230908188275f,0.055460149955011015f,-0.9959152977123443f,0.38699358190399274f,0f,0f,0f,1f], start_interpolation: 0, interpolation_duration: 1 }
$data merge entity $(bone_torn_part) { transformation: [-0.9948081298664987f,0.09850288159051515f,0.025572779862276233f,-0.23438781679600293f,0.1015864039995192f,0.946150242498598f,0.3073758629793346f,2.8481901664447333f,0.006081716366779884f,0.30837785416305297f,-0.9512445068371354f,0.37042505000429415f,0f,0f,0f,1f], start_interpolation: 0, interpolation_duration: 1 }
$data merge entity $(bone_lowerbody) { transformation: [-0.9948081298664987f,0.10163375108445231f,-0.005231194129744847f,-0.18612880371093754f,0.1015864039995192f,0.9947892288509751f,0.00863670565255307f,2.351318154296875f,0.006081716366779884f,0.008060446798159565f,-0.9999490196622266f,0.5065131982421875f,0f,0f,0f,1f], start_interpolation: 0, interpolation_duration: 1 }
$data merge entity $(bone_leftfoot) { transformation: [-0.9387605287325929f,-0.014240200478433718f,-0.34427588702091394f,0.2905620853269018f,-0.10950686327552007f,0.9596751740292528f,0.25890501587933706f,0.32835286144450926f,0.32670616245987727f,0.2807503820874643f,-0.902464573470052f,0.18122183295955585f,0f,0f,0f,1f], start_interpolation: 0, interpolation_duration: 1 }
$data merge entity $(bone_leftlowerleg) { transformation: [-0.9387605287325929f,-0.014240200478433718f,-0.34427588702091394f,0.3276608467548971f,-0.10950686327552007f,0.9596751740292528f,0.25890501587933706f,1.353212884652796f,0.32670616245987727f,0.2807503820874643f,-0.902464573470052f,0.6313390215190011f,0f,0f,0f,1f], start_interpolation: 0, interpolation_duration: 1 }
$data merge entity $(bone_leftleg) { transformation: [-0.9422511983745581f,-0.24588835954084398f,-0.22737984476206788f,0.04491156561839532f,-0.15495332584260216f,0.9219730405158877f,-0.3549016474633582f,2.318936886607291f,0.29690427072042236f,-0.29917323945199714f,-0.9068314213919653f,0.3427254154792469f,0f,0f,0f,1f], start_interpolation: 0, interpolation_duration: 1 }
$data merge entity $(bone_rightfoot) { transformation: [-0.8929137025555172f,0.2245351059347786f,0.39024236826804826f,-0.904392856295968f,0.265807704761312f,0.962489744414814f,0.054403639453893926f,0.3693435997660983f,-0.36338875034612794f,0.1523071833472205f,-0.9191034425040066f,0.39928084382606893f,0f,0f,0f,1f], start_interpolation: 0, interpolation_duration: 1 }
$data merge entity $(bone_rightlowerleg) { transformation: [-0.8929137025555172f,0.2245351059347786f,0.39024236826804826f,-0.7152582557235975f,0.265807704761312f,0.962489744414814f,0.054403639453893926f,1.4287467787901145f,-0.36338875034612794f,0.1523071833472205f,-0.9191034425040066f,0.7094628482150713f,0f,0f,0f,1f], start_interpolation: 0, interpolation_duration: 1 }
$data merge entity $(bone_rightleg) { transformation: [-0.958376825245911f,0.2515781858695748f,0.134989915275706f,-0.4287789819664553f,0.17622819730567515f,0.8932497730132034f,-0.41358005934311287f,2.367668397293278f,-0.22462743222046733f,-0.3725765148347844f,-0.9004050517892517f,0.34162521217552644f,0f,0f,0f,1f], start_interpolation: 0, interpolation_duration: 1 }
data modify entity @s data merge value {"locators":{"lefthand":{"posx":-0.53926074989971,"posy":3.7235327343628635,"posz":0.7323896969794845,"roty":197.4628345413281,"rotx":-7.683305689983318},"righthand":{"posx":-1.3434967267784423,"posy":4.813416592076823,"posz":1.4915301283007445,"roty":267.19133715830037,"rotx":-34.489580667345585},"chest":{"posx":-0.5501413493168932,"posy":2.798526753078025,"posz":0.7538432638220463,"roty":4.407994748389797,"rotx":2.7241663806194842},"sack":{"posx":0,"posy":-0.4375,"posz":0,"roty":0,"rotx":0}},"cameras":{}}