# This file was generated by Animated Java via MC-Build. It is not recommended to edit this file directly.
$data merge entity $(bone_nose) { transformation: [-0.9546632507156073f,0.04623313180349202f,0.2940757984886728f,-0.23098151625866942f,0.04908351877211734f,0.9987919935471675f,0.0023155584686359726f,4.145340142183347f,-0.2936134975065976f,0.01664485355043424f,-0.9557792961412315f,0.5516761236924068f,0f,0f,0f,1f], start_interpolation: 0, interpolation_duration: 1 }
$data merge entity $(bone_glowing_eye) { transformation: [-0.9546632507156073f,0.04623313180349202f,0.2940757984886728f,-0.3574460227164643f,0.04908351877211734f,0.9987919935471675f,0.0023155584686359726f,4.219021112317966f,-0.2936134975065976f,0.01664485355043424f,-0.9557792961412315f,0.5494539442297899f,0f,0f,0f,1f], start_interpolation: 0, interpolation_duration: 1 }
$data merge entity $(bone_head) { transformation: [-0.9546632507156073f,0.04623313180349202f,0.2940757984886728f,-0.18162307524923127f,0.04908351877211734f,0.9987919935471675f,0.0023155584686359726f,4.022446027946168f,-0.2936134975065976f,0.01664485355043424f,-0.9557792961412315f,0.3706464170922402f,0f,0f,0f,1f], start_interpolation: 0, interpolation_duration: 1 }
$data merge entity $(bone_leftthumb2) { transformation: [-0.03868932234652029f,0.9247552324447877f,-0.3785906713092041f,-0.532566241049911f,-0.9965463571861136f,-0.007849598001745055f,0.08266644900016981f,3.830928238170437f,0.07347444668354908f,0.3804814632504424f,0.921865153809031f,0.3643485027120537f,0f,0f,0f,1f], start_interpolation: 0, interpolation_duration: 1 }
$data merge entity $(bone_leftthumb) { transformation: [-0.03868932234652029f,0.9247552324447877f,-0.3785906713092041f,-0.3381303682504764f,-0.9965463571861136f,-0.007849598001745055f,0.08266644900016981f,3.8360676511979257f,0.07347444668354908f,0.3804814632504424f,0.921865153809031f,0.5364390193448856f,0f,0f,0f,1f], start_interpolation: 0, interpolation_duration: 1 }
$data merge entity $(bone_leftpointerfinger) { transformation: [-0.03868932234652029f,0.9247552324447877f,-0.3785906713092041f,-0.6550804719823906f,-0.9965463571861136f,-0.007849598001745055f,0.08266644900016981f,3.951515548156362f,0.07347444668354908f,0.3804814632504424f,0.921865153809031f,0.44676970069461924f,0f,0f,0f,1f], start_interpolation: 0, interpolation_duration: 1 }
$data merge entity $(bone_leftmidfinger) { transformation: [-0.03868932234652029f,0.9247552324447877f,-0.3785906713092041f,-0.7142352643744537f,-0.9965463571861136f,-0.007849598001745055f,0.08266644900016981f,3.9644321808126386f,0.07347444668354908f,0.3804814632504424f,0.921865153809031f,0.5908111309772803f,0f,0f,0f,1f], start_interpolation: 0, interpolation_duration: 1 }
$data merge entity $(bone_leftringfinger) { transformation: [-0.03868932234652029f,0.9247552324447877f,-0.3785906713092041f,-0.7733900567665168f,-0.9965463571861136f,-0.007849598001745055f,0.08266644900016981f,3.9773488134689154f,0.07347444668354908f,0.3804814632504424f,0.921865153809031f,0.7348525612599415f,0f,0f,0f,1f], start_interpolation: 0, interpolation_duration: 1 }
$data merge entity $(bone_invisibility) { transformation: [0.8882399084388088f,0.4577477486487326f,0.03868932234652025f,-0.5493586578953018f,-0.0006148721485690076f,-0.0830360157481534f,0.9965463571861134f,3.76122122987127f,0.45937945860569007f,-0.8851960340487799f,-0.07347444668354883f,0.4733530334342696f,0f,0f,0f,1f], start_interpolation: 0, interpolation_duration: 1 }
$data merge entity $(bone_swiftness) { transformation: [-0.3785906713092041f,0.9247552324447877f,0.03868932234652021f,-0.7475869332952885f,0.08266644900016959f,-0.007849598001745055f,0.9965463571861136f,3.725880908600585f,0.921865153809031f,0.3804814632504424f,-0.07347444668354887f,0.5985059178155858f,0f,0f,0f,1f], start_interpolation: 0, interpolation_duration: 1 }
$data merge entity $(bone_suspicious_stew) { transformation: [0.6781135368476581f,0.7339381223783972f,0.0386893223465204f,-0.663692310286627f,0.027822199186639085f,-0.07823862991838264f,0.9965463571861138f,3.7770891389651333f,0.7344303618290703f,-0.6746951528714041f,-0.07347444668354905f,0.6283676811835984f,0f,0f,0f,1f], start_interpolation: 0, interpolation_duration: 1 }
$data merge entity $(bone_log) { transformation: [-0.03868932234652029f,0.9247552324447877f,-0.3785906713092041f,-0.5694714679186337f,-0.9965463571861136f,-0.007849598001745055f,0.08266644900016981f,3.6865567080256f,0.07347444668354908f,0.3804814632504424f,0.921865153809031f,0.7260285225512848f,0f,0f,0f,1f], start_interpolation: 0, interpolation_duration: 1 }
$data merge entity $(bone_planks) { transformation: [-0.03868932234652029f,0.9247552324447877f,-0.3785906713092041f,-0.57309859188862f,-0.9965463571861136f,-0.007849598001745055f,0.08266644900016981f,3.593130487039402f,0.07347444668354908f,0.3804814632504424f,0.921865153809031f,0.7329167519278675f,0f,0f,0f,1f], start_interpolation: 0, interpolation_duration: 1 }
$data merge entity $(bone_lefthand1) { transformation: [-0.03868932234652029f,0.9247552324447877f,-0.3785906713092041f,-0.3167793707423942f,-0.9965463571861136f,-0.007849598001745055f,0.08266644900016981f,3.931147571290437f,0.07347444668354908f,0.3804814632504424f,0.921865153809031f,0.7739719906364759f,0f,0f,0f,1f], start_interpolation: 0, interpolation_duration: 1 }
$data merge entity $(bone_leftforearm) { transformation: [-0.19707310814242063f,0.9495014979470264f,-0.24414973979801613f,0.3468067286804056f,-0.9720297791124523f,-0.22168760570762158f,-0.07754169197418335f,3.709980901587614f,-0.1277509239327951f,0.22203943539825383f,0.9666323968098429f,0.9081303526900594f,0f,0f,0f,1f], start_interpolation: 0, interpolation_duration: 1 }
$data merge entity $(bone_leftelbow) { transformation: [-0.19707310814242063f,0.9495014979470264f,-0.24414973979801613f,0.524838259545473f,-0.9720297791124523f,-0.22168760570762158f,-0.07754169197418335f,3.668414475517435f,-0.1277509239327951f,0.22203943539825383f,0.9666323968098429f,0.9497627468272319f,0f,0f,0f,1f], start_interpolation: 0, interpolation_duration: 1 }
$data merge entity $(bone_leftarm) { transformation: [-0.2604540643170775f,0.15920864074173438f,0.9522690213872786f,0.4304542493669263f,-0.9645398157345687f,0.0007540766411743005f,-0.2639363090428132f,3.477790924060983f,-0.04273902483023877f,-0.9872446708296727f,0.1533666706783833f,0.5171109613238144f,0f,0f,0f,1f], start_interpolation: 0, interpolation_duration: 1 }
$data merge entity $(bone_rightthumb2) { transformation: [0.2506653939783602f,-0.6399392454032844f,-0.7263915076970188f,-0.20633343802860696f,0.2432242062204726f,-0.684647065658379f,0.6870956127016035f,4.371443624869821f,-0.9370212621761018f,-0.34890709032355005f,-0.015968611456843917f,0.9330962394968784f,0f,0f,0f,1f], start_interpolation: 0, interpolation_duration: 1 }
$data merge entity $(bone_rightthumb) { transformation: [0.2506653939783602f,-0.6399392454032844f,-0.7263915076970188f,-0.42534934068843994f,0.2432242062204726f,-0.684647065658379f,0.6870956127016035f,4.262256540192543f,-0.9370212621761018f,-0.34890709032355005f,-0.015968611456843917f,0.8461647547846319f,0f,0f,0f,1f], start_interpolation: 0, interpolation_duration: 1 }
$data merge entity $(bone_rightpointerfinger) { transformation: [0.2506653939783602f,-0.6399392454032844f,-0.7263915076970188f,-0.22200235024740184f,0.2432242062204726f,-0.684647065658379f,0.6870956127016035f,4.54571661301245f,-0.9370212621761018f,-0.34890709032355005f,-0.015968611456843917f,0.8574146645844961f,0f,0f,0f,1f], start_interpolation: 0, interpolation_duration: 1 }
$data merge entity $(bone_rightmidfinger) { transformation: [0.2506653939783602f,-0.6399392454032844f,-0.7263915076970188f,-0.335501023325061f,0.2432242062204726f,-0.684647065658379f,0.6870956127016035f,4.653075302497076f,-0.9370212621761018f,-0.34890709032355005f,-0.015968611456843917f,0.8549195690443643f,0f,0f,0f,1f], start_interpolation: 0, interpolation_duration: 1 }
$data merge entity $(bone_rightringfinger) { transformation: [0.2506653939783602f,-0.6399392454032844f,-0.7263915076970188f,-0.4489996964027202f,0.2432242062204726f,-0.684647065658379f,0.6870956127016035f,4.760433991981701f,-0.9370212621761018f,-0.34890709032355005f,-0.015968611456843917f,0.8524244735042324f,0f,0f,0f,1f], start_interpolation: 0, interpolation_duration: 1 }
$data merge entity $(bone_hugeasssword) { transformation: [0.9817727930819108f,-2.5064287111628643f,-2.845033405146657f,-0.5207218105153392f,0.9526281410301844f,-2.681534340495318f,2.6911244830812806f,4.438664068559442f,-3.6699999435230657f,-1.3665527704339044f,-0.06254372820597201f,1.0331935986419334f,0f,0f,0f,1f], start_interpolation: 0, interpolation_duration: 1 }
$data merge entity $(bone_ice) { transformation: [0.2506653939783602f,-0.6399392454032844f,-0.7263915076970188f,-0.5146394065868247f,0.2432242062204726f,-0.684647065658379f,0.6870956127016035f,4.445561300738159f,-0.9370212621761018f,-0.34890709032355005f,-0.015968611456843917f,1.0532862291497405f,0f,0f,0f,1f], start_interpolation: 0, interpolation_duration: 1 }
$data merge entity $(bone_righthand1) { transformation: [0.2506653939783602f,-0.6399392454032844f,-0.7263915076970188f,-0.6346576040585876f,0.2432242062204726f,-0.684647065658379f,0.6870956127016035f,4.356677323775608f,-0.9370212621761018f,-0.34890709032355005f,-0.015968611456843917f,0.7313051219168011f,0f,0f,0f,1f], start_interpolation: 0, interpolation_duration: 1 }
$data merge entity $(bone_rightforearm) { transformation: [0.47654836813460316f,-0.5527681395133852f,-0.6836293123960946f,-1.0459034571194634f,0.6953397662708477f,-0.23884073132348932f,0.6778331022480852f,4.115545923483236f,-0.537963067757118f,-0.7983749050413419f,0.27054250817492453f,0.2174554629190751f,0f,0f,0f,1f], start_interpolation: 0, interpolation_duration: 1 }
$data merge entity $(bone_rightelbow) { transformation: [0.47654836813460316f,-0.5527681395133852f,-0.6836293123960946f,-1.149547483278223f,0.6953397662708477f,-0.23884073132348932f,0.6778331022480852f,4.070763286360082f,-0.537963067757118f,-0.7983749050413419f,0.27054250817492453f,0.0677601682238235f,0f,0f,0f,1f], start_interpolation: 0, interpolation_duration: 1 }
$data merge entity $(bone_rightarm) { transformation: [0.5100574821086122f,0.7901700575976665f,-0.3398126616550989f,-0.9359539657060822f,0.6340272098529788f,-0.6123599948269145f,-0.4722549458731239f,3.755384751520265f,-0.581249397514586f,0.02542669486348796f,-0.8133281140334754f,0.29759363818259876f,0f,0f,0f,1f], start_interpolation: 0, interpolation_duration: 1 }
$data merge entity $(bone_chest1) { transformation: [-1.0575840014878515f,0.13323371730523184f,0.19332865147485193f,-0.23029148608898103f,0.15035880875872626f,1.0694347567013205f,0.08551398072218838f,3.3772643012835273f,-0.18033141583404702f,0.11031404644616927f,-1.0625076483165057f,0.23724786315926488f,0f,0f,0f,1f], start_interpolation: 0, interpolation_duration: 1 }
$data merge entity $(bone_chest1lid) { transformation: [-0.976231385988786f,0.12298496982021402f,0.17845721674601717f,-0.7174908847633611f,0.13879274654651655f,0.9871705446473729f,0.07893598220509697f,2.719081604030405f,-0.16645976846219726f,0.10182835056569471f,-0.9807762907536977f,0.4946162671611436f,0f,0f,0f,1f], start_interpolation: 0, interpolation_duration: 1 }
$data merge entity $(bone_chest2) { transformation: [-0.976231385988786f,0.12298496982021402f,0.17845721674601717f,-0.7367072862977695f,0.13879274654651655f,0.9871705446473729f,0.07893598220509697f,2.564836206429253f,-0.16645976846219726f,0.10182835056569471f,-0.9807762907536977f,0.4787055873852538f,0f,0f,0f,1f], start_interpolation: 0, interpolation_duration: 1 }
$data merge entity $(bone_chest1lid3) { transformation: [-0.976231385988786f,0.12298496982021402f,0.17845721674601717f,-0.5421522686611447f,0.13879274654651655f,0.9871705446473729f,0.07893598220509697f,2.760975420971388f,-0.16645976846219726f,0.10182835056569471f,-0.9807762907536977f,-0.12328980857405657f,0f,0f,0f,1f], start_interpolation: 0, interpolation_duration: 1 }
$data merge entity $(bone_chest3) { transformation: [-0.976231385988786f,0.12298496982021402f,0.17845721674601717f,-0.5613686701955531f,0.13879274654651655f,0.9871705446473729f,0.07893598220509697f,2.606730023370236f,-0.16645976846219726f,0.10182835056569471f,-0.9807762907536977f,-0.13920048834994636f,0f,0f,0f,1f], start_interpolation: 0, interpolation_duration: 1 }
$data merge entity $(bone_hugeasssword2) { transformation: [-0.6989574322552349f,3.144459477527957f,-2.2280284737537697f,-1.2430808763140304f,-0.30916593030329614f,2.2113265261163524f,3.2178765048105338f,4.714591323939085f,3.841373805451983f,0.750124900837567f,-0.14641617980456847f,-0.10952538357711528f,0f,0f,0f,1f], start_interpolation: 0, interpolation_duration: 1 }
$data merge entity $(bone_belt) { transformation: [-0.976231385988786f,0.12298496982021402f,0.17845721674601717f,-0.27137311392857405f,0.13879274654651655f,0.9871705446473729f,0.07893598220509697f,2.9692663826425845f,-0.16645976846219726f,0.10182835056569471f,-0.9807762907536977f,0.33040414298795123f,0f,0f,0f,1f], start_interpolation: 0, interpolation_duration: 1 }
$data merge entity $(bone_torn_part) { transformation: [-0.9792587726240224f,0.14609595947988818f,0.14038599240146457f,-0.4361681437486604f,0.1809142385294331f,0.9424468485745056f,0.2811831714546557f,2.7072926861191964f,-0.09122661089949893f,0.300748912276726f,-0.9493301834599791f,0.2952441390027136f,0f,0f,0f,1f], start_interpolation: 0, interpolation_duration: 1 }
$data merge entity $(bone_lowerbody) { transformation: [-0.9792587726240224f,0.1815490750760787f,0.08995659830114489f,-0.4418345601851858f,0.1809142385294331f,0.9833809450441727f,-0.015230076209429122f,2.2116005324074073f,-0.09122661089949893f,0.001360243746533836f,-0.9958292299389195f,0.44352729166666616f,0f,0f,0f,1f], start_interpolation: 0, interpolation_duration: 1 }
$data merge entity $(bone_leftfoot) { transformation: [-0.9277941885484151f,0.17824690304053054f,-0.327759035347994f,-0.32313320812638946f,0.03990730844698448f,0.9208654888101804f,0.3878326420647241f,0.21372615396866346f,0.3709519516437474f,0.3467488905171101f,-0.8614870030922394f,0.11797059450318781f,0f,0f,0f,1f], start_interpolation: 0, interpolation_duration: 1 }
$data merge entity $(bone_leftlowerleg) { transformation: [-0.9277941885484151f,0.17824690304053054f,-0.327759035347994f,-0.07503180823036124f,0.03990730844698448f,0.9208654888101804f,0.3878326420647241f,1.1757225169320216f,0.3709519516437474f,0.3467488905171101f,-0.8614870030922394f,0.6350088539400909f,0f,0f,0f,1f], start_interpolation: 0, interpolation_duration: 1 }
$data merge entity $(bone_leftleg) { transformation: [-0.952405176360666f,-0.10393671807638f,-0.2865685584234942f,-0.2082685908021112f,0.0035561180351290746f,0.9362253892329029f,-0.3513820920027363f,2.158143238016312f,0.3048142615855248f,-0.33567719492275666f,-0.8912962957080327f,0.3060386308576726f,0f,0f,0f,1f], start_interpolation: 0, interpolation_duration: 1 }
$data merge entity $(bone_rightfoot) { transformation: [-0.8619402401588562f,0.06863551031451628f,0.5023427008713864f,-0.9606721418065514f,0.1717411712037784f,0.9717458997579287f,0.16191008744734908f,0.3583458199331744f,-0.47703667836807656f,0.22582974345183088f,-0.849374437138317f,0.4647485146525233f,0f,0f,0f,1f], start_interpolation: 0, interpolation_duration: 1 }
$data merge entity $(bone_rightlowerleg) { transformation: [-0.8619402401588562f,0.06863551031451628f,0.5023427008713864f,-0.9617123807909571f,0.1717411712037784f,0.9717458997579287f,0.16191008744734908f,1.4114996508974738f,-0.47703667836807656f,0.22582974345183088f,-0.849374437138317f,0.8457810525475381f,0f,0f,0f,1f], start_interpolation: 0, interpolation_duration: 1 }
$data merge entity $(bone_rightleg) { transformation: [-0.9365424935435065f,0.2643254319825771f,0.23026120775010045f,-0.6633838423822876f,0.0685826052101786f,0.7823123546919335f,-0.6190991891118476f,2.2357310503685777f,-0.34377984823124186f,-0.5640207848152285f,-0.7507968901417467f,0.2688495457579547f,0f,0f,0f,1f], start_interpolation: 0, interpolation_duration: 1 }
data modify entity @s data merge value {"locators":{"lefthand":{"posx":-0.6321753672441903,"posy":3.779304515590057,"posz":0.6750110358299951,"roty":202.32692707410487,"rotx":4.741849891998092},"righthand":{"posx":-0.46979060788416127,"posy":4.4683253115237775,"posz":0.9711416686610496,"roty":271.25935764179906,"rotx":43.4006388978044},"chest":{"posx":-0.7835686163058392,"posy":2.6493869710999762,"posz":0.6362964229166093,"roty":10.312438314204968,"rotx":4.527408589385719},"sack":{"posx":0,"posy":-0.4375,"posz":0,"roty":0,"rotx":0}},"cameras":{}}