# This file was generated by Animated Java via MC-Build. It is not recommended to edit this file directly.
$data merge entity $(bone_nose) { transformation: [-0.9998247294271656f,-0.004576596152274548f,0.018153930526305193f,-0.8218671623677576f,-0.0029070385177597975f,0.9958513161156968f,0.09094891597864684f,3.998710789094225f,-0.01849485206621536f,0.0908802011347559f,-0.9956900770263583f,0.7488941589668239f,0f,0f,0f,1f], start_interpolation: 0, interpolation_duration: 1 }
$data merge entity $(bone_glowing_eye) { transformation: [-0.9998247294271656f,-0.004576596152274548f,0.018153930526305193f,-0.9477886190424281f,-0.0029070385177597975f,0.9958513161156968f,0.09094891597864684f,4.062600915406334f,-0.01849485206621536f,0.0908802011347559f,-0.9956900770263583f,0.787480858021137f,0f,0f,0f,1f], start_interpolation: 0, interpolation_duration: 1 }
$data merge entity $(bone_head) { transformation: [-0.9998247294271656f,-0.004576596152274548f,0.018153930526305193f,-0.8179026443160344f,-0.0029070385177597975f,0.9958513161156968f,0.09094891597864684f,3.8927768198772035f,-0.01849485206621536f,0.0908802011347559f,-0.9956900770263583f,0.551224610357762f,0f,0f,0f,1f], start_interpolation: 0, interpolation_duration: 1 }
$data merge entity $(bone_leftthumb2) { transformation: [-0.3511163720545426f,0.9029462154103134f,0.24780118109373042f,-0.4818149845206574f,-0.1493559010071593f,0.20725224677570186f,-0.9668191770133454f,2.6427825449814355f,-0.9243430684056627f,-0.37647661053857684f,0.062090688575574704f,1.118368980766719f,0f,0f,0f,1f], start_interpolation: 0, interpolation_duration: 1 }
$data merge entity $(bone_leftthumb) { transformation: [-0.3511163720545426f,0.9029462154103134f,0.24780118109373042f,-0.23919772785457613f,-0.1493559010071593f,0.20725224677570186f,-0.9668191770133454f,2.6109876542917076f,-0.9243430684056627f,-0.37647661053857684f,0.062090688575574704f,1.0313470306256591f,0f,0f,0f,1f], start_interpolation: 0, interpolation_duration: 1 }
$data merge entity $(bone_leftpointerfinger) { transformation: [-0.3511163720545426f,0.9029462154103134f,0.24780118109373042f,-0.48545792122885095f,-0.1493559010071593f,0.20725224677570186f,-0.9668191770133454f,2.513999163568588f,-0.9243430684056627f,-0.37647661053857684f,0.062090688575574704f,1.258888942592479f,0f,0f,0f,1f], start_interpolation: 0, interpolation_duration: 1 }
$data merge entity $(bone_leftmidfinger) { transformation: [-0.3511163720545426f,0.9029462154103134f,0.24780118109373042f,-0.4467389866829556f,-0.1493559010071593f,0.20725224677570186f,-0.9668191770133454f,2.3629336671602528f,-0.9243430684056627f,-0.37647661053857684f,0.062090688575574704f,1.2685906126824125f,0f,0f,0f,1f], start_interpolation: 0, interpolation_duration: 1 }
$data merge entity $(bone_leftringfinger) { transformation: [-0.3511163720545426f,0.9029462154103134f,0.24780118109373042f,-0.40802005213706016f,-0.1493559010071593f,0.20725224677570186f,-0.9668191770133454f,2.2118681707519174f,-0.9243430684056627f,-0.37647661053857684f,0.062090688575574704f,1.2782922827723462f,0f,0f,0f,1f], start_interpolation: 0, interpolation_duration: 1 }
$data merge entity $(bone_invisibility) { transformation: [0.9211075284457321f,-0.16816127472117376f,0.35111637205454266f,-0.46027628558775385f,0.12219974593027856f,0.9812033616579766f,0.14935590100715904f,2.5388762459025047f,-0.3696324432935636f,-0.09466651337846371f,0.9243430684056625f,1.0424571539707737f,0f,0f,0f,1f], start_interpolation: 0, interpolation_duration: 1 }
$data merge entity $(bone_swiftness) { transformation: [0.24780118109373034f,0.9029462154103134f,0.35111637205454266f,-0.5543749568118841f,-0.9668191770133454f,0.20725224677570186f,0.14935590100715906f,2.3217532765557647f,0.062090688575574496f,-0.37647661053857684f,0.9243430684056627f,1.0569377686137644f,0f,0f,0f,1f], start_interpolation: 0, interpolation_duration: 1 }
$data merge entity $(bone_suspicious_stew) { transformation: [0.9230724907127641f,0.15701741993992283f,0.35111637205454277f,-0.45613916798003784f,-0.2207611148732937f,0.9638243330577619f,0.14935590100715934f,2.3478827011448917f,-0.3149630248921838f,-0.21537916529035442f,0.9243430684056629f,1.0717464991976897f,0f,0f,0f,1f], start_interpolation: 0, interpolation_duration: 1 }
$data merge entity $(bone_log) { transformation: [-0.3511163720545426f,0.9029462154103134f,0.24780118109373042f,-0.36457237057009345f,-0.1493559010071593f,0.20725224677570186f,-0.9668191770133454f,2.3144674673499326f,-0.9243430684056627f,-0.37647661053857684f,0.062090688575574704f,0.9409402612443168f,0f,0f,0f,1f], start_interpolation: 0, interpolation_duration: 1 }
$data merge entity $(bone_planks) { transformation: [-0.3511163720545426f,0.9029462154103134f,0.24780118109373042f,-0.3974895304502068f,-0.1493559010071593f,0.20725224677570186f,-0.9668191770133454f,2.3004653516305114f,-0.9243430684056627f,-0.37647661053857684f,0.062090688575574704f,0.8542830985812859f,0f,0f,0f,1f], start_interpolation: 0, interpolation_duration: 1 }
$data merge entity $(bone_lefthand1) { transformation: [-0.3511163720545426f,0.9029462154103134f,0.24780118109373042f,-0.05880051061305844f,-0.1493559010071593f,0.20725224677570186f,-0.9668191770133454f,2.433832603577315f,-0.9243430684056627f,-0.37647661053857684f,0.062090688575574704f,1.0759665416931017f,0f,0f,0f,1f], start_interpolation: 0, interpolation_duration: 1 }
$data merge entity $(bone_leftforearm) { transformation: [-0.7771499074329445f,0.43870356016415935f,0.45119530990055445f,0.1995406597599302f,-0.03397927835981024f,0.6866642911305367f,-0.7261801153490389f,2.934787341580373f,-0.6283975095583306f,-0.5796821004529025f,-0.5187342599013476f,0.6179144842747551f,0f,0f,0f,1f], start_interpolation: 0, interpolation_duration: 1 }
$data merge entity $(bone_leftelbow) { transformation: [-0.7771499074329445f,0.43870356016415935f,0.45119530990055445f,0.2817975772907101f,-0.03397927835981024f,0.6866642911305367f,-0.7261801153490389f,3.0635368961673484f,-0.6283975095583306f,-0.5796821004529025f,-0.5187342599013476f,0.509224090439836f,0f,0f,0f,1f], start_interpolation: 0, interpolation_duration: 1 }
$data merge entity $(bone_leftarm) { transformation: [-0.7530800679550615f,-0.46887403923602544f,0.46154907277481766f,-0.13014043799522867f,-0.1412975920183171f,0.8004082008410432f,0.5825647625081947f,3.3009062652333365f,-0.6425771562533367f,0.3735021383565269f,-0.6690222349851138f,0.5866565634007331f,0f,0f,0f,1f], start_interpolation: 0, interpolation_duration: 1 }
$data merge entity $(bone_rightthumb2) { transformation: [-0.1438612007475591f,-0.8658461258249325f,-0.4791810110108964f,-1.0525175161505507f,0.1081475793689934f,0.46756196406881384f,-0.8773197312455361f,2.5502123374706414f,0.9836707050614539f,-0.17803453639692385f,0.02637513703916089f,0.7880680673691887f,0f,0f,0f,1f], start_interpolation: 0, interpolation_duration: 1 }
$data merge entity $(bone_rightthumb) { transformation: [-0.1438612007475591f,-0.8658461258249325f,-0.4791810110108964f,-1.3058093959116355f,0.1081475793689934f,0.46756196406881384f,-0.8773197312455361f,2.5899048515108722f,0.9836707050614539f,-0.17803453639692385f,0.02637513703916089f,0.7466603858503902f,0f,0f,0f,1f], start_interpolation: 0, interpolation_duration: 1 }
$data merge entity $(bone_rightpointerfinger) { transformation: [-0.1438612007475591f,-0.8658461258249325f,-0.4791810110108964f,-1.0599000645982295f,0.1081475793689934f,0.46756196406881384f,-0.8773197312455361f,2.407190361142142f,0.9836707050614539f,-0.17803453639692385f,0.02637513703916089f,0.913903286020438f,0f,0f,0f,1f], start_interpolation: 0, interpolation_duration: 1 }
$data merge entity $(bone_rightmidfinger) { transformation: [-0.1438612007475591f,-0.8658461258249325f,-0.4791810110108964f,-1.1347720975686821f,0.1081475793689934f,0.46756196406881384f,-0.8773197312455361f,2.2701091531350266f,0.9836707050614539f,-0.17803453639692385f,0.02637513703916089f,0.9180244011828069f,0f,0f,0f,1f], start_interpolation: 0, interpolation_duration: 1 }
$data merge entity $(bone_rightringfinger) { transformation: [-0.1438612007475591f,-0.8658461258249325f,-0.4791810110108964f,-1.2096441305391346f,0.1081475793689934f,0.46756196406881384f,-0.8773197312455361f,2.1330279451279117f,0.9836707050614539f,-0.17803453639692385f,0.02637513703916089f,0.9221455163451758f,0f,0f,0f,1f], start_interpolation: 0, interpolation_duration: 1 }
$data merge entity $(bone_hugeasssword) { transformation: [-0.5634563695946065f,-3.391230659480986f,-1.876792293126011f,-1.2649467571312558f,0.4235780191952242f,1.831284359269521f,-3.43616894737835f,2.350064097117327f,3.852710261490695f,-0.6973019342212852f,0.10330262007004683f,0.6201614934289962f,0f,0f,0f,1f], start_interpolation: 0, interpolation_duration: 1 }
$data merge entity $(bone_ice) { transformation: [-0.1438612007475591f,-0.8658461258249325f,-0.4791810110108964f,-1.2491700801535606f,0.1081475793689934f,0.46756196406881384f,-0.8773197312455361f,2.3410686355011117f,0.9836707050614539f,-0.17803453639692385f,0.02637513703916089f,0.6075734282936129f,0f,0f,0f,1f], start_interpolation: 0, interpolation_duration: 1 }
$data merge entity $(bone_righthand1) { transformation: [-0.1438612007475591f,-0.8658461258249325f,-0.4791810110108964f,-1.516571318390774f,0.1081475793689934f,0.46756196406881384f,-0.8773197312455361f,2.4575797797591403f,0.9836707050614539f,-0.17803453639692385f,0.02637513703916089f,0.8098066934922192f,0f,0f,0f,1f], start_interpolation: 0, interpolation_duration: 1 }
$data merge entity $(bone_rightforearm) { transformation: [-0.3941036487345795f,-0.49917922984476415f,-0.7716880266958135f,-1.8476902276544285f,-0.014669195496632426f,0.8429532834671702f,-0.537786738954576f,3.0559849114314064f,0.9189489260876107f,-0.2006236735370578f,-0.3395335224376574f,0.609476410473225f,0f,0f,0f,1f], start_interpolation: 0, interpolation_duration: 1 }
$data merge entity $(bone_rightelbow) { transformation: [-0.3941036487345795f,-0.49917922984476415f,-0.7716880266958135f,-1.9412863332503218f,-0.014669195496632426f,0.8429532834671702f,-0.537786738954576f,3.2140386520815007f,0.9189489260876107f,-0.2006236735370578f,-0.3395335224376574f,0.5718594716850266f,0f,0f,0f,1f], start_interpolation: 0, interpolation_duration: 1 }
$data merge entity $(bone_rightarm) { transformation: [-0.362349928267558f,0.7088455941767033f,-0.6051780342186684f,-1.5435273370015121f,0.0749052828070538f,0.6693503585398691f,0.7391612111915397f,3.4031464945954912f,0.9290273021241577f,0.22250398005164945f,-0.2956353341011258f,0.47117986038388304f,0f,0f,0f,1f], start_interpolation: 0, interpolation_duration: 1 }
$data merge entity $(bone_chest1) { transformation: [-1.0803581168190457f,0.047842166672991654f,0.06440945289590475f,-0.8367883599637465f,0.05869126847251405f,1.0642096275855841f,0.19396988083295436f,3.257409847384654f,-0.05470635739476137f,0.19692665323235686f,-1.0638788553300655f,0.3650541187085572f,0f,0f,0f,1f], start_interpolation: 0, interpolation_duration: 1 }
$data merge entity $(bone_chest1lid) { transformation: [-0.9972536462945039f,0.044162000005838455f,0.05945487959621976f,-1.2307258936274676f,0.05417655551308989f,0.9823473485405393f,0.17904912076888096f,2.5344571080052356f,-0.0504981760567028f,0.1817784491375602f,-0.982042020304676f,0.6078683864221457f,0f,0f,0f,1f], start_interpolation: 0, interpolation_duration: 1 }
$data merge entity $(bone_chest2) { transformation: [-0.9972536462945039f,0.044162000005838455f,0.05945487959621976f,-1.2376262061283798f,0.05417655551308989f,0.9823473485405393f,0.17904912076888096f,2.380965334795776f,-0.0504981760567028f,0.1817784491375602f,-0.982042020304676f,0.5794655037444019f,0f,0f,0f,1f], start_interpolation: 0, interpolation_duration: 1 }
$data merge entity $(bone_chest1lid3) { transformation: [-0.9972536462945039f,0.044162000005838455f,0.05945487959621976f,-1.130309258492733f,0.05417655551308989f,0.9823473485405393f,0.17904912076888096f,2.6457744162782317f,-0.0504981760567028f,0.1817784491375602f,-0.982042020304676f,-0.018096146831993495f,0f,0f,0f,1f], start_interpolation: 0, interpolation_duration: 1 }
$data merge entity $(bone_chest3) { transformation: [-0.9972536462945039f,0.044162000005838455f,0.05945487959621976f,-1.1372095709936452f,0.05417655551308989f,0.9823473485405393f,0.17904912076888096f,2.4922826430687723f,-0.0504981760567028f,0.1817784491375602f,-0.982042020304676f,-0.04649902950973728f,0f,0f,0f,1f], start_interpolation: 0, interpolation_duration: 1 }
$data merge entity $(bone_hugeasssword2) { transformation: [-0.23286494508519495f,2.996594381599386f,-2.5112693617561703f,-1.9984639701127263f,-0.7012757230114502f,2.4429076517910917f,2.9800490504206607f,4.5114120121352785f,3.846331246193315f,0.626819028719861f,0.3912948090244143f,0.25358238814407763f,0f,0f,0f,1f], start_interpolation: 0, interpolation_duration: 1 }
$data merge entity $(bone_belt) { transformation: [-0.9972536462945039f,0.044162000005838455f,0.05945487959621976f,-0.8302214140786612f,0.05417655551308989f,0.9823473485405393f,0.17904912076888096f,2.8409382431566623f,-0.0504981760567028f,0.1817784491375602f,-0.982042020304676f,0.4228154580829018f,0f,0f,0f,1f], start_interpolation: 0, interpolation_duration: 1 }
$data merge entity $(bone_torn_part) { transformation: [-0.9948663430139643f,0.09578745684731933f,0.0326454077742058f,-0.9741942485467537f,0.10116834148204625f,0.9336467128183094f,0.343611382706303f,2.5679449537731f,0.0024343828362271987f,0.34515008149251286f,-0.9385443489925868f,0.38141478353269215f,0f,0f,0f,1f], start_interpolation: 0, interpolation_duration: 1 }
$data merge entity $(bone_lowerbody) { transformation: [-0.9948663430139643f,0.10117078470923833f,0.0023306349645938022f,-0.9267668750000001f,0.10116834148204625f,0.9937606315806511f,0.04695501892447118f,2.0662275f,0.0024343828362271987f,0.04694975443750815f,-0.9988942858673606f,0.49872187499999987f,0f,0f,0f,1f], start_interpolation: 0, interpolation_duration: 1 }
$data merge entity $(bone_leftfoot) { transformation: [-0.9253174924868353f,0.23990664769360023f,-0.2936534326213368f,-0.7761032097819511f,0.06156122195188516f,0.8591852831211119f,0.5079476992957885f,0.31626776046118843f,0.3741627373879793f,0.451935227284301f,-0.8097881181456177f,0.30592732227438457f,0f,0f,0f,1f], start_interpolation: 0, interpolation_duration: 1 }
$data merge entity $(bone_leftlowerleg) { transformation: [-0.9253174924868353f,0.23990664769360023f,-0.2936534326213368f,-0.4648382073083627f,0.06156122195188516f,0.8591852831211119f,0.5079476992957885f,1.1913824921980585f,0.3741627373879793f,0.451935227284301f,-0.8097881181456177f,0.9317133665729633f,0f,0f,0f,1f], start_interpolation: 0, interpolation_duration: 1 }
$data merge entity $(bone_leftleg) { transformation: [-0.9467959688892544f,-0.1957627241277884f,-0.2554493083512367f,-0.6972772924858284f,-0.0017757392192184682f,0.7968945179880501f,-0.6041158613633797f,2.020680802413563f,0.3218295201582402f,-0.5715208509255463f,-0.7548441408079262f,0.3496260048159076f,0f,0f,0f,1f], start_interpolation: 0, interpolation_duration: 1 }
$data merge entity $(bone_rightfoot) { transformation: [-0.9479871264127291f,0.22665221775035355f,0.22349313265642662f,-1.5473933679732736f,0.2892311030605997f,0.9065324926456353f,0.3074804201897092f,0.2071162840807077f,-0.13291266748540392f,0.35612864524850807f,-0.9249360036539702f,0.27311193530013633f,0f,0f,0f,1f], start_interpolation: 0, interpolation_duration: 1 }
$data merge entity $(bone_rightlowerleg) { transformation: [-0.9479871264127291f,0.22665221775035355f,0.22349313265642662f,-1.33028980595668f,0.2892311030605997f,0.9065324926456353f,0.3074804201897092f,1.1655577467741487f,-0.13291266748540392f,0.35612864524850807f,-0.9249360036539702f,0.8103045214891165f,0f,0f,0f,1f], start_interpolation: 0, interpolation_duration: 1 }
$data merge entity $(bone_rightleg) { transformation: [-0.9872084478604011f,0.1151111679956648f,-0.1103127348755883f,-1.1847448649910857f,0.15289520843134935f,0.8796535251286267f,-0.4503695493342268f,2.085139666129844f,0.04519442124634683f,-0.46147491235326565f,-0.8860013372206352f,0.336264288774706f,0f,0f,0f,1f], start_interpolation: 0, interpolation_duration: 1 }
data modify entity @s data merge value {"locators":{"lefthand":{"posx":-0.40606977722350024,"posy":2.3273845509308355,"posz":1.0560394920966807,"roty":104.06679118634833,"rotx":-75.19905538119203},"righthand":{"posx":-1.2416410187105846,"posy":2.3576099361790908,"posz":0.7021622350080893,"roty":266.8494980851264,"rotx":-61.32071529717779},"chest":{"posx":-1.273940020011445,"posy":2.4467769909610984,"posz":0.7483732310218818,"roty":3.464577599731342,"rotx":10.314378686560747},"sack":{"posx":0,"posy":-0.4375,"posz":0,"roty":0,"rotx":0}},"cameras":{}}