# This file was generated by Animated Java via MC-Build. It is not recommended to edit this file directly.
$data merge entity $(bone_nose) { transformation: [-0.9889057366037537f,-0.09798271144496862f,-0.11164601367751366f,2.527296942150215f,-0.11912161632726895f,0.9721206559849735f,0.2019689845766513f,4.1182805651860015f,0.08874392731768459f,0.2130277410696473f,-0.9730075523339975f,0.25669960902506267f,0f,0f,0f,1f], start_interpolation: 0, interpolation_duration: 1 }
$data merge entity $(bone_glowing_eye) { transformation: [-0.9889057366037537f,-0.09798271144496862f,-0.11164601367751366f,2.400945456826426f,-0.11912161632726895f,0.9721206559849735f,0.2019689845766513f,4.162162996088187f,0.08874392731768459f,0.2130277410696473f,-0.9730075523339975f,0.31617001552899965f,0f,0f,0f,1f], start_interpolation: 0, interpolation_duration: 1 }
$data merge entity $(bone_head) { transformation: [-0.9889057366037537f,-0.09798271144496862f,-0.11164601367751366f,2.5184892668722836f,-0.11912161632726895f,0.9721206559849735f,0.2019689845766513f,4.036065846668928f,0.08874392731768459f,0.2130277410696473f,-0.9730075523339975f,0.048195080057170825f,0f,0f,0f,1f], start_interpolation: 0, interpolation_duration: 1 }
$data merge entity $(bone_leftthumb2) { transformation: [-0.2956106360510586f,0.8976633615743419f,0.3268253985548565f,2.9727088997489113f,-0.15721127892325104f,0.2917386861935842f,-0.9434898795203672f,2.9322947488499103f,-0.9422839092507121f,-0.3302862822841627f,0.054881746529261644f,0.6149231293097831f,0f,0f,0f,1f], start_interpolation: 0, interpolation_duration: 1 }
$data merge entity $(bone_leftthumb) { transformation: [-0.2956106360510586f,0.8976633615743419f,0.3268253985548565f,3.2207837881968087f,-0.15721127892325104f,0.2917386861935842f,-0.9434898795203672f,2.9232131872196288f,-0.9422839092507121f,-0.3302862822841627f,0.054881746529261644f,0.5386129525807337f,0f,0f,0f,1f], start_interpolation: 0, interpolation_duration: 1 }
$data merge entity $(bone_leftpointerfinger) { transformation: [-0.2956106360510586f,0.8976633615743419f,0.3268253985548565f,2.9738903515555712f,-0.15721127892325104f,0.2917386861935842f,-0.9434898795203672f,2.8004553263420724f,-0.9422839092507121f,-0.3302862822841627f,0.054881746529261644f,0.7526230233980804f,0f,0f,0f,1f], start_interpolation: 0, interpolation_duration: 1 }
$data merge entity $(bone_leftmidfinger) { transformation: [-0.2956106360510586f,0.8976633615743419f,0.3268253985548565f,3.0249568200797676f,-0.15721127892325104f,0.2917386861935842f,-0.9434898795203672f,2.653035032667015f,-0.9422839092507121f,-0.3302862822841627f,0.054881746529261644f,0.7611982962932775f,0f,0f,0f,1f], start_interpolation: 0, interpolation_duration: 1 }
$data merge entity $(bone_leftringfinger) { transformation: [-0.2956106360510586f,0.8976633615743419f,0.3268253985548565f,3.076023288603964f,-0.15721127892325104f,0.2917386861935842f,-0.9434898795203672f,2.5056147389919574f,-0.9422839092507121f,-0.3302862822841627f,0.054881746529261644f,0.7697735691884746f,0f,0f,0f,1f], start_interpolation: 0, interpolation_duration: 1 }
$data merge entity $(bone_invisibility) { transformation: [0.9227321918314205f,-0.24734521222669809f,0.29561063605105864f,3.006431993763352f,0.20839797118980394f,0.9653263175648373f,0.15721127892325082f,2.8323711890813974f,-0.32424618388187015f,-0.08345925116630436f,0.9422839092507119f,0.538104673709702f,0f,0f,0f,1f], start_interpolation: 0, interpolation_duration: 1 }
$data merge entity $(bone_swiftness) { transformation: [0.32682539855485643f,0.8976633615743419f,0.29561063605105864f,2.9307566630572186f,-0.9434898795203672f,0.2917386861935842f,0.15721127892325082f,2.607772440778818f,0.054881746529261435f,-0.3302862822841627f,0.9422839092507121f,0.5440442467552343f,0f,0f,0f,1f], start_interpolation: 0, interpolation_duration: 1 }
$data merge entity $(bone_suspicious_stew) { transformation: [0.9516816765622869f,0.0831645257852382f,0.29561063605105875f,3.0256337859185907f,-0.13433100977575269f,0.9783863212412275f,0.1572112789232511f,2.641791585756004f,-0.27614700126603153f,-0.18932476874137216f,0.9422839092507124f,0.5638771706660087f,0f,0f,0f,1f], start_interpolation: 0, interpolation_duration: 1 }
$data merge entity $(bone_log) { transformation: [-0.2956106360510586f,0.8976633615743419f,0.3268253985548565f,3.1254481495428554f,-0.15721127892325104f,0.2917386861935842f,-0.9434898795203672f,2.61929427602863f,-0.9422839092507121f,-0.3302862822841627f,0.054881746529261644f,0.43682485075679334f,0f,0f,0f,1f], start_interpolation: 0, interpolation_duration: 1 }
$data merge entity $(bone_planks) { transformation: [-0.2956106360510586f,0.8976633615743419f,0.3268253985548565f,3.0977346524130684f,-0.15721127892325104f,0.2917386861935842f,-0.9434898795203672f,2.6045557186295754f,-0.9422839092507121f,-0.3302862822841627f,0.054881746529261644f,0.34848573426453905f,0f,0f,0f,1f], start_interpolation: 0, interpolation_duration: 1 }
$data merge entity $(bone_lefthand1) { transformation: [-0.2956106360510586f,0.8976633615743419f,0.3268253985548565f,3.413553355244366f,-0.15721127892325104f,0.2917386861935842f,-0.9434898795203672f,2.7610158260428506f,-0.9422839092507121f,-0.3302862822841627f,0.054881746529261644f,0.5881092029193913f,0f,0f,0f,1f], start_interpolation: 0, interpolation_duration: 1 }
$data merge entity $(bone_leftforearm) { transformation: [-0.6774689954979705f,0.40580368301218467f,0.6134811578139274f,3.654840568964589f,-0.16196420656230578f,0.7312721597186495f,-0.6625772590521536f,3.2854698566364196f,-0.7174979832247709f,-0.5482375390961186f,-0.4296885439410949f,0.14817100456678506f,0f,0f,0f,1f], start_interpolation: 0, interpolation_duration: 1 }
$data merge entity $(bone_leftelbow) { transformation: [-0.6774689954979705f,0.40580368301218467f,0.6134811578139274f,3.7309287595293736f,-0.16196420656230578f,0.7312721597186495f,-0.6625772590521536f,3.4225833865836663f,-0.7174979832247709f,-0.5482375390961186f,-0.4296885439410949f,0.04537646598626284f,0f,0f,0f,1f], start_interpolation: 0, interpolation_duration: 1 }
$data merge entity $(bone_leftarm) { transformation: [-0.6377516395322794f,-0.6050510816209644f,0.4766403622262704f,3.2887303358015156f,-0.26622883556711563f,0.753837340782182f,0.6007091398963612f,3.612939683111366f,-0.7227690180040004f,0.25620783023114163f,-0.6418430449430635f,0.05153511440067714f,0f,0f,0f,1f], start_interpolation: 0, interpolation_duration: 1 }
$data merge entity $(bone_rightthumb2) { transformation: [-0.18067973919736818f,-0.9311242605316714f,-0.31680032085356047f,2.46182253031415f,0.0703480953345978f,0.3090420754774147f,-0.948443008866324f,2.7285389241460005f,0.9810229239555849f,-0.19365073465897226f,0.0096651766499663f,0.40970814076625967f,0f,0f,0f,1f], start_interpolation: 0, interpolation_duration: 1 }
$data merge entity $(bone_rightthumb) { transformation: [-0.18067973919736818f,-0.9311242605316714f,-0.31680032085356047f,2.2063983254313686f,0.0703480953345978f,0.3090420754774147f,-0.948443008866324f,2.7232776069110765f,0.9810229239555849f,-0.19365073465897226f,0.0096651766499663f,0.36304271230522117f,0f,0f,0f,1f], start_interpolation: 0, interpolation_duration: 1 }
$data merge entity $(bone_rightpointerfinger) { transformation: [-0.18067973919736818f,-0.9311242605316714f,-0.31680032085356047f,2.4773116119036005f,0.0703480953345978f,0.3090420754774147f,-0.948443008866324f,2.5851092327816625f,0.9810229239555849f,-0.19365073465897226f,0.0096651766499663f,0.5343367970783056f,0f,0f,0f,1f], start_interpolation: 0, interpolation_duration: 1 }
$data merge entity $(bone_rightmidfinger) { transformation: [-0.18067973919736818f,-0.9311242605316714f,-0.31680032085356047f,2.427811561770232f,0.0703480953345978f,0.3090420754774147f,-0.948443008866324f,2.4369150126462995f,0.9810229239555849f,-0.19365073465897226f,0.0096651766499663f,0.5358469809298628f,0f,0f,0f,1f], start_interpolation: 0, interpolation_duration: 1 }
$data merge entity $(bone_rightringfinger) { transformation: [-0.18067973919736818f,-0.9311242605316714f,-0.31680032085356047f,2.3783115116368627f,0.0703480953345978f,0.3090420754774147f,-0.948443008866324f,2.2887207925109365f,0.9810229239555849f,-0.19365073465897226f,0.0096651766499663f,0.5373571647814201f,0f,0f,0f,1f], start_interpolation: 0, interpolation_duration: 1 }
$data merge entity $(bone_hugeasssword) { transformation: [-0.7076623118563588f,-3.6469033537490465f,-1.2408012566764453f,2.291620007087374f,0.275530040060508f,1.2104147956198743f,-3.7147351180597696f,2.4958223934179333f,3.8423397854927077f,-0.7584653774143081f,0.03785527521236801f,0.23577644289140123f,0f,0f,0f,1f], start_interpolation: 0, interpolation_duration: 1 }
$data merge entity $(bone_ice) { transformation: [-0.18067973919736818f,-0.9311242605316714f,-0.31680032085356047f,2.30899194458314f,0.0703480953345978f,0.3090420754774147f,-0.948443008866324f,2.4898944219989954f,0.9810229239555849f,-0.19365073465897226f,0.0096651766499663f,0.22347375243364168f,0f,0f,0f,1f], start_interpolation: 0, interpolation_duration: 1 }
$data merge entity $(bone_righthand1) { transformation: [-0.18067973919736818f,-0.9311242605316714f,-0.31680032085356047f,2.0211409346242064f,0.0703480953345978f,0.3090420754774147f,-0.948443008866324f,2.555103120674926f,0.9810229239555849f,-0.19365073465897226f,0.0096651766499663f,0.4206188365281063f,0f,0f,0f,1f], start_interpolation: 0, interpolation_duration: 1 }
$data merge entity $(bone_rightforearm) { transformation: [-0.5795376770410163f,-0.6171693699432004f,-0.5322011365018073f,1.6196638241893886f,-0.03373115246240937f,0.6706576375503094f,-0.7409996913285425f,3.033916202745696f,0.8142470695332346f,-0.41148548212464386f,-0.4094892034684056f,0.08546370154897756f,0f,0f,0f,1f], start_interpolation: 0, interpolation_duration: 1 }
$data merge entity $(bone_rightelbow) { transformation: [-0.5795376770410163f,-0.6171693699432004f,-0.5322011365018073f,1.5039445673250385f,-0.03373115246240937f,0.6706576375503094f,-0.7409996913285425f,3.1596645097863787f,0.8142470695332346f,-0.41148548212464386f,-0.4094892034684056f,0.00831017365060683f,0f,0f,0f,1f], start_interpolation: 0, interpolation_duration: 1 }
$data merge entity $(bone_rightarm) { transformation: [-0.565243343584274f,0.5793726744340284f,-0.5872199474241585f,1.9005786585795397f,0.05483809361240355f,0.7366630361377539f,0.6740329032601179f,3.3688726644699196f,0.8230994751684801f,0.3487905894766479f,-0.4481655705985289f,-0.005288967404101189f,0f,0f,0f,1f], start_interpolation: 0, interpolation_duration: 1 }
$data merge entity $(bone_chest1) { transformation: [-1.0671481881033071f,-0.18593924439843254f,0.01524641372519052f,2.6169232111751426f,-0.18315370419230392f,1.0609896148507931f,0.11986187438261872f,3.4045842845980445f,-0.03550459659787357f,0.11549348761907147f,-1.076574098262222f,-0.11678166145132526f,0f,0f,0f,1f], start_interpolation: 0, interpolation_duration: 1 }
$data merge entity $(bone_chest1lid) { transformation: [-0.9850598659415143f,-0.17163622559855313f,0.014073612669406635f,2.3923946932577183f,-0.16906495771597285f,0.9793750290930399f,0.11064173019934037f,2.634211460178303f,-0.03277347378265253f,0.10660937318683521f,-0.9937607060882051f,0.18804430274448009f,0f,0f,0f,1f], start_interpolation: 0, interpolation_duration: 1 }
$data merge entity $(bone_chest2) { transformation: [-0.9850598659415143f,-0.17163622559855313f,0.014073612669406635f,2.419212853507492f,-0.16906495771597285f,0.9793750290930399f,0.11064173019934037f,2.4811841118825155f,-0.03277347378265253f,0.10660937318683521f,-0.9937607060882051f,0.1713865881840371f,0f,0f,0f,1f], start_interpolation: 0, interpolation_duration: 1 }
$data merge entity $(bone_chest1lid3) { transformation: [-0.9850598659415143f,-0.17163622559855313f,0.014073612669406635f,2.4629768429954013f,-0.16906495771597285f,0.9793750290930399f,0.11064173019934037f,2.715657878444504f,-0.03277347378265253f,0.10660937318683521f,-0.9937607060882051f,-0.4465353074818605f,0f,0f,0f,1f], start_interpolation: 0, interpolation_duration: 1 }
$data merge entity $(bone_chest3) { transformation: [-0.9850598659415143f,-0.17163622559855313f,0.014073612669406635f,2.489795003245175f,-0.16906495771597285f,0.9793750290930399f,0.11064173019934037f,2.5626305301487164f,-0.03277347378265253f,0.10660937318683521f,-0.9937607060882051f,-0.4631930220423035f,0f,0f,0f,1f], start_interpolation: 0, interpolation_duration: 1 }
$data merge entity $(bone_hugeasssword2) { transformation: [-0.05512164962184356f,2.390367364987494f,-3.1021578363976725f,1.2078572675205226f,-0.4333467766140831f,3.0796904356276267f,2.3807551679414f,4.361969327546124f,3.892229432178804f,0.37673393646477643f,0.2211320107415542f,-0.296739003900352f,0f,0f,0f,1f], start_interpolation: 0, interpolation_duration: 1 }
$data merge entity $(bone_belt) { transformation: [-0.9850598659415143f,-0.17163622559855313f,0.014073612669406635f,2.7149990340166315f,-0.16906495771597285f,0.9793750290930399f,0.11064173019934037f,3.00540148943644f,-0.03277347378265253f,0.10660937318683521f,-0.9937607060882051f,-0.028111918845709932f,0f,0f,0f,1f], start_interpolation: 0, interpolation_duration: 1 }
$data merge entity $(bone_torn_part) { transformation: [-0.9961090895862657f,-0.08449351383643296f,-0.025050504250283344f,2.630437472823098f,-0.0880116235439339f,0.9390987449846592f,0.33218594384681455f,2.7093154235725656f,-0.004542660540015412f,0.33309817364826644f,-0.9428812072299497f,-0.05604130934242216f,0f,0f,0f,1f], start_interpolation: 0, interpolation_duration: 1 }
$data merge entity $(bone_lowerbody) { transformation: [-0.9961090895862657f,-0.08811572828265261f,0.0015165991028242042f,2.7705257373046863f,-0.0880116235439339f,0.9955246313467938f,0.03441892652293433f,2.2269741357421884f,-0.004542660540015412f,0.03415152721399186f,-0.99940634249747f,0.06826827636718846f,0f,0f,0f,1f], start_interpolation: 0, interpolation_duration: 1 }
$data merge entity $(bone_leftfoot) { transformation: [-0.8391919546082831f,-0.24451268497710776f,-0.48576785629147506f,3.6746300196401123f,-0.31063196165111884f,0.948690669524213f,0.05910835777179024f,0.2958961347161564f,0.4463906895551334f,0.20049828039907394f,-0.8720870322596862f,-0.21199823621727404f,0f,0f,0f,1f], start_interpolation: 0, interpolation_duration: 1 }
$data merge entity $(bone_leftlowerleg) { transformation: [-0.8391919546082831f,-0.24451268497710776f,-0.48576785629147506f,3.4780098656284473f,-0.31063196165111884f,0.948690669524213f,0.05910835777179024f,1.33926810564701f,0.4463906895551334f,0.20049828039907394f,-0.8720870322596862f,0.14442190072638328f,0f,0f,0f,1f], start_interpolation: 0, interpolation_duration: 1 }
$data merge entity $(bone_leftleg) { transformation: [-0.8759275973799797f,-0.4349240194377459f,-0.20878683259308137f,3.0005549062968098f,-0.3421868619057641f,0.865156086386503f,-0.36662391865162747f,2.2446180525496895f,0.3400867472972473f,-0.24969189715428272f,-0.9066393774860396f,-0.09110605249944914f,0f,0f,0f,1f], start_interpolation: 0, interpolation_duration: 1 }
$data merge entity $(bone_rightfoot) { transformation: [-0.9678664642801116f,0.25112286925868077f,0.01310770220911972f,2.069361171295864f,0.23073202721504824f,0.8661349252810915f,0.4433655634186673f,0.3413723335878154f,0.09998619374268458f,0.43214302695242657f,-0.8962450364254437f,-0.37390125534004454f,0f,0f,0f,1f], start_interpolation: 0, interpolation_duration: 1 }
$data merge entity $(bone_rightlowerleg) { transformation: [-0.9678664642801116f,0.25112286925868077f,0.01310770220911972f,2.3459366632814787f,0.23073202721504824f,0.8661349252810915f,0.4433655634186673f,1.234119587226588f,0.09998619374268458f,0.43214302695242657f,-0.8962450364254437f,0.2432115439600388f,0f,0f,0f,1f], start_interpolation: 0, interpolation_duration: 1 }
$data merge entity $(bone_rightleg) { transformation: [-0.9696131623392495f,0.11953408145413581f,-0.21345238061309124f,2.5011598641571164f,0.18224304202206168f,0.9350000748522801f,-0.3042405851637411f,2.2082407334890353f,0.1632108729620211f,-0.33389588706233947f,-0.9283726339944691f,-0.09896486066740538f,0f,0f,0f,1f], start_interpolation: 0, interpolation_duration: 1 }
data modify entity @s data merge value {"locators":{"lefthand":{"posx":3.0779250496972272,"posy":2.625982777936317,"posz":0.5501100557629781,"roty":99.53238682429135,"rotx":-70.6461468758923},"righthand":{"posx":2.311552040617531,"posy":2.506480195520816,"posz":0.3183194258983685,"roty":268.2525203563652,"rotx":-71.52156384789097},"chest":{"posx":2.3701398345673605,"posy":2.550429470587717,"posz":0.33563215619087705,"roty":0.8113670643686248,"rotx":6.3523098140057055},"sack":{"posx":0,"posy":-0.4375,"posz":0,"roty":0,"rotx":0}},"cameras":{}}