# This file was generated by Animated Java via MC-Build. It is not recommended to edit this file directly.
$data merge entity $(bone_nose) { transformation: [-0.8521345399254374f,-0.5219774390490778f,-0.037500386529062804f,0.7371763660805902f,-0.5198423034633785f,0.8360404529849657f,0.17550025784192536f,4.129639304282123f,-0.06025533499991209f,0.16904411878695982f,-0.9837649010345858f,0.42936021156497295f,0f,0f,0f,1f], start_interpolation: 0, interpolation_duration: 1 }
$data merge entity $(bone_glowing_eye) { transformation: [-0.8521345399254374f,-0.5219774390490778f,-0.037500386529062804f,0.5966260343252688f,-0.5198423034633785f,0.8360404529849657f,0.17550025784192536f,4.115141556659908f,-0.06025533499991209f,0.16904411878695982f,-0.9837649010345858f,0.4676030460899913f,0f,0f,0f,1f], start_interpolation: 0, interpolation_duration: 1 }
$data merge entity $(bone_head) { transformation: [-0.8521345399254374f,-0.5219774390490778f,-0.037500386529062804f,0.7946063741953735f,-0.5198423034633785f,0.8360404529849657f,0.17550025784192536f,4.059270942556145f,-0.06025533499991209f,0.16904411878695982f,-0.9837649010345858f,0.22427227549679907f,0f,0f,0f,1f], start_interpolation: 0, interpolation_duration: 1 }
$data merge entity $(bone_leftthumb2) { transformation: [-0.30222892268696805f,0.9215757693890403f,0.2436304159305085f,1.3337476650316757f,0.018233948682521872f,0.26112505193047686f,-0.9651327527183753f,2.8341002066677774f,-0.9530609641606971f,-0.2872486876024042f,-0.09572350841762206f,0.69208400954828f,0f,0f,0f,1f], start_interpolation: 0, interpolation_duration: 1 }
$data merge entity $(bone_leftthumb) { transformation: [-0.30222892268696805f,0.9215757693890403f,0.2436304159305085f,1.5805772569254488f,0.018233948682521872f,0.26112505193047686f,-0.9651327527183753f,2.815661335000407f,-0.9530609641606971f,-0.2872486876024042f,-0.09572350841762206f,0.6134581315583484f,0f,0f,0f,1f], start_interpolation: 0, interpolation_duration: 1 }
$data merge entity $(bone_leftpointerfinger) { transformation: [-0.30222892268696805f,0.9215757693890403f,0.2436304159305085f,1.3226616717603f,0.018233948682521872f,0.26112505193047686f,-0.9651327527183753f,2.682744741414895f,-0.9530609641606971f,-0.2872486876024042f,-0.09572350841762206f,0.8074656106758874f,0f,0f,0f,1f], start_interpolation: 0, interpolation_duration: 1 }
$data merge entity $(bone_leftmidfinger) { transformation: [-0.30222892268696805f,0.9215757693890403f,0.2436304159305085f,1.3607289242494418f,0.018233948682521872f,0.26112505193047686f,-0.9651327527183753f,2.5319427488026487f,-0.9530609641606971f,-0.2872486876024042f,-0.09572350841762206f,0.792508812485634f,0f,0f,0f,1f], start_interpolation: 0, interpolation_duration: 1 }
$data merge entity $(bone_leftringfinger) { transformation: [-0.30222892268696805f,0.9215757693890403f,0.2436304159305085f,1.398796176738584f,0.018233948682521872f,0.26112505193047686f,-0.9651327527183753f,2.3811407561904026f,-0.9530609641606971f,-0.2872486876024042f,-0.09572350841762206f,0.7775520142953806f,0f,0f,0f,1f], start_interpolation: 0, interpolation_duration: 1 }
$data merge entity $(bone_invisibility) { transformation: [0.9393026852115272f,-0.16238270796451282f,0.3022289226869681f,1.359177648035591f,0.1760145303588109f,0.9842186790637585f,-0.01823394868252207f,2.7448845578702126f,-0.29449847309787686f,0.0703238788470981f,0.9530609641606969f,0.6003402143272945f,0f,0f,0f,1f], start_interpolation: 0, interpolation_duration: 1 }
$data merge entity $(bone_swiftness) { transformation: [0.24363041593050844f,0.9215757693890403f,0.3022289226869681f,1.2643204134972563f,-0.9651327527183753f,0.26112505193047686f,-0.018233948682522087f,2.529511109247355f,-0.09572350841762227f,-0.2872486876024042f,0.9530609641606971f,0.5716519827929569f,0f,0f,0f,1f], start_interpolation: 0, interpolation_duration: 1 }
$data merge entity $(bone_suspicious_stew) { transformation: [0.9381939590292944f,0.16867060660474611f,0.3022289226869682f,1.36165948683245f,-0.17122305834791535f,0.9850635448565891f,-0.018233948682521848f,2.5516819299262763f,-0.3007902251252936f,-0.03464157996046595f,0.9530609641606973f,0.595856838730353f,0f,0f,0f,1f], start_interpolation: 0, interpolation_duration: 1 }
$data merge entity $(bone_log) { transformation: [-0.30222892268696805f,0.9215757693890403f,0.2436304159305085f,1.4599426722509194f,0.018233948682521872f,0.26112505193047686f,-0.9651327527183753f,2.5407913963228985f,-0.9530609641606971f,-0.2872486876024042f,-0.09572350841762206f,0.46611424793291106f,0f,0f,0f,1f], start_interpolation: 0, interpolation_duration: 1 }
$data merge entity $(bone_planks) { transformation: [-0.30222892268696805f,0.9215757693890403f,0.2436304159305085f,1.4316087107490163f,0.018233948682521872f,0.26112505193047686f,-0.9651327527183753f,2.542500829011885f,-0.9530609641606971f,-0.2872486876024042f,-0.09572350841762206f,0.37676478254284573f,0f,0f,0f,1f], start_interpolation: 0, interpolation_duration: 1 }
$data merge entity $(bone_lefthand1) { transformation: [-0.30222892268696805f,0.9215757693890403f,0.2436304159305085f,1.7582803947720933f,0.018233948682521872f,0.26112505193047686f,-0.9651327527183753f,2.6316745706573363f,-0.9530609641606971f,-0.2872486876024042f,-0.09572350841762206f,0.635558676710535f,0f,0f,0f,1f], start_interpolation: 0, interpolation_duration: 1 }
$data merge entity $(bone_leftforearm) { transformation: [-0.6480511803549275f,0.3580623436162274f,0.6721763352905541f,1.971354351902852f,-0.00520802268370105f,0.8804840737147752f,-0.4740471204789246f,3.275243335797781f,-0.7615789808945037f,-0.3107075055718619f,-0.5687339464468427f,0.3631105060622978f,0f,0f,0f,1f], start_interpolation: 0, interpolation_duration: 1 }
$data merge entity $(bone_leftelbow) { transformation: [-0.6480511803549275f,0.3580623436162274f,0.6721763352905541f,2.0384910413308948f,-0.00520802268370105f,0.8804840737147752f,-0.4740471204789246f,3.4403340996193013f,-0.7615789808945037f,-0.3107075055718619f,-0.5687339464468427f,0.3048528487675737f,0f,0f,0f,1f], start_interpolation: 0, interpolation_duration: 1 }
$data merge entity $(bone_leftarm) { transformation: [-0.6065876183980339f,-0.567510767616892f,0.5567611605033946f,1.617271052769232f,-0.10937979608667989f,0.7532275382493727f,0.6486018315043722f,3.6757880925072497f,-0.7874563615936042f,0.3325354180559956f,-0.5189727105774319f,0.30894884711199055f,0f,0f,0f,1f], start_interpolation: 0, interpolation_duration: 1 }
$data merge entity $(bone_rightthumb2) { transformation: [-0.16576706882098668f,-0.8985468552603254f,-0.4063678478869576f,0.965365287419408f,-0.06986394079340641f,0.4217337099367308f,-0.9040241742784408f,2.807819032322004f,0.9836870989655773f,-0.1214669782483315f,-0.13268558521522114f,0.353272716783924f,0f,0f,0f,1f], start_interpolation: 0, interpolation_duration: 1 }
$data merge entity $(bone_rightthumb) { transformation: [-0.16576706882098668f,-0.8985468552603254f,-0.4063678478869576f,0.7102762299074279f,-0.06986394079340641f,0.4217337099367308f,-0.9040241742784408f,2.833990415807763f,0.9836870989655773f,-0.1214669782483315f,-0.13268558521522114f,0.31214487297232785f,0f,0f,0f,1f], start_interpolation: 0, interpolation_duration: 1 }
$data merge entity $(bone_rightpointerfinger) { transformation: [-0.16576706882098668f,-0.8985468552603254f,-0.4063678478869576f,0.9679326507677257f,-0.06986394079340641f,0.4217337099367308f,-0.9040241742784408f,2.6455915405411923f,0.9836870989655773f,-0.1214669782483315f,-0.13268558521522114f,0.45337236485245813f,0f,0f,0f,1f], start_interpolation: 0, interpolation_duration: 1 }
$data merge entity $(bone_rightmidfinger) { transformation: [-0.16576706882098668f,-0.8985468552603254f,-0.4063678478869576f,0.9044376745353886f,-0.06986394079340641f,0.4217337099367308f,-0.9040241742784408f,2.504337763310186f,0.9836870989655773f,-0.1214669782483315f,-0.13268558521522114f,0.43264024216257985f,0f,0f,0f,1f], start_interpolation: 0, interpolation_duration: 1 }
$data merge entity $(bone_rightringfinger) { transformation: [-0.16576706882098668f,-0.8985468552603254f,-0.4063678478869576f,0.8409426983030515f,-0.06986394079340641f,0.4217337099367308f,-0.9040241742784408f,2.3630839860791797f,0.9836870989655773f,-0.1214669782483315f,-0.13268558521522114f,0.4119081194727015f,0f,0f,0f,1f], start_interpolation: 0, interpolation_duration: 1 }
$data merge entity $(bone_hugeasssword) { transformation: [-0.6492543528821979f,-3.5193085164362747f,-1.5916074042239174f,0.7723017198394433f,-0.27363376810750845f,1.6517903639188625f,-3.540761349257227f,2.6226854101374335f,3.8527744709485114f,-0.4757456648059651f,-0.5196852087596162f,0.14874858881214387f,0f,0f,0f,1f], start_interpolation: 0, interpolation_duration: 1 }
$data merge entity $(bone_ice) { transformation: [-0.16576706882098668f,-0.8985468552603254f,-0.4063678478869576f,0.7889316249032138f,-0.06986394079340641f,0.4217337099367308f,-0.9040241742784408f,2.617187444994569f,0.9836870989655773f,-0.1214669782483315f,-0.13268558521522114f,0.13527639942593692f,0f,0f,0f,1f], start_interpolation: 0, interpolation_duration: 1 }
$data merge entity $(bone_righthand1) { transformation: [-0.16576706882098668f,-0.8985468552603254f,-0.4063678478869576f,0.5101541486364183f,-0.06986394079340641f,0.4217337099367308f,-0.9040241742784408f,2.676904131834199f,0.9836870989655773f,-0.1214669782483315f,-0.13268558521522114f,0.3466850050672727f,0f,0f,0f,1f], start_interpolation: 0, interpolation_duration: 1 }
$data merge entity $(bone_rightforearm) { transformation: [-0.3738364083912044f,-0.7492866534549385f,-0.5466405132401577f,0.008664854954621382f,-0.048595746746387f,0.6043872812587678f,-0.795207185361649f,3.113685730997513f,0.9262207043460675f,-0.2707129941597438f,-0.2623541149548467f,0.10488871680750961f,0f,0f,0f,1f], start_interpolation: 0, interpolation_duration: 1 }
$data merge entity $(bone_rightelbow) { transformation: [-0.3738364083912044f,-0.7492866534549385f,-0.5466405132401577f,-0.13182639256817957f,-0.048595746746387f,0.6043872812587678f,-0.795207185361649f,3.227008346233532f,0.9262207043460675f,-0.2707129941597438f,-0.2623541149548467f,0.05413003040255765f,0f,0f,0f,1f], start_interpolation: 0, interpolation_duration: 1 }
$data merge entity $(bone_rightarm) { transformation: [-0.35782965331043953f,0.7037662779677653f,-0.6137352566108032f,0.2749923086965911f,0.033187451487891234f,0.6664236687184801f,0.7448342680325203f,3.3929194955923396f,0.9331969418485411f,0.2461554788486323f,-0.2618223595442739f,-0.036005684380486846f,0f,0f,0f,1f], start_interpolation: 0, interpolation_duration: 1 }
$data merge entity $(bone_chest1) { transformation: [-1.0527482063327527f,-0.22423730073298448f,0.12267827083174723f,0.9763847336221221f,-0.19216251315832156f,1.0371925298852327f,0.24681234895778537f,3.461555464762628f,-0.16854048092657253f,0.2180834703075105f,-1.0476854572717824f,0.017006292403930437f,0f,0f,0f,1f], start_interpolation: 0, interpolation_duration: 1 }
$data merge entity $(bone_chest1lid) { transformation: [-0.9717675750763872f,-0.206988277599678f,0.11324148076776669f,0.7417495907171727f,-0.1773807813769122f,0.9574084891248302f,0.22782678365334036f,2.6574996307925063f,-0.15557582854760543f,0.2013078187453943f,-0.9670942682508761f,0.20474754515124793f,0f,0f,0f,1f], start_interpolation: 0, interpolation_duration: 1 }
$data merge entity $(bone_chest2) { transformation: [-0.9717675750763872f,-0.206988277599678f,0.11324148076776669f,0.7740915090921224f,-0.1773807813769122f,0.9574084891248302f,0.22782678365334036f,2.5079045543667515f,-0.15557582854760543f,0.2013078187453943f,-0.9670942682508761f,0.17329319847228006f,0f,0f,0f,1f], start_interpolation: 0, interpolation_duration: 1 }
$data merge entity $(bone_chest1lid3) { transformation: [-0.9717675750763872f,-0.206988277599678f,0.11324148076776669f,0.8750303877762975f,-0.1773807813769122f,0.9574084891248302f,0.22782678365334036f,2.8145374629064843f,-0.15557582854760543f,0.2013078187453943f,-0.9670942682508761f,-0.40507373116274425f,0f,0f,0f,1f], start_interpolation: 0, interpolation_duration: 1 }
$data merge entity $(bone_chest3) { transformation: [-0.9717675750763872f,-0.206988277599678f,0.11324148076776669f,0.9073723061512472f,-0.1773807813769122f,0.9574084891248302f,0.22782678365334036f,2.6649423864807296f,-0.15557582854760543f,0.2013078187453943f,-0.9670942682508761f,-0.4365280778417121f,0f,0f,0f,1f], start_interpolation: 0, interpolation_duration: 1 }
$data merge entity $(bone_hugeasssword2) { transformation: [-0.44352913300708713f,2.2584399122266086f,-3.1690706601168777f,-0.43105082090579394f,-0.8923215693089165f,3.0455789676398575f,2.2953188768869546f,4.414253100975104f,3.787785883982598f,0.9819244841174827f,0.16964722918621628f,-0.19730649987677992f,0f,0f,0f,1f], start_interpolation: 0, interpolation_duration: 1 }
$data merge entity $(bone_belt) { transformation: [-0.9717675750763872f,-0.206988277599678f,0.11324148076776669f,1.0751352820224271f,-0.1773807813769122f,0.9574084891248302f,0.22782678365334036f,3.056049130443879f,-0.15557582854760543f,0.2013078187453943f,-0.9670942682508761f,0.06839730573138195f,0f,0f,0f,1f], start_interpolation: 0, interpolation_duration: 1 }
$data merge entity $(bone_torn_part) { transformation: [-0.99927196151916f,0.010810020859565537f,0.03658811788909412f,0.980826025332718f,0.025665103095375348f,0.9000512122157049f,0.43502772080885127f,2.7751291660858524f,-0.028228521122337348f,0.43565004170555965f,-0.899673380598309f,0.00533261851262809f,0f,0f,0f,1f], start_interpolation: 0, interpolation_duration: 1 }
$data merge entity $(bone_lowerbody) { transformation: [-0.99927196151916f,0.021311959373906213f,0.031644072261569976f,1.063555f,0.025665103095375348f,0.9892094562239547f,0.14424269201665493f,2.2693262499999998f,-0.028228521122337348f,0.14494982616323757f,-0.9890362473087085f,0.07639625000000014f,0f,0f,0f,1f], start_interpolation: 0, interpolation_duration: 1 }
$data merge entity $(bone_leftfoot) { transformation: [-0.8980500361275182f,0.1095551224808721f,-0.42603263695351373f,1.289268472659573f,0.06023665150978638f,0.9899943392284187f,0.12760389535815525f,0.22556247178528377f,0.4357495592955337f,0.08893190335243928f,-0.8956636858441123f,0.06851943911457489f,0f,0f,0f,1f], start_interpolation: 0, interpolation_duration: 1 }
$data merge entity $(bone_leftlowerleg) { transformation: [-0.8980500361275182f,0.1095551224808721f,-0.42603263695351373f,1.476264237436911f,0.06023665150978638f,0.9899943392284187f,0.12760389535815525f,1.3042316616120724f,0.4357495592955337f,0.08893190335243928f,-0.8956636858441123f,0.3047930761975095f,0f,0f,0f,1f], start_interpolation: 0, interpolation_duration: 1 }
$data merge entity $(bone_leftleg) { transformation: [-0.9355454281675916f,-0.15665419658290133f,-0.31656628773083767f,1.290409643669402f,-0.012755495605331325f,0.9106643687060918f,-0.4129500029071286f,2.265751543587351f,0.3529759895043573f,-0.3822955273896109f,-0.8539660886541801f,-0.06980606597029357f,0f,0f,0f,1f], start_interpolation: 0, interpolation_duration: 1 }
$data merge entity $(bone_rightfoot) { transformation: [-0.9873030797006614f,0.01095727124542617f,0.1584694513792597f,0.6569543082202219f,0.08924486060979357f,0.8635473693705056f,0.496307662350702f,0.4650935218905914f,-0.13140770018658682f,0.5041486676171367f,-0.8535608573918664f,-0.35468059463599266f,0f,0f,0f,1f], start_interpolation: 0, interpolation_duration: 1 }
$data merge entity $(bone_rightlowerleg) { transformation: [-0.9873030797006614f,0.01095727124542617f,0.1584694513792597f,0.6447618931075432f,0.08924486060979357f,0.8635473693705056f,0.496307662350702f,1.3468358838118335f,-0.13140770018658682f,0.5041486676171367f,-0.8535608573918664f,0.3357552249112775f,0f,0f,0f,1f], start_interpolation: 0, interpolation_duration: 1 }
$data merge entity $(bone_rightleg) { transformation: [-0.9844627887643758f,0.14003133719553854f,0.10594452388631245f,0.8208310647778575f,0.08038910443902272f,0.8958313987099118f,-0.4370625778683585f,2.279921413233481f,-0.15611088823576635f,-0.421755058877392f,-0.8931696708271993f,-0.09146842000225766f,0f,0f,0f,1f], start_interpolation: 0, interpolation_duration: 1 }
data modify entity @s data merge value {"locators":{"lefthand":{"posx":1.4124718015203899,"posy":2.533761768213068,"posz":0.5794006968609396,"roty":68.54990871466097,"rotx":-74.82542649376103},"righthand":{"posx":0.7937802544379224,"posy":2.618173489050527,"posz":0.23146819875807778,"roty":288.08268640384796,"rotx":-64.69217475512585},"chest":{"posx":0.706624639976052,"posy":2.5565205158583413,"posz":0.33841254125174747,"roty":6.678611292219358,"rotx":13.169159101484727},"sack":{"posx":0,"posy":-0.4375,"posz":0,"roty":0,"rotx":0}},"cameras":{}}