# This file was generated by Animated Java via MC-Build. It is not recommended to edit this file directly.
$data merge entity $(bone_nose) { transformation: [-0.9592834478817736f,-0.21032367070427768f,-0.18851848758552886f,0.5388862095841913f,-0.24336479073493905f,0.9542451493328281f,0.17375204633415992f,4.129629377971665f,0.14334868416067165f,0.21255622436486604f,-0.9665769530840039f,0.3618009615496845f,0f,0f,0f,1f], start_interpolation: 0, interpolation_duration: 1 }
$data merge entity $(bone_glowing_eye) { transformation: [-0.9592834478817736f,-0.21032367070427768f,-0.18851848758552886f,0.4113136276608173f,-0.24336479073493905f,0.9542451493328281f,0.17375204633415992f,4.157755742729609f,0.14334868416067165f,0.21255622436486604f,-0.9665769530840039f,0.4278406373670549f,0f,0f,0f,1f], start_interpolation: 0, interpolation_duration: 1 }
$data merge entity $(bone_head) { transformation: [-0.9592834478817736f,-0.21032367070427768f,-0.18851848758552886f,0.5295552897884563f,-0.24336479073493905f,0.9542451493328281f,0.17375204633415992f,4.0443381083844425f,0.14334868416067165f,0.21255622436486604f,-0.9665769530840039f,0.15455881585356687f,0f,0f,0f,1f], start_interpolation: 0, interpolation_duration: 1 }
$data merge entity $(bone_leftthumb2) { transformation: [-0.24731030113581057f,0.9434999689375694f,0.2205570755313016f,0.9447458973798382f,-0.062093231082125416f,0.21172759457543788f,-0.9753542209623545f,2.8664052283883277f,-0.9669446962499437f,-0.25491024755804687f,0.0062225464240063255f,0.6624826844938538f,0f,0f,0f,1f], start_interpolation: 0, interpolation_duration: 1 }
$data merge entity $(bone_leftthumb) { transformation: [-0.24731030113581057f,0.9434999689375694f,0.2205570755313016f,1.1949804447942263f,-0.062093231082125416f,0.21172759457543788f,-0.9753542209623545f,2.8349784996631042f,-0.9669446962499437f,-0.25491024755804687f,0.0062225464240063255f,0.6004996213681291f,0f,0f,0f,1f], start_interpolation: 0, interpolation_duration: 1 }
$data merge entity $(bone_leftpointerfinger) { transformation: [-0.24731030113581057f,0.9434999689375694f,0.2205570755313016f,0.9227826945888453f,-0.062093231082125416f,0.21172759457543788f,-0.9753542209623545f,2.726577100735036f,-0.9669446962499437f,-0.25491024755804687f,0.0062225464240063255f,0.790193304364076f,0f,0f,0f,1f], start_interpolation: 0, interpolation_duration: 1 }
$data merge entity $(bone_leftmidfinger) { transformation: [-0.24731030113581057f,0.9434999689375694f,0.2205570755313016f,0.9572447376406112f,-0.062093231082125416f,0.21172759457543788f,-0.9753542209623545f,2.574178003709668f,-0.9669446962499437f,-0.25491024755804687f,0.0062225464240063255f,0.791165577242827f,0f,0f,0f,1f], start_interpolation: 0, interpolation_duration: 1 }
$data merge entity $(bone_leftringfinger) { transformation: [-0.24731030113581057f,0.9434999689375694f,0.2205570755313016f,0.991706780692377f,-0.062093231082125416f,0.21172759457543788f,-0.9753542209623545f,2.4217789066843003f,-0.9669446962499437f,-0.25491024755804687f,0.0062225464240063255f,0.792137850121578f,0f,0f,0f,1f], start_interpolation: 0, interpolation_duration: 1 }
$data merge entity $(bone_invisibility) { transformation: [0.9591324824415149f,-0.1374863486957569f,0.24731030113581062f,0.9727149136180744f,0.12591418558573236f,0.9900959794494996f,0.0620932310821252f,2.7685721449688994f,-0.2533979064512147f,-0.02841575971613581f,0.9669446962499435f,0.5808159109148f,0f,0f,0f,1f], start_interpolation: 0, interpolation_duration: 1 }
$data merge entity $(bone_swiftness) { transformation: [0.22055707553130155f,0.9434999689375694f,0.24731030113581062f,0.8734228545962266f,-0.9753542209623545f,0.21172759457543788f,0.0620932310821252f,2.553787729813681f,0.00622254642400611f,-0.25491024755804687f,0.9669446962499437f,0.5661402860162154f,0f,0f,0f,1f], start_interpolation: 0, interpolation_duration: 1 }
$data merge entity $(bone_suspicious_stew) { transformation: [0.9483128167926074f,0.1988477217847502f,0.24731030113581073f,0.9698428042362448f,-0.2203121377503063f,0.9734510735592583f,0.06209323108212545f,2.575768497542734f,-0.2283973806039837f,-0.113369268002147f,0.966944696249944f,0.5939315562235846f,0f,0f,0f,1f], start_interpolation: 0, interpolation_duration: 1 }
$data merge entity $(bone_log) { transformation: [-0.24731030113581057f,0.9434999689375694f,0.2205570755313016f,1.0749335725374884f,-0.062093231082125416f,0.21172759457543788f,-0.9753542209623545f,2.550693477343104f,-0.9669446962499437f,-0.25491024755804687f,0.0062225464240063255f,0.4717083918690218f,0f,0f,0f,1f], start_interpolation: 0, interpolation_duration: 1 }
$data merge entity $(bone_planks) { transformation: [-0.24731030113581057f,0.9434999689375694f,0.2205570755313016f,1.0517482318060063f,-0.062093231082125416f,0.21172759457543788f,-0.9753542209623545f,2.544872236929155f,-0.9669446962499437f,-0.25491024755804687f,0.0062225464240063255f,0.38105732659558955f,0f,0f,0f,1f], start_interpolation: 0, interpolation_duration: 1 }
$data merge entity $(bone_lefthand1) { transformation: [-0.24731030113581057f,0.9434999689375694f,0.2205570755313016f,1.3657437314454803f,-0.062093231082125416f,0.21172759457543788f,-0.9753542209623545f,2.649628503162569f,-0.9669446962499437f,-0.25491024755804687f,0.0062225464240063255f,0.6495225494662459f,0f,0f,0f,1f], start_interpolation: 0, interpolation_duration: 1 }
$data merge entity $(bone_leftforearm) { transformation: [-0.6112939017752493f,0.4282714378289729f,0.665509835533853f,1.6312473048359832f,-0.07093921027188935f,0.8078858445070493f,-0.5850539211825974f,3.236509202107598f,-0.7882178595403634f,-0.40485063638956564f,-0.46347445249611263f,0.3073154848551942f,0f,0f,0f,1f], start_interpolation: 0, interpolation_duration: 1 }
$data merge entity $(bone_leftelbow) { transformation: [-0.6112939017752493f,0.4282714378289729f,0.665509835533853f,1.7115481994289157f,-0.07093921027188935f,0.8078858445070493f,-0.5850539211825974f,3.38798779795267f,-0.7882178595403634f,-0.40485063638956564f,-0.46347445249611263f,0.23140599053215066f,0f,0f,0f,1f], start_interpolation: 0, interpolation_duration: 1 }
$data merge entity $(bone_leftarm) { transformation: [-0.5731447918559037f,-0.5696715320326965f,0.5890495676596098f,1.292381557276177f,-0.17787918339144304f,0.7881815832518319f,0.5891763640359559f,3.6230213773035778f,-0.7999150227895748f,0.23290370845943215f,-0.553074876396856f,0.19612309969541394f,0f,0f,0f,1f], start_interpolation: 0, interpolation_duration: 1 }
$data merge entity $(bone_rightthumb2) { transformation: [-0.22501438531657098f,-0.8750584613555288f,-0.42853379751275233f,0.4904048160543133f,0.0471178966869647f,0.4295257093922822f,-0.9018245776107758f,2.753852743641065f,0.9732155106719182f,-0.2231151141925436f,-0.055418549299364406f,0.4162785680896035f,0f,0f,0f,1f], start_interpolation: 0, interpolation_duration: 1 }
$data merge entity $(bone_rightthumb) { transformation: [-0.22501438531657098f,-0.8750584613555288f,-0.42853379751275233f,0.23918186434438402f,0.0471178966869647f,0.4295257093922822f,-0.9018245776107758f,2.782123028585529f,0.9732155106719182f,-0.2231151141925436f,-0.055418549299364406f,0.3568253290204882f,0f,0f,0f,1f], start_interpolation: 0, interpolation_duration: 1 }
$data merge entity $(bone_rightpointerfinger) { transformation: [-0.22501438531657098f,-0.8750584613555288f,-0.42853379751275233f,0.48161195182425665f,0.0471178966869647f,0.4295257093922822f,-0.9018245776107758f,2.604065398065818f,0.9732155106719182f,-0.2231151141925436f,-0.055418549299364406f,0.5338826778462499f,0f,0f,0f,1f], start_interpolation: 0, interpolation_duration: 1 }
$data merge entity $(bone_rightmidfinger) { transformation: [-0.22501438531657098f,-0.8750584613555288f,-0.42853379751275233f,0.4146535459628891f,0.0471178966869647f,0.4295257093922822f,-0.9018245776107758f,2.463155307814134f,0.9732155106719182f,-0.2231151141925436f,-0.055418549299364406f,0.5252235295182242f,0f,0f,0f,1f], start_interpolation: 0, interpolation_duration: 1 }
$data merge entity $(bone_rightringfinger) { transformation: [-0.22501438531657098f,-0.8750584613555288f,-0.42853379751275233f,0.3476951401015215f,0.0471178966869647f,0.4295257093922822f,-0.9018245776107758f,2.3222452175624504f,0.9732155106719182f,-0.2231151141925436f,-0.055418549299364406f,0.5165643811901985f,0f,0f,0f,1f], start_interpolation: 0, interpolation_duration: 1 }
$data merge entity $(bone_hugeasssword) { transformation: [-0.881306342489903f,-3.4273123069758213f,-1.6784240402582802f,0.3033725826858983f,0.18454509535727842f,1.6823090284531053f,-3.5321462623088724f,2.5519780352521346f,3.81176075013168f,-0.8738675305874625f,-0.21705598475584395f,0.22225881675843812f,0f,0f,0f,1f], start_interpolation: 0, interpolation_duration: 1 }
$data merge entity $(bone_ice) { transformation: [-0.22501438531657098f,-0.8750584613555288f,-0.42853379751275233f,0.3205612209151498f,0.0471178966869647f,0.4295257093922822f,-0.9018245776107758f,2.5445304789071463f,0.9732155106719182f,-0.2231151141925436f,-0.055418549299364406f,0.21053849806344788f,0f,0f,0f,1f], start_interpolation: 0, interpolation_duration: 1 }
$data merge entity $(bone_righthand1) { transformation: [-0.22501438531657098f,-0.8750584613555288f,-0.42853379751275233f,0.03215132807485138f,0.0471178966869647f,0.4295257093922822f,-0.9018245776107758f,2.6355093623766215f,0.9732155106719182f,-0.2231151141925436f,-0.055418549299364406f,0.3963317675176864f,0f,0f,0f,1f], start_interpolation: 0, interpolation_duration: 1 }
$data merge entity $(bone_rightforearm) { transformation: [-0.5533945199357415f,-0.641748985358174f,-0.5309545602938585f,-0.383929647694189f,-0.0372637397720582f,0.655899645676078f,-0.7539277607968794f,3.107434722175866f,0.8320852834915966f,-0.39743413868683974f,-0.3868852367343054f,0.07022867581194345f,0f,0f,0f,1f], start_interpolation: 0, interpolation_duration: 1 }
$data merge entity $(bone_rightelbow) { transformation: [-0.5533945199357415f,-0.641748985358174f,-0.5309545602938585f,-0.5042575824488467f,-0.0372637397720582f,0.655899645676078f,-0.7539277607968794f,3.2304159057401303f,0.8320852834915966f,-0.39743413868683974f,-0.3868852367343054f,-0.004290225191838991f,0f,0f,0f,1f], start_interpolation: 0, interpolation_duration: 1 }
$data merge entity $(bone_rightarm) { transformation: [-0.5365733227972497f,0.6400383666516783f,-0.549945414087771f,-0.09078517130892871f,0.04686437978941513f,0.6733030968669678f,0.7378798477098452f,3.402628343646884f,0.8425513629264818f,0.37015379096154366f,-0.3912714810301487f,-0.016530200526166633f,0f,0f,0f,1f], start_interpolation: 0, interpolation_duration: 1 }
$data merge entity $(bone_chest1) { transformation: [-1.0617223868984418f,-0.19969495545560342f,0.08048980702779023f,0.6418267737282249f,-0.18399814031934808f,1.0518630688712707f,0.18259211323286942f,3.4270419183037593f,-0.11180951940156013f,0.16527891644552872f,-1.0647969864067492f,-0.04153323568425165f,0f,0f,0f,1f], start_interpolation: 0, interpolation_duration: 1 }
$data merge entity $(bone_chest1lid) { transformation: [-0.9800514340601002f,-0.18433380503594163f,0.07429828341026791f,0.40411934127332355f,-0.16984443721785977f,0.9709505251119422f,0.16854656606111024f,2.6395013964352234f,-0.10320878713990167f,0.15256515364202652f,-0.9828895259139225f,0.203581666721292f,0f,0f,0f,1f], start_interpolation: 0, interpolation_duration: 1 }
$data merge entity $(bone_chest2) { transformation: [-0.9800514340601002f,-0.18433380503594163f,0.07429828341026791f,0.43292149831018945f,-0.16984443721785977f,0.9709505251119422f,0.16854656606111024f,2.4877903768864824f,-0.10320878713990167f,0.15256515364202652f,-0.9828895259139225f,0.17974336146472536f,0f,0f,0f,1f], start_interpolation: 0, interpolation_duration: 1 }
$data merge entity $(bone_chest1lid3) { transformation: [-0.9800514340601002f,-0.18433380503594163f,0.07429828341026791f,0.5129698937117827f,-0.16984443721785977f,0.9709505251119422f,0.16854656606111024f,2.7580918176442384f,-0.10320878713990167f,0.15256515364202652f,-0.9828895259139225f,-0.4196313866210708f,0f,0f,0f,1f], start_interpolation: 0, interpolation_duration: 1 }
$data merge entity $(bone_chest3) { transformation: [-0.9800514340601002f,-0.18433380503594163f,0.07429828341026791f,0.5417720507486485f,-0.16984443721785977f,0.9709505251119422f,0.16854656606111024f,2.6063807980954974f,-0.10320878713990167f,0.15256515364202652f,-0.9828895259139225f,-0.44346969187763746f,0f,0f,0f,1f], start_interpolation: 0, interpolation_duration: 1 }
$data merge entity $(bone_hugeasssword2) { transformation: [-0.2910016100235502f,2.342306090701665f,-3.1255716306306853f,-0.7598461717334823f,-0.6601407170726817f,3.059649557989895f,2.3543654333456363f,4.389032409190814f,3.8496506431628634f,0.7017296755388794f,0.1674609382561542f,-0.25206790867870815f,0f,0f,0f,1f], start_interpolation: 0, interpolation_duration: 1 }
$data merge entity $(bone_belt) { transformation: [-0.9800514340601002f,-0.18433380503594163f,0.07429828341026791f,0.7369164496127314f,-0.16984443721785977f,0.9709505251119422f,0.16854656606111024f,3.0236599337906465f,-0.10320878713990167f,0.15256515364202652f,-0.9828895259139225f,0.029663831272574284f,0f,0f,0f,1f], start_interpolation: 0, interpolation_duration: 1 }
$data merge entity $(bone_torn_part) { transformation: [-0.9979831135821404f,-0.026295847074481588f,0.05777744743004863f,0.6443012262654468f,-0.002591800108861791f,0.9262880916298147f,0.376807183950879f,2.736704395792268f,-0.06342702560496005f,0.3758974590648776f,-0.9244880273380919f,-0.019136923436751108f,0f,0f,0f,1f], start_interpolation: 0, interpolation_duration: 1 }
$data merge entity $(bone_lowerbody) { transformation: [-0.9979831135821404f,-0.00770478156644738f,0.06301064470317605f,0.7366617431640605f,-0.002591800108861791f,0.996724759772484f,0.08082719733282773f,2.238909165039062f,-0.06342702560496005f,0.08050086706053236f,-0.9947344483958572f,0.08763458984375014f,0f,0f,0f,1f], start_interpolation: 0, interpolation_duration: 1 }
$data merge entity $(bone_leftfoot) { transformation: [-0.9050576617524496f,-0.2855653792691711f,-0.3151555854907908f,1.7773626509712044f,-0.274445379282833f,0.9582575136490017f,-0.0801390748981759f,0.31447695702569733f,0.32488515308257865f,0.013962510450775734f,-0.9456504034834552f,0.12759429328379113f,0f,0f,0f,1f], start_interpolation: 0, interpolation_duration: 1 }
$data merge entity $(bone_leftlowerleg) { transformation: [-0.9050576617524496f,-0.2855653792691711f,-0.3151555854907908f,1.5089858352494412f,-0.274445379282833f,0.9582575136490017f,-0.0801390748981759f,1.3898569044797107f,0.32488515308257865f,0.013962510450775734f,-0.9456504034834552f,0.2883790005898381f,0f,0f,0f,1f], start_interpolation: 0, interpolation_duration: 1 }
$data merge entity $(bone_leftleg) { transformation: [-0.8702523099999036f,-0.47805851610592986f,-0.11883169660670657f,0.9816595868384451f,-0.3793890865962016f,0.8043130622281321f,-0.45732310121062647f,2.232386559465131f,0.3142050889332185f,-0.352903036410572f,-0.8813254841320922f,-0.054040823395493695f,0f,0f,0f,1f], start_interpolation: 0, interpolation_duration: 1 }
$data merge entity $(bone_rightfoot) { transformation: [-0.9815316550330225f,0.1223801561974576f,0.1470330151266082f,0.30184596606571973f,0.17559916455177124f,0.8813220712638137f,0.438675666195404f,0.3303592403128738f,-0.07589824488652869f,0.4563929272812489f,-0.8865353644106915f,-0.46274869917479805f,0f,0f,0f,1f], start_interpolation: 0, interpolation_duration: 1 }
$data merge entity $(bone_rightlowerleg) { transformation: [-0.9815316550330225f,0.1223801561974576f,0.1470330151266082f,0.41502047234251205f,0.17559916455177124f,0.8813220712638137f,0.438675666195404f,1.240675316216283f,-0.07589824488652869f,0.4563929272812489f,-0.8865353644106915f,0.179774484677321f,0f,0f,0f,1f], start_interpolation: 0, interpolation_duration: 1 }
$data merge entity $(bone_rightleg) { transformation: [-0.99621395189699f,0.04054601072396304f,-0.07690112522033646f,0.4841230532860522f,0.05985056074758056f,0.9614427340503905f,-0.2684134488432172f,2.247749620816256f,0.06305293350813873f,-0.2719997980809591f,-0.960229367088893f,-0.09435830744247321f,0f,0f,0f,1f], start_interpolation: 0, interpolation_duration: 1 }
data modify entity @s data merge value {"locators":{"lefthand":{"posx":1.0209617738905465,"posy":2.5552134091333842,"posz":0.5821770929450514,"roty":91.61604926144693,"rotx":-77.2530898729808},"righthand":{"posx":0.3198347513365382,"posy":2.5563274515374634,"posz":0.30612954068100123,"roty":277.36866863160174,"rotx":-64.39894598785997},"chest":{"posx":0.3734044899908374,"posy":2.54717394900562,"posz":0.3443975584445938,"roty":4.322863726295708,"rotx":9.703324083990118},"sack":{"posx":0,"posy":-0.4375,"posz":0,"roty":0,"rotx":0}},"cameras":{}}