# This file was generated by Animated Java via MC-Build. It is not recommended to edit this file directly.
$data merge entity $(bone_nose) { transformation: [-0.9578496492836281f,-0.07940658227749071f,-0.27607724291987285f,0.19829103449609103f,-0.11596383463378485f,0.9861352693206115f,0.11869970370221335f,4.130334082132759f,0.2628239685117372f,0.14571144530534702f,-0.9537776136410251f,0.30919047013635903f,0f,0f,0f,1f], start_interpolation: 0, interpolation_duration: 1 }
$data merge entity $(bone_glowing_eye) { transformation: [-0.9578496492836281f,-0.07940658227749071f,-0.27607724291987285f,0.08281724547693614f,-0.11596383463378485f,0.9861352693206115f,0.11869970370221335f,4.1784658725376005f,0.2628239685117372f,0.14571144530534702f,-0.9537776136410251f,0.38519198089200346f,0f,0f,0f,1f], start_interpolation: 0, interpolation_duration: 1 }
$data merge entity $(bone_head) { transformation: [-0.9578496492836281f,-0.07940658227749071f,-0.27607724291987285f,0.15639906700718514f,-0.11596383463378485f,0.9861352693206115f,0.11869970370221335f,4.0307962937665245f,0.2628239685117372f,0.14571144530534702f,-0.9537776136410251f,0.11259884917597127f,0f,0f,0f,1f], start_interpolation: 0, interpolation_duration: 1 }
$data merge entity $(bone_leftthumb2) { transformation: [-0.2649114245535361f,0.9278298372391283f,0.26259042303524394f,0.4425497245818505f,-0.14075382756887783f,0.23219547785325356f,-0.9624310988788807f,2.8324384864103815f,-0.953944598583024f,-0.29191960056377086f,0.06908436611102181f,0.5725787271331216f,0f,0f,0f,1f], start_interpolation: 0, interpolation_duration: 1 }
$data merge entity $(bone_leftthumb) { transformation: [-0.2649114245535361f,0.9278298372391283f,0.26259042303524394f,0.6925333545175018f,-0.14075382756887783f,0.23219547785325356f,-0.9624310988788807f,2.807135730255366f,-0.953944598583024f,-0.29191960056377086f,0.06908436611102181f,0.5068914117087937f,0f,0f,0f,1f], start_interpolation: 0, interpolation_duration: 1 }
$data merge entity $(bone_leftpointerfinger) { transformation: [-0.2649114245535361f,0.9278298372391283f,0.26259042303524394f,0.42937280231373287f,-0.14075382756887783f,0.23219547785325356f,-0.9624310988788807f,2.701227581215166f,-0.953944598583024f,-0.29191960056377086f,0.06908436611102181f,0.7102535507752534f,0f,0f,0f,1f], start_interpolation: 0, interpolation_duration: 1 }
$data merge entity $(bone_leftmidfinger) { transformation: [-0.2649114245535361f,0.9278298372391283f,0.26259042303524394f,0.47040255591298974f,-0.14075382756887783f,0.23219547785325356f,-0.9624310988788807f,2.550847722015341f,-0.953944598583024f,-0.29191960056377086f,0.06908436611102181f,0.7210479829801005f,0f,0f,0f,1f], start_interpolation: 0, interpolation_duration: 1 }
$data merge entity $(bone_leftringfinger) { transformation: [-0.2649114245535361f,0.9278298372391283f,0.26259042303524394f,0.5114323095122466f,-0.14075382756887783f,0.23219547785325356f,-0.9624310988788807f,2.400467862815516f,-0.953944598583024f,-0.29191960056377086f,0.06908436611102181f,0.7318424151849477f,0f,0f,0f,1f], start_interpolation: 0, interpolation_duration: 1 }
$data merge entity $(bone_invisibility) { transformation: [0.9471854279470049f,-0.1807254885893634f,0.26491142455353617f,0.4729773479381231f,0.14743050669205682f,0.979005927316701f,0.14075382756887758f,2.730308590776166f,-0.28478765911003157f,-0.09426394885056408f,0.9539445985830238f,0.49730134578830454f,0f,0f,0f,1f], start_interpolation: 0, interpolation_duration: 1 }
$data merge entity $(bone_swiftness) { transformation: [0.2625904230352439f,0.9278298372391283f,0.26491142455353617f,0.38277182032760015f,-0.9624310988788807f,0.23219547785325356f,0.1407538275688776f,2.511078674540858f,0.0690843661110216f,-0.29191960056377086f,0.953944598583024f,0.5001010887226407f,0f,0f,0f,1f], start_interpolation: 0, interpolation_duration: 1 }
$data merge entity $(bone_suspicious_stew) { transformation: [0.9518749146676793f,0.15413008780706675f,0.2649114245535363f,0.47872102863664723f,-0.19630038836028418f,0.9703888486345628f,0.1407538275688779f,2.538968596712005f,-0.23537269246027587f,-0.18598225312720995f,0.9539445985830243f,0.5239383957105479f,0f,0f,0f,1f], start_interpolation: 0, interpolation_duration: 1 }
$data merge entity $(bone_log) { transformation: [-0.2649114245535361f,0.9278298372391283f,0.26259042303524394f,0.5821732383194214f,-0.14075382756887783f,0.23219547785325356f,-0.9624310988788807f,2.5096834023491317f,-0.953944598583024f,-0.29191960056377086f,0.06908436611102181f,0.40125446918437213f,0f,0f,0f,1f], start_interpolation: 0, interpolation_duration: 1 }
$data merge entity $(bone_planks) { transformation: [-0.2649114245535361f,0.9278298372391283f,0.26259042303524394f,0.5573377922675273f,-0.14075382756887783f,0.23219547785325356f,-0.9624310988788807f,2.4964877310145495f,-0.953944598583024f,-0.29191960056377086f,0.06908436611102181f,0.31182216306721366f,0f,0f,0f,1f], start_interpolation: 0, interpolation_duration: 1 }
$data merge entity $(bone_lefthand1) { transformation: [-0.2649114245535361f,0.9278298372391283f,0.26259042303524394f,0.872152603047736f,-0.14075382756887783f,0.23219547785325356f,-0.9624310988788807f,2.6329967005446293f,-0.953944598583024f,-0.29191960056377086f,0.06908436611102181f,0.564601832248216f,0f,0f,0f,1f], start_interpolation: 0, interpolation_duration: 1 }
$data merge entity $(bone_leftforearm) { transformation: [-0.6146221661878132f,0.5227080298908674f,0.5907756835874407f,1.2016123219805304f,-0.029016554466459444f,0.7334460419033634f,-0.6791280756846859f,3.167841786228749f,-0.7882877852646806f,-0.4345494437965577f,-0.4356250090371388f,0.2000029344161617f,0f,0f,0f,1f], start_interpolation: 0, interpolation_duration: 1 }
$data merge entity $(bone_leftelbow) { transformation: [-0.6146221661878132f,0.5227080298908674f,0.5907756835874407f,1.299620077585068f,-0.029016554466459444f,0.7334460419033634f,-0.6791280756846859f,3.3053629190856295f,-0.7882877852646806f,-0.4345494437965577f,-0.4356250090371388f,0.11852491370430715f,0f,0f,0f,1f], start_interpolation: 0, interpolation_duration: 1 }
$data merge entity $(bone_leftarm) { transformation: [-0.5838321568826533f,-0.5621136844181955f,0.5858056148412628f,0.876030763366683f,-0.13548404751187718f,0.7788855645463397f,0.6123572080176154f,3.533993888341406f,-0.8004899034088739f,0.2781465137856859f,-0.5308958762406439f,0.10532966776330088f,0f,0f,0f,1f], start_interpolation: 0, interpolation_duration: 1 }
$data merge entity $(bone_rightthumb2) { transformation: [-0.20287371629884837f,-0.8998889443245315f,-0.38605976625073757f,0.07242758437135371f,0.08432004467012669f,0.37673940292893937f,-0.9224736052308349f,2.6872758512994777f,0.9755677246106095f,-0.21969822521637714f,-0.0005518467648055747f,0.29489277142102677f,0f,0f,0f,1f], start_interpolation: 0, interpolation_duration: 1 }
$data merge entity $(bone_rightthumb) { transformation: [-0.20287371629884837f,-0.8998889443245315f,-0.38605976625073757f,-0.18125513253152764f,0.08432004467012669f,0.37673940292893937f,-0.9224736052308349f,2.700836076203264f,0.9755677246106095f,-0.21969822521637714f,-0.0005518467648055747f,0.24096626997849602f,0f,0f,0f,1f], start_interpolation: 0, interpolation_duration: 1 }
$data merge entity $(bone_rightpointerfinger) { transformation: [-0.20287371629884837f,-0.8998889443245315f,-0.38605976625073757f,0.07373506306176944f,0.08432004467012669f,0.37673940292893937f,-0.9224736052308349f,2.5432000142578053f,0.9755677246106095f,-0.21969822521637714f,-0.0005518467648055747f,0.41973160218980493f,0f,0f,0f,1f], start_interpolation: 0, interpolation_duration: 1 }
$data merge entity $(bone_rightmidfinger) { transformation: [-0.20287371629884837f,-0.8998889443245315f,-0.38605976625073757f,0.013413224585091699f,0.08432004467012669f,0.37673940292893937f,-0.9224736052308349f,2.3990635134404874f,0.9755677246106095f,-0.21969822521637714f,-0.0005518467648055747f,0.41964537613280406f,0f,0f,0f,1f], start_interpolation: 0, interpolation_duration: 1 }
$data merge entity $(bone_rightringfinger) { transformation: [-0.20287371629884837f,-0.8998889443245315f,-0.38605976625073757f,-0.04690861389158604f,0.08432004467012669f,0.37673940292893937f,-0.9224736052308349f,2.2549270126231695f,0.9755677246106095f,-0.21969822521637714f,-0.0005518467648055747f,0.4195591500758032f,0f,0f,0f,1f], start_interpolation: 0, interpolation_duration: 1 }
$data merge entity $(bone_hugeasssword) { transformation: [-0.7945887221704895f,-3.5245650319377484f,-1.512067417815389f,-0.10945620249127946f,0.33025350829132954f,1.4755626614716792f,-3.613021620487437f,2.467604842876658f,3.8209735880582207f,-0.8604847154308105f,-0.0021613998288218346f,0.11589261989173436f,0f,0f,0f,1f], start_interpolation: 0, interpolation_duration: 1 }
$data merge entity $(bone_ice) { transformation: [-0.20287371629884837f,-0.8998889443245315f,-0.38605976625073757f,-0.09222553591903915f,0.08432004467012669f,0.37673940292893937f,-0.9224736052308349f,2.4604007890079225f,0.9755677246106095f,-0.21969822521637714f,-0.0005518467648055747f,0.10408215896369949f,0f,0f,0f,1f], start_interpolation: 0, interpolation_duration: 1 }
$data merge entity $(bone_righthand1) { transformation: [-0.20287371629884837f,-0.8998889443245315f,-0.38605976625073757f,-0.37998056877021963f,0.08432004467012669f,0.37673940292893937f,-0.9224736052308349f,2.5468383507442254f,0.9755677246106095f,-0.21969822521637714f,-0.0005518467648055747f,0.2930322886008574f,0f,0f,0f,1f], start_interpolation: 0, interpolation_duration: 1 }
$data merge entity $(bone_rightforearm) { transformation: [-0.3544804990399745f,-0.6167010079602793f,-0.702868012205098f,-0.7958331330979894f,-0.10440489751149397f,0.7730831759572506f,-0.6256532749274675f,3.101921102561242f,0.9292164404356958f,-0.1483990223439023f,-0.33842951554406264f,0.12620138681072138f,0f,0f,0f,1f], start_interpolation: 0, interpolation_duration: 1 }
$data merge entity $(bone_rightelbow) { transformation: [-0.3544804990399745f,-0.6167010079602793f,-0.702868012205098f,-0.9114645720905418f,-0.10440489751149397f,0.7730831759572506f,-0.6256532749274675f,3.2468741980532267f,0.9292164404356958f,-0.1483990223439023f,-0.33842951554406264f,0.09837657012123971f,0f,0f,0f,1f], start_interpolation: 0, interpolation_duration: 1 }
$data merge entity $(bone_rightarm) { transformation: [-0.33269888973804096f,0.6546499542598991f,-0.6787819135440972f,-0.5346180385837959f,-0.013983453549912511f,0.7162820515049737f,0.6976707573910803f,3.4722655582993487f,0.9429294309723779f,0.24160600174527508f,-0.2291519760481454f,-0.002490550959117238f,0f,0f,0f,1f], start_interpolation: 0, interpolation_duration: 1 }
$data merge entity $(bone_chest1) { transformation: [-1.079206625096325f,-0.08695805791865953f,0.03691161906941962f,0.19156037576629986f,-0.07755704584430137f,1.0572590214479458f,0.22315774088735552f,3.404166516957551f,-0.053935851705668114f,0.2196651288690543f,-1.059457061976009f,-0.09561324001347712f,0f,0f,0f,1f], start_interpolation: 0, interpolation_duration: 1 }
$data merge entity $(bone_chest1lid) { transformation: [-0.9961907308581462f,-0.08026897654030112f,0.03407226375638735f,-0.10703926748418932f,-0.07159111924089358f,0.9759314044134885f,0.20599176081909742f,2.632115109349231f,-0.04978694003600134f,0.20276781126374244f,-0.9779603649009315f,0.13150146552370032f,0f,0f,0f,1f], start_interpolation: 0, interpolation_duration: 1 }
$data merge entity $(bone_chest2) { transformation: [-0.9961907308581462f,-0.08026897654030112f,0.03407226375638735f,-0.09449723989976727f,-0.07159111924089358f,0.9759314044134885f,0.20599176081909742f,2.4796258274096235f,-0.04978694003600134f,0.20276781126374244f,-0.9779603649009315f,0.09981899501374056f,0f,0f,0f,1f], start_interpolation: 0, interpolation_duration: 1 }
$data merge entity $(bone_chest1lid3) { transformation: [-0.9961907308581462f,-0.08026897654030112f,0.03407226375638735f,-0.022949802836619543f,-0.07159111924089358f,0.9759314044134885f,0.20599176081909742f,2.768553026076521f,-0.04978694003600134f,0.20276781126374244f,-0.9779603649009315f,-0.4918927094887089f,0f,0f,0f,1f], start_interpolation: 0, interpolation_duration: 1 }
$data merge entity $(bone_chest3) { transformation: [-0.9961907308581462f,-0.08026897654030112f,0.03407226375638735f,-0.010407775252197493f,-0.07159111924089358f,0.9759314044134885f,0.20599176081909742f,2.6160637441369134f,-0.04978694003600134f,0.20276781126374244f,-0.9779603649009315f,-0.5235751799986686f,0f,0f,0f,1f], start_interpolation: 0, interpolation_duration: 1 }
$data merge entity $(bone_hugeasssword2) { transformation: [-0.13344969971251802f,2.6642729983645936f,-2.867772366421322f,-1.1199076395607768f,-0.8068010632081315f,2.789106155283173f,2.62873290327213f,4.502909888700212f,3.830344762528649f,0.6803043602128601f,0.45378712566852647f,-0.1807733653945746f,0f,0f,0f,1f], start_interpolation: 0, interpolation_duration: 1 }
$data merge entity $(bone_belt) { transformation: [-0.9961907308581462f,-0.08026897654030112f,0.03407226375638735f,0.25098051655620035f,-0.07159111924089358f,0.9759314044134885f,0.20599176081909742f,2.990751898227291f,-0.04978694003600134f,0.20276781126374244f,-0.9779603649009315f,-0.04676967215204139f,0f,0f,0f,1f], start_interpolation: 0, interpolation_duration: 1 }
$data merge entity $(bone_torn_part) { transformation: [-0.9993644499334311f,-0.014692966993989772f,0.032477883708212994f,0.14106564515575676f,-0.0013725275871605525f,0.9262864321393136f,0.37681767713662684f,2.7053602957276293f,-0.0356203927164365f,0.37653361384547623f,-0.9257178972382422f,-0.09935220316271995f,0f,0f,0f,1f], start_interpolation: 0, interpolation_duration: 1 }
$data merge entity $(bone_lowerbody) { transformation: [-0.9993644499334311f,-0.004246643692267275f,0.03539296860397f,0.23575625f,-0.0013725275871605525f,0.996726332450073f,0.08083770388036078f,2.20744375f,-0.0356203927164365f,0.08073774964647788f,-0.996098691598754f,0.004780000000000034f,0f,0f,0f,1f], start_interpolation: 0, interpolation_duration: 1 }
$data merge entity $(bone_leftfoot) { transformation: [-0.8998050186795143f,-0.3615635434824235f,-0.24417766561172702f,1.436350249757439f,-0.41591886229023217f,0.8798912656694251f,0.22978873033692448f,0.5325976661784128f,0.1317665676503627f,0.3083231496710726f,-0.9421116743924534f,-0.146919144441375f,0f,0f,0f,1f], start_interpolation: 0, interpolation_duration: 1 }
$data merge entity $(bone_leftlowerleg) { transformation: [-0.8998050186795143f,-0.3615635434824235f,-0.24417766561172702f,1.0727575237505802f,-0.41591886229023217f,0.8798912656694251f,0.22978873033692448f,1.473421005939858f,0.1317665676503627f,0.3083231496710726f,-0.9421116743924534f,0.33987818675679615f,0f,0f,0f,1f], start_interpolation: 0, interpolation_duration: 1 }
$data merge entity $(bone_leftleg) { transformation: [-0.8374892116476614f,-0.5204667205554586f,0.16651190098015353f,0.500423200526386f,-0.5322437596001123f,0.7078812862251163f,-0.4643497227080174f,2.1994814356424097f,0.12380791873105818f,-0.47751280339538626f,-0.8698581044359839f,-0.1435435439984192f,0f,0f,0f,1f], start_interpolation: 0, interpolation_duration: 1 }
$data merge entity $(bone_rightfoot) { transformation: [-0.9878275446461565f,-0.012430386427786676f,0.15505556272382376f,0.09862412309843516f,0.05484917589953757f,0.9049444747626739f,0.42197993494910396f,0.26381425097044564f,-0.14556204842433115f,0.42534807286475906f,-0.893247282094241f,-0.5337926584653997f,0f,0f,0f,1f], start_interpolation: 0, interpolation_duration: 1 }
$data merge entity $(bone_rightlowerleg) { transformation: [-0.9878275446461565f,-0.012430386427786676f,0.15505556272382376f,0.06101055431068071f,0.05484917589953757f,0.9049444747626739f,0.42197993494910396f,1.2029016568175726f,-0.14556204842433115f,0.42534807286475906f,-0.893247282094241f,0.07532139680586339f,0f,0f,0f,1f], start_interpolation: 0, interpolation_duration: 1 }
$data merge entity $(bone_rightleg) { transformation: [-0.9954033649973842f,-0.09568993198219765f,-0.0039468809364631985f,-0.014712957354374223f,-0.09167317864639482f,0.963926404867401f,-0.24988380162842397f,2.217649838543289f,0.02771586673280152f,-0.24837335387808757f,-0.9682677872441073f,-0.17201876550828613f,0f,0f,0f,1f], start_interpolation: 0, interpolation_duration: 1 }
data modify entity @s data merge value {"locators":{"lefthand":{"posx":0.5304190029770828,"posy":2.519776787896411,"posz":0.5124135508750906,"roty":104.73981275373373,"rotx":-74.24490583217971},"righthand":{"posx":-0.09115199821931758,"posy":2.476832890106714,"posz":0.1989830405206501,"roty":270.08190045114844,"rotx":-67.29042788676928},"chest":{"posx":-0.1384772080016731,"posy":2.536695961469126,"posz":0.2700789424593619,"roty":1.995385166105109,"rotx":11.887561940002001},"sack":{"posx":0,"posy":-0.4375,"posz":0,"roty":0,"rotx":0}},"cameras":{}}