# This file was generated by Animated Java via MC-Build. It is not recommended to edit this file directly.
$data merge entity $(bone_nose) { transformation: [-0.9527234067179777f,-0.17660768008629796f,-0.24724044496446457f,-0.48548865682357123f,-0.1950458843492257f,0.9794155389233018f,0.051983700464730664f,4.096184570195824f,0.23297041290713094f,0.09774931943555522f,-0.9675587099808294f,0.3680507445389702f,0f,0f,0f,1f], start_interpolation: 0, interpolation_duration: 1 }
$data merge entity $(bone_glowing_eye) { transformation: [-0.9527234067179777f,-0.17660768008629796f,-0.24724044496446457f,-0.6079092476902485f,-0.1950458843492257f,0.9794155389233018f,0.051983700464730664f,4.136304220671002f,0.23297041290713094f,0.09774931943555522f,-0.9675587099808294f,0.43755403520034386f,0f,0f,0f,1f], start_interpolation: 0, interpolation_duration: 1 }
$data merge entity $(bone_head) { transformation: [-0.9527234067179777f,-0.17660768008629796f,-0.24724044496446457f,-0.5099787019073363f,-0.1950458843492257f,0.9794155389233018f,0.051983700464730664f,3.984983607953657f,0.23297041290713094f,0.09774931943555522f,-0.9675587099808294f,0.1748007578042309f,0f,0f,0f,1f], start_interpolation: 0, interpolation_duration: 1 }
$data merge entity $(bone_leftthumb2) { transformation: [-0.28481033561793156f,0.9226766592252014f,0.2599054736749923f,-0.11766614030068673f,-0.08952336044684348f,0.24434738199728306f,-0.9655464384716965f,2.8045509588111974f,-0.9543943842351049f,-0.2982652165977363f,0.013008455265697993f,0.6680801015557948f,0f,0f,0f,1f], start_interpolation: 0, interpolation_duration: 1 }
$data merge entity $(bone_leftthumb) { transformation: [-0.28481033561793156f,0.9226766592252014f,0.2599054736749923f,0.1308242623159304f,-0.08952336044684348f,0.24434738199728306f,-0.9655464384716965f,2.781962136874971f,-0.9543943842351049f,-0.2982652165977363f,0.013008455265697993f,0.5960444642401929f,0f,0f,0f,1f], start_interpolation: 0, interpolation_duration: 1 }
$data merge entity $(bone_leftpointerfinger) { transformation: [-0.28481033561793156f,0.9226766592252014f,0.2599054736749923f,-0.12859481695561226f,-0.08952336044684348f,0.24434738199728306f,-0.9655464384716965f,2.6663172804026254f,-0.9543943842351049f,-0.2982652165977363f,0.013008455265697993f,0.7989093955526192f,0f,0f,0f,1f], start_interpolation: 0, interpolation_duration: 1 }
$data merge entity $(bone_leftmidfinger) { transformation: [-0.28481033561793156f,0.9226766592252014f,0.2599054736749923f,-0.08798458669389471f,-0.08952336044684348f,0.24434738199728306f,-0.9655464384716965f,2.515450649391423f,-0.9543943842351049f,-0.2982652165977363f,0.013008455265697993f,0.8009419666878845f,0f,0f,0f,1f], start_interpolation: 0, interpolation_duration: 1 }
$data merge entity $(bone_leftringfinger) { transformation: [-0.28481033561793156f,0.9226766592252014f,0.2599054736749923f,-0.04737435643217716f,-0.08952336044684348f,0.24434738199728306f,-0.9655464384716965f,2.3645840183802203f,-0.9543943842351049f,-0.2982652165977363f,0.013008455265697993f,0.8029745378231499f,0f,0f,0f,1f], start_interpolation: 0, interpolation_duration: 1 }
$data merge entity $(bone_invisibility) { transformation: [0.9418178505754754f,-0.1784998853293506f,0.2848103356179316f,-0.08920104133356155f,0.1592646494359351f,0.9831685203332906f,0.08952336044684327f,2.7064304714270357f,-0.2959964658191696f,-0.03895448065441881f,0.9543943842351047f,0.5869311762161067f,0f,0f,0f,1f], start_interpolation: 0, interpolation_duration: 1 }
$data merge entity $(bone_swiftness) { transformation: [0.2599054736749922f,0.9226766592252014f,0.2848103356179316f,-0.18024856715849785f,-0.9655464384716965f,0.24434738199728306f,0.08952336044684327f,2.487639098956516f,0.013008455265697782f,-0.2982652165977363f,0.9543943842351049f,0.5800525631178737f,0f,0f,0f,1f], start_interpolation: 0, interpolation_duration: 1 }
$data merge entity $(bone_suspicious_stew) { transformation: [0.9460698406741799f,0.15438565118537573f,0.28481033561793173f,-0.0837192334206818f,-0.1866036224106751f,0.9783479217729847f,0.08952336044684352f,2.51393673068247f,-0.2648224776523806f,-0.13784199168086841f,0.9543943842351051f,0.603351443606444f,0f,0f,0f,1f], start_interpolation: 0, interpolation_duration: 1 }
$data merge entity $(bone_log) { transformation: [-0.28481033561793156f,0.9226766592252014f,0.2599054736749923f,0.017097449096802525f,-0.08952336044684348f,0.24434738199728306f,-0.9655464384716965f,2.490827349086878f,-0.9543943842351049f,-0.2982652165977363f,0.013008455265697993f,0.4772035893502654f,0f,0f,0f,1f], start_interpolation: 0, interpolation_duration: 1 }
$data merge entity $(bone_planks) { transformation: [-0.28481033561793156f,0.9226766592252014f,0.2599054736749923f,-0.009603519867378563f,-0.08952336044684348f,0.24434738199728306f,-0.9655464384716965f,2.4824345340449865f,-0.9543943842351049f,-0.2982652165977363f,0.013008455265697993f,0.3877291158282243f,0f,0f,0f,1f], start_interpolation: 0, interpolation_duration: 1 }
$data merge entity $(bone_lefthand1) { transformation: [-0.28481033561793156f,0.9226766592252014f,0.2599054736749923f,0.31084715175524225f,-0.08952336044684348f,0.24434738199728306f,-0.9655464384716965f,2.60446836090015f,-0.9543943842351049f,-0.2982652165977363f,0.013008455265697993f,0.6408293670325544f,0f,0f,0f,1f], start_interpolation: 0, interpolation_duration: 1 }
$data merge entity $(bone_leftforearm) { transformation: [-0.7228971819576331f,0.45674507662086056f,0.5184627270116111f,0.5859741122115975f,-0.05059763464948248f,0.7133485554887382f,-0.6989804845272918f,3.1235788806266065f,-0.6891005323503891f,-0.5315240101488681f,-0.492567440001545f,0.21476959051071043f,0f,0f,0f,1f], start_interpolation: 0, interpolation_duration: 1 }
$data merge entity $(bone_leftelbow) { transformation: [-0.7228971819576331f,0.45674507662086056f,0.5184627270116111f,0.6716138140780088f,-0.05059763464948248f,0.7133485554887382f,-0.6989804845272918f,3.257331734780745f,-0.6891005323503891f,-0.5315240101488681f,-0.492567440001545f,0.11510883860779766f,0f,0f,0f,1f], start_interpolation: 0, interpolation_duration: 1 }
$data merge entity $(bone_leftarm) { transformation: [-0.694363421211806f,-0.516724019401773f,0.5008549960380865f,0.24997649291864404f,-0.15741546273892854f,0.7882029717302752f,0.5949423900229768f,3.4860744911053057f,-0.702196419368345f,0.33426391239384323f,-0.6286396626823956f,0.15763256868128517f,0f,0f,0f,1f], start_interpolation: 0, interpolation_duration: 1 }
$data merge entity $(bone_rightthumb2) { transformation: [-0.2320851004629664f,-0.8805142299079497f,-0.4133173079762139f,-0.5568705562093126f,0.038537319421147354f,0.4162623037006057f,-0.9084275257441825f,2.6122241768729944f,0.9719317780353344f,-0.22676063469543078f,-0.06267562044047251f,0.3487302743465669f,0f,0f,0f,1f], start_interpolation: 0, interpolation_duration: 1 }
$data merge entity $(bone_rightthumb) { transformation: [-0.2320851004629664f,-0.8805142299079497f,-0.4133173079762139f,-0.8081311310838902f,0.038537319421147354f,0.4162623037006057f,-0.9084275257441825f,2.6366774396070065f,0.9719317780353344f,-0.22676063469543078f,-0.06267562044047251f,0.28776282755848104f,0f,0f,0f,1f], start_interpolation: 0, interpolation_duration: 1 }
$data merge entity $(bone_rightpointerfinger) { transformation: [-0.2320851004629664f,-0.8805142299079497f,-0.4133173079762139f,-0.5639709560698661f,0.038537319421147354f,0.4162623037006057f,-0.9084275257441825f,2.4617238502476746f,0.9719317780353344f,-0.22676063469543078f,-0.06267562044047251f,0.46553577933238677f,0f,0f,0f,1f], start_interpolation: 0, interpolation_duration: 1 }
$data merge entity $(bone_rightmidfinger) { transformation: [-0.2320851004629664f,-0.8805142299079497f,-0.4133173079762139f,-0.6285517854411495f,0.038537319421147354f,0.4162623037006057f,-0.9084275257441825f,2.319782049350146f,0.9719317780353344f,-0.22676063469543078f,-0.06267562044047251f,0.45574271363856295f,0f,0f,0f,1f], start_interpolation: 0, interpolation_duration: 1 }
$data merge entity $(bone_rightringfinger) { transformation: [-0.2320851004629664f,-0.8805142299079497f,-0.4133173079762139f,-0.6931326148124329f,0.038537319421147354f,0.4162623037006057f,-0.9084275257441825f,2.1778402484526174f,0.9719317780353344f,-0.22676063469543078f,-0.06267562044047251f,0.4459496479447391f,0f,0f,0f,1f], start_interpolation: 0, interpolation_duration: 1 }
$data merge entity $(bone_hugeasssword) { transformation: [-0.9089999768132851f,-3.4486807338061367f,-1.618826122906838f,-0.7393005506435981f,0.15093783439949382f,1.630360689494039f,-3.558007809164715f,2.4082930344078424f,3.80673279730506f,-0.8881458192237707f,-0.24547951339185067f,0.15249188774480027f,0f,0f,0f,1f], start_interpolation: 0, interpolation_duration: 1 }
$data merge entity $(bone_ice) { transformation: [-0.2320851004629664f,-0.8805142299079497f,-0.4133173079762139f,-0.7219161861065526f,0.038537319421147354f,0.4162623037006057f,-0.9084275257441825f,2.401186790296565f,0.9719317780353344f,-0.22676063469543078f,-0.06267562044047251f,0.1408485886301143f,0f,0f,0f,1f], start_interpolation: 0, interpolation_duration: 1 }
$data merge entity $(bone_righthand1) { transformation: [-0.2320851004629664f,-0.8805142299079497f,-0.4133173079762139f,-1.0129821845735383f,0.038537319421147354f,0.4162623037006057f,-0.9084275257441825f,2.4864983358974975f,0.9719317780353344f,-0.22676063469543078f,-0.06267562044047251f,0.3251827613263254f,0f,0f,0f,1f], start_interpolation: 0, interpolation_duration: 1 }
$data merge entity $(bone_rightforearm) { transformation: [-0.3439596261319638f,-0.6175811969118733f,-0.7073084481413021f,-1.4291506305455908f,-0.1375393995485919f,0.7782818339817191f,-0.6126665491650941f,3.048108244483565f,0.9288566569514222f,-0.11344977794138525f,-0.3526392756374109f,0.1828662343491023f,0f,0f,0f,1f], start_interpolation: 0, interpolation_duration: 1 }
$data merge entity $(bone_rightelbow) { transformation: [-0.3439596261319638f,-0.6175811969118733f,-0.7073084481413021f,-1.544947104966567f,-0.1375393995485919f,0.7782818339817191f,-0.6126665491650941f,3.1940360883551375f,0.9288566569514222f,-0.11344977794138525f,-0.3526392756374109f,0.16159440098509256f,0f,0f,0f,1f], start_interpolation: 0, interpolation_duration: 1 }
$data merge entity $(bone_rightarm) { transformation: [-0.32163296284546794f,0.6629803391889659f,-0.6760246349506271f,-1.1673781198798292f,-0.048003240614527376f,0.7016261760179199f,0.7109264364313473f,3.4197683557173355f,0.9456468294779764f,0.2611087493274674f,-0.1938409010577906f,0.06495897065875009f,0f,0f,0f,1f], start_interpolation: 0, interpolation_duration: 1 }
$data merge entity $(bone_chest1) { transformation: [-1.0793465192161686f,-0.08551256017788064f,0.036191222953582805f,-0.4428968439929789f,-0.07623860701990054f,1.0571487599131528f,0.22413229424797157f,3.3573463487456436f,-0.05300827639828303f,0.2207605321995272f,-1.0592761779476472f,-0.024574639235035084f,0f,0f,0f,1f], start_interpolation: 0, interpolation_duration: 1 }
$data merge entity $(bone_chest1lid) { transformation: [-0.996319863891848f,-0.07893467093342829f,0.03340728272638413f,-0.7421922871036526f,-0.07037409878760051f,0.975829624535218f,0.20689134853658916f,2.585427999918327f,-0.04893071667533819f,0.2037789527995636f,-0.9777933950285975f,0.2020760013716965f,0f,0f,0f,1f], start_interpolation: 0, interpolation_duration: 1 }
$data merge entity $(bone_chest2) { transformation: [-0.996319863891848f,-0.07893467093342829f,0.03340728272638413f,-0.7298587447703044f,-0.07037409878760051f,0.975829624535218f,0.20689134853658916f,2.4329546210846993f,-0.04893071667533819f,0.2037789527995636f,-0.9777933950285975f,0.1702355399967647f,0f,0f,0f,1f], start_interpolation: 0, interpolation_duration: 1 }
$data merge entity $(bone_chest1lid3) { transformation: [-0.996319863891848f,-0.07893467093342829f,0.03340728272638413f,-0.6585207551138224f,-0.07037409878760051f,0.975829624535218f,0.20689134853658916f,2.722366151248804f,-0.04893071667533819f,0.2037789527995636f,-0.9777933950285975f,-0.4212647225262902f,0f,0f,0f,1f], start_interpolation: 0, interpolation_duration: 1 }
$data merge entity $(bone_chest3) { transformation: [-0.996319863891848f,-0.07893467093342829f,0.03340728272638413f,-0.6461872127804742f,-0.07037409878760051f,0.975829624535218f,0.20689134853658916f,2.5698927724151766f,-0.04893071667533819f,0.2037789527995636f,-0.9777933950285975f,-0.453105183901222f,0f,0f,0f,1f], start_interpolation: 0, interpolation_duration: 1 }
$data merge entity $(bone_hugeasssword2) { transformation: [-0.13084519067833875f,2.6681765467874383f,-2.8642610266921524f,-1.7531519361266485f,-0.8103244484349742f,2.785322486522862f,2.631659307759353f,4.457709385899565f,3.8296907971953407f,0.6805074129069724f,0.45897258810712754f,-0.10746238943059835f,0f,0f,0f,1f], start_interpolation: 0, interpolation_duration: 1 }
$data merge entity $(bone_belt) { transformation: [-0.996319863891848f,-0.07893467093342829f,0.03340728272638413f,-0.38391701350653085f,-0.07037409878760051f,0.975829624535218f,0.20689134853658916f,2.9438155340692624f,-0.04893071667533819f,0.2037789527995636f,-0.9777933950285975f,0.023816880080760966f,0f,0f,0f,1f], start_interpolation: 0, interpolation_duration: 1 }
$data merge entity $(bone_torn_part) { transformation: [-0.9993594414482786f,-0.03326207116762876f,0.013203840722461066f,-0.4913590178059295f,-0.02549647973575594f,0.9206663028968218f,0.3895169935078336f,2.6567558445786825f,-0.02511247318104508f,0.388930833609187f,-0.9209246279467144f,-0.029592966724942382f,0f,0f,0f,1f], start_interpolation: 0, interpolation_duration: 1 }
$data merge entity $(bone_lowerbody) { transformation: [-0.9993594414482786f,-0.02775212960858669f,0.022594824415620673f,-0.383391875f,-0.02549647973575594f,0.9951850780086743f,0.0946392626236759f,2.160006875f,-0.02511247318104508f,0.09400255215182789f,-0.9952551853065997f,0.06691749999999994f,0f,0f,0f,1f], start_interpolation: 0, interpolation_duration: 1 }
$data merge entity $(bone_leftfoot) { transformation: [-0.7522814693758612f,-0.5530856371796197f,-0.35800679990652323f,1.1486442081475459f,-0.6416611626526576f,0.7383415836975004f,0.2076599579271527f,0.8391874853905309f,0.14947756747062418f,0.38593779774554504f,-0.9103342644844166f,-0.08925871276669389f,0f,0f,0f,1f], start_interpolation: 0, interpolation_duration: 1 }
$data merge entity $(bone_leftlowerleg) { transformation: [-0.7522814693758612f,-0.5530856371796197f,-0.35800679990652323f,0.590071007927293f,-0.6416611626526576f,0.7383415836975004f,0.2076599579271527f,1.6263791357817543f,0.14947756747062418f,0.38593779774554504f,-0.9103342644844166f,0.4787599086328936f,0f,0f,0f,1f], start_interpolation: 0, interpolation_duration: 1 }
$data merge entity $(bone_leftleg) { transformation: [-0.6812091428252963f,-0.6455973337356282f,0.3451929698077191f,-0.10599257336154788f,-0.7257047587887383f,0.5333556930865833f,-0.43460822325803916f,2.1615449004684857f,0.09647127449455664f,-0.5465672761203129f,-0.8318398318617699f,-0.08061679360759781f,0f,0f,0f,1f], start_interpolation: 0, interpolation_duration: 1 }
$data merge entity $(bone_rightfoot) { transformation: [-0.9557075703537758f,0.20159167095336716f,-0.21443842512644884f,-0.9805238426946103f,0.10073800735541913f,0.9086434703682119f,0.4052393090894217f,0.22464001297323433f,0.276540944242515f,0.36568817585402147f,-0.8887053866147188f,-0.3251423839747924f,0f,0f,0f,1f], start_interpolation: 0, interpolation_duration: 1 }
$data merge entity $(bone_rightlowerleg) { transformation: [-0.9557075703537758f,0.20159167095336716f,-0.21443842512644884f,-0.7239355568781497f,0.10073800735541913f,0.9086434703682119f,0.4052393090894217f,1.170403115993357f,0.276540944242515f,0.36568817585402147f,-0.8887053866147188f,0.2170886306805478f,0f,0f,0f,1f], start_interpolation: 0, interpolation_duration: 1 }
$data merge entity $(bone_rightleg) { transformation: [-0.9849808761236859f,0.03895867537287033f,-0.16821086553432643f,-0.6469167254894144f,0.08975244665608918f,0.9477763958654115f,-0.3060464045853448f,2.1616664180519285f,0.1475031253562507f,-0.31654719245882124f,-0.937038261202058f,-0.10470102975013101f,0f,0f,0f,1f], start_interpolation: 0, interpolation_duration: 1 }
data modify entity @s data merge value {"locators":{"lefthand":{"posx":-0.03234671896715702,"posy":2.495217188011352,"posz":0.589776775805478,"roty":92.86530383260127,"rotx":-74.91624189239451},"righthand":{"posx":-0.7234580464955156,"posy":2.4124897455867282,"posz":0.23648963430742537,"roty":278.62266572881146,"rotx":-65.28894376245891},"chest":{"posx":-0.7736137538429311,"posy":2.4899126845889215,"posz":0.3405909498988378,"roty":1.9568060611195222,"rotx":11.940239246946975},"sack":{"posx":0,"posy":-0.4375,"posz":0,"roty":0,"rotx":0}},"cameras":{}}