# This file was generated by Animated Java via MC-Build. It is not recommended to edit this file directly.
$data merge entity $(bone_nose) { transformation: [-0.993296578106208f,0.0016985607746809453f,0.1155812390217042f,0.09012073309663554f,0.00831865818529486f,0.998349875331339f,0.056818362805489235f,4.18274139348518f,-0.11529400612561706f,0.05739896616834393f,-0.9916716446658699f,0.11593351151583353f,0f,0f,0f,1f], start_interpolation: 0, interpolation_duration: 1 }
$data merge entity $(bone_glowing_eye) { transformation: [-0.993296578106208f,0.0016985607746809453f,0.1155812390217042f,-0.037959612375325025f,0.00831865818529486f,0.998349875331339f,0.056818362805489235f,4.249394911629436f,-0.11529400612561706f,0.05739896616834393f,-0.9916716446658699f,0.14001313896172185f,0f,0f,0f,1f], start_interpolation: 0, interpolation_duration: 1 }
$data merge entity $(bone_head) { transformation: [-0.993296578106208f,0.0016985607746809453f,0.1155812390217042f,0.11155416503318957f,0.00831865818529486f,0.998349875331339f,0.056818362805489235f,4.070107793249768f,-0.11529400612561706f,0.05739896616834393f,-0.9916716446658699f,-0.07684940727677175f,0f,0f,0f,1f], start_interpolation: 0, interpolation_duration: 1 }
$data merge entity $(bone_leftthumb2) { transformation: [-0.98904742903164f,-0.007219647398982102f,-0.14742136825215485f,0.9589597152546182f,0.03744103529105025f,0.953861117120561f,-0.29790457888701505f,2.021067069540234f,0.1427702770265486f,-0.3001613664963393f,-0.9431435744682846f,1.0723119381727917f,0f,0f,0f,1f], start_interpolation: 0, interpolation_duration: 1 }
$data merge entity $(bone_leftthumb) { transformation: [-0.98904742903164f,-0.007219647398982102f,-0.14742136825215485f,0.9445908892999648f,0.03744103529105025f,0.953861117120561f,-0.29790457888701505f,2.2295361740054362f,0.1427702770265486f,-0.3001613664963393f,-0.9431435744682846f,0.9181009222346898f,0f,0f,0f,1f], start_interpolation: 0, interpolation_duration: 1 }
$data merge entity $(bone_leftpointerfinger) { transformation: [-0.98904742903164f,-0.007219647398982102f,-0.14742136825215485f,1.0482265220162719f,0.03744103529105025f,0.953861117120561f,-0.29790457888701505f,1.8984911045799648f,0.1427702770265486f,-0.3001613664963393f,-0.9431435744682846f,0.9567660165133215f,0f,0f,0f,1f], start_interpolation: 0, interpolation_duration: 1 }
$data merge entity $(bone_leftmidfinger) { transformation: [-0.98904742903164f,-0.007219647398982102f,-0.14742136825215485f,1.0251919332268726f,0.03744103529105025f,0.953861117120561f,-0.29790457888701505f,1.8519435141288687f,0.1427702770265486f,-0.3001613664963393f,-0.9431435744682846f,0.8093998330026521f,0f,0f,0f,1f], start_interpolation: 0, interpolation_duration: 1 }
$data merge entity $(bone_leftringfinger) { transformation: [-0.98904742903164f,-0.007219647398982102f,-0.14742136825215485f,1.0021573444374734f,0.03744103529105025f,0.953861117120561f,-0.29790457888701505f,1.8053959236777728f,0.1427702770265486f,-0.3001613664963393f,-0.9431435744682846f,0.6620336494919825f,0f,0f,0f,1f], start_interpolation: 0, interpolation_duration: 1 }
$data merge entity $(bone_invisibility) { transformation: [-0.020040793307850625f,0.146231151706793f,0.9890474290316398f,0.8665973978964554f,0.9242672927505461f,0.379905436165252f,-0.03744103529105026f,2.0191493764723174f,-0.38121954062609087f,0.9133938415834617f,-0.14277027702654882f,0.9801785306973961f,0f,0f,0f,1f], start_interpolation: 0, interpolation_duration: 1 }
$data merge entity $(bone_swiftness) { transformation: [-0.14742136825215507f,-0.007219647398982102f,0.98904742903164f,0.7884208725613648f,-0.29790457888701505f,0.953861117120561f,-0.03744103529105032f,1.8360734223877198f,-0.9431435744682846f,-0.3001613664963393f,-0.14277027702654882f,0.8514219469159151f,0f,0f,0f,1f], start_interpolation: 0, interpolation_duration: 1 }
$data merge entity $(bone_suspicious_stew) { transformation: [-0.06884618505151761f,0.13055797918838705f,0.9890474290316402f,0.8392943123210036f,0.7385918429040171f,0.6731123668987089f,-0.037441035291050154f,1.9185800280659757f,-0.6706282818368905f,0.7279246908837911f,-0.14277027702654865f,0.8174091745391088f,0f,0f,0f,1f], start_interpolation: 0, interpolation_duration: 1 }
$data merge entity $(bone_log) { transformation: [-0.98904742903164f,-0.007219647398982102f,-0.14742136825215485f,0.7387582832875949f,0.03744103529105025f,0.953861117120561f,-0.29790457888701505f,2.027358487629253f,0.1427702770265486f,-0.3001613664963393f,-0.9431435744682846f,0.7490638621451045f,0f,0f,0f,1f], start_interpolation: 0, interpolation_duration: 1 }
$data merge entity $(bone_planks) { transformation: [-0.98904742903164f,-0.007219647398982102f,-0.14742136825215485f,0.6460350868158786f,0.03744103529105025f,0.953861117120561f,-0.29790457888701505f,2.0308685846877887f,0.1427702770265486f,-0.3001613664963393f,-0.9431435744682846f,0.7624485756163433f,0f,0f,0f,1f], start_interpolation: 0, interpolation_duration: 1 }
$data merge entity $(bone_lefthand1) { transformation: [-0.98904742903164f,-0.007219647398982102f,-0.14742136825215485f,0.9888221464536392f,0.03744103529105025f,0.953861117120561f,-0.29790457888701505f,2.26577302617685f,0.1427702770265486f,-0.3001613664963393f,-0.9431435744682846f,0.6678041879665163f,0f,0f,0f,1f], start_interpolation: 0, interpolation_duration: 1 }
$data merge entity $(bone_leftforearm) { transformation: [-0.8658755265997464f,0.04282371027744856f,0.49842321602598405f,0.9774581075164798f,-0.11691756487039508f,0.951413184959492f,-0.28485651565307807f,2.9317461039147106f,-0.4864050323140052f,-0.30492471418910666f,-0.8187985486163877f,0.4403833887161962f,0f,0f,0f,1f], start_interpolation: 0, interpolation_duration: 1 }
$data merge entity $(bone_leftelbow) { transformation: [-0.8658755265997464f,0.04282371027744856f,0.49842321602598405f,0.9854875531935013f,-0.11691756487039508f,0.951413184959492f,-0.28485651565307807f,3.1101360760946153f,-0.4864050323140052f,-0.30492471418910666f,-0.8187985486163877f,0.3832100048057387f,0f,0f,0f,1f], start_interpolation: 0, interpolation_duration: 1 }
$data merge entity $(bone_leftarm) { transformation: [-0.8511098698233986f,-0.002530248382629864f,0.5249815114195159f,0.7798387782804541f,-0.22473803092799247f,0.9054851540391041f,-0.35998535146501237f,3.531062972016086f,-0.4744521123820672f,-0.4243703967737404f,-0.7712359946205132f,0.08713581631153205f,0f,0f,0f,1f], start_interpolation: 0, interpolation_duration: 1 }
$data merge entity $(bone_rightthumb2) { transformation: [-0.8612199649496037f,0.16145661876678255f,-0.4819044845491697f,-0.7363047165404438f,0.2592051574178478f,0.9551443702297019f,-0.14321982539612094f,1.936952433429624f,0.43716456665675907f,-0.24825590078567006f,-0.8644397893346323f,0.745255457281206f,0f,0f,0f,1f], start_interpolation: 0, interpolation_duration: 1 }
$data merge entity $(bone_rightthumb) { transformation: [-0.8612199649496037f,0.16145661876678255f,-0.4819044845491697f,-0.7378910442008918f,0.2592051574178478f,0.9551443702297019f,-0.14321982539612094f,2.1589552184168928f,0.43716456665675907f,-0.24825590078567006f,-0.8644397893346323f,0.610499696235712f,0f,0f,0f,1f], start_interpolation: 0, interpolation_duration: 1 }
$data merge entity $(bone_rightpointerfinger) { transformation: [-0.8612199649496037f,0.16145661876678255f,-0.4819044845491697f,-0.9076542036133476f,0.2592051574178478f,0.9551443702297019f,-0.14321982539612094f,1.8671856067124057f,0.43716456665675907f,-0.24825590078567006f,-0.8644397893346323f,0.6992529230340321f,0f,0f,0f,1f], start_interpolation: 0, interpolation_duration: 1 }
$data merge entity $(bone_rightmidfinger) { transformation: [-0.8612199649496037f,0.16145661876678255f,-0.4819044845491697f,-0.9829517793241553f,0.2592051574178478f,0.9551443702297019f,-0.14321982539612094f,1.8448075089942617f,0.43716456665675907f,-0.24825590078567006f,-0.8644397893346323f,0.5641842059504958f,0f,0f,0f,1f], start_interpolation: 0, interpolation_duration: 1 }
$data merge entity $(bone_rightringfinger) { transformation: [-0.8612199649496037f,0.16145661876678255f,-0.4819044845491697f,-1.0582493550349632f,0.2592051574178478f,0.9551443702297019f,-0.14321982539612094f,1.822429411276118f,0.43716456665675907f,-0.24825590078567006f,-0.8644397893346323f,0.4291154888669595f,0f,0f,0f,1f], start_interpolation: 0, interpolation_duration: 1 }
$data merge entity $(bone_hugeasssword) { transformation: [-3.373111529385948f,0.632371756836565f,-1.8874592311509146f,-0.7138645928763333f,1.0152201998865706f,3.7409821167329995f,-0.560944316134807f,1.9722076490298686f,1.7122278860723066f,-0.9723356114105411f,-3.38572250822731f,0.4111422597935586f,0f,0f,0f,1f], start_interpolation: 0, interpolation_duration: 1 }
$data merge entity $(bone_ice) { transformation: [-0.8612199649496037f,0.16145661876678255f,-0.4819044845491697f,-0.7029307905922267f,0.2592051574178478f,0.9551443702297019f,-0.14321982539612094f,1.9532334376603755f,0.43716456665675907f,-0.24825590078567006f,-0.8644397893346323f,0.40819056188932284f,0f,0f,0f,1f], start_interpolation: 0, interpolation_duration: 1 }
$data merge entity $(bone_righthand1) { transformation: [-0.8612199649496037f,0.16145661876678255f,-0.4819044845491697f,-0.8929311422800936f,0.2592051574178478f,0.9551443702297019f,-0.14321982539612094f,2.252345200028634f,0.43716456665675907f,-0.24825590078567006f,-0.8644397893346323f,0.42840398494038784f,0f,0f,0f,1f], start_interpolation: 0, interpolation_duration: 1 }
$data merge entity $(bone_rightforearm) { transformation: [-0.7028234215178617f,0.05823253196696082f,-0.7089768757770896f,-0.7999705757179524f,0.21304854050350505f,0.9681272395644867f,-0.13168130999718064f,2.9220150474438906f,0.6787116895672656f,-0.24359519747721645f,-0.6928288549207398f,0.2276121377509348f,0f,0f,0f,1f], start_interpolation: 0, interpolation_duration: 1 }
$data merge entity $(bone_rightelbow) { transformation: [-0.7028234215178617f,0.05823253196696082f,-0.7089768757770896f,-0.7890519759741472f,0.21304854050350505f,0.9681272395644867f,-0.13168130999718064f,3.1035389048622317f,0.6787116895672656f,-0.24359519747721645f,-0.6928288549207398f,0.18193803822395674f,0f,0f,0f,1f], start_interpolation: 0, interpolation_duration: 1 }
$data merge entity $(bone_rightarm) { transformation: [-0.6808530738848979f,0.13420446061372193f,-0.7200196209360307f,-0.5522411775142797f,0.32000166233003763f,0.9387829159322143f,-0.12761493979868463f,3.506778733387563f,0.6588156251087993f,-0.317294499645344f,-0.6821188845115728f,-0.09786588148983819f,0f,0f,0f,1f], start_interpolation: 0, interpolation_duration: 1 }
$data merge entity $(bone_chest1) { transformation: [-1.0743884170984122f,-0.0008998515323720369f,0.1389238301483903f,0.12004571738756009f,0.00018382383152819697f,1.083300451931938f,0.008438492991581278f,3.4177201202221763f,-0.1389266228074305f,0.008392390743387244f,-1.0743556545036856f,-0.17645188720627142f,0f,0f,0f,1f], start_interpolation: 0, interpolation_duration: 1 }
$data merge entity $(bone_chest1lid) { transformation: [-0.9917431542446882f,-0.0008306321837280341f,0.12823738167543722f,-0.26817612557089154f,0.00016968353679525875f,0.9999696479371736f,0.007789378146075027f,2.7313012892524915f,-0.12823995951455125f,0.007746822224665148f,-0.9917129118495561f,0.16254546020326371f,0f,0f,0f,1f], start_interpolation: 0, interpolation_duration: 1 }
$data merge entity $(bone_chest2) { transformation: [-0.9917431542446882f,-0.0008306321837280341f,0.12823738167543722f,-0.268046339292184f,0.00016968353679525875f,0.9999696479371736f,0.007789378146075027f,2.5750560317623084f,-0.12823995951455125f,0.007746822224665148f,-0.9917129118495561f,0.1613350192306598f,0f,0f,0f,1f], start_interpolation: 0, interpolation_duration: 1 }
$data merge entity $(bone_chest1lid3) { transformation: [-0.9917431542446882f,-0.0008306321837280341f,0.12823738167543722f,-0.1240401057947715f,0.00016968353679525875f,0.9999696479371736f,0.007789378146075027f,2.7362807544062706f,-0.12823995951455125f,0.007746822224665148f,-0.9917129118495561f,-0.46475562648069874f,0f,0f,0f,1f], start_interpolation: 0, interpolation_duration: 1 }
$data merge entity $(bone_chest3) { transformation: [-0.9917431542446882f,-0.0008306321837280341f,0.12823738167543722f,-0.12391031951606399f,0.00016968353679525875f,0.9999696479371736f,0.007789378146075027f,2.5800354969160875f,-0.12823995951455125f,0.007746822224665148f,-0.9917129118495561f,-0.46596606745330266f,0f,0f,0f,1f], start_interpolation: 0, interpolation_duration: 1 }
$data merge entity $(bone_hugeasssword2) { transformation: [-0.5022630782287967f,2.86162862298431f,-2.6266121149006434f,-1.0688230686843099f,-0.03050839773879364f,2.6454913430797387f,2.8880309155435557f,4.580258231444975f,3.8842089047440953f,0.3908131978130445f,-0.31696057562352553f,-0.5881966486639284f,0f,0f,0f,1f], start_interpolation: 0, interpolation_duration: 1 }
$data merge entity $(bone_belt) { transformation: [-0.9917431542446882f,-0.0008306321837280341f,0.12823738167543722f,0.1353542828020501f,0.00016968353679525875f,0.9999696479371736f,0.007789378146075027f,3.0183771265350163f,-0.12823995951455125f,0.007746822224665148f,-0.9917129118495561f,-0.0456126138563341f,0f,0f,0f,1f], start_interpolation: 0, interpolation_duration: 1 }
$data merge entity $(bone_torn_part) { transformation: [-0.9848654716432885f,0.0009658202286518813f,0.17331782930826448f,0.008544876345381223f,0.04216626880720709f,0.9712749850035829f,0.23419417004094797f,2.735686761229111f,-0.1681130825953802f,0.23795791791318063f,-0.9566159212362624f,-0.06358159237639752f,0f,0f,0f,1f], start_interpolation: 0, interpolation_duration: 1 }
$data merge entity $(bone_lowerbody) { transformation: [-0.9848654716432885f,0.053038795553927626f,0.1650057239341455f,0.05562136574074068f,0.04216626880720709f,0.9967449621770498f,-0.06871307116953854f,2.254539861111111f,-0.1681130825953802f,-0.060715455535311436f,-0.9838961453931093f,0.12084231481481486f,0f,0f,0f,1f], start_interpolation: 0, interpolation_duration: 1 }
$data merge entity $(bone_leftfoot) { transformation: [-0.9797649780208602f,-0.05709974842265971f,-0.19183379935207517f,0.475092867132883f,-0.08619897666305242f,0.9853810504118663f,0.14694870503495278f,0.19463085577529604f,0.18063865662151563f,0.16051107195229858f,-0.9703637830807053f,0.06948864671364091f,0f,0f,0f,1f], start_interpolation: 0, interpolation_duration: 1 }
$data merge entity $(bone_leftlowerleg) { transformation: [-0.9797649780208602f,-0.05709974842265971f,-0.19183379935207517f,0.4412222577240691f,-0.08619897666305242f,0.9853810504118663f,0.14694870503495278f,1.2652099329479243f,0.18063865662151563f,0.16051107195229858f,-0.9703637830807053f,0.39664776708952154f,0f,0f,0f,1f], start_interpolation: 0, interpolation_duration: 1 }
$data merge entity $(bone_leftleg) { transformation: [-0.990310904358494f,-0.10050270913897474f,-0.09583067444398127f,0.30853380422333637f,-0.05320975292812224f,0.9120393122492201f,-0.4066362196180978f,2.2265256717315083f,0.12826938411791755f,-0.39759715588481803f,-0.9085502004459158f,0.000304232317563366f,0f,0f,0f,1f], start_interpolation: 0, interpolation_duration: 1 }
$data merge entity $(bone_rightfoot) { transformation: [-0.9124338940862072f,-0.019992538962419676f,0.40873547351375805f,-0.15901838268302848f,0.07877161335988472f,0.9715465515603716f,0.22336591297651315f,0.2072070530367962f,-0.4015711915107466f,0.2360033824693758f,-0.8848971587770258f,-0.19828835486915708f,0f,0f,0f,1f], start_interpolation: 0, interpolation_duration: 1 }
$data merge entity $(bone_rightlowerleg) { transformation: [-0.9124338940862072f,-0.019992538962419676f,0.40873547351375805f,-0.2439980228821551f,0.07877161335988472f,0.9715465515603716f,0.22336591297651315f,1.2506973133711115f,-0.4015711915107466f,0.2360033824693758f,-0.8848971587770258f,0.19948847457882707f,0f,0f,0f,1f], start_interpolation: 0, interpolation_duration: 1 }
$data merge entity $(bone_rightleg) { transformation: [-0.9505522468207033f,0.06496529231634857f,0.3036938209090929f,-0.1555844974153101f,-0.03131645889158566f,0.9528413886611173f,-0.3018485836588361f,2.2566745740640615f,-0.3089817235154928f,-0.2964334644546818f,-0.9036910399493792f,-0.0867876616079873f,0f,0f,0f,1f], start_interpolation: 0, interpolation_duration: 1 }
data modify entity @s data merge value {"locators":{"lefthand":{"posx":0.8343489735912966,"posy":1.9539827498407827,"posz":0.7738658737824589,"roty":351.11606831352583,"rotx":-17.33179065818602},"righthand":{"posx":-0.7786631644034023,"posy":1.9648476001552742,"posz":0.4665606101715237,"roty":330.8613799040561,"rotx":-8.234206780655109},"chest":{"posx":-0.3191532755163421,"posy":2.667591398531619,"posz":0.31300892755588555,"roty":7.367973965124804,"rotx":0.44630300607453005},"sack":{"posx":0,"posy":-0.4375,"posz":0,"roty":0,"rotx":0}},"cameras":{}}