# This file was generated by Animated Java via MC-Build. It is not recommended to edit this file directly.
$data merge entity $(bone_nose) { transformation: [-0.9960706011148699f,0.025267466683230475f,0.08488175729845471f,0.06872882718491516f,0.03267262070358974f,0.9956709004740663f,0.0870169972219308f,4.2259142039047655f,-0.08231559664499365f,0.08944838219092614f,-0.9925840667028685f,0.101537307564718f,0f,0f,0f,1f], start_interpolation: 0, interpolation_duration: 1 }
$data merge entity $(bone_glowing_eye) { transformation: [-0.9960706011148699f,0.025267466683230475f,0.08488175729845471f,-0.05703118713384997f,0.03267262070358974f,0.9956709004740663f,0.0870169972219308f,4.294376778777192f,-0.08231559664499365f,0.08944838219092614f,-0.9925840667028685f,0.13194108159916307f,0f,0f,0f,1f], start_interpolation: 0, interpolation_duration: 1 }
$data merge entity $(bone_head) { transformation: [-0.9960706011148699f,0.025267466683230475f,0.08488175729845471f,0.08150341282262538f,0.03267262070358974f,0.9956709004740663f,0.0870169972219308f,4.119266240400584f,-0.08231559664499365f,0.08944838219092614f,-0.9925840667028685f,-0.09537382855246883f,0f,0f,0f,1f], start_interpolation: 0, interpolation_duration: 1 }
$data merge entity $(bone_leftthumb2) { transformation: [-0.9704224469032408f,0.018708927836842432f,-0.2406870386321684f,0.7885331388871328f,0.10547926709065947f,0.9296520906517163f,-0.35301715901767505f,2.0903278546376867f,0.21715063610393714f,-0.3679632676859051f,-0.9041286605752338f,1.0765058823816693f,0f,0f,0f,1f], start_interpolation: 0, interpolation_duration: 1 }
$data merge entity $(bone_leftthumb) { transformation: [-0.9704224469032408f,0.018708927836842432f,-0.2406870386321684f,0.7725528505182512f,0.10547926709065947f,0.9296520906517163f,-0.35301715901767505f,2.2881500936125874f,0.21715063610393714f,-0.3679632676859051f,-0.9041286605752338f,0.9090010756951007f,0f,0f,0f,1f], start_interpolation: 0, interpolation_duration: 1 }
$data merge entity $(bone_leftpointerfinger) { transformation: [-0.9704224469032408f,0.018708927836842432f,-0.2406870386321684f,0.8612717337659463f,0.10547926709065947f,0.9296520906517163f,-0.35301715901767505f,1.9550235272004985f,0.21715063610393714f,-0.3679632676859051f,-0.9041286605752338f,0.963607141116206f,0f,0f,0f,1f], start_interpolation: 0, interpolation_duration: 1 }
$data merge entity $(bone_leftmidfinger) { transformation: [-0.9704224469032408f,0.018708927836842432f,-0.2406870386321684f,0.82366438397967f,0.10547926709065947f,0.9296520906517163f,-0.35301715901767505f,1.8998645961039868f,0.21715063610393714f,-0.3679632676859051f,-0.9041286605752338f,0.8223370379013258f,0f,0f,0f,1f], start_interpolation: 0, interpolation_duration: 1 }
$data merge entity $(bone_leftringfinger) { transformation: [-0.9704224469032408f,0.018708927836842432f,-0.2406870386321684f,0.7860570341933937f,0.10547926709065947f,0.9296520906517163f,-0.35301715901767505f,1.8447056650074751f,0.21715063610393714f,-0.3679632676859051f,-0.9041286605752338f,0.6810669346864455f,0f,0f,0f,1f], start_interpolation: 0, interpolation_duration: 1 }
$data merge entity $(bone_invisibility) { transformation: [-0.0023395229036776294f,0.24140174228640163f,0.9704224469032405f,0.6888852839109985f,0.8953470110802928f,0.43269834060648205f,-0.10547926709065947f,2.087513373414331f,-0.445363061313092f,0.8686180661588186f,-0.2171506361039373f,0.9923309236255244f,0f,0f,0f,1f], start_interpolation: 0, interpolation_duration: 1 }
$data merge entity $(bone_swiftness) { transformation: [-0.24068703863216862f,0.018708927836842432f,0.9704224469032408f,0.5906803260203338f,-0.35301715901767505f,0.9296520906517163f,-0.10547926709065955f,1.900925764998036f,-0.9041286605752338f,-0.3679632676859051f,-0.21715063610393734f,0.8839451193165127f,0f,0f,0f,1f], start_interpolation: 0, interpolation_duration: 1 }
$data merge entity $(bone_suspicious_stew) { transformation: [-0.08476269090460656f,0.22604327191256388f,0.970422446903241f,0.6428794831751149f,0.6933594308838622f,0.7128301507501097f,-0.1054792670906594f,1.9777452143492176f,-0.7155892577694394f,0.6639108489885057f,-0.21715063610393723f,0.8400550779404449f,0f,0f,0f,1f], start_interpolation: 0, interpolation_duration: 1 }
$data merge entity $(bone_log) { transformation: [-0.9704224469032408f,0.018708927836842432f,-0.2406870386321684f,0.5429587898216586f,0.10547926709065947f,0.9296520906517163f,-0.35301715901767505f,2.087292727641478f,0.21715063610393714f,-0.3679632676859051f,-0.9041286605752338f,0.7720365106499867f,0f,0f,0f,1f], start_interpolation: 0, interpolation_duration: 1 }
$data merge entity $(bone_planks) { transformation: [-0.9704224469032408f,0.018708927836842432f,-0.2406870386321684f,0.4519816854244797f,0.10547926709065947f,0.9296520906517163f,-0.35301715901767505f,2.0971814089312275f,0.21715063610393714f,-0.3679632676859051f,-0.9041286605752338f,0.7923943827847308f,0f,0f,0f,1f], start_interpolation: 0, interpolation_duration: 1 }
$data merge entity $(bone_lefthand1) { transformation: [-0.9704224469032408f,0.018708927836842432f,-0.2406870386321684f,0.7977631034639346f,0.10547926709065947f,0.9296520906517163f,-0.35301715901767505f,2.3043677197510446f,0.21715063610393714f,-0.3679632676859051f,-0.9041286605752338f,0.6540120553455023f,0f,0f,0f,1f], start_interpolation: 0, interpolation_duration: 1 }
$data merge entity $(bone_leftforearm) { transformation: [-0.8241411739584872f,0.14313966655316557f,0.5479985047838863f,0.8637201790145604f,-0.06694801372811662f,0.9361358144357066f,-0.3452067502072583f,2.9641073076585394f,-0.5624138057019816f,-0.3211865077954632f,-0.7619251527321882f,0.4101315848666976f,0f,0f,0f,1f], start_interpolation: 0, interpolation_duration: 1 }
$data merge entity $(bone_leftelbow) { transformation: [-0.8241411739584872f,0.14313966655316557f,0.5479985047838863f,0.890558866493279f,-0.06694801372811662f,0.9361358144357066f,-0.3452067502072583f,3.1396327728652342f,-0.5624138057019816f,-0.3211865077954632f,-0.7619251527321882f,0.34990911465504826f,0f,0f,0f,1f], start_interpolation: 0, interpolation_duration: 1 }
$data merge entity $(bone_leftarm) { transformation: [-0.8176375974991213f,0.08470040898711255f,0.5694686996431682f,0.7345464498381743f,-0.17573852221602823f,0.9051955333493243f,-0.3869586776566188f,3.5693083082750126f,-0.5482560815578714f,-0.41646955125416835f,-0.7252367764481888f,0.041570259254610026f,0f,0f,0f,1f], start_interpolation: 0, interpolation_duration: 1 }
$data merge entity $(bone_rightthumb2) { transformation: [-0.919299495147595f,0.10515560573243968f,-0.37925022980140843f,-0.7346483866574973f,0.15622697740923105f,0.9819715108670393f,-0.10641937499853937f,1.9518144871647205f,0.3612223273151217f,-0.15708039479371003f,-0.919154056630606f,0.6801335817359665f,0f,0f,0f,1f], start_interpolation: 0, interpolation_duration: 1 }
$data merge entity $(bone_rightthumb) { transformation: [-0.919299495147595f,0.10515560573243968f,-0.37925022980140843f,-0.7412695395319133f,0.15622697740923105f,0.9819715108670393f,-0.10641937499853937f,2.183541301679593f,0.3612223273151217f,-0.15708039479371003f,-0.919154056630606f,0.5630621852212601f,0f,0f,0f,1f], start_interpolation: 0, interpolation_duration: 1 }
$data merge entity $(bone_rightpointerfinger) { transformation: [-0.919299495147595f,0.10515560573243968f,-0.37925022980140843f,-0.8940994594665792f,0.15622697740923105f,0.9819715108670393f,-0.10641937499853937f,1.8734308171274234f,0.3612223273151217f,-0.15708039479371003f,-0.919154056630606f,0.611027535408478f,0f,0f,0f,1f], start_interpolation: 0, interpolation_duration: 1 }
$data merge entity $(bone_rightmidfinger) { transformation: [-0.919299495147595f,0.10515560573243968f,-0.37925022980140843f,-0.9533573078730493f,0.15622697740923105f,0.9819715108670393f,-0.10641937499853937f,1.8568027897839017f,0.3612223273151217f,-0.15708039479371003f,-0.919154056630606f,0.4674097140599458f,0f,0f,0f,1f], start_interpolation: 0, interpolation_duration: 1 }
$data merge entity $(bone_rightringfinger) { transformation: [-0.919299495147595f,0.10515560573243968f,-0.37925022980140843f,-1.0126151562795194f,0.15622697740923105f,0.9819715108670393f,-0.10641937499853937f,1.84017476244038f,0.3612223273151217f,-0.15708039479371003f,-0.919154056630606f,0.3237918927114136f,0f,0f,0f,1f], start_interpolation: 0, interpolation_duration: 1 }
$data merge entity $(bone_hugeasssword) { transformation: [-3.6005896893280807f,0.4118594557853888f,-1.4853967333888498f,-0.6818828622194206f,0.6118889948528217f,3.8460550842292376f,-0.41680921874427923f,2.0164307647887942f,1.4147874486508936f,-0.6152315462753644f,-3.6000200551365404f,0.35391486030924746f,0f,0f,0f,1f], start_interpolation: 0, interpolation_duration: 1 }
$data merge entity $(bone_ice) { transformation: [-0.919299495147595f,0.10515560573243968f,-0.37925022980140843f,-0.6691618639473087f,0.15622697740923105f,0.9819715108670393f,-0.10641937499853937f,1.9986464134094777f,0.3612223273151217f,-0.15708039479371003f,-0.919154056630606f,0.3507251426136004f,0f,0f,0f,1f], start_interpolation: 0, interpolation_duration: 1 }
$data merge entity $(bone_righthand1) { transformation: [-0.919299495147595f,0.10515560573243968f,-0.37925022980140843f,-0.8845494059823916f,0.15622697740923105f,0.9819715108670393f,-0.10641937499853937f,2.279870430009841f,0.3612223273151217f,-0.15708039479371003f,-0.919154056630606f,0.37303706147424687f,0f,0f,0f,1f], start_interpolation: 0, interpolation_duration: 1 }
$data merge entity $(bone_rightforearm) { transformation: [-0.6857355640610997f,0.02353689420111958f,-0.7274701030236027f,-0.8207914890810812f,0.15633607185834478f,0.9809121615999902f,-0.11563028954879123f,2.9613262229302433f,0.7108626933646948f,-0.19302162012738394f,-0.6763260200123101f,0.20759672496713277f,0f,0f,0f,1f], start_interpolation: 0, interpolation_duration: 1 }
$data merge entity $(bone_rightelbow) { transformation: [-0.6857355640610997f,0.02353689420111958f,-0.7274701030236027f,-0.8163783214183713f,0.15633607185834478f,0.9809121615999902f,-0.11563028954879123f,3.1452472532302416f,0.7108626933646948f,-0.19302162012738394f,-0.6763260200123101f,0.1714051711932483f,0f,0f,0f,1f], start_interpolation: 0, interpolation_duration: 1 }
$data merge entity $(bone_rightarm) { transformation: [-0.6665246565584759f,0.1117281732321673f,-0.7370628857199423f,-0.5939084493782589f,0.26488287016876283f,0.9596822199485179f,-0.09405903362167266f,3.568136339398487f,0.6968371024068424f,-0.2579279977452765f,-0.6692467412609108f,-0.08743895846869007f,0f,0f,0f,1f], start_interpolation: 0, interpolation_duration: 1 }
$data merge entity $(bone_chest1) { transformation: [-1.0796971149757502f,0.022464736601079317f,0.08579386128154488f,0.07186872021821211f,0.0216261235312521f,1.0830571063208057f,-0.011433562005128893f,3.468147507768628f,-0.08600907978326396f,-0.009682518709418044f,-1.0798702691237447f,-0.1934006790638963f,0f,0f,0f,1f], start_interpolation: 0, interpolation_duration: 1 }
$data merge entity $(bone_chest1lid) { transformation: [-0.9966434907468463f,0.020736679939457832f,0.07919433349065683f,-0.313574900345878f,0.01996257556730963f,0.9997450212192053f,-0.010554057235503594f,2.79581816473101f,-0.07939299672301289f,-0.00893770957792435f,-0.9968033253449952f,0.17566934446496926f,0f,0f,0f,1f], start_interpolation: 0, interpolation_duration: 1 }
$data merge entity $(bone_chest2) { transformation: [-0.9966434907468463f,0.020736679939457832f,0.07919433349065683f,-0.31681500658641826f,0.01996257556730963f,0.9997450212192053f,-0.010554057235503594f,2.639608005165509f,-0.07939299672301289f,-0.00893770957792435f,-0.9968033253449952f,0.17706586158651993f,0f,0f,0f,1f], start_interpolation: 0, interpolation_duration: 1 }
$data merge entity $(bone_chest1lid3) { transformation: [-0.9966434907468463f,0.020736679939457832f,0.07919433349065683f,-0.200550812281748f,0.01996257556730963f,0.9997450212192053f,-0.010554057235503594f,2.7878093108415585f,-0.07939299672301289f,-0.00893770957792435f,-0.9968033253449952f,-0.45794572353898005f,0f,0f,0f,1f], start_interpolation: 0, interpolation_duration: 1 }
$data merge entity $(bone_chest3) { transformation: [-0.9966434907468463f,0.020736679939457832f,0.07919433349065683f,-0.20379091852228828f,0.01996257556730963f,0.9997450212192053f,-0.010554057235503594f,2.6315991512760575f,-0.07939299672301289f,-0.00893770957792435f,-0.9968033253449952f,-0.45654920641742935f,0f,0f,0f,1f], start_interpolation: 0, interpolation_duration: 1 }
$data merge entity $(bone_hugeasssword2) { transformation: [-0.3101778061717401f,2.932847613007441f,-2.5772994364669426f,-1.111005974300669f,0.041336724172389316f,2.587741634934102f,2.9397554802808097f,4.649951116407756f,3.904146357601231f,0.20561101012084146f,-0.2358879155953203f,-0.5656711275334153f,0f,0f,0f,1f], start_interpolation: 0, interpolation_duration: 1 }
$data merge entity $(bone_belt) { transformation: [-0.9966434907468463f,0.020736679939457832f,0.07919433349065683f,0.08516318746242521f,0.01996257556730963f,0.9997450212192053f,-0.010554057235503594f,3.070661249601451f,-0.07939299672301289f,-0.00893770957792435f,-0.9968033253449952f,-0.05681361546795624f,0f,0f,0f,1f], start_interpolation: 0, interpolation_duration: 1 }
$data merge entity $(bone_torn_part) { transformation: [-0.9923402582299576f,0.03063343298231519f,0.11967624943913946f,-0.04799509153419607f,0.05729759974251936f,0.9723938743026724f,0.2262015435013314f,2.7903335908743068f,-0.10944312203079355f,0.23132605992917588f,-0.9667008105085028f,-0.06411726107747698f,0f,0f,0f,1f], start_interpolation: 0, interpolation_duration: 1 }
$data merge entity $(bone_lowerbody) { transformation: [-0.9923402582299576f,0.06520296656411305f,0.10492561673557264f,0.00232058593749999f,0.05729759974251936f,0.9954086367138678f,-0.0766722310826105f,2.30948078125f,-0.10944312203079355f,-0.07007295560113283f,-0.991520037081185f,0.120218359375f,0f,0f,0f,1f], start_interpolation: 0, interpolation_duration: 1 }
$data merge entity $(bone_leftfoot) { transformation: [-0.9681316626969819f,-0.10006382448962833f,-0.22958291467808767f,0.468727892193065f,-0.10651101524869898f,0.9941854762858193f,0.015831688887481765f,0.17970877783448147f,0.2266638200381098f,0.03978026861205769f,-0.973160337721839f,0.07488643642601095f,0f,0f,0f,1f], start_interpolation: 0, interpolation_duration: 1 }
$data merge entity $(bone_leftlowerleg) { transformation: [-0.9681316626969819f,-0.10006382448962833f,-0.22958291467808767f,0.39299399731492f,-0.10651101524869898f,0.9941854762858193f,0.015831688887481765f,1.2802008208551396f,0.2266638200381098f,0.03978026861205769f,-0.973160337721839f,0.26853950023199546f,0f,0f,0f,1f], start_interpolation: 0, interpolation_duration: 1 }
$data merge entity $(bone_leftleg) { transformation: [-0.9824752391330865f,-0.1135053261063437f,-0.14784771028283433f,0.24779750057161634f,-0.06260779946758895f,0.9480776281981445f,-0.3118157698962757f,2.2838821645989f,0.1755638571466534f,-0.29709485329718105f,-0.9385691131760707f,-0.018400092244111342f,0f,0f,0f,1f], start_interpolation: 0, interpolation_duration: 1 }
$data merge entity $(bone_rightfoot) { transformation: [-0.9218783013090207f,0.014750605098098932f,0.3871986792653544f,-0.20304801584114363f,0.04782017759937898f,0.9959671202692587f,0.07591262053785261f,0.18211368282499008f,-0.3845173964724597f,0.08849810727806609f,-0.9188658535489505f,-0.1995863651642717f,0f,0f,0f,1f], start_interpolation: 0, interpolation_duration: 1 }
$data merge entity $(bone_rightlowerleg) { transformation: [-0.9218783013090207f,0.014750605098098932f,0.3871986792653544f,-0.24617544638534006f,0.04782017759937898f,0.9959671202692587f,0.07591262053785261f,1.2753510648457729f,-0.3845173964724597f,0.08849810727806609f,-0.9188658535489505f,0.03977094095701984f,0f,0f,0f,1f], start_interpolation: 0, interpolation_duration: 1 }
$data merge entity $(bone_rightleg) { transformation: [-0.96383580976122f,0.006701362663995711f,0.2664125063888315f,-0.2192917109407148f,-0.030224033879879278f,0.9904850816004016f,-0.13426023574787083f,2.32639800829899f,-0.26477733966100936f,-0.1374568836599009f,-0.954462448468533f,-0.07672105219065689f,0f,0f,0f,1f], start_interpolation: 0, interpolation_duration: 1 }
data modify entity @s data merge value {"locators":{"lefthand":{"posx":0.6362349942102117,"posy":2.0102908698792143,"posz":0.7945527791246921,"roty":345.09307583100247,"rotx":-20.67196948002501},"righthand":{"posx":-0.7510634631163182,"posy":1.9996121904186477,"posz":0.401405899102898,"roty":337.5785692317263,"rotx":-6.108948988365902},"chest":{"posx":-0.35839016653584815,"posy":2.7356070028343353,"posz":0.32949743975115087,"roty":4.542511042326851,"rotx":-0.6047141630175633},"sack":{"posx":0,"posy":-0.4375,"posz":0,"roty":0,"rotx":0}},"cameras":{}}