# This file was generated by Animated Java via MC-Build. It is not recommended to edit this file directly.
$data merge entity $(bone_nose) { transformation: [-0.9600568663661445f,-0.2651268061727535f,-0.0894348365674915f,-0.6441616352370624f,-0.25927997920827295f,0.9631251521778124f,-0.07185981926099982f,4.103755037829002f,0.10518890495188325f,-0.04580085033163839f,-0.9933969883102738f,0.5858799518499054f,0f,0f,0f,1f], start_interpolation: 0, interpolation_duration: 1 }
$data merge entity $(bone_glowing_eye) { transformation: [-0.9600568663661445f,-0.2651268061727535f,-0.0894348365674915f,-0.7789990979472305f,-0.25927997920827295f,0.9631251521778124f,-0.07185981926099982f,4.139064031927767f,0.10518890495188325f,-0.04580085033163839f,-0.9933969883102738f,0.6305926840497347f,0f,0f,0f,1f], start_interpolation: 0, interpolation_duration: 1 }
$data merge entity $(bone_head) { transformation: [-0.9600568663661445f,-0.2651268061727535f,-0.0894348365674915f,-0.6281717260535657f,-0.25927997920827295f,0.9631251521778124f,-0.07185981926099982f,3.971375243348468f,0.10518890495188325f,-0.04580085033163839f,-0.9933969883102738f,0.4055167446751585f,0f,0f,0f,1f], start_interpolation: 0, interpolation_duration: 1 }
$data merge entity $(bone_leftthumb2) { transformation: [0.3835627041703471f,0.914376351036121f,0.12959761045404727f,-0.9590565317075772f,-0.7766213660533566f,0.39529858758108527f,-0.49050818591111955f,3.2867273752861874f,-0.4997388375531253f,0.08749237293768725f,0.8617460060358757f,0.5109333251727547f,0f,0f,0f,1f], start_interpolation: 0, interpolation_duration: 1 }
$data merge entity $(bone_leftthumb) { transformation: [0.3835627041703471f,0.914376351036121f,0.12959761045404727f,-0.7237375016432246f,-0.7766213660533566f,0.39529858758108527f,-0.49050818591111955f,3.3417537858535424f,-0.4997388375531253f,0.08749237293768725f,0.8617460060358757f,0.6060328327537363f,0f,0f,0f,1f], start_interpolation: 0, interpolation_duration: 1 }
$data merge entity $(bone_leftpointerfinger) { transformation: [0.3835627041703471f,0.914376351036121f,0.12959761045404727f,-1.0596445246055501f,-0.7766213660533566f,0.39529858758108527f,-0.49050818591111955f,3.273996827501001f,-0.4997388375531253f,0.08749237293768725f,0.8617460060358757f,0.6723776772738623f,0f,0f,0f,1f], start_interpolation: 0, interpolation_duration: 1 }
$data merge entity $(bone_leftmidfinger) { transformation: [0.3835627041703471f,0.914376351036121f,0.12959761045404727f,-1.0393948979721053f,-0.7766213660533566f,0.39529858758108527f,-0.49050818591111955f,3.1973549234523886f,-0.4997388375531253f,0.08749237293768725f,0.8617460060358757f,0.8070254907169679f,0f,0f,0f,1f], start_interpolation: 0, interpolation_duration: 1 }
$data merge entity $(bone_leftringfinger) { transformation: [0.3835627041703471f,0.914376351036121f,0.12959761045404727f,-1.0191452713386604f,-0.7766213660533566f,0.39529858758108527f,-0.49050818591111955f,3.120713019403776f,-0.4997388375531253f,0.08749237293768725f,0.8617460060358757f,0.9416733041600736f,0f,0f,0f,1f], start_interpolation: 0, interpolation_duration: 1 }
$data merge entity $(bone_invisibility) { transformation: [0.9221920489601045f,-0.04941130239423465f,-0.3835627041703469f,-0.8917665295057233f,0.3510437518445424f,0.5230941961829872f,0.7766213660533563f,3.1869444851924005f,0.1622655512598742f,-0.8508413395665373f,0.49973883755312537f,0.5613165608340898f,0f,0f,0f,1f], start_interpolation: 0, interpolation_duration: 1 }
$data merge entity $(bone_swiftness) { transformation: [0.12959761045404736f,0.914376351036121f,-0.38356270417034705f,-0.9713118213101617f,-0.4905081859111197f,0.39529858758108527f,0.7766213660533565f,3.000995233226093f,0.8617460060358756f,0.08749237293768725f,0.4997388375531255f,0.6850180328926262f,0f,0f,0f,1f], start_interpolation: 0, interpolation_duration: 1 }
$data merge entity $(bone_suspicious_stew) { transformation: [0.8834767240820317f,0.26897682051584354f,-0.3835627041703471f,-0.9103283690004076f,0.15096447122998558f,0.6116117904485404f,0.7766213660533569f,3.076444579041202f,0.4434846180326128f,-0.7440312411515517f,0.4997388375531254f,0.7187927319843623f,0f,0f,0f,1f], start_interpolation: 0, interpolation_duration: 1 }
$data merge entity $(bone_log) { transformation: [0.3835627041703471f,0.914376351036121f,0.12959761045404727f,-0.7539974336148889f,-0.7766213660533566f,0.39529858758108527f,-0.49050818591111955f,3.030056078206752f,-0.4997388375531253f,0.08749237293768725f,0.8617460060358757f,0.7232731066138994f,0f,0f,0f,1f], start_interpolation: 0, interpolation_duration: 1 }
$data merge entity $(bone_planks) { transformation: [0.3835627041703471f,0.914376351036121f,0.12959761045404727f,-0.7180384300989189f,-0.7766213660533566f,0.39529858758108527f,-0.49050818591111955f,2.9572478251392496f,-0.4997388375531253f,0.08749237293768725f,0.8617460060358757f,0.6764225905932939f,0f,0f,0f,1f], start_interpolation: 0, interpolation_duration: 1 }
$data merge entity $(bone_lefthand1) { transformation: [0.3835627041703471f,0.914376351036121f,0.12959761045404727f,-0.6253439472251344f,-0.7766213660533566f,0.39529858758108527f,-0.49050818591111955f,3.338364447425085f,-0.4997388375531253f,0.08749237293768725f,0.8617460060358757f,0.8431513465479815f,0f,0f,0f,1f], start_interpolation: 0, interpolation_duration: 1 }
$data merge entity $(bone_leftforearm) { transformation: [0.36414451365546596f,0.9218644651433938f,0.1325318115793658f,0.043945045068088134f,-0.879807836694106f,0.38717402409789986f,-0.275743441545717f,3.5653997248377802f,-0.30551095506750864f,-0.016192065023443336f,0.9520508775081378f,0.7998818462293561f,0f,0f,0f,1f], start_interpolation: 0, interpolation_duration: 1 }
$data merge entity $(bone_leftelbow) { transformation: [0.36414451365546596f,0.9218644651433938f,0.1325318115793658f,0.21679463228247448f,-0.879807836694106f,0.38717402409789986f,-0.275743441545717f,3.6379948543561365f,-0.30551095506750864f,-0.016192065023443336f,0.9520508775081378f,0.7968458340374605f,0f,0f,0f,1f], start_interpolation: 0, interpolation_duration: 1 }
$data merge entity $(bone_leftarm) { transformation: [0.3441634417635662f,-0.3109772604262603f,0.8859145945582078f,0.04881648939260341f,-0.9150813140106464f,0.1001274485026141f,0.39064137364711504f,3.4187805454028397f,-0.2101849521302721f,-0.9451283709391722f,-0.25010927280662965f,0.39547365179472815f,0f,0f,0f,1f], start_interpolation: 0, interpolation_duration: 1 }
$data merge entity $(bone_rightthumb2) { transformation: [-0.6699614003132232f,-0.6967381110640962f,0.25633518424356017f,-0.9494560441228215f,0.7219803157274637f,-0.6918841271085688f,0.0063857933951981805f,4.434294406317057f,0.17290501956975404f,0.18934719233738104f,0.966566860057562f,0.2409988537240826f,0f,0f,0f,1f], start_interpolation: 0, interpolation_duration: 1 }
$data merge entity $(bone_rightthumb) { transformation: [-0.6699614003132232f,-0.6967381110640962f,0.25633518424356017f,-1.0984200763179641f,0.7219803157274637f,-0.6918841271085688f,0.0063857933951981805f,4.265160727213704f,0.17290501956975404f,0.18934719233738104f,0.966566860057562f,0.3700352199842519f,0f,0f,0f,1f], start_interpolation: 0, interpolation_duration: 1 }
$data merge entity $(bone_rightpointerfinger) { transformation: [-0.6699614003132232f,-0.6967381110640962f,0.25633518424356017f,-0.9310642000228995f,0.7219803157274637f,-0.6918841271085688f,0.0063857933951981805f,4.571451137519295f,0.17290501956975404f,0.18934719233738104f,0.966566860057562f,0.3721249805791887f,0f,0f,0f,1f], start_interpolation: 0, interpolation_duration: 1 }
$data merge entity $(bone_rightmidfinger) { transformation: [-0.6699614003132232f,-0.6967381110640962f,0.25633518424356017f,-0.8910118274848432f,0.7219803157274637f,-0.6918841271085688f,0.0063857933951981805f,4.572448917737295f,0.17290501956975404f,0.18934719233738104f,0.966566860057562f,0.5231510524631827f,0f,0f,0f,1f], start_interpolation: 0, interpolation_duration: 1 }
$data merge entity $(bone_rightringfinger) { transformation: [-0.6699614003132232f,-0.6967381110640962f,0.25633518424356017f,-0.8509594549467869f,0.7219803157274637f,-0.6918841271085688f,0.0063857933951981805f,4.573446697955294f,0.17290501956975404f,0.18934719233738104f,0.966566860057562f,0.6741771243471768f,0f,0f,0f,1f], start_interpolation: 0, interpolation_duration: 1 }
$data merge entity $(bone_hugeasssword) { transformation: [-2.624015484560124f,-2.728890935001044f,1.0039794716206107f,-0.8585834965903435f,2.827756236599233f,-2.7098794978418947f,0.025011024131192876f,4.240034155031458f,0.6772113266482034f,0.7416098366547424f,3.785720201892118f,0.500581697895098f,0f,0f,0f,1f], start_interpolation: 0, interpolation_duration: 1 }
$data merge entity $(bone_ice) { transformation: [-0.6699614003132232f,-0.6967381110640962f,0.25633518424356017f,-0.8372288167250729f,0.7219803157274637f,-0.6918841271085688f,0.0063857933951981805f,4.239563902084289f,0.17290501956975404f,0.18934719233738104f,0.966566860057562f,0.49492150708404903f,0f,0f,0f,1f], start_interpolation: 0, interpolation_duration: 1 }
$data merge entity $(bone_righthand1) { transformation: [-0.6699614003132232f,-0.6967381110640962f,0.25633518424356017f,-1.1708932200617914f,0.7219803157274637f,-0.6918841271085688f,0.0063857933951981805f,4.247287505282612f,0.17290501956975404f,0.18934719233738104f,0.966566860057562f,0.6156897744376316f,0f,0f,0f,1f], start_interpolation: 0, interpolation_duration: 1 }
$data merge entity $(bone_rightforearm) { transformation: [-0.7227700982795846f,-0.6686088745828901f,-0.17483008282878673f,-1.5988783388956125f,0.644901241694741f,-0.7434574028165931f,0.17712560136182445f,3.6915583894714716f,-0.2484064683004466f,0.01527295080223734f,0.968535473527063f,0.6360748535434269f,0f,0f,0f,1f], start_interpolation: 0, interpolation_duration: 1 }
$data merge entity $(bone_rightelbow) { transformation: [-0.7227700982795846f,-0.6686088745828901f,-0.17483008282878673f,-1.7242425028799044f,0.644901241694741f,-0.7434574028165931f,0.17712560136182445f,3.5521601264433604f,-0.2484064683004466f,0.01527295080223734f,0.968535473527063f,0.6389385318188463f,0f,0f,0f,1f], start_interpolation: 0, interpolation_duration: 1 }
$data merge entity $(bone_rightarm) { transformation: [-0.7228437018369701f,0.4852988612524548f,-0.4919166575566391f,-1.3223110346174407f,0.6134491169943291f,0.12298383466373351f,-0.780099453448265f,3.5556391642408287f,-0.3180835795408233f,-0.865655815944463f,-0.38660424822811085f,0.4380223802573061f,0f,0f,0f,1f], start_interpolation: 0, interpolation_duration: 1 }
$data merge entity $(bone_chest1) { transformation: [-1.076623342244241f,0.032406741984996476f,-0.11594435354888298f,-0.6124347753298456f,0.0003876775090297677f,1.0442735204513407f,0.2882772542213893f,3.347818217830573f,0.12038745678890106f,0.28645022022891237f,-1.0378170564650684f,0.1977039459254345f,0f,0f,0f,1f], start_interpolation: 0, interpolation_duration: 1 }
$data merge entity $(bone_chest1lid) { transformation: [-0.9938061620716072f,0.029913915678458285f,-0.10702555712204584f,-0.9303103804539172f,0.00035785616218132407f,0.9639447881089299f,0.26610208081974396f,2.5850020366215887f,0.11112688318975483f,0.2644155879036114f,-0.9579849751985247f,0.42980906384249884f,0f,0f,0f,1f], start_interpolation: 0, interpolation_duration: 1 }
$data merge entity $(bone_chest2) { transformation: [-0.9938061620716072f,0.029913915678458285f,-0.10702555712204584f,-0.9349844297786764f,0.00035785616218132407f,0.9639447881089299f,0.26610208081974396f,2.4343856634795684f,0.11112688318975483f,0.2644155879036114f,-0.9579849751985247f,0.3884941282325596f,0f,0f,0f,1f], start_interpolation: 0, interpolation_duration: 1 }
$data merge entity $(bone_chest1lid3) { transformation: [-0.9938061620716072f,0.029913915678458285f,-0.10702555712204584f,-0.9367607428557524f,0.00035785616218132407f,0.9639447881089299f,0.26610208081974396f,2.7554513161366008f,0.11112688318975483f,0.2644155879036114f,-0.9579849751985247f,-0.19084549109341561f,0f,0f,0f,1f], start_interpolation: 0, interpolation_duration: 1 }
$data merge entity $(bone_chest3) { transformation: [-0.9938061620716072f,0.029913915678458285f,-0.10702555712204584f,-0.9414347921805115f,0.00035785616218132407f,0.9639447881089299f,0.26610208081974396f,2.6048349429945805f,0.11112688318975483f,0.2644155879036114f,-0.9579849751985247f,-0.2321604267033549f,0f,0f,0f,1f], start_interpolation: 0, interpolation_duration: 1 }
$data merge entity $(bone_hugeasssword2) { transformation: [0.41918343206134534f,2.9489378768440204f,-2.5432908655082542f,-1.8305007333781278f,-1.0422331498773303f,2.549623962803798f,2.784500940450769f,4.537223445879828f,3.7521078195275552f,0.37876222698299017f,1.057593430307146f,0.3876200444066261f,0f,0f,0f,1f], start_interpolation: 0, interpolation_duration: 1 }
$data merge entity $(bone_belt) { transformation: [-0.9938061620716072f,0.029913915678458285f,-0.10702555712204584f,-0.5785101032574264f,0.00035785616218132407f,0.9639447881089299f,0.26610208081974396f,2.929005201063082f,0.11112688318975483f,0.2644155879036114f,-0.9579849751985247f,0.21422265785174993f,0f,0f,0f,1f], start_interpolation: 0, interpolation_duration: 1 }
$data merge entity $(bone_torn_part) { transformation: [-0.9693101541942853f,0.04341217692435727f,-0.2419777011845079f,-0.7035641055652823f,-0.06091812746994754f,0.911173530043444f,0.4074945151701115f,2.642464807863639f,0.23817390016835582f,0.40972939977850903f,-0.880565166376536f,0.17674279149977135f,0f,0f,0f,1f], start_interpolation: 0, interpolation_duration: 1 }
$data merge entity $(bone_lowerbody) { transformation: [-0.9693101541942853f,-0.031361169095252966f,-0.2438325286930143f,-0.5593028906249999f,-0.06091812746994754f,0.9915376046533659f,0.11463926161582118f,2.1481434765625f,0.23817390016835582f,0.12597482141779134f,-0.9630179321525376f,0.227396875f,0f,0f,0f,1f], start_interpolation: 0, interpolation_duration: 1 }
$data merge entity $(bone_leftfoot) { transformation: [-0.5587239377217426f,0.2744316060906411f,-0.7826332825757036f,0.05189931782663304f,-0.18401549718137955f,0.8791240140115307f,0.4396353770857656f,0.9627965468295152f,0.8086815555048849f,0.3896514616510054f,-0.44068796241721275f,0.13462186319630992f,0f,0f,0f,1f], start_interpolation: 0, interpolation_duration: 1 }
$data merge entity $(bone_leftlowerleg) { transformation: [-0.5587239377217426f,0.2744316060906411f,-0.7826332825757036f,0.4765950606805836f,-0.18401549718137955f,0.8791240140115307f,0.4396353770857656f,1.870526697589104f,0.8086815555048849f,0.3896514616510054f,-0.44068796241721275f,0.6346012308809632f,0f,0f,0f,1f], start_interpolation: 0, interpolation_duration: 1 }
$data merge entity $(bone_leftleg) { transformation: [-0.6288771466224533f,-0.7753272618727785f,-0.058147841343089805f,-0.3483933078599238f,-0.23853386593439602f,0.26357668628589115f,-0.9346811890954799f,2.122893026635626f,0.7400102224012806f,-0.57392940980874f,-0.35069916352651653f,0.055479668678491086f,0f,0f,0f,1f], start_interpolation: 0, interpolation_duration: 1 }
$data merge entity $(bone_rightfoot) { transformation: [-0.9282263871728972f,0.32383523133862435f,0.1831024770444421f,-1.4353437975447885f,0.34332538659567896f,0.9352329015209087f,0.08641237661186085f,0.20516415600446658f,-0.14326008891131678f,0.14307397686736095f,-0.9792887133366133f,0.2818340406114115f,0f,0f,0f,1f], start_interpolation: 0, interpolation_duration: 1 }
$data merge entity $(bone_rightlowerleg) { transformation: [-0.9282263871728972f,0.32383523133862435f,0.1831024770444421f,-1.1042219823030437f,0.34332538659567896f,0.9352329015209087f,0.08641237661186085f,1.22941127251696f,-0.14326008891131678f,0.14307397686736095f,-0.9792887133366133f,0.5910201601146898f,0f,0f,0f,1f], start_interpolation: 0, interpolation_duration: 1 }
$data merge entity $(bone_rightleg) { transformation: [-0.9621088936842934f,0.2245830735329487f,-0.15462509426376775f,-0.8423125941626237f,0.2700390298656899f,0.863336545780093f,-0.4262967640854132f,2.134574273665153f,0.037754457257150126f,-0.4518987185232898f,-0.8912699642387969f,0.1292089301237564f,0f,0f,0f,1f], start_interpolation: 0, interpolation_duration: 1 }
data modify entity @s data merge value {"locators":{"lefthand":{"posx":-0.8634170522189004,"posy":3.079645819524343,"posz":0.7498234996544376,"roty":171.44740614148415,"rotx":-29.373988632913246},"righthand":{"posx":-0.8931564022728666,"posy":4.3179604681480095,"posz":0.4930701956000425,"roty":165.14697468763418,"rotx":0.36588149709050344},"chest":{"posx":-0.9465136994482389,"posy":2.4831882202417637,"posz":0.5664409570729725,"roty":353.6253802174576,"rotx":15.432448901175913},"sack":{"posx":0,"posy":-0.4375,"posz":0,"roty":0,"rotx":0}},"cameras":{}}