# This file was generated by Animated Java via MC-Build. It is not recommended to edit this file directly.
$data merge entity $(bone_nose) {transformation: [-0.9947f,-0.0979f,-0.0304f,-0.1853f,-0.1021f,0.9211f,0.3758f,3.5344f,-0.0087f,0.3769f,-0.9262f,1.019f,0f,0f,0f,1f],start_interpolation: 0,interpolation_duration: 1}
$data merge entity $(bone_glowing_eye) {transformation: [-0.9947f,-0.0979f,-0.0304f,-0.3152f,-0.1021f,0.9211f,0.3758f,3.5709f,-0.0087f,0.3769f,-0.9262f,1.0757f,0f,0f,0f,1f],start_interpolation: 0,interpolation_duration: 1}
$data merge entity $(bone_head) {transformation: [-0.9947f,-0.0979f,-0.0304f,-0.179f,-0.1021f,0.9211f,0.3758f,3.4911f,-0.0087f,0.3769f,-0.9262f,0.799f,0f,0f,0f,1f],start_interpolation: 0,interpolation_duration: 1}
$data merge entity $(bone_leftthumb2) {transformation: [-0.672f,0.1579f,0.7236f,0.8315f,0.1991f,0.9796f,-0.0288f,2.7195f,-0.7133f,0.1247f,-0.6896f,0.0143f,0f,0f,0f,1f],start_interpolation: 0,interpolation_duration: 1}
$data merge entity $(bone_leftthumb) {transformation: [-0.672f,0.1579f,0.7236f,0.932f,0.1991f,0.9796f,-0.0288f,2.9573f,-0.7133f,0.1247f,-0.6896f,-0.014f,0f,0f,0f,1f],start_interpolation: 0,interpolation_duration: 1}
$data merge entity $(bone_leftpointerfinger) {transformation: [0.4727f,0.503f,0.7236f,0.9267f,0.7488f,-0.6622f,-0.0288f,2.6073f,0.4647f,0.5554f,-0.6896f,-0.073f,0f,0f,0f,1f],start_interpolation: 0,interpolation_duration: 1}
$data merge entity $(bone_leftmidfinger) {transformation: [0.403f,0.5604f,0.7236f,1.0405f,0.8288f,-0.5588f,-0.0288f,2.5914f,0.3882f,0.6113f,-0.6896f,-0.1795f,0f,0f,0f,1f],start_interpolation: 0,interpolation_duration: 1}
$data merge entity $(bone_leftringfinger) {transformation: [0.403f,0.5604f,0.7236f,1.1535f,0.8288f,-0.5588f,-0.0288f,2.5869f,0.3882f,0.6113f,-0.6896f,-0.2872f,0f,0f,0f,1f],start_interpolation: 0,interpolation_duration: 1}
$data merge entity $(bone_invisibility) {transformation: [0.2203f,-0.7071f,0.672f,0.8563f,0.9733f,0.1141f,-0.1991f,2.7581f,0.0641f,0.6979f,0.7133f,-0.1078f,0f,0f,0f,1f],start_interpolation: 0,interpolation_duration: 1}
$data merge entity $(bone_swiftness) {transformation: [0.7236f,0.1579f,0.672f,0.9356f,-0.0288f,0.9796f,-0.1991f,2.6304f,-0.6896f,0.1247f,0.7133f,-0.2912f,0f,0f,0f,1f],start_interpolation: 0,interpolation_duration: 1}
$data merge entity $(bone_suspicious_stew) {transformation: [0.4489f,-0.5891f,0.672f,0.9846f,0.8756f,0.4401f,-0.1991f,2.7068f,-0.1784f,0.6777f,0.7133f,-0.243f,0f,0f,0f,1f],start_interpolation: 0,interpolation_duration: 1}
$data merge entity $(bone_log) {transformation: [-0.672f,0.1579f,0.7236f,0.9752f,0.1991f,0.9796f,-0.0288f,2.8466f,-0.7133f,0.1247f,-0.6896f,-0.3266f,0f,0f,0f,1f],start_interpolation: 0,interpolation_duration: 1}
$data merge entity $(bone_planks) {transformation: [-0.672f,0.1579f,0.7236f,0.9122f,0.1991f,0.9796f,-0.0288f,2.8652f,-0.7133f,0.1247f,-0.6896f,-0.3935f,0f,0f,0f,1f],start_interpolation: 0,interpolation_duration: 1}
$data merge entity $(bone_lefthand1) {transformation: [-0.672f,0.1579f,0.7236f,1.1601f,0.1991f,0.9796f,-0.0288f,3.0426f,-0.7133f,0.1247f,-0.6896f,-0.0955f,0f,0f,0f,1f],start_interpolation: 0,interpolation_duration: 1}
$data merge entity $(bone_leftforearm) {transformation: [-0.672f,0.1579f,0.7236f,1.2178f,0.1991f,0.9796f,-0.0288f,3.7442f,-0.7133f,0.1247f,-0.6896f,-0.0416f,0f,0f,0f,1f],start_interpolation: 0,interpolation_duration: 1}
$data merge entity $(bone_leftelbow) {transformation: [-0.672f,0.1579f,0.7236f,1.2474f,0.1991f,0.9796f,-0.0288f,3.9279f,-0.7133f,0.1247f,-0.6896f,-0.0183f,0f,0f,0f,1f],start_interpolation: 0,interpolation_duration: 1}
$data merge entity $(bone_leftarm) {transformation: [-0.8095f,-0.5115f,-0.2882f,0.7177f,-0.2061f,-0.2122f,0.9553f,3.4748f,-0.5497f,0.8327f,0.0664f,0.3972f,0f,0f,0f,1f],start_interpolation: 0,interpolation_duration: 1}
$data merge entity $(bone_rightthumb2) {transformation: [0.0785f,-0.3921f,-0.9166f,-0.299f,0.6248f,0.7358f,-0.2612f,2.559f,0.7768f,-0.5522f,0.3027f,1.2649f,0f,0f,0f,1f],start_interpolation: 0,interpolation_duration: 1}
$data merge entity $(bone_rightthumb) {transformation: [0.0785f,-0.3921f,-0.9166f,-0.4735f,0.6248f,0.7358f,-0.2612f,2.7172f,0.7768f,-0.5522f,0.3027f,1.1554f,0f,0f,0f,1f],start_interpolation: 0,interpolation_duration: 1}
$data merge entity $(bone_rightpointerfinger) {transformation: [0.9447f,-0.2156f,-0.2469f,-0.2515f,-0.0417f,0.6682f,-0.7428f,2.8013f,0.3251f,0.712f,0.6223f,1.4193f,0f,0f,0f,1f],start_interpolation: 0,interpolation_duration: 1}
$data merge entity $(bone_rightmidfinger) {transformation: [0.9085f,-0.337f,-0.2469f,-0.2848f,0.0459f,0.668f,-0.7428f,2.6908f,0.4153f,0.6635f,0.6223f,1.5252f,0f,0f,0f,1f],start_interpolation: 0,interpolation_duration: 1}
$data merge entity $(bone_rightringfinger) {transformation: [0.9085f,-0.337f,-0.2469f,-0.3234f,0.0459f,0.668f,-0.7428f,2.5747f,0.4153f,0.6635f,0.6223f,1.6224f,0f,0f,0f,1f],start_interpolation: 0,interpolation_duration: 1}
$data merge entity $(bone_hugeasssword) {transformation: [-2.5813f,-2.7824f,-0.9672f,-0.328f,2.3482f,-1.1673f,-2.9092f,2.5215f,1.7784f,-2.4973f,2.4375f,1.2808f,0f,0f,0f,1f],start_interpolation: 0,interpolation_duration: 1}
$data merge entity $(bone_ice) {transformation: [-0.6591f,-0.7104f,-0.2469f,-0.3066f,0.5995f,-0.298f,-0.7428f,2.5168f,0.4541f,-0.6376f,0.6223f,1.2837f,0f,0f,0f,1f],start_interpolation: 0,interpolation_duration: 1}
$data merge entity $(bone_righthand1) {transformation: [-0.6591f,-0.7104f,-0.2469f,-0.6567f,0.5995f,-0.298f,-0.7428f,2.5689f,0.4541f,-0.6376f,0.6223f,1.2573f,0f,0f,0f,1f],start_interpolation: 0,interpolation_duration: 1}
$data merge entity $(bone_rightforearm) {transformation: [-0.6591f,-0.7104f,-0.2469f,-1.1111f,0.5995f,-0.298f,-0.7428f,2.3335f,0.4541f,-0.6376f,0.6223f,0.7709f,0f,0f,0f,1f],start_interpolation: 0,interpolation_duration: 1}
$data merge entity $(bone_rightelbow) {transformation: [-0.6591f,-0.7104f,-0.2469f,-1.2443f,0.5995f,-0.298f,-0.7428f,2.2776f,0.4541f,-0.6376f,0.6223f,0.6513f,0f,0f,0f,1f],start_interpolation: 0,interpolation_duration: 1}
$data merge entity $(bone_rightarm) {transformation: [-0.9097f,0.1266f,-0.3956f,-0.8361f,0.2639f,0.9116f,-0.3153f,2.8595f,0.3207f,-0.3912f,-0.8626f,0.4947f,0f,0f,0f,1f],start_interpolation: 0,interpolation_duration: 1}
$data merge entity $(bone_chest1) {transformation: [-1.0419f,-0.2382f,-0.1769f,-0.0502f,-0.2894f,0.6738f,0.7974f,3.1421f,-0.0653f,0.8142f,-0.7117f,0.2517f,0f,0f,0f,1f],start_interpolation: 0,interpolation_duration: 1}
$data merge entity $(bone_chest1lid) {transformation: [-0.9618f,-0.2198f,-0.1633f,-0.1644f,-0.2671f,0.622f,0.7361f,2.3378f,-0.0603f,0.7515f,-0.6569f,-0.0254f,0f,0f,0f,1f],start_interpolation: 0,interpolation_duration: 1}
$data merge entity $(bone_chest2) {transformation: [-0.9618f,-0.2198f,-0.1633f,-0.1301f,-0.2671f,0.622f,0.7361f,2.2406f,-0.0603f,0.7515f,-0.6569f,-0.1428f,0f,0f,0f,1f],start_interpolation: 0,interpolation_duration: 1}
$data merge entity $(bone_chest1lid3) {transformation: [-0.9618f,-0.2198f,-0.1633f,-0.2089f,-0.2671f,0.622f,0.7361f,2.826f,-0.0603f,0.7515f,-0.6569f,-0.4425f,0f,0f,0f,1f],start_interpolation: 0,interpolation_duration: 1}
$data merge entity $(bone_chest3) {transformation: [-0.9618f,-0.2198f,-0.1633f,-0.1746f,-0.2671f,0.622f,0.7361f,2.7288f,-0.0603f,0.7515f,-0.6569f,-0.5599f,0f,0f,0f,1f],start_interpolation: 0,interpolation_duration: 1}
$data merge entity $(bone_hugeasssword2) {transformation: [0.6395f,2.1956f,-3.1797f,-1.5335f,-2.8829f,2.4172f,1.0893f,3.7297f,2.573f,2.1626f,2.0108f,0.8755f,0f,0f,0f,1f],start_interpolation: 0,interpolation_duration: 1}
$data merge entity $(bone_belt) {transformation: [-0.9618f,-0.2198f,-0.1633f,0.0896f,-0.2671f,0.622f,0.7361f,2.8066f,-0.0603f,0.7515f,-0.6569f,0.0403f,0f,0f,0f,1f],start_interpolation: 0,interpolation_duration: 1}
$data merge entity $(bone_torn_part) {transformation: [-0.9836f,-0.0139f,0.1796f,-0.0621f,0.0949f,0.8074f,0.5823f,2.4264f,-0.1532f,0.5898f,-0.7929f,0.0041f,0f,0f,0f,1f],start_interpolation: 0,interpolation_duration: 1}
$data merge entity $(bone_lowerbody) {transformation: [-0.9836f,0.0407f,0.1755f,-0.0106f,0.0949f,0.9451f,0.3126f,1.9117f,-0.1532f,0.3241f,-0.9335f,-0.0079f,0f,0f,0f,1f],start_interpolation: 0,interpolation_duration: 1}
$data merge entity $(bone_leftfoot) {transformation: [-0.9676f,0.2501f,0.035f,0.2443f,0.1833f,0.6003f,0.7785f,1.4284f,0.1737f,0.7597f,-0.6267f,0.0015f,0f,0f,0f,1f],start_interpolation: 0,interpolation_duration: 1}
$data merge entity $(bone_leftlowerleg) {transformation: [-0.9676f,0.2501f,0.035f,0.5164f,0.1833f,0.6003f,0.7785f,1.9748f,0.1737f,0.7597f,-0.6267f,0.9405f,0f,0f,0f,1f],start_interpolation: 0,interpolation_duration: 1}
$data merge entity $(bone_leftleg) {transformation: [-0.9559f,-0.2835f,-0.0767f,0.2219f,-0.0193f,0.3214f,-0.9468f,2.1836f,0.293f,-0.9035f,-0.3127f,0.1748f,0f,0f,0f,1f],start_interpolation: 0,interpolation_duration: 1}
$data merge entity $(bone_rightfoot) {transformation: [-0.9883f,-0.1211f,0.0923f,0.0289f,-0.0741f,0.9123f,0.4027f,0.3737f,-0.133f,0.3912f,-0.9107f,-0.1599f,0f,0f,0f,1f],start_interpolation: 0,interpolation_duration: 1}
$data merge entity $(bone_rightlowerleg) {transformation: [-0.9883f,-0.1211f,0.0923f,-0.1196f,-0.0741f,0.9123f,0.4027f,1.3239f,-0.133f,0.3912f,-0.9107f,0.414f,0f,0f,0f,1f],start_interpolation: 0,interpolation_duration: 1}
$data merge entity $(bone_rightleg) {transformation: [-0.9787f,-0.1756f,0.106f,-0.2729f,-0.2047f,0.8664f,-0.4555f,2.1891f,-0.0118f,-0.4676f,-0.8839f,0.0089f,0f,0f,0f,1f],start_interpolation: 0,interpolation_duration: 1}
data modify entity @s data merge value {"cameras":{},"locators":{"lefthand":{"posx":1.0145915382542967,"posy":2.75181403420357,"posz":-0.25867185460076425,"roty":46.375114629816466,"rotx":-1.6517776825318924},"sword":{"posx":0.5571733369517319,"posy":5.32823392806762,"posz":-0.9683267016345707,"roty":201.64370885768972,"rotx":-47.96879018146368},"righthand":{"posx":-0.35344450207355743,"posy":2.5892318285636926,"posz":1.3265151012272285,"roty":201.64370885768972,"rotx":-47.96879018146368},"chest":{"posx":-0.15521776833623074,"posy":2.1755742589665776,"posz":0.028405338415406045,"roty":346.0421894015991,"rotx":47.396259505943185}}}