# This file was generated by Animated Java via MC-Build. It is not recommended to edit this file directly.
$data merge entity $(bone_nose) {transformation: [-0.9976f,-0.0152f,-0.0678f,0.0169f,-0.0316f,0.9685f,0.247f,3.8442f,0.0619f,0.2485f,-0.9666f,0.9324f,0f,0f,0f,1f],start_interpolation: 0,interpolation_duration: 1}
$data merge entity $(bone_glowing_eye) {transformation: [-0.9976f,-0.0152f,-0.0678f,-0.1064f,-0.0316f,0.9685f,0.247f,3.8972f,0.0619f,0.2485f,-0.9666f,0.9907f,0f,0f,0f,1f],start_interpolation: 0,interpolation_duration: 1}
$data merge entity $(bone_head) {transformation: [-0.9976f,-0.0152f,-0.0678f,0.0061f,-0.0316f,0.9685f,0.247f,3.7708f,0.0619f,0.2485f,-0.9666f,0.7207f,0f,0f,0f,1f],start_interpolation: 0,interpolation_duration: 1}
$data merge entity $(bone_leftthumb2) {transformation: [-0.7536f,0.3327f,0.5669f,0.6507f,0.085f,0.9045f,-0.4178f,2.3256f,-0.6518f,-0.2667f,-0.7099f,0.1247f,0f,0f,0f,1f],start_interpolation: 0,interpolation_duration: 1}
$data merge entity $(bone_leftthumb) {transformation: [-0.7536f,0.3327f,0.5669f,0.7807f,0.085f,0.9045f,-0.4178f,2.5117f,-0.6518f,-0.2667f,-0.7099f,-0.0014f,0f,0f,0f,1f],start_interpolation: 0,interpolation_duration: 1}
$data merge entity $(bone_leftpointerfinger) {transformation: [0.6649f,0.4863f,0.5669f,0.7086f,0.7409f,-0.5259f,-0.4178f,2.1726f,0.095f,0.6978f,-0.7099f,0.0746f,0f,0f,0f,1f],start_interpolation: 0,interpolation_duration: 1}
$data merge entity $(bone_leftmidfinger) {transformation: [0.5958f,0.5689f,0.5669f,0.7963f,0.8032f,-0.4247f,-0.4178f,2.0971f,0.0031f,0.7043f,-0.7099f,-0.031f,0f,0f,0f,1f],start_interpolation: 0,interpolation_duration: 1}
$data merge entity $(bone_leftringfinger) {transformation: [0.5958f,0.5689f,0.5669f,0.8849f,0.8032f,-0.4247f,-0.4178f,2.0318f,0.0031f,0.7043f,-0.7099f,-0.1419f,0f,0f,0f,1f],start_interpolation: 0,interpolation_duration: 1}
$data merge entity $(bone_invisibility) {transformation: [0.3808f,-0.5358f,0.7536f,0.6579f,0.8647f,0.4951f,-0.085f,2.3139f,-0.3276f,0.684f,0.6518f,-0.0051f,0f,0f,0f,1f],start_interpolation: 0,interpolation_duration: 1}
$data merge entity $(bone_swiftness) {transformation: [0.5669f,0.3327f,0.7536f,0.6799f,-0.4178f,0.9045f,-0.085f,2.1175f,-0.7099f,-0.2667f,0.6518f,-0.136f,0f,0f,0f,1f],start_interpolation: 0,interpolation_duration: 1}
$data merge entity $(bone_suspicious_stew) {transformation: [0.5411f,-0.3732f,0.7536f,0.7486f,0.6432f,0.761f,-0.085f,2.1932f,-0.5417f,0.5307f,0.6518f,-0.1257f,0f,0f,0f,1f],start_interpolation: 0,interpolation_duration: 1}
$data merge entity $(bone_log) {transformation: [-0.7536f,0.3327f,0.5669f,0.7461f,0.085f,0.9045f,-0.4178f,2.2947f,-0.6518f,-0.2667f,-0.7099f,-0.2534f,0f,0f,0f,1f],start_interpolation: 0,interpolation_duration: 1}
$data merge entity $(bone_planks) {transformation: [-0.7536f,0.3327f,0.5669f,0.6755f,0.085f,0.9045f,-0.4178f,2.3026f,-0.6518f,-0.2667f,-0.7099f,-0.3145f,0f,0f,0f,1f],start_interpolation: 0,interpolation_duration: 1}
$data merge entity $(bone_lefthand1) {transformation: [-0.7536f,0.3327f,0.5669f,1f,0.085f,0.9045f,-0.4178f,2.5126f,-0.6518f,-0.2667f,-0.7099f,-0.1349f,0f,0f,0f,1f],start_interpolation: 0,interpolation_duration: 1}
$data merge entity $(bone_leftforearm) {transformation: [-0.7536f,0.3327f,0.5669f,1.1779f,0.085f,0.9045f,-0.4178f,3.1604f,-0.6518f,-0.2667f,-0.7099f,-0.3521f,0f,0f,0f,1f],start_interpolation: 0,interpolation_duration: 1}
$data merge entity $(bone_leftelbow) {transformation: [-0.7536f,0.3327f,0.5669f,1.2403f,0.085f,0.9045f,-0.4178f,3.33f,-0.6518f,-0.2667f,-0.7099f,-0.4021f,0f,0f,0f,1f],start_interpolation: 0,interpolation_duration: 1}
$data merge entity $(bone_leftarm) {transformation: [-0.9312f,-0.3461f,0.1142f,0.7361f,-0.0957f,0.5346f,0.8397f,3.4371f,-0.3517f,0.771f,-0.5309f,0.128f,0f,0f,0f,1f],start_interpolation: 0,interpolation_duration: 1}
$data merge entity $(bone_rightthumb2) {transformation: [0.0158f,0.35f,-0.9366f,-0.9335f,-0.5901f,0.7595f,0.2738f,2.0304f,0.8072f,0.5484f,0.2185f,0.6335f,0f,0f,0f,1f],start_interpolation: 0,interpolation_duration: 1}
$data merge entity $(bone_rightthumb) {transformation: [0.0158f,0.35f,-0.9366f,-0.9277f,-0.5901f,0.7595f,0.2738f,2.24f,0.8072f,0.5484f,0.2185f,0.7867f,0f,0f,0f,1f],start_interpolation: 0,interpolation_duration: 1}
$data merge entity $(bone_rightpointerfinger) {transformation: [0.5103f,-0.1443f,-0.8478f,-0.8468f,-0.8256f,-0.3584f,-0.4358f,1.9082f,-0.241f,0.9223f,-0.302f,0.8832f,0f,0f,0f,1f],start_interpolation: 0,interpolation_duration: 1}
$data merge entity $(bone_rightmidfinger) {transformation: [0.487f,-0.2097f,-0.8478f,-0.9767f,-0.8653f,-0.2476f,-0.4358f,1.8307f,-0.1185f,0.9459f,-0.302f,0.8422f,0f,0f,0f,1f],start_interpolation: 0,interpolation_duration: 1}
$data merge entity $(bone_rightringfinger) {transformation: [0.487f,-0.2097f,-0.8478f,-1.1092f,-0.8653f,-0.2476f,-0.4358f,1.7626f,-0.1185f,0.9459f,-0.302f,0.795f,0f,0f,0f,1f],start_interpolation: 0,interpolation_duration: 1}
$data merge entity $(bone_hugeasssword) {transformation: [-1.4888f,-1.4481f,-3.3207f,-0.9811f,0.401f,3.5022f,-1.707f,2.0306f,3.6004f,-0.9889f,-1.183f,0.618f,0f,0f,0f,1f],start_interpolation: 0,interpolation_duration: 1}
$data merge entity $(bone_ice) {transformation: [-0.3801f,-0.3697f,-0.8478f,-0.9694f,0.1024f,0.8942f,-0.4358f,2.015f,0.9193f,-0.2525f,-0.302f,0.6076f,0f,0f,0f,1f],start_interpolation: 0,interpolation_duration: 1}
$data merge entity $(bone_righthand1) {transformation: [-0.3801f,-0.3697f,-0.8478f,-1.1833f,0.1024f,0.8942f,-0.4358f,2.2505f,0.9193f,-0.2525f,-0.302f,0.7648f,0f,0f,0f,1f],start_interpolation: 0,interpolation_duration: 1}
$data merge entity $(bone_rightforearm) {transformation: [-0.3801f,-0.3697f,-0.8478f,-1.4063f,0.1024f,0.8942f,-0.4358f,2.8796f,0.9193f,-0.2525f,-0.302f,0.5346f,0f,0f,0f,1f],start_interpolation: 0,interpolation_duration: 1}
$data merge entity $(bone_rightelbow) {transformation: [-0.3801f,-0.3697f,-0.8478f,-1.4756f,0.1024f,0.8942f,-0.4358f,3.0473f,0.9193f,-0.2525f,-0.302f,0.4872f,0f,0f,0f,1f],start_interpolation: 0,interpolation_duration: 1}
$data merge entity $(bone_rightarm) {transformation: [-0.5672f,0.5864f,-0.5783f,-0.8907f,0.1367f,0.7595f,0.636f,3.3185f,0.8122f,0.2817f,-0.5109f,0.5622f,0f,0f,0f,1f],start_interpolation: 0,interpolation_duration: 1}
$data merge entity $(bone_chest1) {transformation: [-1.0492f,0.1393f,-0.231f,-0.098f,-0.0526f,0.8042f,0.7239f,3.3379f,0.2646f,0.7124f,-0.7721f,0.2313f,0f,0f,0f,1f],start_interpolation: 0,interpolation_duration: 1}
$data merge entity $(bone_chest1lid) {transformation: [-0.9685f,0.1286f,-0.2132f,-0.4331f,-0.0486f,0.7424f,0.6682f,2.5524f,0.2442f,0.6576f,-0.7127f,0.1441f,0f,0f,0f,1f],start_interpolation: 0,interpolation_duration: 1}
$data merge entity $(bone_chest2) {transformation: [-0.9685f,0.1286f,-0.2132f,-0.4532f,-0.0486f,0.7424f,0.6682f,2.4364f,0.2442f,0.6576f,-0.7127f,0.0414f,0f,0f,0f,1f],start_interpolation: 0,interpolation_duration: 1}
$data merge entity $(bone_chest1lid3) {transformation: [-0.9685f,0.1286f,-0.2132f,-0.5091f,-0.0486f,0.7424f,0.6682f,2.9835f,0.2442f,0.6576f,-0.7127f,-0.3277f,0f,0f,0f,1f],start_interpolation: 0,interpolation_duration: 1}
$data merge entity $(bone_chest3) {transformation: [-0.9685f,0.1286f,-0.2132f,-0.5292f,-0.0486f,0.7424f,0.6682f,2.8676f,0.2442f,0.6576f,-0.7127f,-0.4305f,0f,0f,0f,1f],start_interpolation: 0,interpolation_duration: 1}
$data merge entity $(bone_hugeasssword2) {transformation: [0.8352f,3.1369f,-2.1915f,-1.1986f,-2.6173f,2.1046f,2.0151f,4.3164f,2.7915f,1.0348f,2.545f,1.1063f,0f,0f,0f,1f],start_interpolation: 0,interpolation_duration: 1}
$data merge entity $(bone_belt) {transformation: [-0.9685f,0.1286f,-0.2132f,-0.0903f,-0.0486f,0.7424f,0.6682f,2.9562f,0.2442f,0.6576f,-0.7127f,0.0548f,0f,0f,0f,1f],start_interpolation: 0,interpolation_duration: 1}
$data merge entity $(bone_torn_part) {transformation: [-0.9961f,0.0451f,-0.0759f,-0.1848f,-0.0096f,0.7998f,0.6002f,2.6184f,0.0878f,0.5986f,-0.7962f,0.0273f,0f,0f,0f,1f],start_interpolation: 0,interpolation_duration: 1}
$data merge entity $(bone_lowerbody) {transformation: [-0.9961f,0.0202f,-0.086f,-0.0852f,-0.0096f,0.9432f,0.332f,2.1121f,0.0878f,0.3315f,-0.9394f,-0.0111f,0f,0f,0f,1f],start_interpolation: 0,interpolation_duration: 1}
$data merge entity $(bone_leftfoot) {transformation: [-0.9885f,0.1268f,0.0822f,0.0015f,0.0424f,0.7548f,-0.6546f,0.9888f,-0.1451f,-0.6436f,-0.7515f,1.7202f,0f,0f,0f,1f],start_interpolation: 0,interpolation_duration: 1}
$data merge entity $(bone_leftlowerleg) {transformation: [-0.9885f,0.1268f,0.0822f,0.1295f,0.0424f,0.7548f,-0.6546f,1.9267f,-0.1451f,-0.6436f,-0.7515f,1.1217f,0f,0f,0f,1f],start_interpolation: 0,interpolation_duration: 1}
$data merge entity $(bone_leftleg) {transformation: [-0.995f,0.0729f,-0.0683f,0.1671f,0.0827f,0.2177f,-0.9725f,2.202f,-0.056f,-0.9733f,-0.2227f,0.176f,0f,0f,0f,1f],start_interpolation: 0,interpolation_duration: 1}
$data merge entity $(bone_rightfoot) {transformation: [-0.9972f,-0.0751f,-0.0057f,0.03f,-0.0396f,0.4585f,0.8878f,0.9499f,-0.0641f,0.8855f,-0.4601f,-1.1693f,0f,0f,0f,1f],start_interpolation: 0,interpolation_duration: 1}
$data merge entity $(bone_rightlowerleg) {transformation: [-0.9972f,-0.0751f,-0.0057f,-0.0524f,-0.0396f,0.4585f,0.8878f,1.3221f,-0.0641f,0.8855f,-0.4601f,-0.1162f,0f,0f,0f,1f],start_interpolation: 0,interpolation_duration: 1}
$data merge entity $(bone_rightleg) {transformation: [-0.9615f,-0.2452f,0.1239f,-0.261f,-0.2441f,0.9694f,0.0241f,2.2422f,-0.126f,-0.0071f,-0.992f,-0.068f,0f,0f,0f,1f],start_interpolation: 0,interpolation_duration: 1}
data modify entity @s data merge value {"cameras":{},"locators":{"lefthand":{"posx":0.781923161932755,"posy":2.222547411637167,"posz":-0.1603471432213721,"roty":38.6105211414565,"rotx":-24.69788504313889},"sword":{"posx":2.140365664413098,"posy":3.6245900403649216,"posz":1.8161959559803567,"roty":289.6085024377479,"rotx":-25.83886350453466},"righthand":{"posx":-0.9860033722988574,"posy":2.0174238382597864,"posz":0.702423225527813,"roty":289.6085024377479,"rotx":-25.83886350453466},"chest":{"posx":-0.4380517002578053,"posy":2.4000887539863074,"posz":0.22203241622427783,"roty":343.34365943221405,"rotx":41.93141665036604}}}