# This file was generated by Animated Java via MC-Build. It is not recommended to edit this file directly.
$data merge entity $(bone_nose) { transformation: [-0.9933633997722982f,-0.07069421971593445f,-0.09072752223871033f,-0.0761041616396429f,-0.09147169876298833f,0.9637736607449865f,0.25054592229693246f,3.526132092408382f,0.06972864775853324f,0.25718214975569864f,-0.9638440006187742f,0.6841144655724898f,0f,0f,0f,1f], start_interpolation: 0, interpolation_duration: 1 }
$data merge entity $(bone_glowing_eye) { transformation: [-0.9933633997722982f,-0.07069421971593445f,-0.09072752223871033f,-0.20189516608326294f,-0.09147169876298833f,0.9637736607449865f,0.25054592229693246f,3.571210481006685f,0.06972864775853324f,0.25718214975569864f,-0.9638440006187742f,0.7438778064898266f,0f,0f,0f,1f], start_interpolation: 0, interpolation_duration: 1 }
$data merge entity $(bone_head) { transformation: [-0.9933633997722982f,-0.07069421971593445f,-0.09072752223871033f,-0.08436424248536564f,-0.09147169876298833f,0.9637736607449865f,0.25054592229693246f,3.454044309251993f,0.06972864775853324f,0.25718214975569864f,-0.9638440006187742f,0.47187380907900567f,0f,0f,0f,1f], start_interpolation: 0, interpolation_duration: 1 }
$data merge entity $(bone_leftthumb2) { transformation: [-0.14328613516892613f,0.45883804872041173f,0.8768903742856327f,-0.024570251151451672f,-0.9543051923219901f,-0.2988334228887264f,0.00043043222085267785f,2.629900504147556f,0.2622416507262744f,-0.8367593623085745f,0.4806902185538061f,2.6825462955987067f,0f,0f,0f,1f], start_interpolation: 0, interpolation_duration: 1 }
$data merge entity $(bone_leftthumb) { transformation: [-0.14328613516892613f,0.45883804872041173f,0.8768903742856327f,0.16289319817237835f,-0.9543051923219901f,-0.2988334228887264f,0.00043043222085267785f,2.556650632096281f,0.2622416507262744f,-0.8367593623085745f,0.4806902185538061f,2.518415922039808f,0f,0f,0f,1f], start_interpolation: 0, interpolation_duration: 1 }
$data merge entity $(bone_leftpointerfinger) { transformation: [-0.14328613516892613f,0.45883804872041173f,0.8768903742856327f,0.06911312076473355f,-0.9543051923219901f,-0.2988334228887264f,0.00043043222085267785f,2.7591026559022147f,0.2622416507262744f,-0.8367593623085745f,0.4806902185538061f,2.7868272612438325f,0f,0f,0f,1f], start_interpolation: 0, interpolation_duration: 1 }
$data merge entity $(bone_leftmidfinger) { transformation: [-0.14328613516892613f,0.45883804872041173f,0.8768903742856327f,0.20612724174686367f,-0.9543051923219901f,-0.2988334228887264f,0.00043043222085267785f,2.759169910936723f,0.2622416507262744f,-0.8367593623085745f,0.4806902185538061f,2.8619351078928648f,0f,0f,0f,1f], start_interpolation: 0, interpolation_duration: 1 }
$data merge entity $(bone_leftringfinger) { transformation: [-0.14328613516892613f,0.45883804872041173f,0.8768903742856327f,0.34314136272899376f,-0.9543051923219901f,-0.2988334228887264f,0.00043043222085267785f,2.759237165971231f,0.2622416507262744f,-0.8367593623085745f,0.4806902185538061f,2.937042954541897f,0f,0f,0f,1f], start_interpolation: 0, interpolation_duration: 1 }
$data merge entity $(bone_invisibility) { transformation: [0.5335180632971723f,-0.8335631707339197f,0.14328613516892633f,0.06502955780292893f,-0.2976587568544469f,-0.026473843225993245f,0.9543051923219898f,2.547472075706485f,-0.7916803272808406f,-0.5517894308709247f,-0.2622416507262743f,2.7294554461727025f,0f,0f,0f,1f], start_interpolation: 0, interpolation_duration: 1 }
$data merge entity $(bone_swiftness) { transformation: [0.8768903742856327f,0.45883804872041173f,0.14328613516892633f,0.1598492986038991f,0.00043043222085246594f,-0.2988334228887264f,0.9543051923219901f,2.5383166734011846f,0.48069021855380617f,-0.8367593623085745f,-0.2622416507262743f,2.946554564797344f,0f,0f,0f,1f], start_interpolation: 0, interpolation_duration: 1 }
$data merge entity $(bone_suspicious_stew) { transformation: [0.7864383822617564f,-0.6008192360218367f,0.14328613516892622f,0.20793846944771577f,-0.27065314967389503f,-0.12668256580480702f,0.9543051923219903f,2.561560598445804f,-0.5552130613351162f,-0.7892830754217697f,-0.2622416507262746f,2.8588079572597556f,0f,0f,0f,1f], start_interpolation: 0, interpolation_duration: 1 }
$data merge entity $(bone_log) { transformation: [-0.14328613516892613f,0.45883804872041173f,0.8768903742856327f,0.29296438666031943f,-0.9543051923219901f,-0.2988334228887264f,0.00043043222085267785f,2.434760485314879f,0.2622416507262744f,-0.8367593623085745f,0.4806902185538061f,2.8013305457214814f,0f,0f,0f,1f], start_interpolation: 0, interpolation_duration: 1 }
$data merge entity $(bone_planks) { transformation: [-0.14328613516892613f,0.45883804872041173f,0.8768903742856327f,0.2795313114882326f,-0.9543051923219901f,-0.2988334228887264f,0.00043043222085267785f,2.3452943735346925f,0.2622416507262744f,-0.8367593623085745f,0.4806902185538061f,2.82591570047707f,0f,0f,0f,1f], start_interpolation: 0, interpolation_duration: 1 }
$data merge entity $(bone_lefthand1) { transformation: [-0.14328613516892613f,0.45883804872041173f,0.8768903742856327f,0.41609260843622786f,-0.9543051923219901f,-0.2988334228887264f,0.00043043222085267785f,2.5986149766662936f,0.2622416507262744f,-0.8367593623085745f,0.4806902185538061f,2.511558723132963f,0f,0f,0f,1f], start_interpolation: 0, interpolation_duration: 1 }
$data merge entity $(bone_leftforearm) { transformation: [0.2938491972043904f,0.3840714875270762f,0.8752952312054909f,0.7093310503964366f,-0.8704675006692051f,0.485837230160193f,0.07904755574322865f,2.8617064546560873f,-0.39489109838162034f,-0.7851441130512349f,0.477084627880575f,1.9015685219841774f,0f,0f,0f,1f], start_interpolation: 0, interpolation_duration: 1 }
$data merge entity $(bone_leftelbow) { transformation: [0.2938491972043904f,0.3840714875270762f,0.8752952312054909f,0.7813444543077634f,-0.8704675006692051f,0.485837230160193f,0.07904755574322865f,2.9528009353111235f,-0.39489109838162034f,-0.7851441130512349f,0.477084627880575f,1.7543540007870708f,0f,0f,0f,1f], start_interpolation: 0, interpolation_duration: 1 }
$data merge entity $(bone_leftarm) { transformation: [0.05175208359242312f,-0.5112482908947503f,0.8578734795417325f,0.3262188422184954f,-0.9513439361308254f,0.23604379934945363f,0.1980606977059877f,2.802235492885513f,-0.3037539086677744f,-0.8263827865135329f,-0.4741572029645631f,1.303693781533208f,0f,0f,0f,1f], start_interpolation: 0, interpolation_duration: 1 }
$data merge entity $(bone_rightthumb2) { transformation: [0.011210719611963016f,0.5401017613565698f,0.8415250484360599f,-1.0428956589894414f,0.7044576690549061f,0.5930036168083268f,-0.3899821828775915f,1.656999185771052f,-0.7096574612272532f,0.597190754978486f,-0.37383083058078037f,-0.6250090311057993f,0f,0f,0f,1f], start_interpolation: 0, interpolation_duration: 1 }
$data merge entity $(bone_rightthumb) { transformation: [0.011210719611963016f,0.5401017613565698f,0.8415250484360599f,-0.8385251259532281f,0.7044576690549061f,0.5930036168083268f,-0.3899821828775915f,1.7691019728729063f,-0.7096574612272532f,0.597190754978486f,-0.37383083058078037f,-0.510499125582345f,0f,0f,0f,1f], start_interpolation: 0, interpolation_duration: 1 }
$data merge entity $(bone_rightpointerfinger) { transformation: [0.011210719611963016f,0.5401017613565698f,0.8415250484360599f,-0.9750733572953537f,0.7044576690549061f,0.5930036168083268f,-0.3899821828775915f,1.6332923038381673f,-0.7096574612272532f,0.597190754978486f,-0.37383083058078037f,-0.8015944470648656f,0f,0f,0f,1f], start_interpolation: 0, interpolation_duration: 1 }
$data merge entity $(bone_rightmidfinger) { transformation: [0.011210719611963016f,0.5401017613565698f,0.8415250484360599f,-0.8435850684772194f,0.7044576690549061f,0.5930036168083268f,-0.3899821828775915f,1.5723575877635436f,-0.7096574612272532f,0.597190754978486f,-0.37383083058078037f,-0.8600055143431126f,0f,0f,0f,1f], start_interpolation: 0, interpolation_duration: 1 }
$data merge entity $(bone_rightringfinger) { transformation: [0.011210719611963016f,0.5401017613565698f,0.8415250484360599f,-0.712096779659085f,0.7044576690549061f,0.5930036168083268f,-0.3899821828775915f,1.51142287168892f,-0.7096574612272532f,0.597190754978486f,-0.37383083058078037f,-0.9184165816213594f,0f,0f,0f,1f], start_interpolation: 0, interpolation_duration: 1 }
$data merge entity $(bone_hugeasssword) { transformation: [0.04390865181352181f,2.115398565313232f,3.2959731063745683f,-0.7500035744804073f,2.7591258704650494f,2.322597499165947f,-1.5274302162705669f,1.5117833506924878f,-2.779491723140075f,2.3389971236657368f,-1.4641707531080566f,-0.5443572723717938f,0f,0f,0f,1f], start_interpolation: 0, interpolation_duration: 1 }
$data merge entity $(bone_ice) { transformation: [0.011210719611963016f,0.5401017613565698f,0.8415250484360599f,-0.7586178319955406f,0.7044576690549061f,0.5930036168083268f,-0.3899821828775915f,1.491510518100875f,-0.7096574612272532f,0.597190754978486f,-0.37383083058078037f,-0.5425999800866568f,0f,0f,0f,1f], start_interpolation: 0, interpolation_duration: 1 }
$data merge entity $(bone_righthand1) { transformation: [0.011210719611963016f,0.5401017613565698f,0.8415250484360599f,-0.5944920539897806f,0.7044576690549061f,0.5930036168083268f,-0.3899821828775915f,1.8036888963517583f,-0.7096574612272532f,0.597190754978486f,-0.37383083058078037f,-0.582398870104498f,0f,0f,0f,1f], start_interpolation: 0, interpolation_duration: 1 }
$data merge entity $(bone_rightforearm) { transformation: [-0.6170922896003728f,0.4681817798213329f,0.6324578461518986f,-0.23661562579900597f,0.30030181896571706f,0.883029345383293f,-0.36066326776902946f,2.41143540469792f,-0.727334808490321f,-0.03263428006378797f,-0.6855064406138479f,-0.5491753846091124f,0f,0f,0f,1f], start_interpolation: 0, interpolation_duration: 1 }
$data merge entity $(bone_rightelbow) { transformation: [-0.6170922896003728f,0.4681817798213329f,0.6324578461518986f,-0.14883154208250604f,0.30030181896571706f,0.883029345383293f,-0.36066326776902946f,2.5770034069572874f,-0.727334808490321f,-0.03263428006378797f,-0.6855064406138479f,-0.5552943121210726f,0f,0f,0f,1f], start_interpolation: 0, interpolation_duration: 1 }
$data merge entity $(bone_rightarm) { transformation: [-0.35156380931540965f,-0.444788588561223f,0.8237511756989202f,-0.46779852777454733f,0.42675718480738245f,0.707033190520203f,0.5638992575966916f,2.769450455917707f,-0.8332353768263301f,0.5497883037938671f,-0.0587505558828737f,-0.020276930750932287f,0f,0f,0f,1f], start_interpolation: 0, interpolation_duration: 1 }
$data merge entity $(bone_chest1) { transformation: [-0.37648906599778914f,-0.1523591272667788f,1.004317574591687f,0.08288632366837523f,0.14848223850154846f,1.0513201625032098f,0.2151512302426004f,2.833369997797883f,-1.004898064056645f,0.212423452951506f,-0.34448115855947437f,0.3149983557643193f,0f,0f,0f,1f], start_interpolation: 0, interpolation_duration: 1 }
$data merge entity $(bone_chest1lid) { transformation: [-0.34752836861334385f,-0.14063919440010353f,0.9270623765461726f,-0.3024269014639356f,0.1370605278475832f,0.9704493807721938f,0.19860113560855425f,2.139196650488211f,-0.9275982129753646f,0.1960831873398517f,-0.31798260790105326f,-0.011288779798163256f,0f,0f,0f,1f], start_interpolation: 0, interpolation_duration: 1 }
$data merge entity $(bone_chest2) { transformation: [-0.34752836861334385f,-0.14063919440010353f,0.9270623765461726f,-0.2804520273389194f,0.1370605278475832f,0.9704493807721938f,0.19860113560855425f,1.9875639347425558f,-0.9275982129753646f,0.1960831873398517f,-0.31798260790105326f,-0.04192677782001508f,0f,0f,0f,1f], start_interpolation: 0, interpolation_duration: 1 }
$data merge entity $(bone_chest1lid3) { transformation: [-0.34752836861334385f,-0.14063919440010353f,0.9270623765461726f,0.31319295654929025f,0.1370605278475832f,0.9704493807721938f,0.19860113560855425f,2.257859219996967f,-0.9275982129753646f,0.1960831873398517f,-0.31798260790105326f,-0.1570214996738152f,0f,0f,0f,1f], start_interpolation: 0, interpolation_duration: 1 }
$data merge entity $(bone_chest3) { transformation: [-0.34752836861334385f,-0.14063919440010353f,0.9270623765461726f,0.33516783067430644f,0.1370605278475832f,0.9704493807721938f,0.19860113560855425f,2.1062265042513117f,-0.9275982129753646f,0.1960831873398517f,-0.31798260790105326f,-0.18765949769566703f,0f,0f,0f,1f], start_interpolation: 0, interpolation_duration: 1 }
$data merge entity $(bone_hugeasssword2) { transformation: [-3.6309943081391767f,0.6314071161730631f,-1.3257010091588128f,-0.26286318482696003f,-0.7778544478001705f,2.1720833709255514f,3.165007751264436f,4.180864224144311f,1.2454318809457912f,3.197445333570613f,-1.8882586016033707f,-0.6845786480065622f,0f,0f,0f,1f], start_interpolation: 0, interpolation_duration: 1 }
$data merge entity $(bone_belt) { transformation: [-0.34752836861334385f,-0.14063919440010353f,0.9270623765461726f,0.028683250464157733f,0.1370605278475832f,0.9704493807721938f,0.19860113560855425f,2.4164236334195976f,-0.9275982129753646f,0.1960831873398517f,-0.31798260790105326f,0.30822706934583843f,0f,0f,0f,1f], start_interpolation: 0, interpolation_duration: 1 }
$data merge entity $(bone_torn_part) { transformation: [-0.4551233887324784f,-0.27340218646067554f,0.8474160403645823f,-0.00011330266943686274f,0.13309773978497935f,0.9201144783407538f,0.36833997666809465f,2.1432259598539045f,-0.8804247228995762f,0.28042929801688804f,-0.3823764063340731f,0.13368073961593505f,0f,0f,0f,1f], start_interpolation: 0, interpolation_duration: 1 }
$data merge entity $(bone_lowerbody) { transformation: [-0.4551233887324784f,-0.005925381668596607f,0.8904086650975196f,-0.07798812500000002f,0.13309773978497935f,0.9882907417958039f,0.07460831954165478f,1.6371725000000001f,-0.8804247228995762f,0.15246737202687402f,-0.44900557655158757f,0.2083541666666667f,0f,0f,0f,1f], start_interpolation: 0, interpolation_duration: 1 }
$data merge entity $(bone_leftfoot) { transformation: [-0.830400033280653f,-0.46511250698061046f,0.3067470960263084f,0.2651626510803436f,-0.34554907066981116f,0.8618471670018648f,0.37126214705221205f,0.2206256714777003f,-0.43702672519529234f,0.20231011802181667f,-0.8763962208539549f,0.880705969781365f,0f,0f,0f,1f], start_interpolation: 0, interpolation_duration: 1 }
$data merge entity $(bone_leftlowerleg) { transformation: [-0.830400033280653f,-0.46511250698061046f,0.3067470960263084f,-0.2979518856371684f,-0.34554907066981116f,0.8618471670018648f,0.37126214705221205f,1.119694567747715f,-0.43702672519529234f,0.20231011802181667f,-0.8763962208539549f,1.2397982020625617f,0f,0f,0f,1f], start_interpolation: 0, interpolation_duration: 1 }
$data merge entity $(bone_leftleg) { transformation: [-0.7513854971948906f,0.410103429894878f,0.5169381941266359f,0.0520380275069095f,-0.3055841492282388f,0.47803317134065415f,-0.823489523518979f,1.556485827608213f,-0.584806089867095f,-0.7767106694171608f,-0.23388011674269715f,0.5400637904238921f,0f,0f,0f,1f], start_interpolation: 0, interpolation_duration: 1 }
$data merge entity $(bone_rightfoot) { transformation: [-0.39979618933641126f,-0.4307119825073649f,0.8091053278095557f,-0.32280381633816213f,0.2279678833137882f,0.8082583317466004f,0.5429040206457176f,0.28747365210962394f,-0.8877915448964453f,0.4015033961396396f,-0.22495398808556144f,-0.5290106040708429f,0f,0f,0f,1f], start_interpolation: 0, interpolation_duration: 1 }
$data merge entity $(bone_rightlowerleg) { transformation: [-0.39979618933641126f,-0.4307119825073649f,0.8091053278095557f,-0.9249404157143991f,0.2279678833137882f,0.8082583317466004f,0.5429040206457176f,1.1007204113238847f,-0.8877915448964453f,0.4015033961396396f,-0.22495398808556144f,-0.0490295778827816f,0f,0f,0f,1f], start_interpolation: 0, interpolation_duration: 1 }
$data merge entity $(bone_rightleg) { transformation: [-0.2617205607554528f,0.7969595064567838f,0.5443801493430989f,-0.22119507658229506f,0.2598005499419911f,0.6013857013195176f,-0.7555406976539627f,1.638806843436993f,-0.9295084843225965f,-0.05630970978962291f,-0.3644564545864821f,-0.043260904182614274f,0f,0f,0f,1f], start_interpolation: 0, interpolation_duration: 1 }
data modify entity @s data merge value {"locators":{"lefthand":{"posx":0.2568493271779111,"posy":2.547566232754797,"posz":2.8346064314813475,"roty":118.73049389078757,"rotx":0.024661950382821193},"righthand":{"posx":-0.779154745934929,"posy":1.5543812146696045,"posz":-0.6126203658954259,"roty":66.04776291885187,"rotx":-22.953390772739677},"chest":{"posx":-0.4493507096684356,"posy":2.0517952782463493,"posz":-0.0028466406778445558,"roty":71.06801999054747,"rotx":11.455169164464579},"sack":{"posx":0,"posy":-0.4375,"posz":0,"roty":0,"rotx":0}},"cameras":{}}