# This file was generated by Animated Java via MC-Build. It is not recommended to edit this file directly.
$data merge entity $(bone_nose) { transformation: [-1f,-4.1885387376769924e-17f,1.1507915602278505e-16f,-4.8100627647683974e-17f,0f,0.9396926207859084f,0.3420201433256687f,4.072078983854199f,-1.2246467991473532e-16f,0.3420201433256687f,-0.9396926207859084f,0.3907008204136896f,0f,0f,0f,1f], start_interpolation: 0, interpolation_duration: 1 }
$data merge entity $(bone_glowing_eye) { transformation: [-1f,-4.1885387376769924e-17f,1.1507915602278505e-16f,-0.12500000000000006f,0f,0.9396926207859084f,0.3420201433256687f,4.1237688026200106f,-1.2246467991473532e-16f,0.3420201433256687f,-0.9396926207859084f,0.44664952434071414f,0f,0f,0f,1f], start_interpolation: 0, interpolation_duration: 1 }
$data merge entity $(bone_head) { transformation: [-1f,-4.1885387376769924e-17f,1.1507915602278505e-16f,-2.1379603545189374e-17f,0f,0.9396926207859084f,0.3420201433256687f,4.020093657517443f,-1.2246467991473532e-16f,0.3420201433256687f,-0.9396926207859084f,0.1725071002235187f,0f,0f,0f,1f], start_interpolation: 0, interpolation_duration: 1 }
$data merge entity $(bone_leftthumb2) { transformation: [-1f,1.5984848350717827e-17f,1.2141697760125285e-16f,0.953125f,0f,0.9914448613738105f,-0.13052619222005155f,1.848081112258003f,-1.2246467991473532e-16f,-0.13052619222005155f,-0.9914448613738105f,0.4242134020465844f,0f,0f,0f,1f], start_interpolation: 0, interpolation_duration: 1 }
$data merge entity $(bone_leftthumb) { transformation: [-1f,1.5984848350717827e-17f,1.2141697760125285e-16f,0.953125f,0f,0.9914448613738105f,-0.13052619222005155f,2.0800710866018246f,-1.2246467991473532e-16f,-0.13052619222005155f,-0.9914448613738105f,0.307476433110206f,0f,0f,0f,1f], start_interpolation: 0, interpolation_duration: 1 }
$data merge entity $(bone_leftpointerfinger) { transformation: [-1f,1.5984848350717827e-17f,1.2141697760125285e-16f,1.0625f,0f,0.9914448613738105f,-0.13052619222005155f,1.7486348262032279f,-1.2246467991473532e-16f,-0.13052619222005155f,-0.9914448613738105f,0.30383136205551314f,0f,0f,0f,1f], start_interpolation: 0, interpolation_duration: 1 }
$data merge entity $(bone_leftmidfinger) { transformation: [-1f,1.5984848350717827e-17f,1.2141697760125285e-16f,1.0625f,0f,0.9914448613738105f,-0.13052619222005155f,1.7282401086688448f,-1.2246467991473532e-16f,-0.13052619222005155f,-0.9914448613738105f,0.14891810246585524f,0f,0f,0f,1f], start_interpolation: 0, interpolation_duration: 1 }
$data merge entity $(bone_leftringfinger) { transformation: [-1f,1.5984848350717827e-17f,1.2141697760125285e-16f,1.0625f,0f,0.9914448613738105f,-0.13052619222005155f,1.7078453911344618f,-1.2246467991473532e-16f,-0.13052619222005155f,-0.9914448613738105f,-0.0059951571238026635f,0f,0f,0f,1f], start_interpolation: 0, interpolation_duration: 1 }
$data merge entity $(bone_invisibility) { transformation: [-1.9553839688323266e-16f,-6.405062678271896e-17f,0.9999999999999998f,0.875f,0.9762960071199333f,0.2164396139381029f,2.6053608853305005e-17f,1.8611530514228651f,-0.21643961393810274f,0.9762960071199333f,-1.049259618299324e-16f,0.3205377116993765f,0f,0f,0f,1f], start_interpolation: 0, interpolation_duration: 1 }
$data merge entity $(bone_swiftness) { transformation: [-1.0062762732377846e-16f,1.5984848350717827e-17f,1f,0.822916875f,-0.13052619222005155f,0.9914448613738105f,-2.898263678387004e-17f,1.702421025519556f,-0.9914448613738105f,-0.13052619222005155f,-9.768030263396486e-17f,0.15231724924787568f,0f,0f,0f,1f], start_interpolation: 0, interpolation_duration: 1 }
$data merge entity $(bone_suspicious_stew) { transformation: [6.580022455450645e-17f,7.736639008214739e-18f,1.0000000000000002f,0.875f,0.8433914458128859f,0.5372996083468238f,1.1007249127435009e-16f,1.7902054125047082f,-0.537299608346824f,0.8433914458128859f,1.0797336152280032e-16f,0.14076021545210193f,0f,0f,0f,1f], start_interpolation: 0, interpolation_duration: 1 }
$data merge entity $(bone_log) { transformation: [-1f,1.5984848350717827e-17f,1.2141697760125285e-16f,0.78125f,0f,0.9914448613738105f,-0.13052619222005155f,1.9080176049161195f,-1.2246467991473532e-16f,-0.13052619222005155f,-0.9914448613738105f,0.0779704635476981f,0f,0f,0f,1f], start_interpolation: 0, interpolation_duration: 1 }
$data merge entity $(bone_planks) { transformation: [-1f,1.5984848350717827e-17f,1.2141697760125285e-16f,0.6875f,0f,0.9914448613738105f,-0.13052619222005155f,1.9080176049161195f,-1.2246467991473532e-16f,-0.13052619222005155f,-0.9914448613738105f,0.0779704635476981f,0f,0f,0f,1f], start_interpolation: 0, interpolation_duration: 1 }
$data merge entity $(bone_lefthand) { transformation: [-1f,1.5984848350717827e-17f,1.2141697760125285e-16f,1.03125f,0f,0.9914448613738105f,-0.13052619222005155f,2.1599577637664487f,-1.2246467991473532e-16f,-0.13052619222005155f,-0.9914448613738105f,0.07632156741061688f,0f,0f,0f,1f], start_interpolation: 0, interpolation_duration: 1 }
$data merge entity $(bone_leftforearm) { transformation: [-1f,1.5984848350717827e-17f,1.2141697760125285e-16f,0.96875f,0f,0.9914448613738105f,-0.13052619222005155f,2.8591069036733474f,-1.2246467991473532e-16f,-0.13052619222005155f,-0.9914448613738105f,0.000036664464858914f,0f,0f,0f,1f], start_interpolation: 0, interpolation_duration: 1 }
$data merge entity $(bone_leftelbow) { transformation: [-1f,1.5984848350717827e-17f,1.2141697760125285e-16f,0.96875f,0f,0.9914448613738105f,-0.13052619222005155f,3.0450028151809367f,-1.2246467991473532e-16f,-0.13052619222005155f,-0.9914448613738105f,-0.02443699657640075f,0f,0f,0f,1f], start_interpolation: 0, interpolation_duration: 1 }
$data merge entity $(bone_leftarm) { transformation: [-1f,-2.650620804179866e-17f,1.1956177801397682e-16f,0.75f,0f,0.9762960071199335f,0.21643961393810288f,3.5263870808053377f,-1.2246467991473532e-16f,0.21643961393810288f,-0.9762960071199335f,0.11429206061514857f,0f,0f,0f,1f], start_interpolation: 0, interpolation_duration: 1 }
$data merge entity $(bone_rightthumb2) { transformation: [-1f,2.1265768495757725e-17f,1.206041662501898e-16f,-0.953125f,0f,0.984807753012208f,-0.17364817766693036f,1.87529961967152f,-1.2246467991473532e-16f,-0.17364817766693036f,-0.984807753012208f,0.4551297302544126f,0f,0f,0f,1f], start_interpolation: 0, interpolation_duration: 1 }
$data merge entity $(bone_rightthumb) { transformation: [-1f,2.1265768495757725e-17f,1.206041662501898e-16f,-0.953125f,0f,0.984807753012208f,-0.17364817766693036f,2.1019767958966447f,-1.2246467991473532e-16f,-0.17364817766693036f,-0.984807753012208f,0.3283846084898897f,0f,0f,0f,1f], start_interpolation: 0, interpolation_duration: 1 }
$data merge entity $(bone_rightpointerfinger) { transformation: [-1f,2.1265768495757725e-17f,1.206041662501898e-16f,-1.0625f,0f,0.984807753012208f,-0.17364817766693036f,1.7706969936113763f,-1.2246467991473532e-16f,-0.17364817766693036f,-0.984807753012208f,0.33920005336440395f,0f,0f,0f,1f], start_interpolation: 0, interpolation_duration: 1 }
$data merge entity $(bone_rightmidfinger) { transformation: [-1f,2.1265768495757725e-17f,1.206041662501898e-16f,-1.0625f,0f,0.984807753012208f,-0.17364817766693036f,1.7435644658509184f,-1.2246467991473532e-16f,-0.17364817766693036f,-0.984807753012208f,0.18532384195624646f,0f,0f,0f,1f], start_interpolation: 0, interpolation_duration: 1 }
$data merge entity $(bone_rightringfinger) { transformation: [-1f,2.1265768495757725e-17f,1.206041662501898e-16f,-1.0625f,0f,0.984807753012208f,-0.17364817766693036f,1.7164319380904607f,-1.2246467991473532e-16f,-0.17364817766693036f,-0.984807753012208f,0.03144763054808897f,0f,0f,0f,1f], start_interpolation: 0, interpolation_duration: 1 }
$data merge entity $(bone_hugeasssword) { transformation: [-3.916666666666667f,8.329092660838443e-17f,4.723663178132434e-16f,-0.796875f,0f,3.857163699297815f,-0.6801220291954773f,1.9463167934575691f,-4.796533296660467e-16f,-0.6801220291954773f,-3.857163699297815f,0.165439177008467f,0f,0f,0f,1f], start_interpolation: 0, interpolation_duration: 1 }
$data merge entity $(bone_ice) { transformation: [-1f,2.1265768495757725e-17f,1.206041662501898e-16f,-0.78125f,0f,0.984807753012208f,-0.17364817766693036f,1.9309291723167534f,-1.2246467991473532e-16f,-0.17364817766693036f,-0.984807753012208f,0.1681524297845128f,0f,0f,0f,1f], start_interpolation: 0, interpolation_duration: 1 }
$data merge entity $(bone_righthand) { transformation: [-1f,2.1265768495757725e-17f,1.206041662501898e-16f,-1.03125f,0f,0.984807753012208f,-0.17364817766693036f,2.171704605017714f,-1.2246467991473532e-16f,-0.17364817766693036f,-0.984807753012208f,0.09396514308614869f,0f,0f,0f,1f], start_interpolation: 0, interpolation_duration: 1 }
$data merge entity $(bone_rightforearm) { transformation: [-1f,2.1265768495757725e-17f,1.206041662501898e-16f,-0.96875f,0f,0.984807753012208f,-0.17364817766693036f,2.8668608091304684f,-1.2246467991473532e-16f,-0.17364817766693036f,-0.984807753012208f,-0.012743610695095955f,0f,0f,0f,1f], start_interpolation: 0, interpolation_duration: 1 }
$data merge entity $(bone_rightelbow) { transformation: [-1f,2.1265768495757725e-17f,1.206041662501898e-16f,-0.96875f,0f,0.984807753012208f,-0.17364817766693036f,3.0515122628202573f,-1.2246467991473532e-16f,-0.17364817766693036f,-0.984807753012208f,-0.0453026440076454f,0f,0f,0f,1f], start_interpolation: 0, interpolation_duration: 1 }
$data merge entity $(bone_rightarm) { transformation: [-1f,-3.1696191514317656e-17f,1.18291797137867e-16f,-0.75f,0f,0.9659258262890683f,0.25881904510252074f,3.5263870808053377f,-1.2246467991473532e-16f,0.25881904510252074f,-0.9659258262890683f,0.11429206061514839f,0f,0f,0f,1f], start_interpolation: 0, interpolation_duration: 1 }
$data merge entity $(bone_chest) { transformation: [-1.0833333333333333f,-2.3037915870404194e-17f,1.3065451343770559e-16f,-0.002323124999999998f,0f,1.0668750657632253f,0.18811885913917453f,3.3876351288783226f,-1.3267006990762992e-16f,0.18811885913917453f,-1.0668750657632253f,-0.021941024664179624f,0f,0f,0f,1f], start_interpolation: 0, interpolation_duration: 1 }
$data merge entity $(bone_chest1lid) { transformation: [-1f,-2.126576849575772e-17f,1.2060416625018979e-16f,-0.34375000000000006f,0f,0.9848077530122081f,0.17364817766693036f,2.646616989232463f,-1.2246467991473532e-16f,0.17364817766693036f,-0.9848077530122081f,0.2447535912433595f,0f,0f,0f,1f], start_interpolation: 0, interpolation_duration: 1 }
$data merge entity $(bone_chest1) { transformation: [-1f,-2.126576849575772e-17f,1.2060416625018979e-16f,-0.34375000000000006f,0f,0.9848077530122081f,0.17364817766693036f,2.4927407778243054f,-1.2246467991473532e-16f,0.17364817766693036f,-0.9848077530122081f,0.2176210634829016f,0f,0f,0f,1f], start_interpolation: 0, interpolation_duration: 1 }
$data merge entity $(bone_chest1lid3) { transformation: [-1f,-2.126576849575772e-17f,1.2060416625018979e-16f,-0.28124999999999994f,0f,0.9848077530122081f,0.17364817766693036f,2.75786035305034f,-1.2246467991473532e-16f,0.17364817766693036f,-0.9848077530122081f,-0.38613887553008636f,0f,0f,0f,1f], start_interpolation: 0, interpolation_duration: 1 }
$data merge entity $(bone_chest3) { transformation: [-1f,-2.126576849575772e-17f,1.2060416625018979e-16f,-0.28124999999999994f,0f,0.9848077530122081f,0.17364817766693036f,2.6039841416421825f,-1.2246467991473532e-16f,0.17364817766693036f,-0.9848077530122081f,-0.41327140329054424f,0f,0f,0f,1f], start_interpolation: 0, interpolation_duration: 1 }
$data merge entity $(bone_hugeasssword2) { transformation: [-1.3420410204362827e-15f,2.887669569172986f,-2.646061646494669f,-1.234375f,-0.680122029195477f,2.6058620244161994f,2.8437993798589796f,4.576312900442645f,3.8571636992978156f,0.4594837829081572f,0.5014385583911377f,-0.0813626690974994f,0f,0f,0f,1f], start_interpolation: 0, interpolation_duration: 1 }
$data merge entity $(bone_belt) { transformation: [-1f,-2.126576849575772e-17f,1.2060416625018979e-16f,0.029705624999999992f,0f,0.9848077530122081f,0.17364817766693036f,2.9726256760439247f,-1.2246467991473532e-16f,0.17364817766693036f,-0.9848077530122081f,0.03780349361443258f,0f,0f,0f,1f], start_interpolation: 0, interpolation_duration: 1 }
$data merge entity $(bone_torn_part) { transformation: [-1f,-4.686520405326298e-17f,1.1314261122877005e-16f,-0.09375f,0f,0.9238795325112867f,0.3826834323650897f,2.6978982187514995f,-1.2246467991473532e-16f,0.3826834323650897f,-0.9238795325112867f,-0.0037833644056467497f,0f,0f,0f,1f], start_interpolation: 0, interpolation_duration: 1 }
$data merge entity $(bone_lowerbody) { transformation: [-1f,-1.0673500138322974e-17f,1.2199866483456202e-16f,0.0039062499999999883f,0f,0.9961946980917455f,0.08715574274765818f,2.19921875f,-1.2246467991473532e-16f,0.08715574274765818f,-0.9961946980917455f,0.09375f,0f,0f,0f,1f], start_interpolation: 0, interpolation_duration: 1 }
$data merge entity $(bone_leftfoot) { transformation: [-0.9961946983606114f,-0.08418599380353789f,-0.022557513283189768f,0.4507731566592379f,-0.08418599352884863f,0.9964496040714941f,-0.0009513355471159057f,0.16369129223359646f,0.0225575143083465f,0.0009513112388867817f,-0.9997450942891171f,-0.26644383594538745f,0f,0f,0f,1f], start_interpolation: 0, interpolation_duration: 1 }
$data merge entity $(bone_leftlowerleg) { transformation: [-0.9961946983606114f,-0.07547911157880612f,-0.043577823184330115f,0.37373405913079577f,-0.08418599352884863f,0.9627426309260495f,0.2569812154441429f,1.1922498589570076f,0.0225575143083465f,0.2596719667443186f,-0.9654333888132138f,0.16996436858166522f,0f,0f,0f,1f], start_interpolation: 0, interpolation_duration: 1 }
$data merge entity $(bone_leftleg) { transformation: [-0.9961946983606114f,-0.08715573967449132f,5.387014669100163e-8f,0.25f,-0.08418599352884863f,0.9622501834102963f,-0.25881905459299503f,2.21875f,0.0225575143083465f,-0.25783417455535906f,-0.9659258237461018f,-0.07812499999999997f,0f,0f,0f,1f], start_interpolation: 0, interpolation_duration: 1 }
$data merge entity $(bone_rightfoot) { transformation: [-0.996194695780229f,0.08052146598782833f,0.03335298509141183f,-0.4452558658171829f,0.0818996621859398f,0.9957445984035971f,0.04225091814254589f,0.18890524697317113f,-0.02980894887723951f,0.04482173875732809f,-0.9985501681445975f,-0.17811986154380577f,0f,0f,0f,1f], start_interpolation: 0, interpolation_duration: 1 }
$data merge entity $(bone_rightlowerleg) { transformation: [-0.996194695780229f,0.07139387851449185f,0.04999042118241168f,-0.3737340913467534f,0.0818996621859398f,0.9629967031213703f,0.2567679791391445f,1.2177784378636205f,-0.02980894887723951f,0.25988509747199656f,-0.965179342235838f,0.2584857517391047f,0f,0f,0f,1f], start_interpolation: 0, interpolation_duration: 1 }
$data merge entity $(bone_rightleg) { transformation: [-0.996194695780229f,0.08715576916836147f,-9.070918150059605e-8f,-0.25f,0.0818996621859398f,0.9361167804491202f,-0.34202020217437845f,2.21875f,-0.02980894887723951f,-0.3407187186848487f,-0.9396925993667232f,-0.07812500000000003f,0f,0f,0f,1f], start_interpolation: 0, interpolation_duration: 1 }
$data merge entity $(bone_sack_top) { transformation: [-1f,0f,1.2246467991473532e-16f,-0.0625f,0f,1f,0f,-0.8125f,-1.2246467991473532e-16f,0f,-1f,-7.654042494670958e-18f,0f,0f,0f,1f], start_interpolation: 0, interpolation_duration: 1 }
$data merge entity $(bone_sack_main) { transformation: [-1.1666666666666667f,0f,1.4287545990052456e-16f,-0.0625f,0f,1.1666666666666667f,0f,-0.8125f,-1.4287545990052456e-16f,0f,-1.1666666666666667f,-7.654042494670958e-18f,0f,0f,0f,1f], start_interpolation: 0, interpolation_duration: 1 }
data modify entity @s data merge value {"locators":{"lefthand":{"posx":0.875,"posy":1.8326004468747288,"posz":0.10365914827385549,"roty":0,"rotx":-7.499999999999998},"righthand":{"posx":-0.875,"posy":1.9182548039519833,"posz":0.18625330370137433,"roty":0,"rotx":-10.000000000000004},"chest":{"posx":-0.37500000000000006,"posy":2.557933976908742,"posz":0.38777679154733385,"roty":0,"rotx":10.000000000000002},"sack":{"posx":0,"posy":-0.4375,"posz":0,"roty":0,"rotx":0}},"cameras":{}}