# This file was generated by Animated Java via MC-Build. It is not recommended to edit this file directly.
$data merge entity $(bone_nose) { transformation: [-1f,-4.619298107507988e-17f,1.1341872123250152e-16f,-5.2330271407043395e-17f,0f,0.9261341417906619f,0.37719431518737667f,4.035010363138261f,-1.2246467991473532e-16f,0.37719431518737667f,-0.9261341417906619f,0.4268117841639242f,0f,0f,0f,1f], start_interpolation: 0, interpolation_duration: 1 }
$data merge entity $(bone_glowing_eye) { transformation: [-1f,-4.619298107507988e-17f,1.1341872123250152e-16f,-0.12500000000000006f,0f,0.9261341417906619f,0.37719431518737667f,4.08455473800248f,-1.2246467991473532e-16f,0.37719431518737667f,-0.9261341417906619f,0.4846689337175443f,0f,0f,0f,1f], start_interpolation: 0, interpolation_duration: 1 }
$data merge entity $(bone_head) { transformation: [-1f,-4.619298107507988e-17f,1.1341872123250152e-16f,-2.5388283812566332e-17f,0f,0.9261341417906619f,0.37719431518737667f,3.991285734969555f,-1.2246467991473532e-16f,0.37719431518737667f,-0.9261341417906619f,0.2068137601358116f,0f,0f,0f,1f], start_interpolation: 0, interpolation_duration: 1 }
$data merge entity $(bone_leftthumb2) { transformation: [-0.9998223450534289f,-0.017230524083167085f,0.007641162979643424f,0.9817826264965652f,-0.017867374191654777f,0.9954982555564631f,-0.09308050345552552f,1.8138758876107182f,-0.0060029385601939045f,-0.093200494761874f,-0.995629264588373f,0.3871953016018923f,0f,0f,0f,1f], start_interpolation: 0, interpolation_duration: 1 }
$data merge entity $(bone_leftthumb) { transformation: [-0.9998223450534289f,-0.017230524083167085f,0.007641162979643424f,0.978209964379432f,-0.017867374191654777f,0.9954982555564631f,-0.09308050345552552f,2.0500599414249736f,-0.0060029385601939045f,-0.093200494761874f,-0.995629264588373f,0.27925459138669256f,0f,0f,0f,1f], start_interpolation: 0, interpolation_duration: 1 }
$data merge entity $(bone_leftpointerfinger) { transformation: [-0.9998223450534289f,-0.017230524083167085f,0.007641162979643424f,1.0935774785991108f,-0.017867374191654777f,0.9954982555564631f,-0.09308050345552552f,1.7210031717732437f,-0.0060029385601939045f,-0.093200494761874f,-0.995629264588373f,0.2638224533578737f,0f,0f,0f,1f], start_interpolation: 0, interpolation_duration: 1 }
$data merge entity $(bone_leftmidfinger) { transformation: [-0.9998223450534289f,-0.017230524083167085f,0.007641162979643424f,1.09477141031468f,-0.017867374191654777f,0.9954982555564631f,-0.09308050345552552f,1.7064593431083177f,-0.0060029385601939045f,-0.093200494761874f,-0.995629264588373f,0.10825538076594036f,0f,0f,0f,1f], start_interpolation: 0, interpolation_duration: 1 }
$data merge entity $(bone_leftringfinger) { transformation: [-0.9998223450534289f,-0.017230524083167085f,0.007641162979643424f,1.0959653420302493f,-0.017867374191654777f,0.9954982555564631f,-0.09308050345552552f,1.691915514443392f,-0.0060029385601939045f,-0.093200494761874f,-0.995629264588373f,-0.0473116918259929f,0f,0f,0f,1f], start_interpolation: 0, interpolation_duration: 1 }
$data merge entity $(bone_invisibility) { transformation: [-0.016498985502046672f,-0.009113825171975487f,0.9998223450534287f,0.9039874139868825f,0.9835975837309376f,0.17948969390512653f,0.01786737419165481f,1.8294444265467817f,-0.1796206467978106f,0.9837176363025003f,0.006002938560193676f,0.28361651278164396f,0f,0f,0f,1f], start_interpolation: 0, interpolation_duration: 1 }
$data merge entity $(bone_swiftness) { transformation: [0.007641162979643202f,-0.017230524083167085f,0.9998223450534289f,0.8556795635963095f,-0.09308050345552552f,0.9954982555564631f,0.017867374191654756f,1.6762539806300174f,-0.995629264588373f,-0.093200494761874f,0.006002938560193683f,0.10924429362103297f,0f,0f,0f,1f], start_interpolation: 0, interpolation_duration: 1 }
$data merge entity $(bone_suspicious_stew) { transformation: [-0.012386863135162575f,-0.014207179647376226f,0.9998223450534292f,0.9062278128619642f,0.8628903004199002f,0.5050753274322055f,0.01786737419165489f,1.7653278514196615f,-0.5052394432968641f,0.8629583244083794f,0.006002938560193896f,0.10130479886328686f,0f,0f,0f,1f], start_interpolation: 0, interpolation_duration: 1 }
$data merge entity $(bone_log) { transformation: [-0.9998223450534289f,-0.017230524083167085f,0.007641162979643424f,0.8106988320174802f,-0.017867374191654777f,0.9954982555564631f,-0.09308050345552552f,1.883726918434274f,-0.0060029385601939045f,-0.093200494761874f,-0.995629264588373f,0.04242183975045444f,0f,0f,0f,1f], start_interpolation: 0, interpolation_duration: 1 }
$data merge entity $(bone_planks) { transformation: [-0.9998223450534289f,-0.017230524083167085f,0.007641162979643424f,0.7169654871687211f,-0.017867374191654777f,0.9954982555564631f,-0.09308050345552552f,1.8820518521038063f,-0.0060029385601939045f,-0.093200494761874f,-0.995629264588373f,0.041859064260436285f,0f,0f,0f,1f], start_interpolation: 0, interpolation_duration: 1 }
$data merge entity $(bone_lefthand) { transformation: [-0.9998223450534289f,-0.017230524083167085f,0.007641162979643424f,1.0561080009169317f,-0.017867374191654777f,0.9954982555564631f,-0.09308050345552552f,2.1399770916042886f,-0.0060029385601939045f,-0.093200494761874f,-0.995629264588373f,0.05173586521842111f,0f,0f,0f,1f], start_interpolation: 0, interpolation_duration: 1 }
$data merge entity $(bone_leftforearm) { transformation: [-0.9998223450534289f,-0.017230524083167085f,0.007641162979643424f,0.9813844989335585f,-0.017867374191654777f,0.9954982555564631f,-0.09308050345552552f,2.840274474521941f,-0.0060029385601939045f,-0.093200494761874f,-0.995629264588373f,0.0013857909381596728f,0f,0f,0f,1f], start_interpolation: 0, interpolation_duration: 1 }
$data merge entity $(bone_leftelbow) { transformation: [-0.9998223450534289f,-0.017230524083167085f,0.007641162979643424f,0.9781537756679647f,-0.017867374191654777f,0.9954982555564631f,-0.09308050345552552f,3.0269303974387776f,-0.0060029385601939045f,-0.093200494761874f,-0.995629264588373f,-0.016089301829691705f,0f,0f,0f,1f], start_interpolation: 0, interpolation_duration: 1 }
$data merge entity $(bone_leftarm) { transformation: [-0.9998223450534289f,-0.01880482799069843f,0.0012871581496921966f,0.75f,-0.017867374191654777f,0.9672977718843371f,0.2530133938096801f,3.498764126719969f,-0.0060029385601939045f,0.2529454465924167f,-0.9674619195486742f,0.13930346364237028f,0f,0f,0f,1f], start_interpolation: 0, interpolation_duration: 1 }
$data merge entity $(bone_rightthumb2) { transformation: [-0.9999555866391251f,0.0084005312615994f,-0.004272683433873766f,-0.9670633130261317f,0.008933594733670329f,0.9892826992479545f,-0.1457392598232054f,1.8405839928444343f,0.003002604592307465f,-0.14577095747508867f,-0.9893138088202641f,0.43399321362033066f,0f,0f,0f,1f], start_interpolation: 0, interpolation_duration: 1 }
$data merge entity $(bone_rightthumb) { transformation: [-0.9999555866391251f,0.0084005312615994f,-0.004272683433873766f,-0.9653682785827592f,0.008933594733670329f,0.9892826992479545f,-0.1457392598232054f,2.0707436424184094f,0.003002604592307465f,-0.14577095747508867f,-0.9893138088202641f,0.3136996947644885f,0f,0f,0f,1f], start_interpolation: 0, interpolation_duration: 1 }
$data merge entity $(bone_rightpointerfinger) { transformation: [-0.9999555866391251f,0.0084005312615994f,-0.004272683433873766f,-1.0776951272275888f,0.008933594733670329f,0.9892826992479545f,-0.1457392598232054f,1.7402808408474566f,0.003002604592307465f,-0.14577095747508867f,-0.9893138088202641f,0.31548511527483575f,0f,0f,0f,1f], start_interpolation: 0, interpolation_duration: 1 }
$data merge entity $(bone_rightmidfinger) { transformation: [-0.9999555866391251f,0.0084005312615994f,-0.004272683433873766f,-1.0783627340141315f,0.008933594733670329f,0.9892826992479545f,-0.1457392598232054f,1.7175090815000806f,0.003002604592307465f,-0.14577095747508867f,-0.9893138088202641f,0.1609048326466695f,0f,0f,0f,1f], start_interpolation: 0, interpolation_duration: 1 }
$data merge entity $(bone_rightringfinger) { transformation: [-0.9999555866391251f,0.0084005312615994f,-0.004272683433873766f,-1.0790303408006743f,0.008933594733670329f,0.9892826992479545f,-0.1457392598232054f,1.694737322152705f,0.003002604592307465f,-0.14577095747508867f,-0.9893138088202641f,0.006324550018503239f,0f,0f,0f,1f], start_interpolation: 0, interpolation_duration: 1 }
$data merge entity $(bone_hugeasssword) { transformation: [-3.9164927143365738f,0.03290208077459765f,-0.01673467678267225f,-0.8109764127219472f,0.03498991270687546f,3.874690572054489f,-0.5708121009742212f,1.9183613196184277f,0.011760201319870905f,-0.570936250110764f,-3.874812417879368f,0.14595556832752704f,0f,0f,0f,1f], start_interpolation: 0, interpolation_duration: 1 }
$data merge entity $(bone_ice) { transformation: [-0.9999555866391251f,0.0084005312615994f,-0.004272683433873766f,-0.7954833649816733f,0.008933594733670329f,0.9892826992479545f,-0.1457392598232054f,1.902764190024965f,0.003002604592307465f,-0.14577095747508867f,-0.9893138088202641f,0.1481863238413205f,0f,0f,0f,1f], start_interpolation: 0, interpolation_duration: 1 }
$data merge entity $(bone_righthand) { transformation: [-0.9999555866391251f,0.0084005312615994f,-0.004272683433873766f,-1.0435056501833633f,0.008933594733670329f,0.9892826992479545f,-0.1457392598232054f,2.147763911650896f,0.003002604592307465f,-0.14577095747508867f,-0.9893138088202641f,0.08157817909499195f,0f,0f,0f,1f], start_interpolation: 0, interpolation_duration: 1 }
$data merge entity $(bone_rightforearm) { transformation: [-0.9999555866391251f,0.0084005312615994f,-0.004272683433873766f,-0.9750350417964515f,0.008933594733670329f,0.9892826992479545f,-0.1457392598232054f,2.845072135823497f,0.003002604592307465f,-0.14577095747508867f,-0.9893138088202641f,-0.005646659903882367f,0f,0f,0f,1f], start_interpolation: 0, interpolation_duration: 1 }
$data merge entity $(bone_rightelbow) { transformation: [-0.9999555866391251f,0.0084005312615994f,-0.004272683433873766f,-0.9734599421849016f,0.008933594733670329f,0.9892826992479545f,-0.1457392598232054f,3.0305626419324883f,0.003002604592307465f,-0.14577095747508867f,-0.9893138088202641f,-0.03297871443046149f,0f,0f,0f,1f], start_interpolation: 0, interpolation_duration: 1 }
$data merge entity $(bone_rightarm) { transformation: [-0.9999555866391251f,0.009419180943424362f,-0.00032214834818674476f,-0.75f,0.008933594733670329f,0.9581866865629166f,0.2860043086715891f,3.498764126719969f,0.003002604592307465f,0.28598872831622946f,-0.9582282774170924f,0.13930346364237012f,0f,0f,0f,1f], start_interpolation: 0, interpolation_duration: 1 }
$data merge entity $(bone_chest) { transformation: [-1.0833333333333333f,-2.5496456959575277e-17f,1.3019707420600488e-16f,-0.002323125f,0f,1.0631397909720022f,0.20819437063263382f,3.362604604842004f,-1.3267006990762992e-16f,0.20819437063263382f,-1.0631397909720022f,0.0004793220450054897f,0f,0f,0f,1f], start_interpolation: 0, interpolation_duration: 1 }
$data merge entity $(bone_chest1lid) { transformation: [-1f,-2.353519103960795e-17f,1.2018191465169682e-16f,-0.34375000000000006f,0f,0.981359807051079f,0.19217941904550817f,2.6166913279140718f,-1.2246467991473532e-16f,0.19217941904550817f,-0.981359807051079f,0.2531595245558386f,0f,0f,0f,1f], start_interpolation: 0, interpolation_duration: 1 }
$data merge entity $(bone_chest1) { transformation: [-1f,-2.353519103960795e-17f,1.2018191465169682e-16f,-0.34375000000000006f,0f,0.981359807051079f,0.19217941904550817f,2.463353858062341f,-1.2246467991473532e-16f,0.19217941904550817f,-0.981359807051079f,0.22313149032997798f,0f,0f,0f,1f], start_interpolation: 0, interpolation_duration: 1 }
$data merge entity $(bone_chest1lid3) { transformation: [-1f,-2.353519103960795e-17f,1.2018191465169682e-16f,-0.28124999999999994f,0f,0.981359807051079f,0.19217941904550817f,2.7398062682401005f,-1.2246467991473532e-16f,0.19217941904550817f,-0.981359807051079f,-0.37552410183625884f,0f,0f,0f,1f], start_interpolation: 0, interpolation_duration: 1 }
$data merge entity $(bone_chest3) { transformation: [-1f,-2.353519103960795e-17f,1.2018191465169682e-16f,-0.28124999999999994f,0f,0.981359807051079f,0.19217941904550817f,2.5864687983883696f,-1.2246467991473532e-16f,0.19217941904550817f,-0.981359807051079f,-0.4055521360621195f,0f,0f,0f,1f], start_interpolation: 0, interpolation_duration: 1 }
$data merge entity $(bone_hugeasssword2) { transformation: [-1.3403872016755187e-15f,2.887669569172986f,-2.646061646494669f,-1.234375f,-0.7527027245949068f,2.596738546849269f,2.8338428512308735f,4.552191215913114f,3.843659244283393f,0.508518589981947f,0.554950660199056f,-0.036527044956276386f,0f,0f,0f,1f], start_interpolation: 0, interpolation_duration: 1 }
$data merge entity $(bone_belt) { transformation: [-1f,-2.353519103960795e-17f,1.2018191465169682e-16f,0.029705624999999992f,0f,0.981359807051079f,0.19217941904550817f,2.946542786497743f,-1.2246467991473532e-16f,0.19217941904550817f,-0.981359807051079f,0.05239094619911207f,0f,0f,0f,1f], start_interpolation: 0, interpolation_duration: 1 }
$data merge entity $(bone_torn_part) { transformation: [-1f,-4.8989440248329356e-17f,1.1223917573990797e-16f,-0.09375f,0f,0.916502421906898f,0.4000291372372647f,2.672647981270377f,-1.2246467991473532e-16f,0.4000291372372647f,-0.916502421906898f,0.005633292068406015f,0f,0f,0f,1f], start_interpolation: 0, interpolation_duration: 1 }
$data merge entity $(bone_lowerbody) { transformation: [-1f,-1.2971088495929494e-17f,1.217758132383001e-16f,0.0039062499999999883f,0f,0.994374976712348f,0.10591697544925174f,2.17221875f,-1.2246467991473532e-16f,0.10591697544925174f,-0.994374976712348f,0.09375f,0f,0f,0f,1f], start_interpolation: 0, interpolation_duration: 1 }
$data merge entity $(bone_leftfoot) { transformation: [-0.9945195771376412f,-0.08320847250509833f,-0.06330213893175907f,0.43985072605407094f,-0.08330011173509391f,0.9965237899558551f,-0.0011947539244417937f,0.15927321092518953f,0.0631815010496609f,0.0040848690783665265f,-0.9979936932514776f,-0.26402244844960177f,0f,0f,0f,1f], start_interpolation: 0, interpolation_duration: 1 }
$data merge entity $(bone_leftlowerleg) { transformation: [-0.9945195771376412f,-0.061626395536998974f,-0.08445707822962374f,0.38446040407547716f,-0.08330011173509391f,0.9552335352793465f,0.283883751670719f,1.1753679176729221f,0.0631815010496609f,0.2893632327211577f,-0.9551319372077728f,0.20374173130018156f,0f,0f,0f,1f], start_interpolation: 0, interpolation_duration: 1 }
$data merge entity $(bone_leftleg) { transformation: [-0.9945195771376412f,-0.09818114245031546f,-0.03593430056531357f,0.25f,-0.08330011173509391f,0.951810605932318f,-0.2951570121472206f,2.19175f,0.0631815010496609f,-0.2905460956576504f,-0.9547727814633213f,-0.07812499999999997f,0f,0f,0f,1f], start_interpolation: 0, interpolation_duration: 1 }
$data merge entity $(bone_rightfoot) { transformation: [-0.9935605088804489f,0.07758149867703011f,0.08257497354676771f,-0.4357883999846106f,0.08125247166476715f,0.9958056760224057f,0.04206056882551587f,0.18878750698164026f,-0.07896550539057941f,0.04849914086440821f,-0.9956968827378263f,-0.1972103643025429f,0f,0f,0f,1f], start_interpolation: 0, interpolation_duration: 1 }
$data merge entity $(bone_rightlowerleg) { transformation: [-0.9935605088804489f,0.05415751844983405f,0.0995212459155295f,-0.3909984069837962f,0.08125247166476715f,0.9527420988967646f,0.29271236536599154f,1.2007617986233523f,-0.07896550539057941f,0.2989137939024282f,-0.9510073568449757f,0.28051524553000773f,0f,0f,0f,1f], start_interpolation: 0, interpolation_duration: 1 }
$data merge entity $(bone_rightleg) { transformation: [-0.9935605088804489f,0.10455216771694649f,0.04366187603517403f,-0.25f,0.08125247166476715f,0.9260514757277392f,-0.36854674079530636f,2.19175f,-0.07896550539057941f,-0.36262585198543695f,-0.9285832975184544f,-0.07812500000000003f,0f,0f,0f,1f], start_interpolation: 0, interpolation_duration: 1 }
data modify entity @s data merge value {"locators":{"lefthand":{"posx":0.9056589183886795,"posy":1.8090830664158855,"posz":0.0658226111529374,"roty":0.4397196922756166,"rotx":-5.3408511909508585},"righthand":{"posx":-0.8892936988513995,"posy":1.8904213482902348,"posz":0.16620351749521423,"roty":359.7525505014504,"rotx":-8.380090423739041},"chest":{"posx":-0.37500000000000006,"posy":2.525328305747519,"posz":0.39448578071722545,"roty":0,"rotx":11.080000000000002},"sack":{"posx":0,"posy":-0.4375,"posz":0,"roty":0,"rotx":0}},"cameras":{}}