# This file was generated by Animated Java via MC-Build. It is not recommended to edit this file directly.
$data merge entity $(bone_nose) { transformation: [-0.9949180559904831f,-0.04669748776335546f,0.08920429642516658f,-0.20438590262878448f,-0.0392592105641037f,0.9957431094561578f,0.08339289152239296f,4.526903053419861f,-0.09271880203066207f,0.07946700326030615f,-0.9925161052309556f,1.2283410331777536f,0f,0f,0f,1f], start_interpolation: 0, interpolation_duration: 1 }
$data merge entity $(bone_glowing_eye) { transformation: [-0.9949180559904831f,-0.04669748776335546f,0.08920429642516658f,-0.3350252986427036f,-0.0392592105641037f,0.9957431094561578f,0.08339289152239296f,4.586505503952064f,-0.09271880203066207f,0.07946700326030615f,-0.9925161052309556f,1.256766214528645f,0f,0f,0f,1f], start_interpolation: 0, interpolation_duration: 1 }
$data merge entity $(bone_head) { transformation: [-0.9949180559904831f,-0.04669748776335546f,0.08920429642516658f,-0.18191589224232005f,-0.0392592105641037f,0.9957431094561578f,0.08339289152239296f,4.419567541863458f,-0.09271880203066207f,0.07946700326030615f,-0.9925161052309556f,1.0326750926645336f,0f,0f,0f,1f], start_interpolation: 0, interpolation_duration: 1 }
$data merge entity $(bone_leftthumb2) { transformation: [-0.16945047602145524f,0.07440146164461472f,0.9827262887911604f,0.1759419996707082f,-0.9630733542061503f,-0.224192775044467f,-0.14908827598431798f,4.119771122312837f,0.2092277481459315f,-0.9717005825474254f,0.10964363767577537f,3.2718395316382f,0f,0f,0f,1f], start_interpolation: 0, interpolation_duration: 1 }
$data merge entity $(bone_leftthumb) { transformation: [-0.16945047602145524f,0.07440146164461472f,0.9827262887911604f,0.2781697319524582f,-0.9630733542061503f,-0.224192775044467f,-0.14908827598431798f,4.052048814334064f,0.2092277481459315f,-0.9717005825474254f,0.10964363767577537f,3.0429071226894906f,0f,0f,0f,1f], start_interpolation: 0, interpolation_duration: 1 }
$data merge entity $(bone_leftpointerfinger) { transformation: [-0.16945047602145524f,0.07440146164461472f,0.9827262887911604f,0.3183556929522513f,-0.9630733542061503f,-0.224192775044467f,-0.14908827598431798f,4.223959703825063f,0.2092277481459315f,-0.9717005825474254f,0.10964363767577537f,3.344001636900455f,0f,0f,0f,1f], start_interpolation: 0, interpolation_duration: 1 }
$data merge entity $(bone_leftmidfinger) { transformation: [-0.16945047602145524f,0.07440146164461472f,0.9827262887911604f,0.4719066755758701f,-0.9630733542061503f,-0.224192775044467f,-0.14908827598431798f,4.200664660702514f,0.2092277481459315f,-0.9717005825474254f,0.10964363767577537f,3.3611334552872947f,0f,0f,0f,1f], start_interpolation: 0, interpolation_duration: 1 }
$data merge entity $(bone_leftringfinger) { transformation: [-0.16945047602145524f,0.07440146164461472f,0.9827262887911604f,0.625457658199489f,-0.9630733542061503f,-0.224192775044467f,-0.14908827598431798f,4.177369617579964f,0.2092277481459315f,-0.9717005825474254f,0.10964363767577537f,3.3782652736741348f,0f,0f,0f,1f], start_interpolation: 0, interpolation_duration: 1 }
$data merge entity $(bone_invisibility) { transformation: [0.15976858123788462f,-0.9725022039179835f,0.16945047602145544f,0.2640111920408844f,-0.23633355327815464f,0.1289812622555573f,0.96307335420615f,4.023521373765431f,-0.9584468957872182f,-0.19391569653235283f,-0.20922774814593148f,3.273525724784325f,0f,0f,0f,1f], start_interpolation: 0, interpolation_duration: 1 }
$data merge entity $(bone_swiftness) { transformation: [0.9827262887911604f,0.07440146164461472f,0.16945047602145547f,0.42937164743394596f,-0.1490882759843182f,-0.224192775044467f,0.9630733542061503f,3.975766937121183f,0.10964363767577541f,-0.9717005825474254f,-0.20922774814593148f,3.4365657981329374f,0f,0f,0f,1f], start_interpolation: 0, interpolation_duration: 1 }
$data merge entity $(bone_suspicious_stew) { transformation: [0.48274869999123193f,-0.859209071665842f,0.16945047602145527f,0.44478480267463566f,-0.2661950858625665f,0.040371904596340394f,0.9630733542061505f,4.006076358348581f,-0.8343224010653176f,-0.5100292937531982f,-0.20922774814593167f,3.3396323716554432f,0f,0f,0f,1f], start_interpolation: 0, interpolation_duration: 1 }
$data merge entity $(bone_log) { transformation: [-0.16945047602145524f,0.07440146164461472f,0.9827262887911604f,0.4842642980402867f,-0.9630733542061503f,-0.224192775044467f,-0.14908827598431798f,3.880775621574431f,0.2092277481459315f,-0.9717005825474254f,0.10964363767577537f,3.242924445741748f,0f,0f,0f,1f], start_interpolation: 0, interpolation_duration: 1 }
$data merge entity $(bone_planks) { transformation: [-0.16945047602145524f,0.07440146164461472f,0.9827262887911604f,0.4683783159132753f,-0.9630733542061503f,-0.224192775044467f,-0.14908827598431798f,3.7904874946176044f,0.2092277481459315f,-0.9717005825474254f,0.10964363767577537f,3.2625395471304293f,0f,0f,0f,1f], start_interpolation: 0, interpolation_duration: 1 }
$data merge entity $(bone_lefthand) { transformation: [-0.16945047602145524f,0.07440146164461472f,0.9827262887911604f,0.5145170859320805f,-0.9630733542061503f,-0.224192775044467f,-0.14908827598431798f,4.070154774989362f,0.2092277481459315f,-0.9717005825474254f,0.10964363767577537f,2.9442659993910407f,0f,0f,0f,1f], start_interpolation: 0, interpolation_duration: 1 }
$data merge entity $(bone_leftforearm) { transformation: [-0.9760008429787276f,0.07440146164461472f,0.20466259308910906f,0.5026327079477624f,-0.21634833161680161f,-0.224192775044467f,-0.9502268145156122f,3.9138447532869773f,-0.024814389201423908f,-0.9717005825474254f,0.23490896952980383f,2.25581767531339f,0f,0f,0f,1f], start_interpolation: 0, interpolation_duration: 1 }
$data merge entity $(bone_leftelbow) { transformation: [-0.9950696183246854f,0.06174813483567165f,0.07761199991934672f,0.5142104832294508f,-0.08084207290196455f,-0.05165282392191892f,-0.9953876355620482f,3.9041598488016174f,-0.05745445096838381f,-0.9967543095593854f,0.0563900030033217f,2.0689262422710053f,0f,0f,0f,1f], start_interpolation: 0, interpolation_duration: 1 }
$data merge entity $(bone_leftarm) { transformation: [-0.9950696183246854f,0.06174813483567165f,0.07761199991934672f,0.32498769664128213f,-0.08084207290196455f,-0.05165282392191892f,-0.9953876355620482f,3.8917550970046673f,-0.05745445096838381f,-0.9967543095593854f,0.0563900030033217f,1.5562187387481248f,0f,0f,0f,1f], start_interpolation: 0, interpolation_duration: 1 }
$data merge entity $(bone_rightthumb2) { transformation: [-0.0023097019804362573f,0.9291245369084483f,-0.36975973305840504f,-1.2075852979643422f,0.34328212554563287f,0.34802778833948983f,0.8723726502042554f,4.6007122058880014f,0.9392294967459413f,-0.12491698626761985f,-0.3197556863985085f,-0.43678337572997405f,0f,0f,0f,1f], start_interpolation: 0, interpolation_duration: 1 }
$data merge entity $(bone_rightthumb) { transformation: [-0.0023097019804362573f,0.9291245369084483f,-0.36975973305840504f,-1.0113232161094108f,0.34328212554563287f,0.34802778833948983f,0.8723726502042554f,4.760614196524679f,0.9392294967459413f,-0.12491698626761985f,-0.3197556863985085f,-0.49474385130511134f,0f,0f,0f,1f], start_interpolation: 0, interpolation_duration: 1 }
$data merge entity $(bone_rightpointerfinger) { transformation: [-0.06411314173682087f,0.9919981661787629f,-0.10876186535089277f,-1.0965523320394281f,0.9142628055695434f,0.014701134989870523f,-0.40485478752525195f,5.052397885095799f,-0.400016283929469f,-0.1253934405301212f,-0.9078895624817357f,-0.6662794125063363f,0f,0f,0f,1f], start_interpolation: 0, interpolation_duration: 1 }
$data merge entity $(bone_rightmidfinger) { transformation: [-0.1625656703669192f,0.980685096992683f,-0.10876186535089277f,-1.1135463735005051f,0.9082558679601543f,0.10565926052093155f,-0.40485478752525195f,4.989139324544979f,-0.38554335830630126f,-0.1645990923505398f,-0.9078895624817357f,-0.8081371566441075f,0f,0f,0f,1f], start_interpolation: 0, interpolation_duration: 1 }
$data merge entity $(bone_rightringfinger) { transformation: [-0.11963406074119753f,0.986842717030412f,-0.10876186535089277f,-1.130540414961582f,0.9120002018402762f,0.06594113178569766f,-0.40485478752525195f,4.925880763994158f,-0.3923561180278282f,-0.14762526539469978f,-0.9078895624817357f,-0.9499949007818786f,0f,0f,0f,1f], start_interpolation: 0, interpolation_duration: 1 }
$data merge entity $(bone_hugeasssword) { transformation: [3.3049761592327633f,2.0581418852324123f,-0.4259839726243301f,-1.2292488983395127f,1.7436643631598112f,-3.1281827530062163f,-1.5856812511405702f,4.714978465322943f,-1.173475587018037f,1.1483912320390657f,-3.555900786386798f,-0.6548097426193683f,0f,0f,0f,1f], start_interpolation: 0, interpolation_duration: 1 }
$data merge entity $(bone_ice) { transformation: [1.2657355503444623f,0.7882245517911366f,-0.16314279802633916f,-1.250644316070092f,0.6677863518484384f,-1.1980274373215296f,-0.6072821812878779f,4.720501809963287f,-0.44941618226222685f,0.43980940801496127f,-1.3618343437226035f,-0.6547096720542926f,0f,0f,0f,1f], start_interpolation: 0, interpolation_duration: 1 }
$data merge entity $(bone_righthand) { transformation: [0.8438237002296416f,0.5254830345274244f,-0.10876186535089277f,-0.9117164406730408f,0.4451909012322922f,-0.798684958214353f,-0.40485478752525195f,4.619476583607608f,-0.2996107881748179f,0.2932062720099742f,-0.9078895624817357f,-0.6846823499230578f,0f,0f,0f,1f], start_interpolation: 0, interpolation_duration: 1 }
$data merge entity $(bone_rightforearm) { transformation: [0.8707709349929829f,0.45833195362339085f,0.17801628874687966f,-0.6466564737303255f,0.48381301861268294f,-0.734152644448226f,-0.4763872979735717f,4.0804807433474934f,-0.08765239182321488f,0.5009508108960825f,-0.8610257506429334f,-0.31351950916900295f,0f,0f,0f,1f], start_interpolation: 0, interpolation_duration: 1 }
$data merge entity $(bone_rightelbow) { transformation: [0.7394237455786904f,0.43595068034332063f,0.5130297542858271f,-0.5649157211659529f,0.6294081577382916f,-0.17716800780193767f,-0.7566087945457565f,4.04726174188463f,-0.23895165922602463f,0.8823596213107717f,-0.40539314650526753f,-0.1480770801732333f,0f,0f,0f,1f], start_interpolation: 0, interpolation_duration: 1 }
$data merge entity $(bone_rightarm) { transformation: [0.7394237455786904f,0.26150253110164634f,0.6203780707776612f,-0.6153002146722701f,0.6294081577382916f,0.05854852030484391f,-0.7748660798761315f,3.9630675325279294f,-0.23895165922602463f,0.9634253977332888f,-0.12129966016268975f,0.38969690852918815f,0f,0f,0f,1f], start_interpolation: 0, interpolation_duration: 1 }
$data merge entity $(bone_chest) { transformation: [-0.6790968248375655f,-0.12797847991085015f,0.8343021768438315f,-0.042908391934203066f,0.05150342565568911f,1.0625301986391968f,0.2049099442110824f,3.79111873334761f,-0.8424879884914541f,0.16811364242847202f,-0.6599718960593444f,0.879220635044141f,0f,0f,0f,1f], start_interpolation: 0, interpolation_duration: 1 }
$data merge entity $(bone_chest1lid) { transformation: [-0.6268586075423682f,-0.11706810802328374f,0.7702878320692155f,-0.4775610390313041f,0.04754162368217457f,0.981057924803308f,0.18779015468945567f,3.0630084153736403f,-0.7776812201459578f,0.15433860911799085f,-0.6094189967237797f,0.7460340980297918f,0f,0f,0f,1f], start_interpolation: 0, interpolation_duration: 1 }
$data merge entity $(bone_chest1) { transformation: [-0.6268586075423682f,-0.11813398145616938f,0.770125086317383f,-0.45910260442877765f,0.04754162368217457f,0.9807971064361818f,0.18914764081022994f,2.909758867492987f,-0.7776812201459578f,0.15518182378012801f,-0.6092048271317025f,0.7217869380641468f,0f,0f,0f,1f], start_interpolation: 0, interpolation_duration: 1 }
$data merge entity $(bone_chest1lid3) { transformation: [-0.6268586075423682f,-0.11813398145616938f,0.770125086317383f,0.054979007362167376f,0.04754162368217457f,0.9807971064361818f,0.18914764081022994f,3.1812097712875578f,-0.7776812201459578f,0.15518182378012801f,-0.6092048271317025f,0.4043673319076673f,0f,0f,0f,1f], start_interpolation: 0, interpolation_duration: 1 }
$data merge entity $(bone_chest3) { transformation: [-0.6268586075423682f,-0.11813398145616938f,0.770125086317383f,0.07343744196469384f,0.04754162368217457f,0.9807971064361818f,0.18914764081022994f,3.0279602234069043f,-0.7776812201459578f,0.15518182378012801f,-0.6092048271317025f,0.3801201719420223f,0f,0f,0f,1f], start_interpolation: 0, interpolation_duration: 1 }
$data merge entity $(bone_hugeasssword2) { transformation: [-3.016323254743084f,1.4975707276953656f,-1.9998384225291397f,-0.7482719267877556f,-0.7408282598400672f,2.4579651063576415f,2.9580160248261644f,5.037822978239f,2.386052239599168f,2.656307066070491f,-1.609678619608756f,-0.06026241887327055f,0f,0f,0f,1f], start_interpolation: 0, interpolation_duration: 1 }
$data merge entity $(bone_belt) { transformation: [-0.6268586075423682f,-0.11813398145616938f,0.770125086317383f,-0.07658588458610571f,0.04754162368217457f,0.9807971064361818f,0.18914764081022994f,3.374155224110214f,-0.7776812201459578f,0.15518182378012801f,-0.6092048271317025f,0.9220616514411601f,0f,0f,0f,1f], start_interpolation: 0, interpolation_duration: 1 }
$data merge entity $(bone_torn_part) { transformation: [-0.6268586075423682f,-0.3123773210547666f,0.7137707583255918f,-0.12153760267925882f,0.04754162368217457f,0.8990663452926455f,0.43522350669487975f,3.103776646719182f,-0.7776812201459578f,0.30675742216411456f,-0.5487365522539221f,0.7830181881732152f,0f,0f,0f,1f], start_interpolation: 0, interpolation_duration: 1 }
$data merge entity $(bone_lowerbody) { transformation: [-0.6268586075423682f,-0.08328453957418358f,0.7746689432383096f,-0.12859248284037988f,0.04754162368217457f,0.9883290458965915f,0.14472557153038146f,2.5961993345933148f,-0.7776812201459578f,0.1275514896230119f,-0.6155830872654356f,0.8832489906823096f,0f,0f,0f,1f], start_interpolation: 0, interpolation_duration: 1 }
$data merge entity $(bone_leftfoot) { transformation: [-0.9493707634879691f,-0.10416255818165612f,0.29638710313932987f,0.3389715954157131f,-0.07713361243475925f,0.9918404627272045f,0.1015032133966649f,0.5328447069403646f,-0.30454155589514387f,0.07350277525466403f,-0.9496587717505838f,0.9842069400354785f,0f,0f,0f,1f], start_interpolation: 0, interpolation_duration: 1 }
$data merge entity $(bone_leftlowerleg) { transformation: [-0.9493707634879691f,-0.10416255818165612f,0.29638710313932987f,0.1778776757291565f,-0.07713361243475925f,0.9918404627272045f,0.1015032133966649f,1.617572195616518f,-0.30454155589514387f,0.07350277525466403f,-0.9496587717505838f,1.2116599968559723f,0f,0f,0f,1f], start_interpolation: 0, interpolation_duration: 1 }
$data merge entity $(bone_leftleg) { transformation: [-0.9493707634879691f,0.028740057263564295f,0.31284047459169617f,0.1705991976784369f,-0.07713361243475925f,0.9440011320480064f,-0.3207994210170065f,2.626517191451136f,-0.30454155589514387f,-0.3286881071784759f,-0.8939902510276025f,0.8761931417255978f,0f,0f,0f,1f], start_interpolation: 0, interpolation_duration: 1 }
$data merge entity $(bone_rightfoot) { transformation: [-0.6950329173399498f,-0.14553783809202758f,0.7040937306193098f,-0.2973865607787648f,0.1780262114485918f,0.9139660795295868f,0.3646541834486182f,0.6547062469880448f,-0.6965887681058169f,0.37879380030937143f,-0.6093269606672631f,0.10277386429532931f,0f,0f,0f,1f], start_interpolation: 0, interpolation_duration: 1 }
$data merge entity $(bone_rightlowerleg) { transformation: [-0.6950329173399498f,-0.14553783809202758f,0.7040937306193098f,-0.5670235212116934f,0.1780262114485918f,0.9139660795295868f,0.3646541834486182f,1.6126098465413525f,-0.6965887681058169f,0.37879380030937143f,-0.6093269606672631f,0.6166186582146103f,0f,0f,0f,1f], start_interpolation: 0, interpolation_duration: 1 }
$data merge entity $(bone_rightleg) { transformation: [-0.6950329173399498f,0.2966722561188247f,0.654915884876283f,-0.24714470802803123f,0.1780262114485918f,0.9535454284536159f,-0.24301807322187258f,2.626517191451136f,-0.6965887681058169f,-0.05231336659570485f,-0.7155608987530298f,0.6014386526901947f,0f,0f,0f,1f], start_interpolation: 0, interpolation_duration: 1 }
data modify entity @s data merge value {"locators":{"lefthand":{"posx":0.47898256771395076,"posy":3.9909083133938617,"posz":3.2975102705259003,"roty":96.36621204225023,"rotx":-8.57409452499506},"righthand":{"posx":-1.1780471124419463,"posy":4.781043765480996,"posz":-0.6731937570320605,"roty":353.16872891676974,"rotx":-23.882027701335815},"chest":{"posx":-0.6100990414130836,"posy":2.9736399530848483,"posz":0.8072209501533012,"roty":51.65436094958014,"rotx":10.903045678066858},"sack":{"posx":0,"posy":-0.4375,"posz":0,"roty":0,"rotx":0}},"cameras":{}}