# This file was generated by Animated Java via MC-Build. It is not recommended to edit this file directly.
$data merge entity $(bone_nose) {transformation: [-1f,0f,0f,0f,0f,0.9861f,0.1664f,3.8616f,0f,0.1664f,-0.9861f,0.3657f,0f,0f,0f,1f],start_interpolation: 0,interpolation_duration: 1}
$data merge entity $(bone_glowing_eye) {transformation: [-1f,0f,0f,-0.125f,0f,0.9861f,0.1664f,3.9226f,0f,0.1664f,-0.9861f,0.4114f,0f,0f,0f,1f],start_interpolation: 0,interpolation_duration: 1}
$data merge entity $(bone_head) {transformation: [-1f,0f,0f,0f,0f,0.9861f,0.1664f,3.771f,0f,0.1664f,-0.9861f,0.1605f,0f,0f,0f,1f],start_interpolation: 0,interpolation_duration: 1}
$data merge entity $(bone_leftthumb2) {transformation: [-0.973f,-0.0797f,-0.2164f,0.9184f,0.002f,0.9353f,-0.3537f,1.8044f,0.2306f,-0.3446f,-0.91f,0.1798f,0f,0f,0f,1f],start_interpolation: 0,interpolation_duration: 1}
$data merge entity $(bone_leftthumb) {transformation: [-0.973f,-0.0797f,-0.2164f,0.8803f,0.002f,0.9353f,-0.3537f,2.0035f,0.2306f,-0.3446f,-0.91f,0.0175f,0f,0f,0f,1f],start_interpolation: 0,interpolation_duration: 1}
$data merge entity $(bone_leftpointerfinger) {transformation: [-0.973f,-0.0797f,-0.2164f,1.0028f,0.002f,0.9353f,-0.3537f,1.6798f,0.2306f,-0.3446f,-0.91f,0.0627f,0f,0f,0f,1f],start_interpolation: 0,interpolation_duration: 1}
$data merge entity $(bone_leftmidfinger) {transformation: [-0.973f,-0.0797f,-0.2164f,0.9689f,0.002f,0.9353f,-0.3537f,1.6245f,0.2306f,-0.3446f,-0.91f,-0.0795f,0f,0f,0f,1f],start_interpolation: 0,interpolation_duration: 1}
$data merge entity $(bone_leftringfinger) {transformation: [-0.973f,-0.0797f,-0.2164f,0.9351f,0.002f,0.9353f,-0.3537f,1.5693f,0.2306f,-0.3446f,-0.91f,-0.2217f,0f,0f,0f,1f],start_interpolation: 0,interpolation_duration: 1}
$data merge entity $(bone_invisibility) {transformation: [-0.0983f,0.2087f,0.973f,0.8184f,0.901f,0.4339f,-0.002f,1.7936f,-0.4226f,0.8765f,-0.2306f,0.0967f,0f,0f,0f,1f],start_interpolation: 0,interpolation_duration: 1}
$data merge entity $(bone_swiftness) {transformation: [-0.2164f,-0.0797f,0.973f,0.7379f,-0.3537f,0.9353f,-0.002f,1.6007f,-0.91f,-0.3446f,-0.2306f,-0.0153f,0f,0f,0f,1f],start_interpolation: 0,interpolation_duration: 1}
$data merge entity $(bone_suspicious_stew) {transformation: [-0.1637f,0.1625f,0.973f,0.7815f,0.6982f,0.7159f,-0.002f,1.6834f,-0.6969f,0.679f,-0.2306f,-0.0578f,0f,0f,0f,1f],start_interpolation: 0,interpolation_duration: 1}
$data merge entity $(bone_log) {transformation: [-0.973f,-0.0797f,-0.2164f,0.6702f,0.002f,0.9353f,-0.3537f,1.7839f,0.2306f,-0.3446f,-0.91f,-0.1219f,0f,0f,0f,1f],start_interpolation: 0,interpolation_duration: 1}
$data merge entity $(bone_planks) {transformation: [-0.973f,-0.0797f,-0.2164f,0.579f,0.002f,0.9353f,-0.3537f,1.7841f,0.2306f,-0.3446f,-0.91f,-0.1003f,0f,0f,0f,1f],start_interpolation: 0,interpolation_duration: 1}
$data merge entity $(bone_lefthand1) {transformation: [-0.973f,-0.0797f,-0.2164f,0.9003f,0.002f,0.9353f,-0.3537f,2.0283f,0.2306f,-0.3446f,-0.91f,-0.2373f,0f,0f,0f,1f],start_interpolation: 0,interpolation_duration: 1}
$data merge entity $(bone_leftforearm) {transformation: [-0.9725f,-0.001f,-0.2328f,0.8424f,0.0454f,0.98f,-0.1938f,2.7232f,0.2283f,-0.1991f,-0.953f,-0.3481f,0f,0f,0f,1f],start_interpolation: 0,interpolation_duration: 1}
$data merge entity $(bone_leftelbow) {transformation: [-0.9725f,0.1677f,-0.1615f,0.8739f,0.0454f,0.817f,0.5749f,2.8764f,0.2283f,0.5518f,-0.8021f,-0.2446f,0f,0f,0f,1f],start_interpolation: 0,interpolation_duration: 1}
$data merge entity $(bone_leftarm) {transformation: [-0.9725f,0.1677f,-0.1615f,0.75f,0.0454f,0.817f,0.5749f,3.2768f,0.2283f,0.5518f,-0.8021f,0.1063f,0f,0f,0f,1f],start_interpolation: 0,interpolation_duration: 1}
$data merge entity $(bone_rightthumb2) {transformation: [-0.9746f,0.0419f,0.2198f,-0.8614f,-0.0023f,0.9804f,-0.1971f,1.8199f,-0.2237f,-0.1926f,-0.9554f,-0.0659f,0f,0f,0f,1f],start_interpolation: 0,interpolation_duration: 1}
$data merge entity $(bone_rightthumb) {transformation: [-0.9746f,0.0419f,0.2198f,-0.8324f,-0.0023f,0.9804f,-0.1971f,2.0434f,-0.2237f,-0.1926f,-0.9554f,-0.1948f,0f,0f,0f,1f],start_interpolation: 0,interpolation_duration: 1}
$data merge entity $(bone_rightpointerfinger) {transformation: [-0.9746f,0.0419f,0.2198f,-0.9424f,-0.0023f,0.9804f,-0.1971f,1.7123f,-0.2237f,-0.1926f,-0.9554f,-0.2008f,0f,0f,0f,1f],start_interpolation: 0,interpolation_duration: 1}
$data merge entity $(bone_rightmidfinger) {transformation: [-0.9746f,0.0419f,0.2198f,-0.9081f,-0.0023f,0.9804f,-0.1971f,1.6815f,-0.2237f,-0.1926f,-0.9554f,-0.3501f,0f,0f,0f,1f],start_interpolation: 0,interpolation_duration: 1}
$data merge entity $(bone_rightringfinger) {transformation: [-0.9746f,0.0419f,0.2198f,-0.8737f,-0.0023f,0.9804f,-0.1971f,1.6507f,-0.2237f,-0.1926f,-0.9554f,-0.4994f,0f,0f,0f,1f],start_interpolation: 0,interpolation_duration: 1}
$data merge entity $(bone_hugeasssword) {transformation: [-3.8174f,0.1642f,0.8608f,-0.6441f,-0.0089f,3.8398f,-0.7719f,1.8843f,-0.8763f,-0.7543f,-3.7421f,-0.3149f,0f,0f,0f,1f],start_interpolation: 0,interpolation_duration: 1}
$data merge entity $(bone_ice) {transformation: [-0.9746f,0.0419f,0.2198f,-0.6295f,-0.0023f,0.9804f,-0.1971f,1.869f,-0.2237f,-0.1926f,-0.9554f,-0.3084f,0f,0f,0f,1f],start_interpolation: 0,interpolation_duration: 1}
$data merge entity $(bone_righthand1) {transformation: [-0.9746f,0.0419f,0.2198f,-0.8558f,-0.0023f,0.9804f,-0.1971f,2.1074f,-0.2237f,-0.1926f,-0.9554f,-0.4423f,0f,0f,0f,1f],start_interpolation: 0,interpolation_duration: 1}
$data merge entity $(bone_rightforearm) {transformation: [-0.9725f,-0.0369f,0.2298f,-0.8246f,-0.0454f,0.9985f,-0.0319f,2.8128f,-0.2283f,-0.0414f,-0.9727f,-0.442f,0f,0f,0f,1f],start_interpolation: 0,interpolation_duration: 1}
$data merge entity $(bone_rightelbow) {transformation: [-0.9725f,-0.1952f,0.1268f,-0.8612f,-0.0454f,0.6933f,0.7192f,2.9428f,-0.2283f,0.6937f,-0.6831f,-0.3119f,0f,0f,0f,1f],start_interpolation: 0,interpolation_duration: 1}
$data merge entity $(bone_rightarm) {transformation: [-0.9725f,-0.1952f,0.1268f,-0.75f,-0.0454f,0.6933f,0.7192f,3.2768f,-0.2283f,0.6937f,-0.6831f,0.1063f,0f,0f,0f,1f],start_interpolation: 0,interpolation_duration: 1}
$data merge entity $(bone_chest1) {transformation: [-1.0833f,0f,0f,-0.0023f,0f,1.0684f,0.1795f,3.137f,0f,0.1795f,-1.0684f,-0.0289f,0f,0f,0f,1f],start_interpolation: 0,interpolation_duration: 1}
$data merge entity $(bone_chest1lid) {transformation: [-1f,0f,0f,-0.3438f,0f,0.9862f,0.1657f,2.3982f,0f,0.1657f,-0.9862f,0.2438f,0f,0f,0f,1f],start_interpolation: 0,interpolation_duration: 1}
$data merge entity $(bone_chest2) {transformation: [-1f,0f,0f,-0.3438f,0f,0.9862f,0.1657f,2.2441f,0f,0.1657f,-0.9862f,0.2179f,0f,0f,0f,1f],start_interpolation: 0,interpolation_duration: 1}
$data merge entity $(bone_chest1lid3) {transformation: [-1f,0f,0f,-0.2812f,0f,0.9862f,0.1657f,2.5043f,0f,0.1657f,-0.9862f,-0.388f,0f,0f,0f,1f],start_interpolation: 0,interpolation_duration: 1}
$data merge entity $(bone_chest3) {transformation: [-1f,0f,0f,-0.2812f,0f,0.9862f,0.1657f,2.3502f,0f,0.1657f,-0.9862f,-0.4139f,0f,0f,0f,1f],start_interpolation: 0,interpolation_duration: 1}
$data merge entity $(bone_hugeasssword2) {transformation: [0f,2.8877f,-2.6461f,-1.2344f,-0.6491f,2.6095f,2.8477f,4.3252f,3.8625f,0.4385f,0.4786f,-0.0978f,0f,0f,0f,1f],start_interpolation: 0,interpolation_duration: 1}
$data merge entity $(bone_belt) {transformation: [-1f,0f,0f,0.0297f,0f,0.9862f,0.1657f,2.7225f,0f,0.1657f,-0.9862f,0.0342f,0f,0f,0f,1f],start_interpolation: 0,interpolation_duration: 1}
$data merge entity $(bone_torn_part) {transformation: [-1f,0f,0f,-0.0937f,0f,0.8907f,0.4546f,2.4422f,0f,0.4546f,-0.8907f,-0.0182f,0f,0f,0f,1f],start_interpolation: 0,interpolation_duration: 1}
$data merge entity $(bone_lowerbody) {transformation: [-1f,0f,0f,0.0039f,0f,0.9862f,0.1657f,1.9373f,0f,0.1657f,-0.9862f,0.0396f,0f,0f,0f,1f],start_interpolation: 0,interpolation_duration: 1}
$data merge entity $(bone_leftfoot) {transformation: [-0.9551f,-0.0031f,-0.2962f,0.2441f,-0.0032f,1f,-0.0001f,0.1732f,0.2962f,0.0008f,-0.9551f,-0.235f,0f,0f,0f,1f],start_interpolation: 0,interpolation_duration: 1}
$data merge entity $(bone_leftlowerleg) {transformation: [-0.9551f,0.134f,-0.2641f,0.4334f,-0.0032f,0.8871f,0.4616f,1.0864f,0.2962f,0.4418f,-0.8468f,0.3852f,0f,0f,0f,1f],start_interpolation: 0,interpolation_duration: 1}
$data merge entity $(bone_leftleg) {transformation: [-0.9551f,-0.1507f,-0.255f,0.25f,-0.0032f,0.866f,-0.5001f,2.0194f,0.2962f,-0.4768f,-0.8276f,-0.0906f,0f,0f,0f,1f],start_interpolation: 0,interpolation_duration: 1}
$data merge entity $(bone_rightfoot) {transformation: [-0.9167f,0.0051f,0.3995f,-0.2321f,0.0027f,1f,-0.0065f,0.1723f,-0.3995f,-0.0049f,-0.9167f,-0.2222f,0f,0f,0f,1f],start_interpolation: 0,interpolation_duration: 1}
$data merge entity $(bone_rightlowerleg) {transformation: [-0.9167f,-0.18f,0.3567f,-0.4866f,0.0027f,0.89f,0.4559f,1.0896f,-0.3995f,0.4189f,-0.8154f,0.3678f,0f,0f,0f,1f],start_interpolation: 0,interpolation_duration: 1}
$data merge entity $(bone_rightleg) {transformation: [-0.9167f,0.2041f,0.3434f,-0.25f,0.0027f,0.8627f,-0.5056f,2.0194f,-0.3995f,-0.4626f,-0.7914f,-0.0906f,0f,0f,0f,1f],start_interpolation: 0,interpolation_duration: 1}
data modify entity @s data merge value {"cameras":{},"locators":{"lefthand":{"posx":0.7710084809719934,"posy":1.71617653218622,"posz":-0.10237118977318246,"roty":346.6211255941527,"rotx":-20.71642770196929},"sword":{"posx":-1.5354550366690638,"posy":2.5832878304624853,"posz":3.211747095323531,"roty":12.955028360756813,"rotx":-11.366102668079286},"righthand":{"posx":-0.7249814544168305,"posy":1.8565650737943742,"posz":-0.31141382314328375,"roty":12.955028360756813,"rotx":-11.366102668079286},"chest":{"posx":-0.37500000000000006,"posy":2.31062321877084,"posz":0.38751101769564666,"roty":0,"rotx":9.54}}}