# This file was generated by Animated Java via MC-Build. It is not recommended to edit this file directly.
$data merge entity $(nose) {transformation: [-1f,0f,0f,0f,0f,0.9537f,0.3007f,2.7354f,0f,0.3007f,-0.9537f,0.4714f,0f,0f,0f,1f],start_interpolation: 0,interpolation_duration: 1}
$data merge entity $(glowing_eye) {transformation: [-1f,0f,0f,-0.125f,0f,0.9537f,0.3007f,2.7894f,0f,0.3007f,-0.9537f,0.525f,0f,0f,0f,1f],start_interpolation: 0,interpolation_duration: 1}
$data merge entity $(head) {transformation: [-1f,0f,0f,0f,0f,0.9537f,0.3007f,2.6739f,0f,0.3007f,-0.9537f,0.2556f,0f,0f,0f,1f],start_interpolation: 0,interpolation_duration: 1}
$data merge entity $(leftthumb2) {transformation: [-0.89f,-0.4013f,-0.2165f,0.9983f,-0.1432f,0.6968f,-0.7028f,1.2702f,0.4329f,-0.5945f,-0.6776f,0.0725f,0f,0f,0f,1f],start_interpolation: 0,interpolation_duration: 1}
$data merge entity $(leftthumb) {transformation: [-0.89f,-0.4013f,-0.2165f,0.8814f,-0.1432f,0.6968f,-0.7028f,1.381f,0.4329f,-0.5945f,-0.6776f,-0.1312f,0f,0f,0f,1f],start_interpolation: 0,interpolation_duration: 1}
$data merge entity $(leftpointerfinger) {transformation: [-0.89f,-0.4013f,-0.2165f,1.1002f,-0.1432f,0.6968f,-0.7028f,1.1351f,0.4329f,-0.5945f,-0.6776f,-0.0152f,0f,0f,0f,1f],start_interpolation: 0,interpolation_duration: 1}
$data merge entity $(leftmidfinger) {transformation: [-0.89f,-0.4013f,-0.2165f,1.0664f,-0.1432f,0.6968f,-0.7028f,1.0253f,0.4329f,-0.5945f,-0.6776f,-0.1211f,0f,0f,0f,1f],start_interpolation: 0,interpolation_duration: 1}
$data merge entity $(leftringfinger) {transformation: [-0.89f,-0.4013f,-0.2165f,1.0326f,-0.1432f,0.6968f,-0.7028f,0.9155f,0.4329f,-0.5945f,-0.6776f,-0.227f,0f,0f,0f,1f],start_interpolation: 0,interpolation_duration: 1}
$data merge entity $(invisibility) {transformation: [-0.4186f,0.1807f,0.89f,0.8962f,0.6329f,0.7609f,0.1432f,1.2064f,-0.6513f,0.6232f,-0.4329f,0.0221f,0f,0f,0f,1f],start_interpolation: 0,interpolation_duration: 1}
$data merge entity $(swiftness) {transformation: [-0.2165f,-0.4013f,0.89f,0.8636f,-0.7028f,0.6968f,0.1432f,0.9728f,-0.6776f,-0.5945f,-0.4329f,-0.0019f,0f,0f,0f,1f],start_interpolation: 0,interpolation_duration: 1}
$data merge entity $(suspicious_stew) {transformation: [-0.4552f,0.0266f,0.89f,0.8744f,0.3345f,0.9315f,0.1432f,1.042f,-0.8252f,0.3629f,-0.4329f,-0.0771f,0f,0f,0f,1f],start_interpolation: 0,interpolation_duration: 1}
$data merge entity $(log) {transformation: [-0.89f,-0.4013f,-0.2165f,0.7307f,-0.1432f,0.6968f,-0.7028f,1.0827f,0.4329f,-0.5945f,-0.6776f,-0.1426f,0f,0f,0f,1f],start_interpolation: 0,interpolation_duration: 1}
$data merge entity $(planks) {transformation: [-0.89f,-0.4013f,-0.2165f,0.6473f,-0.1432f,0.6968f,-0.7028f,1.0693f,0.4329f,-0.5945f,-0.6776f,-0.102f,0f,0f,0f,1f],start_interpolation: 0,interpolation_duration: 1}
$data merge entity $(lefthand1) {transformation: [-0.89f,-0.4013f,-0.2165f,0.8596f,-0.1432f,0.6968f,-0.7028f,1.3147f,0.4329f,-0.5945f,-0.6776f,-0.3783f,0f,0f,0f,1f],start_interpolation: 0,interpolation_duration: 1}
$data merge entity $(leftforearm) {transformation: [-0.9239f,-0.1464f,-0.3536f,0.7045f,0f,0.9239f,-0.3827f,1.9703f,0.3827f,-0.3536f,-0.8536f,-0.5896f,0f,0f,0f,1f],start_interpolation: 0,interpolation_duration: 1}
$data merge entity $(leftelbow) {transformation: [-0.9239f,0.3536f,-0.1464f,0.7707f,0f,0.3827f,0.9239f,2.042f,0.3827f,0.8536f,-0.3536f,-0.4296f,0f,0f,0f,1f],start_interpolation: 0,interpolation_duration: 1}
$data merge entity $(leftarm) {transformation: [-0.9239f,0.3536f,-0.1464f,0.75f,0f,0.3827f,0.9239f,2.2045f,0.3827f,0.8536f,-0.3536f,0.092f,0f,0f,0f,1f],start_interpolation: 0,interpolation_duration: 1}
$data merge entity $(rightthumb2) {transformation: [-0.89f,0.4013f,0.2165f,-0.9983f,0.1432f,0.6968f,-0.7028f,1.2702f,-0.4329f,-0.5945f,-0.6776f,0.0725f,0f,0f,0f,1f],start_interpolation: 0,interpolation_duration: 1}
$data merge entity $(rightthumb) {transformation: [-0.89f,0.4013f,0.2165f,-0.8814f,0.1432f,0.6968f,-0.7028f,1.381f,-0.4329f,-0.5945f,-0.6776f,-0.1312f,0f,0f,0f,1f],start_interpolation: 0,interpolation_duration: 1}
$data merge entity $(rightpointerfinger) {transformation: [-0.89f,0.4013f,0.2165f,-1.1002f,0.1432f,0.6968f,-0.7028f,1.1351f,-0.4329f,-0.5945f,-0.6776f,-0.0152f,0f,0f,0f,1f],start_interpolation: 0,interpolation_duration: 1}
$data merge entity $(rightmidfinger) {transformation: [-0.89f,0.4013f,0.2165f,-1.0664f,0.1432f,0.6968f,-0.7028f,1.0253f,-0.4329f,-0.5945f,-0.6776f,-0.1211f,0f,0f,0f,1f],start_interpolation: 0,interpolation_duration: 1}
$data merge entity $(rightringfinger) {transformation: [-0.89f,0.4013f,0.2165f,-1.0326f,0.1432f,0.6968f,-0.7028f,0.9155f,-0.4329f,-0.5945f,-0.6776f,-0.227f,0f,0f,0f,1f],start_interpolation: 0,interpolation_duration: 1}
$data merge entity $(hugeasssword) {transformation: [-3.4858f,1.5718f,0.8478f,-0.7519f,0.561f,2.7291f,-2.7528f,1.1398f,-1.6954f,-2.3285f,-2.654f,-0.1163f,0f,0f,0f,1f],start_interpolation: 0,interpolation_duration: 1}
$data merge entity $(whey) {transformation: [0f,0f,0f,-0.667f,0f,0f,0f,1.1487f,0f,0f,0f,0.1091f,0f,0f,0f,1f],start_interpolation: 0,interpolation_duration: 1}
$data merge entity $(ice) {transformation: [-0.89f,0.4013f,0.2165f,-0.7442f,0.1432f,0.6968f,-0.7028f,1.1266f,-0.4329f,-0.5945f,-0.6776f,-0.1003f,0f,0f,0f,1f],start_interpolation: 0,interpolation_duration: 1}
$data merge entity $(righthand1) {transformation: [-0.89f,0.4013f,0.2165f,-0.8596f,0.1432f,0.6968f,-0.7028f,1.3147f,-0.4329f,-0.5945f,-0.6776f,-0.3783f,0f,0f,0f,1f],start_interpolation: 0,interpolation_duration: 1}
$data merge entity $(rightforearm) {transformation: [-0.9239f,0.1464f,0.3536f,-0.7045f,0f,0.9239f,-0.3827f,1.9703f,-0.3827f,-0.3536f,-0.8536f,-0.5896f,0f,0f,0f,1f],start_interpolation: 0,interpolation_duration: 1}
$data merge entity $(rightelbow) {transformation: [-0.9239f,-0.3536f,0.1464f,-0.7707f,0f,0.3827f,0.9239f,2.042f,-0.3827f,0.8536f,-0.3536f,-0.4296f,0f,0f,0f,1f],start_interpolation: 0,interpolation_duration: 1}
$data merge entity $(rightarm) {transformation: [-0.9239f,-0.3536f,0.1464f,-0.75f,0f,0.3827f,0.9239f,2.2045f,-0.3827f,0.8536f,-0.3536f,0.092f,0f,0f,0f,1f],start_interpolation: 0,interpolation_duration: 1}
$data merge entity $(chest1) {transformation: [-1.0833f,0f,0f,-0.0023f,0f,1.0009f,0.4146f,2.0985f,0f,0.4146f,-1.0009f,-0.0711f,0f,0f,0f,1f],start_interpolation: 0,interpolation_duration: 1}
$data merge entity $(chest1lid) {transformation: [-1f,0f,0f,-0.3438f,0f,0.9239f,0.3827f,1.3173f,0f,0.3827f,-0.9239f,0.0289f,0f,0f,0f,1f],start_interpolation: 0,interpolation_duration: 1}
$data merge entity $(chest2) {transformation: [-1f,0f,0f,-0.3438f,0f,0.9239f,0.3827f,1.173f,0f,0.3827f,-0.9239f,-0.0309f,0f,0f,0f,1f],start_interpolation: 0,interpolation_duration: 1}
$data merge entity $(chest1lid3) {transformation: [-1f,0f,0f,-0.2812f,0f,0.9239f,0.3827f,1.5625f,0f,0.3827f,-0.9239f,-0.563f,0f,0f,0f,1f],start_interpolation: 0,interpolation_duration: 1}
$data merge entity $(chest3) {transformation: [-1f,0f,0f,-0.2812f,0f,0.9239f,0.3827f,1.4181f,0f,0.3827f,-0.9239f,-0.6228f,0f,0f,0f,1f],start_interpolation: 0,interpolation_duration: 1}
$data merge entity $(hugeasssword2) {transformation: [0f,2.8877f,-2.6461f,-1.2344f,-1.4988f,2.4446f,2.6679f,3.2719f,3.6185f,1.0126f,1.1051f,0.1282f,0f,0f,0f,1f],start_interpolation: 0,interpolation_duration: 1}
$data merge entity $(belt) {transformation: [-1f,0f,0f,0.0297f,0f,0.9239f,0.3827f,1.6804f,0f,0.3827f,-0.9239f,-0.1026f,0f,0f,0f,1f],start_interpolation: 0,interpolation_duration: 1}
$data merge entity $(torn_part) {transformation: [-1f,0f,0f,-0.0937f,0f,0.766f,0.6428f,1.419f,0f,0.6428f,-0.766f,-0.2165f,0f,0f,0f,1f],start_interpolation: 0,interpolation_duration: 1}
$data merge entity $(lowerbody) {transformation: [-1f,0f,0f,0.0039f,0f,0.9239f,0.3827f,0.9141f,0f,0.3827f,-0.9239f,-0.2734f,0f,0f,0f,1f],start_interpolation: 0,interpolation_duration: 1}
$data merge entity $(leftfoot) {transformation: [-0.9325f,0.0588f,-0.3563f,0.2263f,0.0774f,0.9963f,-0.0382f,0.1701f,0.3527f,-0.0632f,-0.9336f,-0.2609f,0f,0f,0f,1f],start_interpolation: 0,interpolation_duration: 1}
$data merge entity $(leftlowerleg) {transformation: [-0.944f,0.2948f,-0.1482f,0.5762f,0.08f,0.64f,0.7642f,0.7627f,0.3202f,0.7095f,-0.6278f,0.6227f,0f,0f,0f,1f],start_interpolation: 0,interpolation_duration: 1}
$data merge entity $(leftleg) {transformation: [-0.944f,-0.2834f,-0.1691f,0.25f,0.08f,0.3006f,-0.9504f,1.1094f,0.3202f,-0.9107f,-0.2611f,-0.3281f,0f,0f,0f,1f],start_interpolation: 0,interpolation_duration: 1}
$data merge entity $(rightfoot) {transformation: [-0.9167f,0.0051f,0.3995f,-0.3387f,0.0027f,1f,-0.0065f,0.1792f,-0.3995f,-0.0049f,-0.9167f,-0.209f,0f,0f,0f,1f],start_interpolation: 0,interpolation_duration: 1}
$data merge entity $(rightlowerleg) {transformation: [-0.9167f,-0.2789f,0.2861f,-0.6921f,0.0027f,0.7117f,0.7025f,0.8608f,-0.3995f,0.6447f,-0.6517f,0.6064f,0f,0f,0f,1f],start_interpolation: 0,interpolation_duration: 1}
$data merge entity $(rightleg) {transformation: [-0.9167f,0.3911f,0.0815f,-0.25f,0.0027f,0.2101f,-0.9777f,1.1094f,-0.3995f,-0.8961f,-0.1936f,-0.3281f,0f,0f,0f,1f],start_interpolation: 0,interpolation_duration: 1}
data modify entity @s data merge value {"cameras":{},"locators":{"soup":{"px":0.8512054969058162,"py":1.1976109042197471,"pz":-0.0012231627203223294,"ry":64.06303080330181,"rx":8.235414556530507},"lefthand":{"px":0.8488738478285538,"py":1.0526915286516514,"pz":-0.1261643709575465,"ry":342.2844363997242,"rx":-44.654616621516126},"sword":{"px":-1.635517425829926,"py":3.73185861817433,"pz":2.377764908716257,"ry":17.71556360027583,"rx":-44.654616621516126},"righthand":{"px":-0.8373213998334544,"py":1.1401675891512548,"pz":-0.12097016410854111,"ry":17.71556360027583,"rx":-44.654616621516126},"chest":{"px":-0.3750000000000001,"py":1.19980336684939,"pz":0.14934304870549772,"ry":0,"rx":22.499999999999996}}}