# This file was generated by Animated Java via MC-Build. It is not recommended to edit this file directly.
$data merge entity $(bone_nose) {transformation: [-1f,0f,0f,0f,0f,0.99f,0.1411f,3.0807f,0f,0.1411f,-0.99f,0.445f,0f,0f,0f,1f],start_interpolation: 0,interpolation_duration: 1}
$data merge entity $(bone_glowing_eye) {transformation: [-1f,0f,0f,-0.125f,0f,0.99f,0.1411f,3.1428f,0f,0.1411f,-0.99f,0.4892f,0f,0f,0f,1f],start_interpolation: 0,interpolation_duration: 1}
$data merge entity $(bone_head) {transformation: [-1f,0f,0f,0f,0f,0.99f,0.1411f,2.9849f,0f,0.1411f,-0.99f,0.2422f,0f,0f,0f,1f],start_interpolation: 0,interpolation_duration: 1}
$data merge entity $(bone_leftthumb2) {transformation: [-0.8666f,-0.4985f,0.0245f,1.2119f,-0.2639f,0.4161f,-0.8702f,1.6762f,0.4236f,-0.7605f,-0.4921f,0.3713f,0f,0f,0f,1f],start_interpolation: 0,interpolation_duration: 1}
$data merge entity $(bone_leftthumb) {transformation: [-0.8666f,-0.4985f,0.0245f,1.0918f,-0.2639f,0.4161f,-0.8702f,1.7039f,0.4236f,-0.7605f,-0.4921f,0.1428f,0f,0f,0f,1f],start_interpolation: 0,interpolation_duration: 1}
$data merge entity $(bone_leftpointerfinger) {transformation: [-0.8666f,-0.4985f,0.0245f,1.3513f,-0.2639f,0.4161f,-0.8702f,1.5554f,0.4236f,-0.7605f,-0.4921f,0.3229f,0f,0f,0f,1f],start_interpolation: 0,interpolation_duration: 1}
$data merge entity $(bone_leftmidfinger) {transformation: [-0.8666f,-0.4985f,0.0245f,1.3551f,-0.2639f,0.4161f,-0.8702f,1.4194f,0.4236f,-0.7605f,-0.4921f,0.246f,0f,0f,0f,1f],start_interpolation: 0,interpolation_duration: 1}
$data merge entity $(bone_leftringfinger) {transformation: [-0.8666f,-0.4985f,0.0245f,1.3589f,-0.2639f,0.4161f,-0.8702f,1.2835f,0.4236f,-0.7605f,-0.4921f,0.1691f,0f,0f,0f,1f],start_interpolation: 0,interpolation_duration: 1}
$data merge entity $(bone_invisibility) {transformation: [-0.4944f,-0.0678f,0.8666f,1.1335f,0.3386f,0.9031f,0.2639f,1.5786f,-0.8005f,0.4239f,-0.4236f,0.3345f,0f,0f,0f,1f],start_interpolation: 0,interpolation_duration: 1}
$data merge entity $(bone_swiftness) {transformation: [0.0245f,-0.4985f,0.8666f,1.1605f,-0.8702f,0.4161f,0.2639f,1.3454f,-0.4921f,-0.7605f,-0.4236f,0.3673f,0f,0f,0f,1f],start_interpolation: 0,interpolation_duration: 1}
$data merge entity $(bone_suspicious_stew) {transformation: [-0.4414f,-0.2328f,0.8666f,1.1615f,0.0093f,0.9645f,0.2639f,1.396f,-0.8973f,0.1246f,-0.4236f,0.2779f,0f,0f,0f,1f],start_interpolation: 0,interpolation_duration: 1}
$data merge entity $(bone_log) {transformation: [-0.8666f,-0.4985f,0.0245f,1.0191f,-0.2639f,0.4161f,-0.8702f,1.3824f,0.4236f,-0.7605f,-0.4921f,0.1995f,0f,0f,0f,1f],start_interpolation: 0,interpolation_duration: 1}
$data merge entity $(bone_planks) {transformation: [-0.8666f,-0.4985f,0.0245f,0.9378f,-0.2639f,0.4161f,-0.8702f,1.3577f,0.4236f,-0.7605f,-0.4921f,0.2392f,0f,0f,0f,1f],start_interpolation: 0,interpolation_duration: 1}
$data merge entity $(bone_lefthand1) {transformation: [-0.8666f,-0.4985f,0.0245f,1.1103f,-0.2639f,0.4161f,-0.8702f,1.5796f,0.4236f,-0.7605f,-0.4921f,-0.0812f,0f,0f,0f,1f],start_interpolation: 0,interpolation_duration: 1}
$data merge entity $(bone_leftforearm) {transformation: [-0.9508f,-0.2791f,-0.1345f,0.8568f,-0.1226f,0.7378f,-0.6637f,2.1011f,0.2845f,-0.6146f,-0.7358f,-0.484f,0f,0f,0f,1f],start_interpolation: 0,interpolation_duration: 1}
$data merge entity $(bone_leftelbow) {transformation: [-0.9508f,0.1345f,-0.2791f,0.882f,-0.1226f,0.6637f,0.7378f,2.2256f,0.2845f,0.7358f,-0.6146f,-0.3461f,0f,0f,0f,1f],start_interpolation: 0,interpolation_duration: 1}
$data merge entity $(bone_leftarm) {transformation: [-0.9508f,0.1345f,-0.2791f,0.75f,-0.1226f,0.6637f,0.7378f,2.5076f,0.2845f,0.7358f,-0.6146f,0.1032f,0f,0f,0f,1f],start_interpolation: 0,interpolation_duration: 1}
$data merge entity $(bone_rightthumb2) {transformation: [-0.8661f,0.4989f,-0.0305f,-1.2159f,0.2608f,0.3991f,-0.879f,1.6839f,-0.4264f,-0.7693f,-0.4758f,0.3878f,0f,0f,0f,1f],start_interpolation: 0,interpolation_duration: 1}
$data merge entity $(bone_rightthumb) {transformation: [-0.8661f,0.4989f,-0.0305f,-1.0961f,0.2608f,0.3991f,-0.879f,1.7067f,-0.4264f,-0.7693f,-0.4758f,0.1585f,0f,0f,0f,1f],start_interpolation: 0,interpolation_duration: 1}
$data merge entity $(bone_rightpointerfinger) {transformation: [-0.8661f,0.4989f,-0.0305f,-1.356f,0.2608f,0.3991f,-0.879f,1.563f,-0.4264f,-0.7693f,-0.4758f,0.342f,0f,0f,0f,1f],start_interpolation: 0,interpolation_duration: 1}
$data merge entity $(bone_rightmidfinger) {transformation: [-0.8661f,0.4989f,-0.0305f,-1.3608f,0.2608f,0.3991f,-0.879f,1.4257f,-0.4264f,-0.7693f,-0.4758f,0.2676f,0f,0f,0f,1f],start_interpolation: 0,interpolation_duration: 1}
$data merge entity $(bone_rightringfinger) {transformation: [-0.8661f,0.4989f,-0.0305f,-1.3655f,0.2608f,0.3991f,-0.879f,1.2883f,-0.4264f,-0.7693f,-0.4758f,0.1933f,0f,0f,0f,1f],start_interpolation: 0,interpolation_duration: 1}
$data merge entity $(bone_hugeasssword) {transformation: [-3.3923f,1.954f,-0.1195f,-1.0289f,1.0216f,1.5631f,-3.4429f,1.4512f,-1.67f,-3.0131f,-1.8635f,0.2321f,0f,0f,0f,1f],start_interpolation: 0,interpolation_duration: 1}
$data merge entity $(bone_ice) {transformation: [-0.8661f,0.4989f,-0.0305f,-1.0231f,0.2608f,0.3991f,-0.879f,1.4409f,-0.4264f,-0.7693f,-0.4758f,0.2508f,0f,0f,0f,1f],start_interpolation: 0,interpolation_duration: 1}
$data merge entity $(bone_righthand1) {transformation: [-0.8661f,0.4989f,-0.0305f,-1.1159f,0.2608f,0.3991f,-0.879f,1.5784f,-0.4264f,-0.7693f,-0.4758f,-0.063f,0f,0f,0f,1f],start_interpolation: 0,interpolation_duration: 1}
$data merge entity $(bone_rightforearm) {transformation: [-0.9508f,0.2816f,0.1291f,-0.8605f,0.1226f,0.7247f,-0.678f,2.0909f,-0.2845f,-0.6289f,-0.7236f,-0.4761f,0f,0f,0f,1f],start_interpolation: 0,interpolation_duration: 1}
$data merge entity $(bone_rightelbow) {transformation: [-0.9508f,-0.1291f,0.2816f,-0.8847f,0.1226f,0.678f,0.7247f,2.218f,-0.2845f,0.7236f,-0.6289f,-0.3404f,0f,0f,0f,1f],start_interpolation: 0,interpolation_duration: 1}
$data merge entity $(bone_rightarm) {transformation: [-0.9508f,-0.1291f,0.2816f,-0.75f,0.1226f,0.678f,0.7247f,2.5076f,-0.2845f,0.7236f,-0.6289f,0.1032f,0f,0f,0f,1f],start_interpolation: 0,interpolation_duration: 1}
$data merge entity $(bone_chest1) {transformation: [-1.0833f,0f,0f,-0.0023f,0f,1.0211f,0.3618f,2.3932f,0f,0.3618f,-1.0211f,-0.054f,0f,0f,0f,1f],start_interpolation: 0,interpolation_duration: 1}
$data merge entity $(bone_chest1lid) {transformation: [-1f,0f,0f,-0.3438f,0f,0.9426f,0.334f,1.6183f,0f,0.334f,-0.9426f,0.0865f,0f,0f,0f,1f],start_interpolation: 0,interpolation_duration: 1}
$data merge entity $(bone_chest2) {transformation: [-1f,0f,0f,-0.3438f,0f,0.9426f,0.334f,1.4711f,0f,0.334f,-0.9426f,0.0343f,0f,0f,0f,1f],start_interpolation: 0,interpolation_duration: 1}
$data merge entity $(bone_chest1lid3) {transformation: [-1f,0f,0f,-0.2812f,0f,0.9426f,0.334f,1.8323f,0f,0.334f,-0.9426f,-0.5173f,0f,0f,0f,1f],start_interpolation: 0,interpolation_duration: 1}
$data merge entity $(bone_chest3) {transformation: [-1f,0f,0f,-0.2812f,0f,0.9426f,0.334f,1.685f,0f,0.334f,-0.9426f,-0.5695f,0f,0f,0f,1f],start_interpolation: 0,interpolation_duration: 1}
$data merge entity $(bone_hugeasssword2) {transformation: [0f,2.8877f,-2.6461f,-1.2344f,-1.3082f,2.4941f,2.7218f,3.5754f,3.6917f,0.8838f,0.9645f,0.0838f,0f,0f,0f,1f],start_interpolation: 0,interpolation_duration: 1}
$data merge entity $(bone_belt) {transformation: [-1f,0f,0f,0.0297f,0f,0.9426f,0.334f,1.9741f,0f,0.334f,-0.9426f,-0.0637f,0f,0f,0f,1f],start_interpolation: 0,interpolation_duration: 1}
$data merge entity $(bone_torn_part) {transformation: [-1f,0f,0f,-0.0937f,0f,0.7985f,0.602f,1.7071f,0f,0.602f,-0.7985f,-0.1638f,0f,0f,0f,1f],start_interpolation: 0,interpolation_duration: 1}
$data merge entity $(bone_lowerbody) {transformation: [-1f,0f,0f,0.0039f,0f,0.9426f,0.334f,1.1998f,0f,0.334f,-0.9426f,-0.1944f,0f,0f,0f,1f],start_interpolation: 0,interpolation_duration: 1}
$data merge entity $(bone_leftfoot) {transformation: [-0.9519f,-0.0193f,-0.3059f,0.252f,0.0076f,0.9962f,-0.0865f,0.1396f,0.3064f,-0.0847f,-0.9481f,-0.309f,0f,0f,0f,1f],start_interpolation: 0,interpolation_duration: 1}
$data merge entity $(bone_leftlowerleg) {transformation: [-0.9619f,0.2069f,-0.1789f,0.509f,0.0085f,0.6765f,0.7364f,0.777f,0.2734f,0.7068f,-0.6525f,0.5753f,0f,0f,0f,1f],start_interpolation: 0,interpolation_duration: 1}
$data merge entity $(bone_leftleg) {transformation: [-0.9619f,-0.2194f,-0.1632f,0.25f,0.0085f,0.5725f,-0.8199f,1.4069f,0.2734f,-0.79f,-0.5488f,-0.2412f,0f,0f,0f,1f],start_interpolation: 0,interpolation_duration: 1}
$data merge entity $(bone_rightfoot) {transformation: [-0.9067f,-0.0101f,0.4217f,-0.2266f,-0.0343f,0.9982f,-0.0497f,0.1773f,-0.4204f,-0.0595f,-0.9054f,-0.2657f,0f,0f,0f,1f],start_interpolation: 0,interpolation_duration: 1}
$data merge entity $(bone_rightlowerleg) {transformation: [-0.9067f,-0.3295f,0.2633f,-0.6327f,-0.0343f,0.6797f,0.7327f,0.8187f,-0.4204f,0.6553f,-0.6276f,0.5576f,0f,0f,0f,1f],start_interpolation: 0,interpolation_duration: 1}
$data merge entity $(bone_rightleg) {transformation: [-0.9067f,0.3396f,0.2502f,-0.25f,-0.0343f,0.5318f,-0.8462f,1.4069f,-0.4204f,-0.7758f,-0.4705f,-0.2412f,0f,0f,0f,1f],start_interpolation: 0,interpolation_duration: 1}
data modify entity @s data merge value {"cameras":{},"locators":{"lefthand":{"posx":1.138854337233277,"posy":1.3882730166193162,"posz":0.22688241587507862,"roty":2.8478688627132556,"rotx":-60.480997596529036},"sword":{"posx":-0.9991718375257832,"posy":4.714272583807648,"posz":1.98468166836382,"roty":356.3315760229931,"rotx":-61.526089453409504},"righthand":{"posx":-1.1116558097073406,"posy":1.4728336236083601,"posz":0.2302367210074152,"roty":356.3315760229931,"rotx":-61.526089453409504},"chest":{"posx":-0.3750000000000001,"posy":1.507236342323176,"posz":0.21293450091594995,"roty":0,"rotx":19.51171875}}}