# This file was generated by Animated Java via MC-Build. It is not recommended to edit this file directly.
$data merge entity $(bone_nose) { transformation: [-1f,-1.224646799147353e-16f,-1.232595164407831e-32f,-2.320955859368935e-16f,0f,0f,1f,2.560343074396407f,-1.2246467991473532e-16f,1f,0f,1.8974256062592634f,0f,0f,0f,1f], start_interpolation: 0, interpolation_duration: 1 }
$data merge entity $(bone_glowing_eye) { transformation: [-1f,-1.224646799147353e-16f,-1.232595164407831e-32f,-0.12500000000000025f,0f,0f,1f,2.525447449396407f,-1.2246467991473532e-16f,1f,0f,1.9651337312592636f,0f,0f,0f,1f], start_interpolation: 0, interpolation_duration: 1 }
$data merge entity $(bone_head) { transformation: [-1f,-1.224646799147353e-16f,-1.232595164407831e-32f,-2.1697402996314675e-16f,0f,0f,1f,2.747598074396407f,-1.2246467991473532e-16f,1f,0f,1.7739487312592637f,0f,0f,0f,1f], start_interpolation: 0, interpolation_duration: 1 }
$data merge entity $(bone_leftthumb2) { transformation: [-1f,9.71445146547012e-17f,-1.3877787807814457e-17f,1.2379312046583293f,0f,0.4617486132350338f,-0.8870108331782217f,1.4892121794424404f,-1.1102230246251565e-16f,-0.8870108331782217f,-0.4617486132350339f,1.8612567323462423f,0f,0f,0f,1f], start_interpolation: 0, interpolation_duration: 1 }
$data merge entity $(bone_leftthumb) { transformation: [-1f,9.71445146547012e-17f,-1.3877787807814457e-17f,1.2379312046583293f,0f,0.4617486132350338f,-0.8870108331782217f,1.5266508354474053f,-1.1102230246251565e-16f,-0.8870108331782217f,-0.4617486132350339f,1.6042640959749994f,0f,0f,0f,1f], start_interpolation: 0, interpolation_duration: 1 }
$data merge entity $(bone_leftpointerfinger) { transformation: [-0.12854320606946837f,0.02266563541681548f,-0.9914448613738105f,1.2057335290555f,0.8371797612376264f,0.5383948959330925f,-0.09623400338396579f,1.2205120048381066f,0.5316076481273504f,-0.8423877996530732f,-0.08818221730122618f,1.7687891638338096f,0f,0f,0f,1f], start_interpolation: 0, interpolation_duration: 1 }
$data merge entity $(bone_leftmidfinger) { transformation: [-0.12854320606946837f,0.02266563541681548f,-0.9914448613738105f,1.0508202694658422f,0.8371797612376264f,0.5383948959330925f,-0.09623400338396579f,1.2054754418093618f,0.5316076481273504f,-0.8423877996530732f,-0.08818221730122618f,1.755010692380493f,0f,0f,0f,1f], start_interpolation: 0, interpolation_duration: 1 }
$data merge entity $(bone_leftringfinger) { transformation: [-0.1260786200725189f,0.03378266443126188f,-0.9914448613738105f,0.8959070098761843f,0.8809182465412337f,0.46338111690423145f,-0.09623400338396579f,1.1904388787806173f,0.45616578616915976f,-0.885514919174438f,-0.08818221730122618f,1.7412322209271762f,0f,0f,0f,1f], start_interpolation: 0, interpolation_duration: 1 }
$data merge entity $(bone_invisibility) { transformation: [-0.0864101132863833f,0.9876721143508954f,0.13052619222005118f,1.2122425199321718f,0.6646320368669121f,0.15474937028503727f,-0.7309698269877655f,1.4344688389620246f,-0.7421573605994711f,0.023588703440753894f,-0.6698104397350119f,1.8164946068611802f,0f,0f,0f,1f], start_interpolation: 0, interpolation_duration: 1 }
$data merge entity $(bone_swiftness) { transformation: [-0.9914448613738105f,9.029043306084032e-17f,0.1305261922200512f,1.0195483964394114f,-0.09623400338396562f,0.6755902076156601f,-0.7309698269877656f,1.3630098415018492f,-0.08818221730122602f,-0.737277336810124f,-0.669810439735012f,1.9346860549353733f,0f,0f,0f,1f], start_interpolation: 0, interpolation_duration: 1 }
$data merge entity $(bone_suspicious_stew) { transformation: [-0.41900270392554856f,0.8985541982805565f,0.13052619222005146f,1.0263466084245825f,0.5716224187772997f,0.37273438583616797f,-0.7309698269877656f,1.384756672345547f,-0.7054676069489432f,-0.23166663628524753f,-0.6698104397350122f,1.8345203162801749f,0f,0f,0f,1f], start_interpolation: 0, interpolation_duration: 1 }
$data merge entity $(bone_log) { transformation: [-0.13052619222005143f,9.029043306084032e-17f,-0.9914448613738105f,0.9676358000270553f,0.7309698269877656f,0.6755902076156601f,-0.09623400338396579f,1.533222900668984f,0.669810439735012f,-0.737277336810124f,-0.08818221730122618f,1.8010218364680717f,0f,0f,0f,1f], start_interpolation: 0, interpolation_duration: 1 }
$data merge entity $(bone_planks) { transformation: [-0.13052619222005143f,9.029043306084032e-17f,-0.9914448613738105f,0.9553989695064254f,0.7309698269877656f,0.6755902076156601f,-0.09623400338396579f,1.601751321949087f,0.669810439735012f,-0.737277336810124f,-0.08818221730122618f,1.863816565193229f,0f,0f,0f,1f], start_interpolation: 0, interpolation_duration: 1 }
$data merge entity $(bone_lefthand1) { transformation: [-0.13052619222005143f,9.029043306084032e-17f,-0.9914448613738105f,1.0312499999999998f,0.7309698269877656f,0.6755902076156601f,-0.09623400338396579f,1.5223853084317065f,0.669810439735012f,-0.737277336810124f,-0.08818221730122618f,1.452005586622451f,0f,0f,0f,1f], start_interpolation: 0, interpolation_duration: 1 }
$data merge entity $(bone_leftforearm) { transformation: [-1f,9.029043306084032e-17f,8.273593852918138e-17f,0.9687499999999998f,0f,0.6755902076156601f,-0.737277336810124f,2.0089296315491256f,-1.2246467991473532e-16f,-0.737277336810124f,-0.6755902076156601f,0.9441635561718273f,0f,0f,0f,1f], start_interpolation: 0, interpolation_duration: 1 }
$data merge entity $(bone_leftelbow) { transformation: [-1f,-2.1265768495757707e-17f,1.2060416625018976e-16f,0.9687499999999998f,0f,0.984807753012208f,0.1736481776669303f,2.1935810852389146f,-1.2246467991473532e-16f,0.1736481776669303f,-0.984807753012208f,0.9767225894843767f,0f,0f,0f,1f], start_interpolation: 0, interpolation_duration: 1 }
$data merge entity $(bone_leftarm) { transformation: [-1f,-1.1099069304367542e-16f,5.1755810150196606e-17f,0.7499999999999998f,0f,0.4226182617406996f,0.9063077870366498f,2.3765680977643693f,-1.2246467991473532e-16f,0.9063077870366498f,-0.4226182617406996f,1.4430833036820985f,0f,0f,0f,1f], start_interpolation: 0, interpolation_duration: 1 }
$data merge entity $(bone_rightthumb2) { transformation: [0.9850783334221398f,-0.16238018855068f,-0.05703815730284721f,-0.9231497964326693f,0.15702247237280562f,0.9836300467988808f,-0.0884074329700981f,1.2407717731248458f,0.07046006097208765f,0.07813197425303134f,0.9944499858751736f,1.9736313148687f,0f,0f,0f,1f], start_interpolation: 0, interpolation_duration: 1 }
$data merge entity $(bone_rightthumb) { transformation: [0.9850783334221398f,-0.16238018855068f,-0.05703815730284721f,-0.9678466581510174f,0.15702247237280562f,0.9836300467988808f,-0.0884074329700981f,1.4744445866738782f,0.07046006097208765f,0.07813197425303134f,0.9944499858751736f,2.0777758052323767f,0f,0f,0f,1f], start_interpolation: 0, interpolation_duration: 1 }
$data merge entity $(bone_rightpointerfinger) { transformation: [-0.012313133818350742f,0.004834052683230923f,-0.9999125055074701f,-1.0187806428877546f,-0.1283759705112455f,0.991705080519501f,0.006375222906317535f,1.4660459720918573f,0.9916491299501387f,0.1284432372936196f,-0.011590421160062758f,2.42297337814815f,0f,0f,0f,1f], start_interpolation: 0, interpolation_duration: 1 }
$data merge entity $(bone_rightmidfinger) { transformation: [-0.012512272859857029f,0.004292360382511001f,-0.9999125055074701f,-1.1750169718732968f,-0.1715113530924567f,0.9851615158405695f,0.006375222906317535f,1.4670421006709693f,0.9851026843879144f,0.17157611532220068f,-0.011590421160062758f,2.4211623748418902f,0f,0f,0f,1f], start_interpolation: 0, interpolation_duration: 1 }
$data merge entity $(bone_rightringfinger) { transformation: [-0.012838763741345183f,0.003185510220794313f,-0.9999125055074701f,-1.331253300858839f,-0.25672118425274015f,0.9664644794759737f,0.006375222906317535f,1.4680382292500815f,0.9664002274945223f,0.2567805725436947f,-0.011590421160062758f,2.41935137153563f,0f,0f,0f,1f], start_interpolation: 0, interpolation_duration: 1 }
$data merge entity $(bone_hugeasssword) { transformation: [0.008046464244432047f,0.051181213524141456f,-3.9163239799042584f,-1.157284698481424f,3.6832805873501506f,1.3315774144044552f,0.02496962304974368f,1.2862034043116166f,1.3317872003591493f,-3.6830096185874837f,-0.045395816210245805f,2.1400156529075844f,0f,0f,0f,1f], start_interpolation: 0, interpolation_duration: 1 }
$data merge entity $(bone_ice) { transformation: [0.002054416402833714f,0.0130675438785042f,-0.9999125055074701f,-1.1575209791108199f,0.9404120648553576f,0.3399772121883715f,0.006375222906317535f,1.2661973218578084f,0.34003077455978276f,-0.9403428813414851f,-0.011590421160062758f,2.1493955295760485f,0f,0f,0f,1f], start_interpolation: 0, interpolation_duration: 1 }
$data merge entity $(bone_righthand1) { transformation: [0.002054416402833714f,0.0130675438785042f,-0.9999125055074701f,-1.1849877548375938f,0.9404120648553576f,0.3399772121883715f,0.006375222906317535f,1.5864938668345632f,0.34003077455978276f,-0.9403428813414851f,-0.011590421160062758f,1.9989553022193711f,0f,0f,0f,1f], start_interpolation: 0, interpolation_duration: 1 }
$data merge entity $(bone_rightforearm) { transformation: [-0.9536955904735654f,0.01311301474342079f,-0.30048755307935154f,-1.1114665739246634f,0.26679636578662325f,0.4981469042265841f,-0.8250268850240705f,1.9329696810857173f,0.13886835461806113f,-0.8669934893952834f,-0.47857901064700176f,1.388149029866043f,0f,0f,0f,1f], start_interpolation: 0, interpolation_duration: 1 }
$data merge entity $(bone_rightelbow) { transformation: [-0.9536955904735654f,0.01311301474342079f,-0.30048755307935154f,-1.109007883660272f,0.26679636578662325f,0.4981469042265841f,-0.8250268850240705f,2.0263722256282017f,0.13886835461806113f,-0.8669934893952834f,-0.47857901064700176f,1.2255877506044275f,0f,0f,0f,1f], start_interpolation: 0, interpolation_duration: 1 }
$data merge entity $(bone_rightarm) { transformation: [-0.9536955904735654f,0.3007735371810309f,-0.0000065489172389420245f,-0.7500000000000002f,0.26679636578662325f,0.8459705050208197f,0.46168561146939546f,2.3765680977643693f,0.13886835461806113f,0.440305784616135f,-0.887043626953738f,1.4430833036820985f,0f,0f,0f,1f], start_interpolation: 0, interpolation_duration: 1 }
$data merge entity $(bone_chest1) { transformation: [-1.0833333333333333f,-9.381190609217842e-17f,9.381190609217843e-17f,-0.002323125000000153f,0f,0.7660323462854265f,0.7660323462854264f,2.3410492402618925f,-1.3267006990762992e-16f,0.7660323462854264f,-0.7660323462854265f,1.2519028432526915f,0f,0f,0f,1f], start_interpolation: 0, interpolation_duration: 1 }
$data merge entity $(bone_chest1lid) { transformation: [-1f,-8.659560562354932e-17f,8.659560562354933e-17f,-0.3437500000000001f,0f,0.7071067811865476f,0.7071067811865475f,1.581072968929503f,-1.2246467991473532e-16f,0.7071067811865475f,-0.7071067811865476f,1.0453357392646654f,0f,0f,0f,1f], start_interpolation: 0, interpolation_duration: 1 }
$data merge entity $(bone_chest2) { transformation: [-1f,-8.659560562354932e-17f,8.659560562354933e-17f,-0.3437500000000001f,0f,0.7071067811865476f,0.7071067811865475f,1.470587534369105f,-1.2246467991473532e-16f,0.7071067811865475f,-0.7071067811865476f,0.9348503047042674f,0f,0f,0f,1f], start_interpolation: 0, interpolation_duration: 1 }
$data merge entity $(bone_chest1lid3) { transformation: [-1f,-8.659560562354932e-17f,8.659560562354933e-17f,-0.28125000000000006f,0f,0.7071067811865476f,0.7071067811865475f,2.034063250627135f,-1.2246467991473532e-16f,0.7071067811865475f,-0.7071067811865476f,0.5923454575670335f,0f,0f,0f,1f], start_interpolation: 0, interpolation_duration: 1 }
$data merge entity $(bone_chest3) { transformation: [-1f,-8.659560562354932e-17f,8.659560562354933e-17f,-0.28125000000000006f,0f,0.7071067811865476f,0.7071067811865475f,1.9235778160667372f,-1.2246467991473532e-16f,0.7071067811865475f,-0.7071067811865476f,0.48186002300663544f,0f,0f,0f,1f], start_interpolation: 0, interpolation_duration: 1 }
$data merge entity $(bone_hugeasssword2) { transformation: [-1.2088408246486076e-15f,2.8876695691729855f,-2.6460616464946694f,-1.2343750000000004f,-2.769501559647311f,1.871048133674022f,2.041890734188255f,3.3488399218958724f,2.7695015596473116f,1.8710481336740223f,2.0418907341882533f,1.8850250419236902f,0f,0f,0f,1f], start_interpolation: 0, interpolation_duration: 1 }
$data merge entity $(bone_belt) { transformation: [-1f,-8.659560562354932e-17f,8.659560562354933e-17f,0.029705624999999868f,0f,0.7071067811865476f,0.7071067811865475f,1.9668253506875828f,-1.2246467991473532e-16f,0.7071067811865475f,-0.7071067811865476f,1.062803044526926f,0f,0f,0f,1f], start_interpolation: 0, interpolation_duration: 1 }
$data merge entity $(bone_torn_part) { transformation: [-1f,-9.029043306084032e-17f,8.273593852918142e-17f,-0.09375000000000011f,0f,0.6755902076156604f,0.737277336810124f,1.7627304936595505f,-1.2246467991473532e-16f,0.737277336810124f,-0.6755902076156604f,0.8990504090068074f,0f,0f,0f,1f], start_interpolation: 0, interpolation_duration: 1 }
$data merge entity $(bone_lowerbody) { transformation: [-1f,-6.123233995736765e-17f,1.0605752387249069e-16f,0.0039062499999999046f,0f,0.8660254037844387f,0.49999999999999994f,1.26955402696793f,-1.2246467991473532e-16f,0.49999999999999994f,-0.8660254037844387f,0.7766946064139941f,0f,0f,0f,1f], start_interpolation: 0, interpolation_duration: 1 }
$data merge entity $(bone_leftfoot) { transformation: [-0.9753667896506382f,0.1979432032693072f,0.09735560551962805f,-0.005713515693252624f,-0.042585433717795204f,-0.602007534379488f,0.7973540050601092f,0.38418383550718227f,0.21643961393810277f,0.7735666854446456f,0.5956076533159305f,-0.8699570549404031f,0f,0f,0f,1f], start_interpolation: 0, interpolation_duration: 1 }
$data merge entity $(bone_leftlowerleg) { transformation: [-0.9753667896506382f,0.21371602259375788f,-0.05463595275376887f,0.2397722719800208f,-0.042585433717795204f,0.06059205107174692f,0.9972537712046949f,0.29817946320454913f,0.21643961393810277f,0.9750149050315196f,-0.04999828481760005f,0.2193821230486671f,0f,0f,0f,1f], start_interpolation: 0, interpolation_duration: 1 }
$data merge entity $(bone_leftleg) { transformation: [-0.9753667896506382f,0.032967434327222433f,-0.21811183810258436f,0.24999999999999992f,-0.042585433717795204f,0.9420272412718134f,0.3328230123307041f,1.28908527696793f,0.21643961393810277f,0.3339129002834377f,-0.9174181535933481f,0.6048196064139941f,0f,0f,0f,1f], start_interpolation: 0, interpolation_duration: 1 }
$data merge entity $(bone_rightfoot) { transformation: [-0.9905012255519768f,0.034935974780228835f,0.13299172848785457f,-0.3700526712430823f,0.04324621745963608f,0.9972539362070933f,0.060119476003141215f,0.1752182233629317f,-0.1305261922200517f,0.06529980387117257f,-0.9892920947621691f,0.907377893789429f,0f,0f,0f,1f], start_interpolation: 0, interpolation_duration: 1 }
$data merge entity $(bone_rightlowerleg) { transformation: [-0.9905012255519768f,-0.03254853807805679f,0.13359608844952497f,-0.42668766018080906f,0.04324621745963608f,0.8485367678310013f,0.527366208923506f,1.035536189401516f,-0.1305261922200517f,0.5281344017462775f,-0.8390691073068032f,1.6221962931370515f,0f,0f,0f,1f], start_interpolation: 0, interpolation_duration: 1 }
$data merge entity $(bone_rightleg) { transformation: [-0.9905012255519768f,0.13682817066806172f,-0.013615208102111281f,-0.25000000000000006f,0.04324621745963608f,0.21599845862436784f,-0.9754355081435837f,1.28908527696793f,-0.1305261922200517f,-0.966758872513477f,-0.21986403880808947f,0.6048196064139941f,0f,0f,0f,1f], start_interpolation: 0, interpolation_duration: 1 }
data modify entity @s data merge value {"locators":{"lefthand":{"posx":0.9953639565066509,"posy":1.413417650721782,"posz":1.7972047468265369,"roty":275.082691734047,"rotx":-5.522348441990871},"righthand":{"posx":-1.1419089250476016,"posy":1.3489491961396438,"posz":2.196147372542615,"roty":270.66411058133366,"rotx":0.3652758403617192},"chest":{"posx":-0.3750000000000001,"posy":1.426393360544946,"posz":1.1116270000009043,"roty":0,"rotx":44.99999999999999},"sack":{"posx":0,"posy":-0.4375,"posz":0,"roty":0,"rotx":0}},"cameras":{}}