# This file was generated by Animated Java via MC-Build. It is not recommended to edit this file directly.
$data merge entity $(bone_nose) {transformation: [-0.9861f,-0.0003f,0.1664f,-0.0555f,0.0668f,0.9153f,0.3972f,3.4936f,-0.1524f,0.4027f,-0.9025f,4.1795f,0f,0f,0f,1f],start_interpolation: 0,interpolation_duration: 1}
$data merge entity $(bone_glowing_eye) {transformation: [-0.9861f,-0.0003f,0.1664f,-0.1846f,0.0668f,0.9153f,0.3972f,3.5501f,-0.1524f,0.4027f,-0.9025f,4.2192f,0f,0f,0f,1f],start_interpolation: 0,interpolation_duration: 1}
$data merge entity $(bone_head) {transformation: [-0.9861f,-0.0003f,0.1664f,-0.0243f,0.0668f,0.9153f,0.3972f,3.4549f,-0.1524f,0.4027f,-0.9025f,3.9607f,0f,0f,0f,1f],start_interpolation: 0,interpolation_duration: 1}
$data merge entity $(bone_leftthumb2) {transformation: [-0.2094f,-0.1858f,0.96f,1.0507f,0.7524f,0.5965f,0.2796f,2.3047f,-0.6246f,0.7808f,0.0149f,2.1657f,0f,0f,0f,1f],start_interpolation: 0,interpolation_duration: 1}
$data merge entity $(bone_leftthumb) {transformation: [-0.2094f,-0.1858f,0.96f,1.0872f,0.7524f,0.5965f,0.2796f,2.4749f,-0.6246f,0.7808f,0.0149f,2.3585f,0f,0f,0f,1f],start_interpolation: 0,interpolation_duration: 1}
$data merge entity $(bone_leftpointerfinger) {transformation: [-0.2094f,-0.1858f,0.96f,1.2161f,0.7524f,0.5965f,0.2796f,2.21f,-0.6246f,0.7808f,0.0149f,2.1713f,0f,0f,0f,1f],start_interpolation: 0,interpolation_duration: 1}
$data merge entity $(bone_leftmidfinger) {transformation: [-0.2094f,-0.1858f,0.96f,1.3661f,0.7524f,0.5965f,0.2796f,2.2537f,-0.6246f,0.7808f,0.0149f,2.1736f,0f,0f,0f,1f],start_interpolation: 0,interpolation_duration: 1}
$data merge entity $(bone_leftringfinger) {transformation: [-0.2094f,-0.1858f,0.96f,1.5161f,0.7524f,0.5965f,0.2796f,2.2974f,-0.6246f,0.7808f,0.0149f,2.1759f,0f,0f,0f,1f],start_interpolation: 0,interpolation_duration: 1}
$data merge entity $(bone_invisibility) {transformation: [-0.1015f,-0.9725f,0.2094f,1.1265f,0.6186f,-0.2265f,-0.7524f,2.4076f,0.7792f,0.0532f,0.6246f,2.1391f,0f,0f,0f,1f],start_interpolation: 0,interpolation_duration: 1}
$data merge entity $(bone_swiftness) {transformation: [0.96f,-0.1858f,0.2094f,1.3207f,0.2796f,0.5965f,-0.7524f,2.4184f,0.0149f,0.7808f,0.6246f,2.0037f,0f,0f,0f,1f],start_interpolation: 0,interpolation_duration: 1}
$data merge entity $(bone_suspicious_stew) {transformation: [0.2373f,-0.9486f,0.2094f,1.3152f,0.6587f,-0.0013f,-0.7524f,2.432f,0.714f,0.3165f,0.6246f,2.1053f,0f,0f,0f,1f],start_interpolation: 0,interpolation_duration: 1}
$data merge entity $(bone_log) {transformation: [-0.2094f,-0.1858f,0.96f,1.3173f,0.7524f,0.5965f,0.2796f,2.5902f,-0.6246f,0.7808f,0.0149f,2.1451f,0f,0f,0f,1f],start_interpolation: 0,interpolation_duration: 1}
$data merge entity $(bone_planks) {transformation: [-0.2094f,-0.1858f,0.96f,1.2977f,0.7524f,0.5965f,0.2796f,2.6608f,-0.6246f,0.7808f,0.0149f,2.0865f,0f,0f,0f,1f],start_interpolation: 0,interpolation_duration: 1}
$data merge entity $(bone_lefthand1) {transformation: [-0.2094f,-0.1858f,0.96f,1.2932f,0.7524f,0.5965f,0.2796f,2.5425f,-0.6246f,0.7808f,0.0149f,2.4959f,0f,0f,0f,1f],start_interpolation: 0,interpolation_duration: 1}
$data merge entity $(bone_leftforearm) {transformation: [-0.9649f,-0.1858f,0.1857f,1.0994f,0.0394f,0.5965f,0.8017f,2.9519f,-0.2598f,0.7808f,-0.5682f,3.0376f,0f,0f,0f,1f],start_interpolation: 0,interpolation_duration: 1}
$data merge entity $(bone_leftelbow) {transformation: [-0.9762f,-0.2154f,-0.0239f,1.059f,-0.0852f,0.2801f,0.9562f,3.0044f,-0.1993f,0.9355f,-0.2918f,3.213f,0f,0f,0f,1f],start_interpolation: 0,interpolation_duration: 1}
$data merge entity $(bone_leftarm) {transformation: [-0.9762f,-0.2154f,-0.0239f,0.7385f,-0.0852f,0.2801f,0.9562f,3.0959f,-0.1993f,0.9355f,-0.2918f,3.6463f,0f,0f,0f,1f],start_interpolation: 0,interpolation_duration: 1}
$data merge entity $(bone_rightthumb2) {transformation: [-0.884f,-0.3924f,0.2541f,-0.6504f,-0.3913f,0.9185f,0.0571f,1.4901f,-0.2558f,-0.049f,-0.9655f,3.4977f,0f,0f,0f,1f],start_interpolation: 0,interpolation_duration: 1}
$data merge entity $(bone_rightthumb) {transformation: [-0.884f,-0.3924f,0.2541f,-0.7249f,-0.3913f,0.9185f,0.0571f,1.7203f,-0.2558f,-0.049f,-0.9655f,3.4032f,0f,0f,0f,1f],start_interpolation: 0,interpolation_duration: 1}
$data merge entity $(bone_rightpointerfinger) {transformation: [-0.884f,-0.3924f,0.2541f,-0.681f,-0.3913f,0.9185f,0.0571f,1.3788f,-0.2558f,-0.049f,-0.9655f,3.346f,0f,0f,0f,1f],start_interpolation: 0,interpolation_duration: 1}
$data merge entity $(bone_rightmidfinger) {transformation: [-0.884f,-0.3924f,0.2541f,-0.6412f,-0.3913f,0.9185f,0.0571f,1.3877f,-0.2558f,-0.049f,-0.9655f,3.1952f,0f,0f,0f,1f],start_interpolation: 0,interpolation_duration: 1}
$data merge entity $(bone_rightringfinger) {transformation: [-0.884f,-0.3924f,0.2541f,-0.6015f,-0.3913f,0.9185f,0.0571f,1.3966f,-0.2558f,-0.049f,-0.9655f,3.0443f,0f,0f,0f,1f],start_interpolation: 0,interpolation_duration: 1}
$data merge entity $(bone_hugeasssword) {transformation: [-2.5674f,2.727f,-1.1455f,-0.4901f,-2.7823f,-2.7413f,-0.2902f,1.6773f,-1.0038f,0.6235f,3.7342f,3.2682f,0f,0f,0f,1f],start_interpolation: 0,interpolation_duration: 1}
$data merge entity $(bone_ice) {transformation: [-0.884f,-0.3924f,0.2541f,-0.4702f,-0.3913f,0.9185f,0.0571f,1.6691f,-0.2558f,-0.049f,-0.9655f,3.273f,0f,0f,0f,1f],start_interpolation: 0,interpolation_duration: 1}
$data merge entity $(bone_righthand1) {transformation: [-0.884f,-0.3924f,0.2541f,-0.7813f,-0.3913f,0.9185f,0.0571f,1.8026f,-0.2558f,-0.049f,-0.9655f,3.1666f,0f,0f,0f,1f],start_interpolation: 0,interpolation_duration: 1}
$data merge entity $(bone_rightforearm) {transformation: [-0.4185f,-0.2f,-0.8859f,-0.882f,-0.395f,0.9185f,-0.0208f,2.4734f,0.8178f,0.3412f,-0.4634f,3.3627f,0f,0f,0f,1f],start_interpolation: 0,interpolation_duration: 1}
$data merge entity $(bone_rightelbow) {transformation: [-0.3f,-0.1661f,-0.9393f,-0.9131f,-0.4701f,0.8826f,-0.0059f,2.6389f,0.83f,0.4398f,-0.3429f,3.4452f,0f,0f,0f,1f],start_interpolation: 0,interpolation_duration: 1}
$data merge entity $(bone_rightarm) {transformation: [-0.3f,0.124f,-0.9458f,-0.7559f,-0.4701f,0.8435f,0.2597f,3.1554f,0.83f,0.5226f,-0.1948f,3.531f,0f,0f,0f,1f],start_interpolation: 0,interpolation_duration: 1}
$data merge entity $(bone_chest1) {transformation: [-1.0793f,-0.039f,0.0852f,0.0034f,0.0429f,0.6701f,0.8502f,3.113f,-0.0833f,0.8503f,-0.666f,3.395f,0f,0f,0f,1f],start_interpolation: 0,interpolation_duration: 1}
$data merge entity $(bone_chest1lid) {transformation: [-0.9963f,-0.036f,0.0787f,-0.343f,0.0396f,0.6185f,0.7848f,2.3967f,-0.0769f,0.7849f,-0.6148f,3.0728f,0f,0f,0f,1f],start_interpolation: 0,interpolation_duration: 1}
$data merge entity $(bone_chest2) {transformation: [-0.9963f,-0.036f,0.0787f,-0.3374f,0.0396f,0.6185f,0.7848f,2.3f,-0.0769f,0.7849f,-0.6148f,2.9502f,0f,0f,0f,1f],start_interpolation: 0,interpolation_duration: 1}
$data merge entity $(bone_chest1lid3) {transformation: [-0.9963f,-0.036f,0.0787f,-0.2303f,0.0396f,0.6185f,0.7848f,2.8969f,-0.0769f,0.7849f,-0.6148f,2.6838f,0f,0f,0f,1f],start_interpolation: 0,interpolation_duration: 1}
$data merge entity $(bone_chest3) {transformation: [-0.9963f,-0.036f,0.0787f,-0.2247f,0.0396f,0.6185f,0.7848f,2.8003f,-0.0769f,0.7849f,-0.6148f,2.5611f,0f,0f,0f,1f],start_interpolation: 0,interpolation_duration: 1}
$data merge entity $(bone_hugeasssword2) {transformation: [-0.3081f,2.7817f,-2.74f,-1.2449f,-3.0736f,1.5222f,1.891f,4.0874f,2.4079f,2.299f,2.0632f,4.0481f,0f,0f,0f,1f],start_interpolation: 0,interpolation_duration: 1}
$data merge entity $(bone_belt) {transformation: [-0.9963f,-0.036f,0.0787f,0.0393f,0.0396f,0.6185f,0.7848f,2.7626f,-0.0769f,0.7849f,-0.6148f,3.1652f,0f,0f,0f,1f],start_interpolation: 0,interpolation_duration: 1}
$data merge entity $(bone_torn_part) {transformation: [-0.9963f,-0.0549f,0.0669f,-0.0737f,0.0396f,0.3973f,0.9168f,2.5925f,-0.0769f,0.9161f,-0.3936f,2.9357f,0f,0f,0f,1f],start_interpolation: 0,interpolation_duration: 1}
$data merge entity $(bone_lowerbody) {transformation: [-0.9963f,-0.0322f,0.0803f,0.0281f,0.0396f,0.6546f,0.755f,2.1628f,-0.0769f,0.7553f,-0.6509f,2.666f,0f,0f,0f,1f],start_interpolation: 0,interpolation_duration: 1}
$data merge entity $(bone_leftfoot) {transformation: [-0.9929f,0.1165f,0.0249f,0.0472f,0.1102f,0.9772f,-0.1812f,0.1733f,-0.0455f,-0.1772f,-0.9831f,3.0348f,0f,0f,0f,1f],start_interpolation: 0,interpolation_duration: 1}
$data merge entity $(bone_leftlowerleg) {transformation: [-0.9929f,0.1165f,0.0249f,0.1726f,0.1102f,0.9772f,-0.1812f,1.2853f,-0.0455f,-0.1772f,-0.9831f,2.9892f,0f,0f,0f,1f],start_interpolation: 0,interpolation_duration: 1}
$data merge entity $(bone_leftleg) {transformation: [-0.9929f,0.1183f,-0.0142f,0.2677f,0.1102f,0.8657f,-0.4883f,2.2212f,-0.0455f,-0.4864f,-0.8725f,2.4937f,0f,0f,0f,1f],start_interpolation: 0,interpolation_duration: 1}
$data merge entity $(bone_rightfoot) {transformation: [-0.9702f,0.1713f,0.1712f,-0.6716f,0.2419f,0.6511f,0.7194f,0.6944f,0.0117f,0.7394f,-0.6731f,1.1235f,0f,0f,0f,1f],start_interpolation: 0,interpolation_duration: 1}
$data merge entity $(bone_rightlowerleg) {transformation: [-0.9702f,0.1713f,0.1712f,-0.5079f,0.2419f,0.6511f,0.7194f,1.3061f,0.0117f,0.7394f,-0.6731f,2.0472f,0f,0f,0f,1f],start_interpolation: 0,interpolation_duration: 1}
$data merge entity $(bone_rightleg) {transformation: [-0.9647f,0.2343f,0.1205f,-0.2319f,0.2632f,0.8788f,0.3982f,2.2212f,-0.0126f,0.4158f,-0.9094f,2.5131f,0f,0f,0f,1f],start_interpolation: 0,interpolation_duration: 1}
data modify entity @s data merge value {"cameras":{},"locators":{"lefthand":{"posx":1.336489376507984,"posy":2.4687384253570253,"posz":2.142382587655362,"roty":90.88955934421291,"rotx":16.235384492107567},"sword":{"posx":0.519933514331421,"posy":1.9180092147020178,"posz":-0.287323068531824,"roty":197.0536422808264,"rotx":-4.248525163784078},"righthand":{"posx":-0.5508858476510601,"posy":1.6171312063279397,"posz":3.2648769989638446,"roty":14.747463004614588,"rotx":3.271519137327722},"chest":{"posx":-0.38414769461522325,"posy":2.2366526241386144,"posz":3.1174220894831715,"roty":7.291580200954314,"rotx":51.69813664516565}}}