# This file was generated by Animated Java via MC-Build. It is not recommended to edit this file directly.
$data merge entity $(bone_nose) {transformation: [-1f,-0.0009f,0.0006f,-0.0149f,-0.0009f,0.9995f,0.031f,4.1954f,-0.0006f,0.031f,-0.9995f,0.1428f,0f,0f,0f,1f],start_interpolation: 0,interpolation_duration: 1}
$data merge entity $(bone_glowing_eye) {transformation: [-1f,-0.0009f,0.0006f,-0.1399f,-0.0009f,0.9995f,0.031f,4.2619f,-0.0006f,0.031f,-0.9995f,0.1797f,0f,0f,0f,1f],start_interpolation: 0,interpolation_duration: 1}
$data merge entity $(bone_head) {transformation: [-1f,-0.0009f,0.0006f,-0.0146f,-0.0009f,0.9995f,0.031f,4.0778f,-0.0006f,0.031f,-0.9995f,-0.0482f,0f,0f,0f,1f],start_interpolation: 0,interpolation_duration: 1}
$data merge entity $(bone_leftthumb2) {transformation: [-0.9632f,0.0015f,0.2689f,0.8621f,-0.0374f,0.9895f,-0.1397f,1.8887f,-0.2663f,-0.1446f,-0.953f,0.4893f,0f,0f,0f,1f],start_interpolation: 0,interpolation_duration: 1}
$data merge entity $(bone_leftthumb) {transformation: [-0.9632f,0.0015f,0.2689f,0.8855f,-0.0374f,0.9895f,-0.1397f,2.1194f,-0.2663f,-0.1446f,-0.953f,0.3724f,0f,0f,0f,1f],start_interpolation: 0,interpolation_duration: 1}
$data merge entity $(bone_leftpointerfinger) {transformation: [-0.9632f,0.0015f,0.2689f,1.0029f,-0.0374f,0.9895f,-0.1397f,1.7923f,-0.2663f,-0.1446f,-0.953f,0.4043f,0f,0f,0f,1f],start_interpolation: 0,interpolation_duration: 1}
$data merge entity $(bone_leftmidfinger) {transformation: [-0.9632f,0.0015f,0.2689f,1.0449f,-0.0374f,0.9895f,-0.1397f,1.7705f,-0.2663f,-0.1446f,-0.953f,0.2554f,0f,0f,0f,1f],start_interpolation: 0,interpolation_duration: 1}
$data merge entity $(bone_leftringfinger) {transformation: [-0.9632f,0.0015f,0.2689f,1.087f,-0.0374f,0.9895f,-0.1397f,1.7486f,-0.2663f,-0.1446f,-0.953f,0.1065f,0f,0f,0f,1f],start_interpolation: 0,interpolation_duration: 1}
$data merge entity $(bone_invisibility) {transformation: [0.0249f,-0.2678f,0.9632f,0.8141f,0.9735f,0.2254f,0.0374f,1.8979f,-0.2271f,0.9367f,0.2663f,0.3684f,0f,0f,0f,1f],start_interpolation: 0,interpolation_duration: 1}
$data merge entity $(bone_swiftness) {transformation: [0.2689f,0.0015f,0.9632f,0.8141f,-0.1397f,0.9895f,0.0374f,1.7357f,-0.953f,-0.1446f,0.2663f,0.1954f,0f,0f,0f,1f],start_interpolation: 0,interpolation_duration: 1}
$data merge entity $(bone_suspicious_stew) {transformation: [0.115f,-0.2431f,0.9632f,0.8644f,0.8377f,0.5448f,0.0374f,1.8253f,-0.5338f,0.8026f,0.2663f,0.1965f,0f,0f,0f,1f],start_interpolation: 0,interpolation_duration: 1}
$data merge entity $(bone_log) {transformation: [-0.9632f,0.0015f,0.2689f,0.7869f,-0.0374f,0.9895f,-0.1397f,1.9389f,-0.2663f,-0.1446f,-0.953f,0.1087f,0f,0f,0f,1f],start_interpolation: 0,interpolation_duration: 1}
$data merge entity $(bone_planks) {transformation: [-0.9632f,0.0015f,0.2689f,0.6966f,-0.0374f,0.9895f,-0.1397f,1.9354f,-0.2663f,-0.1446f,-0.953f,0.0838f,0f,0f,0f,1f],start_interpolation: 0,interpolation_duration: 1}
$data merge entity $(bone_lefthand1) {transformation: [-0.9632f,0.0015f,0.2689f,1.0197f,-0.0374f,0.9895f,-0.1397f,2.2f,-0.2663f,-0.1446f,-0.953f,0.169f,0f,0f,0f,1f],start_interpolation: 0,interpolation_duration: 1}
$data merge entity $(bone_leftforearm) {transformation: [-0.9873f,0.0015f,0.1591f,0.9566f,-0.0215f,0.9895f,-0.143f,2.8966f,-0.1577f,-0.1446f,-0.9768f,0.0727f,0f,0f,0f,1f],start_interpolation: 0,interpolation_duration: 1}
$data merge entity $(bone_leftelbow) {transformation: [-0.9926f,-0.0099f,0.1208f,0.9547f,-0.0137f,0.9994f,-0.0305f,3.084f,-0.1205f,-0.0319f,-0.9922f,0.0667f,0f,0f,0f,1f],start_interpolation: 0,interpolation_duration: 1}
$data merge entity $(bone_leftarm) {transformation: [-0.9926f,-0.0099f,0.1208f,0.7289f,-0.0137f,0.9994f,-0.0305f,3.5817f,-0.1205f,-0.0319f,-0.9922f,0.0554f,0f,0f,0f,1f],start_interpolation: 0,interpolation_duration: 1}
$data merge entity $(bone_rightthumb2) {transformation: [0.1632f,-0.7399f,-0.6526f,-0.9884f,0.1734f,0.6726f,-0.7194f,2.1316f,0.9712f,0.0043f,0.2381f,-0.0799f,0f,0f,0f,1f],start_interpolation: 0,interpolation_duration: 1}
$data merge entity $(bone_rightthumb) {transformation: [0.1632f,-0.7399f,-0.6526f,-1.2256f,0.1734f,0.6726f,-0.7194f,2.2351f,0.9712f,0.0043f,0.2381f,-0.0585f,0f,0f,0f,1f],start_interpolation: 0,interpolation_duration: 1}
$data merge entity $(bone_rightpointerfinger) {transformation: [-0.5544f,-0.8314f,-0.0383f,-1.4238f,-0.8086f,0.5489f,-0.2118f,1.9486f,0.1971f,-0.0865f,-0.9766f,-0.0366f,0f,0f,0f,1f],start_interpolation: 0,interpolation_duration: 1}
$data merge entity $(bone_rightmidfinger) {transformation: [-0.4411f,-0.8966f,-0.0383f,-1.4298f,-0.8733f,0.4387f,-0.2118f,1.9155f,0.2067f,-0.06f,-0.9766f,-0.1892f,0f,0f,0f,1f],start_interpolation: 0,interpolation_duration: 1}
$data merge entity $(bone_rightringfinger) {transformation: [-0.5176f,-0.8548f,-0.0383f,-1.4358f,-0.8318f,0.5131f,-0.2118f,1.8824f,0.2007f,-0.0778f,-0.9766f,-0.3418f,0f,0f,0f,1f],start_interpolation: 0,interpolation_duration: 1}
$data merge entity $(bone_hugeasssword) {transformation: [-3.7585f,1.0916f,-0.15f,-1.1177f,1.0981f,3.6669f,-0.8296f,2.0345f,-0.0908f,-0.8382f,-3.8249f,-0.2113f,0f,0f,0f,1f],start_interpolation: 0,interpolation_duration: 1}
$data merge entity $(bone_ice) {transformation: [-0.9596f,0.2787f,-0.0383f,-1.1071f,0.2804f,0.9362f,-0.2118f,2.0155f,-0.0232f,-0.214f,-0.9766f,-0.2075f,0f,0f,0f,1f],start_interpolation: 0,interpolation_duration: 1}
$data merge entity $(bone_righthand1) {transformation: [-0.9596f,0.2787f,-0.0383f,-1.2785f,0.2804f,0.9362f,-0.2118f,2.3131f,-0.0232f,-0.214f,-0.9766f,-0.2974f,0f,0f,0f,1f],start_interpolation: 0,interpolation_duration: 1}
$data merge entity $(bone_rightforearm) {transformation: [-0.9826f,0.1851f,-0.0179f,-1.0867f,0.1853f,0.9667f,-0.1765f,2.9839f,-0.0154f,-0.1767f,-0.9841f,-0.4053f,0f,0f,0f,1f],start_interpolation: 0,interpolation_duration: 1}
$data merge entity $(bone_rightelbow) {transformation: [-0.9799f,0.1983f,0.0231f,-1.0495f,0.1984f,0.9801f,0.0043f,3.1677f,-0.0218f,0.0088f,-0.9997f,-0.4036f,0f,0f,0f,1f],start_interpolation: 0,interpolation_duration: 1}
$data merge entity $(bone_rightarm) {transformation: [-0.9799f,0.1821f,0.0817f,-0.7466f,0.1984f,0.9335f,0.2988f,3.5817f,-0.0218f,0.309f,-0.9508f,-0.2147f,0f,0f,0f,1f],start_interpolation: 0,interpolation_duration: 1}
$data merge entity $(bone_chest1) {transformation: [-1.0656f,-0.0236f,0.1936f,0.012f,0f,1.0754f,0.1313f,3.4359f,-0.195f,0.1291f,-1.0578f,-0.2066f,0f,0f,0f,1f],start_interpolation: 0,interpolation_duration: 1}
$data merge entity $(bone_chest1lid) {transformation: [-0.9837f,-0.0218f,0.1787f,-0.3789f,0f,0.9926f,0.1212f,2.7101f,-0.18f,0.1192f,-0.9764f,0.0325f,0f,0f,0f,1f],start_interpolation: 0,interpolation_duration: 1}
$data merge entity $(bone_chest2) {transformation: [-0.9837f,-0.0218f,0.1787f,-0.3755f,0f,0.9926f,0.1212f,2.555f,-0.18f,0.1192f,-0.9764f,0.0139f,0f,0f,0f,1f],start_interpolation: 0,interpolation_duration: 1}
$data merge entity $(bone_chest1lid3) {transformation: [-0.9837f,-0.0218f,0.1787f,-0.2029f,0f,0.9926f,0.1212f,2.7877f,-0.18f,0.1192f,-0.9764f,-0.5817f,0f,0f,0f,1f],start_interpolation: 0,interpolation_duration: 1}
$data merge entity $(bone_chest3) {transformation: [-0.9837f,-0.0218f,0.1787f,-0.1995f,0f,0.9926f,0.1212f,2.6326f,-0.18f,0.1192f,-0.9764f,-0.6004f,0f,0f,0f,1f],start_interpolation: 0,interpolation_duration: 1}
$data merge entity $(bone_hugeasssword2) {transformation: [-0.6999f,2.7828f,-2.6658f,-1.1779f,-0.4745f,2.6266f,2.8664f,4.6198f,3.8243f,0.8352f,-0.1322f,-0.5488f,0f,0f,0f,1f],start_interpolation: 0,interpolation_duration: 1}
$data merge entity $(bone_belt) {transformation: [-0.9837f,-0.0218f,0.1787f,0.0288f,0f,0.9926f,0.1212f,3.0247f,-0.18f,0.1192f,-0.9764f,-0.1205f,0f,0f,0f,1f],start_interpolation: 0,interpolation_duration: 1}
$data merge entity $(bone_torn_part) {transformation: [-0.9837f,-0.0673f,0.167f,-0.0867f,0f,0.9275f,0.3738f,2.7451f,-0.18f,0.3677f,-0.9124f,-0.1755f,0f,0f,0f,1f],start_interpolation: 0,interpolation_duration: 1}
$data merge entity $(bone_lowerbody) {transformation: [-0.9837f,-0.014f,0.1795f,-0.009f,0f,0.997f,0.0776f,2.2473f,-0.18f,0.0763f,-0.9807f,-0.0572f,0f,0f,0f,1f],start_interpolation: 0,interpolation_duration: 1}
$data merge entity $(bone_leftfoot) {transformation: [-0.9981f,-0.0439f,-0.0437f,0.3985f,-0.0518f,0.9784f,0.2001f,0.1739f,0.034f,0.2019f,-0.9788f,-0.3389f,0f,0f,0f,1f],start_interpolation: 0,interpolation_duration: 1}
$data merge entity $(bone_leftlowerleg) {transformation: [-0.9981f,-0.0439f,-0.0437f,0.3565f,-0.0518f,0.9784f,0.2001f,1.2286f,0.034f,0.2019f,-0.9788f,0.0356f,0f,0f,0f,1f],start_interpolation: 0,interpolation_duration: 1}
$data merge entity $(bone_leftleg) {transformation: [-0.9981f,-0.0582f,-0.0212f,0.264f,-0.0518f,0.9715f,-0.2313f,2.2652f,0.034f,-0.2298f,-0.9726f,-0.1822f,0f,0f,0f,1f],start_interpolation: 0,interpolation_duration: 1}
$data merge entity $(bone_rightfoot) {transformation: [-0.966f,0.0156f,0.2581f,-0.3117f,0.014f,0.9999f,-0.0083f,0.12f,-0.2582f,-0.0044f,-0.9661f,-0.1952f,0f,0f,0f,1f],start_interpolation: 0,interpolation_duration: 1}
$data merge entity $(bone_rightlowerleg) {transformation: [-0.966f,0.0156f,0.2581f,-0.334f,0.014f,0.9999f,-0.0083f,1.2305f,-0.2582f,-0.0044f,-0.9661f,-0.0517f,0f,0f,0f,1f],start_interpolation: 0,interpolation_duration: 1}
$data merge entity $(bone_rightleg) {transformation: [-0.966f,0.0776f,0.2466f,-0.2278f,0.014f,0.9681f,-0.25f,2.2652f,-0.2582f,-0.2381f,-0.9363f,-0.2722f,0f,0f,0f,1f],start_interpolation: 0,interpolation_duration: 1}
data modify entity @s data merge value {"cameras":{},"locators":{"lefthand":{"posx":0.8729152774385613,"posy":1.8673027921134484,"posz":0.15990129538691383,"roty":15.759023085155917,"rotx":-8.029955107259138},"sword":{"posx":-1.0595990664677395,"posy":2.8115696348664914,"posz":3.4099407157903694,"roty":357.75448963204474,"rotx":-12.228816198029602},"righthand":{"posx":-1.2008025440010288,"posy":2.030496848493674,"posz":-0.19112067362252252,"roty":357.75448963204474,"rotx":-12.228816198029602},"chest":{"posx":-0.43618073019169046,"posy":2.6291258099892976,"posz":0.17202717263486533,"roty":10.37109375,"rotx":6.959080095207727}}}