# This file was generated by Animated Java via MC-Build. It is not recommended to edit this file directly.
$data merge entity $(bone_nose) {transformation: [-0.9853f,-0.0425f,-0.1657f,0.0149f,-0.028f,0.9956f,-0.0889f,4.1279f,0.1688f,-0.083f,-0.9822f,2.5985f,0f,0f,0f,1f],start_interpolation: 0,interpolation_duration: 1}
$data merge entity $(bone_glowing_eye) {transformation: [-0.9853f,-0.0425f,-0.1657f,-0.1054f,-0.028f,0.9956f,-0.0889f,4.1949f,0.1688f,-0.083f,-0.9822f,2.6483f,0f,0f,0f,1f],start_interpolation: 0,interpolation_duration: 1}
$data merge entity $(bone_head) {transformation: [-0.9853f,-0.0425f,-0.1657f,-0.0109f,-0.028f,0.9956f,-0.0889f,3.9883f,0.1688f,-0.083f,-0.9822f,2.4248f,0f,0f,0f,1f],start_interpolation: 0,interpolation_duration: 1}
$data merge entity $(bone_leftthumb2) {transformation: [-0.8694f,-0.335f,0.3633f,1.3414f,-0.4679f,0.7945f,-0.3871f,2.1816f,-0.159f,-0.5065f,-0.8474f,3.0595f,0f,0f,0f,1f],start_interpolation: 0,interpolation_duration: 1}
$data merge entity $(bone_leftthumb) {transformation: [-0.8694f,-0.335f,0.3633f,1.2903f,-0.4679f,0.7945f,-0.3871f,2.3434f,-0.159f,-0.5065f,-0.8474f,2.8629f,0f,0f,0f,1f],start_interpolation: 0,interpolation_duration: 1}
$data merge entity $(bone_leftpointerfinger) {transformation: [-0.8694f,-0.335f,0.3633f,1.5123f,-0.4679f,0.7945f,-0.3871f,2.1157f,-0.159f,-0.5065f,-0.8474f,3.0068f,0f,0f,0f,1f],start_interpolation: 0,interpolation_duration: 1}
$data merge entity $(bone_leftmidfinger) {transformation: [-0.8694f,-0.335f,0.3633f,1.5691f,-0.4679f,0.7945f,-0.3871f,2.0552f,-0.159f,-0.5065f,-0.8474f,2.8744f,0f,0f,0f,1f],start_interpolation: 0,interpolation_duration: 1}
$data merge entity $(bone_leftringfinger) {transformation: [-0.8694f,-0.335f,0.3633f,1.6259f,-0.4679f,0.7945f,-0.3871f,1.9948f,-0.159f,-0.5065f,-0.8474f,2.7419f,0f,0f,0f,1f],start_interpolation: 0,interpolation_duration: 1}
$data merge entity $(bone_invisibility) {transformation: [-0.302f,-0.3912f,0.8694f,1.3013f,0.7578f,0.4548f,0.4679f,2.127f,-0.5784f,0.8001f,0.159f,2.948f,0f,0f,0f,1f],start_interpolation: 0,interpolation_duration: 1}
$data merge entity $(bone_swiftness) {transformation: [0.3633f,-0.335f,0.8694f,1.3696f,-0.3871f,0.7945f,0.4679f,1.9225f,-0.8474f,-0.5065f,0.159f,2.8494f,0f,0f,0f,1f],start_interpolation: 0,interpolation_duration: 1}
$data merge entity $(bone_suspicious_stew) {transformation: [-0.15f,-0.4709f,0.8694f,1.3852f,0.5565f,0.6866f,0.4679f,2.0172f,-0.8172f,0.554f,0.159f,2.8129f,0f,0f,0f,1f],start_interpolation: 0,interpolation_duration: 1}
$data merge entity $(bone_log) {transformation: [-0.8694f,-0.335f,0.3633f,1.2788f,-0.4679f,0.7945f,-0.3871f,2.0545f,-0.159f,-0.5065f,-0.8474f,2.6949f,0f,0f,0f,1f],start_interpolation: 0,interpolation_duration: 1}
$data merge entity $(bone_planks) {transformation: [-0.8694f,-0.335f,0.3633f,1.1973f,-0.4679f,0.7945f,-0.3871f,2.0106f,-0.159f,-0.5065f,-0.8474f,2.68f,0f,0f,0f,1f],start_interpolation: 0,interpolation_duration: 1}
$data merge entity $(bone_lefthand1) {transformation: [-0.8694f,-0.335f,0.3633f,1.4011f,-0.4679f,0.7945f,-0.3871f,2.3822f,-0.159f,-0.5065f,-0.8474f,2.6345f,0f,0f,0f,1f],start_interpolation: 0,interpolation_duration: 1}
$data merge entity $(bone_leftforearm) {transformation: [-0.9414f,-0.335f,-0.0408f,1.1074f,-0.2589f,0.7945f,-0.5493f,2.9332f,0.2164f,-0.5065f,-0.8346f,2.305f,0f,0f,0f,1f],start_interpolation: 0,interpolation_duration: 1}
$data merge entity $(bone_leftelbow) {transformation: [-0.9279f,-0.3015f,-0.2191f,1.0508f,-0.1847f,0.8825f,-0.4325f,3.0987f,0.3237f,-0.3608f,-0.8746f,2.2373f,0f,0f,0f,1f],start_interpolation: 0,interpolation_duration: 1}
$data merge entity $(bone_leftarm) {transformation: [-0.9279f,-0.3015f,-0.2191f,0.7039f,-0.1847f,0.8825f,-0.4325f,3.5131f,0.3237f,-0.3608f,-0.8746f,2.155f,0f,0f,0f,1f],start_interpolation: 0,interpolation_duration: 1}
$data merge entity $(bone_rightthumb2) {transformation: [-0.9408f,-0.2843f,0.1845f,-0.8239f,-0.3378f,0.8311f,-0.4418f,1.9842f,-0.0277f,-0.4779f,-0.878f,3.2561f,0f,0f,0f,1f],start_interpolation: 0,interpolation_duration: 1}
$data merge entity $(bone_rightthumb) {transformation: [-0.9408f,-0.2843f,0.1845f,-0.8779f,-0.3378f,0.8311f,-0.4418f,2.1502f,-0.0277f,-0.4779f,-0.878f,3.0639f,0f,0f,0f,1f],start_interpolation: 0,interpolation_duration: 1}
$data merge entity $(bone_rightpointerfinger) {transformation: [-0.9408f,-0.2843f,0.1845f,-0.8788f,-0.3378f,0.8311f,-0.4418f,1.8199f,-0.0277f,-0.4779f,-0.878f,3.1765f,0f,0f,0f,1f],start_interpolation: 0,interpolation_duration: 1}
$data merge entity $(bone_rightmidfinger) {transformation: [-0.9408f,-0.2843f,0.1845f,-0.85f,-0.3378f,0.8311f,-0.4418f,1.7508f,-0.0277f,-0.4779f,-0.878f,3.0393f,0f,0f,0f,1f],start_interpolation: 0,interpolation_duration: 1}
$data merge entity $(bone_rightringfinger) {transformation: [-0.9408f,-0.2843f,0.1845f,-0.8212f,-0.3378f,0.8311f,-0.4418f,1.6818f,-0.0277f,-0.4779f,-0.878f,2.9021f,0f,0f,0f,1f],start_interpolation: 0,interpolation_duration: 1}
$data merge entity $(bone_hugeasssword) {transformation: [-2.9458f,2.4256f,-0.8825f,-0.6608f,-2.5366f,-2.4726f,1.6709f,2.0163f,0.4777f,1.8283f,3.4307f,2.9633f,0f,0f,0f,1f],start_interpolation: 0,interpolation_duration: 1}
$data merge entity $(bone_ice) {transformation: [-0.9408f,-0.2843f,0.1845f,-0.6416f,-0.3378f,0.8311f,-0.4418f,2.0086f,-0.0277f,-0.4779f,-0.878f,2.9712f,0f,0f,0f,1f],start_interpolation: 0,interpolation_duration: 1}
$data merge entity $(bone_righthand1) {transformation: [-0.9408f,-0.2843f,0.1845f,-0.9421f,-0.3378f,0.8311f,-0.4418f,2.1181f,-0.0277f,-0.4779f,-0.878f,2.8174f,0f,0f,0f,1f],start_interpolation: 0,interpolation_duration: 1}
$data merge entity $(bone_rightforearm) {transformation: [-0.8793f,-0.0957f,-0.4666f,-0.9472f,0.0165f,0.9729f,-0.2306f,2.8047f,0.4761f,-0.2105f,-0.8538f,2.653f,0f,0f,0f,1f],start_interpolation: 0,interpolation_duration: 1}
$data merge entity $(bone_rightelbow) {transformation: [-0.8721f,-0.0815f,-0.4824f,-0.9624f,0.026f,0.9769f,-0.212f,2.9879f,0.4886f,-0.1974f,-0.8499f,2.616f,0f,0f,0f,1f],start_interpolation: 0,interpolation_duration: 1}
$data merge entity $(bone_rightarm) {transformation: [-0.8721f,0.0674f,-0.4846f,-0.7228f,0.026f,0.9955f,0.0916f,3.4771f,0.4886f,0.0673f,-0.8699f,2.5699f,0f,0f,0f,1f],start_interpolation: 0,interpolation_duration: 1}
$data merge entity $(bone_chest1) {transformation: [-1.0399f,0.0285f,-0.3022f,-0.0532f,-0.0262f,1.0661f,0.1907f,3.3565f,0.3024f,0.1904f,-1.0227f,2.233f,0f,0f,0f,1f],start_interpolation: 0,interpolation_duration: 1}
$data merge entity $(bone_chest1lid) {transformation: [-0.9599f,0.0263f,-0.2789f,-0.2898f,-0.0242f,0.9841f,0.1761f,2.6068f,0.2791f,0.1758f,-0.944f,2.5775f,0f,0f,0f,1f],start_interpolation: 0,interpolation_duration: 1}
$data merge entity $(bone_chest2) {transformation: [-0.9599f,0.0263f,-0.2789f,-0.2939f,-0.0242f,0.9841f,0.1761f,2.453f,0.2791f,0.1758f,-0.944f,2.5501f,0f,0f,0f,1f],start_interpolation: 0,interpolation_duration: 1}
$data merge entity $(bone_chest1lid3) {transformation: [-0.9599f,0.0263f,-0.2789f,-0.4085f,-0.0242f,0.9841f,0.1761f,2.7211f,0.2791f,0.1758f,-0.944f,1.9553f,0f,0f,0f,1f],start_interpolation: 0,interpolation_duration: 1}
$data merge entity $(bone_chest3) {transformation: [-0.9599f,0.0263f,-0.2789f,-0.4126f,-0.0242f,0.9841f,0.1761f,2.5673f,0.2791f,0.1758f,-0.944f,1.9279f,0f,0f,0f,1f],start_interpolation: 0,interpolation_duration: 1}
$data merge entity $(bone_hugeasssword2) {transformation: [1.0925f,2.8416f,-2.4641f,-1.2793f,-0.6896f,2.6738f,2.7776f,4.5152f,3.6974f,-0.3409f,1.2462f,2.5307f,0f,0f,0f,1f],start_interpolation: 0,interpolation_duration: 1}
$data merge entity $(bone_belt) {transformation: [-0.9599f,0.0263f,-0.2789f,0.0036f,-0.0242f,0.9841f,0.1761f,2.9422f,0.2791f,0.1758f,-0.944f,2.2776f,0f,0f,0f,1f],start_interpolation: 0,interpolation_duration: 1}
$data merge entity $(bone_torn_part) {transformation: [-0.9599f,0.1014f,-0.2612f,-0.1227f,-0.0242f,0.8987f,0.4379f,2.6612f,0.2791f,0.4267f,-0.8603f,2.2612f,0f,0f,0f,1f],start_interpolation: 0,interpolation_duration: 1}
$data merge entity $(bone_lowerbody) {transformation: [-0.9599f,0.0182f,-0.2796f,0.0015f,-0.0242f,0.9888f,0.1474f,2.16f,0.2791f,0.1482f,-0.9487f,2.295f,0f,0f,0f,1f],start_interpolation: 0,interpolation_duration: 1}
$data merge entity $(bone_leftfoot) {transformation: [-0.9889f,0.1168f,0.0919f,0.0304f,0.0756f,0.9278f,-0.3654f,0.1803f,-0.1279f,-0.3544f,-0.9263f,2.9178f,0f,0f,0f,1f],start_interpolation: 0,interpolation_duration: 1}
$data merge entity $(bone_leftlowerleg) {transformation: [-0.9889f,0.1168f,0.0919f,0.1458f,0.0756f,0.9278f,-0.3654f,1.2657f,-0.1279f,-0.3544f,-0.9263f,2.6669f,0f,0f,0f,1f],start_interpolation: 0,interpolation_duration: 1}
$data merge entity $(bone_leftleg) {transformation: [-0.9889f,0.1319f,0.0684f,0.2532f,0.0756f,0.8433f,-0.5322f,2.1779f,-0.1279f,-0.5211f,-0.8439f,2.1313f,0f,0f,0f,1f],start_interpolation: 0,interpolation_duration: 1}
$data merge entity $(bone_rightfoot) {transformation: [-0.9823f,-0.0178f,0.1863f,-0.3585f,0.106f,0.7675f,0.6322f,0.3746f,-0.1542f,0.6408f,-0.7521f,1.2201f,0f,0f,0f,1f],start_interpolation: 0,interpolation_duration: 1}
$data merge entity $(bone_rightlowerleg) {transformation: [-0.9823f,-0.0178f,0.1863f,-0.4068f,0.106f,0.7675f,0.6322f,1.129f,-0.1542f,0.6408f,-0.7521f,2.0465f,0f,0f,0f,1f],start_interpolation: 0,interpolation_duration: 1}
$data merge entity $(bone_rightleg) {transformation: [-0.9629f,0.1284f,0.2373f,-0.2465f,0.1327f,0.9912f,0.002f,2.1779f,-0.235f,0.0334f,-0.9714f,2.1146f,0f,0f,0f,1f],start_interpolation: 0,interpolation_duration: 1}
data modify entity @s data merge value {"cameras":{},"locators":{"lefthand":{"posx":1.3808256151985945,"posy":2.042321591622655,"posz":2.7626591964595106,"roty":23.20754821396787,"rotx":-22.77250210359222},"sword":{"posx":0.09555264590064894,"posy":0.4056053258438286,"posz":-0.28536510571640106,"roty":194.42649643497649,"rotx":25.253039804471264},"righthand":{"posx":-0.7282506998096262,"posy":1.9708290190495301,"posz":2.9898035676895995,"roty":11.865735547971894,"rotx":-26.217000695752862},"chest":{"posx":-0.2778178953976877,"posy":2.516991391262569,"posz":2.722788571301328,"roty":343.53827049149595,"rotx":10.141315779136567}}}