# This file was generated by Animated Java via MC-Build. It is not recommended to edit this file directly.
$data merge entity $(bone_nose) {transformation: [-0.9991f,0.0049f,0.0426f,-0.0045f,0.0011f,0.9959f,-0.0903f,4.0981f,-0.0429f,-0.0902f,-0.995f,0.111f,0f,0f,0f,1f],start_interpolation: 0,interpolation_duration: 1}
$data merge entity $(bone_glowing_eye) {transformation: [-0.9991f,0.0049f,0.0426f,-0.1305f,0.0011f,0.9959f,-0.0903f,4.1688f,-0.0429f,-0.0902f,-0.995f,0.1343f,0f,0f,0f,1f],start_interpolation: 0,interpolation_duration: 1}
$data merge entity $(bone_head) {transformation: [-0.9991f,0.0049f,0.0426f,0.0029f,0.0011f,0.9959f,-0.0903f,3.9582f,-0.0429f,-0.0902f,-0.995f,-0.0642f,0f,0f,0f,1f],start_interpolation: 0,interpolation_duration: 1}
$data merge entity $(bone_leftthumb2) {transformation: [-0.9974f,-0.009f,0.072f,0.9537f,-0.022f,0.9832f,-0.1812f,1.7886f,-0.0692f,-0.1823f,-0.9808f,0.4699f,0f,0f,0f,1f],start_interpolation: 0,interpolation_duration: 1}
$data merge entity $(bone_leftthumb) {transformation: [-0.9974f,-0.009f,0.072f,0.9577f,-0.022f,0.9832f,-0.1812f,2.0142f,-0.0692f,-0.1823f,-0.9808f,0.3413f,0f,0f,0f,1f],start_interpolation: 0,interpolation_duration: 1}
$data merge entity $(bone_leftpointerfinger) {transformation: [-0.9974f,-0.009f,0.072f,1.0731f,-0.022f,0.9832f,-0.1812f,1.6855f,-0.0692f,-0.1823f,-0.9808f,0.3627f,0f,0f,0f,1f],start_interpolation: 0,interpolation_duration: 1}
$data merge entity $(bone_leftmidfinger) {transformation: [-0.9974f,-0.009f,0.072f,1.0843f,-0.022f,0.9832f,-0.1812f,1.6572f,-0.0692f,-0.1823f,-0.9808f,0.2095f,0f,0f,0f,1f],start_interpolation: 0,interpolation_duration: 1}
$data merge entity $(bone_leftringfinger) {transformation: [-0.9974f,-0.009f,0.072f,1.0956f,-0.022f,0.9832f,-0.1812f,1.6289f,-0.0692f,-0.1823f,-0.9808f,0.0562f,0f,0f,0f,1f],start_interpolation: 0,interpolation_duration: 1}
$data merge entity $(bone_invisibility) {transformation: [-0.0027f,-0.0725f,0.9974f,0.8828f,0.9637f,0.2662f,0.022f,1.7946f,-0.2671f,0.9612f,0.0692f,0.3605f,0f,0f,0f,1f],start_interpolation: 0,interpolation_duration: 1}
$data merge entity $(bone_swiftness) {transformation: [0.072f,-0.009f,0.9974f,0.8456f,-0.1812f,0.9832f,0.022f,1.6263f,-0.9808f,-0.1823f,0.0692f,0.1977f,0f,0f,0f,1f],start_interpolation: 0,interpolation_duration: 1}
$data merge entity $(bone_suspicious_stew) {transformation: [0.0223f,-0.0691f,0.9974f,0.8968f,0.8145f,0.5798f,0.022f,1.7145f,-0.5798f,0.8118f,0.0692f,0.1851f,0f,0f,0f,1f],start_interpolation: 0,interpolation_duration: 1}
$data merge entity $(bone_log) {transformation: [-0.9974f,-0.009f,0.072f,0.8055f,-0.022f,0.9832f,-0.1812f,1.8269f,-0.0692f,-0.1823f,-0.9808f,0.1099f,0f,0f,0f,1f],start_interpolation: 0,interpolation_duration: 1}
$data merge entity $(bone_planks) {transformation: [-0.9974f,-0.009f,0.072f,0.712f,-0.022f,0.9832f,-0.1812f,1.8248f,-0.0692f,-0.1823f,-0.9808f,0.1034f,0f,0f,0f,1f],start_interpolation: 0,interpolation_duration: 1}
$data merge entity $(bone_lefthand1) {transformation: [-0.9974f,-0.009f,0.072f,1.0504f,-0.022f,0.9832f,-0.1812f,2.0838f,-0.0692f,-0.1823f,-0.9808f,0.1122f,0f,0f,0f,1f],start_interpolation: 0,interpolation_duration: 1}
$data merge entity $(bone_leftforearm) {transformation: [-0.9974f,-0.009f,0.072f,0.9806f,-0.022f,0.9832f,-0.1812f,2.7766f,-0.0692f,-0.1823f,-0.9808f,-0.005f,0f,0f,0f,1f],start_interpolation: 0,interpolation_duration: 1}
$data merge entity $(bone_leftelbow) {transformation: [-0.9991f,-0.0138f,0.0407f,0.978f,-0.0155f,0.999f,-0.0428f,2.9639f,-0.0401f,-0.0434f,-0.9983f,-0.0131f,0f,0f,0f,1f],start_interpolation: 0,interpolation_duration: 1}
$data merge entity $(bone_leftarm) {transformation: [-0.9991f,-0.0138f,0.0407f,0.7513f,-0.0155f,0.999f,-0.0428f,3.4613f,-0.0401f,-0.0434f,-0.9983f,-0.0124f,0f,0f,0f,1f],start_interpolation: 0,interpolation_duration: 1}
$data merge entity $(bone_rightthumb2) {transformation: [-0.9785f,-0.0266f,0.2045f,-0.9721f,-0.0836f,0.9577f,-0.2755f,1.8362f,-0.1885f,-0.2867f,-0.9393f,0.2354f,0f,0f,0f,1f],start_interpolation: 0,interpolation_duration: 1}
$data merge entity $(bone_rightthumb) {transformation: [-0.9785f,-0.0266f,0.2045f,-0.9612f,-0.0836f,0.9577f,-0.2755f,2.0475f,-0.1885f,-0.2867f,-0.9393f,0.0848f,0f,0f,0f,1f],start_interpolation: 0,interpolation_duration: 1}
$data merge entity $(bone_rightpointerfinger) {transformation: [-0.9785f,-0.0266f,0.2045f,-1.0499f,-0.0836f,0.9577f,-0.2755f,1.7113f,-0.1885f,-0.2867f,-0.9393f,0.1143f,0f,0f,0f,1f],start_interpolation: 0,interpolation_duration: 1}
$data merge entity $(bone_rightmidfinger) {transformation: [-0.9785f,-0.0266f,0.2045f,-1.0179f,-0.0836f,0.9577f,-0.2755f,1.6682f,-0.1885f,-0.2867f,-0.9393f,-0.0325f,0f,0f,0f,1f],start_interpolation: 0,interpolation_duration: 1}
$data merge entity $(bone_rightringfinger) {transformation: [-0.9785f,-0.0266f,0.2045f,-0.986f,-0.0836f,0.9577f,-0.2755f,1.6252f,-0.1885f,-0.2867f,-0.9393f,-0.1793f,0f,0f,0f,1f],start_interpolation: 0,interpolation_duration: 1}
$data merge entity $(bone_hugeasssword) {transformation: [-3.4653f,1.5481f,-0.9673f,-0.7666f,-1.7811f,-3.3221f,1.0638f,1.8892f,-0.4f,1.381f,3.6432f,-0.026f,0f,0f,0f,1f],start_interpolation: 0,interpolation_duration: 1}
$data merge entity $(bone_ice) {transformation: [-0.9785f,-0.0266f,0.2045f,-0.7509f,-0.0836f,0.9577f,-0.2755f,1.8756f,-0.1885f,-0.2867f,-0.9393f,-0.0186f,0f,0f,0f,1f],start_interpolation: 0,interpolation_duration: 1}
$data merge entity $(bone_righthand1) {transformation: [-0.9785f,-0.0266f,0.2045f,-0.9958f,-0.0836f,0.9577f,-0.2755f,2.0855f,-0.1885f,-0.2867f,-0.9393f,-0.1667f,0f,0f,0f,1f],start_interpolation: 0,interpolation_duration: 1}
$data merge entity $(bone_rightforearm) {transformation: [-0.9962f,-0.0087f,0.0866f,-0.941f,-0.0171f,0.9951f,-0.0973f,2.7878f,-0.0853f,-0.0984f,-0.9915f,-0.2151f,0f,0f,0f,1f],start_interpolation: 0,interpolation_duration: 1}
$data merge entity $(bone_rightelbow) {transformation: [-0.9959f,-0.0086f,0.0897f,-0.9426f,-0.0177f,0.9948f,-0.1007f,2.9743f,-0.0884f,-0.1019f,-0.9909f,-0.2342f,0f,0f,0f,1f],start_interpolation: 0,interpolation_duration: 1}
$data merge entity $(bone_rightarm) {transformation: [-0.9959f,-0.0352f,0.083f,-0.7449f,-0.0177f,0.979f,0.2031f,3.4613f,-0.0884f,0.2008f,-0.9756f,-0.084f,0f,0f,0f,1f],start_interpolation: 0,interpolation_duration: 1}
$data merge entity $(bone_chest1) {transformation: [-1.0821f,-0.0013f,0.0518f,0.0053f,0f,1.083f,0.0272f,3.3038f,-0.0518f,0.0272f,-1.0818f,-0.1623f,0f,0f,0f,1f],start_interpolation: 0,interpolation_duration: 1}
$data merge entity $(bone_chest1lid) {transformation: [-0.9989f,-0.0012f,0.0478f,-0.3536f,0f,0.9997f,0.0251f,2.6108f,-0.0478f,0.0251f,-0.9985f,0.195f,0f,0f,0f,1f],start_interpolation: 0,interpolation_duration: 1}
$data merge entity $(bone_chest2) {transformation: [-0.9989f,-0.0012f,0.0478f,-0.3535f,0f,0.9997f,0.0251f,2.4546f,-0.0478f,0.0251f,-0.9985f,0.191f,0f,0f,0f,1f],start_interpolation: 0,interpolation_duration: 1}
$data merge entity $(bone_chest1lid3) {transformation: [-0.9989f,-0.0012f,0.0478f,-0.2606f,0f,0.9997f,0.0251f,2.6269f,-0.0478f,0.0251f,-0.9985f,-0.4417f,0f,0f,0f,1f],start_interpolation: 0,interpolation_duration: 1}
$data merge entity $(bone_chest3) {transformation: [-0.9989f,-0.0012f,0.0478f,-0.2604f,0f,0.9997f,0.0251f,2.4707f,-0.0478f,0.0251f,-0.9985f,-0.4457f,0f,0f,0f,1f],start_interpolation: 0,interpolation_duration: 1}
$data merge entity $(bone_hugeasssword2) {transformation: [-0.1872f,2.8812f,-2.6465f,-1.2141f,-0.0984f,2.6452f,2.8868f,4.4704f,3.911f,0.2045f,-0.054f,-0.4566f,0f,0f,0f,1f],start_interpolation: 0,interpolation_duration: 1}
$data merge entity $(bone_belt) {transformation: [-0.9989f,-0.0012f,0.0478f,0.0315f,0f,0.9997f,0.0251f,2.9023f,-0.0478f,0.0251f,-0.9985f,-0.0401f,0f,0f,0f,1f],start_interpolation: 0,interpolation_duration: 1}
$data merge entity $(bone_torn_part) {transformation: [-0.9989f,-0.0144f,0.0456f,-0.0914f,0f,0.9537f,0.3007f,2.6194f,-0.0478f,0.3004f,-0.9526f,-0.0548f,0f,0f,0f,1f],start_interpolation: 0,interpolation_duration: 1}
$data merge entity $(bone_lowerbody) {transformation: [-0.9989f,0f,0.0478f,-0.0006f,0f,1f,0f,2.1311f,-0.0478f,0f,-0.9989f,0.0904f,0f,0f,0f,1f],start_interpolation: 0,interpolation_duration: 1}
$data merge entity $(bone_leftfoot) {transformation: [-0.9957f,-0.058f,0.0724f,0.3426f,-0.0313f,0.9447f,0.3263f,0.2319f,-0.0873f,0.3226f,-0.9425f,-0.0407f,0f,0f,0f,1f],start_interpolation: 0,interpolation_duration: 1}
$data merge entity $(bone_leftlowerleg) {transformation: [-0.9957f,-0.058f,0.0724f,0.2672f,-0.0313f,0.9447f,0.3263f,1.2299f,-0.0873f,0.3226f,-0.9425f,0.462f,0f,0f,0f,1f],start_interpolation: 0,interpolation_duration: 1}
$data merge entity $(bone_leftleg) {transformation: [-0.9957f,0.0186f,0.0909f,0.2534f,-0.0313f,0.8548f,-0.518f,2.1506f,-0.0873f,-0.5186f,-0.8505f,-0.0695f,0f,0f,0f,1f],start_interpolation: 0,interpolation_duration: 1}
$data merge entity $(bone_rightfoot) {transformation: [-0.9864f,0.0922f,0.1361f,-0.5468f,0.0575f,0.9691f,-0.2398f,0.3952f,-0.154f,-0.2287f,-0.9612f,0.8301f,0f,0f,0f,1f],start_interpolation: 0,interpolation_duration: 1}
$data merge entity $(bone_rightlowerleg) {transformation: [-0.9864f,0.0922f,0.1361f,-0.4654f,0.0575f,0.9691f,-0.2398f,1.5071f,-0.154f,-0.2287f,-0.9612f,0.7241f,0f,0f,0f,1f],start_interpolation: 0,interpolation_duration: 1}
$data merge entity $(bone_rightleg) {transformation: [-0.9767f,0.1806f,0.1159f,-0.246f,0.0123f,0.5861f,-0.8101f,2.1506f,-0.2143f,-0.7898f,-0.5747f,-0.0934f,0f,0f,0f,1f],start_interpolation: 0,interpolation_duration: 1}
data modify entity @s data merge value {"cameras":{},"locators":{"lefthand":{"posx":0.8985981120501866,"posy":1.7549360884253304,"posz":0.14593218694751983,"roty":4.199206579285686,"rotx":-10.442128385658581},"sword":{"posx":0.06646192646202587,"posy":0.8744634184426163,"posz":-3.489577874933931,"roty":194.8692801807488,"rotx":15.759322242832283},"righthand":{"posx":-0.8454316524265314,"posy":1.857088647835783,"posz":-0.017085288796734238,"roty":12.281419573382834,"rotx":-15.992149004347224},"chest":{"posx":-0.3922465621164862,"posy":2.5443504132835133,"posz":0.3479258431185913,"roty":2.7400692419825248,"rotx":1.4399999999999984}}}