# This file was generated by Animated Java via MC-Build. It is not recommended to edit this file directly.
$data merge entity $(bone_nose) {transformation: [-0.9999f,-0.0043f,-0.0166f,-0.0292f,-0.0049f,0.9993f,0.0371f,4.1929f,0.0164f,0.0372f,-0.9992f,0.2772f,0f,0f,0f,1f],start_interpolation: 0,interpolation_duration: 1}
$data merge entity $(bone_glowing_eye) {transformation: [-0.9999f,-0.0043f,-0.0166f,-0.1539f,-0.0049f,0.9993f,0.0371f,4.2586f,0.0164f,0.0372f,-0.9992f,0.3167f,0f,0f,0f,1f],start_interpolation: 0,interpolation_duration: 1}
$data merge entity $(bone_head) {transformation: [-0.9999f,-0.0043f,-0.0166f,-0.0318f,-0.0049f,0.9993f,0.0371f,4.0764f,0.0164f,0.0372f,-0.9992f,0.0855f,0f,0f,0f,1f],start_interpolation: 0,interpolation_duration: 1}
$data merge entity $(bone_leftthumb2) {transformation: [-0.4732f,0.0222f,0.8807f,0.5865f,-0.8263f,0.3355f,-0.4525f,2.9572f,-0.3055f,-0.9418f,-0.1404f,2.046f,0f,0f,0f,1f],start_interpolation: 0,interpolation_duration: 1}
$data merge entity $(bone_leftthumb) {transformation: [-0.4732f,0.0222f,0.8807f,0.6672f,-0.8263f,0.3355f,-0.4525f,3.0008f,-0.3055f,-0.9418f,-0.1404f,1.803f,0f,0f,0f,1f],start_interpolation: 0,interpolation_duration: 1}
$data merge entity $(bone_leftpointerfinger) {transformation: [-0.4732f,0.0222f,0.8807f,0.753f,-0.8263f,0.3355f,-0.4525f,2.9598f,-0.3055f,-0.9418f,-0.1404f,2.1389f,0f,0f,0f,1f],start_interpolation: 0,interpolation_duration: 1}
$data merge entity $(bone_leftmidfinger) {transformation: [-0.4732f,0.0222f,0.8807f,0.8906f,-0.8263f,0.3355f,-0.4525f,2.8892f,-0.3055f,-0.9418f,-0.1404f,2.1169f,0f,0f,0f,1f],start_interpolation: 0,interpolation_duration: 1}
$data merge entity $(bone_leftringfinger) {transformation: [-0.4732f,0.0222f,0.8807f,1.0282f,-0.8263f,0.3355f,-0.4525f,2.8185f,-0.3055f,-0.9418f,-0.1404f,2.095f,0f,0f,0f,1f],start_interpolation: 0,interpolation_duration: 1}
$data merge entity $(bone_invisibility) {transformation: [0.0989f,-0.8754f,0.4732f,0.6392f,0.2948f,0.48f,0.8263f,2.8557f,-0.9504f,0.0578f,0.3055f,1.983f,0f,0f,0f,1f],start_interpolation: 0,interpolation_duration: 1}
$data merge entity $(bone_swiftness) {transformation: [0.8807f,0.0222f,0.4732f,0.7766f,-0.4525f,0.3355f,0.8263f,2.6825f,-0.1404f,-0.9418f,0.3055f,2.0683f,0f,0f,0f,1f],start_interpolation: 0,interpolation_duration: 1}
$data merge entity $(bone_suspicious_stew) {transformation: [0.3923f,-0.7888f,0.4732f,0.8032f,0.1128f,0.5518f,0.8263f,2.7552f,-0.9129f,-0.2708f,0.3055f,2.0008f,0f,0f,0f,1f],start_interpolation: 0,interpolation_duration: 1}
$data merge entity $(bone_log) {transformation: [-0.4732f,0.0222f,0.8807f,0.8029f,-0.8263f,0.3355f,-0.4525f,2.6984f,-0.3055f,-0.9418f,-0.1404f,1.8478f,0f,0f,0f,1f],start_interpolation: 0,interpolation_duration: 1}
$data merge entity $(bone_planks) {transformation: [-0.4732f,0.0222f,0.8807f,0.7586f,-0.8263f,0.3355f,-0.4525f,2.621f,-0.3055f,-0.9418f,-0.1404f,1.8192f,0f,0f,0f,1f],start_interpolation: 0,interpolation_duration: 1}
$data merge entity $(bone_lefthand1) {transformation: [-0.4732f,0.0222f,0.8807f,0.8993f,-0.8263f,0.3355f,-0.4525f,3.003f,-0.3055f,-0.9418f,-0.1404f,1.6932f,0f,0f,0f,1f],start_interpolation: 0,interpolation_duration: 1}
$data merge entity $(bone_leftforearm) {transformation: [-0.9761f,0.0222f,0.216f,0.8505f,-0.1963f,0.3355f,-0.9214f,3.241f,-0.0929f,-0.9418f,-0.3231f,1.0302f,0f,0f,0f,1f],start_interpolation: 0,interpolation_duration: 1}
$data merge entity $(bone_leftelbow) {transformation: [-0.9936f,0.0059f,0.1125f,0.8516f,-0.0958f,0.4807f,-0.8716f,3.3312f,-0.0592f,-0.8769f,-0.4771f,0.8658f,0f,0f,0f,1f],start_interpolation: 0,interpolation_duration: 1}
$data merge entity $(bone_leftarm) {transformation: [-0.9936f,0.0059f,0.1125f,0.6337f,-0.0958f,0.4807f,-0.8716f,3.5778f,-0.0592f,-0.8769f,-0.4771f,0.4293f,0f,0f,0f,1f],start_interpolation: 0,interpolation_duration: 1}
$data merge entity $(bone_rightthumb2) {transformation: [0.0218f,-0.1854f,-0.9824f,-1.5984f,0.0855f,0.9794f,-0.1829f,2.4616f,0.9961f,-0.08f,0.0372f,-0.3457f,0f,0f,0f,1f],start_interpolation: 0,interpolation_duration: 1}
$data merge entity $(bone_rightthumb) {transformation: [0.0218f,-0.1854f,-0.9824f,-1.7278f,0.0855f,0.9794f,-0.1829f,2.6862f,0.9961f,-0.08f,0.0372f,-0.3622f,0f,0f,0f,1f],start_interpolation: 0,interpolation_duration: 1}
$data merge entity $(bone_rightpointerfinger) {transformation: [-0.9492f,-0.31f,0.0545f,-2.0553f,-0.3146f,0.9299f,-0.1905f,2.5737f,0.0084f,-0.198f,-0.9802f,-0.4063f,0f,0f,0f,1f],start_interpolation: 0,interpolation_duration: 1}
$data merge entity $(bone_rightmidfinger) {transformation: [-0.9006f,-0.4312f,0.0545f,-2.0467f,-0.4333f,0.8809f,-0.1905f,2.5439f,0.0341f,-0.1952f,-0.9802f,-0.5595f,0f,0f,0f,1f],start_interpolation: 0,interpolation_duration: 1}
$data merge entity $(bone_rightringfinger) {transformation: [-0.9348f,-0.3511f,0.0545f,-2.0382f,-0.3549f,0.9153f,-0.1905f,2.5142f,0.017f,-0.1974f,-0.9802f,-0.7126f,0f,0f,0f,1f],start_interpolation: 0,interpolation_duration: 1}
$data merge entity $(bone_hugeasssword) {transformation: [-2.2465f,3.2082f,-0.0234f,-1.7283f,3.1245f,2.1813f,-0.9053f,2.4542f,-0.7285f,-0.5379f,-3.8105f,-0.5084f,0f,0f,0f,1f],start_interpolation: 0,interpolation_duration: 1}
$data merge entity $(bone_ice) {transformation: [-0.581f,0.812f,0.0545f,-1.7319f,0.7923f,0.5797f,-0.1905f,2.4328f,-0.1863f,-0.0675f,-0.9802f,-0.5044f,0f,0f,0f,1f],start_interpolation: 0,interpolation_duration: 1}
$data merge entity $(bone_righthand1) {transformation: [-0.581f,0.812f,0.0545f,-1.6725f,0.7923f,0.5797f,-0.1905f,2.7698f,-0.1863f,-0.0675f,-0.9802f,-0.5985f,0f,0f,0f,1f],start_interpolation: 0,interpolation_duration: 1}
$data merge entity $(bone_rightforearm) {transformation: [-0.75f,0.6615f,0.0021f,-1.1605f,0.6394f,0.7257f,-0.254f,3.2441f,-0.1695f,-0.1891f,-0.9672f,-0.7058f,0f,0f,0f,1f],start_interpolation: 0,interpolation_duration: 1}
$data merge entity $(bone_rightelbow) {transformation: [-0.75f,0.5858f,0.3073f,-1.0507f,0.6394f,0.761f,0.1098f,3.3868f,-0.1695f,0.2789f,-0.9452f,-0.6535f,0f,0f,0f,1f],start_interpolation: 0,interpolation_duration: 1}
$data merge entity $(bone_rightarm) {transformation: [-0.75f,0.4662f,0.4692f,-0.6682f,0.6394f,0.6928f,0.3336f,3.5829f,-0.1695f,0.5502f,-0.8176f,-0.3157f,0f,0f,0f,1f],start_interpolation: 0,interpolation_duration: 1}
$data merge entity $(bone_chest1) {transformation: [-0.9402f,-0.0623f,0.5345f,0.0443f,0.0037f,1.0753f,0.1318f,3.4346f,-0.5381f,0.1162f,-0.933f,-0.0564f,0f,0f,0f,1f],start_interpolation: 0,interpolation_duration: 1}
$data merge entity $(bone_chest1lid) {transformation: [-0.8679f,-0.0575f,0.4934f,-0.4058f,0.0034f,0.9926f,0.1216f,2.7098f,-0.4967f,0.1072f,-0.8613f,0.0378f,0f,0f,0f,1f],start_interpolation: 0,interpolation_duration: 1}
$data merge entity $(bone_chest2) {transformation: [-0.8679f,-0.0575f,0.4934f,-0.3969f,0.0034f,0.9926f,0.1216f,2.5547f,-0.4967f,0.1072f,-0.8613f,0.021f,0f,0f,0f,1f],start_interpolation: 0,interpolation_duration: 1}
$data merge entity $(bone_chest1lid3) {transformation: [-0.8679f,-0.0575f,0.4934f,-0.0355f,0.0034f,0.9926f,0.1216f,2.7875f,-0.4967f,0.1072f,-0.8613f,-0.4829f,0f,0f,0f,1f],start_interpolation: 0,interpolation_duration: 1}
$data merge entity $(bone_chest3) {transformation: [-0.8679f,-0.0575f,0.4934f,-0.0265f,0.0034f,0.9926f,0.1216f,2.6324f,-0.4967f,0.1072f,-0.8613f,-0.4997f,0f,0f,0f,1f],start_interpolation: 0,interpolation_duration: 1}
$data merge entity $(bone_hugeasssword2) {transformation: [-1.9324f,2.3541f,-2.4626f,-0.9611f,-0.4764f,2.6166f,2.8752f,4.6227f,3.3733f,1.7181f,-1.0046f,-0.7721f,0f,0f,0f,1f],start_interpolation: 0,interpolation_duration: 1}
$data merge entity $(bone_belt) {transformation: [-0.8679f,-0.0575f,0.4934f,0.0304f,0.0034f,0.9926f,0.1216f,3.0232f,-0.4967f,0.1072f,-0.8613f,0.0296f,0f,0f,0f,1f],start_interpolation: 0,interpolation_duration: 1}
$data merge entity $(bone_torn_part) {transformation: [-0.8679f,-0.1829f,0.4618f,-0.0611f,0.0034f,0.9275f,0.3737f,2.7441f,-0.4967f,0.3259f,-0.8044f,-0.0611f,0f,0f,0f,1f],start_interpolation: 0,interpolation_duration: 1}
$data merge entity $(bone_lowerbody) {transformation: [-0.8679f,-0.0356f,0.4954f,-0.0286f,0.0034f,0.997f,0.0775f,2.2461f,-0.4967f,0.069f,-0.8652f,0.0754f,0f,0f,0f,1f],start_interpolation: 0,interpolation_duration: 1}
$data merge entity $(bone_leftfoot) {transformation: [-0.998f,-0.0621f,0.0072f,0.4263f,-0.0575f,0.9566f,0.2858f,0.2017f,-0.0246f,0.2848f,-0.9583f,-0.25f,0f,0f,0f,1f],start_interpolation: 0,interpolation_duration: 1}
$data merge entity $(bone_leftlowerleg) {transformation: [-0.998f,-0.0621f,0.0072f,0.3563f,-0.0575f,0.9566f,0.2858f,1.219f,-0.0246f,0.2848f,-0.9583f,0.2132f,0f,0f,0f,1f],start_interpolation: 0,interpolation_duration: 1}
$data merge entity $(bone_leftleg) {transformation: [-0.998f,-0.0518f,0.035f,0.2691f,-0.0575f,0.9804f,-0.1882f,2.2638f,-0.0246f,-0.1898f,-0.9815f,0.0363f,0f,0f,0f,1f],start_interpolation: 0,interpolation_duration: 1}
$data merge entity $(bone_rightfoot) {transformation: [-0.7915f,0.0046f,0.6112f,-0.2402f,-0.0048f,0.9999f,-0.0138f,0.1123f,-0.6112f,-0.0139f,-0.7914f,-0.1434f,0f,0f,0f,1f],start_interpolation: 0,interpolation_duration: 1}
$data merge entity $(bone_rightlowerleg) {transformation: [-0.7915f,0.0046f,0.6112f,-0.329f,-0.0048f,0.9999f,-0.0138f,1.2236f,-0.6112f,-0.0139f,-0.7914f,-0.0372f,0f,0f,0f,1f],start_interpolation: 0,interpolation_duration: 1}
$data merge entity $(bone_rightleg) {transformation: [-0.7915f,0.1368f,0.5957f,-0.1745f,-0.0048f,0.9732f,-0.2299f,2.2638f,-0.6112f,-0.1849f,-0.7696f,-0.1944f,0f,0f,0f,1f],start_interpolation: 0,interpolation_duration: 1}
data modify entity @s data merge value {"cameras":{},"locators":{"lefthand":{"posx":0.8318040502063775,"posy":2.7567741709793108,"posz":1.9522539062457667,"roty":80.94096523262668,"rotx":-26.90157402894344},"sword":{"posx":-1.7765631746559427,"posy":3.3550599657179214,"posz":3.0841439070189085,"roty":359.64768661902144,"rotx":-13.363807934291604},"righthand":{"posx":-1.7999300514652756,"posy":2.500981662639261,"posz":-0.5055317819817733,"roty":3.1833365302126424,"rotx":-10.98280984543925},"chest":{"posx":-0.506462445165238,"posy":2.6288792557477376,"posz":0.15013168984118302,"roty":29.806423682524184,"rotx":6.986724891140138}}}