# This file was generated by Animated Java via MC-Build. It is not recommended to edit this file directly.
$data merge entity $(bone_nose) { transformation: [-0.9470072756459964f,-0.024438663289497148f,0.320281082192143f,-0.4569894983286745f,-0.03002563379347037f,0.9994707605488002f,-0.01251639418135847f,4.192530314971961f,-0.3198056928649771f,-0.021469758839477396f,-0.9472398683894838f,2.1806426452041823f,0f,0f,0f,1f], start_interpolation: 0, interpolation_duration: 1 }
$data merge entity $(bone_glowing_eye) { transformation: [-0.9470072756459964f,-0.024438663289497148f,0.320281082192143f,-0.5881965123920334f,-0.03002563379347037f,0.9994707605488002f,-0.01251639418135847f,4.256886169334565f,-0.3198056928649771f,-0.021469758839477396f,-0.9472398683894838f,2.1722677837132056f,0f,0f,0f,1f], start_interpolation: 0, interpolation_duration: 1 }
$data merge entity $(bone_head) { transformation: [-0.9470072756459964f,-0.024438663289497148f,0.320281082192143f,-0.39399765451062047f,-0.03002563379347037f,0.9994707605488002f,-0.01251639418135847f,4.0667750314130915f,-0.3198056928649771f,-0.021469758839477396f,-0.9472398683894838f,2.0059182623774117f,0f,0f,0f,1f], start_interpolation: 0, interpolation_duration: 1 }
$data merge entity $(bone_leftthumb2) { transformation: [-0.10216187299755239f,0.03606968420345528f,0.994113640177568f,-0.06437436938491568f,-0.9800328184987949f,-0.17501711134668418f,-0.09436464062969219f,3.6188915125556806f,0.17058319486672935f,-0.983904461122789f,0.053229550174071875f,4.290545932807427f,0f,0f,0f,1f], start_interpolation: 0, interpolation_duration: 1 }
$data merge entity $(bone_leftthumb) { transformation: [-0.10216187299755239f,0.03606968420345528f,0.994113640177568f,0.029425916548824704f,-0.9800328184987949f,-0.17501711134668418f,-0.09436464062969219f,3.5679057123496296f,0.17058319486672935f,-0.983904461122789f,0.053229550174071875f,4.053799607284522f,0f,0f,0f,1f], start_interpolation: 0, interpolation_duration: 1 }
$data merge entity $(bone_leftpointerfinger) { transformation: [-0.10216187299755239f,0.03606968420345528f,0.994113640177568f,0.07536358316199673f,-0.9800328184987949f,-0.17501711134668418f,-0.09436464062969219f,3.7281009490040495f,0.17058319486672935f,-0.983904461122789f,0.053229550174071875f,4.360480856816298f,0f,0f,0f,1f], start_interpolation: 0, interpolation_duration: 1 }
$data merge entity $(bone_leftmidfinger) { transformation: [-0.10216187299755239f,0.03606968420345528f,0.994113640177568f,0.23069383943974173f,-0.9800328184987949f,-0.17501711134668418f,-0.09436464062969219f,3.71335647390566f,0.17058319486672935f,-0.983904461122789f,0.053229550174071875f,4.368797974030997f,0f,0f,0f,1f], start_interpolation: 0, interpolation_duration: 1 }
$data merge entity $(bone_leftringfinger) { transformation: [-0.10216187299755239f,0.03606968420345528f,0.994113640177568f,0.38602409571748675f,-0.9800328184987949f,-0.17501711134668418f,-0.09436464062969219f,3.6986119988072708f,0.17058319486672935f,-0.983904461122789f,0.053229550174071875f,4.377115091245695f,0f,0f,0f,1f], start_interpolation: 0, interpolation_duration: 1 }
$data merge entity $(bone_invisibility) { transformation: [0.12257514085057974f,-0.9871870575281527f,0.10216187299755258f,0.029087302429159585f,-0.18257553874209628f,0.07875180834966243f,0.9800328184987946f,3.5281511940016594f,-0.9755211466177931f,-0.13877991976711007f,-0.17058319486672938f,4.283187231975565f,0f,0f,0f,1f], start_interpolation: 0, interpolation_duration: 1 }
$data merge entity $(bone_swiftness) { transformation: [0.994113640177568f,0.03606968420345528f,0.10216187299755261f,0.20527825644381917f,-0.09436464062969241f,-0.17501711134668418f,0.9800328184987949f,3.483114922383712f,0.05322955017407191f,-0.983904461122789f,-0.17058319486672935f,4.435289545918154f,0f,0f,0f,1f], start_interpolation: 0, interpolation_duration: 1 }
$data merge entity $(bone_suspicious_stew) { transformation: [0.4528208142541074f,-0.88572922605268f,0.10216187299755242f,0.21379284351541664f,-0.19849959127086664f,0.011557981251391083f,0.9800328184987951f,3.518661750977968f,-0.8692244948478769f,-0.464058348901852f,-0.1705831948667295f,4.339288294248334f,0f,0f,0f,1f], start_interpolation: 0, interpolation_duration: 1 }
$data merge entity $(bone_log) { transformation: [-0.10216187299755239f,0.03606968420345528f,0.994113640177568f,0.2553229553306515f,-0.9800328184987949f,-0.17501711134668418f,-0.09436464062969219f,3.4004831927958534f,0.17058319486672935f,-0.983904461122789f,0.053229550174071875f,4.234787546291151f,0f,0f,0f,1f], start_interpolation: 0, interpolation_duration: 1 }
$data merge entity $(bone_planks) { transformation: [-0.10216187299755239f,0.03606968420345528f,0.994113640177568f,0.24574527973713095f,-0.9800328184987949f,-0.17501711134668418f,-0.09436464062969219f,3.3086051160615915f,0.17058319486672935f,-0.983904461122789f,0.053229550174071875f,4.250779720809907f,0f,0f,0f,1f], start_interpolation: 0, interpolation_duration: 1 }
$data merge entity $(bone_lefthand) { transformation: [-0.10216187299755239f,0.03606968420345528f,0.994113640177568f,0.2588147933753544f,-0.9800328184987949f,-0.17501711134668418f,-0.09436464062969219f,3.6046860146035593f,0.17058319486672935f,-0.983904461122789f,0.053229550174071875f,3.9445022088508317f,0f,0f,0f,1f], start_interpolation: 0, interpolation_duration: 1 }
$data merge entity $(bone_leftforearm) { transformation: [-0.978548988416903f,0.03606968420345528f,0.20283208609517123f,0.2198477269596154f,-0.20601281733443944f,-0.17501711134668418f,-0.9627708605009759f,3.4837946017998473f,0.0007722448982399859f,-0.983904461122789f,0.1786936345270635f,3.2499505618905253f,0f,0f,0f,1f], start_interpolation: 0, interpolation_duration: 1 }
$data merge entity $(bone_leftelbow) { transformation: [-0.9973969718087103f,0.02864722600471331f,0.0661711195994878f,0.22521908183549916f,-0.06673660129682338f,-0.019254172065797284f,-0.9975848349415752f,3.4801844445375103f,-0.027303968102890652f,-0.9994041291190945f,0.02111587141324657f,3.062562287680695f,0f,0f,0f,1f], start_interpolation: 0, interpolation_duration: 1 }
$data merge entity $(bone_leftarm) { transformation: [-0.9973969718087103f,0.02864722600471331f,0.0661711195994878f,0.019294259767216437f,-0.06673660129682338f,-0.019254172065797284f,-0.9975848349415752f,3.4871332530628556f,-0.027303968102890652f,-0.9994041291190945f,0.02111587141324657f,2.5562276091169767f,0f,0f,0f,1f], start_interpolation: 0, interpolation_duration: 1 }
$data merge entity $(bone_rightthumb2) { transformation: [0.5405706191694438f,-0.5422878443344702f,-0.6432008236762737f,-0.364021597470619f,-0.19966697328356398f,-0.8253862309141049f,0.5280820671043361f,4.521742469607577f,-0.8172615893767085f,-0.15703968830993337f,-0.5544565184259037f,0.12303935958045707f,0f,0f,0f,1f], start_interpolation: 0, interpolation_duration: 1 }
$data merge entity $(bone_rightthumb) { transformation: [0.5405706191694438f,-0.5422878443344702f,-0.6432008236762737f,-0.5519799585241305f,-0.19966697328356398f,-0.8253862309141049f,0.5280820671043361f,4.364451260122194f,-0.8172615893767085f,-0.15703968830993337f,-0.5544565184259037f,0.037144085896726575f,0f,0f,0f,1f], start_interpolation: 0, interpolation_duration: 1 }
$data merge entity $(bone_rightpointerfinger) { transformation: [-0.5861691006373441f,-0.682668038430405f,-0.4363142614716936f,-0.7789986933596512f,0.6404859865153087f,-0.7202582793062133f,0.26646897036684153f,4.594375104120102f,-0.49616880850726525f,-0.12325729348170517f,0.8594324598640922f,-0.09485474693866247f,0f,0f,0f,1f], start_interpolation: 0, interpolation_duration: 1 }
$data merge entity $(bone_rightmidfinger) { transformation: [-0.49204828311635f,-0.7533381394292086f,-0.4363142614716936f,-0.8471727967146034f,0.7290191107253448f,-0.6304961728899413f,0.26646897036684153f,4.636010880739922f,-0.47583571038697786f,-0.1869658355220934f,0.8594324598640922f,0.03943157491510195f,0f,0f,0f,1f], start_interpolation: 0, interpolation_duration: 1 }
$data merge entity $(bone_rightringfinger) { transformation: [-0.5558336359277456f,-0.7075866267869625f,-0.4363142614716936f,-0.9153469000695555f,0.671293610664369f,-0.6916351466726006f,0.26646897036684153f,4.67764665735974f,-0.49032015811359125f,-0.1447825593067663f,0.8594324598640922f,0.17371789676886634f,0f,0f,0f,1f], start_interpolation: 0, interpolation_duration: 1 }
$data merge entity $(bone_hugeasssword) { transformation: [-3.5899846936919872f,-0.012686642896820312f,1.5659267945619366f,-0.5487371961681023f,-0.5047808349142812f,3.7168609134203536f,-1.1271286691274565f,4.59508094617105f,-1.482391306483634f,-1.234933916109604f,-3.4084794285842035f,0.1854503396600386f,0f,0f,0f,1f], start_interpolation: 0, interpolation_duration: 1 }
$data merge entity $(bone_ice) { transformation: [-0.8273365280369726f,0.3537571689904494f,-0.4363142614716936f,-0.5413375186830004f,-0.4943246792447174f,-0.8274281837846972f,0.26646897036684153f,4.615733334655886f,-0.26675340834811095f,0.4361404201247809f,0.8594324598640922f,0.18280366760102812f,0f,0f,0f,1f], start_interpolation: 0, interpolation_duration: 1 }
$data merge entity $(bone_righthand) { transformation: [-0.8273365280369726f,0.3537571689904494f,-0.4363142614716936f,-0.6733671791156216f,-0.4943246792447174f,-0.8274281837846972f,0.26646897036684153f,4.293622274222495f,-0.26675340834811095f,0.4361404201247809f,0.8594324598640922f,0.2520076849159485f,0f,0f,0f,1f], start_interpolation: 0, interpolation_duration: 1 }
$data merge entity $(bone_rightforearm) { transformation: [0.9626173139742228f,0.2243695829127381f,0.1517438535843108f,-0.5781418959657464f,0.26587997469461255f,-0.8896893858971914f,-0.37116119904735595f,3.6572413200802343f,0.051727612485451754f,0.3976318484294772f,-0.9160857859508094f,0.5426734429680653f,0f,0f,0f,1f], start_interpolation: 0, interpolation_duration: 1 }
$data merge entity $(bone_rightelbow) { transformation: [0.8878674769665402f,0.2380719558318103f,0.39371701409957754f,-0.5335034042472819f,0.4202465147346339f,-0.07125424631402791f,-0.9046080362431085f,3.643881148896354f,-0.18730779534889508f,0.9686302577498992f,-0.16331323759236416f,0.7242916162961713f,0f,0f,0f,1f], start_interpolation: 0, interpolation_duration: 1 }
$data merge entity $(bone_rightarm) { transformation: [0.8878674769665402f,0.10866027027133204f,0.44708420796269627f,-0.6873656611968808f,0.4202465147346339f,0.20406450025399658f,-0.8841665830540532f,3.68161467964559f,-0.18730779534889508f,0.9729083335035462f,0.13551813310730326f,1.247484421620912f,0f,0f,0f,1f], start_interpolation: 0, interpolation_duration: 1 }
$data merge entity $(bone_chest) { transformation: [-0.5103654984740702f,-0.18453417937231187f,0.9375954915216967f,-0.21256260730571336f,0.14045880808753058f,1.0369094575193794f,0.28053736159129916f,3.4597471737212446f,-0.9452034131916023f,0.25372627901217587f,-0.4645692565599789f,1.8150838727557583f,0f,0f,0f,1f], start_interpolation: 0, interpolation_duration: 1 }
$data merge entity $(bone_chest1lid) { transformation: [-0.47110661397606485f,-0.17033924249751867f,0.8654727614046432f,-0.595669077556879f,0.12965428438848978f,0.9571471915563503f,0.25895756454581464f,2.748517868708585f,-0.8724954583307098f,0.2342088729343162f,-0.428833159901519f,1.524931291251736f,0f,0f,0f,1f], start_interpolation: 0, interpolation_duration: 1 }
$data merge entity $(bone_chest1) { transformation: [-0.47110661397606485f,-0.17033924249751867f,0.8654727614046432f,-0.5690535709166418f,0.12965428438848978f,0.9571471915563503f,0.25895756454581464f,2.5989636200279054f,-0.8724954583307098f,0.2342088729343162f,-0.428833159901519f,1.4883361548557492f,0f,0f,0f,1f], start_interpolation: 0, interpolation_duration: 1 }
$data merge entity $(bone_chest1lid3) { transformation: [-0.47110661397606485f,-0.17033924249751867f,0.8654727614046432f,-0.011781426408525447f,0.12965428438848978f,0.9571471915563503f,0.25895756454581464f,2.906309165721467f,-0.8724954583307098f,0.2342088729343162f,-0.428833159901519f,1.3047410143354947f,0f,0f,0f,1f], start_interpolation: 0, interpolation_duration: 1 }
$data merge entity $(bone_chest3) { transformation: [-0.47110661397606485f,-0.17033924249751867f,0.8654727614046432f,0.014834080231711844f,0.12965428438848978f,0.9571471915563503f,0.25895756454581464f,2.7567549170407872f,-0.8724954583307098f,0.2342088729343162f,-0.428833159901519f,1.2681458779395078f,0f,0f,0f,1f], start_interpolation: 0, interpolation_duration: 1 }
$data merge entity $(bone_hugeasssword2) { transformation: [-3.38976831550152f,0.9096720965491681f,-1.7384605896480962f,-0.7613448843123147f,-1.0142504611377738f,2.158271742085803f,3.1069980475007553f,4.798672251907295f,1.6795965429476156f,3.139209700203465f,-1.632358933826952f,0.8982658719632212f,0f,0f,0f,1f], start_interpolation: 0, interpolation_duration: 1 }
$data merge entity $(bone_belt) { transformation: [-0.47110661397606485f,-0.17033924249751867f,0.8654727614046432f,-0.24291496902906218f,0.12965428438848978f,0.9571471915563503f,0.25895756454581464f,3.0404358756545373f,-0.8724954583307098f,0.2342088729343162f,-0.428833159901519f,1.8058717240248505f,0f,0f,0f,1f], start_interpolation: 0, interpolation_duration: 1 }
$data merge entity $(bone_torn_part) { transformation: [-0.47110661397606485f,-0.38672161550483364f,0.7927830411716301f,-0.25415330222414595f,0.12965428438848978f,0.8586477923606667f,0.495896899782467f,2.7868141780895512f,-0.8724954583307098f,0.33640802721618435f,-0.354374539741217f,1.6327541333683957f,0f,0f,0f,1f], start_interpolation: 0, interpolation_duration: 1 }
$data merge entity $(bone_lowerbody) { transformation: [-0.47110661397606485f,-0.13042850169875417f,0.8723800572070782f,-0.26713945065269645f,0.12965428438848978f,0.9680260280176888f,0.21474490825164017f,2.271285165163839f,-0.8724954583307098f,0.21427555862700443f,-0.43913285024849785f,1.6750850874263572f,0f,0f,0f,1f], start_interpolation: 0, interpolation_duration: 1 }
$data merge entity $(bone_leftfoot) { transformation: [-0.852041446325057f,0.018214689053597244f,0.5231573366082003f,-0.0845776338290058f,-0.051635000232542624f,0.9915962828284207f,-0.11861972277763927f,0.25008782291405285f,-0.5209214916811269f,-0.12808214935555778f,-0.8439406155181598f,2.119805731423412f,0f,0f,0f,1f], start_interpolation: 0, interpolation_duration: 1 }
$data merge entity $(bone_leftlowerleg) { transformation: [-0.852041446325057f,0.018214689053597244f,0.5231573366082003f,-0.14475154911667368f,-0.051635000232542624f,0.9915962828284207f,-0.11861972277763927f,1.368365350620329f,-0.5209214916811269f,-0.12808214935555778f,-0.8439406155181598f,2.1073823803162623f,0f,0f,0f,1f], start_interpolation: 0, interpolation_duration: 1 }
$data merge entity $(bone_leftleg) { transformation: [-0.852041446325057f,0.20088829069013464f,0.48339349231025136f,0.029477491641379333f,-0.051635000232542624f,0.8866768183402288f,-0.4594976023539558f,2.3208120554728566f,-0.5209214916811269f,-0.4164710247804098f,-0.7451125317850084f,1.6680072472857201f,0f,0f,0f,1f], start_interpolation: 0, interpolation_duration: 1 }
$data merge entity $(bone_rightfoot) { transformation: [-0.4044477576519644f,-0.1654686728719426f,0.8994676923760496f,-0.21603628579514023f,0.18559484007193708f,0.9481827909872766f,0.2578835981877292f,0.271514235524394f,-0.895531443707573f,0.2712370055386546f,-0.3527802717804018f,0.8597006220291803f,0f,0f,0f,1f], start_interpolation: 0, interpolation_duration: 1 }
$data merge entity $(bone_rightlowerleg) { transformation: [-0.4044477576519644f,-0.1654686728719426f,0.8994676923760496f,-0.5378023705248774f,0.18559484007193708f,0.9481827909872766f,0.2578835981877292f,1.2837818326551016f,-0.895531443707573f,0.2712370055386546f,-0.3527802717804018f,1.2148073203939949f,0f,0f,0f,1f], start_interpolation: 0, interpolation_duration: 1 }
$data merge entity $(bone_rightleg) { transformation: [-0.4044477576519644f,0.14765579078763016f,0.902562894637918f,-0.39178353046819536f,0.18559484007193708f,0.9795976064167038f,-0.07709140575535356f,2.3208120554728566f,-0.895531443707573f,0.13633156989319845f,-0.4236002081933934f,1.3986763146931263f,0f,0f,0f,1f], start_interpolation: 0, interpolation_duration: 1 }
data modify entity @s data merge value {"locators":{"lefthand":{"posx":0.24654966121800256,"posy":3.5075089288639143,"posz":4.294831196076143,"roty":93.06496037492562,"rotx":-5.414752122432865},"righthand":{"posx":-0.6176103636164472,"posy":4.578155383686347,"posz":0.13755220931856657,"roty":206.9158662178103,"rotx":15.45425754248168},"chest":{"posx":-0.7349750755570117,"posy":2.65228574616317,"posz":1.550032934855119,"roty":63.642041435045954,"rotx":15.008216709587597},"sack":{"posx":0,"posy":-0.4375,"posz":0,"roty":0,"rotx":0}},"cameras":{}}