# This file was generated by Animated Java via MC-Build. It is not recommended to edit this file directly.
$data merge entity $(bone_nose) { transformation: [-0.9979796125628948f,0.0007047588082526868f,0.0635310650299237f,0.015284970309490588f,0.003741598445726871f,0.9988549584248103f,0.047694574861738614f,4.178316344134044f,-0.0634247061474087f,0.047835921076041205f,-0.9968395213397799f,3.0440932693699367f,0f,0f,0f,1f], start_interpolation: 0, interpolation_duration: 1 }
$data merge entity $(bone_glowing_eye) { transformation: [-0.9979796125628948f,0.0007047588082526868f,0.0635310650299237f,-0.11163171958452206f,0.003741598445726871f,0.9988549584248103f,0.047694574861738614f,4.244750308322747f,-0.0634247061474087f,0.047835921076041205f,-0.9968395213397799f,3.0741893997470697f,0f,0f,0f,1f], start_interpolation: 0, interpolation_duration: 1 }
$data merge entity $(bone_head) { transformation: [-0.9979796125628948f,0.0007047588082526868f,0.0635310650299237f,0.027094458476397184f,0.003741598445726871f,0.9988549584248103f,0.047694574861738614f,4.063911902905228f,-0.0634247061474087f,0.047835921076041205f,-0.9968395213397799f,2.85152345475424f,0f,0f,0f,1f], start_interpolation: 0, interpolation_duration: 1 }
$data merge entity $(bone_leftthumb2) { transformation: [-0.7218752211859589f,-0.22283404771569773f,0.6551649809142432f,1.126059858942031f,-0.30053728439829386f,0.9537461711135029f,-0.006751427466259063f,1.9464029903736508f,-0.6233566440844451f,-0.20177519239235342f,-0.7554556677997769f,2.851929245290371f,0f,0f,0f,1f], start_interpolation: 0, interpolation_duration: 1 }
$data merge entity $(bone_leftthumb) { transformation: [-0.7218752211859589f,-0.22283404771569773f,0.6551649809142432f,1.127400241351593f,-0.30053728439829386f,0.9537461711135029f,-0.006751427466259063f,2.1797251256302563f,-0.6233566440844451f,-0.20177519239235342f,-0.7554556677997769f,2.73788603993909f,0f,0f,0f,1f], start_interpolation: 0, interpolation_duration: 1 }
$data merge entity $(bone_leftpointerfinger) { transformation: [-0.7218752211859589f,-0.22283404771569773f,0.6551649809142432f,1.3101836240558757f,-0.30053728439829386f,0.9537461711135029f,-0.006751427466259063f,1.8993319555522206f,-0.6233566440844451f,-0.20177519239235342f,-0.7554556677997769f,2.8368611734614526f,0f,0f,0f,1f], start_interpolation: 0, interpolation_duration: 1 }
$data merge entity $(bone_leftmidfinger) { transformation: [-0.7218752211859589f,-0.22283404771569773f,0.6551649809142432f,1.4125531523237262f,-0.30053728439829386f,0.9537461711135029f,-0.006751427466259063f,1.8982770450106177f,-0.6233566440844451f,-0.20177519239235342f,-0.7554556677997769f,2.7188212253677375f,0f,0f,0f,1f], start_interpolation: 0, interpolation_duration: 1 }
$data merge entity $(bone_leftringfinger) { transformation: [-0.7218752211859589f,-0.22283404771569773f,0.6551649809142432f,1.5149226805915768f,-0.30053728439829386f,0.9537461711135029f,-0.006751427466259063f,1.8972221344690148f,-0.6233566440844451f,-0.20177519239235342f,-0.7554556677997769f,2.6007812772740224f,0f,0f,0f,1f], start_interpolation: 0, interpolation_duration: 1 }
$data merge entity $(bone_invisibility) { transformation: [-0.16488470635486513f,-0.6720931473002774f,0.7218752211859589f,1.1299856404610338f,0.9495284533131453f,0.08985019218257079f,0.30053728439829386f,1.9475081843014006f,-0.2668496767077221f,0.7349950641444895f,0.6233566440844448f,2.7215206306464483f,0f,0f,0f,1f], start_interpolation: 0, interpolation_duration: 1 }
$data merge entity $(bone_swiftness) { transformation: [0.6551649809142431f,-0.22283404771569773f,0.721875221185959f,1.2454070473882841f,-0.00675142746625913f,0.9537461711135029f,0.30053728439829386f,1.8014360446655944f,-0.755455667799777f,-0.20177519239235342f,0.6233566440844449f,2.5747300969268556f,0f,0f,0f,1f], start_interpolation: 0, interpolation_duration: 1 }
$data merge entity $(bone_suspicious_stew) { transformation: [0.07492845272572277f,-0.687954861898549f,0.721875221185959f,1.2632744203691277f,0.8615343051964981f,0.40918942026412f,0.300537284398294f,1.9015354398805315f,-0.5021397892437093f,0.599401473416659f,0.6233566440844452f,2.5893309050773814f,0f,0f,0f,1f], start_interpolation: 0, interpolation_duration: 1 }
$data merge entity $(bone_log) { transformation: [-0.7218752211859589f,-0.22283404771569773f,0.6551649809142432f,1.198455220898837f,-0.30053728439829386f,0.9537461711135029f,-0.006751427466259063f,1.9922618676948984f,-0.6233566440844451f,-0.20177519239235342f,-0.7554556677997769f,2.470257336217306f,0f,0f,0f,1f], start_interpolation: 0, interpolation_duration: 1 }
$data merge entity $(bone_planks) { transformation: [-0.7218752211859589f,-0.22283404771569773f,0.6551649809142432f,1.1307794189126534f,-0.30053728439829386f,0.9537461711135029f,-0.006751427466259063f,1.9640864972825585f,-0.6233566440844451f,-0.20177519239235342f,-0.7554556677997769f,2.411817650834389f,0f,0f,0f,1f], start_interpolation: 0, interpolation_duration: 1 }
$data merge entity $(bone_lefthand) { transformation: [-0.7218752211859589f,-0.22283404771569773f,0.6551649809142432f,1.3027416086128323f,-0.30053728439829386f,0.9537461711135029f,-0.006751427466259063f,2.3060437136811682f,-0.6233566440844451f,-0.20177519239235342f,-0.7554556677997769f,2.599260688759072f,0f,0f,0f,1f], start_interpolation: 0, interpolation_duration: 1 }
$data merge entity $(bone_leftforearm) { transformation: [-0.9746467637159666f,-0.22283404771569773f,-0.020215666118894415f,1.0854618658635922f,-0.21366961717745314f,0.9537461711135029f,-0.2114557537206631f,2.9665961353236443f,0.06640015567175359f,-0.20177519239235342f,-0.9771784847517855f,2.47680593016193f,0f,0f,0f,1f], start_interpolation: 0, interpolation_duration: 1 }
$data merge entity $(bone_leftelbow) { transformation: [-0.960002899961789f,-0.1857522066030652f,-0.20950071552872357f,1.0506333271255175f,-0.19751714478407187f,0.9796189975399056f,0.03651844979265695f,3.1502746973623768f,0.1984474982994318f,0.07643780086451324f,-0.9771263239815484f,2.491138017824026f,0f,0f,0f,1f], start_interpolation: 0, interpolation_duration: 1 }
$data merge entity $(bone_leftarm) { transformation: [-0.960002899961789f,-0.1857522066030652f,-0.20950071552872357f,0.7543034868176162f,-0.19751714478407187f,0.9796189975399056f,0.03651844979265695f,3.595736119154793f,0.1984474982994318f,0.07643780086451324f,-0.9771263239815484f,2.6033025061337067f,0f,0f,0f,1f], start_interpolation: 0, interpolation_duration: 1 }
$data merge entity $(bone_rightthumb2) { transformation: [-0.8824768886368191f,-0.4575532513002133f,-0.10899340918827732f,-0.5170775676087551f,-0.3891173638594901f,0.8403668675702862f,-0.37732109009853454f,2.050249188754489f,0.26423894142408405f,-0.2905659135458062f,-0.9196462535781735f,3.4835187218433377f,0f,0f,0f,1f], start_interpolation: 0, interpolation_duration: 1 }
$data merge entity $(bone_rightthumb) { transformation: [-0.8824768886368191f,-0.4575532513002133f,-0.10899340918827732f,-0.6386033751064549f,-0.3891173638594901f,0.8403668675702862f,-0.37732109009853454f,2.224097943217499f,0.26423894142408405f,-0.2905659135458062f,-0.9196462535781735f,3.3336689410754237f,0f,0f,0f,1f], start_interpolation: 0, interpolation_duration: 1 }
$data merge entity $(bone_rightpointerfinger) { transformation: [-0.8824768886368191f,-0.4575532513002133f,-0.10899340918827732f,-0.5900986902739249f,-0.3891173638594901f,0.8403668675702862f,-0.37732109009853454f,1.8881059270254985f,0.26423894142408405f,-0.2905659135458062f,-0.9196462535781735f,3.4148035975394238f,0f,0f,0f,1f], start_interpolation: 0, interpolation_duration: 1 }
$data merge entity $(bone_rightmidfinger) { transformation: [-0.8824768886368191f,-0.4575532513002133f,-0.10899340918827732f,-0.6071289104595933f,-0.3891173638594901f,0.8403668675702862f,-0.37732109009853454f,1.8291495066976025f,0.26423894142408405f,-0.2905659135458062f,-0.9196462535781735f,3.271108870417834f,0f,0f,0f,1f], start_interpolation: 0, interpolation_duration: 1 }
$data merge entity $(bone_rightringfinger) { transformation: [-0.8824768886368191f,-0.4575532513002133f,-0.10899340918827732f,-0.6241591306452616f,-0.3891173638594901f,0.8403668675702862f,-0.37732109009853454f,1.7701930863697064f,0.26423894142408405f,-0.2905659135458062f,-0.9196462535781735f,3.1274141432962446f,0f,0f,0f,1f], start_interpolation: 0, interpolation_duration: 1 }
$data merge entity $(bone_hugeasssword) { transformation: [-2.521630588034687f,2.984231146635406f,0.27571981923095107f,-0.46395846906722726f,-2.725826115231658f,-2.433551278088371f,1.4099567171418133f,2.1091039684807837f,1.24560384745179f,0.7158703920007881f,3.6436627745783094f,3.1562686731252287f,0f,0f,0f,1f], start_interpolation: 0, interpolation_duration: 1 }
$data merge entity $(bone_ice) { transformation: [-0.8824768886368191f,-0.4575532513002133f,-0.10899340918827732f,-0.44302049813071115f,-0.3891173638594901f,0.8403668675702862f,-0.37732109009853454f,2.1020531949853023f,0.26423894142408405f,-0.2905659135458062f,-0.9196462535781735f,3.1566800320646307f,0f,0f,0f,1f], start_interpolation: 0, interpolation_duration: 1 }
$data merge entity $(bone_righthand) { transformation: [-0.8824768886368191f,-0.4575532513002133f,-0.10899340918827732f,-0.7814340771521029f,-0.3891173638594901f,0.8403668675702862f,-0.37732109009853454f,2.2030742868474222f,0.26423894142408405f,-0.2905659135458062f,-0.9196462535781735f,3.1213593436098823f,0f,0f,0f,1f], start_interpolation: 0, interpolation_duration: 1 }
$data merge entity $(bone_rightforearm) { transformation: [-0.5957089897526874f,-0.21382499809216016f,-0.7742155189084755f,-0.8824508495931651f,-0.03685011504759425f,0.9701741737182135f,-0.2395916143590192f,2.8912747539078754f,0.8023545778200628f,-0.1141969475996165f,-0.5858209526895729f,3.0000709061009228f,0f,0f,0f,1f], start_interpolation: 0, interpolation_duration: 1 }
$data merge entity $(bone_rightelbow) { transformation: [-0.553774821633244f,-0.1485764912314235f,-0.8193036513884381f,-0.9103089416990571f,-0.003786572872602978f,0.9843909563741862f,-0.17595484328257596f,3.0758480582280354f,0.8326578581812274f,-0.09433700897354177f,-0.5456935219946967f,2.9823827169183836f,0f,0f,0f,1f], start_interpolation: 0, interpolation_duration: 1 }
$data merge entity $(bone_rightarm) { transformation: [-0.553774821633244f,0.10466944135742662f,-0.8260615927223544f,-0.711021554015498f,-0.003786572872602978f,0.9917409830832559f,0.12820095295643516f,3.5685405828056567f,0.8326578581812274f,0.0741224022747635f,-0.5488048475460733f,2.8544501630644366f,0f,0f,0f,1f], start_interpolation: 0, interpolation_duration: 1 }
$data merge entity $(bone_chest) { transformation: [-1.0675850182040996f,0.03627435507671428f,-0.18043700058754955f,-0.010783547124204521f,-0.01981372484555114f,1.03325880518262f,0.3249534873354044f,3.462101416019891f,0.1829774749115521f,0.3235297880991246f,-1.0175749756153787f,2.579110798666047f,0f,0f,0f,1f], start_interpolation: 0, interpolation_duration: 1 }
$data merge entity $(bone_chest1lid) { transformation: [-0.9854630937268613f,0.033484020070813185f,-0.1665572313115842f,-0.304954692574504f,-0.01828959216512413f,0.9537773586301108f,0.299957065232681f,2.6866193067833413f,0.16890228453374043f,0.29864288132226885f,-0.9392999774911189f,2.8002375673961977f,0f,0f,0f,1f], start_interpolation: 0, interpolation_duration: 1 }
$data merge entity $(bone_chest1) { transformation: [-0.9854630937268613f,0.033484020070813185f,-0.1665572313115842f,-0.3101865707105686f,-0.01828959216512413f,0.9537773586301108f,0.299957065232681f,2.5375915944973864f,0.16890228453374043f,0.29864288132226885f,-0.9392999774911189f,2.753574617189593f,0f,0f,0f,1f], start_interpolation: 0, interpolation_duration: 1 }
$data merge entity $(bone_chest1lid3) { transformation: [-0.9854630937268613f,0.033484020070813185f,-0.1665572313115842f,-0.3500639755255588f,-0.01828959216512413f,0.9537773586301108f,0.299957065232681f,2.879922401208348f,0.16890228453374043f,0.29864288132226885f,-0.9392999774911189f,2.1879421265325907f,0f,0f,0f,1f], start_interpolation: 0, interpolation_duration: 1 }
$data merge entity $(bone_chest3) { transformation: [-0.9854630937268613f,0.033484020070813185f,-0.1665572313115842f,-0.35529585366162336f,-0.01828959216512413f,0.9537773586301108f,0.299957065232681f,2.730894688922393f,0.16890228453374043f,0.29864288132226885f,-0.9392999774911189f,2.141279176325986f,0f,0f,0f,1f], start_interpolation: 0, interpolation_duration: 1 }
$data merge entity $(bone_hugeasssword2) { transformation: [0.6523491559703707f,2.9342925685779595f,-2.510905310534564f,-1.2301997814676553f,-1.1748318388280006f,2.5765679866939415f,2.7057984659241963f,4.625703967794491f,3.678924911840216f,0.3024934870536359f,1.3093078175545145f,2.8848733667684465f,0f,0f,0f,1f], start_interpolation: 0, interpolation_duration: 1 }
$data merge entity $(bone_belt) { transformation: [-0.9854630937268613f,0.033484020070813185f,-0.1665572313115842f,0.029244672195957323f,-0.01828959216512413f,0.9537773586301108f,0.299957065232681f,3.0435039438001965f,0.16890228453374043f,0.29864288132226885f,-0.9392999774911189f,2.5776993660067187f,0f,0f,0f,1f], start_interpolation: 0, interpolation_duration: 1 }
$data merge entity $(bone_torn_part) { transformation: [-0.9854630937268613f,0.07536171372493596f,-0.15225998491633966f,-0.10168773622924886f,-0.01828959216512413f,0.8439590711645432f,0.5360956789767244f,2.772451150960695f,0.16890228453374043f,0.531087279365193f,-0.830312182239765f,2.5153504383937157f,0f,0f,0f,1f], start_interpolation: 0, interpolation_duration: 1 }
$data merge entity $(bone_lowerbody) { transformation: [-0.9854630937268613f,0.02608828332013025f,-0.1678746329130515f,0.005417844681005461f,-0.01828959216512413f,0.966105151664836f,0.25750014901956436f,2.266295254403348f,0.16890228453374043f,0.25682725205879736f,-0.9515838275628744f,2.507268618751412f,0f,0f,0f,1f], start_interpolation: 0, interpolation_duration: 1 }
$data merge entity $(bone_leftfoot) { transformation: [-0.9909434788330854f,0.11597693874687466f,0.0676784414498876f,0.03311050757869359f,0.09286448014047145f,0.9559515116583001f,-0.2784472942703004f,0.2006058901757828f,-0.09699077320251744f,-0.2696406071739102f,-0.9580640546834346f,2.8693444097490994f,0f,0f,0f,1f], start_interpolation: 0, interpolation_duration: 1 }
$data merge entity $(bone_leftlowerleg) { transformation: [-0.9909434788330854f,0.11597693874687466f,0.0676784414498876f,0.1513739275654138f,0.09286448014047145f,0.9559515116583001f,-0.2784472942703004f,1.3038968069794286f,-0.09699077320251744f,-0.2696406071739102f,-0.9580640546834346f,2.717414211637413f,0f,0f,0f,1f], start_interpolation: 0, interpolation_duration: 1 }
$data merge entity $(bone_leftleg) { transformation: [-0.9909434788330854f,0.12315582381337116f,0.05351322097418601f,0.2498664220421296f,0.09286448014047145f,0.9163935810062254f,-0.3893571535477764f,2.2906065921259797f,-0.09699077320251744f,-0.3808614547987714f,-0.9195310446973182f,2.333664266775767f,0f,0f,0f,1f], start_interpolation: 0, interpolation_duration: 1 }
$data merge entity $(bone_rightfoot) { transformation: [-0.985331842635406f,0.061015188974990295f,0.15936846175784466f,-0.44573326710513567f,0.14254577225483794f,0.8077133845689297f,0.5720837274389792f,0.5312324013054367f,-0.09381824290076657f,0.5864096137535184f,-0.8045631747702986f,1.1142481919452532f,0f,0f,0f,1f], start_interpolation: 0, interpolation_duration: 1 }
$data merge entity $(bone_rightlowerleg) { transformation: [-0.985331842635406f,0.061015188974990295f,0.15936846175784466f,-0.40253080874807845f,0.14254577225483794f,0.8077133845689297f,0.5720837274389792f,1.3393912754569015f,-0.09381824290076657f,0.5864096137535184f,-0.8045631747702986f,1.8884139690426294f,0f,0f,0f,1f], start_interpolation: 0, interpolation_duration: 1 }
$data merge entity $(bone_rightleg) { transformation: [-0.9673043441845202f,0.12047406443992828f,0.22317774422885275f,-0.25011082144287816f,0.19744989654507344f,0.910004250797322f,0.36456248008420267f,2.2906065921259797f,-0.15917237221356917f,0.39670929322128173f,-0.9040386565826575f,2.3384345914118088f,0f,0f,0f,1f], start_interpolation: 0, interpolation_duration: 1 }
data modify entity @s data merge value {"locators":{"lefthand":{"posx":1.2733029800360245,"posy":1.9460313095431563,"posz":2.556264703315247,"roty":40.93329333499997,"rotx":-0.38683123828557214},"righthand":{"posx":-0.5169004148702803,"posy":2.058338351850479,"posz":3.2003619979344506,"roty":353.2410234634859,"rotx":-22.1678432157299},"chest":{"posx":-0.31181859811545926,"posy":2.579568380671193,"posz":2.9336162051882226,"roty":349.94479611374334,"rotx":17.45502438123043},"sack":{"posx":0,"posy":-0.4375,"posz":0,"roty":0,"rotx":0}},"cameras":{}}