# This file was generated by Animated Java via MC-Build. It is not recommended to edit this file directly.
$data merge entity $(bone_nose) { transformation: [-0.999011527028266f,0.0019413887317788914f,0.04440945703838618f,-0.026366820836198738f,-0.0015594131569529749f,0.9969002913918938f,-0.07865988338005171f,3.943492002300969f,-0.04442451007336003f,-0.0786513829029696f,-0.9959118549712079f,0.8714205925323251f,0f,0f,0f,1f], start_interpolation: 0, interpolation_duration: 1 }
$data merge entity $(bone_glowing_eye) { transformation: [-0.999011527028266f,0.0019413887317788914f,0.04440945703838618f,-0.15266150968307224f,-0.0015594131569529749f,0.9969002913918938f,-0.07865988338005171f,4.013540210991422f,-0.04442451007336003f,-0.0786513829029696f,-0.9959118549712079f,0.8952951577322675f,0f,0f,0f,1f], start_interpolation: 0, interpolation_duration: 1 }
$data merge entity $(bone_head) { transformation: [-0.999011527028266f,0.0019413887317788914f,0.04440945703838618f,-0.018290644572236003f,-0.0015594131569529749f,0.9969002913918938f,-0.07865988338005171f,3.8056684131709773f,-0.04442451007336003f,-0.0786513829029696f,-0.9959118549712079f,0.6946427451049786f,0f,0f,0f,1f], start_interpolation: 0, interpolation_duration: 1 }
$data merge entity $(bone_leftthumb2) { transformation: [-0.9863060575651119f,0.0022252007302112284f,0.16491030680972035f,0.9257883353544809f,-0.09258550136666867f,0.8200134605545961f,-0.564806028160074f,1.9362525248441054f,-0.13648547815444848f,-0.5723399103600815f,-0.8085782221046802f,1.6319136390048512f,0f,0f,0f,1f], start_interpolation: 0, interpolation_duration: 1 }
$data merge entity $(bone_leftthumb) { transformation: [-0.9863060575651119f,0.0022252007302112284f,0.16491030680972035f,0.9404268716887514f,-0.09258550136666867f,0.8200134605545961f,-0.564806028160074f,2.0890877647926764f,-0.13648547815444848f,-0.5723399103600815f,-0.8085782221046802f,1.422452495122858f,0f,0f,0f,1f], start_interpolation: 0, interpolation_duration: 1 }
$data merge entity $(bone_leftpointerfinger) { transformation: [-0.9863060575651119f,0.0022252007302112284f,0.16491030680972035f,1.0553041233770406f,-0.09258550136666867f,0.8200134605545961f,-0.564806028160074f,1.8036721046901754f,-0.13648547815444848f,-0.5723399103600815f,-0.8085782221046802f,1.5872775232217458f,0f,0f,0f,1f], start_interpolation: 0, interpolation_duration: 1 }
$data merge entity $(bone_leftmidfinger) { transformation: [-0.9863060575651119f,0.0022252007302112284f,0.16491030680972035f,1.0810713588160592f,-0.09258550136666867f,0.8200134605545961f,-0.564806028160074f,1.7154211627901639f,-0.13648547815444848f,-0.5723399103600815f,-0.8085782221046802f,1.4609371760178895f,0f,0f,0f,1f], start_interpolation: 0, interpolation_duration: 1 }
$data merge entity $(bone_leftringfinger) { transformation: [-0.9863060575651119f,0.0022252007302112284f,0.16491030680972035f,1.106838594255078f,-0.09258550136666867f,0.8200134605545961f,-0.564806028160074f,1.6271702208901524f,-0.13648547815444848f,-0.5723399103600815f,-0.8085782221046802f,1.3345968288140333f,0f,0f,0f,1f], start_interpolation: 0, interpolation_duration: 1 }
$data merge entity $(bone_invisibility) { transformation: [0.01658961344637144f,-0.1640888342821222f,0.9863060575651117f,0.8654616718256453f,0.7676669728757073f,0.6341256529210361f,0.09258550136666857f,1.8936514838120861f,-0.6406342197241321f,0.7556186278615711f,0.13648547815444825f,1.5243548878129238f,0f,0f,0f,1f], start_interpolation: 0, interpolation_duration: 1 }
$data merge entity $(bone_swiftness) { transformation: [0.16491030680972013f,0.0022252007302112284f,0.9863060575651119f,0.8447111229389139f,-0.564806028160074f,0.8200134605545961f,0.09258550136666854f,1.6718845510049654f,-0.8085782221046802f,-0.5723399103600815f,0.1364854781544483f,1.4431423630476359f,0f,0f,0f,1f], start_interpolation: 0, interpolation_duration: 1 }
$data merge entity $(bone_suspicious_stew) { transformation: [0.07171082395655955f,-0.14851908475962652f,0.9863060575651121f,0.8962780480682392f,0.5044872429338223f,0.8584407647902754f,0.09258550136666878f,1.7493122225685758f,-0.8604360402984653f,0.49093944108051635f,0.13648547815444845f,1.3995749044664252f,0f,0f,0f,1f], start_interpolation: 0, interpolation_duration: 1 }
$data merge entity $(bone_log) { transformation: [-0.9863060575651119f,0.0022252007302112284f,0.16491030680972035f,0.811820175894492f,-0.09258550136666867f,0.8200134605545961f,-0.564806028160074f,1.8166587318147716f,-0.13648547815444848f,-0.5723399103600815f,-0.8085782221046802f,1.2773347979332785f,0f,0f,0f,1f], start_interpolation: 0, interpolation_duration: 1 }
$data merge entity $(bone_planks) { transformation: [-0.9863060575651119f,0.0022252007302112284f,0.16491030680972035f,0.7193539829977627f,-0.09258550136666867f,0.8200134605545961f,-0.564806028160074f,1.8079788410616464f,-0.13648547815444848f,-0.5723399103600815f,-0.8085782221046802f,1.264539284356299f,0f,0f,0f,1f], start_interpolation: 0, interpolation_duration: 1 }
$data merge entity $(bone_lefthand) { transformation: [-0.9863060575651119f,0.0022252007302112284f,0.16491030680972035f,1.053799543380519f,-0.09258550136666867f,0.8200134605545961f,-0.564806028160074f,2.06245866067509f,-0.13648547815444848f,-0.5723399103600815f,-0.8085782221046802f,1.1936392593226417f,0f,0f,0f,1f], start_interpolation: 0, interpolation_duration: 1 }
$data merge entity $(bone_leftforearm) { transformation: [-0.9863060575651119f,0.0022252007302112284f,0.16491030680972035f,0.9911432855022273f,-0.09258550136666867f,0.8200134605545961f,-0.564806028160074f,2.642069125482125f,-0.13648547815444848f,-0.5723399103600815f,-0.8085782221046802f,0.795316452186442f,0f,0f,0f,1f], start_interpolation: 0, interpolation_duration: 1 }
$data merge entity $(bone_leftelbow) { transformation: [-0.9972788136029681f,-0.05473069923429816f,0.049391482058964986f,0.9808812793957964f,-0.06130199381019415f,0.9877944779531197f,-0.14319264953278393f,2.8272805900983347f,-0.04095159940162511f,-0.14583079197017534f,-0.9884616060423391f,0.7679731786920341f,0f,0f,0f,1f], start_interpolation: 0, interpolation_duration: 1 }
$data merge entity $(bone_leftarm) { transformation: [-0.9972788136029681f,-0.05473069923429816f,0.049391482058964986f,0.7338177054886553f,-0.06130199381019415f,0.9877944779531197f,-0.14319264953278393f,3.312242788226814f,-0.04095159940162511f,-0.14583079197017534f,-0.9884616060423391f,0.716989045526664f,0f,0f,0f,1f], start_interpolation: 0, interpolation_duration: 1 }
$data merge entity $(bone_rightthumb2) { transformation: [-0.9125139359137346f,-0.044603021262350336f,0.40660655092791453f,-1.0073254795548185f,-0.16767723594675174f,0.9474694766084029f,-0.27237095190320193f,1.6895448614848323f,-0.3730987286342339f,-0.31672095192719624f,-0.8720580125782048f,0.8769594696535108f,0f,0f,0f,1f], start_interpolation: 0, interpolation_duration: 1 }
$data merge entity $(bone_rightthumb) { transformation: [-0.9125139359137346f,-0.044603021262350336f,0.40660655092791453f,-0.9835164566708282f,-0.16767723594675174f,0.9474694766084029f,-0.27237095190320193f,1.8986285039797006f,-0.3730987286342339f,-0.31672095192719624f,-0.8720580125782048f,0.7247621339906034f,0f,0f,0f,1f], start_interpolation: 0, interpolation_duration: 1 }
$data merge entity $(bone_rightpointerfinger) { transformation: [-0.9125139359137346f,-0.044603021262350336f,0.40660655092791453f,-1.0496276199849384f,-0.16767723594675174f,0.9474694766084029f,-0.27237095190320193f,1.55663299591543f,-0.3730987286342339f,-0.31672095192719624f,-0.8720580125782048f,0.747000803557742f,0f,0f,0f,1f], start_interpolation: 0, interpolation_duration: 1 }
$data merge entity $(bone_rightmidfinger) { transformation: [-0.9125139359137346f,-0.044603021262350336f,0.40660655092791453f,-0.9860953464024517f,-0.16767723594675174f,0.9474694766084029f,-0.27237095190320193f,1.5140750346805545f,-0.3730987286342339f,-0.31672095192719624f,-0.8720580125782048f,0.6107417390923976f,0f,0f,0f,1f], start_interpolation: 0, interpolation_duration: 1 }
$data merge entity $(bone_rightringfinger) { transformation: [-0.9125139359137346f,-0.044603021262350336f,0.40660655092791453f,-0.922563072819965f,-0.16767723594675174f,0.9474694766084029f,-0.27237095190320193f,1.4715170734456793f,-0.3730987286342339f,-0.31672095192719624f,-0.8720580125782048f,0.47448267462705307f,0f,0f,0f,1f], start_interpolation: 0, interpolation_duration: 1 }
$data merge entity $(bone_hugeasssword) { transformation: [-3.167783681862746f,1.501227817780729f,-1.7469228265218792f,-0.7591220482275294f,-2.069266408257329f,-3.159554831279315f,1.037124668289749f,1.75532483403848f,-1.0117118435402905f,1.7617622101290003f,3.3485684759878294f,0.6591380519721887f,0f,0f,0f,1f], start_interpolation: 0, interpolation_duration: 1 }
$data merge entity $(bone_ice) { transformation: [-0.9125139359137346f,-0.044603021262350336f,0.40660655092791453f,-0.7441670957716531f,-0.16767723594675174f,0.9474694766084029f,-0.27237095190320193f,1.7431405802781414f,-0.3730987286342339f,-0.31672095192719624f,-0.8720580125782048f,0.669916484480961f,0f,0f,0f,1f], start_interpolation: 0, interpolation_duration: 1 }
$data merge entity $(bone_righthand) { transformation: [-0.9125139359137346f,-0.044603021262350336f,0.40660655092791453f,-0.970739880349177f,-0.16767723594675174f,0.9474694766084029f,-0.27237095190320193f,1.9295770481965793f,-0.3730987286342339f,-0.31672095192719624f,-0.8720580125782048f,0.4702097514475346f,0f,0f,0f,1f], start_interpolation: 0, interpolation_duration: 1 }
$data merge entity $(bone_rightforearm) { transformation: [-0.9885150892862435f,-0.0252560826040321f,0.1489968071634693f,-0.9290439454616761f,-0.03365637810585874f,0.997966559248303f,-0.05412942670025929f,2.63422158109185f,-0.14732673371185973f,-0.058522447946079484f,-0.9873550306856155f,0.4536964984469014f,0f,0f,0f,1f], start_interpolation: 0, interpolation_duration: 1 }
$data merge entity $(bone_rightelbow) { transformation: [-0.9874694018432133f,-0.024725477650661548f,0.15586157697891098f,-0.9336799725211752f,-0.0346656867926301f,0.9975120779265434f,-0.061383585345472474f,2.821255095703077f,-0.15395606705356443f,-0.06601746091464192f,-0.9858697805855405f,0.44131822452540603f,0f,0f,0f,1f], start_interpolation: 0, interpolation_duration: 1 }
$data merge entity $(bone_rightarm) { transformation: [-0.9874694018432133f,-0.0704495872682226f,0.14121273341006982f,-0.7573087324211483f,-0.0346656867926301f,0.9698025774023797f,0.24141510106639236f,3.3061952814818296f,-0.15395606705356443f,0.23349478905842472f,-0.9600925543404448f,0.6217464010457245f,0f,0f,0f,1f], start_interpolation: 0, interpolation_duration: 1 }
$data merge entity $(bone_chest) { transformation: [-1.0811213503995487f,-0.011845621781187428f,0.06817197419749667f,-0.008290065898424136f,-0.004384664165603811f,1.076923407766873f,0.11759191993947168f,3.1617933324208005f,-0.06905441000777547f,0.11707589914031542f,-1.0747724565739838f,0.5425107976198731f,0f,0f,0f,1f], start_interpolation: 0, interpolation_duration: 1 }
$data merge entity $(bone_chest1lid) { transformation: [-0.9979581695995835f,-0.010934420105711473f,0.06292797618230463f,-0.36617161884796834f,-0.004047382306711211f,0.9940831456309598f,0.10854638763643541f,2.4385296381799786f,-0.06374253231486968f,0.10807006074490655f,-0.9920976522221389f,0.835114001741237f,0f,0f,0f,1f], start_interpolation: 0, interpolation_duration: 1 }
$data merge entity $(bone_chest1) { transformation: [-0.9979581695995835f,-0.010934420105711473f,0.06292797618230463f,-0.3644631157064509f,-0.004047382306711211f,0.9940831456309598f,0.10854638763643541f,2.283204146675141f,-0.06374253231486968f,0.10807006074490655f,-0.9920976522221389f,0.8182280547498453f,0f,0f,0f,1f], start_interpolation: 0, interpolation_duration: 1 }
$data merge entity $(bone_chest1lid3) { transformation: [-0.9979581695995835f,-0.010934420105711473f,0.06292797618230463f,-0.2634859985062055f,-0.004047382306711211f,0.9940831456309598f,0.10854638763643541f,2.5083201291537396f,-0.06374253231486968f,0.10807006074490655f,-0.9920976522221389f,0.20353535155610855f,0f,0f,0f,1f], start_interpolation: 0, interpolation_duration: 1 }
$data merge entity $(bone_chest3) { transformation: [-0.9979581695995835f,-0.010934420105711473f,0.06292797618230463f,-0.2617774953646881f,-0.004047382306711211f,0.9940831456309598f,0.10854638763643541f,2.352994637648902f,-0.06374253231486968f,0.10807006074490655f,-0.9920976522221389f,0.1866494045647169f,0f,0f,0f,1f], start_interpolation: 0, interpolation_duration: 1 }
$data merge entity $(bone_hugeasssword2) { transformation: [-0.24646790671402735f,2.8528402879919073f,-2.6722338295792962f,-1.2338419663478655f,-0.4251400182427052f,2.642092787802757f,2.8598740257757904f,4.338999304956557f,3.885715804536711f,0.4700274136991214f,0.14340395574291812f,0.32653339912594886f,0f,0f,0f,1f], start_interpolation: 0, interpolation_duration: 1 }
$data merge entity $(bone_belt) { transformation: [-0.9979581695995835f,-0.010934420105711473f,0.06292797618230463f,0.019791364984642443f,-0.004047382306711211f,0.9940831456309598f,0.10854638763643541f,2.7517408321100976f,-0.06374253231486968f,0.10807006074490655f,-0.9920976522221389f,0.6313729068752428f,0f,0f,0f,1f], start_interpolation: 0, interpolation_duration: 1 }
$data merge entity $(bone_torn_part) { transformation: [-0.9979581695995835f,-0.028980898675584f,0.05691747746873906f,-0.10002998758918408f,-0.004047382306711211f,0.9180362828547431f,0.39647572694770294f,2.4687838442352663f,-0.06374253231486968f,0.3954358239641443f,-0.9162791052402571f,0.5884864368697968f,0f,0f,0f,1f], start_interpolation: 0, interpolation_duration: 1 }
$data merge entity $(bone_lowerbody) { transformation: [-0.9979581695995835f,-0.010524158746817674f,0.06299788736236055f,-0.006293463611462151f,-0.004047382306711211f,0.9947693148163093f,0.10206678694048339f,1.9690987499999997f,-0.06374253231486968f,0.10160340733736488f,-0.9927807598818208f,0.6847100491606042f,0f,0f,0f,1f], start_interpolation: 0, interpolation_duration: 1 }
$data merge entity $(bone_leftfoot) { transformation: [-0.9904016794266177f,-0.07552542059287227f,0.11576020142175314f,0.3201450118902877f,-0.03281449987085326f,0.9420473858459114f,0.33387112995751866f,0.20386486286731664f,-0.1342673526482178f,0.32686791470738497f,-0.9354836419455366f,0.7437445636294168f,0f,0f,0f,1f], start_interpolation: 0, interpolation_duration: 1 }
$data merge entity $(bone_leftlowerleg) { transformation: [-0.9904016794266177f,-0.07552542059287227f,0.11576020142175314f,0.2185729499224989f,-0.03281449987085326f,0.9420473858459114f,0.33387112995751866f,1.1976508431083455f,-0.1342673526482178f,0.32686791470738497f,-0.9354836419455366f,1.2500966253519201f,0f,0f,0f,1f], start_interpolation: 0, interpolation_duration: 1 }
$data merge entity $(bone_leftleg) { transformation: [-0.9904016794266177f,0.0682451660376141f,0.12019613430320292f,0.25700325365037485f,-0.03281449987085326f,0.7286487885077394f,-0.6841009805609325f,1.9886299999999997f,-0.1342673526482178f,-0.6814789360785131f,-0.7194155528581079f,0.5405643308988299f,0f,0f,0f,1f], start_interpolation: 0, interpolation_duration: 1 }
$data merge entity $(bone_rightfoot) { transformation: [-0.9869703252017998f,0.04036207537269883f,0.15575776077827497f,-0.4511891719214631f,0.025503544925749383f,0.9950312738382914f,-0.09624101661956425f,0.08054418180070422f,-0.1588683302841508f,-0.0910146524212202f,-0.9830957159287039f,1.1226042203826063f,0f,0f,0f,1f], start_interpolation: 0, interpolation_duration: 1 }
$data merge entity $(bone_rightlowerleg) { transformation: [-0.9869703252017998f,0.04036207537269883f,0.15575776077827497f,-0.4303439930582539f,0.025503544925749383f,0.9950312738382914f,-0.09624101661956425f,1.199194012364207f,-0.1588683302841508f,-0.0910146524212202f,-0.9830957159287039f,1.1726831960615034f,0f,0f,0f,1f], start_interpolation: 0, interpolation_duration: 1 }
$data merge entity $(bone_rightleg) { transformation: [-0.9703247788629887f,0.1551151345977258f,0.18549695022620044f,-0.24004220159937376f,-0.015489982105932575f,0.725683685135426f,-0.6878540903292106f,1.9886299999999997f,-0.24130869022654355f,-0.6703152125284025f,-0.701746130644233f,0.486288964335626f,0f,0f,0f,1f], start_interpolation: 0, interpolation_duration: 1 }
data modify entity @s data merge value {"locators":{"lefthand":{"posx":0.9015358014402716,"posy":1.77010016515207,"posz":1.3474784017275252,"roty":11.527432986120687,"rotx":-34.388822643907844},"righthand":{"posx":-0.8353715824145902,"posy":1.7168724249596148,"posz":0.6535131499918985,"roty":24.997799254836195,"rotx":-15.805401141081019},"chest":{"posx":-0.4065069066698334,"posy":2.3593125878127656,"posz":0.9813829269695498,"roty":3.6293642816088436,"rotx":6.231527967500415},"sack":{"posx":0,"posy":-0.4375,"posz":0,"roty":0,"rotx":0}},"cameras":{}}