# This file was generated by Animated Java via MC-Build. It is not recommended to edit this file directly.
$data merge entity $(bone_nose) { transformation: [-0.9994519272508429f,0.0029861195408078167f,0.03296859421728561f,-0.0038166434159811347f,0.0005024788962709462f,0.9971769212264487f,-0.07508618573545642f,4.126352027678943f,-0.033099737605226345f,-0.07502846702038277f,-0.9966318961918871f,0.06630732594605088f,0f,0f,0f,1f], start_interpolation: 0, interpolation_duration: 1 }
$data merge entity $(bone_glowing_eye) { transformation: [-0.9994519272508429f,0.0029861195408078167f,0.03296859421728561f,-0.1296964094677861f,0.0005024788962709462f,0.9971769212264487f,-0.07508618573545642f,4.196551996550598f,-0.033099737605226345f,-0.07502846702038277f,-0.9966318961918871f,0.09186791483437412f,0f,0f,0f,1f], start_interpolation: 0, interpolation_duration: 1 }
$data merge entity $(bone_head) { transformation: [-0.9994519272508429f,0.0029861195408078167f,0.03296859421728561f,0.0019881739849012996f,0.0005024788962709462f,0.9971769212264487f,-0.07508618573545642f,3.989163473913888f,-0.033099737605226345f,-0.07502846702038277f,-0.9966318961918871f,-0.11105269913164353f,0f,0f,0f,1f], start_interpolation: 0, interpolation_duration: 1 }
$data merge entity $(bone_leftthumb2) { transformation: [-0.9987599426371536f,-0.00819471644564415f,0.04910624813407265f,0.9557750844299042f,-0.012733773708440796f,0.9955990274273547f,-0.09284625782899183f,1.7800285732987562f,-0.04812928412694133f,-0.09335643099476808f,-0.9944687771877744f,0.2980489855602335f,0f,0f,0f,1f], start_interpolation: 0, interpolation_duration: 1 }
$data merge entity $(bone_leftthumb) { transformation: [-0.9987599426371536f,-0.00819471644564415f,0.04910624813407265f,0.9579618888819008f,-0.012733773708440796f,0.9955990274273547f,-0.09284625782899183f,2.016257358704188f,-0.04812928412694133f,-0.09335643099476808f,-0.9944687771877744f,0.19016920550547486f,0f,0f,0f,1f], start_interpolation: 0, interpolation_duration: 1 }
$data merge entity $(bone_leftpointerfinger) { transformation: [-0.9987599426371536f,-0.00819471644564415f,0.04910624813407265f,1.0721920043228512f,-0.012733773708440796f,0.9955990274273547f,-0.09284625782899183f,1.6866170159932143f,-0.04812928412694133f,-0.09335643099476808f,-0.9944687771877744f,0.17945020094634043f,0f,0f,0f,1f], start_interpolation: 0, interpolation_duration: 1 }
$data merge entity $(bone_leftmidfinger) { transformation: [-0.9987599426371536f,-0.00819471644564415f,0.04910624813407265f,1.0798648555938f,-0.012733773708440796f,0.9955990274273547f,-0.09284625782899183f,1.6721097882074343f,-0.04812928412694133f,-0.09335643099476808f,-0.9944687771877744f,0.024064454510750673f,0f,0f,0f,1f], start_interpolation: 0, interpolation_duration: 1 }
$data merge entity $(bone_leftringfinger) { transformation: [-0.9987599426371536f,-0.00819471644564415f,0.04910624813407265f,1.087537706864749f,-0.012733773708440796f,0.9955990274273547f,-0.09284625782899183f,1.6576025604216544f,-0.04812928412694133f,-0.09335643099476808f,-0.9944687771877744f,-0.13132129192483907f,0f,0f,0f,1f], start_interpolation: 0, interpolation_duration: 1 }
$data merge entity $(bone_invisibility) { transformation: [-0.003883641545840256f,-0.049633600632767345f,0.9987599426371534f,0.8824936477129527f,0.9837183879860025f,0.17926512250117815f,0.012733773708440827f,1.7960245226049045f,-0.1796748465049116f,0.9825479741686226f,0.048129284126941084f,0.1912922498196041f,0f,0f,0f,1f], start_interpolation: 0, interpolation_duration: 1 }
$data merge entity $(bone_swiftness) { transformation: [0.049106248134072425f,-0.00819471644564415f,0.9987599426371536f,0.8407922331933078f,-0.09284625782899183f,0.9955990274273547f,0.012733773708440775f,1.6431317254869384f,-0.9944687771877744f,-0.09335643099476808f,0.048129284126941105f,0.014964666722017045f,0f,0f,0f,1f], start_interpolation: 0, interpolation_duration: 1 }
$data merge entity $(bone_suspicious_stew) { transformation: [0.013326261899784662f,-0.04796861189577995f,0.9987599426371538f,0.8920851965714809f,0.8630806272307096f,0.5049056168297074f,0.01273377370844091f,1.7319471448513113f,-0.5048903263510043f,0.8618406641407708f,0.048129284126941334f,0.009205436799776145f,0f,0f,0f,1f], start_interpolation: 0, interpolation_duration: 1 }
$data merge entity $(bone_log) { transformation: [-0.9987599426371536f,-0.00819471644564415f,0.04910624813407265f,0.7997289677748268f,-0.012733773708440796f,0.9955990274273547f,-0.09284625782899183f,1.8508510636588305f,-0.04812928412694133f,-0.09335643099476808f,-0.9944687771877744f,-0.0535919613921475f,0f,0f,0f,1f], start_interpolation: 0, interpolation_duration: 1 }
$data merge entity $(bone_planks) { transformation: [-0.9987599426371536f,-0.00819471644564415f,0.04910624813407265f,0.7060952231525937f,-0.012733773708440796f,0.9955990274273547f,-0.09284625782899183f,1.8496572723736642f,-0.04812928412694133f,-0.09335643099476808f,-0.9944687771877744f,-0.0581040817790483f,0f,0f,0f,1f], start_interpolation: 0, interpolation_duration: 1 }
$data merge entity $(bone_lefthand) { transformation: [-0.9987599426371536f,-0.00819471644564415f,0.04910624813407265f,1.0458357040685144f,-0.012733773708440796f,0.9955990274273547f,-0.09284625782899183f,2.105835709499935f,-0.04812928412694133f,-0.09335643099476808f,-0.9944687771877744f,-0.03382159882198626f,0f,0f,0f,1f], start_interpolation: 0, interpolation_duration: 1 }
$data merge entity $(bone_leftforearm) { transformation: [-0.9987599426371536f,-0.00819471644564415f,0.04910624813407265f,0.9768840125257539f,-0.012733773708440796f,0.9955990274273547f,-0.09284625782899183f,2.8065211375815946f,-0.04812928412694133f,-0.09335643099476808f,-0.9944687771877744f,-0.08693234497955743f,0f,0f,0f,1f], start_interpolation: 0, interpolation_duration: 1 }
$data merge entity $(bone_leftelbow) { transformation: [-0.9994797072858634f,-0.009105702740428837f,0.030941895568432153f,0.9751766932619235f,-0.009463069764658985f,0.9998899781108496f,-0.011422871097670182f,2.994000508477379f,-0.030834478013970202f,-0.01170973317747841f,-0.9994559105405892f,-0.08912791995033463f,0f,0f,0f,1f], start_interpolation: 0, interpolation_duration: 1 }
$data merge entity $(bone_leftarm) { transformation: [-0.9994797072858634f,-0.009105702740428837f,0.030941895568432153f,0.751020721686413f,-0.009463069764658985f,0.9998899781108496f,-0.011422871097670182f,3.492232415743587f,-0.030834478013970202f,-0.01170973317747841f,-0.9994559105405892f,-0.07049483140023641f,0f,0f,0f,1f], start_interpolation: 0, interpolation_duration: 1 }
$data merge entity $(bone_rightthumb2) { transformation: [-0.9871844430884347f,-0.02375131298394534f,0.15780605329237374f,-0.967029360047741f,-0.06421466961776374f,0.9643938258342576f,-0.2565560852886659f,1.8594957971572526f,-0.14609363959481017f,-0.26340163975249375f,-0.9535597645903688f,0.17893731736572585f,0f,0f,0f,1f], start_interpolation: 0, interpolation_duration: 1 }
$data merge entity $(bone_rightthumb) { transformation: [-0.9871844430884347f,-0.02375131298394534f,0.15780605329237374f,-0.9593684806229732f,-0.06421466961776374f,0.9643938258342576f,-0.2565560852886659f,2.0740815083308544f,-0.14609363959481017f,-0.26340163975249375f,-0.9535597645903688f,0.032851207146243455f,0f,0f,0f,1f], start_interpolation: 0, interpolation_duration: 1 }
$data merge entity $(bone_rightpointerfinger) { transformation: [-0.9871844430884347f,-0.02375131298394534f,0.15780605329237374f,-1.0521512207648336f,-0.06421466961776374f,0.9643938258342576f,-0.2565560852886659f,1.7385902382416396f,-0.14609363959481017f,-0.26340163975249375f,-0.9535597645903688f,0.058602764394174583f,0f,0f,0f,1f], start_interpolation: 0, interpolation_duration: 1 }
$data merge entity $(bone_rightmidfinger) { transformation: [-0.9871844430884347f,-0.02375131298394534f,0.15780605329237374f,-1.0274940249379f,-0.06421466961776374f,0.9643938258342576f,-0.2565560852886659f,1.6985033499152855f,-0.14609363959481017f,-0.26340163975249375f,-0.9535597645903688f,-0.09039094882307057f,0f,0f,0f,1f], start_interpolation: 0, interpolation_duration: 1 }
$data merge entity $(bone_rightringfinger) { transformation: [-0.9871844430884347f,-0.02375131298394534f,0.15780605329237374f,-1.0028368291109668f,-0.06421466961776374f,0.9643938258342576f,-0.2565560852886659f,1.6584164615889316f,-0.14609363959481017f,-0.26340163975249375f,-0.9535597645903688f,-0.2393846620403157f,0f,0f,0f,1f], start_interpolation: 0, interpolation_duration: 1 }
$data merge entity $(bone_hugeasssword) { transformation: [-3.508247435521114f,1.5538545076646961f,-0.7861385869854034f,-0.772563362275092f,-1.7181113061455404f,-3.3767566399348037f,0.9929178778372658f,1.915461556237723f,-0.2838507506281596f,1.2342319641963977f,3.7062619966350887f,-0.0901889125586999f,0f,0f,0f,1f], start_interpolation: 0, interpolation_duration: 1 }
$data merge entity $(bone_ice) { transformation: [-0.9871844430884347f,-0.02375131298394534f,0.15780605329237374f,-0.7567674910864611f,-0.06421466961776374f,0.9643938258342576f,-0.2565560852886659f,1.9013962569218403f,-0.14609363959481017f,-0.26340163975249375f,-0.9535597645903688f,-0.08379054881889827f,0f,0f,0f,1f], start_interpolation: 0, interpolation_duration: 1 }
$data merge entity $(bone_righthand) { transformation: [-0.9871844430884347f,-0.02375131298394534f,0.15780605329237374f,-1.0045699909391694f,-0.06421466961776374f,0.9643938258342576f,-0.2565560852886659f,2.118423668310693f,-0.14609363959481017f,-0.26340163975249375f,-0.9535597645903688f,-0.21596311129917328f,0f,0f,0f,1f], start_interpolation: 0, interpolation_duration: 1 }
$data merge entity $(bone_rightforearm) { transformation: [-0.9979031493046696f,-0.0070452542393111516f,0.06434025956215515f,-0.9481600550503019f,-0.012638567230222901f,0.9961329501865707f,-0.08694488007333404f,2.8209780731136602f,-0.06347890378849626f,-0.08757573833718325f,-0.9941332500366882f,-0.258039038798901f,0f,0f,0f,1f], start_interpolation: 0, interpolation_duration: 1 }
$data merge entity $(bone_rightelbow) { transformation: [-0.9977491857878633f,-0.007083497877788274f,0.06668122912387878f,-0.9494882109023872f,-0.013050988638168094f,0.9959024290356385f,-0.08948756079188527f,3.0077097785578424f,-0.06577411310859507f,-0.09015639688192037f,-0.9937532843447852f,-0.27494336321426105f,0f,0f,0f,1f], start_interpolation: 0, interpolation_duration: 1 }
$data merge entity $(bone_rightarm) { transformation: [-0.9977491857878633f,-0.026807084312259356f,0.061464969619542384f,-0.7465548989680325f,-0.013050988638168094f,0.9767184563762327f,0.2141278325430758f,3.492232415743587f,-0.06577411310859507f,0.21284369195422378f,-0.9748699035461467f,-0.12366874550882687f,0f,0f,0f,1f], start_interpolation: 0, interpolation_duration: 1 }
$data merge entity $(bone_chest) { transformation: [-1.0826510866386105f,-0.0011180552178880207f,0.03842506556762537f,0.0032409054866921324f,0f,1.0828750292557172f,0.031508445305037346f,3.335200942723921f,-0.03844132816834709f,0.03148860235180792f,-1.0821930711854026f,-0.2118033770145507f,0f,0f,0f,1f], start_interpolation: 0, interpolation_duration: 1 }
$data merge entity $(bone_chest1lid) { transformation: [-0.999370233820256f,-0.001032050970358173f,0.03546929129319265f,-0.35114541672446287f,0f,0.9995769500822006f,0.029084718743111398f,2.64065928696523f,-0.035484302924628085f,0.02906640217089962f,-0.9989474503249872f,0.14712340584815772f,0f,0f,0f,1f], start_interpolation: 0, interpolation_duration: 1 }
$data merge entity $(bone_chest1) { transformation: [-0.999370233820256f,-0.001032050970358173f,0.03546929129319265f,-0.3509841587603444f,0f,0.9995769500822006f,0.029084718743111398f,2.4844753885148863f,-0.035484302924628085f,0.02906640217089962f,-0.9989474503249872f,0.14258178050895465f,0f,0f,0f,1f], start_interpolation: 0, interpolation_duration: 1 }
$data merge entity $(bone_chest1lid3) { transformation: [-0.999370233820256f,-0.001032050970358173f,0.03546929129319265f,-0.2659622623759954f,0f,0.9995769500822006f,0.029084718743111398f,2.659291684910036f,-0.035484302924628085f,0.02906640217089962f,-0.9989474503249872f,-0.49060953558349796f,0f,0f,0f,1f], start_interpolation: 0, interpolation_duration: 1 }
$data merge entity $(bone_chest3) { transformation: [-0.999370233820256f,-0.001032050970358173f,0.03546929129319265f,-0.26580100441187693f,0f,0.9995769500822006f,0.029084718743111398f,2.503107786459692f,-0.035484302924628085f,0.02906640217089962f,-0.9989474503249872f,-0.495151160922701f,0f,0f,0f,1f], start_interpolation: 0, interpolation_duration: 1 }
$data merge entity $(bone_hugeasssword2) { transformation: [-0.13892139089833877f,2.8831201420501524f,-2.647375468541128f,-1.2198356527860685f,-0.11391514841051943f,2.6449422303326275f,2.8864479407991155f,4.502716135354454f,3.9125441804395336f,0.17937843372477158f,-0.009959487987207425f,-0.48644788671726585f,0f,0f,0f,1f], start_interpolation: 0, interpolation_duration: 1 }
$data merge entity $(bone_belt) { transformation: [-0.999370233820256f,-0.001032050970358173f,0.03546929129319265f,0.031017562822678278f,0f,0.9995769500822006f,0.029084718743111398f,2.933232193802408f,-0.035484302924628085f,0.02906640217089962f,-0.9989474503249872f,-0.09148016050782133f,0f,0f,0f,1f], start_interpolation: 0, interpolation_duration: 1 }
$data merge entity $(bone_torn_part) { transformation: [-0.999370233820256f,-0.010670335680802103f,0.03384198118470269f,-0.09202763272105705f,0f,0.9537169507482269f,0.30070579950427306f,2.650597667638484f,-0.035484302924628085f,0.3005164251616924f,-0.9531163320675972f,-0.10523044214740934f,0f,0f,0f,1f], start_interpolation: 0, interpolation_duration: 1 }
$data merge entity $(bone_lowerbody) { transformation: [-0.999370233820256f,0f,0.035484302924628085f,0.0005771365766764993f,0f,1f,0f,2.162316417638484f,-0.035484302924628085f,0f,-0.999370233820256f,0.03877126094104735f,0f,0f,0f,1f], start_interpolation: 0, interpolation_duration: 1 }
$data merge entity $(bone_leftfoot) { transformation: [-0.9971708809357814f,-0.05087572694921225f,0.05533438913683494f,0.3462842937672961f,-0.033287443178314814f,0.9589038899067421f,0.2817716736089152f,0.22421542754214552f,-0.06739569971747411f,0.27913256766115224f,-0.957884559501031f,-0.07960068701976619f,0f,0f,0f,1f], start_interpolation: 0, interpolation_duration: 1 }
$data merge entity $(bone_leftlowerleg) { transformation: [-0.9971708809357814f,-0.05087572694921225f,0.05533438913683494f,0.28134214738009156f,-0.033287443178314814f,0.9589038899067421f,0.2817716736089152f,1.2447064455084997f,-0.06739569971747411f,0.27913256766115224f,-0.957884559501031f,0.3772367770517102f,0f,0f,0f,1f], start_interpolation: 0, interpolation_duration: 1 }
$data merge entity $(bone_leftleg) { transformation: [-0.9971708809357814f,0.004130608180622256f,0.07505446215792672f,0.25261476962105056f,-0.033287443178314814f,0.8709797539788355f,-0.4901899777490536f,2.181847667638484f,-0.06739569971747411f,-0.4913015430822758f,-0.8683781511672012f,-0.12426303282395147f,0f,0f,0f,1f], start_interpolation: 0, interpolation_duration: 1 }
$data merge entity $(bone_rightfoot) { transformation: [-0.9910913721056428f,0.06119415936671575f,0.11829271743076586f,-0.47183993753055614f,0.04476446208345616f,0.9895771200524961f,-0.13686952328033636f,0.30744870914413625f,-0.12543538205838428f,-0.13035489376317527f,-0.9835006693438791f,0.5788541301012413f,0f,0f,0f,1f], start_interpolation: 0, interpolation_duration: 1 }
$data merge entity $(bone_rightlowerleg) { transformation: [-0.9910913721056428f,0.06119415936671575f,0.11829271743076586f,-0.42212782548570427f,0.04476446208345616f,0.9895771200524961f,-0.13686952328033636f,1.4262902301502334f,-0.12543538205838428f,-0.13035489376317527f,-0.9835006693438791f,0.5853522448619775f,0f,0f,0f,1f], start_interpolation: 0, interpolation_duration: 1 }
$data merge entity $(bone_rightleg) { transformation: [-0.9841807577331346f,0.13852073155521288f,0.1104547103442922f,-0.24707034728907742f,0.016889772984198748f,0.6939671327145209f,-0.7198085539089742f,2.181847667638484f,-0.17636034609961238f,-0.7065561730261756f,-0.6853286822264407f,-0.14200518428626552f,0f,0f,0f,1f], start_interpolation: 0, interpolation_duration: 1 }
data modify entity @s data merge value {"locators":{"lefthand":{"posx":0.8932356394922811,"posy":1.7757144037048125,"posz":-0.026247795190221537,"roty":2.826933699677113,"rotx":-5.327371531868998},"righthand":{"posx":-0.8514106379433211,"posy":1.8843161669491502,"posz":-0.0784718055880545,"roty":9.396798469791293,"rotx":-14.865810095686921},"chest":{"posx":-0.3878533101102598,"posy":2.5736412402814812,"posz":0.3002834103593611,"roty":2.033527696792987,"rotx":1.6666666666666663},"sack":{"posx":0,"posy":-0.4375,"posz":0,"roty":0,"rotx":0}},"cameras":{}}