# This file was generated by Animated Java via MC-Build. It is not recommended to edit this file directly.
$data merge entity $(bone_nose) { transformation: [-0.9893105046852911f,0.051151969163176325f,0.13655841742662517f,-0.1405194286124081f,0.09666308960738124f,0.9311918487275859f,0.35147971203307926f,3.739351742202411f,-0.10918320579141433f,0.3609227298384384f,-0.9261823852023311f,1.0324972719312648f,0f,0f,0f,1f], start_interpolation: 0, interpolation_duration: 1 }
$data merge entity $(bone_glowing_eye) { transformation: [-0.9893105046852911f,0.051151969163176325f,0.13655841742662517f,-0.26548512910108596f,0.09666308960738124f,0.9311918487275859f,0.35147971203307926f,3.802218778269748f,-0.10918320579141433f,0.3609227298384384f,-0.9261823852023311f,1.0756064857102063f,0f,0f,0f,1f], start_interpolation: 0, interpolation_duration: 1 }
$data merge entity $(bone_head) { transformation: [-0.9893105046852911f,0.051151969163176325f,0.13655841742662517f,-0.12126426745955077f,0.09666308960738124f,0.9311918487275859f,0.35147971203307926f,3.6901874161728108f,-0.10918320579141433f,0.3609227298384384f,-0.9261823852023311f,0.8144993785932828f,0f,0f,0f,1f], start_interpolation: 0, interpolation_duration: 1 }
$data merge entity $(bone_leftthumb2) { transformation: [0.28755284063399533f,0.9559066678986974f,0.05963058032695989f,-0.9644196638642476f,0.2939220098683111f,-0.028818041321791832f,-0.9553948778433701f,3.368340936573539f,-0.9115498976788337f,0.2922532510703435f,-0.28924871871889435f,0.27316760791942685f,0f,0f,0f,1f], start_interpolation: 0, interpolation_duration: 1 }
$data merge entity $(bone_leftthumb) { transformation: [0.28755284063399533f,0.9559066678986974f,0.05963058032695989f,-0.7248948425438101f,0.2939220098683111f,-0.028818041321791832f,-0.9553948778433701f,3.27962787030138f,-0.9115498976788337f,0.2922532510703435f,-0.28924871871889435f,0.3201220534651257f,0f,0f,0f,1f], start_interpolation: 0, interpolation_duration: 1 }
$data merge entity $(bone_leftpointerfinger) { transformation: [0.9852619311911398f,-0.16032192874144277f,0.05963058032695989f,-1.0231061716129675f,0.009793021774426355f,-0.295168975529573f,-0.9553948778433701f,3.2596828897470798f,0.1707718468308866f,0.941898165965645f,-0.28924871871889435f,0.20349990384382804f,0f,0f,0f,1f], start_interpolation: 0, interpolation_duration: 1 }
$data merge entity $(bone_leftmidfinger) { transformation: [0.9852619311911398f,-0.16032192874144277f,0.05963058032695989f,-1.01378889343688f,0.009793021774426355f,-0.295168975529573f,-0.9553948778433701f,3.1104024400840533f,0.1707718468308866f,0.941898165965645f,-0.28924871871889435f,0.1583047915440008f,0f,0f,0f,1f], start_interpolation: 0, interpolation_duration: 1 }
$data merge entity $(bone_leftringfinger) { transformation: [0.9852619311911398f,-0.16032192874144277f,0.05963058032695989f,-1.0044716152607924f,0.009793021774426355f,-0.295168975529573f,-0.9553948778433701f,2.9611219904210264f,0.1707718468308866f,0.941898165965645f,-0.28924871871889435f,0.11310967924417356f,0f,0f,0f,1f], start_interpolation: 0, interpolation_duration: 1 }
$data merge entity $(bone_invisibility) { transformation: [0.9574663019500993f,0.02390908767229867f,-0.2875528406339952f,-0.9106026326545106f,-0.11197653016990478f,0.9492476540956424f,-0.29392200986831124f,3.2939664288951813f,0.26593145229759796f,0.31361958918504684f,0.9115498976788333f,0.18045730780734645f,0f,0f,0f,1f], start_interpolation: 0, interpolation_duration: 1 }
$data merge entity $(bone_swiftness) { transformation: [0.059630580326959955f,0.9559066678986974f,-0.28755284063399533f,-1.0138911420588645f,-0.95539487784337f,-0.028818041321791832f,-0.2939220098683113f,3.13404071517919f,-0.28924871871889457f,0.2922532510703435f,0.9115498976788335f,0.03917078381447353f,0f,0f,0f,1f], start_interpolation: 0, interpolation_duration: 1 }
$data merge entity $(bone_suspicious_stew) { transformation: [0.8915466290012153f,0.34993995507785325f,-0.2875528406339953f,-0.9442300239009571f,-0.42988533780721694f,0.853702786954188f,-0.29392200986831113f,3.1161807349865085f,0.14262960651612583f,0.38565992712072444f,0.9115498976788339f,0.11252380190363143f,0f,0f,0f,1f], start_interpolation: 0, interpolation_duration: 1 }
$data merge entity $(bone_log) { transformation: [0.28755284063399533f,0.9559066678986974f,0.05963058032695989f,-0.7949884281513566f,0.2939220098683111f,-0.028818041321791832f,-0.9553948778433701f,3.0953495333475307f,-0.9115498976788337f,0.2922532510703435f,-0.28924871871889435f,0.05003912169008551f,0f,0f,0f,1f], start_interpolation: 0, interpolation_duration: 1 }
$data merge entity $(bone_planks) { transformation: [0.28755284063399533f,0.9559066678986974f,0.05963058032695989f,-0.7680303493419196f,0.2939220098683111f,-0.028818041321791832f,-0.9553948778433701f,3.122904721772685f,-0.9115498976788337f,0.2922532510703435f,-0.28924871871889435f,-0.035418681217305126f,0f,0f,0f,1f], start_interpolation: 0, interpolation_duration: 1 }
$data merge entity $(bone_lefthand1) { transformation: [0.28755284063399533f,0.9559066678986974f,0.05963058032695989f,-0.6297634269703984f,0.2939220098683111f,-0.028818041321791832f,-0.9553948778433701f,3.04452061048261f,-0.9115498976788337f,0.2922532510703435f,-0.28924871871889435f,0.36002893133734526f,0f,0f,0f,1f], start_interpolation: 0, interpolation_duration: 1 }
$data merge entity $(bone_leftforearm) { transformation: [0.2837750508025896f,0.7118506671280453f,-0.6424487125454802f,-0.09273579747631583f,0.034156000803521935f,-0.6770702734953032f,-0.7351253038483339f,2.593649857330593f,-0.9582823634770168f,0.18666674170390463f,-0.21644962321646585f,0.4364470141761293f,0f,0f,0f,1f], start_interpolation: 0, interpolation_duration: 1 }
$data merge entity $(bone_leftelbow) { transformation: [0.2837750508025896f,0.7118506671280453f,-0.6424487125454802f,0.04073620261019267f,0.034156000803521935f,-0.6770702734953032f,-0.7351253038483339f,2.4666991810502235f,-0.9582823634770168f,0.18666674170390463f,-0.21644962321646585f,0.4714470282456114f,0f,0f,0f,1f], start_interpolation: 0, interpolation_duration: 1 }
$data merge entity $(bone_leftarm) { transformation: [0.5532813280479999f,0.47189376054014465f,0.6864372154805727f,0.23603388838650363f,0.6947580276201626f,0.1932056157066313f,-0.692807962653983f,2.8622209433770736f,-0.45955527968981386f,0.8602254755717837f,-0.22095491867463582f,0.9078436192312171f,0f,0f,0f,1f], start_interpolation: 0, interpolation_duration: 1 }
$data merge entity $(bone_rightthumb2) { transformation: [0.1607410628364314f,-0.928430970021005f,-0.3349302085869092f,-0.9447446680968683f,0.9599961210200527f,0.2258966908338556f,-0.1654633877834198f,3.6480121729483526f,0.22928095940279752f,-0.2949349402430469f,0.9276010040309163f,0.10273958612642543f,0f,0f,0f,1f], start_interpolation: 0, interpolation_duration: 1 }
$data merge entity $(bone_rightthumb) { transformation: [0.1607410628364314f,-0.928430970021005f,-0.3349302085869092f,-1.2010576985625605f,0.9599961210200527f,0.2258966908338556f,-0.1654633877834198f,3.689271554688673f,0.22928095940279752f,-0.2949349402430469f,0.9276010040309163f,0.10967946684584201f,0f,0f,0f,1f], start_interpolation: 0, interpolation_duration: 1 }
$data merge entity $(bone_rightpointerfinger) { transformation: [-0.08936315695515118f,-0.9956913210789203f,0.024759226706910498f,-1.1723372224349182f,-0.378696136380099f,0.010975196314936063f,-0.9254559856398545f,3.5373760579517204f,0.9211967555684268f,-0.09207789199348465f,-0.3780452345106886f,0.3908047363234062f,0f,0f,0f,1f], start_interpolation: 0, interpolation_duration: 1 }
$data merge entity $(bone_rightmidfinger) { transformation: [-0.08936315695515118f,-0.9956913210789203f,0.024759226706910498f,-1.1684685932619634f,-0.378696136380099f,0.010975196314936063f,-0.9254559856398545f,3.392773560195493f,0.9211967555684268f,-0.09207789199348465f,-0.3780452345106886f,0.33173516843111106f,0f,0f,0f,1f], start_interpolation: 0, interpolation_duration: 1 }
$data merge entity $(bone_rightringfinger) { transformation: [-0.08936315695515118f,-0.9956913210789203f,0.024759226706910498f,-1.1645999640890086f,-0.378696136380099f,0.010975196314936063f,-0.9254559856398545f,3.248171062439266f,0.9211967555684268f,-0.09207789199348465f,-0.3780452345106886f,0.27266560053881594f,0f,0f,0f,1f], start_interpolation: 0, interpolation_duration: 1 }
$data merge entity $(bone_hugeasssword) { transformation: [-3.912112665901234f,-0.16201351986332763f,0.09697363793539945f,-1.0351763748665084f,-0.15098147891274916f,1.476148148661749f,-3.624702610422764f,3.4746606435507488f,0.11338809504639463f,-3.624226267820731f,-1.4806771685001971f,0.1499393199180476f,0f,0f,0f,1f], start_interpolation: 0, interpolation_duration: 1 }
$data merge entity $(bone_ice) { transformation: [-0.998837276400315f,-0.04136515400765811f,0.024759226706910498f,-1.0189232118913838f,-0.03854846270112744f,0.376888889020021f,-0.9254559856398545f,3.469374074389516f,0.028950151926739054f,-0.9253343662521015f,-0.3780452345106886f,0.16394532326688138f,0f,0f,0f,1f], start_interpolation: 0, interpolation_duration: 1 }
$data merge entity $(bone_righthand1) { transformation: [-0.998837276400315f,-0.04136515400765811f,0.024759226706910498f,-1.278200093658786f,-0.03854846270112744f,0.376888889020021f,-0.9254559856398545f,3.525038681417994f,0.028950151926739054f,-0.9253343662521015f,-0.3780452345106886f,-0.07196464389291823f,0f,0f,0f,1f], start_interpolation: 0, interpolation_duration: 1 }
$data merge entity $(bone_rightforearm) { transformation: [-0.7587553376588567f,0.39543698415449774f,-0.5176098232616831f,-0.9978354911217172f,0.6254069316172828f,0.22012248857462088f,-0.7486068794158733f,3.6388103670774483f,-0.18208928430649157f,-0.8917262369059871f,-0.4143281440528006f,-0.6719081729614496f,0f,0f,0f,1f], start_interpolation: 0, interpolation_duration: 1 }
$data merge entity $(bone_rightelbow) { transformation: [-0.7587553376588567f,0.39543698415449774f,-0.5176098232616831f,-0.9236910565927489f,0.6254069316172828f,0.22012248857462088f,-0.7486068794158733f,3.68008333368519f,-0.18208928430649157f,-0.8917262369059871f,-0.4143281440528006f,-0.8391068423813222f,0f,0f,0f,1f], start_interpolation: 0, interpolation_duration: 1 }
$data merge entity $(bone_rightarm) { transformation: [-0.13591645837553834f,0.7798840824650822f,0.6109889804736643f,-0.41207002039074436f,0.9850437872659075f,0.1723023165460596f,-0.0008055319356839452f,3.560139704659095f,-0.1059030382542849f,0.6017414142557073f,-0.7916386908546429f,-0.18319974774318815f,0f,0f,0f,1f], start_interpolation: 0, interpolation_duration: 1 }
$data merge entity $(bone_chest1) { transformation: [-0.4157342357161918f,-0.4553797549040787f,0.8907330886343486f,0.22100224120021553f,0.38746017763132984f,0.8160043107985019f,0.5980156240594984f,3.241514917451195f,-0.922307306224169f,0.5480669253776166f,-0.15027637639946514f,0.4690056933091308f,0f,0f,0f,1f], start_interpolation: 0, interpolation_duration: 1 }
$data merge entity $(bone_chest1lid) { transformation: [-0.3837546791226386f,-0.42035054298838037f,0.8222151587393988f,0.05551767419363708f,0.35765554858276605f,0.7532347484293864f,0.5520144222087677f,2.6328163769981523f,-0.8513605903607715f,0.5059079311178f,-0.13871665513796783f,-0.11315163709522591f,0f,0f,0f,1f], start_interpolation: 0, interpolation_duration: 1 }
$data merge entity $(bone_chest2) { transformation: [-0.3837546791226386f,-0.42035054298838037f,0.8222151587393988f,0.12119744653557152f,0.35765554858276605f,0.7532347484293864f,0.5520144222087677f,2.5151234475560607f,-0.8513605903607715f,0.5059079311178f,-0.13871665513796783f,-0.19219975133238215f,0f,0f,0f,1f], start_interpolation: 0, interpolation_duration: 1 }
$data merge entity $(bone_chest1lid3) { transformation: [-0.3837546791226386f,-0.42035054298838037f,0.8222151587393988f,0.6062339277062293f,0.35765554858276605f,0.7532347484293864f,0.5520144222087677f,2.9640971444392212f,-0.8513605903607715f,0.5059079311178f,-0.13871665513796783f,-0.14880695739543837f,0f,0f,0f,1f], start_interpolation: 0, interpolation_duration: 1 }
$data merge entity $(bone_chest3) { transformation: [-0.3837546791226386f,-0.42035054298838037f,0.8222151587393988f,0.6719137000481638f,0.35765554858276605f,0.7532347484293864f,0.5520144222087677f,2.8464042149971296f,-0.8513605903607715f,0.5059079311178f,-0.13871665513796783f,-0.2278550716325946f,0f,0f,0f,1f], start_interpolation: 0, interpolation_duration: 1 }
$data merge entity $(bone_hugeasssword2) { transformation: [-3.2203427050626456f,-0.004116740954575073f,-2.2292720094621687f,-0.5217064526120588f,-2.16205648698434f,0.9603145347377364f,3.121471691244077f,4.7023893819458635f,0.5433068992903733f,3.7971116423662252f,-0.7918576679985626f,-0.02965971982113569f,0f,0f,0f,1f], start_interpolation: 0, interpolation_duration: 1 }
$data merge entity $(bone_belt) { transformation: [-0.3837546791226386f,-0.42035054298838037f,0.8222151587393988f,0.29310163585084215f,0.35765554858276605f,0.7532347484293864f,0.5520144222087677f,2.857763592054464f,-0.8513605903607715f,0.5059079311178f,-0.13871665513796783f,0.31291375956469286f,0f,0f,0f,1f], start_interpolation: 0, interpolation_duration: 1 }
$data merge entity $(bone_torn_part) { transformation: [-0.8488802751701422f,-0.14889795628811017f,0.5071801228757766f,0.1953819058256667f,0.2870689066748172f,0.675807594031601f,0.6788781471440541f,2.646748093394759f,-0.4438397472597389f,0.7218819117157895f,-0.5309357628658744f,0.03939685890545361f,0f,0f,0f,1f], start_interpolation: 0, interpolation_duration: 1 }
$data merge entity $(bone_lowerbody) { transformation: [-0.8488802751701422f,0.010505499498296619f,0.5284807592593652f,0.19883312500000003f,0.2870689066748172f,0.8486717538752464f,0.44423833354950176f,2.1418525f,-0.4438397472597389f,0.5288155525838897f,-0.7234365142137951f,-0.07373687499999998f,0f,0f,0f,1f], start_interpolation: 0, interpolation_duration: 1 }
$data merge entity $(bone_leftfoot) { transformation: [-0.9823691602770915f,0.06292040093228851f,-0.17593416337803644f,0.17903503378811209f,-0.028113884619293716f,0.8811211230575461f,0.4720961558595923f,0.42588812167831647f,0.1847177951937623f,0.468715482638804f,-0.8638197468968386f,-0.5481798317570725f,0f,0f,0f,1f], start_interpolation: 0, interpolation_duration: 1 }
$data merge entity $(bone_leftlowerleg) { transformation: [-0.9823691602770915f,0.06292040093228851f,-0.17593416337803644f,0.2758688680634402f,-0.028113884619293716f,0.8811211230575461f,0.4720961558595923f,1.3308463586431372f,0.1847177951937623f,0.468715482638804f,-0.8638197468968386f,0.10452353169465722f,0f,0f,0f,1f], start_interpolation: 0, interpolation_duration: 1 }
$data merge entity $(bone_leftleg) { transformation: [-0.9877438616776577f,0.0033495848641304227f,-0.15592247355616662f,0.2593161293762247f,0.01852658657835817f,0.9952299020647514f,-0.09598860354189277f,2.328391072385646f,0.15485099194988328f,-0.09770477325813301f,-0.9830942834897394f,0.06550059083661337f,0f,0f,0f,1f], start_interpolation: 0, interpolation_duration: 1 }
$data merge entity $(bone_rightfoot) { transformation: [-0.9758580886178874f,-0.21586727493499538f,-0.03346275587157324f,0.06221255569349904f,-0.15624132344385172f,0.79675892797203f,-0.5837394349005373f,1.066029873173636f,0.15266849366858876f,-0.5643988460650353f,-0.8112465471476125f,1.4792778984444444f,0f,0f,0f,1f], start_interpolation: 0, interpolation_duration: 1 }
$data merge entity $(bone_rightlowerleg) { transformation: [-0.9758580886178874f,-0.21586727493499538f,-0.03346275587157324f,-0.17212379639740116f,-0.15624132344385172f,0.79675892797203f,-0.5837394349005373f,2.0396233192050466f,0.15266849366858876f,-0.5643988460650353f,-0.8112465471476125f,0.9777924113566329f,0f,0f,0f,1f], start_interpolation: 0, interpolation_duration: 1 }
$data merge entity $(bone_rightleg) { transformation: [-0.9586091204570304f,0.006427685414567064f,0.2846851182688262f,-0.1310203848593119f,-0.27640321214991803f,0.21942407472500697f,-0.9356574719111376f,2.326245605379889f,-0.06848225018065734f,-0.9755981551803419f,-0.20856528640481767f,0.05502677562558096f,0f,0f,0f,1f], start_interpolation: 0, interpolation_duration: 1 }
data modify entity @s data merge value {"locators":{"lefthand":{"posx":-0.8975584432079879,"posy":3.084973799366944,"posz":0.1171841505875883,"roty":11.648716526704845,"rotx":-72.82259023195846},"righthand":{"posx":-1.112304738939839,"posy":3.4743315168959703,"posz":0.1870247062719318,"roty":3.747107494600016,"rotx":-67.7372144626238},"chest":{"posx":-0.05867386914520267,"posy":2.5106636876444073,"posz":-0.14970142387355503,"roty":80.42375562125272,"rotx":33.505320804851735},"sack":{"posx":0,"posy":-0.4375,"posz":0,"roty":0,"rotx":0}},"cameras":{}}