# This file was generated by Animated Java via MC-Build. It is not recommended to edit this file directly.
$data merge entity $(bone_nose) { transformation: [-1f,-8.48690128407993e-17f,8.828843914152531e-17f,-7.444109465646876e-17f,0f,0.7209298158701364f,0.6930080811862523f,3.9585003577811855f,-1.2246467991473532e-16f,0.6930080811862523f,-0.7209298158701364f,0.607160503098086f,0f,0f,0f,1f], start_interpolation: 0, interpolation_duration: 1 }
$data merge entity $(bone_glowing_eye) { transformation: [-1f,-8.48690128407993e-17f,8.828843914152531e-17f,-0.1250000000000001f,0f,0.7209298158701364f,0.6930080811862523f,3.983130213747303f,-1.2246467991473532e-16f,0.6930080811862523f,-0.7209298158701364f,0.6792400773909784f,0f,0f,0f,1f], start_interpolation: 0, interpolation_duration: 1 }
$data merge entity $(bone_head) { transformation: [-1f,-8.48690128407993e-17f,8.828843914152531e-17f,-4.742928249510569e-17f,0f,0.7209298158701364f,0.6930080811862523f,3.9992514252657476f,-1.2246467991473532e-16f,0.6930080811862523f,-0.7209298158701364f,0.3865923182126991f,0f,0f,0f,1f], start_interpolation: 0, interpolation_duration: 1 }
$data merge entity $(bone_leftthumb2) { transformation: [-0.8166389863877876f,0.4630493756438887f,0.3445084057426344f,0.3012631965472901f,-0.011697819798838605f,0.5835120606714618f,-0.8120202189988242f,2.5266967088756527f,-0.577030265171144f,-0.6671573658191515f,-0.47110202961754477f,1.2515014288879134f,0f,0f,0f,1f], start_interpolation: 0, interpolation_duration: 1 }
$data merge entity $(bone_leftthumb) { transformation: [-0.8166389863877876f,0.4630493756438887f,0.3445084057426344f,0.4442634101373877f,-0.011697819798838605f,0.5835120606714618f,-0.8120202189988242f,2.6004054475497815f,-0.577030265171144f,-0.6671573658191515f,-0.47110202961754477f,1.0476268869049687f,0f,0f,0f,1f], start_interpolation: 0, interpolation_duration: 1 }
$data merge entity $(bone_leftpointerfinger) { transformation: [-0.8166389863877876f,0.4630493756438887f,0.3445084057426344f,0.39779405440958693f,-0.011697819798838605f,0.5835120606714618f,-0.8120202189988242f,2.372156553916886f,-0.577030265171144f,-0.6671573658191515f,-0.47110202961754477f,1.3075676751791494f,0f,0f,0f,1f], start_interpolation: 0, interpolation_duration: 1 }
$data merge entity $(bone_leftmidfinger) { transformation: [-0.8166389863877876f,0.4630493756438887f,0.3445084057426344f,0.4516234928068736f,-0.011697819798838605f,0.5835120606714618f,-0.8120202189988242f,2.24527839469832f,-0.577030265171144f,-0.6671573658191515f,-0.47110202961754477f,1.233957983051408f,0f,0f,0f,1f], start_interpolation: 0, interpolation_duration: 1 }
$data merge entity $(bone_leftringfinger) { transformation: [-0.8166389863877876f,0.4630493756438887f,0.3445084057426344f,0.5054529312041602f,-0.011697819798838605f,0.5835120606714618f,-0.8120202189988242f,2.1184002354797538f,-0.577030265171144f,-0.6671573658191515f,-0.47110202961754477f,1.1603482909236666f,0f,0f,0f,1f], start_interpolation: 0, interpolation_duration: 1 }
$data merge entity $(bone_invisibility) { transformation: [0.4913132189564456f,-0.3028400349857696f,0.8166389863877875f,0.2845543822434697f,0.5105193958005406f,0.8597866639599644f,0.011697819798838455f,2.4591604761842585f,-0.7056778779231402f,0.4111627484177192f,0.5770302651711438f,1.1411261019986385f,0f,0f,0f,1f], start_interpolation: 0, interpolation_duration: 1 }
$data merge entity $(bone_swiftness) { transformation: [0.34450840574263425f,0.4630493756438887f,0.8166389863877878f,0.2439118984919087f,-0.8120202189988242f,0.5835120606714618f,0.011697819798838424f,2.2272800463302285f,-0.4711020296175449f,-0.6671573658191515f,0.5770302651711439f,1.1130852976281185f,0f,0f,0f,1f], start_interpolation: 0, interpolation_duration: 1 }
$data merge entity $(bone_suspicious_stew) { transformation: [0.000005652607985185271f,-0.0000011653752858939483f,0.000008166389863877878f,0.32744426883690636f,0.0000018566695096476276f,0.00000982543100495547f,1.1697819798838672e-7f,2.279554557278004f,-0.000008037462366802385f,0.0000014501055168115774f,0.00000577030265171144f,1.0840674729681217f,0f,0f,0f,1f], start_interpolation: 0, interpolation_duration: 1 }
$data merge entity $(bone_log) { transformation: [-0.8480778926783209f,0.48087581568828464f,0.35777126444149715f,0.3256777445912883f,-0.012148161585833078f,0.60597606410582f,-0.8432813123297268f,2.309645734716381f,-0.5992447329297316f,-0.6928415399213506f,-0.48923848012909665f,0.910978199265825f,0f,0f,0f,1f], start_interpolation: 0, interpolation_duration: 1 }
$data merge entity $(bone_planks) { transformation: [0.061762613941070174f,-0.03502054187989324f,-0.026055258220591477f,0.24617044215269573f,0.0008847090822636732f,-0.04413116534225356f,0.06141329539042154f,2.308506844567709f,0.04364094550239278f,0.050457281013844314f,0.03562956614504113f,0.8547990055536627f,0f,0f,0f,1f], start_interpolation: 0, interpolation_duration: 1 }
$data merge entity $(bone_lefthand1) { transformation: [-0.8166389863877876f,0.4630493756438887f,0.3445084057426344f,0.6340705701661852f,-0.011697819798838605f,0.5835120606714618f,-0.8120202189988242f,2.487511548451514f,-0.577030265171144f,-0.6671573658191515f,-0.47110202961754477f,0.9166834705061568f,0f,0f,0f,1f], start_interpolation: 0, interpolation_duration: 1 }
$data merge entity $(bone_leftforearm) { transformation: [-0.8166389863877876f,0.4630493756438887f,0.3445084057426344f,0.903229281926829f,-0.011697819798838605f,0.5835120606714618f,-0.8120202189988242f,2.909750168295565f,-0.577030265171144f,-0.6671573658191515f,-0.47110202961754477f,0.4188850253041435f,0f,0f,0f,1f], start_interpolation: 0, interpolation_duration: 1 }
$data merge entity $(bone_leftelbow) { transformation: [-0.8166389863877876f,0.4630493756438887f,0.3445084057426344f,0.9900510398600582f,-0.011697819798838605f,0.5835120606714618f,-0.8120202189988242f,3.019158679671464f,-0.577030265171144f,-0.6671573658191515f,-0.47110202961754477f,0.29379301921305256f,0f,0f,0f,1f], start_interpolation: 0, interpolation_duration: 1 }
$data merge entity $(bone_leftarm) { transformation: [-0.9984336610205119f,-0.04090144348989993f,0.038174552539880606f,0.75f,-0.04237233911457539f,0.998357827798125f,-0.03855168676165685f,3.5102733846005147f,-0.036535043713358376f,-0.04010884683772406f,-0.9985271508507974f,0.2969505284459808f,0f,0f,0f,1f], start_interpolation: 0, interpolation_duration: 1 }
$data merge entity $(bone_rightthumb2) { transformation: [-1f,2.856504508214059e-18f,1.2243136121359234e-16f,-0.953125f,0f,0.9997279321583483f,-0.02332512941856274f,1.8005644863315589f,-1.2246467991473532e-16f,-0.02332512941856274f,-0.9997279321583483f,0.4452960153395916f,0f,0f,0f,1f], start_interpolation: 0, interpolation_duration: 1 }
$data merge entity $(bone_rightthumb) { transformation: [-1f,2.856504508214059e-18f,1.2243136121359234e-16f,-0.953125f,0f,0.9997279321583483f,-0.02332512941856274f,2.0437469564866158f,-1.2246467991473532e-16f,-0.02332512941856274f,-0.9997279321583483f,0.3541414525257377f,0f,0f,0f,1f], start_interpolation: 0, interpolation_duration: 1 }
$data merge entity $(bone_rightpointerfinger) { transformation: [-1f,2.856504508214059e-18f,1.2243136121359234e-16f,-1.0625f,0f,0.9997279321583483f,-0.02332512941856274f,1.7146178633056626f,-1.2246467991473532e-16f,-0.02332512941856274f,-0.9997279321583483f,0.314932763796281f,0f,0f,0f,1f], start_interpolation: 0, interpolation_duration: 1 }
$data merge entity $(bone_rightmidfinger) { transformation: [-1f,2.856504508214059e-18f,1.2243136121359234e-16f,-1.0625f,0f,0.9997279321583483f,-0.02332512941856274f,1.710973311834012f,-1.2246467991473532e-16f,-0.02332512941856274f,-0.9997279321583483f,0.15872527439653908f,0f,0f,0f,1f], start_interpolation: 0, interpolation_duration: 1 }
$data merge entity $(bone_rightringfinger) { transformation: [-1f,2.856504508214059e-18f,1.2243136121359234e-16f,-1.0625f,0f,0.9997279321583483f,-0.02332512941856274f,1.7073287603623617f,-1.2246467991473532e-16f,-0.02332512941856274f,-0.9997279321583483f,0.00251778499679714f,0f,0f,0f,1f], start_interpolation: 0, interpolation_duration: 1 }
$data merge entity $(bone_hugeasssword) { transformation: [-3.916666666666667f,1.1187975990505065e-17f,4.795228314199034e-16f,-0.796875f,0f,3.915601067620198f,-0.09135675688937074f,1.9144075032008416f,-4.796533296660467e-16f,-0.09135675688937074f,-3.915601067620198f,0.16960810642336774f,0f,0f,0f,1f], start_interpolation: 0, interpolation_duration: 1 }
$data merge entity $(bone_ice) { transformation: [-1f,2.856504508214059e-18f,1.2243136121359234e-16f,-0.78125f,0f,0.9997279321583483f,-0.02332512941856274f,1.8987867542608674f,-1.2246467991473532e-16f,-0.02332512941856274f,-0.9997279321583483f,0.16997256157053278f,0f,0f,0f,1f], start_interpolation: 0, interpolation_duration: 1 }
$data merge entity $(bone_righthand1) { transformation: [-1f,2.856504508214059e-18f,1.2243136121359234e-16f,-1.03125f,0f,0.9997279321583483f,-0.02332512941856274f,2.1479898270061244f,-1.2246467991473532e-16f,-0.02332512941856274f,-0.9997279321583483f,0.13289978133594368f,0f,0f,0f,1f], start_interpolation: 0, interpolation_duration: 1 }
$data merge entity $(bone_rightforearm) { transformation: [-1f,2.856504508214059e-18f,1.2243136121359234e-16f,-0.96875f,0f,0.9997279321583483f,-0.02332512941856274f,2.851287984452128f,-1.2246467991473532e-16f,-0.02332512941856274f,-0.9997279321583483f,0.13212004865349095f,0f,0f,0f,1f], start_interpolation: 0, interpolation_duration: 1 }
$data merge entity $(bone_rightelbow) { transformation: [-1f,2.856504508214059e-18f,1.2243136121359234e-16f,-0.96875f,0f,0.9997279321583483f,-0.02332512941856274f,3.0387369717318182f,-1.2246467991473532e-16f,-0.02332512941856274f,-0.9997279321583483f,0.12774658688751042f,0f,0f,0f,1f], start_interpolation: 0, interpolation_duration: 1 }
$data merge entity $(bone_rightarm) { transformation: [-1f,-3.409152358875726e-17f,1.1762383196451212e-16f,-0.75f,0f,0.9604714767262399f,0.2783784158215504f,3.5102733846005147f,-1.2246467991473532e-16f,0.2783784158215504f,-0.9604714767262399f,0.29695052844598063f,0f,0f,0f,1f], start_interpolation: 0, interpolation_duration: 1 }
$data merge entity $(bone_chest1) { transformation: [-1.0833333333333333f,-3.13390962327177e-17f,1.289155091391717e-16f,-0.0023231250000000188f,0f,1.0526750180454294f,0.25590314084466803f,3.3805096634855065f,-1.3267006990762992e-16f,0.25590314084466803f,-1.0526750180454294f,0.15213017638637688f,0f,0f,0f,1f], start_interpolation: 0, interpolation_duration: 1 }
$data merge entity $(bone_chest1lid) { transformation: [-1f,-2.892839652250865e-17f,1.189989315130816e-16f,-0.3437500000000001f,0f,0.9717000166573194f,0.23621828385661664f,2.623965103211228f,-1.2246467991473532e-16f,0.23621828385661664f,-0.9717000166573194f,0.3709319811268315f,0f,0f,0f,1f], start_interpolation: 0, interpolation_duration: 1 }
$data merge entity $(bone_chest2) { transformation: [-1f,-2.892839652250865e-17f,1.189989315130816e-16f,-0.3437500000000001f,0f,0.9717000166573194f,0.23621828385661664f,2.472136975608522f,-1.2246467991473532e-16f,0.23621828385661664f,-0.9717000166573194f,0.33402287427423516f,0f,0f,0f,1f], start_interpolation: 0, interpolation_duration: 1 }
$data merge entity $(bone_chest1lid3) { transformation: [-1f,-2.892839652250865e-17f,1.189989315130816e-16f,-0.28125f,0f,0.9717000166573194f,0.23621828385661664f,2.775292441306873f,-1.2246467991473532e-16f,0.23621828385661664f,-0.9717000166573194f,-0.2515633420442637f,0f,0f,0f,1f], start_interpolation: 0, interpolation_duration: 1 }
$data merge entity $(bone_chest3) { transformation: [-1f,-2.892839652250865e-17f,1.189989315130816e-16f,-0.28125f,0f,0.9717000166573194f,0.23621828385661664f,2.623464313704167f,-1.2246467991473532e-16f,0.23621828385661664f,-0.9717000166573194f,-0.2884724488968601f,0f,0f,0f,1f], start_interpolation: 0, interpolation_duration: 1 }
$data merge entity $(bone_hugeasssword2) { transformation: [-1.3357538510492757e-15f,2.887669569172986f,-2.646061646494669f,-1.234375f,-0.925188278438415f,2.5711781459751646f,2.8059485684662246f,4.570555257704066f,3.805825065241168f,0.6250481411137848f,0.682120349975017f,0.16878130605610245f,0f,0f,0f,1f], start_interpolation: 0, interpolation_duration: 1 }
$data merge entity $(bone_belt) { transformation: [-1f,-2.892839652250865e-17f,1.189989315130816e-16f,0.02970562499999998f,0f,0.9717000166573194f,0.23621828385661664f,2.9625308319478556f,-1.2246467991473532e-16f,0.23621828385661664f,-0.9717000166573194f,0.18523530880825553f,0f,0f,0f,1f], start_interpolation: 0, interpolation_duration: 1 }
$data merge entity $(bone_torn_part) { transformation: [-1f,-6.3373170962278e-17f,1.0479236150027568e-16f,-0.09375000000000001f,0f,0.8556945690237887f,0.5174812117779662f,2.6867105848606423f,-1.2246467991473532e-16f,0.5174812117779662f,-0.8556945690237887f,0.11282416420223101f,0f,0f,0f,1f], start_interpolation: 0, interpolation_duration: 1 }
$data merge entity $(bone_lowerbody) { transformation: [-1f,-2.892839652250865e-17f,1.189989315130816e-16f,0.0039062499999999835f,0f,0.9717000166573194f,0.23621828385661664f,2.1790294899348486f,-1.2246467991473532e-16f,0.23621828385661664f,-0.9717000166573194f,0.134128520130303f,0f,0f,0f,1f], start_interpolation: 0, interpolation_duration: 1 }
$data merge entity $(bone_leftfoot) { transformation: [-0.9961946980917455f,0.002709945596028808f,-0.08711360220288514f,0.2715676494468402f,-1.734723475976807e-18f,0.9995164914732592f,0.031093138680200416f,0.16505787904073554f,0.08715574274765805f,0.030974819900247086f,-0.9957130294609242f,-0.1497806575718746f,0f,0f,0f,1f], start_interpolation: 0, interpolation_duration: 1 }
$data merge entity $(bone_leftlowerleg) { transformation: [-0.9961946980917455f,0.023628724043558907f,-0.08389163780716938f,0.3106703483058195f,-1.734723475976807e-18f,0.9625485959090586f,0.27110920403685995f,1.1912304845298516f,0.08715574274765805f,0.27007755166539316f,-0.9588858079002582f,0.29716523556538604f,0f,0f,0f,1f], start_interpolation: 0, interpolation_duration: 1 }
$data merge entity $(bone_leftleg) { transformation: [-0.9961946980917455f,-0.02980901962620912f,-0.08189960831908923f,0.25f,-1.734723475976807e-18f,0.9396926207859084f,-0.3420201433256687f,2.1985607399348486f,0.08715574274765805f,-0.34071865342161006f,-0.9361168066628591f,-0.03774647986969698f,0f,0f,0f,1f], start_interpolation: 0, interpolation_duration: 1 }
$data merge entity $(bone_rightfoot) { transformation: [-0.9990492460208537f,0.042110354628535594f,0.011283707645219526f,-0.3652272392448407f,0.0415783769213215f,0.998173331253265f,-0.04383194437106355f,0.14629852722767978f,-0.013108874770640436f,-0.04332111272599612f,-0.998975194183734f,-0.14927743567498714f,0f,0f,0f,1f], start_interpolation: 0, interpolation_duration: 1 }
$data merge entity $(bone_rightlowerleg) { transformation: [-0.9990492460208537f,0.03712564149702272f,0.02285368172961107f,-0.32755234892197826f,0.0415783769213215f,0.9690300222908339f,0.24341744898756623f,1.1839161821209734f,-0.013108874770640436f,0.2441362378723414f,-0.9696523370568377f,0.2705440425744501f,0f,0f,0f,1f], start_interpolation: 0, interpolation_duration: 1 }
$data merge entity $(bone_rightleg) { transformation: [-0.9990492460208537f,0.04359159087106403f,-0.0006141909260003221f,-0.25f,0.0415783769213215f,0.9484842761862219f,-0.3140840912878067f,2.1985607399348486f,-0.013108874770640436f,-0.3138110116500511f,-0.9493949685823172f,-0.037746479869697036f,0f,0f,0f,1f], start_interpolation: 0, interpolation_duration: 1 }
data modify entity @s data merge value {"locators":{"lefthand":{"posx":0.359915595999671,"posy":2.2815310532782656,"posz":1.0380725330198006,"roty":36.177330418543846,"rotx":-54.29378449844659},"righthand":{"posx":-0.875,"posy":1.8835304604680583,"posz":0.18595776565767203,"roty":0,"rotx":-1.3365526854801952},"chest":{"posx":-0.3750000000000001,"posy":2.5263247453175492,"posz":0.5079964659884991,"roty":0,"rotx":13.6634473145198},"sack":{"posx":0,"posy":-0.4375,"posz":0,"roty":0,"rotx":0}},"cameras":{}}