# This file was generated by Animated Java via MC-Build. It is not recommended to edit this file directly.
$data merge entity $(bone_nose) { transformation: [-1f,-8.344203375360325e-17f,8.963830001556877e-17f,-7.972388655676851e-17f,0f,0.7319522663838949f,0.6813559126737508f,3.9362726778027115f,-1.2246467991473532e-16f,0.6813559126737508f,-0.7319522663838949f,0.6512318290527193f,0f,0f,0f,1f], start_interpolation: 0, interpolation_duration: 1 }
$data merge entity $(bone_glowing_eye) { transformation: [-1f,-8.344203375360325e-17f,8.963830001556877e-17f,-0.1250000000000001f,0f,0.7319522663838949f,0.6813559126737508f,3.96205545292887f,-1.2246467991473532e-16f,0.6813559126737508f,-0.7319522663838949f,0.7229070921631552f,0f,0f,0f,1f], start_interpolation: 0, interpolation_duration: 1 }
$data merge entity $(bone_head) { transformation: [-1f,-8.344203375360325e-17f,8.963830001556877e-17f,-5.263550511581375e-17f,0f,0.7319522663838949f,0.6813559126737508f,3.973480800728184f,-1.2246467991473532e-16f,0.6813559126737508f,-0.7319522663838949f,0.4300384085512755f,0f,0f,0f,1f], start_interpolation: 0, interpolation_duration: 1 }
$data merge entity $(bone_leftthumb2) { transformation: [-0.7901730822381705f,0.5666583871138356f,0.23350540126467273f,0.1293396693031077f,0.09220627738927545f,0.48657085544682566f,-0.8687616503044757f,2.609437169257163f,-0.6059079983926945f,-0.6649414071505027f,-0.43672465300285934f,1.3101235551610233f,0f,0f,0f,1f], start_interpolation: 0, interpolation_duration: 1 }
$data merge entity $(bone_leftthumb) { transformation: [-0.7901730822381705f,0.5666583871138356f,0.23350540126467273f,0.2882631766334483f,0.09220627738927545f,0.48657085544682566f,-0.8687616503044757f,2.6545228235431866f,-0.6059079983926945f,-0.6649414071505027f,-0.43672465300285934f,1.1097302650839242f,0f,0f,0f,1f], start_interpolation: 0, interpolation_duration: 1 }
$data merge entity $(bone_leftpointerfinger) { transformation: [-0.7901730822381705f,0.5666583871138356f,0.23350540126467273f,0.1996991399158024f,0.09220627738927545f,0.48657085544682566f,-0.8687616503044757f,2.4440584976522226f,-0.6059079983926945f,-0.6649414071505027f,-0.43672465300285934f,1.3737138835198748f,0f,0f,0f,1f], start_interpolation: 0, interpolation_duration: 1 }
$data merge entity $(bone_leftmidfinger) { transformation: [-0.7901730822381705f,0.5666583871138356f,0.23350540126467273f,0.23618435886340752f,0.09220627738927545f,0.48657085544682566f,-0.8687616503044757f,2.3083144897921484f,-0.6059079983926945f,-0.6649414071505027f,-0.43672465300285934f,1.305475656488178f,0f,0f,0f,1f], start_interpolation: 0, interpolation_duration: 1 }
$data merge entity $(bone_leftringfinger) { transformation: [-0.7901730822381705f,0.5666583871138356f,0.23350540126467273f,0.27266957781101264f,0.09220627738927545f,0.48657085544682566f,-0.8687616503044757f,2.172570481932074f,-0.6059079983926945f,-0.6649414071505027f,-0.43672465300285934f,1.2372374294564812f,0f,0f,0f,1f], start_interpolation: 0, interpolation_duration: 1 }
$data merge entity $(bone_invisibility) { transformation: [0.5848534175548351f,-0.18322931010255605f,0.7901730822381703f,0.10622290429720019f,0.409001739539125f,0.9078631942445852f,-0.0922062773892756f,2.541714663549223f,-0.7004741658536728f,0.37710932162353067f,0.6059079983926943f,1.2010258128204976f,0f,0f,0f,1f], start_interpolation: 0, interpolation_duration: 1 }
$data merge entity $(bone_swiftness) { transformation: [0.23350540126467256f,0.5666583871138356f,0.7901730822381705f,0.03211537564498454f,-0.8687616503044757f,0.48657085544682566f,-0.09220627738927564f,2.3177343404774984f,-0.43672465300285945f,-0.6649414071505027f,0.6059079983926944f,1.1776266457780988f,0f,0f,0f,1f], start_interpolation: 0, interpolation_duration: 1 }
$data merge entity $(bone_suspicious_stew) { transformation: [0.30612527781021837f,0.013926209540773532f,0.39508654111908437f,0.12344305513836529f,0.03691420835894155f,0.4964995889461887f,-0.046103138694637585f,2.356013845268064f,-0.3936046944674923f,0.05739528607900499f,0.30295399919634647f,1.1503090688426414f,0f,0f,0f,1f], start_interpolation: 0, interpolation_duration: 1 }
$data merge entity $(bone_log) { transformation: [-0.000008362914300097923f,0.0000059973132917179496f,0.0000024713391322508188f,0.13210330717083837f,9.75878846129995e-7f,0.000005149694992774548f,-0.0000091946680949049f,2.378413845622327f,-0.000006412717388384352f,-0.00000703750624715668f,-0.000004622140297993672f,0.9696362761638326f,0f,0f,0f,1f], start_interpolation: 0, interpolation_duration: 1 }
$data merge entity $(bone_planks) { transformation: [-0.4181457150048972f,0.29986566458589825f,0.12356695661254126f,0.05370098560742035f,0.048793942306499874f,0.257484749638728f,-0.45973340474524615f,2.387562709804796f,-0.3206358694192184f,-0.3518753123578349f,-0.2311070148996842f,0.9095170506477293f,0f,0f,0f,1f], start_interpolation: 0, interpolation_duration: 1 }
$data merge entity $(bone_lefthand1) { transformation: [-0.7901730822381705f,0.5666583871138356f,0.23350540126467273f,0.4630530163005283f,0.09220627738927545f,0.48657085544682566f,-0.8687616503044757f,2.510496284432542f,-0.6059079983926945f,-0.6649414071505027f,-0.43672465300285934f,0.9888053432068917f,0f,0f,0f,1f], start_interpolation: 0, interpolation_duration: 1 }
$data merge entity $(bone_leftforearm) { transformation: [-0.7901730822381705f,0.5666583871138356f,0.23350540126467273f,0.8084503552052978f,0.09220627738927545f,0.48657085544682566f,-0.8687616503044757f,2.8719537102914283f,-0.6059079983926945f,-0.6649414071505027f,-0.43672465300285934f,0.4902229891078208f,0f,0f,0f,1f], start_interpolation: 0, interpolation_duration: 1 }
$data merge entity $(bone_leftelbow) { transformation: [-0.7901730822381705f,0.5666583871138356f,0.23350540126467273f,0.9146988027891421f,0.09220627738927545f,0.48657085544682566f,-0.8687616503044757f,2.963185745687708f,-0.6059079983926945f,-0.6649414071505027f,-0.43672465300285934f,0.36554647526710154f,0f,0f,0f,1f], start_interpolation: 0, interpolation_duration: 1 }
$data merge entity $(bone_leftarm) { transformation: [-0.9935925349967956f,0.10748325476044744f,0.034946020442138466f,0.75f,0.10392463025260047f,0.9903845860273837f,-0.09131288510516031f,3.483965079228693f,-0.044424606081561215f,-0.08709604873625826f,-0.9952088889620256f,0.3433808460986942f,0f,0f,0f,1f], start_interpolation: 0, interpolation_duration: 1 }
$data merge entity $(bone_rightthumb2) { transformation: [-0.831887641940752f,-0.5473406357383029f,0.09154878292935241f,-0.09816397275734828f,-0.4654484991680614f,0.5983361122111787f,-0.6521898431026131f,2.394211674100057f,0.3021930604902344f,-0.5851599142914716f,-0.7525072949134403f,1.3668616510623848f,0f,0f,0f,1f], start_interpolation: 0, interpolation_duration: 1 }
$data merge entity $(bone_rightthumb) { transformation: [-0.831887641940752f,-0.5473406357383029f,0.09154878292935241f,-0.22457162850021392f,-0.4654484991680614f,0.5983361122111787f,-0.6521898431026131f,2.4852146045820653f,0.3021930604902344f,-0.5851599142914716f,-0.7525072949134403f,1.1590481786266933f,0f,0f,0f,1f], start_interpolation: 0, interpolation_duration: 1 }
$data merge entity $(bone_rightpointerfinger) { transformation: [-0.831887641940752f,-0.5473406357383029f,0.09154878292935241f,-0.13167184403603965f,-0.4654484991680614f,0.5983361122111787f,-0.6521898431026131f,2.2074057392708304f,0.3021930604902344f,-0.5851599142914716f,-0.7525072949134403f,1.3488323620456342f,0f,0f,0f,1f], start_interpolation: 0, interpolation_duration: 1 }
$data merge entity $(bone_rightmidfinger) { transformation: [-0.831887641940752f,-0.5473406357383029f,0.09154878292935241f,-0.11736734670332832f,-0.4654484991680614f,0.5983361122111787f,-0.6521898431026131f,2.105501076286047f,0.3021930604902344f,-0.5851599142914716f,-0.7525072949134403f,1.2312530972154092f,0f,0f,0f,1f], start_interpolation: 0, interpolation_duration: 1 }
$data merge entity $(bone_rightringfinger) { transformation: [-0.831887641940752f,-0.5473406357383029f,0.09154878292935241f,-0.10306284937061702f,-0.4654484991680614f,0.5983361122111787f,-0.6521898431026131f,2.003596413301264f,0.3021930604902344f,-0.5851599142914716f,-0.7525072949134403f,1.1136738323851842f,0f,0f,0f,1f], start_interpolation: 0, interpolation_duration: 1 }
$data merge entity $(bone_hugeasssword) { transformation: [-3.258226597601279f,-2.1437508233083533f,0.358566066473297f,-0.009006208180429964f,-1.823006621741574f,2.3434831061604497f,-2.554410218818568f,2.3608633229689375f,1.183589486920085f,-2.291876330974931f,-2.9473202384109745f,1.043880384415258f,0f,0f,0f,1f], start_interpolation: 0, interpolation_duration: 1 }
$data merge entity $(bone_ice) { transformation: [-0.831887641940752f,-0.5473406357383029f,0.09154878292935241f,0.01254423365830526f,-0.4654484991680614f,0.5983361122111787f,-0.6521898431026131f,2.3587869540151387f,0.3021930604902344f,-0.5851599142914716f,-0.7525072949134403f,1.0483017415059024f,0f,0f,0f,1f], start_interpolation: 0, interpolation_duration: 1 }
$data merge entity $(bone_righthand1) { transformation: [-0.831887641940752f,-0.5473406357383029f,0.09154878292935241f,-0.3294019362949162f,-0.4654484991680614f,0.5983361122111787f,-0.6521898431026131f,2.3716279246789616f,0.3021930604902344f,-0.5851599142914716f,-0.7525072949134403f,0.9540441750895481f,0f,0f,0f,1f], start_interpolation: 0, interpolation_duration: 1 }
$data merge entity $(bone_rightforearm) { transformation: [-0.831887641940752f,-0.5473406357383029f,0.09154878292935241f,-0.6636882929103846f,-0.4654484991680614f,0.5983361122111787f,-0.6521898431026131f,2.8316140010739286f,0.3021930604902344f,-0.5851599142914716f,-0.7525072949134403f,0.5354744705557399f,0f,0f,0f,1f], start_interpolation: 0, interpolation_duration: 1 }
$data merge entity $(bone_rightelbow) { transformation: [-0.831887641940752f,-0.5473406357383029f,0.09154878292935241f,-0.7663146621113164f,-0.4654484991680614f,0.5983361122111787f,-0.6521898431026131f,2.9438020221135246f,0.3021930604902344f,-0.5851599142914716f,-0.7525072949134403f,0.425756986626089f,0f,0f,0f,1f], start_interpolation: 0, interpolation_duration: 1 }
$data merge entity $(bone_rightarm) { transformation: [-0.9261768490567224f,-0.3672149161389958f,0.08573009761099921f,-0.75f,-0.37708895373223283f,0.9022870464333135f,-0.20900240862673725f,3.483965079228693f,-0.0006043546071526629f,-0.22590106507867094f,-0.9741500621320265f,0.343380846098694f,0f,0f,0f,1f], start_interpolation: 0, interpolation_duration: 1 }
$data merge entity $(bone_chest1) { transformation: [-1.0833333333333333f,-3.0552183028926134e-17f,1.2910426624036252e-16f,-0.0023231250000000244f,0f,1.0542163367450104f,0.24947750690401307f,3.3533204290096594f,-1.3267006990762992e-16f,0.24947750690401307f,-1.0542163367450104f,0.199354692024416f,0f,0f,0f,1f], start_interpolation: 0, interpolation_duration: 1 }
$data merge entity $(bone_chest1lid) { transformation: [-1f,-2.8202015103624123e-17f,1.1917316883725772e-16f,-0.3437500000000001f,0f,0.9731227723800097f,0.23028692944985824f,2.598124541125287f,-1.2246467991473532e-16f,0.23028692944985824f,-0.9731227723800097f,0.4227670291072539f,0f,0f,0f,1f], start_interpolation: 0, interpolation_duration: 1 }
$data merge entity $(bone_chest2) { transformation: [-1f,-2.8202015103624123e-17f,1.1917316883725772e-16f,-0.3437500000000001f,0f,0.9731227723800097f,0.23028692944985824f,2.4460741079409107f,-1.2246467991473532e-16f,0.23028692944985824f,-0.9731227723800097f,0.38678469638071356f,0f,0f,0f,1f], start_interpolation: 0, interpolation_duration: 1 }
$data merge entity $(bone_chest1lid3) { transformation: [-1f,-2.8202015103624123e-17f,1.1917316883725772e-16f,-0.28125f,0f,0.9731227723800097f,0.23028692944985824f,2.745652105304102f,-1.2246467991473532e-16f,0.23028692944985824f,-0.9731227723800097f,-0.20063974694868986f,0f,0f,0f,1f], start_interpolation: 0, interpolation_duration: 1 }
$data merge entity $(bone_chest3) { transformation: [-1f,-2.8202015103624123e-17f,1.1917316883725772e-16f,-0.28125f,0f,0.9731227723800097f,0.23028692944985824f,2.5936016721197257f,-1.2246467991473532e-16f,0.23028692944985824f,-0.9731227723800097f,-0.2366220796752302f,0f,0f,0f,1f], start_interpolation: 0, interpolation_duration: 1 }
$data merge entity $(bone_hugeasssword2) { transformation: [-1.3364362805689655e-15f,2.887669569172986f,-2.646061646494669f,-1.234375f,-0.901957140345278f,2.574942845325306f,2.8100570168710037f,4.543445450152399f,3.811397525155038f,0.6093534117062942f,0.6649925583506406f,0.20874673590604853f,0f,0f,0f,1f], start_interpolation: 0, interpolation_duration: 1 }
$data merge entity $(bone_belt) { transformation: [-1f,-2.8202015103624123e-17f,1.1917316883725772e-16f,0.02970562499999997f,0f,0.9731227723800097f,0.23028692944985824f,2.93555130030522f,-1.2246467991473532e-16f,0.23028692944985824f,-0.9731227723800097f,0.23500870312812816f,0f,0f,0f,1f], start_interpolation: 0, interpolation_duration: 1 }
$data merge entity $(bone_torn_part) { transformation: [-1f,-6.273280286424915e-17f,1.0517696169510618e-16f,-0.09375000000000003f,0f,0.8588350679423199f,0.5122522094364363f,2.6592945067604057f,-1.2246467991473532e-16f,0.5122522094364363f,-0.8588350679423199f,0.16428129269381386f,0f,0f,0f,1f], start_interpolation: 0, interpolation_duration: 1 }
$data merge entity $(bone_lowerbody) { transformation: [-1f,-2.8202015103624123e-17f,1.1917316883725772e-16f,0.0039062499999999766f,0f,0.9731227723800097f,0.23028692944985824f,2.151752803605343f,-1.2246467991473532e-16f,0.23028692944985824f,-0.9731227723800097f,0.18868189278931413f,0f,0f,0f,1f], start_interpolation: 0, interpolation_duration: 1 }
$data merge entity $(bone_leftfoot) { transformation: [-0.9961946980917455f,0.001195972644614355f,-0.0871475366452161f,0.26487513508771066f,-1.734723475976807e-18f,0.9999058455337164f,0.013722247173970525f,0.17489794922879043f,0.08715574274765805f,0.013670029880613943f,-0.9961009019116323f,-0.17172307407469561f,0f,0f,0f,1f], start_interpolation: 0, interpolation_duration: 1 }
$data merge entity $(bone_leftlowerleg) { transformation: [-0.9961946980917455f,0.029944132465123757f,-0.08185030497687269f,0.3106703483058195f,-1.734723475976807e-18f,0.9391269283752628f,0.34357038929518363f,1.1639537982003458f,0.08715574274765805f,0.342263000237179f,-0.9355532668826232f,0.3517186082243972f,0f,0f,0f,1f], start_interpolation: 0, interpolation_duration: 1 }
$data merge entity $(bone_leftleg) { transformation: [-0.9961946980917455f,-0.02980901962620912f,-0.08189960831908923f,0.25f,-1.734723475976807e-18f,0.9396926207859084f,-0.3420201433256687f,2.171284053605343f,0.08715574274765805f,-0.34071865342161006f,-0.9361168066628591f,0.016806892789314163f,0f,0f,0f,1f], start_interpolation: 0, interpolation_duration: 1 }
$data merge entity $(bone_rightfoot) { transformation: [-0.99905066675729f,0.04207881356326397f,0.011275579848604222f,-0.3639561131641505f,0.0415476227018654f,0.99817597447096f,-0.04380090223697414f,0.14179429399957288f,-0.01309810290223803f,-0.043290847047125436f,-0.9989766475059888f,-0.11470405841813064f,0f,0f,0f,1f], start_interpolation: 0, interpolation_duration: 1 }
$data merge entity $(bone_rightlowerleg) { transformation: [-0.99905066675729f,0.03620129740716092f,0.024232856163738953f,-0.3275185711838941f,0.0415476227018654f,0.9590513983749118f,0.2801681822101673f,1.1626953236109456f,-0.01309810290223803f,0.28090902680612506f,-0.9596450168469578f,0.34437465158650077f,0f,0f,0f,1f], start_interpolation: 0, interpolation_duration: 1 }
$data merge entity $(bone_rightleg) { transformation: [-0.99905066675729f,0.04353945052631072f,-0.0014427403373852685f,-0.25f,0.0415476227018654f,0.9423432078923274f,-0.3320588405494142f,2.171284053605343f,-0.01309810290223803f,-0.3318035484847394f,-0.9432575708221469f,0.0168068927893141f,0f,0f,0f,1f], start_interpolation: 0, interpolation_duration: 1 }
data modify entity @s data merge value {"locators":{"lefthand":{"posx":0.15730221082384732,"posy":2.351673052545119,"posz":1.1054922949761221,"roty":28.132265935310585,"rotx":-60.31505262498091},"righthand":{"posx":-0.05832348507350038,"posy":2.315992621763312,"posz":1.0975333910706886,"roty":6.936421628971232,"rotx":-40.70691085461593},"chest":{"posx":-0.3750000000000001,"posy":2.5013220351249963,"posz":0.5604245292010143,"roty":0,"rotx":13.313965065999088},"sack":{"posx":0,"posy":-0.4375,"posz":0,"roty":0,"rotx":0}},"cameras":{}}