# This file was generated by Animated Java via MC-Build. It is not recommended to edit this file directly.
$data merge entity $(bone_nose) { transformation: [-0.9998975444875542f,-0.004510292079781939f,0.013585204934583692f,-0.006518768099914607f,-0.0019142142201317533f,0.9826694492374566f,0.18535665437009077f,4.064705802841523f,-0.014185778500985633f,0.18531165856661286f,-0.9825774030007062f,0.411074096384207f,0f,0f,0f,1f], start_interpolation: 0, interpolation_duration: 1 }
$data merge entity $(bone_glowing_eye) { transformation: [-0.9998975444875542f,-0.004510292079781939f,0.013585204934583692f,-0.13228540879772868f,-0.0019142142201317533f,0.9826694492374566f,0.18535665437009077f,4.124533095664504f,-0.014185778500985633f,0.18531165856661286f,-0.9825774030007062f,0.4561356316023558f,0f,0f,0f,1f], start_interpolation: 0, interpolation_duration: 1 }
$data merge entity $(bone_head) { transformation: [-0.9998975444875542f,-0.004510292079781939f,0.013585204934583692f,-0.0034179537785404145f,-0.0019142142201317533f,0.9826694492374566f,0.18535665437009077f,3.9780778104057823f,-0.014185778500985633f,0.18531165856661286f,-0.9825774030007062f,0.20419986028443746f,0f,0f,0f,1f], start_interpolation: 0, interpolation_duration: 1 }
$data merge entity $(bone_leftthumb2) { transformation: [-0.8537448789502997f,0.42407785546946347f,0.3021219193745449f,0.35422176083267154f,-0.04103447698398609f,0.5236298301001308f,-0.8509570921779539f,2.5827828401003083f,-0.5190721080589756f,-0.7388976746002986f,-0.4296444729139224f,1.2561819309230335f,0f,0f,0f,1f], start_interpolation: 0, interpolation_duration: 1 }
$data merge entity $(bone_leftthumb) { transformation: [-0.8537448789502997f,0.42407785546946347f,0.3021219193745449f,0.4840422582275916f,-0.04103447698398609f,0.5236298301001308f,-0.8509570921779539f,2.638478463003842f,-0.5190721080589756f,-0.7388976746002986f,-0.4296444729139224f,1.0382564754158283f,0f,0f,0f,1f], start_interpolation: 0, interpolation_duration: 1 }
$data merge entity $(bone_leftpointerfinger) { transformation: [-0.8537448789502997f,0.42407785546946347f,0.3021219193745449f,0.4524320230075447f,-0.04103447698398609f,0.5236298301001308f,-0.8509570921779539f,2.4312619572265186f,-0.5190721080589756f,-0.7388976746002986f,-0.4296444729139224f,1.3173412020451616f,0f,0f,0f,1f], start_interpolation: 0, interpolation_duration: 1 }
$data merge entity $(bone_leftmidfinger) { transformation: [-0.8537448789502997f,0.42407785546946347f,0.3021219193745449f,0.4996385729098174f,-0.04103447698398609f,0.5236298301001308f,-0.8509570921779539f,2.298299911573713f,-0.5190721080589756f,-0.7388976746002986f,-0.4296444729139224f,1.2502092531523612f,0f,0f,0f,1f], start_interpolation: 0, interpolation_duration: 1 }
$data merge entity $(bone_leftringfinger) { transformation: [-0.8537448789502997f,0.42407785546946347f,0.3021219193745449f,0.54684512281209f,-0.04103447698398609f,0.5236298301001308f,-0.8509570921779539f,2.165337865920908f,-0.5190721080589756f,-0.7388976746002986f,-0.4296444729139224f,1.1830773042595608f,0f,0f,0f,1f], start_interpolation: 0, interpolation_duration: 1 }
$data merge entity $(bone_invisibility) { transformation: [0.44879577148023336f,-0.2640114337819482f,0.8537448789502996f,0.3292970636658815f,0.4474714630932747f,0.8933562902984533f,0.04103447698398592f,2.507432414589784f,-0.7735319290233763f,0.3636103703369654f,0.5190721080589754f,1.1526246384032561f,0f,0f,0f,1f], start_interpolation: 0, interpolation_duration: 1 }
$data merge entity $(bone_swiftness) { transformation: [0.30212191937454475f,0.42407785546946347f,0.8537448789502998f,0.284051924355754f,-0.8509570921779539f,0.5236298301001308f,0.0410344769839859f,2.2748324407634106f,-0.4296444729139225f,-0.7388976746002986f,0.5190721080589755f,1.145090616282986f,0f,0f,0f,1f], start_interpolation: 0, interpolation_duration: 1 }
$data merge entity $(bone_suspicious_stew) { transformation: [0.5440290095667124f,-0.1005044271700295f,0.9071039338846937f,0.36606627407347764f,0.12212352202177557f,1.0545573531466539f,0.04359913179548529f,2.323332811520474f,-0.9044470864118358f,0.08193838565377942f,0.5515141148126617f,1.1067021282287848f,0f,0f,0f,1f], start_interpolation: 0, interpolation_duration: 1 }
$data merge entity $(bone_log) { transformation: [-0.000008697030924011376f,0.000004320047257842538f,0.0000030776918730718985f,0.35310532872140404f,-4.180149410900719e-7f,0.000005334175275774358f,-0.000008668631962721617f,2.3427657959124017f,-0.000005287746125202221f,-0.000007527091622007834f,-0.00000437675394534399f,0.9391207201886846f,0f,0f,0f,1f], start_interpolation: 0, interpolation_duration: 1 }
$data merge entity $(bone_planks) { transformation: [-0.000008697030924011376f,0.000004320047257842538f,0.0000030776918730718985f,0.27157066380879735f,-4.180149410900719e-7f,0.000005334175275774358f,-0.000008668631962721617f,2.338846905839682f,-0.000005287746125202221f,-0.000007527091622007834f,-0.00000437675394534399f,0.8895481002649138f,0f,0f,0f,1f], start_interpolation: 0, interpolation_duration: 1 }
$data merge entity $(bone_lefthand) { transformation: [-0.8537448789502997f,0.42407785546946347f,0.3021219193745449f,0.663213762200738f,-0.04103447698398609f,0.5236298301001308f,-0.8509570921779539f,2.5128094302714903f,-0.5190721080589756f,-0.7388976746002986f,-0.4296444729139224f,0.9040073222486076f,0f,0f,0f,1f], start_interpolation: 0, interpolation_duration: 1 }
$data merge entity $(bone_leftforearm) { transformation: [-0.8537448789502997f,0.42407785546946347f,0.3021219193745449f,0.9033137944030836f,-0.04103447698398609f,0.5236298301001308f,-0.8509570921779539f,2.8917182043144263f,-0.5190721080589756f,-0.7388976746002986f,-0.4296444729139224f,0.3587410829308666f,0f,0f,0f,1f], start_interpolation: 0, interpolation_duration: 1 }
$data merge entity $(bone_leftelbow) { transformation: [-0.8537448789502997f,0.42407785546946347f,0.3021219193745449f,0.982828392303608f,-0.04103447698398609f,0.5236298301001308f,-0.8509570921779539f,2.989898797458201f,-0.5190721080589756f,-0.7388976746002986f,-0.4296444729139224f,0.2201977689433106f,0f,0f,0f,1f], start_interpolation: 0, interpolation_duration: 1 }
$data merge entity $(bone_leftarm) { transformation: [-0.9985483770727666f,-0.03583351022174855f,-0.04021315941992121f,0.7477358409399385f,-0.0301959945819162f,0.9906614061989018f,-0.13295931776007047f,3.48277910542286f,0.04460202413067195f,-0.13155203462205492f,-0.990305367869045f,0.1951254871567753f,0f,0f,0f,1f], start_interpolation: 0, interpolation_duration: 1 }
$data merge entity $(bone_rightthumb2) { transformation: [-0.9485051290833202f,-0.3049014740048776f,-0.08586682276809314f,-0.5221109980346091f,-0.1802954480729162f,0.7425414027928171f,-0.6450781476245039f,2.2365321380811922f,0.2604449490906293f,-0.5963785343958381f,-0.7592766769795128f,1.2038880438760267f,0f,0f,0f,1f], start_interpolation: 0, interpolation_duration: 1 }
$data merge entity $(bone_rightthumb) { transformation: [-0.9485051290833202f,-0.3049014740048776f,-0.08586682276809314f,-0.6042237617799546f,-0.1802954480729162f,0.7425414027928171f,-0.6450781476245039f,2.3635080822549885f,0.2604449490906293f,-0.5963785343958381f,-0.7592766769795128f,0.9927447945314786f,0f,0f,0f,1f], start_interpolation: 0, interpolation_duration: 1 }
$data merge entity $(bone_rightpointerfinger) { transformation: [-0.9485051290833202f,-0.3049014740048776f,-0.08586682276809314f,-0.6119457214328466f,-0.1802954480729162f,0.7425414027928171f,-0.6450781476245039f,2.0699038316607217f,0.2604449490906293f,-0.5963785343958381f,-0.7592766769795128f,1.1813265732034859f,0f,0f,0f,1f], start_interpolation: 0, interpolation_duration: 1 }
$data merge entity $(bone_rightmidfinger) { transformation: [-0.9485051290833202f,-0.3049014740048776f,-0.08586682276809314f,-0.6253624124903613f,-0.1802954480729162f,0.7425414027928171f,-0.6450781476245039f,1.969110371094393f,0.2604449490906293f,-0.5963785343958381f,-0.7592766769795128f,1.0626895924254371f,0f,0f,0f,1f], start_interpolation: 0, interpolation_duration: 1 }
$data merge entity $(bone_rightringfinger) { transformation: [-0.9485051290833202f,-0.3049014740048776f,-0.08586682276809314f,-0.6387791035478758f,-0.1802954480729162f,0.7425414027928171f,-0.6450781476245039f,1.8683169105280644f,0.2604449490906293f,-0.5963785343958381f,-0.7592766769795128f,0.9440526116473882f,0f,0f,0f,1f], start_interpolation: 0, interpolation_duration: 1 }
$data merge entity $(bone_hugeasssword) { transformation: [-3.7149784222430045f,-1.1941974398524373f,-0.33631172250836483f,-0.4340071803790936f,-0.7061571716189218f,2.9082871609385337f,-2.526556078195974f,2.177909417987685f,1.0200760506049649f,-2.3358159263836993f,-2.9738336515030923f,0.8842332111018889f,0f,0f,0f,1f], start_interpolation: 0, interpolation_duration: 1 }
$data merge entity $(bone_ice) { transformation: [-0.9485051290833202f,-0.3049014740048776f,-0.08586682276809314f,-0.4144227022058405f,-0.1802954480729162f,0.7425414027928171f,-0.6450781476245039f,2.169124324945187f,0.2604449490906293f,-0.5963785343958381f,-0.7592766769795128f,0.8894821733722827f,0f,0f,0f,1f], start_interpolation: 0, interpolation_duration: 1 }
$data merge entity $(bone_righthand) { transformation: [-0.9485051290833202f,-0.3049014740048776f,-0.08586682276809314f,-0.7304576911893929f,-0.1802954480729162f,0.7425414027928171f,-0.6450781476245039f,2.289527121511896f,0.2604449490906293f,-0.5963785343958381f,-0.7592766769795128f,0.7817713808903708f,0f,0f,0f,1f], start_interpolation: 0, interpolation_duration: 1 }
$data merge entity $(bone_rightforearm) { transformation: [-0.9485051290833202f,-0.3049014740048776f,-0.08586682276809314f,-0.8842183004256134f,-0.1802954480729162f,0.7425414027928171f,-0.6450781476245039f,2.832974356911786f,0.2604449490906293f,-0.5963785343958381f,-0.7592766769795128f,0.3580286126529377f,0f,0f,0f,1f], start_interpolation: 0, interpolation_duration: 1 }
$data merge entity $(bone_rightelbow) { transformation: [-0.9485051290833202f,-0.3049014740048776f,-0.08586682276809314f,-0.941387326801528f,-0.1802954480729162f,0.7425414027928171f,-0.6450781476245039f,2.972200869935439f,0.2604449490906293f,-0.5963785343958381f,-0.7592766769795128f,0.2462076374537181f,0f,0f,0f,1f], start_interpolation: 0, interpolation_duration: 1 }
$data merge entity $(bone_rightarm) { transformation: [-0.9968637804727309f,-0.053956023718496046f,0.05789085148884949f,-0.7521104757913927f,-0.06554164017978967f,0.9728730439480949f,-0.22186106860310328f,3.4799077840926627f,-0.0443497078249442f,-0.22495952494539317f,-0.9733582668022012f,0.17384681940529684f,0f,0f,0f,1f], start_interpolation: 0, interpolation_duration: 1 }
$data merge entity $(bone_chest) { transformation: [-1.083222339861517f,-0.003549979851829078f,0.015095402581673079f,-0.0024511839319735986f,-0.002073732071809399f,1.0782537532122507f,0.10476475757667704f,3.3324343585742096f,-0.0153679267094011f,0.10472512801547282f,-1.0781500755933324f,0.05941429783588259f,0f,0f,0f,1f], start_interpolation: 0, interpolation_duration: 1 }
$data merge entity $(bone_chest1lid) { transformation: [-0.9998975444875542f,-0.003276904478611457f,0.013934217767698227f,-0.34705620893666056f,-0.0019142142201317533f,0.9953111568113084f,0.09670593007077881f,2.6136931022276433f,-0.014185778500985633f,0.09666934893735953f,-0.9952154543938453f,0.3779493753036941f,0f,0f,0f,1f], start_interpolation: 0, interpolation_duration: 1 }
$data merge entity $(bone_chest1) { transformation: [-0.9998975444875542f,-0.003276904478611457f,0.013934217767698227f,-0.3465441926118775f,-0.0019142142201317533f,0.9953111568113084f,0.09670593007077881f,2.4581757339758763f,-0.014185778500985633f,0.09666934893735953f,-0.9952154543938453f,0.36284478953223165f,0f,0f,0f,1f], start_interpolation: 0, interpolation_duration: 1 }
$data merge entity $(bone_chest1lid3) { transformation: [-0.9998975444875542f,-0.003276904478611457f,0.013934217767698227f,-0.2756360041487568f,-0.0019142142201317533f,0.9953111568113084f,0.09670593007077881f,2.675764977067994f,-0.014185778500985633f,0.09666934893735953f,-0.9952154543938453f,-0.2587239140110513f,0f,0f,0f,1f], start_interpolation: 0, interpolation_duration: 1 }
$data merge entity $(bone_chest3) { transformation: [-0.9998975444875542f,-0.003276904478611457f,0.013934217767698227f,-0.27512398782397374f,-0.0019142142201317533f,0.9953111568113084f,0.09670593007077881f,2.520247608816227f,-0.014185778500985633f,0.09666934893735953f,-0.9952154543938453f,-0.2738284997825138f,0f,0f,0f,1f], start_interpolation: 0, interpolation_duration: 1 }
$data merge entity $(bone_hugeasssword2) { transformation: [-0.054575686256818925f,2.8787028202474216f,-2.655253160236687f,-1.2344874217182766f,-0.3787648927772168f,2.6391822965189977f,2.869064610551312f,4.510556467167637f,3.8979271963758944f,0.2967568975070821f,0.24161269278105046f,-0.10956086351645056f,0f,0f,0f,1f], start_interpolation: 0, interpolation_duration: 1 }
$data merge entity $(bone_belt) { transformation: [-0.9998975444875542f,-0.003276904478611457f,0.013934217767698227f,0.029055549965661336f,-0.0019142142201317533f,0.9953111568113084f,0.09670593007077881f,2.9233743273591744f,-0.014185778500985633f,0.09666934893735953f,-0.9952154543938453f,0.15163853984561793f,0f,0f,0f,1f], start_interpolation: 0, interpolation_duration: 1 }
$data merge entity $(bone_torn_part) { transformation: [-0.9998975444875542f,-0.00731533944153687f,0.012303915499330928f,-0.09338054622022719f,-0.0019142142201317533f,0.9201650875010337f,0.3915259219108418f,2.639859168457727f,-0.014185778500985633f,0.39146225559186454f,-0.920084814642243f,0.1171417148555754f,0f,0f,0f,1f], start_interpolation: 0, interpolation_duration: 1 }
$data merge entity $(bone_lowerbody) { transformation: [-0.9998975444875542f,-0.003276904478611457f,0.013934217767698227f,0.003906249999999974f,-0.0019142142201317533f,0.9953111568113084f,0.09670593007077881f,2.1404550562371867f,-0.014185778500985633f,0.09666934893735953f,-0.9952154543938453f,0.2112773875256267f,0f,0f,0f,1f], start_interpolation: 0, interpolation_duration: 1 }
$data merge entity $(bone_leftfoot) { transformation: [-0.9961946980917455f,0.00044429875850711745f,-0.0871546102768473f,0.26217876933960205f,-1.734723475976807e-18f,0.9999870063546584f,0.005097756550517862f,0.18066692294748798f,0.08715574274765805f,0.005078358047788278f,-0.9961817538911473f,-0.17994718086663886f,0f,0f,0f,1f], start_interpolation: 0, interpolation_duration: 1 }
$data merge entity $(bone_leftlowerleg) { transformation: [-0.9961946980917455f,0.03251111954427625f,-0.08086501468418668f,0.3106703483058195f,-1.734723475976807e-18f,0.9278219900932414f,0.37302326294671906f,1.1526560508321897f,0.08715574274765805f,0.3716037968124045f,-0.924291347303819f,0.37431410296070977f,0f,0f,0f,1f], start_interpolation: 0, interpolation_duration: 1 }
$data merge entity $(bone_leftleg) { transformation: [-0.9961946980917455f,-0.02980901962620912f,-0.08189960831908923f,0.25f,-1.734723475976807e-18f,0.9396926207859084f,-0.3420201433256687f,2.1599863062371867f,0.08715574274765805f,-0.34071865342161006f,-0.9361168066628591f,0.03940238752562672f,0f,0f,0f,1f], start_interpolation: 0, interpolation_duration: 1 }
$data merge entity $(bone_rightfoot) { transformation: [-0.9990513715928417f,0.042063157278917275f,0.011271544623108767f,-0.3634045936417484f,0.04153235679317781f,0.9981772858004f,-0.043785493617758964f,0.14047160274439463f,-0.013092755923251624f,-0.0432758236417945f,-0.9989773685276652f,-0.1002313460084327f,0f,0f,0f,1f], start_interpolation: 0, interpolation_duration: 1 }
$data merge entity $(bone_rightlowerleg) { transformation: [-0.9990513715928417f,0.03580116533714446f,0.02479180265660626f,-0.32749682785990464f,0.04153235679317781f,0.9545087498293663f,0.29527632793433406f,1.1540118311331722f,-0.013092755923251624f,0.2960258824151744f,-0.9550901824867909f,0.37491779531544844f,0f,0f,0f,1f], start_interpolation: 0, interpolation_duration: 1 }
$data merge entity $(bone_rightleg) { transformation: [-0.9990513715928417f,0.04351056974743722f,-0.0017852839312178326f,-0.25f,0.04153235679317781f,0.9397007176393821f,-0.33946667672576397f,2.1599863062371867f,-0.013092755923251624f,-0.3392187960421467f,-0.9406163873514275f,0.039402387525626664f,0f,0f,0f,1f], start_interpolation: 0, interpolation_duration: 1 }
data modify entity @s data merge value {"locators":{"lefthand":{"posx":0.39538623352906327,"posy":2.3212855506758565,"posz":1.0586399099533357,"roty":35.11452310591375,"rotx":-58.31592108308305},"righthand":{"posx":-0.49723930342032413,"posy":2.150698763326346,"posz":0.9350810000272691,"roty":353.5478167999364,"rotx":-40.17153496220622},"chest":{"posx":-0.3802754221981863,"posy":2.536316034158998,"posz":0.5269666501659916,"roty":0.8021576656843195,"rotx":5.549514555227406},"sack":{"posx":0,"posy":-0.4375,"posz":0,"roty":0,"rotx":0}},"cameras":{}}