# This file was generated by Animated Java via MC-Build. It is not recommended to edit this file directly.
$data merge entity $(bone_nose) { transformation: [-1f,-5.341834311772723e-18f,1.223481206754078e-16f,-3.6751179752992825e-17f,0f,0.9990482215818578f,0.043619387365336f,4.089358061041273f,-1.2246467991473532e-16f,0.043619387365336f,-0.9990482215818578f,0.30091424435077896f,0f,0f,0f,1f], start_interpolation: 0, interpolation_duration: 1 }
$data merge entity $(bone_glowing_eye) { transformation: [-1f,-5.341834311772723e-18f,1.223481206754078e-16f,-0.12500000000000003f,0f,0.9990482215818578f,0.043619387365336f,4.155479617124935f,-1.2246467991473532e-16f,0.043619387365336f,-0.9990482215818578f,0.338730043380172f,0f,0f,0f,1f], start_interpolation: 0, interpolation_duration: 1 }
$data merge entity $(bone_head) { transformation: [-1f,-5.341834311772723e-18f,1.223481206754078e-16f,-1.318128940833387e-17f,0f,0.9990482215818578f,0.043619387365336f,3.9741666570471343f,-1.2246467991473532e-16f,0.043619387365336f,-0.9990482215818578f,0.10845148397718202f,0f,0f,0f,1f], start_interpolation: 0, interpolation_duration: 1 }
$data merge entity $(bone_leftthumb2) { transformation: [-0.8770667116810658f,0.393971158683238f,0.27484670161155145f,0.3992213992699868f,-0.17702778150158177f,0.2668007311710815f,-0.9473534369089526f,2.952495632609827f,-0.44655923217148985f,-0.8795476655488111f,-0.16425819976502326f,1.424821707715635f,0f,0f,0f,1f], start_interpolation: 0, interpolation_duration: 1 }
$data merge entity $(bone_leftthumb) { transformation: [-0.8770667116810658f,0.393971158683238f,0.27484670161155145f,0.51932758315633f,-0.17702778150158177f,0.2668007311710815f,-0.9473534369089526f,2.9369680545894044f,-0.44655923217148985f,-0.8795476655488111f,-0.16425819976502326f,1.1950821442408612f,0f,0f,0f,1f], start_interpolation: 0, interpolation_duration: 1 }
$data merge entity $(bone_leftpointerfinger) { transformation: [-0.8770667116810658f,0.393971158683238f,0.27484670161155145f,0.4988684074415506f,-0.17702778150158177f,0.2668007311710815f,-0.9473534369089526f,2.8243792859205215f,-0.44655923217148985f,-0.8795476655488111f,-0.16425819976502326f,1.5248265349038361f,0f,0f,0f,1f], start_interpolation: 0, interpolation_duration: 1 }
$data merge entity $(bone_leftmidfinger) { transformation: [-0.8770667116810658f,0.393971158683238f,0.27484670161155145f,0.5418132045683555f,-0.17702778150158177f,0.2668007311710815f,-0.9473534369089526f,2.6763553114034977f,-0.44655923217148985f,-0.8795476655488111f,-0.16425819976502326f,1.4991611911905514f,0f,0f,0f,1f], start_interpolation: 0, interpolation_duration: 1 }
$data merge entity $(bone_leftringfinger) { transformation: [-0.8770667116810658f,0.393971158683238f,0.27484670161155145f,0.5847580016951603f,-0.17702778150158177f,0.2668007311710815f,-0.9473534369089526f,2.528331336886474f,-0.44655923217148985f,-0.8795476655488111f,-0.16425819976502326f,1.4734958474772664f,0f,0f,0f,1f], start_interpolation: 0, interpolation_duration: 1 }
$data merge entity $(bone_invisibility) { transformation: [0.41642644790200184f,-0.2394639779772383f,0.8770667116810656f,0.36892003505696896f,0.18321818140128596f,0.9670016869585253f,0.17702778150158155f,2.8499727017642167f,-0.8905167665416112f,0.08697551765113543f,0.44655923217148963f,1.3500292216949374f,0f,0f,0f,1f], start_interpolation: 0, interpolation_duration: 1 }
$data merge entity $(bone_swiftness) { transformation: [0.2748467016115512f,0.393971158683238f,0.8770667116810659f,0.32142307328229774f,-0.9473534369089526f,0.2668007311710815f,0.17702778150158155f,2.6269944510084655f,-0.16425819976502337f,-0.8795476655488111f,0.4465592321714898f,1.415078205212069f,0f,0f,0f,1f], start_interpolation: 0, interpolation_duration: 1 }
$data merge entity $(bone_suspicious_stew) { transformation: [0.49804777113363824f,-0.0869307993434641f,0.9230935362007721f,0.4019863935458581f,-0.16688649267415412f,1.022323223337763f,0.18631786916055698f,2.659837648070144f,-0.9120348343199721f,-0.2345388793593019f,0.46999382744579543f,1.360459606061596f,0f,0f,0f,1f], start_interpolation: 0, interpolation_duration: 1 }
$data merge entity $(bone_log) { transformation: [-0.000008895931771677217f,0.000003995979440306426f,0.000002787721244739235f,0.3815788889886878f,-0.0000017955613238484411f,0.0000027061123966070756f,-0.000009608837533296494f,2.6290420180416674f,-0.000004529370922989391f,-0.000008921095645806974f,-0.0000016660417258881573f,1.1968139186896085f,0f,0f,0f,1f], start_interpolation: 0, interpolation_duration: 1 }
$data merge entity $(bone_planks) { transformation: [-0.000008895931771677217f,0.000003995979440306426f,0.000002787721244739235f,0.29817952862921393f,-0.0000017955613238484411f,0.0000027061123966070756f,-0.000009608837533296494f,2.6122086306305885f,-0.000004529370922989391f,-0.000008921095645806974f,-0.0000016660417258881573f,1.154351066286583f,0f,0f,0f,1f], start_interpolation: 0, interpolation_duration: 1 }
$data merge entity $(bone_lefthand) { transformation: [-0.8770667116810658f,0.393971158683238f,0.27484670161155145f,0.6910617314649193f,-0.17702778150158177f,0.2668007311710815f,-0.9473534369089526f,2.772746115667219f,-0.44655923217148985f,-0.8795476655488111f,-0.16425819976502326f,1.0978375771362587f,0f,0f,0f,1f], start_interpolation: 0, interpolation_duration: 1 }
$data merge entity $(bone_leftforearm) { transformation: [-0.8770667116810658f,0.393971158683238f,0.27484670161155145f,0.908961553221324f,-0.17702778150158177f,0.2668007311710815f,-0.9473534369089526f,2.9640785408797394f,-0.44655923217148985f,-0.8795476655488111f,-0.16425819976502326f,0.4540622071578613f,0f,0f,0f,1f], start_interpolation: 0, interpolation_duration: 1 }
$data merge entity $(bone_leftelbow) { transformation: [-0.8770667116810658f,0.393971158683238f,0.27484670161155145f,0.9828311454744312f,-0.17702778150158177f,0.2668007311710815f,-0.9473534369089526f,3.014103677974317f,-0.44655923217148985f,-0.8795476655488111f,-0.16425819976502326f,0.28914701986745917f,0f,0f,0f,1f], start_interpolation: 0, interpolation_duration: 1 }
$data merge entity $(bone_leftarm) { transformation: [-0.9991289933830203f,-0.030334269471834336f,-0.02865461004869392f,0.75f,-0.015403499314376097f,0.9063057533801181f,-0.4223418208027339f,3.4770852210894416f,0.03878126854945035f,-0.4215325770159487f,-0.9059836089709288f,0.11517612163501861f,0f,0f,0f,1f], start_interpolation: 0, interpolation_duration: 1 }
$data merge entity $(bone_rightthumb2) { transformation: [-0.9592340976363873f,-0.26730548235565077f,-0.09174816093153335f,-0.5684671123944487f,-0.15656147733547696f,0.7728883587577857f,-0.6149244577273123f,2.1883632791302863f,0.2352837643065042f,-0.5754922797043494f,-0.783230608604166f,1.1278406666561045f,0f,0f,0f,1f], start_interpolation: 0, interpolation_duration: 1 }
$data merge entity $(bone_rightthumb) { transformation: [-0.9592340976363873f,-0.26730548235565077f,-0.09174816093153335f,-0.6418623456138609f,-0.15656147733547696f,0.7728883587577857f,-0.6149244577273123f,2.3253584456067107f,0.2352837643065042f,-0.5754922797043494f,-0.783230608604166f,0.91977257151592f,0f,0f,0f,1f], start_interpolation: 0, interpolation_duration: 1 }
$data merge entity $(bone_rightpointerfinger) { transformation: [-0.9592340976363873f,-0.26730548235565077f,-0.09174816093153335f,-0.6633696586885585f,-0.15656147733547696f,0.7728883587577857f,-0.6149244577273123f,2.025805957349777f,0.2352837643065042f,-0.5754922797043494f,-0.783230608604166f,1.0976262027366133f,0f,0f,0f,1f], start_interpolation: 0, interpolation_duration: 1 }
$data merge entity $(bone_rightmidfinger) { transformation: [-0.9592340976363873f,-0.26730548235565077f,-0.09174816093153335f,-0.6777053088341106f,-0.15656147733547696f,0.7728883587577857f,-0.6149244577273123f,1.929724010829884f,0.2352837643065042f,-0.5754922797043494f,-0.783230608604166f,0.9752464201422123f,0f,0f,0f,1f], start_interpolation: 0, interpolation_duration: 1 }
$data merge entity $(bone_rightringfinger) { transformation: [-0.9592340976363873f,-0.26730548235565077f,-0.09174816093153335f,-0.6920409589796627f,-0.15656147733547696f,0.7728883587577857f,-0.6149244577273123f,1.8336420643099915f,0.2352837643065042f,-0.5754922797043494f,-0.783230608604166f,0.8528666375478113f,0f,0f,0f,1f], start_interpolation: 0, interpolation_duration: 1 }
$data merge entity $(bone_hugeasssword) { transformation: [-3.7570002157425173f,-1.0469464725596322f,-0.35934696364850566f,-0.4757716127383815f,-0.6131991195639515f,3.0271460718013277f,-2.40845412609864f,2.137911795771785f,0.9215280768671414f,-2.254011428842035f,-3.067653217032984f,0.8080902791927913f,0f,0f,0f,1f], start_interpolation: 0, interpolation_duration: 1 }
$data merge entity $(bone_ice) { transformation: [-0.9592340976363873f,-0.26730548235565077f,-0.09174816093153335f,-0.45660693180100587f,-0.15656147733547696f,0.7728883587577857f,-0.6149244577273123f,2.128281688249561f,0.2352837643065042f,-0.5754922797043494f,-0.783230608604166f,0.8134060372458826f,0f,0f,0f,1f], start_interpolation: 0, interpolation_duration: 1 }
$data merge entity $(bone_righthand) { transformation: [-0.9592340976363873f,-0.26730548235565077f,-0.09174816093153335f,-0.7661089568281259f,-0.15656147733547696f,0.7728883587577857f,-0.6149244577273123f,2.26314701930116f,0.2352837643065042f,-0.5754922797043494f,-0.783230608604166f,0.7038779518775411f,0f,0f,0f,1f], start_interpolation: 0, interpolation_duration: 1 }
$data merge entity $(bone_rightforearm) { transformation: [-0.9592340976363873f,-0.26730548235565077f,-0.09174816093153335f,-0.8926724279926134f,-0.15656147733547696f,0.7728883587577857f,-0.6149244577273123f,2.8259774335381844f,0.2352837643065042f,-0.5754922797043494f,-0.783230608604166f,0.2967676857007041f,0f,0f,0f,1f], start_interpolation: 0, interpolation_duration: 1 }
$data merge entity $(bone_rightelbow) { transformation: [-0.9592340976363873f,-0.26730548235565077f,-0.09174816093153335f,-0.9427922059342979f,-0.15656147733547696f,0.7728883587577857f,-0.6149244577273123f,2.970894000805269f,0.2352837643065042f,-0.5754922797043494f,-0.783230608604166f,0.1888628832561386f,0f,0f,0f,1f], start_interpolation: 0, interpolation_duration: 1 }
$data merge entity $(bone_rightarm) { transformation: [-0.9982134645122507f,-0.048996896073084176f,0.03419332451887338f,-0.75f,-0.055266246833491746f,0.9746546525317614f,-0.21678088075088842f,3.4770852210894416f,-0.022705092543065367f,-0.21828333072727912f,-0.9756212719591635f,0.11517612163501843f,0f,0f,0f,1f], start_interpolation: 0, interpolation_duration: 1 }
$data merge entity $(bone_chest) { transformation: [-1.0833333333333333f,-5.7869871710871165e-18f,1.3254379739835844e-16f,-0.002323125f,0f,1.0823022400470126f,0.04725433631244733f,3.321738325469917f,-1.3267006990762992e-16f,0.04725433631244733f,-1.0823022400470126f,-0.001780706766138545f,0f,0f,0f,1f], start_interpolation: 0, interpolation_duration: 1 }
$data merge entity $(bone_chest1lid) { transformation: [-1f,-5.341834311772723e-18f,1.223481206754078e-16f,-0.3437500000000001f,0f,0.9990482215818578f,0.043619387365336f,2.6218703314332488f,-1.2246467991473532e-16f,0.043619387365336f,-0.9990482215818578f,0.35935457586541375f,0f,0f,0f,1f], start_interpolation: 0, interpolation_duration: 1 }
$data merge entity $(bone_chest1) { transformation: [-1f,-5.341834311772723e-18f,1.223481206754078e-16f,-0.3437500000000001f,0f,0.9990482215818578f,0.043619387365336f,2.4657690468110833f,-1.2246467991473532e-16f,0.043619387365336f,-0.9990482215818578f,0.35253904658958f,0f,0f,0f,1f], start_interpolation: 0, interpolation_duration: 1 }
$data merge entity $(bone_chest1lid3) { transformation: [-1f,-5.341834311772723e-18f,1.223481206754078e-16f,-0.28125f,0f,0.9990482215818578f,0.043619387365336f,2.649814001464167f,-1.2246467991473532e-16f,0.043619387365336f,-0.9990482215818578f,-0.28066069108546393f,0f,0f,0f,1f], start_interpolation: 0, interpolation_duration: 1 }
$data merge entity $(bone_chest3) { transformation: [-1f,-5.341834311772723e-18f,1.223481206754078e-16f,-0.28125f,0f,0.9990482215818578f,0.043619387365336f,2.4937127168420017f,-1.2246467991473532e-16f,0.043619387365336f,-0.9990482215818578f,-0.28747622036129766f,0f,0f,0f,1f], start_interpolation: 0, interpolation_duration: 1 }
$data merge entity $(bone_hugeasssword2) { transformation: [-1.3488715086017199e-15f,2.887669569172986f,-2.646061646494669f,-1.234375f,-0.17084260051423247f,2.643543182126462f,2.884921147598321f,4.492490712933301f,3.9129388678622767f,0.11541958795101033f,0.1259583775208482f,-0.21584757409284233f,0f,0f,0f,1f], start_interpolation: 0, interpolation_duration: 1 }
$data merge entity $(bone_belt) { transformation: [-1f,-5.341834311772723e-18f,1.223481206754078e-16f,0.029705624999999986f,0f,0.9990482215818578f,0.043619387365336f,2.9180775605126246f,-1.2246467991473532e-16f,0.043619387365336f,-0.9990482215818578f,0.11162229249024631f,0f,0f,0f,1f], start_interpolation: 0, interpolation_duration: 1 }
$data merge entity $(bone_torn_part) { transformation: [-1f,-4.188538737676992e-17f,1.1507915602278505e-16f,-0.09375000000000001f,0f,0.9396926207859084f,0.34202014332566866f,2.633456731202166f,-1.2246467991473532e-16f,0.34202014332566866f,-0.9396926207859084f,0.09398239200773278f,0f,0f,0f,1f], start_interpolation: 0, interpolation_duration: 1 }
$data merge entity $(bone_lowerbody) { transformation: [-1f,-5.341834311772723e-18f,1.223481206754078e-16f,0.003906249999999974f,0f,0.9990482215818578f,0.043619387365336f,2.1395062404096494f,-1.2246467991473532e-16f,0.043619387365336f,-0.9990482215818578f,0.2131750191807011f,0f,0f,0f,1f], start_interpolation: 0, interpolation_duration: 1 }
$data merge entity $(bone_leftfoot) { transformation: [-0.9961946980917455f,0.00036604835069316624f,-0.08715497405484614f,0.26195448099028795f,-1.734723475976807e-18f,0.9999911802391022f,0.0041999338099038f,0.18119569409808323f,0.08715574274765805f,0.004183951793762297f,-0.9961859118927006f,-0.1806131767751239f,0f,0f,0f,1f], start_interpolation: 0, interpolation_duration: 1 }
$data merge entity $(bone_leftlowerleg) { transformation: [-0.9961946980917455f,0.03272526460175862f,-0.0807785896796969f,0.3106703483058195f,-1.734723475976807e-18f,0.9268303743744698f,0.37548030192924925f,1.1517072350046524f,0.08715574274765805f,0.3740514860198058f,-0.9233035049822345f,0.37621173461578417f,0f,0f,0f,1f], start_interpolation: 0, interpolation_duration: 1 }
$data merge entity $(bone_leftleg) { transformation: [-0.9961946980917455f,-0.02980901962620912f,-0.08189960831908923f,0.25f,-1.734723475976807e-18f,0.9396926207859084f,-0.3420201433256687f,2.1590374904096494f,0.08715574274765805f,-0.34071865342161006f,-0.9361168066628591f,0.041300019180701114f,0f,0f,0f,1f], start_interpolation: 0, interpolation_duration: 1 }
$data merge entity $(bone_rightfoot) { transformation: [-0.9990514449495791f,0.04206152750212233f,0.011271124537792472f,-0.36335713826826077f,0.04153076764591518f,0.9981774222793593f,-0.04378388962249158f,0.14037489943291304f,-0.013092199314829642f,-0.043274259738575904f,-0.9989774435697631f,-0.09901210064931176f,0f,0f,0f,1f], start_interpolation: 0, interpolation_duration: 1 }
$data merge entity $(bone_rightlowerleg) { transformation: [-0.9990514449495791f,0.03576689832151943f,0.024838263397756122f,-0.32749452594648804f,0.04153076764591518f,0.954116316883207f,0.2965421541635602f,1.1532852838599144f,-0.013092199314829642f,0.297292419751466f,-0.9546967117757446f,0.37748165047869997f,0f,0f,0f,1f], start_interpolation: 0, interpolation_duration: 1 }
$data merge entity $(bone_rightleg) { transformation: [-0.9990514449495791f,0.043507696793970235f,-0.0018140186995101633f,-0.25f,0.04153076764591518f,0.9394762589075015f,-0.34008756855831423f,2.1590374904096494f,-0.013092199314829642f,-0.3398403143666876f,-0.9403920220037236f,0.04130001918070106f,0f,0f,0f,1f], start_interpolation: 0, interpolation_duration: 1 }
data modify entity @s data merge value {"locators":{"lefthand":{"posx":0.42904275103449585,"posy":2.6427391374403832,"posz":1.3140977404963388,"roty":59.135953733175114,"rotx":-71.32560043953197},"righthand":{"posx":-0.540924915278055,"posy":2.111135863795759,"posz":0.8566939352794378,"roty":353.318782526158,"rotx":-37.94643145864937},"chest":{"posx":-0.3750000000000001,"posy":2.5526142883085488,"posz":0.5127296487772455,"roty":0,"rotx":2.5},"sack":{"posx":0,"posy":-0.4375,"posz":0,"roty":0,"rotx":0}},"cameras":{}}