# This file was generated by Animated Java via MC-Build. It is not recommended to edit this file directly.
$data merge entity $(bone_nose) { transformation: [-0.9927826333048053f,0.0031921703128941995f,0.11988516612604876f,-0.848267256058932f,0.028419456474172933f,0.977434407601846f,0.20931868843880527f,2.5334009656619347f,-0.11651170542949493f,0.21121502996880337f,-0.9704706248069481f,1.2778370546036244f,0f,0f,0f,1f], start_interpolation: 0, interpolation_duration: 1 }
$data merge entity $(bone_glowing_eye) { transformation: [-0.9927826333048053f,-0.002040185426526425f,0.11991030252568884f,-0.9766875673024882f,0.028419456474172933f,0.9673737536737245f,0.251754553478028f,2.593667328266455f,-0.11651170542949493f,0.2533453341718257f,-0.9603338816012256f,1.313938079986361f,0f,0f,0f,1f], start_interpolation: 0, interpolation_duration: 1 }
$data merge entity $(bone_head) { transformation: [-0.9927826333048053f,-0.002040185426526425f,0.11991030252568884f,-0.8255615366385962f,0.028419456474172933f,0.9673737536737245f,0.251754553478028f,2.461094976512812f,-0.11651170542949493f,0.2533453341718257f,-0.9603338816012256f,1.0667274434450191f,0f,0f,0f,1f], start_interpolation: 0, interpolation_duration: 1 }
$data merge entity $(bone_leftthumb2) { transformation: [-0.4751502464940275f,-0.6739694606241101f,0.5656831351584659f,1.1435804807602823f,-0.8798986533490744f,0.36156320386225504f,-0.30830246422522556f,0.9854817989351912f,0.003256238804219609f,-0.6442338207195482f,-0.7648216662398774f,2.2116019417633956f,0f,0f,0f,1f], start_interpolation: 0, interpolation_duration: 1 }
$data merge entity $(bone_leftthumb) { transformation: [-0.4751502464940275f,-0.6739694606241101f,0.5656831351584659f,1.0266363918359787f,-0.8798986533490744f,0.36156320386225504f,-0.30830246422522556f,1.047805705121853f,0.003256238804219609f,-0.6442338207195482f,-0.7648216662398774f,1.9882486814428875f,0f,0f,0f,1f], start_interpolation: 0, interpolation_duration: 1 }
$data merge entity $(bone_leftpointerfinger) { transformation: [-0.21598404887526135f,-0.7958350841906492f,0.5656831351584659f,1.326268576274102f,-0.9504961703978396f,0.03881521108655889f,-0.30830246422522556f,1.0109550160540481f,0.22340080727358488f,-0.6042680681283494f,-0.7648216662398774f,2.1634307371422836f,0f,0f,0f,1f], start_interpolation: 0, interpolation_duration: 1 }
$data merge entity $(bone_leftmidfinger) { transformation: [-0.4751502464940275f,-0.6739694606241101f,0.5656831351584659f,1.4146565661426125f,-0.8798986533490744f,0.36156320386225504f,-0.30830246422522556f,0.9627827560188565f,0.003256238804219609f,-0.6442338207195482f,-0.7648216662398774f,2.0439273517923024f,0f,0f,0f,1f], start_interpolation: 0, interpolation_duration: 1 }
$data merge entity $(bone_leftringfinger) { transformation: [-0.6968985341044074f,-0.44083446299083406f,0.5656831351584659f,1.5030445560111227f,-0.6745561086425271f,0.6707634805545872f,-0.30830246422522556f,0.9146104959836651f,-0.243529237374445f,-0.5964405497565355f,-0.7648216662398774f,1.9244239664423217f,0f,0f,0f,1f], start_interpolation: 0, interpolation_duration: 1 }
$data merge entity $(bone_invisibility) { transformation: [-0.622102269544932f,-0.6222708489747127f,0.47515024649402743f,1.1457848973270077f,0.33331701645216033f,0.33864158985262754f,0.879898653349074f,0.895154445980569f,-0.7084409169228398f,0.7057626117458863f,-0.003256238804219814f,2.11747888484687f,0f,0f,0f,1f], start_interpolation: 0, interpolation_duration: 1 }
$data merge entity $(bone_swiftness) { transformation: [0.5656831351584658f,-0.6739694606241101f,0.4751502464940276f,1.3183700136904435f,-0.3083024642252258f,0.36156320386225504f,0.8798986533490742f,0.7425581032066133f,-0.7648216662398774f,-0.6442338207195482f,-0.003256238804219779f,2.0614845482907147f,0f,0f,0f,1f], start_interpolation: 0, interpolation_duration: 1 }
$data merge entity $(bone_suspicious_stew) { transformation: [-0.3717557471118218f,-0.7975148323047015f,0.47515024649402754f,1.2834428036359753f,0.1973932956450425f,0.4322201368155746f,0.8798986533490746f,0.820399458757296f,-0.9071017315184221f,0.4208988543404818f,-0.0032562388042196816f,2.004273282773122f,0f,0f,0f,1f], start_interpolation: 0, interpolation_duration: 1 }
$data merge entity $(bone_log) { transformation: [-0.4751502464940275f,-0.6739694606241101f,0.5656831351584659f,1.1811676824096995f,-0.8798986533490744f,0.36156320386225504f,-0.30830246422522556f,0.7686526824780447f,0.003256238804219609f,-0.6442338207195482f,-0.7648216662398774f,1.8881983119660797f,0f,0f,0f,1f], start_interpolation: 0, interpolation_duration: 1 }
$data merge entity $(bone_planks) { transformation: [-0.4751502464940275f,-0.6739694606241101f,0.5656831351584659f,1.1366223468008845f,-0.8798986533490744f,0.36156320386225504f,-0.30830246422522556f,0.686162183726569f,0.003256238804219609f,-0.6442338207195482f,-0.7648216662398774f,1.8885035843539755f,0f,0f,0f,1f], start_interpolation: 0, interpolation_duration: 1 }
$data merge entity $(bone_lefthand1) { transformation: [-0.4751502464940275f,-0.6739694606241101f,0.5656831351584659f,1.113785280903477f,-0.8798986533490744f,0.36156320386225504f,-0.30830246422522556f,1.0886525987879154f,0.003256238804219609f,-0.6442338207195482f,-0.7648216662398774f,1.750226474155134f,0f,0f,0f,1f], start_interpolation: 0, interpolation_duration: 1 }
$data merge entity $(bone_leftforearm) { transformation: [-0.7850293185963257f,-0.4598397534984048f,0.4150618870080883f,0.7183214949819803f,-0.5649855282363286f,0.8062515348690131f,-0.17535625282514666f,1.620324188257343f,-0.25400850739238034f,-0.37216375914896194f,-0.8927338990698225f,1.4693531555188086f,0f,0f,0f,1f], start_interpolation: 0, interpolation_duration: 1 }
$data merge entity $(bone_leftelbow) { transformation: [-0.7850293185963257f,-0.4598397534984048f,0.4150618870080883f,0.6321015412010293f,-0.5649855282363286f,0.8062515348690131f,-0.17535625282514666f,1.7714963510452828f,-0.25400850739238034f,-0.37216375914896194f,-0.8927338990698225f,1.3995724506783782f,0f,0f,0f,1f], start_interpolation: 0, interpolation_duration: 1 }
$data merge entity $(bone_leftarm) { transformation: [-0.7509184970731754f,-0.6399586855258383f,0.16301623101214388f,0.10472264967337186f,-0.6456442864773537f,0.7633082649274847f,0.022448786883507474f,2.003556265097322f,-0.13879793259451634f,-0.08839328884838352f,-0.9863679639941951f,1.4130797266939208f,0f,0f,0f,1f], start_interpolation: 0, interpolation_duration: 1 }
$data merge entity $(bone_rightthumb2) { transformation: [-0.6345539991460438f,0.24613956914628687f,0.7326367003285074f,-1.4678059375085062f,0.6459919375758423f,0.6893194681974633f,0.3279223800703079f,1.8717326533571819f,-0.42430606730846043f,0.6813618592674869f,-0.5964146024208175f,-1.3511654575518335f,0f,0f,0f,1f], start_interpolation: 0, interpolation_duration: 1 }
$data merge entity $(bone_rightthumb) { transformation: [-0.6345539991460438f,0.24613956914628687f,0.7326367003285074f,-1.3448327534038245f,0.6459919375758423f,0.6893194681974633f,0.3279223800703079f,2.0688065098314565f,-0.42430606730846043f,0.6813618592674869f,-0.5964146024208175f,-1.2350346726668038f,0f,0f,0f,1f], start_interpolation: 0, interpolation_duration: 1 }
$data merge entity $(bone_rightpointerfinger) { transformation: [-0.20686552823376136f,0.4438290108992135f,0.8719073702594747f,-1.4712925656293108f,0.9755728845195756f,0.16090756333352293f,0.14955367950078335f,2.115925981700226f,-0.07392022875182117f,0.8815466891471456f,-0.46627377648221263f,-1.556925715005206f,0f,0f,0f,1f], start_interpolation: 0, interpolation_duration: 1 }
$data merge entity $(bone_rightmidfinger) { transformation: [-0.14580868794369217f,0.4674584090668883f,0.8719073702594747f,-1.335057039026268f,0.9883186265460261f,0.02932557535588201f,0.14955367950078335f,2.139293744122223f,0.044340939799642404f,0.8835285204353621f,-0.46627377648221263f,-1.6297809925805518f,0f,0f,0f,1f], start_interpolation: 0, interpolation_duration: 1 }
$data merge entity $(bone_rightringfinger) { transformation: [-0.12527966095905746f,0.47337357788240664f,0.8719073702594747f,-1.1988215124232249f,0.9886571298381911f,-0.013812189105529282f,0.14955367950078335f,2.1626615065442203f,0.08283770983129321f,0.8807534724285351f,-0.46627377648221263f,-1.7026362701558975f,0f,0f,0f,1f], start_interpolation: 0, interpolation_duration: 1 }
$data merge entity $(bone_hugeasssword) { transformation: [-0.8803367399177141f,1.7038959056657161f,3.4149705335162763f,-1.200609961291936f,3.7921617598348387f,0.785290814501901f,0.5857519113780681f,1.9205023030050197f,-0.4298769467826458f,3.438071386270554f,-1.8262389578886662f,-1.4150373420165456f,0f,0f,0f,1f], start_interpolation: 0, interpolation_duration: 1 }
$data merge entity $(bone_ice) { transformation: [-0.22476682721303337f,0.4350372525103956f,0.8719073702594747f,-1.2038954366872074f,0.9682115131493204f,0.20049978242601726f,0.14955367950078335f,1.902241189011655f,-0.10975581619982445f,0.8778054603243968f,-0.46627377648221263f,-1.427038117705992f,0f,0f,0f,1f], start_interpolation: 0, interpolation_duration: 1 }
$data merge entity $(bone_righthand1) { transformation: [-0.22476682721303337f,0.4350372525103956f,0.8719073702594747f,-1.1240807250422582f,0.9682115131493204f,0.20049978242601726f,0.14955367950078335f,2.199092565389889f,-0.10975581619982445f,0.8778054603243968f,-0.46627377648221263f,-1.2495967621899182f,0f,0f,0f,1f], start_interpolation: 0, interpolation_duration: 1 }
$data merge entity $(bone_rightforearm) { transformation: [-0.5605229035910346f,-0.009351942458833196f,0.8280861161268932f,-1.0615304583418226f,0.7444486520099156f,0.4323500986693226f,0.5087922922974037f,2.441366941688459f,-0.3627813102552215f,0.9016573259020713f,-0.23538009171684626f,-0.5840271230846843f,0f,0f,0f,1f], start_interpolation: 0, interpolation_duration: 1 }
$data merge entity $(bone_rightelbow) { transformation: [-0.5605229035910346f,-0.009351942458833196f,0.8280861161268932f,-1.0632839475528537f,0.7444486520099156f,0.4323500986693226f,0.5087922922974037f,2.522432585188957f,-0.3627813102552215f,0.9016573259020713f,-0.23538009171684626f,-0.41496637447804596f,0f,0f,0f,1f], start_interpolation: 0, interpolation_duration: 1 }
$data merge entity $(bone_rightarm) { transformation: [-0.46836799816880526f,-0.33033044094160763f,0.8194591009188129f,-1.201044815772459f,0.84433075492657f,0.10586749429657885f,0.5252596024219762f,2.323841779660925f,-0.2602633177696668f,0.9379093098155531f,0.22932320420061827f,0.10716188195691367f,0f,0f,0f,1f], start_interpolation: 0, interpolation_duration: 1 }
$data merge entity $(bone_chest1) { transformation: [-0.8065130405472046f,-0.6669870973940285f,0.267880969570864f,-0.4066408722482374f,0.15632013983499116f,0.24840642203968316f,0.9984721615010268f,2.3719404203116343f,-0.7061953273849826f,0.8167212330473861f,-0.0849172814385569f,0.5649989039206259f,0f,0f,0f,1f], start_interpolation: 0, interpolation_duration: 1 }
$data merge entity $(bone_chest1lid) { transformation: [-0.7444735758897274f,-0.6156803975944879f,0.2582571253999697f,-0.3363920566390365f,0.144295513693838f,0.22929823572893832f,0.9626012278297944f,1.9053519472597062f,-0.6518726098938301f,0.7538965228129718f,-0.08186655825620534f,-0.1422740791187173f,0f,0f,0f,1f], start_interpolation: 0, interpolation_duration: 1 }
$data merge entity $(bone_chest2) { transformation: [-0.7444735758897274f,-0.6156803975944879f,0.2582571253999697f,-0.24019199451489776f,0.144295513693838f,0.22929823572893832f,0.9626012278297944f,1.8695240979270595f,-0.6518726098938301f,0.7538965228129718f,-0.08186655825620534f,-0.26007041080824417f,0f,0f,0f,1f], start_interpolation: 0, interpolation_duration: 1 }
$data merge entity $(bone_chest1lid3) { transformation: [-0.7444735758897274f,-0.6156803975944879f,0.2582571253999697f,-0.12441648718657294f,0.144295513693838f,0.22929823572893832f,0.9626012278297944f,2.5129998892323036f,-0.6518726098938301f,0.7538965228129718f,-0.08186655825620534f,-0.15397780488323448f,0f,0f,0f,1f], start_interpolation: 0, interpolation_duration: 1 }
$data merge entity $(bone_chest3) { transformation: [-0.7444735758897274f,-0.6156803975944879f,0.2582571253999697f,-0.028216425062434214f,0.144295513693838f,0.22929823572893832f,0.9626012278297944f,2.477172039899657f,-0.6518726098938301f,0.7538965228129718f,-0.08186655825620534f,-0.27177413657276134f,0f,0f,0f,1f], start_interpolation: 0, interpolation_duration: 1 }
$data merge entity $(bone_hugeasssword2) { transformation: [-1.0115070744832155f,0.5206654035767977f,-3.7478045244604727f,-1.965118329686932f,-3.7701881423333616f,0.1900595033093573f,1.043952362126021f,3.0883408170318134f,0.3206440198368039f,3.8772493730088846f,0.45210893579190103f,0.6134236627753723f,0f,0f,0f,1f], start_interpolation: 0, interpolation_duration: 1 }
$data merge entity $(bone_belt) { transformation: [-0.7444735758897274f,-0.6156803975944879f,0.2582571253999697f,-0.16665210867790198f,0.144295513693838f,0.22929823572893832f,0.9626012278297944f,2.1675189492907134f,-0.6518726098938301f,0.7538965228129718f,-0.08186655825620534f,0.2948024859605854f,0f,0f,0f,1f], start_interpolation: 0, interpolation_duration: 1 }
$data merge entity $(bone_torn_part) { transformation: [-0.6440269937620968f,-0.6775600435926153f,0.35516421361467343f,-0.04238131967942321f,0.13203430037545438f,0.3588488285991075f,0.9240099900636426f,2.071915870287839f,-0.7535225111634823f,0.6419812345698446f,-0.14164716597961985f,-0.01852872297958652f,0f,0f,0f,1f], start_interpolation: 0, interpolation_duration: 1 }
$data merge entity $(bone_lowerbody) { transformation: [-0.6440269937620968f,-0.5334032777619394f,0.5483704720155668f,0.20384816302266445f,0.13203430037545438f,0.6285609910149765f,0.7664711502063435f,1.6443223437499999f,-0.7535225111634823f,0.566031822291901f,-0.33438271684222787f,-0.1743026964213067f,0f,0f,0f,1f], start_interpolation: 0, interpolation_duration: 1 }
$data merge entity $(bone_leftfoot) { transformation: [-0.9627723499527832f,-0.041339193568179125f,0.26710048299895095f,0.340772220778026f,-0.05015526829999435f,0.998400726025938f,-0.026284279955102154f,0.13624498203760127f,-0.2655822370859673f,-0.03868077167633317f,-0.9633157604982185f,0.506108484172938f,0f,0f,0f,1f], start_interpolation: 0, interpolation_duration: 1 }
$data merge entity $(bone_leftlowerleg) { transformation: [-0.9627723499527832f,-0.04715612228886937f,0.2661351105619427f,0.24756790221707775f,-0.05015526829999435f,0.9987365222351814f,-0.00449802795157056f,1.244909413708142f,-0.2655822370859673f,-0.017656944132896535f,-0.9639303340208905f,0.6346239904026043f,0f,0f,0f,1f], start_interpolation: 0, interpolation_duration: 1 }
$data merge entity $(bone_leftleg) { transformation: [-0.9211473690923078f,0.37115713924148036f,0.117092805582221f,0.5591325917492758f,0.04395311157143897f,0.39813773205044795f,-0.9162886246857269f,1.5595646578504438f,-0.3866983947438992f,-0.8388734853407913f,-0.3830723581158315f,-0.10820883281474974f,0f,0f,0f,1f], start_interpolation: 0, interpolation_duration: 1 }
$data merge entity $(bone_rightfoot) { transformation: [-0.42723383256930914f,-0.01762300127480405f,0.9039718364064162f,-0.2845314479220521f,0.09752224453274047f,0.9930676148998389f,0.06544627056090653f,0.21020347377866555f,-0.8988660825901702f,0.11611999077706557f,-0.42255700697951865f,-0.2466061561820092f,0f,0f,0f,1f], start_interpolation: 0, interpolation_duration: 1 }
$data merge entity $(bone_rightlowerleg) { transformation: [-0.42723383256930914f,-0.03733884916341698f,0.9033722718420528f,-0.4647534310275599f,0.09752224453274047f,0.9914035888314464f,0.08709435197137788f,1.2966601639959392f,-0.8988660825901702f,0.12531038989158585f,-0.41992330560564683f,-0.043070563654185545f,0f,0f,0f,1f], start_interpolation: 0, interpolation_duration: 1 }
$data merge entity $(bone_rightleg) { transformation: [-0.5610132628940993f,0.7711822093002935f,0.30088240941806016f,0.22780258173082463f,0.08042140462717891f,0.4125207218080407f,-0.9073894688824606f,1.675610387710206f,-0.8238910829319054f,-0.484855292059076f,-0.29345208716925014f,-0.46081983453453335f,0f,0f,0f,1f], start_interpolation: 0, interpolation_duration: 1 }
data modify entity @s data merge value {"locators":{"lefthand":{"posx":1.2695280831429223,"posy":0.8277132819313009,"posz":1.950174145356897,"roty":36.48764775426483,"rotx":-17.956958845926632},"righthand":{"posx":-1.2453883364692084,"posy":1.9875414330267975,"posz":-1.4437579080347598,"roty":61.86326741238561,"rotx":8.60106252680303},"chest":{"posx":-0.3615295068796802,"posy":1.7451236004811745,"posz":-0.19697198112617817,"roty":72.41157653069469,"rotx":74.28084537043522},"sack":{"posx":0,"posy":-0.4375,"posz":0,"roty":0,"rotx":0}},"cameras":{}}