# This file was generated by Animated Java via MC-Build. It is not recommended to edit this file directly.
$data merge entity $(bone_nose) { transformation: [-0.9871599949947657f,0.004604866012904574f,0.15966821690911898f,-0.8952096523402654f,0.028419456474172877f,0.9886997274069207f,0.14719097635111267f,2.5435867326700117f,-0.1571861278091894f,0.1498387274187966f,-0.9761356857475653f,1.29817697382023f,0f,0f,0f,1f], start_interpolation: 0, interpolation_duration: 1 }
$data merge entity $(bone_glowing_eye) { transformation: [-0.9871599949947657f,-0.00885139968657414f,0.15948917519857825f,-1.0247694378403036f,0.028419456474172877f,0.972801233772448f,0.22989148323614778f,2.6049835052760004f,-0.1571861278091894f,0.2314722711133927f,-0.9600589090935836f,1.3277031169802995f,0f,0f,0f,1f], start_interpolation: 0, interpolation_duration: 1 }
$data merge entity $(bone_head) { transformation: [-0.9871599949947657f,-0.00885139968657414f,0.15948917519857825f,-0.8642515636657815f,0.028419456474172877f,0.972801233772448f,0.22989148323614778f,2.4665166060210306f,-0.1571861278091894f,0.2314722711133927f,-0.9600589090935836f,1.0898196701116765f,0f,0f,0f,1f], start_interpolation: 0, interpolation_duration: 1 }
$data merge entity $(bone_leftthumb2) { transformation: [-0.49300329909966245f,-0.6205036346128555f,0.6098548897148277f,1.027027949909796f,-0.8696412238987007f,0.3723376942281542f,-0.3241740013524096f,1.0107107079334683f,-0.025920817364021305f,-0.6901738048412862f,-0.7231792518719573f,2.362345178520491f,0f,0f,0f,1f], start_interpolation: 0, interpolation_duration: 1 }
$data merge entity $(bone_leftthumb) { transformation: [-0.49300329909966245f,-0.6205036346128555f,0.6098548897148277f,0.9269707615360577f,-0.8696412238987007f,0.3723376942281542f,-0.3241740013524096f,1.0743206351896428f,-0.025920817364021305f,-0.6901738048412862f,-0.7231792518719573f,2.131284138269854f,0f,0f,0f,1f], start_interpolation: 0, interpolation_duration: 1 }
$data merge entity $(bone_leftpointerfinger) { transformation: [-0.2510468201426737f,-0.7516997456346299f,0.6098548897148277f,1.213082700437809f,-0.9445424323742972f,0.05244816766689292f,-0.3241740013524096f,1.032068681821556f,0.21169574284972872f,-0.6574166731390514f,-0.7231792518719573f,2.3266834799510927f,0f,0f,0f,1f], start_interpolation: 0, interpolation_duration: 1 }
$data merge entity $(bone_leftmidfinger) { transformation: [-0.49300329909966245f,-0.6205036346128555f,0.6098548897148277f,1.308372526955751f,-0.8696412238987007f,0.3723376942281542f,-0.3241740013524096f,0.981416494110242f,-0.025920817364021305f,-0.6901738048412862f,-0.7231792518719573f,2.2136867218460994f,0f,0f,0f,1f], start_interpolation: 0, interpolation_duration: 1 }
$data merge entity $(bone_leftringfinger) { transformation: [-0.6929321181873793f,-0.3846064132009075f,0.6098548897148277f,1.4036623534736927f,-0.6609562605619415f,0.6767924633675698f,-0.3241740013524096f,0.930764306398928f,-0.2880657931937194f,-0.6277179848097313f,-0.7231792518719573f,2.100689963741106f,0f,0f,0f,1f], start_interpolation: 0, interpolation_duration: 1 }
$data merge entity $(bone_invisibility) { transformation: [-0.5649900750665975f,-0.6616146628915424f,0.4930032990996624f,1.0337190315172529f,0.3426672110224429f,0.355391789699862f,0.8696412238987004f,0.9198658251890167f,-0.7505767099812924f,0.6602747258988791f,0.0259208173640211f,2.268934918411822f,0f,0f,0f,1f], start_interpolation: 0, interpolation_duration: 1 }
$data merge entity $(bone_swiftness) { transformation: [0.6098548897148276f,-0.6205036346128555f,0.49300329909966256f,1.2064163340117777f,-0.32417400135240976f,0.3723376942281542f,0.8696412238987006f,0.7633687603688888f,-0.7231792518719573f,-0.6901738048412862f,0.025920817364021145f,2.2254499513734247f,0f,0f,0f,1f], start_interpolation: 0, interpolation_duration: 1 }
$data merge entity $(bone_suspicious_stew) { transformation: [-0.3046314625288286f,-0.8149524029747968f,0.4930032990996625f,1.1771529312112607f,0.2004506987331648f,0.45115813089576096f,0.8696412238987009f,0.8416298705184952f,-0.931138652089437f,0.3637429336939047f,0.025920817364021236f,2.1656907057877652f,0f,0f,0f,1f], start_interpolation: 0, interpolation_duration: 1 }
$data merge entity $(bone_log) { transformation: [-0.49300329909966245f,-0.6205036346128555f,0.6098548897148277f,1.0819578655494428f,-0.8696412238987007f,0.3723376942281542f,-0.3241740013524096f,0.7914475612431171f,-0.025920817364021305f,-0.6901738048412862f,-0.7231792518719573f,2.0430898761232297f,0f,0f,0f,1f], start_interpolation: 0, interpolation_duration: 1 }
$data merge entity $(bone_planks) { transformation: [-0.49300329909966245f,-0.6205036346128555f,0.6098548897148277f,1.0357388062588495f,-0.8696412238987007f,0.3723376942281542f,-0.3241740013524096f,0.709918696502614f,-0.025920817364021305f,-0.6901738048412862f,-0.7231792518719573f,2.040659799495353f,0f,0f,0f,1f], start_interpolation: 0, interpolation_duration: 1 }
$data merge entity $(bone_lefthand1) { transformation: [-0.49300329909966245f,-0.6205036346128555f,0.6098548897148277f,1.0310248163675564f,-0.8696412238987007f,0.3723376942281542f,-0.3241740013524096f,1.1120727283170937f,-0.025920817364021305f,-0.6901738048412862f,-0.7231792518719573f,1.8996259808749119f,0f,0f,0f,1f], start_interpolation: 0, interpolation_duration: 1 }
$data merge entity $(bone_leftforearm) { transformation: [-0.7687614448766474f,-0.43664919705955896f,0.46727221143399034f,0.6531214973136031f,-0.5711033437891566f,0.7975508815898953f,-0.19430275857029353f,1.6371505381088027f,-0.2878312206554629f,-0.4162331918317228f,-0.8624981845972565f,1.5842873038014487f,0f,0f,0f,1f], start_interpolation: 0, interpolation_duration: 1 }
$data merge entity $(bone_leftelbow) { transformation: [-0.7687614448766474f,-0.43664919705955896f,0.46727221143399034f,0.5712497728649358f,-0.5711033437891566f,0.7975508815898953f,-0.19430275857029353f,1.7866913284069081f,-0.2878312206554629f,-0.4162331918317228f,-0.8624981845972565f,1.5062435803330005f,0f,0f,0f,1f], start_interpolation: 0, interpolation_duration: 1 }
$data merge entity $(bone_leftarm) { transformation: [-0.7415794775383532f,-0.6333136798030438f,0.2212999355360747f,0.04408073912999322f,-0.6492102245145674f,0.7606080968666866f,0.0011863248216734956f,2.0184941325326258f,-0.1690738385430699f,-0.1427904266929868f,-0.9752050713389196f,1.4833740522538765f,0f,0f,0f,1f], start_interpolation: 0, interpolation_duration: 1 }
$data merge entity $(bone_rightthumb2) { transformation: [-0.6105722683171146f,0.1235889654809517f,0.7822578045462004f,-1.3121890112789039f,0.5984883816998798f,0.7188941748333869f,0.3535573819917823f,1.8861646827446437f,-0.5186647878276996f,0.6840445402179394f,-0.5129034069546385f,-1.378097596949804f,0f,0f,0f,1f], start_interpolation: 0, interpolation_duration: 1 }
$data merge entity $(bone_rightthumb) { transformation: [-0.6105722683171146f,0.1235889654809517f,0.7822578045462004f,-1.2150299480799347f,0.5984883816998798f,0.7188941748333869f,0.3535573819917823f,2.0926822173877833f,-0.5186647878276996f,0.6840445402179394f,-0.5129034069546385f,-1.2541722466952319f,0f,0f,0f,1f], start_interpolation: 0, interpolation_duration: 1 }
$data merge entity $(bone_rightpointerfinger) { transformation: [-0.20205519151999643f,0.35277833901023903f,0.9136307476792768f,-1.303151830571984f,0.9793608107937362f,0.07764730920156945f,0.1866100148844963f,2.124551779091466f,-0.005108998067485215f,0.9324796721103001f,-0.36118632205527074f,-1.590393954408866f,0f,0f,0f,1f], start_interpolation: 0, interpolation_duration: 1 }
$data merge entity $(bone_rightmidfinger) { transformation: [-0.20205519151999643f,0.35277833901023903f,0.9136307476792768f,-1.160397026247097f,0.9793608107937362f,0.07764730920156945f,0.1866100148844963f,2.1537095939171684f,-0.005108998067485215f,0.9324796721103001f,-0.36118632205527074f,-1.6468293172300021f,0f,0f,0f,1f], start_interpolation: 0, interpolation_duration: 1 }
$data merge entity $(bone_rightringfinger) { transformation: [-0.1864749047260467f,0.36125609586886887f,0.9136307476792768f,-1.01764222192221f,0.9818156043683878f,0.03485428759200307f,0.1866100148844963f,2.182867408742871f,0.03557005659469442f,0.9318150094487836f,-0.36118632205527074f,-1.7032646800511384f,0f,0f,0f,1f], start_interpolation: 0, interpolation_duration: 1 }
$data merge entity $(bone_hugeasssword) { transformation: [-1.0192922697694518f,1.2233016162628116f,3.5783870950771677f,-1.042102468391698f,3.724745322412735f,0.9655832443520106f,0.7308892249642772f,1.9482615452626286f,-0.6539062086648773f,3.5932519994641656f,-1.4146464280498106f,-1.4104862535263314f,0f,0f,0f,1f], start_interpolation: 0, interpolation_duration: 1 }
$data merge entity $(bone_ice) { transformation: [-0.26024483483475364f,0.3123323275564625f,0.9136307476792768f,-1.0429163354654747f,0.9509988057224004f,0.24653189217498142f,0.1866100148844963f,1.929550128107982f,-0.16695477668039418f,0.9174260424163826f,-0.36118632205527074f,-1.422212367053456f,0f,0f,0f,1f], start_interpolation: 0, interpolation_duration: 1 }
$data merge entity $(bone_righthand1) { transformation: [-0.26024483483475364f,0.3123323275564625f,0.9136307476792768f,-1.00134350142007f,0.9509988057224004f,0.24653189217498142f,0.1866100148844963f,2.234764365547468f,-0.16695477668039418f,0.9174260424163826f,-0.36118632205527074f,-1.2458816231836862f,0f,0f,0f,1f], start_interpolation: 0, interpolation_duration: 1 }
$data merge entity $(bone_rightforearm) { transformation: [-0.5353442192550527f,-0.11759766809079669f,0.8364074099204315f,-1.0172962866636241f,0.7466763673332597f,0.3969983310486144f,0.5337290769769079f,2.452385955659194f,-0.39481764065984326f,0.9102544224579312f,-0.12472336196388101f,-0.569140383170899f,0f,0f,0f,1f], start_interpolation: 0, interpolation_duration: 1 }
$data merge entity $(bone_rightelbow) { transformation: [-0.5353442192550527f,-0.11759766809079669f,0.8364074099204315f,-1.0393458494306484f,0.7466763673332597f,0.3969983310486144f,0.5337290769769079f,2.526823142730809f,-0.39481764065984326f,0.9102544224579312f,-0.12472336196388101f,-0.39846767896003693f,0f,0f,0f,1f], start_interpolation: 0, interpolation_duration: 1 }
$data merge entity $(bone_rightarm) { transformation: [-0.4572840505428848f,-0.4327457227067195f,0.7769314233560973f,-1.2282723546392798f,0.8443307549265698f,0.06309097558290906f,0.5320950150914079f,2.3055708120789205f,-0.27927920331492845f,0.8993056589831047f,0.3365300258769537f,0.09790764559937704f,0f,0f,0f,1f], start_interpolation: 0, interpolation_duration: 1 }
$data merge entity $(bone_chest1) { transformation: [-0.7768297611770767f,-0.6999663985211044f,0.257811511443035f,-0.4245534431411296f,0.15632013983499116f,0.24840642203968316f,0.9493815043009318f,2.3792965956852457f,-0.7387223071917117f,0.7886395891292475f,-0.07021340069057565f,0.6055760708095655f,0f,0f,0f,1f], start_interpolation: 0, interpolation_duration: 1 }
$data merge entity $(bone_chest1lid) { transformation: [-0.717073625701917f,-0.6461228294040965f,0.26140142433726676f,-0.3258421475373396f,0.144295513693838f,0.22929823572893832f,0.9626012278297944f,1.9107735767679248f,-0.6818975143308109f,0.7279750053500746f,-0.07119109168302248f,-0.09807205994990745f,0f,0f,0f,1f], start_interpolation: 0, interpolation_duration: 1 }
$data merge entity $(bone_chest2) { transformation: [-0.717073625701917f,-0.6461228294040965f,0.26140142433726676f,-0.2248854554429495f,0.144295513693838f,0.22929823572893832f,0.9626012278297944f,1.874945727435278f,-0.6818975143308109f,0.7279750053500746f,-0.07119109168302248f,-0.21181815453585662f,0f,0f,0f,1f], start_interpolation: 0, interpolation_duration: 1 }
$data merge entity $(bone_chest1lid3) { transformation: [-0.717073625701917f,-0.6461228294040965f,0.26140142433726676f,-0.11356475846490828f,0.144295513693838f,0.22929823572893832f,0.9626012278297944f,2.518421518740522f,-0.6818975143308109f,0.7279750053500746f,-0.07119109168302248f,-0.10106025841366809f,0f,0f,0f,1f], start_interpolation: 0, interpolation_duration: 1 }
$data merge entity $(bone_chest3) { transformation: [-0.717073625701917f,-0.6461228294040965f,0.26140142433726676f,-0.0126080663705182f,0.144295513693838f,0.22929823572893832f,0.9626012278297944f,2.4825936694078754f,-0.6818975143308109f,0.7279750053500746f,-0.07119109168302248f,-0.21480635299961726f,0f,0f,0f,1f], start_interpolation: 0, interpolation_duration: 1 }
$data merge entity $(bone_hugeasssword2) { transformation: [-1.0238222453209624f,0.36099084998516734f,-3.763210251100874f,-1.984230127420581f,-3.7701881423333616f,0.1900595033093573f,1.043952362126021f,3.0937624465400315f,0.2788317757585043f,3.895361442691367f,0.2978084105571444f,0.5900977285464306f,0f,0f,0f,1f], start_interpolation: 0, interpolation_duration: 1 }
$data merge entity $(bone_belt) { transformation: [-0.717073625701917f,-0.6461228294040965f,0.26140142433726676f,-0.17419576372628165f,0.144295513693838f,0.22929823572893832f,0.9626012278297944f,2.172940578798932f,-0.6818975143308109f,0.7279750053500746f,-0.07119109168302248f,0.34560681936755555f,0f,0f,0f,1f], start_interpolation: 0, interpolation_duration: 1 }
$data merge entity $(bone_torn_part) { transformation: [-0.6125371162680653f,-0.7695610227962939f,0.18048300027073144f,-0.024952258898818136f,0.13203430037545438f,0.12550934658710916f,0.9832671800907632f,2.093982276537839f,-0.779336400226736f,0.6261175896842375f,0.024729318017970736f,0.03072809806542312f,0f,0f,0f,1f], start_interpolation: 0, interpolation_duration: 1 }
$data merge entity $(bone_lowerbody) { transformation: [-0.6125371162680653f,-0.5561996857247296f,0.5616406242373453f,0.2274669838736365f,0.13203430037545438f,0.6285609910149765f,0.7664711502063435f,1.6663887499999999f,-0.779336400226736f,0.5436478549336721f,-0.31157950046119876f,-0.11480201851441066f,0f,0f,0f,1f], start_interpolation: 0, interpolation_duration: 1 }
$data merge entity $(bone_leftfoot) { transformation: [-0.9510528335424013f,-0.045933754454835024f,0.30556738458217464f,0.3560350052127582f,-0.05015526829999434f,0.9987287041005088f,-0.005991659287390393f,0.13926730570536883f,-0.3048983934037056f,-0.02100425372663157f,-0.9521567555443604f,0.5154689358980575f,0f,0f,0f,1f], start_interpolation: 0, interpolation_duration: 1 }
$data merge entity $(bone_leftlowerleg) { transformation: [-0.9510528335424013f,-0.05876483268853437f,0.30336122157882384f,0.2442326444586735f,-0.05015526829999434f,0.998094600216897f,0.03608453121727523f,1.2409842724692786f,-0.3048983934037056f,0.019123445827548102f,-0.9521963871088025f,0.6829848176330676f,0f,0f,0f,1f], start_interpolation: 0, interpolation_duration: 1 }
$data merge entity $(bone_leftleg) { transformation: [-0.9044888357344164f,0.40529580377134644f,0.1327264650287064f,0.5860419694694592f,0.04395311157143897f,0.39813773205044795f,-0.9162886246857269f,1.5556395166115804f,-0.4242028643408584f,-0.8229226317601582f,-0.3779402626772163f,-0.04642559108621491f,0f,0f,0f,1f], start_interpolation: 0, interpolation_duration: 1 }
$data merge entity $(bone_rightfoot) { transformation: [-0.3722453771574313f,0.01906417096741451f,0.9279408999327113f,-0.28389758806766807f,0.10562388473584933f,0.9941524941943324f,0.021941386387211645f,0.20329307357558424f,-0.922104410823304f,0.10618190768945922f,-0.37208529888476377f,-0.23067663200441013f,0f,0f,0f,1f], start_interpolation: 0, interpolation_duration: 1 }
$data merge entity $(bone_rightlowerleg) { transformation: [-0.3722453771574313f,-0.02004172752840927f,0.9279203012868519f,-0.4487022741859038f,0.10562388473584933f,0.9923457887999798f,0.06380001254193407f,1.2943740902235485f,-0.922104410823304f,0.12176153687988217f,-0.3672821739526517f,-0.039166127859976974f,0f,0f,0f,1f], start_interpolation: 0, interpolation_duration: 1 }
$data merge entity $(bone_rightleg) { transformation: [-0.5103576490641697f,0.8010942408532321f,0.31268235012756124f,0.26970945733676344f,0.08887811854474234f,0.4107847471705044f,-0.9073881179535125f,1.6716567521875927f,-0.8553570892239337f,-0.4352974946675534f,-0.2808496952383742f,-0.4123871524203229f,0f,0f,0f,1f], start_interpolation: 0, interpolation_duration: 1 }
data modify entity @s data merge value {"locators":{"lefthand":{"posx":1.1671247886423715,"posy":0.8489527623931772,"posz":2.110739457064831,"roty":40.14083467617186,"rotx":-18.915539628080097},"righthand":{"posx":-1.0864699617817912,"posy":2.0119384238466527,"posz":-1.4465556229978855,"roty":68.4295894129486,"rotx":10.755014266014747},"chest":{"posx":-0.3487119940554664,"posy":1.750545229989393,"posz":-0.15375618703165272,"roty":74.76532653069472,"rotx":74.28084537043522},"sack":{"posx":0,"posy":-0.4375,"posz":0,"roty":0,"rotx":0}},"cameras":{}}