# This file was generated by Animated Java via MC-Build. It is not recommended to edit this file directly.
$data merge entity $(bone_nose) { transformation: [-0.9924956419719203f,0.01097522155040262f,0.12178647370979083f,-0.8459992968880086f,0.028419456474172905f,0.9893952557610091f,0.1424407328376266f,2.555616191644449f,-0.1189316407036349f,0.1448329119693695f,-0.9822823893616409f,1.2705745181186618f,0f,0f,0f,1f], start_interpolation: 0, interpolation_duration: 1 }
$data merge entity $(bone_glowing_eye) { transformation: [-0.9924956419719203f,0.006972273058833051f,0.1220810717316123f,-0.9738492678974415f,0.028419456474172905f,0.9841873371031772f,0.17483598021994756f,2.619705092145457f,-0.1189316407036349f,0.17699342613258384f,-0.9769997911695739f,1.3017849743892025f,0f,0f,0f,1f], start_interpolation: 0, interpolation_duration: 1 }
$data merge entity $(bone_head) { transformation: [-0.9924956419719203f,0.006972273058833051f,0.1220810717316123f,-0.8239999202898569f,0.028419456474172905f,0.9841873371031772f,0.17483598021994756f,2.4668307263204636f,-0.1189316407036349f,0.17699342613258384f,-0.9769997911695739f,1.0657718270688086f,0f,0f,0f,1f], start_interpolation: 0, interpolation_duration: 1 }
$data merge entity $(bone_leftthumb2) { transformation: [-0.503240569537069f,-0.5548079252850046f,0.6625232789970141f,0.9631359421817897f,-0.863361290228496f,0.2901289410031176f,-0.4128346886193026f,1.1962952996061331f,0.0368267797532395f,-0.779752116786712f,-0.6250043397126521f,2.559312842799057f,0f,0f,0f,1f], start_interpolation: 0, interpolation_duration: 1 }
$data merge entity $(bone_leftthumb) { transformation: [-0.503240569537069f,-0.5548079252850046f,0.6625232789970141f,0.8836910426799692f,-0.863361290228496f,0.2901289410031176f,-0.4128346886193026f,1.2321674260174063f,0.0368267797532395f,-0.779752116786712f,-0.6250043397126521f,2.314673175936998f,0f,0f,0f,1f], start_interpolation: 0, interpolation_duration: 1 }
$data merge entity $(bone_leftpointerfinger) { transformation: [-0.2831359635498874f,-0.6934673250642178f,0.6625232789970141f,1.1518351091602133f,-0.9105241754847294f,-0.02265492728872459f,-0.4128346886193026f,1.2120473823404703f,0.30129678392331183f,-0.7201318096972393f,-0.6250043397126521f,2.537204331798096f,0f,0f,0f,1f], start_interpolation: 0, interpolation_duration: 1 }
$data merge entity $(bone_leftmidfinger) { transformation: [-0.503240569537069f,-0.5548079252850046f,0.6625232789970141f,1.2553543715034967f,-0.863361290228496f,0.2901289410031176f,-0.4128346886193026f,1.1475419622437042f,0.0368267797532395f,-0.779752116786712f,-0.6250043397126521f,2.4395474037179943f,0f,0f,0f,1f], start_interpolation: 0, interpolation_duration: 1 }
$data merge entity $(bone_leftringfinger) { transformation: [-0.6772494632760407f,-0.31999385819005877f,0.6625232789970141f,1.3588736338467802f,-0.6866142862331226f,0.5984382522977483f,-0.4128346886193026f,1.0830365421469381f,-0.2643747083835642f,-0.7344900196105166f,-0.6250043397126521f,2.3418904756378924f,0f,0f,0f,1f], start_interpolation: 0, interpolation_duration: 1 }
$data merge entity $(bone_invisibility) { transformation: [-0.4949540051596042f,-0.7083568747096856f,0.503240569537069f,0.9760915330753089f,0.2530439988716649f,0.4365501313366242f,0.8633612902284956f,1.0948010773641965f,-0.8312576420169037f,0.5546661346084716f,-0.036826779753239676f,2.4783553508443026f,0f,0f,0f,1f], start_interpolation: 0, interpolation_duration: 1 }
$data merge entity $(bone_swiftness) { transformation: [0.662523278997014f,-0.5548079252850046f,0.5032405695370691f,1.1492346618663074f,-0.4128346886193028f,0.2901289410031176f,0.8633612902284958f,0.9331396647112437f,-0.6250043397126521f,-0.779752116786712f,-0.03682677975323964f,2.468676685851307f,0f,0f,0f,1f], start_interpolation: 0, interpolation_duration: 1 }
$data merge entity $(bone_suspicious_stew) { transformation: [-0.22283230646298097f,-0.8349219678319613f,0.503240569537069f,1.1263212693849836f,0.08847463998526964f,0.49676908178193224f,0.8633612902284962f,1.003794779138556f,-0.9708336630318632f,0.2369088158282454f,-0.03682677975323959f,2.397717917622557f,0f,0f,0f,1f], start_interpolation: 0, interpolation_duration: 1 }
$data merge entity $(bone_log) { transformation: [-0.503240569537069f,-0.5548079252850046f,0.6625232789970141f,1.040847254033243f,-0.863361290228496f,0.2901289410031176f,-0.4128346886193026f,0.9397691497759945f,0.0368267797532395f,-0.779752116786712f,-0.6250043397126521f,2.2744043352020538f,0f,0f,0f,1f], start_interpolation: 0, interpolation_duration: 1 }
$data merge entity $(bone_planks) { transformation: [-0.503240569537069f,-0.5548079252850046f,0.6625232789970141f,0.9936684506391427f,-0.863361290228496f,0.2901289410031176f,-0.4128346886193026f,0.858829028817073f,0.0368267797532395f,-0.779752116786712f,-0.6250043397126521f,2.27785684580392f,0f,0f,0f,1f], start_interpolation: 0, interpolation_duration: 1 }
$data merge entity $(bone_lefthand1) { transformation: [-0.503240569537069f,-0.5548079252850046f,0.6625232789970141f,1.0072515626276022f,-0.863361290228496f,0.2901289410031176f,-0.4128346886193026f,1.2410427916032511f,0.0368267797532395f,-0.779752116786712f,-0.6250043397126521f,2.0897909966830865f,0f,0f,0f,1f], start_interpolation: 0, interpolation_duration: 1 }
$data merge entity $(bone_leftforearm) { transformation: [-0.7463271374445463f,-0.4007896871581412f,0.5313788014039598f,0.6563906831155972f,-0.6094001217043695f,0.7325086877478884f,-0.30341805160630536f,1.7172183382711514f,-0.2676327625320363f,-0.5502714321510304f,-0.7909323962121698f,1.6797792918139667f,0f,0f,0f,1f], start_interpolation: 0, interpolation_duration: 1 }
$data merge entity $(bone_leftelbow) { transformation: [-0.7463271374445463f,-0.4007896871581412f,0.5313788014039598f,0.5812426167734458f,-0.6094001217043695f,0.7325086877478884f,-0.30341805160630536f,1.8545637172238805f,-0.2676327625320363f,-0.5502714321510304f,-0.7909323962121698f,1.5766033982856484f,0f,0f,0f,1f], start_interpolation: 0, interpolation_duration: 1 }
$data merge entity $(bone_leftarm) { transformation: [-0.7285912715594605f,-0.6179634249642347f,0.29542505718682927f,0.058154177473791924f,-0.6709325839652782f,0.7306940691202581f,-0.12623646512064057f,2.0776889243095193f,-0.13785581881459988f,-0.2901850836258682f,-0.9469891184485724f,1.483027909624441f,0f,0f,0f,1f], start_interpolation: 0, interpolation_duration: 1 }
$data merge entity $(bone_rightthumb2) { transformation: [-0.656527153586695f,0.17107158421496552f,0.7346472688831932f,-1.4186010832590963f,0.5508615587912283f,0.7740718435023182f,0.3120325690421131f,1.852105599144453f,-0.5152898598356564f,0.6095467940782766f,-0.6024359436317233f,-1.331737813519107f,0f,0f,0f,1f], start_interpolation: 0, interpolation_duration: 1 }
$data merge entity $(bone_rightthumb) { transformation: [-0.656527153586695f,0.17107158421496552f,0.7346472688831932f,-1.3138659412866722f,0.5508615587912283f,0.7740718435023182f,0.3120325690421131f,2.0686064364934866f,-0.5152898598356564f,0.6095467940782766f,-0.6024359436317233f,-1.2337337035252731f,0f,0f,0f,1f], start_interpolation: 0, interpolation_duration: 1 }
$data merge entity $(bone_rightpointerfinger) { transformation: [-0.23205182632163376f,0.4154124371679365f,0.8795365012021901f,-1.4291655407513297f,0.9661263125347631f,0.20340594517653515f,0.15882685445107203f,2.071906112040445f,-0.11292430264905719f,0.8865994182904903f,-0.44854160716503055f,-1.5631593952670897f,0f,0f,0f,1f], start_interpolation: 0, interpolation_duration: 1 }
$data merge entity $(bone_rightmidfinger) { transformation: [-0.2117885205811127f,0.42609994790315814f,0.8795365012021901f,-1.2917379624384877f,0.9747967892246107f,0.15666923763958315f,0.15882685445107203f,2.0967228080484253f,-0.07012019871230912f,0.8910070619104866f,-0.44854160716503055f,-1.6332440213866257f,0f,0f,0f,1f], start_interpolation: 0, interpolation_duration: 1 }
$data merge entity $(bone_rightringfinger) { transformation: [-0.19300072615407596f,0.43493248068753143f,0.8795365012021901f,-1.1543103841256455f,0.9807028148433853f,0.11400008448873691f,0.15882685445107203f,2.1215395040564053f,-0.03118827764177548f,0.8932176207283146f,-0.44854160716503055f,-1.7033286475061618f,0f,0f,0f,1f], start_interpolation: 0, interpolation_duration: 1 }
$data merge entity $(bone_hugeasssword) { transformation: [-1.106702954721439f,1.4994952129468173f,3.4448512963752447f,-1.1526586936797196f,3.65339658977329f,1.2672796665607413f,0.6220718466000321f,1.912194171582509f,-0.8764586160347286f,3.3890698031833244f,-1.7567879613963697f,-1.3910319527348838f,0f,0f,0f,1f], start_interpolation: 0, interpolation_duration: 1 }
$data merge entity $(bone_ice) { transformation: [-0.28256245652462275f,0.3828498416034427f,0.8795365012021901f,-1.154225684071576f,0.932782108027223f,0.323560765930402f,0.15882685445107203f,1.892563814176921f,-0.2237766679237605f,0.8652944178340403f,-0.44854160716503055f,-1.4010556675772319f,0f,0f,0f,1f], start_interpolation: 0, interpolation_duration: 1 }
$data merge entity $(bone_righthand1) { transformation: [-0.28256245652462275f,0.3828498416034427f,0.8795365012021901f,-1.1016683221393027f,0.932782108027223f,0.323560765930402f,0.15882685445107203f,2.2116128718679233f,-0.2237766679237605f,0.8652944178340403f,-0.44854160716503055f,-1.2546931553235692f,0f,0f,0f,1f], start_interpolation: 0, interpolation_duration: 1 }
$data merge entity $(bone_rightforearm) { transformation: [-0.5575238372590241f,-0.02779602379513224f,0.8296954573511621f,-1.052366581529851f,0.7449100758018501f,0.42440699490156125f,0.514769542268682f,2.448358721499357f,-0.36643710218379266f,0.9050447965376116f,-0.2159114781648675f,-0.5860279963471223f,0f,0f,0f,1f], start_interpolation: 0, interpolation_duration: 1 }
$data merge entity $(bone_rightelbow) { transformation: [-0.5575238372590241f,-0.02779602379513224f,0.8296954573511621f,-1.0575783359914384f,0.7449100758018501f,0.42440699490156125f,0.514769542268682f,2.5279350330434f,-0.36643710218379266f,0.9050447965376116f,-0.2159114781648675f,-0.4163320969963201f,0f,0f,0f,1f], start_interpolation: 0, interpolation_duration: 1 }
$data merge entity $(bone_rightarm) { transformation: [-0.46773211651471736f,-0.34776690323181303f,0.8125791334985277f,-1.2037863284595796f,0.84433075492657f,0.09609428332224408f,0.5271351487027904f,2.3241361278297012f,-0.2614043677251616f,0.9326435920164462f,0.24868390942091387f,0.10147434386052845f,0f,0f,0f,1f], start_interpolation: 0, interpolation_duration: 1 }
$data merge entity $(bone_chest1) { transformation: [-0.8047890268625278f,-0.6689761809020229f,0.2673049993415731f,-0.4001240706190632f,0.15632013983499116f,0.24840642203968316f,0.9955589414789656f,2.3915805049318486f,-0.7081594080676648f,0.8150927738523376f,-0.08401811325500376f,0.5638926281226754f,0f,0f,0f,1f], start_interpolation: 0, interpolation_duration: 1 }
$data merge entity $(bone_chest1lid) { transformation: [-0.7428821786423334f,-0.6175164746787905f,0.2584559385193138f,-0.3318844974551927f,0.144295513693838f,0.22929823572893832f,0.9626012278297944f,1.9110876970673578f,-0.6536856074470752f,0.7523933297098502f,-0.08123671598897303f,-0.14203356798982103f,0f,0f,0f,1f], start_interpolation: 0, interpolation_duration: 1 }
$data merge entity $(bone_chest2) { transformation: [-0.7428821786423334f,-0.6175164746787905f,0.2584559385193138f,-0.2353975482866317f,0.144295513693838f,0.22929823572893832f,0.9626012278297944f,1.875259847734711f,-0.6536856074470752f,0.7523933297098502f,-0.08123671598897303f,-0.2595950257569851f,0f,0f,0f,1f], start_interpolation: 0, interpolation_duration: 1 }
$data merge entity $(bone_chest1lid3) { transformation: [-0.7428821786423334f,-0.6175164746787905f,0.2584559385193138f,-0.11988102567611145f,0.144295513693838f,0.22929823572893832f,0.9626012278297944f,2.518735639039955f,-0.6536856074470752f,0.7523933297098502f,-0.08123671598897303f,-0.15322048870481464f,0f,0f,0f,1f], start_interpolation: 0, interpolation_duration: 1 }
$data merge entity $(bone_chest3) { transformation: [-0.7428821786423334f,-0.6175164746787905f,0.2584559385193138f,-0.023394076507550432f,0.144295513693838f,0.22929823572893832f,0.9626012278297944f,2.4829077897073084f,-0.6536856074470752f,0.7523933297098502f,-0.08123671598897303f,-0.27078194647197873f,0f,0f,0f,1f], start_interpolation: 0, interpolation_duration: 1 }
$data merge entity $(bone_hugeasssword2) { transformation: [-1.0122857592006467f,0.5112116010202514f,-3.7488955731628026f,-1.962448228344241f,-3.7701881423333616f,0.1900595033093573f,1.043952362126021f,3.0940765668394645f,0.3181771376234773f,3.87850716925493f,0.44297090752059576f,0.6096912946624002f,0f,0f,0f,1f], start_interpolation: 0, interpolation_duration: 1 }
$data merge entity $(bone_belt) { transformation: [-0.7428821786423334f,-0.6175164746787905f,0.2584559385193138f,-0.16321059260718657f,0.144295513693838f,0.22929823572893832f,0.9626012278297944f,2.173254699098365f,-0.6536856074470752f,0.7523933297098502f,-0.08123671598897303f,0.29545550330076154f,0f,0f,0f,1f], start_interpolation: 0, interpolation_duration: 1 }
$data merge entity $(bone_torn_part) { transformation: [-0.6421880850934718f,-0.6836389686627466f,0.3467451858205335f,-0.04134959258142004f,0.13203430037545438f,0.3469358839413992f,0.9285485641355355f,2.0732253719357883f,-0.7550903302839629f,0.6420850823368633f,-0.13253429802175512f,-0.015608743377913487f,0f,0f,0f,1f], start_interpolation: 0, interpolation_duration: 1 }
$data merge entity $(bone_lowerbody) { transformation: [-0.6421880850934718f,-0.5347816083946157f,0.5491840262488048f,0.20525891613618463f,0.13203430037545438f,0.6285609910149765f,0.7664711502063435f,1.6456318453979493f,-0.7550903302839629f,0.5647297689135387f,-0.3330448636663194f,-0.17078197683535787f,0f,0f,0f,1f], start_interpolation: 0, interpolation_duration: 1 }
$data merge entity $(bone_leftfoot) { transformation: [-0.9621220322454523f,-0.03978823047664385f,0.2696670827840912f,0.33772352714434734f,-0.05015526829999434f,0.9982441166858674f,-0.03167909638186796f,0.13447232221328997f,-0.26792856801220805f,-0.043982526337175615f,-0.9624381245024822f,0.5208055772168894f,0f,0f,0f,1f], start_interpolation: 0, interpolation_duration: 1 }
$data merge entity $(bone_leftlowerleg) { transformation: [-0.9621220322454523f,-0.0442087085939145f,0.2689777479759297f,0.24735223684911922f,-0.05015526829999434f,0.9986295880268227f,-0.015291421219032653f,1.244676481400883f,-0.26792856801220805f,-0.028180850075142316f,-0.9630303452165452f,0.6375078459495402f,0f,0f,0f,1f], start_interpolation: 0, interpolation_duration: 1 }
$data merge entity $(bone_leftleg) { transformation: [-0.9202019088379676f,0.37320110630175685f,0.11802634074595375f,0.5607269352497738f,0.04395311157143897f,0.39813773205044795f,-0.9162886246857269f,1.5593317255431849f,-0.3889428891934518f,-0.8379661572360017f,-0.3827857619630852f,-0.10456321359574228f,0f,0f,0f,1f], start_interpolation: 0, interpolation_duration: 1 }
$data merge entity $(bone_rightfoot) { transformation: [-0.42401076660229126f,-0.021469302210771604f,0.9054050685423239f,-0.2845578611758851f,0.09800459824170768f,0.9927493697331304f,0.06943249869134002f,0.20977151375752712f,-0.9003385690007853f,0.11817576936971955f,-0.41883584512732563f,-0.24558601957949192f,0f,0f,0f,1f], start_interpolation: 0, interpolation_duration: 1 }
$data merge entity $(bone_rightlowerleg) { transformation: [-0.42401076660229126f,-0.0363261233692026f,0.9049307607991416f,-0.4638958066133039f,0.09800459824170768f,0.9914761147827521f,0.08571637413790678f,1.29652038271749f,-0.9003385690007853f,0.1250338809763902f,-0.41683990480474414f,-0.04283093017264361f,0f,0f,0f,1f], start_interpolation: 0, interpolation_duration: 1 }
$data merge entity $(bone_rightleg) { transformation: [-0.5580611581018369f,0.7730427652601163f,0.3015968746777903f,0.2302714648028632f,0.08092416802648335f,0.41242232597130135f,-0.9073894986030621f,1.6753757644474239f,-0.825844430172692f,-0.48196753855359953f,-0.29271765066267136f,-0.4579838600802222f,0f,0f,0f,1f], start_interpolation: 0, interpolation_duration: 1 }
data modify entity @s data merge value {"locators":{"lefthand":{"posx":1.1210185003559057,"posy":1.004493489228724,"posz":2.34163565153216,"roty":46.669143776288564,"rotx":-24.383030337122037},"righthand":{"posx":-1.2004407009770974,"posy":1.9724748302360127,"posz":-1.4285464928617877,"roty":62.97955618692531,"rotx":9.138809225884648},"chest":{"posx":-0.35688852626398404,"posy":1.750859350288826,"posz":-0.19679258945613073,"roty":72.55125670647597,"rotx":74.28084537043522},"sack":{"posx":0,"posy":-0.4375,"posz":0,"roty":0,"rotx":0}},"cameras":{}}