# This file was generated by Animated Java via MC-Build. It is not recommended to edit this file directly.
$data merge entity $(bone_nose) { transformation: [-0.9863088276810027f,0.011469584319258416f,0.1645094072509819f,-0.8962119743430449f,0.02841945647417296f,0.9944750650982429f,0.10105285444537489f,2.561095727306695f,-0.16244146925043051f,0.10434459034079803f,-0.9811854949673748f,1.294162525452543f,0f,0f,0f,1f], start_interpolation: 0, interpolation_duration: 1 }
$data merge entity $(bone_glowing_eye) { transformation: [-0.9863088276810027f,-0.0010959951956321656f,0.16490510978455808f,-1.0253292524545012f,0.02841945647417296f,0.9838870774898444f,0.17651785530706393f,2.6251056077099344f,-0.16244146925043051f,0.1787876325225661f,-0.9703853623817382f,1.3198249208786934f,0f,0f,0f,1f], start_interpolation: 0, interpolation_duration: 1 }
$data merge entity $(bone_head) { transformation: [-0.9863088276810027f,-0.0010959951956321656f,0.16490510978455808f,-0.8651973379485658f,0.02841945647417296f,0.9838870774898444f,0.17651785530706393f,2.4726622766208908f,-0.16244146925043051f,0.1787876325225661f,-0.9703853623817382f,1.090376876267216f,0f,0f,0f,1f], start_interpolation: 0, interpolation_duration: 1 }
$data merge entity $(bone_leftthumb2) { transformation: [-0.5240515134273278f,-0.549964786629901f,0.6503143430231679f,0.9360997231741941f,-0.8506375838103597f,0.3758673945120417f,-0.36761311558757304f,1.0862853084746353f,-0.04225768904945562f,-0.7458300310458521f,-0.6647945942216611f,2.5070199654861667f,0f,0f,0f,1f], start_interpolation: 0, interpolation_duration: 1 }
$data merge entity $(bone_leftthumb) { transformation: [-0.5240515134273278f,-0.549964786629901f,0.6503143430231679f,0.856799221958013f,-0.8506375838103597f,0.3758673945120417f,-0.36761311558757304f,1.1470486701479297f,-0.04225768904945562f,-0.7458300310458521f,-0.6647945942216611f,2.2672990600617067f,0f,0f,0f,1f], start_interpolation: 0, interpolation_duration: 1 }
$data merge entity $(bone_leftpointerfinger) { transformation: [-0.30434830493211784f,-0.6960340254206628f,0.6503143430231679f,1.1250580366812741f,-0.927892080612204f,0.0622646286839717f,-0.36761311558757304f,1.0995238022597567f,0.2153796555436513f,-0.7153039573996185f,-0.6647945942216611f,2.4854842271342705f,0f,0f,0f,1f], start_interpolation: 0, interpolation_duration: 1 }
$data merge entity $(bone_leftmidfinger) { transformation: [-0.5240515134273278f,-0.549964786629901f,0.6503143430231679f,1.226669652778644f,-0.8506375838103597f,0.3758673945120417f,-0.36761311558757304f,1.0420842529491983f,-0.04225768904945562f,-0.7458300310458521f,-0.6647945942216611f,2.381610071787136f,0f,0f,0f,1f], start_interpolation: 0, interpolation_duration: 1 }
$data merge entity $(bone_leftringfinger) { transformation: [-0.6946228794645366f,-0.3075553780748128f,0.6503143430231679f,1.3282812688760142f,-0.6420484286212542f,0.6727811029993156f,-0.36761311558757304f,0.98464470363864f,-0.3244578102456065f,-0.6728857829262579f,-0.6647945942216611f,2.2777359164400015f,0f,0f,0f,1f], start_interpolation: 0, interpolation_duration: 1 }
$data merge entity $(bone_invisibility) { transformation: [-0.49119337499222593f,-0.6957722900764829f,0.5240515134273278f,0.9463236561565309f,0.34239751146563857f,0.3989732386406524f,0.8506375838103594f,0.9926276614321804f,-0.8009325892394965f,0.5972614797643617f,0.04225768904945543f,2.4167605818612845f,0f,0f,0f,1f], start_interpolation: 0, interpolation_duration: 1 }
$data merge entity $(bone_swiftness) { transformation: [0.6503143430231678f,-0.549964786629901f,0.5240515134273279f,1.1154378677585632f,-0.3676131155875732f,0.3758673945120417f,0.8506375838103596f,0.8284975506730047f,-0.6647945942216611f,-0.7458300310458521f,0.042257689049455475f,2.3909086550291314f,0f,0f,0f,1f], start_interpolation: 0, interpolation_duration: 1 }
$data merge entity $(bone_suspicious_stew) { transformation: [-0.22360265148513275f,-0.8218101152476436f,0.5240515134273278f,1.0940371948466514f,0.18529153063673703f,0.4920190541875064f,0.8506375838103599f,0.9060814181417585f,-0.9569059007672143f,0.28730712624835153f,0.042257689049455545f,2.3270723781499973f,0f,0f,0f,1f], start_interpolation: 0, interpolation_duration: 1 }
$data merge entity $(bone_log) { transformation: [-0.5240515134273278f,-0.549964786629901f,0.6503143430231679f,1.006645251963313f,-0.8506375838103597f,0.3758673945120417f,-0.36761311558757304f,0.856085704180375f,-0.04225768904945562f,-0.7458300310458521f,-0.6647945942216611f,2.198719719316739f,0f,0f,0f,1f], start_interpolation: 0, interpolation_duration: 1 }
$data merge entity $(bone_planks) { transformation: [-0.5240515134273278f,-0.549964786629901f,0.6503143430231679f,0.9575154225795008f,-0.8506375838103597f,0.3758673945120417f,-0.36761311558757304f,0.7763384306981538f,-0.04225768904945562f,-0.7458300310458521f,-0.6647945942216611f,2.1947580609683524f,0f,0f,0f,1f], start_interpolation: 0, interpolation_duration: 1 }
$data merge entity $(bone_lefthand) { transformation: [-0.5240515134273278f,-0.549964786629901f,0.6503143430231679f,0.9798446104431955f,-0.8506375838103597f,0.3758673945120417f,-0.36761311558757304f,1.174199858623087f,-0.04225768904945562f,-0.7458300310458521f,-0.6647945942216611f,2.043601464887067f,0f,0f,0f,1f], start_interpolation: 0, interpolation_duration: 1 }
$data merge entity $(bone_leftforearm) { transformation: [-0.7520245977588345f,-0.40976113508659184f,0.5162894697146272f,0.6222049738289539f,-0.5887664722954369f,0.7697437125917106f,-0.2466752075631362f,1.678303619853823f,-0.2963326601413514f,-0.4894797535119074f,-0.82011982382788f,1.6749154272052043f,0f,0f,0f,1f], start_interpolation: 0, interpolation_duration: 1 }
$data merge entity $(bone_leftelbow) { transformation: [-0.7520245977588345f,-0.40976113508659184f,0.5162894697146272f,0.545374761000218f,-0.5887664722954369f,0.7697437125917106f,-0.2466752075631362f,1.8226305659647688f,-0.2963326601413514f,-0.4894797535119074f,-0.82011982382788f,1.5831379734217217f,0f,0f,0f,1f], start_interpolation: 0, interpolation_duration: 1 }
$data merge entity $(bone_leftarm) { transformation: [-0.7319953408477873f,-0.6221159672330007f,0.27776706840602905f,0.020983924956809674f,-0.6593472166655628f,0.7495329030915495f,-0.05883600138120455f,2.051917497586387f,-0.17159274125820967f,-0.22621262232002382f,-0.958845024313414f,1.5152815109042934f,0f,0f,0f,1f], start_interpolation: 0, interpolation_duration: 1 }
$data merge entity $(bone_rightthumb2) { transformation: [-0.6096704093821008f,0.06329345062266038f,0.790123997251152f,-1.2618887486986863f,0.5239627474889128f,0.7801501371181006f,0.34180228612237085f,1.8776877445077573f,-0.5947814986763891f,0.6223822801645995f,-0.5087978637625974f,-1.360788121665823f,0f,0f,0f,1f], start_interpolation: 0, interpolation_duration: 1 }
$data merge entity $(bone_rightthumb) { transformation: [-0.6096704093821008f,0.06329345062266038f,0.790123997251152f,-1.1788444831392682f,0.5239627474889128f,0.7801501371181006f,0.34180228612237085f,2.0982232833762455f,-0.5947814986763891f,0.6223822801645995f,-0.5087978637625974f,-1.2516341287650485f,0f,0f,0f,1f], start_interpolation: 0, interpolation_duration: 1 }
$data merge entity $(bone_rightpointerfinger) { transformation: [-0.24415991770041376f,0.3035675303610099f,0.9209954880991787f,-1.252697808982224f,0.9633652283044092f,0.1846077549067509f,0.19454411767587f,2.0969639985250237f,-0.11096563198811088f,0.9347549044208361f,-0.33752021743693056f,-1.592765001508337f,0f,0f,0f,1f], start_interpolation: 0, interpolation_duration: 1 }
$data merge entity $(bone_rightmidfinger) { transformation: [-0.24064694933968073f,0.30635984833927016f,0.9209954880991787f,-1.1087922639667274f,0.9654277955449715f,0.17349858174317812f,0.19454411767587f,2.1273615169118787f,-0.10019090459059676f,0.935971092213133f,-0.33752021743693056f,-1.6455025354828574f,0f,0f,0f,1f], start_interpolation: 0, interpolation_duration: 1 }
$data merge entity $(bone_rightringfinger) { transformation: [-0.22705467786901123f,0.3165651341489695f,0.9209954880991787f,-0.9648867189512308f,0.9720768240492892f,0.13122208055035814f,0.19454411767587f,2.1577590352987333f,-0.05926905941591201f,0.9394505210053802f,-0.33752021743693056f,-1.6982400694573778f,0f,0f,0f,1f], start_interpolation: 0, interpolation_duration: 1 }
$data merge entity $(bone_hugeasssword) { transformation: [-1.1365767590563f,1.0180107944320123f,3.6072323283884504f,-0.9933053773848732f,3.6058128397914695f,1.3258211427272037f,0.7619644608971575f,1.948537948234092f,-1.023027278690964f,3.542051679139538f,-1.3219541849613115f,-1.387151113601787f,0f,0f,0f,1f], start_interpolation: 0, interpolation_duration: 1 }
$data merge entity $(bone_ice) { transformation: [-0.2901898108228851f,0.25991764964221586f,0.9209954880991787f,-0.9928323748664253f,0.920633065478673f,0.3385075258026903f,0.19454411767587f,1.9288638764953208f,-0.2611984541338631f,0.9043536202058393f,-0.33752021743693056f,-1.3972004130716615f,0f,0f,0f,1f], start_interpolation: 0, interpolation_duration: 1 }
$data merge entity $(bone_righthand) { transformation: [-0.2901898108228851f,0.25991764964221586f,0.9209954880991787f,-0.9716193061584932f,0.920633065478673f,0.3385075258026903f,0.19454411767587f,2.2497285279930326f,-0.2611984541338631f,0.9043536202058393f,-0.33752021743693056f,-1.2469591283485715f,0f,0f,0f,1f], start_interpolation: 0, interpolation_duration: 1 }
$data merge entity $(bone_rightforearm) { transformation: [-0.5303595509108389f,-0.14244077233844138f,0.8357208703468412f,-1.0055604873407344f,0.7474043289453425f,0.3867104203559014f,0.5402238608779925f,2.4601540898539054f,-0.40013187305114245f,0.91113428053377f,-0.09863471500842863f,-0.5686071305558926f,0f,0f,0f,1f], start_interpolation: 0, interpolation_duration: 1 }
$data merge entity $(bone_rightelbow) { transformation: [-0.5303595509108389f,-0.14244077233844138f,0.8357208703468412f,-1.0322681321541922f,0.7474043289453425f,0.3867104203559014f,0.5402238608779925f,2.532662293670637f,-0.40013187305114245f,0.91113428053377f,-0.09863471500842863f,-0.39776945295581073f,0f,0f,0f,1f], start_interpolation: 0, interpolation_duration: 1 }
$data merge entity $(bone_rightarm) { transformation: [-0.45579013609999763f,-0.45504659595768565f,0.7649757821926577f,-1.231853406534138f,0.84433075492657f,0.05097197849990112f,0.5333923824849154f,2.305052032846882f,-0.2817107170823896f,0.8890075662867717f,0.36097731087396245f,0.09150916750407312f,0f,0f,0f,1f], start_interpolation: 0, interpolation_duration: 1 }
$data merge entity $(bone_chest) { transformation: [-0.7728843408067587f,-0.704156730737353f,0.2564510133026053f,-0.4214183763881643f,0.15632013983499116f,0.24840642203968316f,0.9430170557141165f,2.3909875197169312f,-0.742849191107308f,0.7849004135288994f,-0.0683778281751666f,0.6080798735529998f,0f,0f,0f,1f], start_interpolation: 0, interpolation_duration: 1 }
$data merge entity $(bone_chest1lid) { transformation: [-0.7134316992062388f,-0.6499908283729412f,0.2617768775097536f,-0.3204688988585686f,0.144295513693838f,0.22929823572893832f,0.9626012278297944f,1.916919247367785f,-0.6857069456375151f,0.724523458642061f,-0.06979786946473229f,-0.0946304609974307f,0f,0f,0f,1f], start_interpolation: 0, interpolation_duration: 1 }
$data merge entity $(bone_chest1) { transformation: [-0.7134316992062388f,-0.6499908283729412f,0.2617768775097536f,-0.21890783192529656f,0.144295513693838f,0.22929823572893832f,0.9626012278297944f,1.8810913980351383f,-0.6857069456375151f,0.724523458642061f,-0.06979786946473229f,-0.20783725141025272f,0f,0f,0f,1f], start_interpolation: 0, interpolation_duration: 1 }
$data merge entity $(bone_chest1lid3) { transformation: [-0.7134316992062388f,-0.6499908283729412f,0.2617768775097536f,-0.1081786055034928f,0.144295513693838f,0.22929823572893832f,0.9626012278297944f,2.5245671893403823f,-0.6857069456375151f,0.724523458642061f,-0.06979786946473229f,-0.09648803702093003f,0f,0f,0f,1f], start_interpolation: 0, interpolation_duration: 1 }
$data merge entity $(bone_chest3) { transformation: [-0.7134316992062388f,-0.6499908283729412f,0.2617768775097536f,-0.006617538570220738f,0.144295513693838f,0.22929823572893832f,0.9626012278297944f,2.4887393400077356f,-0.6857069456375151f,0.724523458642061f,-0.06979786946473229f,-0.20969482743375206f,0f,0f,0f,1f], start_interpolation: 0, interpolation_duration: 1 }
$data merge entity $(bone_hugeasssword2) { transformation: [-1.0252927702465358f,0.3402392059502918f,-3.764742991997233f,-1.9824985199109597f,-3.7701881423333616f,0.1900595033093573f,1.043952362126021f,3.0999081171398917f,0.2733749887368677f,3.8972288161864315f,0.2777614940862083f,0.5846970655792268f,0f,0f,0f,1f], start_interpolation: 0, interpolation_duration: 1 }
$data merge entity $(bone_belt) { transformation: [-0.7134316992062388f,-0.6499908283729412f,0.2617768775097536f,-0.17118768008976804f,0.144295513693838f,0.22929823572893832f,0.9626012278297944f,2.179086249398792f,-0.6857069456375151f,0.724523458642061f,-0.06979786946473229f,0.3498497876056678f,0f,0f,0f,1f], start_interpolation: 0, interpolation_duration: 1 }
$data merge entity $(bone_torn_part) { transformation: [-0.60837771718393f,-0.7867586909402413f,0.10434229949578411f,-0.022685994116626917f,0.13203430037545438f,0.0293061383604738f,0.9908118357078508f,2.096843116381589f,-0.7825876926954796f,0.6165646052802535f,0.08604993176738165f,0.03712232374474443f,0f,0f,0f,1f], start_interpolation: 0, interpolation_duration: 1 }
$data merge entity $(bone_lowerbody) { transformation: [-0.60837771718393f,-0.5590872417598445f,0.5632921172317604f,0.230504755606949f,0.13203430037545438f,0.6285609910149765f,0.7664711502063435f,1.66924958984375f,-0.7825876926954796f,0.5406778492555804f,-0.3085838080099566f,-0.10706135497088883f,0f,0f,0f,1f], start_interpolation: 0, interpolation_duration: 1 }
$data merge entity $(bone_leftfoot) { transformation: [-0.9494154692923269f,-0.044575217931761016f,0.3108154606315209f,0.3538647229321287f,-0.05015526829999434f,0.9986966340348743f,-0.009996849243985261f,0.13724284328947922f,-0.3099593346837965f,-0.025060010044608234f,-0.9504229679245708f,0.5307409327644528f,0f,0f,0f,1f], start_interpolation: 0, interpolation_duration: 1 }
$data merge entity $(bone_leftlowerleg) { transformation: [-0.9494154692923269f,-0.05639032228324825f,0.30889048572923045f,0.24384703741272895f,-0.05015526829999434f,0.998351901031673f,0.028078203892684728f,1.2404753903105226f,-0.3099593346837965f,0.011185920039325559f,-0.9506874866405151f,0.6892192858726407f,0f,0f,0f,1f], start_interpolation: 0, interpolation_duration: 1 }
$data merge entity $(bone_leftleg) { transformation: [-0.90221672152509f,0.4096729052826469f,0.13473747582211304f,0.5895363223676222f,0.04395311157143897f,0.39813773205044795f,-0.9162886246857269f,1.5551306344528244f,-0.4290141157161461f,-0.8207523725795752f,-0.37722800702045595f,-0.038360316150213014f,0f,0f,0f,1f], start_interpolation: 0, interpolation_duration: 1 }
$data merge entity $(bone_rightfoot) { transformation: [-0.36501635614704553f,0.017724767300317516f,0.930834712687528f,-0.28364018069892494f,0.10667002994514119f,0.9940192557587048f,0.022896032478282438f,0.20245485023680976f,-0.9248697934078065f,0.10765119305123355f,-0.36472689987506834f,-0.2288043225895763f,0f,0f,0f,1f], start_interpolation: 0, interpolation_duration: 1 }
$data merge entity $(bone_rightlowerleg) { transformation: [-0.36501635614704553f,-0.017769177293940064f,0.9308338659815831f,-0.44637141286929627f,0.10667002994514119f,0.9924241285667126f,0.060768891391376645f,1.2940884935671213f,-0.9248697934078065f,0.1214754255157508f,-0.360358449121981f,-0.03867502326866279f,0f,0f,0f,1f], start_interpolation: 0, interpolation_duration: 1 }
$data merge entity $(bone_rightleg) { transformation: [-0.5036536634821948f,0.8047449827094834f,0.3141743903962359f,0.27518808482791f,0.08997203040676006f,0.410547571032482f,-0.9073876539975001f,1.671144175834986f,-0.859207786862671f,-0.42873792090651636f,-0.27918112004945184f,-0.4060065627999374f,0f,0f,0f,1f], start_interpolation: 0, interpolation_duration: 1 }
data modify entity @s data merge value {"locators":{"lefthand":{"posx":1.0885799186928489,"posy":0.9122122923973988,"posz":2.271336764375296,"roty":44.369159671098515,"rotx":-21.56848705161349},"righthand":{"posx":-1.03848943740828,"posy":2.006844294454594,"posz":-1.4305445400649752,"roty":69.87346538304654,"rotx":11.218093452751553},"chest":{"posx":-0.34304184979635377,"posy":1.7566909005892533,"posz":-0.15043560210986742,"roty":75.07048278069477,"rotx":74.28084537043522},"sack":{"posx":0,"posy":-0.4375,"posz":0,"roty":0,"rotx":0}},"cameras":{}}