# This file was generated by Animated Java via MC-Build. It is not recommended to edit this file directly.
$data merge entity $(bone_nose) { transformation: [-0.9869987857528029f,0.011907598454169235f,0.16028601318127234f,-0.8908812984626211f,0.028419456474172988f,0.994468163857349f,0.10112074746512453f,2.5621216113699252f,-0.15819523196419466f,0.10436129633751776f,-0.9818772776730031f,1.2913502835633666f,0f,0f,0f,1f], start_interpolation: 0, interpolation_duration: 1 }
$data merge entity $(bone_glowing_eye) { transformation: [-0.9869987857528029f,0.000537912223894238f,0.1607268103737896f,-1.0198283881558767f,0.028419456474172988f,0.9848222263413394f,0.1712235877377894f,2.626379555724242f,-0.15819523196419466f,0.17356524178108734f,-0.9720336287543079f,1.317247377650411f,0f,0f,0f,1f], start_interpolation: 0, interpolation_duration: 1 }
$data merge entity $(bone_head) { transformation: [-0.9869987857528029f,0.000537912223894238f,0.1607268103737896f,-0.8608508193065079f,0.028419456474172988f,0.9848222263413394f,0.1712235877377894f,2.472581313352594f,-0.15819523196419466f,0.17356524178108734f,-0.9720336287543079f,1.0879008327472306f,0f,0f,0f,1f], start_interpolation: 0, interpolation_duration: 1 }
$data merge entity $(bone_leftthumb2) { transformation: [-0.5241964943878655f,-0.5453553931640618f,0.6540684447505047f,0.9325890173195641f,-0.8508434009951789f,0.36770528512049133f,-0.3753109780933872f,1.1026230192120912f,-0.03582655794839315f,-0.7532465190369813f,-0.6567618588988253f,2.5219651561024348f,0f,0f,0f,1f], start_interpolation: 0, interpolation_duration: 1 }
$data merge entity $(bone_leftthumb) { transformation: [-0.5241964943878655f,-0.5453553931640618f,0.6540684447505047f,0.8547397514287929f,-0.8508434009951789f,0.36770528512049133f,-0.3753109780933872f,1.1607268446878376f,-0.03582655794839315f,-0.7532465190369813f,-0.6567618588988253f,2.2811118701006614f,0f,0f,0f,1f], start_interpolation: 0, interpolation_duration: 1 }
$data merge entity $(bone_leftpointerfinger) { transformation: [-0.3060610478847203f,-0.6917521988034177f,0.6540684447505047f,1.1216779397321033f,-0.9252938796780715f,0.054524361095633744f,-0.3753109780933872f,1.1155418428933968f,0.22395953026832557f,-0.7200736000560984f,-0.6567618588988253f,2.501403701799394f,0f,0f,0f,1f], start_interpolation: 0, interpolation_duration: 1 }
$data merge entity $(bone_leftmidfinger) { transformation: [-0.5241964943878655f,-0.5453553931640618f,0.6540684447505047f,1.2238761342243698f,-0.8508434009951789f,0.36770528512049133f,-0.3753109780933872f,1.0568995025663048f,-0.03582655794839315f,-0.7532465190369813f,-0.6567618588988253f,2.3987846613464527f,0f,0f,0f,1f], start_interpolation: 0, interpolation_duration: 1 }
$data merge entity $(bone_leftringfinger) { transformation: [-0.6929928858939527f,-0.3032413719828265f,0.6540684447505047f,1.326074328716636f,-0.6453620829430455f,0.6653190600170704f,-0.3753109780933872f,0.9982571622392131f,-0.3213543869309779f,-0.6821988117081225f,-0.6567618588988253f,2.296165620893511f,0f,0f,0f,1f], start_interpolation: 0, interpolation_duration: 1 }
$data merge entity $(bone_invisibility) { transformation: [-0.48627433013574184f,-0.6991103712022214f,0.5241964943878655f,0.943303212008606f,0.3335955484402677f,0.4059304337491754f,0.8508434009951785f,1.0079549388322728f,-0.8076207562413634f,0.5886129219051325f,0.035826557948392956f,2.4328236922549884f,0f,0f,0f,1f], start_interpolation: 0, interpolation_duration: 1 }
$data merge entity $(bone_swiftness) { transformation: [0.6540684447505046f,-0.5453553931640618f,0.5241964943878656f,1.1124895769642342f,-0.37531097809338737f,0.36770528512049133f,0.8508434009951787f,0.8434760465983047f,-0.6567618588988253f,-0.7532465190369813f,0.035826557948393005f,2.4098171743281287f,0f,0f,0f,1f], start_interpolation: 0, interpolation_duration: 1 }
$data merge entity $(bone_suspicious_stew) { transformation: [-0.21783857034712195f,-0.8232644730222447f,0.5241964943878655f,1.0915045794538911f,0.1746408900652039f,0.4955462304368688f,0.8508434009951791f,0.9203479451997396f,-0.9602327409468785f,0.27689265241102934f,0.035826557948393074f,2.344989274291317f,0f,0f,0f,1f], start_interpolation: 0, interpolation_duration: 1 }
$data merge entity $(bone_log) { transformation: [-0.5241964943878655f,-0.5453553931640618f,0.6540684447505047f,1.0048511923072008f,-0.8508434009951789f,0.36770528512049133f,-0.3753109780933872f,0.8689518348983755f,-0.03582655794839315f,-0.7532465190369813f,-0.6567618588988253f,2.2166890074681502f,0f,0f,0f,1f], start_interpolation: 0, interpolation_duration: 1 }
$data merge entity $(bone_planks) { transformation: [-0.5241964943878655f,-0.5453553931640618f,0.6540684447505047f,0.9557077709583385f,-0.8508434009951789f,0.36770528512049133f,-0.3753109780933872f,0.7891852660550774f,-0.03582655794839315f,-0.7532465190369813f,-0.6567618588988253f,2.2133302676604885f,0f,0f,0f,1f], start_interpolation: 0, interpolation_duration: 1 }
$data merge entity $(bone_lefthand) { transformation: [-0.5241964943878655f,-0.5453553931640618f,0.6540684447505047f,0.9791218287146985f,-0.8508434009951789f,0.36770528512049133f,-0.3753109780933872f,1.1853174744927113f,-0.03582655794839315f,-0.7532465190369813f,-0.6567618588988253f,2.057857825286592f,0f,0f,0f,1f], start_interpolation: 0, interpolation_duration: 1 }
$data merge entity $(bone_leftforearm) { transformation: [-0.7503956232163989f,-0.4068515998046103f,0.5209397128210727f,0.6236644181280442f,-0.5920940491615515f,0.7640752525936295f,-0.25615160612703386f,1.6851599743415735f,-0.29382145191451f,-0.5006603480508618f,-0.8142531364903907f,1.6813427382715236f,0f,0f,0f,1f], start_interpolation: 0, interpolation_duration: 1 }
$data merge entity $(bone_leftelbow) { transformation: [-0.7503956232163989f,-0.4068515998046103f,0.5209397128210727f,0.5473797431646797f,-0.5920940491615515f,0.7640752525936295f,-0.25615160612703386f,1.828424084202879f,-0.29382145191451f,-0.5006603480508618f,-0.8142531364903907f,1.587468923011987f,0f,0f,0f,1f], start_interpolation: 0, interpolation_duration: 1 }
$data merge entity $(bone_leftarm) { transformation: [-0.731089701846516f,-0.6207117064344643f,0.2832398724565238f,0.02341626377520123f,-0.66123289359059f,0.7469162209889042f,-0.06990864937523485f,2.0569485763157473f,-0.16816333812037546f,-0.23839701407289007f,-0.956497755038318f,1.5139735203342166f,0f,0f,0f,1f], start_interpolation: 0, interpolation_duration: 1 }
$data merge entity $(bone_rightthumb2) { transformation: [-0.614408706346611f,0.07071931366206498f,0.7858121405531036f,-1.2743618528403136f,0.5234680997995977f,0.7817312033360141f,0.3389357966090721f,1.875399935717791f,-0.5903245633189279f,0.6195926923439252f,-0.5173217620942725f,-1.3587457075426168f,0f,0f,0f,1f], start_interpolation: 0, interpolation_duration: 1 }
$data merge entity $(bone_rightthumb) { transformation: [-0.614408706346611f,0.07071931366206498f,0.7858121405531036f,-1.1898649305582278f,0.5234680997995977f,0.7817312033360141f,0.3389357966090721f,2.0960782561906433f,-0.5903245633189279f,0.6195926923439252f,-0.5173217620942725f,-1.251004271174633f,0f,0f,0f,1f], start_interpolation: 0, interpolation_duration: 1 }
$data merge entity $(bone_rightpointerfinger) { transformation: [-0.2448939761541711f,0.31176664302242396f,0.918056915851043f,-1.2670034179728267f,0.9626368082330211f,0.19105886274382786f,0.19190332566679863f,2.094023012241857f,-0.1155738546486296f,0.9307513477108501f,-0.3469072107294595f,-1.5914034509719686f,0f,0f,0f,1f], start_interpolation: 0, interpolation_duration: 1 }
$data merge entity $(bone_rightmidfinger) { transformation: [-0.2398273065099196f,0.31568079179808883f,0.918056915851043f,-1.123557024871101f,0.965596694876297f,0.17548828007019326f,0.19190332566679863f,2.124007906877294f,-0.10052803537406424f,0.9324963813590577f,-0.3469072107294595f,-1.6456077026484466f,0f,0f,0f,1f], start_interpolation: 0, interpolation_duration: 1 }
$data merge entity $(bone_rightringfinger) { transformation: [-0.22582924131426543f,0.32584145381687474f,0.918056915851043f,-0.9801106317693756f,0.9723323520479425f,0.1332025178400882f,0.19190332566679863f,2.1539928015127314f,-0.05975743408430212f,0.935993822744342f,-0.3469072107294595f,-1.6998119543249246f,0f,0f,0f,1f], start_interpolation: 0, interpolation_duration: 1 }
$data merge entity $(bone_hugeasssword) { transformation: [-1.1397546414661837f,1.0545206563291676f,3.5957229204165855f,-1.0059152382349799f,3.605111074497437f,1.333610607042671f,0.7516213588616281f,1.9456771685777063f,-1.0219644199139293f,3.5284198604950863f,-1.3587199086903832f,-1.3878886604928748f,0f,0f,0f,1f], start_interpolation: 0, interpolation_duration: 1 }
$data merge entity $(bone_ice) { transformation: [-0.2910011850551958f,0.26923931650957467f,0.918056915851043f,-1.0055752090389545f,0.9204538913610477f,0.34049632520238404f,0.19190332566679863f,1.9259748214439028f,-0.26092708593547126f,0.9008731558710857f,-0.3469072107294595f,-1.3978878178356189f,0f,0f,0f,1f], start_interpolation: 0, interpolation_duration: 1 }
$data merge entity $(bone_righthand) { transformation: [-0.2910011850551958f,0.26923931650957467f,0.918056915851043f,-0.9823263975550147f,0.9204538913610477f,0.34049632520238404f,0.19190332566679863f,2.247209354511848f,-0.26092708593547126f,0.9008731558710857f,-0.3469072107294595f,-1.2487421506870109f,0f,0f,0f,1f], start_interpolation: 0, interpolation_duration: 1 }
$data merge entity $(bone_rightforearm) { transformation: [-0.5328686785802612f,-0.1330229029965299f,0.8356768984879877f,-1.0093943202603093f,0.7471996955120801f,0.3895547280747678f,0.5384605174581037f,2.4596253269361696f,-0.397169468130144f,0.9113462685022469f,-0.10818684056875416f,-0.5707014911441793f,0f,0f,0f,1f], start_interpolation: 0, interpolation_duration: 1 }
$data merge entity $(bone_rightelbow) { transformation: [-0.5328686785802612f,-0.1330229029965299f,0.8356768984879877f,-1.0343361145721586f,0.7471996955120801f,0.3895547280747678f,0.5384605174581037f,2.5326668384501887f,-0.397169468130144f,0.9113462685022469f,-0.10818684056875416f,-0.39982406580000807f,0f,0f,0f,1f], start_interpolation: 0, interpolation_duration: 1 }
$data merge entity $(bone_rightarm) { transformation: [-0.45699830088050275f,-0.44641121642517473f,0.7693306043841812f,-1.2296167901061021f,0.84433075492657f,0.054308570238400786f,0.5330629939170317f,2.306804327759961f,-0.27974654471049726f,0.8931783724701671f,0.3520997950497577f,0.09199486942759849f,0f,0f,0f,1f], start_interpolation: 0, interpolation_duration: 1 }
$data merge entity $(bone_chest) { transformation: [-0.7760741499682129f,-0.7007722690886771f,0.2575513179288683f,-0.4188693207389551f,0.15632013983499116f,0.24840642203968316f,0.9481598593116936f,2.39194577801771f,-0.7395160841686917f,0.7879235924103686f,-0.0698597899995441f,0.6036218557533847f,0f,0f,0f,1f], start_interpolation: 0, interpolation_duration: 1 }
$data merge entity $(bone_chest1lid) { transformation: [-0.7163761384321966f,-0.6468667099280097f,0.26147406730283296f,-0.32122728761451136f,0.144295513693838f,0.22929823572893832f,0.9626012278297944f,1.9168382840994882f,-0.6826302315403309f,0.7273140853018787f,-0.07092382046030726f,-0.09943985373189825f,0f,0f,0f,1f], start_interpolation: 0, interpolation_duration: 1 }
$data merge entity $(bone_chest1) { transformation: [-0.7163761384321966f,-0.6468667099280097f,0.26147406730283296f,-0.22015436418825984f,0.144295513693838f,0.22929823572893832f,0.9626012278297944f,1.8810104347668415f,-0.6826302315403309f,0.7273140853018787f,-0.07092382046030726f,-0.2130826795603168f,0f,0f,0f,1f], start_interpolation: 0, interpolation_duration: 1 }
$data merge entity $(bone_chest1lid3) { transformation: [-0.7163761384321966f,-0.6468667099280097f,0.26147406730283296f,-0.10894695459662174f,0.144295513693838f,0.22929823572893832f,0.9626012278297944f,2.5244862260720855f,-0.6826302315403309f,0.7273140853018787f,-0.07092382046030726f,-0.10221103674301192f,0f,0f,0f,1f], start_interpolation: 0, interpolation_duration: 1 }
$data merge entity $(bone_chest3) { transformation: [-0.7163761384321966f,-0.6468667099280097f,0.26147406730283296f,-0.007874031170370221f,0.144295513693838f,0.22929823572893832f,0.9626012278297944f,2.488658376739439f,-0.6826302315403309f,0.7273140853018787f,-0.07092382046030726f,-0.21585386257143047f,0f,0f,0f,1f], start_interpolation: 0, interpolation_duration: 1 }
$data merge entity $(bone_hugeasssword2) { transformation: [-1.0241067636027634f,0.35700838349760916f,-3.7635127379395534f,-1.9803179256679704f,-3.7701881423333616f,0.1900595033093573f,1.043952362126021f,3.099827153871595f,0.27778496346953635f,3.8957284526891764f,0.29396107694047513f,0.5870341839007567f,0f,0f,0f,1f], start_interpolation: 0, interpolation_duration: 1 }
$data merge entity $(bone_belt) { transformation: [-0.7163761384321966f,-0.6468667099280097f,0.26147406730283296f,-0.17003456164366576f,0.144295513693838f,0.22929823572893832f,0.9626012278297944f,2.1790052861304954f,-0.6826302315403309f,0.7273140853018787f,-0.07092382046030726f,0.34439382377452465f,0f,0f,0f,1f], start_interpolation: 0, interpolation_duration: 1 }
$data merge entity $(bone_torn_part) { transformation: [-0.6117400706052686f,-0.7787356749093478f,0.13908570968774442f,-0.024517369434647607f,0.13203430037545438f,0.07284192943349088f,0.9885651201821612f,2.0945314098386203f,-0.7799621975071775f,0.623108980788986f,0.058259492959395365f,0.03195531048246594f,0f,0f,0f,1f], start_interpolation: 0, interpolation_duration: 1 }
$data merge entity $(bone_lowerbody) { transformation: [-0.6117400706052686f,-0.5567551732345463f,0.5619588624556351f,0.2280505187335053f,0.13203430037545438f,0.6285609910149765f,0.7664711502063435f,1.6669378833007813f,-0.7799621975071775f,0.543078960788246f,-0.3110051652447811f,-0.11331667862706216f,0f,0f,0f,1f], start_interpolation: 0, interpolation_duration: 1 }
$data merge entity $(bone_leftfoot) { transformation: [-0.9507406350294361f,-0.04384721518319543f,0.3068428452838539f,0.35169629487094844f,-0.05015526829999435f,0.9986656989375826f,-0.012716703995373804f,0.1366652644545363f,-0.3058705075567376f,-0.02745968266114693f,-0.9516805606776322f,0.5309768233131469f,0f,0f,0f,1f], start_interpolation: 0, interpolation_duration: 1 }
$data merge entity $(bone_leftlowerleg) { transformation: [-0.9507406350294361f,-0.05468074045078007f,0.3050985522826468f,0.2441577906813019f,-0.05015526829999435f,0.9984900213539568f,0.02264000997285931f,1.2408865934117959f,-0.3058705075567376f,0.006243185017553388f,-0.9520561676625912f,0.6841821216076188f,0f,0f,0f,1f], start_interpolation: 0, interpolation_duration: 1 }
$data merge entity $(bone_leftleg) { transformation: [-0.9040546950667737f,0.40613687631569784f,0.13311276883753714f,0.5867126226698641f,0.04395311157143897f,0.39813773205044795f,-0.9162886246857269f,1.5555418375540977f,-0.4251273131791366f,-0.8225078626458558f,-0.3778043772164956f,-0.04487846990288613f,0f,0f,0f,1f], start_interpolation: 0, interpolation_duration: 1 }
$data merge entity $(bone_rightfoot) { transformation: [-0.37085946543042037f,0.013270948013453663f,0.9285965295698614f,-0.2838514211687756f,0.10582476677742166f,0.9939774386742062f,0.028053163069595537f,0.20313114598775162f,-0.9226396620234414f,0.10867391448225575f,-0.3700333075119024f,-0.23031387214135232f,0f,0f,0f,1f], start_interpolation: 0, interpolation_duration: 1 }
$data merge entity $(bone_rightlowerleg) { transformation: [-0.37085946543042037f,-0.019605946756072745f,0.9284843777049587f,-0.44825933086650827f,0.10582476677742166f,0.9923616097528437f,0.0632183837209504f,1.2943190787290173f,-0.9226396620234414f,0.12170350511387562f,-0.3659548130576938f,-0.03907169018163903f,0f,0f,0f,1f], start_interpolation: 0, interpolation_duration: 1 }
$data merge entity $(bone_rightleg) { transformation: [-0.5090731770978175f,0.801799090261762f,0.31296942564163593f,0.2707602901940416f,0.08908813853524572f,0.41073943693221165f,-0.9073880340475191f,1.671558364035937f,-0.856100346882221f,-0.4340407053537968f,-0.2805300238493618f,-0.41116423556922754f,0f,0f,0f,1f], start_interpolation: 0, interpolation_duration: 1 }
data modify entity @s data merge value {"locators":{"lefthand":{"posx":1.086380684297779,"posy":0.9258556623743441,"posz":2.2891570356208706,"roty":44.88227229293409,"rotx":-22.04353448191096},"righthand":{"posx":-1.0514080737685139,"posy":2.00394862921417,"posz":-1.4310054500349072,"roty":69.29986837348348,"rotx":11.063880988702673},"chest":{"posx":-0.34404019558608456,"posy":1.7566099373209565,"posz":-0.155147331851978,"roty":74.82390074944473,"rotx":74.28084537043522},"sack":{"posx":0,"posy":-0.4375,"posz":0,"roty":0,"rotx":0}},"cameras":{}}