# This file was generated by Animated Java via MC-Build. It is not recommended to edit this file directly.
$data merge entity $(bone_nose) { transformation: [-0.9958331546800109f,0.00864654247877646f,0.09078306749179786f,-0.8112776513410095f,0.02841945647417296f,0.9753450544072784f,0.2188477994794005f,2.5369506311570205f,-0.0866525391074617f,0.22051589998552495f,-0.9715266724695742f,1.2569479748261623f,0f,0f,0f,1f], start_interpolation: 0, interpolation_duration: 1 }
$data merge entity $(bone_glowing_eye) { transformation: [-0.9958331546800109f,0.007864119805063463f,0.09085418900496124f,-0.9383947445784309f,0.02841945647417296f,0.9734234715576473f,0.22724233653606662f,2.598481977946565f,-0.0866525391074617f,0.22887747953949075f,-0.9695908605313271f,1.2954477515046028f,0f,0f,0f,1f], start_interpolation: 0, interpolation_duration: 1 }
$data merge entity $(bone_head) { transformation: [-0.9958331546800109f,0.007864119805063463f,0.09085418900496124f,-0.7952357871170403f,0.02841945647417296f,0.9734234715576473f,0.22724233653606662f,2.4593076065654924f,-0.0866525391074617f,0.22887747953949075f,-0.9695908605313271f,1.0471261623059558f,0f,0f,0f,1f], start_interpolation: 0, interpolation_duration: 1 }
$data merge entity $(bone_leftthumb2) { transformation: [-0.48959094042274204f,-0.6005111017439967f,0.632208136406189f,1.0624029067810374f,-0.869737605271312f,0.28468056243399975f,-0.4031296011820334f,1.1701875555188446f,0.06210643310397609f,-0.7472237911459141f,-0.6616641118517979f,2.4478934526478877f,0f,0f,0f,1f], start_interpolation: 0, interpolation_duration: 1 }
$data merge entity $(bone_leftthumb) { transformation: [-0.48959094042274204f,-0.6005111017439967f,0.632208136406189f,0.9691589897285172f,-0.869737605271312f,0.28468056243399975f,-0.4031296011820334f,1.2055528804585511f,0.06210643310397609f,-0.7472237911459141f,-0.6616641118517979f,2.208098261209211f,0f,0f,0f,1f], start_interpolation: 0, interpolation_duration: 1 }
$data merge entity $(bone_leftpointerfinger) { transformation: [-0.254678100831747f,-0.7317458146231848f,0.632208136406189f,1.2493854604910435f,-0.9146524964591677f,-0.029955556610206324f,-0.4031296011820334f,1.188372921431037f,0.31392654503521505f,-0.6809190314638183f,-0.6616641118517979f,2.4154726713151637f,0f,0f,0f,1f], start_interpolation: 0, interpolation_duration: 1 }
$data merge entity $(bone_leftmidfinger) { transformation: [-0.48959094042274204f,-0.6005111017439967f,0.632208136406189f,1.3481679818045105f,-0.869737605271312f,0.28468056243399975f,-0.4031296011820334f,1.1253839212463443f,0.06210643310397609f,-0.7472237911459141f,-0.6616641118517979f,2.3120876538383204f,0f,0f,0f,1f], start_interpolation: 0, interpolation_duration: 1 }
$data merge entity $(bone_leftringfinger) { transformation: [-0.6821286987482584f,-0.36744157441125436f,0.632208136406189f,1.4469505031179777f,-0.6945902374056786f,0.5958447169787932f,-0.4031296011820334f,1.0623949210616517f,-0.22857130275852844f,-0.7141118698373808f,-0.6616641118517979f,2.2087026363614766f,0f,0f,0f,1f], start_interpolation: 0, interpolation_duration: 1 }
$data merge entity $(bone_invisibility) { transformation: [-0.5431254060030082f,-0.6821403846790209f,0.48959094042274204f,1.0721497531458364f,0.24846220713193917f,0.42640711720613783f,0.8697376052713117f,1.0690318569958233f,-0.8020482061454862f,0.5940214356283015f,-0.06210643310397626f,2.366067028860943f,0f,0f,0f,1f], start_interpolation: 0, interpolation_duration: 1 }
$data merge entity $(bone_swiftness) { transformation: [0.6322081364061889f,-0.6005111017439967f,0.4895909404227422f,1.2465086893740707f,-0.40312960118203356f,0.28468056243399975f,0.8697376052713119f,0.909595852223591f,-0.6616641118517979f,-0.7472237911459141f,-0.06210643310397623f,2.3464264157300216f,0f,0f,0f,1f], start_interpolation: 0, interpolation_duration: 1 }
$data merge entity $(bone_suspicious_stew) { transformation: [-0.2770651840462316f,-0.8267621150278979f,0.4895909404227421f,1.2188377366162468f,0.08763827924413478f,0.4856707011834777f,0.8697376052713123f,0.9801006554100982f,-0.9568460773816001f,0.2838809172285918f,-0.062106433103976184f,2.2770311230986957f,0f,0f,0f,1f], start_interpolation: 0, interpolation_duration: 1 }
$data merge entity $(bone_log) { transformation: [-0.48959094042274204f,-0.6005111017439967f,0.632208136406189f,1.1275094546276552f,-0.869737605271312f,0.28468056243399975f,-0.4031296011820334f,0.9152511251647548f,0.06210643310397609f,-0.7472237911459141f,-0.6616641118517979f,2.1584351220659013f,0f,0f,0f,1f], start_interpolation: 0, interpolation_duration: 1 }
$data merge entity $(bone_planks) { transformation: [-0.48959094042274204f,-0.6005111017439967f,0.632208136406189f,1.0816103039630232f,-0.869737605271312f,0.28468056243399975f,-0.4031296011820334f,0.8337132246705694f,0.06210643310397609f,-0.7472237911459141f,-0.6616641118517979f,2.1642576001693987f,0f,0f,0f,1f], start_interpolation: 0, interpolation_duration: 1 }
$data merge entity $(bone_lefthand) { transformation: [-0.48959094042274204f,-0.6005111017439967f,0.632208136406189f,1.0800229100346481f,-0.869737605271312f,0.28468056243399975f,-0.4031296011820334f,1.2164534671280214f,0.06210643310397609f,-0.7472237911459141f,-0.6616641118517979f,1.9767795694987975f,0f,0f,0f,1f], start_interpolation: 0, interpolation_duration: 1 }
$data merge entity $(bone_leftforearm) { transformation: [-0.758696336461507f,-0.42512084486584606f,0.49361132108212147f,0.7110076317798659f,-0.6047442531225664f,0.7413379942951213f,-0.2910367099348747f,1.6992392904172915f,-0.2422070547178948f,-0.5193170953040502f,-0.8195398081666605f,1.5911610022700644f,0f,0f,0f,1f], start_interpolation: 0, interpolation_duration: 1 }
$data merge entity $(bone_leftelbow) { transformation: [-0.758696336461507f,-0.42512084486584606f,0.49361132108212147f,0.6312974733675197f,-0.6047442531225664f,0.7413379942951213f,-0.2910367099348747f,1.8382401643476267f,-0.2422070547178948f,-0.5193170953040502f,-0.8195398081666605f,1.493789046900555f,0f,0f,0f,1f], start_interpolation: 0, interpolation_duration: 1 }
$data merge entity $(bone_leftarm) { transformation: [-0.7350081875343741f,-0.6299485348816998f,0.25085415615021106f,0.10468109961888927f,-0.668339750261915f,0.735483234528036f,-0.11129415954136711f,2.0630519434865673f,-0.1143894334161838f,-0.24945792256125698f,-0.9616058456530651f,1.428232931210501f,0f,0f,0f,1f], start_interpolation: 0, interpolation_duration: 1 }
$data merge entity $(bone_rightthumb2) { transformation: [-0.6640446343459688f,0.2956907355399345f,0.6867399162071339f,-1.5589981864190907f,0.6275710222652942f,0.7197067351197588f,0.2969458324950041f,1.8470226650918748f,-0.40644721134388706f,0.6281633580041976f,-0.6634843329361045f,-1.3052067938778613f,0f,0f,0f,1f], start_interpolation: 0, interpolation_duration: 1 }
$data merge entity $(bone_rightthumb) { transformation: [-0.6640446343459688f,0.2956907355399345f,0.6867399162071339f,-1.4277951748191673f,0.6275710222652942f,0.7197067351197588f,0.2969458324950041f,2.048901592559924f,-0.40644721134388706f,0.6281633580041976f,-0.6634843329361045f,-1.207854153934404f,0f,0f,0f,1f], start_interpolation: 0, interpolation_duration: 1 }
$data merge entity $(bone_rightpointerfinger) { transformation: [-0.20094403526917817f,0.511908581416455f,0.8352072191749376f,-1.5776158494228283f,0.9757581788992643f,0.18005704017169577f,0.12440031589911593f,2.0812871098346544f,-0.0867033505749967f,0.8399577766511843f,-0.5356803733965507f,-1.521432079827079f,0f,0f,0f,1f], start_interpolation: 0, interpolation_duration: 1 }
$data merge entity $(bone_rightmidfinger) { transformation: [-0.14209240432258682f,0.5312613760399814f,0.8352072191749376f,-1.4471147214267444f,0.9898184268252403f,0.06916677903015692f,0.12440031589911593f,2.1007246591938915f,0.008320489831307953f,0.8443798357414148f,-0.5356803733965507f,-1.60513213817029f,0f,0f,0f,1f], start_interpolation: 0, interpolation_duration: 1 }
$data merge entity $(bone_rightringfinger) { transformation: [-0.11878386808504125f,0.5369537165536928f,0.8352072191749376f,-1.3166135934306604f,0.9918933515360376f,0.025925674201585952f,0.12440031589911593f,2.120162208553128f,0.04514390170734173f,0.8432132385680206f,-0.5356803733965507f,-1.6888321965135011f,0f,0f,0f,1f], start_interpolation: 0, interpolation_duration: 1 }
$data merge entity $(bone_hugeasssword) { transformation: [-0.9093962290045235f,1.9525219201392805f,3.271228275101839f,-1.2972292457095143f,3.7708498547394824f,0.9399849062599321f,0.48723457060487074f,1.8917942935564036f,-0.5421878359584971f,3.2625701992688065f,-2.098081462469824f,-1.3907889708926622f,0f,0f,0f,1f], start_interpolation: 0, interpolation_duration: 1 }
$data merge entity $(bone_ice) { transformation: [-0.23218627123519747f,0.49851623492917796f,0.8352072191749376f,-1.3013906513922326f,0.9627701756781657f,0.2399961462791316f,0.12440031589911593f,1.8730010697758206f,-0.13843093684046734f,0.8329966466218229f,-0.5356803733965507f,-1.4016415601079957f,0f,0f,0f,1f], start_interpolation: 0, interpolation_duration: 1 }
$data merge entity $(bone_righthand) { transformation: [-0.23218627123519747f,0.49851623492917796f,0.8352072191749376f,-1.2087079348695207f,0.9627701756781657f,0.2399961462791316f,0.12440031589911593f,2.1775801601369924f,-0.13843093684046734f,0.8329966466218229f,-0.5356803733965507f,-1.244740144331299f,0f,0f,0f,1f], start_interpolation: 0, interpolation_duration: 1 }
$data merge entity $(bone_rightforearm) { transformation: [-0.5770655131627742f,0.06595190416158175f,0.8140305521635204f,-1.091790798480175f,0.743245463322604f,0.4555284669370216f,0.4899795884119814f,2.43594804750866f,-0.33849900261086713f,0.8877748375277755f,-0.3118882220988469f,-0.5926904746224306f,0f,0f,0f,1f], start_interpolation: 0, interpolation_duration: 1 }
$data merge entity $(bone_rightelbow) { transformation: [-0.5770655131627742f,0.06595190416158175f,0.8140305521635204f,-1.0794248164498783f,0.743245463322604f,0.4555284669370216f,0.4899795884119814f,2.5213596350593512f,-0.33849900261086713f,0.8877748375277755f,-0.3118882220988469f,-0.42623269258597274f,0f,0f,0f,1f], start_interpolation: 0, interpolation_duration: 1 }
$data merge entity $(bone_rightarm) { transformation: [-0.4759708290153386f,-0.2555159732508659f,0.8415244246842241f,-1.179049922842352f,0.8443307549265698f,0.13497903241075093f,0.518542415906921f,2.338392418287358f,-0.24608402266620238f,0.9573360163616117f,0.15149391263446738f,0.11008075753783475f,0f,0f,0f,1f], start_interpolation: 0, interpolation_duration: 1 }
$data merge entity $(bone_chest) { transformation: [-0.8273517997711951f,-0.6421657256272054f,0.2747417509003605f,-0.38825844078117533f,0.15632013983499116f,0.24840642203968316f,1.0343548770102038f,2.3826112159426183f,-0.6816627644286022f,0.836378228692162f,-0.09626106410765403f,0.5318870036752272f,0f,0f,0f,1f], start_interpolation: 0, interpolation_duration: 1 }
$data merge entity $(bone_chest1lid) { transformation: [-0.7637093536349494f,-0.5927683621174205f,0.25568279575113906f,-0.34258507975426067f,0.144295513693838f,0.22929823572893832f,0.9626012278297944f,1.9035645773123866f,-0.6292271671648636f,0.7720414418696881f,-0.0895833920849935f,-0.17601683785733127f,0f,0f,0f,1f], start_interpolation: 0, interpolation_duration: 1 }
$data merge entity $(bone_chest1) { transformation: [-0.7637093536349494f,-0.5927683621174205f,0.25568279575113906f,-0.24996502317341374f,0.144295513693838f,0.22929823572893832f,0.9626012278297944f,1.8677367279797399f,-0.6292271671648636f,0.7720414418696881f,-0.0895833920849935f,-0.29664831314947004f,0f,0f,0f,1f], start_interpolation: 0, interpolation_duration: 1 }
$data merge entity $(bone_chest1lid3) { transformation: [-0.7637093536349494f,-0.5927683621174205f,0.25568279575113906f,-0.13105645412400285f,0.144295513693838f,0.22929823572893832f,0.9626012278297944f,2.511212519284984f,-0.6292271671648636f,0.7720414418696881f,-0.0895833920849935f,-0.1940795004639763f,0f,0f,0f,1f], start_interpolation: 0, interpolation_duration: 1 }
$data merge entity $(bone_chest3) { transformation: [-0.7637093536349494f,-0.5927683621174205f,0.25568279575113906f,-0.03843639754315592f,0.144295513693838f,0.22929823572893832f,0.9626012278297944f,2.475384669952337f,-0.6292271671648636f,0.7720414418696881f,-0.0895833920849935f,-0.31471097575611506f,0f,0f,0f,1f], start_interpolation: 0, interpolation_duration: 1 }
$data merge entity $(bone_hugeasssword2) { transformation: [-1.0014242833586289f,0.6368386319300434f,-3.732541190577661f,-1.9478885557776964f,-3.7701881423333616f,0.1900595033093573f,1.043952362126021f,3.0865534470844933f,0.3508682856662242f,3.8598693915547253f,0.5644267038600976f,0.6282400237779225f,0f,0f,0f,1f], start_interpolation: 0, interpolation_duration: 1 }
$data merge entity $(bone_belt) { transformation: [-0.7637093536349494f,-0.5927683621174205f,0.25568279575113906f,-0.1597991560400922f,0.144295513693838f,0.22929823572893832f,0.9626012278297944f,2.1657315793433938f,-0.6292271671648636f,0.7720414418696881f,-0.0895833920849935f,0.2557665334845127f,0f,0f,0f,1f], start_interpolation: 0, interpolation_duration: 1 }
$data merge entity $(bone_torn_part) { transformation: [-0.6663599217481124f,-0.7278705422073638f,0.16176813182641359f,-0.05506188383320279f,0.13203430037545438f,0.0983395304246375f,0.9863550477795643f,2.055786475756589f,-0.7338469855577617f,0.6786264145629908f,0.03057435600574432f,-0.05446324616651682f,0f,0f,0f,1f], start_interpolation: 0, interpolation_duration: 1 }
$data merge entity $(bone_lowerbody) { transformation: [-0.6663599217481124f,-0.5161686572421231f,0.5380839822636548f,0.18637974443819028f,0.13203430037545438f,0.6285609910149765f,0.7664711502063435f,1.6281929492187501f,-0.7338469855577617f,0.5817911978151048f,-0.3506958852519543f,-0.21755962592774225f,0f,0f,0f,1f], start_interpolation: 0, interpolation_duration: 1 }
$data merge entity $(bone_leftfoot) { transformation: [-0.9703119940864328f,-0.03830758355457279f,0.23876544803890812f,0.3307036421162919f,-0.05015526829999432f,0.9977875033666946f,-0.043761086693712724f,0.1345958621148493f,-0.23655687819465673f,-0.05441444040501213f,-0.970096722284876f,0.505594700682096f,0f,0f,0f,1f], start_interpolation: 0, interpolation_duration: 1 }
$data merge entity $(bone_leftlowerleg) { transformation: [-0.9703119940864328f,-0.03933572731827295f,0.23859822021832766f,0.2504059969532503f,-0.05015526829999432f,0.9979667502622255f,-0.03946263998276417f,1.2477784876713074f,-0.23655687819465673f,-0.05023517486726853f,-0.9703221161647844f,0.5989508015531808f,0f,0f,0f,1f], start_interpolation: 0, interpolation_duration: 1 }
$data merge entity $(bone_leftleg) { transformation: [-0.932342088459292f,0.3458040437395973f,0.10553891133144591f,0.5395279160568177f,0.04395311157143897f,0.39813773205044795f,-0.9162886246857269f,1.5624337318136092f,-0.35886815708635167f,-0.8496386936522307f,-0.3864151845703179f,-0.15290136137928667f,0f,0f,0f,1f], start_interpolation: 0, interpolation_duration: 1 }
$data merge entity $(bone_rightfoot) { transformation: [-0.46648347400664336f,-0.04582764071014353f,0.8833444247119191f,-0.28359016974702556f,0.09156524140046585f,0.9907787471070907f,0.09975198612463876f,0.215748346906536f,-0.8797775544690434f,0.12741816224881258f,-0.45798964162211786f,-0.2599653574581348f,0f,0f,0f,1f], start_interpolation: 0, interpolation_duration: 1 }
$data merge entity $(bone_rightlowerleg) { transformation: [-0.46648347400664336f,-0.04963228454072166f,0.8831388235458557f,-0.4743414019148564f,0.09156524140046585f,0.9903398662481522f,0.10401891065810348f,1.2984245854856962f,-0.8797775544690434f,0.12938980310005138f,-0.4574365297587749f,-0.04614042313139721f,0f,0f,0f,1f], start_interpolation: 0, interpolation_duration: 1 }
$data merge entity $(bone_rightleg) { transformation: [-0.5967850010301681f,0.7474011661273434f,0.29193832752699994f,0.19759036910496064f,0.07421988050813061f,0.4136847354499172f,-0.9073879689749819f,1.6785002895118188f,-0.7989612455449769f,-0.519842703735677f,-0.30235589407219327f,-0.49536387586418307f,0f,0f,0f,1f], start_interpolation: 0, interpolation_duration: 1 }
data modify entity @s data merge value {"locators":{"lefthand":{"posx":1.2104452829846903,"posy":0.9808472567372535,"posz":2.2213280043933623,"roty":43.69584373566653,"rotx":-23.773971318489018},"righthand":{"posx":-1.3439975432909093,"posy":1.9575670790241135,"posz":-1.4192650272059344,"roty":57.32493434148452,"rotx":7.146126110024685},"chest":{"posx":-0.36935341125912957,"posy":1.743336230533855,"posz":-0.22993537193480854,"roty":70.6911077806947,"rotx":74.28084537043522},"sack":{"posx":0,"posy":-0.4375,"posz":0,"roty":0,"rotx":0}},"cameras":{}}