# This file was generated by Animated Java via MC-Build. It is not recommended to edit this file directly.
$data merge entity $(bone_nose) {transformation: [-0.5621f,0.5884f,-0.5812f,0.372f,0.2763f,0.796f,0.5386f,3.7347f,0.7795f,0.1422f,-0.61f,0.435f,0f,0f,0f,1f],start_interpolation: 0,interpolation_duration: 1}
$data merge entity $(bone_glowing_eye) {transformation: [-0.5621f,0.5884f,-0.5812f,0.3619f,0.2763f,0.796f,0.5386f,3.8043f,0.7795f,0.1422f,-0.61f,0.5633f,0f,0f,0f,1f],start_interpolation: 0,interpolation_duration: 1}
$data merge entity $(bone_head) {transformation: [-0.5621f,0.5884f,-0.5812f,0.1905f,0.2763f,0.796f,0.5386f,3.7373f,0.7795f,0.1422f,-0.61f,0.3032f,0f,0f,0f,1f],start_interpolation: 0,interpolation_duration: 1}
$data merge entity $(bone_leftthumb2) {transformation: [0.2495f,0.1672f,0.9538f,0.6772f,-0.8014f,-0.5173f,0.3003f,2.6179f,0.5436f,-0.8393f,0.0049f,0.7624f,0f,0f,0f,1f],start_interpolation: 0,interpolation_duration: 1}
$data merge entity $(bone_leftthumb) {transformation: [0.2495f,0.1672f,0.9538f,0.7997f,-0.8014f,-0.5173f,0.3003f,2.5167f,0.5436f,-0.8393f,0.0049f,0.557f,0f,0f,0f,1f],start_interpolation: 0,interpolation_duration: 1}
$data merge entity $(bone_leftpointerfinger) {transformation: [0.2495f,0.1672f,0.9538f,0.7623f,-0.8014f,-0.5173f,0.3003f,2.7882f,0.5436f,-0.8393f,0.0049f,0.7732f,0f,0f,0f,1f],start_interpolation: 0,interpolation_duration: 1}
$data merge entity $(bone_leftmidfinger) {transformation: [0.2495f,0.1672f,0.9538f,0.9113f,-0.8014f,-0.5173f,0.3003f,2.8351f,0.5436f,-0.8393f,0.0049f,0.7739f,0f,0f,0f,1f],start_interpolation: 0,interpolation_duration: 1}
$data merge entity $(bone_leftringfinger) {transformation: [0.2495f,0.1672f,0.9538f,1.0604f,-0.8014f,-0.5173f,0.3003f,2.882f,0.5436f,-0.8393f,0.0049f,0.7747f,0f,0f,0f,1f],start_interpolation: 0,interpolation_duration: 1}
$data merge entity $(bone_invisibility) {transformation: [0.2497f,-0.9356f,-0.2495f,0.7976f,-0.4892f,-0.3443f,0.8014f,2.5719f,-0.8357f,-0.078f,-0.5436f,0.7831f,0f,0f,0f,1f],start_interpolation: 0,interpolation_duration: 1}
$data merge entity $(bone_swiftness) {transformation: [0.9538f,0.1672f,-0.2495f,0.9668f,0.3003f,-0.5173f,0.8014f,2.6566f,0.0049f,-0.8393f,-0.5436f,0.926f,0f,0f,0f,1f],start_interpolation: 0,interpolation_duration: 1}
$data merge entity $(bone_suspicious_stew) {transformation: [0.5546f,-0.7938f,-0.2495f,0.9686f,-0.3419f,-0.4908f,0.8014f,2.6525f,-0.7586f,-0.3591f,-0.5436f,0.8234f,0f,0f,0f,1f],start_interpolation: 0,interpolation_duration: 1}
$data merge entity $(bone_log) {transformation: [0.2495f,0.1672f,0.9538f,1.0576f,-0.8014f,-0.5173f,0.3003f,2.5268f,0.5436f,-0.8393f,0.0049f,0.7697f,0f,0f,0f,1f],start_interpolation: 0,interpolation_duration: 1}
$data merge entity $(bone_planks) {transformation: [0.2495f,0.1672f,0.9538f,1.081f,-0.8014f,-0.5173f,0.3003f,2.4516f,0.5436f,-0.8393f,0.0049f,0.8207f,0f,0f,0f,1f],start_interpolation: 0,interpolation_duration: 1}
$data merge entity $(bone_lefthand1) {transformation: [0.2495f,0.1672f,0.9538f,1.0072f,-0.8014f,-0.5173f,0.3003f,2.5884f,0.5436f,-0.8393f,0.0049f,0.4238f,0f,0f,0f,1f],start_interpolation: 0,interpolation_duration: 1}
$data merge entity $(bone_leftforearm) {transformation: [-0.4478f,-0.3733f,0.8125f,0.6985f,-0.8607f,-0.0663f,-0.5048f,2.4716f,0.2423f,-0.9253f,-0.2916f,-0.2166f,0f,0f,0f,1f],start_interpolation: 0,interpolation_duration: 1}
$data merge entity $(bone_leftelbow) {transformation: [-0.4478f,-0.3733f,0.8125f,0.6286f,-0.8607f,-0.0663f,-0.5048f,2.4592f,0.2423f,-0.9253f,-0.2916f,-0.3901f,0f,0f,0f,1f],start_interpolation: 0,interpolation_duration: 1}
$data merge entity $(bone_leftarm) {transformation: [-0.3484f,-0.8278f,-0.4397f,0.6023f,-0.9007f,0.4255f,-0.0875f,3.32f,0.2596f,0.3655f,-0.8939f,-0.3276f,0f,0f,0f,1f],start_interpolation: 0,interpolation_duration: 1}
$data merge entity $(bone_rightthumb2) {transformation: [-0.612f,-0.7481f,-0.2566f,0.2747f,0.7588f,-0.464f,-0.457f,3.3843f,0.2229f,-0.4744f,0.8516f,1.2686f,0f,0f,0f,1f],start_interpolation: 0,interpolation_duration: 1}
$data merge entity $(bone_rightthumb) {transformation: [-0.612f,-0.7481f,-0.2566f,0.0693f,0.7588f,-0.464f,-0.457f,3.2314f,0.2229f,-0.4744f,0.8516f,1.2251f,0f,0f,0f,1f],start_interpolation: 0,interpolation_duration: 1}
$data merge entity $(bone_rightpointerfinger) {transformation: [-0.612f,-0.7481f,-0.2566f,0.2358f,0.7588f,-0.464f,-0.457f,3.4453f,0.2229f,-0.4744f,0.8516f,1.445f,0f,0f,0f,1f],start_interpolation: 0,interpolation_duration: 1}
$data merge entity $(bone_rightmidfinger) {transformation: [-0.612f,-0.7481f,-0.2566f,0.1957f,0.7588f,-0.464f,-0.457f,3.3739f,0.2229f,-0.4744f,0.8516f,1.5781f,0f,0f,0f,1f],start_interpolation: 0,interpolation_duration: 1}
$data merge entity $(bone_rightringfinger) {transformation: [-0.612f,-0.7481f,-0.2566f,0.1556f,0.7588f,-0.464f,-0.457f,3.3024f,0.2229f,-0.4744f,0.8516f,1.7112f,0f,0f,0f,1f],start_interpolation: 0,interpolation_duration: 1}
$data merge entity $(bone_hugeasssword) {transformation: [-2.397f,-2.93f,-1.0049f,0.2103f,2.972f,-1.8174f,-1.7901f,3.0852f,0.8728f,-1.8581f,3.3356f,1.4092f,0f,0f,0f,1f],start_interpolation: 0,interpolation_duration: 1}
$data merge entity $(bone_ice) {transformation: [-0.612f,-0.7481f,-0.2566f,0.2316f,0.7588f,-0.464f,-0.457f,3.0806f,0.2229f,-0.4744f,0.8516f,1.4132f,0f,0f,0f,1f],start_interpolation: 0,interpolation_duration: 1}
$data merge entity $(bone_righthand1) {transformation: [-0.612f,-0.7481f,-0.2566f,-0.1164f,0.7588f,-0.464f,-0.457f,3.14f,0.2229f,-0.4744f,0.8516f,1.3769f,0f,0f,0f,1f],start_interpolation: 0,interpolation_duration: 1}
$data merge entity $(bone_rightforearm) {transformation: [-0.447f,-0.8649f,-0.2283f,-0.6898f,0.3986f,0.0359f,-0.9164f,3.1304f,0.8008f,-0.5006f,0.3288f,0.9544f,0f,0f,0f,1f],start_interpolation: 0,interpolation_duration: 1}
$data merge entity $(bone_rightelbow) {transformation: [-0.447f,-0.8649f,-0.2283f,-0.852f,0.3986f,0.0359f,-0.9164f,3.1372f,0.8008f,-0.5006f,0.3288f,0.8605f,0f,0f,0f,1f],start_interpolation: 0,interpolation_duration: 1}
$data merge entity $(bone_rightarm) {transformation: [-0.4499f,0.4765f,-0.7553f,-0.4904f,0.4669f,0.8465f,0.2559f,3.3208f,0.7613f,-0.2375f,-0.6034f,0.6668f,0f,0f,0f,1f],start_interpolation: 0,interpolation_duration: 1}
$data merge entity $(bone_chest1) {transformation: [-0.7945f,0.3374f,-0.6546f,-0.0651f,-0.0009f,0.9625f,0.4973f,3.1914f,0.7364f,0.3653f,-0.7056f,0.0302f,0f,0f,0f,1f],start_interpolation: 0,interpolation_duration: 1}
$data merge entity $(bone_chest1lid) {transformation: [-0.7334f,0.3115f,-0.6042f,-0.2919f,-0.0008f,0.8884f,0.459f,2.4043f,0.6798f,0.3372f,-0.6513f,0.2867f,0f,0f,0f,1f],start_interpolation: 0,interpolation_duration: 1}
$data merge entity $(bone_chest2) {transformation: [-0.7334f,0.3115f,-0.6042f,-0.3406f,-0.0008f,0.8884f,0.459f,2.2655f,0.6798f,0.3372f,-0.6513f,0.234f,0f,0f,0f,1f],start_interpolation: 0,interpolation_duration: 1}
$data merge entity $(bone_chest1lid3) {transformation: [-0.7334f,0.3115f,-0.6042f,-0.6332f,-0.0008f,0.8884f,0.459f,2.6984f,0.6798f,0.3372f,-0.6513f,-0.173f,0f,0f,0f,1f],start_interpolation: 0,interpolation_duration: 1}
$data merge entity $(bone_chest3) {transformation: [-0.7334f,0.3115f,-0.6042f,-0.6818f,-0.0008f,0.8884f,0.459f,2.5596f,0.6798f,0.3372f,-0.6513f,-0.2257f,0f,0f,0f,1f],start_interpolation: 0,interpolation_duration: 1}
$data merge entity $(bone_hugeasssword2) {transformation: [2.3665f,2.9421f,-1.0412f,-0.7673f,-1.7978f,2.3532f,2.5633f,4.3428f,2.5511f,-1.0708f,2.7723f,1.0863f,0f,0f,0f,1f],start_interpolation: 0,interpolation_duration: 1}
$data merge entity $(bone_belt) {transformation: [-0.7334f,0.3115f,-0.6042f,-0.0866f,-0.0008f,0.8884f,0.459f,2.7774f,0.6798f,0.3372f,-0.6513f,-0.0406f,0f,0f,0f,1f],start_interpolation: 0,interpolation_duration: 1}
$data merge entity $(bone_torn_part) {transformation: [-0.7283f,0.4025f,-0.5546f,-0.2577f,-0.0566f,0.7712f,0.634f,2.5141f,0.6829f,0.4931f,-0.5389f,-0.0525f,0f,0f,0f,1f],start_interpolation: 0,interpolation_duration: 1}
$data merge entity $(bone_lowerbody) {transformation: [-0.7283f,0.2171f,-0.65f,-0.2012f,-0.0566f,0.9262f,0.3728f,2.015f,0.6829f,0.3083f,-0.6622f,-0.1766f,0f,0f,0f,1f],start_interpolation: 0,interpolation_duration: 1}
$data merge entity $(bone_leftfoot) {transformation: [-0.4523f,0.4268f,-0.7831f,-0.2453f,0.0027f,0.8787f,0.4774f,0.2889f,0.8918f,0.2138f,-0.3986f,-0.3694f,0f,0f,0f,1f],start_interpolation: 0,interpolation_duration: 1}
$data merge entity $(bone_leftlowerleg) {transformation: [-0.4523f,0.4268f,-0.7831f,0.3485f,0.0027f,0.8787f,0.4774f,1.1904f,0.8918f,0.2138f,-0.3986f,-0.0709f,0f,0f,0f,1f],start_interpolation: 0,interpolation_duration: 1}
$data merge entity $(bone_leftleg) {transformation: [-0.6152f,-0.4433f,-0.652f,-0.1262f,0.0261f,0.8151f,-0.5788f,2.0409f,0.788f,-0.3731f,-0.4898f,-0.4362f,0f,0f,0f,1f],start_interpolation: 0,interpolation_duration: 1}
$data merge entity $(bone_rightfoot) {transformation: [-0.664f,0.473f,-0.5791f,-0.635f,0.141f,0.8398f,0.5243f,0.4678f,0.7343f,0.2664f,-0.6243f,0.1394f,0f,0f,0f,1f],start_interpolation: 0,interpolation_duration: 1}
$data merge entity $(bone_rightlowerleg) {transformation: [-0.664f,0.473f,-0.5791f,-0.0213f,0.141f,0.8398f,0.5243f,1.3189f,0.7343f,0.2664f,-0.6243f,0.5309f,0f,0f,0f,1f],start_interpolation: 0,interpolation_duration: 1}
$data merge entity $(bone_rightleg) {transformation: [-0.6835f,-0.4674f,-0.5608f,-0.4875f,0.1399f,0.6701f,-0.729f,2.0069f,0.7165f,-0.5767f,-0.3926f,-0.0926f,0f,0f,0f,1f],start_interpolation: 0,interpolation_duration: 1}
data modify entity @s data merge value {"cameras":{},"locators":{"lefthand":{"posx":1.0062065504156108,"posy":2.6376235672698267,"posz":0.7842151516157668,"roty":90.29352665873868,"rotx":17.476008686750014},"sword":{"posx":1.1360110400069114,"posy":4.851478083324347,"posz":-1.7122311301258926,"roty":196.76576034013542,"rotx":-27.19688752109514},"righthand":{"posx":0.18991689542188417,"posy":3.1661076441838696,"posz":1.4281651191479718,"roty":196.76576034013542,"rotx":-27.19688752109514},"chest":{"posx":-0.23990411228400882,"posy":2.2770129672693717,"posz":0.38865626429803524,"roty":317.14976402278063,"rotx":27.32383265341501}}}