# This file was generated by Animated Java via MC-Build. It is not recommended to edit this file directly.
$data merge entity $(nose) {transformation: [-0.4521f,0.3007f,-0.8397f,0.5098f,-0.0001f,0.9414f,0.3372f,3.6948f,0.892f,0.1525f,-0.4256f,0.462f,0f,0f,0f,1f],start_interpolation: 0,interpolation_duration: 1}
$data merge entity $(glowing_eye) {transformation: [-0.4521f,0.3007f,-0.8397f,0.5029f,-0.0001f,0.9414f,0.3372f,3.7467f,0.892f,0.1525f,-0.4256f,0.5986f,0f,0f,0f,1f],start_interpolation: 0,interpolation_duration: 1}
$data merge entity $(head) {transformation: [-0.4521f,0.3007f,-0.8397f,0.3154f,-0.0001f,0.9414f,0.3372f,3.6417f,0.892f,0.1525f,-0.4256f,0.3634f,0f,0f,0f,1f],start_interpolation: 0,interpolation_duration: 1}
$data merge entity $(leftthumb2) {transformation: [0.5148f,-0.1768f,0.8389f,1.214f,-0.7765f,-0.5109f,0.3689f,3.4287f,0.3633f,-0.8413f,-0.4003f,0.1092f,0f,0f,0f,1f],start_interpolation: 0,interpolation_duration: 1}
$data merge entity $(leftthumb) {transformation: [0.5148f,-0.1768f,0.8389f,1.2423f,-0.7765f,-0.5109f,0.3689f,3.3349f,0.3633f,-0.8413f,-0.4003f,-0.1313f,0f,0f,0f,1f],start_interpolation: 0,interpolation_duration: 1}
$data merge entity $(leftpointerfinger) {transformation: [0.5148f,-0.1768f,0.8389f,1.2833f,-0.7765f,-0.5109f,0.3689f,3.6048f,0.3633f,-0.8413f,-0.4003f,0.0863f,0f,0f,0f,1f],start_interpolation: 0,interpolation_duration: 1}
$data merge entity $(leftmidfinger) {transformation: [0.5148f,-0.1768f,0.8389f,1.4144f,-0.7765f,-0.5109f,0.3689f,3.6624f,0.3633f,-0.8413f,-0.4003f,0.0237f,0f,0f,0f,1f],start_interpolation: 0,interpolation_duration: 1}
$data merge entity $(leftringfinger) {transformation: [0.5148f,-0.1768f,0.8389f,1.5455f,-0.7765f,-0.5109f,0.3689f,3.72f,0.3633f,-0.8413f,-0.4003f,-0.0388f,0f,0f,0f,1f],start_interpolation: 0,interpolation_duration: 1}
$data merge entity $(invisibility) {transformation: [-0.103f,-0.8511f,-0.5148f,1.3343f,-0.4768f,-0.412f,0.7765f,3.3918f,-0.873f,0.3254f,-0.3633f,0.0749f,0f,0f,0f,1f],start_interpolation: 0,interpolation_duration: 1}
$data merge entity $(swiftness) {transformation: [0.8389f,-0.1768f,-0.5148f,1.5424f,0.3689f,-0.5109f,0.7765f,3.4897f,-0.4003f,-0.8413f,-0.3633f,0.1327f,0f,0f,0f,1f],start_interpolation: 0,interpolation_duration: 1}
$data merge entity $(suspicious_stew) {transformation: [0.1943f,-0.835f,-0.5148f,1.4999f,-0.3071f,-0.5502f,0.7765f,3.4849f,-0.9316f,0.0072f,-0.3633f,0.0393f,0f,0f,0f,1f],start_interpolation: 0,interpolation_duration: 1}
$data merge entity $(log) {transformation: [0.5148f,-0.1768f,0.8389f,1.5654f,-0.7765f,-0.5109f,0.3689f,3.3655f,0.3633f,-0.8413f,-0.4003f,-0.0506f,0f,0f,0f,1f],start_interpolation: 0,interpolation_duration: 1}
$data merge entity $(planks) {transformation: [0.5148f,-0.1768f,0.8389f,1.6136f,-0.7765f,-0.5109f,0.3689f,3.2927f,0.3633f,-0.8413f,-0.4003f,-0.0165f,0f,0f,0f,1f],start_interpolation: 0,interpolation_duration: 1}
$data merge entity $(lefthand1) {transformation: [0.5148f,-0.1768f,0.8389f,1.3663f,-0.7765f,-0.5109f,0.3689f,3.4204f,0.3633f,-0.8413f,-0.4003f,-0.3392f,0f,0f,0f,1f],start_interpolation: 0,interpolation_duration: 1}
$data merge entity $(leftforearm) {transformation: [-0.2834f,-0.7625f,0.5816f,0.7941f,-0.8761f,-0.0408f,-0.4804f,3.3189f,0.39f,-0.6457f,-0.6565f,-0.7662f,0f,0f,0f,1f],start_interpolation: 0,interpolation_duration: 1}
$data merge entity $(leftelbow) {transformation: [-0.2834f,-0.7625f,0.5816f,0.6512f,-0.8761f,-0.0408f,-0.4804f,3.3112f,0.39f,-0.6457f,-0.6565f,-0.8873f,0f,0f,0f,1f],start_interpolation: 0,interpolation_duration: 1}
$data merge entity $(leftarm) {transformation: [-0.1921f,-0.4818f,-0.855f,0.5186f,-0.9156f,0.4016f,-0.0207f,3.2714f,0.3533f,0.7788f,-0.5183f,-0.4204f,0f,0f,0f,1f],start_interpolation: 0,interpolation_duration: 1}
$data merge entity $(rightthumb2) {transformation: [-0.2239f,-0.9508f,0.2142f,0.7822f,0.8279f,-0.3016f,-0.4729f,3.0768f,0.5142f,0.0715f,0.8547f,0.876f,0f,0f,0f,1f],start_interpolation: 0,interpolation_duration: 1}
$data merge entity $(rightthumb) {transformation: [-0.2239f,-0.9508f,0.2142f,0.5673f,0.8279f,-0.3016f,-0.4729f,2.9624f,0.5142f,0.0715f,0.8547f,0.9665f,0f,0f,0f,1f],start_interpolation: 0,interpolation_duration: 1}
$data merge entity $(rightpointerfinger) {transformation: [-0.2239f,-0.9508f,0.2142f,0.8649f,0.8279f,-0.3016f,-0.4729f,3.1297f,0.5142f,0.0715f,0.8547f,1.0394f,0f,0f,0f,1f],start_interpolation: 0,interpolation_duration: 1}
$data merge entity $(rightmidfinger) {transformation: [-0.2239f,-0.9508f,0.2142f,0.8983f,0.8279f,-0.3016f,-0.4729f,3.0559f,0.5142f,0.0715f,0.8547f,1.1729f,0f,0f,0f,1f],start_interpolation: 0,interpolation_duration: 1}
$data merge entity $(rightringfinger) {transformation: [-0.2239f,-0.9508f,0.2142f,0.9318f,0.8279f,-0.3016f,-0.4729f,2.982f,0.5142f,0.0715f,0.8547f,1.3065f,0f,0f,0f,1f],start_interpolation: 0,interpolation_duration: 1}
$data merge entity $(hugeasssword) {transformation: [-0.8771f,-3.7238f,0.8391f,0.7613f,3.2426f,-1.1812f,-1.8522f,2.7821f,2.0141f,0.2799f,3.3475f,1.0375f,0f,0f,0f,1f],start_interpolation: 0,interpolation_duration: 1}
$data merge entity $(whey) {transformation: [0f,0f,0f,0.8588f,0f,0f,0f,2.7346f,0f,0f,0f,0.8222f,0f,0f,0f,1f],start_interpolation: 0,interpolation_duration: 1}
$data merge entity $(ice) {transformation: [-0.2239f,-0.9508f,0.2142f,0.7797f,0.8279f,-0.3016f,-0.4729f,2.7739f,0.5142f,0.0715f,0.8547f,1.0283f,0f,0f,0f,1f],start_interpolation: 0,interpolation_duration: 1}
$data merge entity $(righthand1) {transformation: [-0.2239f,-0.9508f,0.2142f,0.4927f,0.8279f,-0.3016f,-0.4729f,2.8907f,0.5142f,0.0715f,0.8547f,1.2015f,0f,0f,0f,1f],start_interpolation: 0,interpolation_duration: 1}
$data merge entity $(rightforearm) {transformation: [0.1261f,-0.9896f,-0.0699f,-0.2176f,0.3194f,0.1072f,-0.9415f,2.9405f,0.9392f,0.0964f,0.3295f,1.1895f,0f,0f,0f,1f],start_interpolation: 0,interpolation_duration: 1}
$data merge entity $(rightelbow) {transformation: [0.1261f,-0.9896f,-0.0699f,-0.4032f,0.3194f,0.1072f,-0.9415f,2.9606f,0.9392f,0.0964f,0.3295f,1.2075f,0f,0f,0f,1f],start_interpolation: 0,interpolation_duration: 1}
$data merge entity $(rightarm) {transformation: [0.1076f,0.3404f,-0.9341f,-0.1961f,0.3909f,0.8494f,0.3545f,3.1506f,0.9141f,-0.4033f,-0.0417f,0.8563f,0f,0f,0f,1f],start_interpolation: 0,interpolation_duration: 1}
$data merge entity $(chest1) {transformation: [-0.5478f,0.3634f,-0.8611f,0.029f,-0.1205f,0.9623f,0.4828f,3.0945f,0.9268f,0.3399f,-0.4462f,0.1258f,0f,0f,0f,1f],start_interpolation: 0,interpolation_duration: 1}
$data merge entity $(chest1lid) {transformation: [-0.5057f,0.3354f,-0.7949f,-0.0618f,-0.1112f,0.8883f,0.4456f,2.2751f,0.8555f,0.3137f,-0.4119f,0.3646f,0f,0f,0f,1f],start_interpolation: 0,interpolation_duration: 1}
$data merge entity $(chest2) {transformation: [-0.5057f,0.3354f,-0.7949f,-0.1143f,-0.1112f,0.8883f,0.4456f,2.1363f,0.8555f,0.3137f,-0.4119f,0.3156f,0f,0f,0f,1f],start_interpolation: 0,interpolation_duration: 1}
$data merge entity $(chest1lid3) {transformation: [-0.5057f,0.3354f,-0.7949f,-0.5394f,-0.1112f,0.8883f,0.4456f,2.5675f,0.8555f,0.3137f,-0.4119f,0.0473f,0f,0f,0f,1f],start_interpolation: 0,interpolation_duration: 1}
$data merge entity $(chest3) {transformation: [-0.5057f,0.3354f,-0.7949f,-0.5919f,-0.1112f,0.8883f,0.4456f,2.4287f,0.8555f,0.3137f,-0.4119f,-0.0017f,0f,0f,0f,1f],start_interpolation: 0,interpolation_duration: 1}
$data merge entity $(hugeasssword2) {transformation: [3.1132f,2.3478f,-0.3693f,-0.4153f,-1.7454f,2.6716f,2.2708f,4.1062f,1.6131f,-1.6404f,3.1698f,1.4348f,0f,0f,0f,1f],start_interpolation: 0,interpolation_duration: 1}
$data merge entity $(belt) {transformation: [-0.5057f,0.3354f,-0.7949f,0.0156f,-0.1112f,0.8883f,0.4456f,2.6859f,0.8555f,0.3137f,-0.4119f,0.0273f,0f,0f,0f,1f],start_interpolation: 0,interpolation_duration: 1}
$data merge entity $(torn_part) {transformation: [-0.4944f,0.4687f,-0.732f,-0.1328f,-0.2011f,0.7576f,0.6209f,2.408f,0.8457f,0.4542f,-0.2803f,0.0361f,0f,0f,0f,1f],start_interpolation: 0,interpolation_duration: 1}
$data merge entity $(lowerbody) {transformation: [-0.4944f,0.2269f,-0.8391f,-0.0773f,-0.2011f,0.9093f,0.3643f,1.9324f,0.8457f,0.3489f,-0.4039f,-0.16f,0f,0f,0f,1f],start_interpolation: 0,interpolation_duration: 1}
$data merge entity $(leftfoot) {transformation: [-0.3615f,0.5377f,-0.7617f,-0.2737f,0.1118f,0.836f,0.5372f,0.2824f,0.9256f,0.109f,-0.3624f,-0.3734f,0f,0f,0f,1f],start_interpolation: 0,interpolation_duration: 1}
$data merge entity $(leftlowerleg) {transformation: [-0.3615f,0.5377f,-0.7617f,0.4398f,0.1118f,0.836f,0.5372f,1.1273f,0.9256f,0.109f,-0.3624f,-0.1967f,0f,0f,0f,1f],start_interpolation: 0,interpolation_duration: 1}
$data merge entity $(leftleg) {transformation: [-0.4092f,-0.496f,-0.7658f,-0.0864f,0.0257f,0.8327f,-0.5531f,1.9952f,0.9121f,-0.246f,-0.328f,-0.4222f,0f,0f,0f,1f],start_interpolation: 0,interpolation_duration: 1}
$data merge entity $(rightfoot) {transformation: [0.0151f,0.6011f,-0.799f,-0.5796f,0.3156f,0.7554f,0.5742f,0.341f,0.9488f,-0.2609f,-0.1783f,0.6343f,0f,0f,0f,1f],start_interpolation: 0,interpolation_duration: 1}
$data merge entity $(rightlowerleg) {transformation: [0.0151f,0.6011f,-0.799f,0.21f,0.3156f,0.7554f,0.5742f,1.0908f,0.9488f,-0.2609f,-0.1783f,0.3723f,0f,0f,0f,1f],start_interpolation: 0,interpolation_duration: 1}
$data merge entity $(rightleg) {transformation: [-0.1782f,-0.5378f,-0.824f,-0.3416f,0.2522f,0.7845f,-0.5665f,1.8977f,0.9511f,-0.3088f,-0.0041f,0.0195f,0f,0f,0f,1f],start_interpolation: 0,interpolation_duration: 1}
data modify entity @s data merge value {"cameras":{},"locators":{"soup":{"px":1.3724681353569308,"py":3.3660484421047263,"pz":0.05186591827739466,"ry":305.2113604209383,"rx":50.93995800380114},"lefthand":{"px":1.5178192440847187,"py":3.472468017239205,"pz":-0.012673191865554434,"ry":64.49163585856007,"rx":21.648142516671648},"sword":{"px":-0.019820805981348055,"py":4.6074041386144255,"pz":-2.089520341491162,"ry":165.92724563671192,"rx":-28.223003075882033},"righthand":{"px":0.7702117677763847,"py":2.8635686032351497,"pz":1.0620732883967732,"ry":165.92724563671192,"rx":-28.223003075882033},"chest":{"px":0.025590129272902176,"py":2.146452754964679,"pz":0.4361062106049449,"ry":297.39094486209467,"rx":26.463600639900484}}}