# This file was generated by Animated Java via MC-Build. It is not recommended to edit this file directly.
$data merge entity $(bone_nose) {transformation: [-0.4051f,0.3484f,-0.8453f,0.5803f,0.0134f,0.9267f,0.3755f,3.7204f,0.9142f,0.1407f,-0.3801f,0.4355f,0f,0f,0f,1f],start_interpolation: 0,interpolation_duration: 1}
$data merge entity $(bone_glowing_eye) {transformation: [-0.4051f,0.3484f,-0.8453f,0.5827f,0.0134f,0.9267f,0.3755f,3.7718f,0.9142f,0.1407f,-0.3801f,0.5725f,0f,0f,0f,1f],start_interpolation: 0,interpolation_duration: 1}
$data merge entity $(bone_head) {transformation: [-0.4051f,0.3484f,-0.8453f,0.379f,0.0134f,0.9267f,0.3755f,3.6763f,0.9142f,0.1407f,-0.3801f,0.3469f,0f,0f,0f,1f],start_interpolation: 0,interpolation_duration: 1}
$data merge entity $(bone_leftthumb2) {transformation: [0.6748f,-0.1425f,0.7241f,1.1455f,-0.6361f,-0.6098f,0.4728f,3.6293f,0.3742f,-0.7796f,-0.5022f,0.0041f,0f,0f,0f,1f],start_interpolation: 0,interpolation_duration: 1}
$data merge entity $(bone_leftthumb) {transformation: [0.6748f,-0.1425f,0.7241f,1.1724f,-0.6361f,-0.6098f,0.4728f,3.5202f,0.3742f,-0.7796f,-0.5022f,-0.23f,0f,0f,0f,1f],start_interpolation: 0,interpolation_duration: 1}
$data merge entity $(bone_leftpointerfinger) {transformation: [0.6748f,-0.1425f,0.7241f,1.1793f,-0.6361f,-0.6098f,0.4728f,3.812f,0.3742f,-0.7796f,-0.5022f,-0.0387f,0f,0f,0f,1f],start_interpolation: 0,interpolation_duration: 1}
$data merge entity $(bone_leftmidfinger) {transformation: [0.6748f,-0.1425f,0.7241f,1.2924f,-0.6361f,-0.6098f,0.4728f,3.8859f,0.3742f,-0.7796f,-0.5022f,-0.1171f,0f,0f,0f,1f],start_interpolation: 0,interpolation_duration: 1}
$data merge entity $(bone_leftringfinger) {transformation: [0.6748f,-0.1425f,0.7241f,1.4056f,-0.6361f,-0.6098f,0.4728f,3.9598f,0.3742f,-0.7796f,-0.5022f,-0.1956f,0f,0f,0f,1f],start_interpolation: 0,interpolation_duration: 1}
$data merge entity $(bone_invisibility) {transformation: [-0.0789f,-0.7338f,-0.6748f,1.2676f,-0.5663f,-0.5241f,0.6361f,3.6113f,-0.8204f,0.4323f,-0.3742f,-0.0381f,0f,0f,0f,1f],start_interpolation: 0,interpolation_duration: 1}
$data merge entity $(bone_swiftness) {transformation: [0.7241f,-0.1425f,-0.6748f,1.4578f,0.4728f,-0.6098f,0.6361f,3.7494f,-0.5022f,-0.7796f,-0.3742f,-0.0072f,0f,0f,0f,1f],start_interpolation: 0,interpolation_duration: 1}
$data merge entity $(bone_suspicious_stew) {transformation: [0.1768f,-0.7165f,-0.6748f,1.4101f,-0.3529f,-0.6862f,0.6361f,3.7285f,-0.9188f,0.1257f,-0.3742f,-0.0957f,0f,0f,0f,1f],start_interpolation: 0,interpolation_duration: 1}
$data merge entity $(bone_log) {transformation: [0.6748f,-0.1425f,0.7241f,1.4895f,-0.6361f,-0.6098f,0.4728f,3.6148f,0.3742f,-0.7796f,-0.5022f,-0.1816f,0f,0f,0f,1f],start_interpolation: 0,interpolation_duration: 1}
$data merge entity $(bone_planks) {transformation: [0.6748f,-0.1425f,0.7241f,1.5527f,-0.6361f,-0.6098f,0.4728f,3.5552f,0.3742f,-0.7796f,-0.5022f,-0.1465f,0f,0f,0f,1f],start_interpolation: 0,interpolation_duration: 1}
$data merge entity $(bone_lefthand1) {transformation: [0.6748f,-0.1425f,0.7241f,1.2625f,-0.6361f,-0.6098f,0.4728f,3.6066f,0.3742f,-0.7796f,-0.5022f,-0.4544f,0f,0f,0f,1f],start_interpolation: 0,interpolation_duration: 1}
$data merge entity $(bone_leftforearm) {transformation: [-0.1223f,-0.7873f,0.6043f,0.6868f,-0.8958f,-0.1745f,-0.4087f,3.4078f,0.4272f,-0.5913f,-0.684f,-0.8381f,0f,0f,0f,1f],start_interpolation: 0,interpolation_duration: 1}
$data merge entity $(bone_leftelbow) {transformation: [-0.1223f,-0.7873f,0.6043f,0.5392f,-0.8958f,-0.1745f,-0.4087f,3.375f,0.4272f,-0.5913f,-0.684f,-0.949f,0f,0f,0f,1f],start_interpolation: 0,interpolation_duration: 1}
$data merge entity $(bone_leftarm) {transformation: [-0.0369f,-0.3686f,-0.9289f,0.506f,-0.9239f,0.3668f,-0.1088f,3.333f,0.3808f,0.8542f,-0.3541f,-0.4587f,0f,0f,0f,1f],start_interpolation: 0,interpolation_duration: 1}
$data merge entity $(bone_rightthumb2) {transformation: [-0.476f,-0.8531f,0.2136f,0.8256f,0.7931f,-0.5214f,-0.315f,3.3787f,0.3801f,0.0195f,0.9248f,0.977f,0f,0f,0f,1f],start_interpolation: 0,interpolation_duration: 1}
$data merge entity $(bone_rightthumb) {transformation: [-0.476f,-0.8531f,0.2136f,0.6346f,0.7931f,-0.5214f,-0.315f,3.2239f,0.3801f,0.0195f,0.9248f,1.0608f,0f,0f,0f,1f],start_interpolation: 0,interpolation_duration: 1}
$data merge entity $(bone_rightpointerfinger) {transformation: [-0.476f,-0.8531f,0.2136f,0.8725f,0.7931f,-0.5214f,-0.315f,3.4669f,0.3801f,0.0195f,0.9248f,1.1393f,0f,0f,0f,1f],start_interpolation: 0,interpolation_duration: 1}
$data merge entity $(bone_rightmidfinger) {transformation: [-0.476f,-0.8531f,0.2136f,0.9059f,0.7931f,-0.5214f,-0.315f,3.4177f,0.3801f,0.0195f,0.9248f,1.2838f,0f,0f,0f,1f],start_interpolation: 0,interpolation_duration: 1}
$data merge entity $(bone_rightringfinger) {transformation: [-0.476f,-0.8531f,0.2136f,0.9393f,0.7931f,-0.5214f,-0.315f,3.3685f,0.3801f,0.0195f,0.9248f,1.4283f,0f,0f,0f,1f],start_interpolation: 0,interpolation_duration: 1}
$data merge entity $(bone_hugeasssword) {transformation: [-1.8643f,-3.3414f,0.8366f,0.8557f,3.1062f,-2.042f,-1.2337f,3.1061f,1.4886f,0.0762f,3.622f,1.1724f,0f,0f,0f,1f],start_interpolation: 0,interpolation_duration: 1}
$data merge entity $(bone_ice) {transformation: [-0.476f,-0.8531f,0.2136f,0.8765f,0.7931f,-0.5214f,-0.315f,3.1018f,0.3801f,0.0195f,0.9248f,1.1661f,0f,0f,0f,1f],start_interpolation: 0,interpolation_duration: 1}
$data merge entity $(bone_righthand1) {transformation: [-0.476f,-0.8531f,0.2136f,0.5509f,0.7931f,-0.5214f,-0.315f,3.1599f,0.3801f,0.0195f,0.9248f,1.2949f,0f,0f,0f,1f],start_interpolation: 0,interpolation_duration: 1}
$data merge entity $(bone_rightforearm) {transformation: [0.017f,-0.999f,0.0402f,-0.1556f,0.5398f,-0.0247f,-0.8414f,3.0953f,0.8416f,0.036f,0.5389f,1.2465f,0f,0f,0f,1f],start_interpolation: 0,interpolation_duration: 1}
$data merge entity $(bone_rightelbow) {transformation: [0.017f,-0.999f,0.0402f,-0.343f,0.5398f,-0.0247f,-0.8414f,3.0907f,0.8416f,0.036f,0.5389f,1.2533f,0f,0f,0f,1f],start_interpolation: 0,interpolation_duration: 1}
$data merge entity $(bone_rightarm) {transformation: [-0.0048f,0.3194f,-0.9476f,-0.11f,0.5986f,0.76f,0.2531f,3.2107f,0.801f,-0.5661f,-0.1948f,0.8848f,0f,0f,0f,1f],start_interpolation: 0,interpolation_duration: 1}
$data merge entity $(bone_chest1) {transformation: [-0.471f,0.4035f,-0.8883f,0.0665f,-0.1102f,0.958f,0.4936f,3.1326f,0.9694f,0.3049f,-0.3755f,0.1359f,0f,0f,0f,1f],start_interpolation: 0,interpolation_duration: 1}
$data merge entity $(bone_chest1lid) {transformation: [-0.4347f,0.3724f,-0.8199f,-0.0157f,-0.1017f,0.8844f,0.4556f,2.3152f,0.8948f,0.2814f,-0.3466f,0.3847f,0f,0f,0f,1f],start_interpolation: 0,interpolation_duration: 1}
$data merge entity $(bone_chest2) {transformation: [-0.4347f,0.3724f,-0.8199f,-0.0739f,-0.1017f,0.8844f,0.4556f,2.177f,0.8948f,0.2814f,-0.3466f,0.3407f,0f,0f,0f,1f],start_interpolation: 0,interpolation_duration: 1}
$data merge entity $(bone_chest1lid3) {transformation: [-0.4347f,0.3724f,-0.8199f,-0.5138f,-0.1017f,0.8844f,0.4556f,2.6134f,0.8948f,0.2814f,-0.3466f,0.1067f,0f,0f,0f,1f],start_interpolation: 0,interpolation_duration: 1}
$data merge entity $(bone_chest3) {transformation: [-0.4347f,0.3724f,-0.8199f,-0.572f,-0.1017f,0.8844f,0.4556f,2.4752f,0.8948f,0.2814f,-0.3466f,0.0627f,0f,0f,0f,1f],start_interpolation: 0,interpolation_duration: 1}
$data merge entity $(bone_hugeasssword2) {transformation: [3.2114f,2.2409f,-0.0749f,-0.2543f,-1.7845f,2.6337f,2.2847f,4.1542f,1.3575f,-1.8392f,3.1804f,1.473f,0f,0f,0f,1f],start_interpolation: 0,interpolation_duration: 1}
$data merge entity $(bone_belt) {transformation: [-0.4347f,0.3724f,-0.8199f,0.0394f,-0.1017f,0.8844f,0.4556f,2.724f,0.8948f,0.2814f,-0.3466f,0.0405f,0f,0f,0f,1f],start_interpolation: 0,interpolation_duration: 1}
$data merge entity $(bone_torn_part) {transformation: [-0.4307f,0.5297f,-0.7307f,-0.1143f,-0.1794f,0.7432f,0.6445f,2.4504f,0.8845f,0.4087f,-0.2251f,0.063f,0f,0f,0f,1f],start_interpolation: 0,interpolation_duration: 1}
$data merge entity $(bone_lowerbody) {transformation: [-0.4307f,0.2854f,-0.8562f,-0.0912f,-0.1794f,0.9027f,0.3912f,1.9721f,0.8845f,0.3221f,-0.3376f,-0.1332f,0f,0f,0f,1f],start_interpolation: 0,interpolation_duration: 1}
$data merge entity $(bone_leftfoot) {transformation: [-0.3115f,0.5133f,-0.7997f,-0.2542f,0.1017f,0.8548f,0.509f,0.299f,0.9448f,0.0772f,-0.3185f,-0.3549f,0f,0f,0f,1f],start_interpolation: 0,interpolation_duration: 1}
$data merge entity $(bone_leftlowerleg) {transformation: [-0.3115f,0.5133f,-0.7997f,0.438f,0.1017f,0.8548f,0.509f,1.169f,0.9448f,0.0772f,-0.3185f,-0.2203f,0f,0f,0f,1f],start_interpolation: 0,interpolation_duration: 1}
$data merge entity $(bone_leftleg) {transformation: [-0.3433f,-0.5242f,-0.7793f,-0.115f,0.01f,0.8277f,-0.5611f,2.0317f,0.9392f,-0.2004f,-0.2789f,-0.3971f,0f,0f,0f,1f],start_interpolation: 0,interpolation_duration: 1}
$data merge entity $(bone_rightfoot) {transformation: [0.026f,0.5722f,-0.8197f,-0.5705f,0.3048f,0.7764f,0.5517f,0.3301f,0.9521f,-0.2642f,-0.1542f,0.6352f,0f,0f,0f,1f],start_interpolation: 0,interpolation_duration: 1}
$data merge entity $(bone_rightlowerleg) {transformation: [0.026f,0.5722f,-0.8197f,0.1902f,0.3048f,0.7764f,0.5517f,1.1066f,0.9521f,-0.2642f,-0.1542f,0.3658f,0f,0f,0f,1f],start_interpolation: 0,interpolation_duration: 1}
$data merge entity $(bone_rightleg) {transformation: [-0.1309f,-0.5162f,-0.8464f,-0.3394f,0.2267f,0.8156f,-0.5324f,1.9485f,0.9651f,-0.2616f,0.0103f,0.0623f,0f,0f,0f,1f],start_interpolation: 0,interpolation_duration: 1}
data modify entity @s data merge value {"cameras":{},"locators":{"lefthand":{"posx":1.4260130270907803,"posy":3.714699056409032,"posz":-0.14792430546097424,"roty":55.25744694467021,"rotx":28.213254280020102},"sword":{"posx":0.05422747806138939,"posy":4.35073439106331,"posz":-2.2230160939294046,"roty":166.99460987739462,"rotx":-18.35940801962026},"righthand":{"posx":0.8418328891761568,"posy":3.189257759771237,"posz":1.1870141114126467,"roty":166.99460987739462,"rotx":-18.35940801962026},"chest":{"posx":0.07558452179421354,"posy":2.1855554595923694,"posz":0.44918948397362224,"roty":292.9142637841511,"rotx":27.104330134815246}}}