# This file was generated by Animated Java via MC-Build. It is not recommended to edit this file directly.
$data merge entity $(bone_nose) {transformation: [0.3424f,0.2809f,-0.8966f,0.7663f,-0.2699f,0.9434f,0.1925f,4.0125f,0.8999f,0.1761f,0.3988f,-0.1173f,0f,0f,0f,1f],start_interpolation: 0,interpolation_duration: 1}
$data merge entity $(bone_glowing_eye) {transformation: [0.3424f,0.2809f,-0.8966f,0.8594f,-0.2699f,0.9434f,0.1925f,4.0359f,0.8999f,0.1761f,0.3988f,-0.0068f,0f,0f,0f,1f],start_interpolation: 0,interpolation_duration: 1}
$data merge entity $(bone_head) {transformation: [0.3424f,0.2809f,-0.8966f,0.5638f,-0.2699f,0.9434f,0.1925f,3.9321f,0.8999f,0.1761f,0.3988f,-0.0644f,0f,0f,0f,1f],start_interpolation: 0,interpolation_duration: 1}
$data merge entity $(bone_leftthumb2) {transformation: [0.6705f,0.1546f,-0.7257f,0.3232f,0.1016f,-0.988f,-0.1166f,4.5591f,-0.735f,0.0045f,-0.6781f,-1.7614f,0f,0f,0f,1f],start_interpolation: 0,interpolation_duration: 1}
$data merge entity $(bone_leftthumb) {transformation: [0.6705f,0.1546f,-0.7257f,0.2991f,0.1016f,-0.988f,-0.1166f,4.3069f,-0.735f,0.0045f,-0.6781f,-1.8182f,0f,0f,0f,1f],start_interpolation: 0,interpolation_duration: 1}
$data merge entity $(bone_leftpointerfinger) {transformation: [0.6705f,0.1546f,-0.7257f,0.141f,0.1016f,-0.988f,-0.1166f,4.6145f,-0.735f,0.0045f,-0.6781f,-1.7711f,0f,0f,0f,1f],start_interpolation: 0,interpolation_duration: 1}
$data merge entity $(bone_leftmidfinger) {transformation: [0.6705f,0.1546f,-0.7257f,0.0276f,0.1016f,-0.988f,-0.1166f,4.5962f,-0.735f,0.0045f,-0.6781f,-1.877f,0f,0f,0f,1f],start_interpolation: 0,interpolation_duration: 1}
$data merge entity $(bone_leftringfinger) {transformation: [0.6705f,0.1546f,-0.7257f,-0.0858f,0.1016f,-0.988f,-0.1166f,4.578f,-0.735f,0.0045f,-0.6781f,-1.983f,0f,0f,0f,1f],start_interpolation: 0,interpolation_duration: 1}
$data merge entity $(bone_invisibility) {transformation: [0.0908f,0.7364f,-0.6705f,0.3063f,-0.9944f,0.0301f,-0.1016f,4.5291f,-0.0546f,0.6759f,0.735f,-1.8872f,0f,0f,0f,1f],start_interpolation: 0,interpolation_duration: 1}
$data merge entity $(bone_swiftness) {transformation: [-0.7257f,0.1546f,-0.6705f,0.1842f,-0.1166f,-0.988f,-0.1016f,4.6463f,-0.6781f,0.0045f,0.735f,-2.0533f,0f,0f,0f,1f],start_interpolation: 0,interpolation_duration: 1}
$data merge entity $(bone_suspicious_stew) {transformation: [-0.1666f,0.723f,-0.6705f,0.163f,-0.9447f,-0.3118f,-0.1016f,4.5535f,-0.2825f,0.6165f,0.735f,-2.0146f,0f,0f,0f,1f],start_interpolation: 0,interpolation_duration: 1}
$data merge entity $(bone_log) {transformation: [0.6705f,0.1546f,-0.7257f,0.2111f,0.1016f,-0.988f,-0.1166f,4.4341f,-0.735f,0.0045f,-0.6781f,-2.1147f,0f,0f,0f,1f],start_interpolation: 0,interpolation_duration: 1}
$data merge entity $(bone_planks) {transformation: [0.6705f,0.1546f,-0.7257f,0.274f,0.1016f,-0.988f,-0.1166f,4.4436f,-0.735f,0.0045f,-0.6781f,-2.1836f,0f,0f,0f,1f],start_interpolation: 0,interpolation_duration: 1}
$data merge entity $(bone_lefthand1) {transformation: [0.6705f,0.1546f,-0.7257f,0.1048f,0.1016f,-0.988f,-0.1166f,4.1654f,-0.735f,0.0045f,-0.6781f,-1.9086f,0f,0f,0f,1f],start_interpolation: 0,interpolation_duration: 1}
$data merge entity $(bone_leftforearm) {transformation: [0.7888f,-0.3061f,-0.533f,-0.0481f,-0.6126f,-0.462f,-0.6413f,3.7977f,-0.0499f,0.8324f,-0.5519f,-1.3121f,0f,0f,0f,1f],start_interpolation: 0,interpolation_duration: 1}
$data merge entity $(bone_leftelbow) {transformation: [0.7888f,-0.3061f,-0.533f,-0.1055f,-0.6126f,-0.462f,-0.6413f,3.711f,-0.0499f,0.8324f,-0.5519f,-1.156f,0f,0f,0f,1f],start_interpolation: 0,interpolation_duration: 1}
$data merge entity $(bone_leftarm) {transformation: [0.778f,0.2026f,-0.5947f,0.1885f,-0.6053f,-0.0123f,-0.7959f,3.6095f,-0.1686f,0.9792f,0.113f,-0.765f,0f,0f,0f,1f],start_interpolation: 0,interpolation_duration: 1}
$data merge entity $(bone_rightthumb2) {transformation: [-0.2776f,-0.2463f,0.9286f,1.7123f,0.8934f,-0.4215f,0.1553f,3.2126f,0.3531f,0.8727f,0.3371f,-0.2615f,0f,0f,0f,1f],start_interpolation: 0,interpolation_duration: 1}
$data merge entity $(bone_rightthumb) {transformation: [-0.2776f,-0.2463f,0.9286f,1.7312f,0.8934f,-0.4215f,0.1553f,3.1225f,0.3531f,0.8727f,0.3371f,-0.0187f,0f,0f,0f,1f],start_interpolation: 0,interpolation_duration: 1}
$data merge entity $(bone_rightpointerfinger) {transformation: [-0.2776f,-0.2463f,0.9286f,1.8252f,0.8934f,-0.4215f,0.1553f,3.3658f,0.3531f,0.8727f,0.3371f,-0.2506f,0f,0f,0f,1f],start_interpolation: 0,interpolation_duration: 1}
$data merge entity $(bone_rightmidfinger) {transformation: [-0.2776f,-0.2463f,0.9286f,1.9703f,0.8934f,-0.4215f,0.1553f,3.3901f,0.3531f,0.8727f,0.3371f,-0.198f,0f,0f,0f,1f],start_interpolation: 0,interpolation_duration: 1}
$data merge entity $(bone_rightringfinger) {transformation: [-0.2776f,-0.2463f,0.9286f,2.1154f,0.8934f,-0.4215f,0.1553f,3.4144f,0.3531f,0.8727f,0.3371f,-0.1453f,0f,0f,0f,1f],start_interpolation: 0,interpolation_duration: 1}
$data merge entity $(bone_hugeasssword) {transformation: [-1.0874f,-0.9647f,3.6369f,1.9795f,3.4993f,-1.6509f,0.6083f,3.0647f,1.3831f,3.4182f,1.3203f,-0.1197f,0f,0f,0f,1f],start_interpolation: 0,interpolation_duration: 1}
$data merge entity $(bone_ice) {transformation: [-0.2776f,-0.2463f,0.9286f,1.9877f,0.8934f,-0.4215f,0.1553f,3.0574f,0.3531f,0.8727f,0.3371f,-0.1389f,0f,0f,0f,1f],start_interpolation: 0,interpolation_duration: 1}
$data merge entity $(bone_righthand1) {transformation: [-0.2776f,-0.2463f,0.9286f,1.8857f,0.8934f,-0.4215f,0.1553f,3.1802f,0.3531f,0.8727f,0.3371f,0.1781f,0f,0f,0f,1f],start_interpolation: 0,interpolation_duration: 1}
$data merge entity $(bone_rightforearm) {transformation: [0.5917f,-0.7324f,0.337f,1.3245f,0.7198f,0.2917f,-0.6299f,3.3102f,0.363f,0.6153f,0.6998f,0.5937f,0f,0f,0f,1f],start_interpolation: 0,interpolation_duration: 1}
$data merge entity $(bone_rightelbow) {transformation: [0.5917f,-0.7324f,0.337f,1.1872f,0.7198f,0.2917f,-0.6299f,3.3649f,0.363f,0.6153f,0.6998f,0.7091f,0f,0f,0f,1f],start_interpolation: 0,interpolation_duration: 1}
$data merge entity $(bone_rightarm) {transformation: [0.5023f,-0.8308f,-0.2398f,0.7236f,0.7814f,0.5549f,-0.2857f,3.4412f,0.3704f,-0.0438f,0.9278f,0.5791f,0f,0f,0f,1f],start_interpolation: 0,interpolation_duration: 1}
$data merge entity $(bone_chest1) {transformation: [0.3141f,0.2406f,-1.0085f,0.3426f,-0.0993f,1.0559f,0.2209f,3.3085f,1.032f,0.0284f,0.3282f,-0.0547f,0f,0f,0f,1f],start_interpolation: 0,interpolation_duration: 1}
$data merge entity $(bone_chest1lid) {transformation: [0.2899f,0.2221f,-0.9309f,0.6541f,-0.0917f,0.9747f,0.2039f,2.5313f,0.9527f,0.0262f,0.3029f,0.1342f,0f,0f,0f,1f],start_interpolation: 0,interpolation_duration: 1}
$data merge entity $(bone_chest2) {transformation: [0.2899f,0.2221f,-0.9309f,0.6194f,-0.0917f,0.9747f,0.2039f,2.379f,0.9527f,0.0262f,0.3029f,0.1301f,0f,0f,0f,1f],start_interpolation: 0,interpolation_duration: 1}
$data merge entity $(bone_chest1lid3) {transformation: [0.2899f,0.2221f,-0.9309f,0.0396f,-0.0917f,0.9747f,0.2039f,2.6676f,0.9527f,0.0262f,0.3029f,0.2687f,0f,0f,0f,1f],start_interpolation: 0,interpolation_duration: 1}
$data merge entity $(bone_chest3) {transformation: [0.2899f,0.2221f,-0.9309f,0.0049f,-0.0917f,0.9747f,0.2039f,2.5154f,0.9527f,0.0262f,0.3029f,0.2646f,0f,0f,0f,1f],start_interpolation: 0,interpolation_duration: 1}
$data merge entity $(bone_hugeasssword2) {transformation: [3.6462f,-0.2495f,1.4083f,0.7108f,-0.7988f,2.8438f,2.572f,4.3805f,-1.1864f,-2.6816f,2.5965f,1.2297f,0f,0f,0f,1f],start_interpolation: 0,interpolation_duration: 1}
$data merge entity $(bone_belt) {transformation: [0.2899f,0.2221f,-0.9309f,0.3667f,-0.0917f,0.9747f,0.2039f,2.8965f,0.9527f,0.0262f,0.3029f,-0.1353f,0f,0f,0f,1f],start_interpolation: 0,interpolation_duration: 1}
$data merge entity $(bone_torn_part) {transformation: [0.2332f,0.5614f,-0.794f,0.3196f,-0.1518f,0.8276f,0.5405f,2.6073f,0.9605f,-0.0055f,0.2782f,-0.0304f,0f,0f,0f,1f],start_interpolation: 0,interpolation_duration: 1}
$data merge entity $(bone_lowerbody) {transformation: [0.2332f,0.2966f,-0.9261f,0.2823f,-0.1518f,0.9518f,0.2666f,2.1199f,0.9605f,0.0784f,0.267f,-0.2001f,0f,0f,0f,1f],start_interpolation: 0,interpolation_duration: 1}
$data merge entity $(bone_leftfoot) {transformation: [0.639f,0.446f,-0.6267f,-0.2241f,-0.0465f,0.8357f,0.5473f,0.361f,0.7678f,-0.3205f,0.5547f,-0.1824f,0f,0f,0f,1f],start_interpolation: 0,interpolation_duration: 1}
$data merge entity $(bone_leftlowerleg) {transformation: [0.639f,0.446f,-0.6267f,0.3669f,-0.0465f,0.8357f,0.5473f,1.204f,0.7678f,-0.3205f,0.5547f,-0.6232f,0f,0f,0f,1f],start_interpolation: 0,interpolation_duration: 1}
$data merge entity $(bone_leftleg) {transformation: [0.4269f,-0.2928f,-0.8556f,0.0802f,-0.0708f,0.9324f,-0.3544f,2.1758f,0.9015f,0.2118f,0.3773f,-0.3816f,0f,0f,0f,1f],start_interpolation: 0,interpolation_duration: 1}
$data merge entity $(bone_rightfoot) {transformation: [0.6614f,0.4084f,-0.6291f,0.2654f,0.0117f,0.833f,0.5531f,0.4641f,0.7499f,-0.3732f,0.5462f,0.2761f,0f,0f,0f,1f],start_interpolation: 0,interpolation_duration: 1}
$data merge entity $(bone_rightlowerleg) {transformation: [0.6614f,0.4084f,-0.6291f,0.8152f,0.0117f,0.833f,0.5531f,1.3032f,0.7499f,-0.3732f,0.5462f,-0.2218f,0f,0f,0f,1f],start_interpolation: 0,interpolation_duration: 1}
$data merge entity $(bone_rightleg) {transformation: [0.4888f,-0.5688f,-0.6614f,0.2062f,-0.0203f,0.7506f,-0.6605f,2.0819f,0.8721f,0.3363f,0.3554f,0.0973f,0f,0f,0f,1f],start_interpolation: 0,interpolation_duration: 1}
data modify entity @s data merge value {"cameras":{},"locators":{"lefthand":{"posx":0.14753880307216466,"posy":4.503579351989062,"posz":-2.035552547425829,"roty":313.0586569714341,"rotx":-6.698576493617254},"sword":{"posx":-1.4731469559884962,"posy":2.572577039140779,"posz":-1.3677058496569454,"roty":109.9516471563264,"rotx":8.934728118674139},"righthand":{"posx":1.950973764202904,"posy":3.1452796407281784,"posz":-0.12469930353944558,"roty":109.9516471563264,"rotx":8.934728118674139},"chest":{"posx":0.7947523442086525,"posy":2.4356123370339797,"posz":0.11496606084577213,"roty":251.97615700097913,"rotx":11.767902786272373}}}