# This file was generated by Animated Java via MC-Build. It is not recommended to edit this file directly.
$data merge entity $(nose) {transformation: [-0.8845f,-0.0177f,-0.4663f,0.2843f,-0.2263f,0.8902f,0.3953f,3.8781f,0.4081f,0.4552f,-0.7914f,0.5738f,0f,0f,0f,1f],start_interpolation: 0,interpolation_duration: 1}
$data merge entity $(glowing_eye) {transformation: [-0.8845f,-0.0177f,-0.4663f,0.1888f,-0.2263f,0.8902f,0.3953f,3.8963f,0.4081f,0.4552f,-0.7914f,0.6832f,0f,0f,0f,1f],start_interpolation: 0,interpolation_duration: 1}
$data merge entity $(head) {transformation: [-0.8845f,-0.0177f,-0.4663f,0.1991f,-0.2263f,0.8902f,0.3953f,3.8422f,0.4081f,0.4552f,-0.7914f,0.3694f,0f,0f,0f,1f],start_interpolation: 0,interpolation_duration: 1}
$data merge entity $(leftthumb2) {transformation: [0.1328f,0.2553f,0.9577f,0.8173f,-0.5201f,-0.8046f,0.2866f,3.9439f,0.8437f,-0.5361f,0.0259f,0.4316f,0f,0f,0f,1f],start_interpolation: 0,interpolation_duration: 1}
$data merge entity $(leftthumb) {transformation: [0.1328f,0.2553f,0.9577f,0.9618f,-0.5201f,-0.8046f,0.2866f,3.7711f,0.8437f,-0.5361f,0.0259f,0.3024f,0f,0f,0f,1f],start_interpolation: 0,interpolation_duration: 1}
$data merge entity $(leftpointerfinger) {transformation: [0.1328f,0.2553f,0.9577f,0.9084f,-0.5201f,-0.8046f,0.2866f,4.1054f,0.8437f,-0.5361f,0.0259f,0.3872f,0f,0f,0f,1f],start_interpolation: 0,interpolation_duration: 1}
$data merge entity $(leftmidfinger) {transformation: [0.1328f,0.2553f,0.9577f,1.058f,-0.5201f,-0.8046f,0.2866f,4.1502f,0.8437f,-0.5361f,0.0259f,0.3913f,0f,0f,0f,1f],start_interpolation: 0,interpolation_duration: 1}
$data merge entity $(leftringfinger) {transformation: [0.1328f,0.2553f,0.9577f,1.2076f,-0.5201f,-0.8046f,0.2866f,4.195f,0.8437f,-0.5361f,0.0259f,0.3953f,0f,0f,0f,1f],start_interpolation: 0,interpolation_duration: 1}
$data merge entity $(invisibility) {transformation: [0.3378f,-0.9318f,-0.1328f,0.9313f,-0.7765f,-0.3557f,0.5201f,3.9109f,-0.5318f,-0.0725f,-0.8437f,0.486f,0f,0f,0f,1f],start_interpolation: 0,interpolation_duration: 1}
$data merge entity $(swiftness) {transformation: [0.9577f,0.2553f,-0.1328f,1.0832f,0.2866f,-0.8046f,0.5201f,4.0466f,0.0259f,-0.5361f,-0.8437f,0.6074f,0f,0f,0f,1f],start_interpolation: 0,interpolation_duration: 1}
$data merge entity $(suspicious_stew) {transformation: [0.6361f,-0.76f,-0.1328f,1.0989f,-0.6081f,-0.5998f,0.5201f,4.0024f,-0.475f,-0.2501f,-0.8437f,0.516f,0f,0f,0f,1f],start_interpolation: 0,interpolation_duration: 1}
$data merge entity $(log) {transformation: [0.1328f,0.2553f,0.9577f,1.1881f,-0.5201f,-0.8046f,0.2866f,3.8665f,0.8437f,-0.5361f,0.0259f,0.5293f,0f,0f,0f,1f],start_interpolation: 0,interpolation_duration: 1}
$data merge entity $(planks) {transformation: [0.1328f,0.2553f,0.9577f,1.2006f,-0.5201f,-0.8046f,0.2866f,3.8178f,0.8437f,-0.5361f,0.0259f,0.6084f,0f,0f,0f,1f],start_interpolation: 0,interpolation_duration: 1}
$data merge entity $(lefthand1) {transformation: [0.1328f,0.2553f,0.9577f,1.1888f,-0.5201f,-0.8046f,0.2866f,3.7864f,0.8437f,-0.5361f,0.0259f,0.1835f,0f,0f,0f,1f],start_interpolation: 0,interpolation_duration: 1}
$data merge entity $(leftforearm) {transformation: [-0.5502f,-0.1454f,0.8223f,1.0345f,-0.7391f,-0.3736f,-0.5606f,3.4608f,0.3887f,-0.9161f,0.0981f,-0.4363f,0f,0f,0f,1f],start_interpolation: 0,interpolation_duration: 1}
$data merge entity $(leftelbow) {transformation: [-0.5502f,-0.1454f,0.8223f,1.0072f,-0.7391f,-0.3736f,-0.5606f,3.3907f,0.3887f,-0.9161f,0.0981f,-0.6081f,0f,0f,0f,1f],start_interpolation: 0,interpolation_duration: 1}
$data merge entity $(leftarm) {transformation: [-0.4762f,-0.5519f,-0.6846f,0.7801f,-0.7805f,0.6239f,0.0399f,3.4759f,0.4051f,0.5534f,-0.7278f,-0.1527f,0f,0f,0f,1f],start_interpolation: 0,interpolation_duration: 1}
$data merge entity $(rightthumb2) {transformation: [-0.3926f,-0.3732f,-0.8406f,-0.3512f,0.2883f,-0.9178f,0.2729f,4.2079f,-0.8733f,-0.1352f,0.468f,0.8005f,0f,0f,0f,1f],start_interpolation: 0,interpolation_duration: 1}
$data merge entity $(rightthumb) {transformation: [-0.3926f,-0.3732f,-0.8406f,-0.5146f,0.2883f,-0.9178f,0.2729f,4.0062f,-0.8733f,-0.1352f,0.468f,0.8073f,0f,0f,0f,1f],start_interpolation: 0,interpolation_duration: 1}
$data merge entity $(rightpointerfinger) {transformation: [-0.3926f,-0.3732f,-0.8406f,-0.4745f,0.2883f,-0.9178f,0.2729f,4.3517f,-0.8733f,-0.1352f,0.468f,0.7781f,0f,0f,0f,1f],start_interpolation: 0,interpolation_duration: 1}
$data merge entity $(rightmidfinger) {transformation: [-0.3926f,-0.3732f,-0.8406f,-0.6058f,0.2883f,-0.9178f,0.2729f,4.3943f,-0.8733f,-0.1352f,0.468f,0.8513f,0f,0f,0f,1f],start_interpolation: 0,interpolation_duration: 1}
$data merge entity $(rightringfinger) {transformation: [-0.3926f,-0.3732f,-0.8406f,-0.7371f,0.2883f,-0.9178f,0.2729f,4.4369f,-0.8733f,-0.1352f,0.468f,0.9244f,0f,0f,0f,1f],start_interpolation: 0,interpolation_duration: 1}
$data merge entity $(hugeasssword) {transformation: [-1.5378f,-1.4619f,-3.2922f,-0.5642f,1.1294f,-3.5948f,1.0687f,4.127f,-3.4205f,-0.5297f,1.8329f,1.0485f,0f,0f,0f,1f],start_interpolation: 0,interpolation_duration: 1}
$data merge entity $(whey) {transformation: [0f,0f,0f,-0.3435f,0f,0f,0f,4.1251f,0f,0f,0f,1.1454f,0f,0f,0f,1f],start_interpolation: 0,interpolation_duration: 1}
$data merge entity $(ice) {transformation: [-0.3926f,-0.3732f,-0.8406f,-0.5522f,0.2883f,-0.9178f,0.2729f,4.1368f,-0.8733f,-0.1352f,0.468f,1.0642f,0f,0f,0f,1f],start_interpolation: 0,interpolation_duration: 1}
$data merge entity $(righthand1) {transformation: [-0.3926f,-0.3732f,-0.8406f,-0.77f,0.2883f,-0.9178f,0.2729f,3.988f,-0.8733f,-0.1352f,0.468f,0.8267f,0f,0f,0f,1f],start_interpolation: 0,interpolation_duration: 1}
$data merge entity $(rightforearm) {transformation: [-0.5216f,-0.3436f,-0.7809f,-0.9654f,0.7836f,-0.5551f,-0.2792f,3.525f,-0.3375f,-0.7575f,0.5588f,0.3249f,0f,0f,0f,1f],start_interpolation: 0,interpolation_duration: 1}
$data merge entity $(rightelbow) {transformation: [-0.5216f,-0.3436f,-0.7809f,-1.0299f,0.7836f,-0.5551f,-0.2792f,3.4209f,-0.3375f,-0.7575f,0.5588f,0.1829f,0f,0f,0f,1f],start_interpolation: 0,interpolation_duration: 1}
$data merge entity $(rightarm) {transformation: [-0.4728f,0.8638f,0.174f,-0.6236f,0.7956f,0.5034f,-0.3371f,3.4789f,-0.3788f,-0.0209f,-0.9252f,0.3893f,0f,0f,0f,1f],start_interpolation: 0,interpolation_duration: 1}
$data merge entity $(chest1) {transformation: [-0.9563f,0.2517f,-0.4425f,0.0112f,0.0486f,0.9825f,0.4538f,3.281f,0.5067f,0.3807f,-0.8786f,0.0735f,0f,0f,0f,1f],start_interpolation: 0,interpolation_duration: 1}
$data merge entity $(chest1lid) {transformation: [-0.8827f,0.2323f,-0.4085f,-0.2891f,0.0448f,0.9069f,0.4189f,2.5126f,0.4678f,0.3514f,-0.811f,0.3103f,0f,0f,0f,1f],start_interpolation: 0,interpolation_duration: 1}
$data merge entity $(chest2) {transformation: [-0.8827f,0.2323f,-0.4085f,-0.3254f,0.0448f,0.9069f,0.4189f,2.3709f,0.4678f,0.3514f,-0.811f,0.2554f,0f,0f,0f,1f],start_interpolation: 0,interpolation_duration: 1}
$data merge entity $(chest1lid3) {transformation: [-0.8827f,0.2323f,-0.4085f,-0.4956f,0.0448f,0.9069f,0.4189f,2.7781f,0.4678f,0.3514f,-0.811f,-0.2384f,0f,0f,0f,1f],start_interpolation: 0,interpolation_duration: 1}
$data merge entity $(chest3) {transformation: [-0.8827f,0.2323f,-0.4085f,-0.5319f,0.0448f,0.9069f,0.4189f,2.6364f,0.4678f,0.3514f,-0.811f,-0.2934f,0f,0f,0f,1f],start_interpolation: 0,interpolation_duration: 1}
$data merge entity $(hugeasssword2) {transformation: [1.5998f,3.1637f,-1.6649f,-0.915f,-1.6406f,2.2703f,2.7376f,4.4996f,3.1764f,-0.4208f,2.2525f,0.8427f,0f,0f,0f,1f],start_interpolation: 0,interpolation_duration: 1}
$data merge entity $(belt) {transformation: [-0.8827f,0.2323f,-0.4085f,0.0004f,0.0448f,0.9069f,0.4189f,2.8635f,0.4678f,0.3514f,-0.811f,0.0247f,0f,0f,0f,1f],start_interpolation: 0,interpolation_duration: 1}
$data merge entity $(torn_part) {transformation: [-0.8562f,0.406f,-0.3196f,-0.1825f,0.0731f,0.7075f,0.7029f,2.619f,0.5115f,0.5784f,-0.6355f,-0.0183f,0f,0f,0f,1f],start_interpolation: 0,interpolation_duration: 1}
$data merge entity $(lowerbody) {transformation: [-0.8562f,0.2911f,-0.4269f,-0.1809f,0.0731f,0.8862f,0.4576f,2.1148f,0.5115f,0.3606f,-0.78f,-0.1346f,0f,0f,0f,1f],start_interpolation: 0,interpolation_duration: 1}
$data merge entity $(leftfoot) {transformation: [-0.7338f,0.3366f,-0.59f,-0.0896f,-0.0116f,0.8622f,0.5064f,0.4976f,0.6792f,0.3784f,-0.6288f,-0.2669f,0f,0f,0f,1f],start_interpolation: 0,interpolation_duration: 1}
$data merge entity $(leftlowerleg) {transformation: [-0.7338f,0.3366f,-0.59f,0.3745f,-0.0116f,0.8622f,0.5064f,1.3763f,0.6792f,0.3784f,-0.6288f,0.2495f,0f,0f,0f,1f],start_interpolation: 0,interpolation_duration: 1}
$data merge entity $(leftleg) {transformation: [-0.8208f,-0.3725f,-0.433f,-0.0353f,0.0554f,0.7026f,-0.7094f,2.1064f,0.5685f,-0.6063f,-0.556f,-0.3663f,0f,0f,0f,1f],start_interpolation: 0,interpolation_duration: 1}
$data merge entity $(rightfoot) {transformation: [-0.7931f,0.3707f,-0.4833f,-0.8256f,0.1379f,0.8822f,0.4503f,0.33f,0.5933f,0.2905f,-0.7508f,-0.111f,0f,0f,0f,1f],start_interpolation: 0,interpolation_duration: 1}
$data merge entity $(rightlowerleg) {transformation: [-0.7931f,0.3707f,-0.4833f,-0.3402f,0.1379f,0.8822f,0.4503f,1.2395f,0.5933f,0.2905f,-0.7508f,0.3266f,0f,0f,0f,1f],start_interpolation: 0,interpolation_duration: 1}
$data merge entity $(rightleg) {transformation: [-0.8071f,-0.1597f,-0.5684f,-0.4758f,0.1291f,0.8917f,-0.4338f,2.1679f,0.5761f,-0.4235f,-0.6991f,-0.1263f,0f,0f,0f,1f],start_interpolation: 0,interpolation_duration: 1}
data modify entity @s data merge value {"cameras":{},"locators":{"soup":{"px":0.9723881015152109,"py":3.8830619891176275,"pz":0.4993465369296082,"ry":351.05319076559556,"rx":31.336615882113428},"lefthand":{"px":1.1407669844865482,"py":3.9736517611537647,"pz":0.4916385871367495,"ry":91.550020505477,"rx":16.657413860002173},"sword":{"px":2.5294825671523333,"py":3.167743733325642,"pz":-0.7485362349795748,"ry":240.89311611960179,"rx":15.835043293338995},"righthand":{"px":-0.5700730910224125,"py":4.173947096521164,"pz":0.9771421138939739,"ry":240.89311611960179,"rx":15.835043293338995},"chest":{"px":-0.2674079711010814,"py":2.3918383711405116,"pz":0.42969824173957505,"ry":333.26754454682333,"rx":24.763982462060348}}}