# This file was generated by Animated Java via MC-Build. It is not recommended to edit this file directly.
$data merge entity $(bone_nose) {transformation: [0.9279f,0.1665f,0.3335f,0.0704f,-0.2411f,0.9504f,0.1963f,3.8703f,-0.2843f,-0.2626f,0.9221f,-0.7315f,0f,0f,0f,1f],start_interpolation: 0,interpolation_duration: 1}
$data merge entity $(bone_glowing_eye) {transformation: [0.9279f,0.1665f,0.3335f,0.1861f,-0.2411f,0.9504f,0.1963f,3.8976f,-0.2843f,-0.2626f,0.9221f,-0.817f,0f,0f,0f,1f],start_interpolation: 0,interpolation_duration: 1}
$data merge entity $(bone_head) {transformation: [0.9279f,0.1665f,0.3335f,0.1123f,-0.2411f,0.9504f,0.1963f,3.7897f,-0.2843f,-0.2626f,0.9221f,-0.5264f,0f,0f,0f,1f],start_interpolation: 0,interpolation_duration: 1}
$data merge entity $(bone_leftthumb2) {transformation: [0.1978f,0.0683f,-0.9779f,-0.7156f,-0.9407f,-0.2673f,-0.209f,3.5673f,-0.2756f,0.9612f,0.0114f,-1.0004f,0f,0f,0f,1f],start_interpolation: 0,interpolation_duration: 1}
$data merge entity $(bone_leftthumb) {transformation: [0.1978f,0.0683f,-0.9779f,-0.7824f,-0.9407f,-0.2673f,-0.209f,3.4839f,-0.2756f,0.9612f,0.0114f,-0.7637f,0f,0f,0f,1f],start_interpolation: 0,interpolation_duration: 1}
$data merge entity $(bone_leftpointerfinger) {transformation: [0.1978f,0.0683f,-0.9779f,-0.8723f,-0.9407f,-0.2673f,-0.209f,3.6647f,-0.2756f,0.9612f,0.0114f,-1.0484f,0f,0f,0f,1f],start_interpolation: 0,interpolation_duration: 1}
$data merge entity $(bone_leftmidfinger) {transformation: [0.1978f,0.0683f,-0.9779f,-1.0251f,-0.9407f,-0.2673f,-0.209f,3.6321f,-0.2756f,0.9612f,0.0114f,-1.0466f,0f,0f,0f,1f],start_interpolation: 0,interpolation_duration: 1}
$data merge entity $(bone_leftringfinger) {transformation: [0.1978f,0.0683f,-0.9779f,-1.1779f,-0.9407f,-0.2673f,-0.209f,3.5994f,-0.2756f,0.9612f,0.0114f,-1.0449f,0f,0f,0f,1f],start_interpolation: 0,interpolation_duration: 1}
$data merge entity $(bone_invisibility) {transformation: [-0.0172f,0.9801f,-0.1978f,-0.7972f,-0.2845f,0.1849f,0.9407f,3.4656f,0.9585f,0.0724f,0.2756f,-0.9953f,0f,0f,0f,1f],start_interpolation: 0,interpolation_duration: 1}
$data merge entity $(bone_swiftness) {transformation: [-0.9779f,0.0683f,-0.1978f,-0.9795f,-0.209f,-0.2673f,0.9407f,3.4137f,0.0114f,0.9612f,0.2756f,-1.1377f,0f,0f,0f,1f],start_interpolation: 0,interpolation_duration: 1}
$data merge entity $(bone_suspicious_stew) {transformation: [-0.3513f,0.9151f,-0.1978f,-0.9838f,-0.3306f,0.0764f,0.9407f,3.439f,0.8759f,0.3959f,0.2756f,-1.0383f,0f,0f,0f,1f],start_interpolation: 0,interpolation_duration: 1}
$data merge entity $(bone_log) {transformation: [0.1978f,0.0683f,-0.9779f,-1.0025f,-0.9407f,-0.2673f,-0.209f,3.3076f,-0.2756f,0.9612f,0.0114f,-0.9434f,0f,0f,0f,1f],start_interpolation: 0,interpolation_duration: 1}
$data merge entity $(bone_planks) {transformation: [0.1978f,0.0683f,-0.9779f,-0.984f,-0.9407f,-0.2673f,-0.209f,3.2194f,-0.2756f,0.9612f,0.0114f,-0.9693f,0f,0f,0f,1f],start_interpolation: 0,interpolation_duration: 1}
$data merge entity $(bone_lefthand1) {transformation: [0.1978f,0.0683f,-0.9779f,-1.0043f,-0.9407f,-0.2673f,-0.209f,3.4825f,-0.2756f,0.9612f,0.0114f,-0.6346f,0f,0f,0f,1f],start_interpolation: 0,interpolation_duration: 1}
$data merge entity $(bone_leftforearm) {transformation: [0.6644f,0.0549f,-0.7454f,-0.9056f,-0.7453f,-0.025f,-0.6662f,3.4147f,-0.0552f,0.9982f,0.0243f,0.0638f,0f,0f,0f,1f],start_interpolation: 0,interpolation_duration: 1}
$data merge entity $(bone_leftelbow) {transformation: [0.6644f,0.0549f,-0.7454f,-0.8953f,-0.7453f,-0.025f,-0.6662f,3.41f,-0.0552f,0.9982f,0.0243f,0.251f,0f,0f,0f,1f],start_interpolation: 0,interpolation_duration: 1}
$data merge entity $(bone_leftarm) {transformation: [0.5904f,0.696f,0.4087f,-0.5325f,-0.8033f,0.5561f,0.2134f,3.428f,-0.0787f,-0.4543f,0.8874f,-0.0918f,0f,0f,0f,1f],start_interpolation: 0,interpolation_duration: 1}
$data merge entity $(bone_rightthumb2) {transformation: [0.542f,0.2818f,0.7917f,0.6685f,0.155f,-0.9595f,0.2354f,4.0082f,0.826f,-0.0048f,-0.5637f,-1.1124f,0f,0f,0f,1f],start_interpolation: 0,interpolation_duration: 1}
$data merge entity $(bone_rightthumb) {transformation: [0.542f,0.2818f,0.7917f,0.8052f,0.155f,-0.9595f,0.2354f,3.793f,0.826f,-0.0048f,-0.5637f,-1.1618f,0f,0f,0f,1f],start_interpolation: 0,interpolation_duration: 1}
$data merge entity $(bone_rightpointerfinger) {transformation: [0.542f,0.2818f,0.7917f,0.8091f,0.155f,-0.9595f,0.2354f,4.1358f,0.826f,-0.0048f,-0.5637f,-1.0963f,0f,0f,0f,1f],start_interpolation: 0,interpolation_duration: 1}
$data merge entity $(bone_rightmidfinger) {transformation: [0.542f,0.2818f,0.7917f,0.9329f,0.155f,-0.9595f,0.2354f,4.1726f,0.826f,-0.0048f,-0.5637f,-1.1843f,0f,0f,0f,1f],start_interpolation: 0,interpolation_duration: 1}
$data merge entity $(bone_rightringfinger) {transformation: [0.542f,0.2818f,0.7917f,1.0566f,0.155f,-0.9595f,0.2354f,4.2094f,0.826f,-0.0048f,-0.5637f,-1.2724f,0f,0f,0f,1f],start_interpolation: 0,interpolation_duration: 1}
$data merge entity $(bone_hugeasssword) {transformation: [2.1227f,1.1039f,3.1009f,0.8338f,0.6073f,-3.7578f,0.922f,3.9329f,3.235f,-0.0189f,-2.2078f,-1.3959f,0f,0f,0f,1f],start_interpolation: 0,interpolation_duration: 1}
$data merge entity $(bone_ice) {transformation: [0.542f,0.2818f,0.7917f,0.8209f,0.155f,-0.9595f,0.2354f,3.9454f,0.826f,-0.0048f,-0.5637f,-1.4087f,0f,0f,0f,1f],start_interpolation: 0,interpolation_duration: 1}
$data merge entity $(bone_righthand1) {transformation: [0.542f,0.2818f,0.7917f,1.0516f,0.155f,-0.9595f,0.2354f,3.7517f,0.826f,-0.0048f,-0.5637f,-1.2211f,0f,0f,0f,1f],start_interpolation: 0,interpolation_duration: 1}
$data merge entity $(bone_rightforearm) {transformation: [0.7518f,0.3493f,0.5593f,1.2325f,0.6496f,-0.5376f,-0.5375f,3.3066f,0.113f,0.7674f,-0.6311f,-0.7002f,0f,0f,0f,1f],start_interpolation: 0,interpolation_duration: 1}
$data merge entity $(bone_rightelbow) {transformation: [0.7518f,0.3493f,0.5593f,1.298f,0.6496f,-0.5376f,-0.5375f,3.2058f,0.113f,0.7674f,-0.6311f,-0.5563f,0f,0f,0f,1f],start_interpolation: 0,interpolation_duration: 1}
$data merge entity $(bone_rightarm) {transformation: [0.7168f,-0.6636f,0.2143f,0.8663f,0.6727f,0.5771f,-0.4631f,3.3184f,0.1837f,0.4761f,0.86f,-0.5058f,0f,0f,0f,1f],start_interpolation: 0,interpolation_duration: 1}
$data merge entity $(bone_chest1) {transformation: [1.0171f,-0.1387f,0.3461f,0.2247f,0.0014f,1.007f,0.3993f,3.2094f,-0.3729f,-0.3745f,0.9457f,-0.2289f,0f,0f,0f,1f],start_interpolation: 0,interpolation_duration: 1}
$data merge entity $(bone_chest1lid) {transformation: [0.9389f,-0.128f,0.3195f,0.5077f,0.0013f,0.9296f,0.3686f,2.4303f,-0.3442f,-0.3457f,0.8729f,-0.4518f,0f,0f,0f,1f],start_interpolation: 0,interpolation_duration: 1}
$data merge entity $(bone_chest2) {transformation: [0.9389f,-0.128f,0.3195f,0.5277f,0.0013f,0.9296f,0.3686f,2.2851f,-0.3442f,-0.3457f,0.8729f,-0.3978f,0f,0f,0f,1f],start_interpolation: 0,interpolation_duration: 1}
$data merge entity $(bone_chest1lid3) {transformation: [0.9389f,-0.128f,0.3195f,0.6537f,0.0013f,0.9296f,0.3686f,2.6664f,-0.3442f,-0.3457f,0.8729f,0.1289f,0f,0f,0f,1f],start_interpolation: 0,interpolation_duration: 1}
$data merge entity $(bone_chest3) {transformation: [0.9389f,-0.128f,0.3195f,0.6737f,0.0013f,0.9296f,0.3686f,2.5211f,-0.3442f,-0.3457f,0.8729f,0.183f,0f,0f,0f,1f],start_interpolation: 0,interpolation_duration: 1}
$data merge entity $(bone_hugeasssword2) {transformation: [-1.2514f,-3.05f,2.1146f,1.3175f,-1.4438f,2.4559f,2.6878f,4.3873f,-3.419f,0.0793f,-1.909f,-0.8228f,0f,0f,0f,1f],start_interpolation: 0,interpolation_duration: 1}
$data merge entity $(bone_belt) {transformation: [0.9389f,-0.128f,0.3195f,0.2038f,0.0013f,0.9296f,0.3686f,2.7909f,-0.3442f,-0.3457f,0.8729f,-0.1945f,0f,0f,0f,1f],start_interpolation: 0,interpolation_duration: 1}
$data merge entity $(bone_torn_part) {transformation: [0.9349f,-0.2727f,0.2271f,0.3651f,0.0713f,0.7712f,0.6326f,2.535f,-0.3476f,-0.5752f,0.7405f,-0.1365f,0f,0f,0f,1f],start_interpolation: 0,interpolation_duration: 1}
$data merge entity $(bone_lowerbody) {transformation: [0.9349f,-0.1918f,0.2986f,0.3254f,0.0713f,0.9257f,0.3714f,2.0238f,-0.3476f,-0.3259f,0.8792f,-0.067f,0f,0f,0f,1f],start_interpolation: 0,interpolation_duration: 1}
$data merge entity $(bone_leftfoot) {transformation: [0.8807f,-0.0504f,0.471f,-0.0567f,-0.1669f,0.8976f,0.4081f,0.3411f,-0.4433f,-0.438f,0.7821f,0.0857f,0f,0f,0f,1f],start_interpolation: 0,interpolation_duration: 1}
$data merge entity $(bone_leftlowerleg) {transformation: [0.8807f,-0.0504f,0.471f,-0.185f,-0.1669f,0.8976f,0.4081f,1.2742f,-0.4433f,-0.438f,0.7821f,-0.5203f,0f,0f,0f,1f],start_interpolation: 0,interpolation_duration: 1}
$data merge entity $(bone_leftleg) {transformation: [0.9473f,0.2787f,0.1581f,0.1295f,-0.0924f,0.7101f,-0.698f,2.0106f,-0.3068f,0.6466f,0.6984f,0.1434f,0f,0f,0f,1f],start_interpolation: 0,interpolation_duration: 1}
$data merge entity $(bone_rightfoot) {transformation: [0.9855f,0.0524f,-0.1615f,0.6191f,0.0435f,0.8416f,0.5384f,0.287f,0.1641f,-0.5376f,0.8271f,0.2626f,0f,0f,0f,1f],start_interpolation: 0,interpolation_duration: 1}
$data merge entity $(bone_rightlowerleg) {transformation: [0.9855f,0.0524f,-0.1615f,0.702f,0.0435f,0.8416f,0.5384f,1.1379f,0.1641f,-0.5376f,0.8271f,-0.4608f,0f,0f,0f,1f],start_interpolation: 0,interpolation_duration: 1}
$data merge entity $(bone_rightleg) {transformation: [0.9949f,-0.0763f,0.0662f,0.5938f,0.0975f,0.8972f,-0.4308f,2.0705f,-0.0265f,0.435f,0.9f,-0.0113f,0f,0f,0f,1f],start_interpolation: 0,interpolation_duration: 1}
data modify entity @s data merge value {"cameras":{},"locators":{"lefthand":{"posx":-1.0111106998419823,"posy":3.41991900673418,"posz":-0.9928447228862947,"roty":269.33326895403553,"rotx":-12.0627584671016},"sword":{"posx":-2.0645580607108016,"posy":3.103214636474563,"posz":0.7561997676604453,"roty":54.54973084828379,"rotx":13.615664661080979},"righthand":{"posx":0.8549305852053402,"posy":3.9712810404389787,"posz":-1.3224303135889868,"roty":54.54973084828379,"rotx":13.615664661080979},"chest":{"posx":0.49513414548523954,"posy":2.3146558904029195,"posz":-0.5773443164684668,"roty":159.89621830083973,"rotx":21.630978970542454}}}