# This file was generated by Animated Java via MC-Build. It is not recommended to edit this file directly.
$data merge entity $(nose) {transformation: [0.7171f,-0.3901f,0.5775f,-0.0661f,0.0851f,0.8714f,0.4831f,3.6537f,-0.6918f,-0.2973f,0.6581f,-0.5399f,0f,0f,0f,1f],start_interpolation: 0,interpolation_duration: 1}
$data merge entity $(glowing_eye) {transformation: [0.7171f,-0.3901f,0.5775f,-0.0231f,0.0851f,0.8714f,0.4831f,3.7065f,-0.6918f,-0.2973f,0.6581f,-0.6695f,0f,0f,0f,1f],start_interpolation: 0,interpolation_duration: 1}
$data merge entity $(head) {transformation: [0.7171f,-0.3901f,0.5775f,0.0902f,0.0851f,0.8714f,0.4831f,3.6366f,-0.6918f,-0.2973f,0.6581f,-0.38f,0f,0f,0f,1f],start_interpolation: 0,interpolation_duration: 1}
$data merge entity $(leftthumb2) {transformation: [-0.2255f,-0.1402f,-0.9641f,-0.5221f,-0.8149f,-0.5152f,0.2655f,3.7191f,-0.5339f,0.8456f,0.0019f,-0.5557f,0f,0f,0f,1f],start_interpolation: 0,interpolation_duration: 1}
$data merge entity $(leftthumb) {transformation: [-0.2255f,-0.1402f,-0.9641f,-0.6389f,-0.8149f,-0.5152f,0.2655f,3.6155f,-0.5339f,0.8456f,0.0019f,-0.3481f,0f,0f,0f,1f],start_interpolation: 0,interpolation_duration: 1}
$data merge entity $(leftpointerfinger) {transformation: [-0.2255f,-0.1402f,-0.9641f,-0.6134f,-0.8149f,-0.5152f,0.2655f,3.8861f,-0.5339f,0.8456f,0.0019f,-0.5671f,0f,0f,0f,1f],start_interpolation: 0,interpolation_duration: 1}
$data merge entity $(leftmidfinger) {transformation: [-0.2255f,-0.1402f,-0.9641f,-0.7641f,-0.8149f,-0.5152f,0.2655f,3.9276f,-0.5339f,0.8456f,0.0019f,-0.5668f,0f,0f,0f,1f],start_interpolation: 0,interpolation_duration: 1}
$data merge entity $(leftringfinger) {transformation: [-0.2255f,-0.1402f,-0.9641f,-0.9147f,-0.8149f,-0.5152f,0.2655f,3.9691f,-0.5339f,0.8456f,0.0019f,-0.5665f,0f,0f,0f,1f],start_interpolation: 0,interpolation_duration: 1}
$data merge entity $(invisibility) {transformation: [-0.2237f,0.9482f,0.2255f,-0.6409f,-0.4901f,-0.3094f,0.8149f,3.6686f,0.8425f,0.0718f,0.5339f,-0.5748f,0f,0f,0f,1f],start_interpolation: 0,interpolation_duration: 1}
$data merge entity $(swiftness) {transformation: [-0.9641f,-0.1402f,0.2255f,-0.8145f,0.2655f,-0.5152f,0.8149f,3.7457f,0.0019f,0.8456f,0.5339f,-0.7167f,0f,0f,0f,1f],start_interpolation: 0,interpolation_duration: 1}
$data merge entity $(suspicious_stew) {transformation: [-0.5345f,0.8145f,0.2255f,-0.8151f,-0.3547f,-0.4583f,0.8149f,3.7426f,0.7671f,0.3556f,0.5339f,-0.6141f,0f,0f,0f,1f],start_interpolation: 0,interpolation_duration: 1}
$data merge entity $(log) {transformation: [-0.2255f,-0.1402f,-0.9641f,-0.899f,-0.8149f,-0.5152f,0.2655f,3.6142f,-0.5339f,0.8456f,0.0019f,-0.5583f,0f,0f,0f,1f],start_interpolation: 0,interpolation_duration: 1}
$data merge entity $(planks) {transformation: [-0.2255f,-0.1402f,-0.9641f,-0.9201f,-0.8149f,-0.5152f,0.2655f,3.5378f,-0.5339f,0.8456f,0.0019f,-0.6084f,0f,0f,0f,1f],start_interpolation: 0,interpolation_duration: 1}
$data merge entity $(lefthand1) {transformation: [-0.2255f,-0.1402f,-0.9641f,-0.8475f,-0.8149f,-0.5152f,0.2655f,3.6809f,-0.5339f,0.8456f,0.0019f,-0.2135f,0f,0f,0f,1f],start_interpolation: 0,interpolation_duration: 1}
$data merge entity $(leftforearm) {transformation: [0.267f,0.1411f,-0.9533f,-0.7161f,-0.8525f,-0.4268f,-0.3019f,3.3145f,-0.4494f,0.8933f,0.0063f,0.3866f,0f,0f,0f,1f],start_interpolation: 0,interpolation_duration: 1}
$data merge entity $(leftelbow) {transformation: [0.267f,0.1411f,-0.9533f,-0.6896f,-0.8525f,-0.4268f,-0.3019f,3.2345f,-0.4494f,0.8933f,0.0063f,0.5541f,0f,0f,0f,1f],start_interpolation: 0,interpolation_duration: 1}
$data merge entity $(leftarm) {transformation: [0.169f,0.9064f,0.3871f,-0.3295f,-0.8607f,0.3271f,-0.3902f,3.2275f,-0.4803f,-0.2672f,0.8354f,0.2207f,0f,0f,0f,1f],start_interpolation: 0,interpolation_duration: 1}
$data merge entity $(rightthumb2) {transformation: [0.6931f,0.6652f,0.2776f,-0.0228f,0.7148f,-0.6841f,-0.1453f,3.4561f,0.0933f,0.2991f,-0.9496f,-1.458f,0f,0f,0f,1f],start_interpolation: 0,interpolation_duration: 1}
$data merge entity $(rightthumb) {transformation: [0.6931f,0.6652f,0.2776f,0.164f,0.7148f,-0.6841f,-0.1453f,3.2759f,0.0933f,0.2991f,-0.9496f,-1.4658f,0f,0f,0f,1f],start_interpolation: 0,interpolation_duration: 1}
$data merge entity $(rightpointerfinger) {transformation: [0.6931f,0.6652f,0.2776f,0.0346f,0.7148f,-0.6841f,-0.1453f,3.5718f,0.0933f,0.2991f,-0.9496f,-1.5982f,0f,0f,0f,1f],start_interpolation: 0,interpolation_duration: 1}
$data merge entity $(rightmidfinger) {transformation: [0.6931f,0.6652f,0.2776f,0.078f,0.7148f,-0.6841f,-0.1453f,3.5491f,0.0933f,0.2991f,-0.9496f,-1.7466f,0f,0f,0f,1f],start_interpolation: 0,interpolation_duration: 1}
$data merge entity $(rightringfinger) {transformation: [0.6931f,0.6652f,0.2776f,0.1213f,0.7148f,-0.6841f,-0.1453f,3.5264f,0.0933f,0.2991f,-0.9496f,-1.895f,0f,0f,0f,1f],start_interpolation: 0,interpolation_duration: 1}
$data merge entity $(hugeasssword) {transformation: [2.7146f,2.6055f,1.0874f,0.0246f,2.7996f,-2.6793f,-0.569f,3.2225f,0.3653f,1.1716f,-3.7194f,-1.6958f,0f,0f,0f,1f],start_interpolation: 0,interpolation_duration: 1}
$data merge entity $(whey) {transformation: [0f,0f,0f,-0.1959f,0f,0f,0f,3.1842f,0f,0f,0f,-1.6063f,0f,0f,0f,1f],start_interpolation: 0,interpolation_duration: 1}
$data merge entity $(ice) {transformation: [0.6931f,0.6652f,0.2776f,0.0034f,0.7148f,-0.6841f,-0.1453f,3.222f,0.0933f,0.2991f,-0.9496f,-1.7019f,0f,0f,0f,1f],start_interpolation: 0,interpolation_duration: 1}
$data merge entity $(righthand1) {transformation: [0.6931f,0.6652f,0.2776f,0.3517f,0.7148f,-0.6841f,-0.1453f,3.2252f,0.0933f,0.2991f,-0.9496f,-1.6335f,0f,0f,0f,1f],start_interpolation: 0,interpolation_duration: 1}
$data merge entity $(rightforearm) {transformation: [0.5563f,0.8058f,0.2031f,0.875f,0.5431f,-0.1676f,-0.8228f,3.0552f,-0.6289f,0.568f,-0.5309f,-1.1804f,0f,0f,0f,1f],start_interpolation: 0,interpolation_duration: 1}
$data merge entity $(rightelbow) {transformation: [0.5563f,0.8058f,0.2031f,1.0261f,0.5431f,-0.1676f,-0.8228f,3.0237f,-0.6289f,0.568f,-0.5309f,-1.0739f,0f,0f,0f,1f],start_interpolation: 0,interpolation_duration: 1}
$data merge entity $(rightarm) {transformation: [0.5697f,-0.2579f,0.7803f,0.7326f,0.5991f,0.7803f,-0.1795f,3.2013f,-0.5626f,0.5698f,0.5991f,-0.7833f,0f,0f,0f,1f],start_interpolation: 0,interpolation_duration: 1}
$data merge entity $(chest1) {transformation: [0.7956f,-0.2629f,0.6867f,0.303f,0.0194f,1.0189f,0.3676f,3.0468f,-0.735f,-0.2576f,0.753f,-0.1687f,0f,0f,0f,1f],start_interpolation: 0,interpolation_duration: 1}
$data merge entity $(chest1lid) {transformation: [0.7344f,-0.2427f,0.6339f,0.4716f,0.0179f,0.9405f,0.3393f,2.2773f,-0.6785f,-0.2378f,0.6951f,-0.5098f,0f,0f,0f,1f],start_interpolation: 0,interpolation_duration: 1}
$data merge entity $(chest2) {transformation: [0.7344f,-0.2427f,0.6339f,0.5095f,0.0179f,0.9405f,0.3393f,2.1304f,-0.6785f,-0.2378f,0.6951f,-0.4726f,0f,0f,0f,1f],start_interpolation: 0,interpolation_duration: 1}
$data merge entity $(chest1lid3) {transformation: [0.7344f,-0.2427f,0.6339f,0.8317f,0.0179f,0.9405f,0.3393f,2.4936f,-0.6785f,-0.2378f,0.6951f,-0.0221f,0f,0f,0f,1f],start_interpolation: 0,interpolation_duration: 1}
$data merge entity $(chest3) {transformation: [0.7344f,-0.2427f,0.6339f,0.8696f,0.0179f,0.9405f,0.3393f,2.3466f,-0.6785f,-0.2378f,0.6951f,0.0151f,0f,0f,0f,1f],start_interpolation: 0,interpolation_duration: 1}
$data merge entity $(hugeasssword2) {transformation: [-2.4826f,-2.7628f,1.2425f,1.0942f,-1.3289f,2.4369f,2.7633f,4.25f,-2.7223f,1.3299f,-2.482f,-1.0964f,0f,0f,0f,1f],start_interpolation: 0,interpolation_duration: 1}
$data merge entity $(belt) {transformation: [0.7344f,-0.2427f,0.6339f,0.2932f,0.0179f,0.9405f,0.3393f,2.6272f,-0.6785f,-0.2378f,0.6951f,-0.1432f,0f,0f,0f,1f],start_interpolation: 0,interpolation_duration: 1}
$data merge entity $(torn_part) {transformation: [0.7654f,-0.3553f,0.5366f,0.4505f,-0.0054f,0.8302f,0.5574f,2.357f,-0.6436f,-0.4295f,0.6335f,-0.1536f,0f,0f,0f,1f],start_interpolation: 0,interpolation_duration: 1}
$data merge entity $(lowerbody) {transformation: [0.7654f,-0.1775f,0.6186f,0.3754f,-0.0054f,0.9594f,0.282f,1.8494f,-0.6436f,-0.2191f,0.7334f,-0.0869f,0f,0f,0f,1f],start_interpolation: 0,interpolation_duration: 1}
$data merge entity $(leftfoot) {transformation: [0.6305f,-0.2302f,0.7413f,0.0172f,-0.1935f,0.8783f,0.4372f,0.2237f,-0.7517f,-0.4191f,0.5092f,0.287f,0f,0f,0f,1f],start_interpolation: 0,interpolation_duration: 1}
$data merge entity $(leftlowerleg) {transformation: [0.6305f,-0.2302f,0.7413f,-0.352f,-0.1935f,0.8783f,0.4372f,1.1309f,-0.7517f,-0.4191f,0.5092f,-0.2562f,0f,0f,0f,1f],start_interpolation: 0,interpolation_duration: 1}
$data merge entity $(leftleg) {transformation: [0.7175f,0.5772f,0.3899f,0.2682f,-0.1737f,0.6903f,-0.7024f,1.8428f,-0.6746f,0.4362f,0.5955f,0.1786f,0f,0f,0f,1f],start_interpolation: 0,interpolation_duration: 1}
$data merge entity $(rightfoot) {transformation: [0.9503f,-0.2404f,0.1979f,0.644f,0.0375f,0.7192f,0.6938f,0.3727f,-0.3091f,-0.6519f,0.6925f,0.0855f,0f,0f,0f,1f],start_interpolation: 0,interpolation_duration: 1}
$data merge entity $(rightlowerleg) {transformation: [0.9503f,-0.2404f,0.1979f,0.347f,0.0375f,0.7192f,0.6938f,1.064f,-0.3091f,-0.6519f,0.6925f,-0.7441f,0f,0f,0f,1f],start_interpolation: 0,interpolation_duration: 1}
$data merge entity $(rightleg) {transformation: [0.8736f,0.3129f,0.3728f,0.6519f,0.0036f,0.7618f,-0.6478f,1.8506f,-0.4867f,0.5672f,0.6643f,-0.1351f,0f,0f,0f,1f],start_interpolation: 0,interpolation_duration: 1}
data modify entity @s data merge value {"cameras":{},"locators":{"soup":{"px":-0.6821783687089633,"py":3.6383296583976596,"pz":-0.5696325311974855,"ry":157.10488228237955,"rx":54.581192707410736},"lefthand":{"px":-0.8518294504529949,"py":3.7267228605630294,"pz":-0.5743780335181871,"ry":269.8875348409132,"rx":15.396809164161208},"sword":{"px":-0.970089716380649,"py":3.8377364699070347,"pz":1.8187939763887533,"ry":16.296359429793654,"rx":-8.353600614856676},"righthand":{"px":0.05366568198996735,"py":3.3020096620147856,"pz":-1.6830024085560678,"ry":16.296359429793654,"rx":-8.353600614856676},"chest":{"px":0.4106352724054956,"py":2.166097597364173,"pz":-0.6247088070973938,"ry":137.6371787649957,"rx":19.83415945684776}}}