# This file was generated by Animated Java via MC-Build. It is not recommended to edit this file directly.
$data merge entity $(bone_nose) {transformation: [0.261f,-0.3082f,0.9148f,-0.2073f,-0.0939f,0.935f,0.3419f,3.6644f,-0.9608f,-0.1751f,0.2151f,-0.626f,0f,0f,0f,1f],start_interpolation: 0,interpolation_duration: 1}
$data merge entity $(bone_glowing_eye) {transformation: [0.261f,-0.3082f,0.9148f,-0.2275f,-0.0939f,0.935f,0.3419f,3.704f,-0.9608f,-0.1751f,0.2151f,-0.7655f,0f,0f,0f,1f],start_interpolation: 0,interpolation_duration: 1}
$data merge entity $(bone_head) {transformation: [0.261f,-0.3082f,0.9148f,0.0021f,-0.0939f,0.935f,0.3419f,3.6129f,-0.9608f,-0.1751f,0.2151f,-0.5641f,0f,0f,0f,1f],start_interpolation: 0,interpolation_duration: 1}
$data merge entity $(bone_leftthumb2) {transformation: [-0.7484f,0.1856f,-0.6368f,-0.3869f,-0.6619f,-0.2706f,0.699f,3.6957f,-0.0426f,0.9446f,0.3254f,-0.3134f,0f,0f,0f,1f],start_interpolation: 0,interpolation_duration: 1}
$data merge entity $(bone_leftthumb) {transformation: [-0.7484f,0.1856f,-0.6368f,-0.3958f,-0.6619f,-0.2706f,0.699f,3.6891f,-0.0426f,0.9446f,0.3254f,-0.0539f,0f,0f,0f,1f],start_interpolation: 0,interpolation_duration: 1}
$data merge entity $(bone_leftpointerfinger) {transformation: [-0.7484f,0.1856f,-0.6368f,-0.4047f,-0.6619f,-0.2706f,0.699f,3.883f,-0.0426f,0.9446f,0.3254f,-0.344f,0f,0f,0f,1f],start_interpolation: 0,interpolation_duration: 1}
$data merge entity $(bone_leftmidfinger) {transformation: [-0.7484f,0.1856f,-0.6368f,-0.5042f,-0.6619f,-0.2706f,0.699f,3.9923f,-0.0426f,0.9446f,0.3254f,-0.2931f,0f,0f,0f,1f],start_interpolation: 0,interpolation_duration: 1}
$data merge entity $(bone_leftringfinger) {transformation: [-0.7484f,0.1856f,-0.6368f,-0.6037f,-0.6619f,-0.2706f,0.699f,4.1015f,-0.0426f,0.9446f,0.3254f,-0.2423f,0f,0f,0f,1f],start_interpolation: 0,interpolation_duration: 1}
$data merge entity $(bone_invisibility) {transformation: [0.1294f,0.6505f,0.7484f,-0.5048f,-0.2087f,-0.72f,0.6619f,3.7075f,0.9694f,-0.2418f,0.0426f,-0.2588f,0f,0f,0f,1f],start_interpolation: 0,interpolation_duration: 1}
$data merge entity $(bone_swiftness) {transformation: [-0.6368f,0.1856f,0.7484f,-0.6883f,0.699f,-0.2706f,0.6619f,3.8407f,0.3254f,0.9446f,0.0426f,-0.3279f,0f,0f,0f,1f],start_interpolation: 0,interpolation_duration: 1}
$data merge entity $(bone_suspicious_stew) {transformation: [-0.1009f,0.6555f,0.7484f,-0.6329f,0.0501f,-0.7479f,0.6619f,3.8512f,0.9936f,0.1043f,0.0426f,-0.2421f,0f,0f,0f,1f],start_interpolation: 0,interpolation_duration: 1}
$data merge entity $(bone_log) {transformation: [-0.7484f,0.1856f,-0.6368f,-0.7097f,-0.6619f,-0.2706f,0.699f,3.7881f,-0.0426f,0.9446f,0.3254f,-0.1127f,0f,0f,0f,1f],start_interpolation: 0,interpolation_duration: 1}
$data merge entity $(bone_planks) {transformation: [-0.7484f,0.1856f,-0.6368f,-0.7798f,-0.6619f,-0.2706f,0.699f,3.7261f,-0.0426f,0.9446f,0.3254f,-0.1167f,0f,0f,0f,1f],start_interpolation: 0,interpolation_duration: 1}
$data merge entity $(bone_lefthand1) {transformation: [-0.7484f,0.1856f,-0.6368f,-0.4563f,-0.6619f,-0.2706f,0.699f,3.8641f,-0.0426f,0.9446f,0.3254f,0.1239f,0f,0f,0f,1f],start_interpolation: 0,interpolation_duration: 1}
$data merge entity $(bone_leftforearm) {transformation: [-0.3631f,0.51f,-0.7797f,-0.1121f,-0.87f,-0.4852f,0.0878f,3.4474f,-0.3336f,0.7102f,0.6199f,0.6018f,0f,0f,0f,1f],start_interpolation: 0,interpolation_duration: 1}
$data merge entity $(bone_leftelbow) {transformation: [-0.3631f,0.51f,-0.7797f,-0.0165f,-0.87f,-0.4852f,0.0878f,3.3564f,-0.3336f,0.7102f,0.6199f,0.7349f,0f,0f,0f,1f],start_interpolation: 0,interpolation_duration: 1}
$data merge entity $(bone_leftarm) {transformation: [-0.4464f,0.4402f,0.779f,-0.053f,-0.8458f,0.0766f,-0.528f,3.2779f,-0.2921f,-0.8946f,0.3381f,0.2419f,0f,0f,0f,1f],start_interpolation: 0,interpolation_duration: 1}
$data merge entity $(bone_rightthumb2) {transformation: [0.3545f,0.6794f,-0.6425f,-0.3956f,0.8478f,-0.5233f,-0.0856f,3.2329f,-0.3944f,-0.5144f,-0.7615f,-0.8851f,0f,0f,0f,1f],start_interpolation: 0,interpolation_duration: 1}
$data merge entity $(bone_rightthumb) {transformation: [0.3545f,0.6794f,-0.6425f,-0.2839f,0.8478f,-0.5233f,-0.0856f,3.0972f,-0.3944f,-0.5144f,-0.7615f,-1.0763f,0f,0f,0f,1f],start_interpolation: 0,interpolation_duration: 1}
$data merge entity $(bone_rightpointerfinger) {transformation: [0.3545f,0.6794f,-0.6425f,-0.4982f,0.8478f,-0.5233f,-0.0856f,3.3577f,-0.3944f,-0.5144f,-0.7615f,-0.9864f,0f,0f,0f,1f],start_interpolation: 0,interpolation_duration: 1}
$data merge entity $(bone_rightmidfinger) {transformation: [0.3545f,0.6794f,-0.6425f,-0.5986f,0.8478f,-0.5233f,-0.0856f,3.3443f,-0.3944f,-0.5144f,-0.7615f,-1.1053f,0f,0f,0f,1f],start_interpolation: 0,interpolation_duration: 1}
$data merge entity $(bone_rightringfinger) {transformation: [0.3545f,0.6794f,-0.6425f,-0.699f,0.8478f,-0.5233f,-0.0856f,3.3309f,-0.3944f,-0.5144f,-0.7615f,-1.2243f,0f,0f,0f,1f],start_interpolation: 0,interpolation_duration: 1}
$data merge entity $(bone_hugeasssword) {transformation: [1.3883f,2.6608f,-2.5165f,-0.5447f,3.3207f,-2.0497f,-0.3353f,3.0141f,-1.5447f,-2.0147f,-2.9825f,-1.0932f,0f,0f,0f,1f],start_interpolation: 0,interpolation_duration: 1}
$data merge entity $(bone_ice) {transformation: [0.3545f,0.6794f,-0.6425f,-0.5608f,0.8478f,-0.5233f,-0.0856f,3.0091f,-0.3944f,-0.5144f,-0.7615f,-1.079f,0f,0f,0f,1f],start_interpolation: 0,interpolation_duration: 1}
$data merge entity $(bone_righthand1) {transformation: [0.3545f,0.6794f,-0.6425f,-0.3225f,0.8478f,-0.5233f,-0.0856f,3.0875f,-0.3944f,-0.5144f,-0.7615f,-1.33f,0f,0f,0f,1f],start_interpolation: 0,interpolation_duration: 1}
$data merge entity $(bone_rightforearm) {transformation: [-0.2368f,0.9484f,-0.2106f,0.3678f,0.4934f,-0.0693f,-0.867f,2.9915f,-0.8369f,-0.3093f,-0.4515f,-1.4845f,0f,0f,0f,1f],start_interpolation: 0,interpolation_duration: 1}
$data merge entity $(bone_rightelbow) {transformation: [-0.2368f,0.9484f,-0.2106f,0.5457f,0.4934f,-0.0693f,-0.867f,2.9785f,-0.8369f,-0.3093f,-0.4515f,-1.5424f,0f,0f,0f,1f],start_interpolation: 0,interpolation_duration: 1}
$data merge entity $(bone_rightarm) {transformation: [-0.2088f,-0.2251f,0.9517f,0.3864f,0.5511f,0.7768f,0.3047f,3.107f,-0.8079f,0.5881f,-0.0382f,-1.136f,0f,0f,0f,1f],start_interpolation: 0,interpolation_duration: 1}
$data merge entity $(bone_chest1) {transformation: [0.457f,-0.3148f,0.9304f,0.264f,-0.1257f,0.999f,0.3998f,3.0373f,-0.9741f,-0.2766f,0.3849f,-0.3695f,0f,0f,0f,1f],start_interpolation: 0,interpolation_duration: 1}
$data merge entity $(bone_chest1lid) {transformation: [0.4219f,-0.2906f,0.8588f,0.2706f,-0.116f,0.9221f,0.369f,2.223f,-0.8992f,-0.2553f,0.3553f,-0.6411f,0f,0f,0f,1f],start_interpolation: 0,interpolation_duration: 1}
$data merge entity $(bone_chest2) {transformation: [0.4219f,-0.2906f,0.8588f,0.316f,-0.116f,0.9221f,0.369f,2.079f,-0.8992f,-0.2553f,0.3553f,-0.6012f,0f,0f,0f,1f],start_interpolation: 0,interpolation_duration: 1}
$data merge entity $(bone_chest1lid3) {transformation: [0.4219f,-0.2906f,0.8588f,0.7944f,-0.116f,0.9221f,0.369f,2.4667f,-0.8992f,-0.2553f,0.3553f,-0.3573f,0f,0f,0f,1f],start_interpolation: 0,interpolation_duration: 1}
$data merge entity $(bone_chest3) {transformation: [0.4219f,-0.2906f,0.8588f,0.8398f,-0.116f,0.9221f,0.369f,2.3226f,-0.8992f,-0.2553f,0.3553f,-0.3174f,0f,0f,0f,1f],start_interpolation: 0,interpolation_duration: 1}
$data merge entity $(bone_hugeasssword2) {transformation: [-3.3637f,-1.9873f,0.2771f,0.6741f,-1.4454f,2.7751f,2.3558f,4.0621f,-1.3917f,1.9209f,-3.1166f,-1.6795f,0f,0f,0f,1f],start_interpolation: 0,interpolation_duration: 1}
$data merge entity $(bone_belt) {transformation: [0.4219f,-0.2906f,0.8588f,0.2538f,-0.116f,0.9221f,0.369f,2.6254f,-0.8992f,-0.2553f,0.3553f,-0.2855f,0f,0f,0f,1f],start_interpolation: 0,interpolation_duration: 1}
$data merge entity $(bone_torn_part) {transformation: [0.4679f,-0.483f,0.7401f,0.3907f,-0.1927f,0.7616f,0.6188f,2.3439f,-0.8625f,-0.4322f,0.2633f,-0.3078f,0f,0f,0f,1f],start_interpolation: 0,interpolation_duration: 1}
$data merge entity $(bone_lowerbody) {transformation: [0.4679f,-0.2381f,0.8511f,0.3415f,-0.1927f,0.9124f,0.3611f,1.8665f,-0.8625f,-0.333f,0.3811f,-0.1146f,0f,0f,0f,1f],start_interpolation: 0,interpolation_duration: 1}
$data merge entity $(bone_leftfoot) {transformation: [0.5167f,-0.2882f,0.8062f,0.0497f,-0.0548f,0.9286f,0.367f,0.2306f,-0.8544f,-0.2338f,0.464f,0.2973f,0f,0f,0f,1f],start_interpolation: 0,interpolation_duration: 1}
$data merge entity $(bone_leftlowerleg) {transformation: [0.5167f,-0.2882f,0.8062f,-0.3939f,-0.0548f,0.9286f,0.367f,1.2043f,-0.8544f,-0.2338f,0.464f,-0.0334f,0f,0f,0f,1f],start_interpolation: 0,interpolation_duration: 1}
$data merge entity $(bone_leftleg) {transformation: [0.4457f,0.6935f,0.5661f,0.341f,-0.1745f,0.6875f,-0.7049f,1.9148f,-0.878f,0.2154f,0.4275f,0.1585f,0f,0f,0f,1f],start_interpolation: 0,interpolation_duration: 1}
$data merge entity $(bone_rightfoot) {transformation: [0.2834f,-0.5722f,0.7696f,0.5983f,0.0608f,0.8116f,0.5811f,0.3064f,-0.9571f,-0.1179f,0.2648f,-0.3037f,0f,0f,0f,1f],start_interpolation: 0,interpolation_duration: 1}
$data merge entity $(bone_rightlowerleg) {transformation: [0.2834f,-0.5722f,0.7696f,-0.1548f,0.0608f,0.8116f,0.5811f,1.1175f,-0.9571f,-0.1179f,0.2648f,-0.4751f,0f,0f,0f,1f],start_interpolation: 0,interpolation_duration: 1}
$data merge entity $(bone_rightleg) {transformation: [0.2967f,0.7164f,0.6315f,0.5852f,-0.0908f,0.6794f,-0.7281f,1.8221f,-0.9507f,0.1586f,0.2666f,-0.2818f,0f,0f,0f,1f],start_interpolation: 0,interpolation_duration: 1}
data modify entity @s data merge value {"cameras":{},"locators":{"lefthand":{"posx":-0.644077306421444,"posy":3.860395556169563,"posz":-0.18762732540417187,"roty":242.93396673280972,"rotx":44.34944394237199},"sword":{"posx":1.84109409224134,"posy":3.413699165390504,"posz":1.7119447780319728,"roty":319.8432694983714,"rotx":-4.910323808370535},"righthand":{"posx":-0.5281759326175595,"posy":3.0980622645836737,"posz":-1.0960062803296515,"roty":319.8432694983714,"rotx":-4.910323808370535},"chest":{"posx":0.16777476242833733,"posy":2.1041215262113044,"posz":-0.7087401180218534,"roty":112.4769512277779,"rotx":21.656993172032326}}}