# This file was generated by Animated Java via MC-Build. It is not recommended to edit this file directly.
$data merge entity $(nose) {transformation: [0.1807f,-0.3234f,0.9289f,-0.2627f,-0.1115f,0.9316f,0.346f,3.7207f,-0.9772f,-0.1661f,0.1323f,-0.4783f,0f,0f,0f,1f],start_interpolation: 0,interpolation_duration: 1}
$data merge entity $(glowing_eye) {transformation: [0.1807f,-0.3234f,0.9289f,-0.2944f,-0.1115f,0.9316f,0.346f,3.7577f,-0.9772f,-0.1661f,0.1323f,-0.6163f,0f,0f,0f,1f],start_interpolation: 0,interpolation_duration: 1}
$data merge entity $(head) {transformation: [0.1807f,-0.3234f,0.9289f,-0.0489f,-0.1115f,0.9316f,0.346f,3.6704f,-0.9772f,-0.1661f,0.1323f,-0.433f,0f,0f,0f,1f],start_interpolation: 0,interpolation_duration: 1}
$data merge entity $(leftthumb2) {transformation: [-0.7244f,0.3758f,-0.5779f,-0.4011f,-0.6761f,-0.2239f,0.7019f,3.6938f,0.1343f,0.8992f,0.4163f,-0.1269f,0f,0f,0f,1f],start_interpolation: 0,interpolation_duration: 1}
$data merge entity $(leftthumb) {transformation: [-0.7244f,0.3758f,-0.5779f,-0.3583f,-0.6761f,-0.2239f,0.7019f,3.6988f,0.1343f,0.8992f,0.4163f,0.1292f,0f,0f,0f,1f],start_interpolation: 0,interpolation_duration: 1}
$data merge entity $(leftpointerfinger) {transformation: [-0.7244f,0.3758f,-0.5779f,-0.4295f,-0.6761f,-0.2239f,0.7019f,3.8792f,0.1343f,0.8992f,0.4163f,-0.161f,0f,0f,0f,1f],start_interpolation: 0,interpolation_duration: 1}
$data merge entity $(leftmidfinger) {transformation: [-0.7244f,0.3758f,-0.5779f,-0.5197f,-0.6761f,-0.2239f,0.7019f,3.9888f,0.1343f,0.8992f,0.4163f,-0.096f,0f,0f,0f,1f],start_interpolation: 0,interpolation_duration: 1}
$data merge entity $(leftringfinger) {transformation: [-0.7244f,0.3758f,-0.5779f,-0.61f,-0.6761f,-0.2239f,0.7019f,4.0985f,0.1343f,0.8992f,0.4163f,-0.0309f,0f,0f,0f,1f],start_interpolation: 0,interpolation_duration: 1}
$data merge entity $(invisibility) {transformation: [0.324f,0.6085f,0.7244f,-0.5061f,-0.1619f,-0.7188f,0.6761f,3.706f,0.9321f,-0.3363f,-0.1343f,-0.0505f,0f,0f,0f,1f],start_interpolation: 0,interpolation_duration: 1}
$data merge entity $(swiftness) {transformation: [-0.5779f,0.3758f,0.7244f,-0.7031f,0.7019f,-0.2239f,0.6761f,3.8327f,0.4163f,0.8992f,-0.1343f,-0.0872f,0f,0f,0f,1f],start_interpolation: 0,interpolation_duration: 1}
$data merge entity $(suspicious_stew) {transformation: [0.0963f,0.6826f,0.7244f,-0.6321f,0.0937f,-0.7308f,0.6761f,3.8481f,0.9909f,0.0027f,-0.1343f,-0.0146f,0f,0f,0f,1f],start_interpolation: 0,interpolation_duration: 1}
$data merge entity $(log) {transformation: [-0.7244f,0.3758f,-0.5779f,-0.6801f,-0.6761f,-0.2239f,0.7019f,3.7896f,0.1343f,0.8992f,0.4163f,0.1299f,0f,0f,0f,1f],start_interpolation: 0,interpolation_duration: 1}
$data merge entity $(planks) {transformation: [-0.7244f,0.3758f,-0.5779f,-0.748f,-0.6761f,-0.2239f,0.7019f,3.7262f,0.1343f,0.8992f,0.4163f,0.1425f,0f,0f,0f,1f],start_interpolation: 0,interpolation_duration: 1}
$data merge entity $(lefthand1) {transformation: [-0.7244f,0.3758f,-0.5779f,-0.387f,-0.6761f,-0.2239f,0.7019f,3.8807f,0.1343f,0.8992f,0.4163f,0.3082f,0f,0f,0f,1f],start_interpolation: 0,interpolation_duration: 1}
$data merge entity $(leftforearm) {transformation: [-0.3992f,0.6136f,-0.6812f,0.0272f,-0.8649f,-0.4986f,0.0578f,3.454f,-0.3042f,0.6123f,0.7298f,0.7179f,0f,0f,0f,1f],start_interpolation: 0,interpolation_duration: 1}
$data merge entity $(leftelbow) {transformation: [-0.3992f,0.6136f,-0.6812f,0.1422f,-0.8649f,-0.4986f,0.0578f,3.3605f,-0.3042f,0.6123f,0.7298f,0.8327f,0f,0f,0f,1f],start_interpolation: 0,interpolation_duration: 1}
$data merge entity $(leftarm) {transformation: [-0.4708f,0.2212f,0.8541f,-0.0085f,-0.8465f,0.1594f,-0.5079f,3.318f,-0.2485f,-0.9621f,0.1122f,0.3514f,0f,0f,0f,1f],start_interpolation: 0,interpolation_duration: 1}
$data merge entity $(rightthumb2) {transformation: [0.5769f,0.5679f,-0.5871f,-0.4436f,0.7864f,-0.5804f,0.2114f,3.4705f,-0.2207f,-0.5836f,-0.7815f,-0.8245f,0f,0f,0f,1f],start_interpolation: 0,interpolation_duration: 1}
$data merge entity $(rightthumb) {transformation: [0.5769f,0.5679f,-0.5871f,-0.3545f,0.7864f,-0.5804f,0.2114f,3.3463f,-0.2207f,-0.5836f,-0.7815f,-1.0344f,0f,0f,0f,1f],start_interpolation: 0,interpolation_duration: 1}
$data merge entity $(rightpointerfinger) {transformation: [0.5769f,0.5679f,-0.5871f,-0.5053f,0.7864f,-0.5804f,0.2114f,3.6326f,-0.2207f,-0.5836f,-0.7815f,-0.9036f,0f,0f,0f,1f],start_interpolation: 0,interpolation_duration: 1}
$data merge entity $(rightmidfinger) {transformation: [0.5769f,0.5679f,-0.5871f,-0.597f,0.7864f,-0.5804f,0.2114f,3.6657f,-0.2207f,-0.5836f,-0.7815f,-1.0257f,0f,0f,0f,1f],start_interpolation: 0,interpolation_duration: 1}
$data merge entity $(rightringfinger) {transformation: [0.5769f,0.5679f,-0.5871f,-0.6887f,0.7864f,-0.5804f,0.2114f,3.6987f,-0.2207f,-0.5836f,-0.7815f,-1.1478f,0f,0f,0f,1f],start_interpolation: 0,interpolation_duration: 1}
$data merge entity $(hugeasssword) {transformation: [2.2596f,2.2243f,-2.2993f,-0.6257f,3.0802f,-2.2732f,0.828f,3.3356f,-0.8643f,-2.2859f,-3.0607f,-1.0735f,0f,0f,0f,1f],start_interpolation: 0,interpolation_duration: 1}
$data merge entity $(whey) {transformation: [0f,0f,0f,-0.6956f,0f,0f,0f,3.2251f,0f,0f,0f,-0.8709f,0f,0f,0f,1f],start_interpolation: 0,interpolation_duration: 1}
$data merge entity $(ice) {transformation: [0.5769f,0.5679f,-0.5871f,-0.6436f,0.7864f,-0.5804f,0.2114f,3.3324f,-0.2207f,-0.5836f,-0.7815f,-1.0609f,0f,0f,0f,1f],start_interpolation: 0,interpolation_duration: 1}
$data merge entity $(righthand1) {transformation: [0.5769f,0.5679f,-0.5871f,-0.3757f,0.7864f,-0.5804f,0.2114f,3.3905f,-0.2207f,-0.5836f,-0.7815f,-1.2864f,0f,0f,0f,1f],start_interpolation: 0,interpolation_duration: 1}
$data merge entity $(rightforearm) {transformation: [-0.1036f,0.9463f,-0.3062f,0.2993f,0.7286f,-0.1373f,-0.671f,3.2248f,-0.677f,-0.2927f,-0.6752f,-1.4429f,0f,0f,0f,1f],start_interpolation: 0,interpolation_duration: 1}
$data merge entity $(rightelbow) {transformation: [-0.1036f,0.9463f,-0.3062f,0.4767f,0.7286f,-0.1373f,-0.671f,3.1991f,-0.677f,-0.2927f,-0.6752f,-1.4978f,0f,0f,0f,1f],start_interpolation: 0,interpolation_duration: 1}
$data merge entity $(rightarm) {transformation: [-0.0694f,-0.1503f,0.9862f,0.3095f,0.7713f,0.6189f,0.1486f,3.2388f,-0.6327f,0.7709f,0.0729f,-1.0766f,0f,0f,0f,1f],start_interpolation: 0,interpolation_duration: 1}
$data merge entity $(chest1) {transformation: [0.3446f,-0.3462f,0.9669f,0.2346f,-0.0406f,1.0145f,0.3777f,3.0839f,-1.0263f,-0.1564f,0.3098f,-0.3171f,0f,0f,0f,1f],start_interpolation: 0,interpolation_duration: 1}
$data merge entity $(chest1lid) {transformation: [0.3181f,-0.3196f,0.8926f,0.2124f,-0.0374f,0.9365f,0.3487f,2.2946f,-0.9473f,-0.1443f,0.2859f,-0.6538f,0f,0f,0f,1f],start_interpolation: 0,interpolation_duration: 1}
$data merge entity $(chest2) {transformation: [0.3181f,-0.3196f,0.8926f,0.2623f,-0.0374f,0.9365f,0.3487f,2.1483f,-0.9473f,-0.1443f,0.2859f,-0.6312f,0f,0f,0f,1f],start_interpolation: 0,interpolation_duration: 1}
$data merge entity $(chest1lid3) {transformation: [0.3181f,-0.3196f,0.8926f,0.7643f,-0.0374f,0.9365f,0.3487f,2.5203f,-0.9473f,-0.1443f,0.2859f,-0.4114f,0f,0f,0f,1f],start_interpolation: 0,interpolation_duration: 1}
$data merge entity $(chest3) {transformation: [0.3181f,-0.3196f,0.8926f,0.8142f,-0.0374f,0.9365f,0.3487f,2.374f,-0.9473f,-0.1443f,0.2859f,-0.3888f,0f,0f,0f,1f],start_interpolation: 0,interpolation_duration: 1}
$data merge entity $(hugeasssword2) {transformation: [-3.4959f,-1.7642f,-0.0812f,0.4922f,-1.3656f,2.5862f,2.6052f,4.2167f,-1.1199f,2.3536f,-2.9235f,-1.5759f,0f,0f,0f,1f],start_interpolation: 0,interpolation_duration: 1}
$data merge entity $(belt) {transformation: [0.3181f,-0.3196f,0.8926f,0.2349f,-0.0374f,0.9365f,0.3487f,2.6664f,-0.9473f,-0.1443f,0.2859f,-0.2667f,0f,0f,0f,1f],start_interpolation: 0,interpolation_duration: 1}
$data merge entity $(torn_part) {transformation: [0.3764f,-0.5556f,0.7414f,0.3734f,-0.0932f,0.7735f,0.627f,2.3932f,-0.9218f,-0.3051f,0.2394f,-0.3282f,0f,0f,0f,1f],start_interpolation: 0,interpolation_duration: 1}
$data merge entity $(lowerbody) {transformation: [0.3764f,-0.3069f,0.8741f,0.3635f,-0.0932f,0.9262f,0.3654f,1.8987f,-0.9218f,-0.219f,0.32f,-0.1763f,0f,0f,0f,1f],start_interpolation: 0,interpolation_duration: 1}
$data merge entity $(leftfoot) {transformation: [0.3638f,-0.3979f,0.8422f,0.224f,-0.0507f,0.8944f,0.4445f,0.283f,-0.9301f,-0.2044f,0.3052f,0.2252f,0f,0f,0f,1f],start_interpolation: 0,interpolation_duration: 1}
$data merge entity $(leftlowerleg) {transformation: [0.3638f,-0.3979f,0.8422f,-0.3468f,-0.0507f,0.8944f,0.4445f,1.2069f,-0.9301f,-0.2044f,0.3052f,-0.0485f,0f,0f,0f,1f],start_interpolation: 0,interpolation_duration: 1}
$data merge entity $(leftleg) {transformation: [0.3454f,0.7008f,0.6241f,0.393f,-0.1242f,0.6933f,-0.7098f,1.9234f,-0.9302f,0.1677f,0.3265f,0.095f,0f,0f,0f,1f],start_interpolation: 0,interpolation_duration: 1}
$data merge entity $(rightfoot) {transformation: [0.1587f,-0.5427f,0.8248f,0.6333f,0.0773f,0.8396f,0.5376f,0.2704f,-0.9843f,-0.0215f,0.1752f,-0.4645f,0f,0f,0f,1f],start_interpolation: 0,interpolation_duration: 1}
$data merge entity $(rightlowerleg) {transformation: [0.1587f,-0.5427f,0.8248f,-0.0956f,0.0773f,0.8396f,0.5376f,1.1193f,-0.9843f,-0.0215f,0.1752f,-0.5154f,0f,0f,0f,1f],start_interpolation: 0,interpolation_duration: 1}
$data merge entity $(rightleg) {transformation: [0.2123f,0.6677f,0.7135f,0.5934f,-0.0492f,0.7365f,-0.6746f,1.885f,-0.976f,0.1082f,0.1892f,-0.3737f,0f,0f,0f,1f],start_interpolation: 0,interpolation_duration: 1}
data modify entity @s data merge value {"cameras":{},"locators":{"soup":{"px":-0.5374199047530446,"py":3.7013439314231884,"pz":-0.009896500911357542,"ry":79.49426474625501,"rx":42.54076760885326},"lefthand":{"px":-0.6325432836626155,"py":3.8595195523922885,"pz":0.040594916518830015,"ry":234.2329292455182,"rx":44.58270474490624},"sword":{"px":1.5755724524740158,"py":2.6323056188281146,"pz":1.8213431962160538,"ry":323.0844559333773,"rx":12.204418984553621},"righthand":{"px":-0.5892205513895448,"py":3.411843781984237,"pz":-1.0602618691262753,"ry":323.0844559333773,"rx":12.204418984553621},"chest":{"px":0.1028214984491009,"py":2.1804324023849495,"pz":-0.719012633875895,"ry":107.76250715491065,"rx":20.405952967327526}}}