# This file was generated by Animated Java via MC-Build. It is not recommended to edit this file directly.
$data merge entity $(bone_nose) {transformation: [-0.3964f,-0.036f,0.9174f,-0.16f,0.001f,0.9992f,0.0396f,3.9789f,-0.9181f,0.0166f,-0.396f,0.1291f,0f,0f,0f,1f],start_interpolation: 0,interpolation_duration: 1}
$data merge entity $(bone_glowing_eye) {transformation: [-0.3964f,-0.036f,0.9174f,-0.244f,0.001f,0.9992f,0.0396f,4.0452f,-0.9181f,0.0166f,-0.396f,0.0293f,0f,0f,0f,1f],start_interpolation: 0,interpolation_duration: 1}
$data merge entity $(bone_head) {transformation: [-0.3964f,-0.036f,0.9174f,0.0162f,0.001f,0.9992f,0.0396f,3.8629f,-0.9181f,0.0166f,-0.396f,0.0529f,0f,0f,0f,1f],start_interpolation: 0,interpolation_duration: 1}
$data merge entity $(bone_leftthumb2) {transformation: [-0.9003f,0.2698f,0.3417f,-0.4225f,-0.3424f,-0.9235f,-0.173f,4.1603f,0.2688f,-0.2728f,0.9238f,1.7116f,0f,0f,0f,1f],start_interpolation: 0,interpolation_duration: 1}
$data merge entity $(bone_leftthumb) {transformation: [-0.9003f,0.2698f,0.3417f,-0.3272f,-0.3424f,-0.9235f,-0.173f,3.919f,0.2688f,-0.2728f,0.9238f,1.7237f,0f,0f,0f,1f],start_interpolation: 0,interpolation_duration: 1}
$data merge entity $(bone_leftpointerfinger) {transformation: [-0.9003f,0.2698f,0.3417f,-0.3012f,-0.3424f,-0.9235f,-0.173f,4.2514f,0.2688f,-0.2728f,0.9238f,1.8271f,0f,0f,0f,1f],start_interpolation: 0,interpolation_duration: 1}
$data merge entity $(bone_leftmidfinger) {transformation: [-0.9003f,0.2698f,0.3417f,-0.2478f,-0.3424f,-0.9235f,-0.173f,4.2243f,0.2688f,-0.2728f,0.9238f,1.9714f,0f,0f,0f,1f],start_interpolation: 0,interpolation_duration: 1}
$data merge entity $(bone_leftringfinger) {transformation: [-0.9003f,0.2698f,0.3417f,-0.1944f,-0.3424f,-0.9235f,-0.173f,4.1973f,0.2688f,-0.2728f,0.9238f,2.1157f,0f,0f,0f,1f],start_interpolation: 0,interpolation_duration: 1}
$data merge entity $(bone_invisibility) {transformation: [0.2985f,-0.3168f,0.9003f,-0.4512f,-0.935f,0.0919f,0.3424f,4.0916f,-0.1912f,-0.944f,-0.2688f,1.8188f,0f,0f,0f,1f],start_interpolation: 0,interpolation_duration: 1}
$data merge entity $(bone_swiftness) {transformation: [0.3417f,0.2698f,0.9003f,-0.4705f,-0.173f,-0.9235f,0.3424f,4.1664f,0.9238f,-0.2728f,-0.2688f,2.0429f,0f,0f,0f,1f],start_interpolation: 0,interpolation_duration: 1}
$data merge entity $(bone_suspicious_stew) {transformation: [0.3889f,-0.1956f,0.9003f,-0.3998f,-0.9101f,-0.2335f,0.3424f,4.1024f,0.1432f,-0.9525f,-0.2688f,2.0048f,0f,0f,0f,1f],start_interpolation: 0,interpolation_duration: 1}
$data merge entity $(bone_log) {transformation: [-0.9003f,0.2698f,0.3417f,-0.4344f,-0.3424f,-0.9235f,-0.173f,3.9468f,0.2688f,-0.2728f,0.9238f,2.0392f,0f,0f,0f,1f],start_interpolation: 0,interpolation_duration: 1}
$data merge entity $(bone_planks) {transformation: [-0.9003f,0.2698f,0.3417f,-0.5188f,-0.3424f,-0.9235f,-0.173f,3.9147f,0.2688f,-0.2728f,0.9238f,2.0644f,0f,0f,0f,1f],start_interpolation: 0,interpolation_duration: 1}
$data merge entity $(bone_lefthand1) {transformation: [-0.9003f,0.2698f,0.3417f,-0.1526f,-0.3424f,-0.9235f,-0.173f,3.8069f,0.2688f,-0.2728f,0.9238f,1.8749f,0f,0f,0f,1f],start_interpolation: 0,interpolation_duration: 1}
$data merge entity $(bone_leftforearm) {transformation: [-0.7309f,0.6324f,0.2566f,0.2411f,-0.5391f,-0.3044f,-0.7853f,3.5538f,-0.4185f,-0.7124f,0.5634f,1.327f,0f,0f,0f,1f],start_interpolation: 0,interpolation_duration: 1}
$data merge entity $(bone_leftelbow) {transformation: [-0.7309f,0.6324f,0.2566f,0.3597f,-0.5391f,-0.3044f,-0.7853f,3.4967f,-0.4185f,-0.7124f,0.5634f,1.1934f,0f,0f,0f,1f],start_interpolation: 0,interpolation_duration: 1}
$data merge entity $(bone_leftarm) {transformation: [-0.7763f,0.3337f,0.5347f,0.3152f,-0.5475f,0.0634f,-0.8344f,3.4414f,-0.3124f,-0.9405f,0.1335f,0.6861f,0f,0f,0f,1f],start_interpolation: 0,interpolation_duration: 1}
$data merge entity $(bone_rightthumb2) {transformation: [0.4386f,0.4999f,-0.7468f,-1.4676f,0.8464f,-0.5092f,0.1563f,3.374f,-0.3021f,-0.7006f,-0.6464f,-0.0845f,0f,0f,0f,1f],start_interpolation: 0,interpolation_duration: 1}
$data merge entity $(bone_rightthumb) {transformation: [0.4386f,0.4999f,-0.7468f,-1.4088f,0.8464f,-0.5092f,0.1563f,3.2625f,-0.3021f,-0.7006f,-0.6464f,-0.3116f,0f,0f,0f,1f],start_interpolation: 0,interpolation_duration: 1}
$data merge entity $(bone_rightpointerfinger) {transformation: [0.4386f,0.4999f,-0.7468f,-1.5599f,0.8464f,-0.5092f,0.1563f,3.5295f,-0.3021f,-0.7006f,-0.6464f,-0.145f,0f,0f,0f,1f],start_interpolation: 0,interpolation_duration: 1}
$data merge entity $(bone_rightmidfinger) {transformation: [0.4386f,0.4999f,-0.7468f,-1.6765f,0.8464f,-0.5092f,0.1563f,3.5539f,-0.3021f,-0.7006f,-0.6464f,-0.2461f,0f,0f,0f,1f],start_interpolation: 0,interpolation_duration: 1}
$data merge entity $(bone_rightringfinger) {transformation: [0.4386f,0.4999f,-0.7468f,-1.7932f,0.8464f,-0.5092f,0.1563f,3.5783f,-0.3021f,-0.7006f,-0.6464f,-0.3471f,0f,0f,0f,1f],start_interpolation: 0,interpolation_duration: 1}
$data merge entity $(bone_hugeasssword) {transformation: [1.718f,1.9579f,-2.9249f,-1.6798f,3.3149f,-1.9942f,0.6122f,3.2232f,-1.1832f,-2.7441f,-2.5319f,-0.298f,0f,0f,0f,1f],start_interpolation: 0,interpolation_duration: 1}
$data merge entity $(bone_ice) {transformation: [0.4386f,0.4999f,-0.7468f,-1.6945f,0.8464f,-0.5092f,0.1563f,3.2179f,-0.3021f,-0.7006f,-0.6464f,-0.2824f,0f,0f,0f,1f],start_interpolation: 0,interpolation_duration: 1}
$data merge entity $(bone_righthand1) {transformation: [0.4386f,0.4999f,-0.7468f,-1.4832f,0.8464f,-0.5092f,0.1563f,3.3071f,-0.3021f,-0.7006f,-0.6464f,-0.5532f,0f,0f,0f,1f],start_interpolation: 0,interpolation_duration: 1}
$data merge entity $(bone_rightforearm) {transformation: [-0.3969f,0.9137f,-0.0875f,-0.807f,0.7186f,0.2501f,-0.6489f,3.4061f,-0.571f,-0.3204f,-0.7559f,-0.7438f,0f,0f,0f,1f],start_interpolation: 0,interpolation_duration: 1}
$data merge entity $(bone_rightelbow) {transformation: [-0.3969f,0.9137f,-0.0875f,-0.6357f,0.7186f,0.2501f,-0.6489f,3.453f,-0.571f,-0.3204f,-0.7559f,-0.8039f,0f,0f,0f,1f],start_interpolation: 0,interpolation_duration: 1}
$data merge entity $(bone_rightarm) {transformation: [-0.2976f,0.9348f,0.1939f,-0.1356f,0.7678f,0.3551f,-0.5334f,3.4663f,-0.5674f,-0.0099f,-0.8234f,-0.662f,0f,0f,0f,1f],start_interpolation: 0,interpolation_duration: 1}
$data merge entity $(bone_chest1) {transformation: [-0.3539f,-0.2903f,0.9819f,0.2655f,0.0827f,1.0274f,0.3336f,3.2655f,-1.0205f,0.184f,-0.3135f,-0.0845f,0f,0f,0f,1f],start_interpolation: 0,interpolation_duration: 1}
$data merge entity $(bone_chest1lid) {transformation: [-0.3267f,-0.268f,0.9063f,-0.0176f,0.0764f,0.9483f,0.3079f,2.523f,-0.942f,0.1698f,-0.2894f,-0.4089f,0f,0f,0f,1f],start_interpolation: 0,interpolation_duration: 1}
$data merge entity $(bone_chest2) {transformation: [-0.3267f,-0.268f,0.9063f,0.0243f,0.0764f,0.9483f,0.3079f,2.3748f,-0.942f,0.1698f,-0.2894f,-0.4355f,0f,0f,0f,1f],start_interpolation: 0,interpolation_duration: 1}
$data merge entity $(bone_chest1lid3) {transformation: [-0.3267f,-0.268f,0.9063f,0.5835f,0.0764f,0.9483f,0.3079f,2.7155f,-0.942f,0.1698f,-0.2894f,-0.5354f,0f,0f,0f,1f],start_interpolation: 0,interpolation_duration: 1}
$data merge entity $(bone_chest3) {transformation: [-0.3267f,-0.268f,0.9063f,0.6253f,0.0764f,0.9483f,0.3079f,2.5673f,-0.942f,0.1698f,-0.2894f,-0.562f,0f,0f,0f,1f],start_interpolation: 0,interpolation_duration: 1}
$data merge entity $(bone_hugeasssword2) {transformation: [-3.5498f,0.2343f,-1.6384f,-0.2079f,-1.2061f,2.2888f,2.9406f,4.5416f,1.1334f,3.1696f,-2.0023f,-1.1247f,0f,0f,0f,1f],start_interpolation: 0,interpolation_duration: 1}
$data merge entity $(bone_belt) {transformation: [-0.3267f,-0.268f,0.9063f,0.264f,0.0764f,0.9483f,0.3079f,2.845f,-0.942f,0.1698f,-0.2894f,-0.0841f,0f,0f,0f,1f],start_interpolation: 0,interpolation_duration: 1}
$data merge entity $(bone_torn_part) {transformation: [-0.2902f,-0.5252f,0.8f,0.3077f,0.0425f,0.8281f,0.559f,2.5806f,-0.956f,0.1962f,-0.218f,-0.2448f,0f,0f,0f,1f],start_interpolation: 0,interpolation_duration: 1}
$data merge entity $(bone_lowerbody) {transformation: [-0.2902f,-0.2603f,0.9209f,0.3337f,0.0425f,0.9578f,0.2842f,2.0688f,-0.956f,0.1216f,-0.2669f,-0.1733f,0f,0f,0f,1f],start_interpolation: 0,interpolation_duration: 1}
$data merge entity $(bone_leftfoot) {transformation: [-0.5613f,-0.5378f,0.6291f,0.7726f,-0.1351f,0.8094f,0.5715f,0.3692f,-0.8165f,0.2358f,-0.527f,-0.0443f,0f,0f,0f,1f],start_interpolation: 0,interpolation_duration: 1}
$data merge entity $(bone_leftlowerleg) {transformation: [-0.5613f,-0.5378f,0.6291f,0.0793f,-0.1351f,0.8094f,0.5715f,1.1793f,-0.8165f,0.2358f,-0.527f,0.2982f,0f,0f,0f,1f],start_interpolation: 0,interpolation_duration: 1}
$data merge entity $(bone_leftleg) {transformation: [-0.3943f,0.4584f,0.7965f,0.5447f,-0.0548f,0.8535f,-0.5183f,2.0666f,-0.9174f,-0.248f,-0.3114f,0.0176f,0f,0f,0f,1f],start_interpolation: 0,interpolation_duration: 1}
$data merge entity $(bone_rightfoot) {transformation: [-0.1251f,-0.3879f,0.9132f,0.2831f,-0.021f,0.9213f,0.3884f,0.3656f,-0.9919f,0.0294f,-0.1234f,-0.2855f,0f,0f,0f,1f],start_interpolation: 0,interpolation_duration: 1}
$data merge entity $(bone_rightlowerleg) {transformation: [-0.1251f,-0.3879f,0.9132f,-0.2874f,-0.021f,0.9213f,0.3884f,1.3279f,-0.9919f,0.0294f,-0.1234f,-0.234f,0f,0f,0f,1f],start_interpolation: 0,interpolation_duration: 1}
$data merge entity $(bone_rightleg) {transformation: [-0.3189f,0.6506f,0.6892f,0.3974f,-0.023f,0.7217f,-0.6919f,2.08f,-0.9475f,-0.2365f,-0.2152f,-0.4547f,0f,0f,0f,1f],start_interpolation: 0,interpolation_duration: 1}
data modify entity @s data merge value {"cameras":{},"locators":{"lefthand":{"posx":-0.3764281286518051,"posy":4.053725355670086,"posz":2.0208378277315413,"roty":159.7026412111489,"rotx":-9.964627357522707},"sword":{"posx":1.1042469361968226,"posy":2.726420026196749,"posz":2.094099545740245,"roty":310.88013485501034,"rotx":8.992446806030417},"righthand":{"posx":-1.649531643190561,"posy":3.3027919797849905,"posz":-0.2896276107992954,"roty":310.88013485501034,"rotx":8.992446806030417},"chest":{"posx":-0.15265854410555924,"posy":2.4179546654519317,"posz":-0.4037668645351292,"roty":72.29286811162704,"rotx":17.935446842165717}}}