# This file was generated by Animated Java via MC-Build. It is not recommended to edit this file directly.
$data merge entity $(bone_nose) {transformation: [-0.4566f,-0.1492f,0.8771f,-0.2878f,-0.0298f,0.9879f,0.1525f,4.0586f,-0.8892f,0.0435f,-0.4555f,0.195f,0f,0f,0f,1f],start_interpolation: 0,interpolation_duration: 1}
$data merge entity $(bone_glowing_eye) {transformation: [-0.4566f,-0.1492f,0.8771f,-0.3855f,-0.0298f,0.9879f,0.1525f,4.1164f,-0.8892f,0.0435f,-0.4555f,0.1027f,0f,0f,0f,1f],start_interpolation: 0,interpolation_duration: 1}
$data merge entity $(bone_head) {transformation: [-0.4566f,-0.1492f,0.8771f,-0.1051f,-0.0298f,0.9879f,0.1525f,3.9652f,-0.8892f,0.0435f,-0.4555f,0.1043f,0f,0f,0f,1f],start_interpolation: 0,interpolation_duration: 1}
$data merge entity $(bone_leftthumb2) {transformation: [-0.7352f,-0.1746f,0.6549f,0.2447f,-0.1627f,-0.8925f,-0.4207f,4.2886f,0.658f,-0.4159f,0.6278f,1.9062f,0f,0f,0f,1f],start_interpolation: 0,interpolation_duration: 1}
$data merge entity $(bone_leftthumb) {transformation: [-0.7352f,-0.1746f,0.6549f,0.2578f,-0.1627f,-0.8925f,-0.4207f,4.0338f,0.658f,-0.4159f,0.6278f,1.8579f,0f,0f,0f,1f],start_interpolation: 0,interpolation_duration: 1}
$data merge entity $(bone_leftpointerfinger) {transformation: [-0.7352f,-0.1746f,0.6549f,0.4262f,-0.1627f,-0.8925f,-0.4207f,4.3247f,0.658f,-0.4159f,0.6278f,1.9518f,0f,0f,0f,1f],start_interpolation: 0,interpolation_duration: 1}
$data merge entity $(bone_leftmidfinger) {transformation: [-0.7352f,-0.1746f,0.6549f,0.5285f,-0.1627f,-0.8925f,-0.4207f,4.259f,0.658f,-0.4159f,0.6278f,2.0499f,0f,0f,0f,1f],start_interpolation: 0,interpolation_duration: 1}
$data merge entity $(bone_leftringfinger) {transformation: [-0.7352f,-0.1746f,0.6549f,0.6309f,-0.1627f,-0.8925f,-0.4207f,4.1932f,0.658f,-0.4159f,0.6278f,2.148f,0f,0f,0f,1f],start_interpolation: 0,interpolation_duration: 1}
$data merge entity $(bone_invisibility) {transformation: [-0.1169f,-0.6677f,0.7352f,0.2488f,-0.9258f,0.3413f,0.1627f,4.2097f,-0.3596f,-0.6616f,-0.658f,2.0101f,0f,0f,0f,1f],start_interpolation: 0,interpolation_duration: 1}
$data merge entity $(bone_swiftness) {transformation: [0.6549f,-0.1746f,0.7352f,0.3569f,-0.4207f,-0.8925f,0.1627f,4.2432f,0.6278f,-0.4159f,-0.658f,2.2184f,0f,0f,0f,1f],start_interpolation: 0,interpolation_duration: 1}
$data merge entity $(bone_suspicious_stew) {transformation: [0.1185f,-0.6674f,0.7352f,0.3798f,-0.9867f,0.0041f,0.1627f,4.1727f,-0.1116f,-0.7447f,-0.658f,2.1473f,0f,0f,0f,1f],start_interpolation: 0,interpolation_duration: 1}
$data merge entity $(bone_log) {transformation: [-0.7352f,-0.1746f,0.6549f,0.3197f,-0.1627f,-0.8925f,-0.4207f,4.0261f,0.658f,-0.4159f,0.6278f,2.1864f,0f,0f,0f,1f],start_interpolation: 0,interpolation_duration: 1}
$data merge entity $(bone_planks) {transformation: [-0.7352f,-0.1746f,0.6549f,0.2508f,-0.1627f,-0.8925f,-0.4207f,4.0109f,0.658f,-0.4159f,0.6278f,2.2481f,0f,0f,0f,1f],start_interpolation: 0,interpolation_duration: 1}
$data merge entity $(bone_lefthand1) {transformation: [-0.7352f,-0.1746f,0.6549f,0.4394f,-0.1627f,-0.8925f,-0.4207f,3.8568f,0.658f,-0.4159f,0.6278f,1.8983f,0f,0f,0f,1f],start_interpolation: 0,interpolation_duration: 1}
$data merge entity $(bone_leftforearm) {transformation: [-0.8394f,0.328f,0.4334f,0.6062f,-0.5325f,-0.3367f,-0.7765f,3.5892f,-0.1087f,-0.8826f,0.4573f,1.2578f,0f,0f,0f,1f],start_interpolation: 0,interpolation_duration: 1}
$data merge entity $(bone_leftelbow) {transformation: [-0.8394f,0.328f,0.4334f,0.6677f,-0.5325f,-0.3367f,-0.7765f,3.526f,-0.1087f,-0.8826f,0.4573f,1.0923f,0f,0f,0f,1f],start_interpolation: 0,interpolation_duration: 1}
$data merge entity $(bone_leftarm) {transformation: [-0.8359f,-0.1291f,0.5334f,0.3864f,-0.5488f,0.2059f,-0.8102f,3.5515f,-0.0052f,-0.97f,-0.243f,0.6614f,0f,0f,0f,1f],start_interpolation: 0,interpolation_duration: 1}
$data merge entity $(bone_rightthumb2) {transformation: [0.0259f,0.1517f,-0.9881f,-1.1449f,0.9985f,-0.0523f,0.0181f,3.0351f,-0.0489f,-0.987f,-0.1528f,0.4541f,0f,0f,0f,1f],start_interpolation: 0,interpolation_duration: 1}
$data merge entity $(bone_rightthumb) {transformation: [0.0259f,0.1517f,-0.9881f,-1.1921f,0.9985f,-0.0523f,0.0181f,3.0238f,-0.0489f,-0.987f,-0.1528f,0.199f,0f,0f,0f,1f],start_interpolation: 0,interpolation_duration: 1}
$data merge entity $(bone_rightpointerfinger) {transformation: [0.0259f,0.1517f,-0.9881f,-1.2854f,0.9985f,-0.0523f,0.0181f,3.151f,-0.0489f,-0.987f,-0.1528f,0.5104f,0f,0f,0f,1f],start_interpolation: 0,interpolation_duration: 1}
$data merge entity $(bone_rightmidfinger) {transformation: [0.0259f,0.1517f,-0.9881f,-1.4397f,0.9985f,-0.0523f,0.0181f,3.1539f,-0.0489f,-0.987f,-0.1528f,0.4865f,0f,0f,0f,1f],start_interpolation: 0,interpolation_duration: 1}
$data merge entity $(bone_rightringfinger) {transformation: [0.0259f,0.1517f,-0.9881f,-1.5941f,0.9985f,-0.0523f,0.0181f,3.1567f,-0.0489f,-0.987f,-0.1528f,0.4626f,0f,0f,0f,1f],start_interpolation: 0,interpolation_duration: 1}
$data merge entity $(bone_hugeasssword) {transformation: [0.1013f,0.5942f,-3.87f,-1.4004f,3.9107f,-0.2048f,0.0709f,2.8778f,-0.1916f,-3.8659f,-0.5986f,0.3014f,0f,0f,0f,1f],start_interpolation: 0,interpolation_duration: 1}
$data merge entity $(bone_ice) {transformation: [0.0259f,0.1517f,-0.9881f,-1.4031f,0.9985f,-0.0523f,0.0181f,2.863f,-0.0489f,-0.987f,-0.1528f,0.3176f,0f,0f,0f,1f],start_interpolation: 0,interpolation_duration: 1}
$data merge entity $(bone_righthand1) {transformation: [0.0259f,0.1517f,-0.9881f,-1.3896f,0.9985f,-0.0523f,0.0181f,3.1001f,-0.0489f,-0.987f,-0.1528f,0.0538f,0f,0f,0f,1f],start_interpolation: 0,interpolation_duration: 1}
$data merge entity $(bone_rightforearm) {transformation: [-0.7537f,0.522f,-0.3994f,-0.963f,0.6365f,0.4284f,-0.6413f,3.3413f,-0.1637f,-0.7376f,-0.6551f,-0.4623f,0f,0f,0f,1f],start_interpolation: 0,interpolation_duration: 1}
$data merge entity $(bone_rightelbow) {transformation: [-0.7537f,0.522f,-0.3994f,-0.8652f,0.6365f,0.4284f,-0.6413f,3.4217f,-0.1637f,-0.7376f,-0.6551f,-0.6005f,0f,0f,0f,1f],start_interpolation: 0,interpolation_duration: 1}
$data merge entity $(bone_rightarm) {transformation: [-0.6891f,0.7231f,0.0475f,-0.3906f,0.7031f,0.683f,-0.1978f,3.5859f,-0.1755f,-0.1029f,-0.9791f,-0.5513f,0f,0f,0f,1f],start_interpolation: 0,interpolation_duration: 1}
$data merge entity $(bone_chest1) {transformation: [-0.5173f,-0.2825f,0.909f,0.1336f,0.0368f,1.0278f,0.3404f,3.368f,-0.9511f,0.1934f,-0.4812f,-0.0512f,0f,0f,0f,1f],start_interpolation: 0,interpolation_duration: 1}
$data merge entity $(bone_chest1lid) {transformation: [-0.4775f,-0.2608f,0.839f,-0.1796f,0.034f,0.9487f,0.3142f,2.6082f,-0.878f,0.1785f,-0.4442f,-0.2992f,0f,0f,0f,1f],start_interpolation: 0,interpolation_duration: 1}
$data merge entity $(bone_chest2) {transformation: [-0.4775f,-0.2608f,0.839f,-0.1388f,0.034f,0.9487f,0.3142f,2.46f,-0.878f,0.1785f,-0.4442f,-0.3271f,0f,0f,0f,1f],start_interpolation: 0,interpolation_duration: 1}
$data merge entity $(bone_chest1lid3) {transformation: [-0.4775f,-0.2608f,0.839f,0.3878f,0.034f,0.9487f,0.3142f,2.8074f,-0.878f,0.1785f,-0.4442f,-0.5289f,0f,0f,0f,1f],start_interpolation: 0,interpolation_duration: 1}
$data merge entity $(bone_chest3) {transformation: [-0.4775f,-0.2608f,0.839f,0.4285f,0.034f,0.9487f,0.3142f,2.6591f,-0.878f,0.1785f,-0.4442f,-0.5568f,0f,0f,0f,1f],start_interpolation: 0,interpolation_duration: 1}
$data merge entity $(bone_hugeasssword2) {transformation: [-3.2862f,0.6887f,-2.0166f,-0.5351f,-1.2307f,2.4124f,2.8295f,4.5939f,1.7396f,3.0077f,-1.8077f,-1.0435f,0f,0f,0f,1f],start_interpolation: 0,interpolation_duration: 1}
$data merge entity $(bone_belt) {transformation: [-0.4775f,-0.2608f,0.839f,0.1429f,0.034f,0.9487f,0.3142f,2.9478f,-0.878f,0.1785f,-0.4442f,-0.0361f,0f,0f,0f,1f],start_interpolation: 0,interpolation_duration: 1}
$data merge entity $(bone_torn_part) {transformation: [-0.4203f,-0.5256f,0.7397f,0.1711f,-0.0008f,0.8154f,0.5789f,2.6794f,-0.9074f,0.2427f,-0.3431f,-0.1929f,0f,0f,0f,1f],start_interpolation: 0,interpolation_duration: 1}
$data merge entity $(bone_lowerbody) {transformation: [-0.4203f,-0.2788f,0.8635f,0.2268f,-0.0008f,0.9517f,0.3069f,2.1716f,-0.9074f,0.1283f,-0.4002f,-0.1106f,0f,0f,0f,1f],start_interpolation: 0,interpolation_duration: 1}
$data merge entity $(bone_leftfoot) {transformation: [-0.6874f,-0.4601f,0.562f,0.7788f,-0.1388f,0.8427f,0.5201f,0.3815f,-0.7129f,0.2795f,-0.6432f,-0.0478f,0f,0f,0f,1f],start_interpolation: 0,interpolation_duration: 1}
$data merge entity $(bone_leftlowerleg) {transformation: [-0.6874f,-0.4601f,0.562f,0.182f,-0.1388f,0.8427f,0.5201f,1.2365f,-0.7129f,0.2795f,-0.6432f,0.3611f,0f,0f,0f,1f],start_interpolation: 0,interpolation_duration: 1}
$data merge entity $(bone_leftleg) {transformation: [-0.5517f,0.2867f,0.7833f,0.4601f,-0.0864f,0.9144f,-0.3955f,2.1893f,-0.8296f,-0.2858f,-0.4797f,0.0451f,0f,0f,0f,1f],start_interpolation: 0,interpolation_duration: 1}
$data merge entity $(bone_rightfoot) {transformation: [-0.5139f,-0.1386f,0.8466f,-0.0971f,0.0114f,0.9857f,0.1683f,0.391f,-0.8578f,0.0962f,-0.5049f,-0.1454f,0f,0f,0f,1f],start_interpolation: 0,interpolation_duration: 1}
$data merge entity $(bone_rightlowerleg) {transformation: [-0.5139f,-0.1386f,0.8466f,-0.381f,0.0114f,0.9857f,0.1683f,1.4586f,-0.8578f,0.0962f,-0.5049f,0.0388f,0f,0f,0f,1f],start_interpolation: 0,interpolation_duration: 1}
$data merge entity $(bone_rightleg) {transformation: [-0.5676f,0.5837f,0.5806f,0.2395f,-0.0542f,0.6772f,-0.7338f,2.1703f,-0.8215f,-0.448f,-0.3528f,-0.4014f,0f,0f,0f,1f],start_interpolation: 0,interpolation_duration: 1}
data modify entity @s data merge value {"cameras":{},"locators":{"lefthand":{"posx":0.3920547663454417,"posy":4.117679408264417,"posz":2.147395170102195,"roty":133.78764107959063,"rotx":-24.877042621770162},"sword":{"posx":2.2559266946557823,"posy":2.8903867510705625,"posz":0.8943977512509182,"roty":278.79306359445786,"rotx":1.0368255391366392},"righthand":{"posx":-1.387637078307644,"posy":2.957112180850018,"posz":0.3307959420192019,"roty":278.79306359445786,"rotx":1.0368255391366392},"chest":{"posx":-0.309285432018105,"posy":2.50086124925209,"posz":-0.2684273916853882,"roty":62.10525944487142,"rotx":18.314108482739794}}}