# This file was generated by Animated Java via MC-Build. It is not recommended to edit this file directly.
$data merge entity $(bone_nose) {transformation: [-0.8687f,0.2698f,-0.4155f,0.3807f,0.0005f,0.8392f,0.5438f,3.6796f,0.4954f,0.4721f,-0.7292f,0.342f,0f,0f,0f,1f],start_interpolation: 0,interpolation_duration: 1}
$data merge entity $(bone_glowing_eye) {transformation: [-0.8687f,0.2698f,-0.4155f,0.3049f,0.0005f,0.8392f,0.5438f,3.7175f,0.4954f,0.4721f,-0.7292f,0.4613f,0f,0f,0f,1f],start_interpolation: 0,interpolation_duration: 1}
$data merge entity $(bone_head) {transformation: [-0.8687f,0.2698f,-0.4155f,0.2696f,0.0005f,0.8392f,0.5438f,3.6778f,0.4954f,0.4721f,-0.7292f,0.1472f,0f,0f,0f,1f],start_interpolation: 0,interpolation_duration: 1}
$data merge entity $(bone_leftthumb2) {transformation: [0.0933f,0.3103f,0.9461f,0.908f,-0.6848f,-0.6698f,0.2872f,3.5461f,0.7228f,-0.6746f,0.15f,0.4272f,0f,0f,0f,1f],start_interpolation: 0,interpolation_duration: 1}
$data merge entity $(bone_leftthumb) {transformation: [0.0933f,0.3103f,0.9461f,1.0649f,-0.6848f,-0.6698f,0.2872f,3.4064f,0.7228f,-0.6746f,0.15f,0.2745f,0f,0f,0f,1f],start_interpolation: 0,interpolation_duration: 1}
$data merge entity $(bone_leftpointerfinger) {transformation: [0.0933f,0.3103f,0.9461f,0.9973f,-0.6848f,-0.6698f,0.2872f,3.7145f,0.7228f,-0.6746f,0.15f,0.4239f,0f,0f,0f,1f],start_interpolation: 0,interpolation_duration: 1}
$data merge entity $(bone_leftmidfinger) {transformation: [0.0933f,0.3103f,0.9461f,1.1451f,-0.6848f,-0.6698f,0.2872f,3.7594f,0.7228f,-0.6746f,0.15f,0.4473f,0f,0f,0f,1f],start_interpolation: 0,interpolation_duration: 1}
$data merge entity $(bone_leftringfinger) {transformation: [0.0933f,0.3103f,0.9461f,1.2929f,-0.6848f,-0.6698f,0.2872f,3.8042f,0.7228f,-0.6746f,0.15f,0.4708f,0f,0f,0f,1f],start_interpolation: 0,interpolation_duration: 1}
$data merge entity $(bone_invisibility) {transformation: [0.3916f,-0.9154f,-0.0933f,1.0191f,-0.6422f,-0.3445f,0.6848f,3.5039f,-0.659f,-0.2082f,-0.7228f,0.4809f,0f,0f,0f,1f],start_interpolation: 0,interpolation_duration: 1}
$data merge entity $(bone_swiftness) {transformation: [0.9461f,0.3103f,-0.0933f,1.1594f,0.2872f,-0.6698f,0.6848f,3.6128f,0.15f,-0.6746f,-0.7228f,0.638f,0f,0f,0f,1f],start_interpolation: 0,interpolation_duration: 1}
$data merge entity $(bone_suspicious_stew) {transformation: [0.6811f,-0.7263f,-0.0933f,1.182f,-0.4856f,-0.5433f,0.6848f,3.5891f,-0.548f,-0.4211f,-0.7228f,0.5407f,0f,0f,0f,1f],start_interpolation: 0,interpolation_duration: 1}
$data merge entity $(bone_log) {transformation: [0.0933f,0.3103f,0.9461f,1.2739f,-0.6848f,-0.6698f,0.2872f,3.4547f,0.7228f,-0.6746f,0.15f,0.5311f,0f,0f,0f,1f],start_interpolation: 0,interpolation_duration: 1}
$data merge entity $(bone_planks) {transformation: [0.0933f,0.3103f,0.9461f,1.2826f,-0.6848f,-0.6698f,0.2872f,3.3905f,0.7228f,-0.6746f,0.15f,0.5989f,0f,0f,0f,1f],start_interpolation: 0,interpolation_duration: 1}
$data merge entity $(bone_lefthand1) {transformation: [0.0933f,0.3103f,0.9461f,1.2985f,-0.6848f,-0.6698f,0.2872f,3.4494f,0.7228f,-0.6746f,0.15f,0.1771f,0f,0f,0f,1f],start_interpolation: 0,interpolation_duration: 1}
$data merge entity $(bone_leftforearm) {transformation: [-0.5936f,-0.1338f,0.7935f,1.1495f,-0.7458f,-0.2789f,-0.6049f,3.189f,0.3023f,-0.951f,0.0658f,-0.4769f,0f,0f,0f,1f],start_interpolation: 0,interpolation_duration: 1}
$data merge entity $(bone_leftelbow) {transformation: [-0.5936f,-0.1338f,0.7935f,1.1244f,-0.7458f,-0.2789f,-0.6049f,3.1367f,0.3023f,-0.951f,0.0658f,-0.6552f,0f,0f,0f,1f],start_interpolation: 0,interpolation_duration: 1}
$data merge entity $(bone_leftarm) {transformation: [-0.512f,-0.7411f,-0.4343f,0.7618f,-0.7905f,0.6043f,-0.0993f,3.2238f,0.336f,0.2925f,-0.8953f,-0.3279f,0f,0f,0f,1f],start_interpolation: 0,interpolation_duration: 1}
$data merge entity $(bone_rightthumb2) {transformation: [-0.7087f,-0.2292f,-0.6672f,-0.3069f,0.4178f,-0.8984f,-0.1351f,3.9982f,-0.5685f,-0.3745f,0.7325f,1.1231f,0f,0f,0f,1f],start_interpolation: 0,interpolation_duration: 1}
$data merge entity $(bone_rightthumb) {transformation: [-0.7087f,-0.2292f,-0.6672f,-0.4201f,0.4178f,-0.8984f,-0.1351f,3.7663f,-0.5685f,-0.3745f,0.7325f,1.0938f,0f,0f,0f,1f],start_interpolation: 0,interpolation_duration: 1}
$data merge entity $(bone_rightpointerfinger) {transformation: [-0.7087f,-0.2292f,-0.6672f,-0.4537f,0.4178f,-0.8984f,-0.1351f,4.1004f,-0.5685f,-0.3745f,0.7325f,1.1889f,0f,0f,0f,1f],start_interpolation: 0,interpolation_duration: 1}
$data merge entity $(bone_rightmidfinger) {transformation: [-0.7087f,-0.2292f,-0.6672f,-0.5579f,0.4178f,-0.8984f,-0.1351f,4.0793f,-0.5685f,-0.3745f,0.7325f,1.3034f,0f,0f,0f,1f],start_interpolation: 0,interpolation_duration: 1}
$data merge entity $(bone_rightringfinger) {transformation: [-0.7087f,-0.2292f,-0.6672f,-0.6622f,0.4178f,-0.8984f,-0.1351f,4.0582f,-0.5685f,-0.3745f,0.7325f,1.4178f,0f,0f,0f,1f],start_interpolation: 0,interpolation_duration: 1}
$data merge entity $(bone_hugeasssword) {transformation: [-2.7758f,-0.8977f,-2.6133f,-0.4058f,1.6364f,-3.5188f,-0.5293f,3.788f,-2.2265f,-1.467f,2.869f,1.3668f,0f,0f,0f,1f],start_interpolation: 0,interpolation_duration: 1}
$data merge entity $(bone_ice) {transformation: [-0.7087f,-0.2292f,-0.6672f,-0.3912f,0.4178f,-0.8984f,-0.1351f,3.7955f,-0.5685f,-0.3745f,0.7325f,1.3816f,0f,0f,0f,1f],start_interpolation: 0,interpolation_duration: 1}
$data merge entity $(bone_righthand1) {transformation: [-0.7087f,-0.2292f,-0.6672f,-0.6465f,0.4178f,-0.8984f,-0.1351f,3.6711f,-0.5685f,-0.3745f,0.7325f,1.1687f,0f,0f,0f,1f],start_interpolation: 0,interpolation_duration: 1}
$data merge entity $(bone_rightforearm) {transformation: [-0.7069f,-0.4269f,-0.5639f,-0.8849f,0.7072f,-0.4151f,-0.5723f,3.3161f,0.0102f,-0.8034f,0.5953f,0.6005f,0f,0f,0f,1f],start_interpolation: 0,interpolation_duration: 1}
$data merge entity $(bone_rightelbow) {transformation: [-0.7069f,-0.4269f,-0.5639f,-0.9649f,0.7072f,-0.4151f,-0.5723f,3.2383f,0.0102f,-0.8034f,0.5953f,0.4499f,0f,0f,0f,1f],start_interpolation: 0,interpolation_duration: 1}
$data merge entity $(bone_rightarm) {transformation: [-0.6737f,0.6809f,-0.2874f,-0.5275f,0.7368f,0.5884f,-0.3331f,3.3291f,-0.0577f,-0.4361f,-0.898f,0.3899f,0f,0f,0f,1f],start_interpolation: 0,interpolation_duration: 1}
$data merge entity $(bone_chest1) {transformation: [-0.8559f,0.3741f,-0.5487f,-0.0004f,0.1611f,0.9853f,0.4206f,3.1126f,0.6443f,0.2507f,-0.834f,-0.0663f,0f,0f,0f,1f],start_interpolation: 0,interpolation_duration: 1}
$data merge entity $(bone_chest1lid) {transformation: [-0.79f,0.3454f,-0.5065f,-0.3079f,0.1487f,0.9095f,0.3882f,2.3899f,0.5948f,0.2314f,-0.7699f,0.2799f,0f,0f,0f,1f],start_interpolation: 0,interpolation_duration: 1}
$data merge entity $(bone_chest2) {transformation: [-0.79f,0.3454f,-0.5065f,-0.3619f,0.1487f,0.9095f,0.3882f,2.2478f,0.5948f,0.2314f,-0.7699f,0.2437f,0f,0f,0f,1f],start_interpolation: 0,interpolation_duration: 1}
$data merge entity $(bone_chest1lid3) {transformation: [-0.79f,0.3454f,-0.5065f,-0.5831f,0.1487f,0.9095f,0.3882f,2.6293f,0.5948f,0.2314f,-0.7699f,-0.2505f,0f,0f,0f,1f],start_interpolation: 0,interpolation_duration: 1}
$data merge entity $(bone_chest3) {transformation: [-0.79f,0.3454f,-0.5065f,-0.637f,0.1487f,0.9095f,0.3882f,2.4872f,0.5948f,0.2314f,-0.7699f,-0.2866f,0f,0f,0f,1f],start_interpolation: 0,interpolation_duration: 1}
$data merge entity $(bone_hugeasssword2) {transformation: [1.9839f,3.1952f,-1.0932f,-0.7072f,-1.5206f,1.9772f,3.0197f,4.4539f,3.0153f,-1.1052f,2.242f,0.731f,0f,0f,0f,1f],start_interpolation: 0,interpolation_duration: 1}
$data merge entity $(bone_belt) {transformation: [-0.79f,0.3454f,-0.5065f,-0.0463f,0.1487f,0.9095f,0.3882f,2.6948f,0.5948f,0.2314f,-0.7699f,-0.0767f,0f,0f,0f,1f],start_interpolation: 0,interpolation_duration: 1}
$data merge entity $(bone_torn_part) {transformation: [-0.7608f,0.5068f,-0.4053f,-0.2452f,0.1687f,0.7576f,0.6305f,2.457f,0.6266f,0.4113f,-0.6619f,-0.0651f,0f,0f,0f,1f],start_interpolation: 0,interpolation_duration: 1}
$data merge entity $(bone_lowerbody) {transformation: [-0.7608f,0.3614f,-0.539f,-0.2716f,0.1687f,0.9122f,0.3735f,1.9426f,0.6266f,0.1932f,-0.755f,-0.1144f,0f,0f,0f,1f],start_interpolation: 0,interpolation_duration: 1}
$data merge entity $(bone_leftfoot) {transformation: [-0.7015f,0.3573f,-0.6166f,-0.219f,-0.0621f,0.8313f,0.5523f,0.3377f,0.71f,0.4258f,-0.561f,-0.3299f,0f,0f,0f,1f],start_interpolation: 0,interpolation_duration: 1}
$data merge entity $(bone_leftlowerleg) {transformation: [-0.7015f,0.3573f,-0.6166f,0.2721f,-0.0621f,0.8313f,0.5523f,1.1751f,0.71f,0.4258f,-0.561f,0.2286f,0f,0f,0f,1f],start_interpolation: 0,interpolation_duration: 1}
$data merge entity $(bone_leftleg) {transformation: [-0.7725f,-0.3988f,-0.4942f,-0.1639f,0.0902f,0.7013f,-0.7071f,1.9039f,0.6286f,-0.5908f,-0.5058f,-0.3709f,0f,0f,0f,1f],start_interpolation: 0,interpolation_duration: 1}
$data merge entity $(bone_rightfoot) {transformation: [-0.8718f,0.3577f,-0.3346f,-0.8319f,0.1342f,0.8314f,0.5393f,0.2966f,0.4711f,0.4252f,-0.7728f,-0.1199f,0f,0f,0f,1f],start_interpolation: 0,interpolation_duration: 1}
$data merge entity $(bone_rightlowerleg) {transformation: [-0.8718f,0.3577f,-0.3346f,-0.3836f,0.1342f,0.8314f,0.5393f,1.1361f,0.4711f,0.4252f,-0.7728f,0.4706f,0f,0f,0f,1f],start_interpolation: 0,interpolation_duration: 1}
$data merge entity $(bone_rightleg) {transformation: [-0.8013f,-0.1868f,-0.5684f,-0.5531f,0.1677f,0.8419f,-0.513f,2.0072f,0.5743f,-0.5064f,-0.6433f,-0.072f,0f,0f,0f,1f],start_interpolation: 0,interpolation_duration: 1}
data modify entity @s data merge value {"cameras":{},"locators":{"lefthand":{"posx":1.2260829982620736,"posy":3.566697607213862,"posz":0.5137269076853794,"roty":99.01083960867135,"rotx":16.69013023034152},"sword":{"posx":2.016758343878202,"posy":4.349143912553736,"posz":-1.3784074861260793,"roty":222.3297422733497,"rotx":-7.767202884470862},"righthand":{"posx":-0.4436087660929402,"posy":3.8507840817993895,"posz":1.3226825555538992,"roty":222.3297422733497,"rotx":-7.767202884470862},"chest":{"posx":-0.2750700350882346,"posy":2.2770291288467317,"posz":0.4043122397132412,"roty":326.65748477358227,"rotx":22.844773014820106}}}