# This file was generated by Animated Java via MC-Build. It is not recommended to edit this file directly.
$data merge entity $(bone_nose) { transformation: [-0.9495668791372772f,-0.13516983143824013f,0.28293437174448965f,-0.5486740803815903f,-0.023854529938850233f,0.9308415382225532f,0.36464365087146094f,3.252681136512959f,-0.31265588663399246f,0.3395042671137275f,-0.8871207072122052f,0.9766223784866013f,0f,0f,0f,1f], start_interpolation: 0, interpolation_duration: 1 }
$data merge entity $(bone_glowing_eye) { transformation: [-0.9495668791372772f,-0.13516983143824013f,0.28293437174448965f,-0.6863952078530056f,-0.023854529938850233f,0.9308415382225532f,0.36464365087146094f,3.3000003873963264f,-0.31265588663399246f,0.3395042671137275f,-0.8871207072122052f,0.9914842215417339f,0f,0f,0f,1f], start_interpolation: 0, interpolation_duration: 1 }
$data merge entity $(bone_head) { transformation: [-0.9495668791372772f,-0.13516983143824013f,0.28293437174448965f,-0.47900285622030525f,-0.023854529938850233f,0.9308415382225532f,0.36464365087146094f,3.206025079096981f,-0.31265588663399246f,0.3395042671137275f,-0.8871207072122052f,0.7685836645052115f,0f,0f,0f,1f], start_interpolation: 0, interpolation_duration: 1 }
$data merge entity $(bone_leftthumb2) { transformation: [-0.8158029927499254f,-0.08495649744651677f,0.5720558281862747f,0.37877219767446674f,-0.540085835203207f,-0.24181279343891549f,-0.8061227347880241f,2.8255727424947987f,0.20681578187633334f,-0.9665965893126711f,0.1513877996933456f,2.8933992682471326f,0f,0f,0f,1f], start_interpolation: 0, interpolation_duration: 1 }
$data merge entity $(bone_leftthumb) { transformation: [-0.8158029927499254f,-0.08495649744651677f,0.5720558281862747f,0.4068237147866679f,-0.540085835203207f,-0.24181279343891549f,-0.8061227347880241f,2.697380734891708f,0.20681578187633334f,-0.9665965893126711f,0.1513877996933456f,2.669285927084914f,0f,0f,0f,1f], start_interpolation: 0, interpolation_duration: 1 }
$data merge entity $(bone_leftpointerfinger) { transformation: [-0.7375472188690604f,-0.3588540502441476f,0.5720558281862747f,0.5507436347895609f,-0.4248098276614896f,-0.41194993237054034f,-0.8061227347880241f,2.798010442771014f,0.5249387681060806f,-0.8375685188945905f,0.1513877996933456f,2.9709262599210358f,0f,0f,0f,1f], start_interpolation: 0, interpolation_duration: 1 }
$data merge entity $(bone_leftmidfinger) { transformation: [-0.8158029927499254f,-0.08495649744651677f,0.5720558281862747f,0.6401273579436664f,-0.540085835203207f,-0.24181279343891549f,-0.8061227347880241f,2.6720537654603853f,0.20681578187633334f,-0.9665965893126711f,0.1513877996933456f,2.9945806036231213f,0f,0f,0f,1f], start_interpolation: 0, interpolation_duration: 1 }
$data merge entity $(bone_leftringfinger) { transformation: [-0.7862151316076587f,0.23370472025456962f,0.5720558281862747f,0.7295110810977717f,-0.5915119987265014f,-0.01672398937026412f,-0.8061227347880241f,2.5460970881497564f,-0.17882763263469892f,-0.9721637783368997f,0.1513877996933456f,3.0182349473252064f,0f,0f,0f,1f], start_interpolation: 0, interpolation_duration: 1 }
$data merge entity $(bone_invisibility) { transformation: [-0.03477526172596364f,-0.5772834296878399f,0.8158029927499253f,0.37061171210991606f,-0.31115084845082575f,0.7819798207889931f,0.5400858352032066f,2.695487409850157f,-0.9497240813416399f,-0.2350561670891851f,-0.20681578187633332f,2.899251848326358f,0f,0f,0f,1f], start_interpolation: 0, interpolation_duration: 1 }
$data merge entity $(bone_swiftness) { transformation: [0.5720558281862744f,-0.08495649744651677f,0.8158029927499255f,0.4468871540432269f,-0.8061227347880242f,-0.24181279343891549f,0.5400858352032067f,2.548955571834303f,0.15138779969334565f,-0.9665965893126711f,-0.20681578187633332f,3.0693021624986785f,0f,0f,0f,1f], start_interpolation: 0, interpolation_duration: 1 }
$data merge entity $(bone_suspicious_stew) { transformation: [0.16476450453158226f,-0.5543628189793457f,0.8158029927499256f,0.48185451571264803f,-0.5598390066245478f,0.6284008094158493f,0.5400858352032071f,2.5556743717698516f,-0.8120547670619896f,-0.5457053121042335f,-0.2068157818763335f,2.972946275892892f,0f,0f,0f,1f], start_interpolation: 0, interpolation_duration: 1 }
$data merge entity $(bone_log) { transformation: [-0.8158029927499254f,-0.08495649744651677f,0.5720558281862747f,0.42156853990775955f,-0.540085835203207f,-0.24181279343891549f,-0.8061227347880241f,2.437027722346498f,0.20681578187633334f,-0.9665965893126711f,0.1513877996933456f,2.87860698489034f,0f,0f,0f,1f], start_interpolation: 0, interpolation_duration: 1 }
$data merge entity $(bone_planks) { transformation: [-0.8158029927499254f,-0.08495649744651677f,0.5720558281862747f,0.34508700933745406f,-0.540085835203207f,-0.24181279343891549f,-0.8061227347880241f,2.3863946752961973f,0.20681578187633334f,-0.9665965893126711f,0.1513877996933456f,2.8979959644412463f,0f,0f,0f,1f], start_interpolation: 0, interpolation_duration: 1 }
$data merge entity $(bone_lefthand) { transformation: [-0.8158029927499254f,-0.08495649744651677f,0.5720558281862747f,0.5864034191027906f,-0.540085835203207f,-0.24181279343891549f,-0.8061227347880241f,2.5367873182496967f,0.20681578187633334f,-0.9665965893126711f,0.1513877996933456f,2.5805230233526717f,0f,0f,0f,1f], start_interpolation: 0, interpolation_duration: 1 }
$data merge entity $(bone_leftforearm) { transformation: [-0.8135746016551706f,0.14638793540423428f,0.5627316766539058f,0.6211151324416242f,-0.5454039920814941f,0.14337365040012345f,-0.8258198845950084f,2.6003793192545355f,-0.20157096259927865f,-0.9787821865660558f,-0.03680459615009096f,1.8644872278009568f,0f,0f,0f,1f], start_interpolation: 0, interpolation_duration: 1 }
$data merge entity $(bone_leftelbow) { transformation: [-0.8135746016551706f,0.14638793540423428f,0.5627316766539058f,0.6485628703299181f,-0.5454039920814941f,0.14337365040012345f,-0.8258198845950084f,2.6272618787045587f,-0.20157096259927865f,-0.9787821865660558f,-0.03680459615009096f,1.6809655678198214f,0f,0f,0f,1f], start_interpolation: 0, interpolation_duration: 1 }
$data merge entity $(bone_leftarm) { transformation: [-0.8852856926331071f,-0.2973789344357751f,0.3575402239929973f,0.2459483309596171f,-0.4397806334200314f,0.2853755932219318f,-0.8515596075800608f,2.7464588286506864f,0.15120263518800142f,-0.9111128031956711f,-0.38342042585800096f,1.2861790872314895f,0f,0f,0f,1f], start_interpolation: 0, interpolation_duration: 1 }
$data merge entity $(bone_rightthumb2) { transformation: [-0.5971665081925637f,0.44259698299852845f,0.6689544619282399f,-1.5031486466200494f,0.42042391545827984f,0.882956965111432f,-0.20887969999963882f,1.8309940593014904f,-0.6831075265313875f,0.15650849306606307f,-0.7133506843021602f,-1.05944301328961f,0f,0f,0f,1f], start_interpolation: 0, interpolation_duration: 1 }
$data merge entity $(bone_rightthumb) { transformation: [-0.5971665081925637f,0.44259698299852845f,0.6689544619282399f,-1.3374378800868003f,0.42042391545827984f,0.882956965111432f,-0.20887969999963882f,2.0296822958551117f,-0.6831075265313875f,0.15650849306606307f,-0.7133506843021602f,-1.082021645282608f,0f,0f,0f,1f], start_interpolation: 0, interpolation_duration: 1 }
$data merge entity $(bone_rightpointerfinger) { transformation: [-0.050825220163338215f,0.596880850695117f,0.8007184568054001f,-1.5047846754081007f,0.8167992972681843f,0.48619075272505624f,-0.3105760131543387f,1.9172037374502604f,-0.5746787841721223f,0.638241178582295f,-0.5122426114492378f,-1.366924779470102f,0f,0f,0f,1f], start_interpolation: 0, interpolation_duration: 1 }
$data merge entity $(bone_rightmidfinger) { transformation: [0.027518181291164512f,0.5984084747307686f,0.8007184568054001f,-1.379672416532257f,0.873272093696083f,0.37541762135629186f,-0.3105760131543387f,1.8686762353948951f,-0.4864551367496147f,0.7077915702702168f,-0.5122426114492378f,-1.4469626875090456f,0f,0f,0f,1f], start_interpolation: 0, interpolation_duration: 1 }
$data merge entity $(bone_rightringfinger) { transformation: [0.0795682013850389f,0.5937329822904639f,0.8007184568054001f,-1.2545601576564132f,0.9026688313613827f,0.29787836601846773f,-0.3105760131543387f,1.8201487333395296f,-0.4229159280720293f,0.7474955684140474f,-0.5122426114492378f,-1.5270005955479888f,0f,0f,0f,1f], start_interpolation: 0, interpolation_duration: 1 }
$data merge entity $(bone_hugeasssword) { transformation: [-0.40205918419347997f,2.31153766374516f,3.136147289154484f,-1.245036052951851f,3.020990851593598f,2.1758234815908466f,-1.2164227181878267f,1.7814898663860292f,-2.460130172322441f,2.2940931942323615f,-2.0062835615095147f,-1.1531393842536797f,0f,0f,0f,1f], start_interpolation: 0, interpolation_duration: 1 }
$data merge entity $(bone_ice) { transformation: [-0.1026534087302502f,0.5901798290413174f,0.8007184568054001f,-1.2526536532692114f,0.7713168131728335f,0.5555293995551097f,-0.3105760131543387f,1.7607578943121551f,-0.6281183418695594f,0.5857259219316667f,-0.5122426114492378f,-1.15247700269215f,0f,0f,0f,1f], start_interpolation: 0, interpolation_duration: 1 }
$data merge entity $(bone_righthand) { transformation: [-0.1026534087302502f,0.5901798290413174f,0.8007184568054001f,-1.1057495964162758f,0.7713168131728335f,0.5555293995551097f,-0.3105760131543387f,2.082763947083068f,-0.6281183418695594f,0.5857259219316667f,-0.5122426114492378f,-1.179082689284412f,0f,0f,0f,1f], start_interpolation: 0, interpolation_duration: 1 }
$data merge entity $(bone_rightforearm) { transformation: [-0.4316195767676222f,0.2292092662760935f,0.8724492267198782f,-0.9312426266854192f,0.6238252624767339f,0.7744575386473473f,0.10515494628464714f,2.58667227900399f,-0.6515723926370524f,0.5896428012665531f,-0.4772575657522459f,-0.7163096706391723f,0f,0f,0f,1f], start_interpolation: 0, interpolation_duration: 1 }
$data merge entity $(bone_rightelbow) { transformation: [-0.4316195767676222f,0.2292092662760935f,0.8724492267198782f,-0.8882658892586517f,0.6238252624767339f,0.7744575386473473f,0.10515494628464714f,2.731883067500368f,-0.6515723926370524f,0.5896428012665531f,-0.4772575657522459f,-0.6057516454016936f,0f,0f,0f,1f], start_interpolation: 0, interpolation_duration: 1 }
$data merge entity $(bone_rightarm) { transformation: [-0.3007450901292126f,-0.1088259514516897f,0.9474752255620229f,-0.9646774920231816f,0.7271014297358311f,0.6167192767183104f,0.30163031114288674f,2.845786818186902f,-0.6171514414139225f,0.779624426255796f,-0.10634778956818514f,-0.04698381923128958f,0f,0f,0f,1f], start_interpolation: 0, interpolation_duration: 1 }
$data merge entity $(bone_chest) { transformation: [-0.7789371254559923f,-0.4249834908443977f,0.6214958553419132f,-0.17623545149859204f,0.1377191164750218f,0.7987392096975515f,0.7187908116831916f,2.7763863471922567f,-0.7402036953804041f,0.5958320388436257f,-0.52028240595253f,0.36663625586093657f,0f,0f,0f,1f], start_interpolation: 0, interpolation_duration: 1 }
$data merge entity $(bone_chest1lid) { transformation: [-0.7190188850363006f,-0.2647226960388063f,0.6425992041413534f,-0.3781112087667353f,0.12712533828463551f,0.8589197210049678f,0.49608070032482154f,2.056244583555118f,-0.6832649495819115f,0.4383820332434876f,-0.5839265378471283f,-0.05460979017813544f,0f,0f,0f,1f], start_interpolation: 0, interpolation_duration: 1 }
$data merge entity $(bone_chest1) { transformation: [-0.7190188850363006f,-0.39229245308713634f,0.5736884818540737f,-0.3168155129718703f,0.12712533828463551f,0.7372977320285091f,0.6634992107844846f,1.9410418129256632f,-0.6832649495819115f,0.5499988050864237f,-0.48026068241771996f,-0.14054710347288915f,0f,0f,0f,1f], start_interpolation: 0, interpolation_duration: 1 }
$data merge entity $(bone_chest1lid3) { transformation: [-0.7190188850363006f,-0.39229245308713634f,0.5736884818540737f,0.03434665523579946f,0.12712533828463551f,0.7372977320285091f,0.6634992107844846f,2.4733534318211383f,-0.6832649495819115f,0.5499988050864237f,-0.48026068241771996f,-0.31957273050311785f,0f,0f,0f,1f], start_interpolation: 0, interpolation_duration: 1 }
$data merge entity $(bone_chest3) { transformation: [-0.7190188850363006f,-0.39229245308713634f,0.5736884818540737f,0.09564235103066451f,0.12712533828463551f,0.7372977320285091f,0.6634992107844846f,2.358150661191684f,-0.6832649495819115f,0.5499988050864237f,-0.48026068241771996f,-0.4055100437978716f,0f,0f,0f,1f], start_interpolation: 0, interpolation_duration: 1 }
$data merge entity $(bone_hugeasssword2) { transformation: [-2.2469465539284563f,1.0382589396568336f,-3.035379273795859f,-1.3652935474148624f,-2.598705242239231f,1.5838392799327787f,2.465453706131619f,3.964279638469753f,1.8810210061360695f,3.4283741463472834f,-0.21974636495324015f,0.03574658814193968f,0f,0f,0f,1f], start_interpolation: 0, interpolation_duration: 1 }
$data merge entity $(bone_belt) { transformation: [-0.7190188850363006f,-0.39229245308713634f,0.5736884818540737f,-0.0720415790421895f,0.12712533828463551f,0.7372977320285091f,0.6634992107844846f,2.3917731704750405f,-0.6832649495819115f,0.5499988050864237f,-0.48026068241771996f,0.2323066780649686f,0f,0f,0f,1f], start_interpolation: 0, interpolation_duration: 1 }
$data merge entity $(bone_torn_part) { transformation: [-0.7190188850363006f,-0.6575444054591341f,0.22504932306174355f,-0.02102263312293365f,0.12712533828463551f,0.19391890302084724f,0.9727459110256946f,2.165680444050921f,-0.6832649495819115f,0.7280321516942678f,-0.05584079845634998f,-0.04171755517151081f,0f,0f,0f,1f], start_interpolation: 0, interpolation_duration: 1 }
$data merge entity $(bone_lowerbody) { transformation: [-0.7190188850363006f,-0.35904932147350993f,0.5950591800069697f,0.14083090918114974f,0.12712533828463551f,0.7738195170554092f,0.620517931562135f,1.6881639650459253f,-0.6832649495819115f,0.5218112108546017f,-0.51074657991932f,-0.15795935493784635f,0f,0f,0f,1f], start_interpolation: 0, interpolation_duration: 1 }
$data merge entity $(bone_leftfoot) { transformation: [-0.9761644611959442f,-0.08665239888135946f,0.19893935511768157f,0.311737131192197f,-0.08725418334061057f,0.9961733406693705f,0.005736990513365178f,0.13825933026987047f,-0.19867228521459368f,-0.011735463664778515f,-0.980000771056391f,0.543246516720056f,0f,0f,0f,1f], start_interpolation: 0, interpolation_duration: 1 }
$data merge entity $(bone_leftlowerleg) { transformation: [-0.9761644611959442f,-0.08645699059481005f,0.19902435535336416f,0.18524468578258985f,-0.08725418334061057f,0.996178494269709f,0.004758705187278001f,1.242663693117639f,-0.19867228521459368f,-0.012697858447361487f,-0.9799887737976386f,0.6797308176481361f,0f,0f,0f,1f], start_interpolation: 0, interpolation_duration: 1 }
$data merge entity $(bone_leftleg) { transformation: [-0.9479850937859342f,0.28968100873654395f,0.13187540962836397f,0.42650450377437576f,0.013878926686065468f,0.4515439234832312f,-0.8921557546336477f,1.603839382429265f,-0.3179820628009096f,-0.8439039952815446f,-0.43209382839226534f,-0.06810115025184149f,0f,0f,0f,1f], start_interpolation: 0, interpolation_duration: 1 }
$data merge entity $(bone_rightfoot) { transformation: [-0.4775050766605626f,-0.033859552117305444f,0.8779791633144765f,-0.301395783326699f,0.10874332648738308f,0.9892857714810315f,0.09729163142366495f,0.1837910019827882f,-0.8718734894057504f,0.14193288217006164f,-0.46871157579220435f,-0.25595835991026733f,0f,0f,0f,1f], start_interpolation: 0, interpolation_duration: 1 }
$data merge entity $(bone_rightlowerleg) { transformation: [-0.4775050766605626f,-0.10027436853272392f,0.8728911338187232f,-0.546753564730226f,0.10874332648738308f,0.9790725351498244f,0.17195630292371894f,1.2435292620292207f,-0.8718734894057504f,0.17703269731037177f,-0.45661242690680925f,0.010593790383289892f,0f,0f,0f,1f], start_interpolation: 0, interpolation_duration: 1 }
$data merge entity $(bone_rightleg) { transformation: [-0.605060050323602f,0.7003211138638333f,0.37873913468608944f,0.08213364495501901f,0.07275541079668439f,0.5223345067465744f,-0.849628222828689f,1.7199079627412415f,-0.7928486524565742f,-0.4865161409940454f,-0.36699938805152743f,-0.40812923401194834f,0f,0f,0f,1f], start_interpolation: 0, interpolation_duration: 1 }
$data merge entity $(bone_sack_top) { transformation: [-0.039999999999999994f,0f,4.898587196589412e-18f,-0.07715974030671297f,0f,0.09999999999999998f,0f,-0.915611888744213f,-4.898587196589412e-18f,0f,-0.039999999999999994f,-0.05616364655671297f,0f,0f,0f,1f], start_interpolation: 0, interpolation_duration: 1 }
$data merge entity $(bone_sack_main) { transformation: [-0.05833333333333333f,0f,7.143772995026226e-18f,-0.07715974030671297f,0f,0.05833333333333333f,0f,-0.915611888744213f,-7.143772995026226e-18f,0f,-0.05833333333333333f,-0.05616364655671297f,0f,0f,0f,1f], start_interpolation: 0, interpolation_duration: 1 }
data modify entity @s data merge value {"locators":{"lefthand":{"posx":0.4957489245256636,"posy":2.519148061615277,"posz":2.9323679295092777,"roty":104.82285358821245,"rotx":-53.71882357087232},"righthand":{"posx":-1.2840101960540273,"posy":1.8292414488845963,"posz":-1.2125112739687092,"roty":57.39178404676251,"rotx":-18.093947137558168},"chest":{"posx":-0.4657010958958727,"posy":1.910464390439655,"posz":-0.035296013542702925,"roty":50.06576896540619,"rotx":41.56729169537348},"sack":{"posx":-0.07090974030671296,"posy":-0.878111888744213,"posz":-0.05616364655671297,"roty":0,"rotx":0}},"cameras":{}}