# This file was generated by Animated Java via MC-Build. It is not recommended to edit this file directly.
$data merge entity $(bone_nose) { transformation: [-0.9693019347179908f,0.05591608059877872f,0.23943089040980242f,0.052009380847272864f,0.23088075767434063f,0.541840417783541f,0.8081479056409663f,2.8370945156397127f,-0.08454487026237803f,0.8386193138645384f,-0.5381169123208158f,1.594862859667503f,0f,0f,0f,1f], start_interpolation: 0, interpolation_duration: 1 }
$data merge entity $(bone_glowing_eye) { transformation: [-0.9693019347179908f,0.05591608059877872f,0.23943089040980242f,-0.07372247858294033f,0.23088075767434063f,0.541840417783541f,0.8081479056409663f,2.874440782826563f,-0.08454487026237803f,0.8386193138645384f,-0.5381169123208158f,1.6598540181937653f,0f,0f,0f,1f], start_interpolation: 0, interpolation_duration: 1 }
$data merge entity $(bone_head) { transformation: [-0.9693019347179908f,0.05591608059877872f,0.23943089040980242f,0.08993966933637511f,0.23088075767434063f,0.541840417783541f,0.8081479056409663f,2.921519490173906f,-0.08454487026237803f,0.8386193138645384f,-0.5381169123208158f,1.3905476850602314f,0f,0f,0f,1f], start_interpolation: 0, interpolation_duration: 1 }
$data merge entity $(bone_leftthumb2) { transformation: [-0.7547717036822617f,0.653656409345669f,-0.055253722425767635f,-0.29548136825583854f,0.5285035262311216f,0.556033297430138f,-0.6414912274616373f,1.4759802694130153f,-0.38859194289363036f,-0.5133812137878587f,-0.7651379164881705f,1.9552664143451852f,0f,0f,0f,1f], start_interpolation: 0, interpolation_duration: 1 }
$data merge entity $(bone_leftthumb) { transformation: [-0.7547717036822617f,0.653656409345669f,-0.055253722425767635f,-0.1398988812710833f,0.5285035262311216f,0.556033297430138f,-0.6414912274616373f,1.557523028787223f,-0.38859194289363036f,-0.5133812137878587f,-0.7651379164881705f,1.7639767485245286f,0f,0f,0f,1f], start_interpolation: 0, interpolation_duration: 1 }
$data merge entity $(bone_leftpointerfinger) { transformation: [-0.9328170591383773f,0.3560889781199721f,-0.055253722425767635f,-0.2744167537360914f,0.30645627557781685f,0.7032592382960464f,-0.6414912274616373f,1.2871996285991658f,-0.1895702649135744f,-0.6153268102502432f,-0.7651379164881705f,1.9390663632172775f,0f,0f,0f,1f], start_interpolation: 0, interpolation_duration: 1 }
$data merge entity $(bone_leftmidfinger) { transformation: [-0.7547717036822617f,0.653656409345669f,-0.055253722425767635f,-0.2830501478651176f,0.5285035262311216f,0.556033297430138f,-0.6414912274616373f,1.186966624308285f,-0.38859194289363036f,-0.5133812137878587f,-0.7651379164881705f,1.8195135637660007f,0f,0f,0f,1f], start_interpolation: 0, interpolation_duration: 1 }
$data merge entity $(bone_leftringfinger) { transformation: [-0.4471746504348746f,0.8927384041064572f,-0.055253722425767635f,-0.2916835419941438f,0.7010583215148193f,0.3114582394552863f,-0.6414912274616373f,1.0867336200174043f,-0.5554746275423136f,-0.3255946972984505f,-0.7651379164881705f,1.699960764314724f,0f,0f,0f,1f], start_interpolation: 0, interpolation_duration: 1 }
$data merge entity $(bone_invisibility) { transformation: [0.6463533701462522f,0.11201337518867185f,0.7547717036822614f,-0.3427160995785277f,0.49800777846684813f,0.6875116546996022f,-0.5285035262311216f,1.4671567825320988f,-0.5781138066912919f,0.7174822147141049f,0.38859194289363f,1.83396486355693f,0f,0f,0f,1f], start_interpolation: 0, interpolation_duration: 1 }
$data merge entity $(bone_swiftness) { transformation: [-0.0552537224257678f,0.653656409345669f,0.7547717036822617f,-0.48090314980001664f,-0.6414912274616372f,0.556033297430138f,-0.5285035262311217f,1.299107001068743f,-0.7651379164881706f,-0.5133812137878587f,0.3885919428936302f,1.739782901134535f,0f,0f,0f,1f], start_interpolation: 0, interpolation_duration: 1 }
$data merge entity $(bone_suspicious_stew) { transformation: [0.569062661710115f,0.3263240143905686f,0.754771703682262f,-0.38371631672143736f,0.23283139984085488f,0.816378320394055f,-0.5285035262311216f,1.320813116566004f,-0.7886426480323947f,0.47648617568887186f,0.3885919428936304f,1.7145662486117037f,0f,0f,0f,1f], start_interpolation: 0, interpolation_duration: 1 }
$data merge entity $(bone_log) { transformation: [-0.7547717036822617f,0.653656409345669f,-0.055253722425767635f,-0.3753591310121487f,0.5285035262311216f,0.556033297430138f,-0.6414912274616373f,1.4097945830416747f,-0.38859194289363036f,-0.5133812137878587f,-0.7651379164881705f,1.5780972624065606f,0f,0f,0f,1f], start_interpolation: 0, interpolation_duration: 1 }
$data merge entity $(bone_planks) { transformation: [-0.7547717036822617f,0.653656409345669f,-0.055253722425767635f,-0.4461189782323607f,0.5285035262311216f,0.556033297430138f,-0.6414912274616373f,1.4593417886258422f,-0.38859194289363036f,-0.5133812137878587f,-0.7651379164881705f,1.5416667677602827f,0f,0f,0f,1f], start_interpolation: 0, interpolation_duration: 1 }
$data merge entity $(bone_lefthand) { transformation: [-0.7547717036822617f,0.653656409345669f,-0.055253722425767635f,-0.021525423929360743f,0.5285035262311216f,0.556033297430138f,-0.6414912274616373f,1.4367236266996048f,-0.38859194289363036f,-0.5133812137878587f,-0.7651379164881705f,1.570810504573259f,0f,0f,0f,1f], start_interpolation: 0, interpolation_duration: 1 }
$data merge entity $(bone_leftforearm) { transformation: [-0.6246212179660996f,0.7777479243100335f,-0.07040241684758283f,0.48421434797748564f,0.6426390826542987f,0.4606975600875204f,-0.6121868730825966f,1.8225157503780633f,-0.4436928481638932f,-0.42762825486728545f,-0.7875726837107624f,1.2341388149921928f,0f,0f,0f,1f], start_interpolation: 0, interpolation_duration: 1 }
$data merge entity $(bone_leftelbow) { transformation: [-0.6246212179660996f,0.7777479243100335f,-0.07040241684758283f,0.6300420837856169f,0.6426390826542987f,0.4606975600875204f,-0.6121868730825966f,1.9088965428944733f,-0.4436928481638932f,-0.42762825486728545f,-0.7875726837107624f,1.1539585172045768f,0f,0f,0f,1f], start_interpolation: 0, interpolation_duration: 1 }
$data merge entity $(bone_leftarm) { transformation: [-0.7030290599350846f,0.695015329512498f,0.15067791022384508f,0.8009532392159007f,0.6304415059289523f,0.7071256111921363f,-0.32018256916669074f,2.456114204271985f,-0.32908000317373587f,-0.13010404197711023f,-0.935296364673996f,1.094755869711809f,0f,0f,0f,1f], start_interpolation: 0, interpolation_duration: 1 }
$data merge entity $(bone_rightthumb2) { transformation: [-0.5386022289184059f,-0.8191695461481998f,-0.1971519557789811f,-0.5022379935888699f,-0.2438144642903444f,0.37551085031663833f,-0.8941734218244732f,1.5926606069009461f,0.8065123346898899f,-0.43353529955221304f,-0.4019763650206758f,1.7927120442085258f,0f,0f,0f,1f], start_interpolation: 0, interpolation_duration: 1 }
$data merge entity $(bone_rightthumb) { transformation: [-0.5386022289184059f,-0.8191695461481998f,-0.1971519557789811f,-0.719981294271102f,-0.2438144642903444f,0.37551085031663833f,-0.8941734218244732f,1.6083380014141595f,0.8065123346898899f,-0.43353529955221304f,-0.4019763650206758f,1.6520388682943379f,0f,0f,0f,1f], start_interpolation: 0, interpolation_duration: 1 }
$data merge entity $(bone_rightpointerfinger) { transformation: [-0.9519029302803724f,-0.3021198069767297f,-0.051033651211567055f,-0.6972333582254214f,-0.14184855404951424f,0.5821652917136448f,-0.8006013744917183f,1.3635650766611176f,0.27158755317153666f,-0.754855744732932f,-0.5970201048591143f,1.89981884849553f,0f,0f,0f,1f], start_interpolation: 0, interpolation_duration: 1 }
$data merge entity $(bone_rightmidfinger) { transformation: [-0.9831938167520772f,-0.17528686529371978f,-0.051033651211567055f,-0.7052073662272288f,-0.06464720123563847f,0.5956997385716818f,-0.8006013744917183f,1.2384711118967866f,0.1707356379695856f,-0.7838471383638077f,-0.5970201048591143f,1.8065344571112936f,0f,0f,0f,1f], start_interpolation: 0, interpolation_duration: 1 }
$data merge entity $(bone_rightringfinger) { transformation: [-0.9947297243835894f,-0.0889288584867935f,-0.051033651211567055f,-0.7131813742290362f,-0.0124825459476125f,0.5990672960599976f,-0.8006013744917183f,1.1133771471324556f,0.10176915777588888f,-0.7957449546931467f,-0.5970201048591143f,1.7132500657270568f,0f,0f,0f,1f], start_interpolation: 0, interpolation_duration: 1 }
$data merge entity $(bone_hugeasssword) { transformation: [-3.610967606264248f,-1.5037413308429963f,-0.19988180057863764f,-0.5375038005113568f,-0.7521873180194888f,2.223049321984844f,-3.13568871675923f,1.4172843338737553f,1.3173477000771934f,-2.852558763586655f,-2.3383287440315312f,1.5785829434786847f,0f,0f,0f,1f], start_interpolation: 0, interpolation_duration: 1 }
$data merge entity $(bone_ice) { transformation: [-0.9219491760674675f,-0.38393395681097775f,-0.051033651211567055f,-0.517099376560131f,-0.19204782587731628f,0.5675870609323006f,-0.8006013744917183f,1.4114165333260213f,0.3363440936367302f,-0.7283128758093587f,-0.5970201048591143f,1.5847074557001322f,0f,0f,0f,1f], start_interpolation: 0, interpolation_duration: 1 }
$data merge entity $(bone_righthand) { transformation: [-0.9219491760674675f,-0.38393395681097775f,-0.051033651211567055f,-0.8451649613801039f,-0.19204782587731628f,0.5675870609323006f,-0.8006013744917183f,1.4802825491369012f,0.3363440936367302f,-0.7283128758093587f,-0.5970201048591143f,1.4680583818801276f,0f,0f,0f,1f], start_interpolation: 0, interpolation_duration: 1 }
$data merge entity $(bone_rightforearm) { transformation: [-0.893709553082294f,-0.26058090306374515f,-0.3652134002031266f,-0.9668226024009825f,-0.017529002538742885f,0.8336940708595398f,-0.5519483039956232f,2.076193447618618f,0.44830343384748095f,-0.48687964546911466f,-0.7496480787865905f,1.1094154177752293f,0f,0f,0f,1f], start_interpolation: 0, interpolation_duration: 1 }
$data merge entity $(bone_rightelbow) { transformation: [-0.893709553082294f,-0.26058090306374515f,-0.3652134002031266f,-1.0156815217254347f,-0.017529002538742885f,0.8336940708595398f,-0.5519483039956232f,2.2325110859047816f,0.44830343384748095f,-0.48687964546911466f,-0.7496480787865905f,1.0181254842497705f,0f,0f,0f,1f], start_interpolation: 0, interpolation_duration: 1 }
$data merge entity $(bone_rightarm) { transformation: [-0.975524790192368f,-0.02624700765797794f,-0.21831737976885424f,-0.7747054862141378f,0.046274655312103063f,0.9461114192262965f,-0.320518078562425f,2.7391708976656894f,0.21496520647742537f,-0.32277589283991537f,-0.9217405725069896f,0.8906081659108f,0f,0f,0f,1f], start_interpolation: 0, interpolation_duration: 1 }
$data merge entity $(bone_chest) { transformation: [-1.0416861048375075f,0.0051422922649962165f,0.29744701533186363f,0.10701257652244003f,0.2534135956546836f,0.5827147410612058f,0.8774030950472237f,2.635019971631838f,-0.15582913603346796f,0.9132514431914928f,-0.5615159774955912f,0.7943549290275467f,0f,0f,0f,1f], start_interpolation: 0, interpolation_duration: 1 }
$data merge entity $(bone_chest1lid) { transformation: [-0.9615564044653915f,-0.01766597578587877f,0.2740386730575107f,-0.33197595400874624f,0.23392024214278484f,0.4700321101602609f,0.8510882067883171f,2.0303319922672647f,-0.1438422794155089f,0.8824725087603723f,-0.44782995649545965f,0.3719241890421544f,0f,0f,0f,1f], start_interpolation: 0, interpolation_duration: 1 }
$data merge entity $(bone_chest1) { transformation: [-0.9615564044653915f,0.004746731321534969f,0.27456647569095105f,-0.3327176307777361f,0.23392024214278484f,0.5378905302103438f,0.8099105492743603f,1.9462865969218983f,-0.1438422794155089f,0.8430013321767627f,-0.5183224407651612f,0.24020523088953527f,0f,0f,0f,1f], start_interpolation: 0, interpolation_duration: 1 }
$data merge entity $(bone_chest1lid3) { transformation: [-0.9615564044653915f,0.004746731321534969f,0.27456647569095105f,-0.09598453024014374f,0.23392024214278484f,0.5378905302103438f,0.8099105492743603f,2.5345609227622274f,-0.1438422794155089f,0.8430013321767627f,-0.5183224407651612f,0.048864017890442285f,0f,0f,0f,1f], start_interpolation: 0, interpolation_duration: 1 }
$data merge entity $(bone_chest3) { transformation: [-0.9615564044653915f,0.004746731321534969f,0.27456647569095105f,-0.09672620700913358f,0.23392024214278484f,0.5378905302103438f,0.8099105492743603f,2.450515527416861f,-0.1438422794155089f,0.8430013321767627f,-0.5183224407651612f,-0.08285494026217688f,0f,0f,0f,1f], start_interpolation: 0, interpolation_duration: 1 }
$data merge entity $(bone_hugeasssword2) { transformation: [-1.0753853631228925f,2.789217311914231f,-2.5306305312069504f,-0.9994260911894688f,-3.172149651324578f,0.7478071371529769f,2.1722174967075025f,3.7619066709623024f,2.030096226330215f,2.6460024660454873f,2.053693754993377f,1.4579492633864857f,0f,0f,0f,1f], start_interpolation: 0, interpolation_duration: 1 }
$data merge entity $(bone_belt) { transformation: [-0.9615564044653915f,0.004746731321534969f,0.27456647569095105f,0.0999778226405192f,0.23392024214278484f,0.5378905302103438f,0.8099105492743603f,2.3072505481012335f,-0.1438422794155089f,0.8430013321767627f,-0.5183224407651612f,0.5310190000906678f,0f,0f,0f,1f], start_interpolation: 0, interpolation_duration: 1 }
$data merge entity $(bone_torn_part) { transformation: [-0.9615564044653915f,-0.11105031126575603f,0.25115156658752336f,-0.027883741253868534f,0.23392024214278484f,0.14783252145311293f,0.9609510216013488f,2.1730255605508697f,-0.1438422794155089f,0.9827580444690309f,-0.11617239209019065f,0.309196452009274f,0f,0f,0f,1f], start_interpolation: 0, interpolation_duration: 1 }
$data merge entity $(bone_lowerbody) { transformation: [-0.9615564044653915f,0.0763676413040586f,0.2637750260984597f,-0.0083639990308884f,0.23392024214278484f,0.7309336917723932f,0.6411062771084378f,1.7031250000000004f,-0.1438422794155089f,0.6781621646727536f,-0.7206979097089957f,0.09345782369215432f,0f,0f,0f,1f], start_interpolation: 0, interpolation_duration: 1 }
$data merge entity $(bone_leftfoot) { transformation: [-0.9459968539383963f,-0.29143389659386604f,0.14197266023700514f,0.29043112061900567f,-0.281991223305459f,0.9558139035269531f,0.08307064345037535f,0.10773844117824805f,-0.1599090438885403f,0.038549523222529775f,-0.9863787467002565f,0.547993816653057f,0f,0f,0f,1f], start_interpolation: 0, interpolation_duration: 1 }
$data merge entity $(bone_leftlowerleg) { transformation: [-0.9459968539383963f,-0.316826902765583f,0.06863429188550085f,-0.07159408330974314f,-0.281991223305459f,0.9086775353935518f,0.30787349130737346f,1.068499167012616f,-0.1599090438885403f,0.271893086258309f,-0.9489484956137424f,0.9954269939222518f,0f,0f,0f,1f], start_interpolation: 0, interpolation_duration: 1 }
$data merge entity $(bone_leftleg) { transformation: [-0.948171188242612f,0.1289900170670495f,0.29040140027836525f,0.035770187162080025f,-0.16752505414215946f,0.5736567357664635f,-0.8017813328735164f,1.5357207712791658f,-0.27001250715709374f,-0.8088754694060194f,-0.5223157292021102f,0.27528986210383183f,0f,0f,0f,1f], start_interpolation: 0, interpolation_duration: 1 }
$data merge entity $(bone_rightfoot) { transformation: [-0.5584669725862936f,-0.042059455084693775f,0.8284598015403514f,-0.2849162108273767f,0.18264414137174823f,0.9679703269394122f,0.17226306565071964f,0.1477385207326406f,-0.8091697956256625f,0.2475165618757378f,-0.532897544978711f,-0.28803675104499743f,0f,0f,0f,1f], start_interpolation: 0, interpolation_duration: 1 }
$data merge entity $(bone_rightlowerleg) { transformation: [-0.5584669725862936f,-0.36201394067079096f,0.746364888838097f,-0.8012011260826204f,0.18264414137174823f,0.824005490243849f,0.5363357807107139f,0.9794639652347499f,-0.8091697956256625f,0.4358449940150732f,-0.39406012617254743f,0.2560244035638343f,0f,0f,0f,1f], start_interpolation: 0, interpolation_duration: 1 }
$data merge entity $(bone_rightleg) { transformation: [-0.6131916682363926f,0.5508224277330989f,0.566207233362207f,-0.3081300879326815f,0.0530959744090115f,0.7438967976490077f,-0.6661819360723532f,1.6517317117824004f,-0.7881476990431597f,-0.3784338879563591f,-0.4853977718729315f,-0.06485750941078428f,0f,0f,0f,1f], start_interpolation: 0, interpolation_duration: 1 }
$data merge entity $(bone_sack_top) { transformation: [0.06731434301133868f,-0.03420784176798695f,-0.31736742761683645f,-0.33815588132599056f,0.28086919247421f,-0.49803176069546534f,0.0644042728861301f,1.438976179478401f,-0.14812122302516686f,-0.9599195438950296f,-0.02210489286368889f,1.9050603420787278f,0f,0f,0f,1f], start_interpolation: 0, interpolation_duration: 1 }
$data merge entity $(bone_sack_main) { transformation: [0.12762984864566906f,-0.031019763997773196f,-0.7244783782693567f,-0.33815588132599056f,0.532535725984527f,-0.4516165557871124f,0.14702045362542215f,1.438976179478401f,-0.28084191912456247f,-0.8704576544299826f,-0.05046049323321807f,1.9050603420787278f,0f,0f,0f,1f], start_interpolation: 0, interpolation_duration: 1 }
data modify entity @s data merge value {"locators":{"lefthand":{"posx":-0.3548028513591644,"posy":1.3268305765248656,"posz":1.6665909443251428,"roty":355.86960847852737,"rotx":-39.9031066623726},"righthand":{"posx":-0.596735742941104,"posy":1.3970528982993888,"posz":1.6369480423015204,"roty":355.1141979878239,"rotx":-53.187567821362585},"chest":{"posx":-0.40522227418259676,"posy":1.8774753183719612,"posz":0.3957294159189286,"roty":27.911125109894925,"rotx":54.087192760122186},"sack":{"posx":-0.36500764344968123,"posy":1.1936998541188077,"posz":1.5759491012483346,"roty":273.98426190592227,"rotx":11.444425158448114}},"cameras":{}}