# This file was generated by Animated Java via MC-Build. It is not recommended to edit this file directly.
$data merge entity $(bone_nose) { transformation: [-0.9803182893257857f,0.015455023086980255f,0.19681766657174296f,0.06167040588039262f,0.12363439431046219f,0.825297624604618f,0.5509976110342586f,3.8255418325163664f,-0.15391747190247776f,0.564486468467895f,-0.8109651279554467f,0.3415413233560406f,0f,0f,0f,1f], start_interpolation: 0, interpolation_duration: 1 }
$data merge entity $(bone_glowing_eye) { transformation: [-0.9803182893257857f,0.015455023086980255f,0.19681766657174296f,-0.06669102513634201f,0.12363439431046219f,0.825297624604618f,0.5509976110342586f,3.8776480805235596f,-0.15391747190247776f,0.564486468467895f,-0.8109651279554467f,0.3888210947292741f,0f,0f,0f,1f], start_interpolation: 0, interpolation_duration: 1 }
$data merge entity $(bone_head) { transformation: [-0.9803182893257857f,0.015455023086980255f,0.19681766657174296f,0.09661716008045118f,0.12363439431046219f,0.825297624604618f,0.5509976110342586f,3.8268137185394853f,-0.15391747190247776f,0.564486468467895f,-0.8109651279554467f,0.11998302321454189f,0f,0f,0f,1f], start_interpolation: 0, interpolation_duration: 1 }
$data merge entity $(bone_leftthumb2) { transformation: [-0.48943916869648896f,0.842168803228785f,0.2262763951760893f,-0.5332719429435814f,-0.5171514348360604f,-0.07138759462094357f,-0.8529116043185481f,3.162321423082356f,-0.7021422174977755f,-0.534467509024105f,0.4704686899304504f,1.0219870438673062f,0f,0f,0f,1f], start_interpolation: 0, interpolation_duration: 1 }
$data merge entity $(bone_leftthumb) { transformation: [-0.48943916869648896f,0.842168803228785f,0.2262763951760893f,-0.30739934517698536f,-0.5171514348360604f,-0.07138759462094357f,-0.8529116043185481f,3.071926457482477f,-0.7021422174977755f,-0.534467509024105f,0.4704686899304504f,0.9311179738551937f,0f,0f,0f,1f], start_interpolation: 0, interpolation_duration: 1 }
$data merge entity $(bone_leftpointerfinger) { transformation: [-0.747961069932396f,0.6239817552234197f,0.2262763951760893f,-0.5195968686363728f,-0.4615473918003607f,-0.24395860374466108f,-0.8529116043185481f,3.1119337187002363f,-0.4769992064855765f,-0.7423819561433693f,0.4704686899304504f,1.2053401501330372f,0f,0f,0f,1f], start_interpolation: 0, interpolation_duration: 1 }
$data merge entity $(bone_leftmidfinger) { transformation: [-0.48943916869648896f,0.842168803228785f,0.2262763951760893f,-0.48424118189010884f,-0.5171514348360604f,-0.07138759462094357f,-0.8529116043185481f,2.9786662805254633f,-0.7021422174977755f,-0.534467509024105f,0.4704686899304504f,1.27885088293467f,0f,0f,0f,1f], start_interpolation: 0, interpolation_duration: 1 }
$data merge entity $(bone_leftringfinger) { transformation: [-0.12989878211763373f,0.9653627812332883f,0.2262763951760893f,-0.4488854951438449f,-0.505104475591711f,0.13195174859009204f,-0.8529116043185481f,2.84539884235069f,-0.8532266844992471f,-0.22508539857917798f,0.4704686899304504f,1.352361615736303f,0f,0f,0f,1f], start_interpolation: 0, interpolation_duration: 1 }
$data merge entity $(bone_invisibility) { transformation: [0.8586853839626204f,-0.1520154976134215f,0.48943916869648896f,-0.5263256372630688f,-0.14545208764338663f,0.8434441793309051f,0.5171514348360601f,3.0338132941417637f,-0.4914296506817095f,-0.5152603272503705f,0.7021422174977755f,1.000528953992366f,0f,0f,0f,1f], start_interpolation: 0, interpolation_duration: 1 }
$data merge entity $(bone_swiftness) { transformation: [0.2262763951760892f,0.842168803228785f,0.489439168696489f,-0.6234342021263993f,-0.8529116043185482f,-0.07138759462094357f,0.5171514348360602f,2.856624590484875f,0.4704686899304502f,-0.534467509024105f,0.7021422174977756f,1.1245479923336905f,0f,0f,0f,1f], start_interpolation: 0, interpolation_duration: 1 }
$data merge entity $(bone_suspicious_stew) { transformation: [0.8588926811678546f,0.15083985674212222f,0.4894391686964892f,-0.5233754758189014f,-0.42515515253835295f,0.7428307274992694f,0.5171514348360605f,2.8772386618298924f,-0.2855634054047963f,-0.6522651668615471f,0.7021422174977755f,1.1137949978398305f,0f,0f,0f,1f], start_interpolation: 0, interpolation_duration: 1 }
$data merge entity $(bone_log) { transformation: [-0.48943916869648896f,0.842168803228785f,0.2262763951760893f,-0.4533825914567199f,-0.5171514348360604f,-0.07138759462094357f,-0.8529116043185481f,2.7798520340339623f,-0.7021422174977755f,-0.534467509024105f,0.4704686899304504f,1.0032139461618907f,0f,0f,0f,1f], start_interpolation: 0, interpolation_duration: 1 }
$data merge entity $(bone_planks) { transformation: [-0.48943916869648896f,0.842168803228785f,0.2262763951760893f,-0.4992675135220157f,-0.5171514348360604f,-0.07138759462094357f,-0.8529116043185481f,2.7313690870180816f,-0.7021422174977755f,-0.534467509024105f,0.4704686899304504f,0.9373881132714744f,0f,0f,0f,1f], start_interpolation: 0, interpolation_duration: 1 }
$data merge entity $(bone_lefthand) { transformation: [-0.48943916869648896f,0.842168803228785f,0.2262763951760893f,-0.1275517358246543f,-0.5171514348360604f,-0.07138759462094357f,-0.8529116043185481f,2.917946481722696f,-0.7021422174977755f,-0.534467509024105f,0.4704686899304504f,1.030430476719982f,0f,0f,0f,1f], start_interpolation: 0, interpolation_duration: 1 }
$data merge entity $(bone_leftforearm) { transformation: [-0.3411014185139863f,0.9130125791932469f,0.22373612252526662f,0.4960389729620177f,-0.4886183972995814f,0.031123951420547857f,-0.8719422925104388f,2.906203790210668f,-0.8030578336011265f,-0.40674233844396646f,0.435498319180452f,0.6713304304138265f,0f,0f,0f,1f], start_interpolation: 0, interpolation_duration: 1 }
$data merge entity $(bone_leftelbow) { transformation: [-0.3411014185139863f,0.9130125791932469f,0.22373612252526662f,0.6672288315607515f,-0.4886183972995814f,0.031123951420547857f,-0.8719422925104388f,2.9120395311020206f,-0.8030578336011265f,-0.40674233844396646f,0.435498319180452f,0.5950662419555828f,0f,0f,0f,1f], start_interpolation: 0, interpolation_duration: 1 }
$data merge entity $(bone_leftarm) { transformation: [-0.7120892145929544f,0.6650771966021589f,0.22494726719878652f,0.8135673822307294f,0.1836517414208928f,0.48568970554489777f,-0.8546212891104362f,3.286688087490532f,-0.6776437030870002f,-0.5672546451881407f,-0.4679969862926616f,0.18228756853851397f,0f,0f,0f,1f], start_interpolation: 0, interpolation_duration: 1 }
$data merge entity $(bone_rightthumb2) { transformation: [-0.15221885783157957f,-0.9368419443778634f,-0.31489139488838597f,-0.4217111290416233f,0.500530395104243f,0.20165471979379535f,-0.8419053970379785f,3.004081768515069f,0.8522316251449717f,-0.2857665922377735f,0.4382222174463204f,1.0864151754516063f,0f,0f,0f,1f], start_interpolation: 0, interpolation_duration: 1 }
$data merge entity $(bone_rightthumb) { transformation: [-0.15221885783157957f,-0.9368419443778634f,-0.31489139488838597f,-0.6783744209643857f,0.500530395104243f,0.20165471979379535f,-0.8419053970379785f,2.981588945666726f,0.8522316251449717f,-0.2857665922377735f,0.4382222174463204f,1.053782437102153f,0f,0f,0f,1f], start_interpolation: 0, interpolation_duration: 1 }
$data merge entity $(bone_rightpointerfinger) { transformation: [-0.7516198792017857f,-0.6041252091630192f,-0.26476459136831576f,-0.5479528642836875f,0.3334537024572463f,-0.001687813681902621f,-0.9427649651968031f,2.9647612456774874f,0.5691012084912904f,-0.7968876225282416f,0.2027163820588738f,1.3770984093971441f,0f,0f,0f,1f], start_interpolation: 0, interpolation_duration: 1 }
$data merge entity $(bone_rightmidfinger) { transformation: [-0.8240438301172057f,-0.5008507534219495f,-0.26476459136831576f,-0.5893223316849868f,0.33038065591423277f,-0.045197816265301186f,-0.9427649651968031f,2.817454219865487f,0.46021776176441426f,-0.8643527521802157f,0.2027163820588738f,1.4087728440938432f,0f,0f,0f,1f], start_interpolation: 0, interpolation_duration: 1 }
$data merge entity $(bone_rightringfinger) { transformation: [-0.8645601139781895f,-0.42712471302371213f,-0.26476459136831576f,-0.6306917990862861f,0.32518420852665747f,-0.07382039638448132f,-0.9427649651968031f,2.670147194053486f,0.3831331881251103f,-0.9011742498551816f,0.2027163820588738f,1.4404472787905422f,0f,0f,0f,1f], start_interpolation: 0, interpolation_duration: 1 }
$data merge entity $(bone_hugeasssword) { transformation: [-2.7264181328522943f,-2.6137260834843876f,-1.0369946495259035f,-0.5358343111156336f,1.3016333263163122f,0.10724230510099762f,-3.692496113687479f,2.7494710265115896f,2.4925233452175974f,-2.9149979118839453f,0.7939724963972558f,1.085387835239105f,0f,0f,0f,1f], start_interpolation: 0, interpolation_duration: 1 }
$data merge entity $(bone_ice) { transformation: [-0.69610675732399f,-0.6673343191875032f,-0.26476459136831576f,-0.5145305442951416f,0.33233191310203714f,0.027381014068339815f,-0.9427649651968031f,2.7438505120245527f,0.6363889392044929f,-0.7442547860129222f,0.2027163820588738f,1.0870732390954867f,0f,0f,0f,1f], start_interpolation: 0, interpolation_duration: 1 }
$data merge entity $(bone_righthand) { transformation: [-0.69610675732399f,-0.6673343191875032f,-0.26476459136831576f,-0.8636647069032747f,0.33233191310203714f,0.027381014068339815f,-0.9427649651968031f,2.8043173386547466f,0.6363889392044929f,-0.7442547860129222f,0.2027163820588738f,1.0664416643327193f,0f,0f,0f,1f], start_interpolation: 0, interpolation_duration: 1 }
$data merge entity $(bone_rightforearm) { transformation: [-0.6302457291888636f,-0.4647303214587285f,-0.6219453747364507f,-1.1413199596243822f,0.5213363904650157f,0.34029108986528256f,-0.782566509719913f,3.0232285885265835f,0.5753248550307088f,-0.8174519572887233f,0.027813822260321808f,0.4552783624518488f,0f,0f,0f,1f], start_interpolation: 0, interpolation_duration: 1 }
$data merge entity $(bone_rightelbow) { transformation: [-0.6302457291888636f,-0.4647303214587285f,-0.6219453747364507f,-1.2284568948978938f,0.5213363904650157f,0.34029108986528256f,-0.782566509719913f,3.087033167876324f,0.5753248550307088f,-0.8174519572887233f,0.027813822260321808f,0.30200612046021313f,0f,0f,0f,1f], start_interpolation: 0, interpolation_duration: 1 }
$data merge entity $(bone_rightarm) { transformation: [-0.8872233939445964f,0.3895601535863038f,-0.24713869785051218f,-0.7919753376982952f,0.44417446806704175f,0.576535740708514f,-0.6857955829567915f,3.344146459443751f,-0.1246743404024739f,-0.7182265843196702f,-0.6845486706010813f,0.029222531245832503f,0f,0f,0f,1f], start_interpolation: 0, interpolation_duration: 1 }
$data merge entity $(bone_chest) { transformation: [-1.068761487129244f,0.040251221723303185f,0.1724524105084623f,0.08292933715312709f,0.06670781009056136f,1.0687742275751868f,0.16395984159267596f,3.1915258802052224f,-0.16404286882799668f,0.1723734339506969f,-1.056876741898428f,-0.06451973177453167f,0f,0f,0f,1f], start_interpolation: 0, interpolation_duration: 1 }
$data merge entity $(bone_chest1lid) { transformation: [-0.986549065042379f,0.10961317596370154f,0.12126786020689129f,-0.3415914657681806f,0.061576440083595106f,0.9364073962621544f,-0.34547001353542117f,2.479060125018576f,-0.15142418661045848f,-0.3333558757254524f,-0.9305614304432983f,0.15679644021458564f,0f,0f,0f,1f], start_interpolation: 0, interpolation_duration: 1 }
$data merge entity $(bone_chest1) { transformation: [-0.986549065042379f,0.03715497389843371f,0.15918684046934983f,-0.3473969304398109f,0.061576440083595106f,0.9865608254540187f,0.15134754608554704f,2.3249099960413857f,-0.15142418661045848f,0.15911393903141255f,-0.9755785309831643f,0.13193488724092742f,0f,0f,0f,1f], start_interpolation: 0, interpolation_duration: 1 }
$data merge entity $(bone_chest1lid3) { transformation: [-0.986549065042379f,0.03715497389843371f,0.15918684046934983f,-0.17795307952735476f,0.061576440083595106f,0.9865608254540187f,0.15134754608554704f,2.5721686192244047f,-0.15142418661045848f,0.15911393903141255f,-0.9755785309831643f,-0.4587195445333503f,0f,0f,0f,1f], start_interpolation: 0, interpolation_duration: 1 }
$data merge entity $(bone_chest3) { transformation: [-0.986549065042379f,0.03715497389843371f,0.15918684046934983f,-0.18375854419898502f,0.061576440083595106f,0.9865608254540187f,0.15134754608554704f,2.4180184902472144f,-0.15142418661045848f,0.15911393903141255f,-0.9755785309831643f,-0.4835810975070085f,0f,0f,0f,1f], start_interpolation: 0, interpolation_duration: 1 }
$data merge entity $(bone_hugeasssword2) { transformation: [-0.6234817918382878f,2.9471420650280944f,-2.50317835592389f,-1.0472658796383016f,-0.5927778888350591f,2.4326883499605993f,3.0117967302346296f,4.452194991017515f,3.8210159130173937f,0.8582883072055046f,0.05879074723066915f,-0.3249228118538886f,0f,0f,0f,1f], start_interpolation: 0, interpolation_duration: 1 }
$data merge entity $(bone_belt) { transformation: [-0.986549065042379f,0.03715497389843371f,0.15918684046934983f,0.07888937438260102f,0.061576440083595106f,0.9865608254540187f,0.15134754608554704f,2.7767651180453323f,-0.15142418661045848f,0.15911393903141255f,-0.9755785309831643f,0.004656008960009145f,0f,0f,0f,1f], start_interpolation: 0, interpolation_duration: 1 }
$data merge entity $(bone_torn_part) { transformation: [-0.986549065042379f,-0.05419483988280996f,0.15422017246159506f,-0.05506213035021907f,0.061576440083595106f,0.7507379837260015f,0.6577239708400854f,2.5124380545435283f,-0.15142418661045848f,0.6583732976975104f,-0.7373027306258038f,-0.04541665778320632f,0f,0f,0f,1f], start_interpolation: 0, interpolation_duration: 1 }
$data merge entity $(bone_lowerbody) { transformation: [-0.986549065042379f,0.0576151600840852f,0.15297527771667147f,-0.0083639990308884f,0.061576440083595106f,0.9978754797214867f,0.021280718908067566f,2.0161882426374107f,-0.15142418661045848f,0.030414146364775685f,-0.9880008580007728f,0.09345782369215432f,0f,0f,0f,1f], start_interpolation: 0, interpolation_duration: 1 }
$data merge entity $(bone_leftfoot) { transformation: [-0.9416938755169095f,-0.25787267689424015f,0.21613497478506705f,0.2798634554626648f,-0.2454709341345277f,0.9658560379854734f,0.08286214082514434f,0.16071406437145863f,-0.2301231524837625f,0.02497591636762489f,-0.9728409624869485f,0.5636083439849647f,0f,0f,0f,1f], start_interpolation: 0, interpolation_duration: 1 }
$data merge entity $(bone_leftlowerleg) { transformation: [-0.9416938755169095f,-0.2757287977659067f,0.19283743126403252f,-0.05565180720884477f,-0.2454709341345277f,0.9549587527317517f,0.16672672574047465f,1.194504598702647f,-0.2301231524837625f,0.10966955212630741f,-0.966962214374145f,0.8338425171539865f,0f,0f,0f,1f], start_interpolation: 0, interpolation_duration: 1 }
$data merge entity $(bone_leftleg) { transformation: [-0.9471504264621643f,0.11011701923288275f,0.30129771278223294f,0.035770187162080025f,-0.10457885063452747f,0.7819323836409716f,-0.6145282836562606f,1.848784013916576f,-0.30326446157191117f,-0.6135600944396671f,-0.7290916793234479f,0.27528986210383183f,0f,0f,0f,1f], start_interpolation: 0, interpolation_duration: 1 }
$data merge entity $(bone_rightfoot) { transformation: [-0.5946050838227955f,0.038006360146770446f,0.8031191137561602f,-0.2776331900488039f,0.17215297969629284f,0.9817345405800574f,0.08099779882041114f,0.19906538900339177f,-0.7853713426614024f,0.18642105144124138f,-0.5902872569400156f,-0.3379055961833665f,0f,0f,0f,1f], start_interpolation: 0, interpolation_duration: 1 }
$data merge entity $(bone_rightlowerleg) { transformation: [-0.5946050838227955f,-0.20525526529099253f,0.7773770451733255f,-0.6247788319473075f,0.17215297969629284f,0.9119403646338458f,0.3724622436344072f,1.1535220368069536f,-0.7853713426614024f,0.35529571827115075f,-0.5069090714363012f,0.13413495237269152f,0f,0f,0f,1f], start_interpolation: 0, interpolation_duration: 1 }
$data merge entity $(bone_rightleg) { transformation: [-0.6210695494640052f,0.3550836874471469f,0.6987046512207532f,-0.3081300879326815f,0.033393313594557064f,0.9026620659584219f,-0.4290525390751689f,1.9647949544198107f,-0.7830437416490558f,-0.2431394036116124f,-0.5724733435502795f,-0.06485750941078428f,0f,0f,0f,1f], start_interpolation: 0, interpolation_duration: 1 }
$data merge entity $(bone_sack_top) { transformation: [0.010550330600436983f,0.1781283240676811f,-0.2538767860229939f,-0.5284407939862765f,0.1292061874075999f,0.7308432103645449f,0.05151994027232869f,2.71711388925489f,0.22497745798662075f,-0.42808189928911267f,-0.0176827095004889f,1.2090311681257582f,0f,0f,0f,1f], start_interpolation: 0, interpolation_duration: 1 }
$data merge entity $(bone_sack_main) { transformation: [0.012180683191753357f,0.08276302403960967f,-0.3323830702370416f,-0.5284407939862765f,0.14917254205864416f,0.3395686480809417f,0.06745144443649385f,2.71711388925489f,0.25974343788881127f,-0.19889791647242452f,-0.023150731368364964f,1.2090311681257582f,0f,0f,0f,1f], start_interpolation: 0, interpolation_duration: 1 }
data modify entity @s data merge value {"locators":{"lefthand":{"posx":-0.4768276758182994,"posy":2.8472388806970814,"posz":1.1034439799146523,"roty":154.31432914746523,"rotx":-58.52977800128651},"righthand":{"posx":-0.565226507316831,"posy":2.7893095031142505,"posz":1.15519623970769,"roty":232.56061097647506,"rotx":-70.52120460914911},"chest":{"posx":-0.399616253742743,"posy":2.3956762831044456,"posz":0.29455395865966494,"roty":9.267379604718371,"rotx":8.705026897929876},"sack":{"posx":-0.4638406580026538,"posy":2.9642621374316778,"posz":1.001630152145128,"roty":273.9842596922002,"rotx":11.44442594398821}},"cameras":{}}