# This file was generated by Animated Java via MC-Build. It is not recommended to edit this file directly.
$data merge entity $(bone_nose) { transformation: [-0.9774544707502121f,0.0075279287655137805f,0.21101205628808023f,0.05803362259941497f,0.1293422518630524f,0.8112599117827668f,0.570199910046654f,3.8212333300359083f,-0.1668931978644346f,0.5846372258270242f,-0.7939433069708842f,0.3408420548151649f,0f,0f,0f,1f], start_interpolation: 0, interpolation_duration: 1 }
$data merge entity $(bone_glowing_eye) { transformation: [-0.9774544707502121f,0.0075279287655137805f,0.21101205628808023f,-0.0710018818892228f,0.1293422518630524f,0.8112599117827668f,0.570199910046654f,3.872432516797245f,-0.1668931978644346f,0.5846372258270242f,-0.7939433069708842f,0.38727024335937593f,0f,0f,0f,1f], start_interpolation: 0, interpolation_duration: 1 }
$data merge entity $(bone_head) { transformation: [-0.9774544707502121f,0.0075279287655137805f,0.21101205628808023f,0.09661716008045118f,0.1293422518630524f,0.8112599117827668f,0.570199910046654f,3.827834275471983f,-0.1668931978644346f,0.5846372258270242f,-0.7939433069708842f,0.11998302321454189f,0f,0f,0f,1f], start_interpolation: 0, interpolation_duration: 1 }
$data merge entity $(bone_leftthumb2) { transformation: [-0.3653230301835043f,0.8873619806109525f,0.28129663877079963f,-0.5659823734720492f,-0.6147148851844163f,-0.003041148752814353f,-0.7887435333154711f,3.020023443342639f,-0.6990455589947288f,-0.461063408633206f,0.5465856197058947f,0.8926918806099239f,0f,0f,0f,1f], start_interpolation: 0, interpolation_duration: 1 }
$data merge entity $(bone_leftthumb) { transformation: [-0.3653230301835043f,0.8873619806109525f,0.28129663877079963f,-0.324324595434312f,-0.6147148851844163f,-0.003041148752814353f,-0.7887435333154711f,2.95187357392132f,-0.6990455589947288f,-0.461063408633206f,0.5465856197058947f,0.8263293782142114f,0f,0f,0f,1f], start_interpolation: 0, interpolation_duration: 1 }
$data merge entity $(bone_leftpointerfinger) { transformation: [-0.6467870274568939f,0.7088996700025507f,0.28129663877079963f,-0.5623472589535788f,-0.5766029073627407f,-0.21310261817692794f,-0.7887435333154711f,2.9831335382987203f,-0.49919498027755654f,-0.6723455450855709f,0.5465856197058947f,1.0796951181107444f,0f,0f,0f,1f], start_interpolation: 0, interpolation_duration: 1 }
$data merge entity $(bone_leftmidfinger) { transformation: [-0.3653230301835043f,0.8873619806109525f,0.28129663877079963f,-0.5183946591456414f,-0.6147148851844163f,-0.003041148752814353f,-0.7887435333154711f,2.8598923612181784f,-0.6990455589947288f,-0.461063408633206f,0.5465856197058947f,1.1650991211897903f,0f,0f,0f,1f], start_interpolation: 0, interpolation_duration: 1 }
$data merge entity $(bone_leftringfinger) { transformation: [0.002064258148940845f,0.959618642927775f,0.28129663877079963f,-0.47444205933770395f,-0.5690862979949677f,0.23243154710023708f,-0.7887435333154711f,2.736651184137636f,-0.8222752120018444f,-0.15845389253043107f,0.5465856197058947f,1.2505031242688365f,0f,0f,0f,1f], start_interpolation: 0, interpolation_duration: 1 }
$data merge entity $(bone_invisibility) { transformation: [0.9085019178573096f,-0.2028875276283188f,0.36532303018350437f,-0.5425806304452504f,-0.07177310474718421f,0.7854770724646646f,0.614714885184416f,2.8921901070979117f,-0.4116708475038516f,-0.5846900202373975f,0.6990455589947288f,0.8811144648641667f,0f,0f,0f,1f], start_interpolation: 0, interpolation_duration: 1 }
$data merge entity $(bone_swiftness) { transformation: [0.2812966387707996f,0.8873619806109525f,0.36532303018350437f,-0.6290284621302975f,-0.7887435333154712f,-0.003041148752814353f,0.6147148851844161f,2.7126962452573564f,0.5465856197058946f,-0.461063408633206f,0.6990455589947289f,1.0096265573031613f,0f,0f,0f,1f], start_interpolation: 0, interpolation_duration: 1 }
$data merge entity $(bone_suspicious_stew) { transformation: [0.9231041694587879f,0.1200740435953736f,0.3653230301835045f,-0.5314326035168639f,-0.3360936378052144f,0.7135591612190036f,0.6147148851844164f,2.744443248449049f,-0.18686829306936734f,-0.6902286197305126f,0.6990455589947289f,1.0052116158387034f,0f,0f,0f,1f], start_interpolation: 0, interpolation_duration: 1 }
$data merge entity $(bone_log) { transformation: [-0.3653230301835043f,0.8873619806109525f,0.28129663877079963f,-0.44157561007781715f,-0.6147148851844163f,-0.003041148752814353f,-0.7887435333154711f,2.6494612312447456f,-0.6990455589947288f,-0.461063408633206f,0.5465856197058947f,0.9076643695275107f,0f,0f,0f,1f], start_interpolation: 0, interpolation_duration: 1 }
$data merge entity $(bone_planks) { transformation: [-0.3653230301835043f,0.8873619806109525f,0.28129663877079963f,-0.4758246441575207f,-0.6147148851844163f,-0.003041148752814353f,-0.7887435333154711f,2.5918317107587066f,-0.6990455589947288f,-0.461063408633206f,0.5465856197058947f,0.8421288483717548f,0f,0f,0f,1f], start_interpolation: 0, interpolation_duration: 1 }
$data merge entity $(bone_lefthand) { transformation: [-0.3653230301835043f,0.8873619806109525f,0.28129663877079963f,-0.1371948773407904f,-0.6147148851844163f,-0.003041148752814353f,-0.7887435333154711f,2.8270279007687544f,-0.6990455589947288f,-0.461063408633206f,0.5465856197058947f,0.9500791065020822f,0f,0f,0f,1f], start_interpolation: 0, interpolation_duration: 1 }
$data merge entity $(bone_leftforearm) { transformation: [-0.21314650442922245f,0.9348494993120315f,0.2839453843358738f,0.5120276012477923f,-0.5749409388187712f,0.11496111834600425f,-0.8100783037082443f,2.8677948571237084f,-0.7899439755576302f,-0.3359171845926903f,0.5129796882679926f,0.6421759809724048f,0f,0f,0f,1f], start_interpolation: 0, interpolation_duration: 1 }
$data merge entity $(bone_leftelbow) { transformation: [-0.21314650442922245f,0.9348494993120315f,0.2839453843358738f,0.6873118823687983f,-0.5749409388187712f,0.11496111834600425f,-0.8100783037082443f,2.8893500668135843f,-0.7899439755576302f,-0.3359171845926903f,0.5129796882679926f,0.5791915088612754f,0f,0f,0f,1f], start_interpolation: 0, interpolation_duration: 1 }
$data merge entity $(bone_leftarm) { transformation: [-0.7196169839893168f,0.6383808664687767f,0.2731689324954306f,0.8135673822307294f,0.1708018766251811f,0.5440558430003751f,-0.8214803458625581f,3.28770864442303f,-0.6730364888291241f,-0.5444934425901979f,-0.5005484748561714f,0.18228756853851397f,0f,0f,0f,1f], start_interpolation: 0, interpolation_duration: 1 }
$data merge entity $(bone_rightthumb2) { transformation: [-0.11754308933854399f,-0.9505894817179179f,-0.28733823169917866f,-0.40017288965773495f,0.41100826851301364f,0.21683181991740424f,-0.8854694602781291f,2.9208271437965654f,0.9040220270340128f,-0.22217920496429489f,0.36521305496757384f,0.994696500044358f,0f,0f,0f,1f], start_interpolation: 0, interpolation_duration: 1 }
$data merge entity $(bone_rightthumb) { transformation: [-0.11754308933854399f,-0.9505894817179179f,-0.28733823169917866f,-0.657853037563374f,0.41100826851301364f,0.21683181991740424f,-0.8854694602781291f,2.898333514990941f,0.9040220270340128f,-0.22217920496429489f,0.36521305496757384f,0.9714189110157933f,0f,0f,0f,1f], start_interpolation: 0, interpolation_duration: 1 }
$data merge entity $(bone_rightpointerfinger) { transformation: [-0.7277584706009695f,-0.6397631035313334f,-0.24712502873746667f,-0.5126981940954203f,0.26514507160879347f,0.06985755831048823f,-0.9616745876586658f,2.851061578821831f,0.632507469892732f,-0.7653908105712092f,0.1187906041025203f,1.2853004290183947f,0f,0f,0f,1f], start_interpolation: 0, interpolation_duration: 1 }
$data merge entity $(bone_rightmidfinger) { transformation: [-0.8050382378254222f,-0.5392982994692685f,-0.24712502873746667f,-0.5513114798356494f,0.2719949598491875f,0.03465154063204617f,-0.9616745876586658f,2.700799924500165f,0.5271927327416204f,-0.841401577679398f,0.1187906041025203f,1.3038614609094135f,0f,0f,0f,1f], start_interpolation: 0, interpolation_duration: 1 }
$data merge entity $(bone_rightringfinger) { transformation: [-0.8489777681356002f,-0.46708240106323934f,-0.24712502873746667f,-0.5899247655758786f,0.27398001767057445f,0.010813758309079699f,-0.9616745876586658f,2.550538270178498f,0.4518536257780015f,-0.8841476648435099f,0.1187906041025203f,1.3224224928004322f,0f,0f,0f,1f], start_interpolation: 0, interpolation_duration: 1 }
$data merge entity $(bone_hugeasssword) { transformation: [-2.621151230613457f,-2.7446313554568182f,-0.9679063625550779f,-0.5120271593753627f,1.0106865397912623f,0.3630775257114143f,-3.7665588016631077f,2.6661120074501383f,2.729167771009342f,-2.7704604690816863f,0.4652631994015379f,0.973234726582463f,0f,0f,0f,1f], start_interpolation: 0, interpolation_duration: 1 }
$data merge entity $(bone_ice) { transformation: [-0.669230101433223f,-0.700756941818762f,-0.24712502873746667f,-0.4906211118245504f,0.2580476271807478f,0.09270064486248875f,-0.9616745876586658f,2.6606315656994624f,0.6968087925981298f,-0.707351609127239f,0.1187906041025203f,0.9733994580907303f,0f,0f,0f,1f], start_interpolation: 0, interpolation_duration: 1 }
$data merge entity $(bone_righthand) { transformation: [-0.669230101433223f,-0.700756941818762f,-0.24712502873746667f,-0.8408405297855925f,0.2580476271807478f,0.09270064486248875f,-0.9616745876586658f,2.7182663028459384f,0.6968087925981298f,-0.707351609127239f,0.1187906041025203f,0.9744759603366567f,0f,0f,0f,1f], start_interpolation: 0, interpolation_duration: 1 }
$data merge entity $(bone_rightforearm) { transformation: [-0.607849575403061f,-0.5044004205415743f,-0.6132691981828217f,-1.147924145794589f,0.453047540394233f,0.4139826738699868f,-0.7895354785430432f,2.9933688909883682f,0.6521248498754315f,-0.757758907234312f,-0.023121822635918277f,0.4012802040490029f,0f,0f,0f,1f], start_interpolation: 0, interpolation_duration: 1 }
$data merge entity $(bone_rightelbow) { transformation: [-0.607849575403061f,-0.5044004205415743f,-0.6132691981828217f,-1.2424992246461342f,0.453047540394233f,0.4139826738699868f,-0.7895354785430432f,3.0709906423389906f,0.6521248498754315f,-0.757758907234312f,-0.023121822635918277f,0.2592004089425694f,0f,0f,0f,1f], start_interpolation: 0, interpolation_duration: 1 }
$data merge entity $(bone_rightarm) { transformation: [-0.8770208884436156f,0.4265446383809288f,-0.22111995093625877f,-0.7919753376982952f,0.4636723016436047f,0.6308546232643372f,-0.622117706703911f,3.345167016376249f,-0.12586642889227012f,-0.6481374204399047f,-0.7510496164058758f,0.029222531245832503f,0f,0f,0f,1f], start_interpolation: 0, interpolation_duration: 1 }
$data merge entity $(bone_chest) { transformation: [-1.068761487129244f,0.040251221723303185f,0.1724524105084623f,0.08292933715312709f,0.06670781009056136f,1.0687742275751868f,0.16395984159267596f,3.19254643713772f,-0.16404286882799668f,0.1723734339506969f,-1.056876741898428f,-0.06451973177453167f,0f,0f,0f,1f], start_interpolation: 0, interpolation_duration: 1 }
$data merge entity $(bone_chest1lid) { transformation: [-0.986549065042379f,0.14823354018710352f,0.06890398992515519f,-0.3415914657681806f,0.061576440083595106f,0.7274686696276058f,-0.6833722826811699f,2.4800806819510735f,-0.15142418661045848f,-0.6699374241478375f,-0.7268112295744482f,0.15679644021458564f,0f,0f,0f,1f], start_interpolation: 0, interpolation_duration: 1 }
$data merge entity $(bone_chest1) { transformation: [-0.986549065042379f,0.03715497389843371f,0.15918684046934983f,-0.3473969304398109f,0.061576440083595106f,0.9865608254540187f,0.15134754608554704f,2.325930552973883f,-0.15142418661045848f,0.15911393903141255f,-0.9755785309831643f,0.13193488724092742f,0f,0f,0f,1f], start_interpolation: 0, interpolation_duration: 1 }
$data merge entity $(bone_chest1lid3) { transformation: [-0.986549065042379f,0.03715497389843371f,0.15918684046934983f,-0.17795307952735476f,0.061576440083595106f,0.9865608254540187f,0.15134754608554704f,2.573189176156902f,-0.15142418661045848f,0.15911393903141255f,-0.9755785309831643f,-0.4587195445333503f,0f,0f,0f,1f], start_interpolation: 0, interpolation_duration: 1 }
$data merge entity $(bone_chest3) { transformation: [-0.986549065042379f,0.03715497389843371f,0.15918684046934983f,-0.18375854419898502f,0.061576440083595106f,0.9865608254540187f,0.15134754608554704f,2.419039047179712f,-0.15142418661045848f,0.15911393903141255f,-0.9755785309831643f,-0.4835810975070085f,0f,0f,0f,1f], start_interpolation: 0, interpolation_duration: 1 }
$data merge entity $(bone_hugeasssword2) { transformation: [-0.6234817918382878f,2.9471420650280944f,-2.50317835592389f,-1.0472658796383016f,-0.5927778888350591f,2.4326883499605993f,3.0117967302346296f,4.453215547950013f,3.8210159130173937f,0.8582883072055046f,0.05879074723066915f,-0.3249228118538886f,0f,0f,0f,1f], start_interpolation: 0, interpolation_duration: 1 }
$data merge entity $(bone_belt) { transformation: [-0.986549065042379f,0.03715497389843371f,0.15918684046934983f,0.07888937438260102f,0.061576440083595106f,0.9865608254540187f,0.15134754608554704f,2.77778567497783f,-0.15142418661045848f,0.15911393903141255f,-0.9755785309831643f,0.004656008960009145f,0f,0f,0f,1f], start_interpolation: 0, interpolation_duration: 1 }
$data merge entity $(bone_torn_part) { transformation: [-0.986549065042379f,-0.05419483988280996f,0.15422017246159506f,-0.05506213035021907f,0.061576440083595106f,0.7507379837260015f,0.6577239708400854f,2.513458611476026f,-0.15142418661045848f,0.6583732976975104f,-0.7373027306258038f,-0.04541665778320632f,0f,0f,0f,1f], start_interpolation: 0, interpolation_duration: 1 }
$data merge entity $(bone_lowerbody) { transformation: [-0.986549065042379f,0.0576151600840852f,0.15297527771667147f,-0.0083639990308884f,0.061576440083595106f,0.9978754797214867f,0.021280718908067566f,2.017208799569908f,-0.15142418661045848f,0.030414146364775685f,-0.9880008580007728f,0.09345782369215432f,0f,0f,0f,1f], start_interpolation: 0, interpolation_duration: 1 }
$data merge entity $(bone_leftfoot) { transformation: [-0.9416938755169095f,-0.25787267689424015f,0.21613497478506705f,0.2798634554626648f,-0.2454709341345277f,0.9658560379854734f,0.08286214082514434f,0.1617346213039561f,-0.2301231524837625f,0.02497591636762489f,-0.9728409624869485f,0.5636083439849647f,0f,0f,0f,1f], start_interpolation: 0, interpolation_duration: 1 }
$data merge entity $(bone_leftlowerleg) { transformation: [-0.9416938755169095f,-0.2757287977659067f,0.19283743126403252f,-0.05565180720884477f,-0.2454709341345277f,0.9549587527317517f,0.16672672574047465f,1.1955251556351445f,-0.2301231524837625f,0.10966955212630741f,-0.966962214374145f,0.8338425171539865f,0f,0f,0f,1f], start_interpolation: 0, interpolation_duration: 1 }
$data merge entity $(bone_leftleg) { transformation: [-0.9471504264621643f,0.11011701923288275f,0.30129771278223294f,0.035770187162080025f,-0.10457885063452747f,0.7819323836409716f,-0.6145282836562606f,1.8498045708490736f,-0.30326446157191117f,-0.6135600944396671f,-0.7290916793234479f,0.27528986210383183f,0f,0f,0f,1f], start_interpolation: 0, interpolation_duration: 1 }
$data merge entity $(bone_rightfoot) { transformation: [-0.5946050838227955f,0.038006360146770446f,0.8031191137561602f,-0.2776331900488039f,0.17215297969629284f,0.9817345405800574f,0.08099779882041114f,0.20008594593588924f,-0.7853713426614024f,0.18642105144124138f,-0.5902872569400156f,-0.3379055961833665f,0f,0f,0f,1f], start_interpolation: 0, interpolation_duration: 1 }
$data merge entity $(bone_rightlowerleg) { transformation: [-0.5946050838227955f,-0.20525526529099253f,0.7773770451733255f,-0.6247788319473075f,0.17215297969629284f,0.9119403646338458f,0.3724622436344072f,1.1545425937394511f,-0.7853713426614024f,0.35529571827115075f,-0.5069090714363012f,0.13413495237269152f,0f,0f,0f,1f], start_interpolation: 0, interpolation_duration: 1 }
$data merge entity $(bone_rightleg) { transformation: [-0.6210695494640052f,0.3550836874471469f,0.6987046512207532f,-0.3081300879326815f,0.033393313594557064f,0.9026620659584219f,-0.4290525390751689f,1.9658155113523081f,-0.7830437416490558f,-0.2431394036116124f,-0.5724733435502795f,-0.06485750941078428f,0f,0f,0f,1f], start_interpolation: 0, interpolation_duration: 1 }
$data merge entity $(bone_sack_top) { transformation: [0.008141704777594152f,0.13746187508347935f,-0.19591706838059134f,-0.5131145311873906f,0.09970859427548273f,0.5639927204983327f,0.039758009463628584f,2.6148890716237494f,0.17361541679696657f,-0.33035139623960114f,-0.013645771480846013f,1.0613184840702972f,0f,0f,0f,1f], start_interpolation: 0, interpolation_duration: 1 }
$data merge entity $(bone_sack_main) { transformation: [0.008446326384919102f,0.05395612375725685f,-0.22390522100639015f,-0.5131145311873906f,0.10343918793885114f,0.2213767345085292f,0.04543772510128982f,2.6148890716237494f,0.18011123171113877f,-0.1296685412450679f,-0.015595167406681161f,1.0613184840702972f,0f,0f,0f,1f], start_interpolation: 0, interpolation_duration: 1 }
data modify entity @s data merge value {"locators":{"lefthand":{"posx":-0.481046990714138,"posy":2.7196524591851525,"posz":1.0006800691748312,"roty":152.76768712581625,"rotx":-52.06824728482845},"righthand":{"posx":-0.538550778043974,"posy":2.698401248603848,"posz":1.0479215481003161,"roty":244.3268577961816,"rotx":-74.08605175638405},"chest":{"posx":-0.399616253742743,"posy":2.396696840036943,"posz":0.29455395865966494,"roty":9.267379604718371,"rotx":8.705026897929876},"sack":{"posx":-0.463262516526418,"posy":2.805613718003232,"posz":0.9012668319810787,"roty":273.9842596922002,"rotx":11.44442594398821}},"cameras":{}}