# This file was generated by Animated Java via MC-Build. It is not recommended to edit this file directly.
$data merge entity $(bone_nose) { transformation: [-0.9934675056536316f,0.0533377490758576f,0.10088309934707637f,0.08431227388763542f,0.0877746436367631f,0.9221040715894551f,0.3768550027432147f,3.8514426517054936f,-0.07292411908820341f,0.3832481776625558f,-0.9207621338725541f,0.3397226239200641f,0f,0f,0f,1f], start_interpolation: 0, interpolation_duration: 1 }
$data merge entity $(bone_glowing_eye) { transformation: [-0.9934675056536316f,0.0533377490758576f,0.10088309934707637f,-0.03978014414107506f,0.0877746436367631f,0.9221040715894551f,0.3768550027432147f,3.911697829047176f,-0.07292411908820341f,0.3832481776625558f,-0.9207621338725541f,0.38868669469105377f,0f,0f,0f,1f], start_interpolation: 0, interpolation_duration: 1 }
$data merge entity $(bone_head) { transformation: [-0.9934675056536316f,0.0533377490758576f,0.10088309934707637f,0.09661716008045118f,0.0877746436367631f,0.9221040715894551f,0.3768550027432147f,3.8081521060595325f,-0.07292411908820341f,0.3832481776625558f,-0.9207621338725541f,0.11998302321454189f,0f,0f,0f,1f], start_interpolation: 0, interpolation_duration: 1 }
$data merge entity $(bone_leftthumb2) { transformation: [-0.03942569816501427f,0.918325666242271f,0.393857315591434f,-0.5054901805718374f,-0.7074437306582372f,0.25271233242151087f,-0.6600453355599417f,2.563049119488781f,-0.7056691733925731f,-0.3046546368640547f,0.6397003751450159f,0.6118671455342513f,0f,0f,0f,1f], start_interpolation: 0, interpolation_duration: 1 }
$data merge entity $(bone_leftthumb) { transformation: [-0.03942569816501427f,0.918325666242271f,0.393857315591434f,-0.24661963682126226f,-0.7074437306582372f,0.25271233242151087f,-0.6600453355599417f,2.56861909940905f,-0.7056691733925731f,-0.3046546368640547f,0.6397003751450159f,0.5918200755620735f,0f,0f,0f,1f], start_interpolation: 0, interpolation_duration: 1 }
$data merge entity $(bone_leftpointerfinger) { transformation: [-0.3511339136228181f,0.8494594691090523f,0.393857315591434f,-0.5251709986518606f,-0.7512123614757684f,-0.00448809219648677f,-0.6600453355599417f,2.5321348982696144f,-0.5589140923880191f,-0.5276347859735967f,0.6397003751450159f,0.7989533992078268f,0f,0f,0f,1f], start_interpolation: 0, interpolation_duration: 1 }
$data merge entity $(bone_leftmidfinger) { transformation: [-0.03942569816501427f,0.918325666242271f,0.393857315591434f,-0.463630793090699f,-0.7074437306582372f,0.25271233242151087f,-0.6600453355599417f,2.4290028145883733f,-0.7056691733925731f,-0.3046546368640547f,0.6397003751450159f,0.8989065828242356f,0f,0f,0f,1f], start_interpolation: 0, interpolation_duration: 1 }
$data merge entity $(bone_leftringfinger) { transformation: [0.3150034223969256f,0.8635098487182029f,0.393857315591434f,-0.4020905875295374f,-0.5568839603865215f,0.5042027465908806f,-0.6600453355599417f,2.3258707309071323f,-0.768539588142633f,-0.011416282095253139f,0.6397003751450159f,0.9988597664406443f,0f,0f,0f,1f], start_interpolation: 0, interpolation_duration: 1 }
$data merge entity $(bone_invisibility) { transformation: [0.9491580867090903f,-0.31232121407125063f,0.0394256981650144f,-0.4444294884247846f,0.1942239442328537f,0.6795589948186909f,0.707443730658237f,2.4477560268660454f,-0.24774177266131808f,-0.6638185232441701f,0.7056691733925731f,0.6133281915664316f,0f,0f,0f,1f], start_interpolation: 0, interpolation_duration: 1 }
$data merge entity $(bone_swiftness) { transformation: [0.393857315591434f,0.918325666242271f,0.03942569816501436f,-0.4969914472719527f,-0.6600453355599418f,0.25271233242151087f,0.7074437306582371f,2.252930131863735f,0.6397003751450158f,-0.3046546368640547f,0.7056691733925732f,0.7377739350180601f,0f,0f,0f,1f], start_interpolation: 0, interpolation_duration: 1 }
$data merge entity $(bone_suspicious_stew) { transformation: [0.9987369964400998f,0.03114524467731017f,0.03942569816501438f,-0.41362775735649715f,-0.04991205763058951f,0.7050050740636107f,0.7074437306582373f,2.312151635866298f,-0.005761809168055576f,-0.7085180444269249f,0.7056691733925732f,0.7475526980091247f,0f,0f,0f,1f], start_interpolation: 0, interpolation_duration: 1 }
$data merge entity $(bone_log) { transformation: [-0.03942569816501427f,0.918325666242271f,0.393857315591434f,-0.2840711466108349f,-0.7074437306582372f,0.25271233242151087f,-0.6600453355599417f,2.246478202565405f,-0.7056691733925731f,-0.3046546368640547f,0.6397003751450159f,0.6733003384804868f,0f,0f,0f,1f], start_interpolation: 0, interpolation_duration: 1 }
$data merge entity $(bone_planks) { transformation: [-0.03942569816501427f,0.918325666242271f,0.393857315591434f,-0.287767305813805f,-0.7074437306582372f,0.25271233242151087f,-0.6600453355599417f,2.180155352816195f,-0.7056691733925731f,-0.3046546368640547f,0.6397003751450159f,0.6071438534749329f,0f,0f,0f,1f], start_interpolation: 0, interpolation_duration: 1 }
$data merge entity $(bone_lefthand) { transformation: [-0.03942569816501427f,0.918325666242271f,0.393857315591434f,-0.05694134662124595f,-0.7074437306582372f,0.25271233242151087f,-0.6600453355599417f,2.50714363507159f,-0.7056691733925731f,-0.3046546368640547f,0.6397003751450159f,0.7535633358893346f,0f,0f,0f,1f], start_interpolation: 0, interpolation_duration: 1 }
$data merge entity $(bone_leftforearm) { transformation: [0.10854303513912034f,0.9062428361064698f,0.40858577010034214f,0.5971881021625742f,-0.6258386487399399f,0.3816341961294818f,-0.6802068259639644f,2.733588636287289f,-0.7723628650227524f,-0.18187705284148986f,0.608585525939896f,0.5566028530398771f,0f,0f,0f,1f], start_interpolation: 0, interpolation_duration: 1 }
$data merge entity $(bone_leftelbow) { transformation: [0.10854303513912034f,0.9062428361064698f,0.40858577010034214f,0.7671086339325373f,-0.6258386487399399f,0.3816341961294818f,-0.6802068259639644f,2.805145048061567f,-0.7723628650227524f,-0.18187705284148986f,0.608585525939896f,0.5225009056320977f,0f,0f,0f,1f], start_interpolation: 0, interpolation_duration: 1 }
$data merge entity $(bone_leftarm) { transformation: [-0.7576225729862891f,0.522636342487319f,0.39097223739430964f,0.8135673822307294f,0.13441645442764563f,0.7111096794532651f,-0.6901124839958885f,3.268026475010579f,-0.638702006949043f,-0.4702916938447375f,-0.6090036691350161f,0.18228756853851397f,0f,0f,0f,1f], start_interpolation: 0, interpolation_duration: 1 }
$data merge entity $(bone_rightthumb2) { transformation: [-0.12702180858601247f,-0.9696911189467653f,-0.2087213309159085f,-0.39381043229519913f,0.14060733573951414f,0.19069796121366217f,-0.9715265640862261f,2.7336234194736253f,0.9818834132827453f,-0.15275281151167847f,0.1121228847983484f,0.7855238121882633f,0f,0f,0f,1f], start_interpolation: 0, interpolation_duration: 1 }
$data merge entity $(bone_rightthumb) { transformation: [-0.12702180858601247f,-0.9696911189467653f,-0.2087213309159085f,-0.6494567096702475f,0.14060733573951414f,0.19069796121366217f,-0.9715265640862261f,2.6973664328761684f,0.9818834132827453f,-0.15275281151167847f,0.1121228847983484f,0.7576440722387653f,0f,0f,0f,1f], start_interpolation: 0, interpolation_duration: 1 }
$data merge entity $(bone_rightpointerfinger) { transformation: [-0.7305077495644658f,-0.6617305943745535f,-0.16873366082367602f,-0.4934581425265818f,0.02435148218921893f,0.2216839700367439f,-0.974814455547278f,2.57905241769695f,0.6824700968844333f,-0.7162184289010218f,-0.14582773728308515f,1.046594609072139f,0f,0f,0f,1f], start_interpolation: 0, interpolation_duration: 1 }
$data merge entity $(bone_rightmidfinger) { transformation: [-0.810631329258658f,-0.5607190024685996f,-0.16873366082367602f,-0.5198227770302812f,0.053078716368457166f,0.21660892669680232f,-0.974814455547278f,2.4267376590176877f,0.5831462062750798f,-0.7991713040055167f,-0.14582773728308515f,1.023809025121657f,0f,0f,0f,1f], start_interpolation: 0, interpolation_duration: 1 }
$data merge entity $(bone_rightringfinger) { transformation: [-0.856416513447416f,-0.48793412178245166f,-0.16873366082367602f,-0.5461874115339805f,0.07175544771980542f,0.21115854938551287f,-0.974814455547278f,2.2744229003384255f,0.5112747903203346f,-0.8469547566557458f,-0.14582773728308515f,1.001023441171175f,0f,0f,0f,1f], start_interpolation: 0, interpolation_duration: 1 }
$data merge entity $(bone_hugeasssword) { transformation: [-2.6243794418530024f,-2.8312817827775274f,-0.6608735048927311f,-0.4860382258057363f,0.01933966333644604f,0.8732708378856539f,-3.818023284226839f,2.4859468474486217f,2.9073245949462088f,-2.5615462689532613f,-0.5711586376920835f,0.6960691542195858f,0f,0f,0f,1f], start_interpolation: 0, interpolation_duration: 1 }
$data merge entity $(bone_ice) { transformation: [-0.67005432557949f,-0.722880455177241f,-0.16873366082367602f,-0.4642736198564124f,0.004937786383773457f,0.2229627671197414f,-0.974814455547278f,2.482385901300129f,0.7422956412628617f,-0.6540118133497688f,-0.14582773728308515f,0.6946897194084437f,0f,0f,0f,1f], start_interpolation: 0, interpolation_duration: 1 }
$data merge entity $(bone_righthand) { transformation: [-0.67005432557949f,-0.722880455177241f,-0.16873366082367602f,-0.817780241946335f,0.004937786383773457f,0.2229627671197414f,-0.974814455547278f,2.5088980879401555f,0.7422956412628617f,-0.6540118133497688f,-0.14582773728308515f,0.7122035595966205f,0f,0f,0f,1f], start_interpolation: 0, interpolation_duration: 1 }
$data merge entity $(bone_rightforearm) { transformation: [-0.6251089925695598f,-0.5533523819491849f,-0.5504905892018801f,-1.1591854080124788f,0.2090815557623607f,0.5607877803864298f,-0.8011254386232234f,2.9026519837677043f,0.7520130653443867f,-0.6158881446824778f,-0.23485770753993718f,0.23582604296304066f,0f,0f,0f,1f], start_interpolation: 0, interpolation_duration: 1 }
$data merge entity $(bone_rightelbow) { transformation: [-0.6251089925695598f,-0.5533523819491849f,-0.5504905892018801f,-1.262938979627951f,0.2090815557623607f,0.5607877803864298f,-0.8011254386232234f,3.00779969259016f,0.7520130653443867f,-0.6158881446824778f,-0.23485770753993718f,0.1203470158350761f,0f,0f,0f,1f], start_interpolation: 0, interpolation_duration: 1 }
$data merge entity $(bone_rightarm) { transformation: [-0.8625372428754002f,0.4956351153797985f,-0.10185939846354991f,-0.7919753376982952f,0.489630140723349f,0.7667766323641408f,-0.4151095293480271f,3.325484846963798f,-0.12763945294514528f,-0.4079208605388559f,-0.9040512936714947f,0.029222531245832503f,0f,0f,0f,1f], start_interpolation: 0, interpolation_duration: 1 }
$data merge entity $(bone_chest) { transformation: [-1.068761487129244f,0.040251221723303185f,0.1724524105084623f,0.08292933715312709f,0.06670781009056136f,1.0687742275751868f,0.16395984159267596f,3.172864267725269f,-0.16404286882799668f,0.1723734339506969f,-1.056876741898428f,-0.06451973177453167f,0f,0f,0f,1f], start_interpolation: 0, interpolation_duration: 1 }
$data merge entity $(bone_chest1lid) { transformation: [-0.986549065042379f,0.14823354018710347f,0.06890398992515533f,-0.3415914657681806f,0.061576440083595106f,0.7274686696276065f,-0.6833722826811691f,2.4603985125386227f,-0.15142418661045848f,-0.6699374241478367f,-0.7268112295744489f,0.15679644021458564f,0f,0f,0f,1f], start_interpolation: 0, interpolation_duration: 1 }
$data merge entity $(bone_chest1) { transformation: [-0.986549065042379f,0.03715497389843371f,0.15918684046934983f,-0.3473969304398109f,0.061576440083595106f,0.9865608254540187f,0.15134754608554704f,2.3062483835614325f,-0.15142418661045848f,0.15911393903141255f,-0.9755785309831643f,0.13193488724092742f,0f,0f,0f,1f], start_interpolation: 0, interpolation_duration: 1 }
$data merge entity $(bone_chest1lid3) { transformation: [-0.986549065042379f,0.03715497389843371f,0.15918684046934983f,-0.17795307952735476f,0.061576440083595106f,0.9865608254540187f,0.15134754608554704f,2.5535070067444514f,-0.15142418661045848f,0.15911393903141255f,-0.9755785309831643f,-0.4587195445333503f,0f,0f,0f,1f], start_interpolation: 0, interpolation_duration: 1 }
$data merge entity $(bone_chest3) { transformation: [-0.986549065042379f,0.03715497389843371f,0.15918684046934983f,-0.18375854419898502f,0.061576440083595106f,0.9865608254540187f,0.15134754608554704f,2.399356877767261f,-0.15142418661045848f,0.15911393903141255f,-0.9755785309831643f,-0.4835810975070085f,0f,0f,0f,1f], start_interpolation: 0, interpolation_duration: 1 }
$data merge entity $(bone_hugeasssword2) { transformation: [-0.6234817918382878f,2.9471420650280944f,-2.50317835592389f,-1.0472658796383016f,-0.5927778888350591f,2.4326883499605993f,3.0117967302346296f,4.433533378537562f,3.8210159130173937f,0.8582883072055046f,0.05879074723066915f,-0.3249228118538886f,0f,0f,0f,1f], start_interpolation: 0, interpolation_duration: 1 }
$data merge entity $(bone_belt) { transformation: [-0.986549065042379f,0.03715497389843371f,0.15918684046934983f,0.07888937438260102f,0.061576440083595106f,0.9865608254540187f,0.15134754608554704f,2.758103505565379f,-0.15142418661045848f,0.15911393903141255f,-0.9755785309831643f,0.004656008960009145f,0f,0f,0f,1f], start_interpolation: 0, interpolation_duration: 1 }
$data merge entity $(bone_torn_part) { transformation: [-0.986549065042379f,-0.05419483988280996f,0.15422017246159506f,-0.05506213035021907f,0.061576440083595106f,0.7507379837260015f,0.6577239708400854f,2.493776442063575f,-0.15142418661045848f,0.6583732976975104f,-0.7373027306258038f,-0.04541665778320632f,0f,0f,0f,1f], start_interpolation: 0, interpolation_duration: 1 }
$data merge entity $(bone_lowerbody) { transformation: [-0.986549065042379f,0.0576151600840852f,0.15297527771667147f,-0.0083639990308884f,0.061576440083595106f,0.9978754797214867f,0.021280718908067566f,1.9975266301574575f,-0.15142418661045848f,0.030414146364775685f,-0.9880008580007728f,0.09345782369215432f,0f,0f,0f,1f], start_interpolation: 0, interpolation_duration: 1 }
$data merge entity $(bone_leftfoot) { transformation: [-0.9416938755169095f,-0.25787267689424015f,0.21613497478506705f,0.2798634554626648f,-0.2454709341345277f,0.9658560379854734f,0.08286214082514434f,0.1420524518915054f,-0.2301231524837625f,0.02497591636762489f,-0.9728409624869485f,0.5636083439849647f,0f,0f,0f,1f], start_interpolation: 0, interpolation_duration: 1 }
$data merge entity $(bone_leftlowerleg) { transformation: [-0.9416938755169095f,-0.2757287977659067f,0.19283743126403252f,-0.05565180720884477f,-0.2454709341345277f,0.9549587527317517f,0.16672672574047465f,1.1758429862226938f,-0.2301231524837625f,0.10966955212630741f,-0.966962214374145f,0.8338425171539865f,0f,0f,0f,1f], start_interpolation: 0, interpolation_duration: 1 }
$data merge entity $(bone_leftleg) { transformation: [-0.9471504264621643f,0.11011701923288275f,0.30129771278223294f,0.035770187162080025f,-0.10457885063452747f,0.7819323836409716f,-0.6145282836562606f,1.8301224014366229f,-0.30326446157191117f,-0.6135600944396671f,-0.7290916793234479f,0.27528986210383183f,0f,0f,0f,1f], start_interpolation: 0, interpolation_duration: 1 }
$data merge entity $(bone_rightfoot) { transformation: [-0.5946050838227955f,0.038006360146770446f,0.8031191137561602f,-0.2776331900488039f,0.17215297969629284f,0.9817345405800574f,0.08099779882041114f,0.18040377652343853f,-0.7853713426614024f,0.18642105144124138f,-0.5902872569400156f,-0.3379055961833665f,0f,0f,0f,1f], start_interpolation: 0, interpolation_duration: 1 }
$data merge entity $(bone_rightlowerleg) { transformation: [-0.5946050838227955f,-0.20525526529099253f,0.7773770451733255f,-0.6247788319473075f,0.17215297969629284f,0.9119403646338458f,0.3724622436344072f,1.1348604243270004f,-0.7853713426614024f,0.35529571827115075f,-0.5069090714363012f,0.13413495237269152f,0f,0f,0f,1f], start_interpolation: 0, interpolation_duration: 1 }
$data merge entity $(bone_rightleg) { transformation: [-0.6210695494640052f,0.3550836874471469f,0.6987046512207532f,-0.3081300879326815f,0.033393313594557064f,0.9026620659584219f,-0.4290525390751689f,1.9461333419398574f,-0.7830437416490558f,-0.2431394036116124f,-0.5724733435502795f,-0.06485750941078428f,0f,0f,0f,1f], start_interpolation: 0, interpolation_duration: 1 }
$data merge entity $(bone_sack_top) { transformation: [0.0006960287548899379f,0.011751521379465037f,-0.016748815744572466f,-0.6161863589654012f,0.008524019308140245f,0.04821535068377192f,0.003398884948521674f,2.223661513012829f,0.014842262853283963f,-0.02824151418921221f,-0.0011665676406572504f,0.37823292685809035f,0f,0f,0f,1f], start_interpolation: 0, interpolation_duration: 1 }
$data merge entity $(bone_sack_main) { transformation: [0.0005413556982477293f,0.0027420216552085084f,-0.013026856690223026f,-0.6161863589654012f,0.006629792795220188f,0.011250248492880113f,0.002643577182183523f,2.223661513012829f,0.011543982219220855f,-0.006589686644149515f,-0.0009073303871778611f,0.37823292685809035f,0f,0f,0f,1f], start_interpolation: 0, interpolation_duration: 1 }
data modify entity @s data merge value {"locators":{"lefthand":{"posx":-0.3582732006391584,"posy":2.3033711097123084,"posz":0.7532626486294038,"roty":148.37979590050622,"rotx":-41.30333043053492},"righthand":{"posx":-0.5131597423169753,"posy":2.494596501405288,"posz":0.7767774287554753,"roty":310.83515207629983,"rotx":-77.11367632881813},"chest":{"posx":-0.399616253742743,"posy":2.3770146706244923,"posz":0.29455395865966494,"roty":9.267379604718371,"rotx":8.705026897929876},"sack":{"posx":-0.6119245444387039,"posy":2.239966432163381,"posz":0.3645502209427016,"roty":273.9842596922002,"rotx":11.44442594398821}},"cameras":{}}