# This file was generated by Animated Java via MC-Build. It is not recommended to edit this file directly.
$data merge entity $(bone_nose) { transformation: [-0.9906618239321506f,-0.050229931789945795f,0.12675213826915022f,-0.2391405355319009f,-0.040649627558925316f,0.9961966375073158f,0.07707053391821031f,4.522473316117216f,-0.13014130160231635f,0.07119840848990056f,-0.9889358059276447f,1.274150840492664f,0f,0f,0f,1f], start_interpolation: 0, interpolation_duration: 1 }
$data merge entity $(bone_glowing_eye) { transformation: [-0.9906618239321506f,-0.050229931789945795f,0.12675213826915022f,-0.37079733310878327f,-0.040649627558925316f,0.9961966375073158f,0.07707053391821031f,4.582153294679116f,-0.13014130160231635f,0.07119840848990056f,-0.9889358059276447f,1.2972134215669335f,0f,0f,0f,1f], start_interpolation: 0, interpolation_duration: 1 }
$data merge entity $(bone_head) { transformation: [-0.9906618239321506f,-0.050229931789945795f,0.12675213826915022f,-0.20920332887142554f,-0.040649627558925316f,0.9961966375073158f,0.07707053391821031f,4.413897911261159f,-0.13014130160231635f,0.07119840848990056f,-0.9889358059276447f,1.0801763091683765f,0f,0f,0f,1f], start_interpolation: 0, interpolation_duration: 1 }
$data merge entity $(bone_leftthumb2) { transformation: [-0.1730293425648033f,0.07409196217631818f,0.9821258716439836f,0.12427751968056477f,-0.9628289280826787f,-0.22271998960083708f,-0.15282755471237006f,4.103692271263487f,0.2074157705160129f,-0.9720628515549115f,0.10987497789843975f,3.3349923586493615f,0f,0f,0f,1f], start_interpolation: 0, interpolation_duration: 1 }
$data merge entity $(bone_leftthumb) { transformation: [-0.1730293425648033f,0.07409196217631818f,0.9821258716439836f,0.22637803939060622f,-0.9628289280826787f,-0.22271998960083708f,-0.15282755471237006f,4.036011603456971f,0.2074157705160129f,-0.9720628515549115f,0.10987497789843975f,3.105990875700662f,0f,0f,0f,1f], start_interpolation: 0, interpolation_duration: 1 }
$data merge entity $(bone_leftpointerfinger) { transformation: [-0.1730293425648033f,0.07409196217631818f,0.9821258716439836f,0.2670288488778389f,-0.9628289280826787f,-0.22271998960083708f,-0.15282755471237006f,4.207237222426646f,0.2074157705160129f,-0.9720628515549115f,0.10987497789843975f,3.407413288555918f,0f,0f,0f,1f], start_interpolation: 0, interpolation_duration: 1 }
$data merge entity $(bone_leftmidfinger) { transformation: [-0.1730293425648033f,0.07409196217631818f,0.9821258716439836f,0.42048601632221133f,-0.9628289280826787f,-0.22271998960083708f,-0.15282755471237006f,4.183357917002838f,0.2074157705160129f,-0.9720628515549115f,0.10987497789843975f,3.424581253852549f,0f,0f,0f,1f], start_interpolation: 0, interpolation_duration: 1 }
$data merge entity $(bone_leftringfinger) { transformation: [-0.1730293425648033f,0.07409196217631818f,0.9821258716439836f,0.5739431837665838f,-0.9628289280826787f,-0.22271998960083708f,-0.15282755471237006f,4.15947861157903f,0.2074157705160129f,-0.9720628515549115f,0.10987497789843975f,3.4417492191491803f,0f,0f,0f,1f], start_interpolation: 0, interpolation_duration: 1 }
$data merge entity $(bone_invisibility) { transformation: [0.15940792970608475f,-0.971931046195362f,0.17302934256480348f,0.21199822202109858f,-0.23519227184266775f,0.13283467360837756f,0.9628289280826785f,4.007122660633314f,-0.9587876236228251f,-0.19417773026004836f,-0.20741577051601287f,3.3365507780795256f,0f,0f,0f,1f], start_interpolation: 0, interpolation_duration: 1 }
$data merge entity $(bone_swiftness) { transformation: [0.9821258716439836f,0.07409196217631818f,0.1730293425648035f,0.37710161209633986f,-0.15282755471237028f,-0.22271998960083708f,0.9628289280826787f,3.9584803997015765f,0.1098749778984398f,-0.9720628515549115f,-0.20741577051601287f,3.499588911599395f,0f,0f,0f,1f], start_interpolation: 0, interpolation_duration: 1 }
$data merge entity $(bone_suspicious_stew) { transformation: [0.48221445096197185f,-0.8587957090571865f,0.17302934256480332f,0.3926737622273306f,-0.2664405764225839f,0.04438326804957837f,0.962828928082679f,3.9889074936372837f,-0.8345529596850311f,-0.51039206069668f,-0.20741577051601306f,3.402717782602119f,0f,0f,0f,1f], start_interpolation: 0, interpolation_duration: 1 }
$data merge entity $(bone_log) { transformation: [-0.1730293425648033f,0.07409196217631818f,0.9821258716439836f,0.4317509068672318f,-0.9628289280826787f,-0.22271998960083708f,-0.15282755471237006f,3.863638491302286f,0.2074157705160129f,-0.9720628515549115f,0.10987497789843975f,3.305805544232621f,0f,0f,0f,1f], start_interpolation: 0, interpolation_duration: 1 }
$data merge entity $(bone_planks) { transformation: [-0.1730293425648033f,0.07409196217631818f,0.9821258716439836f,0.41552940600178145f,-0.9628289280826787f,-0.22271998960083708f,-0.15282755471237006f,3.7733732792945345f,0.2074157705160129f,-0.9720628515549115f,0.10987497789843975f,3.3252507727184972f,0f,0f,0f,1f], start_interpolation: 0, interpolation_duration: 1 }
$data merge entity $(bone_lefthand1) { transformation: [-0.1730293425648033f,0.07409196217631818f,0.9821258716439836f,0.4628397995636377f,-0.9628289280826787f,-0.22271998960083708f,-0.15282755471237006f,4.053441587007508f,0.2074157705160129f,-0.9720628515549115f,0.10987497789843975f,3.0075022956555637f,0f,0f,0f,1f], start_interpolation: 0, interpolation_duration: 1 }
$data merge entity $(bone_leftforearm) { transformation: [-0.9778440545960991f,0.07409196217631818f,0.1957840290522283f,0.45076133160266413f,-0.20759012114203523f,-0.22271998960083708f,-0.9525240930477495f,3.898750400701913f,-0.026969362159603646f,-0.9720628515549115f,0.2331661770747166f,2.318691796504249f,0f,0f,0f,1f], start_interpolation: 0, interpolation_duration: 1 }
$data merge entity $(bone_leftelbow) { transformation: [-0.9956878229646371f,0.06336481683595158f,0.06775440345311534f,0.462642234759405f,-0.07102878356504488f,-0.05093340168925191f,-0.9961730273891334f,3.8892003878851784f,-0.05967135917013494f,-0.9966898657956281f,0.0552144937048341f,2.1318124466675688f,0f,0f,0f,1f], start_interpolation: 0, interpolation_duration: 1 }
$data merge entity $(bone_leftarm) { transformation: [-0.9956878229646371f,0.06336481683595158f,0.06775440345311534f,0.2744006067959566f,-0.07102878356504488f,-0.05093340168925191f,-0.9961730273891334f,3.8793265477416092f,-0.05967135917013494f,-0.9966898657956281f,0.0552144937048341f,1.6186889510230116f,0f,0f,0f,1f], start_interpolation: 0, interpolation_duration: 1 }
$data merge entity $(bone_rightthumb2) { transformation: [0.6874021041211136f,0.5837211523103207f,-0.43214345256566916f,-0.8757913760393933f,0.055977918520937794f,0.5506596354300363f,0.8328507900855486f,4.496457043086112f,0.7241165789345863f,-0.5966938765008161f,0.34584909694619714f,-0.274983171627605f,0f,0f,0f,1f], start_interpolation: 0, interpolation_duration: 1 }
$data merge entity $(bone_rightthumb) { transformation: [0.6874021041211136f,0.5837211523103207f,-0.43214345256566916f,-0.7695680404415601f,0.055977918520937794f,0.5506596354300363f,0.8328507900855486f,4.702675535121799f,0.7241165789345863f,-0.5966938765008161f,0.34584909694619714f,-0.39176247043307677f,0f,0f,0f,1f], start_interpolation: 0, interpolation_duration: 1 }
$data merge entity $(bone_rightpointerfinger) { transformation: [-0.5325089655149562f,0.4339236831678204f,-0.7267354668875491f,-0.9853413784021537f,0.749463616996578f,0.6407452641698234f,-0.16658269190509994f,4.957668703307624f,0.3933681334889714f,-0.6333685685523209f,-0.6664126108691119f,-0.2905373614980936f,0f,0f,0f,1f], start_interpolation: 0, interpolation_duration: 1 }
$data merge entity $(bone_rightmidfinger) { transformation: [-0.5845916835732825f,0.36070503831342693f,-0.7267354668875491f,-1.0988937951033333f,0.6594178123427687f,0.7330882317448063f,-0.16658269190509994f,4.931640157697451f,0.4726740021008468f,-0.5766051680418602f,-0.6664126108691119f,-0.39466433194639233f,0f,0f,0f,1f], start_interpolation: 0, interpolation_duration: 1 }
$data merge entity $(bone_rightringfinger) { transformation: [-0.5509296201972023f,0.4102829691287492f,-0.7267354668875491f,-1.212446211804513f,0.7208013778204098f,0.6728265604818593f,-0.16658269190509994f,4.90561161208728f,0.4206208831258438f,-0.6156072650262085f,-0.6664126108691119f,-0.49879130239469105f,0f,0f,0f,1f], start_interpolation: 0, interpolation_duration: 1 }
$data merge entity $(bone_hugeasssword) { transformation: [0.6624268466756219f,3.843336076685533f,0.3608826017261329f,-1.0252666894948745f,3.483494733936071f,-0.43738353424777804f,-1.7361560587649822f,4.6060073108814095f,-1.663349899816881f,0.6146065598365771f,-3.4922490840664264f,-0.37011142439553446f,0f,0f,0f,1f], start_interpolation: 0, interpolation_duration: 1 }
$data merge entity $(bone_ice) { transformation: [0.253711837749885f,0.6383461949078351f,-0.7267354668875491f,-1.0392050962551513f,0.8364576756987314f,-0.5221003385579499f,-0.16658269190509994f,4.601095477488585f,-0.48576626081918406f,-0.565619458580026f,-0.6664126108691119f,-0.3536835225299218f,0f,0f,0f,1f], start_interpolation: 0, interpolation_duration: 1 }
$data merge entity $(bone_righthand1) { transformation: [0.253711837749885f,0.6383461949078351f,-0.7267354668875491f,-0.8389010714309573f,0.8364576756987314f,-0.5221003385579499f,-0.16658269190509994f,4.674479102651746f,-0.48576626081918406f,-0.565619458580026f,-0.6664126108691119f,-0.6373553464693841f,0f,0f,0f,1f], start_interpolation: 0, interpolation_duration: 1 }
$data merge entity $(bone_rightforearm) { transformation: [0.9084895949033007f,0.3901487021226162f,0.14976864219346622f,-0.6236984999667219f,0.4140132340297539f,-0.7914309368886833f,-0.44970002688873034f,4.0991549609451665f,-0.056918345027422795f,0.4705539951669083f,-0.8805334971662353f,-0.28918133616021524f,0f,0f,0f,1f], start_interpolation: 0, interpolation_duration: 1 }
$data merge entity $(bone_rightelbow) { transformation: [0.7912022753033456f,0.40733889416709324f,0.45615127408957035f,-0.5473224573103919f,0.5719684451074998f,-0.2288878954303032f,-0.7876943754571282f,4.056238480551984f,-0.21645105071613258f,0.8841297170801444f,-0.41408161758241085f,-0.12340701420768818f,0f,0f,0f,1f], start_interpolation: 0, interpolation_duration: 1 }
$data merge entity $(bone_rightarm) { transformation: [0.7912022753033456f,0.2513186744961978f,0.557528370044326f,-0.612161379348785f,0.5719684451074998f,0.01857000124388701f,-0.8200653954747211f,3.9660324274152474f,-0.21645105071613258f,0.9677262417147094f,-0.12905372424151867f,0.411837702876368f,0f,0f,0f,1f], start_interpolation: 0, interpolation_duration: 1 }
$data merge entity $(bone_chest1) { transformation: [-0.6402947677712022f,-0.13739803366457706f,0.8629921794669061f,-0.06224052561952084f,0.0626209130976275f,1.0598938956043567f,0.21520841622611162f,3.787847190512359f,-0.8716147903281315f,0.17708139799775602f,-0.6184989465435802f,0.9243504764553158f,0f,0f,0f,1f], start_interpolation: 0, interpolation_duration: 1 }
$data merge entity $(bone_chest1lid) { transformation: [-0.5910413240964943f,-0.1268289541519173f,0.7966081656617595f,-0.48908495796127377f,0.0578039197824254f,0.9783635959424831f,0.1986539226702569f,3.061183885176157f,-0.8045674987644291f,0.16345975199792864f,-0.5709221045017664f,0.761345925392287f,0f,0f,0f,1f], start_interpolation: 0, interpolation_duration: 1 }
$data merge entity $(bone_chest2) { transformation: [-0.5910413240964943f,-0.1268289541519173f,0.7966081656617595f,-0.4692679338750367f,0.0578039197824254f,0.9783635959424831f,0.1986539226702569f,2.908314573310144f,-0.8045674987644291f,0.16345975199792864f,-0.5709221045017664f,0.7358053391426106f,0f,0f,0f,1f], start_interpolation: 0, interpolation_duration: 1 }
$data merge entity $(bone_chest1lid3) { transformation: [-0.5910413240964943f,-0.1268289541519173f,0.7966081656617595f,0.05818223092182184f,0.0578039197824254f,0.9783635959424831f,0.1986539226702569f,3.1848338094003887f,-0.8045674987644291f,0.16345975199792864f,-0.5709221045017664f,0.4458844208686197f,0f,0f,0f,1f], start_interpolation: 0, interpolation_duration: 1 }
$data merge entity $(bone_chest3) { transformation: [-0.5910413240964943f,-0.1268289541519173f,0.7966081656617595f,0.07799925500805892f,0.0578039197824254f,0.9783635959424831f,0.1986539226702569f,3.031964497534376f,-0.8045674987644291f,0.16345975199792864f,-0.5709221045017664f,0.4203438346189433f,0f,0f,0f,1f], start_interpolation: 0, interpolation_duration: 1 }
$data merge entity $(bone_hugeasssword2) { transformation: [-3.120048648841892f,1.3711348144707354f,-1.9301718905796859f,-0.7265479127367819f,-0.7780611971251726f,2.421891767415386f,2.9781435187430936f,5.046890018003689f,2.236111575965251f,2.755849663034915f,-1.6569174488677216f,-0.02851071652788617f,0f,0f,0f,1f], start_interpolation: 0, interpolation_duration: 1 }
$data merge entity $(bone_belt) { transformation: [-0.5910413240964943f,-0.1268289541519173f,0.7966081656617595f,-0.09706843390857049f,0.0578039197824254f,0.9783635959424831f,0.1986539226702569f,3.3702799369325147f,-0.8045674987644291f,0.16345975199792864f,-0.5709221045017664f,0.9597439755025745f,0f,0f,0f,1f], start_interpolation: 0, interpolation_duration: 1 }
$data merge entity $(bone_torn_part) { transformation: [-0.5910413240964943f,-0.3275326968762855f,0.737151602919786f,-0.13518925568195414f,0.0578039197824254f,0.894306010421072f,0.44370650951110924f,3.101847940969955f,-0.8045674987644291f,0.30485913501434136f,-0.5096391348103654f,0.8150189328381777f,0f,0f,0f,1f], start_interpolation: 0, interpolation_duration: 1 }
$data merge entity $(bone_lowerbody) { transformation: [-0.5910413240964943f,-0.09070772282334363f,0.8015249604538002f,-0.14589394365463576f,0.0578039197824254f,0.9863399219823854f,0.15424741541292902f,2.592900694105798f,-0.8045674987644291f,0.13749788116180275f,-0.5777243915639748f,0.907694832917039f,0f,0f,0f,1f], start_interpolation: 0, interpolation_duration: 1 }
$data merge entity $(bone_leftfoot) { transformation: [-0.9362035861141162f,-0.09609622919099853f,0.3380656150547399f,0.29673638620828907f,-0.076997982770097f,0.9946066844884842f,0.0694899548147862f,0.5311606522863492f,-0.3429200431535089f,0.03902637449336366f,-0.9385535605907098f,1.0713298225938146f,0f,0f,0f,1f], start_interpolation: 0, interpolation_duration: 1 }
$data merge entity $(bone_leftlowerleg) { transformation: [-0.9362035861141162f,-0.09609622919099853f,0.3380656150547399f,0.13818732923343013f,-0.076997982770097f,0.9946066844884842f,0.0694899548147862f,1.6238756153520217f,-0.3429200431535089f,0.03902637449336366f,-0.9385535605907098f,1.258829355210325f,0f,0f,0f,1f], start_interpolation: 0, interpolation_duration: 1 }
$data merge entity $(bone_leftleg) { transformation: [-0.9362035861141162f,0.05009489646778728f,0.3478697266146483f,0.15309761472760514f,-0.076997982770097f,0.9365099328079378f,-0.34208252864098143f,2.6254197024494426f,-0.3429200431535089f,-0.34704415727678467f,-0.8729067515511848f,0.902110815265746f,0f,0f,0f,1f], start_interpolation: 0, interpolation_duration: 1 }
$data merge entity $(bone_rightfoot) { transformation: [-0.7009941807812436f,-0.14868782928919766f,0.6974948658822511f,-0.30480909213791874f,0.18118947059767898f,0.9088019813851136f,0.37583152392398445f,0.6589158783743992f,-0.6897662895904423f,0.389834436718664f,-0.6101242313602008f,0.105782219084822f,0f,0f,0f,1f], start_interpolation: 0, interpolation_duration: 1 }
$data merge entity $(bone_rightlowerleg) { transformation: [-0.7009941807812436f,-0.14868782928919766f,0.6974948658822511f,-0.576926687358392f,0.18118947059767898f,0.9088019813851136f,0.37583152392398445f,1.6093732070855067f,-0.6897662895904423f,0.389834436718664f,-0.6101242313602008f,0.6319977161745726f,0f,0f,0f,1f], start_interpolation: 0, interpolation_duration: 1 }
$data merge entity $(bone_rightleg) { transformation: [-0.7009941807812436f,0.290242171249903f,0.6514342948747595f,-0.2636028827337978f,0.18118947059767898f,0.9559477661669044f,-0.2309420795460162f,2.6254197024494426f,-0.6897662895904423f,-0.04385601884174639f,-0.7227026465677197f,0.6257764246890041f,0f,0f,0f,1f], start_interpolation: 0, interpolation_duration: 1 }
data modify entity @s data merge value {"locators":{"lefthand":{"posx":0.42683825644322004,"posy":3.973691633039983,"posz":3.360585929494809,"roty":96.38340157515682,"rotx":-8.79082322081505},"righthand":{"posx":-1.0140385290914167,"posy":4.6902740569363255,"posz":-0.37997360839657757,"roty":312.5206601897163,"rotx":-9.589188612344325},"chest":{"posx":-0.6240982155894443,"posy":2.970802857505725,"posz":0.815193535384429,"roty":54.371162030826795,"rotx":11.458255127980575},"sack":{"posx":0,"posy":-0.4375,"posz":0,"roty":0,"rotx":0}},"cameras":{}}