# This file was generated by Animated Java via MC-Build. It is not recommended to edit this file directly.
$data merge entity $(bone_nose) { transformation: [-0.999386264510277f,0.004615922606270423f,0.03472445199981652f,-0.0038096053054021287f,0.0006030617546819228f,0.9934004148825561f,-0.11469634705467123f,4.127045249596528f,-0.035024714484413424f,-0.11460501284698882f,-0.9927935134788235f,0.07028503117386536f,0f,0f,0f,1f], start_interpolation: 0, interpolation_duration: 1 }
$data merge entity $(bone_glowing_eye) { transformation: [-0.999386264510277f,0.004615922606270423f,0.03472445199981652f,-0.12963208435968715f,0.0006030617546819228f,0.9934004148825561f,-0.11469634705467123f,4.198384312497473f,-0.035024714484413424f,-0.11460501284698882f,-0.9927935134788235f,0.09279140147663259f,0f,0f,0f,1f], start_interpolation: 0, interpolation_duration: 1 }
$data merge entity $(bone_head) { transformation: [-0.999386264510277f,0.004615922606270423f,0.03472445199981652f,0.002122762255159388f,0.0006030617546819228f,0.9934004148825561f,-0.11469634705467123f,3.9829058062754044f,-0.035024714484413424f,-0.11460501284698882f,-0.9927935134788235f,-0.10146944934693075f,0f,0f,0f,1f], start_interpolation: 0, interpolation_duration: 1 }
$data merge entity $(bone_leftthumb2) { transformation: [-0.9988378427513854f,-0.006178678199958879f,0.047799454217179224f,0.9525318416830252f,-0.008999504775850488f,0.998215902678849f,-0.0590255923548432f,1.761022505350026f,-0.04734947519823535f,-0.0593871667513448f,-0.9971114238758375f,0.2667783688495118f,0f,0f,0f,1f], start_interpolation: 0, interpolation_duration: 1 }
$data merge entity $(bone_leftthumb) { transformation: [-0.9988378427513854f,-0.006178678199958879f,0.047799454217179224f,0.9551013890533364f,-0.008999504775850488f,0.998215902678849f,-0.0590255923548432f,2.0007832893040796f,-0.04734947519823535f,-0.0593871667513448f,-0.9971114238758375f,0.1670034621016257f,0f,0f,0f,1f], start_interpolation: 0, interpolation_duration: 1 }
$data merge entity $(bone_leftpointerfinger) { transformation: [-0.9988378427513854f,-0.006178678199958879f,0.047799454217179224f,1.068617256305061f,-0.008999504775850488f,0.998215902678849f,-0.0590255923548432f,1.6714611924308076f,-0.04734947519823535f,-0.0593871667513448f,-0.9971114238758375f,0.14492912704753783f,0f,0f,0f,1f], start_interpolation: 0, interpolation_duration: 1 }
$data merge entity $(bone_leftmidfinger) { transformation: [-0.9988378427513854f,-0.006178678199958879f,0.047799454217179224f,1.0760859210264953f,-0.008999504775850488f,0.998215902678849f,-0.0590255923548432f,1.6622384436253632f,-0.04734947519823535f,-0.0593871667513448f,-0.9971114238758375f,-0.010869532933061782f,0f,0f,0f,1f], start_interpolation: 0, interpolation_duration: 1 }
$data merge entity $(bone_leftringfinger) { transformation: [-0.9988378427513854f,-0.006178678199958879f,0.047799454217179224f,1.0835545857479296f,-0.008999504775850488f,0.998215902678849f,-0.0590255923548432f,1.653015694819919f,-0.04734947519823535f,-0.0593871667513448f,-0.9971114238758375f,-0.1666681929136614f,0f,0f,0f,1f], start_interpolation: 0, interpolation_duration: 1 }
$data merge entity $(bone_invisibility) { transformation: [-0.0019891695287833737f,-0.04815607015054918f,0.9988378427513852f,0.8791656349167688f,0.9892729704567281f,0.14580123057611866f,0.008999504775850528f,1.7807981994019235f,-0.14606516740245362f,0.9881411812439277f,0.04734947519823511f,0.16071536108056028f,0f,0f,0f,1f], start_interpolation: 0, interpolation_duration: 1 }
$data merge entity $(bone_swiftness) { transformation: [0.047799454217179f,-0.006178678199958879f,0.9988378427513854f,0.8369421336572082f,-0.0590255923548432f,0.998215902678849f,0.008999504775850474f,1.6340869003871379f,-0.9971114238758375f,-0.0593871667513448f,0.047349475198235125f,-0.020667114995022356f,0f,0f,0f,1f], start_interpolation: 0, interpolation_duration: 1 }
$data merge entity $(bone_suspicious_stew) { transformation: [0.01460113808720211f,-0.04593223981385303f,0.9988378427513857f,0.8884176581231129f,0.8797455525024407f,0.4753596236177037f,0.008999504775850601f,1.7229395303973194f,-0.47522054839698813f,0.8785917468197151f,0.047349475198235354f,-0.02345925745468999f,0f,0f,0f,1f], start_interpolation: 0, interpolation_duration: 1 }
$data merge entity $(bone_log) { transformation: [-0.9988378427513854f,-0.006178678199958879f,0.047799454217179224f,0.796244875006606f,-0.008999504775850488f,0.998215902678849f,-0.0590255923548432f,1.8441059900178063f,-0.04734947519823535f,-0.0593871667513448f,-0.9971114238758375f,-0.08206126459262253f,0f,0f,0f,1f], start_interpolation: 0, interpolation_duration: 1 }
$data merge entity $(bone_planks) { transformation: [-0.9988378427513854f,-0.006178678199958879f,0.047799454217179224f,0.7026038272486635f,-0.008999504775850488f,0.998215902678849f,-0.0590255923548432f,1.8432622864450703f,-0.04734947519823535f,-0.0593871667513448f,-0.9971114238758375f,-0.08650027789245707f,0f,0f,0f,1f], start_interpolation: 0, interpolation_duration: 1 }
$data merge entity $(bone_lefthand1) { transformation: [-0.9988378427513854f,-0.006178678199958879f,0.047799454217179224f,1.0429159332001758f,-0.008999504775850488f,0.998215902678849f,-0.0590255923548432f,2.09775439164257f,-0.04734947519823535f,-0.0593871667513448f,-0.9971114238758375f,-0.05391095548477994f,0f,0f,0f,1f], start_interpolation: 0, interpolation_duration: 1 }
$data merge entity $(bone_leftforearm) { transformation: [-0.9988378427513854f,-0.006178678199958879f,0.047799454217179224f,0.9753973184467247f,-0.008999504775850488f,0.998215902678849f,-0.0590255923548432f,2.7999847540456897f,-0.04734947519823535f,-0.0593871667513448f,-0.9971114238758375f,-0.083047033308649f,0f,0f,0f,1f], start_interpolation: 0, interpolation_duration: 1 }
$data merge entity $(bone_leftelbow) { transformation: [-0.9993793888140272f,-0.006759388020499621f,0.034570910998843185f,0.974129933192881f,-0.006741889605690147f,0.9999770793170699f,0.000622707834469903f,2.9874804564176403f,-0.03457432773383016f,0.0003892481094999005f,-0.9994020534037656f,-0.08297404928811777f,0f,0f,0f,1f], start_interpolation: 0, interpolation_duration: 1 }
$data merge entity $(bone_leftarm) { transformation: [-0.9993793888140272f,-0.006759388020499621f,0.034570910998843185f,0.7510556569108489f,-0.006741889605690147f,0.9999770793170699f,0.000622707834469903f,3.4859747481051033f,-0.03457432773383016f,0.0003892481094999005f,-0.9994020534037656f,-0.0591112452562755f,0f,0f,0f,1f], start_interpolation: 0, interpolation_duration: 1 }
$data merge entity $(bone_rightthumb2) { transformation: [-0.9854762565646142f,-0.02471506700295597f,0.16800509876320494f,-0.9682788259647602f,-0.06847816658908128f,0.9631819580576508f,-0.2599831847886082f,1.8547254740391217f,-0.1553939781587204f,-0.2677119368561458f,-0.9508853928927178f,0.18885619828841016f,0f,0f,0f,1f], start_interpolation: 0, interpolation_duration: 1 }
$data merge entity $(bone_rightthumb) { transformation: [-0.9854762565646142f,-0.02471506700295597f,0.16800509876320494f,-0.9599827150566761f,-0.06847816658908128f,0.9631819580576508f,-0.2599831847886082f,2.0687211123740026f,-0.1553939781587204f,-0.2677119368561458f,-0.9508853928927178f,0.041941565150837384f,0f,0f,0f,1f], start_interpolation: 0, interpolation_duration: 1 }
$data merge entity $(bone_rightpointerfinger) { transformation: [-0.9854762565646142f,-0.02471506700295597f,0.16800509876320494f,-1.0517843102535607f,-0.06847816658908128f,0.9631819580576508f,-0.2599831847886082f,1.733000521128689f,-0.1553939781587204f,-0.2677119368561458f,-0.9508853928927178f,0.06821557527880404f,0f,0f,0f,1f], start_interpolation: 0, interpolation_duration: 1 }
$data merge entity $(bone_rightmidfinger) { transformation: [-0.9854762565646142f,-0.02471506700295597f,0.16800509876320494f,-1.0255335135718098f,-0.06847816658908128f,0.9631819580576508f,-0.2599831847886082f,1.692378148505469f,-0.1553939781587204f,-0.2677119368561458f,-0.9508853928927178f,-0.08036026736068312f,0f,0f,0f,1f], start_interpolation: 0, interpolation_duration: 1 }
$data merge entity $(bone_rightringfinger) { transformation: [-0.9854762565646142f,-0.02471506700295597f,0.16800509876320494f,-0.9992827168900591f,-0.06847816658908128f,0.9631819580576508f,-0.2599831847886082f,1.651755775882249f,-0.1553939781587204f,-0.2677119368561458f,-0.9508853928927178f,-0.22893611000017025f,0f,0f,0f,1f], start_interpolation: 0, interpolation_duration: 1 }
$data merge entity $(bone_hugeasssword) { transformation: [-3.499017885303485f,1.5541172092209143f,-0.8257549976279356f,-0.7714117105749847f,-1.7322487317098856f,-3.3657631692476784f,1.0055995215805786f,1.910276233998476f,-0.3105896772167525f,1.263580534163531f,3.6942084488922893f,-0.07860514482222891f,0f,0f,0f,1f], start_interpolation: 0, interpolation_duration: 1 }
$data merge entity $(bone_ice) { transformation: [-0.9854762565646142f,-0.02471506700295597f,0.16800509876320494f,-0.7556274711442414f,-0.06847816658908128f,0.9631819580576508f,-0.2599831847886082f,1.8962964872567796f,-0.1553939781587204f,-0.2677119368561458f,-0.9508853928927178f,-0.07199411490012164f,0f,0f,0f,1f], start_interpolation: 0, interpolation_duration: 1 }
$data merge entity $(bone_righthand1) { transformation: [-0.9854762565646142f,-0.02471506700295597f,0.16800509876320494f,-1.0029251426997838f,-0.06847816658908128f,0.9631819580576508f,-0.2599831847886082f,2.111847960599278f,-0.1553939781587204f,-0.2677119368561458f,-0.9508853928927178f,-0.20748576218173562f,0f,0f,0f,1f], start_interpolation: 0, interpolation_duration: 1 }
$data merge entity $(bone_rightforearm) { transformation: [-0.9976211265333977f,-0.0073782125398959165f,0.06853940380504212f,-0.9468325561680146f,-0.013420141388772648f,0.9960198760295562f,-0.08811530150417947f,2.8143899963553607f,-0.0676164750585229f,-0.08882549484119538f,-0.993749487429743f,-0.2501878228097037f,0f,0f,0f,1f], start_interpolation: 0, interpolation_duration: 1 }
$data merge entity $(bone_rightelbow) { transformation: [-0.9974469560405967f,-0.007407246184083213f,0.07102606978649734f,-0.9482214148275303f,-0.013861458159745854f,0.9957714190812601f,-0.09081377053387271f,3.001097137433097f,-0.07005305034781584f,-0.09156644388017732f,-0.993331846107888f,-0.26735653103723694f,0f,0f,0f,1f], start_interpolation: 0, interpolation_duration: 1 }
$data merge entity $(bone_rightarm) { transformation: [-0.9974469560405967f,-0.028422367344920256f,0.06551136481449929f,-0.746288307016563f,-0.013861458159745854f,0.9769923089228f,0.21282360837882058f,3.4859747481051033f,-0.07005305034781584f,0.21137217730866661f,-0.9748919800658739f,-0.11588096324226035f,0f,0f,0f,1f], start_interpolation: 0, interpolation_duration: 1 }
$data merge entity $(bone_chest1) { transformation: [-1.0825555573383423f,-0.0011937413092318074f,0.04102622781427711f,0.003617665079327236f,0f,1.0828750292557172f,0.03150844530503733f,3.3289432750854373f,-0.0410435913022037f,0.031485823908977875f,-1.082097582298797f,-0.2022168249734313f,0f,0f,0f,1f], start_interpolation: 0, interpolation_duration: 1 }
$data merge entity $(bone_chest1lid) { transformation: [-0.9992820529277006f,-0.0011019150546755145f,0.037870364136255795f,-0.3516303875647631f,0f,0.9995769500822006f,0.029084718743111384f,2.6344016193267463f,-0.037886391971264956f,0.029063837454441115f,-0.9988593067373511f,0.1558570806928488f,0f,0f,0f,1f], start_interpolation: 0, interpolation_duration: 1 }
$data merge entity $(bone_chest2) { transformation: [-0.9992820529277006f,-0.0011019150546755145f,0.037870364136255795f,-0.35145821333747007f,0f,0.9995769500822006f,0.029084718743111384f,2.4782177208764025f,-0.037886391971264956f,0.029063837454441115f,-0.9988593067373511f,0.15131585609059237f,0f,0f,0f,1f], start_interpolation: 0, interpolation_duration: 1 }
$data merge entity $(bone_chest1lid3) { transformation: [-0.9992820529277006f,-0.0011019150546755145f,0.037870364136255795f,-0.264914557231993f,0f,0.9995769500822006f,0.029084718743111384f,2.653034017271552f,-0.037886391971264956f,0.029063837454441115f,-0.9988593067373511f,-0.4816692631875628f,0f,0f,0f,1f], start_interpolation: 0, interpolation_duration: 1 }
$data merge entity $(bone_chest3) { transformation: [-0.9992820529277006f,-0.0011019150546755145f,0.037870364136255795f,-0.26474238300469993f,0f,0.9995769500822006f,0.029084718743111384f,2.496850118821208f,-0.037886391971264956f,0.029063837454441115f,-0.9988593067373511f,-0.48621048778981923f,0f,0f,0f,1f], start_interpolation: 0, interpolation_duration: 1 }
$data merge entity $(bone_hugeasssword2) { transformation: [-0.14832559286700275f,2.882680640096158f,-2.6473438808536445f,-1.2187951953711367f,-0.11391514841051938f,2.6449422303326275f,2.8864479407991155f,4.4964584677159705f,3.9121989513879587f,0.18630808676933364f,-0.016322969738648958f,-0.4798004568963199f,0f,0f,0f,1f], start_interpolation: 0, interpolation_duration: 1 }
$data merge entity $(bone_belt) { transformation: [-0.9992820529277006f,-0.0011019150546755145f,0.037870364136255795f,0.031105020614418f,0f,0.9995769500822006f,0.029084718743111384f,2.9269745261639244f,-0.037886391971264956f,0.029063837454441115f,-0.9988593067373511f,-0.08182718916962309f,0f,0f,0f,1f], start_interpolation: 0, interpolation_duration: 1 }
$data merge entity $(bone_torn_part) { transformation: [-0.9992820529277006f,-0.011392657788051501f,0.03613289422568692f,-0.09190676783831889f,0f,0.9537169507482269f,0.30070579950427306f,2.64434f,-0.037886391971264956f,0.30048990865589553f,-0.9530322324556348f,-0.09587319547829207f,0f,0f,0f,1f], start_interpolation: 0, interpolation_duration: 1 }
$data merge entity $(bone_lowerbody) { transformation: [-0.9992820529277006f,0f,0.037886391971264956f,0.0003515962719427461f,0f,1f,0f,2.15605875f,-0.037886391971264956f,0f,-0.9992820529277006f,0.04835068618060967f,0f,0f,0f,1f], start_interpolation: 0, interpolation_duration: 1 }
$data merge entity $(bone_leftfoot) { transformation: [-0.9968438694142195f,-0.0525200517857052f,0.05953103536570772f,0.34480322313023004f,-0.032632765606691344f,0.9546864594044505f,0.2958189764681319f,0.23075018211574827f,-0.07236990134126924f,0.2929426708252339f,-0.9533872188096679f,-0.0728571030988997f,0f,0f,0f,1f], start_interpolation: 0, interpolation_duration: 1 }
$data merge entity $(bone_leftlowerleg) { transformation: [-0.9968438694142195f,-0.0525200517857052f,0.05953103536570772f,0.27739210754480204f,-0.032632765606691344f,0.9546864594044505f,0.2958189764681319f,1.2444041814912543f,-0.07236990134126924f,0.2929426708252339f,-0.9533872188096679f,0.39860994744886735f,0f,0f,0f,1f], start_interpolation: 0, interpolation_duration: 1 }
$data merge entity $(bone_leftleg) { transformation: [-0.9968438694142195f,0.008090610508666479f,0.07897367936777008f,0.25278038760468025f,-0.032632765606691344f,0.8651018924399019f,-0.500533533647606f,2.17559f,-0.07236990134126924f,-0.5015309140207584f,-0.8621074989010116f,-0.11407731239216037f,0f,0f,0f,1f], start_interpolation: 0, interpolation_duration: 1 }
$data merge entity $(bone_rightfoot) { transformation: [-0.991490295419204f,0.054698647709781764f,0.11813150311521999f,-0.45660606236352647f,0.04181202928338157f,0.9931690131542428f,-0.10893606160236136f,0.2700645040855867f,-0.123283203627849f,-0.10306973003238618f,-0.9870044997133018f,0.5248320603580711f,0f,0f,0f,1f], start_interpolation: 0, interpolation_duration: 1 }
$data merge entity $(bone_rightlowerleg) { transformation: [-0.991490295419204f,0.054698647709781764f,0.11813150311521999f,-0.41407513868881474f,0.04181202928338157f,0.9931690131542428f,-0.10893606160236136f,1.388598927323508f,-0.123283203627849f,-0.10306973003238618f,-0.9870044997133018f,0.5621380018396552f,0f,0f,0f,1f], start_interpolation: 0, interpolation_duration: 1 }
$data merge entity $(bone_rightleg) { transformation: [-0.985012062015193f,0.1311531946663926f,0.1120271271316779f,-0.24686063885917006f,0.018059395136451002f,0.724336089958882f,-0.6892104809348042f,2.17559f,-0.17153744760804657f,-0.6768574948332018f,-0.7158483329283089f,-0.13302050837779286f,0f,0f,0f,1f], start_interpolation: 0, interpolation_duration: 1 }
data modify entity @s data merge value {"locators":{"lefthand":{"posx":0.8896217655267769,"posy":1.7678863510743017,"posz":-0.05740276289227916,"roty":2.744539799241778,"rotx":-3.383884188666819},"righthand":{"posx":-0.8502547769434279,"posy":1.8788891783067245,"posz":-0.06752171707517568,"roty":10.019771294397287,"rotx":-15.069064392415061},"chest":{"posx":-0.3887063264241265,"posy":2.5673835726429974,"posz":0.3089284077805553,"roty":2.1712499999999864,"rotx":1.6666666666666656},"sack":{"posx":0,"posy":-0.4375,"posz":0,"roty":0,"rotx":0}},"cameras":{}}