# This file was generated by Animated Java via MC-Build. It is not recommended to edit this file directly.
$data merge entity $(bone_nose) { transformation: [-1f,-2.0575028127088332e-17f,1.2072392490384042e-16f,-1.3583233101641456e-17f,0f,0.9857856566309006f,0.16800785452110328f,4.117361203721168f,-1.2246467991473532e-16f,0.16800785452110328f,-0.9857856566309006f,0.1081807801453548f,0f,0f,0f,1f], start_interpolation: 0, interpolation_duration: 1 }
$data merge entity $(bone_glowing_eye) { transformation: [-1f,-2.0575028127088332e-17f,1.2072392490384042e-16f,-0.12500000000000003f,0f,0.9857856566309006f,0.16800785452110328f,4.178244163095117f,-1.2246467991473532e-16f,0.16800785452110328f,-0.9857856566309006f,0.15395588356442214f,0f,0f,0f,1f], start_interpolation: 0, interpolation_duration: 1 }
$data merge entity $(bone_head) { transformation: [-1f,-2.0575028127088332e-17f,1.2072392490384042e-16f,1.1563465632397144e-17f,0f,0.9857856566309006f,0.16800785452110328f,4.027099782218911f,-1.2246467991473532e-16f,0.16800785452110328f,-0.9857856566309006f,-0.0971575978387849f,0f,0f,0f,1f], start_interpolation: 0, interpolation_duration: 1 }
$data merge entity $(bone_leftthumb2) { transformation: [-0.997871157454298f,-0.030912423390550166f,-0.057424517420201535f,1.0160583188745513f,-0.022236805505206226f,0.9890346159610254f,-0.1460001812045134f,1.8471517919212876f,0.0613080549499272f,-0.14441243198198167f,-0.9876165105380255f,0.33970359766439395f,0f,0f,0f,1f], start_interpolation: 0, interpolation_duration: 1 }
$data merge entity $(bone_leftthumb) { transformation: [-0.997871157454298f,-0.030912423390550166f,-0.057424517420201535f,1.0035699231837574f,-0.022236805505206226f,0.9890346159610254f,-0.1460001812045134f,2.0772283032408247f,0.0613080549499272f,-0.14441243198198167f,-0.9876165105380255f,0.2198882938647495f,0f,0f,0f,1f], start_interpolation: 0, interpolation_duration: 1 }
$data merge entity $(bone_leftpointerfinger) { transformation: [-0.997871157454298f,-0.030912423390550166f,-0.057424517420201535f,1.1201634457012735f,-0.022236805505206226f,0.9890346159610254f,-0.1460001812045134f,1.7482897119867835f,0.0613080549499272f,-0.14441243198198167f,-0.9876165105380255f,0.21427353066721902f,0f,0f,0f,1f], start_interpolation: 0, interpolation_duration: 1 }
$data merge entity $(bone_leftmidfinger) { transformation: [-0.997871157454298f,-0.030912423390550166f,-0.057424517420201535f,1.111190864854367f,-0.022236805505206226f,0.9890346159610254f,-0.1460001812045134f,1.7254771836735783f,0.0613080549499272f,-0.14441243198198167f,-0.9876165105380255f,0.05995845089565255f,0f,0f,0f,1f], start_interpolation: 0, interpolation_duration: 1 }
$data merge entity $(bone_leftringfinger) { transformation: [-0.997871157454298f,-0.030912423390550166f,-0.057424517420201535f,1.1022182840074604f,-0.022236805505206226f,0.9890346159610254f,-0.1460001812045134f,1.702664655360373f,0.0613080549499272f,-0.14441243198198167f,-0.9876165105380255f,-0.09435662887591392f,0f,0f,0f,1f], start_interpolation: 0, interpolation_duration: 1 }
$data merge entity $(bone_invisibility) { transformation: [-0.035799668754517046f,0.05451180457374841f,0.9978711574542978f,0.9314760735396325f,0.9725462864154069f,0.23164465299359846f,0.022236805505206247f,1.8568584777379356f,-0.22993934960477685f,0.971271958774466f,-0.061308054949927415f,0.24083669717661443f,0f,0f,0f,1f], start_interpolation: 0, interpolation_duration: 1 }
$data merge entity $(bone_swiftness) { transformation: [-0.05742451742020176f,-0.030912423390550166f,0.997871157454298f,0.872922792069983f,-0.1460001812045134f,0.9890346159610254f,0.022236805505206195f,1.6943933044810937f,-0.9876165105380255f,-0.14441243198198167f,-0.06130805494992742f,0.07840759679034859f,0f,0f,0f,1f], start_interpolation: 0, interpolation_duration: 1 }
$data merge entity $(bone_suspicious_stew) { transformation: [-0.05228481976845359f,0.03898013266524368f,0.9978711574542982f,0.9221579963697767f,0.8346674312998014f,0.5503051913332412f,0.02223680550520634f,1.7831224461389161f,-0.5482668846001661f,0.8340532031286041f,-0.06130805494992723f,0.06242793419989004f,0f,0f,0f,1f], start_interpolation: 0, interpolation_duration: 1 }
$data merge entity $(bone_log) { transformation: [-0.00000997871157454298f,-3.091242339055017e-7f,-5.742451742020154e-7f,0.8220517481805456f,-2.2236805505206228e-7f,0.000009890346159610255f,-0.0000014600018120451342f,1.8978233141239698f,6.130805494992721e-7f,-0.0000014441243198198168f,-0.000009876165105380255f,0.003829486422228079f,0f,0f,0f,1f], start_interpolation: 0, interpolation_duration: 1 }
$data merge entity $(bone_planks) { transformation: [-0.00000997871157454298f,-3.091242339055017e-7f,-5.742451742020154e-7f,0.7285013271692051f,-2.2236805505206228e-7f,0.000009890346159610255f,-0.0000014600018120451342f,1.8957386136078567f,6.130805494992721e-7f,-0.0000014441243198198168f,-0.000009876165105380255f,0.00957711657378374f,0f,0f,0f,1f], start_interpolation: 0, interpolation_duration: 1 }
$data merge entity $(bone_lefthand1) { transformation: [-0.997871157454298f,-0.030912423390550166f,-0.057424517420201535f,1.0655859478658638f,-0.022236805505206226f,0.9890346159610254f,-0.1460001812045134f,2.1552036751531687f,0.0613080549499272f,-0.14441243198198167f,-0.9876165105380255f,-0.016737619356435862f,0f,0f,0f,1f], start_interpolation: 0, interpolation_duration: 1 }
$data merge entity $(bone_leftforearm) { transformation: [-0.997871157454298f,-0.030912423390550166f,-0.057424517420201535f,0.9823809609131803f,-0.022236805505206226f,0.9890346159610254f,-0.1460001812045134f,2.85151009198801f,0.0613080549499272f,-0.14441243198198167f,-0.9876165105380255f,-0.09901434918223963f,0f,0f,0f,1f], start_interpolation: 0, interpolation_duration: 1 }
$data merge entity $(bone_leftelbow) { transformation: [-0.997871157454298f,-0.030912423390550166f,-0.057424517420201535f,0.9765848815274522f,-0.022236805505206226f,0.9890346159610254f,-0.1460001812045134f,3.036954082480702f,0.0613080549499272f,-0.14441243198198167f,-0.9876165105380255f,-0.1260916801788612f,0f,0f,0f,1f], start_interpolation: 0, interpolation_duration: 1 }
$data merge entity $(bone_leftarm) { transformation: [-0.997871157454298f,-0.02047113141598884f,-0.061919995957436705f,0.75f,-0.022236805505206226f,0.9993616232010749f,0.027961948319752274f,3.5308967819919834f,0.0613080549499272f,0.029279324641497143f,-0.9976893522268313f,-0.06686308858072758f,0f,0f,0f,1f], start_interpolation: 0, interpolation_duration: 1 }
$data merge entity $(bone_rightthumb2) { transformation: [-1f,1.6448096571526755e-17f,1.2135509031677376e-16f,-0.953125f,0f,0.9909395133459366f,-0.13430890100703774f,1.840040746349795f,-1.2246467991473532e-16f,-0.13430890100703774f,-0.9909395133459366f,0.3135339524494409f,0f,0f,0f,1f], start_interpolation: 0, interpolation_duration: 1 }
$data merge entity $(bone_rightthumb) { transformation: [-1f,1.6448096571526755e-17f,1.2135509031677376e-16f,-0.953125f,0f,0.9909395133459366f,-0.13430890100703774f,2.071583527043727f,-1.2246467991473532e-16f,-0.13430890100703774f,-0.9909395133459366f,0.19591248833246205f,0f,0f,0f,1f], start_interpolation: 0, interpolation_duration: 1 }
$data merge entity $(bone_rightpointerfinger) { transformation: [-1f,1.6448096571526755e-17f,1.2135509031677376e-16f,-1.0625f,0f,0.9909395133459366f,-0.13430890100703774f,1.7401357694923867f,-1.2246467991473532e-16f,-0.13430890100703774f,-0.9909395133459366f,0.19353230678730549f,0f,0f,0f,1f], start_interpolation: 0, interpolation_duration: 1 }
$data merge entity $(bone_rightmidfinger) { transformation: [-1f,1.6448096571526755e-17f,1.2135509031677376e-16f,-1.0625f,0f,0.9909395133459366f,-0.13430890100703774f,1.7191500037100371f,-1.2246467991473532e-16f,-0.13430890100703774f,-0.9909395133459366f,0.03869800782700292f,0f,0f,0f,1f], start_interpolation: 0, interpolation_duration: 1 }
$data merge entity $(bone_rightringfinger) { transformation: [-1f,1.6448096571526755e-17f,1.2135509031677376e-16f,-1.0625f,0f,0.9909395133459366f,-0.13430890100703774f,1.6981642379276873f,-1.2246467991473532e-16f,-0.13430890100703774f,-0.9909395133459366f,-0.1161362911332997f,0f,0f,0f,1f], start_interpolation: 0, interpolation_duration: 1 }
$data merge entity $(bone_hugeasssword) { transformation: [-3.916666666666667f,6.442171157181313e-17f,4.753074370740306e-16f,-0.796875f,0f,3.8811797606049185f,-0.5260431956108979f,1.9225331689366654f,-4.796533296660467e-16f,-0.5260431956108979f,-3.8811797606049185f,0.02689994220597866f,0f,0f,0f,1f], start_interpolation: 0, interpolation_duration: 1 }
$data merge entity $(bone_ice) { transformation: [-1f,1.6448096571526755e-17f,1.2135509031677376e-16f,-0.78125f,0f,0.9909395133459366f,-0.13430890100703774f,1.9070497390406351f,-1.2246467991473532e-16f,-0.13430890100703774f,-0.9909395133459366f,0.028998518784213625f,0f,0f,0f,1f], start_interpolation: 0, interpolation_duration: 1 }
$data merge entity $(bone_righthand1) { transformation: [-1f,1.6448096571526755e-17f,1.2135509031677376e-16f,-1.03125f,0f,0.9909395133459366f,-0.13430890100703774f,2.1505874642206493f,-1.2246467991473532e-16f,-0.13430890100703774f,-0.9909395133459366f,-0.03554556625960635f,0f,0f,0f,1f], start_interpolation: 0, interpolation_duration: 1 }
$data merge entity $(bone_rightforearm) { transformation: [-1f,1.6448096571526755e-17f,1.2135509031677376e-16f,-0.96875f,0f,0.9909395133459366f,-0.13430890100703774f,2.849440386120246f,-1.2246467991473532e-16f,-0.13430890100703774f,-0.9909395133459366f,-0.11449808238414949f,0f,0f,0f,1f], start_interpolation: 0, interpolation_duration: 1 }
$data merge entity $(bone_rightelbow) { transformation: [-1f,1.6448096571526755e-17f,1.2135509031677376e-16f,-0.96875f,0f,0.9909395133459366f,-0.13430890100703774f,3.035241544872609f,-1.2246467991473532e-16f,-0.13430890100703774f,-0.9909395133459366f,-0.13968100132296907f,0f,0f,0f,1f], start_interpolation: 0, interpolation_duration: 1 }
$data merge entity $(bone_rightarm) { transformation: [-1f,-1.0207837890081478e-17f,1.2203850979190298e-16f,-0.75f,0f,0.9965200568594219f,0.08335332193076869f,3.5308967819919834f,-1.2246467991473532e-16f,0.08335332193076869f,-0.9965200568594219f,-0.06686308858072776f,0f,0f,0f,1f], start_interpolation: 0, interpolation_duration: 1 }
$data merge entity $(bone_chest1) { transformation: [-1.0833333333333333f,5.063098946224147e-19f,1.3266910378677478e-16f,-0.002323124999999979f,0f,1.0833254443578684f,-0.00413433403798489f,3.3701772656480715f,-1.3267006990762992e-16f,-0.00413433403798489f,-1.0833254443578684f,-0.17631990542856163f,0f,0f,0f,1f], start_interpolation: 0, interpolation_duration: 1 }
$data merge entity $(bone_chest1lid) { transformation: [-1f,4.673629796514597e-19f,1.2246378811086904e-16f,-0.34375000000000006f,0f,0.9999927178688017f,-0.003816308342755284f,2.688226263011582f,-1.2246467991473532e-16f,-0.003816308342755284f,-0.9999927178688017f,0.2176048734840725f,0f,0f,0f,1f], start_interpolation: 0, interpolation_duration: 1 }
$data merge entity $(bone_chest2) { transformation: [-1f,4.673629796514597e-19f,1.2246378811086904e-16f,-0.34375000000000006f,0f,0.9999927178688017f,-0.003816308342755284f,2.531977400844582f,-1.2246467991473532e-16f,-0.003816308342755284f,-0.9999927178688017f,0.21820117166262804f,0f,0f,0f,1f], start_interpolation: 0, interpolation_duration: 1 }
$data merge entity $(bone_chest1lid3) { transformation: [-1f,4.673629796514597e-19f,1.2246378811086904e-16f,-0.28124999999999994f,0f,0.9999927178688017f,-0.003816308342755284f,2.6857814404795044f,-1.2246467991473532e-16f,-0.003816308342755284f,-0.9999927178688017f,-0.4230154614006285f,0f,0f,0f,1f], start_interpolation: 0, interpolation_duration: 1 }
$data merge entity $(bone_chest3) { transformation: [-1f,4.673629796514597e-19f,1.2246378811086904e-16f,-0.28124999999999994f,0f,0.9999927178688017f,-0.003816308342755284f,2.529532578312504f,-1.2246467991473532e-16f,-0.003816308342755284f,-0.9999927178688017f,-0.422419163222073f,0f,0f,0f,1f], start_interpolation: 0, interpolation_duration: 1 }
$data merge entity $(bone_hugeasssword2) { transformation: [-1.3493245393906099e-15f,2.887669569172986f,-2.646061646494669f,-1.234375f,0.014947207675791746f,2.6460423775266007f,2.8876485407843258f,4.529458384232252f,3.9166381449861403f,-0.010098187136961818f,-0.011020237467956615f,-0.44567666612428375f,0f,0f,0f,1f], start_interpolation: 0, interpolation_duration: 1 }
$data merge entity $(bone_belt) { transformation: [-1f,4.673629796514597e-19f,1.2246378811086904e-16f,0.029705625000000003f,0f,0.9999927178688017f,-0.003816308342755284f,2.9723497306422293f,-1.2246467991473532e-16f,-0.003816308342755284f,-0.9999927178688017f,-0.043898208575571085f,0f,0f,0f,1f], start_interpolation: 0, interpolation_duration: 1 }
$data merge entity $(bone_torn_part) { transformation: [-1f,-3.651369529777005e-17f,1.1689460159613952e-16f,-0.09375f,0f,0.9545168588814839f,0.2981569487887635f,2.687122589374587f,-1.2246467991473532e-16f,0.2981569487887635f,-0.9545168588814839f,-0.04817890209573167f,0f,0f,0f,1f], start_interpolation: 0, interpolation_duration: 1 }
$data merge entity $(bone_lowerbody) { transformation: [-1f,3.2715449076148257e-19f,1.2246424293057036e-16f,0.0039062499999999883f,0f,0.9999964317535042f,-0.0026714191470492577f,2.19921875f,-1.2246467991473532e-16f,-0.0026714191470492577f,-0.9999964317535042f,0.09375f,0f,0f,0f,1f], start_interpolation: 0, interpolation_duration: 1 }
data modify entity @s data merge value {"locators":{"lefthand":{"posx":0.9189144603539634,"posy":1.8249209380994482,"posz":0.024795585496421343,"roty":356.67230939048557,"rotx":-8.395201751379824},"righthand":{"posx":-0.875,"posy":1.8936648857228398,"posz":0.04658052525847885,"roty":0,"rotx":-7.718658892128282},"chest":{"posx":-0.37500000000000006,"posy":2.6263230163233375,"posz":0.374092254922495,"roty":0,"rotx":-0.2186588921282811},"sack":{"posx":0,"posy":-0.4375,"posz":0,"roty":0,"rotx":0}},"cameras":{}}