# This file was generated by Animated Java via MC-Build. It is not recommended to edit this file directly.
$data merge entity $(bone_nose) { transformation: [-0.9875018407110152f,0.003985839866551233f,0.15755706164090214f,-0.8929651140211123f,0.02841945647417285f,0.9877969695238495f,0.15313223531710168f,2.5421298062290307f,-0.15502402744758434f,0.1556960503033325f,-0.9755646010561644f,1.2975102423372493f,0f,0f,0f,1f], start_interpolation: 0, interpolation_duration: 1 }
$data merge entity $(bone_glowing_eye) { transformation: [-0.9875018407110152f,-0.009040374747672886f,0.15734797811468204f,-1.0225057069722496f,0.02841945647417285f,0.971775138575091f,0.2341909787781667f,2.603307070269011f,-0.15502402744758434f,0.2357357666366833f,-0.9593728155634524f,1.327571379667805f,0f,0f,0f,1f], start_interpolation: 0, interpolation_duration: 1 }
$data merge entity $(bone_head) { transformation: [-0.9875018407110152f,-0.009040374747672886f,0.15734797811468204f,-0.862384641156576f,0.02841945647417285f,0.971775138575091f,0.2341909787781667f,2.4659914806461924f,-0.15502402744758434f,0.2357357666366833f,-0.9593728155634524f,1.088754969968888f,0f,0f,0f,1f], start_interpolation: 0, interpolation_duration: 1 }
$data merge entity $(bone_leftthumb2) { transformation: [-0.48957363349789995f,-0.6271424258849768f,0.6058135315745021f,1.0372136034678376f,-0.8716648820016929f,0.3701312403455632f,-0.321252546145911f,1.0065237260309285f,-0.022759412748124215f,-0.6853431568020225f,-0.7278645248643457f,2.3483467486855516f,0f,0f,0f,1f], start_interpolation: 0, interpolation_duration: 1 }
$data merge entity $(bone_leftthumb) { transformation: [-0.48957363349789995f,-0.6271424258849768f,0.6058135315745021f,0.9351829369622692f,-0.8716648820016929f,0.3701312403455632f,-0.321252546145911f,1.0698421972791112f,-0.022759412748124215f,-0.6853431568020225f,-0.7278645248643457f,2.1180699969199366f,0f,0f,0f,1f], start_interpolation: 0, interpolation_duration: 1 }
$data merge entity $(bone_leftpointerfinger) { transformation: [-0.2455533883425341f,-0.7567651540833064f,0.6058135315745021f,1.2229086709121648f,-0.9456893972875074f,0.049682647400890234f,-0.321252546145911f,1.028672517409069f,0.21301431250386088f,-0.6517960847631018f,-0.7278645248643457f,2.31131888141191f,0f,0f,0f,1f], start_interpolation: 0, interpolation_duration: 1 }
$data merge entity $(bone_leftmidfinger) { transformation: [-0.48957363349789995f,-0.6271424258849768f,0.6058135315745021f,1.3175670352206807f,-0.8716648820016929f,0.3701312403455632f,-0.321252546145911f,0.9784768070737705f,-0.022759412748124215f,-0.6853431568020225f,-0.7278645248643457f,2.197590049401856f,0f,0f,0f,1f], start_interpolation: 0, interpolation_duration: 1 }
$data merge entity $(bone_leftringfinger) { transformation: [-0.6923040757653237f,-0.3920523327821819f,0.6058135315745021f,1.4122253995291967f,-0.6636702502092419f,0.6755283862148005f,-0.321252546145911f,0.9282810967384718f,-0.2832964272028923f,-0.6244648651269961f,-0.7278645248643457f,2.083861217391802f,0f,0f,0f,1f], start_interpolation: 0, interpolation_duration: 1 }
$data merge entity $(bone_invisibility) { transformation: [-0.5719558313040518f,-0.6581672921233286f,0.4895736334978999f,1.043588238938436f,0.34072377496144823f,0.3522891463854599f,0.8716648820016926f,0.9157575985136073f,-0.7461727924638578f,0.6653631887308235f,0.02275941274812401f,2.254837850148426f,0f,0f,0f,1f], start_interpolation: 0, interpolation_duration: 1 }
$data merge entity $(bone_swiftness) { transformation: [0.605813531574502f,-0.6271424258849768f,0.48957363349790006f,1.2166054188517426f,-0.32125254614591114f,0.3701312403455632f,0.8716648820016928f,0.7600016991963745f,-0.7278645248643457f,-0.6853431568020225f,0.022759412748124052f,2.209984898994039f,0f,0f,0f,1f], start_interpolation: 0, interpolation_duration: 1 }
$data merge entity $(bone_suspicious_stew) { transformation: [-0.3123562025075991f,-0.814095363049499f,0.4895736334979f,1.1865755773220135f,0.19968563271875908f,0.4475779055881609f,0.8716648820016931f,0.8381728442200508f,-0.9287406800828428f,0.3700307531687335f,0.022759412748124142f,2.150488712211456f,0f,0f,0f,1f], start_interpolation: 0, interpolation_duration: 1 }
$data merge entity $(bone_log) { transformation: [-0.48957363349789995f,-0.6271424258849768f,0.6058135315745021f,1.090682755238518f,-0.8716648820016929f,0.3701312403455632f,-0.321252546145911f,0.7876619534749978f,-0.022759412748124215f,-0.6853431568020225f,-0.7278645248643457f,2.0285684730630504f,0f,0f,0f,1f], start_interpolation: 0, interpolation_duration: 1 }
$data merge entity $(bone_planks) { transformation: [-0.48957363349789995f,-0.6271424258849768f,0.6058135315745021f,1.04478522709809f,-0.8716648820016929f,0.3701312403455632f,-0.321252546145911f,0.7059433707873392f,-0.022759412748124215f,-0.6853431568020225f,-0.7278645248643457f,2.026434778117914f,0f,0f,0f,1f], start_interpolation: 0, interpolation_duration: 1 }
$data merge entity $(bone_lefthand1) { transformation: [-0.48957363349789995f,-0.6271424258849768f,0.6058135315745021f,1.0373588842800456f,-0.8716648820016929f,0.3701312403455632f,-0.321252546145911f,1.1081501261288715f,-0.022759412748124215f,-0.6853431568020225f,-0.7278645248643457f,1.8856683034515869f,0f,0f,0f,1f], start_interpolation: 0, interpolation_duration: 1 }
$data merge entity $(bone_leftforearm) { transformation: [-0.7703530803699493f,-0.43898060642910297f,0.46244151926883403f,0.6576909592885976f,-0.5699672363016451f,0.799203840014835f,-0.19081554351836072f,1.6344792429156276f,-0.28582071497215744f,-0.4105718564206266f,-0.8658737030353364f,1.574563765231304f,0f,0f,0f,1f], start_interpolation: 0, interpolation_duration: 1 }
$data merge entity $(bone_leftelbow) { transformation: [-0.7703530803699493f,-0.43898060642910297f,0.46244151926883403f,0.5753820955831407f,-0.5699672363016451f,0.799203840014835f,-0.19081554351836072f,1.7843299629184093f,-0.28582071497215744f,-0.4105718564206266f,-0.8658737030353364f,1.4975815421524366f,0f,0f,0f,1f], start_interpolation: 0, interpolation_duration: 1 }
$data merge entity $(bone_leftarm) { transformation: [-0.7425061688292838f,-0.6341116635001389f,0.21584018963933893f,0.04809062012953025f,-0.6485502821846036f,0.7611546155308268f,0.0051169067209670405f,2.016204797011857f,-0.1675324467938391f,-0.13618388109172952f,-0.9764152957640841f,1.4785945289004467f,0f,0f,0f,1f], start_interpolation: 0, interpolation_duration: 1 }
$data merge entity $(bone_rightthumb2) { transformation: [-0.6114505955134606f,0.13335776504631408f,0.7799640220856899f,-1.3222670020443537f,0.6062643764136663f,0.7123894195819278f,0.35347534674920794f,1.8867229552037448f,-0.5084994347469652f,0.6889971127440055f,-0.516440997106582f,-1.3788707994202873f,0f,0f,0f,1f], start_interpolation: 0, interpolation_duration: 1 }
$data merge entity $(bone_rightthumb) { transformation: [-0.6114505955134606f,0.13335776504631408f,0.7799640220856899f,-1.222908234932595f,0.6062643764136663f,0.7123894195819278f,0.35347534674920794f,2.091638236880386f,-0.5084994347469652f,0.6889971127440055f,-0.516440997106582f,-1.2540331815084014f,0f,0f,0f,1f], start_interpolation: 0, interpolation_duration: 1 }
$data merge entity $(bone_rightpointerfinger) { transformation: [-0.19789807981774285f,0.360200486036117f,0.9116424517670266f,-1.3136398956690762f,0.9802218141561406f,0.07154179997166968f,0.18451819939848335f,2.1268389572263886f,0.00124300317584361f,0.9301276152852137f,-0.36723435872334437f,-1.5892269268291077f,0f,0f,0f,1f], start_interpolation: 0, interpolation_duration: 1 }
$data merge entity $(bone_rightmidfinger) { transformation: [-0.1965186943096664f,0.36095490427895355f,0.9116424517670266f,-1.1711957625804783f,0.980488322993785f,0.06779146379579831f,0.18451819939848335f,2.155669925882402f,0.0048011727379271285f,0.9301160543251548f,-0.36723435872334437f,-1.6466072953796305f,0f,0f,0f,1f], start_interpolation: 0, interpolation_duration: 1 }
$data merge entity $(bone_rightringfinger) { transformation: [-0.1805870202664995f,0.36918338024276165f,0.9116424517670266f,-1.0287516294918804f,0.9825121374880912f,0.024958641375768587f,0.18451819939848335f,2.184500894538415f,0.04536769555366024f,0.9290213657248169f,-0.36723435872334437f,-1.703987663930153f,0f,0f,0f,1f], start_interpolation: 0, interpolation_duration: 1 }
$data merge entity $(bone_hugeasssword) { transformation: [-1.0034981558709104f,1.2586054607195611f,3.570599602754188f,-1.052110363499073f,3.735797499118089f,0.9283344811124188f,0.7226962809773931f,1.947573228363026f,-0.6140735090561241f,3.5908752642221384f,-1.4383345716664322f,-1.4129944124254745f,0f,0f,0f,1f], start_interpolation: 0, interpolation_duration: 1 }
$data merge entity $(bone_ice) { transformation: [-0.2562122951159771f,0.32134607507733476f,0.9116424517670266f,-1.0531280788109691f,0.9538206380727035f,0.23702156964572393f,0.18451819939848335f,1.9289663188674258f,-0.1567847257164572f,0.9168192163971417f,-0.36723435872334437f,-1.4248699513423604f,0f,0f,0f,1f], start_interpolation: 0, interpolation_duration: 1 }
$data merge entity $(bone_righthand1) { transformation: [-0.2562122951159771f,0.32134607507733476f,0.9116424517670266f,-1.0083558072029102f,0.9538206380727035f,0.23702156964572393f,0.18451819939848335f,2.232443064528235f,-0.1567847257164572f,0.9168192163971417f,-0.36723435872334437f,-1.2463374023822937f,0f,0f,0f,1f], start_interpolation: 0, interpolation_duration: 1 }
$data merge entity $(bone_rightforearm) { transformation: [-0.5367888713783326f,-0.11149406561664749f,0.8363173924394056f,-1.0198727029561907f,0.7465322570457599f,0.3990941798100951f,0.5323658749693405f,2.4515294858558687f,-0.3931250395924176f,0.9101059877695444f,-0.13099539790191816f,-0.5699788769862675f,0f,0f,0f,1f], start_interpolation: 0, interpolation_duration: 1 }
$data merge entity $(bone_rightelbow) { transformation: [-0.5367888713783326f,-0.11149406561664749f,0.8363173924394056f,-1.0407778402593122f,0.7465322570457599f,0.3990941798100951f,0.5323658749693405f,2.5263596445702614f,-0.3931250395924176f,0.9101059877695444f,-0.13099539790191816f,-0.3993340042794779f,0f,0f,0f,1f], start_interpolation: 0, interpolation_duration: 1 }
$data merge entity $(bone_rightarm) { transformation: [-0.45789453117335127f,-0.42713599044095296f,0.7796713692265244f,-1.2269409870855452f,0.8443307549265701f,0.06557718907094984f,0.5317943291900371f,2.3064150094909324f,-0.2782771543024428f,0.9018062308187824f,0.3306166170200093f,0.09866390865217112f,0f,0f,0f,1f], start_interpolation: 0, interpolation_duration: 1 }
$data merge entity $(bone_chest1) { transformation: [-0.7784455829982823f,-0.6982377248658173f,0.25836732864078876f,-0.4238453256082447f,0.15632013983499116f,0.24840642203968316f,0.9519983257116911f,2.3784128259102104f,-0.7370194022571891f,0.7901705133544031f,-0.07097288648488681f,0.6035764002196553f,0f,0f,0f,1f], start_interpolation: 0, interpolation_duration: 1 }
$data merge entity $(bone_chest1lid) { transformation: [-0.718565153536876f,-0.6445271306453698f,0.2612449003991699f,-0.32657781004325526f,0.144295513693838f,0.22929823572893832f,0.9626012278297944f,1.9102484513930866f,-0.6803256020835592f,0.7293881661732953f,-0.07176334855621025f,-0.1003129429178289f,0f,0f,0f,1f], start_interpolation: 0, interpolation_duration: 1 }
$data merge entity $(bone_chest2) { transformation: [-0.718565153536876f,-0.6445271306453698f,0.2612449003991699f,-0.22587044587991623f,0.144295513693838f,0.22929823572893832f,0.9626012278297944f,1.87442060206044f,-0.6803256020835592f,0.7293881661732953f,-0.07176334855621025f,-0.21427984388240628f,0f,0f,0f,1f], start_interpolation: 0, interpolation_duration: 1 }
$data merge entity $(bone_chest1lid3) { transformation: [-0.718565153536876f,-0.6445271306453698f,0.2612449003991699f,-0.11430747362898228f,0.144295513693838f,0.22929823572893832f,0.9626012278297944f,2.517896393365684f,-0.6803256020835592f,0.7293881661732953f,-0.07176334855621025f,-0.10376598795642857f,0f,0f,0f,1f], start_interpolation: 0, interpolation_duration: 1 }
$data merge entity $(bone_chest3) { transformation: [-0.718565153536876f,-0.6445271306453698f,0.2612449003991699f,-0.013600109465643245f,0.144295513693838f,0.22929823572893832f,0.9626012278297944f,2.4820685440330372f,-0.6803256020835592f,0.7293881661732953f,-0.07176334855621025f,-0.21773288892100595f,0f,0f,0f,1f], start_interpolation: 0, interpolation_duration: 1 }
$data merge entity $(bone_hugeasssword2) { transformation: [-1.023209193230083f,0.36952020681057896f,-3.762549074952496f,-1.983454831152481f,-3.7701881423333616f,0.1900595033093573f,1.043952362126021f,3.0932373211651933f,0.2810731151784897f,3.894561590184221f,0.3060485287718137f,0.5914868016185014f,0f,0f,0f,1f], start_interpolation: 0, interpolation_duration: 1 }
$data merge entity $(bone_belt) { transformation: [-0.718565153536876f,-0.6445271306453698f,0.2612449003991699f,-0.17396020361443326f,0.144295513693838f,0.22929823572893832f,0.9626012278297944f,2.172415453424094f,-0.6803256020835592f,0.7293881661732953f,-0.07176334855621025f,0.34303279111297f,0f,0f,0f,1f], start_interpolation: 0, interpolation_duration: 1 }
$data merge entity $(bone_torn_part) { transformation: [-0.6142422704224907f,-0.7626778277088764f,0.20255607704409473f,-0.025883626394510112f,0.13203430037545438f,0.15373740894996868f,0.9792506076657368f,2.092806007006589f,-0.7779931726889305f,0.6282414664845195f,0.006267618271113107f,0.028099587487331018f,0f,0f,0f,1f], start_interpolation: 0, interpolation_duration: 1 }
$data merge entity $(bone_lowerbody) { transformation: [-0.6142422704224907f,-0.5550078497349659f,0.5609569680098406f,0.22621632332845368f,0.13203430037545438f,0.6285609910149765f,0.7664711502063435f,1.66521248046875f,-0.7779931726889305f,0.5448645403279978f,-0.31280865707740846f,-0.11798293817278524f,0f,0f,0f,1f], start_interpolation: 0, interpolation_duration: 1 }
$data merge entity $(bone_leftfoot) { transformation: [-0.9517182322151109f,-0.045738388724532716f,0.30351803693537444f,0.35531242193946666f,-0.05015526829999434f,0.9987236231391323f,-0.006785608221779503f,0.1391704741213502f,-0.30281500781588644f,-0.021661006737466272f,-0.9528067004612184f,0.5143349269247129f,0f,0f,0f,1f], start_interpolation: 0, interpolation_duration: 1 }
$data merge entity $(bone_leftlowerleg) { transformation: [-0.9517182322151109f,-0.05824376453882418f,0.30136831757928f,0.24439432214454165f,-0.05015526829999434f,0.9981507069680532f,0.03449762418298935f,1.2411935056354235f,-0.30281500781588644f,0.01773718104531047f,-0.952887821343751f,0.6804191570121032f,0f,0f,0f,1f], start_interpolation: 0, interpolation_duration: 1 }
$data merge entity $(bone_leftleg) { transformation: [-0.9054156038812352f,0.4034927622352285f,0.13189851768980812f,0.584605534745329f,0.04395311157143897f,0.39813773205044795f,-0.9162886246857269f,1.5558487497777254f,-0.4222211604497894f,-0.823808192021366f,-0.37823000634900855f,-0.04973801088605656f,0f,0f,0f,1f], start_interpolation: 0, interpolation_duration: 1 }
$data merge entity $(bone_rightfoot) { transformation: [-0.3752113428577907f,0.01734431356572505f,0.9267793711837448f,-0.28399133134915844f,0.10519346435622917f,0.9941511067176084f,0.023977619986595727f,0.2036415787065875f,-0.9209507877998427f,0.1064894221734603f,-0.37484430814738107f,-0.23145909195931375f,0f,0f,0f,1f], start_interpolation: 0, interpolation_duration: 1 }
$data merge entity $(bone_rightlowerleg) { transformation: [-0.3752113428577907f,-0.02097447139369263f,0.926704321568945f,-0.44964395022919773f,0.10519346435622917f,0.9923106475828694f,0.06504558356824464f,1.2944922340280005f,-0.9209507877998427f,0.12189081697513773f,-0.370122791952157f,-0.039368719181286205f,0f,0f,0f,1f], start_interpolation: 0, interpolation_duration: 1 }
$data merge entity $(bone_rightleg) { transformation: [-0.5131052724968111f,0.7995778858509479f,0.31206633446495113f,0.2674597798254655f,0.08842817347087684f,0.41088145951981936f,-0.9073882894534976f,1.6718675042670308f,-0.8537584186832816f,-0.43798587965936936f,-0.2815334705790148f,-0.41500378401902727f,0f,0f,0f,1f], start_interpolation: 0, interpolation_duration: 1 }
data modify entity @s data merge value {"locators":{"lefthand":{"posx":1.1761099489703584,"posy":0.8454836040441893,"posz":2.0956174853343508,"roty":39.77116510580933,"rotx":-18.738690485420854},"righthand":{"posx":-1.0964134272100352,"posy":2.011800444795426,"posz":-1.4481557827794314,"roty":68.05908409771854,"rotx":10.633043676426475},"chest":{"posx":-0.34956954111331734,"posy":1.750020104614555,"posz":-0.15594685515686324,"roty":74.63985778069473,"rotx":74.28084537043522},"sack":{"posx":0,"posy":-0.4375,"posz":0,"roty":0,"rotx":0}},"cameras":{}}