# This file was generated by Animated Java via MC-Build. It is not recommended to edit this file directly.
$data merge entity $(nose) {transformation: [-0.8762f,0.0005f,-0.482f,0.0903f,-0.0336f,0.9975f,0.062f,2.2842f,0.4809f,0.0705f,-0.874f,-0.1633f,0f,0f,0f,1f],start_interpolation: 0,interpolation_duration: 1}
$data merge entity $(glowing_eye) {transformation: [-0.8762f,0.0005f,-0.482f,-0.0023f,-0.0336f,0.9975f,0.062f,2.3453f,0.4809f,0.0705f,-0.874f,-0.068f,0f,0f,0f,1f],start_interpolation: 0,interpolation_duration: 1}
$data merge entity $(head) {transformation: [-0.8762f,0.0005f,-0.482f,0f,-0.0336f,0.9975f,0.062f,2.1726f,0.4809f,0.0705f,-0.874f,-0.3357f,0f,0f,0f,1f],start_interpolation: 0,interpolation_duration: 1}
$data merge entity $(leftthumb2) {transformation: [-0.1279f,0.4048f,0.9054f,0.2014f,-0.6556f,0.6505f,-0.3834f,0.4802f,-0.7442f,-0.6426f,0.1822f,0.2909f,0f,0f,0f,1f],start_interpolation: 0,interpolation_duration: 1}
$data merge entity $(leftthumb) {transformation: [-0.1279f,0.4048f,0.9054f,0.3781f,-0.6556f,0.6505f,-0.3834f,0.6069f,-0.7442f,-0.6426f,0.1822f,0.1489f,0f,0f,0f,1f],start_interpolation: 0,interpolation_duration: 1}
$data merge entity $(leftpointerfinger) {transformation: [-0.1279f,0.4048f,0.9054f,0.3017f,-0.6556f,0.6505f,-0.3834f,0.4472f,-0.7442f,-0.6426f,0.1822f,0.4497f,0f,0f,0f,1f],start_interpolation: 0,interpolation_duration: 1}
$data merge entity $(leftmidfinger) {transformation: [-0.1279f,0.4048f,0.9054f,0.4431f,-0.6556f,0.6505f,-0.3834f,0.3873f,-0.7442f,-0.6426f,0.1822f,0.4781f,0f,0f,0f,1f],start_interpolation: 0,interpolation_duration: 1}
$data merge entity $(leftringfinger) {transformation: [-0.1279f,0.4048f,0.9054f,0.5846f,-0.6556f,0.6505f,-0.3834f,0.3274f,-0.7442f,-0.6426f,0.1822f,0.5066f,0f,0f,0f,1f],start_interpolation: 0,interpolation_duration: 1}
$data merge entity $(invisibility) {transformation: [0.4822f,-0.8667f,0.1279f,0.2937f,0.6147f,0.4387f,0.6556f,0.4074f,-0.6243f,-0.2375f,0.7442f,0.2342f,0f,0f,0f,1f],start_interpolation: 0,interpolation_duration: 1}
$data merge entity $(swiftness) {transformation: [0.9054f,0.4048f,0.1279f,0.402f,-0.3834f,0.6505f,0.6556f,0.2133f,0.1822f,-0.6426f,0.7442f,0.3166f,0f,0f,0f,1f],start_interpolation: 0,interpolation_duration: 1}
$data merge entity $(suspicious_stew) {transformation: [0.7495f,-0.6495f,0.1279f,0.4445f,0.4276f,0.6224f,0.6556f,0.305f,-0.5054f,-0.4367f,0.7442f,0.2984f,0f,0f,0f,1f],start_interpolation: 0,interpolation_duration: 1}
$data merge entity $(log) {transformation: [-0.1279f,0.4048f,0.9054f,0.5255f,-0.6556f,0.6505f,-0.3834f,0.3069f,-0.7442f,-0.6426f,0.1822f,0.1569f,0f,0f,0f,1f],start_interpolation: 0,interpolation_duration: 1}
$data merge entity $(planks) {transformation: [-0.1279f,0.4048f,0.9054f,0.5135f,-0.6556f,0.6505f,-0.3834f,0.2455f,-0.7442f,-0.6426f,0.1822f,0.0871f,0f,0f,0f,1f],start_interpolation: 0,interpolation_duration: 1}
$data merge entity $(lefthand1) {transformation: [-0.1279f,0.4048f,0.9054f,0.6304f,-0.6556f,0.6505f,-0.3834f,0.6454f,-0.7442f,-0.6426f,0.1822f,0.1766f,0f,0f,0f,1f],start_interpolation: 0,interpolation_duration: 1}
$data merge entity $(leftforearm) {transformation: [-0.1279f,0.4048f,0.9054f,0.8929f,-0.6556f,0.6505f,-0.3834f,1.0679f,-0.7442f,-0.6426f,0.1822f,-0.3246f,0f,0f,0f,1f],start_interpolation: 0,interpolation_duration: 1}
$data merge entity $(leftelbow) {transformation: [-0.1279f,0.4048f,0.9054f,0.9688f,-0.6556f,0.6505f,-0.3834f,1.1899f,-0.7442f,-0.6426f,0.1822f,-0.4451f,0f,0f,0f,1f],start_interpolation: 0,interpolation_duration: 1}
$data merge entity $(leftarm) {transformation: [-1f,0f,0f,0.75f,0f,0.9962f,-0.0875f,1.6907f,0f,-0.0875f,-0.9962f,-0.4577f,0f,0f,0f,1f],start_interpolation: 0,interpolation_duration: 1}
$data merge entity $(rightthumb2) {transformation: [-0.2659f,-0.284f,-0.9212f,-0.3451f,0.518f,0.7638f,-0.385f,0.3416f,0.813f,-0.5796f,-0.056f,0.2582f,0f,0f,0f,1f],start_interpolation: 0,interpolation_duration: 1}
$data merge entity $(rightthumb) {transformation: [-0.2659f,-0.284f,-0.9212f,-0.4935f,0.518f,0.7638f,-0.385f,0.496f,0.813f,-0.5796f,-0.056f,0.1113f,0f,0f,0f,1f],start_interpolation: 0,interpolation_duration: 1}
$data merge entity $(rightpointerfinger) {transformation: [-0.2659f,-0.284f,-0.9212f,-0.4726f,0.518f,0.7638f,-0.385f,0.284f,0.813f,-0.5796f,-0.056f,0.3877f,0f,0f,0f,1f],start_interpolation: 0,interpolation_duration: 1}
$data merge entity $(rightmidfinger) {transformation: [-0.2659f,-0.284f,-0.9212f,-0.6165f,0.518f,0.7638f,-0.385f,0.2239f,0.813f,-0.5796f,-0.056f,0.379f,0f,0f,0f,1f],start_interpolation: 0,interpolation_duration: 1}
$data merge entity $(rightringfinger) {transformation: [-0.2659f,-0.284f,-0.9212f,-0.7605f,0.518f,0.7638f,-0.385f,0.1637f,0.813f,-0.5796f,-0.056f,0.3702f,0f,0f,0f,1f],start_interpolation: 0,interpolation_duration: 1}
$data merge entity $(hugeasssword) {transformation: [-1.0415f,-1.1122f,-3.6081f,-0.5892f,2.0288f,2.9917f,-1.5079f,0.2474f,3.1842f,-2.27f,-0.2194f,0.0462f,0f,0f,0f,1f],start_interpolation: 0,interpolation_duration: 1}
$data merge entity $(whey) {transformation: [-0.2659f,0.8379f,-0.4766f,-0.3873f,0.518f,0.5412f,0.6624f,0.1409f,0.813f,-0.0708f,-0.578f,-0.0313f,0f,0f,0f,1f],start_interpolation: 0,interpolation_duration: 1}
$data merge entity $(ice) {transformation: [-0.2659f,-0.284f,-0.9212f,-0.5806f,0.518f,0.7638f,-0.385f,0.2274f,0.813f,-0.5796f,-0.056f,0.0425f,0f,0f,0f,1f],start_interpolation: 0,interpolation_duration: 1}
$data merge entity $(righthand1) {transformation: [-0.2659f,-0.284f,-0.9212f,-0.7468f,0.518f,0.7638f,-0.385f,0.5358f,0.813f,-0.5796f,-0.056f,0.0992f,0f,0f,0f,1f],start_interpolation: 0,interpolation_duration: 1}
$data merge entity $(rightforearm) {transformation: [-0.2659f,-0.284f,-0.9212f,-0.9155f,0.518f,0.7638f,-0.385f,1.0466f,0.813f,-0.5796f,-0.056f,-0.3583f,0f,0f,0f,1f],start_interpolation: 0,interpolation_duration: 1}
$data merge entity $(rightelbow) {transformation: [-0.2659f,-0.284f,-0.9212f,-0.9687f,0.518f,0.7638f,-0.385f,1.1898f,0.813f,-0.5796f,-0.056f,-0.467f,0f,0f,0f,1f],start_interpolation: 0,interpolation_duration: 1}
$data merge entity $(rightarm) {transformation: [-1f,0f,0f,-0.75f,0f,0.999f,-0.0439f,1.6907f,0f,-0.0439f,-0.999f,-0.4577f,0f,0f,0f,1f],start_interpolation: 0,interpolation_duration: 1}
$data merge entity $(chest1) {transformation: [-1.0833f,0f,0f,-0.0023f,0f,1.0333f,0.3254f,1.5708f,0f,0.3254f,-1.0333f,-0.6108f,0f,0f,0f,1f],start_interpolation: 0,interpolation_duration: 1}
$data merge entity $(chest1lid) {transformation: [-1f,0f,0f,-0.3437f,0f,0.9538f,0.3004f,0.8014f,0f,0.3004f,-0.9538f,-0.4429f,0f,0f,0f,1f],start_interpolation: 0,interpolation_duration: 1}
$data merge entity $(chest2) {transformation: [-1f,0f,0f,-0.3437f,0f,0.9538f,0.3004f,0.6524f,0f,0.3004f,-0.9538f,-0.4898f,0f,0f,0f,1f],start_interpolation: 0,interpolation_duration: 1}
$data merge entity $(chest1lid3) {transformation: [-1f,0f,0f,-0.2812f,0f,0.9538f,0.3004f,0.9938f,0f,0.3004f,-0.9538f,-1.0539f,0f,0f,0f,1f],start_interpolation: 0,interpolation_duration: 1}
$data merge entity $(chest3) {transformation: [-1f,0f,0f,-0.2812f,0f,0.9538f,0.3004f,0.8448f,0f,0.3004f,-0.9538f,-1.1009f,0f,0f,0f,1f],start_interpolation: 0,interpolation_duration: 1}
$data merge entity $(hugeasssword2) {transformation: [0f,2.8877f,-2.6461f,-1.2344f,-1.1766f,2.5238f,2.7543f,2.7571f,3.7358f,0.7949f,0.8675f,-0.515f,0f,0f,0f,1f],start_interpolation: 0,interpolation_duration: 1}
$data merge entity $(belt) {transformation: [-1f,0f,0f,0.0297f,0f,0.9538f,0.3004f,1.1516f,0f,0.3004f,-0.9538f,-0.6056f,0f,0f,0f,1f],start_interpolation: 0,interpolation_duration: 1}
data modify entity @s data merge value {"cameras":{},"locators":{"soup":{"px":0.3288322317712655,"py":0.39154097789553977,"pz":0.2001214995437915,"ry":170.2509153256411,"rx":40.96387178574844},"lefthand":{"px":0.4917352489152582,"py":0.3235620384990623,"pz":0.2740054512664617,"ry":101.37654982496561,"rx":-22.545169360333993},"sword":{"px":2.810315663385419,"py":1.689696293606765,"pz":0.3352598537615704,"ry":273.47975014141616,"rx":-22.643019966004253},"righthand":{"px":-0.5866824733782435,"py":0.2700515779149659,"pz":0.12869560217735984,"ry":273.47975014141616,"rx":-22.643019966004253},"chest":{"px":-0.375,"py":0.6948521137120869,"pz":-0.31265339077730453,"ry":0,"rx":17.481874999999995}}}