# This file was generated by Animated Java via MC-Build. It is not recommended to edit this file directly.
$data merge entity $(nose) {transformation: [-0.9999f,0f,-0.0126f,0.0024f,-0.0007f,0.9985f,0.0542f,2.2984f,0.0126f,0.0542f,-0.9984f,-0.1807f,0f,0f,0f,1f],start_interpolation: 0,interpolation_duration: 1}
$data merge entity $(glowing_eye) {transformation: [-0.9999f,0f,-0.0126f,-0.1222f,-0.0007f,0.9985f,0.0542f,2.364f,0.0126f,0.0542f,-0.9984f,-0.1406f,0f,0f,0f,1f],start_interpolation: 0,interpolation_duration: 1}
$data merge entity $(head) {transformation: [-0.9999f,0f,-0.0126f,0f,-0.0007f,0.9985f,0.0542f,2.1853f,0.0126f,0.0542f,-0.9984f,-0.3743f,0f,0f,0f,1f],start_interpolation: 0,interpolation_duration: 1}
$data merge entity $(leftthumb2) {transformation: [-0.1279f,0.4048f,0.9054f,0.2014f,-0.6804f,0.6284f,-0.377f,0.515f,-0.7216f,-0.6643f,0.1951f,0.3092f,0f,0f,0f,1f],start_interpolation: 0,interpolation_duration: 1}
$data merge entity $(leftthumb) {transformation: [-0.1279f,0.4048f,0.9054f,0.3781f,-0.6804f,0.6284f,-0.377f,0.6369f,-0.7216f,-0.6643f,0.1951f,0.163f,0f,0f,0f,1f],start_interpolation: 0,interpolation_duration: 1}
$data merge entity $(leftpointerfinger) {transformation: [-0.1279f,0.4048f,0.9054f,0.3017f,-0.6804f,0.6284f,-0.377f,0.4875f,-0.7216f,-0.6643f,0.1951f,0.469f,0f,0f,0f,1f],start_interpolation: 0,interpolation_duration: 1}
$data merge entity $(leftmidfinger) {transformation: [-0.1279f,0.4048f,0.9054f,0.4431f,-0.6804f,0.6284f,-0.377f,0.4286f,-0.7216f,-0.6643f,0.1951f,0.4995f,0f,0f,0f,1f],start_interpolation: 0,interpolation_duration: 1}
$data merge entity $(leftringfinger) {transformation: [-0.1279f,0.4048f,0.9054f,0.5846f,-0.6804f,0.6284f,-0.377f,0.3697f,-0.7216f,-0.6643f,0.1951f,0.53f,0f,0f,0f,1f],start_interpolation: 0,interpolation_duration: 1}
$data merge entity $(invisibility) {transformation: [0.4822f,-0.8667f,0.1279f,0.2937f,0.5931f,0.4304f,0.6804f,0.4404f,-0.6448f,-0.2522f,0.7216f,0.255f,0f,0f,0f,1f],start_interpolation: 0,interpolation_duration: 1}
$data merge entity $(swiftness) {transformation: [0.9054f,0.4048f,0.1279f,0.402f,-0.377f,0.6284f,0.6804f,0.2492f,0.1951f,-0.6643f,0.7216f,0.3439f,0f,0f,0f,1f],start_interpolation: 0,interpolation_duration: 1}
$data merge entity $(suspicious_stew) {transformation: [0.7495f,-0.6495f,0.1279f,0.4445f,0.4102f,0.6073f,0.6804f,0.3403f,-0.5196f,-0.4575f,0.7216f,0.3227f,0f,0f,0f,1f],start_interpolation: 0,interpolation_duration: 1}
$data merge entity $(log) {transformation: [-0.1279f,0.4048f,0.9054f,0.5255f,-0.6804f,0.6284f,-0.377f,0.3374f,-0.7216f,-0.6643f,0.1951f,0.1812f,0f,0f,0f,1f],start_interpolation: 0,interpolation_duration: 1}
$data merge entity $(planks) {transformation: [-0.1279f,0.4048f,0.9054f,0.5135f,-0.6804f,0.6284f,-0.377f,0.2736f,-0.7216f,-0.6643f,0.1951f,0.1135f,0f,0f,0f,1f],start_interpolation: 0,interpolation_duration: 1}
$data merge entity $(lefthand1) {transformation: [-0.1279f,0.4048f,0.9054f,0.6304f,-0.6804f,0.6284f,-0.377f,0.6763f,-0.7216f,-0.6643f,0.1951f,0.1894f,0f,0f,0f,1f],start_interpolation: 0,interpolation_duration: 1}
$data merge entity $(leftforearm) {transformation: [-0.1279f,0.4048f,0.9054f,0.8929f,-0.6804f,0.6284f,-0.377f,1.0815f,-0.7216f,-0.6643f,0.1951f,-0.3258f,0f,0f,0f,1f],start_interpolation: 0,interpolation_duration: 1}
$data merge entity $(leftelbow) {transformation: [-0.1279f,0.4048f,0.9054f,0.9688f,-0.6804f,0.6284f,-0.377f,1.1994f,-0.7216f,-0.6643f,0.1951f,-0.4504f,0f,0f,0f,1f],start_interpolation: 0,interpolation_duration: 1}
$data merge entity $(leftarm) {transformation: [-1f,0f,0f,0.75f,0f,0.9926f,-0.1212f,1.6995f,0f,-0.1212f,-0.9926f,-0.4799f,0f,0f,0f,1f],start_interpolation: 0,interpolation_duration: 1}
$data merge entity $(rightthumb2) {transformation: [-0.2659f,-0.284f,-0.9212f,-0.3451f,0.5452f,0.7438f,-0.3867f,0.3755f,0.795f,-0.6051f,-0.0429f,0.2813f,0f,0f,0f,1f],start_interpolation: 0,interpolation_duration: 1}
$data merge entity $(rightthumb) {transformation: [-0.2659f,-0.284f,-0.9212f,-0.4935f,0.5452f,0.7438f,-0.3867f,0.5248f,0.795f,-0.6051f,-0.0429f,0.1292f,0f,0f,0f,1f],start_interpolation: 0,interpolation_duration: 1}
$data merge entity $(rightpointerfinger) {transformation: [-0.2659f,-0.284f,-0.9212f,-0.4726f,0.5452f,0.7438f,-0.3867f,0.3223f,0.795f,-0.6051f,-0.0429f,0.4127f,0f,0f,0f,1f],start_interpolation: 0,interpolation_duration: 1}
$data merge entity $(rightmidfinger) {transformation: [-0.2659f,-0.284f,-0.9212f,-0.6165f,0.5452f,0.7438f,-0.3867f,0.2619f,0.795f,-0.6051f,-0.0429f,0.406f,0f,0f,0f,1f],start_interpolation: 0,interpolation_duration: 1}
$data merge entity $(rightringfinger) {transformation: [-0.2659f,-0.284f,-0.9212f,-0.7605f,0.5452f,0.7438f,-0.3867f,0.2014f,0.795f,-0.6051f,-0.0429f,0.3993f,0f,0f,0f,1f],start_interpolation: 0,interpolation_duration: 1}
$data merge entity $(hugeasssword) {transformation: [-1.0415f,-1.1122f,-3.6081f,-0.5892f,2.1356f,2.9131f,-1.5144f,0.2741f,3.1137f,-2.37f,-0.1682f,0.0726f,0f,0f,0f,1f],start_interpolation: 0,interpolation_duration: 1}
$data merge entity $(whey) {transformation: [-0.2659f,0.8379f,-0.4766f,-0.3873f,0.5452f,0.5385f,0.6424f,0.1651f,0.795f,-0.089f,-0.6001f,-0.0013f,0f,0f,0f,1f],start_interpolation: 0,interpolation_duration: 1}
$data merge entity $(ice) {transformation: [-0.2659f,-0.284f,-0.9212f,-0.5806f,0.5452f,0.7438f,-0.3867f,0.254f,0.795f,-0.6051f,-0.0429f,0.0696f,0f,0f,0f,1f],start_interpolation: 0,interpolation_duration: 1}
$data merge entity $(righthand1) {transformation: [-0.2659f,-0.284f,-0.9212f,-0.7468f,0.5452f,0.7438f,-0.3867f,0.5642f,0.795f,-0.6051f,-0.0429f,0.1157f,0f,0f,0f,1f],start_interpolation: 0,interpolation_duration: 1}
$data merge entity $(rightforearm) {transformation: [-0.2659f,-0.284f,-0.9212f,-0.9155f,0.5452f,0.7438f,-0.3867f,1.0591f,0.795f,-0.6051f,-0.0429f,-0.3588f,0f,0f,0f,1f],start_interpolation: 0,interpolation_duration: 1}
$data merge entity $(rightelbow) {transformation: [-0.2659f,-0.284f,-0.9212f,-0.9687f,0.5452f,0.7438f,-0.3867f,1.1986f,0.795f,-0.6051f,-0.0429f,-0.4722f,0f,0f,0f,1f],start_interpolation: 0,interpolation_duration: 1}
$data merge entity $(rightarm) {transformation: [-1f,0f,0f,-0.75f,0f,0.997f,-0.0778f,1.6995f,0f,-0.0778f,-0.997f,-0.4799f,0f,0f,0f,1f],start_interpolation: 0,interpolation_duration: 1}
$data merge entity $(chest1) {transformation: [-1.0833f,0f,0f,-0.0023f,0f,1.0437f,0.2902f,1.5745f,0f,0.2902f,-1.0437f,-0.6289f,0f,0f,0f,1f],start_interpolation: 0,interpolation_duration: 1}
$data merge entity $(chest1lid) {transformation: [-1f,0f,0f,-0.3437f,0f,0.9634f,0.2679f,0.8112f,0f,0.2679f,-0.9634f,-0.435f,0f,0f,0f,1f],start_interpolation: 0,interpolation_duration: 1}
$data merge entity $(chest2) {transformation: [-1f,0f,0f,-0.3437f,0f,0.9634f,0.2679f,0.6607f,0f,0.2679f,-0.9634f,-0.4769f,0f,0f,0f,1f],start_interpolation: 0,interpolation_duration: 1}
$data merge entity $(chest1lid3) {transformation: [-1f,0f,0f,-0.2812f,0f,0.9634f,0.2679f,0.9828f,0f,0.2679f,-0.9634f,-1.0522f,0f,0f,0f,1f],start_interpolation: 0,interpolation_duration: 1}
$data merge entity $(chest3) {transformation: [-1f,0f,0f,-0.2812f,0f,0.9634f,0.2679f,0.8323f,0f,0.2679f,-0.9634f,-1.0941f,0f,0f,0f,1f],start_interpolation: 0,interpolation_duration: 1}
$data merge entity $(hugeasssword2) {transformation: [0f,2.8877f,-2.6461f,-1.2344f,-1.0493f,2.5493f,2.7821f,2.7634f,3.7735f,0.7089f,0.7736f,-0.5733f,0f,0f,0f,1f],start_interpolation: 0,interpolation_duration: 1}
$data merge entity $(belt) {transformation: [-1f,0f,0f,0.0297f,0f,0.9634f,0.2679f,1.1557f,0f,0.2679f,-0.9634f,-0.6095f,0f,0f,0f,1f],start_interpolation: 0,interpolation_duration: 1}
data modify entity @s data merge value {"cameras":{},"locators":{"soup":{"px":0.3288322317712655,"py":0.4233809546770637,"pz":0.22152086742316954,"ry":169.95114314996505,"rx":42.87684891147437},"lefthand":{"px":0.4917352489152582,"py":0.3579446582355417,"pz":0.2976658976723268,"ry":102.15814154783885,"rx":-22.14910144135777},"sword":{"px":2.810315663385419,"py":1.725370009788571,"pz":0.31259281074188,"ry":272.6687257704464,"rx":-22.747174947870025},"righthand":{"px":-0.5866824733782435,"py":0.29954101283110096,"pz":0.15425273287323313,"ry":272.6687257704464,"rx":-22.747174947870025},"chest":{"px":-0.375,"py":0.7091422068923094,"pz":-0.3012374323545679,"ry":0,"rx":15.54}}}