# This file was generated by Animated Java via MC-Build. It is not recommended to edit this file directly.
$data merge entity $(nose) {transformation: [-0.9597f,0.0023f,0.281f,-0.0523f,0.0243f,0.9969f,0.0745f,2.2823f,-0.28f,0.0783f,-0.9568f,-0.1486f,0f,0f,0f,1f],start_interpolation: 0,interpolation_duration: 1}
$data merge entity $(glowing_eye) {transformation: [-0.9597f,0.0023f,0.281f,-0.182f,0.0243f,0.9969f,0.0745f,2.3503f,-0.28f,0.0783f,-0.9568f,-0.1449f,0f,0f,0f,1f],start_interpolation: 0,interpolation_duration: 1}
$data merge entity $(head) {transformation: [-0.9597f,0.0023f,0.281f,0f,0.0243f,0.9969f,0.0745f,2.1732f,-0.28f,0.0783f,-0.9568f,-0.3375f,0f,0f,0f,1f],start_interpolation: 0,interpolation_duration: 1}
$data merge entity $(leftthumb2) {transformation: [-0.1279f,0.4048f,0.9054f,0.2014f,-0.6567f,0.6495f,-0.3831f,0.4818f,-0.7432f,-0.6436f,0.1828f,0.2918f,0f,0f,0f,1f],start_interpolation: 0,interpolation_duration: 1}
$data merge entity $(leftthumb) {transformation: [-0.1279f,0.4048f,0.9054f,0.3781f,-0.6567f,0.6495f,-0.3831f,0.6083f,-0.7432f,-0.6436f,0.1828f,0.1495f,0f,0f,0f,1f],start_interpolation: 0,interpolation_duration: 1}
$data merge entity $(leftpointerfinger) {transformation: [-0.1279f,0.4048f,0.9054f,0.3017f,-0.6567f,0.6495f,-0.3831f,0.4491f,-0.7432f,-0.6436f,0.1828f,0.4506f,0f,0f,0f,1f],start_interpolation: 0,interpolation_duration: 1}
$data merge entity $(leftmidfinger) {transformation: [-0.1279f,0.4048f,0.9054f,0.4431f,-0.6567f,0.6495f,-0.3831f,0.3892f,-0.7432f,-0.6436f,0.1828f,0.4792f,0f,0f,0f,1f],start_interpolation: 0,interpolation_duration: 1}
$data merge entity $(leftringfinger) {transformation: [-0.1279f,0.4048f,0.9054f,0.5846f,-0.6567f,0.6495f,-0.3831f,0.3293f,-0.7432f,-0.6436f,0.1828f,0.5077f,0f,0f,0f,1f],start_interpolation: 0,interpolation_duration: 1}
$data merge entity $(invisibility) {transformation: [0.4822f,-0.8667f,0.1279f,0.2937f,0.6137f,0.4383f,0.6567f,0.4089f,-0.6252f,-0.2382f,0.7432f,0.2351f,0f,0f,0f,1f],start_interpolation: 0,interpolation_duration: 1}
$data merge entity $(swiftness) {transformation: [0.9054f,0.4048f,0.1279f,0.402f,-0.3831f,0.6495f,0.6567f,0.2149f,0.1828f,-0.6436f,0.7432f,0.3179f,0f,0f,0f,1f],start_interpolation: 0,interpolation_duration: 1}
$data merge entity $(suspicious_stew) {transformation: [0.7495f,-0.6495f,0.1279f,0.4445f,0.4268f,0.6217f,0.6567f,0.3067f,-0.5061f,-0.4377f,0.7432f,0.2996f,0f,0f,0f,1f],start_interpolation: 0,interpolation_duration: 1}
$data merge entity $(log) {transformation: [-0.1279f,0.4048f,0.9054f,0.5255f,-0.6567f,0.6495f,-0.3831f,0.3083f,-0.7432f,-0.6436f,0.1828f,0.158f,0f,0f,0f,1f],start_interpolation: 0,interpolation_duration: 1}
$data merge entity $(planks) {transformation: [-0.1279f,0.4048f,0.9054f,0.5135f,-0.6567f,0.6495f,-0.3831f,0.2467f,-0.7432f,-0.6436f,0.1828f,0.0883f,0f,0f,0f,1f],start_interpolation: 0,interpolation_duration: 1}
$data merge entity $(lefthand1) {transformation: [-0.1279f,0.4048f,0.9054f,0.6304f,-0.6567f,0.6495f,-0.3831f,0.6469f,-0.7432f,-0.6436f,0.1828f,0.1772f,0f,0f,0f,1f],start_interpolation: 0,interpolation_duration: 1}
$data merge entity $(leftforearm) {transformation: [-0.1279f,0.4048f,0.9054f,0.8929f,-0.6567f,0.6495f,-0.3831f,1.0685f,-0.7432f,-0.6436f,0.1828f,-0.3247f,0f,0f,0f,1f],start_interpolation: 0,interpolation_duration: 1}
$data merge entity $(leftelbow) {transformation: [-0.1279f,0.4048f,0.9054f,0.9688f,-0.6567f,0.6495f,-0.3831f,1.1903f,-0.7432f,-0.6436f,0.1828f,-0.4453f,0f,0f,0f,1f],start_interpolation: 0,interpolation_duration: 1}
$data merge entity $(leftarm) {transformation: [-1f,0f,0f,0.75f,0f,0.996f,-0.089f,1.6911f,0f,-0.089f,-0.996f,-0.4587f,0f,0f,0f,1f],start_interpolation: 0,interpolation_duration: 1}
$data merge entity $(rightthumb2) {transformation: [-0.2659f,-0.284f,-0.9212f,-0.3451f,0.5193f,0.7629f,-0.3851f,0.3432f,0.8122f,-0.5808f,-0.0554f,0.2593f,0f,0f,0f,1f],start_interpolation: 0,interpolation_duration: 1}
$data merge entity $(rightthumb) {transformation: [-0.2659f,-0.284f,-0.9212f,-0.4935f,0.5193f,0.7629f,-0.3851f,0.4974f,0.8122f,-0.5808f,-0.0554f,0.1121f,0f,0f,0f,1f],start_interpolation: 0,interpolation_duration: 1}
$data merge entity $(rightpointerfinger) {transformation: [-0.2659f,-0.284f,-0.9212f,-0.4726f,0.5193f,0.7629f,-0.3851f,0.2858f,0.8122f,-0.5808f,-0.0554f,0.3889f,0f,0f,0f,1f],start_interpolation: 0,interpolation_duration: 1}
$data merge entity $(rightmidfinger) {transformation: [-0.2659f,-0.284f,-0.9212f,-0.6165f,0.5193f,0.7629f,-0.3851f,0.2256f,0.8122f,-0.5808f,-0.0554f,0.3803f,0f,0f,0f,1f],start_interpolation: 0,interpolation_duration: 1}
$data merge entity $(rightringfinger) {transformation: [-0.2659f,-0.284f,-0.9212f,-0.7605f,0.5193f,0.7629f,-0.3851f,0.1654f,0.8122f,-0.5808f,-0.0554f,0.3716f,0f,0f,0f,1f],start_interpolation: 0,interpolation_duration: 1}
$data merge entity $(hugeasssword) {transformation: [-1.0415f,-1.1122f,-3.6081f,-0.5892f,2.0338f,2.9882f,-1.5082f,0.2486f,3.1811f,-2.2746f,-0.2171f,0.0474f,0f,0f,0f,1f],start_interpolation: 0,interpolation_duration: 1}
$data merge entity $(whey) {transformation: [-0.2659f,0.8379f,-0.4766f,-0.3873f,0.5193f,0.5411f,0.6615f,0.142f,0.8122f,-0.0716f,-0.579f,-0.0299f,0f,0f,0f,1f],start_interpolation: 0,interpolation_duration: 1}
$data merge entity $(ice) {transformation: [-0.2659f,-0.284f,-0.9212f,-0.5806f,0.5193f,0.7629f,-0.3851f,0.2286f,0.8122f,-0.5808f,-0.0554f,0.0438f,0f,0f,0f,1f],start_interpolation: 0,interpolation_duration: 1}
$data merge entity $(righthand1) {transformation: [-0.2659f,-0.284f,-0.9212f,-0.7468f,0.5193f,0.7629f,-0.3851f,0.5371f,0.8122f,-0.5808f,-0.0554f,0.0999f,0f,0f,0f,1f],start_interpolation: 0,interpolation_duration: 1}
$data merge entity $(rightforearm) {transformation: [-0.2659f,-0.284f,-0.9212f,-0.9155f,0.5193f,0.7629f,-0.3851f,1.0471f,0.8122f,-0.5808f,-0.0554f,-0.3583f,0f,0f,0f,1f],start_interpolation: 0,interpolation_duration: 1}
$data merge entity $(rightelbow) {transformation: [-0.2659f,-0.284f,-0.9212f,-0.9687f,0.5193f,0.7629f,-0.3851f,1.1902f,0.8122f,-0.5808f,-0.0554f,-0.4672f,0f,0f,0f,1f],start_interpolation: 0,interpolation_duration: 1}
$data merge entity $(rightarm) {transformation: [-1f,0f,0f,-0.75f,0f,0.999f,-0.0455f,1.6911f,0f,-0.0455f,-0.999f,-0.4587f,0f,0f,0f,1f],start_interpolation: 0,interpolation_duration: 1}
$data merge entity $(chest1) {transformation: [-1.0833f,0f,0f,-0.0023f,0f,1.0338f,0.3238f,1.571f,0f,0.3238f,-1.0338f,-0.6117f,0f,0f,0f,1f],start_interpolation: 0,interpolation_duration: 1}
$data merge entity $(chest1lid) {transformation: [-1f,0f,0f,-0.3437f,0f,0.9543f,0.2989f,0.8018f,0f,0.2989f,-0.9543f,-0.4425f,0f,0f,0f,1f],start_interpolation: 0,interpolation_duration: 1}
$data merge entity $(chest2) {transformation: [-1f,0f,0f,-0.3437f,0f,0.9543f,0.2989f,0.6527f,0f,0.2989f,-0.9543f,-0.4892f,0f,0f,0f,1f],start_interpolation: 0,interpolation_duration: 1}
$data merge entity $(chest1lid3) {transformation: [-1f,0f,0f,-0.2812f,0f,0.9543f,0.2989f,0.9933f,0f,0.2989f,-0.9543f,-1.0539f,0f,0f,0f,1f],start_interpolation: 0,interpolation_duration: 1}
$data merge entity $(chest3) {transformation: [-1f,0f,0f,-0.2812f,0f,0.9543f,0.2989f,0.8442f,0f,0.2989f,-0.9543f,-1.1006f,0f,0f,0f,1f],start_interpolation: 0,interpolation_duration: 1}
$data merge entity $(hugeasssword2) {transformation: [0f,2.8877f,-2.6461f,-1.2344f,-1.1708f,2.5251f,2.7556f,2.7575f,3.7376f,0.791f,0.8632f,-0.5177f,0f,0f,0f,1f],start_interpolation: 0,interpolation_duration: 1}
$data merge entity $(belt) {transformation: [-1f,0f,0f,0.0297f,0f,0.9543f,0.2989f,1.1518f,0f,0.2989f,-0.9543f,-0.6058f,0f,0f,0f,1f],start_interpolation: 0,interpolation_duration: 1}
data modify entity @s data merge value {"cameras":{},"locators":{"soup":{"px":0.3288322317712655,"py":0.3929891048106252,"pz":0.2011291359824528,"ry":170.23775842428222,"rx":41.051877367922415},"lefthand":{"px":0.4917352489152582,"py":0.32512539787536265,"pz":0.2751189447714516,"ry":101.41287383312591,"rx":-22.52752725241844},"sword":{"px":2.810315663385419,"py":1.691353460261513,"pz":0.3342441200548759,"ry":273.4425637633666,"rx":-22.648410985005707},"righthand":{"px":-0.5866824733782435,"py":0.27138853341428903,"pz":0.12989266949004175,"ry":273.4425637633666,"rx":-22.648410985005707},"chest":{"px":-0.375,"py":0.695500700360076,"pz":-0.3121178492130392,"ry":0,"rx":17.392578125000004}}}