# This file was generated by Animated Java via MC-Build. It is not recommended to edit this file directly.
$data merge entity $(nose) {transformation: [-0.9493f,-0.0001f,0.3144f,-0.0589f,0.0172f,0.9985f,0.0521f,2.2978f,-0.3139f,0.0549f,-0.9479f,-0.1868f,0f,0f,0f,1f],start_interpolation: 0,interpolation_duration: 1}
$data merge entity $(glowing_eye) {transformation: [-0.9493f,-0.0001f,0.3144f,-0.1885f,0.0172f,0.9985f,0.0521f,2.3657f,-0.3139f,0.0549f,-0.9479f,-0.1892f,0f,0f,0f,1f],start_interpolation: 0,interpolation_duration: 1}
$data merge entity $(head) {transformation: [-0.9493f,-0.0001f,0.3144f,0f,0.0172f,0.9985f,0.0521f,2.1842f,-0.3139f,0.0549f,-0.9479f,-0.3711f,0f,0f,0f,1f],start_interpolation: 0,interpolation_duration: 1}
$data merge entity $(leftthumb2) {transformation: [-0.1279f,0.4048f,0.9054f,0.2014f,-0.6784f,0.6303f,-0.3776f,0.5121f,-0.7235f,-0.6625f,0.194f,0.3077f,0f,0f,0f,1f],start_interpolation: 0,interpolation_duration: 1}
$data merge entity $(leftthumb) {transformation: [-0.1279f,0.4048f,0.9054f,0.3781f,-0.6784f,0.6303f,-0.3776f,0.6344f,-0.7235f,-0.6625f,0.194f,0.1619f,0f,0f,0f,1f],start_interpolation: 0,interpolation_duration: 1}
$data merge entity $(leftpointerfinger) {transformation: [-0.1279f,0.4048f,0.9054f,0.3017f,-0.6784f,0.6303f,-0.3776f,0.4841f,-0.7235f,-0.6625f,0.194f,0.4675f,0f,0f,0f,1f],start_interpolation: 0,interpolation_duration: 1}
$data merge entity $(leftmidfinger) {transformation: [-0.1279f,0.4048f,0.9054f,0.4431f,-0.6784f,0.6303f,-0.3776f,0.4251f,-0.7235f,-0.6625f,0.194f,0.4978f,0f,0f,0f,1f],start_interpolation: 0,interpolation_duration: 1}
$data merge entity $(leftringfinger) {transformation: [-0.1279f,0.4048f,0.9054f,0.5846f,-0.6784f,0.6303f,-0.3776f,0.3661f,-0.7235f,-0.6625f,0.194f,0.5281f,0f,0f,0f,1f],start_interpolation: 0,interpolation_duration: 1}
$data merge entity $(invisibility) {transformation: [0.4822f,-0.8667f,0.1279f,0.2937f,0.595f,0.4311f,0.6784f,0.4376f,-0.6431f,-0.251f,0.7235f,0.2533f,0f,0f,0f,1f],start_interpolation: 0,interpolation_duration: 1}
$data merge entity $(swiftness) {transformation: [0.9054f,0.4048f,0.1279f,0.402f,-0.3776f,0.6303f,0.6784f,0.2461f,0.194f,-0.6625f,0.7235f,0.3417f,0f,0f,0f,1f],start_interpolation: 0,interpolation_duration: 1}
$data merge entity $(suspicious_stew) {transformation: [0.7495f,-0.6495f,0.1279f,0.4445f,0.4117f,0.6086f,0.6784f,0.3373f,-0.5184f,-0.4558f,0.7235f,0.3207f,0f,0f,0f,1f],start_interpolation: 0,interpolation_duration: 1}
$data merge entity $(log) {transformation: [-0.1279f,0.4048f,0.9054f,0.5255f,-0.6784f,0.6303f,-0.3776f,0.3348f,-0.7235f,-0.6625f,0.194f,0.1792f,0f,0f,0f,1f],start_interpolation: 0,interpolation_duration: 1}
$data merge entity $(planks) {transformation: [-0.1279f,0.4048f,0.9054f,0.5135f,-0.6784f,0.6303f,-0.3776f,0.2712f,-0.7235f,-0.6625f,0.194f,0.1113f,0f,0f,0f,1f],start_interpolation: 0,interpolation_duration: 1}
$data merge entity $(lefthand1) {transformation: [-0.1279f,0.4048f,0.9054f,0.6304f,-0.6784f,0.6303f,-0.3776f,0.6737f,-0.7235f,-0.6625f,0.194f,0.1884f,0f,0f,0f,1f],start_interpolation: 0,interpolation_duration: 1}
$data merge entity $(leftforearm) {transformation: [-0.1279f,0.4048f,0.9054f,0.8929f,-0.6784f,0.6303f,-0.3776f,1.0804f,-0.7235f,-0.6625f,0.194f,-0.3257f,0f,0f,0f,1f],start_interpolation: 0,interpolation_duration: 1}
$data merge entity $(leftelbow) {transformation: [-0.1279f,0.4048f,0.9054f,0.9688f,-0.6784f,0.6303f,-0.3776f,1.1986f,-0.7235f,-0.6625f,0.194f,-0.4499f,0f,0f,0f,1f],start_interpolation: 0,interpolation_duration: 1}
$data merge entity $(leftarm) {transformation: [-1f,0f,0f,0.75f,0f,0.993f,-0.1183f,1.6988f,0f,-0.1183f,-0.993f,-0.4781f,0f,0f,0f,1f],start_interpolation: 0,interpolation_duration: 1}
$data merge entity $(rightthumb2) {transformation: [-0.2659f,-0.284f,-0.9212f,-0.3451f,0.543f,0.7455f,-0.3865f,0.3726f,0.7965f,-0.603f,-0.044f,0.2794f,0f,0f,0f,1f],start_interpolation: 0,interpolation_duration: 1}
$data merge entity $(rightthumb) {transformation: [-0.2659f,-0.284f,-0.9212f,-0.4935f,0.543f,0.7455f,-0.3865f,0.5224f,0.7965f,-0.603f,-0.044f,0.1277f,0f,0f,0f,1f],start_interpolation: 0,interpolation_duration: 1}
$data merge entity $(rightpointerfinger) {transformation: [-0.2659f,-0.284f,-0.9212f,-0.4726f,0.543f,0.7455f,-0.3865f,0.319f,0.7965f,-0.603f,-0.044f,0.4106f,0f,0f,0f,1f],start_interpolation: 0,interpolation_duration: 1}
$data merge entity $(rightmidfinger) {transformation: [-0.2659f,-0.284f,-0.9212f,-0.6165f,0.543f,0.7455f,-0.3865f,0.2586f,0.7965f,-0.603f,-0.044f,0.4037f,0f,0f,0f,1f],start_interpolation: 0,interpolation_duration: 1}
$data merge entity $(rightringfinger) {transformation: [-0.2659f,-0.284f,-0.9212f,-0.7605f,0.543f,0.7455f,-0.3865f,0.1982f,0.7965f,-0.603f,-0.044f,0.3969f,0f,0f,0f,1f],start_interpolation: 0,interpolation_duration: 1}
$data merge entity $(hugeasssword) {transformation: [-1.0415f,-1.1122f,-3.6081f,-0.5892f,2.1266f,2.9199f,-1.514f,0.2718f,3.1198f,-2.3617f,-0.1725f,0.0704f,0f,0f,0f,1f],start_interpolation: 0,interpolation_duration: 1}
$data merge entity $(whey) {transformation: [-0.2659f,0.8379f,-0.4766f,-0.3873f,0.543f,0.5387f,0.6442f,0.163f,0.7965f,-0.0875f,-0.5982f,-0.0038f,0f,0f,0f,1f],start_interpolation: 0,interpolation_duration: 1}
$data merge entity $(ice) {transformation: [-0.2659f,-0.284f,-0.9212f,-0.5806f,0.543f,0.7455f,-0.3865f,0.2517f,0.7965f,-0.603f,-0.044f,0.0673f,0f,0f,0f,1f],start_interpolation: 0,interpolation_duration: 1}
$data merge entity $(righthand1) {transformation: [-0.2659f,-0.284f,-0.9212f,-0.7468f,0.543f,0.7455f,-0.3865f,0.5618f,0.7965f,-0.603f,-0.044f,0.1144f,0f,0f,0f,1f],start_interpolation: 0,interpolation_duration: 1}
$data merge entity $(rightforearm) {transformation: [-0.2659f,-0.284f,-0.9212f,-0.9155f,0.543f,0.7455f,-0.3865f,1.058f,0.7965f,-0.603f,-0.044f,-0.3587f,0f,0f,0f,1f],start_interpolation: 0,interpolation_duration: 1}
$data merge entity $(rightelbow) {transformation: [-0.2659f,-0.284f,-0.9212f,-0.9687f,0.543f,0.7455f,-0.3865f,1.1978f,0.7965f,-0.603f,-0.044f,-0.4718f,0f,0f,0f,1f],start_interpolation: 0,interpolation_duration: 1}
$data merge entity $(rightarm) {transformation: [-1f,0f,0f,-0.75f,0f,0.9972f,-0.0749f,1.6988f,0f,-0.0749f,-0.9972f,-0.4781f,0f,0f,0f,1f],start_interpolation: 0,interpolation_duration: 1}
$data merge entity $(chest1) {transformation: [-1.0833f,0f,0f,-0.0023f,0f,1.0429f,0.2932f,1.5742f,0f,0.2932f,-1.0429f,-0.6274f,0f,0f,0f,1f],start_interpolation: 0,interpolation_duration: 1}
$data merge entity $(chest1lid) {transformation: [-1f,0f,0f,-0.3437f,0f,0.9627f,0.2707f,0.8104f,0f,0.2707f,-0.9627f,-0.4357f,0f,0f,0f,1f],start_interpolation: 0,interpolation_duration: 1}
$data merge entity $(chest2) {transformation: [-1f,0f,0f,-0.3437f,0f,0.9627f,0.2707f,0.66f,0f,0.2707f,-0.9627f,-0.478f,0f,0f,0f,1f],start_interpolation: 0,interpolation_duration: 1}
$data merge entity $(chest1lid3) {transformation: [-1f,0f,0f,-0.2812f,0f,0.9627f,0.2707f,0.9838f,0f,0.2707f,-0.9627f,-1.0524f,0f,0f,0f,1f],start_interpolation: 0,interpolation_duration: 1}
$data merge entity $(chest3) {transformation: [-1f,0f,0f,-0.2812f,0f,0.9627f,0.2707f,0.8334f,0f,0.2707f,-0.9627f,-1.0947f,0f,0f,0f,1f],start_interpolation: 0,interpolation_duration: 1}
$data merge entity $(hugeasssword2) {transformation: [0f,2.8877f,-2.6461f,-1.2344f,-1.0601f,2.5473f,2.7799f,2.7629f,3.7705f,0.7162f,0.7816f,-0.5684f,0f,0f,0f,1f],start_interpolation: 0,interpolation_duration: 1}
$data merge entity $(belt) {transformation: [-1f,0f,0f,0.0297f,0f,0.9627f,0.2707f,1.1553f,0f,0.2707f,-0.9627f,-0.6092f,0f,0f,0f,1f],start_interpolation: 0,interpolation_duration: 1}
data modify entity @s data merge value {"cameras":{},"locators":{"soup":{"px":0.3288322317712655,"py":0.4206578761756188,"pz":0.21975140163097556,"ry":169.97766399911774,"rx":42.71498889391459},"lefthand":{"px":0.4917352489152582,"py":0.3550033979884154,"pz":0.295708389575429,"ry":102.09266787751487,"rx":-22.183628781487464},"sword":{"px":2.810315663385419,"py":1.7223802987098786,"pz":0.3145582218578954,"ry":272.73755470391615,"rx":-22.739422819364588},"righthand":{"px":-0.5866824733782435,"py":0.2970114282363171,"pz":0.15212826184707168,"ry":272.73755470391615,"rx":-22.739422819364588},"chest":{"px":-0.375,"py":0.7079176837781745,"pz":-0.30218493183344136,"ry":0,"rx":15.704375}}}