# This file was generated by Animated Java via MC-Build. It is not recommended to edit this file directly.
$data merge entity $(nose) {transformation: [-0.9679f,-0.0003f,0.2515f,-0.0471f,0.012f,0.9988f,0.0475f,2.3002f,-0.2512f,0.049f,-0.9667f,-0.1888f,0f,0f,0f,1f],start_interpolation: 0,interpolation_duration: 1}
$data merge entity $(glowing_eye) {transformation: [-0.9679f,-0.0003f,0.2515f,-0.1769f,0.012f,0.9988f,0.0475f,2.3676f,-0.2512f,0.049f,-0.9667f,-0.1832f,0f,0f,0f,1f],start_interpolation: 0,interpolation_duration: 1}
$data merge entity $(head) {transformation: [-0.9679f,-0.0003f,0.2515f,0f,0.012f,0.9988f,0.0475f,2.1857f,-0.2512f,0.049f,-0.9667f,-0.3759f,0f,0f,0f,1f],start_interpolation: 0,interpolation_duration: 1}
$data merge entity $(leftthumb2) {transformation: [-0.1279f,0.4048f,0.9054f,0.2014f,-0.6814f,0.6275f,-0.3768f,0.5164f,-0.7207f,-0.6651f,0.1956f,0.3099f,0f,0f,0f,1f],start_interpolation: 0,interpolation_duration: 1}
$data merge entity $(leftthumb) {transformation: [-0.1279f,0.4048f,0.9054f,0.3781f,-0.6814f,0.6275f,-0.3768f,0.6381f,-0.7207f,-0.6651f,0.1956f,0.1635f,0f,0f,0f,1f],start_interpolation: 0,interpolation_duration: 1}
$data merge entity $(leftpointerfinger) {transformation: [-0.1279f,0.4048f,0.9054f,0.3017f,-0.6814f,0.6275f,-0.3768f,0.4891f,-0.7207f,-0.6651f,0.1956f,0.4698f,0f,0f,0f,1f],start_interpolation: 0,interpolation_duration: 1}
$data merge entity $(leftmidfinger) {transformation: [-0.1279f,0.4048f,0.9054f,0.4431f,-0.6814f,0.6275f,-0.3768f,0.4302f,-0.7207f,-0.6651f,0.1956f,0.5003f,0f,0f,0f,1f],start_interpolation: 0,interpolation_duration: 1}
$data merge entity $(leftringfinger) {transformation: [-0.1279f,0.4048f,0.9054f,0.5846f,-0.6814f,0.6275f,-0.3768f,0.3714f,-0.7207f,-0.6651f,0.1956f,0.5309f,0f,0f,0f,1f],start_interpolation: 0,interpolation_duration: 1}
$data merge entity $(invisibility) {transformation: [0.4822f,-0.8667f,0.1279f,0.2937f,0.5923f,0.43f,0.6814f,0.4417f,-0.6456f,-0.2528f,0.7207f,0.2558f,0f,0f,0f,1f],start_interpolation: 0,interpolation_duration: 1}
$data merge entity $(swiftness) {transformation: [0.9054f,0.4048f,0.1279f,0.402f,-0.3768f,0.6275f,0.6814f,0.2506f,0.1956f,-0.6651f,0.7207f,0.345f,0f,0f,0f,1f],start_interpolation: 0,interpolation_duration: 1}
$data merge entity $(suspicious_stew) {transformation: [0.7495f,-0.6495f,0.1279f,0.4445f,0.4095f,0.6067f,0.6814f,0.3417f,-0.5202f,-0.4583f,0.7207f,0.3236f,0f,0f,0f,1f],start_interpolation: 0,interpolation_duration: 1}
$data merge entity $(log) {transformation: [-0.1279f,0.4048f,0.9054f,0.5255f,-0.6814f,0.6275f,-0.3768f,0.3386f,-0.7207f,-0.6651f,0.1956f,0.1821f,0f,0f,0f,1f],start_interpolation: 0,interpolation_duration: 1}
$data merge entity $(planks) {transformation: [-0.1279f,0.4048f,0.9054f,0.5135f,-0.6814f,0.6275f,-0.3768f,0.2747f,-0.7207f,-0.6651f,0.1956f,0.1145f,0f,0f,0f,1f],start_interpolation: 0,interpolation_duration: 1}
$data merge entity $(lefthand1) {transformation: [-0.1279f,0.4048f,0.9054f,0.6304f,-0.6814f,0.6275f,-0.3768f,0.6776f,-0.7207f,-0.6651f,0.1956f,0.1899f,0f,0f,0f,1f],start_interpolation: 0,interpolation_duration: 1}
$data merge entity $(leftforearm) {transformation: [-0.1279f,0.4048f,0.9054f,0.8929f,-0.6814f,0.6275f,-0.3768f,1.0821f,-0.7207f,-0.6651f,0.1956f,-0.3259f,0f,0f,0f,1f],start_interpolation: 0,interpolation_duration: 1}
$data merge entity $(leftelbow) {transformation: [-0.1279f,0.4048f,0.9054f,0.9688f,-0.6814f,0.6275f,-0.3768f,1.1997f,-0.7207f,-0.6651f,0.1956f,-0.4506f,0f,0f,0f,1f],start_interpolation: 0,interpolation_duration: 1}
$data merge entity $(leftarm) {transformation: [-1f,0f,0f,0.75f,0f,0.9925f,-0.1225f,1.6998f,0f,-0.1225f,-0.9925f,-0.4808f,0f,0f,0f,1f],start_interpolation: 0,interpolation_duration: 1}
$data merge entity $(rightthumb2) {transformation: [-0.2659f,-0.284f,-0.9212f,-0.3451f,0.5463f,0.743f,-0.3867f,0.3768f,0.7942f,-0.6061f,-0.0424f,0.2821f,0f,0f,0f,1f],start_interpolation: 0,interpolation_duration: 1}
$data merge entity $(rightthumb) {transformation: [-0.2659f,-0.284f,-0.9212f,-0.4935f,0.5463f,0.743f,-0.3867f,0.526f,0.7942f,-0.6061f,-0.0424f,0.1299f,0f,0f,0f,1f],start_interpolation: 0,interpolation_duration: 1}
$data merge entity $(rightpointerfinger) {transformation: [-0.2659f,-0.284f,-0.9212f,-0.4726f,0.5463f,0.743f,-0.3867f,0.3238f,0.7942f,-0.6061f,-0.0424f,0.4136f,0f,0f,0f,1f],start_interpolation: 0,interpolation_duration: 1}
$data merge entity $(rightmidfinger) {transformation: [-0.2659f,-0.284f,-0.9212f,-0.6165f,0.5463f,0.743f,-0.3867f,0.2634f,0.7942f,-0.6061f,-0.0424f,0.407f,0f,0f,0f,1f],start_interpolation: 0,interpolation_duration: 1}
$data merge entity $(rightringfinger) {transformation: [-0.2659f,-0.284f,-0.9212f,-0.7605f,0.5463f,0.743f,-0.3867f,0.203f,0.7942f,-0.6061f,-0.0424f,0.4004f,0f,0f,0f,1f],start_interpolation: 0,interpolation_duration: 1}
$data merge entity $(hugeasssword) {transformation: [-1.0415f,-1.1122f,-3.6081f,-0.5892f,2.1397f,2.9099f,-1.5147f,0.2752f,3.1108f,-2.3739f,-0.1662f,0.0736f,0f,0f,0f,1f],start_interpolation: 0,interpolation_duration: 1}
$data merge entity $(whey) {transformation: [-0.2659f,0.8379f,-0.4766f,-0.3873f,0.5463f,0.5384f,0.6416f,0.1661f,0.7942f,-0.0898f,-0.6009f,-0.0001f,0f,0f,0f,1f],start_interpolation: 0,interpolation_duration: 1}
$data merge entity $(ice) {transformation: [-0.2659f,-0.284f,-0.9212f,-0.5806f,0.5463f,0.743f,-0.3867f,0.2551f,0.7942f,-0.6061f,-0.0424f,0.0706f,0f,0f,0f,1f],start_interpolation: 0,interpolation_duration: 1}
$data merge entity $(righthand1) {transformation: [-0.2659f,-0.284f,-0.9212f,-0.7468f,0.5463f,0.743f,-0.3867f,0.5653f,0.7942f,-0.6061f,-0.0424f,0.1164f,0f,0f,0f,1f],start_interpolation: 0,interpolation_duration: 1}
$data merge entity $(rightforearm) {transformation: [-0.2659f,-0.284f,-0.9212f,-0.9155f,0.5463f,0.743f,-0.3867f,1.0596f,0.7942f,-0.6061f,-0.0424f,-0.3588f,0f,0f,0f,1f],start_interpolation: 0,interpolation_duration: 1}
$data merge entity $(rightelbow) {transformation: [-0.2659f,-0.284f,-0.9212f,-0.9687f,0.5463f,0.743f,-0.3867f,1.1989f,0.7942f,-0.6061f,-0.0424f,-0.4724f,0f,0f,0f,1f],start_interpolation: 0,interpolation_duration: 1}
$data merge entity $(rightarm) {transformation: [-1f,0f,0f,-0.75f,0f,0.9969f,-0.0791f,1.6998f,0f,-0.0791f,-0.9969f,-0.4808f,0f,0f,0f,1f],start_interpolation: 0,interpolation_duration: 1}
$data merge entity $(chest1) {transformation: [-1.0833f,0f,0f,-0.0023f,0f,1.0441f,0.2888f,1.5747f,0f,0.2888f,-1.0441f,-0.6297f,0f,0f,0f,1f],start_interpolation: 0,interpolation_duration: 1}
$data merge entity $(chest1lid) {transformation: [-1f,0f,0f,-0.3437f,0f,0.9638f,0.2666f,0.8116f,0f,0.2666f,-0.9638f,-0.4347f,0f,0f,0f,1f],start_interpolation: 0,interpolation_duration: 1}
$data merge entity $(chest2) {transformation: [-1f,0f,0f,-0.3437f,0f,0.9638f,0.2666f,0.661f,0f,0.2666f,-0.9638f,-0.4764f,0f,0f,0f,1f],start_interpolation: 0,interpolation_duration: 1}
$data merge entity $(chest1lid3) {transformation: [-1f,0f,0f,-0.2812f,0f,0.9638f,0.2666f,0.9824f,0f,0.2666f,-0.9638f,-1.0522f,0f,0f,0f,1f],start_interpolation: 0,interpolation_duration: 1}
$data merge entity $(chest3) {transformation: [-1f,0f,0f,-0.2812f,0f,0.9638f,0.2666f,0.8318f,0f,0.2666f,-0.9638f,-1.0938f,0f,0f,0f,1f],start_interpolation: 0,interpolation_duration: 1}
$data merge entity $(hugeasssword2) {transformation: [0f,2.8877f,-2.6461f,-1.2344f,-1.0443f,2.5503f,2.7831f,2.7636f,3.7749f,0.7055f,0.7699f,-0.5756f,0f,0f,0f,1f],start_interpolation: 0,interpolation_duration: 1}
$data merge entity $(belt) {transformation: [-1f,0f,0f,0.0297f,0f,0.9638f,0.2666f,1.1558f,0f,0.2666f,-0.9638f,-0.6097f,0f,0f,0f,1f],start_interpolation: 0,interpolation_duration: 1}
data modify entity @s data merge value {"cameras":{},"locators":{"soup":{"px":0.3288322317712655,"py":0.42465492886980194,"pz":0.2223448920754191,"ry":169.93867694695123,"rx":42.95246621298737},"lefthand":{"px":0.4917352489152582,"py":0.35932075280296677,"pz":0.2985775619833767,"ry":102.1886869233626,"rx":-22.132907185912227},"sword":{"px":2.810315663385419,"py":1.72676488343123,"pz":0.3116716222407901,"ry":272.6365583198152,"rx":-22.750729169357314},"righthand":{"px":-0.5866824733782435,"py":0.30072493488970614,"pz":0.15524280779830255,"ry":272.6365583198152,"rx":-22.750729169357314},"chest":{"px":-0.375,"py":0.709715241162666,"pz":-0.30079596047734314,"ry":0,"rx":15.463203125000005}}}