# This file was generated by Animated Java via MC-Build. It is not recommended to edit this file directly.
$data merge entity $(nose) {transformation: [-0.9996f,-0.0002f,0.0293f,-0.0055f,0.001f,0.9991f,0.0429f,2.3038f,-0.0293f,0.0429f,-0.9986f,-0.1925f,0f,0f,0f,1f],start_interpolation: 0,interpolation_duration: 1}
$data merge entity $(glowing_eye) {transformation: [-0.9996f,-0.0002f,0.0293f,-0.1315f,0.001f,0.9991f,0.0429f,2.37f,-0.0293f,0.0429f,-0.9986f,-0.1584f,0f,0f,0f,1f],start_interpolation: 0,interpolation_duration: 1}
$data merge entity $(head) {transformation: [-0.9996f,-0.0002f,0.0293f,0f,0.001f,0.9991f,0.0429f,2.1884f,-0.0293f,0.0429f,-0.9986f,-0.3848f,0f,0f,0f,1f],start_interpolation: 0,interpolation_duration: 1}
$data merge entity $(leftthumb2) {transformation: [-0.1279f,0.4048f,0.9054f,0.2014f,-0.687f,0.6223f,-0.3752f,0.5245f,-0.7153f,-0.67f,0.1985f,0.314f,0f,0f,0f,1f],start_interpolation: 0,interpolation_duration: 1}
$data merge entity $(leftthumb) {transformation: [-0.1279f,0.4048f,0.9054f,0.3781f,-0.687f,0.6223f,-0.3752f,0.6451f,-0.7153f,-0.67f,0.1985f,0.1666f,0f,0f,0f,1f],start_interpolation: 0,interpolation_duration: 1}
$data merge entity $(leftpointerfinger) {transformation: [-0.1279f,0.4048f,0.9054f,0.3017f,-0.687f,0.6223f,-0.3752f,0.4984f,-0.7153f,-0.67f,0.1985f,0.474f,0f,0f,0f,1f],start_interpolation: 0,interpolation_duration: 1}
$data merge entity $(leftmidfinger) {transformation: [-0.1279f,0.4048f,0.9054f,0.4431f,-0.687f,0.6223f,-0.3752f,0.4398f,-0.7153f,-0.67f,0.1985f,0.505f,0f,0f,0f,1f],start_interpolation: 0,interpolation_duration: 1}
$data merge entity $(leftringfinger) {transformation: [-0.1279f,0.4048f,0.9054f,0.5846f,-0.687f,0.6223f,-0.3752f,0.3812f,-0.7153f,-0.67f,0.1985f,0.536f,0f,0f,0f,1f],start_interpolation: 0,interpolation_duration: 1}
$data merge entity $(invisibility) {transformation: [0.4822f,-0.8667f,0.1279f,0.2937f,0.5872f,0.428f,0.687f,0.4494f,-0.6501f,-0.2561f,0.7153f,0.2604f,0f,0f,0f,1f],start_interpolation: 0,interpolation_duration: 1}
$data merge entity $(swiftness) {transformation: [0.9054f,0.4048f,0.1279f,0.402f,-0.3752f,0.6223f,0.687f,0.259f,0.1985f,-0.67f,0.7153f,0.3511f,0f,0f,0f,1f],start_interpolation: 0,interpolation_duration: 1}
$data merge entity $(suspicious_stew) {transformation: [0.7495f,-0.6495f,0.1279f,0.4445f,0.4054f,0.6031f,0.687f,0.3499f,-0.5233f,-0.463f,0.7153f,0.329f,0f,0f,0f,1f],start_interpolation: 0,interpolation_duration: 1}
$data merge entity $(log) {transformation: [-0.1279f,0.4048f,0.9054f,0.5255f,-0.687f,0.6223f,-0.3752f,0.3457f,-0.7153f,-0.67f,0.1985f,0.1875f,0f,0f,0f,1f],start_interpolation: 0,interpolation_duration: 1}
$data merge entity $(planks) {transformation: [-0.1279f,0.4048f,0.9054f,0.5135f,-0.687f,0.6223f,-0.3752f,0.2813f,-0.7153f,-0.67f,0.1985f,0.1205f,0f,0f,0f,1f],start_interpolation: 0,interpolation_duration: 1}
$data merge entity $(lefthand1) {transformation: [-0.1279f,0.4048f,0.9054f,0.6304f,-0.687f,0.6223f,-0.3752f,0.6847f,-0.7153f,-0.67f,0.1985f,0.1927f,0f,0f,0f,1f],start_interpolation: 0,interpolation_duration: 1}
$data merge entity $(leftforearm) {transformation: [-0.1279f,0.4048f,0.9054f,0.8929f,-0.687f,0.6223f,-0.3752f,1.0852f,-0.7153f,-0.67f,0.1985f,-0.3262f,0f,0f,0f,1f],start_interpolation: 0,interpolation_duration: 1}
$data merge entity $(leftelbow) {transformation: [-0.1279f,0.4048f,0.9054f,0.9688f,-0.687f,0.6223f,-0.3752f,1.2019f,-0.7153f,-0.67f,0.1985f,-0.4519f,0f,0f,0f,1f],start_interpolation: 0,interpolation_duration: 1}
$data merge entity $(leftarm) {transformation: [-1f,0f,0f,0.75f,0f,0.9915f,-0.1302f,1.7017f,0f,-0.1302f,-0.9915f,-0.486f,0f,0f,0f,1f],start_interpolation: 0,interpolation_duration: 1}
$data merge entity $(rightthumb2) {transformation: [-0.2659f,-0.284f,-0.9212f,-0.3451f,0.5525f,0.7382f,-0.387f,0.3847f,0.79f,-0.6119f,-0.0394f,0.2873f,0f,0f,0f,1f],start_interpolation: 0,interpolation_duration: 1}
$data merge entity $(rightthumb) {transformation: [-0.2659f,-0.284f,-0.9212f,-0.4935f,0.5525f,0.7382f,-0.387f,0.5326f,0.79f,-0.6119f,-0.0394f,0.1338f,0f,0f,0f,1f],start_interpolation: 0,interpolation_duration: 1}
$data merge entity $(rightpointerfinger) {transformation: [-0.2659f,-0.284f,-0.9212f,-0.4726f,0.5525f,0.7382f,-0.387f,0.3327f,0.79f,-0.6119f,-0.0394f,0.4192f,0f,0f,0f,1f],start_interpolation: 0,interpolation_duration: 1}
$data merge entity $(rightmidfinger) {transformation: [-0.2659f,-0.284f,-0.9212f,-0.6165f,0.5525f,0.7382f,-0.387f,0.2722f,0.79f,-0.6119f,-0.0394f,0.413f,0f,0f,0f,1f],start_interpolation: 0,interpolation_duration: 1}
$data merge entity $(rightringfinger) {transformation: [-0.2659f,-0.284f,-0.9212f,-0.7605f,0.5525f,0.7382f,-0.387f,0.2117f,0.79f,-0.6119f,-0.0394f,0.4068f,0f,0f,0f,1f],start_interpolation: 0,interpolation_duration: 1}
$data merge entity $(hugeasssword) {transformation: [-1.0415f,-1.1122f,-3.6081f,-0.5892f,2.1638f,2.8914f,-1.5159f,0.2815f,3.0941f,-2.3965f,-0.1544f,0.0795f,0f,0f,0f,1f],start_interpolation: 0,interpolation_duration: 1}
$data merge entity $(whey) {transformation: [-0.2659f,0.8379f,-0.4766f,-0.3873f,0.5525f,0.5376f,0.637f,0.1717f,0.79f,-0.0939f,-0.6059f,0.0066f,0f,0f,0f,1f],start_interpolation: 0,interpolation_duration: 1}
$data merge entity $(ice) {transformation: [-0.2659f,-0.284f,-0.9212f,-0.5806f,0.5525f,0.7382f,-0.387f,0.2613f,0.79f,-0.6119f,-0.0394f,0.0767f,0f,0f,0f,1f],start_interpolation: 0,interpolation_duration: 1}
$data merge entity $(righthand1) {transformation: [-0.2659f,-0.284f,-0.9212f,-0.7468f,0.5525f,0.7382f,-0.387f,0.5719f,0.79f,-0.6119f,-0.0394f,0.12f,0f,0f,0f,1f],start_interpolation: 0,interpolation_duration: 1}
$data merge entity $(rightforearm) {transformation: [-0.2659f,-0.284f,-0.9212f,-0.9155f,0.5525f,0.7382f,-0.387f,1.0625f,0.79f,-0.6119f,-0.0394f,-0.359f,0f,0f,0f,1f],start_interpolation: 0,interpolation_duration: 1}
$data merge entity $(rightelbow) {transformation: [-0.2659f,-0.284f,-0.9212f,-0.9687f,0.5525f,0.7382f,-0.387f,1.2009f,0.79f,-0.6119f,-0.0394f,-0.4737f,0f,0f,0f,1f],start_interpolation: 0,interpolation_duration: 1}
$data merge entity $(rightarm) {transformation: [-1f,0f,0f,-0.75f,0f,0.9962f,-0.0868f,1.7017f,0f,-0.0868f,-0.9962f,-0.486f,0f,0f,0f,1f],start_interpolation: 0,interpolation_duration: 1}
$data merge entity $(chest1) {transformation: [-1.0833f,0f,0f,-0.0023f,0f,1.0463f,0.2807f,1.5754f,0f,0.2807f,-1.0463f,-0.6338f,0f,0f,0f,1f],start_interpolation: 0,interpolation_duration: 1}
$data merge entity $(chest1lid) {transformation: [-1f,0f,0f,-0.3437f,0f,0.9658f,0.2591f,0.8139f,0f,0.2591f,-0.9658f,-0.433f,0f,0f,0f,1f],start_interpolation: 0,interpolation_duration: 1}
$data merge entity $(chest2) {transformation: [-1f,0f,0f,-0.3437f,0f,0.9658f,0.2591f,0.663f,0f,0.2591f,-0.9658f,-0.4735f,0f,0f,0f,1f],start_interpolation: 0,interpolation_duration: 1}
$data merge entity $(chest1lid3) {transformation: [-1f,0f,0f,-0.2812f,0f,0.9658f,0.2591f,0.9799f,0f,0.2591f,-0.9658f,-1.0517f,0f,0f,0f,1f],start_interpolation: 0,interpolation_duration: 1}
$data merge entity $(chest3) {transformation: [-1f,0f,0f,-0.2812f,0f,0.9658f,0.2591f,0.829f,0f,0.2591f,-0.9658f,-1.0922f,0f,0f,0f,1f],start_interpolation: 0,interpolation_duration: 1}
$data merge entity $(hugeasssword2) {transformation: [0f,2.8877f,-2.6461f,-1.2344f,-1.0149f,2.5557f,2.789f,2.7647f,3.7829f,0.6857f,0.7483f,-0.589f,0f,0f,0f,1f],start_interpolation: 0,interpolation_duration: 1}
$data merge entity $(belt) {transformation: [-1f,0f,0f,0.0297f,0f,0.9658f,0.2591f,1.1568f,0f,0.2591f,-0.9658f,-0.6106f,0f,0f,0f,1f],start_interpolation: 0,interpolation_duration: 1}
data modify entity @s data merge value {"cameras":{},"locators":{"soup":{"px":0.3288322317712655,"py":0.4320599314266607,"pz":0.22708686029019098,"ry":169.86546871709527,"rx":43.39065002299789},"lefthand":{"px":0.4917352489152582,"py":0.3673199020059903,"pz":0.3038247460718474,"ry":102.36515493709668,"rx":-22.038266626857478},"sword":{"px":2.810315663385419,"py":1.734824489636849,"pz":0.3062961044565997,"ry":272.4500076208002,"rx":-22.770479229726686},"righthand":{"px":-0.5866824733782435,"py":0.3076124275545476,"pz":0.16094948884075783,"ry":272.4500076208002,"rx":-22.770479229726686},"chest":{"px":-0.375,"py":0.7130478846101314,"pz":-0.29825255705815523,"ry":0,"rx":15.018124999999998}}}