# This file was generated by Animated Java via MC-Build. It is not recommended to edit this file directly.
$data merge entity $(nose) {transformation: [-1f,-0.0004f,-0.0073f,0.0013f,-0.0009f,0.9974f,0.0727f,2.2885f,0.0073f,0.0727f,-0.9973f,-0.1589f,0f,0f,0f,1f],start_interpolation: 0,interpolation_duration: 1}
$data merge entity $(glowing_eye) {transformation: [-1f,-0.0004f,-0.0073f,-0.1234f,-0.0009f,0.9974f,0.0727f,2.3534f,0.0073f,0.0727f,-0.9973f,-0.1182f,0f,0f,0f,1f],start_interpolation: 0,interpolation_duration: 1}
$data merge entity $(head) {transformation: [-1f,-0.0004f,-0.0073f,0f,-0.0009f,0.9974f,0.0727f,2.179f,0.0073f,0.0727f,-0.9973f,-0.3546f,0f,0f,0f,1f],start_interpolation: 0,interpolation_duration: 1}
$data merge entity $(leftthumb2) {transformation: [-0.1279f,0.4048f,0.9054f,0.2014f,-0.6679f,0.6398f,-0.3803f,0.4972f,-0.7332f,-0.6533f,0.1885f,0.3001f,0f,0f,0f,1f],start_interpolation: 0,interpolation_duration: 1}
$data merge entity $(leftthumb) {transformation: [-0.1279f,0.4048f,0.9054f,0.3781f,-0.6679f,0.6398f,-0.3803f,0.6216f,-0.7332f,-0.6533f,0.1885f,0.1559f,0f,0f,0f,1f],start_interpolation: 0,interpolation_duration: 1}
$data merge entity $(leftpointerfinger) {transformation: [-0.1279f,0.4048f,0.9054f,0.3017f,-0.6679f,0.6398f,-0.3803f,0.4669f,-0.7332f,-0.6533f,0.1885f,0.4593f,0f,0f,0f,1f],start_interpolation: 0,interpolation_duration: 1}
$data merge entity $(leftmidfinger) {transformation: [-0.1279f,0.4048f,0.9054f,0.4431f,-0.6679f,0.6398f,-0.3803f,0.4075f,-0.7332f,-0.6533f,0.1885f,0.4888f,0f,0f,0f,1f],start_interpolation: 0,interpolation_duration: 1}
$data merge entity $(leftringfinger) {transformation: [-0.1279f,0.4048f,0.9054f,0.5846f,-0.6679f,0.6398f,-0.3803f,0.348f,-0.7332f,-0.6533f,0.1885f,0.5183f,0f,0f,0f,1f],start_interpolation: 0,interpolation_duration: 1}
$data merge entity $(invisibility) {transformation: [0.4822f,-0.8667f,0.1279f,0.2937f,0.6042f,0.4346f,0.6679f,0.4235f,-0.6344f,-0.2448f,0.7332f,0.2445f,0f,0f,0f,1f],start_interpolation: 0,interpolation_duration: 1}
$data merge entity $(swiftness) {transformation: [0.9054f,0.4048f,0.1279f,0.402f,-0.3803f,0.6398f,0.6679f,0.2308f,0.1885f,-0.6533f,0.7332f,0.3302f,0f,0f,0f,1f],start_interpolation: 0,interpolation_duration: 1}
$data merge entity $(suspicious_stew) {transformation: [0.7495f,-0.6495f,0.1279f,0.4445f,0.4191f,0.6151f,0.6679f,0.3222f,-0.5124f,-0.447f,0.7332f,0.3105f,0f,0f,0f,1f],start_interpolation: 0,interpolation_duration: 1}
$data merge entity $(log) {transformation: [-0.1279f,0.4048f,0.9054f,0.5255f,-0.6679f,0.6398f,-0.3803f,0.3218f,-0.7332f,-0.6533f,0.1885f,0.1689f,0f,0f,0f,1f],start_interpolation: 0,interpolation_duration: 1}
$data merge entity $(planks) {transformation: [-0.1279f,0.4048f,0.9054f,0.5135f,-0.6679f,0.6398f,-0.3803f,0.2591f,-0.7332f,-0.6533f,0.1885f,0.1002f,0f,0f,0f,1f],start_interpolation: 0,interpolation_duration: 1}
$data merge entity $(lefthand1) {transformation: [-0.1279f,0.4048f,0.9054f,0.6304f,-0.6679f,0.6398f,-0.3803f,0.6606f,-0.7332f,-0.6533f,0.1885f,0.183f,0f,0f,0f,1f],start_interpolation: 0,interpolation_duration: 1}
$data merge entity $(leftforearm) {transformation: [-0.1279f,0.4048f,0.9054f,0.8929f,-0.6679f,0.6398f,-0.3803f,1.0746f,-0.7332f,-0.6533f,0.1885f,-0.3251f,0f,0f,0f,1f],start_interpolation: 0,interpolation_duration: 1}
$data merge entity $(leftelbow) {transformation: [-0.1279f,0.4048f,0.9054f,0.9688f,-0.6679f,0.6398f,-0.3803f,1.1945f,-0.7332f,-0.6533f,0.1885f,-0.4477f,0f,0f,0f,1f],start_interpolation: 0,interpolation_duration: 1}
$data merge entity $(leftarm) {transformation: [-1f,0f,0f,0.75f,0f,0.9946f,-0.104f,1.6951f,0f,-0.104f,-0.9946f,-0.4686f,0f,0f,0f,1f],start_interpolation: 0,interpolation_duration: 1}
$data merge entity $(rightthumb2) {transformation: [-0.2659f,-0.284f,-0.9212f,-0.3451f,0.5314f,0.7541f,-0.3859f,0.3581f,0.8043f,-0.5922f,-0.0496f,0.2697f,0f,0f,0f,1f],start_interpolation: 0,interpolation_duration: 1}
$data merge entity $(rightthumb) {transformation: [-0.2659f,-0.284f,-0.9212f,-0.4935f,0.5314f,0.7541f,-0.3859f,0.5101f,0.8043f,-0.5922f,-0.0496f,0.1202f,0f,0f,0f,1f],start_interpolation: 0,interpolation_duration: 1}
$data merge entity $(rightpointerfinger) {transformation: [-0.2659f,-0.284f,-0.9212f,-0.4726f,0.5314f,0.7541f,-0.3859f,0.3027f,0.8043f,-0.5922f,-0.0496f,0.4001f,0f,0f,0f,1f],start_interpolation: 0,interpolation_duration: 1}
$data merge entity $(rightmidfinger) {transformation: [-0.2659f,-0.284f,-0.9212f,-0.6165f,0.5314f,0.7541f,-0.3859f,0.2424f,0.8043f,-0.5922f,-0.0496f,0.3924f,0f,0f,0f,1f],start_interpolation: 0,interpolation_duration: 1}
$data merge entity $(rightringfinger) {transformation: [-0.2659f,-0.284f,-0.9212f,-0.7605f,0.5314f,0.7541f,-0.3859f,0.1821f,0.8043f,-0.5922f,-0.0496f,0.3846f,0f,0f,0f,1f],start_interpolation: 0,interpolation_duration: 1}
$data merge entity $(hugeasssword) {transformation: [-1.0415f,-1.1122f,-3.6081f,-0.5892f,2.0815f,2.9536f,-1.5113f,0.2604f,3.1501f,-2.3194f,-0.1943f,0.0592f,0f,0f,0f,1f],start_interpolation: 0,interpolation_duration: 1}
$data merge entity $(whey) {transformation: [-0.2659f,0.8379f,-0.4766f,-0.3873f,0.5314f,0.5399f,0.6527f,0.1527f,0.8043f,-0.0797f,-0.5889f,-0.0165f,0f,0f,0f,1f],start_interpolation: 0,interpolation_duration: 1}
$data merge entity $(ice) {transformation: [-0.2659f,-0.284f,-0.9212f,-0.5806f,0.5314f,0.7541f,-0.3859f,0.2403f,0.8043f,-0.5922f,-0.0496f,0.0559f,0f,0f,0f,1f],start_interpolation: 0,interpolation_duration: 1}
$data merge entity $(righthand1) {transformation: [-0.2659f,-0.284f,-0.9212f,-0.7468f,0.5314f,0.7541f,-0.3859f,0.5497f,0.8043f,-0.5922f,-0.0496f,0.1074f,0f,0f,0f,1f],start_interpolation: 0,interpolation_duration: 1}
$data merge entity $(rightforearm) {transformation: [-0.2659f,-0.284f,-0.9212f,-0.9155f,0.5314f,0.7541f,-0.3859f,1.0527f,0.8043f,-0.5922f,-0.0496f,-0.3585f,0f,0f,0f,1f],start_interpolation: 0,interpolation_duration: 1}
$data merge entity $(rightelbow) {transformation: [-0.2659f,-0.284f,-0.9212f,-0.9687f,0.5314f,0.7541f,-0.3859f,1.1941f,0.8043f,-0.5922f,-0.0496f,-0.4695f,0f,0f,0f,1f],start_interpolation: 0,interpolation_duration: 1}
$data merge entity $(rightarm) {transformation: [-1f,0f,0f,-0.75f,0f,0.9982f,-0.0605f,1.6951f,0f,-0.0605f,-0.9982f,-0.4686f,0f,0f,0f,1f],start_interpolation: 0,interpolation_duration: 1}
$data merge entity $(chest1) {transformation: [-1.0833f,0f,0f,-0.0023f,0f,1.0386f,0.3082f,1.5727f,0f,0.3082f,-1.0386f,-0.6197f,0f,0f,0f,1f],start_interpolation: 0,interpolation_duration: 1}
$data merge entity $(chest1lid) {transformation: [-1f,0f,0f,-0.3437f,0f,0.9587f,0.2845f,0.8062f,0f,0.2845f,-0.9587f,-0.439f,0f,0f,0f,1f],start_interpolation: 0,interpolation_duration: 1}
$data merge entity $(chest2) {transformation: [-1f,0f,0f,-0.3437f,0f,0.9587f,0.2845f,0.6564f,0f,0.2845f,-0.9587f,-0.4835f,0f,0f,0f,1f],start_interpolation: 0,interpolation_duration: 1}
$data merge entity $(chest1lid3) {transformation: [-1f,0f,0f,-0.2812f,0f,0.9587f,0.2845f,0.9884f,0f,0.2845f,-0.9587f,-1.0532f,0f,0f,0f,1f],start_interpolation: 0,interpolation_duration: 1}
$data merge entity $(chest3) {transformation: [-1f,0f,0f,-0.2812f,0f,0.9587f,0.2845f,0.8387f,0f,0.2845f,-0.9587f,-1.0976f,0f,0f,0f,1f],start_interpolation: 0,interpolation_duration: 1}
$data merge entity $(hugeasssword2) {transformation: [0f,2.8877f,-2.6461f,-1.2344f,-1.1143f,2.5367f,2.7683f,2.7604f,3.7548f,0.7528f,0.8216f,-0.5436f,0f,0f,0f,1f],start_interpolation: 0,interpolation_duration: 1}
$data merge entity $(belt) {transformation: [-1f,0f,0f,0.0297f,0f,0.9587f,0.2845f,1.1536f,0f,0.2845f,-0.9587f,-0.6075f,0f,0f,0f,1f],start_interpolation: 0,interpolation_duration: 1}
data modify entity @s data merge value {"cameras":{},"locators":{"soup":{"px":0.3288322317712655,"py":0.4070718552224365,"pz":0.21075542265773112,"ry":170.10747653645183,"rx":41.90264618505153},"lefthand":{"px":0.4917352489152582,"py":0.3403308254896029,"pz":0.2857594857065342,"ry":101.76221595189685,"rx":-22.354088945812666},"sword":{"px":2.810315663385419,"py":1.7072947282785373,"pz":0.32428990584120587,"ry":273.0824355541324,"rx":-22.697550896968668},"righthand":{"px":-0.5866824733782435,"py":0.28441161067864335,"pz":0.14135947514855174,"ry":273.0824355541324,"rx":-22.697550896968668},"chest":{"px":-0.375,"py":0.7018148506166604,"pz":-0.3069919094649718,"ry":0,"rx":16.529140625}}}