# This file was generated by Animated Java via MC-Build. It is not recommended to edit this file directly.
$data merge entity $(nose) {transformation: [-1f,-0.0008f,0.004f,-0.0009f,-0.0005f,0.9963f,0.086f,2.2811f,-0.0041f,0.086f,-0.9963f,-0.1433f,0f,0f,0f,1f],start_interpolation: 0,interpolation_duration: 1}
$data merge entity $(glowing_eye) {transformation: [-1f,-0.0008f,0.004f,-0.126f,-0.0005f,0.9963f,0.086f,2.3455f,-0.0041f,0.086f,-0.9963f,-0.1032f,0f,0f,0f,1f],start_interpolation: 0,interpolation_duration: 1}
$data merge entity $(head) {transformation: [-1f,-0.0008f,0.004f,0f,-0.0005f,0.9963f,0.086f,2.1742f,-0.0041f,0.086f,-0.9963f,-0.3405f,0f,0f,0f,1f],start_interpolation: 0,interpolation_duration: 1}
$data merge entity $(leftthumb2) {transformation: [-0.1279f,0.4048f,0.9054f,0.2014f,-0.6587f,0.6478f,-0.3826f,0.4845f,-0.7414f,-0.6454f,0.1838f,0.2933f,0f,0f,0f,1f],start_interpolation: 0,interpolation_duration: 1}
$data merge entity $(leftthumb) {transformation: [-0.1279f,0.4048f,0.9054f,0.3781f,-0.6587f,0.6478f,-0.3826f,0.6107f,-0.7414f,-0.6454f,0.1838f,0.1507f,0f,0f,0f,1f],start_interpolation: 0,interpolation_duration: 1}
$data merge entity $(leftpointerfinger) {transformation: [-0.1279f,0.4048f,0.9054f,0.3017f,-0.6587f,0.6478f,-0.3826f,0.4522f,-0.7414f,-0.6454f,0.1838f,0.4522f,0f,0f,0f,1f],start_interpolation: 0,interpolation_duration: 1}
$data merge entity $(leftmidfinger) {transformation: [-0.1279f,0.4048f,0.9054f,0.4431f,-0.6587f,0.6478f,-0.3826f,0.3924f,-0.7414f,-0.6454f,0.1838f,0.4809f,0f,0f,0f,1f],start_interpolation: 0,interpolation_duration: 1}
$data merge entity $(leftringfinger) {transformation: [-0.1279f,0.4048f,0.9054f,0.5846f,-0.6587f,0.6478f,-0.3826f,0.3326f,-0.7414f,-0.6454f,0.1838f,0.5096f,0f,0f,0f,1f],start_interpolation: 0,interpolation_duration: 1}
$data merge entity $(invisibility) {transformation: [0.4822f,-0.8667f,0.1279f,0.2937f,0.612f,0.4376f,0.6587f,0.4115f,-0.6269f,-0.2393f,0.7414f,0.2368f,0f,0f,0f,1f],start_interpolation: 0,interpolation_duration: 1}
$data merge entity $(swiftness) {transformation: [0.9054f,0.4048f,0.1279f,0.402f,-0.3826f,0.6478f,0.6587f,0.2177f,0.1838f,-0.6454f,0.7414f,0.32f,0f,0f,0f,1f],start_interpolation: 0,interpolation_duration: 1}
$data merge entity $(suspicious_stew) {transformation: [0.7495f,-0.6495f,0.1279f,0.4445f,0.4254f,0.6206f,0.6587f,0.3094f,-0.5072f,-0.4393f,0.7414f,0.3015f,0f,0f,0f,1f],start_interpolation: 0,interpolation_duration: 1}
$data merge entity $(log) {transformation: [-0.1279f,0.4048f,0.9054f,0.5255f,-0.6587f,0.6478f,-0.3826f,0.3107f,-0.7414f,-0.6454f,0.1838f,0.16f,0f,0f,0f,1f],start_interpolation: 0,interpolation_duration: 1}
$data merge entity $(planks) {transformation: [-0.1279f,0.4048f,0.9054f,0.5135f,-0.6587f,0.6478f,-0.3826f,0.2489f,-0.7414f,-0.6454f,0.1838f,0.0904f,0f,0f,0f,1f],start_interpolation: 0,interpolation_duration: 1}
$data merge entity $(lefthand1) {transformation: [-0.1279f,0.4048f,0.9054f,0.6304f,-0.6587f,0.6478f,-0.3826f,0.6493f,-0.7414f,-0.6454f,0.1838f,0.1782f,0f,0f,0f,1f],start_interpolation: 0,interpolation_duration: 1}
$data merge entity $(leftforearm) {transformation: [-0.1279f,0.4048f,0.9054f,0.8929f,-0.6587f,0.6478f,-0.3826f,1.0696f,-0.7414f,-0.6454f,0.1838f,-0.3247f,0f,0f,0f,1f],start_interpolation: 0,interpolation_duration: 1}
$data merge entity $(leftelbow) {transformation: [-0.1279f,0.4048f,0.9054f,0.9688f,-0.6587f,0.6478f,-0.3826f,1.191f,-0.7414f,-0.6454f,0.1838f,-0.4457f,0f,0f,0f,1f],start_interpolation: 0,interpolation_duration: 1}
$data merge entity $(leftarm) {transformation: [-1f,0f,0f,0.75f,0f,0.9958f,-0.0917f,1.6918f,0f,-0.0917f,-0.9958f,-0.4605f,0f,0f,0f,1f],start_interpolation: 0,interpolation_duration: 1}
$data merge entity $(rightthumb2) {transformation: [-0.2659f,-0.284f,-0.9212f,-0.3451f,0.5214f,0.7614f,-0.3852f,0.3458f,0.8108f,-0.5828f,-0.0544f,0.2611f,0f,0f,0f,1f],start_interpolation: 0,interpolation_duration: 1}
$data merge entity $(rightthumb) {transformation: [-0.2659f,-0.284f,-0.9212f,-0.4935f,0.5214f,0.7614f,-0.3852f,0.4996f,0.8108f,-0.5828f,-0.0544f,0.1136f,0f,0f,0f,1f],start_interpolation: 0,interpolation_duration: 1}
$data merge entity $(rightpointerfinger) {transformation: [-0.2659f,-0.284f,-0.9212f,-0.4726f,0.5214f,0.7614f,-0.3852f,0.2887f,0.8108f,-0.5828f,-0.0544f,0.3909f,0f,0f,0f,1f],start_interpolation: 0,interpolation_duration: 1}
$data merge entity $(rightmidfinger) {transformation: [-0.2659f,-0.284f,-0.9212f,-0.6165f,0.5214f,0.7614f,-0.3852f,0.2285f,0.8108f,-0.5828f,-0.0544f,0.3824f,0f,0f,0f,1f],start_interpolation: 0,interpolation_duration: 1}
$data merge entity $(rightringfinger) {transformation: [-0.2659f,-0.284f,-0.9212f,-0.7605f,0.5214f,0.7614f,-0.3852f,0.1684f,0.8108f,-0.5828f,-0.0544f,0.3739f,0f,0f,0f,1f],start_interpolation: 0,interpolation_duration: 1}
$data merge entity $(hugeasssword) {transformation: [-1.0415f,-1.1122f,-3.6081f,-0.5892f,2.0422f,2.9821f,-1.5088f,0.2507f,3.1757f,-2.2826f,-0.213f,0.0495f,0f,0f,0f,1f],start_interpolation: 0,interpolation_duration: 1}
$data merge entity $(whey) {transformation: [-0.2659f,0.8379f,-0.4766f,-0.3873f,0.5214f,0.5409f,0.66f,0.1439f,0.8108f,-0.073f,-0.5807f,-0.0275f,0f,0f,0f,1f],start_interpolation: 0,interpolation_duration: 1}
$data merge entity $(ice) {transformation: [-0.2659f,-0.284f,-0.9212f,-0.5806f,0.5214f,0.7614f,-0.3852f,0.2307f,0.8108f,-0.5828f,-0.0544f,0.046f,0f,0f,0f,1f],start_interpolation: 0,interpolation_duration: 1}
$data merge entity $(righthand1) {transformation: [-0.2659f,-0.284f,-0.9212f,-0.7468f,0.5214f,0.7614f,-0.3852f,0.5393f,0.8108f,-0.5828f,-0.0544f,0.1013f,0f,0f,0f,1f],start_interpolation: 0,interpolation_duration: 1}
$data merge entity $(rightforearm) {transformation: [-0.2659f,-0.284f,-0.9212f,-0.9155f,0.5214f,0.7614f,-0.3852f,1.0481f,0.8108f,-0.5828f,-0.0544f,-0.3583f,0f,0f,0f,1f],start_interpolation: 0,interpolation_duration: 1}
$data merge entity $(rightelbow) {transformation: [-0.2659f,-0.284f,-0.9212f,-0.9687f,0.5214f,0.7614f,-0.3852f,1.1909f,0.8108f,-0.5828f,-0.0544f,-0.4676f,0f,0f,0f,1f],start_interpolation: 0,interpolation_duration: 1}
$data merge entity $(rightarm) {transformation: [-1f,0f,0f,-0.75f,0f,0.9988f,-0.0482f,1.6918f,0f,-0.0482f,-0.9988f,-0.4605f,0f,0f,0f,1f],start_interpolation: 0,interpolation_duration: 1}
$data merge entity $(chest1) {transformation: [-1.0833f,0f,0f,-0.0023f,0f,1.0347f,0.3211f,1.5713f,0f,0.3211f,-1.0347f,-0.6131f,0f,0f,0f,1f],start_interpolation: 0,interpolation_duration: 1}
$data merge entity $(chest1lid) {transformation: [-1f,0f,0f,-0.3437f,0f,0.9551f,0.2964f,0.8026f,0f,0.2964f,-0.9551f,-0.4419f,0f,0f,0f,1f],start_interpolation: 0,interpolation_duration: 1}
$data merge entity $(chest2) {transformation: [-1f,0f,0f,-0.3437f,0f,0.9551f,0.2964f,0.6534f,0f,0.2964f,-0.9551f,-0.4882f,0f,0f,0f,1f],start_interpolation: 0,interpolation_duration: 1}
$data merge entity $(chest1lid3) {transformation: [-1f,0f,0f,-0.2812f,0f,0.9551f,0.2964f,0.9925f,0f,0.2964f,-0.9551f,-1.0538f,0f,0f,0f,1f],start_interpolation: 0,interpolation_duration: 1}
$data merge entity $(chest3) {transformation: [-1f,0f,0f,-0.2812f,0f,0.9551f,0.2964f,0.8432f,0f,0.2964f,-0.9551f,-1.1001f,0f,0f,0f,1f],start_interpolation: 0,interpolation_duration: 1}
$data merge entity $(hugeasssword2) {transformation: [0f,2.8877f,-2.6461f,-1.2344f,-1.1608f,2.5272f,2.7579f,2.758f,3.7407f,0.7842f,0.8558f,-0.5222f,0f,0f,0f,1f],start_interpolation: 0,interpolation_duration: 1}
$data merge entity $(belt) {transformation: [-1f,0f,0f,0.0297f,0f,0.9551f,0.2964f,1.1521f,0f,0.2964f,-0.9551f,-0.6061f,0f,0f,0f,1f],start_interpolation: 0,interpolation_duration: 1}
data modify entity @s data merge value {"cameras":{},"locators":{"soup":{"px":0.3288322317712655,"py":0.3954670915130803,"pz":0.20284561855182923,"ry":170.2151421228474,"rx":41.20224103591854},"lefthand":{"px":0.4917352489152582,"py":0.32780065914202233,"pz":0.2770158851942032,"ry":101.47485525244807,"rx":-22.497254546940113},"sword":{"px":2.810315663385419,"py":1.694181326817509,"pz":0.33250260258136055,"ry":273.3789988738246,"rx":-22.657488506883244},"righthand":{"px":-0.5866824733782435,"py":0.27367724946304534,"pz":0.13193322544831462,"ry":273.3789988738246,"rx":-22.657488506883244},"chest":{"px":-0.375,"py":0.6966108441236147,"pz":-0.31120513139196865,"ry":0,"rx":17.239999999999995}}}