# This file was generated by Animated Java via MC-Build. It is not recommended to edit this file directly.
$data merge entity $(nose) {transformation: [-0.9994f,-0.0017f,0.0332f,-0.0064f,0.001f,0.9967f,0.081f,2.2846f,-0.0333f,0.081f,-0.9962f,-0.1511f,0f,0f,0f,1f],start_interpolation: 0,interpolation_duration: 1}
$data merge entity $(glowing_eye) {transformation: [-0.9994f,-0.0017f,0.0332f,-0.1326f,0.001f,0.9967f,0.081f,2.3493f,-0.0333f,0.081f,-0.9962f,-0.115f,0f,0f,0f,1f],start_interpolation: 0,interpolation_duration: 1}
$data merge entity $(head) {transformation: [-0.9994f,-0.0017f,0.0332f,0f,0.001f,0.9967f,0.081f,2.1767f,-0.0333f,0.081f,-0.9962f,-0.3476f,0f,0f,0f,1f],start_interpolation: 0,interpolation_duration: 1}
$data merge entity $(leftthumb2) {transformation: [-0.1279f,0.4048f,0.9054f,0.2014f,-0.6634f,0.6438f,-0.3815f,0.4909f,-0.7373f,-0.6494f,0.1862f,0.2967f,0f,0f,0f,1f],start_interpolation: 0,interpolation_duration: 1}
$data merge entity $(leftthumb) {transformation: [-0.1279f,0.4048f,0.9054f,0.3781f,-0.6634f,0.6438f,-0.3815f,0.6162f,-0.7373f,-0.6494f,0.1862f,0.1534f,0f,0f,0f,1f],start_interpolation: 0,interpolation_duration: 1}
$data merge entity $(leftpointerfinger) {transformation: [-0.1279f,0.4048f,0.9054f,0.3017f,-0.6634f,0.6438f,-0.3815f,0.4596f,-0.7373f,-0.6494f,0.1862f,0.4558f,0f,0f,0f,1f],start_interpolation: 0,interpolation_duration: 1}
$data merge entity $(leftmidfinger) {transformation: [-0.1279f,0.4048f,0.9054f,0.4431f,-0.6634f,0.6438f,-0.3815f,0.4f,-0.7373f,-0.6494f,0.1862f,0.4849f,0f,0f,0f,1f],start_interpolation: 0,interpolation_duration: 1}
$data merge entity $(leftringfinger) {transformation: [-0.1279f,0.4048f,0.9054f,0.5846f,-0.6634f,0.6438f,-0.3815f,0.3404f,-0.7373f,-0.6494f,0.1862f,0.514f,0f,0f,0f,1f],start_interpolation: 0,interpolation_duration: 1}
$data merge entity $(invisibility) {transformation: [0.4822f,-0.8667f,0.1279f,0.2937f,0.6081f,0.4361f,0.6634f,0.4176f,-0.6307f,-0.2421f,0.7373f,0.2407f,0f,0f,0f,1f],start_interpolation: 0,interpolation_duration: 1}
$data merge entity $(swiftness) {transformation: [0.9054f,0.4048f,0.1279f,0.402f,-0.3815f,0.6438f,0.6634f,0.2243f,0.1862f,-0.6494f,0.7373f,0.3252f,0f,0f,0f,1f],start_interpolation: 0,interpolation_duration: 1}
$data merge entity $(suspicious_stew) {transformation: [0.7495f,-0.6495f,0.1279f,0.4445f,0.4222f,0.6178f,0.6634f,0.3159f,-0.5099f,-0.4432f,0.7373f,0.3061f,0f,0f,0f,1f],start_interpolation: 0,interpolation_duration: 1}
$data merge entity $(log) {transformation: [-0.1279f,0.4048f,0.9054f,0.5255f,-0.6634f,0.6438f,-0.3815f,0.3163f,-0.7373f,-0.6494f,0.1862f,0.1645f,0f,0f,0f,1f],start_interpolation: 0,interpolation_duration: 1}
$data merge entity $(planks) {transformation: [-0.1279f,0.4048f,0.9054f,0.5135f,-0.6634f,0.6438f,-0.3815f,0.2541f,-0.7373f,-0.6494f,0.1862f,0.0954f,0f,0f,0f,1f],start_interpolation: 0,interpolation_duration: 1}
$data merge entity $(lefthand1) {transformation: [-0.1279f,0.4048f,0.9054f,0.6304f,-0.6634f,0.6438f,-0.3815f,0.655f,-0.7373f,-0.6494f,0.1862f,0.1807f,0f,0f,0f,1f],start_interpolation: 0,interpolation_duration: 1}
$data merge entity $(leftforearm) {transformation: [-0.1279f,0.4048f,0.9054f,0.8929f,-0.6634f,0.6438f,-0.3815f,1.0721f,-0.7373f,-0.6494f,0.1862f,-0.3249f,0f,0f,0f,1f],start_interpolation: 0,interpolation_duration: 1}
$data merge entity $(leftelbow) {transformation: [-0.1279f,0.4048f,0.9054f,0.9688f,-0.6634f,0.6438f,-0.3815f,1.1928f,-0.7373f,-0.6494f,0.1862f,-0.4467f,0f,0f,0f,1f],start_interpolation: 0,interpolation_duration: 1}
$data merge entity $(leftarm) {transformation: [-1f,0f,0f,0.75f,0f,0.9952f,-0.0979f,1.6935f,0f,-0.0979f,-0.9952f,-0.4646f,0f,0f,0f,1f],start_interpolation: 0,interpolation_duration: 1}
$data merge entity $(rightthumb2) {transformation: [-0.2659f,-0.284f,-0.9212f,-0.3451f,0.5265f,0.7577f,-0.3856f,0.352f,0.8075f,-0.5876f,-0.052f,0.2655f,0f,0f,0f,1f],start_interpolation: 0,interpolation_duration: 1}
$data merge entity $(rightthumb) {transformation: [-0.2659f,-0.284f,-0.9212f,-0.4935f,0.5265f,0.7577f,-0.3856f,0.5049f,0.8075f,-0.5876f,-0.052f,0.1169f,0f,0f,0f,1f],start_interpolation: 0,interpolation_duration: 1}
$data merge entity $(rightpointerfinger) {transformation: [-0.2659f,-0.284f,-0.9212f,-0.4726f,0.5265f,0.7577f,-0.3856f,0.2958f,0.8075f,-0.5876f,-0.052f,0.3956f,0f,0f,0f,1f],start_interpolation: 0,interpolation_duration: 1}
$data merge entity $(rightmidfinger) {transformation: [-0.2659f,-0.284f,-0.9212f,-0.6165f,0.5265f,0.7577f,-0.3856f,0.2355f,0.8075f,-0.5876f,-0.052f,0.3875f,0f,0f,0f,1f],start_interpolation: 0,interpolation_duration: 1}
$data merge entity $(rightringfinger) {transformation: [-0.2659f,-0.284f,-0.9212f,-0.7605f,0.5265f,0.7577f,-0.3856f,0.1753f,0.8075f,-0.5876f,-0.052f,0.3794f,0f,0f,0f,1f],start_interpolation: 0,interpolation_duration: 1}
$data merge entity $(hugeasssword) {transformation: [-1.0415f,-1.1122f,-3.6081f,-0.5892f,2.0622f,2.9677f,-1.5101f,0.2556f,3.1627f,-2.3013f,-0.2035f,0.0545f,0f,0f,0f,1f],start_interpolation: 0,interpolation_duration: 1}
$data merge entity $(whey) {transformation: [-0.2659f,0.8379f,-0.4766f,-0.3873f,0.5265f,0.5404f,0.6563f,0.1483f,0.8075f,-0.0764f,-0.5849f,-0.0219f,0f,0f,0f,1f],start_interpolation: 0,interpolation_duration: 1}
$data merge entity $(ice) {transformation: [-0.2659f,-0.284f,-0.9212f,-0.5806f,0.5265f,0.7577f,-0.3856f,0.2356f,0.8075f,-0.5876f,-0.052f,0.051f,0f,0f,0f,1f],start_interpolation: 0,interpolation_duration: 1}
$data merge entity $(righthand1) {transformation: [-0.2659f,-0.284f,-0.9212f,-0.7468f,0.5265f,0.7577f,-0.3856f,0.5446f,0.8075f,-0.5876f,-0.052f,0.1044f,0f,0f,0f,1f],start_interpolation: 0,interpolation_duration: 1}
$data merge entity $(rightforearm) {transformation: [-0.2659f,-0.284f,-0.9212f,-0.9155f,0.5265f,0.7577f,-0.3856f,1.0505f,0.8075f,-0.5876f,-0.052f,-0.3584f,0f,0f,0f,1f],start_interpolation: 0,interpolation_duration: 1}
$data merge entity $(rightelbow) {transformation: [-0.2659f,-0.284f,-0.9212f,-0.9687f,0.5265f,0.7577f,-0.3856f,1.1925f,0.8075f,-0.5876f,-0.052f,-0.4686f,0f,0f,0f,1f],start_interpolation: 0,interpolation_duration: 1}
$data merge entity $(rightarm) {transformation: [-1f,0f,0f,-0.75f,0f,0.9985f,-0.0544f,1.6935f,0f,-0.0544f,-0.9985f,-0.4646f,0f,0f,0f,1f],start_interpolation: 0,interpolation_duration: 1}
$data merge entity $(chest1) {transformation: [-1.0833f,0f,0f,-0.0023f,0f,1.0367f,0.3146f,1.572f,0f,0.3146f,-1.0367f,-0.6164f,0f,0f,0f,1f],start_interpolation: 0,interpolation_duration: 1}
$data merge entity $(chest1lid) {transformation: [-1f,0f,0f,-0.3437f,0f,0.9569f,0.2904f,0.8044f,0f,0.2904f,-0.9569f,-0.4404f,0f,0f,0f,1f],start_interpolation: 0,interpolation_duration: 1}
$data merge entity $(chest2) {transformation: [-1f,0f,0f,-0.3437f,0f,0.9569f,0.2904f,0.6549f,0f,0.2904f,-0.9569f,-0.4858f,0f,0f,0f,1f],start_interpolation: 0,interpolation_duration: 1}
$data merge entity $(chest1lid3) {transformation: [-1f,0f,0f,-0.2812f,0f,0.9569f,0.2904f,0.9904f,0f,0.2904f,-0.9569f,-1.0535f,0f,0f,0f,1f],start_interpolation: 0,interpolation_duration: 1}
$data merge entity $(chest3) {transformation: [-1f,0f,0f,-0.2812f,0f,0.9569f,0.2904f,0.8409f,0f,0.2904f,-0.9569f,-1.0988f,0f,0f,0f,1f],start_interpolation: 0,interpolation_duration: 1}
$data merge entity $(hugeasssword2) {transformation: [0f,2.8877f,-2.6461f,-1.2344f,-1.1372f,2.5321f,2.7633f,2.7593f,3.7479f,0.7683f,0.8385f,-0.5331f,0f,0f,0f,1f],start_interpolation: 0,interpolation_duration: 1}
$data merge entity $(belt) {transformation: [-1f,0f,0f,0.0297f,0f,0.9569f,0.2904f,1.1529f,0f,0.2904f,-0.9569f,-0.6068f,0f,0f,0f,1f],start_interpolation: 0,interpolation_duration: 1}
data modify entity @s data merge value {"cameras":{},"locators":{"soup":{"px":0.3288322317712655,"py":0.40134074742463155,"pz":0.2068754540604996,"ry":170.16101148702734,"rx":41.55751406958383},"lefthand":{"px":0.4917352489152582,"py":0.3341423851795036,"pz":0.28147005597779917,"ry":101.62089571140207,"rx":-22.425077579642817},"sword":{"px":2.810315663385419,"py":1.700845160295716,"pz":0.3283574667972799,"ry":273.22866603399893,"rx":-22.678267199697938},"righthand":{"px":-0.5866824733782435,"py":0.27910708710736826,"pz":0.13673085050695635,"ry":273.22866603399893,"rx":-22.678267199697938},"chest":{"px":-0.375,"py":0.6992437763753089,"pz":-0.3090601219527735,"ry":0,"rx":16.879453125}}}