# This file was generated by Animated Java via MC-Build. It is not recommended to edit this file directly.
$data merge entity $(nose) {transformation: [-0.9993f,-0.0018f,0.0369f,-0.0071f,0.0009f,0.9973f,0.0733f,2.289f,-0.0369f,0.0732f,-0.9966f,-0.1608f,0f,0f,0f,1f],start_interpolation: 0,interpolation_duration: 1}
$data merge entity $(glowing_eye) {transformation: [-0.9993f,-0.0018f,0.0369f,-0.1334f,0.0009f,0.9973f,0.0733f,2.3541f,-0.0369f,0.0732f,-0.9966f,-0.1257f,0f,0f,0f,1f],start_interpolation: 0,interpolation_duration: 1}
$data merge entity $(head) {transformation: [-0.9993f,-0.0018f,0.0369f,0f,0.0009f,0.9973f,0.0733f,2.1796f,-0.0369f,0.0732f,-0.9966f,-0.3564f,0f,0f,0f,1f],start_interpolation: 0,interpolation_duration: 1}
$data merge entity $(leftthumb2) {transformation: [-0.1279f,0.4048f,0.9054f,0.2014f,-0.669f,0.6387f,-0.38f,0.4989f,-0.7321f,-0.6544f,0.1891f,0.3009f,0f,0f,0f,1f],start_interpolation: 0,interpolation_duration: 1}
$data merge entity $(leftthumb) {transformation: [-0.1279f,0.4048f,0.9054f,0.3781f,-0.669f,0.6387f,-0.38f,0.623f,-0.7321f,-0.6544f,0.1891f,0.1566f,0f,0f,0f,1f],start_interpolation: 0,interpolation_duration: 1}
$data merge entity $(leftpointerfinger) {transformation: [-0.1279f,0.4048f,0.9054f,0.3017f,-0.669f,0.6387f,-0.38f,0.4688f,-0.7321f,-0.6544f,0.1891f,0.4603f,0f,0f,0f,1f],start_interpolation: 0,interpolation_duration: 1}
$data merge entity $(leftmidfinger) {transformation: [-0.1279f,0.4048f,0.9054f,0.4431f,-0.669f,0.6387f,-0.38f,0.4094f,-0.7321f,-0.6544f,0.1891f,0.4898f,0f,0f,0f,1f],start_interpolation: 0,interpolation_duration: 1}
$data merge entity $(leftringfinger) {transformation: [-0.1279f,0.4048f,0.9054f,0.5846f,-0.669f,0.6387f,-0.38f,0.35f,-0.7321f,-0.6544f,0.1891f,0.5194f,0f,0f,0f,1f],start_interpolation: 0,interpolation_duration: 1}
$data merge entity $(invisibility) {transformation: [0.4822f,-0.8667f,0.1279f,0.2937f,0.6032f,0.4342f,0.669f,0.4251f,-0.6354f,-0.2455f,0.7321f,0.2455f,0f,0f,0f,1f],start_interpolation: 0,interpolation_duration: 1}
$data merge entity $(swiftness) {transformation: [0.9054f,0.4048f,0.1279f,0.402f,-0.38f,0.6387f,0.669f,0.2325f,0.1891f,-0.6544f,0.7321f,0.3315f,0f,0f,0f,1f],start_interpolation: 0,interpolation_duration: 1}
$data merge entity $(suspicious_stew) {transformation: [0.7495f,-0.6495f,0.1279f,0.4445f,0.4183f,0.6144f,0.669f,0.3239f,-0.5131f,-0.448f,0.7321f,0.3116f,0f,0f,0f,1f],start_interpolation: 0,interpolation_duration: 1}
$data merge entity $(log) {transformation: [-0.1279f,0.4048f,0.9054f,0.5255f,-0.669f,0.6387f,-0.38f,0.3232f,-0.7321f,-0.6544f,0.1891f,0.1701f,0f,0f,0f,1f],start_interpolation: 0,interpolation_duration: 1}
$data merge entity $(planks) {transformation: [-0.1279f,0.4048f,0.9054f,0.5135f,-0.669f,0.6387f,-0.38f,0.2605f,-0.7321f,-0.6544f,0.1891f,0.1014f,0f,0f,0f,1f],start_interpolation: 0,interpolation_duration: 1}
$data merge entity $(lefthand1) {transformation: [-0.1279f,0.4048f,0.9054f,0.6304f,-0.669f,0.6387f,-0.38f,0.662f,-0.7321f,-0.6544f,0.1891f,0.1836f,0f,0f,0f,1f],start_interpolation: 0,interpolation_duration: 1}
$data merge entity $(leftforearm) {transformation: [-0.1279f,0.4048f,0.9054f,0.8929f,-0.669f,0.6387f,-0.38f,1.0752f,-0.7321f,-0.6544f,0.1891f,-0.3252f,0f,0f,0f,1f],start_interpolation: 0,interpolation_duration: 1}
$data merge entity $(leftelbow) {transformation: [-0.1279f,0.4048f,0.9054f,0.9688f,-0.669f,0.6387f,-0.38f,1.195f,-0.7321f,-0.6544f,0.1891f,-0.4479f,0f,0f,0f,1f],start_interpolation: 0,interpolation_duration: 1}
$data merge entity $(leftarm) {transformation: [-1f,0f,0f,0.75f,0f,0.9944f,-0.1056f,1.6955f,0f,-0.1056f,-0.9944f,-0.4696f,0f,0f,0f,1f],start_interpolation: 0,interpolation_duration: 1}
$data merge entity $(rightthumb2) {transformation: [-0.2659f,-0.284f,-0.9212f,-0.3451f,0.5327f,0.7531f,-0.3859f,0.3597f,0.8034f,-0.5934f,-0.049f,0.2708f,0f,0f,0f,1f],start_interpolation: 0,interpolation_duration: 1}
$data merge entity $(rightthumb) {transformation: [-0.2659f,-0.284f,-0.9212f,-0.4935f,0.5327f,0.7531f,-0.3859f,0.5114f,0.8034f,-0.5934f,-0.049f,0.121f,0f,0f,0f,1f],start_interpolation: 0,interpolation_duration: 1}
$data merge entity $(rightpointerfinger) {transformation: [-0.2659f,-0.284f,-0.9212f,-0.4726f,0.5327f,0.7531f,-0.3859f,0.3045f,0.8034f,-0.5934f,-0.049f,0.4013f,0f,0f,0f,1f],start_interpolation: 0,interpolation_duration: 1}
$data merge entity $(rightmidfinger) {transformation: [-0.2659f,-0.284f,-0.9212f,-0.6165f,0.5327f,0.7531f,-0.3859f,0.2442f,0.8034f,-0.5934f,-0.049f,0.3937f,0f,0f,0f,1f],start_interpolation: 0,interpolation_duration: 1}
$data merge entity $(rightringfinger) {transformation: [-0.2659f,-0.284f,-0.9212f,-0.7605f,0.5327f,0.7531f,-0.3859f,0.1839f,0.8034f,-0.5934f,-0.049f,0.386f,0f,0f,0f,1f],start_interpolation: 0,interpolation_duration: 1}
$data merge entity $(hugeasssword) {transformation: [-1.0415f,-1.1122f,-3.6081f,-0.5892f,2.0866f,2.9498f,-1.5116f,0.2617f,3.1467f,-2.3241f,-0.1919f,0.0605f,0f,0f,0f,1f],start_interpolation: 0,interpolation_duration: 1}
$data merge entity $(whey) {transformation: [-0.2659f,0.8379f,-0.4766f,-0.3873f,0.5327f,0.5398f,0.6518f,0.1538f,0.8034f,-0.0806f,-0.5899f,-0.0151f,0f,0f,0f,1f],start_interpolation: 0,interpolation_duration: 1}
$data merge entity $(ice) {transformation: [-0.2659f,-0.284f,-0.9212f,-0.5806f,0.5327f,0.7531f,-0.3859f,0.2416f,0.8034f,-0.5934f,-0.049f,0.0572f,0f,0f,0f,1f],start_interpolation: 0,interpolation_duration: 1}
$data merge entity $(righthand1) {transformation: [-0.2659f,-0.284f,-0.9212f,-0.7468f,0.5327f,0.7531f,-0.3859f,0.551f,0.8034f,-0.5934f,-0.049f,0.1082f,0f,0f,0f,1f],start_interpolation: 0,interpolation_duration: 1}
$data merge entity $(rightforearm) {transformation: [-0.2659f,-0.284f,-0.9212f,-0.9155f,0.5327f,0.7531f,-0.3859f,1.0533f,0.8034f,-0.5934f,-0.049f,-0.3585f,0f,0f,0f,1f],start_interpolation: 0,interpolation_duration: 1}
$data merge entity $(rightelbow) {transformation: [-0.2659f,-0.284f,-0.9212f,-0.9687f,0.5327f,0.7531f,-0.3859f,1.1945f,0.8034f,-0.5934f,-0.049f,-0.4698f,0f,0f,0f,1f],start_interpolation: 0,interpolation_duration: 1}
$data merge entity $(rightarm) {transformation: [-1f,0f,0f,-0.75f,0f,0.9981f,-0.0621f,1.6955f,0f,-0.0621f,-0.9981f,-0.4696f,0f,0f,0f,1f],start_interpolation: 0,interpolation_duration: 1}
$data merge entity $(chest1) {transformation: [-1.0833f,0f,0f,-0.0023f,0f,1.0391f,0.3065f,1.5729f,0f,0.3065f,-1.0391f,-0.6206f,0f,0f,0f,1f],start_interpolation: 0,interpolation_duration: 1}
$data merge entity $(chest1lid) {transformation: [-1f,0f,0f,-0.3437f,0f,0.9591f,0.283f,0.8067f,0f,0.283f,-0.9591f,-0.4386f,0f,0f,0f,1f],start_interpolation: 0,interpolation_duration: 1}
$data merge entity $(chest2) {transformation: [-1f,0f,0f,-0.3437f,0f,0.9591f,0.283f,0.6568f,0f,0.283f,-0.9591f,-0.4828f,0f,0f,0f,1f],start_interpolation: 0,interpolation_duration: 1}
$data merge entity $(chest1lid3) {transformation: [-1f,0f,0f,-0.2812f,0f,0.9591f,0.283f,0.9879f,0f,0.283f,-0.9591f,-1.0531f,0f,0f,0f,1f],start_interpolation: 0,interpolation_duration: 1}
$data merge entity $(chest3) {transformation: [-1f,0f,0f,-0.2812f,0f,0.9591f,0.283f,0.8381f,0f,0.283f,-0.9591f,-1.0973f,0f,0f,0f,1f],start_interpolation: 0,interpolation_duration: 1}
$data merge entity $(hugeasssword2) {transformation: [0f,2.8877f,-2.6461f,-1.2344f,-1.1083f,2.5379f,2.7697f,2.7607f,3.7566f,0.7487f,0.8171f,-0.5464f,0f,0f,0f,1f],start_interpolation: 0,interpolation_duration: 1}
$data merge entity $(belt) {transformation: [-1f,0f,0f,0.0297f,0f,0.9591f,0.283f,1.1538f,0f,0.283f,-0.9591f,-0.6077f,0f,0f,0f,1f],start_interpolation: 0,interpolation_duration: 1}
data modify entity @s data merge value {"cameras":{},"locators":{"soup":{"px":0.3288322317712655,"py":0.4085852573774768,"pz":0.21177149629513847,"ry":170.09321979056662,"rx":41.993538010398844},"lefthand":{"px":0.4917352489152582,"py":0.3419650960921438,"pz":0.2868829377268141,"ry":101.79934205824085,"rx":-22.335251284164183},"sword":{"px":2.810315663385419,"py":1.708989273491071,"pz":0.32321203364863327,"ry":273.0438951118217,"rx":-22.702481283262752},"righthand":{"px":-0.5866824733782435,"py":0.28581342092596385,"pz":0.14257316324756608,"ry":273.0438951118217,"rx":-22.702481283262752},"chest":{"px":-0.375,"py":0.7024941222782362,"pz":-0.30644980043713926,"ry":0,"rx":16.436875000000004}}}