# This file was generated by Animated Java via MC-Build. It is not recommended to edit this file directly.
$data merge entity $(nose) {transformation: [-0.9993f,-0.0018f,0.0373f,-0.0072f,0.0009f,0.9974f,0.0716f,2.2899f,-0.0374f,0.0716f,-0.9967f,-0.1628f,0f,0f,0f,1f],start_interpolation: 0,interpolation_duration: 1}
$data merge entity $(glowing_eye) {transformation: [-0.9993f,-0.0018f,0.0373f,-0.1335f,0.0009f,0.9974f,0.0716f,2.3551f,-0.0374f,0.0716f,-0.9967f,-0.1279f,0f,0f,0f,1f],start_interpolation: 0,interpolation_duration: 1}
$data merge entity $(head) {transformation: [-0.9993f,-0.0018f,0.0373f,0f,0.0009f,0.9974f,0.0716f,2.1802f,-0.0374f,0.0716f,-0.9967f,-0.3583f,0f,0f,0f,1f],start_interpolation: 0,interpolation_duration: 1}
$data merge entity $(leftthumb2) {transformation: [-0.1279f,0.4048f,0.9054f,0.2014f,-0.6702f,0.6376f,-0.3797f,0.5005f,-0.731f,-0.6554f,0.1898f,0.3018f,0f,0f,0f,1f],start_interpolation: 0,interpolation_duration: 1}
$data merge entity $(leftthumb) {transformation: [-0.1279f,0.4048f,0.9054f,0.3781f,-0.6702f,0.6376f,-0.3797f,0.6245f,-0.731f,-0.6554f,0.1898f,0.1573f,0f,0f,0f,1f],start_interpolation: 0,interpolation_duration: 1}
$data merge entity $(leftpointerfinger) {transformation: [-0.1279f,0.4048f,0.9054f,0.3017f,-0.6702f,0.6376f,-0.3797f,0.4707f,-0.731f,-0.6554f,0.1898f,0.4612f,0f,0f,0f,1f],start_interpolation: 0,interpolation_duration: 1}
$data merge entity $(leftmidfinger) {transformation: [-0.1279f,0.4048f,0.9054f,0.4431f,-0.6702f,0.6376f,-0.3797f,0.4114f,-0.731f,-0.6554f,0.1898f,0.4908f,0f,0f,0f,1f],start_interpolation: 0,interpolation_duration: 1}
$data merge entity $(leftringfinger) {transformation: [-0.1279f,0.4048f,0.9054f,0.5846f,-0.6702f,0.6376f,-0.3797f,0.3521f,-0.731f,-0.6554f,0.1898f,0.5205f,0f,0f,0f,1f],start_interpolation: 0,interpolation_duration: 1}
$data merge entity $(invisibility) {transformation: [0.4822f,-0.8667f,0.1279f,0.2937f,0.6021f,0.4338f,0.6702f,0.4267f,-0.6364f,-0.2462f,0.731f,0.2465f,0f,0f,0f,1f],start_interpolation: 0,interpolation_duration: 1}
$data merge entity $(swiftness) {transformation: [0.9054f,0.4048f,0.1279f,0.402f,-0.3797f,0.6376f,0.6702f,0.2342f,0.1898f,-0.6554f,0.731f,0.3328f,0f,0f,0f,1f],start_interpolation: 0,interpolation_duration: 1}
$data merge entity $(suspicious_stew) {transformation: [0.7495f,-0.6495f,0.1279f,0.4445f,0.4174f,0.6136f,0.6702f,0.3256f,-0.5138f,-0.449f,0.731f,0.3128f,0f,0f,0f,1f],start_interpolation: 0,interpolation_duration: 1}
$data merge entity $(log) {transformation: [-0.1279f,0.4048f,0.9054f,0.5255f,-0.6702f,0.6376f,-0.3797f,0.3247f,-0.731f,-0.6554f,0.1898f,0.1712f,0f,0f,0f,1f],start_interpolation: 0,interpolation_duration: 1}
$data merge entity $(planks) {transformation: [-0.1279f,0.4048f,0.9054f,0.5135f,-0.6702f,0.6376f,-0.3797f,0.2618f,-0.731f,-0.6554f,0.1898f,0.1027f,0f,0f,0f,1f],start_interpolation: 0,interpolation_duration: 1}
$data merge entity $(lefthand1) {transformation: [-0.1279f,0.4048f,0.9054f,0.6304f,-0.6702f,0.6376f,-0.3797f,0.6635f,-0.731f,-0.6554f,0.1898f,0.1842f,0f,0f,0f,1f],start_interpolation: 0,interpolation_duration: 1}
$data merge entity $(leftforearm) {transformation: [-0.1279f,0.4048f,0.9054f,0.8929f,-0.6702f,0.6376f,-0.3797f,1.0759f,-0.731f,-0.6554f,0.1898f,-0.3253f,0f,0f,0f,1f],start_interpolation: 0,interpolation_duration: 1}
$data merge entity $(leftelbow) {transformation: [-0.1279f,0.4048f,0.9054f,0.9688f,-0.6702f,0.6376f,-0.3797f,1.1955f,-0.731f,-0.6554f,0.1898f,-0.4482f,0f,0f,0f,1f],start_interpolation: 0,interpolation_duration: 1}
$data merge entity $(leftarm) {transformation: [-1f,0f,0f,0.75f,0f,0.9942f,-0.1072f,1.6959f,0f,-0.1072f,-0.9942f,-0.4707f,0f,0f,0f,1f],start_interpolation: 0,interpolation_duration: 1}
$data merge entity $(rightthumb2) {transformation: [-0.2659f,-0.284f,-0.9212f,-0.3451f,0.534f,0.7522f,-0.386f,0.3614f,0.8025f,-0.5946f,-0.0484f,0.2719f,0f,0f,0f,1f],start_interpolation: 0,interpolation_duration: 1}
$data merge entity $(rightthumb) {transformation: [-0.2659f,-0.284f,-0.9212f,-0.4935f,0.534f,0.7522f,-0.386f,0.5128f,0.8025f,-0.5946f,-0.0484f,0.1219f,0f,0f,0f,1f],start_interpolation: 0,interpolation_duration: 1}
$data merge entity $(rightpointerfinger) {transformation: [-0.2659f,-0.284f,-0.9212f,-0.4726f,0.534f,0.7522f,-0.386f,0.3063f,0.8025f,-0.5946f,-0.0484f,0.4025f,0f,0f,0f,1f],start_interpolation: 0,interpolation_duration: 1}
$data merge entity $(rightmidfinger) {transformation: [-0.2659f,-0.284f,-0.9212f,-0.6165f,0.534f,0.7522f,-0.386f,0.246f,0.8025f,-0.5946f,-0.0484f,0.395f,0f,0f,0f,1f],start_interpolation: 0,interpolation_duration: 1}
$data merge entity $(rightringfinger) {transformation: [-0.2659f,-0.284f,-0.9212f,-0.7605f,0.534f,0.7522f,-0.386f,0.1857f,0.8025f,-0.5946f,-0.0484f,0.3874f,0f,0f,0f,1f],start_interpolation: 0,interpolation_duration: 1}
$data merge entity $(hugeasssword) {transformation: [-1.0415f,-1.1122f,-3.6081f,-0.5892f,2.0917f,2.9461f,-1.5119f,0.263f,3.1433f,-2.3289f,-0.1894f,0.0618f,0f,0f,0f,1f],start_interpolation: 0,interpolation_duration: 1}
$data merge entity $(whey) {transformation: [-0.2659f,0.8379f,-0.4766f,-0.3873f,0.534f,0.5397f,0.6508f,0.155f,0.8025f,-0.0815f,-0.591f,-0.0136f,0f,0f,0f,1f],start_interpolation: 0,interpolation_duration: 1}
$data merge entity $(ice) {transformation: [-0.2659f,-0.284f,-0.9212f,-0.5806f,0.534f,0.7522f,-0.386f,0.2429f,0.8025f,-0.5946f,-0.0484f,0.0585f,0f,0f,0f,1f],start_interpolation: 0,interpolation_duration: 1}
$data merge entity $(righthand1) {transformation: [-0.2659f,-0.284f,-0.9212f,-0.7468f,0.534f,0.7522f,-0.386f,0.5524f,0.8025f,-0.5946f,-0.0484f,0.109f,0f,0f,0f,1f],start_interpolation: 0,interpolation_duration: 1}
$data merge entity $(rightforearm) {transformation: [-0.2659f,-0.284f,-0.9212f,-0.9155f,0.534f,0.7522f,-0.386f,1.0539f,0.8025f,-0.5946f,-0.0484f,-0.3585f,0f,0f,0f,1f],start_interpolation: 0,interpolation_duration: 1}
$data merge entity $(rightelbow) {transformation: [-0.2659f,-0.284f,-0.9212f,-0.9687f,0.534f,0.7522f,-0.386f,1.1949f,0.8025f,-0.5946f,-0.0484f,-0.47f,0f,0f,0f,1f],start_interpolation: 0,interpolation_duration: 1}
$data merge entity $(rightarm) {transformation: [-1f,0f,0f,-0.75f,0f,0.998f,-0.0638f,1.6959f,0f,-0.0638f,-0.998f,-0.4707f,0f,0f,0f,1f],start_interpolation: 0,interpolation_duration: 1}
$data merge entity $(chest1) {transformation: [-1.0833f,0f,0f,-0.0023f,0f,1.0396f,0.3048f,1.5731f,0f,0.3048f,-1.0396f,-0.6214f,0f,0f,0f,1f],start_interpolation: 0,interpolation_duration: 1}
$data merge entity $(chest1lid) {transformation: [-1f,0f,0f,-0.3437f,0f,0.9596f,0.2814f,0.8071f,0f,0.2814f,-0.9596f,-0.4383f,0f,0f,0f,1f],start_interpolation: 0,interpolation_duration: 1}
$data merge entity $(chest2) {transformation: [-1f,0f,0f,-0.3437f,0f,0.9596f,0.2814f,0.6572f,0f,0.2814f,-0.9596f,-0.4822f,0f,0f,0f,1f],start_interpolation: 0,interpolation_duration: 1}
$data merge entity $(chest1lid3) {transformation: [-1f,0f,0f,-0.2812f,0f,0.9596f,0.2814f,0.9874f,0f,0.2814f,-0.9596f,-1.053f,0f,0f,0f,1f],start_interpolation: 0,interpolation_duration: 1}
$data merge entity $(chest3) {transformation: [-1f,0f,0f,-0.2812f,0f,0.9596f,0.2814f,0.8375f,0f,0.2814f,-0.9596f,-1.097f,0f,0f,0f,1f],start_interpolation: 0,interpolation_duration: 1}
$data merge entity $(hugeasssword2) {transformation: [0f,2.8877f,-2.6461f,-1.2344f,-1.1021f,2.5391f,2.771f,2.761f,3.7584f,0.7446f,0.8126f,-0.5492f,0f,0f,0f,1f],start_interpolation: 0,interpolation_duration: 1}
$data merge entity $(belt) {transformation: [-1f,0f,0f,0.0297f,0f,0.9596f,0.2814f,1.154f,0f,0.2814f,-0.9596f,-0.6079f,0f,0f,0f,1f],start_interpolation: 0,interpolation_duration: 1}
data modify entity @s data merge value {"cameras":{},"locators":{"soup":{"px":0.3288322317712655,"py":0.41011569627023653,"pz":0.21279541842919683,"ry":170.07875118005907,"rx":42.08534935710675},"lefthand":{"px":0.4917352489152582,"py":0.34361780696197936,"pz":0.2880151315446734,"ry":101.83680500961682,"rx":-22.316162830039204},"sword":{"px":2.810315663385419,"py":1.710699272245987,"pz":0.322120440231756,"ry":273.00495226603175,"rx":-22.707398834455848},"righthand":{"px":-0.5866824733782435,"py":0.28723145727958665,"pz":0.1437968899671442,"ry":273.00495226603175,"rx":-22.707398834455848},"chest":{"px":-0.375,"py":0.7031811813671116,"pz":-0.3059032944081007,"ry":0,"rx":16.343671875000002}}}