# This file was generated by Animated Java via MC-Build. It is not recommended to edit this file directly.
$data merge entity $(nose) {transformation: [-0.9998f,-0.0008f,0.0219f,-0.0042f,0.0002f,0.9989f,0.0463f,2.303f,-0.0219f,0.0463f,-0.9987f,-0.1916f,0f,0f,0f,1f],start_interpolation: 0,interpolation_duration: 1}
$data merge entity $(glowing_eye) {transformation: [-0.9998f,-0.0008f,0.0219f,-0.13f,0.0002f,0.9989f,0.0463f,2.369f,-0.0219f,0.0463f,-0.9987f,-0.1564f,0f,0f,0f,1f],start_interpolation: 0,interpolation_duration: 1}
$data merge entity $(head) {transformation: [-0.9998f,-0.0008f,0.0219f,0f,0.0002f,0.9989f,0.0463f,2.1883f,-0.0219f,0.0463f,-0.9987f,-0.3844f,0f,0f,0f,1f],start_interpolation: 0,interpolation_duration: 1}
$data merge entity $(leftthumb2) {transformation: [-0.1279f,0.4048f,0.9054f,0.2014f,-0.6867f,0.6226f,-0.3753f,0.5241f,-0.7156f,-0.6697f,0.1984f,0.3138f,0f,0f,0f,1f],start_interpolation: 0,interpolation_duration: 1}
$data merge entity $(leftthumb) {transformation: [-0.1279f,0.4048f,0.9054f,0.3781f,-0.6867f,0.6226f,-0.3753f,0.6447f,-0.7156f,-0.6697f,0.1984f,0.1665f,0f,0f,0f,1f],start_interpolation: 0,interpolation_duration: 1}
$data merge entity $(leftpointerfinger) {transformation: [-0.1279f,0.4048f,0.9054f,0.3017f,-0.6867f,0.6226f,-0.3753f,0.498f,-0.7156f,-0.6697f,0.1984f,0.4738f,0f,0f,0f,1f],start_interpolation: 0,interpolation_duration: 1}
$data merge entity $(leftmidfinger) {transformation: [-0.1279f,0.4048f,0.9054f,0.4431f,-0.6867f,0.6226f,-0.3753f,0.4393f,-0.7156f,-0.6697f,0.1984f,0.5048f,0f,0f,0f,1f],start_interpolation: 0,interpolation_duration: 1}
$data merge entity $(leftringfinger) {transformation: [-0.1279f,0.4048f,0.9054f,0.5846f,-0.6867f,0.6226f,-0.3753f,0.3807f,-0.7156f,-0.6697f,0.1984f,0.5358f,0f,0f,0f,1f],start_interpolation: 0,interpolation_duration: 1}
$data merge entity $(invisibility) {transformation: [0.4822f,-0.8667f,0.1279f,0.2937f,0.5875f,0.4281f,0.6867f,0.449f,-0.6499f,-0.256f,0.7156f,0.2602f,0f,0f,0f,1f],start_interpolation: 0,interpolation_duration: 1}
$data merge entity $(swiftness) {transformation: [0.9054f,0.4048f,0.1279f,0.402f,-0.3753f,0.6226f,0.6867f,0.2586f,0.1984f,-0.6697f,0.7156f,0.3508f,0f,0f,0f,1f],start_interpolation: 0,interpolation_duration: 1}
$data merge entity $(suspicious_stew) {transformation: [0.7495f,-0.6495f,0.1279f,0.4445f,0.4056f,0.6033f,0.6867f,0.3495f,-0.5232f,-0.4628f,0.7156f,0.3288f,0f,0f,0f,1f],start_interpolation: 0,interpolation_duration: 1}
$data merge entity $(log) {transformation: [-0.1279f,0.4048f,0.9054f,0.5255f,-0.6867f,0.6226f,-0.3753f,0.3453f,-0.7156f,-0.6697f,0.1984f,0.1873f,0f,0f,0f,1f],start_interpolation: 0,interpolation_duration: 1}
$data merge entity $(planks) {transformation: [-0.1279f,0.4048f,0.9054f,0.5135f,-0.6867f,0.6226f,-0.3753f,0.2809f,-0.7156f,-0.6697f,0.1984f,0.1202f,0f,0f,0f,1f],start_interpolation: 0,interpolation_duration: 1}
$data merge entity $(lefthand1) {transformation: [-0.1279f,0.4048f,0.9054f,0.6304f,-0.6867f,0.6226f,-0.3753f,0.6844f,-0.7156f,-0.6697f,0.1984f,0.1925f,0f,0f,0f,1f],start_interpolation: 0,interpolation_duration: 1}
$data merge entity $(leftforearm) {transformation: [-0.1279f,0.4048f,0.9054f,0.8929f,-0.6867f,0.6226f,-0.3753f,1.0851f,-0.7156f,-0.6697f,0.1984f,-0.3262f,0f,0f,0f,1f],start_interpolation: 0,interpolation_duration: 1}
$data merge entity $(leftelbow) {transformation: [-0.1279f,0.4048f,0.9054f,0.9688f,-0.6867f,0.6226f,-0.3753f,1.2018f,-0.7156f,-0.6697f,0.1984f,-0.4518f,0f,0f,0f,1f],start_interpolation: 0,interpolation_duration: 1}
$data merge entity $(leftarm) {transformation: [-1f,0f,0f,0.75f,0f,0.9915f,-0.1298f,1.7016f,0f,-0.1298f,-0.9915f,-0.4857f,0f,0f,0f,1f],start_interpolation: 0,interpolation_duration: 1}
$data merge entity $(rightthumb2) {transformation: [-0.2659f,-0.284f,-0.9212f,-0.3451f,0.5522f,0.7385f,-0.387f,0.3843f,0.7902f,-0.6116f,-0.0396f,0.287f,0f,0f,0f,1f],start_interpolation: 0,interpolation_duration: 1}
$data merge entity $(rightthumb) {transformation: [-0.2659f,-0.284f,-0.9212f,-0.4935f,0.5522f,0.7385f,-0.387f,0.5323f,0.7902f,-0.6116f,-0.0396f,0.1336f,0f,0f,0f,1f],start_interpolation: 0,interpolation_duration: 1}
$data merge entity $(rightpointerfinger) {transformation: [-0.2659f,-0.284f,-0.9212f,-0.4726f,0.5522f,0.7385f,-0.387f,0.3323f,0.7902f,-0.6116f,-0.0396f,0.4189f,0f,0f,0f,1f],start_interpolation: 0,interpolation_duration: 1}
$data merge entity $(rightmidfinger) {transformation: [-0.2659f,-0.284f,-0.9212f,-0.6165f,0.5522f,0.7385f,-0.387f,0.2718f,0.7902f,-0.6116f,-0.0396f,0.4127f,0f,0f,0f,1f],start_interpolation: 0,interpolation_duration: 1}
$data merge entity $(rightringfinger) {transformation: [-0.2659f,-0.284f,-0.9212f,-0.7605f,0.5522f,0.7385f,-0.387f,0.2113f,0.7902f,-0.6116f,-0.0396f,0.4065f,0f,0f,0f,1f],start_interpolation: 0,interpolation_duration: 1}
$data merge entity $(hugeasssword) {transformation: [-1.0415f,-1.1122f,-3.6081f,-0.5892f,2.1626f,2.8923f,-1.5158f,0.2812f,3.0949f,-2.3954f,-0.155f,0.0792f,0f,0f,0f,1f],start_interpolation: 0,interpolation_duration: 1}
$data merge entity $(whey) {transformation: [-0.2659f,0.8379f,-0.4766f,-0.3873f,0.5522f,0.5377f,0.6372f,0.1715f,0.7902f,-0.0937f,-0.6056f,0.0063f,0f,0f,0f,1f],start_interpolation: 0,interpolation_duration: 1}
$data merge entity $(ice) {transformation: [-0.2659f,-0.284f,-0.9212f,-0.5806f,0.5522f,0.7385f,-0.387f,0.261f,0.7902f,-0.6116f,-0.0396f,0.0764f,0f,0f,0f,1f],start_interpolation: 0,interpolation_duration: 1}
$data merge entity $(righthand1) {transformation: [-0.2659f,-0.284f,-0.9212f,-0.7468f,0.5522f,0.7385f,-0.387f,0.5716f,0.7902f,-0.6116f,-0.0396f,0.1198f,0f,0f,0f,1f],start_interpolation: 0,interpolation_duration: 1}
$data merge entity $(rightforearm) {transformation: [-0.2659f,-0.284f,-0.9212f,-0.9155f,0.5522f,0.7385f,-0.387f,1.0623f,0.7902f,-0.6116f,-0.0396f,-0.359f,0f,0f,0f,1f],start_interpolation: 0,interpolation_duration: 1}
$data merge entity $(rightelbow) {transformation: [-0.2659f,-0.284f,-0.9212f,-0.9687f,0.5522f,0.7385f,-0.387f,1.2008f,0.7902f,-0.6116f,-0.0396f,-0.4736f,0f,0f,0f,1f],start_interpolation: 0,interpolation_duration: 1}
$data merge entity $(rightarm) {transformation: [-1f,0f,0f,-0.75f,0f,0.9963f,-0.0865f,1.7016f,0f,-0.0865f,-0.9963f,-0.4857f,0f,0f,0f,1f],start_interpolation: 0,interpolation_duration: 1}
$data merge entity $(chest1) {transformation: [-1.0833f,0f,0f,-0.0023f,0f,1.0462f,0.2811f,1.5754f,0f,0.2811f,-1.0462f,-0.6336f,0f,0f,0f,1f],start_interpolation: 0,interpolation_duration: 1}
$data merge entity $(chest1lid) {transformation: [-1f,0f,0f,-0.3437f,0f,0.9657f,0.2595f,0.8138f,0f,0.2595f,-0.9657f,-0.4331f,0f,0f,0f,1f],start_interpolation: 0,interpolation_duration: 1}
$data merge entity $(chest2) {transformation: [-1f,0f,0f,-0.3437f,0f,0.9657f,0.2595f,0.6629f,0f,0.2595f,-0.9657f,-0.4736f,0f,0f,0f,1f],start_interpolation: 0,interpolation_duration: 1}
$data merge entity $(chest1lid3) {transformation: [-1f,0f,0f,-0.2812f,0f,0.9657f,0.2595f,0.98f,0f,0.2595f,-0.9657f,-1.0517f,0f,0f,0f,1f],start_interpolation: 0,interpolation_duration: 1}
$data merge entity $(chest3) {transformation: [-1f,0f,0f,-0.2812f,0f,0.9657f,0.2595f,0.8291f,0f,0.2595f,-0.9657f,-1.0923f,0f,0f,0f,1f],start_interpolation: 0,interpolation_duration: 1}
$data merge entity $(hugeasssword2) {transformation: [0f,2.8877f,-2.6461f,-1.2344f,-1.0164f,2.5554f,2.7888f,2.7647f,3.7825f,0.6866f,0.7493f,-0.5884f,0f,0f,0f,1f],start_interpolation: 0,interpolation_duration: 1}
$data merge entity $(belt) {transformation: [-1f,0f,0f,0.0297f,0f,0.9657f,0.2595f,1.1567f,0f,0.2595f,-0.9657f,-0.6106f,0f,0f,0f,1f],start_interpolation: 0,interpolation_duration: 1}
data modify entity @s data merge value {"cameras":{},"locators":{"soup":{"px":0.3288322317712655,"py":0.43169382348672714,"pz":0.226854316139162,"ry":169.86911843066946,"rx":43.36903930275415},"lefthand":{"px":0.4917352489152582,"py":0.36692439636707025,"pz":0.303567390867133,"ry":102.35647321849416,"rx":-22.042966073296963},"sword":{"px":2.810315663385419,"py":1.7344279367065527,"pz":0.3065627143375702,"ry":272.4592138913997,"rx":-22.76953902267965},"righthand":{"px":-0.5866824733782435,"py":0.3072716695679691,"pz":0.1606692669478477,"ry":272.4592138913997,"rx":-22.76953902267965},"chest":{"px":-0.375,"py":0.7128830421029477,"pz":-0.29837740090402615,"ry":0,"rx":15.040078124999996}}}