# This file was generated by Animated Java via MC-Build. It is not recommended to edit this file directly.
$data merge entity $(nose) {transformation: [-0.9999f,-0.0006f,0.0167f,-0.0032f,0.0001f,0.999f,0.0452f,2.3034f,-0.0167f,0.0452f,-0.9988f,-0.1925f,0f,0f,0f,1f],start_interpolation: 0,interpolation_duration: 1}
$data merge entity $(glowing_eye) {transformation: [-0.9999f,-0.0006f,0.0167f,-0.1288f,0.0001f,0.999f,0.0452f,2.3695f,-0.0167f,0.0452f,-0.9988f,-0.1566f,0f,0f,0f,1f],start_interpolation: 0,interpolation_duration: 1}
$data merge entity $(head) {transformation: [-0.9999f,-0.0006f,0.0167f,0f,0.0001f,0.999f,0.0452f,2.1885f,-0.0167f,0.0452f,-0.9988f,-0.3851f,0f,0f,0f,1f],start_interpolation: 0,interpolation_duration: 1}
$data merge entity $(leftthumb2) {transformation: [-0.1279f,0.4048f,0.9054f,0.2014f,-0.6871f,0.6222f,-0.3752f,0.5248f,-0.7152f,-0.6701f,0.1986f,0.3141f,0f,0f,0f,1f],start_interpolation: 0,interpolation_duration: 1}
$data merge entity $(leftthumb) {transformation: [-0.1279f,0.4048f,0.9054f,0.3781f,-0.6871f,0.6222f,-0.3752f,0.6453f,-0.7152f,-0.6701f,0.1986f,0.1667f,0f,0f,0f,1f],start_interpolation: 0,interpolation_duration: 1}
$data merge entity $(leftpointerfinger) {transformation: [-0.1279f,0.4048f,0.9054f,0.3017f,-0.6871f,0.6222f,-0.3752f,0.4987f,-0.7152f,-0.6701f,0.1986f,0.4741f,0f,0f,0f,1f],start_interpolation: 0,interpolation_duration: 1}
$data merge entity $(leftmidfinger) {transformation: [-0.1279f,0.4048f,0.9054f,0.4431f,-0.6871f,0.6222f,-0.3752f,0.4401f,-0.7152f,-0.6701f,0.1986f,0.5052f,0f,0f,0f,1f],start_interpolation: 0,interpolation_duration: 1}
$data merge entity $(leftringfinger) {transformation: [-0.1279f,0.4048f,0.9054f,0.5846f,-0.6871f,0.6222f,-0.3752f,0.3815f,-0.7152f,-0.6701f,0.1986f,0.5362f,0f,0f,0f,1f],start_interpolation: 0,interpolation_duration: 1}
$data merge entity $(invisibility) {transformation: [0.4822f,-0.8667f,0.1279f,0.2937f,0.5871f,0.428f,0.6871f,0.4496f,-0.6503f,-0.2562f,0.7152f,0.2605f,0f,0f,0f,1f],start_interpolation: 0,interpolation_duration: 1}
$data merge entity $(swiftness) {transformation: [0.9054f,0.4048f,0.1279f,0.402f,-0.3752f,0.6222f,0.6871f,0.2592f,0.1986f,-0.6701f,0.7152f,0.3513f,0f,0f,0f,1f],start_interpolation: 0,interpolation_duration: 1}
$data merge entity $(suspicious_stew) {transformation: [0.7495f,-0.6495f,0.1279f,0.4445f,0.4053f,0.603f,0.6871f,0.3501f,-0.5234f,-0.4632f,0.7152f,0.3292f,0f,0f,0f,1f],start_interpolation: 0,interpolation_duration: 1}
$data merge entity $(log) {transformation: [-0.1279f,0.4048f,0.9054f,0.5255f,-0.6871f,0.6222f,-0.3752f,0.3459f,-0.7152f,-0.6701f,0.1986f,0.1877f,0f,0f,0f,1f],start_interpolation: 0,interpolation_duration: 1}
$data merge entity $(planks) {transformation: [-0.1279f,0.4048f,0.9054f,0.5135f,-0.6871f,0.6222f,-0.3752f,0.2815f,-0.7152f,-0.6701f,0.1986f,0.1206f,0f,0f,0f,1f],start_interpolation: 0,interpolation_duration: 1}
$data merge entity $(lefthand1) {transformation: [-0.1279f,0.4048f,0.9054f,0.6304f,-0.6871f,0.6222f,-0.3752f,0.6849f,-0.7152f,-0.6701f,0.1986f,0.1927f,0f,0f,0f,1f],start_interpolation: 0,interpolation_duration: 1}
$data merge entity $(leftforearm) {transformation: [-0.1279f,0.4048f,0.9054f,0.8929f,-0.6871f,0.6222f,-0.3752f,1.0853f,-0.7152f,-0.6701f,0.1986f,-0.3262f,0f,0f,0f,1f],start_interpolation: 0,interpolation_duration: 1}
$data merge entity $(leftelbow) {transformation: [-0.1279f,0.4048f,0.9054f,0.9688f,-0.6871f,0.6222f,-0.3752f,1.202f,-0.7152f,-0.6701f,0.1986f,-0.4519f,0f,0f,0f,1f],start_interpolation: 0,interpolation_duration: 1}
$data merge entity $(leftarm) {transformation: [-1f,0f,0f,0.75f,0f,0.9915f,-0.1304f,1.7018f,0f,-0.1304f,-0.9915f,-0.4861f,0f,0f,0f,1f],start_interpolation: 0,interpolation_duration: 1}
$data merge entity $(rightthumb2) {transformation: [-0.2659f,-0.284f,-0.9212f,-0.3451f,0.5527f,0.7381f,-0.387f,0.3849f,0.7898f,-0.612f,-0.0393f,0.2874f,0f,0f,0f,1f],start_interpolation: 0,interpolation_duration: 1}
$data merge entity $(rightthumb) {transformation: [-0.2659f,-0.284f,-0.9212f,-0.4935f,0.5527f,0.7381f,-0.387f,0.5328f,0.7898f,-0.612f,-0.0393f,0.134f,0f,0f,0f,1f],start_interpolation: 0,interpolation_duration: 1}
$data merge entity $(rightpointerfinger) {transformation: [-0.2659f,-0.284f,-0.9212f,-0.4726f,0.5527f,0.7381f,-0.387f,0.333f,0.7898f,-0.612f,-0.0393f,0.4193f,0f,0f,0f,1f],start_interpolation: 0,interpolation_duration: 1}
$data merge entity $(rightmidfinger) {transformation: [-0.2659f,-0.284f,-0.9212f,-0.6165f,0.5527f,0.7381f,-0.387f,0.2725f,0.7898f,-0.612f,-0.0393f,0.4132f,0f,0f,0f,1f],start_interpolation: 0,interpolation_duration: 1}
$data merge entity $(rightringfinger) {transformation: [-0.2659f,-0.284f,-0.9212f,-0.7605f,0.5527f,0.7381f,-0.387f,0.212f,0.7898f,-0.612f,-0.0393f,0.407f,0f,0f,0f,1f],start_interpolation: 0,interpolation_duration: 1}
$data merge entity $(hugeasssword) {transformation: [-1.0415f,-1.1122f,-3.6081f,-0.5892f,2.1646f,2.8908f,-1.5159f,0.2817f,3.0936f,-2.3971f,-0.154f,0.0797f,0f,0f,0f,1f],start_interpolation: 0,interpolation_duration: 1}
$data merge entity $(whey) {transformation: [-0.2659f,0.8379f,-0.4766f,-0.3873f,0.5527f,0.5376f,0.6368f,0.1719f,0.7898f,-0.0941f,-0.606f,0.0068f,0f,0f,0f,1f],start_interpolation: 0,interpolation_duration: 1}
$data merge entity $(ice) {transformation: [-0.2659f,-0.284f,-0.9212f,-0.5806f,0.5527f,0.7381f,-0.387f,0.2615f,0.7898f,-0.612f,-0.0393f,0.0769f,0f,0f,0f,1f],start_interpolation: 0,interpolation_duration: 1}
$data merge entity $(righthand1) {transformation: [-0.2659f,-0.284f,-0.9212f,-0.7468f,0.5527f,0.7381f,-0.387f,0.5721f,0.7898f,-0.612f,-0.0393f,0.1201f,0f,0f,0f,1f],start_interpolation: 0,interpolation_duration: 1}
$data merge entity $(rightforearm) {transformation: [-0.2659f,-0.284f,-0.9212f,-0.9155f,0.5527f,0.7381f,-0.387f,1.0626f,0.7898f,-0.612f,-0.0393f,-0.359f,0f,0f,0f,1f],start_interpolation: 0,interpolation_duration: 1}
$data merge entity $(rightelbow) {transformation: [-0.2659f,-0.284f,-0.9212f,-0.9687f,0.5527f,0.7381f,-0.387f,1.2009f,0.7898f,-0.612f,-0.0393f,-0.4737f,0f,0f,0f,1f],start_interpolation: 0,interpolation_duration: 1}
$data merge entity $(rightarm) {transformation: [-1f,0f,0f,-0.75f,0f,0.9962f,-0.0871f,1.7018f,0f,-0.0871f,-0.9962f,-0.4861f,0f,0f,0f,1f],start_interpolation: 0,interpolation_duration: 1}
$data merge entity $(chest1) {transformation: [-1.0833f,0f,0f,-0.0023f,0f,1.0464f,0.2805f,1.5754f,0f,0.2805f,-1.0464f,-0.634f,0f,0f,0f,1f],start_interpolation: 0,interpolation_duration: 1}
$data merge entity $(chest1lid) {transformation: [-1f,0f,0f,-0.3437f,0f,0.9659f,0.2589f,0.814f,0f,0.2589f,-0.9659f,-0.4329f,0f,0f,0f,1f],start_interpolation: 0,interpolation_duration: 1}
$data merge entity $(chest2) {transformation: [-1f,0f,0f,-0.3437f,0f,0.9659f,0.2589f,0.663f,0f,0.2589f,-0.9659f,-0.4734f,0f,0f,0f,1f],start_interpolation: 0,interpolation_duration: 1}
$data merge entity $(chest1lid3) {transformation: [-1f,0f,0f,-0.2812f,0f,0.9659f,0.2589f,0.9798f,0f,0.2589f,-0.9659f,-1.0517f,0f,0f,0f,1f],start_interpolation: 0,interpolation_duration: 1}
$data merge entity $(chest3) {transformation: [-1f,0f,0f,-0.2812f,0f,0.9659f,0.2589f,0.8289f,0f,0.2589f,-0.9659f,-1.0922f,0f,0f,0f,1f],start_interpolation: 0,interpolation_duration: 1}
$data merge entity $(hugeasssword2) {transformation: [0f,2.8877f,-2.6461f,-1.2344f,-1.014f,2.5558f,2.7892f,2.7648f,3.7831f,0.6851f,0.7476f,-0.5895f,0f,0f,0f,1f],start_interpolation: 0,interpolation_duration: 1}
$data merge entity $(belt) {transformation: [-1f,0f,0f,0.0297f,0f,0.9659f,0.2589f,1.1568f,0f,0.2589f,-0.9659f,-0.6106f,0f,0f,0f,1f],start_interpolation: 0,interpolation_duration: 1}
data modify entity @s data merge value {"cameras":{},"locators":{"soup":{"px":0.3288322317712655,"py":0.4322853731454417,"pz":0.22722995826948583,"ry":169.86321972096437,"rx":43.403954721222405},"lefthand":{"px":0.4917352489152582,"py":0.36756344739121516,"pz":0.3039831135811224,"ry":102.37049874799835,"rx":-22.035371757494655},"sword":{"px":2.810315663385419,"py":1.7350685799486563,"pz":0.30613188829361343,"ry":272.44433946157096,"rx":-22.77105632327675},"righthand":{"px":-0.5866824733782435,"py":0.30782227144872976,"pz":0.1611219448499773,"ry":272.44433946157096,"rx":-22.77105632327675},"chest":{"px":-0.375,"py":0.713149395064093,"pz":-0.29817572731624836,"ry":0,"rx":15.004609375000003}}}