# This file was generated by Animated Java via MC-Build. It is not recommended to edit this file directly.
$data merge entity $(nose) {transformation: [-0.9994f,0.0011f,-0.0338f,0.0065f,-0.0004f,0.9991f,0.0428f,2.3032f,0.0338f,0.0428f,-0.9985f,-0.1907f,0f,0f,0f,1f],start_interpolation: 0,interpolation_duration: 1}
$data merge entity $(glowing_eye) {transformation: [-0.9994f,0.0011f,-0.0338f,-0.1172f,-0.0004f,0.9991f,0.0428f,2.3693f,0.0338f,0.0428f,-0.9985f,-0.1488f,0f,0f,0f,1f],start_interpolation: 0,interpolation_duration: 1}
$data merge entity $(head) {transformation: [-0.9994f,0.0011f,-0.0338f,0f,-0.0004f,0.9991f,0.0428f,2.1879f,0.0338f,0.0428f,-0.9985f,-0.383f,0f,0f,0f,1f],start_interpolation: 0,interpolation_duration: 1}
$data merge entity $(leftthumb2) {transformation: [-0.1279f,0.4048f,0.9054f,0.2014f,-0.6859f,0.6234f,-0.3755f,0.5229f,-0.7164f,-0.669f,0.1979f,0.3132f,0f,0f,0f,1f],start_interpolation: 0,interpolation_duration: 1}
$data merge entity $(leftthumb) {transformation: [-0.1279f,0.4048f,0.9054f,0.3781f,-0.6859f,0.6234f,-0.3755f,0.6437f,-0.7164f,-0.669f,0.1979f,0.166f,0f,0f,0f,1f],start_interpolation: 0,interpolation_duration: 1}
$data merge entity $(leftpointerfinger) {transformation: [-0.1279f,0.4048f,0.9054f,0.3017f,-0.6859f,0.6234f,-0.3755f,0.4965f,-0.7164f,-0.669f,0.1979f,0.4732f,0f,0f,0f,1f],start_interpolation: 0,interpolation_duration: 1}
$data merge entity $(leftmidfinger) {transformation: [-0.1279f,0.4048f,0.9054f,0.4431f,-0.6859f,0.6234f,-0.3755f,0.4379f,-0.7164f,-0.669f,0.1979f,0.5041f,0f,0f,0f,1f],start_interpolation: 0,interpolation_duration: 1}
$data merge entity $(leftringfinger) {transformation: [-0.1279f,0.4048f,0.9054f,0.5846f,-0.6859f,0.6234f,-0.3755f,0.3792f,-0.7164f,-0.669f,0.1979f,0.535f,0f,0f,0f,1f],start_interpolation: 0,interpolation_duration: 1}
$data merge entity $(invisibility) {transformation: [0.4822f,-0.8667f,0.1279f,0.2937f,0.5883f,0.4284f,0.6859f,0.4479f,-0.6492f,-0.2555f,0.7164f,0.2595f,0f,0f,0f,1f],start_interpolation: 0,interpolation_duration: 1}
$data merge entity $(swiftness) {transformation: [0.9054f,0.4048f,0.1279f,0.402f,-0.3755f,0.6234f,0.6859f,0.2573f,0.1979f,-0.669f,0.7164f,0.3499f,0f,0f,0f,1f],start_interpolation: 0,interpolation_duration: 1}
$data merge entity $(suspicious_stew) {transformation: [0.7495f,-0.6495f,0.1279f,0.4445f,0.4062f,0.6038f,0.6859f,0.3482f,-0.5227f,-0.4621f,0.7164f,0.328f,0f,0f,0f,1f],start_interpolation: 0,interpolation_duration: 1}
$data merge entity $(log) {transformation: [-0.1279f,0.4048f,0.9054f,0.5255f,-0.6859f,0.6234f,-0.3755f,0.3442f,-0.7164f,-0.669f,0.1979f,0.1864f,0f,0f,0f,1f],start_interpolation: 0,interpolation_duration: 1}
$data merge entity $(planks) {transformation: [-0.1279f,0.4048f,0.9054f,0.5135f,-0.6859f,0.6234f,-0.3755f,0.2799f,-0.7164f,-0.669f,0.1979f,0.1193f,0f,0f,0f,1f],start_interpolation: 0,interpolation_duration: 1}
$data merge entity $(lefthand1) {transformation: [-0.1279f,0.4048f,0.9054f,0.6304f,-0.6859f,0.6234f,-0.3755f,0.6833f,-0.7164f,-0.669f,0.1979f,0.1921f,0f,0f,0f,1f],start_interpolation: 0,interpolation_duration: 1}
$data merge entity $(leftforearm) {transformation: [-0.1279f,0.4048f,0.9054f,0.8929f,-0.6859f,0.6234f,-0.3755f,1.0846f,-0.7164f,-0.669f,0.1979f,-0.3262f,0f,0f,0f,1f],start_interpolation: 0,interpolation_duration: 1}
$data merge entity $(leftelbow) {transformation: [-0.1279f,0.4048f,0.9054f,0.9688f,-0.6859f,0.6234f,-0.3755f,1.2015f,-0.7164f,-0.669f,0.1979f,-0.4516f,0f,0f,0f,1f],start_interpolation: 0,interpolation_duration: 1}
$data merge entity $(leftarm) {transformation: [-1f,0f,0f,0.75f,0f,0.9917f,-0.1287f,1.7013f,0f,-0.1287f,-0.9917f,-0.4849f,0f,0f,0f,1f],start_interpolation: 0,interpolation_duration: 1}
$data merge entity $(rightthumb2) {transformation: [-0.2659f,-0.284f,-0.9212f,-0.3451f,0.5512f,0.7392f,-0.387f,0.3831f,0.7908f,-0.6107f,-0.04f,0.2862f,0f,0f,0f,1f],start_interpolation: 0,interpolation_duration: 1}
$data merge entity $(rightthumb) {transformation: [-0.2659f,-0.284f,-0.9212f,-0.4935f,0.5512f,0.7392f,-0.387f,0.5313f,0.7908f,-0.6107f,-0.04f,0.133f,0f,0f,0f,1f],start_interpolation: 0,interpolation_duration: 1}
$data merge entity $(rightpointerfinger) {transformation: [-0.2659f,-0.284f,-0.9212f,-0.4726f,0.5512f,0.7392f,-0.387f,0.3309f,0.7908f,-0.6107f,-0.04f,0.4181f,0f,0f,0f,1f],start_interpolation: 0,interpolation_duration: 1}
$data merge entity $(rightmidfinger) {transformation: [-0.2659f,-0.284f,-0.9212f,-0.6165f,0.5512f,0.7392f,-0.387f,0.2704f,0.7908f,-0.6107f,-0.04f,0.4118f,0f,0f,0f,1f],start_interpolation: 0,interpolation_duration: 1}
$data merge entity $(rightringfinger) {transformation: [-0.2659f,-0.284f,-0.9212f,-0.7605f,0.5512f,0.7392f,-0.387f,0.21f,0.7908f,-0.6107f,-0.04f,0.4056f,0f,0f,0f,1f],start_interpolation: 0,interpolation_duration: 1}
$data merge entity $(hugeasssword) {transformation: [-1.0415f,-1.1122f,-3.6081f,-0.5892f,2.159f,2.8951f,-1.5157f,0.2802f,3.0975f,-2.392f,-0.1567f,0.0783f,0f,0f,0f,1f],start_interpolation: 0,interpolation_duration: 1}
$data merge entity $(whey) {transformation: [-0.2659f,0.8379f,-0.4766f,-0.3873f,0.5512f,0.5378f,0.6379f,0.1706f,0.7908f,-0.0931f,-0.6049f,0.0053f,0f,0f,0f,1f],start_interpolation: 0,interpolation_duration: 1}
$data merge entity $(ice) {transformation: [-0.2659f,-0.284f,-0.9212f,-0.5806f,0.5512f,0.7392f,-0.387f,0.2601f,0.7908f,-0.6107f,-0.04f,0.0755f,0f,0f,0f,1f],start_interpolation: 0,interpolation_duration: 1}
$data merge entity $(righthand1) {transformation: [-0.2659f,-0.284f,-0.9212f,-0.7468f,0.5512f,0.7392f,-0.387f,0.5706f,0.7908f,-0.6107f,-0.04f,0.1193f,0f,0f,0f,1f],start_interpolation: 0,interpolation_duration: 1}
$data merge entity $(rightforearm) {transformation: [-0.2659f,-0.284f,-0.9212f,-0.9155f,0.5512f,0.7392f,-0.387f,1.0619f,0.7908f,-0.6107f,-0.04f,-0.3589f,0f,0f,0f,1f],start_interpolation: 0,interpolation_duration: 1}
$data merge entity $(rightelbow) {transformation: [-0.2659f,-0.284f,-0.9212f,-0.9687f,0.5512f,0.7392f,-0.387f,1.2005f,0.7908f,-0.6107f,-0.04f,-0.4734f,0f,0f,0f,1f],start_interpolation: 0,interpolation_duration: 1}
$data merge entity $(rightarm) {transformation: [-1f,0f,0f,-0.75f,0f,0.9964f,-0.0853f,1.7013f,0f,-0.0853f,-0.9964f,-0.4849f,0f,0f,0f,1f],start_interpolation: 0,interpolation_duration: 1}
$data merge entity $(chest1) {transformation: [-1.0833f,0f,0f,-0.0023f,0f,1.0459f,0.2823f,1.5753f,0f,0.2823f,-1.0459f,-0.633f,0f,0f,0f,1f],start_interpolation: 0,interpolation_duration: 1}
$data merge entity $(chest1lid) {transformation: [-1f,0f,0f,-0.3437f,0f,0.9654f,0.2606f,0.8134f,0f,0.2606f,-0.9654f,-0.4333f,0f,0f,0f,1f],start_interpolation: 0,interpolation_duration: 1}
$data merge entity $(chest2) {transformation: [-1f,0f,0f,-0.3437f,0f,0.9654f,0.2606f,0.6626f,0f,0.2606f,-0.9654f,-0.474f,0f,0f,0f,1f],start_interpolation: 0,interpolation_duration: 1}
$data merge entity $(chest1lid3) {transformation: [-1f,0f,0f,-0.2812f,0f,0.9654f,0.2606f,0.9804f,0f,0.2606f,-0.9654f,-1.0518f,0f,0f,0f,1f],start_interpolation: 0,interpolation_duration: 1}
$data merge entity $(chest3) {transformation: [-1f,0f,0f,-0.2812f,0f,0.9654f,0.2606f,0.8296f,0f,0.2606f,-0.9654f,-1.0925f,0f,0f,0f,1f],start_interpolation: 0,interpolation_duration: 1}
$data merge entity $(hugeasssword2) {transformation: [0f,2.8877f,-2.6461f,-1.2344f,-1.0208f,2.5546f,2.7879f,2.7645f,3.7813f,0.6896f,0.7526f,-0.5864f,0f,0f,0f,1f],start_interpolation: 0,interpolation_duration: 1}
$data merge entity $(belt) {transformation: [-1f,0f,0f,0.0297f,0f,0.9654f,0.2606f,1.1566f,0f,0.2606f,-0.9654f,-0.6104f,0f,0f,0f,1f],start_interpolation: 0,interpolation_duration: 1}
data modify entity @s data merge value {"cameras":{},"locators":{"soup":{"px":0.3288322317712655,"py":0.43057130132767985,"pz":0.22614008514100117,"ry":169.88028906820884,"rx":43.30274438672235},"lefthand":{"px":0.4917352489152582,"py":0.3657117527085579,"pz":0.30277697884469695,"ry":102.32982648124728,"rx":-22.057361889136015},"sword":{"px":2.810315663385419,"py":1.7332108278354348,"pz":0.30737962274217834,"ry":272.4874521410959,"rx":-22.76663284320164},"righthand":{"px":-0.5866824733782435,"py":0.30622702526769074,"pz":0.1598088396125402,"ry":272.4874521410959,"rx":-22.76663284320164},"chest":{"px":-0.375,"py":0.7123776672625995,"pz":-0.2987607677566583,"ry":0,"rx":15.107421875000007}}}