# This file was generated by Animated Java via MC-Build. It is not recommended to edit this file directly.
$data merge entity $(nose) {transformation: [-0.9911f,0.0033f,-0.1331f,0.0253f,-0.0018f,0.9993f,0.0382f,2.3036f,0.1331f,0.0381f,-0.9904f,-0.1909f,0f,0f,0f,1f],start_interpolation: 0,interpolation_duration: 1}
$data merge entity $(glowing_eye) {transformation: [-0.9911f,0.0033f,-0.1331f,-0.0937f,-0.0018f,0.9993f,0.0382f,2.3697f,0.1331f,0.0381f,-0.9904f,-0.1372f,0f,0f,0f,1f],start_interpolation: 0,interpolation_duration: 1}
$data merge entity $(head) {transformation: [-0.9911f,0.0033f,-0.1331f,0f,-0.0018f,0.9993f,0.0382f,2.1873f,0.1331f,0.0381f,-0.9904f,-0.3811f,0f,0f,0f,1f],start_interpolation: 0,interpolation_duration: 1}
$data merge entity $(leftthumb2) {transformation: [-0.1279f,0.4048f,0.9054f,0.2014f,-0.6847f,0.6245f,-0.3759f,0.5212f,-0.7176f,-0.668f,0.1973f,0.3123f,0f,0f,0f,1f],start_interpolation: 0,interpolation_duration: 1}
$data merge entity $(leftthumb) {transformation: [-0.1279f,0.4048f,0.9054f,0.3781f,-0.6847f,0.6245f,-0.3759f,0.6422f,-0.7176f,-0.668f,0.1973f,0.1654f,0f,0f,0f,1f],start_interpolation: 0,interpolation_duration: 1}
$data merge entity $(leftpointerfinger) {transformation: [-0.1279f,0.4048f,0.9054f,0.3017f,-0.6847f,0.6245f,-0.3759f,0.4945f,-0.7176f,-0.668f,0.1973f,0.4723f,0f,0f,0f,1f],start_interpolation: 0,interpolation_duration: 1}
$data merge entity $(leftmidfinger) {transformation: [-0.1279f,0.4048f,0.9054f,0.4431f,-0.6847f,0.6245f,-0.3759f,0.4358f,-0.7176f,-0.668f,0.1973f,0.5031f,0f,0f,0f,1f],start_interpolation: 0,interpolation_duration: 1}
$data merge entity $(leftringfinger) {transformation: [-0.1279f,0.4048f,0.9054f,0.5846f,-0.6847f,0.6245f,-0.3759f,0.3771f,-0.7176f,-0.668f,0.1973f,0.5339f,0f,0f,0f,1f],start_interpolation: 0,interpolation_duration: 1}
$data merge entity $(invisibility) {transformation: [0.4822f,-0.8667f,0.1279f,0.2937f,0.5893f,0.4289f,0.6847f,0.4462f,-0.6482f,-0.2548f,0.7176f,0.2585f,0f,0f,0f,1f],start_interpolation: 0,interpolation_duration: 1}
$data merge entity $(swiftness) {transformation: [0.9054f,0.4048f,0.1279f,0.402f,-0.3759f,0.6245f,0.6847f,0.2555f,0.1973f,-0.668f,0.7176f,0.3486f,0f,0f,0f,1f],start_interpolation: 0,interpolation_duration: 1}
$data merge entity $(suspicious_stew) {transformation: [0.7495f,-0.6495f,0.1279f,0.4445f,0.4071f,0.6046f,0.6847f,0.3465f,-0.522f,-0.4611f,0.7176f,0.3268f,0f,0f,0f,1f],start_interpolation: 0,interpolation_duration: 1}
$data merge entity $(log) {transformation: [-0.1279f,0.4048f,0.9054f,0.5255f,-0.6847f,0.6245f,-0.3759f,0.3427f,-0.7176f,-0.668f,0.1973f,0.1853f,0f,0f,0f,1f],start_interpolation: 0,interpolation_duration: 1}
$data merge entity $(planks) {transformation: [-0.1279f,0.4048f,0.9054f,0.5135f,-0.6847f,0.6245f,-0.3759f,0.2785f,-0.7176f,-0.668f,0.1973f,0.118f,0f,0f,0f,1f],start_interpolation: 0,interpolation_duration: 1}
$data merge entity $(lefthand1) {transformation: [-0.1279f,0.4048f,0.9054f,0.6304f,-0.6847f,0.6245f,-0.3759f,0.6818f,-0.7176f,-0.668f,0.1973f,0.1915f,0f,0f,0f,1f],start_interpolation: 0,interpolation_duration: 1}
$data merge entity $(leftforearm) {transformation: [-0.1279f,0.4048f,0.9054f,0.8929f,-0.6847f,0.6245f,-0.3759f,1.0839f,-0.7176f,-0.668f,0.1973f,-0.3261f,0f,0f,0f,1f],start_interpolation: 0,interpolation_duration: 1}
$data merge entity $(leftelbow) {transformation: [-0.1279f,0.4048f,0.9054f,0.9688f,-0.6847f,0.6245f,-0.3759f,1.201f,-0.7176f,-0.668f,0.1973f,-0.4513f,0f,0f,0f,1f],start_interpolation: 0,interpolation_duration: 1}
$data merge entity $(leftarm) {transformation: [-1f,0f,0f,0.75f,0f,0.9919f,-0.127f,1.7009f,0f,-0.127f,-0.9919f,-0.4838f,0f,0f,0f,1f],start_interpolation: 0,interpolation_duration: 1}
$data merge entity $(rightthumb2) {transformation: [-0.2659f,-0.284f,-0.9212f,-0.3451f,0.5499f,0.7402f,-0.3869f,0.3814f,0.7918f,-0.6095f,-0.0407f,0.2851f,0f,0f,0f,1f],start_interpolation: 0,interpolation_duration: 1}
$data merge entity $(rightthumb) {transformation: [-0.2659f,-0.284f,-0.9212f,-0.4935f,0.5499f,0.7402f,-0.3869f,0.5299f,0.7918f,-0.6095f,-0.0407f,0.1322f,0f,0f,0f,1f],start_interpolation: 0,interpolation_duration: 1}
$data merge entity $(rightpointerfinger) {transformation: [-0.2659f,-0.284f,-0.9212f,-0.4726f,0.5499f,0.7402f,-0.3869f,0.329f,0.7918f,-0.6095f,-0.0407f,0.4169f,0f,0f,0f,1f],start_interpolation: 0,interpolation_duration: 1}
$data merge entity $(rightmidfinger) {transformation: [-0.2659f,-0.284f,-0.9212f,-0.6165f,0.5499f,0.7402f,-0.3869f,0.2685f,0.7918f,-0.6095f,-0.0407f,0.4105f,0f,0f,0f,1f],start_interpolation: 0,interpolation_duration: 1}
$data merge entity $(rightringfinger) {transformation: [-0.2659f,-0.284f,-0.9212f,-0.7605f,0.5499f,0.7402f,-0.3869f,0.2081f,0.7918f,-0.6095f,-0.0407f,0.4042f,0f,0f,0f,1f],start_interpolation: 0,interpolation_duration: 1}
$data merge entity $(hugeasssword) {transformation: [-1.0415f,-1.1122f,-3.6081f,-0.5892f,2.1538f,2.8991f,-1.5154f,0.2789f,3.1011f,-2.3871f,-0.1593f,0.077f,0f,0f,0f,1f],start_interpolation: 0,interpolation_duration: 1}
$data merge entity $(whey) {transformation: [-0.2659f,0.8379f,-0.4766f,-0.3873f,0.5499f,0.5379f,0.6389f,0.1694f,0.7918f,-0.0922f,-0.6038f,0.0038f,0f,0f,0f,1f],start_interpolation: 0,interpolation_duration: 1}
$data merge entity $(ice) {transformation: [-0.2659f,-0.284f,-0.9212f,-0.5806f,0.5499f,0.7402f,-0.3869f,0.2587f,0.7918f,-0.6095f,-0.0407f,0.0742f,0f,0f,0f,1f],start_interpolation: 0,interpolation_duration: 1}
$data merge entity $(righthand1) {transformation: [-0.2659f,-0.284f,-0.9212f,-0.7468f,0.5499f,0.7402f,-0.3869f,0.5692f,0.7918f,-0.6095f,-0.0407f,0.1185f,0f,0f,0f,1f],start_interpolation: 0,interpolation_duration: 1}
$data merge entity $(rightforearm) {transformation: [-0.2659f,-0.284f,-0.9212f,-0.9155f,0.5499f,0.7402f,-0.3869f,1.0613f,0.7918f,-0.6095f,-0.0407f,-0.3589f,0f,0f,0f,1f],start_interpolation: 0,interpolation_duration: 1}
$data merge entity $(rightelbow) {transformation: [-0.2659f,-0.284f,-0.9212f,-0.9687f,0.5499f,0.7402f,-0.3869f,1.2001f,0.7918f,-0.6095f,-0.0407f,-0.4732f,0f,0f,0f,1f],start_interpolation: 0,interpolation_duration: 1}
$data merge entity $(rightarm) {transformation: [-1f,0f,0f,-0.75f,0f,0.9965f,-0.0836f,1.7009f,0f,-0.0836f,-0.9965f,-0.4838f,0f,0f,0f,1f],start_interpolation: 0,interpolation_duration: 1}
$data merge entity $(chest1) {transformation: [-1.0833f,0f,0f,-0.0023f,0f,1.0454f,0.2841f,1.5751f,0f,0.2841f,-1.0454f,-0.6321f,0f,0f,0f,1f],start_interpolation: 0,interpolation_duration: 1}
$data merge entity $(chest1lid) {transformation: [-1f,0f,0f,-0.3437f,0f,0.965f,0.2622f,0.8129f,0f,0.2622f,-0.965f,-0.4337f,0f,0f,0f,1f],start_interpolation: 0,interpolation_duration: 1}
$data merge entity $(chest2) {transformation: [-1f,0f,0f,-0.3437f,0f,0.965f,0.2622f,0.6622f,0f,0.2622f,-0.965f,-0.4747f,0f,0f,0f,1f],start_interpolation: 0,interpolation_duration: 1}
$data merge entity $(chest1lid3) {transformation: [-1f,0f,0f,-0.2812f,0f,0.965f,0.2622f,0.9809f,0f,0.2622f,-0.965f,-1.0519f,0f,0f,0f,1f],start_interpolation: 0,interpolation_duration: 1}
$data merge entity $(chest3) {transformation: [-1f,0f,0f,-0.2812f,0f,0.965f,0.2622f,0.8302f,0f,0.2622f,-0.965f,-1.0929f,0f,0f,0f,1f],start_interpolation: 0,interpolation_duration: 1}
$data merge entity $(hugeasssword2) {transformation: [0f,2.8877f,-2.6461f,-1.2344f,-1.0271f,2.5535f,2.7866f,2.7643f,3.7796f,0.6939f,0.7573f,-0.5835f,0f,0f,0f,1f],start_interpolation: 0,interpolation_duration: 1}
$data merge entity $(belt) {transformation: [-1f,0f,0f,0.0297f,0f,0.965f,0.2622f,1.1564f,0f,0.2622f,-0.965f,-0.6102f,0f,0f,0f,1f],start_interpolation: 0,interpolation_duration: 1}
data modify entity @s data merge value {"cameras":{},"locators":{"soup":{"px":0.3288322317712655,"py":0.42898141670127954,"pz":0.2251253075310597,"ry":169.89605983262086,"rx":43.20875855467072},"lefthand":{"px":0.4917352489152582,"py":0.36399426241238425,"pz":0.30165402306359124,"ry":102.29201359652434,"rx":-22.077717416843285},"sword":{"px":2.810315663385419,"py":1.7314837700742653,"pz":0.30853524667403415,"ry":272.5274756616816,"rx":-22.762456128786145},"righthand":{"px":-0.5866824733782435,"py":0.3047478372441309,"pz":0.15858696627202146,"ry":272.5274756616816,"rx":-22.762456128786145},"chest":{"px":-0.375,"py":0.7116620039397051,"pz":-0.29930525875267144,"ry":0,"rx":15.202890625}}}