# This file was generated by Animated Java via MC-Build. It is not recommended to edit this file directly.
$data merge entity $(nose) {transformation: [-0.7654f,-0.0003f,-0.6435f,0.1205f,-0.0444f,0.9976f,0.0523f,2.2948f,0.642f,0.0686f,-0.7636f,-0.2106f,0f,0f,0f,1f],start_interpolation: 0,interpolation_duration: 1}
$data merge entity $(glowing_eye) {transformation: [-0.7654f,-0.0003f,-0.6435f,0.0472f,-0.0444f,0.9976f,0.0523f,2.3549f,0.642f,0.0686f,-0.7636f,-0.099f,0f,0f,0f,1f],start_interpolation: 0,interpolation_duration: 1}
$data merge entity $(head) {transformation: [-0.7654f,-0.0003f,-0.6435f,0f,-0.0444f,0.9976f,0.0523f,2.1814f,0.642f,0.0686f,-0.7636f,-0.362f,0f,0f,0f,1f],start_interpolation: 0,interpolation_duration: 1}
$data merge entity $(leftthumb2) {transformation: [-0.1279f,0.4048f,0.9054f,0.2014f,-0.6726f,0.6355f,-0.3791f,0.5039f,-0.7289f,-0.6575f,0.191f,0.3036f,0f,0f,0f,1f],start_interpolation: 0,interpolation_duration: 1}
$data merge entity $(leftthumb) {transformation: [-0.1279f,0.4048f,0.9054f,0.3781f,-0.6726f,0.6355f,-0.3791f,0.6274f,-0.7289f,-0.6575f,0.191f,0.1586f,0f,0f,0f,1f],start_interpolation: 0,interpolation_duration: 1}
$data merge entity $(leftpointerfinger) {transformation: [-0.1279f,0.4048f,0.9054f,0.3017f,-0.6726f,0.6355f,-0.3791f,0.4746f,-0.7289f,-0.6575f,0.191f,0.463f,0f,0f,0f,1f],start_interpolation: 0,interpolation_duration: 1}
$data merge entity $(leftmidfinger) {transformation: [-0.1279f,0.4048f,0.9054f,0.4431f,-0.6726f,0.6355f,-0.3791f,0.4154f,-0.7289f,-0.6575f,0.191f,0.4929f,0f,0f,0f,1f],start_interpolation: 0,interpolation_duration: 1}
$data merge entity $(leftringfinger) {transformation: [-0.1279f,0.4048f,0.9054f,0.5846f,-0.6726f,0.6355f,-0.3791f,0.3562f,-0.7289f,-0.6575f,0.191f,0.5227f,0f,0f,0f,1f],start_interpolation: 0,interpolation_duration: 1}
$data merge entity $(invisibility) {transformation: [0.4822f,-0.8667f,0.1279f,0.2937f,0.6f,0.433f,0.6726f,0.4299f,-0.6383f,-0.2476f,0.7289f,0.2485f,0f,0f,0f,1f],start_interpolation: 0,interpolation_duration: 1}
$data merge entity $(swiftness) {transformation: [0.9054f,0.4048f,0.1279f,0.402f,-0.3791f,0.6355f,0.6726f,0.2377f,0.191f,-0.6575f,0.7289f,0.3354f,0f,0f,0f,1f],start_interpolation: 0,interpolation_duration: 1}
$data merge entity $(suspicious_stew) {transformation: [0.7495f,-0.6495f,0.1279f,0.4445f,0.4157f,0.6122f,0.6726f,0.329f,-0.5152f,-0.451f,0.7289f,0.3151f,0f,0f,0f,1f],start_interpolation: 0,interpolation_duration: 1}
$data merge entity $(log) {transformation: [-0.1279f,0.4048f,0.9054f,0.5255f,-0.6726f,0.6355f,-0.3791f,0.3276f,-0.7289f,-0.6575f,0.191f,0.1736f,0f,0f,0f,1f],start_interpolation: 0,interpolation_duration: 1}
$data merge entity $(planks) {transformation: [-0.1279f,0.4048f,0.9054f,0.5135f,-0.6726f,0.6355f,-0.3791f,0.2646f,-0.7289f,-0.6575f,0.191f,0.1052f,0f,0f,0f,1f],start_interpolation: 0,interpolation_duration: 1}
$data merge entity $(lefthand1) {transformation: [-0.1279f,0.4048f,0.9054f,0.6304f,-0.6726f,0.6355f,-0.3791f,0.6665f,-0.7289f,-0.6575f,0.191f,0.1854f,0f,0f,0f,1f],start_interpolation: 0,interpolation_duration: 1}
$data merge entity $(leftforearm) {transformation: [-0.1279f,0.4048f,0.9054f,0.8929f,-0.6726f,0.6355f,-0.3791f,1.0772f,-0.7289f,-0.6575f,0.191f,-0.3254f,0f,0f,0f,1f],start_interpolation: 0,interpolation_duration: 1}
$data merge entity $(leftelbow) {transformation: [-0.1279f,0.4048f,0.9054f,0.9688f,-0.6726f,0.6355f,-0.3791f,1.1964f,-0.7289f,-0.6575f,0.191f,-0.4487f,0f,0f,0f,1f],start_interpolation: 0,interpolation_duration: 1}
$data merge entity $(leftarm) {transformation: [-1f,0f,0f,0.75f,0f,0.9939f,-0.1105f,1.6968f,0f,-0.1105f,-0.9939f,-0.4729f,0f,0f,0f,1f],start_interpolation: 0,interpolation_duration: 1}
$data merge entity $(rightthumb2) {transformation: [-0.2659f,-0.284f,-0.9212f,-0.3451f,0.5367f,0.7502f,-0.3862f,0.3646f,0.8008f,-0.5971f,-0.0471f,0.2741f,0f,0f,0f,1f],start_interpolation: 0,interpolation_duration: 1}
$data merge entity $(rightthumb) {transformation: [-0.2659f,-0.284f,-0.9212f,-0.4935f,0.5367f,0.7502f,-0.3862f,0.5156f,0.8008f,-0.5971f,-0.0471f,0.1236f,0f,0f,0f,1f],start_interpolation: 0,interpolation_duration: 1}
$data merge entity $(rightpointerfinger) {transformation: [-0.2659f,-0.284f,-0.9212f,-0.4726f,0.5367f,0.7502f,-0.3862f,0.31f,0.8008f,-0.5971f,-0.0471f,0.4049f,0f,0f,0f,1f],start_interpolation: 0,interpolation_duration: 1}
$data merge entity $(rightmidfinger) {transformation: [-0.2659f,-0.284f,-0.9212f,-0.6165f,0.5367f,0.7502f,-0.3862f,0.2497f,0.8008f,-0.5971f,-0.0471f,0.3976f,0f,0f,0f,1f],start_interpolation: 0,interpolation_duration: 1}
$data merge entity $(rightringfinger) {transformation: [-0.2659f,-0.284f,-0.9212f,-0.7605f,0.5367f,0.7502f,-0.3862f,0.1894f,0.8008f,-0.5971f,-0.0471f,0.3902f,0f,0f,0f,1f],start_interpolation: 0,interpolation_duration: 1}
$data merge entity $(hugeasssword) {transformation: [-1.0415f,-1.1122f,-3.6081f,-0.5892f,2.1019f,2.9384f,-1.5125f,0.2656f,3.1365f,-2.3386f,-0.1845f,0.0643f,0f,0f,0f,1f],start_interpolation: 0,interpolation_duration: 1}
$data merge entity $(whey) {transformation: [-0.2659f,0.8379f,-0.4766f,-0.3873f,0.5367f,0.5394f,0.6489f,0.1573f,0.8008f,-0.0833f,-0.5931f,-0.0107f,0f,0f,0f,1f],start_interpolation: 0,interpolation_duration: 1}
$data merge entity $(ice) {transformation: [-0.2659f,-0.284f,-0.9212f,-0.5806f,0.5367f,0.7502f,-0.3862f,0.2455f,0.8008f,-0.5971f,-0.0471f,0.0611f,0f,0f,0f,1f],start_interpolation: 0,interpolation_duration: 1}
$data merge entity $(righthand1) {transformation: [-0.2659f,-0.284f,-0.9212f,-0.7468f,0.5367f,0.7502f,-0.3862f,0.5551f,0.8008f,-0.5971f,-0.0471f,0.1106f,0f,0f,0f,1f],start_interpolation: 0,interpolation_duration: 1}
$data merge entity $(rightforearm) {transformation: [-0.2659f,-0.284f,-0.9212f,-0.9155f,0.5367f,0.7502f,-0.3862f,1.0551f,0.8008f,-0.5971f,-0.0471f,-0.3586f,0f,0f,0f,1f],start_interpolation: 0,interpolation_duration: 1}
$data merge entity $(rightelbow) {transformation: [-0.2659f,-0.284f,-0.9212f,-0.9687f,0.5367f,0.7502f,-0.3862f,1.1958f,0.8008f,-0.5971f,-0.0471f,-0.4705f,0f,0f,0f,1f],start_interpolation: 0,interpolation_duration: 1}
$data merge entity $(rightarm) {transformation: [-1f,0f,0f,-0.75f,0f,0.9978f,-0.067f,1.6968f,0f,-0.067f,-0.9978f,-0.4729f,0f,0f,0f,1f],start_interpolation: 0,interpolation_duration: 1}
$data merge entity $(chest1) {transformation: [-1.0833f,0f,0f,-0.0023f,0f,1.0405f,0.3014f,1.5734f,0f,0.3014f,-1.0405f,-0.6232f,0f,0f,0f,1f],start_interpolation: 0,interpolation_duration: 1}
$data merge entity $(chest1lid) {transformation: [-1f,0f,0f,-0.3437f,0f,0.9605f,0.2783f,0.8081f,0f,0.2783f,-0.9605f,-0.4375f,0f,0f,0f,1f],start_interpolation: 0,interpolation_duration: 1}
$data merge entity $(chest2) {transformation: [-1f,0f,0f,-0.3437f,0f,0.9605f,0.2783f,0.658f,0f,0.2783f,-0.9605f,-0.481f,0f,0f,0f,1f],start_interpolation: 0,interpolation_duration: 1}
$data merge entity $(chest1lid3) {transformation: [-1f,0f,0f,-0.2812f,0f,0.9605f,0.2783f,0.9863f,0f,0.2783f,-0.9605f,-1.0528f,0f,0f,0f,1f],start_interpolation: 0,interpolation_duration: 1}
$data merge entity $(chest3) {transformation: [-1f,0f,0f,-0.2812f,0f,0.9605f,0.2783f,0.8363f,0f,0.2783f,-0.9605f,-1.0963f,0f,0f,0f,1f],start_interpolation: 0,interpolation_duration: 1}
$data merge entity $(hugeasssword2) {transformation: [0f,2.8877f,-2.6461f,-1.2344f,-1.0898f,2.5416f,2.7736f,2.7616f,3.762f,0.7363f,0.8035f,-0.5548f,0f,0f,0f,1f],start_interpolation: 0,interpolation_duration: 1}
$data merge entity $(belt) {transformation: [-1f,0f,0f,0.0297f,0f,0.9605f,0.2783f,1.1544f,0f,0.2783f,-0.9605f,-0.6083f,0f,0f,0f,1f],start_interpolation: 0,interpolation_duration: 1}
data modify entity @s data merge value {"cameras":{},"locators":{"soup":{"px":0.3288322317712655,"py":0.4131969968025287,"pz":0.2148460237183366,"ry":170.04946322936664,"rx":42.26988322936529},"lefthand":{"px":0.4917352489152582,"py":0.34694541333790185,"pz":0.29028276683505266,"ry":101.91198452693499,"rx":-22.277613651152},"sword":{"px":2.810315663385419,"py":1.7141310868001827,"pz":0.31991786567409786,"ry":272.92664258057647,"rx":-22.717091976761974},"righthand":{"px":-0.5866824733782435,"py":0.2900878061213425,"pz":0.14624966600115702,"ry":272.92664258057647,"rx":-22.717091976761974},"chest":{"px":-0.375,"py":0.7045648952508017,"pz":-0.304808169960472,"ry":0,"rx":16.156328125}}}