# This file was generated by Animated Java via MC-Build. It is not recommended to edit this file directly.
$data merge entity $(bone_nose) { transformation: [-0.9904277178916231f,-0.06813485368818428f,-0.1200440641801209f,0.006081142567734047f,-0.026331314968080652f,0.9469715769453608f,-0.3202366223742503f,4.200894115235094f,0.13549759217064705f,-0.314010309019475f,-0.939700978154993f,2.6273678412271906f,0f,0f,0f,1f], start_interpolation: 0, interpolation_duration: 1 }
$data merge entity $(bone_glowing_eye) { transformation: [-0.9904277178916231f,-0.06813485368818428f,-0.1200440641801209f,-0.11814659271198974f,-0.026331314968080652f,0.9469715769453608f,-0.3202366223742503f,4.272895227852986f,0.13549759217064705f,-0.314010309019475f,-0.939700978154993f,2.655835443939972f,0f,0f,0f,1f], start_interpolation: 0, interpolation_duration: 1 }
$data merge entity $(bone_head) { transformation: [-0.9904277178916231f,-0.06813485368818428f,-0.1200440641801209f,-0.007984629858315294f,-0.026331314968080652f,0.9469715769453608f,-0.3202366223742503f,4.023999115477369f,0.13549759217064705f,-0.314010309019475f,-0.939700978154993f,2.4901771462382865f,0f,0f,0f,1f], start_interpolation: 0, interpolation_duration: 1 }
$data merge entity $(bone_leftthumb2) { transformation: [-0.8444293312573544f,-0.32568143838942665f,0.42528896670481714f,1.318176333180044f,-0.48844756478854395f,0.7940828904810219f,-0.36173379645458414f,2.2065709600122383f,-0.2199047088272512f,-0.5131899879517327f,-0.829625189649942f,3.138926940845615f,0f,0f,0f,1f], start_interpolation: 0, interpolation_duration: 1 }
$data merge entity $(bone_leftthumb) { transformation: [-0.8444293312573544f,-0.32568143838942665f,0.42528896670481714f,1.274649534898002f,-0.48844756478854395f,0.7940828904810219f,-0.36173379645458414f,2.3704009673705126f,-0.2199047088272512f,-0.5131899879517327f,-0.829625189649942f,2.942173250580852f,0f,0f,0f,1f], start_interpolation: 0, interpolation_duration: 1 }
$data merge entity $(bone_leftpointerfinger) { transformation: [-0.8444293312573544f,-0.32568143838942665f,0.42528896670481714f,1.4938086352900941f,-0.48844756478854395f,0.7940828904810219f,-0.36173379645458414f,2.146310199621366f,-0.2199047088272512f,-0.5131899879517327f,-0.829625189649942f,3.0957271121406538f,0f,0f,0f,1f], start_interpolation: 0, interpolation_duration: 1 }
$data merge entity $(bone_leftmidfinger) { transformation: [-0.8444293312573544f,-0.32568143838942665f,0.42528896670481714f,1.560260036337722f,-0.48844756478854395f,0.7940828904810219f,-0.36173379645458414f,2.0897892939253366f,-0.2199047088272512f,-0.5131899879517327f,-0.829625189649942f,2.96609817625785f,0f,0f,0f,1f], start_interpolation: 0, interpolation_duration: 1 }
$data merge entity $(bone_leftringfinger) { transformation: [-0.8444293312573544f,-0.32568143838942665f,0.42528896670481714f,1.6267114373853495f,-0.48844756478854395f,0.7940828904810219f,-0.36173379645458414f,2.033268388229308f,-0.2199047088272512f,-0.5131899879517327f,-0.829625189649942f,2.8364692403750467f,0f,0f,0f,1f], start_interpolation: 0, interpolation_duration: 1 }
$data merge entity $(bone_invisibility) { transformation: [-0.28737574641489805f,-0.4520556214502118f,0.8444293312573543f,1.286566448145971f,0.7595339876356325f,0.42956617427173616f,0.48844756478854384f,2.1528832785090812f,-0.5835437447173901f,0.7817407607620359f,0.2199047088272509f,3.024290611479884f,0f,0f,0f,1f], start_interpolation: 0, interpolation_duration: 1 }
$data merge entity $(bone_swiftness) { transformation: [0.425288966704817f,-0.32568143838942665f,0.8444293312573545f,1.3664303736217822f,-0.36173379645458426f,0.7940828904810219f,0.4884475647885439f,1.9520860925811119f,-0.829625189649942f,-0.5131899879517327f,0.219904708827251f,2.926777148432293f,0f,0f,0f,1f], start_interpolation: 0, interpolation_duration: 1 }
$data merge entity $(bone_suspicious_stew) { transformation: [-0.1154327398593463f,-0.5230816256386965f,0.8444293312573546f,1.3815744468276288f,0.5668081989250211f,0.6634360874142398f,0.4884475647885442f,2.0478355561825485f,-0.8157228378560566f,0.5350123090506084f,0.2199047088272512f,2.892791669105758f,0f,0f,0f,1f], start_interpolation: 0, interpolation_duration: 1 }
$data merge entity $(bone_log) { transformation: [-0.8444293312573544f,-0.32568143838942665f,0.42528896670481714f,1.2816344375378617f,-0.48844756478854395f,0.7940828904810219f,-0.36173379645458414f,2.084347686584942f,-0.2199047088272512f,-0.5131899879517327f,-0.829625189649942f,2.769138173394395f,0f,0f,0f,1f], start_interpolation: 0, interpolation_duration: 1 }
$data merge entity $(bone_planks) { transformation: [-0.8444293312573544f,-0.32568143838942665f,0.42528896670481714f,1.2024691877324847f,-0.48844756478854395f,0.7940828904810219f,-0.36173379645458414f,2.0385557273860155f,-0.2199047088272512f,-0.5131899879517327f,-0.829625189649942f,2.7485221069418406f,0f,0f,0f,1f], start_interpolation: 0, interpolation_duration: 1 }
$data merge entity $(bone_lefthand1) { transformation: [-0.8444293312573544f,-0.32568143838942665f,0.42528896670481714f,1.3980311305453181f,-0.48844756478854395f,0.7940828904810219f,-0.36173379645458414f,2.416284481541539f,-0.2199047088272512f,-0.5131899879517327f,-0.829625189649942f,2.7217426407898353f,0f,0f,0f,1f], start_interpolation: 0, interpolation_duration: 1 }
$data merge entity $(bone_leftforearm) { transformation: [-0.9451224871017705f,-0.32568143838942665f,-0.025982399103193193f,1.1103721887198792f,-0.2585117640985829f,0.7940828904810219f,-0.5500945653866651f,2.967062256239013f,0.19978776788683078f,-0.5131899879517327f,-0.8346980795886009f,2.386434823497772f,0f,0f,0f,1f], start_interpolation: 0, interpolation_duration: 1 }
$data merge entity $(bone_leftelbow) { transformation: [-0.9334424171169432f,-0.2945293357279405f,-0.204787021860607f,1.0551479382708904f,-0.1844387191387595f,0.8836763249524308f,-0.43023076552127215f,3.1327515671675936f,0.30768102445443785f,-0.3638249896780376f,-0.8791835781430652f,2.3182176379331403f,0f,0f,0f,1f], start_interpolation: 0, interpolation_duration: 1 }
$data merge entity $(bone_leftarm) { transformation: [-0.9334424171169432f,-0.2945293357279405f,-0.204787021860607f,0.7100923360957327f,-0.1844387191387595f,0.8836763249524308f,-0.43023076552127215f,3.547688471254745f,0.30768102445443785f,-0.3638249896780376f,-0.8791835781430652f,2.2310848540105006f,0f,0f,0f,1f], start_interpolation: 0, interpolation_duration: 1 }
$data merge entity $(bone_rightthumb2) { transformation: [-0.9384978260869496f,-0.3049925213008359f,0.16186844158336938f,-0.8002302319168537f,-0.34523128783370616f,0.820572076570097f,-0.455496240439062f,2.0361981417056136f,0.006098223573330286f,-0.4833642819902997f,-0.8753980709170266f,3.34382863763971f,0f,0f,0f,1f], start_interpolation: 0, interpolation_duration: 1 }
$data merge entity $(bone_rightthumb) { transformation: [-0.9384978260869496f,-0.3049925213008359f,0.16186844158336938f,-0.8611944879753631f,-0.34523128783370616f,0.820572076570097f,-0.455496240439062f,2.1985117192265347f,0.006098223573330286f,-0.4833642819902997f,-0.8753980709170266f,3.1504778420683124f,0f,0f,0f,1f], start_interpolation: 0, interpolation_duration: 1 }
$data merge entity $(bone_rightpointerfinger) { transformation: [-0.9384978260869496f,-0.3049925213008359f,0.16186844158336938f,-0.8561794334525661f,-0.34523128783370616f,0.820572076570097f,-0.455496240439062f,1.8701504482245788f,0.006098223573330286f,-0.4833642819902997f,-0.8753980709170266f,3.268714455725477f,0f,0f,0f,1f], start_interpolation: 0, interpolation_duration: 1 }
$data merge entity $(bone_rightmidfinger) { transformation: [-0.9384978260869496f,-0.3049925213008359f,0.16186844158336938f,-0.8308874894551646f,-0.34523128783370616f,0.820572076570097f,-0.455496240439062f,1.7989791606559753f,0.006098223573330286f,-0.4833642819902997f,-0.8753980709170266f,3.131933507144691f,0f,0f,0f,1f], start_interpolation: 0, interpolation_duration: 1 }
$data merge entity $(bone_rightringfinger) { transformation: [-0.9384978260869496f,-0.3049925213008359f,0.16186844158336938f,-0.8055955454577631f,-0.34523128783370616f,0.820572076570097f,-0.455496240439062f,1.7278078730873718f,0.006098223573330286f,-0.4833642819902997f,-0.8753980709170266f,2.995152558563906f,0f,0f,0f,1f], start_interpolation: 0, interpolation_duration: 1 }
$data merge entity $(bone_hugeasssword) { transformation: [-2.910063411966123f,2.4983639441631023f,-0.793716774813065f,-0.6460798046897911f,-2.549843965182303f,-2.4225280333025867f,1.7233489080462696f,2.0644770532969647f,0.6083621202353576f,1.7971681357476437f,3.4264208731990076f,3.0458083915868244f,0f,0f,0f,1f], start_interpolation: 0, interpolation_duration: 1 }
$data merge entity $(bone_ice) { transformation: [-0.9384978260869496f,-0.3049925213008359f,0.16186844158336938f,-0.6266502680118569f,-0.34523128783370616f,0.820572076570097f,-0.455496240439062f,2.0570498534729587f,0.006098223573330286f,-0.4833642819902997f,-0.8753980709170266f,3.0532656737495896f,0f,0f,0f,1f], start_interpolation: 0, interpolation_duration: 1 }
$data merge entity $(bone_righthand1) { transformation: [-0.9384978260869496f,-0.3049925213008359f,0.16186844158336938f,-0.932464466059323f,-0.34523128783370616f,0.820572076570097f,-0.455496240439062f,2.1616507931433357f,0.006098223573330286f,-0.4833642819902997f,-0.8753980709170266f,2.90659296942919f,0f,0f,0f,1f], start_interpolation: 0, interpolation_duration: 1 }
$data merge entity $(bone_rightforearm) { transformation: [-0.854578476921743f,-0.10697947257789023f,-0.50818404070678f,-0.9463328772719997f,0.026495148682185027f,0.9682965752526389f,-0.24839434262945642f,2.844709537428796f,0.5186459619802536f,-0.22573687071669804f,-0.824650975456047f,2.7283415310742467f,0f,0f,0f,1f], start_interpolation: 0, interpolation_duration: 1 }
$data merge entity $(bone_rightelbow) { transformation: [-0.8444796695125016f,-0.08715089079669573f,-0.5284494394106198f,-0.9626736692963801f,0.03955430274240175f,0.9738295497487414f,-0.22381122664139586f,3.027302578006685f,0.5341250274183174f,-0.20990647981781366f,-0.8189320636144828f,2.688984066108407f,0f,0f,0f,1f], start_interpolation: 0, interpolation_duration: 1 }
$data merge entity $(bone_rightarm) { transformation: [-0.8444796695125016f,0.07579052934993896f,-0.5301979662738362f,-0.7234797904694935f,0.03955430274240175f,0.9960590825801214f,0.07938363272242915f,3.514198877049269f,0.5341250274183174f,0.046066253054737744f,-0.8441494864151007f,2.6215570143384905f,0f,0f,0f,1f], start_interpolation: 0, interpolation_duration: 1 }
$data merge entity $(bone_chest1) { transformation: [-1.044988258756474f,0.02800394027214186f,-0.28429989360085506f,-0.0486312883460632f,-0.024411909304550086f,1.0654186124019625f,0.19467498591933743f,3.3928652472655685f,0.2846308290686896f,0.1941908102558463f,-1.0270765947420666f,2.295659408794477f,0f,0f,0f,1f], start_interpolation: 0, interpolation_duration: 1 }
$data merge entity $(bone_chest1lid) { transformation: [-0.9646045465444377f,0.02584979102043864f,-0.2624306710161739f,-0.29294602163744227f,-0.022534070127277005f,0.9834633345248885f,0.17969998700246534f,2.642704022203217f,0.2627361499095596f,0.17925305562078123f,-0.9480707028388307f,2.6338526374674687f,0f,0f,0f,1f], start_interpolation: 0, interpolation_duration: 1 }
$data merge entity $(bone_chest2) { transformation: [-0.9646045465444377f,0.02584979102043864f,-0.2624306710161739f,-0.2969850514843858f,-0.022534070127277005f,0.9834633345248885f,0.17969998700246534f,2.4890378761837035f,0.2627361499095596f,0.17925305562078123f,-0.9480707028388307f,2.6058443475267214f,0f,0f,0f,1f], start_interpolation: 0, interpolation_duration: 1 }
$data merge entity $(bone_chest1lid3) { transformation: [-0.9646045465444377f,0.02584979102043864f,-0.2624306710161739f,-0.4007778860981513f,-0.022534070127277005f,0.9834633345248885f,0.17969998700246534f,2.759232705759626f,0.2627361499095596f,0.17925305562078123f,-0.9480707028388307f,2.0100738340919952f,0f,0f,0f,1f], start_interpolation: 0, interpolation_duration: 1 }
$data merge entity $(bone_chest3) { transformation: [-0.9646045465444377f,0.02584979102043864f,-0.2624306710161739f,-0.40481691594509484f,-0.022534070127277005f,0.9834633345248885f,0.17969998700246534f,2.6055665597401125f,0.2627361499095596f,0.17925305562078123f,-0.9480707028388307f,1.9820655441512482f,0f,0f,0f,1f], start_interpolation: 0, interpolation_duration: 1 }
$data merge entity $(bone_hugeasssword2) { transformation: [1.0278534614800137f,2.853859335931365f,-2.477757439746417f,-1.2766065215640128f,-0.7038249490929891f,2.6673755587962127f,2.780290604801704f,4.553823255496742f,3.7132769194520874f,-0.2843805493203819f,1.2128396433207613f,2.576178443543503f,0f,0f,0f,1f], start_interpolation: 0, interpolation_duration: 1 }
$data merge entity $(bone_belt) { transformation: [-0.9646045465444377f,0.02584979102043864f,-0.2624306710161739f,0.006319873179595335f,-0.022534070127277005f,0.9834633345248885f,0.17969998700246534f,2.978320857774268f,0.2627361499095596f,0.17925305562078123f,-0.9480707028388307f,2.339947253865996f,0f,0f,0f,1f], start_interpolation: 0, interpolation_duration: 1 }
$data merge entity $(bone_torn_part) { transformation: [-0.9646045465444377f,0.09617555930181365f,-0.24553682122806547f,-0.12033191615581593f,-0.022534070127277005f,0.8976505004788694f,0.4401315651865184f,2.6977018694122537f,0.2627361499095596f,0.43008585280501704f,-0.86371052717197f,2.3207768626371714f,0f,0f,0f,1f], start_interpolation: 0, interpolation_duration: 1 }
$data merge entity $(bone_lowerbody) { transformation: [-0.9646045465444377f,0.01788991501870779f,-0.26309317689066564f,0.0021299145251857552f,-0.022534070127277005f,0.9884546123508062f,0.1498322228558215f,2.1961884521721036f,0.2627361499095596f,0.15045740348364717f,-0.9530646805268047f,2.3556782271518983f,0f,0f,0f,1f], start_interpolation: 0, interpolation_duration: 1 }
$data merge entity $(bone_leftfoot) { transformation: [-0.9874773894076314f,0.12736473286771938f,0.09309473792982864f,0.011059935635726825f,0.0870719534607813f,0.9320869271053668f,-0.35161404300709914f,0.17809872916609937f,-0.1315556168668314f,-0.3391049765792432f,-0.9315046615717917f,2.8903120473143824f,0f,0f,0f,1f], start_interpolation: 0, interpolation_duration: 1 }
$data merge entity $(bone_leftlowerleg) { transformation: [-0.9874773894076314f,0.12736473286771938f,0.09309473792982864f,0.13805158696741326f,0.0870719534607813f,0.9320869271053668f,-0.35161404300709914f,1.2661566233202182f,-0.1315556168668314f,-0.3391049765792432f,-0.9315046615717917f,2.657239079839396f,0f,0f,0f,1f], start_interpolation: 0, interpolation_duration: 1 }
$data merge entity $(bone_leftleg) { transformation: [-0.9874773894076314f,0.13842641157965258f,0.07567386593712272f,0.25230029149430433f,0.0870719534607813f,0.8782179520675072f,-0.4702676935394107f,2.2142308484292856f,-0.1315556168668314f,-0.4577896430059708f,-0.8792734287053449f,2.1896243998396296f,0f,0f,0f,1f], start_interpolation: 0, interpolation_duration: 1 }
$data merge entity $(bone_rightfoot) { transformation: [-0.9840908375221871f,-0.014598937778723203f,0.17706522674035555f,-0.34512468932878293f,0.09775421859120546f,0.7877082117997343f,0.6082432784757164f,0.3887966298420795f,-0.1483554389043535f,0.6158755102120868f,-0.773749326118284f,1.239021755044903f,0f,0f,0f,1f], start_interpolation: 0, interpolation_duration: 1 }
$data merge entity $(bone_rightlowerleg) { transformation: [-0.9840908375221871f,-0.014598937778723203f,0.17706522674035555f,-0.38852568335534265f,0.09775421859120546f,0.7877082117997343f,0.6082432784757164f,1.1692065086339591f,-0.1483554389043535f,0.6158755102120868f,-0.773749326118284f,2.0411418479912093f,0f,0f,0f,1f], start_interpolation: 0, interpolation_duration: 1 }
$data merge entity $(bone_rightleg) { transformation: [-0.9651411436782232f,0.11011206938091893f,0.23744031872481802f,-0.24755433999836368f,0.12995103198332367f,0.9890788313858375f,0.06953987770261932f,2.2142308484292856f,-0.22719001312989232f,0.09797141154988916f,-0.9689098515615174f,2.177568389913909f,0f,0f,0f,1f], start_interpolation: 0, interpolation_duration: 1 }
data modify entity @s data merge value {"locators":{"lefthand":{"posx":1.37959840961265,"posy":2.073754010534641,"posz":2.842810101243959,"roty":27.1409402152903,"rotx":-21.206712638204575},"righthand":{"posx":-0.7123981254619229,"posy":2.0189801102990015,"posz":3.0750680439737663,"roty":10.476142492351585,"rotx":-27.09686775688989},"chest":{"posx":-0.2837007333094562,"posy":2.5524552511347993,"posz":2.7789958734944107,"roty":344.52764771809717,"rotx":10.35228538986199},"sack":{"posx":0,"posy":-0.4375,"posz":0,"roty":0,"rotx":0}},"cameras":{}}