# This file was generated by Animated Java via MC-Build. It is not recommended to edit this file directly.
$data merge entity $(bone_nose) { transformation: [-0.9988164963798628f,-0.02385080276598339f,-0.04238803801632828f,-0.010525297283426487f,-0.01498714545139291f,0.9800290566764126f,-0.19828876302291953f,3.8173014845668476f,0.04627085508907662f,-0.19741881186289972f,-0.9792266441901829f,2.3281942558679494f,0f,0f,0f,1f], start_interpolation: 0, interpolation_duration: 1 }
$data merge entity $(bone_glowing_eye) { transformation: [-0.9988164963798628f,-0.02385080276598339f,-0.04238803801632828f,-0.13551309538683537f,-0.01498714545139291f,0.9800290566764126f,-0.19828876302291953f,3.8887034315746636f,0.04627085508907662f,-0.19741881186289972f,-0.9792266441901829f,2.354781980928788f,0f,0f,0f,1f], start_interpolation: 0, interpolation_duration: 1 }
$data merge entity $(bone_head) { transformation: [-0.9988164963798628f,-0.02385080276598339f,-0.04238803801632828f,-0.01551764675038906f,-0.01498714545139291f,0.9800290566764126f,-0.19828876302291953f,3.6591599969193895f,0.04627085508907662f,-0.19741881186289972f,-0.9792266441901829f,2.1692058285651603f,0f,0f,0f,1f], start_interpolation: 0, interpolation_duration: 1 }
$data merge entity $(bone_leftthumb2) { transformation: [-0.9605083997311153f,-0.10297072040950636f,0.2584968951154333f,1.0621145599211763f,-0.22413512353130582f,0.8368270280615824f,-0.49948370494464167f,1.7967906046939122f,-0.16488499157163555f,-0.5376965276473031f,-0.8268587447142679f,2.806363240251889f,0f,0f,0f,1f], start_interpolation: 0, interpolation_duration: 1 }
$data merge entity $(bone_leftthumb) { transformation: [-0.9605083997311153f,-0.10297072040950636f,0.2584968951154333f,1.0589522614354752f,-0.22413512353130582f,0.8368270280615824f,-0.49948370494464167f,1.9593315284079982f,-0.16488499157163555f,-0.5376965276473031f,-0.8268587447142679f,2.603835918393926f,0f,0f,0f,1f], start_interpolation: 0, interpolation_duration: 1 }
$data merge entity $(bone_leftpointerfinger) { transformation: [-0.9605083997311153f,-0.10297072040950636f,0.2584968951154333f,1.209912177248971f,-0.22413512353130582f,0.8368270280615824f,-0.49948370494464167f,1.685849140292248f,-0.16488499157163555f,-0.5376965276473031f,-0.8268587447142679f,2.7595428838228635f,0f,0f,0f,1f], start_interpolation: 0, interpolation_duration: 1 }
$data merge entity $(bone_leftmidfinger) { transformation: [-0.9605083997311153f,-0.10297072040950636f,0.2584968951154333f,1.2503023171107575f,-0.22413512353130582f,0.8368270280615824f,-0.49948370494464167f,1.6078048113946477f,-0.16488499157163555f,-0.5376965276473031f,-0.8268587447142679f,2.630346204961259f,0f,0f,0f,1f], start_interpolation: 0, interpolation_duration: 1 }
$data merge entity $(bone_leftringfinger) { transformation: [-0.9605083997311153f,-0.10297072040950636f,0.2584968951154333f,1.290692456972544f,-0.22413512353130582f,0.8368270280615824f,-0.49948370494464167f,1.5297604824970474f,-0.16488499157163555f,-0.5376965276473031f,-0.8268587447142679f,2.5011495260996544f,0f,0f,0f,1f], start_interpolation: 0, interpolation_duration: 1 }
$data merge entity $(bone_invisibility) { transformation: [-0.08004939683888887f,-0.2664877260057245f,0.9605083997311152f,1.0104764017822399f,0.7901097752800181f,0.5705172998310964f,0.2241351235313057f,1.750960626603884f,-0.6077159180675531f,0.7768489573152122f,0.1648849915716353f,2.695655725964079f,0f,0f,0f,1f], start_interpolation: 0, interpolation_duration: 1 }
$data merge entity $(bone_swiftness) { transformation: [0.25849689511543306f,-0.10297072040950636f,0.9605083997311155f,1.0228622637439921f,-0.4994837049446417f,0.8368270280615824f,0.2241351235313057f,1.5323132732153553f,-0.8268587447142679f,-0.5376965276473031f,0.16488499157163536f,2.604845169175853f,0f,0f,0f,1f], start_interpolation: 0, interpolation_duration: 1 }
$data merge entity $(bone_suspicious_stew) { transformation: [0.015922342735143022f,-0.2777950558375664f,0.9605083997311156f,1.0637713221355793f,0.5473319167834405f,0.8063443552662667f,0.22413512353130596f,1.6180811649863769f,-0.8367641554655589f,0.5221481472555773f,0.16488499157163553f,2.565824236063621f,0f,0f,0f,1f], start_interpolation: 0, interpolation_duration: 1 }
$data merge entity $(bone_log) { transformation: [-0.9605083997311153f,-0.10297072040950636f,0.2584968951154333f,0.9729693615681348f,-0.22413512353130582f,0.8368270280615824f,-0.49948370494464167f,1.6782585769937346f,-0.16488499157163555f,-0.5376965276473031f,-0.8268587447142679f,2.444395198489386f,0f,0f,0f,1f], start_interpolation: 0, interpolation_duration: 1 }
$data merge entity $(bone_planks) { transformation: [-0.9605083997311153f,-0.10297072040950636f,0.2584968951154333f,0.8829216990933428f,-0.22413512353130582f,0.8368270280615824f,-0.49948370494464167f,1.6572459091626748f,-0.16488499157163555f,-0.5376965276473031f,-0.8268587447142679f,2.428937230529545f,0f,0f,0f,1f], start_interpolation: 0, interpolation_duration: 1 }
$data merge entity $(bone_lefthand1) { transformation: [-0.9605083997311153f,-0.10297072040950636f,0.2584968951154333f,1.1792757534261797f,-0.22413512353130582f,0.8368270280615824f,-0.49948370494464167f,1.9591079806714766f,-0.16488499157163555f,-0.5376965276473031f,-0.8268587447142679f,2.37703165024279f,0f,0f,0f,1f], start_interpolation: 0, interpolation_duration: 1 }
$data merge entity $(bone_leftforearm) { transformation: [-0.9827197548694572f,-0.10297072040950636f,0.15381454459075486f,1.043051128699674f,-0.16917901238734898f,0.8368270280615824f,-0.5206716689750469f,2.5450637913308025f,-0.07510223137134653f,-0.5376965276473031f,-0.8397869366685088f,2.0073915606655164f,0f,0f,0f,1f], start_interpolation: 0, interpolation_duration: 1 }
$data merge entity $(bone_leftelbow) { transformation: [-0.9894739440276993f,-0.13728024378445114f,-0.04577607187987083f,1.0173110829900893f,-0.13174103426183337f,0.9854273646759901f,-0.10759743881410816f,2.7298314222075506f,0.059879996508783166f,-0.1004342750967766f,-0.9931401423786541f,1.9885601340848709f,0f,0f,0f,1f], start_interpolation: 0, interpolation_duration: 1 }
$data merge entity $(bone_leftarm) { transformation: [-0.9894739440276993f,-0.13728024378445114f,-0.04577607187987083f,0.7336540380880505f,-0.13174103426183337f,0.9854273646759901f,-0.10759743881410816f,3.1970891732637106f,0.059879996508783166f,-0.1004342750967766f,-0.9931401423786541f,1.9824773752221119f,0f,0f,0f,1f], start_interpolation: 0, interpolation_duration: 1 }
$data merge entity $(bone_rightthumb2) { transformation: [-0.8755349091351322f,-0.07373955862669429f,0.4774946076965438f,-1.0491395975222908f,-0.16305120426152678f,0.9754023348039705f,-0.14833944198300222f,1.555575214138089f,-0.4548108702247581f,-0.20773243067105113f,-0.8660221184085863f,2.061518698862823f,0f,0f,0f,1f], start_interpolation: 0, interpolation_duration: 1 }
$data merge entity $(bone_rightthumb) { transformation: [-0.8755349091351322f,-0.07373955862669429f,0.4774946076965438f,-1.0264181757915705f,-0.16305120426152678f,0.9754023348039705f,-0.14833944198300222f,1.7821086033679894f,-0.4548108702247581f,-0.20773243067105113f,-0.8660221184085863f,1.9365657930500761f,0f,0f,0f,1f], start_interpolation: 0, interpolation_duration: 1 }
$data merge entity $(bone_rightpointerfinger) { transformation: [-0.8755349091351322f,-0.07373955862669429f,0.4774946076965438f,-1.0756014540680658f,-0.16305120426152678f,0.9754023348039705f,-0.14833944198300222f,1.4372675754513788f,-0.4548108702247581f,-0.20773243067105113f,-0.8660221184085863f,1.9143882711327793f,0f,0f,0f,1f], start_interpolation: 0, interpolation_duration: 1 }
$data merge entity $(bone_rightmidfinger) { transformation: [-0.8755349091351322f,-0.07373955862669429f,0.4774946076965438f,-1.000992921615481f,-0.16305120426152678f,0.9754023348039705f,-0.14833944198300222f,1.4140895376415348f,-0.4548108702247581f,-0.20773243067105113f,-0.8660221184085863f,1.7790723151314378f,0f,0f,0f,1f], start_interpolation: 0, interpolation_duration: 1 }
$data merge entity $(bone_rightringfinger) { transformation: [-0.8755349091351322f,-0.07373955862669429f,0.4774946076965438f,-0.9263843891628959f,-0.16305120426152678f,0.9754023348039705f,-0.14833944198300222f,1.3909114998316907f,-0.4548108702247581f,-0.20773243067105113f,-0.8660221184085863f,1.643756359130096f,0f,0f,0f,1f], start_interpolation: 0, interpolation_duration: 1 }
$data merge entity $(bone_hugeasssword) { transformation: [-2.979241456371169f,1.5466515897660948f,-2.0179858726688815f,-0.7908681624677673f,-2.074833032439867f,-3.2756667965354738f,0.5525872812046827f,1.6578464168115437f,-1.469512167324095f,1.4893467278396975f,3.3109905001581335f,1.871217398154966f,0f,0f,0f,1f], start_interpolation: 0, interpolation_duration: 1 }
$data merge entity $(bone_ice) { transformation: [-0.8755349091351322f,-0.07373955862669429f,0.4774946076965438f,-0.7760357489089886f,-0.16305120426152678f,0.9754023348039705f,-0.14833944198300222f,1.645153430396818f,-0.4548108702247581f,-0.20773243067105113f,-0.8660221184085863f,1.881569637231463f,0f,0f,0f,1f], start_interpolation: 0, interpolation_duration: 1 }
$data merge entity $(bone_righthand1) { transformation: [-0.8755349091351322f,-0.07373955862669429f,0.4774946076965438f,-0.9984326593589283f,-0.16305120426152678f,0.9754023348039705f,-0.14833944198300222f,1.8436056054704602f,-0.4548108702247581f,-0.20773243067105113f,-0.8660221184085863f,1.6888706208072424f,0f,0f,0f,1f], start_interpolation: 0, interpolation_duration: 1 }
$data merge entity $(bone_rightforearm) { transformation: [-0.9995103101085803f,-0.022930202723187704f,0.02129191841340806f,-0.952418749992093f,-0.020183032037897314f,0.9924090566843199f,0.12131326979640437f,2.5407591431134224f,-0.023912030537094085f,0.12082412844300372f,-0.9923858850173061f,1.7908256174806931f,0f,0f,0f,1f], start_interpolation: 0, interpolation_duration: 1 }
$data merge entity $(bone_rightelbow) { transformation: [-0.999370833616016f,-0.023273304620245037f,0.026763598593660398f,-0.9567824946083889f,-0.020033098432068346f,0.9931008837629852f,0.1155392125487627f,2.726965558818982f,-0.029267932705272497f,0.1149303613551717f,-0.9929422944733141f,1.812375060234788f,0f,0f,0f,1f], start_interpolation: 0, interpolation_duration: 1 }
$data merge entity $(bone_rightarm) { transformation: [-0.999370833616016f,-0.030244114428972808f,0.018526479968858055f,-0.7538711344683986f,-0.020033098432068346f,0.9123938353642339f,0.40882290072420585f,3.1747690011354828f,-0.029267932705272497f,0.40819454030125146f,-0.9124256711554152f,2.0513879928882988f,0f,0f,0f,1f], start_interpolation: 0, interpolation_duration: 1 }
$data merge entity $(bone_chest1) { transformation: [-1.082051204411518f,0.0028811392958429925f,-0.052611796957073124f,-0.023550521497870736f,-0.016236074239008986f,1.010845980907478f,0.3892786969352611f,3.075791000566832f,0.050126759679833f,0.3896064848416507f,-1.0096064609759805f,1.857059472430141f,0f,0f,0f,1f], start_interpolation: 0, interpolation_duration: 1 }
$data merge entity $(bone_chest1lid) { transformation: [-0.9988164963798628f,0.0026595131961627623f,-0.048564735652682885f,-0.34738663718436974f,-0.01498714545139291f,0.9330885977607489f,0.3593341817863949f,2.292340739938194f,0.04627085508907662f,0.35963675523844685f,-0.9319444255162898f,1.9917519804198063f,0f,0f,0f,1f], start_interpolation: 0, interpolation_duration: 1 }
$data merge entity $(bone_chest2) { transformation: [-0.9988164963798628f,0.0026595131961627623f,-0.048564735652682885f,-0.3478021861212702f,-0.01498714545139291f,0.9330885977607489f,0.3593341817863949f,2.146545646538077f,0.04627085508907662f,0.35963675523844685f,-0.9319444255162898f,1.935558737413799f,0f,0f,0f,1f], start_interpolation: 0, interpolation_duration: 1 }
$data merge entity $(bone_chest1lid3) { transformation: [-0.9988164963798628f,0.0026595131961627623f,-0.048564735652682885f,-0.31607238993812825f,-0.01498714545139291f,0.9330885977607489f,0.3593341817863949f,2.5234758967358153f,0.04627085508907662f,0.35963675523844685f,-0.9319444255162898f,1.391833154380366f,0f,0f,0f,1f], start_interpolation: 0, interpolation_duration: 1 }
$data merge entity $(bone_chest3) { transformation: [-0.9988164963798628f,0.0026595131961627623f,-0.048564735652682885f,-0.3164879388750287f,-0.01498714545139291f,0.9330885977607489f,0.3593341817863949f,2.377680803335698f,0.04627085508907662f,0.35963675523844685f,-0.9319444255162898f,1.3356399113743587f,0f,0f,0f,1f], start_interpolation: 0, interpolation_duration: 1 }
$data merge entity $(bone_hugeasssword2) { transformation: [0.19021188130634045f,2.891289237650822f,-2.635250227631563f,-1.2639247095893331f,-1.4073922119967133f,2.5122878751649664f,2.65479463832664f,4.23518797243925f,3.6501156666054686f,0.8180060845259057f,1.1609476490598936f,2.0844536989593365f,0f,0f,0f,1f], start_interpolation: 0, interpolation_duration: 1 }
$data merge entity $(bone_belt) { transformation: [-0.9988164963798628f,0.0026595131961627623f,-0.048564735652682885f,0.0137382037779036f,-0.01498714545139291f,0.9330885977607489f,0.3593341817863949f,2.6575560962243756f,0.04627085508907662f,0.35963675523844685f,-0.9319444255162898f,1.8343172212272223f,0f,0f,0f,1f], start_interpolation: 0, interpolation_duration: 1 }
$data merge entity $(bone_torn_part) { transformation: [-0.9988164963798628f,0.017068337054216978f,-0.04554424694359514f,-0.11057143047869306f,-0.01498714545139291f,0.7828302385847151f,0.6220548231696437f,2.3915711286125902f,0.04627085508907662f,0.6220011972879165f,-0.7816479505133526f,1.732887417458027f,0f,0f,0f,1f], start_interpolation: 0, interpolation_duration: 1 }
$data merge entity $(bone_lowerbody) { transformation: [-0.9988164963798628f,0.00258294317969697f,-0.04856886825926654f,-0.007461962629599132f,-0.01498714545139291f,0.9336539610332385f,0.35786263638184246f,1.8868245606336203f,0.04627085508907662f,0.3581670133491838f,-0.9325102672452735f,1.684616798610195f,0f,0f,0f,1f], start_interpolation: 0, interpolation_duration: 1 }
$data merge entity $(bone_leftfoot) { transformation: [-0.994159592403304f,0.01640410473506243f,0.10666588105077152f,0.19971476420559847f,-0.03013536805766064f,0.9068671033276131f,-0.4203378599343787f,0.40376017448001367f,-0.10362704485087645f,-0.42109733108869885f,-0.9010762860742976f,2.8434175843148415f,0f,0f,0f,1f], start_interpolation: 0, interpolation_duration: 1 }
$data merge entity $(bone_leftlowerleg) { transformation: [-0.994159592403304f,0.01640410473506243f,0.10666588105077152f,0.20152432193583691f,-0.03013536805766064f,0.9068671033276131f,-0.4203378599343787f,1.4743989404348645f,-0.10362704485087645f,-0.42109733108869885f,-0.9010762860742976f,2.5147091617848805f,0f,0f,0f,1f], start_interpolation: 0, interpolation_duration: 1 }
$data merge entity $(bone_leftleg) { transformation: [-0.994159592403304f,0.0841567993764192f,0.06755988418590844f,0.2581140479516952f,-0.03013536805766064f,0.38463642072030507f,-0.9225761125498002f,1.9061590189993947f,-0.10362704485087645f,-0.9192238339894095f,-0.3798538911230012f,1.5446876005704315f,0f,0f,0f,1f], start_interpolation: 0, interpolation_duration: 1 }
$data merge entity $(bone_rightfoot) { transformation: [-0.9837228509875662f,-0.08934175675766562f,0.15590831582808082f,-0.3278360849951354f,0.045639255357049865f,0.7149641951525038f,0.6976698775354907f,0.4212452855400233f,-0.1737999160395324f,0.6934293404157247f,-0.699249125158741f,1.2742635420217954f,0f,0f,0f,1f], start_interpolation: 0, interpolation_duration: 1 }
$data merge entity $(bone_rightlowerleg) { transformation: [-0.9837228509875662f,-0.08934175675766562f,0.15590831582808082f,-0.45090422702627353f,0.045639255357049865f,0.7149641951525038f,0.6976698775354907f,1.1072147651597182f,-0.1737999160395324f,0.6934293404157247f,-0.699249125158741f,2.150973285411208f,0f,0f,0f,1f], start_interpolation: 0, interpolation_duration: 1 }
$data merge entity $(bone_rightleg) { transformation: [-0.967913314332094f,0.17630328603156353f,0.17905576581929306f,-0.23799764241635465f,0.008682278396133987f,0.7356008096501694f,-0.6773596289150007f,1.9061590189993947f,-0.25113429471203824f,-0.6540707914105995f,-0.7135285319053467f,1.4824526370840097f,0f,0f,0f,1f], start_interpolation: 0, interpolation_duration: 1 }
data modify entity @s data merge value {"locators":{"lefthand":{"posx":1.0670225975887409,"posy":1.6416985661472434,"posz":2.514780375557833,"roty":17.36056055573019,"rotx":-29.965848068547928},"righthand":{"posx":-0.8644258192821237,"posy":1.6169445222969723,"posz":1.8557085329772613,"roty":28.870820584857825,"rotx":-8.530707038933242},"chest":{"posx":-0.3711776323252689,"posy":2.177408388378667,"posz":2.1163369639258574,"roty":357.016946869835,"rotx":21.05931148438551},"sack":{"posx":0,"posy":-0.4375,"posz":0,"roty":0,"rotx":0}},"cameras":{}}