# This file was generated by Animated Java via MC-Build. It is not recommended to edit this file directly.
$data merge entity $(bone_nose) { transformation: [-0.9980772978267634f,0.01742865188419703f,0.05948066623976202f,-0.003857449940929564f,0.0025957030003388383f,0.9705631497824316f,-0.24083279388475937f,4.066714602892425f,-0.06192713370373702f,-0.2402153500047498f,-0.9687422855090693f,0.21346451286895865f,0f,0f,0f,1f], start_interpolation: 0, interpolation_duration: 1 }
$data merge entity $(bone_glowing_eye) { transformation: [-0.9980772978267634f,0.01742865188419703f,0.05948066623976202f,-0.12951266585277116f,0.0025957030003388383f,0.9705631497824316f,-0.24083279388475937f,4.141158087696435f,-0.06192713370373702f,-0.2402153500047498f,-0.9687422855090693f,0.2232639577277185f,0f,0f,0f,1f], start_interpolation: 0, interpolation_duration: 1 }
$data merge entity $(bone_head) { transformation: [-0.9980772978267634f,0.01742865188419703f,0.05948066623976202f,0.005128566745673567f,0.0025957030003388383f,0.9705631497824316f,-0.24083279388475937f,3.901775353348243f,-0.06192713370373702f,-0.2402153500047498f,-0.9687422855090693f,0.06172371694157556f,0f,0f,0f,1f], start_interpolation: 0, interpolation_duration: 1 }
$data merge entity $(bone_leftthumb2) { transformation: [-0.9928771362203437f,0.0008681239544962617f,0.11913957668083465f,0.9346614837451125f,-0.04042516309554494f,0.9381984766779634f,-0.34372870777380155f,1.8298925252819982f,-0.11207496847908296f,-0.34609661182962836f,-0.9314807226778576f,0.8205611430617035f,0f,0f,0f,1f], start_interpolation: 0, interpolation_duration: 1 }
$data merge entity $(bone_leftthumb) { transformation: [-0.9928771362203437f,0.0008681239544962617f,0.11913957668083465f,0.9450557550082255f,-0.04042516309554494f,0.9381984766779634f,-0.34372870777380155f,2.030604469154114f,-0.11207496847908296f,-0.34609661182962836f,-0.9314807226778576f,0.6560815308768327f,0f,0f,0f,1f], start_interpolation: 0, interpolation_duration: 1 }
$data merge entity $(bone_leftpointerfinger) { transformation: [-0.9928771362203437f,0.0008681239544962617f,0.11913957668083465f,1.0589515062666706f,-0.04042516309554494f,0.9381984766779634f,-0.34372870777380155f,1.7110673130308358f,-0.11207496847908296f,-0.34609661182962836f,-0.9314807226778576f,0.7382395224353047f,0f,0f,0f,1f], start_interpolation: 0, interpolation_duration: 1 }
$data merge entity $(bone_leftmidfinger) { transformation: [-0.9928771362203437f,0.0008681239544962617f,0.11913957668083465f,1.0775670651230511f,-0.04042516309554494f,0.9381984766779634f,-0.34372870777380155f,1.6573597024411792f,-0.11207496847908296f,-0.34609661182962836f,-0.9314807226778576f,0.5926956595168894f,0f,0f,0f,1f], start_interpolation: 0, interpolation_duration: 1 }
$data merge entity $(bone_leftringfinger) { transformation: [-0.9928771362203437f,0.0008681239544962617f,0.11913957668083465f,1.0961826239794314f,-0.04042516309554494f,0.9381984766779634f,-0.34372870777380155f,1.6036520918515227f,-0.11207496847908296f,-0.34609661182962836f,-0.9314807226778576f,0.4471517965984742f,0f,0f,0f,1f], start_interpolation: 0, interpolation_duration: 1 }
$data merge entity $(bone_invisibility) { transformation: [0.011248518777015102f,-0.1186105526342912f,0.9928771362203435f,0.8691588825116031f,0.9046704173946207f,0.4241901013457774f,0.04042516309554491f,1.8168445754550047f,-0.42596350397230665f,0.8977718500398899f,0.11207496847908271f,0.708479921510294f,0f,0f,0f,1f], start_interpolation: 0, interpolation_duration: 1 }
$data merge entity $(bone_swiftness) { transformation: [0.11913957668083443f,0.0008681239544962617f,0.9928771362203437f,0.8396678505108228f,-0.34372870777380155f,0.9381984766779634f,0.040425163095544864f,1.623242068083276f,-0.9314807226778576f,-0.34609661182962836f,0.11207496847908276f,0.5748573930375849f,0f,0f,0f,1f], start_interpolation: 0, interpolation_duration: 1 }
$data merge entity $(bone_suspicious_stew) { transformation: [0.051137348301450135f,-0.10761024105346574f,0.9928771362203439f,0.8914568598288926f,0.7050305562094203f,0.7080238138648545f,0.04042516309554505f,1.7084173891531373f,-0.7073308182312797f,0.6979414839516855f,0.11207496847908295f,0.5500505646877095f,0f,0f,0f,1f], start_interpolation: 0, interpolation_duration: 1 }
$data merge entity $(bone_log) { transformation: [-0.9928771362203437f,0.0008681239544962617f,0.11913957668083465f,0.8040678114594615f,-0.04042516309554494f,0.9381984766779634f,-0.34372870777380155f,1.8057900565207783f,-0.11207496847908296f,-0.34609661182962836f,-0.9314807226778576f,0.45261830103856737f,0f,0f,0f,1f], start_interpolation: 0, interpolation_duration: 1 }
$data merge entity $(bone_planks) { transformation: [-0.9928771362203437f,0.0008681239544962617f,0.11913957668083465f,0.7109855799388043f,-0.04042516309554494f,0.9381984766779634f,-0.34372870777380155f,1.802000197480571f,-0.11207496847908296f,-0.34609661182962836f,-0.9314807226778576f,0.44211127274365336f,0f,0f,0f,1f], start_interpolation: 0, interpolation_duration: 1 }
$data merge entity $(bone_lefthand1) { transformation: [-0.9928771362203437f,0.0008681239544962617f,0.11913957668083465f,1.0487810147318954f,-0.04042516309554494f,0.9381984766779634f,-0.34372870777380155f,2.0611874885820867f,-0.11207496847908296f,-0.34609661182962836f,-0.9314807226778576f,0.42322166278461415f,0f,0f,0f,1f], start_interpolation: 0, interpolation_duration: 1 }
$data merge entity $(bone_leftforearm) { transformation: [-0.9928771362203437f,0.0008681239544962617f,0.11913957668083465f,0.985475037487991f,-0.04042516309554494f,0.9381984766779634f,-0.34372870777380155f,2.723702480861774f,-0.11207496847908296f,-0.34609661182962836f,-0.9314807226778576f,0.1874221833538056f,0f,0f,0f,1f], start_interpolation: 0, interpolation_duration: 1 }
$data merge entity $(bone_leftelbow) { transformation: [-0.9978340168308183f,-0.019760866754229438f,0.06274378854034618f,0.981769874971573f,-0.025900637862157988f,0.9947898850254534f,-0.09860142802910418f,2.910225584304046f,-0.06046843650705245f,-0.1000129631406192f,-0.9931470059312598f,0.16866975276493948f,0f,0f,0f,1f], start_interpolation: 0, interpolation_duration: 1 }
$data merge entity $(bone_leftarm) { transformation: [-0.9978340168308183f,-0.019760866754229438f,0.06274378854034618f,0.751652507020831f,-0.025900637862157988f,0.9947898850254534f,-0.09860142802910418f,3.405036056910335f,-0.06046843650705245f,-0.1000129631406192f,-0.9931470059312598f,0.13647164464406403f,0f,0f,0f,1f], start_interpolation: 0, interpolation_duration: 1 }
$data merge entity $(bone_rightthumb2) { transformation: [-0.9501221430523744f,-0.02837769039120748f,0.3105843202249985f,-0.9879295107972206f,-0.1311233887815046f,0.939907370389059f,-0.31524719190308126f,1.7982769667420904f,-0.28297450449822864f,-0.34024820613250056f,-0.8967477839546623f,0.3814522863009885f,0f,0f,0f,1f], start_interpolation: 0, interpolation_duration: 1 }
$data merge entity $(bone_rightthumb) { transformation: [-0.9501221430523744f,-0.02837769039120748f,0.3105843202249985f,-0.9683471669873585f,-0.1311233887815046f,0.939907370389059f,-0.31524719190308126f,2.0018419631226716f,-0.28297450449822864f,-0.34024820613250056f,-0.8967477839546623f,0.2213751418612332f,0f,0f,0f,1f], start_interpolation: 0, interpolation_duration: 1 }
$data merge entity $(bone_rightpointerfinger) { transformation: [-0.9501221430523744f,-0.02837769039120748f,0.3105843202249985f,-1.04839670671355f,-0.1311233887815046f,0.939907370389059f,-0.31524719190308126f,1.6643160244453277f,-0.28297450449822864f,-0.34024820613250056f,-0.8967477839546623f,0.2600336956960914f,0f,0f,0f,1f], start_interpolation: 0, interpolation_duration: 1 }
$data merge entity $(bone_rightmidfinger) { transformation: [-0.9501221430523744f,-0.02837769039120748f,0.3105843202249985f,-0.9998679066783941f,-0.1311233887815046f,0.939907370389059f,-0.31524719190308126f,1.6150586507104712f,-0.28297450449822864f,-0.34024820613250056f,-0.8967477839546623f,0.11991685445317542f,0f,0f,0f,1f], start_interpolation: 0, interpolation_duration: 1 }
$data merge entity $(bone_rightringfinger) { transformation: [-0.9501221430523744f,-0.02837769039120748f,0.3105843202249985f,-0.9513391066432381f,-0.1311233887815046f,0.939907370389059f,-0.31524719190308126f,1.5658012769756149f,-0.28297450449822864f,-0.34024820613250056f,-0.8967477839546623f,-0.020199986789740568f,0f,0f,0f,1f], start_interpolation: 0, interpolation_duration: 1 }
$data merge entity $(bone_hugeasssword) { transformation: [-3.343215691546938f,1.5051089971332512f,-1.3776187877350714f,-0.7581088107943368f,-1.9325542588657965f,-3.1841242960398466f,1.2111417265069322f,1.8457327228393217f,-0.6545385046823283f,1.7135568715088108f,3.460575092635751f,0.13998072446414483f,0f,0f,0f,1f], start_interpolation: 0, interpolation_duration: 1 }
$data merge entity $(bone_ice) { transformation: [-0.9501221430523744f,-0.02837769039120748f,0.3105843202249985f,-0.7428197508967809f,-0.1311233887815046f,0.939907370389059f,-0.31524719190308126f,1.8330954731267037f,-0.28297450449822864f,-0.34024820613250056f,-0.8967477839546623f,0.14971857931774998f,0f,0f,0f,1f], start_interpolation: 0, interpolation_duration: 1 }
$data merge entity $(bone_righthand1) { transformation: [-0.9501221430523744f,-0.02837769039120748f,0.3105843202249985f,-0.9777389492506451f,-0.1311233887815046f,0.939907370389059f,-0.31524719190308126f,2.025439993781621f,-0.28297450449822864f,-0.34024820613250056f,-0.8967477839546623f,-0.03411046658851552f,0f,0f,0f,1f], start_interpolation: 0, interpolation_duration: 1 }
$data merge entity $(bone_rightforearm) { transformation: [-0.9909131977424044f,-0.010771480276393164f,0.1340709131488929f,-0.9254754294790352f,-0.02702444715180407f,0.992405376771724f,-0.12000519743207617f,2.726789133481103f,-0.1317600614604519f,-0.12253792624011361f,-0.983678678653101f,-0.09666496278086245f,0f,0f,0f,1f], start_interpolation: 0, interpolation_duration: 1 }
$data merge entity $(bone_rightelbow) { transformation: [-0.9902417551871572f,-0.010470511446455374f,0.13896630769329626f,-0.9274386503752455f,-0.028062992893191512f,0.991728503114777f,-0.12524793227674555f,2.9127382278151237f,-0.1365054384035117f,-0.12792554279647683f,-0.9823448074818191f,-0.12065100205520186f,0f,0f,0f,1f], start_interpolation: 0, interpolation_duration: 1 }
$data merge entity $(bone_rightarm) { transformation: [-0.9902417551871572f,-0.051773878908557294f,0.12938597971426538f,-0.7407535177484044f,-0.028062992893191512f,0.9834910635722645f,0.17876743636180678f,3.405036056910335f,-0.1365054384035117f,0.1733920221240239f,-0.9753468469985471f,0.026385162626282866f,0f,0f,0f,1f], start_interpolation: 0, interpolation_duration: 1 }
$data merge entity $(bone_chest1) { transformation: [-1.0803979947352476f,-0.00140798793603299f,0.07968250531414484f,0.009672115569949881f,0f,1.083164249403703f,0.019139486012520215f,3.2467050708544734f,-0.0796949438996398f,0.01908762674602169f,-1.0802293689458498f,-0.031451074649731195f,0f,0f,0f,1f], start_interpolation: 0, interpolation_duration: 1 }
$data merge entity $(bone_chest1lid) { transformation: [-0.9972904566786902f,-0.00129968117172276f,0.07355308182844139f,-0.35872412824709454f,0f,0.9998439225264952f,0.017667217857710967f,2.556448842256123f,-0.07356456359966751f,0.01761934776555848f,-0.9971348021038614f,0.32158824162144867f,0f,0f,0f,1f], start_interpolation: 0, interpolation_duration: 1 }
$data merge entity $(bone_chest2) { transformation: [-0.9972904566786902f,-0.00129968117172276f,0.07355308182844139f,-0.3585210530640129f,0f,0.9998439225264952f,0.017667217857710967f,2.4002232293613583f,-0.07356456359966751f,0.01761934776555848f,-0.9971348021038614f,0.31883521853308017f,0f,0f,0f,1f], start_interpolation: 0, interpolation_duration: 1 }
$data merge entity $(bone_chest1lid3) { transformation: [-0.9972904566786902f,-0.00129968117172276f,0.07355308182844139f,-0.24927353165833113f,0f,0.9998439225264952f,0.017667217857710967f,2.5677669036962194f,-0.07356456359966751f,0.01761934776555848f,-0.9971348021038614f,-0.31260345575135834f,0f,0f,0f,1f], start_interpolation: 0, interpolation_duration: 1 }
$data merge entity $(bone_chest3) { transformation: [-0.9972904566786902f,-0.00129968117172276f,0.07355308182844139f,-0.24907045647524945f,0f,0.9998439225264952f,0.017667217857710967f,2.4115412908014546f,-0.07356456359966751f,0.01761934776555848f,-0.9971348021038614f,-0.31535647883972684f,0f,0f,0f,1f], start_interpolation: 0, interpolation_duration: 1 }
$data merge entity $(bone_hugeasssword2) { transformation: [-0.288082903828063f,2.8764062668765167f,-2.642645077601846f,-1.2010630184370024f,-0.06919660327603441f,2.645648655878147f,2.8872188690023126f,4.411505186133471f,3.9054446415734576f,0.2590520320349467f,-0.14377751591091964f,-0.36581423927241574f,0f,0f,0f,1f], start_interpolation: 0, interpolation_duration: 1 }
$data merge entity $(bone_belt) { transformation: [-0.9972904566786902f,-0.00129968117172276f,0.07355308182844139f,0.03250350199138226f,0f,0.9998439225264952f,0.017667217857710967f,2.846124558208875f,-0.07356456359966751f,0.01761934776555848f,-0.9971348021038614f,0.09441423000360746f,0f,0f,0f,1f], start_interpolation: 0, interpolation_duration: 1 }
$data merge entity $(bone_torn_part) { transformation: [-0.9972904566786902f,-0.022121290912420963f,0.0701597712793989f,-0.09004764139489281f,0f,0.9537169507482269f,0.30070579950427306f,2.5625f,-0.07356456359966751f,0.2998910241135471f,-0.9511328133539071f,0.07760533200571756f,0f,0f,0f,1f], start_interpolation: 0, interpolation_duration: 1 }
$data merge entity $(bone_lowerbody) { transformation: [-0.9972904566786902f,0f,0.07356456359966751f,-0.00300101199106771f,0f,1f,0f,2.07421875f,-0.07356456359966751f,0f,-0.9972904566786902f,0.22503334189018842f,0f,0f,0f,1f], start_interpolation: 0, interpolation_duration: 1 }
$data merge entity $(bone_leftfoot) { transformation: [-0.991980371409685f,-0.08171642382613037f,0.09642286458600786f,0.3632046476903014f,-0.027811710899553227f,0.8853129869056962f,0.4641631436822125f,0.21927888922721817f,-0.12329416642624683f,0.4577590428305953f,-0.8804857791197278f,-0.12199871727264622f,0f,0f,0f,1f], start_interpolation: 0, interpolation_duration: 1 }
$data merge entity $(bone_leftlowerleg) { transformation: [-0.991980371409685f,-0.08171642382613037f,0.09642286458600786f,0.2577355387145805f,-0.027811710899553227f,0.8853129869056962f,0.4641631436822125f,1.1301063477627065f,-0.12329416642624683f,0.4577590428305953f,-0.8804857791197278f,0.521110508704008f,0f,0f,0f,1f], start_interpolation: 0, interpolation_duration: 1 }
$data merge entity $(bone_leftleg) { transformation: [-0.991980371409685f,0.029678260841303133f,0.12285822549320397f,0.2550698457008966f,-0.027811710899553227f,0.8969621332951838f,-0.4412317306941926f,2.09375f,-0.12329416642624683f,-0.4411101135408124f,-0.88894342691606f,0.0717278239718942f,0f,0f,0f,1f], start_interpolation: 0, interpolation_duration: 1 }
$data merge entity $(bone_rightfoot) { transformation: [-0.9831150715367593f,0.10850093035950713f,0.14735095598059167f,-0.5773538162315683f,0.06119323899152296f,0.9538243386231715f,-0.2940655004447066f,0.2957825126143556f,-0.17245330851856464f,-0.2800833432412407f,-0.9443586062613132f,0.9701904814305156f,0f,0f,0f,1f], start_interpolation: 0, interpolation_duration: 1 }
$data merge entity $(bone_rightlowerleg) { transformation: [-0.9831150715367593f,0.10850093035950713f,0.14735095598059167f,-0.4796254263399756f,0.06119323899152296f,0.9538243386231715f,-0.2940655004447066f,1.3991132658812013f,-0.17245330851856464f,-0.2800833432412407f,-0.9443586062613132f,0.8045695908054126f,0f,0f,0f,1f], start_interpolation: 0, interpolation_duration: 1 }
$data merge entity $(bone_rightleg) { transformation: [-0.9695699566180866f,0.197203609635721f,0.14506838239342107f,-0.24357538263844855f,0.013670372241833428f,0.635251583068281f,-0.7721842701920395f,2.09375f,-0.24443244495437053f,-0.7467035305634259f,-0.6186166965882376f,0.034945542172060445f,0f,0f,0f,1f], start_interpolation: 0, interpolation_duration: 1 }
data modify entity @s data merge value {"locators":{"lefthand":{"posx":0.8952206649105356,"posy":1.7416539206294854,"posz":0.5047185134245127,"roty":7.288752216011858,"rotx":-20.104210671697746},"righthand":{"posx":-0.8363031803990939,"posy":1.8110423401395943,"posz":0.14251778186615294,"roty":19.103283742490078,"rotx":-18.3757371839085},"chest":{"posx":-0.4013008939807649,"posy":2.49119809430795,"posz":0.47399045260233996,"roty":4.218749999999972,"rotx":1.0123096857790732},"sack":{"posx":0,"posy":-0.4375,"posz":0,"roty":0,"rotx":0}},"cameras":{}}