# This file was generated by Animated Java via MC-Build. It is not recommended to edit this file directly.
$data merge entity $(bone_nose) { transformation: [-0.9573158255256851f,-0.2858994762747456f,-0.042519403381305915f,-0.10028859035030743f,-0.2870776231240558f,0.957589127950947f,0.02468806050680572f,4.093041674611806f,0.033657814835764244f,0.035840640284059005f,-0.998790568640148f,0.4685678836722422f,0f,0f,0f,1f], start_interpolation: 0, interpolation_duration: 1 }
$data merge entity $(bone_glowing_eye) { transformation: [-0.9573158255256851f,-0.2858994762747456f,-0.042519403381305915f,-0.23782704486244535f,-0.2870776231240558f,0.957589127950947f,0.02468806050680572f,4.12113203079382f,0.033657814835764244f,0.035840640284059005f,-0.998790568640148f,0.5100552342159492f,0f,0f,0f,1f], start_interpolation: 0, interpolation_duration: 1 }
$data merge entity $(bone_head) { transformation: [-0.9573158255256851f,-0.2858994762747456f,-0.042519403381305915f,-0.07294858733593174f,-0.2870776231240558f,0.957589127950947f,0.02468806050680572f,3.9794245243286497f,0.033657814835764244f,0.035840640284059005f,-0.998790568640148f,0.2771138654812566f,0f,0f,0f,1f], start_interpolation: 0, interpolation_duration: 1 }
$data merge entity $(bone_leftthumb2) { transformation: [0.29305846855349776f,0.9275890263463267f,-0.2317225328079952f,-0.304438980919508f,-0.9551383940442346f,0.2948730485270154f,-0.02757777139264482f,3.6309526907133547f,0.04274789154658994f,0.2294089873005379f,0.9723909369765144f,0.28669914643493966f,0f,0f,0f,1f], start_interpolation: 0, interpolation_duration: 1 }
$data merge entity $(bone_leftthumb) { transformation: [0.29305846855349776f,0.9275890263463267f,-0.2317225328079952f,-0.0967571574732082f,-0.9551383940442346f,0.2948730485270154f,-0.02757777139264482f,3.7009113669179543f,0.04274789154658994f,0.2294089873005379f,0.9723909369765144f,0.42605807849966226f,0f,0f,0f,1f], start_interpolation: 0, interpolation_duration: 1 }
$data merge entity $(bone_leftpointerfinger) { transformation: [0.29305846855349776f,0.9275890263463267f,-0.2317225328079952f,-0.4440375704665102f,-0.9551383940442346f,0.2948730485270154f,-0.02757777139264482f,3.707331701684585f,0.04274789154658994f,0.2294089873005379f,0.9723909369765144f,0.3916885290745391f,0f,0f,0f,1f], start_interpolation: 0, interpolation_duration: 1 }
$data merge entity $(bone_leftmidfinger) { transformation: [0.29305846855349776f,0.9275890263463267f,-0.2317225328079952f,-0.4802442162177595f,-0.9551383940442346f,0.2948730485270154f,-0.02757777139264482f,3.7030226749044846f,0.04274789154658994f,0.2294089873005379f,0.9723909369765144f,0.5436246129771195f,0f,0f,0f,1f], start_interpolation: 0, interpolation_duration: 1 }
$data merge entity $(bone_leftringfinger) { transformation: [0.29305846855349776f,0.9275890263463267f,-0.2317225328079952f,-0.5164508619690087f,-0.9551383940442346f,0.2948730485270154f,-0.02757777139264482f,3.6987136481243836f,0.04274789154658994f,0.2294089873005379f,0.9723909369765144f,0.6955606968796999f,0f,0f,0f,1f], start_interpolation: 0, interpolation_duration: 1 }
$data merge entity $(bone_invisibility) { transformation: [0.9038633205960456f,0.31168546916750656f,-0.2930584685534977f,-0.2803927287058501f,0.2913474064037114f,0.05317270920717733f,0.9551383940442344f,3.5613567978399536f,0.31328547119667166f,-0.9486963852073016f,-0.04274789154658971f,0.394408149945005f,0f,0f,0f,1f], start_interpolation: 0, interpolation_duration: 1 }
$data merge entity $(bone_swiftness) { transformation: [-0.23172253280799515f,0.9275890263463267f,-0.2930584685534978f,-0.434188509989481f,-0.027577771392645032f,0.2948730485270154f,0.9551383940442346f,3.4665085865812757f,0.9723909369765144f,0.2294089873005379f,-0.04274789154658973f,0.5478920462498554f,0f,0f,0f,1f], start_interpolation: 0, interpolation_duration: 1 }
$data merge entity $(bone_suspicious_stew) { transformation: [0.742750983725953f,0.6020279978399741f,-0.2930584685534977f,-0.3673214392173333f,0.2555908702586281f,0.1496126841649388f,0.9551383940442348f,3.542363791554129f,0.618865319124094f,-0.7843330507850319f,-0.04274789154658992f,0.5659779043483888f,0f,0f,0f,1f], start_interpolation: 0, interpolation_duration: 1 }
$data merge entity $(bone_log) { transformation: [0.29305846855349776f,0.9275890263463267f,-0.2317225328079952f,-0.2347605732225268f,-0.9551383940442346f,0.2948730485270154f,-0.02757777139264482f,3.4883859901443284f,0.04274789154658994f,0.2294089873005379f,0.9723909369765144f,0.6442424677642229f,0f,0f,0f,1f], start_interpolation: 0, interpolation_duration: 1 }
$data merge entity $(bone_planks) { transformation: [0.29305846855349776f,0.9275890263463267f,-0.2317225328079952f,-0.20728634179563638f,-0.9551383940442346f,0.2948730485270154f,-0.02757777139264482f,3.3988417657026813f,0.04274789154658994f,0.2294089873005379f,0.9723909369765144f,0.6482500825967157f,0f,0f,0f,1f], start_interpolation: 0, interpolation_duration: 1 }
$data merge entity $(bone_lefthand1) { transformation: [0.29305846855349776f,0.9275890263463267f,-0.2317225328079952f,-0.0688866046240697f,-0.9551383940442346f,0.2948730485270154f,-0.02757777139264482f,3.8017506561431613f,0.04274789154658994f,0.2294089873005379f,0.9723909369765144f,0.6605205249221938f,0f,0f,0f,1f], start_interpolation: 0, interpolation_duration: 1 }
$data merge entity $(bone_leftforearm) { transformation: [0.18113705017114148f,0.9833794524775451f,0.012418594939089866f,0.6416950193555392f,-0.9817192309869571f,0.18005187979060644f,0.06171443991681821f,3.8685650274874797f,0.05845272077221786f,-0.02337034507303848f,0.9980165862376702f,0.6322334580992889f,0f,0f,0f,1f], start_interpolation: 0, interpolation_duration: 1 }
$data merge entity $(bone_leftelbow) { transformation: [0.18113705017114148f,0.9833794524775451f,0.012418594939089866f,0.8260786666950789f,-0.9817192309869571f,0.18005187979060644f,0.06171443991681821f,3.9023247549482183f,0.05845272077221786f,-0.02337034507303848f,0.9980165862376702f,0.6278515183980942f,0f,0f,0f,1f], start_interpolation: 0, interpolation_duration: 1 }
$data merge entity $(bone_leftarm) { transformation: [0.1455497232075949f,-0.16690683817543606f,0.9751704391769015f,0.6691707870355758f,-0.9770802757515431f,-0.17900820316964758f,0.11519634514715574f,3.5925549271061046f,0.15533645036333538f,-0.9695865977664156f,-0.18913597389250442f,0.2879142267293445f,0f,0f,0f,1f], start_interpolation: 0, interpolation_duration: 1 }
$data merge entity $(bone_rightthumb2) { transformation: [-0.6126442673272069f,0.5683560160592053f,-0.5492162058064365f,-0.9547585592310814f,-0.7492553151365633f,-0.19647072230628226f,0.6324679659999046f,4.357348414162921f,0.2515620687836682f,0.7989810349975499f,0.546210427640781f,-0.5829671913843854f,0f,0f,0f,1f], start_interpolation: 0, interpolation_duration: 1 }
$data merge entity $(bone_rightthumb) { transformation: [-0.6126442673272069f,0.5683560160592053f,-0.5492162058064365f,-0.8623081528703853f,-0.7492553151365633f,-0.19647072230628226f,0.6324679659999046f,4.363214574252159f,0.2515620687836682f,0.7989810349975499f,0.546210427640781f,-0.3403453072888867f,0f,0f,0f,1f], start_interpolation: 0, interpolation_duration: 1 }
$data merge entity $(bone_rightpointerfinger) { transformation: [-0.6126442673272069f,0.5683560160592053f,-0.5492162058064365f,-1.1415524470259022f,-0.7492553151365633f,-0.19647072230628226f,0.6324679659999046f,4.375378665822092f,0.2515620687836682f,0.7989810349975499f,0.546210427640781f,-0.5493927443285824f,0f,0f,0f,1f], start_interpolation: 0, interpolation_duration: 1 }
$data merge entity $(bone_rightmidfinger) { transformation: [-0.6126442673272069f,0.5683560160592053f,-0.5492162058064365f,-1.227367479183158f,-0.7492553151365633f,-0.19647072230628226f,0.6324679659999046f,4.474201785509577f,0.2515620687836682f,0.7989810349975499f,0.546210427640781f,-0.46404736500971044f,0f,0f,0f,1f], start_interpolation: 0, interpolation_duration: 1 }
$data merge entity $(bone_rightringfinger) { transformation: [-0.6126442673272069f,0.5683560160592053f,-0.5492162058064365f,-1.3131825113404134f,-0.7492553151365633f,-0.19647072230628226f,0.6324679659999046f,4.573024905197062f,0.2515620687836682f,0.7989810349975499f,0.546210427640781f,-0.3787019856908384f,0f,0f,0f,1f], start_interpolation: 0, interpolation_duration: 1 }
$data merge entity $(bone_hugeasssword) { transformation: [-2.3995233803648937f,2.226061062898554f,-2.1510968060752096f,-0.9406050266966167f,-2.9345833176182063f,-0.7695103290329389f,2.4771662001662933f,4.623432301155515f,0.9852847694027006f,3.1293423870737374f,2.1393241749263923f,-0.3771100547283822f,0f,0f,0f,1f], start_interpolation: 0, interpolation_duration: 1 }
$data merge entity $(bone_ice) { transformation: [-0.6126442673272069f,0.5683560160592053f,-0.5492162058064365f,-0.9399130227705542f,-0.7492553151365633f,-0.19647072230628226f,0.6324679659999046f,4.6382092704905595f,0.2515620687836682f,0.7989810349975499f,0.546210427640781f,-0.3935247907249637f,0f,0f,0f,1f], start_interpolation: 0, interpolation_duration: 1 }
$data merge entity $(bone_righthand1) { transformation: [-0.6126442673272069f,0.5683560160592053f,-0.5492162058064365f,-0.9681480920190058f,-0.7492553151365633f,-0.19647072230628226f,0.6324679659999046f,4.421542385067345f,0.2515620687836682f,0.7989810349975499f,0.546210427640781f,-0.11381993891588474f,0f,0f,0f,1f], start_interpolation: 0, interpolation_duration: 1 }
$data merge entity $(bone_rightforearm) { transformation: [-0.2556437764266527f,-0.24109123180701864f,-0.9362271505997322f,-1.0920595742699084f,-0.14368136324433253f,-0.9481767522709181f,0.2834016801453786f,3.771565180627822f,-0.9560344792059383f,0.20696826906254928f,0.2077551688182083f,0.10867915991738494f,0f,0f,0f,1f], start_interpolation: 0, interpolation_duration: 1 }
$data merge entity $(bone_rightelbow) { transformation: [-0.2556437764266527f,-0.24109123180701864f,-0.9362271505997322f,-1.1372641802337244f,-0.14368136324433253f,-0.9481767522709181f,0.2834016801453786f,3.593782039577025f,-0.9560344792059383f,0.20696826906254928f,0.2077551688182083f,0.14748571036661293f,0f,0f,0f,1f], start_interpolation: 0, interpolation_duration: 1 }
$data merge entity $(bone_rightarm) { transformation: [-0.19602287200920993f,0.9199708841262911f,-0.33945339298518f,-0.7147411923942791f,-0.21642410299562023f,-0.37822143882600806f,-0.9000606373211334f,3.564801807960457f,-0.9564181309928216f,-0.10296657502449094f,0.2732439260732499f,0.3012714566838004f,0f,0f,0f,1f], start_interpolation: 0, interpolation_duration: 1 }
$data merge entity $(bone_chest1) { transformation: [-1.0724687554936105f,-0.12630481580230415f,-0.08642322087404063f,0.025791195406834375f,-0.14298159554530865f,1.0450631208653114f,0.24700293086051514f,3.3572874004682687f,0.05457236421866802f,0.2559321746547563f,-1.0512524388324547f,0.07466528746570426f,0f,0f,0f,1f], start_interpolation: 0, interpolation_duration: 1 }
$data merge entity $(bone_chest1lid) { transformation: [-0.989971158917179f,-0.11658906074058845f,-0.07977528080680674f,-0.20131123000162512f,-0.1319830112725926f,0.9646736500295182f,0.2280027054097063f,2.5636973740054994f,0.05037449004800125f,0.23624508429669813f,-0.9703868666145735f,0.3101341191249346f,0f,0f,0f,1f], start_interpolation: 0, interpolation_duration: 1 }
$data merge entity $(bone_chest2) { transformation: [-0.989971158917179f,-0.11658906074058845f,-0.07977528080680674f,-0.18309418926090817f,-0.1319830112725926f,0.9646736500295182f,0.2280027054097063f,2.412967116188387f,0.05037449004800125f,0.23624508429669813f,-0.9703868666145735f,0.2732208247035755f,0f,0f,0f,1f], start_interpolation: 0, interpolation_duration: 1 }
$data merge entity $(bone_chest1lid3) { transformation: [-0.989971158917179f,-0.11658906074058845f,-0.07977528080680674f,-0.19054407183616204f,-0.1319830112725926f,0.9646736500295182f,0.2280027054097063f,2.7180105453631294f,0.05037449004800125f,0.23624508429669813f,-0.9703868666145735f,-0.3146683729280267f,0f,0f,0f,1f], start_interpolation: 0, interpolation_duration: 1 }
$data merge entity $(bone_chest3) { transformation: [-0.989971158917179f,-0.11658906074058845f,-0.07977528080680674f,-0.1723270310954451f,-0.1319830112725926f,0.9646736500295182f,0.2280027054097063f,2.567280287546017f,0.05037449004800125f,0.23624508429669813f,-0.9703868666145735f,-0.3515816673493858f,0f,0f,0f,1f], start_interpolation: 0, interpolation_duration: 1 }
$data merge entity $(bone_hugeasssword2) { transformation: [0.3124531831599922f,2.5502077479375433f,-2.956195397545685f,-1.3503179021821647f,-0.8930105961880163f,2.9337092720268103f,2.4364235592559895f,4.37439382225789f,3.8006818942404132f,0.47965417475617267f,0.8154917468680246f,0.15375939228015903f,0f,0f,0f,1f], start_interpolation: 0, interpolation_duration: 1 }
$data merge entity $(bone_belt) { transformation: [-0.989971158917179f,-0.11658906074058845f,-0.07977528080680674f,0.11438243842361459f,-0.1319830112725926f,0.9646736500295182f,0.2280027054097063f,2.947410072179413f,0.05037449004800125f,0.23624508429669813f,-0.9703868666145735f,0.1059744178966898f,0f,0f,0f,1f], start_interpolation: 0, interpolation_duration: 1 }
$data merge entity $(bone_torn_part) { transformation: [-0.9797060500383881f,-0.10602376242371053f,-0.1701029609374862f,0.02919095997651569f,-0.16456256038934639f,0.9099719385877766f,0.38061822696884395f,2.648300285532402f,0.11443434465352648f,0.4008865584979425f,-0.9089525554061629f,0.061625149855240244f,0f,0f,0f,1f], start_interpolation: 0, interpolation_duration: 1 }
$data merge entity $(bone_lowerbody) { transformation: [-0.9797060500383881f,-0.15226760627234656f,-0.13034811697247112f,0.217545f,-0.16456256038934639f,0.9823097707829522f,0.0893682155044318f,2.17216f,0.11443434465352648f,0.10900500128174619f,-0.9874323726004148f,0.1360825f,0f,0f,0f,1f], start_interpolation: 0, interpolation_duration: 1 }
$data merge entity $(bone_leftfoot) { transformation: [-0.775658846420835f,0.06475094638999987f,-0.6278221634433582f,1.0297791084662973f,-0.16077527499645253f,0.9416384280512425f,0.2957505397577487f,1.0330282364365337f,0.6103316024252017f,0.3303398034733084f,-0.7199798256356226f,0.23360891236599995f,0f,0f,0f,1f], start_interpolation: 0, interpolation_duration: 1 }
$data merge entity $(bone_leftlowerleg) { transformation: [-0.775658846420835f,0.06475094638999987f,-0.6278221634433582f,1.1980743183088103f,-0.16077527499645253f,0.9416384280512425f,0.2957505397577487f,2.0322175910307143f,0.6103316024252017f,0.3303398034733084f,-0.7199798256356226f,0.7107013821413777f,0f,0f,0f,1f], start_interpolation: 0, interpolation_duration: 1 }
$data merge entity $(bone_leftleg) { transformation: [-0.714163032651957f,-0.6928083655423338f,0.0999386383133162f,0.45394084917306926f,-0.28429719636356937f,0.15661889222678593f,-0.9458570857891103f,2.173107958442438f,0.6396454228189036f,-0.7039084395233619f,-0.3088148989841839f,-0.0032553074155348694f,0f,0f,0f,1f], start_interpolation: 0, interpolation_duration: 1 }
$data merge entity $(bone_rightfoot) { transformation: [-0.9592936287394502f,-0.0002850853454705732f,0.2824104328565844f,-0.04882738339136095f,0.11556559001689792f,0.9120429264223898f,0.3934746431054091f,0.21693884585985146f,-0.2576826114892967f,0.41009464650154687f,-0.8748840223977274f,-0.18543148500959628f,0f,0f,0f,1f], start_interpolation: 0, interpolation_duration: 1 }
$data merge entity $(bone_rightlowerleg) { transformation: [-0.9592936287394502f,-0.0002850853454705732f,0.2824104328565844f,-0.09253477740926282f,0.11556559001689792f,0.9120429264223898f,0.3934746431054091f,1.1682808098981077f,-0.2576826114892967f,0.41009464650154687f,-0.8748840223977274f,0.40393936587687007f,0f,0f,0f,1f], start_interpolation: 0, interpolation_duration: 1 }
$data merge entity $(bone_rightleg) { transformation: [-0.9910973419832745f,0.028695489411746156f,0.13001010576531502f,-0.03862703367369058f,-0.025527396878116133f,0.9174234686689601f,-0.3970925976948459f,2.131449110201587f,-0.1306690886258689f,-0.39687623766463254f,-0.908523440124057f,0.002825938500196336f,0f,0f,0f,1f], start_interpolation: 0, interpolation_duration: 1 }
data modify entity @s data merge value {"locators":{"lefthand":{"posx":-0.33108203275759907,"posy":3.5553241603478125,"posz":0.6071186674086175,"roty":193.40369866513794,"rotx":-1.5802902629634044},"righthand":{"posx":-0.9976474823676794,"posy":4.5611541277637935,"posz":-0.3909594633802187,"roty":225.15721543147436,"rotx":39.23244021186447},"chest":{"posx":-0.21249612479543664,"posy":2.463655379056119,"posz":0.44856595207891814,"roty":355.3002957145089,"rotx":13.179511129742687},"sack":{"posx":0,"posy":-0.4375,"posz":0,"roty":0,"rotx":0}},"cameras":{}}