# This file was generated by Animated Java via MC-Build. It is not recommended to edit this file directly.
$data merge entity $(bone_nose) { transformation: [-0.9994615983103917f,-0.02027378105652425f,0.025797040615339918f,-0.7918240338623111f,-0.018754310523053336f,0.9981497913887795f,0.057838307265522734f,4.0143504707973845f,-0.026921911886830616f,0.05732336131289101f,-0.9979926066400239f,0.7457753464747704f,0f,0f,0f,1f], start_interpolation: 0, interpolation_duration: 1 }
$data merge entity $(bone_glowing_eye) { transformation: [-0.9994615983103917f,-0.02027378105652425f,0.025797040615339918f,-0.9190296372085306f,-0.018754310523053336f,0.9981497913887795f,0.057838307265522734f,4.077570728945107f,-0.026921911886830616f,0.05732336131289101f,-0.9979926066400239f,0.7811169405561927f,0f,0f,0f,1f], start_interpolation: 0, interpolation_duration: 1 }
$data merge entity $(bone_head) { transformation: [-0.9994615983103917f,-0.02027378105652425f,0.025797040615339918f,-0.7844900658925918f,-0.018754310523053336f,0.9981497913887795f,0.057838307265522734f,3.9019325660018023f,-0.026921911886830616f,0.05732336131289101f,-0.9979926066400239f,0.5518181313989811f,0f,0f,0f,1f], start_interpolation: 0, interpolation_duration: 1 }
$data merge entity $(bone_leftthumb2) { transformation: [-0.39473150022861864f,0.8917984927060647f,0.22109385141711865f,-0.5050105169746416f,-0.04577496252330984f,0.22124747562351432f,-0.9741428064386719f,2.590583390293281f,-0.9176555429643817f,-0.3946454141852068f,-0.046511305392699986f,0.996386983347494f,0f,0f,0f,1f], start_interpolation: 0, interpolation_duration: 1 }
$data merge entity $(bone_leftthumb) { transformation: [-0.39473150022861864f,0.8917984927060647f,0.22109385141711865f,-0.2674094973196961f,-0.04577496252330984f,0.22124747562351432f,-0.9741428064386719f,2.5615948654526477f,-0.9176555429643817f,-0.3946454141852068f,-0.046511305392699986f,0.8956284154785817f,0f,0f,0f,1f], start_interpolation: 0, interpolation_duration: 1 }
$data merge entity $(bone_leftpointerfinger) { transformation: [-0.39473150022861864f,0.8917984927060647f,0.22109385141711865f,-0.506493345616191f,-0.04577496252330984f,0.22124747562351432f,-0.9741428064386719f,2.448341729987856f,-0.9176555429643817f,-0.3946454141852068f,-0.046511305392699986f,1.1233097995795491f,0f,0f,0f,1f], start_interpolation: 0, interpolation_duration: 1 }
$data merge entity $(bone_leftmidfinger) { transformation: [-0.39473150022861864f,0.8917984927060647f,0.22109385141711865f,-0.4719474313322662f,-0.04577496252330984f,0.22124747562351432f,-0.9741428064386719f,2.2961319164818135f,-0.9176555429643817f,-0.3946454141852068f,-0.046511305392699986f,1.1160424081119398f,0f,0f,0f,1f], start_interpolation: 0, interpolation_duration: 1 }
$data merge entity $(bone_leftringfinger) { transformation: [-0.39473150022861864f,0.8917984927060647f,0.22109385141711865f,-0.4374015170483414f,-0.04577496252330984f,0.22124747562351432f,-0.9741428064386719f,2.1439221029757713f,-0.9176555429643817f,-0.3946454141852068f,-0.046511305392699986f,1.1087750166443304f,0f,0f,0f,1f], start_interpolation: 0, interpolation_duration: 1 }
$data merge entity $(bone_invisibility) { transformation: [0.9076745290371909f,-0.14252716254937853f,0.39473150022861864f,-0.4898742246261161f,0.13550342234487706f,0.9897188870274302f,0.045774962523309634f,2.494399829862266f,-0.39719739660518805f,0.011938701638264854f,0.9176555429643815f,0.9095385213907425f,0f,0f,0f,1f], start_interpolation: 0, interpolation_duration: 1 }
$data merge entity $(bone_swiftness) { transformation: [0.22109385141711857f,0.8917984927060647f,0.3947315002286187f,-0.5897425425652165f,-0.9741428064386719f,0.22124747562351432f,0.04577496252330963f,2.2794033088094685f,-0.04651130539270019f,-0.3946454141852068f,0.9176555429643817f,0.9064649320004958f,0f,0f,0f,1f], start_interpolation: 0, interpolation_duration: 1 }
$data merge entity $(bone_suspicious_stew) { transformation: [0.9016822175745127f,0.17651124960515419f,0.39473150022861886f,-0.4902221818310031f,-0.21117222952452583f,0.9763764347236319f,0.04577496252330988f,2.3013770782351632f,-0.3773267390307107f,-0.1246308006842466f,0.9176555429643819f,0.9193166554195428f,0f,0f,0f,1f], start_interpolation: 0, interpolation_duration: 1 }
$data merge entity $(bone_log) { transformation: [-0.39473150022861864f,0.8917984927060647f,0.22109385141711865f,-0.4053896741040006f,-0.04577496252330984f,0.22124747562351432f,-0.9741428064386719f,2.2790786658997293f,-0.9176555429643817f,-0.3946454141852068f,-0.046511305392699986f,0.7817755540531983f,0f,0f,0f,1f], start_interpolation: 0, interpolation_duration: 1 }
$data merge entity $(bone_planks) { transformation: [-0.39473150022861864f,0.8917984927060647f,0.22109385141711865f,-0.4423957522504336f,-0.04577496252330984f,0.22124747562351432f,-0.9741428064386719f,2.274787263163169f,-0.9176555429643817f,-0.3946454141852068f,-0.046511305392699986f,0.6957453469002877f,0f,0f,0f,1f], start_interpolation: 0, interpolation_duration: 1 }
$data merge entity $(bone_lefthand1) { transformation: [-0.39473150022861864f,0.8917984927060647f,0.22109385141711865f,-0.09066635872711473f,-0.04577496252330984f,0.22124747562351432f,-0.9741428064386719f,2.3762762381376437f,-0.9176555429643817f,-0.3946454141852068f,-0.046511305392699986f,0.9139815645415139f,0f,0f,0f,1f], start_interpolation: 0, interpolation_duration: 1 }
$data merge entity $(bone_leftforearm) { transformation: [-0.7707306582495465f,0.48780708535672523f,0.40990059759653596f,0.2028150369416344f,0.10121471022405519f,0.7288883411521492f,-0.6771095690999562f,2.9165443888039175f,-0.6290706119892118f,-0.4803811336930759f,-0.6111498437562379f,0.5280751325791013f,0f,0f,0f,1f], start_interpolation: 0, interpolation_duration: 1 }
$data merge entity $(bone_leftelbow) { transformation: [-0.7707306582495465f,0.48780708535672523f,0.40990059759653596f,0.2942788654460204f,0.10121471022405519f,0.7288883411521492f,-0.6771095690999562f,3.0532109527699456f,-0.6290706119892118f,-0.4803811336930759f,-0.6111498437562379f,0.43800367001164964f,0f,0f,0f,1f], start_interpolation: 0, interpolation_duration: 1 }
$data merge entity $(bone_leftarm) { transformation: [-0.7529253671992292f,-0.42860169619824506f,0.4994036217769081f,-0.10565212172053617f,-0.004130793708819427f,0.7619128279577799f,0.6476664103816976f,3.2977551734134174f,-0.658092947820626f,0.4855815365202486f,-0.5754339609541598f,0.549167770641922f,0f,0f,0f,1f], start_interpolation: 0, interpolation_duration: 1 }
$data merge entity $(bone_rightthumb2) { transformation: [0.02458497093438977f,-0.9495844459553286f,-0.31254593135068537f,-0.9882853422707005f,0.07488314674505164f,0.31351134377570133f,-0.9466272506417261f,2.6483251146250772f,0.9968892082562206f,-0.00013161939917416543f,0.0788155386876184f,0.7584670808047401f,0f,0f,0f,1f], start_interpolation: 0, interpolation_duration: 1 }
$data merge entity $(bone_rightthumb) { transformation: [0.02458497093438977f,-0.9495844459553286f,-0.31254593135068537f,-1.2478731996863015f,0.07488314674505164f,0.31351134377570133f,-0.9466272506417261f,2.644315022079274f,0.9968892082562206f,-0.00013161939917416543f,0.0788155386876184f,0.7651701810316353f,0f,0f,0f,1f], start_interpolation: 0, interpolation_duration: 1 }
$data merge entity $(bone_rightpointerfinger) { transformation: [0.02458497093438977f,-0.9495844459553286f,-0.31254593135068537f,-0.9482524126933238f,0.07488314674505164f,0.31351134377570133f,-0.9466272506417261f,2.5052613042042813f,0.9968892082562206f,-0.00013161939917416543f,0.0788155386876184f,0.8779426041759956f,0f,0f,0f,1f], start_interpolation: 0, interpolation_duration: 1 }
$data merge entity $(bone_rightmidfinger) { transformation: [0.02458497093438977f,-0.9495844459553286f,-0.31254593135068537f,-0.9970877144668684f,0.07488314674505164f,0.31351134377570133f,-0.9466272506417261f,2.3573507962915117f,0.9968892082562206f,-0.00013161939917416543f,0.0788155386876184f,0.8902575320959359f,0f,0f,0f,1f], start_interpolation: 0, interpolation_duration: 1 }
$data merge entity $(bone_rightringfinger) { transformation: [0.02458497093438977f,-0.9495844459553286f,-0.31254593135068537f,-1.045923016240413f,0.07488314674505164f,0.31351134377570133f,-0.9466272506417261f,2.209440288378742f,0.9968892082562206f,-0.00013161939917416543f,0.0788155386876184f,0.9025724600158763f,0f,0f,0f,1f], start_interpolation: 0, interpolation_duration: 1 }
$data merge entity $(bone_hugeasssword) { transformation: [0.09629113615969329f,-3.719205746658371f,-1.2241382311235178f,-1.1916189077786372f,0.2932923247514523f,1.2279194297881637f,-3.7076233983467612f,2.4159330029330732f,3.9044827323368643f,-0.000515509313432148f,0.3086941931931721f,0.624200608170426f,0f,0f,0f,1f], start_interpolation: 0, interpolation_duration: 1 }
$data merge entity $(bone_ice) { transformation: [0.02458497093438977f,-0.9495844459553286f,-0.31254593135068537f,-1.177165790981435f,0.07488314674505164f,0.31351134377570133f,-0.9466272506417261f,2.4098643390186867f,0.9968892082562206f,-0.00013161939917416543f,0.0788155386876184f,0.6086262708445347f,0f,0f,0f,1f], start_interpolation: 0, interpolation_duration: 1 }
$data merge entity $(bone_righthand1) { transformation: [0.02458497093438977f,-0.9495844459553286f,-0.31254593135068537f,-1.4181827200913788f,0.07488314674505164f,0.31351134377570133f,-0.9466272506417261f,2.477380860066321f,0.9968892082562206f,-0.00013161939917416543f,0.0788155386876184f,0.8602786536427843f,0f,0f,0f,1f], start_interpolation: 0, interpolation_duration: 1 }
$data merge entity $(bone_rightforearm) { transformation: [-0.38156246593416737f,-0.5553185550776705f,-0.7389393662383174f,-1.7924349534939972f,-0.03498658575983955f,0.8075247488623737f,-0.58879514161687f,3.0498138291399775f,0.9236806934255511f,-0.1988091606571718f,-0.32754983473005167f,0.6647005505785992f,0f,0f,0f,1f], start_interpolation: 0, interpolation_duration: 1 }
$data merge entity $(bone_rightelbow) { transformation: [-0.38156246593416737f,-0.5553185550776705f,-0.7389393662383174f,-1.8965571825710603f,-0.03498658575983955f,0.8075247488623737f,-0.58879514161687f,3.2012247195516723f,0.9236806934255511f,-0.1988091606571718f,-0.32754983473005167f,0.6274238329553795f,0f,0f,0f,1f], start_interpolation: 0, interpolation_duration: 1 }
$data merge entity $(bone_rightarm) { transformation: [-0.3567762661703671f,0.6477160453052333f,-0.6731824571033329f,-1.5198332192852826f,0.057940473363343986f,0.7345606496055527f,0.6760647554765005f,3.4262354980361804f,0.9323913327803746f,0.20219934892382202f,-0.2996027801119668f,0.5179569785454987f,0f,0f,0f,1f], start_interpolation: 0, interpolation_duration: 1 }
$data merge entity $(bone_chest1) { transformation: [-1.0790890688102648f,0.09461665527965019f,-0.015019361803969143f,-0.8310950612969167f,0.09034792070934138f,1.061563927492006f,0.19629159987721564f,3.265453403794406f,0.0318613544722324f,0.19426998610838017f,-1.0652957982174507f,0.3746139514632738f,0f,0f,0f,1f], start_interpolation: 0, interpolation_duration: 1 }
$data merge entity $(bone_chest1lid) { transformation: [-0.9960822173633214f,0.08733845102736941f,-0.013864026280586902f,-1.2254504476833672f,0.08339808065477666f,0.9799051638387747f,0.18119224604050677f,2.5533081415930634f,0.029410481051291446f,0.17932614102312017f,-0.9833499675853392f,0.6468990358192148f,0f,0f,0f,1f], start_interpolation: 0, interpolation_duration: 1 }
$data merge entity $(bone_chest2) { transformation: [-0.9960822173633214f,0.08733845102736941f,-0.013864026280586902f,-1.2390970806563937f,0.08339808065477666f,0.9799051638387747f,0.18119224604050677f,2.400197959743255f,0.029410481051291446f,0.17932614102312017f,-0.9833499675853392f,0.6188793262843523f,0f,0f,0f,1f], start_interpolation: 0, interpolation_duration: 1 }
$data merge entity $(bone_chest1lid3) { transformation: [-0.9960822173633214f,0.08733845102736941f,-0.013864026280586902f,-1.1720769509341604f,0.08339808065477666f,0.9799051638387747f,0.18119224604050677f,2.6641720441718397f,0.029410481051291446f,0.17932614102312017f,-0.9833499675853392f,0.015102307769151092f,0f,0f,0f,1f], start_interpolation: 0, interpolation_duration: 1 }
$data merge entity $(bone_chest3) { transformation: [-0.9960822173633214f,0.08733845102736941f,-0.013864026280586902f,-1.185723583907187f,0.08339808065477666f,0.9799051638387747f,0.18119224604050677f,2.5110618623220313f,0.029410481051291446f,0.17932614102312017f,-0.9833499675853392f,-0.012917401765711434f,0f,0f,0f,1f], start_interpolation: 0, interpolation_duration: 1 }
$data merge entity $(bone_hugeasssword2) { transformation: [0.05430076959896452f,3.10745923300219f,-2.383490364870011f,-1.9606541706874978f,-0.7096696303253179f,2.3520633716016244f,3.0503187849045723f,4.553192114468048f,3.8514540397092456f,0.3895802728286198f,0.5956565863044672f,0.3584019017890202f,0f,0f,0f,1f], start_interpolation: 0, interpolation_duration: 1 }
$data merge entity $(bone_belt) { transformation: [-0.9960822173633214f,0.08733845102736941f,-0.013864026280586902f,-0.8321664824750787f,0.08339808065477666f,0.9799051638387747f,0.18119224604050677f,2.8487381256194175f,0.029410481051291446f,0.17932614102312017f,-0.9833499675853392f,0.4309639578964026f,0f,0f,0f,1f], start_interpolation: 0, interpolation_duration: 1 }
$data merge entity $(bone_torn_part) { transformation: [-0.99090953843079f,0.13139516955255862f,-0.028872063749118236f,-0.9847490379204422f,0.11375256845522937f,0.9329261408696553f,0.34162723669504214f,2.5782108030254673f,0.07182367170172467f,0.33523741602080515f,-0.9393919496583822f,0.40021768820137876f,0f,0f,0f,1f], start_interpolation: 0, interpolation_duration: 1 }
$data merge entity $(bone_lowerbody) { transformation: [-0.99090953843079f,0.11663180343569553f,-0.06704706611191912f,-0.9355011574074075f,0.11375256845522937f,0.9924767656863367f,0.04527938540469259f,2.076126944444445f,0.07182367170172467f,0.03724099891417541f,-0.996721860993907f,0.5151835879629632f,0f,0f,0f,1f], start_interpolation: 0, interpolation_duration: 1 }
$data merge entity $(bone_leftfoot) { transformation: [-0.869783387446988f,0.2005074632147295f,-0.4508587540643266f,-0.6062980494343883f,-0.05544757889751583f,0.868213636454421f,0.49308279981053355f,0.380192702739949f,0.49030849973832463f,0.4538742542486684f,-0.7440401443568543f,0.32866114157554416f,0f,0f,0f,1f], start_interpolation: 0, interpolation_duration: 1 }
$data merge entity $(bone_leftlowerleg) { transformation: [-0.869783387446988f,0.2005074632147295f,-0.4508587540643266f,-0.314587607375613f,-0.05544757889751583f,0.868213636454421f,0.49308279981053355f,1.267607190727933f,0.49030849973832463f,0.4538742542486684f,-0.7440401443568543f,0.9464964053874598f,0f,0f,0f,1f], start_interpolation: 0, interpolation_duration: 1 }
$data merge entity $(bone_leftleg) { transformation: [-0.9012281072796279f,-0.35627646065395624f,-0.2466880261242315f,-0.7119533553672067f,-0.1038220746058258f,0.7302040345874483f,-0.675294783555119f,2.0223154140229544f,0.4207242273434249f,-0.5829829769865518f,-0.6950697612975086f,0.35410623800312946f,0f,0f,0f,1f], start_interpolation: 0, interpolation_duration: 1 }
$data merge entity $(bone_rightfoot) { transformation: [-0.9365100893688578f,0.2301031124516545f,0.2645777960267929f,-1.6114624058417275f,0.3069849098547157f,0.902674643442639f,0.30156052992259547f,0.22162053265554604f,-0.16943765116356505f,0.3636358696907743f,-0.9160020942347284f,0.27528420544612686f,0f,0f,0f,1f], start_interpolation: 0, interpolation_duration: 1 }
$data merge entity $(bone_rightlowerleg) { transformation: [-0.9365100893688578f,0.2301031124516545f,0.2645777960267929f,-1.3968429862973324f,0.3069849098547157f,0.902674643442639f,0.30156052992259547f,1.1766917591294352f,-0.16943765116356505f,0.3636358696907743f,-0.9160020942347284f,0.8194324626543334f,0f,0f,0f,1f], start_interpolation: 0, interpolation_duration: 1 }
$data merge entity $(bone_rightleg) { transformation: [-0.9827220076818833f,0.16733431092746587f,-0.07909920356184807f,-1.1967062981926677f,0.18507376678030305f,0.8831504822908983f,-0.4310370360875079f,2.0991554844278735f,-0.002270785643448306f,-0.43822876904167735f,-0.8988606062770677f,0.3716216666327345f,0f,0f,0f,1f], start_interpolation: 0, interpolation_duration: 1 }
data modify entity @s data merge value {"locators":{"lefthand":{"posx":-0.44150994462862136,"posy":2.2813060909538065,"posz":0.8993641733360893,"roty":78.11997001052113,"rotx":-76.94224263077649},"righthand":{"posx":-1.1551401628109297,"posy":2.426777070070817,"posz":0.7008551978796733,"roty":255.8466549470437,"rotx":-71.19608731702459},"chest":{"posx":-1.2598704160588399,"posy":2.4663589704297726,"posz":0.7902586619733318,"roty":359.1922534265701,"rotx":10.439212462800707},"sack":{"posx":0,"posy":-0.4375,"posz":0,"roty":0,"rotx":0}},"cameras":{}}