# This file was generated by Animated Java via MC-Build. It is not recommended to edit this file directly.
$data merge entity $(bone_nose) { transformation: [-0.8837309876884674f,0.45565011351571805f,0.10678256155514962f,0.2411131962814041f,0.44743119978554335f,0.8895052751226507f,-0.09265898222755664f,4.203643575352537f,-0.13720372756465177f,-0.03410776424937251f,-0.9899554523109987f,0.7091502385344081f,0f,0f,0f,1f], start_interpolation: 0, interpolation_duration: 1 }
$data merge entity $(bone_glowing_eye) { transformation: [-0.8837309876884674f,0.45565011351571805f,0.10678256155514962f,0.1577717934379643f,0.44743119978554335f,0.8895052751226507f,-0.09265898222755664f,4.323032602778588f,-0.13720372756465177f,-0.03410776424937251f,-0.9899554523109987f,0.7242355140541095f,0f,0f,0f,1f], start_interpolation: 0, interpolation_duration: 1 }
$data merge entity $(bone_head) { transformation: [-0.8837309876884674f,0.45565011351571805f,0.10678256155514962f,0.20484651273509766f,0.44743119978554335f,0.8895052751226507f,-0.09265898222755664f,4.076459385967356f,-0.13720372756465177f,-0.03410776424937251f,-0.9899554523109987f,0.5279876504546612f,0f,0f,0f,1f], start_interpolation: 0, interpolation_duration: 1 }
$data merge entity $(bone_leftthumb2) { transformation: [-0.4976997400892159f,0.8536572199389849f,0.15350674109357546f,0.23030552794837814f,0.0524286386691965f,0.20626963055658462f,-0.9770895953582484f,2.8414652946166647f,-0.8657633663781469f,-0.4782490881915963f,-0.14741642744784267f,0.9309056974613148f,0f,0f,0f,1f], start_interpolation: 0, interpolation_duration: 1 }
$data merge entity $(bone_leftthumb) { transformation: [-0.4976997400892159f,0.8536572199389849f,0.15350674109357546f,0.4527768610362689f,0.0524286386691965f,0.20626963055658462f,-0.9770895953582484f,2.8085517403931104f,-0.8657633663781469f,-0.4782490881915963f,-0.14741642744784267f,0.8010208561018632f,0f,0f,0f,1f], start_interpolation: 0, interpolation_duration: 1 }
$data merge entity $(bone_leftpointerfinger) { transformation: [-0.4976997400892159f,0.8536572199389849f,0.15350674109357546f,0.23430212330480882f,0.0524286386691965f,0.20626963055658462f,-0.9770895953582484f,2.6893340607298697f,-0.8657633663781469f,-0.4782490881915963f,-0.14741642744784267f,1.045729061325723f,0f,0f,0f,1f], start_interpolation: 0, interpolation_duration: 1 }
$data merge entity $(bone_leftmidfinger) { transformation: [-0.4976997400892159f,0.8536572199389849f,0.15350674109357546f,0.25828755160068f,0.0524286386691965f,0.20626963055658462f,-0.9770895953582484f,2.5366638114551434f,-0.8657633663781469f,-0.4782490881915963f,-0.14741642744784267f,1.0226952445369977f,0f,0f,0f,1f], start_interpolation: 0, interpolation_duration: 1 }
$data merge entity $(bone_leftringfinger) { transformation: [-0.4976997400892159f,0.8536572199389849f,0.15350674109357546f,0.28227297989655115f,0.0524286386691965f,0.20626963055658462f,-0.9770895953582484f,2.383993562180417f,-0.8657633663781469f,-0.4782490881915963f,-0.14741642744784267f,0.9996614277482722f,0f,0f,0f,1f], start_interpolation: 0, interpolation_duration: 1 }
$data merge entity $(bone_invisibility) { transformation: [0.8637877905277386f,-0.0785214725430788f,0.4976997400892159f,0.2295550948097331f,0.12032574292335582f,0.9913490573139401f,-0.05242863866919669f,2.7522592211774155f,-0.48927739425110284f,0.10517330893543847f,0.8657633663781467f,0.8356966994666097f,0f,0f,0f,1f], start_interpolation: 0, interpolation_duration: 1 }
$data merge entity $(bone_swiftness) { transformation: [0.15350674109357534f,0.8536572199389849f,0.49769974008921597f,0.11681625794391931f,-0.9770895953582484f,0.20626963055658462f,-0.05242863866919672f,2.5438531806117544f,-0.14741642744784286f,-0.4782490881915963f,0.8657633663781469f,0.8277274546831508f,0f,0f,0f,1f], start_interpolation: 0, interpolation_duration: 1 }
$data merge entity $(bone_suspicious_stew) { transformation: [0.8385509379772067f,0.22164677559728543f,0.49769974008921614f,0.21832242658013856f,-0.22599213395262086f,0.97271722162139f,-0.052428638669196496f,2.559386033115404f,-0.4957417470912525f,-0.06851214219750362f,0.8657633663781471f,0.8304740453291203f,0f,0f,0f,1f], start_interpolation: 0, interpolation_duration: 1 }
$data merge entity $(bone_log) { transformation: [-0.4976997400892159f,0.8536572199389849f,0.15350674109357546f,0.28556585692790903f,0.0524286386691965f,0.20626963055658462f,-0.9770895953582484f,2.5442838470277964f,-0.8657633663781469f,-0.4782490881915963f,-0.14741642744784267f,0.6826174486706018f,0f,0f,0f,1f], start_interpolation: 0, interpolation_duration: 1 }
$data merge entity $(bone_planks) { transformation: [-0.4976997400892159f,0.8536572199389849f,0.15350674109357546f,0.23890650629454505f,0.0524286386691965f,0.20626963055658462f,-0.9770895953582484f,2.5491990319030338f,-0.8657633663781469f,-0.4782490881915963f,-0.14741642744784267f,0.6014521330726506f,0f,0f,0f,1f], start_interpolation: 0, interpolation_duration: 1 }
$data merge entity $(bone_lefthand1) { transformation: [-0.4976997400892159f,0.8536572199389849f,0.15350674109357546f,0.618608011275785f,0.0524286386691965f,0.20626963055658462f,-0.9770895953582484f,2.613278144854589f,-0.8657633663781469f,-0.4782490881915963f,-0.14741642744784267f,0.7841027815749846f,0f,0f,0f,1f], start_interpolation: 0, interpolation_duration: 1 }
$data merge entity $(bone_leftforearm) { transformation: [-0.7660765493033979f,0.6101761841707404f,0.20201916958108984f,0.9974163461563148f,0.20152058044999613f,0.5264721295779112f,-0.8259640140059348f,3.014566184515842f,-0.6103410327534066f,-0.5920406413824424f,-0.526281011142309f,0.32507138251701834f,0f,0f,0f,1f], start_interpolation: 0, interpolation_duration: 1 }
$data merge entity $(bone_leftelbow) { transformation: [-0.7660765493033979f,0.6101761841707404f,0.20201916958108984f,1.1118243806883286f,0.20152058044999613f,0.5264721295779112f,-0.8259640140059348f,3.1132797088117004f,-0.6103410327534066f,-0.5920406413824424f,-0.526281011142309f,0.21406376225781037f,0f,0f,0f,1f], start_interpolation: 0, interpolation_duration: 1 }
$data merge entity $(bone_leftarm) { transformation: [-0.7657086207443351f,-0.35649706235325956f,0.5353504951443531f,0.7232549201524856f,0.10029759093314414f,0.7559761766277546f,0.6468697037458855f,3.364694412705204f,-0.6353193695857349f,0.5490080736244032f,-0.543101678992439f,0.3647239637920664f,0f,0f,0f,1f], start_interpolation: 0, interpolation_duration: 1 }
$data merge entity $(bone_rightthumb2) { transformation: [0.03820500080461431f,-0.8785349177361469f,-0.47614785123096093f,-0.3398973561022204f,-0.07062077696772531f,0.4729304806649668f,-0.8782650319342552f,2.801557102094424f,0.9967713297311447f,0.06718004745715606f,-0.0439745090894717f,0.8457301144699849f,0f,0f,0f,1f], start_interpolation: 0, interpolation_duration: 1 }
$data merge entity $(bone_rightthumb) { transformation: [0.03820500080461431f,-0.8785349177361469f,-0.47614785123096093f,-0.5960418606616973f,-0.07062077696772531f,0.4729304806649668f,-0.8782650319342552f,2.8424854215323805f,0.9967713297311447f,0.06718004745715606f,-0.0439745090894717f,0.858447565647983f,0f,0f,0f,1f], start_interpolation: 0, interpolation_duration: 1 }
$data merge entity $(bone_rightpointerfinger) { transformation: [0.03820500080461431f,-0.8785349177361469f,-0.47614785123096093f,-0.32591334934297067f,-0.07062077696772531f,0.4729304806649668f,-0.8782650319342552f,2.638412286711425f,0.9967713297311447f,0.06718004745715606f,-0.0439745090894717f,0.9433646716518785f,0f,0f,0f,1f], start_interpolation: 0, interpolation_duration: 1 }
$data merge entity $(bone_rightmidfinger) { transformation: [0.03820500080461431f,-0.8785349177361469f,-0.47614785123096093f,-0.4003114510978083f,-0.07062077696772531f,0.4729304806649668f,-0.8782650319342552f,2.501183375471698f,0.9967713297311447f,0.06718004745715606f,-0.0439745090894717f,0.9364936546066486f,0f,0f,0f,1f], start_interpolation: 0, interpolation_duration: 1 }
$data merge entity $(bone_rightringfinger) { transformation: [0.03820500080461431f,-0.8785349177361469f,-0.47614785123096093f,-0.47470955285264593f,-0.07062077696772531f,0.4729304806649668f,-0.8782650319342552f,2.3639544642319703f,0.9967713297311447f,0.06718004745715606f,-0.0439745090894717f,0.9296226375614186f,0f,0f,0f,1f], start_interpolation: 0, interpolation_duration: 1 }
$data merge entity $(bone_hugeasssword) { transformation: [0.14963625315140605f,-3.440928427799909f,-1.8649124173212637f,-0.581472249426205f,-0.2765980431235908f,1.8523110492711201f,-3.439871375075833f,2.629728914362794f,3.904021041446984f,0.2631218525405279f,-0.1722334939337642f,0.6860593189910711f,0f,0f,0f,1f], start_interpolation: 0, interpolation_duration: 1 }
$data merge entity $(bone_ice) { transformation: [0.03820500080461431f,-0.8785349177361469f,-0.47614785123096093f,-0.56834209447415f,-0.07062077696772531f,0.4729304806649668f,-0.8782650319342552f,2.623442825242525f,0.9967713297311447f,0.06718004745715606f,-0.0439745090894717f,0.669435078722504f,0f,0f,0f,1f], start_interpolation: 0, interpolation_duration: 1 }
$data merge entity $(bone_righthand1) { transformation: [0.03820500080461431f,-0.8785349177361469f,-0.47614785123096093f,-0.7933041940580006f,-0.07062077696772531f,0.4729304806649668f,-0.8782650319342552f,2.6965744689188895f,0.9967713297311447f,0.06718004745715606f,-0.0439745090894717f,0.9340487196105332f,0f,0f,0f,1f], start_interpolation: 0, interpolation_duration: 1 }
$data merge entity $(bone_rightforearm) { transformation: [-0.41455962492536286f,-0.2850367040978723f,-0.8642305217352397f,-0.9792784262148919f,0.029651629190500406f,0.9449455933566326f,-0.32588127666717914f,3.3608395999492724f,0.9095389481864379f,-0.16072306279095028f,-0.3832844881012077f,0.7704678077274756f,0f,0f,0f,1f], start_interpolation: 0, interpolation_duration: 1 }
$data merge entity $(bone_rightelbow) { transformation: [-0.41455962492536286f,-0.2850367040978723f,-0.8642305217352397f,-1.032722808233243f,0.029651629190500406f,0.9449455933566326f,-0.32588127666717914f,3.538016898703641f,0.9095389481864379f,-0.16072306279095028f,-0.3832844881012077f,0.7403322334541724f,0f,0f,0f,1f], start_interpolation: 0, interpolation_duration: 1 }
$data merge entity $(bone_rightarm) { transformation: [-0.3673159949618049f,0.7719192211653078f,-0.5188638316945633f,-0.6162867470855119f,0.11643733004387316f,0.5916351855970531f,0.7977531919934853f,3.6966107173547016f,0.9227791220099605f,0.23261238823219443f,-0.3071972799740281f,0.6443337039817472f,0f,0f,0f,1f], start_interpolation: 0, interpolation_duration: 1 }
$data merge entity $(bone_chest1) { transformation: [-1.0332198685202199f,0.273152930333413f,-0.17735639558933383f,0.012062232515953952f,0.2220994216865916f,1.022453885800757f,0.28083982874322694f,3.467402968016196f,0.2382008843238249f,0.23148788126446954f,-1.0311570252130107f,0.3593300489488752f,0f,0f,0f,1f], start_interpolation: 0, interpolation_duration: 1 }
$data merge entity $(bone_chest1lid) { transformation: [-0.9537414170955876f,0.252141166461612f,-0.16371359592861587f,-0.42183213967323524f,0.20501485078762305f,0.9438035868930065f,0.259236764993748f,2.7909142074100464f,0.2198777393758384f,0.21368112116720267f,-0.9518372540427792f,0.6608343490287447f,0f,0f,0f,1f], start_interpolation: 0, interpolation_duration: 1 }
$data merge entity $(bone_chest2) { transformation: [-0.9537414170955876f,0.252141166461612f,-0.16371359592861587f,-0.46122919693286213f,0.20501485078762305f,0.9438035868930065f,0.259236764993748f,2.643444896958014f,0.2198777393758384f,0.21368112116720267f,-0.9518372540427792f,0.6274466738463693f,0f,0f,0f,1f], start_interpolation: 0, interpolation_duration: 1 }
$data merge entity $(bone_chest1lid3) { transformation: [-0.9537414170955876f,0.252141166461612f,-0.16371359592861587f,-0.4671023234965305f,0.20501485078762305f,0.9438035868930065f,0.259236764993748f,2.94417433180994f,0.2198777393758384f,0.21368112116720267f,-0.9518372540427792f,0.0373212494465995f,0f,0f,0f,1f], start_interpolation: 0, interpolation_duration: 1 }
$data merge entity $(bone_chest3) { transformation: [-0.9537414170955876f,0.252141166461612f,-0.16371359592861587f,-0.5064993807561574f,0.20501485078762305f,0.9438035868930065f,0.259236764993748f,2.7967050213579077f,0.2198777393758384f,0.21368112116720267f,-0.9518372540427792f,0.003933574264224082f,0f,0f,0f,1f], start_interpolation: 0, interpolation_duration: 1 }
$data merge entity $(bone_hugeasssword2) { transformation: [0.6412115840537448f,3.4212711370833477f,-1.7955582109231323f,-0.91380986093855f,-1.0153439962255126f,1.9053473272537242f,3.267874830778204f,4.883767549253901f,3.728029245000886f,-0.06952083763364185f,1.1988505241816525f,0.6259943298468069f,0f,0f,0f,1f], start_interpolation: 0, interpolation_duration: 1 }
$data merge entity $(bone_belt) { transformation: [-0.9537414170955876f,0.252141166461612f,-0.16371359592861587f,-0.036395493916854024f,0.20501485078762305f,0.9438035868930065f,0.259236764993748f,3.0509565752173464f,0.2198777393758384f,0.21368112116720267f,-0.9518372540427792f,0.39176991495664437f,0f,0f,0f,1f], start_interpolation: 0, interpolation_duration: 1 }
$data merge entity $(bone_torn_part) { transformation: [-0.9704346510624076f,0.20269869460106954f,-0.13103368736475945f,-0.2165762670262577f,0.12081302948134591f,0.8779150560405067f,0.4633242560938651f,2.7941637864943707f,0.20895166887326513f,0.4337953360565513f,-0.8764478344377725f,0.3596872230944129f,0f,0f,0f,1f], start_interpolation: 0, interpolation_duration: 1 }
$data merge entity $(bone_lowerbody) { transformation: [-0.9704346510624076f,0.1539145912145652f,-0.18592172177730196f,-0.17081562499999828f,0.12081302948134591f,0.976606761121339f,0.1778860479060323f,2.2804916435185185f,0.20895166887326513f,0.15016501837425741f,-0.9663279294999892f,0.4018488888888887f,0f,0f,0f,1f], start_interpolation: 0, interpolation_duration: 1 }
$data merge entity $(bone_leftfoot) { transformation: [-0.8509175258941442f,-0.02081596386625209f,-0.5248867113716134f,0.5393575464495182f,-0.2026032912984342f,0.9349084674434991f,0.2913727232557794f,0.44024245419493147f,0.4846558268309897f,0.3542779320685471f,-0.7997473828453603f,0.01905822164107751f,0f,0f,0f,1f], start_interpolation: 0, interpolation_duration: 1 }
$data merge entity $(bone_leftlowerleg) { transformation: [-0.8509175258941442f,-0.02081596386625209f,-0.5248867113716134f,0.5969113833582809f,-0.2026032912984342f,0.9349084674434991f,0.2913727232557794f,1.432638391092477f,0.4846558268309897f,0.3542779320685471f,-0.7997473828453603f,0.5349629890090116f,0f,0f,0f,1f], start_interpolation: 0, interpolation_duration: 1 }
$data merge entity $(bone_leftleg) { transformation: [-0.7977895703430534f,-0.5178408268760633f,-0.30882467432535443f,0.03318415743811445f,-0.29865668169739373f,0.784351814052833f,-0.5436877948506216f,2.2454337375392046f,0.5237709307792364f,-0.3415158997943508f,-0.7804043197332438f,0.2051700508622346f,0f,0f,0f,1f], start_interpolation: 0, interpolation_duration: 1 }
$data merge entity $(bone_rightfoot) { transformation: [-0.9879875566601121f,0.12613530807108203f,0.08927749964349949f,-0.6528176827942208f,0.13799136246857902f,0.9801636836618381f,0.1422586978519114f,0.25099182639962625f,-0.06956271823934904f,0.15286934711795364f,-0.985795105964157f,0.24613761129870027f,0f,0f,0f,1f], start_interpolation: 0, interpolation_duration: 1 }
$data merge entity $(bone_rightlowerleg) { transformation: [-0.9879875566601121f,0.12613530807108203f,0.08927749964349949f,-0.5266034226340269f,0.13799136246857902f,0.9801636836618381f,0.1422586978519114f,1.316503486418835f,-0.06956271823934904f,0.15286934711795364f,-0.985795105964157f,0.5671901484354842f,0f,0f,0f,1f], start_interpolation: 0, interpolation_duration: 1 }
$data merge entity $(bone_rightleg) { transformation: [-0.996556445882452f,0.05850013739201035f,-0.058762097437476124f,-0.4365468311640086f,0.07247551064644014f,0.9588330587592993f,-0.2745659589002687f,2.328030487327534f,0.04028089530625248f,-0.27787928918039606f,-0.9597710925621403f,0.2928667620443458f,0f,0f,0f,1f], start_interpolation: 0, interpolation_duration: 1 }
data modify entity @s data merge value {"locators":{"lefthand":{"posx":0.2631346944239527,"posy":2.538520872192799,"posz":0.8034493559623941,"roty":46.15943759701551,"rotx":-77.71184530291262},"righthand":{"posx":-0.5435934573836062,"posy":2.623155479765383,"posz":0.7625198043478036,"roty":275.2765685771928,"rotx":-61.43377828559033},"chest":{"posx":-0.4418151324974769,"posy":2.6978274527860737,"posz":0.8030750292554738,"roty":350.240759737045,"rotx":15.024779308831675},"sack":{"posx":0,"posy":-0.4375,"posz":0,"roty":0,"rotx":0}},"cameras":{}}