# This file was generated by Animated Java via MC-Build. It is not recommended to edit this file directly.
$data merge entity $(bone_nose) { transformation: [-0.9692143284893628f,-0.09354190269160592f,-0.2277575418987204f,2.363964011029148f,-0.12540553999596862f,0.9835924524755064f,0.12968939035841748f,4.152975270134895f,0.21188920687291454f,0.154258872918392f,-0.9650425711525449f,0.29881123579602176f,0f,0f,0f,1f], start_interpolation: 0, interpolation_duration: 1 }
$data merge entity $(bone_glowing_eye) { transformation: [-0.9692143284893628f,-0.09354190269160592f,-0.2277575418987204f,2.2444264149008157f,-0.12540553999596862f,0.9835924524755064f,0.12968939035841748f,4.1993711860242415f,0.21188920687291454f,0.154258872918392f,-0.9650425711525449f,0.36941772937702866f,0f,0f,0f,1f], start_interpolation: 0, interpolation_duration: 1 }
$data merge entity $(bone_head) { transformation: [-0.9692143284893628f,-0.09354190269160592f,-0.2277575418987204f,2.3328655343468165f,-0.12540553999596862f,0.9835924524755064f,0.12968939035841748f,4.055809334621199f,0.21188920687291454f,0.154258872918392f,-0.9650425711525449f,0.0990547855658668f,0f,0f,0f,1f], start_interpolation: 0, interpolation_duration: 1 }
$data merge entity $(bone_leftthumb2) { transformation: [-0.2896020656863101f,0.9005880705432545f,0.3241477606669534f,2.845812193395971f,-0.17901304495160356f,0.28172152528187344f,-0.9426490926797788f,2.994036669505625f,-0.940257929127629f,-0.3310198021086248f,0.07962987708510888f,0.6553701376906872f,0f,0f,0f,1f], start_interpolation: 0, interpolation_duration: 1 }
$data merge entity $(bone_leftthumb) { transformation: [-0.2896020656863101f,0.9005880705432545f,0.3241477606669534f,3.094375520543371f,-0.17901304495160356f,0.28172152528187344f,-0.9426490926797788f,2.9825703258318828f,-0.940257929127629f,-0.3310198021086248f,0.07962987708510888f,0.5809949840930635f,0f,0f,0f,1f], start_interpolation: 0, interpolation_duration: 1 }
$data merge entity $(bone_leftpointerfinger) { transformation: [-0.2896020656863101f,0.9005880705432545f,0.3241477606669534f,2.8457397121120693f,-0.17901304495160356f,0.28172152528187344f,-0.9426490926797788f,2.865523325920985f,-0.940257929127629f,-0.3310198021086248f,0.07962987708510888f,0.7961842181466549f,0f,0f,0f,1f], start_interpolation: 0, interpolation_duration: 1 }
$data merge entity $(bone_leftmidfinger) { transformation: [-0.2896020656863101f,0.9005880705432545f,0.3241477606669534f,2.896387799716281f,-0.17901304495160356f,0.28172152528187344f,-0.9426490926797788f,2.7182344051897696f,-0.940257929127629f,-0.3310198021086248f,0.07962987708510888f,0.8086263864412031f,0f,0f,0f,1f], start_interpolation: 0, interpolation_duration: 1 }
$data merge entity $(bone_leftringfinger) { transformation: [-0.2896020656863101f,0.9005880705432545f,0.3241477606669534f,2.9470358873204923f,-0.17901304495160356f,0.28172152528187344f,-0.9426490926797788f,2.570945484458554f,-0.940257929127629f,-0.3310198021086248f,0.07962987708510888f,0.8210685547357514f,0f,0f,0f,1f], start_interpolation: 0, interpolation_duration: 1 }
$data merge entity $(bone_invisibility) { transformation: [0.9254123998807833f,-0.24442285837685312f,0.28960206568631014f,2.879811527490712f,0.19849220800120976f,0.9636156770725347f,0.17901304495160333f,2.8922294559665076f,-0.3228199707417336f,-0.10817713807884283f,0.9402579291276287f,0.581192131920684f,0f,0f,0f,1f], start_interpolation: 0, interpolation_duration: 1 }
$data merge entity $(bone_swiftness) { transformation: [0.32414776066695333f,0.9005880705432545f,0.28960206568631014f,2.8035510298531205f,-0.9426490926797788f,0.28172152528187344f,0.17901304495160333f,2.6680093437182992f,0.07962987708510867f,-0.3310198021086248f,0.940257929127629f,0.5919768297838148f,0f,0f,0f,1f], start_interpolation: 0, interpolation_duration: 1 }
$data merge entity $(bone_suspicious_stew) { transformation: [0.9532007444058717f,0.08682732527444842f,0.28960206568631025f,2.8983741668090506f,-0.14305430884097137f,0.9733908744482802f,0.1790130449516036f,2.702277054591461f,-0.2663527840780433f,-0.21206419105190266f,0.9402579291276292f,0.6116392870979837f,0f,0f,0f,1f], start_interpolation: 0, interpolation_duration: 1 }
$data merge entity $(bone_log) { transformation: [-0.2896020656863101f,0.9005880705432545f,0.3241477606669534f,2.9989919082501295f,-0.17901304495160356f,0.28172152528187344f,-0.9426490926797788f,2.676523096068118f,-0.940257929127629f,-0.3310198021086248f,0.07962987708510888f,0.4858452814670548f,0f,0f,0f,1f], start_interpolation: 0, interpolation_duration: 1 }
$data merge entity $(bone_planks) { transformation: [-0.2896020656863101f,0.9005880705432545f,0.3241477606669534f,2.971841714592038f,-0.17901304495160356f,0.28172152528187344f,-0.9426490926797788f,2.659740623103905f,-0.940257929127629f,-0.3310198021086248f,0.07962987708510888f,0.3976961006113396f,0f,0f,0f,1f], start_interpolation: 0, interpolation_duration: 1 }
$data merge entity $(bone_lefthand1) { transformation: [-0.2896020656863101f,0.9005880705432545f,0.3241477606669534f,3.2864098247866784f,-0.17901304495160356f,0.28172152528187344f,-0.9426490926797788f,2.82116452277273f,-0.940257929127629f,-0.3310198021086248f,0.07962987708510888f,0.6356663795628962f,0f,0f,0f,1f], start_interpolation: 0, interpolation_duration: 1 }
$data merge entity $(bone_leftforearm) { transformation: [-0.6955914930521339f,0.3586270627771661f,0.6225263887076001f,3.493611055710162f,-0.21798752363313958f,0.7202972064593073f,-0.6585236320035976f,3.334523730076583f,-0.6845684146480867f,-0.5937664222661474f,-0.42285638395968966f,0.1649332481300148f,0f,0f,0f,1f], start_interpolation: 0, interpolation_duration: 1 }
$data merge entity $(bone_leftelbow) { transformation: [-0.6955914930521339f,0.3586270627771661f,0.6225263887076001f,3.5608536299808806f,-0.21798752363313958f,0.7202972064593073f,-0.6585236320035976f,3.469579456287703f,-0.6845684146480867f,-0.5937664222661474f,-0.42285638395968966f,0.05360204395511217f,0f,0f,0f,1f], start_interpolation: 0, interpolation_duration: 1 }
$data merge entity $(bone_leftarm) { transformation: [-0.6531159895669925f,-0.6095976524333342f,0.4492551683839554f,3.1168102538519906f,-0.3218482863512396f,0.7604738415548329f,0.5639975326928349f,3.655803651707556f,-0.6854583756470547f,0.22376380059920936f,-0.6928755853663041f,0.05833507185456034f,0f,0f,0f,1f], start_interpolation: 0, interpolation_duration: 1 }
$data merge entity $(bone_rightthumb2) { transformation: [-0.1673525120028071f,-0.9295254990359946f,-0.3285962315186159f,2.3503227800164392f,0.09397783447210656f,0.3167387242825189f,-0.9438457221219028f,2.724364101867253f,0.9814078170435998f,-0.18883571479401842f,0.03434777232876274f,0.45989777046346597f,0f,0f,0f,1f], start_interpolation: 0, interpolation_duration: 1 }
$data merge entity $(bone_rightthumb) { transformation: [-0.1673525120028071f,-0.9295254990359946f,-0.3285962315186159f,2.094282610364102f,0.09397783447210656f,0.3167387242825189f,-0.9438457221219028f,2.7213832026588762f,0.9814078170435998f,-0.18883571479401842f,0.03434777232876274f,0.41652250243187916f,0f,0f,0f,1f], start_interpolation: 0, interpolation_duration: 1 }
$data merge entity $(bone_rightpointerfinger) { transformation: [-0.1673525120028071f,-0.9295254990359946f,-0.3285962315186159f,2.3655760353825457f,0.09397783447210656f,0.3167387242825189f,-0.9438457221219028f,2.583489366174597f,0.9814078170435998f,-0.18883571479401842f,0.03434777232876274f,0.5874357531657209f,0f,0f,0f,1f], start_interpolation: 0, interpolation_duration: 1 }
$data merge entity $(bone_rightmidfinger) { transformation: [-0.1673525120028071f,-0.9295254990359946f,-0.3285962315186159f,2.314232874207762f,0.09397783447210656f,0.3167387242825189f,-0.9438457221219028f,2.43601347209305f,0.9814078170435998f,-0.18883571479401842f,0.03434777232876274f,0.5928025925920901f,0f,0f,0f,1f], start_interpolation: 0, interpolation_duration: 1 }
$data merge entity $(bone_rightringfinger) { transformation: [-0.1673525120028071f,-0.9295254990359946f,-0.3285962315186159f,2.262889713032978f,0.09397783447210656f,0.3167387242825189f,-0.9438457221219028f,2.2885375780115025f,0.9814078170435998f,-0.18883571479401842f,0.03434777232876274f,0.5981694320184593f,0f,0f,0f,1f], start_interpolation: 0, interpolation_duration: 1 }
$data merge entity $(bone_hugeasssword) { transformation: [-0.6554640053443278f,-3.640641537890979f,-1.2870019067812457f,2.1750103343342992f,0.36807985168241736f,1.2405600034398658f,-3.6967290783107862f,2.490135752589438f,3.843847283420766f,-0.7396065496099056f,0.13452877495432072f,0.293222202679712f,0f,0f,0f,1f], start_interpolation: 0, interpolation_duration: 1 }
$data merge entity $(bone_ice) { transformation: [-0.1673525120028071f,-0.9295254990359946f,-0.3285962315186159f,2.192149053256781f,0.09397783447210656f,0.3167387242825189f,-0.9438457221219028f,2.483718306358897f,0.9814078170435998f,-0.18883571479401842f,0.03434777232876274f,0.2808382635820623f,0f,0f,0f,1f], start_interpolation: 0, interpolation_duration: 1 }
$data merge entity $(bone_righthand1) { transformation: [-0.1673525120028071f,-0.9295254990359946f,-0.3285962315186159f,1.9076609182621236f,0.09397783447210656f,0.3167387242825189f,-0.9438457221219028f,2.556902267231244f,0.9814078170435998f,-0.18883571479401842f,0.03434777232876274f,0.4800546570297315f,0f,0f,0f,1f], start_interpolation: 0, interpolation_duration: 1 }
$data merge entity $(bone_rightforearm) { transformation: [-0.4962563368742723f,-0.6716067179873961f,-0.5501582176668156f,1.4639002418936646f,-0.08735944705674792f,0.6691071691468402f,-0.7380134979837708f,3.0389192531634706f,0.863769630817192f,-0.3181823573840953f,-0.3907198642601013f,0.2038419710625402f,0f,0f,0f,1f], start_interpolation: 0, interpolation_duration: 1 }
$data merge entity $(bone_rightelbow) { transformation: [-0.4962563368742723f,-0.6716067179873961f,-0.5501582176668156f,1.337973982271028f,-0.08735944705674792f,0.6691071691468402f,-0.7380134979837708f,3.164376847378503f,0.863769630817192f,-0.3181823573840953f,-0.3907198642601013f,0.14418277905302235f,0f,0f,0f,1f], start_interpolation: 0, interpolation_duration: 1 }
$data merge entity $(bone_rightarm) { transformation: [-0.4828948868653461f,0.6005871173420562f,-0.63726575517759f,1.729086023398407f,0.0004856101072393676f,0.7279231094180579f,0.6856585965026399f,3.38025268926035f,0.8756781899888386f,0.33079156769468265f,-0.351801998743563f,0.10400867065347019f,0f,0f,0f,1f], start_interpolation: 0, interpolation_duration: 1 }
$data merge entity $(bone_chest1) { transformation: [-1.058663330013474f,-0.22522251156950274f,-0.04602048541919578f,2.44831733415785f,-0.22886729816162957f,1.052976237178648f,0.11167772777238255f,3.4270205517462724f,0.021513359293447748f,0.11885695322753238f,-1.0765785206627942f,-0.06495203116134719f,0f,0f,0f,1f], start_interpolation: 0, interpolation_duration: 1 }
$data merge entity $(bone_chest1lid) { transformation: [-0.9772276892432068f,-0.2078977029872333f,-0.042480448079257646f,2.2733765156187262f,-0.21126212137996578f,0.9719780650879828f,0.10308713332835313f,2.6502521921549564f,0.019858485501644076f,0.10971411067156836f,-0.9937647883041177f,0.2557235649747224f,0f,0f,0f,1f], start_interpolation: 0, interpolation_duration: 1 }
$data merge entity $(bone_chest2) { transformation: [-0.9772276892432068f,-0.2078977029872333f,-0.042480448079257646f,2.3058605317104814f,-0.21126212137996578f,0.9719780650879828f,0.10308713332835313f,2.498380619484959f,0.019858485501644076f,0.10971411067156836f,-0.9937647883041177f,0.23858073518228984f,0f,0f,0f,1f], start_interpolation: 0, interpolation_duration: 1 }
$data merge entity $(bone_chest1lid3) { transformation: [-0.9772276892432068f,-0.2078977029872333f,-0.042480448079257646f,2.3072392091456524f,-0.21126212137996578f,0.9719780650879828f,0.10308713332835313f,2.7294962695296805f,0.019858485501644076f,0.10971411067156836f,-0.9937647883041177f,-0.3821481578764558f,0f,0f,0f,1f], start_interpolation: 0, interpolation_duration: 1 }
$data merge entity $(bone_chest3) { transformation: [-0.9772276892432068f,-0.2078977029872333f,-0.042480448079257646f,2.3397232252374076f,-0.21126212137996578f,0.9719780650879828f,0.10308713332835313f,2.577624696859683f,0.019858485501644076f,0.10971411067156836f,-0.9937647883041177f,-0.3992909876688883f,0f,0f,0f,1f], start_interpolation: 0, interpolation_duration: 1 }
$data merge entity $(bone_hugeasssword2) { transformation: [0.16638175497709157f,2.271800522111985f,-3.1861445788162577f,0.9918439209517711f,-0.4037579388693831f,3.1819690782912673f,2.2477388837175787f,4.321832354053624f,3.892245420857795f,0.23296555605434824f,0.36936487553853503f,-0.17646272214924894f,0f,0f,0f,1f], start_interpolation: 0, interpolation_duration: 1 }
$data merge entity $(bone_belt) { transformation: [-0.9772276892432068f,-0.2078977029872333f,-0.042480448079257646f,2.5679894043952984f,-0.21126212137996578f,0.9719780650879828f,0.10308713332835313f,3.03312462727941f,0.019858485501644076f,0.10971411067156836f,-0.9937647883041177f,0.02079579986831598f,0f,0f,0f,1f], start_interpolation: 0, interpolation_duration: 1 }
$data merge entity $(bone_torn_part) { transformation: [-0.9918218416969145f,-0.11497387183211656f,-0.05541157937536922f,2.4952611281530066f,-0.12676220563001053f,0.9379385236119557f,0.32280438217044055f,2.7339381906003846f,0.014858585287830699f,0.3271885308511851f,-0.9448422554705559f,-0.0033580882605833418f,0f,0f,0f,1f], start_interpolation: 0, interpolation_duration: 1 }
$data merge entity $(bone_lowerbody) { transformation: [-0.9918218416969145f,-0.12631511373730855f,-0.018273652466642042f,2.656365763888888f,-0.12676220563001053f,0.9915970185525335f,0.025820457423167204f,2.258508078703703f,0.014858585287830699f,0.02792570212649029f,-0.99949956358369f,0.12210990740740799f,0f,0f,0f,1f], start_interpolation: 0, interpolation_duration: 1 }
$data merge entity $(bone_leftfoot) { transformation: [-0.7777064417950531f,-0.43770230602615007f,-0.4512088005456766f,3.91853551678103f,-0.43168516062688916f,0.8936237994358895f,-0.1228186760077716f,0.4413207532011323f,0.4569689403942181f,0.09926326803584273f,-0.8839265756463202f,-0.10072669138539928f,0f,0f,0f,1f], start_interpolation: 0, interpolation_duration: 1 }
$data merge entity $(bone_leftlowerleg) { transformation: [-0.7777064417950531f,-0.43770230602615007f,-0.4512088005456766f,3.5022857791986106f,-0.43168516062688916f,0.8936237994358895f,-0.1228186760077716f,1.4515552079372087f,0.4569689403942181f,0.09926326803584273f,-0.8839265756463202f,0.1452049477611524f,0f,0f,0f,1f], start_interpolation: 0, interpolation_duration: 1 }
$data merge entity $(bone_leftleg) { transformation: [-0.8018591414060143f,-0.5678347671495901f,-0.18597202628293436f,2.885921704388178f,-0.478151635532724f,0.7964527740112153f,-0.37018102626582744f,2.2844911194286066f,0.3583195930743821f,-0.20791021135579382f,-0.9101540601639913f,-0.04319665478406773f,0f,0f,0f,1f], start_interpolation: 0, interpolation_duration: 1 }
$data merge entity $(bone_rightfoot) { transformation: [-0.9989821256962972f,-0.04483855985407021f,0.004920984608855712f,2.5176742357340465f,-0.0389163943882223f,0.9118826764313726f,0.4086018828544199f,0.26651369134063563f,-0.022808480596654614f,0.407994470519601f,-0.912699449566122f,-0.39763821592264026f,0f,0f,0f,1f], start_interpolation: 0, interpolation_duration: 1 }
$data merge entity $(bone_rightlowerleg) { transformation: [-0.9989821256962972f,-0.04483855985407021f,0.004920984608855712f,2.4671753706400943f,-0.0389163943882223f,0.9118826764313726f,0.4086018828544199f,1.2153536438393455f,-0.022808480596654614f,0.407994470519601f,-0.912699449566122f,0.19521292717578498f,0f,0f,0f,1f], start_interpolation: 0, interpolation_duration: 1 }
$data merge entity $(bone_rightleg) { transformation: [-0.9955901836503616f,-0.09292919451668111f,-0.01281994639303452f,2.399020366066033f,-0.0870641311037406f,0.9662189156828752f,-0.2425713174548045f,2.2321656148840963f,0.034928831846915524f,-0.2403854649996328f,-0.9700488672859322f,-0.04241525988431842f,0f,0f,0f,1f], start_interpolation: 0, interpolation_duration: 1 }
data modify entity @s data merge value {"locators":{"lefthand":{"posx":2.9507188501366084,"posy":2.6860249669428056,"posz":0.5986111675330514,"roty":103.80192548749497,"rotx":-70.50130480509961},"righthand":{"posx":2.196117907296433,"posy":2.5023272751818975,"posz":0.3752591205309194,"roty":264.0326112803077,"rotx":-70.70776262479855},"chest":{"posx":2.262469326778962,"posy":2.5667942572112783,"posz":0.40476275890219415,"roty":357.55226838815116,"rotx":5.916969286431896},"sack":{"posx":0,"posy":-0.4375,"posz":0,"roty":0,"rotx":0}},"cameras":{}}