# This file was generated by Animated Java via MC-Build. It is not recommended to edit this file directly.
$data merge entity $(bone_nose) { transformation: [-0.8750681404511133f,-0.47885598401015383f,-0.07037539445785086f,0.6564313731027144f,-0.4835375288340575f,0.8585883740624232f,0.1703451265340385f,4.133808313900758f,-0.021147287686223315f,0.18309273743792184f,-0.9828681710794201f,0.4141379014043234f,0f,0f,0f,1f], start_interpolation: 0, interpolation_duration: 1 }
$data merge entity $(bone_glowing_eye) { transformation: [-0.8750681404511133f,-0.47885598401015383f,-0.07037539445785086f,0.5170812080981958f,-0.4835375288340575f,0.8585883740624232f,0.1703451265340385f,4.125555232094957f,-0.021147287686223315f,0.18309273743792184f,-0.9828681710794201f,0.45818915551900785f,0f,0f,0f,1f], start_interpolation: 0, interpolation_duration: 1 }
$data merge entity $(bone_head) { transformation: [-0.8750681404511133f,-0.47885598401015383f,-0.07037539445785086f,0.7023808690941331f,-0.4835375288340575f,0.8585883740624232f,0.1703451265340385f,4.059690481229331f,-0.021147287686223315f,0.18309273743792184f,-0.9828681710794201f,0.20748320297481657f,0f,0f,0f,1f], start_interpolation: 0, interpolation_duration: 1 }
$data merge entity $(bone_leftthumb2) { transformation: [-0.2917437354531152f,0.9263820301803132f,0.23812166424511652f,1.225603624869664f,0.005263902092653511f,0.25050317818463536f,-0.968101466301005f,2.844437050759626f,-0.9564820354604794f,-0.28118408894956726f,-0.07795911725372545f,0.6845773952076608f,0f,0f,0f,1f], start_interpolation: 0, interpolation_duration: 1 }
$data merge entity $(bone_leftthumb) { transformation: [-0.2917437354531152f,0.9263820301803132f,0.23812166424511652f,1.4731411520283866f,0.005263902092653511f,0.25050317818463536f,-0.968101466301005f,2.8231395453791532f,-0.9564820354604794f,-0.28118408894956726f,-0.07795911725372545f,0.6089569150107363f,0f,0f,0f,1f], start_interpolation: 0, interpolation_duration: 1 }
$data merge entity $(bone_leftpointerfinger) { transformation: [-0.2917437354531152f,0.9263820301803132f,0.23812166424511652f,1.2122434724521458f,0.005263902092653511f,0.25050317818463536f,-0.968101466301005f,2.694987694513076f,-0.9564820354604794f,-0.28118408894956726f,-0.07795911725372545f,0.8021813332045347f,0f,0f,0f,1f], start_interpolation: 0, interpolation_duration: 1 }
$data merge entity $(bone_leftmidfinger) { transformation: [-0.2917437354531152f,0.9263820301803132f,0.23812166424511652f,1.2494499824904453f,0.005263902092653511f,0.25050317818463536f,-0.968101466301005f,2.5437218404035438f,-0.9564820354604794f,-0.28118408894956726f,-0.07795911725372545f,0.7900002211336401f,0f,0f,0f,1f], start_interpolation: 0, interpolation_duration: 1 }
$data merge entity $(bone_leftringfinger) { transformation: [-0.2917437354531152f,0.9263820301803132f,0.23812166424511652f,1.2866564925287447f,0.005263902092653511f,0.25050317818463536f,-0.968101466301005f,2.392455986294012f,-0.9564820354604794f,-0.28118408894956726f,-0.07795911725372545f,0.7778191090627454f,0f,0f,0f,1f], start_interpolation: 0, interpolation_duration: 1 }
$data merge entity $(bone_invisibility) { transformation: [0.9436105373846867f,-0.15647602551331902f,0.29174373545311527f,1.2514232545979982f,0.16517433561210454f,0.9862503384992365f,-0.005263902092653711f,2.7536266320913f,-0.28690868336751707f,0.053155651154850915f,0.9564820354604792f,0.5945226642410149f,0f,0f,0f,1f], start_interpolation: 0, interpolation_duration: 1 }
$data merge entity $(bone_swiftness) { transformation: [0.23812166424511647f,0.9263820301803132f,0.29174373545311527f,1.1554283816192124f,-0.968101466301005f,0.25050317818463536f,-0.005263902092653726f,2.538459410063209f,-0.07795911725372566f,-0.28118408894956726f,0.9564820354604794f,0.5681658269680712f,0f,0f,0f,1f], start_interpolation: 0, interpolation_duration: 1 }
$data merge entity $(bone_suspicious_stew) { transformation: [0.9402218115493124f,0.17569444473514836f,0.2917437354531154f,1.2526469089792553f,-0.18210437781058866f,0.9832651152751112f,-0.005263902092653484f,2.5603652706824565f,-0.28778627602640766f,-0.048178575863453574f,0.9564820354604796f,0.5930858339254522f,0f,0f,0f,1f], start_interpolation: 0, interpolation_duration: 1 }
$data merge entity $(bone_log) { transformation: [-0.2917437354531152f,0.9263820301803132f,0.23812166424511652f,1.352255640564555f,0.005263902092653511f,0.25050317818463536f,-0.968101466301005f,2.5467919025438626f,-0.9564820354604794f,-0.28118408894956726f,-0.07795911725372545f,0.464613298361068f,0f,0f,0f,1f], start_interpolation: 0, interpolation_duration: 1 }
$data merge entity $(bone_planks) { transformation: [-0.2917437354531152f,0.9263820301803132f,0.23812166424511652f,1.3249046653658254f,0.005263902092653511f,0.25050317818463536f,-0.968101466301005f,2.5472853933650486f,-0.9564820354604794f,-0.28118408894956726f,-0.07795911725372545f,0.37494310753664806f,0f,0f,0f,1f], start_interpolation: 0, interpolation_duration: 1 }
$data merge entity $(bone_lefthand1) { transformation: [-0.2917437354531152f,0.9263820301803132f,0.23812166424511652f,1.6493457799652522f,0.005263902092653511f,0.25050317818463536f,-0.968101466301005f,2.6383548923887643f,-0.9564820354604794f,-0.28118408894956726f,-0.07795911725372545f,0.635874007402975f,0f,0f,0f,1f], start_interpolation: 0, interpolation_duration: 1 }
$data merge entity $(bone_leftforearm) { transformation: [-0.6374814719351679f,0.36514988627055406f,0.6784415475897487f,1.8683325164802562f,-0.019685599282233443f,0.8725535482039165f,-0.4881216884114606f,3.275348486418518f,-0.7702141586080272f,-0.3245240608542874f,-0.5490485259122108f,0.3529009106596791f,0f,0f,0f,1f], start_interpolation: 0, interpolation_duration: 1 }
$data merge entity $(bone_leftelbow) { transformation: [-0.6374814719351679f,0.36514988627055406f,0.6784415475897487f,1.9367981201559852f,-0.019685599282233443f,0.8725535482039165f,-0.4881216884114606f,3.438952276706752f,-0.7702141586080272f,-0.3245240608542874f,-0.5490485259122108f,0.2920526492495002f,0f,0f,0f,1f], start_interpolation: 0, interpolation_duration: 1 }
$data merge entity $(bone_leftarm) { transformation: [-0.5959088026593855f,-0.5709700017388565f,0.5646998813771683f,1.515875575036186f,-0.12447511858949359f,0.7603665442312284f,0.637454832334018f,3.6746827211523083f,-0.7933464840567387f,0.30957386118370794f,-0.5241806756325735f,0.2856891692439463f,0f,0f,0f,1f], start_interpolation: 0, interpolation_duration: 1 }
$data merge entity $(bone_rightthumb2) { transformation: [-0.17576932919095012f,-0.8928648650986034f,-0.4146052044876156f,0.8442082362556942f,-0.038986796309472285f,0.4271452836683751f,-0.9033420926500589f,2.805784469280354f,0.9836590733731314f,-0.1426157049988444f,-0.10988898060495217f,0.36697566566584744f,0f,0f,0f,1f], start_interpolation: 0, interpolation_duration: 1 }
$data merge entity $(bone_rightthumb) { transformation: [-0.17576932919095012f,-0.8928648650986034f,-0.4146052044876156f,0.5898087003142496f,-0.038986796309472285f,0.4271452836683751f,-0.9033420926500589f,2.8333412896277532f,0.9836590733731314f,-0.1426157049988444f,-0.10988898060495217f,0.3226093960726206f,0f,0f,0f,1f], start_interpolation: 0, interpolation_duration: 1 }
$data merge entity $(bone_rightpointerfinger) { transformation: [-0.17576932919095012f,-0.8928648650986034f,-0.4146052044876156f,0.8441205948341117f,-0.038986796309472285f,0.4271452836683751f,-0.9033420926500589f,2.6465759019847477f,0.9836590733731314f,-0.1426157049988444f,-0.10988898060495217f,0.47184183945969554f,0f,0f,0f,1f], start_interpolation: 0, interpolation_duration: 1 }
$data merge entity $(bone_rightmidfinger) { transformation: [-0.17576932919095012f,-0.8928648650986034f,-0.4146052044876156f,0.7793385316329218f,-0.038986796309472285f,0.4271452836683751f,-0.9033420926500589f,2.505428700008176f,0.9836590733731314f,-0.1426157049988444f,-0.10988898060495217f,0.4546716862401718f,0f,0f,0f,1f], start_interpolation: 0, interpolation_duration: 1 }
$data merge entity $(bone_rightringfinger) { transformation: [-0.17576932919095012f,-0.8928648650986034f,-0.4146052044876156f,0.7145564684317318f,-0.038986796309472285f,0.4271452836683751f,-0.9033420926500589f,2.364281498031604f,0.9836590733731314f,-0.1426157049988444f,-0.10988898060495217f,0.437501533020648f,0f,0f,0f,1f], start_interpolation: 0, interpolation_duration: 1 }
$data merge entity $(bone_hugeasssword) { transformation: [-0.6884298726645547f,-3.49705405496953f,-1.6238703842431612f,0.6511422902962332f,-0.15269828554543313f,1.6729856943678028f,-3.538089862879398f,2.616663173720675f,3.852664704044765f,-0.5585781779121406f,-0.43039850736939606f,0.16613544511949582f,0f,0f,0f,1f], start_interpolation: 0, interpolation_duration: 1 }
$data merge entity $(bone_ice) { transformation: [-0.17576932919095012f,-0.8928648650986034f,-0.4146052044876156f,0.6678396995820074f,-0.038986796309472285f,0.4271452836683751f,-0.9033420926500589f,2.610598197355692f,0.9836590733731314f,-0.1426157049988444f,-0.10988898060495217f,0.1529941424886476f,0f,0f,0f,1f], start_interpolation: 0, interpolation_duration: 1 }
$data merge entity $(bone_righthand1) { transformation: [-0.17576932919095012f,-0.8928648650986034f,-0.4146052044876156f,0.387724738369381f,-0.038986796309472285f,0.4271452836683751f,-0.9033420926500589f,2.6794083788001037f,0.9836590733731314f,-0.1426157049988444f,-0.10988898060495217f,0.3598209539383146f,0f,0f,0f,1f], start_interpolation: 0, interpolation_duration: 1 }
$data merge entity $(bone_rightforearm) { transformation: [-0.4071940774333275f,-0.7368975500443093f,-0.5396063232041646f,-0.10290023479286581f,-0.03686120571867917f,0.6035821301643707f,-0.7964482805927868f,3.11527777500623f,0.9125975207155599f,-0.304418483152611f,-0.27293800083329744f,0.09502771855422534f,0f,0f,0f,1f], start_interpolation: 0, interpolation_duration: 1 }
$data merge entity $(bone_rightelbow) { transformation: [-0.4071940774333275f,-0.7368975500443093f,-0.5396063232041646f,-0.2410685254261738f,-0.03686120571867917f,0.6035821301643707f,-0.7964482805927868f,3.22844942441205f,0.9125975207155599f,-0.304418483152611f,-0.27293800083329744f,0.037949252963110774f,0f,0f,0f,1f], start_interpolation: 0, interpolation_duration: 1 }
$data merge entity $(bone_rightarm) { transformation: [-0.39112265032211496f,0.6985129969075026f,-0.5992517547377765f,0.16963812785385657f,0.04495840877498525f,0.6648448092830815f,0.745627333893926f,3.390697666168212f,0.9192398021655862f,0.2646903336365767f,-0.2914398967093074f,-0.039134332441879444f,0f,0f,0f,1f], start_interpolation: 0, interpolation_duration: 1 }
$data merge entity $(bone_chest1) { transformation: [-1.0527508359140392f,-0.22722280392307795f,0.11703241418827974f,0.8758593994477748f,-0.1982462826456316f,1.0390176259072916f,0.2339912297123012f,3.4597213590514544f,-0.16132327795637846f,0.2059691276439773f,-1.0512671542277439f,0.0021742471681728825f,0f,0f,0f,1f], start_interpolation: 0, interpolation_duration: 1 }
$data merge entity $(bone_chest1lid) { transformation: [-0.9717700023821901f,-0.2097441266982258f,0.1080299207891813f,0.6451462955329823f,-0.18299656859596763f,0.9590931931451923f,0.21599190434981652f,2.6572279520629447f,-0.14891379503665705f,0.19012534859444058f,-0.970400450056379f,0.20112652243166995f,0f,0f,0f,1f], start_interpolation: 0, interpolation_duration: 1 }
$data merge entity $(bone_chest2) { transformation: [-0.9717700023821901f,-0.2097441266982258f,0.1080299207891813f,0.6779188153295801f,-0.18299656859596763f,0.9590931931451923f,0.21599190434981652f,2.5073696406340082f,-0.14891379503665705f,0.19012534859444058f,-0.970400450056379f,0.17141943671378862f,0f,0f,0f,1f], start_interpolation: 0, interpolation_duration: 1 }
$data merge entity $(bone_chest1lid3) { transformation: [-0.9717700023821901f,-0.2097441266982258f,0.1080299207891813f,0.7750885886874386f,-0.18299656859596763f,0.9590931931451923f,0.21599190434981652f,2.8070350513242937f,-0.14891379503665705f,0.19012534859444058f,-0.970400450056379f,-0.4112291536959068f,0f,0f,0f,1f], start_interpolation: 0, interpolation_duration: 1 }
$data merge entity $(bone_chest3) { transformation: [-0.9717700023821901f,-0.2097441266982258f,0.1080299207891813f,0.8078611084840364f,-0.18299656859596763f,0.9590931931451923f,0.21599190434981652f,2.657176739895357f,-0.14891379503665705f,0.19012534859444058f,-0.970400450056379f,-0.4409362394137881f,0f,0f,0f,1f], start_interpolation: 0, interpolation_duration: 1 }
$data merge entity $(bone_hugeasssword2) { transformation: [-0.4231171897576277f,2.2511547748805163f,-3.177035064496776f,-0.5361574609206095f,-0.8459682920367815f,3.06625333619325f,2.2853240262443997f,4.4043193952481765f,3.8007350960541513f,0.9330972272995964f,0.15498410178410468f,-0.21778151015135158f,0f,0f,0f,1f], start_interpolation: 0, interpolation_duration: 1 }
$data merge entity $(bone_belt) { transformation: [-0.9717700023821901f,-0.2097441266982258f,0.1080299207891813f,0.9763899691931719f,-0.18299656859596763f,0.9590931931451923f,0.21599190434981652f,3.0552730385131963f,-0.14891379503665705f,0.19012534859444058f,-0.970400450056379f,0.058238984688834844f,0f,0f,0f,1f], start_interpolation: 0, interpolation_duration: 1 }
$data merge entity $(bone_torn_part) { transformation: [-0.999104729102448f,0.00430144465284416f,0.04208607678345165f,0.8834370586127299f,0.021766423630111005f,0.9053081218880421f,0.424197391842407f,2.773249731512979f,-0.03627620552757158f,0.424733683638871f,-0.9045912529397334f,-0.0021203733826966886f,0f,0f,0f,1f], start_interpolation: 0, interpolation_duration: 1 }
$data merge entity $(bone_lowerbody) { transformation: [-0.999104729102448f,0.01675788804528885f,0.03884473546551237f,0.9673607763671894f,0.021766423630111005f,0.9909663173562661f,0.13233284047323562f,2.2686445263671877f,-0.03627620552757158f,0.13305987770031147f,-0.9904438933422224f,0.07573275390625003f,0f,0f,0f,1f], start_interpolation: 0, interpolation_duration: 1 }
$data merge entity $(bone_leftfoot) { transformation: [-0.9106895958282023f,0.05235191263671679f,-0.4097605853343426f,1.311801255465309f,0.018779285463767573f,0.9961582098353816f,0.08553455100155943f,0.2167998174514596f,0.41266426848921134f,0.0702004146771627f,-0.9081740490079083f,0.07788235844530778f,0f,0f,0f,1f], start_interpolation: 0, interpolation_duration: 1 }
$data merge entity $(bone_leftlowerleg) { transformation: [-0.9106895958282023f,0.05235191263671679f,-0.4097605853343426f,1.4328370797807275f,0.018779285463767573f,0.9961582098353816f,0.08553455100155943f,1.308770821939857f,0.41266426848921134f,0.0702004146771627f,-0.9081740490079083f,0.29529791284638585f,0f,0f,0f,1f], start_interpolation: 0, interpolation_duration: 1 }
$data merge entity $(bone_leftleg) { transformation: [-0.9334148340671943f,-0.2039846110659652f,-0.29517287475575915f,1.1964375963313283f,-0.0648674572863093f,0.905052118942412f,-0.42032472563847495f,2.2638440075348f,0.3528866114327958f,-0.3731902201908797f,-0.8580210364701799f,-0.06910432584314838f,0f,0f,0f,1f], start_interpolation: 0, interpolation_duration: 1 }
$data merge entity $(bone_rightfoot) { transformation: [-0.9880501255925588f,0.03659960264461705f,0.1497244749624615f,0.5529146798152436f,0.10611878578461563f,0.8660351922940268f,0.48859169969602123f,0.4447475399888803f,-0.1117844024009051f,0.49864166973339114f,-0.8595700859065352f,-0.3769827256741901f,0f,0f,0f,1f], start_interpolation: 0, interpolation_duration: 1 }
$data merge entity $(bone_rightlowerleg) { transformation: [-0.9880501255925588f,0.03659960264461705f,0.1497244749624615f,0.5705128534657113f,0.10611878578461563f,0.8660351922940268f,0.48859169969602123f,1.3304353543704588f,-0.1117844024009051f,0.49864166973339114f,-0.8595700859065352f,0.308267059766704f,0f,0f,0f,1f], start_interpolation: 0, interpolation_duration: 1 }
$data merge entity $(bone_rightleg) { transformation: [-0.9911642656105134f,0.11699318297805032f,0.06249794967385723f,0.7221504924591093f,0.08182277243213162f,0.9101500737218949f,-0.4061180582238971f,2.2794155121479327f,-0.10439555779960735f,-0.3974159514170181f,-0.9116809360028405f,-0.09479565139843173f,0f,0f,0f,1f], start_interpolation: 0, interpolation_duration: 1 }
data modify entity @s data merge value {"locators":{"lefthand":{"posx":1.3035123686516177,"posy":2.541854436337955,"posz":0.5774691073417624,"roty":71.87196959997581,"rotx":-75.4894375064896},"righthand":{"posx":0.6717905448076404,"posy":2.6143837603420184,"posz":0.24915756632993802,"roty":284.8446289526207,"rotx":-64.6009083088706},"chest":{"posx":0.6110078157538684,"posy":2.557817249668087,"posz":0.3362152023709311,"roty":6.3523022307027475,"rotx":12.473726649749596},"sack":{"posx":0,"posy":-0.4375,"posz":0,"roty":0,"rotx":0}},"cameras":{}}