# This file was generated by Animated Java via MC-Build. It is not recommended to edit this file directly.
$data merge entity $(bone_nose) { transformation: [-0.9886254225929413f,0.083196922325135f,0.12529184298490365f,0.16752065017576379f,0.12400600561288588f,0.9222950429004494f,0.3660524066485499f,3.922428329664461f,-0.08510161205796994f,0.37742565619852053f,-0.922121244559657f,0.44700502431676636f,0f,0f,0f,1f], start_interpolation: 0, interpolation_duration: 1 }
$data merge entity $(bone_glowing_eye) { transformation: [-0.9886254225929413f,0.083196922325135f,0.12529184298490365f,0.0452034427996916f,0.12400600561288588f,0.9222950429004494f,0.3660524066485499f,3.9876023209049007f,-0.08510161205796994f,0.37742565619852053f,-0.922121244559657f,0.4941001034723038f,0f,0f,0f,1f], start_interpolation: 0, interpolation_duration: 1 }
$data merge entity $(bone_head) { transformation: [-0.9886254225929413f,0.083196922325135f,0.12529184298490365f,0.18070927825557653f,0.12400600561288588f,0.9222950429004494f,0.3660524066485499f,3.8770913633460973f,-0.08510161205796994f,0.37742565619852053f,-0.922121244559657f,0.22772987009453025f,0f,0f,0f,1f], start_interpolation: 0, interpolation_duration: 1 }
$data merge entity $(bone_leftthumb2) { transformation: [0.06584330376230714f,0.7452317601741698f,0.6635467451335837f,-0.3566483812978243f,-0.9321075961345181f,0.2832849043306984f,-0.22566588622713163f,3.2545126387617067f,-0.3561461618184229f,-0.603638374033705f,0.7132885985461636f,1.0406133431621734f,0f,0f,0f,1f], start_interpolation: 0, interpolation_duration: 1 }
$data merge entity $(bone_leftthumb) { transformation: [0.06584330376230714f,0.7452317601741698f,0.6635467451335837f,-0.11718083538105717f,-0.9321075961345181f,0.2832849043306984f,-0.22566588622713163f,3.304701294439773f,-0.3561461618184229f,-0.603638374033705f,0.7132885985461636f,0.9535314196284712f,0f,0f,0f,1f], start_interpolation: 0, interpolation_duration: 1 }
$data merge entity $(bone_leftpointerfinger) { transformation: [0.06584330376230714f,0.7452317601741698f,0.6635467451335837f,-0.3378078643590723f,-0.9321075961345181f,0.2832849043306984f,-0.22566588622713163f,3.3031196151165787f,-0.3561461618184229f,-0.603638374033705f,0.7132885985461636f,1.2239891506140221f,0f,0f,0f,1f], start_interpolation: 0, interpolation_duration: 1 }
$data merge entity $(bone_leftmidfinger) { transformation: [0.06584330376230714f,0.7452317601741698f,0.6635467451335837f,-0.2341286854319498f,-0.9321075961345181f,0.2832849043306984f,-0.22566588622713163f,3.2678593203935895f,-0.3561461618184229f,-0.603638374033705f,0.7132885985461636f,1.3354404941368603f,0f,0f,0f,1f], start_interpolation: 0, interpolation_duration: 1 }
$data merge entity $(bone_leftringfinger) { transformation: [0.06584330376230714f,0.7452317601741698f,0.6635467451335837f,-0.13044950650482737f,-0.9321075961345181f,0.2832849043306984f,-0.22566588622713163f,3.2325990256706f,-0.3561461618184229f,-0.603638374033705f,0.7132885985461636f,1.4468918376596982f,0f,0f,0f,1f], start_interpolation: 0, interpolation_duration: 1 }
$data merge entity $(bone_invisibility) { transformation: [0.8002278377549955f,-0.5960705218609862f,-0.06584330376230693f,-0.26468835692001436f,0.2625388418167347f,0.24949706564578494f,0.9321075961345179f,3.1663857861971243f,-0.5391741501773719f,-0.7631848709208758f,0.35614616181842296f,1.0688985294085636f,0f,0f,0f,1f], start_interpolation: 0, interpolation_duration: 1 }
$data merge entity $(bone_swiftness) { transformation: [0.6635467451335837f,0.7452317601741698f,-0.06584330376230699f,-0.23776097330073773f,-0.22566588622713182f,0.2832849043306984f,0.9321075961345181f,3.0371647996074764f,0.7132885985461634f,-0.603638374033705f,0.35614616181842307f,1.2658337588134356f,0f,0f,0f,1f], start_interpolation: 0, interpolation_duration: 1 }
$data merge entity $(bone_suspicious_stew) { transformation: [0.9558363194049335f,-0.28642903109862083f,-0.06584330376230707f,-0.17520608096563162f,0.16137279017335956f,0.3242441238017963f,0.9321075961345183f,3.110794452639036f,-0.24563337130384955f,-0.9015676116209534f,0.3561461618184229f,1.2309356904187991f,0f,0f,0f,1f], start_interpolation: 0, interpolation_duration: 1 }
$data merge entity $(bone_log) { transformation: [0.06584330376230714f,0.7452317601741698f,0.6635467451335837f,-0.04477554753800739f,-0.9321075961345181f,0.2832849043306984f,-0.22566588622713163f,3.048241890125865f,-0.3561461618184229f,-0.603638374033705f,0.7132885985461636f,1.1555275940509604f,0f,0f,0f,1f], start_interpolation: 0, interpolation_duration: 1 }
$data merge entity $(bone_planks) { transformation: [0.06584330376230714f,0.7452317601741698f,0.6635467451335837f,-0.038602737810291055f,-0.9321075961345181f,0.2832849043306984f,-0.22566588622713163f,2.960856802988254f,-0.3561461618184229f,-0.603638374033705f,0.7132885985461636f,1.1221388913804833f,0f,0f,0f,1f], start_interpolation: 0, interpolation_duration: 1 }
$data merge entity $(bone_lefthand1) { transformation: [0.06584330376230714f,0.7452317601741698f,0.6635467451335837f,0.10433573077953384f,-0.9321075961345181f,0.2832849043306984f,-0.22566588622713163f,3.3591420741867672f,-0.3561461618184229f,-0.603638374033705f,0.7132885985461636f,1.0713642722925723f,0f,0f,0f,1f], start_interpolation: 0, interpolation_duration: 1 }
$data merge entity $(bone_leftforearm) { transformation: [-0.19239373610132787f,0.9630423619201804f,0.18850479955739202f,0.7526921802117343f,-0.7400624270187093f,-0.016244026281424462f,-0.6723419782561146f,3.293096823193197f,-0.6444317298396706f,-0.26885970459957037f,0.7158367165900903f,0.8335547474503611f,0f,0f,0f,1f], start_interpolation: 0, interpolation_duration: 1 }
$data merge entity $(bone_leftelbow) { transformation: [-0.19239373610132787f,0.9630423619201804f,0.18850479955739202f,0.9332626230717681f,-0.7400624270187093f,-0.016244026281424462f,-0.6723419782561146f,3.29005106826543f,-0.6444317298396706f,-0.26885970459957037f,0.7158367165900903f,0.7831435528379416f,0f,0f,0f,1f], start_interpolation: 0, interpolation_duration: 1 }
$data merge entity $(bone_leftarm) { transformation: [-0.23145848760091298f,0.004905005053644662f,0.9728324159087842f,0.7895175212453123f,-0.7982969171350339f,0.5705668838069005f,-0.19280939602515132f,3.3633502399116004f,-0.5560116910733072f,-0.8212364897082365f,-0.12814689758825465f,0.3297955943964024f,0f,0f,0f,1f], start_interpolation: 0, interpolation_duration: 1 }
$data merge entity $(bone_rightthumb2) { transformation: [-0.04224164514635796f,-0.7029275868423939f,-0.7100059514336887f,0.6584452136370003f,0.7975399482022418f,0.4043114470003966f,-0.44773014734995326f,3.276395103809738f,0.6017854056363406f,-0.5851709677353907f,0.5435340505274082f,0.9503958526727784f,0f,0f,0f,1f], start_interpolation: 0, interpolation_duration: 1 }
$data merge entity $(bone_rightthumb) { transformation: [-0.04224164514635796f,-0.7029275868423939f,-0.7100059514336887f,0.42538216132615997f,0.7975399482022418f,0.4043114470003966f,-0.44773014734995326f,3.337287554783574f,0.6017854056363406f,-0.5851709677353907f,0.5435340505274082f,0.8533361227408778f,0f,0f,0f,1f], start_interpolation: 0, interpolation_duration: 1 }
$data merge entity $(bone_rightpointerfinger) { transformation: [-0.04224164514635796f,-0.7029275868423939f,-0.7100059514336887f,0.6181285668474834f,0.7975399482022418f,0.4043114470003966f,-0.44773014734995326f,3.27086644241416f,0.6017854056363406f,-0.5851709677353907f,0.5435340505274082f,1.1366437838889998f,0f,0f,0f,1f], start_interpolation: 0, interpolation_duration: 1 }
$data merge entity $(bone_rightmidfinger) { transformation: [-0.04224164514635796f,-0.7029275868423939f,-0.7100059514336887f,0.5071901369359696f,0.7975399482022418f,0.4043114470003966f,-0.44773014734995326f,3.2009086068907298f,0.6017854056363406f,-0.5851709677353907f,0.5435340505274082f,1.2215709792839073f,0f,0f,0f,1f], start_interpolation: 0, interpolation_duration: 1 }
$data merge entity $(bone_rightringfinger) { transformation: [-0.04224164514635796f,-0.7029275868423939f,-0.7100059514336887f,0.39625170702445567f,0.7975399482022418f,0.4043114470003966f,-0.44773014734995326f,3.1309507713672997f,0.6017854056363406f,-0.5851709677353907f,0.5435340505274082f,1.306498174678815f,0f,0f,0f,1f], start_interpolation: 0, interpolation_duration: 1 }
$data merge entity $(bone_hugeasssword) { transformation: [-0.16544644348990203f,-2.753133048466043f,-2.780856643115281f,0.38672225084176104f,3.1236981304587808f,1.5835531674182202f,-1.753609743787317f,3.078183604373808f,2.3569928387423342f,-2.2919196236302803f,2.128841697899016f,0.9343661585510123f,0f,0f,0f,1f], start_interpolation: 0, interpolation_duration: 1 }
$data merge entity $(bone_ice) { transformation: [-0.04224164514635796f,-0.7029275868423939f,-0.7100059514336887f,0.39836552009158527f,0.7975399482022418f,0.4043114470003966f,-0.44773014734995326f,3.0594046763237666f,0.6017854056363406f,-0.5851709677353907f,0.5435340505274082f,0.93410655795881f,0f,0f,0f,1f], start_interpolation: 0, interpolation_duration: 1 }
$data merge entity $(bone_righthand1) { transformation: [-0.04224164514635796f,-0.7029275868423939f,-0.7100059514336887f,0.18988552611209453f,0.7975399482022418f,0.4043114470003966f,-0.44773014734995326f,3.3458759580197404f,0.6017854056363406f,-0.5851709677353907f,0.5435340505274082f,0.955245606513029f,0f,0f,0f,1f], start_interpolation: 0, interpolation_duration: 1 }
$data merge entity $(bone_rightforearm) { transformation: [-0.1481258075013165f,-0.8631333215725855f,-0.4827624823276536f,-0.38884941728118105f,0.8662039242994899f,0.12232709067223965f,-0.48448616535029077f,3.393761396360487f,0.4772310831036123f,-0.4899356611625048f,0.7295296712547148f,0.5716708969439839f,0f,0f,0f,1f], start_interpolation: 0, interpolation_duration: 1 }
$data merge entity $(bone_rightelbow) { transformation: [-0.1481258075013165f,-0.8631333215725855f,-0.4827624823276536f,-0.5506869150760408f,0.8662039242994899f,0.12232709067223965f,-0.48448616535029077f,3.416697725861532f,0.4772310831036123f,-0.4899356611625048f,0.7295296712547148f,0.4798079604760142f,0f,0f,0f,1f], start_interpolation: 0, interpolation_duration: 1 }
$data merge entity $(bone_rightarm) { transformation: [-0.18263272920435755f,-0.011873806770640566f,-0.9831095050583842f,-0.47064947074475555f,0.9043113188685727f,0.39037489967322553f,-0.17270922462712263f,3.382922191924373f,0.38583199036569105f,-0.920579410163997f,-0.06055761547944982f,0.021078134614912356f,0f,0f,0f,1f], start_interpolation: 0, interpolation_duration: 1 }
$data merge entity $(bone_chest1) { transformation: [-1.0530261384014648f,-0.1024817497877239f,0.23290460260556606f,0.2267984924302396f,-0.026230565885935867f,1.0300220728247238f,0.33463053957801536f,3.283914599672607f,-0.2530988351765252f,0.3196296787931566f,-1.0036876800967423f,-0.05714966892958748f,0f,0f,0f,1f], start_interpolation: 0, interpolation_duration: 1 }
$data merge entity $(bone_chest1lid) { transformation: [-0.9720241277551982f,-0.0945985382655913f,0.21498886394359945f,-0.1245526639506559f,-0.024212830048556188f,0.9507896056843606f,0.308889728841245f,2.5049565913786744f,-0.2336296940091002f,0.2950427804244523f,-0.926480935473916f,0.023986011477393182f,0f,0f,0f,1f], start_interpolation: 0, interpolation_duration: 1 }
$data merge entity $(bone_chest2) { transformation: [-0.9720241277551982f,-0.0945985382655913f,0.21498886394359945f,-0.10977164234665726f,-0.024212830048556188f,0.9507896056843606f,0.308889728841245f,2.356395715490493f,-0.2336296940091002f,0.2950427804244523f,-0.926480935473916f,-0.022114422963927488f,0f,0f,0f,1f], start_interpolation: 0, interpolation_duration: 1 }
$data merge entity $(bone_chest1lid3) { transformation: [-0.9720241277551982f,-0.0945985382655913f,0.21498886394359945f,0.0739260849979124f,-0.024212830048556188f,0.9507896056843606f,0.308889728841245f,2.7043523757956316f,-0.2336296940091002f,0.2950427804244523f,-0.926480935473916f,-0.5549389819350155f,0f,0f,0f,1f], start_interpolation: 0, interpolation_duration: 1 }
$data merge entity $(bone_chest3) { transformation: [-0.9720241277551982f,-0.0945985382655913f,0.21498886394359945f,0.08870710660191103f,-0.024212830048556188f,0.9507896056843606f,0.308889728841245f,2.5557914999074502f,-0.2336296940091002f,0.2950427804244523f,-0.926480935473916f,-0.6010394163763362f,0f,0f,0f,1f], start_interpolation: 0, interpolation_duration: 1 }
$data merge entity $(bone_hugeasssword2) { transformation: [-0.8420397171124321f,2.556570930301561f,-2.845205084158258f,-1.0235912656968262f,-1.2098181046282095f,2.5857665620019494f,2.6814975700761328f,4.439119259649286f,3.628716997272838f,1.4553467432015665f,0.23378748583611184f,-0.2481084222466351f,0f,0f,0f,1f], start_interpolation: 0, interpolation_duration: 1 }
$data merge entity $(bone_belt) { transformation: [-0.9720241277551982f,-0.0945985382655913f,0.21498886394359945f,0.2674700661970349f,-0.024212830048556188f,0.9507896056843606f,0.308889728841245f,2.865527644991132f,-0.2336296940091002f,0.2950427804244523f,-0.926480935473916f,-0.04591252193819134f,0f,0f,0f,1f], start_interpolation: 0, interpolation_duration: 1 }
$data merge entity $(bone_torn_part) { transformation: [-0.9705297758731949f,-0.14185107970835054f,0.19480817572448372f,0.17367889000823825f,-0.053555510679555884f,0.9151429913297501f,0.3995561446103528f,2.5796639423417647f,-0.23495480718508005f,0.3773480841419662f,-0.8957704292814145f,-0.1388098602961898f,0f,0f,0f,1f], start_interpolation: 0, interpolation_duration: 1 }
$data merge entity $(bone_lowerbody) { transformation: [-0.9705297758731949f,-0.07670583096859197f,0.22844730166702332f,0.2737858056640626f,-0.053555510679555884f,0.9929362331015213f,0.10587466302195879f,2.085173203125f,-0.23495480718508005f,0.09051990106920771f,-0.9677821997180165f,-0.023969853515624834f,0f,0f,0f,1f], start_interpolation: 0, interpolation_duration: 1 }
$data merge entity $(bone_leftfoot) { transformation: [-0.9357954430777584f,-0.21522526743629736f,-0.27922208539418253f,1.0494546098986024f,-0.2978666703721575f,0.9063548236159247f,0.29966044181631796f,0.19639717661755418f,0.18857978522711896f,0.36359182879311347f,-0.9122711475425347f,-0.36007905053781497f,0f,0f,0f,1f], start_interpolation: 0, interpolation_duration: 1 }
$data merge entity $(bone_leftlowerleg) { transformation: [-0.9357954430777584f,-0.21522526743629736f,-0.27922208539418253f,0.8535903306606525f,-0.2978666703721575f,0.9063548236159247f,0.29966044181631796f,1.1558430431958262f,0.18857978522711896f,0.36359182879311347f,-0.9122711475425347f,0.18344710516318527f,0f,0f,0f,1f], start_interpolation: 0, interpolation_duration: 1 }
$data merge entity $(bone_leftleg) { transformation: [-0.9583562925574118f,-0.27479684177757535f,0.07771687245819106f,0.5397903865278567f,-0.28531287335752475f,0.9096752670822252f,-0.301807012435688f,2.1035864066301047f,0.012238497133452347f,-0.3114122736951014f,-0.9501960929092278f,-0.12762618893549435f,0f,0f,0f,1f], start_interpolation: 0, interpolation_duration: 1 }
$data merge entity $(bone_rightfoot) { transformation: [-0.796428761511333f,-0.028099641193390756f,0.6040791653436883f,-0.25928777641316225f,0.23971439538354683f,0.9024178286111131f,0.3580210486140496f,0.7007258459136539f,-0.5551920717044014f,0.42994473222683605f,-0.7119756251073266f,0.06887290402061108f,0f,0f,0f,1f], start_interpolation: 0, interpolation_duration: 1 }
$data merge entity $(bone_rightlowerleg) { transformation: [-0.796428761511333f,-0.028099641193390756f,0.6040791653436883f,-0.3832749367707895f,0.23971439538354683f,0.9024178286111131f,0.3580210486140496f,1.6468372567516465f,-0.5551920717044014f,0.42994473222683605f,-0.7119756251073266f,0.6552347812391381f,0f,0f,0f,1f], start_interpolation: 0, interpolation_duration: 1 }
$data merge entity $(bone_rightleg) { transformation: [-0.9130278608970801f,0.3968186219861044f,0.09441984150988392f,0.053218032810278704f,0.07367222470388057f,0.38809992743476135f,-0.9186679757302492f,2.0411507903275625f,-0.4011888938304292f,-0.831813336975419f,-0.38358055724571655f,-0.2077075999994815f,0f,0f,0f,1f], start_interpolation: 0, interpolation_duration: 1 }
data modify entity @s data merge value {"locators":{"lefthand":{"posx":-0.11953750642204289,"posy":3.1170213735849392,"posz":1.224930410340537,"roty":137.06906316105568,"rotx":-13.042037747471296},"righthand":{"posx":0.41648245239467796,"posy":3.134852463660689,"posz":0.9911745165685917,"roty":232.56469762131422,"rotx":-26.59814556106683},"chest":{"posx":-0.1826080192925938,"posy":2.39651156995294,"posz":0.1430075559308799,"roty":13.06420866188256,"rotx":17.992333137576594},"sack":{"posx":0,"posy":-0.4375,"posz":0,"roty":0,"rotx":0}},"cameras":{}}