# This file was generated by Animated Java via MC-Build. It is not recommended to edit this file directly.
$data merge entity $(bone_nose) { transformation: [-0.9849627605153812f,-0.11632456325385226f,-0.12773784240279037f,-0.6478090965286087f,-0.11709550892942572f,0.9931195504105346f,-0.001483368105509586f,4.005195628223674f,0.127031500764489f,0.01349646532163834f,-0.9918068578293575f,0.6044591955040429f,0f,0f,0f,1f], start_interpolation: 0, interpolation_duration: 1 }
$data merge entity $(bone_glowing_eye) { transformation: [-0.9849627605153812f,-0.11632456325385226f,-0.12773784240279037f,-0.7743480678155967f,-0.11709550892942572f,0.9931195504105346f,-0.001483368105509586f,4.057852715323782f,0.127031500764489f,0.01349646532163834f,-0.9918068578293575f,0.6558616736439012f,0f,0f,0f,1f], start_interpolation: 0, interpolation_duration: 1 }
$data merge entity $(bone_head) { transformation: [-0.9849627605153812f,-0.11632456325385226f,-0.12773784240279037f,-0.6573652526514178f,-0.11709550892942572f,0.9931195504105346f,-0.001483368105509586f,3.8822905615429786f,0.127031500764489f,0.01349646532163834f,-0.9918068578293575f,0.41707190097974484f,0f,0f,0f,1f], start_interpolation: 0, interpolation_duration: 1 }
$data merge entity $(bone_leftthumb2) { transformation: [0.3492901980133158f,0.8875453927905034f,0.3004322441219809f,-1.0532335425440336f,-0.6758473231935027f,0.46071549686470153f,-0.5753013355458934f,3.2086386540118834f,-0.6490198404548169f,-0.002099210580707521f,0.7607685850578625f,0.6584302281916381f,0f,0f,0f,1f], start_interpolation: 0, interpolation_duration: 1 }
$data merge entity $(bone_leftthumb) { transformation: [0.3492901980133158f,0.8875453927905034f,0.3004322441219809f,-0.8098955030505542f,-0.6758473231935027f,0.46071549686470153f,-0.5753013355458934f,3.2724618603693116f,-0.6490198404548169f,-0.002099210580707521f,0.7607685850578625f,0.7229287938983812f,0f,0f,0f,1f], start_interpolation: 0, interpolation_duration: 1 }
$data merge entity $(bone_leftpointerfinger) { transformation: [0.3492901980133158f,0.8875453927905034f,0.3004322441219809f,-1.1252421890244266f,-0.6758473231935027f,0.46071549686470153f,-0.5753013355458934f,3.168243138831157f,-0.6490198404548169f,-0.002099210580707521f,0.7607685850578625f,0.8302651698445087f,0f,0f,0f,1f], start_interpolation: 0, interpolation_duration: 1 }
$data merge entity $(bone_leftmidfinger) { transformation: [0.3492901980133158f,0.8875453927905034f,0.3004322441219809f,-1.0782996508803673f,-0.6758473231935027f,0.46071549686470153f,-0.5753013355458934f,3.0783523051521113f,-0.6490198404548169f,-0.002099210580707521f,0.7607685850578625f,0.9491352612597997f,0f,0f,0f,1f], start_interpolation: 0, interpolation_duration: 1 }
$data merge entity $(bone_leftringfinger) { transformation: [0.3492901980133158f,0.8875453927905034f,0.3004322441219809f,-1.0313571127363077f,-0.6758473231935027f,0.46071549686470153f,-0.5753013355458934f,2.9884614714730655f,-0.6490198404548169f,-0.002099210580707521f,0.7607685850578625f,1.0680053526750908f,0f,0f,0f,1f], start_interpolation: 0, interpolation_duration: 1 }
$data merge entity $(bone_invisibility) { transformation: [0.9103524099954521f,-0.22193433079920388f,-0.3492901980133156f,-0.9720635071892806f,0.4088215201020976f,0.6132661416005186f,0.6758473231935025f,3.109890689937761f,0.06421412863912383f,-0.7580565891667469f,0.649019840454817f,0.6845703303189075f,0f,0f,0f,1f], start_interpolation: 0, interpolation_duration: 1 }
$data merge entity $(bone_swiftness) { transformation: [0.30043224412198094f,0.8875453927905034f,-0.34929019801331573f,-1.0177289598843444f,-0.5753013355458935f,0.46071549686470153f,0.6758473231935026f,2.9044327960586136f,0.7607685850578624f,-0.002099210580707521f,0.6490198404548171f,0.7936957270761746f,0f,0f,0f,1f], start_interpolation: 0, interpolation_duration: 1 }
$data merge entity $(bone_suspicious_stew) { transformation: [0.9313574536162245f,0.10280880879244164f,-0.34929019801331573f,-0.957336151703464f,0.17441719201142994f,0.7161068627397909f,0.6758473231935028f,2.980425650607373f,0.3196121661081604f,-0.690377657497441f,0.649019840454817f,0.8273128405132273f,0f,0f,0f,1f], start_interpolation: 0, interpolation_duration: 1 }
$data merge entity $(bone_log) { transformation: [0.3492901980133158f,0.8875453927905034f,0.3004322441219809f,-0.7995642600976849f,-0.6758473231935027f,0.46071549686470153f,-0.5753013355458934f,2.947687151062356f,-0.6490198404548169f,-0.002099210580707521f,0.7607685850578625f,0.8018658565725871f,0f,0f,0f,1f], start_interpolation: 0, interpolation_duration: 1 }
$data merge entity $(bone_planks) { transformation: [0.3492901980133158f,0.8875453927905034f,0.3004322441219809f,-0.7668183040339365f,-0.6758473231935027f,0.46071549686470153f,-0.5753013355458934f,2.8843264645129656f,-0.6490198404548169f,-0.002099210580707521f,0.7607685850578625f,0.741020246529948f,0f,0f,0f,1f], start_interpolation: 0, interpolation_duration: 1 }
$data merge entity $(bone_lefthand1) { transformation: [0.3492901980133158f,0.8875453927905034f,0.3004322441219809f,-0.6743889690321999f,-0.6758473231935027f,0.46071549686470153f,-0.5753013355458934f,3.2498060228127166f,-0.6490198404548169f,-0.002099210580707521f,0.7607685850578625f,0.9398219957580563f,0f,0f,0f,1f], start_interpolation: 0, interpolation_duration: 1 }
$data merge entity $(bone_leftforearm) { transformation: [0.20215246578537774f,0.953834003504193f,0.22211500250107985f,0.0035145658550691794f,-0.8807378743215325f,0.2762430007218642f,-0.38469546564492896f,3.400146577265612f,-0.42829333092225497f,-0.1178579582011464f,0.895920936453757f,0.8195702751852344f,0f,0f,0f,1f], start_interpolation: 0, interpolation_duration: 1 }
$data merge entity $(bone_leftelbow) { transformation: [0.20215246578537774f,0.953834003504193f,0.22211500250107985f,0.18235844151210537f,-0.8807378743215325f,0.2762430007218642f,-0.38469546564492896f,3.4519421399009618f,-0.42829333092225497f,-0.1178579582011464f,0.895920936453757f,0.7974719080225194f,0f,0f,0f,1f], start_interpolation: 0, interpolation_duration: 1 }
$data merge entity $(bone_leftarm) { transformation: [0.18362094507993834f,-0.30384280583573836f,0.9348598279259923f,-0.01543266955806255f,-0.9248752396733038f,0.26876999297826315f,0.2690139065433485f,3.3186653513777555f,-0.3330002095602933f,-0.9140252951731317f,-0.23166488775054056f,0.37642587410083417f,0f,0f,0f,1f], start_interpolation: 0, interpolation_duration: 1 }
$data merge entity $(bone_rightthumb2) { transformation: [0.004050996456658677f,-0.9958240878012304f,0.09120293626059761f,-0.716227232286376f,0.9693285500389285f,-0.018501719765191226f,-0.2450711089564807f,3.9630647417174685f,0.24573512469147923f,0.08939839215879003f,0.9652057687209944f,0.4355705060784865f,0f,0f,0f,1f], start_interpolation: 0, interpolation_duration: 1 }
$data merge entity $(bone_rightthumb) { transformation: [0.004050996456658677f,-0.9958240878012304f,0.09120293626059761f,-0.9526516462134792f,0.9693285500389285f,-0.018501719765191226f,-0.2450711089564807f,3.937584169414305f,0.24573512469147923f,0.08939839215879003f,0.9652057687209944f,0.539978863247963f,0f,0f,0f,1f], start_interpolation: 0, interpolation_duration: 1 }
$data merge entity $(bone_rightpointerfinger) { transformation: [0.004050996456658677f,-0.9958240878012304f,0.09120293626059761f,-0.6211786520290378f,0.9693285500389285f,-0.018501719765191226f,-0.2450711089564807f,4.038187648140431f,0.24573512469147923f,0.08939839215879003f,0.9652057687209944f,0.5827663154927871f,0f,0f,0f,1f], start_interpolation: 0, interpolation_duration: 1 }
$data merge entity $(bone_rightmidfinger) { transformation: [0.004050996456658677f,-0.9958240878012304f,0.09120293626059761f,-0.6069281932383195f,0.9693285500389285f,-0.018501719765191226f,-0.2450711089564807f,3.9998952873659808f,0.24573512469147923f,0.08939839215879003f,0.9652057687209944f,0.7335797168554425f,0f,0f,0f,1f], start_interpolation: 0, interpolation_duration: 1 }
$data merge entity $(bone_rightringfinger) { transformation: [0.004050996456658677f,-0.9958240878012304f,0.09120293626059761f,-0.5926777344476011f,0.9693285500389285f,-0.018501719765191226f,-0.2450711089564807f,3.9616029265915307f,0.24573512469147923f,0.08939839215879003f,0.9652057687209944f,0.8843931182180979f,0f,0f,0f,1f], start_interpolation: 0, interpolation_duration: 1 }
$data merge entity $(bone_hugeasssword) { transformation: [0.01586640278857982f,-3.9003110105548195f,0.35721150035400734f,-0.8117060528858162f,3.7965368209858035f,-0.0724650690803323f,-0.9598618434128828f,3.7424884655120314f,0.9624625717082937f,0.3501437026219276f,3.780389260823895f,0.671384032630257f,0f,0f,0f,1f], start_interpolation: 0, interpolation_duration: 1 }
$data merge entity $(bone_ice) { transformation: [0.004050996456658677f,-0.9958240878012304f,0.09120293626059761f,-0.7962095983335573f,0.9693285500389285f,-0.018501719765191226f,-0.2450711089564807f,3.727631796289004f,0.24573512469147923f,0.08939839215879003f,0.9652057687209944f,0.6661475714294716f,0f,0f,0f,1f], start_interpolation: 0, interpolation_duration: 1 }
$data merge entity $(bone_righthand1) { transformation: [0.004050996456658677f,-0.9958240878012304f,0.09120293626059761f,-1.0413027794115566f,0.9693285500389285f,-0.018501719765191226f,-0.2450711089564807f,3.9576800317025485f,0.24573512469147923f,0.08939839215879003f,0.9652057687209944f,0.78009363091457f,0f,0f,0f,1f], start_interpolation: 0, interpolation_duration: 1 }
$data merge entity $(bone_rightforearm) { transformation: [-0.4392113214593634f,-0.8725786159214699f,-0.21377552277679185f,-1.629139873873327f,0.8906620375648354f,-0.45406044948308566f,0.023457260199649888f,3.6044002059037807f,-0.11753531359883226f,-0.18009904844776076f,0.976601138032019f,0.6583034822755874f,0f,0f,0f,1f], start_interpolation: 0, interpolation_duration: 1 }
$data merge entity $(bone_rightelbow) { transformation: [-0.4392113214593634f,-0.8725786159214699f,-0.21377552277679185f,-1.7927483643586024f,0.8906620375648354f,-0.45406044948308566f,0.023457260199649888f,3.5192638716257023f,-0.11753531359883226f,-0.18009904844776076f,0.976601138032019f,0.6245349106916323f,0f,0f,0f,1f], start_interpolation: 0, interpolation_duration: 1 }
$data merge entity $(bone_rightarm) { transformation: [-0.43783533325512913f,0.6556487808076262f,-0.6151624965639919f,-1.3685995137857543f,0.8792328320870854f,0.16936977054537836f,-0.4452679056540335f,3.444473923732963f,-0.18774942858366683f,-0.7358250859075678f,-0.6506240043340142f,0.4800525344659391f,0f,0f,0f,1f], start_interpolation: 0, interpolation_duration: 1 }
$data merge entity $(bone_chest1) { transformation: [-1.0745929692330063f,0.05279606036555667f,-0.1267818504202328f,-0.6768539556172138f,0.016364503703164075f,1.0421826139245711f,0.2952942826453102f,3.2599507963489787f,0.13635712157658256f,0.2909967119304542f,-1.0345717762205406f,0.1977810904047667f,0f,0f,0f,1f], start_interpolation: 0, interpolation_duration: 1 }
$data merge entity $(bone_chest1lid) { transformation: [-0.9919319715996983f,0.04873482495282154f,-0.11702940038790721f,-1.0030381027314075f,0.01510569572599761f,0.962014720545758f,0.2725793378264402f,2.5009543512214525f,0.12586811222453775f,0.26861234947426543f,-0.9549893318958838f,0.4308787327474365f,0f,0f,0f,1f], start_interpolation: 0, interpolation_duration: 1 }
$data merge entity $(bone_chest2) { transformation: [-0.9919319715996983f,0.04873482495282154f,-0.11702940038790721f,-1.0106529191302858f,0.01510569572599761f,0.962014720545758f,0.2725793378264402f,2.3506395511361777f,0.12586811222453775f,0.26861234947426543f,-0.9549893318958838f,0.38890805314208254f,0f,0f,0f,1f], start_interpolation: 0, interpolation_duration: 1 }
$data merge entity $(bone_chest1lid3) { transformation: [-0.9919319715996983f,0.04873482495282154f,-0.11702940038790721f,-1.0160143141299294f,0.01510569572599761f,0.962014720545758f,0.2725793378264402f,2.674631383533641f,0.12586811222453775f,0.26861234947426543f,-0.9549893318958838f,-0.1887780650123976f,0f,0f,0f,1f], start_interpolation: 0, interpolation_duration: 1 }
$data merge entity $(bone_chest3) { transformation: [-0.9919319715996983f,0.04873482495282154f,-0.11702940038790721f,-1.0236291305288077f,0.01510569572599761f,0.962014720545758f,0.2725793378264402f,2.5243165834483663f,0.12586811222453775f,0.26861234947426543f,-0.9549893318958838f,-0.23074874461775158f,0f,0f,0f,1f], start_interpolation: 0, interpolation_duration: 1 }
$data merge entity $(bone_hugeasssword2) { transformation: [0.4583651515193024f,2.9933271202345035f,-2.483983075006566f,-1.8734232254351881f,-1.0676024064868908f,2.501929997530268f,2.8179512357206207f,4.467002692932262f,3.740374883258878f,0.34729931831862865f,1.1087184917549309f,0.4115222904839186f,0f,0f,0f,1f], start_interpolation: 0, interpolation_duration: 1 }
$data merge entity $(bone_belt) { transformation: [-0.9919319715996983f,0.04873482495282154f,-0.11702940038790721f,-0.6491767162210195f,0.01510569572599761f,0.962014720545758f,0.2725793378264402f,2.840586339392177f,0.12586811222453775f,0.26861234947426543f,-0.9549893318958838f,0.21176382595777182f,0f,0f,0f,1f], start_interpolation: 0, interpolation_duration: 1 }
$data merge entity $(bone_torn_part) { transformation: [-0.9718598481385694f,0.07179610884059433f,-0.22435185386224554f,-0.7811547933732752f,-0.01842234354433369f,0.926336934205616f,0.3762452678571181f,2.5570525355315903f,0.23483835469192718f,0.36979075580913257f,-0.8989470196200102f,0.17925880906598854f,0f,0f,0f,1f], start_interpolation: 0, interpolation_duration: 1 }
$data merge entity $(bone_lowerbody) { transformation: [-0.9718598481385694f,0.0010092624131270626f,-0.23555767227041938f,-0.653614111328125f,-0.01842234354433369f,0.9966023703367152f,0.08027660118350352f,2.0609404443359374f,0.23483835469192718f,0.08235712979834947f,-0.9685392353110773f,0.25231276367187494f,0f,0f,0f,1f], start_interpolation: 0, interpolation_duration: 1 }
$data merge entity $(bone_leftfoot) { transformation: [-0.6199223947354306f,0.33339463392530444f,-0.710312777989599f,-0.1685082252949025f,-0.10642008514761854f,0.8611578227195363f,0.497073404887167f,0.8356355506888639f,0.77741301119975f,0.3837384818320414f,-0.49837113437535424f,0.22443024216405538f,0f,0f,0f,1f], start_interpolation: 0, interpolation_duration: 1 }
$data merge entity $(bone_leftlowerleg) { transformation: [-0.6199223947354306f,0.33339463392530444f,-0.710312777989599f,0.3104878974356803f,-0.10642008514761854f,0.8611578227195363f,0.497073404887167f,1.7146093563035827f,0.77741301119975f,0.3837384818320414f,-0.49837113437535424f,0.7267126648695366f,0f,0f,0f,1f], start_interpolation: 0, interpolation_duration: 1 }
$data merge entity $(bone_leftleg) { transformation: [-0.699194905311668f,-0.7046114768778118f,-0.12103367728973896f,-0.44433718188508686f,-0.1557019756417877f,0.31530738870545666f,-0.9361293422433622f,2.023245390081284f,0.6977702911183967f,-0.6356916841361187f,-0.33017071879973414f,0.08173405918475157f,0f,0f,0f,1f], start_interpolation: 0, interpolation_duration: 1 }
$data merge entity $(bone_rightfoot) { transformation: [-0.9328117097376804f,0.319623534253848f,0.16644251418236025f,-1.4639572836588033f,0.3501177085390611f,0.9131853544841996f,0.20859074409696116f,0.18621630749031826f,-0.08532235547394937f,0.25285036030554947f,-0.9637358512319292f,0.24959686205248527f,0f,0f,0f,1f], start_interpolation: 0, interpolation_duration: 1 }
$data merge entity $(bone_rightlowerleg) { transformation: [-0.9328117097376804f,0.319623534253848f,0.16644251418236025f,-1.1349480894640607f,0.3501177085390611f,0.9131853544841996f,0.20859074409696116f,1.1672322548752345f,-0.08532235547394937f,0.25285036030554947f,-0.9637358512319292f,0.678176527713891f,0f,0f,0f,1f], start_interpolation: 0, interpolation_duration: 1 }
$data merge entity $(bone_rightleg) { transformation: [-0.9652166482191544f,0.1624469097008072f,-0.20486049772769532f,-0.9390102959873999f,0.2430476364402455f,0.8462761650589538f,-0.4740722506896188f,2.0513043356974827f,0.09635698428962758f,-0.5073732885970331f,-0.8563221809557663f,0.15462732299863177f,0f,0f,0f,1f], start_interpolation: 0, interpolation_duration: 1 }
data modify entity @s data merge value {"locators":{"lefthand":{"posx":-0.9063439537875972,"posy":2.984043522787097,"posz":0.8509884583003149,"roty":158.4506283599537,"rotx":-35.12073763887532},"righthand":{"posx":-0.7816951119229232,"posy":3.8226246733039297,"posz":0.6727070493555511,"roty":174.60211053600904,"rotx":-14.186036084280916},"chest":{"posx":-1.018796059592839,"posy":2.3987099626433985,"posz":0.5672409225210435,"roty":353.0135086071752,"rotx":15.817810302681691},"sack":{"posx":0,"posy":-0.4375,"posz":0,"roty":0,"rotx":0}},"cameras":{}}