# This file was generated by Animated Java via MC-Build. It is not recommended to edit this file directly.
$data merge entity $(bone_nose) { transformation: [-0.9941001089496516f,-0.019879000477231526f,0.10662925830332495f,-0.2593272270576382f,0.02889727695422821f,0.8989931525831023f,0.43700830540542995f,3.5657370492024527f,-0.10454626139141272f,0.43751129922405574f,-0.893114741945489f,0.9736803966036653f,0f,0f,0f,1f], start_interpolation: 0, interpolation_duration: 1 }
$data merge entity $(bone_glowing_eye) { transformation: [-0.9941001089496516f,-0.019879000477231526f,0.10662925830332495f,-0.3886566051373131f,0.02889727695422821f,0.8989931525831023f,0.43700830540542995f,3.614968671623659f,-0.10454626139141272f,0.43751129922405574f,-0.893114741945489f,1.0214009807834152f,0f,0f,0f,1f], start_interpolation: 0, interpolation_duration: 1 }
$data merge entity $(bone_head) { transformation: [-0.9941001089496516f,-0.019879000477231526f,0.10662925830332495f,-0.23690576843699707f,0.02889727695422821f,0.8989931525831023f,0.43700830540542995f,3.5365641743037872f,-0.10454626139141272f,0.43751129922405574f,-0.893114741945489f,0.7524176675952866f,0f,0f,0f,1f], start_interpolation: 0, interpolation_duration: 1 }
$data merge entity $(bone_leftthumb2) { transformation: [-0.266733633921402f,0.5325825391691204f,0.8032490320612009f,0.5420939898061677f,0.12376781945949744f,0.845472309012879f,-0.5194786824872341f,2.3117109718155944f,-0.9557900896124237f,-0.039146055543355485f,-0.2914324809180883f,0.6290093113133308f,0f,0f,0f,1f], start_interpolation: 0, interpolation_duration: 1 }
$data merge entity $(bone_leftthumb) { transformation: [-0.266733633921402f,0.5325825391691204f,0.8032490320612009f,0.7413495173257209f,0.12376781945949744f,0.845472309012879f,-0.5194786824872341f,2.4746633650500325f,-0.9557900896124237f,-0.039146055543355485f,-0.2914324809180883f,0.594503943548682f,0f,0f,0f,1f], start_interpolation: 0, interpolation_duration: 1 }
$data merge entity $(bone_leftpointerfinger) { transformation: [0.59459682549318f,-0.035293166564887235f,0.8032490320612009f,0.5984654529515174f,0.6703165880716917f,-0.5299222303293701f,-0.5194786824872341f,2.1505802404819767f,0.44399356624770914f,0.8473115260614419f,-0.2914324809180883f,0.6175205549444986f,0f,0f,0f,1f], start_interpolation: 0, interpolation_duration: 1 }
$data merge entity $(bone_leftmidfinger) { transformation: [0.5941166498674965f,0.04261923090538769f,0.8032490320612009f,0.7191337495750207f,0.7337506676349536f,-0.4378948003648682f,-0.5194786824872341f,2.0596953303062815f,0.32959879261836295f,0.8980154480689327f,-0.2914324809180883f,0.5759653579997212f,0f,0f,0f,1f], start_interpolation: 0, interpolation_duration: 1 }
$data merge entity $(bone_leftringfinger) { transformation: [0.5941166498674965f,0.04261923090538769f,0.8032490320612009f,0.8446414108345834f,0.7337506676349536f,-0.4378948003648682f,-0.5194786824872341f,1.978526786167651f,0.32959879261836295f,0.8980154480689327f,-0.2914324809180883f,0.5304290328562699f,0f,0f,0f,1f], start_interpolation: 0, interpolation_duration: 1 }
$data merge entity $(bone_invisibility) { transformation: [0.6005636678171483f,-0.7537748002109762f,0.26673363392140215f,0.6165592878583226f,0.796979481208266f,0.5911896763300629f,-0.12376781945949748f,2.2912688039348756f,-0.0643971073187046f,0.2869116887958012f,0.9557900896124234f,0.5238424099334753f,0f,0f,0f,1f], start_interpolation: 0, interpolation_duration: 1 }
$data merge entity $(bone_swiftness) { transformation: [0.8032490320612008f,0.5325825391691204f,0.26673363392140215f,0.6811554970387177f,-0.5194786824872341f,0.845472309012879f,-0.12376781945949755f,2.085821547794847f,-0.29143248091808854f,-0.039146055543355485f,0.9557900896124236f,0.42471932156054626f,0f,0f,0f,1f], start_interpolation: 0, interpolation_duration: 1 }
$data merge entity $(bone_suspicious_stew) { transformation: [0.8221514121633295f,-0.5029117457496165f,0.2667336339214021f,0.7422036748462452f,0.5467169595781254f,0.828119612722638f,-0.12376781945949737f,2.1542350364835405f,-0.15864306347109436f,0.24758368890373572f,0.955790089612424f,0.4710337911149285f,0f,0f,0f,1f], start_interpolation: 0, interpolation_duration: 1 }
$data merge entity $(bone_log) { transformation: [-0.266733633921402f,0.5325825391691204f,0.8032490320612009f,0.8214225124401227f,0.12376781945949744f,0.845472309012879f,-0.5194786824872341f,2.247171744942889f,-0.9557900896124237f,-0.039146055543355485f,-0.2914324809180883f,0.3628743157278089f,0f,0f,0f,1f], start_interpolation: 0, interpolation_duration: 1 }
$data merge entity $(bone_planks) { transformation: [-0.266733633921402f,0.5325825391691204f,0.8032490320612009f,0.7964162342599912f,0.12376781945949744f,0.845472309012879f,-0.5194786824872341f,2.258774978017217f,-0.9557900896124237f,-0.039146055543355485f,-0.2914324809180883f,0.27326899482664424f,0f,0f,0f,1f], start_interpolation: 0, interpolation_duration: 1 }
$data merge entity $(bone_lefthand) { transformation: [-0.266733633921402f,0.5325825391691204f,0.8032490320612009f,0.9961500234608406f,0.12376781945949744f,0.845472309012879f,-0.5194786824872341f,2.4438315761589604f,-0.9557900896124237f,-0.039146055543355485f,-0.2914324809180883f,0.6011425892737663f,0f,0f,0f,1f], start_interpolation: 0, interpolation_duration: 1 }
$data merge entity $(bone_leftforearm) { transformation: [-0.266733633921402f,0.5325825391691204f,0.8032490320612009f,1.3414005030680844f,0.12376781945949744f,0.845472309012879f,-0.5194786824872341f,3.0541566365637225f,-0.9557900896124237f,-0.039146055543355485f,-0.2914324809180883f,0.5184347708834132f,0f,0f,0f,1f], start_interpolation: 0, interpolation_duration: 1 }
$data merge entity $(bone_leftelbow) { transformation: [-0.266733633921402f,0.5325825391691204f,0.8032490320612009f,1.4412597291622946f,0.12376781945949744f,0.845472309012879f,-0.5194786824872341f,3.2126826945036373f,-0.9557900896124237f,-0.039146055543355485f,-0.2914324809180883f,0.511094885469034f,0f,0f,0f,1f], start_interpolation: 0, interpolation_duration: 1 }
$data merge entity $(bone_leftarm) { transformation: [-0.6017939317241158f,-0.6961226943913976f,0.39148085277991707f,0.7115379951671992f,-0.053383262685346766f,0.524142133888163f,0.8499560287145624f,3.3305550034986258f,-0.796865290375417f,0.4905998551125184f,-0.3525868561907529f,0.7026890040422153f,0f,0f,0f,1f], start_interpolation: 0, interpolation_duration: 1 }
$data merge entity $(bone_rightthumb2) { transformation: [-0.27180271052153276f,-0.282761075419745f,-0.9198746984131139f,-0.4922251155405505f,-0.28383543612615786f,0.9368939221189361f,-0.2041255101540963f,2.0880727874940552f,0.9195437628260124f,0.20561116925903f,-0.3349079206643412f,0.5022715401970195f,0f,0f,0f,1f], start_interpolation: 0, interpolation_duration: 1 }
$data merge entity $(bone_rightthumb) { transformation: [-0.27180271052153276f,-0.282761075419745f,-0.9198746984131139f,-0.640180340618816f,-0.28383543612615786f,0.9368939221189361f,-0.2041255101540963f,2.3003949394053147f,0.9195437628260124f,0.20561116925903f,-0.3349079206643412f,0.5240757437438542f,0f,0f,0f,1f], start_interpolation: 0, interpolation_duration: 1 }
$data merge entity $(bone_rightpointerfinger) { transformation: [0.7784434556597802f,-0.5304353370543433f,-0.33565479222633654f,-0.5327421310984798f,-0.4748501351585782f,-0.1478900490107993f,-0.867551659870156f,2.092054471394357f,0.4105400534422188f,0.8347256355280033f,-0.36700133230280174f,0.7905842284231805f,0f,0f,0f,1f], start_interpolation: 0, interpolation_duration: 1 }
$data merge entity $(bone_rightmidfinger) { transformation: [0.7025480592192979f,-0.6275046493395033f,-0.33565479222633654f,-0.5838652414591634f,-0.4900912513902482f,-0.08464444912265204f,-0.867551659870156f,1.9515941775729813f,0.5159813851273499f,0.7739982120715978f,-0.36700133230280174f,0.7436260284210148f,0f,0f,0f,1f], start_interpolation: 0, interpolation_duration: 1 }
$data merge entity $(bone_rightringfinger) { transformation: [0.7025480592192979f,-0.6275046493395033f,-0.33565479222633654f,-0.6363113027445285f,-0.4900912513902482f,-0.08464444912265204f,-0.867551659870156f,1.8160392307182693f,0.5159813851273499f,0.7739982120715978f,-0.36700133230280174f,0.686282070248702f,0f,0f,0f,1f], start_interpolation: 0, interpolation_duration: 1 }
$data merge entity $(bone_hugeasssword) { transformation: [-3.3236528020703244f,-1.6016587129787787f,-1.3146479362198182f,-0.5194063147282748f,0.42828173532862673f,1.9002777761275438f,-3.397910667824778f,2.0599961325853524f,2.0273590171086537f,-3.0271953221542707f,-1.4374218848526403f,0.4709969264084125f,0f,0f,0f,1f], start_interpolation: 0, interpolation_duration: 1 }
$data merge entity $(bone_ice) { transformation: [-0.8485922047839125f,-0.40893413948394347f,-0.33565479222633654f,-0.4997574655990896f,0.10934852816901107f,0.4851773045432026f,-0.867551659870156f,2.0507066664492237f,0.517623578836252f,-0.772900933315984f,-0.36700133230280174f,0.47498563507215835f,0f,0f,0f,1f], start_interpolation: 0, interpolation_duration: 1 }
$data merge entity $(bone_righthand) { transformation: [-0.8485922047839125f,-0.40893413948394347f,-0.33565479222633654f,-0.8246282639231266f,0.10934852816901107f,0.4851773045432026f,-0.867551659870156f,2.172227135256335f,0.517623578836252f,-0.772900933315984f,-0.36700133230280174f,0.3996975048177628f,0f,0f,0f,1f], start_interpolation: 0, interpolation_duration: 1 }
$data merge entity $(bone_rightforearm) { transformation: [-0.8485922047839125f,-0.40893413948394347f,-0.33565479222633654f,-1.0538784618202433f,0.10934852816901107f,0.4851773045432026f,-0.867551659870156f,2.5200886391881823f,0.517623578836252f,-0.772900933315984f,-0.36700133230280174f,-0.17036554178007304f,0f,0f,0f,1f], start_interpolation: 0, interpolation_duration: 1 }
$data merge entity $(bone_rightelbow) { transformation: [-0.8485922047839125f,-0.40893413948394347f,-0.33565479222633654f,-1.1305536129734826f,0.10934852816901107f,0.4851773045432026f,-0.867551659870156f,2.6110593837900327f,0.517623578836252f,-0.772900933315984f,-0.36700133230280174f,-0.31528446677682004f,0f,0f,0f,1f], start_interpolation: 0, interpolation_duration: 1 }
$data merge entity $(bone_rightarm) { transformation: [-0.9701216268675221f,0.12300839261670089f,-0.20912427986670512f,-0.7684043736351067f,0.0308517096047643f,0.9174922749871082f,0.3965552891507612f,3.079262942020567f,0.2406495399920302f,0.378255020700104f,-0.8938741176568368f,0.05252811671810981f,0f,0f,0f,1f], start_interpolation: 0, interpolation_duration: 1 }
$data merge entity $(bone_chest) { transformation: [-0.9746212774431643f,-0.44032442741742905f,0.17273932755941498f,0.04091005034508313f,-0.1267634266034022f,0.624322044382153f,0.8762215072031522f,3.223941852972437f,-0.45569234176352963f,0.7680803959411497f,-0.6131949984630243f,0.2396751243337492f,0f,0f,0f,1f], start_interpolation: 0, interpolation_duration: 1 }
$data merge entity $(bone_chest1lid) { transformation: [-0.8996504099475363f,-0.4064533176160884f,0.15945168697792153f,-0.05086104631527691f,-0.11701239378775588f,0.576297271737372f,0.8088198528029098f,2.473613787555675f,-0.4206390847047966f,0.7089972885610614f,-0.5660261524274071f,-0.16700911740207408f,0f,0f,0f,1f], start_interpolation: 0, interpolation_duration: 1 }
$data merge entity $(bone_chest1) { transformation: [-0.8996504099475363f,-0.4064533176160884f,0.15945168697792153f,0.012647284562236905f,-0.11701239378775588f,0.576297271737372f,0.8088198528029098f,2.383567338846711f,-0.4206390847047966f,0.7089972885610614f,-0.5660261524274071f,-0.2777899437397399f,0f,0f,0f,1f], start_interpolation: 0, interpolation_duration: 1 }
$data merge entity $(bone_chest1lid3) { transformation: [-0.8996504099475363f,-0.4064533176160884f,0.15945168697792153f,0.10751584127667504f,-0.11701239378775588f,0.576297271737372f,0.8088198528029098f,2.9990772803692742f,-0.4206390847047966f,0.7089972885610614f,-0.5660261524274071f,-0.5033296785068321f,0f,0f,0f,1f], start_interpolation: 0, interpolation_duration: 1 }
$data merge entity $(bone_chest3) { transformation: [-0.8996504099475363f,-0.4064533176160884f,0.15945168697792153f,0.17102417215418886f,-0.11701239378775588f,0.576297271737372f,0.8088198528029098f,2.90903083166031f,-0.4206390847047966f,0.7089972885610614f,-0.5660261524274071f,-0.6141105048444979f,0f,0f,0f,1f], start_interpolation: 0, interpolation_duration: 1 }
$data merge entity $(bone_hugeasssword2) { transformation: [-0.6245191073301936f,1.5223925768650544f,-3.5542333215847624f,-1.4968703274502038f,-3.167877756811397f,1.8628112364807652f,1.3545340870271128f,3.9627357475061444f,2.216935763674011f,3.0907172172369575f,0.9343129457499498f,0.3941182860366873f,0f,0f,0f,1f], start_interpolation: 0, interpolation_duration: 1 }
$data merge entity $(bone_belt) { transformation: [-0.8996504099475363f,-0.4064533176160884f,0.15945168697792153f,0.21075465396407944f,-0.11701239378775588f,0.576297271737372f,0.8088198528029098f,2.8922565806472864f,-0.4206390847047966f,0.7089972885610614f,-0.5660261524274071f,0.04482701688358898f,0f,0f,0f,1f], start_interpolation: 0, interpolation_duration: 1 }
$data merge entity $(bone_torn_part) { transformation: [-0.9775367963939883f,-0.032086862691977906f,0.20830805298491087f,-0.008512931634584858f,0.0875037214974161f,0.8373523288547086f,0.5396148404980154f,2.4853374532769053f,-0.19174178057971852f,0.5457210923211437f,-0.8157349931049525f,-0.009175418997519336f,0f,0f,0f,1f], start_interpolation: 0, interpolation_duration: 1 }
$data merge entity $(bone_lowerbody) { transformation: [-0.9775367963939883f,0.032037654770335884f,0.20831562680844434f,0.042011875000000004f,0.0875037214974161f,0.9608624218135657f,0.26284311874323807f,1.9706587500000001f,-0.19174178057971852f,0.2751672128422754f,-0.9420817876154559f,0.0076706249999999865f,0f,0f,0f,1f], start_interpolation: 0, interpolation_duration: 1 }
$data merge entity $(bone_leftfoot) { transformation: [-0.9143894089503738f,0.3862323041462994f,0.12123520549473665f,-0.011951069744326526f,-0.01913752467376025f,-0.3404023127894398f,0.9401031768394928f,1.9013034733657244f,0.404359247914114f,0.8572839069406696f,0.3186574659352658f,-0.819718685640679f,0f,0f,0f,1f], start_interpolation: 0, interpolation_duration: 1 }
$data merge entity $(bone_leftlowerleg) { transformation: [-0.9143894089503738f,0.3862323041462994f,0.12123520549473665f,0.3978981337477321f,-0.01913752467376025f,-0.3404023127894398f,0.9401031768394928f,1.3792269174449503f,0.404359247914114f,0.8572839069406696f,0.3186574659352658f,0.08237032310708621f,0f,0f,0f,1f], start_interpolation: 0, interpolation_duration: 1 }
$data merge entity $(bone_leftleg) { transformation: [-0.9144913039272203f,-0.1968203562896421f,-0.35348472528123714f,0.17178625000000003f,-0.1468846067694377f,0.9756073861287375f,-0.163198482918536f,2.1896725f,0.37697555283556544f,-0.097324075033215f,-0.9210943513918303f,-0.028238749999999993f,0f,0f,0f,1f], start_interpolation: 0, interpolation_duration: 1 }
$data merge entity $(bone_rightfoot) { transformation: [-0.9652931910746647f,-0.19631238642712695f,-0.17224903894522678f,0.10850589151257883f,-0.190181633785724f,0.980383326618175f,-0.05157766708549283f,0.4835270439215742f,0.1789972106919089f,-0.017028796914845934f,-0.9837021972327112f,0.6660142038057746f,0f,0f,0f,1f], start_interpolation: 0, interpolation_duration: 1 }
$data merge entity $(bone_rightlowerleg) { transformation: [-0.9652931910746647f,-0.19631238642712695f,-0.17224903894522678f,-0.0828128509356264f,-0.190181633785724f,0.980383326618175f,-0.05157766708549283f,1.5790644797840045f,0.1789972106919089f,-0.017028796914845934f,-0.9837021972327112f,0.7982644211360606f,0f,0f,0f,1f], start_interpolation: 0, interpolation_duration: 1 }
$data merge entity $(bone_rightleg) { transformation: [-0.9690082650021277f,-0.2270859803274379f,0.09723651524140953f,-0.266963125f,-0.21508161201077303f,0.581974671409877f,-0.7842482910483215f,2.1871725f,0.12150260298616514f,-0.7808568622840502f,-0.6127802853319404f,0.08479999999999994f,0f,0f,0f,1f], start_interpolation: 0, interpolation_duration: 1 }
data modify entity @s data merge value {"locators":{"lefthand":{"posx":0.7922700136217102,"posy":2.177632842140793,"posz":0.46009155473264346,"roty":70.05836286529214,"rotx":-31.297289044075967},"righthand":{"posx":-0.5676787827396083,"posy":2.0669326902670524,"posz":0.5413238184883504,"roty":317.5543567228324,"rotx":-60.17536114699517},"chest":{"posx":-0.07848611536543212,"posy":2.3075604687657676,"posz":-0.13602483301738294,"roty":15.73272694712972,"rotx":53.98078758484541},"sack":{"posx":0,"posy":-0.4375,"posz":0,"roty":0,"rotx":0}},"cameras":{}}