# This file was generated by Animated Java via MC-Build. It is not recommended to edit this file directly.
$data merge entity $(bone_nose) {transformation: [-0.9978f,0.0566f,0.0349f,0.0971f,0.0637f,0.9631f,0.2614f,3.8698f,-0.0189f,0.2631f,-0.9646f,0.3331f,0f,0f,0f,1f],start_interpolation: 0,interpolation_duration: 1}
$data merge entity $(bone_glowing_eye) {transformation: [-0.9978f,0.0566f,0.0349f,-0.0251f,0.0637f,0.9631f,0.2614f,3.9339f,-0.0189f,0.2631f,-0.9646f,0.3822f,0f,0f,0f,1f],start_interpolation: 0,interpolation_duration: 1}
$data merge entity $(bone_head) {transformation: [-0.9978f,0.0566f,0.0349f,0.0966f,0.0637f,0.9631f,0.2614f,3.7998f,-0.0189f,0.2631f,-0.9646f,0.12f,0f,0f,0f,1f],start_interpolation: 0,interpolation_duration: 1}
$data merge entity $(bone_leftthumb2) {transformation: [-0.0018f,0.8958f,0.4445f,-0.4556f,-0.6823f,0.3239f,-0.6554f,2.4507f,-0.7311f,-0.3045f,0.6106f,0.5941f,0f,0f,0f,1f],start_interpolation: 0,interpolation_duration: 1}
$data merge entity $(bone_leftthumb) {transformation: [-0.0018f,0.8958f,0.4445f,-0.198f,-0.6823f,0.3239f,-0.6554f,2.4741f,-0.7311f,-0.3045f,0.6106f,0.5716f,0f,0f,0f,1f],start_interpolation: 0,interpolation_duration: 1}
$data merge entity $(bone_leftpointerfinger) {transformation: [-0.3081f,0.8411f,0.4445f,-0.4709f,-0.7519f,0.071f,-0.6554f,2.4118f,-0.5828f,-0.5361f,0.6106f,0.7801f,0f,0f,0f,1f],start_interpolation: 0,interpolation_duration: 1}
$data merge entity $(bone_leftmidfinger) {transformation: [-0.0018f,0.8958f,0.4445f,-0.4014f,-0.6823f,0.3239f,-0.6554f,2.3094f,-0.7311f,-0.3045f,0.6106f,0.8755f,0f,0f,0f,1f],start_interpolation: 0,interpolation_duration: 1}
$data merge entity $(bone_leftringfinger) {transformation: [0.3411f,0.8283f,0.4445f,-0.3319f,-0.5064f,0.5603f,-0.6554f,2.207f,-0.7919f,-0.0015f,0.6106f,0.9709f,0f,0f,0f,1f],start_interpolation: 0,interpolation_duration: 1}
$data merge entity $(bone_invisibility) {transformation: [0.9311f,-0.3647f,0.0018f,-0.3871f,0.2655f,0.6811f,0.6823f,2.3397f,-0.2501f,-0.6348f,0.7311f,0.5906f,0f,0f,0f,1f],start_interpolation: 0,interpolation_duration: 1}
$data merge entity $(bone_swiftness) {transformation: [0.4445f,0.8958f,0.0018f,-0.4252f,-0.6554f,0.3239f,0.6823f,2.1375f,0.6106f,-0.3045f,0.7311f,0.7083f,0f,0f,0f,1f],start_interpolation: 0,interpolation_duration: 1}
$data merge entity $(bone_suspicious_stew) {transformation: [0.9997f,-0.0243f,0.0018f,-0.3457f,0.0165f,0.7309f,0.6823f,2.2017f,-0.0179f,-0.6821f,0.7311f,0.7194f,0f,0f,0f,1f],start_interpolation: 0,interpolation_duration: 1}
$data merge entity $(bone_log) {transformation: [-0.0018f,0.8958f,0.4445f,-0.2131f,-0.6823f,0.3239f,-0.6554f,2.1475f,-0.7311f,-0.3045f,0.6106f,0.6414f,0f,0f,0f,1f],start_interpolation: 0,interpolation_duration: 1}
$data merge entity $(bone_planks) {transformation: [-0.0018f,0.8958f,0.4445f,-0.2133f,-0.6823f,0.3239f,-0.6554f,2.0835f,-0.7311f,-0.3045f,0.6106f,0.5729f,0f,0f,0f,1f],start_interpolation: 0,interpolation_duration: 1}
$data merge entity $(bone_lefthand1) {transformation: [-0.0018f,0.8958f,0.4445f,-0.0026f,-0.6823f,0.3239f,-0.6554f,2.4195f,-0.7311f,-0.3045f,0.6106f,0.729f,0f,0f,0f,1f],start_interpolation: 0,interpolation_duration: 1}
$data merge entity $(bone_leftforearm) {transformation: [0.1396f,0.8768f,0.4601f,0.6327f,-0.5887f,0.4472f,-0.6734f,2.6958f,-0.7962f,-0.1769f,0.5786f,0.5339f,0f,0f,0f,1f],start_interpolation: 0,interpolation_duration: 1}
$data merge entity $(bone_leftelbow) {transformation: [0.1396f,0.8768f,0.4601f,0.7971f,-0.5887f,0.4472f,-0.6734f,2.7796f,-0.7962f,-0.1769f,0.5786f,0.5007f,0f,0f,0f,1f],start_interpolation: 0,interpolation_duration: 1}
$data merge entity $(bone_leftarm) {transformation: [-0.7757f,0.477f,0.4131f,0.8136f,0.1254f,0.7582f,-0.6399f,3.2597f,-0.6185f,-0.4446f,-0.648f,0.1823f,0f,0f,0f,1f],start_interpolation: 0,interpolation_duration: 1}
$data merge entity $(bone_rightthumb2) {transformation: [-0.1779f,-0.9654f,-0.1909f,-0.4178f,0.0577f,0.1834f,-0.9813f,2.6752f,0.9823f,-0.1856f,0.0231f,0.7599f,0f,0f,0f,1f],start_interpolation: 0,interpolation_duration: 1}
$data merge entity $(bone_rightthumb) {transformation: [-0.1779f,-0.9654f,-0.1909f,-0.6708f,0.0577f,0.1834f,-0.9813f,2.6363f,0.9823f,-0.1856f,0.0231f,0.7164f,0f,0f,0f,1f],start_interpolation: 0,interpolation_duration: 1}
$data merge entity $(bone_rightpointerfinger) {transformation: [-0.7632f,-0.6312f,-0.1383f,-0.5263f,-0.0456f,0.2662f,-0.9628f,2.498f,0.6445f,-0.7285f,-0.2319f,1.0024f,0f,0f,0f,1f],start_interpolation: 0,interpolation_duration: 1}
$data merge entity $(bone_rightmidfinger) {transformation: [-0.8391f,-0.5261f,-0.1383f,-0.5479f,-0.0105f,0.2699f,-0.9628f,2.3475f,0.5439f,-0.8064f,-0.2319f,0.9661f,0f,0f,0f,1f],start_interpolation: 0,interpolation_duration: 1}
$data merge entity $(bone_rightringfinger) {transformation: [-0.8817f,-0.451f,-0.1383f,-0.5695f,0.0131f,0.2697f,-0.9628f,2.1971f,0.4716f,-0.8508f,-0.2319f,0.9299f,0f,0f,0f,1f],start_interpolation: 0,interpolation_duration: 1}
$data merge entity $(bone_hugeasssword) {transformation: [-2.7624f,-2.7232f,-0.5418f,-0.4997f,-0.2688f,1.023f,-3.7711f,2.4339f,2.7635f,-2.6226f,-0.9084f,0.6463f,0f,0f,0f,1f],start_interpolation: 0,interpolation_duration: 1}
$data merge entity $(bone_ice) {transformation: [-0.7053f,-0.6953f,-0.1383f,-0.4778f,-0.0686f,0.2612f,-0.9628f,2.4308f,0.7056f,-0.6696f,-0.2319f,0.6458f,0f,0f,0f,1f],start_interpolation: 0,interpolation_duration: 1}
$data merge entity $(bone_righthand1) {transformation: [-0.7053f,-0.6953f,-0.1383f,-0.8322f,-0.0686f,0.2612f,-0.9628f,2.4489f,0.7056f,-0.6696f,-0.2319f,0.6475f,0f,0f,0f,1f],start_interpolation: 0,interpolation_duration: 1}
$data merge entity $(bone_rightforearm) {transformation: [-0.6657f,-0.5358f,-0.5193f,-1.1593f,0.1349f,0.5981f,-0.79f,2.8733f,0.7339f,-0.596f,-0.3259f,0.1877f,0f,0f,0f,1f],start_interpolation: 0,interpolation_duration: 1}
$data merge entity $(bone_rightelbow) {transformation: [-0.6657f,-0.5358f,-0.5193f,-1.2598f,0.1349f,0.5981f,-0.79f,2.9855f,0.7339f,-0.596f,-0.3259f,0.0759f,0f,0f,0f,1f],start_interpolation: 0,interpolation_duration: 1}
$data merge entity $(bone_rightarm) {transformation: [-0.8662f,0.4969f,-0.0536f,-0.792f,0.4824f,0.8031f,-0.3499f,3.3172f,-0.1308f,-0.3289f,-0.9353f,0.0292f,0f,0f,0f,1f],start_interpolation: 0,interpolation_duration: 1}
$data merge entity $(bone_chest1) {transformation: [-1.0688f,0.0403f,0.1725f,0.0829f,0.0667f,1.0688f,0.164f,3.1646f,-0.164f,0.1724f,-1.0569f,-0.0645f,0f,0f,0f,1f],start_interpolation: 0,interpolation_duration: 1}
$data merge entity $(bone_chest1lid) {transformation: [-0.9865f,0.1328f,0.0953f,-0.3416f,0.0616f,0.8422f,-0.5357f,2.4521f,-0.1514f,-0.5226f,-0.839f,0.1568f,0f,0f,0f,1f],start_interpolation: 0,interpolation_duration: 1}
$data merge entity $(bone_chest2) {transformation: [-0.9865f,0.0372f,0.1592f,-0.3474f,0.0616f,0.9866f,0.1513f,2.2979f,-0.1514f,0.1591f,-0.9756f,0.1319f,0f,0f,0f,1f],start_interpolation: 0,interpolation_duration: 1}
$data merge entity $(bone_chest1lid3) {transformation: [-0.9865f,0.0372f,0.1592f,-0.178f,0.0616f,0.9866f,0.1513f,2.5452f,-0.1514f,0.1591f,-0.9756f,-0.4587f,0f,0f,0f,1f],start_interpolation: 0,interpolation_duration: 1}
$data merge entity $(bone_chest3) {transformation: [-0.9865f,0.0372f,0.1592f,-0.1838f,0.0616f,0.9866f,0.1513f,2.391f,-0.1514f,0.1591f,-0.9756f,-0.4836f,0f,0f,0f,1f],start_interpolation: 0,interpolation_duration: 1}
$data merge entity $(bone_hugeasssword2) {transformation: [-0.6235f,2.9471f,-2.5032f,-1.0473f,-0.5928f,2.4327f,3.0118f,4.4252f,3.821f,0.8583f,0.0588f,-0.3249f,0f,0f,0f,1f],start_interpolation: 0,interpolation_duration: 1}
$data merge entity $(bone_belt) {transformation: [-0.9865f,0.0372f,0.1592f,0.0789f,0.0616f,0.9866f,0.1513f,2.7498f,-0.1514f,0.1591f,-0.9756f,0.0047f,0f,0f,0f,1f],start_interpolation: 0,interpolation_duration: 1}
$data merge entity $(bone_torn_part) {transformation: [-0.9865f,-0.0542f,0.1542f,-0.0551f,0.0616f,0.7507f,0.6577f,2.4855f,-0.1514f,0.6584f,-0.7373f,-0.0454f,0f,0f,0f,1f],start_interpolation: 0,interpolation_duration: 1}
$data merge entity $(bone_lowerbody) {transformation: [-0.9865f,0.0576f,0.153f,-0.0084f,0.0616f,0.9979f,0.0213f,1.9892f,-0.1514f,0.0304f,-0.988f,0.0935f,0f,0f,0f,1f],start_interpolation: 0,interpolation_duration: 1}
$data merge entity $(bone_leftfoot) {transformation: [-0.9417f,-0.2579f,0.2161f,0.2799f,-0.2455f,0.9659f,0.0829f,0.1337f,-0.2301f,0.025f,-0.9728f,0.5636f,0f,0f,0f,1f],start_interpolation: 0,interpolation_duration: 1}
$data merge entity $(bone_leftlowerleg) {transformation: [-0.9417f,-0.2757f,0.1928f,-0.0557f,-0.2455f,0.955f,0.1667f,1.1675f,-0.2301f,0.1097f,-0.967f,0.8338f,0f,0f,0f,1f],start_interpolation: 0,interpolation_duration: 1}
$data merge entity $(bone_leftleg) {transformation: [-0.9472f,0.1101f,0.3013f,0.0358f,-0.1046f,0.7819f,-0.6145f,1.8218f,-0.3033f,-0.6136f,-0.7291f,0.2753f,0f,0f,0f,1f],start_interpolation: 0,interpolation_duration: 1}
$data merge entity $(bone_rightfoot) {transformation: [-0.5946f,0.038f,0.8031f,-0.2776f,0.1722f,0.9817f,0.081f,0.1721f,-0.7854f,0.1864f,-0.5903f,-0.3379f,0f,0f,0f,1f],start_interpolation: 0,interpolation_duration: 1}
$data merge entity $(bone_rightlowerleg) {transformation: [-0.5946f,-0.2053f,0.7774f,-0.6248f,0.1722f,0.9119f,0.3725f,1.1266f,-0.7854f,0.3553f,-0.5069f,0.1341f,0f,0f,0f,1f],start_interpolation: 0,interpolation_duration: 1}
$data merge entity $(bone_rightleg) {transformation: [-0.6211f,0.3551f,0.6987f,-0.3081f,0.0334f,0.9027f,-0.4291f,1.9378f,-0.783f,-0.2431f,-0.5725f,-0.0649f,0f,0f,0f,1f],start_interpolation: 0,interpolation_duration: 1}
data modify entity @s data merge value {"cameras":{},"locators":{"lefthand":{"posx":-0.2898668979296376,"posy":2.1963719513726296,"posz":0.7241886287154149,"roty":143.9467281843417,"rotx":-40.950024384779994},"sword":{"posx":-0.02073078693177116,"posy":5.985861331582786,"posz":1.5812500976254404,"roty":329.1850993622356,"rotx":-74.33237438531552},"righthand":{"posx":-0.5308624766499561,"posy":2.4353722647090073,"posz":0.7260020077970881,"roty":329.1850993622356,"rotx":-74.33237438531552},"chest":{"posx":-0.399616253742743,"posy":2.368704421317013,"posz":0.29455395865966494,"roty":9.267379604718371,"rotx":8.705026897929876}}}