# This file was generated by Animated Java via MC-Build. It is not recommended to edit this file directly.
$data merge entity $(nose) {transformation: [-0.9986f,0.0526f,0.0039f,0.1024f,0.0523f,0.9776f,0.2041f,3.8788f,0.0069f,0.204f,-0.9789f,0.3285f,0f,0f,0f,1f],start_interpolation: 0,interpolation_duration: 1}
$data merge entity $(glowing_eye) {transformation: [-0.9986f,0.0526f,0.0039f,-0.019f,0.0523f,0.9776f,0.2041f,3.9444f,0.0069f,0.204f,-0.9789f,0.3773f,0f,0f,0f,1f],start_interpolation: 0,interpolation_duration: 1}
$data merge entity $(head) {transformation: [-0.9986f,0.0526f,0.0039f,0.0966f,0.0523f,0.9776f,0.2041f,3.7963f,0.0069f,0.204f,-0.9789f,0.12f,0f,0f,0f,1f],start_interpolation: 0,interpolation_duration: 1}
$data merge entity $(leftthumb2) {transformation: [-0.021f,0.8554f,0.5175f,-0.3957f,-0.6347f,0.3886f,-0.668f,2.3609f,-0.7725f,-0.3425f,0.5348f,0.631f,0f,0f,0f,1f],start_interpolation: 0,interpolation_duration: 1}
$data merge entity $(leftthumb) {transformation: [-0.021f,0.8554f,0.5175f,-0.1416f,-0.6347f,0.3886f,-0.668f,2.3991f,-0.7725f,-0.3425f,0.5348f,0.5928f,0f,0f,0f,1f],start_interpolation: 0,interpolation_duration: 1}
$data merge entity $(leftpointerfinger) {transformation: [-0.3123f,0.7967f,0.5175f,-0.3958f,-0.7293f,0.1481f,-0.668f,2.3097f,-0.6088f,-0.586f,0.5348f,0.8147f,0f,0f,0f,1f],start_interpolation: 0,interpolation_duration: 1}
$data merge entity $(leftmidfinger) {transformation: [-0.021f,0.8554f,0.5175f,-0.3149f,-0.6347f,0.3886f,-0.668f,2.2053f,-0.7725f,-0.3425f,0.5348f,0.8982f,0f,0f,0f,1f],start_interpolation: 0,interpolation_duration: 1}
$data merge entity $(leftringfinger) {transformation: [0.308f,0.7983f,0.5175f,-0.2341f,-0.4377f,0.6019f,-0.668f,2.1009f,-0.8447f,-0.0208f,0.5348f,0.9818f,0f,0f,0f,1f],start_interpolation: 0,interpolation_duration: 1}
$data merge entity $(invisibility) {transformation: [0.8973f,-0.441f,0.021f,-0.3223f,0.3289f,0.6993f,0.6347f,2.2541f,-0.2946f,-0.5626f,0.7725f,0.6157f,0f,0f,0f,1f],start_interpolation: 0,interpolation_duration: 1}
$data merge entity $(swiftness) {transformation: [0.5175f,0.8554f,0.021f,-0.3422f,-0.668f,0.3886f,0.6347f,2.0431f,0.5348f,-0.3425f,0.7725f,0.7221f,0f,0f,0f,1f],start_interpolation: 0,interpolation_duration: 1}
$data merge entity $(suspicious_stew) {transformation: [0.994f,-0.1075f,0.021f,-0.2654f,0.0699f,0.7696f,0.6347f,2.1106f,-0.0844f,-0.6294f,0.7725f,0.732f,0f,0f,0f,1f],start_interpolation: 0,interpolation_duration: 1}
$data merge entity $(log) {transformation: [-0.021f,0.8554f,0.5175f,-0.1362f,-0.6347f,0.3886f,-0.668f,2.0684f,-0.7725f,-0.3425f,0.5348f,0.6418f,0f,0f,0f,1f],start_interpolation: 0,interpolation_duration: 1}
$data merge entity $(planks) {transformation: [-0.021f,0.8554f,0.5175f,-0.1381f,-0.6347f,0.3886f,-0.668f,2.0089f,-0.7725f,-0.3425f,0.5348f,0.5694f,0f,0f,0f,1f],start_interpolation: 0,interpolation_duration: 1}
$data merge entity $(lefthand1) {transformation: [-0.021f,0.8554f,0.5175f,0.0668f,-0.6347f,0.3886f,-0.668f,2.345f,-0.7725f,-0.3425f,0.5348f,0.7326f,0f,0f,0f,1f],start_interpolation: 0,interpolation_duration: 1}
$data merge entity $(leftforearm) {transformation: [0.1109f,0.8397f,0.5317f,0.6727f,-0.53f,0.5025f,-0.6831f,2.6657f,-0.8407f,-0.206f,0.5007f,0.5135f,0f,0f,0f,1f],start_interpolation: 0,interpolation_duration: 1}
$data merge entity $(leftelbow) {transformation: [0.1109f,0.8397f,0.5317f,0.8301f,-0.53f,0.5025f,-0.6831f,2.76f,-0.8407f,-0.206f,0.5007f,0.4749f,0f,0f,0f,1f],start_interpolation: 0,interpolation_duration: 1}
$data merge entity $(leftarm) {transformation: [-0.7987f,0.4258f,0.4251f,0.8136f,0.1178f,0.8036f,-0.5835f,3.2562f,-0.59f,-0.4159f,-0.692f,0.1823f,0f,0f,0f,1f],start_interpolation: 0,interpolation_duration: 1}
$data merge entity $(rightthumb2) {transformation: [-0.2594f,-0.9494f,-0.1771f,-0.4624f,-0.0296f,0.1911f,-0.9811f,2.6031f,0.9653f,-0.2492f,-0.0777f,0.7542f,0f,0f,0f,1f],start_interpolation: 0,interpolation_duration: 1}
$data merge entity $(rightthumb) {transformation: [-0.2594f,-0.9494f,-0.1771f,-0.7104f,-0.0296f,0.1911f,-0.9811f,2.5661f,0.9653f,-0.2492f,-0.0777f,0.6865f,0f,0f,0f,1f],start_interpolation: 0,interpolation_duration: 1}
$data merge entity $(rightpointerfinger) {transformation: [-0.8131f,-0.5728f,-0.1039f,-0.5879f,-0.1078f,0.3236f,-0.94f,2.4045f,0.5721f,-0.7531f,-0.3249f,0.9706f,0f,0f,0f,1f],start_interpolation: 0,interpolation_duration: 1}
$data merge entity $(rightmidfinger) {transformation: [-0.8809f,-0.4618f,-0.1039f,-0.6041f,-0.0647f,0.3349f,-0.94f,2.2576f,0.4689f,-0.8213f,-0.3249f,0.9198f,0f,0f,0f,1f],start_interpolation: 0,interpolation_duration: 1}
$data merge entity $(rightringfinger) {transformation: [-0.9178f,-0.3832f,-0.1039f,-0.6204f,-0.0352f,0.3393f,-0.94f,2.1107f,0.3955f,-0.8591f,-0.3249f,0.869f,0f,0f,0f,1f],start_interpolation: 0,interpolation_duration: 1}
$data merge entity $(hugeasssword) {transformation: [-2.9769f,-2.5125f,-0.407f,-0.5309f,-0.5312f,1.2259f,-3.6818f,2.3719f,2.4892f,-2.7432f,-1.2725f,0.6138f,0f,0f,0f,1f],start_interpolation: 0,interpolation_duration: 1}
$data merge entity $(whey) {transformation: [0f,0f,0f,-0.3255f,0f,0f,0f,2.498f,0f,0f,0f,0.6159f,0f,0f,0f,1f],start_interpolation: 0,interpolation_duration: 1}
$data merge entity $(ice) {transformation: [-0.7601f,-0.6415f,-0.1039f,-0.509f,-0.1356f,0.313f,-0.94f,2.3691f,0.6355f,-0.7004f,-0.3249f,0.6148f,0f,0f,0f,1f],start_interpolation: 0,interpolation_duration: 1}
$data merge entity $(righthand1) {transformation: [-0.7601f,-0.6415f,-0.1039f,-0.8626f,-0.1356f,0.313f,-0.94f,2.3841f,0.6355f,-0.7004f,-0.3249f,0.5884f,0f,0f,0f,1f],start_interpolation: 0,interpolation_duration: 1}
$data merge entity $(rightforearm) {transformation: [-0.7261f,-0.4939f,-0.4784f,-1.157f,0.065f,0.6434f,-0.7628f,2.8443f,0.6845f,-0.5849f,-0.4351f,0.1412f,0f,0f,0f,1f],start_interpolation: 0,interpolation_duration: 1}
$data merge entity $(rightelbow) {transformation: [-0.7261f,-0.4939f,-0.4784f,-1.2496f,0.065f,0.6434f,-0.7628f,2.965f,0.6845f,-0.5849f,-0.4351f,0.0315f,0f,0f,0f,1f],start_interpolation: 0,interpolation_duration: 1}
$data merge entity $(rightarm) {transformation: [-0.8759f,0.4825f,-0.002f,-0.792f,0.4632f,0.8398f,-0.2833f,3.3137f,-0.135f,-0.2491f,-0.959f,0.0292f,0f,0f,0f,1f],start_interpolation: 0,interpolation_duration: 1}
$data merge entity $(chest1) {transformation: [-1.0688f,0.0403f,0.1725f,0.0829f,0.0667f,1.0688f,0.164f,3.1611f,-0.164f,0.1724f,-1.0569f,-0.0645f,0f,0f,0f,1f],start_interpolation: 0,interpolation_duration: 1}
$data merge entity $(chest1lid) {transformation: [-0.9865f,0.122f,0.1088f,-0.3416f,0.0616f,0.8937f,-0.4443f,2.4486f,-0.1514f,-0.4317f,-0.8892f,0.1568f,0f,0f,0f,1f],start_interpolation: 0,interpolation_duration: 1}
$data merge entity $(chest2) {transformation: [-0.9865f,0.0372f,0.1592f,-0.3474f,0.0616f,0.9866f,0.1513f,2.2944f,-0.1514f,0.1591f,-0.9756f,0.1319f,0f,0f,0f,1f],start_interpolation: 0,interpolation_duration: 1}
$data merge entity $(chest1lid3) {transformation: [-0.9865f,0.0372f,0.1592f,-0.178f,0.0616f,0.9866f,0.1513f,2.5417f,-0.1514f,0.1591f,-0.9756f,-0.4587f,0f,0f,0f,1f],start_interpolation: 0,interpolation_duration: 1}
$data merge entity $(chest3) {transformation: [-0.9865f,0.0372f,0.1592f,-0.1838f,0.0616f,0.9866f,0.1513f,2.3875f,-0.1514f,0.1591f,-0.9756f,-0.4836f,0f,0f,0f,1f],start_interpolation: 0,interpolation_duration: 1}
$data merge entity $(hugeasssword2) {transformation: [-0.6235f,2.9471f,-2.5032f,-1.0473f,-0.5928f,2.4327f,3.0118f,4.4217f,3.821f,0.8583f,0.0588f,-0.3249f,0f,0f,0f,1f],start_interpolation: 0,interpolation_duration: 1}
$data merge entity $(belt) {transformation: [-0.9865f,0.0372f,0.1592f,0.0789f,0.0616f,0.9866f,0.1513f,2.7463f,-0.1514f,0.1591f,-0.9756f,0.0047f,0f,0f,0f,1f],start_interpolation: 0,interpolation_duration: 1}
$data merge entity $(torn_part) {transformation: [-0.9865f,-0.0542f,0.1542f,-0.0551f,0.0616f,0.7507f,0.6577f,2.482f,-0.1514f,0.6584f,-0.7373f,-0.0454f,0f,0f,0f,1f],start_interpolation: 0,interpolation_duration: 1}
$data merge entity $(lowerbody) {transformation: [-0.9865f,0.0576f,0.153f,-0.0084f,0.0616f,0.9979f,0.0213f,1.9857f,-0.1514f,0.0304f,-0.988f,0.0935f,0f,0f,0f,1f],start_interpolation: 0,interpolation_duration: 1}
$data merge entity $(leftfoot) {transformation: [-0.9417f,-0.2579f,0.2161f,0.2799f,-0.2455f,0.9659f,0.0829f,0.1302f,-0.2301f,0.025f,-0.9728f,0.5636f,0f,0f,0f,1f],start_interpolation: 0,interpolation_duration: 1}
$data merge entity $(leftlowerleg) {transformation: [-0.9417f,-0.2757f,0.1928f,-0.0557f,-0.2455f,0.955f,0.1667f,1.164f,-0.2301f,0.1097f,-0.967f,0.8338f,0f,0f,0f,1f],start_interpolation: 0,interpolation_duration: 1}
$data merge entity $(leftleg) {transformation: [-0.9472f,0.1101f,0.3013f,0.0358f,-0.1046f,0.7819f,-0.6145f,1.8183f,-0.3033f,-0.6136f,-0.7291f,0.2753f,0f,0f,0f,1f],start_interpolation: 0,interpolation_duration: 1}
$data merge entity $(rightfoot) {transformation: [-0.5946f,0.038f,0.8031f,-0.2776f,0.1722f,0.9817f,0.081f,0.1686f,-0.7854f,0.1864f,-0.5903f,-0.3379f,0f,0f,0f,1f],start_interpolation: 0,interpolation_duration: 1}
$data merge entity $(rightlowerleg) {transformation: [-0.5946f,-0.2053f,0.7774f,-0.6248f,0.1722f,0.9119f,0.3725f,1.1231f,-0.7854f,0.3553f,-0.5069f,0.1341f,0f,0f,0f,1f],start_interpolation: 0,interpolation_duration: 1}
$data merge entity $(rightleg) {transformation: [-0.6211f,0.3551f,0.6987f,-0.3081f,0.0334f,0.9027f,-0.4291f,1.9343f,-0.783f,-0.2431f,-0.5725f,-0.0649f,0f,0f,0f,1f],start_interpolation: 0,interpolation_duration: 1}
data modify entity @s data merge value {"cameras":{},"locators":{"soup":{"px":-0.2845147090452158,"py":2.2230407243588464,"pz":0.5996761700360519,"ry":178.4458994702424,"rx":39.39711470151324},"lefthand":{"px":-0.20911072255948904,"py":2.1079394700307628,"pz":0.7326547682855669,"ry":135.94002276744519,"rx":-41.91063883802829},"sword":{"px":-0.18538799611693912,"py":5.832540060599196,"pz":1.8884362811290456,"ry":342.261750929154,"rx":-70.05574393689643},"righthand":{"px":-0.5686089716243691,"py":2.3661981216272028,"pz":0.6904081111534711,"ry":342.261750929154,"rx":-70.05574393689643},"chest":{"px":-0.399616253742743,"py":2.365205368977022,"pz":0.29455395865966494,"ry":9.267379604718371,"rx":8.705026897929876}}}