# This file was generated by Animated Java via MC-Build. It is not recommended to edit this file directly.
$data merge entity $(nose) {transformation: [-0.9987f,0.0461f,-0.0234f,0.1067f,0.042f,0.9876f,0.1515f,3.8872f,0.0301f,0.1503f,-0.9882f,0.3236f,0f,0f,0f,1f],start_interpolation: 0,interpolation_duration: 1}
$data merge entity $(glowing_eye) {transformation: [-0.9987f,0.0461f,-0.0234f,-0.0142f,0.042f,0.9876f,0.1515f,3.954f,0.0301f,0.1503f,-0.9882f,0.372f,0f,0f,0f,1f],start_interpolation: 0,interpolation_duration: 1}
$data merge entity $(head) {transformation: [-0.9987f,0.0461f,-0.0234f,0.0966f,0.042f,0.9876f,0.1515f,3.7936f,0.0301f,0.1503f,-0.9882f,0.12f,0f,0f,0f,1f],start_interpolation: 0,interpolation_duration: 1}
$data merge entity $(leftthumb2) {transformation: [-0.0946f,0.7894f,0.6065f,-0.3125f,-0.5662f,0.4584f,-0.685f,2.2707f,-0.8188f,-0.4082f,0.4036f,0.7111f,0f,0f,0f,1f],start_interpolation: 0,interpolation_duration: 1}
$data merge entity $(leftthumb) {transformation: [-0.0946f,0.7894f,0.6065f,-0.067f,-0.5662f,0.4584f,-0.685f,2.3246f,-0.8188f,-0.4082f,0.4036f,0.6454f,0f,0f,0f,1f],start_interpolation: 0,interpolation_duration: 1}
$data merge entity $(leftpointerfinger) {transformation: [-0.3589f,0.7095f,0.6065f,-0.2873f,-0.6889f,0.2371f,-0.685f,2.204f,-0.6298f,-0.6637f,0.4036f,0.8879f,0f,0f,0f,1f],start_interpolation: 0,interpolation_duration: 1}
$data merge entity $(leftmidfinger) {transformation: [-0.0946f,0.7894f,0.6065f,-0.1925f,-0.5662f,0.4584f,-0.685f,2.097f,-0.8188f,-0.4082f,0.4036f,0.9509f,0f,0f,0f,1f],start_interpolation: 0,interpolation_duration: 1}
$data merge entity $(leftringfinger) {transformation: [0.2147f,0.7656f,0.6065f,-0.0978f,-0.3477f,0.6402f,-0.685f,1.9899f,-0.9127f,-0.0638f,0.4036f,1.014f,0f,0f,0f,1f],start_interpolation: 0,interpolation_duration: 1}
$data merge entity $(invisibility) {transformation: [0.8393f,-0.5354f,0.0946f,-0.2377f,0.3969f,0.7224f,0.5662f,2.1694f,-0.3715f,-0.4377f,0.8188f,0.6771f,0f,0f,0f,1f],start_interpolation: 0,interpolation_duration: 1}
$data merge entity $(swiftness) {transformation: [0.6065f,0.7894f,0.0946f,-0.2358f,-0.685f,0.4584f,0.5662f,1.9494f,0.4036f,-0.4082f,0.8188f,0.7654f,0f,0f,0f,1f],start_interpolation: 0,interpolation_duration: 1}
$data merge entity $(suspicious_stew) {transformation: [0.9718f,-0.216f,0.0946f,-0.1609f,0.1259f,0.8146f,0.5662f,2.0195f,-0.1994f,-0.5383f,0.8188f,0.7719f,0f,0f,0f,1f],start_interpolation: 0,interpolation_duration: 1}
$data merge entity $(log) {transformation: [-0.0946f,0.7894f,0.6065f,-0.0427f,-0.5662f,0.4584f,-0.685f,1.9916f,-0.8188f,-0.4082f,0.4036f,0.663f,0f,0f,0f,1f],start_interpolation: 0,interpolation_duration: 1}
$data merge entity $(planks) {transformation: [-0.0946f,0.7894f,0.6065f,-0.0516f,-0.5662f,0.4584f,-0.685f,1.9385f,-0.8188f,-0.4082f,0.4036f,0.5863f,0f,0f,0f,1f],start_interpolation: 0,interpolation_duration: 1}
$data merge entity $(lefthand1) {transformation: [-0.0946f,0.7894f,0.6065f,0.1594f,-0.5662f,0.4584f,-0.685f,2.2691f,-0.8188f,-0.4082f,0.4036f,0.753f,0f,0f,0f,1f],start_interpolation: 0,interpolation_duration: 1}
$data merge entity $(leftforearm) {transformation: [0.0233f,0.7868f,0.6168f,0.7198f,-0.4496f,0.5593f,-0.6965f,2.637f,-0.8929f,-0.2611f,0.3668f,0.4912f,0f,0f,0f,1f],start_interpolation: 0,interpolation_duration: 1}
$data merge entity $(leftelbow) {transformation: [0.0233f,0.7868f,0.6168f,0.8673f,-0.4496f,0.5593f,-0.6965f,2.7419f,-0.8929f,-0.2611f,0.3668f,0.4423f,0f,0f,0f,1f],start_interpolation: 0,interpolation_duration: 1}
$data merge entity $(leftarm) {transformation: [-0.8268f,0.3669f,0.4264f,0.8136f,0.1104f,0.8491f,-0.5165f,3.2534f,-0.5516f,-0.38f,-0.7425f,0.1823f,0f,0f,0f,1f],start_interpolation: 0,interpolation_duration: 1}
$data merge entity $(rightthumb2) {transformation: [-0.3649f,-0.9171f,-0.1608f,-0.5274f,-0.128f,0.2204f,-0.967f,2.5041f,0.9222f,-0.3323f,-0.1978f,0.7494f,0f,0f,0f,1f],start_interpolation: 0,interpolation_duration: 1}
$data merge entity $(rightthumb) {transformation: [-0.3649f,-0.9171f,-0.1608f,-0.766f,-0.128f,0.2204f,-0.967f,2.4755f,0.9222f,-0.3323f,-0.1978f,0.651f,0f,0f,0f,1f],start_interpolation: 0,interpolation_duration: 1}
$data merge entity $(rightpointerfinger) {transformation: [-0.8709f,-0.4876f,-0.0608f,-0.6748f,-0.1624f,0.4025f,-0.9009f,2.2848f,0.4638f,-0.7747f,-0.4297f,0.9288f,0f,0f,0f,1f],start_interpolation: 0,interpolation_duration: 1}
$data merge entity $(rightmidfinger) {transformation: [-0.9271f,-0.3698f,-0.0608f,-0.6843f,-0.1085f,0.4202f,-0.9009f,2.1441f,0.3587f,-0.8286f,-0.4297f,0.8617f,0f,0f,0f,1f],start_interpolation: 0,interpolation_duration: 1}
$data merge entity $(rightringfinger) {transformation: [-0.9558f,-0.2876f,-0.0608f,-0.6938f,-0.0715f,0.4281f,-0.9009f,2.0033f,0.2851f,-0.8568f,-0.4297f,0.7945f,0f,0f,0f,1f],start_interpolation: 0,interpolation_duration: 1}
$data merge entity $(hugeasssword) {transformation: [-3.2317f,-2.2f,-0.2383f,-0.5783f,-0.7711f,1.5149f,-3.5285f,2.289f,2.0741f,-2.8645f,-1.6831f,0.5792f,0f,0f,0f,1f],start_interpolation: 0,interpolation_duration: 1}
$data merge entity $(whey) {transformation: [0f,0f,0f,-0.3753f,0f,0f,0f,2.4133f,0f,0f,0f,0.6171f,0f,0f,0f,1f],start_interpolation: 0,interpolation_duration: 1}
$data merge entity $(ice) {transformation: [-0.8251f,-0.5617f,-0.0608f,-0.5566f,-0.1969f,0.3868f,-0.9009f,2.286f,0.5296f,-0.7314f,-0.4297f,0.5823f,0f,0f,0f,1f],start_interpolation: 0,interpolation_duration: 1}
$data merge entity $(righthand1) {transformation: [-0.8251f,-0.5617f,-0.0608f,-0.9052f,-0.1969f,0.3868f,-0.9009f,2.3054f,0.5296f,-0.7314f,-0.4297f,0.5184f,0f,0f,0f,1f],start_interpolation: 0,interpolation_duration: 1}
$data merge entity $(rightforearm) {transformation: [-0.7981f,-0.43f,-0.422f,-1.1511f,-0.0026f,0.7028f,-0.7114f,2.8108f,0.6025f,-0.5667f,-0.562f,0.0911f,0f,0f,0f,1f],start_interpolation: 0,interpolation_duration: 1}
$data merge entity $(rightelbow) {transformation: [-0.7981f,-0.43f,-0.422f,-1.2318f,-0.0026f,0.7028f,-0.7114f,2.9426f,0.6025f,-0.5667f,-0.562f,-0.0151f,0f,0f,0f,1f],start_interpolation: 0,interpolation_duration: 1}
$data merge entity $(rightarm) {transformation: [-0.8912f,0.4507f,0.0514f,-0.792f,0.4318f,0.8776f,-0.2083f,3.3109f,-0.1389f,-0.1635f,-0.9767f,0.0292f,0f,0f,0f,1f],start_interpolation: 0,interpolation_duration: 1}
$data merge entity $(chest1) {transformation: [-1.0688f,0.0403f,0.1725f,0.0829f,0.0667f,1.0688f,0.164f,3.1583f,-0.164f,0.1724f,-1.0569f,-0.0645f,0f,0f,0f,1f],start_interpolation: 0,interpolation_duration: 1}
$data merge entity $(chest1lid) {transformation: [-0.9865f,0.1096f,0.1213f,-0.3416f,0.0616f,0.9364f,-0.3455f,2.4458f,-0.1514f,-0.3334f,-0.9306f,0.1568f,0f,0f,0f,1f],start_interpolation: 0,interpolation_duration: 1}
$data merge entity $(chest2) {transformation: [-0.9865f,0.0372f,0.1592f,-0.3474f,0.0616f,0.9866f,0.1513f,2.2917f,-0.1514f,0.1591f,-0.9756f,0.1319f,0f,0f,0f,1f],start_interpolation: 0,interpolation_duration: 1}
$data merge entity $(chest1lid3) {transformation: [-0.9865f,0.0372f,0.1592f,-0.178f,0.0616f,0.9866f,0.1513f,2.5389f,-0.1514f,0.1591f,-0.9756f,-0.4587f,0f,0f,0f,1f],start_interpolation: 0,interpolation_duration: 1}
$data merge entity $(chest3) {transformation: [-0.9865f,0.0372f,0.1592f,-0.1838f,0.0616f,0.9866f,0.1513f,2.3848f,-0.1514f,0.1591f,-0.9756f,-0.4836f,0f,0f,0f,1f],start_interpolation: 0,interpolation_duration: 1}
$data merge entity $(hugeasssword2) {transformation: [-0.6235f,2.9471f,-2.5032f,-1.0473f,-0.5928f,2.4327f,3.0118f,4.419f,3.821f,0.8583f,0.0588f,-0.3249f,0f,0f,0f,1f],start_interpolation: 0,interpolation_duration: 1}
$data merge entity $(belt) {transformation: [-0.9865f,0.0372f,0.1592f,0.0789f,0.0616f,0.9866f,0.1513f,2.7435f,-0.1514f,0.1591f,-0.9756f,0.0047f,0f,0f,0f,1f],start_interpolation: 0,interpolation_duration: 1}
$data merge entity $(torn_part) {transformation: [-0.9865f,-0.0542f,0.1542f,-0.0551f,0.0616f,0.7507f,0.6577f,2.4792f,-0.1514f,0.6584f,-0.7373f,-0.0454f,0f,0f,0f,1f],start_interpolation: 0,interpolation_duration: 1}
$data merge entity $(lowerbody) {transformation: [-0.9865f,0.0576f,0.153f,-0.0084f,0.0616f,0.9979f,0.0213f,1.9829f,-0.1514f,0.0304f,-0.988f,0.0935f,0f,0f,0f,1f],start_interpolation: 0,interpolation_duration: 1}
$data merge entity $(leftfoot) {transformation: [-0.9417f,-0.2579f,0.2161f,0.2799f,-0.2455f,0.9659f,0.0829f,0.1275f,-0.2301f,0.025f,-0.9728f,0.5636f,0f,0f,0f,1f],start_interpolation: 0,interpolation_duration: 1}
$data merge entity $(leftlowerleg) {transformation: [-0.9417f,-0.2757f,0.1928f,-0.0557f,-0.2455f,0.955f,0.1667f,1.1613f,-0.2301f,0.1097f,-0.967f,0.8338f,0f,0f,0f,1f],start_interpolation: 0,interpolation_duration: 1}
$data merge entity $(leftleg) {transformation: [-0.9472f,0.1101f,0.3013f,0.0358f,-0.1046f,0.7819f,-0.6145f,1.8155f,-0.3033f,-0.6136f,-0.7291f,0.2753f,0f,0f,0f,1f],start_interpolation: 0,interpolation_duration: 1}
$data merge entity $(rightfoot) {transformation: [-0.5946f,0.038f,0.8031f,-0.2776f,0.1722f,0.9817f,0.081f,0.1658f,-0.7854f,0.1864f,-0.5903f,-0.3379f,0f,0f,0f,1f],start_interpolation: 0,interpolation_duration: 1}
$data merge entity $(rightlowerleg) {transformation: [-0.5946f,-0.2053f,0.7774f,-0.6248f,0.1722f,0.9119f,0.3725f,1.1203f,-0.7854f,0.3553f,-0.5069f,0.1341f,0f,0f,0f,1f],start_interpolation: 0,interpolation_duration: 1}
$data merge entity $(rightleg) {transformation: [-0.6211f,0.3551f,0.6987f,-0.3081f,0.0334f,0.9027f,-0.4291f,1.9316f,-0.783f,-0.2431f,-0.5725f,-0.0649f,0f,0f,0f,1f],start_interpolation: 0,interpolation_duration: 1}
data modify entity @s data merge value {"cameras":{},"locators":{"soup":{"px":-0.20102807514990637,"py":2.141764379907644,"pz":0.6537847667409729,"ry":173.40626054657216,"rx":34.487485042335074},"lefthand":{"px":-0.1049811961970602,"py":2.0195344463597595,"pz":0.7653742281902554,"ry":123.64336995453576,"rx":-43.23784562637745},"sword":{"px":-0.39987549805961553,"py":5.597701820217307,"pz":2.2347221874375762,"ry":351.9409193602355,"rx":-64.27727597048691},"righthand":{"px":-0.6242471918754796,"py":2.2756147901613804,"pz":0.6500924648372473,"ry":351.9409193602355,"rx":-64.27727597048691},"chest":{"px":-0.399616253742743,"py":2.3624352858745286,"pz":0.29455395865966494,"ry":9.267379604718371,"rx":8.705026897929876}}}