# This file was generated by Animated Java via MC-Build. It is not recommended to edit this file directly.
$data merge entity $(bone_nose) {transformation: [-0.9982f,0.0386f,-0.0455f,0.1099f,0.0335f,0.9937f,0.1071f,3.8944f,0.0493f,0.1054f,-0.9932f,0.319f,0f,0f,0f,1f],start_interpolation: 0,interpolation_duration: 1}
$data merge entity $(bone_glowing_eye) {transformation: [-0.9982f,0.0386f,-0.0455f,-0.0107f,0.0335f,0.9937f,0.1071f,3.9621f,0.0493f,0.1054f,-0.9932f,0.3669f,0f,0f,0f,1f],start_interpolation: 0,interpolation_duration: 1}
$data merge entity $(bone_head) {transformation: [-0.9982f,0.0386f,-0.0455f,0.0966f,0.0335f,0.9937f,0.1071f,3.7918f,0.0493f,0.1054f,-0.9932f,0.12f,0f,0f,0f,1f],start_interpolation: 0,interpolation_duration: 1}
$data merge entity $(bone_leftthumb2) {transformation: [-0.2151f,0.692f,0.6891f,-0.1943f,-0.4825f,0.5382f,-0.6911f,2.1707f,-0.8491f,-0.4811f,0.2182f,0.8111f,0f,0f,0f,1f],start_interpolation: 0,interpolation_duration: 1}
$data merge entity $(bone_leftthumb) {transformation: [-0.2151f,0.692f,0.6891f,0.0343f,-0.4825f,0.5382f,-0.6911f,2.2436f,-0.8491f,-0.4811f,0.2182f,0.7118f,0f,0f,0f,1f],start_interpolation: 0,interpolation_duration: 1}
$data merge entity $(bone_leftpointerfinger) {transformation: [-0.4388f,0.5768f,0.6891f,-0.1369f,-0.6375f,0.3407f,-0.6911f,2.0874f,-0.6333f,-0.7425f,0.2182f,0.9727f,0f,0f,0f,1f],start_interpolation: 0,interpolation_duration: 1}
$data merge entity $(bone_leftmidfinger) {transformation: [-0.2151f,0.692f,0.6891f,-0.0293f,-0.4825f,0.5382f,-0.6911f,1.9794f,-0.8491f,-0.4811f,0.2182f,1.0068f,0f,0f,0f,1f],start_interpolation: 0,interpolation_duration: 1}
$data merge entity $(bone_leftringfinger) {transformation: [0.0661f,0.7217f,0.6891f,0.0784f,-0.2398f,0.6818f,-0.6911f,1.8714f,-0.9686f,-0.1195f,0.2182f,1.0409f,0f,0f,0f,1f],start_interpolation: 0,interpolation_duration: 1}
$data merge entity $(bone_invisibility) {transformation: [0.7495f,-0.6261f,0.2151f,-0.1231f,0.4759f,0.7353f,0.4825f,2.0774f,-0.4602f,-0.2593f,0.8491f,0.7541f,0f,0f,0f,1f],start_interpolation: 0,interpolation_duration: 1}
$data merge entity $(bone_swiftness) {transformation: [0.6891f,0.692f,0.2151f,-0.0988f,-0.6911f,0.5382f,0.4825f,1.8498f,0.2182f,-0.4811f,0.8491f,0.8159f,0f,0f,0f,1f],start_interpolation: 0,interpolation_duration: 1}
$data merge entity $(bone_suspicious_stew) {transformation: [0.9184f,-0.3321f,0.2151f,-0.0263f,0.1957f,0.8538f,0.4825f,1.9226f,-0.3438f,-0.401f,0.8491f,0.8176f,0f,0f,0f,1f],start_interpolation: 0,interpolation_duration: 1}
$data merge entity $(bone_log) {transformation: [-0.2151f,0.692f,0.6891f,0.0723f,-0.4825f,0.5382f,-0.6911f,1.9122f,-0.8491f,-0.4811f,0.2182f,0.688f,0f,0f,0f,1f],start_interpolation: 0,interpolation_duration: 1}
$data merge entity $(bone_planks) {transformation: [-0.2151f,0.692f,0.6891f,0.0521f,-0.4825f,0.5382f,-0.6911f,1.867f,-0.8491f,-0.4811f,0.2182f,0.6084f,0f,0f,0f,1f],start_interpolation: 0,interpolation_duration: 1}
$data merge entity $(bone_lefthand1) {transformation: [-0.2151f,0.692f,0.6891f,0.2775f,-0.4825f,0.5382f,-0.6911f,2.189f,-0.8491f,-0.4811f,0.2182f,0.7732f,0f,0f,0f,1f],start_interpolation: 0,interpolation_duration: 1}
$data merge entity $(bone_leftforearm) {transformation: [-0.1155f,0.7114f,0.6933f,0.7722f,-0.3529f,0.623f,-0.6981f,2.6104f,-0.9285f,-0.3253f,0.1791f,0.4638f,0f,0f,0f,1f],start_interpolation: 0,interpolation_duration: 1}
$data merge entity $(bone_leftelbow) {transformation: [-0.1155f,0.7114f,0.6933f,0.9056f,-0.3529f,0.623f,-0.6981f,2.7272f,-0.9285f,-0.3253f,0.1791f,0.4029f,0f,0f,0f,1f],start_interpolation: 0,interpolation_duration: 1}
$data merge entity $(bone_leftarm) {transformation: [-0.8571f,0.3047f,0.4154f,0.8136f,0.1032f,0.8915f,-0.4411f,3.2516f,-0.5048f,-0.3352f,-0.7955f,0.1823f,0f,0f,0f,1f],start_interpolation: 0,interpolation_duration: 1}
$data merge entity $(bone_rightthumb2) {transformation: [-0.4794f,-0.8668f,-0.1371f,-0.6066f,-0.2289f,0.2743f,-0.934f,2.3834f,0.8472f,-0.4163f,-0.3299f,0.727f,0f,0f,0f,1f],start_interpolation: 0,interpolation_duration: 1}
$data merge entity $(bone_rightthumb) {transformation: [-0.4794f,-0.8668f,-0.1371f,-0.8309f,-0.2289f,0.2743f,-0.934f,2.3709f,0.8472f,-0.4163f,-0.3299f,0.5967f,0f,0f,0f,1f],start_interpolation: 0,interpolation_duration: 1}
$data merge entity $(bone_rightpointerfinger) {transformation: [-0.9232f,-0.3842f,-0.0084f,-0.7762f,-0.2002f,0.4994f,-0.8429f,2.1473f,0.3281f,-0.7765f,-0.538f,0.859f,0f,0f,0f,1f],start_interpolation: 0,interpolation_duration: 1}
$data merge entity $(bone_rightmidfinger) {transformation: [-0.9655f,-0.2604f,-0.0084f,-0.7775f,-0.1333f,0.5213f,-0.8429f,2.0156f,0.2239f,-0.8127f,-0.538f,0.775f,0f,0f,0f,1f],start_interpolation: 0,interpolation_duration: 1}
$data merge entity $(bone_rightringfinger) {transformation: [-0.9845f,-0.1753f,-0.0084f,-0.7788f,-0.0874f,0.5309f,-0.8429f,1.8839f,0.1522f,-0.8291f,-0.538f,0.6909f,0f,0f,0f,1f],start_interpolation: 0,interpolation_duration: 1}
$data merge entity $(bone_hugeasssword) {transformation: [-3.4709f,-1.8143f,-0.0328f,-0.6361f,-0.9516f,1.8802f,-3.3014f,2.1908f,1.5451f,-2.9178f,-2.1071f,0.5273f,0f,0f,0f,1f],start_interpolation: 0,interpolation_duration: 1}
$data merge entity $(bone_ice) {transformation: [-0.8862f,-0.4632f,-0.0084f,-0.615f,-0.243f,0.4801f,-0.8429f,2.1871f,0.3945f,-0.745f,-0.538f,0.5328f,0f,0f,0f,1f],start_interpolation: 0,interpolation_duration: 1}
$data merge entity $(bone_righthand1) {transformation: [-0.8862f,-0.4632f,-0.0084f,-0.9526f,-0.243f,0.4801f,-0.8429f,2.22f,0.3945f,-0.745f,-0.538f,0.4283f,0f,0f,0f,1f],start_interpolation: 0,interpolation_duration: 1}
$data merge entity $(bone_rightforearm) {transformation: [-0.8681f,-0.3527f,-0.3492f,-1.1409f,-0.0591f,0.7721f,-0.6327f,2.7765f,0.4928f,-0.5287f,-0.6912f,0.0366f,0f,0f,0f,1f],start_interpolation: 0,interpolation_duration: 1}
$data merge entity $(bone_rightelbow) {transformation: [-0.8681f,-0.3527f,-0.3492f,-1.207f,-0.0591f,0.7721f,-0.6327f,2.9213f,0.4928f,-0.5287f,-0.6912f,-0.0625f,0f,0f,0f,1f],start_interpolation: 0,interpolation_duration: 1}
$data merge entity $(bone_rightarm) {transformation: [-0.9095f,0.4034f,0.1006f,-0.792f,0.3906f,0.912f,-0.1256f,3.3091f,-0.1424f,-0.0749f,-0.987f,0.0292f,0f,0f,0f,1f],start_interpolation: 0,interpolation_duration: 1}
$data merge entity $(bone_chest1) {transformation: [-1.0688f,0.0403f,0.1725f,0.0829f,0.0667f,1.0688f,0.164f,3.1565f,-0.164f,0.1724f,-1.0569f,-0.0645f,0f,0f,0f,1f],start_interpolation: 0,interpolation_duration: 1}
$data merge entity $(bone_chest1lid) {transformation: [-0.9865f,0.096f,0.1323f,-0.3416f,0.0616f,0.968f,-0.2434f,2.444f,-0.1514f,-0.2319f,-0.9609f,0.1568f,0f,0f,0f,1f],start_interpolation: 0,interpolation_duration: 1}
$data merge entity $(bone_chest2) {transformation: [-0.9865f,0.0372f,0.1592f,-0.3474f,0.0616f,0.9866f,0.1513f,2.2898f,-0.1514f,0.1591f,-0.9756f,0.1319f,0f,0f,0f,1f],start_interpolation: 0,interpolation_duration: 1}
$data merge entity $(bone_chest1lid3) {transformation: [-0.9865f,0.0372f,0.1592f,-0.178f,0.0616f,0.9866f,0.1513f,2.5371f,-0.1514f,0.1591f,-0.9756f,-0.4587f,0f,0f,0f,1f],start_interpolation: 0,interpolation_duration: 1}
$data merge entity $(bone_chest3) {transformation: [-0.9865f,0.0372f,0.1592f,-0.1838f,0.0616f,0.9866f,0.1513f,2.383f,-0.1514f,0.1591f,-0.9756f,-0.4836f,0f,0f,0f,1f],start_interpolation: 0,interpolation_duration: 1}
$data merge entity $(bone_hugeasssword2) {transformation: [-0.6235f,2.9471f,-2.5032f,-1.0473f,-0.5928f,2.4327f,3.0118f,4.4171f,3.821f,0.8583f,0.0588f,-0.3249f,0f,0f,0f,1f],start_interpolation: 0,interpolation_duration: 1}
$data merge entity $(bone_belt) {transformation: [-0.9865f,0.0372f,0.1592f,0.0789f,0.0616f,0.9866f,0.1513f,2.7417f,-0.1514f,0.1591f,-0.9756f,0.0047f,0f,0f,0f,1f],start_interpolation: 0,interpolation_duration: 1}
$data merge entity $(bone_torn_part) {transformation: [-0.9865f,-0.0542f,0.1542f,-0.0551f,0.0616f,0.7507f,0.6577f,2.4774f,-0.1514f,0.6584f,-0.7373f,-0.0454f,0f,0f,0f,1f],start_interpolation: 0,interpolation_duration: 1}
$data merge entity $(bone_lowerbody) {transformation: [-0.9865f,0.0576f,0.153f,-0.0084f,0.0616f,0.9979f,0.0213f,1.9811f,-0.1514f,0.0304f,-0.988f,0.0935f,0f,0f,0f,1f],start_interpolation: 0,interpolation_duration: 1}
$data merge entity $(bone_leftfoot) {transformation: [-0.9417f,-0.2579f,0.2161f,0.2799f,-0.2455f,0.9659f,0.0829f,0.1257f,-0.2301f,0.025f,-0.9728f,0.5636f,0f,0f,0f,1f],start_interpolation: 0,interpolation_duration: 1}
$data merge entity $(bone_leftlowerleg) {transformation: [-0.9417f,-0.2757f,0.1928f,-0.0557f,-0.2455f,0.955f,0.1667f,1.1594f,-0.2301f,0.1097f,-0.967f,0.8338f,0f,0f,0f,1f],start_interpolation: 0,interpolation_duration: 1}
$data merge entity $(bone_leftleg) {transformation: [-0.9472f,0.1101f,0.3013f,0.0358f,-0.1046f,0.7819f,-0.6145f,1.8137f,-0.3033f,-0.6136f,-0.7291f,0.2753f,0f,0f,0f,1f],start_interpolation: 0,interpolation_duration: 1}
$data merge entity $(bone_rightfoot) {transformation: [-0.5946f,0.038f,0.8031f,-0.2776f,0.1722f,0.9817f,0.081f,0.164f,-0.7854f,0.1864f,-0.5903f,-0.3379f,0f,0f,0f,1f],start_interpolation: 0,interpolation_duration: 1}
$data merge entity $(bone_rightlowerleg) {transformation: [-0.5946f,-0.2053f,0.7774f,-0.6248f,0.1722f,0.9119f,0.3725f,1.1185f,-0.7854f,0.3553f,-0.5069f,0.1341f,0f,0f,0f,1f],start_interpolation: 0,interpolation_duration: 1}
$data merge entity $(bone_rightleg) {transformation: [-0.6211f,0.3551f,0.6987f,-0.3081f,0.0334f,0.9027f,-0.4291f,1.9297f,-0.783f,-0.2431f,-0.5725f,-0.0649f,0f,0f,0f,1f],start_interpolation: 0,interpolation_duration: 1}
data modify entity @s data merge value {"cameras":{},"locators":{"lefthand":{"posx":0.02762659577610599,"posy":1.9262201261879612,"posz":0.8018231284778125,"roty":107.56825631596115,"rotx":-43.71438953101342},"sword":{"posx":-0.6598556471558915,"posy":5.278263854859017,"posz":2.573571753274001,"roty":359.10905044866274,"rotx":-57.44982648498985},"righthand":{"posx":-0.690705842645138,"posy":2.169994094508941,"posz":0.5897966621077766,"roty":359.10905044866274,"rotx":-57.44982648498985},"chest":{"posx":-0.399616253742743,"posy":2.360612862780783,"posz":0.29455395865966494,"roty":9.267379604718371,"rotx":8.705026897929876}}}