# This file was generated by Animated Java via MC-Build. It is not recommended to edit this file directly.
$data merge entity $(leftthumb2) {transformation: [-0.5341f,0.4112f,0.7387f,0.1625f,-0.3016f,0.7235f,-0.6209f,1.931f,-0.7898f,-0.5544f,-0.2624f,0.954f,0f,0f,0f,1f],start_interpolation: 0,interpolation_duration: 1}
$data merge entity $(leftthumb) {transformation: [-0.5341f,0.4112f,0.7387f,0.3265f,-0.3016f,0.7235f,-0.6209f,2.0554f,-0.7898f,-0.5544f,-0.2624f,0.7956f,0f,0f,0f,1f],start_interpolation: 0,interpolation_duration: 1}
$data merge entity $(leftpointerfinger) {transformation: [-0.6425f,0.2038f,0.7387f,0.2846f,-0.5309f,0.5767f,-0.6209f,1.8218f,-0.5525f,-0.7911f,-0.2624f,1.0516f,0f,0f,0f,1f],start_interpolation: 0,interpolation_duration: 1}
$data merge entity $(leftmidfinger) {transformation: [-0.5341f,0.4112f,0.7387f,0.4001f,-0.3016f,0.7235f,-0.6209f,1.7248f,-0.7898f,-0.5544f,-0.2624f,1.0106f,0f,0f,0f,1f],start_interpolation: 0,interpolation_duration: 1}
$data merge entity $(leftringfinger) {transformation: [-0.3361f,0.5843f,0.7387f,0.5155f,-0.0018f,0.7839f,-0.6209f,1.6278f,-0.9418f,-0.21f,-0.2624f,0.9696f,0f,0f,0f,1f],start_interpolation: 0,interpolation_duration: 1}
$data merge entity $(invisibility) {transformation: [0.474f,-0.7f,0.5341f,0.2064f,0.6667f,0.6816f,0.3016f,1.8638f,-0.5752f,0.2131f,0.7898f,0.8511f,0f,0f,0f,1f],start_interpolation: 0,interpolation_duration: 1}
$data merge entity $(swiftness) {transformation: [0.7387f,0.4112f,0.5341f,0.2614f,-0.6209f,0.7235f,0.3016f,1.6337f,-0.2624f,-0.5544f,0.7898f,0.8359f,0f,0f,0f,1f],start_interpolation: 0,interpolation_duration: 1}
$data merge entity $(suspicious_stew) {transformation: [0.6849f,-0.4957f,0.5341f,0.3256f,0.3934f,0.8685f,0.3016f,1.7135f,-0.6134f,0.0035f,0.7898f,0.8279f,0f,0f,0f,1f],start_interpolation: 0,interpolation_duration: 1}
$data merge entity $(log) {transformation: [-0.5341f,0.4112f,0.7387f,0.3616f,-0.3016f,0.7235f,-0.6209f,1.7465f,-0.7898f,-0.5544f,-0.2624f,0.6723f,0f,0f,0f,1f],start_interpolation: 0,interpolation_duration: 1}
$data merge entity $(planks) {transformation: [-0.5341f,0.4112f,0.7387f,0.3115f,-0.3016f,0.7235f,-0.6209f,1.7183f,-0.7898f,-0.5544f,-0.2624f,0.5982f,0f,0f,0f,1f],start_interpolation: 0,interpolation_duration: 1}
$data merge entity $(lefthand1) {transformation: [-0.5341f,0.4112f,0.7387f,0.5748f,-0.3016f,0.7235f,-0.6209f,2.0222f,-0.7898f,-0.5544f,-0.2624f,0.7393f,0f,0f,0f,1f],start_interpolation: 0,interpolation_duration: 1}
$data merge entity $(leftforearm) {transformation: [-0.4808f,0.491f,0.7264f,0.882f,-0.145f,0.7726f,-0.6182f,2.5669f,-0.8648f,-0.4025f,-0.3003f,0.3831f,0f,0f,0f,1f],start_interpolation: 0,interpolation_duration: 1}
$data merge entity $(leftelbow) {transformation: [-0.4808f,0.491f,0.7264f,0.9741f,-0.145f,0.7726f,-0.6182f,2.7118f,-0.8648f,-0.4025f,-0.3003f,0.3076f,0f,0f,0f,1f],start_interpolation: 0,interpolation_duration: 1}
$data merge entity $(leftarm) {transformation: [-0.9146f,0.1882f,0.3578f,0.8136f,0.0893f,0.9572f,-0.2753f,3.251f,-0.3944f,-0.2199f,-0.8923f,0.1823f,0f,0f,0f,1f],start_interpolation: 0,interpolation_duration: 1}
$data merge entity $(rightthumb2) {transformation: [-0.6847f,-0.726f,-0.0644f,-0.7754f,-0.3939f,0.443f,-0.8054f,2.1224f,0.6132f,-0.526f,-0.5893f,0.5865f,0f,0f,0f,1f],start_interpolation: 0,interpolation_duration: 1}
$data merge entity $(rightthumb) {transformation: [-0.6847f,-0.726f,-0.0644f,-0.9589f,-0.3939f,0.443f,-0.8054f,2.1622f,0.6132f,-0.526f,-0.5893f,0.4071f,0f,0f,0f,1f],start_interpolation: 0,interpolation_duration: 1}
$data merge entity $(rightpointerfinger) {transformation: [-0.9799f,-0.1632f,0.115f,-0.9774f,-0.1976f,0.71f,-0.676f,1.8758f,0.0287f,-0.6851f,-0.7279f,0.6058f,0f,0f,0f,1f],start_interpolation: 0,interpolation_duration: 1}
$data merge entity $(rightmidfinger) {transformation: [-0.9928f,-0.0339f,0.115f,-0.9594f,-0.1032f,0.7297f,-0.676f,1.7702f,-0.061f,-0.683f,-0.7279f,0.492f,0f,0f,0f,1f],start_interpolation: 0,interpolation_duration: 1}
$data merge entity $(rightringfinger) {transformation: [-0.992f,0.0527f,0.115f,-0.9414f,-0.0392f,0.7359f,-0.676f,1.6646f,-0.1203f,-0.675f,-0.7279f,0.3783f,0f,0f,0f,1f],start_interpolation: 0,interpolation_duration: 1}
$data merge entity $(hugeasssword) {transformation: [-3.7675f,-0.9714f,0.4504f,-0.7561f,-1.0133f,2.7026f,-2.6475f,1.9896f,0.3458f,-2.6632f,-2.851f,0.3418f,0f,0f,0f,1f],start_interpolation: 0,interpolation_duration: 1}
$data merge entity $(whey) {transformation: [0f,0f,0f,-0.5837f,0f,0f,0f,2.0645f,0f,0f,0f,0.4928f,0f,0f,0f,1f],start_interpolation: 0,interpolation_duration: 1}
$data merge entity $(ice) {transformation: [-0.9619f,-0.248f,0.115f,-0.7372f,-0.2587f,0.69f,-0.676f,1.9829f,0.0883f,-0.68f,-0.7279f,0.3511f,0f,0f,0f,1f],start_interpolation: 0,interpolation_duration: 1}
$data merge entity $(righthand1) {transformation: [-0.9619f,-0.248f,0.115f,-1.0361f,-0.2587f,0.69f,-0.676f,2.0696f,0.0883f,-0.68f,-0.7279f,0.1804f,0f,0f,0f,1f],start_interpolation: 0,interpolation_duration: 1}
$data merge entity $(rightforearm) {transformation: [-0.9664f,-0.1915f,-0.1714f,-1.1076f,-0.1078f,0.9076f,-0.4058f,2.7208f,0.2332f,-0.3737f,-0.8977f,-0.0829f,0f,0f,0f,1f],start_interpolation: 0,interpolation_duration: 1}
$data merge entity $(rightelbow) {transformation: [-0.9664f,-0.1915f,-0.1714f,-1.1435f,-0.1078f,0.9076f,-0.4058f,2.891f,0.2332f,-0.3737f,-0.8977f,-0.153f,0f,0f,0f,1f],start_interpolation: 0,interpolation_duration: 1}
$data merge entity $(rightarm) {transformation: [-0.946f,0.276f,0.1698f,-0.792f,0.2885f,0.956f,0.0531f,3.3084f,-0.1476f,0.0992f,-0.9841f,0.0292f,0f,0f,0f,1f],start_interpolation: 0,interpolation_duration: 1}
$data merge entity $(chest1lid) {transformation: [-0.9865f,0.0682f,0.1486f,-0.3416f,0.0616f,0.9969f,-0.0486f,2.4433f,-0.1514f,-0.0388f,-0.9877f,0.1568f,0f,0f,0f,1f],start_interpolation: 0,interpolation_duration: 1}
data modify entity @s data merge value {"cameras":{},"locators":{"soup":{"px":0.22372771428686333,"py":1.853327250988607,"pz":0.8038227479661917,"ry":145.93271823729873,"rx":17.556316827831736},"lefthand":{"px":0.36797394811514056,"py":1.7279947351287155,"pz":0.7937157200730994,"ry":70.44487914918737,"rx":-38.380639647894974},"sword":{"px":-1.24932709622525,"py":4.451027474702118,"pz":3.065498840226487,"ry":8.97759528944863,"rx":-42.52899350633852},"righthand":{"px":-0.8252739569999502,"py":1.9584131483919982,"pz":0.38133993930673793,"ry":8.97759528944863,"rx":-42.52899350633852}}}