# This file was generated by Animated Java via MC-Build. It is not recommended to edit this file directly.
$data merge entity $(bone_nose) {transformation: [-0.9515f,-0.0945f,0.2929f,-0.1301f,0.0601f,0.8762f,0.4781f,3.5935f,-0.3018f,0.4725f,-0.828f,0.6954f,0f,0f,0f,1f],start_interpolation: 0,interpolation_duration: 1}
$data merge entity $(bone_glowing_eye) {transformation: [-0.9515f,-0.0945f,0.2929f,-0.2657f,0.0601f,0.8762f,0.4781f,3.6436f,-0.3018f,0.4725f,-0.828f,0.7186f,0f,0f,0f,1f],start_interpolation: 0,interpolation_duration: 1}
$data merge entity $(bone_head) {transformation: [-0.9515f,-0.0945f,0.2929f,-0.0636f,0.0601f,0.8762f,0.4781f,3.5748f,-0.3018f,0.4725f,-0.828f,0.482f,0f,0f,0f,1f],start_interpolation: 0,interpolation_duration: 1}
$data merge entity $(bone_leftthumb2) {transformation: [-0.6309f,0.7507f,0.1961f,-0.3504f,-0.0982f,0.1735f,-0.9799f,2.6139f,-0.7696f,-0.6375f,-0.0358f,1.8187f,0f,0f,0f,1f],start_interpolation: 0,interpolation_duration: 1}
$data merge entity $(bone_leftthumb) {transformation: [-0.6309f,0.7507f,0.1961f,-0.1495f,-0.0982f,0.1735f,-0.9799f,2.5727f,-0.7696f,-0.6375f,-0.0358f,1.6593f,0f,0f,0f,1f],start_interpolation: 0,interpolation_duration: 1}
$data merge entity $(bone_leftpointerfinger) {transformation: [-0.8496f,0.4896f,0.1961f,-0.3176f,-0.1516f,0.1295f,-0.9799f,2.4805f,-0.5052f,-0.8623f,-0.0358f,1.9509f,0f,0f,0f,1f],start_interpolation: 0,interpolation_duration: 1}
$data merge entity $(bone_leftmidfinger) {transformation: [-0.6309f,0.7507f,0.1961f,-0.287f,-0.0982f,0.1735f,-0.9799f,2.3274f,-0.7696f,-0.6375f,-0.0358f,1.9453f,0f,0f,0f,1f],start_interpolation: 0,interpolation_duration: 1}
$data merge entity $(bone_leftringfinger) {transformation: [-0.2956f,0.935f,0.1961f,-0.2563f,-0.0243f,0.1979f,-0.9799f,2.1743f,-0.955f,-0.2944f,-0.0358f,1.9398f,0f,0f,0f,1f],start_interpolation: 0,interpolation_duration: 1}
$data merge entity $(bone_invisibility) {transformation: [0.7649f,-0.13f,0.6309f,-0.3599f,0.0875f,0.9913f,0.0982f,2.5117f,-0.6382f,-0.0199f,0.7696f,1.738f,0f,0f,0f,1f],start_interpolation: 0,interpolation_duration: 1}
$data merge entity $(bone_swiftness) {transformation: [0.1961f,0.7507f,0.6309f,-0.4577f,-0.9799f,0.1735f,0.0982f,2.2994f,-0.0358f,-0.6375f,0.7696f,1.7776f,0f,0f,0f,1f],start_interpolation: 0,interpolation_duration: 1}
$data merge entity $(bone_suspicious_stew) {transformation: [0.7632f,0.1395f,0.6309f,-0.3583f,-0.2568f,0.9615f,0.0982f,2.3199f,-0.5929f,-0.237f,0.7696f,1.7612f,0f,0f,0f,1f],start_interpolation: 0,interpolation_duration: 1}
$data merge entity $(bone_log) {transformation: [-0.6309f,0.7507f,0.1961f,-0.3145f,-0.0982f,0.1735f,-0.9799f,2.2864f,-0.7696f,-0.6375f,-0.0358f,1.6077f,0f,0f,0f,1f],start_interpolation: 0,interpolation_duration: 1}
$data merge entity $(bone_planks) {transformation: [-0.6309f,0.7507f,0.1961f,-0.3736f,-0.0982f,0.1735f,-0.9799f,2.2772f,-0.7696f,-0.6375f,-0.0358f,1.5355f,0f,0f,0f,1f],start_interpolation: 0,interpolation_duration: 1}
$data merge entity $(bone_lefthand1) {transformation: [-0.6309f,0.7507f,0.1961f,0.0248f,-0.0982f,0.1735f,-0.9799f,2.385f,-0.7696f,-0.6375f,-0.0358f,1.6418f,0f,0f,0f,1f],start_interpolation: 0,interpolation_duration: 1}
$data merge entity $(bone_leftforearm) {transformation: [-0.4087f,0.8758f,0.2568f,0.6161f,-0.0117f,0.2763f,-0.961f,2.588f,-0.9126f,-0.3957f,-0.1027f,1.2853f,0f,0f,0f,1f],start_interpolation: 0,interpolation_duration: 1}
$data merge entity $(bone_leftelbow) {transformation: [-0.4087f,0.8758f,0.2568f,0.7803f,-0.0117f,0.2763f,-0.961f,2.6398f,-0.9126f,-0.3957f,-0.1027f,1.2111f,0f,0f,0f,1f],start_interpolation: 0,interpolation_duration: 1}
$data merge entity $(bone_leftarm) {transformation: [-0.9509f,0.1997f,0.2363f,0.6283f,-0.027f,0.7071f,-0.7066f,3.0627f,-0.3082f,-0.6783f,-0.667f,0.8502f,0f,0f,0f,1f],start_interpolation: 0,interpolation_duration: 1}
$data merge entity $(bone_rightthumb2) {transformation: [-0.8655f,0.2179f,0.4511f,-1.3888f,0.066f,0.9422f,-0.3286f,1.8788f,-0.4966f,-0.2546f,-0.8298f,-0.6894f,0f,0f,0f,1f],start_interpolation: 0,interpolation_duration: 1}
$data merge entity $(bone_rightthumb) {transformation: [-0.8655f,0.2179f,0.4511f,-1.2968f,0.066f,0.9422f,-0.3286f,2.0818f,-0.4966f,-0.2546f,-0.8298f,-0.8227f,0f,0f,0f,1f],start_interpolation: 0,interpolation_duration: 1}
$data merge entity $(bone_rightpointerfinger) {transformation: [-0.438f,0.6107f,0.6597f,-1.5065f,0.5566f,0.7605f,-0.3344f,1.855f,-0.7059f,0.2208f,-0.673f,-0.9853f,0f,0f,0f,1f],start_interpolation: 0,interpolation_duration: 1}
$data merge entity $(bone_rightmidfinger) {transformation: [-0.3545f,0.6626f,0.6597f,-1.4034f,0.6511f,0.6813f,-0.3344f,1.8027f,-0.6711f,0.311f,-0.673f,-1.0904f,0f,0f,0f,1f],start_interpolation: 0,interpolation_duration: 1}
$data merge entity $(bone_rightringfinger) {transformation: [-0.2954f,0.691f,0.6597f,-1.3003f,0.708f,0.622f,-0.3344f,1.7505f,-0.6414f,0.3683f,-0.673f,-1.1956f,0f,0f,0f,1f],start_interpolation: 0,interpolation_duration: 1}
$data merge entity $(bone_hugeasssword) {transformation: [-1.9173f,2.2333f,2.5839f,-1.1679f,1.9123f,3.1572f,-1.3099f,1.842f,-2.8298f,0.6204f,-2.6359f,-0.8558f,0f,0f,0f,1f],start_interpolation: 0,interpolation_duration: 1}
$data merge entity $(bone_ice) {transformation: [-0.4895f,0.5702f,0.6597f,-1.1691f,0.4882f,0.8061f,-0.3344f,1.8218f,-0.7225f,0.1584f,-0.673f,-0.847f,0f,0f,0f,1f],start_interpolation: 0,interpolation_duration: 1}
$data merge entity $(bone_righthand1) {transformation: [-0.4895f,0.5702f,0.6597f,-1.1283f,0.4882f,0.8061f,-0.3344f,2.1349f,-0.7225f,0.1584f,-0.673f,-1.0091f,0f,0f,0f,1f],start_interpolation: 0,interpolation_duration: 1}
$data merge entity $(bone_rightforearm) {transformation: [-0.6801f,0.2747f,0.6797f,-0.9033f,0.4434f,0.8925f,0.083f,2.7334f,-0.5838f,0.3578f,-0.7288f,-0.7096f,0f,0f,0f,1f],start_interpolation: 0,interpolation_duration: 1}
$data merge entity $(bone_rightelbow) {transformation: [-0.6801f,0.2747f,0.6797f,-0.8518f,0.4434f,0.8925f,0.083f,2.9008f,-0.5838f,0.3578f,-0.7288f,-0.6425f,0f,0f,0f,1f],start_interpolation: 0,interpolation_duration: 1}
$data merge entity $(bone_rightarm) {transformation: [-0.5556f,0.099f,0.8256f,-0.7485f,0.5535f,0.785f,0.2783f,3.145f,-0.6205f,0.6115f,-0.4909f,-0.1319f,0f,0f,0f,1f],start_interpolation: 0,interpolation_duration: 1}
$data merge entity $(bone_chest1) {transformation: [-0.8737f,-0.1677f,0.6182f,0.0828f,0.1214f,0.9833f,0.4383f,3.0122f,-0.6289f,0.4227f,-0.7742f,0.1661f,0f,0f,0f,1f],start_interpolation: 0,interpolation_duration: 1}
$data merge entity $(bone_chest1lid) {transformation: [-0.8065f,0.229f,0.5451f,-0.3101f,0.112f,0.9644f,-0.2395f,2.2718f,-0.5805f,-0.1321f,-0.8035f,-0.0191f,0f,0f,0f,1f],start_interpolation: 0,interpolation_duration: 1}
$data merge entity $(bone_chest2) {transformation: [-0.8065f,-0.1548f,0.5706f,-0.2859f,0.112f,0.9076f,0.4046f,2.13f,-0.5805f,0.3902f,-0.7147f,-0.0801f,0f,0f,0f,1f],start_interpolation: 0,interpolation_duration: 1}
$data merge entity $(bone_chest1lid3) {transformation: [-0.8065f,-0.1548f,0.5706f,0.1059f,0.112f,0.9076f,0.4046f,2.5239f,-0.5805f,0.3902f,-0.7147f,-0.4407f,0f,0f,0f,1f],start_interpolation: 0,interpolation_duration: 1}
$data merge entity $(bone_chest3) {transformation: [-0.8065f,-0.1548f,0.5706f,0.1301f,0.112f,0.9076f,0.4046f,2.3821f,-0.5805f,0.3902f,-0.7147f,-0.5016f,0f,0f,0f,1f],start_interpolation: 0,interpolation_duration: 1}
$data merge entity $(bone_hugeasssword2) {transformation: [-2.2349f,1.9193f,-2.5811f,-0.9393f,-1.5846f,2.0782f,2.9173f,4.3105f,2.7991f,2.7089f,-0.4093f,-0.2857f,0f,0f,0f,1f],start_interpolation: 0,interpolation_duration: 1}
$data merge entity $(bone_belt) {transformation: [-0.8065f,-0.1548f,0.5706f,0.0956f,0.112f,0.9076f,0.4046f,2.5941f,-0.5805f,0.3902f,-0.7147f,0.1228f,0f,0f,0f,1f],start_interpolation: 0,interpolation_duration: 1}
$data merge entity $(bone_torn_part) {transformation: [-0.8065f,-0.4199f,0.4163f,0.0337f,0.112f,0.5828f,0.8049f,2.3344f,-0.5805f,0.6957f,-0.423f,-0.0527f,0f,0f,0f,1f],start_interpolation: 0,interpolation_duration: 1}
$data merge entity $(bone_lowerbody) {transformation: [-0.8065f,-0.0541f,0.5888f,0.056f,0.112f,0.9638f,0.2419f,1.8188f,-0.5805f,0.2611f,-0.7713f,-0.015f,0f,0f,0f,1f],start_interpolation: 0,interpolation_duration: 1}
$data merge entity $(bone_leftfoot) {transformation: [-0.9778f,-0.1731f,0.1175f,0.2669f,-0.1605f,0.9809f,0.11f,0.1666f,-0.1343f,0.0887f,-0.987f,0.6074f,0f,0f,0f,1f],start_interpolation: 0,interpolation_duration: 1}
$data merge entity $(bone_leftlowerleg) {transformation: [-0.9778f,-0.1726f,0.1184f,0.0573f,-0.1605f,0.9814f,0.1051f,1.2392f,-0.1343f,0.0838f,-0.9874f,0.852f,0f,0f,0f,1f],start_interpolation: 0,interpolation_duration: 1}
$data merge entity $(bone_leftleg) {transformation: [-0.9684f,0.1796f,0.1731f,0.2044f,-0.0468f,0.5508f,-0.8333f,1.6873f,-0.245f,-0.8151f,-0.525f,0.1271f,0f,0f,0f,1f],start_interpolation: 0,interpolation_duration: 1}
$data merge entity $(bone_rightfoot) {transformation: [-0.487f,0.0038f,0.8734f,-0.3137f,0.1448f,0.9865f,0.0765f,0.1546f,-0.8613f,0.1637f,-0.481f,-0.2564f,0f,0f,0f,1f],start_interpolation: 0,interpolation_duration: 1}
$data merge entity $(bone_rightlowerleg) {transformation: [-0.487f,-0.1964f,0.851f,-0.6624f,0.1448f,0.9427f,0.3004f,1.1543f,-0.8613f,0.2695f,-0.4307f,0.1087f,0f,0f,0f,1f],start_interpolation: 0,interpolation_duration: 1}
$data merge entity $(bone_rightleg) {transformation: [-0.6051f,0.5836f,0.5416f,-0.1399f,0.0728f,0.718f,-0.6923f,1.8033f,-0.7928f,-0.3795f,-0.4769f,-0.213f,0f,0f,0f,1f],start_interpolation: 0,interpolation_duration: 1}
$data merge entity $(bone_sack_top) {transformation: [-0.04f,0f,0f,-0.1055f,0f,0.1f,0f,0.2977f,0f,0f,-0.04f,-0.1836f,0f,0f,0f,1f],start_interpolation: 0,interpolation_duration: 1}
$data merge entity $(bone_sack_main) {transformation: [-0.0583f,0f,0f,-0.1055f,0f,0.0583f,0f,0.2977f,0f,0f,-0.0583f,-0.1836f,0f,0f,0f,1f],start_interpolation: 0,interpolation_duration: 1}
data modify entity @s data merge value {"cameras":{},"locators":{"lefthand":{"posx":-0.3170213341908253,"posy":2.2973807803253328,"posz":1.7302001531333275,"roty":79.65422996681843,"rotx":-78.49933023419361},"sword":{"posx":-3.6669722778696663,"posy":3.0934554443557314,"posz":1.5749608626629423,"roty":44.429646509448446,"rotx":-19.5386529042279},"righthand":{"posx":-1.2342463045144652,"posy":1.8601979569569234,"posz":-0.9066870894724457,"roty":44.429646509448446,"rotx":-19.5386529042279},"chest":{"posx":-0.4147686992813968,"posy":2.1553334601539897,"posz":0.05002354864573197,"roty":38.60512355923788,"rotx":23.864139009451907},"sack":{"posx":-0.09921874999999997,"posy":0.33515625,"posz":-0.18359375,"roty":0,"rotx":0}}}