# This file was generated by Animated Java via MC-Build. It is not recommended to edit this file directly.
$data merge entity $(bone_nose) {transformation: [-0.9434f,-0.1689f,0.2854f,-0.7097f,-0.0727f,0.945f,0.3188f,3.0888f,-0.3236f,0.28f,-0.9038f,1.0161f,0f,0f,0f,1f],start_interpolation: 0,interpolation_duration: 1}
$data merge entity $(bone_glowing_eye) {transformation: [-0.9434f,-0.1689f,0.2854f,-0.849f,-0.0727f,0.945f,0.3188f,3.1326f,-0.3236f,0.28f,-0.9038f,1.0262f,0f,0f,0f,1f],start_interpolation: 0,interpolation_duration: 1}
$data merge entity $(bone_head) {transformation: [-0.9434f,-0.1689f,0.2854f,-0.6354f,-0.0727f,0.945f,0.3188f,3.0318f,-0.3236f,0.28f,-0.9038f,0.8123f,0f,0f,0f,1f],start_interpolation: 0,interpolation_duration: 1}
$data merge entity $(bone_leftthumb2) {transformation: [-0.6359f,-0.1579f,0.7555f,0.3617f,-0.6001f,-0.5143f,-0.6126f,3.0554f,0.4853f,-0.8429f,0.2323f,2.9446f,0f,0f,0f,1f],start_interpolation: 0,interpolation_duration: 1}
$data merge entity $(bone_leftthumb) {transformation: [-0.6359f,-0.1579f,0.7555f,0.3875f,-0.6001f,-0.5143f,-0.6126f,2.8769f,0.4853f,-0.8429f,0.2323f,2.7578f,0f,0f,0f,1f],start_interpolation: 0,interpolation_duration: 1}
$data merge entity $(bone_leftpointerfinger) {transformation: [-0.5435f,-0.3658f,0.7555f,0.5443f,-0.388f,-0.6886f,-0.6126f,3.0826f,0.7443f,-0.6261f,0.2323f,2.9922f,0f,0f,0f,1f],start_interpolation: 0,interpolation_duration: 1}
$data merge entity $(bone_leftmidfinger) {transformation: [-0.6359f,-0.1579f,0.7555f,0.6623f,-0.6001f,-0.5143f,-0.6126f,2.9869f,0.4853f,-0.8429f,0.2323f,3.0285f,0f,0f,0f,1f],start_interpolation: 0,interpolation_duration: 1}
$data merge entity $(bone_leftringfinger) {transformation: [-0.6479f,0.0975f,0.7555f,0.7804f,-0.7513f,-0.2455f,-0.6126f,2.8911f,0.1258f,-0.9645f,0.2323f,3.0648f,0f,0f,0f,1f],start_interpolation: 0,interpolation_duration: 1}
$data merge entity $(bone_invisibility) {transformation: [-0.0914f,-0.7664f,0.6359f,0.3842f,-0.5658f,0.5655f,0.6001f,2.9329f,-0.8195f,-0.3049f,-0.4853f,2.9837f,0f,0f,0f,1f],start_interpolation: 0,interpolation_duration: 1}
$data merge entity $(bone_swiftness) {transformation: [0.7555f,-0.1579f,0.6359f,0.5141f,-0.6126f,-0.5143f,0.6001f,2.8565f,0.2323f,-0.8429f,-0.4853f,3.1667f,0f,0f,0f,1f],start_interpolation: 0,interpolation_duration: 1}
$data merge entity $(bone_suspicious_stew) {transformation: [0.1762f,-0.7514f,0.6359f,0.5332f,-0.725f,0.3379f,0.6001f,2.8422f,-0.6658f,-0.5668f,-0.4853f,3.0668f,0f,0f,0f,1f],start_interpolation: 0,interpolation_duration: 1}
$data merge entity $(bone_log) {transformation: [-0.6359f,-0.1579f,0.7555f,0.4893f,-0.6001f,-0.5143f,-0.6126f,2.6929f,0.4853f,-0.8429f,0.2323f,3.0178f,0f,0f,0f,1f],start_interpolation: 0,interpolation_duration: 1}
$data merge entity $(bone_planks) {transformation: [-0.6359f,-0.1579f,0.7555f,0.4297f,-0.6001f,-0.5143f,-0.6126f,2.6367f,0.4853f,-0.8429f,0.2323f,3.0633f,0f,0f,0f,1f],start_interpolation: 0,interpolation_duration: 1}
$data merge entity $(bone_lefthand1) {transformation: [-0.6359f,-0.1579f,0.7555f,0.5852f,-0.6001f,-0.5143f,-0.6126f,2.7335f,0.4853f,-0.8429f,0.2323f,2.6785f,0f,0f,0f,1f],start_interpolation: 0,interpolation_duration: 1}
$data merge entity $(bone_leftforearm) {transformation: [-0.6916f,-0.0175f,0.7221f,0.5116f,-0.7203f,-0.0565f,-0.6913f,2.639f,0.0529f,-0.9982f,0.0265f,1.9688f,0f,0f,0f,1f],start_interpolation: 0,interpolation_duration: 1}
$data merge entity $(bone_leftelbow) {transformation: [-0.6916f,-0.0175f,0.7221f,0.5083f,-0.7203f,-0.0565f,-0.6913f,2.6284f,0.0529f,-0.9982f,0.0265f,1.7817f,0f,0f,0f,1f],start_interpolation: 0,interpolation_duration: 1}
$data merge entity $(bone_leftarm) {transformation: [-0.742f,-0.3603f,0.5653f,0.0888f,-0.6253f,0.0681f,-0.7774f,2.5838f,0.2416f,-0.9303f,-0.2759f,1.389f,0f,0f,0f,1f],start_interpolation: 0,interpolation_duration: 1}
$data merge entity $(bone_rightthumb2) {transformation: [-0.4969f,0.4793f,0.7235f,-1.5316f,0.5416f,0.8227f,-0.1731f,1.808f,-0.6781f,0.3058f,-0.6683f,-1.1997f,0f,0f,0f,1f],start_interpolation: 0,interpolation_duration: 1}
$data merge entity $(bone_rightthumb) {transformation: [-0.4969f,0.4793f,0.7235f,-1.3522f,0.5416f,0.8227f,-0.1731f,1.995f,-0.6781f,0.3058f,-0.6683f,-1.1819f,0f,0f,0f,1f],start_interpolation: 0,interpolation_duration: 1}
$data merge entity $(bone_rightpointerfinger) {transformation: [0.0596f,0.5584f,0.8274f,-1.4965f,0.8803f,0.3615f,-0.3073f,1.9297f,-0.4707f,0.7466f,-0.47f,-1.4929f,0f,0f,0f,1f],start_interpolation: 0,interpolation_duration: 1}
$data merge entity $(bone_rightmidfinger) {transformation: [0.132f,0.5459f,0.8274f,-1.3672f,0.9199f,0.2435f,-0.3073f,1.8817f,-0.3692f,0.8017f,-0.47f,-1.5663f,0f,0f,0f,1f],start_interpolation: 0,interpolation_duration: 1}
$data merge entity $(bone_rightringfinger) {transformation: [0.179f,0.5323f,0.8274f,-1.2379f,0.9376f,0.1624f,-0.3073f,1.8337f,-0.298f,0.8308f,-0.47f,-1.6398f,0f,0f,0f,1f],start_interpolation: 0,interpolation_duration: 1}
$data merge entity $(bone_hugeasssword) {transformation: [0.0418f,2.1992f,3.2407f,-1.2689f,3.3112f,1.7109f,-1.2038f,1.7507f,-2.0915f,2.7526f,-1.841f,-1.2744f,0f,0f,0f,1f],start_interpolation: 0,interpolation_duration: 1}
$data merge entity $(bone_ice) {transformation: [0.0107f,0.5615f,0.8274f,-1.2779f,0.8454f,0.4368f,-0.3073f,1.7306f,-0.534f,0.7028f,-0.47f,-1.277f,0f,0f,0f,1f],start_interpolation: 0,interpolation_duration: 1}
$data merge entity $(bone_righthand1) {transformation: [0.0107f,0.5615f,0.8274f,-1.109f,0.8454f,0.4368f,-0.3073f,2.0416f,-0.534f,0.7028f,-0.47f,-1.2495f,0f,0f,0f,1f],start_interpolation: 0,interpolation_duration: 1}
$data merge entity $(bone_rightforearm) {transformation: [-0.3547f,0.2069f,0.9118f,-0.9556f,0.6878f,0.7184f,0.1046f,2.5021f,-0.6334f,0.6642f,-0.3971f,-0.7367f,0f,0f,0f,1f],start_interpolation: 0,interpolation_duration: 1}
$data merge entity $(bone_rightelbow) {transformation: [-0.3547f,0.2069f,0.9118f,-0.9168f,0.6878f,0.7184f,0.1046f,2.6368f,-0.6334f,0.6642f,-0.3971f,-0.6122f,0f,0f,0f,1f],start_interpolation: 0,interpolation_duration: 1}
$data merge entity $(bone_rightarm) {transformation: [-0.2265f,-0.1773f,0.9577f,-1.0472f,0.7846f,0.5495f,0.2873f,2.7038f,-0.5772f,0.8165f,0.0147f,-0.0558f,0f,0f,0f,1f],start_interpolation: 0,interpolation_duration: 1}
$data merge entity $(bone_chest1) {transformation: [-0.744f,-0.5144f,0.5963f,-0.2803f,0.1416f,0.7195f,0.7974f,2.6561f,-0.7747f,0.6255f,-0.4269f,0.3993f,0f,0f,0f,1f],start_interpolation: 0,interpolation_duration: 1}
$data merge entity $(bone_chest1lid) {transformation: [-0.6867f,-0.4384f,0.5798f,-0.4056f,0.1307f,0.7102f,0.6918f,1.9588f,-0.7151f,0.5508f,-0.4304f,-0.0852f,0f,0f,0f,1f],start_interpolation: 0,interpolation_duration: 1}
$data merge entity $(bone_chest2) {transformation: [-0.6867f,-0.4748f,0.5504f,-0.3314f,0.1307f,0.6642f,0.7361f,1.855f,-0.7151f,0.5774f,-0.3941f,-0.1755f,0f,0f,0f,1f],start_interpolation: 0,interpolation_duration: 1}
$data merge entity $(bone_chest1lid3) {transformation: [-0.6867f,-0.4748f,0.5504f,-0.0101f,0.1307f,0.6642f,0.7361f,2.4221f,-0.7151f,0.5774f,-0.3941f,-0.293f,0f,0f,0f,1f],start_interpolation: 0,interpolation_duration: 1}
$data merge entity $(bone_chest3) {transformation: [-0.6867f,-0.4748f,0.5504f,0.0641f,0.1307f,0.6642f,0.7361f,2.3183f,-0.7151f,0.5774f,-0.3941f,-0.3832f,0f,0f,0f,1f],start_interpolation: 0,interpolation_duration: 1}
$data merge entity $(bone_hugeasssword2) {transformation: [-2.1557f,0.7266f,-3.1883f,-1.5315f,-2.8829f,1.3801f,2.2638f,3.7828f,1.5435f,3.5927f,-0.2248f,0.0839f,0f,0f,0f,1f],start_interpolation: 0,interpolation_duration: 1}
$data merge entity $(bone_belt) {transformation: [-0.6867f,-0.4748f,0.5504f,-0.1412f,0.1307f,0.6642f,0.7361f,2.291f,-0.7151f,0.5774f,-0.3941f,0.2438f,0f,0f,0f,1f],start_interpolation: 0,interpolation_duration: 1}
$data merge entity $(bone_torn_part) {transformation: [-0.6867f,-0.7153f,0.1292f,-0.0462f,0.1307f,0.0533f,0.99f,2.0896f,-0.7151f,0.6967f,0.0569f,-0.0541f,0f,0f,0f,1f],start_interpolation: 0,interpolation_duration: 1}
$data merge entity $(bone_lowerbody) {transformation: [-0.6867f,-0.4649f,0.5588f,0.1693f,0.1307f,0.6772f,0.7241f,1.6444f,-0.7151f,0.5703f,-0.4043f,-0.2059f,0f,0f,0f,1f],start_interpolation: 0,interpolation_duration: 1}
$data merge entity $(bone_leftfoot) {transformation: [-0.9735f,-0.0535f,0.2222f,0.3236f,-0.0619f,0.9976f,-0.031f,0.1349f,-0.22f,-0.0439f,-0.9745f,0.5179f,0f,0f,0f,1f],start_interpolation: 0,interpolation_duration: 1}
$data merge entity $(bone_leftlowerleg) {transformation: [-0.9735f,-0.0534f,0.2222f,0.2302f,-0.0619f,0.9976f,-0.0311f,1.2464f,-0.22f,-0.044f,-0.9745f,0.6188f,0f,0f,0f,1f],start_interpolation: 0,interpolation_duration: 1}
$data merge entity $(bone_leftleg) {transformation: [-0.9392f,0.3244f,0.1125f,0.5009f,0.0345f,0.4152f,-0.9091f,1.5759f,-0.3416f,-0.8499f,-0.4012f,-0.1335f,0f,0f,0f,1f],start_interpolation: 0,interpolation_duration: 1}
$data merge entity $(bone_rightfoot) {transformation: [-0.476f,-0.0466f,0.8782f,-0.2899f,0.096f,0.9899f,0.1046f,0.2055f,-0.8742f,0.1341f,-0.4667f,-0.2604f,0f,0f,0f,1f],start_interpolation: 0,interpolation_duration: 1}
$data merge entity $(bone_rightlowerleg) {transformation: [-0.476f,-0.0675f,0.8768f,-0.4995f,0.096f,0.9871f,0.1281f,1.2808f,-0.8742f,0.1452f,-0.4634f,-0.0281f,0f,0f,0f,1f],start_interpolation: 0,interpolation_duration: 1}
$data merge entity $(bone_rightleg) {transformation: [-0.6051f,0.7298f,0.3182f,0.1565f,0.0728f,0.4487f,-0.8907f,1.6919f,-0.7928f,-0.5158f,-0.3246f,-0.4735f,0f,0f,0f,1f],start_interpolation: 0,interpolation_duration: 1}
$data merge entity $(bone_sack_top) {transformation: [-0.04f,0f,0f,-0.0679f,0f,0.1f,0f,-1.3038f,0f,0f,-0.04f,-0.0159f,0f,0f,0f,1f],start_interpolation: 0,interpolation_duration: 1}
$data merge entity $(bone_sack_main) {transformation: [-0.0583f,0f,0f,-0.0679f,0f,0.0583f,0f,-1.3038f,0f,0f,-0.0583f,-0.0159f,0f,0f,0f,1f],start_interpolation: 0,interpolation_duration: 1}
data modify entity @s data merge value {"cameras":{},"locators":{"lefthand":{"posx":0.5494282513477515,"posy":2.798938577761323,"posz":3.034519004464831,"roty":107.09260301369645,"rotx":-37.778931112110655},"sword":{"posx":-4.349615838554014,"posy":2.9412025651048417,"posz":0.40255920914452825,"roty":60.3992475415441,"rotx":-17.89933555693103},"righthand":{"posx":-1.2985656710429736,"posy":1.8078657299827068,"posz":-1.330731517619506,"roty":60.3992475415441,"rotx":-17.89933555693103},"chest":{"posx":-0.48341352307549135,"posy":1.8063198911224734,"posz":-0.08209244534169163,"roty":54.398062326637344,"rotx":47.396072650666675},"sack":{"posx":-0.061693431712962966,"posy":-1.2663158275462962,"posz":-0.015860098379629636,"roty":0,"rotx":0}}}