# This file was generated by Animated Java via MC-Build. It is not recommended to edit this file directly.
$data merge entity $(nose) {transformation: [-0.9712f,-0.1179f,0.2071f,0.0969f,0.0095f,0.8492f,0.528f,3.6975f,-0.2382f,0.5148f,-0.8236f,0.3633f,0f,0f,0f,1f],start_interpolation: 0,interpolation_duration: 1}
$data merge entity $(glowing_eye) {transformation: [-0.9712f,-0.1179f,0.2071f,-0.0398f,0.0095f,0.8492f,0.528f,3.7378f,-0.2382f,0.5148f,-0.8236f,0.3971f,0f,0f,0f,1f],start_interpolation: 0,interpolation_duration: 1}
$data merge entity $(head) {transformation: [-0.9712f,-0.1179f,0.2071f,0.1502f,0.0095f,0.8492f,0.528f,3.6915f,-0.2382f,0.5148f,-0.8236f,0.1455f,0f,0f,0f,1f],start_interpolation: 0,interpolation_duration: 1}
$data merge entity $(leftthumb2) {transformation: [-0.7311f,0.6115f,0.3026f,-0.0708f,-0.1552f,0.2827f,-0.9465f,2.5176f,-0.6643f,-0.739f,-0.1118f,1.5511f,0f,0f,0f,1f],start_interpolation: 0,interpolation_duration: 1}
$data merge entity $(leftthumb) {transformation: [-0.7311f,0.6115f,0.3026f,0.105f,-0.1552f,0.2827f,-0.9465f,2.5061f,-0.6643f,-0.739f,-0.1118f,1.3603f,0f,0f,0f,1f],start_interpolation: 0,interpolation_duration: 1}
$data merge entity $(leftpointerfinger) {transformation: [-0.8962f,0.3245f,0.3026f,-0.0015f,-0.2426f,0.2126f,-0.9465f,2.3859f,-0.3715f,-0.9217f,-0.1118f,1.6702f,0f,0f,0f,1f],start_interpolation: 0,interpolation_duration: 1}
$data merge entity $(leftmidfinger) {transformation: [-0.7311f,0.6115f,0.3026f,0.0458f,-0.1552f,0.2827f,-0.9465f,2.238f,-0.6643f,-0.739f,-0.1118f,1.6528f,0f,0f,0f,1f],start_interpolation: 0,interpolation_duration: 1}
$data merge entity $(leftringfinger) {transformation: [-0.4415f,0.8447f,0.3026f,0.093f,-0.0352f,0.3206f,-0.9465f,2.0901f,-0.8966f,-0.4285f,-0.1118f,1.6353f,0f,0f,0f,1f],start_interpolation: 0,interpolation_duration: 1}
$data merge entity $(invisibility) {transformation: [0.6355f,-0.2481f,0.7311f,-0.0812f,0.1992f,0.9676f,0.1552f,2.4173f,-0.7459f,0.047f,0.6643f,1.4683f,0f,0f,0f,1f],start_interpolation: 0,interpolation_duration: 1}
$data merge entity $(swiftness) {transformation: [0.3026f,0.6115f,0.7311f,-0.1453f,-0.9465f,0.2827f,0.1552f,2.1935f,-0.1118f,-0.739f,0.6643f,1.5129f,0f,0f,0f,1f],start_interpolation: 0,interpolation_duration: 1}
$data merge entity $(suspicious_stew) {transformation: [0.6821f,-0.0158f,0.7311f,-0.0531f,-0.1438f,0.9774f,0.1552f,2.2266f,-0.717f,-0.211f,0.6643f,1.482f,0f,0f,0f,1f],start_interpolation: 0,interpolation_duration: 1}
$data merge entity $(log) {transformation: [-0.7311f,0.6115f,0.3026f,-0.031f,-0.1552f,0.2827f,-0.9465f,2.203f,-0.6643f,-0.739f,-0.1118f,1.3221f,0f,0f,0f,1f],start_interpolation: 0,interpolation_duration: 1}
$data merge entity $(planks) {transformation: [-0.7311f,0.6115f,0.3026f,-0.0996f,-0.1552f,0.2827f,-0.9465f,2.1885f,-0.6643f,-0.739f,-0.1118f,1.2598f,0f,0f,0f,1f],start_interpolation: 0,interpolation_duration: 1}
$data merge entity $(lefthand1) {transformation: [-0.7311f,0.6115f,0.3026f,0.2952f,-0.1552f,0.2827f,-0.9465f,2.3421f,-0.6643f,-0.739f,-0.1118f,1.307f,0f,0f,0f,1f],start_interpolation: 0,interpolation_duration: 1}
$data merge entity $(leftforearm) {transformation: [-0.6225f,0.728f,0.2872f,0.7631f,-0.0665f,0.3165f,-0.9463f,2.5692f,-0.7798f,-0.6081f,-0.1486f,0.8096f,0f,0f,0f,1f],start_interpolation: 0,interpolation_duration: 1}
$data merge entity $(leftelbow) {transformation: [-0.6225f,0.728f,0.2872f,0.8996f,-0.0665f,0.3165f,-0.9463f,2.6286f,-0.7798f,-0.6081f,-0.1486f,0.6956f,0f,0f,0f,1f],start_interpolation: 0,interpolation_duration: 1}
$data merge entity $(leftarm) {transformation: [-0.7376f,0.2558f,0.6249f,0.792f,-0.0259f,0.914f,-0.4048f,3.1297f,-0.6747f,-0.3148f,-0.6676f,0.4319f,0f,0f,0f,1f],start_interpolation: 0,interpolation_duration: 1}
$data merge entity $(rightthumb2) {transformation: [-0.5646f,-0.6798f,-0.468f,-0.6891f,0.5537f,0.1085f,-0.8256f,3.0958f,0.6121f,-0.7253f,0.3151f,1.2297f,0f,0f,0f,1f],start_interpolation: 0,interpolation_duration: 1}
$data merge entity $(rightthumb) {transformation: [-0.5646f,-0.6798f,-0.468f,-0.8958f,0.5537f,0.1085f,-0.8256f,3.0519f,0.6121f,-0.7253f,0.3151f,1.0787f,0f,0f,0f,1f],start_interpolation: 0,interpolation_duration: 1}
$data merge entity $(rightpointerfinger) {transformation: [-0.9426f,-0.1336f,-0.306f,-0.941f,0.3209f,-0.1094f,-0.9408f,3.0704f,0.0922f,-0.985f,0.146f,1.4243f,0f,0f,0f,1f],start_interpolation: 0,interpolation_duration: 1}
$data merge entity $(rightmidfinger) {transformation: [-0.952f,-0.0094f,-0.306f,-0.9888f,0.3039f,-0.1503f,-0.9408f,2.9234f,-0.0371f,-0.9886f,0.146f,1.4472f,0f,0f,0f,1f],start_interpolation: 0,interpolation_duration: 1}
$data merge entity $(rightringfinger) {transformation: [-0.9492f,0.0736f,-0.306f,-1.0366f,0.2896f,-0.1763f,-0.9408f,2.7764f,-0.1232f,-0.9816f,0.146f,1.47f,0f,0f,0f,1f],start_interpolation: 0,interpolation_duration: 1}
$data merge entity $(hugeasssword) {transformation: [-3.6323f,-0.843f,-1.1984f,-0.7814f,1.2893f,-0.3173f,-3.6847f,2.8342f,0.696f,-3.8117f,0.5718f,1.2f,0f,0f,0f,1f],start_interpolation: 0,interpolation_duration: 1}
$data merge entity $(whey) {transformation: [0f,0f,0f,-0.5588f,0f,0f,0f,2.9175f,0f,0f,0f,1.2402f,0f,0f,0f,1f],start_interpolation: 0,interpolation_duration: 1}
$data merge entity $(ice) {transformation: [-0.9274f,-0.2152f,-0.306f,-0.7635f,0.3292f,-0.081f,-0.9408f,2.8303f,0.1777f,-0.9732f,0.146f,1.2124f,0f,0f,0f,1f],start_interpolation: 0,interpolation_duration: 1}
$data merge entity $(righthand1) {transformation: [-0.9274f,-0.2152f,-0.306f,-1.0588f,0.3292f,-0.081f,-0.9408f,2.8629f,0.1777f,-0.9732f,0.146f,1.0181f,0f,0f,0f,1f],start_interpolation: 0,interpolation_duration: 1}
$data merge entity $(rightforearm) {transformation: [-0.8449f,-0.0109f,-0.5348f,-1.0053f,0.5171f,0.2393f,-0.8218f,3.0117f,0.137f,-0.9709f,-0.1965f,0.33f,0f,0f,0f,1f],start_interpolation: 0,interpolation_duration: 1}
$data merge entity $(rightelbow) {transformation: [-0.8449f,-0.0109f,-0.5348f,-1.0073f,0.5171f,0.2393f,-0.8218f,3.0565f,0.137f,-0.9709f,-0.1965f,0.1479f,0f,0f,0f,1f],start_interpolation: 0,interpolation_duration: 1}
$data merge entity $(rightarm) {transformation: [-0.9023f,0.1889f,-0.3876f,-0.6568f,0.4312f,0.3988f,-0.8094f,3.2374f,0.0017f,-0.8974f,-0.4412f,-0.2709f,0f,0f,0f,1f],start_interpolation: 0,interpolation_duration: 1}
$data merge entity $(chest1) {transformation: [-0.9422f,-0.0077f,0.5346f,0.1932f,0.1023f,1.0606f,0.1956f,3.0636f,-0.5248f,0.2206f,-0.9217f,-0.0588f,0f,0f,0f,1f],start_interpolation: 0,interpolation_duration: 1}
$data merge entity $(chest1lid) {transformation: [-0.8697f,-0.0071f,0.4935f,-0.292f,0.0944f,0.979f,0.1806f,2.3561f,-0.4844f,0.2036f,-0.8508f,-0.0305f,0f,0f,0f,1f],start_interpolation: 0,interpolation_duration: 1}
$data merge entity $(chest2) {transformation: [-0.8697f,-0.0071f,0.4935f,-0.2909f,0.0944f,0.979f,0.1806f,2.2031f,-0.4844f,0.2036f,-0.8508f,-0.0623f,0f,0f,0f,1f],start_interpolation: 0,interpolation_duration: 1}
$data merge entity $(chest1lid3) {transformation: [-0.8697f,-0.0071f,0.4935f,0.0785f,0.0944f,0.979f,0.1806f,2.4659f,-0.4844f,0.2036f,-0.8508f,-0.5452f,0f,0f,0f,1f],start_interpolation: 0,interpolation_duration: 1}
$data merge entity $(chest3) {transformation: [-0.8697f,-0.0071f,0.4935f,0.0796f,0.0944f,0.979f,0.1806f,2.3129f,-0.4844f,0.2036f,-0.8508f,-0.577f,0f,0f,0f,1f],start_interpolation: 0,interpolation_duration: 1}
$data merge entity $(hugeasssword2) {transformation: [-1.9329f,2.4926f,-2.3219f,-0.7559f,-0.7072f,2.3178f,3.077f,4.3638f,3.3323f,1.9378f,-0.6938f,-0.6448f,0f,0f,0f,1f],start_interpolation: 0,interpolation_duration: 1}
$data merge entity $(belt) {transformation: [-0.8697f,-0.0071f,0.4935f,0.1593f,0.0944f,0.979f,0.1806f,2.647f,-0.4844f,0.2036f,-0.8508f,-0.013f,0f,0f,0f,1f],start_interpolation: 0,interpolation_duration: 1}
$data merge entity $(torn_part) {transformation: [-0.8697f,-0.2041f,0.4494f,0.0383f,0.0944f,0.8249f,0.5574f,2.4011f,-0.4844f,0.5272f,-0.6981f,-0.0986f,0f,0f,0f,1f],start_interpolation: 0,interpolation_duration: 1}
$data merge entity $(lowerbody) {transformation: [-0.8697f,0.1325f,0.4754f,-0.0084f,0.0944f,0.9902f,-0.1032f,1.9229f,-0.4844f,-0.0449f,-0.8737f,0.0935f,0f,0f,0f,1f],start_interpolation: 0,interpolation_duration: 1}
$data merge entity $(leftfoot) {transformation: [-0.9729f,-0.2296f,0.0286f,0.2402f,-0.2192f,0.954f,0.2047f,0.1915f,-0.0743f,0.1929f,-0.9784f,0.6203f,0f,0f,0f,1f],start_interpolation: 0,interpolation_duration: 1}
$data merge entity $(leftlowerleg) {transformation: [-0.9729f,-0.2289f,0.0343f,-0.0189f,-0.2192f,0.9588f,0.1808f,1.2274f,-0.0743f,0.1684f,-0.9829f,0.9581f,0f,0f,0f,1f],start_interpolation: 0,interpolation_duration: 1}
$data merge entity $(leftleg) {transformation: [-0.9804f,0.0726f,0.1831f,0.0358f,-0.0947f,0.6414f,-0.7613f,1.7555f,-0.1727f,-0.7637f,-0.622f,0.2753f,0f,0f,0f,1f],start_interpolation: 0,interpolation_duration: 1}
$data merge entity $(rightfoot) {transformation: [-0.5f,0.0451f,0.8648f,-0.2681f,0.1744f,0.9834f,0.0496f,0.1539f,-0.8483f,0.1756f,-0.4996f,-0.3035f,0f,0f,0f,1f],start_interpolation: 0,interpolation_duration: 1}
$data merge entity $(rightlowerleg) {transformation: [-0.5f,-0.2682f,0.8234f,-0.6922f,0.1744f,0.9002f,0.3991f,1.0912f,-0.8483f,0.3432f,-0.4034f,0.1391f,0f,0f,0f,1f],start_interpolation: 0,interpolation_duration: 1}
$data merge entity $(rightleg) {transformation: [-0.605f,0.4302f,0.67f,-0.3083f,0.0727f,0.8678f,-0.4916f,1.8715f,-0.7929f,-0.2487f,-0.5563f,-0.0648f,0f,0f,0f,1f],start_interpolation: 0,interpolation_duration: 1}
$data merge entity $(sack_top) {transformation: [-0.3134f,-0.0146f,-0.0101f,-0.2181f,-0.0057f,0.8427f,0.0094f,2.1517f,0.01f,0.0258f,-0.3133f,1.4408f,0f,0f,0f,1f],start_interpolation: 0,interpolation_duration: 1}
$data merge entity $(sack_main) {transformation: [-0.4915f,-0.0085f,-0.0159f,-0.2181f,-0.009f,0.4916f,0.0148f,2.1517f,0.0156f,0.015f,-0.4914f,1.4408f,0f,0f,0f,1f],start_interpolation: 0,interpolation_duration: 1}
data modify entity @s data merge value {"cameras":{},"locators":{"soup":{"px":-0.07866664550073768,"py":2.389723140092343,"pz":1.4249986245839472,"ry":132.26049901245267,"rx":8.930683148755541},"lefthand":{"px":-0.014985988294439867,"py":2.2102649299392927,"pz":1.443890215958987,"ry":69.72118114266316,"rx":-71.18221759923627},"sword":{"px":0.285919140937952,"py":6.346256831293056,"pz":0.7036613699684786,"ry":244.4918383328876,"rx":-70.18315389799865},"righthand":{"px":-0.8423406049879743,"py":2.87712640489648,"pz":1.2420109593364652,"ry":244.4918383328876,"rx":-70.18315389799865},"chest":{"px":-0.39587484639676257,"py":2.269665960725016,"pz":0.07460228814052129,"ry":30.116318252253933,"rx":10.402551070676571},"sack":{"px":-0.17096059321154283,"py":2.4686383468949433,"pz":1.448761210374387,"ry":358.1466009575471,"rx":1.718573402450369}}}