# This file was generated by Animated Java via MC-Build. It is not recommended to edit this file directly.
$data merge entity $(nose) {transformation: [-0.9991f,-0.04f,-0.0115f,0.1788f,-0.0414f,0.9293f,0.3669f,3.7687f,-0.004f,0.3671f,-0.9302f,0.3201f,0f,0f,0f,1f],start_interpolation: 0,interpolation_duration: 1}
$data merge entity $(glowing_eye) {transformation: [-0.9991f,-0.04f,-0.0115f,0.0516f,-0.0414f,0.9293f,0.3669f,3.8137f,-0.004f,0.3671f,-0.9302f,0.3769f,0f,0f,0f,1f],start_interpolation: 0,interpolation_duration: 1}
$data merge entity $(head) {transformation: [-0.9991f,-0.04f,-0.0115f,0.1815f,-0.0414f,0.9293f,0.3669f,3.7227f,-0.004f,0.3671f,-0.9302f,0.1006f,0f,0f,0f,1f],start_interpolation: 0,interpolation_duration: 1}
$data merge entity $(leftthumb2) {transformation: [-0.7311f,0.5281f,-0.432f,0.4551f,0.1133f,-0.5304f,-0.8402f,3.5958f,-0.6728f,-0.6632f,0.3279f,1.1066f,0f,0f,0f,1f],start_interpolation: 0,interpolation_duration: 1}
$data merge entity $(leftthumb) {transformation: [-0.7311f,0.5281f,-0.432f,0.5477f,0.1133f,-0.5304f,-0.8402f,3.3939f,-0.6728f,-0.6632f,0.3279f,0.972f,0f,0f,0f,1f],start_interpolation: 0,interpolation_duration: 1}
$data merge entity $(leftpointerfinger) {transformation: [-0.8676f,0.2462f,-0.432f,0.4342f,0.2878f,-0.4596f,-0.8402f,3.5162f,-0.4054f,-0.8533f,0.3279f,1.2785f,0f,0f,0f,1f],start_interpolation: 0,interpolation_duration: 1}
$data merge entity $(leftmidfinger) {transformation: [-0.7311f,0.5281f,-0.432f,0.3667f,0.1133f,-0.5304f,-0.8402f,3.3849f,-0.6728f,-0.6632f,0.3279f,1.3298f,0f,0f,0f,1f],start_interpolation: 0,interpolation_duration: 1}
$data merge entity $(leftringfinger) {transformation: [-0.4733f,0.7677f,-0.432f,0.2992f,-0.0983f,-0.5333f,-0.8402f,3.2536f,-0.8754f,-0.3552f,0.3279f,1.381f,0f,0f,0f,1f],start_interpolation: 0,interpolation_duration: 1}
$data merge entity $(invisibility) {transformation: [0.4885f,0.4763f,0.7311f,0.3684f,-0.6016f,0.7907f,-0.1133f,3.5057f,-0.6321f,-0.3845f,0.6728f,1.0696f,0f,0f,0f,1f],start_interpolation: 0,interpolation_duration: 1}
$data merge entity $(swiftness) {transformation: [-0.432f,0.5281f,0.7311f,0.1778f,-0.8402f,-0.5304f,-0.1133f,3.4258f,0.3279f,-0.6632f,0.6728f,1.1858f,0f,0f,0f,1f],start_interpolation: 0,interpolation_duration: 1}
$data merge entity $(suspicious_stew) {transformation: [0.2961f,0.6147f,0.7311f,0.2626f,-0.8357f,0.5373f,-0.1133f,3.373f,-0.4625f,-0.5775f,0.6728f,1.1622f,0f,0f,0f,1f],start_interpolation: 0,interpolation_duration: 1}
$data merge entity $(log) {transformation: [-0.7311f,0.5281f,-0.432f,0.2398f,0.1133f,-0.5304f,-0.8402f,3.2779f,-0.6728f,-0.6632f,0.3279f,1.0316f,0f,0f,0f,1f],start_interpolation: 0,interpolation_duration: 1}
$data merge entity $(planks) {transformation: [-0.7311f,0.5281f,-0.432f,0.1713f,0.1133f,-0.5304f,-0.8402f,3.2885f,-0.6728f,-0.6632f,0.3279f,0.9685f,0f,0f,0f,1f],start_interpolation: 0,interpolation_duration: 1}
$data merge entity $(lefthand1) {transformation: [-0.7311f,0.5281f,-0.432f,0.5681f,0.1133f,-0.5304f,-0.8402f,3.1433f,-0.6728f,-0.6632f,0.3279f,1.0237f,0f,0f,0f,1f],start_interpolation: 0,interpolation_duration: 1}
$data merge entity $(leftforearm) {transformation: [-0.6091f,0.6543f,-0.4482f,0.9894f,0.0498f,-0.5325f,-0.845f,2.7722f,-0.7915f,-0.537f,0.2918f,0.5734f,0f,0f,0f,1f],start_interpolation: 0,interpolation_duration: 1}
$data merge entity $(leftelbow) {transformation: [-0.6091f,0.6543f,-0.4482f,1.112f,0.0498f,-0.5325f,-0.845f,2.6723f,-0.7915f,-0.537f,0.2918f,0.4727f,0f,0f,0f,1f],start_interpolation: 0,interpolation_duration: 1}
$data merge entity $(leftarm) {transformation: [-0.7362f,-0.1264f,0.6649f,0.8047f,-0.0381f,0.9886f,0.1457f,3.1569f,-0.6757f,0.082f,-0.7326f,0.4186f,0f,0f,0f,1f],start_interpolation: 0,interpolation_duration: 1}
$data merge entity $(rightthumb2) {transformation: [0.1728f,-0.9841f,-0.041f,0.4052f,0.8759f,0.1726f,-0.4505f,3.4886f,0.4505f,0.042f,0.8918f,0.6071f,0f,0f,0f,1f],start_interpolation: 0,interpolation_duration: 1}
$data merge entity $(rightthumb) {transformation: [0.1728f,-0.9841f,-0.041f,0.1604f,0.8759f,0.1726f,-0.4505f,3.4924f,0.4505f,0.042f,0.8918f,0.6936f,0f,0f,0f,1f],start_interpolation: 0,interpolation_duration: 1}
$data merge entity $(rightpointerfinger) {transformation: [-0.4751f,-0.8759f,-0.0843f,0.4129f,0.6838f,-0.3071f,-0.6619f,3.6197f,0.5539f,-0.3721f,0.7448f,0.8982f,0f,0f,0f,1f],start_interpolation: 0,interpolation_duration: 1}
$data merge entity $(rightmidfinger) {transformation: [-0.5853f,-0.8064f,-0.0843f,0.3997f,0.6378f,-0.3938f,-0.6619f,3.5163f,0.5006f,-0.4412f,0.7448f,1.0145f,0f,0f,0f,1f],start_interpolation: 0,interpolation_duration: 1}
$data merge entity $(rightringfinger) {transformation: [-0.6534f,-0.7523f,-0.0843f,0.3866f,0.6011f,-0.4479f,-0.6619f,3.4128f,0.4602f,-0.4831f,0.7448f,1.1309f,0f,0f,0f,1f],start_interpolation: 0,interpolation_duration: 1}
$data merge entity $(hugeasssword) {transformation: [-1.5546f,-3.5797f,-0.3302f,0.3208f,2.7728f,-0.965f,-2.5924f,3.2885f,2.288f,-1.2627f,2.9173f,0.7822f,0f,0f,0f,1f],start_interpolation: 0,interpolation_duration: 1}
$data merge entity $(whey) {transformation: [0f,0f,0f,0.4866f,0f,0f,0f,3.283f,0f,0f,0f,0.6073f,0f,0f,0f,1f],start_interpolation: 0,interpolation_duration: 1}
$data merge entity $(ice) {transformation: [-0.3969f,-0.914f,-0.0843f,0.3413f,0.7079f,-0.2464f,-0.6619f,3.2813f,0.5842f,-0.3224f,0.7448f,0.7782f,0f,0f,0f,1f],start_interpolation: 0,interpolation_duration: 1}
$data merge entity $(righthand1) {transformation: [-0.3969f,-0.914f,-0.0843f,0.011f,0.7079f,-0.2464f,-0.6619f,3.376f,0.5842f,-0.3224f,0.7448f,0.8669f,0f,0f,0f,1f],start_interpolation: 0,interpolation_duration: 1}
$data merge entity $(rightforearm) {transformation: [-0.3768f,-0.7842f,-0.493f,-0.5092f,0.8285f,-0.0472f,-0.558f,3.2997f,0.4143f,-0.6187f,0.6675f,0.3955f,0f,0f,0f,1f],start_interpolation: 0,interpolation_duration: 1}
$data merge entity $(rightelbow) {transformation: [-0.3768f,-0.7842f,-0.493f,-0.6562f,0.8285f,-0.0472f,-0.558f,3.2909f,0.4143f,-0.6187f,0.6675f,0.2795f,0f,0f,0f,1f],start_interpolation: 0,interpolation_duration: 1}
$data merge entity $(rightarm) {transformation: [-0.5284f,-0.3563f,-0.7707f,-0.638f,0.7617f,0.2021f,-0.6156f,3.2727f,0.3751f,-0.9123f,0.1646f,-0.2953f,0f,0f,0f,1f],start_interpolation: 0,interpolation_duration: 1}
$data merge entity $(chest1) {transformation: [-0.9371f,0.0247f,0.5431f,0.2055f,0.104f,1.0704f,0.1309f,3.084f,-0.5336f,0.1653f,-0.9282f,-0.0707f,0f,0f,0f,1f],start_interpolation: 0,interpolation_duration: 1}
$data merge entity $(chest1lid) {transformation: [-0.865f,-0.0082f,0.5017f,-0.3015f,0.096f,0.9787f,0.1814f,2.3943f,-0.4925f,0.2051f,-0.8458f,-0.0079f,0f,0f,0f,1f],start_interpolation: 0,interpolation_duration: 1}
$data merge entity $(chest2) {transformation: [-0.865f,0.0228f,0.5013f,-0.3051f,0.096f,0.988f,0.1208f,2.2399f,-0.4925f,0.1526f,-0.8568f,-0.0317f,0f,0f,0f,1f],start_interpolation: 0,interpolation_duration: 1}
$data merge entity $(chest1lid3) {transformation: [-0.865f,0.0228f,0.5013f,0.0737f,0.096f,0.988f,0.1208f,2.4657f,-0.4925f,0.1526f,-0.8568f,-0.526f,0f,0f,0f,1f],start_interpolation: 0,interpolation_duration: 1}
$data merge entity $(chest3) {transformation: [-0.865f,0.0228f,0.5013f,0.0701f,0.096f,0.988f,0.1208f,2.3113f,-0.4925f,0.1526f,-0.8568f,-0.5498f,0f,0f,0f,1f],start_interpolation: 0,interpolation_duration: 1}
$data merge entity $(hugeasssword2) {transformation: [-1.9634f,2.558f,-2.223f,-0.7009f,-0.4731f,2.3371f,3.1071f,4.3807f,3.3558f,1.8261f,-0.8626f,-0.7275f,0f,0f,0f,1f],start_interpolation: 0,interpolation_duration: 1}
$data merge entity $(belt) {transformation: [-0.865f,0.0228f,0.5013f,0.1585f,0.096f,0.988f,0.1208f,2.6716f,-0.4925f,0.1526f,-0.8568f,-0.0036f,0f,0f,0f,1f],start_interpolation: 0,interpolation_duration: 1}
$data merge entity $(torn_part) {transformation: [-0.865f,-0.2196f,0.4512f,0.0351f,0.096f,0.8101f,0.5784f,2.4173f,-0.4925f,0.5436f,-0.6796f,-0.087f,0f,0f,0f,1f],start_interpolation: 0,interpolation_duration: 1}
$data merge entity $(lowerbody) {transformation: [-0.865f,0.1218f,0.4868f,-0.0084f,0.096f,0.9923f,-0.0777f,1.9343f,-0.4925f,-0.0204f,-0.87f,0.0935f,0f,0f,0f,1f],start_interpolation: 0,interpolation_duration: 1}
$data merge entity $(leftfoot) {transformation: [-0.9736f,-0.2263f,0.0312f,0.2337f,-0.2153f,0.9545f,0.2061f,0.2009f,-0.0764f,0.194f,-0.978f,0.6188f,0f,0f,0f,1f],start_interpolation: 0,interpolation_duration: 1}
$data merge entity $(leftlowerleg) {transformation: [-0.9736f,-0.2254f,0.037f,-0.0221f,-0.2153f,0.9595f,0.1815f,1.2375f,-0.0764f,0.1687f,-0.9827f,0.957f,0f,0f,0f,1f],start_interpolation: 0,interpolation_duration: 1}
$data merge entity $(leftleg) {transformation: [-0.9805f,0.0764f,0.1813f,0.0358f,-0.0906f,0.6427f,-0.7607f,1.7669f,-0.1746f,-0.7623f,-0.6233f,0.2753f,0f,0f,0f,1f],start_interpolation: 0,interpolation_duration: 1}
$data merge entity $(rightfoot) {transformation: [-0.4987f,0.0466f,0.8655f,-0.2773f,0.1736f,0.9837f,0.0471f,0.1601f,-0.8492f,0.1737f,-0.4987f,-0.297f,0f,0f,0f,1f],start_interpolation: 0,interpolation_duration: 1}
$data merge entity $(rightlowerleg) {transformation: [-0.4987f,-0.2607f,0.8266f,-0.6934f,0.1736f,0.9044f,0.3899f,1.1035f,-0.8492f,0.3379f,-0.4058f,0.1402f,0f,0f,0f,1f],start_interpolation: 0,interpolation_duration: 1}
$data merge entity $(rightleg) {transformation: [-0.605f,0.4317f,0.669f,-0.3082f,0.0727f,0.8667f,-0.4934f,1.8829f,-0.7929f,-0.2499f,-0.5558f,-0.0648f,0f,0f,0f,1f],start_interpolation: 0,interpolation_duration: 1}
$data merge entity $(sack_top) {transformation: [-0.3458f,0.1521f,-0.0102f,0.4628f,0.0264f,0.3207f,-0.331f,3.4912f,-0.0462f,-0.9546f,-0.1128f,1.4785f,0f,0f,0f,1f],start_interpolation: 0,interpolation_duration: 1}
$data merge entity $(sack_main) {transformation: [-0.5837f,0.0872f,-0.0173f,0.4628f,0.0446f,0.1838f,-0.5588f,3.4912f,-0.078f,-0.547f,-0.1905f,1.4785f,0f,0f,0f,1f],start_interpolation: 0,interpolation_duration: 1}
data modify entity @s data merge value {"cameras":{},"locators":{"soup":{"px":0.3454069222001074,"py":3.468875195738612,"pz":1.041878141051604,"ry":132.62286478857865,"rx":-6.504320631884493},"lefthand":{"px":0.27386242063479965,"py":3.321868890344421,"pz":1.1413160512688112,"ry":232.79624229981704,"rx":-57.157986086084016},"sword":{"px":0.6306196603462669,"py":5.802592219234618,"pz":-1.9202857365073736,"ry":186.4582247850677,"rx":-41.444407719441266},"righthand":{"px":0.3197122185137298,"py":3.3618616032304662,"pz":0.8263170510673299,"ry":186.4582247850677,"rx":-41.444407719441266},"chest":{"px":-0.40830012215376865,"py":2.3166504045150096,"pz":0.1010534515412412,"ry":30.33083802900279,"rx":6.937726173101189},"sack":{"px":0.5827946781248033,"py":3.606626563741273,"pz":1.1289081986169047,"ry":354.8229912816947,"rx":-71.10348487447068}}}