# This file was generated by Animated Java via MC-Build. It is not recommended to edit this file directly.
$data merge entity $(bone_nose) {transformation: [-0.988f,0.0996f,-0.1184f,0.3771f,0.091f,0.9929f,0.0763f,3.8416f,0.1251f,0.0646f,-0.99f,0.0169f,0f,0f,0f,1f],start_interpolation: 0,interpolation_duration: 1}
$data merge entity $(bone_glowing_eye) {transformation: [-0.988f,0.0996f,-0.1184f,0.2645f,0.091f,0.9929f,0.0763f,3.9175f,0.1251f,0.0646f,-0.99f,0.0714f,0f,0f,0f,1f],start_interpolation: 0,interpolation_duration: 1}
$data merge entity $(bone_head) {transformation: [-0.988f,0.0996f,-0.1184f,0.3426f,0.091f,0.9929f,0.0763f,3.7333f,0.1251f,0.0646f,-0.99f,-0.1765f,0f,0f,0f,1f],start_interpolation: 0,interpolation_duration: 1}
$data merge entity $(bone_leftthumb2) {transformation: [-0.7127f,0.2962f,-0.6359f,0.8714f,0.1095f,-0.8484f,-0.5179f,3.916f,-0.6929f,-0.4387f,0.5722f,0.6589f,0f,0f,0f,1f],start_interpolation: 0,interpolation_duration: 1}
$data merge entity $(bone_leftthumb) {transformation: [-0.7127f,0.2962f,-0.6359f,0.8897f,0.1095f,-0.8484f,-0.5179f,3.6637f,-0.6929f,-0.4387f,0.5722f,0.6002f,0f,0f,0f,1f],start_interpolation: 0,interpolation_duration: 1}
$data merge entity $(bone_leftpointerfinger) {transformation: [-0.771f,0.0345f,-0.6359f,0.8407f,0.3931f,-0.7598f,-0.5179f,3.9058f,-0.501f,-0.6493f,0.5722f,0.8467f,0f,0f,0f,1f],start_interpolation: 0,interpolation_duration: 1}
$data merge entity $(bone_leftmidfinger) {transformation: [-0.7127f,0.2962f,-0.6359f,0.7413f,0.1095f,-0.8484f,-0.5179f,3.8249f,-0.6929f,-0.4387f,0.5722f,0.9361f,0f,0f,0f,1f],start_interpolation: 0,interpolation_duration: 1}
$data merge entity $(bone_leftringfinger) {transformation: [-0.5451f,0.5463f,-0.6359f,0.6419f,-0.2235f,-0.8257f,-0.5179f,3.744f,-0.808f,-0.1402f,0.5722f,1.0256f,0f,0f,0f,1f],start_interpolation: 0,interpolation_duration: 1}
$data merge entity $(bone_invisibility) {transformation: [0.2396f,0.6593f,0.7127f,0.7593f,-0.8903f,0.442f,-0.1095f,3.8497f,-0.3872f,-0.6083f,0.6929f,0.651f,0f,0f,0f,1f],start_interpolation: 0,interpolation_duration: 1}
$data merge entity $(bone_swiftness) {transformation: [-0.6359f,0.2962f,0.7127f,0.5628f,-0.5179f,-0.8484f,-0.1095f,3.8732f,0.5722f,-0.4387f,0.6929f,0.7816f,0f,0f,0f,1f],start_interpolation: 0,interpolation_duration: 1}
$data merge entity $(bone_suspicious_stew) {transformation: [-0.0003f,0.7015f,0.7127f,0.6262f,-0.9878f,0.1108f,-0.1095f,3.7924f,-0.1558f,-0.704f,0.6929f,0.7788f,0f,0f,0f,1f],start_interpolation: 0,interpolation_duration: 1}
$data merge entity $(bone_log) {transformation: [-0.7127f,0.2962f,-0.6359f,0.5666f,0.1095f,-0.8484f,-0.5179f,3.6723f,-0.6929f,-0.4387f,0.5722f,0.6858f,0f,0f,0f,1f],start_interpolation: 0,interpolation_duration: 1}
$data merge entity $(bone_planks) {transformation: [-0.7127f,0.2962f,-0.6359f,0.4998f,0.1095f,-0.8484f,-0.5179f,3.6826f,-0.6929f,-0.4387f,0.5722f,0.6209f,0f,0f,0f,1f],start_interpolation: 0,interpolation_duration: 1}
$data merge entity $(bone_lefthand1) {transformation: [-0.7127f,0.2962f,-0.6359f,0.8387f,0.1095f,-0.8484f,-0.5179f,3.449f,-0.6929f,-0.4387f,0.5722f,0.7315f,0f,0f,0f,1f],start_interpolation: 0,interpolation_duration: 1}
$data merge entity $(bone_leftforearm) {transformation: [-0.6243f,0.425f,-0.6555f,1.0961f,-0.0225f,-0.8485f,-0.5288f,2.844f,-0.7809f,-0.3153f,0.5392f,0.4389f,0f,0f,0f,1f],start_interpolation: 0,interpolation_duration: 1}
$data merge entity $(bone_leftelbow) {transformation: [-0.6243f,0.425f,-0.6555f,1.1758f,-0.0225f,-0.8485f,-0.5288f,2.6849f,-0.7809f,-0.3153f,0.5392f,0.3797f,0f,0f,0f,1f],start_interpolation: 0,interpolation_duration: 1}
$data merge entity $(bone_leftarm) {transformation: [-0.7565f,-0.0581f,0.6514f,0.8999f,-0.0886f,0.996f,-0.014f,3.176f,-0.648f,-0.0683f,-0.7586f,0.2577f,0f,0f,0f,1f],start_interpolation: 0,interpolation_duration: 1}
$data merge entity $(bone_rightthumb2) {transformation: [0.278f,-0.9435f,0.1802f,0.5867f,0.937f,0.2251f,-0.267f,3.6161f,0.2113f,0.2431f,0.9467f,0.1289f,0f,0f,0f,1f],start_interpolation: 0,interpolation_duration: 1}
$data merge entity $(bone_rightthumb) {transformation: [0.278f,-0.9435f,0.1802f,0.3707f,0.937f,0.2251f,-0.267f,3.6485f,0.2113f,0.2431f,0.9467f,0.2694f,0f,0f,0f,1f],start_interpolation: 0,interpolation_duration: 1}
$data merge entity $(bone_rightpointerfinger) {transformation: [-0.3243f,-0.9404f,0.1021f,0.6658f,0.8003f,-0.3303f,-0.5004f,3.8005f,0.5043f,-0.0805f,0.8598f,0.3774f,0f,0f,0f,1f],start_interpolation: 0,interpolation_duration: 1}
$data merge entity $(bone_rightmidfinger) {transformation: [-0.4443f,-0.89f,0.1021f,0.6818f,0.7504f,-0.432f,-0.5004f,3.7223f,0.4895f,-0.1457f,0.8598f,0.5117f,0f,0f,0f,1f],start_interpolation: 0,interpolation_duration: 1}
$data merge entity $(bone_rightringfinger) {transformation: [-0.5202f,-0.8479f,0.1021f,0.6977f,0.7098f,-0.4957f,-0.5004f,3.6441f,0.4749f,-0.1878f,0.8598f,0.646f,0f,0f,0f,1f],start_interpolation: 0,interpolation_duration: 1}
$data merge entity $(bone_hugeasssword) {transformation: [-0.9443f,-3.78f,0.4f,0.5482f,3.2354f,-1.0157f,-1.9598f,3.458f,1.9952f,-0.1421f,3.3674f,0.3556f,0f,0f,0f,1f],start_interpolation: 0,interpolation_duration: 1}
$data merge entity $(bone_ice) {transformation: [-0.2411f,-0.9651f,0.1021f,0.567f,0.8261f,-0.2593f,-0.5004f,3.4492f,0.5094f,-0.0363f,0.8598f,0.3482f,0f,0f,0f,1f],start_interpolation: 0,interpolation_duration: 1}
$data merge entity $(bone_righthand1) {transformation: [-0.2411f,-0.9651f,0.1021f,0.2687f,0.8261f,-0.2593f,-0.5004f,3.5752f,0.5094f,-0.0363f,0.8598f,0.4933f,0f,0f,0f,1f],start_interpolation: 0,interpolation_duration: 1}
$data merge entity $(bone_rightforearm) {transformation: [-0.2635f,-0.9124f,-0.3131f,-0.3515f,0.9103f,-0.1278f,-0.3937f,3.4346f,0.3192f,-0.3888f,0.8643f,0.1865f,0f,0f,0f,1f],start_interpolation: 0,interpolation_duration: 1}
$data merge entity $(bone_rightelbow) {transformation: [-0.2635f,-0.9124f,-0.3131f,-0.5226f,0.9103f,-0.1278f,-0.3937f,3.4107f,0.3192f,-0.3888f,0.8643f,0.1137f,0f,0f,0f,1f],start_interpolation: 0,interpolation_duration: 1}
$data merge entity $(bone_rightarm) {transformation: [-0.4233f,-0.3888f,-0.8184f,-0.5416f,0.8562f,0.1238f,-0.5016f,3.3185f,0.2963f,-0.913f,0.2805f,-0.454f,0f,0f,0f,1f],start_interpolation: 0,interpolation_duration: 1}
$data merge entity $(bone_chest1) {transformation: [-0.9351f,0.167f,0.5208f,0.2787f,0.1046f,1.0672f,-0.1543f,3.0751f,-0.5369f,-0.0829f,-0.9373f,-0.1981f,0f,0f,0f,1f],start_interpolation: 0,interpolation_duration: 1}
$data merge entity $(bone_chest1lid) {transformation: [-0.8632f,0.1057f,0.4937f,-0.3095f,0.0966f,0.9944f,-0.0439f,2.4905f,-0.4956f,0.0098f,-0.8685f,0.0236f,0f,0f,0f,1f],start_interpolation: 0,interpolation_duration: 1}
$data merge entity $(bone_chest2) {transformation: [-0.8632f,0.1541f,0.4808f,-0.3336f,0.0966f,0.9851f,-0.1424f,2.3366f,-0.4956f,-0.0765f,-0.8652f,0.0355f,0f,0f,0f,1f],start_interpolation: 0,interpolation_duration: 1}
$data merge entity $(bone_chest1lid3) {transformation: [-0.8632f,0.1541f,0.4808f,0.0524f,0.0966f,0.9851f,-0.1424f,2.3932f,-0.4956f,-0.0765f,-0.8652f,-0.4997f,0f,0f,0f,1f],start_interpolation: 0,interpolation_duration: 1}
$data merge entity $(bone_chest3) {transformation: [-0.8632f,0.1541f,0.4808f,0.0283f,0.0966f,0.9851f,-0.1424f,2.2393f,-0.4956f,-0.0765f,-0.8652f,-0.4878f,0f,0f,0f,1f],start_interpolation: 0,interpolation_duration: 1}
$data merge entity $(bone_hugeasssword2) {transformation: [-1.883f,2.9005f,-1.8389f,-0.4786f,0.5578f,2.3277f,3.1002f,4.2993f,3.3887f,1.2286f,-1.5322f,-1.1266f,0f,0f,0f,1f],start_interpolation: 0,interpolation_duration: 1}
$data merge entity $(bone_belt) {transformation: [-0.8632f,0.1541f,0.4808f,0.182f,0.0966f,0.9851f,-0.1424f,2.6982f,-0.4956f,-0.0765f,-0.8652f,-0.0385f,0f,0f,0f,1f],start_interpolation: 0,interpolation_duration: 1}
$data merge entity $(bone_torn_part) {transformation: [-0.8632f,-0.2183f,0.4553f,0.0374f,0.0966f,0.8137f,0.5732f,2.423f,-0.4956f,0.5388f,-0.6813f,-0.0893f,0f,0f,0f,1f],start_interpolation: 0,interpolation_duration: 1}
$data merge entity $(bone_lowerbody) {transformation: [-0.8632f,0.1254f,0.4891f,-0.0084f,0.0966f,0.9918f,-0.0839f,1.9411f,-0.4956f,-0.0252f,-0.8682f,0.0935f,0f,0f,0f,1f],start_interpolation: 0,interpolation_duration: 1}
$data merge entity $(bone_leftfoot) {transformation: [-0.9741f,-0.2237f,0.0346f,0.2273f,-0.2121f,0.9555f,0.2051f,0.2088f,-0.079f,0.1924f,-0.9781f,0.6196f,0f,0f,0f,1f],start_interpolation: 0,interpolation_duration: 1}
$data merge entity $(bone_leftlowerleg) {transformation: [-0.9741f,-0.2228f,0.04f,-0.026f,-0.2121f,0.9601f,0.1821f,1.246f,-0.079f,0.1689f,-0.9825f,0.9579f,0f,0f,0f,1f],start_interpolation: 0,interpolation_duration: 1}
$data merge entity $(bone_leftleg) {transformation: [-0.9802f,0.0809f,0.1806f,0.0358f,-0.0876f,0.6409f,-0.7626f,1.7737f,-0.1774f,-0.7634f,-0.6211f,0.2753f,0f,0f,0f,1f],start_interpolation: 0,interpolation_duration: 1}
$data merge entity $(bone_rightfoot) {transformation: [-0.4977f,0.0461f,0.8661f,-0.2873f,0.1724f,0.9839f,0.0468f,0.1661f,-0.85f,0.1726f,-0.4977f,-0.2887f,0f,0f,0f,1f],start_interpolation: 0,interpolation_duration: 1}
$data merge entity $(bone_rightlowerleg) {transformation: [-0.4977f,-0.2556f,0.8288f,-0.6982f,0.1724f,0.9073f,0.3834f,1.1137f,-0.85f,0.3337f,-0.4076f,0.1442f,0f,0f,0f,1f],start_interpolation: 0,interpolation_duration: 1}
$data merge entity $(bone_rightleg) {transformation: [-0.605f,0.437f,0.6656f,-0.3082f,0.0727f,0.8628f,-0.5003f,1.8897f,-0.7929f,-0.2543f,-0.5538f,-0.0648f,0f,0f,0f,1f],start_interpolation: 0,interpolation_duration: 1}
$data merge entity $(bone_sack_top) {transformation: [-0.3141f,-0.182f,-0.1264f,0.7428f,0.0669f,-1.0374f,-0.0085f,3.8361f,-0.1224f,-0.0997f,0.3195f,0.6458f,0f,0f,0f,1f],start_interpolation: 0,interpolation_duration: 1}
$data merge entity $(bone_sack_main) {transformation: [-0.5522f,-0.0995f,-0.2222f,0.7428f,0.1176f,-0.5671f,-0.015f,3.8361f,-0.2153f,-0.0545f,0.5617f,0.6458f,0f,0f,0f,1f],start_interpolation: 0,interpolation_duration: 1}
data modify entity @s data merge value {"cameras":{},"locators":{"lefthand":{"posx":0.6201900828136746,"posy":3.736446112277993,"posz":0.7761313757267021,"roty":228.0154445626098,"rotx":-31.190461785059682},"sword":{"posx":0.18128475255820758,"posy":5.383644978398175,"posz":-2.787277311782605,"roty":173.22531649314843,"rotx":-30.025227937167394},"righthand":{"posx":0.557907148547484,"posy":3.5384890391668344,"posz":0.3830872383533267,"roty":173.22531649314843,"rotx":-30.025227937167394},"chest":{"posx":-0.42126511867391825,"posy":2.4542164543052536,"posz":0.14806888234356314,"roty":29.060106290925404,"rotx":-8.18811346622268},"sack":{"posx":0.7350175502623968,"posy":3.4342447285874105,"posz":0.6320142249597294,"roty":201.57938753177223,"rotx":-1.4209854096817145}}}