# This file was generated by Animated Java via MC-Build. It is not recommended to edit this file directly.
$data merge entity $(bone_nose) {transformation: [-0.9875f,0.1095f,-0.1133f,0.3933f,0.1042f,0.9932f,0.0513f,3.8401f,0.1182f,0.0388f,-0.9922f,-0.0154f,0f,0f,0f,1f],start_interpolation: 0,interpolation_duration: 1}
$data merge entity $(bone_glowing_eye) {transformation: [-0.9875f,0.1095f,-0.1133f,0.2812f,0.1042f,0.9932f,0.0513f,3.9186f,0.1182f,0.0388f,-0.9922f,0.0366f,0f,0f,0f,1f],start_interpolation: 0,interpolation_duration: 1}
$data merge entity $(bone_head) {transformation: [-0.9875f,0.1095f,-0.1133f,0.3586f,0.1042f,0.9932f,0.0513f,3.7271f,0.1182f,0.0388f,-0.9922f,-0.206f,0f,0f,0f,1f],start_interpolation: 0,interpolation_duration: 1}
$data merge entity $(bone_leftthumb2) {transformation: [-0.7085f,0.2708f,-0.6517f,0.9152f,0.1088f,-0.8705f,-0.48f,3.9286f,-0.6972f,-0.411f,0.5873f,0.6062f,0f,0f,0f,1f],start_interpolation: 0,interpolation_duration: 1}
$data merge entity $(bone_leftthumb) {transformation: [-0.7085f,0.2708f,-0.6517f,0.9259f,0.1088f,-0.8705f,-0.48f,3.6741f,-0.6972f,-0.411f,0.5873f,0.5556f,0f,0f,0f,1f],start_interpolation: 0,interpolation_duration: 1}
$data merge entity $(bone_leftpointerfinger) {transformation: [-0.7584f,0.0121f,-0.6517f,0.884f,0.4f,-0.7808f,-0.48f,3.9253f,-0.5146f,-0.6247f,0.5873f,0.7943f,0f,0f,0f,1f],start_interpolation: 0,interpolation_duration: 1}
$data merge entity $(bone_leftmidfinger) {transformation: [-0.7085f,0.2708f,-0.6517f,0.7822f,0.1088f,-0.8705f,-0.48f,3.8503f,-0.6972f,-0.411f,0.5873f,0.886f,0f,0f,0f,1f],start_interpolation: 0,interpolation_duration: 1}
$data merge entity $(bone_leftringfinger) {transformation: [-0.551f,0.5213f,-0.6517f,0.6803f,-0.2326f,-0.8459f,-0.48f,3.7753f,-0.8014f,-0.1129f,0.5873f,0.9778f,0f,0f,0f,1f],start_interpolation: 0,interpolation_duration: 1}
$data merge entity $(bone_invisibility) {transformation: [0.2129f,0.6728f,0.7085f,0.8011f,-0.909f,0.4023f,-0.1088f,3.8655f,-0.3583f,-0.6209f,0.6972f,0.6002f,0f,0f,0f,1f],start_interpolation: 0,interpolation_duration: 1}
$data merge entity $(bone_swiftness) {transformation: [-0.6517f,0.2708f,0.7085f,0.6054f,-0.48f,-0.8705f,-0.1088f,3.899f,0.5873f,-0.411f,0.6972f,0.7297f,0f,0f,0f,1f],start_interpolation: 0,interpolation_duration: 1}
$data merge entity $(bone_suspicious_stew) {transformation: [-0.03f,0.705f,0.7085f,0.6662f,-0.9918f,0.0672f,-0.1088f,3.8163f,-0.1243f,-0.706f,0.6972f,0.7296f,0f,0f,0f,1f],start_interpolation: 0,interpolation_duration: 1}
$data merge entity $(bone_log) {transformation: [-0.7085f,0.2708f,-0.6517f,0.6031f,0.1088f,-0.8705f,-0.48f,3.6952f,-0.6972f,-0.411f,0.5873f,0.6404f,0f,0f,0f,1f],start_interpolation: 0,interpolation_duration: 1}
$data merge entity $(bone_planks) {transformation: [-0.7085f,0.2708f,-0.6517f,0.5367f,0.1088f,-0.8705f,-0.48f,3.7054f,-0.6972f,-0.411f,0.5873f,0.575f,0f,0f,0f,1f],start_interpolation: 0,interpolation_duration: 1}
$data merge entity $(bone_lefthand1) {transformation: [-0.7085f,0.2708f,-0.6517f,0.8683f,0.1088f,-0.8705f,-0.48f,3.4654f,-0.6972f,-0.411f,0.5873f,0.6936f,0f,0f,0f,1f],start_interpolation: 0,interpolation_duration: 1}
$data merge entity $(bone_leftforearm) {transformation: [-0.6241f,0.3995f,-0.6715f,1.1076f,-0.0285f,-0.8705f,-0.4913f,2.8439f,-0.7809f,-0.2875f,0.5546f,0.4208f,0f,0f,0f,1f],start_interpolation: 0,interpolation_duration: 1}
$data merge entity $(bone_leftelbow) {transformation: [-0.6241f,0.3995f,-0.6715f,1.1825f,-0.0285f,-0.8705f,-0.4913f,2.6806f,-0.7809f,-0.2875f,0.5546f,0.3669f,0f,0f,0f,1f],start_interpolation: 0,interpolation_duration: 1}
$data merge entity $(bone_leftarm) {transformation: [-0.7569f,-0.0498f,0.6517f,0.9107f,-0.0916f,0.9953f,-0.0303f,3.1722f,-0.6471f,-0.0826f,-0.7579f,0.2377f,0f,0f,0f,1f],start_interpolation: 0,interpolation_duration: 1}
$data merge entity $(bone_rightthumb2) {transformation: [0.2597f,-0.9428f,0.209f,0.5791f,0.9449f,0.2034f,-0.2565f,3.6368f,0.1993f,0.2641f,0.9437f,0.0816f,0f,0f,0f,1f],start_interpolation: 0,interpolation_duration: 1}
$data merge entity $(bone_rightthumb) {transformation: [0.2597f,-0.9428f,0.209f,0.3657f,0.9449f,0.2034f,-0.2565f,3.6648f,0.1993f,0.2641f,0.9437f,0.227f,0f,0f,0f,1f],start_interpolation: 0,interpolation_duration: 1}
$data merge entity $(bone_rightpointerfinger) {transformation: [-0.332f,-0.9336f,0.1347f,0.6595f,0.7952f,-0.3538f,-0.4924f,3.8246f,0.5073f,-0.0563f,0.8599f,0.327f,0f,0f,0f,1f],start_interpolation: 0,interpolation_duration: 1}
$data merge entity $(bone_rightmidfinger) {transformation: [-0.451f,-0.8823f,0.1347f,0.6805f,0.7423f,-0.4546f,-0.4924f,3.7477f,0.4956f,-0.1221f,0.8599f,0.4614f,0f,0f,0f,1f],start_interpolation: 0,interpolation_duration: 1}
$data merge entity $(bone_rightringfinger) {transformation: [-0.5262f,-0.8396f,0.1347f,0.7015f,0.6998f,-0.5175f,-0.4924f,3.6707f,0.4831f,-0.1648f,0.8599f,0.5957f,0f,0f,0f,1f],start_interpolation: 0,interpolation_duration: 1}
$data merge entity $(bone_hugeasssword) {transformation: [-0.9766f,-3.7561f,0.5276f,0.5498f,3.2236f,-1.109f,-1.9284f,3.4792f,1.9987f,-0.0466f,3.368f,0.31f,0f,0f,0f,1f],start_interpolation: 0,interpolation_duration: 1}
$data merge entity $(bone_ice) {transformation: [-0.2493f,-0.959f,0.1347f,0.5687f,0.823f,-0.2832f,-0.4924f,3.4708f,0.5103f,-0.0119f,0.8599f,0.3022f,0f,0f,0f,1f],start_interpolation: 0,interpolation_duration: 1}
$data merge entity $(bone_righthand1) {transformation: [-0.2493f,-0.959f,0.1347f,0.2708f,0.823f,-0.2832f,-0.4924f,3.5904f,0.5103f,-0.0119f,0.8599f,0.4537f,0f,0f,0f,1f],start_interpolation: 0,interpolation_duration: 1}
$data merge entity $(bone_rightforearm) {transformation: [-0.2783f,-0.9179f,-0.2828f,-0.3528f,0.9055f,-0.1526f,-0.3959f,3.4327f,0.3202f,-0.3663f,0.8737f,0.1625f,0f,0f,0f,1f],start_interpolation: 0,interpolation_duration: 1}
$data merge entity $(bone_rightelbow) {transformation: [-0.2783f,-0.9179f,-0.2828f,-0.5249f,0.9055f,-0.1526f,-0.3959f,3.4041f,0.3202f,-0.3663f,0.8737f,0.0938f,0f,0f,0f,1f],start_interpolation: 0,interpolation_duration: 1}
$data merge entity $(bone_rightarm) {transformation: [-0.437f,-0.3689f,-0.8203f,-0.5301f,0.8503f,0.1279f,-0.5106f,3.3163f,0.2933f,-0.9206f,0.2578f,-0.4748f,0f,0f,0f,1f],start_interpolation: 0,interpolation_duration: 1}
$data merge entity $(bone_chest1) {transformation: [-0.9347f,0.1777f,0.518f,0.2879f,0.1043f,1.0637f,-0.1767f,3.0693f,-0.5376f,-0.1025f,-0.9349f,-0.2155f,0f,0f,0f,1f],start_interpolation: 0,interpolation_duration: 1}
$data merge entity $(bone_chest1lid) {transformation: [-0.8628f,0.1128f,0.4928f,-0.3059f,0.0963f,0.9936f,-0.0587f,2.4949f,-0.4962f,-0.0032f,-0.8682f,0.0175f,0f,0f,0f,1f],start_interpolation: 0,interpolation_duration: 1}
$data merge entity $(bone_chest2) {transformation: [-0.8628f,0.164f,0.4781f,-0.3315f,0.0963f,0.9819f,-0.1631f,2.3414f,-0.4962f,-0.0947f,-0.863f,0.0323f,0f,0f,0f,1f],start_interpolation: 0,interpolation_duration: 1}
$data merge entity $(bone_chest1lid3) {transformation: [-0.8628f,0.164f,0.4781f,0.0543f,0.0963f,0.9819f,-0.1631f,2.3844f,-0.4962f,-0.0947f,-0.863f,-0.5044f,0f,0f,0f,1f],start_interpolation: 0,interpolation_duration: 1}
$data merge entity $(bone_chest3) {transformation: [-0.8628f,0.164f,0.4781f,0.0287f,0.0963f,0.9819f,-0.1631f,2.231f,-0.4962f,-0.0947f,-0.863f,-0.4896f,0f,0f,0f,1f],start_interpolation: 0,interpolation_duration: 1}
$data merge entity $(bone_hugeasssword2) {transformation: [-1.8727f,2.9256f,-1.8095f,-0.4581f,0.6387f,2.3201f,3.0902f,4.284f,3.3801f,1.1825f,-1.5864f,-1.1653f,0f,0f,0f,1f],start_interpolation: 0,interpolation_duration: 1}
$data merge entity $(bone_belt) {transformation: [-0.8628f,0.164f,0.4781f,0.1876f,0.0963f,0.9819f,-0.1631f,2.6964f,-0.4962f,-0.0947f,-0.863f,-0.0489f,0f,0f,0f,1f],start_interpolation: 0,interpolation_duration: 1}
$data merge entity $(bone_torn_part) {transformation: [-0.8628f,-0.2123f,0.4587f,0.0405f,0.0963f,0.8218f,0.5615f,2.4212f,-0.4962f,0.5287f,-0.6887f,-0.0954f,0f,0f,0f,1f],start_interpolation: 0,interpolation_duration: 1}
$data merge entity $(bone_lowerbody) {transformation: [-0.8628f,0.1322f,0.4879f,-0.0084f,0.0963f,0.9905f,-0.0981f,1.9419f,-0.4962f,-0.0377f,-0.8674f,0.0935f,0f,0f,0f,1f],start_interpolation: 0,interpolation_duration: 1}
$data merge entity $(bone_leftfoot) {transformation: [-0.9741f,-0.2232f,0.0354f,0.2261f,-0.2116f,0.9557f,0.2046f,0.2102f,-0.0795f,0.1918f,-0.9782f,0.6199f,0f,0f,0f,1f],start_interpolation: 0,interpolation_duration: 1}
$data merge entity $(bone_leftlowerleg) {transformation: [-0.9741f,-0.2223f,0.0406f,-0.0268f,-0.2116f,0.9602f,0.1823f,1.2474f,-0.0795f,0.169f,-0.9824f,0.9583f,0f,0f,0f,1f],start_interpolation: 0,interpolation_duration: 1}
$data merge entity $(bone_leftleg) {transformation: [-0.9802f,0.0819f,0.1806f,0.0358f,-0.0871f,0.6402f,-0.7633f,1.7745f,-0.1781f,-0.7639f,-0.6203f,0.2753f,0f,0f,0f,1f],start_interpolation: 0,interpolation_duration: 1}
$data merge entity $(bone_rightfoot) {transformation: [-0.4976f,0.0457f,0.8662f,-0.2893f,0.1722f,0.9839f,0.047f,0.1672f,-0.8501f,0.1725f,-0.4975f,-0.2869f,0f,0f,0f,1f],start_interpolation: 0,interpolation_duration: 1}
$data merge entity $(bone_rightlowerleg) {transformation: [-0.4976f,-0.2549f,0.8291f,-0.6995f,0.1722f,0.9078f,0.3825f,1.1155f,-0.8501f,0.3331f,-0.4078f,0.1453f,0f,0f,0f,1f],start_interpolation: 0,interpolation_duration: 1}
$data merge entity $(bone_rightleg) {transformation: [-0.605f,0.4384f,0.6646f,-0.3082f,0.0727f,0.8617f,-0.5022f,1.8906f,-0.7929f,-0.2555f,-0.5532f,-0.0648f,0f,0f,0f,1f],start_interpolation: 0,interpolation_duration: 1}
$data merge entity $(bone_sack_top) {transformation: [-0.3068f,-0.3348f,-0.1098f,0.7791f,0.073f,-0.985f,0.108f,3.8213f,-0.1355f,0.2269f,0.3068f,0.5548f,0f,0f,0f,1f],start_interpolation: 0,interpolation_duration: 1}
$data merge entity $(bone_sack_main) {transformation: [-0.5419f,-0.1814f,-0.194f,0.7791f,0.129f,-0.5336f,0.1908f,3.8213f,-0.2394f,0.1229f,0.5419f,0.5548f,0f,0f,0f,1f],start_interpolation: 0,interpolation_duration: 1}
data modify entity @s data merge value {"cameras":{},"locators":{"lefthand":{"posx":0.6585648320876007,"posy":3.7604914571092234,"posz":0.7286891675610925,"roty":227.9726129071526,"rotx":-28.686260597238977},"sword":{"posx":0.0615200701391172,"posy":5.375651448335294,"posz":-2.834115804283618,"roty":171.09747885635025,"rotx":-29.495871038908238},"righthand":{"posx":0.5582130213856566,"posy":3.560070859899764,"posz":0.3367861950027199,"roty":171.09747885635025,"rotx":-29.495871038908238},"chest":{"posx":-0.41780963750086847,"posy":2.4619808963481415,"posz":0.1427477985321015,"roty":28.98770370212884,"rotx":-9.38481062805632},"sack":{"posx":0.7130890275477317,"posy":3.4377304685477585,"posz":0.6662157647268856,"roty":199.6938649710387,"rotx":18.3370228634279}}}