# This file was generated by Animated Java via MC-Build. It is not recommended to edit this file directly.
$data merge entity $(bone_nose) {transformation: [-0.9879f,0.1225f,-0.0946f,0.4127f,0.1207f,0.9924f,0.0246f,3.8347f,0.0969f,0.0128f,-0.9952f,-0.058f,0f,0f,0f,1f],start_interpolation: 0,interpolation_duration: 1}
$data merge entity $(bone_glowing_eye) {transformation: [-0.9879f,0.1225f,-0.0946f,0.3008f,0.1207f,0.9924f,0.0246f,3.9161f,0.0969f,0.0128f,-0.9952f,-0.0103f,0f,0f,0f,1f],start_interpolation: 0,interpolation_duration: 1}
$data merge entity $(bone_head) {transformation: [-0.9879f,0.1225f,-0.0946f,0.3799f,0.1207f,0.9924f,0.0246f,3.7167f,0.0969f,0.0128f,-0.9952f,-0.2459f,0f,0f,0f,1f],start_interpolation: 0,interpolation_duration: 1}
$data merge entity $(bone_leftthumb2) {transformation: [-0.7035f,0.2443f,-0.6673f,0.9615f,0.1051f,-0.8929f,-0.4377f,3.9371f,-0.7028f,-0.3781f,0.6025f,0.5439f,0f,0f,0f,1f],start_interpolation: 0,interpolation_duration: 1}
$data merge entity $(bone_leftthumb) {transformation: [-0.7035f,0.2443f,-0.6673f,0.9644f,0.1051f,-0.8929f,-0.4377f,3.6807f,-0.7028f,-0.3781f,0.6025f,0.5027f,0f,0f,0f,1f],start_interpolation: 0,interpolation_duration: 1}
$data merge entity $(bone_leftpointerfinger) {transformation: [-0.7447f,-0.011f,-0.6673f,0.9299f,0.4042f,-0.8032f,-0.4377f,3.9417f,-0.5311f,-0.5957f,0.6025f,0.7319f,0f,0f,0f,1f],start_interpolation: 0,interpolation_duration: 1}
$data merge entity $(bone_leftmidfinger) {transformation: [-0.7035f,0.2443f,-0.6673f,0.8257f,0.1051f,-0.8929f,-0.4377f,3.8733f,-0.7028f,-0.3781f,0.6025f,0.826f,0f,0f,0f,1f],start_interpolation: 0,interpolation_duration: 1}
$data merge entity $(bone_leftringfinger) {transformation: [-0.5565f,0.4949f,-0.6673f,0.7214f,-0.2446f,-0.8652f,-0.4377f,3.8049f,-0.794f,-0.0803f,0.6025f,0.9202f,0f,0f,0f,1f],start_interpolation: 0,interpolation_duration: 1}
$data merge entity $(bone_invisibility) {transformation: [0.1852f,0.6861f,0.7035f,0.8456f,-0.9277f,0.3582f,-0.1051f,3.8774f,-0.3241f,-0.6332f,0.7028f,0.5399f,0f,0f,0f,1f],start_interpolation: 0,interpolation_duration: 1}
$data merge entity $(bone_swiftness) {transformation: [-0.6673f,0.2443f,0.7035f,0.6507f,-0.4377f,-0.8929f,-0.1051f,3.9217f,0.6025f,-0.3781f,0.7028f,0.6675f,0f,0f,0f,1f],start_interpolation: 0,interpolation_duration: 1}
$data merge entity $(bone_suspicious_stew) {transformation: [-0.0606f,0.7081f,0.7035f,0.709f,-0.9943f,0.0193f,-0.1051f,3.8372f,-0.088f,-0.7059f,0.7028f,0.6706f,0f,0f,0f,1f],start_interpolation: 0,interpolation_duration: 1}
$data merge entity $(bone_log) {transformation: [-0.7035f,0.2443f,-0.6673f,0.6423f,0.1051f,-0.8929f,-0.4377f,3.7149f,-0.7028f,-0.3781f,0.6025f,0.5857f,0f,0f,0f,1f],start_interpolation: 0,interpolation_duration: 1}
$data merge entity $(bone_planks) {transformation: [-0.7035f,0.2443f,-0.6673f,0.5764f,0.1051f,-0.8929f,-0.4377f,3.7248f,-0.7028f,-0.3781f,0.6025f,0.5198f,0f,0f,0f,1f],start_interpolation: 0,interpolation_duration: 1}
$data merge entity $(bone_lefthand1) {transformation: [-0.7035f,0.2443f,-0.6673f,0.9001f,0.1051f,-0.8929f,-0.4377f,3.4791f,-0.7028f,-0.3781f,0.6025f,0.6481f,0f,0f,0f,1f],start_interpolation: 0,interpolation_duration: 1}
$data merge entity $(bone_leftforearm) {transformation: [-0.6232f,0.3728f,-0.6875f,1.1205f,-0.0378f,-0.8924f,-0.4496f,2.8409f,-0.7811f,-0.2542f,0.5702f,0.3989f,0f,0f,0f,1f],start_interpolation: 0,interpolation_duration: 1}
$data merge entity $(bone_leftelbow) {transformation: [-0.6232f,0.3728f,-0.6875f,1.1904f,-0.0378f,-0.8924f,-0.4496f,2.6735f,-0.7811f,-0.2542f,0.5702f,0.3512f,0f,0f,0f,1f],start_interpolation: 0,interpolation_duration: 1}
$data merge entity $(bone_leftarm) {transformation: [-0.757f,-0.0369f,0.6524f,0.9251f,-0.0962f,0.9938f,-0.0554f,3.1655f,-0.6463f,-0.1047f,-0.7559f,0.2107f,0f,0f,0f,1f],start_interpolation: 0,interpolation_duration: 1}
$data merge entity $(bone_rightthumb2) {transformation: [0.2396f,-0.9424f,0.2336f,0.5714f,0.9533f,0.1827f,-0.2407f,3.6567f,0.1841f,0.2803f,0.9421f,0.0282f,0f,0f,0f,1f],start_interpolation: 0,interpolation_duration: 1}
$data merge entity $(bone_rightthumb) {transformation: [0.2396f,-0.9424f,0.2336f,0.3603f,0.9533f,0.1827f,-0.2407f,3.6809f,0.1841f,0.2803f,0.9421f,0.1774f,0f,0f,0f,1f],start_interpolation: 0,interpolation_duration: 1}
$data merge entity $(bone_rightpointerfinger) {transformation: [-0.3421f,-0.9253f,0.1636f,0.6518f,0.7923f,-0.3777f,-0.4792f,3.8492f,0.5052f,-0.0343f,0.8623f,0.27f,0f,0f,0f,1f],start_interpolation: 0,interpolation_duration: 1}
$data merge entity $(bone_rightmidfinger) {transformation: [-0.46f,-0.8727f,0.1636f,0.6773f,0.7362f,-0.4779f,-0.4792f,3.7743f,0.4964f,-0.0999f,0.8623f,0.4047f,0f,0f,0f,1f],start_interpolation: 0,interpolation_duration: 1}
$data merge entity $(bone_rightringfinger) {transformation: [-0.5343f,-0.8293f,0.1636f,0.7029f,0.6918f,-0.5402f,-0.4792f,3.6995f,0.4858f,-0.1428f,0.8623f,0.5395f,0f,0f,0f,1f],start_interpolation: 0,interpolation_duration: 1}
$data merge entity $(bone_hugeasssword) {transformation: [-1.0191f,-3.7271f,0.6409f,0.5506f,3.2203f,-1.2032f,-1.8768f,3.501f,1.9828f,0.0386f,3.3775f,0.2588f,0f,0f,0f,1f],start_interpolation: 0,interpolation_duration: 1}
$data merge entity $(bone_ice) {transformation: [-0.2602f,-0.9516f,0.1636f,0.5695f,0.8222f,-0.3072f,-0.4792f,3.493f,0.5062f,0.0099f,0.8623f,0.2507f,0f,0f,0f,1f],start_interpolation: 0,interpolation_duration: 1}
$data merge entity $(bone_righthand1) {transformation: [-0.2602f,-0.9516f,0.1636f,0.2717f,0.8222f,-0.3072f,-0.4792f,3.6067f,0.5062f,0.0099f,0.8623f,0.4067f,0f,0f,0f,1f],start_interpolation: 0,interpolation_duration: 1}
$data merge entity $(bone_rightforearm) {transformation: [-0.2949f,-0.9206f,-0.2559f,-0.3532f,0.9018f,-0.1796f,-0.393f,3.4302f,0.3159f,-0.3466f,0.8832f,0.1294f,0f,0f,0f,1f],start_interpolation: 0,interpolation_duration: 1}
$data merge entity $(bone_rightelbow) {transformation: [-0.2949f,-0.9206f,-0.2559f,-0.5258f,0.9018f,-0.1796f,-0.393f,3.3965f,0.3159f,-0.3466f,0.8832f,0.0645f,0f,0f,0f,1f],start_interpolation: 0,interpolation_duration: 1}
$data merge entity $(bone_rightarm) {transformation: [-0.4523f,-0.3438f,-0.8229f,-0.5143f,0.8454f,0.1288f,-0.5184f,3.3112f,0.2842f,-0.9302f,0.2324f,-0.5044f,0f,0f,0f,1f],start_interpolation: 0,interpolation_duration: 1}
$data merge entity $(bone_chest1) {transformation: [-0.9337f,0.1914f,0.515f,0.3007f,0.1035f,1.0586f,-0.2058f,3.0598f,-0.5396f,-0.1282f,-0.9306f,-0.2395f,0f,0f,0f,1f],start_interpolation: 0,interpolation_duration: 1}
$data merge entity $(bone_chest1lid) {transformation: [-0.8619f,0.1229f,0.492f,-0.3003f,0.0955f,0.9922f,-0.0804f,2.499f,-0.4981f,-0.0223f,-0.8669f,0.0074f,0f,0f,0f,1f],start_interpolation: 0,interpolation_duration: 1}
$data merge entity $(bone_chest2) {transformation: [-0.8619f,0.1767f,0.4754f,-0.328f,0.0955f,0.9771f,-0.19f,2.3463f,-0.4981f,-0.1183f,-0.859f,0.0259f,0f,0f,0f,1f],start_interpolation: 0,interpolation_duration: 1}
$data merge entity $(bone_chest1lid3) {transformation: [-0.8619f,0.1767f,0.4754f,0.058f,0.0955f,0.9771f,-0.19f,2.3713f,-0.4981f,-0.1183f,-0.859f,-0.5118f,0f,0f,0f,1f],start_interpolation: 0,interpolation_duration: 1}
$data merge entity $(bone_chest3) {transformation: [-0.8619f,0.1767f,0.4754f,0.0304f,0.0955f,0.9771f,-0.19f,2.2186f,-0.4981f,-0.1183f,-0.859f,-0.4933f,0f,0f,0f,1f],start_interpolation: 0,interpolation_duration: 1}
$data merge entity $(bone_hugeasssword2) {transformation: [-1.8618f,2.9563f,-1.7703f,-0.4302f,0.7441f,2.3097f,3.0744f,4.261f,3.3646f,1.1251f,-1.6596f,-1.2181f,0f,0f,0f,1f],start_interpolation: 0,interpolation_duration: 1}
$data merge entity $(bone_belt) {transformation: [-0.8619f,0.1767f,0.4754f,0.1957f,0.0955f,0.9771f,-0.19f,2.6924f,-0.4981f,-0.1183f,-0.859f,-0.064f,0f,0f,0f,1f],start_interpolation: 0,interpolation_duration: 1}
$data merge entity $(bone_torn_part) {transformation: [-0.8619f,-0.204f,0.4643f,0.0454f,0.0955f,0.8338f,0.5437f,2.4176f,-0.4981f,0.5129f,-0.6992f,-0.1044f,0f,0f,0f,1f],start_interpolation: 0,interpolation_duration: 1}
$data merge entity $(bone_lowerbody) {transformation: [-0.8619f,0.1422f,0.4868f,-0.0084f,0.0955f,0.9882f,-0.1195f,1.9425f,-0.4981f,-0.0565f,-0.8653f,0.0935f,0f,0f,0f,1f],start_interpolation: 0,interpolation_duration: 1}
$data merge entity $(bone_leftfoot) {transformation: [-0.9742f,-0.2228f,0.0362f,0.2249f,-0.2111f,0.9559f,0.2041f,0.2115f,-0.08f,0.1912f,-0.9783f,0.6203f,0f,0f,0f,1f],start_interpolation: 0,interpolation_duration: 1}
$data merge entity $(bone_leftlowerleg) {transformation: [-0.9742f,-0.2219f,0.0412f,-0.0277f,-0.2111f,0.9603f,0.1825f,1.2487f,-0.08f,0.1691f,-0.9823f,0.9588f,0f,0f,0f,1f],start_interpolation: 0,interpolation_duration: 1}
$data merge entity $(bone_leftleg) {transformation: [-0.9801f,0.0828f,0.1806f,0.0358f,-0.0867f,0.6393f,-0.764f,1.7751f,-0.1787f,-0.7644f,-0.6194f,0.2753f,0f,0f,0f,1f],start_interpolation: 0,interpolation_duration: 1}
$data merge entity $(bone_rightfoot) {transformation: [-0.4975f,0.0453f,0.8663f,-0.2913f,0.1719f,0.984f,0.0473f,0.1683f,-0.8503f,0.1724f,-0.4973f,-0.285f,0f,0f,0f,1f],start_interpolation: 0,interpolation_duration: 1}
$data merge entity $(bone_rightlowerleg) {transformation: [-0.4975f,-0.2544f,0.8293f,-0.7009f,0.1719f,0.9082f,0.3817f,1.1171f,-0.8503f,0.3324f,-0.4081f,0.1465f,0f,0f,0f,1f],start_interpolation: 0,interpolation_duration: 1}
$data merge entity $(bone_rightleg) {transformation: [-0.605f,0.44f,0.6636f,-0.3082f,0.0727f,0.8605f,-0.5043f,1.8911f,-0.7929f,-0.2568f,-0.5526f,-0.0648f,0f,0f,0f,1f],start_interpolation: 0,interpolation_duration: 1}
$data merge entity $(bone_sack_top) {transformation: [-0.3001f,-0.4597f,-0.0777f,0.8152f,0.0782f,-0.8304f,0.2022f,3.8716f,-0.1471f,0.4965f,0.2663f,0.483f,0f,0f,0f,1f],start_interpolation: 0,interpolation_duration: 1}
$data merge entity $(bone_sack_main) {transformation: [-0.5321f,-0.2471f,-0.1378f,0.8152f,0.1387f,-0.4464f,0.3585f,3.8716f,-0.2607f,0.2669f,0.472f,0.483f,0f,0f,0f,1f],start_interpolation: 0,interpolation_duration: 1}
data modify entity @s data merge value {"cameras":{},"locators":{"lefthand":{"posx":0.6996164663829181,"posy":3.781657115439358,"posz":0.6717254612324417,"roty":227.92103413030043,"rotx":-25.95817046222793},"sword":{"posx":-0.04593868106159593,"posy":5.349293671602447,"posz":-2.895281405208381,"roty":169.25589436570826,"rotx":-28.631532641693163},"righthand":{"posx":0.557436071457015,"posy":3.582335925606154,"posz":0.28457008218640056,"roty":169.25589436570826,"rotx":-28.631532641693163},"chest":{"posx":-0.41259373026082763,"posy":2.4705838950877865,"posz":0.13348868225255606,"roty":28.958462320136846,"rotx":-10.951996925143952},"sack":{"posx":0.7013886746424299,"posy":3.5449000973841382,"posz":0.6978136027725959,"roty":196.2781402806566,"rotx":36.09328401036944}}}