# This file was generated by Animated Java via MC-Build. It is not recommended to edit this file directly.
$data merge entity $(bone_nose) {transformation: [-0.9502f,0.2404f,0.1982f,0.5687f,0.1957f,0.9555f,-0.2205f,3.7078f,-0.2424f,-0.1707f,-0.955f,-0.445f,0f,0f,0f,1f],start_interpolation: 0,interpolation_duration: 1}
$data merge entity $(bone_glowing_eye) {transformation: [-0.9502f,0.2404f,0.1982f,0.4593f,0.1957f,0.9555f,-0.2205f,3.8047f,-0.2424f,-0.1707f,-0.955f,-0.4536f,0f,0f,0f,1f],start_interpolation: 0,interpolation_duration: 1}
$data merge entity $(bone_head) {transformation: [-0.9502f,0.2404f,0.1982f,0.5761f,0.1957f,0.9555f,-0.2205f,3.5485f,-0.2424f,-0.1707f,-0.955f,-0.6028f,0f,0f,0f,1f],start_interpolation: 0,interpolation_duration: 1}
$data merge entity $(bone_leftthumb2) {transformation: [-0.676f,0.0837f,-0.7322f,1.2408f,0.0317f,-0.9893f,-0.1425f,3.8614f,-0.7363f,-0.1195f,0.6661f,0.0799f,0f,0f,0f,1f],start_interpolation: 0,interpolation_duration: 1}
$data merge entity $(bone_leftthumb) {transformation: [-0.676f,0.0837f,-0.7322f,1.1988f,0.0317f,-0.9893f,-0.1425f,3.6066f,-0.7363f,-0.1195f,0.6661f,0.1075f,0f,0f,0f,1f],start_interpolation: 0,interpolation_duration: 1}
$data merge entity $(bone_leftpointerfinger) {transformation: [-0.6638f,-0.1525f,-0.7322f,1.2109f,0.3682f,-0.9188f,-0.1425f,3.9211f,-0.651f,-0.3641f,0.6661f,0.2585f,0f,0f,0f,1f],start_interpolation: 0,interpolation_duration: 1}
$data merge entity $(bone_leftmidfinger) {transformation: [-0.676f,0.0837f,-0.7322f,1.0965f,0.0317f,-0.9893f,-0.1425f,3.8988f,-0.7363f,-0.1195f,0.6661f,0.3625f,0f,0f,0f,1f],start_interpolation: 0,interpolation_duration: 1}
$data merge entity $(bone_leftringfinger) {transformation: [-0.5925f,0.336f,-0.7322f,0.9821f,-0.3493f,-0.9261f,-0.1425f,3.8766f,-0.726f,0.1713f,0.6661f,0.4666f,0f,0f,0f,1f],start_interpolation: 0,interpolation_duration: 1}
$data merge entity $(bone_invisibility) {transformation: [0.0196f,0.7367f,0.676f,1.1162f,-0.9979f,0.0557f,-0.0317f,3.8233f,-0.061f,-0.6739f,0.7363f,0.0865f,0f,0f,0f,1f],start_interpolation: 0,interpolation_duration: 1}
$data merge entity $(bone_swiftness) {transformation: [-0.7322f,0.0837f,0.676f,0.9324f,-0.1425f,-0.9893f,-0.0317f,3.9322f,0.6661f,-0.1195f,0.7363f,0.1893f,0f,0f,0f,1f],start_interpolation: 0,interpolation_duration: 1}
$data merge entity $(bone_suspicious_stew) {transformation: [-0.2335f,0.699f,0.676f,0.975f,-0.9568f,-0.289f,-0.0317f,3.8429f,0.1732f,-0.6542f,0.7363f,0.217f,0f,0f,0f,1f],start_interpolation: 0,interpolation_duration: 1}
$data merge entity $(bone_log) {transformation: [-0.676f,0.0837f,-0.7322f,0.8878f,0.0317f,-0.9893f,-0.1425f,3.7156f,-0.7363f,-0.1195f,0.6661f,0.1643f,0f,0f,0f,1f],start_interpolation: 0,interpolation_duration: 1}
$data merge entity $(bone_planks) {transformation: [-0.676f,0.0837f,-0.7322f,0.8244f,0.0317f,-0.9893f,-0.1425f,3.7185f,-0.7363f,-0.1195f,0.6661f,0.0953f,0f,0f,0f,1f],start_interpolation: 0,interpolation_duration: 1}
$data merge entity $(bone_lefthand1) {transformation: [-0.676f,0.0837f,-0.7322f,1.1006f,0.0317f,-0.9893f,-0.1425f,3.4648f,-0.7363f,-0.1195f,0.6661f,0.2977f,0f,0f,0f,1f],start_interpolation: 0,interpolation_duration: 1}
$data merge entity $(bone_leftforearm) {transformation: [-0.622f,0.2106f,-0.7542f,1.2056f,-0.1383f,-0.9776f,-0.1589f,2.7556f,-0.7707f,0.0054f,0.6371f,0.2346f,0f,0f,0f,1f],start_interpolation: 0,interpolation_duration: 1}
$data merge entity $(bone_leftelbow) {transformation: [-0.622f,0.2106f,-0.7542f,1.245f,-0.1383f,-0.9776f,-0.1589f,2.5723f,-0.7707f,0.0054f,0.6371f,0.2356f,0f,0f,0f,1f],start_interpolation: 0,interpolation_duration: 1}
$data merge entity $(bone_leftarm) {transformation: [-0.7631f,0.1168f,0.6356f,1.0587f,-0.1404f,0.9301f,-0.3395f,3.0474f,-0.6308f,-0.3483f,-0.6934f,-0.0321f,0f,0f,0f,1f],start_interpolation: 0,interpolation_duration: 1}
$data merge entity $(bone_rightthumb2) {transformation: [0.0814f,-0.94f,0.3312f,0.5221f,0.9945f,0.0545f,-0.0898f,3.7075f,0.0664f,0.3367f,0.9393f,-0.3819f,0f,0f,0f,1f],start_interpolation: 0,interpolation_duration: 1}
$data merge entity $(bone_rightthumb) {transformation: [0.0814f,-0.94f,0.3312f,0.3199f,0.9945f,0.0545f,-0.0898f,3.7132f,0.0664f,0.3367f,0.9393f,-0.2191f,0f,0f,0f,1f],start_interpolation: 0,interpolation_duration: 1}
$data merge entity $(bone_rightpointerfinger) {transformation: [-0.4418f,-0.8459f,0.2988f,0.5829f,0.7768f,-0.5274f,-0.3441f,3.9369f,0.4487f,0.0801f,0.8901f,-0.1683f,0f,0f,0f,1f],start_interpolation: 0,interpolation_duration: 1}
$data merge entity $(bone_rightmidfinger) {transformation: [-0.5485f,-0.781f,0.2988f,0.6296f,0.7013f,-0.6242f,-0.3441f,3.8831f,0.4553f,0.0208f,0.8901f,-0.0292f,0f,0f,0f,1f],start_interpolation: 0,interpolation_duration: 1}
$data merge entity $(bone_rightringfinger) {transformation: [-0.6145f,-0.7302f,0.2988f,0.6763f,0.6443f,-0.683f,-0.3441f,3.8293f,0.4554f,-0.0189f,0.8901f,0.1099f,0f,0f,0f,1f],start_interpolation: 0,interpolation_duration: 1}
$data merge entity $(bone_hugeasssword) {transformation: [-1.4352f,-3.4512f,1.1703f,0.5433f,3.211f,-1.7925f,-1.3479f,3.5778f,1.7233f,0.4656f,3.4862f,-0.1358f,0f,0f,0f,1f],start_interpolation: 0,interpolation_duration: 1}
$data merge entity $(bone_ice) {transformation: [-0.3664f,-0.8812f,0.2988f,0.5628f,0.8198f,-0.4576f,-0.3441f,3.5721f,0.44f,0.1189f,0.8901f,-0.1445f,0f,0f,0f,1f],start_interpolation: 0,interpolation_duration: 1}
$data merge entity $(bone_righthand1) {transformation: [-0.3664f,-0.8812f,0.2988f,0.2602f,0.8198f,-0.4576f,-0.3441f,3.6519f,0.44f,0.1189f,0.8901f,0.023f,0f,0f,0f,1f],start_interpolation: 0,interpolation_duration: 1}
$data merge entity $(bone_rightforearm) {transformation: [-0.4265f,-0.8955f,-0.1271f,-0.3408f,0.8704f,-0.3681f,-0.3269f,3.3438f,0.246f,-0.25f,0.9365f,-0.1828f,0f,0f,0f,1f],start_interpolation: 0,interpolation_duration: 1}
$data merge entity $(bone_rightelbow) {transformation: [-0.4265f,-0.8955f,-0.1271f,-0.5087f,0.8704f,-0.3681f,-0.3269f,3.2748f,0.246f,-0.25f,0.9365f,-0.2297f,0f,0f,0f,1f],start_interpolation: 0,interpolation_duration: 1}
$data merge entity $(bone_rightarm) {transformation: [-0.5679f,-0.1326f,-0.8124f,-0.362f,0.8034f,0.1253f,-0.5821f,3.2039f,0.179f,-0.9832f,0.0354f,-0.7815f,0f,0f,0f,1f],start_interpolation: 0,interpolation_duration: 1}
$data merge entity $(bone_chest1) {transformation: [-0.9214f,0.3117f,0.477f,0.4212f,0.0941f,0.9777f,-0.4571f,2.9217f,-0.5619f,-0.3473f,-0.8586f,-0.4582f,0f,0f,0f,1f],start_interpolation: 0,interpolation_duration: 1}
$data merge entity $(bone_chest1lid) {transformation: [-0.8505f,0.2248f,0.4755f,-0.2381f,0.0869f,0.9517f,-0.2945f,2.4996f,-0.5187f,-0.2092f,-0.829f,-0.106f,0f,0f,0f,1f],start_interpolation: 0,interpolation_duration: 1}
$data merge entity $(bone_chest2) {transformation: [-0.8505f,0.2877f,0.4403f,-0.283f,0.0869f,0.9025f,-0.4219f,2.3586f,-0.5187f,-0.3206f,-0.7926f,-0.056f,0f,0f,0f,1f],start_interpolation: 0,interpolation_duration: 1}
$data merge entity $(bone_chest1lid3) {transformation: [-0.8505f,0.2877f,0.4403f,0.0971f,0.0869f,0.9025f,-0.4219f,2.2239f,-0.5187f,-0.3206f,-0.7926f,-0.5814f,0f,0f,0f,1f],start_interpolation: 0,interpolation_duration: 1}
$data merge entity $(bone_chest3) {transformation: [-0.8505f,0.2877f,0.4403f,0.0522f,0.0869f,0.9025f,-0.4219f,2.0829f,-0.5187f,-0.3206f,-0.7926f,-0.5313f,0f,0f,0f,1f],start_interpolation: 0,interpolation_duration: 1}
$data merge entity $(bone_hugeasssword2) {transformation: [-1.7244f,3.2173f,-1.4198f,-0.1762f,1.6524f,2.1372f,2.8359f,3.9641f,3.1042f,0.6495f,-2.2983f,-1.6792f,0f,0f,0f,1f],start_interpolation: 0,interpolation_duration: 1}
$data merge entity $(bone_belt) {transformation: [-0.8505f,0.2877f,0.4403f,0.2762f,0.0869f,0.9025f,-0.4219f,2.6147f,-0.5187f,-0.3206f,-0.7926f,-0.2101f,0f,0f,0f,1f],start_interpolation: 0,interpolation_duration: 1}
$data merge entity $(bone_torn_part) {transformation: [-0.8505f,-0.1074f,0.5148f,0.0952f,0.0869f,0.9368f,0.3389f,2.355f,-0.5187f,0.3329f,-0.7875f,-0.1947f,0f,0f,0f,1f],start_interpolation: 0,interpolation_duration: 1}
$data merge entity $(bone_lowerbody) {transformation: [-0.8505f,0.2487f,0.4634f,-0.0084f,0.0869f,0.9355f,-0.3426f,1.938f,-0.5187f,-0.2511f,-0.8172f,0.0935f,0f,0f,0f,1f],start_interpolation: 0,interpolation_duration: 1}
$data merge entity $(bone_leftfoot) {transformation: [-0.9742f,-0.2219f,0.0413f,0.2193f,-0.2097f,0.9576f,0.1977f,0.2158f,-0.0834f,0.1839f,-0.9794f,0.6244f,0f,0f,0f,1f],start_interpolation: 0,interpolation_duration: 1}
$data merge entity $(bone_leftlowerleg) {transformation: [-0.9742f,-0.2213f,0.0443f,-0.0331f,-0.2097f,0.9601f,0.1848f,1.2525f,-0.0834f,0.1707f,-0.9818f,0.9647f,0f,0f,0f,1f],start_interpolation: 0,interpolation_duration: 1}
$data merge entity $(bone_leftleg) {transformation: [-0.9792f,0.089f,0.1825f,0.0358f,-0.0866f,0.63f,-0.7718f,1.7705f,-0.1837f,-0.7715f,-0.6091f,0.2753f,0f,0f,0f,1f],start_interpolation: 0,interpolation_duration: 1}
$data merge entity $(bone_rightfoot) {transformation: [-0.4974f,0.0399f,0.8666f,-0.3026f,0.1701f,0.984f,0.0524f,0.1733f,-0.8507f,0.1735f,-0.4962f,-0.273f,0f,0f,0f,1f],start_interpolation: 0,interpolation_duration: 1}
$data merge entity $(bone_rightlowerleg) {transformation: [-0.4974f,-0.2557f,0.829f,-0.7137f,0.1701f,0.9083f,0.3823f,1.1222f,-0.8507f,0.3312f,-0.4082f,0.1571f,0f,0f,0f,1f],start_interpolation: 0,interpolation_duration: 1}
$data merge entity $(bone_rightleg) {transformation: [-0.605f,0.4542f,0.654f,-0.3082f,0.0727f,0.8494f,-0.5226f,1.8866f,-0.7929f,-0.2686f,-0.5469f,-0.0649f,0f,0f,0f,1f],start_interpolation: 0,interpolation_duration: 1}
$data merge entity $(bone_sack_top) {transformation: [-0.3023f,-0.4441f,0.1365f,1.0749f,0.093f,0.3552f,0.3301f,3.8723f,-0.1766f,0.9473f,-0.0598f,0.0629f,0f,0f,0f,1f],start_interpolation: 0,interpolation_duration: 1}
$data merge entity $(bone_sack_main) {transformation: [-0.5266f,-0.2427f,0.2378f,1.0749f,0.162f,0.1942f,0.5751f,3.8723f,-0.3076f,0.5178f,-0.1042f,0.0629f,0f,0f,0f,1f],start_interpolation: 0,interpolation_duration: 1}
data modify entity @s data merge value {"cameras":{},"locators":{"lefthand":{"posx":0.9560748719666474,"posy":3.792108085611689,"posz":0.23223922287127988,"roty":227.70717756107587,"rotx":-8.189703661009835},"sword":{"posx":-0.5643327012791071,"posy":4.93050136963531,"posz":-3.401301813446446,"roty":161.44285554491387,"rotx":-20.12938656442107},"righthand":{"posx":0.5375325279289922,"posy":3.661480312688628,"posz":-0.1190564198647733,"roty":161.44285554491387,"rotx":-20.12938656442107},"chest":{"posx":-0.35143399235779454,"posy":2.511879781801501,"posz":0.021620521390156133,"roty":29.051982132070492,"rotx":-24.954641297520478},"sack":{"posx":0.9660328157004701,"posy":3.9877426552848125,"posz":0.451812215705784,"roty":66.3448159744523,"rotx":65.70084057352894}}}