# This file was generated by Animated Java via MC-Build. It is not recommended to edit this file directly.
$data merge entity $(bone_nose) {transformation: [-0.9233f,0.2765f,0.2667f,0.5995f,0.1867f,0.9297f,-0.3174f,3.6638f,-0.3357f,-0.2432f,-0.91f,-0.5375f,0f,0f,0f,1f],start_interpolation: 0,interpolation_duration: 1}
$data merge entity $(bone_glowing_eye) {transformation: [-0.9233f,0.2765f,0.2667f,0.4935f,0.1867f,0.9297f,-0.3174f,3.7611f,-0.3357f,-0.2432f,-0.91f,-0.5642f,0f,0f,0f,1f],start_interpolation: 0,interpolation_duration: 1}
$data merge entity $(bone_head) {transformation: [-0.9233f,0.2765f,0.2667f,0.6153f,0.1867f,0.9297f,-0.3174f,3.4895f,-0.3357f,-0.2432f,-0.91f,-0.6779f,0f,0f,0f,1f],start_interpolation: 0,interpolation_duration: 1}
$data merge entity $(bone_leftthumb2) {transformation: [-0.6869f,0.0745f,-0.7229f,1.2515f,0.0067f,-0.994f,-0.1088f,3.8202f,-0.7267f,-0.0796f,0.6823f,0.0074f,0f,0f,0f,1f],start_interpolation: 0,interpolation_duration: 1}
$data merge entity $(bone_leftthumb) {transformation: [-0.6869f,0.0745f,-0.7229f,1.208f,0.0067f,-0.994f,-0.1088f,3.5671f,-0.7267f,-0.0796f,0.6823f,0.0462f,0f,0f,0f,1f],start_interpolation: 0,interpolation_duration: 1}
$data merge entity $(bone_leftpointerfinger) {transformation: [-0.671f,-0.1649f,-0.7229f,1.2248f,0.3463f,-0.9318f,-0.1088f,3.8874f,-0.6556f,-0.3234f,0.6823f,0.1838f,0f,0f,0f,1f],start_interpolation: 0,interpolation_duration: 1}
$data merge entity $(bone_leftmidfinger) {transformation: [-0.6869f,0.0745f,-0.7229f,1.1119f,0.0067f,-0.994f,-0.1088f,3.8704f,-0.7267f,-0.0796f,0.6823f,0.2904f,0f,0f,0f,1f],start_interpolation: 0,interpolation_duration: 1}
$data merge entity $(bone_leftringfinger) {transformation: [-0.6061f,0.3317f,-0.7229f,0.9989f,-0.3742f,-0.9209f,-0.1088f,3.8534f,-0.7018f,0.2045f,0.6823f,0.397f,0f,0f,0f,1f],start_interpolation: 0,interpolation_duration: 1}
$data merge entity $(bone_invisibility) {transformation: [0.0112f,0.7266f,0.6869f,1.1268f,-0.9997f,0.0218f,-0.0067f,3.7834f,-0.0198f,-0.6867f,0.7267f,0.0175f,0f,0f,0f,1f],start_interpolation: 0,interpolation_duration: 1}
$data merge entity $(bone_swiftness) {transformation: [-0.7229f,0.0745f,0.6869f,0.9454f,-0.1088f,-0.994f,-0.0067f,3.8979f,0.6823f,-0.0796f,0.7267f,0.1184f,0f,0f,0f,1f],start_interpolation: 0,interpolation_duration: 1}
$data merge entity $(bone_suspicious_stew) {transformation: [-0.238f,0.6867f,0.6869f,0.9877f,-0.9469f,-0.3215f,-0.0067f,3.8096f,0.2162f,-0.652f,0.7267f,0.1492f,0f,0f,0f,1f],start_interpolation: 0,interpolation_duration: 1}
$data merge entity $(bone_log) {transformation: [-0.6869f,0.0745f,-0.7229f,0.8988f,0.0067f,-0.994f,-0.1088f,3.6808f,-0.7267f,-0.0796f,0.6823f,0.1031f,0f,0f,0f,1f],start_interpolation: 0,interpolation_duration: 1}
$data merge entity $(bone_planks) {transformation: [-0.6869f,0.0745f,-0.7229f,0.8344f,0.0067f,-0.994f,-0.1088f,3.6815f,-0.7267f,-0.0796f,0.6823f,0.0349f,0f,0f,0f,1f],start_interpolation: 0,interpolation_duration: 1}
$data merge entity $(bone_lefthand1) {transformation: [-0.6869f,0.0745f,-0.7229f,1.1117f,0.0067f,-0.994f,-0.1088f,3.4341f,-0.7267f,-0.0796f,0.6823f,0.2435f,0f,0f,0f,1f],start_interpolation: 0,interpolation_duration: 1}
$data merge entity $(bone_leftforearm) {transformation: [-0.6348f,0.2033f,-0.7455f,1.2104f,-0.165f,-0.9782f,-0.1263f,2.722f,-0.7549f,0.0428f,0.6545f,0.2084f,0f,0f,0f,1f],start_interpolation: 0,interpolation_duration: 1}
$data merge entity $(bone_leftelbow) {transformation: [-0.6348f,0.2033f,-0.7455f,1.2485f,-0.165f,-0.9782f,-0.1263f,2.5386f,-0.7549f,0.0428f,0.6545f,0.2164f,0f,0f,0f,1f],start_interpolation: 0,interpolation_duration: 1}
$data merge entity $(bone_leftarm) {transformation: [-0.7748f,0.1696f,0.6091f,1.089f,-0.1469f,0.8887f,-0.4343f,2.9999f,-0.615f,-0.4259f,-0.6636f,-0.0901f,0f,0f,0f,1f],start_interpolation: 0,interpolation_duration: 1}
$data merge entity $(bone_rightthumb2) {transformation: [0.0135f,-0.9403f,0.34f,0.4804f,0.9974f,-0.0114f,-0.071f,3.7063f,0.0706f,0.3401f,0.9377f,-0.4462f,0f,0f,0f,1f],start_interpolation: 0,interpolation_duration: 1}
$data merge entity $(bone_rightthumb) {transformation: [0.0135f,-0.9403f,0.34f,0.2788f,0.9974f,-0.0114f,-0.071f,3.6974f,0.0706f,0.3401f,0.9377f,-0.2827f,0f,0f,0f,1f],start_interpolation: 0,interpolation_duration: 1}
$data merge entity $(bone_rightpointerfinger) {transformation: [-0.4923f,-0.8075f,0.325f,0.5262f,0.7428f,-0.5843f,-0.3267f,3.9384f,0.4537f,0.0806f,0.8875f,-0.2317f,0f,0f,0f,1f],start_interpolation: 0,interpolation_duration: 1}
$data merge entity $(bone_rightmidfinger) {transformation: [-0.5935f,-0.7364f,0.325f,0.5769f,0.6602f,-0.6763f,-0.3267f,3.8873f,0.4604f,0.0206f,0.8875f,-0.093f,0f,0f,0f,1f],start_interpolation: 0,interpolation_duration: 1}
$data merge entity $(bone_rightringfinger) {transformation: [-0.6554f,-0.6818f,0.325f,0.6277f,0.5988f,-0.7313f,-0.3267f,3.8363f,0.4604f,-0.0196f,0.8875f,0.0456f,0f,0f,0f,1f],start_interpolation: 0,interpolation_duration: 1}
$data merge entity $(bone_hugeasssword) {transformation: [-1.645f,-3.3188f,1.2728f,0.5113f,3.0978f,-2.0263f,-1.2797f,3.5773f,1.7429f,0.4692f,3.476f,-0.2008f,0f,0f,0f,1f],start_interpolation: 0,interpolation_duration: 1}
$data merge entity $(bone_ice) {transformation: [-0.42f,-0.8473f,0.325f,0.5311f,0.7909f,-0.5174f,-0.3267f,3.573f,0.445f,0.1198f,0.8875f,-0.2096f,0f,0f,0f,1f],start_interpolation: 0,interpolation_duration: 1}
$data merge entity $(bone_righthand1) {transformation: [-0.42f,-0.8473f,0.325f,0.2244f,0.7909f,-0.5174f,-0.3267f,3.6312f,0.445f,0.1198f,0.8875f,-0.0407f,0f,0f,0f,1f],start_interpolation: 0,interpolation_duration: 1}
$data merge entity $(bone_rightforearm) {transformation: [-0.4841f,-0.8692f,-0.1009f,-0.3549f,0.8381f,-0.4274f,-0.3389f,3.2836f,0.2514f,-0.2486f,0.9354f,-0.2458f,0f,0f,0f,1f],start_interpolation: 0,interpolation_duration: 1}
$data merge entity $(bone_rightelbow) {transformation: [-0.4841f,-0.8692f,-0.1009f,-0.5179f,0.8381f,-0.4274f,-0.3389f,3.2034f,0.2514f,-0.2486f,0.9354f,-0.2925f,0f,0f,0f,1f],start_interpolation: 0,interpolation_duration: 1}
$data merge entity $(bone_rightarm) {transformation: [-0.6174f,-0.0758f,-0.783f,-0.3329f,0.7675f,0.1604f,-0.6207f,3.163f,0.1727f,-0.9841f,-0.0409f,-0.8358f,0f,0f,0f,1f],start_interpolation: 0,interpolation_duration: 1}
$data merge entity $(bone_chest1) {transformation: [-0.923f,0.3347f,0.458f,0.445f,0.0953f,0.9537f,-0.5049f,2.8736f,-0.5592f,-0.3899f,-0.842f,-0.5063f,0f,0f,0f,1f],start_interpolation: 0,interpolation_duration: 1}
$data merge entity $(bone_chest1lid) {transformation: [-0.852f,0.2463f,0.462f,-0.2224f,0.0879f,0.9372f,-0.3374f,2.4844f,-0.5161f,-0.2469f,-0.8202f,-0.1324f,0f,0f,0f,1f],start_interpolation: 0,interpolation_duration: 1}
$data merge entity $(bone_chest2) {transformation: [-0.852f,0.3089f,0.4227f,-0.2707f,0.0879f,0.8804f,-0.4661f,2.3468f,-0.5161f,-0.3599f,-0.7772f,-0.0761f,0f,0f,0f,1f],start_interpolation: 0,interpolation_duration: 1}
$data merge entity $(bone_chest1lid3) {transformation: [-0.852f,0.3089f,0.4227f,0.1016f,0.0879f,0.8804f,-0.4661f,2.1803f,-0.5161f,-0.3599f,-0.7772f,-0.598f,0f,0f,0f,1f],start_interpolation: 0,interpolation_duration: 1}
$data merge entity $(bone_chest3) {transformation: [-0.852f,0.3089f,0.4227f,0.0534f,0.0879f,0.8804f,-0.4661f,2.0427f,-0.5161f,-0.3599f,-0.7772f,-0.5417f,0f,0f,0f,1f],start_interpolation: 0,interpolation_duration: 1}
$data merge entity $(bone_hugeasssword2) {transformation: [-1.6557f,3.2776f,-1.3623f,-0.1342f,1.8256f,2.0755f,2.7748f,3.88f,3.044f,0.5381f,-2.4051f,-1.7657f,0f,0f,0f,1f],start_interpolation: 0,interpolation_duration: 1}
$data merge entity $(bone_belt) {transformation: [-0.852f,0.3089f,0.4227f,0.2939f,0.0879f,0.8804f,-0.4661f,2.5812f,-0.5161f,-0.3599f,-0.7772f,-0.2446f,0f,0f,0f,1f],start_interpolation: 0,interpolation_duration: 1}
$data merge entity $(bone_torn_part) {transformation: [-0.852f,-0.0746f,0.5182f,0.1058f,0.0879f,0.9554f,0.2821f,2.3286f,-0.5161f,0.2859f,-0.8074f,-0.2162f,0f,0f,0f,1f],start_interpolation: 0,interpolation_duration: 1}
$data merge entity $(bone_lowerbody) {transformation: [-0.852f,0.276f,0.4449f,-0.0084f,0.0879f,0.9132f,-0.398f,1.9302f,-0.5161f,-0.3f,-0.8023f,0.0935f,0f,0f,0f,1f],start_interpolation: 0,interpolation_duration: 1}
$data merge entity $(bone_leftfoot) {transformation: [-0.9739f,-0.2229f,0.0431f,0.219f,-0.2107f,0.9582f,0.1936f,0.2142f,-0.0845f,0.1795f,-0.9801f,0.6268f,0f,0f,0f,1f],start_interpolation: 0,interpolation_duration: 1}
$data merge entity $(bone_leftlowerleg) {transformation: [-0.9739f,-0.2226f,0.0448f,-0.0348f,-0.2107f,0.9596f,0.1865f,1.2501f,-0.0845f,0.1722f,-0.9814f,0.9686f,0f,0f,0f,1f],start_interpolation: 0,interpolation_duration: 1}
$data merge entity $(bone_leftleg) {transformation: [-0.9786f,0.0909f,0.1844f,0.0358f,-0.0884f,0.6239f,-0.7765f,1.7628f,-0.1857f,-0.7762f,-0.6026f,0.2753f,0f,0f,0f,1f],start_interpolation: 0,interpolation_duration: 1}
$data merge entity $(bone_rightfoot) {transformation: [-0.4979f,0.0361f,0.8665f,-0.3049f,0.1695f,0.9839f,0.0565f,0.1735f,-0.8505f,0.175f,-0.496f,-0.2691f,0f,0f,0f,1f],start_interpolation: 0,interpolation_duration: 1}
$data merge entity $(bone_rightlowerleg) {transformation: [-0.4979f,-0.2599f,0.8274f,-0.7204f,0.1695f,0.9064f,0.3868f,1.1196f,-0.8505f,0.3329f,-0.4072f,0.1627f,0f,0f,0f,1f],start_interpolation: 0,interpolation_duration: 1}
$data merge entity $(bone_rightleg) {transformation: [-0.605f,0.4616f,0.6487f,-0.3081f,0.0727f,0.8434f,-0.5323f,1.8788f,-0.7929f,-0.2749f,-0.5438f,-0.0649f,0f,0f,0f,1f],start_interpolation: 0,interpolation_duration: 1}
$data merge entity $(bone_sack_top) {transformation: [-0.3263f,-0.3718f,0.1577f,1.0266f,0.0956f,0.4813f,0.3333f,3.7036f,-0.1795f,0.9324f,-0.1092f,-0.011f,0f,0f,0f,1f],start_interpolation: 0,interpolation_duration: 1}
$data merge entity $(bone_sack_main) {transformation: [-0.5511f,-0.2169f,0.2664f,1.0266f,0.1615f,0.2808f,0.5628f,3.7036f,-0.3031f,0.5439f,-0.1843f,-0.011f,0f,0f,0f,1f],start_interpolation: 0,interpolation_duration: 1}
data modify entity @s data merge value {"cameras":{},"locators":{"lefthand":{"posx":0.968631070865527,"posy":3.7595675816856873,"posz":0.16676250644657414,"roty":226.65394169425855,"rotx":-6.247711490246421},"sword":{"posx":-0.698414047676212,"posy":4.86518640243711,"posz":-3.456228984354914,"roty":159.88906527215718,"rotx":-19.07129343095406},"righthand":{"posx":0.4999000504635763,"posy":3.6603163695195464,"posz":-0.183617217588704,"roty":159.88906527215718,"rotx":-19.07129343095406},"chest":{"posx":-0.3344045129253738,"posy":2.5049282586952115,"posz":-0.004546970945655857,"roty":28.543051073266838,"rotx":-27.781481238022067},"sack":{"posx":0.9462197364203735,"posy":3.866797824444024,"posz":0.37116836686247,"roty":55.313098574149976,"rotx":60.077975924224205}}}