# This file was generated by Animated Java via MC-Build. It is not recommended to edit this file directly.
$data merge entity $(nose) {transformation: [-0.9396f,0.2702f,0.2102f,0.5139f,0.1782f,0.9103f,-0.3735f,3.716f,-0.2923f,-0.3135f,-0.9035f,-0.3919f,0f,0f,0f,1f],start_interpolation: 0,interpolation_duration: 1}
$data merge entity $(glowing_eye) {transformation: [-0.9396f,0.2702f,0.2102f,0.4074f,0.1782f,0.9103f,-0.3735f,3.813f,-0.2923f,-0.3135f,-0.9035f,-0.4182f,0f,0f,0f,1f],start_interpolation: 0,interpolation_duration: 1}
$data merge entity $(head) {transformation: [-0.9396f,0.2702f,0.2102f,0.5199f,0.1782f,0.9103f,-0.3735f,3.5337f,-0.2923f,-0.3135f,-0.9035f,-0.5224f,0f,0f,0f,1f],start_interpolation: 0,interpolation_duration: 1}
$data merge entity $(leftthumb2) {transformation: [-0.7641f,0.2193f,-0.6066f,0.9788f,0.0067f,-0.9377f,-0.3474f,3.814f,-0.645f,-0.2696f,0.7151f,0.3147f,0f,0f,0f,1f],start_interpolation: 0,interpolation_duration: 1}
$data merge entity $(leftthumb) {transformation: [-0.7641f,0.2193f,-0.6066f,0.9808f,0.0067f,-0.9377f,-0.3474f,3.5543f,-0.645f,-0.2696f,0.7151f,0.3097f,0f,0f,0f,1f],start_interpolation: 0,interpolation_duration: 1}
$data merge entity $(leftpointerfinger) {transformation: [-0.7931f,-0.0553f,-0.6066f,0.964f,0.327f,-0.8788f,-0.3474f,3.845f,-0.5139f,-0.4739f,0.7151f,0.5022f,0f,0f,0f,1f],start_interpolation: 0,interpolation_duration: 1}
$data merge entity $(leftmidfinger) {transformation: [-0.7641f,0.2193f,-0.6066f,0.8692f,0.0067f,-0.9377f,-0.3474f,3.7907f,-0.645f,-0.2696f,0.7151f,0.6139f,0f,0f,0f,1f],start_interpolation: 0,interpolation_duration: 1}
$data merge entity $(leftringfinger) {transformation: [-0.6221f,0.495f,-0.6066f,0.7744f,-0.3526f,-0.8689f,-0.3474f,3.7364f,-0.6991f,-0.0022f,0.7151f,0.7257f,0f,0f,0f,1f],start_interpolation: 0,interpolation_duration: 1}
$data merge entity $(invisibility) {transformation: [0.1655f,0.6234f,0.7641f,0.8636f,-0.9644f,0.2644f,-0.0067f,3.7545f,-0.2062f,-0.7358f,0.645f,0.3294f,0f,0f,0f,1f],start_interpolation: 0,interpolation_duration: 1}
$data merge entity $(swiftness) {transformation: [-0.6066f,0.2193f,0.7641f,0.6804f,-0.3474f,-0.9377f,-0.0067f,3.8167f,0.7151f,-0.2696f,0.645f,0.4664f,0f,0f,0f,1f],start_interpolation: 0,interpolation_duration: 1}
$data merge entity $(suspicious_stew) {transformation: [-0.0577f,0.6425f,0.7641f,0.7396f,-0.9967f,-0.0814f,-0.0067f,3.7333f,0.0579f,-0.762f,0.645f,0.4762f,0f,0f,0f,1f],start_interpolation: 0,interpolation_duration: 1}
$data merge entity $(log) {transformation: [-0.7641f,0.2193f,-0.6066f,0.6669f,0.0067f,-0.9377f,-0.3474f,3.6005f,-0.645f,-0.2696f,0.7151f,0.4155f,0f,0f,0f,1f],start_interpolation: 0,interpolation_duration: 1}
$data merge entity $(planks) {transformation: [-0.7641f,0.2193f,-0.6066f,0.5953f,0.0067f,-0.9377f,-0.3474f,3.6011f,-0.645f,-0.2696f,0.7151f,0.355f,0f,0f,0f,1f],start_interpolation: 0,interpolation_duration: 1}
$data merge entity $(lefthand1) {transformation: [-0.7641f,0.2193f,-0.6066f,0.9317f,0.0067f,-0.9377f,-0.3474f,3.3752f,-0.645f,-0.2696f,0.7151f,0.487f,0f,0f,0f,1f],start_interpolation: 0,interpolation_duration: 1}
$data merge entity $(leftforearm) {transformation: [-0.6896f,0.3582f,-0.6295f,1.1359f,-0.1459f,-0.92f,-0.3637f,2.7079f,-0.7094f,-0.1589f,0.6867f,0.3111f,0f,0f,0f,1f],start_interpolation: 0,interpolation_duration: 1}
$data merge entity $(leftelbow) {transformation: [-0.6896f,0.3582f,-0.6295f,1.203f,-0.1459f,-0.92f,-0.3637f,2.5354f,-0.7094f,-0.1589f,0.6867f,0.2813f,0f,0f,0f,1f],start_interpolation: 0,interpolation_duration: 1}
$data merge entity $(leftarm) {transformation: [-0.8191f,0.172f,0.5472f,1.0398f,-0.122f,0.8799f,-0.4593f,3.0006f,-0.5605f,-0.4429f,-0.6997f,-0.0173f,0f,0f,0f,1f],start_interpolation: 0,interpolation_duration: 1}
$data merge entity $(rightthumb2) {transformation: [-0.1203f,-0.9609f,0.2494f,0.3008f,0.9617f,-0.1752f,-0.2108f,3.7415f,0.2463f,0.2145f,0.9452f,-0.0918f,0f,0f,0f,1f],start_interpolation: 0,interpolation_duration: 1}
$data merge entity $(rightthumb) {transformation: [-0.1203f,-0.9609f,0.2494f,0.0864f,0.9617f,-0.1752f,-0.2108f,3.6805f,0.2463f,0.2145f,0.9452f,0.0416f,0f,0f,0f,1f],start_interpolation: 0,interpolation_duration: 1}
$data merge entity $(rightpointerfinger) {transformation: [-0.6259f,-0.7309f,0.2721f,0.2948f,0.5871f,-0.6712f,-0.4525f,3.9323f,0.5134f,-0.1235f,0.8492f,0.1642f,0f,0f,0f,1f],start_interpolation: 0,interpolation_duration: 1}
$data merge entity $(rightmidfinger) {transformation: [-0.716f,-0.6429f,0.2721f,0.3373f,0.4944f,-0.7421f,-0.4525f,3.8616f,0.4929f,-0.1895f,0.8492f,0.2969f,0f,0f,0f,1f],start_interpolation: 0,interpolation_duration: 1}
$data merge entity $(rightringfinger) {transformation: [-0.7693f,-0.5781f,0.2721f,0.3798f,0.4279f,-0.7824f,-0.4525f,3.7909f,0.4745f,-0.2317f,0.8492f,0.4296f,0f,0f,0f,1f],start_interpolation: 0,interpolation_duration: 1}
$data merge entity $(hugeasssword) {transformation: [-2.1928f,-3.0653f,1.0656f,0.3228f,2.5197f,-2.4186f,-1.7725f,3.5724f,2.0453f,-0.3068f,3.3261f,0.129f,0f,0f,0f,1f],start_interpolation: 0,interpolation_duration: 1}
$data merge entity $(whey) {transformation: [0f,0f,0f,0.4541f,0f,0f,0f,3.5833f,0f,0f,0f,-0.0728f,0f,0f,0f,1f],start_interpolation: 0,interpolation_duration: 1}
$data merge entity $(ice) {transformation: [-0.5599f,-0.7826f,0.2721f,0.3437f,0.6433f,-0.6175f,-0.4525f,3.5719f,0.5222f,-0.0783f,0.8492f,0.1221f,0f,0f,0f,1f],start_interpolation: 0,interpolation_duration: 1}
$data merge entity $(righthand1) {transformation: [-0.5599f,-0.7826f,0.2721f,0.0166f,0.6433f,-0.6175f,-0.4525f,3.5643f,0.5222f,-0.0783f,0.8492f,0.2596f,0f,0f,0f,1f],start_interpolation: 0,interpolation_duration: 1}
$data merge entity $(rightforearm) {transformation: [-0.6094f,-0.7782f,-0.1515f,-0.4901f,0.7193f,-0.4623f,-0.5186f,3.2024f,0.3336f,-0.425f,0.8415f,-0.0733f,0f,0f,0f,1f],start_interpolation: 0,interpolation_duration: 1}
$data merge entity $(rightelbow) {transformation: [-0.6094f,-0.7782f,-0.1515f,-0.636f,0.7193f,-0.4623f,-0.5186f,3.1157f,0.3336f,-0.425f,0.8415f,-0.153f,0f,0f,0f,1f],start_interpolation: 0,interpolation_duration: 1}
$data merge entity $(rightarm) {transformation: [-0.7272f,-0.0468f,-0.6849f,-0.4196f,0.6444f,0.2974f,-0.7045f,3.1832f,0.2367f,-0.9536f,-0.1861f,-0.6817f,0f,0f,0f,1f],start_interpolation: 0,interpolation_duration: 1}
$data merge entity $(chest1) {transformation: [-0.9501f,0.2758f,0.4414f,0.384f,0.1171f,1.0084f,-0.3781f,2.8942f,-0.5071f,-0.2839f,-0.9142f,-0.4203f,0f,0f,0f,1f],start_interpolation: 0,interpolation_duration: 1}
$data merge entity $(chest1lid) {transformation: [-0.877f,0.195f,0.439f,-0.2489f,0.1081f,0.9706f,-0.2153f,2.4315f,-0.4681f,-0.1413f,-0.8723f,-0.0708f,0f,0f,0f,1f],start_interpolation: 0,interpolation_duration: 1}
$data merge entity $(chest2) {transformation: [-0.877f,0.2546f,0.4074f,-0.2887f,0.1081f,0.9309f,-0.349f,2.2861f,-0.4681f,-0.2621f,-0.8439f,-0.0298f,0f,0f,0f,1f],start_interpolation: 0,interpolation_duration: 1}
$data merge entity $(chest1lid3) {transformation: [-0.877f,0.2546f,0.4074f,0.0669f,0.1081f,0.9309f,-0.349f,2.2012f,-0.4681f,-0.2621f,-0.8439f,-0.5822f,0f,0f,0f,1f],start_interpolation: 0,interpolation_duration: 1}
$data merge entity $(chest3) {transformation: [-0.877f,0.2546f,0.4074f,0.0272f,0.1081f,0.9309f,-0.349f,2.0557f,-0.4681f,-0.2621f,-0.8439f,-0.5412f,0f,0f,0f,1f],start_interpolation: 0,interpolation_duration: 1}
$data merge entity $(hugeasssword2) {transformation: [-1.5957f,3.2062f,-1.5856f,-0.2933f,1.367f,2.1511f,2.974f,4.015f,3.3054f,0.6582f,-1.9954f,-1.5247f,0f,0f,0f,1f],start_interpolation: 0,interpolation_duration: 1}
$data merge entity $(belt) {transformation: [-0.877f,0.2546f,0.4074f,0.2573f,0.1081f,0.9309f,-0.349f,2.5657f,-0.4681f,-0.2621f,-0.8439f,-0.1905f,0f,0f,0f,1f],start_interpolation: 0,interpolation_duration: 1}
$data merge entity $(torn_part) {transformation: [-0.877f,-0.0876f,0.4724f,0.0803f,0.1081f,0.9221f,0.3716f,2.3066f,-0.4681f,0.3769f,-0.7993f,-0.1823f,0f,0f,0f,1f],start_interpolation: 0,interpolation_duration: 1}
$data merge entity $(lowerbody) {transformation: [-0.877f,0.2366f,0.4181f,-0.0084f,0.1081f,0.9452f,-0.3081f,1.8778f,-0.4681f,-0.225f,-0.8545f,0.0935f,0f,0f,0f,1f],start_interpolation: 0,interpolation_duration: 1}
$data merge entity $(leftfoot) {transformation: [-0.9716f,-0.2321f,0.045f,0.2267f,-0.2206f,0.9585f,0.1805f,0.201f,-0.085f,0.1655f,-0.9825f,0.6203f,0f,0f,0f,1f],start_interpolation: 0,interpolation_duration: 1}
$data merge entity $(leftlowerleg) {transformation: [-0.9716f,-0.2334f,0.0378f,-0.038f,-0.2206f,0.9524f,0.2103f,1.2253f,-0.085f,0.196f,-0.9769f,0.9878f,0f,0f,0f,1f],start_interpolation: 0,interpolation_duration: 1}
$data merge entity $(leftleg) {transformation: [-0.9762f,0.0942f,0.1952f,0.0358f,-0.1024f,0.5932f,-0.7985f,1.7104f,-0.1911f,-0.7996f,-0.5694f,0.2753f,0f,0f,0f,1f],start_interpolation: 0,interpolation_duration: 1}
$data merge entity $(rightfoot) {transformation: [-0.5014f,0.0169f,0.8651f,-0.3019f,0.1684f,0.9826f,0.0784f,0.1667f,-0.8487f,0.185f,-0.4955f,-0.2612f,0f,0f,0f,1f],start_interpolation: 0,interpolation_duration: 1}
$data merge entity $(rightlowerleg) {transformation: [-0.5014f,-0.2899f,0.8152f,-0.7488f,0.1684f,0.8915f,0.4206f,1.091f,-0.8487f,0.3482f,-0.3981f,0.1862f,0f,0f,0f,1f],start_interpolation: 0,interpolation_duration: 1}
$data merge entity $(rightleg) {transformation: [-0.6049f,0.4931f,0.6253f,-0.3081f,0.073f,0.8162f,-0.5731f,1.8264f,-0.793f,-0.301f,-0.5297f,-0.0649f,0f,0f,0f,1f],start_interpolation: 0,interpolation_duration: 1}
$data merge entity $(sack_top) {transformation: [-0.3091f,-0.6621f,0.1604f,0.6631f,0.1119f,0.3007f,0.4008f,3.7093f,-0.2804f,0.8499f,-0.0169f,0.4152f,0f,0f,0f,1f],start_interpolation: 0,interpolation_duration: 1}
$data merge entity $(sack_main) {transformation: [-0.5982f,-0.7124f,0.3104f,0.6631f,0.2166f,0.3235f,0.7757f,3.7093f,-0.5426f,0.9145f,-0.0326f,0.4152f,0f,0f,0f,1f],start_interpolation: 0,interpolation_duration: 1}
data modify entity @s data merge value {"cameras":{},"locators":{"soup":{"px":0.8261506871406942,"py":3.719552509176851,"pz":0.3250294045925634,"ry":130.16708943920372,"rx":-0.38618265376378486},"lefthand":{"px":0.7309283657677011,"py":3.6785278339065077,"pz":0.4858617802186949,"ry":220.31016259461884,"rx":-20.32838505561666},"sword":{"px":-0.7040616045302714,"py":5.317740765545725,"pz":-2.9725160655323064,"ry":162.23512392674812,"rx":-26.907112013538388},"righthand":{"px":0.29923561971193297,"py":3.6489795922902557,"pz":0.1589831084198307,"ry":162.23512392674812,"rx":-26.907112013538388},"chest":{"px":-0.35585742800458936,"py":2.431232936820099,"pz":0.06283983031592488,"ry":25.76947121035269,"rx":-20.42742170966761},"sack":{"px":0.4648705112714203,"py":3.8039740503804604,"pz":0.7793187798849313,"ry":83.99941336126318,"rx":68.0819878695375}}}