# This file was generated by Animated Java via MC-Build. It is not recommended to edit this file directly.
$data merge entity $(bone_nose) {transformation: [-0.9517f,-0.115f,0.2848f,-0.4239f,0.0084f,0.9171f,0.3985f,3.3676f,-0.307f,0.3816f,-0.8719f,0.9229f,0f,0f,0f,1f],start_interpolation: 0,interpolation_duration: 1}
$data merge entity $(bone_glowing_eye) {transformation: [-0.9517f,-0.115f,0.2848f,-0.5605f,0.0084f,0.9171f,0.3985f,3.4169f,-0.307f,0.3816f,-0.8719f,0.9408f,0f,0f,0f,1f],start_interpolation: 0,interpolation_duration: 1}
$data merge entity $(bone_head) {transformation: [-0.9517f,-0.115f,0.2848f,-0.3563f,0.0084f,0.9171f,0.3985f,3.329f,-0.307f,0.3816f,-0.8719f,0.7125f,0f,0f,0f,1f],start_interpolation: 0,interpolation_duration: 1}
$data merge entity $(bone_leftthumb2) {transformation: [-0.8994f,0.0965f,0.4264f,0.2317f,-0.4326f,-0.0552f,-0.8999f,2.6862f,-0.0633f,-0.9938f,0.0914f,2.7487f,0f,0f,0f,1f],start_interpolation: 0,interpolation_duration: 1}
$data merge entity $(bone_leftthumb) {transformation: [-0.8994f,0.0965f,0.4264f,0.2918f,-0.4326f,-0.0552f,-0.8999f,2.5957f,-0.0633f,-0.9938f,0.0914f,2.5128f,0f,0f,0f,1f],start_interpolation: 0,interpolation_duration: 1}
$data merge entity $(bone_leftpointerfinger) {transformation: [-0.8781f,-0.2169f,0.4264f,0.3785f,-0.3876f,-0.1998f,-0.8999f,2.619f,0.2804f,-0.9555f,0.0914f,2.8501f,0f,0f,0f,1f],start_interpolation: 0,interpolation_duration: 1}
$data merge entity $(bone_leftmidfinger) {transformation: [-0.8994f,0.0965f,0.4264f,0.4451f,-0.4326f,-0.0552f,-0.8999f,2.4783f,-0.0633f,-0.9938f,0.0914f,2.8644f,0f,0f,0f,1f],start_interpolation: 0,interpolation_duration: 1}
$data merge entity $(bone_leftringfinger) {transformation: [-0.794f,0.4334f,0.4264f,0.5117f,-0.4208f,0.1146f,-0.8999f,2.3377f,-0.4388f,-0.8939f,0.0914f,2.8787f,0f,0f,0f,1f],start_interpolation: 0,interpolation_duration: 1}
$data merge entity $(bone_invisibility) {transformation: [0.1333f,-0.4164f,0.8994f,0.2071f,-0.1334f,0.8917f,0.4326f,2.5599f,-0.9821f,-0.1776f,0.0633f,2.7267f,0f,0f,0f,1f],start_interpolation: 0,interpolation_duration: 1}
$data merge entity $(bone_swiftness) {transformation: [0.4264f,0.0965f,0.8994f,0.2271f,-0.8999f,-0.0552f,0.4326f,2.3761f,0.0914f,-0.9938f,0.0633f,2.8751f,0f,0f,0f,1f],start_interpolation: 0,interpolation_duration: 1}
$data merge entity $(bone_suspicious_stew) {transformation: [0.2677f,-0.3457f,0.8994f,0.2825f,-0.4303f,0.7923f,0.4326f,2.3938f,-0.8621f,-0.5028f,0.0633f,2.7904f,0f,0f,0f,1f],start_interpolation: 0,interpolation_duration: 1}
$data merge entity $(bone_log) {transformation: [-0.8994f,0.0965f,0.4264f,0.2302f,-0.4326f,-0.0552f,-0.8999f,2.3042f,-0.0633f,-0.9938f,0.0914f,2.6645f,0f,0f,0f,1f],start_interpolation: 0,interpolation_duration: 1}
$data merge entity $(bone_planks) {transformation: [-0.8994f,0.0965f,0.4264f,0.1459f,-0.4326f,-0.0552f,-0.8999f,2.2636f,-0.0633f,-0.9938f,0.0914f,2.6586f,0f,0f,0f,1f],start_interpolation: 0,interpolation_duration: 1}
$data merge entity $(bone_lefthand1) {transformation: [-0.8994f,0.0965f,0.4264f,0.4659f,-0.4326f,-0.0552f,-0.8999f,2.4266f,-0.0633f,-0.9938f,0.0914f,2.429f,0f,0f,0f,1f],start_interpolation: 0,interpolation_duration: 1}
$data merge entity $(bone_leftforearm) {transformation: [-0.8223f,0.352f,0.4472f,0.6477f,-0.3792f,0.2471f,-0.8917f,2.5783f,-0.4244f,-0.9028f,-0.0697f,1.7494f,0f,0f,0f,1f],start_interpolation: 0,interpolation_duration: 1}
$data merge entity $(bone_leftelbow) {transformation: [-0.8223f,0.352f,0.4472f,0.7137f,-0.3792f,0.2471f,-0.8917f,2.6247f,-0.4244f,-0.9028f,-0.0697f,1.5801f,0f,0f,0f,1f],start_interpolation: 0,interpolation_duration: 1}
$data merge entity $(bone_leftarm) {transformation: [-0.9542f,-0.1819f,0.2374f,0.3648f,-0.2949f,0.4386f,-0.8489f,2.8577f,0.0503f,-0.8801f,-0.4722f,1.185f,0f,0f,0f,1f],start_interpolation: 0,interpolation_duration: 1}
$data merge entity $(bone_rightthumb2) {transformation: [-0.6768f,0.3986f,0.619f,-1.4742f,0.3215f,0.9164f,-0.2385f,1.8482f,-0.6623f,0.0376f,-0.7483f,-0.953f,0f,0f,0f,1f],start_interpolation: 0,interpolation_duration: 1}
$data merge entity $(bone_rightthumb) {transformation: [-0.6768f,0.3986f,0.619f,-1.3236f,0.3215f,0.9164f,-0.2385f,2.0525f,-0.6623f,0.0376f,-0.7483f,-1.0077f,0f,0f,0f,1f],start_interpolation: 0,interpolation_duration: 1}
$data merge entity $(bone_rightpointerfinger) {transformation: [-0.1489f,0.6166f,0.7731f,-1.5067f,0.7553f,0.5755f,-0.3136f,1.9049f,-0.6383f,0.5372f,-0.5514f,-1.2656f,0f,0f,0f,1f],start_interpolation: 0,interpolation_duration: 1}
$data merge entity $(bone_rightmidfinger) {transformation: [-0.0671f,0.6308f,0.7731f,-1.386f,0.8239f,0.472f,-0.3136f,1.8559f,-0.5627f,0.6159f,-0.5514f,-1.3517f,0f,0f,0f,1f],start_interpolation: 0,interpolation_duration: 1}
$data merge entity $(bone_rightringfinger) {transformation: [-0.0119f,0.6342f,0.7731f,-1.2652f,0.8619f,0.3984f,-0.3136f,1.8069f,-0.5069f,0.6626f,-0.5514f,-1.4379f,0f,0f,0f,1f],start_interpolation: 0,interpolation_duration: 1}
$data merge entity $(bone_hugeasssword) {transformation: [-0.7914f,2.3551f,3.0278f,-1.2222f,2.7504f,2.5034f,-1.2283f,1.8041f,-2.6738f,1.878f,-2.1596f,-1.0644f,0f,0f,0f,1f],start_interpolation: 0,interpolation_duration: 1}
$data merge entity $(bone_ice) {transformation: [-0.2021f,0.6013f,0.7731f,-1.2285f,0.7022f,0.6392f,-0.3136f,1.7832f,-0.6827f,0.4795f,-0.5514f,-1.0612f,0f,0f,0f,1f],start_interpolation: 0,interpolation_duration: 1}
$data merge entity $(bone_righthand1) {transformation: [-0.2021f,0.6013f,0.7731f,-1.1045f,0.7022f,0.6392f,-0.3136f,2.1087f,-0.6827f,0.4795f,-0.5514f,-1.1292f,0f,0f,0f,1f],start_interpolation: 0,interpolation_duration: 1}
$data merge entity $(bone_rightforearm) {transformation: [-0.4972f,0.2441f,0.8326f,-0.9148f,0.5728f,0.8131f,0.1037f,2.643f,-0.6517f,0.5285f,-0.544f,-0.7084f,0f,0f,0f,1f],start_interpolation: 0,interpolation_duration: 1}
$data merge entity $(bone_rightelbow) {transformation: [-0.4972f,0.2441f,0.8326f,-0.8691f,0.5728f,0.8131f,0.1037f,2.7955f,-0.6517f,0.5285f,-0.544f,-0.6093f,0f,0f,0f,1f],start_interpolation: 0,interpolation_duration: 1}
$data merge entity $(bone_rightarm) {transformation: [-0.3658f,-0.0535f,0.9292f,-0.8997f,0.6799f,0.6664f,0.306f,2.9458f,-0.6356f,0.7436f,-0.2074f,-0.0548f,0f,0f,0f,1f],start_interpolation: 0,interpolation_duration: 1}
$data merge entity $(bone_chest1) {transformation: [-0.8061f,-0.3528f,0.632f,-0.0966f,0.134f,0.8569f,0.6492f,2.8589f,-0.7113f,0.5612f,-0.5939f,0.3261f,0f,0f,0f,1f],start_interpolation: 0,interpolation_duration: 1}
$data merge entity $(bone_chest1lid) {transformation: [-0.7441f,-0.1201f,0.6572f,-0.3564f,0.1237f,0.942f,0.3121f,2.126f,-0.6566f,0.3135f,-0.686f,-0.0376f,0f,0f,0f,1f],start_interpolation: 0,interpolation_duration: 1}
$data merge entity $(bone_chest2) {transformation: [-0.7441f,-0.3256f,0.5834f,-0.3055f,0.1237f,0.791f,0.5992f,2.0024f,-0.6566f,0.518f,-0.5483f,-0.1186f,0f,0f,0f,1f],start_interpolation: 0,interpolation_duration: 1}
$data merge entity $(bone_chest1lid3) {transformation: [-0.7441f,-0.3256f,0.5834f,0.0638f,0.1237f,0.791f,0.5992f,2.5022f,-0.6566f,0.518f,-0.5483f,-0.3478f,0f,0f,0f,1f],start_interpolation: 0,interpolation_duration: 1}
$data merge entity $(bone_chest3) {transformation: [-0.7441f,-0.3256f,0.5834f,0.1147f,0.1237f,0.791f,0.5992f,2.3786f,-0.6566f,0.518f,-0.5483f,-0.4288f,0f,0f,0f,1f],start_interpolation: 0,interpolation_duration: 1}
$data merge entity $(bone_hugeasssword2) {transformation: [-2.2849f,1.287f,-2.9092f,-1.2366f,-2.347f,1.7358f,2.6113f,4.0878f,2.1473f,3.2667f,-0.2414f,-0.027f,0f,0f,0f,1f],start_interpolation: 0,interpolation_duration: 1}
$data merge entity $(bone_belt) {transformation: [-0.7441f,-0.3256f,0.5834f,-0.0194f,0.1237f,0.791f,0.5992f,2.4614f,-0.6566f,0.518f,-0.5483f,0.2125f,0f,0f,0f,1f],start_interpolation: 0,interpolation_duration: 1}
$data merge entity $(bone_torn_part) {transformation: [-0.7441f,-0.601f,0.2918f,-0.0023f,0.1237f,0.3053f,0.9442f,2.2203f,-0.6566f,0.7386f,-0.1528f,-0.0383f,0f,0f,0f,1f],start_interpolation: 0,interpolation_duration: 1}
$data merge entity $(bone_lowerbody) {transformation: [-0.7441f,-0.2728f,0.6099f,0.1179f,0.1237f,0.8408f,0.527f,1.7236f,-0.6566f,0.4676f,-0.5919f,-0.1192f,0f,0f,0f,1f],start_interpolation: 0,interpolation_duration: 1}
$data merge entity $(bone_leftfoot) {transformation: [-0.9775f,-0.112f,0.1786f,0.3011f,-0.1075f,0.9936f,0.0348f,0.1433f,-0.1813f,0.0148f,-0.9833f,0.5623f,0f,0f,0f,1f],start_interpolation: 0,interpolation_duration: 1}
$data merge entity $(bone_leftlowerleg) {transformation: [-0.9775f,-0.1117f,0.1788f,0.1498f,-0.1075f,0.9937f,0.033f,1.2406f,-0.1813f,0.013f,-0.9833f,0.7278f,0f,0f,0f,1f],start_interpolation: 0,interpolation_duration: 1}
$data merge entity $(bone_leftleg) {transformation: [-0.9544f,0.2607f,0.1455f,0.3663f,-0.0027f,0.4798f,-0.8774f,1.6264f,-0.2986f,-0.8377f,-0.4572f,-0.0152f,0f,0f,0f,1f],start_interpolation: 0,interpolation_duration: 1}
$data merge entity $(bone_rightfoot) {transformation: [-0.4793f,-0.0236f,0.8773f,-0.3078f,0.1188f,0.9887f,0.0915f,0.1704f,-0.8695f,0.1481f,-0.4711f,-0.2542f,0f,0f,0f,1f],start_interpolation: 0,interpolation_duration: 1}
$data merge entity $(bone_rightlowerleg) {transformation: [-0.4793f,-0.1266f,0.8684f,-0.5817f,0.1188f,0.9711f,0.2072f,1.2159f,-0.8695f,0.2025f,-0.4504f,0.0397f,0f,0f,0f,1f],start_interpolation: 0,interpolation_duration: 1}
$data merge entity $(bone_rightleg) {transformation: [-0.6051f,0.6728f,0.4257f,0.022f,0.0728f,0.5792f,-0.8119f,1.7425f,-0.7928f,-0.4603f,-0.3994f,-0.3552f,0f,0f,0f,1f],start_interpolation: 0,interpolation_duration: 1}
$data merge entity $(bone_sack_top) {transformation: [-0.04f,0f,0f,-0.0842f,0f,0.1f,0f,-0.5999f,0f,0f,-0.04f,-0.0904f,0f,0f,0f,1f],start_interpolation: 0,interpolation_duration: 1}
$data merge entity $(bone_sack_main) {transformation: [-0.0583f,0f,0f,-0.0842f,0f,0.0583f,0f,-0.5999f,0f,0f,-0.0583f,-0.0904f,0f,0f,0f,1f],start_interpolation: 0,interpolation_duration: 1}
data modify entity @s data merge value {"cameras":{},"locators":{"lefthand":{"posx":0.30034349764184426,"posy":2.3630813833513793,"posz":2.746663870087361,"roty":102.09464214814945,"rotx":-64.14529008390218},"sword":{"posx":-4.119515530467972,"posy":3.0003527148915508,"posz":0.9091928473282747,"roty":54.501071659700074,"rotx":-18.277079580388268},"righthand":{"posx":-1.2688769649008544,"posy":1.843906157494322,"posz":-1.1240674356619647,"roty":54.501071659700074,"rotx":-18.277079580388268},"chest":{"posx":-0.45043172671053733,"posy":1.986829081054925,"posz":-0.004850043913026347,"roty":46.77760226391558,"rotx":36.81595679894554},"sack":{"posx":-0.07791295934606482,"posy":-0.5623883282696759,"posz":-0.09040210865162039,"roty":0,"rotx":0}}}