# This file was generated by Animated Java via MC-Build. It is not recommended to edit this file directly.
$data merge entity $(bone_nose) {transformation: [-0.9973f,0.0126f,0.0723f,0.0543f,0.0614f,0.6826f,0.7282f,2.4754f,-0.0402f,0.7307f,-0.6815f,1.7272f,0f,0f,0f,1f],start_interpolation: 0,interpolation_duration: 1}
$data merge entity $(bone_glowing_eye) {transformation: [-0.9973f,0.0126f,0.0723f,-0.0721f,0.0614f,0.6826f,0.7282f,2.5039f,-0.0402f,0.7307f,-0.6815f,1.7955f,0f,0f,0f,1f],start_interpolation: 0,interpolation_duration: 1}
$data merge entity $(bone_head) {transformation: [-0.9973f,0.0126f,0.0723f,0.0662f,0.0614f,0.6826f,0.7282f,2.5275f,-0.0402f,0.7307f,-0.6815f,1.5094f,0f,0f,0f,1f],start_interpolation: 0,interpolation_duration: 1}
$data merge entity $(bone_leftthumb2) {transformation: [-0.852f,0.2206f,0.4748f,0.4656f,0.0041f,0.9096f,-0.4154f,0.5653f,-0.5235f,-0.352f,-0.7759f,1.7008f,0f,0f,0f,1f],start_interpolation: 0,interpolation_duration: 1}
$data merge entity $(bone_leftthumb) {transformation: [-0.852f,0.2206f,0.4748f,0.5603f,0.0041f,0.9096f,-0.4154f,0.7529f,-0.5235f,-0.352f,-0.7759f,1.5481f,0f,0f,0f,1f],start_interpolation: 0,interpolation_duration: 1}
$data merge entity $(bone_leftpointerfinger) {transformation: [-0.8761f,-0.0841f,0.4748f,0.6033f,-0.3073f,0.8562f,-0.4154f,0.4345f,-0.3716f,-0.5098f,-0.7759f,1.6845f,0f,0f,0f,1f],start_interpolation: 0,interpolation_duration: 1}
$data merge entity $(bone_leftmidfinger) {transformation: [-0.852f,0.2206f,0.4748f,0.6775f,0.0041f,0.9096f,-0.4154f,0.3696f,-0.5235f,-0.352f,-0.7759f,1.5633f,0f,0f,0f,1f],start_interpolation: 0,interpolation_duration: 1}
$data merge entity $(bone_leftringfinger) {transformation: [-0.7027f,0.5299f,0.4748f,0.7517f,0.3519f,0.8388f,-0.4154f,0.3047f,-0.6184f,-0.1248f,-0.7759f,1.4421f,0f,0f,0f,1f],start_interpolation: 0,interpolation_duration: 1}
$data merge entity $(bone_invisibility) {transformation: [0.2612f,-0.4538f,0.852f,0.4529f,0.87f,0.4931f,-0.0041f,0.5477f,-0.4183f,0.7423f,0.5235f,1.5721f,0f,0f,0f,1f],start_interpolation: 0,interpolation_duration: 1}
$data merge entity $(bone_swiftness) {transformation: [0.4748f,0.2206f,0.852f,0.4676f,-0.4154f,0.9096f,-0.0041f,0.3469f,-0.7759f,-0.352f,0.5235f,1.447f,0f,0f,0f,1f],start_interpolation: 0,interpolation_duration: 1}
$data merge entity $(bone_suspicious_stew) {transformation: [0.4006f,-0.3371f,0.852f,0.5315f,0.6489f,0.7609f,-0.0041f,0.4272f,-0.6469f,0.5544f,0.5235f,1.4431f,0f,0f,0f,1f],start_interpolation: 0,interpolation_duration: 1}
$data merge entity $(bone_log) {transformation: [-0.852f,0.2206f,0.4748f,0.5015f,0.0041f,0.9096f,-0.4154f,0.5218f,-0.5235f,-0.352f,-0.7759f,1.3137f,0f,0f,0f,1f],start_interpolation: 0,interpolation_duration: 1}
$data merge entity $(bone_planks) {transformation: [-0.852f,0.2206f,0.4748f,0.4216f,0.0041f,0.9096f,-0.4154f,0.5222f,-0.5235f,-0.352f,-0.7759f,1.2646f,0f,0f,0f,1f],start_interpolation: 0,interpolation_duration: 1}
$data merge entity $(bone_lefthand1) {transformation: [-0.852f,0.2206f,0.4748f,0.7548f,0.0041f,0.9096f,-0.4154f,0.7612f,-0.5235f,-0.352f,-0.7759f,1.3808f,0f,0f,0f,1f],start_interpolation: 0,interpolation_duration: 1}
$data merge entity $(bone_leftforearm) {transformation: [-0.8171f,0.3629f,0.448f,0.9448f,0.1807f,0.8991f,-0.3986f,1.4215f,-0.5475f,-0.2447f,-0.8002f,1.1666f,0f,0f,0f,1f],start_interpolation: 0,interpolation_duration: 1}
$data merge entity $(bone_leftelbow) {transformation: [-0.8171f,0.3629f,0.448f,1.0128f,0.1807f,0.8991f,-0.3986f,1.59f,-0.5475f,-0.2447f,-0.8002f,1.1207f,0f,0f,0f,1f],start_interpolation: 0,interpolation_duration: 1}
$data merge entity $(bone_leftarm) {transformation: [-0.9118f,0.0702f,0.4045f,0.788f,0.1039f,0.9927f,0.062f,2.1193f,-0.3972f,0.0986f,-0.9124f,1.1601f,0f,0f,0f,1f],start_interpolation: 0,interpolation_duration: 1}
$data merge entity $(bone_rightthumb2) {transformation: [-0.6955f,-0.6599f,-0.2843f,-0.813f,-0.4197f,0.6943f,-0.5847f,0.9167f,0.5832f,-0.2873f,-0.7598f,1.4267f,0f,0f,0f,1f],start_interpolation: 0,interpolation_duration: 1}
$data merge entity $(bone_rightthumb) {transformation: [-0.6955f,-0.6599f,-0.2843f,-0.9992f,-0.4197f,0.6943f,-0.5847f,1.037f,0.5832f,-0.2873f,-0.7598f,1.2913f,0f,0f,0f,1f],start_interpolation: 0,interpolation_duration: 1}
$data merge entity $(bone_rightpointerfinger) {transformation: [-0.9931f,-0.0697f,-0.0946f,-1.0599f,-0.019f,0.8897f,-0.4561f,0.7148f,0.116f,-0.4512f,-0.8849f,1.4109f,0f,0f,0f,1f],start_interpolation: 0,interpolation_duration: 1}
$data merge entity $(bone_rightmidfinger) {transformation: [-0.9937f,0.0605f,-0.0946f,-1.0747f,0.0973f,0.8846f,-0.4561f,0.6435f,0.0561f,-0.4625f,-0.8849f,1.2726f,0f,0f,0f,1f],start_interpolation: 0,interpolation_duration: 1}
$data merge entity $(bone_rightringfinger) {transformation: [-0.9846f,0.1469f,-0.0946f,-1.0895f,0.174f,0.8727f,-0.4561f,0.5722f,0.0156f,-0.4656f,-0.8849f,1.1344f,0f,0f,0f,1f],start_interpolation: 0,interpolation_duration: 1}
$data merge entity $(bone_hugeasssword) {transformation: [-3.8509f,-0.611f,-0.3706f,-0.8438f,-0.3778f,3.4649f,-1.7866f,0.856f,0.6066f,-1.7208f,-3.4657f,1.1561f,0f,0f,0f,1f],start_interpolation: 0,interpolation_duration: 1}
$data merge entity $(bone_ice) {transformation: [-0.9832f,-0.156f,-0.0946f,-0.826f,-0.0965f,0.8847f,-0.4561f,0.8436f,0.1549f,-0.4394f,-0.8849f,1.1605f,0f,0f,0f,1f],start_interpolation: 0,interpolation_duration: 1}
$data merge entity $(bone_righthand1) {transformation: [-0.9832f,-0.156f,-0.0946f,-1.1137f,-0.0965f,0.8847f,-0.4561f,1.0264f,0.1549f,-0.4394f,-0.8849f,1.0618f,0f,0f,0f,1f],start_interpolation: 0,interpolation_duration: 1}
$data merge entity $(bone_rightforearm) {transformation: [-0.943f,-0.0281f,-0.3315f,-1.0694f,0.0064f,0.9947f,-0.1027f,1.727f,0.3326f,-0.099f,-0.9379f,0.986f,0f,0f,0f,1f],start_interpolation: 0,interpolation_duration: 1}
$data merge entity $(bone_rightelbow) {transformation: [-0.943f,-0.0281f,-0.3315f,-1.0747f,0.0064f,0.9947f,-0.1027f,1.9135f,0.3326f,-0.099f,-0.9379f,0.9675f,0f,0f,0f,1f],start_interpolation: 0,interpolation_duration: 1}
$data merge entity $(bone_rightarm) {transformation: [-0.9802f,0.0667f,-0.1865f,-0.7879f,0.0824f,0.9935f,-0.0779f,2.4123f,0.1801f,-0.0917f,-0.9794f,0.9727f,0f,0f,0f,1f],start_interpolation: 0,interpolation_duration: 1}
$data merge entity $(bone_chest1) {transformation: [-1.0424f,-0.0171f,0.2944f,0.0966f,0.2624f,0.4399f,0.9546f,2.3334f,-0.1346f,0.9899f,-0.4191f,0.8775f,0f,0f,0f,1f],start_interpolation: 0,interpolation_duration: 1}
$data merge entity $(bone_chest1lid) {transformation: [-0.9622f,-0.0475f,0.268f,-0.3275f,0.2422f,0.3002f,0.9226f,1.7937f,-0.1243f,0.9527f,-0.2773f,0.362f,0f,0f,0f,1f],start_interpolation: 0,interpolation_duration: 1}
$data merge entity $(bone_chest2) {transformation: [-0.9622f,-0.0158f,0.2718f,-0.3251f,0.2422f,0.4061f,0.8812f,1.7303f,-0.1243f,0.9137f,-0.3869f,0.2193f,0f,0f,0f,1f],start_interpolation: 0,interpolation_duration: 1}
$data merge entity $(bone_chest1lid3) {transformation: [-0.9622f,-0.0158f,0.2718f,-0.0933f,0.2422f,0.4061f,0.8812f,2.3431f,-0.1243f,0.9137f,-0.3869f,0.122f,0f,0f,0f,1f],start_interpolation: 0,interpolation_duration: 1}
$data merge entity $(bone_chest3) {transformation: [-0.9622f,-0.0158f,0.2718f,-0.0908f,0.2422f,0.4061f,0.8812f,2.2796f,-0.1243f,0.9137f,-0.3869f,-0.0208f,0f,0f,0f,1f],start_interpolation: 0,interpolation_duration: 1}
$data merge entity $(bone_hugeasssword2) {transformation: [-1.0644f,2.7368f,-2.5917f,-1.0353f,-3.4512f,0.3751f,1.8134f,3.3364f,1.5154f,2.7766f,2.3097f,1.6821f,0f,0f,0f,1f],start_interpolation: 0,interpolation_duration: 1}
$data merge entity $(bone_belt) {transformation: [-0.9622f,-0.0158f,0.2718f,0.0981f,0.2422f,0.4061f,0.8812f,2.0485f,-0.1243f,0.9137f,-0.3869f,0.5682f,0f,0f,0f,1f],start_interpolation: 0,interpolation_duration: 1}
$data merge entity $(bone_torn_part) {transformation: [-0.9622f,-0.1071f,0.2503f,-0.0272f,0.2422f,0.0828f,0.9667f,1.9432f,-0.1243f,0.9908f,-0.0537f,0.3397f,0f,0f,0f,1f],start_interpolation: 0,interpolation_duration: 1}
$data merge entity $(bone_lowerbody) {transformation: [-0.9622f,0.0788f,0.2606f,-0.0084f,0.2422f,0.6848f,0.6873f,1.4885f,-0.1243f,0.7244f,-0.678f,0.0935f,0f,0f,0f,1f],start_interpolation: 0,interpolation_duration: 1}
$data merge entity $(bone_leftfoot) {transformation: [-0.9496f,-0.3038f,0.077f,0.2563f,-0.2971f,0.9508f,0.0873f,0.1417f,-0.0998f,0.0601f,-0.9932f,0.5044f,0f,0f,0f,1f],start_interpolation: 0,interpolation_duration: 1}
$data merge entity $(bone_leftlowerleg) {transformation: [-0.9496f,-0.3119f,-0.0314f,-0.0849f,-0.2971f,0.8638f,0.4068f,1.0375f,-0.0998f,0.3957f,-0.913f,1.0837f,0f,0f,0f,1f],start_interpolation: 0,interpolation_duration: 1}
$data merge entity $(bone_leftleg) {transformation: [-0.949f,0.1447f,0.2801f,0.0358f,-0.2117f,0.3659f,-0.9063f,1.3211f,-0.2336f,-0.9193f,-0.3166f,0.2753f,0f,0f,0f,1f],start_interpolation: 0,interpolation_duration: 1}
$data merge entity $(bone_rightfoot) {transformation: [-0.5265f,-0.1103f,0.843f,-0.2686f,0.1823f,0.9538f,0.2387f,0.196f,-0.8304f,0.2793f,-0.4821f,-0.2331f,0f,0f,0f,1f],start_interpolation: 0,interpolation_duration: 1}
$data merge entity $(bone_rightlowerleg) {transformation: [-0.5265f,-0.4847f,0.6985f,-0.9136f,0.1823f,0.7381f,0.6496f,0.915f,-0.8304f,0.4693f,-0.3003f,0.3337f,0f,0f,0f,1f],start_interpolation: 0,interpolation_duration: 1}
$data merge entity $(bone_rightleg) {transformation: [-0.6057f,0.6747f,0.4218f,-0.3081f,0.071f,0.5739f,-0.8159f,1.4371f,-0.7925f,-0.4642f,-0.3955f,-0.0649f,0f,0f,0f,1f],start_interpolation: 0,interpolation_duration: 1}
$data merge entity $(bone_sack_top) {transformation: [0.1719f,-0.2052f,-1.5021f,-0.2789f,0.2281f,-1.0734f,0.3087f,0.6324f,-1.5118f,-0.1853f,-0.1243f,1.5485f,0f,0f,0f,1f],start_interpolation: 0,interpolation_duration: 1}
$data merge entity $(bone_sack_main) {transformation: [0.0982f,-0.2564f,-0.8745f,-0.2789f,0.1303f,-1.341f,0.1797f,0.6324f,-0.8633f,-0.2315f,-0.0723f,1.5485f,0f,0f,0f,1f],start_interpolation: 0,interpolation_duration: 1}
data modify entity @s data merge value {"cameras":{},"locators":{"lefthand":{"posx":0.5567157014612839,"posy":0.4568535939497015,"posz":1.4023871824343943,"roty":31.464491091814352,"rotx":-24.54419149839106},"sword":{"posx":-0.565315363494754,"posy":2.509933496222266,"posz":4.4586653035317045,"roty":353.8964128477661,"rotx":-27.138497555859455},"righthand":{"posx":-0.9142284170101511,"posy":0.8279063812040959,"posz":1.1957370610736802,"roty":353.8964128477661,"rotx":-27.138497555859455},"chest":{"posx":-0.39906843868975816,"posy":1.6382337865792964,"posz":0.36151129076449373,"roty":35.08455477987107,"rotx":61.783396718002344},"sack":{"posx":-0.36362877062693255,"posy":0.21964964857131952,"posz":1.5471079901300766,"roty":274.72969600713964,"rotx":11.573066165927623}}}