# This file was generated by Animated Java via MC-Build. It is not recommended to edit this file directly.
$data merge entity $(bone_nose) {transformation: [-0.9642f,0.0615f,0.258f,0.0667f,0.247f,0.5633f,0.7885f,3.0018f,-0.0968f,0.8239f,-0.5583f,1.4919f,0f,0f,0f,1f],start_interpolation: 0,interpolation_duration: 1}
$data merge entity $(bone_glowing_eye) {transformation: [-0.9642f,0.0615f,0.258f,-0.0587f,0.247f,0.5633f,0.7885f,3.0433f,-0.0968f,0.8239f,-0.5583f,1.5551f,0f,0f,0f,1f],start_interpolation: 0,interpolation_duration: 1}
$data merge entity $(bone_head) {transformation: [-0.9642f,0.0615f,0.258f,0.1074f,0.247f,0.5633f,0.7885f,3.0799f,-0.0968f,0.8239f,-0.5583f,1.2856f,0f,0f,0f,1f],start_interpolation: 0,interpolation_duration: 1}
$data merge entity $(bone_leftthumb2) {transformation: [-0.7236f,0.6733f,-0.1521f,-0.3186f,0.5304f,0.4014f,-0.7467f,1.8666f,-0.4417f,-0.621f,-0.6475f,2.052f,0f,0f,0f,1f],start_interpolation: 0,interpolation_duration: 1}
$data merge entity $(bone_leftthumb) {transformation: [-0.7236f,0.6733f,-0.1521f,-0.1665f,0.5304f,0.4014f,-0.7467f,1.9013f,-0.4417f,-0.621f,-0.6475f,1.8444f,0f,0f,0f,1f],start_interpolation: 0,interpolation_duration: 1}
$data merge entity $(bone_leftpointerfinger) {transformation: [-0.9102f,0.3852f,-0.1521f,-0.3154f,0.3612f,0.5586f,-0.7467f,1.6766f,-0.2026f,-0.7346f,-0.6475f,2.0661f,0f,0f,0f,1f],start_interpolation: 0,interpolation_duration: 1}
$data merge entity $(bone_leftmidfinger) {transformation: [-0.7236f,0.6733f,-0.1521f,-0.3392f,0.5304f,0.4014f,-0.7467f,1.5599f,-0.4417f,-0.621f,-0.6475f,1.9649f,0f,0f,0f,1f],start_interpolation: 0,interpolation_duration: 1}
$data merge entity $(bone_leftringfinger) {transformation: [-0.4108f,0.8989f,-0.1521f,-0.3629f,0.6437f,0.1678f,-0.7467f,1.4432f,-0.6457f,-0.4047f,-0.6475f,1.8637f,0f,0f,0f,1f],start_interpolation: 0,interpolation_duration: 1}
$data merge entity $(bone_invisibility) {transformation: [0.6574f,0.2102f,0.7236f,-0.3727f,0.3347f,0.7788f,-0.5304f,1.8432f,-0.6751f,0.591f,0.4417f,1.9356f,0f,0f,0f,1f],start_interpolation: 0,interpolation_duration: 1}
$data merge entity $(bone_swiftness) {transformation: [-0.1521f,0.6733f,0.7236f,-0.5301f,-0.7467f,0.4014f,-0.5304f,1.6765f,-0.6475f,-0.621f,0.4417f,1.8753f,0f,0f,0f,1f],start_interpolation: 0,interpolation_duration: 1}
$data merge entity $(bone_suspicious_stew) {transformation: [0.5459f,0.4224f,0.7236f,-0.4328f,0.0482f,0.8463f,-0.5304f,1.6844f,-0.8365f,0.3244f,0.4417f,1.8433f,0f,0f,0f,1f],start_interpolation: 0,interpolation_duration: 1}
$data merge entity $(bone_log) {transformation: [-0.7236f,0.6733f,-0.1521f,-0.4236f,0.5304f,0.4014f,-0.7467f,1.7493f,-0.4417f,-0.621f,-0.6475f,1.6939f,0f,0f,0f,1f],start_interpolation: 0,interpolation_duration: 1}
$data merge entity $(bone_planks) {transformation: [-0.7236f,0.6733f,-0.1521f,-0.4914f,0.5304f,0.4014f,-0.7467f,1.7991f,-0.4417f,-0.621f,-0.6475f,1.6525f,0f,0f,0f,1f],start_interpolation: 0,interpolation_duration: 1}
$data merge entity $(bone_lefthand1) {transformation: [-0.7236f,0.6733f,-0.1521f,-0.0696f,0.5304f,0.4014f,-0.7467f,1.7404f,-0.4417f,-0.621f,-0.6475f,1.6693f,0f,0f,0f,1f],start_interpolation: 0,interpolation_duration: 1}
$data merge entity $(bone_leftforearm) {transformation: [-0.5868f,0.7926f,-0.1657f,0.4505f,0.6212f,0.3093f,-0.72f,2.0169f,-0.5194f,-0.5254f,-0.6739f,1.2558f,0f,0f,0f,1f],start_interpolation: 0,interpolation_duration: 1}
$data merge entity $(bone_leftelbow) {transformation: [-0.5868f,0.7926f,-0.1657f,0.5991f,0.6212f,0.3093f,-0.72f,2.0749f,-0.5194f,-0.5254f,-0.6739f,1.1573f,0f,0f,0f,1f],start_interpolation: 0,interpolation_duration: 1}
$data merge entity $(bone_leftarm) {transformation: [-0.6607f,0.7471f,0.0725f,0.8144f,0.6466f,0.6156f,-0.4505f,2.5913f,-0.3812f,-0.2508f,-0.8898f,1.0191f,0f,0f,0f,1f],start_interpolation: 0,interpolation_duration: 1}
$data merge entity $(bone_rightthumb2) {transformation: [-0.5208f,-0.7843f,-0.3372f,-0.6221f,0.0969f,0.3381f,-0.9361f,1.9758f,0.8482f,-0.5202f,-0.1001f,1.9452f,0f,0f,0f,1f],start_interpolation: 0,interpolation_duration: 1}
$data merge entity $(bone_rightthumb) {transformation: [-0.5208f,-0.7843f,-0.3372f,-0.8433f,0.0969f,0.3381f,-0.9361f,1.9787f,0.8482f,-0.5202f,-0.1001f,1.8091f,0f,0f,0f,1f],start_interpolation: 0,interpolation_duration: 1}
$data merge entity $(bone_rightpointerfinger) {transformation: [-0.9458f,-0.2629f,-0.1909f,-0.8398f,0.0879f,0.3587f,-0.9293f,1.8215f,0.3128f,-0.8957f,-0.3162f,2.1207f,0f,0f,0f,1f],start_interpolation: 0,interpolation_duration: 1}
$data merge entity $(bone_rightmidfinger) {transformation: [-0.972f,-0.1372f,-0.1909f,-0.8696f,0.1339f,0.3442f,-0.9293f,1.6763f,0.1932f,-0.9288f,-0.3162f,2.0713f,0f,0f,0f,1f],start_interpolation: 0,interpolation_duration: 1}
$data merge entity $(bone_rightringfinger) {transformation: [-0.9802f,-0.052f,-0.1909f,-0.8995f,0.1634f,0.3312f,-0.9293f,1.5311f,0.1115f,-0.9421f,-0.3162f,2.0219f,0f,0f,0f,1f],start_interpolation: 0,interpolation_duration: 1}
$data merge entity $(bone_hugeasssword) {transformation: [-3.6004f,-1.3486f,-0.7477f,-0.6924f,0.2203f,1.4297f,-3.6397f,1.7501f,1.5261f,-3.3878f,-1.2384f,1.7971f,0f,0f,0f,1f],start_interpolation: 0,interpolation_duration: 1}
$data merge entity $(bone_ice) {transformation: [-0.9192f,-0.3443f,-0.1909f,-0.6727f,0.0563f,0.365f,-0.9293f,1.7435f,0.3897f,-0.865f,-0.3162f,1.8045f,0f,0f,0f,1f],start_interpolation: 0,interpolation_duration: 1}
$data merge entity $(bone_righthand1) {transformation: [-0.9192f,-0.3443f,-0.1909f,-0.9945f,0.0563f,0.365f,-0.9293f,1.8198f,0.3897f,-0.865f,-0.3162f,1.6758f,0f,0f,0f,1f],start_interpolation: 0,interpolation_duration: 1}
$data merge entity $(bone_rightforearm) {transformation: [-0.8617f,-0.1732f,-0.4769f,-1.055f,0.2508f,0.6718f,-0.697f,2.2873f,0.4411f,-0.7202f,-0.5354f,1.1502f,0f,0f,0f,1f],start_interpolation: 0,interpolation_duration: 1}
$data merge entity $(bone_rightelbow) {transformation: [-0.8617f,-0.1732f,-0.4769f,-1.0875f,0.2508f,0.6718f,-0.697f,2.4133f,0.4411f,-0.7202f,-0.5354f,1.0151f,0f,0f,0f,1f],start_interpolation: 0,interpolation_duration: 1}
$data merge entity $(bone_rightarm) {transformation: [-0.9614f,0.1318f,-0.2416f,-0.7664f,0.2277f,0.874f,-0.4293f,2.8501f,0.1546f,-0.4678f,-0.8702f,0.8225f,0f,0f,0f,1f],start_interpolation: 0,interpolation_duration: 1}
$data merge entity $(bone_chest1) {transformation: [-1.0458f,0.021f,0.2819f,0.1137f,0.2352f,0.664f,0.823f,2.74f,-0.1568f,0.8557f,-0.6456f,0.718f,0f,0f,0f,1f],start_interpolation: 0,interpolation_duration: 1}
$data merge entity $(bone_chest1lid) {transformation: [-0.9654f,0f,0.2609f,-0.331f,0.2171f,0.5549f,0.8031f,2.0979f,-0.1448f,0.8319f,-0.5357f,0.3619f,0f,0f,0f,1f],start_interpolation: 0,interpolation_duration: 1}
$data merge entity $(bone_chest2) {transformation: [-0.9654f,0.0194f,0.2602f,-0.334f,0.2171f,0.613f,0.7597f,2.0021f,-0.1448f,0.7899f,-0.5959f,0.2385f,0f,0f,0f,1f],start_interpolation: 0,interpolation_duration: 1}
$data merge entity $(bone_chest1lid3) {transformation: [-0.9654f,0.0194f,0.2602f,-0.1039f,0.2171f,0.613f,0.7597f,2.571f,-0.1448f,0.7899f,-0.5959f,-0.0108f,0f,0f,0f,1f],start_interpolation: 0,interpolation_duration: 1}
$data merge entity $(bone_chest3) {transformation: [-0.9654f,0.0194f,0.2602f,-0.107f,0.2171f,0.613f,0.7597f,2.4752f,-0.1448f,0.7899f,-0.5959f,-0.1342f,0f,0f,0f,1f],start_interpolation: 0,interpolation_duration: 1}
$data merge entity $(bone_hugeasssword2) {transformation: [-1.0191f,2.8389f,-2.4985f,-0.9843f,-2.9755f,0.9951f,2.3444f,3.9199f,2.3341f,2.5081f,1.8978f,1.2982f,0f,0f,0f,1f],start_interpolation: 0,interpolation_duration: 1}
$data merge entity $(bone_belt) {transformation: [-0.9654f,0.0194f,0.2602f,0.1028f,0.2171f,0.613f,0.7597f,2.3894f,-0.1448f,0.7899f,-0.5959f,0.486f,0f,0f,0f,1f],start_interpolation: 0,interpolation_duration: 1}
$data merge entity $(bone_torn_part) {transformation: [-0.9654f,-0.0974f,0.242f,-0.0282f,0.2171f,0.2149f,0.9522f,2.2356f,-0.1448f,0.9718f,-0.1863f,0.2764f,0f,0f,0f,1f],start_interpolation: 0,interpolation_duration: 1}
$data merge entity $(bone_lowerbody) {transformation: [-0.9654f,0.081f,0.248f,-0.0084f,0.2171f,0.7767f,0.5913f,1.752f,-0.1448f,0.6247f,-0.7674f,0.0935f,0f,0f,0f,1f],start_interpolation: 0,interpolation_duration: 1}
$data merge entity $(bone_leftfoot) {transformation: [-0.9455f,-0.2866f,0.1548f,0.2925f,-0.2766f,0.9574f,0.0834f,0.1061f,-0.1721f,0.036f,-0.9844f,0.5541f,0f,0f,0f,1f],start_interpolation: 0,interpolation_duration: 1}
$data merge entity $(bone_leftlowerleg) {transformation: [-0.9455f,-0.3129f,0.0906f,-0.0685f,-0.2766f,0.918f,0.2841f,1.081f,-0.1721f,0.2435f,-0.9545f,0.9709f,0f,0f,0f,1f],start_interpolation: 0,interpolation_duration: 1}
$data merge entity $(bone_leftleg) {transformation: [-0.9482f,0.1254f,0.2918f,0.0358f,-0.1567f,0.6145f,-0.7732f,1.5846f,-0.2762f,-0.7789f,-0.5631f,0.2753f,0f,0f,0f,1f],start_interpolation: 0,interpolation_duration: 1}
$data merge entity $(bone_rightfoot) {transformation: [-0.5648f,-0.0273f,0.8248f,-0.2858f,0.1814f,0.9709f,0.1564f,0.144f,-0.805f,0.238f,-0.5434f,-0.2982f,0f,0f,0f,1f],start_interpolation: 0,interpolation_duration: 1}
$data merge entity $(bone_rightlowerleg) {transformation: [-0.5648f,-0.3343f,0.7545f,-0.7726f,0.1814f,0.8416f,0.5088f,0.9994f,-0.805f,0.4242f,-0.4147f,0.2362f,0f,0f,0f,1f],start_interpolation: 0,interpolation_duration: 1}
$data merge entity $(bone_rightleg) {transformation: [-0.6146f,0.5192f,0.5938f,-0.3081f,0.0496f,0.7768f,-0.6278f,1.7006f,-0.7873f,-0.3564f,-0.5032f,-0.0649f,0f,0f,0f,1f],start_interpolation: 0,interpolation_duration: 1}
$data merge entity $(bone_sack_top) {transformation: [0.0659f,0.0266f,-0.3159f,-0.3944f,0.3046f,-0.291f,0.0614f,1.6475f,-0.0839f,-1.0355f,-0.0254f,1.9479f,0f,0f,0f,1f],start_interpolation: 0,interpolation_duration: 1}
$data merge entity $(bone_sack_main) {transformation: [0.1216f,0.0233f,-0.7026f,-0.3944f,0.5616f,-0.2554f,0.1366f,1.6475f,-0.1547f,-0.9086f,-0.0564f,1.9479f,0f,0f,0f,1f],start_interpolation: 0,interpolation_duration: 1}
data modify entity @s data merge value {"cameras":{},"locators":{"lefthand":{"posx":-0.4059625419911633,"posy":1.6799036609583986,"posz":1.793931179400167,"roty":346.7785980121636,"rotx":-48.304472619032964},"sword":{"posx":-0.046528496798552976,"posy":5.184327922789327,"posz":3.025419854649455,"roty":328.878107988373,"rotx":-68.32455752287338},"righthand":{"posx":-0.7504782558916723,"posy":1.7575674959656482,"posz":1.8594764753089614,"roty":328.878107988373,"rotx":-68.32455752287338},"chest":{"posx":-0.4030013012194699,"posy":1.94766538251192,"posz":0.40112624943573594,"roty":23.58641735331358,"rotx":49.43849666211557},"sack":{"posx":-0.398166136700329,"posy":1.474870561074245,"posz":1.5771071458110577,"roty":274.59177259128677,"rotx":10.96428465902172}}}