# This file was generated by Animated Java via MC-Build. It is not recommended to edit this file directly.
$data merge entity $(nose) {transformation: [-0.9609f,0.0383f,0.2741f,0.0595f,0.1759f,0.8491f,0.4981f,3.7698f,-0.2136f,0.5268f,-0.8227f,0.4795f,0f,0f,0f,1f],start_interpolation: 0,interpolation_duration: 1}
$data merge entity $(glowing_eye) {transformation: [-0.9609f,0.0383f,0.2741f,-0.0675f,0.1759f,0.8491f,0.4981f,3.8319f,-0.2136f,0.5268f,-0.8227f,0.5171f,0f,0f,0f,1f],start_interpolation: 0,interpolation_duration: 1}
$data merge entity $(head) {transformation: [-0.9609f,0.0383f,0.2741f,0.1061f,0.1759f,0.8491f,0.4981f,3.7583f,-0.2136f,0.5268f,-0.8227f,0.2604f,0f,0f,0f,1f],start_interpolation: 0,interpolation_duration: 1}
$data merge entity $(leftthumb2) {transformation: [-0.7235f,0.6902f,-0.0157f,-0.3432f,-0.0711f,-0.0971f,-0.9927f,3.2591f,-0.6867f,-0.7171f,0.1193f,1.4638f,0f,0f,0f,1f],start_interpolation: 0,interpolation_duration: 1}
$data merge entity $(leftthumb) {transformation: [-0.7235f,0.6902f,-0.0157f,-0.1753f,-0.0711f,-0.0971f,-0.9927f,3.1504f,-0.6867f,-0.7171f,0.1193f,1.2981f,0f,0f,0f,1f],start_interpolation: 0,interpolation_duration: 1}
$data merge entity $(leftpointerfinger) {transformation: [-0.9159f,0.4011f,-0.0157f,-0.3233f,-0.0336f,-0.1156f,-0.9927f,3.1435f,-0.4f,-0.9087f,0.1193f,1.6141f,0f,0f,0f,1f],start_interpolation: 0,interpolation_duration: 1}
$data merge entity $(leftmidfinger) {transformation: [-0.7235f,0.6902f,-0.0157f,-0.3258f,-0.0711f,-0.0971f,-0.9927f,2.9884f,-0.6867f,-0.7171f,0.1193f,1.6328f,0f,0f,0f,1f],start_interpolation: 0,interpolation_duration: 1}
$data merge entity $(leftringfinger) {transformation: [-0.4043f,0.9145f,-0.0157f,-0.3282f,-0.1028f,-0.0625f,-0.9927f,2.8333f,-0.9088f,-0.3997f,0.1193f,1.6514f,0f,0f,0f,1f],start_interpolation: 0,interpolation_duration: 1}
$data merge entity $(invisibility) {transformation: [0.6862f,0.0758f,0.7235f,-0.383f,-0.1833f,0.9805f,0.0711f,3.1506f,-0.704f,-0.1813f,0.6867f,1.4032f,0f,0f,0f,1f],start_interpolation: 0,interpolation_duration: 1}
$data merge entity $(swiftness) {transformation: [-0.0157f,0.6902f,0.7235f,-0.5171f,-0.9927f,-0.0971f,0.0711f,2.9739f,0.1193f,-0.7171f,0.6867f,1.4869f,0f,0f,0f,1f],start_interpolation: 0,interpolation_duration: 1}
$data merge entity $(suspicious_stew) {transformation: [0.6189f,0.3059f,0.7235f,-0.4183f,-0.5075f,0.8587f,0.0711f,2.969f,-0.5995f,-0.4112f,0.6867f,1.4592f,0f,0f,0f,1f],start_interpolation: 0,interpolation_duration: 1}
$data merge entity $(log) {transformation: [-0.7235f,0.6902f,-0.0157f,-0.4006f,-0.0711f,-0.0971f,-0.9927f,2.9037f,-0.6867f,-0.7171f,0.1193f,1.3108f,0f,0f,0f,1f],start_interpolation: 0,interpolation_duration: 1}
$data merge entity $(planks) {transformation: [-0.7235f,0.6902f,-0.0157f,-0.4684f,-0.0711f,-0.0971f,-0.9927f,2.897f,-0.6867f,-0.7171f,0.1193f,1.2464f,0f,0f,0f,1f],start_interpolation: 0,interpolation_duration: 1}
$data merge entity $(lefthand1) {transformation: [-0.7235f,0.6902f,-0.0157f,-0.0467f,-0.0711f,-0.0971f,-0.9927f,2.9282f,-0.6867f,-0.7171f,0.1193f,1.2994f,0f,0f,0f,1f],start_interpolation: 0,interpolation_duration: 1}
$data merge entity $(leftforearm) {transformation: [-0.5889f,0.8077f,-0.0291f,0.4831f,-0.0491f,-0.0717f,-0.9962f,2.8795f,-0.8067f,-0.5852f,0.0819f,0.8147f,0f,0f,0f,1f],start_interpolation: 0,interpolation_duration: 1}
$data merge entity $(leftelbow) {transformation: [-0.5889f,0.8077f,-0.0291f,0.6345f,-0.0491f,-0.0717f,-0.9962f,2.8661f,-0.8067f,-0.5852f,0.0819f,0.705f,0f,0f,0f,1f],start_interpolation: 0,interpolation_duration: 1}
$data merge entity $(leftarm) {transformation: [-0.6983f,0.7102f,0.0898f,0.8201f,0.2729f,0.3802f,-0.8837f,3.2111f,-0.6617f,-0.5926f,-0.4593f,0.2823f,0f,0f,0f,1f],start_interpolation: 0,interpolation_duration: 1}
$data merge entity $(rightthumb2) {transformation: [-0.3058f,-0.8734f,-0.379f,-0.5168f,0.645f,0.1027f,-0.7573f,3.1605f,0.7003f,-0.476f,0.5319f,1.3951f,0f,0f,0f,1f],start_interpolation: 0,interpolation_duration: 1}
$data merge entity $(rightthumb) {transformation: [-0.3058f,-0.8734f,-0.379f,-0.7634f,0.645f,0.1027f,-0.7573f,3.121f,0.7003f,-0.476f,0.5319f,1.3239f,0f,0f,0f,1f],start_interpolation: 0,interpolation_duration: 1}
$data merge entity $(rightpointerfinger) {transformation: [-0.8439f,-0.4534f,-0.2869f,-0.6921f,0.4013f,-0.1785f,-0.8984f,3.1711f,0.3561f,-0.8733f,0.3325f,1.6618f,0f,0f,0f,1f],start_interpolation: 0,interpolation_duration: 1}
$data merge entity $(rightmidfinger) {transformation: [-0.8958f,-0.3394f,-0.2869f,-0.7369f,0.3746f,-0.2293f,-0.8984f,3.0308f,0.2391f,-0.9123f,0.3325f,1.7138f,0f,0f,0f,1f],start_interpolation: 0,interpolation_duration: 1}
$data merge entity $(rightringfinger) {transformation: [-0.922f,-0.26f,-0.2869f,-0.7818f,0.3532f,-0.2611f,-0.8984f,2.8904f,0.1587f,-0.9296f,0.3325f,1.7658f,0f,0f,0f,1f],start_interpolation: 0,interpolation_duration: 1}
$data merge entity $(hugeasssword) {transformation: [-3.1378f,-2.0571f,-1.1237f,-0.6263f,1.6267f,-0.5593f,-3.5187f,2.9055f,1.6876f,-3.2857f,1.3025f,1.4237f,0f,0f,0f,1f],start_interpolation: 0,interpolation_duration: 1}
$data merge entity $(whey) {transformation: [0f,0f,0f,-0.399f,0f,0f,0f,2.9738f,0f,0f,0f,1.3816f,0f,0f,0f,1f],start_interpolation: 0,interpolation_duration: 1}
$data merge entity $(ice) {transformation: [-0.8012f,-0.5252f,-0.2869f,-0.6056f,0.4153f,-0.1428f,-0.8984f,2.9012f,0.4309f,-0.8389f,0.3325f,1.4301f,0f,0f,0f,1f],start_interpolation: 0,interpolation_duration: 1}
$data merge entity $(righthand1) {transformation: [-0.8012f,-0.5252f,-0.2869f,-0.9461f,0.4153f,-0.1428f,-0.8984f,2.9413f,0.4309f,-0.8389f,0.3325f,1.3385f,0f,0f,0f,1f],start_interpolation: 0,interpolation_duration: 1}
$data merge entity $(rightforearm) {transformation: [-0.7274f,-0.316f,-0.6091f,-1.1134f,0.5922f,0.1593f,-0.7899f,3.0286f,0.3467f,-0.9353f,0.0712f,0.6581f,0f,0f,0f,1f],start_interpolation: 0,interpolation_duration: 1}
$data merge entity $(rightelbow) {transformation: [-0.7274f,-0.316f,-0.6091f,-1.1726f,0.5922f,0.1593f,-0.7899f,3.0585f,0.3467f,-0.9353f,0.0712f,0.4827f,0f,0f,0f,1f],start_interpolation: 0,interpolation_duration: 1}
$data merge entity $(rightarm) {transformation: [-0.9187f,0.2743f,-0.2842f,-0.7843f,0.3868f,0.4792f,-0.7879f,3.2892f,-0.0799f,-0.8337f,-0.5464f,0.1264f,0f,0f,0f,1f],start_interpolation: 0,interpolation_duration: 1}
$data merge entity $(chest1) {transformation: [-1.0675f,0.0445f,0.1789f,0.0904f,0.0854f,1.0511f,0.248f,3.1401f,-0.1634f,0.2585f,-1.0393f,0.025f,0f,0f,0f,1f],start_interpolation: 0,interpolation_duration: 1}
$data merge entity $(chest1lid) {transformation: [-0.9854f,0.036f,0.1664f,-0.3388f,0.0788f,0.9627f,0.2588f,2.4143f,-0.1508f,0.2682f,-0.9515f,0.1858f,0f,0f,0f,1f],start_interpolation: 0,interpolation_duration: 1}
$data merge entity $(chest2) {transformation: [-0.9854f,0.0411f,0.1652f,-0.3452f,0.0788f,0.9702f,0.2289f,2.2627f,-0.1508f,0.2386f,-0.9593f,0.1485f,0f,0f,0f,1f],start_interpolation: 0,interpolation_duration: 1}
$data merge entity $(chest1lid3) {transformation: [-0.9854f,0.0411f,0.1652f,-0.1714f,0.0788f,0.9702f,0.2289f,2.556f,-0.1508f,0.2386f,-0.9593f,-0.4194f,0f,0f,0f,1f],start_interpolation: 0,interpolation_duration: 1}
$data merge entity $(chest3) {transformation: [-0.9854f,0.0411f,0.1652f,-0.1778f,0.0788f,0.9702f,0.2289f,2.4044f,-0.1508f,0.2386f,-0.9593f,-0.4566f,0f,0f,0f,1f],start_interpolation: 0,interpolation_duration: 1}
$data merge entity $(hugeasssword2) {transformation: [-0.6469f,2.9542f,-2.4888f,-1.0323f,-0.8967f,2.3397f,3.0103f,4.4236f,3.7573f,1.067f,0.2899f,-0.1381f,0f,0f,0f,1f],start_interpolation: 0,interpolation_duration: 1}
$data merge entity $(belt) {transformation: [-0.9854f,0.0411f,0.1652f,0.0839f,0.0788f,0.9702f,0.2289f,2.7211f,-0.1508f,0.2386f,-0.9593f,0.0603f,0f,0f,0f,1f],start_interpolation: 0,interpolation_duration: 1}
$data merge entity $(torn_part) {transformation: [-0.9854f,-0.0524f,0.1619f,-0.0512f,0.0788f,0.7026f,0.7072f,2.4631f,-0.1508f,0.7096f,-0.6882f,-0.0101f,0f,0f,0f,1f],start_interpolation: 0,interpolation_duration: 1}
$data merge entity $(lowerbody) {transformation: [-0.9854f,0.0639f,0.1577f,-0.0084f,0.0788f,0.9928f,0.0901f,1.9579f,-0.1508f,0.1012f,-0.9834f,0.0935f,0f,0f,0f,1f],start_interpolation: 0,interpolation_duration: 1}
$data merge entity $(leftfoot) {transformation: [-0.9423f,-0.2611f,0.2095f,0.2825f,-0.2488f,0.9649f,0.0834f,0.1213f,-0.224f,0.0264f,-0.9742f,0.5643f,0f,0f,0f,1f],start_interpolation: 0,interpolation_duration: 1}
$data merge entity $(leftlowerleg) {transformation: [-0.9423f,-0.2806f,0.1826f,-0.0568f,-0.2488f,0.9519f,0.1787f,1.1499f,-0.224f,0.123f,-0.9668f,0.8492f,0f,0f,0f,1f],start_interpolation: 0,interpolation_duration: 1}
$data merge entity $(leftleg) {transformation: [-0.9475f,0.1116f,0.2997f,0.0358f,-0.1097f,0.7669f,-0.6323f,1.7905f,-0.3004f,-0.6319f,-0.7144f,0.2753f,0f,0f,0f,1f],start_interpolation: 0,interpolation_duration: 1}
$data merge entity $(rightfoot) {transformation: [-0.5914f,0.0319f,0.8057f,-0.2794f,0.1733f,0.9809f,0.0884f,0.1586f,-0.7875f,0.1919f,-0.5856f,-0.3345f,0f,0f,0f,1f],start_interpolation: 0,interpolation_duration: 1}
$data merge entity $(rightlowerleg) {transformation: [-0.5914f,-0.218f,0.7764f,-0.6405f,0.1733f,0.9059f,0.3864f,1.1043f,-0.7875f,0.3631f,-0.498f,0.1448f,0f,0f,0f,1f],start_interpolation: 0,interpolation_duration: 1}
$data merge entity $(rightleg) {transformation: [-0.6204f,0.3725f,0.6902f,-0.3081f,0.0351f,0.8923f,-0.4501f,1.9065f,-0.7835f,-0.255f,-0.5667f,-0.0649f,0f,0f,0f,1f],start_interpolation: 0,interpolation_duration: 1}
$data merge entity $(sack_top) {transformation: [0.0127f,0.2138f,-0.3046f,-0.5897f,0.155f,0.877f,0.0618f,2.7827f,0.27f,-0.5137f,-0.0212f,1.4897f,0f,0f,0f,1f],start_interpolation: 0,interpolation_duration: 1}
$data merge entity $(sack_main) {transformation: [0.0195f,0.1496f,-0.5617f,-0.5897f,0.2389f,0.6139f,0.114f,2.7827f,0.4161f,-0.3596f,-0.0391f,1.4897f,0f,0f,0f,1f],start_interpolation: 0,interpolation_duration: 1}
data modify entity @s data merge value {"cameras":{},"locators":{"soup":{"px":-0.38832273942379925,"py":3.11437777111536,"pz":1.3670475600991594,"ry":133.50560851338642,"rx":4.075771549049141},"lefthand":{"px":-0.3864327489512084,"py":2.933437770916471,"pz":1.4292931365065114,"ry":187.50105818238686,"rx":-83.08864030813785},"sword":{"px":0.38991059293443353,"py":6.269234084668584,"pz":0.2521848542540235,"ry":220.78543693841377,"rx":-63.94749043156278},"righthand":{"px":-0.6680122727473224,"py":2.956413890168578,"pz":1.4784302698135026,"ry":220.78543693841377,"rx":-63.94749043156278},"chest":{"px":-0.3979642860913615,"py":2.32033963769326,"pz":0.3160485274218058,"ry":9.76904943637544,"rx":13.235255686487784},"sack":{"px":-0.5121683000022115,"py":3.0793209179779155,"pz":1.240855616490367,"ry":273.9842596922002,"rx":11.44442594398821}}}