# This file was generated by Animated Java via MC-Build. It is not recommended to edit this file directly.
$data merge entity $(bone_nose) {transformation: [-0.9522f,-0.1009f,0.2884f,-0.2982f,0.0353f,0.9012f,0.4319f,3.4726f,-0.3035f,0.4214f,-0.8546f,0.8455f,0f,0f,0f,1f],start_interpolation: 0,interpolation_duration: 1}
$data merge entity $(bone_glowing_eye) {transformation: [-0.9522f,-0.1009f,0.2884f,-0.4341f,0.0353f,0.9012f,0.4319f,3.523f,-0.3035f,0.4214f,-0.8546f,0.8659f,0f,0f,0f,1f],start_interpolation: 0,interpolation_duration: 1}
$data merge entity $(bone_head) {transformation: [-0.9522f,-0.1009f,0.2884f,-0.2317f,0.0353f,0.9012f,0.4319f,3.4422f,-0.3035f,0.4214f,-0.8546f,0.6334f,0f,0f,0f,1f],start_interpolation: 0,interpolation_duration: 1}
$data merge entity $(bone_leftthumb2) {transformation: [-0.8828f,0.3612f,0.3003f,-0.0095f,-0.2909f,0.0817f,-0.9533f,2.6114f,-0.3688f,-0.9289f,0.0329f,2.471f,0f,0f,0f,1f],start_interpolation: 0,interpolation_duration: 1}
$data merge entity $(bone_leftthumb) {transformation: [-0.8828f,0.3612f,0.3003f,0.1048f,-0.2909f,0.0817f,-0.9533f,2.55f,-0.3688f,-0.9289f,0.0329f,2.2461f,0f,0f,0f,1f],start_interpolation: 0,interpolation_duration: 1}
$data merge entity $(bone_leftpointerfinger) {transformation: [-0.9531f,0.0374f,0.3003f,0.0969f,-0.3013f,-0.0227f,-0.9533f,2.5103f,-0.0289f,-0.999f,0.0329f,2.5927f,0f,0f,0f,1f],start_interpolation: 0,interpolation_duration: 1}
$data merge entity $(bone_leftmidfinger) {transformation: [-0.8828f,0.3612f,0.3003f,0.1438f,-0.2909f,0.0817f,-0.9533f,2.3614f,-0.3688f,-0.9289f,0.0329f,2.5979f,0f,0f,0f,1f],start_interpolation: 0,interpolation_duration: 1}
$data merge entity $(bone_leftringfinger) {transformation: [-0.6774f,0.6715f,0.3003f,0.1908f,-0.2375f,0.1868f,-0.9533f,2.2124f,-0.6962f,-0.7171f,0.0329f,2.603f,0f,0f,0f,1f],start_interpolation: 0,interpolation_duration: 1}
$data merge entity $(bone_invisibility) {transformation: [0.386f,-0.2677f,0.8828f,-0.0385f,-0.0017f,0.9568f,0.2909f,2.4945f,-0.9225f,-0.1137f,0.3688f,2.421f,0f,0f,0f,1f],start_interpolation: 0,interpolation_duration: 1}
$data merge entity $(bone_swiftness) {transformation: [0.3003f,0.3612f,0.8828f,-0.0771f,-0.9533f,0.0817f,0.2909f,2.2896f,0.0329f,-0.9289f,0.3688f,2.5337f,0f,0f,0f,1f],start_interpolation: 0,interpolation_duration: 1}
$data merge entity $(bone_suspicious_stew) {transformation: [0.4542f,-0.1196f,0.8828f,0.0009f,-0.3288f,0.8985f,0.2909f,2.3119f,-0.828f,-0.4224f,0.3688f,2.4707f,0f,0f,0f,1f],start_interpolation: 0,interpolation_duration: 1}
$data merge entity $(bone_log) {transformation: [-0.8828f,0.3612f,0.3003f,-0.0227f,-0.2909f,0.0817f,-0.9533f,2.2502f,-0.3688f,-0.9289f,0.0329f,2.3215f,0f,0f,0f,1f],start_interpolation: 0,interpolation_duration: 1}
$data merge entity $(bone_planks) {transformation: [-0.8828f,0.3612f,0.3003f,-0.1054f,-0.2909f,0.0817f,-0.9533f,2.2229f,-0.3688f,-0.9289f,0.0329f,2.2869f,0f,0f,0f,1f],start_interpolation: 0,interpolation_duration: 1}
$data merge entity $(bone_lefthand1) {transformation: [-0.8828f,0.3612f,0.3003f,0.2789f,-0.2909f,0.0817f,-0.9533f,2.3731f,-0.3688f,-0.9289f,0.0329f,2.1805f,0f,0f,0f,1f],start_interpolation: 0,interpolation_duration: 1}
$data merge entity $(bone_leftforearm) {transformation: [-0.7274f,0.5912f,0.3483f,0.6402f,-0.2081f,0.2937f,-0.933f,2.5724f,-0.6539f,-0.7511f,-0.0906f,1.5907f,0f,0f,0f,1f],start_interpolation: 0,interpolation_duration: 1}
$data merge entity $(bone_leftelbow) {transformation: [-0.7274f,0.5912f,0.3483f,0.751f,-0.2081f,0.2937f,-0.933f,2.6274f,-0.6539f,-0.7511f,-0.0906f,1.4499f,0f,0f,0f,1f],start_interpolation: 0,interpolation_duration: 1}
$data merge entity $(bone_leftarm) {transformation: [-0.9836f,-0.0251f,0.1786f,0.481f,-0.1609f,0.5689f,-0.8065f,2.9561f,-0.0813f,-0.822f,-0.5636f,1.061f,0f,0f,0f,1f],start_interpolation: 0,interpolation_duration: 1}
$data merge entity $(bone_rightthumb2) {transformation: [-0.758f,0.3372f,0.5583f,-1.4404f,0.2167f,0.9375f,-0.2721f,1.8636f,-0.6152f,-0.0853f,-0.7837f,-0.8448f,0f,0f,0f,1f],start_interpolation: 0,interpolation_duration: 1}
$data merge entity $(bone_rightthumb) {transformation: [-0.758f,0.3372f,0.5583f,-1.31f,0.2167f,0.9375f,-0.2721f,2.0703f,-0.6152f,-0.0853f,-0.7837f,-0.9327f,0f,0f,0f,1f],start_interpolation: 0,interpolation_duration: 1}
$data merge entity $(bone_rightpointerfinger) {transformation: [-0.2609f,0.6253f,0.7355f,-1.5069f,0.6809f,0.6593f,-0.319f,1.8883f,-0.6843f,0.4176f,-0.5978f,-1.1562f,0f,0f,0f,1f],start_interpolation: 0,interpolation_duration: 1}
$data merge entity $(bone_rightmidfinger) {transformation: [-0.1771f,0.654f,0.7355f,-1.3919f,0.7611f,0.5648f,-0.319f,1.8385f,-0.624f,0.5033f,-0.5978f,-1.2496f,0f,0f,0f,1f],start_interpolation: 0,interpolation_duration: 1}
$data merge entity $(bone_rightringfinger) {transformation: [-0.1194f,0.6669f,0.7355f,-1.277f,0.8075f,0.4963f,-0.319f,1.7886f,-0.5777f,0.5558f,-0.5978f,-1.343f,0f,0f,0f,1f],start_interpolation: 0,interpolation_duration: 1}
$data merge entity $(bone_hugeasssword) {transformation: [-1.2314f,2.3507f,2.8807f,-1.198f,2.4317f,2.8047f,-1.2492f,1.824f,-2.8126f,1.3957f,-2.3413f,-0.9771f,0f,0f,0f,1f],start_interpolation: 0,interpolation_duration: 1}
$data merge entity $(bone_ice) {transformation: [-0.3144f,0.6002f,0.7355f,-1.2025f,0.6209f,0.7161f,-0.319f,1.8031f,-0.7181f,0.3564f,-0.5978f,-0.9714f,0f,0f,0f,1f],start_interpolation: 0,interpolation_duration: 1}
$data merge entity $(bone_righthand1) {transformation: [-0.3144f,0.6002f,0.7355f,-1.108f,0.6209f,0.7161f,-0.319f,2.1274f,-0.7181f,0.3564f,-0.5978f,-1.0806f,0f,0f,0f,1f],start_interpolation: 0,interpolation_duration: 1}
$data merge entity $(bone_rightforearm) {transformation: [-0.5697f,0.2577f,0.7804f,-0.9034f,0.5194f,0.8488f,0.099f,2.6901f,-0.6369f,0.4618f,-0.6174f,-0.7064f,0f,0f,0f,1f],start_interpolation: 0,interpolation_duration: 1}
$data merge entity $(bone_rightelbow) {transformation: [-0.5697f,0.2577f,0.7804f,-0.8551f,0.5194f,0.8488f,0.099f,2.8493f,-0.6369f,0.4618f,-0.6174f,-0.6198f,0f,0f,0f,1f],start_interpolation: 0,interpolation_duration: 1}
$data merge entity $(bone_rightarm) {transformation: [-0.4395f,0.0066f,0.8982f,-0.8342f,0.629f,0.7161f,0.3025f,3.0376f,-0.6412f,0.698f,-0.3189f,-0.0766f,0f,0f,0f,1f],start_interpolation: 0,interpolation_duration: 1}
$data merge entity $(bone_chest1) {transformation: [-0.834f,-0.2767f,0.6336f,-0.018f,0.1294f,0.9128f,0.569f,2.9321f,-0.6792f,0.5137f,-0.6696f,0.2701f,0f,0f,0f,1f],start_interpolation: 0,interpolation_duration: 1}
$data merge entity $(bone_chest1lid) {transformation: [-0.7698f,0.0301f,0.6375f,-0.3351f,0.1194f,0.988f,0.0975f,2.1916f,-0.627f,0.1512f,-0.7642f,-0.0261f,0f,0f,0f,1f],start_interpolation: 0,interpolation_duration: 1}
$data merge entity $(bone_chest2) {transformation: [-0.7698f,-0.2555f,0.5849f,-0.2952f,0.1194f,0.8426f,0.5252f,2.0599f,-0.627f,0.4742f,-0.6181f,-0.1002f,0f,0f,0f,1f],start_interpolation: 0,interpolation_duration: 1}
$data merge entity $(bone_chest1lid3) {transformation: [-0.7698f,-0.2555f,0.5849f,0.0877f,0.1194f,0.8426f,0.5252f,2.5205f,-0.627f,0.4742f,-0.6181f,-0.3829f,0f,0f,0f,1f],start_interpolation: 0,interpolation_duration: 1}
$data merge entity $(bone_chest3) {transformation: [-0.7698f,-0.2555f,0.5849f,0.1276f,0.1194f,0.8426f,0.5252f,2.3889f,-0.627f,0.4742f,-0.6181f,-0.457f,0f,0f,0f,1f],start_interpolation: 0,interpolation_duration: 1}
$data merge entity $(bone_hugeasssword2) {transformation: [-2.2907f,1.5471f,-2.7747f,-1.108f,-2.0571f,1.8846f,2.749f,4.196f,2.421f,3.0651f,-0.2897f,-0.1159f,0f,0f,0f,1f],start_interpolation: 0,interpolation_duration: 1}
$data merge entity $(bone_belt) {transformation: [-0.7698f,-0.2555f,0.5849f,0.0318f,0.1194f,0.8426f,0.5252f,2.524f,-0.627f,0.4742f,-0.6181f,0.1823f,0f,0f,0f,1f],start_interpolation: 0,interpolation_duration: 1}
$data merge entity $(bone_torn_part) {transformation: [-0.7698f,-0.5327f,0.3514f,0.0151f,0.1194f,0.4207f,0.8993f,2.2717f,-0.627f,0.7343f,-0.2602f,-0.0403f,0f,0f,0f,1f],start_interpolation: 0,interpolation_duration: 1}
$data merge entity $(bone_lowerbody) {transformation: [-0.7698f,-0.1822f,0.6117f,0.0932f,0.1194f,0.9003f,0.4185f,1.7615f,-0.627f,0.3952f,-0.6714f,-0.0777f,0f,0f,0f,1f],start_interpolation: 0,interpolation_duration: 1}
$data merge entity $(bone_leftfoot) {transformation: [-0.9782f,-0.1377f,0.1553f,0.2885f,-0.1289f,0.9895f,0.0653f,0.1509f,-0.1627f,0.0439f,-0.9857f,0.5813f,0f,0f,0f,1f],start_interpolation: 0,interpolation_duration: 1}
$data merge entity $(bone_leftlowerleg) {transformation: [-0.9782f,-0.1372f,0.1557f,0.1124f,-0.1289f,0.9897f,0.0624f,1.2393f,-0.1627f,0.041f,-0.9858f,0.7783f,0f,0f,0f,1f],start_interpolation: 0,interpolation_duration: 1}
$data merge entity $(bone_leftleg) {transformation: [-0.9605f,0.2289f,0.1581f,0.3018f,-0.0204f,0.509f,-0.8605f,1.6507f,-0.2774f,-0.8298f,-0.4843f,0.0415f,0f,0f,0f,1f],start_interpolation: 0,interpolation_duration: 1}
$data merge entity $(bone_rightfoot) {transformation: [-0.4819f,-0.0126f,0.8761f,-0.3121f,0.1294f,0.9879f,0.0854f,0.1605f,-0.8666f,0.1545f,-0.4745f,-0.254f,0f,0f,0f,1f],start_interpolation: 0,interpolation_duration: 1}
$data merge entity $(bone_rightlowerleg) {transformation: [-0.4819f,-0.1546f,0.8625f,-0.6162f,0.1294f,0.9609f,0.2446f,1.1889f,-0.8666f,0.2295f,-0.4431f,0.0687f,0f,0f,0f,1f],start_interpolation: 0,interpolation_duration: 1}
$data merge entity $(bone_rightleg) {transformation: [-0.6051f,0.6398f,0.4739f,-0.0425f,0.0728f,0.6371f,-0.7673f,1.7668f,-0.7928f,-0.4298f,-0.4321f,-0.2985f,0f,0f,0f,1f],start_interpolation: 0,interpolation_duration: 1}
$data merge entity $(bone_sack_top) {transformation: [-0.04f,0f,0f,-0.092f,0f,0.1f,0f,-0.2532f,0f,0f,-0.04f,-0.1276f,0f,0f,0f,1f],start_interpolation: 0,interpolation_duration: 1}
$data merge entity $(bone_sack_main) {transformation: [-0.0583f,0f,0f,-0.092f,0f,0.0583f,0f,-0.2532f,0f,0f,-0.0583f,-0.1276f,0f,0f,0f,1f],start_interpolation: 0,interpolation_duration: 1}
data modify entity @s data merge value {"cameras":{},"locators":{"lefthand":{"posx":0.027186488271523868,"posy":2.285978831451557,"posz":2.428148738637183,"roty":96.2515608164216,"rotx":-72.41427606141107},"sword":{"posx":-3.9649231097864956,"posy":3.031234600088616,"posz":1.1692861742397076,"roty":50.897459900670384,"rotx":-18.59960927584545},"righthand":{"posx":-1.2528131117849965,"posy":1.855095980253452,"posz":-1.0349854868022206,"roty":50.897459900670384,"rotx":-18.59960927584545},"chest":{"posx":-0.4346235087292516,"posy":2.060561772128272,"posz":0.021241052879069716,"roty":43.41642653623893,"rotx":31.68203793114462},"sack":{"posx":-0.08572998046875,"posy":-0.21568603515625,"posz":-0.12762451171875,"roty":0,"rotx":0}}}