# This file was generated by Animated Java via MC-Build. It is not recommended to edit this file directly.
$data merge entity $(bone_nose) {transformation: [-0.9802f,0.019f,0.1969f,0.0621f,0.1238f,0.8354f,0.5356f,3.8268f,-0.1543f,0.5494f,-0.8212f,0.3416f,0f,0f,0f,1f],start_interpolation: 0,interpolation_duration: 1}
$data merge entity $(bone_glowing_eye) {transformation: [-0.9802f,0.019f,0.1969f,-0.066f,0.1238f,0.8354f,0.5356f,3.8801f,-0.1543f,0.5494f,-0.8212f,0.3882f,0f,0f,0f,1f],start_interpolation: 0,interpolation_duration: 1}
$data merge entity $(bone_head) {transformation: [-0.9802f,0.019f,0.1969f,0.0966f,0.1238f,0.8354f,0.5356f,3.8239f,-0.1543f,0.5494f,-0.8212f,0.12f,0f,0f,0f,1f],start_interpolation: 0,interpolation_duration: 1}
$data merge entity $(bone_leftthumb2) {transformation: [-0.5455f,0.8157f,0.1927f,-0.5078f,-0.4581f,-0.0977f,-0.8835f,3.2222f,-0.7018f,-0.5702f,0.427f,1.0867f,0f,0f,0f,1f],start_interpolation: 0,interpolation_duration: 1}
$data merge entity $(bone_leftthumb) {transformation: [-0.5455f,0.8157f,0.1927f,-0.2913f,-0.4581f,-0.0977f,-0.8835f,3.1228f,-0.7018f,-0.5702f,0.427f,0.9833f,0f,0f,0f,1f],start_interpolation: 0,interpolation_duration: 1}
$data merge entity $(bone_leftpointerfinger) {transformation: [-0.7916f,0.5799f,0.1927f,-0.4902f,-0.3971f,-0.2485f,-0.8835f,3.1635f,-0.4645f,-0.7759f,0.427f,1.2672f,0f,0f,0f,1f],start_interpolation: 0,interpolation_duration: 1}
$data merge entity $(bone_leftmidfinger) {transformation: [-0.5455f,0.8157f,0.1927f,-0.4601f,-0.4581f,-0.0977f,-0.8835f,3.0255f,-0.7018f,-0.5702f,0.427f,1.3339f,0f,0f,0f,1f],start_interpolation: 0,interpolation_duration: 1}
$data merge entity $(bone_leftringfinger) {transformation: [-0.1918f,0.9623f,0.1927f,-0.43f,-0.4606f,0.0851f,-0.8835f,2.8874f,-0.8666f,-0.2582f,0.427f,1.4006f,0f,0f,0f,1f],start_interpolation: 0,interpolation_duration: 1}
$data merge entity $(bone_invisibility) {transformation: [0.8294f,-0.1209f,0.5455f,-0.5093f,-0.1743f,0.8716f,0.4581f,3.0946f,-0.5308f,-0.475f,0.7018f,1.0599f,0f,0f,0f,1f],start_interpolation: 0,interpolation_duration: 1}
$data merge entity $(bone_swiftness) {transformation: [0.1927f,0.8157f,0.5455f,-0.6121f,-0.8835f,-0.0977f,0.4581f,2.9183f,0.427f,-0.5702f,0.7018f,1.1806f,0f,0f,0f,1f],start_interpolation: 0,interpolation_duration: 1}
$data merge entity $(bone_suspicious_stew) {transformation: [0.8207f,0.1701f,0.5455f,-0.5114f,-0.4619f,0.7594f,0.4581f,2.9335f,-0.3363f,-0.6279f,0.7018f,1.1667f,0f,0f,0f,1f],start_interpolation: 0,interpolation_duration: 1}
$data merge entity $(bone_log) {transformation: [-0.5455f,0.8157f,0.1927f,-0.4516f,-0.4581f,-0.0977f,-0.8835f,2.8369f,-0.7018f,-0.5702f,0.427f,1.0496f,0f,0f,0f,1f],start_interpolation: 0,interpolation_duration: 1}
$data merge entity $(bone_planks) {transformation: [-0.5455f,0.8157f,0.1927f,-0.5027f,-0.4581f,-0.0977f,-0.8835f,2.794f,-0.7018f,-0.5702f,0.427f,0.9838f,0f,0f,0f,1f],start_interpolation: 0,interpolation_duration: 1}
$data merge entity $(bone_lefthand1) {transformation: [-0.5455f,0.8157f,0.1927f,-0.1173f,-0.4581f,-0.0977f,-0.8835f,2.9546f,-0.7018f,-0.5702f,0.427f,1.0692f,0f,0f,0f,1f],start_interpolation: 0,interpolation_duration: 1}
$data merge entity $(bone_leftforearm) {transformation: [-0.3996f,0.8973f,0.1877f,0.4905f,-0.434f,-0.0049f,-0.9009f,2.9218f,-0.8074f,-0.4415f,0.3914f,0.6852f,0f,0f,0f,1f],start_interpolation: 0,interpolation_duration: 1}
$data merge entity $(bone_leftelbow) {transformation: [-0.3996f,0.8973f,0.1877f,0.6587f,-0.434f,-0.0049f,-0.9009f,2.9209f,-0.8074f,-0.4415f,0.3914f,0.6024f,0f,0f,0f,1f],start_interpolation: 0,interpolation_duration: 1}
$data merge entity $(bone_leftarm) {transformation: [-0.7092f,0.6758f,0.2007f,0.8136f,0.1898f,0.4572f,-0.8688f,3.2838f,-0.679f,-0.5781f,-0.4526f,0.1823f,0f,0f,0f,1f],start_interpolation: 0,interpolation_duration: 1}
$data merge entity $(bone_rightthumb2) {transformation: [-0.1744f,-0.9286f,-0.3277f,-0.4353f,0.5426f,0.1871f,-0.8189f,3.0495f,0.8217f,-0.3206f,0.4712f,1.131f,0f,0f,0f,1f],start_interpolation: 0,interpolation_duration: 1}
$data merge entity $(bone_rightthumb) {transformation: [-0.1744f,-0.9286f,-0.3277f,-0.6911f,0.5426f,0.1871f,-0.8189f,3.0254f,0.8217f,-0.3206f,0.4712f,1.0927f,0f,0f,0f,1f],start_interpolation: 0,interpolation_duration: 1}
$data merge entity $(bone_rightpointerfinger) {transformation: [-0.7662f,-0.5825f,-0.2714f,-0.5694f,0.3616f,-0.0416f,-0.9314f,3.0248f,0.5313f,-0.8118f,0.2425f,1.4198f,0f,0f,0f,1f],start_interpolation: 0,interpolation_duration: 1}
$data merge entity $(bone_rightmidfinger) {transformation: [-0.8357f,-0.4775f,-0.2714f,-0.6118f,0.353f,-0.0884f,-0.9314f,2.8793f,0.4208f,-0.8742f,0.2425f,1.4577f,0f,0f,0f,1f],start_interpolation: 0,interpolation_duration: 1}
$data merge entity $(bone_rightringfinger) {transformation: [-0.8741f,-0.4029f,-0.2714f,-0.6542f,0.344f,-0.1188f,-0.9314f,2.7337f,0.343f,-0.9075f,0.2425f,1.4956f,0f,0f,0f,1f],start_interpolation: 0,interpolation_duration: 1}
$data merge entity $(bone_hugeasssword) {transformation: [-2.7906f,-2.5343f,-1.063f,-0.5497f,1.4249f,-0.0388f,-3.6481f,2.7952f,2.35f,-2.986f,0.9496f,1.1397f,0f,0f,0f,1f],start_interpolation: 0,interpolation_duration: 1}
$data merge entity $(bone_ice) {transformation: [-0.7125f,-0.6471f,-0.2714f,-0.5285f,0.3638f,-0.0099f,-0.9314f,2.7896f,0.6f,-0.7624f,0.2425f,1.1422f,0f,0f,0f,1f],start_interpolation: 0,interpolation_duration: 1}
$data merge entity $(bone_righthand1) {transformation: [-0.7125f,-0.6471f,-0.2714f,-0.8769f,0.3638f,-0.0099f,-0.9314f,2.849f,0.6f,-0.7624f,0.2425f,1.1092f,0f,0f,0f,1f],start_interpolation: 0,interpolation_duration: 1}
$data merge entity $(bone_rightforearm) {transformation: [-0.6448f,-0.4421f,-0.6235f,-1.1377f,0.5495f,0.2989f,-0.7802f,3.0371f,0.5314f,-0.8457f,0.0502f,0.4806f,0f,0f,0f,1f],start_interpolation: 0,interpolation_duration: 1}
$data merge entity $(bone_rightelbow) {transformation: [-0.6448f,-0.4421f,-0.6235f,-1.2206f,0.5495f,0.2989f,-0.7802f,3.0931f,0.5314f,-0.8457f,0.0502f,0.322f,0f,0f,0f,1f],start_interpolation: 0,interpolation_duration: 1}
$data merge entity $(bone_rightarm) {transformation: [-0.8928f,0.3698f,-0.2572f,-0.792f,0.4332f,0.5484f,-0.7152f,3.3412f,-0.1234f,-0.75f,-0.6498f,0.0292f,0f,0f,0f,1f],start_interpolation: 0,interpolation_duration: 1}
$data merge entity $(bone_chest1) {transformation: [-1.0688f,0.0403f,0.1725f,0.0829f,0.0667f,1.0688f,0.164f,3.1886f,-0.164f,0.1724f,-1.0569f,-0.0645f,0f,0f,0f,1f],start_interpolation: 0,interpolation_duration: 1}
$data merge entity $(bone_chest1lid) {transformation: [-0.9865f,0.0819f,0.1414f,-0.3416f,0.0616f,0.9878f,-0.1428f,2.4761f,-0.1514f,-0.1321f,-0.9796f,0.1568f,0f,0f,0f,1f],start_interpolation: 0,interpolation_duration: 1}
$data merge entity $(bone_chest2) {transformation: [-0.9865f,0.0372f,0.1592f,-0.3474f,0.0616f,0.9866f,0.1513f,2.322f,-0.1514f,0.1591f,-0.9756f,0.1319f,0f,0f,0f,1f],start_interpolation: 0,interpolation_duration: 1}
$data merge entity $(bone_chest1lid3) {transformation: [-0.9865f,0.0372f,0.1592f,-0.178f,0.0616f,0.9866f,0.1513f,2.5693f,-0.1514f,0.1591f,-0.9756f,-0.4587f,0f,0f,0f,1f],start_interpolation: 0,interpolation_duration: 1}
$data merge entity $(bone_chest3) {transformation: [-0.9865f,0.0372f,0.1592f,-0.1838f,0.0616f,0.9866f,0.1513f,2.4151f,-0.1514f,0.1591f,-0.9756f,-0.4836f,0f,0f,0f,1f],start_interpolation: 0,interpolation_duration: 1}
$data merge entity $(bone_hugeasssword2) {transformation: [-0.6235f,2.9471f,-2.5032f,-1.0473f,-0.5928f,2.4327f,3.0118f,4.4493f,3.821f,0.8583f,0.0588f,-0.3249f,0f,0f,0f,1f],start_interpolation: 0,interpolation_duration: 1}
$data merge entity $(bone_belt) {transformation: [-0.9865f,0.0372f,0.1592f,0.0789f,0.0616f,0.9866f,0.1513f,2.7738f,-0.1514f,0.1591f,-0.9756f,0.0047f,0f,0f,0f,1f],start_interpolation: 0,interpolation_duration: 1}
$data merge entity $(bone_torn_part) {transformation: [-0.9865f,-0.0542f,0.1542f,-0.0551f,0.0616f,0.7507f,0.6577f,2.5095f,-0.1514f,0.6584f,-0.7373f,-0.0454f,0f,0f,0f,1f],start_interpolation: 0,interpolation_duration: 1}
$data merge entity $(bone_lowerbody) {transformation: [-0.9865f,0.0576f,0.153f,-0.0084f,0.0616f,0.9979f,0.0213f,2.0133f,-0.1514f,0.0304f,-0.988f,0.0935f,0f,0f,0f,1f],start_interpolation: 0,interpolation_duration: 1}
$data merge entity $(bone_leftfoot) {transformation: [-0.9417f,-0.2579f,0.2161f,0.2799f,-0.2455f,0.9659f,0.0829f,0.1578f,-0.2301f,0.025f,-0.9728f,0.5636f,0f,0f,0f,1f],start_interpolation: 0,interpolation_duration: 1}
$data merge entity $(bone_leftlowerleg) {transformation: [-0.9417f,-0.2757f,0.1928f,-0.0557f,-0.2455f,0.955f,0.1667f,1.1916f,-0.2301f,0.1097f,-0.967f,0.8338f,0f,0f,0f,1f],start_interpolation: 0,interpolation_duration: 1}
$data merge entity $(bone_leftleg) {transformation: [-0.9472f,0.1101f,0.3013f,0.0358f,-0.1046f,0.7819f,-0.6145f,1.8459f,-0.3033f,-0.6136f,-0.7291f,0.2753f,0f,0f,0f,1f],start_interpolation: 0,interpolation_duration: 1}
$data merge entity $(bone_rightfoot) {transformation: [-0.5946f,0.038f,0.8031f,-0.2776f,0.1722f,0.9817f,0.081f,0.1961f,-0.7854f,0.1864f,-0.5903f,-0.3379f,0f,0f,0f,1f],start_interpolation: 0,interpolation_duration: 1}
$data merge entity $(bone_rightlowerleg) {transformation: [-0.5946f,-0.2053f,0.7774f,-0.6248f,0.1722f,0.9119f,0.3725f,1.1506f,-0.7854f,0.3553f,-0.5069f,0.1341f,0f,0f,0f,1f],start_interpolation: 0,interpolation_duration: 1}
$data merge entity $(bone_rightleg) {transformation: [-0.6211f,0.3551f,0.6987f,-0.3081f,0.0334f,0.9027f,-0.4291f,1.9619f,-0.783f,-0.2431f,-0.5725f,-0.0649f,0f,0f,0f,1f],start_interpolation: 0,interpolation_duration: 1}
$data merge entity $(bone_sack_top) {transformation: [0.0115f,0.1941f,-0.2766f,-0.5674f,0.1408f,0.7962f,0.0561f,2.7407f,0.2451f,-0.4664f,-0.0193f,1.2243f,0f,0f,0f,1f],start_interpolation: 0,interpolation_duration: 1}
$data merge entity $(bone_sack_main) {transformation: [0.014f,0.0976f,-0.3863f,-0.5674f,0.1712f,0.4003f,0.0784f,2.7407f,0.2982f,-0.2344f,-0.0269f,1.2243f,0f,0f,0f,1f],start_interpolation: 0,interpolation_duration: 1}
data modify entity @s data merge value {"cameras":{},"locators":{"lefthand":{"posx":-0.4671738370847275,"posy":2.901288230424788,"posz":1.153284957755156,"roty":155.7109196563303,"rotx":-62.06774361679552},"sword":{"posx":0.419875129233128,"posy":6.273085300748384,"posz":0.312527811291302,"roty":228.22497434601155,"rotx":-68.65799381821645},"righthand":{"posx":-0.5809489471773236,"posy":2.838456863441919,"posz":1.2065831315723876,"roty":228.22497434601155,"rotx":-68.65799381821645},"chest":{"posx":-0.399616253742743,"posy":2.3927604061544527,"posz":0.29455395865966494,"roty":9.267379604718371,"rotx":8.705026897929876},"sack":{"posx":-0.4970459007336653,"posy":3.009904997005928,"posz":0.9983619536213246,"roty":273.9842596922002,"rotx":11.44442594398821}}}