# This file was generated by Animated Java via MC-Build. It is not recommended to edit this file directly.
$data merge entity $(bone_nose) {transformation: [-0.9803f,0.0155f,0.1968f,0.0617f,0.1236f,0.8253f,0.551f,3.8255f,-0.1539f,0.5645f,-0.811f,0.3415f,0f,0f,0f,1f],start_interpolation: 0,interpolation_duration: 1}
$data merge entity $(bone_glowing_eye) {transformation: [-0.9803f,0.0155f,0.1968f,-0.0667f,0.1236f,0.8253f,0.551f,3.8776f,-0.1539f,0.5645f,-0.811f,0.3888f,0f,0f,0f,1f],start_interpolation: 0,interpolation_duration: 1}
$data merge entity $(bone_head) {transformation: [-0.9803f,0.0155f,0.1968f,0.0966f,0.1236f,0.8253f,0.551f,3.8268f,-0.1539f,0.5645f,-0.811f,0.12f,0f,0f,0f,1f],start_interpolation: 0,interpolation_duration: 1}
$data merge entity $(bone_leftthumb2) {transformation: [-0.4894f,0.8422f,0.2263f,-0.5333f,-0.5172f,-0.0714f,-0.8529f,3.1623f,-0.7021f,-0.5345f,0.4705f,1.022f,0f,0f,0f,1f],start_interpolation: 0,interpolation_duration: 1}
$data merge entity $(bone_leftthumb) {transformation: [-0.4894f,0.8422f,0.2263f,-0.3074f,-0.5172f,-0.0714f,-0.8529f,3.0719f,-0.7021f,-0.5345f,0.4705f,0.9311f,0f,0f,0f,1f],start_interpolation: 0,interpolation_duration: 1}
$data merge entity $(bone_leftpointerfinger) {transformation: [-0.748f,0.624f,0.2263f,-0.5196f,-0.4615f,-0.244f,-0.8529f,3.1119f,-0.477f,-0.7424f,0.4705f,1.2053f,0f,0f,0f,1f],start_interpolation: 0,interpolation_duration: 1}
$data merge entity $(bone_leftmidfinger) {transformation: [-0.4894f,0.8422f,0.2263f,-0.4842f,-0.5172f,-0.0714f,-0.8529f,2.9787f,-0.7021f,-0.5345f,0.4705f,1.2789f,0f,0f,0f,1f],start_interpolation: 0,interpolation_duration: 1}
$data merge entity $(bone_leftringfinger) {transformation: [-0.1299f,0.9654f,0.2263f,-0.4489f,-0.5051f,0.132f,-0.8529f,2.8454f,-0.8532f,-0.2251f,0.4705f,1.3524f,0f,0f,0f,1f],start_interpolation: 0,interpolation_duration: 1}
$data merge entity $(bone_invisibility) {transformation: [0.8587f,-0.152f,0.4894f,-0.5263f,-0.1455f,0.8434f,0.5172f,3.0338f,-0.4914f,-0.5153f,0.7021f,1.0005f,0f,0f,0f,1f],start_interpolation: 0,interpolation_duration: 1}
$data merge entity $(bone_swiftness) {transformation: [0.2263f,0.8422f,0.4894f,-0.6234f,-0.8529f,-0.0714f,0.5172f,2.8566f,0.4705f,-0.5345f,0.7021f,1.1245f,0f,0f,0f,1f],start_interpolation: 0,interpolation_duration: 1}
$data merge entity $(bone_suspicious_stew) {transformation: [0.8589f,0.1508f,0.4894f,-0.5234f,-0.4252f,0.7428f,0.5172f,2.8772f,-0.2856f,-0.6523f,0.7021f,1.1138f,0f,0f,0f,1f],start_interpolation: 0,interpolation_duration: 1}
$data merge entity $(bone_log) {transformation: [-0.4894f,0.8422f,0.2263f,-0.4534f,-0.5172f,-0.0714f,-0.8529f,2.7799f,-0.7021f,-0.5345f,0.4705f,1.0032f,0f,0f,0f,1f],start_interpolation: 0,interpolation_duration: 1}
$data merge entity $(bone_planks) {transformation: [-0.4894f,0.8422f,0.2263f,-0.4993f,-0.5172f,-0.0714f,-0.8529f,2.7314f,-0.7021f,-0.5345f,0.4705f,0.9374f,0f,0f,0f,1f],start_interpolation: 0,interpolation_duration: 1}
$data merge entity $(bone_lefthand1) {transformation: [-0.4894f,0.8422f,0.2263f,-0.1276f,-0.5172f,-0.0714f,-0.8529f,2.9179f,-0.7021f,-0.5345f,0.4705f,1.0304f,0f,0f,0f,1f],start_interpolation: 0,interpolation_duration: 1}
$data merge entity $(bone_leftforearm) {transformation: [-0.3411f,0.913f,0.2237f,0.496f,-0.4886f,0.0311f,-0.8719f,2.9062f,-0.8031f,-0.4067f,0.4355f,0.6713f,0f,0f,0f,1f],start_interpolation: 0,interpolation_duration: 1}
$data merge entity $(bone_leftelbow) {transformation: [-0.3411f,0.913f,0.2237f,0.6672f,-0.4886f,0.0311f,-0.8719f,2.912f,-0.8031f,-0.4067f,0.4355f,0.5951f,0f,0f,0f,1f],start_interpolation: 0,interpolation_duration: 1}
$data merge entity $(bone_leftarm) {transformation: [-0.7121f,0.6651f,0.2249f,0.8136f,0.1837f,0.4857f,-0.8546f,3.2867f,-0.6776f,-0.5673f,-0.468f,0.1823f,0f,0f,0f,1f],start_interpolation: 0,interpolation_duration: 1}
$data merge entity $(bone_rightthumb2) {transformation: [-0.1522f,-0.9368f,-0.3149f,-0.4217f,0.5005f,0.2017f,-0.8419f,3.0041f,0.8522f,-0.2858f,0.4382f,1.0864f,0f,0f,0f,1f],start_interpolation: 0,interpolation_duration: 1}
$data merge entity $(bone_rightthumb) {transformation: [-0.1522f,-0.9368f,-0.3149f,-0.6784f,0.5005f,0.2017f,-0.8419f,2.9816f,0.8522f,-0.2858f,0.4382f,1.0538f,0f,0f,0f,1f],start_interpolation: 0,interpolation_duration: 1}
$data merge entity $(bone_rightpointerfinger) {transformation: [-0.7516f,-0.6041f,-0.2648f,-0.548f,0.3335f,-0.0017f,-0.9428f,2.9648f,0.5691f,-0.7969f,0.2027f,1.3771f,0f,0f,0f,1f],start_interpolation: 0,interpolation_duration: 1}
$data merge entity $(bone_rightmidfinger) {transformation: [-0.824f,-0.5009f,-0.2648f,-0.5893f,0.3304f,-0.0452f,-0.9428f,2.8175f,0.4602f,-0.8644f,0.2027f,1.4088f,0f,0f,0f,1f],start_interpolation: 0,interpolation_duration: 1}
$data merge entity $(bone_rightringfinger) {transformation: [-0.8646f,-0.4271f,-0.2648f,-0.6307f,0.3252f,-0.0738f,-0.9428f,2.6701f,0.3831f,-0.9012f,0.2027f,1.4404f,0f,0f,0f,1f],start_interpolation: 0,interpolation_duration: 1}
$data merge entity $(bone_hugeasssword) {transformation: [-2.7264f,-2.6137f,-1.037f,-0.5358f,1.3016f,0.1072f,-3.6925f,2.7495f,2.4925f,-2.915f,0.794f,1.0854f,0f,0f,0f,1f],start_interpolation: 0,interpolation_duration: 1}
$data merge entity $(bone_ice) {transformation: [-0.6961f,-0.6673f,-0.2648f,-0.5145f,0.3323f,0.0274f,-0.9428f,2.7439f,0.6364f,-0.7443f,0.2027f,1.0871f,0f,0f,0f,1f],start_interpolation: 0,interpolation_duration: 1}
$data merge entity $(bone_righthand1) {transformation: [-0.6961f,-0.6673f,-0.2648f,-0.8637f,0.3323f,0.0274f,-0.9428f,2.8043f,0.6364f,-0.7443f,0.2027f,1.0664f,0f,0f,0f,1f],start_interpolation: 0,interpolation_duration: 1}
$data merge entity $(bone_rightforearm) {transformation: [-0.6302f,-0.4647f,-0.6219f,-1.1413f,0.5213f,0.3403f,-0.7826f,3.0232f,0.5753f,-0.8175f,0.0278f,0.4553f,0f,0f,0f,1f],start_interpolation: 0,interpolation_duration: 1}
$data merge entity $(bone_rightelbow) {transformation: [-0.6302f,-0.4647f,-0.6219f,-1.2285f,0.5213f,0.3403f,-0.7826f,3.087f,0.5753f,-0.8175f,0.0278f,0.302f,0f,0f,0f,1f],start_interpolation: 0,interpolation_duration: 1}
$data merge entity $(bone_rightarm) {transformation: [-0.8872f,0.3896f,-0.2471f,-0.792f,0.4442f,0.5765f,-0.6858f,3.3441f,-0.1247f,-0.7182f,-0.6845f,0.0292f,0f,0f,0f,1f],start_interpolation: 0,interpolation_duration: 1}
$data merge entity $(bone_chest1) {transformation: [-1.0688f,0.0403f,0.1725f,0.0829f,0.0667f,1.0688f,0.164f,3.1915f,-0.164f,0.1724f,-1.0569f,-0.0645f,0f,0f,0f,1f],start_interpolation: 0,interpolation_duration: 1}
$data merge entity $(bone_chest1lid) {transformation: [-0.9865f,0.1096f,0.1213f,-0.3416f,0.0616f,0.9364f,-0.3455f,2.4791f,-0.1514f,-0.3334f,-0.9306f,0.1568f,0f,0f,0f,1f],start_interpolation: 0,interpolation_duration: 1}
$data merge entity $(bone_chest2) {transformation: [-0.9865f,0.0372f,0.1592f,-0.3474f,0.0616f,0.9866f,0.1513f,2.3249f,-0.1514f,0.1591f,-0.9756f,0.1319f,0f,0f,0f,1f],start_interpolation: 0,interpolation_duration: 1}
$data merge entity $(bone_chest1lid3) {transformation: [-0.9865f,0.0372f,0.1592f,-0.178f,0.0616f,0.9866f,0.1513f,2.5722f,-0.1514f,0.1591f,-0.9756f,-0.4587f,0f,0f,0f,1f],start_interpolation: 0,interpolation_duration: 1}
$data merge entity $(bone_chest3) {transformation: [-0.9865f,0.0372f,0.1592f,-0.1838f,0.0616f,0.9866f,0.1513f,2.418f,-0.1514f,0.1591f,-0.9756f,-0.4836f,0f,0f,0f,1f],start_interpolation: 0,interpolation_duration: 1}
$data merge entity $(bone_hugeasssword2) {transformation: [-0.6235f,2.9471f,-2.5032f,-1.0473f,-0.5928f,2.4327f,3.0118f,4.4522f,3.821f,0.8583f,0.0588f,-0.3249f,0f,0f,0f,1f],start_interpolation: 0,interpolation_duration: 1}
$data merge entity $(bone_belt) {transformation: [-0.9865f,0.0372f,0.1592f,0.0789f,0.0616f,0.9866f,0.1513f,2.7768f,-0.1514f,0.1591f,-0.9756f,0.0047f,0f,0f,0f,1f],start_interpolation: 0,interpolation_duration: 1}
$data merge entity $(bone_torn_part) {transformation: [-0.9865f,-0.0542f,0.1542f,-0.0551f,0.0616f,0.7507f,0.6577f,2.5124f,-0.1514f,0.6584f,-0.7373f,-0.0454f,0f,0f,0f,1f],start_interpolation: 0,interpolation_duration: 1}
$data merge entity $(bone_lowerbody) {transformation: [-0.9865f,0.0576f,0.153f,-0.0084f,0.0616f,0.9979f,0.0213f,2.0162f,-0.1514f,0.0304f,-0.988f,0.0935f,0f,0f,0f,1f],start_interpolation: 0,interpolation_duration: 1}
$data merge entity $(bone_leftfoot) {transformation: [-0.9417f,-0.2579f,0.2161f,0.2799f,-0.2455f,0.9659f,0.0829f,0.1607f,-0.2301f,0.025f,-0.9728f,0.5636f,0f,0f,0f,1f],start_interpolation: 0,interpolation_duration: 1}
$data merge entity $(bone_leftlowerleg) {transformation: [-0.9417f,-0.2757f,0.1928f,-0.0557f,-0.2455f,0.955f,0.1667f,1.1945f,-0.2301f,0.1097f,-0.967f,0.8338f,0f,0f,0f,1f],start_interpolation: 0,interpolation_duration: 1}
$data merge entity $(bone_leftleg) {transformation: [-0.9472f,0.1101f,0.3013f,0.0358f,-0.1046f,0.7819f,-0.6145f,1.8488f,-0.3033f,-0.6136f,-0.7291f,0.2753f,0f,0f,0f,1f],start_interpolation: 0,interpolation_duration: 1}
$data merge entity $(bone_rightfoot) {transformation: [-0.5946f,0.038f,0.8031f,-0.2776f,0.1722f,0.9817f,0.081f,0.1991f,-0.7854f,0.1864f,-0.5903f,-0.3379f,0f,0f,0f,1f],start_interpolation: 0,interpolation_duration: 1}
$data merge entity $(bone_rightlowerleg) {transformation: [-0.5946f,-0.2053f,0.7774f,-0.6248f,0.1722f,0.9119f,0.3725f,1.1535f,-0.7854f,0.3553f,-0.5069f,0.1341f,0f,0f,0f,1f],start_interpolation: 0,interpolation_duration: 1}
$data merge entity $(bone_rightleg) {transformation: [-0.6211f,0.3551f,0.6987f,-0.3081f,0.0334f,0.9027f,-0.4291f,1.9648f,-0.783f,-0.2431f,-0.5725f,-0.0649f,0f,0f,0f,1f],start_interpolation: 0,interpolation_duration: 1}
$data merge entity $(bone_sack_top) {transformation: [0.0106f,0.1781f,-0.2539f,-0.5284f,0.1292f,0.7308f,0.0515f,2.7171f,0.225f,-0.4281f,-0.0177f,1.209f,0f,0f,0f,1f],start_interpolation: 0,interpolation_duration: 1}
$data merge entity $(bone_sack_main) {transformation: [0.0122f,0.0828f,-0.3324f,-0.5284f,0.1492f,0.3396f,0.0675f,2.7171f,0.2597f,-0.1989f,-0.0232f,1.209f,0f,0f,0f,1f],start_interpolation: 0,interpolation_duration: 1}
data modify entity @s data merge value {"cameras":{},"locators":{"lefthand":{"posx":-0.4768276758182994,"posy":2.8472388806970814,"posz":1.1034439799146523,"roty":154.31432914746523,"rotx":-58.52977800128651},"sword":{"posx":0.4110929233538334,"posy":6.265755312277462,"posz":0.40767958086559286,"roty":232.56061097647506,"rotx":-70.52120460914911},"righthand":{"posx":-0.565226507316831,"posy":2.7893095031142505,"posz":1.15519623970769,"roty":232.56061097647506,"rotx":-70.52120460914911},"chest":{"posx":-0.399616253742743,"posy":2.3956762831044456,"posz":0.29455395865966494,"roty":9.267379604718371,"rotx":8.705026897929876},"sack":{"posx":-0.4638406580026538,"posy":2.9642621374316778,"posz":1.001630152145128,"roty":273.9842596922002,"rotx":11.44442594398821}}}