# This file was generated by Animated Java via MC-Build. It is not recommended to edit this file directly.
$data merge entity $(bone_nose) {transformation: [-0.9789f,0.0107f,0.2039f,0.0598f,0.1265f,0.8157f,0.5644f,3.8231f,-0.1603f,0.5783f,-0.7999f,0.3412f,0f,0f,0f,1f],start_interpolation: 0,interpolation_duration: 1}
$data merge entity $(bone_glowing_eye) {transformation: [-0.9789f,0.0107f,0.2039f,-0.069f,0.1265f,0.8157f,0.5644f,3.8744f,-0.1603f,0.5783f,-0.7999f,0.3882f,0f,0f,0f,1f],start_interpolation: 0,interpolation_duration: 1}
$data merge entity $(bone_head) {transformation: [-0.9789f,0.0107f,0.2039f,0.0966f,0.1265f,0.8157f,0.5644f,3.8281f,-0.1603f,0.5783f,-0.7999f,0.12f,0f,0f,0f,1f],start_interpolation: 0,interpolation_duration: 1}
$data merge entity $(bone_leftthumb2) {transformation: [-0.4288f,0.8664f,0.2558f,-0.553f,-0.5698f,-0.0396f,-0.8209f,3.0943f,-0.7011f,-0.4978f,0.5106f,0.9569f,0f,0f,0f,1f],start_interpolation: 0,interpolation_duration: 1}
$data merge entity $(bone_leftthumb) {transformation: [-0.4288f,0.8664f,0.2558f,-0.3187f,-0.5698f,-0.0396f,-0.8209f,3.0145f,-0.7011f,-0.4978f,0.5106f,0.8784f,0f,0f,0f,1f],start_interpolation: 0,interpolation_duration: 1}
$data merge entity $(bone_leftpointerfinger) {transformation: [-0.6993f,0.6675f,0.2558f,-0.5441f,-0.5218f,-0.2321f,-0.8209f,3.0513f,-0.4885f,-0.7075f,0.5106f,1.1424f,0f,0f,0f,1f],start_interpolation: 0,interpolation_duration: 1}
$data merge entity $(bone_leftmidfinger) {transformation: [-0.4288f,0.8664f,0.2558f,-0.5041f,-0.5698f,-0.0396f,-0.8209f,2.9231f,-0.7011f,-0.4978f,0.5106f,1.2221f,0f,0f,0f,1f],start_interpolation: 0,interpolation_duration: 1}
$data merge entity $(bone_leftringfinger) {transformation: [-0.0646f,0.9646f,0.2558f,-0.4641f,-0.5416f,0.1814f,-0.8209f,2.7948f,-0.8382f,-0.1916f,0.5106f,1.3019f,0f,0f,0f,1f],start_interpolation: 0,interpolation_duration: 1}
$data merge entity $(bone_invisibility) {transformation: [0.8854f,-0.1793f,0.4288f,-0.5377f,-0.111f,0.8143f,0.5698f,2.9658f,-0.4514f,-0.5521f,0.7011f,0.9405f,0f,0f,0f,1f],start_interpolation: 0,interpolation_duration: 1}
$data merge entity $(bone_swiftness) {transformation: [0.2558f,0.8664f,0.4288f,-0.6294f,-0.8209f,-0.0396f,0.5698f,2.7876f,0.5106f,-0.4978f,0.7011f,1.0671f,0f,0f,0f,1f],start_interpolation: 0,interpolation_duration: 1}
$data merge entity $(bone_suspicious_stew) {transformation: [0.8933f,0.1343f,0.4288f,-0.5303f,-0.3828f,0.7272f,0.5698f,2.8137f,-0.2353f,-0.6732f,0.7011f,1.0596f,0f,0f,0f,1f],start_interpolation: 0,interpolation_duration: 1}
$data merge entity $(bone_log) {transformation: [-0.4288f,0.8664f,0.2558f,-0.4502f,-0.5698f,-0.0396f,-0.8209f,2.7169f,-0.7011f,-0.4978f,0.5106f,0.9556f,0f,0f,0f,1f],start_interpolation: 0,interpolation_duration: 1}
$data merge entity $(bone_planks) {transformation: [-0.4288f,0.8664f,0.2558f,-0.4905f,-0.5698f,-0.0396f,-0.8209f,2.6635f,-0.7011f,-0.4978f,0.5106f,0.8899f,0f,0f,0f,1f],start_interpolation: 0,interpolation_duration: 1}
$data merge entity $(bone_lefthand1) {transformation: [-0.4288f,0.8664f,0.2558f,-0.1344f,-0.5698f,-0.0396f,-0.8209f,2.8751f,-0.7011f,-0.4978f,0.5106f,0.9905f,0f,0f,0f,1f],start_interpolation: 0,interpolation_duration: 1}
$data merge entity $(bone_leftforearm) {transformation: [-0.2783f,0.9258f,0.2558f,0.5032f,-0.536f,0.0713f,-0.8412f,2.888f,-0.797f,-0.3713f,0.4763f,0.6569f,0f,0f,0f,1f],start_interpolation: 0,interpolation_duration: 1}
$data merge entity $(bone_leftelbow) {transformation: [-0.2783f,0.9258f,0.2558f,0.6768f,-0.536f,0.0713f,-0.8412f,2.9014f,-0.797f,-0.3713f,0.4763f,0.5873f,0f,0f,0f,1f],start_interpolation: 0,interpolation_duration: 1}
$data merge entity $(bone_leftarm) {transformation: [-0.7156f,0.6526f,0.2492f,0.8136f,0.1773f,0.5147f,-0.8388f,3.2879f,-0.6757f,-0.556f,-0.484f,0.1823f,0f,0f,0f,1f],start_interpolation: 0,interpolation_duration: 1}
$data merge entity $(bone_rightthumb2) {transformation: [-0.1331f,-0.9442f,-0.3013f,-0.4099f,0.4564f,0.2115f,-0.8643f,2.961f,0.8798f,-0.2526f,0.4028f,1.0406f,0f,0f,0f,1f],start_interpolation: 0,interpolation_duration: 1}
$data merge entity $(bone_rightthumb) {transformation: [-0.1331f,-0.9442f,-0.3013f,-0.6672f,0.4564f,0.2115f,-0.8643f,2.939f,0.8798f,-0.2526f,0.4028f,1.013f,0f,0f,0f,1f],start_interpolation: 0,interpolation_duration: 1}
$data merge entity $(bone_rightpointerfinger) {transformation: [-0.7386f,-0.6233f,-0.2566f,-0.5289f,0.3011f,0.0356f,-0.9529f,2.9066f,0.6031f,-0.7811f,0.1614f,1.3319f,0f,0f,0f,1f],start_interpolation: 0,interpolation_duration: 1}
$data merge entity $(bone_rightmidfinger) {transformation: [-0.8137f,-0.5216f,-0.2566f,-0.569f,0.3031f,-0.004f,-0.9529f,2.7577f,0.496f,-0.8532f,0.1614f,1.3571f,0f,0f,0f,1f],start_interpolation: 0,interpolation_duration: 1}
$data merge entity $(bone_rightringfinger) {transformation: [-0.856f,-0.4487f,-0.2566f,-0.6091f,0.3016f,-0.0304f,-0.9529f,2.6088f,0.4198f,-0.8932f,0.1614f,1.3823f,0f,0f,0f,1f],start_interpolation: 0,interpolation_duration: 1}
$data merge entity $(bone_hugeasssword) {transformation: [-2.6692f,-2.6843f,-1.0052f,-0.5232f,1.1625f,0.2416f,-3.7323f,2.7062f,2.6199f,-2.8419f,0.6321f,1.0295f,0f,0f,0f,1f],start_interpolation: 0,interpolation_duration: 1}
$data merge entity $(bone_ice) {transformation: [-0.6815f,-0.6853f,-0.2566f,-0.5018f,0.2968f,0.0617f,-0.9529f,2.7006f,0.6689f,-0.7256f,0.1614f,1.0304f,0f,0f,0f,1f],start_interpolation: 0,interpolation_duration: 1}
$data merge entity $(bone_righthand1) {transformation: [-0.6815f,-0.6853f,-0.2566f,-0.8516f,0.2968f,0.0617f,-0.9529f,2.7605f,0.6689f,-0.7256f,0.1614f,1.0212f,0f,0f,0f,1f],start_interpolation: 0,interpolation_duration: 1}
$data merge entity $(bone_rightforearm) {transformation: [-0.6178f,-0.4856f,-0.6185f,-1.1447f,0.4889f,0.3788f,-0.7858f,3.0085f,0.6159f,-0.7878f,0.0034f,0.4287f,0f,0f,0f,1f],start_interpolation: 0,interpolation_duration: 1}
$data merge entity $(bone_rightelbow) {transformation: [-0.6178f,-0.4856f,-0.6185f,-1.2358f,0.4889f,0.3788f,-0.7858f,3.0796f,0.6159f,-0.7878f,0.0034f,0.281f,0f,0f,0f,1f],start_interpolation: 0,interpolation_duration: 1}
$data merge entity $(bone_rightarm) {transformation: [-0.8819f,0.4086f,-0.2351f,-0.792f,0.4544f,0.6041f,-0.6547f,3.3454f,-0.1254f,-0.6842f,-0.7184f,0.0292f,0f,0f,0f,1f],start_interpolation: 0,interpolation_duration: 1}
$data merge entity $(bone_chest1) {transformation: [-1.0688f,0.0403f,0.1725f,0.0829f,0.0667f,1.0688f,0.164f,3.1928f,-0.164f,0.1724f,-1.0569f,-0.0645f,0f,0f,0f,1f],start_interpolation: 0,interpolation_duration: 1}
$data merge entity $(bone_chest1lid) {transformation: [-0.9865f,0.1328f,0.0953f,-0.3416f,0.0616f,0.8422f,-0.5357f,2.4803f,-0.1514f,-0.5226f,-0.839f,0.1568f,0f,0f,0f,1f],start_interpolation: 0,interpolation_duration: 1}
$data merge entity $(bone_chest2) {transformation: [-0.9865f,0.0372f,0.1592f,-0.3474f,0.0616f,0.9866f,0.1513f,2.3261f,-0.1514f,0.1591f,-0.9756f,0.1319f,0f,0f,0f,1f],start_interpolation: 0,interpolation_duration: 1}
$data merge entity $(bone_chest1lid3) {transformation: [-0.9865f,0.0372f,0.1592f,-0.178f,0.0616f,0.9866f,0.1513f,2.5734f,-0.1514f,0.1591f,-0.9756f,-0.4587f,0f,0f,0f,1f],start_interpolation: 0,interpolation_duration: 1}
$data merge entity $(bone_chest3) {transformation: [-0.9865f,0.0372f,0.1592f,-0.1838f,0.0616f,0.9866f,0.1513f,2.4193f,-0.1514f,0.1591f,-0.9756f,-0.4836f,0f,0f,0f,1f],start_interpolation: 0,interpolation_duration: 1}
$data merge entity $(bone_hugeasssword2) {transformation: [-0.6235f,2.9471f,-2.5032f,-1.0473f,-0.5928f,2.4327f,3.0118f,4.4534f,3.821f,0.8583f,0.0588f,-0.3249f,0f,0f,0f,1f],start_interpolation: 0,interpolation_duration: 1}
$data merge entity $(bone_belt) {transformation: [-0.9865f,0.0372f,0.1592f,0.0789f,0.0616f,0.9866f,0.1513f,2.778f,-0.1514f,0.1591f,-0.9756f,0.0047f,0f,0f,0f,1f],start_interpolation: 0,interpolation_duration: 1}
$data merge entity $(bone_torn_part) {transformation: [-0.9865f,-0.0542f,0.1542f,-0.0551f,0.0616f,0.7507f,0.6577f,2.5137f,-0.1514f,0.6584f,-0.7373f,-0.0454f,0f,0f,0f,1f],start_interpolation: 0,interpolation_duration: 1}
$data merge entity $(bone_lowerbody) {transformation: [-0.9865f,0.0576f,0.153f,-0.0084f,0.0616f,0.9979f,0.0213f,2.0174f,-0.1514f,0.0304f,-0.988f,0.0935f,0f,0f,0f,1f],start_interpolation: 0,interpolation_duration: 1}
$data merge entity $(bone_leftfoot) {transformation: [-0.9417f,-0.2579f,0.2161f,0.2799f,-0.2455f,0.9659f,0.0829f,0.162f,-0.2301f,0.025f,-0.9728f,0.5636f,0f,0f,0f,1f],start_interpolation: 0,interpolation_duration: 1}
$data merge entity $(bone_leftlowerleg) {transformation: [-0.9417f,-0.2757f,0.1928f,-0.0557f,-0.2455f,0.955f,0.1667f,1.1957f,-0.2301f,0.1097f,-0.967f,0.8338f,0f,0f,0f,1f],start_interpolation: 0,interpolation_duration: 1}
$data merge entity $(bone_leftleg) {transformation: [-0.9472f,0.1101f,0.3013f,0.0358f,-0.1046f,0.7819f,-0.6145f,1.85f,-0.3033f,-0.6136f,-0.7291f,0.2753f,0f,0f,0f,1f],start_interpolation: 0,interpolation_duration: 1}
$data merge entity $(bone_rightfoot) {transformation: [-0.5946f,0.038f,0.8031f,-0.2776f,0.1722f,0.9817f,0.081f,0.2003f,-0.7854f,0.1864f,-0.5903f,-0.3379f,0f,0f,0f,1f],start_interpolation: 0,interpolation_duration: 1}
$data merge entity $(bone_rightlowerleg) {transformation: [-0.5946f,-0.2053f,0.7774f,-0.6248f,0.1722f,0.9119f,0.3725f,1.1548f,-0.7854f,0.3553f,-0.5069f,0.1341f,0f,0f,0f,1f],start_interpolation: 0,interpolation_duration: 1}
$data merge entity $(bone_rightleg) {transformation: [-0.6211f,0.3551f,0.6987f,-0.3081f,0.0334f,0.9027f,-0.4291f,1.966f,-0.783f,-0.2431f,-0.5725f,-0.0649f,0f,0f,0f,1f],start_interpolation: 0,interpolation_duration: 1}
$data merge entity $(bone_sack_top) {transformation: [0.0094f,0.159f,-0.2265f,-0.5058f,0.1153f,0.6522f,0.046f,2.6766f,0.2008f,-0.382f,-0.0158f,1.151f,0f,0f,0f,1f],start_interpolation: 0,interpolation_duration: 1}
$data merge entity $(bone_sack_main) {transformation: [0.0103f,0.068f,-0.2774f,-0.5058f,0.1262f,0.279f,0.0563f,2.6766f,0.2198f,-0.1634f,-0.0193f,1.151f,0f,0f,0f,1f],start_interpolation: 0,interpolation_duration: 1}
data modify entity @s data merge value {"cameras":{},"locators":{"lefthand":{"posx":-0.48173203702094236,"posy":2.786239407816209,"posz":1.052215177460847,"roty":153.390613573313,"rotx":-55.17084503581329},"sword":{"posx":0.3953485279558634,"posy":6.256354008671153,"posz":0.5068019524697689,"roty":237.8374028824331,"rotx":-72.35238177155126},"righthand":{"posx":-0.5510077786936194,"posy":2.7423912965935116,"posz":1.1018919028072771,"roty":237.8374028824331,"rotx":-72.35238177155126},"chest":{"posx":-0.399616253742743,"posy":2.3969155308081924,"posz":0.29455395865966494,"roty":9.267379604718371,"rotx":8.705026897929876},"sack":{"posx":-0.44813725898667867,"posy":2.897177529788891,"posz":0.965920669461811,"roty":273.9842596922002,"rotx":11.44442594398821}}}