# This file was generated by Animated Java via MC-Build. It is not recommended to edit this file directly.
$data merge entity $(bone_nose) {transformation: [-0.9774f,0.0094f,0.2111f,0.0582f,0.1294f,0.8165f,0.5626f,3.8218f,-0.1671f,0.5773f,-0.7993f,0.3409f,0f,0f,0f,1f],start_interpolation: 0,interpolation_duration: 1}
$data merge entity $(bone_glowing_eye) {transformation: [-0.9774f,0.0094f,0.2111f,-0.0707f,0.1294f,0.8165f,0.5626f,3.8737f,-0.1671f,0.5773f,-0.7993f,0.387f,0f,0f,0f,1f],start_interpolation: 0,interpolation_duration: 1}
$data merge entity $(bone_head) {transformation: [-0.9774f,0.0094f,0.2111f,0.0966f,0.1294f,0.8165f,0.5626f,3.8264f,-0.1671f,0.5773f,-0.7993f,0.12f,0f,0f,0f,1f],start_interpolation: 0,interpolation_duration: 1}
$data merge entity $(bone_leftthumb2) {transformation: [-0.3009f,0.9042f,0.3031f,-0.5717f,-0.6512f,0.0374f,-0.758f,2.9415f,-0.6967f,-0.4255f,0.5776f,0.831f,0f,0f,0f,1f],start_interpolation: 0,interpolation_duration: 1}
$data merge entity $(bone_leftthumb) {transformation: [-0.3009f,0.9042f,0.3031f,-0.324f,-0.6512f,0.0374f,-0.758f,2.8859f,-0.6967f,-0.4255f,0.5776f,0.776f,0f,0f,0f,1f],start_interpolation: 0,interpolation_duration: 1}
$data merge entity $(bone_leftpointerfinger) {transformation: [-0.592f,0.7468f,0.3031f,-0.5736f,-0.6248f,-0.1876f,-0.758f,2.9093f,-0.5092f,-0.6381f,0.5776f,1.0189f,0f,0f,0f,1f],start_interpolation: 0,interpolation_duration: 1}
$data merge entity $(bone_leftmidfinger) {transformation: [-0.3009f,0.9042f,0.3031f,-0.5262f,-0.6512f,0.0374f,-0.758f,2.7909f,-0.6967f,-0.4255f,0.5776f,1.1091f,0f,0f,0f,1f],start_interpolation: 0,interpolation_duration: 1}
$data merge entity $(bone_leftringfinger) {transformation: [0.0681f,0.9505f,0.3031f,-0.4788f,-0.5873f,0.2838f,-0.758f,2.6724f,-0.8065f,-0.1265f,0.5776f,1.1994f,0f,0f,0f,1f],start_interpolation: 0,interpolation_duration: 1}
$data merge entity $(bone_invisibility) {transformation: [0.9272f,-0.2232f,0.3009f,-0.5406f,-0.0288f,0.7583f,0.6512f,2.815f,-0.3735f,-0.6125f,0.6967f,0.8237f,0f,0f,0f,1f],start_interpolation: 0,interpolation_duration: 1}
$data merge entity $(bone_swiftness) {transformation: [0.3031f,0.9042f,0.3009f,-0.6218f,-0.758f,0.0374f,0.6512f,2.6339f,0.5776f,-0.4255f,0.6967f,0.9533f,0f,0f,0f,1f],start_interpolation: 0,interpolation_duration: 1}
$data merge entity $(bone_suspicious_stew) {transformation: [0.9476f,0.1074f,0.3009f,-0.5261f,-0.2864f,0.7028f,0.6512f,2.6711f,-0.1415f,-0.7033f,0.6967f,0.9519f,0f,0f,0f,1f],start_interpolation: 0,interpolation_duration: 1}
$data merge entity $(bone_log) {transformation: [-0.3009f,0.9042f,0.3031f,-0.4271f,-0.6512f,0.0374f,-0.758f,2.5792f,-0.6967f,-0.4255f,0.5776f,0.8605f,0f,0f,0f,1f],start_interpolation: 0,interpolation_duration: 1}
$data merge entity $(bone_planks) {transformation: [-0.3009f,0.9042f,0.3031f,-0.4553f,-0.6512f,0.0374f,-0.758f,2.5181f,-0.6967f,-0.4255f,0.5776f,0.7952f,0f,0f,0f,1f],start_interpolation: 0,interpolation_duration: 1}
$data merge entity $(bone_lefthand1) {transformation: [-0.3009f,0.9042f,0.3031f,-0.1353f,-0.6512f,0.0374f,-0.758f,2.775f,-0.6967f,-0.4255f,0.5776f,0.9102f,0f,0f,0f,1f],start_interpolation: 0,interpolation_duration: 1}
$data merge entity $(bone_leftforearm) {transformation: [-0.1476f,0.9397f,0.3084f,0.5226f,-0.6049f,0.1609f,-0.7799f,2.846f,-0.7825f,-0.3017f,0.5447f,0.6272f,0f,0f,0f,1f],start_interpolation: 0,interpolation_duration: 1}
$data merge entity $(bone_leftelbow) {transformation: [-0.1476f,0.9397f,0.3084f,0.6988f,-0.6049f,0.1609f,-0.7799f,2.8762f,-0.7825f,-0.3017f,0.5447f,0.5707f,0f,0f,0f,1f],start_interpolation: 0,interpolation_duration: 1}
$data merge entity $(bone_leftarm) {transformation: [-0.7243f,0.6225f,0.2964f,0.8136f,0.1643f,0.5734f,-0.8026f,3.2863f,-0.6696f,-0.5326f,-0.5176f,0.1823f,0f,0f,0f,1f],start_interpolation: 0,interpolation_duration: 1}
$data merge entity $(bone_rightthumb2) {transformation: [-0.1062f,-0.9561f,-0.2731f,-0.3926f,0.3649f,0.218f,-0.9051f,2.8838f,0.925f,-0.1958f,0.3258f,0.9501f,0f,0f,0f,1f],start_interpolation: 0,interpolation_duration: 1}
$data merge entity $(bone_rightthumb) {transformation: [-0.1062f,-0.9561f,-0.2731f,-0.6505f,0.3649f,0.218f,-0.9051f,2.8599f,0.925f,-0.1958f,0.3258f,0.93f,0f,0f,0f,1f],start_interpolation: 0,interpolation_duration: 1}
$data merge entity $(bone_rightpointerfinger) {transformation: [-0.7195f,-0.6531f,-0.2363f,-0.4996f,0.2265f,0.101f,-0.9687f,2.7988f,0.6565f,-0.7505f,0.0753f,1.2387f,0f,0f,0f,1f],start_interpolation: 0,interpolation_duration: 1}
$data merge entity $(bone_rightmidfinger) {transformation: [-0.7986f,-0.5536f,-0.2363f,-0.5366f,0.2378f,0.0706f,-0.9687f,2.6474f,0.5529f,-0.8298f,0.0753f,1.2505f,0f,0f,0f,1f],start_interpolation: 0,interpolation_duration: 1}
$data merge entity $(bone_rightringfinger) {transformation: [-0.8438f,-0.4819f,-0.2363f,-0.5735f,0.243f,0.0496f,-0.9687f,2.496f,0.4785f,-0.8748f,0.0753f,1.2623f,0f,0f,0f,1f],start_interpolation: 0,interpolation_duration: 1}
$data merge entity $(bone_hugeasssword) {transformation: [-2.5843f,-2.7937f,-0.9257f,-0.5025f,0.8495f,0.4714f,-3.7943f,2.6294f,2.8178f,-2.7043f,0.2949f,0.918f,0f,0f,0f,1f],start_interpolation: 0,interpolation_duration: 1}
$data merge entity $(bone_ice) {transformation: [-0.6598f,-0.7133f,-0.2363f,-0.4811f,0.2169f,0.1204f,-0.9687f,2.6241f,0.7194f,-0.6905f,0.0753f,0.9175f,0f,0f,0f,1f],start_interpolation: 0,interpolation_duration: 1}
$data merge entity $(bone_righthand1) {transformation: [-0.6598f,-0.7133f,-0.2363f,-0.8317f,0.2169f,0.1204f,-0.9687f,2.6781f,0.7194f,-0.6905f,0.0753f,0.9271f,0f,0f,0f,1f],start_interpolation: 0,interpolation_duration: 1}
$data merge entity $(bone_rightforearm) {transformation: [-0.601f,-0.5207f,-0.6064f,-1.1508f,0.4144f,0.4457f,-0.7935f,2.978f,0.6834f,-0.7282f,-0.052f,0.3732f,0f,0f,0f,1f],start_interpolation: 0,interpolation_duration: 1}
$data merge entity $(bone_rightelbow) {transformation: [-0.601f,-0.5207f,-0.6064f,-1.2485f,0.4144f,0.4457f,-0.7935f,3.0615f,0.6834f,-0.7282f,-0.052f,0.2367f,0f,0f,0f,1f],start_interpolation: 0,interpolation_duration: 1}
$data merge entity $(bone_rightarm) {transformation: [-0.8726f,0.4432f,-0.2052f,-0.792f,0.4719f,0.6566f,-0.5885f,3.3437f,-0.1261f,-0.6103f,-0.7821f,0.0292f,0f,0f,0f,1f],start_interpolation: 0,interpolation_duration: 1}
$data merge entity $(bone_chest1) {transformation: [-1.0688f,0.0403f,0.1725f,0.0829f,0.0667f,1.0688f,0.164f,3.1911f,-0.164f,0.1724f,-1.0569f,-0.0645f,0f,0f,0f,1f],start_interpolation: 0,interpolation_duration: 1}
$data merge entity $(bone_chest1lid) {transformation: [-0.9865f,0.1561f,0.0485f,-0.3416f,0.0616f,0.63f,-0.7742f,2.4786f,-0.1514f,-0.7608f,-0.6311f,0.1568f,0f,0f,0f,1f],start_interpolation: 0,interpolation_duration: 1}
$data merge entity $(bone_chest2) {transformation: [-0.9865f,0.0372f,0.1592f,-0.3474f,0.0616f,0.9866f,0.1513f,2.3245f,-0.1514f,0.1591f,-0.9756f,0.1319f,0f,0f,0f,1f],start_interpolation: 0,interpolation_duration: 1}
$data merge entity $(bone_chest1lid3) {transformation: [-0.9865f,0.0372f,0.1592f,-0.178f,0.0616f,0.9866f,0.1513f,2.5717f,-0.1514f,0.1591f,-0.9756f,-0.4587f,0f,0f,0f,1f],start_interpolation: 0,interpolation_duration: 1}
$data merge entity $(bone_chest3) {transformation: [-0.9865f,0.0372f,0.1592f,-0.1838f,0.0616f,0.9866f,0.1513f,2.4176f,-0.1514f,0.1591f,-0.9756f,-0.4836f,0f,0f,0f,1f],start_interpolation: 0,interpolation_duration: 1}
$data merge entity $(bone_hugeasssword2) {transformation: [-0.6235f,2.9471f,-2.5032f,-1.0473f,-0.5928f,2.4327f,3.0118f,4.4518f,3.821f,0.8583f,0.0588f,-0.3249f,0f,0f,0f,1f],start_interpolation: 0,interpolation_duration: 1}
$data merge entity $(bone_belt) {transformation: [-0.9865f,0.0372f,0.1592f,0.0789f,0.0616f,0.9866f,0.1513f,2.7763f,-0.1514f,0.1591f,-0.9756f,0.0047f,0f,0f,0f,1f],start_interpolation: 0,interpolation_duration: 1}
$data merge entity $(bone_torn_part) {transformation: [-0.9865f,-0.0542f,0.1542f,-0.0551f,0.0616f,0.7507f,0.6577f,2.512f,-0.1514f,0.6584f,-0.7373f,-0.0454f,0f,0f,0f,1f],start_interpolation: 0,interpolation_duration: 1}
$data merge entity $(bone_lowerbody) {transformation: [-0.9865f,0.0576f,0.153f,-0.0084f,0.0616f,0.9979f,0.0213f,2.0158f,-0.1514f,0.0304f,-0.988f,0.0935f,0f,0f,0f,1f],start_interpolation: 0,interpolation_duration: 1}
$data merge entity $(bone_leftfoot) {transformation: [-0.9417f,-0.2579f,0.2161f,0.2799f,-0.2455f,0.9659f,0.0829f,0.1603f,-0.2301f,0.025f,-0.9728f,0.5636f,0f,0f,0f,1f],start_interpolation: 0,interpolation_duration: 1}
$data merge entity $(bone_leftlowerleg) {transformation: [-0.9417f,-0.2757f,0.1928f,-0.0557f,-0.2455f,0.955f,0.1667f,1.1941f,-0.2301f,0.1097f,-0.967f,0.8338f,0f,0f,0f,1f],start_interpolation: 0,interpolation_duration: 1}
$data merge entity $(bone_leftleg) {transformation: [-0.9472f,0.1101f,0.3013f,0.0358f,-0.1046f,0.7819f,-0.6145f,1.8483f,-0.3033f,-0.6136f,-0.7291f,0.2753f,0f,0f,0f,1f],start_interpolation: 0,interpolation_duration: 1}
$data merge entity $(bone_rightfoot) {transformation: [-0.5946f,0.038f,0.8031f,-0.2776f,0.1722f,0.9817f,0.081f,0.1986f,-0.7854f,0.1864f,-0.5903f,-0.3379f,0f,0f,0f,1f],start_interpolation: 0,interpolation_duration: 1}
$data merge entity $(bone_rightlowerleg) {transformation: [-0.5946f,-0.2053f,0.7774f,-0.6248f,0.1722f,0.9119f,0.3725f,1.1531f,-0.7854f,0.3553f,-0.5069f,0.1341f,0f,0f,0f,1f],start_interpolation: 0,interpolation_duration: 1}
$data merge entity $(bone_rightleg) {transformation: [-0.6211f,0.3551f,0.6987f,-0.3081f,0.0334f,0.9027f,-0.4291f,1.9644f,-0.783f,-0.2431f,-0.5725f,-0.0649f,0f,0f,0f,1f],start_interpolation: 0,interpolation_duration: 1}
$data merge entity $(bone_sack_top) {transformation: [0.0068f,0.1146f,-0.1633f,-0.5313f,0.0831f,0.4701f,0.0331f,2.544f,0.1447f,-0.2754f,-0.0114f,0.938f,0f,0f,0f,1f],start_interpolation: 0,interpolation_duration: 1}
$data merge entity $(bone_sack_main) {transformation: [0.0067f,0.0412f,-0.1741f,-0.5313f,0.0817f,0.1689f,0.0353f,2.544f,0.1423f,-0.0989f,-0.0121f,0.938f,0f,0f,0f,1f],start_interpolation: 0,interpolation_duration: 1}
data modify entity @s data merge value {"cameras":{},"locators":{"lefthand":{"posx":-0.47425940128976607,"posy":2.6491541842127364,"posz":0.9500124810104672,"roty":152.30672950799195,"rotx":-49.28462848377735},"sword":{"posx":0.34342563826524497,"posy":6.229957343419593,"posz":0.7169700570425652,"roty":252.33101552263162,"rotx":-75.63848808031491},"righthand":{"posx":-0.5280713681032901,"posy":2.6576917241148874,"posz":0.9945805089788213,"roty":252.33101552263162,"rotx":-75.63848808031491},"chest":{"posx":-0.399616253742743,"posy":2.3952389015619464,"posz":0.29455395865966494,"roty":9.267379604718371,"rotx":8.705026897929876},"sack":{"posx":-0.48970180827736287,"posy":2.7029539635929645,"posz":0.8046087948163433,"roty":273.9842596922002,"rotx":11.44442594398821}}}