# This file was generated by Animated Java via MC-Build. It is not recommended to edit this file directly.
$data merge entity $(bone_nose) {transformation: [-0.9802f,0.019f,0.1969f,0.0621f,0.1238f,0.8354f,0.5356f,3.8268f,-0.1543f,0.5494f,-0.8212f,0.3416f,0f,0f,0f,1f],start_interpolation: 0,interpolation_duration: 1}
$data merge entity $(bone_glowing_eye) {transformation: [-0.9802f,0.019f,0.1969f,-0.066f,0.1238f,0.8354f,0.5356f,3.8801f,-0.1543f,0.5494f,-0.8212f,0.3882f,0f,0f,0f,1f],start_interpolation: 0,interpolation_duration: 1}
$data merge entity $(bone_head) {transformation: [-0.9802f,0.019f,0.1969f,0.0966f,0.1238f,0.8354f,0.5356f,3.8239f,-0.1543f,0.5494f,-0.8212f,0.12f,0f,0f,0f,1f],start_interpolation: 0,interpolation_duration: 1}
$data merge entity $(bone_leftthumb2) {transformation: [-0.2376f,0.9164f,0.3222f,-0.57f,-0.6789f,0.0805f,-0.7298f,2.8609f,-0.6947f,-0.3921f,0.603f,0.7732f,0f,0f,0f,1f],start_interpolation: 0,interpolation_duration: 1}
$data merge entity $(bone_leftthumb) {transformation: [-0.2376f,0.9164f,0.3222f,-0.3177f,-0.6789f,0.0805f,-0.7298f,2.8183f,-0.6947f,-0.3921f,0.603f,0.7286f,0f,0f,0f,1f],start_interpolation: 0,interpolation_duration: 1}
$data merge entity $(bone_leftpointerfinger) {transformation: [-0.5367f,0.7799f,0.3222f,-0.5773f,-0.6655f,-0.1565f,-0.7298f,2.8319f,-0.5187f,-0.6061f,0.603f,0.9615f,0f,0f,0f,1f],start_interpolation: 0,interpolation_duration: 1}
$data merge entity $(bone_leftmidfinger) {transformation: [-0.2376f,0.9164f,0.3222f,-0.527f,-0.6789f,0.0805f,-0.7298f,2.7179f,-0.6947f,-0.3921f,0.603f,1.0557f,0f,0f,0f,1f],start_interpolation: 0,interpolation_duration: 1}
$data merge entity $(bone_leftringfinger) {transformation: [0.1312f,0.9375f,0.3222f,-0.4767f,-0.5964f,0.3342f,-0.7298f,2.6039f,-0.7919f,-0.0964f,0.603f,1.15f,0f,0f,0f,1f],start_interpolation: 0,interpolation_duration: 1}
$data merge entity $(bone_invisibility) {transformation: [0.941f,-0.2411f,0.2376f,-0.5317f,0.0166f,0.734f,0.6789f,2.7363f,-0.3381f,-0.6349f,0.6947f,0.7695f,0f,0f,0f,1f],start_interpolation: 0,interpolation_duration: 1}
$data merge entity $(bone_swiftness) {transformation: [0.3222f,0.9164f,0.2376f,-0.6078f,-0.7298f,0.0805f,0.6789f,2.5532f,0.603f,-0.3921f,0.6947f,0.8995f,0f,0f,0f,1f],start_interpolation: 0,interpolation_duration: 1}
$data merge entity $(bone_suspicious_stew) {transformation: [0.9667f,0.0953f,0.2376f,-0.5143f,-0.2354f,0.6954f,0.6789f,2.5957f,-0.1005f,-0.7122f,0.6947f,0.901f,0f,0f,0f,1f],start_interpolation: 0,interpolation_duration: 1}
$data merge entity $(bone_log) {transformation: [-0.2376f,0.9164f,0.3222f,-0.4069f,-0.6789f,0.0805f,-0.7298f,2.5079f,-0.6947f,-0.3921f,0.603f,0.8151f,0f,0f,0f,1f],start_interpolation: 0,interpolation_duration: 1}
$data merge entity $(bone_planks) {transformation: [-0.2376f,0.9164f,0.3222f,-0.4292f,-0.6789f,0.0805f,-0.7298f,2.4442f,-0.6947f,-0.3921f,0.603f,0.75f,0f,0f,0f,1f],start_interpolation: 0,interpolation_duration: 1}
$data merge entity $(bone_lefthand1) {transformation: [-0.2376f,0.9164f,0.3222f,-0.1285f,-0.6789f,0.0805f,-0.7298f,2.7205f,-0.6947f,-0.3921f,0.603f,0.8719f,0f,0f,0f,1f],start_interpolation: 0,interpolation_duration: 1}
$data merge entity $(bone_leftforearm) {transformation: [-0.0839f,0.9403f,0.3299f,0.5349f,-0.6256f,0.2079f,-0.7519f,2.8233f,-0.7756f,-0.2695f,0.5708f,0.6123f,0f,0f,0f,1f],start_interpolation: 0,interpolation_duration: 1}
$data merge entity $(bone_leftelbow) {transformation: [-0.0839f,0.9403f,0.3299f,0.7112f,-0.6256f,0.2079f,-0.7519f,2.8623f,-0.7756f,-0.2695f,0.5708f,0.5618f,0f,0f,0f,1f],start_interpolation: 0,interpolation_duration: 1}
$data merge entity $(bone_leftarm) {transformation: [-0.7296f,0.605f,0.3187f,0.8136f,0.1579f,0.6025f,-0.7824f,3.2838f,-0.6654f,-0.5205f,-0.5351f,0.1823f,0f,0f,0f,1f],start_interpolation: 0,interpolation_duration: 1}
$data merge entity $(bone_rightthumb2) {transformation: [-0.0994f,-0.9607f,-0.259f,-0.3874f,0.3188f,0.2158f,-0.9229f,2.8499f,0.9426f,-0.1743f,0.2848f,0.9081f,0f,0f,0f,1f],start_interpolation: 0,interpolation_duration: 1}
$data merge entity $(bone_rightthumb) {transformation: [-0.0994f,-0.9607f,-0.259f,-0.6452f,0.3188f,0.2158f,-0.9229f,2.8239f,0.9426f,-0.1743f,0.2848f,0.8897f,0f,0f,0f,1f],start_interpolation: 0,interpolation_duration: 1}
$data merge entity $(bone_rightpointerfinger) {transformation: [-0.7143f,-0.6629f,-0.2244f,-0.4901f,0.1862f,0.1291f,-0.974f,2.7498f,0.6747f,-0.7375f,0.0312f,1.1935f,0f,0f,0f,1f],start_interpolation: 0,interpolation_duration: 1}
$data merge entity $(bone_rightmidfinger) {transformation: [-0.7947f,-0.564f,-0.2244f,-0.5252f,0.2014f,0.1037f,-0.974f,2.5976f,0.5726f,-0.8192f,0.0312f,1.1983f,0f,0f,0f,1f],start_interpolation: 0,interpolation_duration: 1}
$data merge entity $(bone_rightringfinger) {transformation: [-0.8408f,-0.4926f,-0.2244f,-0.5602f,0.2097f,0.0858f,-0.974f,2.4454f,0.4991f,-0.866f,0.0312f,1.2032f,0f,0f,0f,1f],start_interpolation: 0,interpolation_duration: 1}
$data merge entity $(bone_hugeasssword) {transformation: [-2.5605f,-2.8304f,-0.879f,-0.4948f,0.6823f,0.5674f,-3.8148f,2.596f,2.8842f,-2.6471f,0.1221f,0.865f,0f,0f,0f,1f],start_interpolation: 0,interpolation_duration: 1}
$data merge entity $(bone_ice) {transformation: [-0.6538f,-0.7227f,-0.2244f,-0.4733f,0.1742f,0.1449f,-0.974f,2.591f,0.7364f,-0.6758f,0.0312f,0.864f,0f,0f,0f,1f],start_interpolation: 0,interpolation_duration: 1}
$data merge entity $(bone_righthand1) {transformation: [-0.6538f,-0.7227f,-0.2244f,-0.8244f,0.1742f,0.1449f,-0.974f,2.6403f,0.7364f,-0.6758f,0.0312f,0.8801f,0f,0f,0f,1f],start_interpolation: 0,interpolation_duration: 1}
$data merge entity $(bone_rightforearm) {transformation: [-0.5976f,-0.5343f,-0.5979f,-1.1534f,0.374f,0.4739f,-0.7972f,2.9626f,0.7093f,-0.7f,-0.0834f,0.3449f,0f,0f,0f,1f],start_interpolation: 0,interpolation_duration: 1}
$data merge entity $(bone_rightelbow) {transformation: [-0.5976f,-0.5343f,-0.5979f,-1.2535f,0.374f,0.4739f,-0.7972f,3.0515f,0.7093f,-0.7f,-0.0834f,0.2137f,0f,0f,0f,1f],start_interpolation: 0,interpolation_duration: 1}
$data merge entity $(bone_rightarm) {transformation: [-0.8688f,0.4582f,-0.1875f,-0.792f,0.4787f,0.6811f,-0.554f,3.3412f,-0.1261f,-0.5711f,-0.8111f,0.0292f,0f,0f,0f,1f],start_interpolation: 0,interpolation_duration: 1}
$data merge entity $(bone_chest1) {transformation: [-1.0688f,0.0403f,0.1725f,0.0829f,0.0667f,1.0688f,0.164f,3.1886f,-0.164f,0.1724f,-1.0569f,-0.0645f,0f,0f,0f,1f],start_interpolation: 0,interpolation_duration: 1}
$data merge entity $(bone_chest1lid) {transformation: [-0.9865f,0.1584f,0.0405f,-0.3416f,0.0616f,0.5898f,-0.8052f,2.4761f,-0.1514f,-0.7919f,-0.5916f,0.1568f,0f,0f,0f,1f],start_interpolation: 0,interpolation_duration: 1}
$data merge entity $(bone_chest2) {transformation: [-0.9865f,0.0372f,0.1592f,-0.3474f,0.0616f,0.9866f,0.1513f,2.322f,-0.1514f,0.1591f,-0.9756f,0.1319f,0f,0f,0f,1f],start_interpolation: 0,interpolation_duration: 1}
$data merge entity $(bone_chest1lid3) {transformation: [-0.9865f,0.0372f,0.1592f,-0.178f,0.0616f,0.9866f,0.1513f,2.5693f,-0.1514f,0.1591f,-0.9756f,-0.4587f,0f,0f,0f,1f],start_interpolation: 0,interpolation_duration: 1}
$data merge entity $(bone_chest3) {transformation: [-0.9865f,0.0372f,0.1592f,-0.1838f,0.0616f,0.9866f,0.1513f,2.4151f,-0.1514f,0.1591f,-0.9756f,-0.4836f,0f,0f,0f,1f],start_interpolation: 0,interpolation_duration: 1}
$data merge entity $(bone_hugeasssword2) {transformation: [-0.6235f,2.9471f,-2.5032f,-1.0473f,-0.5928f,2.4327f,3.0118f,4.4493f,3.821f,0.8583f,0.0588f,-0.3249f,0f,0f,0f,1f],start_interpolation: 0,interpolation_duration: 1}
$data merge entity $(bone_belt) {transformation: [-0.9865f,0.0372f,0.1592f,0.0789f,0.0616f,0.9866f,0.1513f,2.7738f,-0.1514f,0.1591f,-0.9756f,0.0047f,0f,0f,0f,1f],start_interpolation: 0,interpolation_duration: 1}
$data merge entity $(bone_torn_part) {transformation: [-0.9865f,-0.0542f,0.1542f,-0.0551f,0.0616f,0.7507f,0.6577f,2.5095f,-0.1514f,0.6584f,-0.7373f,-0.0454f,0f,0f,0f,1f],start_interpolation: 0,interpolation_duration: 1}
$data merge entity $(bone_lowerbody) {transformation: [-0.9865f,0.0576f,0.153f,-0.0084f,0.0616f,0.9979f,0.0213f,2.0133f,-0.1514f,0.0304f,-0.988f,0.0935f,0f,0f,0f,1f],start_interpolation: 0,interpolation_duration: 1}
$data merge entity $(bone_leftfoot) {transformation: [-0.9417f,-0.2579f,0.2161f,0.2799f,-0.2455f,0.9659f,0.0829f,0.1578f,-0.2301f,0.025f,-0.9728f,0.5636f,0f,0f,0f,1f],start_interpolation: 0,interpolation_duration: 1}
$data merge entity $(bone_leftlowerleg) {transformation: [-0.9417f,-0.2757f,0.1928f,-0.0557f,-0.2455f,0.955f,0.1667f,1.1916f,-0.2301f,0.1097f,-0.967f,0.8338f,0f,0f,0f,1f],start_interpolation: 0,interpolation_duration: 1}
$data merge entity $(bone_leftleg) {transformation: [-0.9472f,0.1101f,0.3013f,0.0358f,-0.1046f,0.7819f,-0.6145f,1.8459f,-0.3033f,-0.6136f,-0.7291f,0.2753f,0f,0f,0f,1f],start_interpolation: 0,interpolation_duration: 1}
$data merge entity $(bone_rightfoot) {transformation: [-0.5946f,0.038f,0.8031f,-0.2776f,0.1722f,0.9817f,0.081f,0.1961f,-0.7854f,0.1864f,-0.5903f,-0.3379f,0f,0f,0f,1f],start_interpolation: 0,interpolation_duration: 1}
$data merge entity $(bone_rightlowerleg) {transformation: [-0.5946f,-0.2053f,0.7774f,-0.6248f,0.1722f,0.9119f,0.3725f,1.1506f,-0.7854f,0.3553f,-0.5069f,0.1341f,0f,0f,0f,1f],start_interpolation: 0,interpolation_duration: 1}
$data merge entity $(bone_rightleg) {transformation: [-0.6211f,0.3551f,0.6987f,-0.3081f,0.0334f,0.9027f,-0.4291f,1.9619f,-0.783f,-0.2431f,-0.5725f,-0.0649f,0f,0f,0f,1f],start_interpolation: 0,interpolation_duration: 1}
$data merge entity $(bone_sack_top) {transformation: [0.0054f,0.0912f,-0.13f,-0.5536f,0.0662f,0.3743f,0.0264f,2.4697f,0.1152f,-0.2192f,-0.0091f,0.8058f,0f,0f,0f,1f],start_interpolation: 0,interpolation_duration: 1}
$data merge entity $(bone_sack_main) {transformation: [0.005f,0.0299f,-0.1293f,-0.5536f,0.0617f,0.1228f,0.0262f,2.4697f,0.1075f,-0.0719f,-0.009f,0.8058f,0f,0f,0f,1f],start_interpolation: 0,interpolation_duration: 1}
data modify entity @s data merge value {"cameras":{},"locators":{"lefthand":{"posx":-0.4612541854264845,"posy":2.5766249072314107,"posz":0.9014422752966443,"roty":151.8864414048531,"rotx":-46.86763325226093},"sword":{"posx":0.30776993422465,"posy":6.211884024535349,"posz":0.8281471943869955,"roty":262.0896440826067,"rotx":-76.90457894932378},"righthand":{"posx":-0.5197697173314062,"posy":2.620280863276852,"posz":0.9431302676649732,"roty":262.0896440826067,"rotx":-76.90457894932378},"chest":{"posx":-0.399616253742743,"posy":2.3927604061544527,"posz":0.29455395865966494,"roty":9.267379604718371,"rotx":8.705026897929876},"sack":{"posx":-0.5205634864320433,"posy":2.596270040807826,"posz":0.6995613369236069,"roty":273.9842596922002,"rotx":11.44442594398821}}}