# This file was generated by Animated Java via MC-Build. It is not recommended to edit this file directly.
$data merge entity $(bone_nose) { transformation: [-0.9904383036414363f,-0.05781284663138256f,-0.12525829890370638f,-0.026065635406833574f,-0.03978660159889244f,0.989079735897452f,-0.14190948654067276f,4.2194454194536135f,0.1320946365795562f,-0.13556898908453444f,-0.9819226324846129f,2.628286312060758f,0f,0f,0f,1f], start_interpolation: 0, interpolation_duration: 1 }
$data merge entity $(bone_glowing_eye) { transformation: [-0.9904383036414363f,-0.05781284663138256f,-0.12525829890370638f,-0.14941385618165495f,-0.03978660159889244f,0.989079735897452f,-0.14190948654067276f,4.286392848873129f,0.1320946365795562f,-0.13556898908453444f,-0.9819226324846129f,2.6698838235363387f,0f,0f,0f,1f], start_interpolation: 0, interpolation_duration: 1 }
$data merge entity $(bone_head) { transformation: [-0.9904383036414363f,-0.05781284663138256f,-0.12525829890370638f,-0.04238232853114973f,-0.03978660159889244f,0.989079735897452f,-0.14190948654067276f,4.070743683636997f,0.1320946365795562f,-0.13556898908453444f,-0.9819226324846129f,2.461156024633919f,0f,0f,0f,1f], start_interpolation: 0, interpolation_duration: 1 }
$data merge entity $(bone_leftthumb2) { transformation: [-0.8056757853875737f,-0.3630897632346255f,0.4680302903384991f,1.3322080466401691f,-0.5469196497197768f,0.7594425853124616f,-0.3523149959401689f,2.2939584232822883f,-0.22752016523928784f,-0.5398266235080927f,-0.8104454275035049f,3.1370469463169f,0f,0f,0f,1f], start_interpolation: 0, interpolation_duration: 1 }
$data merge entity $(bone_leftthumb) { transformation: [-0.8056757853875737f,-0.3630897632346255f,0.4680302903384991f,1.2831597039167038f,-0.5469196497197768f,0.7594425853124616f,-0.3523149959401689f,2.450098062745223f,-0.22752016523928784f,-0.5398266235080927f,-0.8104454275035049f,2.935399875480336f,0f,0f,0f,1f], start_interpolation: 0, interpolation_duration: 1 }
$data merge entity $(bone_leftpointerfinger) { transformation: [-0.8056757853875737f,-0.3630897632346255f,0.4680302903384991f,1.5123582413644483f,-0.5469196497197768f,0.7594425853124616f,-0.3523149959401689f,2.2442105356929765f,-0.22752016523928784f,-0.5398266235080927f,-0.8104454275035049f,3.0994258749777495f,0f,0f,0f,1f], start_interpolation: 0, interpolation_duration: 1 }
$data merge entity $(bone_leftmidfinger) { transformation: [-0.8056757853875737f,-0.3630897632346255f,0.4680302903384991f,1.585487974229839f,-0.5469196497197768f,0.7594425853124616f,-0.3523149959401689f,2.189161317577325f,-0.22752016523928784f,-0.5398266235080927f,-0.8104454275035049f,2.972793776930327f,0f,0f,0f,1f], start_interpolation: 0, interpolation_duration: 1 }
$data merge entity $(bone_leftringfinger) { transformation: [-0.8056757853875737f,-0.3630897632346255f,0.4680302903384991f,1.6586177070952293f,-0.5469196497197768f,0.7594425853124616f,-0.3523149959401689f,2.1341120994616736f,-0.22752016523928784f,-0.5398266235080927f,-0.8104454275035049f,2.846161678882904f,0f,0f,0f,1f], start_interpolation: 0, interpolation_duration: 1 }
$data merge entity $(bone_invisibility) { transformation: [-0.3209165694828673f,-0.4978946517803381f,0.8056757853875736f,1.306955142177413f,0.7258464018410584f,0.4171641136109205f,0.5469196497197766f,2.235736977762199f,-0.608407393418042f,0.7603124476448813f,0.2275201652392876f,3.02304872665867f,0f,0f,0f,1f], start_interpolation: 0, interpolation_duration: 1 }
$data merge entity $(bone_swiftness) { transformation: [0.4680302903384989f,-0.3630897632346255f,0.8056757853875738f,1.4019171900577903f,-0.352314995940169f,0.7594425853124616f,0.5469196497197767f,2.0383512898971716f,-0.8104454275035049f,-0.5398266235080927f,0.22752016523928767f,2.9323418821928517f,0f,0f,0f,1f], start_interpolation: 0, interpolation_duration: 1 }
$data merge entity $(bone_suspicious_stew) { transformation: [-0.13127293206798327f,-0.5776278612968654f,0.8056757853875739f,1.4117306542675045f,0.5393939777065135f,0.6402601296069761f,0.546919649719777f,2.134079044836896f,-0.8317581103423157f,0.5063724126463321f,0.22752016523928784f,2.8963945819787047f,0f,0f,0f,1f], start_interpolation: 0, interpolation_duration: 1 }
$data merge entity $(bone_log) { transformation: [-0.8056757853875737f,-0.3630897632346255f,0.4680302903384991f,1.3127512488427087f,-0.5469196497197768f,0.7594425853124616f,-0.3523149959401689f,2.161220885405029f,-0.22752016523928784f,-0.5398266235080927f,-0.8104454275035049f,2.769596609134783f,0f,0f,0f,1f], start_interpolation: 0, interpolation_duration: 1 }
$data merge entity $(bone_planks) { transformation: [-0.8056757853875737f,-0.3630897632346255f,0.4680302903384991f,1.2372191439626234f,-0.5469196497197768f,0.7594425853124616f,-0.3523149959401689f,2.1099471682438f,-0.22752016523928784f,-0.5398266235080927f,-0.8104454275035049f,2.7482665936435997f,0f,0f,0f,1f], start_interpolation: 0, interpolation_duration: 1 }
$data merge entity $(bone_lefthand1) { transformation: [-0.8056757853875737f,-0.3630897632346255f,0.4680302903384991f,1.4087718078078675f,-0.5469196497197768f,0.7594425853124616f,-0.3523149959401689f,2.498821287786219f,-0.22752016523928784f,-0.5398266235080927f,-0.8104454275035049f,2.7168464141770663f,0f,0f,0f,1f], start_interpolation: 0, interpolation_duration: 1 }
$data merge entity $(bone_leftforearm) { transformation: [-0.9309725571877837f,-0.3630897632346255f,-0.03815654069045163f,1.0958847291575733f,-0.271968644787274f,0.7594425853124616f,-0.5909991673991581f,3.0250406772754506f,0.24356344967135785f,-0.5398266235080927f,-0.8057692365286973f,2.3650936794481594f,0f,0f,0f,1f], start_interpolation: 0, interpolation_duration: 1 }
$data merge entity $(bone_leftelbow) { transformation: [-0.9165757315630922f,-0.3269714638919438f,-0.23017078465770013f,1.0345775796778338f,-0.1943372118137819f,0.8673339521347797f,-0.4582192309132266f,3.187665793300722f,0.3494595490382647f,-0.37526187825920027f,-0.8585199743228749f,2.2947320772745594f,0f,0f,0f,1f], start_interpolation: 0, interpolation_duration: 1 }
$data merge entity $(bone_leftarm) { transformation: [-0.9165757315630922f,-0.3269714638919438f,-0.23017078465770013f,0.6777837434729885f,-0.1943372118137819f,0.8673339521347797f,-0.4582192309132266f,3.5931408552498856f,0.3494595490382647f,-0.37526187825920027f,-0.8585199743228749f,2.2103741636946697f,0f,0f,0f,1f], start_interpolation: 0, interpolation_duration: 1 }
$data merge entity $(bone_rightthumb2) { transformation: [-0.9130047150890409f,-0.4052554049877695f,0.04680221098813997f,-0.6630406625706411f,-0.36549984557087556f,0.7616437323806606f,-0.5350782071930446f,2.1599314627454462f,0.18119672489547295f,-0.5056351269971809f,-0.8435051068213509f,3.5123931272222912f,0f,0f,0f,1f], start_interpolation: 0, interpolation_duration: 1 }
$data merge entity $(bone_rightthumb) { transformation: [-0.9130047150890409f,-0.4052554049877695f,0.04680221098813997f,-0.7584269112828352f,-0.36549984557087556f,0.7616437323806606f,-0.5350782071930446f,2.3009924298926108f,0.18119672489547295f,-0.5056351269971809f,-0.8435051068213509f,3.3163060669234996f,0f,0f,0f,1f], start_interpolation: 0, interpolation_duration: 1 }
$data merge entity $(bone_rightpointerfinger) { transformation: [-0.9130047150890409f,-0.4052554049877695f,0.04680221098813997f,-0.7231185185940182f,-0.36549984557087556f,0.7616437323806606f,-0.5350782071930446f,1.9860197436337181f,0.18119672489547295f,-0.5056351269971809f,-0.8435051068213509f,3.462496682872641f,0f,0f,0f,1f], start_interpolation: 0, interpolation_duration: 1 }
$data merge entity $(bone_rightmidfinger) { transformation: [-0.9130047150890409f,-0.4052554049877695f,0.04680221098813997f,-0.7158056731271213f,-0.36549984557087556f,0.7616437323806606f,-0.5350782071930446f,1.9024137737598048f,0.18119672489547295f,-0.5056351269971809f,-0.8435051068213509f,3.330699009931805f,0f,0f,0f,1f], start_interpolation: 0, interpolation_duration: 1 }
$data merge entity $(bone_rightringfinger) { transformation: [-0.9130047150890409f,-0.4052554049877695f,0.04680221098813997f,-0.7084928276602245f,-0.36549984557087556f,0.7616437323806606f,-0.5350782071930446f,1.8188078038858917f,0.18119672489547295f,-0.5056351269971809f,-0.8435051068213509f,3.1989013369909687f,0f,0f,0f,1f], start_interpolation: 0, interpolation_duration: 1 }
$data merge entity $(bone_hugeasssword) { transformation: [-2.6857870923465086f,2.8305170769480568f,-0.3391143604569075f,-0.5563375843664252f,-2.547353176380715f,-2.1737407048776674f,2.031285533970741f,2.1625691503667817f,1.2797723497348084f,1.6134751943680892f,3.331539930391181f,3.1930412620042263f,0f,0f,0f,1f], start_interpolation: 0, interpolation_duration: 1 }
$data merge entity $(bone_ice) { transformation: [-0.9130047150890409f,-0.4052554049877695f,0.04680221098813997f,-0.5357397699902251f,-0.36549984557087556f,0.7616437323806606f,-0.5350782071930446f,2.1563794021353786f,0.18119672489547295f,-0.5056351269971809f,-0.8435051068213509f,3.1981106120370653f,0f,0f,0f,1f], start_interpolation: 0, interpolation_duration: 1 }
$data merge entity $(bone_righthand1) { transformation: [-0.9130047150890409f,-0.4052554049877695f,0.04680221098813997f,-0.8638422309160483f,-0.36549984557087556f,0.7616437323806606f,-0.5350782071930446f,2.2386941798630424f,0.18119672489547295f,-0.5056351269971809f,-0.8435051068213509f,3.090641476923471f,0f,0f,0f,1f], start_interpolation: 0, interpolation_duration: 1 }
$data merge entity $(bone_rightforearm) { transformation: [-0.7564940197039349f,-0.17562459736924324f,-0.6299784114960398f,-0.9302039870301758f,0.06534128536037122f,0.9381525453123375f,-0.3400004678694385f,2.8995613652612167f,0.6507282955117574f,-0.29837191979620614f,-0.6982312531658039f,2.8510880656779944f,0f,0f,0f,1f], start_interpolation: 0, interpolation_duration: 1 }
$data merge entity $(bone_rightelbow) { transformation: [-0.738293076577703f,-0.14221592951782858f,-0.6593162840919445f,-0.9568694738147687f,0.0877254876395224f,0.9489672544337552f,-0.302928025826051f,3.077492725467546f,0.668750754688051f,-0.28148850669936876f,-0.6881399920803335f,2.798308970671863f,0f,0f,0f,1f], start_interpolation: 0, interpolation_duration: 1 }
$data merge entity $(bone_rightarm) { transformation: [-0.738293076577703f,0.06262648768648636f,-0.6715662708307231f,-0.7430681735066929f,0.0877254876395224f,0.9961383704567516f,-0.0035476361391241773f,3.556482823904124f,0.668750754688051f,-0.061532673790613f,-0.7409360013930623f,2.6444076562320786f,0f,0f,0f,1f], start_interpolation: 0, interpolation_duration: 1 }
$data merge entity $(bone_chest1) { transformation: [-1.035755859612919f,0.011381968903668337f,-0.31731902113250327f,-0.07542369785166464f,-0.02672253900248599f,1.0756715818099907f,0.12580804865653072f,3.428198826674282f,0.3163966123362808f,0.12811014784699654f,-1.0281498357884695f,2.306677432801075f,0f,0f,0f,1f], start_interpolation: 0, interpolation_duration: 1 }
$data merge entity $(bone_chest1lid) { transformation: [-0.9560823319503868f,0.010506432834155388f,-0.29290986566077226f,-0.29441521008447347f,-0.02466695907921784f,0.992927613978453f,0.11613050645218222f,2.695716989522995f,0.2920584113873361f,0.11825552108953528f,-0.9490613868816642f,2.6969584702907414f,0f,0f,0f,1f], start_interpolation: 0, interpolation_duration: 1 }
$data merge entity $(bone_chest2) { transformation: [-0.9560823319503868f,0.010506432834155388f,-0.29290986566077226f,-0.29605684021481027f,-0.02466695907921784f,0.992927613978453f,0.11613050645218222f,2.540572049838862f,0.2920584113873361f,0.11825552108953528f,-0.9490613868816642f,2.6784810451205017f,0f,0f,0f,1f], start_interpolation: 0, interpolation_duration: 1 }
$data merge entity $(bone_chest1lid3) { transformation: [-0.9560823319503868f,0.010506432834155388f,-0.29290986566077226f,-0.42230544702650646f,-0.02466695907921784f,0.992927613978453f,0.11613050645218222f,2.7716547801613753f,0.2920584113873361f,0.11825552108953528f,-0.9490613868816642f,2.0707123686079667f,0f,0f,0f,1f], start_interpolation: 0, interpolation_duration: 1 }
$data merge entity $(bone_chest3) { transformation: [-0.9560823319503868f,0.010506432834155388f,-0.29290986566077226f,-0.42394707715684327f,-0.02466695907921784f,0.992927613978453f,0.11613050645218222f,2.616509840477242f,0.2920584113873361f,0.11825552108953528f,-0.9490613868816642f,2.052234943437727f,0f,0f,0f,1f], start_interpolation: 0, interpolation_duration: 1 }
$data merge entity $(bone_hugeasssword2) { transformation: [1.1472303071713572f,2.788650524561008f,-2.4995136830893534f,-1.3187769007796948f,-0.4548444836043802f,2.6985777041909413f,2.801976560921948f,4.580668912225084f,3.717157098619852f,-0.5304567881429544f,1.1142874305451365f,2.5522850748003263f,0f,0f,0f,1f], start_interpolation: 0, interpolation_duration: 1 }
$data merge entity $(bone_belt) { transformation: [-0.9560823319503868f,0.010506432834155388f,-0.29290986566077226f,-0.010643969563378555f,-0.02466695907921784f,0.992927613978453f,0.11613050645218222f,3.0182742484429963f,0.2920584113873361f,0.11825552108953528f,-0.9490613868816642f,2.3744529534380354f,0f,0f,0f,1f], start_interpolation: 0, interpolation_duration: 1 }
$data merge entity $(bone_torn_part) { transformation: [-0.9560823319503868f,0.08757086723012344f,-0.27971041765524995f,-0.13162332176880134f,-0.02466695907921784f,0.9268969287391021f,0.37450450547864433f,2.73515658396996f,0.2920584113873361f,0.36495674635028164f,-0.8840296701080352f,2.377211826149849f,0f,0f,0f,1f], start_interpolation: 0, interpolation_duration: 1 }
$data merge entity $(bone_lowerbody) { transformation: [-0.9560823319503868f,-0.0005927243016049213f,-0.2930976342623948f,0.0032503644417709227f,-0.02466695907921784f,0.9966129892728612f,0.0784480129920184f,2.239906278697148f,0.2920584113873361f,0.08223258654884924f,-0.952858691542136f,2.442533620260112f,0f,0f,0f,1f], start_interpolation: 0, interpolation_duration: 1 }
$data merge entity $(bone_leftfoot) { transformation: [-0.987807157605003f,0.1305734115048301f,0.0847797357410084f,0.00528140882791428f,0.09487372854088477f,0.9366522270835701f,-0.3371669929458374f,0.19528838796694137f,-0.12343417280913507f,-0.32501259930559334f,-0.9376197604975838f,2.903871542054731f,0f,0f,0f,1f], start_interpolation: 0, interpolation_duration: 1 }
$data merge entity $(bone_leftlowerleg) { transformation: [-0.987807157605003f,0.1305734115048301f,0.0847797357410084f,0.13711025173082309f,0.09487372854088477f,0.9366522270835701f,-0.3371669929458374f,1.2861911857483106f,-0.12343417280913507f,-0.32501259930559334f,-0.9376197604975838f,2.6873718638140898f,0f,0f,0f,1f], start_interpolation: 0, interpolation_duration: 1 }
$data merge entity $(bone_leftleg) { transformation: [-0.987807157605003f,0.13774516219726904f,0.07254853324205085f,0.25070621305614227f,0.09487372854088477f,0.9020921286632605f,-0.42098547128913816f,2.2585921274900556f,-0.12343417280913507f,-0.40896951193828046f,-0.9041614586388259f,2.272530499165071f,0f,0f,0f,1f], start_interpolation: 0, interpolation_duration: 1 }
$data merge entity $(bone_rightfoot) { transformation: [-0.9873012946117401f,-0.010419752208219599f,0.15851682062765815f,-0.3146265561691109f,0.08056685393036425f,0.8271532929196382f,0.5561712075071509f,0.4069653892891394f,-0.13691287633288993f,0.5618797547305993f,-0.8158100302877728f,1.2352360681368655f,0f,0f,0f,1f], start_interpolation: 0, interpolation_duration: 1 }
$data merge entity $(bone_rightlowerleg) { transformation: [-0.9873012946117401f,-0.010419752208219599f,0.15851682062765815f,-0.3505413847534539f,0.08056685393036425f,0.8271532929196382f,0.5561712075071509f,1.2391353008374222f,-0.13691287633288993f,0.5618797547305993f,-0.8158100302877728f,1.9839170630259577f,0f,0f,0f,1f], start_interpolation: 0, interpolation_duration: 1 }
$data merge entity $(bone_rightleg) { transformation: [-0.969699108834209f,0.0725042975017653f,0.23329544609768216f,-0.24927792235210433f,0.12437506776761442f,0.968440865557536f,0.21599336201830815f,2.2585921274900556f,-0.2102723967712889f,0.23846470758153315f,-0.948113971204998f,2.2685474927543137f,0f,0f,0f,1f], start_interpolation: 0, interpolation_duration: 1 }
data modify entity @s data merge value {"locators":{"lefthand":{"posx":1.4093367681889597,"posy":2.158668072400287,"posz":2.8457637893922785,"roty":30.006330725623428,"rotx":-20.62897614318681},"righthand":{"posx":-0.6157331308735784,"posy":2.118573705282053,"posz":3.2361781211494307,"roty":3.175822363084194,"rotx":-32.34921538733729},"chest":{"posx":-0.2791822685005621,"posy":2.614742779544963,"posz":2.84698516727876,"roty":342.8481468530871,"rotx":6.668835216063064},"sack":{"posx":0,"posy":-0.4375,"posz":0,"roty":0,"rotx":0}},"cameras":{}}