# This file was generated by Animated Java via MC-Build. It is not recommended to edit this file directly.
$data merge entity $(bone_nose) { transformation: [-1f,-4.2888034849718357e-17f,1.1470925984133942e-16f,-8.25063884418805e-17f,0f,0.9366721892483976f,0.3502073812594674f,2.6921565997401213f,-1.2246467991473532e-16f,0.3502073812594674f,-0.9366721892483976f,0.6781346276692793f,0f,0f,0f,1f], start_interpolation: 0, interpolation_duration: 1 }
$data merge entity $(bone_glowing_eye) { transformation: [-1f,-4.2888034849718357e-17f,1.1470925984133942e-16f,-0.12500000000000008f,0f,0.9366721892483976f,0.3502073812594674f,2.743356211965113f,-1.2246467991473532e-16f,0.3502073812594674f,-0.9366721892483976f,0.7345322742794592f,0f,0f,0f,1f], start_interpolation: 0, interpolation_duration: 1 }
$data merge entity $(bone_head) { transformation: [-1f,-4.2888034849718357e-17f,1.1470925984133942e-16f,-5.573082547215619e-17f,0f,0.9366721892483976f,0.3502073812594674f,2.6420773280900622f,-1.2246467991473532e-16f,0.3502073812594674f,-0.9366721892483976f,0.4594955638317182f,0f,0f,0f,1f], start_interpolation: 0, interpolation_duration: 1 }
$data merge entity $(bone_leftthumb2) { transformation: [-0.8900023153223371f,-0.40129910717486683f,-0.21645993925328022f,0.9982676188311663f,-0.16569914024400725f,0.7269451330352723f,-0.666404208028976f,1.2499005026563275f,0.42478191303688506f,-0.5572340622547987f,-0.7134777685532598f,0.2031315452340089f,0f,0f,0f,1f], start_interpolation: 0, interpolation_duration: 1 }
$data merge entity $(bone_leftthumb) { transformation: [-0.8900023153223371f,-0.40129910717486683f,-0.21645993925328022f,0.8813538972810968f,-0.16569914024400725f,0.7269451330352723f,-0.666404208028976f,1.371229106837094f,0.42478191303688506f,-0.5572340622547987f,-0.7134777685532598f,0.005502044315346233f,0f,0f,0f,1f], start_interpolation: 0, interpolation_duration: 1 }
$data merge entity $(bone_leftpointerfinger) { transformation: [-0.8900023153223371f,-0.40129910717486683f,-0.21645993925328022f,1.100227610408733f,-0.16569914024400725f,0.7269451330352723f,-0.666404208028976f,1.1195858812727255f,0.42478191303688506f,-0.5572340622547987f,-0.7134777685532598f,0.1084396788533587f,0f,0f,0f,1f], start_interpolation: 0, interpolation_duration: 1 }
$data merge entity $(bone_leftmidfinger) { transformation: [-0.8900023153223371f,-0.40129910717486683f,-0.21645993925328022f,1.066405744900408f,-0.16569914024400725f,0.7269451330352723f,-0.666404208028976f,1.015460223768198f,0.42478191303688506f,-0.5572340622547987f,-0.7134777685532598f,-0.0030412224830881594f,0f,0f,0f,1f], start_interpolation: 0, interpolation_duration: 1 }
$data merge entity $(bone_leftringfinger) { transformation: [-0.8900023153223371f,-0.40129910717486683f,-0.21645993925328022f,1.032583879392083f,-0.16569914024400725f,0.7269451330352723f,-0.666404208028976f,0.9113345662636705f,0.42478191303688506f,-0.5572340622547987f,-0.7134777685532598f,-0.11452212381953501f,0f,0f,0f,1f], start_interpolation: 0, interpolation_duration: 1 }
$data merge entity $(bone_invisibility) { transformation: [-0.4186377696972862f,0.18066072208358142f,0.8900023153223369f,0.8962244595402089f,0.6660979336124064f,0.7272257818309789f,0.16569914024400711f,1.1888520479036124f,-0.6172973032665569f,0.662196621658975f,-0.4247819130368852f,0.14943499225594545f,0f,0f,0f,1f], start_interpolation: 0, interpolation_duration: 1 }
$data merge entity $(bone_swiftness) { transformation: [-0.21645993925328041f,-0.40129910717486683f,0.8900023153223371f,0.8636267901249066f,-0.666404208028976f,0.7269451330352723f,0.16569914024400711f,0.9568304916523623f,-0.7134777685532597f,-0.5572340622547987f,-0.42478191303688523f,0.11324077548074872f,0f,0f,0f,1f], start_interpolation: 0, interpolation_duration: 1 }
$data merge entity $(bone_suspicious_stew) { transformation: [-0.4551804290271557f,0.02658299741439135f,0.8900023153223373f,0.8744491165790407f,0.3772014468043674f,0.9111876115548809f,0.16569914024400736f,1.029825705787151f,-0.8065543041602012f,0.4111331667445204f,-0.42478191303688523f,0.04177825732040291f,0f,0f,0f,1f], start_interpolation: 0, interpolation_duration: 1 }
$data merge entity $(bone_log) { transformation: [-0.8900023153223371f,-0.40129910717486683f,-0.21645993925328022f,0.7307024514682158f,-0.16569914024400725f,0.7269451330352723f,-0.666404208028976f,1.073921855767326f,0.42478191303688506f,-0.5572340622547987f,-0.7134777685532598f,-0.02149696651517302f,0f,0f,0f,1f], start_interpolation: 0, interpolation_duration: 1 }
$data merge entity $(bone_planks) { transformation: [-0.8900023153223371f,-0.40129910717486683f,-0.21645993925328022f,0.6472647344067466f,-0.16569914024400725f,0.7269451330352723f,-0.666404208028976f,1.0583875613694504f,0.42478191303688506f,-0.5572340622547987f,-0.7134777685532598f,0.018326337832034967f,0f,0f,0f,1f], start_interpolation: 0, interpolation_duration: 1 }
$data merge entity $(bone_lefthand) { transformation: [-0.8900023153223371f,-0.40129910717486683f,-0.21645993925328022f,0.8596426266067483f,-0.16569914024400725f,0.7269451330352723f,-0.666404208028976f,1.3179080555880516f,0.42478191303688506f,-0.5572340622547987f,-0.7134777685532598f,-0.2447047800708046f,0f,0f,0f,1f], start_interpolation: 0, interpolation_duration: 1 }
$data merge entity $(bone_leftforearm) { transformation: [-0.9238795311656163f,-0.14644652946294803f,-0.3535534272234661f,0.7044542121806285f,-0.02002805077755021f,0.9411169779000613f,-0.33748734952632986f,1.983652417336784f,0.3821589840305376f,-0.3047166682617038f,-0.8724117508425903f,-0.421442317333491f,0f,0f,0f,1f], start_interpolation: 0, interpolation_duration: 1 }
$data merge entity $(bone_leftelbow) { transformation: [-0.9238795311656163f,0.35355342722346605f,-0.14644652946294812f,0.7707454797850284f,-0.02002805077755021f,0.3374873495263301f,0.9411169779000612f,2.046931295372971f,0.3821589840305376f,0.8724117508425902f,-0.30471666826170396f,-0.2578651140505054f,0f,0f,0f,1f], start_interpolation: 0, interpolation_duration: 1 }
$data merge entity $(bone_leftarm) { transformation: [-0.9238795311656163f,0.35355342722346605f,-0.14644652946294812f,0.75f,-0.02002805077755021f,0.3374873495263301f,0.9411169779000612f,2.18188392846917f,0.3821589840305376f,0.8724117508425902f,-0.30471666826170396f,0.2714604350106481f,0f,0f,0f,1f], start_interpolation: 0, interpolation_duration: 1 }
$data merge entity $(bone_rightthumb2) { transformation: [-0.8900023153223371f,0.401299107174867f,0.21645993925328041f,-0.9982676188311661f,0.16569914024400725f,0.7269451330352723f,-0.666404208028976f,1.2499005026563275f,-0.4247819130368853f,-0.5572340622547987f,-0.7134777685532597f,0.20313154523400864f,0f,0f,0f,1f], start_interpolation: 0, interpolation_duration: 1 }
$data merge entity $(bone_rightthumb) { transformation: [-0.8900023153223371f,0.401299107174867f,0.21645993925328041f,-0.8813538972810966f,0.16569914024400725f,0.7269451330352723f,-0.666404208028976f,1.371229106837094f,-0.4247819130368853f,-0.5572340622547987f,-0.7134777685532597f,0.005502044315345983f,0f,0f,0f,1f], start_interpolation: 0, interpolation_duration: 1 }
$data merge entity $(bone_rightpointerfinger) { transformation: [-0.8900023153223371f,0.401299107174867f,0.21645993925328041f,-1.100227610408733f,0.16569914024400725f,0.7269451330352723f,-0.666404208028976f,1.1195858812727255f,-0.4247819130368853f,-0.5572340622547987f,-0.7134777685532597f,0.1084396788533584f,0f,0f,0f,1f], start_interpolation: 0, interpolation_duration: 1 }
$data merge entity $(bone_rightmidfinger) { transformation: [-0.8900023153223371f,0.401299107174867f,0.21645993925328041f,-1.066405744900408f,0.16569914024400725f,0.7269451330352723f,-0.666404208028976f,1.015460223768198f,-0.4247819130368853f,-0.5572340622547987f,-0.7134777685532597f,-0.003041222483088437f,0f,0f,0f,1f], start_interpolation: 0, interpolation_duration: 1 }
$data merge entity $(bone_rightringfinger) { transformation: [-0.8900023153223371f,0.401299107174867f,0.21645993925328041f,-1.032583879392083f,0.16569914024400725f,0.7269451330352723f,-0.666404208028976f,0.9113345662636705f,-0.4247819130368853f,-0.5572340622547987f,-0.7134777685532597f,-0.11452212381953528f,0f,0f,0f,1f], start_interpolation: 0, interpolation_duration: 1 }
$data merge entity $(bone_hugeasssword) { transformation: [-3.485842401679154f,1.5717548364348959f,0.847801428742015f,-0.7518671852988498f,0.6489882992890285f,2.8472017710548165f,-2.61008314811349f,1.1295196855391259f,-1.6637291593944674f,-2.182500077164628f,-2.7944545935002676f,0.007751394405472928f,0f,0f,0f,1f], start_interpolation: 0, interpolation_duration: 1 }
$data merge entity $(bone_ice) { transformation: [-0.8900023153223371f,0.401299107174867f,0.21645993925328041f,-0.7442311976715456f,0.16569914024400725f,0.7269451330352723f,-0.666404208028976f,1.1155721187691372f,-0.4247819130368853f,-0.5572340622547987f,-0.7134777685532597f,0.023095394019405496f,0f,0f,0f,1f], start_interpolation: 0, interpolation_duration: 1 }
$data merge entity $(bone_righthand) { transformation: [-0.8900023153223371f,0.401299107174867f,0.21645993925328041f,-0.8596426266067481f,0.16569914024400725f,0.7269451330352723f,-0.666404208028976f,1.3179080555880516f,-0.4247819130368853f,-0.5572340622547987f,-0.7134777685532597f,-0.24470478007080484f,0f,0f,0f,1f], start_interpolation: 0, interpolation_duration: 1 }
$data merge entity $(bone_rightforearm) { transformation: [-0.9238795311656163f,0.14644652946294814f,0.35355342722346633f,-0.7044542121806283f,0.02002805077755021f,0.9411169779000613f,-0.33748734952632986f,1.983652417336784f,-0.38215898403053783f,-0.3047166682617038f,-0.8724117508425902f,-0.42144231733349125f,0f,0f,0f,1f], start_interpolation: 0, interpolation_duration: 1 }
$data merge entity $(bone_rightelbow) { transformation: [-0.9238795311656163f,-0.3535534272234663f,0.14644652946294823f,-0.7707454797850283f,0.02002805077755021f,0.3374873495263301f,0.9411169779000612f,2.046931295372971f,-0.38215898403053783f,0.87241175084259f,-0.30471666826170396f,-0.2578651140505056f,0f,0f,0f,1f], start_interpolation: 0, interpolation_duration: 1 }
$data merge entity $(bone_rightarm) { transformation: [-0.9238795311656163f,-0.3535534272234663f,0.14644652946294823f,-0.75f,0.02002805077755021f,0.3374873495263301f,0.9411169779000612f,2.18188392846917f,-0.38215898403053783f,0.87241175084259f,-0.30471666826170396f,0.27146043501064787f,0f,0f,0f,1f], start_interpolation: 0, interpolation_duration: 1 }
$data merge entity $(bone_chest) { transformation: [-1.0833333333333333f,-5.711593730956694e-17f,1.1974605277229405e-16f,-0.0023231250000000122f,0f,0.9778007247123488f,0.46638702154231965f,2.0845850306283378f,-1.3267006990762992e-16f,0.46638702154231965f,-0.9778007247123488f,0.10310223899025628f,0f,0f,0f,1f], start_interpolation: 0, interpolation_duration: 1 }
$data merge entity $(bone_chest1lid) { transformation: [-1f,-5.272240367036949e-17f,1.1053481794365605e-16f,-0.34375000000000006f,0f,0.9025852843498605f,0.4305110968082951f,1.299246348821642f,-1.2246467991473532e-16f,0.4305110968082951f,-0.9025852843498605f,0.16206880830204717f,0f,0f,0f,1f], start_interpolation: 0, interpolation_duration: 1 }
$data merge entity $(bone_chest1) { transformation: [-1f,-5.272240367036949e-17f,1.1053481794365605e-16f,-0.34375000000000006f,0f,0.9025852843498605f,0.4305110968082951f,1.1582173981419763f,-1.2246467991473532e-16f,0.4305110968082951f,-0.9025852843498605f,0.09480144942575108f,0f,0f,0f,1f], start_interpolation: 0, interpolation_duration: 1 }
$data merge entity $(bone_chest1lid3) { transformation: [-1f,-5.272240367036949e-17f,1.1053481794365605e-16f,-0.28124999999999994f,0f,0.9025852843498605f,0.4305110968082951f,1.5750425202144562f,-1.2246467991473532e-16f,0.4305110968082951f,-0.9025852843498605f,-0.4161498894845822f,0f,0f,0f,1f], start_interpolation: 0, interpolation_duration: 1 }
$data merge entity $(bone_chest3) { transformation: [-1f,-5.272240367036949e-17f,1.1053481794365605e-16f,-0.28124999999999994f,0f,0.9025852843498605f,0.4305110968082951f,1.4340135695347904f,-1.2246467991473532e-16f,0.4305110968082951f,-0.9025852843498605f,-0.4834172483608783f,0f,0f,0f,1f], start_interpolation: 0, interpolation_duration: 1 }
$data merge entity $(bone_hugeasssword2) { transformation: [-1.3026027395690256e-15f,2.887669569172986f,-2.646061646494669f,-1.234375f,-1.6861684624991555f,2.388296303608651f,2.606368059200439f,3.245910874122141f,3.535125697036954f,1.139158901654784f,1.2431737934445979f,0.3635020501877452f,0f,0f,0f,1f], start_interpolation: 0, interpolation_duration: 1 }
$data merge entity $(bone_belt) { transformation: [-1f,-5.272240367036949e-17f,1.1053481794365605e-16f,0.029705624999999992f,0f,0.9025852843498605f,0.4305110968082951f,1.66870325546331f,-1.2246467991473532e-16f,0.4305110968082951f,-0.9025852843498605f,0.04976742398321568f,0f,0f,0f,1f], start_interpolation: 0, interpolation_duration: 1 }
$data merge entity $(bone_torn_part) { transformation: [-1f,-8.352071086742828e-17f,8.956499697324858e-17f,-0.09375f,0f,0.7313537016191705f,0.6819983600624984f,1.4136008589113456f,-1.2246467991473532e-16f,0.6819983600624984f,-0.7313537016191705f,-0.07768040785338451f,0f,0f,0f,1f], start_interpolation: 0, interpolation_duration: 1 }
$data merge entity $(bone_lowerbody) { transformation: [-1f,-5.272240367036949e-17f,1.1053481794365605e-16f,0.00390625000000002f,0f,0.9025852843498605f,0.4305110968082951f,0.9123447650487237f,-1.2246467991473532e-16f,0.4305110968082951f,-0.9025852843498605f,-0.1609648487301107f,0f,0f,0f,1f], start_interpolation: 0, interpolation_duration: 1 }
$data merge entity $(bone_leftfoot) { transformation: [-0.9325282324795358f,0.058784472441204744f,-0.3562800603856495f,0.22633585647865695f,0.05882720606512362f,0.9982105616274668f,0.010725412903416387f,0.16875129551314683f,0.35627300691346836f,-0.010957210191765099f,-0.9343176569505947f,-0.18738249690705555f,0f,0f,0f,1f], start_interpolation: 0, interpolation_duration: 1 }
$data merge entity $(bone_leftlowerleg) { transformation: [-0.9439856401067964f,0.29484834125091475f,-0.14817411020062127f,0.5761995388244838f,0.06310143342070341f,0.6020358075200338f,0.7959717931961868f,0.7143371858326855f,0.3238970829946053f,0.7420359439577606f,-0.5869185101036606f,0.7259910897300309f,0f,0f,0f,1f], start_interpolation: 0, interpolation_duration: 1 }
$data merge entity $(bone_leftleg) { transformation: [-0.9439856401067964f,-0.2833906753099669f,-0.1690586774452072f,0.25f,0.06310143342070341f,0.34784219789872933f,-0.9354271828748796f,1.110251718662512f,0.3238970829946053f,-0.8936976728784415f,-0.31047568200946696f,-0.20535553495830147f,0f,0f,0f,1f], start_interpolation: 0, interpolation_duration: 1 }
$data merge entity $(bone_rightfoot) { transformation: [-0.9167303503360665f,0.005065713770424113f,0.3994744088382996f,-0.33872717348610837f,0.023586490649665927f,0.998861694400211f,0.041460739486565035f,0.17510844690475302f,-0.3988096566427974f,0.04743051764355649f,-0.9158063134552625f,-0.1350660012624204f,0f,0f,0f,1f], start_interpolation: 0, interpolation_duration: 1 }
$data merge entity $(bone_rightlowerleg) { transformation: [-0.9167303503360665f,-0.278889062841432f,0.28605306395866587f,-0.6920705293709162f,0.023586490649665927f,0.676984707533915f,0.7356190476218332f,0.8131137084914286f,-0.3988096566427974f,0.6811112951586161f,-0.6140344138367221f,0.7148855430896212f,0f,0f,0f,1f], start_interpolation: 0, interpolation_duration: 1 }
$data merge entity $(bone_rightleg) { transformation: [-0.9167303503360665f,0.39110169142821916f,0.08151645069983601f,-0.24999999999999997f,0.023586490649665927f,0.2566711939265144f,-0.9662109374599166f,1.110251718662512f,-0.3988096566427974f,-0.883832204193943f,-0.24452298991737018f,-0.20535553495830153f,0f,0f,0f,1f], start_interpolation: 0, interpolation_duration: 1 }
data modify entity @s data merge value {"locators":{"lefthand":{"posx":0.8488738478285538,"posy":1.043076127397274,"posz":-0.006638269615080156,"roty":343.1228803393749,"rotx":-41.79014278289851},"righthand":{"posx":-0.8373213998334544,"posy":1.1301604612137894,"posz":0.0031269620285734046,"roty":16.877119660625112,"rotx":-41.790142782898506},"chest":{"posx":-0.37500000000000006,"posy":1.1755674096734796,"posz":0.27619081543119445,"roty":0,"rotx":25.500000000000004},"sack":{"posx":0,"posy":-0.4375,"posz":0,"roty":0,"rotx":0}},"cameras":{}}