# This file was generated by Animated Java via MC-Build. It is not recommended to edit this file directly.
$data merge entity $(bone_nose) { transformation: [-0.7968607019781078f,0.0012323602359009395f,0.604161818498328f,0.023229494408422147f,0.14580848666284774f,0.9708309781547848f,0.19033417210819967f,4.120632540953118f,-0.5863044489512661f,0.23976174245127724f,-0.7737967433355349f,0.28096278264588836f,0f,0f,0f,1f], start_interpolation: 0, interpolation_duration: 1 }
$data merge entity $(bone_glowing_eye) { transformation: [-0.7968607019781078f,0.0012323602359009395f,0.604161818498328f,-0.09737725679557963f,0.14580848666284774f,0.9708309781547848f,0.19033417210819967f,4.197949917114178f,-0.5863044489512661f,0.23976174245127724f,-0.7737967433355349f,0.2509106655367471f,0f,0f,0f,1f], start_interpolation: 0, interpolation_duration: 1 }
$data merge entity $(bone_head) { transformation: [-0.7968607019781078f,0.0012323602359009395f,0.604161818498328f,0.13620964774052324f,0.14580848666284774f,0.9708309781547848f,0.19033417210819967f,4.036398391015494f,-0.5863044489512661f,0.23976174245127724f,-0.7737967433355349f,0.10646044277015432f,0f,0f,0f,1f], start_interpolation: 0, interpolation_duration: 1 }
$data merge entity $(bone_leftthumb2) { transformation: [0.6424423219194041f,0.6010376414705176f,0.47541730778586777f,-0.1701058497874988f,-0.22161976680454185f,0.7395863661945955f,-0.6355286664664107f,2.448548629801726f,-0.7335888098712422f,0.3029286392446763f,0.6083434043014389f,0.48038140303670124f,0f,0f,0f,1f], start_interpolation: 0, interpolation_duration: 1 }
$data merge entity $(bone_leftthumb) { transformation: [0.6424423219194041f,0.6010376414705176f,0.47541730778586777f,0.017922098580945428f,-0.22161976680454185f,0.7395863661945955f,-0.6355286664664107f,2.5756159481986507f,-0.7335888098712422f,0.3029286392446763f,0.6083434043014389f,0.606659886319754f,0f,0f,0f,1f], start_interpolation: 0, interpolation_duration: 1 }
$data merge entity $(bone_leftpointerfinger) { transformation: [0.8772875155812201f,0.06591660233179719f,0.47541730778586777f,-0.22727532018404045f,0.29066042310556417f,0.7152760533804555f,-0.6355286664664107f,2.327388427544683f,-0.38194650599976054f,0.6957263607177118f,0.6083434043014389f,0.6160137997238917f,0f,0f,0f,1f], start_interpolation: 0, interpolation_duration: 1 }
$data merge entity $(bone_leftmidfinger) { transformation: [0.8680539976157158f,0.14304069589110902f,0.47541730778586777f,-0.1529913658424986f,0.2264367159985448f,0.7381258210814876f,-0.6355286664664107f,2.228087073409306f,-0.4418242533758978f,0.6593251334294539f,0.6083434043014389f,0.7110674566459915f,0f,0f,0f,1f], start_interpolation: 0, interpolation_duration: 1 }
$data merge entity $(bone_leftringfinger) { transformation: [0.8680539976157158f,0.14304069589110902f,0.47541730778586777f,-0.07870741150095677f,0.2264367159985448f,0.7381258210814876f,-0.6355286664664107f,2.1287857192739295f,-0.4418242533758978f,0.6593251334294539f,0.6083434043014389f,0.8061211135680912f,0f,0f,0f,1f], start_interpolation: 0, interpolation_duration: 1 }
$data merge entity $(bone_invisibility) { transformation: [0.6401858603616664f,-0.42122431933566923f,-0.6424423219194039f,-0.055935683656622714f,0.6813820438206873f,0.6975694870908871f,0.22161976680454168f,2.3865872508984403f,0.3547965255632241f,-0.5796265034312693f,0.7335888098712422f,0.4925879864060002f,0f,0f,0f,1f], start_interpolation: 0, interpolation_duration: 1 }
$data merge entity $(bone_swiftness) { transformation: [0.47541730778586794f,0.6010376414705176f,-0.642442321919404f,-0.014725173854261808f,-0.6355286664664107f,0.7395863661945955f,0.2216197668045417f,2.155730501416359f,0.6083434043014387f,0.3029286392446763f,0.7335888098712423f,0.5274231273548784f,0f,0f,0f,1f], start_interpolation: 0, interpolation_duration: 1 }
$data merge entity $(bone_suspicious_stew) { transformation: [0.7456451309847789f,-0.17686492485933197f,-0.6424423219194041f,0.005031422109296968f,0.401706862559882f,0.8885472837918063f,0.22161976680454198f,2.2327575150206167f,0.53164361673116f,-0.42332318956171855f,0.7335888098712423f,0.5924525947479258f,0f,0f,0f,1f], start_interpolation: 0, interpolation_duration: 1 }
$data merge entity $(bone_log) { transformation: [0.6424423219194041f,0.6010376414705176f,0.47541730778586777f,0.1626752812755184f,-0.22161976680454185f,0.7395863661945955f,-0.6355286664664107f,2.2746385514164023f,-0.7335888098712422f,0.3029286392446763f,0.6083434043014389f,0.5900608208047113f,0f,0f,0f,1f], start_interpolation: 0, interpolation_duration: 1 }
$data merge entity $(bone_planks) { transformation: [0.6424423219194041f,0.6010376414705176f,0.47541730778586777f,0.22290424895546251f,-0.22161976680454185f,0.7395863661945955f,-0.6355286664664107f,2.2538616982784765f,-0.7335888098712422f,0.3029286392446763f,0.6083434043014389f,0.5212868698792823f,0f,0f,0f,1f], start_interpolation: 0, interpolation_duration: 1 }
$data merge entity $(bone_lefthand) { transformation: [0.6424423219194041f,0.6010376414705176f,0.47541730778586777f,0.13746732029498843f,-0.22161976680454185f,0.7395863661945955f,-0.6355286664664107f,2.534800355493262f,-0.7335888098712422f,0.3029286392446763f,0.6083434043014389f,0.830179451699271f,0f,0f,0f,1f], start_interpolation: 0, interpolation_duration: 1 }
$data merge entity $(bone_leftforearm) { transformation: [0.3167864707777931f,0.9042445659031874f,0.28633563691358266f,0.7668753470657246f,-0.40829872451663757f,0.4024863144854631f,-0.8193271130690084f,2.8095601462298045f,-0.8561182648969929f,0.14264126922621417f,0.4967041220115831f,0.8701251598752814f,0f,0f,0f,1f], start_interpolation: 0, interpolation_duration: 1 }
$data merge entity $(bone_leftelbow) { transformation: [0.3167864707777931f,0.9042445659031874f,0.28633563691358266f,0.9364212031725722f,-0.40829872451663757f,0.4024863144854631f,-0.8193271130690084f,2.8850263301958288f,-0.8561182648969929f,0.14264126922621417f,0.4967041220115831f,0.8968703978551965f,0f,0f,0f,1f], start_interpolation: 0, interpolation_duration: 1 }
$data merge entity $(bone_leftarm) { transformation: [0.024405023726063957f,0.14270415586564658f,0.9894644605621791f,0.809711597099833f,-0.3127479864766502f,0.9411685993094387f,-0.12802485941687308f,3.3828308423610314f,-0.9495225599066784f,-0.3063285679994317f,0.06759967940520434f,0.45375261156211844f,0f,0f,0f,1f], start_interpolation: 0, interpolation_duration: 1 }
$data merge entity $(bone_rightthumb2) { transformation: [-0.9434862017822923f,0.050973533158013194f,-0.32746829764698315f,-1.0854418640003294f,0.04499088498993888f,0.9986535579048725f,0.025824243488652688f,2.439832432380447f,0.32834373347796075f,0.009631728885723508f,-0.9445091966118837f,-0.6378068066646658f,0f,0f,0f,1f], start_interpolation: 0, interpolation_duration: 1 }
$data merge entity $(bone_rightthumb) { transformation: [-0.9434862017822923f,0.050973533158013194f,-0.32746829764698315f,-1.1009256093409925f,0.04499088498993888f,0.9986535579048725f,0.025824243488652688f,2.686951602842864f,0.32834373347796075f,0.009631728885723508f,-0.9445091966118837f,-0.7161600920628688f,0f,0f,0f,1f], start_interpolation: 0, interpolation_duration: 1 }
$data merge entity $(bone_rightpointerfinger) { transformation: [-0.9285635297931444f,-0.17474062256465644f,-0.32746829764698315f,-1.236195179680606f,-0.19366432268646955f,0.9807279126070745f,0.025824243488652688f,2.365399793614633f,0.3166447556118493f,0.0873983767531551f,-0.9445091966118837f,-0.727681775845527f,0f,0f,0f,1f], start_interpolation: 0, interpolation_duration: 1 }
$data merge entity $(bone_rightmidfinger) { transformation: [-0.9200576641615056f,-0.2150776805106976f,-0.32746829764698315f,-1.2873621011879472f,-0.2362587478837778f,0.9713469578356788f,0.025824243488652688f,2.369434831659735f,0.31253111631654257f,0.10112704311661619f,-0.9445091966118837f,-0.8752613378161338f,0f,0f,0f,1f], start_interpolation: 0, interpolation_duration: 1 }
$data merge entity $(bone_rightringfinger) { transformation: [-0.9245306102263539f,-0.19495554567816997f,-0.32746829764698315f,-1.3385290226952884f,-0.21501270248579085f,0.9762697609871952f,0.025824243488652688f,2.373469869704837f,0.3146628171936475f,0.09428514724669713f,-0.9445091966118837f,-1.0228408997867406f,0f,0f,0f,1f], start_interpolation: 0, interpolation_duration: 1 }
$data merge entity $(bone_hugeasssword) { transformation: [-3.695320956980645f,0.19964633820221836f,-1.2825841657840173f,-1.0212778877660702f,0.1762142995439273f,3.911393101794084f,0.1011449536638897f,2.5599321279791996f,1.286012956122013f,0.03772427146908374f,-3.699327686729878f,-0.9457632408942438f,0f,0f,0f,1f], start_interpolation: 0, interpolation_duration: 1 }
$data merge entity $(bone_ice) { transformation: [-0.9434862017822923f,0.050973533158013194f,-0.32746829764698315f,-1.0073323773188159f,0.04499088498993888f,0.9986535579048725f,0.025824243488652688f,2.543625183558968f,0.32834373347796075f,0.009631728885723508f,-0.9445091966118837f,-0.9510441074936763f,0f,0f,0f,1f], start_interpolation: 0, interpolation_duration: 1 }
$data merge entity $(bone_righthand) { transformation: [-0.9434862017822923f,0.050973533158013194f,-0.32746829764698315f,-1.2406939287763539f,0.04499088498993888f,0.9986535579048725f,0.025824243488652688f,2.8053433018916913f,0.32834373347796075f,0.009631728885723508f,-0.9445091966118837f,-0.8960661542968766f,0f,0f,0f,1f], start_interpolation: 0, interpolation_duration: 1 }
$data merge entity $(bone_rightforearm) { transformation: [-0.8187268883794632f,0.23666942302522298f,-0.5231384773168483f,-1.0348150239762308f,0.2919899765489785f,0.9561094205995466f,-0.024425999175594015f,3.454171437082038f,0.49439673930903827f,-0.17274941402420824f,-0.8518975901567534f,-1.0261986708634039f,0f,0f,0f,1f], start_interpolation: 0, interpolation_duration: 1 }
$data merge entity $(bone_rightelbow) { transformation: [-0.8187268883794632f,0.23666942302522298f,-0.5231384773168483f,-0.9904395071590015f,0.2919899765489785f,0.9561094205995466f,-0.024425999175594015f,3.633441953444453f,0.49439673930903827f,-0.17274941402420824f,-0.8518975901567534f,-1.0585891859929428f,0f,0f,0f,1f], start_interpolation: 0, interpolation_duration: 1 }
$data merge entity $(bone_rightarm) { transformation: [-0.8301208739987473f,0.5106147694235865f,0.22399082971865986f,-0.5357926594238872f,0.49746106251346406f,0.49677237561645626f,0.7111608103005661f,3.6630746817982187f,0.2518567565790747f,0.7017761495454803f,-0.6663920843576914f,-0.6118443315014764f,0f,0f,0f,1f], start_interpolation: 0, interpolation_duration: 1 }
$data merge entity $(bone_chest) { transformation: [-0.8632657604762833f,0.0013350569222260176f,0.6545086367065219f,0.18289039425020442f,0.15795919388475171f,1.0517335596676836f,0.2061953531172163f,3.414818686783968f,-0.6351631530305383f,0.25974188765555034f,-0.8382798052801628f,-0.11552793490583399f,0f,0f,0f,1f], start_interpolation: 0, interpolation_duration: 1 }
$data merge entity $(bone_chest1lid) { transformation: [-0.7968607019781078f,0.0012323602359009395f,0.604161818498328f,-0.3264417460831177f,0.14580848666284774f,0.9708309781547848f,0.19033417210819967f,2.726606348212694f,-0.5863044489512661f,0.23976174245127724f,-0.7737967433355349f,-0.17677138575800125f,0f,0f,0f,1f], start_interpolation: 0, interpolation_duration: 1 }
$data merge entity $(bone_chest1) { transformation: [-0.7968607019781078f,0.0012323602359009395f,0.604161818498328f,-0.32663430236997726f,0.14580848666284774f,0.9708309781547848f,0.19033417210819967f,2.574914007876009f,-0.5863044489512661f,0.23976174245127724f,-0.7737967433355349f,-0.2142341580160133f,0f,0f,0f,1f], start_interpolation: 0, interpolation_duration: 1 }
$data merge entity $(bone_chest1lid3) { transformation: [-0.7968607019781078f,0.0012323602359009395f,0.604161818498328f,0.11040321276600537f,0.14580848666284774f,0.9708309781547848f,0.19033417210819967f,2.8394261468030817f,-0.5863044489512661f,0.23976174245127724f,-0.7737967433355349f,-0.6358408963978741f,0f,0f,0f,1f], start_interpolation: 0, interpolation_duration: 1 }
$data merge entity $(bone_chest3) { transformation: [-0.7968607019781078f,0.0012323602359009395f,0.604161818498328f,0.11021065647914585f,0.14580848666284774f,0.9708309781547848f,0.19033417210819967f,2.6877338064663965f,-0.5863044489512661f,0.23976174245127724f,-0.7737967433355349f,-0.6733036686558862f,0f,0f,0f,1f], start_interpolation: 0, interpolation_duration: 1 }
$data merge entity $(bone_hugeasssword2) { transformation: [-2.366300455785119f,2.304331301126888f,-2.104983891951619f,-0.6373924512078999f,-0.7454755074237818f,2.1478318866608097f,3.1892573167200067f,4.771343448065683f,3.0307039113975116f,2.3274778665043647f,-0.8590450280106933f,-0.764692185774625f,0f,0f,0f,1f], start_interpolation: 0, interpolation_duration: 1 }
$data merge entity $(bone_belt) { transformation: [-0.7968607019781078f,0.0012323602359009395f,0.604161818498328f,0.12883566795994195f,0.14580848666284774f,0.9708309781547848f,0.19033417210819967f,2.9985223007239763f,-0.5863044489512661f,0.23976174245127724f,-0.7737967433355349f,-0.09096170296262354f,0f,0f,0f,1f], start_interpolation: 0, interpolation_duration: 1 }
$data merge entity $(bone_torn_part) { transformation: [-0.9210906414256725f,-0.1082075679741524f,0.37400956205846175f,-0.04863167959616742f,-0.008787604163861363f,0.9661372761509907f,0.2578789282679055f,2.700617903968541f,-0.38924903120123805f,0.2342432194635812f,-0.8908508886700592f,-0.08108061406958295f,0f,0f,0f,1f], start_interpolation: 0, interpolation_duration: 1 }
$data merge entity $(bone_lowerbody) { transformation: [-0.9210906414256725f,0.009267452604842638f,0.3892379023171563f,-0.017943125000000015f,-0.008787604163861363f,0.9989671863150261f,-0.04457957692597672f,2.219968125f,-0.38924903120123805f,-0.04448229971636791f,-0.9200578877010082f,0.10803499999999999f,0f,0f,0f,1f], start_interpolation: 0, interpolation_duration: 1 }
$data merge entity $(bone_leftfoot) { transformation: [-0.9606101166200167f,-0.24618743125544762f,0.128918394882662f,0.5571902881637987f,-0.19856518327015185f,0.9326040007328675f,0.3013662983977148f,0.22617910995756663f,-0.19442240570512626f,0.263896810342402f,-0.94475309031034f,-0.19225830445837871f,0f,0f,0f,1f], start_interpolation: 0, interpolation_duration: 1 }
$data merge entity $(bone_leftlowerleg) { transformation: [-0.9606101166200167f,-0.24618743125544762f,0.128918394882662f,0.2642683592590431f,-0.19856518327015185f,0.9326040007328675f,0.3013662983977148f,1.2144830599993381f,-0.19442240570512626f,0.263896810342402f,-0.94475309031034f,0.24565939854663715f,0f,0f,0f,1f], start_interpolation: 0, interpolation_duration: 1 }
$data merge entity $(bone_leftleg) { transformation: [-0.9411410715440045f,0.036789467608416206f,0.336005979896329f,0.26276930003168114f,-0.03607090666572918f,0.9774517809497232f,-0.20805505427777202f,2.212026321981054f,-0.336083878139543f,-0.20792919706309576f,-0.9185929870532331f,0.07296377859689444f,0f,0f,0f,1f], start_interpolation: 0, interpolation_duration: 1 }
$data merge entity $(bone_rightfoot) { transformation: [-0.9077773486528533f,0.008812856324851015f,0.41935977255358414f,-0.41977192571977573f,0.10987557935174952f,0.9698644994983049f,0.2174631225633895f,0.21126283898296117f,-0.40480568466230016f,0.2434854947965073f,-0.8813893416015346f,-0.27860817638423857f,0f,0f,0f,1f], start_interpolation: 0, interpolation_duration: 1 }
$data merge entity $(bone_rightlowerleg) { transformation: [-0.9077773486528533f,0.008812856324851015f,0.41935977255358414f,-0.4744279575882474f,0.10987557935174952f,0.9698644994983049f,0.2174631225633895f,1.2537940107331895f,-0.40480568466230016f,0.2434854947965073f,-0.8813893416015346f,0.12693016066434304f,0f,0f,0f,1f], start_interpolation: 0, interpolation_duration: 1 }
$data merge entity $(bone_rightleg) { transformation: [-0.8977021528988444f,0.24198622854535223f,0.3682030823814169f,-0.22407668330392072f,0.09831024648501228f,0.9246210452371366f,-0.3679823611814036f,2.189400989965378f,-0.4294949826445426f,-0.2941404220758877f,-0.8538240286992295f,-0.10061731745248113f,0f,0f,0f,1f], start_interpolation: 0, interpolation_duration: 1 }
data modify entity @s data merge value {"locators":{"lefthand":{"posx":0.04806185242153589,"posy":2.247565355108913,"posz":0.62566310609694,"roty":141.99255279954002,"rotx":-39.459205707289016},"righthand":{"posx":-1.0914639780407656,"posy":2.531835613380001,"posz":-0.9056544220468963,"roty":340.87819186877806,"rotx":1.4797846680890823},"chest":{"posx":-0.44582094967504116,"posy":2.6407462128943275,"posz":-0.08917276754475581,"roty":37.98185885095353,"rotx":10.972286737822003},"sack":{"posx":0,"posy":-0.4375,"posz":0,"roty":0,"rotx":0}},"cameras":{}}