# This file was generated by Animated Java via MC-Build. It is not recommended to edit this file directly.
$data merge entity $(bone_nose) { transformation: [-0.7548725512186757f,-0.06020303723759114f,0.6531026150031687f,0.00198732888698977f,0.14099939337418854f,0.9575993474290366f,0.25124223544538465f,4.085286336584867f,-0.6405361835874058f,0.2817429397710837f,-0.7143768707093117f,0.3309739806307549f,0f,0f,0f,1f], start_interpolation: 0, interpolation_duration: 1 }
$data merge entity $(bone_glowing_eye) { transformation: [-0.7548725512186757f,-0.06020303723759114f,0.6531026150031687f,-0.11923839872567715f,0.14099939337418854f,0.9575993474290366f,0.25124223544538465f,4.15898126224002f,-0.6405361835874058f,0.2817429397710837f,-0.7143768707093117f,0.2949118712551628f,0f,0f,0f,1f], start_interpolation: 0, interpolation_duration: 1 }
$data merge entity $(bone_head) { transformation: [-0.7548725512186757f,-0.06020303723759114f,0.6531026150031687f,0.1317177419630145f,0.14099939337418854f,0.9575993474290366f,0.25124223544538465f,4.0140913264606155f,-0.6405361835874058f,0.2817429397710837f,-0.7143768707093117f,0.16241460194983617f,0f,0f,0f,1f], start_interpolation: 0, interpolation_duration: 1 }
$data merge entity $(bone_leftthumb2) { transformation: [0.7619253748662911f,0.5469643119679576f,0.34684256452788526f,-0.010664630270003722f,-0.20513331580282756f,0.7117583745963516f,-0.6718037949726815f,2.459233237936922f,-0.6143208004638935f,0.44071539299799634f,0.6545073693183465f,0.42336866092190506f,0f,0f,0f,1f], start_interpolation: 0, interpolation_duration: 1 }
$data merge entity $(bone_leftthumb) { transformation: [0.7619253748662911f,0.5469643119679576f,0.34684256452788526f,0.15311456346593988f,-0.20513331580282756f,0.7117583745963516f,-0.6718037949726815f,2.5763759683099896f,-0.6143208004638935f,0.44071539299799634f,0.6545073693183465f,0.5873833692027388f,0f,0f,0f,1f], start_interpolation: 0, interpolation_duration: 1 }
$data merge entity $(bone_leftpointerfinger) { transformation: [0.933717673203961f,-0.08872171198923368f,0.34684256452788526f,-0.09343544406230214f,0.3133279943998043f,0.6711968630630654f,-0.6718037949726815f,2.3337759051721516f,-0.1731960584770248f,0.7359505614074904f,0.6545073693183465f,0.540645001362807f,0f,0f,0f,1f], start_interpolation: 0, interpolation_duration: 1 }
$data merge entity $(bone_leftmidfinger) { transformation: [0.9379227242324748f,-0.0010948972793830558f,0.34684256452788526f,-0.03924129335482007f,0.24924641964126754f,0.6975355785594827f,-0.6718037949726815f,2.2288065622076703f,-0.24119947276961823f,0.7165493129182634f,0.6545073693183465f,0.6429117778187987f,0f,0f,0f,1f], start_interpolation: 0, interpolation_duration: 1 }
$data merge entity $(bone_leftringfinger) { transformation: [0.9379227242324748f,-0.0010948972793830558f,0.34684256452788526f,0.014952857352661997f,0.24924641964126754f,0.6975355785594827f,-0.6718037949726815f,2.123837219243189f,-0.24119947276961823f,0.7165493129182634f,0.6545073693183465f,0.7451785542747904f,0f,0f,0f,1f], start_interpolation: 0, interpolation_duration: 1 }
$data merge entity $(bone_invisibility) { transformation: [0.5751122689558092f,-0.2978516429891942f,-0.7619253748662907f,0.09841095520512633f,0.6504983603637443f,0.7312812085045102f,0.2051333158028274f,2.394155849273494f,0.49608241377878f,-0.6136058937598462f,0.6143208004638935f,0.45320974209378456f,0f,0f,0f,1f], start_interpolation: 0, interpolation_duration: 1 }
$data merge entity $(bone_swiftness) { transformation: [0.3468425645278854f,0.5469643119679576f,-0.761925374866291f,0.1290591927307118f,-0.6718037949726815f,0.7117583745963516f,0.20513331580282743f,2.161124558744576f,0.6545073693183464f,0.44071539299799634f,0.6143208004638936f,0.48425382551612794f,0f,0f,0f,1f], start_interpolation: 0, interpolation_duration: 1 }
$data merge entity $(bone_suspicious_stew) { transformation: [0.6423000168861648f,-0.08318901034928841f,-0.7619253748662912f,0.1378049839306068f,0.3611556053230624f,0.90966309779581f,0.2051333158028277f,2.2348289639069123f,0.6760305592587992f,-0.4069307521749076f,0.6143208004638936f,0.5552713397941934f,0f,0f,0f,1f], start_interpolation: 0, interpolation_duration: 1 }
$data merge entity $(bone_log) { transformation: [0.7619253748662911f,0.5469643119679576f,0.34684256452788526f,0.29386427203256094f,-0.20513331580282756f,0.7117583745963516f,-0.6718037949726815f,2.2730767094855966f,-0.6143208004638935f,0.44071539299799634f,0.6545073693183465f,0.5834482218122505f,0f,0f,0f,1f], start_interpolation: 0, interpolation_duration: 1 }
$data merge entity $(bone_planks) { transformation: [0.7619253748662911f,0.5469643119679576f,0.34684256452788526f,0.3652947759262757f,-0.20513331580282756f,0.7117583745963516f,-0.6718037949726815f,2.2538454611290817f,-0.6143208004638935f,0.44071539299799634f,0.6545073693183465f,0.5258556467687605f,0f,0f,0f,1f], start_interpolation: 0, interpolation_duration: 1 }
$data merge entity $(bone_lefthand) { transformation: [0.7619253748662911f,0.5469643119679576f,0.34684256452788526f,0.22928517616648114f,-0.20513331580282756f,0.7117583745963516f,-0.6718037949726815f,2.5232935006782875f,-0.6143208004638935f,0.44071539299799634f,0.6545073693183465f,0.8267539148865246f,0f,0f,0f,1f], start_interpolation: 0, interpolation_duration: 1 }
$data merge entity $(bone_leftforearm) { transformation: [0.39374461849075104f,0.8926965965925554f,0.2192212622936952f,0.8537297511784727f,-0.3870990513726725f,0.37733665830731855f,-0.841291489748852f,2.7824511585730187f,-0.8337382681848962f,0.24639365399606822f,0.49413628427238143f,0.9391625075695713f,0f,0f,0f,1f], start_interpolation: 0, interpolation_duration: 1 }
$data merge entity $(bone_leftelbow) { transformation: [0.39374461849075104f,0.8926965965925554f,0.2192212622936952f,1.0211103630395768f,-0.3870990513726725f,0.37733665830731855f,-0.841291489748852f,2.853201782005641f,-0.8337382681848962f,0.24639365399606822f,0.49413628427238143f,0.9853613176938341f,0f,0f,0f,1f], start_interpolation: 0, interpolation_duration: 1 }
$data merge entity $(bone_leftarm) { transformation: [0.07798644527129739f,0.009246566319929761f,0.9969115383850455f,0.8151425765499073f,-0.2777376937419075f,0.9605714384682673f,0.012817373909275759f,3.3677416692697304f,-0.9574862337542369f,-0.2778794929646571f,0.07747967192000588f,0.5380754386205772f,0f,0f,0f,1f], start_interpolation: 0, interpolation_duration: 1 }
$data merge entity $(bone_rightthumb2) { transformation: [-0.7668479267960491f,0.6335431517180306f,0.10279752954125998f,-0.9834707830265732f,0.6127337413766254f,0.7703107193612277f,-0.17657507699500097f,2.5843395374956697f,-0.19105396972375188f,-0.07241871683737874f,-0.9789044438066584f,-0.8030573639645282f,0f,0f,0f,1f], start_interpolation: 0, interpolation_duration: 1 }
$data merge entity $(bone_rightthumb) { transformation: [-0.7668479267960491f,0.6335431517180306f,0.10279752954125998f,-0.8193142567605919f,0.6127337413766254f,0.7703107193612277f,-0.17657507699500097f,2.7581627994463154f,-0.19105396972375188f,-0.07241871683737874f,-0.9789044438066584f,-0.9044722376351265f,0f,0f,0f,1f], start_interpolation: 0, interpolation_duration: 1 }
$data merge entity $(bone_rightpointerfinger) { transformation: [-0.9222794856720098f,0.37260329873578313f,0.10279752954125998f,-1.106250961214142f,0.35171901736414213f,0.9193013515755385f,-0.17657507699500097f,2.5641453908848404f,-0.16029436400876892f,-0.12669572511573163f,-0.9789044438066584f,-0.9474925199148341f,0f,0f,0f,1f], start_interpolation: 0, interpolation_duration: 1 }
$data merge entity $(bone_rightmidfinger) { transformation: [-0.93765440758321f,0.33201939681288756f,0.10279752954125998f,-1.09018884722332f,0.3112848970343144f,0.9337681484515017f,-0.17657507699500097f,2.5365555351043714f,-0.15461540938120033f,-0.13356708081507424f,-0.9789044438066584f,-1.1004463392596244f,0f,0f,0f,1f], start_interpolation: 0, interpolation_duration: 1 }
$data merge entity $(bone_rightringfinger) { transformation: [-0.9275568081385387f,0.35926457603841216f,0.10279752954125998f,-1.0741267332324982f,0.33842541329005016f,0.9242778163645756f,-0.17657507699500097f,2.5089656793239024f,-0.15845064630762778f,-0.12899411839410269f,-0.9789044438066584f,-1.253400158604415f,0f,0f,0f,1f], start_interpolation: 0, interpolation_duration: 1 }
$data merge entity $(bone_hugeasssword) { transformation: [-3.003487713284526f,2.481377344228953f,0.40262365736993494f,-0.7594126253744768f,2.399873820391783f,3.0170503174981422f,-0.6915857182304205f,2.5330264854995015f,-0.7482947147513616f,-0.2836399742797334f,-3.8340424049094124f,-1.0491122984748664f,0f,0f,0f,1f], start_interpolation: 0, interpolation_duration: 1 }
$data merge entity $(bone_ice) { transformation: [-0.7668479267960491f,0.6335431517180306f,0.10279752954125998f,-0.7573297382638827f,0.6127337413766254f,0.7703107193612277f,-0.17657507699500097f,2.511416415800473f,-0.19105396972375188f,-0.07241871683737874f,-0.9789044438066584f,-1.0449955377473488f,0f,0f,0f,1f], start_interpolation: 0, interpolation_duration: 1 }
$data merge entity $(bone_righthand) { transformation: [-0.7668479267960491f,0.6335431517180306f,0.10279752954125998f,-0.787443509235223f,0.6127337413766254f,0.7703107193612277f,-0.17657507699500097f,2.851659559828842f,-0.19105396972375188f,-0.07241871683737874f,-0.9789044438066584f,-1.1414544732565894f,0f,0f,0f,1f], start_interpolation: 0, interpolation_duration: 1 }
$data merge entity $(bone_rightforearm) { transformation: [-0.9751136744591065f,0.046189151841260156f,-0.2168406883752329f,-0.6345719415204789f,0.06803504866719878f,0.9932083108842715f,-0.09438476224086126f,3.550266156603212f,0.21100842171750328f,-0.10678863910827319f,-0.9716334867231013f,-1.2268009610865027f,0f,0f,0f,1f], start_interpolation: 0, interpolation_duration: 1 }
$data merge entity $(bone_rightelbow) { transformation: [-0.9751136744591065f,0.046189151841260156f,-0.2168406883752329f,-0.6259114755502426f,0.06803504866719878f,0.9932083108842715f,-0.09438476224086126f,3.7364927148940126f,0.21100842171750328f,-0.10678863910827319f,-0.9716334867231013f,-1.246823830919304f,0f,0f,0f,1f], start_interpolation: 0, interpolation_duration: 1 }
$data merge entity $(bone_rightarm) { transformation: [-0.9417224681447934f,0.06556062483177294f,0.32994029378502154f,-0.4089384893315928f,0.33180614717371254f,0.3424164707273456f,0.879008328329354f,3.6820354585304518f,-0.05534865571100611f,0.937258110152319f,-0.344214702278517f,-0.6112312689450331f,0f,0f,0f,1f], start_interpolation: 0, interpolation_duration: 1 }
$data merge entity $(bone_chest) { transformation: [-0.8177785971535653f,-0.0652199570073904f,0.7075278329200994f,0.22283240777916383f,0.1527493428220376f,1.0373992930481228f,0.2721790883991667f,3.4061628309806684f,-0.6939141988863563f,0.3052215180853407f,-0.7739082766017542f,-0.08241252621852893f,0f,0f,0f,1f], start_interpolation: 0, interpolation_duration: 1 }
$data merge entity $(bone_chest1lid) { transformation: [-0.7548725512186757f,-0.06020303723759114f,0.6531026150031687f,-0.2493273473474783f,0.14099939337418854f,0.9575993474290366f,0.25124223544538465f,2.7015171831884395f,-0.6405361835874058f,0.2817429397710837f,-0.7143768707093117f,-0.2141163192419893f,0f,0f,0f,1f], start_interpolation: 0, interpolation_duration: 1 }
$data merge entity $(bone_chest1) { transformation: [-0.7548725512186757f,-0.06020303723759114f,0.6531026150031687f,-0.2399206227791047f,0.14099939337418854f,0.9575993474290366f,0.25124223544538465f,2.5518922851526527f,-0.6405361835874058f,0.2817429397710837f,-0.7143768707093117f,-0.2581386535812211f,0f,0f,0f,1f], start_interpolation: 0, interpolation_duration: 1 }
$data merge entity $(bone_chest1lid3) { transformation: [-0.7548725512186757f,-0.06020303723759114f,0.6531026150031687f,0.21624604984009388f,0.14099939337418854f,0.9575993474290366f,0.25124223544538465f,2.853656778184752f,-0.6405361835874058f,0.2817429397710837f,-0.7143768707093117f,-0.6317304905659292f,0f,0f,0f,1f], start_interpolation: 0, interpolation_duration: 1 }
$data merge entity $(bone_chest3) { transformation: [-0.7548725512186757f,-0.06020303723759114f,0.6531026150031687f,0.22565277440846748f,0.14099939337418854f,0.9575993474290366f,0.25124223544538465f,2.7040318801489653f,-0.6405361835874058f,0.2817429397710837f,-0.7143768707093117f,-0.6757528249051611f,0f,0f,0f,1f], start_interpolation: 0, interpolation_duration: 1 }
$data merge entity $(bone_hugeasssword2) { transformation: [-2.557985242095745f,2.0205215469212656f,-2.1712857843741005f,-0.6040364720875906f,-0.9840320888277562f,2.1267072484218024f,3.1383235820171937f,4.757546281745647f,2.7979760769448037f,2.595166032398475f,-0.8813177150764075f,-0.7339401339495728f,0f,0f,0f,1f], start_interpolation: 0, interpolation_duration: 1 }
$data merge entity $(bone_belt) { transformation: [-0.7548725512186757f,-0.06020303723759114f,0.6531026150031687f,0.18549794276640635f,0.14099939337418854f,0.9575993474290366f,0.25124223544538465f,2.987318011873337f,-0.6405361835874058f,0.2817429397710837f,-0.7143768707093117f,-0.08060989980944391f,0f,0f,0f,1f], start_interpolation: 0, interpolation_duration: 1 }
$data merge entity $(bone_torn_part) { transformation: [-0.8926005081307311f,-0.11751245642775345f,0.43526446612269676f,-0.028144290698965548f,-0.0013137280316994262f,0.9661079098266843f,0.25813519846966637f,2.6848950473998157f,-0.4508465448502623f,0.22983979019010325f,-0.8625027906284998f,-0.08260190562823702f,0f,0f,0f,1f], start_interpolation: 0, interpolation_duration: 1 }
$data merge entity $(bone_lowerbody) { transformation: [-0.8926005081307311f,0.01881292766201519f,0.4504557765614119f,-0.013507615740740752f,-0.0013137280316994262f,0.9990162410896636f,-0.044326337066556636f,2.2034558333333334f,-0.4508465448502623f,-0.04015748736989217f,-0.8916976893570586f,0.10642921296296295f,0f,0f,0f,1f], start_interpolation: 0, interpolation_duration: 1 }
$data merge entity $(bone_leftfoot) { transformation: [-0.957023855647319f,-0.24643996851807445f,0.1528368825846779f,0.5607731244211341f,-0.18395805722648773f,0.9233708614664347f,0.33696466287860094f,0.23344185461633804f,-0.22416502435360258f,0.29436982540937273f,-0.9290294415641025f,-0.17672388754229806f,0f,0f,0f,1f], start_interpolation: 0, interpolation_duration: 1 }
$data merge entity $(bone_leftlowerleg) { transformation: [-0.957023855647319f,-0.24643996851807445f,0.1528368825846779f,0.26389606599862087f,-0.18395805722648773f,0.9233708614664347f,0.33696466287860094f,1.206033257824767f,-0.22416502435360258f,0.29436982540937273f,-0.9290294415641025f,0.2925839467137423f,0f,0f,0f,1f], start_interpolation: 0, interpolation_duration: 1 }
$data merge entity $(bone_leftleg) { transformation: [-0.9281902263192575f,0.04032916148306734f,0.36991412854807065f,0.2668680018937482f,-0.0498921317486678f,0.9716448671962866f,-0.231121239267801f,2.1900216291727337f,-0.368746090087718f,-0.23298027982038144f,-0.8998591613468395f,0.09656443386686818f,0f,0f,0f,1f], start_interpolation: 0, interpolation_duration: 1 }
$data merge entity $(bone_rightfoot) { transformation: [-0.9059708413113422f,0.025542036485190545f,0.4225753270840032f,-0.4169629215177055f,0.13190699072588163f,0.965516973419003f,0.2244373220390971f,0.21239217141097266f,-0.40227359740484964f,0.25907267801690514f,-0.8780990726653606f,-0.2754444405829742f,0f,0f,0f,1f], start_interpolation: 0, interpolation_duration: 1 }
$data merge entity $(bone_rightlowerleg) { transformation: [-0.9059708413113422f,0.025542036485190545f,0.4225753270840032f,-0.4535540750313483f,0.13190699072588163f,0.965516973419003f,0.2244373220390971f,1.2490287511796558f,-0.40227359740484964f,0.25907267801690514f,-0.8780990726653606f,0.14688039242361972f,0f,0f,0f,1f], start_interpolation: 0, interpolation_duration: 1 }
$data merge entity $(bone_rightleg) { transformation: [-0.8651857649948743f,0.24226492239463332f,0.43904589672078315f,-0.19916072208601243f,0.050237346114230565f,0.9130214962117269f,-0.4048060727196405f,2.175002392873118f,-0.49892865332192876f,-0.3281759510269181f,-0.8021039484143838f,-0.1031601331102998f,0f,0f,0f,1f], start_interpolation: 0, interpolation_duration: 1 }
data modify entity @s data merge value {"locators":{"lefthand":{"posx":0.17428276619560126,"posy":2.24719876912322,"posz":0.5963832291321729,"roty":152.07957746646497,"rotx":-42.20643567194237},"righthand":{"posx":-0.8407270545456887,"posy":2.559583084642559,"posz":-1.0464799230238873,"roty":5.994820245107405,"rotx":-10.17033089943537},"chest":{"posx":-0.3712017083399576,"posy":2.606816855728727,"posz":-0.14012062266645853,"roty":42.43439699960237,"rotx":14.55103345266954},"sack":{"posx":0,"posy":-0.4375,"posz":0,"roty":0,"rotx":0}},"cameras":{}}