# This file was generated by Animated Java via MC-Build. It is not recommended to edit this file directly.
$data merge entity $(bone_nose) { transformation: [-0.9645184937851272f,-0.002298270730987123f,0.26400528990555605f,0.08030661958566156f,0.042680894090417906f,0.9854516758010129f,0.16450937949131608f,4.027561199043193f,-0.26054254244962005f,0.16994032073825927f,-0.9503882737919622f,0.2017104358760054f,0f,0f,0f,1f], start_interpolation: 0, interpolation_duration: 1 }
$data merge entity $(bone_glowing_eye) { transformation: [-0.9645184937851272f,-0.002298270730987123f,0.26400528990555605f,-0.04962643333397743f,0.042680894090417906f,0.9854516758010129f,0.16450937949131608f,4.093878738435378f,-0.26054254244962005f,0.16994032073825927f,-0.9503882737919622f,0.2138133513555307f,0f,0f,0f,1f], start_interpolation: 0, interpolation_duration: 1 }
$data merge entity $(bone_head) { transformation: [-0.9645184937851272f,-0.002298270730987123f,0.26400528990555605f,0.13002671343469271f,0.042680894090417906f,0.9854516758010129f,0.16450937949131608f,3.9366859095084172f,-0.26054254244962005f,0.16994032073825927f,-0.9503882737919622f,0.002761779925833596f,0f,0f,0f,1f], start_interpolation: 0, interpolation_duration: 1 }
$data merge entity $(bone_leftthumb2) { transformation: [0.17858521514449915f,0.2971813004363122f,0.9379715324053151f,0.9918134927170292f,0.1175813059689963f,0.9400190204733051f,-0.3202169227805315f,2.0971058704088836f,-0.9768735626571222f,0.1674739257896285f,0.1329305335962802f,-0.01199679409387399f,0f,0f,0f,1f], start_interpolation: 0, interpolation_duration: 1 }
$data merge entity $(bone_leftthumb) { transformation: [0.17858521514449915f,0.2971813004363122f,0.9379715324053151f,1.1448516800198087f,0.1175813059689963f,0.9400190204733051f,-0.3202169227805315f,2.300273547358791f,-0.9768735626571222f,0.1674739257896285f,0.1329305335962802f,0.0404348412263931f,0f,0f,0f,1f], start_interpolation: 0, interpolation_duration: 1 }
$data merge entity $(bone_leftpointerfinger) { transformation: [0.30463027374097434f,0.16555905507619856f,0.9379715324053151f,1.0717737234892133f,0.5780677230702208f,0.7505323643317303f,-0.3202169227805315f,1.9639591826702911f,-0.7569928030469705f,0.6397588368853524f,0.1329305335962802f,0.09855912400461964f,0f,0f,0f,1f], start_interpolation: 0, interpolation_duration: 1 }
$data merge entity $(bone_leftmidfinger) { transformation: [0.29242109096255026f,0.18627750792163988f,0.9379715324053151f,1.2183317754275438f,0.5246509685621058f,0.7887981259814268f,-0.3202169227805315f,1.913925288485833f,-0.7995193973551338f,0.5857458548642852f,0.1329305335962802f,0.11932951987903842f,0f,0f,0f,1f], start_interpolation: 0, interpolation_duration: 1 }
$data merge entity $(bone_leftringfinger) { transformation: [0.29242109096255026f,0.18627750792163988f,0.9379715324053151f,1.3648898273658743f,0.5246509685621058f,0.7887981259814268f,-0.3202169227805315f,1.863891394301375f,-0.7995193973551338f,0.5857458548642852f,0.1329305335962802f,0.1400999157534572f,0f,0f,0f,1f], start_interpolation: 0, interpolation_duration: 1 }
$data merge entity $(bone_invisibility) { transformation: [0.37780004144960866f,-0.9085012105729229f,-0.17858521514449888f,1.1084510456763625f,0.9085332205555956f,0.40092645663949633f,-0.11758130596899628f,2.0988270367406376f,0.17842229632966441f,-0.11782837839005965f,0.976873562657122f,-0.07044128753523393f,0f,0f,0f,1f], start_interpolation: 0, interpolation_duration: 1 }
$data merge entity $(bone_swiftness) { transformation: [0.9379715324053151f,0.2971813004363122f,-0.17858521514449893f,1.2533786210723603f,-0.3202169227805315f,0.9400190204733051f,-0.11758130596899637f,1.9176159273826785f,0.13293053359628f,0.1674739257896285f,0.9768735626571222f,-0.11907423603341102f,0f,0f,0f,1f], start_interpolation: 0, interpolation_duration: 1 }
$data merge entity $(bone_suspicious_stew) { transformation: [0.6657416253345024f,-0.7244966592254017f,-0.17858521514449915f,1.270390334544407f,0.7166170389320566f,0.6874842950925325f,-0.11758130596899621f,1.9947229721346018f,0.20796179410946197f,-0.04969843832914199f,0.9768735626571224f,-0.05336715275732023f,0f,0f,0f,1f], start_interpolation: 0, interpolation_duration: 1 }
$data merge entity $(bone_log) { transformation: [0.17858521514449915f,0.2971813004363122f,0.9379715324053151f,1.3682477766002419f,0.1175813059689963f,0.9400190204733051f,-0.3202169227805315f,2.1082384288730207f,-0.9768735626571222f,0.1674739257896285f,0.1329305335962802f,-0.11778368977039626f,0f,0f,0f,1f], start_interpolation: 0, interpolation_duration: 1 }
$data merge entity $(bone_planks) { transformation: [0.17858521514449915f,0.2971813004363122f,0.9379715324053151f,1.3849901405200387f,0.1175813059689963f,0.9400190204733051f,-0.3202169227805315f,2.119261676307614f,-0.9768735626571222f,0.1674739257896285f,0.1329305335962802f,-0.20936558626950144f,0f,0f,0f,1f], start_interpolation: 0, interpolation_duration: 1 }
$data merge entity $(bone_lefthand) { transformation: [0.17858521514449915f,0.2971813004363122f,0.9379715324053151f,1.368585187535529f,0.1175813059689963f,0.9400190204733051f,-0.3202169227805315f,2.3238546363359895f,-0.9768735626571222f,0.1674739257896285f,0.1329305335962802f,0.16414910316640768f,0f,0f,0f,1f], start_interpolation: 0, interpolation_duration: 1 }
$data merge entity $(bone_leftforearm) { transformation: [0.11419009191407264f,0.3282237633316682f,0.9376725356397362f,1.58903664245023f,0.0996146344551938f,0.9353066533315084f,-0.339526712993501f,2.9927471595712323f,-0.9884520967204299f,0.13217649344043797f,0.07410686250797632f,0.19202711873688552f,0f,0f,0f,1f], start_interpolation: 0, interpolation_duration: 1 }
$data merge entity $(bone_leftelbow) { transformation: [0.11419009191407264f,0.3282237633316682f,0.9376725356397362f,1.650578598074918f,0.0996146344551938f,0.9353066533315084f,-0.339526712993501f,3.16811715707089f,-0.9884520967204299f,0.13217649344043797f,0.07410686250797632f,0.21681021125696764f,0f,0f,0f,1f], start_interpolation: 0, interpolation_duration: 1 }
$data merge entity $(bone_leftarm) { transformation: [-0.1674917527948084f,-0.6935246331064221f,0.7006925831064041f,1.0441875378669363f,-0.05857861165313635f,0.7164779069808721f,0.6951459955038939f,3.422037485907415f,-0.9841316268683341f,0.07538562252121633f,-0.16062985063360707f,0.03801618662441611f,0f,0f,0f,1f], start_interpolation: 0, interpolation_duration: 1 }
$data merge entity $(bone_rightthumb2) { transformation: [0.19021018916226407f,-0.4808564857452644f,-0.8559188770295761f,-0.8321020280725131f,0.6166222323656804f,-0.6198957869611756f,0.4852898472667133f,3.760672900373101f,-0.7639352763757026f,-0.6200856823250313f,0.17859630478898517f,0.9751067192376169f,0f,0f,0f,1f], start_interpolation: 0, interpolation_duration: 1 }
$data merge entity $(bone_rightthumb) { transformation: [0.19021018916226407f,-0.4808564857452644f,-0.8559188770295761f,-1.023173162211651f,0.6166222323656804f,-0.6198957869611756f,0.4852898472667133f,3.65011976496207f,-0.7639352763757026f,-0.6200856823250313f,0.17859630478898517f,0.8382977500065252f,0f,0f,0f,1f], start_interpolation: 0, interpolation_duration: 1 }
$data merge entity $(bone_rightpointerfinger) { transformation: [0.11563875934900658f,-0.5040144375716359f,-0.8559188770295761f,-0.884709085747625f,0.5162541409359469f,-0.7056737391361093f,0.4852898472667133f,3.9437140883143287f,-0.8485925637799983f,-0.4979899804343558f,0.17859630478898517f,0.9665796454528173f,0f,0f,0f,1f], start_interpolation: 0, interpolation_duration: 1 }
$data merge entity $(bone_rightmidfinger) { transformation: [0.13751349786371664f,-0.49849063566903196f,-0.8559188770295761f,-1.0184464102834963f,0.5465438375672506f,-0.6824834047485061f,0.4852898472667133f,4.019540626949753f,-0.8260628738313742f,-0.5345310920733908f,0.17859630478898517f,0.9944853180760962f,0f,0f,0f,1f], start_interpolation: 0, interpolation_duration: 1 }
$data merge entity $(bone_rightringfinger) { transformation: [0.14826882827044932f,-0.49539805258775294f,-0.8559188770295761f,-1.1521837348193675f,0.5611850568392226f,-0.6704961566781789f,0.4852898472667133f,4.095367165585176f,-0.8143019627531711f,-0.5522822406813872f,0.17859630478898517f,1.0223909906993751f,0f,0f,0f,1f], start_interpolation: 0, interpolation_duration: 1 }
$data merge entity $(bone_hugeasssword) { transformation: [0.744989907552201f,-1.8833545691689524f,-3.3523489350325066f,-1.1532712329931423f,2.4151037434322484f,-2.427925165597938f,1.900718568461294f,3.722251360887588f,-2.992079832471502f,-2.428668922439706f,0.6995021937568586f,1.0686601543787924f,0f,0f,0f,1f], start_interpolation: 0, interpolation_duration: 1 }
$data merge entity $(bone_ice) { transformation: [0.19021018916226407f,-0.4808564857452644f,-0.8559188770295761f,-1.148729884609033f,0.6166222323656804f,-0.6198957869611756f,0.4852898472667133f,3.7223025101781424f,-0.7639352763757026f,-0.6200856823250313f,0.17859630478898517f,1.0902854818584913f,0f,0f,0f,1f], start_interpolation: 0, interpolation_duration: 1 }
$data merge entity $(bone_righthand) { transformation: [0.19021018916226407f,-0.4808564857452644f,-0.8559188770295761f,-1.2481389236619573f,0.6166222323656804f,-0.6198957869611756f,0.4852898472667133f,3.7366494292563535f,-0.7639352763757026f,-0.6200856823250313f,0.17859630478898517f,0.7498613767079636f,0f,0f,0f,1f], start_interpolation: 0, interpolation_duration: 1 }
$data merge entity $(bone_rightforearm) { transformation: [-0.004694444034377493f,-0.25249835670421583f,-0.9675859352310158f,-1.4219634537931618f,0.9971332107434383f,-0.07425599956948015f,0.014539826698400413f,3.563111232277789f,-0.07552034313805933f,-0.9647438138643898f,0.25212308776211234f,0.0747490686732572f,0f,0f,0f,1f], start_interpolation: 0, interpolation_duration: 1 }
$data merge entity $(bone_rightelbow) { transformation: [-0.004694444034377493f,-0.25249835670421583f,-0.9675859352310158f,-1.4693068956752022f,0.9971332107434383f,-0.07425599956948015f,0.014539826698400413f,3.5491882323585116f,-0.07552034313805933f,-0.9647438138643898f,0.25212308776211234f,-0.1061403964263159f,0f,0f,0f,1f], start_interpolation: 0, interpolation_duration: 1 }
$data merge entity $(bone_rightarm) { transformation: [-0.2988835360065135f,0.8624924622347113f,-0.4083814203566913f,-0.8022319221818872f,0.9089504345160188f,0.12695871645157747f,-0.3971027472960983f,3.467159775076143f,-0.29065054532442236f,-0.4898859427512423f,-0.8219087684149273f,-0.1617179280001895f,0f,0f,0f,1f], start_interpolation: 0, interpolation_duration: 1 }
$data merge entity $(bone_chest) { transformation: [-1.0448950349338877f,-0.0024897932919027165f,0.28600573073101904f,0.15085607890123884f,0.046237635264619395f,1.0675726487844306f,0.17821849444892573f,3.303157369933453f,-0.28225442098708836f,0.1841020141331142f,-1.0295872966079591f,-0.18704598521759455f,0f,0f,0f,1f], start_interpolation: 0, interpolation_duration: 1 }
$data merge entity $(bone_chest1lid) { transformation: [-0.9645184937851272f,-0.002298270730987123f,0.26400528990555605f,-0.28019608965938614f,0.042680894090417906f,0.9854516758010129f,0.16450937949131608f,2.5798477347418656f,-0.26054254244962005f,0.16994032073825927f,-0.9503882737919622f,-0.020242471978986466f,0f,0f,0f,1f], start_interpolation: 0, interpolation_duration: 1 }
$data merge entity $(bone_chest1) { transformation: [-0.9645184937851272f,-0.002298270730987123f,0.26400528990555605f,-0.2798369848576694f,0.042680894090417906f,0.9854516758010129f,0.16450937949131608f,2.425870910397957f,-0.26054254244962005f,0.16994032073825927f,-0.9503882737919622f,-0.046795647094339476f,0f,0f,0f,1f], start_interpolation: 0, interpolation_duration: 1 }
$data merge entity $(bone_chest1lid3) { transformation: [-0.9645184937851272f,-0.002298270730987123f,0.26400528990555605f,-0.0507852949520689f,0.042680894090417906f,0.9854516758010129f,0.16450937949131608f,2.6825690000978386f,-0.26054254244962005f,0.16994032073825927f,-0.9503882737919622f,-0.612801050973861f,0f,0f,0f,1f], start_interpolation: 0, interpolation_duration: 1 }
$data merge entity $(bone_chest3) { transformation: [-0.9645184937851272f,-0.002298270730987123f,0.26400528990555605f,-0.05042619015035216f,0.042680894090417906f,0.9854516758010129f,0.16450937949131608f,2.5285921757539302f,-0.26054254244962005f,0.16994032073825927f,-0.9503882737919622f,-0.639354226089214f,0f,0f,0f,1f], start_interpolation: 0, interpolation_duration: 1 }
$data merge entity $(bone_hugeasssword2) { transformation: [-1.034020718796762f,2.779129337373349f,-2.5588120401912238f,-0.9702043383465014f,-0.6443284030076545f,2.4843175647609645f,2.9585950929918634f,4.542746213590438f,3.7223540723518522f,1.2020333362052396f,-0.19868013608478152f,-0.5626530121629891f,0f,0f,0f,1f], start_interpolation: 0, interpolation_duration: 1 }
$data merge entity $(bone_belt) { transformation: [-0.9645184937851272f,-0.002298270730987123f,0.26400528990555605f,0.14810491832747127f,0.042680894090417906f,0.9854516758010129f,0.16450937949131608f,2.8877206991761746f,-0.26054254244962005f,0.16994032073825927f,-0.9503882737919622f,-0.12198526021072978f,0f,0f,0f,1f], start_interpolation: 0, interpolation_duration: 1 }
$data merge entity $(bone_torn_part) { transformation: [-0.9111314779391283f,-0.00032957934573996095f,0.4121156649363316f,0.010082642347888082f,0.06003830811151128f,0.9892248371713119f,0.13352761168574387f,2.584260636128608f,-0.40771905948528714f,0.14640393744994165f,-0.9012941005196842f,-0.09566561840460186f,0f,0f,0f,1f], start_interpolation: 0, interpolation_duration: 1 }
$data merge entity $(bone_lowerbody) { transformation: [-0.9111314779391283f,0.12361124510426601f,0.39314080173931704f,-0.01658215277777776f,0.06003830811151128f,0.9835930225392926f,-0.17011809889346272f,2.1220503472222223f,-0.40771905948528714f,-0.13139644628296376f,-0.9036039743364574f,0.13537842592592592f,0f,0f,0f,1f], start_interpolation: 0, interpolation_duration: 1 }
$data merge entity $(bone_leftfoot) { transformation: [-0.9690490001801224f,-0.24439019424099878f,0.034703040669854246f,0.5320832203074276f,-0.20626393192185977f,0.8789378656634305f,0.43002702981093216f,0.24283487053297192f,-0.13559377147150706f,0.40956262810300936f,-0.9021481627397934f,-0.14662843382560276f,0f,0f,0f,1f], start_interpolation: 0, interpolation_duration: 1 }
$data merge entity $(bone_leftlowerleg) { transformation: [-0.9690490001801224f,-0.24439019424099878f,0.034703040669854246f,0.2556308781981994f,-0.20626393192185977f,0.8789378656634305f,0.43002702981093216f,1.1518347934911457f,-0.13559377147150706f,0.40956262810300936f,-0.9021481627397934f,0.4463412250329305f,0f,0f,0f,1f], start_interpolation: 0, interpolation_duration: 1 }
$data merge entity $(bone_leftleg) { transformation: [-0.9672069678390885f,0.04770515772839036f,0.249442845166348f,0.26619125588355264f,-0.050111654536712985f,0.9270385589138596f,-0.37160233721497327f,2.070331132713864f,-0.24896873180894707f,-0.3719189807108856f,-0.8942538621508362f,0.12736047945406237f,0f,0f,0f,1f], start_interpolation: 0, interpolation_duration: 1 }
$data merge entity $(bone_rightfoot) { transformation: [-0.8835331627600346f,0.09702079195649663f,0.45820946295916165f,-0.5775770717024368f,0.17651255924733597f,0.9751482193367143f,0.13387952324154467f,0.2587523815874413f,-0.4338345912843605f,0.19916559999394f,-0.8787034134587048f,0.09538514106244417f,0f,0f,0f,1f], start_interpolation: 0, interpolation_duration: 1 }
$data merge entity $(bone_rightlowerleg) { transformation: [-0.8835331627600346f,0.09702079195649663f,0.45820946295916165f,-0.5403465099429731f,0.17651255924733597f,0.9751482193367143f,0.13387952324154467f,1.3199874343909594f,-0.4338345912843605f,0.19916559999394f,-0.8787034134587048f,0.4513434137062175f,0f,0f,0f,1f], start_interpolation: 0, interpolation_duration: 1 }
$data merge entity $(bone_rightleg) { transformation: [-0.891380550457134f,0.3170068317930097f,0.32395559477457525f,-0.21515463692015138f,0.03943197837418633f,0.766257791845113f,-0.6413216869822501f,2.097967506454119f,-0.4515371893302197f,-0.558887882346012f,-0.6955269836171416f,-0.027772890667441034f,0f,0f,0f,1f], start_interpolation: 0, interpolation_duration: 1 }
data modify entity @s data merge value {"locators":{"lefthand":{"posx":1.3136323183900251,"posy":2.028779584882396,"posz":-0.041362733311047645,"roty":98.06631413625821,"rotx":-18.676043958610286},"righthand":{"posx":-1.1100105643317137,"posy":3.782214062270151,"posz":1.0255648212222699,"roty":258.21375673652153,"rotx":29.03146415643225},"chest":{"posx":-0.3514444772172278,"posy":2.49388619239911,"posz":0.1094924713033158,"roty":15.524589366023122,"rotx":9.468734519777232},"sack":{"posx":0,"posy":-0.4375,"posz":0,"roty":0,"rotx":0}},"cameras":{}}