# This file was generated by Animated Java via MC-Build. It is not recommended to edit this file directly.
$data merge entity $(bone_nose) { transformation: [-0.8841735209192358f,-0.13473329059153724f,0.44730764056928224f,-0.08413952240565861f,-0.0022523766873897982f,0.9587253232911924f,0.28432495718711787f,4.096027337411127f,-0.46715319939452404f,0.2503850931796354f,-0.84798301481155f,0.28750936929134124f,0f,0f,0f,1f], start_interpolation: 0, interpolation_duration: 1 }
$data merge entity $(bone_glowing_eye) { transformation: [-0.8841735209192358f,-0.13473329059153724f,0.44730764056928224f,-0.2193928306865367f,-0.0022523766873897982f,0.9587253232911924f,0.28432495718711787f,4.150737587271126f,-0.46715319939452404f,0.2503850931796354f,-0.84798301481155f,0.2756592218454025f,0f,0f,0f,1f], start_interpolation: 0, interpolation_duration: 1 }
$data merge entity $(bone_head) { transformation: [-0.8841735209192358f,-0.13473329059153724f,0.44730764056928224f,0.016257515509852216f,-0.0022523766873897982f,0.9587253232911924f,0.28432495718711787f,4.0308882003658395f,-0.46715319939452404f,0.2503850931796354f,-0.84798301481155f,0.09780354100039931f,0f,0f,0f,1f], start_interpolation: 0, interpolation_duration: 1 }
$data merge entity $(bone_leftthumb2) { transformation: [-0.22352567463799394f,0.6757973734814863f,0.7023775215460378f,0.5916187226714558f,-0.44510778777664234f,0.5703107101170866f,-0.6903801497626709f,2.718752360011796f,-0.867130514996568f,-0.4669513935317784f,0.17332358766341452f,0.46317381698844295f,0f,0f,0f,1f], start_interpolation: 0, interpolation_duration: 1 }
$data merge entity $(bone_leftthumb) { transformation: [-0.22352567463799394f,0.6757973734814863f,0.7023775215460378f,0.8173763870850097f,-0.44510778777664234f,0.5703107101170866f,-0.6903801497626709f,2.7996186226893425f,-0.867130514996568f,-0.4669513935317784f,0.17332358766341452f,0.36346929035297204f,0f,0f,0f,1f], start_interpolation: 0, interpolation_duration: 1 }
$data merge entity $(bone_leftpointerfinger) { transformation: [0.3071207900647561f,0.6421391107360195f,0.7023775215460378f,0.6530024408973982f,0.07426457108632745f,0.7196249177835881f,-0.6903801497626709f,2.6288075157001183f,-0.9487684616340093f,0.26419186241843f,0.17332358766341452f,0.6196546596050589f,0f,0f,0f,1f], start_interpolation: 0, interpolation_duration: 1 }
$data merge entity $(bone_leftmidfinger) { transformation: [0.24157699991430998f,0.6695568462343189f,0.7023775215460378f,0.7627489286389666f,0.002156261496434775f,0.7234435702596513f,-0.6903801497626709f,2.520935617299701f,-0.9703792576352613f,0.16829447498572875f,0.17332358766341452f,0.6467364701774675f,0f,0f,0f,1f], start_interpolation: 0, interpolation_duration: 1 }
$data merge entity $(bone_leftringfinger) { transformation: [0.24157699991430998f,0.6695568462343189f,0.7023775215460378f,0.8724954163805351f,0.002156261496434775f,0.7234435702596513f,-0.6903801497626709f,2.4130637188992834f,-0.9703792576352613f,0.16829447498572875f,0.17332358766341452f,0.6738182807498759f,0f,0f,0f,1f], start_interpolation: 0, interpolation_duration: 1 }
$data merge entity $(bone_invisibility) { transformation: [0.7344419950261878f,-0.640805140990288f,0.22352567463799408f,0.6630574170789981f,0.5079699109527748f,0.737458898398557f,0.4451077877766421f,2.6293019190911378f,-0.45006835648441623f,-0.21336153461484952f,0.8671305149965678f,0.40057851726118254f,0f,0f,0f,1f], start_interpolation: 0, interpolation_duration: 1 }
$data merge entity $(bone_swiftness) { transformation: [0.7023775215460378f,0.6757973734814863f,0.2235256746379941f,0.6915969182659295f,-0.690380149762671f,0.5703107101170866f,0.44510778777664217f,2.399443342318306f,0.17332358766341432f,-0.4669513935317784f,0.867130514996568f,0.4511469214331608f,0f,0f,0f,1f], start_interpolation: 0, interpolation_duration: 1 }
$data merge entity $(bone_suspicious_stew) { transformation: [0.9093179892867136f,-0.35096590594700056f,0.22352567463799408f,0.7630752004869356f,0.22510977877653338f,0.8667206267072244f,0.4451077877766425f,2.4731223264738986f,-0.349951970788492f,-0.3544267034282794f,0.8671305149965682f,0.4549650365198749f,0f,0f,0f,1f], start_interpolation: 0, interpolation_duration: 1 }
$data merge entity $(bone_log) { transformation: [-0.22352567463799394f,0.6757973734814863f,0.7023775215460378f,0.8595182864972799f,-0.44510778777664234f,0.5703107101170866f,-0.6903801497626709f,2.470320740614349f,-0.867130514996568f,-0.4669513935317784f,0.17332358766341452f,0.3234271697191969f,0f,0f,0f,1f], start_interpolation: 0, interpolation_duration: 1 }
$data merge entity $(bone_planks) { transformation: [-0.22352567463799394f,0.6757973734814863f,0.7023775215460378f,0.838562754499968f,-0.44510778777664234f,0.5703107101170866f,-0.6903801497626709f,2.4285918855102886f,-0.867130514996568f,-0.4669513935317784f,0.17332358766341452f,0.24213368393826867f,0f,0f,0f,1f], start_interpolation: 0, interpolation_duration: 1 }
$data merge entity $(bone_lefthand) { transformation: [-0.22352567463799394f,0.6757973734814863f,0.7023775215460378f,1.0623997509788363f,-0.44510778777664234f,0.5703107101170866f,-0.6903801497626709f,2.7457497447678647f,-0.867130514996568f,-0.4669513935317784f,0.17332358766341452f,0.4180555879709126f,0f,0f,0f,1f], start_interpolation: 0, interpolation_duration: 1 }
$data merge entity $(bone_leftforearm) { transformation: [0.0058025169312891645f,0.6721258197377675f,0.740414217339927f,1.5306882945708087f,-0.08918777222823454f,0.7378237023076752f,-0.6690752764808752f,3.2751140652511705f,-0.9959979277499663f,-0.062153573950572916f,0.0642266390444342f,0.2921719282392821f,0f,0f,0f,1f], start_interpolation: 0, interpolation_duration: 1 }
$data merge entity $(bone_leftelbow) { transformation: [0.0058025169312891645f,0.6721258197377675f,0.740414217339927f,1.65671188577164f,-0.08918777222823454f,0.7378237023076752f,-0.6690752764808752f,3.4134560094338595f,-0.9959979277499663f,-0.062153573950572916f,0.0642266390444342f,0.2805181331235497f,0f,0f,0f,1f], start_interpolation: 0, interpolation_duration: 1 }
$data merge entity $(bone_leftarm) { transformation: [-0.41303407056549807f,-0.7744690425507553f,0.4791665250021246f,0.8787545908853066f,-0.20658111335772483f,0.5921018801497493f,0.778934918415534f,3.5652929641938766f,-0.8869763808332092f,0.2227399058400812f,-0.40454892681896193f,0.28312234936462666f,0f,0f,0f,1f], start_interpolation: 0, interpolation_duration: 1 }
$data merge entity $(bone_rightthumb2) { transformation: [-0.9880487785691425f,0.07935884740040963f,0.1321430456259592f,-0.7017377639518005f,0.011690076479717315f,0.8933939608597191f,-0.4491220021456088f,2.5724530287062324f,-0.15369760336428223f,-0.4422096833388664f,-0.8836445228039471f,-0.3247476167641572f,0f,0f,0f,1f], start_interpolation: 0, interpolation_duration: 1 }
$data merge entity $(bone_rightthumb) { transformation: [-0.9880487785691425f,0.07935884740040963f,0.1321430456259592f,-0.6709829874966252f,0.011690076479717315f,0.8933939608597191f,-0.4491220021456088f,2.7531703536540135f,-0.15369760336428223f,-0.4422096833388664f,-0.8836445228039471f,-0.5087102768379075f,0f,0f,0f,1f], start_interpolation: 0, interpolation_duration: 1 }
$data merge entity $(bone_rightpointerfinger) { transformation: [-0.9444544339960755f,-0.30090536319223105f,0.1321430456259592f,-0.7988962391921678f,-0.32766683530774354f,0.8312183059991683f,-0.4491220021456088f,2.4402514685113115f,0.025303500638465648f,-0.4674741598998001f,-0.8836445228039471f,-0.4218417368667453f,0f,0f,0f,1f], start_interpolation: 0, interpolation_duration: 1 }
$data merge entity $(bone_rightmidfinger) { transformation: [-0.9304302150514903f,-0.34181549176702547f,0.1321430456259592f,-0.7782488883131117f,-0.36361220236009284f,0.8161345437386913f,-0.4491220021456088f,2.37007615567606f,0.04567035377660897f,-0.46592550488732004f,-0.8836445228039471f,-0.5599111935548621f,0f,0f,0f,1f], start_interpolation: 0, interpolation_duration: 1 }
$data merge entity $(bone_rightringfinger) { transformation: [-0.9428446433840352f,-0.3059120689589206f,0.1321430456259592f,-0.7576015374340556f,-0.3320723735803076f,0.8294681222888916f,-0.4491220021456088f,2.2999008428408088f,0.027783396962436147f,-0.4673333287620437f,-0.8836445228039471f,-0.6979806502429788f,0f,0f,0f,1f], start_interpolation: 0, interpolation_duration: 1 }
$data merge entity $(bone_hugeasssword) { transformation: [-3.869857716062475f,0.3108221523182711f,0.5175602620350068f,-0.5017434007153806f,0.04578613287889282f,3.499126346700567f,-1.7590611750703014f,2.555459158694291f,-0.6019822798434388f,-1.7319879264105602f,-3.460941047648793f,-0.5951021639206202f,0f,0f,0f,1f], start_interpolation: 0, interpolation_duration: 1 }
$data merge entity $(bone_ice) { transformation: [-0.9880487785691425f,0.07935884740040963f,0.1321430456259592f,-0.4875451205408691f,0.011690076479717315f,0.8933939608597191f,-0.4491220021456088f,2.5413172206108623f,-0.15369760336428223f,-0.4422096833388664f,-0.8836445228039471f,-0.5857911125658835f,0f,0f,0f,1f], start_interpolation: 0, interpolation_duration: 1 }
$data merge entity $(bone_righthand) { transformation: [-0.9880487785691425f,0.07935884740040963f,0.1321430456259592f,-0.7105881331572411f,0.011690076479717315f,0.8933939608597191f,-0.4491220021456088f,2.753553167378671f,-0.15369760336428223f,-0.4422096833388664f,-0.8836445228039471f,-0.762381825579294f,0f,0f,0f,1f], start_interpolation: 0, interpolation_duration: 1 }
$data merge entity $(bone_rightforearm) { transformation: [-0.8806380047475418f,-0.3449603249996234f,-0.32477542821220734f,-0.8620184039551977f,-0.14775112291833942f,0.8512523898674613f,-0.5035265379513822f,3.377714527692001f,0.45016253761351366f,-0.39543867150430456f,-0.8006134815304278f,-1.0816055052271663f,0f,0f,0f,1f], start_interpolation: 0, interpolation_duration: 1 }
$data merge entity $(bone_rightelbow) { transformation: [-0.8806380047475418f,-0.3449603249996234f,-0.32477542821220734f,-0.9266984648926271f,-0.14775112291833942f,0.8512523898674613f,-0.5035265379513822f,3.53732435079215f,0.45016253761351366f,-0.39543867150430456f,-0.8006134815304278f,-1.1557502561342234f,0f,0f,0f,1f], start_interpolation: 0, interpolation_duration: 1 }
$data merge entity $(bone_rightarm) { transformation: [-0.994992840398127f,0.09889961697413874f,0.014426133190712453f,-0.6012506333530069f,0.05470544940458755f,0.41810727841693096f,0.906748927509831f,3.6001424550150247f,0.0836454503359843f,0.9029978790103307f,-0.42142409653570456f,-0.5208938060364074f,0f,0f,0f,1f], start_interpolation: 0, interpolation_duration: 1 }
$data merge entity $(bone_chest) { transformation: [-0.9578546476625054f,-0.14596106480749868f,0.48458327728338907f,0.13920250957987818f,-0.0024400747446722813f,1.038619100232125f,0.30801870361937767f,3.424589404304349f,-0.5060826326774011f,0.27125051761127167f,-0.9186482660458458f,-0.1369421915656645f,0f,0f,0f,1f], start_interpolation: 0, interpolation_duration: 1 }
$data merge entity $(bone_chest1lid) { transformation: [-0.8841735209192358f,-0.13473329059153724f,0.44730764056928224f,-0.24563485571914032f,-0.0022523766873897982f,0.9587253232911924f,0.28432495718711787f,2.657318294827248f,-0.46715319939452404f,0.2503850931796354f,-0.84798301481155f,-0.1357342006574558f,0f,0f,0f,1f], start_interpolation: 0, interpolation_duration: 1 }
$data merge entity $(bone_chest1) { transformation: [-0.8841735209192358f,-0.13473329059153724f,0.44730764056928224f,-0.22458277906421262f,-0.0022523766873897982f,0.9587253232911924f,0.28432495718711787f,2.507517463062999f,-0.46715319939452404f,0.2503850931796354f,-0.84798301481155f,-0.17485687146677384f,0f,0f,0f,1f], start_interpolation: 0, interpolation_duration: 1 }
$data merge entity $(bone_chest1lid3) { transformation: [-0.8841735209192358f,-0.13473329059153724f,0.44730764056928224f,0.09618244657800831f,-0.0022523766873897982f,0.9587253232911924f,0.28432495718711787f,2.839604744068207f,-0.46715319939452404f,0.2503850931796354f,-0.84798301481155f,-0.6497762445589473f,0f,0f,0f,1f], start_interpolation: 0, interpolation_duration: 1 }
$data merge entity $(bone_chest3) { transformation: [-0.8841735209192358f,-0.13473329059153724f,0.44730764056928224f,0.11723452323293601f,-0.0022523766873897982f,0.9587253232911924f,0.28432495718711787f,2.689803912303958f,-0.46715319939452404f,0.2503850931796354f,-0.84798301481155f,-0.6888989153682654f,0f,0f,0f,1f], start_interpolation: 0, interpolation_duration: 1 }
$data merge entity $(bone_hugeasssword2) { transformation: [-1.7519549255630231f,2.196688377486724f,-2.7286428657462647f,-0.9879707631923902f,-1.1136060823162115f,2.543350427102517f,2.7625220136975486f,4.609550339812223f,3.321266808011904f,2.0115184699499946f,-0.5130867498057518f,-0.6466338567883307f,0f,0f,0f,1f], start_interpolation: 0, interpolation_duration: 1 }
$data merge entity $(bone_belt) { transformation: [-0.8841735209192358f,-0.13473329059153724f,0.44730764056928224f,0.1626361054597267f,-0.0022523766873897982f,0.9587253232911924f,0.28432495718711787f,3.005553639379408f,-0.46715319939452404f,0.2503850931796354f,-0.84798301481155f,-0.1107126561004324f,0f,0f,0f,1f], start_interpolation: 0, interpolation_duration: 1 }
$data merge entity $(bone_torn_part) { transformation: [-0.9063565175172887f,-0.10877537914276585f,0.4082716988064202f,-0.024508818862990576f,-0.0062920150939891695f,0.9696598271911411f,0.24437722904907355f,2.6915156249270797f,-0.4224668906553386f,0.2189240425901045f,-0.8795419204767992f,-0.0840326246492078f,0f,0f,0f,1f], start_interpolation: 0, interpolation_duration: 1 }
$data merge entity $(bone_lowerbody) { transformation: [-0.9063565175172887f,0.019028744692031443f,0.42208502701396344f,-0.004644526367187435f,-0.0062920150939891695f,0.9982666636936283f,-0.05851562786170385f,2.2129239453125f,-0.4224668906553386f,-0.05569178604999021f,-0.9046657677101374f,0.11163578613281247f,0f,0f,0f,1f], start_interpolation: 0, interpolation_duration: 1 }
$data merge entity $(bone_leftfoot) { transformation: [-0.9539506150421151f,-0.24041507674616278f,0.1793453034546628f,0.5678682701449267f,-0.1743813962592445f,0.931050115637683f,0.3205251010717372f,0.2304060807787368f,-0.24403664480824933f,0.27449275590476674f,-0.9301069410082409f,-0.16744950756578525f,0f,0f,0f,1f], start_interpolation: 0, interpolation_duration: 1 }
$data merge entity $(bone_leftlowerleg) { transformation: [-0.9539506150421151f,-0.24041507674616278f,0.1793453034546628f,0.27360217313954605f,-0.1743813962592445f,0.931050115637683f,0.3205251010717372f,1.2140425233319363f,-0.24403664480824933f,0.27449275590476674f,-0.9301069410082409f,0.2799727557841146f,0f,0f,0f,1f], start_interpolation: 0, interpolation_duration: 1 }
$data merge entity $(bone_leftleg) { transformation: [-0.9208155796006015f,0.04625102098069926f,0.3872460605649222f,0.28199850934506265f,-0.04668144774772348f,0.9727331016766708f,-0.22718088682514684f,2.201425891612782f,-0.3871944095683525f,-0.22726890671784938f,-0.8935487301979049f,0.08798651683334914f,0f,0f,0f,1f], start_interpolation: 0, interpolation_duration: 1 }
$data merge entity $(bone_rightfoot) { transformation: [-0.9029283076543781f,-0.014425039705689202f,0.42955413438291634f,-0.4104254524060764f,0.08274379051333688f,0.9748954536868321f,0.20666721172451652f,0.2119661960380761f,-0.4217580174085553f,0.22214506308333032f,-0.8790739561050258f,-0.2505876742313157f,0f,0f,0f,1f], start_interpolation: 0, interpolation_duration: 1 }
$data merge entity $(bone_rightlowerleg) { transformation: [-0.9029283076543781f,-0.014425039705689202f,0.42955413438291634f,-0.49242734427817253f,0.08274379051333688f,0.9748954536868321f,0.20666721172451652f,1.2617373270594847f,-0.4217580174085553f,0.22214506308333032f,-0.8790739561050258f,0.13092037253373312f,0f,0f,0f,1f], start_interpolation: 0, interpolation_duration: 1 }
$data merge entity $(bone_rightleg) { transformation: [-0.8361365352898363f,0.2862090257243115f,0.46793243441341903f,-0.19945781084161424f,0.08347109362791726f,0.9095343754643134f,-0.40716037755098333f,2.18084041966515f,-0.542134371842039f,-0.3013828353484681f,-0.7843839987703511f,-0.09165648534452932f,0f,0f,0f,1f], start_interpolation: 0, interpolation_duration: 1 }
data modify entity @s data merge value {"locators":{"lefthand":{"posx":0.8167024999171939,"posy":2.4782812613305536,"posz":0.43849305206255446,"roty":103.86176986161284,"rotx":-43.66020855196384},"righthand":{"posx":-0.5834794106102632,"posy":2.5354714159259277,"posz":-0.5794837909103034,"roty":8.50516812804193,"rotx":-26.687366462882547},"chest":{"posx":-0.3347362664248457,"posy":2.5529018007895803,"posz":-0.033484460397957216,"roty":27.811467162862982,"rotx":16.51850226555601},"sack":{"posx":0,"posy":-0.4375,"posz":0,"roty":0,"rotx":0}},"cameras":{}}