# This file was generated by Animated Java via MC-Build. It is not recommended to edit this file directly.
$data merge entity $(bone_nose) { transformation: [-0.8021387441318434f,-0.04449367378769258f,0.5954777478256122f,-0.0037791438080723716f,0.05180415133319083f,0.9882752097090965f,0.14362604143778734f,4.136427496558161f,-0.594886346344608f,0.14605623186744054f,-0.7904288785624217f,0.25936663275153743f,0f,0f,0f,1f], start_interpolation: 0, interpolation_duration: 1 }
$data merge entity $(bone_glowing_eye) { transformation: [-0.8021387441318434f,-0.04449367378769258f,0.5954777478256122f,-0.1278386382350462f,0.05180415133319083f,0.9882752097090965f,0.14362604143778734f,4.204805356425947f,-0.594886346344608f,0.14605623186744054f,-0.7904288785624217f,0.22247754279825593f,0f,0f,0f,1f], start_interpolation: 0, interpolation_duration: 1 }
$data merge entity $(bone_head) { transformation: [-0.8021387441318434f,-0.04449367378769258f,0.5954777478256122f,0.11322098165758633f,0.05180415133319083f,0.9882752097090965f,0.14362604143778734f,4.041293056412745f,-0.594886346344608f,0.14605623186744054f,-0.7904288785624217f,0.09332030601106422f,0f,0f,0f,1f], start_interpolation: 0, interpolation_duration: 1 }
$data merge entity $(bone_leftthumb2) { transformation: [0.4963980307775615f,0.6073719312703991f,-0.6202324823362808f,-0.36213320912494057f,-0.8231505545758837f,0.10241452958117817f,-0.5585109028766413f,4.00743631851963f,-0.27570302780632344f,0.7877884241568489f,0.5507969128661614f,-0.02896455080760249f,0f,0f,0f,1f], start_interpolation: 0, interpolation_duration: 1 }
$data merge entity $(bone_leftthumb) { transformation: [0.4963980307775615f,0.6073719312703991f,-0.6202324823362808f,-0.2661833156296124f,-0.8231505545758837f,0.10241452958117817f,-0.5585109028766413f,3.9848237683078613f,-0.27570302780632344f,0.7877884241568489f,0.5507969128661614f,0.21130437898494353f,0f,0f,0f,1f], start_interpolation: 0, interpolation_duration: 1 }
$data merge entity $(bone_leftpointerfinger) { transformation: [0.64767688952059f,0.4425226713242032f,-0.6202324823362808f,-0.5488441628035211f,-0.7607521477144712f,0.33063838421414177f,-0.5585109028766413f,4.015070894123432f,-0.04208107090786997f,0.8335777973580826f,0.5507969128661614f,0.008784926265395385f,0f,0f,0f,1f], start_interpolation: 0, interpolation_duration: 1 }
$data merge entity $(bone_leftmidfinger) { transformation: [0.6307093637652812f,0.46638757092547983f,-0.6202324823362808f,-0.645755488168565f,-0.7725625040521574f,0.3020144842562672f,-0.5585109028766413f,3.9278035655489565f,-0.07316335005625726f,0.8314264158575017f,0.5507969128661614f,0.0948469439007331f,0f,0f,0f,1f], start_interpolation: 0, interpolation_duration: 1 }
$data merge entity $(bone_leftringfinger) { transformation: [0.6307093637652812f,0.46638757092547983f,-0.6202324823362808f,-0.7426668135336087f,-0.7725625040521574f,0.3020144842562672f,-0.5585109028766413f,3.8405362369744815f,-0.07316335005625726f,0.8314264158575017f,0.5507969128661614f,0.18090896153607083f,0f,0f,0f,1f], start_interpolation: 0, interpolation_duration: 1 }
$data merge entity $(bone_invisibility) { transformation: [0.5510038750270734f,0.6708082622816363f,-0.49639803077756145f,-0.3699559619770196f,0.053347378803450925f,0.5653116146659435f,0.8231505545758834f,3.88938522002829f,0.8327957654070712f,-0.48004067908717357f,0.27570302780632355f,0.026042563916797573f,0f,0f,0f,1f], start_interpolation: 0, interpolation_duration: 1 }
$data merge entity $(bone_swiftness) { transformation: [-0.6202324823362807f,0.6073719312703991f,-0.4963980307775616f,-0.5426440006236829f,-0.5585109028766415f,0.10241452958117817f,0.8231505545758836f,3.7279235169606464f,0.5507969128661613f,0.7877884241568489f,0.27570302780632355f,0.008277663258592638f,0f,0f,0f,1f], start_interpolation: 0, interpolation_duration: 1 }
$data merge entity $(bone_suspicious_stew) { transformation: [0.28834433737777354f,0.8188079983380303f,-0.49639803077756156f,-0.5147201116933722f,-0.1432178212718377f,0.5494650308905592f,0.8231505545758839f,3.779863744664802f,0.9467556172383242f,-0.16625775676973698f,0.2757030278063236f,0.09238940269685056f,0f,0f,0f,1f], start_interpolation: 0, interpolation_duration: 1 }
$data merge entity $(bone_log) { transformation: [0.4963980307775615f,0.6073719312703991f,-0.6202324823362808f,-0.4213347025086891f,-0.8231505545758837f,0.10241452958117817f,-0.5585109028766413f,3.689314997798618f,-0.27570302780632344f,0.7877884241568489f,0.5507969128661614f,0.19083440215021513f,0f,0f,0f,1f], start_interpolation: 0, interpolation_duration: 1 }
$data merge entity $(bone_planks) { transformation: [0.4963980307775615f,0.6073719312703991f,-0.6202324823362808f,-0.3747973871232927f,-0.8231505545758837f,0.10241452958117817f,-0.5585109028766413f,3.6121446333071288f,-0.27570302780632344f,0.7877884241568489f,0.5507969128661614f,0.16498724329337233f,0f,0f,0f,1f], start_interpolation: 0, interpolation_duration: 1 }
$data merge entity $(bone_lefthand) { transformation: [0.4963980307775615f,0.6073719312703991f,-0.6202324823362808f,-0.3742089623124709f,-0.8231505545758837f,0.10241452958117817f,-0.5585109028766413f,3.9381597345527783f,-0.27570302780632344f,0.7877884241568489f,0.5507969128661614f,0.4394948616139407f,0f,0f,0f,1f], start_interpolation: 0, interpolation_duration: 1 }
$data merge entity $(bone_leftforearm) { transformation: [-0.3887046574070027f,0.6466349678386385f,-0.6563321626116061f,0.03269890830455942f,-0.8773116400809882f,-0.04213128040034558f,0.47806823926112674f,3.847784246213737f,0.28148352614053807f,0.7616351971778552f,0.5836770090823675f,1.004752689409947f,0f,0f,0f,1f], start_interpolation: 0, interpolation_duration: 1 }
$data merge entity $(bone_leftelbow) { transformation: [-0.3887046574070027f,0.6466349678386385f,-0.6563321626116061f,0.15394296477430414f,-0.8773116400809882f,-0.04213128040034558f,0.47806823926112674f,3.839884631138672f,0.28148352614053807f,0.7616351971778552f,0.5836770090823675f,1.1475592888807948f,0f,0f,0f,1f], start_interpolation: 0, interpolation_duration: 1 }
$data merge entity $(bone_leftarm) { transformation: [-0.22988137164439593f,0.963904894853669f,0.13432017215604003f,0.7560575371876854f,-0.94074872717275f,-0.18473198891047649f,-0.2843693453873497f,3.497352401433031f,-0.24929177141201733f,-0.1917327461606821f,0.9492587459465103f,0.695114893931929f,0f,0f,0f,1f], start_interpolation: 0, interpolation_duration: 1 }
$data merge entity $(bone_rightthumb2) { transformation: [-0.11585386071883208f,0.8552430738244199f,-0.5051110448524158f,-1.6338392661591523f,0.5954524981497026f,-0.3472209455035981f,-0.7244818406632879f,4.208941384729149f,-0.7949932109168101f,-0.3847036517619054f,-0.4690297377749462f,-0.25308621789000746f,0f,0f,0f,1f], start_interpolation: 0, interpolation_duration: 1 }
$data merge entity $(bone_rightthumb) { transformation: [-0.11585386071883208f,0.8552430738244199f,-0.5051110448524158f,-1.4672628437422424f,0.5954524981497026f,-0.3472209455035981f,-0.7244818406632879f,4.061875645103f,-0.7949932109168101f,-0.3847036517619054f,-0.4690297377749462f,-0.387514012023129f,0f,0f,0f,1f], start_interpolation: 0, interpolation_duration: 1 }
$data merge entity $(bone_rightpointerfinger) { transformation: [0.12214271753772231f,0.8543675958980426f,-0.5051110448524158f,-1.7842380735844594f,0.4779758450823837f,-0.4966539580703201f,-0.7244818406632879f,4.2069750485504f,-0.8698392081702694f,-0.15294069769843444f,-0.4690297377749462f,-0.3702212776909805f,0f,0f,0f,1f], start_interpolation: 0, interpolation_duration: 1 }
$data merge entity $(bone_rightmidfinger) { transformation: [0.0847594736173691f,0.8588822177692395f,-0.5051110448524158f,-1.8631616743426493f,0.49918465937223766f,-0.47533224001382157f,-0.7244818406632879f,4.093774760946761f,-0.8623401344478462f,-0.19073698540984563f,-0.4690297377749462f,-0.44350717421831587f,0f,0f,0f,1f], start_interpolation: 0, interpolation_duration: 1 }
$data merge entity $(bone_rightringfinger) { transformation: [0.05414776858275548f,0.8613540802281076f,-0.5051110448524158f,-1.9420852751008393f,0.5157803861308593f,-0.45727087796166943f,-0.7244818406632879f,3.9805744733431228f,-0.8550079604542931f,-0.22129729470229664f,-0.4690297377749462f,-0.5167930707456512f,0f,0f,0f,1f], start_interpolation: 0, interpolation_duration: 1 }
$data merge entity $(bone_hugeasssword) { transformation: [-0.45376095448209236f,3.3497020391456447f,-1.9783515923386286f,-1.6507743831428054f,2.3321889510863354f,-1.359948703222426f,-2.8375538759312113f,3.876398465330692f,-3.113723409424173f,-1.5067559694007964f,-1.8370331396185395f,-0.3031514421799417f,0f,0f,0f,1f], start_interpolation: 0, interpolation_duration: 1 }
$data merge entity $(bone_ice) { transformation: [-0.11585386071883208f,0.8552430738244199f,-0.5051110448524158f,-1.6623273395975802f,0.5954524981497026f,-0.3472209455035981f,-0.7244818406632879f,3.872519847320597f,-0.7949932109168101f,-0.3847036517619054f,-0.4690297377749462f,-0.28471867870058676f,0f,0f,0f,1f], start_interpolation: 0, interpolation_duration: 1 }
$data merge entity $(bone_righthand) { transformation: [-0.11585386071883208f,0.8552430738244199f,-0.5051110448524158f,-1.4932647564728212f,0.5954524981497026f,-0.3472209455035981f,-0.7244818406632879f,3.911937677961395f,-0.7949932109168101f,-0.3847036517619054f,-0.4690297377749462f,-0.5943000736757327f,0f,0f,0f,1f], start_interpolation: 0, interpolation_duration: 1 }
$data merge entity $(bone_rightforearm) { transformation: [0.3792527992831112f,0.5411991120599053f,-0.7505137142927463f,-1.1170986022955172f,0.7794272858307514f,-0.6239768461766514f,-0.05608922835935523f,3.441496987751523f,-0.4986586210409207f,-0.5636988704450362f,-0.6584703206072068f,-0.9453864400998564f,0f,0f,0f,1f], start_interpolation: 0, interpolation_duration: 1 }
$data merge entity $(bone_rightelbow) { transformation: [0.3792527992831112f,0.5411991120599053f,-0.7505137142927463f,-1.0156237687842848f,0.7794272858307514f,-0.6239768461766514f,-0.05608922835935523f,3.324501329093401f,-0.4986586210409207f,-0.5636988704450362f,-0.6584703206072068f,-1.0510799783083007f,0f,0f,0f,1f], start_interpolation: 0, interpolation_duration: 1 }
$data merge entity $(bone_rightarm) { transformation: [0.3809474450200123f,0.7392526981896711f,0.5553237725435638f,-0.7542446028749281f,0.4447377730911991f,0.3800597604479436f,-0.8110258267614743f,3.6187533071872005f,-0.8106092506988838f,0.5559316744956548f,-0.1839908040469726f,-0.43187927283029326f,0f,0f,0f,1f], start_interpolation: 0, interpolation_duration: 1 }
$data merge entity $(bone_chest) { transformation: [-0.8689836394761636f,-0.04820147993666696f,0.6451008934777466f,0.1892046778280099f,0.05612116394429006f,1.0706314771848546f,0.15559487822426962f,3.404226218708339f,-0.644460208539992f,0.15822758452306057f,-0.8562979517759568f,-0.06851783178116679f,0f,0f,0f,1f], start_interpolation: 0, interpolation_duration: 1 }
$data merge entity $(bone_chest1lid) { transformation: [-0.8021387441318434f,-0.04449367378769258f,0.5954777478256122f,-0.2872798534612238f,0.05180415133319083f,0.9882752097090965f,0.14362604143778734f,2.690273821037222f,-0.594886346344608f,0.14605623186744054f,-0.7904288785624217f,-0.06213992363743352f,0f,0f,0f,1f], start_interpolation: 0, interpolation_duration: 1 }
$data merge entity $(bone_chest1) { transformation: [-0.8021387441318434f,-0.04449367378769258f,0.5954777478256122f,-0.28032771693189684f,0.05180415133319083f,0.9882752097090965f,0.14362604143778734f,2.535855819520176f,-0.594886346344608f,0.14605623186744054f,-0.7904288785624217f,-0.08496120986672111f,0f,0f,0f,1f], start_interpolation: 0, interpolation_duration: 1 }
$data merge entity $(bone_chest1lid3) { transformation: [-0.8021387441318434f,-0.04449367378769258f,0.5954777478256122f,0.14433175024779923f,0.05180415133319083f,0.9882752097090965f,0.14362604143778734f,2.77904649437498f,-0.594886346344608f,0.14605623186744054f,-0.7904288785624217f,-0.531328027319947f,0f,0f,0f,1f], start_interpolation: 0, interpolation_duration: 1 }
$data merge entity $(bone_chest3) { transformation: [-0.8021387441318434f,-0.04449367378769258f,0.5954777478256122f,0.1512838867771262f,0.05180415133319083f,0.9882752097090965f,0.14362604143778734f,2.624628492857934f,-0.594886346344608f,0.14605623186744054f,-0.7904288785624217f,-0.5541493135492346f,0f,0f,0f,1f], start_interpolation: 0, interpolation_duration: 1 }
$data merge entity $(bone_hugeasssword2) { transformation: [-2.3322878456503155f,2.198578637962902f,-2.250991593832101f,-0.692937611489147f,-0.562535328964667f,2.4654438572310298f,2.990889227016971f,4.65279890091304f,3.0958464410361515f,2.1043089928317924f,-1.1523438089341305f,-0.8413883499015959f,0f,0f,0f,1f], start_interpolation: 0, interpolation_duration: 1 }
$data merge entity $(bone_belt) { transformation: [-0.8021387441318434f,-0.04449367378769258f,0.5954777478256122f,0.15466981832423204f,0.05180415133319083f,0.9882752097090965f,0.14362604143778734f,2.9901063243235915f,-0.594886346344608f,0.14605623186744054f,-0.7904288785624217f,-0.004173828279422101f,0f,0f,0f,1f], start_interpolation: 0, interpolation_duration: 1 }
$data merge entity $(bone_torn_part) { transformation: [-0.8946767599236836f,-0.18229414695240348f,0.4078263591767397f,-0.0017125618717341723f,-0.02742206087773625f,0.9336373344766491f,0.35716852919673003f,2.7018565201659994f,-0.4458716472592502f,0.308366943199548f,-0.8403025065487367f,-0.06801893837598605f,0f,0f,0f,1f], start_interpolation: 0, interpolation_duration: 1 }
$data merge entity $(bone_lowerbody) { transformation: [-0.8946767599236836f,-0.05122126657553708f,0.44376781891306327f,0.04826374999999999f,-0.02742206087773625f,0.9978283998716402f,0.05988751945789528f,2.208891875f,-0.4458716472592502f,0.041410943722642056f,-0.894138472447262f,0.08104125000000001f,0f,0f,0f,1f], start_interpolation: 0, interpolation_duration: 1 }
$data merge entity $(bone_leftfoot) { transformation: [-0.9548072686475025f,-0.22962016087305903f,0.1887264196092502f,0.5669555071523428f,-0.16994716198183743f,0.9426881427656104f,0.28715331727744847f,0.22655029551120864f,-0.2438463489007276f,0.2421025551491648f,-0.9391087854546089f,-0.07762726101919365f,0f,0f,0f,1f], start_interpolation: 0, interpolation_duration: 1 }
$data merge entity $(bone_leftlowerleg) { transformation: [-0.9548072686475025f,-0.22962016087305903f,0.1887264196092502f,0.2832236524889174f,-0.16994716198183743f,0.9426881427656104f,0.28715331727744847f,1.2282251029878908f,-0.2438463489007276f,0.2421025551491648f,-0.9391087854546089f,0.3352452173835753f,0f,0f,0f,1f], start_interpolation: 0, interpolation_duration: 1 }
$data merge entity $(bone_leftleg) { transformation: [-0.9169704816209556f,0.07106390136202967f,0.39257490719484434f,0.31658082749567984f,-0.0471433869773715f,0.9578127300620539f,-0.2835000444362868f,2.200917869175325f,-0.39615986280810267f,-0.2784684830537965f,-0.8749358073856521f,0.09186221630293795f,0f,0f,0f,1f], start_interpolation: 0, interpolation_duration: 1 }
$data merge entity $(bone_rightfoot) { transformation: [-0.9068489653392219f,-0.005563434293493846f,0.4214228907805293f,-0.41690904951034663f,0.06258153727560743f,0.9870538254555383f,0.14768971358397853f,0.19911896395203255f,-0.4167836098160237f,0.16031306135632045f,-0.8947647399080991f,-0.16457646481264293f,0f,0f,0f,1f], start_interpolation: 0, interpolation_duration: 1 }
$data merge entity $(bone_rightlowerleg) { transformation: [-0.9068489653392219f,-0.005563434293493846f,0.4214228907805293f,-0.4878307678729725f,0.06258153727560743f,0.9870538254555383f,0.14768971358397853f,1.271439923217089f,-0.4167836098160237f,0.16031306135632045f,-0.8947647399080991f,0.15074752532066743f,0f,0f,0f,1f], start_interpolation: 0, interpolation_duration: 1 }
$data merge entity $(bone_rightleg) { transformation: [-0.85865480027147f,0.3165156520087865f,0.403153849809211f,-0.16675772928067611f,0.11848879663776604f,0.8878224813111738f,-0.4446747141478956f,2.169461022961472f,-0.49867057166239126f,-0.33404952284342987f,-0.7998445924562471f,-0.11229404724237575f,0f,0f,0f,1f], start_interpolation: 0, interpolation_duration: 1 }
data modify entity @s data merge value {"locators":{"lefthand":{"posx":-0.5056318174880811,"posy":3.767210960024025,"posz":0.1465293886062704,"roty":228.39334988644094,"rotx":-33.95287918639185},"righthand":{"posx":-1.6786594519926583,"posy":3.9450888750559887,"posz":-0.34590970801252435,"roty":312.8787850249008,"rotx":-46.42576013937088},"chest":{"posx":-0.40260923270136506,"posy":2.6076839311849116,"posz":0.033645875822960844,"roty":36.99291937197776,"rotx":8.257724382580584},"sack":{"posx":0,"posy":-0.4375,"posz":0,"roty":0,"rotx":0}},"cameras":{}}