# This file was generated by Animated Java via MC-Build. It is not recommended to edit this file directly.
$data merge entity $(bone_nose) { transformation: [-0.9983352335533409f,-0.0070926167413672f,0.057240337470672836f,-0.10926990941252451f,0.014165473058243026f,0.9318650344006199f,0.3625284775497887f,3.744398457988131f,-0.05591154459530359f,0.36273578876269097f,-0.9302132264871725f,0.3892554088016179f,0f,0f,0f,1f], start_interpolation: 0, interpolation_duration: 1 }
$data merge entity $(bone_glowing_eye) { transformation: [-0.9983352335533409f,-0.0070926167413672f,0.057240337470672836f,-0.2365394787388438f,0.014165473058243026f,0.9318650344006199f,0.3625284775497887f,3.7966133185483395f,-0.05591154459530359f,0.36273578876269097f,-0.9302132264871725f,0.43928699777625935f,0f,0f,0f,1f], start_interpolation: 0, interpolation_duration: 1 }
$data merge entity $(bone_head) { transformation: [-0.9983352335533409f,-0.0070926167413672f,0.057240337470672836f,-0.09767559586865697f,0.014165473058243026f,0.9318650344006199f,0.3625284775497887f,3.6972199456821606f,-0.05591154459530359f,0.36273578876269097f,-0.9302132264871725f,0.1702788494286853f,0f,0f,0f,1f], start_interpolation: 0, interpolation_duration: 1 }
$data merge entity $(bone_leftthumb2) { transformation: [-0.5323524484227831f,-0.4207673108537542f,0.7345445805226312f,1.3136333253325225f,-0.6813245684497361f,-0.30200212130357734f,-0.6667769875714968f,2.89325286676748f,0.502391981509507f,-0.8554236312173281f,-0.12590753778035646f,1.4107100049027452f,0f,0f,0f,1f], start_interpolation: 0, interpolation_duration: 1 }
$data merge entity $(bone_leftthumb) { transformation: [-0.5323524484227831f,-0.4207673108537542f,0.7345445805226312f,1.2732156415904834f,-0.6813245684497361f,-0.30200212130357734f,-0.6667769875714968f,2.7622080171182963f,0.502391981509507f,-0.8554236312173281f,-0.12590753778035646f,1.190164031614065f,0f,0f,0f,1f], start_interpolation: 0, interpolation_duration: 1 }
$data merge entity $(bone_leftpointerfinger) { transformation: [-0.5323524484227831f,-0.4207673108537542f,0.7345445805226312f,1.5039377417226119f,-0.6813245684497361f,-0.30200212130357734f,-0.6667769875714968f,2.904567166552809f,0.502391981509507f,-0.8554236312173281f,-0.12590753778035646f,1.409998871796194f,0f,0f,0f,1f], start_interpolation: 0, interpolation_duration: 1 }
$data merge entity $(bone_leftmidfinger) { transformation: [-0.5323524484227831f,-0.4207673108537542f,0.7345445805226312f,1.6187103324292729f,-0.6813245684497361f,-0.30200212130357734f,-0.6667769875714968f,2.8003832622447624f,0.502391981509507f,-0.8554236312173281f,-0.12590753778035646f,1.3903258190180134f,0f,0f,0f,1f], start_interpolation: 0, interpolation_duration: 1 }
$data merge entity $(bone_leftringfinger) { transformation: [-0.5323524484227831f,-0.4207673108537542f,0.7345445805226312f,1.733482923135934f,-0.6813245684497361f,-0.30200212130357734f,-0.6667769875714968f,2.696199357936716f,0.502391981509507f,-0.8554236312173281f,-0.12590753778035646f,1.3706527662398327f,0f,0f,0f,1f], start_interpolation: 0, interpolation_duration: 1 }
$data merge entity $(bone_invisibility) { transformation: [-0.35514638570611445f,-0.7684217041300639f,0.5323524484227831f,1.3351457148773784f,-0.3589663556539238f,0.6379184806347291f,0.6813245684497359f,2.7646241088125136f,-0.8631420510138663f,0.050873339643932064f,-0.5023919815095069f,1.4145700192204675f,0f,0f,0f,1f], start_interpolation: 0, interpolation_duration: 1 }
$data merge entity $(bone_swiftness) { transformation: [0.734544580522631f,-0.4207673108537542f,0.5323524484227832f,1.5021252389480808f,-0.666776987571497f,-0.30200212130357734f,0.681324568449736f,2.645014094489021f,-0.12590753778035635f,-0.8554236312173281f,-0.502391981509507f,1.532967295199211f,0f,0f,0f,1f], start_interpolation: 0, interpolation_duration: 1 }
$data merge entity $(bone_suspicious_stew) { transformation: [-0.07091273656570246f,-0.8435474227635522f,0.5323524484227832f,1.4925962914216415f,-0.5554990056951852f,0.47667356450556564f,0.6813245684497362f,2.653759773078963f,-0.8284879229442178f,-0.24740666614003606f,-0.5023919815095073f,1.431060338599963f,0f,0f,0f,1f], start_interpolation: 0, interpolation_duration: 1 }
$data merge entity $(bone_log) { transformation: [-0.5323524484227831f,-0.4207673108537542f,0.7345445805226312f,1.4245241127372847f,-0.6813245684497361f,-0.30200212130357734f,-0.6667769875714968f,2.5208801583314395f,0.502391981509507f,-0.8554236312173281f,-0.12590753778035646f,1.365329717130859f,0f,0f,0f,1f], start_interpolation: 0, interpolation_duration: 1 }
$data merge entity $(bone_planks) { transformation: [-0.5323524484227831f,-0.4207673108537542f,0.7345445805226312f,1.3746160706976487f,-0.6813245684497361f,-0.30200212130357734f,-0.6667769875714968f,2.4570059800392765f,0.502391981509507f,-0.8554236312173281f,-0.12590753778035646f,1.4124289653973752f,0f,0f,0f,1f], start_interpolation: 0, interpolation_duration: 1 }
$data merge entity $(bone_lefthand1) { transformation: [-0.5323524484227831f,-0.4207673108537542f,0.7345445805226312f,1.4294658789882095f,-0.6813245684497361f,-0.30200212130357734f,-0.6667769875714968f,2.6365475509795884f,0.502391981509507f,-0.8554236312173281f,-0.12590753778035646f,1.0298104245047863f,0f,0f,0f,1f], start_interpolation: 0, interpolation_duration: 1 }
$data merge entity $(bone_leftforearm) { transformation: [-0.33706606957107366f,0.07955669191599232f,0.9381136378474049f,1.4401152442769778f,-0.8357382456662784f,0.43352139433469183f,-0.33704715602531865f,2.864109495231633f,-0.4335066890770648f,-0.8976246060717635f,-0.07963678233048228f,0.3398256623140702f,0f,0f,0f,1f], start_interpolation: 0, interpolation_duration: 1 }
$data merge entity $(bone_leftelbow) { transformation: [-0.33706606957107366f,0.07955669191599232f,0.9381136378474049f,1.4550321240112263f,-0.8357382456662784f,0.43352139433469183f,-0.33704715602531865f,2.945394756669388f,-0.4335066890770648f,-0.8976246060717635f,-0.07963678233048228f,0.17152104867561455f,0f,0f,0f,1f], start_interpolation: 0, interpolation_duration: 1 }
$data merge entity $(bone_leftarm) { transformation: [-0.5323936219092467f,-0.8437023622357972f,0.06872667100980032f,0.7497096549624095f,-0.8369184079917918f,0.5368108369581224f,0.10677876047606207f,3.03581040913207f,-0.12698271423638036f,-0.0006702850552669781f,-0.9919047035895667f,0.3853634220849351f,0f,0f,0f,1f], start_interpolation: 0, interpolation_duration: 1 }
$data merge entity $(bone_rightthumb2) { transformation: [-0.9033272189838559f,0.2904764871529497f,-0.31563166167888645f,-0.9426108845573453f,0.42842241409876763f,0.5743997744865292f,-0.6975092359012949f,2.3411579063478882f,-0.02131127731218528f,-0.7653027567447449f,-0.6433175887368668f,1.1072499470500667f,0f,0f,0f,1f], start_interpolation: 0, interpolation_duration: 1 }
$data merge entity $(bone_rightthumb) { transformation: [-0.9033272189838559f,0.2904764871529497f,-0.31563166167888645f,-0.8983467973846615f,0.42842241409876763f,0.5743997744865292f,-0.6975092359012949f,2.422417747515366f,-0.02131127731218528f,-0.7653027567447449f,-0.6433175887368668f,0.864588872889613f,0f,0f,0f,1f], start_interpolation: 0, interpolation_duration: 1 }
$data merge entity $(bone_rightpointerfinger) { transformation: [-0.9033272189838559f,0.2904764871529497f,-0.31563166167888645f,-1.1072560434492802f,0.42842241409876763f,0.5743997744865292f,-0.6975092359012949f,2.248105777621153f,-0.02131127731218528f,-0.7653027567447449f,-0.6433175887368668f,1.0832174070184215f,0f,0f,0f,1f], start_interpolation: 0, interpolation_duration: 1 }
$data merge entity $(bone_rightmidfinger) { transformation: [-0.9033272189838559f,0.2904764871529497f,-0.31563166167888645f,-1.156573490586606f,0.42842241409876763f,0.5743997744865292f,-0.6975092359012949f,2.1391199595115755f,-0.02131127731218528f,-0.7653027567447449f,-0.6433175887368668f,0.982699033778286f,0f,0f,0f,1f], start_interpolation: 0, interpolation_duration: 1 }
$data merge entity $(bone_rightringfinger) { transformation: [-0.9033272189838559f,0.2904764871529497f,-0.31563166167888645f,-1.2058909377239322f,0.42842241409876763f,0.5743997744865292f,-0.6975092359012949f,2.0301341414019984f,-0.02131127731218528f,-0.7653027567447449f,-0.6433175887368668f,0.8821806605381506f,0f,0f,0f,1f], start_interpolation: 0, interpolation_duration: 1 }
$data merge entity $(bone_hugeasssword) { transformation: [-3.5380316076867695f,1.1376995746823864f,-1.2362240082423053f,-0.852692416877344f,1.6779877885535066f,2.2497324500722398f,-2.7319111739467385f,2.1528937917701243f,-0.08346916947272569f,-2.997435797250251f,-2.519660555886062f,0.8429595566745725f,0f,0f,0f,1f], start_interpolation: 0, interpolation_duration: 1 }
$data merge entity $(bone_ice) { transformation: [-0.9033272189838559f,0.2904764871529497f,-0.31563166167888645f,-0.843116624192486f,0.42842241409876763f,0.5743997744865292f,-0.6975092359012949f,2.137224695073479f,-0.02131127731218528f,-0.7653027567447449f,-0.6433175887368668f,0.855250400956712f,0f,0f,0f,1f], start_interpolation: 0, interpolation_duration: 1 }
$data merge entity $(bone_righthand1) { transformation: [-0.9033272189838559f,0.2904764871529497f,-0.31563166167888645f,-1.0061927965776778f,0.42842241409876763f,0.5743997744865292f,-0.6975092359012949f,2.366133078597888f,-0.02131127731218528f,-0.7653027567447449f,-0.6433175887368668f,0.6384932177944523f,0f,0f,0f,1f], start_interpolation: 0, interpolation_duration: 1 }
$data merge entity $(bone_rightforearm) { transformation: [-0.9905312624894298f,-0.10841736553323444f,-0.08422287623875871f,-1.0191995703714134f,0.0431379956883463f,0.336615855553086f,-0.9406534319919617f,2.6148176871780042f,0.1303339225186155f,-0.9353798376280604f,-0.3287516205280433f,-0.022204856624440356f,0f,0f,0f,1f], start_interpolation: 0, interpolation_duration: 1 }
$data merge entity $(bone_rightelbow) { transformation: [-0.9905312624894298f,-0.10841736553323444f,-0.08422287623875871f,-1.039527826408895f,0.0431379956883463f,0.336615855553086f,-0.9406534319919617f,2.677933160094208f,0.1303339225186155f,-0.9353798376280604f,-0.3287516205280433f,-0.19758857617970169f,0f,0f,0f,1f], start_interpolation: 0, interpolation_duration: 1 }
$data merge entity $(bone_rightarm) { transformation: [-0.9829571473784179f,-0.05953304047911268f,0.17392832865578756f,-0.8584495438888367f,-0.06205320524686803f,0.9980315119313609f,-0.009083001188585307f,3.2713383499282305f,-0.1730452141385983f,-0.019721011214288875f,-0.9847164239416403f,0.020931560946346545f,0f,0f,0f,1f], start_interpolation: 0, interpolation_duration: 1 }
$data merge entity $(bone_chest1) { transformation: [-1.031791428801485f,0.09358750353823257f,0.31663691784815984f,-0.13274204784385898f,0.12827313217742045f,1.0709166739416347f,0.1014622695699792f,3.0560541026652603f,-0.30424260405849635f,0.13412668551178922f,-1.031046837549312f,0.010604285628536929f,0f,0f,0f,1f], start_interpolation: 0, interpolation_duration: 1 }
$data merge entity $(bone_chest1lid) { transformation: [-0.952422857355217f,0.08638846480452238f,0.29228023185983987f,-0.6313418676433294f,0.11840596816377273f,0.9885384682538167f,0.09365747960305773f,2.3842150976828944f,-0.28083932682322743f,0.12380924816472852f,-0.9517355423532111f,0.20253339621571972f,0f,0f,0f,1f], start_interpolation: 0, interpolation_duration: 1 }
$data merge entity $(bone_chest2) { transformation: [-0.952422857355217f,0.08638846480452238f,0.29228023185983987f,-0.644840065269036f,0.11840596816377273f,0.9885384682538167f,0.09365747960305773f,2.2297559620182357f,-0.28083932682322743f,0.12380924816472852f,-0.9517355423532111f,0.1831882011899809f,0f,0f,0f,1f], start_interpolation: 0, interpolation_duration: 1 }
$data merge entity $(bone_chest1lid3) { transformation: [-0.952422857355217f,0.08638846480452238f,0.29228023185983987f,-0.3845734155234184f,0.11840596816377273f,0.9885384682538167f,0.09365747960305773f,2.4368140475433675f,-0.28083932682322743f,0.12380924816472852f,-0.9517355423532111f,-0.38961972767785447f,0f,0f,0f,1f], start_interpolation: 0, interpolation_duration: 1 }
$data merge entity $(bone_chest3) { transformation: [-0.952422857355217f,0.08638846480452238f,0.29228023185983987f,-0.39807161314912504f,0.11840596816377273f,0.9885384682538167f,0.09365747960305773f,2.2823549118787088f,-0.28083932682322743f,0.12380924816472852f,-0.9517355423532111f,-0.4089649227035933f,0f,0f,0f,1f], start_interpolation: 0, interpolation_duration: 1 }
$data merge entity $(bone_hugeasssword2) { transformation: [-1.1447642414510404f,2.9788717055882445f,-2.2707082531489116f,-1.1285058408339617f,-0.3668251284453091f,2.2738164158560212f,3.16788194380765f,4.373750934911236f,3.727630874216744f,1.1385780809444892f,-0.3855979732268516f,-0.44389227760179384f,0f,0f,0f,1f], start_interpolation: 0, interpolation_duration: 1 }
$data merge entity $(bone_belt) { transformation: [-0.952422857355217f,0.08638846480452238f,0.29228023185983987f,-0.17490846448796116f,0.11840596816377273f,0.9885384682538167f,0.09365747960305773f,2.6462371812291527f,-0.28083932682322743f,0.12380924816472852f,-0.9517355423532111f,0.09486684222896127f,0f,0f,0f,1f], start_interpolation: 0, interpolation_duration: 1 }
$data merge entity $(bone_torn_part) { transformation: [-0.9265870909597766f,-0.0203077119976965f,0.3755315695119616f,-0.3072438257327455f,0.1113250812477384f,0.9389791410625712f,0.32546105594153724f,2.371959046505192f,-0.35922567997274785f,0.34337409553257603f,-0.8677851931009783f,0.0219070617076057f,0f,0f,0f,1f], start_interpolation: 0, interpolation_duration: 1 }
$data merge entity $(bone_lowerbody) { transformation: [-0.9265870909597766f,0.09355671168607262f,0.36425747015701365f,-0.3136625f,0.1113250812477384f,0.9933883502647896f,0.028041252528804943f,1.87209125f,-0.35922567997274785f,0.06653365506785905f,-0.9308760301949063f,0.15540500000000002f,0f,0f,0f,1f], start_interpolation: 0, interpolation_duration: 1 }
$data merge entity $(bone_leftfoot) { transformation: [-0.9234140155941878f,-0.2742331646941672f,0.26853166697175157f,0.2829154008775524f,-0.27008477357646515f,0.9613758595267656f,0.05300255612722771f,0.16363237644350925f,-0.2726918060643975f,-0.023556989198902756f,-0.9618207313407123f,0.9129170926116185f,0f,0f,0f,1f], start_interpolation: 0, interpolation_duration: 1 }
$data merge entity $(bone_leftlowerleg) { transformation: [-0.9234140155941878f,-0.2742331646941672f,0.26853166697175157f,-0.06257073200920592f,-0.27008477357646515f,0.9613758595267656f,0.05300255612722771f,1.2220151097432495f,-0.2726918060643975f,-0.023556989198902756f,-0.9618207313407123f,1.0345631051238866f,0f,0f,0f,1f], start_interpolation: 0, interpolation_duration: 1 }
$data merge entity $(bone_leftleg) { transformation: [-0.9059838858548576f,0.09805346898357895f,0.41180736601941725f,-0.01373986170599284f,-0.28705511191587063f,0.5726507281036025f,-0.7679111500972263f,1.7926236570550511f,-0.31111502903958144f,-0.8139021199890688f,-0.490680302486767f,0.2835914058235723f,0f,0f,0f,1f], start_interpolation: 0, interpolation_duration: 1 }
$data merge entity $(bone_rightfoot) { transformation: [-0.6392260815258232f,-0.34627174375731906f,0.6866486284516808f,-0.38250576076622134f,0.2565648061122117f,0.7456909208457229f,0.614923735950575f,0.30938178996532417f,-0.7249452744563643f,0.5692305425547945f,-0.38783868574389296f,-0.47065688241123105f,0f,0f,0f,1f], start_interpolation: 0, interpolation_duration: 1 }
$data merge entity $(bone_rightlowerleg) { transformation: [-0.6392260815258232f,-0.34627174375731906f,0.6866486284516808f,-0.8721515341708485f,0.2565648061122117f,0.7456909208457229f,0.614923735950575f,1.0421523135410868f,-0.7249452744563643f,0.5692305425547945f,-0.38783868574389296f,0.2204229680057932f,0f,0f,0f,1f], start_interpolation: 0, interpolation_duration: 1 }
$data merge entity $(bone_rightleg) { transformation: [-0.6977088557339509f,0.39670274853442833f,0.5965087537084977f,-0.5125792983835586f,0.09732776101155197f,0.8774578467100016f,-0.46969164687196757f,1.8743184497256191f,-0.7097250592073661f,-0.2696565531417281f,-0.6508203005498783f,0.016848537973417912f,0f,0f,0f,1f], start_interpolation: 0, interpolation_duration: 1 }
data modify entity @s data merge value {"locators":{"lefthand":{"posx":1.4958273418667039,"posy":2.6187666427812486,"posz":1.3870277453310145,"roty":80.27351187665981,"rotx":-41.81879586430753},"righthand":{"posx":-0.9274105013702547,"posy":2.179312881729844,"posz":0.8752621616068448,"roty":333.86599157100443,"rotx":-44.22750967263198},"chest":{"posx":-0.7121731472140626,"posy":2.311497648734171,"posz":0.33472776773488755,"roty":17.071845750980515,"rotx":5.374054535909779},"sack":{"posx":0,"posy":-0.4375,"posz":0,"roty":0,"rotx":0}},"cameras":{}}