# This file was generated by Animated Java via MC-Build. It is not recommended to edit this file directly.
$data merge entity $(bone_nose) { transformation: [-1f,0f,1.2246467991473532e-16f,-1.3230304874286835e-17f,0f,1f,0f,4.214570681584362f,-1.2246467991473532e-16f,0f,-1f,0.10689964248971194f,0f,0f,0f,1f], start_interpolation: 0, interpolation_duration: 1 }
$data merge entity $(bone_glowing_eye) { transformation: [-1f,0f,1.2246467991473532e-16f,-0.12500000000000003f,0f,1f,0f,4.282278806584363f,-1.2246467991473532e-16f,0f,-1f,0.14179526748971188f,0f,0f,0f,1f], start_interpolation: 0, interpolation_duration: 1 }
$data merge entity $(bone_head) { transformation: [-1f,0f,1.2246467991473532e-16f,9.70181876314693e-18f,0f,1f,0f,4.091093806584363f,-1.2246467991473532e-16f,0f,-1f,-0.08035535751028806f,0f,0f,0f,1f], start_interpolation: 0, interpolation_duration: 1 }
$data merge entity $(bone_leftthumb2) { transformation: [-0.9914347334495951f,0.0031098944952566805f,0.13056606705403456f,0.9412044720239768f,-0.01315626881902612f,0.992253090574239f,-0.12353427393493835f,1.8871521478371194f,-0.12993876211697492f,-0.12419393222738076f,-0.9837132637600292f,0.34251352801499363f,0f,0f,0f,1f], start_interpolation: 0, interpolation_duration: 1 }
$data merge entity $(bone_leftthumb) { transformation: [-0.9914347334495951f,0.0031098944952566805f,0.13056606705403456f,0.953125f,-0.01315626881902612f,0.992253090574239f,-0.12353427393493835f,2.119937846187477f,-0.12993876211697492f,-0.12419393222738076f,-0.9837132637600292f,0.22799022135294753f,0f,0f,0f,1f], start_interpolation: 0, interpolation_duration: 1 }
$data merge entity $(bone_leftpointerfinger) { transformation: [-0.9998739784507912f,0.015875365097747375f,1.2184174117634697e-16f,1.0625f,0.015794612182602107f,0.9947879386626893f,-0.10073473739102409f,1.788759972516171f,-0.0015992007341083326f,-0.10072204264335893f,-0.994913319180501f,0.21440724522279134f,0f,0f,0f,1f], start_interpolation: 0, interpolation_duration: 1 }
$data merge entity $(bone_leftmidfinger) { transformation: [-0.9998739784507912f,0.015875365097747375f,1.2184174117634697e-16f,1.0625f,0.015794612182602107f,0.9947879386626893f,-0.10073473739102409f,1.7730201697988233f,-0.0015992007341083326f,-0.10072204264335893f,-0.994913319180501f,0.058952039100838086f,0f,0f,0f,1f], start_interpolation: 0, interpolation_duration: 1 }
$data merge entity $(bone_leftringfinger) { transformation: [-0.9997164589588103f,0.02381179722022901f,1.2184174117634697e-16f,1.0625f,0.02369067420803106f,0.9946312204220871f,-0.10073473739102409f,1.7572803670814758f,-0.0023986751397882078f,-0.10070617495870028f,-0.994913319180501f,-0.0965031670211152f,0f,0f,0f,1f], start_interpolation: 0, interpolation_duration: 1 }
$data merge entity $(bone_invisibility) { transformation: [-1.9913589401097372e-16f,-6.479175310140869e-17f,0.9999999999999998f,0.875f,0.9823477627706704f,0.18706382060531704f,3.2861178756804754e-17f,1.9007265773450077f,-0.18706382060531687f,0.9823477627706704f,-1.0404235621890478e-16f,0.23448042454503876f,0f,0f,0f,1f], start_interpolation: 0, interpolation_duration: 1 }
$data merge entity $(bone_swiftness) { transformation: [-1.0020286374868434e-16f,1.2336447370886683e-17f,1f,0.822916875f,-0.10073473739102409f,0.994913319180501f,-2.2367604966216724e-17f,1.7471107615048895f,-0.994913319180501f,-0.10073473739102409f,-9.845045497735059e-17f,0.06157536054013296f,0f,0f,0f,1f], start_interpolation: 0, interpolation_duration: 1 }
$data merge entity $(bone_suspicious_stew) { transformation: [6.267316318001039e-17f,5.8097915922280904e-18f,1.0000000000000002f,0.875f,0.8591253489866676f,0.51176521445731f,1.1045756744604296e-16f,1.8352022522476046f,-0.5117652144573103f,0.8591253489866676f,1.1128087743162698e-16f,0.05265611801389908f,0f,0f,0f,1f], start_interpolation: 0, interpolation_duration: 1 }
$data merge entity $(bone_log) { transformation: [-1f,1.2336447370886683e-17f,1.2184174117634697e-16f,0.78125f,0f,0.994913319180501f,-0.10073473739102409f,1.954844476329963f,-1.2246467991473532e-16f,-0.10073473739102409f,-0.994913319180501f,-0.006572285996564953f,0f,0f,0f,1f], start_interpolation: 0, interpolation_duration: 1 }
$data merge entity $(bone_planks) { transformation: [-1f,1.2336447370886683e-17f,1.2184174117634697e-16f,0.6875f,0f,0.994913319180501f,-0.10073473739102409f,1.954844476329963f,-1.2246467991473532e-16f,-0.10073473739102409f,-0.994913319180501f,-0.006572285996564953f,0f,0f,0f,1f], start_interpolation: 0, interpolation_duration: 1 }
$data merge entity $(bone_lefthand) { transformation: [-1f,1.2336447370886683e-17f,1.2184174117634697e-16f,1.03125f,0f,0.994913319180501f,-0.10073473739102409f,2.2067207666685578f,-1.2246467991473532e-16f,-0.10073473739102409f,-0.994913319180501f,-0.0006649291199302895f,0f,0f,0f,1f], start_interpolation: 0, interpolation_duration: 1 }
$data merge entity $(bone_leftforearm) { transformation: [-1f,1.2336447370886683e-17f,1.2184174117634697e-16f,0.96875f,0f,0.994913319180501f,-0.10073473739102409f,2.9078431744890825f,-1.2246467991473532e-16f,-0.10073473739102409f,-0.994913319180501f,-0.05594852073579879f,0f,0f,0f,1f], start_interpolation: 0, interpolation_duration: 1 }
$data merge entity $(bone_leftelbow) { transformation: [-1f,1.2615227791424076e-17f,1.2181319244806393e-16f,0.96875f,0f,0.9946802011230913f,-0.1030111522784144f,3.094345712199662f,-1.2246467991473532e-16f,-0.1030111522784144f,-0.9946802011230913f,-0.07526311178800149f,0f,0f,0f,1f], start_interpolation: 0, interpolation_duration: 1 }
$data merge entity $(bone_leftarm) { transformation: [-1f,1.9441715052251913e-18f,1.224492467260491e-16f,0.75f,0f,0.9998739784507912f,-0.01587536509774736f,3.594778806584362f,-1.2246467991473532e-16f,-0.01587536509774736f,-0.9998739784507912f,-0.051954732510287975f,0f,0f,0f,1f], start_interpolation: 0, interpolation_duration: 1 }
$data merge entity $(bone_rightthumb2) { transformation: [-0.17909058506019443f,-0.9373302985220833f,-0.2988954228744552f,-0.7668703303717991f,0.18157246889835346f,0.2670983587785326f,-0.9464089524491888f,2.171331545562433f,0.9669322628193525f,-0.22376411287406298f,0.12235857513362015f,0.35667825518334323f,0f,0f,0f,1f], start_interpolation: 0, interpolation_duration: 1 }
$data merge entity $(bone_rightthumb) { transformation: [-0.17909058506019443f,-0.9373302985220833f,-0.2988954228744552f,-1.0222864117073949f,0.18157246889835346f,0.2670983587785326f,-0.9464089524491888f,2.1559576717612505f,0.9669322628193525f,-0.22376411287406298f,0.12235857513362015f,0.3122582426663072f,0f,0f,0f,1f], start_interpolation: 0, interpolation_duration: 1 }
$data merge entity $(bone_rightpointerfinger) { transformation: [-0.26122468247221886f,-0.9652610959362735f,0.005716811978067225f,-1.1464057618977326f,-0.9503774716480029f,0.256151171839257f,-0.17654811964256284f,1.8298936881784884f,0.16895066336430192f,-0.05155185580829834f,-0.9842754083646927f,0.3223991200183134f,0f,0f,0f,1f], start_interpolation: 0, interpolation_duration: 1 }
$data merge entity $(bone_rightmidfinger) { transformation: [-0.2188719568048227f,-0.9757368418714316f,0.005716811978067225f,-1.1455125100261596f,-0.960646080069941f,0.21445248960301566f,-0.17654811964256284f,1.8023080444843378f,0.17103852013708506f,-0.04413326543360685f,-0.9842754083646927f,0.16860608746133013f,0f,0f,0f,1f], start_interpolation: 0, interpolation_duration: 1 }
$data merge entity $(bone_rightringfinger) { transformation: [-0.13299801375037107f,-0.9910998165670618f,0.005716811978067225f,-1.1446192581545866f,-0.9756812977237291f,0.12991061050897748f,-0.17654811964256284f,1.7747224007901874f,0.17423413445876795f,-0.029058335773426924f,-0.9842754083646927f,0.014813054904346895f,0f,0f,0f,1f], start_interpolation: 0, interpolation_duration: 1 }
$data merge entity $(bone_hugeasssword) { transformation: [-3.9124363659300596f,0.18060484572745608f,0.022390846914096634f,-0.8708972558970886f,0.17382179680494414f,3.8512230503133447f,-0.6914801352667045f,1.9930091451904128f,-0.05390216397575746f,-0.6897395770961103f,-3.8550786827617136f,0.15186992111066583f,0f,0f,0f,1f], start_interpolation: 0, interpolation_duration: 1 }
$data merge entity $(bone_ice) { transformation: [-0.9989199232161854f,0.0461118755048824f,0.005716811978067225f,-0.8560096301515995f,0.04438003322679424f,0.9832909915693645f,-0.17654811964256284f,1.9769517854279728f,-0.013762254632108286f,-0.17610372181177283f,-0.9842754083646927f,0.1548365769926015f,0f,0f,0f,1f], start_interpolation: 0, interpolation_duration: 1 }
$data merge entity $(bone_righthand) { transformation: [-0.9989199232161854f,0.0461118755048824f,0.005716811978067225f,-1.0940329917051106f,0.04438003322679424f,0.9832909915693645f,-0.17654811964256284f,2.2283524128881824f,-0.013762254632108286f,-0.17610372181177283f,-0.9842754083646927f,0.07661147637023456f,0f,0f,0f,1f], start_interpolation: 0, interpolation_duration: 1 }
$data merge entity $(bone_rightforearm) { transformation: [-0.9989199232161854f,0.0461118755048824f,0.005716811978067225f,-0.999267409226886f,0.04438003322679424f,0.9832909915693645f,-0.17654811964256284f,2.919713703628132f,-0.013762254632108286f,-0.17610372181177283f,-0.9842754083646927f,-0.030972008858463115f,0f,0f,0f,1f], start_interpolation: 0, interpolation_duration: 1 }
$data merge entity $(bone_rightelbow) { transformation: [-0.9989199232161854f,0.0461118755048824f,0.005716811978067225f,-0.9906214325697205f,0.04438003322679424f,0.9832909915693645f,-0.17654811964256284f,3.104080764547388f,-0.013762254632108286f,-0.17610372181177283f,-0.9842754083646927f,-0.06399145669817052f,0f,0f,0f,1f], start_interpolation: 0, interpolation_duration: 1 }
$data merge entity $(bone_rightarm) { transformation: [-0.9989199232161854f,0.044950722674586f,0.011765183075617964f,-0.75f,0.04438003322679424f,0.9980029284435097f,-0.04495072267458599f,3.594778806584362f,-0.013762254632108286f,-0.044380033226794235f,-0.9989199232161854f,-0.051954732510288155f,0f,0f,0f,1f], start_interpolation: 0, interpolation_duration: 1 }
$data merge entity $(bone_chest) { transformation: [-1.0833333333333333f,0f,1.3267006990762992e-16f,-0.0023231249999999806f,0f,1.0833333333333333f,0f,3.434478181584362f,-1.3267006990762992e-16f,0f,-1.0833333333333333f,-0.16202410751028806f,0f,0f,0f,1f], start_interpolation: 0, interpolation_duration: 1 }
$data merge entity $(bone_chest1lid) { transformation: [-1f,0f,1.2246467991473532e-16f,-0.34375000000000006f,0f,1f,0f,2.751028806584362f,-1.2246467991473532e-16f,0f,-1f,0.22929526748971188f,0f,0f,0f,1f], start_interpolation: 0, interpolation_duration: 1 }
$data merge entity $(bone_chest1) { transformation: [-1f,0f,1.2246467991473532e-16f,-0.34375000000000006f,0f,1f,0f,2.594778806584362f,-1.2246467991473532e-16f,0f,-1f,0.22929526748971188f,0f,0f,0f,1f], start_interpolation: 0, interpolation_duration: 1 }
$data merge entity $(bone_chest1lid3) { transformation: [-1f,0f,1.2246467991473532e-16f,-0.28124999999999994f,0f,1f,0f,2.751028806584362f,-1.2246467991473532e-16f,0f,-1f,-0.41132973251028815f,0f,0f,0f,1f], start_interpolation: 0, interpolation_duration: 1 }
$data merge entity $(bone_chest3) { transformation: [-1f,0f,1.2246467991473532e-16f,-0.28124999999999994f,0f,1f,0f,2.594778806584362f,-1.2246467991473532e-16f,0f,-1f,-0.41132973251028815f,0f,0f,0f,1f], start_interpolation: 0, interpolation_duration: 1 }
$data merge entity $(bone_hugeasssword2) { transformation: [-1.3493280322890861e-15f,2.887669569172986f,-2.646061646494669f,-1.234375f,2.1741867565575984e-16f,2.6460616464946694f,2.887669569172986f,4.594778806584362f,3.916666666666667f,5.710562051440511e-16f,-1.1937237951956666e-15f,-0.42695473251028826f,0f,0f,0f,1f], start_interpolation: 0, interpolation_duration: 1 }
$data merge entity $(bone_belt) { transformation: [-1f,0f,1.2246467991473532e-16f,0.029705625000000003f,0f,1f,0f,3.036148181584362f,-1.2246467991473532e-16f,0f,-1f,-0.031121607510288057f,0f,0f,0f,1f], start_interpolation: 0, interpolation_duration: 1 }
$data merge entity $(bone_torn_part) { transformation: [-1f,-3.6825839484795376e-17f,1.16796641102639e-16f,-0.09375f,0f,0.9537169507482269f,0.30070579950427306f,2.751028806584362f,-1.2246467991473532e-16f,0.30070579950427306f,-0.9537169507482269f,-0.036329732510288065f,0f,0f,0f,1f], start_interpolation: 0, interpolation_duration: 1 }
$data merge entity $(bone_lowerbody) { transformation: [-1f,0f,1.2246467991473532e-16f,0.003906249999999987f,0f,1f,0f,2.262747556584362f,-1.2246467991473532e-16f,0f,-1f,0.10429526748971193f,0f,0f,0f,1f], start_interpolation: 0, interpolation_duration: 1 }
$data merge entity $(bone_leftfoot) { transformation: [-0.999869183080658f,-0.003064744803946318f,-0.015881563679444908f,0.28521894322085045f,-0.003171833323650686f,0.9999723757055133f,0.006722149897082724f,0.11303269148115924f,0.015860523288484484f,0.006771644199051975f,-0.9998512832595939f,-0.25144195917500256f,0f,0f,0f,1f], start_interpolation: 0, interpolation_duration: 1 }
$data merge entity $(bone_leftlowerleg) { transformation: [-0.999869183080658f,-0.0029002799787039993f,-0.01591241972996905f,0.2844463187941491f,-0.003171833323650686f,0.9998493191082513f,0.01706688466397442f,1.2196182777058762f,0.015860523288484484f,0.017115123569859343f,-0.9997277211052036f,-0.07885107842565513f,0f,0f,0f,1f], start_interpolation: 0, interpolation_duration: 1 }
$data merge entity $(bone_leftleg) { transformation: [-0.999869183080658f,-0.003399730111556954f,-0.015813240047066652f,0.25f,-0.003171833323650686f,0.9998910735788992f,-0.01441459158642547f,2.282278806584362f,0.015860523288484484f,-0.014362548952224387f,-0.9997710542862353f,-0.06757973251028804f,0f,0f,0f,1f], start_interpolation: 0, interpolation_duration: 1 }
$data merge entity $(bone_rightfoot) { transformation: [-0.9999496851147722f,0.0031140746441630676f,0.009535710669812122f,-0.28630597349906817f,0.003172088696092148f,0.9999765170271578f,0.006074804320991625f,0.11282125877030502f,-0.009516569348873181f,0.006104746787934349f,-0.9999360814444508f,-0.25962004965573565f,0f,0f,0f,1f], start_interpolation: 0, interpolation_duration: 1 }
$data merge entity $(bone_rightlowerleg) { transformation: [-0.9999496851147722f,0.0030300555232542887f,0.009562740318223866f,-0.28441377886586416f,0.003172088696092148f,0.9998843633470859f,0.014872719566273021f,1.2197828460652687f,-0.009516569348873181f,0.014902305107562122f,-0.9998436658849769f,-0.08946619997984544f,0f,0f,0f,1f], start_interpolation: 0, interpolation_duration: 1 }
$data merge entity $(bone_rightleg) { transformation: [-0.9999496851147722f,0.0032120762122883157f,0.009503147124728715f,-0.25f,0.003172088696092148f,0.999986065038782f,-0.004219903026971337f,2.282278806584362f,-0.009516569348873181f,-0.004189545877463211f,-0.9999459398453342f,-0.06757973251028809f,0f,0f,0f,1f], start_interpolation: 0, interpolation_duration: 1 }
data modify entity @s data merge value {"locators":{"lefthand":{"posx":0.875,"posy":1.8786908535407212,"posz":0.01684313597430414,"roty":0,"rotx":-5.7814814814814826},"righthand":{"posx":-0.9504681961950379,"posy":1.9685070561691285,"posz":0.17167728952984862,"roty":0.33277831861448703,"rotx":-10.168761704217527},"chest":{"posx":-0.37500000000000006,"posy":2.688528806584362,"posz":0.38554526748971185,"roty":0,"rotx":0},"sack":{"posx":0,"posy":-0.4375,"posz":0,"roty":0,"rotx":0}},"cameras":{}}