# This file was generated by Animated Java via MC-Build. It is not recommended to edit this file directly.
$data merge entity $(bone_nose) { transformation: [-1f,-9.55402661289557e-17f,7.661367615920077e-17f,-1.6635674766265326e-16f,0f,0.6255981415420528f,0.78014547700998f,3.5574117249951627f,-1.2246467991473532e-16f,0.78014547700998f,-0.6255981415420528f,1.3575766344529345f,0f,0f,0f,1f], start_interpolation: 0, interpolation_duration: 1 }
$data merge entity $(bone_glowing_eye) { transformation: [-1f,-9.55402661289557e-17f,7.661367615920077e-17f,-0.1250000000000002f,0f,0.6255981415420528f,0.78014547700998f,3.5725461381512735f,-1.2246467991473532e-16f,0.78014547700998f,-0.6255981415420528f,1.4322294600764593f,0f,0f,0f,1f], start_interpolation: 0, interpolation_duration: 1 }
$data merge entity $(bone_head) { transformation: [-1f,-9.55402661289557e-17f,7.661367615920077e-17f,-1.4021344023519036e-16f,0f,0.6255981415420528f,0.78014547700998f,3.6262509627692463f,-1.2246467991473532e-16f,0.78014547700998f,-0.6255981415420528f,1.144100328911901f,0f,0f,0f,1f], start_interpolation: 0, interpolation_duration: 1 }
$data merge entity $(bone_leftthumb2) { transformation: [-1f,9.71445146547012e-17f,-2.7755575615628914e-17f,1.2379312046583293f,0f,0.2992114591102855f,-0.9541868280043976f,2.170715431841223f,-8.326672684688674e-17f,-0.9541868280043976f,-0.2992114591102857f,1.9944976054487302f,0f,0f,0f,1f], start_interpolation: 0, interpolation_duration: 1 }
$data merge entity $(bone_leftthumb) { transformation: [-1f,9.71445146547012e-17f,-2.7755575615628914e-17f,1.2379312046583293f,0f,0.2992114591102855f,-0.9541868280043976f,2.1625523772478914f,-8.326672684688674e-17f,-0.9541868280043976f,-0.2992114591102857f,1.7349205790149445f,0f,0f,0f,1f], start_interpolation: 0, interpolation_duration: 1 }
$data merge entity $(bone_leftpointerfinger) { transformation: [-0.12854320606946834f,0.02266563541681549f,-0.9914448613738105f,1.2057335290555f,0.9173650659903544f,0.38248990874929056f,-0.11019439824905736f,1.889971379416813f,0.3767200285011334f,-0.9236816219218129f,-0.06995914128971248f,1.9505338466544577f,0f,0f,0f,1f], start_interpolation: 0, interpolation_duration: 1 }
$data merge entity $(bone_leftmidfinger) { transformation: [-0.12854320606946834f,0.02266563541681549f,-0.9914448613738105f,1.0508202694658422f,0.9173650659903544f,0.38248990874929056f,-0.11019439824905736f,1.8727535046903978f,0.3767200285011334f,-0.9236816219218129f,-0.06995914128971248f,1.9396027308279402f,0f,0f,0f,1f], start_interpolation: 0, interpolation_duration: 1 }
$data merge entity $(bone_leftringfinger) { transformation: [-0.12607862007251888f,0.03378266443126187f,-0.9914448613738105f,0.8959070098761843f,0.9472104070447038f,0.30108078547249506f,-0.11019439824905736f,1.8555356299639825f,0.2947823372368432f,-0.9530000483752297f,-0.06995914128971248f,1.9286716150014227f,0f,0f,0f,1f], start_interpolation: 0, interpolation_duration: 1 }
$data merge entity $(bone_invisibility) { transformation: [-0.08641011328638329f,0.9876721143508954f,0.13052619222005116f,1.2122425199321718f,0.5243341675803252f,0.15648861851113616f,-0.8370095536995519f,2.1089768175065173f,-0.8471168591343706f,-0.003886748011833377f,-0.5313924351740534f,1.960018268086686f,0f,0f,0f,1f], start_interpolation: 0, interpolation_duration: 1 }
$data merge entity $(bone_swiftness) { transformation: [-0.9914448613738105f,1.0338861097868292e-16f,0.13052619222005118f,1.0195483964394114f,-0.11019439824905718f,0.5359777995497618f,-0.8370095536995521f,2.0593290023619417f,-0.06995914128971235f,-0.8442320761436367f,-0.5313924351740535f,2.088900777246223f,0f,0f,0f,1f], start_interpolation: 0, interpolation_duration: 1 }
$data merge entity $(bone_suspicious_stew) { transformation: [-0.4190027039255485f,0.8985541982805566f,0.13052619222005143f,1.0263466084245825f,0.43919068836913877f,0.32638404719826375f,-0.8370095536995522f,2.063191408480924f,-0.7947001153598263f,-0.29338337800030195f,-0.5313924351740538f,1.986474307664098f,0f,0f,0f,1f], start_interpolation: 0, interpolation_duration: 1 }
$data merge entity $(bone_log) { transformation: [-0.1305261922200514f,1.0338861097868292e-16f,-0.9914448613738105f,0.9676358000270553f,0.8370095536995521f,0.5359777995497618f,-0.11019439824905736f,2.2034929166660526f,0.5313924351740535f,-0.8442320761436367f,-0.06995914128971248f,1.9274840041957555f,0f,0f,0f,1f], start_interpolation: 0, interpolation_duration: 1 }
$data merge entity $(bone_planks) { transformation: [-0.1305261922200514f,1.0338861097868292e-16f,-0.9914448613738105f,0.9553989695064254f,0.8370095536995521f,0.5359777995497618f,-0.11019439824905736f,2.2819625623253854f,0.5313924351740535f,-0.8442320761436367f,-0.06995914128971248f,1.9773020449933232f,0f,0f,0f,1f], start_interpolation: 0, interpolation_duration: 1 }
$data merge entity $(bone_lefthand) { transformation: [-0.1305261922200514f,1.0338861097868292e-16f,-0.9914448613738105f,1.0312499999999998f,0.8370095536995521f,0.5359777995497618f,-0.11019439824905736f,2.131678553073888f,0.5313924351740535f,-0.8442320761436367f,-0.06995914128971248f,1.5857640995316367f,0f,0f,0f,1f], start_interpolation: 0, interpolation_duration: 1 }
$data merge entity $(bone_leftforearm) { transformation: [-1f,1.0338861097868292e-16f,6.563834966326574e-17f,0.9687499999999999f,0f,0.5359777995497618f,-0.8442320761436367f,2.5217290695720584f,-1.2246467991473532e-16f,-0.8442320761436367f,-0.5359777995497618f,1.0005380741111072f,0f,0f,0f,1f], start_interpolation: 0, interpolation_duration: 1 }
$data merge entity $(bone_leftelbow) { transformation: [-1f,7.872659479071242e-17f,9.380682863884453e-17f,0.9687499999999999f,0f,0.7659908857325761f,-0.6428514314945744f,2.6653523606469163f,-1.2246467991473532e-16f,-0.6428514314945744f,-0.7659908857325761f,0.8800034307058744f,0f,0f,0f,1f], start_interpolation: 0, interpolation_duration: 1 }
$data merge entity $(bone_leftarm) { transformation: [-1f,-3.1686335761666944e-17f,1.1829443753878487e-16f,0.7499999999999999f,0f,0.9659473867987578f,0.2587385667747485f,3.1402404738345844f,-1.2246467991473532e-16f,0.2587385667747485f,-0.9659473867987578f,1.0395585699307097f,0f,0f,0f,1f], start_interpolation: 0, interpolation_duration: 1 }
$data merge entity $(bone_rightthumb2) { transformation: [0.9744229429993876f,-0.13657238266730184f,-0.1784598342736744f,-1.0410315718573f,0.1444002855225138f,0.9890154796015262f,0.03157433529907813f,2.0336065639096566f,0.17218735638085553f,-0.05653640774879648f,0.983440465356919f,1.8742198166796897f,0f,0f,0f,1f], start_interpolation: 0, interpolation_duration: 1 }
$data merge entity $(bone_rightthumb) { transformation: [0.9744229429993876f,-0.13657238266730184f,-0.1784598342736744f,-1.0897756557010283f,0.1444002855225138f,0.9890154796015262f,0.03157433529907813f,2.2788534564246548f,0.17218735638085553f,-0.05653640774879648f,0.983440465356919f,1.9443970502705945f,0f,0f,0f,1f], start_interpolation: 0, interpolation_duration: 1 }
$data merge entity $(bone_rightpointerfinger) { transformation: [-0.13512407465831577f,0.02361090265876154f,-0.9905473283611297f,-1.181848574551805f,-0.009336919665982685f,0.999641307722738f,0.02510135106969752f,2.312568292688442f,0.9907846922408946f,0.012640457666227845f,-0.13485515359489755f,2.27937773524363f,0f,0f,0f,1f], start_interpolation: 0, interpolation_duration: 1 }
$data merge entity $(bone_rightmidfinger) { transformation: [-0.13602535958940232f,0.017694400956274416f,-0.9905473283611297f,-1.3366215946082316f,-0.05293177441530181f,0.9982825999844545f,0.02510135106969752f,2.316490378793082f,0.9892903157343756f,0.0558458480379265f,-0.13485515359489755f,2.2583066174944273f,0f,0f,0f,1f], start_interpolation: 0, interpolation_duration: 1 }
$data merge entity $(bone_rightringfinger) { transformation: [-0.13704991068680472f,0.005771677171018452f,-0.9905473283611297f,-1.491394614664658f,-0.13973641450682034f,0.9898705251876393f,0.02510135106969752f,2.3204124648977227f,0.9806584810429757f,0.14185566998671437f,-0.13485515359489755f,2.237235499745225f,0f,0f,0f,1f], start_interpolation: 0, interpolation_duration: 1 }
$data merge entity $(bone_hugeasssword) { transformation: [-0.024263642536626665f,0.5367064310759544f,-3.8796437027477584f,-1.291664243957203f,3.8145393404764274f,0.883120506426088f,0.09831362502298197f,2.1031994911750647f,0.8882447148090911f,-3.7778727024278114f,-0.5281826849133487f,2.0042468198944166f,0f,0f,0f,1f], start_interpolation: 0, interpolation_duration: 1 }
$data merge entity $(bone_ice) { transformation: [-0.0061949725625429775f,0.13703142921088196f,-0.9905473283611297f,-1.2937085635923333f,0.9739249379939814f,0.2254775761087884f,0.02510135106969752f,2.084458826892209f,0.22678588463210833f,-0.9645632431730582f,-0.13485515359489755f,2.0157745911216187f,0f,0f,0f,1f], start_interpolation: 0, interpolation_duration: 1 }
$data merge entity $(bone_righthand) { transformation: [-0.0061949725625429775f,0.13703142921088196f,-0.9905473283611297f,-1.291954053441534f,0.9739249379939814f,0.2254775761087884f,0.02510135106969752f,2.3850938726388295f,0.22678588463210833f,-0.9645632431730582f,-0.13485515359489755f,1.8271160279365408f,0f,0f,0f,1f], start_interpolation: 0, interpolation_duration: 1 }
$data merge entity $(bone_rightforearm) { transformation: [-0.9536955904735654f,0.1337610401414138f,-0.26939321604592126f,-1.1340880786867868f,0.30057376920178486f,0.3912103584890816f,-0.869833239580252f,2.654968939744795f,-0.010960382251978623f,-0.9105286593793361f,-0.41330065384627585f,1.194043410917542f,0f,0f,0f,1f], start_interpolation: 0, interpolation_duration: 1 }
$data merge entity $(bone_rightelbow) { transformation: [-0.9536955904735654f,0.1337610401414138f,-0.26939321604592126f,-1.1090078836602717f,0.30057376920178486f,0.3912103584890816f,-0.869833239580252f,2.7283208819614977f,-0.010960382251978623f,-0.9105286593793361f,-0.41330065384627585f,1.0233192872839165f,0f,0f,0f,1f], start_interpolation: 0, interpolation_duration: 1 }
$data merge entity $(bone_rightarm) { transformation: [-0.9536955904735654f,0.30077353718103095f,-0.000006548917238928272f,-0.7500000000000001f,0.30057376920178486f,0.9530613703709816f,-0.03646139841556667f,3.1402404738345844f,-0.010960382251978623f,-0.03477504332416448f,-0.9993350621201544f,1.0395585699307095f,0f,0f,0f,1f], start_interpolation: 0, interpolation_duration: 1 }
$data merge entity $(bone_chest) { transformation: [-1.0833333333333333f,-3.526376648303109e-17f,1.2789767090422584e-16f,-0.0023231250000001094f,0f,1.044363738126562f,0.28795050546478457f,3.014962663574663f,-1.3267006990762992e-16f,0.28795050546478457f,-1.044363738126562f,0.8908406223091786f,0f,0f,0f,1f], start_interpolation: 0, interpolation_duration: 1 }
$data merge entity $(bone_chest1lid) { transformation: [-1f,-3.2551169061259466e-17f,1.180593885269777e-16f,-0.34375000000000017f,0f,0.9640280659629803f,0.2658004665828781f,2.252085411951885f,-1.2246467991473532e-16f,0.2658004665828781f,-0.9640280659629803f,1.0864223198034944f,0f,0f,0f,1f], start_interpolation: 0, interpolation_duration: 1 }
$data merge entity $(bone_chest1) { transformation: [-1f,-3.2551169061259466e-17f,1.180593885269777e-16f,-0.34375000000000017f,0f,0.9640280659629803f,0.2658004665828781f,2.1014560266451694f,-1.2246467991473532e-16f,0.2658004665828781f,-0.9640280659629803f,1.0448909968999196f,0f,0f,0f,1f], start_interpolation: 0, interpolation_duration: 1 }
$data merge entity $(bone_chest1lid3) { transformation: [-1f,-3.2551169061259466e-17f,1.180593885269777e-16f,-0.28125000000000006f,0f,0.9640280659629803f,0.2658004665828781f,2.422363835856541f,-1.2246467991473532e-16f,0.2658004665828781f,-0.9640280659629803f,0.4688418400459602f,0f,0f,0f,1f], start_interpolation: 0, interpolation_duration: 1 }
$data merge entity $(bone_chest3) { transformation: [-1f,-3.2551169061259466e-17f,1.180593885269777e-16f,-0.28125000000000006f,0f,0.9640280659629803f,0.2658004665828781f,2.2717344505498254f,-1.2246467991473532e-16f,0.2658004665828781f,-0.9640280659629803f,0.4273105171423855f,0f,0f,0f,1f], start_interpolation: 0, interpolation_duration: 1 }
$data merge entity $(bone_hugeasssword2) { transformation: [-1.332073974353702e-15f,2.887669569172986f,-2.646061646494669f,-1.2343750000000002f,-1.0410518274496057f,2.550877691489075f,2.7837945099099866f,4.203943714766144f,3.7757765916883397f,0.7033244202453423f,0.767543918823357f,0.94384851177747f,0f,0f,0f,1f], start_interpolation: 0, interpolation_duration: 1 }
$data merge entity $(bone_belt) { transformation: [-1f,-3.2551169061259466e-17f,1.180593885269777e-16f,0.02970562499999989f,0f,0.9640280659629803f,0.2658004665828781f,2.5961674184827634f,-1.2246467991473532e-16f,0.2658004665828781f,-0.9640280659629803f,0.9111580063599398f,0f,0f,0f,1f], start_interpolation: 0, interpolation_duration: 1 }
$data merge entity $(bone_torn_part) { transformation: [-1f,-6.201146750712205e-17f,1.0560386226001264e-16f,-0.09375000000000011f,0f,0.8623209755950708f,0.5063620592508538f,2.3244865338481953f,-1.2246467991473532e-16f,0.5063620592508538f,-0.8623209755950708f,0.8371157103955755f,0f,0f,0f,1f], start_interpolation: 0, interpolation_duration: 1 }
$data merge entity $(bone_lowerbody) { transformation: [-1f,-2.7385693870678966e-17f,1.193634014170174e-16f,0.003906249999999894f,0f,0.9746761392764253f,0.22362116072769678f,1.8171237244897958f,-1.2246467991473532e-16f,0.22362116072769678f,-0.9746761392764253f,0.8649895225947521f,0f,0f,0f,1f], start_interpolation: 0, interpolation_duration: 1 }
$data merge entity $(bone_leftfoot) { transformation: [-0.9753667896506382f,0.15831153689406927f,-0.1536134204190684f,0.019625263821391237f,-0.04258543371779521f,0.5481409879823099f,0.8353011062657852f,0.6125937932827847f,0.2164396139381028f,0.8212666525435056f,-0.5278967502630699f,-0.7302711392834987f,0f,0f,0f,1f], start_interpolation: 0, interpolation_duration: 1 }
$data merge entity $(bone_leftlowerleg) { transformation: [-0.9753667896506382f,0.19088804613805305f,-0.11055034820480779f,0.24837726734968918f,-0.04258543371779521f,0.32878734354519973f,0.9434433547169423f,0.8323863086406593f,0.2164396139381028f,0.9249111506334473f,-0.3125592055151114f,0.3438255229313546f,0f,0f,0f,1f], start_interpolation: 0, interpolation_duration: 1 }
$data merge entity $(bone_leftleg) { transformation: [-0.9753667896506382f,0.024842288355673422f,-0.21918596295351872f,0.24999999999999992f,-0.04258543371779521f,0.9537407022368295f,0.2975989814026025f,1.8366549744897958f,0.2164396139381028f,0.2996022923911846f,-0.9291890872757127f,0.6931145225947521f,0f,0f,0f,1f], start_interpolation: 0, interpolation_duration: 1 }
$data merge entity $(bone_rightfoot) { transformation: [-0.9905012255519768f,0.04004744757268744f,0.1315428604027785f,-0.38934667631275804f,0.043246217459636076f,0.9988319972178877f,0.021550081418868938f,0.11734129404482374f,-0.1305261922200517f,0.027034113202375587f,-0.9910762179912783f,0.9414879701544256f,0f,0f,0f,1f], start_interpolation: 0, interpolation_duration: 1 }
$data merge entity $(bone_rightlowerleg) { transformation: [-0.9905012255519768f,-0.0027209320437006426f,0.1374769751952871f,-0.4134879460757278f,0.043246217459636076f,0.942904215760011f,0.33024446184218254f,1.112635041661055f,-0.1305261922200517f,0.3330529033514231f,-0.9338301112695617f,1.454447445899742f,0f,0f,0f,1f], start_interpolation: 0, interpolation_duration: 1 }
$data merge entity $(bone_rightleg) { transformation: [-0.9905012255519768f,0.12608338988599405f,0.05486620977330612f,-0.25000000000000006f,0.043246217459636076f,0.6644152842510982f,-0.7461113152398685f,1.8366549744897958f,-0.1305261922200517f,-0.7366514161042447f,-0.6635567830232355f,0.6931145225947521f,0f,0f,0f,1f], start_interpolation: 0, interpolation_duration: 1 }
data modify entity @s data merge value {"locators":{"lefthand":{"posx":0.9953639565066509,"posy":2.084871792889536,"posz":1.9447147059295615,"roty":274.0362614188736,"rotx":-6.326521893796765},"righthand":{"posx":-1.2809531563458492,"posy":2.171848994091981,"posz":2.054214180255378,"roty":277.7527020078652,"rotx":1.4383525490179894},"chest":{"posx":-0.37500000000000017,"posy":2.150302334925624,"posz":1.22043917594878,"roty":0,"rotx":15.414522069850879},"sack":{"posx":0,"posy":-0.4375,"posz":0,"roty":0,"rotx":0}},"cameras":{}}