# This file was generated by Animated Java via MC-Build. It is not recommended to edit this file directly.
$data merge entity $(bone_nose) { transformation: [-1f,-1.187157339571575e-16f,3.0069458552358e-17f,-2.0714177005173143e-16f,0f,0.24553576241977298f,0.9693875331223014f,3.014403536907826f,-1.2246467991473532e-16f,0.9693875331223014f,-0.24553576241977298f,1.6845641467412789f,0f,0f,0f,1f], start_interpolation: 0, interpolation_duration: 1 }
$data merge entity $(bone_glowing_eye) { transformation: [-1f,-1.187157339571575e-16f,3.0069458552358e-17f,-0.12500000000000022f,0f,0.24553576241977298f,0.9693875331223014f,2.9972009191662035f,-1.2246467991473532e-16f,0.9693875331223014f,-0.24553576241977298f,1.7587676828968548f,0f,0f,0f,1f], start_interpolation: 0, interpolation_duration: 1 }
$data merge entity $(bone_head) { transformation: [-1f,-1.187157339571575e-16f,3.0069458552358e-17f,-1.8685246574814848e-16f,0f,0.24553576241977298f,0.9693875331223014f,3.1656082107783066f,-1.2246467991473532e-16f,0.9693875331223014f,-0.24553576241977298f,1.5188894042954637f,0f,0f,0f,1f], start_interpolation: 0, interpolation_duration: 1 }
$data merge entity $(bone_leftthumb2) { transformation: [-1f,9.71445146547012e-17f,-1.3877787807814457e-17f,1.2379312046583293f,0f,0.3973861138249323f,-0.9176515005922009f,1.7439863062242529f,-8.326672684688674e-17f,-0.9176515005922011f,-0.39738611382493233f,1.9149871391673658f,0f,0f,0f,1f], start_interpolation: 0, interpolation_duration: 1 }
$data merge entity $(bone_leftthumb) { transformation: [-1f,9.71445146547012e-17f,-1.3877787807814457e-17f,1.2379312046583293f,0f,0.3973861138249323f,-0.9176515005922009f,1.7630220671321057f,-8.326672684688674e-17f,-0.9176515005922011f,-0.39738611382493233f,1.6559803672111888f,0f,0f,0f,1f], start_interpolation: 0, interpolation_duration: 1 }
$data merge entity $(bone_leftpointerfinger) { transformation: [-0.12854320606946837f,0.022665635416815485f,-0.9914448613738105f,1.2057335290555f,0.8729236882517294f,0.4770165408712886f,-0.10227147316915004f,1.4693815629914906f,0.4706175503127567f,-0.8786020081392613f,-0.08110260557637863f,1.841896304905676f,0f,0f,0f,1f], start_interpolation: 0, interpolation_duration: 1 }
$data merge entity $(bone_leftmidfinger) { transformation: [-0.12854320606946837f,0.022665635416815485f,-0.9914448613738105f,1.0508202694658422f,0.8729236882517294f,0.4770165408712886f,-0.10227147316915004f,1.4534016453088108f,0.4706175503127567f,-0.8786020081392613f,-0.08110260557637863f,1.8292240227843668f,0f,0f,0f,1f], start_interpolation: 0, interpolation_duration: 1 }
$data merge entity $(bone_leftringfinger) { transformation: [-0.1260786200725189f,0.03378266443126188f,-0.9914448613738105f,0.8959070098761843f,0.9111766809976205f,0.3991210365064374f,-0.10227147316915004f,1.4374217276261312f,0.39225149785153224f,-0.9162756843886846f,-0.08110260557637863f,1.8165517406630576f,0f,0f,0f,1f], start_interpolation: 0, interpolation_duration: 1 }
$data merge entity $(bone_invisibility) { transformation: [-0.08641011328638329f,0.9876721143508954f,0.13052619222005118f,1.2122425199321718f,0.6100732203765369f,0.15603662428567472f,-0.7768289629390326f,1.6861932640838802f,-0.7876191707298876f,0.012504655739468018f,-0.6160354498595039f,1.8742385749588404f,0f,0f,0f,1f], start_interpolation: 0, interpolation_duration: 1 }
$data merge entity $(bone_swiftness) { transformation: [-0.9914448613738105f,9.595501878238636e-17f,0.1305261922200512f,1.0195483964394114f,-0.10227147316914988f,0.6213511954723182f,-0.7768289629390328f,1.623335605676663f,-0.0811026055763785f,-0.7835321894377546f,-0.616035449859504f,1.9972203683083019f,0f,0f,0f,1f], start_interpolation: 0, interpolation_duration: 1 }
$data merge entity $(bone_suspicious_stew) { transformation: [-0.4190027039255485f,0.8985541982805565f,0.13052619222005146f,1.0263466084245825f,0.5199136347246869f,0.3552837946859271f,-0.7768289629390329f,1.6378915255768995f,-0.7443967668726433f,-0.2576310889352343f,-0.6160354498595042f,1.8957599077931642f,0f,0f,0f,1f], start_interpolation: 0, interpolation_duration: 1 }
$data merge entity $(bone_log) { transformation: [-0.13052619222005143f,9.595501878238636e-17f,-0.9914448613738105f,0.9676358000270553f,0.7768289629390328f,0.6213511954723182f,-0.10227147316915004f,1.7835941649816698f,0.616035449859504f,-0.7835321894377546f,-0.08110260557637863f,1.8517700229013805f,0f,0f,0f,1f], start_interpolation: 0, interpolation_duration: 1 }
$data merge entity $(bone_planks) { transformation: [-0.13052619222005143f,9.595501878238636e-17f,-0.9914448613738105f,0.9553989695064254f,0.7768289629390328f,0.6213511954723182f,-0.10227147316915004f,1.8564218802572041f,0.616035449859504f,-0.7835321894377546f,-0.08110260557637863f,1.909523346325709f,0f,0f,0f,1f], start_interpolation: 0, interpolation_duration: 1 }
$data merge entity $(bone_lefthand) { transformation: [-0.13052619222005143f,9.595501878238636e-17f,-0.9914448613738105f,1.0312499999999998f,0.7768289629390328f,0.6213511954723182f,-0.10227147316915004f,1.747920706651527f,0.616035449859504f,-0.7835321894377546f,-0.08110260557637863f,1.5044125695013277f,0f,0f,0f,1f], start_interpolation: 0, interpolation_duration: 1 }
$data merge entity $(bone_leftforearm) { transformation: [-1f,9.595501878238636e-17f,7.609357526815556e-17f,0.9687499999999999f,0f,0.6213511954723182f,-0.7835321894377546f,2.1970509564279657f,-1.2246467991473532e-16f,-0.7835321894377546f,-0.6213511954723182f,0.9632001112321615f,0f,0f,0f,1f], start_interpolation: 0, interpolation_duration: 1 }
$data merge entity $(bone_leftelbow) { transformation: [-1f,2.7012567635247287e-17f,1.1944839478356235e-16f,0.9687499999999999f,0f,0.9753701627826652f,-0.220574353797801f,2.3799328619497153f,-1.2246467991473532e-16f,-0.220574353797801f,-0.9753701627826652f,0.9218424198950739f,0f,0f,0f,1f], start_interpolation: 0, interpolation_duration: 1 }
$data merge entity $(bone_leftarm) { transformation: [-1f,-8.235262449307688e-17f,9.064018460771606e-17f,0.7499999999999999f,0f,0.740133274923213f,0.6724602109801292f,2.7289851178181928f,-1.2246467991473532e-16f,0.6724602109801292f,-0.740133274923213f,1.2812016902264889f,0f,0f,0f,1f], start_interpolation: 0, interpolation_duration: 1 }
$data merge entity $(bone_rightthumb2) { transformation: [0.9830635542358134f,-0.14468377119855214f,-0.11248401968730518f,-0.981059670437824f,0.14075031713730124f,0.9891453618273762f,-0.04219954266502703f,1.584020920202106f,0.11736863532902747f,0.025652670955540524f,0.9927570417347077f,1.9401897503435803f,0f,0f,0f,1f], start_interpolation: 0, interpolation_duration: 1 }
$data merge entity $(bone_rightthumb) { transformation: [0.9830635542358134f,-0.14468377119855214f,-0.11248401968730518f,-1.0261548833084129f,0.14075031713730124f,0.9891453618273762f,-0.04219954266502703f,1.82299513418276f,0.11736863532902747f,0.025652670955540524f,0.9927570417347077f,2.0313194103944383f,0f,0f,0f,1f], start_interpolation: 0, interpolation_duration: 1 }
$data merge entity $(bone_rightpointerfinger) { transformation: [-0.06856287454877653f,0.01971285857088928f,-0.9974520216233822f,-1.095792467856494f,-0.0831210555776557f,0.9962156536053018f,0.025402000539657854f,1.8312183173464616f,0.9941780637055238f,0.0846508991016906f,-0.06666485526880246f,2.3732392225609242f,0f,0f,0f,1f], start_interpolation: 0, interpolation_duration: 1 }
$data merge entity $(bone_rightmidfinger) { transformation: [-0.06935748069857692f,0.016703425713717596f,-0.9974520216233822f,-1.2516443462351474f,-0.12649625924488472f,0.9916417875249274f,0.025402000539657854f,1.835187379930783f,0.9895394061219578f,0.1279357682737402f,-0.06666485526880246f,2.3628228389251738f,0f,0f,0f,1f], start_interpolation: 0, interpolation_duration: 1 }
$data merge entity $(bone_rightringfinger) { transformation: [-0.07054935401943228f,0.010594961390583968f,-0.9974520216233822f,-1.407496224613801f,-0.2124421793195435f,0.9768434157092657f,0.025402000539657854f,1.8391564425151046f,0.9746235730236589f,0.21369297596922984f,-0.06666485526880246f,2.3524064552894233f,0f,0f,0f,1f], start_interpolation: 0, interpolation_duration: 1 }
$data merge entity $(bone_hugeasssword) { transformation: [0.017256296804266873f,0.27888352461622934f,-3.9066870846915807f,-1.222766091478379f,3.738891813024679f,1.1623542040228199f,0.0994911687803266f,1.641503680444467f,1.1664767500878022f,-3.7298035419933155f,-0.26110401646947634f,2.091321056554418f,0f,0f,0f,1f], start_interpolation: 0, interpolation_duration: 1 }
$data merge entity $(bone_ice) { transformation: [0.004405863013855371f,0.07120430415733514f,-0.9974520216233822f,-1.2239475003404285f,0.9546106756658754f,0.2967712861334859f,0.025402000539657854f,1.621950837291352f,0.2978238510862473f,-0.9522902660408464f,-0.06666485526880246f,2.101547094288083f,0f,0f,0f,1f], start_interpolation: 0, interpolation_duration: 1 }
$data merge entity $(bone_righthand) { transformation: [0.004405863013855371f,0.07120430415733514f,-0.9974520216233822f,-1.2362153342233617f,0.9546106756658754f,0.2967712861334859f,0.025402000539657854f,1.9355901402580566f,0.2978238510862473f,-0.9522902660408464f,-0.06666485526880246f,1.9358472138222833f,0f,0f,0f,1f], start_interpolation: 0, interpolation_duration: 1 }
$data merge entity $(bone_rightforearm) { transformation: [-0.9536955904735654f,0.07077485097580287f,-0.29232796852273685f,-1.1222781682182348f,0.2914087819898182f,0.4580659032155102f,-0.8397955406469897f,2.252576484904708f,0.07446907069708818f,-0.8860962412631664f,-0.4574798451612927f,1.3153045998461967f,0f,0f,0f,1f], start_interpolation: 0, interpolation_duration: 1 }
$data merge entity $(bone_rightelbow) { transformation: [-0.9536955904735654f,0.07077485097580287f,-0.29232796852273685f,-1.1090078836602717f,0.2914087819898182f,0.4580659032155102f,-0.8397955406469897f,2.338463841757616f,0.07446907069708818f,-0.8860962412631664f,-0.4574798451612927f,1.149161554609353f,0f,0f,0f,1f], start_interpolation: 0, interpolation_duration: 1 }
$data merge entity $(bone_rightarm) { transformation: [-0.9536955904735654f,0.30077353718103095f,-0.000006548917238932003f,-0.7500000000000001f,0.2914087819898182f,0.924007126226465f,0.24757171175625142f,2.7289851178181928f,0.07446907069708818f,0.23610614141593358f,-0.9688695719730243f,1.2812016902264887f,0f,0f,0f,1f], start_interpolation: 0, interpolation_duration: 1 }
$data merge entity $(bone_chest) { transformation: [-1.0833333333333333f,-6.998590009742674e-17f,1.1270901133826172e-16f,-0.0023231250000001363f,0f,0.9203389207135816f,0.5714782429199478f,2.650866362884732f,-1.3267006990762992e-16f,0.5714782429199478f,-0.9203389207135816f,1.1031314293294845f,0f,0f,0f,1f], start_interpolation: 0, interpolation_duration: 1 }
$data merge entity $(bone_chest1lid) { transformation: [-1f,-6.460236932070162e-17f,1.0403908738916468e-16f,-0.3437500000000001f,0f,0.8495436191202292f,0.5275183780799518f,1.8638181453505132f,-1.2246467991473532e-16f,0.5275183780799518f,-0.8495436191202292f,1.075042201599094f,0f,0f,0f,1f], start_interpolation: 0, interpolation_duration: 1 }
$data merge entity $(bone_chest1) { transformation: [-1f,-6.460236932070162e-17f,1.0403908738916468e-16f,-0.3437500000000001f,0f,0.8495436191202292f,0.5275183780799518f,1.7310769548629774f,-1.2246467991473532e-16f,0.5275183780799518f,-0.8495436191202292f,0.9926174550241015f,0f,0f,0f,1f], start_interpolation: 0, interpolation_duration: 1 }
$data merge entity $(bone_chest1lid3) { transformation: [-1f,-6.460236932070162e-17f,1.0403908738916468e-16f,-0.28125f,0f,0.8495436191202292f,0.5275183780799518f,2.2017596063079825f,-1.2246467991473532e-16f,0.5275183780799518f,-0.8495436191202292f,0.5308033206001971f,0f,0f,0f,1f], start_interpolation: 0, interpolation_duration: 1 }
$data merge entity $(bone_chest3) { transformation: [-1f,-6.460236932070162e-17f,1.0403908738916468e-16f,-0.28125f,0f,0.8495436191202292f,0.5275183780799518f,2.0690184158204468f,-1.2246467991473532e-16f,0.5275183780799518f,-0.8495436191202292f,0.44837857402520465f,0f,0f,0f,1f], start_interpolation: 0, interpolation_duration: 1 }
$data merge entity $(bone_hugeasssword2) { transformation: [-1.277161128230601e-15f,2.887669569172986f,-2.646061646494669f,-1.2343750000000002f,-2.0661136474798116f,2.247944787578314f,2.4532012566185717f,3.7763481287184044f,3.327379174887565f,1.3958461480584357f,1.523298767560966f,1.4901412111363546f,0f,0f,0f,1f], start_interpolation: 0, interpolation_duration: 1 }
$data merge entity $(bone_belt) { transformation: [-1f,-6.460236932070162e-17f,1.0403908738916468e-16f,0.029705624999999874f,0f,0.8495436191202292f,0.5275183780799518f,2.2434141785939605f,-1.2246467991473532e-16f,0.5275183780799518f,-0.8495436191202292f,1.0042124173907832f,0f,0f,0f,1f], start_interpolation: 0, interpolation_duration: 1 }
$data merge entity $(bone_torn_part) { transformation: [-1f,-7.954113563528767e-17f,9.311716044031488e-17f,-0.09375000000000011f,0f,0.7603593175203388f,0.6495026622424303f,2.0046465765319263f,-1.2246467991473532e-16f,0.6495026622424303f,-0.7603593175203388f,0.8741502412733875f,0f,0f,0f,1f], start_interpolation: 0, interpolation_duration: 1 }
$data merge entity $(bone_lowerbody) { transformation: [-1f,-4.7858859159365135e-17f,1.1272589510215755e-16f,0.0039062499999999003f,0f,0.9204767871082643f,0.3907972420512293f,1.5002391581632653f,-1.2246467991473532e-16f,0.3907972420512293f,-0.9204767871082643f,0.8127733236151603f,0f,0f,0f,1f], start_interpolation: 0, interpolation_duration: 1 }
$data merge entity $(bone_leftfoot) { transformation: [-0.9753667896506382f,0.2144599802211946f,0.0516385759886203f,-0.0004339156966674529f,-0.042585433717795204f,-0.41275559600123346f,0.9098457555018509f,0.47700804732687624f,0.21643961393810277f,0.8852342824660552f,0.41172097185488815f,-0.8372110019032155f,0f,0f,0f,1f], start_interpolation: 0, interpolation_duration: 1 }
$data merge entity $(bone_leftlowerleg) { transformation: [-0.9753667896506382f,0.20537410982656792f,-0.08050528342632243f,0.2397722719800208f,-0.042585433717795204f,0.1827804369934556f,0.982231028163715f,0.5288645943998844f,0.21643961393810277f,0.9614638770465723f,-0.1695320224998771f,0.2554608402498333f,0f,0f,0f,1f], start_interpolation: 0, interpolation_duration: 1 }
$data merge entity $(bone_leftleg) { transformation: [-0.9753667896506382f,0.032967434327222433f,-0.21811183810258436f,0.24999999999999992f,-0.042585433717795204f,0.9420272412718134f,0.3328230123307041f,1.5197704081632653f,0.21643961393810277f,0.3339129002834377f,-0.9174181535933481f,0.6408983236151603f,0f,0f,0f,1f], start_interpolation: 0, interpolation_duration: 1 }
$data merge entity $(bone_rightfoot) { transformation: [-0.9905012255519768f,0.03938262952227396f,0.13174342743356626f,-0.3850592838430217f,0.04324621745963609f,0.9987104296499021f,0.026594029103200967f,0.12268471927425029f,-0.1305261922200517f,0.03203882333075525f,-0.9909270543002219f,0.9634980558302606f,0f,0f,0f,1f], start_interpolation: 0, interpolation_duration: 1 }
$data merge entity $(bone_rightlowerleg) { transformation: [-0.9905012255519768f,-0.017783349003759632f,0.13634909122631697f,-0.425737127983717f,0.04324621745963609f,0.9009932819686098f,0.43167217946361447f,1.0558995996493776f,-0.1305261922200517f,0.433468405245f,-0.8916658874258286f,1.5813776304636535f,0f,0f,0f,1f], start_interpolation: 0, interpolation_duration: 1 }
$data merge entity $(bone_rightleg) { transformation: [-0.9905012255519768f,0.13664365744730053f,0.015356857082645949f,-0.25000000000000006f,0.04324621745963609f,0.4155883111680373f,-0.9085241440357722f,1.5197704081632653f,-0.1305261922200517f,-0.8992301521301004f,-0.4175500528614632f,0.6408983236151603f,0f,0f,0f,1f], start_interpolation: 0, interpolation_duration: 1 }
data modify entity @s data merge value {"locators":{"lefthand":{"posx":0.9953639565066509,"posy":1.6638213793281285,"posz":1.8564973799890074,"roty":274.67652173137844,"rotx":-5.8699870765419435},"righthand":{"posx":-1.2090618300974727,"posy":1.70641163053076,"posz":2.145389254097882,"roty":273.8236853843107,"rotx":1.455583989489948},"chest":{"posx":-0.3750000000000001,"posy":1.7282969225805065,"posz":1.1748134934566328,"roty":0,"rotx":31.83793446831996},"sack":{"posx":0,"posy":-0.4375,"posz":0,"roty":0,"rotx":0}},"cameras":{}}