# This file was generated by Animated Java via MC-Build. It is not recommended to edit this file directly.
$data merge entity $(bone_nose) { transformation: [-1f,-1.2205745763076027e-16f,9.978720525886148e-18f,-2.2360128015535175e-16f,0f,0.08148243667344524f,0.9966747777052241f,2.7301159945396583f,-1.2246467991473532e-16f,0.9966747777052241f,-0.08148243667344524f,1.8258237778915198f,0f,0f,0f,1f], start_interpolation: 0, interpolation_duration: 1 }
$data merge entity $(bone_glowing_eye) { transformation: [-1f,-1.2205745763076027e-16f,9.978720525886148e-18f,-0.12500000000000022f,0f,0.08148243667344524f,0.9966747777052241f,2.700853428257489f,-1.2246467991473532e-16f,0.9966747777052241f,-0.08148243667344524f,1.8961501388789754f,0f,0f,0f,1f], start_interpolation: 0, interpolation_duration: 1 }
$data merge entity $(bone_head) { transformation: [-1f,-1.2205745763076027e-16f,9.978720525886148e-18f,-2.066614414045858e-16f,0f,0.08148243667344524f,0.9966747777052241f,2.906687133391028f,-1.2246467991473532e-16f,0.9966747777052241f,-0.08148243667344524f,1.6874994972698734f,0f,0f,0f,1f], start_interpolation: 0, interpolation_duration: 1 }
$data merge entity $(bone_leftthumb2) { transformation: [-1f,9.71445146547012e-17f,-1.3877787807814457e-17f,1.2379312046583293f,0f,0.44697087411879555f,-0.8945485105289036f,1.5677138309774488f,-9.71445146547012e-17f,-0.8945485105289036f,-0.44697087411879566f,1.8748939308382986f,0f,0f,0f,1f], start_interpolation: 0, interpolation_duration: 1 }
$data merge entity $(bone_leftthumb) { transformation: [-1f,9.71445146547012e-17f,-1.3877787807814457e-17f,1.2379312046583293f,0f,0.44697087411879555f,-0.8945485105289036f,1.6008842062350037f,-9.71445146547012e-17f,-0.8945485105289036f,-0.44697087411879566f,1.617315604269907f,0f,0f,0f,1f], start_interpolation: 0, interpolation_duration: 1 }
$data merge entity $(bone_leftpointerfinger) { transformation: [-0.12854320606946837f,0.02266563541681548f,-0.9914448613738105f,1.2057335290555f,0.8458831537668118f,0.5243468407444126f,-0.09768357474450826f,1.2975167285352807f,0.5176469205422695f,-0.851203066002764f,-0.08657370317018839f,1.7868964258119764f,0f,0f,0f,1f], start_interpolation: 0, interpolation_duration: 1 }
$data merge entity $(bone_leftmidfinger) { transformation: [-0.12854320606946837f,0.02266563541681548f,-0.9914448613738105f,1.0508202694658422f,0.8458831537668118f,0.5243468407444126f,-0.09768357474450826f,1.2822536699814513f,0.5176469205422695f,-0.851203066002764f,-0.08657370317018839f,1.7733692846916345f,0f,0f,0f,1f], start_interpolation: 0, interpolation_duration: 1 }
$data merge entity $(bone_leftringfinger) { transformation: [-0.1260786200725189f,0.03378266443126188f,-0.9914448613738105f,0.8959070098761843f,0.8883641513500902f,0.44862796816646267f,-0.09768357474450826f,1.266990611427622f,0.4414898822811732f,-0.8930798831922911f,-0.08657370317018839f,1.7598421435712925f,0f,0f,0f,1f], start_interpolation: 0, interpolation_duration: 1 }
$data merge entity $(bone_invisibility) { transformation: [-0.0864101132863833f,0.9876721143508954f,0.13052619222005118f,1.2122425199321718f,0.6522292868835775f,0.15511937875259638f,-0.7419804146112946f,1.5122354854141522f,-0.7530805067542077f,0.02101839358847314f,-0.6575925619088051f,1.8310460759482965f,0f,0f,0f,1f], start_interpolation: 0, interpolation_duration: 1 }
$data merge entity $(bone_swiftness) { transformation: [-0.9914448613738105f,9.165047651007481e-17f,0.1305261922200512f,1.0195483964394114f,-0.09768357474450809f,0.6632669022033179f,-0.7419804146112947f,1.442746942644005f,-0.08657370317018824f,-0.7483829343602209f,-0.6575925619088052f,1.950406660479244f,0f,0f,0f,1f], start_interpolation: 0, interpolation_duration: 1 }
$data merge entity $(bone_suspicious_stew) { transformation: [-0.41900270392554856f,0.8985541982805565f,0.13052619222005146f,1.0263466084245825f,0.5598410957914014f,0.36884008973582905f,-0.7419804146112947f,1.4628291791087764f,-0.7148529090422465f,-0.23781787349997924f,-0.6575925619088054f,1.8498939566520216f,0f,0f,0f,1f], start_interpolation: 0, interpolation_duration: 1 }
$data merge entity $(bone_log) { transformation: [-0.13052619222005143f,9.165047651007481e-17f,-0.9914448613738105f,0.9676358000270553f,0.7419804146112947f,0.6632669022033179f,-0.09768357474450826f,1.6107192881878512f,0.6575925619088052f,-0.7483829343602209f,-0.08657370317018839f,1.8139372501998419f,0f,0f,0f,1f], start_interpolation: 0, interpolation_duration: 1 }
$data merge entity $(bone_planks) { transformation: [-0.13052619222005143f,9.165047651007481e-17f,-0.9914448613738105f,0.9553989695064254f,0.7419804146112947f,0.6632669022033179f,-0.09768357474450826f,1.6802799520576601f,0.6575925619088052f,-0.7483829343602209f,-0.08657370317018839f,1.8755865528787923f,0f,0f,0f,1f], start_interpolation: 0, interpolation_duration: 1 }
$data merge entity $(bone_lefthand) { transformation: [-0.13052619222005143f,9.165047651007481e-17f,-0.9914448613738105f,1.0312499999999998f,0.7419804146112947f,0.6632669022033179f,-0.09768357474450826f,1.594093521796623f,0.6575925619088052f,-0.7483829343602209f,-0.08657370317018839f,1.4651488043566538f,0f,0f,0f,1f], start_interpolation: 0, interpolation_duration: 1 }
$data merge entity $(bone_leftforearm) { transformation: [-1f,9.165047651007481e-17f,8.122676887636738e-17f,0.9687499999999998f,0f,0.6632669022033179f,-0.7483829343602209f,2.0721465457577093f,-1.2246467991473532e-16f,-0.7483829343602209f,-0.6632669022033179f,0.9493055989815503f,0f,0f,0f,1f], start_interpolation: 0, interpolation_duration: 1 }
$data merge entity $(bone_leftelbow) { transformation: [-1f,-3.0831996492493326e-18f,1.2242586208208398e-16f,0.9687499999999998f,0f,0.9996830283418994f,0.02517623572278943f,2.2595871135718153f,-1.2246467991473532e-16f,0.02517623572278943f,-0.9996830283418994f,0.9540261431795733f,0f,0f,0f,1f], start_interpolation: 0, interpolation_duration: 1 }
$data merge entity $(bone_leftarm) { transformation: [-1f,-1.0205384586575648e-16f,6.769498039461272e-17f,0.7499999999999998f,0f,0.552771463917144f,0.8333328918738883f,2.5099311926593284f,-1.2246467991473532e-16f,0.8333328918738883f,-0.552771463917144f,1.3879666973639282f,0f,0f,0f,1f], start_interpolation: 0, interpolation_duration: 1 }
$data merge entity $(bone_rightthumb2) { transformation: [0.9848857076209561f,-0.15403341637257026f,-0.07920763577182383f,-0.9471818192164412f,0.1476195956760145f,0.9856950492535876f,-0.08132481078623155f,1.3606682577542322f,0.0906013128846242f,0.06840304465124811f,0.9935353167281076f,1.9565460129391468f,0f,0f,0f,1f], start_interpolation: 0, interpolation_duration: 1 }
$data merge entity $(bone_rightthumb) { transformation: [0.9848857076209561f,-0.15403341637257026f,-0.07920763577182383f,-0.9917262458651619f,0.1476195956760145f,0.9856950492535876f,-0.08132481078623155f,1.5954527608530409f,0.0906013128846242f,0.06840304465124811f,0.9935353167281076f,2.0582263909463228f,0f,0f,0f,1f], start_interpolation: 0, interpolation_duration: 1 }
$data merge entity $(bone_rightpointerfinger) { transformation: [-0.0348404760227181f,0.01213872828976998f,-0.9993191644845087f,-1.0501210406950934f,-0.12175615095890771f,0.992426194700861f,0.016299931755665686f,1.5898225080100012f,0.9919483761437293f,0.12224115242861036f,-0.03309863620669437f,2.4022969070686635f,0f,0f,0f,1f], start_interpolation: 0, interpolation_duration: 1 }
$data merge entity $(bone_rightmidfinger) { transformation: [-0.03533679950095591f,0.010607454690532443f,-0.9993191644845087f,-1.206264660145798f,-0.16492928870031218f,0.9861706961543568f,0.016299931755665686f,1.592369372346824f,0.9856721769076358f,0.16539298640334932f,-0.03309863620669437f,2.3971252451613676f,0f,0f,0f,1f], start_interpolation: 0, interpolation_duration: 1 }
$data merge entity $(bone_rightringfinger) { transformation: [-0.036126832902598806f,0.007487285116125951f,-0.9993191644845087f,-1.3624082795965025f,-0.2502521224626018f,0.9680434842648973f,0.016299931755665686f,1.5949162366836467f,0.9675064481166987f,0.2506706068406628f,-0.03309863620669437f,2.3919535832540713f,0f,0f,0f,1f], start_interpolation: 0, interpolation_duration: 1 }
$data merge entity $(bone_hugeasssword) { transformation: [0.016881353392404187f,0.14351418389317633f,-3.9140000608976595f,-1.184352287364529f,3.6916497680132174f,1.306875680327472f,0.06384139937635727f,1.409526937727101f,1.3083251843534016f,-3.6894115266486414f,-0.12963632514288628f,2.1175737491960853f,0f,0f,0f,1f], start_interpolation: 0, interpolation_duration: 1 }
$data merge entity $(bone_ice) { transformation: [0.004310132781039366f,0.036641919291874804f,-0.9993191644845087f,-1.1849921631781684f,0.9425488769395448f,0.33367038646658853f,0.016299931755665686f,1.3895860117363799f,0.3340404726008685f,-0.9419774110592275f,-0.03309863620669437f,2.1270727638594975f,0f,0f,0f,1f], start_interpolation: 0, interpolation_duration: 1 }
$data merge entity $(bone_righthand) { transformation: [0.004310132781039366f,0.036641919291874804f,-0.9993191644845087f,-1.2059828740500806f,0.9425488769395448f,0.33367038646658853f,0.016299931755665686f,1.7091502004552779f,0.3340404726008685f,-0.9419774110592275f,-0.03309863620669437f,1.9740541968634484f,0f,0f,0f,1f], start_interpolation: 0, interpolation_duration: 1 }
$data merge entity $(bone_rightforearm) { transformation: [-0.9536955904735654f,0.036720938609342314f,-0.2985235223209826f,-1.1158930596495236f,0.2772245404740561f,0.49230818826765566f,-0.825093450418537f,2.0508699467141343f,0.11666736848933248f,-0.8696460316889092f,-0.47969209363664395f,1.3627878092646732f,0f,0f,0f,1f], start_interpolation: 0, interpolation_duration: 1 }
$data merge entity $(bone_rightelbow) { transformation: [-0.9536955904735654f,0.036720938609342314f,-0.2985235223209826f,-1.109007883660272f,0.2772245404740561f,0.49230818826765566f,-0.825093450418537f,2.1431777320143195f,0.11666736848933248f,-0.8696460316889092f,-0.47969209363664395f,1.1997291783230029f,0f,0f,0f,1f], start_interpolation: 0, interpolation_duration: 1 }
$data merge entity $(bone_rightarm) { transformation: [-0.9536955904735654f,0.3007735371810309f,-0.0000065489172389377774f,-0.7500000000000002f,0.2772245404740561f,0.8790346532487374f,0.38787192802111914f,2.5099311926593284f,0.11666736848933248f,0.3699099319016492f,-0.9217132783085483f,1.3879666973639282f,0f,0f,0f,1f], start_interpolation: 0, interpolation_duration: 1 }
$data merge entity $(bone_chest) { transformation: [-1.0833333333333333f,-8.585593795315419e-17f,1.0114398334789643e-16f,-0.002323125000000147f,0f,0.8259033005950516f,0.7010669363030256f,2.4589525934935645f,-1.3267006990762992e-16f,0.7010669363030256f,-0.8259033005950516f,1.2003161175210255f,0f,0f,0f,1f], start_interpolation: 0, interpolation_duration: 1 }
$data merge entity $(bone_chest1lid) { transformation: [-1f,-7.925163503368079e-17f,9.336367693651979e-17f,-0.3437500000000001f,0f,0.7623722774723554f,0.6471387104335622f,1.6846718212325893f,-1.2246467991473532e-16f,0.6471387104335622f,-0.7623722774723554f,1.05636061347471f,0f,0f,0f,1f], start_interpolation: 0, interpolation_duration: 1 }
$data merge entity $(bone_chest1) { transformation: [-1f,-7.925163503368079e-17f,9.336367693651979e-17f,-0.3437500000000001f,0f,0.7623722774723554f,0.6471387104335622f,1.5655511528775337f,-1.2246467991473532e-16f,0.6471387104335622f,-0.7623722774723554f,0.9552451899694661f,0f,0f,0f,1f], start_interpolation: 0, interpolation_duration: 1 }
$data merge entity $(bone_chest1lid3) { transformation: [-1f,-7.925163503368079e-17f,9.336367693651979e-17f,-0.28125f,0f,0.7623722774723554f,0.6471387104335622f,2.09924505760409f,-1.2246467991473532e-16f,0.6471387104335622f,-0.7623722774723554f,0.5679658732189825f,0f,0f,0f,1f], start_interpolation: 0, interpolation_duration: 1 }
$data merge entity $(bone_chest3) { transformation: [-1f,-7.925163503368079e-17f,9.336367693651979e-17f,-0.28125f,0f,0.7623722774723554f,0.6471387104335622f,1.9801243892490346f,-1.2246467991473532e-16f,0.6471387104335622f,-0.7623722774723554f,0.46685044971373846f,0f,0f,0f,1f], start_interpolation: 0, interpolation_duration: 1 }
$data merge entity $(bone_hugeasssword2) { transformation: [-1.235349103957742e-15f,2.887669569172986f,-2.6460616464946694f,-1.2343750000000004f,-2.5346266158647857f,2.017284043770392f,2.201479226038025f,3.5149804865442698f,2.9859580867667255f,1.7123689216402693f,1.8687227611528452f,1.7492158037453571f,0f,0f,0f,1f], start_interpolation: 0, interpolation_duration: 1 }
$data merge entity $(bone_belt) { transformation: [-1f,-7.925163503368079e-17f,9.336367693651979e-17f,0.029705624999999874f,0f,0.7623722774723554f,0.6471387104335622f,2.070564769165472f,-1.2246467991473532e-16f,0.6471387104335622f,-0.7623722774723554f,1.0423377920458496f,0f,0f,0f,1f], start_interpolation: 0, interpolation_duration: 1 }
$data merge entity $(bone_torn_part) { transformation: [-1f,-8.707628556038231e-17f,8.611224256530153e-17f,-0.09375000000000011f,0f,0.7031598222871789f,0.7110318307368967f,1.853502543598177f,-1.2246467991473532e-16f,0.7110318307368967f,-0.7031598222871789f,0.8887681543589175f,0f,0f,0f,1f], start_interpolation: 0, interpolation_duration: 1 }
$data merge entity $(bone_lowerbody) { transformation: [-1f,-5.715167879942479e-17f,1.0831104946876821e-16f,0.0039062499999999037f,0f,0.8844268367351189f,0.4666788729551738f,1.3560267857142858f,-1.2246467991473532e-16f,0.4666788729551738f,-0.8844268367351189f,0.7852701348396501f,0f,0f,0f,1f], start_interpolation: 0, interpolation_duration: 1 }
$data merge entity $(bone_leftfoot) { transformation: [-0.9753667896506382f,0.20532472841416366f,0.08063114502633352f,-0.0025706658472952892f,-0.042585433717795204f,-0.5339175395170372f,0.8444634638817361f,0.37798391784487506f,0.21643961393810277f,0.8202279054614777f,0.529509279069406f,-0.8654522912791784f,0f,0f,0f,1f], start_interpolation: 0, interpolation_duration: 1 }
$data merge entity $(bone_leftlowerleg) { transformation: [-0.9753667896506382f,0.2084581419488147f,-0.0721444987636307f,0.2397722719800208f,-0.042585433717795204f,0.14295882666429438f,0.9888120421565645f,0.384652221950905f,0.21643961393810277f,0.967526731896342f,-0.1305600114288789f,0.22795765147432312f,0f,0f,0f,1f], start_interpolation: 0, interpolation_duration: 1 }
$data merge entity $(bone_leftleg) { transformation: [-0.9753667896506382f,0.032967434327222433f,-0.21811183810258436f,0.24999999999999992f,-0.042585433717795204f,0.9420272412718134f,0.3328230123307041f,1.3755580357142858f,0.21643961393810277f,0.3339129002834377f,-0.9174181535933481f,0.6133951348396501f,0f,0f,0f,1f], start_interpolation: 0, interpolation_duration: 1 }
$data merge entity $(bone_rightfoot) { transformation: [-0.9905012255519768f,0.03818343732859701f,0.1320959775837445f,-0.37786384440892873f,0.0432462174596361f,0.9984274236154964f,0.03567133930701771f,0.15578368070132065f,-0.1305261922200517f,0.04104515667281111f,-0.9905948759499209f,0.9401392683875933f,0f,0f,0f,1f], start_interpolation: 0, interpolation_duration: 1 }
$data merge entity $(bone_rightlowerleg) { transformation: [-0.9905012255519768f,-0.025665907409394208f,0.13508731760192896f,-0.4270925357837473f,0.0432462174596361f,0.874424353188131f,0.48323060253563505f,1.0516019295736894f,-0.1305261922200517f,0.4844825195488186f,-0.8650084400722131f,1.6105168259172342f,0f,0f,0f,1f], start_interpolation: 0, interpolation_duration: 1 }
$data merge entity $(bone_rightleg) { transformation: [-0.9905012255519768f,0.13744106469519496f,-0.004156430618120925f,-0.25000000000000006f,0.0432462174596361f,0.2826854159886869f,-0.9582372985136496f,1.3755580357142858f,-0.1305261922200517f,-0.9493149684497526f,-0.28594405715415705f,0.6133951348396501f,0f,0f,0f,1f], start_interpolation: 0, interpolation_duration: 1 }
data modify entity @s data merge value {"locators":{"lefthand":{"posx":0.9953639565066509,"posy":1.4908672034387913,"posz":1.812108078379818,"roty":274.9904518774288,"rotx":-5.605795942093566},"righthand":{"posx":-1.169546256273811,"posy":1.4724816827272396,"posz":2.173624621404359,"roty":271.8970107077111,"rotx":0.9339586559641865},"chest":{"posx":-0.3750000000000001,"posy":1.5359081303853228,"posz":1.135035112427668,"roty":0,"rotx":40.32621867088989},"sack":{"posx":0,"posy":-0.4375,"posz":0,"roty":0,"rotx":0}},"cameras":{}}