# This file was generated by Animated Java via MC-Build. It is not recommended to edit this file directly.
$data merge entity $(bone_nose) { transformation: [-1f,-2.1863408173521388e-17f,1.2049725810016e-16f,-1.4311455964902108e-16f,0f,0.9839347817187363f,0.1785282759791929f,3.5183974008550587f,-1.2246467991473532e-16f,0.1785282759791929f,-0.9839347817187363f,1.1690834117303932f,0f,0f,0f,1f], start_interpolation: 0, interpolation_duration: 1 }
$data merge entity $(bone_glowing_eye) { transformation: [-1f,-2.1863408173521388e-17f,1.2049725810016e-16f,-0.12500000000000014f,0f,0.9839347817187363f,0.1785282759791929f,3.5787879242770524f,-1.2246467991473532e-16f,0.1785282759791929f,-0.9839347817187363f,1.2155062457237407f,0f,0f,0f,1f], start_interpolation: 0, interpolation_duration: 1 }
$data merge entity $(bone_head) { transformation: [-1f,-2.1863408173521388e-17f,1.2049725810016e-16f,-1.1785122026535975e-16f,0f,0.9839347817187363f,0.1785282759791929f,3.430334521123106f,-1.2246467991473532e-16f,0.1785282759791929f,-0.9839347817187363f,0.9627925905626029f,0f,0f,0f,1f], start_interpolation: 0, interpolation_duration: 1 }
$data merge entity $(bone_leftthumb2) { transformation: [-0.9939352782549604f,0.09678918524305644f,0.0521968989521391f,0.9568895984289978f,0.07971580375153665f,0.9611403892803349f,-0.26430009974703544f,1.399248483627888f,-0.07574993909225937f,-0.2585362754315758f,-0.9630269679575371f,1.2222487886693292f,0f,0f,0f,1f], start_interpolation: 0, interpolation_duration: 1 }
$data merge entity $(bone_leftthumb) { transformation: [-0.9939352782549604f,0.09678918524305644f,0.0521968989521391f,0.9850870366831704f,0.07971580375153665f,0.9611403892803349f,-0.26430009974703544f,1.6123745297718384f,-0.07574993909225937f,-0.2585362754315758f,-0.9630269679575371f,1.0765468290275697f,0f,0f,0f,1f], start_interpolation: 0, interpolation_duration: 1 }
$data merge entity $(bone_leftpointerfinger) { transformation: [-0.9939352782549604f,0.09891281397537824f,0.048051200523053866f,1.0878759753614908f,0.07971580375153665f,0.9490854503697745f,-0.3047658093170045f,1.2858267191400483f,-0.07574993909225937f,-0.29908704941517333f,-0.9512144256683897f,1.1370849560134113f,0f,0f,0f,1f], start_interpolation: 0, interpolation_duration: 1 }
$data merge entity $(bone_leftmidfinger) { transformation: [-0.9939352782549604f,0.09891281397537824f,0.048051200523053866f,1.095383975443218f,0.07971580375153665f,0.9490854503697745f,-0.3047658093170045f,1.2382070614342664f,-0.07574993909225937f,-0.29908704941517333f,-0.9512144256683897f,0.9884577020027254f,0f,0f,0f,1f], start_interpolation: 0, interpolation_duration: 1 }
$data merge entity $(bone_leftringfinger) { transformation: [-0.9939352782549604f,0.09891281397537824f,0.048051200523053866f,1.1028919755249451f,0.07971580375153665f,0.9490854503697745f,-0.3047658093170045f,1.1905874037284845f,-0.07574993909225937f,-0.29908704941517333f,-0.9512144256683897f,0.8398304479920395f,0f,0f,0f,1f], start_interpolation: 0, interpolation_duration: 1 }
$data merge entity $(bone_invisibility) { transformation: [0.018583254665131284f,-0.04660892418820043f,0.9987403420469552f,0.9046502433892121f,0.9222405494528303f,0.38661555831840416f,0.0008826160489741094f,1.3992002226501785f,-0.3861696927401112f,0.9210624399312821f,0.05016921523046401f,1.1243574535558603f,0f,0f,0f,1f], start_interpolation: 0, interpolation_duration: 1 }
$data merge entity $(bone_swiftness) { transformation: [0.048051200523053644f,0.014450304364400805f,0.9987403420469554f,0.8596855103500843f,-0.3047658093170045f,0.9524269118731691f,0.0008826160489740567f,1.2130359879294694f,-0.9512144256683897f,-0.3044243194022362f,0.05016921523046404f,0.9846159692424897f,0f,0f,0f,1f], start_interpolation: 0, interpolation_duration: 1 }
$data merge entity $(bone_suspicious_stew) { transformation: [0.03340373821011296f,-0.03744221469839605f,0.9987403420469556f,0.9129824854702034f,0.7343923302423725f,0.678724632137429f,0.0008826160489742303f,1.2974116219091854f,-0.6779027183562317f,0.7334377644274878f,0.05016921523046423f,0.9602746387150171f,0f,0f,0f,1f], start_interpolation: 0, interpolation_duration: 1 }
$data merge entity $(bone_log) { transformation: [-0.9987403420469554f,0.014450304364400805f,0.048051200523053866f,0.8234092664733696f,-0.0008826160489741244f,0.9524269118731691f,-0.3047658093170045f,1.4020963433270055f,-0.05016921523046425f,-0.3044243194022362f,-0.9512144256683897f,0.8729300586586758f,0f,0f,0f,1f], start_interpolation: 0, interpolation_duration: 1 }
$data merge entity $(bone_planks) { transformation: [-0.9987403420469554f,0.014450304364400805f,0.048051200523053866f,0.7297773594064675f,-0.0008826160489741244f,0.9524269118731691f,-0.3047658093170045f,1.4020135980724142f,-0.05016921523046425f,-0.3044243194022362f,-0.9512144256683897f,0.8682266947308197f,0f,0f,0f,1f], start_interpolation: 0, interpolation_duration: 1 }
$data merge entity $(bone_lefthand) { transformation: [-0.9987403420469554f,0.014450304364400805f,0.048051200523053866f,1.0752053280598632f,-0.0008826160489741244f,0.9524269118731691f,-0.3047658093170045f,1.6499476568486977f,-0.05016921523046425f,-0.3044243194022362f,-0.9512144256683897f,0.83909173341787f,0f,0f,0f,1f], start_interpolation: 0, interpolation_duration: 1 }
$data merge entity $(bone_leftforearm) { transformation: [-0.9991029016891005f,-0.026856206045139587f,0.032743488410377025f,0.9933665098223935f,-0.03463730385257533f,0.9630825220639789f,-0.26696874887654953f,2.329121610385343f,-0.024364913671996825f,-0.26786339782013285f,-0.9631487689292912f,0.6642766742356094f,0f,0f,0f,1f], start_interpolation: 0, interpolation_duration: 1 }
$data merge entity $(bone_leftelbow) { transformation: [-0.9991029016891005f,-0.03500813547963687f,0.023829021940878672f,0.9868024844199615f,-0.03463730385257533f,0.9992750283977194f,0.01580110130849932f,2.516485678209915f,-0.024364913671996825f,0.014961553093729263f,-0.9995911678835401f,0.6670819654406837f,0f,0f,0f,1f], start_interpolation: 0, interpolation_duration: 1 }
$data merge entity $(bone_leftarm) { transformation: [-0.9991029016891005f,-0.03500813547963687f,0.023829021940878672f,0.7499999999999999f,-0.03463730385257533f,0.9992750283977194f,0.01580110130849932f,3.0080524977751333f,-0.024364913671996825f,0.014961553093729263f,-0.9995911678835401f,0.7004701411181596f,0f,0f,0f,1f], start_interpolation: 0, interpolation_duration: 1 }
$data merge entity $(bone_rightthumb2) { transformation: [-0.034736574292612524f,0.004582603210426975f,-0.9993859965770132f,-0.875144499427199f,0.0024915627595540907f,0.9999867765650114f,0.004498756509665505f,1.2868188538398853f,0.9993933972772828f,-0.0023337615417686848f,-0.03474753279928154f,0.7605819893266286f,0f,0f,0f,1f], start_interpolation: 0, interpolation_duration: 1 }
$data merge entity $(bone_rightthumb) { transformation: [-0.034736574292612524f,0.004582603210426975f,-0.9993859965770132f,-0.959425679161846f,0.0024915627595540907f,0.9999867765650114f,0.004498756509665505f,1.5324425633760548f,0.9993933972772828f,-0.0023337615417686848f,-0.03474753279928154f,0.7570402145275268f,0f,0f,0f,1f], start_interpolation: 0, interpolation_duration: 1 }
$data merge entity $(bone_rightpointerfinger) { transformation: [-0.0917165491667681f,-0.9957454788498129f,-0.008889092141304351f,-1.0707155522610667f,-0.9957803335714537f,0.09174022898581978f,-0.002292958341034674f,1.2047178899859285f,0.0030986902497954737f,0.008641280911192584f,-0.999957862303682f,0.7119040375527943f,0f,0f,0f,1f], start_interpolation: 0, interpolation_duration: 1 }
$data merge entity $(bone_rightmidfinger) { transformation: [-0.0917165491667681f,-0.9957454788498129f,-0.008889092141304351f,-1.0721044729081455f,-0.9957803335714537f,0.09174022898581978f,-0.002292958341034674f,1.204359615245142f,0.0030986902497954737f,0.008641280911192584f,-0.999957862303682f,0.5556606215678439f,0f,0f,0f,1f], start_interpolation: 0, interpolation_duration: 1 }
$data merge entity $(bone_rightringfinger) { transformation: [-0.22090276714892856f,-0.9752553263155499f,-0.008889092141304351f,-1.0734933935552242f,-0.975286792013602f,0.22093079383794229f,-0.002292958341034674f,1.204001340504355f,0.004200094018390636f,0.008162893315914282f,-0.999957862303682f,0.3994172055828936f,0f,0f,0f,1f], start_interpolation: 0, interpolation_duration: 1 }
$data merge entity $(bone_hugeasssword) { transformation: [-3.9164707966885763f,0.017948529240838985f,-0.03481561088677538f,-0.8054230233015358f,0.018029024264905224f,3.9166148748796283f,-0.008980753502385808f,1.406295043627193f,0.03477399527497614f,-0.009140566038594016f,-3.916501627356088f,0.5684525750885079f,0f,0f,0f,1f], start_interpolation: 0, interpolation_duration: 1 }
$data merge entity $(bone_ice) { transformation: [-0.9999499906438918f,0.004582603210426975f,-0.008889092141304351f,-0.789870407872888f,0.004603155131465163f,0.9999867765650114f,-0.002292958341034674f,1.3905983259444357f,0.008878466878717312f,-0.0023337615417686848f,-0.999957862303682f,0.568350314067618f,0f,0f,0f,1f], start_interpolation: 0, interpolation_duration: 1 }
$data merge entity $(bone_righthand) { transformation: [-0.9999499906438918f,0.004582603210426975f,-0.008889092141304351f,-1.0389900388606699f,0.004603155131465163f,0.9999867765650114f,-0.002292958341034674f,1.6416741539203974f,0.008878466878717312f,-0.0023337615417686848f,-0.999957862303682f,0.5387378072048652f,0f,0f,0f,1f], start_interpolation: 0, interpolation_duration: 1 }
$data merge entity $(bone_rightforearm) { transformation: [-0.9999499906438918f,0.004521844029326681f,-0.008920153465902761f,-0.9731743654644015f,0.004603155131465163f,0.9999478527970946f,-0.009116065451477612f,2.3446172292453173f,0.008878466878717312f,-0.009156670413114087f,-0.9999186607983815f,0.5473683482156992f,0f,0f,0f,1f], start_interpolation: 0, interpolation_duration: 1 }
$data merge entity $(bone_rightelbow) { transformation: [-0.9999499906438918f,0.004688973937990955f,-0.008833444101235712f,-0.9722951828510282f,0.004603155131465163f,0.9999422557142086f,0.009710623049829392f,2.5321064021917317f,0.008878466878717312f,0.009669475714280229f,-0.9999138333202988f,0.5491813749121268f,0f,0f,0f,1f], start_interpolation: 0, interpolation_duration: 1 }
$data merge entity $(bone_rightarm) { transformation: [-0.9999499906438918f,0.006645129012000834f,-0.007473852533645497f,-0.7500000000000001f,0.004603155131465163f,0.9692766895645188f,0.24592988844319646f,3.0080524977751333f,0.008878466878717312f,0.24588318634518563f,-0.9692588052210938f,0.7004701411181594f,0f,0f,0f,1f], start_interpolation: 0, interpolation_duration: 1 }
$data merge entity $(bone_chest) { transformation: [-1.0833333333333333f,-7.63308749738016e-17f,1.0851241852907564e-16f,-0.0023231250000000634f,0f,0.8860711398962233f,0.6232888946179921f,2.9402684315184096f,-1.3267006990762992e-16f,0.6232888946179921f,-0.8860711398962233f,0.5182151602534781f,0f,0f,0f,1f], start_interpolation: 0, interpolation_duration: 1 }
$data merge entity $(bone_chest1lid) { transformation: [-1f,-7.04592692065861e-17f,1.0016530941145445e-16f,-0.34375f,0f,0.8179118214426677f,0.5753435950319927f,2.156124012330134f,-1.2246467991473532e-16f,0.5753435950319927f,-0.8179118214426677f,0.4450616825906659f,0f,0f,0f,1f], start_interpolation: 0, interpolation_duration: 1 }
$data merge entity $(bone_chest1) { transformation: [-1f,-7.04592692065861e-17f,1.0016530941145445e-16f,-0.34375f,0f,0.8179118214426677f,0.5753435950319927f,2.0283252902297173f,-1.2246467991473532e-16f,0.5753435950319927f,-0.8179118214426677f,0.355164245866917f,0f,0f,0f,1f], start_interpolation: 0, interpolation_duration: 1 }
$data merge entity $(bone_chest1lid3) { transformation: [-1f,-7.04592692065861e-17f,1.0016530941145445e-16f,-0.28124999999999994f,0f,0.8179118214426677f,0.5753435950319927f,2.5247035028975047f,-1.2246467991473532e-16f,0.5753435950319927f,-0.8179118214426677f,-0.07891307802104316f,0f,0f,0f,1f], start_interpolation: 0, interpolation_duration: 1 }
$data merge entity $(bone_chest3) { transformation: [-1f,-7.04592692065861e-17f,1.0016530941145445e-16f,-0.28124999999999994f,0f,0.8179118214426677f,0.5753435950319927f,2.396904780797088f,-1.2246467991473532e-16f,0.5753435950319927f,-0.8179118214426677f,-0.16881051474479203f,0f,0f,0f,1f], start_interpolation: 0, interpolation_duration: 1 }
$data merge entity $(bone_hugeasssword2) { transformation: [-1.261988831151236e-15f,2.887669569172986f,-2.646061646494669f,-1.2343750000000002f,-2.253429080541972f,2.1642451009340395f,2.361859077046841f,4.041718167354798f,3.2034879673171153f,1.5223946203705176f,1.6614021911924706f,0.9690968031091518f,0f,0f,0f,1f], start_interpolation: 0, interpolation_duration: 1 }
$data merge entity $(bone_belt) { transformation: [-1f,-7.04592692065861e-17f,1.0016530941145445e-16f,0.02970562499999995f,0f,0.8179118214426677f,0.5753435950319927f,2.5391557007344763f,-1.2246467991473532e-16f,0.5753435950319927f,-0.8179118214426677f,0.3961052482507832f,0f,0f,0f,1f], start_interpolation: 0, interpolation_duration: 1 }
$data merge entity $(bone_torn_part) { transformation: [-1f,-9.3526538436485e-17f,7.905937284539558e-17f,-0.09375000000000003f,0f,0.6455687705258348f,0.7637021425410315f,2.308304677527417f,-1.2246467991473532e-16f,0.7637021425410315f,-0.6455687705258348f,0.23572832866029655f,0f,0f,0f,1f], start_interpolation: 0, interpolation_duration: 1 }
$data merge entity $(bone_lowerbody) { transformation: [-1f,-6.542423313190022e-17f,1.0352423651358819e-16f,0.0039062499999999883f,0f,0.8453395426801082f,0.5342294053881586f,1.8204152188204357f,-1.2246467991473532e-16f,0.5342294053881586f,-0.8453395426801082f,0.09375f,0f,0f,0f,1f], start_interpolation: 0, interpolation_duration: 1 }
$data merge entity $(bone_leftfoot) { transformation: [-0.9238795325112867f,0.032340644744594194f,-0.38131442682414995f,0.15579637090638865f,0f,0.9964226161229955f,0.08451017736702127f,0.15926725634976224f,0.3826834323650896f,0.07807722315828941f,-0.9205744607673865f,-0.3872128642873349f,0f,0f,0f,1f], start_interpolation: 0, interpolation_duration: 1 }
$data merge entity $(bone_leftlowerleg) { transformation: [-0.9238795325112867f,0.24676172776477043f,-0.2924983061784656f,0.47448874770966254f,0f,0.7643349082837088f,0.6448194692927118f,0.9081276048553546f,0.3826834323650896f,0.5957355098443265f,-0.7061533777472102f,0.38217859401604604f,0f,0f,0f,1f], start_interpolation: 0, interpolation_duration: 1 }
$data merge entity $(bone_leftleg) { transformation: [-0.9238795325112867f,-0.19222106481087933f,-0.33090432401178715f,0.25f,0f,0.864694669342508f,-0.5022978487019935f,1.8399464688204357f,0.3826834323650896f,-0.4640627016402228f,-0.798873706877158f,-0.07812499999999997f,0f,0f,0f,1f], start_interpolation: 0, interpolation_duration: 1 }
$data merge entity $(bone_rightfoot) { transformation: [-0.9238795325112867f,-0.001016163262823f,0.38268208322176467f,-0.47479306518531234f,2.7755575615628914e-17f,0.999996474518594f,0.0026553625709450634f,0.14881724473559776f,-0.38268343236508984f,0.0024532351306925937f,-0.9238762753911736f,0.3829132813930266f,0f,0f,0f,1f], start_interpolation: 0, interpolation_duration: 1 }
$data merge entity $(bone_rightlowerleg) { transformation: [-0.9238795325112867f,-0.06745277183679829f,0.3766918275968556f,-0.6075005352252716f,2.7755575615628914e-17f,0.9843431822192967f,0.1762625871204339f,1.2137409871478941f,-0.38268343236508984f,0.16284539658805636f,-0.9094145190194363f,0.7032974553917173f,0f,0f,0f,1f], start_interpolation: 0, interpolation_duration: 1 }
$data merge entity $(bone_rightleg) { transformation: [-0.9238795325112867f,0.3146371858275794f,0.2178303254857496f,-0.25f,2.7755575615628914e-17f,0.5692180718132942f,-0.8221865887504828f,1.8399464688204357f,-0.38268343236508984f,-0.7596013612518456f,-0.5258889260838422f,-0.07812500000000003f,0f,0f,0f,1f], start_interpolation: 0, interpolation_duration: 1 }
data modify entity @s data merge value {"locators":{"lefthand":{"posx":0.9151614435036302,"posy":1.3325327018620836,"posz":0.9162792979409001,"roty":2.891874487160294,"rotx":-17.744074993420195},"righthand":{"posx":-0.8835484306062078,"posy":1.3754409058282608,"posz":0.584843476960083,"roty":359.4906844901852,"rotx":-0.13137695066328647},"chest":{"posx":-0.375,"posy":2.0151070867662186,"posz":0.5369014300015832,"roty":0,"rotx":35.12369791666666},"sack":{"posx":0,"posy":-0.4375,"posz":0,"roty":0,"rotx":0}},"cameras":{}}
execute on vehicle unless entity @s[tag=aj.transforms_only] run function animated_java:wander/variants/invis_on/apply