# This file was generated by Animated Java via MC-Build. It is not recommended to edit this file directly.
$data merge entity $(bone_nose) { transformation: [-1f,-2.648456727174399e-17f,1.1956657360252087e-16f,-1.47839987340449e-16f,0f,0.9763351660721098f,0.21626290364032763f,3.496981471575766f,-1.2246467991473532e-16f,0.21626290364032763f,-0.9763351660721098f,1.206752483665089f,0f,0f,0f,1f], start_interpolation: 0, interpolation_duration: 1 }
$data merge entity $(bone_glowing_eye) { transformation: [-1f,-2.648456727174399e-17f,1.1956657360252087e-16f,-0.12500000000000014f,0f,0.9763351660721098f,0.21626290364032763f,3.555540665855228f,-1.2246467991473532e-16f,0.21626290364032763f,-0.9763351660721098f,1.2554650652071964f,0f,0f,0f,1f], start_interpolation: 0, interpolation_duration: 1 }
$data merge entity $(bone_head) { transformation: [-1f,-2.648456727174399e-17f,1.1956657360252087e-16f,-1.2218031699806673e-16f,0f,0.9763351660721098f,0.21626290364032763f,3.4169229663377454f,-1.2246467991473532e-16f,0.21626290364032763f,-0.9763351660721098f,0.9972253746223223f,0f,0f,0f,1f], start_interpolation: 0, interpolation_duration: 1 }
$data merge entity $(bone_leftthumb2) { transformation: [-0.9999155810881105f,-0.009741062516579151f,-0.008598976582960011f,0.9435563706198323f,-0.010371243240135823f,0.9970102206450432f,0.07657060299473026f,1.2410767246568266f,0.007827388509594687f,0.07665332106550093f,-0.9970270810558505f,0.7966648242528853f,0f,0f,0f,1f], start_interpolation: 0, interpolation_duration: 1 }
$data merge entity $(bone_leftthumb) { transformation: [-0.9999155810881105f,-0.009741062516579151f,-0.008598976582960011f,0.9404326010542718f,-0.010371243240135823f,0.9970102206450432f,0.07657060299473026f,1.4921295359987907f,0.007827388509594687f,0.07665332106550093f,-0.9970270810558505f,0.7302600345649611f,0f,0f,0f,1f], start_interpolation: 0, interpolation_duration: 1 }
$data merge entity $(bone_leftpointerfinger) { transformation: [-0.9999155810881105f,-0.00968684162851755f,-0.008660011344693344f,1.0490414877770433f,-0.010371243240135823f,0.9965094363947195f,0.08283345030802858f,1.168782821956449f,0.007827388509594687f,0.08291627268240376f,-0.9965257767431696f,0.6554004775900786f,0f,0f,0f,1f], start_interpolation: 0, interpolation_duration: 1 }
$data merge entity $(bone_leftmidfinger) { transformation: [-0.9999155810881105f,-0.00968684162851755f,-0.008660011344693344f,1.047688361004435f,-0.010371243240135823f,0.9965094363947195f,0.08283345030802858f,1.1817255485670786f,0.007827388509594687f,0.08291627268240376f,-0.9965257767431696f,0.49969332497395835f,0f,0f,0f,1f], start_interpolation: 0, interpolation_duration: 1 }
$data merge entity $(bone_leftringfinger) { transformation: [-0.9999155810881105f,-0.00968684162851755f,-0.008660011344693344f,1.0463352342318266f,-0.010371243240135823f,0.9965094363947195f,0.08283345030802858f,1.194668275177708f,0.007827388509594687f,0.08291627268240376f,-0.9965257767431696f,0.3439861723578381f,0f,0f,0f,1f], start_interpolation: 0, interpolation_duration: 1 }
$data merge entity $(bone_invisibility) { transformation: [0.0021131774624410394f,0.008877970253135761f,0.9999583571955365f,0.8615457818482972f,0.9999882767551932f,0.004337777243543589f,-0.002151752951504798f,1.2755941777471678f,-0.004356699805029354f,0.9999511814747607f,-0.008868699681409112f,0.6972672000034221f,0f,0f,0f,1f], start_interpolation: 0, interpolation_duration: 1 }
$data merge entity $(bone_swiftness) { transformation: [-0.008660011344693566f,0.002878902275714611f,0.9999583571955367f,0.8074512216589498f,0.08283345030802858f,0.9965610816549597f,-0.002151752951504854f,1.1562863322735308f,-0.9965257767431696f,0.08281136668588346f,-0.008868699681409119f,0.49966646996709074f,0f,0f,0f,1f], start_interpolation: 0, interpolation_duration: 1 }
$data merge entity $(bone_suspicious_stew) { transformation: [-0.0010507073905513544f,0.009065312393005271f,0.9999583571955369f,0.8597870811769931f,0.9381979973447205f,0.34609231100617055f,-0.002151752951504762f,1.244411648977347f,-0.3460974050644352f,0.9381566672862405f,-0.00886869968140889f,0.5065368340506771f,0f,0f,0f,1f], start_interpolation: 0, interpolation_duration: 1 }
$data merge entity $(bone_log) { transformation: [-0.9999583571955367f,0.002878902275714611f,-0.008660011344693344f,0.7659949099425933f,0.002151752951504872f,0.9965610816549597f,0.08283345030802858f,1.3730663290066092f,0.008868699681408897f,0.08281136668588346f,-0.9965257767431696f,0.47100754969670855f,0f,0f,0f,1f], start_interpolation: 0, interpolation_duration: 1 }
$data merge entity $(bone_planks) { transformation: [-0.9999583571955367f,0.002878902275714611f,-0.008660011344693344f,0.6722488139555118f,0.002151752951504872f,0.9965610816549597f,0.08283345030802858f,1.3732680558458128f,0.008868699681408897f,0.08281136668588346f,-0.9965257767431696f,0.4718389902918406f,0f,0f,0f,1f], start_interpolation: 0, interpolation_duration: 1 }
$data merge entity $(bone_lefthand) { transformation: [-0.9999583571955367f,0.002878902275714611f,-0.008660011344693344f,1.0169748501649278f,0.002151752951504872f,0.9965610816549597f,0.08283345030802858f,1.619080115860347f,0.008868699681408897f,0.08281136668588346f,-0.9965257767431696f,0.5206346469710512f,0f,0f,0f,1f], start_interpolation: 0, interpolation_duration: 1 }
$data merge entity $(bone_leftforearm) { transformation: [-0.9999344614555677f,0.009836779340217695f,-0.005857522153221139f,0.9614869555811895f,0.009364460694632913f,0.9970767695128745f,0.07583022203362716f,2.319550150998226f,0.006586324427348336f,0.07577039969527942f,-0.9971035386862066f,0.5899020973254758f,0f,0f,0f,1f], start_interpolation: 0, interpolation_duration: 1 }
$data merge entity $(bone_leftelbow) { transformation: [-0.9999344614555677f,0.010318082158951436f,-0.00496084409397616f,0.9634215959859929f,0.009364460694632913f,0.9864035654842471f,0.1640741078777011f,2.5045008195265224f,0.006586324427348336f,0.16401689906996164f,-0.986435541305164f,0.6206552659010937f,0f,0f,0f,1f], start_interpolation: 0, interpolation_duration: 1 }
$data merge entity $(bone_leftarm) { transformation: [-0.9999344614555677f,0.010318082158951436f,-0.00496084409397616f,0.7499999999999999f,0.009364460694632913f,0.9864035654842471f,0.1640741078777011f,2.994623762174419f,0.006586324427348336f,0.16401689906996164f,-0.986435541305164f,0.7349305845703433f,0f,0f,0f,1f], start_interpolation: 0, interpolation_duration: 1 }
$data merge entity $(bone_rightthumb2) { transformation: [-0.051412685671386855f,-0.0024740146162127467f,-0.9986744289325395f,-0.8639057728239369f,0.17102870244708315f,0.9852018701384277f,-0.011245355263920807f,1.3063195178886187f,0.9839237362170519f,-0.17138014566286108f,-0.0502287465626435f,1.0826757080834886f,0f,0f,0f,1f], start_interpolation: 0, interpolation_duration: 1 }
$data merge entity $(bone_rightthumb) { transformation: [-0.051412685671386855f,-0.0024740146162127467f,-0.9986744289325395f,-0.9498567263639559f,0.17102870244708315f,0.9852018701384277f,-0.011245355263920807f,1.5469718875785756f,0.9839237362170519f,-0.17138014566286108f,-0.0502287465626435f,1.0363535896013873f,0f,0f,0f,1f], start_interpolation: 0, interpolation_duration: 1 }
$data merge entity $(bone_rightpointerfinger) { transformation: [-0.08468822296232054f,-0.9963769521592555f,0.0078021854192820575f,-1.0580505490344956f,-0.9817818476217035f,0.08210587884825202f,-0.1713564365265289f,1.2152573566852867f,0.1700949986683867f,-0.022171916119017268f,-0.9851782059930138f,1.0456131039072807f,0f,0f,0f,1f], start_interpolation: 0, interpolation_duration: 1 }
$data merge entity $(bone_rightmidfinger) { transformation: [-0.08468822296232054f,-0.9963769521592555f,0.0078021854192820575f,-1.056831457562733f,-0.9817818476217035f,0.08210587884825202f,-0.1713564365265289f,1.1884829134780164f,0.1700949986683867f,-0.022171916119017268f,-0.9851782059930138f,0.8916790092208723f,0f,0f,0f,1f], start_interpolation: 0, interpolation_duration: 1 }
$data merge entity $(bone_rightringfinger) { transformation: [-0.21401699305604027f,-0.9767987779404383f,0.0078021854192820575f,-1.05561236609097f,-0.96266560008968f,0.20955169783350788f,-0.1713564365265289f,1.1617084702707463f,0.16574579658991942f,-0.04418408479487008f,-0.9851782059930138f,0.7377449145344639f,0f,0f,0f,1f], start_interpolation: 0, interpolation_duration: 1 }
$data merge entity $(bone_hugeasssword) { transformation: [-3.916535466229817f,-0.009689890580166591f,0.03055855955885473f,-0.7918397988307947f,-0.014783399406480864f,3.8587073247088424f,-0.6711460430622382f,1.3922820852367426f,-0.02844592490597088f,-0.671238903846206f,-3.858614640139304f,0.8741900050195697f,0f,0f,0f,1f], start_interpolation: 0, interpolation_duration: 1 }
$data merge entity $(bone_ice) { transformation: [-0.9999665020161235f,-0.0024740146162127467f,0.0078021854192820575f,-0.7761766657584144f,-0.0037744849548461776f,0.9852018701384277f,-0.1713564365265289f,1.3769472823432491f,-0.007262789337694692f,-0.17138014566286108f,-0.9851782059930138f,0.8769813008789533f,0f,0f,0f,1f], start_interpolation: 0, interpolation_duration: 1 }
$data merge entity $(bone_righthand) { transformation: [-0.9999665020161235f,-0.0024740146162127467f,0.0078021854192820575f,-1.0265429766221459f,-0.0037744849548461776f,0.9852018701384277f,-0.1713564365265289f,1.6169492399976906f,-0.007262789337694692f,-0.17138014566286108f,-0.9851782059930138f,0.8015337481915327f,0f,0f,0f,1f], start_interpolation: 0, interpolation_duration: 1 }
$data merge entity $(bone_rightforearm) { transformation: [-0.9999665020161235f,-0.0024870868116570926f,0.007798028265489501f,-0.9659156473522328f,-0.0037744849548461776f,0.9854876625720382f,-0.16970509768898048f,2.3127578002047233f,-0.007262789337694692f,-0.16972884645071998f,-0.9854640381939589f,0.6980449529612567f,0f,0f,0f,1f], start_interpolation: 0, interpolation_duration: 1 }
$data merge entity $(bone_rightelbow) { transformation: [-0.9999665020161235f,-0.0024609354721587054f,0.007806320659565738f,-0.9663770727532626f,-0.0037744849548461776f,0.9849133106301112f,-0.17300729408600063f,2.497429045947869f,-0.007262789337694692f,-0.17303096353033515f,-0.9848896067838265f,0.6656016472993188f,0f,0f,0f,1f], start_interpolation: 0, interpolation_duration: 1 }
$data merge entity $(bone_rightarm) { transformation: [-0.9999665020161235f,-0.004295751414926535f,0.00696716336963965f,-0.7500000000000001f,-0.0037744849548461776f,0.9973117355427024f,0.07317824411755591f,2.994623762174419f,-0.007262789337694692f,0.07314949534059767f,-0.9972945418593508f,0.7349305845703431f,0f,0f,0f,1f], start_interpolation: 0, interpolation_duration: 1 }
$data merge entity $(bone_chest) { transformation: [-1.0833333333333333f,-7.632376741182252e-17f,1.0851741785244167e-16f,-0.0023231250000000678f,0f,0.8861119624694708f,0.623230856970043f,2.9268277586392566f,-1.3267006990762992e-16f,0.623230856970043f,-0.8861119624694708f,0.5526800438497693f,0f,0f,0f,1f], start_interpolation: 0, interpolation_duration: 1 }
$data merge entity $(bone_chest1lid) { transformation: [-1f,-7.045270838014387e-17f,1.0016992417148463e-16f,-0.34375f,0f,0.817949503817973f,0.5752900218185013f,2.1426785496915506f,-1.2246467991473532e-16f,0.5752900218185013f,-0.817949503817973f,0.4795779266097876f,0f,0f,0f,1f], start_interpolation: 0, interpolation_duration: 1 }
$data merge entity $(bone_chest1) { transformation: [-1f,-7.045270838014387e-17f,1.0016992417148463e-16f,-0.34375f,0f,0.817949503817973f,0.5752900218185013f,2.014873939719992f,-1.2246467991473532e-16f,0.5752900218185013f,-0.817949503817973f,0.3896888607006468f,0f,0f,0f,1f], start_interpolation: 0, interpolation_duration: 1 }
$data merge entity $(bone_chest1lid3) { transformation: [-1f,-7.045270838014387e-17f,1.0016992417148463e-16f,-0.28124999999999994f,0f,0.817949503817973f,0.5752900218185013f,2.511223719919028f,-1.2246467991473532e-16f,0.5752900218185013f,-0.817949503817973f,-0.044420974273601394f,0f,0f,0f,1f], start_interpolation: 0, interpolation_duration: 1 }
$data merge entity $(bone_chest3) { transformation: [-1f,-7.045270838014387e-17f,1.0016992417148463e-16f,-0.28124999999999994f,0f,0.817949503817973f,0.5752900218185013f,2.3834191099474697f,-1.2246467991473532e-16f,0.5752900218185013f,-0.817949503817973f,-0.13431004018274223f,0f,0f,0f,1f], start_interpolation: 0, interpolation_duration: 1 }
$data merge entity $(bone_hugeasssword2) { transformation: [-1.262006905628021e-15f,2.887669569172986f,-2.646061646494669f,-1.2343750000000002f,-2.2532192521224634f,2.1643448108220835f,2.361967891295304f,4.02830702417433f,3.2036355566203945f,1.5222528623450187f,1.6612474894541485f,1.0034895424571044f,0f,0f,0f,1f], start_interpolation: 0, interpolation_duration: 1 }
$data merge entity $(bone_belt) { transformation: [-1f,-7.045270838014387e-17f,1.0016992417148463e-16f,0.029705624999999947f,0f,0.817949503817973f,0.5752900218185013f,2.525707030702347f,-1.2246467991473532e-16f,0.5752900218185013f,-0.817949503817973f,0.43059640438233787f,0f,0f,0f,1f], start_interpolation: 0, interpolation_duration: 1 }
$data merge entity $(bone_torn_part) { transformation: [-1f,-9.762426459308312e-17f,7.393984574827212e-17f,-0.09375000000000003f,0f,0.6037646593266884f,0.7971626158746582f,2.295562582294611f,-1.2246467991473532e-16f,0.7971626158746582f,-0.6037646593266884f,0.261640012365831f,0f,0f,0f,1f], start_interpolation: 0, interpolation_duration: 1 }
$data merge entity $(bone_lowerbody) { transformation: [-1f,-7.087177551579654e-17f,9.987386676131609e-17f,0.0039062499999999883f,0f,0.8155320116040982f,0.5787119646672022f,1.8159722222222223f,-1.2246467991473532e-16f,0.5787119646672022f,-0.8155320116040982f,0.09375f,0f,0f,0f,1f], start_interpolation: 0, interpolation_duration: 1 }
$data merge entity $(bone_leftfoot) { transformation: [-0.9238795325112867f,0.031157731206169825f,-0.381412906431875f,0.15601413551673793f,-1.3877787807814457e-17f,0.9966799557394934f,0.0814190753271089f,0.1590010180435737f,0.38268343236508967f,0.07522141725071063f,-0.9208122115719732f,-0.3866871340116248f,0f,0f,0f,1f], start_interpolation: 0, interpolation_duration: 1 }
$data merge entity $(bone_leftlowerleg) { transformation: [-0.9238795325112867f,0.24766780954777873f,-0.2917314955923192f,0.47559387970627154f,-1.3877787807814457e-17f,0.7623311356578406f,0.6471871750943673f,0.9052746436546321f,0.38268343236508967f,0.5979229847734844f,-0.7043021332303642f,0.3848466186704721f,0f,0f,0f,1f], start_interpolation: 0, interpolation_duration: 1 }
$data merge entity $(bone_leftleg) { transformation: [-0.9238795325112867f,-0.193246536436549f,-0.3303065024518949f,0.25f,-1.3877787807814457e-17f,0.8631324863229883f,-0.5049775351972565f,1.8355034722222223f,0.38268343236508967f,-0.46653840914674327f,-0.7974304379593871f,-0.07812499999999997f,0f,0f,0f,1f], start_interpolation: 0, interpolation_duration: 1 }
$data merge entity $(bone_rightfoot) { transformation: [-0.9238795325112867f,-0.002203158521459178f,0.3826770903768027f,-0.4750099210166686f,0f,0.9999834275859607f,0.005757130659780868f,0.15079436430164428f,-0.38268343236508984f,0.005318895182564731f,-0.9238642215971514f,0.38343681768216664f,0f,0f,0f,1f], start_interpolation: 0, interpolation_duration: 1 }
$data merge entity $(bone_rightlowerleg) { transformation: [-0.9238795325112867f,-0.0686208669718629f,0.37648079104086596f,-0.6089808217535473f,0f,0.9837917171227147f,0.1793149668062894f,1.2146373403378492f,-0.38268343236508984f,0.16566542770527148f,-0.9089050317038097f,0.7068711832044788f,0f,0f,0f,1f], start_interpolation: 0, interpolation_duration: 1 }
$data merge entity $(bone_rightleg) { transformation: [-0.9238795325112867f,0.31598245364135924f,0.21587426525066053f,-0.25f,0f,0.5641066400928247f,-0.8257019429571328f,1.8355034722222223f,-0.38268343236508984f,-0.762849125052897f,-0.5211665789354716f,-0.07812500000000003f,0f,0f,0f,1f], start_interpolation: 0, interpolation_duration: 1 }
data modify entity @s data merge value {"locators":{"lefthand":{"posx":0.8596514043666456,"posy":1.2937139950020489,"posz":0.4792771863408538,"roty":359.50210057558394,"rotx":4.751451291643575},"righthand":{"posx":-0.870006777991224,"posy":1.3638770894785464,"posz":0.8943716386231675,"roty":0.45374831400798143,"rotx":-9.866694505057863},"chest":{"posx":-0.375,"posy":2.0016676397937863,"posz":0.5714269102176895,"roty":0,"rotx":35.11994513031549},"sack":{"posx":0,"posy":-0.4375,"posz":0,"roty":0,"rotx":0}},"cameras":{}}