# This file was generated by Animated Java via MC-Build. It is not recommended to edit this file directly.
$data merge entity $(bone_nose) { transformation: [-1f,-4.686520405326297e-17f,1.1314261122877003e-16f,-5.351184881574778e-16f,0f,0.9238795325112867f,0.3826834323650896f,0.13331899642343037f,-1.2246467991473532e-16f,0.3826834323650896f,-0.9238795325112867f,4.372818616203116f,0f,0f,0f,1f], start_interpolation: 0, interpolation_duration: 1 }
$data merge entity $(bone_glowing_eye) { transformation: [-1f,-4.686520405326297e-17f,1.1314261122877003e-16f,-0.12500000000000053f,0f,0.9238795325112867f,0.3826834323650896f,0.1825191697461213f,-1.2246467991473532e-16f,0.3826834323650896f,-0.9238795325112867f,4.4309687475888095f,0f,0f,0f,1f], start_interpolation: 0, interpolation_duration: 1 }
$data merge entity $(bone_head) { transformation: [-1f,-4.686520405326297e-17f,1.1314261122877003e-16f,-5.081451995491002e-16f,0f,0.9238795325112867f,0.3826834323650896f,0.0909006250000009f,-1.2246467991473532e-16f,0.3826834323650896f,-0.9238795325112867f,4.152565f,0f,0f,0f,1f], start_interpolation: 0, interpolation_duration: 1 }
$data merge entity $(bone_leftthumb2) { transformation: [-0.3377298694628325f,-0.3381316715182839f,0.8784107854465752f,1.3033695883319596f,-0.891754822127829f,-0.18367809696192036f,-0.4135646187818912f,0.47032515782617057f,0.30118411725119554f,-0.9230001784467315f,-0.23949696888044203f,4.845387345125203f,0f,0f,0f,1f], start_interpolation: 0, interpolation_duration: 1 }
$data merge entity $(bone_leftthumb) { transformation: [-0.3377298694628325f,-0.3381316715182839f,0.8784107854465752f,1.2955121215769376f,-0.891754822127829f,-0.18367809696192036f,-0.4135646187818912f,0.38993728372243336f,0.30118411725119554f,-0.9230001784467315f,-0.23949696888044203f,4.598561661644379f,0f,0f,0f,1f], start_interpolation: 0, interpolation_duration: 1 }
$data merge entity $(bone_leftpointerfinger) { transformation: [-0.4414191025623815f,-0.18314930495132162f,0.8784107854465752f,1.4773114879013538f,-0.8941645927778197f,0.17156336180625584f,-0.4135646187818912f,0.5117045580731354f,-0.07495903491572647f,-0.9679991451347377f,-0.23949696888044203f,4.859361988520093f,0f,0f,0f,1f], start_interpolation: 0, interpolation_duration: 1 }
$data merge entity $(bone_leftmidfinger) { transformation: [-0.4414191025623815f,-0.18314930495132162f,0.8784107854465752f,1.6145631731273813f,-0.8941645927778197f,0.17156336180625584f,-0.4135646187818912f,0.4470850863884649f,-0.07495903491572647f,-0.9679991451347377f,-0.23949696888044203f,4.8219405871325245f,0f,0f,0f,1f], start_interpolation: 0, interpolation_duration: 1 }
$data merge entity $(bone_leftringfinger) { transformation: [-0.4414191025623815f,-0.18314930495132162f,0.8784107854465752f,1.7518148583534086f,-0.8941645927778197f,0.17156336180625584f,-0.4135646187818912f,0.38246561470379437f,-0.07495903491572647f,-0.9679991451347377f,-0.23949696888044203f,4.784519185744955f,0f,0f,0f,1f], start_interpolation: 0, interpolation_duration: 1 }
$data merge entity $(bone_invisibility) { transformation: [-0.2602864339802641f,-0.9045382841861671f,0.3377298694628327f,1.3568184471923812f,-0.21902367787313456f,0.3959822795816613f,0.8917548221278286f,0.35398657478564977f,-0.9403614203149564f,0.15814084449899407f,-0.3011841172511956f,4.820255819701094f,0f,0f,0f,1f], start_interpolation: 0, interpolation_duration: 1 }
$data merge entity $(bone_swiftness) { transformation: [0.8784107854465751f,-0.3381316715182839f,0.33772986946283273f,1.5497191767516802f,-0.41356461878189144f,-0.18367809696192036f,0.8917548221278289f,0.2548709447903389f,-0.23949696888044197f,-0.9230001784467315f,-0.3011841172511956f,4.916026547852519f,0f,0f,0f,1f], start_interpolation: 0, interpolation_duration: 1 }
$data merge entity $(bone_suspicious_stew) { transformation: [0.0647810722989749f,-0.9390111543237454f,0.3377298694628325f,1.5373703915660337f,-0.3412488498917192f,0.2971911163869853f,0.8917548221278292f,0.28505311955913515f,-0.9377380418429092f,-0.1730187631334942f,-0.3011841172511957f,4.818615771400702f,0f,0f,0f,1f], start_interpolation: 0, interpolation_duration: 1 }
$data merge entity $(bone_log) { transformation: [-0.3377298694628325f,-0.3381316715182839f,0.8784107854465752f,1.5046172629319159f,-0.891754822127829f,-0.18367809696192036f,-0.4135646187818912f,0.15910550135901003f,0.30118411725119554f,-0.9230001784467315f,-0.23949696888044203f,4.72025033967089f,0f,0f,0f,1f], start_interpolation: 0, interpolation_duration: 1 }
$data merge entity $(bone_planks) { transformation: [-0.3377298694628325f,-0.3381316715182839f,0.8784107854465752f,1.4729550876697752f,-0.891754822127829f,-0.18367809696192036f,-0.4135646187818912f,0.07550348678452601f,0.30118411725119554f,-0.9230001784467315f,-0.23949696888044203f,4.748486350663189f,0f,0f,0f,1f], start_interpolation: 0, interpolation_duration: 1 }
$data merge entity $(bone_lefthand) { transformation: [-0.3377298694628325f,-0.3381316715182839f,0.8784107854465752f,1.4770664753728475f,-0.891754822127829f,-0.18367809696192036f,-0.4135646187818912f,0.34904857698742126f,0.30118411725119554f,-0.9230001784467315f,-0.23949696888044203f,4.421688546023922f,0f,0f,0f,1f], start_interpolation: 0, interpolation_duration: 1 }
$data merge entity $(bone_leftforearm) { transformation: [-0.923879558540529f,0.01669235922353457f,0.38231914215025853f,1.4250870814470145f,-0.3826833695249283f,-0.04029909776427262f,-0.9230002282818961f,0.3112174418435137f,6.511278044518676e-8f,-0.9990482209898268f,0.043619400925020486f,3.7185512165705448f,0f,0f,0f,1f], start_interpolation: 0, interpolation_duration: 1 }
$data merge entity $(bone_leftelbow) { transformation: [-0.3689751295901832f,-0.8471655253192246f,0.38231914215025853f,1.26624354544966f,-0.10921507375575477f,-0.36897512959018297f,-0.9230002282818961f,0.24203460504535437f,0.9230002282818962f,-0.3823191421502586f,0.043619400925020486f,3.6468663774173713f,0f,0f,0f,1f], start_interpolation: 0, interpolation_duration: 1 }
$data merge entity $(bone_leftarm) { transformation: [-0.3689751295901832f,-0.8471655253192246f,0.38231914215025853f,0.7499999999999996f,-0.10921507375575477f,-0.36897512959018297f,-0.9230002282818961f,0.0625000000000008f,0.9230002282818962f,-0.3823191421502586f,0.043619400925020486f,3.65625f,0f,0f,0f,1f], start_interpolation: 0, interpolation_duration: 1 }
$data merge entity $(bone_rightthumb2) { transformation: [-0.3377298694628323f,0.338131671518284f,-0.878410785446575f,-1.3033695883319611f,0.891754822127829f,-0.18367809696192036f,-0.4135646187818912f,0.47032515782617057f,-0.30118411725119565f,-0.9230001784467313f,-0.23949696888044228f,4.845387345125202f,0f,0f,0f,1f], start_interpolation: 0, interpolation_duration: 1 }
$data merge entity $(bone_rightthumb) { transformation: [-0.3377298694628323f,0.338131671518284f,-0.878410785446575f,-1.295512121576939f,0.891754822127829f,-0.18367809696192036f,-0.4135646187818912f,0.38993728372243336f,-0.30118411725119565f,-0.9230001784467313f,-0.23949696888044228f,4.5985616616443785f,0f,0f,0f,1f], start_interpolation: 0, interpolation_duration: 1 }
$data merge entity $(bone_rightpointerfinger) { transformation: [-0.44141910256238137f,0.1831493049513218f,-0.878410785446575f,-1.477311487901355f,0.8941645927778197f,0.17156336180625584f,-0.4135646187818912f,0.5117045580731354f,0.07495903491572625f,-0.9679991451347375f,-0.23949696888044228f,4.859361988520092f,0f,0f,0f,1f], start_interpolation: 0, interpolation_duration: 1 }
$data merge entity $(bone_rightmidfinger) { transformation: [-0.44141910256238137f,0.1831493049513218f,-0.878410785446575f,-1.6145631731273824f,0.8941645927778197f,0.17156336180625584f,-0.4135646187818912f,0.4470850863884649f,0.07495903491572625f,-0.9679991451347375f,-0.23949696888044228f,4.821940587132524f,0f,0f,0f,1f], start_interpolation: 0, interpolation_duration: 1 }
$data merge entity $(bone_rightringfinger) { transformation: [-0.44141910256238137f,0.1831493049513218f,-0.878410785446575f,-1.7518148583534097f,0.8941645927778197f,0.17156336180625584f,-0.4135646187818912f,0.38246561470379437f,0.07495903491572625f,-0.9679991451347375f,-0.23949696888044228f,4.784519185744954f,0f,0f,0f,1f], start_interpolation: 0, interpolation_duration: 1 }
$data merge entity $(bone_hugeasssword) { transformation: [-1.3227753220627598f,1.3243490467799457f,-3.4404422429990857f,-1.4497103106843896f,3.4927063866673302f,-0.7194058797675215f,-1.6197947568957407f,0.19601698886359556f,-1.179637792567183f,-3.615084032249698f,-0.9380297947817323f,4.716091020605636f,0f,0f,0f,1f], start_interpolation: 0, interpolation_duration: 1 }
$data merge entity $(bone_ice) { transformation: [-0.3377298694628323f,0.338131671518284f,-0.878410785446575f,-1.449716588841506f,0.891754822127829f,-0.18367809696192036f,-0.4135646187818912f,0.18495329003287822f,-0.30118411725119565f,-0.9230001784467313f,-0.23949696888044228f,4.735218900225917f,0f,0f,0f,1f], start_interpolation: 0, interpolation_duration: 1 }
$data merge entity $(bone_righthand) { transformation: [-0.3377298694628323f,0.338131671518284f,-0.878410785446575f,-1.4770664753728486f,0.891754822127829f,-0.18367809696192036f,-0.4135646187818912f,0.34904857698742126f,-0.30118411725119565f,-0.9230001784467313f,-0.23949696888044228f,4.421688546023921f,0f,0f,0f,1f], start_interpolation: 0, interpolation_duration: 1 }
$data merge entity $(bone_rightforearm) { transformation: [-0.9238795585405288f,-0.016692359223534348f,-0.38231914215025853f,-1.4250870814470153f,0.3826833695249283f,-0.04029909776427262f,-0.9230002282818961f,0.3112174418435137f,-6.511278066723136e-8f,-0.9990482209898267f,0.04361940092502039f,3.7185512165705448f,0f,0f,0f,1f], start_interpolation: 0, interpolation_duration: 1 }
$data merge entity $(bone_rightelbow) { transformation: [-0.36897512959018297f,0.8471655253192246f,-0.38231914215025853f,-1.2662435454496608f,0.10921507375575477f,-0.36897512959018297f,-0.9230002282818961f,0.24203460504535437f,-0.9230002282818962f,-0.38231914215025836f,0.04361940092502039f,3.6468663774173713f,0f,0f,0f,1f], start_interpolation: 0, interpolation_duration: 1 }
$data merge entity $(bone_rightarm) { transformation: [-0.36897512959018297f,0.8471655253192246f,-0.38231914215025853f,-0.7500000000000004f,0.10921507375575477f,-0.36897512959018297f,-0.9230002282818961f,0.0625000000000008f,-0.9230002282818962f,-0.38231914215025836f,0.04361940092502039f,3.65625f,0f,0f,0f,1f], start_interpolation: 0, interpolation_duration: 1 }
$data merge entity $(bone_chest) { transformation: [-1.0833333333333333f,-1.3267006990762992e-16f,2.945867325801597e-32f,-0.0023231250000004277f,0f,2.4054832200211723e-16f,1.0833333333333333f,0.17256937500000075f,-1.3267006990762992e-16f,1.0833333333333333f,-2.4054832200211723e-16f,3.495949375f,0f,0f,0f,1f], start_interpolation: 0, interpolation_duration: 1 }
$data merge entity $(bone_chest1lid) { transformation: [-1f,-1.1314261122877003e-16f,-4.686520405326295e-17f,-0.34375000000000033f,0f,-0.3826834323650895f,0.9238795325112868f,-0.2785442863070447f,-1.2246467991473532e-16f,0.9238795325112868f,0.3826834323650895f,2.8006061769548887f,0f,0f,0f,1f], start_interpolation: 0, interpolation_duration: 1 }
$data merge entity $(bone_chest1) { transformation: [-1f,-1.1314261122877003e-16f,-4.686520405326295e-17f,-0.34375000000000033f,0f,-0.3826834323650895f,0.9238795325112868f,-0.21874999999999944f,-1.2246467991473532e-16f,0.9238795325112868f,0.3826834323650895f,2.65625f,0f,0f,0f,1f], start_interpolation: 0, interpolation_duration: 1 }
$data merge entity $(bone_chest1lid3) { transformation: [-1f,-1.1314261122877003e-16f,4.6865204053263e-17f,-0.28125000000000033f,0f,0.38268343236508995f,0.9238795325112866f,0.48166928630704586f,-1.2246467991473532e-16f,0.9238795325112866f,-0.38268343236508995f,2.8006061769548887f,0f,0f,0f,1f], start_interpolation: 0, interpolation_duration: 1 }
$data merge entity $(bone_chest3) { transformation: [-1f,-1.1314261122877003e-16f,4.6865204053263e-17f,-0.28125000000000033f,0f,0.38268343236508995f,0.9238795325112866f,0.42187500000000056f,-1.2246467991473532e-16f,0.9238795325112866f,-0.38268343236508995f,2.65625f,0f,0f,0f,1f], start_interpolation: 0, interpolation_duration: 1 }
$data merge entity $(bone_hugeasssword2) { transformation: [-1.3045120539345591e-15f,1.655254858484406f,-3.549705499226879f,-1.7343750000000004f,-3.916666666666666f,7.881929551760434e-16f,2.1068898163484873e-15f,0.43750000000000083f,1.1958027161066787e-15f,3.5497054992268793f,1.6552548584844058f,3.8906249999999996f,0f,0f,0f,1f], start_interpolation: 0, interpolation_duration: 1 }
$data merge entity $(bone_belt) { transformation: [-1f,-1.2246467991473532e-16f,2.719262146893782e-32f,0.02970562499999962f,0f,2.220446049250313e-16f,1f,0.04166687500000066f,-1.2246467991473532e-16f,1f,-2.220446049250313e-16f,3.097619375f,0f,0f,0f,1f], start_interpolation: 0, interpolation_duration: 1 }
$data merge entity $(bone_torn_part) { transformation: [-1f,-1.16796641102639e-16f,-3.682583948479535e-17f,-0.09375000000000033f,0f,-0.30070579950427284f,0.953716950748227f,0.04687500000000061f,-1.2246467991473532e-16f,0.953716950748227f,0.30070579950427284f,2.8125f,0f,0f,0f,1f], start_interpolation: 0, interpolation_duration: 1 }
$data merge entity $(bone_lowerbody) { transformation: [-1f,-1.2246467991473532e-16f,2.719262146893782e-32f,0.003906249999999716f,0f,2.220446049250313e-16f,1f,-0.0937499999999995f,-1.2246467991473532e-16f,1f,-2.220446049250313e-16f,2.32421875f,0f,0f,0f,1f], start_interpolation: 0, interpolation_duration: 1 }
$data merge entity $(bone_leftfoot) { transformation: [-1f,-1.2246467991473532e-16f,1.8488927466117464e-32f,0.28124999999999994f,0f,2.220446049250313e-16f,0.9999999999999999f,-0.18202096658719047f,-1.2246467991473532e-16f,0.9999999999999999f,-2.220446049250313e-16f,0.24278720259653563f,0f,0f,0f,1f], start_interpolation: 0, interpolation_duration: 1 }
$data merge entity $(bone_leftlowerleg) { transformation: [-1f,-1.2246467991473532e-16f,1.8488927466117464e-32f,0.28124999999999983f,0f,2.220446049250313e-16f,0.9999999999999999f,-0.3356665915871902f,-1.2246467991473532e-16f,0.9999999999999999f,-2.220446049250313e-16f,1.3521622025965354f,0f,0f,0f,1f], start_interpolation: 0, interpolation_duration: 1 }
$data merge entity $(bone_leftleg) { transformation: [-1f,-1.1314261122877003e-16f,4.6865204053263e-17f,0.24999999999999972f,0f,0.38268343236508995f,0.9238795325112866f,0.04687500000000052f,-1.2246467991473532e-16f,0.9238795325112866f,-0.38268343236508995f,2.34375f,0f,0f,0f,1f], start_interpolation: 0, interpolation_duration: 1 }
$data merge entity $(bone_rightfoot) { transformation: [-1f,-8.659560562354933e-17f,-8.659560562354929e-17f,-0.2812500000000001f,0f,-0.7071067811865472f,0.7071067811865477f,1.4331261509045967f,-1.2246467991473532e-16f,0.7071067811865477f,0.7071067811865472f,0.6962910687752992f,0f,0f,0f,1f], start_interpolation: 0, interpolation_duration: 1 }
$data merge entity $(bone_rightlowerleg) { transformation: [-1f,-8.659560562354933e-17f,-8.659560562354929e-17f,-0.28125000000000017f,0f,-0.7071067811865472f,0.7071067811865477f,0.5400357021886255f,-1.2246467991473532e-16f,0.7071067811865477f,0.7071067811865472f,1.3720937908169804f,0f,0f,0f,1f], start_interpolation: 0, interpolation_duration: 1 }
$data merge entity $(bone_rightleg) { transformation: [-1f,-1.1314261122877003e-16f,-4.686520405326295e-17f,-0.2500000000000003f,0f,-0.3826834323650895f,0.9238795325112868f,0.10937500000000053f,-1.2246467991473532e-16f,0.9238795325112868f,0.3826834323650895f,2.34375f,0f,0f,0f,1f], start_interpolation: 0, interpolation_duration: 1 }
data modify entity @s data merge value {"locators":{"lefthand":{"posx":1.5489708065088195,"posy":0.263519314427111,"posz":4.767865857758498,"roty":74.74910740819143,"rotx":-24.428956167715157},"righthand":{"posx":-1.472936902948517,"posy":0.27788722204085925,"posz":4.725146907160604,"roty":285.25089259180857,"rotx":-24.428956167715157},"chest":{"posx":-0.37500000000000033,"posy":-0.39898274873911516,"posz":2.683069419865888,"roty":180,"rotx":67.50000000000001},"sack":{"posx":0,"posy":-0.4375,"posz":0,"roty":0,"rotx":0}},"cameras":{}}