# This file was generated by Animated Java via MC-Build. It is not recommended to edit this file directly.
$data merge entity $(bone_nose) { transformation: [-0.9419879212623427f,-0.159479407608235f,0.2953389150531587f,0.1061747833865354f,0.04751642595999739f,0.8076860797572856f,0.5876949768632502f,3.6629002560057704f,-0.33226637726354213f,0.567635019281963f,-0.7532526398393352f,0.29292587846120677f,0f,0f,0f,1f], start_interpolation: 0, interpolation_duration: 1 }
$data merge entity $(bone_glowing_eye) { transformation: [-0.9419879212623427f,-0.159479407608235f,0.2953389150531587f,-0.032677794464123666f,0.04751642595999739f,0.8076860797572856f,0.5876949768632502f,3.703018735772733f,-0.33226637726354213f,0.567635019281963f,-0.7532526398393352f,0.31611130579327823f,0f,0f,0f,1f], start_interpolation: 0, interpolation_duration: 1 }
$data merge entity $(bone_head) { transformation: [-0.9419879212623427f,-0.159479407608235f,0.2953389150531587f,0.18117049080313066f,0.04751642595999739f,0.8076860797572856f,0.5876949768632502f,3.6732185257888683f,-0.33226637726354213f,0.567635019281963f,-0.7532526398393352f,0.08178575706659069f,0f,0f,0f,1f], start_interpolation: 0, interpolation_duration: 1 }
$data merge entity $(bone_leftthumb2) { transformation: [0.1737147767239779f,0.958958558804912f,0.2241018938843313f,-0.3418039839928216f,0.07973274141560027f,0.2131190771960337f,-0.9737673997836771f,2.64661982981089f,-0.9815629711302742f,0.1870260447903356f,-0.039438461886739586f,0.2991222725206228f,0f,0f,0f,1f], start_interpolation: 0, interpolation_duration: 1 }
$data merge entity $(bone_leftthumb) { transformation: [0.1737147767239779f,0.958958558804912f,0.2241018938843313f,-0.08747540203848769f,0.07973274141560027f,0.2131190771960337f,-0.9737673997836771f,2.615669957533125f,-0.9815629711302742f,0.1870260447903356f,-0.039438461886739586f,0.3416186949534306f,0f,0f,0f,1f], start_interpolation: 0, interpolation_duration: 1 }
$data merge entity $(bone_leftpointerfinger) { transformation: [-0.16474464991683893f,0.9605402341813869f,0.2241018938843313f,-0.4106289565747065f,0.002033251415248863f,0.22753662783652734f,-0.9737673997836771f,2.491374144870985f,-0.9863341554526339f,-0.15996731388489238f,-0.039438461886739586f,0.38576054607303456f,0f,0f,0f,1f], start_interpolation: 0, interpolation_duration: 1 }
$data merge entity $(bone_leftmidfinger) { transformation: [0.1737147767239779f,0.958958558804912f,0.2241018938843313f,-0.3756130356552797f,0.07973274141560027f,0.2131190771960337f,-0.9737673997836771f,2.3392229886547855f,-0.9815629711302742f,0.1870260447903356f,-0.039438461886739586f,0.3795982864032315f,0f,0f,0f,1f], start_interpolation: 0, interpolation_duration: 1 }
$data merge entity $(bone_leftringfinger) { transformation: [0.5274690794893947f,0.8194844179971124f,0.2241018938843313f,-0.34059711473585297f,0.1552205878287468f,0.1663839542523084f,-0.9737673997836771f,2.187071832438586f,-0.8352741701361948f,0.5484174217029391f,-0.039438461886739586f,0.3734360267334284f,0f,0f,0f,1f], start_interpolation: 0, interpolation_duration: 1 }
$data merge entity $(bone_invisibility) { transformation: [0.9748411989838002f,-0.13967037306302377f,-0.17371477672397775f,-0.2801745277535588f,0.1274386737732921f,0.9886364723057999f,-0.07973274141560047f,2.5600641641979665f,0.1828770657866374f,0.055588780479321906f,0.981562971130274f,0.22340591456901165f,0f,0f,0f,1f], start_interpolation: 0, interpolation_duration: 1 }
$data merge entity $(bone_swiftness) { transformation: [0.22410189388433133f,0.958958558804912f,-0.17371477672397784f,-0.35896698550764955f,-0.9737673997836771f,0.2131190771960337f,-0.0797327414156005f,2.3527755876394973f,-0.0394384618867398f,0.1870260447903356f,0.9815629711302742f,0.13956185351538125f,0f,0f,0f,1f], start_interpolation: 0, interpolation_duration: 1 }
$data merge entity $(bone_suspicious_stew) { transformation: [0.9638211621365298f,0.20216810768646767f,-0.1737147767239778f,-0.2831066050942269f,-0.21838040660750818f,0.972600991134747f,-0.07973274141560026f,2.367492819994963f,0.15283574656384574f,0.11478400706623015f,0.9815629711302745f,0.207244357115701f,0f,0f,0f,1f], start_interpolation: 0, interpolation_duration: 1 }
$data merge entity $(bone_log) { transformation: [0.1737147767239779f,0.958958558804912f,0.2241018938843313f,-0.13644624864991195f,0.07973274141560027f,0.2131190771960337f,-0.9737673997836771f,2.3559623022873195f,-0.9815629711302742f,0.1870260447903356f,-0.039438461886739586f,0.13675240627008883f,0f,0f,0f,1f], start_interpolation: 0, interpolation_duration: 1 }
$data merge entity $(bone_planks) { transformation: [0.1737147767239779f,0.958958558804912f,0.2241018938843313f,-0.12016048833203902f,0.07973274141560027f,0.2131190771960337f,-0.9737673997836771f,2.363437246795032f,-0.9815629711302742f,0.1870260447903356f,-0.039438461886739586f,0.04473087772662565f,0f,0f,0f,1f], start_interpolation: 0, interpolation_duration: 1 }
$data merge entity $(bone_lefthand1) { transformation: [0.1737147767239779f,0.958958558804912f,0.2241018938843313f,0.05286151268643624f,0.07973274141560027f,0.2131190771960337f,-0.9737673997836771f,2.4197391174756677f,-0.9815629711302742f,0.1870260447903356f,-0.039438461886739586f,0.43013211218420194f,0f,0f,0f,1f], start_interpolation: 0, interpolation_duration: 1 }
$data merge entity $(bone_leftforearm) { transformation: [0.3318442403223142f,0.9103446551642599f,0.24728932241156376f,0.7291716601120705f,0.1533468763663567f,0.20659955146579634f,-0.966333979969044f,2.5863557161792414f,-0.9307868368609364f,0.358593410631032f,-0.07103963807914943f,0.6112387097218475f,0f,0f,0f,1f], start_interpolation: 0, interpolation_duration: 1 }
$data merge entity $(bone_leftelbow) { transformation: [0.3318442403223142f,0.9103446551642599f,0.24728932241156376f,0.8998612829553692f,0.1533468763663567f,0.20659955146579634f,-0.966333979969044f,2.6250931320790785f,-0.9307868368609364f,0.358593410631032f,-0.07103963807914943f,0.678474974215166f,0f,0f,0f,1f], start_interpolation: 0, interpolation_duration: 1 }
$data merge entity $(bone_leftarm) { transformation: [-0.7402161384398752f,0.30157972633661867f,0.6009407101003306f,0.8173185024378284f,-0.03694142136629093f,0.874174806723364f,-0.4842042324036495f,3.110460433599326f,-0.6713534090034827f,-0.3806153911140479f,-0.635937516008061f,0.3788618612786212f,0f,0f,0f,1f], start_interpolation: 0, interpolation_duration: 1 }
$data merge entity $(bone_rightthumb2) { transformation: [-0.9299749703275848f,-0.35877863885104555f,0.0801526223426221f,-1.014028917127073f,-0.2996266841012708f,0.6134023530132219f,-0.7307266270585191f,1.8462627484623557f,0.21300329748312657f,-0.7035733377708636f,-0.677948488927648f,0.2897854755851841f,0f,0f,0f,1f], start_interpolation: 0, interpolation_duration: 1 }
$data merge entity $(bone_rightthumb) { transformation: [-0.9299749703275848f,-0.35877863885104555f,0.0801526223426221f,-1.095167044741656f,-0.2996266841012708f,0.6134023530132219f,-0.7307266270585191f,1.9342490042893474f,0.21300329748312657f,-0.7035733377708636f,-0.677948488927648f,0.05930360830437856f,0f,0f,0f,1f], start_interpolation: 0, interpolation_duration: 1 }
$data merge entity $(bone_rightpointerfinger) { transformation: [-0.9146113282222293f,0.2495753786483053f,0.3181167217549634f,-1.2377136517015617f,-0.006238089958023135f,0.7779633994403841f,-0.6282786287665983f,1.6425832215629033f,-0.40428604294638393f,-0.5766151918773184f,-0.7099772644071346f,0.1875132331606613f,0f,0f,0f,1f], start_interpolation: 0, interpolation_duration: 1 }
$data merge entity $(bone_rightmidfinger) { transformation: [-0.8742105776733637f,0.36682096072045667f,0.3181167217549634f,-1.1880079139273485f,0.09535987798185072f,0.7721220488410168f,-0.6282786287665983f,1.5444146858181222f,-0.47609070517632474f,-0.5189122512233372f,-0.7099772644071346f,0.07657928559704652f,0f,0f,0f,1f], start_interpolation: 0, interpolation_duration: 1 }
$data merge entity $(bone_rightringfinger) { transformation: [-0.8389133892069262f,0.44161756843362066f,0.3181167217549634f,-1.1383021761531356f,0.16229187551477783f,0.7608727303413225f,-0.6282786287665983f,1.4462461500733412f,-0.5195052189836444f,-0.4754435944186415f,-0.7099772644071346f,-0.03435466196656828f,0f,0f,0f,1f], start_interpolation: 0, interpolation_duration: 1 }
$data merge entity $(bone_hugeasssword) { transformation: [-3.6537912936584163f,0.6615721541092832f,1.2459571602069401f,-0.9108712137860981f,-0.2899051260335603f,3.033299036500933f,-2.460757962669177f,1.7312047094075578f,-1.380594791408111f,-2.387822652092801f,-2.7807442855946105f,0.0574668970159006f,0f,0f,0f,1f], start_interpolation: 0, interpolation_duration: 1 }
$data merge entity $(bone_ice) { transformation: [-0.9328828834872551f,0.168912039347051f,0.3181167217549634f,-0.8989341693464074f,-0.07401833005112177f,0.7744593284683232f,-0.6282786287665983f,1.720260318807289f,-0.3524922871680283f,-0.6096568473428428f,-0.7099772644071346f,0.07250047724263295f,0f,0f,0f,1f], start_interpolation: 0, interpolation_duration: 1 }
$data merge entity $(bone_righthand1) { transformation: [-0.9328828834872551f,0.168912039347051f,0.3181167217549634f,-1.0799857328266158f,-0.07401833005112177f,0.7744593284683232f,-0.6282786287665983f,1.875736861262633f,-0.3524922871680283f,-0.6096568473428428f,-0.7099772644071346f,-0.19022359589780777f,0f,0f,0f,1f], start_interpolation: 0, interpolation_duration: 1 }
$data merge entity $(bone_rightforearm) { transformation: [-0.9775002532358911f,0.11910711235894256f,0.17408834168112144f,-0.9378649089607587f,0.06345266456475379f,0.9531321335167255f,-0.29582578558585443f,2.5465643790060626f,-0.2011641476093627f,-0.27812341117455264f,-0.9392445655276529f,-0.35853066381796034f,0f,0f,0f,1f], start_interpolation: 0, interpolation_duration: 1 }
$data merge entity $(bone_rightelbow) { transformation: [-0.9775002532358911f,0.11910711235894256f,0.17408834168112144f,-0.915532325393457f,0.06345266456475379f,0.9531321335167255f,-0.29582578558585443f,2.7252766540404485f,-0.2011641476093627f,-0.27812341117455264f,-0.9392445655276529f,-0.41067880341318896f,0f,0f,0f,1f], start_interpolation: 0, interpolation_duration: 1 }
$data merge entity $(bone_rightarm) { transformation: [-0.9275638652989456f,0.1710341170429323f,0.3322237297349841f,-0.6382393403241549f,0.10984131216138096f,0.9746184230588022f,-0.19507387210244234f,3.2191728463957503f,-0.3571556550502109f,-0.14445158442093492f,-0.9228074435243446f,-0.3096370663487765f,0f,0f,0f,1f], start_interpolation: 0, interpolation_duration: 1 }
$data merge entity $(bone_chest1) { transformation: [-0.9469357956549214f,0.012290910441748307f,0.5260918584610532f,0.2113505004067147f,0.10069202512804028f,1.067258481908674f,0.15630598190957942f,3.0383452696528113f,-0.5165121741973814f,0.1855246005941438f,-0.9340272520603393f,-0.10218265406422555f,0f,0f,0f,1f], start_interpolation: 0, interpolation_duration: 1 }
$data merge entity $(bone_chest1lid) { transformation: [-0.8740945806045428f,0.42923821778914906f,0.22740540131440012f,-0.2848767136006023f,0.09294648473357564f,0.6072906542071246f,-0.7890240885349153f,2.340311049871277f,-0.47678046848989053f,-0.668545147093207f,-0.5707256531510414f,-0.04462405346389353f,0f,0f,0f,1f], start_interpolation: 0, interpolation_duration: 1 }
$data merge entity $(bone_chest2) { transformation: [-0.8740945806045428f,0.011345455792383052f,0.48562325396404915f,-0.28664944106816215f,0.09294648473357564f,0.9851616756080068f,0.14428244483961178f,2.186379538057526f,-0.47678046848989053f,0.17125347747151737f,-0.8621790019018517f,-0.07138240931881812f,0f,0f,0f,1f], start_interpolation: 0, interpolation_duration: 1 }
$data merge entity $(bone_chest1lid3) { transformation: [-0.8740945806045428f,0.011345455792383052f,0.48562325396404915f,0.08085659475790058f,0.09294648473357564f,0.9851616756080068f,0.14428244483961178f,2.426932835800805f,-0.47678046848989053f,0.17125347747151737f,-0.8621790019018517f,-0.5671586972766491f,0f,0f,0f,1f], start_interpolation: 0, interpolation_duration: 1 }
$data merge entity $(bone_chest3) { transformation: [-0.8740945806045428f,0.011345455792383052f,0.48562325396404915f,0.07908386729034073f,0.09294648473357564f,0.9851616756080068f,0.14428244483961178f,2.273001323987054f,-0.47678046848989053f,0.17125347747151737f,-0.8621790019018517f,-0.5939170531315737f,0f,0f,0f,1f], start_interpolation: 0, interpolation_duration: 1 }
$data merge entity $(bone_hugeasssword2) { transformation: [-1.9020244113591933f,2.5541170964249873f,-2.2801462177064615f,-0.7237587549204096f,-0.5651062422884792f,2.3383997898960223f,3.0907635197987267f,4.334168706665376f,3.376867757448919f,1.8299317086005176f,-0.767067055959308f,-0.7193130291226825f,0f,0f,0f,1f], start_interpolation: 0, interpolation_duration: 1 }
$data merge entity $(bone_belt) { transformation: [-0.8740945806045428f,0.011345455792383052f,0.48562325396404915f,0.17125812379744354f,0.09294648473357564f,0.9851616756080068f,0.14428244483961178f,2.624061926949346f,-0.47678046848989053f,0.17125347747151737f,-0.8621790019018517f,-0.04226598251885236f,0f,0f,0f,1f], start_interpolation: 0, interpolation_duration: 1 }
$data merge entity $(bone_torn_part) { transformation: [-0.8740945806045428f,-0.18119985908845998f,0.4506942147666093f,0.0448837279139679f,0.09294648473357564f,0.8482875373783646f,0.5213148807623097f,2.378105277426072f,-0.47678046848989053f,0.49756895501515386f,-0.7246416492803105f,-0.11746465102697208f,0f,0f,0f,1f], start_interpolation: 0, interpolation_duration: 1 }
$data merge entity $(bone_lowerbody) { transformation: [-0.8740945806045428f,0.15089351186072397f,0.46172482306684126f,-0.0083639990308884f,0.09294648473357564f,0.9849207002750068f,-0.14591835095511982f,1.9086299296982168f,-0.47678046848989053f,-0.08463074056232689f,-0.8749388679321731f,0.09345782369215432f,0f,0f,0f,1f], start_interpolation: 0, interpolation_duration: 1 }
$data merge entity $(bone_leftfoot) { transformation: [-0.972292318975992f,-0.23147365301200953f,0.03250048627202735f,0.23960072153004072f,-0.22099063891167883f,0.9556215655585953f,0.19480569205354972f,0.18647431999855124f,-0.07615040479748282f,0.18224130253514495f,-0.9803070129588514f,0.6316090339686417f,0f,0f,0f,1f], start_interpolation: 0, interpolation_duration: 1 }
$data merge entity $(bone_leftlowerleg) { transformation: [-0.972292318975992f,-0.2308527044779757f,0.03665190966166511f,-0.0221329030676237f,-0.22099063891167883f,0.9589656773274717f,0.17761380555853962f,1.223037284120045f,-0.07615040479748282f,0.16460815566201803f,-0.9834215205574671f,0.9653196208206953f,0f,0f,0f,1f], start_interpolation: 0, interpolation_duration: 1 }
$data merge entity $(bone_leftleg) { transformation: [-0.9794263937014552f,0.07610872960725978f,0.18687083307853986f,0.035843980399057396f,-0.09793192279073465f,0.6304140708004056f,-0.7700628165061815f,1.741253109200787f,-0.17641239827993072f,-0.7725112407349395f,-0.6100052767790313f,0.27525483607588414f,0f,0f,0f,1f], start_interpolation: 0, interpolation_duration: 1 }
$data merge entity $(bone_rightfoot) { transformation: [-0.5010027286597397f,0.0380738590178914f,0.8646105593514668f,-0.2728621852014413f,0.1732694938482078f,0.983209001051393f,0.05710816744707797f,0.15395389158480632f,-0.847923163535754f,0.17841999197611408f,-0.49919164599080945f,-0.296170509195007f,0f,0f,0f,1f], start_interpolation: 0, interpolation_duration: 1 }
$data merge entity $(bone_rightlowerleg) { transformation: [-0.5010027286597397f,-0.2757991411981195f,0.8203266860202405f,-0.7048664638458637f,0.1732694938482078f,0.896698158319647f,0.40730049767192134f,1.0861484714430514f,-0.847923163535754f,0.3461959119291285f,-0.4014652955453676f,0.14957396685124766f,0f,0f,0f,1f], start_interpolation: 0, interpolation_duration: 1 }
$data merge entity $(bone_rightleg) { transformation: [-0.60504937423613f,0.4441846151191744f,0.660766922550726f,-0.3083514065229927f,0.07275231477722402f,0.8572802924195122f,-0.5096752133954524f,1.8573001967027243f,-0.7928570838625477f,-0.2603047912888891f,-0.5510156539637897f,-0.06481772786387022f,0f,0f,0f,1f], start_interpolation: 0, interpolation_duration: 1 }
$data merge entity $(bone_sack_top) { transformation: [-0.0833333333333334f,2.777572287929877e-18f,1.0144732606467529e-17f,-0.35937500000000017f,0f,0.2070950704629834f,-0.009072239570997061f,2.3779775528472378f,-1.0205389992894619e-17f,-0.022680598927492652f,-0.08283802818519337f,0.14314580080438094f,0f,0f,0f,1f], start_interpolation: 0, interpolation_duration: 1 }
$data merge entity $(bone_sack_main) { transformation: [-0.12152777777777787f,1.6202505012924283e-18f,1.4794401717765146e-17f,-0.35937500000000017f,0f,0.12080545777007365f,-0.013230349374370714f,2.3779775528472378f,-1.4882860406304653e-17f,-0.013230349374370714f,-0.12080545777007365f,0.14314580080438094f,0f,0f,0f,1f], start_interpolation: 0, interpolation_duration: 1 }
data modify entity @s data merge value {"locators":{"lefthand":{"posx":-0.2311522384663613,"posy":2.347052545495287,"posz":0.2147787510312874,"roty":80.01903158504372,"rotx":-76.84737950328498},"righthand":{"posx":-0.9940017640655565,"posy":1.7110370269321569,"posz":0.060073608316723676,"roty":24.13553221706107,"rotx":-38.92323676424535},"chest":{"posx":-0.3887798936634009,"posy":2.2590988907875116,"posz":0.06448868360099189,"roty":29.39043334970239,"rotx":8.295729374783203},"sack":{"posx":-0.3463541666666668,"posy":2.455638204270856,"posz":0.13464057620657122,"roty":0,"rotx":-6.250000000000004}},"cameras":{}}