# This file was generated by Animated Java via MC-Build. It is not recommended to edit this file directly.
$data merge entity $(bone_nose) { transformation: [-1f,-2.0828033663118087e-17f,1.206805321514062e-16f,-1.0066562329997019e-16f,0f,0.9854313279178022f,0.17007380150439597f,3.614833340245639f,-1.2246467991473532e-16f,0.17007380150439597f,-0.9854313279178022f,0.8216629748466989f,0f,0f,0f,1f], start_interpolation: 0, interpolation_duration: 1 }
$data merge entity $(bone_glowing_eye) { transformation: [-1f,-2.0828033663118087e-17f,1.206805321514062e-16f,-0.1250000000000001f,0f,0.9854313279178022f,0.17007380150439597f,3.675620216175592f,-1.2246467991473532e-16f,0.17007380150439597f,-0.9854313279178022f,0.8675655951404555f,0f,0f,0f,1f], start_interpolation: 0, interpolation_duration: 1 }
$data merge entity $(bone_head) { transformation: [-1f,-2.0828033663118087e-17f,1.206805321514062e-16f,-7.5495809742842e-17f,0f,0.9854313279178022f,0.17007380150439597f,3.5250025290479545f,-1.2246467991473532e-16f,0.17007380150439597f,-0.9854313279178022f,0.6161358500083178f,0f,0f,0f,1f], start_interpolation: 0, interpolation_duration: 1 }
$data merge entity $(bone_leftthumb2) { transformation: [-0.9890917519941131f,0.02964739502886988f,0.14428630602111175f,0.9725485622388853f,-0.11486037167234135f,0.45802384652041056f,-0.8814880889937985f,2.200770782486718f,-0.09222039447165341f,-0.8884453770416331f,-0.44962229799782294f,1.7882109438625593f,0f,0f,0f,1f], start_interpolation: 0, interpolation_duration: 1 }
$data merge entity $(bone_leftthumb) { transformation: [-0.9890917519941131f,0.02964739502886988f,0.14428630602111175f,0.992149710511052f,-0.11486037167234135f,0.45802384652041056f,-0.8814880889937985f,2.237767927301812f,-0.09222039447165341f,-0.8884453770416331f,-0.44962229799782294f,1.5319027809522776f,0f,0f,0f,1f], start_interpolation: 0, interpolation_duration: 1 }
$data merge entity $(bone_leftpointerfinger) { transformation: [-0.9890917519941131f,0.02964739502886988f,0.14428630602111175f,1.0973669899862997f,-0.11486037167234135f,0.45802384652041056f,-0.8814880889937985f,2.0587219516423803f,-0.09222039447165341f,-0.8884453770416331f,-0.44962229799782294f,1.8124344807207526f,0f,0f,0f,1f], start_interpolation: 0, interpolation_duration: 1 }
$data merge entity $(bone_leftmidfinger) { transformation: [-0.9890917519941131f,0.02964739502886988f,0.14428630602111175f,1.1199117253020985f,-0.11486037167234135f,0.45802384652041056f,-0.8814880889937985f,1.9209894377370995f,-0.09222039447165341f,-0.8884453770416331f,-0.44962229799782294f,1.7421809966585928f,0f,0f,0f,1f], start_interpolation: 0, interpolation_duration: 1 }
$data merge entity $(bone_leftringfinger) { transformation: [-0.9890917519941131f,0.02964739502886988f,0.14428630602111175f,1.142456460617897f,-0.11486037167234135f,0.45802384652041056f,-0.8814880889937985f,1.7832569238318183f,-0.09222039447165341f,-0.8884453770416331f,-0.44962229799782294f,1.671927512596433f,0f,0f,0f,1f], start_interpolation: 0, interpolation_duration: 1 }
$data merge entity $(bone_invisibility) { transformation: [0.04210995790957741f,-0.14115331233120015f,0.9890917519941129f,0.9106460232555265f,0.37945417838375206f,0.9180531692262724f,0.11486037167234116f,2.1148284929480425f,-0.9242517394909056f,0.37047823268247115f,0.09222039447165324f,1.7120201404558208f,0f,0f,0f,1f], start_interpolation: 0, interpolation_duration: 1 }
$data merge entity $(bone_swiftness) { transformation: [0.14428630602111153f,0.02964739502886988f,0.9890917519941131f,0.8821699586922065f,-0.8814880889937985f,0.45802384652041056f,0.11486037167234116f,1.8815430311950747f,-0.44962229799782294f,-0.8884453770416331f,0.09222039447165331f,1.7432233298155873f,0f,0f,0f,1f], start_interpolation: 0, interpolation_duration: 1 }
$data merge entity $(bone_suspicious_stew) { transformation: [0.08784769282364532f,-0.11823827215744571f,0.9890917519941134f,0.9363099839925066f,0.04257761483423733f,0.9924687610873799f,0.11486037167234144f,1.928079608456061f,-0.9952235575892434f,0.03202294900384489f,0.09222039447165332f,1.6693618366300556f,0f,0f,0f,1f], start_interpolation: 0, interpolation_duration: 1 }
$data merge entity $(bone_log) { transformation: [-0.9890917519941131f,0.02964739502886988f,0.14428630602111175f,0.8540519772164069f,-0.11486037167234135f,0.45802384652041056f,-0.8814880889937985f,1.9332446752552461f,-0.09222039447165341f,-0.8884453770416331f,-0.44962229799782294f,1.528584457299486f,0f,0f,0f,1f], start_interpolation: 0, interpolation_duration: 1 }
$data merge entity $(bone_planks) { transformation: [-0.9890917519941131f,0.02964739502886988f,0.14428630602111175f,0.7613246254669588f,-0.11486037167234135f,0.45802384652041056f,-0.8814880889937985f,1.9224765154109642f,-0.09222039447165341f,-0.8884453770416331f,-0.44962229799782294f,1.5199387953177685f,0f,0f,0f,1f], start_interpolation: 0, interpolation_duration: 1 }
$data merge entity $(bone_lefthand) { transformation: [-0.9890917519941131f,0.02964739502886988f,0.14428630602111175f,1.104227816908993f,-0.11486037167234135f,0.45802384652041056f,-0.8814880889937985f,2.1040122325844903f,-0.09222039447165341f,-0.8884453770416331f,-0.44962229799782294f,1.3435789084694232f,0f,0f,0f,1f], start_interpolation: 0, interpolation_duration: 1 }
$data merge entity $(bone_leftforearm) { transformation: [-0.9914448613738104f,-0.015153166024495596f,0.12964362080295339f,1.0295822616371102f,-0.12049828012172273f,0.48804219185785735f,-0.864462251029092f,2.453142978899268f,-0.050172216845309245f,-0.872688489969939f,-0.4856928536954346f,0.7344230012454691f,0f,0f,0f,1f], start_interpolation: 0, interpolation_duration: 1 }
$data merge entity $(bone_leftelbow) { transformation: [-0.9914448613738104f,-0.08677327294222043f,0.09750633804200017f,1.0133122729604438f,-0.12049828012172273f,0.8956159364649143f,-0.42819651894636074f,2.6210709669864394f,-0.050172216845309245f,-0.4362825844025512f,-0.8984098481227027f,0.6526200166699907f,0f,0f,0f,1f], start_interpolation: 0, interpolation_duration: 1 }
$data merge entity $(bone_leftarm) { transformation: [-0.9914448613738104f,-0.08677327294222043f,0.09750633804200017f,0.75f,-0.12049828012172273f,0.8956159364649143f,-0.42819651894636074f,3.0559010776593434f,-0.050172216845309245f,-0.4362825844025512f,-0.8984098481227027f,0.4515788597876381f,0f,0f,0f,1f], start_interpolation: 0, interpolation_duration: 1 }
$data merge entity $(bone_rightthumb2) { transformation: [-0.007434746104473866f,0.10097620609228727f,-0.9948610608288828f,-1.0382712514255223f,-0.5048514716747989f,0.8584068502709493f,0.09089923517663645f,1.5172948857798274f,0.8631742095881638f,0.5029328834060425f,0.04459594926372341f,-0.3150281275661914f,0f,0f,0f,1f], start_interpolation: 0, interpolation_duration: 1 }
$data merge entity $(bone_rightthumb) { transformation: [-0.007434746104473866f,0.10097620609228727f,-0.9948610608288828f,-1.0985259333087187f,-0.5048514716747989f,0.8584068502709493f,0.09089923517663645f,1.7355807491475082f,0.8631742095881638f,0.5029328834060425f,0.04459594926372341f,-0.18787655157328037f,0f,0f,0f,1f], start_interpolation: 0, interpolation_duration: 1 }
$data merge entity $(bone_rightpointerfinger) { transformation: [-0.1872455536913898f,-0.9816544388135235f,-0.03596756011339676f,-1.2420895632550506f,-0.8491447868440557f,0.14334472188284153f,0.508335933890074f,1.4852683084814187f,-0.49385446601035f,0.12572530956826766f,-0.8604074110185216f,-0.38424186948715777f,0f,0f,0f,1f], start_interpolation: 0, interpolation_duration: 1 }
$data merge entity $(bone_rightmidfinger) { transformation: [-0.1872455536913898f,-0.9816544388135235f,-0.03596756011339676f,-1.247709494522769f,-0.8491447868440557f,0.14334472188284153f,0.508335933890074f,1.5646957981517429f,-0.49385446601035f,0.12572530956826766f,-0.8604074110185216f,-0.5186805274588018f,0f,0f,0f,1f], start_interpolation: 0, interpolation_duration: 1 }
$data merge entity $(bone_rightringfinger) { transformation: [-0.31377525799666306f,-0.9488157998729873f,-0.03596756011339676f,-1.253329425790487f,-0.8231699947566891f,0.2529540235860631f,0.508335933890074f,1.6441232878220668f,-0.4732190266688354f,0.1891106550752884f,-0.8604074110185216f,-0.6531191854304458f,0f,0f,0f,1f], start_interpolation: 0, interpolation_duration: 1 }
$data merge entity $(bone_hugeasssword) { transformation: [-3.8941006843986834f,0.3954901405281252f,-0.14087294377747064f,-0.9625421152458244f,0.2694330120872548f,3.362093496894552f,1.9909824077361233f,1.7128442230709306f,0.3219681498860962f,1.969820460007f,-3.36992902648921f,-0.42491402562961333f,0f,0f,0f,1f], start_interpolation: 0, interpolation_duration: 1 }
$data merge entity $(bone_ice) { transformation: [-0.9942384726124297f,0.10097620609228727f,-0.03596756011339676f,-0.9485848923314473f,0.06879140734142675f,0.8584068502709493f,0.508335933890074f,1.698356750295737f,0.08220463401347136f,0.5029328834060425f,-0.8604074110185216f,-0.43405679933929325f,0f,0f,0f,1f], start_interpolation: 0, interpolation_duration: 1 }
$data merge entity $(bone_righthand) { transformation: [-0.9942384726124297f,0.10097620609228727f,-0.03596756011339676f,-1.1730244452150265f,0.06879140734142675f,0.8584068502709493f,0.508335933890074f,1.946041812632896f,0.08220463401347136f,0.5029328834060425f,-0.8604074110185216f,-0.3146601515787436f,0f,0f,0f,1f], start_interpolation: 0, interpolation_duration: 1 }
$data merge entity $(bone_rightforearm) { transformation: [-0.9942384726124297f,0.10043806138964308f,-0.03744403025307466f,-1.0396789657894525f,0.06879140734142675f,0.8657669268361569f,0.4956968536037547f,2.542739456768171f,0.08220463401347136f,0.49026505506814044f,-0.8676880625695759f,0.038477301617850346f,0f,0f,0f,1f], start_interpolation: 0, interpolation_duration: 1 }
$data merge entity $(bone_rightelbow) { transformation: [-0.9942384726124297f,0.10112518452566012f,-0.035546541772077805f,-1.0207179936908912f,0.06879140734142675f,0.8562814744953109f,0.5119079787541134f,2.703292233236042f,0.08220463401347136f,0.5065133102799839f,-0.8583045290897188f,0.13344854729534733f,0f,0f,0f,1f], start_interpolation: 0, interpolation_duration: 1 }
$data merge entity $(bone_rightarm) { transformation: [-0.9942384726124297f,0.10515820025766087f,-0.020775285698939827f,-0.75f,0.06879140734142675f,0.7746070793517931f,0.6286903966930548f,3.0559010776593434f,0.08220463401347136f,0.6236390186130552f,-0.7773781400387179f,0.45157885978763795f,0f,0f,0f,1f], start_interpolation: 0, interpolation_duration: 1 }
$data merge entity $(bone_chest) { transformation: [-1.0833333333333333f,-5.0996289733681266e-17f,1.2247745050699675e-16f,-0.0023231250000000357f,0f,1.000104279799452f,0.41641630688282427f,2.950224777525227f,-1.3267006990762992e-16f,0.41641630688282427f,-1.000104279799452f,0.2883487238499217f,0f,0f,0f,1f], start_interpolation: 0, interpolation_duration: 1 }
$data merge entity $(bone_chest1lid) { transformation: [-1f,-4.707349821570579e-17f,1.130561081603047e-16f,-0.3437500000000001f,0f,0.9231731813533403f,0.3843842832764532f,2.1688656262209602f,-1.2246467991473532e-16f,0.3843842832764532f,-0.9231731813533403f,0.3868970780287576f,0f,0f,0f,1f], start_interpolation: 0, interpolation_duration: 1 }
$data merge entity $(bone_chest1) { transformation: [-1f,-4.707349821570579e-17f,1.130561081603047e-16f,-0.3437500000000001f,0f,0.9231731813533403f,0.3843842832764532f,2.024619816634501f,-1.2246467991473532e-16f,0.3843842832764532f,-0.9231731813533403f,0.3268370337668118f,0f,0f,0f,1f], start_interpolation: 0, interpolation_duration: 1 }
$data merge entity $(bone_chest1lid3) { transformation: [-1f,-4.707349821570579e-17f,1.130561081603047e-16f,-0.28125f,0f,0.9231731813533403f,0.3843842832764532f,2.4151118076949376f,-1.2246467991473532e-16f,0.3843842832764532f,-0.9231731813533403f,-0.20451074127572602f,0f,0f,0f,1f], start_interpolation: 0, interpolation_duration: 1 }
$data merge entity $(bone_chest3) { transformation: [-1f,-4.707349821570579e-17f,1.130561081603047e-16f,-0.28125f,0f,0.9231731813533403f,0.3843842832764532f,2.2708659981084782f,-1.2246467991473532e-16f,0.3843842832764532f,-0.9231731813533403f,-0.2645707855376718f,0f,0f,0f,1f], start_interpolation: 0, interpolation_duration: 1 }
$data merge entity $(bone_hugeasssword2) { transformation: [-1.3124777929175661e-15f,2.887669569172986f,-2.646061646494669f,-1.234375f,-1.5055051094994416f,2.442773148251542f,2.665819102870655f,4.123218365241353f,3.6157616269672497f,1.0171045094931657f,1.1099747976857814f,0.4897732000565886f,0f,0f,0f,1f], start_interpolation: 0, interpolation_duration: 1 }
$data merge entity $(bone_belt) { transformation: [-1f,-4.707349821570579e-17f,1.130561081603047e-16f,0.029705624999999968f,0f,0.9231731813533403f,0.3843842832764532f,2.5321803405551546f,-1.2246467991473532e-16f,0.3843842832764532f,-0.9231731813533403f,0.25608260966451774f,0f,0f,0f,1f], start_interpolation: 0, interpolation_duration: 1 }
$data merge entity $(bone_torn_part) { transformation: [-1f,-7.748284912537962e-17f,9.483673295739491e-17f,-0.09375000000000003f,0f,0.7744006927011441f,0.6326954774170495f,2.2712555692514256f,-1.2246467991473532e-16f,0.6326954774170495f,-0.7744006927011441f,0.14406597325941084f,0f,0f,0f,1f], start_interpolation: 0, interpolation_duration: 1 }
$data merge entity $(bone_lowerbody) { transformation: [-1f,-4.5378750996815284e-17f,1.137469418691668e-16f,0.0039062499999999883f,0f,0.9288142666796815f,0.3705456220390217f,1.765625f,-1.2246467991473532e-16f,0.3705456220390217f,-0.9288142666796815f,0.09375f,0f,0f,0f,1f], start_interpolation: 0, interpolation_duration: 1 }
$data merge entity $(bone_leftfoot) { transformation: [-0.9238795325112867f,0.01773496739918967f,-0.3822722594409327f,0.1585638800627282f,0f,0.9989255533702734f,0.04634370317414255f,0.15710126903221155f,0.38268343236508956f,0.04281599882336845f,-0.9228868732613066f,-0.3805315061481084f,0f,0f,0f,1f], start_interpolation: 0, interpolation_duration: 1 }
$data merge entity $(bone_leftlowerleg) { transformation: [-0.9238795325112867f,0.25776679119809737f,-0.2828478226222761f,0.4879822445348062f,0f,0.7391169794683772f,0.6735770859089125f,0.8735669957797889f,0.38268343236508956f,0.6223040832398408f,-0.6828550494623987f,0.4147547770551462f,0f,0f,0f,1f], start_interpolation: 0, interpolation_duration: 1 }
$data merge entity $(bone_leftleg) { transformation: [-0.9238795325112867f,-0.20473472548554786f,-0.32331146219564105f,0.25f,0f,0.8448535652497071f,-0.534997619887097f,1.78515625f,0.38268343236508956f,-0.4942733509559423f,-0.7805429169033933f,-0.07812499999999997f,0f,0f,0f,1f], start_interpolation: 0, interpolation_duration: 1 }
$data merge entity $(bone_rightfoot) { transformation: [-0.9238795325112867f,-0.015649742209497317f,0.38236330233889143f,-0.47665930733651773f,0f,0.9991634599276488f,0.04089474716158359f,0.1755305987444058f,-0.3826834323650898f,0.03778181988981116f,-0.9231066702603159f,0.3874187885051389f,0f,0f,0f,1f], start_interpolation: 0, interpolation_duration: 1 }
$data merge entity $(bone_rightlowerleg) { transformation: [-0.9238795325112867f,-0.08180867811841339f,0.3738367953950548f,-0.6248541977006029f,0f,0.9768826235424923f,0.2137763780700227f,1.2264139540180532f,-0.3826834323650898f,0.1975036202332887f,-0.9025218615568371f,0.7451929026965073f,0f,0f,0f,1f], start_interpolation: 0, interpolation_duration: 1 }
$data merge entity $(bone_rightleg) { transformation: [-0.9238795325112867f,0.3303650426405207f,0.19314644187210184f,-0.25f,0f,0.5047159754954722f,-0.8632854592078185f,1.78515625f,-0.3826834323650898f,-0.7975717664767108f,-0.4662967594917349f,-0.07812500000000003f,0f,0f,0f,1f], start_interpolation: 0, interpolation_duration: 1 }
data modify entity @s data merge value {"locators":{"lefthand":{"posx":0.9422086526976448,"posy":1.9220029734806492,"posz":1.613665262768797,"roty":17.79172576281269,"rotx":-61.82239499974179},"righthand":{"posx":-1.0428105092322826,"posy":1.68345058873148,"posz":-0.42076457540658535,"roty":357.6062616099836,"rotx":30.553050571942034},"chest":{"posx":-0.3750000000000001,"posy":2.0511072581244307,"posz":0.5071188699104386,"roty":0,"rotx":22.605521137026248},"sack":{"posx":0,"posy":-0.4375,"posz":0,"roty":0,"rotx":0}},"cameras":{}}