# This file was generated by Animated Java via MC-Build. It is not recommended to edit this file directly.
$data merge entity $(bone_nose) { transformation: [-1f,1.0908907226397046e-17f,1.2197784048647707e-16f,-1.7777725350441605e-17f,0f,0.9960246543852709f,-0.08907798749804641f,4.294083962255224f,-1.2246467991473532e-16f,-0.08907798749804641f,-0.9960246543852709f,0.14180407145259719f,0f,0f,0f,1f], start_interpolation: 0, interpolation_duration: 1 }
$data merge entity $(bone_glowing_eye) { transformation: [-1f,1.0908907226397046e-17f,1.2197784048647707e-16f,-0.12500000000000003f,0f,0.9960246543852709f,-0.08907798749804641f,4.36463135610491f,-1.2246467991473532e-16f,-0.08907798749804641f,-0.9960246543852709f,0.17052967077051398f,0f,0f,0f,1f], start_interpolation: 0, interpolation_duration: 1 }
$data merge entity $(bone_head) { transformation: [-1f,1.0908907226397046e-17f,1.2197784048647707e-16f,3.716237395873237e-18f,0f,0.9960246543852709f,-0.08907798749804641f,4.154417651959829f,-1.2246467991473532e-16f,-0.08907798749804641f,-0.9960246543852709f,-0.03370745367676892f,0f,0f,0f,1f], start_interpolation: 0, interpolation_duration: 1 }
$data merge entity $(bone_leftthumb2) { transformation: [0.08516751872854682f,0.6486144076886322f,0.75633712317481f,0.7646355358432548f,-0.6598033994843574f,0.605518717606281f,-0.4449792766605327f,2.5505964807267323f,-0.746596254867722f,-0.4611360241481576f,0.47952851786971085f,1.1388706752917988f,0f,0f,0f,1f], start_interpolation: 0, interpolation_duration: 1 }
$data merge entity $(bone_leftthumb) { transformation: [0.08516751872854682f,0.6486144076886322f,0.75633712317481f,0.9883380344245456f,-0.6598033994843574f,0.605518717606281f,-0.4449792766605327f,2.6610685882940732f,-0.746596254867722f,-0.4611360241481576f,0.47952851786971085f,1.066759832205495f,0f,0f,0f,1f], start_interpolation: 0, interpolation_duration: 1 }
$data merge entity $(bone_leftpointerfinger) { transformation: [-0.7105686832118527f,0.688311363904522f,0.14601237193632088f,1.0793943960877783f,0.4225819636533565f,0.5833822148588511f,-0.6936062826858296f,2.4151420123222698f,-0.562598107385234f,-0.4311527081050033f,-0.7054010999851608f,1.2609707194903021f,0f,0f,0f,1f], start_interpolation: 0, interpolation_duration: 1 }
$data merge entity $(bone_leftmidfinger) { transformation: [-0.7105686832118527f,0.688311363904522f,0.14601237193632088f,1.1022088292028285f,0.4225819636533565f,0.5833822148588511f,-0.6936062826858296f,2.306766030652609f,-0.562598107385234f,-0.4311527081050033f,-0.7054010999851608f,1.1507517976176207f,0f,0f,0f,1f], start_interpolation: 0, interpolation_duration: 1 }
$data merge entity $(bone_leftringfinger) { transformation: [-0.7105686832118527f,0.688311363904522f,0.14601237193632088f,1.1250232623178786f,0.4225819636533565f,0.5833822148588511f,-0.6936062826858296f,2.198390048982948f,-0.562598107385234f,-0.4311527081050033f,-0.7054010999851608f,1.0405328757449392f,0f,0f,0f,1f], start_interpolation: 0, interpolation_duration: 1 }
$data merge entity $(bone_invisibility) { transformation: [-0.016751761009227737f,-0.14803570465883936f,0.9888401330089966f,0.9198391936277429f,0.6465096375414668f,0.7528180101498669f,0.12365408266610597f,2.485331977353594f,-0.762721880549582f,0.64136609961874f,0.08309548237270892f,1.2032287705564946f,0f,0f,0f,1f], start_interpolation: 0, interpolation_duration: 1 }
$data merge entity $(bone_swiftness) { transformation: [0.14601237193632066f,-0.02959017729380659f,0.9888401330089969f,0.8997216384531022f,-0.6936062826858296f,0.7096618860124512f,0.12365408266610596f,2.2527403133953294f,-0.7054010999851608f,-0.7039207547366196f,0.08309548237270897f,1.1619609407679985f,0f,0f,0f,1f], start_interpolation: 0, interpolation_duration: 1 }
$data merge entity $(bone_suspicious_stew) { transformation: [0.03488968671919245f,-0.14483749898208678f,0.9888401330089971f,0.9486035529264503f,0.3500414119350864f,0.9285368478259198f,0.12365408266610622f,2.3220153984431673f,-0.9360842481802203f,0.3418207441307784f,0.08309548237270906f,1.1039623496875561f,0f,0f,0f,1f], start_interpolation: 0, interpolation_duration: 1 }
$data merge entity $(bone_log) { transformation: [-0.9888401330089969f,-0.02959017729380659f,0.14601237193632088f,0.8590453482296461f,-0.12365408266610611f,0.7096618860124512f,-0.6936062826858296f,2.366617769443878f,-0.08309548237270913f,-0.7039207547366196f,-0.7054010999851608f,0.9751163773112327f,0f,0f,0f,1f], start_interpolation: 0, interpolation_duration: 1 }
$data merge entity $(bone_planks) { transformation: [-0.9888401330089969f,-0.02959017729380659f,0.14601237193632088f,0.7663415857600526f,-0.12365408266610611f,0.7096618860124512f,-0.6936062826858296f,2.3550251991939306f,-0.08309548237270913f,-0.7039207547366196f,-0.7054010999851608f,0.9673261758387912f,0f,0f,0f,1f], start_interpolation: 0, interpolation_duration: 1 }
$data merge entity $(bone_lefthand1) { transformation: [-0.9888401330089969f,-0.02959017729380659f,0.14601237193632088f,1.0942949505354336f,-0.12365408266610611f,0.7096618860124512f,-0.6936062826858296f,2.596621957947449f,-0.08309548237270913f,-0.7039207547366196f,-0.7054010999851608f,0.8419538435947913f,0f,0f,0f,1f], start_interpolation: 0, interpolation_duration: 1 }
$data merge entity $(bone_leftforearm) { transformation: [-0.9888401330089969f,-0.02959017729380659f,0.14601237193632088f,1.0094054055011585f,-0.12365408266610611f,0.7096618860124512f,-0.6936062826858296f,3.0987121895502883f,-0.08309548237270913f,-0.7039207547366196f,-0.7054010999851608f,0.3528379874595794f,0f,0f,0f,1f], start_interpolation: 0, interpolation_duration: 1 }
$data merge entity $(bone_leftelbow) { transformation: [-0.9888401330089969f,-0.05641852375156003f,0.1378845224397723f,0.998826932297741f,-0.12365408266610611f,0.8270307712987395f,-0.5483883397420265f,3.253780459168802f,-0.08309548237270913f,-0.5593183829472326f,-0.8247775986934538f,0.24796579065697327f,0f,0f,0f,1f], start_interpolation: 0, interpolation_duration: 1 }
$data merge entity $(bone_leftarm) { transformation: [-0.9888401330089969f,-0.05641852375156003f,0.1378845224397723f,0.75f,-0.12365408266610611f,0.8270307712987395f,-0.5483883397420265f,3.6573836498518992f,-0.08309548237270913f,-0.5593183829472326f,-0.8247775986934538f,-0.02409623762650271f,0f,0f,0f,1f], start_interpolation: 0, interpolation_duration: 1 }
$data merge entity $(bone_rightthumb2) { transformation: [0.2393484437157728f,0.9066288033098856f,-0.3474716326546992f,-1.3992528843798508f,0.7541620849548781f,-0.3989953109811513f,-0.5215767358994894f,3.8339008643108397f,-0.61151604403102f,-0.1372113509296482f,-0.7792439753175591f,0.9247477162729709f,0f,0f,0f,1f], start_interpolation: 0, interpolation_duration: 1 }
$data merge entity $(bone_rightthumb) { transformation: [0.2393484437157728f,0.9066288033098856f,-0.3474716326546992f,-1.2066030271317152f,0.7541620849548781f,-0.3989953109811513f,-0.5215767358994894f,3.6914776128494142f,-0.61151604403102f,-0.1372113509296482f,-0.7792439753175591f,0.8245054195219064f,0f,0f,0f,1f], start_interpolation: 0, interpolation_duration: 1 }
$data merge entity $(bone_rightpointerfinger) { transformation: [0.41251316000184524f,0.4197280089270625f,-0.8084932228209557f,-1.2187668823890214f,0.007337960887070005f,-0.8890282110595259f,-0.45779361536648683f,4.017915427978229f,-0.910922086215562f,0.18291319925697708f,-0.36981578438766727f,0.7015559772531224f,0f,0f,0f,1f], start_interpolation: 0, interpolation_duration: 1 }
$data merge entity $(bone_rightmidfinger) { transformation: [0.07867165882664998f,0.40739000371963435f,-0.9098594149464957f,-1.3609324159744114f,0.9569291877152666f,-0.28671250411976756f,-0.0456340846295036f,4.010785102254869f,-0.2794589411632116f,-0.8670809217429991f,-0.412399533648194f,0.637118550120592f,0f,0f,0f,1f], start_interpolation: 0, interpolation_duration: 1 }
$data merge entity $(bone_rightringfinger) { transformation: [0.07605473014494034f,0.40788665466744656f,-0.9098594149464957f,-1.5030979495598014f,0.9587500673505872f,-0.28056343075189266f,-0.0456340846295036f,4.003654776531509f,-0.2738868130776377f,-0.8688570873676104f,-0.412399533648194f,0.5726811229880617f,0f,0f,0f,1f], start_interpolation: 0, interpolation_duration: 1 }
$data merge entity $(bone_hugeasssword) { transformation: [1.6156765433405607f,0.17466479661558842f,-3.5636160418737752f,-1.4472312570870964f,0.028740346807690855f,-3.9124808123348767f,-0.17873349813222245f,3.8066410744970822f,-3.5677781710109517f,0.04758024498090035f,-1.61523150678876f,0.8879935644772143f,0f,0f,0f,1f], start_interpolation: 0, interpolation_duration: 1 }
$data merge entity $(bone_ice) { transformation: [0.41251316000184524f,0.044595267221001295f,-0.9098594149464957f,-1.4543735762624534f,0.007337960887070005f,-0.9989312712344365f,-0.0456340846295036f,3.8221347199712596f,-0.910922086215562f,0.01214814765469796f,-0.412399533648194f,0.9020369072672278f,0f,0f,0f,1f], start_interpolation: 0, interpolation_duration: 1 }
$data merge entity $(bone_righthand1) { transformation: [0.41251316000184524f,0.044595267221001295f,-0.9098594149464957f,-1.3685295761738199f,0.007337960887070005f,-0.9989312712344365f,-0.0456340846295036f,3.572810327239746f,-0.910922086215562f,0.01214814765469796f,-0.412399533648194f,0.6644559372005058f,0f,0f,0f,1f], start_interpolation: 0, interpolation_duration: 1 }
$data merge entity $(bone_rightforearm) { transformation: [-0.9123237082452429f,0.27821088389736603f,-0.300439936517593f,-1.1111979426600693f,0.015484874488041308f,-0.7097628701407944f,-0.7042704642618428f,3.0837947305205886f,-0.4091768200127405f,-0.6471749162711334f,0.6432254330432785f,0.2249342280568602f,0f,0f,0f,1f], start_interpolation: 0, interpolation_duration: 1 }
$data merge entity $(bone_rightelbow) { transformation: [-0.9123237082452429f,0.24984016343706508f,0.3244153882099146f,-1.0643529120156197f,0.015484874488041308f,0.8127661499560547f,-0.5823842409850235f,3.236188383637349f,-0.4091768200127405f,-0.5262994187906279f,-0.7453745714370117f,0.12625308703361746f,0f,0f,0f,1f], start_interpolation: 0, interpolation_duration: 1 }
$data merge entity $(bone_rightarm) { transformation: [-0.9123237082452429f,0.24984016343706508f,0.3244153882099146f,-0.75f,0.015484874488041308f,0.8127661499560547f,-0.5823842409850235f,3.6573836498518992f,-0.4091768200127405f,-0.5262994187906279f,-0.7453745714370117f,-0.024096237626502898f,0f,0f,0f,1f], start_interpolation: 0, interpolation_duration: 1 }
$data merge entity $(bone_chest1) { transformation: [-1.0833333333333333f,-5.01717045696789e-18f,1.3257516905477112e-16f,-0.0023231249999999836f,0f,1.0825584090619036f,0.0409683058042616f,3.501360172537796f,-1.3267006990762992e-16f,0.0409683058042616f,-1.0825584090619036f,-0.1401489507145511f,0f,0f,0f,1f], start_interpolation: 0, interpolation_duration: 1 }
$data merge entity $(bone_chest1lid) { transformation: [-1f,-4.63123426797036e-18f,1.2237707912748105e-16f,-0.34375000000000006f,0f,0.999284685287911f,0.03781689766547225f,2.80360119417181f,-1.2246467991473532e-16f,0.03781689766547225f,-0.999284685287911f,0.2250445727054799f,0f,0f,0f,1f], start_interpolation: 0, interpolation_duration: 1 }
$data merge entity $(bone_chest2) { transformation: [-1f,-4.63123426797036e-18f,1.2237707912748105e-16f,-0.34375000000000006f,0f,0.999284685287911f,0.03781689766547225f,2.6474629620955743f,-1.2246467991473532e-16f,0.03781689766547225f,-0.999284685287911f,0.21913568244524986f,0f,0f,0f,1f], start_interpolation: 0, interpolation_duration: 1 }
$data merge entity $(bone_chest1lid3) { transformation: [-1f,-4.63123426797036e-18f,1.2237707912748105e-16f,-0.28124999999999994f,0f,0.999284685287911f,0.03781689766547225f,2.827827644238753f,-1.2246467991473532e-16f,0.03781689766547225f,-0.999284685287911f,-0.415122178807088f,0f,0f,0f,1f], start_interpolation: 0, interpolation_duration: 1 }
$data merge entity $(bone_chest3) { transformation: [-1f,-4.63123426797036e-18f,1.2237707912748105e-16f,-0.28124999999999994f,0f,0.999284685287911f,0.03781689766547225f,2.671689412162517f,-1.2246467991473532e-16f,0.03781689766547225f,-0.999284685287911f,-0.4210310690673181f,0f,0f,0f,1f], start_interpolation: 0, interpolation_duration: 1 }
$data merge entity $(bone_hugeasssword2) { transformation: [-1.3489849292056735e-15f,2.887669569172986f,-2.646061646494669f,-1.234375f,-0.14811618252309944f,2.6441688796698375f,2.8856039766465047f,4.670849671764362f,3.9138650173776517f,0.10006584250202048f,0.10920270458911194f,-0.3610110969439973f,0f,0f,0f,1f], start_interpolation: 0, interpolation_duration: 1 }
$data merge entity $(bone_belt) { transformation: [-1f,-4.63123426797036e-18f,1.2237707912748105e-16f,0.029705625000000003f,0f,0.999284685287911f,0.03781689766547225f,3.098364777400408f,-1.2246467991473532e-16f,0.03781689766547225f,-0.999284685287911f,-0.02440369204573789f,0f,0f,0f,1f], start_interpolation: 0, interpolation_duration: 1 }
$data merge entity $(bone_torn_part) { transformation: [-1f,-3.901444118326431e-17f,1.1608389727165516e-16f,-0.09375f,0f,0.9478969556975716f,0.3185770885975261f,2.815056698501979f,-1.2246467991473532e-16f,0.3185770885975261f,-0.9478969556975716f,-0.03767327813949478f,0f,0f,0f,1f], start_interpolation: 0, interpolation_duration: 1 }
$data merge entity $(bone_lowerbody) { transformation: [-1f,-2.301632741803918e-18f,1.224430492651193e-16f,0.0039062499999999883f,0f,0.9998233723418779f,0.01879425760477555f,2.32421875f,-1.2246467991473532e-16f,0.01879425760477555f,-0.9998233723418779f,0.09375f,0f,0f,0f,1f], start_interpolation: 0, interpolation_duration: 1 }
data modify entity @s data merge value {"locators":{"lefthand":{"posx":0.9517793999888131,"posy":2.3336056030160686,"posz":1.0489222799347406,"roty":11.694612393599584,"rotx":-43.91625974138649},"righthand":{"posx":-1.4021807152040697,"posy":3.8391439874897966,"posz":0.8228918895906673,"roty":294.3827108737608,"rotx":-2.6155487875940344},"chest":{"posx":-0.37500000000000006,"posy":2.735237011081086,"posz":0.37881924867762395,"roty":0,"rotx":2.167265414102148},"sack":{"posx":0,"posy":-0.4375,"posz":0,"roty":0,"rotx":0}},"cameras":{}}