# This file was generated by Animated Java via MC-Build. It is not recommended to edit this file directly.
$data merge entity $(bone_nose) { transformation: [-0.9959623723453978f,-0.04266078346547514f,-0.07898740675727214f,-0.013908542402367163f,-0.0342745244847181f,0.9939193762525316f,-0.10464000421026795f,4.233157957807368f,0.08297113861743358f,-0.10151025102860439f,-0.9913684779599543f,2.718409556473778f,0f,0f,0f,1f], start_interpolation: 0, interpolation_duration: 1 }
$data merge entity $(bone_glowing_eye) { transformation: [-0.9959623723453978f,-0.04266078346547514f,-0.07898740675727214f,-0.13853600567909596f,-0.0342745244847181f,0.9939193762525316f,-0.10464000421026795f,4.299821537960927f,0.08297113861743358f,-0.10151025102860439f,-0.9913684779599543f,2.756502302679243f,0f,0f,0f,1f], start_interpolation: 0, interpolation_duration: 1 }
$data merge entity $(bone_head) { transformation: [-0.9959623723453978f,-0.04266078346547514f,-0.07898740675727214f,-0.023431709027331632f,-0.0342745244847181f,0.9939193762525316f,-0.10464000421026795f,4.0908375352373625f,0.08297113861743358f,-0.10151025102860439f,-0.9913684779599543f,2.5453050207108645f,0f,0f,0f,1f], start_interpolation: 0, interpolation_duration: 1 }
$data merge entity $(bone_leftthumb2) { transformation: [-0.7863519728278295f,-0.3330539682986693f,0.5203130106294569f,1.284700839956776f,-0.5176733822003319f,0.8148733914360623f,-0.2607597079511301f,2.2027095351302313f,-0.3371421720744078f,-0.47440110679676806f,-0.8131904731850663f,3.0844149297687005f,0f,0f,0f,1f], start_interpolation: 0, interpolation_duration: 1 }
$data merge entity $(bone_leftthumb) { transformation: [-0.7863519728278295f,-0.3330539682986693f,0.5203130106294569f,1.2474865012421565f,-0.5176733822003319f,0.8148733914360623f,-0.2607597079511301f,2.380267250087256f,-0.3371421720744078f,-0.47440110679676806f,-0.8131904731850663f,2.8985783914728813f,0f,0f,0f,1f], start_interpolation: 0, interpolation_duration: 1 }
$data merge entity $(bone_leftpointerfinger) { transformation: [-0.7863519728278295f,-0.3330539682986693f,0.5203130106294569f,1.4671667539914568f,-0.5176733822003319f,0.8148733914360623f,-0.2607597079511301f,2.1572843333902503f,-0.3371421720744078f,-0.47440110679676806f,-0.8131904731850663f,3.052997876280659f,0f,0f,0f,1f], start_interpolation: 0, interpolation_duration: 1 }
$data merge entity $(bone_leftmidfinger) { transformation: [-0.7863519728278295f,-0.3330539682986693f,0.5203130106294569f,1.5484656619023096f,-0.5176733822003319f,0.8148733914360623f,-0.2607597079511301f,2.116540629022886f,-0.3371421720744078f,-0.47440110679676806f,-0.8131904731850663f,2.9259368648454926f,0f,0f,0f,1f], start_interpolation: 0, interpolation_duration: 1 }
$data merge entity $(bone_leftringfinger) { transformation: [-0.7863519728278295f,-0.3330539682986693f,0.5203130106294569f,1.6297645698131622f,-0.5176733822003319f,0.8148733914360623f,-0.2607597079511301f,2.075796924655522f,-0.3371421720744078f,-0.47440110679676806f,-0.8131904731850663f,2.7988758534103257f,0f,0f,0f,1f], start_interpolation: 0, interpolation_duration: 1 }
$data merge entity $(bone_invisibility) { transformation: [-0.28643833049487033f,-0.5473606285193444f,0.7863519728278294f,1.2670381997214015f,0.7890458461395015f,0.33078833421278103f,0.5176733822003317f,2.1574960922894806f,-0.5434700870455602f,0.7687492571024972f,0.33714217207440755f,2.9633083002478444f,0f,0f,0f,1f], start_interpolation: 0, interpolation_duration: 1 }
$data merge entity $(bone_swiftness) { transformation: [0.5203130106294567f,-0.3330539682986693f,0.7863519728278296f,1.368742348712991f,-0.26075970795113024f,0.8148733914360623f,0.5176733822003318f,1.9712939913854075f,-0.8131904731850664f,-0.47440110679676806f,0.3371421720744076f,2.857517584013681f,0f,0f,0f,1f], start_interpolation: 0, interpolation_duration: 1 }
$data merge entity $(bone_suspicious_stew) { transformation: [-0.08195562485925034f,-0.6123184223781856f,0.7863519728278298f,1.3802087939784247f,0.6283242856011485f,0.5807089300889692f,0.5176733822003321f,2.070406456825078f,-0.7736225615102861f,0.5365102870693298f,0.3371421720744078f,2.833072638406743f,0f,0f,0f,1f], start_interpolation: 0, interpolation_duration: 1 }
$data merge entity $(bone_log) { transformation: [-0.7863519728278295f,-0.3330539682986693f,0.5203130106294569f,1.2892462228617378f,-0.5176733822003319f,0.8148733914360623f,-0.2607597079511301f,2.1115106398630954f,-0.3371421720744078f,-0.47440110679676806f,-0.8131904731850663f,2.7040471179946213f,0f,0f,0f,1f], start_interpolation: 0, interpolation_duration: 1 }
$data merge entity $(bone_planks) { transformation: [-0.7863519728278295f,-0.3330539682986693f,0.5203130106294569f,1.2155257254091287f,-0.5176733822003319f,0.8148733914360623f,-0.2607597079511301f,2.0629787602818146f,-0.3371421720744078f,-0.47440110679676806f,-0.8131904731850663f,2.6724400393626455f,0f,0f,0f,1f], start_interpolation: 0, interpolation_duration: 1 }
$data merge entity $(bone_lefthand1) { transformation: [-0.7863519728278295f,-0.3330539682986693f,0.5203130106294569f,1.3863109424118574f,-0.5176733822003319f,0.8148733914360623f,-0.2607597079511301f,2.4527960741456667f,-0.3371421720744078f,-0.47440110679676806f,-0.8131904731850663f,2.6951445866010646f,0f,0f,0f,1f], start_interpolation: 0, interpolation_duration: 1 }
$data merge entity $(bone_leftforearm) { transformation: [-0.9418646708572656f,-0.3330539682986693f,-0.04433955335187301f,1.0939586345443995f,-0.2638521226296346f,0.8148733914360623f,-0.5161040721727798f,3.0173272959624953f,0.2080216315068481f,-0.47440110679676806f,-0.8553774551010979f,2.3879479330897198f,0f,0f,0f,1f], start_interpolation: 0, interpolation_duration: 1 }
$data merge entity $(bone_leftelbow) { transformation: [-0.9255197883142323f,-0.2932744760049977f,-0.2395896557925082f,1.0389696702934623f,-0.19869635738792407f,0.9146500714178907f,-0.35204403760895814f,3.18882418435335f,0.3223862264420564f,-0.27821813129133266f,-0.9047993105773291f,2.335782033472595f,0f,0f,0f,1f], start_interpolation: 0, interpolation_duration: 1 }
$data merge entity $(bone_leftarm) { transformation: [-0.9255197883142323f,-0.2932744760049977f,-0.2395896557925082f,0.6973621553407411f,-0.19869635738792407f,0.9146500714178907f,-0.35204403760895814f,3.6136857680589665f,0.3223862264420564f,-0.27821813129133266f,-0.9047993105773291f,2.29546993331667f,0f,0f,0f,1f], start_interpolation: 0, interpolation_duration: 1 }
$data merge entity $(bone_rightthumb2) { transformation: [-0.8997721220544708f,-0.4362909062788348f,-0.007770036807329406f,-0.6017470597734051f,-0.3699343990602603f,0.7721255936393134f,-0.5166919856539888f,2.1703512850926048f,0.23142745897044792f,-0.46203064048343234f,-0.8561360981111301f,3.541436761185882f,0f,0f,0f,1f], start_interpolation: 0, interpolation_duration: 1 }
$data merge entity $(bone_rightthumb) { transformation: [-0.8997721220544708f,-0.4362909062788348f,-0.007770036807329406f,-0.7094081402769546f,-0.3699343990602603f,0.7721255936393134f,-0.5166919856539888f,2.3155540906266685f,0.23142745897044792f,-0.46203064048343234f,-0.8561360981111301f,3.3549639612327917f,0f,0f,0f,1f], start_interpolation: 0, interpolation_duration: 1 }
$data merge entity $(bone_rightpointerfinger) { transformation: [-0.8997721220544708f,-0.4362909062788348f,-0.007770036807329406f,-0.6650269829792632f,-0.3699343990602603f,0.7721255936393134f,-0.5166919856539888f,1.9975188684890222f,0.23142745897044792f,-0.46203064048343234f,-0.8561360981111301f,3.4917487638673514f,0f,0f,0f,1f], start_interpolation: 0, interpolation_duration: 1 }
$data merge entity $(bone_rightmidfinger) { transformation: [-0.8997721220544708f,-0.4362909062788348f,-0.007770036807329406f,-0.6662410512304084f,-0.3699343990602603f,0.7721255936393134f,-0.5166919856539888f,1.9167857457305866f,0.23142745897044792f,-0.46203064048343234f,-0.8561360981111301f,3.3579774985374873f,0f,0f,0f,1f], start_interpolation: 0, interpolation_duration: 1 }
$data merge entity $(bone_rightringfinger) { transformation: [-0.8997721220544708f,-0.4362909062788348f,-0.007770036807329406f,-0.6674551194815537f,-0.3699343990602603f,0.7721255936393134f,-0.5166919856539888f,1.8360526229721508f,0.23142745897044792f,-0.46203064048343234f,-0.8561360981111301f,3.2242062332076236f,0f,0f,0f,1f], start_interpolation: 0, interpolation_duration: 1 }
$data merge entity $(bone_hugeasssword) { transformation: [-3.5241074780466772f,-1.7088060495921031f,-0.030432644162040175f,-0.5157392648224635f,-1.4489097296526863f,3.024158575087311f,-2.0237102771447897f,2.179960893964797f,0.9064242143009211f,-1.8096200085601102f,-3.3531997176019264f,3.2160317324332515f,0f,0f,0f,1f], start_interpolation: 0, interpolation_duration: 1 }
$data merge entity $(bone_ice) { transformation: [-1.349658183081706f,-0.6544363594182523f,-0.011655055210994109f,-0.49486328000475555f,-0.5549015985903905f,1.15818839045897f,-0.7750379784809831f,2.1736766565494996f,0.3471411884556719f,-0.6930459607251485f,-1.2842041471666952f,3.2196349071443917f,0f,0f,0f,1f], start_interpolation: 0, interpolation_duration: 1 }
$data merge entity $(bone_righthand1) { transformation: [-0.8997721220544708f,-0.4362909062788348f,-0.007770036807329406f,-0.829121850738311f,-0.3699343990602603f,0.7721255936393134f,-0.5166919856539888f,2.2580778306425757f,0.23142745897044792f,-0.46203064048343234f,-0.8561360981111301f,3.135229858700173f,0f,0f,0f,1f], start_interpolation: 0, interpolation_duration: 1 }
$data merge entity $(bone_rightforearm) { transformation: [-0.6944048282017292f,-0.19530849255104055f,-0.6925723986036167f,-0.9122263890724718f,0.062304910522961054f,0.9425279750479955f,-0.32826683411007423f,2.9220279254734822f,0.716882160954541f,-0.27110073587020256f,-0.6423272984357601f,2.9098433827698367f,0f,0f,0f,1f], start_interpolation: 0, interpolation_duration: 1 }
$data merge entity $(bone_rightelbow) { transformation: [-0.6688941792854012f,-0.15107789071675642f,-0.7278434226223971f,-0.9405534935818636f,0.09006221551308687f,0.9554463215825294f,-0.2810891743046822f,3.1011741107702067f,0.7378816803898737f,-0.2535701037405426f,-0.6254860735732065f,2.862298988318485f,0f,0f,0f,1f], start_interpolation: 0, interpolation_duration: 1 }
$data merge entity $(bone_rightarm) { transformation: [-0.6688941792854012f,0.07478119305373564f,-0.739586607560987f,-0.7337302138500333f,0.09006221551308687f,0.9957504973145852f,0.01922873980869294f,3.57874735166499f,0.7378816803898737f,-0.05374681630772227f,-0.672786671599401f,2.69503854606682f,0f,0f,0f,1f], start_interpolation: 0, interpolation_duration: 1 }
$data merge entity $(bone_chest1) { transformation: [-1.0431376789676465f,0.019700390877666608f,-0.29169639769522204f,-0.05959915875219939f,-0.025466964515104325f,1.070639660332417f,0.1633807288292707f,3.454177726532758f,0.2912495966477695f,0.16417589175535005f,-1.0304518718164173f,2.3687392703766497f,0f,0f,0f,1f], start_interpolation: 0, interpolation_duration: 1 }
$data merge entity $(bone_chest1lid) { transformation: [-0.9628963190470584f,0.01818497619476918f,-0.26925821325712807f,-0.2954203948027483f,-0.023507967244711686f,0.9882827633837697f,0.15081298045778835f,2.711694196526255f,0.268845781521018f,0.15154697700493852f,-0.9511863432151545f,2.729173404036629f,0f,0f,0f,1f], start_interpolation: 0, interpolation_duration: 1 }
$data merge entity $(bone_chest2) { transformation: [-0.9628963190470584f,0.01818497619476918f,-0.26925821325712807f,-0.298261797333181f,-0.023507967244711686f,0.9882827633837697f,0.15081298045778835f,2.5572750147475407f,0.268845781521018f,0.15154697700493852f,-0.9511863432151545f,2.7054941888796074f,0f,0f,0f,1f], start_interpolation: 0, interpolation_duration: 1 }
$data merge entity $(bone_chest1lid3) { transformation: [-0.9628963190470584f,0.01818497619476918f,-0.26925821325712807f,-0.40773291773015485f,-0.023507967244711686f,0.9882827633837697f,0.15081298045778835f,2.8097780100848198f,0.268845781521018f,0.15154697700493852f,-0.9511863432151545f,2.103016791569357f,0f,0f,0f,1f], start_interpolation: 0, interpolation_duration: 1 }
$data merge entity $(bone_chest3) { transformation: [-0.9628963190470584f,0.01818497619476918f,-0.26925821325712807f,-0.41057432026058754f,-0.023507967244711686f,0.9882827633837697f,0.15081298045778835f,2.6553588283061056f,0.268845781521018f,0.15154697700493852f,-0.9511863432151545f,2.0793375764123354f,0f,0f,0f,1f], start_interpolation: 0, interpolation_duration: 1 }
$data merge entity $(bone_hugeasssword2) { transformation: [1.0545946685904175f,2.8286449668322704f,-2.495370817007546f,-1.2961720815449194f,-0.5906841734596708f,2.6829403577272286f,2.7916305310482135f,4.611874776613183f,3.7254798442593557f,-0.3753351386037951f,1.1490001051019694f,2.623812879321696f,0f,0f,0f,1f], start_interpolation: 0, interpolation_duration: 1 }
$data merge entity $(bone_belt) { transformation: [-0.9628963190470584f,0.01818497619476918f,-0.26925821325712807f,-0.000755841580292127f,-0.023507967244711686f,0.9882827633837697f,0.15081298045778835f,3.0415261880256144f,0.268845781521018f,0.15154697700493852f,-0.9511863432151545f,2.424275438994103f,0f,0f,0f,1f], start_interpolation: 0, interpolation_duration: 1 }
$data merge entity $(bone_torn_part) { transformation: [-0.9628963190470584f,0.08786362107825726f,-0.2551679111029477f,-0.12461380847535358f,-0.023507967244711686f,0.9146140054493648f,0.40364414589077224f,2.7600683548261684f,0.268845781521018f,0.39466594117922804f,-0.8786129640697701f,2.4152618814154145f,0f,0f,0f,1f], start_interpolation: 0, interpolation_duration: 1 }
$data merge entity $(bone_lowerbody) { transformation: [-0.9628963190470584f,0.007066554060406002f,-0.26977906252957573f,0.0039062499999996977f,-0.023507967244711686f,0.9936610159940944f,0.10993252825986298f,2.26171875f,0.268845781521018f,0.1121955841702131f,-0.9566264143598888f,2.46875f,0f,0f,0f,1f], start_interpolation: 0, interpolation_duration: 1 }
$data merge entity $(bone_leftfoot) { transformation: [-0.9885500857747962f,0.12826377760980254f,0.07948038291242797f,0.009645931270692215f,0.09636898114724751f,0.9419789376929365f,-0.3215411333181624f,0.2050952136465385f,-0.1161109270796014f,-0.3102000713993309f,-0.9435540092207576f,2.889197493012773f,0f,0f,0f,1f], start_interpolation: 0, interpolation_duration: 1 }
$data merge entity $(bone_leftlowerleg) { transformation: [-0.9885500857747962f,0.12826377760980254f,0.07948038291242797f,0.13972674644874758f,0.09636898114724751f,0.9419789376929365f,-0.3215411333181624f,1.2995064860415173f,-0.1161109270796014f,-0.3102000713993309f,-0.9435540092207576f,2.6900422342721195f,0f,0f,0f,1f], start_interpolation: 0, interpolation_duration: 1 }
$data merge entity $(bone_leftleg) { transformation: [-0.9885500857747962f,0.1345363121335824f,0.06832794912873028f,0.24999999999999972f,0.09636898114724751f,0.9113508373579821f,-0.400190792897021f,2.28125f,-0.1161109270796014f,-0.38902394780321714f,-0.913881075768787f,2.296875f,0f,0f,0f,1f], start_interpolation: 0, interpolation_duration: 1 }
$data merge entity $(bone_rightfoot) { transformation: [-0.9883387962271446f,0.000011382075136429082f,0.1522708893476591f,-0.3202373566642947f,0.0825851554624854f,0.8401883145536065f,0.5359694843783618f,0.4365550213932843f,-0.1279301214316464f,0.5422947500741808f,-0.8303916474004697f,1.2045692583966867f,0f,0f,0f,1f], start_interpolation: 0, interpolation_duration: 1 }
$data merge entity $(bone_rightlowerleg) { transformation: [-0.9883387962271446f,0.000011382075136429082f,0.1522708893476591f,-0.34362048563781716f,0.0825851554624854f,0.8401883145536065f,0.5359694843783618f,1.2862895664429503f,-0.1279301214316464f,0.5422947500741808f,-0.8303916474004697f,1.9337635404198559f,0f,0f,0f,1f], start_interpolation: 0, interpolation_duration: 1 }
$data merge entity $(bone_rightleg) { transformation: [-0.9713191579327832f,0.065150135105581f,0.22868002389468442f,-0.2500000000000003f,0.13213341076461466f,0.9474596141442333f,0.2913091851029936f,2.28125f,-0.197686254434795f,0.31317046390326325f,-0.9288941841491722f,2.296875f,0f,0f,0f,1f], start_interpolation: 0, interpolation_duration: 1 }
data modify entity @s data merge value {"locators":{"lefthand":{"posx":1.380856670796595,"posy":2.1004549061751705,"posz":2.7854228842386113,"roty":32.61280000817408,"rotx":-15.115145292025455},"righthand":{"posx":-0.5722784642116409,"posy":2.1350041565128297,"posz":3.2619275867134117,"roty":359.48001480826997,"rotx":-31.11061686547215},"chest":{"posx":-0.2845758699637157,"posy":2.6256273716418423,"posz":2.87672601477372,"roty":344.19444493809294,"rotx":8.67404289325961},"sack":{"posx":0,"posy":-0.4375,"posz":0,"roty":0,"rotx":0}},"cameras":{}}