# This file was generated by Animated Java via MC-Build. It is not recommended to edit this file directly.
$data merge entity $(bone_nose) { transformation: [-0.9886447409660795f,-0.059173021614418314f,0.13813084258460562f,-0.27702303563506614f,-0.04682406517155992f,0.9947494315707568f,0.09100041379282764f,4.441387401348282f,-0.14279034659571f,0.08349923294663208f,-0.9862245155218974f,1.4727673042751284f,0f,0f,0f,1f], start_interpolation: 0, interpolation_duration: 1 }
$data merge entity $(bone_glowing_eye) { transformation: [-0.9886447409660795f,-0.059173021614418314f,0.13813084258460562f,-0.40943028468368925f,-0.04682406517155992f,0.9947494315707568f,0.09100041379282764f,4.49971149574375f,-0.14279034659571f,0.08349923294663208f,-0.9862245155218974f,1.4949870083118784f,0f,0f,0f,1f], start_interpolation: 0, interpolation_duration: 1 }
$data merge entity $(bone_head) { transformation: [-0.9886447409660795f,-0.059173021614418314f,0.13813084258460562f,-0.24385084491363f,-0.04682406517155992f,0.9947494315707568f,0.09100041379282764f,4.335599132614675f,-0.14279034659571f,0.08349923294663208f,-0.9862245155218974f,1.2777816082719284f,0f,0f,0f,1f], start_interpolation: 0, interpolation_duration: 1 }
$data merge entity $(bone_leftthumb2) { transformation: [-0.1553830785161659f,0.06106502385034271f,0.9859650915590248f,0.09912932287775071f,-0.9678834066093667f,-0.2090887142831821f,-0.13958374106483112f,3.991483452548028f,0.1976304888449325f,-0.9759882030135218f,0.09159267141725969f,3.544202445823035f,0f,0f,0f,1f], start_interpolation: 0, interpolation_duration: 1 }
$data merge entity $(bone_leftthumb) { transformation: [-0.1553830785161659f,0.06106502385034271f,0.9859650915590248f,0.19836317380127375f,-0.9678834066093667f,-0.2090887142831821f,-0.13958374106483112f,3.928277535983387f,0.1976304888449325f,-0.9759882030135218f,0.09159267141725969f,3.312675939663132f,0f,0f,0f,1f], start_interpolation: 0, interpolation_duration: 1 }
$data merge entity $(bone_leftpointerfinger) { transformation: [-0.1553830785161659f,0.06106502385034271f,0.9859650915590248f,0.241538350729915f,-0.9678834066093667f,-0.2090887142831821f,-0.13958374106483112f,4.096204030093041f,0.1976304888449325f,-0.9759882030135218f,0.09159267141725969f,3.6155996405322135f,0f,0f,0f,1f], start_interpolation: 0, interpolation_duration: 1 }
$data merge entity $(bone_leftmidfinger) { transformation: [-0.1553830785161659f,0.06106502385034271f,0.9859650915590248f,0.3955953962860126f,-0.9678834066093667f,-0.2090887142831821f,-0.13958374106483112f,4.074394070551661f,0.1976304888449325f,-0.9759882030135218f,0.09159267141725969f,3.6299109954411604f,0f,0f,0f,1f], start_interpolation: 0, interpolation_duration: 1 }
$data merge entity $(bone_leftringfinger) { transformation: [-0.1553830785161659f,0.06106502385034271f,0.9859650915590248f,0.5496524418421103f,-0.9678834066093667f,-0.2090887142831821f,-0.13958374106483112f,4.052584111010281f,0.1976304888449325f,-0.9759882030135218f,0.09159267141725969f,3.644222350350107f,0f,0f,0f,1f], start_interpolation: 0, interpolation_duration: 1 }
$data merge entity $(bone_invisibility) { transformation: [0.14676517287664687f,-0.9768910292050625f,0.1553830785161661f,0.18827160138054558f,-0.22045859322772815f,0.12082930059509223f,0.9678834066093664f,3.8962188051373383f,-0.964291445934547f,-0.17630711039652924f,-0.19763048884493248f,3.5430443765042448f,0f,0f,0f,1f], start_interpolation: 0, interpolation_duration: 1 }
$data merge entity $(bone_swiftness) { transformation: [0.9859650915590248f,0.06106502385034271f,0.15538307851616612f,0.3567779850450066f,-0.13958374106483135f,-0.2090887142831821f,0.9678834066093667f,3.8479506015218172f,0.09159267141725973f,-0.9759882030135218f,-0.19763048884493248f,3.7026764883382595f,0f,0f,0f,1f], start_interpolation: 0, interpolation_duration: 1 }
$data merge entity $(bone_suspicious_stew) { transformation: [0.4720305597628291f,-0.8677806459934616f,0.15538307851616592f,0.37027763305487793f,-0.248489367952412f,0.03814112249080781f,0.9678834066093669f,3.8798478871697064f,-0.8458369728645123f,-0.4954815891779551f,-0.19763048884493267f,3.60596744941124f,0f,0f,0f,1f], start_interpolation: 0, interpolation_duration: 1 }
$data merge entity $(bone_log) { transformation: [-0.1553830785161659f,0.06106502385034271f,0.9859650915590248f,0.40956071109210945f,-0.9678834066093667f,-0.2090887142831821f,-0.13958374106483112f,3.7564297406522664f,0.1976304888449325f,-0.9759882030135218f,0.09159267141725969f,3.506790188836446f,0f,0f,0f,1f], start_interpolation: 0, interpolation_duration: 1 }
$data merge entity $(bone_planks) { transformation: [-0.1553830785161659f,0.06106502385034271f,0.9859650915590248f,0.39499354748121895f,-0.9678834066093667f,-0.2090887142831821f,-0.13958374106483112f,3.6656906712826385f,0.1976304888449325f,-0.9759882030135218f,0.09159267141725969f,3.5253180471656584f,0f,0f,0f,1f], start_interpolation: 0, interpolation_duration: 1 }
$data merge entity $(bone_lefthand) { transformation: [-0.1553830785161659f,0.06106502385034271f,0.9859650915590248f,0.4328613275725171f,-0.9678834066093667f,-0.2090887142831821f,-0.13958374106483112f,3.950490405642089f,0.1976304888449325f,-0.9759882030135218f,0.09159267141725969f,3.210523244890043f,0f,0f,0f,1f], start_interpolation: 0, interpolation_duration: 1 }
$data merge entity $(bone_leftforearm) { transformation: [-0.978713040851395f,0.06106502385034271f,0.1959383743159382f,0.4115665703153906f,-0.20449229604132796f,-0.2090887142831821f,-0.9562765344915414f,3.805635955760574f,-0.017426546621792542f,-0.9759882030135218f,0.2171251782987767f,2.51979979957138f,0f,0f,0f,1f], start_interpolation: 0, interpolation_duration: 1 }
$data merge entity $(bone_leftelbow) { transformation: [-0.9966257014032488f,0.051344943921312614f,0.06403833255324212f,0.42119374730063674f,-0.06610585840774638f,-0.03963325196973366f,-0.997025185651034f,3.7982047210162486f,-0.04865415487558428f,-0.9978942339105991f,0.04289371913604349f,2.3326946307131426f,0f,0f,0f,1f], start_interpolation: 0, interpolation_duration: 1 }
$data merge entity $(bone_leftarm) { transformation: [-0.9966257014032488f,0.051344943921312614f,0.06403833255324212f,0.22685314918704358f,-0.06610585840774638f,-0.03963325196973366f,-0.997025185651034f,3.795084475556282f,-0.04865415487558428f,-0.9978942339105991f,0.04289371913604349f,1.8217639886558077f,0f,0f,0f,1f], start_interpolation: 0, interpolation_duration: 1 }
$data merge entity $(bone_rightthumb2) { transformation: [0.11665189029944162f,0.9835999720972376f,-0.1375624635570338f,-1.0656838652578104f,0.26558018822427504f,0.10257143885888559f,0.9586168491911542f,4.6710213493086385f,0.9570054859363796f,-0.14835833249511488f,-0.2492595134933532f,-0.17750180737390475f,0f,0f,0f,1f], start_interpolation: 0, interpolation_duration: 1 }
$data merge entity $(bone_rightthumb) { transformation: [0.11665189029944162f,0.9835999720972376f,-0.1375624635570338f,-0.8362190933301789f,0.26558018822427504f,0.10257143885888559f,0.9586168491911542f,4.778097224792742f,0.9570054859363796f,-0.14835833249511488f,-0.2492595134933532f,-0.2351866706051962f,0f,0f,0f,1f], start_interpolation: 0, interpolation_duration: 1 }
$data merge entity $(bone_rightpointerfinger) { transformation: [0.12448871881078433f,0.9632579075739861f,-0.23798479444081216f,-0.8552539430819069f,0.9334410657770771f,-0.19502275933011218f,-0.30108786103764423f,5.093327558091741f,-0.33643771430950487f,-0.18466273809151457f,-0.9234226213120086f,-0.3838261113271342f,0f,0f,0f,1f], start_interpolation: 0, interpolation_duration: 1 }
$data merge entity $(bone_rightmidfinger) { transformation: [0.026860260499587174f,0.9708974013874271f,-0.23798479444081216f,-0.8924390672132838f,0.9483345690184898f,-0.10003821839822855f,-0.30108786103764423f,5.046282579804609f,-0.3161329967124749f,-0.2176019090882469f,-0.9234226213120086f,-0.5281108959071356f,0f,0f,0f,1f], start_interpolation: 0, interpolation_duration: 1 }
$data merge entity $(bone_rightringfinger) { transformation: [0.07302699536129187f,0.968519641289461f,-0.23798479444081216f,-0.9296241913446607f,0.9425004175237819f,-0.14504848466382989f,-0.30108786103764423f,4.9992376015174775f,-0.326128840975463f,-0.20231322629343956f,-0.9234226213120086f,-0.6723956804871369f,0f,0f,0f,1f], start_interpolation: 0, interpolation_duration: 1 }
$data merge entity $(bone_hugeasssword) { transformation: [3.57971245249226f,1.2872889605015607f,-0.9321071115598477f,-1.0647326101426253f,0.9881769842385852f,-3.6018228741811855f,-1.1792607890641067f,4.7971730905465755f,-1.244766155979012f,0.8426368689855522f,-3.6167386001387007f,-0.38556285382497824f,0f,0f,0f,1f], start_interpolation: 0, interpolation_duration: 1 }
$data merge entity $(bone_ice) { transformation: [1.3709537052098015f,0.4930042827452786f,-0.3569771916612182f,-1.084148839183824f,0.3784507599211603f,-1.379421526282156f,-0.4516317915564664f,4.807599869362836f,-0.47671895335366415f,0.3227119923774455f,-1.385133931968013f,-0.3839586146481426f,0f,0f,0f,1f], start_interpolation: 0, interpolation_duration: 1 }
$data merge entity $(bone_righthand) { transformation: [0.9139691368065344f,0.3286695218301857f,-0.23798479444081216f,-0.7809261993509194f,0.25230050661410686f,-0.9196143508547707f,-0.30108786103764423f,4.6313624126452435f,-0.31781263556910944f,0.21514132825163035f,-0.9234226213120086f,-0.4384833983935127f,0f,0f,0f,1f], start_interpolation: 0, interpolation_duration: 1 }
$data merge entity $(bone_rightforearm) { transformation: [0.9591180708140988f,0.2782577860964045f,0.051624904015106554f,-0.6460277120530022f,0.27171189167807175f,-0.8543715266896539f,-0.4429694597855635f,4.02057183752085f,-0.07915285312965767f,0.4388871140267366f,-0.8950491198714836f,-0.11095870052486803f,0f,0f,0f,1f], start_interpolation: 0, interpolation_duration: 1 }
$data merge entity $(bone_rightelbow) { transformation: [0.8496925710929514f,0.40752324709560467f,0.33458532201234487f,-0.5696171032225764f,0.4616360876811584f,-0.26833670188979825f,-0.8455102228650695f,3.9702587059165135f,-0.25478354966497274f,0.8728804142009147f,-0.4161311395756825f,0.05270637713780346f,0f,0f,0f,1f], start_interpolation: 0, interpolation_duration: 1 }
$data merge entity $(bone_rightarm) { transformation: [0.8496925710929514f,0.2880500818209195f,0.4416442969091884f,-0.6252636965171119f,0.4616360876811584f,-0.0016674335444975819f,-0.8870678340554394f,3.896162964778244f,-0.25478354966497274f,0.9576138940242755f,-0.13439111872359769f,0.5914469480992665f,0f,0f,0f,1f], start_interpolation: 0, interpolation_duration: 1 }
$data merge entity $(bone_chest) { transformation: [-0.6154177218974456f,-0.14776221785957352f,0.8792260606117684f,-0.08932907684564129f,0.07300113110475043f,1.0564122587899851f,0.22863745416440345f,3.7126932836372335f,-0.8885623070686132f,0.18913111209574324f,-0.5901673999853281f,1.1167518373185266f,0f,0f,0f,1f], start_interpolation: 0, interpolation_duration: 1 }
$data merge entity $(bone_chest1lid) { transformation: [-0.5680778971361037f,-0.13636079491683728f,0.8115991845702352f,-0.5076586276314573f,0.06738565948130809f,0.9751589035515056f,0.21100778592387268f,2.9866471153790806f,-0.8202113603710276f,0.17455900559373597f,-0.5447774572102213f,0.9305703105562335f,0f,0f,0f,1f], start_interpolation: 0, interpolation_duration: 1 }
$data merge entity $(bone_chest1) { transformation: [-0.5680778971361037f,-0.13639589340883712f,0.8115932867185556f,-0.4863467692863265f,0.06738565948130809f,0.9751497773446017f,0.2110499576902186f,2.8342799626689867f,-0.8202113603710276f,0.1745825650114553f,-0.5447699076787644f,0.9032917847731936f,0f,0f,0f,1f], start_interpolation: 0, interpolation_duration: 1 }
$data merge entity $(bone_chest1lid3) { transformation: [-0.5680778971361037f,-0.13639589340883712f,0.8115932867185556f,0.047773190243623864f,0.06738565948130809f,0.9751497773446017f,0.2110499576902186f,3.1176393908067954f,-0.8202113603710276f,0.1745825650114553f,-0.5447699076787644f,0.6328402984727143f,0f,0f,0f,1f], start_interpolation: 0, interpolation_duration: 1 }
$data merge entity $(bone_chest3) { transformation: [-0.5680778971361037f,-0.13639589340883712f,0.8115932867185556f,0.06908504858875467f,0.06738565948130809f,0.9751497773446017f,0.2110499576902186f,2.9652722380967016f,-0.8202113603710276f,0.1745825650114553f,-0.5447699076787644f,0.6055617726896744f,0f,0f,0f,1f], start_interpolation: 0, interpolation_duration: 1 }
$data merge entity $(bone_hugeasssword2) { transformation: [-3.17874037298101f,1.2795093141912088f,-1.8970354065900483f,-0.732474838831791f,-0.8266123342866893f,2.385718907136541f,2.994216946501058f,4.983096405067936f,2.1336821384084934f,2.8304556150568683f,-1.6661930624052501f,0.16445092005146855f,0f,0f,0f,1f], start_interpolation: 0, interpolation_duration: 1 }
$data merge entity $(bone_belt) { transformation: [-0.5680778971361037f,-0.13639589340883712f,0.8115932867185556f,-0.12304326589087694f,0.06738565948130809f,0.9751497773446017f,0.2110499576902186f,3.2944766272999026f,-0.8202113603710276f,0.1745825650114553f,-0.5447699076787644f,1.1447924516459165f,0f,0f,0f,1f], start_interpolation: 0, interpolation_duration: 1 }
$data merge entity $(bone_torn_part) { transformation: [-0.5680778971361037f,-0.34054196327702585f,0.7492120354297914f,-0.15566747195125752f,0.06738565948130809f,0.8880662503349406f,0.4547499399805434f,3.0281253687643f,-0.8202113603710276f,0.3088195367256862f,-0.481543163231336f,0.9949886379313629f,0f,0f,0f,1f], start_interpolation: 0, interpolation_duration: 1 }
$data merge entity $(bone_lowerbody) { transformation: [-0.5680778971361037f,-0.09948823870624057f,0.8169391612259461f,-0.16649494280067706f,0.06738565948130809f,0.9837097806082207f,0.16665605429145286f,2.517781689008235f,-0.8202113603710276f,0.14972360500220597f,-0.5521197029842821f,1.0796220078197774f,0f,0f,0f,1f], start_interpolation: 0, interpolation_duration: 1 }
$data merge entity $(bone_leftfoot) { transformation: [-0.9218239906434669f,-0.08554282538483937f,0.37805152466209196f,0.24707369905916085f,-0.07621138975257259f,0.9963047536429025f,0.03960633712598405f,0.45921444861638716f,-0.3800425691236904f,0.0076982396516681595f,-0.9249369615060967f,1.2987768405376914f,0f,0f,0f,1f], start_interpolation: 0, interpolation_duration: 1 }
$data merge entity $(bone_leftlowerleg) { transformation: [-0.9218239906434669f,-0.08554282538483937f,0.37805152466209196f,0.09408866435894464f,-0.07621138975257259f,0.9963047536429025f,0.03960633712598405f,1.5584046942672996f,-0.3800425691236904f,0.0076982396516681595f,-0.9249369615060967f,1.4494295926874659f,0f,0f,0f,1f], start_interpolation: 0, interpolation_duration: 1 }
$data merge entity $(bone_leftleg) { transformation: [-0.9218239906434669f,0.07233169302967252f,0.38080002160926235f,0.13221734193261764f,-0.07621138975257259f,0.9294340521334604f,-0.36103208556409183f,2.5529487211725828f,-0.3800425691236904f,-0.36182933672967627f,-0.8512621081286467f,1.0752780535391921f,0f,0f,0f,1f], start_interpolation: 0, interpolation_duration: 1 }
$data merge entity $(bone_rightfoot) { transformation: [-0.6296489818470532f,-0.08588312696178174f,0.7721180273521892f,-0.3605965923656886f,0.17440261916304686f,0.952877130407047f,0.24821140339698497f,0.5118337244752877f,-0.757050781710209f,0.2909454637049666f,-0.5849998727020915f,0.35025758772592885f,0f,0f,0f,1f], start_interpolation: 0, interpolation_duration: 1 }
$data merge entity $(bone_rightlowerleg) { transformation: [-0.6296489818470532f,-0.08588312696178174f,0.7721180273521892f,-0.5745057432252094f,0.17440261916304686f,0.952877130407047f,0.24821140339698497f,1.5307951948135488f,-0.757050781710209f,0.2909454637049666f,-0.5849998727020915f,0.7629078825898594f,0f,0f,0f,1f], start_interpolation: 0, interpolation_duration: 1 }
$data merge entity $(bone_rightleg) { transformation: [-0.6296489818470532f,0.27296832902930307f,0.7273447951322121f,-0.2837417851855881f,0.17440261916304686f,0.9620077941412477f,-0.21005887374867105f,2.5529487211725828f,-0.757050781710209f,-0.005412518678121869f,-0.6533336196412369f,0.7978289508787936f,0f,0f,0f,1f], start_interpolation: 0, interpolation_duration: 1 }
data modify entity @s data merge value {"locators":{"lefthand":{"posx":0.40395146515908226,"posy":3.865684861779407,"posz":3.5630802733767704,"roty":95.30734331906815,"rotx":-8.023759860536678},"righthand":{"posx":-0.9998811814736704,"posy":4.850326513918727,"posz":-0.40268665402867826,"roty":345.54819584490053,"rotx":-17.522954291217978},"chest":{"posx":-0.6436977696286825,"posy":2.8948295002647373,"posz":0.9791475933062299,"roty":56.12910114499056,"rotx":12.183889536741749},"sack":{"posx":0,"posy":-0.4375,"posz":0,"roty":0,"rotx":0}},"cameras":{}}