# This file was generated by Animated Java via MC-Build. It is not recommended to edit this file directly.
$data merge entity $(bone_nose) { transformation: [-0.999852877741439f,-0.004287897803283772f,-0.016608335394957652f,-0.029201813505068966f,-0.004902435822156055f,0.9992980625097074f,0.03713957979507214f,4.192859226241456f,0.016437426659074383f,0.037215537034597304f,-0.999172064665568f,0.2772423788862378f,0f,0f,0f,1f], start_interpolation: 0, interpolation_duration: 1 }
$data merge entity $(bone_glowing_eye) { transformation: [-0.999852877741439f,-0.004287897803283772f,-0.016608335394957652f,-0.15389419049938413f,-0.004902435822156055f,0.9992980625097074f,0.03713957979507214f,4.258611011043166f,0.016437426659074383f,0.037215537034597304f,-0.999172064665568f,0.31668358513114814f,0f,0f,0f,1f], start_interpolation: 0, interpolation_duration: 1 }
$data merge entity $(bone_head) { transformation: [-0.999852877741439f,-0.004287897803283772f,-0.016608335394957652f,-0.031782351128382916f,-0.004902435822156055f,0.9992980625097074f,0.03713957979507214f,4.076423596303729f,0.016437426659074383f,0.037215537034597304f,-0.999172064665568f,0.08554715570280805f,0f,0f,0f,1f], start_interpolation: 0, interpolation_duration: 1 }
$data merge entity $(bone_leftthumb2) { transformation: [-0.47322597059164884f,0.022190905357772798f,0.880661537979827f,0.5865227552527262f,-0.8262843517311304f,0.33546212102833084f,-0.4524592085917125f,2.957151565548871f,-0.3054690669148962f,-0.9417922961431441f,-0.1404133899724909f,2.0459778750524418f,0f,0f,0f,1f], start_interpolation: 0, interpolation_duration: 1 }
$data merge entity $(bone_leftthumb) { transformation: [-0.47322597059164884f,0.022190905357772798f,0.880661537979827f,0.6672240417418409f,-0.8262843517311304f,0.33546212102833084f,-0.4524592085917125f,3.000755101946935f,-0.3054690669148962f,-0.9417922961431441f,-0.1404133899724909f,1.8030110005919826f,0f,0f,0f,1f], start_interpolation: 0, interpolation_duration: 1 }
$data merge entity $(bone_leftpointerfinger) { transformation: [-0.47322597059164884f,0.022190905357772798f,0.880661537979827f,0.7529827510475876f,-0.8262843517311304f,0.33546212102833084f,-0.4524592085917125f,2.9598474190523705f,-0.3054690669148962f,-0.9417922961431441f,-0.1404133899724909f,2.1388653993028077f,0f,0f,0f,1f], start_interpolation: 0, interpolation_duration: 1 }
$data merge entity $(bone_leftmidfinger) { transformation: [-0.47322597059164884f,0.022190905357772798f,0.880661537979827f,0.8905861163569356f,-0.8262843517311304f,0.33546212102833084f,-0.4524592085917125f,2.8891506677099152f,-0.3054690669148962f,-0.9417922961431441f,-0.1404133899724909f,2.1169258071196064f,0f,0f,0f,1f], start_interpolation: 0, interpolation_duration: 1 }
$data merge entity $(bone_leftringfinger) { transformation: [-0.47322597059164884f,0.022190905357772798f,0.880661537979827f,1.0281894816662835f,-0.8262843517311304f,0.33546212102833084f,-0.4524592085917125f,2.8184539163674605f,-0.3054690669148962f,-0.9417922961431441f,-0.1404133899724909f,2.0949862149364047f,0f,0f,0f,1f], start_interpolation: 0, interpolation_duration: 1 }
$data merge entity $(bone_invisibility) { transformation: [0.09886117271519558f,-0.8753762901101262f,0.47322597059164895f,0.6391593387732902f,0.29475116799120615f,0.4799749150237801f,0.82628435173113f,2.855749622858748f,-0.9504463254162202f,0.05779646754730583f,0.30546906691489606f,1.982969335302249f,0f,0f,0f,1f], start_interpolation: 0, interpolation_duration: 1 }
$data merge entity $(bone_swiftness) { transformation: [0.8806615379798269f,0.022190905357772798f,0.47322597059164906f,0.7766312667079663f,-0.4524592085917127f,0.33546212102833084f,0.8262843517311302f,2.6824508179605173f,-0.14041338997249095f,-0.9417922961431441f,0.30546906691489617f,2.0682666107294243f,0f,0f,0f,1f], start_interpolation: 0, interpolation_duration: 1 }
$data merge entity $(bone_suspicious_stew) { transformation: [0.3922954386900684f,-0.7887721277660354f,0.47322597059164895f,0.8032431784558622f,0.11281440830020525f,0.5518397225319503f,0.8262843517311306f,2.755188734324599f,-0.9128949545609514f,-0.2707608743805151f,0.30546906691489617f,2.0007883385641168f,0f,0f,0f,1f], start_interpolation: 0, interpolation_duration: 1 }
$data merge entity $(bone_log) { transformation: [-0.47322597059164884f,0.022190905357772798f,0.880661537979827f,0.8029331164754212f,-0.8262843517311304f,0.33546212102833084f,-0.4524592085917125f,2.6984483160756105f,-0.3054690669148962f,-0.9417922961431441f,-0.1404133899724909f,1.847844698867992f,0f,0f,0f,1f], start_interpolation: 0, interpolation_duration: 1 }
$data merge entity $(bone_planks) { transformation: [-0.47322597059164884f,0.022190905357772798f,0.880661537979827f,0.7585681817324541f,-0.8262843517311304f,0.33546212102833084f,-0.4524592085917125f,2.620984158100817f,-0.3054690669148962f,-0.9417922961431441f,-0.1404133899724909f,1.8192069738447203f,0f,0f,0f,1f], start_interpolation: 0, interpolation_duration: 1 }
$data merge entity $(bone_lefthand1) { transformation: [-0.47322597059164884f,0.022190905357772798f,0.880661537979827f,0.899266662400907f,-0.8262843517311304f,0.33546212102833084f,-0.4524592085917125f,3.0030242845339665f,-0.3054690669148962f,-0.9417922961431441f,-0.1404133899724909f,1.6931518099975702f,0f,0f,0f,1f], start_interpolation: 0, interpolation_duration: 1 }
$data merge entity $(bone_leftforearm) { transformation: [-0.9761409631512045f,0.022190905357772798f,0.21600088837234288f,0.8504858186528229f,-0.19625802065726972f,0.33546212102833084f,-0.9213837173962127f,3.2410265826752482f,-0.09290645502832212f,-0.9417922961431441f,-0.32310317475923156f,1.0301959354382648f,0f,0f,0f,1f], start_interpolation: 0, interpolation_duration: 1 }
$data merge entity $(bone_leftelbow) { transformation: [-0.99363817776358f,0.005913439275306853f,0.11246422954259477f,0.8515945885169429f,-0.09579363273413896f,0.4807174373971513f,-0.8716274005043168f,3.331161102187214f,-0.05921783192813701f,-0.8768556190264466f,-0.47709272868434893f,0.865785506870806f,0f,0f,0f,1f], start_interpolation: 0, interpolation_duration: 1 }
$data merge entity $(bone_leftarm) { transformation: [-0.99363817776358f,0.005913439275306853f,0.11246422954259477f,0.6336784495956072f,-0.09579363273413896f,0.4807174373971513f,-0.8716274005043168f,3.5778033199909567f,-0.05921783192813701f,-0.8768556190264466f,-0.47709272868434893f,0.42931294439468864f,0f,0f,0f,1f], start_interpolation: 0, interpolation_duration: 1 }
$data merge entity $(bone_rightthumb2) { transformation: [0.13041048122261667f,-0.7148025214842263f,-0.687059285409257f,-1.440039803736097f,0.37174116685696623f,0.677675445260735f,-0.6344797047616934f,2.636628241967683f,0.9191308999544665f,-0.17266541683399433f,0.3540975043380516f,-0.33057275267134295f,0f,0f,0f,1f], start_interpolation: 0, interpolation_duration: 1 }
$data merge entity $(bone_rightthumb) { transformation: [0.13041048122261667f,-0.7148025214842263f,-0.687059285409257f,-1.6740541299940541f,0.37174116685696623f,0.677675445260735f,-0.6344797047616934f,2.7486020129823667f,0.9191308999544665f,-0.17266541683399433f,0.3540975043380516f,-0.3426573636822848f,0f,0f,0f,1f], start_interpolation: 0, interpolation_duration: 1 }
$data merge entity $(bone_rightpointerfinger) { transformation: [-0.947591937687699f,-0.31814777207714556f,-0.029180725687006862f,-1.9666017059945553f,-0.2717188546909441f,0.8505952897115588f,-0.4501738743262991f,2.5648398805989636f,0.16804280298398222f,-0.4186521805065123f,-0.8924639870170836f,-0.2929224026072463f,0f,0f,0f,1f], start_interpolation: 0, interpolation_duration: 1 }
$data merge entity $(bone_rightmidfinger) { transformation: [-0.913059299625034f,-0.4067815145955158f,-0.029180725687006862f,-1.9711611943831502f,-0.3513427133717063f,0.8209152091627103f,-0.4501738743262991f,2.4945002127354794f,0.20707731196065235f,-0.40078300706083025f,-0.8924639870170836f,-0.4323699005786656f,0f,0f,0f,1f], start_interpolation: 0, interpolation_duration: 1 }
$data merge entity $(bone_rightringfinger) { transformation: [-0.9240008340998404f,-0.3812754172919871f,-0.029180725687006862f,-1.9757206827717448f,-0.3284161854250285f,0.8303531128531539f,-0.4501738743262991f,2.424160544871995f,0.1958705381972305f,-0.4063776127493961f,-0.8924639870170836f,-0.571817398550085f,0f,0f,0f,1f], start_interpolation: 0, interpolation_duration: 1 }
$data merge entity $(bone_hugeasssword) { transformation: [-3.045066888660462f,2.4606468557149235f,-0.11429117560744355f,-1.6365780664291767f,2.2379455648601505f,2.6875770054663546f,-1.7631810077780048f,2.4891409340501793f,-1.0292934810267917f,-1.4361144344816474f,-3.4954839491502443f,-0.42309868191505806f,0f,0f,0f,1f], start_interpolation: 0, interpolation_duration: 1 }
$data merge entity $(bone_ice) { transformation: [-1.2390830690559858f,1.001273853522296f,-0.046506781563667186f,-1.6342466035317877f,0.9106533814457526f,1.0936151112668944f,-0.7174646122075391f,2.4694912429451534f,-0.4188348473327104f,-0.5843763523289682f,-1.422364479308477f,-0.4132632779968063f,0f,0f,0f,1f], start_interpolation: 0, interpolation_duration: 1 }
$data merge entity $(bone_righthand1) { transformation: [-0.7774638864665009f,0.6282502610335975f,-0.029180725687006862f,-1.6724619075677325f,0.5713903569855703f,0.6861898737360905f,-0.4501738743262991f,2.7698183670528715f,-0.2627983355813085f,-0.36666751518680357f,-0.8924639870170836f,-0.5985192402831182f,0f,0f,0f,1f], start_interpolation: 0, interpolation_duration: 1 }
$data merge entity $(bone_rightforearm) { transformation: [-0.7499633010083306f,0.6614760146424703f,0.002128190170593902f,-1.1605221314306404f,0.6393837134584595f,0.7257327624551106f,-0.2539693376440242f,3.244106004463655f,-0.1695391226376919f,-0.18910695268019162f,-0.9672099287865347f,-0.7057762160842326f,0f,0f,0f,1f], start_interpolation: 0, interpolation_duration: 1 }
$data merge entity $(bone_rightelbow) { transformation: [-0.7499633010083306f,0.585753702015455f,0.3073233601857778f,-1.0506933123027427f,0.6393837134584595f,0.7610028117513884f,0.10983254285753066f,3.3867940316670406f,-0.1695391226376919f,0.278867927667687f,-0.9452455579443743f,-0.6534884796465412f,0f,0f,0f,1f], start_interpolation: 0, interpolation_duration: 1 }
$data merge entity $(bone_rightarm) { transformation: [-0.7499633010083306f,0.46622931784466126f,0.46923903324722416f,-0.6681879010738154f,0.6393837134584595f,0.6927539985228001f,0.33358711679970915f,3.5828812462094115f,-0.1695391226376919f,0.5502018908662293f,-0.8176395080856035f,-0.3157496165087564f,0f,0f,0f,1f], start_interpolation: 0, interpolation_duration: 1 }
$data merge entity $(bone_chest1) { transformation: [-0.9402368088168052f,-0.0622956354278013f,0.5344951901221824f,0.044252929499007554f,0.003667391157773039f,1.075282637520388f,0.13177598719191747f,3.434629552188312f,-0.5381007384302658f,0.11617923379397446f,-0.9330386337376168f,-0.05636232836489332f,0f,0f,0f,1f], start_interpolation: 0, interpolation_duration: 1 }
$data merge entity $(bone_chest1lid) { transformation: [-0.8679109004462817f,0.10852303740914132f,0.4847199389730305f,-0.40584355607181166f,0.0033852841456366513f,0.977111228368789f,-0.21270210917357896f,2.709815154397043f,-0.49670837393563f,-0.18296556437518494f,-0.8484128673677057f,0.037783594764167594f,0f,0f,0f,1f], start_interpolation: 0, interpolation_duration: 1 }
$data merge entity $(bone_chest2) { transformation: [-0.8679109004462817f,-0.05750366347181659f,0.49338017549739915f,-0.3968586086543403f,0.0033852841456366513f,0.9925685884803582f,0.12163937279253921f,2.554726312446987f,-0.49670837393563f,0.10724236965597643f,-0.8612664311424155f,0.021026974505421278f,0f,0f,0f,1f], start_interpolation: 0, interpolation_duration: 1 }
$data merge entity $(bone_chest1lid3) { transformation: [-0.8679109004462817f,-0.05750366347181659f,0.49338017549739915f,-0.03552744986589777f,0.0033852841456366513f,0.9925685884803582f,0.12163937279253921f,2.787528797333161f,-0.49670837393563f,0.10724236965597643f,-0.8612664311424155f,-0.4829209393154655f,0f,0f,0f,1f], start_interpolation: 0, interpolation_duration: 1 }
$data merge entity $(bone_chest3) { transformation: [-0.8679109004462817f,-0.05750366347181659f,0.49338017549739915f,-0.026542502448426427f,0.0033852841456366513f,0.9925685884803582f,0.12163937279253921f,2.632439955383105f,-0.49670837393563f,0.10724236965597643f,-0.8612664311424155f,-0.4996775595742118f,0f,0f,0f,1f], start_interpolation: 0, interpolation_duration: 1 }
$data merge entity $(bone_hugeasssword2) { transformation: [-1.9324056873648143f,2.354081657526542f,-2.4625973253690874f,-0.961068341137775f,-0.4764208767707784f,2.616622091482868f,2.8751677788119703f,4.622704346495015f,3.3732935219744604f,1.7180995773931982f,-1.00464045038224f,-0.7720752771562565f,0f,0f,0f,1f], start_interpolation: 0, interpolation_duration: 1 }
$data merge entity $(bone_belt) { transformation: [-0.8679109004462817f,-0.05750366347181659f,0.49338017549739915f,0.030371766599356812f,0.0033852841456366513f,0.9925685884803582f,0.12163937279253921f,3.0232283819223764f,-0.49670837393563f,0.10724236965597643f,-0.8612664311424155f,0.029570695864352445f,0f,0f,0f,1f], start_interpolation: 0, interpolation_duration: 1 }
$data merge entity $(bone_torn_part) { transformation: [-0.8679109004462817f,-0.18291809755957122f,0.4618134238756075f,-0.0610556620194021f,0.0033852841456366513f,0.9275261953864631f,0.3737428216342966f,2.744104222552717f,-0.49670837393563f,0.32593883852204475f,-0.8043908656897608f,-0.06112573700718435f,0f,0f,0f,1f], start_interpolation: 0, interpolation_duration: 1 }
$data merge entity $(bone_lowerbody) { transformation: [-0.8679109004462817f,-0.03558211539286065f,0.4954438232036943f,-0.028596446004044165f,0.0033852841456366513f,0.9969840887916058f,0.07753235806825688f,2.2460620034392447f,-0.49670837393563f,0.06896839682448944f,-0.8651729026626308f,0.07536990455994175f,0f,0f,0f,1f], start_interpolation: 0, interpolation_duration: 1 }
$data merge entity $(bone_leftfoot) { transformation: [-0.9980415953375137f,-0.06214288776925733f,0.007157896048980372f,0.42632665987743246f,-0.057510286257717196f,0.9565603782325515f,0.2858055453803394f,0.20169537176711594f,-0.024607741682363793f,0.2848341698169223f,-0.9582609011923624f,-0.2500488483805616f,0f,0f,0f,1f], start_interpolation: 0, interpolation_duration: 1 }
$data merge entity $(bone_leftlowerleg) { transformation: [-0.9980415953375137f,-0.06214288776925733f,0.007157896048980372f,0.356287114346282f,-0.057510286257717196f,0.9565603782325515f,0.2858055453803394f,1.2189667697204245f,-0.024607741682363793f,0.2848341698169223f,-0.9582609011923624f,0.21317165383685038f,0f,0f,0f,1f], start_interpolation: 0, interpolation_duration: 1 }
$data merge entity $(bone_leftleg) { transformation: [-0.9980415953375137f,-0.05181626608201245f,0.0350435235880841f,0.269130932719006f,-0.057510286257717196f,0.9804497323155846f,-0.18817781318968926f,2.2637979169490388f,-0.024607741682363793f,-0.1898246479559919f,-0.981509583283667f,0.036274323335210454f,0f,0f,0f,1f], start_interpolation: 0, interpolation_duration: 1 }
$data merge entity $(bone_rightfoot) { transformation: [-0.7914806075082297f,0.004611968476768563f,0.6111768792135159f,-0.24022038834026477f,-0.004845933165922194f,0.9998927458527072f,-0.013820771428723566f,0.11225476072237917f,-0.6111750689206448f,-0.013900594875864147f,-0.7913733686395709f,-0.14335095451177893f,0f,0f,0f,1f], start_interpolation: 0, interpolation_duration: 1 }
$data merge entity $(bone_rightlowerleg) { transformation: [-0.7914806075082297f,0.004611968476768563f,0.6111768792135159f,-0.3290086394036598f,-0.004845933165922194f,0.9998927458527072f,-0.013820771428723566f,1.2236342767168744f,-0.6111750689206448f,-0.013900594875864147f,-0.7913733686395709f,-0.03718087111920845f,0f,0f,0f,1f], start_interpolation: 0, interpolation_duration: 1 }
$data merge entity $(bone_rightleg) { transformation: [-0.7914806075082297f,0.13678553419370007f,0.595691334143571f,-0.17445315960057142f,-0.004845933165922194f,0.9731999328918246f,-0.22990956385304964f,2.2637979169490388f,-0.6111750689206448f,-0.18485564166314267f,-0.769606020555422f,-0.19444878569597568f,0f,0f,0f,1f], start_interpolation: 0, interpolation_duration: 1 }
data modify entity @s data merge value {"locators":{"lefthand":{"posx":0.8318040502063775,"posy":2.7567741709793108,"posz":1.9522539062457667,"roty":80.94096523262668,"rotx":-26.90157402894344},"righthand":{"posx":-1.7164943043778127,"posy":2.5193713389217725,"posz":-0.41822669223561826,"roty":358.12727793997647,"rotx":-26.75484009297141},"chest":{"posx":-0.506462445165238,"posy":2.6288792557477376,"posz":0.15013168984118302,"roty":29.806423682524184,"rotx":6.986724891140138},"sack":{"posx":0,"posy":-0.4375,"posz":0,"roty":0,"rotx":0}},"cameras":{}}