# This file was generated by Animated Java via MC-Build. It is not recommended to edit this file directly.
$data merge entity $(bone_nose) { transformation: [-0.9933829808956207f,-0.04687289555285017f,0.10484839020901854f,-0.13874861836431523f,-0.02060927538058525f,0.9708588113120921f,0.23876437394627903f,4.008920382274182f,-0.11298456104803975f,0.23502361617540266f,-0.9654006364223193f,0.17836578494342267f,0f,0f,0f,1f], start_interpolation: 0, interpolation_duration: 1 }
$data merge entity $(bone_glowing_eye) { transformation: [-0.9933829808956207f,-0.04687289555285017f,0.10484839020901854f,-0.2697539169540597f,-0.02060927538058525f,0.9708588113120921f,0.23876437394627903f,4.06374742054869f,-0.11298456104803975f,0.23502361617540266f,-0.9654006364223193f,0.21384398177772854f,0f,0f,0f,1f], start_interpolation: 0, interpolation_duration: 1 }
$data merge entity $(bone_head) { transformation: [-0.9933829808956207f,-0.04687289555285017f,0.10484839020901854f,-0.11332751439065814f,-0.02060927538058525f,0.9708588113120921f,0.23876437394627903f,3.933751593030461f,-0.11298456104803975f,0.23502361617540266f,-0.9654006364223193f,-0.03143029290637683f,0f,0f,0f,1f], start_interpolation: 0, interpolation_duration: 1 }
$data merge entity $(bone_leftthumb2) { transformation: [0.2639126799753979f,0.8992082332301129f,-0.3489622481578518f,-0.5648014519442638f,-0.8118852068701581f,0.011763720146544053f,-0.5836985743975345f,3.8732412110465133f,-0.5207614695939047f,0.4373627421025854f,0.7331584573657348f,0.07717090724668202f,0f,0f,0f,1f], start_interpolation: 0, interpolation_duration: 1 }
$data merge entity $(bone_leftthumb) { transformation: [0.2639126799753979f,0.8992082332301129f,-0.3489622481578518f,-0.3740988181282774f,-0.8118852068701581f,0.011763720146544053f,-0.5836985743975345f,3.8262447542629747f,-0.5207614695939047f,0.4373627421025854f,0.7331584573657348f,0.2470847283971076f,0f,0f,0f,1f], start_interpolation: 0, interpolation_duration: 1 }
$data merge entity $(bone_leftpointerfinger) { transformation: [0.45337933035693384f,0.8201661613147156f,-0.3489622481578518f,-0.7143745744116167f,-0.7898428743792518f,0.18826632210410627f,-0.5836985743975345f,3.883823857416429f,-0.4130319801146385f,0.5402622139254946f,0.7331584573657348f,0.19490016707054889f,0f,0f,0f,1f], start_interpolation: 0, interpolation_duration: 1 }
$data merge entity $(bone_leftmidfinger) { transformation: [0.4297145195179296f,0.8328089703383921f,-0.3489622481578518f,-0.768899925686281f,-0.7949086883280354f,0.16557823367486382f,-0.5836985743975345f,3.792620955166814f,-0.4283288560628113f,0.5282168753996973f,0.7331584573657348f,0.30945617603394493f,0f,0f,0f,1f], start_interpolation: 0, interpolation_duration: 1 }
$data merge entity $(bone_leftringfinger) { transformation: [0.4297145195179296f,0.8328089703383921f,-0.3489622481578518f,-0.8234252769609454f,-0.7949086883280354f,0.16557823367486382f,-0.5836985743975345f,3.7014180529171994f,-0.4283288560628113f,0.5282168753996973f,0.7331584573657348f,0.42401218499734106f,0f,0f,0f,1f], start_interpolation: 0, interpolation_duration: 1 }
$data merge entity $(bone_invisibility) { transformation: [0.865372410495194f,0.42600550290100786f,-0.26391267997539786f,-0.555634976151753f,-0.03915372715254423f,0.5825027008653816f,0.8118852068701577f,3.7511226184692257f,0.4995974147289006f,-0.6922498934507646f,0.5207614695939047f,0.1221827396464828f,0f,0f,0f,1f], start_interpolation: 0, interpolation_duration: 1 }
$data merge entity $(bone_swiftness) { transformation: [-0.34896224815785176f,0.8992082332301129f,-0.26391267997539797f,-0.7290879694993996f,-0.5836985743975347f,0.011763720146544053f,0.811885206870158f,3.597800610833999f,0.7331584573657347f,0.4373627421025854f,0.5207614695939048f,0.173300769909552f,0f,0f,0f,1f], start_interpolation: 0, interpolation_duration: 1 }
$data merge entity $(bone_suspicious_stew) { transformation: [0.6674816052143215f,0.6962890233579127f,-0.26391267997539786f,-0.6632157836140118f,-0.2360201257190776f,0.5339821262186135f,0.8118852068701583f,3.6411277113878184f,0.7062314117596749f,-0.4796297372248028f,0.5207614695939048f,0.23914857186649938f,0f,0f,0f,1f], start_interpolation: 0, interpolation_duration: 1 }
$data merge entity $(bone_log) { transformation: [0.2639126799753979f,0.8992082332301129f,-0.3489622481578518f,-0.5424305460949534f,-0.8118852068701581f,0.011763720146544053f,-0.5836985743975345f,3.539123067587175f,-0.5207614695939047f,0.4373627421025854f,0.7331584573657348f,0.2793643295439128f,0f,0f,0f,1f], start_interpolation: 0, interpolation_duration: 1 }
$data merge entity $(bone_planks) { transformation: [0.2639126799753979f,0.8992082332301129f,-0.3489622481578518f,-0.5176887323472599f,-0.8118852068701581f,0.011763720146544053f,-0.5836985743975345f,3.4630088294430976f,-0.5207614695939047f,0.4373627421025854f,0.7331584573657348f,0.23054294176948426f,0f,0f,0f,1f], start_interpolation: 0, interpolation_duration: 1 }
$data merge entity $(bone_lefthand1) { transformation: [0.2639126799753979f,0.8992082332301129f,-0.3489622481578518f,-0.37270158752634186f,-0.8118852068701581f,0.011763720146544053f,-0.5836985743975345f,3.7632758797912733f,-0.5207614695939047f,0.4373627421025854f,0.7331584573657348f,0.49598418067535616f,0f,0f,0f,1f], start_interpolation: 0, interpolation_duration: 1 }
$data merge entity $(bone_leftforearm) { transformation: [-0.1211474420136272f,0.942218698494113f,-0.31232550568535783f,0.27151808842257985f,-0.925566486068476f,0.006468256496868663f,0.37852984231727854f,3.6989272236099575f,0.3586780968506552f,0.33493594292931644f,0.8713024371443254f,0.7757590181471672f,0f,0f,0f,1f], start_interpolation: 0, interpolation_duration: 1 }
$data merge entity $(bone_leftelbow) { transformation: [-0.1211474420136272f,0.942218698494113f,-0.31232550568535783f,0.44818409439022605f,-0.925566486068476f,0.006468256496868663f,0.37852984231727854f,3.7001400217031204f,0.3586780968506552f,0.33493594292931644f,0.8713024371443254f,0.838559507446414f,0f,0f,0f,1f], start_interpolation: 0, interpolation_duration: 1 }
$data merge entity $(bone_leftarm) { transformation: [-0.2451367137056703f,0.7494409704595769f,0.6150172545467255f,0.7694051455378442f,-0.9517944245188376f,-0.06539314219075373f,-0.2996850186600492f,3.444896697994155f,-0.18437832044044267f,-0.6588337944816031f,0.7293439971649412f,0.1187580951517013f,0f,0f,0f,1f], start_interpolation: 0, interpolation_duration: 1 }
$data merge entity $(bone_rightthumb2) { transformation: [-0.16019889764839748f,-0.9601295050834521f,-0.22910182596488454f,-0.31255575738366204f,0.7487056616255879f,0.033059490307486804f,-0.6620777162466652f,3.2253850375149242f,0.6432543396216067f,-0.2775939544889533f,0.7135583024456771f,0.09502977679350713f,0f,0f,0f,1f], start_interpolation: 0, interpolation_duration: 1 }
$data merge entity $(bone_rightthumb) { transformation: [-0.16019889764839748f,-0.9601295050834521f,-0.22910182596488454f,-0.5675987868264847f,0.7487056616255879f,0.033059490307486804f,-0.6620777162466652f,3.1769131231305088f,0.6432543396216067f,-0.2775939544889533f,0.7135583024456771f,0.08793085004100143f,0f,0f,0f,1f], start_interpolation: 0, interpolation_duration: 1 }
$data merge entity $(bone_rightpointerfinger) { transformation: [-0.4584156587485254f,-0.8587010173242559f,-0.22910182596488454f,-0.28081719549337447f,0.7200615360479508f,-0.20776063619912669f,-0.6620777162466652f,3.216920266664601f,0.5209284673718856f,-0.4684742051515993f,0.7135583024456771f,0.28282035518094356f,0f,0f,0f,1f], start_interpolation: 0, interpolation_duration: 1 }
$data merge entity $(bone_rightmidfinger) { transformation: [-0.42052333631231537f,-0.8778795344216173f,-0.22910182596488454f,-0.31661435580038766f,0.7284385886878443f,-0.1761542510416985f,-0.6620777162466652f,3.1134706235010596f,0.5408672167244206f,-0.4453057409057546f,0.7135583024456771f,0.3943138399380806f,0f,0f,0f,1f], start_interpolation: 0, interpolation_duration: 1 }
$data merge entity $(bone_rightringfinger) { transformation: [-0.3842204812943788f,-0.8943640059245856f,-0.22910182596488454f,-0.35241151610740085f,0.7350412443301584f,-0.1461761498438529f,-0.6620777162466652f,3.010020980337518f,0.5586492556940256f,-0.4227831100261169f,0.7135583024456771f,0.5058073246952177f,0f,0f,0f,1f], start_interpolation: 0, interpolation_duration: 1 }
$data merge entity $(bone_hugeasssword) { transformation: [-0.6274456824562236f,-3.760507228243521f,-0.8973154850291312f,-0.465508113301907f,2.932430508033553f,0.12948300370432334f,-2.5931377219661056f,2.931655855416825f,2.5194128301846264f,-1.0872429884150672f,2.7947700179122354f,0.15591378549480897f,0f,0f,0f,1f], start_interpolation: 0, interpolation_duration: 1 }
$data merge entity $(bone_ice) { transformation: [-0.16019889764839748f,-0.9601295050834521f,-0.22910182596488454f,-0.44800298200922184f,0.7487056616255879f,0.033059490307486804f,-0.6620777162466652f,2.9194407749178706f,0.6432543396216067f,-0.2775939544889533f,0.7135583024456771f,0.15020034197711127f,0f,0f,0f,1f], start_interpolation: 0, interpolation_duration: 1 }
$data merge entity $(bone_righthand1) { transformation: [-0.16019889764839748f,-0.9601295050834521f,-0.22910182596488454f,-0.7352445147535869f,0.7487056616255879f,0.033059490307486804f,-0.6620777162466652f,3.094192134268431f,0.6432543396216067f,-0.2775939544889533f,0.7135583024456771f,0.26391413521170204f,0f,0f,0f,1f], start_interpolation: 0, interpolation_duration: 1 }
$data merge entity $(bone_rightforearm) { transformation: [-0.010920119967169906f,-0.9939950988213633f,-0.10887834724595863f,-1.434431098910951f,0.8878938521713089f,0.04044233185359083f,-0.45826730744254246f,3.0686254360732677f,0.45991875179894176f,-0.10167674912856395f,0.8821205022163079f,0.1421895110000263f,0f,0f,0f,1f], start_interpolation: 0, interpolation_duration: 1 }
$data merge entity $(bone_rightelbow) { transformation: [-0.010920119967169906f,-0.9939950988213633f,-0.10887834724595863f,-1.6208051799399565f,0.8878938521713089f,0.04044233185359083f,-0.45826730744254246f,3.076208373295816f,0.45991875179894176f,-0.10167674912856395f,0.8821205022163079f,0.12312512053842056f,0f,0f,0f,1f], start_interpolation: 0, interpolation_duration: 1 }
$data merge entity $(bone_rightarm) { transformation: [-0.48451683727734324f,0.529229181715566f,-0.6965342113747417f,-0.9763784838467465f,0.7045009026646216f,0.7080817765690952f,0.04794450787615928f,3.3614971819669983f,0.5185768145024363f,-0.46747905932932055f,-0.7159199791520556f,-0.20842776376428768f,0f,0f,0f,1f], start_interpolation: 0, interpolation_duration: 1 }
$data merge entity $(bone_chest1) { transformation: [-1.0761648959702557f,-0.05077897018225435f,0.11358575605977007f,-0.07629495465127403f,-0.02232671499563402f,1.0517637122547663f,0.2586614051084689f,3.315722237895871f,-0.12239994113537639f,0.25460891752335285f,-1.0458506894575126f,-0.26485601201534903f,0f,0f,0f,1f], start_interpolation: 0, interpolation_duration: 1 }
$data merge entity $(bone_chest1lid) { transformation: [-0.9933829808956207f,-0.04687289555285017f,0.10484839020901854f,-0.424456556852964f,-0.02060927538058525f,0.9708588113120921f,0.23876437394627903f,2.551719704017247f,-0.11298456104803975f,0.23502361617540266f,-0.9654006364223193f,-0.08627874753316256f,0f,0f,0f,1f], start_interpolation: 0, interpolation_duration: 1 }
$data merge entity $(bone_chest2) { transformation: [-0.9933829808956207f,-0.04687289555285017f,0.10484839020901854f,-0.4171326669228312f,-0.02060927538058525f,0.9708588113120921f,0.23876437394627903f,2.4000230147497326f,-0.11298456104803975f,0.23502361617540266f,-0.9654006364223193f,-0.12300118756056921f,0f,0f,0f,1f], start_interpolation: 0, interpolation_duration: 1 }
$data merge entity $(bone_chest1lid3) { transformation: [-0.9933829808956207f,-0.04687289555285017f,0.10484839020901854f,-0.29520162056933524f,-0.02060927538058525f,0.9708588113120921f,0.23876437394627903f,2.7059662107878686f,-0.11298456104803975f,0.23502361617540266f,-0.9654006364223193f,-0.6976769951757084f,0f,0f,0f,1f], start_interpolation: 0, interpolation_duration: 1 }
$data merge entity $(bone_chest3) { transformation: [-0.9933829808956207f,-0.04687289555285017f,0.10484839020901854f,-0.2878777306392024f,-0.02060927538058525f,0.9708588113120921f,0.23876437394627903f,2.554269521520354f,-0.11298456104803975f,0.23502361617540266f,-0.9654006364223193f,-0.734399435203115f,0f,0f,0f,1f], start_interpolation: 0, interpolation_duration: 1 }
$data merge entity $(bone_hugeasssword2) { transformation: [-0.4106561949853235f,2.744533233284086f,-2.7639060401354376f,-1.3268034193140252f,-0.935160464622926f,2.628465042133554f,2.7489860322427724f,4.480074621890329f,3.7811524926540843f,0.9481490555070092f,0.37970643083144784f,-0.38712499754532137f,0f,0f,0f,1f], start_interpolation: 0, interpolation_duration: 1 }
$data merge entity $(bone_belt) { transformation: [-0.9933829808956207f,-0.04687289555285017f,0.10484839020901854f,-0.03953217541568266f,-0.02060927538058525f,0.9708588113120921f,0.23876437394627903f,2.8984052834542684f,-0.11298456104803975f,0.23502361617540266f,-0.9654006364223193f,-0.22848085797755713f,0f,0f,0f,1f], start_interpolation: 0, interpolation_duration: 1 }
$data merge entity $(bone_torn_part) { transformation: [-0.9880429829659947f,-0.0931811133981951f,0.1228346201912631f,-0.16349432021542112f,-0.08741608069090732f,0.9948383761399625f,0.05152702393737821f,2.5702945005423783f,-0.1270019395454256f,0.04017319336417094f,-0.9910886044580601f,-0.09902397365501658f,0f,0f,0f,1f], start_interpolation: 0, interpolation_duration: 1 }
$data merge entity $(bone_lowerbody) { transformation: [-0.9880429829659947f,-0.0519313246660339f,0.1451695606182306f,-0.06206312500000002f,-0.08741608069090732f,0.9642886975086878f,-0.25001147312401295f,2.143145f,-0.1270019395454256f,-0.2597122357060392f,-0.9572983139942695f,0.17481124999999997f,0f,0f,0f,1f], start_interpolation: 0, interpolation_duration: 1 }
$data merge entity $(bone_leftfoot) { transformation: [-0.9641525360737759f,-0.204966593356554f,-0.16851879061492014f,0.5077034761395758f,-0.24748841596840998f,0.9236835190801514f,0.29250340261466107f,0.23009059171209623f,0.09570460356719299f,0.32372434599133293f,-0.941298664966933f,-0.085007063151055f,0f,0f,0f,1f], start_interpolation: 0, interpolation_duration: 1 }
$data merge entity $(bone_leftlowerleg) { transformation: [-0.9641525360737759f,-0.204966593356554f,-0.16851879061492014f,0.30621083654292225f,-0.24748841596840998f,0.9236835190801514f,0.29250340261466107f,1.2098601275822831f,0.09570460356719299f,0.32372434599133293f,-0.941298664966933f,0.41875105487359f,0f,0f,0f,1f], start_interpolation: 0, interpolation_duration: 1 }
$data merge entity $(bone_leftleg) { transformation: [-0.9934054413545785f,-0.08071182002373486f,0.08143237191419211f,0.19986424461262972f,-0.10660767751671893f,0.9116193159758201f,-0.39696980468830234f,2.126131153068969f,-0.042195167751844995f,-0.4030332800752736f,-0.9142120886151965f,0.06955543141772205f,0f,0f,0f,1f], start_interpolation: 0, interpolation_duration: 1 }
$data merge entity $(bone_rightfoot) { transformation: [-0.9107012295802046f,0.02092803697811968f,0.41253519572194786f,-0.4292100426426764f,0.17522208944633935f,0.9239788258578494f,0.33994168431719146f,0.22393323177468138f,-0.374059473628409f,0.3818705888577864f,-0.8451357071821337f,-0.1366413874749372f,0f,0f,0f,1f], start_interpolation: 0, interpolation_duration: 1 }
$data merge entity $(bone_rightlowerleg) { transformation: [-0.9107012295802046f,0.02092803697811968f,0.41253519572194786f,-0.46937722960127093f,0.17522208944633935f,0.9239788258578494f,0.33994168431719146f,1.1967416891602656f,-0.374059473628409f,0.3818705888577864f,-0.8451357071821337f,0.41684770097898555f,0f,0f,0f,1f], start_interpolation: 0, interpolation_duration: 1 }
$data merge entity $(bone_rightleg) { transformation: [-0.9651141084768632f,0.15136243690043696f,0.21364496323215942f,-0.3115613717637969f,0.031220790901417734f,0.8766755111037418f,-0.48006802689460915f,2.0707458963585785f,-0.25996157376504603f,-0.45665026106042517f,-0.8508175593151838f,0.025654949421251277f,0f,0f,0f,1f], start_interpolation: 0, interpolation_duration: 1 }
data modify entity @s data merge value {"locators":{"lefthand":{"posx":-0.6319704679362832,"posy":3.623438555319765,"posz":0.2825611521952373,"roty":205.453098894474,"rotx":-35.71110337261267},"righthand":{"posx":-0.44443988911612886,"posy":2.999460340475569,"posz":0.2036934933798131,"roty":197.80024155428404,"rotx":-41.45852439916684},"chest":{"posx":-0.46895278000405816,"posy":2.4530900550254917,"posz":0.04634535836411094,"roty":6.1983763439724555,"rotx":13.81362419190749},"sack":{"posx":0,"posy":-0.4375,"posz":0,"roty":0,"rotx":0}},"cameras":{}}