# This file was generated by Animated Java via MC-Build. It is not recommended to edit this file directly.
$data merge entity $(bone_nose) { transformation: [-0.90391268417638f,-0.13325929724010982f,0.4064281229001305f,0.08803671171434534f,0.009741528068275922f,0.9435660303472851f,0.3310411590808028f,3.9271761198940585f,-0.42760608276303375f,0.303191533644557f,-0.8516031540044429f,0.3070604759134723f,0f,0f,0f,1f], start_interpolation: 0, interpolation_duration: 1 }
$data merge entity $(bone_glowing_eye) { transformation: [-0.90391268417638f,-0.13325929724010982f,0.4064281229001305f,-0.04815767432882456f,0.009741528068275922f,0.9435660303472851f,0.3310411590808028f,3.980729009484252f,-0.42760608276303375f,0.303191533644557f,-0.8516031540044429f,0.30385547013799674f,0f,0f,0f,1f], start_interpolation: 0, interpolation_duration: 1 }
$data merge entity $(bone_head) { transformation: [-0.90391268417638f,-0.13325929724010982f,0.4064281229001305f,0.18059685145591411f,0.009741528068275922f,0.9435660303472851f,0.3310411590808028f,3.8726566473542965f,-0.42760608276303375f,0.303191533644557f,-0.8516031540044429f,0.11015638420948315f,0f,0f,0f,1f], start_interpolation: 0, interpolation_duration: 1 }
$data merge entity $(bone_leftthumb2) { transformation: [-0.4216193535265358f,0.6744517171853673f,0.6060957035960366f,0.792174621155292f,-0.07066006006543613f,0.6419400840900925f,-0.7634920329315518f,2.5040167090208323f,-0.9040156396011159f,-0.36472977616876007f,-0.22299756440928042f,0.23365442347262455f,0f,0f,0f,1f], start_interpolation: 0, interpolation_duration: 1 }
$data merge entity $(bone_leftthumb) { transformation: [-0.4216193535265358f,0.6744517171853673f,0.6060957035960366f,1.0093742699971828f,-0.07066006006543613f,0.6419400840900925f,-0.7634920329315518f,2.5962015796890485f,-0.9040156396011159f,-0.36472977616876007f,-0.22299756440928042f,0.12515036698005133f,0f,0f,0f,1f], start_interpolation: 0, interpolation_duration: 1 }
$data merge entity $(bone_leftpointerfinger) { transformation: [0.19901283044620005f,0.77009213176101f,0.6060957035960366f,0.8625951531937632f,0.41701184034309846f,0.49313389729738544f,-0.7634920329315518f,2.3575047446229775f,-0.8868455436723206f,0.40469379527745997f,-0.22299756440928042f,0.3332510245351128f,0f,0f,0f,1f], start_interpolation: 0, interpolation_duration: 1 }
$data merge entity $(bone_leftmidfinger) { transformation: [0.11652969418041875f,0.7868092706982059f,0.6060957035960366f,0.9572976068806439f,0.362572203245232f,0.5344355088164935f,-0.7634920329315518f,2.2382091144774225f,-0.9246416753576034f,0.3087229477369842f,-0.22299756440928042f,0.29840765509616274f,0f,0f,0f,1f], start_interpolation: 0, interpolation_duration: 1 }
$data merge entity $(bone_leftringfinger) { transformation: [0.11652969418041875f,0.7868092706982059f,0.6060957035960366f,1.0520000605675246f,0.362572203245232f,0.5344355088164935f,-0.7634920329315518f,2.1189134843318675f,-0.9246416753576034f,0.3087229477369842f,-0.22299756440928042f,0.2635642856572126f,0f,0f,0f,1f], start_interpolation: 0, interpolation_duration: 1 }
$data merge entity $(bone_invisibility) { transformation: [0.7247099460020131f,-0.5450069860998334f,0.42161935352653584f,0.838369190237311f,0.5729545930510506f,0.8165354800700663f,0.07066006006543599f,2.438327306087173f,-0.38277738761251756f,0.19036069680772227f,0.9040156396011156f,0.13082444672923543f,0f,0f,0f,1f], start_interpolation: 0, interpolation_duration: 1 }
$data merge entity $(bone_swiftness) { transformation: [0.6060957035960365f,0.6744517171853673f,0.4216193535265359f,0.8387207372897999f,-0.7634920329315518f,0.6419400840900925f,0.07066006006543596f,2.204562833046894f,-0.22299756440928062f,-0.36472977616876007f,0.9040156396011159f,0.09131901035141843f,0f,0f,0f,1f], start_interpolation: 0, interpolation_duration: 1 }
$data merge entity $(bone_suspicious_stew) { transformation: [0.867407955967602f,-0.2642736435136355f,0.42161935352653596f,0.9203972104185039f,0.2591296212114074f,0.9632543772661412f,0.07066006006543621f,2.265081608470784f,-0.42480027934894143f,0.04796296510482212f,0.9040156396011161f,0.10610911166040599f,0f,0f,0f,1f], start_interpolation: 0, interpolation_duration: 1 }
$data merge entity $(bone_log) { transformation: [-0.4216193535265358f,0.6744517171853673f,0.6060957035960366f,0.9935875967796263f,-0.07066006006543613f,0.6419400840900925f,-0.7634920329315518f,2.3029110493072444f,-0.9040156396011159f,-0.36472977616876007f,-0.22299756440928042f,-0.03468658740497865f,0f,0f,0f,1f], start_interpolation: 0, interpolation_duration: 1 }
$data merge entity $(bone_planks) { transformation: [-0.4216193535265358f,0.6744517171853673f,0.6060957035960366f,0.9540607823865135f,-0.07066006006543613f,0.6419400840900925f,-0.7634920329315518f,2.29628666867611f,-0.9040156396011159f,-0.36472977616876007f,-0.22299756440928042f,-0.1194380536175833f,0f,0f,0f,1f], start_interpolation: 0, interpolation_duration: 1 }
$data merge entity $(bone_lefthand1) { transformation: [-0.4216193535265358f,0.6744517171853673f,0.6060957035960366f,1.248664873720226f,-0.07066006006543613f,0.6419400840900925f,-0.7634920329315518f,2.5049202113752376f,-0.9040156396011159f,-0.36472977616876007f,-0.22299756440928042f,0.1071035523409003f,0f,0f,0f,1f], start_interpolation: 0, interpolation_duration: 1 }
$data merge entity $(bone_leftforearm) { transformation: [0.3711732017543045f,0.5486111547099357f,0.749170377969717f,1.678956527740974f,0.3067122295247072f,0.6890870559961758f,-0.6565718829789366f,3.031025073939917f,-0.8764462690658459f,0.4734816049081041f,0.08750489845833963f,0.3568984159842653f,0f,0f,0f,1f], start_interpolation: 0, interpolation_duration: 1 }
$data merge entity $(bone_leftelbow) { transformation: [0.3711732017543045f,0.5486111547099357f,0.749170377969717f,1.781821119249087f,0.3067122295247072f,0.6890870559961758f,-0.6565718829789366f,3.1602288969392f,-0.8764462690658459f,0.4734816049081041f,0.08750489845833963f,0.4456762169045348f,0f,0f,0f,1f], start_interpolation: 0, interpolation_duration: 1 }
$data merge entity $(bone_leftarm) { transformation: [-0.012279180877616258f,-0.7573257674490267f,0.6529218204920991f,1.1180435262669473f,0.20507070089778404f,0.6371841362825588f,0.7429282496332612f,3.4486294129523243f,-0.9786701330633658f,0.14301768571610982f,0.14748122667696295f,0.22969692339779843f,0f,0f,0f,1f], start_interpolation: 0, interpolation_duration: 1 }
$data merge entity $(bone_rightthumb2) { transformation: [0.10553115556463738f,-0.46664186202316826f,-0.8781278652979545f,-0.5529462339682667f,0.9659288491525706f,-0.16174846780706134f,0.20203685687730077f,3.0286327382127505f,-0.23631469184116155f,-0.8695302213089654f,0.433673334031963f,0.11513570279065992f,0f,0f,0f,1f], start_interpolation: 0, interpolation_duration: 1 }
$data merge entity $(bone_rightthumb) { transformation: [0.10553115556463738f,-0.46664186202316826f,-0.8781278652979545f,-0.7424292628641835f,0.9659288491525706f,-0.16174846780706134f,0.20203685687730077f,3.006230704293169f,-0.23631469184116155f,-0.8695302213089654f,0.433673334031963f,-0.061049423565667574f,0f,0f,0f,1f], start_interpolation: 0, interpolation_duration: 1 }
$data merge entity $(bone_rightpointerfinger) { transformation: [0.2660289805457061f,-0.397643098389837f,-0.8781278652979545f,-0.6189321754337909f,0.9596012575241717f,0.19582271324126288f,0.20203685687730077f,3.1744233658345467f,0.09161881939776978f,-0.8964002628746605f,0.433673334031963f,0.2187466984139579f,0f,0f,0f,1f], start_interpolation: 0, interpolation_duration: 1 }
$data merge entity $(bone_rightmidfinger) { transformation: [0.2831207282452411f,-0.3856606091178378f,-0.8781278652979545f,-0.7561396543865962f,0.9501462629734363f,0.23749355237722813f,0.20203685687730077f,3.2059916247216247f,0.13063204888349014f,-0.8915507316771734f,0.433673334031963f,0.28650815685645215f,0f,0f,0f,1f], start_interpolation: 0, interpolation_duration: 1 }
$data merge entity $(bone_rightringfinger) { transformation: [0.2690747859606778f,-0.3955884373278278f,-0.8781278652979545f,-0.8933471333394016f,0.9580691662318939f,0.2031860752582845f,0.20203685687730077f,3.237559883608703f,0.09849991003010952f,-0.8956702557714317f,0.433673334031963f,0.35426961529894635f,0f,0f,0f,1f], start_interpolation: 0, interpolation_duration: 1 }
$data merge entity $(bone_hugeasssword) { transformation: [0.41333035929482975f,-1.8276806262574092f,-3.4393341390836554f,-0.8652372479116286f,3.7832213258475687f,-0.6335148322443236f,0.7913110227694281f,2.9134047907534564f,-0.9255658763778828f,-3.405660033460115f,1.6985538916251885f,0.16587977482912766f,0f,0f,0f,1f], start_interpolation: 0, interpolation_duration: 1 }
$data merge entity $(bone_ice) { transformation: [0.10553115556463738f,-0.46664186202316826f,-0.8781278652979545f,-0.859594893123214f,0.9659288491525706f,-0.16174846780706134f,0.20203685687730077f,2.9008394722949324f,-0.23631469184116155f,-0.8695302213089654f,0.433673334031963f,0.18315860159709835f,0f,0f,0f,1f], start_interpolation: 0, interpolation_duration: 1 }
$data merge entity $(bone_righthand1) { transformation: [0.10553115556463738f,-0.46664186202316826f,-0.8781278652979545f,-0.9773140655284078f,0.9659288491525706f,-0.16174846780706134f,0.20203685687730077f,3.1081982194087256f,-0.23631469184116155f,-0.8695302213089654f,0.433673334031963f,-0.07975033500193451f,0f,0f,0f,1f], start_interpolation: 0, interpolation_duration: 1 }
$data merge entity $(bone_rightforearm) { transformation: [-0.2952850954855236f,-0.21252111782919803f,-0.9314727515395891f,-1.0999318281853532f,0.9146823898239438f,0.21873633888600993f,-0.3398684154150014f,3.18064166304186f,0.2759761550026822f,-0.9523597999324481f,0.1297997432299577f,-0.7806915627030342f,0f,0f,0f,1f], start_interpolation: 0, interpolation_duration: 1 }
$data merge entity $(bone_rightelbow) { transformation: [-0.2952850954855236f,-0.21252111782919803f,-0.9314727515395891f,-1.1397795377783277f,0.9146823898239438f,0.21873633888600993f,-0.3398684154150014f,3.221654726582987f,0.2759761550026822f,-0.9523597999324481f,0.1297997432299577f,-0.9592590251903682f,0f,0f,0f,1f], start_interpolation: 0, interpolation_duration: 1 }
$data merge entity $(bone_rightarm) { transformation: [-0.5215791583035891f,0.6868017541843898f,0.5062198455933586f,-0.604873366836407f,0.8332114620975308f,0.5377019713708265f,0.12897770897803257f,3.338554348059843f,-0.18361329214578767f,0.48906026257831614f,-0.8527052354209008f,-0.39595248071660083f,0f,0f,0f,1f], start_interpolation: 0, interpolation_duration: 1 }
$data merge entity $(bone_chest1) { transformation: [-0.9792387411910783f,-0.14436423867678563f,0.44029713314180796f,0.2991895628079624f,0.010553322073965582f,1.0221965328762255f,0.3586279223375363f,3.280154797057119f,-0.46323992299328653f,0.32845749478160335f,-0.9225700835048131f,-0.1594666616138654f,0f,0f,0f,1f], start_interpolation: 0, interpolation_duration: 1 }
$data merge entity $(bone_chest1lid) { transformation: [-0.90391268417638f,-0.13325929724010982f,0.4064281229001305f,-0.07739773584725096f,0.009741528068275922f,0.9435660303472851f,0.3310411590808028f,2.509058383360337f,-0.42760608276303375f,0.303191533644557f,-0.8516031540044429f,-0.179430120384256f,0f,0f,0f,1f], start_interpolation: 0, interpolation_duration: 1 }
$data merge entity $(bone_chest2) { transformation: [-0.90391268417638f,-0.13325929724010982f,0.4064281229001305f,-0.0565759706534838f,0.009741528068275922f,0.9435660303472851f,0.3310411590808028f,2.3616261911185736f,-0.42760608276303375f,0.303191533644557f,-0.8516031540044429f,-0.22680379751621801f,0f,0f,0f,1f], start_interpolation: 0, interpolation_duration: 1 }
$data merge entity $(bone_chest1lid3) { transformation: [-0.90391268417638f,-0.13325929724010982f,0.4064281229001305f,0.2394648231466689f,0.009741528068275922f,0.9435660303472851f,0.3310411590808028f,2.7205227803922085f,-0.42760608276303375f,0.303191533644557f,-0.8516031540044429f,-0.6982630107456627f,0f,0f,0f,1f], start_interpolation: 0, interpolation_duration: 1 }
$data merge entity $(bone_chest3) { transformation: [-0.90391268417638f,-0.13325929724010982f,0.4064281229001305f,0.26028658834043605f,0.009741528068275922f,0.9435660303472851f,0.3310411590808028f,2.5730905881504453f,-0.42760608276303375f,0.303191533644557f,-0.8516031540044429f,-0.7456366878776247f,0f,0f,0f,1f], start_interpolation: 0, interpolation_duration: 1 }
$data merge entity $(bone_hugeasssword2) { transformation: [-1.5918434813588453f,2.257588835819717f,-2.77661750282881f,-0.8614233438250816f,-1.2965778730664774f,2.468603569677172f,2.750483596138926f,4.474680060895729f,3.335445686517401f,2.037048561506838f,-0.2559550900708149f,-0.5601219675033466f,0f,0f,0f,1f], start_interpolation: 0, interpolation_duration: 1 }
$data merge entity $(bone_belt) { transformation: [-0.90391268417638f,-0.13325929724010982f,0.4064281229001305f,0.32801947470299525f,0.009741528068275922f,0.9435660303472851f,0.3310411590808028f,2.860658015895193f,-0.42760608276303375f,0.303191533644557f,-0.8516031540044429f,-0.15506427502013873f,0f,0f,0f,1f], start_interpolation: 0, interpolation_duration: 1 }
$data merge entity $(bone_torn_part) { transformation: [-0.8876480006677848f,0.0011198226330785543f,0.46052119702327987f,0.11886046250170375f,0.032855584936956846f,0.9976028030667605f,0.06090285585908825f,2.528511198217139f,-0.45934903662567367f,0.0691909915423454f,-0.8855569260304234f,-0.10812447411541753f,0f,0f,0f,1f], start_interpolation: 0, interpolation_duration: 1 }
$data merge entity $(bone_lowerbody) { transformation: [-0.8876480006677848f,0.13954938856654875f,0.438870134619783f,0.07568937499999999f,0.032855584936956846f,0.9697445453619153f,-0.24190086250210566f,2.085811875f,-0.45934903662567367f,-0.20030348197551284f,-0.8653767836379429f,0.15623187500000002f,0f,0f,0f,1f], start_interpolation: 0, interpolation_duration: 1 }
$data merge entity $(bone_leftfoot) { transformation: [-0.9686862595312531f,-0.23761902680560187f,0.07187274462180784f,0.5337567070555524f,-0.1807932033043528f,0.8736560521639849f,0.4517066749010649f,0.2543623713834362f,-0.17012239413822283f,0.42457280062335095f,-0.8892664085443553f,-0.06896726895499006f,0f,0f,0f,1f], start_interpolation: 0, interpolation_duration: 1 }
$data merge entity $(bone_leftlowerleg) { transformation: [-0.9686862595312531f,-0.23761902680560187f,0.07187274462180784f,0.25910516642520476f,-0.1807932033043528f,0.8736560521639849f,0.4517066749010649f,1.154171799871011f,-0.17012239413822283f,0.42457280062335095f,-0.8892664085443553f,0.5386750748688427f,0f,0f,0f,1f], start_interpolation: 0, interpolation_duration: 1 }
$data merge entity $(bone_leftleg) { transformation: [-0.9601301807101009f,0.12492919834082207f,0.250048583710589f,0.3427938997135256f,-0.0005484243418110296f,0.8937195462047944f,-0.44862575935430005f,2.034730865995809f,-0.27951696803652215f,-0.430880572935722f,-0.8580271754601403f,0.1637420428320064f,0f,0f,0f,1f], start_interpolation: 0, interpolation_duration: 1 }
$data merge entity $(bone_rightfoot) { transformation: [-0.7835242377809069f,0.08146166168074576f,0.6160003903000569f,-0.5630580602086727f,0.13406947063584035f,0.9901778689349328f,0.039573930641605914f,0.33283957673962616f,-0.6067251351827778f,0.11359946766978868f,-0.7867554421713403f,0.34121186768982165f,0f,0f,0f,1f], start_interpolation: 0, interpolation_duration: 1 }
$data merge entity $(bone_rightlowerleg) { transformation: [-0.7835242377809069f,0.08146166168074576f,0.6160003903000569f,-0.5673322942494915f,0.13406947063584035f,0.9901778689349328f,0.039573930641605914f,1.425237788782181f,-0.6067251351827778f,0.11359946766978868f,-0.7867554421713403f,0.5881178087705604f,0f,0f,0f,1f], start_interpolation: 0, interpolation_duration: 1 }
$data merge entity $(bone_rightleg) { transformation: [-0.8117627910531059f,0.4457438646526454f,0.37730150446558625f,-0.1308358833860919f,-0.033183509191643715f,0.6098208707513085f,-0.7918521962612417f,2.0540224607108204f,-0.583043759746556f,-0.6553097837821743f,-0.4802433488391624f,0.016216135639558656f,0f,0f,0f,1f], start_interpolation: 0, interpolation_duration: 1 }
data modify entity @s data merge value {"locators":{"lefthand":{"posx":0.9709526253989442,"posy":2.271313423883396,"posz":0.08204372951470532,"roty":69.80018600509564,"rotx":-49.773022522166066},"righthand":{"posx":-0.8286893202996367,"posy":2.990765795823764,"posz":0.16781436310069264,"roty":243.71701828315187,"rotx":11.65609421064126},"chest":{"posx":-0.16082069535340135,"posy":2.3986647481093897,"posz":-0.0786792885101914,"roty":25.51283819814043,"rotx":19.33198178738056},"sack":{"posx":0,"posy":-0.4375,"posz":0,"roty":0,"rotx":0}},"cameras":{}}