# This file was generated by Animated Java via MC-Build. It is not recommended to edit this file directly.
$data merge entity $(bone_nose) { transformation: [-0.9507936081638149f,-0.13303220936322402f,0.2798105536729685f,0.09086467569342023f,0.05188394623588724f,0.8220046500355243f,0.5671123446399017f,3.6839177101168623f,-0.305449784412799f,0.5537244681174152f,-0.7746545311364674f,0.34865797528639886f,0f,0f,0f,1f], start_interpolation: 0, interpolation_duration: 1 }
$data merge entity $(bone_glowing_eye) { transformation: [-0.9507936081638149f,-0.13303220936322402f,0.2798105536729685f,-0.046756050939662286f,0.05188394623588724f,0.8220046500355243f,0.5671123446399017f,3.7262698572801103f,-0.305449784412799f,0.5537244681174152f,-0.7746545311364674f,0.37500045176074054f,0f,0f,0f,1f], start_interpolation: 0, interpolation_duration: 1 }
$data merge entity $(bone_head) { transformation: [-0.9507936081638149f,-0.13303220936322402f,0.2798105536729685f,0.15968700240796854f,0.05188394623588724f,0.8220046500355243f,0.5671123446399017f,3.688613766790552f,-0.305449784412799f,0.5537244681174152f,-0.7746545311364674f,0.13522787412426424f,0f,0f,0f,1f], start_interpolation: 0, interpolation_duration: 1 }
$data merge entity $(bone_leftthumb2) { transformation: [0.24501315355394895f,0.9293557660046328f,0.2761637463163679f,-0.32344531029442314f,0.15464002595611567f,0.24373817136635553f,-0.9574331131683703f,2.6165931603608215f,-0.9571076308116245f,0.27728967527285847f,-0.08399654176947847f,0.23138317544299358f,0f,0f,0f,1f], start_interpolation: 0, interpolation_duration: 1 }
$data merge entity $(bone_leftthumb) { transformation: [0.24501315355394895f,0.9293557660046328f,0.2761637463163679f,-0.07192751549920098f,0.15464002595611567f,0.24373817136635553f,-0.9574331131683703f,2.5945482785835488f,-0.9571076308116245f,0.27728967527285847f,-0.08399654176947847f,0.29220825416283236f,0f,0f,0f,1f], start_interpolation: 0, interpolation_duration: 1 }
$data merge entity $(bone_leftpointerfinger) { transformation: [-0.08762133989931056f,0.9571081892945845f,0.2761637463163679f,-0.39072551428085456f,0.06195072696444594f,0.2819289648782113f,-0.9574331131683703f,2.4527782610852458f,-0.9942256324511184f,-0.06678302739425712f,-0.08399654176947847f,0.3019688886885028f,0f,0f,0f,1f], start_interpolation: 0, interpolation_duration: 1 }
$data merge entity $(bone_leftmidfinger) { transformation: [0.24501315355394895f,0.9293557660046328f,0.2761637463163679f,-0.34757492891892205f,0.15464002595611567f,0.24373817136635553f,-0.9574331131683703f,2.303179337152688f,-0.9571076308116245f,0.27728967527285847f,-0.08399654176947847f,0.2888444290370218f,0f,0f,0f,1f], start_interpolation: 0, interpolation_duration: 1 }
$data merge entity $(bone_leftringfinger) { transformation: [0.5820116921874785f,0.7648502960564089f,0.2761637463163679f,-0.30442434355698955f,0.23614331490473678f,0.16600653190319153f,-0.9574331131683703f,2.1535804132201304f,-0.7781379858244103f,0.6224514888631065f,-0.08399654176947847f,0.2757199693855408f,0f,0f,0f,1f], start_interpolation: 0, interpolation_duration: 1 }
$data merge entity $(bone_invisibility) { transformation: [0.9498885431649867f,-0.19411416782256685f,-0.2450131535539488f,-0.25176737815511885f,0.1593648799283488f,0.9750329724771952f,-0.15464002595611587f,2.538351913231724f,0.2689137233562495f,0.10784429717345928f,0.9571076308116243f,0.1554646580745883f,0f,0f,0f,1f], start_interpolation: 0, interpolation_duration: 1 }
$data merge entity $(bone_swiftness) { transformation: [0.276163746316368f,0.9293557660046328f,-0.2450131535539489f,-0.31307607861318393f,-0.9574331131683703f,0.24373817136635553f,-0.1546400259561159f,2.333881078829884f,-0.08399654176947868f,0.27728967527285847f,0.9571076308116245f,0.052316448823580164f,0f,0f,0f,1f], start_interpolation: 0, interpolation_duration: 1 }
$data merge entity $(bone_suspicious_stew) { transformation: [0.9589942100814324f,0.1424733645838358f,-0.2450131535539489f,-0.243550227252267f,-0.18372691531280172f,0.9707372883339421f,-0.15464002595611567f,2.3474079777298567f,0.21581131948980858f,0.19331440045228615f,0.9571076308116248f,0.12671735296439585f,0f,0f,0f,1f], start_interpolation: 0, interpolation_duration: 1 }
$data merge entity $(bone_log) { transformation: [0.24501315355394895f,0.9293557660046328f,0.2761637463163679f,-0.09146559774742546f,0.15464002595611567f,0.24373817136635553f,-0.9574331131683703f,2.34749307440427f,-0.9571076308116245f,0.27728967527285847f,-0.08399654176947847f,0.06771238408946906f,0f,0f,0f,1f], start_interpolation: 0, interpolation_duration: 1 }
$data merge entity $(bone_planks) { transformation: [0.24501315355394895f,0.9293557660046328f,0.2761637463163679f,-0.06849561460174275f,0.15464002595611567f,0.24373817136635553f,-0.9574331131683703f,2.3619905768376555f,-0.9571076308116245f,0.27728967527285847f,-0.08399654176947847f,-0.022016456299120746f,0f,0f,0f,1f], start_interpolation: 0, interpolation_duration: 1 }
$data merge entity $(bone_lefthand1) { transformation: [0.24501315355394895f,0.9293557660046328f,0.2761637463163679f,0.07098993829285893f,0.15464002595611567f,0.24373817136635553f,-0.9574331131683703f,2.3996873955433413f,-0.9571076308116245f,0.27728967527285847f,-0.08399654176947847f,0.378936602540886f,0f,0f,0f,1f], start_interpolation: 0, interpolation_duration: 1 }
$data merge entity $(bone_leftforearm) { transformation: [0.39474032699297557f,0.8679780979666392f,0.3013205862461009f,0.7217683159681645f,0.2318075577840027f,0.22326016683474637f,-0.9467946736537642f,2.5844748476826784f,-0.889069924358987f,0.44358642828104694f,-0.1130740918387963f,0.6244914982938383f,0f,0f,0f,1f], start_interpolation: 0, interpolation_duration: 1 }
$data merge entity $(bone_leftelbow) { transformation: [0.39474032699297557f,0.8679780979666392f,0.3013205862461009f,0.8845142093369094f,0.2318075577840027f,0.22326016683474637f,-0.9467946736537642f,2.6263361289641933f,-0.889069924358987f,0.44358642828104694f,-0.1130740918387963f,0.7076639535965347f,0f,0f,0f,1f], start_interpolation: 0, interpolation_duration: 1 }
$data merge entity $(bone_leftarm) { transformation: [-0.6811568637177542f,0.2737186485878869f,0.6790459693020889f,0.7947470073638441f,-0.03567827749958784f,0.9139723114998763f,-0.40420499047665864f,3.124918938443451f,-0.7312676579234549f,-0.29955419413988194f,-0.612792703324991f,0.4328553347618303f,0f,0f,0f,1f], start_interpolation: 0, interpolation_duration: 1 }
$data merge entity $(bone_rightthumb2) { transformation: [-0.9798990983914879f,-0.10934288636535322f,0.16685889299897266f,-1.283445675666591f,-0.17800180113893593f,0.856868791303981f,-0.48382975650589105f,1.8511663737369661f,-0.0900728358765496f,-0.5038055256649616f,-0.8591081867533377f,-0.3105469033720419f,0f,0f,0f,1f], start_interpolation: 0, interpolation_duration: 1 }
$data merge entity $(bone_rightthumb) { transformation: [-0.9798990983914879f,-0.10934288636535322f,0.16685889299897266f,-1.2960018546275864f,-0.17800180113893593f,0.856868791303981f,-0.48382975650589105f,2.0199601368717306f,-0.0900728358765496f,-0.5038055256649616f,-0.8591081867533377f,-0.5075186678694046f,0f,0f,0f,1f], start_interpolation: 0, interpolation_duration: 1 }
$data merge entity $(bone_rightpointerfinger) { transformation: [-0.7832185168190965f,0.4631610135083592f,0.4147898630362178f,-1.4953102137951595f,0.285875083264149f,0.8606998072856725f,-0.42127340113888334f,1.7336389015282052f,-0.5521269706149217f,-0.21137104178272872f,-0.8065222197901762f,-0.5185866411385844f,0f,0f,0f,1f], start_interpolation: 0, interpolation_duration: 1 }
$data merge entity $(bone_rightmidfinger) { transformation: [-0.7160633303550844f,0.5614291375081818f,0.4147898630362178f,-1.4304992976957505f,0.3957732507865818f,0.8160222150497495f,-0.42127340113888334f,1.6678149326002547f,-0.5749929050715379f,-0.13749570212235734f,-0.8065222197901762f,-0.6446057379807996f,0f,0f,0f,1f], start_interpolation: 0, interpolation_duration: 1 }
$data merge entity $(bone_rightringfinger) { transformation: [-0.6644067197179505f,0.6217017615513313f,0.4147898630362178f,-1.3656883815963414f,0.4653882363313776f,0.7784230925256829f,-0.42127340113888334f,1.6019909636723042f,-0.5847884235157211f,-0.08685855574855078f,-0.8065222197901762f,-0.7706248348230146f,0f,0f,0f,1f], start_interpolation: 0, interpolation_duration: 1 }
$data merge entity $(bone_hugeasssword) { transformation: [-3.214037331182296f,1.5397848382732287f,1.6245936302251864f,-1.1391512502326155f,0.8216082191703358f,3.4558326062025797f,-1.64998748779396f,1.797901920535887f,-2.082114729244311f,-1.013193677195411f,-3.1588786941781906f,-0.543342528056101f,0f,0f,0f,1f], start_interpolation: 0, interpolation_duration: 1 }
$data merge entity $(bone_ice) { transformation: [-0.8206052760465437f,0.3931365544527392f,0.4147898630362178f,-1.1324720514577125f,0.2097723112775325f,0.8823402398815097f,-0.42127340113888334f,1.780837661924027f,-0.5316037606581219f,-0.2586877473690411f,-0.8065222197901762f,-0.5309942232431765f,0f,0f,0f,1f], start_interpolation: 0, interpolation_duration: 1 }
$data merge entity $(bone_righthand1) { transformation: [-0.8206052760465437f,0.3931365544527392f,0.4147898630362178f,-1.2263770486362817f,0.2097723112775325f,0.8823402398815097f,-0.42127340113888334f,2.0407010059281974f,-0.5316037606581219f,-0.2586877473690411f,-0.8065222197901762f,-0.7537709196184103f,0f,0f,0f,1f], start_interpolation: 0, interpolation_duration: 1 }
$data merge entity $(bone_rightforearm) { transformation: [-0.8862934249748888f,0.28262351606977204f,0.3668895106304354f,-0.9779966984423932f,0.298691762305577f,0.9542536484345872f,-0.01353534558364107f,2.6932038571144123f,-0.35393106105154115f,0.09759058670609147f,-0.9301660504497522f,-0.648498002486691f,0f,0f,0f,1f], start_interpolation: 0, interpolation_duration: 1 }
$data merge entity $(bone_rightelbow) { transformation: [-0.8862934249748888f,0.28262351606977204f,0.3668895106304354f,-0.925004789179311f,0.298691762305577f,0.9542536484345872f,-0.01353534558364107f,2.8721264161958975f,-0.35393106105154115f,0.09759058670609147f,-0.9301660504497522f,-0.6301997674792988f,0f,0f,0f,1f], start_interpolation: 0, interpolation_duration: 1 }
$data merge entity $(bone_rightarm) { transformation: [-0.7948996079436423f,0.2714273821843766f,0.5426433354345928f,-0.6483116569691982f,0.39177413734201944f,0.9125338931169107f,0.11745177403007345f,3.23624451840712f,-0.4633008079001807f,0.30595599375307425f,-0.8317110623802045f,-0.281067701850033f,0f,0f,0f,1f], start_interpolation: 0, interpolation_duration: 1 }
$data merge entity $(bone_chest1) { transformation: [-0.9377499570843895f,-0.00015052359733231055f,0.5424353477069715f,0.19865962632790546f,0.10380156239746108f,1.0632629674162914f,0.17974484380938205f,3.0579358617087973f,-0.5324108984075951f,0.2075643287630603f,-0.9203623176733543f,-0.06110290608340773f,0f,0f,0f,1f], start_interpolation: 0, interpolation_duration: 1 }
$data merge entity $(bone_chest1lid) { transformation: [-0.8656153450009749f,0.4471834682626756f,0.22524879624852082f,-0.2927271029300523f,0.09581682682842561f,0.5894838822070834f,-0.8020772333850381f,2.35493579332961f,-0.49145621391470323f,-0.6727077361905615f,-0.5531139950082582f,-0.027395361251869838f,0f,0f,0f,1f], start_interpolation: 0, interpolation_duration: 1 }
$data merge entity $(bone_chest2) { transformation: [-0.8656153450009749f,-0.00013894485907597898f,0.5007095517295123f,-0.29270539279582164f,0.09581682682842561f,0.9814735083842692f,0.1659183173625065f,2.2015805576445677f,-0.49145621391470323f,0.1915978419351326f,-0.8495652163138656f,-0.05733252405423431f,0f,0f,0f,1f], start_interpolation: 0, interpolation_duration: 1 }
$data merge entity $(bone_chest1lid3) { transformation: [-0.8656153450009749f,-0.00013894485907597898f,0.5007095517295123f,0.08214091270922745f,0.09581682682842561f,0.9814735083842692f,0.1659183173625065f,2.4552386637131884f,-0.49145621391470323f,0.1915978419351326f,-0.8495652163138656f,-0.540932064583271f,0f,0f,0f,1f], start_interpolation: 0, interpolation_duration: 1 }
$data merge entity $(bone_chest3) { transformation: [-0.8656153450009749f,-0.00013894485907597898f,0.5007095517295123f,0.08216262284345807f,0.09581682682842561f,0.9814735083842692f,0.1659183173625065f,2.3018834280281464f,-0.49145621391470323f,0.1915978419351326f,-0.8495652163138656f,-0.5708692273856355f,0f,0f,0f,1f], start_interpolation: 0, interpolation_duration: 1 }
$data merge entity $(bone_hugeasssword2) { transformation: [-1.9611124109405906f,2.499243433705912f,-2.2908727918656773f,-0.7353313058329746f,-0.6498467430031503f,2.3203520725390163f,3.08770841367022f,4.358748331576317f,3.3274637638959734f,1.9261428545981605f,-0.7471521808958785f,-0.6693672039077261f,0f,0f,0f,1f], start_interpolation: 0, interpolation_duration: 1 }
$data merge entity $(bone_belt) { transformation: [-0.8656153450009749f,-0.00013894485907597898f,0.5007095517295123f,0.1608954176195487f,0.09581682682842561f,0.9814735083842692f,0.1659183173625065f,2.642197503383265f,-0.49145621391470323f,0.1915978419351326f,-0.8495652163138656f,-0.010471135521482766f,0f,0f,0f,1f], start_interpolation: 0, interpolation_duration: 1 }
$data merge entity $(bone_torn_part) { transformation: [-0.8656153450009749f,-0.20934389252641958f,0.4548463577525162f,0.03947912099583742f,0.09581682682842561f,0.8223601660990858f,0.5608412368130713f,2.3944837197247817f,-0.49145621391470323f,0.5290547153890333f,-0.6917889113951268f,-0.09611653592423304f,0f,0f,0f,1f], start_interpolation: 0, interpolation_duration: 1 }
$data merge entity $(bone_lowerbody) { transformation: [-0.8656153450009749f,0.13200287750360812f,0.4829961851087547f,-0.0083639990308884f,0.09581682682842561f,0.9904662335073209f,-0.09897361253562868f,1.9154186814128944f,-0.49145621391470323f,-0.03939391593366529f,-0.8700108672838729f,0.09345782369215432f,0f,0f,0f,1f], start_interpolation: 0, interpolation_duration: 1 }
$data merge entity $(bone_leftfoot) { transformation: [-0.9731061014701256f,-0.22614964101033408f,0.043670625410706015f,0.22381029466688007f,-0.21465860903794015f,0.9592030413464578f,0.18398429411102046f,0.200535672575052f,-0.08349667390705241f,0.16968060345059835f,-0.9819630932499251f,0.645413763259846f,0f,0f,0f,1f], start_interpolation: 0, interpolation_duration: 1 }
$data merge entity $(bone_leftlowerleg) { transformation: [-0.9731061014701256f,-0.2256223982588822f,0.04631756747472314f,-0.033606045004700866f,-0.21465860903794015f,0.9612930501502717f,0.17273206633573335f,1.2404306237958145f,-0.08349667390705241f,0.15816266357052988f,-0.9838839339803225f,0.972044930122268f,0f,0f,0f,1f], start_interpolation: 0, interpolation_duration: 1 }
$data merge entity $(bone_leftleg) { transformation: [-0.9782045348250288f,0.08932363168190893f,0.18741439375603292f,0.035860119060637546f,-0.09301200564827317f,0.6184818570494541f,-0.7802826342245281f,1.7480478551238794f,-0.18560737927663007f,-0.7806964363391944f,-0.5967109579023017f,0.2752471758452898f,0f,0f,0f,1f], start_interpolation: 0, interpolation_duration: 1 }
$data merge entity $(bone_rightfoot) { transformation: [-0.4993862454574737f,0.03213862315192112f,0.8657864336961141f,-0.2994996349011466f,0.16986740099305192f,0.9835376602825148f,0.061473009212895224f,0.1687737902192077f,-0.8495634945000126f,0.17776551106021152f,-0.4966295201680112f,-0.27175108184997576f,0f,0f,0f,1f], start_interpolation: 0, interpolation_duration: 1 }
$data merge entity $(bone_rightlowerleg) { transformation: [-0.4993862454574737f,-0.2689456368248831f,0.8235819839598212f,-0.724400969417998f,0.16986740099305192f,0.9017428832566088f,0.3974733104898367f,1.108074766120978f,-0.8495634945000126f,0.3383921524376501f,-0.40463836742630005f,0.16582362712273582f,0f,0f,0f,1f], start_interpolation: 0, interpolation_duration: 1 }
$data merge entity $(bone_rightleg) { transformation: [-0.6050574970393784f,0.46578316530933167f,0.6457153476939134f,-0.30839980914058673f,0.07275467035100301f,0.8399616512832335f,-0.5377368433209007f,1.8641028480139403f,-0.7928506689273582f,-0.2783808751995511f,-0.5421169404176571f,-0.06480902759608037f,0f,0f,0f,1f], start_interpolation: 0, interpolation_duration: 1 }
$data merge entity $(bone_sack_top) { transformation: [-0.039999999999999994f,0f,4.898587196589412e-18f,-0.15436921296296294f,0f,0.09999999999999998f,0f,1.6497974537037037f,-4.898587196589412e-18f,0f,-0.039999999999999994f,-0.27416087962962965f,0f,0f,0f,1f], start_interpolation: 0, interpolation_duration: 1 }
$data merge entity $(bone_sack_main) { transformation: [-0.05833333333333333f,0f,7.143772995026226e-18f,-0.15436921296296294f,0f,0.05833333333333333f,0f,1.6497974537037037f,-7.143772995026226e-18f,0f,-0.05833333333333333f,-0.27416087962962965f,0f,0f,0f,1f], start_interpolation: 0, interpolation_duration: 1 }
data modify entity @s data merge value {"locators":{"lefthand":{"posx":-0.1913565586484134,"posy":2.328913419726143,"posz":0.1370904145625149,"roty":73.08260706364433,"rotx":-73.22253710474838},"righthand":{"posx":-1.2220276463603408,"posy":1.7932996467509421,"posz":-0.5641881700680127,"roty":27.216505225641555,"rotx":-24.91500875831102},"chest":{"posx":-0.3980047658653768,"posy":2.27066323780609,"posz":0.07801633199139141,"roty":30.51388683254254,"rotx":9.550585536523563},"sack":{"posx":-0.14811921296296293,"posy":1.6872974537037038,"posz":-0.27416087962962965,"roty":0,"rotx":0}},"cameras":{}}