# This file was generated by Animated Java via MC-Build. It is not recommended to edit this file directly.
$data merge entity $(bone_nose) { transformation: [-0.991324498666792f,-0.0857386272254134f,-0.09962241788139439f,-0.04897745931783877f,-0.06157956260136289f,0.9725795512494837f,-0.22426986859847675f,4.253335269838495f,0.11611931713913232f,-0.21618951013602575f,-0.96942168321855f,2.779288391129508f,0f,0f,0f,1f], start_interpolation: 0, interpolation_duration: 1 }
$data merge entity $(bone_glowing_eye) { transformation: [-0.991324498666792f,-0.0857386272254134f,-0.09962241788139439f,-0.17522183680471204f,-0.06157956260136289f,0.9725795512494837f,-0.22426986859847675f,4.3193153995751805f,0.11611931713913232f,-0.21618951013602575f,-0.96942168321855f,2.812994094920384f,0f,0f,0f,1f], start_interpolation: 0, interpolation_duration: 1 }
$data merge entity $(bone_head) { transformation: [-0.991324498666792f,-0.0857386272254134f,-0.09962241788139439f,-0.057045517421635335f,-0.06157956260136289f,0.9725795512494837f,-0.22426986859847675f,4.091248531916899f,0.11611931713913232f,-0.21618951013602575f,-0.96942168321855f,2.6244537389577958f,0f,0f,0f,1f], start_interpolation: 0, interpolation_duration: 1 }
$data merge entity $(bone_leftthumb2) { transformation: [-0.7787492545010575f,-0.3076569767524555f,0.5467145354475096f,1.127194410213891f,-0.3801510143703956f,0.9246828287162854f,-0.021139360217568237f,2.017230899810673f,-0.499033871482895f,-0.22429634623147102f,-0.8370521753033113f,2.566887790418661f,0f,0f,0f,1f], start_interpolation: 0, interpolation_duration: 1 }
$data merge entity $(bone_leftthumb) { transformation: [-0.7787492545010575f,-0.3076569767524555f,0.5467145354475096f,1.0984647015056825f,-0.3801510143703956f,0.9246828287162854f,-0.021139360217568237f,2.242195911556334f,-0.499033871482895f,-0.22429634623147102f,-0.8370521753033113f,2.440348407457007f,0f,0f,0f,1f], start_interpolation: 0, interpolation_duration: 1 }
$data merge entity $(bone_leftpointerfinger) { transformation: [-0.7787492545010575f,-0.3076569767524555f,0.5467145354475096f,1.3102175905627371f,-0.3801510143703956f,0.9246828287162854f,-0.021139360217568237f,1.9793724680703664f,-0.499033871482895f,-0.22429634623147102f,-0.8370521753033113f,2.5292906550403074f,0f,0f,0f,1f], start_interpolation: 0, interpolation_duration: 1 }
$data merge entity $(bone_leftmidfinger) { transformation: [-0.7787492545010575f,-0.3076569767524555f,0.5467145354475096f,1.3956417367264105f,-0.3801510143703956f,0.9246828287162854f,-0.021139360217568237f,1.9760694430363712f,-0.499033871482895f,-0.22429634623147102f,-0.8370521753033113f,2.398501252649165f,0f,0f,0f,1f], start_interpolation: 0, interpolation_duration: 1 }
$data merge entity $(bone_leftringfinger) { transformation: [-0.7787492545010575f,-0.3076569767524555f,0.5467145354475096f,1.4810658828900838f,-0.3801510143703956f,0.9246828287162854f,-0.021139360217568237f,1.9727664180023763f,-0.499033871482895f,-0.22429634623147102f,-0.8370521753033113f,2.2677118502580225f,0f,0f,0f,1f], start_interpolation: 0, interpolation_duration: 1 }
$data merge entity $(bone_invisibility) { transformation: [-0.2588369376638632f,-0.5714481939028598f,0.7787492545010574f,1.1134672942787545f,0.9193217147426684f,0.10165033731256658f,0.38015101437039556f,2.00989194227356f,-0.29639673497424496f,0.8143182244119311f,0.49903387148289474f,2.437347271746426f,0f,0f,0f,1f], start_interpolation: 0, interpolation_duration: 1 }
$data merge entity $(bone_swiftness) { transformation: [0.5467145354475094f,-0.3076569767524555f,0.7787492545010576f,1.2170785212730924f,-0.02113936021756832f,0.9246828287162854f,0.3801510143703956f,1.8609112004015163f,-0.8370521753033114f,-0.22429634623147102f,0.49903387148289485f,2.2847822556499615f,0f,0f,0f,1f], start_interpolation: 0, interpolation_duration: 1 }
$data merge entity $(bone_suspicious_stew) { transformation: [-0.04778036712770345f,-0.6255130974897241f,0.7787492545010577f,1.230397690460434f,0.8291133685351871f,0.40994661651170433f,0.38015101437039583f,1.9625838046366901f,-0.5570350605064075f,0.6638351726742239f,0.49903387148289513f,2.2909138801066553f,0f,0f,0f,1f], start_interpolation: 0, interpolation_duration: 1 }
$data merge entity $(bone_log) { transformation: [-0.7787492545010575f,-0.3076569767524555f,0.5467145354475096f,1.1445600696060048f,-0.3801510143703956f,0.9246828287162854f,-0.021139360217568237f,2.0415390931188027f,-0.499033871482895f,-0.22429634623147102f,-0.8370521753033113f,2.1768555906588576f,0f,0f,0f,1f], start_interpolation: 0, interpolation_duration: 1 }
$data merge entity $(bone_planks) { transformation: [-0.7787492545010575f,-0.3076569767524555f,0.5467145354475096f,1.0715523269965306f,-0.3801510143703956f,0.9246828287162854f,-0.021139360217568237f,2.005899935521578f,-0.499033871482895f,-0.22429634623147102f,-0.8370521753033113f,2.130071165207336f,0f,0f,0f,1f], start_interpolation: 0, interpolation_duration: 1 }
$data merge entity $(bone_lefthand) { transformation: [-0.7787492545010575f,-0.3076569767524555f,0.5467145354475096f,1.2452483098104206f,-0.3801510143703956f,0.9246828287162854f,-0.021139360217568237f,2.368408158897272f,-0.499033871482895f,-0.22429634623147102f,-0.8370521753033113f,2.271697852449942f,0f,0f,0f,1f], start_interpolation: 0, interpolation_duration: 1 }
$data merge entity $(bone_leftforearm) { transformation: [-0.9293167216153145f,-0.3076569767524555f,-0.20424890594983144f,0.9740360920858592f,-0.24141511978222513f,0.9246828287162854f,-0.2944153634200884f,3.0080875679054597f,0.2794443967351964f,-0.22429634623147102f,-0.933596260811125f,2.1460422003770625f,0f,0f,0f,1f], start_interpolation: 0, interpolation_duration: 1 }
$data merge entity $(bone_leftelbow) { transformation: [-0.8883682563260458f,-0.21033157191416701f,-0.40812065741436887f,0.9345989223519529f,-0.21647027645710637f,0.9757749403550771f,-0.031684147229014914f,3.191045369222037f,0.40489808663761906f,0.060198800911326705f,-0.9123780158498086f,2.1573294755479364f,0f,0f,0f,1f], start_interpolation: 0, interpolation_duration: 1 }
$data merge entity $(bone_leftarm) { transformation: [-0.8883682563260458f,-0.21033157191416701f,-0.40812065741436887f,0.6478563508677458f,-0.21647027645710637f,0.9757749403550771f,-0.031684147229014914f,3.63257009602549f,0.40489808663761906f,0.060198800911326705f,-0.9123780158498086f,2.3045121454508855f,0f,0f,0f,1f], start_interpolation: 0, interpolation_duration: 1 }
$data merge entity $(bone_rightthumb2) { transformation: [-0.7561752700764808f,-0.5571774715704192f,-0.3431504423706255f,-0.24061468670469371f,-0.3618536013270983f,0.7929696850719898f,-0.4901643089449077f,2.1445856401691734f,0.5452164085309341f,-0.24647990532946934f,-0.8012407404378569f,3.5665261739631213f,0f,0f,0f,1f], start_interpolation: 0, interpolation_duration: 1 }
$data merge entity $(bone_rightthumb) { transformation: [-0.7561752700764808f,-0.5571774715704192f,-0.3431504423706255f,-0.40658306170519f,-0.3618536013270983f,0.7929696850719898f,-0.4901643089449077f,2.2971672917287815f,0.5452164085309341f,-0.24647990532946934f,-0.8012407404378569f,3.437606795204391f,0f,0f,0f,1f], start_interpolation: 0, interpolation_duration: 1 }
$data merge entity $(bone_rightpointerfinger) { transformation: [-0.7561752700764808f,-0.5571774715704192f,-0.3431504423706255f,-0.32255105099688436f,-0.3618536013270983f,0.7929696850719898f,-0.4901643089449077f,1.9744199241875913f,0.5452164085309341f,-0.24647990532946934f,-0.8012407404378569f,3.5405578991156696f,0f,0f,0f,1f], start_interpolation: 0, interpolation_duration: 1 }
$data merge entity $(bone_rightmidfinger) { transformation: [-0.7561752700764808f,-0.5571774715704192f,-0.3431504423706255f,-0.3761683076172946f,-0.3618536013270983f,0.7929696850719898f,-0.4901643089449077f,1.8978317509149494f,0.5452164085309341f,-0.24647990532946934f,-0.8012407404378569f,3.415364033422254f,0f,0f,0f,1f], start_interpolation: 0, interpolation_duration: 1 }
$data merge entity $(bone_rightringfinger) { transformation: [-0.7561752700764808f,-0.5571774715704192f,-0.3431504423706255f,-0.4297855642377048f,-0.3618536013270983f,0.7929696850719898f,-0.4901643089449077f,1.8212435776423075f,0.5452164085309341f,-0.24647990532946934f,-0.8012407404378569f,3.290170167728839f,0f,0f,0f,1f], start_interpolation: 0, interpolation_duration: 1 }
$data merge entity $(bone_hugeasssword) { transformation: [-1.952677339556739f,3.170906889675666f,1.2135396501008056f,-0.2831241997539298f,-2.5740352892142213f,-2.2954909104518424f,1.856163136066066f,2.162679898374972f,2.213971841564218f,0.12786224938637283f,3.2283521660005396f,3.232994080705518f,0f,0f,0f,1f], start_interpolation: 0, interpolation_duration: 1 }
$data merge entity $(bone_ice) { transformation: [-0.7561752700764808f,-0.5571774715704192f,-0.3431504423706255f,-0.2626030631656969f,-0.3618536013270983f,0.7929696850719898f,-0.4901643089449077f,2.155943709566458f,0.5452164085309341f,-0.24647990532946934f,-0.8012407404378569f,3.228326322842995f,0f,0f,0f,1f], start_interpolation: 0, interpolation_duration: 1 }
$data merge entity $(bone_righthand) { transformation: [-0.7561752700764808f,-0.5571774715704192f,-0.3431504423706255f,-0.601664699901504f,-0.3618536013270983f,0.7929696850719898f,-0.4901643089449077f,2.2484050958481525f,0.5452164085309341f,-0.24647990532946934f,-0.8012407404378569f,3.2779716755046784f,0f,0f,0f,1f], start_interpolation: 0, interpolation_duration: 1 }
$data merge entity $(bone_rightforearm) { transformation: [-0.3478097424522949f,-0.33282929183873744f,-0.8765004538215555f,-0.800251867231386f,0.04318440085622842f,0.9281896051060672f,-0.36959324195083976f,2.904114281290324f,0.9365700670947991f,-0.16639927724352643f,-0.30846035394337995f,3.1072562475297643f,0f,0f,0f,1f], start_interpolation: 0, interpolation_duration: 1 }
$data merge entity $(bone_rightelbow) { transformation: [-0.2962397964242468f,-0.2587570394924797f,-0.91939478872115f,-0.8487688121362259f,0.08605814612910712f,0.951455845807767f,-0.2955093381994016f,3.08251225237928f,0.9512286678287938f,-0.16666303726775888f,-0.25959093495217356f,3.0760069280420597f,0f,0f,0f,1f], start_interpolation: 0, interpolation_duration: 1 }
$data merge entity $(bone_rightarm) { transformation: [-0.2962397964242468f,0.029686370313049368f,-0.9546521368708903f,-0.7392902922346819f,0.08605814612910712f,0.9962809398395883f,0.004276025861479044f,3.561693877025161f,0.9512286678287938f,-0.08088886406659004f,-0.29769281679388016f,2.836784125446025f,0f,0f,0f,1f], start_interpolation: 0, interpolation_duration: 1 }
$data merge entity $(bone_chest) { transformation: [-1.0102796253352733f,0.010414959689937223f,-0.390944648714096f,-0.0949965253297285f,-0.051620209249604074f,1.0699227842450296f,0.16190028060970788f,3.4548555371457983f,0.3876616356315878f,0.16961095329940232f,-0.9972771389595877f,2.4473014377153386f,0f,0f,0f,1f], start_interpolation: 0, interpolation_duration: 1 }
$data merge entity $(bone_chest1lid) { transformation: [-0.9325658080017908f,0.009613808944557437f,-0.3608719834283963f,-0.27875390759194674f,-0.04764942392271146f,0.9876210316107966f,0.1494464128704996f,2.705116489568587f,0.3578415098137734f,0.156563956891756f,-0.9205635128857733f,2.8227089461814048f,0f,0f,0f,1f], start_interpolation: 0, interpolation_duration: 1 }
$data merge entity $(bone_chest1) { transformation: [-0.9325658080017908f,0.009613808944557437f,-0.3608719834283963f,-0.28025606523953384f,-0.04764942392271146f,0.9876210316107966f,0.1494464128704996f,2.5508007033794f,0.3578415098137734f,0.156563956891756f,-0.9205635128857733f,2.798245827917068f,0f,0f,0f,1f], start_interpolation: 0, interpolation_duration: 1 }
$data merge entity $(bone_chest1lid3) { transformation: [-0.9325658080017908f,0.009613808944557437f,-0.3608719834283963f,-0.45165215897565114f,-0.04764942392271146f,0.9876210316107966f,0.1494464128704996f,2.80383368680892f,0.3578415098137734f,0.156563956891756f,-0.9205635128857733f,2.2106078513755953f,0f,0f,0f,1f], start_interpolation: 0, interpolation_duration: 1 }
$data merge entity $(bone_chest3) { transformation: [-0.9325658080017908f,0.009613808944557437f,-0.3608719834283963f,-0.45315431662323824f,-0.04764942392271146f,0.9876210316107966f,0.1494464128704996f,2.649517900619733f,0.3578415098137734f,0.156563956891756f,-0.9205635128857733f,2.1861447331112585f,0f,0f,0f,1f], start_interpolation: 0, interpolation_duration: 1 }
$data merge entity $(bone_hugeasssword2) { transformation: [1.413415268427885f,2.7183806361429097f,-2.4398651138528087f,-1.328417109226899f,-0.5853317837427899f,2.750901924467066f,2.725839885738276f,4.581679206866093f,3.6055404254692793f,-0.6190501569214292f,1.3989756685876056f,2.825956531047183f,0f,0f,0f,1f], start_interpolation: 0, interpolation_duration: 1 }
$data merge entity $(bone_belt) { transformation: [-0.9325658080017908f,0.009613808944557437f,-0.3608719834283963f,-0.021718031912841065f,-0.04764942392271146f,0.9876210316107966f,0.1494464128704996f,3.0434196940499536f,0.3578415098137734f,0.156563956891756f,-0.9205635128857733f,2.4939801657547274f,0f,0f,0f,1f], start_interpolation: 0, interpolation_duration: 1 }
$data merge entity $(bone_torn_part) { transformation: [-0.9325658080017908f,0.10238637482159134f,-0.346176319231775f,-0.1392046571942219f,-0.04764942392271146f,0.915635855405227f,0.39917478965507325f,2.75937215990694f,0.3578415098137734f,0.3887518624357069f,-0.8490120395536027f,2.494977573787881f,0f,0f,0f,1f], start_interpolation: 0, interpolation_duration: 1 }
$data merge entity $(bone_lowerbody) { transformation: [-0.9325658080017908f,-0.00644960565102423f,-0.36094240029804403f,0.005772969044654598f,-0.04764942392271146f,0.9932916102779964f,0.10536275125099354f,2.2642031179861686f,0.3578415098137734f,0.11545639669715699f,-0.9266171131140994f,2.5339624516770165f,0f,0f,0f,1f], start_interpolation: 0, interpolation_duration: 1 }
$data merge entity $(bone_leftfoot) { transformation: [-0.9912426157085291f,0.11374653811935014f,0.06708056252877258f,0.037640166268275474f,0.09315449553775004f,0.9623606126248779f,-0.2553121446962071f,0.19419017667954241f,-0.09359656384943117f,-0.24682742216806647f,-0.9645288522908197f,2.859317933721336f,0f,0f,0f,1f], start_interpolation: 0, interpolation_duration: 1 }
$data merge entity $(bone_leftlowerleg) { transformation: [-0.9912426157085291f,0.11374653811935014f,0.06708056252877258f,0.1535210970393447f,0.09315449553775004f,0.9623606126248779f,-0.2553121446962071f,1.3010365753522055f,-0.09359656384943117f,-0.24682742216806647f,-0.9645288522908197f,2.7336894005943932f,0f,0f,0f,1f], start_interpolation: 0, interpolation_duration: 1 }
$data merge entity $(bone_leftleg) { transformation: [-0.9912426157085291f,0.12152919111634969f,0.05165977651828444f,0.2503242134169576f,0.09315449553775004f,0.9208025621007566f,-0.3787411802138627f,2.292163506042296f,-0.09359656384943117f,-0.37061205773057093f,-0.9240597306994235f,2.361053444634775f,0f,0f,0f,1f], start_interpolation: 0, interpolation_duration: 1 }
$data merge entity $(bone_rightfoot) { transformation: [-0.9798345324326999f,0.09978015479611388f,0.17311328591779349f,-0.5332227554891861f,0.18609299026973758f,0.7711916355071575f,0.6087962387336693f,0.5997087516037503f,-0.0727577351548239f,0.6287347469582535f,-0.7742085829687511f,1.0747133410883816f,0f,0f,0f,1f], start_interpolation: 0, interpolation_duration: 1 }
$data merge entity $(bone_rightlowerleg) { transformation: [-0.9798345324326999f,0.09978015479611388f,0.17311328591779349f,-0.4491272452728903f,0.18609299026973758f,0.7711916355071575f,0.6087962387336693f,1.3617105936466194f,-0.0727577351548239f,0.6287347469582535f,-0.7742085829687511f,1.8911697126057923f,0f,0f,0f,1f], start_interpolation: 0, interpolation_duration: 1 }
$data merge entity $(bone_rightleg) { transformation: [-0.9605589483679021f,0.16497290439663176f,0.22385362968978129f,-0.24965563545764963f,0.24209182154128048f,0.8921865596177112f,0.3813065601066117f,2.292163506042296f,-0.1368139490445865f,0.42046056135201554f,-0.8969363743847014f,2.3655423998946317f,0f,0f,0f,1f], start_interpolation: 0, interpolation_duration: 1 }
data modify entity @s data merge value {"locators":{"lefthand":{"posx":1.2330610989078972,"posy":2.005267707225967,"posz":2.2542421083988264,"roty":33.15026906848391,"rotx":-1.2112863486018355},"righthand":{"posx":-0.31942687108003814,"posy":2.117288600440057,"posz":3.2958109962328845,"roty":336.81581621024617,"rotx":-29.351381696198153},"chest":{"posx":-0.2521112047403506,"posy":2.6185501285843116,"posz":2.9679442949457524,"roty":338.5942224649174,"rotx":8.594846746918568},"sack":{"posx":0,"posy":-0.4375,"posz":0,"roty":0,"rotx":0}},"cameras":{}}