# This file was generated by Animated Java via MC-Build. It is not recommended to edit this file directly.
$data merge entity $(bone_nose) {transformation: [-0.9992f,0.0396f,-0.0037f,-0.0062f,0.0382f,0.98f,0.1952f,3.5833f,0.0113f,0.1949f,-0.9808f,0.4956f,0f,0f,0f,1f],start_interpolation: 0,interpolation_duration: 1}
$data merge entity $(bone_glowing_eye) {transformation: [-0.9992f,0.0396f,-0.0037f,-0.1283f,0.0382f,0.98f,0.1952f,3.6477f,0.0113f,0.1949f,-0.9808f,0.5445f,0f,0f,0f,1f],start_interpolation: 0,interpolation_duration: 1}
$data merge entity $(bone_head) {transformation: [-0.9992f,0.0396f,-0.0037f,-0.0118f,0.0382f,0.98f,0.1952f,3.4989f,0.0113f,0.1949f,-0.9808f,0.2879f,0f,0f,0f,1f],start_interpolation: 0,interpolation_duration: 1}
$data merge entity $(bone_leftthumb2) {transformation: [-0.2086f,0.3138f,0.9263f,0.2628f,-0.9753f,-0.1375f,-0.173f,2.5646f,0.0731f,-0.9395f,0.3347f,2.4746f,0f,0f,0f,1f],start_interpolation: 0,interpolation_duration: 1}
$data merge entity $(bone_leftthumb) {transformation: [-0.2086f,0.3138f,0.9263f,0.4189f,-0.9753f,-0.1375f,-0.173f,2.5161f,0.0731f,-0.9395f,0.3347f,2.2728f,0f,0f,0f,1f],start_interpolation: 0,interpolation_duration: 1}
$data merge entity $(bone_leftpointerfinger) {transformation: [-0.2086f,0.3138f,0.9263f,0.3822f,-0.9753f,-0.1375f,-0.173f,2.6598f,0.0731f,-0.9395f,0.3347f,2.5888f,0f,0f,0f,1f],start_interpolation: 0,interpolation_duration: 1}
$data merge entity $(bone_leftmidfinger) {transformation: [-0.2086f,0.3138f,0.9263f,0.527f,-0.9753f,-0.1375f,-0.173f,2.6328f,0.0731f,-0.9395f,0.3347f,2.641f,0f,0f,0f,1f],start_interpolation: 0,interpolation_duration: 1}
$data merge entity $(bone_leftringfinger) {transformation: [-0.2086f,0.3138f,0.9263f,0.6717f,-0.9753f,-0.1375f,-0.173f,2.6057f,0.0731f,-0.9395f,0.3347f,2.6933f,0f,0f,0f,1f],start_interpolation: 0,interpolation_duration: 1}
$data merge entity $(bone_invisibility) {transformation: [0.3933f,-0.8954f,0.2086f,0.3485f,-0.152f,0.1604f,0.9753f,2.4673f,-0.9068f,-0.4153f,-0.0731f,2.4892f,0f,0f,0f,1f],start_interpolation: 0,interpolation_duration: 1}
$data merge entity $(bone_swiftness) {transformation: [0.9263f,0.3138f,0.2086f,0.4688f,-0.173f,-0.1375f,0.9753f,2.4027f,0.3347f,-0.9395f,-0.0731f,2.683f,0f,0f,0f,1f],start_interpolation: 0,interpolation_duration: 1}
$data merge entity $(bone_suspicious_stew) {transformation: [0.6758f,-0.7069f,0.2086f,0.5075f,-0.1977f,0.0987f,0.9753f,2.4413f,-0.71f,-0.7004f,-0.0731f,2.596f,0f,0f,0f,1f],start_interpolation: 0,interpolation_duration: 1}
$data merge entity $(bone_log) {transformation: [-0.2086f,0.3138f,0.9263f,0.5705f,-0.9753f,-0.1375f,-0.173f,2.3246f,0.0731f,-0.9395f,0.3347f,2.5011f,0f,0f,0f,1f],start_interpolation: 0,interpolation_duration: 1}
$data merge entity $(bone_planks) {transformation: [-0.2086f,0.3138f,0.9263f,0.551f,-0.9753f,-0.1375f,-0.173f,2.2331f,0.0731f,-0.9395f,0.3347f,2.508f,0f,0f,0f,1f],start_interpolation: 0,interpolation_duration: 1}
$data merge entity $(bone_lefthand1) {transformation: [-0.2086f,0.3138f,0.9263f,0.6722f,-0.9753f,-0.1375f,-0.173f,2.5394f,0.0731f,-0.9395f,0.3347f,2.2375f,0f,0f,0f,1f],start_interpolation: 0,interpolation_duration: 1}
$data merge entity $(bone_leftforearm) {transformation: [0.2608f,0.3103f,0.9142f,0.9097f,-0.8255f,0.5626f,0.0445f,2.8649f,-0.5005f,-0.7663f,0.4029f,1.6343f,0f,0f,0f,1f],start_interpolation: 0,interpolation_duration: 1}
$data merge entity $(bone_leftelbow) {transformation: [0.2608f,0.3103f,0.9142f,0.9679f,-0.8255f,0.5626f,0.0445f,2.9704f,-0.5005f,-0.7663f,0.4029f,1.4907f,0f,0f,0f,1f],start_interpolation: 0,interpolation_duration: 1}
$data merge entity $(bone_leftarm) {transformation: [0.027f,-0.5896f,0.8073f,0.471f,-0.918f,0.3049f,0.2534f,2.856f,-0.3955f,-0.7479f,-0.533f,1.073f,0f,0f,0f,1f],start_interpolation: 0,interpolation_duration: 1}
$data merge entity $(bone_rightthumb2) {transformation: [-0.8436f,0.4254f,0.3276f,-1.0677f,0.4509f,0.8926f,0.0019f,1.8443f,-0.2916f,0.1493f,-0.9448f,-0.5892f,0f,0f,0f,1f],start_interpolation: 0,interpolation_duration: 1}
$data merge entity $(bone_rightthumb) {transformation: [-0.8436f,0.4254f,0.3276f,-0.9353f,0.4509f,0.8926f,0.0019f,2.0634f,-0.2916f,0.1493f,-0.9448f,-0.6333f,0f,0f,0f,1f],start_interpolation: 0,interpolation_duration: 1}
$data merge entity $(bone_rightpointerfinger) {transformation: [-0.8436f,0.4254f,0.3276f,-1.1518f,0.4509f,0.8926f,0.0019f,1.8199f,-0.2916f,0.1493f,-0.9448f,-0.7585f,0f,0f,0f,1f],start_interpolation: 0,interpolation_duration: 1}
$data merge entity $(bone_rightmidfinger) {transformation: [-0.8436f,0.4254f,0.3276f,-1.1006f,0.4509f,0.8926f,0.0019f,1.8202f,-0.2916f,0.1493f,-0.9448f,-0.9061f,0f,0f,0f,1f],start_interpolation: 0,interpolation_duration: 1}
$data merge entity $(bone_rightringfinger) {transformation: [-0.8436f,0.4254f,0.3276f,-1.0494f,0.4509f,0.8926f,0.0019f,1.8205f,-0.2916f,0.1493f,-0.9448f,-1.0538f,0f,0f,0f,1f],start_interpolation: 0,interpolation_duration: 1}
$data merge entity $(bone_hugeasssword) {transformation: [-3.3041f,1.6663f,1.2832f,-0.7953f,1.7659f,3.496f,0.0073f,1.8817f,-1.1423f,0.5847f,-3.7005f,-0.7836f,0f,0f,0f,1f],start_interpolation: 0,interpolation_duration: 1}
$data merge entity $(bone_ice) {transformation: [-0.8436f,0.4254f,0.3276f,-0.7887f,0.4509f,0.8926f,0.0019f,1.8607f,-0.2916f,0.1493f,-0.9448f,-0.7814f,0f,0f,0f,1f],start_interpolation: 0,interpolation_duration: 1}
$data merge entity $(bone_righthand1) {transformation: [-0.8436f,0.4254f,0.3276f,-0.883f,0.4509f,0.8926f,0.0019f,2.1967f,-0.2916f,0.1493f,-0.9448f,-0.8465f,0f,0f,0f,1f],start_interpolation: 0,interpolation_duration: 1}
$data merge entity $(bone_rightforearm) {transformation: [-0.8436f,0.4254f,0.3276f,-0.5363f,0.4509f,0.8926f,0.0019f,2.7961f,-0.2916f,0.1493f,-0.9448f,-0.7085f,0f,0f,0f,1f],start_interpolation: 0,interpolation_duration: 1}
$data merge entity $(bone_rightelbow) {transformation: [-0.8436f,0.4254f,0.3276f,-0.4565f,0.4509f,0.8926f,0.0019f,2.9634f,-0.2916f,0.1493f,-0.9448f,-0.6805f,0f,0f,0f,1f],start_interpolation: 0,interpolation_duration: 1}
$data merge entity $(bone_rightarm) {transformation: [-0.6479f,-0.1516f,0.7465f,-0.5142f,0.6332f,0.4376f,0.6384f,2.9375f,-0.4234f,0.8863f,-0.1875f,-0.0412f,0f,0f,0f,1f],start_interpolation: 0,interpolation_duration: 1}
$data merge entity $(bone_chest1) {transformation: [-0.4573f,-0.1457f,0.9712f,0.1488f,0.1309f,1.0527f,0.2196f,2.8776f,-0.9733f,0.2101f,-0.4268f,0.1263f,0f,0f,0f,1f],start_interpolation: 0,interpolation_duration: 1}
$data merge entity $(bone_chest1lid) {transformation: [-0.4221f,-0.1345f,0.8965f,-0.2543f,0.1209f,0.9718f,0.2027f,2.1754f,-0.8984f,0.1939f,-0.3939f,-0.1588f,0f,0f,0f,1f],start_interpolation: 0,interpolation_duration: 1}
$data merge entity $(bone_chest2) {transformation: [-0.4221f,-0.1345f,0.8965f,-0.2332f,0.1209f,0.9718f,0.2027f,2.0236f,-0.8984f,0.1939f,-0.3939f,-0.1891f,0f,0f,0f,1f],start_interpolation: 0,interpolation_duration: 1}
$data merge entity $(bone_chest1lid3) {transformation: [-0.4221f,-0.1345f,0.8965f,0.3465f,0.1209f,0.9718f,0.2027f,2.2977f,-0.8984f,0.1939f,-0.3939f,-0.355f,0f,0f,0f,1f],start_interpolation: 0,interpolation_duration: 1}
$data merge entity $(bone_chest3) {transformation: [-0.4221f,-0.1345f,0.8965f,0.3675f,0.1209f,0.9718f,0.2027f,2.1459f,-0.8984f,0.1939f,-0.3939f,-0.3853f,0f,0f,0f,1f],start_interpolation: 0,interpolation_duration: 1}
$data merge entity $(bone_hugeasssword2) {transformation: [-3.5113f,0.8631f,-1.5053f,-0.2898f,-0.7938f,2.2223f,3.1259f,4.2078f,1.5429f,3.1075f,-1.8174f,-0.86f,0f,0f,0f,1f],start_interpolation: 0,interpolation_duration: 1}
$data merge entity $(bone_belt) {transformation: [-0.4221f,-0.1345f,0.8965f,0.0985f,0.1209f,0.9718f,0.2027f,2.4602f,-0.8984f,0.1939f,-0.3939f,0.1294f,0f,0f,0f,1f],start_interpolation: 0,interpolation_duration: 1}
$data merge entity $(bone_torn_part) {transformation: [-0.5151f,-0.2633f,0.8157f,0.0605f,0.1214f,0.9196f,0.3735f,2.1852f,-0.8485f,0.2915f,-0.4417f,-0.0389f,0f,0f,0f,1f],start_interpolation: 0,interpolation_duration: 1}
$data merge entity $(bone_lowerbody) {transformation: [-0.5151f,-0.0058f,0.8571f,-0.0069f,0.1214f,0.9894f,0.0797f,1.679f,-0.8485f,0.1451f,-0.5089f,0.0447f,0f,0f,0f,1f],start_interpolation: 0,interpolation_duration: 1}
$data merge entity $(bone_leftfoot) {transformation: [-0.8796f,-0.3515f,0.3204f,0.2609f,-0.2913f,0.9307f,0.2212f,0.1933f,-0.376f,0.1013f,-0.9211f,0.863f,0f,0f,0f,1f],start_interpolation: 0,interpolation_duration: 1}
$data merge entity $(bone_leftlowerleg) {transformation: [-0.8796f,-0.3515f,0.3204f,-0.1783f,-0.2913f,0.9307f,0.2212f,1.1918f,-0.376f,0.1013f,-0.9211f,1.1169f,0f,0f,0f,1f],start_interpolation: 0,interpolation_duration: 1}
$data merge entity $(bone_leftleg) {transformation: [-0.7919f,0.3718f,0.4844f,0.1393f,-0.3105f,0.4378f,-0.8438f,1.6051f,-0.5257f,-0.8186f,-0.2313f,0.374f,0f,0f,0f,1f],start_interpolation: 0,interpolation_duration: 1}
$data merge entity $(bone_rightfoot) {transformation: [-0.4007f,-0.3843f,0.8317f,-0.3299f,0.1852f,0.855f,0.4844f,0.2748f,-0.8973f,0.3481f,-0.2714f,-0.5515f,0f,0f,0f,1f],start_interpolation: 0,interpolation_duration: 1}
$data merge entity $(bone_rightlowerleg) {transformation: [-0.4007f,-0.3843f,0.8317f,-0.8841f,0.1852f,0.855f,0.4844f,1.149f,-0.8973f,0.3481f,-0.2714f,-0.1236f,0f,0f,0f,1f],start_interpolation: 0,interpolation_duration: 1}
$data merge entity $(bone_rightleg) {transformation: [-0.2907f,0.8025f,0.5211f,-0.1725f,0.1965f,0.583f,-0.7883f,1.6795f,-0.9364f,-0.1268f,-0.3272f,-0.1839f,0f,0f,0f,1f],start_interpolation: 0,interpolation_duration: 1}
$data merge entity $(bone_sack_top) {transformation: [0f,0f,0f,-0.0625f,0f,0f,0f,-1.5625f,0f,0f,0f,0f,0f,0f,0f,1f],start_interpolation: 0,interpolation_duration: 1}
$data merge entity $(bone_sack_main) {transformation: [0f,0f,0f,-0.0625f,0f,0f,0f,-1.5625f,0f,0f,0f,0f,0f,0f,0f,1f],start_interpolation: 0,interpolation_duration: 1}
$data merge entity $(bone_blast_off1) {transformation: [0f,0f,0f,0f,0f,0f,0f,-2.5f,0f,0f,0f,0f,0f,0f,0f,1f],start_interpolation: 0,interpolation_duration: 1}
$data merge entity $(bone_blast_off2) {transformation: [0f,0f,0f,0f,0f,0f,0f,-2.5f,0f,0f,0f,0f,0f,0f,0f,1f],start_interpolation: 0,interpolation_duration: 1}
data modify entity @s data merge value {"cameras":{},"locators":{"lefthand":{"posx":0.5511136258646132,"posy":2.429443324128898,"posz":2.5624485801702535,"roty":109.86409258851748,"rotx":-9.963143854927303},"sword":{"posx":-2.087699843398869,"posy":1.882196019525005,"posz":2.6877055098872695,"roty":19.12483914651358,"rotx":0.10625406076817621},"righthand":{"posx":-0.8795754146918141,"posy":1.8890344224201554,"posz":-0.7962641873126216,"roty":19.12483914651358,"rotx":0.10625406076817621},"chest":{"posx":-0.3991187543625698,"posy":2.0868234758846276,"posz":-0.13744914741786904,"roty":66.27840561804138,"rotx":11.6933217097719},"sack":{"posx":-0.062499375,"posy":-1.56248875,"posz":-7.653965954246011e-18,"roty":0,"rotx":0}}}
execute on vehicle unless entity @s[tag=aj.transforms_only] run function animated_java:wander/variants/sword_hand/apply