# This file was generated by Animated Java via MC-Build. It is not recommended to edit this file directly.
$data merge entity $(bone_nose) {transformation: [-0.9894f,-0.0956f,-0.1096f,-0.11f,-0.1212f,0.9583f,0.2587f,3.605f,0.0804f,0.2692f,-0.9597f,0.7585f,0f,0f,0f,1f],start_interpolation: 0,interpolation_duration: 1}
$data merge entity $(bone_glowing_eye) {transformation: [-0.9894f,-0.0956f,-0.1096f,-0.2363f,-0.1212f,0.9583f,0.2587f,3.6457f,0.0804f,0.2692f,-0.9597f,0.8202f,0f,0f,0f,1f],start_interpolation: 0,interpolation_duration: 1}
$data merge entity $(bone_head) {transformation: [-0.9894f,-0.0956f,-0.1096f,-0.1187f,-0.1212f,0.9583f,0.2587f,3.5351f,0.0804f,0.2692f,-0.9597f,0.5455f,0f,0f,0f,1f],start_interpolation: 0,interpolation_duration: 1}
$data merge entity $(bone_leftthumb2) {transformation: [-0.0834f,0.5262f,0.8463f,-0.1093f,-0.9521f,-0.2929f,0.0883f,2.6751f,0.2943f,-0.7984f,0.5253f,2.7233f,0f,0f,0f,1f],start_interpolation: 0,interpolation_duration: 1}
$data merge entity $(bone_leftthumb) {transformation: [-0.0834f,0.5262f,0.8463f,0.0921f,-0.9521f,-0.2929f,0.0883f,2.6109f,0.2943f,-0.7984f,0.5253f,2.5725f,0f,0f,0f,1f],start_interpolation: 0,interpolation_duration: 1}
$data merge entity $(bone_leftpointerfinger) {transformation: [-0.0834f,0.5262f,0.8463f,-0.0318f,-0.9521f,-0.2929f,0.0883f,2.8152f,0.2943f,-0.7984f,0.5253f,2.8268f,0f,0f,0f,1f],start_interpolation: 0,interpolation_duration: 1}
$data merge entity $(bone_leftmidfinger) {transformation: [-0.0834f,0.5262f,0.8463f,0.1005f,-0.9521f,-0.2929f,0.0883f,2.829f,0.2943f,-0.7984f,0.5253f,2.9089f,0f,0f,0f,1f],start_interpolation: 0,interpolation_duration: 1}
$data merge entity $(bone_leftringfinger) {transformation: [-0.0834f,0.5262f,0.8463f,0.2327f,-0.9521f,-0.2929f,0.0883f,2.8428f,0.2943f,-0.7984f,0.5253f,2.991f,0f,0f,0f,1f],start_interpolation: 0,interpolation_duration: 1}
$data merge entity $(bone_invisibility) {transformation: [0.5979f,-0.7972f,0.0834f,-0.0163f,-0.2841f,-0.1135f,0.9521f,2.6019f,-0.7495f,-0.5929f,-0.2943f,2.7783f,0f,0f,0f,1f],start_interpolation: 0,interpolation_duration: 1}
$data merge entity $(bone_swiftness) {transformation: [0.8463f,0.5262f,0.0834f,0.0668f,0.0883f,-0.2929f,0.9521f,2.6086f,0.5253f,-0.7984f,-0.2943f,3.0002f,0f,0f,0f,1f],start_interpolation: 0,interpolation_duration: 1}
$data merge entity $(bone_suspicious_stew) {transformation: [0.8345f,-0.5446f,0.0834f,0.1177f,-0.2281f,-0.2038f,0.9521f,2.6322f,-0.5015f,-0.8135f,-0.2943f,2.9142f,0f,0f,0f,1f],start_interpolation: 0,interpolation_duration: 1}
$data merge entity $(bone_log) {transformation: [-0.0834f,0.5262f,0.8463f,0.2153f,-0.9521f,-0.2929f,0.0883f,2.5105f,0.2943f,-0.7984f,0.5253f,2.8666f,0f,0f,0f,1f],start_interpolation: 0,interpolation_duration: 1}
$data merge entity $(bone_planks) {transformation: [-0.0834f,0.5262f,0.8463f,0.2075f,-0.9521f,-0.2929f,0.0883f,2.4212f,0.2943f,-0.7984f,0.5253f,2.8942f,0f,0f,0f,1f],start_interpolation: 0,interpolation_duration: 1}
$data merge entity $(bone_lefthand1) {transformation: [-0.0834f,0.5262f,0.8463f,0.3413f,-0.9521f,-0.2929f,0.0883f,2.6725f,0.2943f,-0.7984f,0.5253f,2.5771f,0f,0f,0f,1f],start_interpolation: 0,interpolation_duration: 1}
$data merge entity $(bone_leftforearm) {transformation: [0.323f,0.4156f,0.8503f,0.6589f,-0.8616f,0.5009f,0.0825f,2.9467f,-0.3916f,-0.7592f,0.5198f,1.9842f,0f,0f,0f,1f],start_interpolation: 0,interpolation_duration: 1}
$data merge entity $(bone_leftelbow) {transformation: [0.323f,0.4156f,0.8503f,0.7368f,-0.8616f,0.5009f,0.0825f,3.0407f,-0.3916f,-0.7592f,0.5198f,1.8418f,0f,0f,0f,1f],start_interpolation: 0,interpolation_duration: 1}
$data merge entity $(bone_leftarm) {transformation: [0.0707f,-0.5061f,0.8596f,0.2824f,-0.9482f,0.2335f,0.2155f,2.8849f,-0.3097f,-0.8303f,-0.4633f,1.3827f,0f,0f,0f,1f],start_interpolation: 0,interpolation_duration: 1}
$data merge entity $(bone_rightthumb2) {transformation: [0.2853f,0.3277f,0.9007f,-0.8719f,0.7191f,0.5481f,-0.4272f,1.642f,-0.6336f,0.7696f,-0.0793f,-0.7035f,0f,0f,0f,1f],start_interpolation: 0,interpolation_duration: 1}
$data merge entity $(bone_rightthumb) {transformation: [0.2853f,0.3277f,0.9007f,-0.7145f,0.7191f,0.5481f,-0.4272f,1.7399f,-0.6336f,0.7696f,-0.0793f,-0.5215f,0f,0f,0f,1f],start_interpolation: 0,interpolation_duration: 1}
$data merge entity $(bone_rightpointerfinger) {transformation: [0.2853f,0.3277f,0.9007f,-0.7486f,0.7191f,0.5481f,-0.4272f,1.6187f,-0.6336f,0.7696f,-0.0793f,-0.847f,0f,0f,0f,1f],start_interpolation: 0,interpolation_duration: 1}
$data merge entity $(bone_rightmidfinger) {transformation: [0.2853f,0.3277f,0.9007f,-0.6079f,0.7191f,0.5481f,-0.4272f,1.5519f,-0.6336f,0.7696f,-0.0793f,-0.8594f,0f,0f,0f,1f],start_interpolation: 0,interpolation_duration: 1}
$data merge entity $(bone_rightringfinger) {transformation: [0.2853f,0.3277f,0.9007f,-0.4672f,0.7191f,0.5481f,-0.4272f,1.4852f,-0.6336f,0.7696f,-0.0793f,-0.8718f,0f,0f,0f,1f],start_interpolation: 0,interpolation_duration: 1}
$data merge entity $(bone_hugeasssword) {transformation: [1.1174f,1.2834f,3.5277f,-0.6312f,2.8165f,2.1467f,-1.6731f,1.4789f,-2.4818f,3.0141f,-0.3104f,-0.5336f,0f,0f,0f,1f],start_interpolation: 0,interpolation_duration: 1}
$data merge entity $(bone_ice) {transformation: [0.2853f,0.3277f,0.9007f,-0.6408f,0.7191f,0.5481f,-0.4272f,1.4591f,-0.6336f,0.7696f,-0.0793f,-0.5357f,0f,0f,0f,1f],start_interpolation: 0,interpolation_duration: 1}
$data merge entity $(bone_righthand1) {transformation: [0.2853f,0.3277f,0.9007f,-0.4594f,0.7191f,0.5481f,-0.4272f,1.7626f,-0.6336f,0.7696f,-0.0793f,-0.5042f,0f,0f,0f,1f],start_interpolation: 0,interpolation_duration: 1}
$data merge entity $(bone_rightforearm) {transformation: [-0.5033f,0.4052f,0.7632f,-0.155f,0.208f,0.9141f,-0.3481f,2.3977f,-0.8387f,-0.0165f,-0.5444f,-0.4549f,0f,0f,0f,1f],start_interpolation: 0,interpolation_duration: 1}
$data merge entity $(bone_rightelbow) {transformation: [-0.5033f,0.4052f,0.7632f,-0.079f,0.208f,0.9141f,-0.3481f,2.5691f,-0.8387f,-0.0165f,-0.5444f,-0.458f,0f,0f,0f,1f],start_interpolation: 0,interpolation_duration: 1}
$data merge entity $(bone_rightarm) {transformation: [-0.247f,-0.5151f,0.8207f,-0.4538f,0.3384f,0.7478f,0.5712f,2.8035f,-0.908f,0.4189f,-0.0104f,0.0062f,0f,0f,0f,1f],start_interpolation: 0,interpolation_duration: 1}
$data merge entity $(bone_chest1) {transformation: [-0.3577f,-0.1641f,1.0093f,0.0561f,0.1476f,1.0498f,0.223f,2.9159f,-1.0119f,0.2112f,-0.3243f,0.3909f,0f,0f,0f,1f],start_interpolation: 0,interpolation_duration: 1}
$data merge entity $(bone_chest1lid) {transformation: [-0.3302f,-0.1515f,0.9317f,-0.3177f,0.1363f,0.969f,0.2059f,2.2196f,-0.934f,0.1949f,-0.2993f,0.0559f,0f,0f,0f,1f],start_interpolation: 0,interpolation_duration: 1}
$data merge entity $(bone_chest2) {transformation: [-0.3302f,-0.1515f,0.9317f,-0.294f,0.1363f,0.969f,0.2059f,2.0682f,-0.934f,0.1949f,-0.2993f,0.0255f,0f,0f,0f,1f],start_interpolation: 0,interpolation_duration: 1}
$data merge entity $(bone_chest1lid3) {transformation: [-0.3302f,-0.1515f,0.9317f,0.2998f,0.1363f,0.969f,0.2059f,2.343f,-0.934f,0.1949f,-0.2993f,-0.0775f,0f,0f,0f,1f],start_interpolation: 0,interpolation_duration: 1}
$data merge entity $(bone_chest3) {transformation: [-0.3302f,-0.1515f,0.9317f,0.3235f,0.1363f,0.969f,0.2059f,2.1916f,-0.934f,0.1949f,-0.2993f,-0.1079f,0f,0f,0f,1f],start_interpolation: 0,interpolation_duration: 1}
$data merge entity $(bone_hugeasssword2) {transformation: [-3.6491f,0.5527f,-1.3112f,-0.2797f,-0.8063f,2.1707f,3.1589f,4.2627f,1.1724f,3.213f,-1.9086f,-0.613f,0f,0f,0f,1f],start_interpolation: 0,interpolation_duration: 1}
$data merge entity $(bone_belt) {transformation: [-0.3302f,-0.1515f,0.9317f,0.0051f,0.1363f,0.969f,0.2059f,2.4986f,-0.934f,0.1949f,-0.2993f,0.3824f,0f,0f,0f,1f],start_interpolation: 0,interpolation_duration: 1}
$data merge entity $(bone_torn_part) {transformation: [-0.4568f,-0.2856f,0.8425f,-0.0205f,0.1408f,0.9119f,0.3855f,2.2278f,-0.8783f,0.2947f,-0.3764f,0.2045f,0f,0f,0f,1f],start_interpolation: 0,interpolation_duration: 1}
$data merge entity $(bone_lowerbody) {transformation: [-0.4568f,-0.019f,0.8894f,-0.0917f,0.1408f,0.9856f,0.0934f,1.7197f,-0.8783f,0.1679f,-0.4476f,0.2712f,0f,0f,0f,1f],start_interpolation: 0,interpolation_duration: 1}
$data merge entity $(bone_leftfoot) {transformation: [-0.8391f,-0.4495f,0.3063f,0.2549f,-0.3299f,0.8683f,0.3704f,0.2261f,-0.4324f,0.2098f,-0.8769f,0.8986f,0f,0f,0f,1f],start_interpolation: 0,interpolation_duration: 1}
$data merge entity $(bone_leftlowerleg) {transformation: [-0.8391f,-0.4495f,0.3063f,-0.2907f,-0.3299f,0.8683f,0.3704f,1.1325f,-0.4324f,0.2098f,-0.8769f,1.2661f,0f,0f,0f,1f],start_interpolation: 0,interpolation_duration: 1}
$data merge entity $(bone_leftleg) {transformation: [-0.7399f,0.3902f,0.548f,0.0448f,-0.2981f,0.5401f,-0.7871f,1.6331f,-0.6031f,-0.7457f,-0.2833f,0.592f,0f,0f,0f,1f],start_interpolation: 0,interpolation_duration: 1}
$data merge entity $(bone_rightfoot) {transformation: [-0.3833f,-0.3968f,0.8341f,-0.3215f,0.2454f,0.8268f,0.5061f,0.2812f,-0.8904f,0.3987f,-0.2195f,-0.5042f,0f,0f,0f,1f],start_interpolation: 0,interpolation_duration: 1}
$data merge entity $(bone_rightlowerleg) {transformation: [-0.3833f,-0.3968f,0.8341f,-0.8899f,0.2454f,0.8268f,0.5061f,1.1207f,-0.8904f,0.3987f,-0.2195f,-0.0282f,0f,0f,0f,1f],start_interpolation: 0,interpolation_duration: 1}
$data merge entity $(bone_rightleg) {transformation: [-0.2288f,0.7549f,0.6147f,-0.2237f,0.2435f,0.6557f,-0.7146f,1.7224f,-0.9425f,-0.0139f,-0.3339f,0.0216f,0f,0f,0f,1f],start_interpolation: 0,interpolation_duration: 1}
data modify entity @s data merge value {"cameras":{},"locators":{"lefthand":{"posx":0.16882633445795472,"posy":2.6212432056362513,"posz":2.893214954058892,"roty":121.83033745840534,"rotx":5.066238738986097},"sword":{"posx":-3.954489989460007,"posy":3.0998460628362317,"posz":-0.31361113619132314,"roty":84.97111817164614,"rotx":-25.288546635332278},"righthand":{"posx":-0.6332048700650154,"posy":1.5246303969896875,"posz":-0.6058730251830697,"roty":84.97111817164614,"rotx":-25.288546635332278},"chest":{"posx":-0.46410516786092404,"posy":2.1311321311054474,"posz":0.0613153599544237,"roty":72.18805820195931,"rotx":11.880037342993186}}}