# This file was generated by Animated Java via MC-Build. It is not recommended to edit this file directly.
$data merge entity $(bone_nose) {transformation: [-0.9983f,-0.0586f,0f,-0.1975f,-0.0525f,0.895f,0.4429f,3.7532f,-0.0259f,0.4422f,-0.8966f,0.3858f,0f,0f,0f,1f],start_interpolation: 0,interpolation_duration: 1}
$data merge entity $(bone_glowing_eye) {transformation: [-0.9983f,-0.0586f,0f,-0.3263f,-0.0525f,0.895f,0.4429f,3.7918f,-0.0259f,0.4422f,-0.8966f,0.4438f,0f,0f,0f,1f],start_interpolation: 0,interpolation_duration: 1}
$data merge entity $(bone_head) {transformation: [-0.9983f,-0.0586f,0f,-0.1903f,-0.0525f,0.895f,0.4429f,3.7256f,-0.0259f,0.4422f,-0.8966f,0.1633f,0f,0f,0f,1f],start_interpolation: 0,interpolation_duration: 1}
$data merge entity $(bone_leftthumb2) {transformation: [-0.5817f,-0.6006f,0.5486f,1.3723f,-0.5877f,-0.1559f,-0.7939f,2.824f,0.5623f,-0.7842f,-0.2623f,1.004f,0f,0f,0f,1f],start_interpolation: 0,interpolation_duration: 1}
$data merge entity $(bone_leftthumb) {transformation: [-0.5817f,-0.6006f,0.5486f,1.2719f,-0.5877f,-0.1559f,-0.7939f,2.7179f,0.5623f,-0.7842f,-0.2623f,0.7893f,0f,0f,0f,1f],start_interpolation: 0,interpolation_duration: 1}
$data merge entity $(bone_leftpointerfinger) {transformation: [-0.5817f,-0.6006f,0.5486f,1.5583f,-0.5877f,-0.1559f,-0.7939f,2.7961f,0.5623f,-0.7842f,-0.2623f,0.9728f,0f,0f,0f,1f],start_interpolation: 0,interpolation_duration: 1}
$data merge entity $(bone_leftmidfinger) {transformation: [-0.5817f,-0.6006f,0.5486f,1.644f,-0.5877f,-0.1559f,-0.7939f,2.6721f,0.5623f,-0.7842f,-0.2623f,0.9318f,0f,0f,0f,1f],start_interpolation: 0,interpolation_duration: 1}
$data merge entity $(bone_leftringfinger) {transformation: [-0.5817f,-0.6006f,0.5486f,1.7297f,-0.5877f,-0.1559f,-0.7939f,2.548f,0.5623f,-0.7842f,-0.2623f,0.8908f,0f,0f,0f,1f],start_interpolation: 0,interpolation_duration: 1}
$data merge entity $(bone_invisibility) {transformation: [-0.5505f,-0.5988f,0.5817f,1.3664f,-0.2245f,0.7773f,0.5877f,2.6937f,-0.8041f,0.1929f,-0.5623f,1.0006f,0f,0f,0f,1f],start_interpolation: 0,interpolation_duration: 1}
$data merge entity $(bone_swiftness) {transformation: [0.5486f,-0.6006f,0.5817f,1.5203f,-0.7939f,-0.1559f,0.5877f,2.5353f,-0.2623f,-0.7842f,-0.5623f,1.0869f,0f,0f,0f,1f],start_interpolation: 0,interpolation_duration: 1}
$data merge entity $(bone_suspicious_stew) {transformation: [-0.3125f,-0.751f,0.5817f,1.4974f,-0.4768f,0.6536f,0.5877f,2.5521f,-0.8216f,-0.0937f,-0.5623f,0.9882f,0f,0f,0f,1f],start_interpolation: 0,interpolation_duration: 1}
$data merge entity $(bone_log) {transformation: [-0.5817f,-0.6006f,0.5486f,1.3935f,-0.5877f,-0.1559f,-0.7939f,2.4403f,0.5623f,-0.7842f,-0.2623f,0.9306f,0f,0f,0f,1f],start_interpolation: 0,interpolation_duration: 1}
$data merge entity $(bone_planks) {transformation: [-0.5817f,-0.6006f,0.5486f,1.339f,-0.5877f,-0.1559f,-0.7939f,2.3852f,0.5623f,-0.7842f,-0.2623f,0.9833f,0f,0f,0f,1f],start_interpolation: 0,interpolation_duration: 1}
$data merge entity $(bone_lefthand1) {transformation: [-0.5817f,-0.6006f,0.5486f,1.3716f,-0.5877f,-0.1559f,-0.7939f,2.5731f,0.5623f,-0.7842f,-0.2623f,0.6022f,0f,0f,0f,1f],start_interpolation: 0,interpolation_duration: 1}
$data merge entity $(bone_leftforearm) {transformation: [-0.5097f,-0.0245f,0.86f,1.2924f,-0.774f,0.4496f,-0.4459f,2.8206f,-0.3757f,-0.8929f,-0.2481f,-0.0761f,0f,0f,0f,1f],start_interpolation: 0,interpolation_duration: 1}
$data merge entity $(bone_leftelbow) {transformation: [-0.5097f,-0.0245f,0.86f,1.2878f,-0.774f,0.4496f,-0.4459f,2.9049f,-0.3757f,-0.8929f,-0.2481f,-0.2435f,0f,0f,0f,1f],start_interpolation: 0,interpolation_duration: 1}
$data merge entity $(bone_leftarm) {transformation: [-0.6449f,-0.7466f,-0.1633f,0.6602f,-0.7639f,0.6234f,0.1666f,3.062f,-0.0226f,0.2322f,-0.9724f,0.151f,0f,0f,0f,1f],start_interpolation: 0,interpolation_duration: 1}
$data merge entity $(bone_rightthumb2) {transformation: [-0.7524f,0.246f,-0.611f,-0.8772f,0.6318f,0.5321f,-0.5637f,2.3794f,0.1864f,-0.8102f,-0.5558f,1.279f,0f,0f,0f,1f],start_interpolation: 0,interpolation_duration: 1}
$data merge entity $(bone_rightthumb) {transformation: [-0.7524f,0.246f,-0.611f,-0.8691f,0.6318f,0.5321f,-0.5637f,2.4617f,0.1864f,-0.8102f,-0.5558f,1.0328f,0f,0f,0f,1f],start_interpolation: 0,interpolation_duration: 1}
$data merge entity $(bone_rightpointerfinger) {transformation: [-0.7524f,0.246f,-0.611f,-1.0608f,0.6318f,0.5321f,-0.5637f,2.3298f,0.1864f,-0.8102f,-0.5558f,1.293f,0f,0f,0f,1f],start_interpolation: 0,interpolation_duration: 1}
$data merge entity $(bone_rightmidfinger) {transformation: [-0.7524f,0.246f,-0.611f,-1.1563f,0.6318f,0.5321f,-0.5637f,2.2417f,0.1864f,-0.8102f,-0.5558f,1.2061f,0f,0f,0f,1f],start_interpolation: 0,interpolation_duration: 1}
$data merge entity $(bone_rightringfinger) {transformation: [-0.7524f,0.246f,-0.611f,-1.2517f,0.6318f,0.5321f,-0.5637f,2.1536f,0.1864f,-0.8102f,-0.5558f,1.1193f,0f,0f,0f,1f],start_interpolation: 0,interpolation_duration: 1}
$data merge entity $(bone_hugeasssword) {transformation: [-2.9469f,0.9635f,-2.3932f,-0.8969f,2.4744f,2.084f,-2.2079f,2.1908f,0.7302f,-3.1732f,-2.1767f,1.0007f,0f,0f,0f,1f],start_interpolation: 0,interpolation_duration: 1}
$data merge entity $(bone_ice) {transformation: [-0.7524f,0.246f,-0.611f,-0.889f,0.6318f,0.5321f,-0.5637f,2.1726f,0.1864f,-0.8102f,-0.5558f,1.0105f,0f,0f,0f,1f],start_interpolation: 0,interpolation_duration: 1}
$data merge entity $(bone_righthand1) {transformation: [-0.7524f,0.246f,-0.611f,-1.0347f,0.6318f,0.5321f,-0.5637f,2.4459f,0.1864f,-0.8102f,-0.5558f,0.8372f,0f,0f,0f,1f],start_interpolation: 0,interpolation_duration: 1}
$data merge entity $(bone_rightforearm) {transformation: [-0.8768f,-0.3916f,-0.2792f,-1.2508f,0.1581f,0.3136f,-0.9363f,2.6711f,0.4542f,-0.8651f,-0.213f,0.2039f,0f,0f,0f,1f],start_interpolation: 0,interpolation_duration: 1}
$data merge entity $(bone_rightelbow) {transformation: [-0.8768f,-0.3916f,-0.2792f,-1.3243f,0.1581f,0.3136f,-0.9363f,2.7299f,0.4542f,-0.8651f,-0.213f,0.0417f,0f,0f,0f,1f],start_interpolation: 0,interpolation_duration: 1}
$data merge entity $(bone_rightarm) {transformation: [-0.9836f,0.0298f,-0.1777f,-1.0251f,0.0422f,0.9969f,-0.0665f,3.3068f,0.1752f,-0.0729f,-0.9818f,0.1408f,0f,0f,0f,1f],start_interpolation: 0,interpolation_duration: 1}
$data merge entity $(bone_chest1) {transformation: [-1.0752f,0.1257f,0.0415f,-0.2656f,0.1288f,1.0718f,0.0908f,3.0831f,-0.0305f,0.095f,-1.0787f,0.0243f,0f,0f,0f,1f],start_interpolation: 0,interpolation_duration: 1}
$data merge entity $(bone_chest1lid) {transformation: [-0.9925f,0.116f,0.0383f,-0.6988f,0.1189f,0.9894f,0.0838f,2.4147f,-0.0282f,0.0877f,-0.9957f,0.3444f,0f,0f,0f,1f],start_interpolation: 0,interpolation_duration: 1}
$data merge entity $(bone_chest2) {transformation: [-0.9925f,0.116f,0.0383f,-0.7169f,0.1189f,0.9894f,0.0838f,2.2602f,-0.0282f,0.0877f,-0.9957f,0.3307f,0f,0f,0f,1f],start_interpolation: 0,interpolation_duration: 1}
$data merge entity $(bone_chest1lid3) {transformation: [-0.9925f,0.116f,0.0383f,-0.6122f,0.1189f,0.9894f,0.0838f,2.461f,-0.0282f,0.0877f,-0.9957f,-0.2917f,0f,0f,0f,1f],start_interpolation: 0,interpolation_duration: 1}
$data merge entity $(bone_chest3) {transformation: [-0.9925f,0.116f,0.0383f,-0.6303f,0.1189f,0.9894f,0.0838f,2.3064f,-0.0282f,0.0877f,-0.9957f,-0.3054f,0f,0f,0f,1f],start_interpolation: 0,interpolation_duration: 1}
$data merge entity $(bone_hugeasssword2) {transformation: [-0.15f,3.173f,-2.2912f,-1.3437f,-0.3281f,2.2746f,3.1715f,4.3997f,3.9f,0.3134f,0.1787f,-0.1724f,0f,0f,0f,1f],start_interpolation: 0,interpolation_duration: 1}
$data merge entity $(bone_belt) {transformation: [-0.9925f,0.116f,0.0383f,-0.2851f,0.1189f,0.9894f,0.0838f,2.6743f,-0.0282f,0.0877f,-0.9957f,0.1207f,0f,0f,0f,1f],start_interpolation: 0,interpolation_duration: 1}
$data merge entity $(bone_torn_part) {transformation: [-0.9776f,0.0301f,0.2085f,-0.4215f,0.0963f,0.9441f,0.3152f,2.398f,-0.1873f,0.3282f,-0.9258f,0.0802f,0f,0f,0f,1f],start_interpolation: 0,interpolation_duration: 1}
$data merge entity $(bone_lowerbody) {transformation: [-0.9776f,0.0914f,0.1898f,-0.3974f,0.0963f,0.9952f,0.0167f,1.9003f,-0.1873f,0.0346f,-0.9817f,0.2196f,0f,0f,0f,1f],start_interpolation: 0,interpolation_duration: 1}
$data merge entity $(bone_leftfoot) {transformation: [-0.9223f,-0.2723f,0.2741f,0.2894f,-0.2759f,0.9608f,0.0261f,0.1601f,-0.2705f,-0.0515f,-0.9614f,0.9285f,0f,0f,0f,1f],start_interpolation: 0,interpolation_duration: 1}
$data merge entity $(bone_leftlowerleg) {transformation: [-0.9223f,-0.2723f,0.2741f,-0.0548f,-0.2759f,0.9608f,0.0261f,1.222f,-0.2705f,-0.0515f,-0.9614f,1.0191f,0f,0f,0f,1f],start_interpolation: 0,interpolation_duration: 1}
$data merge entity $(bone_leftleg) {transformation: [-0.9187f,0.0258f,0.394f,-0.0795f,-0.3007f,0.6012f,-0.7404f,1.8243f,-0.256f,-0.7987f,-0.5446f,0.2812f,0f,0f,0f,1f],start_interpolation: 0,interpolation_duration: 1}
$data merge entity $(bone_rightfoot) {transformation: [-0.7179f,-0.3177f,0.6194f,-0.3957f,0.2468f,0.7158f,0.6533f,0.328f,-0.6509f,0.6218f,-0.4355f,-0.4516f,0f,0f,0f,1f],start_interpolation: 0,interpolation_duration: 1}
$data merge entity $(bone_rightlowerleg) {transformation: [-0.7179f,-0.3177f,0.6194f,-0.8434f,0.2468f,0.7158f,0.6533f,1.0218f,-0.6509f,0.6218f,-0.4355f,0.3051f,0f,0f,0f,1f],start_interpolation: 0,interpolation_duration: 1}
$data merge entity $(bone_rightleg) {transformation: [-0.793f,0.2681f,0.5471f,-0.6002f,0.0585f,0.9273f,-0.3697f,1.9065f,-0.6064f,-0.2612f,-0.751f,0.1068f,0f,0f,0f,1f],start_interpolation: 0,interpolation_duration: 1}
data modify entity @s data merge value {"cameras":{},"locators":{"lefthand":{"posx":1.48637992562034,"posy":2.519992773187281,"posz":0.9432695568734535,"roty":64.44584729665252,"rotx":-52.552081778751386},"sword":{"posx":1.2993687366502915,"posy":4.310995534704054,"posz":3.0986514214911973,"roty":312.2878184088863,"rotx":-34.31296440790035},"righthand":{"posx":-0.9538111483184023,"posy":2.232304005413566,"posz":1.0492909890566204,"roty":312.2878184088863,"rotx":-34.31296440790035},"chest":{"posx":-0.7430358195876572,"posy":2.343537137165868,"posz":0.4936640074997671,"roty":2.2028024599530625,"rotx":4.805364718779968}}}