# This file was generated by Animated Java via MC-Build. It is not recommended to edit this file directly.
$data merge entity $(bone_nose) {transformation: [-0.9786f,0.0023f,-0.2058f,-0.3816f,-0.0968f,0.8773f,0.4701f,3.7149f,0.1816f,0.4799f,-0.8583f,0.3126f,0f,0f,0f,1f],start_interpolation: 0,interpolation_duration: 1}
$data merge entity $(bone_glowing_eye) {transformation: [-0.9786f,0.0023f,-0.2058f,-0.4966f,-0.0968f,0.8773f,0.4701f,3.7458f,0.1816f,0.4799f,-0.8583f,0.3978f,0f,0f,0f,1f],start_interpolation: 0,interpolation_duration: 1}
$data merge entity $(bone_head) {transformation: [-0.9786f,0.0023f,-0.2058f,-0.4204f,-0.0968f,0.8773f,0.4701f,3.6946f,0.1816f,0.4799f,-0.8583f,0.0926f,0f,0f,0f,1f],start_interpolation: 0,interpolation_duration: 1}
$data merge entity $(bone_leftthumb2) {transformation: [-0.6056f,-0.7793f,0.1608f,1.1588f,-0.4663f,0.1839f,-0.8653f,2.513f,0.6448f,-0.599f,-0.4748f,0.0953f,0f,0f,0f,1f],start_interpolation: 0,interpolation_duration: 1}
$data merge entity $(bone_leftthumb) {transformation: [-0.6056f,-0.7793f,0.1608f,0.9815f,-0.4663f,0.1839f,-0.8653f,2.4842f,0.6448f,-0.599f,-0.4748f,-0.0922f,0f,0f,0f,1f],start_interpolation: 0,interpolation_duration: 1}
$data merge entity $(bone_leftpointerfinger) {transformation: [-0.6056f,-0.7793f,0.1608f,1.311f,-0.4663f,0.1839f,-0.8653f,2.4343f,0.6448f,-0.599f,-0.4748f,0.0116f,0f,0f,0f,1f],start_interpolation: 0,interpolation_duration: 1}
$data merge entity $(bone_leftmidfinger) {transformation: [-0.6056f,-0.7793f,0.1608f,1.3361f,-0.4663f,0.1839f,-0.8653f,2.2991f,0.6448f,-0.599f,-0.4748f,-0.0626f,0f,0f,0f,1f],start_interpolation: 0,interpolation_duration: 1}
$data merge entity $(bone_leftringfinger) {transformation: [-0.6056f,-0.7793f,0.1608f,1.3612f,-0.4663f,0.1839f,-0.8653f,2.1639f,0.6448f,-0.599f,-0.4748f,-0.1368f,0f,0f,0f,1f],start_interpolation: 0,interpolation_duration: 1}
$data merge entity $(bone_invisibility) {transformation: [-0.7624f,-0.2281f,0.6056f,1.1071f,0.1078f,0.878f,0.4663f,2.394f,-0.6381f,0.4208f,-0.6448f,0.0818f,0f,0f,0f,1f],start_interpolation: 0,interpolation_duration: 1}
$data merge entity $(bone_swiftness) {transformation: [0.1608f,-0.7793f,0.6056f,1.2113f,-0.8653f,0.1839f,0.4663f,2.1826f,-0.4748f,-0.599f,-0.6448f,0.1075f,0f,0f,0f,1f],start_interpolation: 0,interpolation_duration: 1}
$data merge entity $(bone_suspicious_stew) {transformation: [-0.6384f,-0.4751f,0.6056f,1.1738f,-0.199f,0.8619f,0.4663f,2.2231f,-0.7435f,0.1771f,-0.6448f,0.0209f,0f,0f,0f,1f],start_interpolation: 0,interpolation_duration: 1}
$data merge entity $(bone_log) {transformation: [-0.6056f,-0.7793f,0.1608f,1.0272f,-0.4663f,0.1839f,-0.8653f,2.1618f,0.6448f,-0.599f,-0.4748f,-0.0158f,0f,0f,0f,1f],start_interpolation: 0,interpolation_duration: 1}
$data merge entity $(bone_planks) {transformation: [-0.6056f,-0.7793f,0.1608f,0.9704f,-0.4663f,0.1839f,-0.8653f,2.1181f,0.6448f,-0.599f,-0.4748f,0.0447f,0f,0f,0f,1f],start_interpolation: 0,interpolation_duration: 1}
$data merge entity $(bone_lefthand1) {transformation: [-0.6056f,-0.7793f,0.1608f,0.9787f,-0.4663f,0.1839f,-0.8653f,2.3514f,0.6448f,-0.599f,-0.4748f,-0.3119f,0f,0f,0f,1f],start_interpolation: 0,interpolation_duration: 1}
$data merge entity $(bone_leftforearm) {transformation: [-0.7936f,-0.3425f,0.5028f,0.6587f,-0.6006f,0.5734f,-0.5573f,2.7076f,-0.0974f,-0.7443f,-0.6608f,-0.8532f,0f,0f,0f,1f],start_interpolation: 0,interpolation_duration: 1}
$data merge entity $(bone_leftelbow) {transformation: [-0.7936f,-0.3425f,0.5028f,0.5945f,-0.6006f,0.5734f,-0.5573f,2.8151f,-0.0974f,-0.7443f,-0.6608f,-0.9927f,0f,0f,0f,1f],start_interpolation: 0,interpolation_duration: 1}
$data merge entity $(bone_leftarm) {transformation: [-0.7445f,-0.4103f,-0.5267f,0.2588f,-0.613f,0.7326f,0.2958f,3.0461f,0.2645f,0.5431f,-0.797f,-0.3696f,0f,0f,0f,1f],start_interpolation: 0,interpolation_duration: 1}
$data merge entity $(bone_rightthumb2) {transformation: [-0.3832f,-0.1779f,-0.9064f,-0.3633f,0.7833f,0.4574f,-0.421f,2.3214f,0.4895f,-0.8713f,-0.0359f,1.3757f,0f,0f,0f,1f],start_interpolation: 0,interpolation_duration: 1}
$data merge entity $(bone_rightthumb) {transformation: [-0.3832f,-0.1779f,-0.9064f,-0.4844f,0.7833f,0.4574f,-0.421f,2.3976f,0.4895f,-0.8713f,-0.0359f,1.1589f,0f,0f,0f,1f],start_interpolation: 0,interpolation_duration: 1}
$data merge entity $(bone_rightpointerfinger) {transformation: [-0.3832f,-0.1779f,-0.9064f,-0.5104f,0.7833f,0.4574f,-0.421f,2.3135f,0.4895f,-0.8713f,-0.0359f,1.4967f,0f,0f,0f,1f],start_interpolation: 0,interpolation_duration: 1}
$data merge entity $(bone_rightmidfinger) {transformation: [-0.3832f,-0.1779f,-0.9064f,-0.652f,0.7833f,0.4574f,-0.421f,2.2477f,0.4895f,-0.8713f,-0.0359f,1.4911f,0f,0f,0f,1f],start_interpolation: 0,interpolation_duration: 1}
$data merge entity $(bone_rightringfinger) {transformation: [-0.3832f,-0.1779f,-0.9064f,-0.7936f,0.7833f,0.4574f,-0.421f,2.1819f,0.4895f,-0.8713f,-0.0359f,1.4855f,0f,0f,0f,1f],start_interpolation: 0,interpolation_duration: 1}
$data merge entity $(bone_hugeasssword) {transformation: [-1.5008f,-0.6969f,-3.5499f,-0.5722f,3.0679f,1.7916f,-1.6487f,2.1391f,1.9172f,-3.4125f,-0.1406f,1.1846f,0f,0f,0f,1f],start_interpolation: 0,interpolation_duration: 1}
$data merge entity $(bone_ice) {transformation: [-0.3832f,-0.1779f,-0.9064f,-0.5634f,0.7833f,0.4574f,-0.421f,2.1197f,0.4895f,-0.8713f,-0.0359f,1.1906f,0f,0f,0f,1f],start_interpolation: 0,interpolation_duration: 1}
$data merge entity $(bone_righthand1) {transformation: [-0.3832f,-0.1779f,-0.9064f,-0.732f,0.7833f,0.4574f,-0.421f,2.4168f,0.4895f,-0.8713f,-0.0359f,1.094f,0f,0f,0f,1f],start_interpolation: 0,interpolation_duration: 1}
$data merge entity $(bone_rightforearm) {transformation: [-0.3148f,-0.872f,-0.3749f,-1.3196f,0.246f,0.3065f,-0.9195f,2.6313f,0.9167f,-0.3817f,0.118f,0.7665f,0f,0f,0f,1f],start_interpolation: 0,interpolation_duration: 1}
$data merge entity $(bone_rightelbow) {transformation: [-0.3148f,-0.872f,-0.3749f,-1.4831f,0.246f,0.3065f,-0.9195f,2.6887f,0.9167f,-0.3817f,0.118f,0.6949f,0f,0f,0f,1f],start_interpolation: 0,interpolation_duration: 1}
$data merge entity $(bone_rightarm) {transformation: [-0.5887f,0.0015f,-0.8084f,-1.1807f,0.1271f,0.9877f,-0.0907f,3.2438f,0.7983f,-0.1562f,-0.5816f,0.5131f,0f,0f,0f,1f],start_interpolation: 0,interpolation_duration: 1}
$data merge entity $(bone_chest1) {transformation: [-0.9235f,0.128f,-0.5517f,-0.5416f,0.1159f,1.0757f,0.0556f,3.047f,0.5544f,-0.0116f,-0.9307f,0.0307f,0f,0f,0f,1f],start_interpolation: 0,interpolation_duration: 1}
$data merge entity $(bone_chest1lid) {transformation: [-0.8524f,0.1182f,-0.5093f,-0.7141f,0.107f,0.9929f,0.0513f,2.3849f,0.5117f,-0.0107f,-0.8591f,0.5489f,0f,0f,0f,1f],start_interpolation: 0,interpolation_duration: 1}
$data merge entity $(bone_chest2) {transformation: [-0.8524f,0.1182f,-0.5093f,-0.7326f,0.107f,0.9929f,0.0513f,2.2297f,0.5117f,-0.0107f,-0.8591f,0.5506f,0f,0f,0f,1f],start_interpolation: 0,interpolation_duration: 1}
$data merge entity $(bone_chest1lid3) {transformation: [-0.8524f,0.1182f,-0.5093f,-0.9871f,0.107f,0.9929f,0.0513f,2.4111f,0.5117f,-0.0107f,-0.8591f,-0.0334f,0f,0f,0f,1f],start_interpolation: 0,interpolation_duration: 1}
$data merge entity $(bone_chest3) {transformation: [-0.8524f,0.1182f,-0.5093f,-1.0056f,0.107f,0.9929f,0.0513f,2.2559f,0.5117f,-0.0107f,-0.8591f,-0.0317f,0f,0f,0f,1f],start_interpolation: 0,interpolation_duration: 1}
$data merge entity $(bone_hugeasssword2) {transformation: [1.9947f,2.7743f,-1.9144f,-1.5897f,-0.201f,2.3184f,3.1503f,4.3446f,3.3647f,-1.5062f,1.3231f,0.4212f,0f,0f,0f,1f],start_interpolation: 0,interpolation_duration: 1}
$data merge entity $(bone_belt) {transformation: [-0.8524f,0.1182f,-0.5093f,-0.4947f,0.107f,0.9929f,0.0513f,2.6414f,0.5117f,-0.0107f,-0.8591f,0.131f,0f,0f,0f,1f],start_interpolation: 0,interpolation_duration: 1}
$data merge entity $(bone_torn_part) {transformation: [-0.9624f,0.1211f,-0.2432f,-0.614f,0.0512f,0.9599f,0.2755f,2.3585f,0.2668f,0.2527f,-0.93f,0.1635f,0f,0f,0f,1f],start_interpolation: 0,interpolation_duration: 1}
$data merge entity $(bone_lowerbody) {transformation: [-0.9624f,0.0424f,-0.2683f,-0.5029f,0.0512f,0.9984f,-0.0259f,1.8696f,0.2668f,-0.0386f,-0.963f,0.2918f,0f,0f,0f,1f],start_interpolation: 0,interpolation_duration: 1}
$data merge entity $(bone_leftfoot) {transformation: [-0.9254f,-0.2815f,0.254f,0.2817f,-0.2846f,0.9583f,0.0253f,0.1641f,-0.2505f,-0.0488f,-0.9669f,0.8498f,0f,0f,0f,1f],start_interpolation: 0,interpolation_duration: 1}
$data merge entity $(bone_leftlowerleg) {transformation: [-0.9254f,-0.2815f,0.254f,-0.0696f,-0.2846f,0.9583f,0.0253f,1.2234f,-0.2505f,-0.0488f,-0.9669f,0.9442f,0f,0f,0f,1f],start_interpolation: 0,interpolation_duration: 1}
$data merge entity $(bone_leftleg) {transformation: [-0.9562f,-0.0855f,0.2799f,-0.2131f,-0.2759f,0.5823f,-0.7647f,1.8078f,-0.0976f,-0.8084f,-0.5804f,0.2072f,0f,0f,0f,1f],start_interpolation: 0,interpolation_duration: 1}
$data merge entity $(bone_rightfoot) {transformation: [-0.8481f,-0.2728f,0.4542f,-0.4461f,0.2053f,0.6211f,0.7564f,0.377f,-0.4884f,0.7347f,-0.4708f,-0.4946f,0f,0f,0f,1f],start_interpolation: 0,interpolation_duration: 1}
$data merge entity $(bone_rightlowerleg) {transformation: [-0.8481f,-0.2728f,0.4542f,-0.8185f,0.2053f,0.6211f,0.7564f,0.9499f,-0.4884f,0.7347f,-0.4708f,0.3928f,0f,0f,0f,1f],start_interpolation: 0,interpolation_duration: 1}
$data merge entity $(bone_rightleg) {transformation: [-0.9336f,0.1094f,0.3412f,-0.7205f,0.0383f,0.9773f,-0.2086f,1.8765f,-0.3562f,-0.1816f,-0.9166f,0.2607f,0f,0f,0f,1f],start_interpolation: 0,interpolation_duration: 1}
data modify entity @s data merge value {"cameras":{},"locators":{"lefthand":{"posx":1.142304014550593,"posy":2.2047144912579855,"posz":-0.022029192213790127,"roty":18.707282371362624,"rotx":-59.916723342696045},"sword":{"posx":2.7598392442830333,"posy":3.7448773460966605,"posz":1.383079752316681,"roty":272.26885878533903,"rotx":-24.89501527640041},"righthand":{"posx":-0.5823984490431878,"posy":2.192598780699067,"posz":1.25066107268042,"roty":272.26885878533903,"rotx":-24.89501527640041},"chest":{"posx":-0.6685730701800238,"posy":2.3181362878293363,"posz":0.699829068255476,"roty":329.33921178148694,"rotx":2.941604863747218}}}