# This file was generated by Animated Java via MC-Build. It is not recommended to edit this file directly.
$data merge entity $(bone_nose) {transformation: [-0.9946f,-0.0273f,-0.0999f,-0.5006f,-0.0676f,0.9023f,0.4258f,3.6763f,0.0785f,0.4303f,-0.8993f,0.3222f,0f,0f,0f,1f],start_interpolation: 0,interpolation_duration: 1}
$data merge entity $(bone_glowing_eye) {transformation: [-0.9946f,-0.0273f,-0.0999f,-0.6233f,-0.0676f,0.9023f,0.4258f,3.714f,0.0785f,0.4303f,-0.8993f,0.3925f,0f,0f,0f,1f],start_interpolation: 0,interpolation_duration: 1}
$data merge entity $(bone_head) {transformation: [-0.9946f,-0.0273f,-0.0999f,-0.5159f,-0.0676f,0.9023f,0.4258f,3.6446f,0.0785f,0.4303f,-0.8993f,0.1006f,0f,0f,0f,1f],start_interpolation: 0,interpolation_duration: 1}
$data merge entity $(bone_leftthumb2) {transformation: [-0.5107f,-0.8532f,-0.1056f,1.0077f,-0.368f,0.328f,-0.87f,2.3628f,0.777f,-0.4055f,-0.4815f,-0.2033f,0f,0f,0f,1f],start_interpolation: 0,interpolation_duration: 1}
$data merge entity $(bone_leftthumb) {transformation: [-0.5107f,-0.8532f,-0.1056f,0.7894f,-0.368f,0.328f,-0.87f,2.3688f,0.777f,-0.4055f,-0.4815f,-0.3438f,0f,0f,0f,1f],start_interpolation: 0,interpolation_duration: 1}
$data merge entity $(bone_leftpointerfinger) {transformation: [-0.5107f,-0.8532f,-0.1056f,1.1203f,-0.368f,0.328f,-0.87f,2.2607f,0.777f,-0.4055f,-0.4815f,-0.3183f,0f,0f,0f,1f],start_interpolation: 0,interpolation_duration: 1}
$data merge entity $(bone_leftmidfinger) {transformation: [-0.5107f,-0.8532f,-0.1056f,1.1038f,-0.368f,0.328f,-0.87f,2.1247f,0.777f,-0.4055f,-0.4815f,-0.3936f,0f,0f,0f,1f],start_interpolation: 0,interpolation_duration: 1}
$data merge entity $(bone_leftringfinger) {transformation: [-0.5107f,-0.8532f,-0.1056f,1.0873f,-0.368f,0.328f,-0.87f,1.9888f,0.777f,-0.4055f,-0.4815f,-0.4688f,0f,0f,0f,1f],start_interpolation: 0,interpolation_duration: 1}
$data merge entity $(bone_invisibility) {transformation: [-0.8592f,0.0309f,0.5107f,0.9345f,0.2509f,0.8953f,0.368f,2.2547f,-0.4459f,0.4444f,-0.777f,-0.202f,0f,0f,0f,1f],start_interpolation: 0,interpolation_duration: 1}
$data merge entity $(bone_swiftness) {transformation: [-0.1056f,-0.8532f,0.5107f,1.0036f,-0.87f,0.328f,0.368f,2.028f,-0.4815f,-0.4055f,-0.777f,-0.1969f,0f,0f,0f,1f],start_interpolation: 0,interpolation_duration: 1}
$data merge entity $(bone_suspicious_stew) {transformation: [-0.8179f,-0.2648f,0.5107f,0.9547f,-0.0704f,0.9271f,0.368f,2.0762f,-0.571f,0.265f,-0.777f,-0.2732f,0f,0f,0f,1f],start_interpolation: 0,interpolation_duration: 1}
$data merge entity $(bone_log) {transformation: [-0.5107f,-0.8532f,-0.1056f,0.7952f,-0.368f,0.328f,-0.87f,2.042f,0.777f,-0.4055f,-0.4815f,-0.2737f,0f,0f,0f,1f],start_interpolation: 0,interpolation_duration: 1}
$data merge entity $(bone_planks) {transformation: [-0.5107f,-0.8532f,-0.1056f,0.7473f,-0.368f,0.328f,-0.87f,2.0075f,0.777f,-0.4055f,-0.4815f,-0.2008f,0f,0f,0f,1f],start_interpolation: 0,interpolation_duration: 1}
$data merge entity $(bone_lefthand1) {transformation: [-0.5107f,-0.8532f,-0.1056f,0.7129f,-0.368f,0.328f,-0.87f,2.2432f,0.777f,-0.4055f,-0.4815f,-0.5542f,0f,0f,0f,1f],start_interpolation: 0,interpolation_duration: 1}
$data merge entity $(bone_leftforearm) {transformation: [-0.8368f,-0.4378f,0.3287f,0.3215f,-0.5438f,0.5951f,-0.5918f,2.6213f,0.0634f,-0.674f,-0.736f,-1.0297f,0f,0f,0f,1f],start_interpolation: 0,interpolation_duration: 1}
$data merge entity $(bone_leftelbow) {transformation: [-0.8368f,-0.4378f,0.3287f,0.2394f,-0.5438f,0.5951f,-0.5918f,2.7328f,0.0634f,-0.674f,-0.736f,-1.156f,0f,0f,0f,1f],start_interpolation: 0,interpolation_duration: 1}
$data merge entity $(bone_leftarm) {transformation: [-0.7249f,-0.2673f,-0.6349f,0.0298f,-0.5572f,0.7695f,0.3121f,2.9959f,0.4052f,0.58f,-0.7067f,-0.4981f,0f,0f,0f,1f],start_interpolation: 0,interpolation_duration: 1}
$data merge entity $(bone_rightthumb2) {transformation: [-0.2087f,-0.3031f,-0.9298f,-0.1388f,0.8801f,0.3564f,-0.3137f,2.2209f,0.4265f,-0.8838f,0.1923f,1.3434f,0f,0f,0f,1f],start_interpolation: 0,interpolation_duration: 1}
$data merge entity $(bone_rightthumb) {transformation: [-0.2087f,-0.3031f,-0.9298f,-0.2926f,0.8801f,0.3564f,-0.3137f,2.2815f,0.4265f,-0.8838f,0.1923f,1.143f,0f,0f,0f,1f],start_interpolation: 0,interpolation_duration: 1}
$data merge entity $(bone_rightpointerfinger) {transformation: [-0.2087f,-0.3031f,-0.9298f,-0.2596f,0.8801f,0.3564f,-0.3137f,2.2461f,0.4265f,-0.8838f,0.1923f,1.4887f,0f,0f,0f,1f],start_interpolation: 0,interpolation_duration: 1}
$data merge entity $(bone_rightmidfinger) {transformation: [-0.2087f,-0.3031f,-0.9298f,-0.4049f,0.8801f,0.3564f,-0.3137f,2.1971f,0.4265f,-0.8838f,0.1923f,1.5188f,0f,0f,0f,1f],start_interpolation: 0,interpolation_duration: 1}
$data merge entity $(bone_rightringfinger) {transformation: [-0.2087f,-0.3031f,-0.9298f,-0.5502f,0.8801f,0.3564f,-0.3137f,2.148f,0.4265f,-0.8838f,0.1923f,1.5488f,0f,0f,0f,1f],start_interpolation: 0,interpolation_duration: 1}
$data merge entity $(bone_hugeasssword) {transformation: [-0.8176f,-1.187f,-3.6418f,-0.3964f,3.4469f,1.3961f,-1.2288f,2.0406f,1.6705f,-3.4616f,0.7532f,1.2229f,0f,0f,0f,1f],start_interpolation: 0,interpolation_duration: 1}
$data merge entity $(bone_ice) {transformation: [-0.2087f,-0.3031f,-0.9298f,-0.3885f,0.8801f,0.3564f,-0.3137f,2.0213f,0.4265f,-0.8838f,0.1923f,1.2301f,0f,0f,0f,1f],start_interpolation: 0,interpolation_duration: 1}
$data merge entity $(bone_righthand1) {transformation: [-0.2087f,-0.3031f,-0.9298f,-0.5455f,0.8801f,0.3564f,-0.3137f,2.3206f,0.4265f,-0.8838f,0.1923f,1.1218f,0f,0f,0f,1f],start_interpolation: 0,interpolation_duration: 1}
$data merge entity $(bone_rightforearm) {transformation: [0.0213f,-0.9536f,-0.3002f,-1.2126f,0.3057f,0.2921f,-0.9062f,2.5211f,0.9519f,-0.0725f,0.2978f,1.0067f,0f,0f,0f,1f],start_interpolation: 0,interpolation_duration: 1}
$data merge entity $(bone_rightelbow) {transformation: [0.0213f,-0.9536f,-0.3002f,-1.3914f,0.3057f,0.2921f,-0.9062f,2.5758f,0.9519f,-0.0725f,0.2978f,0.9931f,0f,0f,0f,1f],start_interpolation: 0,interpolation_duration: 1}
$data merge entity $(bone_rightarm) {transformation: [-0.2747f,-0.0664f,-0.9592f,-1.1792f,0.1829f,0.9758f,-0.12f,3.1151f,0.944f,-0.2084f,-0.2559f,0.6828f,0f,0f,0f,1f],start_interpolation: 0,interpolation_duration: 1}
$data merge entity $(bone_chest1) {transformation: [-0.7704f,0.1149f,-0.7529f,-0.644f,0.12f,1.0759f,0.0414f,2.9959f,0.7521f,-0.0539f,-0.7778f,0.0763f,0f,0f,0f,1f],start_interpolation: 0,interpolation_duration: 1}
$data merge entity $(bone_chest1lid) {transformation: [-0.7111f,0.1061f,-0.695f,-0.6873f,0.1108f,0.9931f,0.0382f,2.34f,0.6943f,-0.0498f,-0.718f,0.6283f,0f,0f,0f,1f],start_interpolation: 0,interpolation_duration: 1}
$data merge entity $(bone_chest2) {transformation: [-0.7111f,0.1061f,-0.695f,-0.7039f,0.1108f,0.9931f,0.0382f,2.1848f,0.6943f,-0.0498f,-0.718f,0.6361f,0f,0f,0f,1f],start_interpolation: 0,interpolation_duration: 1}
$data merge entity $(bone_chest1lid3) {transformation: [-0.7111f,0.1061f,-0.695f,-1.0881f,0.1108f,0.9931f,0.0382f,2.3576f,0.6943f,-0.0498f,-0.718f,0.125f,0f,0f,0f,1f],start_interpolation: 0,interpolation_duration: 1}
$data merge entity $(bone_chest3) {transformation: [-0.7111f,0.1061f,-0.695f,-1.1047f,0.1108f,0.9931f,0.0382f,2.2024f,0.6943f,-0.0498f,-0.718f,0.1328f,0f,0f,0f,1f],start_interpolation: 0,interpolation_duration: 1}
$data merge entity $(bone_hugeasssword2) {transformation: [2.7221f,2.3342f,-1.5755f,-1.5812f,-0.1497f,2.308f,3.1608f,4.2948f,2.8122f,-2.1365f,1.6933f,0.6837f,0f,0f,0f,1f],start_interpolation: 0,interpolation_duration: 1}
$data merge entity $(bone_belt) {transformation: [-0.7111f,0.1061f,-0.695f,-0.5725f,0.1108f,0.9931f,0.0382f,2.5917f,0.6943f,-0.0498f,-0.718f,0.1679f,0f,0f,0f,1f],start_interpolation: 0,interpolation_duration: 1}
$data merge entity $(bone_torn_part) {transformation: [-0.8995f,0.1472f,-0.4115f,-0.6758f,0.046f,0.9682f,0.246f,2.3068f,0.4346f,0.2023f,-0.8776f,0.2253f,0f,0f,0f,1f],start_interpolation: 0,interpolation_duration: 1}
$data merge entity $(bone_lowerbody) {transformation: [-0.8995f,0.0167f,-0.4367f,-0.5347f,0.046f,0.9973f,-0.0566f,1.8233f,0.4346f,-0.071f,-0.8978f,0.3438f,0f,0f,0f,1f],start_interpolation: 0,interpolation_duration: 1}
$data merge entity $(bone_leftfoot) {transformation: [-0.9516f,-0.2754f,0.1364f,0.2502f,-0.2747f,0.9612f,0.0245f,0.1649f,-0.1378f,-0.0142f,-0.9904f,0.8303f,0f,0f,0f,1f],start_interpolation: 0,interpolation_duration: 1}
$data merge entity $(bone_leftlowerleg) {transformation: [-0.9516f,-0.2754f,0.1364f,-0.0763f,-0.2747f,0.9612f,0.0245f,1.2275f,-0.1378f,-0.0142f,-0.9904f,0.9667f,0f,0f,0f,1f],start_interpolation: 0,interpolation_duration: 1}
$data merge entity $(bone_leftleg) {transformation: [-0.9684f,-0.1497f,0.1995f,-0.2762f,-0.249f,0.5351f,-0.8072f,1.7647f,0.0141f,-0.8314f,-0.5555f,0.2178f,0f,0f,0f,1f],start_interpolation: 0,interpolation_duration: 1}
$data merge entity $(bone_rightfoot) {transformation: [-0.9106f,-0.2242f,0.3472f,-0.4681f,0.1705f,0.5614f,0.8098f,0.4058f,-0.3765f,0.7966f,-0.473f,-0.4979f,0f,0f,0f,1f],start_interpolation: 0,interpolation_duration: 1}
$data merge entity $(bone_rightlowerleg) {transformation: [-0.9106f,-0.2242f,0.3472f,-0.7702f,0.1705f,0.5614f,0.8098f,0.9042f,-0.3765f,0.7966f,-0.473f,0.4585f,0f,0f,0f,1f],start_interpolation: 0,interpolation_duration: 1}
$data merge entity $(bone_rightleg) {transformation: [-0.9735f,0.03f,0.2268f,-0.7437f,-0.0074f,0.9867f,-0.1622f,1.8352f,-0.2287f,-0.1596f,-0.9603f,0.3453f,0f,0f,0f,1f],start_interpolation: 0,interpolation_duration: 1}
data modify entity @s data merge value {"cameras":{},"locators":{"lefthand":{"posx":0.9113759569890523,"posy":2.0644243787979284,"posz":-0.30730121511663594,"roty":347.62645164923384,"rotx":-60.463330942475515},"sword":{"posx":3.0399991589036275,"posy":3.260033747842302,"posz":0.5717554555202472,"roty":258.3152036128339,"rotx":-18.2847577850804},"righthand":{"posx":-0.38875599910017977,"posy":2.1031179690892374,"posz":1.2808677155570372,"roty":258.3152036128339,"rotx":-18.2847577850804},"chest":{"posx":-0.607571789885258,"posy":2.275410120350496,"posz":0.7653377949382638,"roty":315.93270141903747,"rotx":2.1909950322033875}}}