# This file was generated by Animated Java via MC-Build. It is not recommended to edit this file directly.
$data merge entity $(bone_nose) { transformation: [-1f,0f,1.2246467991473532e-16f,-2.450600746813608e-17f,0f,1f,0f,4.227125336934156f,-1.2246467991473532e-16f,0f,-1f,0.19937970936214f,0f,0f,0f,1f], start_interpolation: 0, interpolation_duration: 1 }
$data merge entity $(bone_glowing_eye) { transformation: [-1f,0f,1.2246467991473532e-16f,-0.12500000000000003f,0f,1f,0f,4.294833461934156f,-1.2246467991473532e-16f,0f,-1f,0.23427533436214f,0f,0f,0f,1f], start_interpolation: 0, interpolation_duration: 1 }
$data merge entity $(bone_head) { transformation: [-1f,0f,1.2246467991473532e-16f,-1.5738838307023176e-18f,0f,1f,0f,4.103648461934156f,-1.2246467991473532e-16f,0f,-1f,0.01212470936214001f,0f,0f,0f,1f], start_interpolation: 0, interpolation_duration: 1 }
$data merge entity $(bone_leftthumb2) { transformation: [-0.4611843340265111f,-0.3034759610606318f,-0.8337933503613767f,1.3349968991496477f,0.7478514126448611f,0.37277183468041153f,-0.5493263364104126f,2.6608970471634064f,0.4775220148366035f,-0.8768942355423065f,0.055038395862024025f,1.2278722600208714f,0f,0f,0f,1f], start_interpolation: 0, interpolation_duration: 1 }
$data merge entity $(bone_leftthumb) { transformation: [-0.4611843340265111f,-0.3034759610606318f,-0.8337933503613767f,1.1893178005307283f,0.7478514126448611f,0.37277183468041153f,-0.5493263364104126f,2.7053724884362245f,0.4775220148366035f,-0.8768942355423065f,0.055038395862024025f,1.0175239691752662f,0f,0f,0f,1f], start_interpolation: 0, interpolation_duration: 1 }
$data merge entity $(bone_leftpointerfinger) { transformation: [-0.4553920313813144f,0.07286348678094236f,-0.8873043502927975f,1.198167445644903f,0.8234855485789602f,0.4132577566545809f,-0.38870242840305547f,2.4287682528069423f,0.3383631910181858f,-0.9076942981306795f,-0.24819631767019465f,1.2302161234459246f,0f,0f,0f,1f], start_interpolation: 0, interpolation_duration: 1 }
$data merge entity $(bone_leftmidfinger) { transformation: [-0.4553920313813144f,0.07286348678094236f,-0.8873043502927975f,1.0595261409116534f,0.8234855485789602f,0.4132577566545809f,-0.38870242840305547f,2.368033498368965f,0.3383631910181858f,-0.9076942981306795f,-0.24819631767019465f,1.1914354488099568f,0f,0f,0f,1f], start_interpolation: 0, interpolation_duration: 1 }
$data merge entity $(bone_leftringfinger) { transformation: [-0.44818580436050853f,0.10872200660952035f,-0.8873043502927975f,0.9208848361784038f,0.8536445315054689f,0.3467007874008602f,-0.38870242840305547f,2.3072987439309873f,0.26536860892074793f,-0.9316534169391659f,-0.24819631767019465f,1.1526547741739888f,0f,0f,0f,1f], start_interpolation: 0, interpolation_duration: 1 }
$data merge entity $(bone_invisibility) { transformation: [-0.07733366969299696f,0.8839278893554257f,0.46118433402651077f,1.1394236439615821f,0.5022460602703777f,0.43412804510647574f,-0.7478514126448611f,2.639999863912068f,-0.8612597740953065f,0.17379392069831406f,-0.4775220148366035f,1.2353225271435806f,0f,0f,0f,1f], start_interpolation: 0, interpolation_duration: 1 }
$data merge entity $(bone_swiftness) { transformation: [-0.8873043502927976f,1.0321755307873074e-16f,0.4611843340265109f,0.9490341569645382f,-0.3887024284030553f,0.5381716145976612f,-0.7478514126448612f,2.5331910789301846f,-0.24819631767019454f,-0.84283528238995f,-0.47752201483660356f,1.3277906764503955f,0f,0f,0f,1f], start_interpolation: 0, interpolation_duration: 1 }
$data merge entity $(bone_suspicious_stew) { transformation: [-0.37499102215570274f,0.804170842141858f,0.4611843340265112f,0.9730540782816827f,0.32347638044585914f,0.5797251899811942f,-0.7478514126448611f,2.54189136415223f,-0.8687604759634657f,-0.1312553265590527f,-0.4775220148366037f,1.228293621442448f,0f,0f,0f,1f], start_interpolation: 0, interpolation_duration: 1 }
$data merge entity $(bone_log) { transformation: [-0.4611843340265111f,1.0321755307873074e-16f,-0.8873043502927975f,0.8882256555467224f,0.7478514126448611f,0.5381716145976612f,-0.38870242840305547f,2.661053459581f,0.4775220148366035f,-0.84283528238995f,-0.24819631767019465f,1.1560726976438456f,0f,0f,0f,1f], start_interpolation: 0, interpolation_duration: 1 }
$data merge entity $(bone_planks) { transformation: [-0.4611843340265111f,1.0321755307873074e-16f,-0.8873043502927975f,0.844989624231737f,0.7478514126448611f,0.5381716145976612f,-0.38870242840305547f,2.7311645295164557f,0.4775220148366035f,-0.84283528238995f,-0.24819631767019465f,1.2008403865347772f,0f,0f,0f,1f], start_interpolation: 0, interpolation_duration: 1 }
$data merge entity $(bone_lefthand) { transformation: [-0.4611843340265111f,1.0321755307873074e-16f,-0.8873043502927975f,1.03125f,0.7478514126448611f,0.5381716145976612f,-0.38870242840305547f,2.6207804609567957f,0.4775220148366035f,-0.84283528238995f,-0.24819631767019465f,0.8337395082644007f,0f,0f,0f,1f], start_interpolation: 0, interpolation_duration: 1 }
$data merge entity $(bone_leftforearm) { transformation: [-1f,1.0321755307873074e-16f,6.590701452089885e-17f,0.96875f,0f,0.5381716145976612f,-0.84283528238995f,3.0123516787581193f,-1.2246467991473532e-16f,-0.84283528238995f,-0.5381716145976612f,0.2495298818120555f,0f,0f,0f,1f], start_interpolation: 0, interpolation_duration: 1 }
$data merge entity $(bone_leftelbow) { transformation: [-1f,1.0506881923879977e-16f,6.291375883209485e-17f,0.96875f,0f,0.5137298270480752f,-0.8579520177732289f,3.108676021329633f,-1.2246467991473532e-16f,-0.8579520177732289f,-0.5137298270480752f,0.08866387847957508f,0f,0f,0f,1f], start_interpolation: 0, interpolation_duration: 1 }
$data merge entity $(bone_leftarm) { transformation: [-1f,1.9348453379135584e-17f,1.209265693652722e-16f,0.75f,0f,0.9874403742325216f,-0.1579921116244025f,3.6073334619341564f,-1.2246467991473532e-16f,-0.1579921116244025f,-0.9874403742325216f,0.0405253343621401f,0f,0f,0f,1f], start_interpolation: 0, interpolation_duration: 1 }
$data merge entity $(bone_rightthumb2) { transformation: [-0.2297696892031544f,0.20575660306299656f,-0.9512466085192957f,-1.1144839301540421f,0.9732065926138078f,0.05726100937573386f,-0.22268835824598812f,2.933273951224453f,0.008649740834688335f,-0.9769265054758463f,-0.21340052690245198f,1.3772856149532702f,0f,0f,0f,1f], start_interpolation: 0, interpolation_duration: 1 }
$data merge entity $(bone_rightthumb) { transformation: [-0.2297696892031544f,0.20575660306299656f,-0.9512466085192957f,-1.1453148234749029f,0.9732065926138078f,0.05726100937573386f,-0.22268835824598812f,2.9282863939414745f,0.008649740834688335f,-0.9769265054758463f,-0.21340052690245198f,1.1194650409063436f,0f,0f,0f,1f], start_interpolation: 0, interpolation_duration: 1 }
$data merge entity $(bone_rightpointerfinger) { transformation: [-0.23852597634380812f,0.1955383552906457f,-0.9512466085192957f,-1.2825494533858854f,0.9697826254336741f,0.09965718493252942f,-0.22268835824598812f,3.0055035795144165f,0.051254443867854334f,-0.9756193915157452f,-0.21340052690245198f,1.430961966220847f,0f,0f,0f,1f], start_interpolation: 0, interpolation_duration: 1 }
$data merge entity $(bone_rightmidfinger) { transformation: [-0.23852597634380812f,0.1955383552906457f,-0.9512466085192957f,-1.4311817359670254f,0.9697826254336741f,0.09965718493252942f,-0.22268835824598812f,2.9707085235384807f,0.051254443867854334f,-0.9756193915157452f,-0.21340052690245198f,1.3976181338923388f,0f,0f,0f,1f], start_interpolation: 0, interpolation_duration: 1 }
$data merge entity $(bone_rightringfinger) { transformation: [-0.26200823049929917f,0.1627316101166697f,-0.9512466085192957f,-1.5798140185481655f,0.9484781277592063f,0.22538663727935782f,-0.22268835824598812f,2.9359134675625453f,0.1781598392259505f,-0.9605827849825018f,-0.21340052690245198f,1.3642743015638308f,0f,0f,0f,1f], start_interpolation: 0, interpolation_duration: 1 }
$data merge entity $(bone_hugeasssword) { transformation: [-0.000008999312827123548f,0.000008058800286634033f,-0.00003725715883367242f,-1.3134916240171526f,0.00003811725821070748f,0.000002242722867216243f,-0.00000872196069796787f,2.7273111705024777f,3.3878151602529316e-7f,-0.000038262954797803986f,-0.00000835818730367937f,1.2002167332911946f,0f,0f,0f,1f], start_interpolation: 0, interpolation_duration: 1 }
$data merge entity $(bone_ice) { transformation: [-0.2297696892031544f,0.20575660306299656f,-0.9512466085192957f,-1.3131164195462126f,0.9732065926138078f,0.05726100937573386f,-0.22268835824598812f,2.711210114221391f,0.008649740834688335f,-0.9769265054758463f,-0.21340052690245198f,1.2153460577387125f,0f,0f,0f,1f], start_interpolation: 0, interpolation_duration: 1 }
$data merge entity $(bone_righthand) { transformation: [-0.2297696892031544f,0.20575660306299656f,-0.9512466085192957f,-1.34884614759748f,0.9732065926138078f,0.05726100937573386f,-0.22268835824598812f,2.9618680035235894f,0.008649740834688335f,-0.9769265054758463f,-0.21340052690245198f,0.9666081001127215f,0f,0f,0f,1f], start_interpolation: 0, interpolation_duration: 1 }
$data merge entity $(bone_rightforearm) { transformation: [-0.9474619397948466f,0.18889382139739855f,-0.2581375541800809f,-1.1527804089061924f,0.304998855035514f,0.2903064231803967f,-0.9070269450723225f,3.161099574899341f,-0.09639279572256415f,-0.938105167291009f,-0.3326666860908918f,0.31822537106406124f,0f,0f,0f,1f], start_interpolation: 0, interpolation_duration: 1 }
$data merge entity $(bone_rightelbow) { transformation: [-0.9474619397948466f,0.18889382139739855f,-0.2581375541800809f,-1.11736281739418f,0.304998855035514f,0.2903064231803967f,-0.9070269450723225f,3.2155320292456655f,-0.09639279572256415f,-0.938105167291009f,-0.3326666860908918f,0.142330652196997f,0f,0f,0f,1f], start_interpolation: 0, interpolation_duration: 1 }
$data merge entity $(bone_rightarm) { transformation: [-0.9474619397948466f,0.3198013533526798f,-0.006554924406959208f,-0.75f,0.304998855035514f,0.8970522798704766f,-0.31980135335267973f,3.6073334619341564f,-0.09639279572256415f,-0.30499885503551394f,-0.9474619397948466f,0.04052533436213992f,0f,0f,0f,1f], start_interpolation: 0, interpolation_duration: 1 }
$data merge entity $(bone_chest) { transformation: [-1.0833333333333333f,0f,1.3267006990762992e-16f,-0.002323124999999992f,0f,1.0833333333333333f,0f,3.4470328369341563f,-1.3267006990762992e-16f,0f,-1.0833333333333333f,-0.06954404063785999f,0f,0f,0f,1f], start_interpolation: 0, interpolation_duration: 1 }
$data merge entity $(bone_chest1lid) { transformation: [-1f,0f,1.2246467991473532e-16f,-0.34375000000000006f,0f,1f,0f,2.7635834619341564f,-1.2246467991473532e-16f,0f,-1f,0.32177533436213995f,0f,0f,0f,1f], start_interpolation: 0, interpolation_duration: 1 }
$data merge entity $(bone_chest1) { transformation: [-1f,0f,1.2246467991473532e-16f,-0.34375000000000006f,0f,1f,0f,2.6073334619341564f,-1.2246467991473532e-16f,0f,-1f,0.32177533436213995f,0f,0f,0f,1f], start_interpolation: 0, interpolation_duration: 1 }
$data merge entity $(bone_chest1lid3) { transformation: [-1f,0f,1.2246467991473532e-16f,-0.28124999999999994f,0f,1f,0f,2.7635834619341564f,-1.2246467991473532e-16f,0f,-1f,-0.31884966563786005f,0f,0f,0f,1f], start_interpolation: 0, interpolation_duration: 1 }
$data merge entity $(bone_chest3) { transformation: [-1f,0f,1.2246467991473532e-16f,-0.28124999999999994f,0f,1f,0f,2.6073334619341564f,-1.2246467991473532e-16f,0f,-1f,-0.31884966563786005f,0f,0f,0f,1f], start_interpolation: 0, interpolation_duration: 1 }
$data merge entity $(bone_hugeasssword2) { transformation: [-1.3493280322890861e-15f,2.887669569172986f,-2.646061646494669f,-1.234375f,2.1741867565575984e-16f,2.6460616464946694f,2.887669569172986f,4.607333461934156f,3.916666666666667f,5.710562051440511e-16f,-1.1937237951956666e-15f,-0.33447466563786016f,0f,0f,0f,1f], start_interpolation: 0, interpolation_duration: 1 }
$data merge entity $(bone_belt) { transformation: [-1f,0f,1.2246467991473532e-16f,0.029705624999999992f,0f,1f,0f,3.0487028369341562f,-1.2246467991473532e-16f,0f,-1f,0.061358459362140017f,0f,0f,0f,1f], start_interpolation: 0, interpolation_duration: 1 }
$data merge entity $(bone_torn_part) { transformation: [-1f,-3.6825839484795376e-17f,1.16796641102639e-16f,-0.09375000000000001f,0f,0.9537169507482269f,0.30070579950427306f,2.7635834619341564f,-1.2246467991473532e-16f,0.30070579950427306f,-0.9537169507482269f,0.05615033436214001f,0f,0f,0f,1f], start_interpolation: 0, interpolation_duration: 1 }
$data merge entity $(bone_lowerbody) { transformation: [-1f,0f,1.2246467991473532e-16f,0.0039062499999999757f,0f,1f,0f,2.2753022119341564f,-1.2246467991473532e-16f,0f,-1f,0.19677533436214f,0f,0f,0f,1f], start_interpolation: 0, interpolation_duration: 1 }
$data merge entity $(bone_leftfoot) { transformation: [-0.985487665985333f,-0.021297776971340127f,-0.16840565574486996f,0.31746605451545884f,-0.03298488299038643f,0.9972137476139145f,0.06690843791273957f,0.1767342269704104f,0.16651143409655422f,0.0714922811630141f,-0.9834443533058783f,-0.18306310681240218f,0f,0f,0f,1f], start_interpolation: 0, interpolation_duration: 1 }
$data merge entity $(bone_leftlowerleg) { transformation: [-0.985487665985333f,-0.003888017000875231f,-0.1697025147562095f,0.3392268345989024f,-0.03298488299038643f,0.9850674828217466f,0.1689794418896532f,1.2435805137644986f,0.16651143409655422f,0.1721247733797464f,-0.9709001002698886f,0.15706236637428372f,0f,0f,0f,1f], start_interpolation: 0, interpolation_duration: 1 }
$data merge entity $(bone_leftleg) { transformation: [-0.985487665985333f,-0.058895316564900956f,-0.15920239281336418f,0.25f,-0.03298488299038643f,0.986444854223218f,-0.160743731046174f,2.2948334619341564f,0.16651143409655422f,-0.1531596920317298f,-0.9740718921372562f,0.024900334362140026f,0f,0f,0f,1f], start_interpolation: 0, interpolation_duration: 1 }
$data merge entity $(bone_rightfoot) { transformation: [-0.9944098650920159f,0.027003170797896624f,0.10207766148643102f,-0.3216700051235296f,0.033283514524507785f,0.9976233566163811f,0.0603311361931964f,0.16085155099257897f,-0.10020592731258793f,0.06339138033143588f,-0.9929452678929991f,-0.28453303583264405f,0f,0f,0f,1f], start_interpolation: 0, interpolation_duration: 1 }
$data merge entity $(bone_rightlowerleg) { transformation: [-0.9944098650920159f,0.017626501385855146f,0.1041072843588441f,-0.3181112339209639f,0.033283514524507785f,0.988029360761925f,0.15063263236523064f,1.2338025781426887f,-0.10020592731258793f,0.15325563193982886f,-0.9830928152571089f,0.03653284088379167f,0f,0f,0f,1f], start_interpolation: 0, interpolation_duration: 1 }
$data merge entity $(bone_rightleg) { transformation: [-0.9944098650920159f,0.037278666948670484f,0.0987892767369459f,-0.25f,0.033283514524507785f,0.9985720615255137f,-0.04178571049512678f,2.2948334619341564f,-0.10020592731258793f,-0.03826406840909329f,-0.9942306740390826f,0.024900334362139964f,0f,0f,0f,1f], start_interpolation: 0, interpolation_duration: 1 }
data modify entity @s data merge value {"locators":{"lefthand":{"posx":0.9453258173350326,"posy":2.5549712076989,"posz":1.1810295826532256,"roty":285.62734161508973,"rotx":-22.873784773920875},"righthand":{"posx":-1.3230090465737536,"posy":2.8050330346050334,"posz":1.2347558308228754,"roty":282.644262779571,"rotx":-12.866982449506454},"chest":{"posx":-0.37500000000000006,"posy":2.7010834619341564,"posz":0.47802533436213995,"roty":0,"rotx":0},"sack":{"posx":0,"posy":-0.4375,"posz":0,"roty":0,"rotx":0}},"cameras":{}}