# This file was generated by Animated Java via MC-Build. It is not recommended to edit this file directly.
$data merge entity $(bone_nose) { transformation: [-1f,0f,1.2246467991473532e-16f,-2.2771283992159274e-17f,0f,1f,0f,4.227430763888888f,-1.2246467991473532e-16f,0f,-1f,0.18663215277777778f,0f,0f,0f,1f], start_interpolation: 0, interpolation_duration: 1 }
$data merge entity $(bone_glowing_eye) { transformation: [-1f,0f,1.2246467991473532e-16f,-0.12500000000000003f,0f,1f,0f,4.295138888888888f,-1.2246467991473532e-16f,0f,-1f,0.22152777777777777f,0f,0f,0f,1f], start_interpolation: 0, interpolation_duration: 1 }
$data merge entity $(bone_head) { transformation: [-1f,0f,1.2246467991473532e-16f,1.6083964527448953e-19f,0f,1f,0f,4.1039538888888885f,-1.2246467991473532e-16f,0f,-1f,-0.0006228472222222087f,0f,0f,0f,1f], start_interpolation: 0, interpolation_duration: 1 }
$data merge entity $(bone_leftthumb2) { transformation: [-0.6614950559696895f,-0.2564978442281668f,-0.7047220351556778f,1.2667501133568926f,0.6051795032595079f,0.3724173473027296f,-0.7036071974209571f,2.6416418143145908f,0.4429244402403561f,-0.891916013610195f,-0.0911249960409658f,1.217432807305314f,0f,0f,0f,1f], start_interpolation: 0, interpolation_duration: 1 }
$data merge entity $(bone_leftthumb) { transformation: [-0.6614950559696895f,-0.2564978442281668f,-0.7047220351556778f,1.14362215747445f,0.6051795032595079f,0.3724173473027296f,-0.7036071974209571f,2.672845863536879f,0.4429244402403561f,-0.891916013610195f,-0.0911249960409658f,0.9909097799883448f,0f,0f,0f,1f], start_interpolation: 0, interpolation_duration: 1 }
$data merge entity $(bone_leftpointerfinger) { transformation: [-0.6542631940123746f,0.09754681969735605f,-0.7499495255866606f,1.18081929520926f,0.6856564916574795f,0.4949065176759744f,-0.5338002568468824f,2.3878399836403847f,0.31908439073179806f,-0.863453621643208f,-0.39068272915825863f,1.1889355188299473f,0f,0f,0f,1f], start_interpolation: 0, interpolation_duration: 1 }
$data merge entity $(bone_leftmidfinger) { transformation: [-0.6542631940123746f,0.09754681969735605f,-0.7499495255866606f,1.0636396818363443f,0.6856564916574795f,0.4949065176759744f,-0.5338002568468824f,2.3044336935080594f,0.31908439073179806f,-0.863453621643208f,-0.39068272915825863f,1.1278913423989694f,0f,0f,0f,1f], start_interpolation: 0, interpolation_duration: 1 }
$data merge entity $(bone_leftringfinger) { transformation: [-0.645260474772951f,0.14565242451853846f,-0.7499495255866606f,0.9464600684634286f,0.7203705556359528f,0.4428583840946804f,-0.5338002568468824f,2.221027403375734f,0.2543721334355137f,-0.8846817636127242f,-0.39068272915825863f,1.0668471659679915f,0f,0f,0f,1f], start_interpolation: 0, interpolation_duration: 1 }
$data merge entity $(bone_invisibility) { transformation: [-0.06536240792575926f,0.747095741225851f,0.6614950559696893f,1.0802248948895263f,0.5418344768815249f,0.5832436613432672f,-0.6051795032595079f,2.5825898934239366f,-0.8379398279665854f,0.3188648380506953f,-0.44292444024035615f,1.1959314025204815f,0f,0f,0f,1f], start_interpolation: 0, interpolation_duration: 1 }
$data merge entity $(bone_swiftness) { transformation: [-0.7499495255866607f,9.882413633058561e-17f,0.6614950559696894f,0.9051566291550761f,-0.5338002568468823f,0.5906056676199256f,-0.605179503259508f,2.43404401111447f,-0.3906827291582585f,-0.8069603121438019f,-0.4429244402403562f,1.2550233235094397f,0f,0f,0f,1f], start_interpolation: 0, interpolation_duration: 1 }
$data merge entity $(bone_suspicious_stew) { transformation: [-0.3169423648966967f,0.679685094923632f,0.6614950559696896f,0.9396093588420276f,0.30967677896654966f,0.7333880701262315f,-0.6051795032595079f,2.4548177045954622f,-0.8964640706144292f,0.01304263528491445f,-0.4429244402403563f,1.1605046554350487f,0f,0f,0f,1f], start_interpolation: 0, interpolation_duration: 1 }
$data merge entity $(bone_log) { transformation: [-0.6614950559696895f,9.882413633058561e-17f,-0.7499495255866606f,0.8424403133329944f,0.6051795032595079f,0.5906056676199256f,-0.5338002568468824f,2.5603571044388342f,0.4429244402403561f,-0.8069603121438019f,-0.39068272915825863f,1.0828455297603135f,0f,0f,0f,1f], start_interpolation: 0, interpolation_duration: 1 }
$data merge entity $(bone_planks) { transformation: [-0.6614950559696895f,9.882413633058561e-17f,-0.7499495255866606f,0.780425151835836f,0.6051795032595079f,0.5906056676199256f,-0.5338002568468824f,2.617092682869413f,0.4429244402403561f,-0.8069603121438019f,-0.39068272915825863f,1.1243696960328469f,0f,0f,0f,1f], start_interpolation: 0, interpolation_duration: 1 }
$data merge entity $(bone_lefthand) { transformation: [-0.6614950559696895f,9.882413633058561e-17f,-0.7499495255866606f,1.03125f,0.6051795032595079f,0.5906056676199256f,-0.5338002568468824f,2.573394903555404f,0.4429244402403561f,-0.8069603121438019f,-0.39068272915825863f,0.7825831769504695f,0f,0f,0f,1f], start_interpolation: 0, interpolation_duration: 1 }
$data merge entity $(bone_leftforearm) { transformation: [-1f,9.882413633058561e-17f,7.232833404090275e-17f,0.96875f,0f,0.5906056676199256f,-0.8069603121438019f,3.001273268477911f,-1.2246467991473532e-16f,-0.8069603121438019f,-0.5906056676199256f,0.22441742103092008f,0f,0f,0f,1f], start_interpolation: 0, interpolation_duration: 1 }
$data merge entity $(bone_leftelbow) { transformation: [-1f,1.0046408906848379e-16f,7.003259694069852e-17f,0.96875f,0f,0.5718595515822027f,-0.8203515424890736f,3.108496934399574f,-1.2246467991473532e-16f,-0.8203515424890736f,-0.5718595515822027f,0.07060150681421878f,0f,0f,0f,1f], start_interpolation: 0, interpolation_duration: 1 }
$data merge entity $(bone_leftarm) { transformation: [-1f,1.8059152435274557e-17f,1.2112582234989406e-16f,0.75f,0f,0.9890673983243705f,-0.1474641704681549f,3.607638888888889f,-1.2246467991473532e-16f,-0.1474641704681549f,-0.9890673983243705f,0.02777777777777788f,0f,0f,0f,1f], start_interpolation: 0, interpolation_duration: 1 }
$data merge entity $(bone_rightthumb2) { transformation: [-0.39645012504323596f,0.22465943318361478f,-0.8901434926093768f,-1.12524355113587f,0.9172114793753147f,0.05534121331486541f,-0.3945382772444078f,2.979756217516218f,-0.03937512482963365f,-0.9728645790604443f,-0.22800024200468577f,1.3667191283173925f,0f,0f,0f,1f], start_interpolation: 0, interpolation_duration: 1 }
$data merge entity $(bone_rightthumb) { transformation: [-0.39645012504323596f,0.22465943318361478f,-0.8901434926093768f,-1.146216947613003f,0.9172114793753147f,0.05534121331486541f,-0.3945382772444078f,2.9596119801949747f,-0.03937512482963365f,-0.9728645790604443f,-0.22800024200468577f,1.108647056106046f,0f,0f,0f,1f], start_interpolation: 0, interpolation_duration: 1 }
$data merge entity $(bone_rightpointerfinger) { transformation: [-0.40587229921166296f,0.20715269560838176f,-0.8901434926093768f,-1.3050205327690452f,0.9139245474635241f,0.09529674355720327f,-0.3945382772444078f,3.023279168386878f,0.003098108492442922f,-0.9736561463728218f,-0.22800024200468577f,1.4128740804880435f,0f,0f,0f,1f], start_interpolation: 0, interpolation_duration: 1 }
$data merge entity $(bone_rightmidfinger) { transformation: [-0.40587229921166296f,0.20715269560838176f,-0.8901434926093768f,-1.4441054534892601f,0.9139245474635241f,0.09529674355720327f,-0.3945382772444078f,2.961632562567439f,0.003098108492442922f,-0.9736561463728218f,-0.22800024200468577f,1.3772490426748114f,0f,0f,0f,1f], start_interpolation: 0, interpolation_duration: 1 }
$data merge entity $(bone_rightringfinger) { transformation: [-0.4294388579932583f,0.15240350983696738f,-0.8901434926093768f,-1.5831903742094753f,0.8936670751986037f,0.21377255786229454f,-0.3945382772444078f,2.8999859567480004f,0.1301592330625047f,-0.9649219987617575f,-0.22800024200468577f,1.341624004861579f,0f,0f,0f,1f], start_interpolation: 0, interpolation_duration: 1 }
$data merge entity $(bone_hugeasssword) { transformation: [-0.000015527629897526742f,0.000008799161133024914f,-0.00003486395346053393f,-1.2792559495872073f,0.00003592411627553316f,0.0000021675308548322293f,-0.00001545274919207264f,2.735404107894897f,-0.0000015421923891606517f,-0.000038103862679867406f,-0.000008930009478516861f,1.1936574463673533f,0f,0f,0f,1f], start_interpolation: 0, interpolation_duration: 1 }
$data merge entity $(bone_ice) { transformation: [-0.39645012504323596f,0.22465943318361478f,-0.8901434926093768f,-1.2765717200269007f,0.9172114793753147f,0.05534121331486541f,-0.3945382772444078f,2.7202079720716132f,-0.03937512482963365f,-0.9728645790604443f,-0.22800024200468577f,1.2094736917406357f,0f,0f,0f,1f], start_interpolation: 0, interpolation_duration: 1 }
$data merge entity $(bone_righthand) { transformation: [-0.39645012504323596f,0.22465943318361478f,-0.8901434926093768f,-1.347336377135849f,0.9172114793753147f,0.05534121331486541f,-0.3945382772444078f,2.9510168240802703f,-0.03937512482963365f,-0.9728645790604443f,-0.22800024200468577f,0.9492887582054698f,0f,0f,0f,1f], start_interpolation: 0, interpolation_duration: 1 }
$data merge entity $(bone_rightforearm) { transformation: [-0.9487863909986772f,0.18912277724434184f,-0.25305524966515186f,-1.151106286672486f,0.3012460846227999f,0.3003306641942747f,-0.9050150764733473f,3.1574998026228407f,-0.09515871350085679f,-0.9348978913614112f,-0.3419221431449695f,0.3032286314224212f,0f,0f,0f,1f], start_interpolation: 0, interpolation_duration: 1 }
$data merge entity $(bone_rightelbow) { transformation: [-0.9487863909986772f,0.18912277724434184f,-0.25305524966515186f,-1.1156457659391719f,0.3012460846227999f,0.3003306641942747f,-0.9050150764733473f,3.213811802159267f,-0.09515871350085679f,-0.9348978913614112f,-0.3419221431449695f,0.12793527679215655f,0f,0f,0f,1f], start_interpolation: 0, interpolation_duration: 1 }
$data merge entity $(bone_rightarm) { transformation: [-0.9487863909986772f,0.31587659592500156f,-0.005134238262737409f,-0.75f,0.3012460846227999f,0.8997070482364058f,-0.3158765959250015f,3.607638888888889f,-0.09515871350085679f,-0.30124608462279984f,-0.9487863909986772f,0.0277777777777777f,0f,0f,0f,1f], start_interpolation: 0, interpolation_duration: 1 }
$data merge entity $(bone_chest) { transformation: [-1.0833333333333333f,0f,1.3267006990762992e-16f,-0.00232312499999999f,0f,1.0833333333333333f,0f,3.4473382638888888f,-1.3267006990762992e-16f,0f,-1.0833333333333333f,-0.08229159722222221f,0f,0f,0f,1f], start_interpolation: 0, interpolation_duration: 1 }
$data merge entity $(bone_chest1lid) { transformation: [-1f,0f,1.2246467991473532e-16f,-0.34375000000000006f,0f,1f,0f,2.763888888888889f,-1.2246467991473532e-16f,0f,-1f,0.30902777777777773f,0f,0f,0f,1f], start_interpolation: 0, interpolation_duration: 1 }
$data merge entity $(bone_chest1) { transformation: [-1f,0f,1.2246467991473532e-16f,-0.34375000000000006f,0f,1f,0f,2.607638888888889f,-1.2246467991473532e-16f,0f,-1f,0.30902777777777773f,0f,0f,0f,1f], start_interpolation: 0, interpolation_duration: 1 }
$data merge entity $(bone_chest1lid3) { transformation: [-1f,0f,1.2246467991473532e-16f,-0.28124999999999994f,0f,1f,0f,2.763888888888889f,-1.2246467991473532e-16f,0f,-1f,-0.33159722222222227f,0f,0f,0f,1f], start_interpolation: 0, interpolation_duration: 1 }
$data merge entity $(bone_chest3) { transformation: [-1f,0f,1.2246467991473532e-16f,-0.28124999999999994f,0f,1f,0f,2.607638888888889f,-1.2246467991473532e-16f,0f,-1f,-0.33159722222222227f,0f,0f,0f,1f], start_interpolation: 0, interpolation_duration: 1 }
$data merge entity $(bone_hugeasssword2) { transformation: [-1.3493280322890861e-15f,2.887669569172986f,-2.646061646494669f,-1.234375f,2.1741867565575984e-16f,2.6460616464946694f,2.887669569172986f,4.607638888888889f,3.916666666666667f,5.710562051440511e-16f,-1.1937237951956666e-15f,-0.3472222222222224f,0f,0f,0f,1f], start_interpolation: 0, interpolation_duration: 1 }
$data merge entity $(bone_belt) { transformation: [-1f,0f,1.2246467991473532e-16f,0.029705624999999992f,0f,1f,0f,3.0490082638888887f,-1.2246467991473532e-16f,0f,-1f,0.0486109027777778f,0f,0f,0f,1f], start_interpolation: 0, interpolation_duration: 1 }
$data merge entity $(bone_torn_part) { transformation: [-1f,-3.6825839484795376e-17f,1.16796641102639e-16f,-0.09375000000000001f,0f,0.9537169507482269f,0.30070579950427306f,2.763888888888889f,-1.2246467991473532e-16f,0.30070579950427306f,-0.9537169507482269f,0.04340277777777779f,0f,0f,0f,1f], start_interpolation: 0, interpolation_duration: 1 }
$data merge entity $(bone_lowerbody) { transformation: [-1f,0f,1.2246467991473532e-16f,0.0039062499999999774f,0f,1f,0f,2.275607638888889f,-1.2246467991473532e-16f,0f,-1f,0.1840277777777778f,0f,0f,0f,1f], start_interpolation: 0, interpolation_duration: 1 }
$data merge entity $(bone_leftfoot) { transformation: [-0.9877724552660347f,-0.02036871204057288f,-0.154566141788936f,0.3158112088358996f,-0.0303389563509406f,0.9975885879167549f,0.062422407721832676f,0.16984165442053167f,0.15292195507920034f,0.06634851036808001f,-0.9860084942974333f,-0.18875232232728026f,0f,0f,0f,1f], start_interpolation: 0, interpolation_duration: 1 }
$data merge entity $(bone_leftlowerleg) { transformation: [-0.9877724552660347f,-0.0062096940414035975f,-0.15577874154589066f,0.3328570516152493f,-0.0303389563509406f,0.9877602212442359f,0.15300095769332248f,1.2421302220929669f,0.15292195507920034f,0.15585629607895313f,-0.9758707345890154f,0.13408902507044676f,0f,0f,0f,1f], start_interpolation: 0, interpolation_duration: 1 }
$data merge entity $(bone_leftleg) { transformation: [-0.9877724552660347f,-0.05252871631874267f,-0.14678661580544153f,0.25f,-0.0303389563509406f,0.9882948448508688f,-0.14950868659958486f,2.295138888888889f,0.15292195507920034f,-0.14322720971624844f,-0.9778040918566728f,0.012152777777777821f,0f,0f,0f,1f], start_interpolation: 0, interpolation_duration: 1 }
$data merge entity $(bone_rightfoot) { transformation: [-0.9952910902759953f,0.025302206912530177f,0.09357052924172315f,-0.31927484160787595f,0.030569887612659583f,0.9980017949659478f,0.05529827498300026f,0.1565734081840322f,-0.09198438774362756f,0.05789832096098865f,-0.9940757802307268f,-0.28873604089872007f,0f,0f,0f,1f], start_interpolation: 0, interpolation_duration: 1 }
$data merge entity $(bone_rightlowerleg) { transformation: [-0.9952910902759953f,0.017513120954661215f,0.09533591249706515f,-0.31449416890935555f,0.030569887612659583f,0.9900616765295305f,0.13727111363606176f,1.2338319745349213f,-0.09198438774362756f,0.13953912448472156f,-0.9859349396128871f,0.0175497653326772f,0f,0f,0f,1f], start_interpolation: 0, interpolation_duration: 1 }
$data merge entity $(bone_rightleg) { transformation: [-0.9952910902759953f,0.033655108727683014f,0.09090093109395796f,-0.25f,0.030569887612659583f,0.9989153576622614f,-0.03512250272725076f,2.295138888888889f,-0.09198438774362756f,-0.03217828278519861f,-0.995240388312505f,0.012152777777777759f,0f,0f,0f,1f], start_interpolation: 0, interpolation_duration: 1 }
data modify entity @s data merge value {"locators":{"lefthand":{"posx":0.9161734361674444,"posy":2.465821087238681,"posz":1.1104695555171125,"roty":297.5170516273004,"rotx":-32.26258431934045},"righthand":{"posx":-1.3033407308211766,"posy":2.811496502386948,"posz":1.2245457866170002,"roty":284.3667971609789,"rotx":-23.237180709892257},"chest":{"posx":-0.37500000000000006,"posy":2.701388888888889,"posz":0.46527777777777773,"roty":0,"rotx":0},"sack":{"posx":0,"posy":-0.4375,"posz":0,"roty":0,"rotx":0}},"cameras":{}}