# This file was generated by Animated Java via MC-Build. It is not recommended to edit this file directly.
$data merge entity $(bone_nose) { transformation: [-0.9999858658024777f,0.001794148823367537f,-0.005004920106126724f,0.001189312727038177f,0.0023973260209865415f,0.9923735026431727f,-0.12324400220566634f,0.6629795204681644f,0.004745632014621815f,-0.12325425867579905f,-0.99236377739973f,0.5455320856435153f,0f,0f,0f,1f], start_interpolation: 0, interpolation_duration: 1 }
$data merge entity $(bone_glowing_eye) { transformation: [-0.9999858658024777f,0.002591542940652569f,-0.00464242398493034f,-0.12347145169843383f,0.0023973260209865415f,0.9991413011346162f,0.04136318647028592f,0.729485776086801f,0.004745632014621815f,0.041351472431018665f,-0.9991333918474392f,0.5837905044765228f,0f,0f,0f,1f], start_interpolation: 0, interpolation_duration: 1 }
$data merge entity $(bone_head) { transformation: [-0.9999858658024777f,0.002591542940652569f,-0.00464242398493034f,-4.2973640519969737e-17f,0.0023973260209865415f,0.9991413011346162f,0.04136318647028592f,0.5473541384031217f,0.004745632014621815f,0.041351472431018665f,-0.9991333918474392f,0.3533334117606922f,0f,0f,0f,1f], start_interpolation: 0, interpolation_duration: 1 }
$data merge entity $(bone_leftthumb2) { transformation: [-0.8614943537031624f,-0.15373005019889455f,0.48393651464155485f,1.386693057512586f,-0.49112101925238044f,0.01024002843470076f,-0.8710311626263211f,-0.11197605497489392f,0.12894814068482624f,-0.9880598228262814f,-0.08432178562165507f,1.3495297914352142f,0f,0f,0f,1f], start_interpolation: 0, interpolation_duration: 1 }
$data merge entity $(bone_leftthumb) { transformation: [-0.8614943537031624f,-0.15373005019889455f,0.48393651464155485f,1.3903479203766642f,-0.49112101925238044f,0.01024002843470076f,-0.8710311626263211f,-0.18390091038163564f,0.12894814068482624f,-0.9880598228262814f,-0.08432178562165507f,1.1000096013409772f,0f,0f,0f,1f], start_interpolation: 0, interpolation_duration: 1 }
$data merge entity $(bone_leftpointerfinger) { transformation: [-0.8176467028865457f,-0.3118642638317911f,0.48393651464155485f,1.5773406624577369f,-0.4843978123662045f,-0.08163009928130602f,-0.8710311626263211f,-0.16253253274905022f,0.3111472780430459f,-0.9466135472493407f,-0.08432178562165507f,1.3965532865687558f,0f,0f,0f,1f], start_interpolation: 0, interpolation_duration: 1 }
$data merge entity $(bone_leftmidfinger) { transformation: [-0.8417160718784851f,-0.23941492045826485f,0.48393651464155485f,1.6529557428704797f,-0.4896690643798804f,-0.039101420986622504f,-0.8710311626263211f,-0.29863115190941286f,0.2274604619066487f,-0.9701296690333671f,-0.08432178562165507f,1.383378007565372f,0f,0f,0f,1f], start_interpolation: 0, interpolation_duration: 1 }
$data merge entity $(bone_leftringfinger) { transformation: [-0.8032651562715889f,-0.3472326864172843f,0.48393651464155485f,1.7285708232832226f,-0.4803761180613769f,-0.10268154133106205f,-0.8710311626263211f,-0.43472977106977556f,0.3521418377816846f,-0.9321405272561182f,-0.08432178562165507f,1.3702027285619884f,0f,0f,0f,1f], start_interpolation: 0, interpolation_duration: 1 }
$data merge entity $(bone_invisibility) { transformation: [-0.11096721456921918f,-0.4954934468066346f,0.8614943537031623f,1.3642336305158873f,-0.06571430590009567f,0.8686091033650134f,0.49112101925238016f,-0.23811960814685493f,-0.9916490847526749f,-0.0021141719676226467f,-0.1289481406848263f,1.3249042331748901f,0f,0f,0f,1f], start_interpolation: 0, interpolation_duration: 1 }
$data merge entity $(bone_swiftness) { transformation: [0.4839365146415547f,-0.15373005019889455f,0.8614943537031625f,1.4309200518919902f,-0.8710311626263212f,0.01024002843470076f,0.4911210192523803f,-0.4284037412256776f,-0.08432178562165504f,-0.9880598228262814f,-0.12894814068482627f,1.4496098940208237f,0f,0f,0f,1f], start_interpolation: 0, interpolation_duration: 1 }
$data merge entity $(bone_suspicious_stew) { transformation: [0.06519366701387327f,-0.5035645582433841f,0.8614943537031626f,1.462177823114252f,-0.35883305836127033f,0.7937499484570701f,0.49112101925238055f,-0.4019179524721667f,-0.9311222379518074f,-0.34115063389292544f,-0.12894814068482638f,1.3554092025658115f,0f,0f,0f,1f], start_interpolation: 0, interpolation_duration: 1 }
$data merge entity $(bone_log) { transformation: [-0.8614943537031624f,-0.15373005019889455f,0.48393651464155485f,1.3848809953035415f,-0.49112101925238044f,0.01024002843470076f,-0.8710311626263211f,-0.48751013022084855f,0.12894814068482624f,-0.9880598228262814f,-0.08432178562165507f,1.2400380292007138f,0f,0f,0f,1f], start_interpolation: 0, interpolation_duration: 1 }
$data merge entity $(bone_planks) { transformation: [-0.8614943537031624f,-0.15373005019889455f,0.48393651464155485f,1.30411589964387f,-0.49112101925238044f,0.01024002843470076f,-0.8710311626263211f,-0.5335527257757593f,0.12894814068482624f,-0.9880598228262814f,-0.08432178562165507f,1.2521269173899163f,0f,0f,0f,1f], start_interpolation: 0, interpolation_duration: 1 }
$data merge entity $(bone_lefthand1) { transformation: [-0.8614943537031624f,-0.15373005019889455f,0.48393651464155485f,1.5466990550970598f,-0.49112101925238044f,0.01024002843470076f,-0.8710311626263211f,-0.3349501444670058f,0.12894814068482624f,-0.9880598228262814f,-0.08432178562165507f,0.9634210941236137f,0f,0f,0f,1f], start_interpolation: 0, interpolation_duration: 1 }
$data merge entity $(bone_leftforearm) { transformation: [-0.9734974361539117f,-0.2105639628475385f,-0.08924998236246812f,1.3391972099346785f,0.04989796417736819f,0.18529195241709054f,-0.9814158575957583f,-0.18621349488771977f,0.22318811566191085f,-0.9598592135930164f,-0.16987452754277896f,0.3051236312877493f,0f,0f,0f,1f], start_interpolation: 0, interpolation_duration: 1 }
$data merge entity $(bone_leftelbow) { transformation: [-0.7015077381101332f,-0.6473537881415157f,-0.29802678797456167f,1.2178183746581444f,-0.05240613016368123f,0.46391460664256123f,-0.8843284657099679f,-0.09922950614223955f,0.7107323623508868f,-0.6047448310837455f,-0.3593649932653716f,0.19173397545954698f,0f,0f,0f,1f], start_interpolation: 0, interpolation_duration: 1 }
$data merge entity $(bone_leftarm) { transformation: [-0.7015077381101332f,-0.6473537881415157f,-0.29802678797456167f,0.75f,-0.05240613016368123f,0.46391460664256123f,-0.8843284657099679f,0.1488992207591723f,0.7107323623508868f,-0.6047448310837455f,-0.3593649932653716f,0.05606442022147354f,0f,0f,0f,1f], start_interpolation: 0, interpolation_duration: 1 }
$data merge entity $(bone_rightthumb2) { transformation: [-0.7515605519836555f,0.06114400620306858f,-0.6568242894469283f,-1.2952370332100112f,0.632587421743518f,0.34914404291823575f,-0.6913259659137634f,-0.5268785247860338f,0.18705584875622433f,-0.9350721083425324f,-0.3010818188565032f,1.1178483637667933f,0f,0f,0f,1f], start_interpolation: 0, interpolation_duration: 1 }
$data merge entity $(bone_rightthumb) { transformation: [-0.7515605519836555f,0.06114400620306858f,-0.6568242894469283f,-1.336372485984166f,0.632587421743518f,0.34914404291823575f,-0.6913259659137634f,-0.5003325555727338f,0.18705584875622433f,-0.9350721083425324f,-0.3010818188565032f,0.8627992427016702f,0f,0f,0f,1f], start_interpolation: 0, interpolation_duration: 1 }
$data merge entity $(bone_rightpointerfinger) { transformation: [-0.7468672685013305f,0.10378408372144221f,-0.6568242894469283f,-1.4870405553607624f,0.6514185317258019f,0.31260567073807677f,-0.6913259659137634f,-0.5606440830173868f,0.1335783656344166f,-0.9441962500394177f,-0.3010818188565032f,1.1742839179743727f,0f,0f,0f,1f], start_interpolation: 0, interpolation_duration: 1 }
$data merge entity $(bone_rightmidfinger) { transformation: [-0.7067005450728314f,0.2629756497972783f,-0.6568242894469283f,-1.589669350586845f,0.7036375621772412f,0.16420289262577456f,-0.6913259659137634f,-0.6686637651914124f,-0.07394944683384855f,-0.9507266787394935f,-0.3010818188565032f,1.1272398837780442f,0f,0f,0f,1f], start_interpolation: 0, interpolation_duration: 1 }
$data merge entity $(bone_rightringfinger) { transformation: [-0.6810914980574715f,0.32356795896127777f,-0.6568242894469283f,-1.6922981458129276f,0.7152712338872818f,0.10225199668841584f,-0.6913259659137634f,-0.7766834473654378f,-0.15652933669825206f,-0.9406637577300752f,-0.3010818188565032f,1.0801958495817154f,0f,0f,0f,1f], start_interpolation: 0, interpolation_duration: 1 }
$data merge entity $(bone_hugeasssword) { transformation: [-0.000029436121619359844f,0.0000023948069096201864f,-0.000025725618003338027f,-1.3497387047834024f,0.00002477634068495446f,0.000013674808347630902f,-0.000027076933664955736f,-0.7724409641937686f,0.000007326354076285454f,-0.00003662365757674919f,-0.000011792371238546377f,0.8940029388407323f,0f,0f,0f,1f], start_interpolation: 0, interpolation_duration: 1 }
$data merge entity $(bone_ice) { transformation: [-0.7515605519836555f,0.06114400620306858f,-0.6568242894469283f,-1.3389509462555806f,0.632587421743518f,0.34914404291823575f,-0.6913259659137634f,-0.7877805183291084f,0.18705584875622433f,-0.9350721083425324f,-0.3010818188565032f,0.9056906928967684f,0f,0f,0f,1f], start_interpolation: 0, interpolation_duration: 1 }
$data merge entity $(bone_righthand1) { transformation: [-0.7515605519836555f,0.06114400620306858f,-0.6568242894469283f,-1.532080841745944f,0.632587421743518f,0.34914404291823575f,-0.6913259659137634f,-0.5639515885984752f,0.18705584875622433f,-0.9350721083425324f,-0.3010818188565032f,0.7092778211609256f,0f,0f,0f,1f], start_interpolation: 0, interpolation_duration: 1 }
$data merge entity $(bone_rightforearm) { transformation: [-0.934401377262347f,0.09353082017805293f,0.3437238016882885f,-1.4132875821307334f,-0.2366194642736935f,0.5583200724644148f,-0.7951666025495294f,-0.14416959296499124f,-0.26628048238100277f,-0.8243365103889017f,-0.4995638321003524f,0.1541144273191098f,0f,0f,0f,1f], start_interpolation: 0, interpolation_duration: 1 }
$data merge entity $(bone_rightelbow) { transformation: [-0.3550596649679627f,0.8815823054381292f,0.3110390217500548f,-1.247990899861084f,0.1684314654120982f,0.38759957405246565f,-0.906309776871838f,-0.07149467283015393f,-0.9195452548798082f,-0.2694052874995966f,-0.28610717449111345f,0.10360093591293544f,0f,0f,0f,1f], start_interpolation: 0, interpolation_duration: 1 }
$data merge entity $(bone_rightarm) { transformation: [-0.5510506402232557f,0.774337083483872f,0.3110390217500548f,-0.75f,0.07329436702015413f,0.41620971169548f,-0.906309776871838f,0.1488992207591723f,-0.8312467309244922f,-0.47662517456808406f,-0.28610717449111345f,0.05606442022147336f,0f,0f,0f,1f], start_interpolation: 0, interpolation_duration: 1 }
$data merge entity $(bone_chest1) { transformation: [-1.0833333333333333f,-8.527867711287151e-17f,1.0163116982094626e-16f,-0.002323124999999984f,0f,0.8298814800455596f,0.6963532438270843f,0.09685304820536439f,-1.3267006990762992e-16f,0.6963532438270843f,-0.8298814800455596f,-0.13129286842986393f,0f,0f,0f,1f], start_interpolation: 0, interpolation_duration: 1 }
$data merge entity $(bone_chest1lid) { transformation: [-1f,-6.985714745057531e-17f,1.005861659309428e-16f,-0.34374999999999994f,0f,0.8213483757192263f,0.5704268977734035f,-0.6695935538780159f,-1.2246467991473532e-16f,0.5704268977734035f,-0.8213483757192263f,-0.2821439870607591f,0f,0f,0f,1f], start_interpolation: 0, interpolation_duration: 1 }
$data merge entity $(bone_chest2) { transformation: [-1f,-6.985714745057531e-17f,1.005861659309428e-16f,-0.34374999999999994f,0f,0.8213483757192263f,0.5704268977734035f,-0.797929237584145f,-1.2246467991473532e-16f,0.5704268977734035f,-0.8213483757192263f,-0.3712731898378534f,0f,0f,0f,1f], start_interpolation: 0, interpolation_duration: 1 }
$data merge entity $(bone_chest1lid3) { transformation: [-1f,-7.665351767214054e-17f,9.55083035924386e-17f,-0.2812499999999999f,0f,0.7798844830928819f,0.6259234721840591f,-0.26428647464544297f,-1.2246467991473532e-16f,0.6259234721840591f,-0.7798844830928819f,-0.7642198686821896f,0f,0f,0f,1f], start_interpolation: 0, interpolation_duration: 1 }
$data merge entity $(bone_chest3) { transformation: [-1f,-7.665351767214054e-17f,9.55083035924386e-17f,-0.2812499999999999f,0f,0.7798844830928819f,0.6259234721840591f,-0.38614342512870575f,-1.2246467991473532e-16f,0.6259234721840591f,-0.7798844830928819f,-0.8620204112109489f,0f,0f,0f,1f], start_interpolation: 0, interpolation_duration: 1 }
$data merge entity $(bone_hugeasssword2) { transformation: [-1.6719478217487493e-15f,1.6552548584844062f,-3.549705499226879f,-1.734375f,-2.5175848046056117f,2.719232172391629f,1.2679987862876712f,0.5694862407476351f,3.0003407355493303f,2.2817067129392097f,1.0639773139072208f,-0.08054889992786102f,0f,0f,0f,1f], start_interpolation: 0, interpolation_duration: 1 }
$data merge entity $(bone_belt) { transformation: [-1f,-7.871877887341986e-17f,9.381338752702732e-17f,0.029705625000000038f,0f,0.7660444431189781f,0.6427876096865394f,-0.29242793989921045f,-1.2246467991473532e-16f,0.6427876096865394f,-0.7660444431189781f,-0.2870573242809212f,0f,0f,0f,1f], start_interpolation: 0, interpolation_duration: 1 }
$data merge entity $(bone_torn_part) { transformation: [-1f,-1.0328566345430088e-16f,6.580022455450643e-17f,-0.09374999999999994f,0f,0.537299608346824f,0.8433914458128857f,-0.5074943345238176f,-1.2246467991473532e-16f,0.8433914458128857f,-0.537299608346824f,-0.4743181810278101f,0f,0f,0f,1f], start_interpolation: 0, interpolation_duration: 1 }
$data merge entity $(bone_lowerbody) { transformation: [-1f,-7.871877887341986e-17f,9.381338752702732e-17f,0.003906250000000083f,0f,0.7660444431189781f,0.6427876096865394f,-0.9719314803776758f,-1.2246467991473532e-16f,0.6427876096865394f,-0.7660444431189781f,-0.6804543187564593f,0f,0f,0f,1f], start_interpolation: 0, interpolation_duration: 1 }
$data merge entity $(bone_leftfoot) { transformation: [-1f,-9.910450343257349e-17f,7.194369483145555e-17f,0.2812500000000003f,0f,0.5874648501228728f,0.8092496832684649f,-1.91550963386949f,-1.2246467991473532e-16f,0.8092496832684649f,-0.5874648501228728f,-2.347105590455212f,0f,0f,0f,1f], start_interpolation: 0, interpolation_duration: 1 }
$data merge entity $(bone_leftlowerleg) { transformation: [-1f,-1.190922823761772e-16f,2.854165561160479e-17f,0.28125000000000017f,0f,0.233060304664795f,0.9724622843018402f,-1.806372933842467f,-1.2246467991473532e-16f,0.9724622843018402f,-0.233060304664795f,-1.2324715476349446f,0f,0f,0f,1f], start_interpolation: 0, interpolation_duration: 1 }
$data merge entity $(bone_leftleg) { transformation: [-1f,-4.406159001419216e-17f,1.1426361674671346e-16f,0.2500000000000001f,0f,0.9330332372261803f,0.35979018640206745f,-0.8243947303501598f,-1.2246467991473532e-16f,0.35979018640206745f,-0.9330332372261803f,-0.8258965396480584f,0f,0f,0f,1f], start_interpolation: 0, interpolation_duration: 1 }
$data merge entity $(bone_rightfoot) { transformation: [-1f,-9.234485524254818e-17f,8.043646894817925e-17f,-0.2812499999999998f,0f,0.6568136135592912f,0.7540529670011161f,-2.6497532929561127f,-1.2246467991473532e-16f,0.7540529670011161f,-0.6568136135592912f,-1.8356407782341115f,0f,0f,0f,1f], start_interpolation: 0, interpolation_duration: 1 }
$data merge entity $(bone_rightlowerleg) { transformation: [-1f,-7.97174465779348e-17f,9.29662655897971e-17f,-0.2812499999999999f,0f,0.7591271675598534f,0.6509423503449091f,-1.907611035702113f,-1.2246467991473532e-16f,0.6509423503449091f,-0.7591271675598534f,-0.9968650402060145f,0f,0f,0f,1f], start_interpolation: 0, interpolation_duration: 1 }
$data merge entity $(bone_rightleg) { transformation: [-1f,-2.282725335116985e-17f,1.2031838733568567e-16f,-0.24999999999999992f,0f,0.9824741910847765f,0.18639866912699288f,-0.8685863785161093f,-1.2246467991473532e-16f,0.18639866912699288f,-0.9824741910847765f,-0.7732309841836287f,0f,0f,0f,1f], start_interpolation: 0, interpolation_duration: 1 }
data modify entity @s data merge value {"locators":{"lefthand":{"posx":1.4700947430937272,"posy":-0.42865767497136265,"posz":1.3064588425701529,"roty":80.11593182204537,"rotx":-60.57868923346683},"righthand":{"posx":-1.4001022435783632,"posy":-0.7231288549938486,"posz":0.9425420838301494,"roty":294.6262574221031,"rotx":-43.73516242226848},"chest":{"posx":-0.37499999999999994,"posy":-0.8100570301375618,"posz":-0.18945998446546772,"roty":0,"rotx":34.78},"sack":{"posx":0,"posy":-0.4375,"posz":0,"roty":0,"rotx":0}},"cameras":{}}