# This file was generated by Animated Java via MC-Build. It is not recommended to edit this file directly.
$data merge entity $(bone_nose) { transformation: [-0.9939294775634059f,0.10994800854686455f,0.003953358965934503f,0.17280322841566947f,0.0746842582638594f,0.6478878605447076f,0.7580656843086743f,2.7937185233572133f,0.08078647905505032f,0.753759083245688f,-0.6521662282167853f,1.0254894982841956f,0f,0f,0f,1f], start_interpolation: 0, interpolation_duration: 1 }
$data merge entity $(bone_glowing_eye) { transformation: [-0.9939294775634059f,0.10994800854686455f,0.003953358965934503f,0.05586846229447029f,0.0746842582638594f,0.6478878605447076f,0.7580656843086743f,2.8204681520429356f,0.08078647905505032f,0.753759083245688f,-0.6521662282167853f,1.1093811705318788f,0f,0f,0f,1f], start_interpolation: 0, interpolation_duration: 1 }
$data merge entity $(bone_head) { transformation: [-0.9939294775634059f,0.10994800854686455f,0.003953358965934503f,0.15996747814099543f,0.0746842582638594f,0.6478878605447076f,0.7580656843086743f,2.855670944701938f,0.08078647905505032f,0.753759083245688f,-0.6521662282167853f,0.8102962951174193f,0f,0f,0f,1f], start_interpolation: 0, interpolation_duration: 1 }
$data merge entity $(bone_leftthumb2) { transformation: [-0.8148111975228218f,0.5759548245718027f,0.06602084855474863f,0.45828212673589813f,0.5797199236832782f,0.8089623501910913f,0.09749218459938352f,1.5290167641076258f,0.0027427132696000167f,0.11771132496820375f,-0.9930440682558607f,0.015644906406291667f,0f,0f,0f,1f], start_interpolation: 0, interpolation_duration: 1 }
$data merge entity $(bone_leftthumb) { transformation: [-0.8148111975228218f,0.5759548245718027f,0.06602084855474863f,0.6051727044663159f,0.5797199236832782f,0.8089623501910913f,0.09749218459938352f,1.7357401516397664f,0.0027427132696000167f,0.11771132496820375f,-0.9930440682558607f,-0.04035033744316882f,0f,0f,0f,1f], start_interpolation: 0, interpolation_duration: 1 }
$data merge entity $(bone_leftpointerfinger) { transformation: [0.011226253064447411f,0.9977550895877425f,0.06602084855474863f,0.5084022296587557f,0.9950798219269494f,-0.017647150927849353f,0.09749218459938352f,1.4114624599835521f,0.0984384032578928f,0.06460154228720694f,-0.9930440682558607f,-0.12582329091171665f,0f,0f,0f,1f], start_interpolation: 0, interpolation_duration: 1 }
$data merge entity $(bone_leftmidfinger) { transformation: [-0.11434244595365195f,0.9912452030700816f,0.06602084855474863f,0.5187179872454352f,0.9893986800797538f,0.10763608037494127f,0.09749218459938352f,1.4266956138272058f,0.08953243495950086f,0.07646843526627214f,-0.9930440682558607f,-0.28098642657669487f,0f,0f,0f,1f], start_interpolation: 0, interpolation_duration: 1 }
$data merge entity $(bone_leftringfinger) { transformation: [-0.11434244595365195f,0.9912452030700816f,0.06602084855474863f,0.5290337448321146f,0.9893986800797538f,0.10763608037494127f,0.09749218459938352f,1.4419287676708594f,0.08953243495950086f,0.07646843526627214f,-0.9930440682558607f,-0.4361495622416731f,0f,0f,0f,1f], start_interpolation: 0, interpolation_duration: 1 }
$data merge entity $(bone_invisibility) { transformation: [0.5795172386714107f,-0.015571848769105938f,0.8148111975228216f,0.41655703754343154f,0.8143810079770541f,-0.02661548291749183f,-0.5797199236832781f,1.6055935719575867f,0.03071390448868344f,0.9995244537253605f,-0.00274271326960023f,-0.08140172887227372f,0f,0f,0f,1f], start_interpolation: 0, interpolation_duration: 1 }
$data merge entity $(bone_swiftness) { transformation: [0.06602084855474845f,0.5759548245718027f,0.8148111975228218f,0.30850403071077936f,0.09749218459938365f,0.8089623501910913f,-0.5797199236832782f,1.5445198283646244f,-0.9930440682558607f,0.11771132496820375f,-0.002742713269600237f,-0.2833947423714915f,0f,0f,0f,1f], start_interpolation: 0, interpolation_duration: 1 }
$data merge entity $(bone_suspicious_stew) { transformation: [0.5498939587456064f,0.18357381764976874f,0.8148111975228222f,0.4019380642456436f,0.7743708549863503f,0.253524336173794f,-0.5797199236832782f,1.5859532464047637f,-0.3129958675171197f,0.949750527476098f,-0.002742713269600004f,-0.2731152100281321f,0f,0f,0f,1f], start_interpolation: 0, interpolation_duration: 1 }
$data merge entity $(bone_log) { transformation: [-0.8148111975228218f,0.5759548245718027f,0.06602084855474863f,0.40063859482535824f,0.5797199236832782f,0.8089623501910913f,0.09749218459938352f,1.7459922291770535f,0.0027427132696000167f,0.11771132496820375f,-0.9930440682558607f,-0.30469310573757513f,0f,0f,0f,1f], start_interpolation: 0, interpolation_duration: 1 }
$data merge entity $(bone_planks) { transformation: [-0.8148111975228218f,0.5759548245718027f,0.06602084855474863f,0.3242500450575937f,0.5797199236832782f,0.8089623501910913f,0.09749218459938352f,1.8003409720223609f,0.0027427132696000167f,0.11771132496820375f,-0.9930440682558607f,-0.30443597636855013f,0f,0f,0f,1f], start_interpolation: 0, interpolation_duration: 1 }
$data merge entity $(bone_lefthand1) { transformation: [-0.8148111975228218f,0.5759548245718027f,0.06602084855474863f,0.7462669488316785f,0.5797199236832782f,0.8089623501910913f,0.09749218459938352f,1.800256205035276f,0.0027427132696000167f,0.11771132496820375f,-0.9930440682558607f,-0.24491832567992855f,0f,0f,0f,1f], start_interpolation: 0, interpolation_duration: 1 }
$data merge entity $(bone_leftforearm) { transformation: [-0.0010576536574949946f,0.890051643291181f,0.4558584798415061f,1.383919443943094f,0.6765744347409139f,0.3363193800317289f,-0.6550849630926406f,2.1092238702898323f,-0.7363734892184493f,0.3077293403134344f,-0.6025418968723293f,-0.09899616459983716f,0f,0f,0f,1f], start_interpolation: 0, interpolation_duration: 1 }
$data merge entity $(bone_leftelbow) { transformation: [-0.0010576536574949946f,0.890051643291181f,0.4558584798415061f,1.5508041270601904f,0.6765744347409139f,0.3363193800317289f,-0.6550849630926406f,2.1722837540457816f,-0.7363734892184493f,0.3077293403134344f,-0.6025418968723293f,-0.041296913291068216f,0f,0f,0f,1f], start_interpolation: 0, interpolation_duration: 1 }
$data merge entity $(bone_leftarm) { transformation: [-0.40016996102527974f,-0.3708685357418034f,0.8380456619360048f,0.9846637222068839f,0.6583127431538524f,0.5198550838493577f,0.5444033651597195f,2.5610294966286022f,-0.637564376745028f,0.7695500120152736f,0.036117094470848043f,0.277638132671465f,0f,0f,0f,1f], start_interpolation: 0, interpolation_duration: 1 }
$data merge entity $(bone_rightthumb2) { transformation: [-0.838656405453477f,0.10334240535919781f,-0.5347670341807054f,-0.7319522396382016f,-0.21700263897424865f,0.837144938097468f,0.5020938232004027f,1.9429923195577947f,0.4995650991312992f,0.5371300586192886f,-0.6796513899475041f,0.030564509402982692f,0f,0f,0f,1f], start_interpolation: 0, interpolation_duration: 1 }
$data merge entity $(bone_rightthumb) { transformation: [-0.838656405453477f,0.10334240535919781f,-0.5347670341807054f,-0.7523081436153961f,-0.21700263897424865f,0.837144938097468f,0.5020938232004027f,2.1912035199353115f,0.4995650991312992f,0.5371300586192886f,-0.6796513899475041f,0.1042103191474848f,0f,0f,0f,1f], start_interpolation: 0, interpolation_duration: 1 }
$data merge entity $(bone_rightpointerfinger) { transformation: [-0.6807841816525684f,-0.5005568071310331f,-0.5347670341807054f,-0.9030126194475775f,-0.7324637789482968f,0.4597810405321018f,0.5020938232004027f,1.91631632144679f,-0.005450737603535816f,0.7335150152532685f,-0.6796513899475041f,-0.04925420752327268f,0f,0f,0f,1f], start_interpolation: 0, interpolation_duration: 1 }
$data merge entity $(bone_rightmidfinger) { transformation: [-0.6583022446924546f,-0.5297757768966482f,-0.5347670341807054f,-0.9865699685383127f,-0.7518220030416299f,0.42739380955562867f,0.5020938232004027f,1.994768481321853f,-0.03744102529774451f,0.7325791136574117f,-0.6796513899475041f,-0.1554497372025702f,0f,0f,0f,1f], start_interpolation: 0, interpolation_duration: 1 }
$data merge entity $(bone_rightringfinger) { transformation: [-0.6981623938086312f,-0.47601837257082136f,-0.5347670341807054f,-1.070127317629048f,-0.7156415552335785f,0.4855501592285464f,0.5020938232004027f,2.0732206411969156f,0.020650333998901982f,0.7332445375508495f,-0.6796513899475041f,-0.26164526688186773f,0f,0f,0f,1f], start_interpolation: 0, interpolation_duration: 1 }
$data merge entity $(bone_hugeasssword) { transformation: [-3.2847375880261183f,0.4047577543235248f,-2.094504217207763f,-0.7344546998420722f,-0.8499270026491406f,3.2788176742150834f,1.9665341408682442f,2.2146096568629297f,1.9566299715975888f,2.1037593962588805f,-2.661967943961058f,-0.16842262053434878f,0f,0f,0f,1f], start_interpolation: 0, interpolation_duration: 1 }
$data merge entity $(bone_ice) { transformation: [-0.838656405453477f,0.10334240535919781f,-0.5347670341807054f,-0.7229654185905992f,-0.21700263897424865f,0.837144938097468f,0.5020938232004027f,2.2049199334391294f,0.4995650991312992f,0.5371300586192886f,-0.6796513899475041f,-0.18462098237420171f,0f,0f,0f,1f], start_interpolation: 0, interpolation_duration: 1 }
$data merge entity $(bone_righthand1) { transformation: [-0.838656405453477f,0.10334240535919781f,-0.5347670341807054f,-0.923505388432316f,-0.21700263897424865f,0.837144938097468f,0.5020938232004027f,2.375645940194947f,0.4995650991312992f,0.5371300586192886f,-0.6796513899475041f,0.05331370112758574f,0f,0f,0f,1f], start_interpolation: 0, interpolation_duration: 1 }
$data merge entity $(bone_rightforearm) { transformation: [-0.3877225684616793f,-0.6287689954231519f,-0.6740332041524646f,-1.2871877320417389f,-0.5130130246776208f,0.7547134201928207f,-0.4089318890621917f,2.962282839504771f,0.7658255979115592f,0.1872356904423246f,-0.6151861098951994f,0.165794678407854f,0f,0f,0f,1f], start_interpolation: 0, interpolation_duration: 1 }
$data merge entity $(bone_rightelbow) { transformation: [-0.3877225684616793f,-0.6287689954231519f,-0.6740332041524646f,-1.40508191868358f,-0.5130130246776208f,0.7547134201928207f,-0.4089318890621917f,3.103791605790925f,0.7658255979115592f,0.1872356904423246f,-0.6151861098951994f,0.20090137036578987f,0f,0f,0f,1f], start_interpolation: 0, interpolation_duration: 1 }
$data merge entity $(bone_rightarm) { transformation: [-0.7489578111998457f,0.6516553433620522f,0.12003128971406524f,-0.7475991557251354f,-0.14872563726936694f,-0.3418488949965873f,0.9279116433197897f,2.725757587698775f,0.6457111442909722f,0.6771149433126535f,0.35294825637923916f,0.43191766311668994f,0f,0f,0f,1f], start_interpolation: 0, interpolation_duration: 1 }
$data merge entity $(bone_chest1) { transformation: [-1.0767569340270229f,0.1191103425924366f,0.004282805546429045f,0.0857877412589753f,0.08090794645251434f,0.7018785155900998f,0.8212378246677304f,2.492341429943325f,0.08751868564297118f,0.8165723401828285f,-0.7065134139015173f,0.2622923800111f,0f,0f,0f,1f], start_interpolation: 0, interpolation_duration: 1 }
$data merge entity $(bone_chest1lid) { transformation: [-0.9939294775634059f,0.10994800854686455f,0.003953358965934503f,-0.33025741791943036f,0.0746842582638594f,0.6478878605447076f,0.7580656843086743f,1.7783962997020626f,0.08078647905505032f,0.753759083245688f,-0.6521662282167853f,0.029924161574180153f,0f,0f,0f,1f], start_interpolation: 0, interpolation_duration: 1 }
$data merge entity $(bone_chest2) { transformation: [-0.9939294775634059f,0.10994800854686455f,0.003953358965934503f,-0.34743679425487795f,0.0746842582638594f,0.6478878605447076f,0.7580656843086743f,1.677163821491952f,0.08078647905505032f,0.753759083245688f,-0.6521662282167853f,-0.0878506951829586f,0f,0f,0f,1f], start_interpolation: 0, interpolation_duration: 1 }
$data merge entity $(bone_chest1lid3) { transformation: [-0.9939294775634059f,0.10994800854686455f,0.003953358965934503f,-0.26560420498416576f,0.0746842582638594f,0.6478878605447076f,0.7580656843086743f,2.2593643625708157f,0.08078647905505032f,0.753759083245688f,-0.6521662282167853f,-0.3929189833181387f,0f,0f,0f,1f], start_interpolation: 0, interpolation_duration: 1 }
$data merge entity $(bone_chest3) { transformation: [-0.9939294775634059f,0.10994800854686455f,0.003953358965934503f,-0.28278358131961334f,0.0746842582638594f,0.6478878605447076f,0.7580656843086743f,2.158131884360705f,0.08078647905505032f,0.753759083245688f,-0.6521662282167853f,-0.5106938400752774f,0f,0f,0f,1f], start_interpolation: 0, interpolation_duration: 1 }
$data merge entity $(bone_hugeasssword2) { transformation: [-0.01548398928324431f,3.1610691147881775f,-2.31250515142906f,-1.0101648262946628f,-2.969090596875641f,1.4986877591320347f,2.068505210520445f,3.5369358154251844f,2.5543177271824096f,1.761208343705498f,2.3903731709592133f,1.0636338419495561f,0f,0f,0f,1f], start_interpolation: 0, interpolation_duration: 1 }
$data merge entity $(bone_belt) { transformation: [-0.9939294775634059f,0.10994800854686455f,0.003953358965934503f,0.07330896519697341f,0.0746842582638594f,0.6478878605447076f,0.7580656843086743f,2.132643521775467f,0.08078647905505032f,0.753759083245688f,-0.6521662282167853f,0.044830224129958324f,0f,0f,0f,1f], start_interpolation: 0, interpolation_duration: 1 }
$data merge entity $(bone_torn_part) { transformation: [-0.9711831690368625f,0.16091471796646178f,0.1758115631046232f,-0.20679157083698688f,0.21668279622665026f,0.9033477702441751f,0.3701504718547268f,1.831352007367979f,-0.09925632473004835f,0.39757924937885153f,-0.9121836012911173f,-0.035932132383798054f,0f,0f,0f,1f], start_interpolation: 0, interpolation_duration: 1 }
$data merge entity $(bone_lowerbody) { transformation: [-0.9711831690368625f,0.20633465079495655f,0.11928647895231122f,-0.22947346679687441f,0.21668279622665026f,0.9728444744784441f,0.08137686585363042f,1.3237262402343755f,-0.09925632473004835f,0.1048791702774347f,-0.9895193487966771f,0.061701494140624785f,0f,0f,0f,1f], start_interpolation: 0, interpolation_duration: 1 }
$data merge entity $(bone_leftfoot) { transformation: [-0.8814791434575614f,-0.09018818246098476f,-0.46351540151208653f,0.3967555990560944f,-0.4053149961250751f,0.6481464222249048f,0.6447205823958065f,0.29113569008912366f,0.24226951945782776f,0.7561727989745564f,-0.6078643522656995f,-0.0057965339334422605f,0f,0f,0f,1f], start_interpolation: 0, interpolation_duration: 1 }
$data merge entity $(bone_leftlowerleg) { transformation: [-0.8814791434575614f,-0.09018818246098476f,-0.46351540151208653f,0.36792019770088996f,-0.4053149961250751f,0.6481464222249048f,0.6447205823958065f,0.9111146304123097f,0.24226951945782776f,0.7561727989745564f,-0.6078643522656995f,0.9264783632480398f,0f,0f,0f,1f], start_interpolation: 0, interpolation_duration: 1 }
$data merge entity $(bone_leftleg) { transformation: [-0.9456071851804909f,-0.27664523041893263f,0.17110303819978445f,0.11461028865665884f,-0.2738670176791684f,0.3933054958382214f,-0.8776937919892132f,1.2220433006658904f,0.1755090861388354f,-0.8767883067107185f,-0.44769829669970257f,0.16152678826113376f,0f,0f,0f,1f], start_interpolation: 0, interpolation_duration: 1 }
$data merge entity $(bone_rightfoot) { transformation: [-0.9391237334908009f,0.036196819747700726f,0.34167093143412536f,-0.496978278720178f,0.2836252869134457f,0.6429293593779603f,0.7114837688734872f,0.42639120518422746f,-0.19391266294465279f,0.765062574358869f,-0.6140515982338959f,-0.04736724494315714f,0f,0f,0f,1f], start_interpolation: 0, interpolation_duration: 1 }
$data merge entity $(bone_rightlowerleg) { transformation: [-0.9391237334908009f,0.036196819747700726f,0.34167093143412536f,-0.5093186756171009f,0.2836252869134457f,0.6429293593779603f,0.7114837688734872f,1.0303245948982296f,-0.19391266294465279f,0.765062574358869f,-0.6140515982338959f,0.895720390079109f,0f,0f,0f,1f], start_interpolation: 0, interpolation_duration: 1 }
$data merge entity $(bone_rightleg) { transformation: [-0.9864994386847286f,0.05347937742457515f,-0.15478736084289382f,-0.46586211631092617f,0.16282585924930904f,0.4213650835814704f,-0.8921591601566621f,1.3634762922589287f,0.017509912462360736f,-0.9053018406192821f,-0.424391770280329f,0.09127871557392446f,0f,0f,0f,1f], start_interpolation: 0, interpolation_duration: 1 }
data modify entity @s data merge value {"locators":{"lefthand":{"posx":0.4309990981647829,"posy":1.6269199873387017,"posz":-0.2986301188032432,"roty":3.8036151646979874,"rotx":5.594777502535029},"righthand":{"posx":-0.7948484467765266,"posy":2.1636503303900145,"posz":-0.13555985852863905,"roty":321.80342957236405,"rotx":30.138623181595566},"chest":{"posx":-0.3688071769658931,"posy":1.6217894283155336,"posz":0.08723976950066767,"roty":0.34731637336770405,"rotx":49.29396836001331},"sack":{"posx":0,"posy":-0.4375,"posz":0,"roty":0,"rotx":0}},"cameras":{}}