# This file was generated by Animated Java via MC-Build. It is not recommended to edit this file directly.
$data merge entity $(bone_nose) { transformation: [-0.9845442442849162f,-0.015179384878101353f,0.1744769822072985f,-0.12661559698477498f,0.013507606303427924f,0.9866880619590718f,0.16206237366953077f,4.0890019990213835f,-0.17461436257477522f,0.16191434359615436f,-0.9712330151515813f,0.17874480720215283f,0f,0f,0f,1f], start_interpolation: 0, interpolation_duration: 1 }
$data merge entity $(bone_glowing_eye) { transformation: [-0.9845442442849162f,-0.015179384878101353f,0.1744769822072985f,-0.25679987855137665f,0.013507606303427924f,0.9866880619590718f,0.16206237366953077f,4.151841980626263f,-0.17461436257477522f,0.16191434359615436f,-0.9712330151515813f,0.2017727115801562f,0f,0f,0f,1f], start_interpolation: 0, interpolation_duration: 1 }
$data merge entity $(bone_head) { transformation: [-0.9845442442849162f,-0.015179384878101353f,0.1744769822072985f,-0.0920696066723771f,0.013507606303427924f,0.9866880619590718f,0.16206237366953077f,3.9975158303123592f,-0.17461436257477522f,0.16191434359615436f,-0.9712330151515813f,-0.023116108214985914f,0f,0f,0f,1f], start_interpolation: 0, interpolation_duration: 1 }
$data merge entity $(bone_leftthumb2) { transformation: [-0.14072608614123805f,-0.30251520732323894f,0.9426986358415648f,0.7901374039705171f,-0.40935649064576773f,-0.8491918261065825f,-0.33361730476692975f,4.399958895655338f,0.9014562841566701f,-0.43284846287349427f,-0.004333121565707532f,1.7670843195320316f,0f,0f,0f,1f], start_interpolation: 0, interpolation_duration: 1 }
$data merge entity $(bone_leftthumb) { transformation: [-0.14072608614123805f,-0.30251520732323894f,0.9426986358415648f,0.7965084869109782f,-0.40935649064576773f,-0.8491918261065825f,-0.33361730476692975f,4.163190868419274f,0.9014562841566701f,-0.43284846287349427f,-0.004333121565707532f,1.6605611826395772f,0f,0f,0f,1f], start_interpolation: 0, interpolation_duration: 1 }
$data merge entity $(bone_leftpointerfinger) { transformation: [-0.14622048404082585f,-0.29989806939912095f,0.9426986358415648f,0.9553522035406872f,-0.42477745733153965f,-0.8415839861255695f,-0.33361730476692975f,4.4709669913639285f,0.8934112612844207f,-0.44921881335010727f,-0.004333121565707532f,1.7037896883669141f,0f,0f,0f,1f], start_interpolation: 0, interpolation_duration: 1 }
$data merge entity $(bone_leftmidfinger) { transformation: [-0.14550654352121975f,-0.3002451128244401f,0.9426986358415648f,1.1026488653909317f,-0.42277393268764546f,-0.8425922476499965f,-0.33361730476692975f,4.418839287494095f,0.8944775277402617f,-0.4470919104895183f,-0.004333121565707532f,1.7031126381222723f,0f,0f,0f,1f], start_interpolation: 0, interpolation_duration: 1 }
$data merge entity $(bone_leftringfinger) { transformation: [-0.14550654352121975f,-0.3002451128244401f,0.9426986358415648f,1.2499455272411761f,-0.42277393268764546f,-0.8425922476499965f,-0.33361730476692975f,4.366711583624262f,0.8944775277402617f,-0.4470919104895183f,-0.004333121565707532f,1.7024355878776305f,0f,0f,0f,1f], start_interpolation: 0, interpolation_duration: 1 }
$data merge entity $(bone_invisibility) { transformation: [-0.2192024458335602f,-0.9654773205104065f,0.14072608614123822f,0.8664191292181769f,-0.8750370588206586f,0.25833584586091396f,0.4093564906457675f,4.311757834161406f,-0.43157900022021156f,-0.033408596548976766f,-0.9014562841566699f,1.8256053510684298f,0f,0f,0f,1f], start_interpolation: 0, interpolation_duration: 1 }
$data merge entity $(bone_swiftness) { transformation: [0.9426986358415648f,-0.30251520732323894f,0.14072608614123827f,1.0768113331189055f,-0.33361730476692986f,-0.8491918261065825f,0.4093564906457677f,4.342878927612638f,-0.004333121565707331f,-0.43284846287349427f,-0.9014562841566701f,1.930358537295509f,0f,0f,0f,1f], start_interpolation: 0, interpolation_duration: 1 }
$data merge entity $(bone_suspicious_stew) { transformation: [0.12422977073063274f,-0.9822235655611119f,0.14072608614123805f,1.0573555237817471f,-0.9106219301154856f,-0.056524012233126364f,0.40935649064576773f,4.289010456366352f,-0.3941251888131026f,-0.17900252315955273f,-0.9014562841566703f,1.8450826624720547f,0f,0f,0f,1f], start_interpolation: 0, interpolation_duration: 1 }
$data merge entity $(bone_log) { transformation: [-0.14072608614123805f,-0.30251520732323894f,0.9426986358415648f,1.0505370508456744f,-0.40935649064576773f,-0.8491918261065825f,-0.33361730476692975f,4.1288459959440384f,0.9014562841566701f,-0.43284846287349427f,-0.004333121565707532f,1.8752850161791632f,0f,0f,0f,1f], start_interpolation: 0, interpolation_duration: 1 }
$data merge entity $(bone_planks) { transformation: [-0.14072608614123805f,-0.30251520732323894f,0.9426986358415648f,1.0373439802699334f,-0.40935649064576773f,-0.8491918261065825f,-0.33361730476692975f,4.090468824945998f,0.9014562841566701f,-0.43284846287349427f,-0.004333121565707532f,1.959796542818851f,0f,0f,0f,1f], start_interpolation: 0, interpolation_duration: 1 }
$data merge entity $(bone_lefthand1) { transformation: [-0.14072608614123805f,-0.30251520732323894f,0.9426986358415648f,0.9806304381801254f,-0.40935649064576773f,-0.8491918261065825f,-0.33361730476692975f,4.029312702852802f,0.9014562841566701f,-0.43284846287349427f,-0.004333121565707532f,1.5418442394705503f,0f,0f,0f,1f], start_interpolation: 0, interpolation_duration: 1 }
$data merge entity $(bone_leftforearm) { transformation: [-0.5047360074413272f,0.14980911371865258f,0.8501757419728116f,1.0136868759615267f,-0.8529027690882784f,-0.2387333605737989f,-0.46428789455540254f,3.780213556632291f,0.13341075396584787f,-0.9594600627415263f,0.2482699311843698f,0.859620005819163f,0f,0f,0f,1f], start_interpolation: 0, interpolation_duration: 1 }
$data merge entity $(bone_leftelbow) { transformation: [-0.5047360074413272f,0.14980911371865258f,0.8501757419728116f,1.041776084783774f,-0.8529027690882784f,-0.2387333605737989f,-0.46428789455540254f,3.735451051524704f,0.13341075396584787f,-0.9594600627415263f,0.2482699311843698f,0.6797212440551268f,0f,0f,0f,1f], start_interpolation: 0, interpolation_duration: 1 }
$data merge entity $(bone_leftarm) { transformation: [-0.5884674354239343f,-0.19995200976421007f,0.7834061981097873f,0.7170199122595281f,-0.7731579849024047f,-0.1442585103775821f,-0.617589032096017f,3.535158202624631f,0.23650117933581438f,-0.9691277913541102f,-0.06970305730650966f,0.24836371993359696f,0f,0f,0f,1f], start_interpolation: 0, interpolation_duration: 1 }
$data merge entity $(bone_rightthumb2) { transformation: [0.4240373784353541f,0.14374002799755586f,-0.8941650328887469f,-1.2959006088666316f,0.9055675219449308f,-0.054407193409107775f,0.4206986100569636f,3.2534116248842375f,0.011822220104081571f,-0.9881187487628227f,-0.15323698461926483f,1.5848584524425575f,0f,0f,0f,1f], start_interpolation: 0, interpolation_duration: 1 }
$data merge entity $(bone_rightthumb) { transformation: [0.4240373784353541f,0.14374002799755586f,-0.8941650328887469f,-1.3370625533485312f,0.9055675219449308f,-0.054407193409107775f,0.4206986100569636f,3.2760205202235473f,0.011822220104081571f,-0.9881187487628227f,-0.15323698461926483f,1.32943449058599f,0f,0f,0f,1f], start_interpolation: 0, interpolation_duration: 1 }
$data merge entity $(bone_rightpointerfinger) { transformation: [0.4447030775183905f,-0.05203908919973768f,-0.8941650328887469f,-1.3797621476855224f,0.7946939458805913f,-0.43757766382309177f,0.4206986100569636f,3.412639575620058f,-0.413159418658716f,-0.8976735048548483f,-0.15323698461926483f,1.6477710266936472f,0f,0f,0f,1f], start_interpolation: 0, interpolation_duration: 1 }
$data merge entity $(bone_rightmidfinger) { transformation: [0.44654973191666963f,-0.03259188371690591f,-0.8941650328887469f,-1.5194754340743892f,0.8130244429545921f,-0.402497123784151f,0.4206986100569636f,3.478373733441458f,-0.37361021410492207f,-0.9148408793125009f,-0.15323698461926483f,1.6238277478468872f,0f,0f,0f,1f], start_interpolation: 0, interpolation_duration: 1 }
$data merge entity $(bone_rightringfinger) { transformation: [0.4476588128274819f,-0.008395311605615186f,-0.8941650328887469f,-1.6591887204632558f,0.8336012868457345f,-0.35794074099671075f,0.4206986100569636f,3.544107891262859f,-0.3235899903690238f,-0.9337065624047904f,-0.15323698461926483f,1.599884469000127f,0f,0f,0f,1f], start_interpolation: 0, interpolation_duration: 1 }
$data merge entity $(bone_hugeasssword) { transformation: [1.6608130655384703f,0.5629817763237606f,-3.5021463788142593f,-1.58894184089539f,3.546806127617646f,-0.2130948408523388f,1.6477362227231074f,3.2202074834814707f,0.04630369540765283f,-3.8701317659877223f,-0.6001781897587872f,1.4223701776739681f,0f,0f,0f,1f], start_interpolation: 0, interpolation_duration: 1 }
$data merge entity $(bone_ice) { transformation: [0.4240373784353541f,0.14374002799755586f,-0.8941650328887469f,-1.597813362870904f,0.9055675219449308f,-0.054407193409107775f,0.4206986100569636f,3.2069081033480984f,0.011822220104081571f,-0.9881187487628227f,-0.15323698461926483f,1.4376248109342609f,0f,0f,0f,1f], start_interpolation: 0, interpolation_duration: 1 }
$data merge entity $(bone_righthand1) { transformation: [0.4240373784353541f,0.14374002799755586f,-0.8941650328887469f,-1.4838116685404499f,0.9055675219449308f,-0.054407193409107775f,0.4206986100569636f,3.4328450170463345f,0.011822220104081571f,-0.9881187487628227f,-0.15323698461926483f,1.1887620230002236f,0f,0f,0f,1f], start_interpolation: 0, interpolation_duration: 1 }
$data merge entity $(bone_rightforearm) { transformation: [-0.5357789635660064f,0.10024887690006634f,-0.8383859880033846f,-1.327875659001613f,0.8369219595951103f,0.1945407049733227f,-0.5115814184037211f,3.5072583662891095f,0.11181473850801843f,-0.9757582061088487f,-0.18813130378441956f,0.4935536395320795f,0f,0f,0f,1f], start_interpolation: 0, interpolation_duration: 1 }
$data merge entity $(bone_rightelbow) { transformation: [-0.5357789635660064f,0.10024887690006634f,-0.8383859880033846f,-1.3090789945828505f,0.8369219595951103f,0.1945407049733227f,-0.5115814184037211f,3.5437347484716075f,0.11181473850801843f,-0.9757582061088487f,-0.18813130378441956f,0.31059897588667035f,0f,0f,0f,1f], start_interpolation: 0, interpolation_duration: 1 }
$data merge entity $(bone_rightarm) { transformation: [-0.5837444745306335f,0.37827511907765676f,-0.7184360255038296f,-0.9254643989270337f,0.8102619427796762f,0.21458531861222332f,-0.5453702642416393f,3.5037757507901617f,-0.052134178212180346f,-0.9004782481120106f,-0.4317649269443564f,-0.09166553560144558f,0f,0f,0f,1f], start_interpolation: 0, interpolation_duration: 1 }
$data merge entity $(bone_chest1) { transformation: [-1.0665895979753257f,-0.016444333617943133f,0.18901673072457334f,-0.07014048769038912f,0.014633240162046916f,1.0689120671223278f,0.17556757147532498f,3.3629078431665818f,-0.18916555945600647f,0.17540720556250056f,-1.0521690997475464f,-0.20915663342905683f,0f,0f,0f,1f], start_interpolation: 0, interpolation_duration: 1 }
$data merge entity $(bone_chest1lid) { transformation: [-0.9845442442849162f,-0.015179384878101353f,0.1744769822072985f,-0.46419223483724803f,0.013507606303427924f,0.9866880619590718f,0.16206237366953077f,2.6297502169342253f,-0.17461436257477522f,0.16191434359615436f,-0.9712330151515813f,0.0006273699610761241f,0f,0f,0f,1f], start_interpolation: 0, interpolation_duration: 1 }
$data merge entity $(bone_chest2) { transformation: [-0.9845442442849162f,-0.015179384878101353f,0.1744769822072985f,-0.4618204559500447f,0.013507606303427924f,0.9866880619590718f,0.16206237366953077f,2.4755802072531203f,-0.17461436257477522f,0.16191434359615436f,-0.9712330151515813f,-0.024671746225822994f,0f,0f,0f,1f], start_interpolation: 0, interpolation_duration: 1 }
$data merge entity $(bone_chest1lid3) { transformation: [-0.9845442442849162f,-0.015179384878101353f,0.1744769822072985f,-0.2908839028428902f,0.013507606303427924f,0.9866880619590718f,0.16206237366953077f,2.732727199672304f,-0.17461436257477522f,0.16191434359615436f,-0.9712330151515813f,-0.6106553827094823f,0f,0f,0f,1f], start_interpolation: 0, interpolation_duration: 1 }
$data merge entity $(bone_chest3) { transformation: [-0.9845442442849162f,-0.015179384878101353f,0.1744769822072985f,-0.2885121239556868f,0.013507606303427924f,0.9866880619590718f,0.16206237366953077f,2.578557189991199f,-0.17461436257477522f,0.16191434359615436f,-0.9712330151515813f,-0.6359544988963813f,0f,0f,0f,1f], start_interpolation: 0, interpolation_duration: 1 }
$data merge entity $(bone_hugeasssword2) { transformation: [-0.68336818031192f,2.8028728655826414f,-2.648997811870653f,-1.2545384236989612f,-0.6347442968723287f,2.5718319341292775f,2.8849710497609315f,4.567339975755884f,3.8039959760103605f,0.9326639157548609f,0.00551475507900616f,-0.4937306418948987f,0f,0f,0f,1f], start_interpolation: 0, interpolation_duration: 1 }
$data merge entity $(bone_belt) { transformation: [-0.9845442442849162f,-0.015179384878101353f,0.1744769822072985f,-0.055399835011145385f,0.013507606303427924f,0.9866880619590718f,0.16206237366953077f,2.9482333858317578f,-0.17461436257477522f,0.16191434359615436f,-0.9712330151515813f,-0.1409224643825163f,0f,0f,0f,1f], start_interpolation: 0, interpolation_duration: 1 }
$data merge entity $(bone_torn_part) { transformation: [-0.9777486209531495f,-0.07892132619432404f,0.19436835775388844f,-0.19363378072537074f,-0.04016828458427209f,0.9798237349968629f,0.19578548784410532f,2.6431092238267206f,-0.20589838060988092f,0.1836215472337778f,-0.9611914399606887f,-0.08276472212777672f,0f,0f,0f,1f], start_interpolation: 0, interpolation_duration: 1 }
$data merge entity $(bone_lowerbody) { transformation: [-0.9777486209531495f,-0.016820914150341294f,0.2091044979701807f,-0.11934250000000006f,-0.04016828458427209f,0.9933483364654427f,-0.10791474113806046f,2.177174050925926f,-0.20589838060988092f,-0.11391285831057227f,-0.9719206333717503f,0.12964039351851847f,0f,0f,0f,1f], start_interpolation: 0, interpolation_duration: 1 }
$data merge entity $(bone_leftfoot) { transformation: [-0.967500920188574f,-0.22103602196390792f,-0.12273434371006992f,0.5006577026988653f,-0.24683544961827075f,0.9308544161849022f,0.2694004791436385f,0.2658110669838901f,0.05470115065104424f,0.29094591401802095f,-0.9551765921874946f,-0.007478856471043294f,0f,0f,0f,1f], start_interpolation: 0, interpolation_duration: 1 }
$data merge entity $(bone_leftlowerleg) { transformation: [-0.967500920188574f,-0.22103602196390792f,-0.12273434371006992f,0.27430346078095347f,-0.24683544961827075f,0.9308544161849022f,0.2694004791436385f,1.257085479945692f,0.05470115065104424f,0.29094591401802095f,-0.9551765921874946f,0.4620479713847164f,0f,0f,0f,1f], start_interpolation: 0, interpolation_duration: 1 }
$data merge entity $(bone_leftleg) { transformation: [-0.9889551584109021f,-0.09125570714923506f,0.11676326994312307f,0.1548771627796105f,-0.1327081739195421f,0.8960078907085507f,-0.4237445928974821f,2.156053378030874f,-0.06595125906192031f,-0.4345598413345475f,-0.8982279919152567f,0.080065011853446f,0f,0f,0f,1f], start_interpolation: 0, interpolation_duration: 1 }
$data merge entity $(bone_rightfoot) { transformation: [-0.9166076104477983f,-0.02693535872601488f,0.3988796496682655f,-0.4281531665671905f,0.09238302849124519f,0.9564535454204672f,0.2768790196085723f,0.21578794638131593f,-0.38896769083815064f,0.2906391265864239f,-0.8742042287595717f,-0.12486865652435408f,0f,0f,0f,1f], start_interpolation: 0, interpolation_duration: 1 }
$data merge entity $(bone_rightlowerleg) { transformation: [-0.9166076104477983f,-0.02693535872601488f,0.3988796496682655f,-0.519320693226925f,0.09238302849124519f,0.9564535454204672f,0.2768790196085723f,1.2343123483150005f,-0.38896769083815064f,0.2906391265864239f,-0.8742042287595717f,0.33187677963786727f,0f,0f,0f,1f], start_interpolation: 0, interpolation_duration: 1 }
$data merge entity $(bone_rightleg) { transformation: [-0.9415635525945991f,0.1623885968264677f,0.29510679430702463f,-0.3496915943597248f,0.01361687954393636f,0.8937500610423362f,-0.448358571880037f,2.133264723202872f,-0.3365600347886296f,-0.4181396561049326f,-0.8437337085689568f,-0.019990725104640485f,0f,0f,0f,1f], start_interpolation: 0, interpolation_duration: 1 }
data modify entity @s data merge value {"locators":{"lefthand":{"posx":1.0726344558085192,"posy":4.238779048743639,"posz":1.824657480725931,"roty":89.73664136135883,"rotx":-19.48847888147159},"righthand":{"posx":-1.5463344679411648,"posy":3.286081755145313,"posz":1.4565668274031136,"roty":279.72456263027897,"rotx":24.87870151839648},"chest":{"posx":-0.5212725593861607,"posy":2.5431820798729015,"posz":0.13680618327328933,"roty":10.18426096007147,"rotx":9.326624081804287},"sack":{"posx":0,"posy":-0.4375,"posz":0,"roty":0,"rotx":0}},"cameras":{}}