# This file was generated by Animated Java via MC-Build. It is not recommended to edit this file directly.
$data merge entity $(bone_nose) { transformation: [-0.9823721620780137f,-0.007578360044471183f,0.18678196816932047f,-0.028439903319538752f,0.024347256212572634f,0.9854798760990616f,0.16803756996189098f,4.117643727593625f,-0.18534332005521f,0.1696230593487054f,-0.9679234842941344f,0.2075154798255941f,0f,0f,0f,1f], start_interpolation: 0, interpolation_duration: 1 }
$data merge entity $(bone_glowing_eye) { transformation: [-0.9823721620780137f,-0.007578360044471183f,0.18678196816932047f,-0.1582674136464751f,0.024347256212572634f,0.9854798760990616f,0.16803756996189098f,4.181548353228795f,-0.18534332005521f,0.1696230593487054f,-0.9679234842941344f,0.22960871906057892f,0f,0f,0f,1f], start_interpolation: 0, interpolation_duration: 1 }
$data merge entity $(bone_head) { transformation: [-0.9823721620780137f,-0.007578360044471183f,0.18678196816932047f,0.007471706345923514f,0.024347256212572634f,0.9854798760990616f,0.16803756996189098f,4.027425627280739f,-0.18534332005521f,0.1696230593487054f,-0.9679234842941344f,0.0053224424777783275f,0f,0f,0f,1f], start_interpolation: 0, interpolation_duration: 1 }
$data merge entity $(bone_leftthumb2) { transformation: [0.018182379142446914f,-0.12204120592032017f,0.992358476129586f,0.9958895415990002f,-0.9922872908085079f,0.11951928568077971f,0.03287967229562749f,3.1047975937635206f,-0.12261865106349862f,-0.985302534457245f,-0.11892679262259534f,1.9201341741926206f,0f,0f,0f,1f], start_interpolation: 0, interpolation_duration: 1 }
$data merge entity $(bone_leftthumb) { transformation: [0.018182379142446914f,-0.12204120592032017f,0.992358476129586f,1.0507643256299302f,-0.9922872908085079f,0.11951928568077971f,0.03287967229562749f,3.136918616777293f,-0.12261865106349862f,-0.985302534457245f,-0.11892679262259534f,1.6683329310054442f,0f,0f,0f,1f], start_interpolation: 0, interpolation_duration: 1 }
$data merge entity $(bone_leftpointerfinger) { transformation: [0.016707198514106444f,-0.12225188903070545f,0.992358476129586f,1.1353372021724046f,-0.9907715291070814f,0.1314941225323315f,0.03287967229562749f,3.2077740082343253f,-0.13450890910503266f,-0.9837498520294051f,-0.11892679262259534f,1.999472046680114f,0f,0f,0f,1f], start_interpolation: 0, interpolation_duration: 1 }
$data merge entity $(bone_leftmidfinger) { transformation: [0.016899756171644235f,-0.12222541918563688f,0.992358476129586f,1.2903932140676524f,-0.9909774371337072f,0.12993323763241443f,0.03287967229562749f,3.212911457030517f,-0.1329590814245057f,-0.9839605178376083f,-0.11892679262259534f,1.9808897353328334f,0f,0f,0f,1f], start_interpolation: 0, interpolation_duration: 1 }
$data merge entity $(bone_leftringfinger) { transformation: [0.016899756171644235f,-0.12222541918563688f,0.992358476129586f,1.4454492259629002f,-0.9909774371337072f,0.12993323763241443f,0.03287967229562749f,3.2180489058267088f,-0.1329590814245057f,-0.9839605178376083f,-0.11892679262259534f,1.9623074239855527f,0f,0f,0f,1f], start_interpolation: 0, interpolation_duration: 1 }
$data merge entity $(bone_invisibility) { transformation: [-0.03508706222753767f,-0.9992188444745028f,-0.018182379142446695f,1.0943869389850287f,0.12193013097513018f,-0.022337763099720187f,0.9922872908085076f,3.033765073319827f,-0.9919183137862857f,0.03259946604991465f,0.12261865106349851f,1.8724300471689026f,0f,0f,0f,1f], start_interpolation: 0, interpolation_duration: 1 }
$data merge entity $(bone_swiftness) { transformation: [0.992358476129586f,-0.12204120592032017f,-0.018182379142446692f,1.2979275871119607f,0.03287967229562727f,0.11951928568077971f,0.9922872908085079f,2.972063660703043f,-0.11892679262259537f,-0.985302534457245f,0.12261865106349859f,1.9771715011672744f,0f,0f,0f,1f], start_interpolation: 0, interpolation_duration: 1 }
$data merge entity $(bone_suspicious_stew) { transformation: [0.30878191894060564f,-0.9509590567548519f,-0.01818237914244693f,1.2861748347868411f,0.12221680926573056f,0.020711929722160887f,0.9922872908085081f,3.0343275453589706f,-0.9432479939381063f,-0.30862256615987543f,0.12261865106349853f,1.8963173298548495f,0f,0f,0f,1f], start_interpolation: 0, interpolation_duration: 1 }
$data merge entity $(bone_log) { transformation: [0.018182379142446914f,-0.12204120592032017f,0.992358476129586f,1.3191410856599797f,-0.9922872908085079f,0.11951928568077971f,0.03287967229562749f,2.957781757194628f,-0.12261865106349862f,-0.985302534457245f,-0.11892679262259534f,1.7560843211063066f,0f,0f,0f,1f], start_interpolation: 0, interpolation_duration: 1 }
$data merge entity $(bone_planks) { transformation: [0.018182379142446914f,-0.12204120592032017f,0.992358476129586f,1.320845683704584f,-0.9922872908085079f,0.11951928568077971f,0.03287967229562749f,2.8647548236813307f,-0.12261865106349862f,-0.985302534457245f,-0.11892679262259534f,1.7445888225691035f,0f,0f,0f,1f], start_interpolation: 0, interpolation_duration: 1 }
$data merge entity $(bone_lefthand1) { transformation: [0.018182379142446914f,-0.12204120592032017f,0.992358476129586f,1.2530739870152385f,-0.9922872908085079f,0.11951928568077971f,0.03287967229562749f,3.2347059115577115f,-0.12261865106349862f,-0.985302534457245f,-0.11892679262259534f,1.5441298125273262f,0f,0f,0f,1f], start_interpolation: 0, interpolation_duration: 1 }
$data merge entity $(bone_leftforearm) { transformation: [-0.5997903918976364f,-0.000752057847257237f,0.8001568097543594f,1.1761175398875459f,-0.7668459518486213f,0.2860721787621481f,-0.5745519947503965f,3.4004005377893654f,-0.22847050558148999f,-0.958207776501147f,-0.1721600567264847f,0.8540893611973216f,0f,0f,0f,1f], start_interpolation: 0, interpolation_duration: 1 }
$data merge entity $(bone_leftelbow) { transformation: [-0.5997903918976364f,-0.000752057847257237f,0.8001568097543594f,1.1759765290411852f,-0.7668459518486213f,0.2860721787621481f,-0.5745519947503965f,3.454039071307268f,-0.22847050558148999f,-0.958207776501147f,-0.1721600567264847f,0.6744254031033565f,0f,0f,0f,1f], start_interpolation: 0, interpolation_duration: 1 }
$data merge entity $(bone_leftarm) { transformation: [-0.6441628006878676f,-0.276031542274482f,0.7133448491995533f,0.8174838587709422f,-0.7582222138206748f,0.35329768190654093f,-0.547977939727814f,3.496010366597354f,-0.1007638857867117f,-0.8938609151478968f,-0.43687447132114166f,0.2285533471217364f,0f,0f,0f,1f], start_interpolation: 0, interpolation_duration: 1 }
$data merge entity $(bone_rightthumb2) { transformation: [-0.7205926133609606f,-0.6838172217893715f,0.11463111599337353f,-1.0635402736347692f,0.18564465668504246f,-0.3495724808806f,-0.9183328057165742f,4.50836678385455f,0.668043671487062f,-0.6404631822323964f,0.37884636093123336f,1.065554637242452f,0f,0f,0f,1f], start_interpolation: 0, interpolation_duration: 1 }
$data merge entity $(bone_rightthumb) { transformation: [-0.7205926133609606f,-0.6838172217893715f,0.11463111599337353f,-1.2214452300544454f,0.18564465668504246f,-0.3495724808806f,-0.9183328057165742f,4.344158328967665f,0.668043671487062f,-0.6404631822323964f,0.37884636093123336f,0.9408611081631043f,0f,0f,0f,1f], start_interpolation: 0, interpolation_duration: 1 }
$data merge entity $(bone_rightpointerfinger) { transformation: [-0.3725353327355344f,-0.9209110343077327f,0.11463111599337353f,-1.0705091876789736f,0.3137904792863975f,-0.24124757626541599f,-0.9183328057165742f,4.436119833313574f,0.8733572928491737f,-0.3061412645108855f,0.37884636093123336f,1.2418387895706584f,0f,0f,0f,1f], start_interpolation: 0, interpolation_duration: 1 }
$data merge entity $(bone_rightmidfinger) { transformation: [-0.3320111865113601f,-0.9362842940461152f,0.11463111599337353f,-1.0525980758050089f,0.3240148917604637f,-0.2273306135613497f,-0.9183328057165742f,4.29263033242036f,0.8858797446317268f,-0.267754575797292f,0.37884636093123336f,1.3010335334661636f,0f,0f,0f,1f], start_interpolation: 0, interpolation_duration: 1 }
$data merge entity $(bone_rightringfinger) { transformation: [-0.3715979429181203f,-0.9212896808632639f,0.11463111599337353f,-1.0346869639310443f,0.3140358307165159f,-0.24092811162442723f,-0.9183328057165742f,4.149140831527145f,0.8736683958145728f,-0.30525230378156437f,0.37884636093123336f,1.360228277361669f,0f,0f,0f,1f], start_interpolation: 0, interpolation_duration: 1 }
$data merge entity $(bone_hugeasssword) { transformation: [-2.8223210689970957f,-2.678284118675039f,0.44897187097404634f,-1.0018821472443664f,0.727108238683083f,-1.3691588834490167f,-3.5968034890565823f,4.186660510398845f,2.6165043799909933f,-2.508480797076886f,1.4838149136473309f,0.9875708749469067f,0f,0f,0f,1f], start_interpolation: 0, interpolation_duration: 1 }
$data merge entity $(bone_ice) { transformation: [-0.7205926133609606f,-0.6838172217893715f,0.11463111599337353f,-0.9799382435701425f,0.18564465668504246f,-0.3495724808806f,-0.9183328057165742f,4.1892218826519f,0.668043671487062f,-0.6404631822323964f,0.37884636093123336f,0.9871399298023025f,0f,0f,0f,1f], start_interpolation: 0, interpolation_duration: 1 }
$data merge entity $(bone_righthand1) { transformation: [-0.7205926133609606f,-0.6838172217893715f,0.11463111599337353f,-1.3274584799829325f,0.18564465668504246f,-0.3495724808806f,-0.9183328057165742f,4.119542026424368f,0.668043671487062f,-0.6404631822323964f,0.37884636093123336f,1.00587400089507f,0f,0f,0f,1f], start_interpolation: 0, interpolation_duration: 1 }
$data merge entity $(bone_rightforearm) { transformation: [-0.32418041648887164f,-0.0016468155064974788f,-0.9459938401299393f,-1.3643814116171877f,0.8995828563300388f,-0.30991768883002613f,-0.30773643064698053f,3.8208979808137418f,-0.29267343945460833f,-0.9507619650306498f,0.10195069243937005f,0.41474247374460466f,0f,0f,0f,1f], start_interpolation: 0, interpolation_duration: 1 }
$data merge entity $(bone_rightelbow) { transformation: [-0.32418041648887164f,-0.0016468155064974788f,-0.9459938401299393f,-1.364690189524656f,0.8995828563300388f,-0.30991768883002613f,-0.30773643064698053f,3.762788414158112f,-0.29267343945460833f,-0.9507619650306498f,0.10195069243937005f,0.23647460530135783f,0f,0f,0f,1f], start_interpolation: 0, interpolation_duration: 1 }
$data merge entity $(bone_rightarm) { transformation: [-0.4493927709635343f,0.5745424950137438f,-0.6840665602330657f,-0.8725867426556484f,0.7879922963331885f,-0.1057998827470372f,-0.6065266076028829f,3.591952841518162f,-0.4208494722882097f,-0.8116078524965707f,-0.40518935751157137f,-0.036290312627554f,0f,0f,0f,1f], start_interpolation: 0, interpolation_duration: 1 }
$data merge entity $(bone_chest1) { transformation: [-1.064236508917848f,-0.008209890048177114f,0.2023471321834305f,0.025419852496899695f,0.026376194230287017f,1.0676031991073167f,0.18204070079204854f,3.394124122522445f,-0.2007885967264775f,0.18375831429443082f,-1.0485837746519788f,-0.18553438540923384f,0f,0f,0f,1f], start_interpolation: 0, interpolation_duration: 1 }
$data merge entity $(bone_chest1lid) { transformation: [-0.9823721620780137f,-0.007578360044471183f,0.18678196816932047f,-0.37790038249775965f,0.024347256212572634f,0.9854798760990616f,0.16803756996189098f,2.6631549678769413f,-0.18534332005521f,0.1696230593487054f,-0.9679234842941344f,0.014022863046533367f,0f,0f,0f,1f], start_interpolation: 0, interpolation_duration: 1 }
$data merge entity $(bone_chest2) { transformation: [-0.9823721620780137f,-0.007578360044471183f,0.18678196816932047f,-0.376716263740811f,0.024347256212572634f,0.9854798760990616f,0.16803756996189098f,2.509173737236463f,-0.18534332005521f,0.1696230593487054f,-0.9679234842941344f,-0.012480739976701849f,0f,0f,0f,1f], start_interpolation: 0, interpolation_duration: 1 }
$data merge entity $(bone_chest1lid3) { transformation: [-0.9823721620780137f,-0.007578360044471183f,0.18678196816932047f,-0.19684492400941284f,0.024347256212572634f,0.9854798760990616f,0.16803756996189098f,2.769282332620492f,-0.18534332005521f,0.1696230593487054f,-0.9679234842941344f,-0.594469161575946f,0f,0f,0f,1f], start_interpolation: 0, interpolation_duration: 1 }
$data merge entity $(bone_chest3) { transformation: [-0.9823721620780137f,-0.007578360044471183f,0.18678196816932047f,-0.1956608052524642f,0.024347256212572634f,0.9854798760990616f,0.16803756996189098f,2.615301101980014f,-0.18534332005521f,0.1696230593487054f,-0.9679234842941344f,-0.6209727645991812f,0f,0f,0f,1f], start_interpolation: 0, interpolation_duration: 1 }
$data merge entity $(bone_hugeasssword2) { transformation: [-0.7315627086631727f,2.8167133901783497f,-2.621301100343332f,-1.1442225240693678f,-0.6581471490174062f,2.5373336726801416f,2.9101645901050923f,4.6120924197864f,3.7910336468186934f,0.9840433368766178f,-0.0006145039207983912f,-0.4735058022714882f,0f,0f,0f,1f], start_interpolation: 0, interpolation_duration: 1 }
$data merge entity $(bone_belt) { transformation: [-0.9823721620780137f,-0.007578360044471183f,0.18678196816932047f,0.03545246645128561f,0.024347256212572634f,0.9854798760990616f,0.16803756996189098f,2.9788015732915514f,-0.18534332005521f,0.1696230593487054f,-0.9679234842941344f,-0.12046041987457243f,0f,0f,0f,1f], start_interpolation: 0, interpolation_duration: 1 }
$data merge entity $(bone_torn_part) { transformation: [-0.9549117725619322f,-0.1291598350033695f,0.26732235904340496f,-0.06758390114929066f,-0.058906950471456866f,0.9649345344640029f,0.2557954561459042f,2.675109484303408f,-0.29098707498578363f,0.22851494747749057f,-0.929035758714689f,-0.07923103413334229f,0f,0f,0f,1f], start_interpolation: 0, interpolation_duration: 1 }
$data merge entity $(bone_lowerbody) { transformation: [-0.9549117725619322f,-0.042796540297042246f,0.2937889765822271f,0.005251874999999986f,-0.058906950471456866f,0.9971935990305831f,-0.046204948204557936f,2.20044875f,-0.29098707498578363f,-0.061427861683735936f,-0.9547529209173344f,0.113441875f,0f,0f,0f,1f], start_interpolation: 0, interpolation_duration: 1 }
$data merge entity $(bone_leftfoot) { transformation: [-0.9778922099649752f,-0.20881501202074826f,0.01109578499212055f,0.5399706292733222f,-0.20008304400953386f,0.9497835233481025f,0.24057854076443136f,0.21901285452856212f,-0.0607750046457881f,0.2330398024613799f,-0.9705662518751956f,-0.039800839953408995f,0f,0f,0f,1f], start_interpolation: 0, interpolation_duration: 1 }
$data merge entity $(bone_leftlowerleg) { transformation: [-0.9778922099649752f,-0.20881501202074826f,0.01109578499212055f,0.30661165649282457f,-0.20008304400953386f,0.9497835233481025f,0.24057854076443136f,1.2357151104855242f,-0.0607750046457881f,0.2330398024613799f,-0.9705662518751956f,0.36785094927545614f,0f,0f,0f,1f], start_interpolation: 0, interpolation_duration: 1 }
$data merge entity $(bone_leftleg) { transformation: [-0.972071915014095f,-0.0008202925542543926f,0.23468174015239313f,0.2740348800100357f,-0.07992427953230188f,0.9413732796862154f,-0.3277628072769406f,2.193137604511571f,-0.22065425801935573f,-0.3373657887411584f,-0.9151480880190833f,0.07135504600264561f,0f,0f,0f,1f], start_interpolation: 0, interpolation_duration: 1 }
$data merge entity $(bone_rightfoot) { transformation: [-0.9036424913247338f,0.06504955307870466f,0.4233187965549005f,-0.4159205114633979f,0.16354651708179158f,0.965906898059533f,0.2006898129737189f,0.20539192247312577f,-0.39583176302924916f,0.25058415737087575f,-0.8834731435940114f,-0.10767784054140261f,0f,0f,0f,1f], start_interpolation: 0, interpolation_duration: 1 }
$data merge entity $(bone_rightlowerleg) { transformation: [-0.9036424913247338f,0.06504955307870466f,0.4233187965549005f,-0.4087972445876355f,0.16354651708179158f,0.965906898059533f,0.2006898129737189f,1.24610977576244f,-0.39583176302924916f,0.25058415737087575f,-0.8834731435940114f,0.3060557423601293f,0f,0f,0f,1f], start_interpolation: 0, interpolation_duration: 1 }
$data merge entity $(bone_rightleg) { transformation: [-0.9170542039964014f,0.1790286151051405f,0.3563149476320945f,-0.21466387694252992f,-0.004716700952420759f,0.888619150136484f,-0.45862158556138466f,2.1530821930979727f,-0.398734673266136f,-0.42226148413542114f,-0.814067502944995f,-0.04531039906915574f,0f,0f,0f,1f], start_interpolation: 0, interpolation_duration: 1 }
data modify entity @s data merge value {"locators":{"lefthand":{"posx":1.3114653556383757,"posy":3.0409575016344954,"posz":1.8464148112827101,"roty":83.16611864097605,"rotx":1.8842060523601185},"righthand":{"posx":-1.03860026816967,"posy":4.226437089319203,"posz":1.0538567868370452,"roty":163.16526463121025,"rotx":-66.6835537599948},"chest":{"posx":-0.43731054758637444,"posy":2.5760674570708475,"posz":0.14886748750647247,"roty":10.922217866026983,"rotx":9.673738785453331},"sack":{"posx":0,"posy":-0.4375,"posz":0,"roty":0,"rotx":0}},"cameras":{}}