# This file was generated by Animated Java via MC-Build. It is not recommended to edit this file directly.
$data merge entity $(bone_nose) { transformation: [-0.999975905590076f,0.006625053949546635f,0.0020728963970953196f,-0.1720370137415038f,0.0069281144905983805f,0.9711979090835303f,0.23817351368568257f,4.094687176220466f,-0.00043528026908495887f,0.23818213629897705f,-0.9712204077752604f,0.2680593975971099f,0f,0f,0f,1f], start_interpolation: 0, interpolation_duration: 1 }
$data merge entity $(bone_glowing_eye) { transformation: [-0.999975905590076f,0.006625053949546635f,0.0020728963970953196f,-0.2966577669746525f,0.0069281144905983805f,0.9711979090835303f,0.23817351368568257f,4.152999966341249f,-0.00043528026908495887f,0.23818213629897705f,-0.9712204077752604f,0.31802319656284506f,0f,0f,0f,1f], start_interpolation: 0, interpolation_duration: 1 }
$data merge entity $(bone_head) { transformation: [-0.999975905590076f,0.006625053949546635f,0.0020728963970953196f,-0.17246689448506214f,0.0069281144905983805f,0.9711979090835303f,0.23817351368568257f,4.01936587470551f,-0.00043528026908495887f,0.23818213629897705f,-0.9712204077752604f,0.05678353426813182f,0f,0f,0f,1f], start_interpolation: 0, interpolation_duration: 1 }
$data merge entity $(bone_leftthumb2) { transformation: [0.3416593801094001f,0.5475890257937427f,0.7638161603511153f,0.38051223914645926f,-0.21193890565084136f,0.8366794731528057f,-0.5050241177174285f,2.8924592173992423f,-0.9156149672514015f,0.010663865856389843f,0.4019148090207836f,0.403114072655963f,0f,0f,0f,1f], start_interpolation: 0, interpolation_duration: 1 }
$data merge entity $(bone_leftthumb) { transformation: [0.3416593801094001f,0.5475890257937427f,0.7638161603511153f,0.5800781603278866f,-0.21193890565084136f,0.8366794731528057f,-0.5050241177174285f,3.054490484554082f,-0.9156149672514015f,0.010663865856389843f,0.4019148090207836f,0.44007594057014227f,0f,0f,0f,1f], start_interpolation: 0, interpolation_duration: 1 }
$data merge entity $(bone_leftpointerfinger) { transformation: [0.361590819640158f,0.5346372156317202f,0.7638161603511153f,0.3988353990563076f,-0.18098725596523052f,0.8439160228967743f,-0.5050241177174285f,2.779462844713374f,-0.9146013843911104f,0.04437109373964522f,0.4019148090207836f,0.5555620033019857f,0f,0f,0f,1f], start_interpolation: 0, interpolation_duration: 1 }
$data merge entity $(bone_leftmidfinger) { transformation: [0.35901830777325f,0.5363680899066532f,0.7638161603511153f,0.5181816741111693f,-0.18503924921038442f,0.8430368418849735f,-0.5050241177174285f,2.700552826320026f,-0.914803984980001f,0.03997693528146026f,0.4019148090207836f,0.6183611922114831f,0f,0f,0f,1f], start_interpolation: 0, interpolation_duration: 1 }
$data merge entity $(bone_leftringfinger) { transformation: [0.35901830777325f,0.5363680899066532f,0.7638161603511153f,0.6375279491660311f,-0.18503924921038442f,0.8430368418849735f,-0.5050241177174285f,2.6216428079266776f,-0.914803984980001f,0.03997693528146026f,0.4019148090207836f,0.6811603811209805f,0f,0f,0f,1f], start_interpolation: 0, interpolation_duration: 1 }
$data merge entity $(bone_invisibility) { transformation: [0.6120762490070163f,-0.7131840809950553f,-0.34165938010939984f,0.4989198275120384f,0.7894799030718765f,0.5760237694029159f,0.21193890565084125f,2.8470181209585994f,0.045652470328786485f,-0.3994559846817859f,0.9156149672514013f,0.37249071948849094f,0f,0f,0f,1f], start_interpolation: 0, interpolation_duration: 1 }
$data merge entity $(bone_swiftness) { transformation: [0.7638161603511154f,0.5475890257937427f,-0.34165938010939995f,0.5857772511222499f,-0.5050241177174285f,0.8366794731528057f,0.21193890565084125f,2.6279871387402065f,0.40191480902078336f,0.010663865856389843f,0.9156149672514016f,0.3987175899989707f,0f,0f,0f,1f], start_interpolation: 0, interpolation_duration: 1 }
$data merge entity $(bone_suspicious_stew) { transformation: [0.8190868561497258f,-0.46083141176141584f,-0.3416593801094001f,0.6164671219937908f,0.5448567070052396f,0.8113033151065822f,0.2119389056508415f,2.7131067485825437f,0.17952128262176914f,-0.35975177668922065f,0.9156149672514017f,0.4473498774678696f,0f,0f,0f,1f], start_interpolation: 0, interpolation_duration: 1 }
$data merge entity $(bone_log) { transformation: [0.3416593801094001f,0.5475890257937427f,0.7638161603511153f,0.7527501996197234f,-0.21193890565084136f,0.8366794731528057f,-0.5050241177174285f,2.774149404803874f,-0.9156149672514015f,0.010663865856389843f,0.4019148090207836f,0.38168371419294866f,0f,0f,0f,1f], start_interpolation: 0, interpolation_duration: 1 }
$data merge entity $(bone_planks) { transformation: [0.3416593801094001f,0.5475890257937427f,0.7638161603511153f,0.7847807665049797f,-0.21193890565084136f,0.8366794731528057f,-0.5050241177174285f,2.7542801323991073f,-0.9156149672514015f,0.010663865856389843f,0.4019148090207836f,0.2958448110131298f,0f,0f,0f,1f], start_interpolation: 0, interpolation_duration: 1 }
$data merge entity $(bone_lefthand1) { transformation: [0.3416593801094001f,0.5475890257937427f,0.7638161603511153f,0.7803633560298368f,-0.21193890565084136f,0.8366794731528057f,-0.5050241177174285f,3.052086003183455f,-0.9156149672514015f,0.010663865856389843f,0.4019148090207836f,0.600693584687997f,0f,0f,0f,1f], start_interpolation: 0, interpolation_duration: 1 }
$data merge entity $(bone_leftforearm) { transformation: [0.055010535562210056f,0.8412592336374192f,0.5378259409855026f,1.3469815875557722f,-0.8322311076299733f,0.3362464623948034f,-0.4408284246960125f,3.2370436009184838f,-0.5516930527658895f,-0.42334527084492485f,0.7186192017912488f,0.2845961765771684f,0f,0f,0f,1f], start_interpolation: 0, interpolation_duration: 1 }
$data merge entity $(bone_leftelbow) { transformation: [0.055010535562210056f,0.8412592336374192f,0.5378259409855026f,1.5047176938627884f,-0.8322311076299733f,0.3362464623948034f,-0.4408284246960125f,3.3000898126175096f,-0.5516930527658895f,-0.42334527084492485f,0.7186192017912488f,0.20521893829374502f,0f,0f,0f,1f], start_interpolation: 0, interpolation_duration: 1 }
$data merge entity $(bone_leftarm) { transformation: [-0.4048169962974387f,-0.6898370515581672f,0.6002066659128786f,0.7400497980296259f,-0.7797193031766154f,0.6033065447250223f,0.16750827246953465f,3.4608720250392033f,-0.4776620225248106f,-0.4001825275914595f,-0.7821080084285151f,-0.02279805644381893f,0f,0f,0f,1f], start_interpolation: 0, interpolation_duration: 1 }
$data merge entity $(bone_rightthumb2) { transformation: [-0.6533686435005562f,0.2295048756144647f,0.7214131463727507f,-1.9664447092996573f,-0.5839954923077028f,0.45358118879121706f,-0.673211237383208f,3.3302559013980795f,-0.48172469383925787f,-0.8611571385316011f,-0.16232591321639975f,1.6791487381791f,0f,0f,0f,1f], start_interpolation: 0, interpolation_duration: 1 }
$data merge entity $(bone_rightthumb) { transformation: [-0.6533686435005562f,0.2295048756144647f,0.7214131463727507f,-1.8485101958856276f,-0.5839954923077028f,0.45358118879121706f,-0.673211237383208f,3.383962336771534f,-0.48172469383925787f,-0.8611571385316011f,-0.16232591321639975f,1.4540844419040733f,0f,0f,0f,1f], start_interpolation: 0, interpolation_duration: 1 }
$data merge entity $(bone_rightpointerfinger) { transformation: [-0.4806302925761024f,0.49855550754031197f,0.7214131463727507f,-1.9614624373432743f,-0.31798962548165743f,0.6675846223116626f,-0.673211237383208f,3.139699725475923f,-0.817237492987348f,-0.5529676102216263f,-0.16232591321639975f,1.6763539624140673f,0f,0f,0f,1f], start_interpolation: 0, interpolation_duration: 1 }
$data merge entity $(bone_rightmidfinger) { transformation: [-0.5019195248430457f,0.4771161942565973f,0.7214131463727507f,-1.8487416332225322f,-0.3468066020586848f,0.65307871702382f,-0.673211237383208f,3.034510469634797f,-0.7923395555882846f,-0.5880887063603769f,-0.16232591321639975f,1.650990538474005f,0f,0f,0f,1f], start_interpolation: 0, interpolation_duration: 1 }
$data merge entity $(bone_rightringfinger) { transformation: [-0.528112863014369f,0.4479507519352257f,0.7214131463727507f,-1.7360208291017898f,-0.3832052630704378f,0.6324083777244625f,-0.673211237383208f,2.9293212137936706f,-0.7577931975637435f,-0.6319808285261344f,-0.16232591321639975f,1.6256271145339425f,0f,0f,0f,1f], start_interpolation: 0, interpolation_duration: 1 }
$data merge entity $(bone_hugeasssword) { transformation: [-2.5590271870438452f,0.8988940961566535f,2.8255348232932738f,-1.639844489845583f,-2.2873156782051693f,1.7765263227656003f,-2.6367440130842317f,3.292286876836359f,-1.8867550508704267f,-3.3728654592487715f,-0.635776493430899f,1.6065624589048326f,0f,0f,0f,1f], start_interpolation: 0, interpolation_duration: 1 }
$data merge entity $(bone_ice) { transformation: [-0.6533686435005562f,0.2295048756144647f,0.7214131463727507f,-1.633221618472363f,-0.5839954923077028f,0.45358118879121706f,-0.673211237383208f,3.294324600328804f,-0.48172469383925787f,-0.8611571385316011f,-0.16232591321639975f,1.6275449875356274f,0f,0f,0f,1f], start_interpolation: 0, interpolation_duration: 1 }
$data merge entity $(bone_righthand1) { transformation: [-0.6533686435005562f,0.2295048756144647f,0.7214131463727507f,-1.7166433996197372f,-0.5839954923077028f,0.45358118879121706f,-0.673211237383208f,3.2406831732814574f,-0.48172469383925787f,-0.8611571385316011f,-0.16232591321639975f,1.2867518446549f,0f,0f,0f,1f], start_interpolation: 0, interpolation_duration: 1 }
$data merge entity $(bone_rightforearm) { transformation: [-0.6156480421015843f,0.21652640777008472f,-0.7576897801835978f,-1.5146842330850778f,0.7763552222700166f,0.33149303984932704f,-0.5360829538285334f,3.393801540404106f,0.13509277223656063f,-0.9182748386347278f,-0.37218444838521325f,0.6204987432529552f,0f,0f,0f,1f], start_interpolation: 0, interpolation_duration: 1 }
$data merge entity $(bone_rightelbow) { transformation: [-0.6156480421015843f,0.21652640777008472f,-0.7576897801835978f,-1.474085531628187f,0.7763552222700166f,0.33149303984932704f,-0.5360829538285334f,3.455956485375855f,0.13509277223656063f,-0.9182748386347278f,-0.37218444838521325f,0.44832221100894376f,0f,0f,0f,1f], start_interpolation: 0, interpolation_duration: 1 }
$data merge entity $(bone_rightarm) { transformation: [-0.6333745608554844f,0.4815649184007665f,-0.6057490363399559f,-1.0328135278601727f,0.7738444813998502f,0.39295917372972383f,-0.4967371602655165f,3.5087072511664594f,-0.001176549242166397f,-0.7833762296287242f,-0.6215466986354004f,0.09383419404953189f,0f,0f,0f,1f], start_interpolation: 0, interpolation_duration: 1 }
$data merge entity $(bone_chest1) { transformation: [-1.0833072310559155f,0.0071771417786755205f,0.0022456377635199296f,-0.17897078659284607f,0.007505457364814912f,1.0521310681738245f,0.2580213064928228f,3.401129580655728f,-0.0004715536248420387f,0.2580306476572251f,-1.052155441756532f,-0.17892994590962713f,0f,0f,0f,1f], start_interpolation: 0, interpolation_duration: 1 }
$data merge entity $(bone_chest1lid) { transformation: [-0.999975905590076f,0.006625053949546635f,0.0020728963970953196f,-0.5257284886174708f,0.0069281144905983805f,0.9711979090835303f,0.23817351368568257f,2.6465285106544147f,-0.00043528026908495887f,0.23818213629897705f,-0.9712204077752604f,0.03819336847650937f,0f,0f,0f,1f], start_interpolation: 0, interpolation_duration: 1 }
$data merge entity $(bone_chest2) { transformation: [-0.999975905590076f,0.006625053949546635f,0.0020728963970953196f,-0.5267636532970874f,0.0069281144905983805f,0.9711979090835303f,0.23817351368568257f,2.494778837360113f,-0.00043528026908495887f,0.23818213629897705f,-0.9712204077752604f,0.0009774096797942056f,0f,0f,0f,1f], start_interpolation: 0, interpolation_duration: 1 }
$data merge entity $(bone_chest1lid3) { transformation: [-0.999975905590076f,0.006625053949546635f,0.0020728963970953196f,-0.4619020452637019f,0.0069281144905983805f,0.9711979090835303f,0.23817351368568257f,2.798675410703643f,-0.00043528026908495887f,0.23818213629897705f,-0.9712204077752604f,-0.583967500237699f,0f,0f,0f,1f], start_interpolation: 0, interpolation_duration: 1 }
$data merge entity $(bone_chest3) { transformation: [-0.999975905590076f,0.006625053949546635f,0.0020728963970953196f,-0.46293720994331855f,0.0069281144905983805f,0.9711979090835303f,0.23817351368568257f,2.646925737409341f,-0.00043528026908495887f,0.23818213629897705f,-0.9712204077752604f,-0.6211834590344142f,0f,0f,0f,1f], start_interpolation: 0, interpolation_duration: 1 }
$data merge entity $(bone_hugeasssword2) { transformation: [-0.008118844221957537f,2.9051302936405143f,-2.6268669245164395f,-1.4027567480535619f,-0.93284626193559f,2.549843432995499f,2.822830865741039f,4.5996463758515915f,3.8039465971197703f,0.6315015613279873f,0.686639528485666f,-0.1604093818144201f,0f,0f,0f,1f], start_interpolation: 0, interpolation_duration: 1 }
$data merge entity $(bone_belt) { transformation: [-0.999975905590076f,0.006625053949546635f,0.0020728963970953196f,-0.14985311336702162f,0.0069281144905983805f,0.9711979090835303f,0.23817351368568257f,2.9828729103082545f,-0.00043528026908495887f,0.23818213629897705f,-0.9712204077752604f,-0.1466559153498792f,0f,0f,0f,1f], start_interpolation: 0, interpolation_duration: 1 }
$data merge entity $(bone_torn_part) { transformation: [-0.982185995836787f,-0.112930345141451f,0.15019123385980895f,-0.23294961560400188f,-0.07558026673076224f,0.969179848815252f,0.23447397282289592f,2.666473503401786f,-0.17204154400320262f,0.2189455589791171f,-0.9604501805613429f,-0.07476700811102521f,0f,0f,0f,1f], start_interpolation: 0, interpolation_duration: 1 }
$data merge entity $(bone_lowerbody) { transformation: [-0.982185995836787f,-0.06254020935890241f,0.17719873530994437f,-0.131414375f,-0.07558026673076224f,0.9948309335993618f,-0.06781619891094592f,2.19763375f,-0.17204154400320262f,-0.0800008485402924f,-0.9818358169112733f,0.11916749999999998f,0f,0f,0f,1f], start_interpolation: 0, interpolation_duration: 1 }
$data merge entity $(bone_leftfoot) { transformation: [-0.963447405021382f,-0.22616153665258526f,-0.1435321991749191f,0.5048674705294849f,-0.25329295020056813f,0.9435262276325265f,0.21354075953458274f,0.2684573623485713f,0.08713081680012932f,0.242093405751737f,-0.9663326817496161f,0.03485795642912504f,0f,0f,0f,1f], start_interpolation: 0, interpolation_duration: 1 }
$data merge entity $(bone_leftlowerleg) { transformation: [-0.963447405021382f,-0.22616153665258526f,-0.1435321991749191f,0.276022610255378f,-0.25329295020056813f,0.9435262276325265f,0.21354075953458274f,1.2823721676667397f,0.08713081680012932f,0.242093405751737f,-0.9663326817496161f,0.45190311728030413f,0f,0f,0f,1f], start_interpolation: 0, interpolation_duration: 1 }
$data merge entity $(bone_leftleg) { transformation: [-0.9825462568461478f,-0.10987971132608626f,0.15009764220839608f,0.14273257396578415f,-0.16399212056844445f,0.8925271095713154f,-0.4201213432708911f,2.183216010531415f,-0.0878034028331961f,-0.43740348389006817f,-0.894968577510821f,0.0626936475049847f,0f,0f,0f,1f], start_interpolation: 0, interpolation_duration: 1 }
$data merge entity $(bone_rightfoot) { transformation: [-0.9083190373067721f,-0.049405935863580955f,0.41534994879925324f,-0.4193358448591504f,0.06091205381826099f,0.9667900647149905f,0.2482069549146952f,0.2135477937522572f,-0.41381910077440826f,0.2507509207756334f,-0.8751444038354083f,-0.0567506319675537f,0f,0f,0f,1f], start_interpolation: 0, interpolation_duration: 1 }
$data merge entity $(bone_rightlowerleg) { transformation: [-0.9083190373067721f,-0.049405935863580955f,0.41534994879925324f,-0.5379622574347898f,0.06091205381826099f,0.9667900647149905f,0.2482069549146952f,1.2479446090782347f,-0.41381910077440826f,0.2507509207756334f,-0.8751444038354083f,0.35588827966045833f,0f,0f,0f,1f], start_interpolation: 0, interpolation_duration: 1 }
$data merge entity $(bone_rightleg) { transformation: [-0.9595611459202557f,0.15829372054422114f,0.23277780237057347f,-0.37852036770452635f,0.03579249164528065f,0.8888143104280701f,-0.4568676166244402f,2.1414737009981963f,-0.2792155167286164f,-0.43006071619544844f,-0.8585374048947604f,-0.01845108759430525f,0f,0f,0f,1f], start_interpolation: 0, interpolation_duration: 1 }
data modify entity @s data merge value {"locators":{"lefthand":{"posx":0.6660046125888449,"posy":2.7365440952079116,"posz":0.46040958396178744,"roty":117.75303651706166,"rotx":-30.332953364022536},"righthand":{"posx":-1.7093330228940902,"posy":3.243006742434207,"posz":1.5983752201717594,"roty":77.31901513309431,"rotx":-42.31539609626875},"chest":{"posx":-0.5577156916010534,"posy":2.548830533401137,"posz":0.17504657116429884,"roty":0.12228741656210218,"rotx":13.778764700050054},"sack":{"posx":0,"posy":-0.4375,"posz":0,"roty":0,"rotx":0}},"cameras":{}}