# This file was generated by Animated Java via MC-Build. It is not recommended to edit this file directly.
$data merge entity $(bone_nose) { transformation: [-0.9998945781595763f,-0.0007630126794584899f,0.014500013059784267f,-0.18085952467335303f,0.003045047444573316f,0.9653930771014746f,0.2607813919178413f,4.093652081340317f,-0.014197191734396819f,0.260798053091271f,-0.9652889801767445f,0.32499235982662145f,0f,0f,0f,1f], start_interpolation: 0, interpolation_duration: 1 }
$data merge entity $(bone_glowing_eye) { transformation: [-0.9998945781595763f,-0.0007630126794584899f,0.014500013059784267f,-0.3064039961194068f,0.003045047444573316f,0.9653930771014746f,0.2607813919178413f,4.150297537750068f,-0.014197191734396819f,0.260798053091271f,-0.9652889801767445f,0.3745602203071624f,0f,0f,0f,1f], start_interpolation: 0, interpolation_duration: 1 }
$data merge entity $(bone_head) { transformation: [-0.9998945781595763f,-0.0007630126794584899f,0.014500013059784267f,-0.17805011030659823f,0.003045047444573316f,0.9653930771014746f,0.2607813919178413f,4.023280980576769f,-0.014197191734396819f,0.260798053091271f,-0.9652889801767445f,0.11203464324183099f,0f,0f,0f,1f], start_interpolation: 0, interpolation_duration: 1 }
$data merge entity $(bone_leftthumb2) { transformation: [0.21999821153119992f,0.7524246582722032f,0.620852575533863f,0.3336165663715763f,-0.17458927764510251f,0.656539139555417f,-0.7338085188679633f,3.261274794946539f,-0.959749639778226f,0.053042359070752054f,0.27580271407253176f,0.7311032815197586f,0f,0f,0f,1f], start_interpolation: 0, interpolation_duration: 1 }
$data merge entity $(bone_leftthumb) { transformation: [0.21999821153119992f,0.7524246582722032f,0.620852575533863f,0.5711995796015822f,-0.17458927764510251f,0.656539139555417f,-0.7338085188679633f,3.3595766533777995f,-0.959749639778226f,0.053042359070752054f,0.27580271407253176f,0.7676809327020209f,0f,0f,0f,1f], start_interpolation: 0, interpolation_duration: 1 }
$data merge entity $(bone_leftpointerfinger) { transformation: [0.2509226756239818f,0.7426842467096433f,0.620852575533863f,0.32935039869794036f,-0.1472921835793648f,0.6631968563656109f,-0.7338085188679633f,3.128848176131676f,-0.9567355034251236f,0.09268246541876524f,0.27580271407253176f,0.8681772777048239f,0f,0f,0f,1f], start_interpolation: 0, interpolation_duration: 1 }
$data merge entity $(bone_leftmidfinger) { transformation: [0.24691226744263453f,0.7440271578640831f,0.620852575533863f,0.42635861362510646f,-0.15086796476887657f,0.662392568529647f,-0.7338085188679633f,3.014190595058557f,-0.9572215988959054f,0.08751956077010092f,0.27580271407253176f,0.911271451778657f,0f,0f,0f,1f], start_interpolation: 0, interpolation_duration: 1 }
$data merge entity $(bone_leftringfinger) { transformation: [0.24691226744263453f,0.7440271578640831f,0.620852575533863f,0.5233668285522726f,-0.15086796476887657f,0.662392568529647f,-0.7338085188679633f,2.8995330139854376f,-0.9572215988959054f,0.08751956077010092f,0.27580271407253176f,0.9543656258524901f,0f,0f,0f,1f], start_interpolation: 0, interpolation_duration: 1 }
$data merge entity $(bone_invisibility) { transformation: [0.8036723226417124f,-0.5529119140900723f,-0.21999821153119967f,0.43349486737312937f,0.5900851834183266f,0.7882373122616823f,0.17458927764510235f,3.190853171176717f,0.07687830727737305f,-0.2701302552764703f,0.9597496397782259f,0.6854068934550033f,0f,0f,0f,1f], start_interpolation: 0, interpolation_duration: 1 }
$data merge entity $(bone_swiftness) { transformation: [0.620852575533863f,0.7524246582722032f,-0.21999821153119978f,0.45947192374052f,-0.7338085188679633f,0.656539139555417f,0.17458927764510235f,2.9552644401239405f,0.27580271407253154f,0.053042359070752054f,0.9597496397782261f,0.6799503113783396f,0f,0f,0f,1f], start_interpolation: 0, interpolation_duration: 1 }
$data merge entity $(bone_suspicious_stew) { transformation: [0.9443119632198457f,-0.2446951226382617f,-0.2199982115311999f,0.5146348194292192f,0.2849056539789204f,0.9425218047675105f,0.17458927764510263f,3.0224888017223135f,0.16463196667331723f,-0.22754547786067086f,0.9597496397782262f,0.7346335417621616f,0f,0f,0f,1f], start_interpolation: 0, interpolation_duration: 1 }
$data merge entity $(bone_log) { transformation: [0.21999821153119992f,0.7524246582722032f,0.620852575533863f,0.6584151985224445f,-0.17458927764510251f,0.656539139555417f,-0.7338085188679633f,3.0537911750655766f,-0.959749639778226f,0.053042359070752054f,0.27580271407253176f,0.6642155601389468f,0f,0f,0f,1f], start_interpolation: 0, interpolation_duration: 1 }
$data merge entity $(bone_planks) { transformation: [0.21999821153119992f,0.7524246582722032f,0.620852575533863f,0.6790400308534943f,-0.17458927764510251f,0.656539139555417f,-0.7338085188679633f,3.037423430286348f,-0.959749639778226f,0.053042359070752054f,0.27580271407253176f,0.5742390314097381f,0f,0f,0f,1f], start_interpolation: 0, interpolation_duration: 1 }
$data merge entity $(bone_lefthand1) { transformation: [0.21999821153119992f,0.7524246582722032f,0.620852575533863f,0.772120167222262f,-0.17458927764510251f,0.656539139555417f,-0.7338085188679633f,3.28450479558033f,-0.959749639778226f,0.053042359070752054f,0.27580271407253176f,0.9087947250364247f,0f,0f,0f,1f], start_interpolation: 0, interpolation_duration: 1 }
$data merge entity $(bone_leftforearm) { transformation: [-0.050531681667923795f,0.7779178174118379f,0.6263309177272135f,1.29518158297719f,-0.9443943249503496f,0.16680285863591002f,-0.28336578013666813f,3.33514330198013f,-0.32490907674207176f,-0.6058223136399739f,0.7262323430876124f,0.4904779734608783f,0f,0f,0f,1f], start_interpolation: 0, interpolation_duration: 1 }
$data merge entity $(bone_leftelbow) { transformation: [-0.050531681667923795f,0.7779178174118379f,0.6263309177272135f,1.4410411737419095f,-0.9443943249503496f,0.16680285863591002f,-0.28336578013666813f,3.366418837974363f,-0.32490907674207176f,-0.6058223136399739f,0.7262323430876124f,0.3768862896533832f,0f,0f,0f,1f], start_interpolation: 0, interpolation_duration: 1 }
$data merge entity $(bone_leftarm) { transformation: [-0.4532324477128592f,-0.6218055128725593f,0.6387004403486064f,0.7327065088130169f,-0.8532447289830113f,0.5099994878645077f,-0.10896767796299894f,3.4974633296682573f,-0.2579801945943103f,-0.5943554715313333f,-0.7617005925282245f,0.08356430304177051f,0f,0f,0f,1f], start_interpolation: 0, interpolation_duration: 1 }
$data merge entity $(bone_rightthumb2) { transformation: [-0.657641883519538f,0.22557135296599623f,0.7187661078278278f,-1.9606930411104038f,-0.5702482837555123f,0.47440679332570707f,-0.6706378227630119f,3.290617804433614f,-0.49226420539662175f,-0.8509146603317572f,-0.183358100223914f,1.7095435914039139f,0f,0f,0f,1f], start_interpolation: 0, interpolation_duration: 1 }
$data merge entity $(bone_rightthumb) { transformation: [-0.657641883519538f,0.22557135296599623f,0.7187661078278278f,-1.8439494039209439f,-0.5702482837555123f,0.47440679332570707f,-0.6706378227630119f,3.3496514807070237f,-0.49226420539662175f,-0.8509146603317572f,-0.183358100223914f,1.4851938279676178f,0f,0f,0f,1f], start_interpolation: 0, interpolation_duration: 1 }
$data merge entity $(bone_rightpointerfinger) { transformation: [-0.4764463987309234f,0.5063339919207179f,0.7187661078278278f,-1.9562024238184315f,-0.2830551160926621f,0.6856564095328337f,-0.6706378227630119f,3.1001796976692506f,-0.8323933147197325f,-0.5229733996028608f,-0.183358100223914f,1.701963892475724f,0f,0f,0f,1f], start_interpolation: 0, interpolation_duration: 1 }
$data merge entity $(bone_rightmidfinger) { transformation: [-0.4980789058610364f,0.4850697741297725f,0.7187661078278278f,-1.8438952194703333f,-0.3126936228689585f,0.6726571258053935f,-0.6706378227630119f,2.99539253786253f,-0.8087892814283326f,-0.5587841312429322f,-0.183358100223914f,1.6733141893157375f,0f,0f,0f,1f], start_interpolation: 0, interpolation_duration: 1 }
$data merge entity $(bone_rightringfinger) { transformation: [-0.5257140715837281f,0.45497252354059203f,0.7187661078278278f,-1.7315880151222354f,-0.35166872634499f,0.6531263412162918f,-0.6706378227630119f,2.890605378055809f,-0.7745668608001195f,-0.6053313020425473f,-0.183358100223914f,1.644664486155751f,0f,0f,0f,1f], start_interpolation: 0, interpolation_duration: 1 }
$data merge entity $(bone_hugeasssword) { transformation: [-2.5757640437848575f,0.8834877991168186f,2.8151672556589924f,-1.6346206335240479f,-2.23347244470909f,1.8580932738590195f,-2.6266648058217967f,3.253707334110044f,-1.928034804470102f,-3.3327490862993825f,-0.7181525592103298f,1.6340947988103256f,0f,0f,0f,1f], start_interpolation: 0, interpolation_duration: 1 }
$data merge entity $(bone_ice) { transformation: [-0.657641883519538f,0.22557135296599623f,0.7187661078278278f,-1.6278695314841487f,-0.5702482837555123f,0.47440679332570707f,-0.6706378227630119f,3.25520485739801f,-0.49226420539662175f,-0.8509146603317572f,-0.183358100223914f,1.6550819685873317f,0f,0f,0f,1f], start_interpolation: 0, interpolation_duration: 1 }
$data merge entity $(bone_righthand1) { transformation: [-0.657641883519538f,0.22557135296599623f,0.7187661078278278f,-1.7134257232529146f,-0.5702482837555123f,0.47440679332570707f,-0.6706378227630119f,3.2102870528292144f,-0.49226420539662175f,-0.8509146603317572f,-0.183358100223914f,1.3135573115232395f,0f,0f,0f,1f], start_interpolation: 0, interpolation_duration: 1 }
$data merge entity $(bone_rightforearm) { transformation: [-0.6193975595022028f,0.21273350449092182f,-0.7557057094859917f,-1.5139649329670908f,0.7697994117137618f,0.35355020380468494f,-0.5314236719556364f,3.379883442781763f,0.15412828750057983f,-0.9109043360620679f,-0.3827502600070468f,0.6506140555443254f,0f,0f,0f,1f], start_interpolation: 0, interpolation_duration: 1 }
$data merge entity $(bone_rightelbow) { transformation: [-0.6193975595022028f,0.21273350449092182f,-0.7557057094859917f,-1.474077400875043f,0.7697994117137618f,0.35355020380468494f,-0.5314236719556364f,3.446174105995141f,0.15412828750057983f,-0.9109043360620679f,-0.3827502600070468f,0.47981949253268763f,0f,0f,0f,1f], start_interpolation: 0, interpolation_duration: 1 }
$data merge entity $(bone_rightarm) { transformation: [-0.6371397144391948f,0.47661328862663316f,-0.6057167303194182f,-1.0346173658371953f,0.7705345679860768f,0.41239100309068133f,-0.48601454721887855f,3.508720474707535f,0.018151138334858763f,-0.7763848489469428f,-0.629997700394836f,0.12475892277063552f,0f,0f,0f,1f], start_interpolation: 0, interpolation_duration: 1 }
$data merge entity $(bone_chest1) { transformation: [-1.083219126339541f,-0.0008265970694133639f,0.015708347481432954f,-0.17868778640950336f,0.0032988013982877588f,1.045842500193264f,0.28251317457766134f,3.410693566212146f,-0.015380291045596553f,0.28253122418221027f,-1.0457297285248064f,-0.13807635963833462f,0f,0f,0f,1f], start_interpolation: 0, interpolation_duration: 1 }
$data merge entity $(bone_chest1lid) { transformation: [-0.9998945781595763f,-0.0007630126794584899f,0.014500013059784267f,-0.5252313230691245f,0.003045047444573316f,0.9653930771014746f,0.2607813919178413f,2.6498871207741246f,-0.014197191734396819f,0.260798053091271f,-0.9652889801767445f,0.05657035158471949f,0f,0f,0f,1f], start_interpolation: 0, interpolation_duration: 1 }
$data merge entity $(bone_chest2) { transformation: [-0.9998945781595763f,-0.0007630126794584899f,0.014500013059784267f,-0.525112102337959f,0.003045047444573316f,0.9653930771014746f,0.2607813919178413f,2.499044452477019f,-0.014197191734396819f,0.260798053091271f,-0.9652889801767445f,0.015820655789208396f,0f,0f,0f,1f], start_interpolation: 0, interpolation_duration: 1 }
$data merge entity $(bone_chest1lid3) { transformation: [-0.9998945781595763f,-0.0007630126794584899f,0.014500013059784267f,-0.4534488410677266f,0.003045047444573316f,0.9653930771014746f,0.2607813919178413f,2.816759884506206f,-0.014197191734396819f,0.260798053091271f,-0.9652889801767445f,-0.5609305768576076f,0f,0f,0f,1f], start_interpolation: 0, interpolation_duration: 1 }
$data merge entity $(bone_chest3) { transformation: [-0.9998945781595763f,-0.0007630126794584899f,0.014500013059784267f,-0.4533296203365612f,0.003045047444573316f,0.9653930771014746f,0.2607813919178413f,2.6659172162091003f,-0.014197191734396819f,0.260798053091271f,-0.9652889801767445f,-0.6016802726531187f,0f,0f,0f,1f], start_interpolation: 0, interpolation_duration: 1 }
$data merge entity $(bone_hugeasssword2) { transformation: [-0.056791717817489255f,2.885346167145564f,-2.6479860223013865f,-1.4076536027997653f,-1.0213937850115449f,2.5456965042673008f,2.79579359429104f,4.603680390506375f,3.7807151723589163f,0.7310845243044249f,0.7155319570749046f,-0.10869850515768527f,0f,0f,0f,1f], start_interpolation: 0, interpolation_duration: 1 }
$data merge entity $(bone_belt) { transformation: [-0.9998945781595763f,-0.0007630126794584899f,0.014500013059784267f,-0.14825657005822454f,0.003045047444573316f,0.9653930771014746f,0.2607813919178413f,2.99191407659145f,-0.014197191734396819f,0.260798053091271f,-0.9652889801767445f,-0.11514658909383126f,0f,0f,0f,1f], start_interpolation: 0, interpolation_duration: 1 }
$data merge entity $(bone_torn_part) { transformation: [-0.9815865692484401f,-0.11988124692993907f,0.1487154790383312f,-0.23295713618374336f,-0.0723496132682765f,0.9538663547162302f,0.29138378609713644f,2.677672336848639f,-0.17678614349266228f,0.2752589035342798f,-0.9449757645009198f,-0.06474458668324726f,0f,0f,0f,1f], start_interpolation: 0, interpolation_duration: 1 }
$data merge entity $(bone_lowerbody) { transformation: [-0.9815865692484401f,-0.06961317025103438f,0.17788145940113562f,-0.1281228472222222f,-0.0723496132682765f,0.9973393056022112f,-0.008935488841135927f,2.1990121990740743f,-0.17678614349266228f,-0.021640610631397116f,-0.984011353308737f,0.10146298611111104f,0f,0f,0f,1f], start_interpolation: 0, interpolation_duration: 1 }
$data merge entity $(bone_leftfoot) { transformation: [-0.9640363717174496f,-0.2260886314539086f,-0.13965438682005338f,0.5080253705450748f,-0.249652749433525f,0.9506100407886433f,0.1844263688237775f,0.2528555725182535f,0.09105944877427659f,0.21266048311595798f,-0.9728738698949575f,0.05801777596352142f,0f,0f,0f,1f], start_interpolation: 0, interpolation_duration: 1 }
$data merge entity $(bone_leftlowerleg) { transformation: [-0.9640363717174496f,-0.2260886314539086f,-0.13965438682005338f,0.27866558057285373f,-0.249652749433525f,0.9506100407886433f,0.1844263688237775f,1.2791022818137447f,0.09105944877427659f,0.21266048311595798f,-0.9728738698949575f,0.4434158132064667f,0f,0f,0f,1f], start_interpolation: 0, interpolation_duration: 1 }
$data merge entity $(bone_leftleg) { transformation: [-0.9843592236786707f,-0.11022261594700057f,0.13743323358098194f,0.14360811375211763f,-0.15871938805300903f,0.8933887539713035f,-0.42031498918511123f,2.184417836456365f,-0.0764530876734423f,-0.4355542551868846f,-0.896909926455157f,0.054668548032049694f,0f,0f,0f,1f], start_interpolation: 0, interpolation_duration: 1 }
$data merge entity $(bone_rightfoot) { transformation: [-0.9078078249225936f,-0.06582815831169747f,0.4141810506720759f,-0.41119183516229213f,0.03307932524561683f,0.9732885686133852f,0.2271927767943297f,0.21066363063121196f,-0.4180720586748108f,0.219951999216698f,-0.881385896350325f,-0.026502276853456963f,0f,0f,0f,1f], start_interpolation: 0, interpolation_duration: 1 }
$data merge entity $(bone_rightlowerleg) { transformation: [-0.9078078249225936f,-0.06582815831169747f,0.4141810506720759f,-0.5478570546829993f,0.03307932524561683f,0.9732885686133852f,0.2271927767943297f,1.255498460250636f,-0.4180720586748108f,0.219951999216698f,-0.881385896350325f,0.3529280591884983f,0f,0f,0f,1f], start_interpolation: 0, interpolation_duration: 1 }
$data merge entity $(bone_rightleg) { transformation: [-0.9540237739554706f,0.1710081171380891f,0.24614873299261927f,-0.3766939234238566f,0.038248472172537865f,0.8840065023524986f,-0.4659087845863005f,2.1448187671296446f,-0.29726928271967906f,-0.43507324403068914f,-0.8499096848308192f,-0.02628738665049355f,0f,0f,0f,1f], start_interpolation: 0, interpolation_duration: 1 }
data modify entity @s data merge value {"locators":{"lefthand":{"posx":0.5693063682711619,"posy":3.03033255767435,"posz":0.7457387371583697,"roty":113.9523340146197,"rotx":-47.20663316296234},"righthand":{"posx":-1.704278730889009,"posy":3.2048101906308886,"posz":1.6250927112150806,"roty":75.6890036998201,"rotx":-42.11631137121006},"chest":{"posx":-0.5586959673847363,"posy":2.5488981187007624,"posz":0.19065321417743147,"roty":0.8605993535759922,"rotx":15.116432218414214},"sack":{"posx":0,"posy":-0.4375,"posz":0,"roty":0,"rotx":0}},"cameras":{}}