# This file was generated by Animated Java via MC-Build. It is not recommended to edit this file directly.
$data merge entity $(bone_nose) { transformation: [-0.944269198658443f,-0.10237974763032948f,0.3128483142676205f,0.06897707571582272f,0.0014566260497391294f,0.9490944963312753f,0.31498811925886067f,3.8575192792020663f,-0.32917101741419f,0.29788928196367376f,-0.8960515704945078f,0.22649134280444763f,0f,0f,0f,1f], start_interpolation: 0, interpolation_duration: 1 }
$data merge entity $(bone_glowing_eye) { transformation: [-0.944269198658443f,-0.10237974763032948f,0.3128483142676205f,-0.0669055523230705f,0.0014566260497391294f,0.9490944963312753f,0.31498811925886067f,3.9109710589635815f,-0.32917101741419f,0.29788928196367376f,-0.8960515704945078f,0.23678276995166803f,0f,0f,0f,1f], start_interpolation: 0, interpolation_duration: 1 }
$data merge entity $(bone_head) { transformation: [-0.944269198658443f,-0.10237974763032948f,0.3128483142676205f,0.1402010181046877f,0.0014566260497391294f,0.9490944963312753f,0.31498811925886067f,3.7993111569871996f,-0.32917101741419f,0.29788928196367376f,-0.8960515704945078f,0.02191876833863038f,0f,0f,0f,1f], start_interpolation: 0, interpolation_duration: 1 }
$data merge entity $(bone_leftthumb2) { transformation: [-0.6157929993762481f,0.6403201772236365f,0.45911768922520807f,0.7091074667567075f,-0.07671503649311046f,0.5312100254867165f,-0.8437598663116553f,2.5729947148033836f,-0.7841643865255963f,-0.5548026491129008f,-0.27799322913021224f,0.11079190256039775f,0f,0f,0f,1f], start_interpolation: 0, interpolation_duration: 1 }
$data merge entity $(bone_leftthumb) { transformation: [-0.6157929993762481f,0.6403201772236365f,0.45911768922520807f,0.9053762377464385f,-0.07671503649311046f,0.5312100254867165f,-0.8437598663116553f,2.6311643807034812f,-0.7841643865255963f,-0.5548026491129008f,-0.27799322913021224f,-0.04902589249306793f,0f,0f,0f,1f], start_interpolation: 0, interpolation_duration: 1 }
$data merge entity $(bone_leftpointerfinger) { transformation: [0.1180869953674265f,0.8804921402065997f,0.45911768922520807f,0.7841446805841417f,0.36810943180531003f,0.39059535867404904f,-0.8437598663116553f,2.425700554473728f,-0.9222531690057048f,0.26864261913682325f,-0.27799322913021224f,0.205755773907861f,0f,0f,0f,1f], start_interpolation: 0, interpolation_duration: 1 }
$data merge entity $(bone_leftmidfinger) { transformation: [0.014242810080288382f,0.8882612733883664f,0.45911768922520807f,0.8558818195255804f,0.31987401168573104f,0.4309871281718447f,-0.8437598663116553f,2.2938630753625313f,-0.9473530276560547f,0.1588773286175965f,-0.27799322913021224f,0.16231933185626535f,0f,0f,0f,1f], start_interpolation: 0, interpolation_duration: 1 }
$data merge entity $(bone_leftringfinger) { transformation: [0.014242810080288382f,0.8882612733883664f,0.45911768922520807f,0.9276189584670191f,0.31987401168573104f,0.4309871281718447f,-0.8437598663116553f,2.1620255962513353f,-0.9473530276560547f,0.1588773286175965f,-0.27799322913021224f,0.11888288980466968f,0f,0f,0f,1f], start_interpolation: 0, interpolation_duration: 1 }
$data merge entity $(bone_invisibility) { transformation: [0.6778983088443649f,-0.4015630271640477f,0.6157929993762481f,0.7243710847966425f,0.4556500931139908f,0.8868471096085682f,0.07671503649311028f,2.495785077491118f,-0.5769201638971905f,0.2285811440031179f,0.784164386525596f,0.006730700097907383f,0f,0f,0f,1f], start_interpolation: 0, interpolation_duration: 1 }
$data merge entity $(bone_swiftness) { transformation: [0.45911768922520796f,0.6403201772236365f,0.6157929993762482f,0.6916730703666599f,-0.8437598663116553f,0.5312100254867165f,0.07671503649311026f,2.261649742102551f,-0.2779932291302124f,-0.5548026491129008f,0.7841643865255962f,-0.011105121143377805f,0f,0f,0f,1f], start_interpolation: 0, interpolation_duration: 1 }
$data merge entity $(bone_suspicious_stew) { transformation: [0.7743586825692337f,-0.14549093665532886f,0.6157929993762483f,0.7804406432190111f,0.12485145462335168f,0.9892051948176848f,0.07671503649311052f,2.312679632612993f,-0.6203069764302785f,0.01747769712694583f,0.7841643865255964f,-0.019386656186840184f,0f,0f,0f,1f], start_interpolation: 0, interpolation_duration: 1 }
$data merge entity $(bone_log) { transformation: [-0.6157929993762481f,0.6403201772236365f,0.45911768922520807f,0.824271213362874f,-0.07671503649311046f,0.5312100254867165f,-0.8437598663116553f,2.3323376073942446f,-0.7841643865255963f,-0.5548026491129008f,-0.27799322913021224f,-0.17528333117820616f,0f,0f,0f,1f], start_interpolation: 0, interpolation_duration: 1 }
$data merge entity $(bone_planks) { transformation: [-0.6157929993762481f,0.6403201772236365f,0.45911768922520807f,0.7665406196713507f,-0.07671503649311046f,0.5312100254867165f,-0.8437598663116553f,2.3251455727230153f,-0.7841643865255963f,-0.5548026491129008f,-0.27799322913021224f,-0.2487987424149808f,0f,0f,0f,1f], start_interpolation: 0, interpolation_duration: 1 }
$data merge entity $(bone_lefthand1) { transformation: [-0.6157929993762481f,0.6403201772236365f,0.45911768922520807f,1.1239520797245575f,-0.07671503649311046f,0.5312100254867165f,-0.8437598663116553f,2.5106863687114407f,-0.7841643865255963f,-0.5548026491129008f,-0.27799322913021224f,-0.10925560841471317f,0f,0f,0f,1f], start_interpolation: 0, interpolation_duration: 1 }
$data merge entity $(bone_leftforearm) { transformation: [0.27611047691402935f,0.7021747952595401f,0.6562877123948994f,1.6554505451131152f,0.2950965344589709f,0.5879164585748635f,-0.7531747958389845f,2.9662147054001076f,-0.9147027057402927f,0.4016276816144693f,-0.04487945490281509f,0.08026237735860613f,0f,0f,0f,1f], start_interpolation: 0, interpolation_duration: 1 }
$data merge entity $(bone_leftelbow) { transformation: [0.27611047691402935f,0.7021747952595401f,0.6562877123948994f,1.787108319224279f,0.2950965344589709f,0.5879164585748635f,-0.7531747958389845f,3.0764490413828947f,-0.9147027057402927f,0.4016276816144693f,-0.04487945490281509f,0.15556756766131913f,0f,0f,0f,1f], start_interpolation: 0, interpolation_duration: 1 }
$data merge entity $(bone_leftarm) { transformation: [-0.1507839082870458f,-0.7273395673238786f,0.6695083022687598f,1.0793527887174117f,0.22796999879743662f,0.6334141999159231f,0.7394701691029651f,3.3837979516322387f,-0.9619219784629003f,0.2641280090221108f,0.0703029316603177f,0.04358697929238842f,0f,0f,0f,1f], start_interpolation: 0, interpolation_duration: 1 }
$data merge entity $(bone_rightthumb2) { transformation: [-0.4402438354566675f,-0.07451197722747162f,-0.8947811635210341f,-0.5084662052235127f,0.6818003914256147f,0.620700198429573f,-0.3871427255178224f,2.7012148110665506f,0.5842376156961153f,-0.7804993458800218f,-0.22245714078576326f,-0.21128531225160221f,0f,0f,0f,1f], start_interpolation: 0, interpolation_duration: 1 }
$data merge entity $(bone_rightthumb) { transformation: [-0.4402438354566675f,-0.07451197722747162f,-0.8947811635210341f,-0.6032054700803197f,0.6818003914256147f,0.620700198429573f,-0.3871427255178224f,2.820352630013976f,0.5842376156961153f,-0.7804993458800218f,-0.22245714078576326f,-0.42170755419228284f,0f,0f,0f,1f], start_interpolation: 0, interpolation_duration: 1 }
$data merge entity $(bone_rightpointerfinger) { transformation: [-0.331262628714541f,-0.29938560457222513f,-0.8947811635210341f,-0.668850764095677f,0.24152264436323506f,0.8898243210535566f,-0.3871427255178224f,2.673109979957801f,0.9121030002565078f,-0.34435582968275813f,-0.22245714078576326f,-0.11213289558297077f,0f,0f,0f,1f], start_interpolation: 0, interpolation_duration: 1 }
$data merge entity $(bone_rightmidfinger) { transformation: [-0.3178883234363522f,-0.3135501287366499f,-0.8947811635210341f,-0.8086603208958386f,0.2024791765757052f,0.8995124752508201f,-0.3871427255178224f,2.612618929095641f,0.9262554706321847f,-0.3042427051506307f,-0.22245714078576326f,-0.14689182383074628f,0f,0f,0f,1f], start_interpolation: 0, interpolation_duration: 1 }
$data merge entity $(bone_rightringfinger) { transformation: [-0.33558182529593616f,-0.2945360893659592f,-0.8947811635210341f,-0.9484698776960001f,0.2544386128318728f,0.8862175254297473f,-0.3871427255178224f,2.5521278782334815f,0.9069982529372591f,-0.35758494051369544f,-0.22245714078576326f,-0.18165075207852177f,0f,0f,0f,1f], start_interpolation: 0, interpolation_duration: 1 }
$data merge entity $(bone_hugeasssword) { transformation: [-1.7242883555386146f,-0.29183857747426384f,-3.5045595571240504f,-0.6928748417969753f,2.670384866416991f,2.4310757771824947f,-1.5163090082781379f,2.5636445330154354f,2.2882639948097854f,-3.056955771363419f,-0.8712904680775728f,-0.4571429773071288f,0f,0f,0f,1f], start_interpolation: 0, interpolation_duration: 1 }
$data merge entity $(bone_ice) { transformation: [-0.4402438354566675f,-0.07451197722747162f,-0.8947811635210341f,-0.6848317822237856f,0.6818003914256147f,0.620700198429573f,-0.3871427255178224f,2.543292961298948f,0.5842376156961153f,-0.7804993458800218f,-0.22245714078576326f,-0.4540763877730052f,0f,0f,0f,1f], start_interpolation: 0, interpolation_duration: 1 }
$data merge entity $(bone_righthand1) { transformation: [-0.4402438354566675f,-0.07451197722747162f,-0.8947811635210341f,-0.8414826467548527f,0.6818003914256147f,0.620700198429573f,-0.3871427255178224f,2.856819898590313f,0.5842376156961153f,-0.7804993458800218f,-0.22245714078576326f,-0.5100936059685369f,0f,0f,0f,1f], start_interpolation: 0, interpolation_duration: 1 }
$data merge entity $(bone_rightforearm) { transformation: [-0.7365869135827552f,-0.155040136716792f,-0.6583329512833679f,-0.8768220626201696f,0.42935700621423173f,0.6448945030485954f,-0.6322686463462015f,3.299395403032521f,0.5225823188296587f,-0.7483806758225016f,-0.4084532826432827f,-1.0589992773605998f,0f,0f,0f,1f], start_interpolation: 0, interpolation_duration: 1 }
$data merge entity $(bone_rightelbow) { transformation: [-0.7365869135827552f,-0.155040136716792f,-0.6583329512833679f,-0.9058920882545681f,0.42935700621423173f,0.6448945030485954f,-0.6322686463462015f,3.4203131223541328f,0.5225823188296587f,-0.7483806758225016f,-0.4084532826432827f,-1.199320654077319f,0f,0f,0f,1f], start_interpolation: 0, interpolation_duration: 1 }
$data merge entity $(bone_rightarm) { transformation: [-0.820739374157756f,0.23937504232167844f,0.5187354516713019f,-0.6005016766289212f,0.570911331772079f,0.31004590799909637f,0.760218249049079f,3.3306278701455483f,0.021145471415085493f,0.9200929974989001f,-0.3911288086962185f,-0.47472924610261635f,0f,0f,0f,1f], start_interpolation: 0, interpolation_duration: 1 }
$data merge entity $(bone_chest1) { transformation: [-1.0229582985466465f,-0.11091139326619026f,0.3389190071232555f,0.2307814354660291f,0.0015780115538840567f,1.0281857043588816f,0.34123712919709903f,3.2018489509836923f,-0.35660193553203917f,0.32271338879397987f,-0.9707225347023833f,-0.24762410583640226f,0f,0f,0f,1f], start_interpolation: 0, interpolation_duration: 1 }
$data merge entity $(bone_chest1lid) { transformation: [-0.944269198658443f,-0.10237974763032948f,0.3128483142676205f,-0.1440696784690797f,0.0014566260497391294f,0.9490944963312753f,0.31498811925886067f,2.430427287969546f,-0.32917101741419f,0.29788928196367376f,-0.8960515704945078f,-0.21296184069629204f,0f,0f,0f,1f], start_interpolation: 0, interpolation_duration: 1 }
$data merge entity $(bone_chest2) { transformation: [-0.944269198658443f,-0.10237974763032948f,0.3128483142676205f,-0.12807284290184073f,0.0014566260497391294f,0.9490944963312753f,0.31498811925886067f,2.282131272917784f,-0.32917101741419f,0.29788928196367376f,-0.8960515704945078f,-0.25950704100311606f,0f,0f,0f,1f], start_interpolation: 0, interpolation_duration: 1 }
$data merge entity $(bone_chest1lid3) { transformation: [-0.944269198658443f,-0.10237974763032948f,0.3128483142676205f,0.11536559777476733f,0.0014566260497391294f,0.9490944963312753f,0.31498811925886067f,2.6321255127416445f,-0.32917101741419f,0.29788928196367376f,-0.8960515704945078f,-0.7664216894559492f,0f,0f,0f,1f], start_interpolation: 0, interpolation_duration: 1 }
$data merge entity $(bone_chest3) { transformation: [-0.944269198658443f,-0.10237974763032948f,0.3128483142676205f,0.1313624333420063f,0.0014566260497391294f,0.9490944963312753f,0.31498811925886067f,2.4838294976898827f,-0.32917101741419f,0.29788928196367376f,-0.8960515704945078f,-0.8129668897627733f,0f,0f,0f,1f], start_interpolation: 0, interpolation_duration: 1 }
$data merge entity $(bone_hugeasssword2) { transformation: [-1.225322564214848f,2.4558343064909285f,-2.7942333922680738f,-0.9685153869795498f,-1.2337034670972042f,2.5071562909238674f,2.7445256176488857f,4.38832852641951f,3.509535317770155f,1.738770533946581f,-0.010800989808025966f,-0.5449302575973023f,0f,0f,0f,1f], start_interpolation: 0, interpolation_duration: 1 }
$data merge entity $(bone_belt) { transformation: [-0.944269198658443f,-0.10237974763032948f,0.3128483142676205f,0.26085349597773266f,0.0014566260497391294f,0.9490944963312753f,0.31498811925886067f,2.782516754067182f,-0.32917101741419f,0.29788928196367376f,-0.8960515704945078f,-0.23844401659033038f,0f,0f,0f,1f], start_interpolation: 0, interpolation_duration: 1 }
$data merge entity $(bone_torn_part) { transformation: [-0.9371812412845575f,0.014713172424037593f,0.34853241390372386f,0.041857520703150665f,0.0018700200307650017f,0.9993076884372374f,-0.03715705660180446f,2.450938220317468f,-0.3488378190641328f,-0.03417113383318876f,-0.936559933801961f,-0.11956451572087073f,0f,0f,0f,1f], start_interpolation: 0, interpolation_duration: 1 }
$data merge entity $(bone_lowerbody) { transformation: [-0.9371812412845575f,0.11883792011615954f,0.32797693474816403f,0.029231041666666638f,0.0018700200307650017f,0.9418833390629502f,-0.3359349321233387f,2.038092476851852f,-0.3488378190641328f,-0.3142185932405861f,-0.882937626139291f,0.19209182870370373f,0f,0f,0f,1f], start_interpolation: 0, interpolation_duration: 1 }
$data merge entity $(bone_leftfoot) { transformation: [-0.9749824955026186f,-0.21374343452346026f,-0.06085527633619406f,0.5117997796048513f,-0.2151025351748733f,0.8387591842427977f,0.5002262484223027f,0.2651314945774752f,-0.05587261104669469f,0.5007998667497808f,-0.863759482786499f,-0.14438379668819434f,0f,0f,0f,1f], start_interpolation: 0, interpolation_duration: 1 }
$data merge entity $(bone_leftlowerleg) { transformation: [-0.9749824955026186f,-0.21374343452346026f,-0.06085527633619406f,0.28402830389760986f,-0.2151025351748733f,0.8387591842427977f,0.5002262484223027f,1.118772390016579f,-0.05587261104669469f,0.5007998667497808f,-0.863759482786499f,0.5439039210697522f,0f,0f,0f,1f], start_interpolation: 0, interpolation_duration: 1 }
$data merge entity $(bone_leftleg) { transformation: [-0.987801094058599f,0.05047442534636412f,0.1472426897259812f,0.30004844869444625f,-0.022527520986794503f,0.8896512029688515f,-0.45609817880416714f,1.987459410077152f,-0.1540130773950922f,-0.45385969754768846f,-0.8776639685060452f,0.15444993327363013f,0f,0f,0f,1f], start_interpolation: 0, interpolation_duration: 1 }
$data merge entity $(bone_rightfoot) { transformation: [-0.891304354230741f,-0.0050723055205021406f,0.45337796914565315f,-0.3979464144746424f,0.1857987136996021f,0.9080320385134018f,0.3754211565189659f,0.28173939865412334f,-0.41358857086387996f,0.41884952033762046f,-0.8083989516498278f,-0.10027097810575852f,0f,0f,0f,1f], start_interpolation: 0, interpolation_duration: 1 }
$data merge entity $(bone_rightlowerleg) { transformation: [-0.891304354230741f,-0.0050723055205021406f,0.45337796914565315f,-0.4732330448420641f,0.1857987136996021f,0.9080320385134018f,0.3754211565189659f,1.231405623148349f,-0.41358857086387996f,0.41884952033762046f,-0.8083989516498278f,0.48859717069437175f,0f,0f,0f,1f], start_interpolation: 0, interpolation_duration: 1 }
$data merge entity $(bone_rightleg) { transformation: [-0.8939367569179242f,0.2938237769690383f,0.3384456032379067f,-0.17841111057779316f,0.011590592910687467f,0.7700338058068211f,-0.6378999207026681f,1.987341766486796f,-0.4480432264715569f,-0.5663175134165568f,-0.6917694207568279f,0.015764364540164888f,0f,0f,0f,1f], start_interpolation: 0, interpolation_duration: 1 }
data modify entity @s data merge value {"locators":{"lefthand":{"posx":0.8248030793146568,"posy":2.3112126067354435,"posz":-0.05408031877432658,"roty":58.80532591285326,"rotx":-57.539308261512346},"righthand":{"posx":-0.7109594364736529,"posy":2.603562412480853,"posz":-0.3836329161973415,"roty":283.961600081555,"rotx":-22.776827859296056},"chest":{"posx":-0.21606190580457618,"posy":2.3219375078786983,"posz":-0.10185845722344825,"roty":19.246186989807,"rotx":18.36009656614745},"sack":{"posx":0,"posy":-0.4375,"posz":0,"roty":0,"rotx":0}},"cameras":{}}