# This file was generated by Animated Java via MC-Build. It is not recommended to edit this file directly.
$data merge entity $(bone_nose) { transformation: [-0.9980075302538143f,-0.03704267707346218f,0.05107650763230641f,-0.11687722930701508f,-0.02564995898451384f,0.9778022501017423f,0.2079539355243428f,4.040892788335217f,-0.05764589456999182f,0.20622948327336937f,-0.9768041518482732f,0.13734221417722023f,0f,0f,0f,1f], start_interpolation: 0, interpolation_duration: 1 }
$data merge entity $(bone_glowing_eye) { transformation: [-0.9980075302538143f,-0.03704267707346218f,0.05107650763230641f,-0.2459186074550131f,-0.02564995898451384f,0.9778022501017423f,0.2079539355243428f,4.096635017885991f,-0.05764589456999182f,0.20622948327336937f,-0.9768041518482732f,0.1781860803694704f,0f,0f,0f,1f], start_interpolation: 0, interpolation_duration: 1 }
$data merge entity $(bone_head) { transformation: [-0.9980075302538143f,-0.03704267707346218f,0.05107650763230641f,-0.1027389838636623f,-0.02564995898451384f,0.9778022501017423f,0.2079539355243428f,3.959097236321296f,-0.05764589456999182f,0.20622948327336937f,-0.9768041518482732f,-0.07103381940458853f,0f,0f,0f,1f], start_interpolation: 0, interpolation_duration: 1 }
$data merge entity $(bone_leftthumb2) { transformation: [-0.8928719321071613f,0.20087964461996477f,0.4030224326666958f,0.7365299961646801f,-0.21834320532635165f,0.5896167807413526f,-0.7776106330008731f,3.1969063687500587f,-0.393834936925407f,-0.7823039180814324f,-0.48259156873219433f,1.7099449757874667f,0f,0f,0f,1f], start_interpolation: 0, interpolation_duration: 1 }
$data merge entity $(bone_leftthumb) { transformation: [-0.8928719321071613f,0.20087964461996477f,0.4030224326666958f,0.820235511950006f,-0.21834320532635165f,0.5896167807413526f,-0.7776106330008731f,3.275052801431348f,-0.393834936925407f,-0.7823039180814324f,-0.48259156873219433f,1.4768497381724495f,0f,0f,0f,1f], start_interpolation: 0, interpolation_duration: 1 }
$data merge entity $(bone_leftpointerfinger) { transformation: [-0.8525744946767826f,0.33270054071799693f,0.4030224326666958f,0.8708714226645522f,-0.12731274367483375f,0.6157216649931752f,-0.7776106330008731f,3.069015584911246f,-0.5068611213385921f,-0.7142808841513154f,-0.48259156873219433f,1.7539974277348143f,0f,0f,0f,1f], start_interpolation: 0, interpolation_duration: 1 }
$data merge entity $(bone_leftmidfinger) { transformation: [-0.8589515485477225f,0.3158720564008283f,0.4030224326666958f,0.9338436777687235f,-0.13939505700351695f,0.6130992754252511f,-0.7776106330008731f,2.9475139235048595f,-0.4927182311732089f,-0.7241091923585449f,-0.48259156873219433f,1.678592495120409f,0f,0f,0f,1f], start_interpolation: 0, interpolation_duration: 1 }
$data merge entity $(bone_leftringfinger) { transformation: [-0.8589515485477225f,0.3158720564008283f,0.4030224326666958f,0.9968159328728947f,-0.13939505700351695f,0.6130992754252511f,-0.7776106330008731f,2.826012262098473f,-0.4927182311732089f,-0.7241091923585449f,-0.48259156873219433f,1.6031875625060035f,0f,0f,0f,1f], start_interpolation: 0, interpolation_duration: 1 }
$data merge entity $(bone_invisibility) { transformation: [0.23524095638799658f,-0.3839809960048611f,0.8928719321071612f,0.7128346955039339f,0.5195998785927909f,0.8260400782372315f,0.21834320532635146f,3.116865901587418f,-0.821387642105734f,0.4125728830799997f,0.3938349369254067f,1.6096698725440248f,0f,0f,0f,1f], start_interpolation: 0, interpolation_duration: 1 }
$data merge entity $(bone_swiftness) { transformation: [0.4030224326666956f,0.20087964461996477f,0.8928719321071614f,0.7146953474544643f,-0.7776106330008731f,0.5896167807413526f,0.21834320532635149f,2.8798478495482867f,-0.48259156873219444f,-0.7823039180814324f,0.3938349369254069f,1.6046089510443289f,0f,0f,0f,1f], start_interpolation: 0, interpolation_duration: 1 }
$data merge entity $(bone_suspicious_stew) { transformation: [0.3523834261123361f,-0.2803669628479013f,0.8928719321071615f,0.7789851682873785f,0.2057418257234549f,0.9539373909412475f,0.21834320532635176f,2.943425621302503f,-0.9129601426948011f,0.10676057468770705f,0.393834936925407f,1.5558544495668056f,0f,0f,0f,1f], start_interpolation: 0, interpolation_duration: 1 }
$data merge entity $(bone_log) { transformation: [-0.8928719321071613f,0.20087964461996477f,0.4030224326666958f,0.7392800567610791f,-0.21834320532635165f,0.5896167807413526f,-0.7776106330008731f,2.960207544973911f,-0.393834936925407f,-0.7823039180814324f,-0.48259156873219433f,1.3985229546855482f,0f,0f,0f,1f], start_interpolation: 0, interpolation_duration: 1 }
$data merge entity $(bone_planks) { transformation: [-0.8928719321071613f,0.20087964461996477f,0.4030224326666958f,0.6555733131260326f,-0.21834320532635165f,0.5896167807413526f,-0.7776106330008731f,2.9397378694745653f,-0.393834936925407f,-0.7823039180814324f,-0.48259156873219433f,1.3616009293487912f,0f,0f,0f,1f], start_interpolation: 0, interpolation_duration: 1 }
$data merge entity $(bone_lefthand1) { transformation: [-0.8928719321071613f,0.20087964461996477f,0.4030224326666958f,1.0001234999220263f,-0.21834320532635165f,0.5896167807413526f,-0.7776106330008731f,3.186497873772114f,-0.393834936925407f,-0.7823039180814324f,-0.48259156873219433f,1.3164866959194228f,0f,0f,0f,1f], start_interpolation: 0, interpolation_duration: 1 }
$data merge entity $(bone_leftforearm) { transformation: [-0.5147683537043038f,0.12853958324049392f,0.8476385536093323f,1.060870627148135f,-0.7941593816015305f,0.3009920276284238f,-0.5279343481138586f,3.3425398316207664f,-0.32299290803179453f,-0.944924004798529f,-0.05286025460281485f,0.6419734320260808f,0f,0f,0f,1f], start_interpolation: 0, interpolation_duration: 1 }
$data merge entity $(bone_leftelbow) { transformation: [-0.5147683537043038f,0.12853958324049392f,0.8476385536093323f,1.0849717990057275f,-0.7941593816015305f,0.3009920276284238f,-0.5279343481138586f,3.398975836801096f,-0.32299290803179453f,-0.944924004798529f,-0.05286025460281485f,0.4648001811263566f,0f,0f,0f,1f], start_interpolation: 0, interpolation_duration: 1 }
$data merge entity $(bone_leftarm) { transformation: [-0.601759195392517f,-0.23951239658351836f,0.7619184225646273f,0.7344024364861916f,-0.7768176688524656f,0.39718564268930623f,-0.48866949423931083f,3.4648464957637795f,-0.18558065664064077f,-0.8859330545387176f,-0.42506757434145265f,0.011950724421504466f,0f,0f,0f,1f], start_interpolation: 0, interpolation_duration: 1 }
$data merge entity $(bone_rightthumb2) { transformation: [0.08001893883036038f,-0.8897596071576868f,0.4493604465226789f,0.25865320626990895f,0.9029937368051142f,-0.12620858888339342f,-0.41069904234463284f,3.791087649767395f,0.4221365664322376f,0.4386333703249915f,0.793348275171844f,-0.13690866192194456f,0f,0f,0f,1f], start_interpolation: 0, interpolation_duration: 1 }
$data merge entity $(bone_rightthumb) { transformation: [0.08001893883036038f,-0.8897596071576868f,0.4493604465226789f,0.07884755617025176f,0.9029937368051142f,-0.12620858888339342f,-0.41069904234463284f,3.725038626496993f,0.4221365664322376f,0.4386333703249915f,0.793348275171844f,0.03846044262548004f,0f,0f,0f,1f], start_interpolation: 0, interpolation_duration: 1 }
$data merge entity $(bone_rightpointerfinger) { transformation: [-0.2288525943743525f,-0.8635402012350473f,0.4493604465226789f,0.400615769634189f,0.8055042378239277f,-0.4271875694175738f,-0.41069904234463284f,3.8459642420775113f,0.5466163306157444f,0.2679722026368392f,0.793348275171844f,-0.022106744660201655f,0f,0f,0f,1f], start_interpolation: 0, interpolation_duration: 1 }
$data merge entity $(bone_rightmidfinger) { transformation: [-0.19096768287087945f,-0.8727007122718907f,0.4493604465226789f,0.47082833940335755f,0.8233712363427265f,-0.39164538013444183f,-0.41069904234463284f,3.781792516711162f,0.5344072896793017f,0.2915602219430542f,0.793348275171844f,0.10185392333539897f,0f,0f,0f,1f], start_interpolation: 0, interpolation_duration: 1 }
$data merge entity $(bone_rightringfinger) { transformation: [-0.15274982301734852f,-0.880194683390616f,0.4493604465226789f,0.5410409091725261f,0.8396585587426918f,-0.3553868333905278f,-0.41069904234463284f,3.7176207913448134f,0.5211918996860119f,0.314575138851668f,0.793348275171844f,0.2258145913309996f,0f,0f,0f,1f], start_interpolation: 0, interpolation_duration: 1 }
$data merge entity $(bone_hugeasssword) { transformation: [0.3134075104189115f,-3.48489179470094f,1.759995082213826f,0.2618196315957211f,3.5367254691533643f,-0.49431697312662426f,-1.6085712491831454f,3.5227158582919995f,1.6533682185262641f,1.7179807004395502f,3.107280744423056f,0.06642523442453971f,0f,0f,0f,1f], start_interpolation: 0, interpolation_duration: 1 }
$data merge entity $(bone_ice) { transformation: [0.08001893883036038f,-0.8897596071576868f,0.4493604465226789f,0.2744718295383356f,0.9029937368051142f,-0.12620858888339342f,-0.41069904234463284f,3.5105785903557223f,0.4221365664322376f,0.4386333703249915f,0.793348275171844f,0.052975704162708f,0f,0f,0f,1f], start_interpolation: 0, interpolation_duration: 1 }
$data merge entity $(bone_righthand1) { transformation: [0.08001893883036038f,-0.8897596071576868f,0.4493604465226789f,0.08607917641033769f,0.9029937368051142f,-0.12620858888339342f,-0.41069904234463284f,3.691940532262883f,0.4221365664322376f,0.4386333703249915f,0.793348275171844f,0.2929603219511354f,0f,0f,0f,1f], start_interpolation: 0, interpolation_duration: 1 }
$data merge entity $(bone_rightforearm) { transformation: [-0.28787326028632565f,-0.899938065754328f,0.32747589807263644f,-0.5204825453018224f,0.9560890231048562f,-0.28970482634756417f,0.044327119118314995f,3.4386096837208053f,0.05497968634434752f,0.3258567037783423f,0.9438191790232867f,0.5262033879525643f,0f,0f,0f,1f], start_interpolation: 0, interpolation_duration: 1 }
$data merge entity $(bone_rightelbow) { transformation: [-0.28787326028632565f,-0.899938065754328f,0.32747589807263644f,-0.6892209326307589f,0.9560890231048562f,-0.28970482634756417f,0.044327119118314995f,3.384290028780637f,0.05497968634434752f,0.3258567037783423f,0.9438191790232867f,0.5873015199110034f,0f,0f,0f,1f], start_interpolation: 0, interpolation_duration: 1 }
$data merge entity $(bone_rightarm) { transformation: [-0.479831946693962f,-0.7100171908821084f,-0.5153997396038944f,-0.9254350984982452f,0.6803694623226035f,0.06977546764964154f,-0.729540114629158f,3.3937215390337734f,0.5539482806821714f,-0.7007188971093569f,0.44959351592645663f,-0.12769996405776946f,0f,0f,0f,1f], start_interpolation: 0, interpolation_duration: 1 }
$data merge entity $(bone_chest1) { transformation: [-1.0811748244416322f,-0.040129566829584025f,0.05533288326833194f,-0.07656332501642273f,-0.02778745556655666f,1.0592857709435541f,0.22528343015137134f,3.333980750655222f,-0.062449719117491136f,0.22341527354615015f,-1.0582044978356293f,-0.28635561315264063f,0f,0f,0f,1f], start_interpolation: 0, interpolation_duration: 1 }
$data merge entity $(bone_chest1lid) { transformation: [-0.9980075302538143f,-0.03704267707346218f,0.05107650763230641f,-0.4119803498471228f,-0.02564995898451384f,0.9778022501017423f,0.2079539355243428f,2.575568424531456f,-0.05764589456999182f,0.20622948327336937f,-0.9768041518482732f,-0.06474249204333832f,0f,0f,0f,1f], start_interpolation: 0, interpolation_duration: 1 }
$data merge entity $(bone_chest2) { transformation: [-0.9980075302538143f,-0.03704267707346218f,0.05107650763230641f,-0.40619243155439433f,-0.02564995898451384f,0.9778022501017423f,0.2079539355243428f,2.4227868229530585f,-0.05764589456999182f,0.20622948327336937f,-0.9768041518482732f,-0.09696584880480227f,0f,0f,0f,1f], start_interpolation: 0, interpolation_duration: 1 }
$data merge entity $(bone_chest1lid3) { transformation: [-0.9980075302538143f,-0.03704267707346218f,0.05107650763230641f,-0.3168839915043132f,-0.02564995898451384f,0.9778022501017423f,0.2079539355243428f,2.7103920369132704f,-0.05764589456999182f,0.20622948327336937f,-0.9768041518482732f,-0.6869047834105139f,0f,0f,0f,1f], start_interpolation: 0, interpolation_duration: 1 }
$data merge entity $(bone_chest3) { transformation: [-0.9980075302538143f,-0.03704267707346218f,0.05107650763230641f,-0.3110960732115847f,-0.02564995898451384f,0.9778022501017423f,0.2079539355243428f,2.557610435334873f,-0.05764589456999182f,0.20622948327336937f,-0.9768041518482732f,-0.7191281401719778f,0f,0f,0f,1f], start_interpolation: 0, interpolation_duration: 1 }
$data merge entity $(bone_hugeasssword2) { transformation: [-0.20004965489320098f,2.783898767831852f,-2.7477564600632247f,-1.335609284199921f,-0.8144862474703425f,2.6613936378605247f,2.7556984295845908f,4.4920165986238105f,3.8258162614057367f,0.7121582216035965f,0.4429880124152465f,-0.3768754817598918f,0f,0f,0f,1f], start_interpolation: 0, interpolation_duration: 1 }
$data merge entity $(bone_belt) { transformation: [-0.9980075302538143f,-0.03704267707346218f,0.05107650763230641f,-0.03652922431347167f,-0.02564995898451384f,0.9778022501017423f,0.2079539355243428f,2.918092626451045f,-0.05764589456999182f,0.20622948327336937f,-0.9768041518482732f,-0.23879057179189467f,0f,0f,0f,1f], start_interpolation: 0, interpolation_duration: 1 }
$data merge entity $(bone_torn_part) { transformation: [-0.9794660950856175f,-0.1347430970330559f,0.14996821789856862f,-0.10005531556424899f,-0.1263982986415484f,0.9899197358131503f,0.06389355795496657f,2.5962192009568965f,-0.1570657145218332f,0.04362584611859363f,-0.9866241163037638f,-0.10184881348202907f,0f,0f,0f,1f], start_interpolation: 0, interpolation_duration: 1 }
$data merge entity $(bone_lowerbody) { transformation: [-0.9794660950856175f,-0.08341046277331843f,0.18354526220437545f,0.01051238281249994f,-0.1263982986415484f,0.9633163953532289f,-0.23673823633748628f,2.1714847656250003f,-0.1570657145218332f,-0.2550768847692837f,-0.9540786886720317f,0.17220621093749994f,0f,0f,0f,1f], start_interpolation: 0, interpolation_duration: 1 }
$data merge entity $(bone_leftfoot) { transformation: [-0.9803361244981861f,-0.17676020598247133f,-0.08773889620591073f,0.5123158141027588f,-0.194354481092071f,0.941854935600568f,0.27410885279632596f,0.22775496944016504f,0.03418579651989501f,0.28577107947776f,-0.9576879569626271f,-0.08295853035539186f,0f,0f,0f,1f], start_interpolation: 0, interpolation_duration: 1 }
$data merge entity $(bone_leftlowerleg) { transformation: [-0.9803361244981861f,-0.17676020598247133f,-0.08773889620591073f,0.32970315813532197f,-0.194354481092071f,0.941854935600568f,0.27410885279632596f,1.2305096626161205f,0.03418579651989501f,0.28577107947776f,-0.9576879569626271f,0.38121332564274407f,0f,0f,0f,1f], start_interpolation: 0, interpolation_duration: 1 }
$data merge entity $(bone_leftleg) { transformation: [-0.9898873337125416f,-0.03595298442783583f,0.13722408486197796f,0.2667850376897531f,-0.08299772236806618f,0.9312816754769487f,-0.35471935245001857f,2.171222698700475f,-0.11504105631116623f,-0.36252148051057465f,-0.9248479504930701f,0.06562666079431584f,0f,0f,0f,1f], start_interpolation: 0, interpolation_duration: 1 }
$data merge entity $(bone_rightfoot) { transformation: [-0.9222108989586486f,0.04912769716537868f,0.3835550598262041f,-0.4315827687911675f,0.1774417368469051f,0.9350591084345947f,0.3068688880187018f,0.21255575769279478f,-0.34357344634492937f,0.3510532583892312f,-0.8710429492329042f,-0.14494147952353797f,0f,0f,0f,1f], start_interpolation: 0, interpolation_duration: 1 }
$data merge entity $(bone_rightlowerleg) { transformation: [-0.9222108989586486f,0.04912769716537868f,0.3835550598262041f,-0.43601328663723504f,0.1774417368469051f,0.9350591084345947f,0.3068688880187018f,1.2027378940197349f,-0.34357344634492937f,0.3510532583892312f,-0.8710429492329042f,0.3783401673387482f,0f,0f,0f,1f], start_interpolation: 0, interpolation_duration: 1 }
$data merge entity $(bone_rightleg) { transformation: [-0.9523724628309981f,0.18172674255493862f,0.24487357337861884f,-0.2414858253151298f,0.04830124219456894f,0.8827874577496935f,-0.46728230383318836f,2.0863944961831504f,-0.3010895747847663f,-0.4331993715140918f,-0.8495184998495893f,0.01445335935950295f,0f,0f,0f,1f], start_interpolation: 0, interpolation_duration: 1 }
data modify entity @s data merge value {"locators":{"lefthand":{"posx":0.8009958526497736,"posy":2.9467635756184767,"posz":1.5041029668838575,"roty":39.86597149782628,"rotx":-51.04232481596772},"righthand":{"posx":0.2888548419386039,"posy":3.6036234349191396,"posz":0.0733012940548422,"roty":150.47234770905266,"rotx":-24.248755114616472},"chest":{"posx":-0.448833622168011,"posy":2.4811614202561523,"posz":0.07319237977305657,"roty":2.9932361728099295,"rotx":12.002474528898164},"sack":{"posx":0,"posy":-0.4375,"posz":0,"roty":0,"rotx":0}},"cameras":{}}