# This file was generated by Animated Java via MC-Build. It is not recommended to edit this file directly.
$data merge entity $(bone_nose) {transformation: [-1f,-0.001f,0.0006f,-0.0108f,-0.0009f,0.9994f,0.035f,4.2013f,-0.0006f,0.035f,-0.9994f,0.1395f,0f,0f,0f,1f],start_interpolation: 0,interpolation_duration: 1}
$data merge entity $(bone_glowing_eye) {transformation: [-1f,-0.001f,0.0006f,-0.1359f,-0.0009f,0.9994f,0.035f,4.2677f,-0.0006f,0.035f,-0.9994f,0.1767f,0f,0f,0f,1f],start_interpolation: 0,interpolation_duration: 1}
$data merge entity $(bone_head) {transformation: [-1f,-0.001f,0.0006f,-0.0106f,-0.0009f,0.9994f,0.035f,4.0845f,-0.0006f,0.035f,-0.9994f,-0.0519f,0f,0f,0f,1f],start_interpolation: 0,interpolation_duration: 1}
$data merge entity $(bone_leftthumb2) {transformation: [-0.9917f,-0.0041f,0.1285f,0.9205f,-0.0011f,0.9997f,0.023f,1.8463f,-0.1286f,0.0227f,-0.9914f,0.1604f,0f,0f,0f,1f],start_interpolation: 0,interpolation_duration: 1}
$data merge entity $(bone_leftthumb) {transformation: [-0.9917f,-0.0041f,0.1285f,0.9305f,-0.0011f,0.9997f,0.023f,2.0934f,-0.1286f,0.0227f,-0.9914f,0.0813f,0f,0f,0f,1f],start_interpolation: 0,interpolation_duration: 1}
$data merge entity $(bone_leftpointerfinger) {transformation: [-0.9917f,-0.0041f,0.1285f,1.0463f,-0.0011f,0.9997f,0.023f,1.7666f,-0.1286f,0.0227f,-0.9914f,0.0414f,0f,0f,0f,1f],start_interpolation: 0,interpolation_duration: 1}
$data merge entity $(bone_leftmidfinger) {transformation: [-0.9917f,-0.0041f,0.1285f,1.0664f,-0.0011f,0.9997f,0.023f,1.7702f,-0.1286f,0.0227f,-0.9914f,-0.1135f,0f,0f,0f,1f],start_interpolation: 0,interpolation_duration: 1}
$data merge entity $(bone_leftringfinger) {transformation: [-0.9917f,-0.0041f,0.1285f,1.0865f,-0.0011f,0.9997f,0.023f,1.7738f,-0.1286f,0.0227f,-0.9914f,-0.2684f,0f,0f,0f,1f],start_interpolation: 0,interpolation_duration: 1}
$data merge entity $(bone_invisibility) {transformation: [0.0071f,-0.1284f,0.9917f,0.8559f,0.9979f,0.0642f,0.0011f,1.875f,-0.0638f,0.9896f,0.1286f,0.0508f,0f,0f,0f,1f],start_interpolation: 0,interpolation_duration: 1}
$data merge entity $(bone_swiftness) {transformation: [0.1285f,-0.0041f,0.9917f,0.8289f,0.023f,0.9997f,0.0011f,1.7439f,-0.9914f,0.0227f,0.1286f,-0.1449f,0f,0f,0f,1f],start_interpolation: 0,interpolation_duration: 1}
$data merge entity $(bone_suspicious_stew) {transformation: [0.0506f,-0.1182f,0.9917f,0.8802f,0.9158f,0.4016f,0.0011f,1.8325f,-0.3984f,0.9081f,0.1286f,-0.1362f,0f,0f,0f,1f],start_interpolation: 0,interpolation_duration: 1}
$data merge entity $(bone_log) {transformation: [-0.9917f,-0.0041f,0.1285f,0.7927f,-0.0011f,0.9997f,0.023f,1.9584f,-0.1286f,0.0227f,-0.9914f,-0.1919f,0f,0f,0f,1f],start_interpolation: 0,interpolation_duration: 1}
$data merge entity $(bone_planks) {transformation: [-0.9917f,-0.0041f,0.1285f,0.6997f,-0.0011f,0.9997f,0.023f,1.9583f,-0.1286f,0.0227f,-0.9914f,-0.2039f,0f,0f,0f,1f],start_interpolation: 0,interpolation_duration: 1}
$data merge entity $(bone_lefthand1) {transformation: [-0.9917f,-0.0041f,0.1285f,1.0356f,-0.0011f,0.9997f,0.023f,2.2079f,-0.1286f,0.0227f,-0.9914f,-0.1231f,0f,0f,0f,1f],start_interpolation: 0,interpolation_duration: 1}
$data merge entity $(bone_leftforearm) {transformation: [-0.9917f,-0.0041f,0.1285f,0.9688f,-0.0011f,0.9997f,0.023f,2.9104f,-0.1286f,0.0227f,-0.9914f,-0.0997f,0f,0f,0f,1f],start_interpolation: 0,interpolation_duration: 1}
$data merge entity $(bone_leftelbow) {transformation: [-0.9943f,-0.0133f,0.1053f,0.9663f,0f,0.9921f,0.1255f,3.0964f,-0.1062f,0.1248f,-0.9865f,-0.0762f,0f,0f,0f,1f],start_interpolation: 0,interpolation_duration: 1}
$data merge entity $(bone_leftarm) {transformation: [-0.9943f,-0.0133f,0.1053f,0.7388f,0f,0.9921f,0.1255f,3.5885f,-0.1062f,0.1248f,-0.9865f,-0.0062f,0f,0f,0f,1f],start_interpolation: 0,interpolation_duration: 1}
$data merge entity $(bone_rightthumb2) {transformation: [0.6826f,-0.3641f,0.6337f,-0.5789f,0.7303f,0.3719f,-0.573f,2.6572f,-0.0271f,0.8539f,0.5198f,0.2615f,0f,0f,0f,1f],start_interpolation: 0,interpolation_duration: 1}
$data merge entity $(bone_rightthumb) {transformation: [0.6826f,-0.3641f,0.6337f,-0.614f,0.7303f,0.3719f,-0.573f,2.6995f,-0.0271f,0.8539f,0.5198f,0.5153f,0f,0f,0f,1f],start_interpolation: 0,interpolation_duration: 1}
$data merge entity $(bone_rightpointerfinger) {transformation: [0.1972f,-0.7545f,-0.626f,-0.4922f,-0.2589f,0.5758f,-0.7755f,2.5124f,0.9455f,0.315f,-0.0818f,0.7837f,0f,0f,0f,1f],start_interpolation: 0,interpolation_duration: 1}
$data merge entity $(bone_rightmidfinger) {transformation: [0.2639f,-0.7338f,-0.626f,-0.59f,-0.3094f,0.5503f,-0.7755f,2.3912f,0.9136f,0.3983f,-0.0818f,0.7709f,0f,0f,0f,1f],start_interpolation: 0,interpolation_duration: 1}
$data merge entity $(bone_rightringfinger) {transformation: [0.2581f,-0.7359f,-0.626f,-0.6878f,-0.305f,0.5527f,-0.7755f,2.2701f,0.9167f,0.3911f,-0.0818f,0.7581f,0f,0f,0f,1f],start_interpolation: 0,interpolation_duration: 1}
$data merge entity $(bone_hugeasssword) {transformation: [-1.8591f,-2.4234f,-2.4517f,-0.5798f,1.1581f,2.1846f,-3.0375f,2.4381f,3.247f,-2.1667f,-0.3204f,0.4396f,0f,0f,0f,1f],start_interpolation: 0,interpolation_duration: 1}
$data merge entity $(bone_ice) {transformation: [-0.2677f,-0.349f,-0.353f,-0.5628f,0.1668f,0.3146f,-0.4374f,2.4248f,0.4676f,-0.312f,-0.0461f,0.4353f,0f,0f,0f,1f],start_interpolation: 0,interpolation_duration: 1}
$data merge entity $(bone_righthand1) {transformation: [-0.4747f,-0.6187f,-0.626f,-0.8557f,0.2957f,0.5578f,-0.7755f,2.6139f,0.829f,-0.5532f,-0.0818f,0.5017f,0f,0f,0f,1f],start_interpolation: 0,interpolation_duration: 1}
$data merge entity $(bone_rightforearm) {transformation: [-0.4642f,-0.5192f,-0.7176f,-1.1805f,0.3178f,0.6586f,-0.6821f,3.0678f,0.8267f,-0.5447f,-0.1407f,0.0692f,0f,0f,0f,1f],start_interpolation: 0,interpolation_duration: 1}
$data merge entity $(bone_rightelbow) {transformation: [-0.8115f,0.2349f,-0.5351f,-1.1365f,0.4265f,0.864f,-0.2675f,3.2298f,0.3995f,-0.4453f,-0.8013f,-0.0143f,0f,0f,0f,1f],start_interpolation: 0,interpolation_duration: 1}
$data merge entity $(bone_rightarm) {transformation: [-0.8115f,0.385f,-0.4397f,-0.7527f,0.4265f,0.9045f,0.0047f,3.5885f,0.3995f,-0.1837f,-0.8982f,-0.1655f,0f,0f,0f,1f],start_interpolation: 0,interpolation_duration: 1}
$data merge entity $(bone_chest1) {transformation: [-1.0772f,-0.0144f,0.1141f,0.0044f,0f,1.0748f,0.136f,3.4433f,-0.115f,0.1352f,-1.0687f,-0.2147f,0f,0f,0f,1f],start_interpolation: 0,interpolation_duration: 1}
$data merge entity $(bone_chest1lid) {transformation: [-0.9943f,0.0816f,0.0679f,-0.3672f,0f,0.64f,-0.7684f,2.7162f,-0.1062f,-0.7641f,-0.6364f,0.0498f,0f,0f,0f,1f],start_interpolation: 0,interpolation_duration: 1}
$data merge entity $(bone_chest2) {transformation: [-0.9943f,-0.0133f,0.1053f,-0.3651f,0f,0.9921f,0.1255f,2.5611f,-0.1062f,0.1248f,-0.9865f,0.0303f,0f,0f,0f,1f],start_interpolation: 0,interpolation_duration: 1}
$data merge entity $(bone_chest1lid3) {transformation: [-0.9943f,-0.0133f,0.1053f,-0.2375f,0f,0.9921f,0.1255f,2.7966f,-0.1062f,0.1248f,-0.9865f,-0.5755f,0f,0f,0f,1f],start_interpolation: 0,interpolation_duration: 1}
$data merge entity $(bone_chest3) {transformation: [-0.9943f,-0.0133f,0.1053f,-0.2355f,0f,0.9921f,0.1255f,2.6416f,-0.1062f,0.1248f,-0.9865f,-0.595f,0f,0f,0f,1f],start_interpolation: 0,interpolation_duration: 1}
$data merge entity $(bone_hugeasssword2) {transformation: [-0.4125f,2.8361f,-2.6696f,-1.2082f,-0.4916f,2.6251f,2.8648f,4.6277f,3.8637f,0.6368f,0.0795f,-0.462f,0f,0f,0f,1f],start_interpolation: 0,interpolation_duration: 1}
$data merge entity $(bone_belt) {transformation: [-0.9943f,-0.0133f,0.1053f,0.0278f,0f,0.9921f,0.1255f,3.0317f,-0.1062f,0.1248f,-0.9865f,-0.1319f,0f,0f,0f,1f],start_interpolation: 0,interpolation_duration: 1}
$data merge entity $(bone_torn_part) {transformation: [-0.9943f,-0.0401f,0.0983f,-0.0913f,0f,0.9258f,0.378f,2.7523f,-0.1062f,0.3758f,-0.9206f,-0.1793f,0f,0f,0f,1f],start_interpolation: 0,interpolation_duration: 1}
$data merge entity $(bone_lowerbody) {transformation: [-0.9943f,-0.0087f,0.1058f,-0.0048f,0f,0.9966f,0.0821f,2.2541f,-0.1062f,0.0816f,-0.991f,-0.0694f,0f,0f,0f,1f],start_interpolation: 0,interpolation_duration: 1}
$data merge entity $(bone_leftfoot) {transformation: [-0.9985f,-0.0449f,-0.0298f,0.3908f,-0.049f,0.9869f,0.1536f,0.1716f,0.0225f,0.1549f,-0.9877f,-0.2885f,0f,0f,0f,1f],start_interpolation: 0,interpolation_duration: 1}
$data merge entity $(bone_leftlowerleg) {transformation: [-0.9985f,-0.0449f,-0.0298f,0.3456f,-0.049f,0.9869f,0.1536f,1.2428f,0.0225f,0.1549f,-0.9877f,0.0351f,0f,0f,0f,1f],start_interpolation: 0,interpolation_duration: 1}
$data merge entity $(bone_leftleg) {transformation: [-0.9985f,-0.0531f,-0.009f,0.2582f,-0.049f,0.9644f,-0.2599f,2.2727f,0.0225f,-0.259f,-0.9656f,-0.2143f,0f,0f,0f,1f],start_interpolation: 0,interpolation_duration: 1}
$data merge entity $(bone_rightfoot) {transformation: [-0.9873f,0.0237f,0.1571f,-0.3372f,0.0262f,0.9996f,0.0137f,0.1328f,-0.1567f,0.0177f,-0.9875f,-0.2063f,0f,0f,0f,1f],start_interpolation: 0,interpolation_duration: 1}
$data merge entity $(bone_rightlowerleg) {transformation: [-0.9873f,0.0237f,0.1571f,-0.335f,0.0262f,0.9996f,0.0137f,1.2396f,-0.1567f,0.0177f,-0.9875f,-0.035f,0f,0f,0f,1f],start_interpolation: 0,interpolation_duration: 1}
$data merge entity $(bone_rightleg) {transformation: [-0.9873f,0.0648f,0.1451f,-0.239f,0.0262f,0.9669f,-0.2537f,2.2727f,-0.1567f,-0.2467f,-0.9563f,-0.2673f,0f,0f,0f,1f],start_interpolation: 0,interpolation_duration: 1}
data modify entity @s data merge value {"cameras":{},"locators":{"lefthand":{"posx":0.8839984321584565,"posy":1.880036496996853,"posz":-0.16611341021037887,"roty":7.386736281842872,"rotx":1.320764565536424},"sword":{"posx":1.720465751202794,"posy":5.315719327903717,"posz":0.8245929346113919,"roty":277.4459588828435,"rotx":-50.8540803279133},"righthand":{"posx":-0.5878140017960167,"posy":2.4559129852448787,"posz":0.5229167599074173,"roty":277.4459588828435,"rotx":-50.8540803279133},"chest":{"posx":-0.4138581632747881,"posy":2.634538480761092,"posz":0.1928141219080553,"roty":6.09375,"rotx":7.210879646501459}}}