# This file was generated by Animated Java via MC-Build. It is not recommended to edit this file directly.
$data merge entity $(bone_nose) {transformation: [-0.9964f,-0.0808f,0.0271f,-0.1099f,-0.0721f,0.9688f,0.2371f,3.5158f,-0.0455f,0.2343f,-0.9711f,4.1181f,0f,0f,0f,1f],start_interpolation: 0,interpolation_duration: 1}
$data merge entity $(bone_glowing_eye) {transformation: [-0.9964f,-0.0808f,0.0271f,-0.2409f,-0.0721f,0.9688f,0.2371f,3.5641f,-0.0455f,0.2343f,-0.9711f,4.1622f,0f,0f,0f,1f],start_interpolation: 0,interpolation_duration: 1}
$data merge entity $(bone_head) {transformation: [-0.9964f,-0.0808f,0.0271f,-0.0948f,-0.0721f,0.9688f,0.2371f,3.4406f,-0.0455f,0.2343f,-0.9711f,3.9073f,0f,0f,0f,1f],start_interpolation: 0,interpolation_duration: 1}
$data merge entity $(bone_leftthumb2) {transformation: [-0.1673f,-0.2011f,0.9652f,1.0104f,0.7019f,0.6632f,0.2598f,2.1131f,-0.6924f,0.7209f,0.0302f,2.2414f,0f,0f,0f,1f],start_interpolation: 0,interpolation_duration: 1}
$data merge entity $(bone_leftthumb) {transformation: [-0.1673f,-0.2011f,0.9652f,1.0436f,0.7019f,0.6632f,0.2598f,2.298f,-0.6924f,0.7209f,0.0302f,2.4208f,0f,0f,0f,1f],start_interpolation: 0,interpolation_duration: 1}
$data merge entity $(bone_leftpointerfinger) {transformation: [-0.1673f,-0.2011f,0.9652f,1.1731f,0.7019f,0.6632f,0.2598f,2.0158f,-0.6924f,0.7209f,0.0302f,2.2614f,0f,0f,0f,1f],start_interpolation: 0,interpolation_duration: 1}
$data merge entity $(bone_leftmidfinger) {transformation: [-0.1673f,-0.2011f,0.9652f,1.3239f,0.7019f,0.6632f,0.2598f,2.0564f,-0.6924f,0.7209f,0.0302f,2.2661f,0f,0f,0f,1f],start_interpolation: 0,interpolation_duration: 1}
$data merge entity $(bone_leftringfinger) {transformation: [-0.1673f,-0.2011f,0.9652f,1.4747f,0.7019f,0.6632f,0.2598f,2.097f,-0.6924f,0.7209f,0.0302f,2.2708f,0f,0f,0f,1f],start_interpolation: 0,interpolation_duration: 1}
$data merge entity $(bone_invisibility) {transformation: [-0.1162f,-0.979f,0.1673f,1.0896f,0.6834f,-0.201f,-0.7019f,2.2118f,0.7208f,0.0328f,0.6924f,2.2094f,0f,0f,0f,1f],start_interpolation: 0,interpolation_duration: 1}
$data merge entity $(bone_swiftness) {transformation: [0.9652f,-0.2011f,0.1673f,1.2891f,0.2598f,0.6632f,-0.7019f,2.2072f,0.0302f,0.7209f,0.6924f,2.0814f,0f,0f,0f,1f],start_interpolation: 0,interpolation_duration: 1}
$data merge entity $(bone_suspicious_stew) {transformation: [0.2257f,-0.9597f,0.1673f,1.28f,0.7109f,0.0448f,-0.7019f,2.2294f,0.6661f,0.2773f,0.6924f,2.1813f,0f,0f,0f,1f],start_interpolation: 0,interpolation_duration: 1}
$data merge entity $(bone_log) {transformation: [-0.1673f,-0.2011f,0.9652f,1.2844f,0.7019f,0.6632f,0.2598f,2.3903f,-0.6924f,0.7209f,0.0302f,2.2079f,0f,0f,0f,1f],start_interpolation: 0,interpolation_duration: 1}
$data merge entity $(bone_planks) {transformation: [-0.1673f,-0.2011f,0.9652f,1.2687f,0.7019f,0.6632f,0.2598f,2.4561f,-0.6924f,0.7209f,0.0302f,2.143f,0f,0f,0f,1f],start_interpolation: 0,interpolation_duration: 1}
$data merge entity $(bone_lefthand1) {transformation: [-0.1673f,-0.2011f,0.9652f,1.2458f,0.7019f,0.6632f,0.2598f,2.3725f,-0.6924f,0.7209f,0.0302f,2.5603f,0f,0f,0f,1f],start_interpolation: 0,interpolation_duration: 1}
$data merge entity $(bone_leftforearm) {transformation: [-0.9633f,-0.2011f,0.1776f,1.0414f,-0.0005f,0.6632f,0.7484f,2.8271f,-0.2683f,0.7209f,-0.639f,3.0604f,0f,0f,0f,1f],start_interpolation: 0,interpolation_duration: 1}
$data merge entity $(bone_leftelbow) {transformation: [-0.9755f,-0.2192f,-0.0201f,1.0003f,-0.1146f,0.4276f,0.8967f,2.9073f,-0.1879f,0.877f,-0.4423f,3.2248f,0f,0f,0f,1f],start_interpolation: 0,interpolation_duration: 1}
$data merge entity $(bone_leftarm) {transformation: [-0.9755f,-0.2192f,-0.0201f,0.678f,-0.1146f,0.4276f,0.8967f,3.0681f,-0.1879f,0.877f,-0.4423f,3.636f,0f,0f,0f,1f],start_interpolation: 0,interpolation_duration: 1}
$data merge entity $(bone_rightthumb2) {transformation: [0.86f,-0.2985f,-0.4139f,-0.8554f,0.0949f,0.8905f,-0.445f,1.9054f,0.5014f,0.3434f,0.7942f,4.2464f,0f,0f,0f,1f],start_interpolation: 0,interpolation_duration: 1}
$data merge entity $(bone_rightthumb) {transformation: [0.86f,-0.2985f,-0.4139f,-0.964f,0.0949f,0.8905f,-0.445f,2.0858f,0.5014f,0.3434f,0.7942f,4.3985f,0f,0f,0f,1f],start_interpolation: 0,interpolation_duration: 1}
$data merge entity $(bone_rightpointerfinger) {transformation: [-0.3976f,-0.7005f,-0.5927f,-0.9639f,-0.3068f,0.7102f,-0.6336f,1.8275f,0.8647f,-0.0701f,-0.4973f,4.6333f,0f,0f,0f,1f],start_interpolation: 0,interpolation_duration: 1}
$data merge entity $(bone_rightmidfinger) {transformation: [-0.1743f,-0.7864f,-0.5927f,-1.0565f,-0.5019f,0.5888f,-0.6336f,1.7285f,0.8472f,0.187f,-0.4973f,4.5556f,0f,0f,0f,1f],start_interpolation: 0,interpolation_duration: 1}
$data merge entity $(bone_rightringfinger) {transformation: [-0.2198f,-0.7749f,-0.5927f,-1.1491f,-0.4668f,0.617f,-0.6336f,1.6295f,0.8566f,0.1374f,-0.4973f,4.4778f,0f,0f,0f,1f],start_interpolation: 0,interpolation_duration: 1}
$data merge entity $(bone_hugeasssword) {transformation: [-2.8782f,-1.2915f,-2.3212f,-0.9191f,0.6759f,2.9538f,-2.4816f,1.8457f,2.5689f,-2.2242f,-1.9478f,4.2738f,0f,0f,0f,1f],start_interpolation: 0,interpolation_duration: 1}
$data merge entity $(bone_ice) {transformation: [-1.1023f,-0.4946f,-0.889f,-0.9024f,0.2589f,1.1312f,-0.9504f,1.8313f,0.9838f,-0.8518f,-0.746f,4.2724f,0f,0f,0f,1f],start_interpolation: 0,interpolation_duration: 1}
$data merge entity $(bone_righthand1) {transformation: [-0.7349f,-0.3297f,-0.5927f,-1.1871f,0.1726f,0.7542f,-0.6336f,2.0431f,0.6559f,-0.5679f,-0.4973f,4.2788f,0f,0f,0f,1f],start_interpolation: 0,interpolation_duration: 1}
$data merge entity $(bone_rightforearm) {transformation: [-0.3433f,-0.014f,-0.9391f,-1.1608f,0.5052f,0.8402f,-0.1972f,2.6054f,0.7918f,-0.5421f,-0.2814f,3.8526f,0f,0f,0f,1f],start_interpolation: 0,interpolation_duration: 1}
$data merge entity $(bone_rightelbow) {transformation: [-0.2269f,-0.0271f,-0.9735f,-1.1659f,0.379f,0.9183f,-0.1139f,2.7776f,0.8971f,-0.3948f,-0.1981f,3.7785f,0f,0f,0f,1f],start_interpolation: 0,interpolation_duration: 1}
$data merge entity $(bone_rightarm) {transformation: [-0.2269f,0.2669f,-0.9366f,-0.9536f,0.379f,0.9101f,0.1675f,3.1445f,0.8971f,-0.317f,-0.3076f,3.4334f,0f,0f,0f,1f],start_interpolation: 0,interpolation_duration: 1}
$data merge entity $(bone_chest1) {transformation: [-1.0739f,-0.0711f,0.1235f,-0.0447f,0.0503f,0.6894f,0.8341f,3.0857f,-0.1334f,0.8326f,-0.6801f,3.3511f,0f,0f,0f,1f],start_interpolation: 0,interpolation_duration: 1}
$data merge entity $(bone_chest1lid) {transformation: [-0.9913f,-0.0656f,0.114f,-0.383f,0.0465f,0.6364f,0.77f,2.3654f,-0.1231f,0.7686f,-0.6278f,3.0294f,0f,0f,0f,1f],start_interpolation: 0,interpolation_duration: 1}
$data merge entity $(bone_chest2) {transformation: [-0.9913f,-0.0656f,0.114f,-0.3727f,0.0465f,0.6364f,0.77f,2.2659f,-0.1231f,0.7686f,-0.6278f,2.9094f,0f,0f,0f,1f],start_interpolation: 0,interpolation_duration: 1}
$data merge entity $(bone_chest1lid3) {transformation: [-0.9913f,-0.0656f,0.114f,-0.248f,0.0465f,0.6364f,0.77f,2.8557f,-0.1231f,0.7686f,-0.6278f,2.635f,0f,0f,0f,1f],start_interpolation: 0,interpolation_duration: 1}
$data merge entity $(bone_chest3) {transformation: [-0.9913f,-0.0656f,0.114f,-0.2377f,0.0465f,0.6364f,0.77f,2.7563f,-0.1231f,0.7686f,-0.6278f,2.5149f,0f,0f,0f,1f],start_interpolation: 0,interpolation_duration: 1}
$data merge entity $(bone_hugeasssword2) {transformation: [-0.4467f,2.6889f,-2.8126f,-1.312f,-3.0158f,1.5497f,1.9606f,4.0854f,2.4589f,2.3892f,1.8937f,3.9249f,0f,0f,0f,1f],start_interpolation: 0,interpolation_duration: 1}
$data merge entity $(bone_belt) {transformation: [-0.9913f,-0.0656f,0.114f,-0.0018f,0.0465f,0.6364f,0.77f,2.73f,-0.1231f,0.7686f,-0.6278f,3.1311f,0f,0f,0f,1f],start_interpolation: 0,interpolation_duration: 1}
$data merge entity $(bone_torn_part) {transformation: [-0.9913f,-0.0926f,0.0935f,-0.1058f,0.0465f,0.4183f,0.9071f,2.5557f,-0.1231f,0.9036f,-0.4104f,2.9005f,0f,0f,0f,1f],start_interpolation: 0,interpolation_duration: 1}
$data merge entity $(bone_lowerbody) {transformation: [-0.9913f,-0.0602f,0.117f,0.0039f,0.0465f,0.6717f,0.7393f,2.1192f,-0.1231f,0.7383f,-0.6631f,2.6452f,0f,0f,0f,1f],start_interpolation: 0,interpolation_duration: 1}
$data merge entity $(bone_leftfoot) {transformation: [-0.9957f,0.0652f,0.0657f,0.1269f,0.0593f,0.9944f,-0.0879f,0.1417f,-0.071f,-0.0836f,-0.994f,2.9464f,0f,0f,0f,1f],start_interpolation: 0,interpolation_duration: 1}
$data merge entity $(bone_leftlowerleg) {transformation: [-0.9957f,0.0652f,0.0657f,0.1891f,0.0593f,0.9944f,-0.0879f,1.2583f,-0.071f,-0.0836f,-0.994f,3.0064f,0f,0f,0f,1f],start_interpolation: 0,interpolation_duration: 1}
$data merge entity $(bone_leftleg) {transformation: [-0.9957f,0.0873f,0.0305f,0.25f,0.0593f,0.8555f,-0.5143f,2.1825f,-0.071f,-0.5103f,-0.857f,2.4843f,0f,0f,0f,1f],start_interpolation: 0,interpolation_duration: 1}
$data merge entity $(bone_rightfoot) {transformation: [-0.9558f,0.1271f,0.2651f,-0.6166f,0.2831f,0.6411f,0.7134f,0.6619f,-0.0793f,0.7569f,-0.6487f,1.0813f,0f,0f,0f,1f],start_interpolation: 0,interpolation_duration: 1}
$data merge entity $(bone_rightlowerleg) {transformation: [-0.9558f,0.1271f,0.2651f,-0.5164f,0.2831f,0.6411f,0.7134f,1.2635f,-0.0793f,0.7569f,-0.6487f,2.0206f,0f,0f,0f,1f],start_interpolation: 0,interpolation_duration: 1}
$data merge entity $(bone_rightleg) {transformation: [-0.9558f,0.2272f,0.1866f,-0.25f,0.2831f,0.8825f,0.3756f,2.1825f,-0.0793f,0.4118f,-0.9078f,2.4843f,0f,0f,0f,1f],start_interpolation: 0,interpolation_duration: 1}
data modify entity @s data merge value {"cameras":{},"locators":{"lefthand":{"posx":1.3006997566128788,"posy":2.2686182396290335,"posz":2.21603751040974,"roty":91.7901565522506,"rotx":15.059415464114394},"sword":{"posx":1.2284919838425712,"posy":4.181970991121292,"posz":6.184314905308123,"roty":310.0005730627448,"rotx":-39.3165165242901},"righthand":{"posx":-0.9569090472742787,"posy":1.8455565380810075,"posz":4.35050845782849,"roty":310.0005730627448,"rotx":-39.3165165242901},"chest":{"posx":-0.4276724135083754,"posy":2.2067367262659148,"posz":3.0756505186279863,"roty":10.296181470728612,"rotx":50.35215824264369}}}