# This file was generated by Animated Java via MC-Build. It is not recommended to edit this file directly.
$data merge entity $(bone_nose) {transformation: [-1f,-0.0004f,-0.0027f,-0.0163f,-0.0005f,0.9996f,0.0284f,4.1898f,0.0027f,0.0284f,-0.9996f,0.152f,0f,0f,0f,1f],start_interpolation: 0,interpolation_duration: 1}
$data merge entity $(bone_glowing_eye) {transformation: [-1f,-0.0004f,-0.0027f,-0.1412f,-0.0005f,0.9996f,0.0284f,4.2564f,0.0027f,0.0284f,-0.9996f,0.1892f,0f,0f,0f,1f],start_interpolation: 0,interpolation_duration: 1}
$data merge entity $(bone_head) {transformation: [-1f,-0.0004f,-0.0027f,-0.0167f,-0.0005f,0.9996f,0.0284f,4.0717f,0.0027f,0.0284f,-0.9996f,-0.0387f,0f,0f,0f,1f],start_interpolation: 0,interpolation_duration: 1}
$data merge entity $(bone_leftthumb2) {transformation: [-0.8995f,0.0091f,0.4369f,0.7902f,-0.1545f,0.9286f,-0.3374f,2.016f,-0.4088f,-0.371f,-0.8338f,0.9058f,0f,0f,0f,1f],start_interpolation: 0,interpolation_duration: 1}
$data merge entity $(bone_leftthumb) {transformation: [-0.8995f,0.0091f,0.4369f,0.8298f,-0.1545f,0.9286f,-0.3374f,2.2149f,-0.4088f,-0.371f,-0.8338f,0.7436f,0f,0f,0f,1f],start_interpolation: 0,interpolation_duration: 1}
$data merge entity $(bone_leftpointerfinger) {transformation: [-0.8995f,0.0091f,0.4369f,0.9457f,-0.1545f,0.9286f,-0.3374f,1.9113f,-0.4088f,-0.371f,-0.8338f,0.8709f,0f,0f,0f,1f],start_interpolation: 0,interpolation_duration: 1}
$data merge entity $(bone_leftmidfinger) {transformation: [-0.8995f,0.0091f,0.4369f,1.0139f,-0.1545f,0.9286f,-0.3374f,1.8586f,-0.4088f,-0.371f,-0.8338f,0.7406f,0f,0f,0f,1f],start_interpolation: 0,interpolation_duration: 1}
$data merge entity $(bone_leftringfinger) {transformation: [-0.8995f,0.0091f,0.4369f,1.0822f,-0.1545f,0.9286f,-0.3374f,1.8059f,-0.4088f,-0.371f,-0.8338f,0.6103f,0f,0f,0f,1f],start_interpolation: 0,interpolation_duration: 1}
$data merge entity $(bone_invisibility) {transformation: [0.0472f,-0.4344f,0.8995f,0.7643f,0.8957f,0.417f,0.1545f,1.9945f,-0.4422f,0.7983f,0.4088f,0.7797f,0f,0f,0f,1f],start_interpolation: 0,interpolation_duration: 1}
$data merge entity $(bone_swiftness) {transformation: [0.4369f,0.0091f,0.8995f,0.7982f,-0.3374f,0.9286f,0.1545f,1.7974f,-0.8338f,-0.371f,0.4088f,0.6523f,0f,0f,0f,1f],start_interpolation: 0,interpolation_duration: 1}
$data merge entity $(bone_suspicious_stew) {transformation: [0.1929f,-0.3921f,0.8995f,0.8458f,0.699f,0.6982f,0.1545f,1.8877f,-0.6886f,0.5989f,0.4088f,0.6408f,0f,0f,0f,1f],start_interpolation: 0,interpolation_duration: 1}
$data merge entity $(bone_log) {transformation: [-0.8995f,0.0091f,0.4369f,0.7831f,-0.1545f,0.9286f,-0.3374f,1.9735f,-0.4088f,-0.371f,-0.8338f,0.517f,0f,0f,0f,1f],start_interpolation: 0,interpolation_duration: 1}
$data merge entity $(bone_planks) {transformation: [-0.8995f,0.0091f,0.4369f,0.6988f,-0.1545f,0.9286f,-0.3374f,1.959f,-0.4088f,-0.371f,-0.8338f,0.4787f,0f,0f,0f,1f],start_interpolation: 0,interpolation_duration: 1}
$data merge entity $(bone_lefthand1) {transformation: [-0.8995f,0.0091f,0.4369f,0.9966f,-0.1545f,0.9286f,-0.3374f,2.2548f,-0.4088f,-0.371f,-0.8338f,0.5525f,0f,0f,0f,1f],start_interpolation: 0,interpolation_duration: 1}
$data merge entity $(bone_leftforearm) {transformation: [-0.9842f,0.0091f,0.1767f,0.9388f,-0.0572f,0.9286f,-0.3666f,2.9098f,-0.1674f,-0.371f,-0.9134f,0.2955f,0f,0f,0f,1f],start_interpolation: 0,interpolation_duration: 1}
$data merge entity $(bone_leftelbow) {transformation: [-0.9925f,-0.0035f,0.1221f,0.9381f,-0.0341f,0.9677f,-0.2499f,3.0913f,-0.1173f,-0.2522f,-0.9605f,0.2482f,0f,0f,0f,1f],start_interpolation: 0,interpolation_duration: 1}
$data merge entity $(bone_leftarm) {transformation: [-0.9925f,-0.0035f,0.1221f,0.7155f,-0.0341f,0.9677f,-0.2499f,3.5755f,-0.1173f,-0.2522f,-0.9605f,0.1265f,0f,0f,0f,1f],start_interpolation: 0,interpolation_duration: 1}
$data merge entity $(bone_rightthumb2) {transformation: [0.639f,-0.7525f,0.1595f,-0.8825f,0.6167f,0.3773f,-0.6909f,2.5464f,0.4598f,0.5399f,0.7051f,0.182f,0f,0f,0f,1f],start_interpolation: 0,interpolation_duration: 1}
$data merge entity $(bone_rightthumb) {transformation: [0.639f,-0.7525f,0.1595f,-1.0534f,0.6167f,0.3773f,-0.6909f,2.5799f,0.4598f,0.5399f,0.7051f,0.3746f,0f,0f,0f,1f],start_interpolation: 0,interpolation_duration: 1}
$data merge entity $(bone_rightpointerfinger) {transformation: [-0.3491f,-0.769f,-0.5355f,-1.1148f,-0.3952f,0.639f,-0.6599f,2.3528f,0.8496f,-0.0187f,-0.527f,0.6325f,0f,0f,0f,1f],start_interpolation: 0,interpolation_duration: 1}
$data merge entity $(bone_rightmidfinger) {transformation: [-0.2771f,-0.7978f,-0.5355f,-1.1985f,-0.4522f,0.6001f,-0.6599f,2.2497f,0.8478f,0.0592f,-0.527f,0.5501f,0f,0f,0f,1f],start_interpolation: 0,interpolation_duration: 1}
$data merge entity $(bone_rightringfinger) {transformation: [-0.2898f,-0.7933f,-0.5355f,-1.2821f,-0.4426f,0.6072f,-0.6599f,2.1466f,0.8486f,0.0458f,-0.527f,0.4678f,0f,0f,0f,1f],start_interpolation: 0,interpolation_duration: 1}
$data merge entity $(bone_hugeasssword) {transformation: [-3.2437f,-0.648f,-2.0974f,-1.0037f,1.1284f,2.7178f,-2.5847f,2.3244f,1.883f,-2.7448f,-2.0641f,0.2883f,0f,0f,0f,1f],start_interpolation: 0,interpolation_duration: 1}
$data merge entity $(bone_ice) {transformation: [-1.0534f,-0.2104f,-0.6812f,-0.9882f,0.3665f,0.8827f,-0.8394f,2.3091f,0.6115f,-0.8914f,-0.6704f,0.2918f,0f,0f,0f,1f],start_interpolation: 0,interpolation_duration: 1}
$data merge entity $(bone_righthand1) {transformation: [-0.8282f,-0.1654f,-0.5355f,-1.2533f,0.2881f,0.6939f,-0.6599f,2.5339f,0.4808f,-0.7008f,-0.527f,0.2203f,0f,0f,0f,1f],start_interpolation: 0,interpolation_duration: 1}
$data merge entity $(bone_rightforearm) {transformation: [-0.8f,-0.0606f,-0.597f,-1.2366f,0.3349f,0.7804f,-0.5281f,3.07f,0.4979f,-0.6224f,-0.604f,-0.239f,0f,0f,0f,1f],start_interpolation: 0,interpolation_duration: 1}
$data merge entity $(bone_rightelbow) {transformation: [-0.8719f,0.3991f,-0.2836f,-1.1618f,0.4445f,0.8881f,-0.1169f,3.2365f,0.2053f,-0.228f,-0.9518f,-0.2818f,0f,0f,0f,1f],start_interpolation: 0,interpolation_duration: 1}
$data merge entity $(bone_rightarm) {transformation: [-0.8719f,0.4659f,-0.1505f,-0.7334f,0.4445f,0.8822f,0.1556f,3.5755f,0.2053f,0.0688f,-0.9763f,-0.2618f,0f,0f,0f,1f],start_interpolation: 0,interpolation_duration: 1}
$data merge entity $(bone_chest1) {transformation: [-1.0464f,-0.0329f,0.2785f,0.0219f,0f,1.0759f,0.127f,3.4292f,-0.2804f,0.1227f,-1.0392f,-0.192f,0f,0f,0f,1f],start_interpolation: 0,interpolation_duration: 1}
$data merge entity $(bone_chest1lid) {transformation: [-0.9659f,0.193f,0.1724f,-0.3877f,0f,0.6661f,-0.7458f,2.7046f,-0.2588f,-0.7204f,-0.6435f,0.0176f,0f,0f,0f,1f],start_interpolation: 0,interpolation_duration: 1}
$data merge entity $(bone_chest2) {transformation: [-0.9659f,-0.0303f,0.257f,-0.383f,0f,0.9931f,0.1172f,2.5494f,-0.2588f,0.1133f,-0.9593f,-0.0001f,0f,0f,0f,1f],start_interpolation: 0,interpolation_duration: 1}
$data merge entity $(bone_chest1lid3) {transformation: [-0.9659f,-0.0303f,0.257f,-0.1627f,0f,0.9931f,0.1172f,2.7797f,-0.2588f,0.1133f,-0.9593f,-0.5807f,0f,0f,0f,1f],start_interpolation: 0,interpolation_duration: 1}
$data merge entity $(bone_chest3) {transformation: [-0.9659f,-0.0303f,0.257f,-0.1579f,0f,0.9931f,0.1172f,2.6245f,-0.2588f,0.1133f,-0.9593f,-0.5984f,0f,0f,0f,1f],start_interpolation: 0,interpolation_duration: 1}
$data merge entity $(bone_hugeasssword2) {transformation: [-1.0067f,2.709f,-2.6435f,-1.1352f,-0.4592f,2.6278f,2.8678f,4.6125f,3.7571f,1.0471f,-0.3578f,-0.6336f,0f,0f,0f,1f],start_interpolation: 0,interpolation_duration: 1}
$data merge entity $(bone_belt) {transformation: [-0.9659f,-0.0303f,0.257f,0.0313f,0f,0.9931f,0.1172f,3.0182f,-0.2588f,0.1133f,-0.9593f,-0.1032f,0f,0f,0f,1f],start_interpolation: 0,interpolation_duration: 1}
$data merge entity $(bone_torn_part) {transformation: [-0.9659f,-0.0958f,0.2404f,-0.0796f,0f,0.929f,0.3701f,2.7385f,-0.2588f,0.3574f,-0.8974f,-0.1662f,0f,0f,0f,1f],start_interpolation: 0,interpolation_duration: 1}
$data merge entity $(bone_lowerbody) {transformation: [-0.9659f,-0.019f,0.2581f,-0.0123f,0f,0.9973f,0.0736f,2.2412f,-0.2588f,0.0711f,-0.9633f,-0.0402f,0f,0f,0f,1f],start_interpolation: 0,interpolation_duration: 1}
$data merge entity $(bone_leftfoot) {transformation: [-0.9977f,-0.0418f,-0.0526f,0.403f,-0.0534f,0.9683f,0.244f,0.1796f,0.0407f,0.2463f,-0.9683f,-0.3763f,0f,0f,0f,1f],start_interpolation: 0,interpolation_duration: 1}
$data merge entity $(bone_leftlowerleg) {transformation: [-0.9977f,-0.0418f,-0.0526f,0.3648f,-0.0534f,0.9683f,0.244f,1.2163f,0.0407f,0.2463f,-0.9683f,0.0457f,0f,0f,0f,1f],start_interpolation: 0,interpolation_duration: 1}
$data merge entity $(bone_leftleg) {transformation: [-0.9977f,-0.0606f,-0.029f,0.27f,-0.0534f,0.9774f,-0.2046f,2.2584f,0.0407f,-0.2026f,-0.9784f,-0.1428f,0f,0f,0f,1f],start_interpolation: 0,interpolation_duration: 1}
$data merge entity $(bone_rightfoot) {transformation: [-0.9315f,0.0119f,0.3635f,-0.2871f,0.0021f,0.9996f,-0.0273f,0.1089f,-0.3637f,-0.0246f,-0.9312f,-0.1808f,0f,0f,0f,1f],start_interpolation: 0,interpolation_duration: 1}
$data merge entity $(bone_rightlowerleg) {transformation: [-0.9315f,0.0119f,0.3635f,-0.3297f,0.0021f,0.9996f,-0.0273f,1.222f,-0.3637f,-0.0246f,-0.9312f,-0.0651f,0f,0f,0f,1f],start_interpolation: 0,interpolation_duration: 1}
$data merge entity $(bone_rightleg) {transformation: [-0.9315f,0.0911f,0.3521f,-0.213f,0.0021f,0.9694f,-0.2453f,2.2584f,-0.3637f,-0.2277f,-0.9032f,-0.2722f,0f,0f,0f,1f],start_interpolation: 0,interpolation_duration: 1}
data modify entity @s data merge value {"cameras":{},"locators":{"lefthand":{"posx":0.8599202611627603,"posy":1.9206568574323986,"posz":0.5973359835036556,"roty":27.65266789629149,"rotx":-19.71783910379923},"sword":{"posx":0.9198109377392154,"posy":4.768971342995189,"posz":2.2993817457120365,"roty":314.5421460538587,"rotx":-41.293212044751435},"righthand":{"posx":-1.0548737989667338,"posy":2.3355434113164377,"posz":0.356007118434468,"roty":314.5421460538587,"rotx":-41.293212044751435},"chest":{"posx":-0.4561461490279636,"posy":2.6241657022571476,"posz":0.15233905191564234,"roty":15,"rotx":6.733210641399419}}}