# This file was generated by Animated Java via MC-Build. It is not recommended to edit this file directly.
$data merge entity $(bone_nose) {transformation: [-0.9999f,-0.0101f,0.0008f,-0.0367f,-0.0101f,0.9998f,0.0198f,3.835f,-0.001f,0.0198f,-0.9998f,1.6624f,0f,0f,0f,1f],start_interpolation: 0,interpolation_duration: 1}
$data merge entity $(bone_glowing_eye) {transformation: [-0.9999f,-0.0101f,0.0008f,-0.1624f,-0.0101f,0.9998f,0.0198f,3.9007f,-0.001f,0.0198f,-0.9998f,1.6985f,0f,0f,0f,1f],start_interpolation: 0,interpolation_duration: 1}
$data merge entity $(bone_head) {transformation: [-0.9999f,-0.0101f,0.0008f,-0.0353f,-0.0101f,0.9998f,0.0198f,3.7152f,-0.001f,0.0198f,-0.9998f,1.4728f,0f,0f,0f,1f],start_interpolation: 0,interpolation_duration: 1}
$data merge entity $(bone_leftthumb2) {transformation: [-0.9829f,-0.0283f,0.1819f,0.9694f,-0.1375f,0.7699f,-0.6231f,1.9374f,-0.1224f,-0.6375f,-0.7607f,2.3402f,0f,0f,0f,1f],start_interpolation: 0,interpolation_duration: 1}
$data merge entity $(bone_leftthumb) {transformation: [-0.9829f,-0.0283f,0.1819f,0.978f,-0.1375f,0.7699f,-0.6231f,2.073f,-0.1224f,-0.6375f,-0.7607f,2.1189f,0f,0f,0f,1f],start_interpolation: 0,interpolation_duration: 1}
$data merge entity $(bone_leftpointerfinger) {transformation: [-0.9829f,-0.0283f,0.1819f,1.1033f,-0.1375f,0.7699f,-0.6231f,1.8062f,-0.1224f,-0.6375f,-0.7607f,2.3058f,0f,0f,0f,1f],start_interpolation: 0,interpolation_duration: 1}
$data merge entity $(bone_leftmidfinger) {transformation: [-0.9829f,-0.0283f,0.1819f,1.1317f,-0.1375f,0.7699f,-0.6231f,1.7088f,-0.1224f,-0.6375f,-0.7607f,2.1869f,0f,0f,0f,1f],start_interpolation: 0,interpolation_duration: 1}
$data merge entity $(bone_leftringfinger) {transformation: [-0.9829f,-0.0283f,0.1819f,1.1601f,-0.1375f,0.7699f,-0.6231f,1.6114f,-0.1224f,-0.6375f,-0.7607f,2.0681f,0f,0f,0f,1f],start_interpolation: 0,interpolation_duration: 1}
$data merge entity $(bone_invisibility) {transformation: [-0.0123f,-0.1837f,0.9829f,0.9102f,0.7127f,0.6879f,0.1375f,1.8841f,-0.7014f,0.7022f,0.1224f,2.2369f,0f,0f,0f,1f],start_interpolation: 0,interpolation_duration: 1}
$data merge entity $(bone_swiftness) {transformation: [0.1819f,-0.0283f,0.9829f,0.897f,-0.6231f,0.7699f,0.1375f,1.6558f,-0.7607f,-0.6375f,0.1224f,2.1742f,0f,0f,0f,1f],start_interpolation: 0,interpolation_duration: 1}
$data merge entity $(bone_suspicious_stew) {transformation: [0.0512f,-0.1768f,0.9829f,0.9457f,0.4344f,0.8901f,0.1375f,1.7311f,-0.8992f,0.42f,0.1224f,2.1241f,0f,0f,0f,1f],start_interpolation: 0,interpolation_duration: 1}
$data merge entity $(bone_log) {transformation: [-0.9829f,-0.0283f,0.1819f,0.8585f,-0.1375f,0.7699f,-0.6231f,1.7853f,-0.1224f,-0.6375f,-0.7607f,1.9973f,0f,0f,0f,1f],start_interpolation: 0,interpolation_duration: 1}
$data merge entity $(bone_planks) {transformation: [-0.9829f,-0.0283f,0.1819f,0.7663f,-0.1375f,0.7699f,-0.6231f,1.7724f,-0.1224f,-0.6375f,-0.7607f,1.9858f,0f,0f,0f,1f],start_interpolation: 0,interpolation_duration: 1}
$data merge entity $(bone_lefthand1) {transformation: [-0.9829f,-0.0283f,0.1819f,1.0915f,-0.1375f,0.7699f,-0.6231f,2.0316f,-0.1224f,-0.6375f,-0.7607f,1.8923f,0f,0f,0f,1f],start_interpolation: 0,interpolation_duration: 1}
$data merge entity $(bone_leftforearm) {transformation: [-0.9829f,-0.0283f,0.1819f,1.0073f,-0.1375f,0.7699f,-0.6231f,2.5741f,-0.1224f,-0.6375f,-0.7607f,1.4483f,0f,0f,0f,1f],start_interpolation: 0,interpolation_duration: 1}
$data merge entity $(bone_leftelbow) {transformation: [-0.995f,-0.0991f,0.0105f,0.9887f,-0.0996f,0.9869f,-0.1273f,2.7592f,0.0023f,-0.1277f,-0.9918f,1.4244f,0f,0f,0f,1f],start_interpolation: 0,interpolation_duration: 1}
$data merge entity $(bone_leftarm) {transformation: [-0.995f,-0.0991f,0.0105f,0.7212f,-0.0996f,0.9869f,-0.1273f,3.2348f,0.0023f,-0.1277f,-0.9918f,1.392f,0f,0f,0f,1f],start_interpolation: 0,interpolation_duration: 1}
$data merge entity $(bone_rightthumb2) {transformation: [-0.8626f,-0.0534f,0.5031f,-1.0466f,-0.1691f,0.9677f,-0.187f,1.5919f,-0.4769f,-0.2464f,-0.8437f,1.4559f,0f,0f,0f,1f],start_interpolation: 0,interpolation_duration: 1}
$data merge entity $(bone_rightthumb) {transformation: [-0.8626f,-0.0534f,0.5031f,-1.0167f,-0.1691f,0.9677f,-0.187f,1.8132f,-0.4769f,-0.2464f,-0.8437f,1.3233f,0f,0f,0f,1f],start_interpolation: 0,interpolation_duration: 1}
$data merge entity $(bone_rightpointerfinger) {transformation: [-0.8626f,-0.0534f,0.5031f,-1.0699f,-0.1691f,0.9677f,-0.187f,1.4684f,-0.4769f,-0.2464f,-0.8437f,1.3125f,0f,0f,0f,1f],start_interpolation: 0,interpolation_duration: 1}
$data merge entity $(bone_rightmidfinger) {transformation: [-0.8626f,-0.0534f,0.5031f,-0.9913f,-0.1691f,0.9677f,-0.187f,1.4392f,-0.4769f,-0.2464f,-0.8437f,1.1806f,0f,0f,0f,1f],start_interpolation: 0,interpolation_duration: 1}
$data merge entity $(bone_rightringfinger) {transformation: [-0.8626f,-0.0534f,0.5031f,-0.9127f,-0.1691f,0.9677f,-0.187f,1.41f,-0.4769f,-0.2464f,-0.8437f,1.0488f,0f,0f,0f,1f],start_interpolation: 0,interpolation_duration: 1}
$data merge entity $(bone_hugeasssword) {transformation: [-3.3783f,-0.2093f,1.9706f,-0.7809f,-0.6621f,3.7901f,-0.7326f,1.6836f,-1.8678f,-0.965f,-3.3046f,1.2704f,0f,0f,0f,1f],start_interpolation: 0,interpolation_duration: 1}
$data merge entity $(bone_ice) {transformation: [-1.2938f,-0.0802f,0.7547f,-0.7666f,-0.2536f,1.4515f,-0.2806f,1.6711f,-0.7153f,-0.3696f,-1.2656f,1.2817f,0f,0f,0f,1f],start_interpolation: 0,interpolation_duration: 1}
$data merge entity $(bone_righthand1) {transformation: [-0.8626f,-0.0534f,0.5031f,-0.9799f,-0.1691f,0.9677f,-0.187f,1.8649f,-0.4769f,-0.2464f,-0.8437f,1.0746f,0f,0f,0f,1f],start_interpolation: 0,interpolation_duration: 1}
$data merge entity $(bone_rightforearm) {transformation: [-0.9931f,-0.0341f,0.1121f,-0.9435f,-0.0284f,0.9982f,0.0522f,2.5678f,-0.1136f,0.0486f,-0.9923f,1.1314f,0f,0f,0f,1f],start_interpolation: 0,interpolation_duration: 1}
$data merge entity $(bone_rightelbow) {transformation: [-0.9922f,-0.0338f,0.1196f,-0.9498f,-0.0287f,0.9986f,0.0443f,2.755f,-0.1209f,0.0405f,-0.9918f,1.139f,0f,0f,0f,1f],start_interpolation: 0,interpolation_duration: 1}
$data merge entity $(bone_rightarm) {transformation: [-0.9922f,-0.0682f,0.1039f,-0.7701f,-0.0287f,0.9391f,0.3425f,3.2201f,-0.1209f,0.3369f,-0.9337f,1.363f,0f,0f,0f,1f],start_interpolation: 0,interpolation_duration: 1}
$data merge entity $(bone_chest1) {transformation: [-1.0831f,-0.0155f,0.0178f,-0.0269f,-0.0107f,1.0495f,0.2684f,3.0993f,-0.0211f,0.2681f,-1.0494f,1.2311f,0f,0f,0f,1f],start_interpolation: 0,interpolation_duration: 1}
$data merge entity $(bone_chest1lid) {transformation: [-0.9998f,-0.0143f,0.0164f,-0.3648f,-0.0098f,0.9688f,0.2477f,2.3369f,-0.0194f,0.2475f,-0.9687f,1.4344f,0f,0f,0f,1f],start_interpolation: 0,interpolation_duration: 1}
$data merge entity $(bone_chest2) {transformation: [-0.9998f,-0.0143f,0.0164f,-0.3626f,-0.0098f,0.9688f,0.2477f,2.1856f,-0.0194f,0.2475f,-0.9687f,1.3957f,0f,0f,0f,1f],start_interpolation: 0,interpolation_duration: 1}
$data merge entity $(bone_chest1lid3) {transformation: [-0.9998f,-0.0143f,0.0164f,-0.2918f,-0.0098f,0.9688f,0.2477f,2.4962f,-0.0194f,0.2475f,-0.9687f,0.815f,0f,0f,0f,1f],start_interpolation: 0,interpolation_duration: 1}
$data merge entity $(bone_chest3) {transformation: [-0.9998f,-0.0143f,0.0164f,-0.2896f,-0.0098f,0.9688f,0.2477f,2.3449f,-0.0194f,0.2475f,-0.9687f,0.7763f,0f,0f,0f,1f],start_interpolation: 0,interpolation_duration: 1}
$data merge entity $(bone_hugeasssword2) {transformation: [-0.0642f,2.849f,-2.6869f,-1.2709f,-0.9703f,2.5919f,2.7715f,4.2769f,3.794f,0.711f,0.6633f,1.2377f,0f,0f,0f,1f],start_interpolation: 0,interpolation_duration: 1}
$data merge entity $(bone_belt) {transformation: [-0.9998f,-0.0143f,0.0164f,0.0087f,-0.0098f,0.9688f,0.2477f,2.6813f,-0.0194f,0.2475f,-0.9687f,1.2599f,0f,0f,0f,1f],start_interpolation: 0,interpolation_duration: 1}
$data merge entity $(bone_torn_part) {transformation: [-0.9998f,-0.0186f,0.0113f,-0.1105f,-0.0098f,0.8497f,0.5272f,2.4052f,-0.0194f,0.5269f,-0.8497f,1.182f,0f,0f,0f,1f],start_interpolation: 0,interpolation_duration: 1}
$data merge entity $(bone_lowerbody) {transformation: [-0.9998f,-0.0143f,0.0164f,-0.0082f,-0.0098f,0.9689f,0.2473f,1.8983f,-0.0194f,0.2471f,-0.9688f,1.1995f,0f,0f,0f,1f],start_interpolation: 0,interpolation_duration: 1}
$data merge entity $(bone_leftfoot) {transformation: [-0.9921f,-0.0357f,0.1203f,0.2517f,-0.0391f,0.9989f,-0.0264f,0.3349f,-0.1193f,-0.0309f,-0.9924f,1.8938f,0f,0f,0f,1f],start_interpolation: 0,interpolation_duration: 1}
$data merge entity $(bone_leftlowerleg) {transformation: [-0.9921f,-0.0357f,0.1203f,0.1937f,-0.0391f,0.9989f,-0.0264f,1.4471f,-0.1193f,-0.0309f,-0.9924f,2.012f,0f,0f,0f,1f],start_interpolation: 0,interpolation_duration: 1}
$data merge entity $(bone_leftleg) {transformation: [-0.9921f,0.0918f,0.0856f,0.258f,-0.0391f,0.422f,-0.9057f,1.9178f,-0.1193f,-0.9019f,-0.4151f,1.0608f,0f,0f,0f,1f],start_interpolation: 0,interpolation_duration: 1}
$data merge entity $(bone_rightfoot) {transformation: [-0.9879f,-0.0729f,0.1365f,-0.3145f,-0.0069f,0.902f,0.4316f,0.3115f,-0.1546f,0.4255f,-0.8917f,1.1918f,0f,0f,0f,1f],start_interpolation: 0,interpolation_duration: 1}
$data merge entity $(bone_rightlowerleg) {transformation: [-0.9879f,-0.0729f,0.1365f,-0.4164f,-0.0069f,0.902f,0.4316f,1.2459f,-0.1546f,0.4255f,-0.8917f,1.8008f,0f,0f,0f,1f],start_interpolation: 0,interpolation_duration: 1}
$data merge entity $(bone_rightleg) {transformation: [-0.9729f,0.1439f,0.1811f,-0.2378f,-0.0565f,0.6114f,-0.7893f,1.9178f,-0.2243f,-0.7781f,-0.5867f,0.9963f,0f,0f,0f,1f],start_interpolation: 0,interpolation_duration: 1}
data modify entity @s data merge value {"cameras":{},"locators":{"lefthand":{"posx":0.950007514031058,"posy":1.747762858303279,"posz":2.0704677433301812,"roty":13.449011139116692,"rotx":-38.54538325309516},"sword":{"posx":-2.7097717899045204,"posy":2.332777177998987,"posz":4.365297931959278,"roty":30.80858624590303,"rotx":-10.780365889516313},"righthand":{"posx":-0.854470797654502,"posy":1.6430498706465406,"posz":1.2540617275465624,"roty":30.80858624590303,"rotx":-10.780365889516313},"chest":{"posx":-0.3977432199409436,"posy":2.23736836928175,"posz":1.5696551647530392,"roty":0.9697286972750874,"rotx":14.34296254237248}}}