# This file was generated by Animated Java via MC-Build. It is not recommended to edit this file directly.
$data merge entity $(bone_nose) {transformation: [-0.9995f,-0.0026f,0.0321f,-0.0331f,-0.0042f,0.9988f,-0.0488f,3.9066f,-0.0319f,-0.0489f,-0.9983f,1.1317f,0f,0f,0f,1f],start_interpolation: 0,interpolation_duration: 1}
$data merge entity $(bone_glowing_eye) {transformation: [-0.9995f,-0.0026f,0.0321f,-0.1593f,-0.0042f,0.9988f,-0.0488f,3.9754f,-0.0319f,-0.0489f,-0.9983f,1.1593f,0f,0f,0f,1f],start_interpolation: 0,interpolation_duration: 1}
$data merge entity $(bone_head) {transformation: [-0.9995f,-0.0026f,0.0321f,-0.0268f,-0.0042f,0.9988f,-0.0488f,3.7741f,-0.0319f,-0.0489f,-0.9983f,0.9508f,0f,0f,0f,1f],start_interpolation: 0,interpolation_duration: 1}
$data merge entity $(bone_leftthumb2) {transformation: [-0.9848f,-0.0032f,0.1739f,0.932f,-0.1082f,0.7938f,-0.5985f,1.9481f,-0.1361f,-0.6082f,-0.782f,1.8828f,0f,0f,0f,1f],start_interpolation: 0,interpolation_duration: 1}
$data merge entity $(bone_leftthumb) {transformation: [-0.9848f,-0.0032f,0.1739f,0.9461f,-0.1082f,0.7938f,-0.5985f,2.0916f,-0.1361f,-0.6082f,-0.782f,1.6668f,0f,0f,0f,1f],start_interpolation: 0,interpolation_duration: 1}
$data merge entity $(bone_leftpointerfinger) {transformation: [-0.9848f,-0.0032f,0.1739f,1.063f,-0.1082f,0.7938f,-0.5985f,1.8149f,-0.1361f,-0.6082f,-0.782f,1.8446f,0f,0f,0f,1f],start_interpolation: 0,interpolation_duration: 1}
$data merge entity $(bone_leftmidfinger) {transformation: [-0.9848f,-0.0032f,0.1739f,1.0901f,-0.1082f,0.7938f,-0.5985f,1.7214f,-0.1361f,-0.6082f,-0.782f,1.7224f,0f,0f,0f,1f],start_interpolation: 0,interpolation_duration: 1}
$data merge entity $(bone_leftringfinger) {transformation: [-0.9848f,-0.0032f,0.1739f,1.1173f,-0.1082f,0.7938f,-0.5985f,1.6279f,-0.1361f,-0.6082f,-0.782f,1.6002f,0f,0f,0f,1f],start_interpolation: 0,interpolation_duration: 1}
$data merge entity $(bone_invisibility) {transformation: [0.012f,-0.1735f,0.9848f,0.8726f,0.7386f,0.6654f,0.1082f,1.9002f,-0.6741f,0.726f,0.1361f,1.777f,0f,0f,0f,1f],start_interpolation: 0,interpolation_duration: 1}
$data merge entity $(bone_swiftness) {transformation: [0.1739f,-0.0032f,0.9848f,0.8543f,-0.5985f,0.7938f,0.1082f,1.6748f,-0.782f,-0.6082f,0.1361f,1.7056f,0f,0f,0f,1f],start_interpolation: 0,interpolation_duration: 1}
$data merge entity $(bone_suspicious_stew) {transformation: [0.0706f,-0.1589f,0.9848f,0.9053f,0.4664f,0.8779f,0.1082f,1.7507f,-0.8817f,0.4517f,0.1361f,1.6589f,0f,0f,0f,1f],start_interpolation: 0,interpolation_duration: 1}
$data merge entity $(bone_log) {transformation: [-0.9848f,-0.0032f,0.1739f,0.8207f,-0.1082f,0.7938f,-0.5985f,1.8117f,-0.1361f,-0.6082f,-0.782f,1.5334f,0f,0f,0f,1f],start_interpolation: 0,interpolation_duration: 1}
$data merge entity $(bone_planks) {transformation: [-0.9848f,-0.0032f,0.1739f,0.7284f,-0.1082f,0.7938f,-0.5985f,1.8016f,-0.1361f,-0.6082f,-0.782f,1.5207f,0f,0f,0f,1f],start_interpolation: 0,interpolation_duration: 1}
$data merge entity $(bone_lefthand1) {transformation: [-0.9848f,-0.0032f,0.1739f,1.0607f,-0.1082f,0.7938f,-0.5985f,2.0559f,-0.1361f,-0.6082f,-0.782f,1.4398f,0f,0f,0f,1f],start_interpolation: 0,interpolation_duration: 1}
$data merge entity $(bone_leftforearm) {transformation: [-0.9848f,-0.0032f,0.1739f,0.9942f,-0.1082f,0.7938f,-0.5985f,2.6166f,-0.1361f,-0.6082f,-0.782f,1.0159f,0f,0f,0f,1f],start_interpolation: 0,interpolation_duration: 1}
$data merge entity $(bone_leftelbow) {transformation: [-0.9969f,-0.0688f,0.039f,0.9813f,-0.0737f,0.9874f,-0.1402f,2.8018f,-0.0289f,-0.1426f,-0.9894f,0.9891f,0f,0f,0f,1f],start_interpolation: 0,interpolation_duration: 1}
$data merge entity $(bone_leftarm) {transformation: [-0.9969f,-0.0688f,0.039f,0.7276f,-0.0737f,0.9874f,-0.1402f,3.2837f,-0.0289f,-0.1426f,-0.9894f,0.9424f,0f,0f,0f,1f],start_interpolation: 0,interpolation_duration: 1}
$data merge entity $(bone_rightthumb2) {transformation: [-0.884f,-0.0441f,0.4653f,-1.0289f,-0.1748f,0.9545f,-0.2415f,1.6519f,-0.4335f,-0.2948f,-0.8515f,1.0648f,0f,0f,0f,1f],start_interpolation: 0,interpolation_duration: 1}
$data merge entity $(bone_rightthumb) {transformation: [-0.884f,-0.0441f,0.4653f,-1f,-0.1748f,0.9545f,-0.2415f,1.8654f,-0.4335f,-0.2948f,-0.8515f,0.9197f,0f,0f,0f,1f],start_interpolation: 0,interpolation_duration: 1}
$data merge entity $(bone_rightpointerfinger) {transformation: [-0.884f,-0.0441f,0.4653f,-1.0604f,-0.1748f,0.9545f,-0.2415f,1.5217f,-0.4335f,-0.2948f,-0.8515f,0.9291f,0f,0f,0f,1f],start_interpolation: 0,interpolation_duration: 1}
$data merge entity $(bone_rightmidfinger) {transformation: [-0.884f,-0.0441f,0.4653f,-0.9877f,-0.1748f,0.9545f,-0.2415f,1.484f,-0.4335f,-0.2948f,-0.8515f,0.796f,0f,0f,0f,1f],start_interpolation: 0,interpolation_duration: 1}
$data merge entity $(bone_rightringfinger) {transformation: [-0.884f,-0.0441f,0.4653f,-0.915f,-0.1748f,0.9545f,-0.2415f,1.4462f,-0.4335f,-0.2948f,-0.8515f,0.663f,0f,0f,0f,1f],start_interpolation: 0,interpolation_duration: 1}
$data merge entity $(bone_hugeasssword) {transformation: [-3.4625f,-0.1729f,1.8226f,-0.7691f,-0.6845f,3.7386f,-0.9459f,1.7281f,-1.698f,-1.1548f,-3.3352f,0.8646f,0f,0f,0f,1f],start_interpolation: 0,interpolation_duration: 1}
$data merge entity $(bone_ice) {transformation: [-1.326f,-0.0662f,0.698f,-0.7546f,-0.2622f,1.4318f,-0.3623f,1.7159f,-0.6503f,-0.4422f,-1.2773f,0.876f,0f,0f,0f,1f],start_interpolation: 0,interpolation_duration: 1}
$data merge entity $(bone_righthand1) {transformation: [-0.884f,-0.0441f,0.4653f,-0.9721f,-0.1748f,0.9545f,-0.2415f,1.9033f,-0.4335f,-0.2948f,-0.8515f,0.6673f,0f,0f,0f,1f],start_interpolation: 0,interpolation_duration: 1}
$data merge entity $(bone_rightforearm) {transformation: [-0.9893f,-0.0299f,0.1429f,-0.9335f,-0.0331f,0.9993f,-0.0198f,2.6083f,-0.1422f,-0.0243f,-0.9895f,0.6746f,0f,0f,0f,1f],start_interpolation: 0,interpolation_duration: 1}
$data merge entity $(bone_rightelbow) {transformation: [-0.9882f,-0.0294f,0.1502f,-0.939f,-0.0339f,0.999f,-0.0275f,2.7956f,-0.1493f,-0.0322f,-0.9883f,0.6685f,0f,0f,0f,1f],start_interpolation: 0,interpolation_duration: 1}
$data merge entity $(bone_rightarm) {transformation: [-0.9882f,-0.0732f,0.1344f,-0.7637f,-0.0339f,0.9611f,0.2742f,3.2749f,-0.1493f,0.2664f,-0.9522f,0.8642f,0f,0f,0f,1f],start_interpolation: 0,interpolation_duration: 1}
$data merge entity $(bone_chest1) {transformation: [-1.0818f,-0.015f,0.0551f,-0.0159f,-0.0064f,1.0705f,0.1659f,3.1377f,-0.0568f,0.1653f,-1.0691f,0.7699f,0f,0f,0f,1f],start_interpolation: 0,interpolation_duration: 1}
$data merge entity $(bone_chest1lid) {transformation: [-0.9986f,-0.0138f,0.0509f,-0.3673f,-0.0059f,0.9882f,0.1531f,2.4004f,-0.0524f,0.1526f,-0.9869f,1.0339f,0f,0f,0f,1f],start_interpolation: 0,interpolation_duration: 1}
$data merge entity $(bone_chest2) {transformation: [-0.9986f,-0.0138f,0.0509f,-0.3651f,-0.0059f,0.9882f,0.1531f,2.246f,-0.0524f,0.1526f,-0.9869f,1.0101f,0f,0f,0f,1f],start_interpolation: 0,interpolation_duration: 1}
$data merge entity $(bone_chest1lid3) {transformation: [-0.9986f,-0.0138f,0.0509f,-0.2723f,-0.0059f,0.9882f,0.1531f,2.4989f,-0.0524f,0.1526f,-0.9869f,0.405f,0f,0f,0f,1f],start_interpolation: 0,interpolation_duration: 1}
$data merge entity $(bone_chest3) {transformation: [-0.9986f,-0.0138f,0.0509f,-0.2701f,-0.0059f,0.9882f,0.1531f,2.3445f,-0.0524f,0.1526f,-0.9869f,0.3811f,0f,0f,0f,1f],start_interpolation: 0,interpolation_duration: 1}
$data merge entity $(bone_hugeasssword2) {transformation: [-0.1994f,2.8471f,-2.6823f,-1.2488f,-0.5997f,2.6318f,2.838f,4.3177f,3.8654f,0.5551f,0.3019f,0.6209f,0f,0f,0f,1f],start_interpolation: 0,interpolation_duration: 1}
$data merge entity $(bone_belt) {transformation: [-0.9986f,-0.0138f,0.0509f,0.015f,-0.0059f,0.9882f,0.1531f,2.7243f,-0.0524f,0.1526f,-0.9869f,0.84f,0f,0f,0f,1f],start_interpolation: 0,interpolation_duration: 1}
$data merge entity $(bone_torn_part) {transformation: [-0.9986f,-0.0283f,0.0445f,-0.1041f,-0.0059f,0.8981f,0.4397f,2.4428f,-0.0524f,0.4389f,-0.897f,0.7855f,0f,0f,0f,1f],start_interpolation: 0,interpolation_duration: 1}
$data merge entity $(bone_lowerbody) {transformation: [-0.9986f,-0.0136f,0.051f,-0.0071f,-0.0059f,0.9888f,0.1493f,1.9396f,-0.0524f,0.1488f,-0.9875f,0.8568f,0f,0f,0f,1f],start_interpolation: 0,interpolation_duration: 1}
$data merge entity $(bone_leftfoot) {transformation: [-0.9909f,-0.0639f,0.1182f,0.2928f,-0.0357f,0.9732f,0.2273f,0.2567f,-0.1295f,0.2211f,-0.9666f,1.1549f,0f,0f,0f,1f],start_interpolation: 0,interpolation_duration: 1}
$data merge entity $(bone_leftlowerleg) {transformation: [-0.9909f,-0.0639f,0.1182f,0.2037f,-0.0357f,0.9732f,0.2273f,1.3014f,-0.1295f,0.2211f,-0.9666f,1.5487f,0f,0f,0f,1f],start_interpolation: 0,interpolation_duration: 1}
$data merge entity $(bone_leftleg) {transformation: [-0.9909f,0.0823f,0.1062f,0.2574f,-0.0357f,0.6005f,-0.7988f,1.9591f,-0.1295f,-0.7953f,-0.5922f,0.715f,0f,0f,0f,1f],start_interpolation: 0,interpolation_duration: 1}
$data merge entity $(bone_rightfoot) {transformation: [-0.9886f,-0.0193f,0.1495f,-0.3706f,-0.0007f,0.9923f,0.1237f,0.1704f,-0.1507f,0.1222f,-0.981f,1.1445f,0f,0f,0f,1f],start_interpolation: 0,interpolation_duration: 1}
$data merge entity $(bone_rightlowerleg) {transformation: [-0.9886f,-0.0193f,0.1495f,-0.415f,-0.0007f,0.9923f,0.1237f,1.2522f,-0.1507f,0.1222f,-0.981f,1.4308f,0f,0f,0f,1f],start_interpolation: 0,interpolation_duration: 1}
$data merge entity $(bone_rightleg) {transformation: [-0.9731f,0.1414f,0.1819f,-0.2391f,-0.0488f,0.6452f,-0.7625f,1.9591f,-0.2252f,-0.7508f,-0.6209f,0.6563f,0f,0f,0f,1f],start_interpolation: 0,interpolation_duration: 1}
data modify entity @s data merge value {"cameras":{},"locators":{"lefthand":{"posx":0.9105815661891298,"posy":1.7692252289089774,"posz":1.6059219552470292,"roty":12.534039564856386,"rotx":-36.76523293039093},"sword":{"posx":-2.559978622263708,"posy":2.5789153833838485,"posz":3.993336314794071,"roty":28.65487402324473,"rotx":-13.975532586250843},"righthand":{"posx":-0.8440453228565483,"posy":1.6883563980508838,"posz":0.8532513070867351,"roty":28.65487402324473,"rotx":-13.975532586250843},"chest":{"posx":-0.4055853878630808,"posy":2.3145812252455475,"posz":1.176953522092942,"roty":2.9525159552987077,"rotx":8.806801283325328}}}