# This file was generated by Animated Java via MC-Build. It is not recommended to edit this file directly.
$data merge entity $(bone_nose) {transformation: [-0.998f,0.0103f,0.0616f,-0.0051f,0.0025f,0.9922f,-0.1249f,4.0477f,-0.0624f,-0.1245f,-0.9903f,0.2311f,0f,0f,0f,1f],start_interpolation: 0,interpolation_duration: 1}
$data merge entity $(bone_glowing_eye) {transformation: [-0.998f,0.0103f,0.0616f,-0.1313f,0.0025f,0.9922f,-0.1249f,4.1196f,-0.0624f,-0.1245f,-0.9903f,0.2494f,0f,0f,0f,1f],start_interpolation: 0,interpolation_duration: 1}
$data merge entity $(bone_head) {transformation: [-0.998f,0.0103f,0.0616f,0.0052f,0.0025f,0.9922f,-0.1249f,3.9018f,-0.0624f,-0.1245f,-0.9903f,0.061f,0f,0f,0f,1f],start_interpolation: 0,interpolation_duration: 1}
$data merge entity $(bone_leftthumb2) {transformation: [-0.9924f,0.0006f,0.1229f,0.9358f,-0.0464f,0.9243f,-0.3788f,1.8563f,-0.1139f,-0.3816f,-0.9173f,0.8659f,0f,0f,0f,1f],start_interpolation: 0,interpolation_duration: 1}
$data merge entity $(bone_leftthumb) {transformation: [-0.9924f,0.0006f,0.1229f,0.9465f,-0.0464f,0.9243f,-0.3788f,2.0506f,-0.1139f,-0.3816f,-0.9173f,0.6939f,0f,0f,0f,1f],start_interpolation: 0,interpolation_duration: 1}
$data merge entity $(bone_leftpointerfinger) {transformation: [-0.9924f,0.0006f,0.1229f,1.0606f,-0.0464f,0.9243f,-0.3788f,1.7347f,-0.1139f,-0.3816f,-0.9173f,0.7886f,0f,0f,0f,1f],start_interpolation: 0,interpolation_duration: 1}
$data merge entity $(bone_leftmidfinger) {transformation: [-0.9924f,0.0006f,0.1229f,1.0798f,-0.0464f,0.9243f,-0.3788f,1.6755f,-0.1139f,-0.3816f,-0.9173f,0.6453f,0f,0f,0f,1f],start_interpolation: 0,interpolation_duration: 1}
$data merge entity $(bone_leftringfinger) {transformation: [-0.9924f,0.0006f,0.1229f,1.099f,-0.0464f,0.9243f,-0.3788f,1.6163f,-0.1139f,-0.3816f,-0.9173f,0.5019f,0f,0f,0f,1f],start_interpolation: 0,interpolation_duration: 1}
$data merge entity $(bone_invisibility) {transformation: [0.0113f,-0.1224f,0.9924f,0.8707f,0.8878f,0.4579f,0.0464f,1.8389f,-0.4601f,0.8805f,0.1139f,0.7542f,0f,0f,0f,1f],start_interpolation: 0,interpolation_duration: 1}
$data merge entity $(bone_swiftness) {transformation: [0.1229f,0.0006f,0.9924f,0.842f,-0.3788f,0.9243f,0.0464f,1.6403f,-0.9173f,-0.3816f,0.1139f,0.6279f,0f,0f,0f,1f],start_interpolation: 0,interpolation_duration: 1}
$data merge entity $(bone_suspicious_stew) {transformation: [0.0525f,-0.1112f,0.9924f,0.8937f,0.6776f,0.7339f,0.0464f,1.7246f,-0.7335f,0.6701f,0.1139f,0.6001f,0f,0f,0f,1f],start_interpolation: 0,interpolation_duration: 1}
$data merge entity $(bone_log) {transformation: [-0.9924f,0.0006f,0.1229f,0.8065f,-0.0464f,0.9243f,-0.3788f,1.818f,-0.1139f,-0.3816f,-0.9173f,0.4987f,0f,0f,0f,1f],start_interpolation: 0,interpolation_duration: 1}
$data merge entity $(bone_planks) {transformation: [-0.9924f,0.0006f,0.1229f,0.7135f,-0.0464f,0.9243f,-0.3788f,1.8136f,-0.1139f,-0.3816f,-0.9173f,0.488f,0f,0f,0f,1f],start_interpolation: 0,interpolation_duration: 1}
$data merge entity $(bone_lefthand1) {transformation: [-0.9924f,0.0006f,0.1229f,1.0509f,-0.0464f,0.9243f,-0.3788f,2.0725f,-0.1139f,-0.3816f,-0.9173f,0.4604f,0f,0f,0f,1f],start_interpolation: 0,interpolation_duration: 1}
$data merge entity $(bone_leftforearm) {transformation: [-0.9924f,0.0006f,0.1229f,0.9874f,-0.0464f,0.9243f,-0.3788f,2.7254f,-0.1139f,-0.3816f,-0.9173f,0.1993f,0f,0f,0f,1f],start_interpolation: 0,interpolation_duration: 1}
$data merge entity $(bone_leftelbow) {transformation: [-0.9978f,-0.0226f,0.0616f,0.9832f,-0.0297f,0.9927f,-0.1168f,2.9116f,-0.0585f,-0.1184f,-0.9912f,0.1771f,0f,0f,0f,1f],start_interpolation: 0,interpolation_duration: 1}
$data merge entity $(bone_leftarm) {transformation: [-0.9978f,-0.0226f,0.0616f,0.7517f,-0.0297f,0.9927f,-0.1168f,3.4051f,-0.0585f,-0.1184f,-0.9912f,0.1361f,0f,0f,0f,1f],start_interpolation: 0,interpolation_duration: 1}
$data merge entity $(bone_rightthumb2) {transformation: [-0.9462f,-0.0247f,0.3226f,-0.9941f,-0.1305f,0.9414f,-0.3109f,1.7966f,-0.296f,-0.3363f,-0.894f,0.3792f,0f,0f,0f,1f],start_interpolation: 0,interpolation_duration: 1}
$data merge entity $(bone_rightthumb) {transformation: [-0.9462f,-0.0247f,0.3226f,-0.9726f,-0.1305f,0.9414f,-0.3109f,2.0009f,-0.296f,-0.3363f,-0.894f,0.2203f,0f,0f,0f,1f],start_interpolation: 0,interpolation_duration: 1}
$data merge entity $(bone_rightpointerfinger) {transformation: [-0.9462f,-0.0247f,0.3226f,-1.0529f,-0.1305f,0.9414f,-0.3109f,1.6631f,-0.296f,-0.3363f,-0.894f,0.2564f,0f,0f,0f,1f],start_interpolation: 0,interpolation_duration: 1}
$data merge entity $(bone_rightmidfinger) {transformation: [-0.9462f,-0.0247f,0.3226f,-1.0025f,-0.1305f,0.9414f,-0.3109f,1.6146f,-0.296f,-0.3363f,-0.894f,0.1167f,0f,0f,0f,1f],start_interpolation: 0,interpolation_duration: 1}
$data merge entity $(bone_rightringfinger) {transformation: [-0.9462f,-0.0247f,0.3226f,-0.9521f,-0.1305f,0.9414f,-0.3109f,1.566f,-0.296f,-0.3363f,-0.894f,-0.023f,0f,0f,0f,1f],start_interpolation: 0,interpolation_duration: 1}
$data merge entity $(bone_hugeasssword) {transformation: [-3.7061f,-0.0966f,1.2633f,-0.7612f,-0.5111f,3.6873f,-1.2176f,1.8453f,-1.1593f,-1.317f,-3.5017f,0.141f,0f,0f,0f,1f],start_interpolation: 0,interpolation_duration: 1}
$data merge entity $(bone_ice) {transformation: [-1.4193f,-0.037f,0.4838f,-0.746f,-0.1958f,1.4122f,-0.4663f,1.8326f,-0.444f,-0.5044f,-1.3411f,0.1509f,0f,0f,0f,1f],start_interpolation: 0,interpolation_duration: 1}
$data merge entity $(bone_righthand1) {transformation: [-0.9462f,-0.0247f,0.3226f,-0.9786f,-0.1305f,0.9414f,-0.3109f,2.0257f,-0.296f,-0.3363f,-0.894f,-0.0351f,0f,0f,0f,1f],start_interpolation: 0,interpolation_duration: 1}
$data merge entity $(bone_rightforearm) {transformation: [-0.9911f,-0.0104f,0.1326f,-0.9261f,-0.0264f,0.9925f,-0.1194f,2.727f,-0.1304f,-0.1219f,-0.9839f,-0.0973f,0f,0f,0f,1f],start_interpolation: 0,interpolation_duration: 1}
$data merge entity $(bone_rightelbow) {transformation: [-0.9905f,-0.0101f,0.1374f,-0.928f,-0.0274f,0.9918f,-0.1246f,2.913f,-0.135f,-0.1271f,-0.9827f,-0.1211f,0f,0f,0f,1f],start_interpolation: 0,interpolation_duration: 1}
$data merge entity $(bone_rightarm) {transformation: [-0.9905f,-0.051f,0.128f,-0.7408f,-0.0274f,0.9834f,0.1795f,3.4051f,-0.135f,0.1742f,-0.9754f,0.026f,0f,0f,0f,1f],start_interpolation: 0,interpolation_duration: 1}
$data merge entity $(bone_chest1) {transformation: [-1.0804f,-0.0014f,0.0797f,0.0097f,0f,1.0832f,0.0185f,3.2467f,-0.0797f,0.0185f,-1.0802f,-0.0318f,0f,0f,0f,1f],start_interpolation: 0,interpolation_duration: 1}
$data merge entity $(bone_chest1lid) {transformation: [-0.9973f,-0.0013f,0.0736f,-0.3587f,0f,0.9999f,0.0171f,2.5566f,-0.0736f,0.0171f,-0.9971f,0.3217f,0f,0f,0f,1f],start_interpolation: 0,interpolation_duration: 1}
$data merge entity $(bone_chest2) {transformation: [-0.9973f,-0.0013f,0.0736f,-0.3585f,0f,0.9999f,0.0171f,2.4004f,-0.0736f,0.0171f,-0.9971f,0.319f,0f,0f,0f,1f],start_interpolation: 0,interpolation_duration: 1}
$data merge entity $(bone_chest1lid3) {transformation: [-0.9973f,-0.0013f,0.0736f,-0.2493f,0f,0.9999f,0.0171f,2.5676f,-0.0736f,0.0171f,-0.9971f,-0.3125f,0f,0f,0f,1f],start_interpolation: 0,interpolation_duration: 1}
$data merge entity $(bone_chest3) {transformation: [-0.9973f,-0.0013f,0.0736f,-0.2491f,0f,0.9999f,0.0171f,2.4114f,-0.0736f,0.0171f,-0.9971f,-0.3152f,0f,0f,0f,1f],start_interpolation: 0,interpolation_duration: 1}
$data merge entity $(bone_hugeasssword2) {transformation: [-0.2881f,2.8765f,-2.6425f,-1.201f,-0.067f,2.6457f,2.8872f,4.4113f,3.9055f,0.2576f,-0.1454f,-0.3668f,0f,0f,0f,1f],start_interpolation: 0,interpolation_duration: 1}
$data merge entity $(bone_belt) {transformation: [-0.9973f,-0.0013f,0.0736f,0.0325f,0f,0.9999f,0.0171f,2.8462f,-0.0736f,0.0171f,-0.9971f,0.0943f,0f,0f,0f,1f],start_interpolation: 0,interpolation_duration: 1}
$data merge entity $(bone_torn_part) {transformation: [-0.9973f,-0.0221f,0.0702f,-0.09f,0f,0.9537f,0.3007f,2.5625f,-0.0736f,0.2999f,-0.9511f,0.0776f,0f,0f,0f,1f],start_interpolation: 0,interpolation_duration: 1}
$data merge entity $(bone_lowerbody) {transformation: [-0.9973f,0f,0.0736f,-0.003f,0f,1f,0f,2.0742f,-0.0736f,0f,-0.9973f,0.225f,0f,0f,0f,1f],start_interpolation: 0,interpolation_duration: 1}
$data merge entity $(bone_leftfoot) {transformation: [-0.992f,-0.081f,0.0972f,0.3616f,-0.0279f,0.8895f,0.456f,0.2166f,-0.1234f,0.4497f,-0.8846f,-0.1067f,0f,0f,0f,1f],start_interpolation: 0,interpolation_duration: 1}
$data merge entity $(bone_leftlowerleg) {transformation: [-0.992f,-0.081f,0.0972f,0.2568f,-0.0279f,0.8895f,0.456f,1.1334f,-0.1234f,0.4497f,-0.8846f,0.5281f,0f,0f,0f,1f],start_interpolation: 0,interpolation_duration: 1}
$data merge entity $(bone_leftleg) {transformation: [-0.992f,0.0305f,0.1228f,0.2551f,-0.0279f,0.8937f,-0.4478f,2.0938f,-0.1234f,-0.4476f,-0.8857f,0.0717f,0f,0f,0f,1f],start_interpolation: 0,interpolation_duration: 1}
$data merge entity $(bone_rightfoot) {transformation: [-0.984f,0.1071f,0.1422f,-0.5696f,0.0602f,0.952f,-0.3002f,0.2665f,-0.1675f,-0.2868f,-0.9432f,0.9514f,0f,0f,0f,1f],start_interpolation: 0,interpolation_duration: 1}
$data merge entity $(bone_rightlowerleg) {transformation: [-0.984f,0.1071f,0.1422f,-0.4727f,0.0602f,0.952f,-0.3002f,1.3687f,-0.1675f,-0.2868f,-0.9432f,0.7782f,0f,0f,0f,1f],start_interpolation: 0,interpolation_duration: 1}
$data merge entity $(bone_rightleg) {transformation: [-0.97f,0.1909f,0.1508f,-0.2436f,0.0146f,0.6645f,-0.7471f,2.0938f,-0.2428f,-0.7225f,-0.6473f,0.0349f,0f,0f,0f,1f],start_interpolation: 0,interpolation_duration: 1}
data modify entity @s data merge value {"cameras":{},"locators":{"lefthand":{"posx":0.8976009754275192,"posy":1.7560483285759683,"posz":0.553516407953587,"roty":7.633957929561802,"rotx":-22.258988337929175},"sword":{"posx":-2.0287848511015434,"posy":2.956895194233683,"posz":3.439136439778075,"roty":19.83839257519105,"rotx":-18.111791706760172},"righthand":{"posx":-0.8393698940846767,"posy":1.810554535333181,"posz":0.14234232977118466,"roty":19.83839257519105,"rotx":-18.111791706760172},"chest":{"posx":-0.4013096797129881,"posy":2.4914780155015745,"posz":0.4741095578681409,"roty":4.218749999999972,"rotx":0.9800000000000004}}}