# This file was generated by Animated Java via MC-Build. It is not recommended to edit this file directly.
$data merge entity $(bone_nose) {transformation: [-0.9995f,0.003f,0.033f,-0.0038f,0.0005f,0.9972f,-0.0751f,4.1264f,-0.0331f,-0.075f,-0.9966f,0.0663f,0f,0f,0f,1f],start_interpolation: 0,interpolation_duration: 1}
$data merge entity $(bone_glowing_eye) {transformation: [-0.9995f,0.003f,0.033f,-0.1297f,0.0005f,0.9972f,-0.0751f,4.1966f,-0.0331f,-0.075f,-0.9966f,0.0919f,0f,0f,0f,1f],start_interpolation: 0,interpolation_duration: 1}
$data merge entity $(bone_head) {transformation: [-0.9995f,0.003f,0.033f,0.002f,0.0005f,0.9972f,-0.0751f,3.9892f,-0.0331f,-0.075f,-0.9966f,-0.1111f,0f,0f,0f,1f],start_interpolation: 0,interpolation_duration: 1}
$data merge entity $(bone_leftthumb2) {transformation: [-0.9988f,-0.0082f,0.0491f,0.9558f,-0.0127f,0.9956f,-0.0928f,1.78f,-0.0481f,-0.0934f,-0.9945f,0.298f,0f,0f,0f,1f],start_interpolation: 0,interpolation_duration: 1}
$data merge entity $(bone_leftthumb) {transformation: [-0.9988f,-0.0082f,0.0491f,0.958f,-0.0127f,0.9956f,-0.0928f,2.0163f,-0.0481f,-0.0934f,-0.9945f,0.1902f,0f,0f,0f,1f],start_interpolation: 0,interpolation_duration: 1}
$data merge entity $(bone_leftpointerfinger) {transformation: [-0.9988f,-0.0082f,0.0491f,1.0722f,-0.0127f,0.9956f,-0.0928f,1.6866f,-0.0481f,-0.0934f,-0.9945f,0.1795f,0f,0f,0f,1f],start_interpolation: 0,interpolation_duration: 1}
$data merge entity $(bone_leftmidfinger) {transformation: [-0.9988f,-0.0082f,0.0491f,1.0799f,-0.0127f,0.9956f,-0.0928f,1.6721f,-0.0481f,-0.0934f,-0.9945f,0.0241f,0f,0f,0f,1f],start_interpolation: 0,interpolation_duration: 1}
$data merge entity $(bone_leftringfinger) {transformation: [-0.9988f,-0.0082f,0.0491f,1.0875f,-0.0127f,0.9956f,-0.0928f,1.6576f,-0.0481f,-0.0934f,-0.9945f,-0.1313f,0f,0f,0f,1f],start_interpolation: 0,interpolation_duration: 1}
$data merge entity $(bone_invisibility) {transformation: [-0.0039f,-0.0496f,0.9988f,0.8825f,0.9837f,0.1793f,0.0127f,1.796f,-0.1797f,0.9825f,0.0481f,0.1913f,0f,0f,0f,1f],start_interpolation: 0,interpolation_duration: 1}
$data merge entity $(bone_swiftness) {transformation: [0.0491f,-0.0082f,0.9988f,0.8408f,-0.0928f,0.9956f,0.0127f,1.6431f,-0.9945f,-0.0934f,0.0481f,0.015f,0f,0f,0f,1f],start_interpolation: 0,interpolation_duration: 1}
$data merge entity $(bone_suspicious_stew) {transformation: [0.0133f,-0.048f,0.9988f,0.8921f,0.8631f,0.5049f,0.0127f,1.7319f,-0.5049f,0.8618f,0.0481f,0.0092f,0f,0f,0f,1f],start_interpolation: 0,interpolation_duration: 1}
$data merge entity $(bone_log) {transformation: [-0.9988f,-0.0082f,0.0491f,0.7997f,-0.0127f,0.9956f,-0.0928f,1.8509f,-0.0481f,-0.0934f,-0.9945f,-0.0536f,0f,0f,0f,1f],start_interpolation: 0,interpolation_duration: 1}
$data merge entity $(bone_planks) {transformation: [-0.9988f,-0.0082f,0.0491f,0.7061f,-0.0127f,0.9956f,-0.0928f,1.8497f,-0.0481f,-0.0934f,-0.9945f,-0.0581f,0f,0f,0f,1f],start_interpolation: 0,interpolation_duration: 1}
$data merge entity $(bone_lefthand1) {transformation: [-0.9988f,-0.0082f,0.0491f,1.0458f,-0.0127f,0.9956f,-0.0928f,2.1058f,-0.0481f,-0.0934f,-0.9945f,-0.0338f,0f,0f,0f,1f],start_interpolation: 0,interpolation_duration: 1}
$data merge entity $(bone_leftforearm) {transformation: [-0.9988f,-0.0082f,0.0491f,0.9769f,-0.0127f,0.9956f,-0.0928f,2.8065f,-0.0481f,-0.0934f,-0.9945f,-0.0869f,0f,0f,0f,1f],start_interpolation: 0,interpolation_duration: 1}
$data merge entity $(bone_leftelbow) {transformation: [-0.9995f,-0.0091f,0.0309f,0.9752f,-0.0095f,0.9999f,-0.0114f,2.994f,-0.0308f,-0.0117f,-0.9995f,-0.0891f,0f,0f,0f,1f],start_interpolation: 0,interpolation_duration: 1}
$data merge entity $(bone_leftarm) {transformation: [-0.9995f,-0.0091f,0.0309f,0.751f,-0.0095f,0.9999f,-0.0114f,3.4922f,-0.0308f,-0.0117f,-0.9995f,-0.0705f,0f,0f,0f,1f],start_interpolation: 0,interpolation_duration: 1}
$data merge entity $(bone_rightthumb2) {transformation: [-0.9856f,-0.0229f,0.1674f,-0.9704f,-0.0659f,0.9643f,-0.2564f,1.8596f,-0.1556f,-0.2637f,-0.952f,0.1793f,0f,0f,0f,1f],start_interpolation: 0,interpolation_duration: 1}
$data merge entity $(bone_rightthumb) {transformation: [-0.9856f,-0.0229f,0.1674f,-0.9617f,-0.0659f,0.9643f,-0.2564f,2.0742f,-0.1556f,-0.2637f,-0.952f,0.0333f,0f,0f,0f,1f],start_interpolation: 0,interpolation_duration: 1}
$data merge entity $(bone_rightpointerfinger) {transformation: [-0.9856f,-0.0229f,0.1674f,-1.0541f,-0.0659f,0.9643f,-0.2564f,1.7385f,-0.1556f,-0.2637f,-0.952f,0.0582f,0f,0f,0f,1f],start_interpolation: 0,interpolation_duration: 1}
$data merge entity $(bone_rightmidfinger) {transformation: [-0.9856f,-0.0229f,0.1674f,-1.028f,-0.0659f,0.9643f,-0.2564f,1.6985f,-0.1556f,-0.2637f,-0.952f,-0.0906f,0f,0f,0f,1f],start_interpolation: 0,interpolation_duration: 1}
$data merge entity $(bone_rightringfinger) {transformation: [-0.9856f,-0.0229f,0.1674f,-1.0018f,-0.0659f,0.9643f,-0.2564f,1.6584f,-0.1556f,-0.2637f,-0.952f,-0.2393f,0f,0f,0f,1f],start_interpolation: 0,interpolation_duration: 1}
$data merge entity $(bone_hugeasssword) {transformation: [-3.8603f,-0.0896f,0.6558f,-0.7734f,-0.2582f,3.7769f,-1.0041f,1.9159f,-0.6094f,-1.0329f,-3.7285f,-0.0879f,0f,0f,0f,1f],start_interpolation: 0,interpolation_duration: 1}
$data merge entity $(bone_ice) {transformation: [-1.4784f,-0.0343f,0.2511f,-0.7577f,-0.0989f,1.4465f,-0.3846f,1.9018f,-0.2334f,-0.3956f,-1.4279f,-0.0814f,0f,0f,0f,1f],start_interpolation: 0,interpolation_duration: 1}
$data merge entity $(bone_righthand1) {transformation: [-0.9856f,-0.0229f,0.1674f,-1.0046f,-0.0659f,0.9643f,-0.2564f,2.1184f,-0.1556f,-0.2637f,-0.952f,-0.216f,0f,0f,0f,1f],start_interpolation: 0,interpolation_duration: 1}
$data merge entity $(bone_rightforearm) {transformation: [-0.9979f,-0.007f,0.0643f,-0.9482f,-0.0126f,0.9961f,-0.0869f,2.821f,-0.0635f,-0.0876f,-0.9941f,-0.258f,0f,0f,0f,1f],start_interpolation: 0,interpolation_duration: 1}
$data merge entity $(bone_rightelbow) {transformation: [-0.9977f,-0.0071f,0.0667f,-0.9495f,-0.0131f,0.9959f,-0.0895f,3.0077f,-0.0658f,-0.0902f,-0.9938f,-0.2749f,0f,0f,0f,1f],start_interpolation: 0,interpolation_duration: 1}
$data merge entity $(bone_rightarm) {transformation: [-0.9977f,-0.0268f,0.0615f,-0.7466f,-0.0131f,0.9767f,0.2141f,3.4922f,-0.0658f,0.2128f,-0.9749f,-0.1237f,0f,0f,0f,1f],start_interpolation: 0,interpolation_duration: 1}
$data merge entity $(bone_chest1) {transformation: [-1.0827f,-0.0011f,0.0384f,0.0032f,0f,1.0829f,0.0315f,3.3352f,-0.0384f,0.0315f,-1.0822f,-0.2118f,0f,0f,0f,1f],start_interpolation: 0,interpolation_duration: 1}
$data merge entity $(bone_chest1lid) {transformation: [-0.9994f,-0.001f,0.0355f,-0.3511f,0f,0.9996f,0.0291f,2.6407f,-0.0355f,0.0291f,-0.9989f,0.1471f,0f,0f,0f,1f],start_interpolation: 0,interpolation_duration: 1}
$data merge entity $(bone_chest2) {transformation: [-0.9994f,-0.001f,0.0355f,-0.351f,0f,0.9996f,0.0291f,2.4845f,-0.0355f,0.0291f,-0.9989f,0.1426f,0f,0f,0f,1f],start_interpolation: 0,interpolation_duration: 1}
$data merge entity $(bone_chest1lid3) {transformation: [-0.9994f,-0.001f,0.0355f,-0.266f,0f,0.9996f,0.0291f,2.6593f,-0.0355f,0.0291f,-0.9989f,-0.4906f,0f,0f,0f,1f],start_interpolation: 0,interpolation_duration: 1}
$data merge entity $(bone_chest3) {transformation: [-0.9994f,-0.001f,0.0355f,-0.2658f,0f,0.9996f,0.0291f,2.5031f,-0.0355f,0.0291f,-0.9989f,-0.4952f,0f,0f,0f,1f],start_interpolation: 0,interpolation_duration: 1}
$data merge entity $(bone_hugeasssword2) {transformation: [-0.1389f,2.8831f,-2.6474f,-1.2198f,-0.1139f,2.6449f,2.8864f,4.5027f,3.9125f,0.1794f,-0.01f,-0.4864f,0f,0f,0f,1f],start_interpolation: 0,interpolation_duration: 1}
$data merge entity $(bone_belt) {transformation: [-0.9994f,-0.001f,0.0355f,0.031f,0f,0.9996f,0.0291f,2.9332f,-0.0355f,0.0291f,-0.9989f,-0.0915f,0f,0f,0f,1f],start_interpolation: 0,interpolation_duration: 1}
$data merge entity $(bone_torn_part) {transformation: [-0.9994f,-0.0107f,0.0338f,-0.092f,0f,0.9537f,0.3007f,2.6506f,-0.0355f,0.3005f,-0.9531f,-0.1052f,0f,0f,0f,1f],start_interpolation: 0,interpolation_duration: 1}
$data merge entity $(bone_lowerbody) {transformation: [-0.9994f,0f,0.0355f,0.0006f,0f,1f,0f,2.1623f,-0.0355f,0f,-0.9994f,0.0388f,0f,0f,0f,1f],start_interpolation: 0,interpolation_duration: 1}
$data merge entity $(bone_leftfoot) {transformation: [-0.9972f,-0.0509f,0.0553f,0.3463f,-0.0333f,0.9589f,0.2818f,0.2242f,-0.0674f,0.2791f,-0.9579f,-0.0796f,0f,0f,0f,1f],start_interpolation: 0,interpolation_duration: 1}
$data merge entity $(bone_leftlowerleg) {transformation: [-0.9972f,-0.0509f,0.0553f,0.2813f,-0.0333f,0.9589f,0.2818f,1.2447f,-0.0674f,0.2791f,-0.9579f,0.3772f,0f,0f,0f,1f],start_interpolation: 0,interpolation_duration: 1}
$data merge entity $(bone_leftleg) {transformation: [-0.9972f,0.0041f,0.0751f,0.2526f,-0.0333f,0.871f,-0.4902f,2.1818f,-0.0674f,-0.4913f,-0.8684f,-0.1243f,0f,0f,0f,1f],start_interpolation: 0,interpolation_duration: 1}
$data merge entity $(bone_rightfoot) {transformation: [-0.9911f,0.0612f,0.1183f,-0.4718f,0.0448f,0.9896f,-0.1369f,0.3074f,-0.1254f,-0.1304f,-0.9835f,0.5789f,0f,0f,0f,1f],start_interpolation: 0,interpolation_duration: 1}
$data merge entity $(bone_rightlowerleg) {transformation: [-0.9911f,0.0612f,0.1183f,-0.4221f,0.0448f,0.9896f,-0.1369f,1.4263f,-0.1254f,-0.1304f,-0.9835f,0.5854f,0f,0f,0f,1f],start_interpolation: 0,interpolation_duration: 1}
$data merge entity $(bone_rightleg) {transformation: [-0.9842f,0.1385f,0.1105f,-0.2471f,0.0169f,0.694f,-0.7198f,2.1818f,-0.1764f,-0.7066f,-0.6853f,-0.142f,0f,0f,0f,1f],start_interpolation: 0,interpolation_duration: 1}
data modify entity @s data merge value {"cameras":{},"locators":{"lefthand":{"posx":0.8932356394922811,"posy":1.7757144037048125,"posz":-0.026247795190221537,"roty":2.826933699677113,"rotx":-5.327371531868998},"sword":{"posx":-1.469723891060962,"posy":2.829987476546806,"posz":3.4333979478124093,"roty":9.974809597118565,"rotx":-14.855269955319526},"righthand":{"posx":-0.8523415066291959,"posy":1.8845925761920126,"posz":-0.07697578211671363,"roty":9.974809597118565,"rotx":-14.855269955319526},"chest":{"posx":-0.3878533101102598,"posy":2.5736412402814812,"posz":0.3002834103593611,"roty":2.033527696792987,"rotx":1.6666666666666663}}}