# This file was generated by Animated Java via MC-Build. It is not recommended to edit this file directly.
$data merge entity $(nose) {transformation: [-0.9225f,-0.0965f,0.3737f,-0.5132f,-0.0208f,0.9793f,0.2015f,4.0954f,-0.3854f,0.1781f,-0.9054f,2.3706f,0f,0f,0f,1f],start_interpolation: 0,interpolation_duration: 1}
$data merge entity $(glowing_eye) {transformation: [-0.9225f,-0.0965f,0.3737f,-0.6481f,-0.0208f,0.9793f,0.2015f,4.1521f,-0.3854f,0.1781f,-0.9054f,2.366f,0f,0f,0f,1f],start_interpolation: 0,interpolation_duration: 1}
$data merge entity $(head) {transformation: [-0.9225f,-0.0965f,0.3737f,-0.4313f,-0.0208f,0.9793f,0.2015f,4.0122f,-0.3854f,0.1781f,-0.9054f,2.179f,0f,0f,0f,1f],start_interpolation: 0,interpolation_duration: 1}
$data merge entity $(leftthumb2) {transformation: [-0.0918f,0.0643f,0.9937f,-0.1591f,-0.972f,-0.2227f,-0.0754f,3.6401f,0.2164f,-0.9728f,0.0829f,4.4506f,0f,0f,0f,1f],start_interpolation: 0,interpolation_duration: 1}
$data merge entity $(leftthumb) {transformation: [-0.0918f,0.0643f,0.9937f,-0.0584f,-0.972f,-0.2227f,-0.0754f,3.5791f,0.2164f,-0.9728f,0.0829f,4.2191f,0f,0f,0f,1f],start_interpolation: 0,interpolation_duration: 1}
$data merge entity $(leftpointerfinger) {transformation: [-0.0918f,0.0643f,0.9937f,-0.0229f,-0.972f,-0.2227f,-0.0754f,3.7549f,0.2164f,-0.9728f,0.0829f,4.5185f,0f,0f,0f,1f],start_interpolation: 0,interpolation_duration: 1}
$data merge entity $(leftmidfinger) {transformation: [-0.0918f,0.0643f,0.9937f,0.1324f,-0.972f,-0.2227f,-0.0754f,3.7431f,0.2164f,-0.9728f,0.0829f,4.5315f,0f,0f,0f,1f],start_interpolation: 0,interpolation_duration: 1}
$data merge entity $(leftringfinger) {transformation: [-0.0918f,0.0643f,0.9937f,0.2877f,-0.972f,-0.2227f,-0.0754f,3.7313f,0.2164f,-0.9728f,0.0829f,4.5444f,0f,0f,0f,1f],start_interpolation: 0,interpolation_duration: 1}
$data merge entity $(invisibility) {transformation: [0.1506f,-0.9843f,0.0918f,-0.0641f,-0.2284f,0.0557f,0.972f,3.5507f,-0.9618f,-0.1674f,-0.2164f,4.4501f,0f,0f,0f,1f],start_interpolation: 0,interpolation_duration: 1}
$data merge entity $(swiftness) {transformation: [0.9937f,0.0643f,0.0918f,0.1087f,-0.0754f,-0.2227f,0.972f,3.5161f,0.0829f,-0.9728f,-0.2164f,4.6087f,0f,0f,0f,1f],start_interpolation: 0,interpolation_duration: 1}
$data merge entity $(suspicious_stew) {transformation: [0.4782f,-0.8734f,0.0918f,0.1192f,-0.2337f,-0.0258f,0.972f,3.547f,-0.8466f,-0.4863f,-0.2164f,4.5113f,0f,0f,0f,1f],start_interpolation: 0,interpolation_duration: 1}
$data merge entity $(log) {transformation: [-0.0918f,0.0643f,0.9937f,0.1652f,-0.972f,-0.2227f,-0.0754f,3.4245f,0.2164f,-0.9728f,0.0829f,4.4138f,0f,0f,0f,1f],start_interpolation: 0,interpolation_duration: 1}
$data merge entity $(planks) {transformation: [-0.0918f,0.0643f,0.9937f,0.1566f,-0.972f,-0.2227f,-0.0754f,3.3334f,0.2164f,-0.9728f,0.0829f,4.4341f,0f,0f,0f,1f],start_interpolation: 0,interpolation_duration: 1}
$data merge entity $(lefthand1) {transformation: [-0.0918f,0.0643f,0.9937f,0.1732f,-0.972f,-0.2227f,-0.0754f,3.6142f,0.2164f,-0.9728f,0.0829f,4.114f,0f,0f,0f,1f],start_interpolation: 0,interpolation_duration: 1}
$data merge entity $(leftforearm) {transformation: [-0.9762f,0.0643f,0.2072f,0.1541f,-0.2164f,-0.2227f,-0.9506f,3.4589f,-0.015f,-0.9728f,0.2313f,3.4254f,0f,0f,0f,1f],start_interpolation: 0,interpolation_duration: 1}
$data merge entity $(leftelbow) {transformation: [-0.9955f,0.0562f,0.076f,0.1647f,-0.0798f,-0.0704f,-0.9943f,3.4457f,-0.0505f,-0.9959f,0.0746f,3.2387f,0f,0f,0f,1f],start_interpolation: 0,interpolation_duration: 1}
$data merge entity $(leftarm) {transformation: [-0.9955f,0.0562f,0.076f,-0.0274f,-0.0798f,-0.0704f,-0.9943f,3.4241f,-0.0505f,-0.9959f,0.0746f,2.7273f,0f,0f,0f,1f],start_interpolation: 0,interpolation_duration: 1}
$data merge entity $(rightthumb2) {transformation: [0.5963f,-0.4667f,-0.6531f,-0.3537f,-0.1868f,-0.8719f,0.4526f,4.4851f,-0.7807f,-0.1479f,-0.6071f,0.2985f,0f,0f,0f,1f],start_interpolation: 0,interpolation_duration: 1}
$data merge entity $(rightthumb) {transformation: [0.5963f,-0.4667f,-0.6531f,-0.524f,-0.1868f,-0.8719f,0.4526f,4.3099f,-0.7807f,-0.1479f,-0.6071f,0.2103f,0f,0f,0f,1f],start_interpolation: 0,interpolation_duration: 1}
$data merge entity $(rightpointerfinger) {transformation: [-0.6082f,-0.6165f,-0.5f,-0.7612f,0.5714f,-0.7773f,0.2634f,4.5155f,-0.551f,-0.1255f,0.825f,0.0577f,0f,0f,0f,1f],start_interpolation: 0,interpolation_duration: 1}
$data merge entity $(rightmidfinger) {transformation: [-0.5225f,-0.6906f,-0.5f,-0.8393f,0.668f,-0.696f,0.2634f,4.5566f,-0.5299f,-0.1963f,0.825f,0.1866f,0f,0f,0f,1f],start_interpolation: 0,interpolation_duration: 1}
$data merge entity $(rightringfinger) {transformation: [-0.5807f,-0.6425f,-0.5f,-0.9175f,0.6047f,-0.7516f,0.2634f,4.5978f,-0.545f,-0.1494f,0.825f,0.3156f,0f,0f,0f,1f],start_interpolation: 0,interpolation_duration: 1}
$data merge entity $(hugeasssword) {transformation: [-3.4573f,-0.2411f,1.8247f,-0.5466f,-0.8501f,3.6532f,-1.1278f,4.5456f,-1.6325f,-1.3915f,-3.277f,0.3486f,0f,0f,0f,1f],start_interpolation: 0,interpolation_duration: 1}
$data merge entity $(whey) {transformation: [0f,0f,0f,-0.3808f,0f,0f,0f,4.6795f,0f,0f,0f,0.2359f,0f,0f,0f,1f],start_interpolation: 0,interpolation_duration: 1}
$data merge entity $(ice) {transformation: [-0.7709f,0.3947f,-0.5f,-0.5407f,-0.5695f,-0.7787f,0.2634f,4.5667f,-0.2854f,0.4878f,0.825f,0.3455f,0f,0f,0f,1f],start_interpolation: 0,interpolation_duration: 1}
$data merge entity $(righthand1) {transformation: [-0.7709f,0.3947f,-0.5f,-0.6504f,-0.5695f,-0.7787f,0.2634f,4.2379f,-0.2854f,0.4878f,0.825f,0.4218f,0f,0f,0f,1f],start_interpolation: 0,interpolation_duration: 1}
$data merge entity $(rightforearm) {transformation: [0.9454f,0.2431f,0.217f,-0.5419f,0.3081f,-0.8838f,-0.3521f,3.6027f,0.1062f,0.3997f,-0.9105f,0.7105f,0f,0f,0f,1f],start_interpolation: 0,interpolation_duration: 1}
$data merge entity $(rightelbow) {transformation: [0.8824f,0.1718f,0.4381f,-0.5097f,0.4501f,-0.0361f,-0.8923f,3.5959f,-0.1374f,0.9845f,-0.1092f,0.8951f,0f,0f,0f,1f],start_interpolation: 0,interpolation_duration: 1}
$data merge entity $(rightarm) {transformation: [0.8824f,0.0321f,0.4695f,-0.7014f,0.4501f,0.2339f,-0.8618f,3.6413f,-0.1374f,0.9717f,0.1919f,1.405f,0f,0f,0f,1f],start_interpolation: 0,interpolation_duration: 1}
$data merge entity $(chest1) {transformation: [-0.4868f,-0.2002f,0.9469f,-0.2396f,0.1569f,1.0296f,0.2983f,3.411f,-0.955f,0.2711f,-0.4336f,1.9799f,0f,0f,0f,1f],start_interpolation: 0,interpolation_duration: 1}
$data merge entity $(chest1lid) {transformation: [-0.4493f,-0.1848f,0.874f,-0.6087f,0.1448f,0.9504f,0.2754f,2.7032f,-0.8816f,0.2503f,-0.4003f,1.6645f,0f,0f,0f,1f],start_interpolation: 0,interpolation_duration: 1}
$data merge entity $(chest2) {transformation: [-0.4493f,-0.1848f,0.874f,-0.5799f,0.1448f,0.9504f,0.2754f,2.5547f,-0.8816f,0.2503f,-0.4003f,1.6254f,0f,0f,0f,1f],start_interpolation: 0,interpolation_duration: 1}
$data merge entity $(chest1lid3) {transformation: [-0.4493f,-0.1848f,0.874f,-0.0207f,0.1448f,0.9504f,0.2754f,2.8706f,-0.8816f,0.2503f,-0.4003f,1.4632f,0f,0f,0f,1f],start_interpolation: 0,interpolation_duration: 1}
$data merge entity $(chest3) {transformation: [-0.4493f,-0.1848f,0.874f,0.0082f,0.1448f,0.9504f,0.2754f,2.7221f,-0.8816f,0.2503f,-0.4003f,1.4241f,0f,0f,0f,1f],start_interpolation: 0,interpolation_duration: 1}
$data merge entity $(hugeasssword2) {transformation: [-3.4233f,0.8085f,-1.7226f,-0.7761f,-1.0786f,2.0966f,3.1275f,4.7651f,1.5677f,3.2079f,-1.6099f,1.0782f,0f,0f,0f,1f],start_interpolation: 0,interpolation_duration: 1}
$data merge entity $(belt) {transformation: [-0.4493f,-0.1848f,0.874f,-0.266f,0.1448f,0.9504f,0.2754f,2.9918f,-0.8816f,0.2503f,-0.4003f,1.9609f,0f,0f,0f,1f],start_interpolation: 0,interpolation_duration: 1}
$data merge entity $(torn_part) {transformation: [-0.4493f,-0.4028f,0.7974f,-0.2705f,0.1448f,0.848f,0.5099f,2.7419f,-0.8816f,0.3446f,-0.3227f,1.7821f,0f,0f,0f,1f],start_interpolation: 0,interpolation_duration: 1}
$data merge entity $(lowerbody) {transformation: [-0.4493f,-0.1443f,0.8816f,-0.2801f,0.1448f,0.962f,0.2313f,2.2255f,-0.8816f,0.2316f,-0.4114f,1.813f,0f,0f,0f,1f],start_interpolation: 0,interpolation_duration: 1}
$data merge entity $(leftfoot) {transformation: [-0.8473f,0.0463f,0.5291f,-0.1536f,-0.0436f,0.9868f,-0.1562f,0.2191f,-0.5294f,-0.1554f,-0.834f,2.3033f,0f,0f,0f,1f],start_interpolation: 0,interpolation_duration: 1}
$data merge entity $(leftlowerleg) {transformation: [-0.8473f,0.0463f,0.5291f,-0.1835f,-0.0436f,0.9868f,-0.1562f,1.3378f,-0.5294f,-0.1554f,-0.834f,2.259f,0f,0f,0f,1f],start_interpolation: 0,interpolation_duration: 1}
$data merge entity $(leftleg) {transformation: [-0.8473f,0.2245f,0.4814f,0.016f,-0.0436f,0.8738f,-0.4843f,2.2775f,-0.5294f,-0.4313f,-0.7306f,1.8032f,0f,0f,0f,1f],start_interpolation: 0,interpolation_duration: 1}
$data merge entity $(rightfoot) {transformation: [-0.3561f,-0.2082f,0.911f,-0.1476f,0.2055f,0.9336f,0.2936f,0.2534f,-0.9116f,0.2917f,-0.2896f,0.9463f,0f,0f,0f,1f],start_interpolation: 0,interpolation_duration: 1}
$data merge entity $(rightlowerleg) {transformation: [-0.3561f,-0.2082f,0.911f,-0.5185f,0.2055f,0.9336f,0.2936f,1.244f,-0.9116f,0.2917f,-0.2896f,1.3144f,0f,0f,0f,1f],start_interpolation: 0,interpolation_duration: 1}
$data merge entity $(rightleg) {transformation: [-0.3561f,0.116f,0.9272f,-0.4083f,0.2055f,0.9777f,-0.0434f,2.2775f,-0.9116f,0.1751f,-0.372f,1.5386f,0f,0f,0f,1f],start_interpolation: 0,interpolation_duration: 1}
data modify entity @s data merge value {"cameras":{},"locators":{"soup":{"px":-0.03379276416561339,"py":3.512163957643339,"pz":4.434454988982373,"ry":22.98736490737943,"rx":76.40365855368974},"lefthand":{"px":0.15326346656144257,"py":3.5341741728959555,"pz":4.468261563623464,"ry":94.77019757414413,"rx":-4.32387799812217},"sword":{"px":-2.338841216383403,"py":5.565825137269738,"pz":3.425512464127906,"ry":29.109928319295648,"rx":-16.735335627919625},"righthand":{"px":-0.611332055280812,"py":4.5213370943626385,"pz":0.29820310495560426,"ry":211.21689521478618,"rx":15.269598439896376},"chest":{"px":-0.7477904330762943,"py":2.6052817682659506,"pz":1.683878896699971,"ry":65.39488496447413,"rx":15.985330012428477}}}