# This file was generated by Animated Java via MC-Build. It is not recommended to edit this file directly.
$data merge entity $(nose) {transformation: [-0.9047f,-0.1052f,0.4129f,-0.5489f,-0.0073f,0.9727f,0.2319f,4.0054f,-0.426f,0.2068f,-0.8808f,2.6795f,0f,0f,0f,1f],start_interpolation: 0,interpolation_duration: 1}
$data merge entity $(glowing_eye) {transformation: [-0.9047f,-0.1052f,0.4129f,-0.6836f,-0.0073f,0.9727f,0.2319f,4.0623f,-0.426f,0.2068f,-0.8808f,2.671f,0f,0f,0f,1f],start_interpolation: 0,interpolation_duration: 1}
$data merge entity $(head) {transformation: [-0.9047f,-0.1052f,0.4129f,-0.4586f,-0.0073f,0.9727f,0.2319f,3.9287f,-0.426f,0.2068f,-0.8808f,2.4891f,0f,0f,0f,1f],start_interpolation: 0,interpolation_duration: 1}
$data merge entity $(leftthumb2) {transformation: [-0.0711f,0.0614f,0.9956f,-0.1335f,-0.9815f,-0.1823f,-0.0588f,3.4812f,0.1779f,-0.9813f,0.0732f,4.7316f,0f,0f,0f,1f],start_interpolation: 0,interpolation_duration: 1}
$data merge entity $(leftthumb) {transformation: [-0.0711f,0.0614f,0.9956f,-0.0334f,-0.9815f,-0.1823f,-0.0588f,3.4314f,0.1779f,-0.9813f,0.0732f,4.4972f,0f,0f,0f,1f],start_interpolation: 0,interpolation_duration: 1}
$data merge entity $(leftpointerfinger) {transformation: [-0.0711f,0.0614f,0.9956f,0.0009f,-0.9815f,-0.1823f,-0.0588f,3.5959f,0.1779f,-0.9813f,0.0732f,4.8032f,0f,0f,0f,1f],start_interpolation: 0,interpolation_duration: 1}
$data merge entity $(leftmidfinger) {transformation: [-0.0711f,0.0614f,0.9956f,0.1564f,-0.9815f,-0.1823f,-0.0588f,3.5867f,0.1779f,-0.9813f,0.0732f,4.8147f,0f,0f,0f,1f],start_interpolation: 0,interpolation_duration: 1}
$data merge entity $(leftringfinger) {transformation: [-0.0711f,0.0614f,0.9956f,0.312f,-0.9815f,-0.1823f,-0.0588f,3.5775f,0.1779f,-0.9813f,0.0732f,4.8261f,0f,0f,0f,1f],start_interpolation: 0,interpolation_duration: 1}
$data merge entity $(invisibility) {transformation: [0.148f,-0.9864f,0.0711f,-0.0368f,-0.1867f,0.0427f,0.9815f,3.3937f,-0.9712f,-0.1585f,-0.1779f,4.7269f,0f,0f,0f,1f],start_interpolation: 0,interpolation_duration: 1}
$data merge entity $(swiftness) {transformation: [0.9956f,0.0614f,0.0711f,0.1378f,-0.0588f,-0.1823f,0.9815f,3.3563f,0.0732f,-0.9813f,-0.1779f,4.8828f,0f,0f,0f,1f],start_interpolation: 0,interpolation_duration: 1}
$data merge entity $(suspicious_stew) {transformation: [0.4764f,-0.8763f,0.0711f,0.147f,-0.1901f,-0.0238f,0.9815f,3.3913f,-0.8584f,-0.4811f,-0.1779f,4.7867f,0f,0f,0f,1f],start_interpolation: 0,interpolation_duration: 1}
$data merge entity $(log) {transformation: [-0.0711f,0.0614f,0.9956f,0.1946f,-0.9815f,-0.1823f,-0.0588f,3.2737f,0.1779f,-0.9813f,0.0732f,4.6841f,0f,0f,0f,1f],start_interpolation: 0,interpolation_duration: 1}
$data merge entity $(planks) {transformation: [-0.0711f,0.0614f,0.9956f,0.188f,-0.9815f,-0.1823f,-0.0588f,3.1817f,0.1779f,-0.9813f,0.0732f,4.7008f,0f,0f,0f,1f],start_interpolation: 0,interpolation_duration: 1}
$data merge entity $(lefthand1) {transformation: [-0.0711f,0.0614f,0.9956f,0.1967f,-0.9815f,-0.1823f,-0.0588f,3.4753f,0.1779f,-0.9813f,0.0732f,4.392f,0f,0f,0f,1f],start_interpolation: 0,interpolation_duration: 1}
$data merge entity $(leftforearm) {transformation: [-0.9733f,0.0614f,0.2213f,0.1755f,-0.2289f,-0.1823f,-0.9562f,3.3478f,-0.0184f,-0.9813f,0.1915f,3.6979f,0f,0f,0f,1f],start_interpolation: 0,interpolation_duration: 1}
$data merge entity $(leftelbow) {transformation: [-0.9945f,0.0505f,0.0913f,0.185f,-0.0928f,-0.0279f,-0.9953f,3.3425f,-0.0478f,-0.9983f,0.0325f,3.5107f,0f,0f,0f,1f],start_interpolation: 0,interpolation_duration: 1}
$data merge entity $(leftarm) {transformation: [-0.9945f,0.0505f,0.0913f,-0.0101f,-0.0928f,-0.0279f,-0.9953f,3.3394f,-0.0478f,-0.9983f,0.0325f,3.0001f,0f,0f,0f,1f],start_interpolation: 0,interpolation_duration: 1}
$data merge entity $(rightthumb2) {transformation: [0.5779f,-0.3938f,-0.7148f,-0.4939f,-0.1552f,-0.9129f,0.3775f,4.4478f,-0.8012f,-0.1072f,-0.5887f,0.613f,0f,0f,0f,1f],start_interpolation: 0,interpolation_duration: 1}
$data merge entity $(rightthumb) {transformation: [0.5779f,-0.3938f,-0.7148f,-0.6516f,-0.1552f,-0.9129f,0.3775f,4.2562f,-0.8012f,-0.1072f,-0.5887f,0.5364f,0f,0f,0f,1f],start_interpolation: 0,interpolation_duration: 1}
$data merge entity $(rightpointerfinger) {transformation: [-0.6782f,-0.5503f,-0.487f,-0.912f,0.5012f,-0.8311f,0.2411f,4.4361f,-0.5374f,-0.0806f,0.8395f,0.3894f,0f,0f,0f,1f],start_interpolation: 0,interpolation_duration: 1}
$data merge entity $(rightmidfinger) {transformation: [-0.6006f,-0.6341f,-0.487f,-0.9881f,0.6054f,-0.7585f,0.2411f,4.4738f,-0.5222f,-0.15f,0.8395f,0.5206f,0f,0f,0f,1f],start_interpolation: 0,interpolation_duration: 1}
$data merge entity $(rightringfinger) {transformation: [-0.6536f,-0.5794f,-0.487f,-1.0642f,0.537f,-0.8084f,0.2411f,4.5115f,-0.5333f,-0.1039f,0.8395f,0.6518f,0f,0f,0f,1f],start_interpolation: 0,interpolation_duration: 1}
$data merge entity $(hugeasssword) {transformation: [-3.433f,-0.6187f,1.781f,-0.6892f,-1.1914f,3.5794f,-1.0529f,4.4927f,-1.4613f,-1.4646f,-3.3256f,0.67f,0f,0f,0f,1f],start_interpolation: 0,interpolation_duration: 1}
$data merge entity $(whey) {transformation: [0f,0f,0f,-0.5405f,0f,0f,0f,4.6373f,0f,0f,0f,0.5472f,0f,0f,0f,1f],start_interpolation: 0,interpolation_duration: 1}
$data merge entity $(ice) {transformation: [-0.7288f,0.4814f,-0.487f,-0.6853f,-0.6419f,-0.7279f,0.2411f,4.5141f,-0.2384f,0.4883f,0.8395f,0.6661f,0f,0f,0f,1f],start_interpolation: 0,interpolation_duration: 1}
$data merge entity $(righthand1) {transformation: [-0.7288f,0.4814f,-0.487f,-0.7624f,-0.6419f,-0.7279f,0.2411f,4.1791f,-0.2384f,0.4883f,0.8395f,0.7548f,0f,0f,0f,1f],start_interpolation: 0,interpolation_duration: 1}
$data merge entity $(rightforearm) {transformation: [0.9188f,0.3135f,0.2396f,-0.6031f,0.3794f,-0.869f,-0.3177f,3.5494f,0.1087f,0.3828f,-0.9174f,1.0315f,0f,0f,0f,1f],start_interpolation: 0,interpolation_duration: 1}
$data merge entity $(rightelbow) {transformation: [0.8476f,0.1698f,0.5027f,-0.5713f,0.5152f,-0.0373f,-0.8562f,3.5424f,-0.1266f,0.9848f,-0.1191f,1.2161f,0f,0f,0f,1f],start_interpolation: 0,interpolation_duration: 1}
$data merge entity $(rightarm) {transformation: [0.8476f,0.0108f,0.5304f,-0.7679f,0.5152f,0.2219f,-0.8278f,3.5665f,-0.1266f,0.975f,0.1825f,1.7256f,0f,0f,0f,1f],start_interpolation: 0,interpolation_duration: 1}
$data merge entity $(chest1) {transformation: [-0.5473f,-0.2042f,0.9124f,-0.2673f,0.164f,1.0198f,0.3267f,3.3356f,-0.9204f,0.3032f,-0.4843f,2.2668f,0f,0f,0f,1f],start_interpolation: 0,interpolation_duration: 1}
$data merge entity $(chest1lid) {transformation: [-0.5052f,-0.1885f,0.8422f,-0.6405f,0.1514f,0.9414f,0.3015f,2.6259f,-0.8496f,0.2799f,-0.447f,1.9604f,0f,0f,0f,1f],start_interpolation: 0,interpolation_duration: 1}
$data merge entity $(chest2) {transformation: [-0.5052f,-0.1885f,0.8422f,-0.611f,0.1514f,0.9414f,0.3015f,2.4788f,-0.8496f,0.2799f,-0.447f,1.9167f,0f,0f,0f,1f],start_interpolation: 0,interpolation_duration: 1}
$data merge entity $(chest1lid3) {transformation: [-0.5052f,-0.1885f,0.8422f,-0.0694f,0.1514f,0.9414f,0.3015f,2.8096f,-0.8496f,0.2799f,-0.447f,1.7271f,0f,0f,0f,1f],start_interpolation: 0,interpolation_duration: 1}
$data merge entity $(chest3) {transformation: [-0.5052f,-0.1885f,0.8422f,-0.0399f,0.1514f,0.9414f,0.3015f,2.6625f,-0.8496f,0.2799f,-0.447f,1.6834f,0f,0f,0f,1f],start_interpolation: 0,interpolation_duration: 1}
$data merge entity $(hugeasssword2) {transformation: [-3.2985f,0.96f,-1.8811f,-0.8853f,-1.181f,2.0536f,3.119f,4.6943f,1.7508f,3.1939f,-1.4401f,1.4263f,0f,0f,0f,1f],start_interpolation: 0,interpolation_duration: 1}
$data merge entity $(belt) {transformation: [-0.5052f,-0.1885f,0.8422f,-0.2862f,0.1514f,0.9414f,0.3015f,2.9163f,-0.8496f,0.2799f,-0.447f,2.2411f,0f,0f,0f,1f],start_interpolation: 0,interpolation_duration: 1}
$data merge entity $(torn_part) {transformation: [-0.5052f,-0.398f,0.7658f,-0.2966f,0.1514f,0.8327f,0.5326f,2.6698f,-0.8496f,0.385f,-0.3604f,2.058f,0f,0f,0f,1f],start_interpolation: 0,interpolation_duration: 1}
$data merge entity $(lowerbody) {transformation: [-0.5052f,-0.1493f,0.85f,-0.2939f,0.1514f,0.9543f,0.2576f,2.1528f,-0.8496f,0.2588f,-0.4595f,2.0792f,0f,0f,0f,1f],start_interpolation: 0,interpolation_duration: 1}
$data merge entity $(leftfoot) {transformation: [-0.9551f,0.014f,0.296f,-0.0484f,-0.0536f,0.9743f,-0.219f,0.1794f,-0.2915f,-0.225f,-0.9297f,2.7028f,0f,0f,0f,1f],start_interpolation: 0,interpolation_duration: 1}
$data merge entity $(leftlowerleg) {transformation: [-0.9551f,0.014f,0.296f,-0.0784f,-0.0536f,0.9743f,-0.219f,1.2939f,-0.2915f,-0.225f,-0.9297f,2.5961f,0f,0f,0f,1f],start_interpolation: 0,interpolation_duration: 1}
$data merge entity $(leftleg) {transformation: [-0.9551f,0.1095f,0.2754f,0.001f,-0.0536f,0.8501f,-0.524f,2.209f,-0.2915f,-0.5152f,-0.806f,2.0606f,0f,0f,0f,1f],start_interpolation: 0,interpolation_duration: 1}
$data merge entity $(rightfoot) {transformation: [-0.291f,-0.1983f,0.9359f,-0.1284f,0.3313f,0.8969f,0.293f,0.2683f,-0.8975f,0.3954f,-0.1953f,0.9609f,0f,0f,0f,1f],start_interpolation: 0,interpolation_duration: 1}
$data merge entity $(rightlowerleg) {transformation: [-0.291f,-0.1983f,0.9359f,-0.4922f,0.3313f,0.8969f,0.293f,1.2182f,-0.8975f,0.3954f,-0.1953f,1.4295f,0f,0f,0f,1f],start_interpolation: 0,interpolation_duration: 1}
$data merge entity $(rightleg) {transformation: [-0.291f,0.0715f,0.954f,-0.432f,0.3313f,0.943f,0.0304f,2.209f,-0.8975f,0.3249f,-0.2981f,1.8106f,0f,0f,0f,1f],start_interpolation: 0,interpolation_duration: 1}
data modify entity @s data merge value {"cameras":{},"locators":{"soup":{"px":-0.0058786443978657565,"py":3.3564973735798347,"pz":4.709547404153141,"ry":21.773590542757717,"rx":78.9558102487473},"lefthand":{"px":0.18095475109637016,"py":3.380867430960147,"pz":4.742965216014758,"ry":94.20691245668357,"rx":-3.371317793670904},"sword":{"px":-2.436576770566004,"py":5.435823152290398,"pz":3.796853213430019,"ry":28.170455529343513,"rx":-15.5942870188552},"righthand":{"px":-0.7535288171956298,"py":4.461492500116079,"pz":0.6230012369942394,"ry":210.11699161458787,"rx":13.948800481603659},"chest":{"px":-0.7760592843716008,"py":2.524692872338214,"pz":1.986202474007725,"ry":62.04171019542554,"rx":17.549628668676167}}}