# This file was generated by Animated Java via MC-Build. It is not recommended to edit this file directly.
$data merge entity $(bone_nose) {transformation: [-0.9316f,-0.1004f,0.3492f,-0.4892f,-0.006f,0.9652f,0.2615f,3.9403f,-0.3633f,0.2416f,-0.8998f,3.0156f,0f,0f,0f,1f],start_interpolation: 0,interpolation_duration: 1}
$data merge entity $(bone_glowing_eye) {transformation: [-0.9316f,-0.1004f,0.3492f,-0.6247f,-0.006f,0.9652f,0.2615f,3.9958f,-0.3633f,0.2416f,-0.8998f,3.0179f,0f,0f,0f,1f],start_interpolation: 0,interpolation_duration: 1}
$data merge entity $(bone_head) {transformation: [-0.9316f,-0.1004f,0.3492f,-0.4115f,-0.006f,0.9652f,0.2615f,3.8701f,-0.3633f,0.2416f,-0.8998f,2.8173f,0f,0f,0f,1f],start_interpolation: 0,interpolation_duration: 1}
$data merge entity $(bone_leftthumb2) {transformation: [-0.0568f,0.0052f,0.9984f,0.1225f,-0.9886f,0.1391f,-0.057f,2.8693f,-0.1391f,-0.9903f,-0.0028f,4.9146f,0f,0f,0f,1f],start_interpolation: 0,interpolation_duration: 1}
$data merge entity $(bone_leftthumb) {transformation: [-0.0568f,0.0052f,0.9984f,0.2091f,-0.9886f,0.1391f,-0.057f,2.8985f,-0.1391f,-0.9903f,-0.0028f,4.6715f,0f,0f,0f,1f],start_interpolation: 0,interpolation_duration: 1}
$data merge entity $(bone_leftpointerfinger) {transformation: [-0.0568f,0.0052f,0.9984f,0.2604f,-0.9886f,0.1391f,-0.057f,2.9584f,-0.1391f,-0.9903f,-0.0028f,5.0115f,0f,0f,0f,1f],start_interpolation: 0,interpolation_duration: 1}
$data merge entity $(bone_leftmidfinger) {transformation: [-0.0568f,0.0052f,0.9984f,0.4164f,-0.9886f,0.1391f,-0.057f,2.9495f,-0.1391f,-0.9903f,-0.0028f,5.0111f,0f,0f,0f,1f],start_interpolation: 0,interpolation_duration: 1}
$data merge entity $(bone_leftringfinger) {transformation: [-0.0568f,0.0052f,0.9984f,0.5724f,-0.9886f,0.1391f,-0.057f,2.9406f,-0.1391f,-0.9903f,-0.0028f,5.0107f,0f,0f,0f,1f],start_interpolation: 0,interpolation_duration: 1}
$data merge entity $(bone_invisibility) {transformation: [0.0922f,-0.9941f,0.0568f,0.2191f,0.1336f,0.0689f,0.9886f,2.79f,-0.9867f,-0.0835f,0.1391f,4.8772f,0f,0f,0f,1f],start_interpolation: 0,interpolation_duration: 1}
$data merge entity $(bone_swiftness) {transformation: [0.9984f,0.0052f,0.0568f,0.4027f,-0.057f,0.1391f,0.9886f,2.709f,-0.0028f,-0.9903f,0.1391f,5.0036f,0f,0f,0f,1f],start_interpolation: 0,interpolation_duration: 1}
$data merge entity $(bone_suspicious_stew) {transformation: [0.4266f,-0.9027f,0.0568f,0.4061f,0.102f,0.1104f,0.9886f,2.7728f,-0.8987f,-0.416f,0.1391f,4.9231f,0f,0f,0f,1f],start_interpolation: 0,interpolation_duration: 1}
$data merge entity $(bone_log) {transformation: [-0.0568f,0.0052f,0.9984f,0.4482f,-0.9886f,0.1391f,-0.057f,2.6948f,-0.1391f,-0.9903f,-0.0028f,4.7862f,0f,0f,0f,1f],start_interpolation: 0,interpolation_duration: 1}
$data merge entity $(bone_planks) {transformation: [-0.0568f,0.0052f,0.9984f,0.4429f,-0.9886f,0.1391f,-0.057f,2.6021f,-0.1391f,-0.9903f,-0.0028f,4.7731f,0f,0f,0f,1f],start_interpolation: 0,interpolation_duration: 1}
$data merge entity $(bone_lefthand1) {transformation: [-0.0568f,0.0052f,0.9984f,0.4325f,-0.9886f,0.1391f,-0.057f,2.9785f,-0.1391f,-0.9903f,-0.0028f,4.5735f,0f,0f,0f,1f],start_interpolation: 0,interpolation_duration: 1}
$data merge entity $(bone_leftforearm) {transformation: [-0.9713f,0.0052f,0.2378f,0.3717f,-0.2348f,0.1391f,-0.962f,3.0767f,-0.038f,-0.9903f,-0.1339f,3.8769f,0f,0f,0f,1f],start_interpolation: 0,interpolation_duration: 1}
$data merge entity $(bone_leftelbow) {transformation: [-0.995f,-0.0105f,0.099f,0.3697f,-0.0976f,0.3015f,-0.9485f,3.1332f,-0.0199f,-0.9534f,-0.301f,3.6981f,0f,0f,0f,1f],start_interpolation: 0,interpolation_duration: 1}
$data merge entity $(bone_leftarm) {transformation: [-0.995f,-0.0105f,0.099f,0.1438f,-0.0976f,0.3015f,-0.9485f,3.2922f,-0.0199f,-0.9534f,-0.301f,3.2265f,0f,0f,0f,1f],start_interpolation: 0,interpolation_duration: 1}
$data merge entity $(bone_rightthumb2) {transformation: [0.4644f,-0.496f,-0.7337f,-0.8054f,-0.0753f,-0.8475f,0.5254f,4.8435f,-0.8824f,-0.1888f,-0.4309f,1.1899f,0f,0f,0f,1f],start_interpolation: 0,interpolation_duration: 1}
$data merge entity $(bone_rightthumb) {transformation: [0.4644f,-0.496f,-0.7337f,-0.9897f,-0.0753f,-0.8475f,0.5254f,4.6806f,-0.8824f,-0.1888f,-0.4309f,1.1068f,0f,0f,0f,1f],start_interpolation: 0,interpolation_duration: 1}
$data merge entity $(bone_rightpointerfinger) {transformation: [-0.6789f,-0.6392f,-0.3613f,-1.2451f,0.6359f,-0.7579f,0.1459f,4.903f,-0.3671f,-0.1307f,0.921f,1.0223f,0f,0f,0f,1f],start_interpolation: 0,interpolation_duration: 1}
$data merge entity $(bone_rightmidfinger) {transformation: [-0.5897f,-0.7223f,-0.3613f,-1.3015f,0.7294f,-0.6684f,0.1459f,4.9258f,-0.3469f,-0.1775f,0.921f,1.1662f,0f,0f,0f,1f],start_interpolation: 0,interpolation_duration: 1}
$data merge entity $(bone_rightringfinger) {transformation: [-0.6504f,-0.6682f,-0.3613f,-1.358f,0.6683f,-0.7294f,0.1459f,4.9486f,-0.361f,-0.1466f,0.921f,1.3101f,0f,0f,0f,1f],start_interpolation: 0,interpolation_duration: 1}
$data merge entity $(bone_hugeasssword) {transformation: [-3.6812f,-0.4053f,1.2747f,-0.9872f,-0.6482f,3.8056f,-0.6617f,4.8953f,-1.17f,-0.8329f,-3.6438f,1.2773f,0f,0f,0f,1f],start_interpolation: 0,interpolation_duration: 1}
$data merge entity $(bone_ice) {transformation: [-0.8137f,0.4553f,-0.3613f,-0.9816f,-0.5316f,-0.8343f,0.1459f,4.9166f,-0.235f,0.3108f,0.921f,1.2761f,0f,0f,0f,1f],start_interpolation: 0,interpolation_duration: 1}
$data merge entity $(bone_righthand1) {transformation: [-0.8137f,0.4553f,-0.3613f,-1.0825f,-0.5316f,-0.8343f,0.1459f,4.5797f,-0.235f,0.3108f,0.921f,1.3239f,0f,0f,0f,1f],start_interpolation: 0,interpolation_duration: 1}
$data merge entity $(bone_rightforearm) {transformation: [0.9293f,0.3297f,0.1662f,-0.9114f,0.364f,-0.8935f,-0.263f,3.9328f,0.0618f,0.3049f,-0.9504f,1.5492f,0f,0f,0f,1f],start_interpolation: 0,interpolation_duration: 1}
$data merge entity $(bone_rightelbow) {transformation: [0.7881f,0.4758f,0.3905f,-0.8222f,0.6152f,-0.5906f,-0.5222f,3.8221f,-0.0179f,0.6518f,-0.7582f,1.6714f,0f,0f,0f,1f],start_interpolation: 0,interpolation_duration: 1}
$data merge entity $(bone_rightarm) {transformation: [0.7881f,0.3363f,0.5155f,-0.8425f,0.6152f,-0.4062f,-0.6756f,3.5055f,-0.0179f,0.8496f,-0.5271f,2.1166f,0f,0f,0f,1f],start_interpolation: 0,interpolation_duration: 1}
$data merge entity $(bone_chest1) {transformation: [-0.7123f,-0.1811f,0.7959f,-0.2432f,0.154f,1.0076f,0.367f,3.2874f,-0.8016f,0.3545f,-0.6367f,2.5527f,0f,0f,0f,1f],start_interpolation: 0,interpolation_duration: 1}
$data merge entity $(bone_chest1lid) {transformation: [-0.6575f,-0.1671f,0.7347f,-0.641f,0.1422f,0.93f,0.3388f,2.5677f,-0.7399f,0.3272f,-0.5877f,2.3064f,0f,0f,0f,1f],start_interpolation: 0,interpolation_duration: 1}
$data merge entity $(bone_chest2) {transformation: [-0.6575f,-0.1671f,0.7347f,-0.6149f,0.1422f,0.93f,0.3388f,2.4224f,-0.7399f,0.3272f,-0.5877f,2.2553f,0f,0f,0f,1f],start_interpolation: 0,interpolation_duration: 1}
$data merge entity $(bone_chest1lid3) {transformation: [-0.6575f,-0.1671f,0.7347f,-0.1293f,0.1422f,0.93f,0.3388f,2.7759f,-0.7399f,0.3272f,-0.5877f,1.9761f,0f,0f,0f,1f],start_interpolation: 0,interpolation_duration: 1}
$data merge entity $(bone_chest3) {transformation: [-0.6575f,-0.1671f,0.7347f,-0.1031f,0.1422f,0.93f,0.3388f,2.6306f,-0.7399f,0.3272f,-0.5877f,1.925f,0f,0f,0f,1f],start_interpolation: 0,interpolation_duration: 1}
$data merge entity $(bone_hugeasssword2) {transformation: [-2.8775f,1.4564f,-2.2224f,-1.0526f,-1.327f,2.0504f,3.0619f,4.6315f,2.302f,3.0025f,-1.0129f,1.865f,0f,0f,0f,1f],start_interpolation: 0,interpolation_duration: 1}
$data merge entity $(bone_belt) {transformation: [-0.6575f,-0.1671f,0.7347f,-0.2518f,0.1422f,0.93f,0.3388f,2.868f,-0.7399f,0.3272f,-0.5877f,2.523f,0f,0f,0f,1f],start_interpolation: 0,interpolation_duration: 1}
$data merge entity $(bone_torn_part) {transformation: [-0.6575f,-0.3496f,0.6674f,-0.2869f,0.1422f,0.8123f,0.5656f,2.6235f,-0.7399f,0.4668f,-0.4844f,2.3403f,0f,0f,0f,1f],start_interpolation: 0,interpolation_duration: 1}
$data merge entity $(bone_lowerbody) {transformation: [-0.6575f,-0.1327f,0.7417f,-0.2621f,0.1422f,0.9448f,0.2951f,2.1068f,-0.7399f,0.2995f,-0.6023f,2.351f,0f,0f,0f,1f],start_interpolation: 0,interpolation_duration: 1}
$data merge entity $(bone_leftfoot) {transformation: [-0.9869f,-0.0335f,0.1576f,0.0937f,-0.0585f,0.986f,-0.1562f,0.1336f,-0.1502f,-0.1634f,-0.9751f,2.8739f,0f,0f,0f,1f],start_interpolation: 0,interpolation_duration: 1}
$data merge entity $(bone_leftlowerleg) {transformation: [-0.9869f,-0.0335f,0.1576f,0.0323f,-0.0585f,0.986f,-0.1562f,1.2514f,-0.1502f,-0.1634f,-0.9751f,2.8424f,0f,0f,0f,1f],start_interpolation: 0,interpolation_duration: 1}
$data merge entity $(bone_leftleg) {transformation: [-0.9869f,0.0293f,0.1584f,0.0285f,-0.0585f,0.8511f,-0.5217f,2.1675f,-0.1502f,-0.5241f,-0.8383f,2.3027f,0f,0f,0f,1f],start_interpolation: 0,interpolation_duration: 1}
$data merge entity $(bone_rightfoot) {transformation: [-0.4004f,-0.1419f,0.9053f,-0.2054f,0.4415f,0.8359f,0.3263f,0.3618f,-0.803f,0.5303f,-0.272f,0.9571f,0f,0f,0f,1f],start_interpolation: 0,interpolation_duration: 1}
$data merge entity $(bone_rightlowerleg) {transformation: [-0.4004f,-0.1419f,0.9053f,-0.5019f,0.4415f,0.8359f,0.3263f,1.239f,-0.803f,0.5303f,-0.272f,1.5872f,0f,0f,0f,1f],start_interpolation: 0,interpolation_duration: 1}
$data merge entity $(bone_rightleg) {transformation: [-0.4004f,0.0796f,0.9129f,-0.4286f,0.4415f,0.8897f,0.1161f,2.1675f,-0.803f,0.4495f,-0.3914f,2.1f,0f,0f,0f,1f],start_interpolation: 0,interpolation_duration: 1}
data modify entity @s data merge value {"cameras":{},"locators":{"lefthand":{"posx":0.43751961041924364,"posy":2.777534476625168,"posz":4.876629144563172,"roty":89.83980329487571,"rotx":-3.265135134766544},"sword":{"posx":-2.262600488133577,"posy":5.477645925905905,"posz":4.705801906094701,"roty":19.280496404515787,"rotx":-9.727067377566664},"righthand":{"posx":-1.0593951945782456,"posy":4.8775396332404295,"posz":1.2348544186642618,"roty":201.4194853796042,"rotx":8.389769023922973},"chest":{"posx":-0.7659037114406106,"posy":2.4610992992174765,"posz":2.354658986713122,"roty":51.340383222823135,"rotx":19.80468188096417}}}