# This file was generated by Animated Java via MC-Build. It is not recommended to edit this file directly.
$data merge entity $(bone_nose) {transformation: [-0.9999f,-0.0012f,0.0118f,-0.0148f,-0.0009f,0.9997f,0.0251f,4.2006f,-0.0118f,0.0251f,-0.9996f,0.1395f,0f,0f,0f,1f],start_interpolation: 0,interpolation_duration: 1}
$data merge entity $(bone_glowing_eye) {transformation: [-0.9999f,-0.0012f,0.0118f,-0.1403f,-0.0009f,0.9997f,0.0251f,4.2673f,-0.0118f,0.0251f,-0.9996f,0.1746f,0f,0f,0f,1f],start_interpolation: 0,interpolation_duration: 1}
$data merge entity $(bone_head) {transformation: [-0.9999f,-0.0012f,0.0118f,-0.0125f,-0.0009f,0.9997f,0.0251f,4.0819f,-0.0118f,0.0251f,-0.9996f,-0.0508f,0f,0f,0f,1f],start_interpolation: 0,interpolation_duration: 1}
$data merge entity $(bone_leftthumb2) {transformation: [-0.987f,-0.0044f,0.1609f,0.9104f,-0.0014f,0.9998f,0.0189f,1.8445f,-0.1609f,0.0184f,-0.9868f,0.1945f,0f,0f,0f,1f],start_interpolation: 0,interpolation_duration: 1}
$data merge entity $(bone_leftthumb) {transformation: [-0.987f,-0.0044f,0.1609f,0.923f,-0.0014f,0.9998f,0.0189f,2.0913f,-0.1609f,0.0184f,-0.9868f,0.1146f,0f,0f,0f,1f],start_interpolation: 0,interpolation_duration: 1}
$data merge entity $(bone_leftpointerfinger) {transformation: [-0.987f,-0.0044f,0.1609f,1.04f,-0.0014f,0.9998f,0.0189f,1.7643f,-0.1609f,0.0184f,-0.9868f,0.0799f,0f,0f,0f,1f],start_interpolation: 0,interpolation_duration: 1}
$data merge entity $(bone_leftmidfinger) {transformation: [-0.987f,-0.0044f,0.1609f,1.0651f,-0.0014f,0.9998f,0.0189f,1.7672f,-0.1609f,0.0184f,-0.9868f,-0.0742f,0f,0f,0f,1f],start_interpolation: 0,interpolation_duration: 1}
$data merge entity $(bone_leftringfinger) {transformation: [-0.987f,-0.0044f,0.1609f,1.0902f,-0.0014f,0.9998f,0.0189f,1.7702f,-0.1609f,0.0184f,-0.9868f,-0.2284f,0f,0f,0f,1f],start_interpolation: 0,interpolation_duration: 1}
$data merge entity $(bone_invisibility) {transformation: [0.0097f,-0.1607f,0.987f,0.8494f,0.9977f,0.0683f,0.0014f,1.8728f,-0.0676f,0.9846f,0.1609f,0.0826f,0f,0f,0f,1f],start_interpolation: 0,interpolation_duration: 1}
$data merge entity $(bone_swiftness) {transformation: [0.1609f,-0.0044f,0.987f,0.8288f,0.0189f,0.9998f,0.0014f,1.7409f,-0.9868f,0.0184f,0.1609f,-0.1133f,0f,0f,0f,1f],start_interpolation: 0,interpolation_duration: 1}
$data merge entity $(bone_suspicious_stew) {transformation: [0.064f,-0.1477f,0.987f,0.8798f,0.9141f,0.4054f,0.0014f,1.8295f,-0.4003f,0.9021f,0.1609f,-0.1033f,0f,0f,0f,1f],start_interpolation: 0,interpolation_duration: 1}
$data merge entity $(bone_log) {transformation: [-0.987f,-0.0044f,0.1609f,0.7942f,-0.0014f,0.9998f,0.0189f,1.9552f,-0.1609f,0.0184f,-0.9868f,-0.1623f,0f,0f,0f,1f],start_interpolation: 0,interpolation_duration: 1}
$data merge entity $(bone_planks) {transformation: [-0.987f,-0.0044f,0.1609f,0.7017f,-0.0014f,0.9998f,0.0189f,1.9551f,-0.1609f,0.0184f,-0.9868f,-0.1774f,0f,0f,0f,1f],start_interpolation: 0,interpolation_duration: 1}
$data merge entity $(bone_lefthand1) {transformation: [-0.987f,-0.0044f,0.1609f,1.0349f,-0.0014f,0.9998f,0.0189f,2.2049f,-0.1609f,0.0184f,-0.9868f,-0.0866f,0f,0f,0f,1f],start_interpolation: 0,interpolation_duration: 1}
$data merge entity $(bone_leftforearm) {transformation: [-0.987f,-0.0044f,0.1609f,0.9676f,-0.0014f,0.9998f,0.0189f,2.9075f,-0.1609f,0.0184f,-0.9868f,-0.0683f,0f,0f,0f,1f],start_interpolation: 0,interpolation_duration: 1}
$data merge entity $(bone_leftelbow) {transformation: [-0.9909f,-0.0167f,0.1336f,0.9645f,0f,0.9923f,0.1238f,3.0936f,-0.1347f,0.1227f,-0.9833f,-0.0453f,0f,0f,0f,1f],start_interpolation: 0,interpolation_duration: 1}
$data merge entity $(bone_leftarm) {transformation: [-0.9909f,-0.0167f,0.1336f,0.7352f,0f,0.9923f,0.1238f,3.5859f,-0.1347f,0.1227f,-0.9833f,0.0173f,0f,0f,0f,1f],start_interpolation: 0,interpolation_duration: 1}
$data merge entity $(bone_rightthumb2) {transformation: [0.1119f,-0.7553f,-0.6457f,-1.0056f,0.1308f,0.6554f,-0.7439f,2.1365f,0.9851f,-0.0013f,0.1722f,-0.1415f,0f,0f,0f,1f],start_interpolation: 0,interpolation_duration: 1}
$data merge entity $(bone_rightthumb) {transformation: [0.1119f,-0.7553f,-0.6457f,-1.246f,0.1308f,0.6554f,-0.7439f,2.2337f,0.9851f,-0.0013f,0.1722f,-0.1271f,0f,0f,0f,1f],start_interpolation: 0,interpolation_duration: 1}
$data merge entity $(bone_rightpointerfinger) {transformation: [-0.5435f,-0.8393f,0.014f,-1.4381f,-0.8289f,0.5341f,-0.1662f,1.9422f,0.132f,-0.102f,-0.986f,-0.1282f,0f,0f,0f,1f],start_interpolation: 0,interpolation_duration: 1}
$data merge entity $(bone_rightmidfinger) {transformation: [-0.4294f,-0.903f,0.014f,-1.4359f,-0.8916f,0.4213f,-0.1662f,1.9163f,0.1442f,-0.0839f,-0.986f,-0.2823f,0f,0f,0f,1f],start_interpolation: 0,interpolation_duration: 1}
$data merge entity $(bone_rightringfinger) {transformation: [-0.5064f,-0.8622f,0.014f,-1.4337f,-0.8514f,0.4974f,-0.1662f,1.8903f,0.1363f,-0.0961f,-0.986f,-0.4363f,0f,0f,0f,1f],start_interpolation: 0,interpolation_duration: 1}
$data merge entity $(bone_hugeasssword) {transformation: [-3.7751f,1.0419f,0.055f,-1.126f,1.0187f,3.7254f,-0.651f,2.043f,-0.2255f,-0.6132f,-3.8618f,-0.2834f,0f,0f,0f,1f],start_interpolation: 0,interpolation_duration: 1}
$data merge entity $(bone_ice) {transformation: [-0.9639f,0.266f,0.014f,-1.1151f,0.2601f,0.9512f,-0.1662f,2.0241f,-0.0576f,-0.1566f,-0.986f,-0.28f,0f,0f,0f,1f],start_interpolation: 0,interpolation_duration: 1}
$data merge entity $(bone_righthand1) {transformation: [-0.9639f,0.266f,0.014f,-1.2891f,0.2601f,0.9512f,-0.1662f,2.3217f,-0.0576f,-0.1566f,-0.986f,-0.3644f,0f,0f,0f,1f],start_interpolation: 0,interpolation_duration: 1}
$data merge entity $(bone_rightforearm) {transformation: [-0.9785f,0.2026f,0.0391f,-1.0861f,0.198f,0.9752f,-0.0989f,2.9965f,-0.0582f,-0.0891f,-0.9943f,-0.4078f,0f,0f,0f,1f],start_interpolation: 0,interpolation_duration: 1}
$data merge entity $(bone_rightelbow) {transformation: [-0.9763f,0.2047f,0.0704f,-1.0477f,0.2073f,0.9778f,0.0317f,3.1799f,-0.0624f,0.0455f,-0.997f,-0.3993f,0f,0f,0f,1f],start_interpolation: 0,interpolation_duration: 1}
$data merge entity $(bone_rightarm) {transformation: [-0.9763f,0.1741f,0.1287f,-0.7512f,0.2073f,0.923f,0.3242f,3.5859f,-0.0624f,0.3432f,-0.9372f,-0.1847f,0f,0f,0f,1f],start_interpolation: 0,interpolation_duration: 1}
$data merge entity $(bone_chest1) {transformation: [-1.0735f,-0.0181f,0.1448f,0.0071f,0f,1.075f,0.1341f,3.4404f,-0.1459f,0.1329f,-1.0652f,-0.2119f,0f,0f,0f,1f],start_interpolation: 0,interpolation_duration: 1}
$data merge entity $(bone_chest1lid) {transformation: [-0.9909f,-0.0167f,0.1336f,-0.3721f,0f,0.9923f,0.1238f,2.7138f,-0.1347f,0.1227f,-0.9833f,0.043f,0f,0f,0f,1f],start_interpolation: 0,interpolation_duration: 1}
$data merge entity $(bone_chest2) {transformation: [-0.9909f,-0.0167f,0.1336f,-0.3695f,0f,0.9923f,0.1238f,2.5587f,-0.1347f,0.1227f,-0.9833f,0.0239f,0f,0f,0f,1f],start_interpolation: 0,interpolation_duration: 1}
$data merge entity $(bone_chest1lid3) {transformation: [-0.9909f,-0.0167f,0.1336f,-0.2246f,0f,0.9923f,0.1238f,2.7931f,-0.1347f,0.1227f,-0.9833f,-0.5785f,0f,0f,0f,1f],start_interpolation: 0,interpolation_duration: 1}
$data merge entity $(bone_chest3) {transformation: [-0.9909f,-0.0167f,0.1336f,-0.222f,0f,0.9923f,0.1238f,2.638f,-0.1347f,0.1227f,-0.9833f,-0.5976f,0f,0f,0f,1f],start_interpolation: 0,interpolation_duration: 1}
$data merge entity $(bone_hugeasssword2) {transformation: [-0.5234f,2.8172f,-2.6701f,-1.1977f,-0.4849f,2.6257f,2.8655f,4.6246f,3.8511f,0.7135f,-0.0021f,-0.496f,0f,0f,0f,1f],start_interpolation: 0,interpolation_duration: 1}
$data merge entity $(bone_belt) {transformation: [-0.9909f,-0.0167f,0.1336f,0.028f,0f,0.9923f,0.1238f,3.0289f,-0.1347f,0.1227f,-0.9833f,-0.1278f,0f,0f,0f,1f],start_interpolation: 0,interpolation_duration: 1}
$data merge entity $(bone_torn_part) {transformation: [-0.9909f,-0.0507f,0.1248f,-0.0898f,0f,0.9265f,0.3763f,2.7494f,-0.1347f,0.3729f,-0.918f,-0.1781f,0f,0f,0f,1f],start_interpolation: 0,interpolation_duration: 1}
$data merge entity $(bone_lowerbody) {transformation: [-0.9909f,-0.0108f,0.1342f,-0.0066f,0f,0.9968f,0.0803f,2.2514f,-0.1347f,0.0796f,-0.9877f,-0.0649f,0f,0f,0f,1f],start_interpolation: 0,interpolation_duration: 1}
$data merge entity $(bone_leftfoot) {transformation: [-0.9985f,-0.0456f,-0.0298f,0.3945f,-0.05f,0.9844f,0.1686f,0.1715f,0.0216f,0.1698f,-0.9852f,-0.3023f,0f,0f,0f,1f],start_interpolation: 0,interpolation_duration: 1}
$data merge entity $(bone_leftlowerleg) {transformation: [-0.9985f,-0.0456f,-0.0298f,0.3486f,-0.05f,0.9844f,0.1686f,1.2376f,0.0216f,0.1698f,-0.9852f,0.0375f,0f,0f,0f,1f],start_interpolation: 0,interpolation_duration: 1}
$data merge entity $(bone_leftleg) {transformation: [-0.9985f,-0.0538f,-0.0084f,0.2604f,-0.05f,0.9668f,-0.2508f,2.2698f,0.0216f,-0.25f,-0.968f,-0.2022f,0f,0f,0f,1f],start_interpolation: 0,interpolation_duration: 1}
$data merge entity $(bone_rightfoot) {transformation: [-0.9807f,0.0206f,0.1944f,-0.3286f,0.0222f,0.9997f,0.0061f,0.1281f,-0.1942f,0.0103f,-0.9809f,-0.2032f,0f,0f,0f,1f],start_interpolation: 0,interpolation_duration: 1}
$data merge entity $(bone_rightlowerleg) {transformation: [-0.9807f,0.0206f,0.1944f,-0.3356f,0.0222f,0.9997f,0.0061f,1.2362f,-0.1942f,0.0103f,-0.9809f,-0.0411f,0f,0f,0f,1f],start_interpolation: 0,interpolation_duration: 1}
$data merge entity $(bone_rightleg) {transformation: [-0.9807f,0.0702f,0.1825f,-0.235f,0.0222f,0.9672f,-0.2529f,2.2698f,-0.1942f,-0.244f,-0.9501f,-0.2695f,0f,0f,0f,1f],start_interpolation: 0,interpolation_duration: 1}
data modify entity @s data merge value {"cameras":{},"locators":{"lefthand":{"posx":0.8846017186661367,"posy":1.8769169309213147,"posz":-0.1332376475576682,"roty":9.260076280776474,"rotx":1.082944689082395},"sword":{"posx":-1.2616500877399976,"posy":2.6490956323362203,"posz":3.3682611273249363,"roty":0.8162314552240844,"rotx":-9.567900466541053},"righthand":{"posx":-1.2098507405965084,"posy":2.036172938907621,"posz":-0.2675742442940459,"roty":0.8162314552240844,"rotx":-9.567900466541053},"chest":{"posx":-0.4229289355300946,"posy":2.632422490984391,"posz":0.18479714128090716,"roty":7.740000000000009,"rotx":7.111219898084985}}}