# This file was generated by Animated Java via MC-Build. It is not recommended to edit this file directly.
$data merge entity $(nose) {transformation: [-0.9987f,-0.0286f,0.0424f,-0.0408f,-0.017f,0.9675f,0.2524f,3.9375f,-0.0483f,0.2513f,-0.9667f,3.3732f,0f,0f,0f,1f],start_interpolation: 0,interpolation_duration: 1}
$data merge entity $(glowing_eye) {transformation: [-0.9987f,-0.0286f,0.0424f,-0.1691f,-0.017f,0.9675f,0.2524f,3.9921f,-0.0483f,0.2513f,-0.9667f,3.4179f,0f,0f,0f,1f],start_interpolation: 0,interpolation_duration: 1}
$data merge entity $(head) {transformation: [-0.9987f,-0.0286f,0.0424f,-0.0294f,-0.017f,0.9675f,0.2524f,3.8653f,-0.0483f,0.2513f,-0.9667f,3.1611f,0f,0f,0f,1f],start_interpolation: 0,interpolation_duration: 1}
$data merge entity $(leftthumb2) {transformation: [-0.106f,-0.1164f,0.9875f,0.9073f,0.1351f,0.9822f,0.1303f,1.7076f,-0.9851f,0.1472f,-0.0884f,2.663f,0f,0f,0f,1f],start_interpolation: 0,interpolation_duration: 1}
$data merge entity $(leftthumb) {transformation: [-0.106f,-0.1164f,0.9875f,0.9632f,0.1351f,0.9822f,0.1303f,1.9596f,-0.9851f,0.1472f,-0.0884f,2.6915f,0f,0f,0f,1f],start_interpolation: 0,interpolation_duration: 1}
$data merge entity $(leftpointerfinger) {transformation: [-0.106f,-0.1164f,0.9875f,1.0592f,0.1351f,0.9822f,0.1303f,1.6287f,-0.9851f,0.1472f,-0.0884f,2.7469f,0f,0f,0f,1f],start_interpolation: 0,interpolation_duration: 1}
$data merge entity $(leftmidfinger) {transformation: [-0.106f,-0.1164f,0.9875f,1.2135f,0.1351f,0.9822f,0.1303f,1.649f,-0.9851f,0.1472f,-0.0884f,2.733f,0f,0f,0f,1f],start_interpolation: 0,interpolation_duration: 1}
$data merge entity $(leftringfinger) {transformation: [-0.106f,-0.1164f,0.9875f,1.3678f,0.1351f,0.9822f,0.1303f,1.6694f,-0.9851f,0.1472f,-0.0884f,2.7192f,0f,0f,0f,1f],start_interpolation: 0,interpolation_duration: 1}
$data merge entity $(invisibility) {transformation: [-0.0299f,-0.9939f,0.106f,0.9958f,0.9898f,-0.0442f,-0.1351f,1.7573f,0.139f,0.1009f,0.9851f,2.581f,0f,0f,0f,1f],start_interpolation: 0,interpolation_duration: 1}
$data merge entity $(swiftness) {transformation: [0.9875f,-0.1164f,0.106f,1.1912f,0.1303f,0.9822f,-0.1351f,1.6558f,-0.0884f,0.1472f,0.9851f,2.4932f,0f,0f,0f,1f],start_interpolation: 0,interpolation_duration: 1}
$data merge entity $(suspicious_stew) {transformation: [0.3118f,-0.9442f,0.106f,1.1864f,0.9453f,0.297f,-0.1351f,1.7357f,0.0961f,0.1423f,0.9851f,2.5575f,0f,0f,0f,1f],start_interpolation: 0,interpolation_duration: 1}
$data merge entity $(log) {transformation: [-0.106f,-0.1164f,0.9875f,1.2082f,0.1351f,0.9822f,0.1303f,1.8773f,-0.9851f,0.1472f,-0.0884f,2.4794f,0f,0f,0f,1f],start_interpolation: 0,interpolation_duration: 1}
$data merge entity $(planks) {transformation: [-0.106f,-0.1164f,0.9875f,1.1983f,0.1351f,0.9822f,0.1303f,1.8899f,-0.9851f,0.1472f,-0.0884f,2.3871f,0f,0f,0f,1f],start_interpolation: 0,interpolation_duration: 1}
$data merge entity $(lefthand1) {transformation: [-0.106f,-0.1164f,0.9875f,1.1747f,0.1351f,0.9822f,0.1303f,2.085f,-0.9851f,0.1472f,-0.0884f,2.7653f,0f,0f,0f,1f],start_interpolation: 0,interpolation_duration: 1}
$data merge entity $(leftforearm) {transformation: [-0.9664f,-0.1164f,0.2292f,1.0289f,-0.0778f,0.9822f,0.1708f,2.7681f,-0.245f,0.1472f,-0.9583f,2.8685f,0f,0f,0f,1f],start_interpolation: 0,interpolation_duration: 1}
$data merge entity $(leftelbow) {transformation: [-0.9871f,-0.1505f,0.0538f,1.0007f,-0.1146f,0.9011f,0.4182f,2.937f,-0.1114f,0.4067f,-0.9068f,2.9447f,0f,0f,0f,1f],start_interpolation: 0,interpolation_duration: 1}
$data merge entity $(leftarm) {transformation: [-0.9871f,-0.1505f,0.0538f,0.7078f,-0.1146f,0.9011f,0.4182f,3.3495f,-0.1114f,0.4067f,-0.9068f,3.152f,0f,0f,0f,1f],start_interpolation: 0,interpolation_duration: 1}
$data merge entity $(rightthumb2) {transformation: [-0.0385f,-0.8188f,-0.5728f,-1.0527f,0.9415f,0.1624f,-0.2954f,3.2564f,0.3349f,-0.5506f,0.7646f,4.2648f,0f,0f,0f,1f],start_interpolation: 0,interpolation_duration: 1}
$data merge entity $(rightthumb) {transformation: [-0.0385f,-0.8188f,-0.5728f,-1.3024f,0.9415f,0.1624f,-0.2954f,3.271f,0.3349f,-0.5506f,0.7646f,4.1951f,0f,0f,0f,1f],start_interpolation: 0,interpolation_duration: 1}
$data merge entity $(rightpointerfinger) {transformation: [-0.6424f,-0.6528f,0.4014f,-1.3734f,-0.2915f,-0.2763f,-0.9158f,3.184f,0.7087f,-0.7054f,-0.0128f,4.5256f,0f,0f,0f,1f],start_interpolation: 0,interpolation_duration: 1}
$data merge entity $(rightmidfinger) {transformation: [-0.4306f,-0.8084f,0.4014f,-1.3107f,-0.201f,-0.3477f,-0.9158f,3.0409f,0.8799f,-0.475f,-0.0128f,4.5236f,0f,0f,0f,1f],start_interpolation: 0,interpolation_duration: 1}
$data merge entity $(rightringfinger) {transformation: [-0.4825f,-0.7785f,0.4014f,-1.248f,-0.2233f,-0.3338f,-0.9158f,2.8979f,0.8469f,-0.5316f,-0.0128f,4.5216f,0f,0f,0f,1f],start_interpolation: 0,interpolation_duration: 1}
$data merge entity $(hugeasssword) {transformation: [-3.1988f,1.4577f,-1.7272f,-1.0802f,-1.5969f,0.6604f,3.5148f,3.162f,1.5993f,3.5748f,0.0549f,4.3132f,0f,0f,0f,1f],start_interpolation: 0,interpolation_duration: 1}
$data merge entity $(whey) {transformation: [0f,0f,0f,-0.9764f,0f,0f,0f,3.3598f,0f,0f,0f,4.4038f,0f,0f,0f,1f],start_interpolation: 0,interpolation_duration: 1}
$data merge entity $(ice) {transformation: [-0.9153f,-0.0313f,0.4014f,-1.0654f,-0.4016f,0.0002f,-0.9158f,3.1683f,0.0286f,-0.9995f,-0.0128f,4.3284f,0f,0f,0f,1f],start_interpolation: 0,interpolation_duration: 1}
$data merge entity $(righthand1) {transformation: [-0.9153f,-0.0313f,0.4014f,-1.2895f,-0.4016f,0.0002f,-0.9158f,3.0393f,0.0286f,-0.9995f,-0.0128f,4.0853f,0f,0f,0f,1f],start_interpolation: 0,interpolation_duration: 1}
$data merge entity $(rightforearm) {transformation: [-0.2476f,0.1006f,-0.9636f,-1.1883f,0.8969f,0.3999f,-0.1888f,3.2674f,0.3663f,-0.911f,-0.1892f,3.4247f,0f,0f,0f,1f],start_interpolation: 0,interpolation_duration: 1}
$data merge entity $(rightelbow) {transformation: [-0.1493f,0.1009f,-0.9836f,-1.1694f,0.8325f,0.5495f,-0.07f,3.3704f,0.5335f,-0.8294f,-0.166f,3.2692f,0f,0f,0f,1f],start_interpolation: 0,interpolation_duration: 1}
$data merge entity $(rightarm) {transformation: [-0.1493f,0.392f,-0.9078f,-0.9123f,0.8325f,0.5452f,0.0985f,3.4578f,0.5335f,-0.741f,-0.4077f,2.7948f,0f,0f,0f,1f],start_interpolation: 0,interpolation_duration: 1}
$data merge entity $(chest1) {transformation: [-1.0557f,-0.0276f,0.2417f,0.0033f,0.0706f,0.9952f,0.4221f,3.2941f,-0.2328f,0.4271f,-0.968f,2.8288f,0f,0f,0f,1f],start_interpolation: 0,interpolation_duration: 1}
$data merge entity $(chest1lid) {transformation: [-0.9745f,-0.0255f,0.2231f,-0.3992f,0.0652f,0.9187f,0.3896f,2.536f,-0.2149f,0.3942f,-0.8936f,2.8357f,0f,0f,0f,1f],start_interpolation: 0,interpolation_duration: 1}
$data merge entity $(chest2) {transformation: [-0.9745f,-0.0255f,0.2231f,-0.3953f,0.0652f,0.9187f,0.3896f,2.3925f,-0.2149f,0.3942f,-0.8936f,2.7741f,0f,0f,0f,1f],start_interpolation: 0,interpolation_duration: 1}
$data merge entity $(chest1lid3) {transformation: [-0.9745f,-0.0255f,0.2231f,-0.1954f,0.0652f,0.9187f,0.3896f,2.7815f,-0.2149f,0.3942f,-0.8936f,2.2767f,0f,0f,0f,1f],start_interpolation: 0,interpolation_duration: 1}
$data merge entity $(chest3) {transformation: [-0.9745f,-0.0255f,0.2231f,-0.1914f,0.0652f,0.9187f,0.3896f,2.638f,-0.2149f,0.3942f,-0.8936f,2.2151f,0f,0f,0f,1f],start_interpolation: 0,interpolation_duration: 1}
$data merge entity $(hugeasssword2) {transformation: [-0.8737f,2.7465f,-2.6521f,-1.1677f,-1.526f,2.2427f,2.8252f,4.5435f,3.4997f,1.6635f,0.5698f,2.7847f,0f,0f,0f,1f],start_interpolation: 0,interpolation_duration: 1}
$data merge entity $(belt) {transformation: [-0.9745f,-0.0255f,0.2231f,0.0155f,0.0652f,0.9187f,0.3896f,2.8751f,-0.2149f,0.3942f,-0.8936f,2.7956f,0f,0f,0f,1f],start_interpolation: 0,interpolation_duration: 1}
$data merge entity $(torn_part) {transformation: [-0.9745f,-0.0817f,0.2091f,-0.0979f,0.0652f,0.7885f,0.6116f,2.6242f,-0.2149f,0.6096f,-0.763f,2.6594f,0f,0f,0f,1f],start_interpolation: 0,interpolation_duration: 1}
$data merge entity $(lowerbody) {transformation: [-0.9745f,-0.015f,0.224f,-0.0269f,0.0652f,0.9359f,0.3462f,2.1122f,-0.2149f,0.3519f,-0.911f,2.6366f,0f,0f,0f,1f],start_interpolation: 0,interpolation_duration: 1}
$data merge entity $(leftfoot) {transformation: [-0.9928f,0.0524f,0.1073f,0.1151f,0.0458f,0.997f,-0.0625f,0.138f,-0.1103f,-0.0571f,-0.9923f,2.9219f,0f,0f,0f,1f],start_interpolation: 0,interpolation_duration: 1}
$data merge entity $(leftlowerleg) {transformation: [-0.9928f,0.0524f,0.1073f,0.1567f,0.0458f,0.997f,-0.0625f,1.2536f,-0.1103f,-0.0571f,-0.9923f,3.011f,0f,0f,0f,1f],start_interpolation: 0,interpolation_duration: 1}
$data merge entity $(leftleg) {transformation: [-0.9928f,0.0962f,0.0708f,0.226f,0.0458f,0.8542f,-0.5179f,2.1762f,-0.1103f,-0.5109f,-0.8525f,2.4869f,0f,0f,0f,1f],start_interpolation: 0,interpolation_duration: 1}
$data merge entity $(rightfoot) {transformation: [-0.9515f,0.0936f,0.2932f,-0.5778f,0.2834f,0.638f,0.716f,0.6613f,-0.1201f,0.7643f,-0.6335f,1.041f,0f,0f,0f,1f],start_interpolation: 0,interpolation_duration: 1}
$data merge entity $(rightlowerleg) {transformation: [-0.9515f,0.0936f,0.2932f,-0.5191f,0.2834f,0.638f,0.716f,1.259f,-0.1201f,0.7643f,-0.6335f,1.9863f,0f,0f,0f,1f],start_interpolation: 0,interpolation_duration: 1}
$data merge entity $(rightleg) {transformation: [-0.9515f,0.2087f,0.2262f,-0.2735f,0.2834f,0.8808f,0.3793f,2.1762f,-0.1201f,0.425f,-0.8972f,2.4649f,0f,0f,0f,1f],start_interpolation: 0,interpolation_duration: 1}
data modify entity @s data merge value {"cameras":{},"locators":{"soup":{"px":1.020794296927652,"py":1.7910010572801913,"pz":2.5512033122355104,"ry":173.85924426962217,"rx":-7.763931601044618},"lefthand":{"px":1.2117949310891536,"py":1.7858405871721925,"pz":2.5616672893194132,"ry":84.88579892541739,"rx":7.485986309061447},"sword":{"px":0.4773948162221071,"py":-0.1983296563374286,"pz":4.264653511358816,"ry":268.1780483733911,"rx":63.81888454481256},"righthand":{"px":-1.1570055727234758,"py":3.1449142915901955,"pz":4.346886562474479,"ry":88.17457750721321,"rx":-66.3188838952318},"chest":{"px":-0.46295209468543697,"py":2.419757034998066,"pz":2.943952209659826,"ry":14.017164998453893,"rx":22.9307128627074}}}