# This file was generated by Animated Java via MC-Build. It is not recommended to edit this file directly.
$data merge entity $(nose) {transformation: [-0.9984f,-0.0342f,0.045f,-0.0142f,-0.0313f,0.9974f,0.0645f,4.1043f,-0.0471f,0.063f,-0.9969f,3.2262f,0f,0f,0f,1f],start_interpolation: 0,interpolation_duration: 1}
$data merge entity $(glowing_eye) {transformation: [-0.9984f,-0.0342f,0.045f,-0.1429f,-0.0313f,0.9974f,0.0645f,4.1656f,-0.0471f,0.063f,-0.9969f,3.2594f,0f,0f,0f,1f],start_interpolation: 0,interpolation_duration: 1}
$data merge entity $(head) {transformation: [-0.9984f,-0.0342f,0.045f,-0.0015f,-0.0313f,0.9974f,0.0645f,3.9932f,-0.0471f,0.063f,-0.9969f,3.0318f,0f,0f,0f,1f],start_interpolation: 0,interpolation_duration: 1}
$data merge entity $(leftthumb2) {transformation: [-0.5182f,-0.1359f,0.8444f,0.8831f,0.1749f,0.9496f,0.2602f,2.0338f,-0.8372f,0.2825f,-0.4683f,2.0124f,0f,0f,0f,1f],start_interpolation: 0,interpolation_duration: 1}
$data merge entity $(leftthumb) {transformation: [-0.5182f,-0.1359f,0.8444f,0.9219f,0.1749f,0.9496f,0.2602f,2.2889f,-0.8372f,0.2825f,-0.4683f,2.0416f,0f,0f,0f,1f],start_interpolation: 0,interpolation_duration: 1}
$data merge entity $(leftpointerfinger) {transformation: [-0.5182f,-0.1359f,0.8444f,1.0628f,0.1749f,0.9496f,0.2602f,1.9704f,-0.8372f,0.2825f,-0.4683f,2.0185f,0f,0f,0f,1f],start_interpolation: 0,interpolation_duration: 1}
$data merge entity $(leftmidfinger) {transformation: [-0.5182f,-0.1359f,0.8444f,1.1947f,0.1749f,0.9496f,0.2602f,2.0111f,-0.8372f,0.2825f,-0.4683f,1.9454f,0f,0f,0f,1f],start_interpolation: 0,interpolation_duration: 1}
$data merge entity $(leftringfinger) {transformation: [-0.5182f,-0.1359f,0.8444f,1.3266f,0.1749f,0.9496f,0.2602f,2.0517f,-0.8372f,0.2825f,-0.4683f,1.8722f,0f,0f,0f,1f],start_interpolation: 0,interpolation_duration: 1}
$data merge entity $(invisibility) {transformation: [-0.0618f,-0.853f,0.5182f,0.9243f,0.9687f,-0.1765f,-0.1749f,2.0989f,0.2406f,0.4912f,0.8372f,1.9071f,0f,0f,0f,1f],start_interpolation: 0,interpolation_duration: 1}
$data merge entity $(swiftness) {transformation: [0.8444f,-0.1359f,0.5182f,1.0741f,0.2602f,0.9496f,-0.1749f,2.0282f,-0.4683f,0.2825f,0.8372f,1.7374f,0f,0f,0f,1f],start_interpolation: 0,interpolation_duration: 1}
$data merge entity $(suspicious_stew) {transformation: [0.2336f,-0.8227f,0.5182f,1.089f,0.9706f,0.1655f,-0.1749f,2.1032f,0.0581f,0.5438f,0.8372f,1.806f,0f,0f,0f,1f],start_interpolation: 0,interpolation_duration: 1}
$data merge entity $(log) {transformation: [-0.5182f,-0.1359f,0.8444f,1.063f,0.1749f,0.9496f,0.2602f,2.2505f,-0.8372f,0.2825f,-0.4683f,1.7409f,0f,0f,0f,1f],start_interpolation: 0,interpolation_duration: 1}
$data merge entity $(planks) {transformation: [-0.5182f,-0.1359f,0.8444f,1.0144f,0.1749f,0.9496f,0.2602f,2.2669f,-0.8372f,0.2825f,-0.4683f,1.6624f,0f,0f,0f,1f],start_interpolation: 0,interpolation_duration: 1}
$data merge entity $(lefthand1) {transformation: [-0.5182f,-0.1359f,0.8444f,1.1322f,0.1749f,0.9496f,0.2602f,2.4361f,-0.8372f,0.2825f,-0.4683f,2.0355f,0f,0f,0f,1f],start_interpolation: 0,interpolation_duration: 1}
$data merge entity $(leftforearm) {transformation: [-0.9865f,-0.1359f,-0.0916f,0.9764f,-0.1561f,0.9496f,0.2719f,3.0897f,0.05f,0.2825f,-0.958f,2.2522f,0f,0f,0f,1f],start_interpolation: 0,interpolation_duration: 1}
$data merge entity $(leftelbow) {transformation: [-0.9606f,-0.0653f,-0.2702f,0.9642f,-0.2209f,0.7691f,0.5997f,3.2339f,0.1686f,0.6358f,-0.7532f,2.3714f,0f,0f,0f,1f],start_interpolation: 0,interpolation_duration: 1}
$data merge entity $(leftarm) {transformation: [-0.9606f,-0.0653f,-0.2702f,0.7298f,-0.2209f,0.7691f,0.5997f,3.5514f,0.1686f,0.6358f,-0.7532f,2.7497f,0f,0f,0f,1f],start_interpolation: 0,interpolation_duration: 1}
$data merge entity $(rightthumb2) {transformation: [-0.6231f,-0.4581f,-0.634f,-0.1151f,-0.4141f,0.8808f,-0.2295f,1.891f,0.6636f,0.1196f,-0.7385f,3.2f,0f,0f,0f,1f],start_interpolation: 0,interpolation_duration: 1}
$data merge entity $(rightthumb) {transformation: [-0.6231f,-0.4581f,-0.634f,-0.2817f,-0.4141f,0.8808f,-0.2295f,2.0874f,0.6636f,0.1196f,-0.7385f,3.1662f,0f,0f,0f,1f],start_interpolation: 0,interpolation_duration: 1}
$data merge entity $(rightpointerfinger) {transformation: [-0.6231f,-0.4581f,-0.634f,-0.2292f,-0.4141f,0.8808f,-0.2295f,1.7424f,0.6636f,0.1196f,-0.7385f,3.1649f,0f,0f,0f,1f],start_interpolation: 0,interpolation_duration: 1}
$data merge entity $(rightmidfinger) {transformation: [-0.6231f,-0.4581f,-0.634f,-0.3283f,-0.4141f,0.8808f,-0.2295f,1.7065f,0.6636f,0.1196f,-0.7385f,3.0495f,0f,0f,0f,1f],start_interpolation: 0,interpolation_duration: 1}
$data merge entity $(rightringfinger) {transformation: [-0.6231f,-0.4581f,-0.634f,-0.4273f,-0.4141f,0.8808f,-0.2295f,1.6707f,0.6636f,0.1196f,-0.7385f,2.9341f,0f,0f,0f,1f],start_interpolation: 0,interpolation_duration: 1}
$data merge entity $(hugeasssword) {transformation: [-1.666f,2.6319f,2.3744f,-0.2459f,-2.8534f,-2.5523f,0.8271f,1.999f,2.1031f,-1.378f,3.0031f,2.9091f,0f,0f,0f,1f],start_interpolation: 0,interpolation_duration: 1}
$data merge entity $(whey) {transformation: [0f,0f,0f,-0.0067f,0f,0f,0f,2.0199f,0f,0f,0f,2.8877f,0f,0f,0f,1f],start_interpolation: 0,interpolation_duration: 1}
$data merge entity $(ice) {transformation: [-0.6231f,-0.4581f,-0.634f,-0.229f,-0.4141f,0.8808f,-0.2295f,1.9917f,0.6636f,0.1196f,-0.7385f,2.8968f,0f,0f,0f,1f],start_interpolation: 0,interpolation_duration: 1}
$data merge entity $(righthand1) {transformation: [-0.6231f,-0.4581f,-0.634f,-0.5191f,-0.4141f,0.8808f,-0.2295f,2.1012f,0.6636f,0.1196f,-0.7385f,3.0695f,0f,0f,0f,1f],start_interpolation: 0,interpolation_duration: 1}
$data merge entity $(rightforearm) {transformation: [-0.0498f,-0.341f,-0.9387f,-0.7411f,-0.208f,0.9228f,-0.3242f,2.7682f,0.9769f,0.1792f,-0.1169f,3.1363f,0f,0f,0f,1f],start_interpolation: 0,interpolation_duration: 1}
$data merge entity $(rightelbow) {transformation: [0.0531f,-0.2366f,-0.9702f,-0.7855f,-0.1894f,0.9515f,-0.2424f,2.9466f,0.9805f,0.1966f,0.0057f,3.1731f,0f,0f,0f,1f],start_interpolation: 0,interpolation_duration: 1}
$data merge entity $(rightarm) {transformation: [0.0531f,0.0661f,-0.9964f,-0.7329f,-0.1894f,0.9804f,0.055f,3.4765f,0.9805f,0.1858f,0.0646f,3.0495f,0f,0f,0f,1f],start_interpolation: 0,interpolation_duration: 1}
$data merge entity $(chest1) {transformation: [-1.0599f,0.0181f,-0.2232f,-0.0316f,-0.0543f,1.0268f,0.341f,3.3964f,0.2173f,0.3448f,-1.0037f,2.7476f,0f,0f,0f,1f],start_interpolation: 0,interpolation_duration: 1}
$data merge entity $(chest1lid) {transformation: [-0.9784f,0.0167f,-0.2061f,-0.2964f,-0.0501f,0.9478f,0.3148f,2.6083f,0.2006f,0.3183f,-0.9265f,2.9611f,0f,0f,0f,1f],start_interpolation: 0,interpolation_duration: 1}
$data merge entity $(chest2) {transformation: [-0.9784f,0.0167f,-0.2061f,-0.299f,-0.0501f,0.9478f,0.3148f,2.4602f,0.2006f,0.3183f,-0.9265f,2.9114f,0f,0f,0f,1f],start_interpolation: 0,interpolation_duration: 1}
$data merge entity $(chest1lid3) {transformation: [-0.9784f,0.0167f,-0.2061f,-0.3673f,-0.0501f,0.9478f,0.3148f,2.8131f,0.2006f,0.3183f,-0.9265f,2.355f,0f,0f,0f,1f],start_interpolation: 0,interpolation_duration: 1}
$data merge entity $(chest3) {transformation: [-0.9784f,0.0167f,-0.2061f,-0.3699f,-0.0501f,0.9478f,0.3148f,2.665f,0.2006f,0.3183f,-0.9265f,2.3053f,0f,0f,0f,1f],start_interpolation: 0,interpolation_duration: 1}
$data merge entity $(hugeasssword2) {transformation: [0.807f,2.8694f,-2.5408f,-1.2723f,-1.2329f,2.6528f,2.6044f,4.5178f,3.6289f,0.2631f,1.4498f,3.1185f,0f,0f,0f,1f],start_interpolation: 0,interpolation_duration: 1}
$data merge entity $(belt) {transformation: [-0.9784f,0.0167f,-0.2061f,0.0201f,-0.0501f,0.9478f,0.3148f,2.9792f,0.2006f,0.3183f,-0.9265f,2.7357f,0f,0f,0f,1f],start_interpolation: 0,interpolation_duration: 1}
$data merge entity $(torn_part) {transformation: [-0.9784f,0.0689f,-0.1949f,-0.1051f,-0.0501f,0.8357f,0.5469f,2.706f,0.2006f,0.5449f,-0.8142f,2.672f,0f,0f,0f,1f],start_interpolation: 0,interpolation_duration: 1}
$data merge entity $(lowerbody) {transformation: [-0.9784f,0.0071f,-0.2066f,0.016f,-0.0501f,0.9615f,0.2703f,2.2034f,0.2006f,0.2749f,-0.9403f,2.6505f,0f,0f,0f,1f],start_interpolation: 0,interpolation_duration: 1}
$data merge entity $(leftfoot) {transformation: [-0.9913f,0.1226f,0.0472f,0.0226f,0.1117f,0.9758f,-0.1882f,0.1667f,-0.0691f,-0.1813f,-0.981f,2.9366f,0f,0f,0f,1f],start_interpolation: 0,interpolation_duration: 1}
$data merge entity $(leftlowerleg) {transformation: [-0.9913f,0.1226f,0.0472f,0.1514f,0.1117f,0.9758f,-0.1882f,1.2781f,-0.0691f,-0.1813f,-0.981f,2.8863f,0f,0f,0f,1f],start_interpolation: 0,interpolation_duration: 1}
$data merge entity $(leftleg) {transformation: [-0.9913f,0.1302f,0.0176f,0.2582f,0.1117f,0.9059f,-0.4086f,2.2547f,-0.0691f,-0.403f,-0.9126f,2.4796f,0f,0f,0f,1f],start_interpolation: 0,interpolation_duration: 1}
$data merge entity $(rightfoot) {transformation: [-0.9748f,0.1465f,0.1682f,-0.6321f,0.2225f,0.6949f,0.6838f,0.6837f,-0.0167f,0.704f,-0.71f,1.1041f,0f,0f,0f,1f],start_interpolation: 0,interpolation_duration: 1}
$data merge entity $(rightlowerleg) {transformation: [-0.9748f,0.1465f,0.1682f,-0.4954f,0.2225f,0.6949f,0.6838f,1.3496f,-0.0167f,0.704f,-0.71f,1.9941f,0f,0f,0f,1f],start_interpolation: 0,interpolation_duration: 1}
$data merge entity $(rightleg) {transformation: [-0.9588f,0.2152f,0.1856f,-0.2416f,0.2745f,0.8699f,0.4097f,2.2547f,-0.0733f,0.4437f,-0.8932f,2.4911f,0f,0f,0f,1f],start_interpolation: 0,interpolation_duration: 1}
data modify entity @s data merge value {"cameras":{},"locators":{"soup":{"px":0.9314213811341904,"py":2.13711879183371,"pz":1.8733554417692482,"ry":148.24171539544895,"rx":-10.070188001449406},"lefthand":{"px":1.1090335156380908,"py":2.1558542868085286,"pz":1.8046511593462387,"ry":60.984823423119764,"rx":15.082082032043028},"sword":{"px":-2.5450749924032685,"py":1.1804549255284011,"pz":0.12266679556956417,"ry":141.66836269955317,"rx":12.191065082493267},"righthand":{"px":-0.2703718166304181,"py":1.9427133232114868,"pz":2.968715740813916,"ry":319.3537849379345,"rx":-13.264836937132333},"chest":{"px":-0.2958299381157455,"py":2.4983164123834882,"pz":3.092236005256082,"ry":347.4620683055165,"rx":18.346962142759192}}}