# This file was generated by Animated Java via MC-Build. It is not recommended to edit this file directly.
$data merge entity $(nose) {transformation: [-0.9971f,-0.0628f,-0.0433f,-0.0433f,-0.0596f,0.9956f,-0.0723f,4.1934f,0.0477f,-0.0695f,-0.9964f,3.0163f,0f,0f,0f,1f],start_interpolation: 0,interpolation_duration: 1}
$data merge entity $(glowing_eye) {transformation: [-0.9971f,-0.0628f,-0.0433f,-0.1706f,-0.0596f,0.9956f,-0.0723f,4.2559f,0.0477f,-0.0695f,-0.9964f,3.0523f,0f,0f,0f,1f],start_interpolation: 0,interpolation_duration: 1}
$data merge entity $(head) {transformation: [-0.9971f,-0.0628f,-0.0433f,-0.0436f,-0.0596f,0.9956f,-0.0723f,4.0569f,0.0477f,-0.0695f,-0.9964f,2.8383f,0f,0f,0f,1f],start_interpolation: 0,interpolation_duration: 1}
$data merge entity $(leftthumb2) {transformation: [-0.7137f,-0.2055f,0.6696f,0.9205f,-0.1225f,0.9779f,0.1695f,1.9688f,-0.6896f,0.0389f,-0.7231f,2.2196f,0f,0f,0f,1f],start_interpolation: 0,interpolation_duration: 1}
$data merge entity $(leftthumb) {transformation: [-0.7137f,-0.2055f,0.6696f,0.9273f,-0.1225f,0.9779f,0.1695f,2.2231f,-0.6896f,0.0389f,-0.7231f,2.1674f,0f,0f,0f,1f],start_interpolation: 0,interpolation_duration: 1}
$data merge entity $(leftpointerfinger) {transformation: [-0.7137f,-0.2055f,0.6696f,1.1042f,-0.1225f,0.9779f,0.1695f,1.9236f,-0.6896f,0.0389f,-0.7231f,2.1962f,0f,0f,0f,1f],start_interpolation: 0,interpolation_duration: 1}
$data merge entity $(leftmidfinger) {transformation: [-0.7137f,-0.2055f,0.6696f,1.2088f,-0.1225f,0.9779f,0.1695f,1.9501f,-0.6896f,0.0389f,-0.7231f,2.0832f,0f,0f,0f,1f],start_interpolation: 0,interpolation_duration: 1}
$data merge entity $(leftringfinger) {transformation: [-0.7137f,-0.2055f,0.6696f,1.3134f,-0.1225f,0.9779f,0.1695f,1.9766f,-0.6896f,0.0389f,-0.7231f,1.9702f,0f,0f,0f,1f],start_interpolation: 0,interpolation_duration: 1}
$data merge entity $(invisibility) {transformation: [-0.1463f,-0.6849f,0.7137f,0.9269f,0.9889f,-0.0836f,0.1225f,2.0023f,-0.0243f,0.7238f,0.6896f,2.0937f,0f,0f,0f,1f],start_interpolation: 0,interpolation_duration: 1}
$data merge entity $(swiftness) {transformation: [0.6696f,-0.2055f,0.7137f,1.0431f,0.1695f,0.9779f,0.1225f,1.8953f,-0.7231f,0.0389f,0.6896f,1.9169f,0f,0f,0f,1f],start_interpolation: 0,interpolation_duration: 1}
$data merge entity $(suspicious_stew) {transformation: [0.0968f,-0.6937f,0.7137f,1.0621f,0.9579f,0.2597f,0.1225f,1.9882f,-0.2704f,0.6718f,0.6896f,1.9563f,0f,0f,0f,1f],start_interpolation: 0,interpolation_duration: 1}
$data merge entity $(log) {transformation: [-0.7137f,-0.2055f,0.6696f,1.0009f,-0.1225f,0.9779f,0.1695f,2.1069f,-0.6896f,0.0389f,-0.7231f,1.8626f,0f,0f,0f,1f],start_interpolation: 0,interpolation_duration: 1}
$data merge entity $(planks) {transformation: [-0.7137f,-0.2055f,0.6696f,0.934f,-0.1225f,0.9779f,0.1695f,2.0954f,-0.6896f,0.0389f,-0.7231f,1.798f,0f,0f,0f,1f],start_interpolation: 0,interpolation_duration: 1}
$data merge entity $(lefthand1) {transformation: [-0.7137f,-0.2055f,0.6696f,1.1071f,-0.1225f,0.9779f,0.1695f,2.3767f,-0.6896f,0.0389f,-0.7231f,2.0673f,0f,0f,0f,1f],start_interpolation: 0,interpolation_duration: 1}
$data merge entity $(leftforearm) {transformation: [-0.951f,-0.2055f,-0.2311f,0.9068f,-0.2089f,0.9779f,-0.0099f,3.0514f,0.228f,0.0389f,-0.9729f,2.1241f,0f,0f,0f,1f],start_interpolation: 0,interpolation_duration: 1}
$data merge entity $(leftelbow) {transformation: [-0.9056f,-0.0809f,-0.4163f,0.8916f,-0.2337f,0.9144f,0.3306f,3.2229f,0.3539f,0.3966f,-0.847f,2.1985f,0f,0f,0f,1f],start_interpolation: 0,interpolation_duration: 1}
$data merge entity $(leftarm) {transformation: [-0.9056f,-0.0809f,-0.4163f,0.666f,-0.2337f,0.9144f,0.3306f,3.6186f,0.3539f,0.3966f,-0.847f,2.5007f,0f,0f,0f,1f],start_interpolation: 0,interpolation_duration: 1}
$data merge entity $(rightthumb2) {transformation: [-0.6396f,-0.4567f,-0.6183f,-0.1152f,-0.3151f,0.8894f,-0.3311f,1.9756f,0.7012f,-0.0169f,-0.7128f,3.3766f,0f,0f,0f,1f],start_interpolation: 0,interpolation_duration: 1}
$data merge entity $(rightthumb) {transformation: [-0.6396f,-0.4567f,-0.6183f,-0.2801f,-0.3151f,0.8894f,-0.3311f,2.1654f,0.7012f,-0.0169f,-0.7128f,3.3116f,0f,0f,0f,1f],start_interpolation: 0,interpolation_duration: 1}
$data merge entity $(rightpointerfinger) {transformation: [-0.6396f,-0.4567f,-0.6183f,-0.2291f,-0.3151f,0.8894f,-0.3311f,1.8236f,0.7012f,-0.0169f,-0.7128f,3.3604f,0f,0f,0f,1f],start_interpolation: 0,interpolation_duration: 1}
$data merge entity $(rightmidfinger) {transformation: [-0.6396f,-0.4567f,-0.6183f,-0.3257f,-0.3151f,0.8894f,-0.3311f,1.7719f,0.7012f,-0.0169f,-0.7128f,3.249f,0f,0f,0f,1f],start_interpolation: 0,interpolation_duration: 1}
$data merge entity $(rightringfinger) {transformation: [-0.6396f,-0.4567f,-0.6183f,-0.4224f,-0.3151f,0.8894f,-0.3311f,1.7201f,0.7012f,-0.0169f,-0.7128f,3.1377f,0f,0f,0f,1f],start_interpolation: 0,interpolation_duration: 1}
$data merge entity $(hugeasssword) {transformation: [-1.7252f,2.6509f,2.3102f,-0.239f,-2.5245f,-2.725f,1.2416f,2.0414f,2.4476f,-0.9422f,2.9089f,3.0705f,0f,0f,0f,1f],start_interpolation: 0,interpolation_duration: 1}
$data merge entity $(whey) {transformation: [0f,0f,0f,0.0007f,0f,0f,0f,2.0587f,0f,0f,0f,3.0518f,0f,0f,0f,1f],start_interpolation: 0,interpolation_duration: 1}
$data merge entity $(ice) {transformation: [-0.6396f,-0.4567f,-0.6183f,-0.2218f,-0.3151f,0.8894f,-0.3311f,2.0324f,0.7012f,-0.0169f,-0.7128f,3.0598f,0f,0f,0f,1f],start_interpolation: 0,interpolation_duration: 1}
$data merge entity $(righthand1) {transformation: [-0.6396f,-0.4567f,-0.6183f,-0.5152f,-0.3151f,0.8894f,-0.3311f,2.1657f,0.7012f,-0.0169f,-0.7128f,3.2086f,0f,0f,0f,1f],start_interpolation: 0,interpolation_duration: 1}
$data merge entity $(rightforearm) {transformation: [-0.1163f,-0.3609f,-0.9253f,-0.7473f,-0.0855f,0.9318f,-0.3527f,2.8317f,0.9895f,0.0381f,-0.1392f,3.1757f,0f,0f,0f,1f],start_interpolation: 0,interpolation_duration: 1}
$data merge entity $(rightelbow) {transformation: [-0.0389f,-0.2665f,-0.9631f,-0.7973f,-0.0412f,0.9634f,-0.2649f,3.0123f,0.9984f,0.0294f,-0.0485f,3.1812f,0f,0f,0f,1f],start_interpolation: 0,interpolation_duration: 1}
$data merge entity $(rightarm) {transformation: [-0.0389f,0.0355f,-0.9986f,-0.7398f,-0.0412f,0.9985f,0.0371f,3.5194f,0.9984f,0.0426f,-0.0374f,2.9853f,0f,0f,0f,1f],start_interpolation: 0,interpolation_duration: 1}
$data merge entity $(chest1) {transformation: [-1.0219f,0.0158f,-0.3592f,-0.0825f,-0.0721f,1.0513f,0.2515f,3.4385f,0.3522f,0.2612f,-0.9906f,2.6061f,0f,0f,0f,1f],start_interpolation: 0,interpolation_duration: 1}
$data merge entity $(chest1lid) {transformation: [-0.9433f,0.0146f,-0.3316f,-0.2848f,-0.0666f,0.9704f,0.2322f,2.6617f,0.3252f,0.2411f,-0.9144f,2.9101f,0f,0f,0f,1f],start_interpolation: 0,interpolation_duration: 1}
$data merge entity $(chest2) {transformation: [-0.9433f,0.0146f,-0.3316f,-0.2871f,-0.0666f,0.9704f,0.2322f,2.5101f,0.3252f,0.2411f,-0.9144f,2.8725f,0f,0f,0f,1f],start_interpolation: 0,interpolation_duration: 1}
$data merge entity $(chest1lid3) {transformation: [-0.9433f,0.0146f,-0.3316f,-0.4383f,-0.0666f,0.9704f,0.2322f,2.8146f,0.3252f,0.2411f,-0.9144f,2.304f,0f,0f,0f,1f],start_interpolation: 0,interpolation_duration: 1}
$data merge entity $(chest3) {transformation: [-0.9433f,0.0146f,-0.3316f,-0.4406f,-0.0666f,0.9704f,0.2322f,2.663f,0.3252f,0.2411f,-0.9144f,2.2663f,0f,0f,0f,1f],start_interpolation: 0,interpolation_duration: 1}
$data merge entity $(hugeasssword2) {transformation: [1.2986f,2.7627f,-2.4538f,-1.3156f,-0.9093f,2.7599f,2.6261f,4.544f,3.5815f,-0.301f,1.5565f,3.0441f,0f,0f,0f,1f],start_interpolation: 0,interpolation_duration: 1}
$data merge entity $(belt) {transformation: [-0.9433f,0.0146f,-0.3316f,-0.0147f,-0.0666f,0.9704f,0.2322f,3.0237f,0.3252f,0.2411f,-0.9144f,2.6193f,0f,0f,0f,1f],start_interpolation: 0,interpolation_duration: 1}
$data merge entity $(torn_part) {transformation: [-0.9433f,0.0993f,-0.3167f,-0.1349f,-0.0666f,0.8783f,0.4735f,2.7422f,0.3252f,0.4678f,-0.8219f,2.5927f,0f,0f,0f,1f],start_interpolation: 0,interpolation_duration: 1}
$data merge entity $(lowerbody) {transformation: [-0.9433f,-0.0006f,-0.3319f,0.0042f,-0.0666f,0.98f,0.1875f,2.2438f,0.3252f,0.199f,-0.9245f,2.5938f,0f,0f,0f,1f],start_interpolation: 0,interpolation_duration: 1}
$data merge entity $(leftfoot) {transformation: [-0.9904f,0.1187f,0.0705f,0.0267f,0.0998f,0.9684f,-0.2285f,0.1745f,-0.0954f,-0.2193f,-0.971f,2.8683f,0f,0f,0f,1f],start_interpolation: 0,interpolation_duration: 1}
$data merge entity $(leftlowerleg) {transformation: [-0.9904f,0.1187f,0.0705f,0.1474f,0.0998f,0.9684f,-0.2285f,1.284f,-0.0954f,-0.2193f,-0.971f,2.7743f,0f,0f,0f,1f],start_interpolation: 0,interpolation_duration: 1}
$data merge entity $(leftleg) {transformation: [-0.9904f,0.1271f,0.0538f,0.2501f,0.0998f,0.9286f,-0.3574f,2.283f,-0.0954f,-0.3487f,-0.9324f,2.4251f,0f,0f,0f,1f],start_interpolation: 0,interpolation_duration: 1}
$data merge entity $(rightfoot) {transformation: [-0.9756f,0.1259f,0.1801f,-0.5951f,0.2142f,0.7277f,0.6516f,0.67f,-0.049f,0.6742f,-0.7369f,1.0587f,0f,0f,0f,1f],start_interpolation: 0,interpolation_duration: 1}
$data merge entity $(rightlowerleg) {transformation: [-0.9756f,0.1259f,0.1801f,-0.4832f,0.2142f,0.7277f,0.6516f,1.3772f,-0.049f,0.6742f,-0.7369f,1.9199f,0f,0f,0f,1f],start_interpolation: 0,interpolation_duration: 1}
$data merge entity $(rightleg) {transformation: [-0.9544f,0.197f,0.2245f,-0.2499f,0.2756f,0.8706f,0.4075f,2.283f,-0.1152f,0.4508f,-0.8852f,2.4255f,0f,0f,0f,1f],start_interpolation: 0,interpolation_duration: 1}
data modify entity @s data merge value {"cameras":{},"locators":{"soup":{"px":0.9205861678370943,"py":2.0290347485797966,"pz":2.0502157491124016,"ry":134.01405752823462,"rx":7.038389532229075},"lefthand":{"px":1.073410954571117,"py":2.039364631443161,"pz":1.935519430087014,"ry":42.79757795813032,"rx":9.75669626785665},"sword":{"px":-2.478753736958162,"py":0.8388971906828036,"pz":0.37650693373023714,"ry":141.54443417182782,"rx":18.481530971311734},"righthand":{"px":-0.2649988195086415,"py":1.9941583535950735,"pz":3.136935851918607,"ry":319.0598151681685,"rx":-19.333058344572603},"chest":{"px":-0.26340411530683716,"py":2.562740903435617,"pz":3.048108221341074,"ry":340.0692505898148,"rx":13.424729176053626}}}