# This file was generated by Animated Java via MC-Build. It is not recommended to edit this file directly.
$data merge entity $(nose) {transformation: [-0.9913f,-0.0857f,-0.0996f,-0.049f,-0.0616f,0.9726f,-0.2243f,4.2533f,0.1161f,-0.2162f,-0.9694f,2.7793f,0f,0f,0f,1f],start_interpolation: 0,interpolation_duration: 1}
$data merge entity $(glowing_eye) {transformation: [-0.9913f,-0.0857f,-0.0996f,-0.1752f,-0.0616f,0.9726f,-0.2243f,4.3193f,0.1161f,-0.2162f,-0.9694f,2.813f,0f,0f,0f,1f],start_interpolation: 0,interpolation_duration: 1}
$data merge entity $(head) {transformation: [-0.9913f,-0.0857f,-0.0996f,-0.057f,-0.0616f,0.9726f,-0.2243f,4.0912f,0.1161f,-0.2162f,-0.9694f,2.6245f,0f,0f,0f,1f],start_interpolation: 0,interpolation_duration: 1}
$data merge entity $(leftthumb2) {transformation: [-0.7787f,-0.3077f,0.5467f,1.1272f,-0.3802f,0.9247f,-0.0211f,2.0172f,-0.499f,-0.2243f,-0.8371f,2.5669f,0f,0f,0f,1f],start_interpolation: 0,interpolation_duration: 1}
$data merge entity $(leftthumb) {transformation: [-0.7787f,-0.3077f,0.5467f,1.0985f,-0.3802f,0.9247f,-0.0211f,2.2422f,-0.499f,-0.2243f,-0.8371f,2.4403f,0f,0f,0f,1f],start_interpolation: 0,interpolation_duration: 1}
$data merge entity $(leftpointerfinger) {transformation: [-0.7787f,-0.3077f,0.5467f,1.3102f,-0.3802f,0.9247f,-0.0211f,1.9794f,-0.499f,-0.2243f,-0.8371f,2.5293f,0f,0f,0f,1f],start_interpolation: 0,interpolation_duration: 1}
$data merge entity $(leftmidfinger) {transformation: [-0.7787f,-0.3077f,0.5467f,1.3956f,-0.3802f,0.9247f,-0.0211f,1.9761f,-0.499f,-0.2243f,-0.8371f,2.3985f,0f,0f,0f,1f],start_interpolation: 0,interpolation_duration: 1}
$data merge entity $(leftringfinger) {transformation: [-0.7787f,-0.3077f,0.5467f,1.4811f,-0.3802f,0.9247f,-0.0211f,1.9728f,-0.499f,-0.2243f,-0.8371f,2.2677f,0f,0f,0f,1f],start_interpolation: 0,interpolation_duration: 1}
$data merge entity $(invisibility) {transformation: [-0.2588f,-0.5714f,0.7787f,1.1135f,0.9193f,0.1017f,0.3802f,2.0099f,-0.2964f,0.8143f,0.499f,2.4373f,0f,0f,0f,1f],start_interpolation: 0,interpolation_duration: 1}
$data merge entity $(swiftness) {transformation: [0.5467f,-0.3077f,0.7787f,1.2171f,-0.0211f,0.9247f,0.3802f,1.8609f,-0.8371f,-0.2243f,0.499f,2.2848f,0f,0f,0f,1f],start_interpolation: 0,interpolation_duration: 1}
$data merge entity $(suspicious_stew) {transformation: [-0.0478f,-0.6255f,0.7787f,1.2304f,0.8291f,0.4099f,0.3802f,1.9626f,-0.557f,0.6638f,0.499f,2.2909f,0f,0f,0f,1f],start_interpolation: 0,interpolation_duration: 1}
$data merge entity $(log) {transformation: [-0.7787f,-0.3077f,0.5467f,1.1446f,-0.3802f,0.9247f,-0.0211f,2.0415f,-0.499f,-0.2243f,-0.8371f,2.1769f,0f,0f,0f,1f],start_interpolation: 0,interpolation_duration: 1}
$data merge entity $(planks) {transformation: [-0.7787f,-0.3077f,0.5467f,1.0716f,-0.3802f,0.9247f,-0.0211f,2.0059f,-0.499f,-0.2243f,-0.8371f,2.1301f,0f,0f,0f,1f],start_interpolation: 0,interpolation_duration: 1}
$data merge entity $(lefthand1) {transformation: [-0.7787f,-0.3077f,0.5467f,1.2452f,-0.3802f,0.9247f,-0.0211f,2.3684f,-0.499f,-0.2243f,-0.8371f,2.2717f,0f,0f,0f,1f],start_interpolation: 0,interpolation_duration: 1}
$data merge entity $(leftforearm) {transformation: [-0.9293f,-0.3077f,-0.2042f,0.974f,-0.2414f,0.9247f,-0.2944f,3.0081f,0.2794f,-0.2243f,-0.9336f,2.146f,0f,0f,0f,1f],start_interpolation: 0,interpolation_duration: 1}
$data merge entity $(leftelbow) {transformation: [-0.8884f,-0.2103f,-0.4081f,0.9346f,-0.2165f,0.9758f,-0.0317f,3.191f,0.4049f,0.0602f,-0.9124f,2.1573f,0f,0f,0f,1f],start_interpolation: 0,interpolation_duration: 1}
$data merge entity $(leftarm) {transformation: [-0.8884f,-0.2103f,-0.4081f,0.6479f,-0.2165f,0.9758f,-0.0317f,3.6326f,0.4049f,0.0602f,-0.9124f,2.3045f,0f,0f,0f,1f],start_interpolation: 0,interpolation_duration: 1}
$data merge entity $(rightthumb2) {transformation: [-0.7562f,-0.5572f,-0.3432f,-0.2406f,-0.3619f,0.793f,-0.4902f,2.1446f,0.5452f,-0.2465f,-0.8012f,3.5665f,0f,0f,0f,1f],start_interpolation: 0,interpolation_duration: 1}
$data merge entity $(rightthumb) {transformation: [-0.7562f,-0.5572f,-0.3432f,-0.4066f,-0.3619f,0.793f,-0.4902f,2.2972f,0.5452f,-0.2465f,-0.8012f,3.4376f,0f,0f,0f,1f],start_interpolation: 0,interpolation_duration: 1}
$data merge entity $(rightpointerfinger) {transformation: [-0.7562f,-0.5572f,-0.3432f,-0.3226f,-0.3619f,0.793f,-0.4902f,1.9744f,0.5452f,-0.2465f,-0.8012f,3.5406f,0f,0f,0f,1f],start_interpolation: 0,interpolation_duration: 1}
$data merge entity $(rightmidfinger) {transformation: [-0.7562f,-0.5572f,-0.3432f,-0.3762f,-0.3619f,0.793f,-0.4902f,1.8978f,0.5452f,-0.2465f,-0.8012f,3.4154f,0f,0f,0f,1f],start_interpolation: 0,interpolation_duration: 1}
$data merge entity $(rightringfinger) {transformation: [-0.7562f,-0.5572f,-0.3432f,-0.4298f,-0.3619f,0.793f,-0.4902f,1.8212f,0.5452f,-0.2465f,-0.8012f,3.2902f,0f,0f,0f,1f],start_interpolation: 0,interpolation_duration: 1}
$data merge entity $(hugeasssword) {transformation: [-1.9527f,3.1709f,1.2135f,-0.2831f,-2.574f,-2.2955f,1.8562f,2.1627f,2.214f,0.1279f,3.2284f,3.233f,0f,0f,0f,1f],start_interpolation: 0,interpolation_duration: 1}
$data merge entity $(whey) {transformation: [0f,0f,0f,-0.0527f,0f,0f,0f,2.2195f,0f,0f,0f,3.2751f,0f,0f,0f,1f],start_interpolation: 0,interpolation_duration: 1}
$data merge entity $(ice) {transformation: [-0.7562f,-0.5572f,-0.3432f,-0.2626f,-0.3619f,0.793f,-0.4902f,2.1559f,0.5452f,-0.2465f,-0.8012f,3.2283f,0f,0f,0f,1f],start_interpolation: 0,interpolation_duration: 1}
$data merge entity $(righthand1) {transformation: [-0.7562f,-0.5572f,-0.3432f,-0.6017f,-0.3619f,0.793f,-0.4902f,2.2484f,0.5452f,-0.2465f,-0.8012f,3.278f,0f,0f,0f,1f],start_interpolation: 0,interpolation_duration: 1}
$data merge entity $(rightforearm) {transformation: [-0.3478f,-0.3328f,-0.8765f,-0.8003f,0.0432f,0.9282f,-0.3696f,2.9041f,0.9366f,-0.1664f,-0.3085f,3.1073f,0f,0f,0f,1f],start_interpolation: 0,interpolation_duration: 1}
$data merge entity $(rightelbow) {transformation: [-0.2962f,-0.2588f,-0.9194f,-0.8488f,0.0861f,0.9515f,-0.2955f,3.0825f,0.9512f,-0.1667f,-0.2596f,3.076f,0f,0f,0f,1f],start_interpolation: 0,interpolation_duration: 1}
$data merge entity $(rightarm) {transformation: [-0.2962f,0.0297f,-0.9547f,-0.7393f,0.0861f,0.9963f,0.0043f,3.5617f,0.9512f,-0.0809f,-0.2977f,2.8368f,0f,0f,0f,1f],start_interpolation: 0,interpolation_duration: 1}
$data merge entity $(chest1) {transformation: [-1.0103f,0.0104f,-0.3909f,-0.095f,-0.0516f,1.0699f,0.1619f,3.4549f,0.3877f,0.1696f,-0.9973f,2.4473f,0f,0f,0f,1f],start_interpolation: 0,interpolation_duration: 1}
$data merge entity $(chest1lid) {transformation: [-0.9326f,0.0096f,-0.3609f,-0.2788f,-0.0476f,0.9876f,0.1494f,2.7051f,0.3578f,0.1566f,-0.9206f,2.8227f,0f,0f,0f,1f],start_interpolation: 0,interpolation_duration: 1}
$data merge entity $(chest2) {transformation: [-0.9326f,0.0096f,-0.3609f,-0.2803f,-0.0476f,0.9876f,0.1494f,2.5508f,0.3578f,0.1566f,-0.9206f,2.7982f,0f,0f,0f,1f],start_interpolation: 0,interpolation_duration: 1}
$data merge entity $(chest1lid3) {transformation: [-0.9326f,0.0096f,-0.3609f,-0.4517f,-0.0476f,0.9876f,0.1494f,2.8038f,0.3578f,0.1566f,-0.9206f,2.2106f,0f,0f,0f,1f],start_interpolation: 0,interpolation_duration: 1}
$data merge entity $(chest3) {transformation: [-0.9326f,0.0096f,-0.3609f,-0.4532f,-0.0476f,0.9876f,0.1494f,2.6495f,0.3578f,0.1566f,-0.9206f,2.1861f,0f,0f,0f,1f],start_interpolation: 0,interpolation_duration: 1}
$data merge entity $(hugeasssword2) {transformation: [1.4134f,2.7184f,-2.4399f,-1.3284f,-0.5853f,2.7509f,2.7258f,4.5817f,3.6055f,-0.6191f,1.399f,2.826f,0f,0f,0f,1f],start_interpolation: 0,interpolation_duration: 1}
$data merge entity $(belt) {transformation: [-0.9326f,0.0096f,-0.3609f,-0.0217f,-0.0476f,0.9876f,0.1494f,3.0434f,0.3578f,0.1566f,-0.9206f,2.494f,0f,0f,0f,1f],start_interpolation: 0,interpolation_duration: 1}
$data merge entity $(torn_part) {transformation: [-0.9326f,0.1024f,-0.3462f,-0.1392f,-0.0476f,0.9156f,0.3992f,2.7594f,0.3578f,0.3888f,-0.849f,2.495f,0f,0f,0f,1f],start_interpolation: 0,interpolation_duration: 1}
$data merge entity $(lowerbody) {transformation: [-0.9326f,-0.0064f,-0.3609f,0.0058f,-0.0476f,0.9933f,0.1054f,2.2642f,0.3578f,0.1155f,-0.9266f,2.534f,0f,0f,0f,1f],start_interpolation: 0,interpolation_duration: 1}
$data merge entity $(leftfoot) {transformation: [-0.9912f,0.1137f,0.0671f,0.0376f,0.0932f,0.9624f,-0.2553f,0.1942f,-0.0936f,-0.2468f,-0.9645f,2.8593f,0f,0f,0f,1f],start_interpolation: 0,interpolation_duration: 1}
$data merge entity $(leftlowerleg) {transformation: [-0.9912f,0.1137f,0.0671f,0.1535f,0.0932f,0.9624f,-0.2553f,1.301f,-0.0936f,-0.2468f,-0.9645f,2.7337f,0f,0f,0f,1f],start_interpolation: 0,interpolation_duration: 1}
$data merge entity $(leftleg) {transformation: [-0.9912f,0.1215f,0.0517f,0.2503f,0.0932f,0.9208f,-0.3787f,2.2922f,-0.0936f,-0.3706f,-0.9241f,2.3611f,0f,0f,0f,1f],start_interpolation: 0,interpolation_duration: 1}
$data merge entity $(rightfoot) {transformation: [-0.9798f,0.0998f,0.1731f,-0.5332f,0.1861f,0.7712f,0.6088f,0.5997f,-0.0728f,0.6287f,-0.7742f,1.0747f,0f,0f,0f,1f],start_interpolation: 0,interpolation_duration: 1}
$data merge entity $(rightlowerleg) {transformation: [-0.9798f,0.0998f,0.1731f,-0.4491f,0.1861f,0.7712f,0.6088f,1.3617f,-0.0728f,0.6287f,-0.7742f,1.8912f,0f,0f,0f,1f],start_interpolation: 0,interpolation_duration: 1}
$data merge entity $(rightleg) {transformation: [-0.9606f,0.165f,0.2239f,-0.2497f,0.2421f,0.8922f,0.3813f,2.2922f,-0.1368f,0.4205f,-0.8969f,2.3655f,0f,0f,0f,1f],start_interpolation: 0,interpolation_duration: 1}
data modify entity @s data merge value {"cameras":{},"locators":{"soup":{"px":1.0985517126262296,"py":2.0211636601505645,"pz":2.389415741926197,"ry":122.65234066687742,"rx":22.343037147214314},"lefthand":{"px":1.2330610989078972,"py":2.005267707225967,"pz":2.2542421083988264,"ry":33.15026906848391,"rx":-1.2112863486018355},"sword":{"px":-1.4947495889202564,"py":0.37468844409508506,"pz":0.22379729094589207,"ry":159.39872723466652,"rx":28.288663695725518},"righthand":{"px":-0.31942687108003814,"py":2.117288600440057,"pz":3.2958109962328845,"ry":336.81581621024617,"rx":-29.351381696198153},"chest":{"px":-0.2521112047403506,"py":2.6185501285843116,"pz":2.9679442949457524,"ry":338.5942224649174,"rx":8.594846746918568}}}