# This file was generated by Animated Java via MC-Build. It is not recommended to edit this file directly.
$data merge entity $(nose) {transformation: [-0.9909f,-0.0875f,-0.1021f,-0.0494f,-0.0584f,0.9639f,-0.2598f,4.262f,0.1212f,-0.2515f,-0.9602f,2.722f,0f,0f,0f,1f],start_interpolation: 0,interpolation_duration: 1}
$data merge entity $(glowing_eye) {transformation: [-0.9909f,-0.0875f,-0.1021f,-0.1756f,-0.0584f,0.9639f,-0.2598f,4.329f,0.1212f,-0.2515f,-0.9602f,2.7537f,0f,0f,0f,1f],start_interpolation: 0,interpolation_duration: 1}
$data merge entity $(head) {transformation: [-0.9909f,-0.0875f,-0.1021f,-0.0577f,-0.0584f,0.9639f,-0.2598f,4.0943f,0.1212f,-0.2515f,-0.9602f,2.5733f,0f,0f,0f,1f],start_interpolation: 0,interpolation_duration: 1}
$data merge entity $(leftthumb2) {transformation: [-0.7758f,-0.3355f,0.5344f,1.195f,-0.4488f,0.8887f,-0.0935f,2.0708f,-0.4436f,-0.3123f,-0.84f,2.709f,0f,0f,0f,1f],start_interpolation: 0,interpolation_duration: 1}
$data merge entity $(leftthumb) {transformation: [-0.7758f,-0.3355f,0.5344f,1.1583f,-0.4488f,0.8887f,-0.0935f,2.2807f,-0.4436f,-0.3123f,-0.84f,2.5606f,0f,0f,0f,1f],start_interpolation: 0,interpolation_duration: 1}
$data merge entity $(leftpointerfinger) {transformation: [-0.7758f,-0.3355f,0.5344f,1.3783f,-0.4488f,0.8887f,-0.0935f,2.0338f,-0.4436f,-0.3123f,-0.84f,2.6723f,0f,0f,0f,1f],start_interpolation: 0,interpolation_duration: 1}
$data merge entity $(leftmidfinger) {transformation: [-0.7758f,-0.3355f,0.5344f,1.4618f,-0.4488f,0.8887f,-0.0935f,2.0192f,-0.4436f,-0.3123f,-0.84f,2.541f,0f,0f,0f,1f],start_interpolation: 0,interpolation_duration: 1}
$data merge entity $(leftringfinger) {transformation: [-0.7758f,-0.3355f,0.5344f,1.5453f,-0.4488f,0.8887f,-0.0935f,2.0046f,-0.4436f,-0.3123f,-0.84f,2.4098f,0f,0f,0f,1f],start_interpolation: 0,interpolation_duration: 1}
$data merge entity $(invisibility) {transformation: [-0.2877f,-0.5616f,0.7758f,1.1795f,0.8772f,0.1706f,0.4488f,2.0498f,-0.3844f,0.8096f,0.4436f,2.5812f,0f,0f,0f,1f],start_interpolation: 0,interpolation_duration: 1}
$data merge entity $(swiftness) {transformation: [0.5344f,-0.3355f,0.7758f,1.2847f,-0.0935f,0.8887f,0.4488f,1.8885f,-0.84f,-0.3123f,0.4436f,2.4429f,0f,0f,0f,1f],start_interpolation: 0,interpolation_duration: 1}
$data merge entity $(suspicious_stew) {transformation: [-0.0782f,-0.6262f,0.7758f,1.2954f,0.766f,0.4603f,0.4488f,1.9906f,-0.6381f,0.6293f,0.4436f,2.4383f,0f,0f,0f,1f],start_interpolation: 0,interpolation_duration: 1}
$data merge entity $(log) {transformation: [-0.7758f,-0.3355f,0.5344f,1.2058f,-0.4488f,0.8887f,-0.0935f,2.0553f,-0.4436f,-0.3123f,-0.84f,2.3183f,0f,0f,0f,1f],start_interpolation: 0,interpolation_duration: 1}
$data merge entity $(planks) {transformation: [-0.7758f,-0.3355f,0.5344f,1.1331f,-0.4488f,0.8887f,-0.0935f,2.0132f,-0.4436f,-0.3123f,-0.84f,2.2767f,0f,0f,0f,1f],start_interpolation: 0,interpolation_duration: 1}
$data merge entity $(lefthand1) {transformation: [-0.7758f,-0.3355f,0.5344f,1.2992f,-0.4488f,0.8887f,-0.0935f,2.3926f,-0.4436f,-0.3123f,-0.84f,2.3774f,0f,0f,0f,1f],start_interpolation: 0,interpolation_duration: 1}
$data merge entity $(leftforearm) {transformation: [-0.9268f,-0.3355f,-0.1685f,1.008f,-0.2521f,0.8887f,-0.3828f,3.0077f,0.2782f,-0.3123f,-0.9083f,2.1893f,0f,0f,0f,1f],start_interpolation: 0,interpolation_duration: 1}
$data merge entity $(leftelbow) {transformation: [-0.8913f,-0.2538f,-0.3757f,0.9604f,-0.212f,0.9657f,-0.1497f,3.1888f,0.4008f,-0.0538f,-0.9146f,2.1793f,0f,0f,0f,1f],start_interpolation: 0,interpolation_duration: 1}
$data merge entity $(leftarm) {transformation: [-0.8913f,-0.2538f,-0.3757f,0.6502f,-0.212f,0.9657f,-0.1497f,3.6299f,0.4008f,-0.0538f,-0.9146f,2.2686f,0f,0f,0f,1f],start_interpolation: 0,interpolation_duration: 1}
$data merge entity $(rightthumb2) {transformation: [-0.7911f,-0.557f,-0.2527f,-0.312f,-0.3744f,0.7677f,-0.52f,2.1791f,0.4837f,-0.3168f,-0.8159f,3.5897f,0f,0f,0f,1f],start_interpolation: 0,interpolation_duration: 1}
$data merge entity $(rightthumb) {transformation: [-0.7911f,-0.557f,-0.2527f,-0.4702f,-0.3744f,0.7677f,-0.52f,2.3229f,0.4837f,-0.3168f,-0.8159f,3.4423f,0f,0f,0f,1f],start_interpolation: 0,interpolation_duration: 1}
$data merge entity $(rightpointerfinger) {transformation: [-0.7911f,-0.557f,-0.2527f,-0.3858f,-0.3744f,0.7677f,-0.52f,2.0057f,0.4837f,-0.3168f,-0.8159f,3.5609f,0f,0f,0f,1f],start_interpolation: 0,interpolation_duration: 1}
$data merge entity $(rightmidfinger) {transformation: [-0.7911f,-0.557f,-0.2527f,-0.4253f,-0.3744f,0.7677f,-0.52f,1.9244f,0.4837f,-0.3168f,-0.8159f,3.4334f,0f,0f,0f,1f],start_interpolation: 0,interpolation_duration: 1}
$data merge entity $(rightringfinger) {transformation: [-0.7911f,-0.557f,-0.2527f,-0.4648f,-0.3744f,0.7677f,-0.52f,1.8432f,0.4837f,-0.3168f,-0.8159f,3.3059f,0f,0f,0f,1f],start_interpolation: 0,interpolation_duration: 1}
$data merge entity $(hugeasssword) {transformation: [-2.0651f,3.2167f,0.8537f,-0.3244f,-2.5862f,-2.1834f,1.9709f,2.1879f,2.0946f,0.4755f,3.2752f,3.2533f,0f,0f,0f,1f],start_interpolation: 0,interpolation_duration: 1}
$data merge entity $(whey) {transformation: [0f,0f,0f,-0.1006f,0f,0f,0f,2.2535f,0f,0f,0f,3.3146f,0f,0f,0f,1f],start_interpolation: 0,interpolation_duration: 1}
$data merge entity $(ice) {transformation: [-0.7911f,-0.557f,-0.2527f,-0.3033f,-0.3744f,0.7677f,-0.52f,2.1818f,0.4837f,-0.3168f,-0.8159f,3.2507f,0f,0f,0f,1f],start_interpolation: 0,interpolation_duration: 1}
$data merge entity $(righthand1) {transformation: [-0.7911f,-0.557f,-0.2527f,-0.6482f,-0.3744f,0.7677f,-0.52f,2.2639f,0.4837f,-0.3168f,-0.8159f,3.2669f,0f,0f,0f,1f],start_interpolation: 0,interpolation_duration: 1}
$data merge entity $(rightforearm) {transformation: [-0.4308f,-0.3111f,-0.8471f,-0.8268f,0.0643f,0.9258f,-0.3726f,2.9166f,0.9002f,-0.215f,-0.3788f,3.0654f,0f,0f,0f,1f],start_interpolation: 0,interpolation_duration: 1}
$data merge entity $(rightelbow) {transformation: [-0.3861f,-0.2437f,-0.8897f,-0.8725f,0.1045f,0.9467f,-0.3047f,3.0941f,0.9165f,-0.2106f,-0.34f,3.026f,0f,0f,0f,1f],start_interpolation: 0,interpolation_duration: 1}
$data merge entity $(rightarm) {transformation: [-0.3861f,0.0351f,-0.9218f,-0.7417f,0.1045f,0.9945f,-0.0059f,3.5687f,0.9165f,-0.0986f,-0.3876f,2.7883f,0f,0f,0f,1f],start_interpolation: 0,interpolation_duration: 1}
$data merge entity $(chest1) {transformation: [-1.014f,0.0089f,-0.3811f,-0.094f,-0.0446f,1.0728f,0.1438f,3.4548f,0.3786f,0.1503f,-1.0038f,2.4073f,0f,0f,0f,1f],start_interpolation: 0,interpolation_duration: 1}
$data merge entity $(chest1lid) {transformation: [-0.936f,0.0082f,-0.3518f,-0.2816f,-0.0412f,0.9903f,0.1328f,2.712f,0.3495f,0.1388f,-0.9266f,2.7944f,0f,0f,0f,1f],start_interpolation: 0,interpolation_duration: 1}
$data merge entity $(chest2) {transformation: [-0.936f,0.0082f,-0.3518f,-0.2829f,-0.0412f,0.9903f,0.1328f,2.5573f,0.3495f,0.1388f,-0.9266f,2.7727f,0f,0f,0f,1f],start_interpolation: 0,interpolation_duration: 1}
$data merge entity $(chest1lid3) {transformation: [-0.936f,0.0082f,-0.3518f,-0.4485f,-0.0412f,0.9903f,0.1328f,2.7996f,0.3495f,0.1388f,-0.9266f,2.1789f,0f,0f,0f,1f],start_interpolation: 0,interpolation_duration: 1}
$data merge entity $(chest3) {transformation: [-0.936f,0.0082f,-0.3518f,-0.4498f,-0.0412f,0.9903f,0.1328f,2.6449f,0.3495f,0.1388f,-0.9266f,2.1572f,0f,0f,0f,1f],start_interpolation: 0,interpolation_duration: 1}
$data merge entity $(hugeasssword2) {transformation: [1.3779f,2.7248f,-2.453f,-1.3309f,-0.5201f,2.7393f,2.7507f,4.5883f,3.6292f,-0.642f,1.3255f,2.7534f,0f,0f,0f,1f],start_interpolation: 0,interpolation_duration: 1}
$data merge entity $(belt) {transformation: [-0.936f,0.0082f,-0.3518f,-0.0213f,-0.0412f,0.9903f,0.1328f,3.0443f,0.3495f,0.1388f,-0.9266f,2.4621f,0f,0f,0f,1f],start_interpolation: 0,interpolation_duration: 1}
$data merge entity $(torn_part) {transformation: [-0.936f,0.0989f,-0.3377f,-0.1389f,-0.0412f,0.9224f,0.3841f,2.7603f,0.3495f,0.3735f,-0.8593f,2.467f,0f,0f,0f,1f],start_interpolation: 0,interpolation_duration: 1}
$data merge entity $(lowerbody) {transformation: [-0.936f,-0.0073f,-0.3518f,0.0056f,-0.0412f,0.9952f,0.089f,2.2659f,0.3495f,0.0978f,-0.9318f,2.5162f,0f,0f,0f,1f],start_interpolation: 0,interpolation_duration: 1}
$data merge entity $(leftfoot) {transformation: [-0.9911f,0.1148f,0.067f,0.0354f,0.0926f,0.958f,-0.2714f,0.1991f,-0.0954f,-0.2628f,-0.9601f,2.8682f,0f,0f,0f,1f],start_interpolation: 0,interpolation_duration: 1}
$data merge entity $(leftlowerleg) {transformation: [-0.9911f,0.1148f,0.067f,0.1525f,0.0926f,0.958f,-0.2714f,1.3035f,-0.0954f,-0.2628f,-0.9601f,2.7242f,0f,0f,0f,1f],start_interpolation: 0,interpolation_duration: 1}
$data merge entity $(leftleg) {transformation: [-0.9911f,0.1222f,0.0524f,0.25f,0.0926f,0.9174f,-0.3871f,2.2912f,-0.0954f,-0.3788f,-0.9205f,2.3427f,0f,0f,0f,1f],start_interpolation: 0,interpolation_duration: 1}
$data merge entity $(rightfoot) {transformation: [-0.9837f,0.075f,0.1637f,-0.477f,0.1579f,0.7961f,0.5842f,0.5536f,-0.0865f,0.6005f,-0.7949f,1.1005f,0f,0f,0f,1f],start_interpolation: 0,interpolation_duration: 1}
$data merge entity $(rightlowerleg) {transformation: [-0.9837f,0.075f,0.1637f,-0.419f,0.1579f,0.7961f,0.5842f,1.347f,-0.0865f,0.6005f,-0.7949f,1.8888f,0f,0f,0f,1f],start_interpolation: 0,interpolation_duration: 1}
$data merge entity $(rightleg) {transformation: [-0.9652f,0.1361f,0.2233f,-0.25f,0.2132f,0.904f,0.3705f,2.2912f,-0.1514f,0.4053f,-0.9016f,2.3476f,0f,0f,0f,1f],start_interpolation: 0,interpolation_duration: 1}
data modify entity @s data merge value {"cameras":{},"locators":{"soup":{"px":1.1635550451985792,"py":2.0557025923488172,"pz":2.5326097334640196,"ry":119.76258454735287,"rx":26.66452070872442},"lefthand":{"px":1.2963908713093342,"py":2.029351468415191,"pz":2.3974149514376712,"ry":32.464407163985385,"rx":-5.362566210601677},"sword":{"px":-1.198417557128403,"py":0.2903156859612104,"pz":0.19468922258067378,"ry":165.39011210233502,"rx":30.212886940231268},"righthand":{"px":-0.36483268553264186,"py":2.14283249090378,"pz":3.3137635645430468,"ry":342.7897710032574,"rx":-31.334905051190233},"chest":{"px":-0.2563983536527066,"py":2.6280691959801135,"pz":2.9414058361772284,"ry":339.2099729019975,"rx":7.630232430459751}}}