# This file was generated by Animated Java via MC-Build. It is not recommended to edit this file directly.
$data merge entity $(bone_nose) {transformation: [-0.9915f,-0.0456f,-0.1217f,0.0478f,-0.0141f,0.9687f,-0.2478f,4.0922f,0.1292f,-0.2439f,-0.9611f,2.7138f,0f,0f,0f,1f],start_interpolation: 0,interpolation_duration: 1}
$data merge entity $(bone_glowing_eye) {transformation: [-0.9915f,-0.0456f,-0.1217f,-0.075f,-0.0141f,0.9687f,-0.2478f,4.1647f,0.1292f,-0.2439f,-0.9611f,2.747f,0f,0f,0f,1f],start_interpolation: 0,interpolation_duration: 1}
$data merge entity $(bone_head) {transformation: [-0.9915f,-0.0456f,-0.1217f,0.0306f,-0.0141f,0.9687f,-0.2478f,3.9262f,0.1292f,-0.2439f,-0.9611f,2.564f,0f,0f,0f,1f],start_interpolation: 0,interpolation_duration: 1}
$data merge entity $(bone_leftthumb2) {transformation: [-0.8907f,-0.2741f,0.3627f,1.289f,-0.3961f,0.8595f,-0.323f,2.0137f,-0.2232f,-0.4314f,-0.8741f,3.075f,0f,0f,0f,1f],start_interpolation: 0,interpolation_duration: 1}
$data merge entity $(bone_leftthumb) {transformation: [-0.8907f,-0.2741f,0.3627f,1.2528f,-0.3961f,0.8595f,-0.323f,2.1969f,-0.2232f,-0.4314f,-0.8741f,2.8945f,0f,0f,0f,1f],start_interpolation: 0,interpolation_duration: 1}
$data merge entity $(bone_leftpointerfinger) {transformation: [-0.8907f,-0.2741f,0.3627f,1.4572f,-0.3961f,0.8595f,-0.323f,1.943f,-0.2232f,-0.4314f,-0.8741f,3.0195f,0f,0f,0f,1f],start_interpolation: 0,interpolation_duration: 1}
$data merge entity $(bone_leftmidfinger) {transformation: [-0.8907f,-0.2741f,0.3627f,1.5138f,-0.3961f,0.8595f,-0.323f,1.8926f,-0.2232f,-0.4314f,-0.8741f,2.8829f,0f,0f,0f,1f],start_interpolation: 0,interpolation_duration: 1}
$data merge entity $(bone_leftringfinger) {transformation: [-0.8907f,-0.2741f,0.3627f,1.5705f,-0.3961f,0.8595f,-0.323f,1.8421f,-0.2232f,-0.4314f,-0.8741f,2.7463f,0f,0f,0f,1f],start_interpolation: 0,interpolation_duration: 1}
$data merge entity $(bone_invisibility) {transformation: [-0.2415f,-0.3852f,0.8907f,1.2489f,0.8281f,0.3967f,0.3961f,1.9729f,-0.5059f,0.8332f,0.2232f,2.9578f,0f,0f,0f,1f],start_interpolation: 0,interpolation_duration: 1}
$data merge entity $(bone_swiftness) {transformation: [0.3627f,-0.2741f,0.8907f,1.3076f,-0.323f,0.8595f,0.3961f,1.7753f,-0.8741f,-0.4314f,0.2232f,2.8407f,0f,0f,0f,1f],start_interpolation: 0,interpolation_duration: 1}
$data merge entity $(bone_suspicious_stew) {transformation: [-0.0951f,-0.4446f,0.8907f,1.3297f,0.6425f,0.656f,0.3961f,1.872f,-0.7604f,0.6099f,0.2232f,2.8141f,0f,0f,0f,1f],start_interpolation: 0,interpolation_duration: 1}
$data merge entity $(bone_log) {transformation: [-0.8907f,-0.2741f,0.3627f,1.229f,-0.3961f,0.8595f,-0.323f,1.9272f,-0.2232f,-0.4314f,-0.8741f,2.6983f,0f,0f,0f,1f],start_interpolation: 0,interpolation_duration: 1}
$data merge entity $(bone_planks) {transformation: [-0.8907f,-0.2741f,0.3627f,1.1455f,-0.3961f,0.8595f,-0.323f,1.8901f,-0.2232f,-0.4314f,-0.8741f,2.6773f,0f,0f,0f,1f],start_interpolation: 0,interpolation_duration: 1}
$data merge entity $(bone_lefthand1) {transformation: [-0.8907f,-0.2741f,0.3627f,1.3718f,-0.3961f,0.8595f,-0.323f,2.2512f,-0.2232f,-0.4314f,-0.8741f,2.6735f,0f,0f,0f,1f],start_interpolation: 0,interpolation_duration: 1}
$data merge entity $(bone_leftforearm) {transformation: [-0.9616f,-0.2741f,-0.0109f,1.1191f,-0.2399f,0.8595f,-0.4513f,2.8476f,0.1331f,-0.4314f,-0.8923f,2.3925f,0f,0f,0f,1f],start_interpolation: 0,interpolation_duration: 1}
$data merge entity $(bone_leftelbow) {transformation: [-0.952f,-0.2463f,-0.1819f,1.0729f,-0.1789f,0.9296f,-0.3223f,3.0219f,0.2485f,-0.2743f,-0.929f,2.3411f,0f,0f,0f,1f],start_interpolation: 0,interpolation_duration: 1}
$data merge entity $(bone_leftarm) {transformation: [-0.952f,-0.2463f,-0.1819f,0.7472f,-0.1789f,0.9296f,-0.3223f,3.4576f,0.2485f,-0.2743f,-0.929f,2.2873f,0f,0f,0f,1f],start_interpolation: 0,interpolation_duration: 1}
$data merge entity $(bone_rightthumb2) {transformation: [-0.9407f,-0.1996f,0.2743f,-0.9236f,-0.2879f,0.8975f,-0.3341f,1.8624f,-0.1795f,-0.3932f,-0.9017f,3.0789f,0f,0f,0f,1f],start_interpolation: 0,interpolation_duration: 1}
$data merge entity $(bone_rightthumb) {transformation: [-0.9407f,-0.1996f,0.2743f,-0.9491f,-0.2879f,0.8975f,-0.3341f,2.0539f,-0.1795f,-0.3932f,-0.9017f,2.9054f,0f,0f,0f,1f],start_interpolation: 0,interpolation_duration: 1}
$data merge entity $(bone_rightpointerfinger) {transformation: [-0.9407f,-0.1996f,0.2743f,-0.9737f,-0.2879f,0.8975f,-0.3341f,1.7123f,-0.1795f,-0.3932f,-0.9017f,2.9726f,0f,0f,0f,1f],start_interpolation: 0,interpolation_duration: 1}
$data merge entity $(bone_rightmidfinger) {transformation: [-0.9407f,-0.1996f,0.2743f,-0.9308f,-0.2879f,0.8975f,-0.3341f,1.6601f,-0.1795f,-0.3932f,-0.9017f,2.8317f,0f,0f,0f,1f],start_interpolation: 0,interpolation_duration: 1}
$data merge entity $(bone_rightringfinger) {transformation: [-0.9407f,-0.1996f,0.2743f,-0.8879f,-0.2879f,0.8975f,-0.3341f,1.6079f,-0.1795f,-0.3932f,-0.9017f,2.6908f,0f,0f,0f,1f],start_interpolation: 0,interpolation_duration: 1}
$data merge entity $(bone_hugeasssword) {transformation: [-3.0582f,2.1131f,-1.2339f,-0.7258f,-2.4386f,-2.7947f,1.2581f,1.9241f,-0.2017f,1.7507f,3.4978f,2.8135f,0f,0f,0f,1f],start_interpolation: 0,interpolation_duration: 1}
$data merge entity $(bone_ice) {transformation: [-0.9407f,-0.1996f,0.2743f,-0.7079f,-0.2879f,0.8975f,-0.3341f,1.9145f,-0.1795f,-0.3932f,-0.9017f,2.8225f,0f,0f,0f,1f],start_interpolation: 0,interpolation_duration: 1}
$data merge entity $(bone_righthand1) {transformation: [-0.9407f,-0.1996f,0.2743f,-0.9845f,-0.2879f,0.8975f,-0.3341f,2.0565f,-0.1795f,-0.3932f,-0.9017f,2.6511f,0f,0f,0f,1f],start_interpolation: 0,interpolation_duration: 1}
$data merge entity $(bone_rightforearm) {transformation: [-0.9329f,-0.0418f,-0.3576f,-0.9499f,-0.0069f,0.9951f,-0.0983f,2.7582f,0.36f,-0.0893f,-0.9287f,2.5804f,0f,0f,0f,1f],start_interpolation: 0,interpolation_duration: 1}
$data merge entity $(bone_rightelbow) {transformation: [-0.9291f,-0.0338f,-0.3683f,-0.9563f,-0.0022f,0.9963f,-0.0857f,2.945f,0.3698f,-0.0788f,-0.9258f,2.5656f,0f,0f,0f,1f],start_interpolation: 0,interpolation_duration: 1}
$data merge entity $(bone_rightarm) {transformation: [-0.9291f,0.0785f,-0.3614f,-0.7025f,-0.0022f,0.976f,0.2178f,3.4267f,0.3698f,0.2032f,-0.9066f,2.6146f,0f,0f,0f,1f],start_interpolation: 0,interpolation_duration: 1}
$data merge entity $(bone_chest1) {transformation: [-1.0565f,0.0458f,-0.2352f,-0.0171f,-0.0226f,1.0396f,0.304f,3.319f,0.2386f,0.3014f,-1.0129f,2.3055f,0f,0f,0f,1f],start_interpolation: 0,interpolation_duration: 1}
$data merge entity $(bone_chest1lid) {transformation: [-0.9752f,0.0423f,-0.2171f,-0.2941f,-0.0208f,0.9596f,0.2806f,2.5463f,0.2202f,0.2782f,-0.9349f,2.5564f,0f,0f,0f,1f],start_interpolation: 0,interpolation_duration: 1}
$data merge entity $(bone_chest2) {transformation: [-0.9752f,0.0423f,-0.2171f,-0.3007f,-0.0208f,0.9596f,0.2806f,2.3963f,0.2202f,0.2782f,-0.9349f,2.5129f,0f,0f,0f,1f],start_interpolation: 0,interpolation_duration: 1}
$data merge entity $(bone_chest1lid3) {transformation: [-0.9752f,0.0423f,-0.2171f,-0.3722f,-0.0208f,0.9596f,0.2806f,2.7273f,0.2202f,0.2782f,-0.9349f,1.9437f,0f,0f,0f,1f],start_interpolation: 0,interpolation_duration: 1}
$data merge entity $(bone_chest3) {transformation: [-0.9752f,0.0423f,-0.2171f,-0.3788f,-0.0208f,0.9596f,0.2806f,2.5774f,0.2202f,0.2782f,-0.9349f,1.9002f,0f,0f,0f,1f],start_interpolation: 0,interpolation_duration: 1}
$data merge entity $(bone_hugeasssword2) {transformation: [0.8503f,2.9281f,-2.4583f,-1.2271f,-1.099f,2.5993f,2.7159f,4.4811f,3.6619f,0.1002f,1.386f,2.6518f,0f,0f,0f,1f],start_interpolation: 0,interpolation_duration: 1}
$data merge entity $(bone_belt) {transformation: [-0.9752f,0.0423f,-0.2171f,0.0257f,-0.0208f,0.9596f,0.2806f,2.9007f,0.2202f,0.2782f,-0.9349f,2.31f,0f,0f,0f,1f],start_interpolation: 0,interpolation_duration: 1}
$data merge entity $(bone_torn_part) {transformation: [-0.9752f,0.1012f,-0.1967f,-0.1072f,-0.0208f,0.8433f,0.537f,2.6269f,0.2202f,0.5278f,-0.8203f,2.2565f,0f,0f,0f,1f],start_interpolation: 0,interpolation_duration: 1}
$data merge entity $(bone_lowerbody) {transformation: [-0.9752f,0.0373f,-0.218f,0.0005f,-0.0208f,0.9658f,0.2586f,2.121f,0.2202f,0.2567f,-0.9411f,2.242f,0f,0f,0f,1f],start_interpolation: 0,interpolation_duration: 1}
$data merge entity $(bone_leftfoot) {transformation: [-0.9889f,0.1115f,0.0978f,0.0395f,0.0669f,0.924f,-0.3766f,0.1737f,-0.1324f,-0.3658f,-0.9212f,2.93f,0f,0f,0f,1f],start_interpolation: 0,interpolation_duration: 1}
$data merge entity $(bone_leftlowerleg) {transformation: [-0.9889f,0.1115f,0.0978f,0.1482f,0.0669f,0.924f,-0.3766f,1.2566f,-0.1324f,-0.3658f,-0.9212f,2.6657f,0f,0f,0f,1f],start_interpolation: 0,interpolation_duration: 1}
$data merge entity $(bone_leftleg) {transformation: [-0.9889f,0.1308f,0.0699f,0.2545f,0.0669f,0.8143f,-0.5766f,2.1388f,-0.1324f,-0.5656f,-0.814f,2.0819f,0f,0f,0f,1f],start_interpolation: 0,interpolation_duration: 1}
$data merge entity $(bone_rightfoot) {transformation: [-0.9804f,-0.0272f,0.1953f,-0.3693f,0.1124f,0.7368f,0.6667f,0.3775f,-0.162f,0.6756f,-0.7193f,1.2379f,0f,0f,0f,1f],start_interpolation: 0,interpolation_duration: 1}
$data merge entity $(bone_rightlowerleg) {transformation: [-0.9804f,-0.0272f,0.1953f,-0.4295f,0.1124f,0.7368f,0.6667f,1.0925f,-0.162f,0.6756f,-0.7193f,2.0979f,0f,0f,0f,1f],start_interpolation: 0,interpolation_duration: 1}
$data merge entity $(bone_rightleg) {transformation: [-0.9607f,0.1512f,0.2328f,-0.2449f,0.1302f,0.9861f,-0.1029f,2.1388f,-0.2452f,-0.0685f,-0.9671f,2.058f,0f,0f,0f,1f],start_interpolation: 0,interpolation_duration: 1}
data modify entity @s data merge value {"cameras":{},"locators":{"lefthand":{"posx":1.328201683044414,"posy":1.9022269950546455,"posz":2.766554806617048,"roty":22.536889583245966,"rotx":-18.846228344738936},"sword":{"posx":0.3630508637740075,"posy":0.7081746642048414,"posz":-0.5115660689554686,"roty":199.43160739511134,"rotx":18.737199602922736},"righthand":{"posx":-0.7972969161064234,"posy":1.8787498128757398,"posz":2.8258961184672775,"roty":16.917832539192602,"rotx":-19.51798501417805},"chest":{"posx":-0.293278872406928,"posy":2.4417869514645756,"posz":2.6919609650881475,"roty":346.92709571535346,"rotx":16.296400774167537}}}