# This file was generated by Animated Java via MC-Build. It is not recommended to edit this file directly.
$data merge entity $(bone_nose) {transformation: [-0.9998f,-0.0003f,0.0177f,-0.0214f,-0.0003f,1f,0.0024f,4.1915f,-0.0177f,0.0024f,-0.9998f,0.1647f,0f,0f,0f,1f],start_interpolation: 0,interpolation_duration: 1}
$data merge entity $(bone_glowing_eye) {transformation: [-0.9998f,-0.0003f,0.0177f,-0.147f,-0.0003f,1f,0.0024f,4.2591f,-0.0177f,0.0024f,-0.9998f,0.1975f,0f,0f,0f,1f],start_interpolation: 0,interpolation_duration: 1}
$data merge entity $(bone_head) {transformation: [-0.9998f,-0.0003f,0.0177f,-0.018f,-0.0003f,1f,0.0024f,4.0685f,-0.0177f,0.0024f,-0.9998f,-0.0229f,0f,0f,0f,1f],start_interpolation: 0,interpolation_duration: 1}
$data merge entity $(bone_leftthumb2) {transformation: [-0.8498f,0.0285f,0.5263f,0.7227f,-0.2173f,0.8908f,-0.3991f,2.0828f,-0.4802f,-0.4535f,-0.7508f,1.0937f,0f,0f,0f,1f],start_interpolation: 0,interpolation_duration: 1}
$data merge entity $(bone_leftthumb) {transformation: [-0.8498f,0.0285f,0.5263f,0.7747f,-0.2173f,0.8908f,-0.3991f,2.2671f,-0.4802f,-0.4535f,-0.7508f,0.9183f,0f,0f,0f,1f],start_interpolation: 0,interpolation_duration: 1}
$data merge entity $(bone_leftpointerfinger) {transformation: [-0.8498f,0.0285f,0.5263f,0.8829f,-0.2173f,0.8908f,-0.3991f,1.9799f,-0.4802f,-0.4535f,-0.7508f,1.0844f,0f,0f,0f,1f],start_interpolation: 0,interpolation_duration: 1}
$data merge entity $(bone_leftmidfinger) {transformation: [-0.8498f,0.0285f,0.5263f,0.9652f,-0.2173f,0.8908f,-0.3991f,1.9175f,-0.4802f,-0.4535f,-0.7508f,0.9671f,0f,0f,0f,1f],start_interpolation: 0,interpolation_duration: 1}
$data merge entity $(bone_leftringfinger) {transformation: [-0.8498f,0.0285f,0.5263f,1.0474f,-0.2173f,0.8908f,-0.3991f,1.8552f,-0.4802f,-0.4535f,-0.7508f,0.8498f,0f,0f,0f,1f],start_interpolation: 0,interpolation_duration: 1}
$data merge entity $(bone_invisibility) {transformation: [0.0742f,-0.5218f,0.8498f,0.7103f,0.8526f,0.4752f,0.2173f,2.0491f,-0.5172f,0.7084f,0.4802f,0.9682f,0f,0f,0f,1f],start_interpolation: 0,interpolation_duration: 1}
$data merge entity $(bone_swiftness) {transformation: [0.5263f,0.0285f,0.8498f,0.7608f,-0.3991f,0.8908f,0.2173f,1.8423f,-0.7508f,-0.4535f,0.4802f,0.8639f,0f,0f,0f,1f],start_interpolation: 0,interpolation_duration: 1}
$data merge entity $(bone_suspicious_stew) {transformation: [0.2482f,-0.465f,0.8498f,0.8076f,0.6387f,0.7381f,0.2173f,1.9325f,-0.7283f,0.4888f,0.4802f,0.8487f,0f,0f,0f,1f],start_interpolation: 0,interpolation_duration: 1}
$data merge entity $(bone_log) {transformation: [-0.8498f,0.0285f,0.5263f,0.7562f,-0.2173f,0.8908f,-0.3991f,2.0047f,-0.4802f,-0.4535f,-0.7508f,0.7118f,0f,0f,0f,1f],start_interpolation: 0,interpolation_duration: 1}
$data merge entity $(bone_planks) {transformation: [-0.8498f,0.0285f,0.5263f,0.6765f,-0.2173f,0.8908f,-0.3991f,1.9844f,-0.4802f,-0.4535f,-0.7508f,0.6668f,0f,0f,0f,1f],start_interpolation: 0,interpolation_duration: 1}
$data merge entity $(bone_lefthand1) {transformation: [-0.8498f,0.0285f,0.5263f,0.9593f,-0.2173f,0.8908f,-0.3991f,2.2942f,-0.4802f,-0.4535f,-0.7508f,0.742f,0f,0f,0f,1f],start_interpolation: 0,interpolation_duration: 1}
$data merge entity $(bone_leftforearm) {transformation: [-0.9759f,0.0285f,0.2166f,0.9149f,-0.0735f,0.8908f,-0.4484f,2.923f,-0.2057f,-0.4535f,-0.8672f,0.4238f,0f,0f,0f,1f],start_interpolation: 0,interpolation_duration: 1}
$data merge entity $(bone_leftelbow) {transformation: [-0.9878f,0.0111f,0.1551f,0.917f,-0.0415f,0.9425f,-0.3317f,3.0997f,-0.1499f,-0.3341f,-0.9306f,0.3611f,0f,0f,0f,1f],start_interpolation: 0,interpolation_duration: 1}
$data merge entity $(bone_leftarm) {transformation: [-0.9878f,0.0111f,0.1551f,0.7016f,-0.0415f,0.9425f,-0.3317f,3.5722f,-0.1499f,-0.3341f,-0.9306f,0.1904f,0f,0f,0f,1f],start_interpolation: 0,interpolation_duration: 1}
$data merge entity $(bone_rightthumb2) {transformation: [0.0782f,-0.4456f,-0.8918f,-1.3918f,0.1084f,0.893f,-0.4367f,2.2575f,0.991f,-0.0625f,0.1181f,-0.2241f,0f,0f,0f,1f],start_interpolation: 0,interpolation_duration: 1}
$data merge entity $(bone_rightthumb) {transformation: [0.0782f,-0.4456f,-0.8918f,-1.5773f,0.1084f,0.893f,-0.4367f,2.4391f,0.991f,-0.0625f,0.1181f,-0.2293f,0f,0f,0f,1f],start_interpolation: 0,interpolation_duration: 1}
$data merge entity $(bone_rightpointerfinger) {transformation: [-0.8271f,-0.5616f,0.0244f,-1.8654f,-0.5554f,0.8098f,-0.189f,2.2428f,0.0864f,-0.1699f,-0.9817f,-0.2464f,0f,0f,0f,1f],start_interpolation: 0,interpolation_duration: 1}
$data merge entity $(bone_rightmidfinger) {transformation: [-0.7467f,-0.6647f,0.0244f,-1.8616f,-0.6564f,0.7304f,-0.189f,2.2132f,0.1078f,-0.1571f,-0.9817f,-0.3998f,0f,0f,0f,1f],start_interpolation: 0,interpolation_duration: 1}
$data merge entity $(bone_rightringfinger) {transformation: [-0.8018f,-0.5971f,0.0244f,-1.8578f,-0.5902f,0.7848f,-0.189f,2.1837f,0.0937f,-0.1659f,-0.9817f,-0.5532f,0f,0f,0f,1f],start_interpolation: 0,interpolation_duration: 1}
$data merge entity $(bone_hugeasssword) {transformation: [-3.0718f,2.428f,0.0955f,-1.5277f,2.3708f,3.0285f,-0.7403f,2.2125f,-0.5328f,-0.5228f,-3.8449f,-0.3755f,0f,0f,0f,1f],start_interpolation: 0,interpolation_duration: 1}
$data merge entity $(bone_ice) {transformation: [-0.7843f,0.6199f,0.0244f,-1.5251f,0.6053f,0.7732f,-0.189f,2.1909f,-0.136f,-0.1335f,-0.9817f,-0.3713f,0f,0f,0f,1f],start_interpolation: 0,interpolation_duration: 1}
$data merge entity $(bone_righthand1) {transformation: [-0.7843f,0.6199f,0.0244f,-1.5655f,0.6053f,0.7732f,-0.189f,2.5297f,-0.136f,-0.1335f,-0.9817f,-0.4693f,0f,0f,0f,1f],start_interpolation: 0,interpolation_duration: 1}
$data merge entity $(bone_rightforearm) {transformation: [-0.8815f,0.4719f,0.017f,-1.1788f,0.4564f,0.8607f,-0.2256f,3.1098f,-0.1211f,-0.1911f,-0.9741f,-0.5809f,0f,0f,0f,1f],start_interpolation: 0,interpolation_duration: 1}
$data merge entity $(bone_rightelbow) {transformation: [-0.8715f,0.4587f,0.1736f,-1.0928f,0.4735f,0.8791f,0.0542f,3.2747f,-0.1277f,0.1295f,-0.9833f,-0.5566f,0f,0f,0f,1f],start_interpolation: 0,interpolation_duration: 1}
$data merge entity $(bone_rightarm) {transformation: [-0.8715f,0.3853f,0.3035f,-0.719f,0.4735f,0.8221f,0.3161f,3.5722f,-0.1277f,0.4192f,-0.8989f,-0.291f,0f,0f,0f,1f],start_interpolation: 0,interpolation_duration: 1}
$data merge entity $(bone_chest1) {transformation: [-1.026f,-0.0401f,0.3454f,0.0301f,0f,1.0761f,0.1249f,3.4257f,-0.3477f,0.1183f,-1.0192f,-0.1721f,0f,0f,0f,1f],start_interpolation: 0,interpolation_duration: 1}
$data merge entity $(bone_chest1lid) {transformation: [-0.9471f,-0.037f,0.3188f,-0.3927f,0f,0.9933f,0.1153f,2.7017f,-0.3209f,0.1092f,-0.9408f,0.0119f,0f,0f,0f,1f],start_interpolation: 0,interpolation_duration: 1}
$data merge entity $(bone_chest2) {transformation: [-0.9471f,-0.037f,0.3188f,-0.3869f,0f,0.9933f,0.1153f,2.5465f,-0.3209f,0.1092f,-0.9408f,-0.0052f,0f,0f,0f,1f],start_interpolation: 0,interpolation_duration: 1}
$data merge entity $(bone_chest1lid3) {transformation: [-0.9471f,-0.037f,0.3188f,-0.1293f,0f,0.9933f,0.1153f,2.7755f,-0.3209f,0.1092f,-0.9408f,-0.5708f,0f,0f,0f,1f],start_interpolation: 0,interpolation_duration: 1}
$data merge entity $(bone_chest3) {transformation: [-0.9471f,-0.037f,0.3188f,-0.1235f,0f,0.9933f,0.1153f,2.6203f,-0.3209f,0.1092f,-0.9408f,-0.5878f,0f,0f,0f,1f],start_interpolation: 0,interpolation_duration: 1}
$data merge entity $(bone_hugeasssword2) {transformation: [-1.2487f,2.637f,-2.6129f,-1.0952f,-0.4514f,2.6284f,2.8684f,4.6088f,3.6847f,1.2156f,-0.534f,-0.6901f,0f,0f,0f,1f],start_interpolation: 0,interpolation_duration: 1}
$data merge entity $(bone_belt) {transformation: [-0.9471f,-0.037f,0.3188f,0.0334f,0f,0.9933f,0.1153f,3.0149f,-0.3209f,0.1092f,-0.9408f,-0.0822f,0f,0f,0f,1f],start_interpolation: 0,interpolation_duration: 1}
$data merge entity $(bone_torn_part) {transformation: [-0.9471f,-0.1181f,0.2984f,-0.0733f,0f,0.9298f,0.3681f,2.7352f,-0.3209f,0.3487f,-0.8806f,-0.1517f,0f,0f,0f,1f],start_interpolation: 0,interpolation_duration: 1}
$data merge entity $(bone_lowerbody) {transformation: [-0.9471f,-0.0229f,0.3201f,-0.0147f,0f,0.9974f,0.0715f,2.2381f,-0.3209f,0.0677f,-0.9447f,-0.0205f,0f,0f,0f,1f],start_interpolation: 0,interpolation_duration: 1}
$data merge entity $(bone_leftfoot) {transformation: [-0.9981f,-0.0441f,-0.0425f,0.4088f,-0.0539f,0.9619f,0.268f,0.1842f,0.0291f,0.2698f,-0.9625f,-0.3771f,0f,0f,0f,1f],start_interpolation: 0,interpolation_duration: 1}
$data merge entity $(bone_leftlowerleg) {transformation: [-0.9981f,-0.0441f,-0.0425f,0.3665f,-0.0539f,0.9619f,0.268f,1.2102f,0.0291f,0.2698f,-0.9625f,0.07f,0f,0f,0f,1f],start_interpolation: 0,interpolation_duration: 1}
$data merge entity $(bone_leftleg) {transformation: [-0.9981f,-0.0584f,-0.0183f,0.2737f,-0.0539f,0.9802f,-0.1906f,2.2549f,0.0291f,-0.1893f,-0.9815f,-0.1046f,0f,0f,0f,1f],start_interpolation: 0,interpolation_duration: 1}
$data merge entity $(bone_rightfoot) {transformation: [-0.8976f,0.0119f,0.4407f,-0.2716f,-0.0043f,0.9994f,-0.0358f,0.1034f,-0.4408f,-0.034f,-0.897f,-0.1689f,0f,0f,0f,1f],start_interpolation: 0,interpolation_duration: 1}
$data merge entity $(bone_rightlowerleg) {transformation: [-0.8976f,0.0119f,0.4407f,-0.3261f,-0.0043f,0.9994f,-0.0358f,1.2175f,-0.4408f,-0.034f,-0.897f,-0.0688f,0f,0f,0f,1f],start_interpolation: 0,interpolation_duration: 1}
$data merge entity $(bone_rightleg) {transformation: [-0.8976f,0.1029f,0.4287f,-0.1999f,-0.0043f,0.9703f,-0.2419f,2.2549f,-0.4408f,-0.219f,-0.8705f,-0.2651f,0f,0f,0f,1f],start_interpolation: 0,interpolation_duration: 1}
data modify entity @s data merge value {"cameras":{},"locators":{"lefthand":{"posx":0.8253975197287775,"posy":1.9617612175708676,"posz":0.8040061203459333,"roty":35.03040652339993,"rotx":-23.51990492271407},"sword":{"posx":-1.6986224871891102,"posy":2.935553095792572,"posz":3.2533243861707732,"roty":1.4223645762744184,"rotx":-10.895480337408522},"righthand":{"posx":-1.6087399052496523,"posy":2.2385492851059245,"posz":-0.3665876375325919,"roty":1.4223645762744184,"rotx":-10.895480337408522},"chest":{"posx":-0.46982291228836287,"posy":2.6216012075091344,"posz":0.1420036524172667,"roty":18.71999999999997,"rotx":6.61849264403715}}}