# This file was generated by Animated Java via MC-Build. It is not recommended to edit this file directly.
$data merge entity $(nose) {transformation: [-0.9993f,-0.0213f,-0.0292f,-0.0222f,-0.0145f,0.9764f,-0.2157f,3.8306f,0.0331f,-0.2151f,-0.976f,2.1721f,0f,0f,0f,1f],start_interpolation: 0,interpolation_duration: 1}
$data merge entity $(glowing_eye) {transformation: [-0.9993f,-0.0213f,-0.0292f,-0.1475f,-0.0145f,0.9764f,-0.2157f,3.9024f,0.0331f,-0.2151f,-0.976f,2.1957f,0f,0f,0f,1f],start_interpolation: 0,interpolation_duration: 1}
$data merge entity $(head) {transformation: [-0.9993f,-0.0213f,-0.0292f,-0.025f,-0.0145f,0.9764f,-0.2157f,3.6697f,0.0331f,-0.2151f,-0.976f,2.0159f,0f,0f,0f,1f],start_interpolation: 0,interpolation_duration: 1}
$data merge entity $(leftthumb2) {transformation: [-0.9673f,-0.0788f,0.241f,1.029f,-0.2017f,0.815f,-0.5432f,1.8368f,-0.1537f,-0.5741f,-0.8043f,2.7183f,0f,0f,0f,1f],start_interpolation: 0,interpolation_duration: 1}
$data merge entity $(leftthumb) {transformation: [-0.9673f,-0.0788f,0.241f,1.0302f,-0.2017f,0.815f,-0.5432f,1.9903f,-0.1537f,-0.5741f,-0.8043f,2.5088f,0f,0f,0f,1f],start_interpolation: 0,interpolation_duration: 1}
$data merge entity $(leftpointerfinger) {transformation: [-0.9673f,-0.0788f,0.241f,1.1732f,-0.2017f,0.815f,-0.5432f,1.7194f,-0.1537f,-0.5741f,-0.8043f,2.6763f,0f,0f,0f,1f],start_interpolation: 0,interpolation_duration: 1}
$data merge entity $(leftmidfinger) {transformation: [-0.9673f,-0.0788f,0.241f,1.2108f,-0.2017f,0.815f,-0.5432f,1.6346f,-0.1537f,-0.5741f,-0.8043f,2.5506f,0f,0f,0f,1f],start_interpolation: 0,interpolation_duration: 1}
$data merge entity $(leftringfinger) {transformation: [-0.9673f,-0.0788f,0.241f,1.2485f,-0.2017f,0.815f,-0.5432f,1.5497f,-0.1537f,-0.5741f,-0.8043f,2.4249f,0f,0f,0f,1f],start_interpolation: 0,interpolation_duration: 1}
$data merge entity $(invisibility) {transformation: [-0.0574f,-0.247f,0.9673f,0.9757f,0.7646f,0.6122f,0.2017f,1.7877f,-0.642f,0.7512f,0.1537f,2.6098f,0f,0f,0f,1f],start_interpolation: 0,interpolation_duration: 1}
$data merge entity $(swiftness) {transformation: [0.241f,-0.0788f,0.9673f,0.9811f,-0.5432f,0.815f,0.2017f,1.565f,-0.8043f,-0.5741f,0.1537f,2.5287f,0f,0f,0f,1f],start_interpolation: 0,interpolation_duration: 1}
$data merge entity $(suspicious_stew) {transformation: [0.0305f,-0.2517f,0.9673f,1.0245f,0.5091f,0.8367f,0.2017f,1.6477f,-0.8602f,0.4863f,0.1537f,2.4859f,0f,0f,0f,1f],start_interpolation: 0,interpolation_duration: 1}
$data merge entity $(log) {transformation: [-0.9673f,-0.0788f,0.241f,0.9353f,-0.2017f,0.815f,-0.5432f,1.7052f,-0.1537f,-0.5741f,-0.8043f,2.3621f,0f,0f,0f,1f],start_interpolation: 0,interpolation_duration: 1}
$data merge entity $(planks) {transformation: [-0.9673f,-0.0788f,0.241f,0.8446f,-0.2017f,0.815f,-0.5432f,1.6863f,-0.1537f,-0.5741f,-0.8043f,2.3477f,0f,0f,0f,1f],start_interpolation: 0,interpolation_duration: 1}
$data merge entity $(lefthand1) {transformation: [-0.9673f,-0.0788f,0.241f,1.1499f,-0.2017f,0.815f,-0.5432f,1.9763f,-0.1537f,-0.5741f,-0.8043f,2.2821f,0f,0f,0f,1f],start_interpolation: 0,interpolation_duration: 1}
$data merge entity $(leftforearm) {transformation: [-0.9828f,-0.0788f,0.1673f,1.0305f,-0.1601f,0.815f,-0.5569f,2.5481f,-0.0925f,-0.5741f,-0.8136f,1.8854f,0f,0f,0f,1f],start_interpolation: 0,interpolation_duration: 1}
$data merge entity $(leftelbow) {transformation: [-0.9915f,-0.1266f,-0.0294f,1.0068f,-0.1228f,0.9868f,-0.1056f,2.7331f,0.0423f,-0.1011f,-0.994f,1.8664f,0f,0f,0f,1f],start_interpolation: 0,interpolation_duration: 1}
$data merge entity $(leftarm) {transformation: [-0.9915f,-0.1266f,-0.0294f,0.7275f,-0.1228f,0.9868f,-0.1056f,3.2029f,0.0423f,-0.1011f,-0.994f,1.8562f,0f,0f,0f,1f],start_interpolation: 0,interpolation_duration: 1}
$data merge entity $(rightthumb2) {transformation: [-0.873f,-0.0706f,0.4826f,-1.0473f,-0.1652f,0.9738f,-0.1563f,1.5612f,-0.459f,-0.2162f,-0.8618f,1.9187f,0f,0f,0f,1f],start_interpolation: 0,interpolation_duration: 1}
$data merge entity $(rightthumb) {transformation: [-0.873f,-0.0706f,0.4826f,-1.0234f,-0.1652f,0.9738f,-0.1563f,1.7866f,-0.459f,-0.2162f,-0.8618f,1.792f,0f,0f,0f,1f],start_interpolation: 0,interpolation_duration: 1}
$data merge entity $(rightpointerfinger) {transformation: [-0.873f,-0.0706f,0.4826f,-1.0731f,-0.1652f,0.9738f,-0.1563f,1.4417f,-0.459f,-0.2162f,-0.8618f,1.7724f,0f,0f,0f,1f],start_interpolation: 0,interpolation_duration: 1}
$data merge entity $(rightmidfinger) {transformation: [-0.873f,-0.0706f,0.4826f,-0.9977f,-0.1652f,0.9738f,-0.1563f,1.4173f,-0.459f,-0.2162f,-0.8618f,1.6377f,0f,0f,0f,1f],start_interpolation: 0,interpolation_duration: 1}
$data merge entity $(rightringfinger) {transformation: [-0.873f,-0.0706f,0.4826f,-0.9223f,-0.1652f,0.9738f,-0.1563f,1.3929f,-0.459f,-0.2162f,-0.8618f,1.5031f,0f,0f,0f,1f],start_interpolation: 0,interpolation_duration: 1}
$data merge entity $(hugeasssword) {transformation: [-2.9738f,1.5312f,-2.0377f,-0.7877f,-2.0815f,-3.2661f,0.5834f,1.6614f,-1.4711f,1.5259f,3.2936f,1.7292f,0f,0f,0f,1f],start_interpolation: 0,interpolation_duration: 1}
$data merge entity $(whey) {transformation: [0f,0f,0f,-0.6989f,0f,0f,0f,1.6205f,0f,0f,0f,1.9495f,0f,0f,0f,1f],start_interpolation: 0,interpolation_duration: 1}
$data merge entity $(ice) {transformation: [-0.873f,-0.0706f,0.4826f,-0.7729f,-0.1652f,0.9738f,-0.1563f,1.6488f,-0.459f,-0.2162f,-0.8618f,1.7397f,0f,0f,0f,1f],start_interpolation: 0,interpolation_duration: 1}
$data merge entity $(righthand1) {transformation: [-0.873f,-0.0706f,0.4826f,-0.9938f,-0.1652f,0.9738f,-0.1563f,1.846f,-0.459f,-0.2162f,-0.8618f,1.544f,0f,0f,0f,1f],start_interpolation: 0,interpolation_duration: 1}
$data merge entity $(rightforearm) {transformation: [-0.9983f,-0.0275f,0.0508f,-0.9515f,-0.0219f,0.9939f,0.1084f,2.5445f,-0.0535f,0.1071f,-0.9928f,1.6382f,0f,0f,0f,1f],start_interpolation: 0,interpolation_duration: 1}
$data merge entity $(rightelbow) {transformation: [-0.998f,-0.0277f,0.0571f,-0.9567f,-0.0218f,0.9946f,0.1018f,2.731f,-0.0596f,0.1004f,-0.9932f,1.657f,0f,0f,0f,1f],start_interpolation: 0,interpolation_duration: 1}
$data merge entity $(rightarm) {transformation: [-0.998f,-0.0436f,0.0461f,-0.7616f,-0.0218f,0.9179f,0.3962f,3.1824f,-0.0596f,0.3944f,-0.917f,1.8959f,0f,0f,0f,1f],start_interpolation: 0,interpolation_duration: 1}
$data merge entity $(chest1) {transformation: [-1.0828f,-0.0044f,-0.0322f,-0.0271f,-0.015f,1.0206f,0.363f,3.0784f,0.0288f,0.3633f,-1.0202f,1.7188f,0f,0f,0f,1f],start_interpolation: 0,interpolation_duration: 1}
$data merge entity $(chest1lid) {transformation: [-0.9996f,-0.0041f,-0.0297f,-0.3539f,-0.0138f,0.9421f,0.3351f,2.2987f,0.0266f,0.3353f,-0.9417f,1.8672f,0f,0f,0f,1f],start_interpolation: 0,interpolation_duration: 1}
$data merge entity $(chest2) {transformation: [-0.9996f,-0.0041f,-0.0297f,-0.3533f,-0.0138f,0.9421f,0.3351f,2.1515f,0.0266f,0.3353f,-0.9417f,1.8148f,0f,0f,0f,1f],start_interpolation: 0,interpolation_duration: 1}
$data merge entity $(chest1lid3) {transformation: [-0.9996f,-0.0041f,-0.0297f,-0.3105f,-0.0138f,0.9421f,0.3351f,2.5142f,0.0266f,0.3353f,-0.9417f,1.2623f,0f,0f,0f,1f],start_interpolation: 0,interpolation_duration: 1}
$data merge entity $(chest3) {transformation: [-0.9996f,-0.0041f,-0.0297f,-0.3098f,-0.0138f,0.9421f,0.3351f,2.367f,0.0266f,0.3353f,-0.9417f,1.2099f,0f,0f,0f,1f],start_interpolation: 0,interpolation_duration: 1}
$data merge entity $(hugeasssword2) {transformation: [0.1163f,2.8755f,-2.6567f,-1.2712f,-1.3124f,2.5327f,2.6839f,4.2433f,3.6884f,0.8105f,1.0388f,1.8912f,0f,0f,0f,1f],start_interpolation: 0,interpolation_duration: 1}
$data merge entity $(belt) {transformation: [-0.9996f,-0.0041f,-0.0297f,0.0105f,-0.0138f,0.9421f,0.3351f,2.6597f,0.0266f,0.3353f,-0.9417f,1.7077f,0f,0f,0f,1f],start_interpolation: 0,interpolation_duration: 1}
$data merge entity $(torn_part) {transformation: [-0.9996f,0.005f,-0.0296f,-0.1119f,-0.0138f,0.798f,0.6025f,2.3912f,0.0266f,0.6027f,-0.7975f,1.6105f,0f,0f,0f,1f],start_interpolation: 0,interpolation_duration: 1}
$data merge entity $(lowerbody) {transformation: [-0.9996f,-0.0041f,-0.0297f,-0.0081f,-0.0138f,0.9422f,0.3347f,1.8854f,0.0266f,0.335f,-0.9419f,1.5768f,0f,0f,0f,1f],start_interpolation: 0,interpolation_duration: 1}
$data merge entity $(leftfoot) {transformation: [-0.994f,0.0021f,0.1096f,0.218f,-0.0389f,0.9278f,-0.3711f,0.4216f,-0.1025f,-0.3731f,-0.9221f,2.6952f,0f,0f,0f,1f],start_interpolation: 0,interpolation_duration: 1}
$data merge entity $(leftlowerleg) {transformation: [-0.994f,0.0021f,0.1096f,0.2035f,-0.0389f,0.9278f,-0.3711f,1.5079f,-0.1025f,-0.3731f,-0.9221f,2.423f,0f,0f,0f,1f],start_interpolation: 0,interpolation_duration: 1}
$data merge entity $(leftleg) {transformation: [-0.994f,0.0824f,0.0724f,0.2581f,-0.0389f,0.3518f,-0.9353f,1.9049f,-0.1025f,-0.9324f,-0.3465f,1.4381f,0f,0f,0f,1f],start_interpolation: 0,interpolation_duration: 1}
$data merge entity $(rightfoot) {transformation: [-0.9847f,-0.0866f,0.1513f,-0.3243f,0.0319f,0.7637f,0.6448f,0.392f,-0.1714f,0.6398f,-0.7492f,1.2582f,0f,0f,0f,1f],start_interpolation: 0,interpolation_duration: 1}
$data merge entity $(rightlowerleg) {transformation: [-0.9847f,-0.0866f,0.1513f,-0.4436f,0.0319f,0.7637f,0.6448f,1.1401f,-0.1714f,0.6398f,-0.7492f,2.0831f,0f,0f,0f,1f],start_interpolation: 0,interpolation_duration: 1}
$data merge entity $(rightleg) {transformation: [-0.9691f,0.1696f,0.1793f,-0.2377f,-0.0088f,0.7021f,-0.712f,1.9049f,-0.2467f,-0.6916f,-0.6789f,1.3736f,0f,0f,0f,1f],start_interpolation: 0,interpolation_duration: 1}
data modify entity @s data merge value {"cameras":{},"locators":{"soup":{"px":0.9510526344470187,"py":1.7851856030022972,"pz":2.564706334063818,"ry":99.02698966859627,"rx":11.636969649363838},"lefthand":{"px":1.0283898910821918,"py":1.668904613687465,"pz":2.433881841791335,"ry":16.683516270130895,"rx":-32.9007271074059},"sword":{"px":1.0673802883924157,"py":1.0943271480191294,"pz":-1.4263652141618834,"ry":211.7445874832407,"rx":8.566885485022942},"righthand":{"px":-0.8612191429380911,"py":1.620523345204289,"pz":1.7135279045565663,"ry":29.2520084993495,"rx":-8.993338132978426},"chest":{"px":-0.38025869741426677,"py":2.187031824614612,"pz":1.9942565453698342,"ry":358.1936073571841,"rx":19.57771764424488}}}