# This file was generated by Animated Java via MC-Build. It is not recommended to edit this file directly.
$data merge entity $(bone_nose) {transformation: [-0.9997f,-0.0178f,-0.0171f,-0.0302f,-0.0134f,0.9726f,-0.232f,3.8468f,0.0208f,-0.2318f,-0.9726f,1.9885f,0f,0f,0f,1f],start_interpolation: 0,interpolation_duration: 1}
$data merge entity $(bone_glowing_eye) {transformation: [-0.9997f,-0.0178f,-0.0171f,-0.1558f,-0.0134f,0.9726f,-0.232f,3.9191f,0.0208f,-0.2318f,-0.9726f,2.0094f,0f,0f,0f,1f],start_interpolation: 0,interpolation_duration: 1}
$data merge entity $(bone_head) {transformation: [-0.9997f,-0.0178f,-0.0171f,-0.0312f,-0.0134f,0.9726f,-0.232f,3.6833f,0.0208f,-0.2318f,-0.9726f,1.835f,0f,0f,0f,1f],start_interpolation: 0,interpolation_duration: 1}
$data merge entity $(bone_leftthumb2) {transformation: [-0.9735f,-0.0567f,0.2213f,1.0007f,-0.1779f,0.7959f,-0.5787f,1.8745f,-0.1433f,-0.6027f,-0.785f,2.5969f,0f,0f,0f,1f],start_interpolation: 0,interpolation_duration: 1}
$data merge entity $(bone_leftthumb) {transformation: [-0.9735f,-0.0567f,0.2213f,1.0057f,-0.1779f,0.7959f,-0.5787f,2.0202f,-0.1433f,-0.6027f,-0.785f,2.382f,0f,0f,0f,1f],start_interpolation: 0,interpolation_duration: 1}
$data merge entity $(bone_leftpointerfinger) {transformation: [-0.9735f,-0.0567f,0.2213f,1.1412f,-0.1779f,0.7959f,-0.5787f,1.7514f,-0.1433f,-0.6027f,-0.785f,2.5587f,0f,0f,0f,1f],start_interpolation: 0,interpolation_duration: 1}
$data merge entity $(bone_leftmidfinger) {transformation: [-0.9735f,-0.0567f,0.2213f,1.1757f,-0.1779f,0.7959f,-0.5787f,1.6609f,-0.1433f,-0.6027f,-0.785f,2.436f,0f,0f,0f,1f],start_interpolation: 0,interpolation_duration: 1}
$data merge entity $(bone_leftringfinger) {transformation: [-0.9735f,-0.0567f,0.2213f,1.2103f,-0.1779f,0.7959f,-0.5787f,1.5705f,-0.1433f,-0.6027f,-0.785f,2.3134f,0f,0f,0f,1f],start_interpolation: 0,interpolation_duration: 1}
$data merge entity $(bone_invisibility) {transformation: [-0.0372f,-0.2254f,0.9735f,0.9455f,0.7425f,0.6458f,0.1779f,1.8231f,-0.6689f,0.7294f,0.1433f,2.4904f,0f,0f,0f,1f],start_interpolation: 0,interpolation_duration: 1}
$data merge entity $(bone_swiftness) {transformation: [0.2213f,-0.0567f,0.9735f,0.944f,-0.5787f,0.7959f,0.1779f,1.5976f,-0.785f,-0.6027f,0.1433f,2.4174f,0f,0f,0f,1f],start_interpolation: 0,interpolation_duration: 1}
$data merge entity $(bone_suspicious_stew) {transformation: [0.0421f,-0.2246f,0.9735f,0.9897f,0.4768f,0.8608f,0.1779f,1.6773f,-0.878f,0.4567f,0.1433f,2.3715f,0f,0f,0f,1f],start_interpolation: 0,interpolation_duration: 1}
$data merge entity $(bone_log) {transformation: [-0.9735f,-0.0567f,0.2213f,0.9017f,-0.1779f,0.7959f,-0.5787f,1.733f,-0.1433f,-0.6027f,-0.785f,2.2459f,0f,0f,0f,1f],start_interpolation: 0,interpolation_duration: 1}
$data merge entity $(bone_planks) {transformation: [-0.9735f,-0.0567f,0.2213f,0.8104f,-0.1779f,0.7959f,-0.5787f,1.7163f,-0.1433f,-0.6027f,-0.785f,2.2324f,0f,0f,0f,1f],start_interpolation: 0,interpolation_duration: 1}
$data merge entity $(bone_lefthand1) {transformation: [-0.9735f,-0.0567f,0.2213f,1.124f,-0.1779f,0.7959f,-0.5787f,1.9946f,-0.1433f,-0.6027f,-0.785f,2.1556f,0f,0f,0f,1f],start_interpolation: 0,interpolation_duration: 1}
$data merge entity $(bone_leftforearm) {transformation: [-0.9828f,-0.0567f,0.1755f,1.0199f,-0.1506f,0.7959f,-0.5864f,2.5539f,-0.1064f,-0.6027f,-0.7908f,1.7375f,0f,0f,0f,1f],start_interpolation: 0,interpolation_duration: 1}
$data merge entity $(bone_leftelbow) {transformation: [-0.9932f,-0.1157f,-0.0147f,0.9982f,-0.1135f,0.9878f,-0.1063f,2.7392f,0.0269f,-0.1039f,-0.9942f,1.718f,0f,0f,0f,1f],start_interpolation: 0,interpolation_duration: 1}
$data merge entity $(bone_leftarm) {transformation: [-0.9932f,-0.1157f,-0.0147f,0.7236f,-0.1135f,0.9878f,-0.1063f,3.2116f,0.0269f,-0.1039f,-0.9942f,1.7029f,0f,0f,0f,1f],start_interpolation: 0,interpolation_duration: 1}
$data merge entity $(bone_rightthumb2) {transformation: [-0.8728f,-0.0678f,0.4833f,-1.0436f,-0.1686f,0.9712f,-0.1683f,1.5701f,-0.458f,-0.2284f,-0.8591f,1.7613f,0f,0f,0f,1f],start_interpolation: 0,interpolation_duration: 1}
$data merge entity $(bone_rightthumb) {transformation: [-0.8728f,-0.0678f,0.4833f,-1.0189f,-0.1686f,0.9712f,-0.1683f,1.7939f,-0.458f,-0.2284f,-0.8591f,1.6318f,0f,0f,0f,1f],start_interpolation: 0,interpolation_duration: 1}
$data merge entity $(bone_rightpointerfinger) {transformation: [-0.8728f,-0.0678f,0.4833f,-1.0695f,-0.1686f,0.9712f,-0.1683f,1.4489f,-0.458f,-0.2284f,-0.8591f,1.6164f,0f,0f,0f,1f],start_interpolation: 0,interpolation_duration: 1}
$data merge entity $(bone_rightmidfinger) {transformation: [-0.8728f,-0.0678f,0.4833f,-0.994f,-0.1686f,0.9712f,-0.1683f,1.4226f,-0.458f,-0.2284f,-0.8591f,1.4822f,0f,0f,0f,1f],start_interpolation: 0,interpolation_duration: 1}
$data merge entity $(bone_rightringfinger) {transformation: [-0.8728f,-0.0678f,0.4833f,-0.9185f,-0.1686f,0.9712f,-0.1683f,1.3963f,-0.458f,-0.2284f,-0.8591f,1.348f,0f,0f,0f,1f],start_interpolation: 0,interpolation_duration: 1}
$data merge entity $(bone_hugeasssword) {transformation: [-2.9775f,1.5207f,-2.0402f,-0.7835f,-2.0918f,-3.2508f,0.6299f,1.6673f,-1.4488f,1.5685f,3.2835f,1.5709f,0f,0f,0f,1f],start_interpolation: 0,interpolation_duration: 1}
$data merge entity $(bone_ice) {transformation: [-0.8728f,-0.0678f,0.4833f,-0.7688f,-0.1686f,0.9712f,-0.1683f,1.6548f,-0.458f,-0.2284f,-0.8591f,1.5816f,0f,0f,0f,1f],start_interpolation: 0,interpolation_duration: 1}
$data merge entity $(bone_righthand1) {transformation: [-0.8728f,-0.0678f,0.4833f,-0.9888f,-0.1686f,0.9712f,-0.1683f,1.8501f,-0.458f,-0.2284f,-0.8591f,1.3832f,0f,0f,0f,1f],start_interpolation: 0,interpolation_duration: 1}
$data merge entity $(bone_rightforearm) {transformation: [-0.9967f,-0.0309f,0.0757f,-0.9494f,-0.024f,0.9956f,0.0907f,2.5503f,-0.0781f,0.0886f,-0.993f,1.4658f,0f,0f,0f,1f],start_interpolation: 0,interpolation_duration: 1}
$data merge entity $(bone_rightelbow) {transformation: [-0.9961f,-0.0309f,0.0825f,-0.9552f,-0.024f,0.9962f,0.0835f,2.737f,-0.0848f,0.0812f,-0.9931f,1.481f,0f,0f,0f,1f],start_interpolation: 0,interpolation_duration: 1}
$data merge entity $(bone_rightarm) {transformation: [-0.9961f,-0.0543f,0.0694f,-0.7667f,-0.024f,0.925f,0.3792f,3.193f,-0.0848f,0.376f,-0.9227f,1.7164f,0f,0f,0f,1f],start_interpolation: 0,interpolation_duration: 1}
$data merge entity $(bone_chest1) {transformation: [-1.0832f,-0.0099f,-0.0135f,-0.0286f,-0.0135f,1.031f,0.3323f,3.0834f,0.0098f,0.3325f,-1.031f,1.5558f,0f,0f,0f,1f],start_interpolation: 0,interpolation_duration: 1}
$data merge entity $(bone_chest1lid) {transformation: [-0.9999f,-0.0091f,-0.0124f,-0.3589f,-0.0125f,0.9517f,0.3068f,2.3086f,0.0091f,0.3069f,-0.9517f,1.7216f,0f,0f,0f,1f],start_interpolation: 0,interpolation_duration: 1}
$data merge entity $(bone_chest2) {transformation: [-0.9999f,-0.0091f,-0.0124f,-0.3574f,-0.0125f,0.9517f,0.3068f,2.1599f,0.0091f,0.3069f,-0.9517f,1.6736f,0f,0f,0f,1f],start_interpolation: 0,interpolation_duration: 1}
$data merge entity $(bone_chest1lid3) {transformation: [-0.9999f,-0.0091f,-0.0124f,-0.3043f,-0.0125f,0.9517f,0.3068f,2.5059f,0.0091f,0.3069f,-0.9517f,1.1113f,0f,0f,0f,1f],start_interpolation: 0,interpolation_duration: 1}
$data merge entity $(bone_chest3) {transformation: [-0.9999f,-0.0091f,-0.0124f,-0.3029f,-0.0125f,0.9517f,0.3068f,2.3572f,0.0091f,0.3069f,-0.9517f,1.0634f,0f,0f,0f,1f],start_interpolation: 0,interpolation_duration: 1}
$data merge entity $(bone_hugeasssword2) {transformation: [0.0488f,2.8632f,-2.672f,-1.2743f,-1.2015f,2.5543f,2.7152f,4.2535f,3.7275f,0.7859f,0.9101f,1.6709f,0f,0f,0f,1f],start_interpolation: 0,interpolation_duration: 1}
$data merge entity $(bone_belt) {transformation: [-0.9999f,-0.0091f,-0.0124f,0.0087f,-0.0125f,0.9517f,0.3068f,2.6645f,0.0091f,0.3069f,-0.9517f,1.5579f,0f,0f,0f,1f],start_interpolation: 0,interpolation_duration: 1}
$data merge entity $(bone_torn_part) {transformation: [-0.9999f,-0.0049f,-0.0146f,-0.1122f,-0.0125f,0.8154f,0.5787f,2.3932f,0.0091f,0.5789f,-0.8154f,1.4665f,0f,0f,0f,1f],start_interpolation: 0,interpolation_duration: 1}
$data merge entity $(bone_lowerbody) {transformation: [-0.9999f,-0.0091f,-0.0124f,-0.0084f,-0.0125f,0.9517f,0.3068f,1.8866f,0.0091f,0.3069f,-0.9517f,1.4496f,0f,0f,0f,1f],start_interpolation: 0,interpolation_duration: 1}
$data merge entity $(bone_leftfoot) {transformation: [-0.9934f,-0.0096f,0.114f,0.2291f,-0.0417f,0.9582f,-0.2831f,0.3994f,-0.1065f,-0.286f,-0.9523f,2.4657f,0f,0f,0f,1f],start_interpolation: 0,interpolation_duration: 1}
$data merge entity $(bone_leftlowerleg) {transformation: [-0.9934f,-0.0096f,0.114f,0.2009f,-0.0417f,0.9582f,-0.2831f,1.5059f,-0.1065f,-0.286f,-0.9523f,2.2948f,0f,0f,0f,1f],start_interpolation: 0,interpolation_duration: 1}
$data merge entity $(bone_leftleg) {transformation: [-0.9934f,0.0849f,0.0767f,0.2581f,-0.0417f,0.355f,-0.9339f,1.9061f,-0.1065f,-0.931f,-0.3492f,1.3113f,0f,0f,0f,1f],start_interpolation: 0,interpolation_duration: 1}
$data merge entity $(bone_rightfoot) {transformation: [-0.986f,-0.0826f,0.1448f,-0.3197f,0.0165f,0.816f,0.5778f,0.3618f,-0.1659f,0.5721f,-0.8032f,1.238f,0f,0f,0f,1f],start_interpolation: 0,interpolation_duration: 1}
$data merge entity $(bone_rightlowerleg) {transformation: [-0.986f,-0.0826f,0.1448f,-0.4335f,0.0165f,0.816f,0.5778f,1.1783f,-0.1659f,0.5721f,-0.8032f,1.9961f,0f,0f,0f,1f],start_interpolation: 0,interpolation_duration: 1}
$data merge entity $(bone_rightleg) {transformation: [-0.9707f,0.1602f,0.1794f,-0.2377f,-0.0279f,0.6659f,-0.7455f,1.9061f,-0.2389f,-0.7286f,-0.6419f,1.2461f,0f,0f,0f,1f],start_interpolation: 0,interpolation_duration: 1}
data modify entity @s data merge value {"cameras":{},"locators":{"lefthand":{"posx":0.9939144824722035,"posy":1.696556894789403,"posz":2.318675644525819,"roty":15.746510264444197,"rotx":-35.35738983276827},"sword":{"posx":1.0739345281944563,"posy":1.055982321999955,"posz":-1.5750081003111367,"roty":211.8544095290508,"rotx":9.254453718573407},"righthand":{"posx":-0.8570969206313159,"posy":1.626410862906274,"posz":1.5556525048649141,"roty":29.358778417963833,"rotx":-9.6910062640095},"chest":{"posx":-0.38759916899151897,"posy":2.2008268409618954,"posz":1.8513939479609516,"roty":359.2505787769905,"rotx":17.86397211932127}}}