# This file was generated by Animated Java via MC-Build. It is not recommended to edit this file directly.
$data merge entity $(bone_nose) {transformation: [-0.9994f,0.0067f,0.0343f,-0.0295f,-0.0032f,0.9594f,-0.2821f,3.9584f,-0.0348f,-0.282f,-0.9588f,0.9946f,0f,0f,0f,1f],start_interpolation: 0,interpolation_duration: 1}
$data merge entity $(bone_glowing_eye) {transformation: [-0.9994f,0.0067f,0.0343f,-0.1552f,-0.0032f,0.9594f,-0.2821f,4.0328f,-0.0348f,-0.282f,-0.9588f,1.0046f,0f,0f,0f,1f],start_interpolation: 0,interpolation_duration: 1}
$data merge entity $(bone_head) {transformation: [-0.9994f,0.0067f,0.0343f,-0.0239f,-0.0032f,0.9594f,-0.2821f,3.7871f,-0.0348f,-0.282f,-0.9588f,0.8499f,0f,0f,0f,1f],start_interpolation: 0,interpolation_duration: 1}
$data merge entity $(bone_leftthumb2) {transformation: [-0.9858f,0.0008f,0.168f,0.9263f,-0.0972f,0.813f,-0.5741f,1.9295f,-0.137f,-0.5822f,-0.8014f,1.7588f,0f,0f,0f,1f],start_interpolation: 0,interpolation_duration: 1}
$data merge entity $(bone_leftthumb) {transformation: [-0.9858f,0.0008f,0.168f,0.9409f,-0.0972f,0.813f,-0.5741f,2.0798f,-0.137f,-0.5822f,-0.8014f,1.5475f,0f,0f,0f,1f],start_interpolation: 0,interpolation_duration: 1}
$data merge entity $(bone_leftpointerfinger) {transformation: [-0.9858f,0.0008f,0.168f,1.0563f,-0.0972f,0.813f,-0.5741f,1.7968f,-0.137f,-0.5822f,-0.8014f,1.716f,0f,0f,0f,1f],start_interpolation: 0,interpolation_duration: 1}
$data merge entity $(bone_leftmidfinger) {transformation: [-0.9858f,0.0008f,0.168f,1.0825f,-0.0972f,0.813f,-0.5741f,1.7071f,-0.137f,-0.5822f,-0.8014f,1.5907f,0f,0f,0f,1f],start_interpolation: 0,interpolation_duration: 1}
$data merge entity $(bone_leftringfinger) {transformation: [-0.9858f,0.0008f,0.168f,1.1088f,-0.0972f,0.813f,-0.5741f,1.6174f,-0.137f,-0.5822f,-0.8014f,1.4655f,0f,0f,0f,1f],start_interpolation: 0,interpolation_duration: 1}
$data merge entity $(bone_invisibility) {transformation: [0.0154f,-0.1673f,0.9858f,0.8663f,0.7599f,0.6427f,0.0972f,1.8854f,-0.6499f,0.7476f,0.137f,1.6516f,0f,0f,0f,1f],start_interpolation: 0,interpolation_duration: 1}
$data merge entity $(bone_swiftness) {transformation: [0.168f,0.0008f,0.9858f,0.8463f,-0.5741f,0.813f,0.0972f,1.6626f,-0.8014f,-0.5822f,0.137f,1.5731f,0f,0f,0f,1f],start_interpolation: 0,interpolation_duration: 1}
$data merge entity $(bone_suspicious_stew) {transformation: [0.0717f,-0.1519f,0.9858f,0.8978f,0.4942f,0.8639f,0.0972f,1.7397f,-0.8664f,0.4802f,0.137f,1.5287f,0f,0f,0f,1f],start_interpolation: 0,interpolation_duration: 1}
$data merge entity $(bone_log) {transformation: [-0.9858f,0.0008f,0.168f,0.8133f,-0.0972f,0.813f,-0.5741f,1.8053f,-0.137f,-0.5822f,-0.8014f,1.4055f,0f,0f,0f,1f],start_interpolation: 0,interpolation_duration: 1}
$data merge entity $(bone_planks) {transformation: [-0.9858f,0.0008f,0.168f,0.7209f,-0.0972f,0.813f,-0.5741f,1.7962f,-0.137f,-0.5822f,-0.8014f,1.3926f,0f,0f,0f,1f],start_interpolation: 0,interpolation_duration: 1}
$data merge entity $(bone_lefthand1) {transformation: [-0.9858f,0.0008f,0.168f,1.0547f,-0.0972f,0.813f,-0.5741f,2.0508f,-0.137f,-0.5822f,-0.8014f,1.3192f,0f,0f,0f,1f],start_interpolation: 0,interpolation_duration: 1}
$data merge entity $(bone_leftforearm) {transformation: [-0.9858f,0.0008f,0.168f,0.991f,-0.0972f,0.813f,-0.5741f,2.6253f,-0.137f,-0.5822f,-0.8014f,0.9138f,0f,0f,0f,1f],start_interpolation: 0,interpolation_duration: 1}
$data merge entity $(bone_leftelbow) {transformation: [-0.9973f,-0.0609f,0.0411f,0.9796f,-0.0655f,0.9902f,-0.1237f,2.811f,-0.0332f,-0.126f,-0.9915f,0.8902f,0f,0f,0f,1f],start_interpolation: 0,interpolation_duration: 1}
$data merge entity $(bone_leftarm) {transformation: [-0.9973f,-0.0609f,0.0411f,0.7297f,-0.0655f,0.9902f,-0.1237f,3.2956f,-0.0332f,-0.126f,-0.9915f,0.8509f,0f,0f,0f,1f],start_interpolation: 0,interpolation_duration: 1}
$data merge entity $(bone_rightthumb2) {transformation: [-0.9f,-0.0492f,0.4332f,-1.0153f,-0.1766f,0.9496f,-0.2589f,1.6697f,-0.3986f,-0.3095f,-0.8633f,0.9927f,0f,0f,0f,1f],start_interpolation: 0,interpolation_duration: 1}
$data merge entity $(bone_rightthumb) {transformation: [-0.9f,-0.0492f,0.4332f,-0.9904f,-0.1766f,0.9496f,-0.2589f,1.8805f,-0.3986f,-0.3095f,-0.8633f,0.843f,0f,0f,0f,1f],start_interpolation: 0,interpolation_duration: 1}
$data merge entity $(bone_rightpointerfinger) {transformation: [-0.9f,-0.0492f,0.4332f,-1.0523f,-0.1766f,0.9496f,-0.2589f,1.5374f,-0.3986f,-0.3095f,-0.8633f,0.8605f,0f,0f,0f,1f],start_interpolation: 0,interpolation_duration: 1}
$data merge entity $(bone_rightmidfinger) {transformation: [-0.9f,-0.0492f,0.4332f,-0.9847f,-0.1766f,0.9496f,-0.2589f,1.497f,-0.3986f,-0.3095f,-0.8633f,0.7256f,0f,0f,0f,1f],start_interpolation: 0,interpolation_duration: 1}
$data merge entity $(bone_rightringfinger) {transformation: [-0.9f,-0.0492f,0.4332f,-0.917f,-0.1766f,0.9496f,-0.2589f,1.4565f,-0.3986f,-0.3095f,-0.8633f,0.5907f,0f,0f,0f,1f],start_interpolation: 0,interpolation_duration: 1}
$data merge entity $(bone_hugeasssword) {transformation: [-3.1113f,1.4975f,-1.8488f,-0.7624f,-2.1025f,-3.1549f,0.9829f,1.7408f,-1.1134f,1.7732f,3.31f,0.7821f,0f,0f,0f,1f],start_interpolation: 0,interpolation_duration: 1}
$data merge entity $(bone_ice) {transformation: [-0.9f,-0.0492f,0.4332f,-0.7476f,-0.1766f,0.9496f,-0.2589f,1.7287f,-0.3986f,-0.3095f,-0.8633f,0.7932f,0f,0f,0f,1f],start_interpolation: 0,interpolation_duration: 1}
$data merge entity $(bone_righthand1) {transformation: [-0.9f,-0.0492f,0.4332f,-0.9713f,-0.1766f,0.9496f,-0.2589f,1.9139f,-0.3986f,-0.3095f,-0.8633f,0.5892f,0f,0f,0f,1f],start_interpolation: 0,interpolation_duration: 1}
$data merge entity $(bone_rightforearm) {transformation: [-0.989f,-0.0285f,0.145f,-0.9318f,-0.0336f,0.9989f,-0.0329f,2.6189f,-0.1439f,-0.0374f,-0.9889f,0.5873f,0f,0f,0f,1f],start_interpolation: 0,interpolation_duration: 1}
$data merge entity $(bone_rightelbow) {transformation: [-0.9879f,-0.028f,0.1523f,-0.937f,-0.0345f,0.9986f,-0.0406f,2.8061f,-0.1509f,-0.0453f,-0.9875f,0.5788f,0f,0f,0f,1f],start_interpolation: 0,interpolation_duration: 1}
$data merge entity $(bone_rightarm) {transformation: [-0.9879f,-0.0725f,0.1368f,-0.7614f,-0.0345f,0.9646f,0.2616f,3.2877f,-0.1509f,0.2537f,-0.9554f,0.7685f,0f,0f,0f,1f],start_interpolation: 0,interpolation_duration: 1}
$data merge entity $(bone_chest1) {transformation: [-1.0817f,-0.0139f,0.0584f,-0.0134f,-0.0057f,1.0729f,0.15f,3.1481f,-0.0597f,0.1494f,-1.0713f,0.6784f,0f,0f,0f,1f],start_interpolation: 0,interpolation_duration: 1}
$data merge entity $(bone_chest1lid) {transformation: [-0.9985f,-0.0128f,0.0539f,-0.3667f,-0.0052f,0.9904f,0.1384f,2.4153f,-0.0551f,0.138f,-0.9889f,0.9523f,0f,0f,0f,1f],start_interpolation: 0,interpolation_duration: 1}
$data merge entity $(bone_chest2) {transformation: [-0.9985f,-0.0128f,0.0539f,-0.3647f,-0.0052f,0.9904f,0.1384f,2.2606f,-0.0551f,0.138f,-0.9889f,0.9308f,0f,0f,0f,1f],start_interpolation: 0,interpolation_duration: 1}
$data merge entity $(bone_chest1lid3) {transformation: [-0.9985f,-0.0128f,0.0539f,-0.2698f,-0.0052f,0.9904f,0.1384f,2.5043f,-0.0551f,0.138f,-0.9889f,0.3222f,0f,0f,0f,1f],start_interpolation: 0,interpolation_duration: 1}
$data merge entity $(bone_chest3) {transformation: [-0.9985f,-0.0128f,0.0539f,-0.2677f,-0.0052f,0.9904f,0.1384f,2.3496f,-0.0551f,0.138f,-0.9889f,0.3007f,0f,0f,0f,1f],start_interpolation: 0,interpolation_duration: 1}
$data merge entity $(bone_hugeasssword2) {transformation: [-0.211f,2.8493f,-2.679f,-1.2442f,-0.5423f,2.6357f,2.8459f,4.3274f,3.8732f,0.5242f,0.2525f,0.5086f,0f,0f,0f,1f],start_interpolation: 0,interpolation_duration: 1}
$data merge entity $(bone_belt) {transformation: [-0.9985f,-0.0128f,0.0539f,0.0166f,-0.0052f,0.9904f,0.1384f,2.7357f,-0.0551f,0.138f,-0.9889f,0.7547f,0f,0f,0f,1f],start_interpolation: 0,interpolation_duration: 1}
$data merge entity $(bone_torn_part) {transformation: [-0.9985f,-0.0282f,0.0477f,-0.1028f,-0.0052f,0.9052f,0.4251f,2.4537f,-0.0551f,0.4242f,-0.9039f,0.7042f,0f,0f,0f,1f],start_interpolation: 0,interpolation_duration: 1}
$data merge entity $(bone_lowerbody) {transformation: [-0.9985f,-0.0125f,0.0539f,-0.0067f,-0.0052f,0.9911f,0.1332f,1.9516f,-0.0551f,0.1327f,-0.9896f,0.7839f,0f,0f,0f,1f],start_interpolation: 0,interpolation_duration: 1}
$data merge entity $(bone_leftfoot) {transformation: [-0.9909f,-0.0704f,0.1144f,0.3048f,-0.0348f,0.9572f,0.2874f,0.2508f,-0.1297f,0.2808f,-0.951f,0.9801f,0f,0f,0f,1f],start_interpolation: 0,interpolation_duration: 1}
$data merge entity $(bone_leftlowerleg) {transformation: [-0.9909f,-0.0704f,0.1144f,0.2092f,-0.0348f,0.9572f,0.2874f,1.2685f,-0.1297f,0.2808f,-0.951f,1.4377f,0f,0f,0f,1f],start_interpolation: 0,interpolation_duration: 1}
$data merge entity $(bone_leftleg) {transformation: [-0.9909f,0.0771f,0.11f,0.2572f,-0.0348f,0.6435f,-0.7647f,1.9711f,-0.1297f,-0.7616f,-0.635f,0.6411f,0f,0f,0f,1f],start_interpolation: 0,interpolation_duration: 1}
$data merge entity $(bone_rightfoot) {transformation: [-0.9879f,0.0103f,0.1546f,-0.4096f,0.012f,0.9999f,0.0105f,0.1138f,-0.1545f,0.0122f,-0.9879f,1.1508f,0f,0f,0f,1f],start_interpolation: 0,interpolation_duration: 1}
$data merge entity $(bone_rightlowerleg) {transformation: [-0.9879f,0.0103f,0.1546f,-0.4219f,0.012f,0.9999f,0.0105f,1.2215f,-0.1545f,0.0122f,-0.9879f,1.3161f,0f,0f,0f,1f],start_interpolation: 0,interpolation_duration: 1}
$data merge entity $(bone_rightleg) {transformation: [-0.9719f,0.1476f,0.1834f,-0.2395f,-0.0327f,0.6868f,-0.7261f,1.9711f,-0.2331f,-0.7117f,-0.6626f,0.5844f,0f,0f,0f,1f],start_interpolation: 0,interpolation_duration: 1}
data modify entity @s data merge value {"cameras":{},"locators":{"lefthand":{"posx":0.9030395900809539,"posy":1.7598424291265504,"posz":1.4763185463453297,"roty":11.838946439548977,"rotx":-35.034119249788354},"sword":{"posx":0.9115672306321548,"posy":0.7947390231394469,"posz":-2.383783018313066,"roty":209.184710536244,"rotx":14.53372481932579},"righthand":{"posx":-0.8379232197641717,"posy":1.7013788282033533,"posz":0.7741584677315525,"roty":26.64556217066132,"rotx":-15.004703719562688},"chest":{"posx":-0.405476587916486,"posy":2.3316027775195938,"posz":1.0964778317847745,"roty":3.117639747806635,"rotx":7.958069671335427}}}