# This file was generated by Animated Java via MC-Build. It is not recommended to edit this file directly.
$data merge entity $(bone_nose) {transformation: [-0.9982f,0.0177f,0.0578f,-0.0076f,0.0022f,0.9659f,-0.259f,4.0471f,-0.0604f,-0.2584f,-0.9641f,0.3271f,0f,0f,0f,1f],start_interpolation: 0,interpolation_duration: 1}
$data merge entity $(bone_glowing_eye) {transformation: [-0.9982f,0.0177f,0.0578f,-0.1332f,0.0022f,0.9659f,-0.259f,4.1218f,-0.0604f,-0.2584f,-0.9641f,0.3357f,0f,0f,0f,1f],start_interpolation: 0,interpolation_duration: 1}
$data merge entity $(bone_head) {transformation: [-0.9982f,0.0177f,0.0578f,0.001f,0.0022f,0.9659f,-0.259f,3.8793f,-0.0604f,-0.2584f,-0.9641f,0.1785f,0f,0f,0f,1f],start_interpolation: 0,interpolation_duration: 1}
$data merge entity $(bone_leftthumb2) {transformation: [-0.9913f,0.0029f,0.1316f,0.9298f,-0.051f,0.913f,-0.4048f,1.854f,-0.1213f,-0.408f,-0.9049f,0.9972f,0f,0f,0f,1f],start_interpolation: 0,interpolation_duration: 1}
$data merge entity $(bone_leftthumb) {transformation: [-0.9913f,0.0029f,0.1316f,0.9417f,-0.051f,0.913f,-0.4048f,2.0433f,-0.1213f,-0.408f,-0.9049f,0.8198f,0f,0f,0f,1f],start_interpolation: 0,interpolation_duration: 1}
$data merge entity $(bone_leftpointerfinger) {transformation: [-0.9913f,0.0029f,0.1316f,1.0554f,-0.051f,0.913f,-0.4048f,1.7304f,-0.1213f,-0.408f,-0.9049f,0.9245f,0f,0f,0f,1f],start_interpolation: 0,interpolation_duration: 1}
$data merge entity $(bone_leftmidfinger) {transformation: [-0.9913f,0.0029f,0.1316f,1.0759f,-0.051f,0.913f,-0.4048f,1.6671f,-0.1213f,-0.408f,-0.9049f,0.7831f,0f,0f,0f,1f],start_interpolation: 0,interpolation_duration: 1}
$data merge entity $(bone_leftringfinger) {transformation: [-0.9913f,0.0029f,0.1316f,1.0965f,-0.051f,0.913f,-0.4048f,1.6039f,-0.1213f,-0.408f,-0.9049f,0.6417f,0f,0f,0f,1f],start_interpolation: 0,interpolation_duration: 1}
$data merge entity $(bone_invisibility) {transformation: [0.0144f,-0.1308f,0.9913f,0.8657f,0.8742f,0.4829f,0.051f,1.8333f,-0.4853f,0.8659f,0.1213f,0.8854f,0f,0f,0f,1f],start_interpolation: 0,interpolation_duration: 1}
$data merge entity $(bone_swiftness) {transformation: [0.1316f,0.0029f,0.9913f,0.8383f,-0.4048f,0.913f,0.051f,1.6311f,-0.9049f,-0.408f,0.1213f,0.7647f,0f,0f,0f,1f],start_interpolation: 0,interpolation_duration: 1}
$data merge entity $(bone_suspicious_stew) {transformation: [0.0583f,-0.118f,0.9913f,0.8902f,0.6563f,0.7527f,0.051f,1.7146f,-0.7522f,0.6476f,0.1213f,0.7349f,0f,0f,0f,1f],start_interpolation: 0,interpolation_duration: 1}
$data merge entity $(bone_log) {transformation: [-0.9913f,0.0029f,0.1316f,0.8038f,-0.051f,0.913f,-0.4048f,1.805f,-0.1213f,-0.408f,-0.9049f,0.6301f,0f,0f,0f,1f],start_interpolation: 0,interpolation_duration: 1}
$data merge entity $(bone_planks) {transformation: [-0.9913f,0.0029f,0.1316f,0.7109f,-0.051f,0.913f,-0.4048f,1.8002f,-0.1213f,-0.408f,-0.9049f,0.6187f,0f,0f,0f,1f],start_interpolation: 0,interpolation_duration: 1}
$data merge entity $(bone_lefthand1) {transformation: [-0.9913f,0.0029f,0.1316f,1.0483f,-0.051f,0.913f,-0.4048f,2.0586f,-0.1213f,-0.408f,-0.9049f,0.5867f,0f,0f,0f,1f],start_interpolation: 0,interpolation_duration: 1}
$data merge entity $(bone_leftforearm) {transformation: [-0.9913f,0.0029f,0.1316f,0.9863f,-0.051f,0.913f,-0.4048f,2.7037f,-0.1213f,-0.408f,-0.9049f,0.3063f,0f,0f,0f,1f],start_interpolation: 0,interpolation_duration: 1}
$data merge entity $(bone_leftelbow) {transformation: [-0.9977f,-0.0258f,0.0621f,0.9815f,-0.0326f,0.9933f,-0.1112f,2.8899f,-0.0588f,-0.113f,-0.9919f,0.2851f,0f,0f,0f,1f],start_interpolation: 0,interpolation_duration: 1}
$data merge entity $(bone_leftarm) {transformation: [-0.9977f,-0.0258f,0.0621f,0.7484f,-0.0326f,0.9933f,-0.1112f,3.3829f,-0.0588f,-0.113f,-0.9919f,0.2468f,0f,0f,0f,1f],start_interpolation: 0,interpolation_duration: 1}
$data merge entity $(bone_rightthumb2) {transformation: [-0.9399f,-0.0317f,0.3399f,-0.993f,-0.1448f,0.9387f,-0.3128f,1.7753f,-0.3092f,-0.3432f,-0.8869f,0.4783f,0f,0f,0f,1f],start_interpolation: 0,interpolation_duration: 1}
$data merge entity $(bone_rightthumb) {transformation: [-0.9399f,-0.0317f,0.3399f,-0.9717f,-0.1448f,0.9387f,-0.3128f,1.9788f,-0.3092f,-0.3432f,-0.8869f,0.3184f,0f,0f,0f,1f],start_interpolation: 0,interpolation_duration: 1}
$data merge entity $(bone_rightpointerfinger) {transformation: [-0.9399f,-0.0317f,0.3399f,-1.0482f,-0.1448f,0.9387f,-0.3128f,1.6402f,-0.3092f,-0.3432f,-0.8869f,0.3556f,0f,0f,0f,1f],start_interpolation: 0,interpolation_duration: 1}
$data merge entity $(bone_rightmidfinger) {transformation: [-0.9399f,-0.0317f,0.3399f,-0.9951f,-0.1448f,0.9387f,-0.3128f,1.5914f,-0.3092f,-0.3432f,-0.8869f,0.217f,0f,0f,0f,1f],start_interpolation: 0,interpolation_duration: 1}
$data merge entity $(bone_rightringfinger) {transformation: [-0.9399f,-0.0317f,0.3399f,-0.942f,-0.1448f,0.9387f,-0.3128f,1.5425f,-0.3092f,-0.3432f,-0.8869f,0.0784f,0f,0f,0f,1f],start_interpolation: 0,interpolation_duration: 1}
$data merge entity $(bone_hugeasssword) {transformation: [-3.2967f,1.4999f,-1.4907f,-0.7572f,-1.9797f,-3.1596f,1.1991f,1.8254f,-0.7434f,1.7628f,3.4176f,0.2433f,0f,0f,0f,1f],start_interpolation: 0,interpolation_duration: 1}
$data merge entity $(bone_ice) {transformation: [-0.9399f,-0.0317f,0.3399f,-0.742f,-0.1448f,0.9387f,-0.3128f,1.813f,-0.3092f,-0.3432f,-0.8869f,0.2535f,0f,0f,0f,1f],start_interpolation: 0,interpolation_duration: 1}
$data merge entity $(bone_righthand1) {transformation: [-0.9399f,-0.0317f,0.3399f,-0.9743f,-0.1448f,0.9387f,-0.3128f,2.0017f,-0.3092f,-0.3432f,-0.8869f,0.0627f,0f,0f,0f,1f],start_interpolation: 0,interpolation_duration: 1}
$data merge entity $(bone_rightforearm) {transformation: [-0.9897f,-0.0138f,0.1422f,-0.9243f,-0.0299f,0.9933f,-0.1117f,2.7037f,-0.1397f,-0.1148f,-0.9835f,0.006f,0f,0f,0f,1f],start_interpolation: 0,interpolation_duration: 1}
$data merge entity $(bone_rightelbow) {transformation: [-0.9889f,-0.0134f,0.1476f,-0.9268f,-0.031f,0.9926f,-0.1175f,2.8898f,-0.145f,-0.1208f,-0.982f,-0.0166f,0f,0f,0f,1f],start_interpolation: 0,interpolation_duration: 1}
$data merge entity $(bone_rightarm) {transformation: [-0.9889f,-0.0572f,0.1368f,-0.7434f,-0.031f,0.982f,0.1864f,3.3818f,-0.145f,0.1801f,-0.9729f,0.1355f,0f,0f,0f,1f],start_interpolation: 0,interpolation_duration: 1}
$data merge entity $(bone_chest1) {transformation: [-1.0803f,-0.0034f,0.0805f,0.0068f,-0.0008f,1.0828f,0.0345f,3.2256f,-0.0806f,0.0344f,-1.0798f,0.076f,0f,0f,0f,1f],start_interpolation: 0,interpolation_duration: 1}
$data merge entity $(bone_chest1lid) {transformation: [-0.9972f,-0.0031f,0.0743f,-0.3606f,-0.0007f,0.9995f,0.0319f,2.5298f,-0.0744f,0.0317f,-0.9967f,0.419f,0f,0f,0f,1f],start_interpolation: 0,interpolation_duration: 1}
$data merge entity $(bone_chest2) {transformation: [-0.9972f,-0.0031f,0.0743f,-0.3601f,-0.0007f,0.9995f,0.0319f,2.3736f,-0.0744f,0.0317f,-0.9967f,0.414f,0f,0f,0f,1f],start_interpolation: 0,interpolation_duration: 1}
$data merge entity $(bone_chest1lid3) {transformation: [-0.9972f,-0.0031f,0.0743f,-0.2507f,-0.0007f,0.9995f,0.0319f,2.5503f,-0.0744f,0.0317f,-0.9967f,-0.2149f,0f,0f,0f,1f],start_interpolation: 0,interpolation_duration: 1}
$data merge entity $(bone_chest3) {transformation: [-0.9972f,-0.0031f,0.0743f,-0.2502f,-0.0007f,0.9995f,0.0319f,2.3941f,-0.0744f,0.0317f,-0.9967f,-0.2199f,0f,0f,0f,1f],start_interpolation: 0,interpolation_duration: 1}
$data merge entity $(bone_hugeasssword2) {transformation: [-0.291f,2.8715f,-2.6477f,-1.2057f,-0.1249f,2.6468f,2.8843f,4.3929f,3.9038f,0.2987f,-0.1051f,-0.2428f,0f,0f,0f,1f],start_interpolation: 0,interpolation_duration: 1}
$data merge entity $(bone_belt) {transformation: [-0.9972f,-0.0031f,0.0743f,0.0303f,-0.0007f,0.9995f,0.0319f,2.8233f,-0.0744f,0.0317f,-0.9967f,0.1962f,0f,0f,0f,1f],start_interpolation: 0,interpolation_duration: 1}
$data merge entity $(bone_torn_part) {transformation: [-0.9972f,-0.0243f,0.0703f,-0.0917f,-0.0007f,0.9485f,0.3169f,2.5396f,-0.0744f,0.316f,-0.9459f,0.1749f,0f,0f,0f,1f],start_interpolation: 0,interpolation_duration: 1}
$data merge entity $(bone_lowerbody) {transformation: [-0.9972f,-0.002f,0.0743f,-0.0038f,-0.0007f,0.9999f,0.017f,2.049f,-0.0744f,0.0169f,-0.9971f,0.3142f,0f,0f,0f,1f],start_interpolation: 0,interpolation_duration: 1}
$data merge entity $(bone_leftfoot) {transformation: [-0.9912f,-0.0846f,0.1018f,0.3623f,-0.0281f,0.886f,0.4629f,0.2029f,-0.1293f,0.456f,-0.8805f,-0.0084f,0f,0f,0f,1f],start_interpolation: 0,interpolation_duration: 1}
$data merge entity $(bone_leftlowerleg) {transformation: [-0.9912f,-0.0846f,0.1018f,0.2529f,-0.0281f,0.886f,0.4629f,1.1146f,-0.1293f,0.456f,-0.8805f,0.6328f,0f,0f,0f,1f],start_interpolation: 0,interpolation_duration: 1}
$data merge entity $(bone_leftleg) {transformation: [-0.9912f,0.0349f,0.1277f,0.2556f,-0.0281f,0.8874f,-0.4602f,2.0686f,-0.1293f,-0.4597f,-0.8786f,0.1632f,0f,0f,0f,1f],start_interpolation: 0,interpolation_duration: 1}
$data merge entity $(bone_rightfoot) {transformation: [-0.9836f,0.1066f,0.1457f,-0.566f,0.0584f,0.9516f,-0.3019f,0.2109f,-0.1708f,-0.2884f,-0.9422f,1.0098f,0f,0f,0f,1f],start_interpolation: 0,interpolation_duration: 1}
$data merge entity $(bone_rightlowerleg) {transformation: [-0.9836f,0.1066f,0.1457f,-0.4701f,0.0584f,0.9516f,-0.3019f,1.313f,-0.1708f,-0.2884f,-0.9422f,0.8346f,0f,0f,0f,1f],start_interpolation: 0,interpolation_duration: 1}
$data merge entity $(bone_rightleg) {transformation: [-0.9684f,0.1895f,0.1623f,-0.2427f,0.0152f,0.694f,-0.7199f,2.0686f,-0.249f,-0.6946f,-0.6749f,0.1219f,0f,0f,0f,1f],start_interpolation: 0,interpolation_duration: 1}
data modify entity @s data merge value {"cameras":{},"locators":{"lefthand":{"posx":0.8944767296688385,"posy":1.7447484368437294,"posz":0.6874746618550236,"roty":8.272655707895723,"rotx":-23.881299324329742},"sword":{"posx":0.5745198243902825,"posy":0.6773773313137668,"posz":-3.016913679521,"roty":203.56547985880357,"rotx":17.82776022602321},"righthand":{"posx":-0.8349119175262413,"posy":1.7896345949017174,"posz":0.24371401249014882,"roty":20.969990015700574,"rotx":-18.22614747001735},"chest":{"posx":-0.40320354157426685,"posy":2.462322615202227,"posz":0.5704181439307396,"roty":4.263052067295007,"rotx":1.8274514390044527}}}