# This file was generated by Animated Java via MC-Build. It is not recommended to edit this file directly.
$data merge entity $(bone_nose) {transformation: [-1f,-0.0054f,0.0066f,-0.0386f,-0.0054f,1f,-0.0011f,4.2025f,-0.0066f,-0.0012f,-1f,0.2868f,0f,0f,0f,1f],start_interpolation: 0,interpolation_duration: 1}
$data merge entity $(bone_glowing_eye) {transformation: [-1f,-0.0054f,0.0066f,-0.1642f,-0.0054f,1f,-0.0011f,4.2696f,-0.0066f,-0.0012f,-1f,0.3207f,0f,0f,0f,1f],start_interpolation: 0,interpolation_duration: 1}
$data merge entity $(bone_head) {transformation: [-1f,-0.0054f,0.0066f,-0.0367f,-0.0054f,1f,-0.0011f,4.0788f,-0.0066f,-0.0012f,-1f,0.0996f,0f,0f,0f,1f],start_interpolation: 0,interpolation_duration: 1}
$data merge entity $(bone_leftthumb2) {transformation: [-0.5171f,0.0464f,0.8547f,0.5453f,-0.7656f,0.4215f,-0.4861f,2.8317f,-0.3828f,-0.9056f,-0.1824f,2.0034f,0f,0f,0f,1f],start_interpolation: 0,interpolation_duration: 1}
$data merge entity $(bone_leftthumb) {transformation: [-0.5171f,0.0464f,0.8547f,0.6298f,-0.7656f,0.4215f,-0.4861f,2.8936f,-0.3828f,-0.9056f,-0.1824f,1.7657f,0f,0f,0f,1f],start_interpolation: 0,interpolation_duration: 1}
$data merge entity $(bone_leftpointerfinger) {transformation: [-0.5171f,0.0464f,0.8547f,0.7111f,-0.7656f,0.4215f,-0.4861f,2.8162f,-0.3828f,-0.9056f,-0.1824f,2.0962f,0f,0f,0f,1f],start_interpolation: 0,interpolation_duration: 1}
$data merge entity $(bone_leftmidfinger) {transformation: [-0.5171f,0.0464f,0.8547f,0.8447f,-0.7656f,0.4215f,-0.4861f,2.7403f,-0.3828f,-0.9056f,-0.1824f,2.0677f,0f,0f,0f,1f],start_interpolation: 0,interpolation_duration: 1}
$data merge entity $(bone_leftringfinger) {transformation: [-0.5171f,0.0464f,0.8547f,0.9782f,-0.7656f,0.4215f,-0.4861f,2.6643f,-0.3828f,-0.9056f,-0.1824f,2.0392f,0f,0f,0f,1f],start_interpolation: 0,interpolation_duration: 1}
$data merge entity $(bone_invisibility) {transformation: [0.1208f,-0.8474f,0.5171f,0.5926f,0.3776f,0.5209f,0.7656f,2.734f,-0.9181f,0.1028f,0.3828f,1.9311f,0f,0f,0f,1f],start_interpolation: 0,interpolation_duration: 1}
$data merge entity $(bone_swiftness) {transformation: [0.8547f,0.0464f,0.5171f,0.7196f,-0.4861f,0.4215f,0.7656f,2.5459f,-0.1824f,-0.9056f,0.3828f,1.9996f,0f,0f,0f,1f],start_interpolation: 0,interpolation_duration: 1}
$data merge entity $(bone_suspicious_stew) {transformation: [0.4033f,-0.755f,0.5171f,0.7506f,0.1766f,0.6187f,0.7656f,2.6231f,-0.8979f,-0.2174f,0.3828f,1.9393f,0f,0f,0f,1f],start_interpolation: 0,interpolation_duration: 1}
$data merge entity $(bone_log) {transformation: [-0.5171f,0.0464f,0.8547f,0.748f,-0.7656f,0.4215f,-0.4861f,2.5812f,-0.3828f,-0.9056f,-0.1824f,1.7817f,0f,0f,0f,1f],start_interpolation: 0,interpolation_duration: 1}
$data merge entity $(bone_planks) {transformation: [-0.5171f,0.0464f,0.8547f,0.6995f,-0.7656f,0.4215f,-0.4861f,2.5094f,-0.3828f,-0.9056f,-0.1824f,1.7458f,0f,0f,0f,1f],start_interpolation: 0,interpolation_duration: 1}
$data merge entity $(bone_lefthand1) {transformation: [-0.5171f,0.0464f,0.8547f,0.8622f,-0.7656f,0.4215f,-0.4861f,2.8932f,-0.3828f,-0.9056f,-0.1824f,1.6567f,0f,0f,0f,1f],start_interpolation: 0,interpolation_duration: 1}
$data merge entity $(bone_leftforearm) {transformation: [-0.973f,0.0464f,0.2262f,0.8305f,-0.1862f,0.4215f,-0.8875f,3.1918f,-0.1366f,-0.9056f,-0.4015f,1.0177f,0f,0f,0f,1f],start_interpolation: 0,interpolation_duration: 1}
$data merge entity $(bone_leftelbow) {transformation: [-0.9912f,0.0283f,0.1297f,0.8358f,-0.092f,0.5577f,-0.825f,3.2963f,-0.0957f,-0.8296f,-0.5501f,0.8621f,0f,0f,0f,1f],start_interpolation: 0,interpolation_duration: 1}
$data merge entity $(bone_leftarm) {transformation: [-0.9912f,0.0283f,0.1297f,0.6291f,-0.092f,0.5577f,-0.825f,3.5808f,-0.0957f,-0.8296f,-0.5501f,0.4436f,0f,0f,0f,1f],start_interpolation: 0,interpolation_duration: 1}
$data merge entity $(bone_rightthumb2) {transformation: [0.0201f,-0.186f,-0.9823f,-1.6011f,0.0842f,0.9794f,-0.1837f,2.4621f,0.9962f,-0.079f,0.0354f,-0.3345f,0f,0f,0f,1f],start_interpolation: 0,interpolation_duration: 1}
$data merge entity $(bone_rightthumb) {transformation: [0.0201f,-0.186f,-0.9823f,-1.7307f,0.0842f,0.9794f,-0.1837f,2.6866f,0.9962f,-0.079f,0.0354f,-0.3509f,0f,0f,0f,1f],start_interpolation: 0,interpolation_duration: 1}
$data merge entity $(bone_rightpointerfinger) {transformation: [-0.949f,-0.3104f,0.0562f,-2.0579f,-0.3153f,0.9299f,-0.1892f,2.5739f,0.0064f,-0.1973f,-0.9803f,-0.3957f,0f,0f,0f,1f],start_interpolation: 0,interpolation_duration: 1}
$data merge entity $(bone_rightmidfinger) {transformation: [-0.9003f,-0.4316f,0.0562f,-2.0492f,-0.434f,0.8808f,-0.1892f,2.5444f,0.0321f,-0.1947f,-0.9803f,-0.5489f,0f,0f,0f,1f],start_interpolation: 0,interpolation_duration: 1}
$data merge entity $(bone_rightringfinger) {transformation: [-0.9345f,-0.3515f,0.0562f,-2.0404f,-0.3556f,0.9153f,-0.1892f,2.5148f,0.015f,-0.1968f,-0.9803f,-0.7021f,0f,0f,0f,1f],start_interpolation: 0,interpolation_duration: 1}
$data merge entity $(bone_hugeasssword) {transformation: [-2.2571f,3.2004f,0.0588f,-1.7307f,3.117f,2.2139f,-0.8507f,2.4548f,-0.7284f,-0.4434f,-3.8227f,-0.4974f,0f,0f,0f,1f],start_interpolation: 0,interpolation_duration: 1}
$data merge entity $(bone_ice) {transformation: [-0.5813f,0.8117f,0.0562f,-1.7343f,0.7921f,0.5804f,-0.1892f,2.4334f,-0.1862f,-0.0655f,-0.9803f,-0.4935f,0f,0f,0f,1f],start_interpolation: 0,interpolation_duration: 1}
$data merge entity $(bone_righthand1) {transformation: [-0.5813f,0.8117f,0.0562f,-1.675f,0.7921f,0.5804f,-0.1892f,2.7706f,-0.1862f,-0.0655f,-0.9803f,-0.587f,0f,0f,0f,1f],start_interpolation: 0,interpolation_duration: 1}
$data merge entity $(bone_rightforearm) {transformation: [-0.7507f,0.6607f,0.0033f,-1.1636f,0.6385f,0.7268f,-0.2531f,3.2457f,-0.1697f,-0.1879f,-0.9674f,-0.6934f,0f,0f,0f,1f],start_interpolation: 0,interpolation_duration: 1}
$data merge entity $(bone_rightelbow) {transformation: [-0.7507f,0.5845f,0.308f,-1.054f,0.6385f,0.7616f,0.1111f,3.3885f,-0.1697f,0.28f,-0.9449f,-0.6409f,0f,0f,0f,1f],start_interpolation: 0,interpolation_duration: 1}
$data merge entity $(bone_rightarm) {transformation: [-0.7507f,0.4648f,0.4695f,-0.6721f,0.6385f,0.6929f,0.3349f,3.5848f,-0.1697f,0.5512f,-0.8169f,-0.3026f,0f,0f,0f,1f],start_interpolation: 0,interpolation_duration: 1}
$data merge entity $(bone_chest1) {transformation: [-0.9398f,-0.0639f,0.5352f,0.0403f,0.0028f,1.0751f,0.1333f,3.4373f,-0.5389f,0.117f,-0.9324f,-0.0427f,0f,0f,0f,1f],start_interpolation: 0,interpolation_duration: 1}
$data merge entity $(bone_chest1lid) {transformation: [-0.8675f,-0.059f,0.494f,-0.4089f,0.0026f,0.9924f,0.123f,2.7118f,-0.4975f,0.108f,-0.8607f,0.0504f,0f,0f,0f,1f],start_interpolation: 0,interpolation_duration: 1}
$data merge entity $(bone_chest2) {transformation: [-0.8675f,-0.059f,0.494f,-0.3997f,0.0026f,0.9924f,0.123f,2.5567f,-0.4975f,0.108f,-0.8607f,0.0335f,0f,0f,0f,1f],start_interpolation: 0,interpolation_duration: 1}
$data merge entity $(bone_chest1lid3) {transformation: [-0.8675f,-0.059f,0.494f,-0.0382f,0.0026f,0.9924f,0.123f,2.7904f,-0.4975f,0.108f,-0.8607f,-0.4699f,0f,0f,0f,1f],start_interpolation: 0,interpolation_duration: 1}
$data merge entity $(bone_chest3) {transformation: [-0.8675f,-0.059f,0.494f,-0.029f,0.0026f,0.9924f,0.123f,2.6354f,-0.4975f,0.108f,-0.8607f,-0.4868f,0f,0f,0f,1f],start_interpolation: 0,interpolation_duration: 1}
$data merge entity $(bone_hugeasssword2) {transformation: [-1.9348f,2.349f,-2.4656f,-0.966f,-0.4819f,2.6184f,2.8727f,4.6246f,3.3711f,1.7225f,-1.0044f,-0.7583f,0f,0f,0f,1f],start_interpolation: 0,interpolation_duration: 1}
$data merge entity $(bone_belt) {transformation: [-0.8675f,-0.059f,0.494f,0.0269f,0.0026f,0.9924f,0.123f,3.0258f,-0.4975f,0.108f,-0.8607f,0.0428f,0f,0f,0f,1f],start_interpolation: 0,interpolation_duration: 1}
$data merge entity $(bone_torn_part) {transformation: [-0.8675f,-0.1845f,0.462f,-0.064f,0.0026f,0.927f,0.3751f,2.7466f,-0.4975f,0.3266f,-0.8036f,-0.0482f,0f,0f,0f,1f],start_interpolation: 0,interpolation_duration: 1}
$data merge entity $(bone_lowerbody) {transformation: [-0.8675f,-0.037f,0.4961f,-0.031f,0.0026f,0.9969f,0.079f,2.2485f,-0.4975f,0.0698f,-0.8647f,0.0879f,0f,0f,0f,1f],start_interpolation: 0,interpolation_duration: 1}
$data merge entity $(bone_leftfoot) {transformation: [-0.9977f,-0.0658f,0.017f,0.4288f,-0.0582f,0.9561f,0.2872f,0.2049f,-0.0351f,0.2855f,-0.9577f,-0.2356f,0f,0f,0f,1f],start_interpolation: 0,interpolation_duration: 1}
$data merge entity $(bone_leftlowerleg) {transformation: [-0.9977f,-0.0658f,0.017f,0.3532f,-0.0582f,0.9561f,0.2872f,1.2215f,-0.0351f,0.2855f,-0.9577f,0.2283f,0f,0f,0f,1f],start_interpolation: 0,interpolation_duration: 1}
$data merge entity $(bone_leftleg) {transformation: [-0.9977f,-0.0506f,0.0455f,0.2671f,-0.0582f,0.9807f,-0.1868f,2.2665f,-0.0351f,-0.189f,-0.9814f,0.0519f,0f,0f,0f,1f],start_interpolation: 0,interpolation_duration: 1}
$data merge entity $(bone_rightfoot) {transformation: [-0.785f,0.004f,0.6194f,-0.2387f,-0.0046f,0.9999f,-0.0122f,0.1148f,-0.6194f,-0.0124f,-0.785f,-0.136f,0f,0f,0f,1f],start_interpolation: 0,interpolation_duration: 1}
$data merge entity $(bone_rightlowerleg) {transformation: [-0.785f,0.004f,0.6194f,-0.3295f,-0.0046f,0.9999f,-0.0122f,1.226f,-0.6194f,-0.0124f,-0.785f,-0.0292f,0f,0f,0f,1f],start_interpolation: 0,interpolation_duration: 1}
$data merge entity $(bone_rightleg) {transformation: [-0.785f,0.138f,0.6039f,-0.1741f,-0.0046f,0.9736f,-0.2284f,2.2665f,-0.6194f,-0.182f,-0.7637f,-0.1834f,0f,0f,0f,1f],start_interpolation: 0,interpolation_duration: 1}
data modify entity @s data merge value {"cameras":{},"locators":{"lefthand":{"posx":0.7795167616492451,"posy":2.6276409560218132,"posz":1.8911935277810326,"roty":77.95317890364807,"rotx":-29.08153183332489},"sword":{"posx":-1.8569345280070713,"posy":3.30364376247414,"posz":3.1059062065475893,"roty":0.8819828271791437,"rotx":-12.544390342167453},"righthand":{"posx":-1.8023995686930636,"posy":2.501529524719209,"posz":-0.49458161118309285,"roty":3.281963702016668,"rotx":-10.905430461464626},"chest":{"posx":-0.5094758676768965,"posy":2.630591703678551,"posz":0.1625688509234191,"roty":29.852813055665166,"rotx":7.067891786399543}}}