# This file was generated by Animated Java via MC-Build. It is not recommended to edit this file directly.
$data merge entity $(bone_nose) { transformation: [-0.9999858658024777f,0.001794148823367537f,-0.005004920106126724f,0.001189312727038177f,0.0023973260209865415f,0.9923735026431727f,-0.12324400220566634f,0.5136184093570535f,0.004745632014621815f,-0.12325425867579905f,-0.99236377739973f,0.5455320856435153f,0f,0f,0f,1f], start_interpolation: 0, interpolation_duration: 1 }
$data merge entity $(bone_glowing_eye) { transformation: [-0.9999858658024777f,0.002591542940652569f,-0.00464242398493034f,-0.12347145169843383f,0.0023973260209865415f,0.9991413011346162f,0.04136318647028592f,0.5801246649756902f,0.004745632014621815f,0.041351472431018665f,-0.9991333918474392f,0.5837905044765228f,0f,0f,0f,1f], start_interpolation: 0, interpolation_duration: 1 }
$data merge entity $(bone_head) { transformation: [-0.9999858658024777f,0.002591542940652569f,-0.00464242398493034f,-4.2973640519969737e-17f,0.0023973260209865415f,0.9991413011346162f,0.04136318647028592f,0.3979930272920108f,0.004745632014621815f,0.041351472431018665f,-0.9991333918474392f,0.3533334117606922f,0f,0f,0f,1f], start_interpolation: 0, interpolation_duration: 1 }
$data merge entity $(bone_leftthumb2) { transformation: [-0.5639040843859247f,0.694251764746974f,0.4472434133205141f,0.5105842550304439f,-0.6432207402903473f,-0.029563427333971888f,-0.7651098502990313f,-0.34004152907923735f,-0.5179568156450971f,-0.7191248089935299f,0.46322807149050216f,1.1275040099402522f,0f,0f,0f,1f], start_interpolation: 0, interpolation_duration: 1 }
$data merge entity $(bone_leftthumb) { transformation: [-0.5639040843859247f,0.694251764746974f,0.4472434133205141f,0.7190645974402415f,-0.6432207402903473f,-0.029563427333971888f,-0.7651098502990313f,-0.41267611293911843f,-0.5179568156450971f,-0.7191248089935299f,0.46322807149050216f,0.990730356890056f,0f,0f,0f,1f], start_interpolation: 0, interpolation_duration: 1 }
$data merge entity $(bone_leftpointerfinger) { transformation: [-0.6836031083858163f,0.5767669541909157f,0.4472434133205141f,0.5920020070065282f,-0.6263921637743737f,-0.1491300577933628f,-0.7651098502990313f,-0.3532623194925436f,-0.37459264190225067f,-0.8031812413246977f,0.46322807149050216f,1.3127336948582846f,0f,0f,0f,1f], start_interpolation: 0, interpolation_duration: 1 }
$data merge entity $(bone_leftmidfinger) { transformation: [-0.6307332398881732f,0.6341521184554886f,0.4472434133205141f,0.6618837903378585f,-0.637006093431229f,-0.0939688986147953f,-0.7651098502990313f,-0.4728107336017673f,-0.4431690614558421f,-0.7674769942816123f,0.46322807149050216f,1.3851130810286756f,0f,0f,0f,1f], start_interpolation: 0, interpolation_duration: 1 }
$data merge entity $(bone_leftringfinger) { transformation: [-0.7081106908950583f,0.5463996510627904f,0.4472434133205141f,0.7317655736691888f,-0.6192910154728961f,-0.17631096145714417f,-0.7651098502990313f,-0.592359147710991f,-0.33920183902017986f,-0.8187562923046869f,0.46322807149050216f,1.4574924671990666f,0f,0f,0f,1f], start_interpolation: 0, interpolation_duration: 1 }
$data merge entity $(bone_invisibility) { transformation: [0.7305897590587203f,-0.3850334888959561f,0.5639040843859247f,0.5301301956423236f,-0.09613464685388508f,0.7596217538582053f,0.6432207402903469f,-0.46841557495591785f,-0.6760153353532736f,-0.5241412056822012f,0.5179568156450971f,1.1148114712521566f,0f,0f,0f,1f], start_interpolation: 0, interpolation_duration: 1 }
$data merge entity $(bone_swiftness) { transformation: [0.447243413320514f,0.694251764746974f,0.5639040843859248f,0.49060504427956697f,-0.7651098502990314f,-0.029563427333971888f,0.643220740290347f,-0.6413712311622649f,0.46322807149050205f,-0.7191248089935299f,0.5179568156450972f,1.2720715594516558f,0f,0f,0f,1f], start_interpolation: 0, interpolation_duration: 1 }
$data merge entity $(bone_suspicious_stew) { transformation: [0.8182190144666119f,-0.11193671416545375f,0.5639040843859249f,0.5814452841674056f,-0.35014295937833434f,0.6809309709934771f,0.6432207402903474f,-0.6104878862307063f,-0.4559797718792672f,-0.7237424851172701f,0.5179568156450971f,1.2353757100781975f,0f,0f,0f,1f], start_interpolation: 0, interpolation_duration: 1 }
$data merge entity $(bone_log) { transformation: [-0.5639040843859247f,0.694251764746974f,0.4472434133205141f,0.636325281848996f,-0.6432207402903473f,-0.029563427333971888f,-0.7651098502990313f,-0.7103497832824399f,-0.5179568156450971f,-0.7191248089935299f,0.46322807149050216f,1.1186404733383957f,0f,0f,0f,1f], start_interpolation: 0, interpolation_duration: 1 }
$data merge entity $(bone_planks) { transformation: [-0.5639040843859247f,0.694251764746974f,0.4472434133205141f,0.5834592739378155f,-0.6432207402903473f,-0.029563427333971888f,-0.7651098502990313f,-0.7706517276846601f,-0.5179568156450971f,-0.7191248089935299f,0.46322807149050216f,1.0700820218716678f,0f,0f,0f,1f], start_interpolation: 0, interpolation_duration: 1 }
$data merge entity $(bone_lefthand1) { transformation: [-0.5639040843859247f,0.694251764746974f,0.4472434133205141f,0.9368878874659546f,-0.6432207402903473f,-0.029563427333971888f,-0.7651098502990313f,-0.5330257722215014f,-0.5179568156450971f,-0.7191248089935299f,0.46322807149050216f,1.0538725977672092f,0f,0f,0f,1f], start_interpolation: 0, interpolation_duration: 1 }
$data merge entity $(bone_leftforearm) { transformation: [-0.8053975303940323f,0.4760874627120919f,-0.3530942450445154f,1.2268166366145878f,0.4617939193388365f,0.13053882529290559f,-0.877328895655913f,-0.39867027673412625f,-0.37159277993102907f,-0.8696553012196905f,-0.3249899428653433f,0.424249633208696f,0f,0f,0f,1f], start_interpolation: 0, interpolation_duration: 1 }
$data merge entity $(bone_leftelbow) { transformation: [-0.8198653619846152f,-0.4488430606099785f,-0.35547249564502564f,1.1426585627502168f,0.09037625498791674f,0.5116176207837646f,-0.8544469220717683f,-0.3027419728371704f,0.5653785641074436f,-0.7326577079686168f,-0.3788928109663444f,0.2868763129645804f,0f,0f,0f,1f], start_interpolation: 0, interpolation_duration: 1 }
$data merge entity $(bone_leftarm) { transformation: [-0.8198653619846152f,-0.4488430606099785f,-0.35547249564502564f,0.75f,0.09037625498791674f,0.5116176207837646f,-0.8544469220717683f,-0.0004618903519386375f,0.5653785641074436f,-0.7326577079686168f,-0.3788928109663444f,0.05606442022147354f,0f,0f,0f,1f], start_interpolation: 0, interpolation_duration: 1 }
$data merge entity $(bone_rightthumb2) { transformation: [-0.49624137176070793f,-0.6694073946890335f,-0.5528455850313821f,-0.5390609326995853f,0.7185681589998307f,0.04068999666773662f,-0.694265169112475f,-0.37069774530726807f,0.4872415230916233f,-0.7417803341332389f,0.4608227794592358f,1.1446273163914706f,0f,0f,0f,1f], start_interpolation: 0, interpolation_duration: 1 }
$data merge entity $(bone_rightthumb) { transformation: [-0.49624137176070793f,-0.6694073946890335f,-0.5528455850313821f,-0.75047287727443f,0.7185681589998307f,0.04068999666773662f,-0.694265169112475f,-0.42004899448891f,0.4872415230916233f,-0.7417803341332389f,0.4608227794592358f,1.0020920154734374f,0f,0f,0f,1f], start_interpolation: 0, interpolation_duration: 1 }
$data merge entity $(bone_rightpointerfinger) { transformation: [-0.5335055507831518f,-0.6401043558630692f,-0.5528455850313821f,-0.6273258632690097f,0.7197192633123707f,-0.00023869295125628076f,-0.694265169112475f,-0.3698554796357551f,0.44427019852862576f,-0.7682879386211916f,0.4608227794592358f,1.3271711972282125f,0f,0f,0f,1f], start_interpolation: 0, interpolation_duration: 1 }
$data merge entity $(bone_rightmidfinger) { transformation: [-0.6594032786690127f,-0.509459591323851f,-0.5528455850313821f,-0.7137079859301632f,0.7026073804089478f,-0.1560087944703845f,-0.694265169112475f,-0.4783344123095793f,0.2674512760774058f,-0.8462341170480139f,0.4608227794592358f,1.399174756518718f,0f,0f,0f,1f], start_interpolation: 0, interpolation_duration: 1 }
$data merge entity $(bone_rightringfinger) { transformation: [-0.7012963791961327f,-0.45005016124616903f,-0.5528455850313821f,-0.8000901085913166f,0.6863366848462908f,-0.21665140200661004f,-0.694265169112475f,-0.5868133449834035f,0.192679380216455f,-0.8663238553629163f,0.4608227794592358f,1.4711783158092235f,0f,0f,0f,1f], start_interpolation: 0, interpolation_duration: 1 }
$data merge entity $(bone_hugeasssword) { transformation: [-0.00001943612039396106f,-0.00002621845629198715f,-0.00002165311874706247f,-0.6929177857940743f,0.000028143919560826707f,0.000001593691536153018f,-0.000027192052456905274f,-0.6675862381246898f,0.000019083626321088583f,-0.00002905306308688519f,0.000018048892195486738f,1.105087340405633f,0f,0f,0f,1f], start_interpolation: 0, interpolation_duration: 1 }
$data merge entity $(bone_ice) { transformation: [-0.49624137176070793f,-0.6694073946890335f,-0.5528455850313821f,-0.6747045238182972f,0.7185681589998307f,0.04068999666773662f,-0.694265169112475f,-0.6794496468069955f,0.4872415230916233f,-0.7417803341332389f,0.4608227794592358f,1.1090645093281581f,0f,0f,0f,1f], start_interpolation: 0, interpolation_duration: 1 }
$data merge entity $(bone_righthand1) { transformation: [-0.49624137176070793f,-0.6694073946890335f,-0.5528455850313821f,-0.9833931399629632f,0.7185681589998307f,0.04068999666773662f,-0.694265169112475f,-0.5113308944248685f,0.4872415230916233f,-0.7417803341332389f,0.4608227794592358f,1.0598305184258554f,0f,0f,0f,1f], start_interpolation: 0, interpolation_duration: 1 }
$data merge entity $(bone_rightforearm) { transformation: [-0.8372315605945848f,-0.4752240518476768f,0.27056499124948225f,-1.2694356568694725f,-0.4022291725618724f,0.19996164577464337f,-0.8934355225528517f,-0.33163360891456706f,0.3704794281529643f,-0.856841549392052f,-0.3585631779071577f,0.43981138940480774f,0f,0f,0f,1f], start_interpolation: 0, interpolation_duration: 1 }
$data merge entity $(bone_rightelbow) { transformation: [-0.7725398528438912f,0.5524690865354537f,0.31298575716894905f,-1.1658477031440748f,-0.07281182277463591f,0.4125878258382738f,-0.9080031522160488f,-0.2542733915698907f,-0.6307777851447955f,-0.7242576850767465f,-0.27851425704099664f,0.3040130734529178f,0f,0f,0f,1f], start_interpolation: 0, interpolation_duration: 1 }
$data merge entity $(bone_rightarm) { transformation: [-0.809196279919432f,0.4972336436464572f,0.31298575716894905f,-0.75f,-0.1014151286740996f,0.4065036866274826f,-0.9080031522160488f,-0.0004618903519386375f,-0.5787195799699265f,-0.766494263764794f,-0.27851425704099664f,0.05606442022147336f,0f,0f,0f,1f], start_interpolation: 0, interpolation_duration: 1 }
$data merge entity $(bone_chest1) { transformation: [-1.0833333333333333f,-8.527867711287151e-17f,1.0163116982094626e-16f,-0.002323124999999984f,0f,0.8298814800455596f,0.6963532438270843f,-0.052508062905746555f,-1.3267006990762992e-16f,0.6963532438270843f,-0.8298814800455596f,-0.13129286842986393f,0f,0f,0f,1f], start_interpolation: 0, interpolation_duration: 1 }
$data merge entity $(bone_chest1lid) { transformation: [-1f,-6.985714745057531e-17f,1.005861659309428e-16f,-0.34374999999999994f,0f,0.8213483757192263f,0.5704268977734035f,-0.8189546649891268f,-1.2246467991473532e-16f,0.5704268977734035f,-0.8213483757192263f,-0.2821439870607591f,0f,0f,0f,1f], start_interpolation: 0, interpolation_duration: 1 }
$data merge entity $(bone_chest2) { transformation: [-1f,-6.985714745057531e-17f,1.005861659309428e-16f,-0.34374999999999994f,0f,0.8213483757192263f,0.5704268977734035f,-0.947290348695256f,-1.2246467991473532e-16f,0.5704268977734035f,-0.8213483757192263f,-0.3712731898378534f,0f,0f,0f,1f], start_interpolation: 0, interpolation_duration: 1 }
$data merge entity $(bone_chest1lid3) { transformation: [-1f,-7.665351767214054e-17f,9.55083035924386e-17f,-0.2812499999999999f,0f,0.7798844830928819f,0.6259234721840591f,-0.4136475857565539f,-1.2246467991473532e-16f,0.6259234721840591f,-0.7798844830928819f,-0.7642198686821896f,0f,0f,0f,1f], start_interpolation: 0, interpolation_duration: 1 }
$data merge entity $(bone_chest3) { transformation: [-1f,-7.665351767214054e-17f,9.55083035924386e-17f,-0.2812499999999999f,0f,0.7798844830928819f,0.6259234721840591f,-0.5355045362398168f,-1.2246467991473532e-16f,0.6259234721840591f,-0.7798844830928819f,-0.8620204112109489f,0f,0f,0f,1f], start_interpolation: 0, interpolation_duration: 1 }
$data merge entity $(bone_hugeasssword2) { transformation: [-1.6719478217487493e-15f,1.6552548584844062f,-3.549705499226879f,-1.734375f,-2.5175848046056117f,2.719232172391629f,1.2679987862876712f,0.42012512963652415f,3.0003407355493303f,2.2817067129392097f,1.0639773139072208f,-0.08054889992786102f,0f,0f,0f,1f], start_interpolation: 0, interpolation_duration: 1 }
$data merge entity $(bone_belt) { transformation: [-1f,-7.871877887341986e-17f,9.381338752702732e-17f,0.029705625000000038f,0f,0.7660444431189781f,0.6427876096865394f,-0.4417890510103214f,-1.2246467991473532e-16f,0.6427876096865394f,-0.7660444431189781f,-0.2870573242809212f,0f,0f,0f,1f], start_interpolation: 0, interpolation_duration: 1 }
$data merge entity $(bone_torn_part) { transformation: [-1f,-1.0328566345430088e-16f,6.580022455450643e-17f,-0.09374999999999994f,0f,0.537299608346824f,0.8433914458128857f,-0.6568554456349287f,-1.2246467991473532e-16f,0.8433914458128857f,-0.537299608346824f,-0.4743181810278101f,0f,0f,0f,1f], start_interpolation: 0, interpolation_duration: 1 }
$data merge entity $(bone_lowerbody) { transformation: [-1f,-7.871877887341986e-17f,9.381338752702732e-17f,0.003906250000000083f,0f,0.7660444431189781f,0.6427876096865394f,-1.1212925914887868f,-1.2246467991473532e-16f,0.6427876096865394f,-0.7660444431189781f,-0.6804543187564593f,0f,0f,0f,1f], start_interpolation: 0, interpolation_duration: 1 }
$data merge entity $(bone_leftfoot) { transformation: [-1f,-3.1661141639273284e-17f,1.1830118315856544e-16f,0.2812500000000002f,0f,0.9660024689643687f,0.2585328411531963f,-2.8187310574918536f,-1.2246467991473532e-16f,0.2585328411531963f,-0.9660024689643687f,-1.52334924002131f,0f,0f,0f,1f], start_interpolation: 0, interpolation_duration: 1 }
$data merge entity $(bone_leftlowerleg) { transformation: [-1f,-7.452298356043642e-17f,9.71798474369532e-17f,0.2812500000000001f,0f,0.7935336743999462f,0.6085263409198655f,-2.0319020474340093f,-1.2246467991473532e-16f,0.6085263409198655f,-0.7935336743999462f,-0.7263423532016082f,0f,0f,0f,1f], start_interpolation: 0, interpolation_duration: 1 }
$data merge entity $(bone_leftleg) { transformation: [-1f,1.445532841037974e-17f,1.2160855770531385e-16f,0.2500000000000001f,0f,0.9930092316411757f,-0.1180367140994783f,-0.9737558414612706f,-1.2246467991473532e-16f,-0.1180367140994783f,-0.9930092316411757f,-0.8258965396480584f,0f,0f,0f,1f], start_interpolation: 0, interpolation_duration: 1 }
$data merge entity $(bone_rightfoot) { transformation: [-1f,-1.216224241361277e-16f,-1.433819283837567e-17f,-0.2812499999999997f,0f,-0.11708022956789224f,0.9931224596414734f,-1.7094746699960197f,-1.2246467991473532e-16f,0.9931224596414734f,0.11708022956789224f,-2.5698266238051195f,0f,0f,0f,1f], start_interpolation: 0, interpolation_duration: 1 }
$data merge entity $(bone_rightlowerleg) { transformation: [-1f,-1.2241655150578135e-16f,3.433037146749661e-18f,-0.28124999999999983f,0f,0.028032875675989943f,0.9996070017168421f,-1.8319609410761286f,-1.2246467991473532e-16f,0.9996070017168421f,-0.028032875675989943f,-1.456580477571713f,0f,0f,0f,1f], start_interpolation: 0, interpolation_duration: 1 }
$data merge entity $(bone_rightleg) { transformation: [-1f,-7.641792951139767e-17f,9.569690630218741e-17f,-0.24999999999999992f,0f,0.7814245410906666f,0.6239997488631237f,-1.01794748962722f,-1.2246467991473532e-16f,0.6239997488631237f,-0.7814245410906666f,-0.7732309841836287f,0f,0f,0f,1f], start_interpolation: 0, interpolation_duration: 1 }
data modify entity @s data merge value {"locators":{"lefthand":{"posx":0.6279646923061861,"posy":-0.635783354708831,"posz":1.216142611890704,"roty":136.00580785354973,"rotx":-49.916765773144384},"righthand":{"posx":-0.7021294496127319,"posy":-0.6018717698313123,"posz":1.1591333639097792,"roty":230.18720472676407,"rotx":-43.96868957356466},"chest":{"posx":-0.37499999999999994,"posy":-0.9594181412486729,"posz":-0.18945998446546772,"roty":0,"rotx":34.78},"sack":{"posx":0,"posy":-0.4375,"posz":0,"roty":0,"rotx":0}},"cameras":{}}