# This file was generated by Animated Java via MC-Build. It is not recommended to edit this file directly.
$data merge entity $(bone_nose) { transformation: [-0.985917274941788f,0.08354238428467171f,-0.1448716569912516f,-0.14770414363190723f,0.04900633976161761f,0.9725809072463284f,0.22734281937874753f,4.067830792475567f,0.15989216877173038f,0.21704158331513612f,-0.9629784242014622f,0.2865261607820904f,0f,0f,0f,1f], start_interpolation: 0, interpolation_duration: 1 }
$data merge entity $(bone_glowing_eye) { transformation: [-0.985917274941788f,0.08354238428467171f,-0.1448716569912516f,-0.2602319177861908f,0.04900633976161761f,0.9725809072463284f,0.22734281937874753f,4.131874944814734f,0.15989216877173038f,0.21704158331513612f,-0.9629784242014622f,0.354811894505881f,0f,0f,0f,1f], start_interpolation: 0, interpolation_duration: 1 }
$data merge entity $(bone_head) { transformation: [-0.985917274941788f,0.08354238428467171f,-0.1448716569912516f,-0.1851476383033244f,0.04900633976161761f,0.9725809072463284f,0.22734281937874753f,3.990310621006893f,0.15989216877173038f,0.21704158331513612f,-0.9629784242014622f,0.07940401950544052f,0f,0f,0f,1f], start_interpolation: 0, interpolation_duration: 1 }
$data merge entity $(bone_leftthumb2) { transformation: [-0.5559559615155596f,0.5395757073231555f,0.632274485427038f,-0.2671066100341576f,-0.20131464379359532f,0.6506125484266368f,-0.7322402106030886f,2.4452797033828415f,-0.8064647438354433f,-0.5343794231597186f,-0.25308743361518093f,0.7561591883015971f,0f,0f,0f,1f], start_interpolation: 0, interpolation_duration: 1 }
$data merge entity $(bone_leftthumb) { transformation: [-0.5559559615155596f,0.5395757073231555f,0.632274485427038f,-0.08074711779257751f,-0.20131464379359532f,0.6506125484266368f,-0.7322402106030886f,2.5422621334927475f,-0.8064647438354433f,-0.5343794231597186f,-0.25308743361518093f,0.6034784232591804f,0f,0f,0f,1f], start_interpolation: 0, interpolation_duration: 1 }
$data merge entity $(bone_leftpointerfinger) { transformation: [-0.5559559615155596f,0.5395757073231555f,0.632274485427038f,-0.16734984696283117f,-0.20131464379359532f,0.6506125484266368f,-0.7322402106030886f,2.316474920333162f,-0.8064647438354433f,-0.5343794231597186f,-0.25308743361518093f,0.8551652793897532f,0f,0f,0f,1f], start_interpolation: 0, interpolation_duration: 1 }
$data merge entity $(bone_leftmidfinger) { transformation: [-0.5559559615155596f,0.5395757073231555f,0.632274485427038f,-0.06855695861485649f,-0.20131464379359532f,0.6506125484266368f,-0.7322402106030886f,2.2020623874264293f,-0.8064647438354433f,-0.5343794231597186f,-0.25308743361518093f,0.8156203678873811f,0f,0f,0f,1f], start_interpolation: 0, interpolation_duration: 1 }
$data merge entity $(bone_leftringfinger) { transformation: [-0.5559559615155596f,0.5395757073231555f,0.632274485427038f,0.0302359297331182f,-0.20131464379359532f,0.6506125484266368f,-0.7322402106030886f,2.0876498545196966f,-0.8064647438354433f,-0.5343794231597186f,-0.25308743361518093f,0.7760754563850092f,0f,0f,0f,1f], start_interpolation: 0, interpolation_duration: 1 }
$data merge entity $(bone_invisibility) { transformation: [0.5926288112522176f,-0.5828413685807591f,0.5559559615155596f,-0.23233407442812343f,0.5843178318297608f,0.7861584354314501f,0.20131464379359512f,2.3727716786873727f,-0.5544039713778669f,0.2055501239865394f,0.806464743835443f,0.6534143728129878f,0f,0f,0f,1f], start_interpolation: 0, interpolation_duration: 1 }
$data merge entity $(bone_swiftness) { transformation: [0.6322744854270379f,0.5395757073231555f,0.5559559615155597f,-0.2158061883602802f,-0.7322402106030886f,0.6506125484266368f,0.20131464379359515f,2.13688762529854f,-0.2530874336151811f,-0.5343794231597186f,0.8064647438354432f,0.6363212664974586f,0f,0f,0f,1f], start_interpolation: 0, interpolation_duration: 1 }
$data merge entity $(bone_suspicious_stew) { transformation: [0.7562324092169543f,-0.3450007421806951f,0.5559559615155598f,-0.1390752196913267f,0.2801971340010995f,0.9385957491336877f,0.20131464379359545f,2.204979175991795f,-0.5912716037046687f,0.0035366089608018514f,0.8064647438354434f,0.631009514470753f,0f,0f,0f,1f], start_interpolation: 0, interpolation_duration: 1 }
$data merge entity $(bone_log) { transformation: [-0.5559559615155596f,0.5395757073231555f,0.632274485427038f,-0.09411126116362356f,-0.20131464379359532f,0.6506125484266368f,-0.7322402106030886f,2.233108736817455f,-0.8064647438354433f,-0.5343794231597186f,-0.25308743361518093f,0.4767425433905038f,0f,0f,0f,1f], start_interpolation: 0, interpolation_duration: 1 }
$data merge entity $(bone_planks) { transformation: [-0.5559559615155596f,0.5395757073231555f,0.632274485427038f,-0.14623213255570727f,-0.20131464379359532f,0.6506125484266368f,-0.7322402106030886f,2.2142354889618057f,-0.8064647438354433f,-0.5343794231597186f,-0.25308743361518093f,0.401136473655931f,0f,0f,0f,1f], start_interpolation: 0, interpolation_duration: 1 }
$data merge entity $(bone_lefthand1) { transformation: [-0.5559559615155596f,0.5395757073231555f,0.632274485427038f,0.16001307837646028f,-0.20131464379359532f,0.6506125484266368f,-0.7322402106030886f,2.46897304145386f,-0.8064647438354433f,-0.5343794231597186f,-0.25308743361518093f,0.5526728558599094f,0f,0f,0f,1f], start_interpolation: 0, interpolation_duration: 1 }
$data merge entity $(bone_leftforearm) { transformation: [0.020690013018196427f,0.5791821107208776f,0.8149355839464956f,0.5612672578024249f,-0.27852443093678186f,0.78618043369801f,-0.5516742399657167f,3.0191589790595734f,-0.9602062615566763f,-0.2155653225621373f,0.1775824512051598f,0.3530450220709837f,0f,0f,0f,1f], start_interpolation: 0, interpolation_duration: 1 }
$data merge entity $(bone_leftelbow) { transformation: [0.020690013018196427f,0.5791821107208776f,0.8149355839464956f,0.6698639035625894f,-0.27852443093678186f,0.78618043369801f,-0.5516742399657167f,3.16656781037795f,-0.9602062615566763f,-0.2155653225621373f,0.1775824512051598f,0.31262652409058295f,0f,0f,0f,1f], start_interpolation: 0, interpolation_duration: 1 }
$data merge entity $(bone_leftarm) { transformation: [0.05009342423758255f,-0.45884904036032836f,0.8871010128551082f,0.42036207691171223f,-0.38437310407450165f,0.8109454687011193f,0.44116296723235354f,3.388008443445415f,-0.9218177508121036f,-0.36307713361423344f,-0.1357461945477152f,-0.0387280132520772f,0f,0f,0f,1f], start_interpolation: 0, interpolation_duration: 1 }
$data merge entity $(bone_rightthumb2) { transformation: [0.7901380642446072f,0.3745185401507717f,-0.48519862171601436f,-0.6171768278615105f,-0.18710409687124038f,0.9012022494171379f,0.3909303807322837f,2.0190121445729003f,0.5836727647970072f,-0.21810632436686841f,0.7821481540637883f,0.4643117565284813f,0f,0f,0f,1f], start_interpolation: 0, interpolation_duration: 1 }
$data merge entity $(bone_rightthumb) { transformation: [0.7901380642446072f,0.3745185401507717f,-0.48519862171601436f,-0.5667928259938811f,-0.18710409687124038f,0.9012022494171379f,0.3909303807322837f,2.273433170237012f,0.5836727647970072f,-0.21810632436686841f,0.7821481540637883f,0.4776632421508457f,0f,0f,0f,1f], start_interpolation: 0, interpolation_duration: 1 }
$data merge entity $(bone_rightpointerfinger) { transformation: [0.7901380642446072f,0.3745185401507717f,-0.48519862171601436f,-0.6260040565970373f,-0.18710409687124038f,0.9012022494171379f,0.3909303807322837f,1.9755865331485478f,0.5836727647970072f,-0.21810632436686841f,0.7821481540637883f,0.6497317832051372f,0f,0f,0f,1f], start_interpolation: 0, interpolation_duration: 1 }
$data merge entity $(bone_rightmidfinger) { transformation: [0.7901380642446072f,0.3745185401507717f,-0.48519862171601436f,-0.7018163412401646f,-0.18710409687124038f,0.9012022494171379f,0.3909303807322837f,2.036669405137967f,0.5836727647970072f,-0.21810632436686841f,0.7821481540637883f,0.7719424322776042f,0f,0f,0f,1f], start_interpolation: 0, interpolation_duration: 1 }
$data merge entity $(bone_rightringfinger) { transformation: [0.7901380642446072f,0.3745185401507717f,-0.48519862171601436f,-0.7776286258832918f,-0.18710409687124038f,0.9012022494171379f,0.3909303807322837f,2.097752277127386f,0.5836727647970072f,-0.21810632436686841f,0.7821481540637883f,0.8941530813500711f,0f,0f,0f,1f], start_interpolation: 0, interpolation_duration: 1 }
$data merge entity $(bone_hugeasssword) { transformation: [3.0947074182913785f,1.4668642822571891f,-1.9003612683877231f,-0.8280414576227002f,-0.7328243794123582f,3.5297088102171235f,1.5311439912014446f,2.2633173505833044f,2.286051662121612f,-0.8542497704369013f,3.0634136034165045f,0.5603804420841322f,0f,0f,0f,1f], start_interpolation: 0, interpolation_duration: 1 }
$data merge entity $(bone_ice) { transformation: [0.7901380642446072f,0.3745185401507717f,-0.48519862171601436f,-0.846239217066378f,-0.18710409687124038f,0.9012022494171379f,0.3909303807322837f,2.2521595669497745f,0.5836727647970072f,-0.21810632436686841f,0.7821481540637883f,0.5546684664524113f,0f,0f,0f,1f], start_interpolation: 0, interpolation_duration: 1 }
$data merge entity $(bone_righthand1) { transformation: [0.7901380642446072f,0.3745185401507717f,-0.48519862171601436f,-0.5702375228961587f,-0.18710409687124038f,0.9012022494171379f,0.3909303807322837f,2.442900679484133f,0.5836727647970072f,-0.21810632436686841f,0.7821481540637883f,0.6705022063744394f,0f,0f,0f,1f], start_interpolation: 0, interpolation_duration: 1 }
$data merge entity $(bone_rightforearm) { transformation: [0.7247652365819259f,-0.2888577351406379f,-0.6255210313744584f,-0.7899127966092724f,0.22491197842856164f,0.9573282830912089f,-0.18148597839223984f,3.086885108497248f,0.6512526036813174f,-0.009152444649349833f,0.758805824276043f,0.6036522851049544f,0f,0f,0f,1f], start_interpolation: 0, interpolation_duration: 1 }
$data merge entity $(bone_rightelbow) { transformation: [0.7247652365819259f,-0.2888577351406379f,-0.6255210313744584f,-0.844073621948142f,0.22491197842856164f,0.9573282830912089f,-0.18148597839223984f,3.2663841615768496f,0.6512526036813174f,-0.009152444649349833f,0.758805824276043f,0.6019362017332013f,0f,0f,0f,1f], start_interpolation: 0, interpolation_duration: 1 }
$data merge entity $(bone_rightarm) { transformation: [0.7380178787782343f,0.2703262759420644f,-0.6182663787874692f,-0.8703254371634299f,0.3149821300579152f,0.672287714961063f,0.669936926924178f,3.4473624825933147f,0.5967544456037625f,-0.6891682906574615f,0.41101240711737463f,0.16722535880626804f,0f,0f,0f,1f], start_interpolation: 0, interpolation_duration: 1 }
$data merge entity $(bone_chest1) { transformation: [-1.0672954497147666f,0.07549689840993686f,-0.16968132619632867f,-0.24742608654610282f,0.037140875740958694f,1.0565550582825105f,0.23648060232912668f,3.369585857658417f,0.18196727584502626f,0.22716236100910633f,-1.0435019326160444f,-0.13966057155818318f,0f,0f,0f,1f], start_interpolation: 0, interpolation_duration: 1 }
$data merge entity $(bone_chest1lid) { transformation: [-0.9851957997367077f,0.06968944468609556f,-0.15662891648891877f,-0.570135687420771f,0.03428388529934649f,0.975281592260779f,0.21828978676534772f,2.6293146798734983f,0.16796979308771656f,0.2096883332391751f,-0.963232553184041f,0.15130903038467972f,0f,0f,0f,1f], start_interpolation: 0, interpolation_duration: 1 }
$data merge entity $(bone_chest2) { transformation: [-0.9851957997367077f,0.06968944468609556f,-0.15662891648891877f,-0.5810246631529734f,0.03428388529934649f,0.975281592260779f,0.21828978676534772f,2.4769269310827515f,0.16796979308771656f,0.2096883332391751f,-0.963232553184041f,0.11854522831605861f,0f,0f,0f,1f], start_interpolation: 0, interpolation_duration: 1 }
$data merge entity $(bone_chest1lid3) { transformation: [-0.9851957997367077f,0.06968944468609556f,-0.15662891648891877f,-0.6089013495629403f,0.03428388529934649f,0.975281592260779f,0.21828978676534772f,2.76701383168884f,0.16796979308771656f,0.2096883332391751f,-0.963232553184041f,-0.47625993606682887f,0f,0f,0f,1f], start_interpolation: 0, interpolation_duration: 1 }
$data merge entity $(bone_chest3) { transformation: [-0.9851957997367077f,0.06968944468609556f,-0.15662891648891877f,-0.6197903252951427f,0.03428388529934649f,0.975281592260779f,0.21828978676534772f,2.614626082898093f,0.16796979308771656f,0.2096883332391751f,-0.963232553184041f,-0.50902373813545f,0f,0f,0f,1f], start_interpolation: 0, interpolation_duration: 1 }
$data merge entity $(bone_hugeasssword2) { transformation: [0.6134632562482644f,3.029322497326123f,-2.405648731258343f,-1.4218735093671406f,-0.8549683314976118f,2.48165468352156f,2.9070082493294502f,4.601276873513799f,3.772660833304161f,0.06980699626189273f,1.0499690461644213f,0.05539862873612948f,0f,0f,0f,1f], start_interpolation: 0, interpolation_duration: 1 }
$data merge entity $(bone_belt) { transformation: [-0.9851957997367077f,0.06968944468609556f,-0.15662891648891877f,-0.2231277763364075f,0.03428388529934649f,0.975281592260779f,0.21828978676534772f,2.9514291922098486f,0.16796979308771656f,0.2096883332391751f,-0.963232553184041f,-0.1024760385545281f,0f,0f,0f,1f], start_interpolation: 0, interpolation_duration: 1 }
$data merge entity $(bone_torn_part) { transformation: [-0.9923095959796431f,0.027644499092779377f,-0.12065424732112348f,-0.35504481835513746f,-0.013771449511095112f,0.9440339763348733f,0.32956061461244296f,2.6661901595367317f,0.12301224697192092f,0.3286877442121582f,-0.9363932688243984f,-0.12875390032156603f,0f,0f,0f,1f], start_interpolation: 0, interpolation_duration: 1 }
$data merge entity $(bone_lowerbody) { transformation: [-0.9923095959796431f,-0.009916404524557065f,-0.12338286205151369f,-0.23594687499999997f,-0.013771449511095112f,0.9994419934149735f,0.03043105284191456f,2.175246875f,0.12301224697192092f,0.03189618660607224f,-0.991892443954943f,-0.01685625000000003f,0f,0f,0f,1f], start_interpolation: 0, interpolation_duration: 1 }
$data merge entity $(bone_leftfoot) { transformation: [-0.8975760649890145f,-0.10393422474332425f,-0.42843305718144653f,0.605804787492242f,-0.10736510636230134f,0.9940872609307735f,-0.016225029767740984f,0.3999427701883185f,0.42758618019604916f,0.03143556238015349f,-0.9034278410162015f,0.23478059629674658f,0f,0f,0f,1f], start_interpolation: 0, interpolation_duration: 1 }
$data merge entity $(bone_leftlowerleg) { transformation: [-0.8975760649890145f,-0.10393422474332425f,-0.42843305718144653f,0.5563296217589208f,-0.10736510636230134f,0.9940872609307735f,-0.016225029767740984f,1.5052512301227035f,0.42758618019604916f,0.03143556238015349f,-0.9034278410162015f,0.4084621585875643f,0f,0f,0f,1f], start_interpolation: 0, interpolation_duration: 1 }
$data merge entity $(bone_leftleg) { transformation: [-0.8084507896602241f,-0.527687731551963f,-0.26067792132688106f,-0.020331144318353145f,-0.14694359538117632f,0.6098442066327023f,-0.7787795730583739f,2.144179184330773f,0.5699253464044334f,-0.5913000098140311f,-0.5705693629347034f,-0.18093057159994066f,0f,0f,0f,1f], start_interpolation: 0, interpolation_duration: 1 }
$data merge entity $(bone_rightfoot) { transformation: [-0.9999265812358352f,0.00693707376942377f,0.009935247633148112f,-0.3400887208974157f,0.009732754594786355f,0.9482167756152899f,0.31747475479121234f,0.20526438197367325f,-0.007218422681726802f,0.31754814351411403f,-0.9482146755480679f,-0.2655576779430586f,0f,0f,0f,1f], start_interpolation: 0, interpolation_duration: 1 }
$data merge entity $(bone_rightlowerleg) { transformation: [-0.9999265812358352f,0.00693707376942377f,0.009935247633148112f,-0.33391941201658604f,0.009732754594786355f,0.9482167756152899f,0.31747475479121234f,1.2084137603002678f,-0.007218422681726802f,0.31754814351411403f,-0.9482146755480679f,0.23241133022666668f,0f,0f,0f,1f], start_interpolation: 0, interpolation_duration: 1 }
$data merge entity $(bone_rightleg) { transformation: [-0.9791532675524567f,-0.18884119392039175f,-0.07481899571678367f,-0.5059847892323005f,-0.1450513188874619f,0.9079115621440049f,-0.3932641735706933f,2.167270118514894f,0.14219350734247657f,-0.37421330655650603f,-0.9163762369603937f,-0.15035049883255866f,0f,0f,0f,1f], start_interpolation: 0, interpolation_duration: 1 }
data modify entity @s data merge value {"locators":{"lefthand":{"posx":-0.09402403074095877,"posy":2.212594132617947,"posz":0.598051496709667,"roty":68.1847147686048,"rotx":-47.07452904783871},"righthand":{"posx":-0.7704343972689891,"posy":2.214428985522011,"posz":0.6005746345631163,"roty":211.81302638101727,"rotx":23.012402799564484},"chest":{"posx":-0.5808053782540306,"posy":2.5353231725907186,"posz":0.2939576520262288,"roty":350.76410843800375,"rotx":12.608603778946243},"sack":{"posx":0,"posy":-0.4375,"posz":0,"roty":0,"rotx":0}},"cameras":{}}