# This file was generated by Animated Java via MC-Build. It is not recommended to edit this file directly.
$data merge entity $(bone_nose) { transformation: [-0.9892815740242551f,-0.0076856614992854575f,-0.14581803010399913f,-0.1617703309487958f,-0.04946914483394432f,0.9572010017080609f,0.2851649453184647f,4.087536306516738f,0.1373854832414642f,0.28932191921180667f,-0.9473215167291968f,0.32789297323079125f,0f,0f,0f,1f], start_interpolation: 0, interpolation_duration: 1 }
$data merge entity $(bone_glowing_eye) { transformation: [-0.9892815740242551f,-0.0076856614992854575f,-0.14581803010399913f,-0.28086249813458114f,-0.04946914483394432f,0.9572010017080609f,0.2851649453184647f,4.136211939491291f,0.1373854832414642f,0.28932191921180667f,-0.9473215167291968f,0.39771297970942054f,0f,0f,0f,1f], start_interpolation: 0, interpolation_duration: 1 }
$data merge entity $(bone_head) { transformation: [-0.9892815740242551f,-0.0076856614992854575f,-0.14581803010399913f,-0.18812648471168059f,-0.04946914483394432f,0.9572010017080609f,0.2851649453184647f,4.0227426799145665f,0.1373854832414642f,0.28932191921180667f,-0.9473215167291968f,0.11477771616238922f,0f,0f,0f,1f], start_interpolation: 0, interpolation_duration: 1 }
$data merge entity $(bone_leftthumb2) { transformation: [-0.1728432234196488f,0.6648920211567847f,0.7266662372230812f,-0.3503141551411151f,-0.24955444945173894f,0.6841342444991749f,-0.685334161021018f,2.5162811551182505f,-0.9528104726947246f,-0.29979815827584605f,0.04767879421363164f,0.5359498144752352f,0f,0f,0f,1f], start_interpolation: 0, interpolation_duration: 1 }
$data merge entity $(bone_leftthumb) { transformation: [-0.1728432234196488f,0.6648920211567847f,0.7266662372230812f,-0.12515529367508088f,-0.24955444945173894f,0.6841342444991749f,-0.685334161021018f,2.6254930035093857f,-0.9528104726947246f,-0.29979815827584605f,0.04767879421363164f,0.46650107520078243f,0f,0f,0f,1f], start_interpolation: 0, interpolation_duration: 1 }
$data merge entity $(bone_leftpointerfinger) { transformation: [-0.1728432234196488f,0.6648920211567847f,0.7266662372230812f,-0.2903557806857948f,-0.24955444945173894f,0.6841342444991749f,-0.685334161021018f,2.396181433644018f,-0.9528104726947246f,-0.29979815827584605f,0.04767879421363164f,0.6713209348147939f,0f,0f,0f,1f], start_interpolation: 0, interpolation_duration: 1 }
$data merge entity $(bone_leftmidfinger) { transformation: [-0.1728432234196488f,0.6648920211567847f,0.7266662372230812f,-0.17681418111968839f,-0.24955444945173894f,0.6841342444991749f,-0.685334161021018f,2.289097970984484f,-0.9528104726947246f,-0.29979815827584605f,0.04767879421363164f,0.6787707464106739f,0f,0f,0f,1f], start_interpolation: 0, interpolation_duration: 1 }
$data merge entity $(bone_leftringfinger) { transformation: [-0.1728432234196488f,0.6648920211567847f,0.7266662372230812f,-0.06327258155358195f,-0.24955444945173894f,0.6841342444991749f,-0.685334161021018f,2.18201450832495f,-0.9528104726947246f,-0.29979815827584605f,0.04767879421363164f,0.6862205580065539f,0f,0f,0f,1f], start_interpolation: 0, interpolation_duration: 1 }
$data merge entity $(bone_invisibility) { transformation: [0.725695041914717f,-0.6659518948530007f,0.17284322341964897f,-0.272749640176177f,0.62180009931895f,0.7423524858487263f,0.24955444945173877f,2.4456338498958208f,-0.2945018550490661f,-0.07362649316593854f,0.9528104726947244f,0.45838858530393634f,0f,0f,0f,1f], start_interpolation: 0, interpolation_duration: 1 }
$data merge entity $(bone_swiftness) { transformation: [0.7266662372230812f,0.6648920211567847f,0.17284322341964897f,-0.23553953562510338f,-0.685334161021018f,0.6841342444991749f,0.2495544494517388f,2.2114927976487144f,0.04767879421363143f,-0.29979815827584605f,0.9528104726947246f,0.45830074199279425f,0f,0f,0f,1f], start_interpolation: 0, interpolation_duration: 1 }
$data merge entity $(bone_suspicious_stew) { transformation: [0.9096992383538045f,-0.37758775914535947f,0.17284322341964892f,-0.16766653418857352f,0.3304014613258144f,0.9102513120631059f,0.24955444945173907f,2.285064901993481f,-0.2515594762521879f,-0.16991183899593335f,0.9528104726947249f,0.4813813978881726f,0f,0f,0f,1f], start_interpolation: 0, interpolation_duration: 1 }
$data merge entity $(bone_log) { transformation: [-0.1728432234196488f,0.6648920211567847f,0.7266662372230812f,-0.06669660386973558f,-0.24955444945173894f,0.6841342444991749f,-0.685334161021018f,2.315060914121917f,-0.9528104726947246f,-0.29979815827584605f,0.04767879421363164f,0.35681558976732536f,0f,0f,0f,1f], start_interpolation: 0, interpolation_duration: 1 }
$data merge entity $(bone_planks) { transformation: [-0.1728432234196488f,0.6648920211567847f,0.7266662372230812f,-0.08290065606532765f,-0.24955444945173894f,0.6841342444991749f,-0.685334161021018f,2.2916651844858165f,-0.9528104726947246f,-0.29979815827584605f,0.04767879421363164f,0.2674896079521949f,0f,0f,0f,1f], start_interpolation: 0, interpolation_duration: 1 }
$data merge entity $(bone_lefthand1) { transformation: [-0.1728432234196488f,0.6648920211567847f,0.7266662372230812f,0.12002888736115153f,-0.24955444945173894f,0.6841342444991749f,-0.685334161021018f,2.5698997801415526f,-0.9528104726947246f,-0.29979815827584605f,0.04767879421363164f,0.518578706052869f,0f,0f,0f,1f], start_interpolation: 0, interpolation_duration: 1 }
$data merge entity $(bone_leftforearm) { transformation: [0.22387259162022963f,0.590103163690381f,0.7756670154930178f,0.540236790621305f,-0.3044014678192496f,0.7983890231682642f,-0.5195331693683389f,3.1282870881156133f,-0.9258621976896605f,-0.1198049409958894f,0.35836568892995757f,0.38110458964752747f,0f,0f,0f,1f], start_interpolation: 0, interpolation_duration: 1 }
$data merge entity $(bone_leftelbow) { transformation: [0.22387259162022963f,0.590103163690381f,0.7756670154930178f,0.6508811338132515f,-0.3044014678192496f,0.7983890231682642f,-0.5195331693683389f,3.277985029959663f,-0.9258621976896605f,-0.1198049409958894f,0.35836568892995757f,0.3586411632107982f,0f,0f,0f,1f], start_interpolation: 0, interpolation_duration: 1 }
$data merge entity $(bone_leftarm) { transformation: [0.25792197833117175f,-0.5380714649104383f,0.8024682870636505f,0.41811466852789975f,-0.4049450405624231f,0.6938944688910181f,0.5954242018648128f,3.4214433537878843f,-0.8772090783944452f,-0.4785285411462794f,-0.03891873701421074f,-0.034600600662480066f,0f,0f,0f,1f], start_interpolation: 0, interpolation_duration: 1 }
$data merge entity $(bone_rightthumb2) { transformation: [0.9584676724860446f,-0.07806343532216445f,-0.2743097170442319f,-0.21745892286021506f,0.14439516595876084f,0.9622529736909429f,0.23069297924011312f,2.218077917189914f,0.2459466544739452f,-0.2607207599878453f,0.9335603507349879f,0.35300552549834974f,0f,0f,0f,1f], start_interpolation: 0, interpolation_duration: 1 }
$data merge entity $(bone_rightthumb) { transformation: [0.9584676724860446f,-0.07806343532216445f,-0.2743097170442319f,-0.26004521754151844f,0.14439516595876084f,0.9622529736909429f,0.23069297924011312f,2.473777687363727f,0.2459466544739452f,-0.2607207599878453f,0.9335603507349879f,0.3688454481899658f,0f,0f,0f,1f], start_interpolation: 0, interpolation_duration: 1 }
$data merge entity $(bone_rightpointerfinger) { transformation: [0.9584676724860446f,-0.07806343532216445f,-0.2743097170442319f,-0.14245651913472046f,0.14439516595876084f,0.9622529736909429f,0.23069297924011312f,2.1846453850500063f,0.2459466544739452f,-0.2607207599878453f,0.9335603507349879f,0.5250555043347678f,0f,0f,0f,1f], start_interpolation: 0, interpolation_duration: 1 }
$data merge entity $(bone_rightmidfinger) { transformation: [0.9584676724860446f,-0.07806343532216445f,-0.2743097170442319f,-0.1853174124228817f,0.14439516595876084f,0.9622529736909429f,0.23069297924011312f,2.220691163056274f,0.2459466544739452f,-0.2607207599878453f,0.9335603507349879f,0.6709243091371097f,0f,0f,0f,1f], start_interpolation: 0, interpolation_duration: 1 }
$data merge entity $(bone_rightringfinger) { transformation: [0.9584676724860446f,-0.07806343532216445f,-0.2743097170442319f,-0.22817830571104292f,0.14439516595876084f,0.9622529736909429f,0.23069297924011312f,2.2567369410625417f,0.2459466544739452f,-0.2607207599878453f,0.9335603507349879f,0.8167931139394515f,0f,0f,0f,1f], start_interpolation: 0, interpolation_duration: 1 }
$data merge entity $(bone_hugeasssword) { transformation: [3.753998383903675f,-0.3057484550118108f,-1.0743797250899083f,-0.4514809338979858f,0.56554773333848f,3.7688241469561934f,0.9035475020237764f,2.374189254578824f,0.9632910633562854f,-1.0211563099523941f,3.6564447070453694f,0.5380489441897027f,0f,0f,0f,1f], start_interpolation: 0, interpolation_duration: 1 }
$data merge entity $(bone_ice) { transformation: [0.9584676724860446f,-0.07806343532216445f,-0.2743097170442319f,-0.46523725010367145f,0.14439516595876084f,0.9622529736909429f,0.23069297924011312f,2.3568978773967975f,0.2459466544739452f,-0.2607207599878453f,0.9335603507349879f,0.5382797895883574f,0f,0f,0f,1f], start_interpolation: 0, interpolation_duration: 1 }
$data merge entity $(bone_righthand1) { transformation: [0.9584676724860446f,-0.07806343532216445f,-0.2743097170442319f,-0.25370836947033365f,0.14439516595876084f,0.9622529736909429f,0.23069297924011312f,2.640769067910477f,0.2459466544739452f,-0.2607207599878453f,0.9335603507349879f,0.5637600241703508f,0f,0f,0f,1f], start_interpolation: 0, interpolation_duration: 1 }
$data merge entity $(bone_rightforearm) { transformation: [0.7902523775560321f,-0.49509881331107386f,-0.36107941623001033f,-0.6311955390217718f,0.38545856171595344f,0.8596967430325144f,-0.3351763822514279f,3.2134248624864497f,0.47636422721160215f,0.12569278052956434f,0.8702174716447835f,0.593234647471514f,0f,0f,0f,1f], start_interpolation: 0, interpolation_duration: 1 }
$data merge entity $(bone_rightelbow) { transformation: [0.7902523775560321f,-0.49509881331107386f,-0.36107941623001033f,-0.7240265665175982f,0.38545856171595344f,0.8596967430325144f,-0.3351763822514279f,3.3746180018050462f,0.47636422721160215f,0.12569278052956434f,0.8702174716447835f,0.6168020438208073f,0f,0f,0f,1f], start_interpolation: 0, interpolation_duration: 1 }
$data merge entity $(bone_rightarm) { transformation: [0.773231568655907f,0.010459024261524813f,-0.6340374989268556f,-0.8629078329735862f,0.4737013246487781f,0.655187305425476f,0.5885037381659498f,3.5069959290000265f,0.42156849533607016f,-0.7553940717405722f,0.5016570542903596f,0.19517514318087456f,0f,0f,0f,1f], start_interpolation: 0, interpolation_duration: 1 }
$data merge entity $(bone_chest1) { transformation: [-1.0623534564379598f,0.10739252074361243f,-0.18298385500847847f,-0.25554849888028425f,0.054096666232803806f,1.040531156509462f,0.29661350971708844f,3.4162697538555435f,0.20515797671045535f,0.2817319114557765f,-1.025742875076721f,-0.13759691954247177f,0f,0f,0f,1f], start_interpolation: 0, interpolation_duration: 1 }
$data merge entity $(bone_chest1lid) { transformation: [-0.980633959788886f,0.0991315576094884f,-0.16890817385398013f,-0.5920176473559298f,0.04993538421489582f,0.9604902983164264f,0.273797085892697f,2.669730437433683f,0.18937659388657418f,0.2600602259591783f,-0.9468395769938963f,0.11984001170672207f,0f,0f,0f,1f], start_interpolation: 0, interpolation_duration: 1 }
$data merge entity $(bone_chest2) { transformation: [-0.980633959788886f,0.0991315576094884f,-0.16890817385398013f,-0.6075069532324123f,0.04993538421489582f,0.9604902983164264f,0.273797085892697f,2.5196538283217413f,0.18937659388657418f,0.2600602259591783f,-0.9468395769938963f,0.07920560140060046f,0f,0f,0f,1f], start_interpolation: 0, interpolation_duration: 1 }
$data merge entity $(bone_chest1lid3) { transformation: [-0.980633959788886f,0.0991315576094884f,-0.16890817385398013f,-0.6389348237443304f,0.04993538421489582f,0.9604902983164264f,0.273797085892697f,2.842010734070261f,0.18937659388657418f,0.2600602259591783f,-0.9468395769938963f,-0.49856512942290365f,0f,0f,0f,1f], start_interpolation: 0, interpolation_duration: 1 }
$data merge entity $(bone_chest3) { transformation: [-0.980633959788886f,0.0991315576094884f,-0.16890817385398013f,-0.654424129620813f,0.04993538421489582f,0.9604902983164264f,0.273797085892697f,2.6919341249583195f,0.18937659388657418f,0.2600602259591783f,-0.9468395769938963f,-0.5391995397290252f,0f,0f,0f,1f], start_interpolation: 0, interpolation_duration: 1 }
$data merge entity $(bone_hugeasssword2) { transformation: [0.6615570142614213f,3.0940550567277154f,-2.308558727993928f,-1.3934669475420867f,-1.0723719197463966f,2.3973196507830035f,2.9057107109082394f,4.664787464138069f,3.708455009892761f,0.14127836240942823f,1.2520701424816296f,0.14662610984694274f,0f,0f,0f,1f], start_interpolation: 0, interpolation_duration: 1 }
$data merge entity $(bone_belt) { transformation: [-0.980633959788886f,0.0991315576094884f,-0.16890817385398013f,-0.24151659005536286f,0.04993538421489582f,0.9604902983164264f,0.273797085892697f,2.9962375623539197f,0.18937659388657418f,0.2600602259591783f,-0.9468395769938963f,-0.12330853720279239f,0f,0f,0f,1f], start_interpolation: 0, interpolation_duration: 1 }
$data merge entity $(bone_torn_part) { transformation: [-0.9854046959840057f,0.06547807778185988f,-0.15713117597301313f,-0.38139858859678033f,0.0052075165642066126f,0.9342260377630249f,0.35664350847426424f,2.7152638284641197f,0.17014836732658598f,0.3506199248411187f,-0.9209317028968572f,-0.15589782178803774f,0f,0f,0f,1f], start_interpolation: 0, interpolation_duration: 1 }
$data merge entity $(bone_lowerbody) { transformation: [-0.9854046959840057f,0.015197296784959085f,-0.1695483037458623f,-0.26874548611111115f,0.0052075165642066126f,0.9982319793987127f,0.05920977180298509f,2.219010949074074f,0.17014836732658598f,0.057462661582613164f,-0.9837416203556395f,-0.062233148148148204f,0f,0f,0f,1f], start_interpolation: 0, interpolation_duration: 1 }
$data merge entity $(bone_leftfoot) { transformation: [-0.8134569610986532f,-0.06957024806513706f,-0.5774493510467387f,0.6443088162912445f,-0.07112088317143325f,0.9972679594404807f,-0.019960888014692812f,0.6392627072783788f,0.5772604199293935f,0.024831384527952582f,-0.8161824611723567f,0.25277816885734267f,0f,0f,0f,1f], start_interpolation: 0, interpolation_duration: 1 }
$data merge entity $(bone_leftlowerleg) { transformation: [-0.8134569610986532f,-0.06957024806513706f,-0.5774493510467387f,0.6558518887914037f,-0.07112088317143325f,0.9972679594404807f,-0.019960888014692812f,1.7486737528972345f,0.5772604199293935f,0.024831384527952582f,-0.8161824611723567f,0.40572835042890504f,0f,0f,0f,1f], start_interpolation: 0, interpolation_duration: 1 }
$data merge entity $(bone_leftleg) { transformation: [-0.7186607005194963f,-0.6592005346637955f,-0.2213175380031892f,-0.05493648637999146f,-0.1000083242348879f,0.4129526911664949f,-0.9052449447205321f,2.1786692669904255f,0.6881316244822326f,-0.6284303700151003f,-0.3626984111215928f,-0.2217960946999205f,0f,0f,0f,1f], start_interpolation: 0, interpolation_duration: 1 }
$data merge entity $(bone_rightfoot) { transformation: [-0.9993523581462622f,-0.004530568761367204f,-0.03569787408520898f,-0.3605426871286546f,-0.012789399061715126f,0.9719893941938488f,0.23467647697695393f,0.20106257072335154f,0.03363473709047109f,0.23498104502570655f,-0.9714178364326453f,-0.2606489743735667f,0f,0f,0f,1f], start_interpolation: 0, interpolation_duration: 1 }
$data merge entity $(bone_rightlowerleg) { transformation: [-0.9993523581462622f,-0.004530568761367204f,-0.03569787408520898f,-0.3600839646733031f,-0.012789399061715126f,0.9719893941938488f,0.23467647697695393f,1.2433062909292303f,0.03363473709047109f,0.23498104502570655f,-0.9714178364326453f,0.14928722306666808f,0f,0f,0f,1f], start_interpolation: 0, interpolation_duration: 1 }
$data merge entity $(bone_rightleg) { transformation: [-0.971817942780277f,-0.20140694419847255f,-0.12249542407348787f,-0.5449382016112674f,-0.1466762850890889f,0.9234263455653429f,-0.3546404541339018f,2.221383788137098f,0.1845425519569256f,-0.32667878281955987f,-0.9269439138225981f,-0.18343114101812946f,0f,0f,0f,1f], start_interpolation: 0, interpolation_duration: 1 }
data modify entity @s data merge value {"locators":{"lefthand":{"posx":-0.11379140078362793,"posy":2.295717002172473,"posz":0.4688183215381683,"roty":93.75397045463122,"rotx":-43.261892687800355},"righthand":{"posx":-0.36987507530237984,"posy":2.3517951436908837,"posz":0.5508241698398657,"roty":196.37446523622322,"rotx":13.33787375393269},"chest":{"posx":-0.6024662787852411,"posy":2.568479479874888,"posz":0.25744795004852516,"roty":349.885316795304,"rotx":15.890341163411462},"sack":{"posx":0,"posy":-0.4375,"posz":0,"roty":0,"rotx":0}},"cameras":{}}