# This file was generated by Animated Java via MC-Build. It is not recommended to edit this file directly.
$data merge entity $(bone_nose) { transformation: [-0.9890229706445781f,-0.1419261155572464f,-0.041116192190000574f,-0.164541488518019f,-0.14436100946432914f,0.9874542222814751f,0.06398482511445219f,4.049366487500762f,0.03151923989904873f,0.06921803682074719f,-0.9971035056075511f,0.43319334985896735f,0f,0f,0f,1f], start_interpolation: 0, interpolation_duration: 1 }
$data merge entity $(bone_glowing_eye) { transformation: [-0.9890229706445781f,-0.1419261155572464f,-0.041116192190000574f,-0.2963441357974156f,-0.14436100946432914f,0.9874542222814751f,0.06398482511445219f,4.0959472447688485f,0.03151923989904873f,0.06921803682074719f,-0.9971035056075511f,0.4766144283535287f,0f,0f,0f,1f], start_interpolation: 0, interpolation_duration: 1 }
$data merge entity $(bone_head) { transformation: [-0.9890229706445781f,-0.1419261155572464f,-0.041116192190000574f,-0.15471610785665993f,-0.14436100946432914f,0.9874542222814751f,0.06398482511445219f,3.939420204354697f,0.03151923989904873f,0.06921803682074719f,-0.9971035056075511f,0.23793390603616457f,0f,0f,0f,1f], start_interpolation: 0, interpolation_duration: 1 }
$data merge entity $(bone_leftthumb2) { transformation: [0.3773226782175438f,0.9255747593465171f,-0.030642476456338358f,-0.4139688450623923f,-0.9049047920356525f,0.3614568241628479f,-0.2247137770966005f,3.5163733839254685f,-0.19691346793363995f,0.11251812799164973f,0.9739428920730425f,0.5210430013557488f,0f,0f,0f,1f], start_interpolation: 0, interpolation_duration: 1 }
$data merge entity $(bone_leftthumb) { transformation: [0.3773226782175438f,0.9255747593465171f,-0.030642476456338358f,-0.18959720657512152f,-0.9049047920356525f,0.3614568241628479f,-0.2247137770966005f,3.585814481518993f,-0.19691346793363995f,0.11251812799164973f,0.9739428920730425f,0.631867953059073f,0f,0f,0f,1f], start_interpolation: 0, interpolation_duration: 1 }
$data merge entity $(bone_leftpointerfinger) { transformation: [0.3773226782175438f,0.9255747593465171f,-0.030642476456338358f,-0.5360074584996322f,-0.9049047920356525f,0.3614568241628479f,-0.2247137770966005f,3.5556519644180553f,-0.19691346793363995f,0.11251812799164973f,0.9739428920730425f,0.6621389259329786f,0f,0f,0f,1f], start_interpolation: 0, interpolation_duration: 1 }
$data merge entity $(bone_leftmidfinger) { transformation: [0.3773226782175438f,0.9255747593465171f,-0.030642476456338358f,-0.540795345445935f,-0.9049047920356525f,0.3614568241628479f,-0.2247137770966005f,3.5205404367467117f,-0.19691346793363995f,0.11251812799164973f,0.9739428920730425f,0.8143175028193915f,0f,0f,0f,1f], start_interpolation: 0, interpolation_duration: 1 }
$data merge entity $(bone_leftringfinger) { transformation: [0.3773226782175438f,0.9255747593465171f,-0.030642476456338358f,-0.5455832323922378f,-0.9049047920356525f,0.3614568241628479f,-0.2247137770966005f,3.4854289090753676f,-0.19691346793363995f,0.11251812799164973f,0.9739428920730425f,0.9664960797058044f,0f,0f,0f,1f], start_interpolation: 0, interpolation_duration: 1 }
$data merge entity $(bone_invisibility) { transformation: [0.9193820001533638f,0.11119502820153611f,-0.3773226782175436f,-0.3630671396410568f,0.3404962756716232f,0.25536171131292645f,0.9049047920356523f,3.4325389615884503f,0.19697467869691804f,-0.9604301443096176f,0.19691346793364012f,0.6070886055672252f,0f,0f,0f,1f], start_interpolation: 0, interpolation_duration: 1 }
$data merge entity $(bone_swiftness) { transformation: [-0.030642476456338275f,0.9255747593465171f,-0.3773226782175438f,-0.47449890125126354f,-0.2247137770966007f,0.3614568241628479f,0.9049047920356525f,3.2943275054105885f,0.9739428920730425f,0.11251812799164973f,0.19691346793364017f,0.7642101757928701f,0f,0f,0f,1f], start_interpolation: 0, interpolation_duration: 1 }
$data merge entity $(bone_suspicious_stew) { transformation: [0.8259055417449138f,0.41893631093255784f,-0.3773226782175438f,-0.41219892082098825f,0.23262298855057387f,0.35641810075908353f,0.9049047920356528f,3.3734618397502043f,0.5135821076642376f,-0.8351398115486456f,0.19691346793364f,0.7844286105813121f,0f,0f,0f,1f], start_interpolation: 0, interpolation_duration: 1 }
$data merge entity $(bone_log) { transformation: [0.3773226782175438f,0.9255747593465171f,-0.030642476456338358f,-0.2625644409036697f,-0.9049047920356525f,0.3614568241628479f,-0.2247137770966005f,3.3232756602158147f,-0.19691346793363995f,0.11251812799164973f,0.9739428920730425f,0.8256863120274134f,0f,0f,0f,1f], start_interpolation: 0, interpolation_duration: 1 }
$data merge entity $(bone_planks) { transformation: [0.3773226782175438f,0.9255747593465171f,-0.030642476456338358f,-0.22719043982077503f,-0.9049047920356525f,0.3614568241628479f,-0.2247137770966005f,3.2384408359624723f,-0.19691346793363995f,0.11251812799164973f,0.9739428920730425f,0.8072256744086347f,0f,0f,0f,1f], start_interpolation: 0, interpolation_duration: 1 }
$data merge entity $(bone_lefthand1) { transformation: [0.3773226782175438f,0.9255747593465171f,-0.030642476456338358f,-0.12454384323216583f,-0.9049047920356525f,0.3614568241628479f,-0.2247137770966005f,3.6468883697997088f,-0.19691346793363995f,0.11251812799164973f,0.9739428920730425f,0.8726084956314533f,0f,0f,0f,1f], start_interpolation: 0, interpolation_duration: 1 }
$data merge entity $(bone_leftforearm) { transformation: [0.21328996329582317f,0.9552718078028442f,0.20484912685767756f,0.5649165748125978f,-0.9664131693332989f,0.23705880450708833f,-0.09924066376661754f,3.758392214014276f,-0.1433630974010928f,-0.17680185638945217f,0.9737495190657649f,0.7232433564323176f,0f,0f,0f,1f], start_interpolation: 0, interpolation_duration: 1 }
$data merge entity $(bone_leftelbow) { transformation: [0.21328996329582317f,0.9552718078028442f,0.20484912685767756f,0.7440300387756311f,-0.9664131693332989f,0.23705880450708833f,-0.09924066376661754f,3.802840739859355f,-0.1433630974010928f,-0.17680185638945217f,0.9737495190657649f,0.6900930083592953f,0f,0f,0f,1f], start_interpolation: 0, interpolation_duration: 1 }
$data merge entity $(bone_leftarm) { transformation: [0.1911764099375543f,-0.2508977568682083f,0.9489477835381092f,0.5651786421782528f,-0.9807161457161108f,-0.008847828050482537f,0.19523718260240736f,3.552057433256358f,-0.040588444354581046f,-0.9679731564135912f,-0.24775097708704305f,0.3138400187458087f,0f,0f,0f,1f], start_interpolation: 0, interpolation_duration: 1 }
$data merge entity $(bone_rightthumb2) { transformation: [-0.6786366131062692f,-0.4473737697628263f,-0.5825024098489635f,-0.04827831267861121f,0.2235914212226513f,-0.8812825148253909f,0.4163508201248917f,4.350658360052807f,-0.699613624586662f,0.15230836874982484f,0.6980995180498841f,0.18937709710206493f,0f,0f,0f,1f], start_interpolation: 0, interpolation_duration: 1 }
$data merge entity $(bone_rightthumb) { transformation: [-0.6786366131062692f,-0.4473737697628263f,-0.5825024098489635f,-0.20777257409933894f,0.2235914212226513f,-0.8812825148253909f,0.4163508201248917f,4.1701107331215646f,-0.699613624586662f,0.15230836874982484f,0.6980995180498841f,0.28638742178894183f,0f,0f,0f,1f], start_interpolation: 0, interpolation_duration: 1 }
$data merge entity $(bone_rightpointerfinger) { transformation: [-0.6786366131062692f,-0.4473737697628263f,-0.5825024098489635f,-0.16250873591607995f,0.2235914212226513f,-0.8812825148253909f,0.4163508201248917f,4.503253314688227f,-0.699613624586662f,0.15230836874982484f,0.6980995180498841f,0.19261441301232773f,0f,0f,0f,1f], start_interpolation: 0, interpolation_duration: 1 }
$data merge entity $(bone_rightmidfinger) { transformation: [-0.6786366131062692f,-0.4473737697628263f,-0.5825024098489635f,-0.2535247374549805f,0.2235914212226513f,-0.8812825148253909f,0.4163508201248917f,4.568308130332742f,-0.699613624586662f,0.15230836874982484f,0.6980995180498841f,0.3016924627076221f,0f,0f,0f,1f], start_interpolation: 0, interpolation_duration: 1 }
$data merge entity $(bone_rightringfinger) { transformation: [-0.6786366131062692f,-0.4473737697628263f,-0.5825024098489635f,-0.34454073899388105f,0.2235914212226513f,-0.8812825148253909f,0.4163508201248917f,4.6333629459772565f,-0.699613624586662f,0.15230836874982484f,0.6980995180498841f,0.4107705124029165f,0f,0f,0f,1f], start_interpolation: 0, interpolation_duration: 1 }
$data merge entity $(bone_hugeasssword) { transformation: [-2.657993401332888f,-1.7522139315710696f,-2.2814677719084404f,-0.1550330839278118f,0.8757330664553843f,-3.451689849732781f,1.6307073788224926f,4.323400666682117f,-2.7401533629644264f,0.5965411109368141f,2.7342231123620464f,0.507557164171233f,0f,0f,0f,1f], start_interpolation: 0, interpolation_duration: 1 }
$data merge entity $(bone_ice) { transformation: [-0.6786366131062692f,-0.4473737697628263f,-0.5825024098489635f,-0.13743917169548214f,0.2235914212226513f,-0.8812825148253909f,0.4163508201248917f,4.333677090019659f,-0.699613624586662f,0.15230836874982484f,0.6980995180498841f,0.5161088087936836f,0f,0f,0f,1f], start_interpolation: 0, interpolation_duration: 1 }
$data merge entity $(bone_righthand1) { transformation: [-0.6786366131062692f,-0.4473737697628263f,-0.5825024098489635f,-0.4371449677205361f,0.2235914212226513f,-0.8812825148253909f,0.4163508201248917f,4.182265279747877f,-0.699613624586662f,0.15230836874982484f,0.6980995180498841f,0.40109810477353314f,0f,0f,0f,1f], start_interpolation: 0, interpolation_duration: 1 }
$data merge entity $(bone_rightforearm) { transformation: [0.17393650044753203f,-0.7506396578188774f,-0.6374058345525435f,-0.9618139618384514f,0.4730879150364354f,-0.503990882418301f,0.7226209345747612f,3.781473254002205f,-0.8636746600766658f,-0.4272391538105807f,0.26745614031589315f,0.16047919795623816f,0f,0f,0f,1f], start_interpolation: 0, interpolation_duration: 1 }
$data merge entity $(bone_rightelbow) { transformation: [0.17393650044753203f,-0.7506396578188774f,-0.6374058345525435f,-1.102558897679491f,0.4730879150364354f,-0.503990882418301f,0.7226209345747612f,3.686974963548774f,-0.8636746600766658f,-0.4272391538105807f,0.26745614031589315f,0.08037185661675428f,0f,0f,0f,1f], start_interpolation: 0, interpolation_duration: 1 }
$data merge entity $(bone_rightarm) { transformation: [0.19694916815054897f,0.7907527063201902f,-0.5795870794040375f,-0.7962380015116064f,0.39747193406348075f,-0.6048042186016785f,-0.6900926885523779f,3.446313495928367f,-0.8962293717551566f,-0.09445641645176027f,-0.43341769529456087f,0.2915653832550066f,0f,0f,0f,1f], start_interpolation: 0, interpolation_duration: 1 }
$data merge entity $(bone_chest1) { transformation: [-1.067455737971304f,-0.18477294056033994f,-0.0028842711271435673f,-0.05333005283736676f,-0.18301136313651675f,1.0546774601788274f,0.1666535540117982f,3.308210597575758f,-0.025616392137921676f,0.16469828942200476f,-1.070434203968844f,0.07045374054876286f,0f,0f,0f,1f], start_interpolation: 0, interpolation_duration: 1 }
$data merge entity $(bone_chest1lid) { transformation: [-0.9853437581273576f,-0.1705596374403138f,-0.002662404117363293f,-0.2721421650515333f,-0.16893356597216933f,0.973548424780456f,0.15383404985704452f,2.5249628313710595f,-0.023645900435004627f,0.15202919023569672f,-0.988093111355856f,0.345136118385914f,0f,0f,0f,1f], start_interpolation: 0, interpolation_duration: 1 }
$data merge entity $(bone_chest2) { transformation: [-0.9853437581273576f,-0.1705596374403138f,-0.002662404117363293f,-0.24549222170148427f,-0.16893356597216933f,0.973548424780456f,0.15383404985704452f,2.3728458899991134f,-0.023645900435004627f,0.15202919023569672f,-0.988093111355856f,0.3213815574115864f,0f,0f,0f,1f], start_interpolation: 0, interpolation_duration: 1 }
$data merge entity $(bone_chest1lid3) { transformation: [-0.9853437581273576f,-0.1705596374403138f,-0.002662404117363293f,-0.2122637828062593f,-0.16893356597216933f,0.973548424780456f,0.15383404985704452f,2.634071117433989f,-0.023645900435004627f,0.15202919023569672f,-0.988093111355856f,-0.28638316229924343f,0f,0f,0f,1f], start_interpolation: 0, interpolation_duration: 1 }
$data merge entity $(bone_chest3) { transformation: [-0.9853437581273576f,-0.1705596374403138f,-0.002662404117363293f,-0.18561383945621027f,-0.16893356597216933f,0.973548424780456f,0.15383404985704452f,2.4819541760620427f,-0.023645900435004627f,0.15202919023569672f,-0.988093111355856f,-0.31013772327357103f,0f,0f,0f,1f], start_interpolation: 0, interpolation_duration: 1 }
$data merge entity $(bone_hugeasssword2) { transformation: [0.010427749459672004f,2.394035870448067f,-3.0998002017592925f,-1.4659304838663096f,-0.6025166952734243f,3.0638934654865753f,2.3642775306302846f,4.270439877584748f,3.8700313528104364f,0.4705601565521763f,0.376441556031734f,-0.044055796519226614f,0f,0f,0f,1f], start_interpolation: 0, interpolation_duration: 1 }
$data merge entity $(bone_belt) { transformation: [-0.9853437581273576f,-0.1705596374403138f,-0.002662404117363293f,0.0465168117923282f,-0.16893356597216933f,0.973548424780456f,0.15383404985704452f,2.9056905227726784f,-0.023645900435004627f,0.15202919023569672f,-0.988093111355856f,0.13999716034499537f,0f,0f,0f,1f], start_interpolation: 0, interpolation_duration: 1 }
$data merge entity $(bone_torn_part) { transformation: [-0.9821392135060975f,-0.14289848518922085f,-0.12240338322223948f,-0.027714117023279944f,-0.17417083390255508f,0.9365793854226654f,0.3041111234713239f,2.6022397214977286f,0.07118346655869578f,0.31999855895289314f,-0.9447400893138592f,0.1140126316022935f,0f,0f,0f,1f], start_interpolation: 0, interpolation_duration: 1 }
$data merge entity $(bone_lowerbody) { transformation: [-0.9821392135060975f,-0.17309211477507583f,-0.07376777817120675f,0.16308914351851833f,-0.17417083390255508f,0.9846796141205401f,0.008401080472945216f,2.1372665972222222f,0.07118346655869578f,0.021099226007517624f,-0.9972400597401664f,0.23699564814814855f,0f,0f,0f,1f], start_interpolation: 0, interpolation_duration: 1 }
$data merge entity $(bone_leftfoot) { transformation: [-0.8546634746684523f,-0.10776607736308683f,-0.5078748050823366f,1.0408889408852677f,-0.21014997096622115f,0.9663094219034335f,0.14860380494303926f,0.45904710361454937f,0.474749760158491f,0.2337361198240991f,-0.8485164061578478f,0.23858750597079476f,0f,0f,0f,1f], start_interpolation: 0, interpolation_duration: 1 }
$data merge entity $(bone_leftlowerleg) { transformation: [-0.8546634746684523f,-0.10776607736308683f,-0.5078748050823366f,0.9993686906592221f,-0.21014997096622115f,0.9663094219034335f,0.14860380494303926f,1.5082142940508194f,0.474749760158491f,0.2337361198240991f,-0.8485164061578478f,0.6282593474475311f,0f,0f,0f,1f], start_interpolation: 0, interpolation_duration: 1 }
$data merge entity $(bone_leftleg) { transformation: [-0.8123967770319425f,-0.5611759272449558f,-0.15840787653673283f,0.3870406652991838f,-0.2879314227278438f,0.6222997867051231f,-0.7279000420886637f,2.152864500723639f,0.5070571688419684f,-0.5457330429317274f,-0.6671345241991641f,0.08027530853426573f,0f,0f,0f,1f], start_interpolation: 0, interpolation_duration: 1 }
$data merge entity $(bone_rightfoot) { transformation: [-0.9729662237359209f,-0.02123428059978842f,0.2299691996691546f,-0.00758915679485106f,0.09487107138493421f,0.8711189606631746f,0.48182075109669686f,0.2279246465857061f,-0.2105616472279241f,0.4906127410703068f,-0.8455548066306189f,-0.19195249454792168f,0f,0f,0f,1f], start_interpolation: 0, interpolation_duration: 1 }
$data merge entity $(bone_rightlowerleg) { transformation: [-0.9729662237359209f,-0.02123428059978842f,0.2299691996691546f,-0.06647969824915839f,0.09487107138493421f,0.8711189606631746f,0.48182075109669686f,1.120292593131194f,-0.2105616472279241f,0.4906127410703068f,-0.8455548066306189f,0.4822368118134654f,0f,0f,0f,1f], start_interpolation: 0, interpolation_duration: 1 }
$data merge entity $(bone_rightleg) { transformation: [-0.9942878447926251f,-0.045949424534858195f,0.09633448023709955f,-0.09071595955576603f,-0.07942468039831405f,0.921472859923773f,-0.3802360958240659f,2.0872699974609086f,-0.07129797922285327f,-0.38571546353344194f,-0.9198587822866724f,0.0898512639169806f,0f,0f,0f,1f], start_interpolation: 0, interpolation_duration: 1 }
data modify entity @s data merge value {"locators":{"lefthand":{"posx":-0.3697701813658808,"posy":3.3833828228485694,"posz":0.8201386132082032,"roty":181.80206214308572,"rotx":-12.986047803262744},"righthand":{"posx":-0.18496953886776069,"posy":4.3619033434889785,"posz":0.43723240825743853,"roty":219.84201574911407,"rotx":24.604412904184674},"chest":{"posx":-0.2918581795096556,"posy":2.4348003105954876,"posz":0.4892849082569416,"roty":359.84561763627266,"rotx":8.849181235793743},"sack":{"posx":0,"posy":-0.4375,"posz":0,"roty":0,"rotx":0}},"cameras":{}}