# This file was generated by Animated Java via MC-Build. It is not recommended to edit this file directly.
$data merge entity $(bone_nose) { transformation: [-0.990031237210373f,-0.1313166360774312f,0.05093221413806471f,0.18664987176624637f,-0.12451153255877966f,0.9850145707364342f,0.11934476820029537f,4.252140484262356f,-0.0658409265393655f,0.11181340047698118f,-0.9915456297449009f,0.5059126067321872f,0f,0f,0f,1f], start_interpolation: 0, interpolation_duration: 1 }
$data merge entity $(bone_glowing_eye) { transformation: [-0.990031237210373f,-0.1313166360774312f,0.05093221413806471f,0.05222745245985788f,-0.12451153255877966f,0.9850145707364342f,0.11934476820029537f,4.299105422097924f,-0.0658409265393655f,0.11181340047698118f,-0.9915456297449009f,0.5398537710769039f,0f,0f,0f,1f], start_interpolation: 0, interpolation_duration: 1 }
$data merge entity $(bone_head) { transformation: [-0.990031237210373f,-0.1313166360774312f,0.05093221413806471f,0.21240175138302309f,-0.12451153255877966f,0.9850145707364342f,0.11934476820029537f,4.152861867807702f,-0.0658409265393655f,0.11181340047698118f,-0.9915456297449009f,0.30643436056028467f,0f,0f,0f,1f], start_interpolation: 0, interpolation_duration: 1 }
$data merge entity $(bone_leftthumb2) { transformation: [0.3012791119694504f,0.9528858398750721f,0.03520614799261779f,-0.11904669768895015f,-0.8971470297318099f,0.2957777486872757f,-0.3280895158716253f,3.719011923656823f,-0.32304504907874704f,0.0672614268884146f,0.9439903583822475f,0.6274340941617161f,0f,0f,0f,1f], start_interpolation: 0, interpolation_duration: 1 }
$data merge entity $(bone_leftthumb) { transformation: [0.3012791119694504f,0.9528858398750721f,0.03520614799261779f,0.11765003728869139f,-0.8971470297318099f,0.2957777486872757f,-0.3280895158716253f,3.763511488386663f,-0.32304504907874704f,0.0672614268884146f,0.9439903583822475f,0.724600510696849f,0f,0f,0f,1f], start_interpolation: 0, interpolation_duration: 1 }
$data merge entity $(bone_leftpointerfinger) { transformation: [0.3012791119694504f,0.9528858398750721f,0.03520614799261779f,-0.2263177436048213f,-0.8971470297318099f,0.2957777486872757f,-0.3280895158716253f,3.749205674919085f,-0.32304504907874704f,0.0672614268884146f,0.9439903583822475f,0.7821129552912438f,0f,0f,0f,1f], start_interpolation: 0, interpolation_duration: 1 }
$data merge entity $(bone_leftmidfinger) { transformation: [0.3012791119694504f,0.9528858398750721f,0.03520614799261779f,-0.22081678298097476f,-0.8971470297318099f,0.2957777486872757f,-0.3280895158716253f,3.6979416880641436f,-0.32304504907874704f,0.0672614268884146f,0.9439903583822475f,0.92961144878847f,0f,0f,0f,1f], start_interpolation: 0, interpolation_duration: 1 }
$data merge entity $(bone_leftringfinger) { transformation: [0.3012791119694504f,0.9528858398750721f,0.03520614799261779f,-0.21531582235712823f,-0.8971470297318099f,0.2957777486872757f,-0.3280895158716253f,3.6466777012092018f,-0.32304504907874704f,0.0672614268884146f,0.9439903583822475f,1.0771099422856962f,0f,0f,0f,1f], start_interpolation: 0, interpolation_duration: 1 }
$data merge entity $(bone_invisibility) { transformation: [0.9523282395478274f,0.04797729515755887f,-0.3012791119694503f,-0.06670621349898265f,0.2660573396122654f,0.35261976558587044f,0.8971470297318096f,3.6235940954780292f,0.14927965768375684f,-0.9345359704513945f,0.3230450490787472f,0.6993990284554538f,0f,0f,0f,1f], start_interpolation: 0, interpolation_duration: 1 }
$data merge entity $(bone_swiftness) { transformation: [0.035206147992617856f,0.9528858398750721f,-0.3012791119694504f,-0.17345032576940558f,-0.32808951587162555f,0.2957777486872757f,0.8971470297318098f,3.475297791937433f,0.9439903583822474f,0.0672614268884146f,0.32304504907874726f,0.8504636927430556f,0f,0f,0f,1f], start_interpolation: 0, interpolation_duration: 1 }
$data merge entity $(bone_suspicious_stew) { transformation: [0.8784866179029622f,0.37079935120805513f,-0.30127911196945034f,-0.10477158449451084f,0.1294090559744333f,0.42235116109133264f,0.8971470297318102f,3.5482127292823837f,0.4599071193156519f,-0.827119905375568f,0.3230450490787471f,0.8732443412667308f,0f,0f,0f,1f], start_interpolation: 0, interpolation_duration: 1 }
$data merge entity $(bone_log) { transformation: [0.3012791119694504f,0.9528858398750721f,0.03520614799261779f,0.04423435042416313f,-0.8971470297318099f,0.2957777486872757f,-0.3280895158716253f,3.4856982177744533f,-0.32304504907874704f,0.0672614268884146f,0.9439903583822475f,0.8956160943258179f,0f,0f,0f,1f], start_interpolation: 0, interpolation_duration: 1 }
$data merge entity $(bone_planks) { transformation: [0.3012791119694504f,0.9528858398750721f,0.03520614799261779f,0.0724792671712991f,-0.8971470297318099f,0.2957777486872757f,-0.3280895158716253f,3.4015906837370964f,-0.32304504907874704f,0.0672614268884146f,0.9439903583822475f,0.8653306209746854f,0f,0f,0f,1f], start_interpolation: 0, interpolation_duration: 1 }
$data merge entity $(bone_lefthand1) { transformation: [0.3012791119694504f,0.9528858398750721f,0.03520614799261779f,0.20603584027579924f,-0.8971470297318099f,0.2957777486872757f,-0.3280895158716253f,3.7941822097502134f,-0.32304504907874704f,0.0672614268884146f,0.9439903583822475f,0.9636930146181631f,0f,0f,0f,1f], start_interpolation: 0, interpolation_duration: 1 }
$data merge entity $(bone_leftforearm) { transformation: [0.11594136020728173f,0.975893187301845f,0.18490561909020387f,0.901544577880258f,-0.9441708857616213f,0.166083490928015f,-0.28453051246092953f,3.857450726313364f,-0.3083811594008307f,-0.14159364752350367f,0.9406658809096825f,0.8294539050345058f,0f,0f,0f,1f], start_interpolation: 0, interpolation_duration: 1 }
$data merge entity $(bone_leftelbow) { transformation: [0.11594136020728173f,0.975893187301845f,0.18490561909020387f,1.084524550499354f,-0.9441708857616213f,0.166083490928015f,-0.28453051246092953f,3.888591380862367f,-0.3083811594008307f,-0.14159364752350367f,0.9406658809096825f,0.8029050961238489f,0f,0f,0f,1f], start_interpolation: 0, interpolation_duration: 1 }
$data merge entity $(bone_leftarm) { transformation: [0.0841447811339358f,-0.12298456307065092f,0.9888348967619637f,0.9322455041282911f,-0.9744184337077225f,0.1973817538601965f,0.10746701490997748f,3.73540370590381f,-0.2083947500742534f,-0.9725817397470475f,-0.10322978083913378f,0.36829715758671355f,0f,0f,0f,1f], start_interpolation: 0, interpolation_duration: 1 }
$data merge entity $(bone_rightthumb2) { transformation: [-0.003100328293408894f,0.11480083952627759f,-0.993383689824096f,-0.7335304832160428f,0.7343098975499622f,-0.6740612322895816f,-0.08018995875055232f,4.475606075481331f,-0.6788073086853423f,-0.7297000907004968f,-0.08220958160123282f,1.6816152742693822f,0f,0f,0f,1f], start_interpolation: 0, interpolation_duration: 1 }
$data merge entity $(bone_rightthumb) { transformation: [-0.003100328293408894f,0.11480083952627759f,-0.993383689824096f,-0.7902685250016623f,0.7343098975499622f,-0.6740612322895816f,-0.08018995875055232f,4.3034447803216285f,-0.6788073086853423f,-0.7297000907004968f,-0.08220958160123282f,1.495636374456078f,0f,0f,0f,1f], start_interpolation: 0, interpolation_duration: 1 }
$data merge entity $(bone_rightpointerfinger) { transformation: [-0.003100328293408894f,0.11480083952627759f,-0.993383689824096f,-0.8748415093388181f,0.7343098975499622f,-0.6740612322895816f,-0.08018995875055232f,4.601177362894743f,-0.6788073086853423f,-0.7297000907004968f,-0.08220958160123282f,1.6569710931921615f,0f,0f,0f,1f], start_interpolation: 0, interpolation_duration: 1 }
$data merge entity $(bone_rightmidfinger) { transformation: [-0.003100328293408894f,0.11480083952627759f,-0.993383689824096f,-1.0300577108738331f,0.7343098975499622f,-0.6740612322895816f,-0.08018995875055232f,4.588647681839969f,-0.6788073086853423f,-0.7297000907004968f,-0.08220958160123282f,1.6441258460669688f,0f,0f,0f,1f], start_interpolation: 0, interpolation_duration: 1 }
$data merge entity $(bone_rightringfinger) { transformation: [-0.003100328293408894f,0.11480083952627759f,-0.993383689824096f,-1.185273912408848f,0.7343098975499622f,-0.6740612322895816f,-0.08018995875055232f,4.576118000785195f,-0.6788073086853423f,-0.7297000907004968f,-0.08220958160123282f,1.6312805989417762f,0f,0f,0f,1f], start_interpolation: 0, interpolation_duration: 1 }
$data merge entity $(bone_hugeasssword) { transformation: [-0.012142952482518168f,0.4496366214779206f,-3.890752785144376f,-0.9903936454886199f,2.8760470987373523f,-2.6400731598008615f,-0.3140773384396633f,4.257930895599916f,-2.658661959017591f,-2.8579920219102792f,-0.3219875279381619f,1.6774982312254938f,0f,0f,0f,1f], start_interpolation: 0, interpolation_duration: 1 }
$data merge entity $(bone_ice) { transformation: [-0.003100328293408894f,0.11480083952627759f,-0.993383689824096f,-0.9921389659766334f,0.7343098975499622f,-0.6740612322895816f,-0.08018995875055232f,4.256989510205223f,-0.6788073086853423f,-0.7297000907004968f,-0.08220958160123282f,1.6995061593408975f,0f,0f,0f,1f], start_interpolation: 0, interpolation_duration: 1 }
$data merge entity $(bone_righthand1) { transformation: [-0.003100328293408894f,0.11480083952627759f,-0.993383689824096f,-0.9952570784754192f,0.7343098975499622f,-0.6740612322895816f,-0.08018995875055232f,4.269545740309363f,-0.6788073086853423f,-0.7297000907004968f,-0.08220958160123282f,1.3448102600693992f,0f,0f,0f,1f], start_interpolation: 0, interpolation_duration: 1 }
$data merge entity $(bone_rightforearm) { transformation: [0.2424558053630689f,0.327130684978323f,-0.9133458804808613f,-0.7730366440147018f,0.9655338747866736f,-0.17321604937988633f,0.1942692381121043f,4.07257722194244f,-0.0946547362004589f,-0.9289680915848717f,-0.35785299458294784f,0.6990764088328598f,0f,0f,0f,1f], start_interpolation: 0, interpolation_duration: 1 }
$data merge entity $(bone_rightelbow) { transformation: [0.2424558053630689f,0.327130684978323f,-0.9133458804808613f,-0.7116996405812663f,0.9655338747866736f,-0.17321604937988633f,0.1942692381121043f,4.040099212683711f,-0.0946547362004589f,-0.9289680915848717f,-0.35785299458294784f,0.5248948916606964f,0f,0f,0f,1f], start_interpolation: 0, interpolation_duration: 1 }
$data merge entity $(bone_rightarm) { transformation: [0.31652339766382825f,0.7081164862669779f,-0.6311766635485313f,-0.4449092666652428f,0.9329937732789123f,-0.3525427696667914f,0.07236169275553064f,3.6742769833291495f,-0.17127626150206665f,-0.6117880657814252f,-0.7722563077199813f,0.3067051894148765f,0f,0f,0f,1f], start_interpolation: 0, interpolation_duration: 1 }
$data merge entity $(bone_chest1) { transformation: [-1.0711610153902742f,-0.15169034920628804f,0.056702982080861594f,0.3041107001220019f,-0.14294135423171211f,1.063908015849898f,0.1458719101535614f,3.5178678852749594f,-0.07611149367600348f,0.1367511713994395f,-1.0719688749037446f,0.14419122316196153f,0f,0f,0f,1f], start_interpolation: 0, interpolation_duration: 1 }
$data merge entity $(bone_chest1lid) { transformation: [-0.9887640142064069f,-0.14002186080580437f,0.05234121422848763f,0.04173581465448395f,-0.13194586544465733f,0.9820689377075981f,0.13465099398790284f,2.7489320762733724f,-0.07025676339323399f,0.12623185052255953f,-0.9895097306803796f,0.421144926010523f,0f,0f,0f,1f], start_interpolation: 0, interpolation_duration: 1 }
$data merge entity $(bone_chest2) { transformation: [-0.9887640142064069f,-0.14002186080580437f,0.05234121422848763f,0.06361423040539088f,-0.13194586544465733f,0.9820689377075981f,0.13465099398790284f,2.5954838047565603f,-0.07025676339323399f,0.12623185052255953f,-0.9895097306803796f,0.4014211993663731f,0f,0f,0f,1f], start_interpolation: 0, interpolation_duration: 1 }
$data merge entity $(bone_chest1lid3) { transformation: [-0.9887640142064069f,-0.14002186080580437f,0.05234121422848763f,0.13706465590750924f,-0.13194586544465733f,0.9820689377075981f,0.13465099398790284f,2.843439485887164f,-0.07025676339323399f,0.12623185052255953f,-0.9895097306803796f,-0.20836869749451806f,0f,0f,0f,1f], start_interpolation: 0, interpolation_duration: 1 }
$data merge entity $(bone_chest3) { transformation: [-0.9887640142064069f,-0.14002186080580437f,0.05234121422848763f,0.15894307165841617f,-0.13194586544465733f,0.9820689377075981f,0.13465099398790284f,2.6899912143703517f,-0.07025676339323399f,0.12623185052255953f,-0.9895097306803796f,-0.22809242413866798f,0f,0f,0f,1f], start_interpolation: 0, interpolation_duration: 1 }
$data merge entity $(bone_hugeasssword2) { transformation: [-0.20500308906157746f,2.4847172793681134f,-3.02066740189358f,-1.062698519521354f,-0.5273830597859527f,2.9796310107045687f,2.486753692281617f,4.53047210856467f,3.8755797784981536f,0.5368955759130215f,0.17861214639270023f,-0.05805329024460598f,0f,0f,0f,1f], start_interpolation: 0, interpolation_duration: 1 }
$data merge entity $(bone_belt) { transformation: [-0.9887640142064069f,-0.14002186080580437f,0.05234121422848763f,0.3847028875612469f,-0.13194586544465733f,0.9820689377075981f,0.13465099398790284f,3.1132802747152506f,-0.07025676339323399f,0.12623185052255953f,-0.9895097306803796f,0.22568882397422985f,0f,0f,0f,1f], start_interpolation: 0, interpolation_duration: 1 }
$data merge entity $(bone_torn_part) { transformation: [-0.9965234486463607f,-0.08212857141933637f,0.013996930184262443f,0.29329152542634407f,-0.07055816878429973f,0.9213017960386082f,0.38239318173032466f,2.820722951345297f,-0.04430080265379424f,0.3800761744343544f,-0.9238936846366987f,0.18346875847113045f,0f,0f,0f,1f], start_interpolation: 0, interpolation_duration: 1 }
$data merge entity $(bone_lowerbody) { transformation: [-0.9965234486463607f,-0.07411845262169334f,0.038045647305965935f,0.4214487499999999f,-0.07055816878429973f,0.9936489870740064f,0.08765406610424545f,2.330106875f,-0.04430080265379424f,0.08466490103795644f,-0.9954241776330645f,0.28643625000000006f,0f,0f,0f,1f], start_interpolation: 0, interpolation_duration: 1 }
$data merge entity $(bone_leftfoot) { transformation: [-0.9624735607193946f,-0.25336996123215244f,-0.09720240563559968f,1.2737114243698073f,-0.25215026133858565f,0.96736926702411f,-0.02483841629651881f,0.3061576493029483f,0.10032392846680735f,0.0006032930082146004f,-0.9949546449032404f,0.21458377240519425f,0f,0f,0f,1f], start_interpolation: 0, interpolation_duration: 1 }
$data merge entity $(bone_leftlowerleg) { transformation: [-0.9624735607193946f,-0.25336996123215244f,-0.09720240563559968f,1.0075638479932736f,-0.25215026133858565f,0.96736926702411f,-0.02483841629651881f,1.3831492439037092f,0.10032392846680735f,0.0006032930082146004f,-0.9949546449032404f,0.36812347884899377f,0f,0f,0f,1f], start_interpolation: 0, interpolation_duration: 1 }
$data merge entity $(bone_leftleg) { transformation: [-0.9553965096681015f,-0.2939240514019033f,-0.028743022135824102f,0.6679359531272144f,-0.2759240798838587f,0.9230870081754001f,-0.2679109506497163f,2.3548595872915463f,0.1052777823391772f,-0.24803029521669334f,-0.9630148291695537f,0.13241588341262675f,0f,0f,0f,1f], start_interpolation: 0, interpolation_duration: 1 }
$data merge entity $(bone_rightfoot) { transformation: [-0.9601264748930001f,-0.05196571724719205f,0.27469385948820546f,0.3255622109818743f,-0.002769297768580828f,0.9842921072783418f,0.1765258579909195f,0.2242196686221325f,-0.2795522906352405f,0.16872644066816037f,-0.9451888197709725f,-0.056475331627422354f,0f,0f,0f,1f], start_interpolation: 0, interpolation_duration: 1 }
$data merge entity $(bone_rightlowerleg) { transformation: [-0.9601264748930001f,-0.05196571724719205f,0.27469385948820546f,0.22570723368604315f,-0.002769297768580828f,0.9842921072783418f,0.1765258579909195f,1.289046299354367f,-0.2795522906352405f,0.16872644066816037f,-0.9451888197709725f,0.2759296904455415f,0f,0f,0f,1f], start_interpolation: 0, interpolation_duration: 1 }
$data merge entity $(bone_rightleg) { transformation: [-0.9900651313379267f,-0.06544627192595645f,0.12445007512977804f,0.179470328628869f,-0.08661410404729168f,0.9810841174105988f,-0.17312409290665337f,2.3286992123977885f,-0.11076566565907758f,-0.18218325953736908f,-0.9770057457637806f,0.1069541961535651f,0f,0f,0f,1f], start_interpolation: 0, interpolation_duration: 1 }
data modify entity @s data merge value {"locators":{"lefthand":{"posx":-0.059004868625597506,"posy":3.5518245138811118,"posz":0.9058969193515705,"roty":177.86414213082114,"rotx":-19.15285783591437},"righthand":{"posx":-0.9787017647182371,"posy":4.337616237960534,"posz":1.648554062781361,"roty":274.73085370532067,"rotx":-4.5994846503842535},"chest":{"posx":0.011409990787695314,"posy":2.6623902415608924,"posz":0.5656708069156338,"roty":3.027901861134609,"rotx":7.738439052982187},"sack":{"posx":0,"posy":-0.4375,"posz":0,"roty":0,"rotx":0}},"cameras":{}}