# This file was generated by Animated Java via MC-Build. It is not recommended to edit this file directly.
$data merge entity $(bone_nose) { transformation: [-0.9784443820304934f,0.03630725502996719f,0.20329381324859536f,0.1108522424652362f,0.05308789226040134f,0.9955617684132444f,0.07770740614151057f,4.125847939003878f,-0.19957020561274638f,0.08682481503627042f,-0.976029294911584f,0.6429150167815014f,0f,0f,0f,1f], start_interpolation: 0, interpolation_duration: 1 }
$data merge entity $(bone_glowing_eye) { transformation: [-0.9784443820304934f,0.03630725502996719f,0.20329381324859536f,-0.016089073798542575f,0.05308789226040134f,0.9955617684132444f,0.07770740614151057f,4.197179897692936f,-0.19957020561274638f,0.08682481503627042f,-0.976029294911584f,0.6579066387737349f,0f,0f,0f,1f], start_interpolation: 0, interpolation_duration: 1 }
$data merge entity $(bone_head) { transformation: [-0.9784443820304934f,0.03630725502996719f,0.20329381324859536f,0.14443691907417355f,0.05308789226040134f,0.9955617684132444f,0.07770740614151057f,4.017470183307766f,-0.19957020561274638f,0.08682481503627042f,-0.976029294911584f,0.4494277943297011f,0f,0f,0f,1f], start_interpolation: 0, interpolation_duration: 1 }
$data merge entity $(bone_leftthumb2) { transformation: [0.08821397408473544f,0.9343778448912556f,-0.34519029208908786f,-0.21131053829303797f,-0.9957122490231669f,0.07302780062854172f,-0.05678078443086687f,3.8198615760669252f,-0.027846219158158353f,0.3487190607232849f,0.9368135378862035f,0.3962450939735997f,0f,0f,0f,1f], start_interpolation: 0, interpolation_duration: 1 }
$data merge entity $(bone_leftthumb) { transformation: [0.08821397408473544f,0.9343778448912556f,-0.34519029208908786f,-0.011660479053497416f,-0.9957122490231669f,0.07302780062854172f,-0.05678078443086687f,3.8329187525770694f,-0.027846219158158353f,0.3487190607232849f,0.9368135378862035f,0.5618235711369401f,0f,0f,0f,1f], start_interpolation: 0, interpolation_duration: 1 }
$data merge entity $(bone_leftpointerfinger) { transformation: [0.08821397408473544f,0.9343778448912556f,-0.34519029208908786f,-0.3440824077656346f,-0.9957122490231669f,0.07302780062854172f,-0.05678078443086687f,3.915200933462541f,-0.027846219158158353f,0.3487190607232849f,0.9368135378862035f,0.4943589441459516f,0f,0f,0f,1f], start_interpolation: 0, interpolation_duration: 1 }
$data merge entity $(bone_leftmidfinger) { transformation: [0.08821397408473544f,0.9343778448912556f,-0.34519029208908786f,-0.39801839090455454f,-0.9957122490231669f,0.07302780062854172f,-0.05678078443086687f,3.906328935895218f,-0.027846219158158353f,0.3487190607232849f,0.9368135378862035f,0.6407360594406709f,0f,0f,0f,1f], start_interpolation: 0, interpolation_duration: 1 }
$data merge entity $(bone_leftringfinger) { transformation: [0.08821397408473544f,0.9343778448912556f,-0.34519029208908786f,-0.45195437404347455f,-0.9957122490231669f,0.07302780062854172f,-0.05678078443086687f,3.897456938327895f,-0.027846219158158353f,0.3487190607232849f,0.9368135378862035f,0.7871131747353902f,0f,0f,0f,1f], start_interpolation: 0, interpolation_duration: 1 }
$data merge entity $(bone_invisibility) { transformation: [0.9007369387987545f,0.42531313389034386f,-0.08821397408473546f,-0.21455751421198163f,0.06780113635858721f,0.06292950860852842f,0.9957122490231667f,3.7382667019779086f,0.4290407591266032f,-0.9028558107952027f,0.027846219158158575f,0.49800350226146234f,0f,0f,0f,1f], start_interpolation: 0, interpolation_duration: 1 }
$data merge entity $(bone_swiftness) { transformation: [-0.34519029208908786f,0.9343778448912556f,-0.08821397408473552f,-0.4012167623640921f,-0.05678078443086709f,0.07302780062854172f,0.9957122490231669f,3.665871302817976f,0.9368135378862035f,0.3487190607232849f,0.02784621915815856f,0.6249832770458512f,0f,0f,0f,1f], start_interpolation: 0, interpolation_duration: 1 }
$data merge entity $(bone_suspicious_stew) { transformation: [0.7009501956470136f,0.7077337903467593f,-0.08821397408473536f,-0.32307965545796324f,0.042189067963361f,0.08232374924412479f,0.9957122490231671f,3.7241971267426583f,0.7119613091782417f,-0.7016663611088959f,0.027846219158158398f,0.6573098346437215f,0f,0f,0f,1f], start_interpolation: 0, interpolation_duration: 1 }
$data merge entity $(bone_log) { transformation: [0.08821397408473544f,0.9343778448912556f,-0.34519029208908786f,-0.2141931597177883f,-0.9957122490231669f,0.07302780062854172f,-0.05678078443086687f,3.6373159792051073f,-0.027846219158158353f,0.3487190607232849f,0.9368135378862035f,0.7422022687764706f,0f,0f,0f,1f], start_interpolation: 0, interpolation_duration: 1 }
$data merge entity $(bone_planks) { transformation: [0.08821397408473544f,0.9343778448912556f,-0.34519029208908786f,-0.2059230996473444f,-0.9957122490231669f,0.07302780062854172f,-0.05678078443086687f,3.543967955859185f,-0.027846219158158353f,0.3487190607232849f,0.9368135378862035f,0.7395916857303932f,0f,0f,0f,1f], start_interpolation: 0, interpolation_duration: 1 }
$data merge entity $(bone_lefthand1) { transformation: [0.08821397408473544f,0.9343778448912556f,-0.34519029208908786f,0.008135004611625751f,-0.9957122490231669f,0.07302780062854172f,-0.05678078443086687f,3.9062753911314987f,-0.027846219158158353f,0.3487190607232849f,0.9368135378862035f,0.8070681656878875f,0f,0f,0f,1f], start_interpolation: 0, interpolation_duration: 1 }
$data merge entity $(bone_leftforearm) { transformation: [-0.08704239947286255f,0.9717551557450004f,-0.21935254267278606f,0.6936406527664064f,-0.9858394830195364f,-0.11570305279759655f,-0.1213808769662243f,3.7626259036053282f,-0.14333225182693438f,0.2056811144862996f,0.9680656717030582f,0.9283059180411519f,0f,0f,0f,1f], start_interpolation: 0, interpolation_duration: 1 }
$data merge entity $(bone_leftelbow) { transformation: [-0.08704239947286255f,0.9717551557450004f,-0.21935254267278606f,0.875844744468594f,-0.9858394830195364f,-0.11570305279759655f,-0.1213808769662243f,3.740931581205779f,-0.14333225182693438f,0.2056811144862996f,0.9680656717030582f,0.9668711270073331f,0f,0f,0f,1f], start_interpolation: 0, interpolation_duration: 1 }
$data merge entity $(bone_leftarm) { transformation: [-0.15180228831631082f,0.1838816215250605f,0.9711558137226208f,0.8099960853397293f,-0.9867068200387019f,0.029478108245827f,-0.15981455635629663f,3.54673876926816f,-0.05801479596658354f,-0.982506280081487f,0.17696240575160002f,0.5297387036261774f,0f,0f,0f,1f], start_interpolation: 0, interpolation_duration: 1 }
$data merge entity $(bone_rightthumb2) { transformation: [0.5068203373640895f,-0.28748905911902767f,-0.8127011668018004f,-0.25866837205099413f,0.33881589460991746f,-0.8004518569462739f,0.4944498096581135f,4.572978884263549f,-0.792677068669097f,-0.5259532922210103f,-0.30827941742524523f,1.3796392009481442f,0f,0f,0f,1f], start_interpolation: 0, interpolation_duration: 1 }
$data merge entity $(bone_rightthumb) { transformation: [0.5068203373640895f,-0.28748905911902767f,-0.8127011668018004f,-0.3986243175939571f,0.33881589460991746f,-0.8004518569462739f,0.4944498096581135f,4.41892851434526f,-0.792677068669097f,-0.5259532922210103f,-0.30827941742524523f,1.2243083123660152f,0f,0f,0f,1f], start_interpolation: 0, interpolation_duration: 1 }
$data merge entity $(bone_rightpointerfinger) { transformation: [0.5068203373640895f,-0.28748905911902767f,-0.8127011668018004f,-0.2869538628651633f,0.33881589460991746f,-0.8004518569462739f,0.4944498096581135f,4.741812103206439f,-0.792677068669097f,-0.5259532922210103f,-0.30827941742524523f,1.2957370842985434f,0f,0f,0f,1f], start_interpolation: 0, interpolation_duration: 1 }
$data merge entity $(bone_rightmidfinger) { transformation: [0.5068203373640895f,-0.28748905911902767f,-0.8127011668018004f,-0.4139384201779446f,0.33881589460991746f,-0.8004518569462739f,0.4944498096581135f,4.819069885965519f,-0.792677068669097f,-0.5259532922210103f,-0.30827941742524523f,1.2475684253258488f,0f,0f,0f,1f], start_interpolation: 0, interpolation_duration: 1 }
$data merge entity $(bone_rightringfinger) { transformation: [0.5068203373640895f,-0.28748905911902767f,-0.8127011668018004f,-0.5409229774907258f,0.33881589460991746f,-0.8004518569462739f,0.4944498096581135f,4.8963276687246f,-0.792677068669097f,-0.5259532922210103f,-0.30827941742524523f,1.1993997663531544f,0f,0f,0f,1f], start_interpolation: 0, interpolation_duration: 1 }
$data merge entity $(bone_hugeasssword) { transformation: [1.9850463213426839f,-1.1259988148828584f,-3.183079569973718f,-0.5942603316925552f,1.3270289205555101f,-3.135103106372906f,1.9365950878276115f,4.558754352241641f,-3.104651852287297f,-2.0599837278656237f,-1.2074277182488773f,1.3561058751059543f,0f,0f,0f,1f], start_interpolation: 0, interpolation_duration: 1 }
$data merge entity $(bone_ice) { transformation: [0.5068203373640895f,-0.28748905911902767f,-0.8127011668018004f,-0.5976873829151343f,0.33881589460991746f,-0.8004518569462739f,0.4944498096581135f,4.565967414153146f,-0.792677068669097f,-0.5259532922210103f,-0.30827941742524523f,1.3767094744948623f,0f,0f,0f,1f], start_interpolation: 0, interpolation_duration: 1 }
$data merge entity $(bone_righthand1) { transformation: [0.5068203373640895f,-0.28748905911902767f,-0.8127011668018004f,-0.5682514748164251f,0.33881589460991746f,-0.8004518569462739f,0.4944498096581135f,4.466009980120873f,-0.792677068669097f,-0.5259532922210103f,-0.30827941742524523f,1.0374181524777966f,0f,0f,0f,1f], start_interpolation: 0, interpolation_duration: 1 }
$data merge entity $(bone_rightforearm) { transformation: [0.5791810413368962f,-0.16529727609911438f,-0.7982644498348418f,-0.713254358221917f,0.6995343160980788f,-0.4020144155003259f,0.5907928150638985f,4.116806364220242f,-0.41857025928403285f,-0.9005893738236894f,-0.11720801081305285f,0.4454696298511591f,0f,0f,0f,1f], start_interpolation: 0, interpolation_duration: 1 }
$data merge entity $(bone_rightelbow) { transformation: [0.5791810413368962f,-0.16529727609911438f,-0.7982644498348418f,-0.744247597490501f,0.6995343160980788f,-0.4020144155003259f,0.5907928150638985f,4.0414286613139305f,-0.41857025928403285f,-0.9005893738236894f,-0.11720801081305285f,0.27660912225921735f,0f,0f,0f,1f], start_interpolation: 0, interpolation_duration: 1 }
$data merge entity $(bone_rightarm) { transformation: [0.6275537561626066f,0.6883460853396797f,-0.3638075726586007f,-0.577845583012879f,0.6319550818333872f,-0.7232786514499276f,-0.27838959553426557f,3.6279514359071987f,-0.4547626388250923f,-0.055205607996954925f,-0.8889000411601549f,0.4204491666988386f,0f,0f,0f,1f], start_interpolation: 0, interpolation_duration: 1 }
$data merge entity $(bone_chest1) { transformation: [-1.0723296430455114f,-0.036612903182830746f,0.14959860653602905f,0.16542656128275915f,-0.010100798959328045f,1.06673000330981f,0.18866951266738227f,3.379779052751431f,-0.15368220982722824f,0.18535831912889408f,-1.0562363291533963f,0.27056703041187835f,0f,0f,0f,1f], start_interpolation: 0, interpolation_duration: 1 }
$data merge entity $(bone_chest1lid) { transformation: [-0.989842747426626f,-0.03379652601492069f,0.13809102141787297f,-0.20347183232481295f,-0.00932381442399512f,0.9846738492090553f,0.1741564732314298f,2.635470122851666f,-0.14186050137897993f,0.17109998688820993f,-0.9749873807569813f,0.48672531610957376f,0f,0f,0f,1f], start_interpolation: 0, interpolation_duration: 1 }
$data merge entity $(bone_chest2) { transformation: [-0.989842747426626f,-0.03379652601492069f,0.13809102141787297f,-0.19819112513498158f,-0.00932381442399512f,0.9846738492090553f,0.1741564732314298f,2.481614833912751f,-0.14186050137897993f,0.17109998688820993f,-0.9749873807569813f,0.459990943158291f,0f,0f,0f,1f], start_interpolation: 0, interpolation_duration: 1 }
$data merge entity $(bone_chest1lid3) { transformation: [-0.989842747426626f,-0.03379652601492069f,0.13809102141787297f,-0.05314210001482396f,-0.00932381442399512f,0.9846738492090553f,0.1741564732314298f,2.7476218519170503f,-0.14186050137897993f,0.17109998688820993f,-0.9749873807569813f,-0.12900969335168108f,0f,0f,0f,1f], start_interpolation: 0, interpolation_duration: 1 }
$data merge entity $(bone_chest3) { transformation: [-0.989842747426626f,-0.03379652601492069f,0.13809102141787297f,-0.047861392824992605f,-0.00932381442399512f,0.9846738492090553f,0.1741564732314298f,2.5937665629781352f,-0.14186050137897993f,0.17109998688820993f,-0.9749873807569813f,-0.1557440663029639f,0f,0f,0f,1f], start_interpolation: 0, interpolation_duration: 1 }
$data merge entity $(bone_hugeasssword2) { transformation: [-0.5408565005533367f,2.7689110887376085f,-2.7167781297435547f,-1.0567406412861828f,-0.6821128534897666f,2.6324318018791435f,2.8187413221750512f,4.556948695667616f,3.8187005746315106f,0.862387365920336f,0.11870859357155689f,0.03601093927228782f,0f,0f,0f,1f], start_interpolation: 0, interpolation_duration: 1 }
$data merge entity $(bone_belt) { transformation: [-0.989842747426626f,-0.03379652601492069f,0.13809102141787297f,0.19251569745576994f,-0.00932381442399512f,0.9846738492090553f,0.1741564732314298f,2.965055030780043f,-0.14186050137897993f,0.17109998688820993f,-0.9749873807569813f,0.3345846727777805f,0f,0f,0f,1f], start_interpolation: 0, interpolation_duration: 1 }
$data merge entity $(bone_torn_part) { transformation: [-0.9948078991947746f,-0.01601686711882775f,0.1005022570262825f,0.0729474295219309f,0.022828963513028815f,0.9272510198757321f,0.3737437418396936f,2.683001201607224f,-0.09917702417697324f,0.3740975890153699f,-0.9220709906337404f,0.27842494606917667f,0f,0f,0f,1f], start_interpolation: 0, interpolation_duration: 1 }
$data merge entity $(bone_lowerbody) { transformation: [-0.9948078991947746f,0.014946053881964284f,0.10066707094694152f,0.14864245370370407f,0.022828963513028815f,0.9967219259536905f,0.07761598255570056f,2.1831764351851843f,-0.09917702417697324f,0.07951111743978596f,-0.9918880481580956f,0.38877067129629594f,0f,0f,0f,1f], start_interpolation: 0, interpolation_duration: 1 }
$data merge entity $(bone_leftfoot) { transformation: [-0.9507541087447093f,-0.2285479049625659f,-0.20936207832908882f,0.9602925118149008f,-0.25548276537874076f,0.9603189687572048f,0.11187508587496173f,0.16942791678731006f,0.17548555866362606f,0.15985410029874317f,-0.9714172560327485f,0.1688073122294464f,0f,0f,0f,1f], start_interpolation: 0, interpolation_duration: 1 }
$data merge entity $(bone_leftlowerleg) { transformation: [-0.9507541087447093f,-0.2285479049625659f,-0.20936207832908882f,0.738914747123226f,-0.25548276537874076f,0.9603189687572048f,0.11187508587496173f,1.217592655261147f,0.17548555866362606f,0.15985410029874317f,-0.9714172560327485f,0.4953994661873013f,0f,0f,0f,1f], start_interpolation: 0, interpolation_duration: 1 }
$data merge entity $(bone_leftleg) { transformation: [-0.9566059004590203f,-0.2913843612761931f,0.0005524587333791686f,0.4052130109449743f,-0.28086938021186836f,0.9215774773229477f,-0.26796892459849275f,2.1833451522178224f,0.07757282041016755f,-0.2564958231526133f,-0.9634273974923462f,0.2481054944312968f,0f,0f,0f,1f], start_interpolation: 0, interpolation_duration: 1 }
$data merge entity $(bone_rightfoot) { transformation: [-0.9914901248512225f,0.05941572641317535f,0.115832222534586f,-0.07743956714457462f,0.10780370590634976f,0.8735213229625464f,0.4746987037296611f,0.40068798194320954f,-0.0729773479606131f,0.4831462198802324f,-0.8724930010607981f,0.09035704674481115f,0f,0f,0f,1f], start_interpolation: 0, interpolation_duration: 1 }
$data merge entity $(bone_rightlowerleg) { transformation: [-0.9914901248512225f,0.05941572641317535f,0.115832222534586f,-0.02932235988142376f,0.10780370590634976f,0.8735213229625464f,0.4746987037296611f,1.2968153205835509f,-0.0729773479606131f,0.4831462198802324f,-0.8724930010607981f,0.7604021168805559f,0f,0f,0f,1f], start_interpolation: 0, interpolation_duration: 1 }
$data merge entity $(bone_rightleg) { transformation: [-0.9957800584252825f,-0.08910247699484333f,-0.021973252738827706f,-0.09874553363329983f,-0.0637309848520979f,0.8436873522644025f,-0.53303847253164f,2.1833416275855297f,0.06603360365997497f,-0.5293887042830302f,-0.8458056295421612f,0.2083557655639675f,0f,0f,0f,1f], start_interpolation: 0, interpolation_duration: 1 }
data modify entity @s data merge value {"locators":{"lefthand":{"posx":-0.29006789060646965,"posy":3.725845905383656,"posz":0.7029314636740693,"roty":200.22746912720064,"rotx":-3.255049983778604},"righthand":{"posx":-0.532982504007238,"posy":4.602512686261703,"posz":1.3154308853953571,"roty":290.7730841087786,"rotx":29.633476706670756},"chest":{"posx":-0.2538688574025051,"posy":2.546424689132939,"posz":0.6239402045042459,"roty":8.061391658957405,"rotx":10.029573809862846},"sack":{"posx":0,"posy":-0.4375,"posz":0,"roty":0,"rotx":0}},"cameras":{}}