# This file was generated by Animated Java via MC-Build. It is not recommended to edit this file directly.
$data merge entity $(bone_nose) { transformation: [-0.9872394217940854f,0.06739036999451942f,-0.1442804979464705f,-0.06922022889258082f,0.00005311172558727494f,0.906179267916645f,0.4228937592081464f,4.126145627988036f,0.15924296290519185f,0.4174897273347632f,-0.8946194757186549f,0.3795473553211067f,0f,0f,0f,1f], start_interpolation: 0, interpolation_duration: 1 }
$data merge entity $(bone_glowing_eye) { transformation: [-0.9872394217940854f,0.06739036999451942f,-0.1442804979464705f,-0.183027522870303f,0.00005311172558727494f,0.906179267916645f,0.4228937592081464f,4.172750824062075f,0.15924296290519185f,0.4174897273347632f,-0.8946194757186549f,0.4589384780712287f,0f,0f,0f,1f], start_interpolation: 0, interpolation_duration: 1 }
$data merge entity $(bone_head) { transformation: [-0.9872394217940854f,0.06739036999451942f,-0.1442804979464705f,-0.10455862582756416f,0.00005311172558727494f,0.906179267916645f,0.4228937592081464f,4.093442414676423f,0.15924296290519185f,0.4174897273347632f,-0.8946194757186549f,0.1604750585195115f,0f,0f,0f,1f], start_interpolation: 0, interpolation_duration: 1 }
$data merge entity $(bone_leftthumb2) { transformation: [-0.19568129507453497f,0.8914595860136302f,0.4086669025775882f,-0.023908589154843063f,-0.8326885270239843f,-0.37116333555156733f,0.41093502564865625f,3.577165323176146f,0.5180141385334767f,-0.2598799431403697f,0.8149378917640158f,0.9699426117478024f,0f,0f,0f,1f], start_interpolation: 0, interpolation_duration: 1 }
$data merge entity $(bone_leftthumb) { transformation: [-0.19568129507453497f,0.8914595860136302f,0.4086669025775882f,0.22963884019512892f,-0.8326885270239843f,-0.37116333555156733f,0.41093502564865625f,3.521257778811511f,0.5180141385334767f,-0.2598799431403697f,0.8149378917640158f,0.9758515596776236f,0f,0f,0f,1f], start_interpolation: 0, interpolation_duration: 1 }
$data merge entity $(bone_leftpointerfinger) { transformation: [-0.19568129507453497f,0.8914595860136302f,0.4086669025775882f,-0.022312433758491804f,-0.8326885270239843f,-0.37116333555156733f,0.41093502564865625f,3.7533836352598984f,0.5180141385334767f,-0.2598799431403697f,0.8149378917640158f,1.0426670832948965f,0f,0f,0f,1f], start_interpolation: 0, interpolation_duration: 1 }
$data merge entity $(bone_leftmidfinger) { transformation: [-0.19568129507453497f,0.8914595860136302f,0.4086669025775882f,0.041541769769256345f,-0.8326885270239843f,-0.37116333555156733f,0.41093502564865625f,3.8175922330175007f,0.5180141385334767f,-0.2598799431403697f,0.8149378917640158f,1.170001128883024f,0f,0f,0f,1f], start_interpolation: 0, interpolation_duration: 1 }
$data merge entity $(bone_leftringfinger) { transformation: [-0.19568129507453497f,0.8914595860136302f,0.4086669025775882f,0.1053959732970045f,-0.8326885270239843f,-0.37116333555156733f,0.41093502564865625f,3.881800830775103f,0.5180141385334767f,-0.2598799431403697f,0.8149378917640158f,1.2973351744711514f,0f,0f,0f,1f], start_interpolation: 0, interpolation_duration: 1 }
$data merge entity $(bone_invisibility) { transformation: [0.9236849805803751f,-0.3294159792848313f,0.19568129507453505f,0.02572987492972409f,-0.3339355996210824f,-0.4417203100020819f,0.8326885270239842f,3.543816827065428f,-0.18786450424691703f,-0.8344868365189952f,-0.5180141385334763f,1.08590355637132f,0f,0f,0f,1f], start_interpolation: 0, interpolation_duration: 1 }
$data merge entity $(bone_swiftness) { transformation: [0.40866690257758814f,0.8914595860136302f,0.19568129507453505f,-0.028555445515266523f,0.4109350256486561f,-0.37116333555156733f,0.8326885270239844f,3.627759902750465f,0.8149378917640159f,-0.2598799431403697f,-0.5180141385334764f,1.300876335981326f,0f,0f,0f,1f], start_interpolation: 0, interpolation_duration: 1 }
$data merge entity $(bone_suspicious_stew) { transformation: [0.9806468606309174f,0.006369104542947646f,0.19568129507453513f,0.06056775106863295f,-0.1627195750448777f,-0.5292940174041658f,0.8326885270239845f,3.6382654257285307f,0.10887641908117976f,-0.8484145670882131f,-0.5180141385334768f,1.2508862834117778f,0f,0f,0f,1f], start_interpolation: 0, interpolation_duration: 1 }
$data merge entity $(bone_log) { transformation: [-0.19568129507453497f,0.8914595860136302f,0.4086669025775882f,0.1728113389654235f,-0.8326885270239843f,-0.37116333555156733f,0.41093502564865625f,3.5330680387033673f,0.5180141385334767f,-0.2598799431403697f,0.8149378917640158f,1.3051653296831833f,0f,0f,0f,1f], start_interpolation: 0, interpolation_duration: 1 }
$data merge entity $(bone_planks) { transformation: [-0.19568129507453497f,0.8914595860136302f,0.4086669025775882f,0.15446621755218587f,-0.8326885270239843f,-0.37116333555156733f,0.41093502564865625f,3.4550034892948687f,0.5180141385334767f,-0.2598799431403697f,0.8149378917640158f,1.3537291551706967f,0f,0f,0f,1f], start_interpolation: 0, interpolation_duration: 1 }
$data merge entity $(bone_lefthand1) { transformation: [-0.19568129507453497f,0.8914595860136302f,0.4086669025775882f,0.4318257185319152f,-0.8326885270239843f,-0.37116333555156733f,0.41093502564865625f,3.635607617019951f,0.5180141385334767f,-0.2598799431403697f,0.8149378917640158f,1.0852250001470962f,0f,0f,0f,1f], start_interpolation: 0, interpolation_duration: 1 }
$data merge entity $(bone_leftforearm) { transformation: [-0.7172197708786113f,0.591663111399873f,0.3681447580360934f,0.7965001998895647f,-0.5509040646779402f,-0.15790544987237698f,-0.8194941002972053f,3.4668600914053225f,-0.4267323655198375f,-0.790569814443496f,0.4392025235681374f,0.4843364505312515f,0f,0f,0f,1f], start_interpolation: 0, interpolation_duration: 1 }
$data merge entity $(bone_leftelbow) { transformation: [-0.7172197708786113f,0.591663111399873f,0.3681447580360934f,0.9074370332770408f,-0.5509040646779402f,-0.15790544987237698f,-0.8194941002972053f,3.437252819554252f,-0.4267323655198375f,-0.790569814443496f,0.4392025235681374f,0.336104610323096f,0f,0f,0f,1f], start_interpolation: 0, interpolation_duration: 1 }
$data merge entity $(bone_leftarm) { transformation: [-0.7134782745207698f,-0.30438602866406617f,0.6311084671757963f,0.5592996925774685f,-0.6157159105923488f,0.7022681086644404f,-0.35737014564216785f,3.6222102233961575f,-0.33442887021054224f,-0.6435593594276972f,-0.6884683592313539f,0.060077003594100065f,0f,0f,0f,1f], start_interpolation: 0, interpolation_duration: 1 }
$data merge entity $(bone_rightthumb2) { transformation: [-0.8418405854000347f,-0.2498876892137877f,0.4783937411303788f,-0.14851386739675773f,-0.1824266570449839f,-0.702458722123376f,-0.6879478603151445f,4.181672121994478f,0.507961557179988f,-0.6664142003980612f,0.5457720860717361f,1.0011131147720773f,0f,0f,0f,1f], start_interpolation: 0, interpolation_duration: 1 }
$data merge entity $(bone_rightthumb) { transformation: [-0.8418405854000347f,-0.2498876892137877f,0.4783937411303788f,-0.16891461588612072f,-0.1824266570449839f,-0.702458722123376f,-0.6879478603151445f,3.9506090845612545f,0.507961557179988f,-0.6664142003980612f,0.5457720860717361f,0.8843203482764311f,0f,0f,0f,1f], start_interpolation: 0, interpolation_duration: 1 }
$data merge entity $(bone_rightpointerfinger) { transformation: [-0.8418405854000347f,-0.2498876892137877f,0.4783937411303788f,-0.1565718252754889f,-0.1824266570449839f,-0.702458722123376f,-0.6879478603151445f,4.1289028811914195f,0.507961557179988f,-0.6664142003980612f,0.5457720860717361f,1.1841288696332188f,0f,0f,0f,1f], start_interpolation: 0, interpolation_duration: 1 }
$data merge entity $(bone_rightmidfinger) { transformation: [-0.8418405854000347f,-0.2498876892137877f,0.4783937411303788f,-0.08182280322386723f,-0.1824266570449839f,-0.702458722123376f,-0.6879478603151445f,4.021411028017178f,0.507961557179988f,-0.6664142003980612f,0.5457720860717361f,1.2694057580819276f,0f,0f,0f,1f], start_interpolation: 0, interpolation_duration: 1 }
$data merge entity $(bone_rightringfinger) { transformation: [-0.8418405854000347f,-0.2498876892137877f,0.4783937411303788f,-0.007073781172245525f,-0.1824266570449839f,-0.702458722123376f,-0.6879478603151445f,3.913919174842937f,0.507961557179988f,-0.6664142003980612f,0.5457720860717361f,1.3546826465306363f,0f,0f,0f,1f], start_interpolation: 0, interpolation_duration: 1 }
$data merge entity $(bone_hugeasssword) { transformation: [-3.2972089594834695f,-0.9787267827540019f,1.873708819427317f,0.0835577631963042f,-0.7145044067595203f,-2.7512966616498895f,-2.694462452900983f,3.9379303661808653f,1.9895160989549532f,-2.6101222848924066f,2.1376073371143f,0.9905853961552662f,0f,0f,0f,1f], start_interpolation: 0, interpolation_duration: 1 }
$data merge entity $(bone_ice) { transformation: [-0.8418405854000347f,-0.2498876892137877f,0.4783937411303788f,0.10061601748714516f,-0.1824266570449839f,-0.702458722123376f,-0.6879478603151445f,3.951756700230371f,0.507961557179988f,-0.6664142003980612f,0.5457720860717361f,0.9930612187055485f,0f,0f,0f,1f], start_interpolation: 0, interpolation_duration: 1 }
$data merge entity $(bone_righthand1) { transformation: [-0.8418405854000347f,-0.2498876892137877f,0.4783937411303788f,-0.1573662467559861f,-0.1824266570449839f,-0.702458722123376f,-0.6879478603151445f,3.709036984803433f,0.507961557179988f,-0.6664142003980612f,0.5457720860717361f,0.970503435590772f,0f,0f,0f,1f], start_interpolation: 0, interpolation_duration: 1 }
$data merge entity $(bone_rightforearm) { transformation: [-0.5422198272798456f,-0.8219789665123726f,0.17420745539690907f,-0.6927379281310907f,0.355777098492628f,-0.41242855641786513f,-0.8386449439657064f,3.3915017939943186f,0.7611966336583348f,-0.39275089364930504f,0.5160682323539119f,0.6262933457313364f,0f,0f,0f,1f], start_interpolation: 0, interpolation_duration: 1 }
$data merge entity $(bone_rightelbow) { transformation: [-0.5422198272798456f,-0.8219789665123726f,0.17420745539690907f,-0.8468589843521606f,0.355777098492628f,-0.41242855641786513f,-0.8386449439657064f,3.314171439665969f,0.7611966336583348f,-0.39275089364930504f,0.5160682323539119f,0.5526525531720917f,0f,0f,0f,1f], start_interpolation: 0, interpolation_duration: 1 }
$data merge entity $(bone_rightarm) { transformation: [-0.5999832310498582f,-0.2503518929989757f,-0.7598315945858015f,-0.7545126357805847f,0.3947217764589537f,0.7334816659466783f,-0.5533528394335512f,3.548010678525422f,0.6958554746842625f,-0.6319245013385025f,-0.34125735590610334f,0.17834336034729445f,0f,0f,0f,1f], start_interpolation: 0, interpolation_duration: 1 }
$data merge entity $(bone_chest1) { transformation: [-1.0733765741616725f,-0.024667615661848344f,-0.14444843332352805f,-0.12518649099743756f,-0.05878214919918273f,1.0506724103489953f,0.257377652833474f,3.497533788471537f,0.13423300669949778f,0.2628499685754263f,-1.0423543087853675f,-0.10632510188926017f,0f,0f,0f,1f], start_interpolation: 0, interpolation_duration: 1 }
$data merge entity $(bone_chest1lid) { transformation: [-0.9908091453800054f,-0.02277010676478309f,-0.13333701537556436f,-0.395735788467748f,-0.054260445414630216f,0.969851455706765f,0.23757937184628375f,2.7231940316081027f,0.12390739079953643f,0.24263074022347048f,-0.96217320810957f,0.14667140201849294f,0f,0f,0f,1f], start_interpolation: 0, interpolation_duration: 1 }
$data merge entity $(bone_chest2) { transformation: [-0.9908091453800054f,-0.02277010676478309f,-0.13333701537556436f,-0.3921779592857506f,-0.054260445414630216f,0.969851455706765f,0.23757937184628375f,2.5716547416539206f,0.12390739079953643f,0.24263074022347048f,-0.96217320810957f,0.10876034885857568f,0f,0f,0f,1f], start_interpolation: 0, interpolation_duration: 1 }
$data merge entity $(bone_chest1lid3) { transformation: [-0.9908091453800054f,-0.02277010676478309f,-0.13333701537556436f,-0.4192292423564686f,-0.054260445414630216f,0.969851455706765f,0.23757937184628375f,2.8787845945355426f,0.12390739079953643f,0.24263074022347048f,-0.96217320810957f,-0.47746502135167135f,0f,0f,0f,1f], start_interpolation: 0, interpolation_duration: 1 }
$data merge entity $(bone_chest3) { transformation: [-0.9908091453800054f,-0.02277010676478309f,-0.13333701537556436f,-0.4156714131744712f,-0.054260445414630216f,0.969851455706765f,0.23757937184628375f,2.7272453045813605f,0.12390739079953643f,0.24263074022347048f,-0.96217320810957f,-0.5153760745115886f,0f,0f,0f,1f], start_interpolation: 0, interpolation_duration: 1 }
$data merge entity $(bone_hugeasssword2) { transformation: [0.5222366435542929f,2.800878311775253f,-2.687494622977677f,-1.4076599842595985f,-0.9305192063979445f,2.7229729767762945f,2.6570340517291764f,4.618943406644169f,3.7685117317624828f,0.2842122941584908f,1.0285039996011105f,0.07295068141444845f,0f,0f,0f,1f], start_interpolation: 0, interpolation_duration: 1 }
$data merge entity $(bone_belt) { transformation: [-0.9908091453800054f,-0.02277010676478309f,-0.13333701537556436f,-0.06692794729953183f,-0.054260445414630216f,0.969851455706765f,0.23757937184628375f,3.0818510186378267f,0.12390739079953643f,0.24263074022347048f,-0.96217320810957f,-0.08098992511098284f,0f,0f,0f,1f], start_interpolation: 0, interpolation_duration: 1 }
$data merge entity $(bone_torn_part) { transformation: [-0.990312855321379f,0.008814555623374708f,-0.138573995375683f,-0.18211064425912143f,-0.03965121369001767f,0.9384758018444699f,0.34306114703546353f,2.7926014701648683f,0.13307227298774876f,0.345232491173038f,-0.9290351431460127f,-0.11512275646242562f,0f,0f,0f,1f], start_interpolation: 0, interpolation_duration: 1 }
$data merge entity $(bone_lowerbody) { transformation: [-0.990312855321379f,-0.033263412958620626f,-0.13481095631869705f,-0.05020071289062478f,-0.03965121369001767f,0.9982007565842571f,0.04497811476179632f,2.3027458984374998f,0.13307227298774876f,0.04988782329347547f,-0.989849976132198f,-0.013279731445312429f,0f,0f,0f,1f], start_interpolation: 0, interpolation_duration: 1 }
$data merge entity $(bone_leftfoot) { transformation: [-0.9124581925320888f,-0.046595485821300645f,-0.40650818882545336f,0.6949259666155513f,-0.15763876268757498f,0.9568354502434667f,0.24416375991476108f,0.6306865428247015f,0.377584516869275f,0.28687067096247326f,-0.8804176002114775f,-0.0032579745692265516f,0f,0f,0f,1f], start_interpolation: 0, interpolation_duration: 1 }
$data merge entity $(bone_leftlowerleg) { transformation: [-0.9124581925320888f,-0.046595485821300645f,-0.40650818882545336f,0.7056923042722507f,-0.15763876268757498f,0.9568354502434667f,0.24416375991476108f,1.654661176944094f,0.377584516869275f,0.28687067096247326f,-0.8804176002114775f,0.4502614884752598f,0f,0f,0f,1f], start_interpolation: 0, interpolation_duration: 1 }
$data merge entity $(bone_leftleg) { transformation: [-0.8727866027203963f,-0.4783671711673985f,-0.09699688480095567f,0.17895211453383647f,-0.2529318351635454f,0.6132131196001522f,-0.7483282412892424f,2.286749232966403f,0.4174554262104999f,-0.6285972633567143f,-0.6561984818847569f,-0.1867070401650599f,0f,0f,0f,1f], start_interpolation: 0, interpolation_duration: 1 }
$data merge entity $(bone_rightfoot) { transformation: [-0.9967241351285933f,-0.07835867263837616f,-0.02002290874248011f,-0.025049058687816525f,-0.08064970398847046f,0.9815130372539391f,0.17357356638359311f,0.2220970821330357f,0.0060517517075626415f,0.1746198044979415f,-0.9846173369275857f,-0.3313930486797818f,0f,0f,0f,1f], start_interpolation: 0, interpolation_duration: 1 }
$data merge entity $(bone_rightlowerleg) { transformation: [-0.9967241351285933f,-0.07835867263837616f,-0.02002290874248011f,-0.10890177881795876f,-0.08064970398847046f,0.9815130372539391f,0.17357356638359311f,1.2842942887461382f,0.0060517517075626415f,0.1746198044979415f,-0.9846173369275857f,0.01360794305319657f,0f,0f,0f,1f], start_interpolation: 0, interpolation_duration: 1 }
$data merge entity $(bone_rightleg) { transformation: [-0.9627427640442476f,-0.23218297160141382f,-0.13862697421057457f,-0.3258260212533097f,-0.20121684744180215f,0.9575600853546874f,-0.20637457023845357f,2.301269734613601f,0.18066031823846868f,-0.17079154145876468f,-0.9686031688881234f,-0.1501831987918446f,0f,0f,0f,1f], start_interpolation: 0, interpolation_duration: 1 }
data modify entity @s data merge value {"locators":{"lefthand":{"posx":0.1151257598685716,"posy":3.6337088639260715,"posz":1.2641712201946984,"roty":153.36760872594016,"rotx":24.263585193915713},"righthand":{"posx":0.018123055544695177,"posy":3.9563793039830055,"posz":1.0425676477275212,"roty":138.76397995337072,"rotx":-43.4678829573614},"chest":{"posx":-0.40444153393564225,"posy":2.623760899856241,"posz":0.28571865048413186,"roty":352.11025649746125,"rotx":13.74371684574784},"sack":{"posx":0,"posy":-0.4375,"posz":0,"roty":0,"rotx":0}},"cameras":{}}