# This file was generated by Animated Java via MC-Build. It is not recommended to edit this file directly.
$data merge entity $(bone_nose) { transformation: [-0.8454214403140212f,0.5340838571848342f,0.004125742591965437f,0.1761325297827661f,0.5309014622874916f,0.841177861767879f,-0.10277860775775516f,4.182759040651844f,-0.05836287859906311f,-0.08470087582893499f,-0.9946957002196412f,0.7542037814995632f,0f,0f,0f,1f], start_interpolation: 0, interpolation_duration: 1 }
$data merge entity $(bone_glowing_eye) { transformation: [-0.8454214403140212f,0.5340838571848342f,0.004125742591965437f,0.10647269593993071f,0.5309014622874916f,0.841177861767879f,-0.10277860775775516f,4.309662823003929f,-0.05836287859906311f,-0.08470087582893499f,-0.9946957002196412f,0.7758840123304223f,0f,0f,0f,1f], start_interpolation: 0, interpolation_duration: 1 }
$data merge entity $(bone_head) { transformation: [-0.8454214403140212f,0.5340838571848342f,0.004125742591965437f,0.11095809003869511f,0.5309014622874916f,0.841177861767879f,-0.10277860775775516f,4.059647218765885f,-0.05836287859906311f,-0.08470087582893499f,-0.9946957002196412f,0.5784006376120542f,0f,0f,0f,1f], start_interpolation: 0, interpolation_duration: 1 }
$data merge entity $(bone_leftthumb2) { transformation: [-0.43317846482067324f,0.8902648722204067f,0.14065871784566822f,0.08141519128303581f,0.08229993296435512f,0.19447826201709859f,-0.9774481708187247f,2.839304047463478f,-0.8975428338801817f,-0.4118332950274795f,-0.15751253428581907f,0.9626481634899059f,0f,0f,0f,1f], start_interpolation: 0, interpolation_duration: 1 }
$data merge entity $(bone_leftthumb) { transformation: [-0.43317846482067324f,0.8902648722204067f,0.14065871784566822f,0.3117663165888451f,0.08229993296435512f,0.19447826201709859f,-0.9774481708187247f,2.803468105578465f,-0.8975428338801817f,-0.4118332950274795f,-0.15751253428581907f,0.8481885092353989f,0f,0f,0f,1f], start_interpolation: 0, interpolation_duration: 1 }
$data merge entity $(bone_leftpointerfinger) { transformation: [-0.43317846482067324f,0.8902648722204067f,0.14065871784566822f,0.07362042738030099f,0.08229993296435512f,0.19447826201709859f,-0.9774481708187247f,2.6848354876790004f,-0.8975428338801817f,-0.4118332950274795f,-0.15751253428581907f,1.0741066565772879f,0f,0f,0f,1f], start_interpolation: 0, interpolation_duration: 1 }
$data merge entity $(bone_leftmidfinger) { transformation: [-0.43317846482067324f,0.8902648722204067f,0.14065871784566822f,0.09559835204368664f,0.08229993296435512f,0.19447826201709859f,-0.9774481708187247f,2.5321092109885748f,-0.8975428338801817f,-0.4118332950274795f,-0.15751253428581907f,1.0494953230951285f,0f,0f,0f,1f], start_interpolation: 0, interpolation_duration: 1 }
$data merge entity $(bone_leftringfinger) { transformation: [-0.43317846482067324f,0.8902648722204067f,0.14065871784566822f,0.1175762767070723f,0.08229993296435512f,0.19447826201709859f,-0.9774481708187247f,2.379382934298149f,-0.8975428338801817f,-0.4118332950274795f,-0.15751253428581907f,1.0248839896129693f,0f,0f,0f,1f], start_interpolation: 0, interpolation_duration: 1 }
$data merge entity $(bone_invisibility) { transformation: [0.8991363606310667f,-0.06253177277771879f,0.43317846482067324f,0.08537660069285458f,0.10854799219048517f,0.9906785828034621f,-0.08229993296435531f,2.7520830403560224f,-0.4239942669217754f,0.12101951482219182f,0.8975428338801815f,0.8656953752775549f,0f,0f,0f,1f], start_interpolation: 0, interpolation_duration: 1 }
$data merge entity $(bone_swiftness) { transformation: [0.14065871784566814f,0.8902648722204067f,0.4331784648206733f,-0.03136806476000767f,-0.9774481708187247f,0.19447826201709859f,-0.08229993296435534f,2.5467623075257992f,-0.15751253428581927f,-0.4118332950274795f,0.8975428338801817f,0.8451841173227025f,0f,0f,0f,1f], start_interpolation: 0, interpolation_duration: 1 }
$data merge entity $(bone_suspicious_stew) { transformation: [0.8662989290531546f,0.24876210148847408f,0.43317846482067346f,0.07001894440358579f,-0.23683028361758537f,0.9680589536777584f,-0.0822999329643551f,2.5596953397954603f,-0.43981539568661193f,-0.031293434892342736f,0.897542833880182f,0.8554664608033771f,0f,0f,0f,1f], start_interpolation: 0, interpolation_duration: 1 }
$data merge entity $(bone_log) { transformation: [-0.43317846482067324f,0.8902648722204067f,0.14065871784566822f,0.1472849497532142f,0.08229993296435512f,0.19447826201709859f,-0.9774481708187247f,2.545902858255878f,-0.8975428338801817f,-0.4118332950274795f,-0.15751253428581907f,0.7124592582040272f,0f,0f,0f,1f], start_interpolation: 0, interpolation_duration: 1 }
$data merge entity $(bone_planks) { transformation: [-0.43317846482067324f,0.8902648722204067f,0.14065871784566822f,0.10667446867627609f,0.08229993296435512f,0.19447826201709859f,-0.9774481708187247f,2.553618476971286f,-0.8975428338801817f,-0.4118332950274795f,-0.15751253428581907f,0.6283146175277603f,0f,0f,0f,1f], start_interpolation: 0, interpolation_duration: 1 }
$data merge entity $(bone_lefthand1) { transformation: [-0.43317846482067324f,0.8902648722204067f,0.14065871784566822f,0.4737501990808071f,0.08229993296435512f,0.19447826201709859f,-0.9774481708187247f,2.604492695857149f,-0.8975428338801817f,-0.4118332950274795f,-0.15751253428581907f,0.8388089096136346f,0f,0f,0f,1f], start_interpolation: 0, interpolation_duration: 1 }
$data merge entity $(bone_leftforearm) { transformation: [-0.7466220671713644f,0.637155941240056f,0.19127936468750734f,0.8732434502759775f,0.20900557321599217f,0.49763712462421106f,-0.8418277511227586f,2.985681753905796f,-0.6315632661716584f,-0.5885487224845917f,-0.5047160014149955f,0.3816370316520874f,0f,0f,0f,1f], start_interpolation: 0, interpolation_duration: 1 }
$data merge entity $(bone_leftelbow) { transformation: [-0.7466220671713644f,0.637155941240056f,0.19127936468750734f,0.992710189258488f,0.20900557321599217f,0.49763712462421106f,-0.8418277511227586f,3.0789887147728354f,-0.6315632661716584f,-0.5885487224845917f,-0.5047160014149955f,0.2712841461862264f,0f,0f,0f,1f], start_interpolation: 0, interpolation_duration: 1 }
$data merge entity $(bone_leftarm) { transformation: [-0.7475788279428806f,-0.3614360664963119f,0.5572161751485886f,0.6021530100879294f,0.10828561929624506f,0.7614087884513985f,0.639164205445363f,3.334401563672542f,-0.6552862890868216f,0.5381641261777369f,-0.5300747613593532f,0.4126257144607541f,0f,0f,0f,1f], start_interpolation: 0, interpolation_duration: 1 }
$data merge entity $(bone_rightthumb2) { transformation: [-0.02798674044736227f,-0.8659078925663868f,-0.4994199274662259f,-0.5045230209612017f,-0.09551696384988868f,0.49964606028830016f,-0.8609473410466398f,2.7828821835863495f,0.9950342968842989f,0.023607965384986773f,-0.0966923574764327f,0.8559880615994319f,0f,0f,0f,1f], start_interpolation: 0, interpolation_duration: 1 }
$data merge entity $(bone_rightthumb) { transformation: [-0.02798674044736227f,-0.8659078925663868f,-0.4994199274662259f,-0.7595596157553588f,-0.09551696384988868f,0.49964606028830016f,-0.8609473410466398f,2.83184222512911f,0.9950342968842989f,0.023607965384986773f,-0.0966923574764327f,0.8535146509113173f,0f,0f,0f,1f], start_interpolation: 0, interpolation_duration: 1 }
$data merge entity $(bone_rightpointerfinger) { transformation: [-0.02798674044736227f,-0.8659078925663868f,-0.4994199274662259f,-0.5019049473434228f,-0.09551696384988868f,0.49964606028830016f,-0.8609473410466398f,2.6170917870643686f,0.9950342968842989f,0.023607965384986773f,-0.0966923574764327f,0.950067709234381f,0f,0f,0f,1f], start_interpolation: 0, interpolation_duration: 1 }
$data merge entity $(bone_rightmidfinger) { transformation: [-0.02798674044736227f,-0.8659078925663868f,-0.4994199274662259f,-0.5799393110100207f,-0.09551696384988868f,0.49964606028830016f,-0.8609473410466398f,2.482568765025831f,0.9950342968842989f,0.023607965384986773f,-0.0966923574764327f,0.9349595283786883f,0f,0f,0f,1f], start_interpolation: 0, interpolation_duration: 1 }
$data merge entity $(bone_rightringfinger) { transformation: [-0.02798674044736227f,-0.8659078925663868f,-0.4994199274662259f,-0.6579736746766185f,-0.09551696384988868f,0.49964606028830016f,-0.8609473410466398f,2.3480457429872934f,0.9950342968842989f,0.023607965384986773f,-0.0966923574764327f,0.9198513475229958f,0f,0f,0f,1f], start_interpolation: 0, interpolation_duration: 1 }
$data merge entity $(bone_hugeasssword) { transformation: [-0.10961473341883556f,-3.3914725792183487f,-1.9560613825760516f,-0.7405894373895775f,-0.37410810841206404f,1.956947069462509f,-3.3720437524326727f,2.6228833667483724f,3.897217662796838f,0.0924645310911982f,-0.37871173344936143f,0.6769597293231912f,0f,0f,0f,1f], start_interpolation: 0, interpolation_duration: 1 }
$data merge entity $(bone_ice) { transformation: [-0.02798674044736227f,-0.8659078925663868f,-0.4994199274662259f,-0.7266223337487376f,-0.09551696384988868f,0.49964606028830016f,-0.8609473410466398f,2.616568849616522f,0.9950342968842989f,0.023607965384986773f,-0.0966923574764327f,0.6610434439752335f,0f,0f,0f,1f], start_interpolation: 0, interpolation_duration: 1 }
$data merge entity $(bone_righthand1) { transformation: [-0.02798674044736227f,-0.8659078925663868f,-0.4994199274662259f,-0.9657028647354945f,-0.09551696384988868f,0.49964606028830016f,-0.8609473410466398f,2.6906965193184176f,0.9950342968842989f,0.023607965384986773f,-0.0966923574764327f,0.9126823733714164f,0f,0f,0f,1f], start_interpolation: 0, interpolation_duration: 1 }
$data merge entity $(bone_rightforearm) { transformation: [-0.46580455504003515f,-0.24144223827644617f,-0.8513117889939115f,-1.1182781494003233f,0.012042464807956739f,0.9602376446785175f,-0.2789240842659562f,3.366915058167922f,0.8848056823649495f,-0.14017600122101076f,-0.4443755091545698f,0.7639888769775668f,0f,0f,0f,1f], start_interpolation: 0, interpolation_duration: 1 }
$data merge entity $(bone_rightelbow) { transformation: [-0.46580455504003515f,-0.24144223827644617f,-0.8513117889939115f,-1.163548569077157f,0.012042464807956739f,0.9602376446785175f,-0.2789240842659562f,3.546959616545144f,0.8848056823649495f,-0.14017600122101076f,-0.4443755091545698f,0.7377058767486273f,0f,0f,0f,1f], start_interpolation: 0, interpolation_duration: 1 }
$data merge entity $(bone_rightarm) { transformation: [-0.41590423234448226f,0.7846340316482711f,-0.4597533098274839f,-0.7344126985148096f,0.09529880729554605f,0.5403722296734321f,0.8360119560902284f,3.686422357450676f,0.9044013527444512f,0.3038869687517766f,-0.29951778474218094f,0.6736704704801507f,0f,0f,0f,1f], start_interpolation: 0, interpolation_duration: 1 }
$data merge entity $(bone_chest1) { transformation: [-1.0357512422885335f,0.28732631545249976f,-0.13518159511324276f,-0.10129556228497963f,0.2409678599124314f,1.011563486596763f,0.30378432182147647f,3.459142512056265f,0.20679691897630625f,0.26037283296035735f,-1.0310441955945515f,0.4037724715987614f,0f,0f,0f,1f], start_interpolation: 0, interpolation_duration: 1 }
$data merge entity $(bone_chest1lid) { transformation: [-0.9560780698048003f,0.26522429118692287f,-0.12478301087376256f,-0.5601636761352459f,0.22243187068839823f,0.9337509107047044f,0.2804162970659783f,2.7871829241313253f,0.19088946367043655f,0.24034415350186833f,-0.9517331036257399f,0.6771158064320635f,0f,0f,0f,1f], start_interpolation: 0, interpolation_duration: 1 }
$data merge entity $(bone_chest2) { transformation: [-0.9560780698048003f,0.26522429118692287f,-0.12478301087376256f,-0.6016049716332026f,0.22243187068839823f,0.9337509107047044f,0.2804162970659783f,2.641284344333715f,0.19088946367043655f,0.24034415350186833f,-0.9517331036257399f,0.6395620324473965f,0f,0f,0f,1f], start_interpolation: 0, interpolation_duration: 1 }
$data merge entity $(bone_chest1lid3) { transformation: [-0.9560780698048003f,0.26522429118692287f,-0.12478301087376256f,-0.58034791311345f,0.22243187068839823f,0.9337509107047044f,0.2804162970659783f,2.952922622521193f,0.19088946367043655f,0.24034415350186833f,-0.9517331036257399f,0.05548119544242143f,0f,0f,0f,1f], start_interpolation: 0, interpolation_duration: 1 }
$data merge entity $(bone_chest3) { transformation: [-0.9560780698048003f,0.26522429118692287f,-0.12478301087376256f,-0.6217892086114067f,0.22243187068839823f,0.9337509107047044f,0.2804162970659783f,2.8070240427235826f,0.19088946367043655f,0.24034415350186833f,-0.9517331036257399f,0.0179274214577545f,0f,0f,0f,1f], start_interpolation: 0, interpolation_duration: 1 }
$data merge entity $(bone_hugeasssword2) { transformation: [0.4887334592555693f,3.462637372557418f,-1.7639613968991827f,-1.0045522710651638f,-1.0982971635084147f,1.828452727994079f,3.2849325320161693f,4.890912745524527f,3.727621322534149f,0.08473975122364966f,1.1991397867342648f,0.6656864187782239f,0f,0f,0f,1f], start_interpolation: 0, interpolation_duration: 1 }
$data merge entity $(bone_belt) { transformation: [-0.9560780698048003f,0.26522429118692287f,-0.12478301087376256f,-0.15998596063430343f,0.22243187068839823f,0.9337509107047044f,0.2804162970659783f,3.04337010269027f,0.19088946367043655f,0.24034415350186833f,-0.9517331036257399f,0.4265064766221961f,0f,0f,0f,1f], start_interpolation: 0, interpolation_duration: 1 }
$data merge entity $(bone_torn_part) { transformation: [-0.9803197481832965f,0.18045571162614787f,-0.08005577720151494f,-0.3417152972398728f,0.12178732489694125f,0.8719654661508109f,0.4741772594029008f,2.789072362205128f,0.15537386786807145f,0.45509555258417933f,-0.8767821845828161f,0.3816543555943787f,0f,0f,0f,1f], start_interpolation: 0, interpolation_duration: 1 }
$data merge entity $(bone_lowerbody) { transformation: [-0.9803197481832965f,0.1480304345488736f,-0.1306146307620616f,-0.29989375000000007f,0.12178732489694125f,0.9741960974306021f,0.19002581731288984f,2.274775f,0.15537386786807145f,0.17037885490358406f,-0.9730519035413571f,0.42012375f,0f,0f,0f,1f], start_interpolation: 0, interpolation_duration: 1 }
$data merge entity $(bone_leftfoot) { transformation: [-0.8846547010467288f,-0.001301567812676624f,-0.4662449633370333f,0.39433983933630834f,-0.1733107944962562f,0.9292613705234398f,0.3262463390813374f,0.44509201199611814f,0.4328388018962708f,0.3694206425934094f,-0.8223010156863928f,0.04344866904337363f,0f,0f,0f,1f], start_interpolation: 0, interpolation_duration: 1 }
$data merge entity $(bone_leftlowerleg) { transformation: [-0.8846547010467288f,-0.001301567812676624f,-0.4662449633370333f,0.4645324113391408f,-0.1733107944962562f,0.9292613705234398f,0.3262463390813374f,1.4258650222484452f,0.4328388018962708f,0.3694206425934094f,-0.8223010156863928f,0.5796176479137077f,0f,0f,0f,1f], start_interpolation: 0, interpolation_duration: 1 }
$data merge entity $(bone_leftleg) { transformation: [-0.8090878926916966f,-0.5047724442428084f,-0.30096770828919567f,-0.08731458090575861f,-0.28804946074458704f,0.7870038851915702f,-0.5455752861504328f,2.240704220096601f,0.5122541264494238f,-0.35472477250188594f,-0.7821547453726934f,0.23603090176117877f,0f,0f,0f,1f], start_interpolation: 0, interpolation_duration: 1 }
$data merge entity $(bone_rightfoot) { transformation: [-0.9908539493325613f,0.04023600733414762f,0.12880029039513924f,-0.5673822905600377f,0.06449081260516609f,0.9796457820670158f,0.1900922848719273f,0.26070024582403395f,-0.11853010664633318f,0.19666012659436338f,-0.9732807449170551f,0.2355380259588623f,0f,0f,0f,1f], start_interpolation: 0, interpolation_duration: 1 }
$data merge entity $(bone_rightlowerleg) { transformation: [-0.9908539493325613f,0.04023600733414762f,0.12880029039513924f,-0.5425350710416604f,0.06449081260516609f,0.9796457820670158f,0.1900922848719273f,1.3182879373878043f,-0.11853010664633318f,0.19666012659436338f,-0.9732807449170551f,0.6032481822527307f,0f,0f,0f,1f], start_interpolation: 0, interpolation_duration: 1 }
$data merge entity $(bone_rightleg) { transformation: [-0.9981765781125561f,-0.04367836375491689f,-0.04166196643463918f,-0.5622754503381332f,-0.02874896204045806f,0.9509077966203533f,-0.3081361054927205f,2.323033666438387f,0.053075569606968395f,-0.30637650508209313f,-0.9504295981526343f,0.2971000325044468f,0f,0f,0f,1f], start_interpolation: 0, interpolation_duration: 1 }
data modify entity @s data merge value {"locators":{"lefthand":{"posx":0.11614569522159451,"posy":2.5382662529894264,"posz":0.831239508402532,"roty":41.76485876920074,"rotx":-77.80875412064778},"righthand":{"posx":-0.7079128434776683,"posy":2.613259466767444,"posz":0.7554698529345654,"roty":280.95742828664294,"rotx":-59.4231172596603},"chest":{"posx":-0.5871202885668032,"posy":2.6919594417547343,"posz":0.8167678900194197,"roty":352.530479431475,"rotx":16.285052181475685},"sack":{"posx":0,"posy":-0.4375,"posz":0,"roty":0,"rotx":0}},"cameras":{}}