# This file was generated by Animated Java via MC-Build. It is not recommended to edit this file directly.
$data merge entity $(bone_nose) { transformation: [-0.984879406937052f,0.13496393882688096f,-0.1086153258414986f,-0.03438197990239965f,0.07738116744541283f,0.9036560615392655f,0.4212100157500154f,4.092845711161893f,0.1549990603716873f,0.4064362897917424f,-0.9004359131133193f,0.3678455363833567f,0f,0f,0f,1f], start_interpolation: 0, interpolation_duration: 1 }
$data merge entity $(bone_glowing_eye) { transformation: [-0.984879406937052f,0.13496393882688096f,-0.1086153258414986f,-0.14456355084913056f,0.07738116744541283f,0.9036560615392655f,0.4212100157500154f,4.149004827908422f,0.1549990603716873f,0.4064362897917424f,-0.9004359131133193f,0.4461607320041081f,0f,0f,0f,1f], start_interpolation: 0, interpolation_duration: 1 }
$data merge entity $(bone_head) { transformation: [-0.984879406937052f,0.13496393882688096f,-0.1086153258414986f,-0.07138566814688385f,0.07738116744541283f,0.9036560615392655f,0.4212100157500154f,4.060138766107487f,0.1549990603716873f,0.4064362897917424f,-0.9004359131133193f,0.14904892652324345f,0f,0f,0f,1f], start_interpolation: 0, interpolation_duration: 1 }
$data merge entity $(bone_leftthumb2) { transformation: [-0.252859786498569f,0.7895779285444515f,0.5591320265620203f,0.025705944157591365f,-0.7976697372217153f,-0.4971852516596465f,0.3413646376717632f,3.650688409701039f,0.5475261808284039f,-0.35968530730012827f,0.7555405753630141f,1.066279545058816f,0f,0f,0f,1f], start_interpolation: 0, interpolation_duration: 1 }
$data merge entity $(bone_leftthumb) { transformation: [-0.252859786498569f,0.7895779285444515f,0.5591320265620203f,0.2671260344585779f,-0.7976697372217153f,-0.4971852516596465f,0.3413646376717632f,3.557929624144733f,0.5475261808284039f,-0.35968530730012827f,0.7555405753630141f,1.0426360298023492f,0f,0f,0f,1f], start_interpolation: 0, interpolation_duration: 1 }
$data merge entity $(bone_leftpointerfinger) { transformation: [-0.252859786498569f,0.7895779285444515f,0.5591320265620203f,0.06191162954830537f,-0.7976697372217153f,-0.4971852516596465f,0.3413646376717632f,3.824315129745043f,0.5475261808284039f,-0.35968530730012827f,0.7555405753630141f,1.1361880597022385f,0f,0f,0f,1f], start_interpolation: 0, interpolation_duration: 1 }
$data merge entity $(bone_leftmidfinger) { transformation: [-0.252859786498569f,0.7895779285444515f,0.5591320265620203f,0.14927600869862104f,-0.7976697372217153f,-0.4971852516596465f,0.3413646376717632f,3.8776533543812564f,0.5475261808284039f,-0.35968530730012827f,0.7555405753630141f,1.2542412746027094f,0f,0f,0f,1f], start_interpolation: 0, interpolation_duration: 1 }
$data merge entity $(bone_leftringfinger) { transformation: [-0.252859786498569f,0.7895779285444515f,0.5591320265620203f,0.2366403878489367f,-0.7976697372217153f,-0.4971852516596465f,0.3413646376717632f,3.930991579017469f,0.5475261808284039f,-0.35968530730012827f,0.7555405753630141f,1.3722944895031803f,0f,0f,0f,1f], start_interpolation: 0, interpolation_duration: 1 }
$data merge entity $(bone_invisibility) { transformation: [0.8353049132152616f,-0.48818810957492853f,0.2528597864985691f,0.08338762968430996f,-0.46554142312868246f,-0.3833981920561981f,0.7976697372217152f,3.609704772188455f,-0.2924668960921314f,-0.7840141554829838f,-0.5475261808284035f,1.1758979951415183f,0f,0f,0f,1f], start_interpolation: 0, interpolation_duration: 1 }
$data merge entity $(bone_swiftness) { transformation: [0.5591320265620202f,0.7895779285444515f,0.2528597864985691f,0.06813298114454758f,0.34136463767176306f,-0.4971852516596465f,0.7976697372217154f,3.699492782195313f,0.7555405753630142f,-0.35968530730012827f,-0.5475261808284037f,1.3947861878369399f,0f,0f,0f,1f], start_interpolation: 0, interpolation_duration: 1 }
$data merge entity $(bone_suspicious_stew) { transformation: [0.9519000302612998f,-0.17305565798446376f,0.25285978649856916f,0.15121341926416762f,-0.30633593538632986f,-0.5195009961603755f,0.7976697372217155f,3.697016200423457f,-0.006680350254291645f,-0.8367618862185002f,-0.547526180828404f,1.3344221018017768f,0f,0f,0f,1f], start_interpolation: 0, interpolation_duration: 1 }
$data merge entity $(bone_log) { transformation: [-0.252859786498569f,0.7895779285444515f,0.5591320265620203f,0.2524143690930779f,-0.7976697372217153f,-0.4971852516596465f,0.3413646376717632f,3.576087973492329f,0.5475261808284039f,-0.35968530730012827f,0.7555405753630141f,1.376207982312065f,0f,0f,0f,1f], start_interpolation: 0, interpolation_duration: 1 }
$data merge entity $(bone_planks) { transformation: [-0.252859786498569f,0.7895779285444515f,0.5591320265620203f,0.22870876410883706f,-0.7976697372217153f,-0.4971852516596465f,0.3413646376717632f,3.5013064356277934f,0.5475261808284039f,-0.35968530730012827f,0.7555405753630141f,1.4275385617647278f,0f,0f,0f,1f], start_interpolation: 0, interpolation_duration: 1 }
$data merge entity $(bone_lefthand1) { transformation: [-0.252859786498569f,0.7895779285444515f,0.5591320265620203f,0.49555092202376994f,-0.7976697372217153f,-0.4971852516596465f,0.3413646376717632f,3.6405414499556037f,0.5475261808284039f,-0.35968530730012827f,0.7555405753630141f,1.125794467299838f,0f,0f,0f,1f], start_interpolation: 0, interpolation_duration: 1 }
$data merge entity $(bone_leftforearm) { transformation: [-0.8444349835191581f,0.5094603819750341f,0.16546805675674045f,0.7855622487684741f,-0.3483377634235085f,-0.28760883726907455f,-0.8921557931761914f,3.391472371802796f,-0.40692795576380253f,-0.8110063353159356f,0.42033125376934466f,0.5123829511758002f,0f,0f,0f,1f], start_interpolation: 0, interpolation_duration: 1 }
$data merge entity $(bone_leftelbow) { transformation: [-0.8444349835191581f,0.5094603819750341f,0.16546805675674045f,0.881086070388793f,-0.3483377634235085f,-0.28760883726907455f,-0.8921557931761914f,3.3375457148148446f,-0.40692795576380253f,-0.8110063353159356f,0.42033125376934466f,0.36031926330406233f,0f,0f,0f,1f], start_interpolation: 0, interpolation_duration: 1 }
$data merge entity $(bone_leftarm) { transformation: [-0.8552716735745235f,-0.12079590599192809f,0.5039034763490158f,0.5902974115115787f,-0.4122464290970771f,0.7477921911108658f,-0.5204418513247364f,3.6023876785337308f,-0.313947839740525f,-0.6528515819152159f,-0.6893631596720686f,0.08249054514549266f,0f,0f,0f,1f], start_interpolation: 0, interpolation_duration: 1 }
$data merge entity $(bone_rightthumb2) { transformation: [-0.7311118000124887f,-0.07825438671272829f,0.6777549607658462f,-0.25441316135282355f,-0.43900218821465986f,-0.7064730590051493f,-0.5551332233281007f,4.1420929506196735f,0.5222572303235627f,-0.70340036100369f,0.48215694282529953f,0.9885373011175933f,0f,0f,0f,1f], start_interpolation: 0, interpolation_duration: 1 }
$data merge entity $(bone_rightthumb) { transformation: [-0.7311118000124887f,-0.07825438671272829f,0.6777549607658462f,-0.2156852182265725f,-0.43900218821465986f,-0.7064730590051493f,-0.5551332233281007f,3.921395434014042f,0.5222572303235627f,-0.70340036100369f,0.48215694282529953f,0.8572375650256389f,0f,0f,0f,1f], start_interpolation: 0, interpolation_duration: 1 }
$data merge entity $(bone_rightpointerfinger) { transformation: [-0.7311118000124887f,-0.07825438671272829f,0.6777549607658462f,-0.2382035869269254f,-0.43900218821465986f,-0.7064730590051493f,-0.5551332233281007f,4.079169172320624f,0.5222572303235627f,-0.70340036100369f,0.48215694282529953f,1.1677637997415502f,0f,0f,0f,1f], start_interpolation: 0, interpolation_duration: 1 }
$data merge entity $(bone_rightmidfinger) { transformation: [-0.7311118000124887f,-0.07825438671272829f,0.6777549607658462f,-0.13230437430726194f,-0.43900218821465986f,-0.7064730590051493f,-0.5551332233281007f,3.992429606175608f,0.5222572303235627f,-0.70340036100369f,0.48215694282529953f,1.243100822058003f,0f,0f,0f,1f], start_interpolation: 0, interpolation_duration: 1 }
$data merge entity $(bone_rightringfinger) { transformation: [-0.7311118000124887f,-0.07825438671272829f,0.6777549607658462f,-0.026405161687598475f,-0.43900218821465986f,-0.7064730590051493f,-0.5551332233281007f,3.905690040030592f,0.5222572303235627f,-0.70340036100369f,0.48215694282529953f,1.3184378443744562f,0f,0f,0f,1f], start_interpolation: 0, interpolation_duration: 1 }
$data merge entity $(bone_hugeasssword) { transformation: [-2.8635212167155806f,-0.3064963479581858f,2.6545402629995642f,0.03541185400806607f,-1.7194252371740846f,-2.767019481103502f,-2.1742717913683944f,3.9742111789242074f,2.045507485433954f,-2.7549847472644524f,1.8884480260657566f,0.9539643446927871f,0f,0f,0f,1f], start_interpolation: 0, interpolation_duration: 1 }
$data merge entity $(bone_ice) { transformation: [-0.7311118000124887f,-0.07825438671272829f,0.6777549607658462f,0.04805820067564759f,-0.43900218821465986f,-0.7064730590051493f,-0.5551332233281007f,3.992109229662017f,0.5222572303235627f,-0.70340036100369f,0.48215694282529953f,0.9567947061096641f,0f,0f,0f,1f], start_interpolation: 0, interpolation_duration: 1 }
$data merge entity $(bone_righthand1) { transformation: [-0.7311118000124887f,-0.07825438671272829f,0.6777549607658462f,-0.13310350348172395f,-0.43900218821465986f,-0.7064730590051493f,-0.5551332233281007f,3.6883925046280615f,0.5222572303235627f,-0.70340036100369f,0.48215694282529953f,0.9265763279029229f,0f,0f,0f,1f], start_interpolation: 0, interpolation_duration: 1 }
$data merge entity $(bone_rightforearm) { transformation: [-0.5611844894451654f,-0.7765722378409925f,0.2863695658075451f,-0.6358912420091768f,0.24400561544260405f,-0.4858311389851815f,-0.8393029036199249f,3.3259573708894976f,0.7909065864175395f,-0.4011279893088911f,0.4621288865179937f,0.5755790012320815f,0f,0f,0f,1f], start_interpolation: 0, interpolation_duration: 1 }
$data merge entity $(bone_rightelbow) { transformation: [-0.5611844894451654f,-0.7765722378409925f,0.2863695658075451f,-0.7814985366043629f,0.24400561544260405f,-0.4858311389851815f,-0.8393029036199249f,3.234864032329776f,0.7909065864175395f,-0.4011279893088911f,0.4621288865179937f,0.5003675032366645f,0f,0f,0f,1f], start_interpolation: 0, interpolation_duration: 1 }
$data merge entity $(bone_rightarm) { transformation: [-0.6244946357874789f,-0.35169786554573995f,-0.6973629336602531f,-0.7269294849224318f,0.27935735621430635f,0.7332256418663401f,-0.6199513090869688f,3.499906345770664f,0.7293599367950074f,-0.5819697324434182f,-0.359646094262288f,0.13908625975310004f,0f,0f,0f,1f], start_interpolation: 0, interpolation_duration: 1 }
$data merge entity $(bone_chest1) { transformation: [-1.077255453981878f,-0.05899186546454121f,-0.09824336001187221f,-0.08149027146728935f,-0.07907327447831772f,1.0548815725145477f,0.23363089766471967f,3.4591826821127407f,0.0829410347215749f,0.23949099959990056f,-1.0532691759379773f,-0.10835547916524293f,0f,0f,0f,1f], start_interpolation: 0, interpolation_duration: 1 }
$data merge entity $(bone_chest1lid) { transformation: [-0.9943896498294259f,-0.054454029659576506f,-0.09068617847249744f,-0.34829779092282936f,-0.07299071490306251f,0.9737368361672748f,0.21565929015204893f,2.684370199691127f,0.0765609551276076f,0.22106861501529285f,-0.9722484700965945f,0.14715494538957938f,0f,0f,0f,1f], start_interpolation: 0, interpolation_duration: 1 }
$data merge entity $(bone_chest2) { transformation: [-0.9943896498294259f,-0.054454029659576506f,-0.09068617847249744f,-0.3397893487885205f,-0.07299071490306251f,0.9737368361672748f,0.21565929015204893f,2.5322238190399906f,0.0765609551276076f,0.22106861501529285f,-0.9722484700965945f,0.11261297429343987f,0f,0f,0f,1f], start_interpolation: 0, interpolation_duration: 1 }
$data merge entity $(bone_chest1lid3) { transformation: [-0.9943896498294259f,-0.054454029659576506f,-0.09068617847249744f,-0.3442442708924339f,-0.07299071490306251f,0.9737368361672748f,0.21565929015204893f,2.827088852126225f,0.0765609551276076f,0.22106861501529285f,-0.9722484700965945f,-0.48047679046152697f,0f,0f,0f,1f], start_interpolation: 0, interpolation_duration: 1 }
$data merge entity $(bone_chest3) { transformation: [-0.9943896498294259f,-0.054454029659576506f,-0.09068617847249744f,-0.3357358287581251f,-0.07299071490306251f,0.9737368361672748f,0.21565929015204893f,2.6749424714750885f,0.0765609551276076f,0.22106861501529285f,-0.9722484700965945f,-0.5150187615576665f,0f,0f,0f,1f], start_interpolation: 0, interpolation_duration: 1 }
$data merge entity $(bone_hugeasssword2) { transformation: [0.3551875323506141f,2.727380012333726f,-2.78846155845171f,-1.3938384946095825f,-0.8446655530955249f,2.7873407622190443f,2.6186922989277996f,4.556216545076282f,3.8079731745449954f,0.36387844312685125f,0.8409581192610404f,-0.01510075351633898f,0f,0f,0f,1f], start_interpolation: 0, interpolation_duration: 1 }
$data merge entity $(bone_belt) { transformation: [-0.9943896498294259f,-0.054454029659576506f,-0.09068617847249744f,-0.01607949285851991f,-0.07299071490306251f,0.9737368361672748f,0.21565929015204893f,3.045421549293053f,0.0765609551276076f,0.22106861501529285f,-0.9722484700965945f,-0.07159613691900844f,0f,0f,0f,1f], start_interpolation: 0, interpolation_duration: 1 }
$data merge entity $(bone_torn_part) { transformation: [-0.9956055597332487f,-0.02944795476047909f,-0.08889537326919379f,-0.12346873324223734f,-0.057524635534309254f,0.9413770290038217f,0.33241571197911607f,2.7534995749282847f,0.07389509953230594f,0.336068604937091f,-0.9389341867462001f,-0.1077174589565855f,0f,0f,0f,1f], start_interpolation: 0, interpolation_duration: 1 }
$data merge entity $(bone_lowerbody) { transformation: [-0.9956055597332487f,-0.05481636791107956f,-0.07592585354990541f,0.01120125f,-0.057524635534309254f,0.9977665620444123f,0.033952967067972004f,2.267151875f,0.07389509953230594f,0.03817136983540247f,-0.9965352280727459f,0.006565625000000019f,0f,0f,0f,1f], start_interpolation: 0, interpolation_duration: 1 }
$data merge entity $(bone_leftfoot) { transformation: [-0.9412853902300078f,-0.11796819951033446f,-0.3163310260531394f,0.7982918628498247f,-0.2269059521585643f,0.9148472020418285f,0.334018391396721f,0.5302413594420728f,0.24999100586732598f,0.38618402455374523f,-0.8878999922090973f,-0.2041086200114156f,0f,0f,0f,1f], start_interpolation: 0, interpolation_duration: 1 }
$data merge entity $(bone_leftlowerleg) { transformation: [-0.9412853902300078f,-0.11796819951033446f,-0.3163310260531394f,0.7160237697228733f,-0.2269059521585643f,0.9148472020418285f,0.334018391396721f,1.4938295096995824f,0.24999100586732598f,0.38618402455374523f,-0.8878999922090973f,0.3607362314683574f,0f,0f,0f,1f], start_interpolation: 0, interpolation_duration: 1 }
$data merge entity $(bone_leftleg) { transformation: [-0.9061930347033678f,-0.4215225302623604f,-0.033659179079687324f,0.2472325026861334f,-0.32392377411750267f,0.7431288825971734f,-0.5855193014848866f,2.260411725613335f,0.27182268561798545f,-0.5196905043687964f,-0.8099593861745983f,-0.1649531569778302f,0f,0f,0f,1f], start_interpolation: 0, interpolation_duration: 1 }
$data merge entity $(bone_rightfoot) { transformation: [-0.9967638359774735f,-0.08016360917270815f,-0.0059708501804796865f,0.06190329350234497f,-0.07936054444059928f,0.9695097491498013f,0.2318463937385721f,0.22429673410630846f,-0.012796846235072809f,0.23156995070149894f,-0.9727340842483836f,-0.28712610145299655f,0f,0f,0f,1f], start_interpolation: 0, interpolation_duration: 1 }
$data merge entity $(bone_rightlowerleg) { transformation: [-0.9967638359774735f,-0.08016360917270815f,-0.0059708501804796865f,-0.02611081541586696f,-0.07936054444059928f,0.9695097491498013f,0.2318463937385721f,1.2642244279994101f,-0.012796846235072809f,0.23156995070149894f,-0.9727340842483836f,0.11922814893962441f,0f,0f,0f,1f], start_interpolation: 0, interpolation_duration: 1 }
$data merge entity $(bone_rightleg) { transformation: [-0.9656949518192234f,-0.24399828353350556f,-0.0888712420503444f,-0.2566270446545985f,-0.2092726728269858f,0.9338743115299034f,-0.2899719273867699f,2.2555081901772174f,0.15374722253984693f,-0.2614261040853646f,-0.952899881238334f,-0.14223433983403505f,0f,0f,0f,1f], start_interpolation: 0, interpolation_duration: 1 }
data modify entity @s data merge value {"locators":{"lefthand":{"posx":0.2056977604947519,"posy":3.6843782866791535,"posz":1.3411724960021778,"roty":143.49699083612867,"rotx":19.96003699193045},"righthand":{"posx":-0.029850727045103193,"posy":3.97066537267835,"posz":1.0092132498615354,"roty":125.42816273774494,"rotx":-33.719891362698704},"chest":{"posx":-0.36179937523994765,"posy":2.5875339235036945,"posz":0.2876445102514542,"roty":354.67117191195774,"rotx":12.454209272980318},"sack":{"posx":0,"posy":-0.4375,"posz":0,"roty":0,"rotx":0}},"cameras":{}}