# This file was generated by Animated Java via MC-Build. It is not recommended to edit this file directly.
$data merge entity $(bone_nose) { transformation: [-0.9958345782188589f,-0.08671544342945116f,-0.02817666932945226f,2.722287991053337f,-0.09105337457122553f,0.9619681161606566f,0.25753956292094127f,3.9823658034715854f,0.004772400115218508f,0.25903238284266894f,-0.9658568469685294f,0.24207463741293353f,0f,0f,0f,1f], start_interpolation: 0, interpolation_duration: 1 }
$data merge entity $(bone_glowing_eye) { transformation: [-0.9958345782188589f,-0.08671544342945116f,-0.02817666932945226f,2.5929205711794974f,-0.09105337457122553f,0.9619681161606566f,0.25753956292094127f,4.027130185094849f,0.004772400115218508f,0.25903238284266894f,-0.9658568469685294f,0.2939139627193914f,0f,0f,0f,1f], start_interpolation: 0, interpolation_duration: 1 }
$data merge entity $(bone_head) { transformation: [-0.9958345782188589f,-0.08671544342945116f,-0.02817666932945226f,2.727719120806958f,-0.09105337457122553f,0.9619681161606566f,0.25753956292094127f,3.9118105574931916f,0.004772400115218508f,0.25903238284266894f,-0.9658568469685294f,0.02922860437662525f,0f,0f,0f,1f], start_interpolation: 0, interpolation_duration: 1 }
$data merge entity $(bone_leftthumb2) { transformation: [-0.43056681033336774f,0.8608454537055323f,0.27121453993815625f,3.0580090782681992f,-0.12599199785599546f,0.24022615620552595f,-0.9625057975674602f,2.660375040385756f,-0.8937215664375592f,-0.4485939129203984f,0.005026228721552173f,0.48097557138680763f,0f,0f,0f,1f], start_interpolation: 0, interpolation_duration: 1 }
$data merge entity $(bone_leftthumb) { transformation: [-0.43056681033336774f,0.8608454537055323f,0.27121453993815625f,3.2923022859953432f,-0.12599199785599546f,0.24022615620552595f,-0.9625057975674602f,2.6370353643033684f,-0.8937215664375592f,-0.4485939129203984f,0.005026228721552173f,0.3713908076383989f,0f,0f,0f,1f], start_interpolation: 0, interpolation_duration: 1 }
$data merge entity $(bone_leftpointerfinger) { transformation: [-0.43056681033336774f,0.8608454537055323f,0.27121453993815625f,3.069643797938029f,-0.12599199785599546f,0.24022615620552595f,-0.9625057975674602f,2.526874072302955f,-0.8937215664375592f,-0.4485939129203984f,0.005026228721552173f,0.6165720861158354f,0f,0f,0f,1f], start_interpolation: 0, interpolation_duration: 1 }
$data merge entity $(bone_leftmidfinger) { transformation: [-0.43056681033336774f,0.8608454537055323f,0.27121453993815625f,3.1120210698033657f,-0.12599199785599546f,0.24022615620552595f,-0.9625057975674602f,2.3764825414330395f,-0.8937215664375592f,-0.4485939129203984f,0.005026228721552173f,0.6173574343535779f,0f,0f,0f,1f], start_interpolation: 0, interpolation_duration: 1 }
$data merge entity $(bone_leftringfinger) { transformation: [-0.43056681033336774f,0.8608454537055323f,0.27121453993815625f,3.1543983416687027f,-0.12599199785599546f,0.24022615620552595f,-0.9625057975674602f,2.2260910105631235f,-0.8937215664375592f,-0.4485939129203984f,0.005026228721552173f,0.6181427825913204f,0f,0f,0f,1f], start_interpolation: 0, interpolation_duration: 1 }
$data merge entity $(bone_invisibility) { transformation: [0.8812075815301086f,-0.19515486182313263f,0.43056681033336774f,3.0745920381264975f,0.15542411546898532f,0.9797802614907782f,0.1259919978559952f,2.5596036147139185f,-0.4464488129500847f,-0.044104638076462324f,0.893721566437559f,0.39977726353557597f,0f,0f,0f,1f], start_interpolation: 0, interpolation_duration: 1 }
$data merge entity $(bone_swiftness) { transformation: [0.27121453993815614f,0.8608454537055323f,0.4305668103333678f,2.9864464981626972f,-0.9625057975674602f,0.24022615620552595f,0.12599199785599524f,2.340041045330072f,0.005026228721551974f,-0.4485939129203984f,0.8937215664375592f,0.4149190551926062f,0f,0f,0f,1f], start_interpolation: 0, interpolation_duration: 1 }
$data merge entity $(bone_suspicious_stew) { transformation: [0.8948111555558891f,0.1180051597689023f,0.43056681033336797f,3.085092633722455f,-0.18905369106435485f,0.9738504599635399f,0.12599199785599552f,2.367873176597886f,-0.4044399804515844f,-0.19413928993564733f,0.8937215664375594f,0.42174752108901065f,0f,0f,0f,1f], start_interpolation: 0, interpolation_duration: 1 }
$data merge entity $(bone_log) { transformation: [-0.43056681033336774f,0.8608454537055323f,0.27121453993815625f,3.1650458585264944f,-0.12599199785599546f,0.24022615620552595f,-0.9625057975674602f,2.3409722370636024f,-0.8937215664375592f,-0.4485939129203984f,0.005026228721552173f,0.2821224895917624f,0f,0f,0f,1f], start_interpolation: 0, interpolation_duration: 1 }
$data merge entity $(bone_planks) { transformation: [-0.43056681033336774f,0.8608454537055323f,0.27121453993815625f,3.124680220057741f,-0.12599199785599546f,0.24022615620552595f,-0.9625057975674602f,2.329160487264603f,-0.8937215664375592f,-0.4485939129203984f,0.005026228721552173f,0.19833609273824127f,0f,0f,0f,1f], start_interpolation: 0, interpolation_duration: 1 }
$data merge entity $(bone_lefthand1) { transformation: [-0.43056681033336774f,0.8608454537055323f,0.27121453993815625f,3.479423470163152f,-0.12599199785599546f,0.24022615620552595f,-0.9625057975674602f,2.4626050817529657f,-0.8937215664375592f,-0.4485939129203984f,0.005026228721552173f,0.39324733332350414f,0f,0f,0f,1f], start_interpolation: 0, interpolation_duration: 1 }
$data merge entity $(bone_leftforearm) { transformation: [-0.6534634168878862f,0.48504724272088806f,0.5811322871068793f,3.779332603182004f,0.03810994899213938f,0.7878283738713623f,-0.6147146371374455f,3.040877644844228f,-0.7559981445592477f,-0.3795466053755037f,-0.5333021467900784f,0.07024850669902424f,0f,0f,0f,1f], start_interpolation: 0, interpolation_duration: 1 }
$data merge entity $(bone_leftelbow) { transformation: [-0.6534634168878862f,0.48504724272088806f,0.5811322871068793f,3.8702789611921706f,0.03810994899213938f,0.7878283738713623f,-0.6147146371374455f,3.1885954649451085f,-0.7559981445592477f,-0.3795466053755037f,-0.5333021467900784f,-0.0009164818088827145f,0f,0f,0f,1f], start_interpolation: 0, interpolation_duration: 1 }
$data merge entity $(bone_leftarm) { transformation: [-0.6225571650771273f,-0.5415654516983947f,0.5649154252964279f,3.4499648924371007f,-0.0671634844628399f,0.756179968915858f,0.6509077668650312f,3.4220583470784103f,-0.7796868875169956f,0.3672856056764623f,-0.507138680537123f,0.023640562701933043f,0f,0f,0f,1f], start_interpolation: 0, interpolation_duration: 1 }
$data merge entity $(bone_rightthumb2) { transformation: [-0.04049817769088379f,-0.9270200187047979f,-0.3728186992685231f,2.562634652179659f,0.07050987298895622f,0.3695431273680149f,-0.9265345297538288f,2.6486178910908134f,0.9966886451720008f,-0.0638103591560416f,0.05039824054050035f,0.3598700575830463f,0f,0f,0f,1f], start_interpolation: 0, interpolation_duration: 1 }
$data merge entity $(bone_rightthumb) { transformation: [-0.04049817769088379f,-0.9270200187047979f,-0.3728186992685231f,2.3034297912497075f,0.07050987298895622f,0.3695431273680149f,-0.9265345297538288f,2.660066246927926f,0.9966886451720008f,-0.0638103591560416f,0.05039824054050035f,0.34852795321871055f,0f,0f,0f,1f], start_interpolation: 0, interpolation_duration: 1 }
$data merge entity $(bone_rightpointerfinger) { transformation: [-0.04049817769088379f,-0.9270200187047979f,-0.3728186992685231f,2.585702870174067f,0.07050987298895622f,0.3695431273680149f,-0.9265345297538288f,2.5030906195362523f,0.9966886451720008f,-0.0638103591560416f,0.05039824054050035f,0.48084096540781024f,0f,0f,0f,1f], start_interpolation: 0, interpolation_duration: 1 }
$data merge entity $(bone_rightmidfinger) { transformation: [-0.04049817769088379f,-0.9270200187047979f,-0.3728186992685231f,2.52744994841336f,0.07050987298895622f,0.3695431273680149f,-0.9265345297538288f,2.3583195992622166f,0.9966886451720008f,-0.0638103591560416f,0.05039824054050035f,0.48871569049226343f,0f,0f,0f,1f], start_interpolation: 0, interpolation_duration: 1 }
$data merge entity $(bone_rightringfinger) { transformation: [-0.04049817769088379f,-0.9270200187047979f,-0.3728186992685231f,2.4691970266526533f,0.07050987298895622f,0.3695431273680149f,-0.9265345297538288f,2.213548578988181f,0.9966886451720008f,-0.0638103591560416f,0.05039824054050035f,0.4965904155767166f,0f,0f,0f,1f], start_interpolation: 0, interpolation_duration: 1 }
$data merge entity $(bone_hugeasssword) { transformation: [-0.1586178626226282f,-3.630828406593792f,-1.460206572135049f,2.35573162773916f,0.27616366920674523f,1.4473772488580585f,-3.628926908202496f,2.4291309640235568f,3.903697193590337f,-0.24992390669449627f,0.1973931087836264f,0.21022131740643446f,0f,0f,0f,1f], start_interpolation: 0, interpolation_duration: 1 }
$data merge entity $(bone_ice) { transformation: [-0.04049817769088379f,-0.9270200187047979f,-0.3728186992685231f,2.370849099557842f,0.07050987298895622f,0.3695431273680149f,-0.9265345297538288f,2.4222551358929794f,0.9966886451720008f,-0.0638103591560416f,0.05039824054050035f,0.1956450941874351f,0f,0f,0f,1f], start_interpolation: 0, interpolation_duration: 1 }
$data merge entity $(bone_righthand1) { transformation: [-0.04049817769088379f,-0.9270200187047979f,-0.3728186992685231f,2.1173189661067804f,0.07050987298895622f,0.3695431273680149f,-0.9265345297538288f,2.503314181927415f,0.9966886451720008f,-0.0638103591560416f,0.05039824054050035f,0.43043961070831555f,0f,0f,0f,1f], start_interpolation: 0, interpolation_duration: 1 }
$data merge entity $(bone_rightforearm) { transformation: [-0.599858652346607f,-0.5633466220286156f,-0.5681638677827554f,1.7555163721750742f,0.06508216940261566f,0.6734024962821045f,-0.736405723244245f,2.9785709677450973f,0.7974546434943879f,-0.47871668181710386f,-0.36728249361936655f,0.055099908331871936f,0f,0f,0f,1f], start_interpolation: 0, interpolation_duration: 1 }
$data merge entity $(bone_rightelbow) { transformation: [-0.599858652346607f,-0.5633466220286156f,-0.5681638677827554f,1.6498888805447087f,0.06508216940261566f,0.6734024962821045f,-0.736405723244245f,3.1048339357979917f,0.7974546434943879f,-0.47871668181710386f,-0.36728249361936655f,-0.03465946950883504f,0f,0f,0f,1f], start_interpolation: 0, interpolation_duration: 1 }
$data merge entity $(bone_rightarm) { transformation: [-0.5795064067654918f,0.6276240516315292f,-0.5198657272136449f,2.0628104502084956f,0.15211421140437906f,0.7099875251102081f,0.6875892530258931f,3.2792106654756576f,0.8006457338964419f,0.31938341222033617f,-0.5069128571972923f,-0.048635378817182974f,0f,0f,0f,1f], start_interpolation: 0, interpolation_duration: 1 }
$data merge entity $(bone_chest1) { transformation: [-1.0795045112460506f,-0.08179597688748357f,-0.039881568118103186f,2.7631275860605755f,-0.08707615618508896f,1.066391641729111f,0.16981672645953347f,3.2774286872610423f,0.026436042339326168f,0.17242214395611796f,-1.069197292855776f,-0.15723498261321578f,0f,0f,0f,1f], start_interpolation: 0, interpolation_duration: 1 }
$data merge entity $(bone_chest1lid) { transformation: [-0.9964657026886621f,-0.07550397866536945f,-0.036813755185941405f,2.488916497846532f,-0.0803779903246975f,0.9843615154422565f,0.15675390134726166f,2.5158833799986153f,0.024402500620916465f,0.15915890211333966f,-0.9869513472514856f,0.12853281910278044f,0f,0f,0f,1f], start_interpolation: 0, interpolation_duration: 1 }
$data merge entity $(bone_chest2) { transformation: [-0.9964657026886621f,-0.07550397866536945f,-0.036813755185941405f,2.500713994512996f,-0.0803779903246975f,0.9843615154422565f,0.15675390134726166f,2.3620768932107628f,0.024402500620916465f,0.15915890211333966f,-0.9869513472514856f,0.10366424064757111f,0f,0f,0f,1f], start_interpolation: 0, interpolation_duration: 1 }
$data merge entity $(bone_chest1lid3) { transformation: [-0.9964657026886621f,-0.07550397866536945f,-0.036813755185941405f,2.52761179234858f,-0.0803779903246975f,0.9843615154422565f,0.15675390134726166f,2.6213274724444986f,0.024402500620916465f,0.15915890211333966f,-0.9869513472514856f,-0.5052580440190099f,0f,0f,0f,1f], start_interpolation: 0, interpolation_duration: 1 }
$data merge entity $(bone_chest3) { transformation: [-0.9964657026886621f,-0.07550397866536945f,-0.036813755185941405f,2.539409289015044f,-0.0803779903246975f,0.9843615154422565f,0.15675390134726166f,2.467520985656646f,0.024402500620916465f,0.15915890211333966f,-0.9869513472514856f,-0.5301266224742192f,0f,0f,0f,1f], start_interpolation: 0, interpolation_duration: 1 }
$data merge entity $(bone_hugeasssword2) { transformation: [0.14418720781160296f,2.6776755042744393f,-2.8547402194753024f,1.4380697438843937f,-0.6139527802767748f,2.8367863289890347f,2.629825675787106f,4.362083024221483f,3.865559443401652f,0.3506779081255623f,0.5241688392672414f,-0.2039712996440332f,0f,0f,0f,1f], start_interpolation: 0, interpolation_duration: 1 }
$data merge entity $(bone_belt) { transformation: [-0.9964657026886621f,-0.07550397866536945f,-0.036813755185941405f,2.8299376493455695f,-0.0803779903246975f,0.9843615154422565f,0.15675390134726166f,2.8673828938014303f,0.024402500620916465f,0.15915890211333966f,-0.9869513472514856f,-0.09221993095019694f,0f,0f,0f,1f], start_interpolation: 0, interpolation_duration: 1 }
$data merge entity $(bone_torn_part) { transformation: [-0.9933231129508832f,0.07261917902776771f,-0.08964177661615108f,2.7117302924465467f,0.038219190041792084f,0.9402891396864761f,0.3382242263650195f,2.583769796028207f,0.10885075466029756f,0.3325399053121288f,-0.9367863815112196f,-0.11623457150758557f,0f,0f,0f,1f], start_interpolation: 0, interpolation_duration: 1 }
$data merge entity $(bone_lowerbody) { transformation: [-0.9933231129508832f,0.04230233988185906f,-0.10732989014289815f,2.8031723291015624f,0.038219190041792084f,0.998475677524267f,0.03981978032341757f,2.0869008447265616f,0.10885075466029756f,0.03545184667934138f,-0.9934257293713045f,-0.004474506835937711f,0f,0f,0f,1f], start_interpolation: 0, interpolation_duration: 1 }
$data merge entity $(bone_leftfoot) { transformation: [-0.8291382666744236f,-0.06466243748251019f,-0.5552913684859082f,3.4928471948900413f,-0.22883976219051005f,0.9455146426387433f,0.23159107019986885f,0.21199442770994636f,0.5100608767360255f,0.319093763233552f,-0.7987597087289312f,-0.2659730872301652f,0f,0f,0f,1f], start_interpolation: 0, interpolation_duration: 1 }
$data merge entity $(bone_leftlowerleg) { transformation: [-0.8291382666744236f,-0.06466243748251019f,-0.5552913684859082f,3.506430392676004f,-0.22883976219051005f,0.9455146426387433f,0.23159107019986885f,1.2253417796620245f,0.5100608767360255f,0.319093763233552f,-0.7987597087289312f,0.2107474910295311f,0f,0f,0f,1f], start_interpolation: 0, interpolation_duration: 1 }
$data merge entity $(bone_leftleg) { transformation: [-0.8666544061099658f,-0.4410762203530507f,-0.23315640289138406f,3.023619784124464f,-0.26631642143218626f,0.804174276960002f,-0.5313937296877075f,2.062227588991063f,0.4218835195237385f,-0.39844133836102547f,-0.8144070209909405f,-0.18361020835083974f,0f,0f,0f,1f], start_interpolation: 0, interpolation_duration: 1 }
$data merge entity $(bone_rightfoot) { transformation: [-0.7676846778881402f,0.6371144517402975f,0.06888694157416214f,1.4162089909474638f,0.5950186351178048f,0.6687640139681271f,0.4457662139325761f,0.601458792833682f,0.2379349894368769f,0.38319690630914344f,-0.892494858134642f,-0.20403728819953393f,0f,0f,0f,1f], start_interpolation: 0, interpolation_duration: 1 }
$data merge entity $(bone_rightlowerleg) { transformation: [-0.7676846778881402f,0.6371144517402975f,0.06888694157416214f,2.1124236586543557f,0.5950186351178048f,0.6687640139681271f,0.4457662139325761f,1.2748788422860187f,0.2379349894368769f,0.38319690630914344f,-0.892494858134642f,0.3581997100245554f,0f,0f,0f,1f], start_interpolation: 0, interpolation_duration: 1 }
$data merge entity $(bone_rightleg) { transformation: [-0.7785015530431322f,0.3519827359295337f,-0.5196570845442128f,2.5048242615254086f,0.532150172915545f,0.8091628200036575f,-0.24914197596889237f,2.1049432437069027f,0.3327935176282535f,-0.4704930226170083f,-0.8172421858257959f,-0.13467252555680828f,0f,0f,0f,1f], start_interpolation: 0, interpolation_duration: 1 }
data modify entity @s data merge value {"locators":{"lefthand":{"posx":3.1339202187379693,"posy":2.3490554714960368,"posz":0.4008767510684155,"roty":91.06170093514449,"rotx":-74.2606759907703},"righthand":{"posx":2.3873623753676547,"posy":2.4375684271479723,"posz":0.28929421902567803,"roty":262.3013319472272,"rotx":-67.90089836727874},"chest":{"posx":2.4682480925519004,"posy":2.427356176000318,"posz":0.27355911387314497,"roty":357.8638304780633,"rotx":9.01853096829278},"sack":{"posx":0,"posy":-0.4375,"posz":0,"roty":0,"rotx":0}},"cameras":{}}