# This file was generated by Animated Java via MC-Build. It is not recommended to edit this file directly.
$data merge entity $(bone_nose) { transformation: [-0.9863020704881029f,-0.005372996593008494f,-0.16486162882397143f,1.3360543068769681f,-0.02973270752449602f,0.9888892657010101f,0.1456502189650932f,4.087932639244205f,0.1622473169397392f,0.1485568951241521f,-0.9755032839805962f,0.3938968427636337f,0f,0f,0f,1f], start_interpolation: 0, interpolation_duration: 1 }
$data merge entity $(bone_glowing_eye) { transformation: [-0.9863020704881029f,-0.005372996593008494f,-0.16486162882397143f,1.218155702117342f,-0.02973270752449602f,0.9888892657010101f,0.1456502189650932f,4.146089333394712f,0.1622473169397392f,0.1485568951241521f,-0.9755032839805962f,0.4582770629898345f,0f,0f,0f,1f], start_interpolation: 0, interpolation_duration: 1 }
$data merge entity $(bone_head) { transformation: [-0.9863020704881029f,-0.005372996593008494f,-0.16486162882397143f,1.3058465834002257f,-0.02973270752449602f,0.9888892657010101f,0.1456502189650932f,3.9931014147467083f,0.1622473169397392f,0.1485568951241521f,-0.9755032839805962f,0.19288563415221413f,0f,0f,0f,1f], start_interpolation: 0, interpolation_duration: 1 }
$data merge entity $(bone_leftthumb2) { transformation: [-0.19753320920303324f,0.9474481233764025f,0.251639990407892f,1.678641968583932f,-0.1670585272188208f,0.22040806795184203f,-0.9609951779614792f,2.851849651320063f,-0.9659565620385987f,-0.23186706771827198f,0.11474137511073007f,0.7457138095774565f,0f,0f,0f,1f], start_interpolation: 0, interpolation_duration: 1 }
$data merge entity $(bone_leftthumb) { transformation: [-0.19753320920303324f,0.9474481233764025f,0.251639990407892f,1.9325010394613518f,-0.1670585272188208f,0.22040806795184203f,-0.9609951779614792f,2.8237788315040993f,-0.9659565620385987f,-0.23186706771827198f,0.11474137511073007f,0.6986556612860834f,0f,0f,0f,1f], start_interpolation: 0, interpolation_duration: 1 }
$data merge entity $(bone_leftpointerfinger) { transformation: [-0.19753320920303324f,0.9474481233764025f,0.251639990407892f,1.6550204432854212f,-0.1670585272188208f,0.22040806795184203f,-0.9609951779614792f,2.724682811655015f,-0.9659565620385987f,-0.23186706771827198f,0.11474137511073007f,0.8857670438124285f,0f,0f,0f,1f], start_interpolation: 0, interpolation_duration: 1 }
$data merge entity $(bone_leftmidfinger) { transformation: [-0.19753320920303324f,0.9474481233764025f,0.251639990407892f,1.6943391917866544f,-0.1670585272188208f,0.22040806795184203f,-0.9609951779614792f,2.5745273150985337f,-0.9659565620385987f,-0.23186706771827198f,0.11474137511073007f,0.9036953836734801f,0f,0f,0f,1f], start_interpolation: 0, interpolation_duration: 1 }
$data merge entity $(bone_leftringfinger) { transformation: [-0.19753320920303324f,0.9474481233764025f,0.251639990407892f,1.7336579402878876f,-0.1670585272188208f,0.22040806795184203f,-0.9609951779614792f,2.4243718185420526f,-0.9659565620385987f,-0.23186706771827198f,0.11474137511073007f,0.9216237235345317f,0f,0f,0f,1f], start_interpolation: 0, interpolation_duration: 1 }
$data merge entity $(bone_invisibility) { transformation: [0.9657746674935593f,-0.1681068793644543f,0.1975332092030333f,1.7137463553539f,0.13581310019811957f,0.976548130046878f,0.16705852721882056f,2.7474975695450152f,-0.22098437375135913f,-0.13451329604277296f,0.9659565620385985f,0.6757040599262949f,0f,0f,0f,1f], start_interpolation: 0, interpolation_duration: 1 }
$data merge entity $(bone_swiftness) { transformation: [0.2516399904078919f,0.9474481233764025f,0.1975332092030333f,1.62234024263656f,-0.9609951779614792f,0.22040806795184203f,0.16705852721882058f,2.528763071734958f,0.11474137511072986f,-0.23186706771827198f,0.9659565620385987f,0.678306745120152f,0f,0f,0f,1f], start_interpolation: 0, interpolation_duration: 1 }
$data merge entity $(bone_suspicious_stew) { transformation: [0.965027267359924f,0.17234559615432246f,0.1975332092030334f,1.7165172227721108f,-0.206376563340817f,0.9641058876425933f,0.16705852721882086f,2.556979345491995f,-0.16165112853138985f,-0.20198225887215696f,0.9659565620385989f,0.7080868365588509f,0f,0f,0f,1f], start_interpolation: 0, interpolation_duration: 1 }
$data merge entity $(bone_log) { transformation: [-0.19753320920303324f,0.9474481233764025f,0.251639990407892f,1.828225124381747f,-0.1670585272188208f,0.22040806795184203f,-0.9609951779614792f,2.5238219680922667f,-0.9659565620385987f,-0.23186706771827198f,0.11474137511073007f,0.5939235273612637f,0f,0f,0f,1f], start_interpolation: 0, interpolation_duration: 1 }
$data merge entity $(bone_planks) { transformation: [-0.19753320920303324f,0.9474481233764025f,0.251639990407892f,1.8097063860189624f,-0.1670585272188208f,0.22040806795184203f,-0.9609951779614792f,2.508160231165502f,-0.9659565620385987f,-0.23186706771827198f,0.11474137511073007f,0.5033650996701451f,0f,0f,0f,1f], start_interpolation: 0, interpolation_duration: 1 }
$data merge entity $(bone_lefthand1) { transformation: [-0.19753320920303324f,0.9474481233764025f,0.251639990407892f,2.106606707826359f,-0.1670585272188208f,0.22040806795184203f,-0.9609951779614792f,2.6507197161962286f,-0.9659565620385987f,-0.23186706771827198f,0.11474137511073007f,0.7738602329691351f,0f,0f,0f,1f], start_interpolation: 0, interpolation_duration: 1 }
$data merge entity $(bone_leftforearm) { transformation: [-0.6746885572910563f,0.4506182052246872f,0.5845841118099216f,2.3819281681512394f,-0.11242179361449181f,0.7200307815376508f,-0.6847751557692354f,3.1707238449711053f,-0.7294907065761794f,-0.52772995628291f,-0.43513722233408675f,0.3457933301925883f,0f,0f,0f,1f], start_interpolation: 0, interpolation_duration: 1 }
$data merge entity $(bone_leftelbow) { transformation: [-0.6746885572910563f,0.4506182052246872f,0.5845841118099216f,2.4664190816308684f,-0.11242179361449181f,0.7200307815376508f,-0.6847751557692354f,3.3057296165094145f,-0.7294907065761794f,-0.52772995628291f,-0.43513722233408675f,0.24684396338954268f,0f,0f,0f,1f], start_interpolation: 0, interpolation_duration: 1 }
$data merge entity $(bone_leftarm) { transformation: [-0.643104454330763f,-0.5261011795971031f,0.5564478498893389f,2.049930850861541f,-0.2204521831870952f,0.8230737815131111f,0.5234026988025098f,3.5482076806760485f,-0.7333604132675657f,0.21393246367076696f,-0.6453025687534345f,0.2300373456073922f,0f,0f,0f,1f], start_interpolation: 0, interpolation_duration: 1 }
$data merge entity $(bone_rightthumb2) { transformation: [-0.26469543742891083f,-0.8802289142010613f,-0.3938697551332653f,1.1360252334458363f,0.09687400329265397f,0.38210029266228696f,-0.9190292671256175f,2.6595364170598126f,0.9594538826282234f,-0.2814185938274436f,-0.015868905375356013f,0.4599597231154081f,0f,0f,0f,1f], start_interpolation: 0, interpolation_duration: 1 }
$data merge entity $(bone_rightthumb) { transformation: [-0.26469543742891083f,-0.8802289142010613f,-0.3938697551332653f,0.8864965693555815f,0.09687400329265397f,0.38210029266228696f,-0.9190292671256175f,2.674705704487656f,0.9594538826282234f,-0.2814185938274436f,-0.015868905375356013f,0.38958780663756676f,0f,0f,0f,1f], start_interpolation: 0, interpolation_duration: 1 }
$data merge entity $(bone_rightpointerfinger) { transformation: [-0.26469543742891083f,-0.8802289142010613f,-0.3938697551332653f,1.1279079735871458f,0.09687400329265397f,0.38210029266228696f,-0.9190292671256175f,2.5168451431714645f,0.9594538826282234f,-0.2814185938274436f,-0.015868905375356013f,0.5861246962101888f,0f,0f,0f,1f], start_interpolation: 0, interpolation_duration: 1 }
$data merge entity $(bone_rightmidfinger) { transformation: [-0.26469543742891083f,-0.8802289142010613f,-0.3938697551332653f,1.066365824347573f,0.09687400329265397f,0.38210029266228696f,-0.9190292671256175f,2.3732468201830863f,0.9594538826282234f,-0.2814185938274436f,-0.015868905375356013f,0.5836451797452894f,0f,0f,0f,1f], start_interpolation: 0, interpolation_duration: 1 }
$data merge entity $(bone_rightringfinger) { transformation: [-0.26469543742891083f,-0.8802289142010613f,-0.3938697551332653f,1.0048236751080004f,0.09687400329265397f,0.38210029266228696f,-0.9190292671256175f,2.2296484971947086f,0.9594538826282234f,-0.2814185938274436f,-0.015868905375356013f,0.58116566328039f,0f,0f,0f,1f], start_interpolation: 0, interpolation_duration: 1 }
$data merge entity $(bone_hugeasssword) { transformation: [-1.0367237965965674f,-3.44756324728749f,-1.5426565409386224f,0.9640332666414941f,0.37942317956289473f,1.4965594795939574f,-3.5995312962420023f,2.43948861730434f,3.7578610402938755f,-1.1022228258241542f,-0.06215321272014439f,0.27187504194745804f,0f,0f,0f,1f], start_interpolation: 0, interpolation_duration: 1 }
$data merge entity $(bone_ice) { transformation: [-0.26469543742891083f,-0.8802289142010613f,-0.3938697551332653f,0.9819227096357125f,0.09687400329265397f,0.38210029266228696f,-0.9190292671256175f,2.432004643930044f,0.9594538826282234f,-0.2814185938274436f,-0.015868905375356013f,0.2612807405599459f,0f,0f,0f,1f], start_interpolation: 0, interpolation_duration: 1 }
$data merge entity $(bone_righthand1) { transformation: [-0.26469543742891083f,-0.8802289142010613f,-0.3938697551332653f,0.6833831918803049f,0.09687400329265397f,0.38210029266228696f,-0.9190292671256175f,2.5230285533211037f,0.9594538826282234f,-0.2814185938274436f,-0.015868905375356013f,0.4302936594671609f,0f,0f,0f,1f], start_interpolation: 0, interpolation_duration: 1 }
$data merge entity $(bone_rightforearm) { transformation: [-0.5944895465704382f,-0.5422300618598416f,-0.5937749902395245f,0.3356060280993862f,-0.06518084117323758f,0.7684967290173462f,-0.6365251255320474f,3.0722541270181862f,0.8014571959639668f,-0.33970477992679504f,-0.4922062835158282f,0.14113586726302715f,0f,0f,0f,1f], start_interpolation: 0, interpolation_duration: 1 }
$data merge entity $(bone_rightelbow) { transformation: [-0.5944895465704382f,-0.5422300618598416f,-0.5937749902395245f,0.2339378915006659f,-0.06518084117323758f,0.7684967290173462f,-0.6365251255320474f,3.2163472637089385f,0.8014571959639668f,-0.33970477992679504f,-0.4922062835158282f,0.07744122102675308f,0f,0f,0f,1f], start_interpolation: 0, interpolation_duration: 1 }
$data merge entity $(bone_rightarm) { transformation: [-0.5765144504005042f,0.5664738669805555f,-0.5888450105991395f,0.6241454318994883f,0.026386489612673647f,0.7331952450851998f,0.6795060601277768f,3.441727979088164f,0.8166607873807369f,0.37620751004272834f,-0.43764491056349053f,0.07180602419193821f,0f,0f,0f,1f], start_interpolation: 0, interpolation_duration: 1 }
$data merge entity $(bone_chest1) { transformation: [-1.0720892418413461f,-0.13247800138239543f,0.08176397610735958f,1.3720684655186473f,-0.11780200105845727f,1.062327919673555f,0.17661594135238975f,3.359927925943174f,-0.10177650606000418f,0.1658917759953566f,-1.0657075455219576f,0.01113655672068857f,0f,0f,0f,1f], start_interpolation: 0, interpolation_duration: 1 }
$data merge entity $(bone_chest1lid) { transformation: [-0.989620838622781f,-0.12228738589144195f,0.07547443948371654f,1.0882279421234382f,-0.10874030866934518f,0.980610387390974f,0.16303009970989824f,2.58880666906213f,-0.09394754405538848f,0.15313087014955995f,-0.9837300420202686f,0.2593557680551048f,0f,0f,0f,1f], start_interpolation: 0, interpolation_duration: 1 }
$data merge entity $(bone_chest2) { transformation: [-0.989620838622781f,-0.12228738589144195f,0.07547443948371654f,1.107335346168976f,-0.10874030866934518f,0.980610387390974f,0.16303009970989824f,2.4355862960322905f,-0.09394754405538848f,0.15313087014955995f,-0.9837300420202686f,0.23542906959423604f,0f,0f,0f,1f], start_interpolation: 0, interpolation_duration: 1 }
$data merge entity $(bone_chest1lid3) { transformation: [-0.989620838622781f,-0.12228738589144195f,0.07547443948371654f,1.198430057331618f,-0.10874030866934518f,0.980610387390974f,0.16303009970989824f,2.700044095980618f,-0.09394754405538848f,0.15313087014955995f,-0.9837300420202686f,-0.36497456861066796f,0f,0f,0f,1f], start_interpolation: 0, interpolation_duration: 1 }
$data merge entity $(bone_chest3) { transformation: [-0.989620838622781f,-0.12228738589144195f,0.07547443948371654f,1.217537461377156f,-0.10874030866934518f,0.980610387390974f,0.16303009970989824f,2.546823722950778f,-0.09394754405538848f,0.15313087014955995f,-0.9837300420202686f,-0.3889012670715367f,0f,0f,0f,1f], start_interpolation: 0, interpolation_duration: 1 }
$data merge entity $(bone_hugeasssword2) { transformation: [-0.295608221311224f,2.534118019053017f,-2.971723308584062f,0.03090961589886687f,-0.6385345571971014f,2.9087616165164816f,2.5439452146859023f,4.406948736340223f,3.8529426645793854f,0.67648318646439f,0.19360036072453166f,-0.18755406160677568f,0f,0f,0f,1f], start_interpolation: 0, interpolation_duration: 1 }
$data merge entity $(bone_belt) { transformation: [-0.989620838622781f,-0.12228738589144195f,0.07547443948371654f,1.4425957255613076f,-0.10874030866934518f,0.980610387390974f,0.16303009970989824f,2.9514631588677456f,-0.09394754405538848f,0.15313087014955995f,-0.9837300420202686f,0.08192168144123657f,0f,0f,0f,1f], start_interpolation: 0, interpolation_duration: 1 }
$data merge entity $(bone_torn_part) { transformation: [-0.9945090527313015f,-0.07094983569257733f,0.07692765985447332f,1.3459211160509468f,-0.040411628692841976f,0.9384370364778675f,0.34307845871320686f,2.6605398093071067f,-0.09653312541237405f,0.338085860961138f,-0.9361513266114003f,0.03542890786205968f,0f,0f,0f,1f], start_interpolation: 0, interpolation_duration: 1 }
$data merge entity $(bone_lowerbody) { transformation: [-0.9945090527313015f,-0.044533467492280404f,0.09470224025123836f,1.4514684953703725f,-0.040411628692841976f,0.998168991118923f,0.04500628217286329f,2.1707700462962967f,-0.09653312541237405f,0.04093208328127857f,-0.9944877677761418f,0.16471944444444497f,0f,0f,0f,1f], start_interpolation: 0, interpolation_duration: 1 }
$data merge entity $(bone_leftfoot) { transformation: [-0.7584818003277407f,-0.5474128833763869f,-0.35361630856783116f,2.988681242076261f,-0.5586146922062625f,0.8255759256336909f,-0.07983743899560636f,0.5695148495015045f,0.3356411539470273f,0.13698002090679012f,-0.9319771937389256f,0.08428487846648303f,0f,0f,0f,1f], start_interpolation: 0, interpolation_duration: 1 }
$data merge entity $(bone_leftlowerleg) { transformation: [-0.7584818003277407f,-0.5474128833763869f,-0.35361630856783116f,2.435726673320679f,-0.5586146922062625f,0.8255759256336909f,-0.07983743899560636f,1.4976548152142597f,0.3356411539470273f,0.13698002090679012f,-0.9319771937389256f,0.37944130757771666f,0f,0f,0f,1f], start_interpolation: 0, interpolation_duration: 1 }
$data merge entity $(bone_leftleg) { transformation: [-0.7407767144255439f,-0.6648841276013603f,0.09580686942320141f,1.716087745838439f,-0.6406858793493992f,0.6564260912323934f,-0.39827928737463675f,2.1750440432449f,0.20191944771909237f,-0.3564181303092472f,-0.9122470350840703f,0.028242559578791432f,0f,0f,0f,1f], start_interpolation: 0, interpolation_duration: 1 }
$data merge entity $(bone_rightfoot) { transformation: [-0.9586584230893719f,0.034824240552531416f,0.2824204314665247f,1.1705209653320752f,0.1494337602820059f,0.9062281469518206f,0.39549980652365624f,0.20914576557867914f,-0.24216436386838286f,0.42135236790862923f,-0.873967163530766f,-0.3717309085762065f,0f,0f,0f,1f], start_interpolation: 0, interpolation_duration: 1 }
$data merge entity $(bone_rightlowerleg) { transformation: [-0.9586584230893719f,0.034824240552531416f,0.2824204314665247f,1.1657614434895958f,0.1494337602820059f,0.9062281469518206f,0.39549980652365624f,1.153725801142649f,-0.24216436386838286f,0.42135236790862923f,-0.873967163530766f,0.2299881056425909f,0f,0f,0f,1f], start_interpolation: 0, interpolation_duration: 1 }
$data merge entity $(bone_rightleg) { transformation: [-0.9983715577991474f,0.02161892076995799f,0.05279067003217273f,1.2118051588341863f,0.0071168310688840275f,0.9653798151711124f,-0.2607511518205161f,2.167474554677908f,-0.056600205770301094f,-0.2599508313603386f,-0.963961608147248f,-0.02757470561864281f,0f,0f,0f,1f], start_interpolation: 0, interpolation_duration: 1 }
data modify entity @s data merge value {"locators":{"lefthand":{"posx":1.7687926032556263,"posy":2.5372798743659417,"posz":0.7008037357317672,"roty":114.51176802224778,"rotx":-73.94469291753065},"righthand":{"posx":0.9770153040851011,"posy":2.44947609696472,"posz":0.3558746592313855,"roty":272.3071835348304,"rotx":-66.78457747841613},"chest":{"posx":1.0531523713653608,"posy":2.498646932124606,"posz":0.40055704698469335,"roty":4.387292806820284,"rotx":9.382818029411403},"sack":{"posx":0,"posy":-0.4375,"posz":0,"roty":0,"rotx":0}},"cameras":{}}