# This file was generated by Animated Java via MC-Build. It is not recommended to edit this file directly.
$data merge entity $(bone_nose) { transformation: [-0.911756965035403f,-0.4064403353048702f,-0.0592071832356144f,0.8861416924921438f,-0.4104269780299307f,0.8960310322608287f,0.16934605082732945f,4.120451253438482f,-0.015777592168951776f,0.17870266663611456f,-0.9837766131203222f,0.43649591341857785f,0f,0f,0f,1f], start_interpolation: 0, interpolation_duration: 1 }
$data merge entity $(bone_glowing_eye) { transformation: [-0.911756965035403f,-0.4064403353048702f,-0.0592071832356144f,0.7467188304983505f,-0.4104269780299307f,0.8960310322608287f,0.16934605082732945f,4.123907026036035f,-0.015777592168951776f,0.17870266663611456f,-0.9837766131203222f,0.48095283666310706f,0f,0f,0f,1f], start_interpolation: 0, interpolation_duration: 1 }
$data merge entity $(bone_head) { transformation: [-0.911756965035403f,-0.4064403353048702f,-0.0592071832356144f,0.9252408338727562f,-0.4104269780299307f,0.8960310322608287f,0.16934605082732945f,4.041523036419562f,-0.015777592168951776f,0.17870266663611456f,-0.9837766131203222f,0.23021317689833778f,0f,0f,0f,1f], start_interpolation: 0, interpolation_duration: 1 }
$data merge entity $(bone_leftthumb2) { transformation: [-0.29860732581046434f,0.9221987826184262f,0.24572966916800268f,1.4044687693613374f,-0.009385825857753743f,0.2546266749866808f,-0.9669938793281968f,2.8199558877707647f,-0.9543299069217579f,-0.29105783226417414f,-0.06737779331789406f,0.704747311657977f,0f,0f,0f,1f], start_interpolation: 0, interpolation_duration: 1 }
$data merge entity $(bone_leftthumb) { transformation: [-0.29860732581046434f,0.9221987826184262f,0.24572966916800268f,1.6516305475105613f,-0.009385825857753743f,0.2546266749866808f,-0.9669938793281968f,2.7997642906684965f,-0.9543299069217579f,-0.29105783226417414f,-0.06737779331789406f,0.6276096234564663f,0f,0f,0f,1f], start_interpolation: 0, interpolation_duration: 1 }
$data merge entity $(bone_leftpointerfinger) { transformation: [-0.29860732581046434f,0.9221987826184262f,0.24572966916800268f,1.3932128264666597f,-0.009385825857753743f,0.2546266749866808f,-0.9669938793281968f,2.6719136495481743f,-0.9543299069217579f,-0.29105783226417414f,-0.06737779331789406f,0.8243344741759394f,0f,0f,0f,1f], start_interpolation: 0, interpolation_duration: 1 }
$data merge entity $(bone_leftmidfinger) { transformation: [-0.29860732581046434f,0.9221987826184262f,0.24572966916800268f,1.4316080872741601f,-0.009385825857753743f,0.2546266749866808f,-0.9669938793281968f,2.520820855903144f,-0.9543299069217579f,-0.29105783226417414f,-0.06737779331789406f,0.8138066939700185f,0f,0f,0f,1f], start_interpolation: 0, interpolation_duration: 1 }
$data merge entity $(bone_leftringfinger) { transformation: [-0.29860732581046434f,0.9221987826184262f,0.24572966916800268f,1.4700033480816606f,-0.009385825857753743f,0.2546266749866808f,-0.9669938793281968f,2.369728062258113f,-0.9543299069217579f,-0.29105783226417414f,-0.06737779331789406f,0.8032789137640975f,0f,0f,0f,1f], start_interpolation: 0, interpolation_duration: 1 }
$data merge entity $(bone_invisibility) { transformation: [0.9401062896626116f,-0.1644196737289077f,0.2986073258104644f,1.4304103925645881f,0.16937867382917315f,0.9855063526557494f,0.00938582585775354f,2.7282221585055204f,-0.2958226309609663f,0.041754038918900116f,0.9543299069217577f,0.6156687222654f,0f,0f,0f,1f], start_interpolation: 0, interpolation_duration: 1 }
$data merge entity $(bone_swiftness) { transformation: [0.24572966916800262f,0.9221987826184262f,0.2986073258104644f,1.336051025586495f,-0.9669938793281968f,0.2546266749866808f,0.009385825857753528f,2.511941214371769f,-0.06737779331789427f,-0.29105783226417414f,0.9543299069217579f,0.5927450442743392f,0f,0f,0f,1f], start_interpolation: 0, interpolation_duration: 1 }
$data merge entity $(bone_suspicious_stew) { transformation: [0.9396457835246971f,0.16703133381668778f,0.2986073258104645f,1.43325663759835f,-0.1778991340678993f,0.9840039656276085f,0.009385825857753773f,2.534975180741483f,-0.2922630657509606f,-0.061941336380147864f,0.9543299069217581f,0.616678721905678f,0f,0f,0f,1f], start_interpolation: 0, interpolation_duration: 1 }
$data merge entity $(bone_log) { transformation: [-0.29860732581046434f,0.9221987826184262f,0.24572966916800268f,1.5320556268731722f,-0.009385825857753743f,0.2546266749866808f,-0.9669938793281968f,2.520595755847144f,-0.9543299069217579f,-0.29105783226417414f,-0.06737779331789406f,0.4876697300369652f,0f,0f,0f,1f], start_interpolation: 0, interpolation_duration: 1 }
$data merge entity $(bone_planks) { transformation: [-0.29860732581046434f,0.9221987826184262f,0.24572966916800268f,1.5040611900784413f,-0.009385825857753743f,0.2546266749866808f,-0.9669938793281968f,2.5197158346729798f,-0.9543299069217579f,-0.29105783226417414f,-0.06737779331789406f,0.39820130126305037f,0f,0f,0f,1f], start_interpolation: 0, interpolation_duration: 1 }
$data merge entity $(bone_lefthand1) { transformation: [-0.29860732581046434f,0.9221987826184262f,0.24572966916800268f,1.8295781018188948f,-0.009385825857753743f,0.2546266749866808f,-0.9669938793281968f,2.616817439787259f,-0.9543299069217579f,-0.29105783226417414f,-0.06737779331789406f,0.6555933047425453f,0f,0f,0f,1f], start_interpolation: 0, interpolation_duration: 1 }
$data merge entity $(bone_leftforearm) { transformation: [-0.6559096591407225f,0.40207502749325685f,0.6388412880459418f,2.0726286717675637f,-0.008474600286711358f,0.8423516044302327f,-0.5388617222106179f,3.2321416375006375f,-0.7547918257346734f,-0.35885853310198634f,-0.5490991285952009f,0.34885315954143714f,0f,0f,0f,1f], start_interpolation: 0, interpolation_duration: 1 }
$data merge entity $(bone_leftelbow) { transformation: [-0.6559096591407225f,0.40207502749325685f,0.6388412880459418f,2.1480177394225493f,-0.008474600286711358f,0.8423516044302327f,-0.5388617222106179f,3.390082563331306f,-0.7547918257346734f,-0.35885853310198634f,-0.5490991285952009f,0.2815671845848147f,0f,0f,0f,1f], start_interpolation: 0, interpolation_duration: 1 }
$data merge entity $(bone_leftarm) { transformation: [-0.6182348358941256f,-0.5576271675295937f,0.5539292641844136f,1.7264851570740531f,-0.11347485046686359f,0.7606899042900546f,0.6391199635613883f,3.6239486912131995f,-0.7777590539482561f,0.3322691853664884f,-0.5335616575967616f,0.29111751475668196f,0f,0f,0f,1f], start_interpolation: 0, interpolation_duration: 1 }
$data merge entity $(bone_rightthumb2) { transformation: [-0.16777570536664083f,-0.897333269648703f,-0.40822091552282536f,0.9907106339851084f,-0.01174872209267036f,0.41588117079483483f,-0.9093430701927112f,2.7706441993996873f,0.9857551826989881f,-0.14776960093295557f,-0.08031727598841776f,0.4062740703699982f,0f,0f,0f,1f], start_interpolation: 0, interpolation_duration: 1 }
$data merge entity $(bone_rightthumb) { transformation: [-0.16777570536664083f,-0.897333269648703f,-0.40822091552282536f,0.7357608407149945f,-0.01174872209267036f,0.41588117079483483f,-0.9093430701927112f,2.794925752007346f,0.9857551826989881f,-0.14776960093295557f,-0.08031727598841776f,0.3631709704004176f,0f,0f,0f,1f], start_interpolation: 0, interpolation_duration: 1 }
$data merge entity $(bone_rightpointerfinger) { transformation: [-0.16777570536664083f,-0.897333269648703f,-0.40822091552282536f,0.9927124966288663f,-0.01174872209267036f,0.41588117079483483f,-0.9093430701927112f,2.614554269946122f,0.9857551826989881f,-0.14776960093295557f,-0.08031727598841776f,0.5157099715022884f,0f,0f,0f,1f], start_interpolation: 0, interpolation_duration: 1 }
$data merge entity $(bone_rightmidfinger) { transformation: [-0.16777570536664083f,-0.897333269648703f,-0.40822091552282536f,0.9289279785784248f,-0.01174872209267036f,0.41588117079483483f,-0.9093430701927112f,2.4724694152285105f,0.9857551826989881f,-0.14776960093295557f,-0.08031727598841776f,0.5031603971290981f,0f,0f,0f,1f], start_interpolation: 0, interpolation_duration: 1 }
$data merge entity $(bone_rightringfinger) { transformation: [-0.16777570536664083f,-0.897333269648703f,-0.40822091552282536f,0.8651434605279833f,-0.01174872209267036f,0.41588117079483483f,-0.9093430701927112f,2.3303845605108995f,0.9857551826989881f,-0.14776960093295557f,-0.08031727598841776f,0.49061082275590784f,0f,0f,0f,1f], start_interpolation: 0, interpolation_duration: 1 }
$data merge entity $(bone_hugeasssword) { transformation: [-0.6571215126860099f,-3.514555306124087f,-1.5988652524643994f,0.7976010317240901f,-0.04601582819629225f,1.6288679189464366f,-3.561593691588119f,2.574274517823838f,3.860874465571037f,-0.5787642703207427f,-0.3145759976213029f,0.21255843397249183f,0f,0f,0f,1f], start_interpolation: 0, interpolation_duration: 1 }
$data merge entity $(bone_ice) { transformation: [-0.16777570536664083f,-0.897333269648703f,-0.40822091552282536f,0.8142433594587049f,-0.01174872209267036f,0.41588117079483483f,-0.9093430701927112f,2.5679599483128666f,0.9857551826989881f,-0.14776960093295557f,-0.08031727598841776f,0.19946490925739757f,0f,0f,0f,1f], start_interpolation: 0, interpolation_duration: 1 }
$data merge entity $(bone_righthand1) { transformation: [-0.16777570536664083f,-0.897333269648703f,-0.40822091552282536f,0.5352092120947807f,-0.01174872209267036f,0.41588117079483483f,-0.9093430701927112f,2.6405760895448855f,0.9857551826989881f,-0.14776960093295557f,-0.08031727598841776f,0.40645138982426765f,0f,0f,0f,1f], start_interpolation: 0, interpolation_duration: 1 }
$data merge entity $(bone_rightforearm) { transformation: [-0.41684605635905364f,-0.6878069865987976f,-0.5942734341057033f,0.07768561012790562f,-0.015225572839975915f,0.658974261387269f,-0.7520113727602777f,3.111984768881624f,0.908849573488154f,-0.30442482161444095f,-0.28516307747570774f,0.14166857076211545f,0f,0f,0f,1f], start_interpolation: 0, interpolation_duration: 1 }
$data merge entity $(bone_rightelbow) { transformation: [-0.41684605635905364f,-0.6878069865987976f,-0.5942734341057033f,-0.051278199859368934f,-0.015225572839975915f,0.658974261387269f,-0.7520113727602777f,3.2355424428917368f,0.908849573488154f,-0.30442482161444095f,-0.28516307747570774f,0.08458891670940777f,0f,0f,0f,1f], start_interpolation: 0, interpolation_duration: 1 }
$data merge entity $(bone_rightarm) { transformation: [-0.39791679756414344f,0.6877790327826466f,-0.6071426720968175f,0.354889724695714f,0.06899770317528278f,0.6823538171257145f,0.7277586036664234f,3.4091267099481337f,0.9148232283741117f,0.24769592309631172f,-0.31897521927045364f,0.003307886928031245f,0f,0f,0f,1f], start_interpolation: 0, interpolation_duration: 1 }
$data merge entity $(bone_chest1) { transformation: [-1.0632299296623127f,-0.18302265731111123f,0.09826461566690323f,1.0695805791394155f,-0.15827450687285652f,1.0456283450288582f,0.234992884269878f,3.4329284618185794f,-0.13454519038426735f,0.21627570851600908f,-1.0529641592957808f,0.02307206824377124f,0f,0f,0f,1f], start_interpolation: 0, interpolation_duration: 1 }
$data merge entity $(bone_chest1lid) { transformation: [-0.9814430119959809f,-0.16894399136410268f,0.09070579907714145f,0.814459287267099f,-0.14609954480571372f,0.9651953954112537f,0.21691650855681047f,2.63850032849431f,-0.12419556035470834f,0.19963911555323915f,-0.9719669162730286f,0.2245746236292141f,0f,0f,0f,1f], start_interpolation: 0, interpolation_duration: 1 }
$data merge entity $(bone_chest2) { transformation: [-0.9814430119959809f,-0.16894399136410268f,0.09070579907714145f,0.84085678591774f,-0.14609954480571372f,0.9651953954112537f,0.21691650855681047f,2.4876885479613016f,-0.12419556035470834f,0.19963911555323915f,-0.9719669162730286f,0.19338101182402048f,0f,0f,0f,1f], start_interpolation: 0, interpolation_duration: 1 }
$data merge entity $(bone_chest1lid3) { transformation: [-0.9814430119959809f,-0.16894399136410268f,0.09070579907714145f,0.9339078780506416f,-0.14609954480571372f,0.9651953954112537f,0.21691650855681047f,2.7865936883388738f,-0.12419556035470834f,0.19963911555323915f,-0.9719669162730286f,-0.3903294595860256f,0f,0f,0f,1f], start_interpolation: 0, interpolation_duration: 1 }
$data merge entity $(bone_chest3) { transformation: [-0.9814430119959809f,-0.16894399136410268f,0.09070579907714145f,0.9603053767012826f,-0.14609954480571372f,0.9651953954112537f,0.21691650855681047f,2.6357819078058653f,-0.12419556035470834f,0.19963911555323915f,-0.9719669162730286f,-0.4215230713912192f,0f,0f,0f,1f], start_interpolation: 0, interpolation_duration: 1 }
$data merge entity $(bone_hugeasssword2) { transformation: [-0.3552643797188049f,2.387046903663993f,-3.0848131350195156f,-0.3116031987250121f,-0.8495896585141742f,2.97585372677646f,2.400576969554236f,4.430310890431627f,3.806870422069362f,0.886893147068222f,0.24786268988018956f,-0.15580571681458835f,0f,0f,0f,1f], start_interpolation: 0, interpolation_duration: 1 }
$data merge entity $(bone_belt) { transformation: [-0.9814430119959809f,-0.16894399136410268f,0.09070579907714145f,1.1564368162262493f,-0.14609954480571372f,0.9651953954112537f,0.21691650855681047f,3.0247466524987527f,-0.12419556035470834f,0.19963911555323915f,-0.9719669162730286f,0.07476054715659047f,0f,0f,0f,1f], start_interpolation: 0, interpolation_duration: 1 }
$data merge entity $(bone_torn_part) { transformation: [-0.9995831064585801f,0.0018833303164492061f,0.028810872071740358f,1.057494379717684f,0.013935533533973142f,0.9054131593262867f,0.42430273605518454f,2.7418219686807626f,-0.025286640499254845f,0.424527341858815f,-0.9050619436406275f,0.014665932822545788f,0f,0f,0f,1f], start_interpolation: 0, interpolation_duration: 1 }
$data merge entity $(bone_lowerbody) { transformation: [-0.9995831064585801f,0.010459760367403648f,0.026911088712118975f,1.1462182407407415f,0.013935533533973142f,0.9910981709573096f,0.1324017236677795f,2.237907430555555f,-0.025286640499254845f,0.13272154662349298f,-0.9908307508722817f,0.09166546296296332f,0f,0f,0f,1f], start_interpolation: 0, interpolation_duration: 1 }
$data merge entity $(bone_leftfoot) { transformation: [-0.9068082645267858f,-0.08496017154636548f,-0.41289289245121585f,1.745320748687719f,-0.12007650521829245f,0.9909614982349304f,0.05980754058263621f,0.22491653973512293f,0.4040797004063439f,0.10381270763637013f,-0.9088137969093149f,0.06176516646619318f,0f,0f,0f,1f], start_interpolation: 0, interpolation_duration: 1 }
$data merge entity $(bone_leftlowerleg) { transformation: [-0.9068082645267858f,-0.08496017154636548f,-0.41289289245121585f,1.7145072448971945f,-0.12007650521829245f,0.9909614982349304f,0.05980754058263621f,1.315075284886967f,0.4040797004063439f,0.10381270763637013f,-0.9088137969093149f,0.316567652835046f,0f,0f,0f,1f], start_interpolation: 0, interpolation_duration: 1 }
$data merge entity $(bone_leftleg) { transformation: [-0.9388887853829553f,-0.2945205246087423f,-0.17817269506383487f,1.3824886144659825f,-0.19137493417844262f,0.8768645134303986f,-0.44100369573810505f,2.2367781692536317f,0.28611795338691326f,-0.3799556364507067f,-0.8796421039712816f,-0.05743637708820952f,0f,0f,0f,1f], start_interpolation: 0, interpolation_duration: 1 }
$data merge entity $(bone_rightfoot) { transformation: [-0.9826205453693484f,-0.02946570416591364f,0.1832720275875487f,0.8362416274677328f,0.06528782755172392f,0.8693766348605567f,0.48981809514564706f,0.4003413986163382f,-0.17376525369480725f,0.49327075631598183f,-0.8523435912657749f,-0.36342495678034137f,0f,0f,0f,1f], start_interpolation: 0, interpolation_duration: 1 }
$data merge entity $(bone_rightlowerleg) { transformation: [-0.9826205453693484f,-0.02946570416591364f,0.1832720275875487f,0.7753941666849662f,0.06528782755172392f,0.8693766348605567f,0.48981809514564706f,1.289547695549806f,-0.17376525369480725f,0.49327075631598183f,-0.8523435912657749f,0.31475615230247544f,0f,0f,0f,1f], start_interpolation: 0, interpolation_duration: 1 }
$data merge entity $(bone_rightleg) { transformation: [-0.9867685669219778f,0.09589652083676543f,0.1307350474285691f,0.9040322185891131f,0.03631833361088672f,0.9165786461804168f,-0.3982016624900031f,2.2467964665578513f,-0.15801510680461767f,-0.3881848047740636f,-0.9079337989986095f,-0.07694092759469662f,0f,0f,0f,1f], start_interpolation: 0, interpolation_duration: 1 }
data modify entity @s data merge value {"locators":{"lefthand":{"posx":1.4841637576950886,"posy":2.516692247402477,"posz":0.6009298299771106,"roty":74.66664941441539,"rotx":-75.23828902451116},"righthand":{"posx":0.8189136712238875,"posy":2.5745688477947706,"posz":0.2954433150873242,"roty":281.1307462137013,"rotx":-65.41472598075276},"chest":{"posx":0.7801754114966777,"posy":2.5397168010439266,"posz":0.36008589831371274,"roty":5.331509439687437,"rotx":12.527988980247242},"sack":{"posx":0,"posy":-0.4375,"posz":0,"roty":0,"rotx":0}},"cameras":{}}