# This file was generated by Animated Java via MC-Build. It is not recommended to edit this file directly.
$data merge entity $(bone_nose) { transformation: [-0.9991674863742996f,-0.03153196238523867f,-0.025885701083795842f,-0.5647276464228522f,-0.03881436060203367f,0.9301168338724822f,0.3652069560647557f,3.6417680291139978f,0.01256103433316852f,0.36590765323393426f,-0.9305663918933007f,0.3343107625809437f,0f,0f,0f,1f], start_interpolation: 0, interpolation_duration: 1 }
$data merge entity $(bone_glowing_eye) { transformation: [-0.9991674863742996f,-0.03153196238523867f,-0.025885701083795842f,-0.6908552545524325f,-0.03881436060203367f,0.9301168338724822f,0.3652069560647557f,3.6871485759049585f,0.01256103433316852f,0.36590765323393426f,-0.9305663918933007f,0.39312850884532136f,0f,0f,0f,1f], start_interpolation: 0, interpolation_duration: 1 }
$data merge entity $(bone_head) { transformation: [-0.9991674863742996f,-0.03153196238523867f,-0.025885701083795842f,-0.5656814052013516f,-0.03881436060203367f,0.9301168338724822f,0.3652069560647557f,3.5953069376404354f,0.01256103433316852f,0.36590765323393426f,-0.9305663918933007f,0.11487641930705395f,0f,0f,0f,1f], start_interpolation: 0, interpolation_duration: 1 }
$data merge entity $(bone_leftthumb2) { transformation: [-0.425378991895008f,-0.8468241860063237f,-0.3192828076315949f,0.8605201280331378f,-0.2579890612222362f,0.45161877089085045f,-0.8540972603098002f,2.212004428145903f,0.8674643263812387f,-0.28094355976559604f,-0.41058051425046865f,-0.3216038668030982f,0f,0f,0f,1f], start_interpolation: 0, interpolation_duration: 1 }
$data merge entity $(bone_leftthumb) { transformation: [-0.425378991895008f,-0.8468241860063237f,-0.3192828076315949f,0.6255577370633049f,-0.2579890612222362f,0.45161877089085045f,-0.8540972603098002f,2.2497715279431776f,0.8674643263812387f,-0.28094355976559604f,-0.41058051425046865f,-0.42559035205547185f,0f,0f,0f,1f], start_interpolation: 0, interpolation_duration: 1 }
$data merge entity $(bone_leftpointerfinger) { transformation: [-0.425378991895008f,-0.8468241860063237f,-0.3192828076315949f,0.9349813687274152f,-0.2579890612222362f,0.45161877089085045f,-0.8540972603098002f,2.089765863238777f,0.8674643263812387f,-0.28094355976559604f,-0.41058051425046865f,-0.44753061881082434f,0f,0f,0f,1f], start_interpolation: 0, interpolation_duration: 1 }
$data merge entity $(bone_leftmidfinger) { transformation: [-0.425378991895008f,-0.8468241860063237f,-0.3192828076315949f,0.8850934300349785f,-0.2579890612222362f,0.45161877089085045f,-0.8540972603098002f,1.956313166315371f,0.8674643263812387f,-0.28094355976559604f,-0.41058051425046865f,-0.51168382416246f,0f,0f,0f,1f], start_interpolation: 0, interpolation_duration: 1 }
$data merge entity $(bone_leftringfinger) { transformation: [-0.425378991895008f,-0.8468241860063237f,-0.3192828076315949f,0.8352054913425419f,-0.2579890612222362f,0.45161877089085045f,-0.8540972603098002f,1.8228604693919648f,0.8674643263812387f,-0.28094355976559604f,-0.41058051425046865f,-0.5758370295140958f,0f,0f,0f,1f], start_interpolation: 0, interpolation_duration: 1 }
$data merge entity $(bone_invisibility) { transformation: [-0.871429094561047f,0.24426224924637924f,0.4253789918950078f,0.7725790001411469f,0.3754607440191353f,0.8902083317910848f,0.25798906122223597f,2.117479256710476f,-0.315658934378723f,0.3845322868145575f,-0.8674643263812386f,-0.302778618393377f,0f,0f,0f,1f], start_interpolation: 0, interpolation_duration: 1 }
$data merge entity $(bone_swiftness) { transformation: [-0.319282807631595f,-0.8468241860063237f,0.42537899189500794f,0.8052326914463762f,-0.8540972603098003f,0.45161877089085045f,0.257989061222236f,1.882742341232738f,-0.4105805142504685f,-0.28094355976559604f,-0.8674643263812388f,-0.29653771295655224f,0f,0f,0f,1f], start_interpolation: 0, interpolation_duration: 1 }
$data merge entity $(bone_suspicious_stew) { transformation: [-0.9024180991934585f,-0.068514870666536f,0.425378991895008f,0.7524083574292693f,0.048348509320677024f,0.9649373378288031f,0.2579890612222363f,1.9361663905168798f,-0.42814015917049175f,0.2533804383953314f,-0.8674643263812389f,-0.36659323545132755f,0f,0f,0f,1f], start_interpolation: 0, interpolation_duration: 1 }
$data merge entity $(bone_log) { transformation: [-0.425378991895008f,-0.8468241860063237f,-0.3192828076315949f,0.5917096720805908f,-0.2579890612222362f,0.45161877089085045f,-0.8540972603098002f,1.9283964533116293f,0.8674643263812387f,-0.28094355976559604f,-0.41058051425046865f,-0.33963236142927666f,0f,0f,0f,1f], start_interpolation: 0, interpolation_duration: 1 }
$data merge entity $(bone_planks) { transformation: [-0.425378991895008f,-0.8468241860063237f,-0.3192828076315949f,0.5518303915904338f,-0.2579890612222362f,0.45161877089085045f,-0.8540972603098002f,1.9042099788220448f,0.8674643263812387f,-0.28094355976559604f,-0.41058051425046865f,-0.2583075808310355f,0f,0f,0f,1f], start_interpolation: 0, interpolation_duration: 1 }
$data merge entity $(bone_lefthand) { transformation: [-0.425378991895008f,-0.8468241860063237f,-0.3192828076315949f,0.49632596129124934f,-0.2579890612222362f,0.45161877089085045f,-0.8540972603098002f,2.1324889507245826f,0.8674643263812387f,-0.28094355976559604f,-0.41058051425046865f,-0.6139036918956582f,0f,0f,0f,1f], start_interpolation: 0, interpolation_duration: 1 }
$data merge entity $(bone_leftforearm) { transformation: [-0.8553459928394065f,-0.4836898288443323f,0.1855461721677666f,0.07153948569441976f,-0.4713665595437671f,0.5780336269375379f,-0.6661011129500591f,2.5076514348990493f,0.21493440645332235f,-0.6572071785989377f,-0.7224139570361183f,-1.0624491894256136f,0f,0f,0f,1f], start_interpolation: 0, interpolation_duration: 1 }
$data merge entity $(bone_leftelbow) { transformation: [-0.8553459928394065f,-0.4836898288443323f,0.1855461721677666f,-0.01915235721389255f,-0.4713665595437671f,0.5780336269375379f,-0.6661011129500591f,2.6160327399498375f,0.21493440645332235f,-0.6572071785989377f,-0.7224139570361183f,-1.1856755354129145f,0f,0f,0f,1f], start_interpolation: 0, interpolation_duration: 1 }
$data merge entity $(bone_leftarm) { transformation: [-0.6983728603008665f,-0.1293739505122844f,-0.7039444075522094f,-0.11607044105256709f,-0.4696265419074636f,0.8250321168594508f,0.31428158916241106f,2.9385830661934826f,0.5401168939509516f,0.5500767101770974f,-0.636937480283205f,-0.5265934665747569f,0f,0f,0f,1f], start_interpolation: 0, interpolation_duration: 1 }
$data merge entity $(bone_rightthumb2) { transformation: [-0.08219059259012271f,-0.3745964741362911f,-0.923537864981368f,0.012309898629273952f,0.9598418159419614f,0.2196543153695583f,-0.17451552970657924f,2.0613310712648665f,0.26823197956045797f,-0.9007937962176411f,0.3414998416352321f,1.3004260830632175f,0f,0f,0f,1f], start_interpolation: 0, interpolation_duration: 1 }
$data merge entity $(bone_rightthumb) { transformation: [-0.08219059259012271f,-0.3745964741362911f,-0.923537864981368f,-0.15848031427574066f,0.9598418159419614f,0.2196543153695583f,-0.17451552970657924f,2.100285983821985f,0.26823197956045797f,-0.9007937962176411f,0.3414998416352321f,1.1086968832108555f,0f,0f,0f,1f], start_interpolation: 0, interpolation_duration: 1 }
$data merge entity $(bone_rightpointerfinger) { transformation: [-0.08219059259012271f,-0.3745964741362911f,-0.923537864981368f,-0.08784627968531641f,0.9598418159419614f,0.2196543153695583f,-0.17451552970657924f,2.125014194755005f,0.26823197956045797f,-0.9007937962176411f,0.3414998416352321f,1.4496155254358456f,0f,0f,0f,1f], start_interpolation: 0, interpolation_duration: 1 }
$data merge entity $(bone_rightmidfinger) { transformation: [-0.08219059259012271f,-0.3745964741362911f,-0.923537864981368f,-0.23214907108865518f,0.9598418159419614f,0.2196543153695583f,-0.17451552970657924f,2.097746143238352f,0.26823197956045797f,-0.9007937962176411f,0.3414998416352321f,1.5029748756913506f,0f,0f,0f,1f], start_interpolation: 0, interpolation_duration: 1 }
$data merge entity $(bone_rightringfinger) { transformation: [-0.08219059259012271f,-0.3745964741362911f,-0.923537864981368f,-0.3764518624919939f,0.9598418159419614f,0.2196543153695583f,-0.17451552970657924f,2.070478091721699f,0.26823197956045797f,-0.9007937962176411f,0.3414998416352321f,1.5563342259468556f,0f,0f,0f,1f], start_interpolation: 0, interpolation_duration: 1 }
$data merge entity $(bone_hugeasssword) { transformation: [-0.32191315431131395f,-1.4671695237004736f,-3.6171899711770252f,-0.2719768246005041f,3.7593804457726825f,0.8603127351974367f,-0.6835191580174355f,1.8901322488398755f,1.0505752532784605f,-3.528109035185761f,1.3375410464046593f,1.243416081238345f,0f,0f,0f,1f], start_interpolation: 0, interpolation_duration: 1 }
$data merge entity $(bone_ice) { transformation: [-0.08219059259012271f,-0.3745964741362911f,-0.923537864981368f,-0.2648395266829039f,0.9598418159419614f,0.2196543153695583f,-0.17451552970657924f,1.871702621788133f,0.26823197956045797f,-0.9007937962176411f,0.3414998416352321f,1.2532998596236136f,0f,0f,0f,1f], start_interpolation: 0, interpolation_duration: 1 }
$data merge entity $(bone_righthand) { transformation: [-0.08219059259012271f,-0.3745964741362911f,-0.923537864981368f,-0.4078968516451751f,0.9598418159419614f,0.2196543153695583f,-0.17451552970657924f,2.1611230443126823f,0.26823197956045797f,-0.9007937962176411f,0.3414998416352321f,1.1058312755104187f,0f,0f,0f,1f], start_interpolation: 0, interpolation_duration: 1 }
$data merge entity $(bone_rightforearm) { transformation: [0.2925061975112753f,-0.9270238898243083f,-0.23466323127516925f,-1.074325548533672f,0.3825433652916967f,0.33834099544352214f,-0.8597592363409593f,2.3885438344710055f,0.8764135428488072f,0.16171604279506524f,0.4535936765585543f,1.157674620476421f,0f,0f,0f,1f], start_interpolation: 0, interpolation_duration: 1 }
$data merge entity $(bone_rightelbow) { transformation: [0.2925061975112753f,-0.9270238898243083f,-0.23466323127516925f,-1.2481425278757299f,0.3825433652916967f,0.33834099544352214f,-0.8597592363409593f,2.4519827711166657f,0.8764135428488072f,0.16171604279506524f,0.4535936765585543f,1.1879963785004957f,0f,0f,0f,1f], start_interpolation: 0, interpolation_duration: 1 }
$data merge entity $(bone_rightarm) { transformation: [0.010166432394720926f,-0.12778645261875304f,-0.9917495985275109f,-1.1395659854078888f,0.27723406854343846f,0.9532807516246082f,-0.11998783197005355f,2.9500724687136555f,0.9607486221125772f,-0.27372692799419085f,0.04511822247881081f,0.7812692592007626f,0f,0f,0f,1f], start_interpolation: 0, interpolation_duration: 1 }
$data merge entity $(bone_chest) { transformation: [-0.6654932389348645f,0.10822864571082731f,-0.8479483594480826f,-0.696630506500762f,0.1370409216448353f,1.0742240625198685f,0.029556055372028232f,2.946734505412809f,0.8437710861589349f,-0.08910855661506649f,-0.6735882499058767f,0.11991563092060675f,0f,0f,0f,1f], start_interpolation: 0, interpolation_duration: 1 }
$data merge entity $(bone_chest1lid) { transformation: [-0.6143014513244903f,0.09990336527153292f,-0.7827215625674608f,-0.668354311226751f,0.1264993122875403f,0.9915914423260326f,0.027282512651102986f,2.301546042984658f,0.778865617992863f,-0.08225405226006138f,-0.6217737691438863f,0.6853698882579898f,0f,0f,0f,1f], start_interpolation: 0, interpolation_duration: 1 }
$data merge entity $(bone_chest1) { transformation: [-0.6143014513244903f,0.09990336527153292f,-0.7827215625674608f,-0.683964212050428f,0.1264993122875403f,0.9915914423260326f,0.027282512651102986f,2.1466098801212157f,0.778865617992863f,-0.08225405226006138f,-0.6217737691438863f,0.6982220839236244f,0f,0f,0f,1f], start_interpolation: 0, interpolation_duration: 1 }
$data merge entity $(bone_chest1lid3) { transformation: [-0.6143014513244903f,0.09990336527153292f,-0.7827215625674608f,-1.13139147153875f,0.1264993122875403f,0.9915914423260326f,0.027282512651102986f,2.3111176956337998f,0.778865617992863f,-0.08225405226006138f,-0.6217737691438863f,0.23836696627563383f,0f,0f,0f,1f], start_interpolation: 0, interpolation_duration: 1 }
$data merge entity $(bone_chest3) { transformation: [-0.6143014513244903f,0.09990336527153292f,-0.7827215625674608f,-1.147001372362427f,0.1264993122875403f,0.9915914423260326f,0.027282512651102986f,2.1561815327703573f,0.778865617992863f,-0.08225405226006138f,-0.6217737691438863f,0.2512191619412684f,0f,0f,0f,1f], start_interpolation: 0, interpolation_duration: 1 }
$data merge entity $(bone_hugeasssword2) { transformation: [3.0656594533892214f,2.0382500704892816f,-1.3369916019831674f,-1.5449307370281324f,-0.10685650788348637f,2.258523869917205f,3.198113411609246f,4.260360363706657f,2.4352805958135555f,-2.4667558365072186f,1.8234039158917388f,0.8193521344277201f,0f,0f,0f,1f], start_interpolation: 0, interpolation_duration: 1 }
$data merge entity $(bone_belt) { transformation: [-0.6143014513244903f,0.09990336527153292f,-0.7827215625674608f,-0.6142894970362753f,0.1264993122875403f,0.9915914423260326f,0.027282512651102986f,2.5441309222303397f,0.778865617992863f,-0.08225405226006138f,-0.6217737691438863f,0.20912553621042568f,0f,0f,0f,1f], start_interpolation: 0, interpolation_duration: 1 }
$data merge entity $(bone_torn_part) { transformation: [-0.8598710356773221f,0.15822352069788737f,-0.48537317550640824f,-0.7076440627627527f,0.058334869627758676f,0.9749838652771362f,0.21448427782652837f,2.259390033175161f,0.507167472329133f,0.1561146371972219f,-0.8475903344564861f,0.2808333873936911f,0f,0f,0f,1f], start_interpolation: 0, interpolation_duration: 1 }
$data merge entity $(bone_lowerbody) { transformation: [-0.8598710356773221f,0.004945924898055762f,-0.5104873552107948f,-0.5543f,0.058334869627758676f,0.9943553052657533f,-0.08862601127977554f,1.7806312499999999f,0.507167472329133f,-0.10598615341993167f,-0.8553058460542199f,0.40333374999999994f,0f,0f,0f,1f], start_interpolation: 0, interpolation_duration: 1 }
$data merge entity $(bone_leftfoot) { transformation: [-0.9623488246308349f,-0.2653279456995344f,0.059181169862222716f,0.23016596085180077f,-0.26262977610759713f,0.9636042171826887f,0.04970268443608972f,0.16866683422071405f,-0.07021114961860123f,0.03229642212663136f,-0.9970119870817364f,0.8301881481938037f,0f,0f,0f,1f], start_interpolation: 0, interpolation_duration: 1 }
$data merge entity $(bone_leftlowerleg) { transformation: [-0.9623488246308349f,-0.2653279456995344f,0.059181169862222716f,-0.07327515674033255f,-0.26262977610759713f,0.9636042171826887f,0.04970268443608972f,1.2300286626433985f,-0.07021114961860123f,0.03229642212663136f,-0.9970119870817364f,1.0192035213782007f,0f,0f,0f,1f], start_interpolation: 0, interpolation_duration: 1 }
$data merge entity $(bone_leftleg) { transformation: [-0.9665315231631629f,-0.19435998133221918f,0.16750803038812864f,-0.3098929886887598f,-0.24369845002520735f,0.4910521294291573f,-0.8363463616726382f,1.7196115241416428f,0.08029869418121288f,-0.8491595868502162f,-0.5219825888594662f,0.26178724854890023f,0f,0f,0f,1f], start_interpolation: 0, interpolation_duration: 1 }
$data merge entity $(bone_rightfoot) { transformation: [-0.9426357870855051f,-0.18243824105583573f,0.27949380098483445f,-0.4874234806299111f,0.1497081194492587f,0.5173427192519432f,0.8426134073184474f,0.42439064188698017f,-0.2983108580253232f,0.8361096369629546f,-0.4603642257836823f,-0.4959519586876492f,0f,0f,0f,1f], start_interpolation: 0, interpolation_duration: 1 }
$data merge entity $(bone_rightlowerleg) { transformation: [-0.9426357870855051f,-0.18243824105583573f,0.27949380098483445f,-0.7327589040371694f,0.1497081194492587f,0.5173427192519432f,0.8426134073184474f,0.8688538574562823f,-0.2983108580253232f,0.8361096369629546f,-0.4603642257836823f,0.5023401190163035f,0f,0f,0f,1f], start_interpolation: 0, interpolation_duration: 1 }
$data merge entity $(bone_rightleg) { transformation: [-0.9856697470227566f,-0.024663317298944325f,0.16675740449663112f,-0.7545344596943524f,-0.046554583210938666f,0.990612488041201f,-0.1286807443622467f,1.8013431423262694f,-0.16201179273790867f,-0.13460542231512462f,-0.9775649513336315f,0.4129966689359774f,0f,0f,0f,1f], start_interpolation: 0, interpolation_duration: 1 }
data modify entity @s data merge value {"locators":{"lefthand":{"posx":0.7027358859717356,"posy":1.9306454810177072,"posz":-0.39259310588566704,"roty":322.1300243016052,"rotx":-58.66014663778291},"righthand":{"posx":-0.2522615456895144,"posy":1.960982498506708,"posz":1.2871855757477566,"roty":249.70694123330543,"rotx":-10.050466171580037},"chest":{"posx":-0.5714949477589464,"posy":2.239261788746532,"posz":0.8120024685152528,"roty":308.4627206212451,"rotx":1.563366815240609},"sack":{"posx":0,"posy":-0.4375,"posz":0,"roty":0,"rotx":0}},"cameras":{}}