# This file was generated by Animated Java via MC-Build. It is not recommended to edit this file directly.
$data merge entity $(bone_nose) { transformation: [-1f,-1.5856126684894754e-17f,1.2143385472417134e-16f,-1.170738854176864e-16f,0f,0.9915826735407982f,0.1294751000528021f,3.567852564915974f,-1.2246467991473532e-16f,0.1294751000528021f,-0.9915826735407982f,0.9539730250742459f,0f,0f,0f,1f], start_interpolation: 0, interpolation_duration: 1 }
$data merge entity $(bone_glowing_eye) { transformation: [-1f,-1.5856126684894754e-17f,1.2143385472417134e-16f,-0.1250000000000001f,0f,0.9915826735407982f,0.1294751000528021f,3.6304726539856285f,-1.2246467991473532e-16f,0.1294751000528021f,-0.9915826735407982f,0.9973414384653856f,0f,0f,0f,1f], start_interpolation: 0, interpolation_duration: 1 }
$data merge entity $(bone_head) { transformation: [-1f,-1.5856126684894754e-17f,1.2143385472417134e-16f,-9.237692397865679e-17f,0f,0.9915826735407982f,0.1294751000528021f,3.4696598949433985f,-1.2246467991473532e-16f,0.1294751000528021f,-0.9915826735407982f,0.7523070307955314f,0f,0f,0f,1f], start_interpolation: 0, interpolation_duration: 1 }
$data merge entity $(bone_leftthumb2) { transformation: [-0.5399664128906084f,0.7493118441700782f,0.38336409995784093f,0.6063311928241308f,-0.4413059231162461f,0.1358066079453362f,-0.887020657854652f,2.8584930380032483f,-0.7167184629773166f,-0.648142210803168f,0.2573447481543288f,1.7482036710766244f,0f,0f,0f,1f], start_interpolation: 0, interpolation_duration: 1 }
$data merge entity $(bone_leftthumb) { transformation: [-0.5399664128906084f,0.7493118441700782f,0.38336409995784093f,0.8228556403401585f,-0.4413059231162461f,0.1358066079453362f,-0.887020657854652f,2.8159960221836684f,-0.7167184629773166f,-0.648142210803168f,0.2573447481543288f,1.611243693759127f,0f,0f,0f,1f], start_interpolation: 0, interpolation_duration: 1 }
$data merge entity $(bone_leftpointerfinger) { transformation: [-0.5399664128906082f,0.8224593054725046f,0.17887695153857722f,0.7626149205426456f,-0.44130592311624617f,-0.09567511744596796f,-0.8922417576667313f,2.9002143451579636f,-0.7167184629773166f,-0.5607200395414682f,0.41461751299727734f,1.9315238958042116f,0f,0f,0f,1f], start_interpolation: 0, interpolation_duration: 1 }
$data merge entity $(bone_leftmidfinger) { transformation: [-0.5399664128906082f,0.8224593054725046f,0.17887695153857722f,0.7905644442205483f,-0.44130592311624617f,-0.09567511744596796f,-0.8922417576667313f,2.760801570522537f,-0.7167184629773166f,-0.5607200395414682f,0.41461751299727734f,1.9963078822100362f,0f,0f,0f,1f], start_interpolation: 0, interpolation_duration: 1 }
$data merge entity $(bone_leftringfinger) { transformation: [-0.5399664128906082f,0.8224593054725046f,0.17887695153857722f,0.818513967898451f,-0.44130592311624617f,-0.09567511744596796f,-0.8922417576667313f,2.6213887958871105f,-0.7167184629773166f,-0.5607200395414682f,0.41461751299727734f,2.061091868615861f,0f,0f,0f,1f], start_interpolation: 0, interpolation_duration: 1 }
$data merge entity $(bone_invisibility) { transformation: [0.4615322735461688f,-0.13918139064706816f,0.8761372614909446f,0.6592799058731881f,-0.3780796901061751f,0.8625722894367239f,0.33619160225250494f,2.8417347751461413f,-0.802523338230436f,-0.4864129788496976f,0.34548329279726553f,1.7748887805766909f,0f,0f,0f,1f], start_interpolation: 0, interpolation_duration: 1 }
$data merge entity $(bone_swiftness) { transformation: [0.17887695153857702f,0.4476455464264257f,0.8761372614909448f,0.5865686067745467f,-0.8922417576667314f,-0.3014628541805362f,0.336191602252505f,2.69775269398127f,0.4146175129972773f,-0.8418631790937954f,0.34548329279726564f,1.9486381956299559f,0f,0f,0f,1f], start_interpolation: 0, interpolation_duration: 1 }
$data merge entity $(bone_suspicious_stew) { transformation: [0.4813013108832547f,0.027065608605911673f,0.8761372614909451f,0.6718359492979326f,-0.6502957929236945f,0.6812419454794582f,0.3361916022525052f,2.688570516873342f,-0.5877622222019754f,-0.7315578340433208f,0.3454832927972655f,1.8920919007837018f,0f,0f,0f,1f], start_interpolation: 0, interpolation_duration: 1 }
$data merge entity $(bone_log) { transformation: [-0.8761372614909448f,0.4476455464264257f,0.17887695153857722f,0.6540386314398305f,-0.3361916022525052f,-0.3014628541805362f,-0.8922417576667313f,2.5775458649989744f,-0.34548329279726553f,-0.8418631790937954f,0.41461751299727734f,1.7739051406189812f,0f,0f,0f,1f], start_interpolation: 0, interpolation_duration: 1 }
$data merge entity $(bone_planks) { transformation: [-0.8761372614909448f,0.4476455464264257f,0.17887695153857722f,0.5719007631750544f,-0.3361916022525052f,-0.3014628541805362f,-0.8922417576667313f,2.546027902287802f,-0.34548329279726553f,-0.8418631790937954f,0.41461751299727734f,1.7415160819192375f,0f,0f,0f,1f], start_interpolation: 0, interpolation_duration: 1 }
$data merge entity $(bone_lefthand1) { transformation: [-0.8761372614909448f,0.4476455464264257f,0.17887695153857722f,0.9793944286835926f,-0.3361916022525052f,-0.3014628541805362f,-0.8922417576667313f,2.6141106069440516f,-0.34548329279726553f,-0.8418631790937954f,0.41461751299727734f,1.636853371763684f,0f,0f,0f,1f], start_interpolation: 0, interpolation_duration: 1 }
$data merge entity $(bone_leftforearm) { transformation: [-0.9667115118433824f,0.16630711969791595f,0.19444998021924537f,1.0328713717900526f,-0.2177742183615521f,-0.135824282867252f,-0.9665020196567681f,2.520099863462555f,-0.13432513795450532f,-0.9766748210747423f,0.16752030083581915f,0.9391160623727896f,0f,0f,0f,1f], start_interpolation: 0, interpolation_duration: 1 }
$data merge entity $(bone_leftelbow) { transformation: [-0.9667115118433824f,-0.09302471851359098f,0.23835950707901085f,1.0154292370687543f,-0.2177742183615521f,0.7881868361954386f,-0.5756178429003395f,2.6678848952491996f,-0.13432513795450532f,-0.6083649504973903f,-0.7822076733961456f,0.8250476341545289f,0f,0f,0f,1f], start_interpolation: 0, interpolation_duration: 1 }
$data merge entity $(bone_leftarm) { transformation: [-0.9667115118433824f,-0.09302471851359098f,0.23835950707901085f,0.7499999999999999f,-0.2177742183615521f,0.7881868361954386f,-0.5756178429003395f,3.032328260670965f,-0.13432513795450532f,-0.6083649504973903f,-0.7822076733961456f,0.5159255247719152f,0f,0f,0f,1f], start_interpolation: 0, interpolation_duration: 1 }
$data merge entity $(bone_rightthumb2) { transformation: [-0.01655743810363218f,0.05149340560326353f,-0.9985360686639327f,-0.9540381680803363f,-0.5206916793432295f,0.852124302307994f,0.052577071797908916f,1.5137346208787155f,0.8535842233231423f,0.5207999640893737f,0.012703192446599981f,-0.29866487261978747f,0f,0f,0f,1f], start_interpolation: 0, interpolation_duration: 1 }
$data merge entity $(bone_rightthumb) { transformation: [-0.01655743810363218f,0.05149340560326353f,-0.9985360686639327f,-1.026742192644526f,-0.5206916793432295f,0.852124302307994f,0.052577071797908916f,1.7272048202006536f,0.8535842233231423f,0.5207999640893737f,0.012703192446599981f,-0.1698570043580939f,0f,0f,0f,1f], start_interpolation: 0, interpolation_duration: 1 }
$data merge entity $(bone_rightpointerfinger) { transformation: [-0.13830572493886886f,-0.9900210998877763f,-0.02701385248592629f,-1.1540946682282687f,-0.8462831829514664f,0.10396885026580606f,0.5224894759016124f,1.4753542190342863f,-0.5144670064276905f,0.09512465480307325f,-0.8522176948092121f,-0.3752317679728856f,0f,0f,0f,1f], start_interpolation: 0, interpolation_duration: 1 }
$data merge entity $(bone_rightmidfinger) { transformation: [-0.13830572493886886f,-0.9900210998877763f,-0.02701385248592629f,-1.1583155826791947f,-0.8462831829514664f,0.10396885026580606f,0.5224894759016124f,1.5569931996439133f,-0.5144670064276905f,0.09512465480307325f,-0.8522176948092121f,-0.5083907827868249f,0f,0f,0f,1f], start_interpolation: 0, interpolation_duration: 1 }
$data merge entity $(bone_rightringfinger) { transformation: [-0.26634618467507987f,-0.9634988124968794f,-0.02701385248592629f,-1.1625364971301206f,-0.8254724548696113f,0.21354150374949665f,0.5224894759016124f,1.6386321802535402f,-0.4976494108914088f,0.1614622695663197f,-0.8522176948092121f,-0.6415497976007644f,0f,0f,0f,1f], start_interpolation: 0, interpolation_duration: 1 }
$data merge entity $(bone_hugeasssword) { transformation: [-3.9100393098209754f,0.20168250527944884f,-0.10580425556987798f,-0.8822583549219104f,0.11677454723130329f,3.33748685070631f,2.046417113947982f,1.7139975000786283f,0.19553536394068233f,2.039799859350047f,-3.3378526380027473f,-0.40254843056915834f,0f,0f,0f,1f], start_interpolation: 0, interpolation_duration: 1 }
$data merge entity $(bone_ice) { transformation: [-0.9983079088904617f,0.05149340560326353f,-0.02701385248592629f,-0.8674643783080479f,0.029814778016502966f,0.852124302307994f,0.5224894759016124f,1.700217201948558f,0.049923922708259315f,0.5207999640893737f,-0.8522176948092121f,-0.41146599130037137f,0f,0f,0f,1f], start_interpolation: 0, interpolation_duration: 1 }
$data merge entity $(bone_righthand1) { transformation: [-0.9983079088904617f,0.05149340560326353f,-0.02701385248592629f,-1.1050121870200327f,0.029814778016502966f,0.852124302307994f,0.5224894759016124f,1.9370297681516075f,0.049923922708259315f,0.5207999640893737f,-0.8522176948092121f,-0.295416822563751f,0f,0f,0f,1f], start_interpolation: 0, interpolation_duration: 1 }
$data merge entity $(bone_rightforearm) { transformation: [-0.9983079088904617f,0.050302773122556536f,-0.029171048368788553f,-1.006793007731819f,0.029814778016502966f,0.8734938634206726f,0.4859213409372494f,2.541749196291092f,0.049923922708259315f,0.4842293894246906f,-0.8735155982344056f,0.05558540292863093f,0f,0f,0f,1f], start_interpolation: 0, interpolation_duration: 1 }
$data merge entity $(bone_rightelbow) { transformation: [-0.9983079088904617f,0.05331775583997566f,-0.023206377548905366f,-0.9967959285118236f,0.029814778016502966f,0.811967333240471f,0.5829409307658753f,2.6939930712736806f,0.049923922708259315f,0.5812626486043526f,-0.8121830675893662f,0.16457214954194704f,0f,0f,0f,1f], start_interpolation: 0, interpolation_duration: 1 }
$data merge entity $(bone_rightarm) { transformation: [-0.9983079088904617f,0.05581219338402334f,-0.016319256000748912f,-0.7500000000000001f,0.029814778016502966f,0.7322390197766825f,0.6803948095983023f,3.032328260670965f,0.049923922708259315f,0.6787569645949483f,-0.73266403279762f,0.5159255247719151f,0f,0f,0f,1f], start_interpolation: 0, interpolation_duration: 1 }
$data merge entity $(bone_chest1) { transformation: [-1.0833333333333333f,-6.96486796128546e-17f,1.1291770843176613e-16f,-0.0023231250000000417f,0f,0.9220430618067498f,0.5687246286957734f,2.9536775702184555f,-1.3267006990762992e-16f,0.5687246286957734f,-0.9220430618067498f,0.3380895706467022f,0f,0f,0f,1f], start_interpolation: 0, interpolation_duration: 1 }
$data merge entity $(bone_chest1lid) { transformation: [-1f,-6.429108887340425e-17f,1.0423173086009181e-16f,-0.34375f,0f,0.8511166724369998f,0.5249765803345602f,2.166548905083151f,-1.2246467991473532e-16f,0.5249765803345602f,-0.8511166724369998f,0.3123530992375362f,0f,0f,0f,1f], start_interpolation: 0, interpolation_duration: 1 }
$data merge entity $(bone_chest2) { transformation: [-1f,-6.429108887340425e-17f,1.0423173086009181e-16f,-0.34375f,0f,0.8511166724369998f,0.5249765803345602f,2.0335619250148698f,-1.2246467991473532e-16f,0.5249765803345602f,-0.8511166724369998f,0.23032550856026116f,0f,0f,0f,1f], start_interpolation: 0, interpolation_duration: 1 }
$data merge entity $(bone_chest1lid3) { transformation: [-1f,-6.429108887340425e-17f,1.0423173086009181e-16f,-0.28124999999999994f,0f,0.8511166724369998f,0.5249765803345602f,2.5028620268599786f,-1.2246467991473532e-16f,0.5249765803345602f,-0.8511166724369998f,-0.23289351904241687f,0f,0f,0f,1f], start_interpolation: 0, interpolation_duration: 1 }
$data merge entity $(bone_chest3) { transformation: [-1f,-6.429108887340425e-17f,1.0423173086009181e-16f,-0.28124999999999994f,0f,0.8511166724369998f,0.5249765803345602f,2.3698750467916976f,-1.2246467991473532e-16f,0.5249765803345602f,-0.8511166724369998f,-0.3149211097196919f,0f,0f,0f,1f], start_interpolation: 0, interpolation_duration: 1 }
$data merge entity $(bone_hugeasssword2) { transformation: [-1.2779156484917323e-15f,2.887669569172986f,-2.646061646494669f,-1.234375f,-2.0561582729770276f,2.2521071836277122f,2.457743714812097f,4.080311150733425f,3.3335403003782496f,1.389120394531208f,1.515958895560606f,0.7217333529426003f,0f,0f,0f,1f], start_interpolation: 0, interpolation_duration: 1 }
$data merge entity $(bone_belt) { transformation: [-1f,-6.429108887340425e-17f,1.0423173086009181e-16f,0.029705624999999968f,0f,0.8511166724369998f,0.5249765803345602f,2.5459315192793808f,-1.2246467991473532e-16f,0.5249765803345602f,-0.8511166724369998f,0.24038894961572113f,0f,0f,0f,1f], start_interpolation: 0, interpolation_duration: 1 }
$data merge entity $(bone_torn_part) { transformation: [-1f,-7.313083579121582e-17f,9.823176005293197e-17f,-0.09375000000000001f,0f,0.8021231927550438f,0.5971585917027862f,2.308218297392793f,-1.2246467991473532e-16f,0.5971585917027862f,-0.8021231927550438f,0.12123131078148969f,0f,0f,0f,1f], start_interpolation: 0, interpolation_duration: 1 }
$data merge entity $(bone_lowerbody) { transformation: [-1f,-4.020725777303883e-17f,1.1567616110932703e-16f,0.0039062499999999883f,0f,0.9445675372676048f,0.3283171752135611f,1.8008340768219384f,-1.2246467991473532e-16f,0.3283171752135611f,-0.9445675372676048f,0.09375f,0f,0f,0f,1f], start_interpolation: 0, interpolation_duration: 1 }
$data merge entity $(bone_leftfoot) { transformation: [-0.9238795325112867f,0.027125134750469432f,-0.3817208881781229f,0.15676496351770824f,-1.3877787807814457e-17f,0.9974847508265045f,0.07088139296448931f,0.15821475369820492f,0.3826834323650896f,0.06548586819578112f,-0.9215557452807283f,-0.38487447486867277f,0f,0f,0f,1f], start_interpolation: 0, interpolation_duration: 1 }
$data merge entity $(bone_leftlowerleg) { transformation: [-0.9238795325112867f,0.25073706182864663f,-0.2890977952739584f,0.4793450029248525f,-1.3877787807814457e-17f,0.7554489450647338f,0.6552075178144561f,0.8956211585500933f,0.3826834323650896f,0.6053328152563002f,-0.697943818202551f,0.39390263121890257f,0f,0f,0f,1f], start_interpolation: 0, interpolation_duration: 1 }
$data merge entity $(bone_leftleg) { transformation: [-0.9238795325112867f,-0.1967264971395024f,-0.3282457840246352f,0.25f,-1.3877787807814457e-17f,0.8577475695667967f,-0.5140711107446647f,1.8203653268219384f,0.3826834323650896f,-0.47493977747233873f,-0.7924554235840645f,-0.07812499999999997f,0f,0f,0f,1f], start_interpolation: 0, interpolation_duration: 1 }
$data merge entity $(bone_rightfoot) { transformation: [-0.9238795325112867f,-0.006247252108018311f,0.3826324362202258f,-0.47566281882449424f,0f,0.9998667406515382f,0.016324856473165228f,0.15778572642603628f,-0.38268343236508984f,0.015082200766741716f,-0.9237564169267273f,0.38501305242466294f,0f,0f,0f,1f], start_interpolation: 0, interpolation_duration: 1 }
$data merge entity $(bone_rightlowerleg) { transformation: [-0.9238795325112867f,-0.07259576757689847f,0.37573456579964437f,-0.613928720676506f,0f,0.9818417365954423f,0.18970188264549753f,1.217869538638861f,-0.38268343236508984f,0.17526168665503322f,-0.9071034846058673f,0.7188164678895368f,0f,0f,0f,1f], start_interpolation: 0, interpolation_duration: 1 }
$data merge entity $(bone_rightleg) { transformation: [-0.9238795325112867f,0.3204744308775678f,0.20914767165910633f,-0.25f,0f,0.5465292039598256f,-0.8374400451489284f,1.8203653268219384f,-0.38268343236508984f,-0.773693717418423f,-0.5049271454581694f,-0.07812500000000003f,0f,0f,0f,1f], start_interpolation: 0, interpolation_duration: 1 }
data modify entity @s data merge value {"locators":{"lefthand":{"posx":0.6984092390222518,"posy":2.6465568906565435,"posz":1.8655863615448451,"roty":156.66335618171271,"rotx":-63.156311052463515},"righthand":{"posx":-0.9614382377839872,"posy":1.68153399710308,"posz":-0.4016072215039746,"roty":358.1844290916637,"rotx":31.49938925114812},"chest":{"posx":-0.375,"posy":2.0313265223785635,"posz":0.4125290430349074,"roty":0,"rotx":31.66666666666666},"sack":{"posx":0,"posy":-0.4375,"posz":0,"roty":0,"rotx":0}},"cameras":{}}