# This file was generated by Animated Java via MC-Build. It is not recommended to edit this file directly.
$data merge entity $(bone_nose) {transformation: [-0.9544f,0.0325f,-0.2969f,-0.058f,-0.0314f,0.9777f,0.2076f,4.0936f,0.297f,0.2075f,-0.9321f,0.2156f,0f,0f,0f,1f],start_interpolation: 0,interpolation_duration: 1}
$data merge entity $(bone_glowing_eye) {transformation: [-0.9544f,0.0325f,-0.2969f,-0.1647f,-0.0314f,0.9777f,0.2076f,4.1486f,0.297f,0.2075f,-0.9321f,0.2993f,0f,0f,0f,1f],start_interpolation: 0,interpolation_duration: 1}
$data merge entity $(bone_head) {transformation: [-0.9544f,0.0325f,-0.2969f,-0.1176f,-0.0314f,0.9777f,0.2076f,4.0117f,0.297f,0.2075f,-0.9321f,0.0154f,0f,0f,0f,1f],start_interpolation: 0,interpolation_duration: 1}
$data merge entity $(bone_leftthumb2) {transformation: [-0.4914f,0.1373f,0.86f,0.9025f,-0.7332f,-0.5982f,-0.3234f,4.0064f,0.47f,-0.7895f,0.3946f,0.2041f,0f,0f,0f,1f],start_interpolation: 0,interpolation_duration: 1}
$data merge entity $(bone_leftthumb) {transformation: [-0.4914f,0.1373f,0.86f,1.0097f,-0.7332f,-0.5982f,-0.3234f,3.832f,0.47f,-0.7895f,0.3946f,0.0442f,0f,0f,0f,1f],start_interpolation: 0,interpolation_duration: 1}
$data merge entity $(bone_leftpointerfinger) {transformation: [-0.3429f,0.3778f,0.86f,1.0587f,-0.9391f,-0.1162f,-0.3234f,4.0933f,-0.0222f,-0.9186f,0.3946f,0.2704f,0f,0f,0f,1f],start_interpolation: 0,interpolation_duration: 1}
$data merge entity $(bone_leftmidfinger) {transformation: [-0.3696f,0.3517f,0.86f,1.1931f,-0.9281f,-0.1846f,-0.3234f,4.0428f,0.045f,-0.9177f,0.3946f,0.332f,0f,0f,0f,1f],start_interpolation: 0,interpolation_duration: 1}
$data merge entity $(bone_leftringfinger) {transformation: [-0.3696f,0.3517f,0.86f,1.3275f,-0.9281f,-0.1846f,-0.3234f,3.9923f,0.045f,-0.9177f,0.3946f,0.3937f,0f,0f,0f,1f],start_interpolation: 0,interpolation_duration: 1}
$data merge entity $(bone_invisibility) {transformation: [0.2118f,-0.8448f,0.4914f,0.9547f,-0.6241f,0.27f,0.7332f,3.9005f,-0.7521f,-0.4619f,-0.47f,0.2598f,0f,0f,0f,1f],start_interpolation: 0,interpolation_duration: 1}
$data merge entity $(bone_swiftness) {transformation: [0.86f,0.1373f,0.4914f,1.0718f,-0.3234f,-0.5982f,0.7332f,3.8827f,0.3946f,-0.7895f,-0.47f,0.4652f,0f,0f,0f,1f],start_interpolation: 0,interpolation_duration: 1}
$data merge entity $(bone_suspicious_stew) {transformation: [0.4879f,-0.7214f,0.4914f,1.1095f,-0.6788f,0.0403f,0.7332f,3.8679f,-0.5488f,-0.6913f,-0.47f,0.3708f,0f,0f,0f,1f],start_interpolation: 0,interpolation_duration: 1}
$data merge entity $(bone_log) {transformation: [-0.4914f,0.1373f,0.86f,1.1209f,-0.7332f,-0.5982f,-0.3234f,3.7093f,0.47f,-0.7895f,0.3946f,0.3347f,0f,0f,0f,1f],start_interpolation: 0,interpolation_duration: 1}
$data merge entity $(bone_planks) {transformation: [-0.4914f,0.1373f,0.86f,1.0749f,-0.7332f,-0.5982f,-0.3234f,3.6405f,0.47f,-0.7895f,0.3946f,0.3788f,0f,0f,0f,1f],start_interpolation: 0,interpolation_duration: 1}
$data merge entity $(bone_lefthand1) {transformation: [-0.4914f,0.1373f,0.86f,1.2512f,-0.7332f,-0.5982f,-0.3234f,3.7531f,0.47f,-0.7895f,0.3946f,0.0075f,0f,0f,0f,1f],start_interpolation: 0,interpolation_duration: 1}
$data merge entity $(bone_leftforearm) {transformation: [0.2222f,0.2483f,0.9428f,1.4472f,-0.7865f,-0.5258f,0.3239f,3.3239f,0.5762f,-0.8136f,0.0784f,-0.5252f,0f,0f,0f,1f],start_interpolation: 0,interpolation_duration: 1}
$data merge entity $(bone_leftelbow) {transformation: [0.2222f,0.2483f,0.9428f,1.4938f,-0.7865f,-0.5258f,0.3239f,3.2253f,0.5762f,-0.8136f,0.0784f,-0.6777f,0f,0f,0f,1f],start_interpolation: 0,interpolation_duration: 1}
$data merge entity $(bone_leftarm) {transformation: [-0.085f,-0.9088f,-0.4084f,0.8452f,-0.471f,0.3979f,-0.7873f,3.5761f,0.878f,0.1254f,-0.4619f,-0.1985f,0f,0f,0f,1f],start_interpolation: 0,interpolation_duration: 1}
$data merge entity $(bone_rightthumb2) {transformation: [0.317f,-0.81f,-0.4934f,-0.1733f,0.605f,0.5733f,-0.5525f,2.6341f,0.7304f,-0.1234f,0.6718f,0.3132f,0f,0f,0f,1f],start_interpolation: 0,interpolation_duration: 1}
$data merge entity $(bone_rightthumb) {transformation: [0.317f,-0.81f,-0.4934f,-0.4141f,0.605f,0.5733f,-0.5525f,2.7275f,0.7304f,-0.1234f,0.6718f,0.3403f,0f,0f,0f,1f],start_interpolation: 0,interpolation_duration: 1}
$data merge entity $(bone_rightpointerfinger) {transformation: [0.3644f,-0.7898f,-0.4934f,-0.1368f,0.57f,0.6081f,-0.5525f,2.5796f,0.7364f,-0.0799f,0.6718f,0.4922f,0f,0f,0f,1f],start_interpolation: 0,interpolation_duration: 1}
$data merge entity $(bone_rightmidfinger) {transformation: [0.3985f,-0.7731f,-0.4934f,-0.2139f,0.5429f,0.6324f,-0.5525f,2.4933f,0.7392f,-0.0477f,0.6718f,0.5972f,0f,0f,0f,1f],start_interpolation: 0,interpolation_duration: 1}
$data merge entity $(bone_rightringfinger) {transformation: [0.3971f,-0.7738f,-0.4934f,-0.291f,0.544f,0.6315f,-0.5525f,2.407f,0.7391f,-0.049f,0.6718f,0.7021f,0f,0f,0f,1f],start_interpolation: 0,interpolation_duration: 1}
$data merge entity $(bone_hugeasssword) {transformation: [1.2415f,-3.1724f,-1.9326f,-0.4549f,2.3696f,2.2456f,-2.164f,2.4577f,2.8608f,-0.4833f,2.6311f,0.3676f,0f,0f,0f,1f],start_interpolation: 0,interpolation_duration: 1}
$data merge entity $(bone_ice) {transformation: [0.317f,-0.81f,-0.4934f,-0.4472f,0.605f,0.5733f,-0.5525f,2.4393f,0.7304f,-0.1234f,0.6718f,0.3581f,0f,0f,0f,1f],start_interpolation: 0,interpolation_duration: 1}
$data merge entity $(bone_righthand1) {transformation: [0.317f,-0.81f,-0.4934f,-0.5859f,0.605f,0.5733f,-0.5525f,2.7166f,0.7304f,-0.1234f,0.6718f,0.5309f,0f,0f,0f,1f],start_interpolation: 0,interpolation_duration: 1}
$data merge entity $(bone_rightforearm) {transformation: [-0.1572f,-0.9462f,-0.2827f,-1.2075f,0.3523f,0.2137f,-0.9111f,2.8989f,0.9226f,-0.2428f,0.2998f,0.3019f,0f,0f,0f,1f],start_interpolation: 0,interpolation_duration: 1}
$data merge entity $(bone_rightelbow) {transformation: [-0.1572f,-0.9462f,-0.2827f,-1.3849f,0.3523f,0.2137f,-0.9111f,2.9389f,0.9226f,-0.2428f,0.2998f,0.2564f,0f,0f,0f,1f],start_interpolation: 0,interpolation_duration: 1}
$data merge entity $(bone_rightarm) {transformation: [-0.541f,0.2441f,-0.8048f,-0.9216f,0.186f,0.968f,0.1685f,3.4624f,0.8202f,-0.0586f,-0.5691f,0.1184f,0f,0f,0f,1f],start_interpolation: 0,interpolation_duration: 1}
$data merge entity $(bone_chest1) {transformation: [-1.0339f,0.0352f,-0.3217f,-0.1654f,-0.034f,1.0592f,0.2249f,3.3866f,0.3218f,0.2248f,-1.0097f,-0.1962f,0f,0f,0f,1f],start_interpolation: 0,interpolation_duration: 1}
$data merge entity $(bone_chest1lid) {transformation: [-0.9544f,0.0325f,-0.2969f,-0.3972f,-0.0314f,0.9777f,0.2076f,2.6265f,0.297f,0.2075f,-0.9321f,0.1281f,0f,0f,0f,1f],start_interpolation: 0,interpolation_duration: 1}
$data merge entity $(bone_chest2) {transformation: [-0.9544f,0.0325f,-0.2969f,-0.4023f,-0.0314f,0.9777f,0.2076f,2.4737f,0.297f,0.2075f,-0.9321f,0.0957f,0f,0f,0f,1f],start_interpolation: 0,interpolation_duration: 1}
$data merge entity $(bone_chest1lid3) {transformation: [-0.9544f,0.0325f,-0.2969f,-0.5278f,-0.0314f,0.9777f,0.2076f,2.7614f,0.297f,0.2075f,-0.9321f,-0.4875f,0f,0f,0f,1f],start_interpolation: 0,interpolation_duration: 1}
$data merge entity $(bone_chest3) {transformation: [-0.9544f,0.0325f,-0.2969f,-0.5328f,-0.0314f,0.9777f,0.2076f,2.6087f,0.297f,0.2075f,-0.9321f,-0.5199f,0f,0f,0f,1f],start_interpolation: 0,interpolation_duration: 1}
$data merge entity $(bone_hugeasssword2) {transformation: [1.1629f,2.8417f,-2.4316f,-1.3822f,-0.8133f,2.6776f,2.7403f,4.5374f,3.6505f,-0.3088f,1.3851f,0.1635f,0f,0f,0f,1f],start_interpolation: 0,interpolation_duration: 1}
$data merge entity $(bone_belt) {transformation: [-0.9544f,0.0325f,-0.2969f,-0.1089f,-0.0314f,0.9777f,0.2076f,2.971f,0.297f,0.2075f,-0.9321f,-0.1664f,0f,0f,0f,1f],start_interpolation: 0,interpolation_duration: 1}
$data merge entity $(bone_torn_part) {transformation: [-0.9885f,-0.1499f,-0.0208f,-0.116f,-0.1507f,0.9633f,0.2223f,2.6573f,-0.0133f,0.2229f,-0.9748f,-0.0619f,0f,0f,0f,1f],start_interpolation: 0,interpolation_duration: 1}
$data merge entity $(bone_lowerbody) {transformation: [-0.9885f,-0.1492f,0.0253f,0.0498f,-0.1507f,0.9855f,-0.0777f,2.2017f,-0.0133f,-0.0806f,-0.9967f,0.1189f,0f,0f,0f,1f],start_interpolation: 0,interpolation_duration: 1}
$data merge entity $(bone_leftfoot) {transformation: [-0.9812f,-0.1598f,-0.1086f,0.5127f,-0.1817f,0.9543f,0.2373f,0.228f,0.0657f,0.2525f,-0.9654f,-0.1927f,0f,0f,0f,1f],start_interpolation: 0,interpolation_duration: 1}
$data merge entity $(bone_leftlowerleg) {transformation: [-0.9812f,-0.1598f,-0.1086f,0.3521f,-0.1817f,0.9543f,0.2373f,1.2502f,0.0657f,0.2525f,-0.9654f,0.2358f,0f,0f,0f,1f],start_interpolation: 0,interpolation_duration: 1}
$data merge entity $(bone_leftleg) {transformation: [-0.9938f,-0.0373f,0.1048f,0.2886f,-0.0665f,0.9547f,-0.2901f,2.2242f,-0.0893f,-0.2953f,-0.9512f,-0.0167f,0f,0f,0f,1f],start_interpolation: 0,interpolation_duration: 1}
$data merge entity $(bone_rightfoot) {transformation: [-0.9154f,0.1023f,0.3894f,-0.44f,0.2285f,0.9283f,0.2933f,0.2053f,-0.3315f,0.3575f,-0.8731f,-0.2317f,0f,0f,0f,1f],start_interpolation: 0,interpolation_duration: 1}
$data merge entity $(bone_rightlowerleg) {transformation: [-0.9154f,0.1023f,0.3894f,-0.3863f,0.2285f,0.9283f,0.2933f,1.1901f,-0.3315f,0.3575f,-0.8731f,0.2991f,0f,0f,0f,1f],start_interpolation: 0,interpolation_duration: 1}
$data merge entity $(bone_rightleg) {transformation: [-0.9764f,0.147f,0.1579f,-0.2269f,0.0794f,0.9254f,-0.3705f,2.1234f,-0.2006f,-0.3493f,-0.9153f,0.0062f,0f,0f,0f,1f],start_interpolation: 0,interpolation_duration: 1}
data modify entity @s data merge value {"cameras":{},"locators":{"lefthand":{"posx":1.1428326140683787,"posy":3.8297986691231367,"posz":0.3461383878924614,"roty":114.64829787621404,"rotx":-18.86958742779159},"sword":{"posx":1.4223639407446407,"posy":4.533028155839188,"posz":-2.0591152522498657,"roty":216.29837142676314,"rotx":-33.539001945348616},"righthand":{"posx":-0.3971583083901338,"posy":2.4956678350267265,"posz":0.41801170414184846,"roty":216.29837142676314,"rotx":-33.539001945348616},"chest":{"posx":-0.3826552596841407,"posy":2.531927933004221,"posz":0.2700838981811414,"roty":342.33007241061796,"rotx":11.984102748304776}}}