# This file was generated by Animated Java via MC-Build. It is not recommended to edit this file directly.
$data merge entity $(nose) {transformation: [-0.965f,0.0408f,-0.259f,-0.052f,-0.0144f,0.978f,0.208f,4.1045f,0.2618f,0.2044f,-0.9432f,0.2114f,0f,0f,0f,1f],start_interpolation: 0,interpolation_duration: 1}
$data merge entity $(glowing_eye) {transformation: [-0.965f,0.0408f,-0.259f,-0.1608f,-0.0144f,0.978f,0.208f,4.1617f,0.2618f,0.2044f,-0.9432f,0.2909f,0f,0f,0f,1f],start_interpolation: 0,interpolation_duration: 1}
$data merge entity $(head) {transformation: [-0.965f,0.0408f,-0.259f,-0.1056f,-0.0144f,0.978f,0.208f,4.0227f,0.2618f,0.2044f,-0.9432f,0.0095f,0f,0f,0f,1f],start_interpolation: 0,interpolation_duration: 1}
$data merge entity $(leftthumb2) {transformation: [-0.4733f,0.1559f,0.867f,0.9203f,-0.7505f,-0.5867f,-0.3042f,3.9869f,0.4613f,-0.7947f,0.3946f,0.2969f,0f,0f,0f,1f],start_interpolation: 0,interpolation_duration: 1}
$data merge entity $(leftthumb) {transformation: [-0.4733f,0.1559f,0.867f,1.0326f,-0.7505f,-0.5867f,-0.3042f,3.817f,0.4613f,-0.7947f,0.3946f,0.1358f,0f,0f,0f,1f],start_interpolation: 0,interpolation_duration: 1}
$data merge entity $(leftpointerfinger) {transformation: [-0.3136f,0.3872f,0.867f,1.0738f,-0.9486f,-0.0871f,-0.3042f,4.0774f,-0.0423f,-0.9179f,0.3946f,0.3646f,0f,0f,0f,1f],start_interpolation: 0,interpolation_duration: 1}
$data merge entity $(leftmidfinger) {transformation: [-0.3415f,0.3628f,0.867f,1.2093f,-0.9395f,-0.1575f,-0.3042f,4.0299f,0.0262f,-0.9185f,0.3946f,0.4262f,0f,0f,0f,1f],start_interpolation: 0,interpolation_duration: 1}
$data merge entity $(leftringfinger) {transformation: [-0.3415f,0.3628f,0.867f,1.3448f,-0.9395f,-0.1575f,-0.3042f,3.9823f,0.0262f,-0.9185f,0.3946f,0.4879f,0f,0f,0f,1f],start_interpolation: 0,interpolation_duration: 1}
$data merge entity $(invisibility) {transformation: [0.2308f,-0.8501f,0.4733f,0.9751f,-0.611f,0.2519f,0.7505f,3.882f,-0.7572f,-0.4624f,-0.4613f,0.3518f,0f,0f,0f,1f],start_interpolation: 0,interpolation_duration: 1}
$data merge entity $(swiftness) {transformation: [0.867f,0.1559f,0.4733f,1.0919f,-0.3042f,-0.5867f,0.7505f,3.8653f,0.3946f,-0.7947f,-0.4613f,0.5574f,0f,0f,0f,1f],start_interpolation: 0,interpolation_duration: 1}
$data merge entity $(suspicious_stew) {transformation: [0.5077f,-0.7199f,0.4733f,1.1303f,-0.6603f,0.0277f,0.7505f,3.8525f,-0.5534f,-0.6935f,-0.4613f,0.463f,0f,0f,0f,1f],start_interpolation: 0,interpolation_duration: 1}
$data merge entity $(log) {transformation: [-0.4733f,0.1559f,0.867f,1.1461f,-0.7505f,-0.5867f,-0.3042f,3.6945f,0.4613f,-0.7947f,0.3946f,0.4255f,0f,0f,0f,1f],start_interpolation: 0,interpolation_duration: 1}
$data merge entity $(planks) {transformation: [-0.4733f,0.1559f,0.867f,1.1017f,-0.7505f,-0.5867f,-0.3042f,3.6241f,0.4613f,-0.7947f,0.3946f,0.4687f,0f,0f,0f,1f],start_interpolation: 0,interpolation_duration: 1}
$data merge entity $(lefthand1) {transformation: [-0.4733f,0.1559f,0.867f,1.2763f,-0.7505f,-0.5867f,-0.3042f,3.745f,0.4613f,-0.7947f,0.3946f,0.0991f,0f,0f,0f,1f],start_interpolation: 0,interpolation_duration: 1}
$data merge entity $(leftforearm) {transformation: [0.162f,0.2723f,0.9485f,1.4824f,-0.8434f,-0.4607f,0.2764f,3.3557f,0.5122f,-0.8447f,0.155f,-0.4614f,0f,0f,0f,1f],start_interpolation: 0,interpolation_duration: 1}
$data merge entity $(leftelbow) {transformation: [0.162f,0.2723f,0.9485f,1.5335f,-0.8434f,-0.4607f,0.2764f,3.2693f,0.5122f,-0.8447f,0.155f,-0.6198f,0f,0f,0f,1f],start_interpolation: 0,interpolation_duration: 1}
$data merge entity $(leftarm) {transformation: [-0.1559f,-0.9252f,-0.346f,0.8479f,-0.5637f,0.371f,-0.738f,3.557f,0.8112f,0.0799f,-0.5793f,-0.1723f,0f,0f,0f,1f],start_interpolation: 0,interpolation_duration: 1}
$data merge entity $(rightthumb2) {transformation: [0.3717f,-0.7659f,-0.5247f,-0.2158f,0.5546f,0.6364f,-0.5361f,2.6423f,0.7445f,-0.0917f,0.6613f,0.3292f,0f,0f,0f,1f],start_interpolation: 0,interpolation_duration: 1}
$data merge entity $(rightthumb) {transformation: [0.3717f,-0.7659f,-0.5247f,-0.4485f,0.5546f,0.6364f,-0.5361f,2.7526f,0.7445f,-0.0917f,0.6613f,0.3632f,0f,0f,0f,1f],start_interpolation: 0,interpolation_duration: 1}
$data merge entity $(rightpointerfinger) {transformation: [0.4282f,-0.7357f,-0.5247f,-0.1811f,0.5051f,0.6763f,-0.5361f,2.5793f,0.7493f,-0.0354f,0.6613f,0.5057f,0f,0f,0f,1f],start_interpolation: 0,interpolation_duration: 1}
$data merge entity $(rightmidfinger) {transformation: [0.4599f,-0.7164f,-0.5247f,-0.2631f,0.4752f,0.6977f,-0.5361f,2.4955f,0.7501f,-0.0027f,0.6613f,0.6091f,0f,0f,0f,1f],start_interpolation: 0,interpolation_duration: 1}
$data merge entity $(rightringfinger) {transformation: [0.4574f,-0.718f,-0.5247f,-0.3451f,0.4776f,0.696f,-0.5361f,2.4118f,0.7501f,-0.0054f,0.6613f,0.7124f,0f,0f,0f,1f],start_interpolation: 0,interpolation_duration: 1}
$data merge entity $(hugeasssword) {transformation: [1.4559f,-2.9996f,-2.0549f,-0.5092f,2.172f,2.4927f,-2.0998f,2.4859f,2.916f,-0.3591f,2.5901f,0.3824f,0f,0f,0f,1f],start_interpolation: 0,interpolation_duration: 1}
$data merge entity $(whey) {transformation: [0f,0f,0f,-0.4275f,0f,0f,0f,2.4063f,0f,0f,0f,0.17f,0f,0f,0f,1f],start_interpolation: 0,interpolation_duration: 1}
$data merge entity $(ice) {transformation: [0.3717f,-0.7659f,-0.5247f,-0.5031f,0.5546f,0.6364f,-0.5361f,2.4673f,0.7445f,-0.0917f,0.6613f,0.3722f,0f,0f,0f,1f],start_interpolation: 0,interpolation_duration: 1}
$data merge entity $(righthand1) {transformation: [0.3717f,-0.7659f,-0.5247f,-0.618f,0.5546f,0.6364f,-0.5361f,2.7483f,0.7445f,-0.0917f,0.6613f,0.556f,0f,0f,0f,1f],start_interpolation: 0,interpolation_duration: 1}
$data merge entity $(rightforearm) {transformation: [-0.137f,-0.9351f,-0.3268f,-1.2292f,0.4186f,0.2443f,-0.8747f,2.9447f,0.8978f,-0.2567f,0.358f,0.3217f,0f,0f,0f,1f],start_interpolation: 0,interpolation_duration: 1}
$data merge entity $(rightelbow) {transformation: [-0.137f,-0.9351f,-0.3268f,-1.4046f,0.4186f,0.2443f,-0.8747f,2.9905f,0.8978f,-0.2567f,0.358f,0.2736f,0f,0f,0f,1f],start_interpolation: 0,interpolation_duration: 1}
$data merge entity $(rightarm) {transformation: [-0.5238f,0.2729f,-0.8069f,-0.9293f,0.2644f,0.9526f,0.1505f,3.4844f,0.8097f,-0.1345f,-0.5712f,0.0918f,0f,0f,0f,1f],start_interpolation: 0,interpolation_duration: 1}
$data merge entity $(chest1) {transformation: [-1.0454f,0.0443f,-0.2806f,-0.1558f,-0.0156f,1.0595f,0.2253f,3.3975f,0.2836f,0.2215f,-1.0218f,-0.2011f,0f,0f,0f,1f],start_interpolation: 0,interpolation_duration: 1}
$data merge entity $(chest1lid) {transformation: [-0.965f,0.0408f,-0.259f,-0.4118f,-0.0144f,0.978f,0.208f,2.6427f,0.2618f,0.2044f,-0.9432f,0.1176f,0f,0f,0f,1f],start_interpolation: 0,interpolation_duration: 1}
$data merge entity $(chest2) {transformation: [-0.965f,0.0408f,-0.259f,-0.4182f,-0.0144f,0.978f,0.208f,2.4899f,0.2618f,0.2044f,-0.9432f,0.0857f,0f,0f,0f,1f],start_interpolation: 0,interpolation_duration: 1}
$data merge entity $(chest1lid3) {transformation: [-0.965f,0.0408f,-0.259f,-0.5174f,-0.0144f,0.978f,0.208f,2.7769f,0.2618f,0.2044f,-0.9432f,-0.503f,0f,0f,0f,1f],start_interpolation: 0,interpolation_duration: 1}
$data merge entity $(chest3) {transformation: [-0.965f,0.0408f,-0.259f,-0.5238f,-0.0144f,0.978f,0.208f,2.624f,0.2618f,0.2044f,-0.9432f,-0.5349f,0f,0f,0f,1f],start_interpolation: 0,interpolation_duration: 1}
$data merge entity $(hugeasssword2) {transformation: [1.0145f,2.8947f,-2.4355f,-1.3659f,-0.8145f,2.6296f,2.7861f,4.5696f,3.6943f,-0.2152f,1.2831f,0.1087f,0f,0f,0f,1f],start_interpolation: 0,interpolation_duration: 1}
$data merge entity $(belt) {transformation: [-0.965f,0.0408f,-0.259f,-0.1072f,-0.0144f,0.978f,0.208f,2.9811f,0.2618f,0.2044f,-0.9432f,-0.1675f,0f,0f,0f,1f],start_interpolation: 0,interpolation_duration: 1}
$data merge entity $(torn_part) {transformation: [-0.9918f,-0.1275f,0.0088f,-0.1296f,-0.1221f,0.9659f,0.2283f,2.6693f,-0.0376f,0.2253f,-0.9736f,-0.0636f,0f,0f,0f,1f],start_interpolation: 0,interpolation_duration: 1}
$data merge entity $(lowerbody) {transformation: [-0.9918f,-0.1189f,0.0467f,0.0187f,-0.1221f,0.9898f,-0.0727f,2.2082f,-0.0376f,-0.0778f,-0.9963f,0.1182f,0f,0f,0f,1f],start_interpolation: 0,interpolation_duration: 1}
$data merge entity $(leftfoot) {transformation: [-0.9792f,-0.1803f,-0.0929f,0.5183f,-0.1974f,0.9524f,0.2323f,0.2238f,0.0466f,0.2458f,-0.9682f,-0.1912f,0f,0f,0f,1f],start_interpolation: 0,interpolation_duration: 1}
$data merge entity $(leftlowerleg) {transformation: [-0.9792f,-0.1803f,-0.0929f,0.3326f,-0.1974f,0.9524f,0.2323f,1.2447f,0.0466f,0.2458f,-0.9682f,0.2302f,0f,0f,0f,1f],start_interpolation: 0,interpolation_duration: 1}
$data merge entity $(leftleg) {transformation: [-0.9911f,-0.0371f,0.1277f,0.2679f,-0.0717f,0.958f,-0.2776f,2.2236f,-0.1121f,-0.2843f,-0.9522f,-0.0127f,0f,0f,0f,1f],start_interpolation: 0,interpolation_duration: 1}
$data merge entity $(rightfoot) {transformation: [-0.913f,0.0866f,0.3987f,-0.4384f,0.2121f,0.9355f,0.2824f,0.207f,-0.3486f,0.3424f,-0.8725f,-0.2309f,0f,0f,0f,1f],start_interpolation: 0,interpolation_duration: 1}
$data merge entity $(rightlowerleg) {transformation: [-0.913f,0.0866f,0.3987f,-0.4036f,0.2121f,0.9355f,0.2824f,1.2015f,-0.3486f,0.3424f,-0.8725f,0.283f,0f,0f,0f,1f],start_interpolation: 0,interpolation_duration: 1}
$data merge entity $(rightleg) {transformation: [-0.9742f,0.1421f,0.1755f,-0.25f,0.0703f,0.9295f,-0.3622f,2.141f,-0.2146f,-0.3405f,-0.9154f,-0.0023f,0f,0f,0f,1f],start_interpolation: 0,interpolation_duration: 1}
data modify entity @s data merge value {"cameras":{},"locators":{"soup":{"px":0.9917911288444108,"py":3.8337771047657796,"pz":0.35826565712846675,"ry":45.73423323741267,"rx":48.63393675482636},"lefthand":{"px":1.1647175074963558,"py":3.81545783368007,"pz":0.438129537521647,"ry":114.47340280364426,"rx":-17.708589866978887},"sword":{"px":1.4866549725826994,"py":4.494597193277551,"pz":-2.0054857278823635,"ry":218.4281906579732,"rx":-32.41897950167176},"righthand":{"px":-0.44805669908612955,"py":2.51770464692069,"pz":0.43304720354732984,"ry":218.4281906579732,"rx":-32.41897950167176},"chest":{"px":-0.4040507916386351,"py":2.5486565328260875,"pz":0.2604243580946657,"ry":344.6439796014828,"rx":12.002879994932076}}}