# This file was generated by Animated Java via MC-Build. It is not recommended to edit this file directly.
$data merge entity $(bone_nose) {transformation: [-0.9973f,0.0716f,-0.019f,-0.0096f,0.0656f,0.9727f,0.2225f,4.1064f,0.0344f,0.2206f,-0.9748f,0.2287f,0f,0f,0f,1f],start_interpolation: 0,interpolation_duration: 1}
$data merge entity $(bone_glowing_eye) {transformation: [-0.9973f,0.0716f,-0.019f,-0.1288f,0.0656f,0.9727f,0.2225f,4.1727f,0.0344f,0.2206f,-0.9748f,0.282f,0f,0f,0f,1f],start_interpolation: 0,interpolation_duration: 1}
$data merge entity $(bone_head) {transformation: [-0.9973f,0.0716f,-0.019f,-0.022f,0.0656f,0.9727f,0.2225f,4.0279f,0.0344f,0.2206f,-0.9748f,0.019f,0f,0f,0f,1f],start_interpolation: 0,interpolation_duration: 1}
$data merge entity $(bone_leftthumb2) {transformation: [-0.7824f,0.4255f,0.4548f,0.2928f,-0.5809f,-0.7618f,-0.2868f,3.9624f,0.2244f,-0.4886f,0.8432f,0.9953f,0f,0f,0f,1f],start_interpolation: 0,interpolation_duration: 1}
$data merge entity $(bone_leftthumb) {transformation: [-0.7824f,0.4255f,0.4548f,0.436f,-0.5809f,-0.7618f,-0.2868f,3.7511f,0.2244f,-0.4886f,0.8432f,0.9475f,0f,0f,0f,1f],start_interpolation: 0,interpolation_duration: 1}
$data merge entity $(bone_leftpointerfinger) {transformation: [-0.4023f,0.7945f,0.4548f,0.4033f,-0.9108f,-0.297f,-0.2868f,4.0511f,-0.0928f,-0.5296f,0.8432f,1.1228f,0f,0f,0f,1f],start_interpolation: 0,interpolation_duration: 1}
$data merge entity $(bone_leftmidfinger) {transformation: [-0.4636f,0.7604f,0.4548f,0.4744f,-0.8846f,-0.3678f,-0.2868f,4.0063f,-0.0508f,-0.5353f,0.8432f,1.2546f,0f,0f,0f,1f],start_interpolation: 0,interpolation_duration: 1}
$data merge entity $(bone_leftringfinger) {transformation: [-0.4636f,0.7604f,0.4548f,0.5454f,-0.8846f,-0.3678f,-0.2868f,3.9615f,-0.0508f,-0.5353f,0.8432f,1.3863f,0f,0f,0f,1f],start_interpolation: 0,interpolation_duration: 1}
$data merge entity $(bone_invisibility) {transformation: [0.4635f,-0.416f,0.7824f,0.2889f,-0.7839f,0.2193f,0.5809f,3.8678f,-0.4132f,-0.8825f,-0.2244f,1.0851f,0f,0f,0f,1f],start_interpolation: 0,interpolation_duration: 1}
$data merge entity $(bone_swiftness) {transformation: [0.4548f,0.4255f,0.7824f,0.2758f,-0.2868f,-0.7618f,0.5809f,3.887f,0.8432f,-0.4886f,-0.2244f,1.3211f,0f,0f,0f,1f],start_interpolation: 0,interpolation_duration: 1}
$data merge entity $(bone_suspicious_stew) {transformation: [0.5778f,-0.2324f,0.7824f,0.3543f,-0.8116f,-0.062f,0.5809f,3.8498f,-0.0865f,-0.9706f,-0.2244f,1.2661f,0f,0f,0f,1f],start_interpolation: 0,interpolation_duration: 1}
$data merge entity $(bone_log) {transformation: [-0.7824f,0.4255f,0.4548f,0.3554f,-0.5809f,-0.7618f,-0.2868f,3.6867f,0.2244f,-0.4886f,0.8432f,1.2656f,0f,0f,0f,1f],start_interpolation: 0,interpolation_duration: 1}
$data merge entity $(bone_planks) {transformation: [-0.7824f,0.4255f,0.4548f,0.2821f,-0.5809f,-0.7618f,-0.2868f,3.6322f,0.2244f,-0.4886f,0.8432f,1.2867f,0f,0f,0f,1f],start_interpolation: 0,interpolation_duration: 1}
$data merge entity $(bone_lefthand1) {transformation: [-0.7824f,0.4255f,0.4548f,0.6432f,-0.5809f,-0.7618f,-0.2868f,3.6504f,0.2244f,-0.4886f,0.8432f,1.061f,0f,0f,0f,1f],start_interpolation: 0,interpolation_duration: 1}
$data merge entity $(bone_leftforearm) {transformation: [-0.1512f,0.8007f,0.5797f,1.1983f,-0.9885f,-0.1178f,-0.095f,3.4709f,-0.0078f,-0.5873f,0.8093f,0.6297f,0f,0f,0f,1f],start_interpolation: 0,interpolation_duration: 1}
$data merge entity $(bone_leftelbow) {transformation: [-0.1512f,0.8007f,0.5797f,1.3484f,-0.9885f,-0.1178f,-0.095f,3.4488f,-0.0078f,-0.5873f,0.8093f,0.5195f,0f,0f,0f,1f],start_interpolation: 0,interpolation_duration: 1}
$data merge entity $(bone_leftarm) {transformation: [-0.5075f,-0.3448f,0.7897f,0.8021f,-0.8615f,0.2215f,-0.4569f,3.4644f,-0.0173f,-0.9122f,-0.4094f,0.041f,0f,0f,0f,1f],start_interpolation: 0,interpolation_duration: 1}
$data merge entity $(bone_rightthumb2) {transformation: [0.608f,-0.5689f,-0.5538f,-0.3192f,0.1519f,0.768f,-0.6222f,2.6954f,0.7793f,0.2941f,0.5534f,0.0956f,0f,0f,0f,1f],start_interpolation: 0,interpolation_duration: 1}
$data merge entity $(bone_rightthumb) {transformation: [0.608f,-0.5689f,-0.5538f,-0.506f,0.1519f,0.768f,-0.6222f,2.8306f,0.7793f,0.2941f,0.5534f,0.215f,0f,0f,0f,1f],start_interpolation: 0,interpolation_duration: 1}
$data merge entity $(bone_rightpointerfinger) {transformation: [0.6737f,-0.4894f,-0.5538f,-0.2788f,0.0558f,0.7809f,-0.6222f,2.566f,0.7369f,0.3882f,0.5534f,0.2296f,0f,0f,0f,1f],start_interpolation: 0,interpolation_duration: 1}
$data merge entity $(bone_rightmidfinger) {transformation: [0.6944f,-0.4595f,-0.5538f,-0.3653f,0.0217f,0.7826f,-0.6222f,2.4688f,0.7193f,0.42f,0.5534f,0.3161f,0f,0f,0f,1f],start_interpolation: 0,interpolation_duration: 1}
$data merge entity $(bone_rightringfinger) {transformation: [0.6902f,-0.4657f,-0.5538f,-0.4519f,0.0287f,0.7824f,-0.6222f,2.3716f,0.723f,0.4135f,0.5534f,0.4026f,0f,0f,0f,1f],start_interpolation: 0,interpolation_duration: 1}
$data merge entity $(bone_hugeasssword) {transformation: [2.3813f,-2.2282f,-2.1691f,-0.6337f,0.5951f,3.008f,-2.4368f,2.5942f,3.0522f,1.1519f,2.1674f,0.1602f,0f,0f,0f,1f],start_interpolation: 0,interpolation_duration: 1}
$data merge entity $(bone_ice) {transformation: [0.608f,-0.5689f,-0.5538f,-0.6343f,0.1519f,0.768f,-0.6222f,2.5798f,0.7793f,0.2941f,0.5534f,0.1434f,0f,0f,0f,1f],start_interpolation: 0,interpolation_duration: 1}
$data merge entity $(bone_righthand1) {transformation: [0.608f,-0.5689f,-0.5538f,-0.6419f,0.1519f,0.768f,-0.6222f,2.7904f,0.7793f,0.2941f,0.5534f,0.4291f,0f,0f,0f,1f],start_interpolation: 0,interpolation_duration: 1}
$data merge entity $(bone_rightforearm) {transformation: [0.4802f,-0.7981f,-0.3639f,-1.2038f,0.5461f,0.5967f,-0.5879f,3.1846f,0.6864f,0.0836f,0.7224f,0.4544f,0f,0f,0f,1f],start_interpolation: 0,interpolation_duration: 1}
$data merge entity $(bone_rightelbow) {transformation: [0.4802f,-0.7981f,-0.3639f,-1.3534f,0.5461f,0.5967f,-0.5879f,3.2965f,0.6864f,0.0836f,0.7224f,0.4701f,0f,0f,0f,1f],start_interpolation: 0,interpolation_duration: 1}
$data merge entity $(bone_rightarm) {transformation: [0.1052f,0.3393f,-0.9348f,-0.9875f,0.5565f,0.759f,0.3381f,3.5436f,0.8242f,-0.5557f,-0.1089f,-0.0605f,0f,0f,0f,1f],start_interpolation: 0,interpolation_duration: 1}
$data merge entity $(bone_chest1) {transformation: [-1.0804f,0.0775f,-0.0206f,-0.0729f,0.071f,1.0538f,0.241f,3.4076f,0.0373f,0.239f,-1.056f,-0.2054f,0f,0f,0f,1f],start_interpolation: 0,interpolation_duration: 1}
$data merge entity $(bone_chest1lid) {transformation: [-0.9973f,0.0716f,-0.019f,-0.4548f,0.0656f,0.9727f,0.2225f,2.6781f,0.0344f,0.2206f,-0.9748f,0.037f,0f,0f,0f,1f],start_interpolation: 0,interpolation_duration: 1}
$data merge entity $(bone_chest2) {transformation: [-0.9973f,0.0716f,-0.019f,-0.466f,0.0656f,0.9727f,0.2225f,2.5261f,0.0344f,0.2206f,-0.9748f,0.0025f,0f,0f,0f,1f],start_interpolation: 0,interpolation_duration: 1}
$data merge entity $(bone_chest1lid3) {transformation: [-0.9973f,0.0716f,-0.019f,-0.4047f,0.0656f,0.9727f,0.2225f,2.8165f,0.0344f,0.2206f,-0.9748f,-0.5896f,0f,0f,0f,1f],start_interpolation: 0,interpolation_duration: 1}
$data merge entity $(bone_chest3) {transformation: [-0.9973f,0.0716f,-0.019f,-0.4159f,0.0656f,0.9727f,0.2225f,2.6645f,0.0344f,0.2206f,-0.9748f,-0.6241f,0f,0f,0f,1f],start_interpolation: 0,interpolation_duration: 1}
$data merge entity $(bone_hugeasssword2) {transformation: [0.0745f,3.0691f,-2.4322f,-1.2235f,-0.8714f,2.3846f,2.9824f,4.6759f,3.8178f,0.4844f,0.7282f,-0.1653f,0f,0f,0f,1f],start_interpolation: 0,interpolation_duration: 1}
$data merge entity $(bone_belt) {transformation: [-0.9973f,0.0716f,-0.019f,-0.0669f,0.0656f,0.9727f,0.2225f,2.9889f,0.0344f,0.2206f,-0.9748f,-0.1668f,0f,0f,0f,1f],start_interpolation: 0,interpolation_duration: 1}
$data merge entity $(bone_torn_part) {transformation: [-0.9947f,-0.0393f,0.0955f,-0.1737f,-0.0135f,0.9662f,0.2574f,2.6875f,-0.1024f,0.2548f,-0.9616f,-0.0638f,0f,0f,0f,1f],start_interpolation: 0,interpolation_duration: 1}
$data merge entity $(bone_lowerbody) {transformation: [-0.9947f,-0.0088f,0.1029f,-0.0867f,-0.0135f,0.9989f,-0.045f,2.2074f,-0.1024f,-0.0462f,-0.9937f,0.1085f,0f,0f,0f,1f],start_interpolation: 0,interpolation_duration: 1}
$data merge entity $(bone_leftfoot) {transformation: [-0.9708f,-0.2225f,-0.0901f,0.5238f,-0.2382f,0.9397f,0.2453f,0.2137f,0.0301f,0.2596f,-0.9653f,-0.1814f,0f,0f,0f,1f],start_interpolation: 0,interpolation_duration: 1}
$data merge entity $(bone_leftlowerleg) {transformation: [-0.9708f,-0.2225f,-0.0901f,0.2908f,-0.2382f,0.9397f,0.2453f,1.2185f,0.0301f,0.2596f,-0.9653f,0.2549f,0f,0f,0f,1f],start_interpolation: 0,interpolation_duration: 1}
$data merge entity $(bone_leftleg) {transformation: [-0.986f,-0.0696f,0.1515f,0.1922f,-0.1103f,0.9535f,-0.2803f,2.1894f,-0.1249f,-0.2931f,-0.9479f,0.0042f,0f,0f,0f,1f],start_interpolation: 0,interpolation_duration: 1}
$data merge entity $(bone_rightfoot) {transformation: [-0.905f,0.0224f,0.4249f,-0.4282f,0.1492f,0.9519f,0.2675f,0.2183f,-0.3985f,0.3055f,-0.8648f,-0.2173f,0f,0f,0f,1f],start_interpolation: 0,interpolation_duration: 1}
$data merge entity $(bone_rightlowerleg) {transformation: [-0.905f,0.0224f,0.4249f,-0.4686f,0.1492f,0.9519f,0.2675f,1.2332f,-0.3985f,0.3055f,-0.8648f,0.2544f,0f,0f,0f,1f],start_interpolation: 0,interpolation_duration: 1}
$data merge entity $(bone_rightleg) {transformation: [-0.9662f,0.1333f,0.2209f,-0.3287f,0.0479f,0.934f,-0.3541f,2.179f,-0.2535f,-0.3316f,-0.9087f,-0.025f,0f,0f,0f,1f],start_interpolation: 0,interpolation_duration: 1}
data modify entity @s data merge value {"cameras":{},"locators":{"lefthand":{"posx":0.38841273564369533,"posy":3.8051071134730914,"posz":1.2695673096379145,"roty":151.65760159667042,"rotx":-16.66507653912728},"sword":{"posx":1.4823584238092193,"posy":4.885967987206472,"posz":-1.8373283241836467,"roty":225.02230373389511,"rotx":-38.473322566822716},"righthand":{"posx":-0.5598081539530517,"posy":2.5917891994288818,"posz":0.20324894913438973,"roty":225.02230373389511,"rotx":-38.473322566822716},"chest":{"posx":-0.4874793408800571,"posy":2.5845524855498447,"posz":0.17656553457376487,"roty":358.88219262372354,"rotx":12.855109232530195}}}