# This file was generated by Animated Java via MC-Build. It is not recommended to edit this file directly.
$data merge entity $(bone_nose) {transformation: [-0.8906f,0.0018f,0.4549f,-0.016f,0.1284f,0.9603f,0.2477f,4.0197f,-0.4364f,0.279f,-0.8554f,0.2506f,0f,0f,0f,1f],start_interpolation: 0,interpolation_duration: 1}
$data merge entity $(bone_glowing_eye) {transformation: [-0.8906f,0.0018f,0.4549f,-0.1431f,0.1284f,0.9603f,0.2477f,4.0921f,-0.4364f,0.279f,-0.8554f,0.2448f,0f,0f,0f,1f],start_interpolation: 0,interpolation_duration: 1}
$data merge entity $(bone_head) {transformation: [-0.8906f,0.0018f,0.4549f,0.069f,0.1284f,0.9603f,0.2477f,3.9475f,-0.4364f,0.279f,-0.8554f,0.056f,0f,0f,0f,1f],start_interpolation: 0,interpolation_duration: 1}
$data merge entity $(bone_leftthumb2) {transformation: [0.036f,0.9019f,0.4305f,-0.3178f,-0.6238f,0.3568f,-0.6954f,2.5957f,-0.7807f,-0.2435f,0.5755f,0.7991f,0f,0f,0f,1f],start_interpolation: 0,interpolation_duration: 1}
$data merge entity $(bone_leftthumb) {transformation: [0.036f,0.9019f,0.4305f,-0.0598f,-0.6238f,0.3568f,-0.6954f,2.6238f,-0.7807f,-0.2435f,0.5755f,0.7885f,0f,0f,0f,1f],start_interpolation: 0,interpolation_duration: 1}
$data merge entity $(bone_leftpointerfinger) {transformation: [0.5718f,0.6984f,0.4305f,-0.3395f,-0.2832f,0.6605f,-0.6954f,2.5423f,-0.77f,0.2757f,0.5755f,0.9808f,0f,0f,0f,1f],start_interpolation: 0,interpolation_duration: 1}
$data merge entity $(bone_leftmidfinger) {transformation: [0.511f,0.744f,0.4305f,-0.2722f,-0.3378f,0.6343f,-0.6954f,2.4337f,-0.7904f,0.2099f,0.5755f,1.0707f,0f,0f,0f,1f],start_interpolation: 0,interpolation_duration: 1}
$data merge entity $(bone_leftringfinger) {transformation: [0.511f,0.744f,0.4305f,-0.205f,-0.3378f,0.6343f,-0.6954f,2.325f,-0.7904f,0.2099f,0.5755f,1.1606f,0f,0f,0f,1f],start_interpolation: 0,interpolation_duration: 1}
$data merge entity $(bone_invisibility) {transformation: [0.936f,-0.3502f,-0.036f,-0.2476f,0.2949f,0.7238f,0.6238f,2.4861f,-0.1924f,-0.5945f,0.7807f,0.7898f,0f,0f,0f,1f],start_interpolation: 0,interpolation_duration: 1}
$data merge entity $(bone_swiftness) {transformation: [0.4305f,0.9019f,-0.036f,-0.2871f,-0.6954f,0.3568f,0.6238f,2.2749f,0.5755f,-0.2435f,0.7807f,0.89f,0f,0f,0f,1f],start_interpolation: 0,interpolation_duration: 1}
$data merge entity $(bone_suspicious_stew) {transformation: [0.9993f,-0.009f,-0.036f,-0.2091f,0.0295f,0.781f,0.6238f,2.339f,0.0225f,-0.6245f,0.7807f,0.9091f,0f,0f,0f,1f],start_interpolation: 0,interpolation_duration: 1}
$data merge entity $(bone_log) {transformation: [0.036f,0.9019f,0.4305f,-0.0728f,-0.6238f,0.3568f,-0.6954f,2.2925f,-0.7807f,-0.2435f,0.5755f,0.8325f,0f,0f,0f,1f],start_interpolation: 0,interpolation_duration: 1}
$data merge entity $(bone_planks) {transformation: [0.036f,0.9019f,0.4305f,-0.0694f,-0.6238f,0.3568f,-0.6954f,2.2341f,-0.7807f,-0.2435f,0.5755f,0.7593f,0f,0f,0f,1f],start_interpolation: 0,interpolation_duration: 1}
$data merge entity $(bone_lefthand1) {transformation: [0.036f,0.9019f,0.4305f,0.1302f,-0.6238f,0.3568f,-0.6954f,2.5594f,-0.7807f,-0.2435f,0.5755f,0.9488f,0f,0f,0f,1f],start_interpolation: 0,interpolation_duration: 1}
$data merge entity $(bone_leftforearm) {transformation: [0.1713f,0.9095f,0.3788f,0.7785f,-0.5661f,0.4055f,-0.7177f,2.8198f,-0.8064f,-0.0914f,0.5843f,0.8182f,0f,0f,0f,1f],start_interpolation: 0,interpolation_duration: 1}
$data merge entity $(bone_leftelbow) {transformation: [0.1713f,0.9095f,0.3788f,0.9491f,-0.5661f,0.4055f,-0.7177f,2.8959f,-0.8064f,-0.0914f,0.5843f,0.801f,0f,0f,0f,1f],start_interpolation: 0,interpolation_duration: 1}
$data merge entity $(bone_leftarm) {transformation: [-0.1153f,0.1582f,0.9807f,0.8045f,-0.4876f,0.8511f,-0.1946f,3.2985f,-0.8654f,-0.5006f,-0.021f,0.2942f,0f,0f,0f,1f],start_interpolation: 0,interpolation_duration: 1}
$data merge entity $(bone_rightthumb2) {transformation: [-0.2716f,-0.3808f,-0.8839f,-0.5003f,-0.007f,0.9192f,-0.3938f,2.4668f,0.9624f,-0.1008f,-0.2523f,0.1307f,0f,0f,0f,1f],start_interpolation: 0,interpolation_duration: 1}
$data merge entity $(bone_rightthumb) {transformation: [-0.2716f,-0.3808f,-0.8839f,-0.6692f,-0.007f,0.9192f,-0.3938f,2.6586f,0.9624f,-0.1008f,-0.2523f,0.0845f,0f,0f,0f,1f],start_interpolation: 0,interpolation_duration: 1}
$data merge entity $(bone_rightpointerfinger) {transformation: [-0.1948f,-0.4252f,-0.8839f,-0.6154f,-0.1805f,0.9013f,-0.3938f,2.3378f,0.9641f,0.0828f,-0.2523f,0.211f,0f,0f,0f,1f],start_interpolation: 0,interpolation_duration: 1}
$data merge entity $(bone_rightmidfinger) {transformation: [-0.1761f,-0.4333f,-0.8839f,-0.7535f,-0.2197f,0.8925f,-0.3938f,2.2762f,0.9596f,0.1248f,-0.2523f,0.1715f,0f,0f,0f,1f],start_interpolation: 0,interpolation_duration: 1}
$data merge entity $(bone_rightringfinger) {transformation: [-0.1831f,-0.4304f,-0.8839f,-0.8916f,-0.2051f,0.896f,-0.3938f,2.2147f,0.9615f,0.1092f,-0.2523f,0.1321f,0f,0f,0f,1f],start_interpolation: 0,interpolation_duration: 1}
$data merge entity $(bone_hugeasssword) {transformation: [-1.0638f,-1.4915f,-3.4618f,-0.7449f,-0.0275f,3.6f,-1.5425f,2.471f,3.7693f,-0.3946f,-0.9883f,-0.1006f,0f,0f,0f,1f],start_interpolation: 0,interpolation_duration: 1}
$data merge entity $(bone_ice) {transformation: [-0.2716f,-0.3808f,-0.8839f,-0.7347f,-0.007f,0.9192f,-0.3938f,2.4567f,0.9624f,-0.1008f,-0.2523f,-0.1141f,0f,0f,0f,1f],start_interpolation: 0,interpolation_duration: 1}
$data merge entity $(bone_righthand1) {transformation: [-0.2716f,-0.3808f,-0.8839f,-0.9254f,-0.007f,0.9192f,-0.3938f,2.6724f,0.9624f,-0.1008f,-0.2523f,0.0934f,0f,0f,0f,1f],start_interpolation: 0,interpolation_duration: 1}
$data merge entity $(bone_rightforearm) {transformation: [-0.0952f,-0.4881f,-0.8676f,-1.2471f,0.4691f,0.7467f,-0.4716f,3.1728f,0.878f,-0.4518f,0.1579f,-0.2495f,0f,0f,0f,1f],start_interpolation: 0,interpolation_duration: 1}
$data merge entity $(bone_rightelbow) {transformation: [-0.0952f,-0.4881f,-0.8676f,-1.3386f,0.4691f,0.7467f,-0.4716f,3.3128f,0.878f,-0.4518f,0.1579f,-0.3343f,0f,0f,0f,1f],start_interpolation: 0,interpolation_duration: 1}
$data merge entity $(bone_rightarm) {transformation: [-0.4138f,0.6425f,-0.645f,-0.7386f,0.5366f,0.7444f,0.3973f,3.5332f,0.7354f,-0.1817f,-0.6528f,-0.5042f,0f,0f,0f,1f],start_interpolation: 0,interpolation_duration: 1}
$data merge entity $(bone_chest1) {transformation: [-0.9648f,0.0019f,0.4928f,0.1029f,0.1391f,1.0403f,0.2683f,3.3375f,-0.4727f,0.3022f,-0.9267f,-0.1981f,0f,0f,0f,1f],start_interpolation: 0,interpolation_duration: 1}
$data merge entity $(bone_chest1lid) {transformation: [-0.8906f,0.0018f,0.4549f,-0.3804f,0.1284f,0.9603f,0.2477f,2.6281f,-0.4364f,0.279f,-0.8554f,-0.203f,0f,0f,0f,1f],start_interpolation: 0,interpolation_duration: 1}
$data merge entity $(bone_chest2) {transformation: [-0.8906f,0.0018f,0.4549f,-0.3806f,0.1284f,0.9603f,0.2477f,2.478f,-0.4364f,0.279f,-0.8554f,-0.2466f,0f,0f,0f,1f],start_interpolation: 0,interpolation_duration: 1}
$data merge entity $(bone_chest1lid3) {transformation: [-0.8906f,0.0018f,0.4549f,-0.0333f,0.1284f,0.9603f,0.2477f,2.7787f,-0.4364f,0.279f,-0.8554f,-0.7237f,0f,0f,0f,1f],start_interpolation: 0,interpolation_duration: 1}
$data merge entity $(bone_chest3) {transformation: [-0.8906f,0.0018f,0.4549f,-0.0336f,0.1284f,0.9603f,0.2477f,2.6287f,-0.4364f,0.279f,-0.8554f,-0.7673f,0f,0f,0f,1f],start_interpolation: 0,interpolation_duration: 1}
$data merge entity $(bone_hugeasssword2) {transformation: [-1.7816f,2.5763f,-2.3514f,-0.8717f,-0.97f,2.1702f,3.1128f,4.6755f,3.3504f,1.9982f,-0.3492f,-0.6387f,0f,0f,0f,1f],start_interpolation: 0,interpolation_duration: 1}
$data merge entity $(bone_belt) {transformation: [-0.8906f,0.0018f,0.4549f,0.0712f,0.1284f,0.9603f,0.2477f,2.9184f,-0.4364f,0.279f,-0.8554f,-0.1832f,0f,0f,0f,1f],start_interpolation: 0,interpolation_duration: 1}
$data merge entity $(bone_torn_part) {transformation: [-0.9702f,-0.0528f,0.2363f,-0.1002f,-0.0094f,0.9834f,0.1814f,2.6072f,-0.2419f,0.1738f,-0.9546f,-0.086f,0f,0f,0f,1f],start_interpolation: 0,interpolation_duration: 1}
$data merge entity $(bone_lowerbody) {transformation: [-0.9702f,0.0207f,0.2412f,-0.0495f,-0.0094f,0.9924f,-0.1227f,2.1408f,-0.2419f,-0.1213f,-0.9627f,0.1322f,0f,0f,0f,1f],start_interpolation: 0,interpolation_duration: 1}
$data merge entity $(bone_leftfoot) {transformation: [-0.969f,-0.2397f,-0.06f,0.5268f,-0.2449f,0.8988f,0.3637f,0.2345f,-0.0333f,0.3671f,-0.9296f,-0.1829f,0f,0f,0f,1f],start_interpolation: 0,interpolation_duration: 1}
$data merge entity $(bone_leftlowerleg) {transformation: [-0.969f,-0.2397f,-0.06f,0.2701f,-0.2449f,0.8988f,0.3637f,1.1756f,-0.0333f,0.3671f,-0.9296f,0.3671f,0f,0f,0f,1f],start_interpolation: 0,interpolation_duration: 1}
$data merge entity $(bone_leftleg) {transformation: [-0.9843f,-0.0116f,0.1764f,0.2257f,-0.0722f,0.9372f,-0.3412f,2.1144f,-0.1613f,-0.3486f,-0.9233f,0.0694f,0f,0f,0f,1f],start_interpolation: 0,interpolation_duration: 1}
$data merge entity $(bone_rightfoot) {transformation: [-0.9001f,-0.0051f,0.4357f,-0.4282f,0.1546f,0.9311f,0.3303f,0.2296f,-0.4074f,0.3647f,-0.8373f,-0.2419f,0f,0f,0f,1f],start_interpolation: 0,interpolation_duration: 1}
$data merge entity $(bone_rightlowerleg) {transformation: [-0.9001f,-0.0051f,0.4357f,-0.5008f,0.1546f,0.9311f,0.3303f,1.2119f,-0.4074f,0.3647f,-0.8373f,0.2912f,0f,0f,0f,1f],start_interpolation: 0,interpolation_duration: 1}
$data merge entity $(bone_rightleg) {transformation: [-0.9285f,0.2185f,0.3004f,-0.2785f,0.0668f,0.8937f,-0.4436f,2.1025f,-0.3654f,-0.3918f,-0.8444f,-0.0318f,0f,0f,0f,1f],start_interpolation: 0,interpolation_duration: 1}
data modify entity @s data merge value {"cameras":{},"locators":{"lefthand":{"posx":-0.15338756693660405,"posy":2.3340067226086876,"posz":0.9156932467164026,"roty":143.2013545246959,"rotx":-44.05578328591654},"sword":{"posx":2.5188788026921953,"posy":3.9001178193784383,"posz":0.912135300898648,"roty":285.9335548752012,"rotx":-23.193613561855965},"righthand":{"posx":-0.7403734697424265,"posy":2.4478348242738037,"posz":-0.018351118539955566,"roty":285.9335548752012,"rotx":-23.193613561855965},"chest":{"posx":-0.47938416138849793,"posy":2.5333905107038266,"posz":-0.1003761872419188,"roty":28.001737078568283,"rotx":14.338503362595517}}}