# This file was generated by Animated Java via MC-Build. It is not recommended to edit this file directly.
$data merge entity $(nose) {transformation: [-0.8567f,-0.0006f,0.5157f,-0.0018f,0.1346f,0.9651f,0.2248f,4.0586f,-0.4979f,0.262f,-0.8267f,0.2577f,0f,0f,0f,1f],start_interpolation: 0,interpolation_duration: 1}
$data merge entity $(glowing_eye) {transformation: [-0.8567f,-0.0006f,0.5157f,-0.1269f,0.1346f,0.9651f,0.2248f,4.1329f,-0.4979f,0.262f,-0.8267f,0.2421f,0f,0f,0f,1f],start_interpolation: 0,interpolation_duration: 1}
$data merge entity $(head) {transformation: [-0.8567f,-0.0006f,0.5157f,0.0949f,0.1346f,0.9651f,0.2248f,3.9816f,-0.4979f,0.262f,-0.8267f,0.0706f,0f,0f,0f,1f],start_interpolation: 0,interpolation_duration: 1}
$data merge entity $(leftthumb2) {transformation: [0.2811f,0.8371f,0.4693f,-0.2894f,-0.4785f,0.5461f,-0.6876f,2.5128f,-0.8319f,-0.0313f,0.554f,0.6758f,0f,0f,0f,1f],start_interpolation: 0,interpolation_duration: 1}
$data merge entity $(leftthumb) {transformation: [0.2811f,0.8371f,0.4693f,-0.044f,-0.4785f,0.5461f,-0.6876f,2.588f,-0.8319f,-0.0313f,0.554f,0.7155f,0f,0f,0f,1f],start_interpolation: 0,interpolation_duration: 1}
$data merge entity $(leftpointerfinger) {transformation: [0.7336f,0.4915f,0.4693f,-0.3274f,-0.0457f,0.7246f,-0.6876f,2.4289f,-0.678f,0.483f,0.554f,0.8427f,0f,0f,0f,1f],start_interpolation: 0,interpolation_duration: 1}
$data merge entity $(leftmidfinger) {transformation: [0.6889f,0.5525f,0.4693f,-0.2541f,-0.1075f,0.7181f,-0.6876f,2.3215f,-0.7169f,0.4232f,0.554f,0.9293f,0f,0f,0f,1f],start_interpolation: 0,interpolation_duration: 1}
$data merge entity $(leftringfinger) {transformation: [0.6889f,0.5525f,0.4693f,-0.1807f,-0.1075f,0.7181f,-0.6876f,2.214f,-0.7169f,0.4232f,0.554f,1.0158f,0f,0f,0f,1f],start_interpolation: 0,interpolation_duration: 1}
$data merge entity $(invisibility) {transformation: [0.8748f,-0.3945f,-0.2811f,-0.1978f,0.4841f,0.7326f,0.4785f,2.4204f,0.0171f,-0.5547f,0.8319f,0.666f,0f,0f,0f,1f],start_interpolation: 0,interpolation_duration: 1}
$data merge entity $(swiftness) {transformation: [0.4693f,0.8371f,-0.2811f,-0.2085f,-0.6876f,0.5461f,0.4785f,2.1926f,0.554f,-0.0313f,0.8319f,0.7308f,0f,0f,0f,1f],start_interpolation: 0,interpolation_duration: 1}
$data merge entity $(suspicious_stew) {transformation: [0.957f,-0.0715f,-0.2811f,-0.1491f,0.2043f,0.854f,0.4785f,2.2659f,0.2058f,-0.5154f,0.8319f,0.7713f,0f,0f,0f,1f],start_interpolation: 0,interpolation_duration: 1}
$data merge entity $(log) {transformation: [0.2811f,0.8371f,0.4693f,0.0039f,-0.4785f,0.5461f,-0.6876f,2.257f,-0.8319f,-0.0313f,0.554f,0.7154f,0f,0f,0f,1f],start_interpolation: 0,interpolation_duration: 1}
$data merge entity $(planks) {transformation: [0.2811f,0.8371f,0.4693f,0.0303f,-0.4785f,0.5461f,-0.6876f,2.2122f,-0.8319f,-0.0313f,0.554f,0.6374f,0f,0f,0f,1f],start_interpolation: 0,interpolation_duration: 1}
$data merge entity $(lefthand1) {transformation: [0.2811f,0.8371f,0.4693f,0.1283f,-0.4785f,0.5461f,-0.6876f,2.5347f,-0.8319f,-0.0313f,0.554f,0.8982f,0f,0f,0f,1f],start_interpolation: 0,interpolation_duration: 1}
$data merge entity $(leftforearm) {transformation: [0.2273f,0.9095f,0.3481f,0.7714f,-0.4992f,0.4157f,-0.7602f,2.8096f,-0.8361f,-0.001f,0.5485f,0.8339f,0f,0f,0f,1f],start_interpolation: 0,interpolation_duration: 1}
$data merge entity $(leftelbow) {transformation: [0.2273f,0.9095f,0.3481f,0.9419f,-0.4992f,0.4157f,-0.7602f,2.8875f,-0.8361f,-0.001f,0.5485f,0.8337f,0f,0f,0f,1f],start_interpolation: 0,interpolation_duration: 1}
$data merge entity $(leftarm) {transformation: [-0.0609f,0.1585f,0.9855f,0.8083f,-0.4167f,0.8931f,-0.1694f,3.3305f,-0.907f,-0.4209f,0.0116f,0.3528f,0f,0f,0f,1f],start_interpolation: 0,interpolation_duration: 1}
$data merge entity $(rightthumb2) {transformation: [-0.5956f,-0.1801f,-0.7828f,-0.849f,0.0192f,0.9711f,-0.238f,2.4372f,0.803f,-0.1568f,-0.5749f,0.0271f,0f,0f,0f,1f],start_interpolation: 0,interpolation_duration: 1}
$data merge entity $(rightthumb) {transformation: [-0.5956f,-0.1801f,-0.7828f,-0.9601f,0.0192f,0.9711f,-0.238f,2.655f,0.803f,-0.1568f,-0.5749f,-0.0605f,0f,0f,0f,1f],start_interpolation: 0,interpolation_duration: 1}
$data merge entity $(rightpointerfinger) {transformation: [-0.546f,-0.2985f,-0.7828f,-1.0028f,-0.1804f,0.9543f,-0.238f,2.3273f,0.8181f,0.0113f,-0.5749f,0.0518f,0f,0f,0f,1f],start_interpolation: 0,interpolation_duration: 1}
$data merge entity $(rightmidfinger) {transformation: [-0.5324f,-0.322f,-0.7828f,-1.1251f,-0.2219f,0.9456f,-0.238f,2.2901f,0.8169f,0.047f,-0.5749f,-0.038f,0f,0f,0f,1f],start_interpolation: 0,interpolation_duration: 1}
$data merge entity $(rightringfinger) {transformation: [-0.5382f,-0.3123f,-0.7828f,-1.2475f,-0.2047f,0.9494f,-0.238f,2.2529f,0.8176f,0.0322f,-0.5749f,-0.1279f,0f,0f,0f,1f],start_interpolation: 0,interpolation_duration: 1}
$data merge entity $(hugeasssword) {transformation: [-2.3328f,-0.7054f,-3.066f,-0.9913f,0.0753f,3.8033f,-0.9323f,2.4859f,3.1452f,-0.6142f,-2.2518f,-0.2742f,0f,0f,0f,1f],start_interpolation: 0,interpolation_duration: 1}
$data merge entity $(whey) {transformation: [0f,0f,0f,-0.7619f,0f,0f,0f,2.4251f,0f,0f,0f,-0.3167f,0f,0f,0f,1f],start_interpolation: 0,interpolation_duration: 1}
$data merge entity $(ice) {transformation: [-0.5956f,-0.1801f,-0.7828f,-0.9792f,0.0192f,0.9711f,-0.238f,2.4705f,0.803f,-0.1568f,-0.5749f,-0.2843f,0f,0f,0f,1f],start_interpolation: 0,interpolation_duration: 1}
$data merge entity $(righthand1) {transformation: [-0.5956f,-0.1801f,-0.7828f,-1.1976f,0.0192f,0.9711f,-0.238f,2.7106f,0.803f,-0.1568f,-0.5749f,-0.1407f,0f,0f,0f,1f],start_interpolation: 0,interpolation_duration: 1}
$data merge entity $(rightforearm) {transformation: [-0.3783f,-0.1411f,-0.9149f,-1.2707f,0.4378f,0.8435f,-0.3111f,3.278f,0.8156f,-0.5182f,-0.2573f,-0.5228f,0f,0f,0f,1f],start_interpolation: 0,interpolation_duration: 1}
$data merge entity $(rightelbow) {transformation: [-0.3783f,-0.1411f,-0.9149f,-1.2971f,0.4378f,0.8435f,-0.3111f,3.4361f,0.8156f,-0.5182f,-0.2573f,-0.62f,0f,0f,0f,1f],start_interpolation: 0,interpolation_duration: 1}
$data merge entity $(rightarm) {transformation: [-0.5904f,0.7413f,-0.3193f,-0.666f,0.5593f,0.661f,0.5003f,3.5812f,0.5819f,0.1168f,-0.8048f,-0.5535f,0f,0f,0f,1f],start_interpolation: 0,interpolation_duration: 1}
$data merge entity $(chest1) {transformation: [-0.9281f,-0.0007f,0.5587f,0.1354f,0.1458f,1.0455f,0.2435f,3.3666f,-0.5393f,0.2839f,-0.8956f,-0.1702f,0f,0f,0f,1f],start_interpolation: 0,interpolation_duration: 1}
$data merge entity $(chest1lid) {transformation: [-0.8567f,-0.0006f,0.5157f,-0.3585f,0.1346f,0.9651f,0.2248f,2.665f,-0.4979f,0.262f,-0.8267f,-0.1957f,0f,0f,0f,1f],start_interpolation: 0,interpolation_duration: 1}
$data merge entity $(chest2) {transformation: [-0.8567f,-0.0006f,0.5157f,-0.3584f,0.1346f,0.9651f,0.2248f,2.5142f,-0.4979f,0.262f,-0.8267f,-0.2366f,0f,0f,0f,1f],start_interpolation: 0,interpolation_duration: 1}
$data merge entity $(chest1lid3) {transformation: [-0.8567f,-0.0006f,0.5157f,0.0255f,0.1346f,0.9651f,0.2248f,2.8006f,-0.4979f,0.262f,-0.8267f,-0.6942f,0f,0f,0f,1f],start_interpolation: 0,interpolation_duration: 1}
$data merge entity $(chest3) {transformation: [-0.8567f,-0.0006f,0.5157f,0.0256f,0.1346f,0.9651f,0.2248f,2.6498f,-0.4979f,0.262f,-0.8267f,-0.7352f,0f,0f,0f,1f],start_interpolation: 0,interpolation_duration: 1}
$data merge entity $(hugeasssword2) {transformation: [-2.02f,2.4723f,-2.2688f,-0.7842f,-0.8805f,2.1649f,3.143f,4.7117f,3.238f,2.131f,-0.5607f,-0.6986f,0f,0f,0f,1f],start_interpolation: 0,interpolation_duration: 1}
$data merge entity $(belt) {transformation: [-0.8567f,-0.0006f,0.5157f,0.0956f,0.1346f,0.9651f,0.2248f,2.9484f,-0.4979f,0.262f,-0.8267f,-0.1504f,0f,0f,0f,1f],start_interpolation: 0,interpolation_duration: 1}
$data merge entity $(torn_part) {transformation: [-0.9549f,-0.0703f,0.2886f,-0.0798f,-0.0095f,0.9783f,0.2071f,2.6407f,-0.2969f,0.195f,-0.9348f,-0.0849f,0f,0f,0f,1f],start_interpolation: 0,interpolation_duration: 1}
$data merge entity $(lowerbody) {transformation: [-0.9549f,0.0197f,0.2964f,-0.0378f,-0.0095f,0.9953f,-0.0967f,2.1692f,-0.2969f,-0.0951f,-0.9502f,0.1242f,0f,0f,0f,1f],start_interpolation: 0,interpolation_duration: 1}
$data merge entity $(leftfoot) {transformation: [-0.969f,-0.2469f,0.0108f,0.5378f,-0.2285f,0.9114f,0.3423f,0.2286f,-0.0944f,0.3292f,-0.9395f,-0.1846f,0f,0f,0f,1f],start_interpolation: 0,interpolation_duration: 1}
$data merge entity $(leftlowerleg) {transformation: [-0.969f,-0.2469f,0.0108f,0.2622f,-0.2285f,0.9114f,0.3423f,1.187f,-0.0944f,0.3292f,-0.9395f,0.325f,0f,0f,0f,1f],start_interpolation: 0,interpolation_duration: 1}
$data merge entity $(leftleg) {transformation: [-0.9722f,0.0126f,0.2338f,0.2393f,-0.0581f,0.9544f,-0.2928f,2.1495f,-0.2268f,-0.2983f,-0.9271f,0.0712f,0f,0f,0f,1f],start_interpolation: 0,interpolation_duration: 1}
$data merge entity $(rightfoot) {transformation: [-0.9031f,0.0017f,0.4293f,-0.4333f,0.1399f,0.9466f,0.2906f,0.2211f,-0.4059f,0.3225f,-0.8551f,-0.2572f,0f,0f,0f,1f],start_interpolation: 0,interpolation_duration: 1}
$data merge entity $(rightlowerleg) {transformation: [-0.9031f,0.0017f,0.4293f,-0.4974f,0.1399f,0.9466f,0.2906f,1.2265f,-0.4059f,0.3225f,-0.8551f,0.232f,0f,0f,0f,1f],start_interpolation: 0,interpolation_duration: 1}
$data merge entity $(rightleg) {transformation: [-0.9172f,0.2323f,0.3236f,-0.2601f,0.0821f,0.9052f,-0.4171f,2.1333f,-0.3898f,-0.356f,-0.8493f,-0.0566f,0f,0f,0f,1f],start_interpolation: 0,interpolation_duration: 1}
data modify entity @s data merge value {"cameras":{},"locators":{"soup":{"px":-0.15256047405776665,"py":2.3977022309379907,"pz":0.656747305817941,"ry":198.66786350179578,"rx":28.586729536998504},"lefthand":{"px":-0.09514613390288798,"py":2.2699869306782117,"pz":0.78716878849,"ry":139.73574517145164,"rx":-43.44163534644789},"sword":{"px":1.8666943199639985,"py":3.3385677143163095,"pz":1.9224303081913765,"ry":306.2943766294004,"rx":-13.770419631434736},"righthand":{"px":-1.0199550087328246,"py":2.4608245165530316,"pz":-0.19758827236740525,"ry":306.2943766294004,"rx":-13.770419631434736},"chest":{"px":-0.4657997500289133,"py":2.573733141474286,"pz":-0.0984674335367966,"ry":31.957028932866336,"rx":12.99116358626267}}}