# This file was generated by Animated Java via MC-Build. It is not recommended to edit this file directly.
$data merge entity $(bone_nose) {transformation: [-0.7545f,-0.0206f,0.656f,0.0278f,0.1563f,0.9651f,0.2101f,4.1118f,-0.6375f,0.261f,-0.7249f,0.3244f,0f,0f,0f,1f],start_interpolation: 0,interpolation_duration: 1}
$data merge entity $(bone_glowing_eye) {transformation: [-0.7545f,-0.0206f,0.656f,-0.0908f,0.1563f,0.9651f,0.2101f,4.1893f,-0.6375f,0.261f,-0.7249f,0.2877f,0f,0f,0f,1f],start_interpolation: 0,interpolation_duration: 1}
$data merge entity $(bone_head) {transformation: [-0.7545f,-0.0206f,0.656f,0.1532f,0.1563f,0.9651f,0.2101f,4.0319f,-0.6375f,0.261f,-0.7249f,0.1565f,0f,0f,0f,1f],start_interpolation: 0,interpolation_duration: 1}
$data merge entity $(bone_leftthumb2) {transformation: [0.7776f,0.478f,0.4085f,-0.0904f,-0.1393f,0.7645f,-0.6294f,2.4052f,-0.6131f,0.4325f,0.661f,0.4265f,0f,0f,0f,1f],start_interpolation: 0,interpolation_duration: 1}
$data merge entity $(bone_leftthumb) {transformation: [0.7776f,0.478f,0.4085f,0.0617f,-0.1393f,0.7645f,-0.6294f,2.5389f,-0.6131f,0.4325f,0.661f,0.5891f,0f,0f,0f,1f],start_interpolation: 0,interpolation_duration: 1}
$data merge entity $(bone_leftpointerfinger) {transformation: [0.903f,-0.133f,0.4085f,-0.161f,0.3842f,0.6754f,-0.6294f,2.2738f,-0.1922f,0.7253f,0.661f,0.5452f,0f,0f,0f,1f],start_interpolation: 0,interpolation_duration: 1}
$data merge entity $(bone_leftmidfinger) {transformation: [0.9114f,-0.0504f,0.4085f,-0.0972f,0.3212f,0.7076f,-0.6294f,2.1754f,-0.2573f,0.7049f,0.661f,0.6485f,0f,0f,0f,1f],start_interpolation: 0,interpolation_duration: 1}
$data merge entity $(bone_leftringfinger) {transformation: [0.9114f,-0.0504f,0.4085f,-0.0334f,0.3212f,0.7076f,-0.6294f,2.0771f,-0.2573f,0.7049f,0.661f,0.7518f,0f,0f,0f,1f],start_interpolation: 0,interpolation_duration: 1}
$data merge entity $(bone_invisibility) {transformation: [0.5118f,-0.3653f,-0.7776f,0.0243f,0.7067f,0.6937f,0.1393f,2.351f,0.4885f,-0.6208f,0.6131f,0.4569f,0f,0f,0f,1f],start_interpolation: 0,interpolation_duration: 1}
$data merge entity $(bone_swiftness) {transformation: [0.4085f,0.478f,-0.7776f,0.0767f,-0.6294f,0.7645f,0.1393f,2.1222f,0.661f,0.4325f,0.6131f,0.4903f,0f,0f,0f,1f],start_interpolation: 0,interpolation_duration: 1}
$data merge entity $(bone_suspicious_stew) {transformation: [0.6059f,-0.1682f,-0.7776f,0.0785f,0.4268f,0.8935f,0.1393f,2.1971f,0.6714f,-0.4163f,0.6131f,0.5606f,0f,0f,0f,1f],start_interpolation: 0,interpolation_duration: 1}
$data merge entity $(bone_log) {transformation: [0.7776f,0.478f,0.4085f,0.2303f,-0.1393f,0.7645f,-0.6294f,2.2501f,-0.6131f,0.4325f,0.661f,0.5881f,0f,0f,0f,1f],start_interpolation: 0,interpolation_duration: 1}
$data merge entity $(bone_planks) {transformation: [0.7776f,0.478f,0.4085f,0.3032f,-0.1393f,0.7645f,-0.6294f,2.237f,-0.6131f,0.4325f,0.661f,0.5307f,0f,0f,0f,1f],start_interpolation: 0,interpolation_duration: 1}
$data merge entity $(bone_lefthand1) {transformation: [0.7776f,0.478f,0.4085f,0.1426f,-0.1393f,0.7645f,-0.6294f,2.4957f,-0.6131f,0.4325f,0.661f,0.8289f,0f,0f,0f,1f],start_interpolation: 0,interpolation_duration: 1}
$data merge entity $(bone_leftforearm) {transformation: [0.3791f,0.8835f,0.2751f,0.7555f,-0.3622f,0.4153f,-0.8345f,2.7821f,-0.8515f,0.2167f,0.4775f,0.9198f,0f,0f,0f,1f],start_interpolation: 0,interpolation_duration: 1}
$data merge entity $(bone_leftelbow) {transformation: [0.3791f,0.8835f,0.2751f,0.9211f,-0.3622f,0.4153f,-0.8345f,2.8599f,-0.8515f,0.2167f,0.4775f,0.9604f,0f,0f,0f,1f],start_interpolation: 0,interpolation_duration: 1}
$data merge entity $(bone_leftarm) {transformation: [0.0871f,0.1364f,0.9868f,0.8058f,-0.2694f,0.9569f,-0.1085f,3.374f,-0.9591f,-0.2564f,0.12f,0.5325f,0f,0f,0f,1f],start_interpolation: 0,interpolation_duration: 1}
$data merge entity $(bone_rightthumb2) {transformation: [-0.8718f,0.4763f,-0.1145f,-1.0413f,0.4682f,0.8789f,0.0908f,2.5483f,0.1439f,0.0256f,-0.9893f,-0.9273f,0f,0f,0f,1f],start_interpolation: 0,interpolation_duration: 1}
$data merge entity $(bone_rightthumb) {transformation: [-0.8718f,0.4763f,-0.1145f,-0.9343f,0.4682f,0.8789f,0.0908f,2.7716f,0.1439f,0.0256f,-0.9893f,-1.0055f,0f,0f,0f,1f],start_interpolation: 0,interpolation_duration: 1}
$data merge entity $(bone_rightpointerfinger) {transformation: [-0.968f,0.2233f,-0.1145f,-1.1913f,0.2136f,0.9727f,0.0908f,2.5387f,0.1316f,0.0634f,-0.9893f,-1.0446f,0f,0f,0f,1f],start_interpolation: 0,interpolation_duration: 1}
$data merge entity $(bone_rightmidfinger) {transformation: [-0.9768f,0.1808f,-0.1145f,-1.2092f,0.171f,0.9811f,0.0908f,2.5529f,0.1287f,0.0691f,-0.9893f,-1.1991f,0f,0f,0f,1f],start_interpolation: 0,interpolation_duration: 1}
$data merge entity $(bone_rightringfinger) {transformation: [-0.9719f,0.2057f,-0.1145f,-1.2271f,0.1959f,0.9764f,0.0908f,2.5671f,0.1305f,0.0658f,-0.9893f,-1.3537f,0f,0f,0f,1f],start_interpolation: 0,interpolation_duration: 1}
$data merge entity $(bone_hugeasssword) {transformation: [-3.4146f,1.8653f,-0.4484f,-0.8791f,1.8338f,3.4425f,0.3556f,2.6056f,0.5635f,0.1001f,-3.8746f,-1.2167f,0f,0f,0f,1f],start_interpolation: 0,interpolation_duration: 1}
$data merge entity $(bone_ice) {transformation: [-0.8718f,0.4763f,-0.1145f,-0.8729f,0.4682f,0.8789f,0.0908f,2.5846f,0.1439f,0.0256f,-0.9893f,-1.2194f,0f,0f,0f,1f],start_interpolation: 0,interpolation_duration: 1}
$data merge entity $(bone_righthand1) {transformation: [-0.8718f,0.4763f,-0.1145f,-0.9754f,0.4682f,0.8789f,0.0908f,2.9242f,0.1439f,0.0256f,-0.9893f,-1.2079f,0f,0f,0f,1f],start_interpolation: 0,interpolation_duration: 1}
$data merge entity $(bone_rightforearm) {transformation: [-0.9425f,0.2122f,-0.2581f,-0.7388f,0.2039f,0.9772f,0.0589f,3.5948f,0.2647f,0.0029f,-0.9643f,-1.2101f,0f,0f,0f,1f],start_interpolation: 0,interpolation_duration: 1}
$data merge entity $(bone_rightelbow) {transformation: [-0.9425f,0.2122f,-0.2581f,-0.699f,0.2039f,0.9772f,0.0589f,3.778f,0.2647f,0.0029f,-0.9643f,-1.2096f,0f,0f,0f,1f],start_interpolation: 0,interpolation_duration: 1}
$data merge entity $(bone_rightarm) {transformation: [-0.8871f,0.2075f,0.4123f,-0.431f,0.46f,0.3231f,0.8271f,3.6939f,0.0384f,0.9234f,-0.382f,-0.6173f,0f,0f,0f,1f],start_interpolation: 0,interpolation_duration: 1}
$data merge entity $(bone_chest1) {transformation: [-0.8173f,-0.0224f,0.7107f,0.2186f,0.1693f,1.0455f,0.2276f,3.4157f,-0.6906f,0.2828f,-0.7853f,-0.0756f,0f,0f,0f,1f],start_interpolation: 0,interpolation_duration: 1}
$data merge entity $(bone_chest1lid) {transformation: [-0.7545f,-0.0206f,0.656f,-0.2816f,0.1563f,0.9651f,0.2101f,2.7273f,-0.6375f,0.261f,-0.7249f,-0.188f,0f,0f,0f,1f],start_interpolation: 0,interpolation_duration: 1}
$data merge entity $(bone_chest2) {transformation: [-0.7545f,-0.0206f,0.656f,-0.2784f,0.1563f,0.9651f,0.2101f,2.5765f,-0.6375f,0.261f,-0.7249f,-0.2287f,0f,0f,0f,1f],start_interpolation: 0,interpolation_duration: 1}
$data merge entity $(bone_chest1lid3) {transformation: [-0.7545f,-0.0206f,0.656f,0.1858f,0.1563f,0.9651f,0.2101f,2.8521f,-0.6375f,0.261f,-0.7249f,-0.6125f,0f,0f,0f,1f],start_interpolation: 0,interpolation_duration: 1}
$data merge entity $(bone_chest3) {transformation: [-0.7545f,-0.0206f,0.656f,0.189f,0.1563f,0.9651f,0.2101f,2.7013f,-0.6375f,0.261f,-0.7249f,-0.6533f,0f,0f,0f,1f],start_interpolation: 0,interpolation_duration: 1}
$data merge entity $(bone_hugeasssword2) {transformation: [-2.5694f,2.124f,-2.056f,-0.5611f,-0.8228f,2.1025f,3.2004f,4.7837f,2.8393f,2.5314f,-0.9331f,-0.7502f,0f,0f,0f,1f],start_interpolation: 0,interpolation_duration: 1}
$data merge entity $(bone_belt) {transformation: [-0.7545f,-0.0206f,0.656f,0.1651f,0.1563f,0.9651f,0.2101f,2.9988f,-0.6375f,0.261f,-0.7249f,-0.0643f,0f,0f,0f,1f],start_interpolation: 0,interpolation_duration: 1}
$data merge entity $(bone_torn_part) {transformation: [-0.9031f,-0.1254f,0.4108f,-0.0323f,-0.0028f,0.9581f,0.2864f,2.7044f,-0.4295f,0.2575f,-0.8656f,-0.0774f,0f,0f,0f,1f],start_interpolation: 0,interpolation_duration: 1}
$data merge entity $(bone_lowerbody) {transformation: [-0.9031f,0.0039f,0.4295f,-0.0065f,-0.0028f,0.9999f,-0.015f,2.2185f,-0.4295f,-0.0147f,-0.903f,0.0987f,0f,0f,0f,1f],start_interpolation: 0,interpolation_duration: 1}
$data merge entity $(bone_leftfoot) {transformation: [-0.9605f,-0.2372f,0.1452f,0.5598f,-0.1833f,0.9326f,0.311f,0.2288f,-0.2092f,0.2721f,-0.9392f,-0.1827f,0f,0f,0f,1f],start_interpolation: 0,interpolation_duration: 1}
$data merge entity $(bone_leftlowerleg) {transformation: [-0.9605f,-0.2372f,0.1452f,0.2743f,-0.1833f,0.9326f,0.311f,1.2156f,-0.2092f,0.2721f,-0.9392f,0.2635f,0f,0f,0f,1f],start_interpolation: 0,interpolation_duration: 1}
$data merge entity $(bone_leftleg) {transformation: [-0.9326f,0.0356f,0.3591f,0.2731f,-0.0453f,0.9757f,-0.2143f,2.2085f,-0.358f,-0.2161f,-0.9084f,0.0827f,0f,0f,0f,1f],start_interpolation: 0,interpolation_duration: 1}
$data merge entity $(bone_rightfoot) {transformation: [-0.9076f,0.0323f,0.4186f,-0.4157f,0.1285f,0.9706f,0.2037f,0.2082f,-0.3997f,0.2386f,-0.885f,-0.2756f,0f,0f,0f,1f],start_interpolation: 0,interpolation_duration: 1}
$data merge entity $(bone_rightlowerleg) {transformation: [-0.9076f,0.0323f,0.4186f,-0.4442f,0.1285f,0.9706f,0.2037f,1.2536f,-0.3997f,0.2386f,-0.885f,0.1251f,0f,0f,0f,1f],start_interpolation: 0,interpolation_duration: 1}
$data merge entity $(bone_rightleg) {transformation: [-0.8879f,0.2311f,0.3978f,-0.2012f,0.071f,0.9231f,-0.3778f,2.1917f,-0.4545f,-0.3072f,-0.8361f,-0.1114f,0f,0f,0f,1f],start_interpolation: 0,interpolation_duration: 1}
data modify entity @s data merge value {"cameras":{},"locators":{"lefthand":{"posx":0.11365640330492369,"posy":2.2132725820606933,"posz":0.6015012136170867,"roty":148.28711717195227,"rotx":-39.00798633471352},"sword":{"posx":-0.5381469092894215,"posy":2.278474861075491,"posz":2.457108543413033,"roty":353.39874400261147,"rotx":5.209799174082241},"righthand":{"posx":-0.9603067247165253,"posy":2.6133105653004702,"posz":-1.1908117396269784,"roty":353.39874400261147,"rotx":5.209799174082241},"chest":{"posx":-0.40638107193973005,"posy":2.6389997873545608,"posz":-0.11092831592519212,"roty":42.14328622919672,"rotx":12.12692447275962}}}