# This file was generated by Animated Java via MC-Build. It is not recommended to edit this file directly.
$data merge entity $(bone_nose) {transformation: [-0.7707f,-0.0823f,0.6319f,-0.0166f,0.1238f,0.9534f,0.2752f,4.0677f,-0.6251f,0.2903f,-0.7245f,0.3174f,0f,0f,0f,1f],start_interpolation: 0,interpolation_duration: 1}
$data merge entity $(bone_glowing_eye) {transformation: [-0.7707f,-0.0823f,0.6319f,-0.1406f,0.1238f,0.9534f,0.2752f,4.1381f,-0.6251f,0.2903f,-0.7245f,0.2842f,0f,0f,0f,1f],start_interpolation: 0,interpolation_duration: 1}
$data merge entity $(bone_head) {transformation: [-0.7707f,-0.0823f,0.6319f,0.1119f,0.1238f,0.9534f,0.2752f,4.0015f,-0.6251f,0.2903f,-0.7245f,0.1459f,0f,0f,0f,1f],start_interpolation: 0,interpolation_duration: 1}
$data merge entity $(bone_leftthumb2) {transformation: [0.716f,0.6287f,0.3034f,0.0673f,-0.2707f,0.6506f,-0.7095f,2.5371f,-0.6434f,0.4259f,0.6361f,0.3965f,0f,0f,0f,1f],start_interpolation: 0,interpolation_duration: 1}
$data merge entity $(bone_leftthumb) {transformation: [0.716f,0.6287f,0.3034f,0.2474f,-0.2707f,0.6506f,-0.7095f,2.636f,-0.6434f,0.4259f,0.6361f,0.5553f,0f,0f,0f,1f],start_interpolation: 0,interpolation_duration: 1}
$data merge entity $(bone_leftpointerfinger) {transformation: [0.9529f,-0.0063f,0.3034f,-0.023f,0.2303f,0.666f,-0.7095f,2.4189f,-0.1976f,0.7459f,0.6361f,0.5157f,0f,0f,0f,1f],start_interpolation: 0,interpolation_duration: 1}
$data merge entity $(bone_leftmidfinger) {transformation: [0.9492f,0.084f,0.3034f,0.0244f,0.1662f,0.6848f,-0.7095f,2.308f,-0.2673f,0.7239f,0.6361f,0.6151f,0f,0f,0f,1f],start_interpolation: 0,interpolation_duration: 1}
$data merge entity $(bone_leftringfinger) {transformation: [0.9492f,0.084f,0.3034f,0.0718f,0.1662f,0.6848f,-0.7095f,2.1971f,-0.2673f,0.7239f,0.6361f,0.7145f,0f,0f,0f,1f],start_interpolation: 0,interpolation_duration: 1}
$data merge entity $(bone_invisibility) {transformation: [0.6528f,-0.2474f,-0.716f,0.1706f,0.5863f,0.7635f,0.2707f,2.4614f,0.4797f,-0.5965f,0.6434f,0.4218f,0f,0f,0f,1f],start_interpolation: 0,interpolation_duration: 1}
$data merge entity $(bone_swiftness) {transformation: [0.3034f,0.6287f,-0.716f,0.1796f,-0.7095f,0.6506f,0.2707f,2.2262f,0.6361f,0.4259f,0.6434f,0.4499f,0f,0f,0f,1f],start_interpolation: 0,interpolation_duration: 1}
$data merge entity $(bone_suspicious_stew) {transformation: [0.698f,-0.0092f,-0.716f,0.198f,0.2898f,0.918f,0.2707f,2.2979f,0.6548f,-0.3965f,0.6434f,0.5211f,0f,0f,0f,1f],start_interpolation: 0,interpolation_duration: 1}
$data merge entity $(bone_log) {transformation: [0.716f,0.6287f,0.3034f,0.3579f,-0.2707f,0.6506f,-0.7095f,2.3206f,-0.6434f,0.4259f,0.6361f,0.5438f,0f,0f,0f,1f],start_interpolation: 0,interpolation_duration: 1}
$data merge entity $(bone_planks) {transformation: [0.716f,0.6287f,0.3034f,0.425f,-0.2707f,0.6506f,-0.7095f,2.2952f,-0.6434f,0.4259f,0.6361f,0.4835f,0f,0f,0f,1f],start_interpolation: 0,interpolation_duration: 1}
$data merge entity $(bone_lefthand1) {transformation: [0.716f,0.6287f,0.3034f,0.3266f,-0.2707f,0.6506f,-0.7095f,2.5731f,-0.6434f,0.4259f,0.6361f,0.7913f,0f,0f,0f,1f],start_interpolation: 0,interpolation_duration: 1}
$data merge entity $(bone_leftforearm) {transformation: [0.4005f,0.9019f,0.1618f,0.9635f,-0.4182f,0.337f,-0.8435f,2.8029f,-0.8153f,0.2701f,0.5122f,0.9222f,0f,0f,0f,1f],start_interpolation: 0,interpolation_duration: 1}
$data merge entity $(bone_leftelbow) {transformation: [0.4005f,0.9019f,0.1618f,1.1326f,-0.4182f,0.337f,-0.8435f,2.8661f,-0.8153f,0.2701f,0.5122f,0.9728f,0f,0f,0f,1f],start_interpolation: 0,interpolation_duration: 1}
$data merge entity $(bone_leftarm) {transformation: [0.0516f,-0.1128f,0.9923f,0.8305f,-0.2968f,0.947f,0.1231f,3.3671f,-0.9535f,-0.3009f,0.0154f,0.5102f,0f,0f,0f,1f],start_interpolation: 0,interpolation_duration: 1}
$data merge entity $(bone_rightthumb2) {transformation: [-0.7749f,0.5677f,0.2778f,-0.9351f,0.4343f,0.7976f,-0.4185f,2.5659f,-0.4592f,-0.2036f,-0.8647f,-0.6353f,0f,0f,0f,1f],start_interpolation: 0,interpolation_duration: 1}
$data merge entity $(bone_rightthumb) {transformation: [-0.7749f,0.5677f,0.2778f,-0.7721f,0.4343f,0.7976f,-0.4185f,2.7258f,-0.4592f,-0.2036f,-0.8647f,-0.7592f,0f,0f,0f,1f],start_interpolation: 0,interpolation_duration: 1}
$data merge entity $(bone_rightpointerfinger) {transformation: [-0.9151f,0.2923f,0.2778f,-1.0301f,0.1586f,0.8943f,-0.4185f,2.4919f,-0.3708f,-0.3389f,-0.8647f,-0.7831f,0f,0f,0f,1f],start_interpolation: 0,interpolation_duration: 1}
$data merge entity $(bone_rightmidfinger) {transformation: [-0.927f,0.2521f,0.2778f,-0.9867f,0.1194f,0.9003f,-0.4185f,2.4265f,-0.3556f,-0.3547f,-0.8647f,-0.9182f,0f,0f,0f,1f],start_interpolation: 0,interpolation_duration: 1}
$data merge entity $(bone_rightringfinger) {transformation: [-0.9187f,0.2807f,0.2778f,-0.9433f,0.1473f,0.8962f,-0.4185f,2.3611f,-0.3665f,-0.3435f,-0.8647f,-1.0533f,0f,0f,0f,1f],start_interpolation: 0,interpolation_duration: 1}
$data merge entity $(bone_hugeasssword) {transformation: [-3.0352f,2.2235f,1.0881f,-0.6699f,1.7011f,3.1241f,-1.639f,2.4797f,-1.7984f,-0.7976f,-3.3867f,-0.8241f,0f,0f,0f,1f],start_interpolation: 0,interpolation_duration: 1}
$data merge entity $(bone_ice) {transformation: [-0.7749f,0.5677f,0.2778f,-0.6666f,0.4343f,0.7976f,-0.4185f,2.4605f,-0.4592f,-0.2036f,-0.8647f,-0.8137f,0f,0f,0f,1f],start_interpolation: 0,interpolation_duration: 1}
$data merge entity $(bone_righthand1) {transformation: [-0.7749f,0.5677f,0.2778f,-0.7098f,0.4343f,0.7976f,-0.4185f,2.7554f,-0.4592f,-0.2036f,-0.8647f,-1.0065f,0f,0f,0f,1f],start_interpolation: 0,interpolation_duration: 1}
$data merge entity $(bone_rightforearm) {transformation: [-0.9681f,-0.0862f,-0.2353f,-0.6452f,-0.0236f,0.9662f,-0.2566f,3.4438f,0.2494f,-0.2428f,-0.9375f,-1.2012f,0f,0f,0f,1f],start_interpolation: 0,interpolation_duration: 1}
$data merge entity $(bone_rightelbow) {transformation: [-0.9681f,-0.0862f,-0.2353f,-0.6613f,-0.0236f,0.9662f,-0.2566f,3.625f,0.2494f,-0.2428f,-0.9375f,-1.2468f,0f,0f,0f,1f],start_interpolation: 0,interpolation_duration: 1}
$data merge entity $(bone_rightarm) {transformation: [-0.9759f,0.0432f,0.214f,-0.4251f,0.2109f,0.4397f,0.873f,3.6604f,-0.0564f,0.8971f,-0.4382f,-0.6101f,0f,0f,0f,1f],start_interpolation: 0,interpolation_duration: 1}
$data merge entity $(bone_chest1) {transformation: [-0.8349f,-0.0892f,0.6846f,0.2157f,0.1341f,1.0328f,0.2981f,3.3982f,-0.6772f,0.3145f,-0.7849f,-0.1053f,0f,0f,0f,1f],start_interpolation: 0,interpolation_duration: 1}
$data merge entity $(bone_chest1lid) {transformation: [-0.7707f,-0.0823f,0.6319f,-0.2384f,0.1238f,0.9534f,0.2752f,2.6812f,-0.6251f,0.2903f,-0.7245f,-0.2336f,0f,0f,0f,1f],start_interpolation: 0,interpolation_duration: 1}
$data merge entity $(bone_chest2) {transformation: [-0.7707f,-0.0823f,0.6319f,-0.2255f,0.1238f,0.9534f,0.2752f,2.5323f,-0.6251f,0.2903f,-0.7245f,-0.279f,0f,0f,0f,1f],start_interpolation: 0,interpolation_duration: 1}
$data merge entity $(bone_chest1lid3) {transformation: [-0.7707f,-0.0823f,0.6319f,0.2146f,0.1238f,0.9534f,0.2752f,2.8498f,-0.6251f,0.2903f,-0.7245f,-0.6587f,0f,0f,0f,1f],start_interpolation: 0,interpolation_duration: 1}
$data merge entity $(bone_chest3) {transformation: [-0.7707f,-0.0823f,0.6319f,0.2275f,0.1238f,0.9534f,0.2752f,2.7008f,-0.6251f,0.2903f,-0.7245f,-0.7041f,0f,0f,0f,1f],start_interpolation: 0,interpolation_duration: 1}
$data merge entity $(bone_hugeasssword2) {transformation: [-2.4749f,2.0076f,-2.277f,-0.6619f,-1.0779f,2.1652f,3.0806f,4.7299f,2.8378f,2.5733f,-0.8157f,-0.7306f,0f,0f,0f,1f],start_interpolation: 0,interpolation_duration: 1}
$data merge entity $(bone_belt) {transformation: [-0.7707f,-0.0823f,0.6319f,0.1905f,0.1238f,0.9534f,0.2752f,2.9785f,-0.6251f,0.2903f,-0.7245f,-0.1061f,0f,0f,0f,1f],start_interpolation: 0,interpolation_duration: 1}
$data merge entity $(bone_torn_part) {transformation: [-0.8881f,-0.1033f,0.4479f,-0.0292f,-0.0032f,0.9758f,0.2187f,2.669f,-0.4597f,0.1928f,-0.8669f,-0.0889f,0f,0f,0f,1f],start_interpolation: 0,interpolation_duration: 1}
$data merge entity $(bone_lowerbody) {transformation: [-0.8881f,0.0362f,0.4583f,-0.0246f,-0.0032f,0.9964f,-0.0849f,2.1947f,-0.4597f,-0.0768f,-0.8848f,0.1179f,0f,0f,0f,1f],start_interpolation: 0,interpolation_duration: 1}
$data merge entity $(bone_leftfoot) {transformation: [-0.9517f,-0.2604f,0.1628f,0.5633f,-0.1902f,0.916f,0.3533f,0.2367f,-0.2411f,0.3053f,-0.9212f,-0.1788f,0f,0f,0f,1f],start_interpolation: 0,interpolation_duration: 1}
$data merge entity $(bone_leftlowerleg) {transformation: [-0.9517f,-0.2604f,0.1628f,0.2494f,-0.1902f,0.916f,0.3533f,1.1986f,-0.2411f,0.3053f,-0.9212f,0.3015f,0f,0f,0f,1f],start_interpolation: 0,interpolation_duration: 1}
$data merge entity $(bone_leftleg) {transformation: [-0.9243f,0.0476f,0.3786f,0.258f,-0.046f,0.971f,-0.2344f,2.1801f,-0.3788f,-0.2341f,-0.8954f,0.1049f,0f,0f,0f,1f],start_interpolation: 0,interpolation_duration: 1}
$data merge entity $(bone_rightfoot) {transformation: [-0.9059f,0.0053f,0.4234f,-0.4153f,0.1194f,0.9626f,0.2433f,0.2167f,-0.4063f,0.271f,-0.8726f,-0.2778f,0f,0f,0f,1f],start_interpolation: 0,interpolation_duration: 1}
$data merge entity $(bone_rightlowerleg) {transformation: [-0.9059f,0.0053f,0.4234f,-0.4745f,0.1194f,0.9626f,0.2433f,1.2472f,-0.4063f,0.271f,-0.8726f,0.1568f,0f,0f,0f,1f],start_interpolation: 0,interpolation_duration: 1}
$data merge entity $(bone_rightleg) {transformation: [-0.8456f,0.2587f,0.467f,-0.2054f,0.0452f,0.9063f,-0.4202f,2.1631f,-0.532f,-0.3342f,-0.778f,-0.0942f,0f,0f,0f,1f],start_interpolation: 0,interpolation_duration: 1}
data modify entity @s data merge value {"cameras":{},"locators":{"lefthand":{"posx":0.23693306379110324,"posy":2.3062282200100563,"posz":0.560915221071709,"roty":154.5025482233876,"rotx":-45.19444115766623},"sword":{"posx":-1.7769285626021567,"posy":4.038405906021354,"posz":2.348477689203199,"roty":17.811094518413285,"rotx":-24.73860003652748},"righthand":{"posx":-0.7525115461371213,"posy":2.495264450364513,"posz":-0.8400863252412605,"roty":17.811094518413285,"rotx":-24.73860003652748},"chest":{"posx":-0.35605537045259783,"posy":2.582502186480951,"posz":-0.15810457237147651,"roty":41.09245400372578,"rotx":15.974077694426045}}}