# This file was generated by Animated Java via MC-Build. It is not recommended to edit this file directly.
$data merge entity $(bone_nose) {transformation: [-0.8541f,-0.122f,0.5057f,-0.0628f,0.0361f,0.9559f,0.2916f,4.0808f,-0.5189f,0.2673f,-0.812f,0.2941f,0f,0f,0f,1f],start_interpolation: 0,interpolation_duration: 1}
$data merge entity $(bone_glowing_eye) {transformation: [-0.8541f,-0.122f,0.5057f,-0.1954f,0.0361f,0.9559f,0.2916f,4.1398f,-0.5189f,0.2673f,-0.812f,0.2757f,0f,0f,0f,1f],start_interpolation: 0,interpolation_duration: 1}
$data merge entity $(bone_head) {transformation: [-0.8541f,-0.122f,0.5057f,0.047f,0.0361f,0.9559f,0.2916f,4.0174f,-0.5189f,0.2673f,-0.812f,0.1091f,0f,0f,0f,1f],start_interpolation: 0,interpolation_duration: 1}
$data merge entity $(bone_leftthumb2) {transformation: [0.0436f,0.8121f,0.5819f,0.4203f,-0.3715f,0.5539f,-0.7451f,2.6779f,-0.9274f,-0.1837f,0.3259f,0.494f,0f,0f,0f,1f],start_interpolation: 0,interpolation_duration: 1}
$data merge entity $(bone_leftthumb) {transformation: [0.0436f,0.8121f,0.5819f,0.6692f,-0.3715f,0.5539f,-0.7451f,2.75f,-0.9274f,-0.1837f,0.3259f,0.4768f,0f,0f,0f,1f],start_interpolation: 0,interpolation_duration: 1}
$data merge entity $(bone_leftpointerfinger) {transformation: [0.5889f,0.5609f,0.5819f,0.4252f,0.1097f,0.6579f,-0.7451f,2.574f,-0.8007f,0.5027f,0.3259f,0.6537f,0f,0f,0f,1f],start_interpolation: 0,interpolation_duration: 1}
$data merge entity $(bone_leftmidfinger) {transformation: [0.5308f,0.6161f,0.5819f,0.5162f,0.0444f,0.6655f,-0.7451f,2.4576f,-0.8463f,0.4214f,0.3259f,0.7047f,0f,0f,0f,1f],start_interpolation: 0,interpolation_duration: 1}
$data merge entity $(bone_leftringfinger) {transformation: [0.5308f,0.6161f,0.5819f,0.6071f,0.0444f,0.6655f,-0.7451f,2.3411f,-0.8463f,0.4214f,0.3259f,0.7556f,0f,0f,0f,1f],start_interpolation: 0,interpolation_duration: 1}
$data merge entity $(bone_invisibility) {transformation: [0.8597f,-0.5089f,-0.0436f,0.5041f,0.4868f,0.7905f,0.3715f,2.5882f,-0.1546f,-0.3407f,0.9274f,0.4496f,0f,0f,0f,1f],start_interpolation: 0,interpolation_duration: 1}
$data merge entity $(bone_swiftness) {transformation: [0.5819f,0.8121f,-0.0436f,0.5055f,-0.7451f,0.5539f,0.3715f,2.3541f,0.3259f,-0.1837f,0.9274f,0.4873f,0f,0f,0f,1f],start_interpolation: 0,interpolation_duration: 1}
$data merge entity $(bone_suspicious_stew) {transformation: [0.9819f,-0.1842f,-0.0436f,0.5751f,0.1871f,0.9094f,0.3715f,2.4225f,-0.0287f,-0.373f,0.9274f,0.5193f,0f,0f,0f,1f],start_interpolation: 0,interpolation_duration: 1}
$data merge entity $(bone_log) {transformation: [0.0436f,0.8121f,0.5819f,0.708f,-0.3715f,0.5539f,-0.7451f,2.422f,-0.9274f,-0.1837f,0.3259f,0.4247f,0f,0f,0f,1f],start_interpolation: 0,interpolation_duration: 1}
$data merge entity $(bone_planks) {transformation: [0.0436f,0.8121f,0.5819f,0.7121f,-0.3715f,0.5539f,-0.7451f,2.3872f,-0.9274f,-0.1837f,0.3259f,0.3377f,0f,0f,0f,1f],start_interpolation: 0,interpolation_duration: 1}
$data merge entity $(bone_lefthand1) {transformation: [0.0436f,0.8121f,0.5819f,0.8819f,-0.3715f,0.5539f,-0.7451f,2.6766f,-0.9274f,-0.1837f,0.3259f,0.6004f,0f,0f,0f,1f],start_interpolation: 0,interpolation_duration: 1}
$data merge entity $(bone_leftforearm) {transformation: [0.1729f,0.7951f,0.5813f,1.4456f,-0.2192f,0.6064f,-0.7643f,3.1026f,-0.9602f,0.0047f,0.2791f,0.53f,0f,0f,0f,1f],start_interpolation: 0,interpolation_duration: 1}
$data merge entity $(bone_leftelbow) {transformation: [0.1729f,0.7951f,0.5813f,1.5947f,-0.2192f,0.6064f,-0.7643f,3.2163f,-0.9602f,0.0047f,0.2791f,0.5309f,0f,0f,0f,1f],start_interpolation: 0,interpolation_duration: 1}
$data merge entity $(bone_leftarm) {transformation: [-0.2712f,-0.6682f,0.6928f,0.8787f,-0.2512f,0.7439f,0.6192f,3.4984f,-0.9292f,-0.0061f,-0.3696f,0.3549f,0f,0f,0f,1f],start_interpolation: 0,interpolation_duration: 1}
$data merge entity $(bone_rightthumb2) {transformation: [-0.9354f,0.228f,0.2704f,-0.767f,0.0763f,0.8766f,-0.4751f,2.5631f,-0.3453f,-0.4237f,-0.8374f,-0.3676f,0f,0f,0f,1f],start_interpolation: 0,interpolation_duration: 1}
$data merge entity $(bone_rightthumb) {transformation: [-0.9354f,0.228f,0.2704f,-0.688f,0.0763f,0.8766f,-0.4751f,2.7375f,-0.3453f,-0.4237f,-0.8374f,-0.5431f,0f,0f,0f,1f],start_interpolation: 0,interpolation_duration: 1}
$data merge entity $(bone_rightpointerfinger) {transformation: [-0.9542f,-0.1279f,0.2704f,-0.8525f,-0.2478f,0.8443f,-0.4751f,2.4359f,-0.1675f,-0.5203f,-0.8374f,-0.481f,0f,0f,0f,1f],start_interpolation: 0,interpolation_duration: 1}
$data merge entity $(bone_rightmidfinger) {transformation: [-0.9477f,-0.1694f,0.2704f,-0.8102f,-0.2844f,0.8327f,-0.4751f,2.3617f,-0.1446f,-0.5271f,-0.8374f,-0.6119f,0f,0f,0f,1f],start_interpolation: 0,interpolation_duration: 1}
$data merge entity $(bone_rightringfinger) {transformation: [-0.9533f,-0.1347f,0.2704f,-0.768f,-0.2538f,0.8426f,-0.4751f,2.2875f,-0.1638f,-0.5215f,-0.8374f,-0.7427f,0f,0f,0f,1f],start_interpolation: 0,interpolation_duration: 1}
$data merge entity $(bone_hugeasssword) {transformation: [-3.6636f,0.8929f,1.0589f,-0.5197f,0.299f,3.4335f,-1.8607f,2.5269f,-1.3525f,-1.6596f,-3.2798f,-0.5931f,0f,0f,0f,1f],start_interpolation: 0,interpolation_duration: 1}
$data merge entity $(bone_ice) {transformation: [-0.9354f,0.228f,0.2704f,-0.5086f,0.0763f,0.8766f,-0.4751f,2.512f,-0.3453f,-0.4237f,-0.8374f,-0.5811f,0f,0f,0f,1f],start_interpolation: 0,interpolation_duration: 1}
$data merge entity $(bone_righthand1) {transformation: [-0.9354f,0.228f,0.2704f,-0.677f,0.0763f,0.8766f,-0.4751f,2.7354f,-0.3453f,-0.4237f,-0.8374f,-0.7996f,0f,0f,0f,1f],start_interpolation: 0,interpolation_duration: 1}
$data merge entity $(bone_rightforearm) {transformation: [-0.9094f,-0.2966f,-0.2916f,-0.782f,-0.1315f,0.87f,-0.4751f,3.3695f,0.3946f,-0.3937f,-0.8302f,-1.117f,0f,0f,0f,1f],start_interpolation: 0,interpolation_duration: 1}
$data merge entity $(bone_rightelbow) {transformation: [-0.9094f,-0.2966f,-0.2916f,-0.8377f,-0.1315f,0.87f,-0.4751f,3.5327f,0.3946f,-0.3937f,-0.8302f,-1.1908f,0f,0f,0f,1f],start_interpolation: 0,interpolation_duration: 1}
$data merge entity $(bone_rightarm) {transformation: [-0.9971f,0.0615f,0.0447f,-0.5442f,0.0678f,0.4532f,0.8888f,3.6155f,0.0344f,0.8893f,-0.4561f,-0.5531f,0f,0f,0f,1f],start_interpolation: 0,interpolation_duration: 1}
$data merge entity $(bone_chest1) {transformation: [-0.9252f,-0.1322f,0.5478f,0.1664f,0.0391f,1.0355f,0.3159f,3.4136f,-0.5622f,0.2896f,-0.8796f,-0.1339f,0f,0f,0f,1f],start_interpolation: 0,interpolation_duration: 1}
$data merge entity $(bone_chest1lid) {transformation: [-0.8541f,-0.122f,0.5057f,-0.2396f,0.0361f,0.9559f,0.2916f,2.6585f,-0.5189f,0.2673f,-0.812f,-0.1761f,0f,0f,0f,1f],start_interpolation: 0,interpolation_duration: 1}
$data merge entity $(bone_chest2) {transformation: [-0.8541f,-0.122f,0.5057f,-0.2206f,0.0361f,0.9559f,0.2916f,2.5092f,-0.5189f,0.2673f,-0.812f,-0.2178f,0f,0f,0f,1f],start_interpolation: 0,interpolation_duration: 1}
$data merge entity $(bone_chest1lid3) {transformation: [-0.8541f,-0.122f,0.5057f,0.1377f,0.0361f,0.9559f,0.2916f,2.8431f,-0.5189f,0.2673f,-0.812f,-0.6638f,0f,0f,0f,1f],start_interpolation: 0,interpolation_duration: 1}
$data merge entity $(bone_chest3) {transformation: [-0.8541f,-0.122f,0.5057f,0.1568f,0.0361f,0.9559f,0.2916f,2.6938f,-0.5189f,0.2673f,-0.812f,-0.7056f,0f,0f,0f,1f],start_interpolation: 0,interpolation_duration: 1}
$data merge entity $(bone_hugeasssword2) {transformation: [-1.9805f,2.1433f,-2.6123f,-0.8935f,-1.1422f,2.4251f,2.8556f,4.6444f,3.1801f,2.2058f,-0.6012f,-0.6782f,0f,0f,0f,1f],start_interpolation: 0,interpolation_duration: 1}
$data merge entity $(bone_belt) {transformation: [-0.8541f,-0.122f,0.5057f,0.1762f,0.0361f,0.9559f,0.2916f,2.9935f,-0.5189f,0.2673f,-0.812f,-0.1175f,0f,0f,0f,1f],start_interpolation: 0,interpolation_duration: 1}
$data merge entity $(bone_torn_part) {transformation: [-0.897f,-0.0995f,0.4308f,-0.0266f,-0.0029f,0.9756f,0.2193f,2.6794f,-0.4421f,0.1955f,-0.8754f,-0.0882f,0f,0f,0f,1f],start_interpolation: 0,interpolation_duration: 1}
$data merge entity $(bone_lowerbody) {transformation: [-0.897f,0.0346f,0.4408f,-0.0179f,-0.0029f,0.9964f,-0.0842f,2.205f,-0.4421f,-0.0768f,-0.8937f,0.1181f,0f,0f,0f,1f],start_interpolation: 0,interpolation_duration: 1}
$data merge entity $(bone_leftfoot) {transformation: [-0.95f,-0.2542f,0.1812f,0.569f,-0.1832f,0.924f,0.3355f,0.2326f,-0.2527f,0.2856f,-0.9244f,-0.1674f,0f,0f,0f,1f],start_interpolation: 0,interpolation_duration: 1}
$data merge entity $(bone_leftlowerleg) {transformation: [-0.95f,-0.2542f,0.1812f,0.2592f,-0.1832f,0.924f,0.3355f,1.2061f,-0.2527f,0.2856f,-0.9244f,0.2914f,0f,0f,0f,1f],start_interpolation: 0,interpolation_duration: 1}
$data merge entity $(bone_leftleg) {transformation: [-0.919f,0.049f,0.3911f,0.2692f,-0.0461f,0.9721f,-0.2302f,2.1911f,-0.3915f,-0.2296f,-0.8911f,0.0978f,0f,0f,0f,1f],start_interpolation: 0,interpolation_duration: 1}
$data merge entity $(bone_rightfoot) {transformation: [-0.9036f,-0.0175f,0.428f,-0.4093f,0.086f,0.9714f,0.2214f,0.2142f,-0.4196f,0.2368f,-0.8762f,-0.2558f,0f,0f,0f,1f],start_interpolation: 0,interpolation_duration: 1}
$data merge entity $(bone_rightlowerleg) {transformation: [-0.9036f,-0.0175f,0.428f,-0.4945f,0.086f,0.9714f,0.2214f,1.2578f,-0.4196f,0.2368f,-0.8762f,0.1416f,0f,0f,0f,1f],start_interpolation: 0,interpolation_duration: 1}
$data merge entity $(bone_rightleg) {transformation: [-0.83f,0.2828f,0.4808f,-0.2047f,0.0673f,0.9064f,-0.417f,2.1729f,-0.5537f,-0.3138f,-0.7713f,-0.0902f,0f,0f,0f,1f],start_interpolation: 0,interpolation_duration: 1}
data modify entity @s data merge value {"cameras":{},"locators":{"lefthand":{"posx":0.6313513670738926,"posy":2.4251953087063334,"posz":0.5208671390466818,"roty":119.25154002403141,"rotx":-48.16873601925455},"sword":{"posx":-1.6010404168049999,"posy":4.264688281090717,"posz":2.494081703634471,"roty":17.89313338829561,"rotx":-28.363354046533598},"righthand":{"posx":-0.6040919751080273,"posy":2.512899017707006,"posz":-0.593795306754953,"roty":17.89313338829561,"rotx":-28.363354046533598},"chest":{"posx":-0.3377069928388491,"posy":2.554363483057089,"posz":-0.0821217616382639,"roty":31.913483987637363,"rotx":16.95509825529083}}}