# This file was generated by Animated Java via MC-Build. It is not recommended to edit this file directly.
$data merge entity $(bone_nose) {transformation: [-0.9547f,-0.1379f,0.2636f,-0.1212f,-0.0637f,0.9603f,0.2717f,4.0922f,-0.2906f,0.2426f,-0.9256f,0.2962f,0f,0f,0f,1f],start_interpolation: 0,interpolation_duration: 1}
$data merge entity $(bone_glowing_eye) {transformation: [-0.9547f,-0.1379f,0.2636f,-0.2591f,-0.0637f,0.9603f,0.2717f,4.1398f,-0.2906f,0.2426f,-0.9256f,0.3086f,0f,0f,0f,1f],start_interpolation: 0,interpolation_duration: 1}
$data merge entity $(bone_head) {transformation: [-0.9547f,-0.1379f,0.2636f,-0.0548f,-0.0637f,0.9603f,0.2717f,4.0245f,-0.2906f,0.2426f,-0.9256f,0.0929f,0f,0f,0f,1f],start_interpolation: 0,interpolation_duration: 1}
$data merge entity $(bone_leftthumb2) {transformation: [-0.5148f,0.3129f,0.7982f,0.776f,-0.4723f,0.6735f,-0.5686f,2.7649f,-0.7155f,-0.6697f,-0.1989f,0.1966f,0f,0f,0f,1f],start_interpolation: 0,interpolation_duration: 1}
$data merge entity $(bone_leftthumb) {transformation: [-0.5148f,0.3129f,0.7982f,0.9209f,-0.4723f,0.6735f,-0.5686f,2.8815f,-0.7155f,-0.6697f,-0.1989f,0.0154f,0f,0f,0f,1f],start_interpolation: 0,interpolation_duration: 1}
$data merge entity $(bone_leftpointerfinger) {transformation: [-0.1435f,0.5851f,0.7982f,0.912f,0.1412f,0.8104f,-0.5686f,2.6855f,-0.9795f,0.0311f,-0.1989f,0.3041f,0f,0f,0f,1f],start_interpolation: 0,interpolation_duration: 1}
$data merge entity $(bone_leftmidfinger) {transformation: [-0.2025f,0.5674f,0.7982f,1.0367f,0.0577f,0.8206f,-0.5686f,2.5967f,-0.9776f,-0.0691f,-0.1989f,0.273f,0f,0f,0f,1f],start_interpolation: 0,interpolation_duration: 1}
$data merge entity $(bone_leftringfinger) {transformation: [-0.2025f,0.5674f,0.7982f,1.1614f,0.0577f,0.8206f,-0.5686f,2.5078f,-0.9776f,-0.0691f,-0.1989f,0.2419f,0f,0f,0f,1f],start_interpolation: 0,interpolation_duration: 1}
$data merge entity $(bone_invisibility) {transformation: [0.3813f,-0.7679f,0.5148f,0.8248f,0.6214f,0.6252f,0.4723f,2.6884f,-0.6845f,0.1398f,0.7155f,0.1029f,0f,0f,0f,1f],start_interpolation: 0,interpolation_duration: 1}
$data merge entity $(bone_swiftness) {transformation: [0.7982f,0.3129f,0.5148f,0.9052f,-0.5686f,0.6735f,0.4723f,2.466f,-0.1989f,-0.6697f,0.7155f,0.119f,0f,0f,0f,1f],start_interpolation: 0,interpolation_duration: 1}
$data merge entity $(bone_suspicious_stew) {transformation: [0.6209f,-0.5912f,0.5148f,0.9597f,0.3701f,0.8f,0.4723f,2.5502f,-0.691f,-0.1028f,0.7155f,0.097f,0f,0f,0f,1f],start_interpolation: 0,interpolation_duration: 1}
$data merge entity $(bone_log) {transformation: [-0.5148f,0.3129f,0.7982f,0.988f,-0.4723f,0.6735f,-0.5686f,2.5635f,-0.7155f,-0.6697f,-0.1989f,-0.0631f,0f,0f,0f,1f],start_interpolation: 0,interpolation_duration: 1}
$data merge entity $(bone_planks) {transformation: [-0.5148f,0.3129f,0.7982f,0.9398f,-0.4723f,0.6735f,-0.5686f,2.5192f,-0.7155f,-0.6697f,-0.1989f,-0.1302f,0f,0f,0f,1f],start_interpolation: 0,interpolation_duration: 1}
$data merge entity $(bone_lefthand1) {transformation: [-0.5148f,0.3129f,0.7982f,1.17f,-0.4723f,0.6735f,-0.5686f,2.8677f,-0.7155f,-0.6697f,-0.1989f,-0.0454f,0f,0f,0f,1f],start_interpolation: 0,interpolation_duration: 1}
$data merge entity $(bone_leftforearm) {transformation: [-0.3286f,0.5015f,0.8003f,1.4911f,0.1227f,0.8628f,-0.4904f,3.5062f,-0.9365f,-0.0629f,-0.3451f,-0.1703f,0f,0f,0f,1f],start_interpolation: 0,interpolation_duration: 1}
$data merge entity $(bone_leftelbow) {transformation: [-0.3286f,0.5015f,0.8003f,1.5851f,0.1227f,0.8628f,-0.4904f,3.668f,-0.9365f,-0.0629f,-0.3451f,-0.1821f,0f,0f,0f,1f],start_interpolation: 0,interpolation_duration: 1}
$data merge entity $(bone_leftarm) {transformation: [-0.663f,-0.7209f,0.2019f,0.8439f,-0.1013f,0.3535f,0.9299f,3.6465f,-0.7417f,0.5961f,-0.3074f,0.0958f,0f,0f,0f,1f],start_interpolation: 0,interpolation_duration: 1}
$data merge entity $(bone_rightthumb2) {transformation: [-0.9876f,-0.1525f,0.0383f,-0.6869f,-0.1539f,0.8879f,-0.4334f,2.5347f,0.0321f,-0.4339f,-0.9004f,-0.1841f,0f,0f,0f,1f],start_interpolation: 0,interpolation_duration: 1}
$data merge entity $(bone_rightthumb) {transformation: [-0.9876f,-0.1525f,0.0383f,-0.721f,-0.1539f,0.8879f,-0.4334f,2.7154f,0.0321f,-0.4339f,-0.9004f,-0.3675f,0f,0f,0f,1f],start_interpolation: 0,interpolation_duration: 1}
$data merge entity $(bone_rightpointerfinger) {transformation: [-0.8392f,-0.5425f,0.0383f,-0.7772f,-0.5031f,0.7476f,-0.4334f,2.3869f,0.2065f,-0.383f,-0.9004f,-0.2638f,0f,0f,0f,1f],start_interpolation: 0,interpolation_duration: 1}
$data merge entity $(bone_rightmidfinger) {transformation: [-0.8147f,-0.5786f,0.0383f,-0.7712f,-0.5353f,0.725f,-0.4334f,2.3192f,0.223f,-0.3736f,-0.9004f,-0.4045f,0f,0f,0f,1f],start_interpolation: 0,interpolation_duration: 1}
$data merge entity $(bone_rightringfinger) {transformation: [-0.8382f,-0.544f,0.0383f,-0.7652f,-0.5044f,0.7468f,-0.4334f,2.2515f,0.2072f,-0.3826f,-0.9004f,-0.5451f,0f,0f,0f,1f],start_interpolation: 0,interpolation_duration: 1}
$data merge entity $(bone_hugeasssword) {transformation: [-3.868f,-0.5972f,0.15f,-0.5405f,-0.6028f,3.4778f,-1.6977f,2.5472f,0.1257f,-1.6996f,-3.5264f,-0.4871f,0f,0f,0f,1f],start_interpolation: 0,interpolation_duration: 1}
$data merge entity $(bone_ice) {transformation: [-0.9876f,-0.1525f,0.0383f,-0.5226f,-0.1539f,0.8879f,-0.4334f,2.5358f,0.0321f,-0.4339f,-0.9004f,-0.4808f,0f,0f,0f,1f],start_interpolation: 0,interpolation_duration: 1}
$data merge entity $(bone_righthand1) {transformation: [-0.9876f,-0.1525f,0.0383f,-0.8065f,-0.1539f,0.8879f,-0.4334f,2.7057f,0.0321f,-0.4339f,-0.9004f,-0.6094f,0f,0f,0f,1f],start_interpolation: 0,interpolation_duration: 1}
$data merge entity $(bone_rightforearm) {transformation: [-0.727f,-0.5353f,-0.43f,-1.1085f,-0.2489f,0.7891f,-0.5616f,3.296f,0.6399f,-0.3013f,-0.7069f,-0.8832f,0f,0f,0f,1f],start_interpolation: 0,interpolation_duration: 1}
$data merge entity $(bone_rightelbow) {transformation: [-0.727f,-0.5353f,-0.43f,-1.2089f,-0.2489f,0.7891f,-0.5616f,3.4439f,0.6399f,-0.3013f,-0.7069f,-0.9397f,0f,0f,0f,1f],start_interpolation: 0,interpolation_duration: 1}
$data merge entity $(bone_rightarm) {transformation: [-0.9489f,0.2501f,-0.1924f,-0.7563f,-0.0674f,0.4349f,0.8979f,3.5522f,0.3083f,0.865f,-0.3959f,-0.3919f,0f,0f,0f,1f],start_interpolation: 0,interpolation_duration: 1}
$data merge entity $(bone_chest1) {transformation: [-1.0343f,-0.1494f,0.2855f,0.0551f,-0.0691f,1.0403f,0.2943f,3.416f,-0.3148f,0.2628f,-1.0027f,-0.1426f,0f,0f,0f,1f],start_interpolation: 0,interpolation_duration: 1}
$data merge entity $(bone_chest1lid) {transformation: [-0.9547f,-0.1379f,0.2636f,-0.2798f,-0.0637f,0.9603f,0.2717f,2.6317f,-0.2906f,0.2426f,-0.9256f,-0.0454f,0f,0f,0f,1f],start_interpolation: 0,interpolation_duration: 1}
$data merge entity $(bone_chest2) {transformation: [-0.9547f,-0.1379f,0.2636f,-0.2582f,-0.0637f,0.9603f,0.2717f,2.4816f,-0.2906f,0.2426f,-0.9256f,-0.0833f,0f,0f,0f,1f],start_interpolation: 0,interpolation_duration: 1}
$data merge entity $(bone_chest1lid3) {transformation: [-0.9547f,-0.1379f,0.2636f,-0.0513f,-0.0637f,0.9603f,0.2717f,2.8097f,-0.2906f,0.2426f,-0.9256f,-0.6202f,0f,0f,0f,1f],start_interpolation: 0,interpolation_duration: 1}
$data merge entity $(bone_chest3) {transformation: [-0.9547f,-0.1379f,0.2636f,-0.0297f,-0.0637f,0.9603f,0.2717f,2.6596f,-0.2906f,0.2426f,-0.9256f,-0.6581f,0f,0f,0f,1f],start_interpolation: 0,interpolation_duration: 1}
$data merge entity $(bone_hugeasssword2) {transformation: [-1.0323f,2.3919f,-2.9246f,-1.2115f,-1.0641f,2.725f,2.6043f,4.5237f,3.6252f,1.481f,-0.0684f,-0.4644f,0f,0f,0f,1f],start_interpolation: 0,interpolation_duration: 1}
$data merge entity $(bone_belt) {transformation: [-0.9547f,-0.1379f,0.2636f,0.1061f,-0.0637f,0.9603f,0.2717f,3f,-0.2906f,0.2426f,-0.9256f,-0.1088f,0f,0f,0f,1f],start_interpolation: 0,interpolation_duration: 1}
$data merge entity $(bone_torn_part) {transformation: [-0.9466f,-0.1809f,0.2667f,-0.0131f,-0.0869f,0.9402f,0.3294f,2.6833f,-0.3103f,0.2887f,-0.9057f,-0.0696f,0f,0f,0f,1f],start_interpolation: 0,interpolation_duration: 1}
$data merge entity $(bone_lowerbody) {transformation: [-0.9466f,-0.0924f,0.3087f,0.081f,-0.0869f,0.9957f,0.0315f,2.2011f,-0.3103f,0.003f,-0.9506f,0.0929f,0f,0f,0f,1f],start_interpolation: 0,interpolation_duration: 1}
$data merge entity $(bone_leftfoot) {transformation: [-0.978f,-0.184f,0.0985f,0.5534f,-0.1436f,0.9358f,0.322f,0.2438f,-0.1514f,0.3007f,-0.9416f,-0.2258f,0f,0f,0f,1f],start_interpolation: 0,interpolation_duration: 1}
$data merge entity $(bone_leftlowerleg) {transformation: [-0.978f,-0.184f,0.0985f,0.3341f,-0.1436f,0.9358f,0.322f,1.2325f,-0.1514f,0.3007f,-0.9416f,0.2525f,0f,0f,0f,1f],start_interpolation: 0,interpolation_duration: 1}
$data merge entity $(bone_leftleg) {transformation: [-0.95f,0.0409f,0.3097f,0.3431f,-0.0378f,0.9691f,-0.2439f,2.2144f,-0.3101f,-0.2434f,-0.919f,0.0482f,0f,0f,0f,1f],start_interpolation: 0,interpolation_duration: 1}
$data merge entity $(bone_rightfoot) {transformation: [-0.9047f,0.0436f,0.4238f,-0.4354f,0.1614f,0.9557f,0.2462f,0.2067f,-0.3943f,0.2911f,-0.8717f,-0.2989f,0f,0f,0f,1f],start_interpolation: 0,interpolation_duration: 1}
$data merge entity $(bone_rightlowerleg) {transformation: [-0.9047f,0.0436f,0.4238f,-0.4522f,0.1614f,0.9557f,0.2462f,1.2291f,-0.3943f,0.2911f,-0.8717f,0.158f,0f,0f,0f,1f],start_interpolation: 0,interpolation_duration: 1}
$data merge entity $(bone_rightleg) {transformation: [-0.8783f,0.2827f,0.3855f,-0.1602f,0.1158f,0.9082f,-0.4022f,2.1437f,-0.4638f,-0.3086f,-0.8304f,-0.0758f,0f,0f,0f,1f],start_interpolation: 0,interpolation_duration: 1}
data modify entity @s data merge value {"cameras":{},"locators":{"lefthand":{"posx":0.999357749147479,"posy":2.5640270640336187,"posz":0.0593898211388819,"roty":76.00763976293341,"rotx":-34.654446659481245},"sword":{"posx":-0.7546742149071037,"posy":4.11255251609645,"posz":2.8631820251319917,"roty":2.435687331698915,"rotx":-25.686264771559365},"righthand":{"posx":-0.6134490391931559,"posy":2.5142312269032367,"posz":-0.45692049681764135,"roty":2.435687331698915,"rotx":-25.686264771559365},"chest":{"posx":-0.34216857115614463,"posy":2.5271919441260433,"posz":0.07496959351912655,"roty":15.894675002110347,"rotx":15.763969139899915}}}