# This file was generated by Animated Java via MC-Build. It is not recommended to edit this file directly.
$data merge entity $(bone_nose) {transformation: [-0.9743f,0.0231f,0.2241f,0.0411f,0.0563f,0.9881f,0.143f,3.9882f,-0.2181f,0.1519f,-0.964f,0.1131f,0f,0f,0f,1f],start_interpolation: 0,interpolation_duration: 1}
$data merge entity $(bone_glowing_eye) {transformation: [-0.9743f,0.0231f,0.2241f,-0.0869f,0.0563f,0.9881f,0.143f,4.0571f,-0.2181f,0.1519f,-0.964f,0.1298f,0f,0f,0f,1f],start_interpolation: 0,interpolation_duration: 1}
$data merge entity $(bone_head) {transformation: [-0.9743f,0.0231f,0.2241f,0.0802f,0.0563f,0.9881f,0.143f,3.893f,-0.2181f,0.1519f,-0.964f,-0.0861f,0f,0f,0f,1f],start_interpolation: 0,interpolation_duration: 1}
$data merge entity $(bone_leftthumb2) {transformation: [0.3253f,0.1548f,0.9329f,0.9714f,0.1905f,0.9556f,-0.225f,1.9507f,-0.9262f,0.2509f,0.2813f,-0.064f,0f,0f,0f,1f],start_interpolation: 0,interpolation_duration: 1}
$data merge entity $(bone_leftthumb) {transformation: [0.3253f,0.1548f,0.9329f,1.0891f,0.1905f,0.9556f,-0.225f,2.1658f,-0.9262f,0.2509f,0.2813f,0.0216f,0f,0f,0f,1f],start_interpolation: 0,interpolation_duration: 1}
$data merge entity $(bone_leftpointerfinger) {transformation: [0.3601f,-0.0099f,0.9329f,1.0464f,0.6039f,0.7646f,-0.225f,1.8209f,-0.7111f,0.6444f,0.2813f,0.0538f,0f,0f,0f,1f],start_interpolation: 0,interpolation_duration: 1}
$data merge entity $(bone_leftmidfinger) {transformation: [0.36f,0.0122f,0.9329f,1.1922f,0.5558f,0.8003f,-0.225f,1.7857f,-0.7493f,0.5994f,0.2813f,0.0977f,0f,0f,0f,1f],start_interpolation: 0,interpolation_duration: 1}
$data merge entity $(bone_leftringfinger) {transformation: [0.36f,0.0122f,0.9329f,1.338f,0.5558f,0.8003f,-0.225f,1.7506f,-0.7493f,0.5994f,0.2813f,0.1417f,0f,0f,0f,1f],start_interpolation: 0,interpolation_duration: 1}
$data merge entity $(bone_invisibility) {transformation: [0.2355f,-0.9158f,-0.3253f,1.0952f,0.9323f,0.3074f,-0.1905f,1.9682f,0.2745f,-0.2584f,0.9262f,-0.1013f,0f,0f,0f,1f],start_interpolation: 0,interpolation_duration: 1}
$data merge entity $(bone_swiftness) {transformation: [0.9329f,0.1548f,-0.3253f,1.2661f,-0.225f,0.9556f,-0.1905f,1.8065f,0.2813f,0.2509f,0.9262f,-0.1307f,0f,0f,0f,1f],start_interpolation: 0,interpolation_duration: 1}
$data merge entity $(bone_suspicious_stew) {transformation: [0.5345f,-0.7801f,-0.3253f,1.2629f,0.771f,0.6077f,-0.1905f,1.8812f,0.3463f,-0.1489f,0.9262f,-0.0603f,0f,0f,0f,1f],start_interpolation: 0,interpolation_duration: 1}
$data merge entity $(bone_log) {transformation: [0.3253f,0.1548f,0.9329f,1.3564f,0.1905f,0.9556f,-0.225f,2.0079f,-0.9262f,0.2509f,0.2813f,-0.1025f,0f,0f,0f,1f],start_interpolation: 0,interpolation_duration: 1}
$data merge entity $(bone_planks) {transformation: [0.3253f,0.1548f,0.9329f,1.3869f,0.1905f,0.9556f,-0.225f,2.0258f,-0.9262f,0.2509f,0.2813f,-0.1894f,0f,0f,0f,1f],start_interpolation: 0,interpolation_duration: 1}
$data merge entity $(bone_lefthand1) {transformation: [0.3253f,0.1548f,0.9329f,1.2846f,0.1905f,0.9556f,-0.225f,2.2062f,-0.9262f,0.2509f,0.2813f,0.1829f,0f,0f,0f,1f],start_interpolation: 0,interpolation_duration: 1}
$data merge entity $(bone_leftforearm) {transformation: [0.0081f,0.3101f,0.9507f,1.472f,-0.0214f,0.9505f,-0.3099f,2.8706f,-0.9997f,-0.0179f,0.0143f,0.1111f,0f,0f,0f,1f],start_interpolation: 0,interpolation_duration: 1}
$data merge entity $(bone_leftelbow) {transformation: [0.0081f,0.3101f,0.9507f,1.5302f,-0.0214f,0.9505f,-0.3099f,3.0488f,-0.9997f,-0.0179f,0.0143f,0.1077f,0f,0f,0f,1f],start_interpolation: 0,interpolation_duration: 1}
$data merge entity $(bone_leftarm) {transformation: [-0.2428f,-0.6038f,0.7592f,0.9704f,-0.1629f,0.7969f,0.5817f,3.3415f,-0.9563f,0.0176f,-0.2919f,-0.0694f,0f,0f,0f,1f],start_interpolation: 0,interpolation_duration: 1}
$data merge entity $(bone_rightthumb2) {transformation: [0.156f,-0.419f,-0.8945f,-0.9452f,0.7144f,-0.5775f,0.3952f,3.6306f,-0.6821f,-0.7007f,0.2093f,1.037f,0f,0f,0f,1f],start_interpolation: 0,interpolation_duration: 1}
$data merge entity $(bone_rightthumb) {transformation: [0.156f,-0.419f,-0.8945f,-1.1244f,0.7144f,-0.5775f,0.3952f,3.5228f,-0.6821f,-0.7007f,0.2093f,0.8831f,0f,0f,0f,1f],start_interpolation: 0,interpolation_duration: 1}
$data merge entity $(bone_rightpointerfinger) {transformation: [0.0551f,-0.4437f,-0.8945f,-1.0118f,0.5619f,-0.7267f,0.3952f,3.8089f,-0.8254f,-0.5244f,0.2093f,1.0482f,0f,0f,0f,1f],start_interpolation: 0,interpolation_duration: 1}
$data merge entity $(bone_rightmidfinger) {transformation: [0.0744f,-0.4409f,-0.8945f,-1.1515f,0.593f,-0.7015f,0.3952f,3.8706f,-0.8017f,-0.5599f,0.2093f,1.0809f,0f,0f,0f,1f],start_interpolation: 0,interpolation_duration: 1}
$data merge entity $(bone_rightringfinger) {transformation: [0.0879f,-0.4384f,-0.8945f,-1.2913f,0.6143f,-0.683f,0.3952f,3.9324f,-0.7841f,-0.5842f,0.2093f,1.1136f,0f,0f,0f,1f],start_interpolation: 0,interpolation_duration: 1}
$data merge entity $(bone_hugeasssword) {transformation: [0.6111f,-1.6412f,-3.5033f,-1.2641f,2.7981f,-2.2618f,1.5477f,3.5574f,-2.6716f,-2.7442f,0.8196f,1.1165f,0f,0f,0f,1f],start_interpolation: 0,interpolation_duration: 1}
$data merge entity $(bone_ice) {transformation: [0.156f,-0.419f,-0.8945f,-1.26f,0.7144f,-0.5775f,0.3952f,3.5553f,-0.6821f,-0.7007f,0.2093f,1.1381f,0f,0f,0f,1f],start_interpolation: 0,interpolation_duration: 1}
$data merge entity $(bone_righthand1) {transformation: [0.156f,-0.419f,-0.8945f,-1.3537f,0.7144f,-0.5775f,0.3952f,3.6018f,-0.6821f,-0.7007f,0.2093f,0.7989f,0f,0f,0f,1f],start_interpolation: 0,interpolation_duration: 1}
$data merge entity $(bone_rightforearm) {transformation: [-0.1071f,-0.1581f,-0.9816f,-1.4546f,0.9941f,0.0012f,-0.1087f,3.4849f,0.0184f,-0.9874f,0.1571f,0.0978f,0f,0f,0f,1f],start_interpolation: 0,interpolation_duration: 1}
$data merge entity $(bone_rightelbow) {transformation: [-0.1071f,-0.1581f,-0.9816f,-1.4843f,0.9941f,0.0012f,-0.1087f,3.4851f,0.0184f,-0.9874f,0.1571f,-0.0873f,0f,0f,0f,1f],start_interpolation: 0,interpolation_duration: 1}
$data merge entity $(bone_rightarm) {transformation: [-0.35f,0.807f,-0.4756f,-0.8526f,0.9174f,0.1926f,-0.3482f,3.4256f,-0.1894f,-0.5582f,-0.8078f,-0.2123f,0f,0f,0f,1f],start_interpolation: 0,interpolation_duration: 1}
$data merge entity $(bone_chest1) {transformation: [-1.0555f,0.025f,0.2428f,0.0811f,0.061f,1.0705f,0.1549f,3.256f,-0.2363f,0.1646f,-1.0443f,-0.2652f,0f,0f,0f,1f],start_interpolation: 0,interpolation_duration: 1}
$data merge entity $(bone_chest1lid) {transformation: [-0.9743f,0.0231f,0.2241f,-0.355f,0.0563f,0.9881f,0.143f,2.5439f,-0.2181f,0.1519f,-0.964f,-0.0662f,0f,0f,0f,1f],start_interpolation: 0,interpolation_duration: 1}
$data merge entity $(bone_chest2) {transformation: [-0.9743f,0.0231f,0.2241f,-0.3586f,0.0563f,0.9881f,0.143f,2.3895f,-0.2181f,0.1519f,-0.964f,-0.09f,0f,0f,0f,1f],start_interpolation: 0,interpolation_duration: 1}
$data merge entity $(bone_chest1lid3) {transformation: [-0.9743f,0.0231f,0.2241f,-0.1505f,0.0563f,0.9881f,0.143f,2.632f,-0.2181f,0.1519f,-0.964f,-0.6702f,0f,0f,0f,1f],start_interpolation: 0,interpolation_duration: 1}
$data merge entity $(bone_chest3) {transformation: [-0.9743f,0.0231f,0.2241f,-0.1541f,0.0563f,0.9881f,0.143f,2.4776f,-0.2181f,0.1519f,-0.964f,-0.6939f,0f,0f,0f,1f],start_interpolation: 0,interpolation_duration: 1}
$data merge entity $(bone_hugeasssword2) {transformation: [-0.8777f,2.8745f,-2.5114f,-1.0331f,-0.5601f,2.4521f,3.0023f,4.5097f,3.7757f,1.032f,-0.1384f,-0.613f,0f,0f,0f,1f],start_interpolation: 0,interpolation_duration: 1}
$data merge entity $(bone_belt) {transformation: [-0.9743f,0.0231f,0.2241f,0.0738f,0.0563f,0.9881f,0.143f,2.8418f,-0.2181f,0.1519f,-0.964f,-0.1925f,0f,0f,0f,1f],start_interpolation: 0,interpolation_duration: 1}
$data merge entity $(bone_torn_part) {transformation: [-0.9318f,-0.0174f,0.3625f,-0.0527f,0.004f,0.9983f,0.0583f,2.5354f,-0.3629f,0.0558f,-0.9302f,-0.1083f,0f,0f,0f,1f],start_interpolation: 0,interpolation_duration: 1}
$data merge entity $(bone_lowerbody) {transformation: [-0.9318f,0.0924f,0.3509f,-0.0561f,0.004f,0.9696f,-0.2446f,2.0959f,-0.3629f,-0.2265f,-0.9039f,0.1648f,0f,0f,0f,1f],start_interpolation: 0,interpolation_duration: 1}
$data merge entity $(bone_leftfoot) {transformation: [-0.9662f,-0.2579f,-0.0001f,0.5295f,-0.2292f,0.8586f,0.4586f,0.2508f,-0.1182f,0.4431f,-0.8887f,-0.2101f,0f,0f,0f,1f],start_interpolation: 0,interpolation_duration: 1}
$data merge entity $(bone_leftlowerleg) {transformation: [-0.9662f,-0.2579f,-0.0001f,0.2434f,-0.2292f,0.8586f,0.4586f,1.1328f,-0.1182f,0.4431f,-0.8887f,0.418f,0f,0f,0f,1f],start_interpolation: 0,interpolation_duration: 1}
$data merge entity $(bone_leftleg) {transformation: [-0.974f,0.0202f,0.2254f,0.2269f,-0.0604f,0.9367f,-0.3449f,2.0585f,-0.2181f,-0.3496f,-0.9112f,0.1228f,0f,0f,0f,1f],start_interpolation: 0,interpolation_duration: 1}
$data merge entity $(bone_rightfoot) {transformation: [-0.8994f,0.0161f,0.4368f,-0.4925f,0.1562f,0.9451f,0.2868f,0.2409f,-0.4082f,0.3262f,-0.8526f,-0.071f,0f,0f,0f,1f],start_interpolation: 0,interpolation_duration: 1}
$data merge entity $(bone_rightlowerleg) {transformation: [-0.8994f,0.0161f,0.4368f,-0.5418f,0.1562f,0.9451f,0.2868f,1.2453f,-0.4082f,0.3262f,-0.8526f,0.4219f,0f,0f,0f,1f],start_interpolation: 0,interpolation_duration: 1}
$data merge entity $(bone_rightleg) {transformation: [-0.8859f,0.2793f,0.3704f,-0.2562f,0.0086f,0.8082f,-0.5888f,2.0521f,-0.4638f,-0.5184f,-0.7184f,-0.0088f,0f,0f,0f,1f],start_interpolation: 0,interpolation_duration: 1}
data modify entity @s data merge value {"cameras":{},"locators":{"lefthand":{"posx":1.2992596116129713,"posy":1.9189493576391274,"posz":-0.039709915356087394,"roty":106.78223865232788,"rotx":-13.000567865581417},"sword":{"posx":2.073483572610356,"posy":2.167967744486954,"posz":0.31015348854544866,"roty":256.8321594766268,"rotx":23.27541736531467},"righthand":{"posx":-1.2248478583230948,"posy":3.6250885639373904,"posz":1.0818172360680174,"roty":256.8321594766268,"rotx":23.27541736531467},"chest":{"posx":-0.4218979446234657,"posy":2.4615367689292813,"posz":0.06806445809497103,"roty":13.087128645736414,"rotx":8.222065574397925}}}