# This file was generated by Animated Java via MC-Build. It is not recommended to edit this file directly.
$data merge entity $(bone_nose) {transformation: [-0.9464f,0.2148f,-0.2412f,0.1262f,0.0892f,0.8916f,0.444f,3.6868f,0.3104f,0.3986f,-0.863f,0.3653f,0f,0f,0f,1f],start_interpolation: 0,interpolation_duration: 1}
$data merge entity $(bone_glowing_eye) {transformation: [-0.9464f,0.2148f,-0.2412f,0.0308f,0.0892f,0.8916f,0.444f,3.7429f,0.3104f,0.3986f,-0.863f,0.4612f,0f,0f,0f,1f],start_interpolation: 0,interpolation_duration: 1}
$data merge entity $(bone_head) {transformation: [-0.9464f,0.2148f,-0.2412f,0.0545f,0.0892f,0.8916f,0.444f,3.6599f,0.3104f,0.3986f,-0.863f,0.1545f,0f,0f,0f,1f],start_interpolation: 0,interpolation_duration: 1}
$data merge entity $(bone_leftthumb2) {transformation: [-0.9825f,0.0819f,-0.1675f,0.4974f,0.1797f,0.6556f,-0.7334f,2.2652f,0.0498f,-0.7507f,-0.6588f,-0.1302f,0f,0f,0f,1f],start_interpolation: 0,interpolation_duration: 1}
$data merge entity $(bone_leftthumb) {transformation: [-0.9825f,0.0819f,-0.1675f,0.5031f,0.1797f,0.6556f,-0.7334f,2.3633f,0.0498f,-0.7507f,-0.6588f,-0.3706f,0f,0f,0f,1f],start_interpolation: 0,interpolation_duration: 1}
$data merge entity $(bone_leftpointerfinger) {transformation: [-0.5847f,0.7938f,-0.1675f,0.5759f,0.6119f,0.296f,-0.7334f,2.0942f,-0.5326f,-0.5313f,-0.6588f,-0.1606f,0f,0f,0f,1f],start_interpolation: 0,interpolation_duration: 1}
$data merge entity $(bone_leftmidfinger) {transformation: [-0.6692f,0.724f,-0.1675f,0.5497f,0.5753f,0.3621f,-0.7334f,1.9796f,-0.4704f,-0.5872f,-0.6588f,-0.2635f,0f,0f,0f,1f],start_interpolation: 0,interpolation_duration: 1}
$data merge entity $(bone_leftringfinger) {transformation: [-0.6692f,0.724f,-0.1675f,0.5235f,0.5753f,0.3621f,-0.7334f,1.865f,-0.4704f,-0.5872f,-0.6588f,-0.3665f,0f,0f,0f,1f],start_interpolation: 0,interpolation_duration: 1}
$data merge entity $(bone_invisibility) {transformation: [0.067f,0.174f,0.9825f,0.4058f,0.5892f,0.7878f,-0.1797f,2.2225f,-0.8052f,0.5909f,-0.0498f,-0.2128f,0f,0f,0f,1f],start_interpolation: 0,interpolation_duration: 1}
$data merge entity $(bone_swiftness) {transformation: [-0.1675f,0.0819f,0.9825f,0.3122f,-0.7334f,0.6556f,-0.1797f,2.0056f,-0.6588f,-0.7507f,-0.0498f,-0.2321f,0f,0f,0f,1f],start_interpolation: 0,interpolation_duration: 1}
$data merge entity $(bone_suspicious_stew) {transformation: [0.0034f,0.1864f,0.9825f,0.3706f,0.2842f,0.9418f,-0.1797f,2.0543f,-0.9588f,0.2798f,-0.0498f,-0.3011f,0f,0f,0f,1f],start_interpolation: 0,interpolation_duration: 1}
$data merge entity $(bone_log) {transformation: [-0.9825f,0.0819f,-0.1675f,0.2809f,0.1797f,0.6556f,-0.7334f,2.1187f,0.0498f,-0.7507f,-0.6588f,-0.4212f,0f,0f,0f,1f],start_interpolation: 0,interpolation_duration: 1}
$data merge entity $(bone_planks) {transformation: [-0.9825f,0.0819f,-0.1675f,0.1888f,0.1797f,0.6556f,-0.7334f,2.1355f,0.0498f,-0.7507f,-0.6588f,-0.4165f,0f,0f,0f,1f],start_interpolation: 0,interpolation_duration: 1}
$data merge entity $(bone_lefthand1) {transformation: [-0.9825f,0.0819f,-0.1675f,0.5522f,0.1797f,0.6556f,-0.7334f,2.2606f,0.0498f,-0.7507f,-0.6588f,-0.6007f,0f,0f,0f,1f],start_interpolation: 0,interpolation_duration: 1}
$data merge entity $(bone_leftforearm) {transformation: [-0.4529f,0.8003f,0.393f,1.0746f,0.3976f,0.5758f,-0.7144f,2.7121f,-0.798f,-0.1672f,-0.579f,-0.8093f,0f,0f,0f,1f],start_interpolation: 0,interpolation_duration: 1}
$data merge entity $(bone_leftelbow) {transformation: [-0.4529f,0.8003f,0.393f,1.2246f,0.3976f,0.5758f,-0.7144f,2.8201f,-0.798f,-0.1672f,-0.579f,-0.8406f,0f,0f,0f,1f],start_interpolation: 0,interpolation_duration: 1}
$data merge entity $(bone_leftarm) {transformation: [-0.7622f,-0.1994f,0.6158f,0.7304f,0.3452f,0.6795f,0.6473f,3.1981f,-0.5476f,0.706f,-0.4491f,-0.4214f,0f,0f,0f,1f],start_interpolation: 0,interpolation_duration: 1}
$data merge entity $(bone_rightthumb2) {transformation: [-0.9049f,-0.1355f,-0.4034f,-0.9489f,-0.0801f,0.9852f,-0.1514f,2.3341f,0.4179f,-0.1047f,-0.9024f,0.2709f,0f,0f,0f,1f],start_interpolation: 0,interpolation_duration: 1}
$data merge entity $(bone_rightthumb) {transformation: [-0.9049f,-0.1355f,-0.4034f,-1.0166f,-0.0801f,0.9852f,-0.1514f,2.5628f,0.4179f,-0.1047f,-0.9024f,0.1681f,0f,0f,0f,1f],start_interpolation: 0,interpolation_duration: 1}
$data merge entity $(bone_rightpointerfinger) {transformation: [-0.7046f,-0.5838f,-0.4034f,-1.09f,-0.5778f,0.802f,-0.1514f,2.2237f,0.4119f,0.1264f,-0.9024f,0.2059f,0f,0f,0f,1f],start_interpolation: 0,interpolation_duration: 1}
$data merge entity $(bone_rightmidfinger) {transformation: [-0.6785f,-0.6139f,-0.4034f,-1.1531f,-0.6122f,0.7761f,-0.1514f,2.2f,0.406f,0.1442f,-0.9024f,0.0649f,0f,0f,0f,1f],start_interpolation: 0,interpolation_duration: 1}
$data merge entity $(bone_rightringfinger) {transformation: [-0.7115f,-0.5754f,-0.4034f,-1.2161f,-0.5682f,0.8088f,-0.1514f,2.1764f,0.4133f,0.1215f,-0.9024f,-0.0761f,0f,0f,0f,1f],start_interpolation: 0,interpolation_duration: 1}
$data merge entity $(bone_hugeasssword) {transformation: [-3.5444f,-0.5309f,-1.5798f,-0.9339f,-0.3137f,3.8588f,-0.5929f,2.4238f,1.6368f,-0.41f,-3.5345f,-0.0533f,0f,0f,0f,1f],start_interpolation: 0,interpolation_duration: 1}
$data merge entity $(bone_ice) {transformation: [-0.9049f,-0.1355f,-0.4034f,-0.9176f,-0.0801f,0.9852f,-0.1514f,2.4097f,0.4179f,-0.1047f,-0.9024f,-0.0582f,0f,0f,0f,1f],start_interpolation: 0,interpolation_duration: 1}
$data merge entity $(bone_righthand1) {transformation: [-0.9049f,-0.1355f,-0.4034f,-1.1904f,-0.0801f,0.9852f,-0.1514f,2.6312f,0.4179f,-0.1047f,-0.9024f,-0.0081f,0f,0f,0f,1f],start_interpolation: 0,interpolation_duration: 1}
$data merge entity $(bone_rightforearm) {transformation: [-0.2216f,-0.4927f,-0.8415f,-1.5046f,-0.164f,0.8695f,-0.4659f,3.2716f,0.9612f,0.0348f,-0.2735f,-0.0705f,0f,0f,0f,1f],start_interpolation: 0,interpolation_duration: 1}
$data merge entity $(bone_rightelbow) {transformation: [-0.2216f,-0.4927f,-0.8415f,-1.597f,-0.164f,0.8695f,-0.4659f,3.4347f,0.9612f,0.0348f,-0.2735f,-0.064f,0f,0f,0f,1f],start_interpolation: 0,interpolation_duration: 1}
$data merge entity $(bone_rightarm) {transformation: [-0.5761f,0.8075f,-0.1263f,-0.8845f,0.0902f,0.2164f,0.9721f,3.3523f,0.8124f,0.5487f,-0.1975f,0.1144f,0f,0f,0f,1f],start_interpolation: 0,interpolation_duration: 1}
$data merge entity $(bone_chest1) {transformation: [-1.0253f,0.2327f,-0.2613f,-0.1084f,0.0966f,0.9659f,0.481f,3.1109f,0.3363f,0.4319f,-0.9349f,-0.177f,0f,0f,0f,1f],start_interpolation: 0,interpolation_duration: 1}
$data merge entity $(bone_chest1lid) {transformation: [-0.9464f,0.2148f,-0.2412f,-0.484f,0.0892f,0.8916f,0.444f,2.3583f,0.3104f,0.3986f,-0.863f,-0.0058f,0f,0f,0f,1f],start_interpolation: 0,interpolation_duration: 1}
$data merge entity $(bone_chest2) {transformation: [-0.9464f,0.2148f,-0.2412f,-0.5176f,0.0892f,0.8916f,0.444f,2.219f,0.3104f,0.3986f,-0.863f,-0.0681f,0f,0f,0f,1f],start_interpolation: 0,interpolation_duration: 1}
$data merge entity $(bone_chest1lid3) {transformation: [-0.9464f,0.2148f,-0.2412f,-0.5794f,0.0892f,0.8916f,0.444f,2.6371f,0.3104f,0.3986f,-0.863f,-0.578f,0f,0f,0f,1f],start_interpolation: 0,interpolation_duration: 1}
$data merge entity $(bone_chest3) {transformation: [-0.9464f,0.2148f,-0.2412f,-0.6129f,0.0892f,0.8916f,0.444f,2.4978f,0.3104f,0.3986f,-0.863f,-0.6403f,0f,0f,0f,1f],start_interpolation: 0,interpolation_duration: 1}
$data merge entity $(bone_hugeasssword2) {transformation: [0.9447f,3.3013f,-1.884f,-1.0891f,-1.7388f,2.1016f,2.8107f,4.3729f,3.38f,0.1584f,1.9726f,0.4394f,0f,0f,0f,1f],start_interpolation: 0,interpolation_duration: 1}
$data merge entity $(bone_belt) {transformation: [-0.9464f,0.2148f,-0.2412f,-0.1321f,0.0892f,0.8916f,0.444f,2.6948f,0.3104f,0.3986f,-0.863f,-0.2328f,0f,0f,0f,1f],start_interpolation: 0,interpolation_duration: 1}
$data merge entity $(bone_torn_part) {transformation: [-0.9295f,0.1824f,-0.3205f,-0.2717f,0.1226f,0.9725f,0.1979f,2.3527f,0.3478f,0.1446f,-0.9263f,-0.0287f,0f,0f,0f,1f],start_interpolation: 0,interpolation_duration: 1}
$data merge entity $(bone_lowerbody) {transformation: [-0.9295f,0.0776f,-0.3606f,-0.1681f,0.1226f,0.987f,-0.1037f,1.8734f,0.3478f,-0.1406f,-0.9269f,0.1364f,0f,0f,0f,1f],start_interpolation: 0,interpolation_duration: 1}
$data merge entity $(bone_leftfoot) {transformation: [-0.854f,-0.015f,-0.5201f,0.4528f,-0.2873f,0.847f,0.4473f,0.2506f,0.4338f,0.5314f,-0.7276f,-0.2428f,0f,0f,0f,1f],start_interpolation: 0,interpolation_duration: 1}
$data merge entity $(bone_leftlowerleg) {transformation: [-0.854f,-0.015f,-0.5201f,0.5161f,-0.2873f,0.847f,0.4473f,1.1215f,0.4338f,0.5314f,-0.7276f,0.4585f,0f,0f,0f,1f],start_interpolation: 0,interpolation_duration: 1}
$data merge entity $(bone_leftleg) {transformation: [-0.8632f,-0.4314f,-0.2622f,0.0977f,-0.1412f,0.705f,-0.6951f,1.7916f,0.4847f,-0.5629f,-0.6695f,-0.0063f,0f,0f,0f,1f],start_interpolation: 0,interpolation_duration: 1}
$data merge entity $(bone_rightfoot) {transformation: [-0.9865f,0.1399f,0.0854f,-0.5583f,0.1619f,0.7516f,0.6395f,0.3177f,0.0253f,0.6447f,-0.7641f,-0.2808f,0f,0f,0f,1f],start_interpolation: 0,interpolation_duration: 1}
$data merge entity $(bone_rightlowerleg) {transformation: [-0.9865f,0.1399f,0.0854f,-0.4163f,0.1619f,0.7516f,0.6395f,1.0532f,0.0253f,0.6447f,-0.7641f,0.5517f,0f,0f,0f,1f],start_interpolation: 0,interpolation_duration: 1}
$data merge entity $(bone_rightleg) {transformation: [-0.9882f,-0.0242f,-0.1509f,-0.4165f,0.0524f,0.8738f,-0.4834f,1.8771f,0.1436f,-0.4857f,-0.8623f,0.1329f,0f,0f,0f,1f],start_interpolation: 0,interpolation_duration: 1}
data modify entity @s data merge value {"cameras":{},"locators":{"lefthand":{"posx":0.3692082309430468,"posy":2.062074044909857,"posz":-0.3568841415678181,"roty":345.73499662037267,"rotx":-47.17595069043479},"sword":{"posx":0.4933182530429989,"posy":2.947334244809219,"posz":3.3244402844313874,"roty":335.91687635159303,"rotx":-8.706909123627531},"righthand":{"posx":-0.9940677669166748,"posy":2.3891204261636845,"posz":-0.0032821214044260957,"roty":335.91687635159303,"rotx":-8.706909123627531},"chest":{"posx":-0.4892997382148704,"posy":2.2359665374166555,"posz":0.11383791150432285,"roty":344.38355712608063,"rotx":26.35674247551927}}}