# This file was generated by Animated Java via MC-Build. It is not recommended to edit this file directly.
$data merge entity $(nose) {transformation: [-0.9615f,-0.0904f,0.2595f,-0.12f,0.0574f,0.8574f,0.5114f,3.4134f,-0.2687f,0.5066f,-0.8192f,0.7069f,0f,0f,0f,1f],start_interpolation: 0,interpolation_duration: 1}
$data merge entity $(glowing_eye) {transformation: [-0.9615f,-0.0904f,0.2595f,-0.2554f,0.0574f,0.8574f,0.5114f,3.4607f,-0.2687f,0.5066f,-0.8192f,0.7362f,0f,0f,0f,1f],start_interpolation: 0,interpolation_duration: 1}
$data merge entity $(head) {transformation: [-0.9615f,-0.0904f,0.2595f,-0.0602f,0.0574f,0.8574f,0.5114f,3.4033f,-0.2687f,0.5066f,-0.8192f,0.4909f,0f,0f,0f,1f],start_interpolation: 0,interpolation_duration: 1}
$data merge entity $(leftthumb2) {transformation: [-0.969f,0.2372f,0.0689f,0.7234f,0.2369f,0.9715f,-0.0129f,1.8034f,-0.07f,0.0038f,-0.9975f,0.2565f,0f,0f,0f,1f],start_interpolation: 0,interpolation_duration: 1}
$data merge entity $(leftthumb) {transformation: [-0.969f,0.2372f,0.0689f,0.7875f,0.2369f,0.9715f,-0.0129f,2.0405f,-0.07f,0.0038f,-0.9975f,0.1722f,0f,0f,0f,1f],start_interpolation: 0,interpolation_duration: 1}
$data merge entity $(leftpointerfinger) {transformation: [-0.4249f,0.9026f,0.0689f,0.8189f,0.9043f,0.4267f,-0.0129f,1.6953f,-0.0411f,0.0568f,-0.9975f,0.1318f,0f,0f,0f,1f],start_interpolation: 0,interpolation_duration: 1}
$data merge entity $(leftmidfinger) {transformation: [-0.5267f,0.8473f,0.0689f,0.8296f,0.8487f,0.5287f,-0.0129f,1.6932f,-0.0474f,0.0517f,-0.9975f,-0.024f,0f,0f,0f,1f],start_interpolation: 0,interpolation_duration: 1}
$data merge entity $(leftringfinger) {transformation: [-0.5267f,0.8473f,0.0689f,0.8404f,0.8487f,0.5287f,-0.0129f,1.6912f,-0.0474f,0.0517f,-0.9975f,-0.1799f,0f,0f,0f,1f],start_interpolation: 0,interpolation_duration: 1}
$data merge entity $(invisibility) {transformation: [0.2423f,-0.048f,0.969f,0.661f,0.9666f,0.0975f,-0.2369f,1.8463f,-0.0831f,0.9941f,0.07f,0.1503f,0f,0f,0f,1f],start_interpolation: 0,interpolation_duration: 1}
$data merge entity $(swiftness) {transformation: [0.0689f,0.2372f,0.969f,0.5913f,-0.0129f,0.9715f,-0.2369f,1.7247f,-0.9975f,0.0038f,0.07f,-0.0409f,0f,0f,0f,1f],start_interpolation: 0,interpolation_duration: 1}
$data merge entity $(suspicious_stew) {transformation: [0.2441f,0.0378f,0.969f,0.6628f,0.875f,0.4223f,-0.2369f,1.7984f,-0.4181f,0.9057f,0.07f,-0.0369f,0f,0f,0f,1f],start_interpolation: 0,interpolation_duration: 1}
$data merge entity $(log) {transformation: [-0.969f,0.2372f,0.0689f,0.6048f,0.2369f,0.9715f,-0.0129f,1.9414f,-0.07f,0.0038f,-0.9975f,-0.0898f,0f,0f,0f,1f],start_interpolation: 0,interpolation_duration: 1}
$data merge entity $(planks) {transformation: [-0.969f,0.2372f,0.0689f,0.5139f,0.2369f,0.9715f,-0.0129f,1.9636f,-0.07f,0.0038f,-0.9975f,-0.0963f,0f,0f,0f,1f],start_interpolation: 0,interpolation_duration: 1}
$data merge entity $(lefthand1) {transformation: [-0.969f,0.2372f,0.0689f,0.9042f,0.2369f,0.9715f,-0.0129f,2.1255f,-0.07f,0.0038f,-0.9975f,-0.0401f,0f,0f,0f,1f],start_interpolation: 0,interpolation_duration: 1}
$data merge entity $(leftforearm) {transformation: [-0.0168f,0.6877f,0.7258f,1.3938f,0.5477f,0.6136f,-0.5688f,2.6237f,-0.8365f,0.3879f,-0.3869f,0.1447f,0f,0f,0f,1f],start_interpolation: 0,interpolation_duration: 1}
$data merge entity $(leftelbow) {transformation: [-0.0168f,0.6877f,0.7258f,1.5228f,0.5477f,0.6136f,-0.5688f,2.7387f,-0.8365f,0.3879f,-0.3869f,0.2175f,0f,0f,0f,1f],start_interpolation: 0,interpolation_duration: 1}
$data merge entity $(leftarm) {transformation: [-0.4009f,-0.6208f,0.6737f,0.8408f,0.4386f,0.5155f,0.7361f,3.0134f,-0.8043f,0.5906f,0.0656f,0.3623f,0f,0f,0f,1f],start_interpolation: 0,interpolation_duration: 1}
$data merge entity $(rightthumb2) {transformation: [-0.86f,-0.1103f,-0.4982f,-0.6739f,-0.0559f,0.9908f,-0.123f,2.2021f,0.5072f,-0.0779f,-0.8583f,-0.1322f,0f,0f,0f,1f],start_interpolation: 0,interpolation_duration: 1}
$data merge entity $(rightthumb) {transformation: [-0.86f,-0.1103f,-0.4982f,-0.7435f,-0.0559f,0.9908f,-0.123f,2.4345f,0.5072f,-0.0779f,-0.8583f,-0.2247f,0f,0f,0f,1f],start_interpolation: 0,interpolation_duration: 1}
$data merge entity $(rightpointerfinger) {transformation: [-0.6401f,-0.5849f,-0.4982f,-0.8248f,-0.6156f,0.7784f,-0.123f,2.0975f,0.4597f,0.2279f,-0.8583f,-0.1839f,0f,0f,0f,1f],start_interpolation: 0,interpolation_duration: 1}
$data merge entity $(rightmidfinger) {transformation: [-0.614f,-0.6122f,-0.4982f,-0.9026f,-0.6489f,0.7508f,-0.123f,2.0783f,0.4493f,0.2478f,-0.8583f,-0.318f,0f,0f,0f,1f],start_interpolation: 0,interpolation_duration: 1}
$data merge entity $(rightringfinger) {transformation: [-0.6515f,-0.5722f,-0.4982f,-0.9804f,-0.6002f,0.7904f,-0.123f,2.0591f,0.4641f,0.2189f,-0.8583f,-0.4521f,0f,0f,0f,1f],start_interpolation: 0,interpolation_duration: 1}
$data merge entity $(hugeasssword) {transformation: [-3.3684f,-0.4321f,-1.9512f,-0.6888f,-0.2189f,3.8808f,-0.4816f,2.2964f,1.9864f,-0.3051f,-3.3617f,-0.4551f,0f,0f,0f,1f],start_interpolation: 0,interpolation_duration: 1}
$data merge entity $(whey) {transformation: [0f,0f,0f,-0.4606f,0f,0f,0f,2.2304f,0f,0f,0f,-0.4143f,0f,0f,0f,1f],start_interpolation: 0,interpolation_duration: 1}
$data merge entity $(ice) {transformation: [-0.86f,-0.1103f,-0.4982f,-0.6736f,-0.0559f,0.9908f,-0.123f,2.2818f,0.5072f,-0.0779f,-0.8583f,-0.4618f,0f,0f,0f,1f],start_interpolation: 0,interpolation_duration: 1}
$data merge entity $(righthand1) {transformation: [-0.86f,-0.1103f,-0.4982f,-0.9318f,-0.0559f,0.9908f,-0.123f,2.5116f,0.5072f,-0.0779f,-0.8583f,-0.3813f,0f,0f,0f,1f],start_interpolation: 0,interpolation_duration: 1}
$data merge entity $(rightforearm) {transformation: [-0.6053f,-0.5891f,-0.5353f,-1.2696f,-0.2536f,0.7802f,-0.5718f,3.1095f,0.7545f,-0.2103f,-0.6217f,-0.5646f,0f,0f,0f,1f],start_interpolation: 0,interpolation_duration: 1}
$data merge entity $(rightelbow) {transformation: [-0.6053f,-0.5891f,-0.5353f,-1.3801f,-0.2536f,0.7802f,-0.5718f,3.2558f,0.7545f,-0.2103f,-0.6217f,-0.604f,0f,0f,0f,1f],start_interpolation: 0,interpolation_duration: 1}
$data merge entity $(rightarm) {transformation: [-0.8959f,0.4434f,-0.0271f,-0.8186f,0.0098f,0.0807f,0.9967f,3.1075f,0.4441f,0.8927f,-0.0767f,-0.0997f,0f,0f,0f,1f],start_interpolation: 0,interpolation_duration: 1}
$data merge entity $(chest1) {transformation: [-1.0416f,-0.0979f,0.2811f,0.0181f,0.0622f,0.9289f,0.5541f,2.8822f,-0.2911f,0.5489f,-0.8875f,0.0908f,0f,0f,0f,1f],start_interpolation: 0,interpolation_duration: 1}
$data merge entity $(chest1lid) {transformation: [-0.9615f,-0.0904f,0.2595f,-0.3499f,0.0574f,0.8574f,0.5114f,2.1156f,-0.2687f,0.5066f,-0.8192f,-0.0267f,0f,0f,0f,1f],start_interpolation: 0,interpolation_duration: 1}
$data merge entity $(chest2) {transformation: [-0.9615f,-0.0904f,0.2595f,-0.3358f,0.0574f,0.8574f,0.5114f,1.9817f,-0.2687f,0.5066f,-0.8192f,-0.1058f,0f,0f,0f,1f],start_interpolation: 0,interpolation_duration: 1}
$data merge entity $(chest1lid3) {transformation: [-0.9615f,-0.0904f,0.2595f,-0.1236f,0.0574f,0.8574f,0.5114f,2.4397f,-0.2687f,0.5066f,-0.8192f,-0.5347f,0f,0f,0f,1f],start_interpolation: 0,interpolation_duration: 1}
$data merge entity $(chest3) {transformation: [-0.9615f,-0.0904f,0.2595f,-0.1095f,0.0574f,0.8574f,0.5114f,2.3057f,-0.2687f,0.5066f,-0.8192f,-0.6139f,0f,0f,0f,1f],start_interpolation: 0,interpolation_duration: 1}
$data merge entity $(hugeasssword2) {transformation: [-1.0162f,2.5373f,-2.8053f,-1.2027f,-2.0031f,2.103f,2.6277f,4.0832f,3.2086f,2.1165f,0.752f,0.1305f,0f,0f,0f,1f],start_interpolation: 0,interpolation_duration: 1}
$data merge entity $(belt) {transformation: [-0.9615f,-0.0904f,0.2595f,0.0509f,0.0574f,0.8574f,0.5114f,2.4719f,-0.2687f,0.5066f,-0.8192f,0.0048f,0f,0f,0f,1f],start_interpolation: 0,interpolation_duration: 1}
$data merge entity $(torn_part) {transformation: [-0.9248f,-0.0827f,0.3713f,-0.0814f,0.084f,0.9077f,0.4112f,2.1429f,-0.371f,0.4115f,-0.8325f,-0.0467f,0f,0f,0f,1f],start_interpolation: 0,interpolation_duration: 1}
$data merge entity $(lowerbody) {transformation: [-0.9248f,0.0328f,0.3789f,-0.0604f,0.084f,0.9893f,0.1193f,1.6348f,-0.371f,0.1421f,-0.9177f,0.0492f,0f,0f,0f,1f],start_interpolation: 0,interpolation_duration: 1}
$data merge entity $(leftfoot) {transformation: [-0.9479f,-0.2196f,-0.2306f,0.5049f,-0.3181f,0.6837f,0.6568f,0.3044f,0.0134f,0.696f,-0.718f,-0.0711f,0f,0f,0f,1f],start_interpolation: 0,interpolation_duration: 1}
$data merge entity $(leftlowerleg) {transformation: [-0.9479f,-0.2196f,-0.2306f,0.2967f,-0.3181f,0.6837f,0.6568f,0.9619f,0.0134f,0.696f,-0.718f,0.8113f,0f,0f,0f,1f],start_interpolation: 0,interpolation_duration: 1}
$data merge entity $(leftleg) {transformation: [-0.9909f,-0.0695f,0.1153f,0.2078f,-0.1317f,0.6768f,-0.7243f,1.5705f,-0.0277f,-0.7328f,-0.6798f,0.1712f,0f,0f,0f,1f],start_interpolation: 0,interpolation_duration: 1}
$data merge entity $(rightfoot) {transformation: [-0.9412f,-0.1114f,0.319f,-0.4807f,0.103f,0.8046f,0.5849f,0.2979f,-0.3218f,0.5833f,-0.7458f,-0.1781f,0f,0f,0f,1f],start_interpolation: 0,interpolation_duration: 1}
$data merge entity $(rightlowerleg) {transformation: [-0.9412f,-0.1114f,0.319f,-0.6534f,0.103f,0.8046f,0.5849f,1.1006f,-0.3218f,0.5833f,-0.7458f,0.5836f,0f,0f,0f,1f],start_interpolation: 0,interpolation_duration: 1}
$data merge entity $(rightleg) {transformation: [-0.9273f,0.3535f,0.1231f,-0.3114f,0.1216f,0.5956f,-0.7941f,1.6306f,-0.354f,-0.7213f,-0.5953f,-0.0293f,0f,0f,0f,1f],start_interpolation: 0,interpolation_duration: 1}
data modify entity @s data merge value {"cameras":{},"locators":{"soup":{"px":0.6389651593986583,"py":1.87835112984999,"pz":0.11656834967490518,"ry":94.13149966847098,"rx":-13.701694777320755},"lefthand":{"px":0.6760221421114123,"py":1.8435071767525042,"pz":-0.06790399644507727,"ry":3.951125355243107,"rx":-0.7397877274920713},"sword":{"px":1.0922812329956368,"py":2.7163761716777404,"pz":2.7653727552878484,"ry":329.8686482626367,"rx":-7.063111371839835},"righthand":{"px":-0.7447378399938047,"py":2.2629517314468206,"pz":-0.3996585956586611,"ry":329.8686482626367,"rx":-7.063111371839835},"chest":{"px":-0.4148791105401738,"py":1.983938476794579,"pz":0.06126966415134405,"ry":17.57404791761971,"rx":30.75918716784306}}}