# This file was generated by Animated Java via MC-Build. It is not recommended to edit this file directly.
$data merge entity $(bone_nose) {transformation: [-0.9993f,-0.0358f,0.0085f,-0.1857f,-0.0228f,0.7834f,0.6211f,3.1215f,-0.0289f,0.6205f,-0.7837f,0.7684f,0f,0f,0f,1f],start_interpolation: 0,interpolation_duration: 1}
$data merge entity $(bone_glowing_eye) {transformation: [-0.9993f,-0.0358f,0.0085f,-0.3133f,-0.0228f,0.7834f,0.6211f,3.15f,-0.0289f,0.6205f,-0.7837f,0.8341f,0f,0f,0f,1f],start_interpolation: 0,interpolation_duration: 1}
$data merge entity $(bone_head) {transformation: [-0.9993f,-0.0358f,0.0085f,-0.1797f,-0.0228f,0.7834f,0.6211f,3.1411f,-0.0289f,0.6205f,-0.7837f,0.545f,0f,0f,0f,1f],start_interpolation: 0,interpolation_duration: 1}
$data merge entity $(bone_leftthumb2) {transformation: [-0.9966f,0.0827f,-0.0024f,0.7412f,0.081f,0.981f,0.1762f,1.8498f,0.0169f,0.1754f,-0.9843f,-0.0296f,0f,0f,0f,1f],start_interpolation: 0,interpolation_duration: 1}
$data merge entity $(bone_leftthumb) {transformation: [-0.9966f,0.0827f,-0.0024f,0.7613f,0.081f,0.981f,0.1762f,2.1055f,0.0169f,0.1754f,-0.9843f,-0.0707f,0f,0f,0f,1f],start_interpolation: 0,interpolation_duration: 1}
$data merge entity $(bone_leftpointerfinger) {transformation: [-0.5398f,0.8418f,-0.0024f,0.843f,0.8284f,0.5317f,0.1762f,1.783f,0.1496f,0.0932f,-0.9843f,-0.1763f,0f,0f,0f,1f],start_interpolation: 0,interpolation_duration: 1}
$data merge entity $(bone_leftmidfinger) {transformation: [-0.6365f,0.7713f,-0.0024f,0.8427f,0.759f,0.6268f,0.1762f,1.8105f,0.1374f,0.1104f,-0.9843f,-0.3301f,0f,0f,0f,1f],start_interpolation: 0,interpolation_duration: 1}
$data merge entity $(bone_leftringfinger) {transformation: [-0.6365f,0.7713f,-0.0024f,0.8423f,0.759f,0.6268f,0.1762f,1.8381f,0.1374f,0.1104f,-0.9843f,-0.4839f,0f,0f,0f,1f],start_interpolation: 0,interpolation_duration: 1}
$data merge entity $(bone_invisibility) {transformation: [0.0822f,0.0096f,0.9966f,0.6653f,0.9926f,-0.09f,-0.081f,1.9f,0.089f,0.9959f,-0.0169f,-0.1232f,0f,0f,0f,1f],start_interpolation: 0,interpolation_duration: 1}
$data merge entity $(bone_swiftness) {transformation: [-0.0024f,0.0827f,0.9966f,0.6017f,0.1762f,0.981f,-0.081f,1.8044f,-0.9843f,0.1754f,-0.0169f,-0.3306f,0f,0f,0f,1f],start_interpolation: 0,interpolation_duration: 1}
$data merge entity $(bone_suspicious_stew) {transformation: [0.0739f,0.0371f,0.9966f,0.661f,0.9636f,0.2549f,-0.081f,1.887f,-0.257f,0.9663f,-0.0169f,-0.3159f,0f,0f,0f,1f],start_interpolation: 0,interpolation_duration: 1}
$data merge entity $(bone_log) {transformation: [-0.9966f,0.0827f,-0.0024f,0.5778f,0.081f,0.981f,0.1762f,2.0255f,0.0169f,0.1754f,-0.9843f,-0.3386f,0f,0f,0f,1f],start_interpolation: 0,interpolation_duration: 1}
$data merge entity $(bone_planks) {transformation: [-0.9966f,0.0827f,-0.0024f,0.4843f,0.081f,0.981f,0.1762f,2.0331f,0.0169f,0.1754f,-0.9843f,-0.337f,0f,0f,0f,1f],start_interpolation: 0,interpolation_duration: 1}
$data merge entity $(bone_lefthand1) {transformation: [-0.9966f,0.0827f,-0.0024f,0.8476f,0.081f,0.981f,0.1762f,2.245f,0.0169f,0.1754f,-0.9843f,-0.2682f,0f,0f,0f,1f],start_interpolation: 0,interpolation_duration: 1}
$data merge entity $(bone_leftforearm) {transformation: [-0.4483f,0.637f,0.6272f,1.2591f,0.4743f,0.7642f,-0.4371f,2.8414f,-0.7577f,0.1015f,-0.6446f,-0.2605f,0f,0f,0f,1f],start_interpolation: 0,interpolation_duration: 1}
$data merge entity $(bone_leftelbow) {transformation: [-0.4483f,0.637f,0.6272f,1.3785f,0.4743f,0.7642f,-0.4371f,2.9846f,-0.7577f,0.1015f,-0.6446f,-0.2415f,0f,0f,0f,1f],start_interpolation: 0,interpolation_duration: 1}
$data merge entity $(bone_leftarm) {transformation: [-0.7905f,-0.5681f,0.2291f,0.6826f,0.211f,0.0986f,0.9725f,2.8695f,-0.575f,0.8171f,0.0419f,0.1635f,0f,0f,0f,1f],start_interpolation: 0,interpolation_duration: 1}
$data merge entity $(bone_rightthumb2) {transformation: [-0.7377f,-0.4169f,-0.531f,-0.7211f,-0.4956f,0.8685f,0.0066f,1.9301f,0.4584f,0.268f,-0.8474f,-0.0425f,0f,0f,0f,1f],start_interpolation: 0,interpolation_duration: 1}
$data merge entity $(bone_rightthumb) {transformation: [-0.7377f,-0.4169f,-0.531f,-0.8687f,-0.4956f,0.8685f,0.0066f,2.1437f,0.4584f,0.268f,-0.8474f,-0.0491f,0f,0f,0f,1f],start_interpolation: 0,interpolation_duration: 1}
$data merge entity $(bone_rightpointerfinger) {transformation: [-0.3246f,-0.7828f,-0.531f,-0.8375f,-0.9253f,0.3792f,0.0066f,1.8048f,0.1962f,0.4935f,-0.8474f,-0.1267f,0f,0f,0f,1f],start_interpolation: 0,interpolation_duration: 1}
$data merge entity $(bone_rightmidfinger) {transformation: [-0.2901f,-0.7962f,-0.531f,-0.9205f,-0.941f,0.3385f,0.0066f,1.8058f,0.1745f,0.5015f,-0.8474f,-0.2591f,0f,0f,0f,1f],start_interpolation: 0,interpolation_duration: 1}
$data merge entity $(bone_rightringfinger) {transformation: [-0.3442f,-0.7743f,-0.531f,-1.0034f,-0.9154f,0.4024f,0.0066f,1.8069f,0.2086f,0.4883f,-0.8474f,-0.3915f,0f,0f,0f,1f],start_interpolation: 0,interpolation_duration: 1}
$data merge entity $(bone_hugeasssword) {transformation: [-2.8894f,-1.633f,-2.0797f,-0.8009f,-1.9411f,3.4017f,0.0258f,2.1138f,1.7955f,1.0497f,-3.3188f,-0.3132f,0f,0f,0f,1f],start_interpolation: 0,interpolation_duration: 1}
$data merge entity $(bone_ice) {transformation: [-0.7377f,-0.4169f,-0.531f,-0.7828f,-0.4956f,0.8685f,0.0066f,2.108f,0.4584f,0.268f,-0.8474f,-0.3245f,0f,0f,0f,1f],start_interpolation: 0,interpolation_duration: 1}
$data merge entity $(bone_righthand1) {transformation: [-0.7377f,-0.4169f,-0.531f,-1.0881f,-0.4956f,0.8685f,0.0066f,2.2014f,0.4584f,0.268f,-0.8474f,-0.1694f,0f,0f,0f,1f],start_interpolation: 0,interpolation_duration: 1}
$data merge entity $(bone_rightforearm) {transformation: [-0.2483f,-0.7906f,-0.5598f,-1.6077f,-0.3846f,0.6108f,-0.6921f,2.682f,0.8891f,0.0435f,-0.4557f,-0.1844f,0f,0f,0f,1f],start_interpolation: 0,interpolation_duration: 1}
$data merge entity $(bone_rightelbow) {transformation: [-0.2483f,-0.7906f,-0.5598f,-1.7559f,-0.3846f,0.6108f,-0.6921f,2.7965f,0.8891f,0.0435f,-0.4557f,-0.1763f,0f,0f,0f,1f],start_interpolation: 0,interpolation_duration: 1}
$data merge entity $(bone_rightarm) {transformation: [-0.6758f,0.6712f,-0.3046f,-1.0462f,-0.2094f,0.2214f,0.9524f,2.8134f,0.7068f,0.7074f,-0.0091f,0.1115f,0f,0f,0f,1f],start_interpolation: 0,interpolation_duration: 1}
$data merge entity $(bone_chest1) {transformation: [-1.0826f,-0.0388f,0.0092f,-0.1578f,-0.0247f,0.8487f,0.6729f,2.6774f,-0.0313f,0.6722f,-0.849f,0.0735f,0f,0f,0f,1f],start_interpolation: 0,interpolation_duration: 1}
$data merge entity $(bone_chest1lid) {transformation: [-0.9993f,-0.0358f,0.0085f,-0.4778f,-0.0228f,0.7834f,0.6211f,1.8911f,-0.0289f,0.6205f,-0.7837f,-0.0538f,0f,0f,0f,1f],start_interpolation: 0,interpolation_duration: 1}
$data merge entity $(bone_chest2) {transformation: [-0.9993f,-0.0358f,0.0085f,-0.4722f,-0.0228f,0.7834f,0.6211f,1.7687f,-0.0289f,0.6205f,-0.7837f,-0.1507f,0f,0f,0f,1f],start_interpolation: 0,interpolation_duration: 1}
$data merge entity $(bone_chest1lid3) {transformation: [-0.9993f,-0.0358f,0.0085f,-0.4099f,-0.0228f,0.7834f,0.6211f,2.2905f,-0.0289f,0.6205f,-0.7837f,-0.554f,0f,0f,0f,1f],start_interpolation: 0,interpolation_duration: 1}
$data merge entity $(bone_chest3) {transformation: [-0.9993f,-0.0358f,0.0085f,-0.4043f,-0.0228f,0.7834f,0.6211f,2.1681f,-0.0289f,0.6205f,-0.7837f,-0.651f,0f,0f,0f,1f],start_interpolation: 0,interpolation_duration: 1}
$data merge entity $(bone_hugeasssword2) {transformation: [-0.0334f,2.791f,-2.7477f,-1.4283f,-2.4327f,2.1386f,2.2019f,3.7228f,3.0694f,1.7254f,1.7153f,0.5502f,0f,0f,0f,1f],start_interpolation: 0,interpolation_duration: 1}
$data merge entity $(bone_belt) {transformation: [-0.9993f,-0.0358f,0.0085f,-0.1126f,-0.0228f,0.7834f,0.6211f,2.2847f,-0.0289f,0.6205f,-0.7837f,-0.0701f,0f,0f,0f,1f],start_interpolation: 0,interpolation_duration: 1}
$data merge entity $(bone_torn_part) {transformation: [-0.8996f,-0.3746f,0.2245f,-0.0206f,-0.2497f,0.8629f,0.4393f,1.9326f,-0.3583f,0.3391f,-0.8698f,-0.0597f,0f,0f,0f,1f],start_interpolation: 0,interpolation_duration: 1}
$data merge entity $(bone_lowerbody) {transformation: [-0.8996f,-0.2898f,0.3268f,0.1628f,-0.2497f,0.9551f,0.1595f,1.4682f,-0.3583f,0.0619f,-0.9315f,0.0761f,0f,0f,0f,1f],start_interpolation: 0,interpolation_duration: 1}
$data merge entity $(bone_leftfoot) {transformation: [-0.9335f,0.0168f,-0.3582f,0.4742f,-0.2771f,0.6001f,0.7504f,0.4137f,0.2276f,0.7998f,-0.5555f,-0.0962f,0f,0f,0f,1f],start_interpolation: 0,interpolation_duration: 1}
$data merge entity $(bone_leftlowerleg) {transformation: [-0.9335f,0.0168f,-0.3582f,0.5479f,-0.2771f,0.6001f,0.7504f,0.9641f,0.2276f,0.7998f,-0.5555f,0.8764f,0f,0f,0f,1f],start_interpolation: 0,interpolation_duration: 1}
$data merge entity $(bone_leftleg) {transformation: [-0.9823f,-0.186f,0.0196f,0.3706f,-0.1325f,0.6181f,-0.7749f,1.4931f,0.132f,-0.7638f,-0.6319f,0.2043f,0f,0f,0f,1f],start_interpolation: 0,interpolation_duration: 1}
$data merge entity $(bone_rightfoot) {transformation: [-0.918f,0.0624f,0.3917f,-0.4356f,0.3374f,0.6421f,0.6884f,0.3234f,-0.2085f,0.764f,-0.6105f,-0.2293f,0f,0f,0f,1f],start_interpolation: 0,interpolation_duration: 1}
$data merge entity $(bone_rightlowerleg) {transformation: [-0.918f,0.0624f,0.3917f,-0.4266f,0.3374f,0.6421f,0.6884f,0.93f,-0.2085f,0.764f,-0.6105f,0.7121f,0f,0f,0f,1f],start_interpolation: 0,interpolation_duration: 1}
$data merge entity $(bone_rightleg) {transformation: [-0.9481f,0.2806f,-0.1498f,-0.1646f,0.2785f,0.5048f,-0.8171f,1.346f,-0.1536f,-0.8164f,-0.5567f,-0.0029f,0f,0f,0f,1f],start_interpolation: 0,interpolation_duration: 1}
data modify entity @s data merge value {"cameras":{},"locators":{"lefthand":{"posx":0.6647640013581622,"posy":1.9385113963063618,"posz":-0.338476730652655,"roty":359.8619387797926,"rotx":10.149649267638583},"sword":{"posx":1.120798374018244,"posy":2.023551761993164,"posz":2.8521602958677947,"roty":327.92744794397413,"rotx":0.3770747089295809},"righthand":{"posx":-0.8371947998886491,"posy":2.047819744097554,"posz":-0.27247248991337514,"roty":327.92744794397413,"rotx":0.3770747089295809},"chest":{"posx":-0.5081570332937294,"posy":1.744404922194222,"posz":0.028981650985290514,"roty":0.6239248438948835,"rotx":38.397966819580155}}}