# This file was generated by Animated Java via MC-Build. It is not recommended to edit this file directly.
$data merge entity $(nose) {transformation: [-0.9922f,0.0814f,-0.0946f,-0.0912f,0.0162f,0.8356f,0.5491f,3.0757f,0.1237f,0.5433f,-0.8304f,0.6687f,0f,0f,0f,1f],start_interpolation: 0,interpolation_duration: 1}
$data merge entity $(glowing_eye) {transformation: [-0.9922f,0.0814f,-0.0946f,-0.2064f,0.0162f,0.8356f,0.5491f,3.1152f,0.1237f,0.5433f,-0.8304f,0.7499f,0f,0f,0f,1f],start_interpolation: 0,interpolation_duration: 1}
$data merge entity $(head) {transformation: [-0.9922f,0.0814f,-0.0946f,-0.119f,0.0162f,0.8356f,0.5491f,3.0754f,0.1237f,0.5433f,-0.8304f,0.4461f,0f,0f,0f,1f],start_interpolation: 0,interpolation_duration: 1}
$data merge entity $(leftthumb2) {transformation: [-0.9528f,0.2949f,-0.0722f,0.5341f,0.2896f,0.9541f,0.076f,1.7334f,0.0913f,0.0515f,-0.9945f,-0.1473f,0f,0f,0f,1f],start_interpolation: 0,interpolation_duration: 1}
$data merge entity $(leftthumb) {transformation: [-0.9528f,0.2949f,-0.0722f,0.6003f,0.2896f,0.9541f,0.076f,1.9739f,0.0913f,0.0515f,-0.9945f,-0.2197f,0f,0f,0f,1f],start_interpolation: 0,interpolation_duration: 1}
$data merge entity $(leftpointerfinger) {transformation: [-0.3274f,0.9421f,-0.0722f,0.6043f,0.94f,0.3325f,0.076f,1.6327f,0.0956f,-0.043f,-0.9945f,-0.2931f,0f,0f,0f,1f],start_interpolation: 0,interpolation_duration: 1}
$data merge entity $(leftmidfinger) {transformation: [-0.4397f,0.8952f,-0.0722f,0.5931f,0.8925f,0.4445f,0.076f,1.6446f,0.1001f,-0.0311f,-0.9945f,-0.4485f,0f,0f,0f,1f],start_interpolation: 0,interpolation_duration: 1}
$data merge entity $(leftringfinger) {transformation: [-0.4397f,0.8952f,-0.0722f,0.5818f,0.8925f,0.4445f,0.076f,1.6565f,0.1001f,-0.0311f,-0.9945f,-0.6039f,0f,0f,0f,1f],start_interpolation: 0,interpolation_duration: 1}
$data merge entity $(invisibility) {transformation: [0.2875f,0.0976f,0.9528f,0.4602f,0.9571f,0.0075f,-0.2896f,1.789f,-0.0354f,0.9952f,-0.0913f,-0.2393f,0f,0f,0f,1f],start_interpolation: 0,interpolation_duration: 1}
$data merge entity $(swiftness) {transformation: [-0.0722f,0.2949f,0.9528f,0.3571f,0.076f,0.9541f,-0.2896f,1.6891f,-0.9945f,0.0515f,-0.0913f,-0.428f,0f,0f,0f,1f],start_interpolation: 0,interpolation_duration: 1}
$data merge entity $(suspicious_stew) {transformation: [0.2368f,0.1901f,0.9528f,0.4328f,0.8968f,0.3344f,-0.2896f,1.7585f,-0.3737f,0.9231f,-0.0913f,-0.4282f,0f,0f,0f,1f],start_interpolation: 0,interpolation_duration: 1}
$data merge entity $(log) {transformation: [-0.9528f,0.2949f,-0.0722f,0.377f,0.2896f,0.9541f,0.076f,1.9085f,0.0913f,0.0515f,-0.9945f,-0.4598f,0f,0f,0f,1f],start_interpolation: 0,interpolation_duration: 1}
$data merge entity $(planks) {transformation: [-0.9528f,0.2949f,-0.0722f,0.2877f,0.2896f,0.9541f,0.076f,1.9357f,0.0913f,0.0515f,-0.9945f,-0.4513f,0f,0f,0f,1f],start_interpolation: 0,interpolation_duration: 1}
$data merge entity $(lefthand1) {transformation: [-0.9528f,0.2949f,-0.0722f,0.6912f,0.2896f,0.9541f,0.076f,2.0723f,0.0913f,0.0515f,-0.9945f,-0.4387f,0f,0f,0f,1f],start_interpolation: 0,interpolation_duration: 1}
$data merge entity $(leftforearm) {transformation: [-0.4082f,0.774f,0.484f,1.2056f,0.5145f,0.633f,-0.5784f,2.5781f,-0.7541f,0.0129f,-0.6567f,-0.4966f,0f,0f,0f,1f],start_interpolation: 0,interpolation_duration: 1}
$data merge entity $(leftelbow) {transformation: [-0.4082f,0.774f,0.484f,1.3507f,0.5145f,0.633f,-0.5784f,2.6968f,-0.7541f,0.0129f,-0.6567f,-0.4942f,0f,0f,0f,1f],start_interpolation: 0,interpolation_duration: 1}
$data merge entity $(leftarm) {transformation: [-0.7762f,-0.4719f,0.4182f,0.6815f,0.3349f,0.2534f,0.9075f,2.7454f,-0.5342f,0.8445f,-0.0386f,-0.0388f,0f,0f,0f,1f],start_interpolation: 0,interpolation_duration: 1}
$data merge entity $(rightthumb2) {transformation: [-0.754f,-0.2851f,-0.5918f,-0.8143f,-0.3621f,0.932f,0.0124f,1.8629f,0.548f,0.2237f,-0.806f,0.1552f,0f,0f,0f,1f],start_interpolation: 0,interpolation_duration: 1}
$data merge entity $(rightthumb) {transformation: [-0.754f,-0.2851f,-0.5918f,-0.9348f,-0.3621f,0.932f,0.0124f,2.0925f,0.548f,0.2237f,-0.806f,0.1411f,0f,0f,0f,1f],start_interpolation: 0,interpolation_duration: 1}
$data merge entity $(rightpointerfinger) {transformation: [-0.3946f,-0.7029f,-0.5918f,-0.9515f,-0.8764f,0.4815f,0.0124f,1.7477f,0.2762f,0.5235f,-0.806f,0.0899f,0f,0f,0f,1f],start_interpolation: 0,interpolation_duration: 1}
$data merge entity $(rightmidfinger) {transformation: [-0.3635f,-0.7195f,-0.5918f,-1.044f,-0.8965f,0.4428f,0.0124f,1.7496f,0.2531f,0.5351f,-0.806f,-0.036f,0f,0f,0f,1f],start_interpolation: 0,interpolation_duration: 1}
$data merge entity $(rightringfinger) {transformation: [-0.4148f,-0.6912f,-0.5918f,-1.1364f,-0.862f,0.5067f,0.0124f,1.7515f,0.2913f,0.5153f,-0.806f,-0.162f,0f,0f,0f,1f],start_interpolation: 0,interpolation_duration: 1}
$data merge entity $(hugeasssword) {transformation: [-2.9533f,-1.1165f,-2.3177f,-0.8923f,-1.4183f,3.6505f,0.0486f,2.0349f,2.1464f,0.876f,-3.1569f,-0.1236f,0f,0f,0f,1f],start_interpolation: 0,interpolation_duration: 1}
$data merge entity $(whey) {transformation: [0f,0f,0f,-0.6528f,0f,0f,0f,2.008f,0f,0f,0f,-0.1254f,0f,0f,0f,1f],start_interpolation: 0,interpolation_duration: 1}
$data merge entity $(ice) {transformation: [-0.754f,-0.2851f,-0.5918f,-0.8761f,-0.3621f,0.932f,0.0124f,2.026f,0.548f,0.2237f,-0.806f,-0.1356f,0f,0f,0f,1f],start_interpolation: 0,interpolation_duration: 1}
$data merge entity $(righthand1) {transformation: [-0.754f,-0.2851f,-0.5918f,-1.1544f,-0.3621f,0.932f,0.0124f,2.1689f,0.548f,0.2237f,-0.806f,0.0321f,0f,0f,0f,1f],start_interpolation: 0,interpolation_duration: 1}
$data merge entity $(rightforearm) {transformation: [-0.1433f,-0.7677f,-0.6246f,-1.6577f,-0.1756f,0.6408f,-0.7473f,2.6593f,0.974f,0.0026f,-0.2266f,-0.021f,0f,0f,0f,1f],start_interpolation: 0,interpolation_duration: 1}
$data merge entity $(rightelbow) {transformation: [-0.1433f,-0.7677f,-0.6246f,-1.8016f,-0.1756f,0.6408f,-0.7473f,2.7794f,0.974f,0.0026f,-0.2266f,-0.0205f,0f,0f,0f,1f],start_interpolation: 0,interpolation_duration: 1}
$data merge entity $(rightarm) {transformation: [-0.5931f,0.7877f,-0.1666f,-1.0484f,0.0053f,0.2108f,0.9775f,2.7339f,0.8051f,0.5789f,-0.1292f,0.1821f,0f,0f,0f,1f],start_interpolation: 0,interpolation_duration: 1}
$data merge entity $(chest1) {transformation: [-1.0749f,0.0882f,-0.1025f,-0.1825f,0.0176f,0.9052f,0.5949f,2.5716f,0.1341f,0.5886f,-0.8996f,0.0218f,0f,0f,0f,1f],start_interpolation: 0,interpolation_duration: 1}
$data merge entity $(chest1lid) {transformation: [-0.9922f,0.0814f,-0.0946f,-0.5398f,0.0162f,0.8356f,0.5491f,1.7912f,0.1237f,0.5433f,-0.8304f,0.0177f,0f,0f,0f,1f],start_interpolation: 0,interpolation_duration: 1}
$data merge entity $(chest2) {transformation: [-0.9922f,0.0814f,-0.0946f,-0.5526f,0.0162f,0.8356f,0.5491f,1.6606f,0.1237f,0.5433f,-0.8304f,-0.0672f,0f,0f,0f,1f],start_interpolation: 0,interpolation_duration: 1}
$data merge entity $(chest1lid3) {transformation: [-0.9922f,0.0814f,-0.0946f,-0.5384f,0.0162f,0.8356f,0.5491f,2.142f,0.1237f,0.5433f,-0.8304f,-0.522f,0f,0f,0f,1f],start_interpolation: 0,interpolation_duration: 1}
$data merge entity $(chest3) {transformation: [-0.9922f,0.0814f,-0.0946f,-0.5511f,0.0162f,0.8356f,0.5491f,2.0114f,0.1237f,0.5433f,-0.8304f,-0.6069f,0f,0f,0f,1f],start_interpolation: 0,interpolation_duration: 1}
$data merge entity $(hugeasssword2) {transformation: [0.3705f,3.0805f,-2.3903f,-1.3355f,-2.1508f,2.1641f,2.4557f,3.7066f,3.2522f,1.0803f,1.8964f,0.5847f,0f,0f,0f,1f],start_interpolation: 0,interpolation_duration: 1}
$data merge entity $(belt) {transformation: [-0.9922f,0.0814f,-0.0946f,-0.1707f,0.0162f,0.8356f,0.5491f,2.1664f,0.1237f,0.5433f,-0.8304f,-0.0899f,0f,0f,0f,1f],start_interpolation: 0,interpolation_duration: 1}
$data merge entity $(torn_part) {transformation: [-0.9716f,-0.2355f,-0.0214f,-0.1735f,-0.2319f,0.9315f,0.2802f,1.7808f,-0.0461f,0.2772f,-0.9597f,-0.0558f,0f,0f,0f,1f],start_interpolation: 0,interpolation_duration: 1}
$data merge entity $(lowerbody) {transformation: [-0.9716f,-0.231f,0.0504f,0.0271f,-0.2319f,0.9726f,-0.0129f,1.3304f,-0.0461f,-0.0242f,-0.9986f,0.101f,0f,0f,0f,1f],start_interpolation: 0,interpolation_duration: 1}
$data merge entity $(leftfoot) {transformation: [-0.8494f,0.1868f,-0.4935f,0.4215f,-0.2678f,0.6532f,0.7083f,0.43f,0.4546f,0.7338f,-0.5048f,-0.0459f,0f,0f,0f,1f],start_interpolation: 0,interpolation_duration: 1}
$data merge entity $(leftlowerleg) {transformation: [-0.8494f,0.1868f,-0.4935f,0.7046f,-0.2678f,0.6532f,0.7083f,1.0458f,0.4546f,0.7338f,-0.5048f,0.8457f,0f,0f,0f,1f],start_interpolation: 0,interpolation_duration: 1}
$data merge entity $(leftleg) {transformation: [-0.892f,-0.4515f,-0.0233f,0.2953f,-0.1881f,0.4173f,-0.8891f,1.3735f,0.4111f,-0.7887f,-0.4571f,0.163f,0f,0f,0f,1f],start_interpolation: 0,interpolation_duration: 1}
$data merge entity $(rightfoot) {transformation: [-0.9004f,0.1248f,0.4167f,-0.4383f,0.4146f,0.5361f,0.7353f,0.4081f,-0.1317f,0.8349f,-0.5344f,-0.0916f,0f,0f,0f,1f],start_interpolation: 0,interpolation_duration: 1}
$data merge entity $(rightlowerleg) {transformation: [-0.9004f,0.1248f,0.4167f,-0.3639f,0.4146f,0.5361f,0.7353f,0.8898f,-0.1317f,0.8349f,-0.5344f,0.9167f,0f,0f,0f,1f],start_interpolation: 0,interpolation_duration: 1}
$data merge entity $(rightleg) {transformation: [-0.9471f,0.0734f,-0.3123f,-0.3132f,0.3119f,0.439f,-0.8426f,1.2265f,0.0753f,-0.8955f,-0.4387f,0.1186f,0f,0f,0f,1f],start_interpolation: 0,interpolation_duration: 1}
data modify entity @s data merge value {"cameras":{},"locators":{"soup":{"px":0.4357382216198913,"py":1.8250535104242074,"pz":-0.2666909863403909,"ry":84.52638283116082,"rx":-16.833923636398225},"lefthand":{"px":0.4444092803467768,"py":1.8056272485084495,"pz":-0.45686143779586563,"ry":355.8469729011863,"rx":4.35586634827862},"sword":{"px":1.2490464650414266,"py":1.9315368940421445,"pz":2.8970181004699236,"ry":323.714609006404,"rx":0.7113052911635153},"righthand":{"px":-0.9330761417129672,"py":1.9773146268563542,"pz":-0.07516991146165812,"ry":323.714609006404,"rx":0.7113052911635153},"chest":{"px":-0.5611573112555588,"py":1.6536723655988863,"pz":0.11732845784739515,"ry":353.5014771078439,"rx":33.308607960959016}}}