# This file was generated by Animated Java via MC-Build. It is not recommended to edit this file directly.
$data merge entity $(bone_nose) {transformation: [-0.9977f,0.0659f,0.0143f,0.1474f,0.054f,0.6543f,0.7543f,2.8389f,0.0403f,0.7534f,-0.6563f,1.0704f,0f,0f,0f,1f],start_interpolation: 0,interpolation_duration: 1}
$data merge entity $(bone_glowing_eye) {transformation: [-0.9977f,0.0659f,0.0143f,0.0266f,0.054f,0.6543f,0.7543f,2.8636f,0.0403f,0.7534f,-0.6563f,1.1493f,0f,0f,0f,1f],start_interpolation: 0,interpolation_duration: 1}
$data merge entity $(bone_head) {transformation: [-0.9977f,0.0659f,0.0143f,0.142f,0.054f,0.6543f,0.7543f,2.8993f,0.0403f,0.7534f,-0.6563f,0.8544f,0f,0f,0f,1f],start_interpolation: 0,interpolation_duration: 1}
$data merge entity $(bone_leftthumb2) {transformation: [-0.8641f,0.4887f,0.1206f,0.54f,0.5009f,0.8585f,0.11f,1.5376f,-0.0497f,0.1555f,-0.9866f,0.0418f,0f,0f,0f,1f],start_interpolation: 0,interpolation_duration: 1}
$data merge entity $(bone_leftthumb) {transformation: [-0.8641f,0.4887f,0.1206f,0.6701f,0.5009f,0.8585f,0.11f,1.7575f,-0.0497f,0.1555f,-0.9866f,-0.0044f,0f,0f,0f,1f],start_interpolation: 0,interpolation_duration: 1}
$data merge entity $(bone_leftpointerfinger) {transformation: [-0.0844f,0.9891f,0.1206f,0.61f,0.9914f,0.0711f,0.11f,1.4262f,0.1003f,0.1288f,-0.9866f,-0.0962f,0f,0f,0f,1f],start_interpolation: 0,interpolation_duration: 1}
$data merge entity $(bone_leftmidfinger) {transformation: [-0.2086f,0.9705f,0.1206f,0.6288f,0.9745f,0.1958f,0.11f,1.4434f,0.0832f,0.1404f,-0.9866f,-0.2504f,0f,0f,0f,1f],start_interpolation: 0,interpolation_duration: 1}
$data merge entity $(bone_leftringfinger) {transformation: [-0.2086f,0.9705f,0.1206f,0.6476f,0.9745f,0.1958f,0.11f,1.4606f,0.0832f,0.1404f,-0.9866f,-0.4046f,0f,0f,0f,1f],start_interpolation: 0,interpolation_duration: 1}
$data merge entity $(bone_invisibility) {transformation: [0.4973f,-0.0775f,0.8641f,0.4976f,0.8648f,-0.0348f,-0.5009f,1.6106f,0.0689f,0.9964f,0.0497f,-0.0577f,0f,0f,0f,1f],start_interpolation: 0,interpolation_duration: 1}
$data merge entity $(bone_swiftness) {transformation: [0.1206f,0.4887f,0.8641f,0.4091f,0.11f,0.8585f,-0.5009f,1.541f,-0.9866f,0.1555f,0.0497f,-0.2664f,0f,0f,0f,1f],start_interpolation: 0,interpolation_duration: 1}
$data merge entity $(bone_suspicious_stew) {transformation: [0.4938f,0.0973f,0.8641f,0.4973f,0.8246f,0.2631f,-0.5009f,1.591f,-0.276f,0.9599f,0.0497f,-0.25f,0f,0f,0f,1f],start_interpolation: 0,interpolation_duration: 1}
$data merge entity $(bone_log) {transformation: [-0.8641f,0.4887f,0.1206f,0.4831f,0.5009f,0.8585f,0.11f,1.7504f,-0.0497f,0.1555f,-0.9866f,-0.2815f,0f,0f,0f,1f],start_interpolation: 0,interpolation_duration: 1}
$data merge entity $(bone_planks) {transformation: [-0.8641f,0.4887f,0.1206f,0.402f,0.5009f,0.8585f,0.11f,1.7974f,-0.0497f,0.1555f,-0.9866f,-0.2861f,0f,0f,0f,1f],start_interpolation: 0,interpolation_duration: 1}
$data merge entity $(bone_lefthand1) {transformation: [-0.8641f,0.4887f,0.1206f,0.8175f,0.5009f,0.8585f,0.11f,1.8364f,-0.0497f,0.1555f,-0.9866f,-0.1994f,0f,0f,0f,1f],start_interpolation: 0,interpolation_duration: 1}
$data merge entity $(bone_leftforearm) {transformation: [-0.0435f,0.8411f,0.5391f,1.4157f,0.6961f,0.4126f,-0.5875f,2.2018f,-0.7166f,0.3497f,-0.6034f,-0.0201f,0f,0f,0f,1f],start_interpolation: 0,interpolation_duration: 1}
$data merge entity $(bone_leftelbow) {transformation: [-0.0435f,0.8411f,0.5391f,1.5734f,0.6961f,0.4126f,-0.5875f,2.2792f,-0.7166f,0.3497f,-0.6034f,0.0454f,0f,0f,0f,1f],start_interpolation: 0,interpolation_duration: 1}
$data merge entity $(bone_leftarm) {transformation: [-0.4334f,-0.4102f,0.8025f,0.9869f,0.6421f,0.4843f,0.5943f,2.6232f,-0.6324f,0.7728f,0.0535f,0.3584f,0f,0f,0f,1f],start_interpolation: 0,interpolation_duration: 1}
$data merge entity $(bone_rightthumb2) {transformation: [-0.8295f,0.0089f,-0.5585f,-0.6552f,-0.3196f,0.8125f,0.4876f,1.9976f,0.4581f,0.5829f,-0.6711f,0.0013f,0f,0f,0f,1f],start_interpolation: 0,interpolation_duration: 1}
$data merge entity $(bone_rightthumb) {transformation: [-0.8295f,0.0089f,-0.5585f,-0.7007f,-0.3196f,0.8125f,0.4876f,2.2386f,0.4581f,0.5829f,-0.6711f,0.0869f,0f,0f,0f,1f],start_interpolation: 0,interpolation_duration: 1}
$data merge entity $(bone_rightpointerfinger) {transformation: [-0.6046f,-0.568f,-0.5585f,-0.8205f,-0.7932f,0.3649f,0.4876f,1.9599f,-0.0732f,0.7377f,-0.6711f,-0.0857f,0f,0f,0f,1f],start_interpolation: 0,interpolation_duration: 1}
$data merge entity $(bone_rightmidfinger) {transformation: [-0.5792f,-0.5938f,-0.5585f,-0.9078f,-0.8083f,0.3299f,0.4876f,2.0361f,-0.1053f,0.7339f,-0.6711f,-0.1906f,0f,0f,0f,1f],start_interpolation: 0,interpolation_duration: 1}
$data merge entity $(bone_rightringfinger) {transformation: [-0.6249f,-0.5455f,-0.5585f,-0.995f,-0.7793f,0.3936f,0.4876f,2.1122f,-0.0462f,0.7399f,-0.6711f,-0.2955f,0f,0f,0f,1f],start_interpolation: 0,interpolation_duration: 1}
$data merge entity $(bone_hugeasssword) {transformation: [-3.2488f,0.0349f,-2.1873f,-0.6769f,-1.2516f,3.1822f,1.9098f,2.2784f,1.7941f,2.2831f,-2.6285f,-0.1834f,0f,0f,0f,1f],start_interpolation: 0,interpolation_duration: 1}
$data merge entity $(bone_ice) {transformation: [-0.8295f,0.0089f,-0.5585f,-0.6641f,-0.3196f,0.8125f,0.4876f,2.2707f,0.4581f,0.5829f,-0.6711f,-0.1996f,0f,0f,0f,1f],start_interpolation: 0,interpolation_duration: 1}
$data merge entity $(bone_righthand1) {transformation: [-0.8295f,0.0089f,-0.5585f,-0.8867f,-0.3196f,0.8125f,0.4876f,2.4091f,0.4581f,0.5829f,-0.6711f,0.0396f,0f,0f,0f,1f],start_interpolation: 0,interpolation_duration: 1}
$data merge entity $(bone_rightforearm) {transformation: [-0.3699f,-0.693f,-0.6188f,-1.3002f,-0.5781f,0.6931f,-0.4306f,2.9586f,0.7273f,0.1984f,-0.657f,0.1658f,0f,0f,0f,1f],start_interpolation: 0,interpolation_duration: 1}
$data merge entity $(bone_rightelbow) {transformation: [-0.3699f,-0.693f,-0.6188f,-1.4301f,-0.5781f,0.6931f,-0.4306f,3.0886f,0.7273f,0.1984f,-0.657f,0.203f,0f,0f,0f,1f],start_interpolation: 0,interpolation_duration: 1}
$data merge entity $(bone_rightarm) {transformation: [-0.7554f,0.6547f,0.027f,-0.7518f,-0.2392f,-0.3138f,0.9189f,2.7577f,0.61f,0.6877f,0.3937f,0.4432f,0f,0f,0f,1f],start_interpolation: 0,interpolation_duration: 1}
$data merge entity $(bone_chest1) {transformation: [-1.0809f,0.0714f,0.0155f,0.0976f,0.0585f,0.7088f,0.8172f,2.5315f,0.0437f,0.8162f,-0.711f,0.3062f,0f,0f,0f,1f],start_interpolation: 0,interpolation_duration: 1}
$data merge entity $(bone_chest1lid) {transformation: [-0.9977f,0.0659f,0.0143f,-0.2937f,0.054f,0.6543f,0.7543f,1.8076f,0.0403f,0.7534f,-0.6563f,0.0619f,0f,0f,0f,1f],start_interpolation: 0,interpolation_duration: 1}
$data merge entity $(bone_chest2) {transformation: [-0.9977f,0.0659f,0.0143f,-0.304f,0.054f,0.6543f,0.7543f,1.7053f,0.0403f,0.7534f,-0.6563f,-0.0558f,0f,0f,0f,1f],start_interpolation: 0,interpolation_duration: 1}
$data merge entity $(bone_chest1lid3) {transformation: [-0.9977f,0.0659f,0.0143f,-0.2222f,0.054f,0.6543f,0.7543f,2.2874f,0.0403f,0.7534f,-0.6563f,-0.3611f,0f,0f,0f,1f],start_interpolation: 0,interpolation_duration: 1}
$data merge entity $(bone_chest3) {transformation: [-0.9977f,0.0659f,0.0143f,-0.2325f,0.054f,0.6543f,0.7543f,2.1852f,0.0403f,0.7534f,-0.6563f,-0.4788f,0f,0f,0f,1f],start_interpolation: 0,interpolation_duration: 1}
$data merge entity $(bone_hugeasssword2) {transformation: [-0.0562f,3.0554f,-2.4498f,-1.0515f,-2.9545f,1.5752f,2.0323f,3.557f,2.5707f,1.8771f,2.2822f,1.0562f,0f,0f,0f,1f],start_interpolation: 0,interpolation_duration: 1}
$data merge entity $(bone_belt) {transformation: [-0.9977f,0.0659f,0.0143f,0.1014f,0.054f,0.6543f,0.7543f,2.1704f,0.0403f,0.7534f,-0.6563f,0.0908f,0f,0f,0f,1f],start_interpolation: 0,interpolation_duration: 1}
$data merge entity $(bone_torn_part) {transformation: [-0.961f,0.1191f,0.2494f,-0.1486f,0.214f,0.8918f,0.3986f,1.8811f,-0.175f,0.4364f,-0.8826f,-0.0325f,0f,0f,0f,1f],start_interpolation: 0,interpolation_duration: 1}
$data merge entity $(bone_lowerbody) {transformation: [-0.961f,0.1886f,0.2021f,-0.1752f,0.214f,0.9704f,0.112f,1.3706f,-0.175f,0.1509f,-0.9729f,0.0477f,0f,0f,0f,1f],start_interpolation: 0,interpolation_duration: 1}
$data merge entity $(bone_leftfoot) {transformation: [-0.9154f,-0.1313f,-0.3806f,0.4174f,-0.3702f,0.6459f,0.6676f,0.2909f,0.1582f,0.752f,-0.6399f,0.0027f,0f,0f,0f,1f],start_interpolation: 0,interpolation_duration: 1}
$data merge entity $(bone_leftlowerleg) {transformation: [-0.9154f,-0.1313f,-0.3806f,0.3302f,-0.3702f,0.6459f,0.6676f,0.9049f,0.1582f,0.752f,-0.6399f,0.9353f,0f,0f,0f,1f],start_interpolation: 0,interpolation_duration: 1}
$data merge entity $(bone_leftleg) {transformation: [-0.9695f,-0.1912f,0.1532f,0.1473f,-0.2247f,0.444f,-0.8674f,1.266f,0.0979f,-0.8754f,-0.4734f,0.1707f,0f,0f,0f,1f],start_interpolation: 0,interpolation_duration: 1}
$data merge entity $(bone_rightfoot) {transformation: [-0.9357f,0.0385f,0.3508f,-0.495f,0.281f,0.6827f,0.6746f,0.3936f,-0.2136f,0.7297f,-0.6495f,-0.061f,0f,0f,0f,1f],start_interpolation: 0,interpolation_duration: 1}
$data merge entity $(bone_rightlowerleg) {transformation: [-0.9357f,0.0385f,0.3508f,-0.5063f,0.281f,0.6827f,0.6746f,1.0473f,-0.2136f,0.7297f,-0.6495f,0.8483f,0f,0f,0f,1f],start_interpolation: 0,interpolation_duration: 1}
$data merge entity $(bone_rightleg) {transformation: [-0.983f,0.1022f,-0.1528f,-0.4161f,0.1825f,0.4421f,-0.8782f,1.407f,-0.0222f,-0.8911f,-0.4532f,0.0583f,0f,0f,0f,1f],start_interpolation: 0,interpolation_duration: 1}
data modify entity @s data merge value {"cameras":{},"locators":{"lefthand":{"posx":0.524000964284747,"posy":1.6346484335802611,"posz":-0.27355051046289003,"roty":6.966943719910319,"rotx":6.317952616693921},"sword":{"posx":1.3260560907336105,"posy":0.4223659395346666,"posz":2.319347104241027,"roty":320.2340941087716,"rotx":29.18281886350486},"righthand":{"posx":-0.7332661441952331,"posy":2.2203831085152665,"posz":-0.15532104376966482,"roty":320.2340941087716,"rotx":29.18281886350486},"chest":{"posx":-0.3312601574400181,"posy":1.650496725086909,"posz":0.11865016196387884,"roty":1.2522389517688453,"rotx":48.966843760831004}}}