# This file was generated by Animated Java via MC-Build. It is not recommended to edit this file directly.
$data merge entity $(bone_nose) {transformation: [-0.9995f,-0.012f,0.0275f,0.0636f,0.0116f,0.692f,0.7218f,2.9846f,-0.0277f,0.7218f,-0.6915f,1.0848f,0f,0f,0f,1f],start_interpolation: 0,interpolation_duration: 1}
$data merge entity $(bone_glowing_eye) {transformation: [-0.9995f,-0.012f,0.0275f,-0.0631f,0.0116f,0.692f,0.7218f,3.0077f,-0.0277f,0.7218f,-0.6915f,1.1543f,0f,0f,0f,1f],start_interpolation: 0,interpolation_duration: 1}
$data merge entity $(bone_head) {transformation: [-0.9995f,-0.012f,0.0275f,0.0703f,0.0116f,0.692f,0.7218f,3.0343f,-0.0277f,0.7218f,-0.6915f,0.8662f,0f,0f,0f,1f],start_interpolation: 0,interpolation_duration: 1}
$data merge entity $(bone_leftthumb2) {transformation: [-0.9343f,0.2948f,0.2003f,0.6996f,0.3214f,0.9398f,0.1159f,1.6218f,-0.154f,0.1726f,-0.9729f,0.0803f,0f,0f,0f,1f],start_interpolation: 0,interpolation_duration: 1}
$data merge entity $(bone_leftthumb) {transformation: [-0.9343f,0.2948f,0.2003f,0.789f,0.3214f,0.9398f,0.1159f,1.8622f,-0.154f,0.1726f,-0.9729f,0.0395f,0f,0f,0f,1f],start_interpolation: 0,interpolation_duration: 1}
$data merge entity $(bone_leftpointerfinger) {transformation: [-0.2767f,0.9399f,0.2003f,0.8039f,0.9593f,0.2577f,0.1159f,1.5241f,0.0573f,0.2242f,-0.9729f,-0.0459f,0f,0f,0f,1f],start_interpolation: 0,interpolation_duration: 1}
$data merge entity $(bone_leftmidfinger) {transformation: [-0.3941f,0.897f,0.2003f,0.8352f,0.9186f,0.3777f,0.1159f,1.5422f,0.0283f,0.2296f,-0.9729f,-0.1979f,0f,0f,0f,1f],start_interpolation: 0,interpolation_duration: 1}
$data merge entity $(bone_leftringfinger) {transformation: [-0.3941f,0.897f,0.2003f,0.8665f,0.9186f,0.3777f,0.1159f,1.5603f,0.0283f,0.2296f,-0.9729f,-0.3499f,0f,0f,0f,1f],start_interpolation: 0,interpolation_duration: 1}
$data merge entity $(bone_invisibility) {transformation: [0.3111f,-0.1738f,0.9343f,0.6547f,0.9464f,-0.0335f,-0.3214f,1.6835f,0.0872f,0.9842f,0.154f,-0.0255f,0f,0f,0f,1f],start_interpolation: 0,interpolation_duration: 1}
$data merge entity $(bone_swiftness) {transformation: [0.2003f,0.2948f,0.9343f,0.6036f,0.1159f,0.9398f,-0.3214f,1.5947f,-0.9729f,0.1726f,0.154f,-0.2393f,0f,0f,0f,1f],start_interpolation: 0,interpolation_duration: 1}
$data merge entity $(bone_suspicious_stew) {transformation: [0.3518f,-0.0569f,0.9343f,0.6784f,0.9008f,0.2922f,-0.3214f,1.6612f,-0.2547f,0.9547f,0.154f,-0.216f,0f,0f,0f,1f],start_interpolation: 0,interpolation_duration: 1}
$data merge entity $(bone_log) {transformation: [-0.9343f,0.2948f,0.2003f,0.637f,0.3214f,0.9398f,0.1159f,1.8142f,-0.154f,0.1726f,-0.9729f,-0.2545f,0f,0f,0f,1f],start_interpolation: 0,interpolation_duration: 1}
$data merge entity $(bone_planks) {transformation: [-0.9343f,0.2948f,0.2003f,0.5495f,0.3214f,0.9398f,0.1159f,1.8443f,-0.154f,0.1726f,-0.9729f,-0.2689f,0f,0f,0f,1f],start_interpolation: 0,interpolation_duration: 1}
$data merge entity $(bone_lefthand1) {transformation: [-0.9343f,0.2948f,0.2003f,0.9381f,0.3214f,0.9398f,0.1159f,1.9652f,-0.154f,0.1726f,-0.9729f,-0.1424f,0f,0f,0f,1f],start_interpolation: 0,interpolation_duration: 1}
$data merge entity $(bone_leftforearm) {transformation: [-0.1722f,0.727f,0.6647f,1.4413f,0.6897f,0.5707f,-0.4456f,2.4429f,-0.7033f,0.3817f,-0.5997f,0.0639f,0f,0f,0f,1f],start_interpolation: 0,interpolation_duration: 1}
$data merge entity $(bone_leftelbow) {transformation: [-0.1722f,0.727f,0.6647f,1.5776f,0.6897f,0.5707f,-0.4456f,2.5499f,-0.7033f,0.3817f,-0.5997f,0.1355f,0f,0f,0f,1f],start_interpolation: 0,interpolation_duration: 1}
$data merge entity $(bone_leftarm) {transformation: [-0.5375f,-0.4944f,0.6832f,0.9432f,0.56f,0.3965f,0.7275f,2.7787f,-0.6305f,0.7735f,0.0637f,0.4426f,0f,0f,0f,1f],start_interpolation: 0,interpolation_duration: 1}
$data merge entity $(bone_rightthumb2) {transformation: [-0.7735f,-0.1561f,-0.6143f,-0.5657f,-0.4627f,0.8015f,0.3789f,2.0863f,0.4332f,0.5772f,-0.6922f,-0.046f,0f,0f,0f,1f],start_interpolation: 0,interpolation_duration: 1}
$data merge entity $(bone_rightthumb) {transformation: [-0.7735f,-0.1561f,-0.6143f,-0.6565f,-0.4627f,0.8015f,0.3789f,2.3153f,0.4332f,0.5772f,-0.6922f,0.0364f,0f,0f,0f,1f],start_interpolation: 0,interpolation_duration: 1}
$data merge entity $(bone_rightpointerfinger) {transformation: [-0.4399f,-0.6551f,-0.6143f,-0.7187f,-0.8926f,0.2442f,0.3789f,2.0194f,-0.0982f,0.715f,-0.6922f,-0.1381f,0f,0f,0f,1f],start_interpolation: 0,interpolation_duration: 1}
$data merge entity $(bone_rightmidfinger) {transformation: [-0.4109f,-0.6736f,-0.6143f,-0.8147f,-0.9025f,0.2051f,0.3789f,2.0786f,-0.1293f,0.71f,-0.6922f,-0.2462f,0f,0f,0f,1f],start_interpolation: 0,interpolation_duration: 1}
$data merge entity $(bone_rightringfinger) {transformation: [-0.4646f,-0.6378f,-0.6143f,-0.9107f,-0.8827f,0.2781f,0.3789f,2.1378f,-0.0708f,0.7182f,-0.6922f,-0.3544f,0f,0f,0f,1f],start_interpolation: 0,interpolation_duration: 1}
$data merge entity $(bone_hugeasssword) {transformation: [-3.0295f,-0.6115f,-2.4059f,-0.6313f,-1.8121f,3.1392f,1.4838f,2.3584f,1.6966f,2.2609f,-2.7111f,-0.2332f,0f,0f,0f,1f],start_interpolation: 0,interpolation_duration: 1}
$data merge entity $(bone_ice) {transformation: [-0.7735f,-0.1561f,-0.6143f,-0.6168f,-0.4627f,0.8015f,0.3789f,2.3531f,0.4332f,0.5772f,-0.6922f,-0.249f,0f,0f,0f,1f],start_interpolation: 0,interpolation_duration: 1}
$data merge entity $(bone_righthand1) {transformation: [-0.7735f,-0.1561f,-0.6143f,-0.8684f,-0.4627f,0.8015f,0.3789f,2.4496f,0.4332f,0.5772f,-0.6922f,-0.018f,0f,0f,0f,1f],start_interpolation: 0,interpolation_duration: 1}
$data merge entity $(bone_rightforearm) {transformation: [-0.3151f,-0.7829f,-0.5364f,-1.3561f,-0.627f,0.596f,-0.5016f,2.9385f,0.7124f,0.1783f,-0.6787f,0.096f,0f,0f,0f,1f],start_interpolation: 0,interpolation_duration: 1}
$data merge entity $(bone_rightelbow) {transformation: [-0.3151f,-0.7829f,-0.5364f,-1.5029f,-0.627f,0.596f,-0.5016f,3.0503f,0.7124f,0.1783f,-0.6787f,0.1294f,0f,0f,0f,1f],start_interpolation: 0,interpolation_duration: 1}
$data merge entity $(bone_rightarm) {transformation: [-0.7352f,0.6612f,-0.1494f,-0.7972f,-0.3523f,-0.1843f,0.9176f,2.8424f,0.5791f,0.7272f,0.3685f,0.4064f,0f,0f,0f,1f],start_interpolation: 0,interpolation_duration: 1}
$data merge entity $(bone_chest1) {transformation: [-1.0828f,-0.013f,0.0298f,0.0781f,0.0126f,0.7496f,0.782f,2.6389f,-0.03f,0.782f,-0.7491f,0.3357f,0f,0f,0f,1f],start_interpolation: 0,interpolation_duration: 1}
$data merge entity $(bone_chest1lid) {transformation: [-0.9995f,-0.012f,0.0275f,-0.2658f,0.0116f,0.692f,0.7218f,1.8875f,-0.0277f,0.7218f,-0.6915f,0.1035f,0f,0f,0f,1f],start_interpolation: 0,interpolation_duration: 1}
$data merge entity $(bone_chest2) {transformation: [-0.9995f,-0.012f,0.0275f,-0.2639f,0.0116f,0.692f,0.7218f,1.7794f,-0.0277f,0.7218f,-0.6915f,-0.0093f,0f,0f,0f,1f],start_interpolation: 0,interpolation_duration: 1}
$data merge entity $(bone_chest1lid3) {transformation: [-0.9995f,-0.012f,0.0275f,-0.1857f,0.0116f,0.692f,0.7218f,2.3492f,-0.0277f,0.7218f,-0.6915f,-0.3378f,0f,0f,0f,1f],start_interpolation: 0,interpolation_duration: 1}
$data merge entity $(bone_chest3) {transformation: [-0.9995f,-0.012f,0.0275f,-0.1838f,0.0116f,0.692f,0.7218f,2.2411f,-0.0277f,0.7218f,-0.6915f,-0.4506f,0f,0f,0f,1f],start_interpolation: 0,interpolation_duration: 1}
$data merge entity $(bone_hugeasssword2) {transformation: [-0.1079f,2.8547f,-2.6795f,-1.16f,-2.8272f,1.7975f,2.0289f,3.6473f,2.7085f,1.99f,2.0111f,0.9559f,0f,0f,0f,1f],start_interpolation: 0,interpolation_duration: 1}
$data merge entity $(bone_belt) {transformation: [-0.9995f,-0.012f,0.0275f,0.1112f,0.0116f,0.692f,0.7218f,2.2684f,-0.0277f,0.7218f,-0.6915f,0.1396f,0f,0f,0f,1f],start_interpolation: 0,interpolation_duration: 1}
$data merge entity $(bone_torn_part) {transformation: [-0.9374f,-0.019f,0.3478f,-0.0445f,0.1519f,0.8763f,0.4573f,1.9829f,-0.3135f,0.4815f,-0.8185f,-0.0294f,0f,0f,0f,1f],start_interpolation: 0,interpolation_duration: 1}
$data merge entity $(bone_lowerbody) {transformation: [-0.9374f,0.0864f,0.3374f,-0.0426f,0.1519f,0.9732f,0.1726f,1.4686f,-0.3135f,0.2131f,-0.9254f,0.0273f,0f,0f,0f,1f],start_interpolation: 0,interpolation_duration: 1}
$data merge entity $(bone_leftfoot) {transformation: [-0.9565f,-0.1983f,-0.2138f,0.4629f,-0.2916f,0.6429f,0.7083f,0.3109f,-0.003f,0.7399f,-0.6728f,-0.0139f,0f,0f,0f,1f],start_interpolation: 0,interpolation_duration: 1}
$data merge entity $(bone_leftlowerleg) {transformation: [-0.9565f,-0.1983f,-0.2138f,0.2757f,-0.2916f,0.6429f,0.7083f,0.9152f,-0.003f,0.7399f,-0.6728f,0.9102f,0f,0f,0f,1f],start_interpolation: 0,interpolation_duration: 1}
$data merge entity $(bone_leftleg) {transformation: [-0.9905f,-0.0255f,0.1348f,0.2321f,-0.1265f,0.5497f,-0.8258f,1.3826f,-0.053f,-0.835f,-0.5477f,0.1777f,0f,0f,0f,1f],start_interpolation: 0,interpolation_duration: 1}
$data merge entity $(bone_rightfoot) {transformation: [-0.932f,0.0591f,0.3576f,-0.4799f,0.2815f,0.7396f,0.6114f,0.3363f,-0.2283f,0.6705f,-0.706f,-0.1097f,0f,0f,0f,1f],start_interpolation: 0,interpolation_duration: 1}
$data merge entity $(bone_rightlowerleg) {transformation: [-0.932f,0.0591f,0.3576f,-0.4692f,0.2815f,0.7396f,0.6114f,1.0629f,-0.2283f,0.6705f,-0.706f,0.7426f,0f,0f,0f,1f],start_interpolation: 0,interpolation_duration: 1}
$data merge entity $(bone_rightleg) {transformation: [-0.9742f,0.1825f,-0.1331f,-0.2978f,0.2079f,0.4939f,-0.8443f,1.4842f,-0.0883f,-0.8502f,-0.519f,-0.0058f,0f,0f,0f,1f],start_interpolation: 0,interpolation_duration: 1}
data modify entity @s data merge value {"cameras":{},"locators":{"lefthand":{"posx":0.6984801385519045,"posy":1.7088378743316832,"posz":-0.23830731872483935,"roty":11.63183502806828,"rotx":6.655166971091445},"sword":{"posx":1.5878304695413026,"posy":0.8942535829925957,"posz":2.345891038721205,"roty":318.413760175556,"rotx":22.262691261527685},"righthand":{"posx":-0.6772852863787675,"posy":2.291276304025209,"posz":-0.20660467708348446,"roty":318.413760175556,"rotx":22.262691261527685},"chest":{"posx":-0.3005910889302663,"posy":1.73181535951003,"posz":0.16556868258478463,"roty":2.280683604875321,"rotx":46.20575429861461}}}