# This file was generated by Animated Java via MC-Build. It is not recommended to edit this file directly.
$data merge entity $(bone_nose) {transformation: [-0.9998f,-0.0119f,0.0137f,-0.0379f,-0.0003f,0.7638f,0.6454f,3.2049f,-0.0182f,0.6453f,-0.7637f,0.9377f,0f,0f,0f,1f],start_interpolation: 0,interpolation_duration: 1}
$data merge entity $(bone_glowing_eye) {transformation: [-0.9998f,-0.0119f,0.0137f,-0.1642f,-0.0003f,0.7638f,0.6454f,3.234f,-0.0182f,0.6453f,-0.7637f,1.0058f,0f,0f,0f,1f],start_interpolation: 0,interpolation_duration: 1}
$data merge entity $(bone_head) {transformation: [-0.9998f,-0.0119f,0.0137f,-0.0339f,-0.0003f,0.7638f,0.6454f,3.2314f,-0.0182f,0.6453f,-0.7637f,0.715f,0f,0f,0f,1f],start_interpolation: 0,interpolation_duration: 1}
$data merge entity $(bone_leftthumb2) {transformation: [-0.9802f,0.0846f,0.1793f,0.8205f,0.0721f,0.9946f,-0.0753f,1.848f,-0.1847f,-0.0609f,-0.9809f,0.1753f,0f,0f,0f,1f],start_interpolation: 0,interpolation_duration: 1}
$data merge entity $(bone_leftthumb) {transformation: [-0.9802f,0.0846f,0.1793f,0.8566f,0.0721f,0.9946f,-0.0753f,2.0854f,-0.1847f,-0.0609f,-0.9809f,0.0766f,0f,0f,0f,1f],start_interpolation: 0,interpolation_duration: 1}
$data merge entity $(bone_leftpointerfinger) {transformation: [-0.4708f,0.8639f,0.1793f,0.9445f,0.8689f,0.4892f,-0.0753f,1.7477f,-0.1527f,0.1203f,-0.9809f,0.0707f,0f,0f,0f,1f],start_interpolation: 0,interpolation_duration: 1}
$data merge entity $(bone_leftmidfinger) {transformation: [-0.5776f,0.7964f,0.1793f,0.9725f,0.7991f,0.5965f,-0.0753f,1.7359f,-0.1669f,0.0998f,-0.9809f,-0.0825f,0f,0f,0f,1f],start_interpolation: 0,interpolation_duration: 1}
$data merge entity $(bone_leftringfinger) {transformation: [-0.5776f,0.7964f,0.1793f,1.0005f,0.7991f,0.5965f,-0.0753f,1.7242f,-0.1669f,0.0998f,-0.9809f,-0.2358f,0f,0f,0f,1f],start_interpolation: 0,interpolation_duration: 1}
$data merge entity $(bone_invisibility) {transformation: [0.0999f,-0.1712f,0.9802f,0.7643f,0.9842f,0.1617f,-0.0721f,1.8723f,-0.1461f,0.9719f,0.1847f,0.0601f,0f,0f,0f,1f],start_interpolation: 0,interpolation_duration: 1}
$data merge entity $(bone_swiftness) {transformation: [0.1793f,0.0846f,0.9802f,0.7354f,-0.0753f,0.9946f,-0.0721f,1.7273f,-0.9809f,-0.0609f,0.1847f,-0.1252f,0f,0f,0f,1f],start_interpolation: 0,interpolation_duration: 1}
$data merge entity $(bone_suspicious_stew) {transformation: [0.1525f,-0.1267f,0.9802f,0.794f,0.8696f,0.4885f,-0.0721f,1.8116f,-0.4697f,0.8633f,0.1847f,-0.121f,0f,0f,0f,1f],start_interpolation: 0,interpolation_duration: 1}
$data merge entity $(bone_log) {transformation: [-0.9802f,0.0846f,0.1793f,0.7211f,0.0721f,0.9946f,-0.0753f,1.9392f,-0.1847f,-0.0609f,-0.9809f,-0.1919f,0f,0f,0f,1f],start_interpolation: 0,interpolation_duration: 1}
$data merge entity $(bone_planks) {transformation: [-0.9802f,0.0846f,0.1793f,0.6292f,0.0721f,0.9946f,-0.0753f,1.9459f,-0.1847f,-0.0609f,-0.9809f,-0.2092f,0f,0f,0f,1f],start_interpolation: 0,interpolation_duration: 1}
$data merge entity $(bone_lefthand1) {transformation: [-0.9802f,0.0846f,0.1793f,0.9817f,0.0721f,0.9946f,-0.0753f,2.1721f,-0.1847f,-0.0609f,-0.9809f,-0.1303f,0f,0f,0f,1f],start_interpolation: 0,interpolation_duration: 1}
$data merge entity $(bone_leftforearm) {transformation: [-0.4096f,0.625f,0.6646f,1.3876f,0.4908f,0.765f,-0.4169f,2.7705f,-0.769f,0.1554f,-0.6201f,-0.0883f,0f,0f,0f,1f],start_interpolation: 0,interpolation_duration: 1}
$data merge entity $(bone_leftelbow) {transformation: [-0.4096f,0.625f,0.6646f,1.5048f,0.4908f,0.765f,-0.4169f,2.914f,-0.769f,0.1554f,-0.6201f,-0.0592f,0f,0f,0f,1f],start_interpolation: 0,interpolation_duration: 1}
$data merge entity $(bone_leftarm) {transformation: [-0.7443f,-0.555f,0.3715f,0.8227f,0.2693f,0.2596f,0.9274f,2.932f,-0.6111f,0.7903f,-0.0437f,0.3145f,0f,0f,0f,1f],start_interpolation: 0,interpolation_duration: 1}
$data merge entity $(bone_rightthumb2) {transformation: [-0.7016f,-0.1939f,-0.6857f,-0.6717f,-0.4031f,0.9015f,0.1575f,2.0484f,0.5876f,0.3869f,-0.7106f,-0.0701f,0f,0f,0f,1f],start_interpolation: 0,interpolation_duration: 1}
$data merge entity $(bone_rightthumb) {transformation: [-0.7016f,-0.1939f,-0.6857f,-0.7778f,-0.4031f,0.9015f,0.1575f,2.283f,0.5876f,0.3869f,-0.7106f,-0.0359f,0f,0f,0f,1f],start_interpolation: 0,interpolation_duration: 1}
$data merge entity $(bone_rightpointerfinger) {transformation: [-0.3538f,-0.6361f,-0.6857f,-0.8231f,-0.9253f,0.3449f,0.1575f,1.9504f,0.1363f,0.6902f,-0.7106f,-0.1319f,0f,0f,0f,1f],start_interpolation: 0,interpolation_duration: 1}
$data merge entity $(bone_rightmidfinger) {transformation: [-0.3257f,-0.651f,-0.6857f,-0.9302f,-0.9395f,0.3042f,0.1575f,1.9751f,0.106f,0.6955f,-0.7106f,-0.243f,0f,0f,0f,1f],start_interpolation: 0,interpolation_duration: 1}
$data merge entity $(bone_rightringfinger) {transformation: [-0.3788f,-0.6216f,-0.6857f,-1.0373f,-0.9109f,0.3813f,0.1575f,1.9997f,0.1635f,0.6843f,-0.7106f,-0.354f,0f,0f,0f,1f],start_interpolation: 0,interpolation_duration: 1}
$data merge entity $(bone_hugeasssword) {transformation: [-2.7479f,-0.7594f,-2.6856f,-0.7725f,-1.5787f,3.5309f,0.617f,2.2628f,2.3015f,1.5154f,-2.7834f,-0.3093f,0f,0f,0f,1f],start_interpolation: 0,interpolation_duration: 1}
$data merge entity $(bone_ice) {transformation: [-0.7016f,-0.1939f,-0.6857f,-0.7585f,-0.4031f,0.9015f,0.1575f,2.255f,0.5876f,0.3869f,-0.7106f,-0.3246f,0f,0f,0f,1f],start_interpolation: 0,interpolation_duration: 1}
$data merge entity $(bone_righthand1) {transformation: [-0.7016f,-0.1939f,-0.6857f,-1.0038f,-0.4031f,0.9015f,0.1575f,2.3845f,0.5876f,0.3869f,-0.7106f,-0.1031f,0f,0f,0f,1f],start_interpolation: 0,interpolation_duration: 1}
$data merge entity $(bone_rightforearm) {transformation: [-0.3041f,-0.7378f,-0.6026f,-1.4641f,-0.5f,0.662f,-0.5583f,2.9133f,0.8109f,0.1315f,-0.5703f,-0.0397f,0f,0f,0f,1f],start_interpolation: 0,interpolation_duration: 1}
$data merge entity $(bone_rightelbow) {transformation: [-0.3041f,-0.7378f,-0.6026f,-1.6024f,-0.5f,0.662f,-0.5583f,3.0374f,0.8109f,0.1315f,-0.5703f,-0.015f,0f,0f,0f,1f],start_interpolation: 0,interpolation_duration: 1}
$data merge entity $(bone_rightarm) {transformation: [-0.7085f,0.6639f,-0.2394f,-0.904f,-0.2662f,0.0629f,0.9619f,2.9593f,0.6536f,0.7452f,0.1322f,0.2832f,0f,0f,0f,1f],start_interpolation: 0,interpolation_duration: 1}
$data merge entity $(bone_chest1) {transformation: [-1.0832f,-0.0129f,0.0149f,-0.0272f,-0.0003f,0.8275f,0.6992f,2.7826f,-0.0197f,0.6991f,-0.8273f,0.2289f,0f,0f,0f,1f],start_interpolation: 0,interpolation_duration: 1}
$data merge entity $(bone_chest1lid) {transformation: [-0.9998f,-0.0119f,0.0137f,-0.3658f,-0.0003f,0.7638f,0.6454f,2.0079f,-0.0182f,0.6453f,-0.7637f,0.0805f,0f,0f,0f,1f],start_interpolation: 0,interpolation_duration: 1}
$data merge entity $(bone_chest2) {transformation: [-0.9998f,-0.0119f,0.0137f,-0.364f,-0.0003f,0.7638f,0.6454f,1.8885f,-0.0182f,0.6453f,-0.7637f,-0.0203f,0f,0f,0f,1f],start_interpolation: 0,interpolation_duration: 1}
$data merge entity $(bone_chest1lid3) {transformation: [-0.9998f,-0.0119f,0.0137f,-0.2945f,-0.0003f,0.7638f,0.6454f,2.4214f,-0.0182f,0.6453f,-0.7637f,-0.4076f,0f,0f,0f,1f],start_interpolation: 0,interpolation_duration: 1}
$data merge entity $(bone_chest3) {transformation: [-0.9998f,-0.0119f,0.0137f,-0.2927f,-0.0003f,0.7638f,0.6454f,2.302f,-0.0182f,0.6453f,-0.7637f,-0.5085f,0f,0f,0f,1f],start_interpolation: 0,interpolation_duration: 1}
$data merge entity $(bone_hugeasssword2) {transformation: [-0.0538f,2.8556f,-2.6801f,-1.2693f,-2.5279f,2.0219f,2.205f,3.8395f,2.9912f,1.7601f,1.8153f,0.7529f,0f,0f,0f,1f],start_interpolation: 0,interpolation_duration: 1}
$data merge entity $(bone_belt) {transformation: [-0.9998f,-0.0119f,0.0137f,0.0077f,-0.0003f,0.7638f,0.6454f,2.3939f,-0.0182f,0.6453f,-0.7637f,0.0724f,0f,0f,0f,1f],start_interpolation: 0,interpolation_duration: 1}
$data merge entity $(bone_torn_part) {transformation: [-0.8815f,-0.3262f,0.3415f,0.049f,-0.0999f,0.8355f,0.5403f,2.0716f,-0.4616f,0.4421f,-0.7691f,-0.0406f,0f,0f,0f,1f],start_interpolation: 0,interpolation_duration: 1}
$data merge entity $(bone_lowerbody) {transformation: [-0.8815f,-0.2084f,0.4238f,0.1772f,-0.0999f,0.9593f,0.264f,1.5758f,-0.4616f,0.1904f,-0.8664f,0.0334f,0f,0f,0f,1f],start_interpolation: 0,interpolation_duration: 1}
$data merge entity $(bone_leftfoot) {transformation: [-0.9644f,-0.2638f,-0.0172f,0.4961f,-0.1906f,0.6489f,0.7367f,0.3797f,-0.1832f,0.7137f,-0.676f,-0.0745f,0f,0f,0f,1f],start_interpolation: 0,interpolation_duration: 1}
$data merge entity $(bone_leftlowerleg) {transformation: [-0.9644f,-0.2638f,-0.0172f,0.2061f,-0.1906f,0.6489f,0.7367f,0.9863f,-0.1832f,0.7137f,-0.676f,0.8212f,0f,0f,0f,1f],start_interpolation: 0,interpolation_duration: 1}
$data merge entity $(bone_leftleg) {transformation: [-0.9625f,0.1979f,0.1858f,0.3626f,-0.0074f,0.6649f,-0.7469f,1.5746f,-0.2713f,-0.7202f,-0.6385f,0.1844f,0f,0f,0f,1f],start_interpolation: 0,interpolation_duration: 1}
$data merge entity $(bone_rightfoot) {transformation: [-0.925f,0.1569f,0.3459f,-0.4711f,0.3403f,0.747f,0.5712f,0.2776f,-0.1687f,0.6461f,-0.7444f,-0.202f,0f,0f,0f,1f],start_interpolation: 0,interpolation_duration: 1}
$data merge entity $(bone_rightlowerleg) {transformation: [-0.925f,0.1569f,0.3459f,-0.3502f,0.3403f,0.747f,0.5712f,1.0185f,-0.1687f,0.6461f,-0.7444f,0.6291f,0f,0f,0f,1f],start_interpolation: 0,interpolation_duration: 1}
$data merge entity $(bone_rightleg) {transformation: [-0.9685f,0.2371f,-0.076f,-0.1115f,0.1992f,0.5547f,-0.8079f,1.5104f,-0.1494f,-0.7975f,-0.5845f,-0.0618f,0f,0f,0f,1f],start_interpolation: 0,interpolation_duration: 1}
data modify entity @s data merge value {"cameras":{},"locators":{"lefthand":{"posx":0.8035503772705683,"posy":1.855869088840643,"posz":-0.15446084616118863,"roty":10.356671676044328,"rotx":-4.317536492748599},"sword":{"posx":1.7179117963362935,"posy":1.6197706473707763,"posz":2.3560903011155565,"roty":316.0241710108476,"rotx":9.063579581885945},"righthand":{"posx":-0.8105524851666462,"posy":2.200663922238115,"posz":-0.26442255525010594,"roty":316.0241710108476,"rotx":9.063579581885945},"chest":{"posx":-0.39847638981813877,"posy":1.8593018009867848,"posz":0.15890823265344764,"roty":1.030623710898567,"rotx":40.197555602330276}}}