# This file was generated by Animated Java via MC-Build. It is not recommended to edit this file directly.
$data merge entity $(nose) {transformation: [-0.9996f,-0.0109f,0.0257f,-0.0568f,0.0068f,0.7967f,0.6043f,3.297f,-0.027f,0.6043f,-0.7963f,0.8485f,0f,0f,0f,1f],start_interpolation: 0,interpolation_duration: 1}
$data merge entity $(glowing_eye) {transformation: [-0.9996f,-0.0109f,0.0257f,-0.1834f,0.0068f,0.7967f,0.6043f,3.3307f,-0.027f,0.6043f,-0.7963f,0.9138f,0f,0f,0f,1f],start_interpolation: 0,interpolation_duration: 1}
$data merge entity $(head) {transformation: [-0.9996f,-0.0109f,0.0257f,-0.0506f,0.0068f,0.7967f,0.6043f,3.3118f,-0.027f,0.6043f,-0.7963f,0.6248f,0f,0f,0f,1f],start_interpolation: 0,interpolation_duration: 1}
$data merge entity $(leftthumb2) {transformation: [-0.9787f,0.0234f,0.2041f,0.848f,-0.0088f,0.9879f,-0.1551f,1.9408f,-0.2053f,-0.1536f,-0.9666f,0.1934f,0f,0f,0f,1f],start_interpolation: 0,interpolation_duration: 1}
$data merge entity $(leftthumb) {transformation: [-0.9787f,0.0234f,0.2041f,0.8712f,-0.0088f,0.9879f,-0.1551f,2.1698f,-0.2053f,-0.1536f,-0.9666f,0.0731f,0f,0f,0f,1f],start_interpolation: 0,interpolation_duration: 1}
$data merge entity $(leftpointerfinger) {transformation: [-0.5185f,0.8303f,0.2041f,0.9802f,0.8204f,0.5504f,-0.1551f,1.8394f,-0.2411f,0.087f,-0.9666f,0.1007f,0f,0f,0f,1f],start_interpolation: 0,interpolation_duration: 1}
$data merge entity $(leftmidfinger) {transformation: [-0.621f,0.7568f,0.2041f,1.0121f,0.7428f,0.6513f,-0.1551f,1.8152f,-0.2503f,0.0553f,-0.9666f,-0.0504f,0f,0f,0f,1f],start_interpolation: 0,interpolation_duration: 1}
$data merge entity $(leftringfinger) {transformation: [-0.621f,0.7568f,0.2041f,1.0439f,0.7428f,0.6513f,-0.1551f,1.7909f,-0.2503f,0.0553f,-0.9666f,-0.2014f,0f,0f,0f,1f],start_interpolation: 0,interpolation_duration: 1}
$data merge entity $(invisibility) {transformation: [0.0411f,-0.2013f,0.9787f,0.7928f,0.9706f,0.2406f,0.0088f,1.9506f,-0.2373f,0.9495f,0.2053f,0.0756f,0f,0f,0f,1f],start_interpolation: 0,interpolation_duration: 1}
$data merge entity $(swiftness) {transformation: [0.2041f,0.0234f,0.9787f,0.777f,-0.1551f,0.9879f,0.0088f,1.7873f,-0.9666f,-0.1536f,0.2053f,-0.0955f,0f,0f,0f,1f],start_interpolation: 0,interpolation_duration: 1}
$data merge entity $(suspicious_stew) {transformation: [0.1074f,-0.1751f,0.9787f,0.83f,0.8297f,0.5581f,0.0088f,1.8752f,-0.5477f,0.8111f,0.2053f,-0.0984f,0f,0f,0f,1f],start_interpolation: 0,interpolation_duration: 1}
$data merge entity $(log) {transformation: [-0.9787f,0.0234f,0.2041f,0.7507f,-0.0088f,0.9879f,-0.1551f,1.9906f,-0.2053f,-0.1536f,-0.9666f,-0.1822f,0f,0f,0f,1f],start_interpolation: 0,interpolation_duration: 1}
$data merge entity $(planks) {transformation: [-0.9787f,0.0234f,0.2041f,0.659f,-0.0088f,0.9879f,-0.1551f,1.9898f,-0.2053f,-0.1536f,-0.9666f,-0.2014f,0f,0f,0f,1f],start_interpolation: 0,interpolation_duration: 1}
$data merge entity $(lefthand1) {transformation: [-0.9787f,0.0234f,0.2041f,0.9949f,-0.0088f,0.9879f,-0.1551f,2.2446f,-0.2053f,-0.1536f,-0.9666f,-0.1391f,0f,0f,0f,1f],start_interpolation: 0,interpolation_duration: 1}
$data merge entity $(leftforearm) {transformation: [-0.4581f,0.5922f,0.6629f,1.3721f,0.402f,0.8031f,-0.4397f,2.8628f,-0.7928f,0.0651f,-0.606f,-0.1626f,0f,0f,0f,1f],start_interpolation: 0,interpolation_duration: 1}
$data merge entity $(leftelbow) {transformation: [-0.4581f,0.5922f,0.6629f,1.4831f,0.402f,0.8031f,-0.4397f,3.0134f,-0.7928f,0.0651f,-0.606f,-0.1504f,0f,0f,0f,1f],start_interpolation: 0,interpolation_duration: 1}
$data merge entity $(leftarm) {transformation: [-0.7819f,-0.5598f,0.2741f,0.802f,0.1629f,0.241f,0.9568f,2.9826f,-0.6017f,0.7928f,-0.0972f,0.2493f,0f,0f,0f,1f],start_interpolation: 0,interpolation_duration: 1}
$data merge entity $(rightthumb2) {transformation: [-0.6857f,-0.1949f,-0.7013f,-0.7139f,-0.3162f,0.9476f,0.0458f,2.0121f,0.6556f,0.2532f,-0.7114f,-0.0673f,0f,0f,0f,1f],start_interpolation: 0,interpolation_duration: 1}
$data merge entity $(rightthumb) {transformation: [-0.6857f,-0.1949f,-0.7013f,-0.8217f,-0.3162f,0.9476f,0.0458f,2.2484f,0.6556f,0.2532f,-0.7114f,-0.066f,0f,0f,0f,1f],start_interpolation: 0,interpolation_duration: 1}
$data merge entity $(rightpointerfinger) {transformation: [-0.3382f,-0.6275f,-0.7013f,-0.8656f,-0.8999f,0.4337f,0.0458f,1.9051f,0.2754f,0.6466f,-0.7114f,-0.1107f,0f,0f,0f,1f],start_interpolation: 0,interpolation_duration: 1}
$data merge entity $(rightmidfinger) {transformation: [-0.3105f,-0.6417f,-0.7013f,-0.9752f,-0.9179f,0.3941f,0.0458f,1.9122f,0.247f,0.658f,-0.7114f,-0.2219f,0f,0f,0f,1f],start_interpolation: 0,interpolation_duration: 1}
$data merge entity $(rightringfinger) {transformation: [-0.3632f,-0.6134f,-0.7013f,-1.0847f,-0.8816f,0.4697f,0.0458f,1.9194f,0.3013f,0.6349f,-0.7114f,-0.333f,0f,0f,0f,1f],start_interpolation: 0,interpolation_duration: 1}
$data merge entity $(hugeasssword) {transformation: [-2.6856f,-0.7635f,-2.7468f,-0.8217f,-1.2386f,3.7113f,0.1794f,2.188f,2.5678f,0.9917f,-2.7862f,-0.3335f,0f,0f,0f,1f],start_interpolation: 0,interpolation_duration: 1}
$data merge entity $(whey) {transformation: [0f,0f,0f,-0.5869f,0f,0f,0f,2.1471f,0f,0f,0f,-0.3698f,0f,0f,0f,1f],start_interpolation: 0,interpolation_duration: 1}
$data merge entity $(ice) {transformation: [-0.6857f,-0.1949f,-0.7013f,-0.8079f,-0.3162f,0.9476f,0.0458f,2.1781f,0.6556f,0.2532f,-0.7114f,-0.3477f,0f,0f,0f,1f],start_interpolation: 0,interpolation_duration: 1}
$data merge entity $(righthand1) {transformation: [-0.6857f,-0.1949f,-0.7013f,-1.05f,-0.3162f,0.9476f,0.0458f,2.3374f,0.6556f,0.2532f,-0.7114f,-0.1427f,0f,0f,0f,1f],start_interpolation: 0,interpolation_duration: 1}
$data merge entity $(rightforearm) {transformation: [-0.3375f,-0.683f,-0.6478f,-1.4716f,-0.4085f,0.7263f,-0.5528f,2.9037f,0.848f,0.0781f,-0.5242f,-0.1252f,0f,0f,0f,1f],start_interpolation: 0,interpolation_duration: 1}
$data merge entity $(rightelbow) {transformation: [-0.3375f,-0.683f,-0.6478f,-1.5997f,-0.4085f,0.7263f,-0.5528f,3.0399f,0.848f,0.0781f,-0.5242f,-0.1106f,0f,0f,0f,1f],start_interpolation: 0,interpolation_duration: 1}
$data merge entity $(rightarm) {transformation: [-0.7185f,0.648f,-0.2527f,-0.918f,-0.1817f,0.1758f,0.9675f,3.0075f,0.6713f,0.7411f,-0.0085f,0.1998f,0f,0f,0f,1f],start_interpolation: 0,interpolation_duration: 1}
$data merge entity $(chest1) {transformation: [-1.0829f,-0.0118f,0.0278f,-0.0437f,0.0074f,0.8631f,0.6547f,2.8381f,-0.0293f,0.6546f,-0.8627f,0.1629f,0f,0f,0f,1f],start_interpolation: 0,interpolation_duration: 1}
$data merge entity $(chest1lid) {transformation: [-0.9996f,-0.0109f,0.0257f,-0.3876f,0.0068f,0.7967f,0.6043f,2.0594f,-0.027f,0.6043f,-0.7963f,0.0523f,0f,0f,0f,1f],start_interpolation: 0,interpolation_duration: 1}
$data merge entity $(chest2) {transformation: [-0.9996f,-0.0109f,0.0257f,-0.3859f,0.0068f,0.7967f,0.6043f,1.9349f,-0.027f,0.6043f,-0.7963f,-0.0421f,0f,0f,0f,1f],start_interpolation: 0,interpolation_duration: 1}
$data merge entity $(chest1lid3) {transformation: [-0.9996f,-0.0109f,0.0257f,-0.3087f,0.0068f,0.7967f,0.6043f,2.4461f,-0.027f,0.6043f,-0.7963f,-0.4562f,0f,0f,0f,1f],start_interpolation: 0,interpolation_duration: 1}
$data merge entity $(chest3) {transformation: [-0.9996f,-0.0109f,0.0257f,-0.307f,0.0068f,0.7967f,0.6043f,2.3216f,-0.027f,0.6043f,-0.7963f,-0.5506f,0f,0f,0f,1f],start_interpolation: 0,interpolation_duration: 1}
$data merge entity $(hugeasssword2) {transformation: [-0.1005f,2.8577f,-2.6765f,-1.2811f,-2.367f,2.0884f,2.3187f,3.931f,3.1189f,1.677f,1.6735f,0.6198f,0f,0f,0f,1f],start_interpolation: 0,interpolation_duration: 1}
$data merge entity $(belt) {transformation: [-0.9996f,-0.0109f,0.0257f,-0.0107f,0.0068f,0.7967f,0.6043f,2.4414f,-0.027f,0.6043f,-0.7963f,0.0273f,0f,0f,0f,1f],start_interpolation: 0,interpolation_duration: 1}
$data merge entity $(torn_part) {transformation: [-0.8548f,-0.4127f,0.3146f,0.0777f,-0.1872f,0.8107f,0.5548f,2.1197f,-0.484f,0.4154f,-0.7702f,-0.0456f,0f,0f,0f,1f],start_interpolation: 0,interpolation_duration: 1}
$data merge entity $(lowerbody) {transformation: [-0.8548f,-0.299f,0.4241f,0.2475f,-0.1872f,0.94f,0.2854f,1.6389f,-0.484f,0.1645f,-0.8595f,0.0422f,0f,0f,0f,1f],start_interpolation: 0,interpolation_duration: 1}
$data merge entity $(leftfoot) {transformation: [-0.9627f,-0.2671f,0.0427f,0.4971f,-0.15f,0.6586f,0.7374f,0.3924f,-0.2251f,0.7035f,-0.6741f,-0.1419f,0f,0f,0f,1f],start_interpolation: 0,interpolation_duration: 1}
$data merge entity $(leftlowerleg) {transformation: [-0.9627f,-0.2671f,0.0427f,0.1942f,-0.15f,0.6586f,0.7374f,1.0096f,-0.2251f,0.7035f,-0.6741f,0.7421f,0f,0f,0f,1f],start_interpolation: 0,interpolation_duration: 1}
$data merge entity $(leftleg) {transformation: [-0.9451f,0.256f,0.2031f,0.4041f,0.0468f,0.7211f,-0.6913f,1.66f,-0.3234f,-0.6438f,-0.6935f,0.1723f,0f,0f,0f,1f],start_interpolation: 0,interpolation_duration: 1}
$data merge entity $(rightfoot) {transformation: [-0.9189f,0.1905f,0.3455f,-0.4703f,0.3648f,0.7434f,0.5606f,0.2577f,-0.15f,0.6412f,-0.7526f,-0.2536f,0f,0f,0f,1f],start_interpolation: 0,interpolation_duration: 1}
$data merge entity $(rightlowerleg) {transformation: [-0.9189f,0.1905f,0.3455f,-0.3121f,0.3648f,0.7434f,0.5606f,0.9962f,-0.15f,0.6412f,-0.7526f,0.5733f,0f,0f,0f,1f],start_interpolation: 0,interpolation_duration: 1}
$data merge entity $(rightleg) {transformation: [-0.9641f,0.2623f,-0.0407f,-0.0439f,0.1964f,0.6018f,-0.7741f,1.5392f,-0.1786f,-0.7543f,-0.6318f,-0.0752f,0f,0f,0f,1f],start_interpolation: 0,interpolation_duration: 1}
data modify entity @s data merge value {"cameras":{},"locators":{"soup":{"px":0.7693315992547615,"py":1.9708894771592325,"pz":0.03454886189144474,"ry":101.84474664198741,"rx":0.5028301680458394},"lefthand":{"px":0.8374860075800956,"py":1.9167043384667326,"pz":-0.13585159259428106,"ry":11.923700320484414,"rx":-8.923412767190479},"sword":{"px":1.727903975295625,"py":1.9640583328802215,"pz":2.3441708771135805,"ry":315.40820992562954,"rx":2.6252557654949022},"righthand":{"px":-0.8581921396013719,"py":2.13295809824994,"pz":-0.27904013303651864,"ry":315.40820992562954,"rx":2.6252557654949022},"chest":{"px":-0.4221404433684886,"py":1.9153884267678793,"pz":0.1380929055281184,"ry":1.845744215446814,"rx":37.181688771402236}}}