# This file was generated by Animated Java via MC-Build. It is not recommended to edit this file directly.
$data merge entity $(nose) {transformation: [-0.9931f,0.0341f,0.1123f,-0.1004f,0.0549f,0.9807f,0.1876f,3.9309f,-0.1037f,0.1924f,-0.9758f,0.0929f,0f,0f,0f,1f],start_interpolation: 0,interpolation_duration: 1}
$data merge entity $(glowing_eye) {transformation: [-0.9931f,0.0341f,0.1123f,-0.2261f,0.0549f,0.9807f,0.1876f,3.9976f,-0.1037f,0.1924f,-0.9758f,0.127f,0f,0f,0f,1f],start_interpolation: 0,interpolation_duration: 1}
$data merge entity $(head) {transformation: [-0.9931f,0.0341f,0.1123f,-0.0835f,0.0549f,0.9807f,0.1876f,3.8449f,-0.1037f,0.1924f,-0.9758f,-0.1136f,0f,0f,0f,1f],start_interpolation: 0,interpolation_duration: 1}
$data merge entity $(leftthumb2) {transformation: [0.6996f,0.3033f,0.6469f,0.6474f,-0.129f,0.9441f,-0.3032f,2.1304f,-0.7028f,0.1287f,0.6997f,0.1468f,0f,0f,0f,1f],start_interpolation: 0,interpolation_duration: 1}
$data merge entity $(leftthumb) {transformation: [0.6996f,0.3033f,0.6469f,0.7771f,-0.129f,0.9441f,-0.3032f,2.336f,-0.7028f,0.1287f,0.6997f,0.2381f,0f,0f,0f,1f],start_interpolation: 0,interpolation_duration: 1}
$data merge entity $(leftpointerfinger) {transformation: [0.7577f,0.0857f,0.6469f,0.6313f,0.1526f,0.9406f,-0.3032f,2.0261f,-0.6345f,0.3285f,0.6997f,0.3056f,0f,0f,0f,1f],start_interpolation: 0,interpolation_duration: 1}
$data merge entity $(leftmidfinger) {transformation: [0.7538f,0.1149f,0.6469f,0.7324f,0.1161f,0.9458f,-0.3032f,1.9787f,-0.6467f,0.3037f,0.6997f,0.4149f,0f,0f,0f,1f],start_interpolation: 0,interpolation_duration: 1}
$data merge entity $(leftringfinger) {transformation: [0.7538f,0.1149f,0.6469f,0.8335f,0.1161f,0.9458f,-0.3032f,1.9313f,-0.6467f,0.3037f,0.6997f,0.5242f,0f,0f,0f,1f],start_interpolation: 0,interpolation_duration: 1}
$data merge entity $(invisibility) {transformation: [0.3586f,-0.618f,-0.6996f,0.7755f,0.9141f,0.3844f,0.129f,2.1146f,0.1892f,-0.6858f,0.7028f,0.166f,0f,0f,0f,1f],start_interpolation: 0,interpolation_duration: 1}
$data merge entity $(swiftness) {transformation: [0.6469f,0.3033f,-0.6996f,0.8921f,-0.3032f,0.9441f,0.129f,1.9232f,0.6997f,0.1287f,0.7028f,0.2431f,0f,0f,0f,1f],start_interpolation: 0,interpolation_duration: 1}
$data merge entity $(suspicious_stew) {transformation: [0.5483f,-0.4581f,-0.6996f,0.8826f,0.7275f,0.6738f,0.129f,2.0135f,0.4123f,-0.5797f,0.7028f,0.2911f,0f,0f,0f,1f],start_interpolation: 0,interpolation_duration: 1}
$data merge entity $(log) {transformation: [0.6996f,0.3033f,0.6469f,1.0164f,-0.129f,0.9441f,-0.3032f,2.1052f,-0.7028f,0.1287f,0.6997f,0.2741f,0f,0f,0f,1f],start_interpolation: 0,interpolation_duration: 1}
$data merge entity $(planks) {transformation: [0.6996f,0.3033f,0.6469f,1.082f,-0.129f,0.9441f,-0.3032f,2.0931f,-0.7028f,0.1287f,0.6997f,0.2083f,0f,0f,0f,1f],start_interpolation: 0,interpolation_duration: 1}
$data merge entity $(lefthand1) {transformation: [0.6996f,0.3033f,0.6469f,0.8971f,-0.129f,0.9441f,-0.3032f,2.383f,-0.7028f,0.1287f,0.6997f,0.4602f,0f,0f,0f,1f],start_interpolation: 0,interpolation_duration: 1}
$data merge entity $(leftforearm) {transformation: [-0.0157f,0.6331f,0.7739f,1.2923f,-0.4654f,0.6804f,-0.5661f,2.8397f,-0.885f,-0.3691f,0.284f,0.1533f,0f,0f,0f,1f],start_interpolation: 0,interpolation_duration: 1}
$data merge entity $(leftelbow) {transformation: [-0.0157f,0.6331f,0.7739f,1.411f,-0.4654f,0.6804f,-0.5661f,2.9673f,-0.885f,-0.3691f,0.284f,0.0841f,0f,0f,0f,1f],start_interpolation: 0,interpolation_duration: 1}
$data merge entity $(leftarm) {transformation: [-0.3647f,-0.552f,0.7499f,0.7931f,-0.4991f,0.7958f,0.343f,3.2436f,-0.786f,-0.2492f,-0.5657f,-0.1479f,0f,0f,0f,1f],start_interpolation: 0,interpolation_duration: 1}
$data merge entity $(rightthumb2) {transformation: [0.3202f,-0.0459f,-0.9462f,-1.268f,0.9365f,-0.1352f,0.3235f,3.1692f,-0.1428f,-0.9898f,-0.0003f,1.375f,0f,0f,0f,1f],start_interpolation: 0,interpolation_duration: 1}
$data merge entity $(rightthumb) {transformation: [0.3202f,-0.0459f,-0.9462f,-1.3601f,0.9365f,-0.1352f,0.3235f,3.1637f,-0.1428f,-0.9898f,-0.0003f,1.1322f,0f,0f,0f,1f],start_interpolation: 0,interpolation_duration: 1}
$data merge entity $(rightpointerfinger) {transformation: [0.2767f,-0.1675f,-0.9462f,-1.3544f,0.8089f,-0.4909f,0.3235f,3.3256f,-0.5187f,-0.8549f,-0.0003f,1.4414f,0f,0f,0f,1f],start_interpolation: 0,interpolation_duration: 1}
$data merge entity $(rightmidfinger) {transformation: [0.2838f,-0.1553f,-0.9462f,-1.5022f,0.8296f,-0.4552f,0.3235f,3.3762f,-0.4809f,-0.8768f,-0.0003f,1.4413f,0f,0f,0f,1f],start_interpolation: 0,interpolation_duration: 1}
$data merge entity $(rightringfinger) {transformation: [0.2911f,-0.1411f,-0.9462f,-1.65f,0.8511f,-0.4136f,0.3235f,3.4267f,-0.437f,-0.8995f,-0.0003f,1.4413f,0f,0f,0f,1f],start_interpolation: 0,interpolation_duration: 1}
$data merge entity $(hugeasssword) {transformation: [1.2542f,-0.1796f,-3.7061f,-1.5818f,3.668f,-0.5296f,1.267f,3.0949f,-0.5593f,-3.8765f,-0.0014f,1.2782f,0f,0f,0f,1f],start_interpolation: 0,interpolation_duration: 1}
$data merge entity $(whey) {transformation: [0f,0f,0f,-1.4995f,0f,0f,0f,2.9011f,0f,0f,0f,1.3956f,0f,0f,0f,1f],start_interpolation: 0,interpolation_duration: 1}
$data merge entity $(ice) {transformation: [0.3202f,-0.0459f,-0.9462f,-1.5861f,0.9365f,-0.1352f,0.3235f,3.0824f,-0.1428f,-0.9898f,-0.0003f,1.2959f,0f,0f,0f,1f],start_interpolation: 0,interpolation_duration: 1}
$data merge entity $(righthand1) {transformation: [0.3202f,-0.0459f,-0.9462f,-1.5471f,0.9365f,-0.1352f,0.3235f,3.2928f,-0.1428f,-0.9898f,-0.0003f,1.0128f,0f,0f,0f,1f],start_interpolation: 0,interpolation_duration: 1}
$data merge entity $(rightforearm) {transformation: [-0.3051f,-0.0389f,-0.9515f,-1.5186f,0.9357f,0.1738f,-0.3071f,3.3327f,0.1773f,-0.984f,-0.0166f,0.2998f,0f,0f,0f,1f],start_interpolation: 0,interpolation_duration: 1}
$data merge entity $(rightelbow) {transformation: [-0.3051f,-0.0389f,-0.9515f,-1.5259f,0.9357f,0.1738f,-0.3071f,3.3653f,0.1773f,-0.984f,-0.0166f,0.1153f,0f,0f,0f,1f],start_interpolation: 0,interpolation_duration: 1}
$data merge entity $(rightarm) {transformation: [-0.4579f,0.6299f,-0.6274f,-0.9938f,0.889f,0.3212f,-0.3264f,3.3649f,-0.0041f,-0.7072f,-0.707f,-0.1601f,0f,0f,0f,1f],start_interpolation: 0,interpolation_duration: 1}
$data merge entity $(chest1) {transformation: [-1.0758f,0.0369f,0.1217f,-0.0991f,0.0594f,1.0624f,0.2032f,3.2164f,-0.1124f,0.2085f,-1.0571f,-0.3199f,0f,0f,0f,1f],start_interpolation: 0,interpolation_duration: 1}
$data merge entity $(chest1lid) {transformation: [-0.9931f,0.0341f,0.1123f,-0.5053f,0.0549f,0.9807f,0.1876f,2.4915f,-0.1037f,0.1924f,-0.9758f,-0.105f,0f,0f,0f,1f],start_interpolation: 0,interpolation_duration: 1}
$data merge entity $(chest2) {transformation: [-0.9931f,0.0341f,0.1123f,-0.5107f,0.0549f,0.9807f,0.1876f,2.3382f,-0.1037f,0.1924f,-0.9758f,-0.1351f,0f,0f,0f,1f],start_interpolation: 0,interpolation_duration: 1}
$data merge entity $(chest1lid3) {transformation: [-0.9931f,0.0341f,0.1123f,-0.3713f,0.0549f,0.9807f,0.1876f,2.6082f,-0.1037f,0.1924f,-0.9758f,-0.7236f,0f,0f,0f,1f],start_interpolation: 0,interpolation_duration: 1}
$data merge entity $(chest3) {transformation: [-0.9931f,0.0341f,0.1123f,-0.3767f,0.0549f,0.9807f,0.1876f,2.455f,-0.1037f,0.1924f,-0.9758f,-0.7537f,0f,0f,0f,1f],start_interpolation: 0,interpolation_duration: 1}
$data merge entity $(hugeasssword2) {transformation: [-0.4398f,2.9579f,-2.5294f,-1.2533f,-0.7346f,2.4366f,2.9771f,4.4716f,3.8219f,0.8088f,0.2812f,-0.483f,0f,0f,0f,1f],start_interpolation: 0,interpolation_duration: 1}
$data merge entity $(belt) {transformation: [-0.9931f,0.0341f,0.1123f,-0.0955f,0.0549f,0.9807f,0.1876f,2.7994f,-0.1037f,0.1924f,-0.9758f,-0.2655f,0f,0f,0f,1f],start_interpolation: 0,interpolation_duration: 1}
$data merge entity $(torn_part) {transformation: [-0.9751f,-0.0158f,0.2212f,-0.2129f,-0.0191f,0.9997f,-0.0125f,2.4894f,-0.221f,-0.0164f,-0.9751f,-0.1124f,0f,0f,0f,1f],start_interpolation: 0,interpolation_duration: 1}
$data merge entity $(lowerbody) {transformation: [-0.9751f,0.0514f,0.2158f,-0.1731f,-0.0191f,0.9497f,-0.3125f,2.0715f,-0.221f,-0.3088f,-0.9251f,0.19f,0f,0f,0f,1f],start_interpolation: 0,interpolation_duration: 1}
$data merge entity $(leftfoot) {transformation: [-0.9503f,-0.2617f,-0.1687f,0.5013f,-0.3105f,0.8361f,0.4522f,0.3219f,0.0227f,0.4821f,-0.8759f,-0.1212f,0f,0f,0f,1f],start_interpolation: 0,interpolation_duration: 1}
$data merge entity $(leftlowerleg) {transformation: [-0.9503f,-0.2617f,-0.1687f,0.2369f,-0.3105f,0.8361f,0.4522f,1.18f,0.0227f,0.4821f,-0.8759f,0.5482f,0f,0f,0f,1f],start_interpolation: 0,interpolation_duration: 1}
$data merge entity $(leftleg) {transformation: [-0.9809f,-0.0938f,0.1705f,0.1197f,-0.1648f,0.8665f,-0.4712f,2.022f,-0.1036f,-0.4903f,-0.8654f,0.1223f,0f,0f,0f,1f],start_interpolation: 0,interpolation_duration: 1}
$data merge entity $(rightfoot) {transformation: [-0.912f,-0.0582f,0.406f,-0.4173f,0.127f,0.9011f,0.4145f,0.2487f,-0.39f,0.4296f,-0.8145f,-0.1403f,0f,0f,0f,1f],start_interpolation: 0,interpolation_duration: 1}
$data merge entity $(rightlowerleg) {transformation: [-0.912f,-0.0582f,0.406f,-0.5442f,0.127f,0.9011f,0.4145f,1.1847f,-0.39f,0.4296f,-0.8145f,0.4614f,0f,0f,0f,1f],start_interpolation: 0,interpolation_duration: 1}
$data merge entity $(rightleg) {transformation: [-0.9308f,0.153f,0.3318f,-0.3848f,-0.0515f,0.8441f,-0.5338f,2.0185f,-0.3618f,-0.514f,-0.7778f,0.0284f,0f,0f,0f,1f],start_interpolation: 0,interpolation_duration: 1}
data modify entity @s data merge value {"cameras":{},"locators":{"soup":{"px":0.8256728635774819,"py":2.1253099431286353,"pz":0.16954871049127068,"ry":224.87015963111105,"rx":7.4091729000957045},"lefthand":{"px":0.9169870695144939,"py":2.0483044030896265,"pz":0.31904529946786686,"ry":137.24180842175832,"rx":-17.652067590296827},"sword":{"px":1.9486577968552852,"py":1.9743075603265883,"pz":1.2992769177843724,"ry":270.02111246195085,"rx":18.874802262186254},"righthand":{"px":-1.5405566869508074,"py":3.1672186563185063,"pz":1.297991205084627,"ry":270.02111246195085,"rx":18.874802262186254},"chest":{"px":-0.5560559251141645,"py":2.4025705625963827,"pz":0.032198059636564746,"ry":6.564933560429694,"rx":10.810843780194807}}}