# This file was generated by Animated Java via MC-Build. It is not recommended to edit this file directly.
$data merge entity $(bone_nose) {transformation: [-0.9765f,0.0025f,0.2156f,0.0352f,0.0512f,0.974f,0.2206f,4.1137f,-0.2094f,0.2264f,-0.9512f,0.323f,0f,0f,0f,1f],start_interpolation: 0,interpolation_duration: 1}
$data merge entity $(bone_glowing_eye) {transformation: [-0.9765f,0.0025f,0.2156f,-0.0942f,0.0512f,0.974f,0.2206f,4.1783f,-0.2094f,0.2264f,-0.9512f,0.3454f,0f,0f,0f,1f],start_interpolation: 0,interpolation_duration: 1}
$data merge entity $(bone_head) {transformation: [-0.9765f,0.0025f,0.2156f,0.0753f,0.0512f,0.974f,0.2206f,4.0347f,-0.2094f,0.2264f,-0.9512f,0.1169f,0f,0f,0f,1f],start_interpolation: 0,interpolation_duration: 1}
$data merge entity $(bone_leftthumb2) {transformation: [0.0956f,-0.1647f,0.9817f,1.1798f,-0.9943f,0.031f,0.102f,3.2031f,-0.0472f,-0.9859f,-0.1608f,2.0454f,0f,0f,0f,1f],start_interpolation: 0,interpolation_duration: 1}
$data merge entity $(bone_leftthumb) {transformation: [0.0956f,-0.1647f,0.9817f,1.2233f,-0.9943f,0.031f,0.102f,3.2194f,-0.0472f,-0.9859f,-0.1608f,1.7899f,0f,0f,0f,1f],start_interpolation: 0,interpolation_duration: 1}
$data merge entity $(bone_leftpointerfinger) {transformation: [0.0947f,-0.1652f,0.9817f,1.3129f,-0.9941f,0.0364f,0.102f,3.3228f,-0.0526f,-0.9856f,-0.1608f,2.111f,0f,0f,0f,1f],start_interpolation: 0,interpolation_duration: 1}
$data merge entity $(bone_leftmidfinger) {transformation: [0.0948f,-0.1652f,0.9817f,1.4663f,-0.9941f,0.0357f,0.102f,3.3388f,-0.0519f,-0.9856f,-0.1608f,2.0859f,0f,0f,0f,1f],start_interpolation: 0,interpolation_duration: 1}
$data merge entity $(bone_leftringfinger) {transformation: [0.0948f,-0.1652f,0.9817f,1.6196f,-0.9941f,0.0357f,0.102f,3.3547f,-0.0519f,-0.9856f,-0.1608f,2.0607f,0f,0f,0f,1f],start_interpolation: 0,interpolation_duration: 1}
$data merge entity $(bone_invisibility) {transformation: [-0.0785f,-0.9923f,-0.0956f,1.2821f,0.0398f,-0.0989f,0.9943f,3.1366f,-0.9961f,0.0743f,0.0472f,1.9993f,0f,0f,0f,1f],start_interpolation: 0,interpolation_duration: 1}
$data merge entity $(bone_swiftness) {transformation: [0.9817f,-0.1647f,-0.0956f,1.4935f,0.102f,0.031f,0.9943f,3.0997f,-0.1608f,-0.9859f,0.0472f,2.1002f,0f,0f,0f,1f],start_interpolation: 0,interpolation_duration: 1}
$data merge entity $(bone_suspicious_stew) {transformation: [0.2656f,-0.9593f,-0.0956f,1.4739f,0.0712f,-0.0794f,0.9943f,3.1543f,-0.9615f,-0.2709f,0.0472f,2.0154f,0f,0f,0f,1f],start_interpolation: 0,interpolation_duration: 1}
$data merge entity $(bone_log) {transformation: [0.0956f,-0.1647f,0.9817f,1.5083f,-0.9943f,0.031f,0.102f,3.0697f,-0.0472f,-0.9859f,-0.1608f,1.8802f,0f,0f,0f,1f],start_interpolation: 0,interpolation_duration: 1}
$data merge entity $(bone_planks) {transformation: [0.0956f,-0.1647f,0.9817f,1.5172f,-0.9943f,0.031f,0.102f,2.9765f,-0.0472f,-0.9859f,-0.1608f,1.8758f,0f,0f,0f,1f],start_interpolation: 0,interpolation_duration: 1}
$data merge entity $(bone_lefthand1) {transformation: [0.0956f,-0.1647f,0.9817f,1.4125f,-0.9943f,0.031f,0.102f,3.3228f,-0.0472f,-0.9859f,-0.1608f,1.6506f,0f,0f,0f,1f],start_interpolation: 0,interpolation_duration: 1}
$data merge entity $(bone_leftforearm) {transformation: [-0.6064f,-0.062f,0.7927f,1.2897f,-0.7838f,0.2141f,-0.5829f,3.436f,-0.1336f,-0.9749f,-0.1784f,0.956f,0f,0f,0f,1f],start_interpolation: 0,interpolation_duration: 1}
$data merge entity $(bone_leftelbow) {transformation: [-0.6064f,-0.062f,0.7927f,1.2781f,-0.7838f,0.2141f,-0.5829f,3.4761f,-0.1336f,-0.9749f,-0.1784f,0.7733f,0f,0f,0f,1f],start_interpolation: 0,interpolation_duration: 1}
$data merge entity $(bone_leftarm) {transformation: [-0.6455f,-0.3439f,0.682f,0.885f,-0.7638f,0.2938f,-0.5748f,3.4902f,-0.0027f,-0.8919f,-0.4523f,0.3547f,0f,0f,0f,1f],start_interpolation: 0,interpolation_duration: 1}
$data merge entity $(bone_rightthumb2) {transformation: [0.0427f,-0.8042f,-0.5928f,-0.4545f,0.861f,0.3306f,-0.3865f,3.6563f,0.5068f,-0.4939f,0.7065f,0.453f,0f,0f,0f,1f],start_interpolation: 0,interpolation_duration: 1}
$data merge entity $(bone_rightthumb) {transformation: [0.0427f,-0.8042f,-0.5928f,-0.7024f,0.861f,0.3306f,-0.3865f,3.7043f,0.5068f,-0.4939f,0.7065f,0.3923f,0f,0f,0f,1f],start_interpolation: 0,interpolation_duration: 1}
$data merge entity $(bone_rightpointerfinger) {transformation: [0.6217f,-0.5118f,-0.5928f,-0.4616f,0.3379f,0.8582f,-0.3865f,3.6719f,0.7066f,0.04f,0.7065f,0.6429f,0f,0f,0f,1f],start_interpolation: 0,interpolation_duration: 1}
$data merge entity $(bone_rightmidfinger) {transformation: [0.6435f,-0.4842f,-0.5928f,-0.5542f,0.3001f,0.8721f,-0.3865f,3.6115f,0.7042f,0.0708f,0.7065f,0.7533f,0f,0f,0f,1f],start_interpolation: 0,interpolation_duration: 1}
$data merge entity $(bone_rightringfinger) {transformation: [0.5988f,-0.5385f,-0.5928f,-0.6469f,0.375f,0.8426f,-0.3865f,3.5511f,0.7077f,0.0091f,0.7065f,0.8637f,0f,0f,0f,1f],start_interpolation: 0,interpolation_duration: 1}
$data merge entity $(bone_hugeasssword) {transformation: [0.1672f,-3.1497f,-2.322f,-0.7197f,3.3722f,1.295f,-1.5138f,3.456f,1.9851f,-1.9345f,2.7671f,0.5073f,0f,0f,0f,1f],start_interpolation: 0,interpolation_duration: 1}
$data merge entity $(bone_ice) {transformation: [0.0427f,-0.8042f,-0.5928f,-0.7078f,0.861f,0.3306f,-0.3865f,3.4374f,0.5068f,-0.4939f,0.7065f,0.5071f,0f,0f,0f,1f],start_interpolation: 0,interpolation_duration: 1}
$data merge entity $(bone_righthand1) {transformation: [0.0427f,-0.8042f,-0.5928f,-0.9167f,0.861f,0.3306f,-0.3865f,3.7232f,0.5068f,-0.4939f,0.7065f,0.5324f,0f,0f,0f,1f],start_interpolation: 0,interpolation_duration: 1}
$data merge entity $(bone_rightforearm) {transformation: [0.0946f,-0.7977f,-0.5956f,-1.4766f,0.9439f,-0.1183f,0.3084f,3.6102f,-0.3164f,-0.5914f,0.7417f,0.163f,0f,0f,0f,1f],start_interpolation: 0,interpolation_duration: 1}
$data merge entity $(bone_rightelbow) {transformation: [0.0946f,-0.7977f,-0.5956f,-1.6261f,0.9439f,-0.1183f,0.3084f,3.588f,-0.3164f,-0.5914f,0.7417f,0.0521f,0f,0f,0f,1f],start_interpolation: 0,interpolation_duration: 1}
$data merge entity $(bone_rightarm) {transformation: [-0.392f,0.8614f,-0.3231f,-0.8533f,0.828f,0.1772f,-0.5319f,3.5834f,-0.4009f,-0.4761f,-0.7827f,-0.0092f,0f,0f,0f,1f],start_interpolation: 0,interpolation_duration: 1}
$data merge entity $(bone_chest1) {transformation: [-1.0579f,0.0027f,0.2335f,0.0889f,0.0555f,1.0552f,0.239f,3.4133f,-0.2269f,0.2453f,-1.0305f,-0.1099f,0f,0f,0f,1f],start_interpolation: 0,interpolation_duration: 1}
$data merge entity $(bone_chest1lid) {transformation: [-0.9765f,0.0025f,0.2156f,-0.3306f,0.0512f,0.974f,0.2206f,2.6788f,-0.2094f,0.2264f,-0.9512f,0.0361f,0f,0f,0f,1f],start_interpolation: 0,interpolation_duration: 1}
$data merge entity $(bone_chest2) {transformation: [-0.9765f,0.0025f,0.2156f,-0.331f,0.0512f,0.974f,0.2206f,2.5266f,-0.2094f,0.2264f,-0.9512f,0.0007f,0f,0f,0f,1f],start_interpolation: 0,interpolation_duration: 1}
$data merge entity $(bone_chest1lid3) {transformation: [-0.9765f,0.0025f,0.2156f,-0.1314f,0.0512f,0.974f,0.2206f,2.8169f,-0.2094f,0.2264f,-0.9512f,-0.5602f,0f,0f,0f,1f],start_interpolation: 0,interpolation_duration: 1}
$data merge entity $(bone_chest3) {transformation: [-0.9765f,0.0025f,0.2156f,-0.1318f,0.0512f,0.974f,0.2206f,2.6647f,-0.2094f,0.2264f,-0.9512f,-0.5956f,0f,0f,0f,1f],start_interpolation: 0,interpolation_duration: 1}
$data merge entity $(bone_hugeasssword2) {transformation: [-0.8444f,2.8265f,-2.5765f,-1.0541f,-0.8639f,2.4294f,2.9482f,4.665f,3.7257f,1.2039f,0.0997f,-0.3572f,0f,0f,0f,1f],start_interpolation: 0,interpolation_duration: 1}
$data merge entity $(bone_belt) {transformation: [-0.9765f,0.0025f,0.2156f,0.091f,0.0512f,0.974f,0.2206f,2.9948f,-0.2094f,0.2264f,-0.9512f,-0.0689f,0f,0f,0f,1f],start_interpolation: 0,interpolation_duration: 1}
$data merge entity $(bone_torn_part) {transformation: [-0.9677f,-0.1001f,0.2313f,-0.0215f,-0.0241f,0.9503f,0.3103f,2.6908f,-0.2509f,0.2947f,-0.9221f,-0.0657f,0f,0f,0f,1f],start_interpolation: 0,interpolation_duration: 1}
$data merge entity $(bone_lowerbody) {transformation: [-0.9677f,-0.0259f,0.2507f,0.0504f,-0.0241f,0.9997f,0.0102f,2.2036f,-0.2509f,0.0038f,-0.968f,0.0931f,0f,0f,0f,1f],start_interpolation: 0,interpolation_duration: 1}
$data merge entity $(bone_leftfoot) {transformation: [-0.984f,-0.1772f,-0.0207f,0.5302f,-0.1772f,0.9574f,0.228f,0.2142f,-0.0206f,0.228f,-0.9734f,-0.0157f,0f,0f,0f,1f],start_interpolation: 0,interpolation_duration: 1}
$data merge entity $(bone_leftlowerleg) {transformation: [-0.984f,-0.1772f,-0.0207f,0.3369f,-0.1772f,0.9574f,0.228f,1.2413f,-0.0206f,0.228f,-0.9734f,0.3868f,0f,0f,0f,1f],start_interpolation: 0,interpolation_duration: 1}
$data merge entity $(bone_leftleg) {transformation: [-0.981f,0.0095f,0.1936f,0.3168f,-0.0634f,0.9281f,-0.3668f,2.185f,-0.1831f,-0.3721f,-0.9099f,0.0576f,0f,0f,0f,1f],start_interpolation: 0,interpolation_duration: 1}
$data merge entity $(bone_rightfoot) {transformation: [-0.9015f,0.1002f,0.421f,-0.4665f,0.2031f,0.957f,0.207f,0.3239f,-0.3822f,0.2721f,-0.8831f,0.0296f,0f,0f,0f,1f],start_interpolation: 0,interpolation_duration: 1}
$data merge entity $(bone_rightlowerleg) {transformation: [-0.9015f,0.1002f,0.421f,-0.4201f,0.2031f,0.957f,0.207f,1.3539f,-0.3822f,0.2721f,-0.8831f,0.4672f,0f,0f,0f,1f],start_interpolation: 0,interpolation_duration: 1}
$data merge entity $(bone_rightleg) {transformation: [-0.9412f,0.2176f,0.2585f,-0.1899f,0.0199f,0.7994f,-0.6005f,2.1619f,-0.3373f,-0.56f,-0.7567f,-0.0176f,0f,0f,0f,1f],start_interpolation: 0,interpolation_duration: 1}
data modify entity @s data merge value {"cameras":{},"locators":{"lefthand":{"posx":1.496844269423681,"posy":3.1588976912882445,"posz":1.964148611978168,"roty":80.69662187861935,"rotx":5.85526886719173},"sword":{"posx":1.5041695285434358,"posy":4.94424651272748,"posz":-2.0539616984738474,"roty":220.00081063573367,"rotx":-22.737624057128667},"righthand":{"posx":-0.6819391528849552,"posy":3.5189844112603437,"posz":0.5512663193980831,"roty":220.00081063573367,"rotx":-22.737624057128667},"chest":{"posx":-0.3949170912428018,"posy":2.585028715979957,"posz":0.16399756857025996,"roty":12.769271323694568,"rotx":12.742541012086944}}}