# This file was generated by Animated Java via MC-Build. It is not recommended to edit this file directly.
$data merge entity $(bone_nose) {transformation: [-0.9993f,0.0091f,0.0375f,-0.1458f,0.0162f,0.981f,0.1934f,4.0591f,-0.035f,0.1939f,-0.9804f,0.1215f,0f,0f,0f,1f],start_interpolation: 0,interpolation_duration: 1}
$data merge entity $(bone_glowing_eye) {transformation: [-0.9993f,0.0091f,0.0375f,-0.2714f,0.0162f,0.981f,0.1934f,4.1208f,-0.035f,0.1939f,-0.9804f,0.1644f,0f,0f,0f,1f],start_interpolation: 0,interpolation_duration: 1}
$data merge entity $(bone_head) {transformation: [-0.9993f,0.0091f,0.0375f,-0.1399f,0.0162f,0.981f,0.1934f,3.9742f,-0.035f,0.1939f,-0.9804f,-0.0861f,0f,0f,0f,1f],start_interpolation: 0,interpolation_duration: 1}
$data merge entity $(bone_leftthumb2) {transformation: [0.1301f,0.5321f,0.8366f,0.3976f,-0.5859f,0.722f,-0.3681f,2.6685f,-0.7999f,-0.4423f,0.4056f,0.6633f,0f,0f,0f,1f],start_interpolation: 0,interpolation_duration: 1}
$data merge entity $(bone_leftthumb) {transformation: [0.1301f,0.5321f,0.8366f,0.5996f,-0.5859f,0.722f,-0.3681f,2.8141f,-0.7999f,-0.4423f,0.4056f,0.5895f,0f,0f,0f,1f],start_interpolation: 0,interpolation_duration: 1}
$data merge entity $(bone_leftpointerfinger) {transformation: [0.1452f,0.5282f,0.8366f,0.45f,-0.5651f,0.7384f,-0.3681f,2.624f,-0.8122f,-0.4193f,0.4056f,0.8411f,0f,0f,0f,1f],start_interpolation: 0,interpolation_duration: 1}
$data merge entity $(bone_leftmidfinger) {transformation: [0.1432f,0.5287f,0.8366f,0.5808f,-0.5678f,0.7363f,-0.3681f,2.5665f,-0.8106f,-0.4223f,0.4056f,0.9045f,0f,0f,0f,1f],start_interpolation: 0,interpolation_duration: 1}
$data merge entity $(bone_leftringfinger) {transformation: [0.1432f,0.5287f,0.8366f,0.7115f,-0.5678f,0.7363f,-0.3681f,2.509f,-0.8106f,-0.4223f,0.4056f,0.9679f,0f,0f,0f,1f],start_interpolation: 0,interpolation_duration: 1}
$data merge entity $(bone_invisibility) {transformation: [0.603f,-0.7871f,-0.1301f,0.5065f,0.6872f,0.4296f,0.5859f,2.6046f,-0.4053f,-0.4426f,0.7999f,0.6301f,0f,0f,0f,1f],start_interpolation: 0,interpolation_duration: 1}
$data merge entity $(bone_swiftness) {transformation: [0.8366f,0.5321f,-0.1301f,0.5981f,-0.3681f,0.722f,0.5859f,2.4073f,0.4056f,-0.4423f,0.7999f,0.7244f,0f,0f,0f,1f],start_interpolation: 0,interpolation_duration: 1}
$data merge entity $(bone_suspicious_stew) {transformation: [0.8358f,-0.5334f,-0.1301f,0.6384f,0.4988f,0.6387f,0.5859f,2.5018f,-0.2294f,-0.5546f,0.7999f,0.7269f,0f,0f,0f,1f],start_interpolation: 0,interpolation_duration: 1}
$data merge entity $(bone_log) {transformation: [0.1301f,0.5321f,0.8366f,0.7563f,-0.5859f,0.722f,-0.3681f,2.5198f,-0.7999f,-0.4423f,0.4056f,0.6156f,0f,0f,0f,1f],start_interpolation: 0,interpolation_duration: 1}
$data merge entity $(bone_planks) {transformation: [0.1301f,0.5321f,0.8366f,0.7685f,-0.5859f,0.722f,-0.3681f,2.4649f,-0.7999f,-0.4423f,0.4056f,0.5406f,0f,0f,0f,1f],start_interpolation: 0,interpolation_duration: 1}
$data merge entity $(bone_lefthand1) {transformation: [0.1301f,0.5321f,0.8366f,0.8307f,-0.5859f,0.722f,-0.3681f,2.8583f,-0.7999f,-0.4423f,0.4056f,0.6923f,0f,0f,0f,1f],start_interpolation: 0,interpolation_duration: 1}
$data merge entity $(bone_leftforearm) {transformation: [-0.1126f,0.6908f,0.7143f,1.2843f,-0.7683f,0.3954f,-0.5034f,3.0979f,-0.6302f,-0.6054f,0.4862f,0.2318f,0f,0f,0f,1f],start_interpolation: 0,interpolation_duration: 1}
$data merge entity $(bone_leftelbow) {transformation: [-0.1126f,0.6908f,0.7143f,1.4138f,-0.7683f,0.3954f,-0.5034f,3.172f,-0.6302f,-0.6054f,0.4862f,0.1183f,0f,0f,0f,1f],start_interpolation: 0,interpolation_duration: 1}
$data merge entity $(bone_leftarm) {transformation: [-0.4718f,-0.5919f,0.6535f,0.7431f,-0.7156f,0.69f,0.1084f,3.3973f,-0.5151f,-0.4166f,-0.7491f,-0.1193f,0f,0f,0f,1f],start_interpolation: 0,interpolation_duration: 1}
$data merge entity $(bone_rightthumb2) {transformation: [-0.654f,0.2654f,0.7084f,-1.9375f,-0.5674f,0.4472f,-0.6914f,3.3529f,-0.5003f,-0.8542f,-0.1419f,1.5402f,0f,0f,0f,1f],start_interpolation: 0,interpolation_duration: 1}
$data merge entity $(bone_rightthumb) {transformation: [-0.654f,0.2654f,0.7084f,-1.8118f,-0.5674f,0.4472f,-0.6914f,3.4035f,-0.5003f,-0.8542f,-0.1419f,1.3186f,0f,0f,0f,1f],start_interpolation: 0,interpolation_duration: 1}
$data merge entity $(bone_rightpointerfinger) {transformation: [-0.5001f,0.498f,0.7084f,-1.9373f,-0.3499f,0.6321f,-0.6914f,3.1623f,-0.7921f,-0.5937f,-0.1419f,1.5375f,0f,0f,0f,1f],start_interpolation: 0,interpolation_duration: 1}
$data merge entity $(bone_rightmidfinger) {transformation: [-0.5214f,0.4758f,0.7084f,-1.8266f,-0.3771f,0.6162f,-0.6914f,3.0543f,-0.7654f,-0.6277f,-0.1419f,1.5153f,0f,0f,0f,1f],start_interpolation: 0,interpolation_duration: 1}
$data merge entity $(bone_rightringfinger) {transformation: [-0.5441f,0.4496f,0.7084f,-1.7159f,-0.4069f,0.597f,-0.6914f,2.9462f,-0.7338f,-0.6644f,-0.1419f,1.4931f,0f,0f,0f,1f],start_interpolation: 0,interpolation_duration: 1}
$data merge entity $(bone_hugeasssword) {transformation: [-2.5616f,1.0396f,2.7745f,-1.61f,-2.2224f,1.7514f,-2.7081f,3.3066f,-1.9595f,-3.3454f,-0.5556f,1.4769f,0f,0f,0f,1f],start_interpolation: 0,interpolation_duration: 1}
$data merge entity $(bone_ice) {transformation: [-0.654f,0.2654f,0.7084f,-1.6039f,-0.5674f,0.4472f,-0.6914f,3.3085f,-0.5003f,-0.8542f,-0.1419f,1.4981f,0f,0f,0f,1f],start_interpolation: 0,interpolation_duration: 1}
$data merge entity $(bone_righthand1) {transformation: [-0.654f,0.2654f,0.7084f,-1.679f,-0.5674f,0.4472f,-0.6914f,3.2568f,-0.5003f,-0.8542f,-0.1419f,1.155f,0f,0f,0f,1f],start_interpolation: 0,interpolation_duration: 1}
$data merge entity $(bone_rightforearm) {transformation: [-0.6079f,0.2136f,-0.7648f,-1.4769f,0.7864f,0.2949f,-0.5427f,3.386f,0.1096f,-0.9313f,-0.3473f,0.4805f,0f,0f,0f,1f],start_interpolation: 0,interpolation_duration: 1}
$data merge entity $(bone_rightelbow) {transformation: [-0.6079f,0.2136f,-0.7648f,-1.4369f,0.7864f,0.2949f,-0.5427f,3.4413f,0.1096f,-0.9313f,-0.3473f,0.3059f,0f,0f,0f,1f],start_interpolation: 0,interpolation_duration: 1}
$data merge entity $(bone_rightarm) {transformation: [-0.6248f,0.4748f,-0.6198f,-1.0012f,0.7803f,0.3531f,-0.5162f,3.4729f,-0.0263f,-0.8062f,-0.5911f,-0.0567f,0f,0f,0f,1f],start_interpolation: 0,interpolation_duration: 1}
$data merge entity $(bone_chest1) {transformation: [-1.0825f,0.0099f,0.0406f,-0.1452f,0.0176f,1.0627f,0.2095f,3.3459f,-0.0379f,0.21f,-1.0621f,-0.2935f,0f,0f,0f,1f],start_interpolation: 0,interpolation_duration: 1}
$data merge entity $(bone_chest1lid) {transformation: [-0.9993f,0.0091f,0.0375f,-0.5073f,0.0162f,0.981f,0.1934f,2.6053f,-0.035f,0.1939f,-0.9804f,-0.0543f,0f,0f,0f,1f],start_interpolation: 0,interpolation_duration: 1}
$data merge entity $(bone_chest2) {transformation: [-0.9993f,0.0091f,0.0375f,-0.5087f,0.0162f,0.981f,0.1934f,2.452f,-0.035f,0.1939f,-0.9804f,-0.0846f,0f,0f,0f,1f],start_interpolation: 0,interpolation_duration: 1}
$data merge entity $(bone_chest1lid3) {transformation: [-0.9993f,0.0091f,0.0375f,-0.4208f,0.0162f,0.981f,0.1934f,2.7282f,-0.035f,0.1939f,-0.9804f,-0.6802f,0f,0f,0f,1f],start_interpolation: 0,interpolation_duration: 1}
$data merge entity $(bone_chest3) {transformation: [-0.9993f,0.0091f,0.0375f,-0.4222f,0.0162f,0.981f,0.1934f,2.5749f,-0.035f,0.1939f,-0.9804f,-0.7105f,0f,0f,0f,1f],start_interpolation: 0,interpolation_duration: 1}
$data merge entity $(bone_hugeasssword2) {transformation: [-0.1467f,2.9097f,-2.6177f,-1.3558f,-0.7575f,2.5489f,2.8757f,4.5553f,3.8399f,0.614f,0.4672f,-0.3714f,0f,0f,0f,1f],start_interpolation: 0,interpolation_duration: 1}
$data merge entity $(bone_belt) {transformation: [-0.9993f,0.0091f,0.0375f,-0.1217f,0.0162f,0.981f,0.1934f,2.9293f,-0.035f,0.1939f,-0.9804f,-0.2413f,0f,0f,0f,1f],start_interpolation: 0,interpolation_duration: 1}
$data merge entity $(bone_torn_part) {transformation: [-0.9809f,-0.0856f,0.1747f,-0.2106f,-0.075f,0.995f,0.0667f,2.6134f,-0.1795f,0.0523f,-0.9824f,-0.1019f,0f,0f,0f,1f],start_interpolation: 0,interpolation_duration: 1}
$data merge entity $(bone_lowerbody) {transformation: [-0.9809f,-0.0291f,0.1924f,-0.1276f,-0.075f,0.969f,-0.2356f,2.1807f,-0.1795f,-0.2455f,-0.9526f,0.1695f,0f,0f,0f,1f],start_interpolation: 0,interpolation_duration: 1}
$data merge entity $(bone_leftfoot) {transformation: [-0.9585f,-0.2287f,-0.17f,0.502f,-0.2685f,0.9248f,0.2696f,0.2647f,0.0956f,0.3041f,-0.9478f,-0.0448f,0f,0f,0f,1f],start_interpolation: 0,interpolation_duration: 1}
$data merge entity $(bone_leftlowerleg) {transformation: [-0.9585f,-0.2287f,-0.17f,0.2744f,-0.2685f,0.9248f,0.2696f,1.2491f,0.0956f,0.3041f,-0.9478f,0.4382f,0f,0f,0f,1f],start_interpolation: 0,interpolation_duration: 1}
$data merge entity $(bone_leftleg) {transformation: [-0.987f,-0.1049f,0.1217f,0.1457f,-0.1449f,0.9085f,-0.3919f,2.163f,-0.0695f,-0.4044f,-0.9119f,0.0847f,0f,0f,0f,1f],start_interpolation: 0,interpolation_duration: 1}
$data merge entity $(bone_rightfoot) {transformation: [-0.9087f,-0.0416f,0.4153f,-0.4332f,0.099f,0.9452f,0.3112f,0.2258f,-0.4055f,0.3239f,-0.8548f,-0.1285f,0f,0f,0f,1f],start_interpolation: 0,interpolation_duration: 1}
$data merge entity $(bone_rightlowerleg) {transformation: [-0.9087f,-0.0416f,0.4153f,-0.5431f,0.099f,0.9452f,0.3112f,1.2265f,-0.4055f,0.3239f,-0.8548f,0.3621f,0f,0f,0f,1f],start_interpolation: 0,interpolation_duration: 1}
$data merge entity $(bone_rightleg) {transformation: [-0.946f,0.1742f,0.2733f,-0.3656f,0.0333f,0.8911f,-0.4526f,2.1167f,-0.3224f,-0.419f,-0.8488f,0.0073f,0f,0f,0f,1f],start_interpolation: 0,interpolation_duration: 1}
data modify entity @s data merge value {"cameras":{},"locators":{"lefthand":{"posx":0.6894807352268093,"posy":2.52411392942927,"posz":0.7188196955876062,"roty":115.86564477806992,"rotx":-21.597493355318225},"sword":{"posx":-4.292631143102158,"posy":5.808754075010679,"posz":1.9898114043254163,"roty":78.67641944796566,"rotx":-43.74326333626716},"righthand":{"posx":-1.680472169153108,"posy":3.2591128912059575,"posz":1.4667324631852559,"roty":78.67641944796566,"rotx":-43.74326333626716},"chest":{"posx":-0.5449156745303501,"posy":2.514264303192208,"posz":0.08569290584103303,"roty":2.188048681606574,"rotx":11.151093002214676}}}