# This file was generated by Animated Java via MC-Build. It is not recommended to edit this file directly.
$data merge entity $(bone_nose) {transformation: [-0.9999f,0.0094f,0.013f,-0.161f,0.012f,0.9758f,0.2182f,4.0843f,-0.0107f,0.2183f,-0.9758f,0.2049f,0f,0f,0f,1f],start_interpolation: 0,interpolation_duration: 1}
$data merge entity $(bone_glowing_eye) {transformation: [-0.9999f,0.0094f,0.013f,-0.2858f,0.012f,0.9758f,0.2182f,4.1442f,-0.0107f,0.2183f,-0.9758f,0.2524f,0f,0f,0f,1f],start_interpolation: 0,interpolation_duration: 1}
$data merge entity $(bone_head) {transformation: [-0.9999f,0.0094f,0.013f,-0.1597f,0.012f,0.9758f,0.2182f,4.0046f,-0.0107f,0.2183f,-0.9758f,-0.0048f,0f,0f,0f,1f],start_interpolation: 0,interpolation_duration: 1}
$data merge entity $(bone_leftthumb2) {transformation: [0.2781f,0.5489f,0.7883f,0.3826f,-0.3784f,0.8169f,-0.4353f,2.7717f,-0.8829f,-0.1772f,0.4349f,0.4547f,0f,0f,0f,1f],start_interpolation: 0,interpolation_duration: 1}
$data merge entity $(bone_leftthumb) {transformation: [0.2781f,0.5489f,0.7883f,0.5846f,-0.3784f,0.8169f,-0.4353f,2.9348f,-0.8829f,-0.1772f,0.4349f,0.4484f,0f,0f,0f,1f],start_interpolation: 0,interpolation_duration: 1}
$data merge entity $(bone_leftpointerfinger) {transformation: [0.2958f,0.5395f,0.7883f,0.4111f,-0.3516f,0.8288f,-0.4353f,2.6877f,-0.8882f,-0.1484f,0.4349f,0.6235f,0f,0f,0f,1f],start_interpolation: 0,interpolation_duration: 1}
$data merge entity $(bone_leftmidfinger) {transformation: [0.2935f,0.5408f,0.7883f,0.5342f,-0.3551f,0.8273f,-0.4353f,2.6197f,-0.8875f,-0.1522f,0.4349f,0.6915f,0f,0f,0f,1f],start_interpolation: 0,interpolation_duration: 1}
$data merge entity $(bone_leftringfinger) {transformation: [0.2935f,0.5408f,0.7883f,0.6574f,-0.3551f,0.8273f,-0.4353f,2.5517f,-0.8875f,-0.1522f,0.4349f,0.7594f,0f,0f,0f,1f],start_interpolation: 0,interpolation_duration: 1}
$data merge entity $(bone_invisibility) {transformation: [0.6155f,-0.7375f,-0.2781f,0.4986f,0.7759f,0.5048f,0.3784f,2.7197f,-0.1387f,-0.4487f,0.8829f,0.425f,0f,0f,0f,1f],start_interpolation: 0,interpolation_duration: 1}
$data merge entity $(bone_swiftness) {transformation: [0.7883f,0.5489f,-0.2781f,0.5866f,-0.4353f,0.8169f,0.3784f,2.5078f,0.4349f,-0.1772f,0.8829f,0.4846f,0f,0f,0f,1f],start_interpolation: 0,interpolation_duration: 1}
$data merge entity $(bone_suspicious_stew) {transformation: [0.8306f,-0.4825f,-0.2781f,0.6207f,0.5564f,0.7397f,0.3784f,2.5998f,0.0231f,-0.469f,0.8829f,0.5149f,0f,0f,0f,1f],start_interpolation: 0,interpolation_duration: 1}
$data merge entity $(bone_log) {transformation: [0.2781f,0.5489f,0.7883f,0.7523f,-0.3784f,0.8169f,-0.4353f,2.6461f,-0.8829f,-0.1772f,0.4349f,0.4303f,0f,0f,0f,1f],start_interpolation: 0,interpolation_duration: 1}
$data merge entity $(bone_planks) {transformation: [0.2781f,0.5489f,0.7883f,0.7784f,-0.3784f,0.8169f,-0.4353f,2.6106f,-0.8829f,-0.1772f,0.4349f,0.3475f,0f,0f,0f,1f],start_interpolation: 0,interpolation_duration: 1}
$data merge entity $(bone_lefthand1) {transformation: [0.2781f,0.5489f,0.7883f,0.7954f,-0.3784f,0.8169f,-0.4353f,2.9585f,-0.8829f,-0.1772f,0.4349f,0.5931f,0f,0f,0f,1f],start_interpolation: 0,interpolation_duration: 1}
$data merge entity $(bone_leftforearm) {transformation: [0.0067f,0.7999f,0.6001f,1.3311f,-0.7913f,0.3712f,-0.4859f,3.1758f,-0.6114f,-0.4716f,0.6354f,0.234f,0f,0f,0f,1f],start_interpolation: 0,interpolation_duration: 1}
$data merge entity $(bone_leftelbow) {transformation: [0.0067f,0.7999f,0.6001f,1.481f,-0.7913f,0.3712f,-0.4859f,3.2454f,-0.6114f,-0.4716f,0.6354f,0.1456f,0f,0f,0f,1f],start_interpolation: 0,interpolation_duration: 1}
$data merge entity $(bone_leftarm) {transformation: [-0.4228f,-0.6668f,0.6136f,0.7416f,-0.7413f,0.644f,0.1891f,3.4331f,-0.5213f,-0.375f,-0.7666f,-0.0751f,0f,0f,0f,1f],start_interpolation: 0,interpolation_duration: 1}
$data merge entity $(bone_rightthumb2) {transformation: [-0.6531f,0.2428f,0.7173f,-1.9562f,-0.5808f,0.4473f,-0.6802f,3.3501f,-0.486f,-0.8608f,-0.1511f,1.6242f,0f,0f,0f,1f],start_interpolation: 0,interpolation_duration: 1}
$data merge entity $(bone_rightthumb) {transformation: [-0.6531f,0.2428f,0.7173f,-1.8353f,-0.5808f,0.4473f,-0.6802f,3.4016f,-0.486f,-0.8608f,-0.1511f,1.4002f,0f,0f,0f,1f],start_interpolation: 0,interpolation_duration: 1}
$data merge entity $(bone_rightpointerfinger) {transformation: [-0.4891f,0.4963f,0.7173f,-1.9528f,-0.3371f,0.6509f,-0.6802f,3.1595f,-0.8045f,-0.5745f,-0.1511f,1.6224f,0f,0f,0f,1f],start_interpolation: 0,interpolation_duration: 1}
$data merge entity $(bone_rightmidfinger) {transformation: [-0.5103f,0.4745f,0.7173f,-1.8407f,-0.3652f,0.6356f,-0.6802f,3.0532f,-0.7786f,-0.609f,-0.1511f,1.5988f,0f,0f,0f,1f],start_interpolation: 0,interpolation_duration: 1}
$data merge entity $(bone_rightringfinger) {transformation: [-0.5348f,0.4466f,0.7173f,-1.7286f,-0.3986f,0.6152f,-0.6802f,2.9469f,-0.745f,-0.6497f,-0.1511f,1.5752f,0f,0f,0f,1f],start_interpolation: 0,interpolation_duration: 1}
$data merge entity $(bone_hugeasssword) {transformation: [-2.5579f,0.9511f,2.8094f,-1.6291f,-2.2747f,1.7518f,-2.6641f,3.3089f,-1.9035f,-3.3715f,-0.5917f,1.5554f,0f,0f,0f,1f],start_interpolation: 0,interpolation_duration: 1}
$data merge entity $(bone_ice) {transformation: [-0.6531f,0.2428f,0.7173f,-1.6227f,-0.5808f,0.4473f,-0.6802f,3.311f,-0.486f,-0.8608f,-0.1511f,1.5765f,0f,0f,0f,1f],start_interpolation: 0,interpolation_duration: 1}
$data merge entity $(bone_righthand1) {transformation: [-0.6531f,0.2428f,0.7173f,-1.7029f,-0.5808f,0.4473f,-0.6802f,3.2564f,-0.486f,-0.8608f,-0.1511f,1.235f,0f,0f,0f,1f],start_interpolation: 0,interpolation_duration: 1}
$data merge entity $(bone_rightforearm) {transformation: [-0.6112f,0.2154f,-0.7616f,-1.501f,0.7819f,0.3136f,-0.5388f,3.3974f,0.1227f,-0.9248f,-0.3601f,0.5649f,0f,0f,0f,1f],start_interpolation: 0,interpolation_duration: 1}
$data merge entity $(bone_rightelbow) {transformation: [-0.6112f,0.2154f,-0.7616f,-1.4607f,0.7819f,0.3136f,-0.5388f,3.4562f,0.1227f,-0.9248f,-0.3601f,0.3915f,0f,0f,0f,1f],start_interpolation: 0,interpolation_duration: 1}
$data merge entity $(bone_rightarm) {transformation: [-0.6289f,0.4795f,-0.612f,-1.0214f,0.7774f,0.3742f,-0.5056f,3.4989f,-0.0134f,-0.7937f,-0.6081f,0.0336f,0f,0f,0f,1f],start_interpolation: 0,interpolation_duration: 1}
$data merge entity $(bone_chest1) {transformation: [-1.0832f,0.0102f,0.0141f,-0.1671f,0.013f,1.0571f,0.2364f,3.3817f,-0.0116f,0.2365f,-1.0571f,-0.2279f,0f,0f,0f,1f],start_interpolation: 0,interpolation_duration: 1}
$data merge entity $(bone_chest1lid) {transformation: [-0.9999f,0.0094f,0.013f,-0.52f,0.012f,0.9758f,0.2182f,2.6335f,-0.0107f,0.2183f,-0.9758f,0.0011f,0f,0f,0f,1f],start_interpolation: 0,interpolation_duration: 1}
$data merge entity $(bone_chest2) {transformation: [-0.9999f,0.0094f,0.013f,-0.5215f,0.012f,0.9758f,0.2182f,2.481f,-0.0107f,0.2183f,-0.9758f,-0.033f,0f,0f,0f,1f],start_interpolation: 0,interpolation_duration: 1}
$data merge entity $(bone_chest1lid3) {transformation: [-0.9999f,0.0094f,0.013f,-0.4492f,0.012f,0.9758f,0.2182f,2.7725f,-0.0107f,0.2183f,-0.9758f,-0.6234f,0f,0f,0f,1f],start_interpolation: 0,interpolation_duration: 1}
$data merge entity $(bone_chest3) {transformation: [-0.9999f,0.0094f,0.013f,-0.4506f,0.012f,0.9758f,0.2182f,2.6201f,-0.0107f,0.2183f,-0.9758f,-0.6575f,0f,0f,0f,1f],start_interpolation: 0,interpolation_duration: 1}
$data merge entity $(bone_hugeasssword2) {transformation: [-0.051f,2.9121f,-2.6187f,-1.3847f,-0.8546f,2.5475f,2.8496f,4.5866f,3.822f,0.6085f,0.6022f,-0.2462f,0f,0f,0f,1f],start_interpolation: 0,interpolation_duration: 1}
$data merge entity $(bone_belt) {transformation: [-0.9999f,0.0094f,0.013f,-0.1405f,0.012f,0.9758f,0.2182f,2.9641f,-0.0107f,0.2183f,-0.9758f,-0.1868f,0f,0f,0f,1f],start_interpolation: 0,interpolation_duration: 1}
$data merge entity $(bone_torn_part) {transformation: [-0.9818f,-0.1025f,0.1596f,-0.2249f,-0.076f,0.9836f,0.1638f,2.6461f,-0.1738f,0.1487f,-0.9735f,-0.0869f,0f,0f,0f,1f],start_interpolation: 0,interpolation_duration: 1}
$data merge entity $(bone_lowerbody) {transformation: [-0.9818f,-0.0498f,0.1831f,-0.1305f,-0.076f,0.9873f,-0.1395f,2.1911f,-0.1738f,-0.1509f,-0.9732f,0.1406f,0f,0f,0f,1f],start_interpolation: 0,interpolation_duration: 1}
$data merge entity $(bone_leftfoot) {transformation: [-0.9611f,-0.2283f,-0.1555f,0.5055f,-0.2607f,0.9356f,0.2382f,0.2702f,0.0911f,0.2694f,-0.9587f,0.0027f,0f,0f,0f,1f],start_interpolation: 0,interpolation_duration: 1}
$data merge entity $(bone_leftlowerleg) {transformation: [-0.9611f,-0.2283f,-0.1555f,0.2762f,-0.2607f,0.9356f,0.2382f,1.2715f,0.0911f,0.2694f,-0.9587f,0.4489f,0f,0f,0f,1f],start_interpolation: 0,interpolation_duration: 1}
$data merge entity $(bone_leftleg) {transformation: [-0.984f,-0.1095f,0.1407f,0.1433f,-0.1585f,0.8983f,-0.4098f,2.1765f,-0.0815f,-0.4256f,-0.9012f,0.0727f,0f,0f,0f,1f],start_interpolation: 0,interpolation_duration: 1}
$data merge entity $(bone_rightfoot) {transformation: [-0.9086f,-0.0427f,0.4155f,-0.4289f,0.0805f,0.9582f,0.2746f,0.2189f,-0.4098f,0.283f,-0.8672f,-0.088f,0f,0f,0f,1f],start_interpolation: 0,interpolation_duration: 1}
$data merge entity $(bone_rightlowerleg) {transformation: [-0.9086f,-0.0427f,0.4155f,-0.5401f,0.0805f,0.9582f,0.2746f,1.2396f,-0.4098f,0.283f,-0.8672f,0.3591f,0f,0f,0f,1f],start_interpolation: 0,interpolation_duration: 1}
$data merge entity $(bone_rightleg) {transformation: [-0.9556f,0.1637f,0.2452f,-0.3742f,0.036f,0.8903f,-0.454f,2.1324f,-0.2926f,-0.425f,-0.8566f,-0.0071f,0f,0f,0f,1f],start_interpolation: 0,interpolation_duration: 1}
data modify entity @s data merge value {"cameras":{},"locators":{"lefthand":{"posx":0.6710342110721986,"posy":2.6245226355091194,"posz":0.520137520481819,"roty":118.88350207143932,"rotx":-25.803086600768154},"sword":{"posx":-4.343988927611794,"posy":5.768414081313687,"posz":2.1037686967915317,"roty":78.10707607396178,"rotx":-42.85865442328586},"righthand":{"posx":-1.698949062079356,"posy":3.26020579823711,"posz":1.5467125340483245,"roty":78.10707607396178,"rotx":-42.85865442328586},"chest":{"posx":-0.5538751936753439,"posy":2.538795152139153,"posz":0.1395938193825955,"roty":0.7650376690750988,"rotx":12.603255926386707}}}