# This file was generated by Animated Java via MC-Build. It is not recommended to edit this file directly.
$data merge entity $(nose) {transformation: [-1f,0.0066f,0.0021f,-0.172f,0.0069f,0.9712f,0.2382f,4.0947f,-0.0004f,0.2382f,-0.9712f,0.2681f,0f,0f,0f,1f],start_interpolation: 0,interpolation_duration: 1}
$data merge entity $(glowing_eye) {transformation: [-1f,0.0066f,0.0021f,-0.2967f,0.0069f,0.9712f,0.2382f,4.153f,-0.0004f,0.2382f,-0.9712f,0.318f,0f,0f,0f,1f],start_interpolation: 0,interpolation_duration: 1}
$data merge entity $(head) {transformation: [-1f,0.0066f,0.0021f,-0.1725f,0.0069f,0.9712f,0.2382f,4.0194f,-0.0004f,0.2382f,-0.9712f,0.0568f,0f,0f,0f,1f],start_interpolation: 0,interpolation_duration: 1}
$data merge entity $(leftthumb2) {transformation: [0.3417f,0.5476f,0.7638f,0.3805f,-0.2119f,0.8367f,-0.505f,2.8925f,-0.9156f,0.0107f,0.4019f,0.4031f,0f,0f,0f,1f],start_interpolation: 0,interpolation_duration: 1}
$data merge entity $(leftthumb) {transformation: [0.3417f,0.5476f,0.7638f,0.5801f,-0.2119f,0.8367f,-0.505f,3.0545f,-0.9156f,0.0107f,0.4019f,0.4401f,0f,0f,0f,1f],start_interpolation: 0,interpolation_duration: 1}
$data merge entity $(leftpointerfinger) {transformation: [0.3616f,0.5346f,0.7638f,0.3988f,-0.181f,0.8439f,-0.505f,2.7795f,-0.9146f,0.0444f,0.4019f,0.5556f,0f,0f,0f,1f],start_interpolation: 0,interpolation_duration: 1}
$data merge entity $(leftmidfinger) {transformation: [0.359f,0.5364f,0.7638f,0.5182f,-0.185f,0.843f,-0.505f,2.7006f,-0.9148f,0.04f,0.4019f,0.6184f,0f,0f,0f,1f],start_interpolation: 0,interpolation_duration: 1}
$data merge entity $(leftringfinger) {transformation: [0.359f,0.5364f,0.7638f,0.6375f,-0.185f,0.843f,-0.505f,2.6216f,-0.9148f,0.04f,0.4019f,0.6812f,0f,0f,0f,1f],start_interpolation: 0,interpolation_duration: 1}
$data merge entity $(invisibility) {transformation: [0.6121f,-0.7132f,-0.3417f,0.4989f,0.7895f,0.576f,0.2119f,2.847f,0.0457f,-0.3995f,0.9156f,0.3725f,0f,0f,0f,1f],start_interpolation: 0,interpolation_duration: 1}
$data merge entity $(swiftness) {transformation: [0.7638f,0.5476f,-0.3417f,0.5858f,-0.505f,0.8367f,0.2119f,2.628f,0.4019f,0.0107f,0.9156f,0.3987f,0f,0f,0f,1f],start_interpolation: 0,interpolation_duration: 1}
$data merge entity $(suspicious_stew) {transformation: [0.8191f,-0.4608f,-0.3417f,0.6165f,0.5449f,0.8113f,0.2119f,2.7131f,0.1795f,-0.3598f,0.9156f,0.4473f,0f,0f,0f,1f],start_interpolation: 0,interpolation_duration: 1}
$data merge entity $(log) {transformation: [0.3417f,0.5476f,0.7638f,0.7528f,-0.2119f,0.8367f,-0.505f,2.7741f,-0.9156f,0.0107f,0.4019f,0.3817f,0f,0f,0f,1f],start_interpolation: 0,interpolation_duration: 1}
$data merge entity $(planks) {transformation: [0.3417f,0.5476f,0.7638f,0.7848f,-0.2119f,0.8367f,-0.505f,2.7543f,-0.9156f,0.0107f,0.4019f,0.2958f,0f,0f,0f,1f],start_interpolation: 0,interpolation_duration: 1}
$data merge entity $(lefthand1) {transformation: [0.3417f,0.5476f,0.7638f,0.7804f,-0.2119f,0.8367f,-0.505f,3.0521f,-0.9156f,0.0107f,0.4019f,0.6007f,0f,0f,0f,1f],start_interpolation: 0,interpolation_duration: 1}
$data merge entity $(leftforearm) {transformation: [0.055f,0.8413f,0.5378f,1.347f,-0.8322f,0.3362f,-0.4408f,3.237f,-0.5517f,-0.4233f,0.7186f,0.2846f,0f,0f,0f,1f],start_interpolation: 0,interpolation_duration: 1}
$data merge entity $(leftelbow) {transformation: [0.055f,0.8413f,0.5378f,1.5047f,-0.8322f,0.3362f,-0.4408f,3.3001f,-0.5517f,-0.4233f,0.7186f,0.2052f,0f,0f,0f,1f],start_interpolation: 0,interpolation_duration: 1}
$data merge entity $(leftarm) {transformation: [-0.4048f,-0.6898f,0.6002f,0.74f,-0.7797f,0.6033f,0.1675f,3.4609f,-0.4777f,-0.4002f,-0.7821f,-0.0228f,0f,0f,0f,1f],start_interpolation: 0,interpolation_duration: 1}
$data merge entity $(rightthumb2) {transformation: [-0.6534f,0.2295f,0.7214f,-1.9664f,-0.584f,0.4536f,-0.6732f,3.3303f,-0.4817f,-0.8612f,-0.1623f,1.6791f,0f,0f,0f,1f],start_interpolation: 0,interpolation_duration: 1}
$data merge entity $(rightthumb) {transformation: [-0.6534f,0.2295f,0.7214f,-1.8485f,-0.584f,0.4536f,-0.6732f,3.384f,-0.4817f,-0.8612f,-0.1623f,1.4541f,0f,0f,0f,1f],start_interpolation: 0,interpolation_duration: 1}
$data merge entity $(rightpointerfinger) {transformation: [-0.4806f,0.4986f,0.7214f,-1.9615f,-0.318f,0.6676f,-0.6732f,3.1397f,-0.8172f,-0.553f,-0.1623f,1.6764f,0f,0f,0f,1f],start_interpolation: 0,interpolation_duration: 1}
$data merge entity $(rightmidfinger) {transformation: [-0.5019f,0.4771f,0.7214f,-1.8487f,-0.3468f,0.6531f,-0.6732f,3.0345f,-0.7923f,-0.5881f,-0.1623f,1.651f,0f,0f,0f,1f],start_interpolation: 0,interpolation_duration: 1}
$data merge entity $(rightringfinger) {transformation: [-0.5281f,0.448f,0.7214f,-1.736f,-0.3832f,0.6324f,-0.6732f,2.9293f,-0.7578f,-0.632f,-0.1623f,1.6256f,0f,0f,0f,1f],start_interpolation: 0,interpolation_duration: 1}
$data merge entity $(hugeasssword) {transformation: [-2.559f,0.8989f,2.8255f,-1.6398f,-2.2873f,1.7765f,-2.6367f,3.2923f,-1.8868f,-3.3729f,-0.6358f,1.6066f,0f,0f,0f,1f],start_interpolation: 0,interpolation_duration: 1}
$data merge entity $(whey) {transformation: [0f,0f,0f,-1.6505f,0f,0f,0f,3.4448f,0f,0f,0f,1.7929f,0f,0f,0f,1f],start_interpolation: 0,interpolation_duration: 1}
$data merge entity $(ice) {transformation: [-0.6534f,0.2295f,0.7214f,-1.6332f,-0.584f,0.4536f,-0.6732f,3.2943f,-0.4817f,-0.8612f,-0.1623f,1.6275f,0f,0f,0f,1f],start_interpolation: 0,interpolation_duration: 1}
$data merge entity $(righthand1) {transformation: [-0.6534f,0.2295f,0.7214f,-1.7166f,-0.584f,0.4536f,-0.6732f,3.2407f,-0.4817f,-0.8612f,-0.1623f,1.2868f,0f,0f,0f,1f],start_interpolation: 0,interpolation_duration: 1}
$data merge entity $(rightforearm) {transformation: [-0.6156f,0.2165f,-0.7577f,-1.5147f,0.7764f,0.3315f,-0.5361f,3.3938f,0.1351f,-0.9183f,-0.3722f,0.6205f,0f,0f,0f,1f],start_interpolation: 0,interpolation_duration: 1}
$data merge entity $(rightelbow) {transformation: [-0.6156f,0.2165f,-0.7577f,-1.4741f,0.7764f,0.3315f,-0.5361f,3.456f,0.1351f,-0.9183f,-0.3722f,0.4483f,0f,0f,0f,1f],start_interpolation: 0,interpolation_duration: 1}
$data merge entity $(rightarm) {transformation: [-0.6334f,0.4816f,-0.6057f,-1.0328f,0.7738f,0.393f,-0.4967f,3.5087f,-0.0012f,-0.7834f,-0.6215f,0.0938f,0f,0f,0f,1f],start_interpolation: 0,interpolation_duration: 1}
$data merge entity $(chest1) {transformation: [-1.0833f,0.0072f,0.0022f,-0.179f,0.0075f,1.0521f,0.258f,3.4011f,-0.0005f,0.258f,-1.0522f,-0.1789f,0f,0f,0f,1f],start_interpolation: 0,interpolation_duration: 1}
$data merge entity $(chest1lid) {transformation: [-1f,0.0066f,0.0021f,-0.5257f,0.0069f,0.9712f,0.2382f,2.6465f,-0.0004f,0.2382f,-0.9712f,0.0382f,0f,0f,0f,1f],start_interpolation: 0,interpolation_duration: 1}
$data merge entity $(chest2) {transformation: [-1f,0.0066f,0.0021f,-0.5268f,0.0069f,0.9712f,0.2382f,2.4948f,-0.0004f,0.2382f,-0.9712f,0.001f,0f,0f,0f,1f],start_interpolation: 0,interpolation_duration: 1}
$data merge entity $(chest1lid3) {transformation: [-1f,0.0066f,0.0021f,-0.4619f,0.0069f,0.9712f,0.2382f,2.7987f,-0.0004f,0.2382f,-0.9712f,-0.584f,0f,0f,0f,1f],start_interpolation: 0,interpolation_duration: 1}
$data merge entity $(chest3) {transformation: [-1f,0.0066f,0.0021f,-0.4629f,0.0069f,0.9712f,0.2382f,2.6469f,-0.0004f,0.2382f,-0.9712f,-0.6212f,0f,0f,0f,1f],start_interpolation: 0,interpolation_duration: 1}
$data merge entity $(hugeasssword2) {transformation: [-0.0081f,2.9051f,-2.6269f,-1.4028f,-0.9328f,2.5498f,2.8228f,4.5996f,3.8039f,0.6315f,0.6866f,-0.1604f,0f,0f,0f,1f],start_interpolation: 0,interpolation_duration: 1}
$data merge entity $(belt) {transformation: [-1f,0.0066f,0.0021f,-0.1499f,0.0069f,0.9712f,0.2382f,2.9829f,-0.0004f,0.2382f,-0.9712f,-0.1467f,0f,0f,0f,1f],start_interpolation: 0,interpolation_duration: 1}
$data merge entity $(torn_part) {transformation: [-0.9822f,-0.1129f,0.1502f,-0.2329f,-0.0756f,0.9692f,0.2345f,2.6665f,-0.172f,0.2189f,-0.9605f,-0.0748f,0f,0f,0f,1f],start_interpolation: 0,interpolation_duration: 1}
$data merge entity $(lowerbody) {transformation: [-0.9822f,-0.0625f,0.1772f,-0.1314f,-0.0756f,0.9948f,-0.0678f,2.1976f,-0.172f,-0.08f,-0.9818f,0.1192f,0f,0f,0f,1f],start_interpolation: 0,interpolation_duration: 1}
$data merge entity $(leftfoot) {transformation: [-0.9634f,-0.2262f,-0.1435f,0.5049f,-0.2533f,0.9435f,0.2135f,0.2685f,0.0871f,0.2421f,-0.9663f,0.0349f,0f,0f,0f,1f],start_interpolation: 0,interpolation_duration: 1}
$data merge entity $(leftlowerleg) {transformation: [-0.9634f,-0.2262f,-0.1435f,0.276f,-0.2533f,0.9435f,0.2135f,1.2824f,0.0871f,0.2421f,-0.9663f,0.4519f,0f,0f,0f,1f],start_interpolation: 0,interpolation_duration: 1}
$data merge entity $(leftleg) {transformation: [-0.9825f,-0.1099f,0.1501f,0.1427f,-0.164f,0.8925f,-0.4201f,2.1832f,-0.0878f,-0.4374f,-0.895f,0.0627f,0f,0f,0f,1f],start_interpolation: 0,interpolation_duration: 1}
$data merge entity $(rightfoot) {transformation: [-0.9083f,-0.0494f,0.4153f,-0.4193f,0.0609f,0.9668f,0.2482f,0.2135f,-0.4138f,0.2508f,-0.8751f,-0.0568f,0f,0f,0f,1f],start_interpolation: 0,interpolation_duration: 1}
$data merge entity $(rightlowerleg) {transformation: [-0.9083f,-0.0494f,0.4153f,-0.538f,0.0609f,0.9668f,0.2482f,1.2479f,-0.4138f,0.2508f,-0.8751f,0.3559f,0f,0f,0f,1f],start_interpolation: 0,interpolation_duration: 1}
$data merge entity $(rightleg) {transformation: [-0.9596f,0.1583f,0.2328f,-0.3785f,0.0358f,0.8888f,-0.4569f,2.1415f,-0.2792f,-0.4301f,-0.8585f,-0.0185f,0f,0f,0f,1f],start_interpolation: 0,interpolation_duration: 1}
data modify entity @s data merge value {"cameras":{},"locators":{"soup":{"px":0.5479385787257163,"py":2.845926415064899,"pz":0.3569045731228035,"ry":200.46293089845176,"rx":12.236001315082435},"lefthand":{"px":0.6660046125888449,"py":2.7365440952079116,"pz":0.46040958396178744,"ry":117.75303651706166,"rx":-30.332953364022536},"sword":{"px":-4.369544000143608,"py":5.725473180284786,"pz":2.196952025157233,"ry":77.31901513309431,"rx":-42.31539609626875},"righthand":{"px":-1.7093330228940902,"py":3.243006742434207,"pz":1.5983752201717594,"ry":77.31901513309431,"rx":-42.31539609626875},"chest":{"px":-0.5577156916010534,"py":2.548830533401137,"pz":0.17504657116429884,"ry":0.12228741656210218,"rx":13.778764700050054}}}