# This file was generated by Animated Java via MC-Build. It is not recommended to edit this file directly.
$data merge entity $(bone_nose) {transformation: [-0.9999f,-0.0008f,0.0145f,-0.1809f,0.003f,0.9654f,0.2608f,4.0937f,-0.0142f,0.2608f,-0.9653f,0.325f,0f,0f,0f,1f],start_interpolation: 0,interpolation_duration: 1}
$data merge entity $(bone_glowing_eye) {transformation: [-0.9999f,-0.0008f,0.0145f,-0.3064f,0.003f,0.9654f,0.2608f,4.1503f,-0.0142f,0.2608f,-0.9653f,0.3746f,0f,0f,0f,1f],start_interpolation: 0,interpolation_duration: 1}
$data merge entity $(bone_head) {transformation: [-0.9999f,-0.0008f,0.0145f,-0.1781f,0.003f,0.9654f,0.2608f,4.0233f,-0.0142f,0.2608f,-0.9653f,0.112f,0f,0f,0f,1f],start_interpolation: 0,interpolation_duration: 1}
$data merge entity $(bone_leftthumb2) {transformation: [0.22f,0.7524f,0.6209f,0.3336f,-0.1746f,0.6565f,-0.7338f,3.2613f,-0.9597f,0.053f,0.2758f,0.7311f,0f,0f,0f,1f],start_interpolation: 0,interpolation_duration: 1}
$data merge entity $(bone_leftthumb) {transformation: [0.22f,0.7524f,0.6209f,0.5712f,-0.1746f,0.6565f,-0.7338f,3.3596f,-0.9597f,0.053f,0.2758f,0.7677f,0f,0f,0f,1f],start_interpolation: 0,interpolation_duration: 1}
$data merge entity $(bone_leftpointerfinger) {transformation: [0.2509f,0.7427f,0.6209f,0.3294f,-0.1473f,0.6632f,-0.7338f,3.1288f,-0.9567f,0.0927f,0.2758f,0.8682f,0f,0f,0f,1f],start_interpolation: 0,interpolation_duration: 1}
$data merge entity $(bone_leftmidfinger) {transformation: [0.2469f,0.744f,0.6209f,0.4264f,-0.1509f,0.6624f,-0.7338f,3.0142f,-0.9572f,0.0875f,0.2758f,0.9113f,0f,0f,0f,1f],start_interpolation: 0,interpolation_duration: 1}
$data merge entity $(bone_leftringfinger) {transformation: [0.2469f,0.744f,0.6209f,0.5234f,-0.1509f,0.6624f,-0.7338f,2.8995f,-0.9572f,0.0875f,0.2758f,0.9544f,0f,0f,0f,1f],start_interpolation: 0,interpolation_duration: 1}
$data merge entity $(bone_invisibility) {transformation: [0.8037f,-0.5529f,-0.22f,0.4335f,0.5901f,0.7882f,0.1746f,3.1909f,0.0769f,-0.2701f,0.9597f,0.6854f,0f,0f,0f,1f],start_interpolation: 0,interpolation_duration: 1}
$data merge entity $(bone_swiftness) {transformation: [0.6209f,0.7524f,-0.22f,0.4595f,-0.7338f,0.6565f,0.1746f,2.9553f,0.2758f,0.053f,0.9597f,0.68f,0f,0f,0f,1f],start_interpolation: 0,interpolation_duration: 1}
$data merge entity $(bone_suspicious_stew) {transformation: [0.9443f,-0.2447f,-0.22f,0.5146f,0.2849f,0.9425f,0.1746f,3.0225f,0.1646f,-0.2275f,0.9597f,0.7346f,0f,0f,0f,1f],start_interpolation: 0,interpolation_duration: 1}
$data merge entity $(bone_log) {transformation: [0.22f,0.7524f,0.6209f,0.6584f,-0.1746f,0.6565f,-0.7338f,3.0538f,-0.9597f,0.053f,0.2758f,0.6642f,0f,0f,0f,1f],start_interpolation: 0,interpolation_duration: 1}
$data merge entity $(bone_planks) {transformation: [0.22f,0.7524f,0.6209f,0.679f,-0.1746f,0.6565f,-0.7338f,3.0374f,-0.9597f,0.053f,0.2758f,0.5742f,0f,0f,0f,1f],start_interpolation: 0,interpolation_duration: 1}
$data merge entity $(bone_lefthand1) {transformation: [0.22f,0.7524f,0.6209f,0.7721f,-0.1746f,0.6565f,-0.7338f,3.2845f,-0.9597f,0.053f,0.2758f,0.9088f,0f,0f,0f,1f],start_interpolation: 0,interpolation_duration: 1}
$data merge entity $(bone_leftforearm) {transformation: [-0.0505f,0.7779f,0.6263f,1.2952f,-0.9444f,0.1668f,-0.2834f,3.3351f,-0.3249f,-0.6058f,0.7262f,0.4905f,0f,0f,0f,1f],start_interpolation: 0,interpolation_duration: 1}
$data merge entity $(bone_leftelbow) {transformation: [-0.0505f,0.7779f,0.6263f,1.441f,-0.9444f,0.1668f,-0.2834f,3.3664f,-0.3249f,-0.6058f,0.7262f,0.3769f,0f,0f,0f,1f],start_interpolation: 0,interpolation_duration: 1}
$data merge entity $(bone_leftarm) {transformation: [-0.4532f,-0.6218f,0.6387f,0.7327f,-0.8532f,0.51f,-0.109f,3.4975f,-0.258f,-0.5944f,-0.7617f,0.0836f,0f,0f,0f,1f],start_interpolation: 0,interpolation_duration: 1}
$data merge entity $(bone_rightthumb2) {transformation: [-0.6576f,0.2256f,0.7188f,-1.9607f,-0.5702f,0.4744f,-0.6706f,3.2906f,-0.4923f,-0.8509f,-0.1834f,1.7095f,0f,0f,0f,1f],start_interpolation: 0,interpolation_duration: 1}
$data merge entity $(bone_rightthumb) {transformation: [-0.6576f,0.2256f,0.7188f,-1.8439f,-0.5702f,0.4744f,-0.6706f,3.3497f,-0.4923f,-0.8509f,-0.1834f,1.4852f,0f,0f,0f,1f],start_interpolation: 0,interpolation_duration: 1}
$data merge entity $(bone_rightpointerfinger) {transformation: [-0.4764f,0.5063f,0.7188f,-1.9562f,-0.2831f,0.6857f,-0.6706f,3.1002f,-0.8324f,-0.523f,-0.1834f,1.702f,0f,0f,0f,1f],start_interpolation: 0,interpolation_duration: 1}
$data merge entity $(bone_rightmidfinger) {transformation: [-0.4981f,0.4851f,0.7188f,-1.8439f,-0.3127f,0.6727f,-0.6706f,2.9954f,-0.8088f,-0.5588f,-0.1834f,1.6733f,0f,0f,0f,1f],start_interpolation: 0,interpolation_duration: 1}
$data merge entity $(bone_rightringfinger) {transformation: [-0.5257f,0.455f,0.7188f,-1.7316f,-0.3517f,0.6531f,-0.6706f,2.8906f,-0.7746f,-0.6053f,-0.1834f,1.6447f,0f,0f,0f,1f],start_interpolation: 0,interpolation_duration: 1}
$data merge entity $(bone_hugeasssword) {transformation: [-2.5758f,0.8835f,2.8152f,-1.6346f,-2.2335f,1.8581f,-2.6267f,3.2537f,-1.928f,-3.3327f,-0.7182f,1.6341f,0f,0f,0f,1f],start_interpolation: 0,interpolation_duration: 1}
$data merge entity $(bone_ice) {transformation: [-0.6576f,0.2256f,0.7188f,-1.6279f,-0.5702f,0.4744f,-0.6706f,3.2552f,-0.4923f,-0.8509f,-0.1834f,1.6551f,0f,0f,0f,1f],start_interpolation: 0,interpolation_duration: 1}
$data merge entity $(bone_righthand1) {transformation: [-0.6576f,0.2256f,0.7188f,-1.7134f,-0.5702f,0.4744f,-0.6706f,3.2103f,-0.4923f,-0.8509f,-0.1834f,1.3136f,0f,0f,0f,1f],start_interpolation: 0,interpolation_duration: 1}
$data merge entity $(bone_rightforearm) {transformation: [-0.6194f,0.2127f,-0.7557f,-1.514f,0.7698f,0.3536f,-0.5314f,3.3799f,0.1541f,-0.9109f,-0.3828f,0.6506f,0f,0f,0f,1f],start_interpolation: 0,interpolation_duration: 1}
$data merge entity $(bone_rightelbow) {transformation: [-0.6194f,0.2127f,-0.7557f,-1.4741f,0.7698f,0.3536f,-0.5314f,3.4462f,0.1541f,-0.9109f,-0.3828f,0.4798f,0f,0f,0f,1f],start_interpolation: 0,interpolation_duration: 1}
$data merge entity $(bone_rightarm) {transformation: [-0.6371f,0.4766f,-0.6057f,-1.0346f,0.7705f,0.4124f,-0.486f,3.5087f,0.0182f,-0.7764f,-0.63f,0.1248f,0f,0f,0f,1f],start_interpolation: 0,interpolation_duration: 1}
$data merge entity $(bone_chest1) {transformation: [-1.0832f,-0.0008f,0.0157f,-0.1787f,0.0033f,1.0458f,0.2825f,3.4107f,-0.0154f,0.2825f,-1.0457f,-0.1381f,0f,0f,0f,1f],start_interpolation: 0,interpolation_duration: 1}
$data merge entity $(bone_chest1lid) {transformation: [-0.9999f,-0.0008f,0.0145f,-0.5252f,0.003f,0.9654f,0.2608f,2.6499f,-0.0142f,0.2608f,-0.9653f,0.0566f,0f,0f,0f,1f],start_interpolation: 0,interpolation_duration: 1}
$data merge entity $(bone_chest2) {transformation: [-0.9999f,-0.0008f,0.0145f,-0.5251f,0.003f,0.9654f,0.2608f,2.499f,-0.0142f,0.2608f,-0.9653f,0.0158f,0f,0f,0f,1f],start_interpolation: 0,interpolation_duration: 1}
$data merge entity $(bone_chest1lid3) {transformation: [-0.9999f,-0.0008f,0.0145f,-0.4534f,0.003f,0.9654f,0.2608f,2.8168f,-0.0142f,0.2608f,-0.9653f,-0.5609f,0f,0f,0f,1f],start_interpolation: 0,interpolation_duration: 1}
$data merge entity $(bone_chest3) {transformation: [-0.9999f,-0.0008f,0.0145f,-0.4533f,0.003f,0.9654f,0.2608f,2.6659f,-0.0142f,0.2608f,-0.9653f,-0.6017f,0f,0f,0f,1f],start_interpolation: 0,interpolation_duration: 1}
$data merge entity $(bone_hugeasssword2) {transformation: [-0.0568f,2.8853f,-2.648f,-1.4077f,-1.0214f,2.5457f,2.7958f,4.6037f,3.7807f,0.7311f,0.7155f,-0.1087f,0f,0f,0f,1f],start_interpolation: 0,interpolation_duration: 1}
$data merge entity $(bone_belt) {transformation: [-0.9999f,-0.0008f,0.0145f,-0.1483f,0.003f,0.9654f,0.2608f,2.9919f,-0.0142f,0.2608f,-0.9653f,-0.1151f,0f,0f,0f,1f],start_interpolation: 0,interpolation_duration: 1}
$data merge entity $(bone_torn_part) {transformation: [-0.9816f,-0.1199f,0.1487f,-0.233f,-0.0723f,0.9539f,0.2914f,2.6777f,-0.1768f,0.2753f,-0.945f,-0.0647f,0f,0f,0f,1f],start_interpolation: 0,interpolation_duration: 1}
$data merge entity $(bone_lowerbody) {transformation: [-0.9816f,-0.0696f,0.1779f,-0.1281f,-0.0723f,0.9973f,-0.0089f,2.199f,-0.1768f,-0.0216f,-0.984f,0.1015f,0f,0f,0f,1f],start_interpolation: 0,interpolation_duration: 1}
$data merge entity $(bone_leftfoot) {transformation: [-0.964f,-0.2261f,-0.1397f,0.508f,-0.2497f,0.9506f,0.1844f,0.2529f,0.0911f,0.2127f,-0.9729f,0.058f,0f,0f,0f,1f],start_interpolation: 0,interpolation_duration: 1}
$data merge entity $(bone_leftlowerleg) {transformation: [-0.964f,-0.2261f,-0.1397f,0.2787f,-0.2497f,0.9506f,0.1844f,1.2791f,0.0911f,0.2127f,-0.9729f,0.4434f,0f,0f,0f,1f],start_interpolation: 0,interpolation_duration: 1}
$data merge entity $(bone_leftleg) {transformation: [-0.9844f,-0.1102f,0.1374f,0.1436f,-0.1587f,0.8934f,-0.4203f,2.1844f,-0.0765f,-0.4356f,-0.8969f,0.0547f,0f,0f,0f,1f],start_interpolation: 0,interpolation_duration: 1}
$data merge entity $(bone_rightfoot) {transformation: [-0.9078f,-0.0658f,0.4142f,-0.4112f,0.0331f,0.9733f,0.2272f,0.2107f,-0.4181f,0.22f,-0.8814f,-0.0265f,0f,0f,0f,1f],start_interpolation: 0,interpolation_duration: 1}
$data merge entity $(bone_rightlowerleg) {transformation: [-0.9078f,-0.0658f,0.4142f,-0.5479f,0.0331f,0.9733f,0.2272f,1.2555f,-0.4181f,0.22f,-0.8814f,0.3529f,0f,0f,0f,1f],start_interpolation: 0,interpolation_duration: 1}
$data merge entity $(bone_rightleg) {transformation: [-0.954f,0.171f,0.2461f,-0.3767f,0.0382f,0.884f,-0.4659f,2.1448f,-0.2973f,-0.4351f,-0.8499f,-0.0263f,0f,0f,0f,1f],start_interpolation: 0,interpolation_duration: 1}
data modify entity @s data merge value {"cameras":{},"locators":{"lefthand":{"posx":0.5693063682711619,"posy":3.03033255767435,"posz":0.7457387371583697,"roty":113.9523340146197,"rotx":-47.20663316296234},"sword":{"posx":-4.354728753504124,"posy":5.677787162069494,"posz":2.3012257057907632,"roty":75.6890036998201,"rotx":-42.11631137121006},"righthand":{"posx":-1.704278730889009,"posy":3.2048101906308886,"posz":1.6250927112150806,"roty":75.6890036998201,"rotx":-42.11631137121006},"chest":{"posx":-0.5586959673847363,"posy":2.5488981187007624,"posz":0.19065321417743147,"roty":0.8605993535759922,"rotx":15.116432218414214}}}