# This file was generated by Animated Java via MC-Build. It is not recommended to edit this file directly.
$data merge entity $(bone_nose) {transformation: [-0.9482f,-0.0777f,0.308f,-0.0495f,-0.0075f,0.9749f,0.2227f,4.1015f,-0.3175f,0.2089f,-0.925f,0.2081f,0f,0f,0f,1f],start_interpolation: 0,interpolation_duration: 1}
$data merge entity $(bone_glowing_eye) {transformation: [-0.9482f,-0.0777f,0.308f,-0.184f,-0.0075f,0.9749f,0.2227f,4.1588f,-0.3175f,0.2089f,-0.925f,0.2148f,0f,0f,0f,1f],start_interpolation: 0,interpolation_duration: 1}
$data merge entity $(bone_head) {transformation: [-0.9482f,-0.0777f,0.308f,0.0178f,-0.0075f,0.9749f,0.2227f,4.0229f,-0.3175f,0.2089f,-0.925f,0.0091f,0f,0f,0f,1f],start_interpolation: 0,interpolation_duration: 1}
$data merge entity $(bone_leftthumb2) {transformation: [-0.4954f,0.0864f,-0.8644f,1.3768f,0.7946f,0.4472f,-0.4107f,3.2269f,0.3511f,-0.8902f,-0.2902f,2.0735f,0f,0f,0f,1f],start_interpolation: 0,interpolation_duration: 1}
$data merge entity $(bone_leftthumb) {transformation: [-0.4954f,0.0864f,-0.8644f,1.3241f,0.7946f,0.4472f,-0.4107f,3.3015f,0.3511f,-0.8902f,-0.2902f,1.8304f,0f,0f,0f,1f],start_interpolation: 0,interpolation_duration: 1}
$data merge entity $(bone_leftpointerfinger) {transformation: [-0.4862f,0.1284f,-0.8644f,1.3094f,0.8299f,0.3776f,-0.4107f,3.0486f,0.2736f,-0.917f,-0.2902f,2.0705f,0f,0f,0f,1f],start_interpolation: 0,interpolation_duration: 1}
$data merge entity $(bone_leftmidfinger) {transformation: [-0.4876f,0.123f,-0.8644f,1.1744f,0.8257f,0.3868f,-0.4107f,2.9844f,0.2839f,-0.9139f,-0.2902f,2.0252f,0f,0f,0f,1f],start_interpolation: 0,interpolation_duration: 1}
$data merge entity $(bone_leftringfinger) {transformation: [-0.4876f,0.123f,-0.8644f,1.0393f,0.8257f,0.3868f,-0.4107f,2.9203f,0.2839f,-0.9139f,-0.2902f,1.9798f,0f,0f,0f,1f],start_interpolation: 0,interpolation_duration: 1}
$data merge entity $(bone_invisibility) {transformation: [0.0107f,0.8686f,0.4954f,1.253f,0.4097f,0.4481f,-0.7946f,3.2593f,-0.9121f,0.2115f,-0.3511f,2.048f,0f,0f,0f,1f],start_interpolation: 0,interpolation_duration: 1}
$data merge entity $(bone_swiftness) {transformation: [-0.8644f,0.0864f,0.4954f,1.0534f,-0.4107f,0.4472f,-0.7946f,3.1632f,-0.2902f,-0.8902f,-0.3511f,2.1325f,0f,0f,0f,1f],start_interpolation: 0,interpolation_duration: 1}
$data merge entity $(bone_suspicious_stew) {transformation: [-0.287f,0.8199f,0.4954f,1.0869f,0.2318f,0.5612f,-0.7946f,3.1614f,-0.9295f,-0.1133f,-0.3511f,2.0354f,0f,0f,0f,1f],start_interpolation: 0,interpolation_duration: 1}
$data merge entity $(bone_log) {transformation: [-0.4954f,0.0864f,-0.8644f,1.0107f,0.7946f,0.4472f,-0.4107f,3.2725f,0.3511f,-0.8902f,-0.2902f,1.9434f,0f,0f,0f,1f],start_interpolation: 0,interpolation_duration: 1}
$data merge entity $(bone_planks) {transformation: [-0.4954f,0.0864f,-0.8644f,0.9643f,0.7946f,0.4472f,-0.4107f,3.347f,0.3511f,-0.8902f,-0.2902f,1.9763f,0f,0f,0f,1f],start_interpolation: 0,interpolation_duration: 1}
$data merge entity $(bone_lefthand1) {transformation: [-0.4954f,0.0864f,-0.8644f,1.1832f,0.7946f,0.4472f,-0.4107f,3.1985f,0.3511f,-0.8902f,-0.2902f,1.6421f,0f,0f,0f,1f],start_interpolation: 0,interpolation_duration: 1}
$data merge entity $(bone_leftforearm) {transformation: [-0.5598f,0.0316f,0.8281f,1.1549f,-0.7611f,0.3756f,-0.5288f,3.3697f,-0.3277f,-0.9263f,-0.1862f,0.9486f,0f,0f,0f,1f],start_interpolation: 0,interpolation_duration: 1}
$data merge entity $(bone_leftelbow) {transformation: [-0.5598f,0.0316f,0.8281f,1.1608f,-0.7611f,0.3756f,-0.5288f,3.4402f,-0.3277f,-0.9263f,-0.1862f,0.7749f,0f,0f,0f,1f],start_interpolation: 0,interpolation_duration: 1}
$data merge entity $(bone_leftarm) {transformation: [-0.6101f,-0.2482f,0.7525f,0.822f,-0.7665f,0.4253f,-0.4812f,3.5112f,-0.2007f,-0.8703f,-0.4497f,0.3185f,0f,0f,0f,1f],start_interpolation: 0,interpolation_duration: 1}
$data merge entity $(bone_rightthumb2) {transformation: [-0.5984f,0.4883f,0.6352f,-2.0264f,-0.6038f,0.2463f,-0.7582f,3.8252f,-0.5267f,-0.8372f,0.1475f,1.0865f,0f,0f,0f,1f],start_interpolation: 0,interpolation_duration: 1}
$data merge entity $(bone_rightthumb) {transformation: [-0.5984f,0.4883f,0.6352f,-1.8523f,-0.6038f,0.2463f,-0.7582f,3.8208f,-0.5267f,-0.8372f,0.1475f,0.8938f,0f,0f,0f,1f],start_interpolation: 0,interpolation_duration: 1}
$data merge entity $(bone_rightpointerfinger) {transformation: [-0.4933f,0.5943f,0.6352f,-2.0483f,-0.5451f,0.3579f,-0.7582f,3.6384f,-0.6779f,-0.7202f,0.1475f,1.1178f,0f,0f,0f,1f],start_interpolation: 0,interpolation_duration: 1}
$data merge entity $(bone_rightmidfinger) {transformation: [-0.5187f,0.5723f,0.6352f,-1.949f,-0.5602f,0.3337f,-0.7582f,3.5199f,-0.6458f,-0.7491f,0.1475f,1.1408f,0f,0f,0f,1f],start_interpolation: 0,interpolation_duration: 1}
$data merge entity $(bone_rightringfinger) {transformation: [-0.5336f,0.5584f,0.6352f,-1.8498f,-0.5688f,0.3189f,-0.7582f,3.4015f,-0.6259f,-0.7659f,0.1475f,1.1639f,0f,0f,0f,1f],start_interpolation: 0,interpolation_duration: 1}
$data merge entity $(bone_hugeasssword) {transformation: [-2.3438f,1.9126f,2.4878f,-1.7008f,-2.3648f,0.9646f,-2.9695f,3.7422f,-2.0627f,-3.279f,0.5775f,1.1084f,0f,0f,0f,1f],start_interpolation: 0,interpolation_duration: 1}
$data merge entity $(bone_ice) {transformation: [-0.5984f,0.4883f,0.6352f,-1.6991f,-0.6038f,0.2463f,-0.7582f,3.7478f,-0.5267f,-0.8372f,0.1475f,1.1297f,0f,0f,0f,1f],start_interpolation: 0,interpolation_duration: 1}
$data merge entity $(bone_righthand1) {transformation: [-0.5984f,0.4883f,0.6352f,-1.7067f,-0.6038f,0.2463f,-0.7582f,3.6347f,-0.5267f,-0.8372f,0.1475f,0.7933f,0f,0f,0f,1f],start_interpolation: 0,interpolation_duration: 1}
$data merge entity $(bone_rightforearm) {transformation: [-0.4273f,0.2874f,-0.8572f,-1.4516f,0.8912f,-0.026f,-0.4529f,3.538f,-0.1524f,-0.9575f,-0.245f,0.131f,0f,0f,0f,1f],start_interpolation: 0,interpolation_duration: 1}
$data merge entity $(bone_rightelbow) {transformation: [-0.4273f,0.2874f,-0.8572f,-1.3977f,0.8912f,-0.026f,-0.4529f,3.5331f,-0.1524f,-0.9575f,-0.245f,-0.0485f,0f,0f,0f,1f],start_interpolation: 0,interpolation_duration: 1}
$data merge entity $(bone_rightarm) {transformation: [-0.4954f,0.7594f,-0.4218f,-0.8285f,0.8018f,0.2128f,-0.5584f,3.5204f,-0.3343f,-0.6148f,-0.7143f,-0.2009f,0f,0f,0f,1f],start_interpolation: 0,interpolation_duration: 1}
$data merge entity $(bone_chest1) {transformation: [-1.0272f,-0.0841f,0.3337f,0.0917f,-0.0081f,1.0561f,0.2413f,3.4009f,-0.344f,0.2263f,-1.002f,-0.2043f,0f,0f,0f,1f],start_interpolation: 0,interpolation_duration: 1}
$data merge entity $(bone_chest1lid) {transformation: [-0.9482f,-0.0777f,0.308f,-0.2995f,-0.0075f,0.9749f,0.2227f,2.6449f,-0.3175f,0.2089f,-0.925f,-0.0935f,0f,0f,0f,1f],start_interpolation: 0,interpolation_duration: 1}
$data merge entity $(bone_chest2) {transformation: [-0.9482f,-0.0777f,0.308f,-0.2873f,-0.0075f,0.9749f,0.2227f,2.4926f,-0.3175f,0.2089f,-0.925f,-0.1262f,0f,0f,0f,1f],start_interpolation: 0,interpolation_duration: 1}
$data merge entity $(bone_chest1lid3) {transformation: [-0.9482f,-0.0777f,0.308f,-0.0429f,-0.0075f,0.9749f,0.2227f,2.7881f,-0.3175f,0.2089f,-0.925f,-0.6662f,0f,0f,0f,1f],start_interpolation: 0,interpolation_duration: 1}
$data merge entity $(bone_chest3) {transformation: [-0.9482f,-0.0777f,0.308f,-0.0308f,-0.0075f,0.9749f,0.2227f,2.6358f,-0.3175f,0.2089f,-0.925f,-0.6989f,0f,0f,0f,1f],start_interpolation: 0,interpolation_duration: 1}
$data merge entity $(bone_hugeasssword2) {transformation: [-1.2063f,2.5326f,-2.7333f,-1.0851f,-0.8723f,2.6012f,2.7952f,4.5818f,3.6227f,1.4697f,-0.2371f,-0.5982f,0f,0f,0f,1f],start_interpolation: 0,interpolation_duration: 1}
$data merge entity $(bone_belt) {transformation: [-0.9482f,-0.0777f,0.308f,0.1127f,-0.0075f,0.9749f,0.2227f,2.9837f,-0.3175f,0.2089f,-0.925f,-0.1563f,0f,0f,0f,1f],start_interpolation: 0,interpolation_duration: 1}
$data merge entity $(bone_torn_part) {transformation: [-0.9344f,-0.1123f,0.3379f,-0.033f,-0.0519f,0.9818f,0.1829f,2.667f,-0.3523f,0.1534f,-0.9232f,-0.0937f,0f,0f,0f,1f],start_interpolation: 0,interpolation_duration: 1}
$data merge entity $(bone_lowerbody) {transformation: [-0.9344f,-0.0055f,0.3561f,0.0109f,-0.0519f,0.9913f,-0.1208f,2.205f,-0.3523f,-0.1313f,-0.9266f,0.1352f,0f,0f,0f,1f],start_interpolation: 0,interpolation_duration: 1}
$data merge entity $(bone_leftfoot) {transformation: [-0.9687f,-0.2311f,0.0906f,0.5643f,-0.2019f,0.9459f,0.254f,0.2225f,-0.1444f,0.2278f,-0.963f,-0.0197f,0f,0f,0f,1f],start_interpolation: 0,interpolation_duration: 1}
$data merge entity $(bone_leftlowerleg) {transformation: [-0.9687f,-0.2311f,0.0906f,0.294f,-0.2019f,0.9459f,0.254f,1.2328f,-0.1444f,0.2278f,-0.963f,0.3809f,0f,0f,0f,1f],start_interpolation: 0,interpolation_duration: 1}
$data merge entity $(bone_leftleg) {transformation: [-0.9517f,0.028f,0.3058f,0.2863f,-0.0732f,0.9464f,-0.3145f,2.1951f,-0.2982f,-0.3217f,-0.8987f,0.0975f,0f,0f,0f,1f],start_interpolation: 0,interpolation_duration: 1}
$data merge entity $(bone_rightfoot) {transformation: [-0.9055f,0.036f,0.4229f,-0.4299f,0.1245f,0.9751f,0.1834f,0.2005f,-0.4058f,0.2187f,-0.8874f,-0.1078f,0f,0f,0f,1f],start_interpolation: 0,interpolation_duration: 1}
$data merge entity $(bone_rightlowerleg) {transformation: [-0.9055f,0.036f,0.4229f,-0.4549f,0.1245f,0.9751f,0.1834f,1.2541f,-0.4058f,0.2187f,-0.8874f,0.2712f,0f,0f,0f,1f],start_interpolation: 0,interpolation_duration: 1}
$data merge entity $(bone_rightleg) {transformation: [-0.9071f,0.2396f,0.3462f,-0.2058f,0.0594f,0.8869f,-0.4581f,2.1541f,-0.4168f,-0.395f,-0.8187f,-0.0556f,0f,0f,0f,1f],start_interpolation: 0,interpolation_duration: 1}
data modify entity @s data merge value {"cameras":{},"locators":{"lefthand":{"posx":1.0639229153580418,"posy":3.1695103814988124,"posz":1.9845688199187232,"roty":288.55641085947184,"rotx":-24.246907097256166},"sword":{"posx":-4.1149530910195,"posy":6.494883836277863,"posz":0.5473673060642128,"roty":103.0691835865603,"rotx":-49.302097284382306},"righthand":{"posx":-1.7727248410377885,"posy":3.6991754537275123,"posz":1.0910930776856416,"roty":103.0691835865603,"rotx":-49.302097284382306},"chest":{"posx":-0.37238408868893336,"posy":2.548975704034434,"posz":0.028015352612585143,"roty":18.416826741765703,"rotx":12.869071012859813}}}