# This file was generated by Animated Java via MC-Build. It is not recommended to edit this file directly.
$data merge entity $(bone_nose) {transformation: [-0.9452f,-0.0668f,0.3197f,-0.0291f,0.0184f,0.9664f,0.2563f,4.1011f,-0.326f,0.2481f,-0.9122f,0.3611f,0f,0f,0f,1f],start_interpolation: 0,interpolation_duration: 1}
$data merge entity $(bone_glowing_eye) {transformation: [-0.9452f,-0.0668f,0.3197f,-0.1629f,0.0184f,0.9664f,0.2563f,4.1599f,-0.326f,0.2481f,-0.9122f,0.369f,0f,0f,0f,1f],start_interpolation: 0,interpolation_duration: 1}
$data merge entity $(bone_head) {transformation: [-0.9452f,-0.0668f,0.3197f,0.039f,0.0184f,0.9664f,0.2563f,4.0297f,-0.326f,0.2481f,-0.9122f,0.1597f,0f,0f,0f,1f],start_interpolation: 0,interpolation_duration: 1}
$data merge entity $(bone_leftthumb2) {transformation: [-0.6732f,0.0845f,-0.7346f,1.3016f,0.7054f,0.3714f,-0.6037f,3.4247f,0.2218f,-0.9246f,-0.3096f,2.2645f,0f,0f,0f,1f],start_interpolation: 0,interpolation_duration: 1}
$data merge entity $(bone_leftthumb) {transformation: [-0.6732f,0.0845f,-0.7346f,1.2595f,0.7054f,0.3714f,-0.6037f,3.4642f,0.2218f,-0.9246f,-0.3096f,2.0113f,0f,0f,0f,1f],start_interpolation: 0,interpolation_duration: 1}
$data merge entity $(bone_leftpointerfinger) {transformation: [-0.6594f,0.1598f,-0.7346f,1.271f,0.7427f,0.2896f,-0.6037f,3.2369f,0.1163f,-0.9437f,-0.3096f,2.2759f,0f,0f,0f,1f],start_interpolation: 0,interpolation_duration: 1}
$data merge entity $(bone_leftmidfinger) {transformation: [-0.6617f,0.1501f,-0.7346f,1.1562f,0.7384f,0.3005f,-0.6037f,3.1425f,0.1301f,-0.9419f,-0.3096f,2.2275f,0f,0f,0f,1f],start_interpolation: 0,interpolation_duration: 1}
$data merge entity $(bone_leftringfinger) {transformation: [-0.6617f,0.1501f,-0.7346f,1.0414f,0.7384f,0.3005f,-0.6037f,3.0482f,0.1301f,-0.9419f,-0.3096f,2.1791f,0f,0f,0f,1f],start_interpolation: 0,interpolation_duration: 1}
$data merge entity $(bone_invisibility) {transformation: [0.0202f,0.7392f,0.6732f,1.177f,0.3173f,0.6338f,-0.7054f,3.4286f,-0.9481f,0.2279f,-0.2218f,2.226f,0f,0f,0f,1f],start_interpolation: 0,interpolation_duration: 1}
$data merge entity $(bone_swiftness) {transformation: [-0.7346f,0.0845f,0.6732f,0.9927f,-0.6037f,0.3714f,-0.7054f,3.3019f,-0.3096f,-0.9246f,-0.2218f,2.3047f,0f,0f,0f,1f],start_interpolation: 0,interpolation_duration: 1}
$data merge entity $(bone_suspicious_stew) {transformation: [-0.2339f,0.7015f,0.6732f,1.0353f,0.0814f,0.7041f,-0.7054f,3.298f,-0.9689f,-0.1102f,-0.2218f,2.2113f,0f,0f,0f,1f],start_interpolation: 0,interpolation_duration: 1}
$data merge entity $(bone_log) {transformation: [-0.6732f,0.0845f,-0.7346f,0.9483f,0.7054f,0.3714f,-0.6037f,3.3822f,0.2218f,-0.9246f,-0.3096f,2.102f,0f,0f,0f,1f],start_interpolation: 0,interpolation_duration: 1}
$data merge entity $(bone_planks) {transformation: [-0.6732f,0.0845f,-0.7346f,0.8852f,0.7054f,0.3714f,-0.6037f,3.4484f,0.2218f,-0.9246f,-0.3096f,2.1228f,0f,0f,0f,1f],start_interpolation: 0,interpolation_duration: 1}
$data merge entity $(bone_lefthand1) {transformation: [-0.6732f,0.0845f,-0.7346f,1.1607f,0.7054f,0.3714f,-0.6037f,3.3176f,0.2218f,-0.9246f,-0.3096f,1.8251f,0f,0f,0f,1f],start_interpolation: 0,interpolation_duration: 1}
$data merge entity $(bone_leftforearm) {transformation: [-0.5582f,0.061f,0.8275f,1.1589f,-0.7867f,0.2779f,-0.5512f,3.4207f,-0.2636f,-0.9587f,-0.1072f,1.1193f,0f,0f,0f,1f],start_interpolation: 0,interpolation_duration: 1}
$data merge entity $(bone_leftelbow) {transformation: [-0.5582f,0.061f,0.8275f,1.1703f,-0.7867f,0.2779f,-0.5512f,3.4728f,-0.2636f,-0.9587f,-0.1072f,0.9396f,0f,0f,0f,1f],start_interpolation: 0,interpolation_duration: 1}
$data merge entity $(bone_leftarm) {transformation: [-0.6155f,-0.2344f,0.7525f,0.834f,-0.776f,0.3471f,-0.5266f,3.5075f,-0.1378f,-0.908f,-0.3956f,0.475f,0f,0f,0f,1f],start_interpolation: 0,interpolation_duration: 1}
$data merge entity $(bone_rightthumb2) {transformation: [-0.6919f,-0.6405f,-0.3333f,-0.294f,0.5735f,-0.207f,-0.7927f,4.277f,0.4387f,-0.7396f,0.5105f,0.883f,0f,0f,0f,1f],start_interpolation: 0,interpolation_duration: 1}
$data merge entity $(bone_rightthumb) {transformation: [-0.6919f,-0.6405f,-0.3333f,-0.4796f,0.5735f,-0.207f,-0.7927f,4.1585f,0.4387f,-0.7396f,0.5105f,0.7453f,0f,0f,0f,1f],start_interpolation: 0,interpolation_duration: 1}
$data merge entity $(bone_rightpointerfinger) {transformation: [-0.0646f,-0.9406f,-0.3333f,-0.3607f,0.5594f,0.2425f,-0.7927f,4.252f,0.8264f,-0.2376f,0.5105f,1.0599f,0f,0f,0f,1f],start_interpolation: 0,interpolation_duration: 1}
$data merge entity $(bone_rightmidfinger) {transformation: [-0.0235f,-0.9425f,-0.3333f,-0.4128f,0.5482f,0.2667f,-0.7927f,4.1281f,0.836f,-0.2013f,0.5105f,1.1396f,0f,0f,0f,1f],start_interpolation: 0,interpolation_duration: 1}
$data merge entity $(bone_rightringfinger) {transformation: [-0.0979f,-0.9377f,-0.3333f,-0.4649f,0.5676f,0.2225f,-0.7927f,4.0043f,0.8175f,-0.2668f,0.5105f,1.2194f,0f,0f,0f,1f],start_interpolation: 0,interpolation_duration: 1}
$data merge entity $(bone_hugeasssword) {transformation: [-2.7098f,-2.5086f,-1.3054f,-0.3539f,2.246f,-0.8106f,-3.1046f,3.9461f,1.7183f,-2.8966f,1.9994f,0.8649f,0f,0f,0f,1f],start_interpolation: 0,interpolation_duration: 1}
$data merge entity $(bone_ice) {transformation: [-0.6919f,-0.6405f,-0.3333f,-0.3331f,0.5735f,-0.207f,-0.7927f,3.9404f,0.4387f,-0.7396f,0.5105f,0.8696f,0f,0f,0f,1f],start_interpolation: 0,interpolation_duration: 1}
$data merge entity $(bone_righthand1) {transformation: [-0.6919f,-0.6405f,-0.3333f,-0.6766f,0.5735f,-0.207f,-0.7927f,4.0073f,0.4387f,-0.7396f,0.5105f,0.8103f,0f,0f,0f,1f],start_interpolation: 0,interpolation_duration: 1}
$data merge entity $(bone_rightforearm) {transformation: [-0.046f,-0.7684f,-0.6383f,-1.2172f,0.9463f,-0.2383f,0.2186f,3.7663f,-0.3201f,-0.594f,0.7381f,0.4171f,0f,0f,0f,1f],start_interpolation: 0,interpolation_duration: 1}
$data merge entity $(bone_rightelbow) {transformation: [-0.046f,-0.7684f,-0.6383f,-1.3613f,0.9463f,-0.2383f,0.2186f,3.7216f,-0.3201f,-0.594f,0.7381f,0.3057f,0f,0f,0f,1f],start_interpolation: 0,interpolation_duration: 1}
$data merge entity $(bone_rightarm) {transformation: [-0.4359f,0.5198f,-0.7347f,-0.7826f,0.8432f,-0.0497f,-0.5354f,3.5784f,-0.3148f,-0.8528f,-0.4166f,-0.0472f,0f,0f,0f,1f],start_interpolation: 0,interpolation_duration: 1}
$data merge entity $(bone_chest1) {transformation: [-1.0239f,-0.0724f,0.3463f,0.1068f,0.0199f,1.047f,0.2776f,3.4161f,-0.3532f,0.2688f,-0.9882f,-0.0785f,0f,0f,0f,1f],start_interpolation: 0,interpolation_duration: 1}
$data merge entity $(bone_chest1lid) {transformation: [-0.9452f,-0.0668f,0.3197f,-0.2954f,0.0184f,0.9664f,0.2563f,2.6616f,-0.326f,0.2481f,-0.9122f,-0.0024f,0f,0f,0f,1f],start_interpolation: 0,interpolation_duration: 1}
$data merge entity $(bone_chest2) {transformation: [-0.9452f,-0.0668f,0.3197f,-0.2849f,0.0184f,0.9664f,0.2563f,2.5106f,-0.326f,0.2481f,-0.9122f,-0.0412f,0f,0f,0f,1f],start_interpolation: 0,interpolation_duration: 1}
$data merge entity $(bone_chest1lid3) {transformation: [-0.9452f,-0.0668f,0.3197f,-0.0315f,0.0184f,0.9664f,0.2563f,2.8246f,-0.326f,0.2481f,-0.9122f,-0.5664f,0f,0f,0f,1f],start_interpolation: 0,interpolation_duration: 1}
$data merge entity $(bone_chest3) {transformation: [-0.9452f,-0.0668f,0.3197f,-0.0211f,0.0184f,0.9664f,0.2563f,2.6736f,-0.326f,0.2481f,-0.9122f,-0.6052f,0f,0f,0f,1f],start_interpolation: 0,interpolation_duration: 1}
$data merge entity $(bone_hugeasssword2) {transformation: [-1.252f,2.5526f,-2.6939f,-1.0505f,-1.0038f,2.5041f,2.8394f,4.628f,3.5729f,1.598f,-0.1463f,-0.434f,0f,0f,0f,1f],start_interpolation: 0,interpolation_duration: 1}
$data merge entity $(bone_belt) {transformation: [-0.9452f,-0.0668f,0.3197f,0.1218f,0.0184f,0.9664f,0.2563f,2.997f,-0.326f,0.2481f,-0.9122f,-0.0475f,0f,0f,0f,1f],start_interpolation: 0,interpolation_duration: 1}
$data merge entity $(bone_torn_part) {transformation: [-0.9292f,-0.1681f,0.3292f,0.0079f,-0.0436f,0.9343f,0.3539f,2.6907f,-0.367f,0.3145f,-0.8754f,-0.0659f,0f,0f,0f,1f],start_interpolation: 0,interpolation_duration: 1}
$data merge entity $(bone_lowerbody) {transformation: [-0.9292f,-0.0613f,0.3645f,0.0773f,-0.0436f,0.9974f,0.0566f,2.2f,-0.367f,0.0367f,-0.9295f,0.0827f,0f,0f,0f,1f],start_interpolation: 0,interpolation_duration: 1}
$data merge entity $(bone_leftfoot) {transformation: [-0.9742f,-0.1996f,0.105f,0.5542f,-0.1715f,0.958f,0.2297f,0.2167f,-0.1464f,0.2058f,-0.9676f,0.0355f,0f,0f,0f,1f],start_interpolation: 0,interpolation_duration: 1}
$data merge entity $(bone_leftlowerleg) {transformation: [-0.9742f,-0.1996f,0.105f,0.3167f,-0.1715f,0.958f,0.2297f,1.2442f,-0.1464f,0.2058f,-0.9676f,0.4125f,0f,0f,0f,1f],start_interpolation: 0,interpolation_duration: 1}
$data merge entity $(bone_leftleg) {transformation: [-0.949f,0.058f,0.31f,0.3404f,-0.0624f,0.9289f,-0.3649f,2.1885f,-0.3091f,-0.3657f,-0.8779f,0.0855f,0f,0f,0f,1f],start_interpolation: 0,interpolation_duration: 1}
$data merge entity $(bone_rightfoot) {transformation: [-0.9031f,0.0291f,0.4285f,-0.4214f,0.0834f,0.9906f,0.1085f,0.189f,-0.4214f,0.1338f,-0.897f,-0.0317f,0f,0f,0f,1f],start_interpolation: 0,interpolation_duration: 1}
$data merge entity $(bone_rightlowerleg) {transformation: [-0.9031f,0.0291f,0.4285f,-0.455f,0.0834f,0.9906f,0.1085f,1.2712f,-0.4214f,0.1338f,-0.897f,0.2545f,0f,0f,0f,1f],start_interpolation: 0,interpolation_duration: 1}
$data merge entity $(bone_rightleg) {transformation: [-0.9014f,0.2917f,0.3199f,-0.1581f,0.1092f,0.8682f,-0.484f,2.1534f,-0.4189f,-0.4014f,-0.8145f,-0.0846f,0f,0f,0f,1f],start_interpolation: 0,interpolation_duration: 1}
data modify entity @s data merge value {"cameras":{},"locators":{"lefthand":{"posx":1.016291699411747,"posy":3.296533245827893,"posz":2.1582980682152115,"roty":292.8544625221117,"rotx":-37.1374851434305},"sword":{"posx":0.8463325601568865,"posy":6.932753852092683,"posz":-0.9680817452663953,"roty":213.14162360117888,"rotx":-52.43541763532794},"righthand":{"posx":-0.3827291977391702,"posy":4.0097955586627085,"posz":0.9143045753772686,"roty":213.14162360117888,"rotx":-52.43541763532794},"chest":{"posx":-0.37068351599868177,"posy":2.561744681999964,"posz":0.11443814505919334,"roty":19.311077456851905,"rotx":14.849373074894588}}}