# This file was generated by Animated Java via MC-Build. It is not recommended to edit this file directly.
$data merge entity $(nose) {transformation: [-0.998f,-0.037f,0.0511f,-0.1169f,-0.0256f,0.9778f,0.208f,4.0409f,-0.0576f,0.2062f,-0.9768f,0.1373f,0f,0f,0f,1f],start_interpolation: 0,interpolation_duration: 1}
$data merge entity $(glowing_eye) {transformation: [-0.998f,-0.037f,0.0511f,-0.2459f,-0.0256f,0.9778f,0.208f,4.0966f,-0.0576f,0.2062f,-0.9768f,0.1782f,0f,0f,0f,1f],start_interpolation: 0,interpolation_duration: 1}
$data merge entity $(head) {transformation: [-0.998f,-0.037f,0.0511f,-0.1027f,-0.0256f,0.9778f,0.208f,3.9591f,-0.0576f,0.2062f,-0.9768f,-0.071f,0f,0f,0f,1f],start_interpolation: 0,interpolation_duration: 1}
$data merge entity $(leftthumb2) {transformation: [-0.8929f,0.2009f,0.403f,0.7365f,-0.2183f,0.5896f,-0.7776f,3.1969f,-0.3938f,-0.7823f,-0.4826f,1.7099f,0f,0f,0f,1f],start_interpolation: 0,interpolation_duration: 1}
$data merge entity $(leftthumb) {transformation: [-0.8929f,0.2009f,0.403f,0.8202f,-0.2183f,0.5896f,-0.7776f,3.2751f,-0.3938f,-0.7823f,-0.4826f,1.4768f,0f,0f,0f,1f],start_interpolation: 0,interpolation_duration: 1}
$data merge entity $(leftpointerfinger) {transformation: [-0.8526f,0.3327f,0.403f,0.8709f,-0.1273f,0.6157f,-0.7776f,3.069f,-0.5069f,-0.7143f,-0.4826f,1.754f,0f,0f,0f,1f],start_interpolation: 0,interpolation_duration: 1}
$data merge entity $(leftmidfinger) {transformation: [-0.859f,0.3159f,0.403f,0.9338f,-0.1394f,0.6131f,-0.7776f,2.9475f,-0.4927f,-0.7241f,-0.4826f,1.6786f,0f,0f,0f,1f],start_interpolation: 0,interpolation_duration: 1}
$data merge entity $(leftringfinger) {transformation: [-0.859f,0.3159f,0.403f,0.9968f,-0.1394f,0.6131f,-0.7776f,2.826f,-0.4927f,-0.7241f,-0.4826f,1.6032f,0f,0f,0f,1f],start_interpolation: 0,interpolation_duration: 1}
$data merge entity $(invisibility) {transformation: [0.2352f,-0.384f,0.8929f,0.7128f,0.5196f,0.826f,0.2183f,3.1169f,-0.8214f,0.4126f,0.3938f,1.6097f,0f,0f,0f,1f],start_interpolation: 0,interpolation_duration: 1}
$data merge entity $(swiftness) {transformation: [0.403f,0.2009f,0.8929f,0.7147f,-0.7776f,0.5896f,0.2183f,2.8798f,-0.4826f,-0.7823f,0.3938f,1.6046f,0f,0f,0f,1f],start_interpolation: 0,interpolation_duration: 1}
$data merge entity $(suspicious_stew) {transformation: [0.3524f,-0.2804f,0.8929f,0.779f,0.2057f,0.9539f,0.2183f,2.9434f,-0.913f,0.1068f,0.3938f,1.5559f,0f,0f,0f,1f],start_interpolation: 0,interpolation_duration: 1}
$data merge entity $(log) {transformation: [-0.8929f,0.2009f,0.403f,0.7393f,-0.2183f,0.5896f,-0.7776f,2.9602f,-0.3938f,-0.7823f,-0.4826f,1.3985f,0f,0f,0f,1f],start_interpolation: 0,interpolation_duration: 1}
$data merge entity $(planks) {transformation: [-0.8929f,0.2009f,0.403f,0.6556f,-0.2183f,0.5896f,-0.7776f,2.9397f,-0.3938f,-0.7823f,-0.4826f,1.3616f,0f,0f,0f,1f],start_interpolation: 0,interpolation_duration: 1}
$data merge entity $(lefthand1) {transformation: [-0.8929f,0.2009f,0.403f,1.0001f,-0.2183f,0.5896f,-0.7776f,3.1865f,-0.3938f,-0.7823f,-0.4826f,1.3165f,0f,0f,0f,1f],start_interpolation: 0,interpolation_duration: 1}
$data merge entity $(leftforearm) {transformation: [-0.5148f,0.1285f,0.8476f,1.0609f,-0.7942f,0.301f,-0.5279f,3.3425f,-0.323f,-0.9449f,-0.0529f,0.642f,0f,0f,0f,1f],start_interpolation: 0,interpolation_duration: 1}
$data merge entity $(leftelbow) {transformation: [-0.5148f,0.1285f,0.8476f,1.085f,-0.7942f,0.301f,-0.5279f,3.399f,-0.323f,-0.9449f,-0.0529f,0.4648f,0f,0f,0f,1f],start_interpolation: 0,interpolation_duration: 1}
$data merge entity $(leftarm) {transformation: [-0.6018f,-0.2395f,0.7619f,0.7344f,-0.7768f,0.3972f,-0.4887f,3.4648f,-0.1856f,-0.8859f,-0.4251f,0.012f,0f,0f,0f,1f],start_interpolation: 0,interpolation_duration: 1}
$data merge entity $(rightthumb2) {transformation: [0.08f,-0.8898f,0.4494f,0.2587f,0.903f,-0.1262f,-0.4107f,3.7911f,0.4221f,0.4386f,0.7933f,-0.1369f,0f,0f,0f,1f],start_interpolation: 0,interpolation_duration: 1}
$data merge entity $(rightthumb) {transformation: [0.08f,-0.8898f,0.4494f,0.0788f,0.903f,-0.1262f,-0.4107f,3.725f,0.4221f,0.4386f,0.7933f,0.0385f,0f,0f,0f,1f],start_interpolation: 0,interpolation_duration: 1}
$data merge entity $(rightpointerfinger) {transformation: [-0.2289f,-0.8635f,0.4494f,0.4006f,0.8055f,-0.4272f,-0.4107f,3.846f,0.5466f,0.268f,0.7933f,-0.0221f,0f,0f,0f,1f],start_interpolation: 0,interpolation_duration: 1}
$data merge entity $(rightmidfinger) {transformation: [-0.191f,-0.8727f,0.4494f,0.4708f,0.8234f,-0.3916f,-0.4107f,3.7818f,0.5344f,0.2916f,0.7933f,0.1019f,0f,0f,0f,1f],start_interpolation: 0,interpolation_duration: 1}
$data merge entity $(rightringfinger) {transformation: [-0.1527f,-0.8802f,0.4494f,0.541f,0.8397f,-0.3554f,-0.4107f,3.7176f,0.5212f,0.3146f,0.7933f,0.2258f,0f,0f,0f,1f],start_interpolation: 0,interpolation_duration: 1}
$data merge entity $(hugeasssword) {transformation: [0.3134f,-3.4849f,1.76f,0.2618f,3.5367f,-0.4943f,-1.6086f,3.5227f,1.6534f,1.718f,3.1073f,0.0664f,0f,0f,0f,1f],start_interpolation: 0,interpolation_duration: 1}
$data merge entity $(whey) {transformation: [0f,0f,0f,0.2683f,0f,0f,0f,3.4371f,0f,0f,0f,-0.1588f,0f,0f,0f,1f],start_interpolation: 0,interpolation_duration: 1}
$data merge entity $(ice) {transformation: [0.08f,-0.8898f,0.4494f,0.2745f,0.903f,-0.1262f,-0.4107f,3.5106f,0.4221f,0.4386f,0.7933f,0.053f,0f,0f,0f,1f],start_interpolation: 0,interpolation_duration: 1}
$data merge entity $(righthand1) {transformation: [0.08f,-0.8898f,0.4494f,0.0861f,0.903f,-0.1262f,-0.4107f,3.6919f,0.4221f,0.4386f,0.7933f,0.293f,0f,0f,0f,1f],start_interpolation: 0,interpolation_duration: 1}
$data merge entity $(rightforearm) {transformation: [-0.2879f,-0.8999f,0.3275f,-0.5205f,0.9561f,-0.2897f,0.0443f,3.4386f,0.055f,0.3259f,0.9438f,0.5262f,0f,0f,0f,1f],start_interpolation: 0,interpolation_duration: 1}
$data merge entity $(rightelbow) {transformation: [-0.2879f,-0.8999f,0.3275f,-0.6892f,0.9561f,-0.2897f,0.0443f,3.3843f,0.055f,0.3259f,0.9438f,0.5873f,0f,0f,0f,1f],start_interpolation: 0,interpolation_duration: 1}
$data merge entity $(rightarm) {transformation: [-0.4798f,-0.71f,-0.5154f,-0.9254f,0.6804f,0.0698f,-0.7295f,3.3937f,0.5539f,-0.7007f,0.4496f,-0.1277f,0f,0f,0f,1f],start_interpolation: 0,interpolation_duration: 1}
$data merge entity $(chest1) {transformation: [-1.0812f,-0.0401f,0.0553f,-0.0766f,-0.0278f,1.0593f,0.2253f,3.334f,-0.0624f,0.2234f,-1.0582f,-0.2864f,0f,0f,0f,1f],start_interpolation: 0,interpolation_duration: 1}
$data merge entity $(chest1lid) {transformation: [-0.998f,-0.037f,0.0511f,-0.412f,-0.0256f,0.9778f,0.208f,2.5756f,-0.0576f,0.2062f,-0.9768f,-0.0647f,0f,0f,0f,1f],start_interpolation: 0,interpolation_duration: 1}
$data merge entity $(chest2) {transformation: [-0.998f,-0.037f,0.0511f,-0.4062f,-0.0256f,0.9778f,0.208f,2.4228f,-0.0576f,0.2062f,-0.9768f,-0.097f,0f,0f,0f,1f],start_interpolation: 0,interpolation_duration: 1}
$data merge entity $(chest1lid3) {transformation: [-0.998f,-0.037f,0.0511f,-0.3169f,-0.0256f,0.9778f,0.208f,2.7104f,-0.0576f,0.2062f,-0.9768f,-0.6869f,0f,0f,0f,1f],start_interpolation: 0,interpolation_duration: 1}
$data merge entity $(chest3) {transformation: [-0.998f,-0.037f,0.0511f,-0.3111f,-0.0256f,0.9778f,0.208f,2.5576f,-0.0576f,0.2062f,-0.9768f,-0.7191f,0f,0f,0f,1f],start_interpolation: 0,interpolation_duration: 1}
$data merge entity $(hugeasssword2) {transformation: [-0.2f,2.7839f,-2.7478f,-1.3356f,-0.8145f,2.6614f,2.7557f,4.492f,3.8258f,0.7122f,0.443f,-0.3769f,0f,0f,0f,1f],start_interpolation: 0,interpolation_duration: 1}
$data merge entity $(belt) {transformation: [-0.998f,-0.037f,0.0511f,-0.0365f,-0.0256f,0.9778f,0.208f,2.9181f,-0.0576f,0.2062f,-0.9768f,-0.2388f,0f,0f,0f,1f],start_interpolation: 0,interpolation_duration: 1}
$data merge entity $(torn_part) {transformation: [-0.9795f,-0.1347f,0.15f,-0.1001f,-0.1264f,0.9899f,0.0639f,2.5962f,-0.1571f,0.0436f,-0.9866f,-0.1018f,0f,0f,0f,1f],start_interpolation: 0,interpolation_duration: 1}
$data merge entity $(lowerbody) {transformation: [-0.9795f,-0.0834f,0.1835f,0.0105f,-0.1264f,0.9633f,-0.2367f,2.1715f,-0.1571f,-0.2551f,-0.9541f,0.1722f,0f,0f,0f,1f],start_interpolation: 0,interpolation_duration: 1}
$data merge entity $(leftfoot) {transformation: [-0.9803f,-0.1768f,-0.0877f,0.5123f,-0.1944f,0.9419f,0.2741f,0.2278f,0.0342f,0.2858f,-0.9577f,-0.083f,0f,0f,0f,1f],start_interpolation: 0,interpolation_duration: 1}
$data merge entity $(leftlowerleg) {transformation: [-0.9803f,-0.1768f,-0.0877f,0.3297f,-0.1944f,0.9419f,0.2741f,1.2305f,0.0342f,0.2858f,-0.9577f,0.3812f,0f,0f,0f,1f],start_interpolation: 0,interpolation_duration: 1}
$data merge entity $(leftleg) {transformation: [-0.9899f,-0.036f,0.1372f,0.2668f,-0.083f,0.9313f,-0.3547f,2.1712f,-0.115f,-0.3625f,-0.9248f,0.0656f,0f,0f,0f,1f],start_interpolation: 0,interpolation_duration: 1}
$data merge entity $(rightfoot) {transformation: [-0.9222f,0.0491f,0.3836f,-0.4316f,0.1774f,0.9351f,0.3069f,0.2126f,-0.3436f,0.3511f,-0.871f,-0.1449f,0f,0f,0f,1f],start_interpolation: 0,interpolation_duration: 1}
$data merge entity $(rightlowerleg) {transformation: [-0.9222f,0.0491f,0.3836f,-0.436f,0.1774f,0.9351f,0.3069f,1.2027f,-0.3436f,0.3511f,-0.871f,0.3783f,0f,0f,0f,1f],start_interpolation: 0,interpolation_duration: 1}
$data merge entity $(rightleg) {transformation: [-0.9524f,0.1817f,0.2449f,-0.2415f,0.0483f,0.8828f,-0.4673f,2.0864f,-0.3011f,-0.4332f,-0.8495f,0.0145f,0f,0f,0f,1f],start_interpolation: 0,interpolation_duration: 1}
data modify entity @s data merge value {"cameras":{},"locators":{"soup":{"px":0.7028948486695467,"py":3.1005603852040817,"pz":1.5618965815623362,"ry":113.8016917757811,"rx":12.61174009110279},"lefthand":{"px":0.8009958526497736,"py":2.9467635756184767,"pz":1.5041029668838575,"ry":39.86597149782628,"rx":-51.04232481596772},"sword":{"px":-1.3681618046137747,"py":5.1180761535649735,"pz":-2.8521704706413327,"ry":150.47234770905266,"rx":-24.248755114616472},"righthand":{"px":0.2888548419386039,"py":3.6036234349191396,"pz":0.0733012940548422,"ry":150.47234770905266,"rx":-24.248755114616472},"chest":{"px":-0.448833622168011,"py":2.4811614202561523,"pz":0.07319237977305657,"ry":2.9932361728099295,"rx":12.002474528898164}}}