# This file was generated by Animated Java via MC-Build. It is not recommended to edit this file directly.
$data merge entity $(nose) {transformation: [-0.9934f,-0.0469f,0.1048f,-0.1387f,-0.0206f,0.9709f,0.2388f,4.0089f,-0.113f,0.235f,-0.9654f,0.1784f,0f,0f,0f,1f],start_interpolation: 0,interpolation_duration: 1}
$data merge entity $(glowing_eye) {transformation: [-0.9934f,-0.0469f,0.1048f,-0.2698f,-0.0206f,0.9709f,0.2388f,4.0637f,-0.113f,0.235f,-0.9654f,0.2138f,0f,0f,0f,1f],start_interpolation: 0,interpolation_duration: 1}
$data merge entity $(head) {transformation: [-0.9934f,-0.0469f,0.1048f,-0.1133f,-0.0206f,0.9709f,0.2388f,3.9338f,-0.113f,0.235f,-0.9654f,-0.0314f,0f,0f,0f,1f],start_interpolation: 0,interpolation_duration: 1}
$data merge entity $(leftthumb2) {transformation: [0.2639f,0.8992f,-0.349f,-0.5648f,-0.8119f,0.0118f,-0.5837f,3.8732f,-0.5208f,0.4374f,0.7332f,0.0772f,0f,0f,0f,1f],start_interpolation: 0,interpolation_duration: 1}
$data merge entity $(leftthumb) {transformation: [0.2639f,0.8992f,-0.349f,-0.3741f,-0.8119f,0.0118f,-0.5837f,3.8262f,-0.5208f,0.4374f,0.7332f,0.2471f,0f,0f,0f,1f],start_interpolation: 0,interpolation_duration: 1}
$data merge entity $(leftpointerfinger) {transformation: [0.4534f,0.8202f,-0.349f,-0.7144f,-0.7898f,0.1883f,-0.5837f,3.8838f,-0.413f,0.5403f,0.7332f,0.1949f,0f,0f,0f,1f],start_interpolation: 0,interpolation_duration: 1}
$data merge entity $(leftmidfinger) {transformation: [0.4297f,0.8328f,-0.349f,-0.7689f,-0.7949f,0.1656f,-0.5837f,3.7926f,-0.4283f,0.5282f,0.7332f,0.3095f,0f,0f,0f,1f],start_interpolation: 0,interpolation_duration: 1}
$data merge entity $(leftringfinger) {transformation: [0.4297f,0.8328f,-0.349f,-0.8234f,-0.7949f,0.1656f,-0.5837f,3.7014f,-0.4283f,0.5282f,0.7332f,0.424f,0f,0f,0f,1f],start_interpolation: 0,interpolation_duration: 1}
$data merge entity $(invisibility) {transformation: [0.8654f,0.426f,-0.2639f,-0.5556f,-0.0392f,0.5825f,0.8119f,3.7511f,0.4996f,-0.6922f,0.5208f,0.1222f,0f,0f,0f,1f],start_interpolation: 0,interpolation_duration: 1}
$data merge entity $(swiftness) {transformation: [-0.349f,0.8992f,-0.2639f,-0.7291f,-0.5837f,0.0118f,0.8119f,3.5978f,0.7332f,0.4374f,0.5208f,0.1733f,0f,0f,0f,1f],start_interpolation: 0,interpolation_duration: 1}
$data merge entity $(suspicious_stew) {transformation: [0.6675f,0.6963f,-0.2639f,-0.6632f,-0.236f,0.534f,0.8119f,3.6411f,0.7062f,-0.4796f,0.5208f,0.2391f,0f,0f,0f,1f],start_interpolation: 0,interpolation_duration: 1}
$data merge entity $(log) {transformation: [0.2639f,0.8992f,-0.349f,-0.5424f,-0.8119f,0.0118f,-0.5837f,3.5391f,-0.5208f,0.4374f,0.7332f,0.2794f,0f,0f,0f,1f],start_interpolation: 0,interpolation_duration: 1}
$data merge entity $(planks) {transformation: [0.2639f,0.8992f,-0.349f,-0.5177f,-0.8119f,0.0118f,-0.5837f,3.463f,-0.5208f,0.4374f,0.7332f,0.2305f,0f,0f,0f,1f],start_interpolation: 0,interpolation_duration: 1}
$data merge entity $(lefthand1) {transformation: [0.2639f,0.8992f,-0.349f,-0.3727f,-0.8119f,0.0118f,-0.5837f,3.7633f,-0.5208f,0.4374f,0.7332f,0.496f,0f,0f,0f,1f],start_interpolation: 0,interpolation_duration: 1}
$data merge entity $(leftforearm) {transformation: [-0.1211f,0.9422f,-0.3123f,0.2715f,-0.9256f,0.0065f,0.3785f,3.6989f,0.3587f,0.3349f,0.8713f,0.7758f,0f,0f,0f,1f],start_interpolation: 0,interpolation_duration: 1}
$data merge entity $(leftelbow) {transformation: [-0.1211f,0.9422f,-0.3123f,0.4482f,-0.9256f,0.0065f,0.3785f,3.7001f,0.3587f,0.3349f,0.8713f,0.8386f,0f,0f,0f,1f],start_interpolation: 0,interpolation_duration: 1}
$data merge entity $(leftarm) {transformation: [-0.2451f,0.7494f,0.615f,0.7694f,-0.9518f,-0.0654f,-0.2997f,3.4449f,-0.1844f,-0.6588f,0.7293f,0.1188f,0f,0f,0f,1f],start_interpolation: 0,interpolation_duration: 1}
$data merge entity $(rightthumb2) {transformation: [-0.1602f,-0.9601f,-0.2291f,-0.3126f,0.7487f,0.0331f,-0.6621f,3.2254f,0.6433f,-0.2776f,0.7136f,0.095f,0f,0f,0f,1f],start_interpolation: 0,interpolation_duration: 1}
$data merge entity $(rightthumb) {transformation: [-0.1602f,-0.9601f,-0.2291f,-0.5676f,0.7487f,0.0331f,-0.6621f,3.1769f,0.6433f,-0.2776f,0.7136f,0.0879f,0f,0f,0f,1f],start_interpolation: 0,interpolation_duration: 1}
$data merge entity $(rightpointerfinger) {transformation: [-0.4584f,-0.8587f,-0.2291f,-0.2808f,0.7201f,-0.2078f,-0.6621f,3.2169f,0.5209f,-0.4685f,0.7136f,0.2828f,0f,0f,0f,1f],start_interpolation: 0,interpolation_duration: 1}
$data merge entity $(rightmidfinger) {transformation: [-0.4205f,-0.8779f,-0.2291f,-0.3166f,0.7284f,-0.1762f,-0.6621f,3.1135f,0.5409f,-0.4453f,0.7136f,0.3943f,0f,0f,0f,1f],start_interpolation: 0,interpolation_duration: 1}
$data merge entity $(rightringfinger) {transformation: [-0.3842f,-0.8944f,-0.2291f,-0.3524f,0.735f,-0.1462f,-0.6621f,3.01f,0.5586f,-0.4228f,0.7136f,0.5058f,0f,0f,0f,1f],start_interpolation: 0,interpolation_duration: 1}
$data merge entity $(hugeasssword) {transformation: [-0.6274f,-3.7605f,-0.8973f,-0.4655f,2.9324f,0.1295f,-2.5931f,2.9317f,2.5194f,-1.0872f,2.7948f,0.1559f,0f,0f,0f,1f],start_interpolation: 0,interpolation_duration: 1}
$data merge entity $(whey) {transformation: [0f,0f,0f,-0.3157f,0f,0f,0f,2.893f,0f,0f,0f,-0.029f,0f,0f,0f,1f],start_interpolation: 0,interpolation_duration: 1}
$data merge entity $(ice) {transformation: [-0.1602f,-0.9601f,-0.2291f,-0.448f,0.7487f,0.0331f,-0.6621f,2.9194f,0.6433f,-0.2776f,0.7136f,0.1502f,0f,0f,0f,1f],start_interpolation: 0,interpolation_duration: 1}
$data merge entity $(righthand1) {transformation: [-0.1602f,-0.9601f,-0.2291f,-0.7352f,0.7487f,0.0331f,-0.6621f,3.0942f,0.6433f,-0.2776f,0.7136f,0.2639f,0f,0f,0f,1f],start_interpolation: 0,interpolation_duration: 1}
$data merge entity $(rightforearm) {transformation: [-0.0109f,-0.994f,-0.1089f,-1.4344f,0.8879f,0.0404f,-0.4583f,3.0686f,0.4599f,-0.1017f,0.8821f,0.1422f,0f,0f,0f,1f],start_interpolation: 0,interpolation_duration: 1}
$data merge entity $(rightelbow) {transformation: [-0.0109f,-0.994f,-0.1089f,-1.6208f,0.8879f,0.0404f,-0.4583f,3.0762f,0.4599f,-0.1017f,0.8821f,0.1231f,0f,0f,0f,1f],start_interpolation: 0,interpolation_duration: 1}
$data merge entity $(rightarm) {transformation: [-0.4845f,0.5292f,-0.6965f,-0.9764f,0.7045f,0.7081f,0.0479f,3.3615f,0.5186f,-0.4675f,-0.7159f,-0.2084f,0f,0f,0f,1f],start_interpolation: 0,interpolation_duration: 1}
$data merge entity $(chest1) {transformation: [-1.0762f,-0.0508f,0.1136f,-0.0763f,-0.0223f,1.0518f,0.2587f,3.3157f,-0.1224f,0.2546f,-1.0459f,-0.2649f,0f,0f,0f,1f],start_interpolation: 0,interpolation_duration: 1}
$data merge entity $(chest1lid) {transformation: [-0.9934f,-0.0469f,0.1048f,-0.4245f,-0.0206f,0.9709f,0.2388f,2.5517f,-0.113f,0.235f,-0.9654f,-0.0863f,0f,0f,0f,1f],start_interpolation: 0,interpolation_duration: 1}
$data merge entity $(chest2) {transformation: [-0.9934f,-0.0469f,0.1048f,-0.4171f,-0.0206f,0.9709f,0.2388f,2.4f,-0.113f,0.235f,-0.9654f,-0.123f,0f,0f,0f,1f],start_interpolation: 0,interpolation_duration: 1}
$data merge entity $(chest1lid3) {transformation: [-0.9934f,-0.0469f,0.1048f,-0.2952f,-0.0206f,0.9709f,0.2388f,2.706f,-0.113f,0.235f,-0.9654f,-0.6977f,0f,0f,0f,1f],start_interpolation: 0,interpolation_duration: 1}
$data merge entity $(chest3) {transformation: [-0.9934f,-0.0469f,0.1048f,-0.2879f,-0.0206f,0.9709f,0.2388f,2.5543f,-0.113f,0.235f,-0.9654f,-0.7344f,0f,0f,0f,1f],start_interpolation: 0,interpolation_duration: 1}
$data merge entity $(hugeasssword2) {transformation: [-0.4107f,2.7445f,-2.7639f,-1.3268f,-0.9352f,2.6285f,2.749f,4.4801f,3.7812f,0.9481f,0.3797f,-0.3871f,0f,0f,0f,1f],start_interpolation: 0,interpolation_duration: 1}
$data merge entity $(belt) {transformation: [-0.9934f,-0.0469f,0.1048f,-0.0395f,-0.0206f,0.9709f,0.2388f,2.8984f,-0.113f,0.235f,-0.9654f,-0.2285f,0f,0f,0f,1f],start_interpolation: 0,interpolation_duration: 1}
$data merge entity $(torn_part) {transformation: [-0.988f,-0.0932f,0.1228f,-0.1635f,-0.0874f,0.9948f,0.0515f,2.5703f,-0.127f,0.0402f,-0.9911f,-0.099f,0f,0f,0f,1f],start_interpolation: 0,interpolation_duration: 1}
$data merge entity $(lowerbody) {transformation: [-0.988f,-0.0519f,0.1452f,-0.0621f,-0.0874f,0.9643f,-0.25f,2.1431f,-0.127f,-0.2597f,-0.9573f,0.1748f,0f,0f,0f,1f],start_interpolation: 0,interpolation_duration: 1}
$data merge entity $(leftfoot) {transformation: [-0.9642f,-0.205f,-0.1685f,0.5077f,-0.2475f,0.9237f,0.2925f,0.2301f,0.0957f,0.3237f,-0.9413f,-0.085f,0f,0f,0f,1f],start_interpolation: 0,interpolation_duration: 1}
$data merge entity $(leftlowerleg) {transformation: [-0.9642f,-0.205f,-0.1685f,0.3062f,-0.2475f,0.9237f,0.2925f,1.2099f,0.0957f,0.3237f,-0.9413f,0.4188f,0f,0f,0f,1f],start_interpolation: 0,interpolation_duration: 1}
$data merge entity $(leftleg) {transformation: [-0.9934f,-0.0807f,0.0814f,0.1999f,-0.1066f,0.9116f,-0.397f,2.1261f,-0.0422f,-0.403f,-0.9142f,0.0696f,0f,0f,0f,1f],start_interpolation: 0,interpolation_duration: 1}
$data merge entity $(rightfoot) {transformation: [-0.9107f,0.0209f,0.4125f,-0.4292f,0.1752f,0.924f,0.3399f,0.2239f,-0.3741f,0.3819f,-0.8451f,-0.1366f,0f,0f,0f,1f],start_interpolation: 0,interpolation_duration: 1}
$data merge entity $(rightlowerleg) {transformation: [-0.9107f,0.0209f,0.4125f,-0.4694f,0.1752f,0.924f,0.3399f,1.1967f,-0.3741f,0.3819f,-0.8451f,0.4168f,0f,0f,0f,1f],start_interpolation: 0,interpolation_duration: 1}
$data merge entity $(rightleg) {transformation: [-0.9651f,0.1514f,0.2136f,-0.3116f,0.0312f,0.8767f,-0.4801f,2.0707f,-0.26f,-0.4567f,-0.8508f,0.0257f,0f,0f,0f,1f],start_interpolation: 0,interpolation_duration: 1}
data modify entity @s data merge value {"cameras":{},"locators":{"soup":{"px":-0.5352938364751394,"py":3.7075344766169502,"pz":0.14043841485617686,"ry":206.87508343626556,"rx":54.28053228391821},"lefthand":{"px":-0.6319704679362832,"py":3.623438555319765,"pz":0.2825611521952373,"ry":205.453098894474,"rx":-35.71110337261267},"sword":{"px":0.40037309412938293,"py":5.440871919135148,"pz":-2.427552746888621,"ry":197.80024155428404,"rx":-41.45852439916684},"righthand":{"px":-0.44443988911612886,"py":2.999460340475569,"pz":0.2036934933798131,"ry":197.80024155428404,"rx":-41.45852439916684},"chest":{"px":-0.46895278000405816,"py":2.4530900550254917,"pz":0.04634535836411094,"ry":6.1983763439724555,"rx":13.81362419190749}}}