# This file was generated by Animated Java via MC-Build. It is not recommended to edit this file directly.
$data merge entity $(bone_nose) {transformation: [-0.7425f,-0.0118f,0.6698f,0.0386f,0.0885f,0.9893f,0.1156f,4.1142f,-0.664f,0.1451f,-0.7335f,0.2134f,0f,0f,0f,1f],start_interpolation: 0,interpolation_duration: 1}
$data merge entity $(bone_glowing_eye) {transformation: [-0.7425f,-0.0118f,0.6698f,-0.0784f,0.0885f,0.9893f,0.1156f,4.1882f,-0.664f,0.1451f,-0.7335f,0.1658f,0f,0f,0f,1f],start_interpolation: 0,interpolation_duration: 1}
$data merge entity $(bone_head) {transformation: [-0.7425f,-0.0118f,0.6698f,0.1654f,0.0885f,0.9893f,0.1156f,4.0137f,-0.664f,0.1451f,-0.7335f,0.0581f,0f,0f,0f,1f],start_interpolation: 0,interpolation_duration: 1}
$data merge entity $(bone_leftthumb2) {transformation: [0.469f,0.6878f,-0.554f,-0.1582f,-0.8101f,0.0852f,-0.58f,3.7095f,-0.3518f,0.7209f,0.5971f,0.3341f,0f,0f,0f,1f],start_interpolation: 0,interpolation_duration: 1}
$data merge entity $(bone_leftthumb) {transformation: [0.469f,0.6878f,-0.554f,-0.0369f,-0.8101f,0.0852f,-0.58f,3.6808f,-0.3518f,0.7209f,0.5971f,0.5619f,0f,0f,0f,1f],start_interpolation: 0,interpolation_duration: 1}
$data merge entity $(bone_leftpointerfinger) {transformation: [0.6545f,0.5145f,-0.554f,-0.3398f,-0.7468f,0.3254f,-0.58f,3.7143f,-0.1181f,0.7934f,0.5971f,0.3919f,0f,0f,0f,1f],start_interpolation: 0,interpolation_duration: 1}
$data merge entity $(bone_leftmidfinger) {transformation: [0.6334f,0.5402f,-0.554f,-0.4264f,-0.7592f,0.2953f,-0.58f,3.6236f,-0.1497f,0.788f,0.5971f,0.4852f,0f,0f,0f,1f],start_interpolation: 0,interpolation_duration: 1}
$data merge entity $(bone_leftringfinger) {transformation: [0.6334f,0.5402f,-0.554f,-0.513f,-0.7592f,0.2953f,-0.58f,3.533f,-0.1497f,0.788f,0.5971f,0.5785f,0f,0f,0f,1f],start_interpolation: 0,interpolation_duration: 1}
$data merge entity $(bone_invisibility) {transformation: [0.6369f,0.6119f,-0.469f,-0.1593f,0.0343f,0.5853f,0.8101f,3.5898f,0.7702f,-0.532f,0.3518f,0.3861f,0f,0f,0f,1f],start_interpolation: 0,interpolation_duration: 1}
$data merge entity $(bone_swiftness) {transformation: [-0.554f,0.6878f,-0.469f,-0.3319f,-0.58f,0.0852f,0.8101f,3.4273f,0.5971f,0.7209f,0.3518f,0.3821f,0f,0f,0f,1f],start_interpolation: 0,interpolation_duration: 1}
$data merge entity $(bone_suspicious_stew) {transformation: [0.3892f,0.7928f,-0.469f,-0.2955f,-0.1679f,0.5617f,0.8101f,3.4771f,0.9057f,-0.2365f,0.3518f,0.4643f,0f,0f,0f,1f],start_interpolation: 0,interpolation_duration: 1}
$data merge entity $(bone_log) {transformation: [0.469f,0.6878f,-0.554f,-0.1915f,-0.8101f,0.0852f,-0.58f,3.3846f,-0.3518f,0.7209f,0.5971f,0.5494f,0f,0f,0f,1f],start_interpolation: 0,interpolation_duration: 1}
$data merge entity $(bone_planks) {transformation: [0.469f,0.6878f,-0.554f,-0.1475f,-0.8101f,0.0852f,-0.58f,3.3086f,-0.3518f,0.7209f,0.5971f,0.5164f,0f,0f,0f,1f],start_interpolation: 0,interpolation_duration: 1}
$data merge entity $(bone_lefthand1) {transformation: [0.469f,0.6878f,-0.554f,-0.1195f,-0.8101f,0.0852f,-0.58f,3.6265f,-0.3518f,0.7209f,0.5971f,0.7989f,0f,0f,0f,1f],start_interpolation: 0,interpolation_duration: 1}
$data merge entity $(bone_leftforearm) {transformation: [-0.1469f,0.6974f,-0.7015f,0.3511f,-0.9139f,0.1755f,0.3659f,3.6801f,0.3783f,0.6949f,0.6116f,1.3293f,0f,0f,0f,1f],start_interpolation: 0,interpolation_duration: 1}
$data merge entity $(bone_leftelbow) {transformation: [-0.1469f,0.6974f,-0.7015f,0.4818f,-0.9139f,0.1755f,0.3659f,3.713f,0.3783f,0.6949f,0.6116f,1.4596f,0f,0f,0f,1f],start_interpolation: 0,interpolation_duration: 1}
$data merge entity $(bone_leftarm) {transformation: [-0.2129f,0.6673f,0.7137f,0.7283f,-0.9703f,-0.0586f,-0.2347f,3.4407f,-0.1148f,-0.7424f,0.66f,0.7162f,0f,0f,0f,1f],start_interpolation: 0,interpolation_duration: 1}
$data merge entity $(bone_rightthumb2) {transformation: [-0.0446f,-0.461f,-0.8863f,-0.2918f,0.7652f,-0.5861f,0.2663f,4.5613f,-0.6422f,-0.6663f,0.3789f,-0.1544f,0f,0f,0f,1f],start_interpolation: 0,interpolation_duration: 1}
$data merge entity $(bone_rightthumb) {transformation: [-0.0446f,-0.461f,-0.8863f,-0.4806f,0.7652f,-0.5861f,0.2663f,4.4403f,-0.6422f,-0.6663f,0.3789f,-0.2855f,0f,0f,0f,1f],start_interpolation: 0,interpolation_duration: 1}
$data merge entity $(bone_rightpointerfinger) {transformation: [-0.1611f,-0.4342f,-0.8863f,-0.3758f,0.5898f,-0.7624f,0.2663f,4.7288f,-0.7913f,-0.4798f,0.3789f,-0.1193f,0f,0f,0f,1f],start_interpolation: 0,interpolation_duration: 1}
$data merge entity $(bone_rightmidfinger) {transformation: [-0.142f,-0.4408f,-0.8863f,-0.5143f,0.6225f,-0.7359f,0.2663f,4.7704f,-0.7696f,-0.5139f,0.3789f,-0.0601f,0f,0f,0f,1f],start_interpolation: 0,interpolation_duration: 1}
$data merge entity $(bone_rightringfinger) {transformation: [-0.1271f,-0.4453f,-0.8863f,-0.6527f,0.6469f,-0.7146f,0.2663f,4.812f,-0.7519f,-0.5395f,0.3789f,-0.0009f,0f,0f,0f,1f],start_interpolation: 0,interpolation_duration: 1}
$data merge entity $(bone_hugeasssword) {transformation: [-0.1749f,-1.8055f,-3.4713f,-0.5822f,2.9971f,-2.2956f,1.043f,4.4439f,-2.5154f,-2.6097f,1.484f,-0.0308f,0f,0f,0f,1f],start_interpolation: 0,interpolation_duration: 1}
$data merge entity $(bone_ice) {transformation: [-0.0446f,-0.461f,-0.8863f,-0.5743f,0.7652f,-0.5861f,0.2663f,4.4411f,-0.6422f,-0.6663f,0.3789f,-0.0103f,0f,0f,0f,1f],start_interpolation: 0,interpolation_duration: 1}
$data merge entity $(bone_righthand1) {transformation: [-0.0446f,-0.461f,-0.8863f,-0.7284f,0.7652f,-0.5861f,0.2663f,4.4942f,-0.6422f,-0.6663f,0.3789f,-0.3256f,0f,0f,0f,1f],start_interpolation: 0,interpolation_duration: 1}
$data merge entity $(bone_rightforearm) {transformation: [0.6254f,-0.5947f,-0.5053f,-1.1907f,0.1831f,-0.5176f,0.8358f,4.1201f,-0.7586f,-0.6152f,-0.2148f,-0.7041f,0f,0f,0f,1f],start_interpolation: 0,interpolation_duration: 1}
$data merge entity $(bone_rightelbow) {transformation: [0.6254f,-0.5947f,-0.5053f,-1.3023f,0.1831f,-0.5176f,0.8358f,4.0231f,-0.7586f,-0.6152f,-0.2148f,-0.8195f,0f,0f,0f,1f],start_interpolation: 0,interpolation_duration: 1}
$data merge entity $(bone_rightarm) {transformation: [0.1663f,0.8009f,-0.5752f,-0.6794f,0.2464f,-0.5986f,-0.7622f,3.6853f,-0.9548f,-0.015f,-0.2969f,-0.502f,0f,0f,0f,1f],start_interpolation: 0,interpolation_duration: 1}
$data merge entity $(bone_chest1) {transformation: [-0.8044f,-0.0128f,0.7256f,0.2262f,0.0959f,1.0718f,0.1252f,3.3737f,-0.7193f,0.1572f,-0.7947f,-0.0986f,0f,0f,0f,1f],start_interpolation: 0,interpolation_duration: 1}
$data merge entity $(bone_chest1lid) {transformation: [-0.7425f,-0.0118f,0.6698f,-0.2813f,0.0885f,0.9893f,0.1156f,2.6825f,-0.664f,0.1451f,-0.7335f,-0.1374f,0f,0f,0f,1f],start_interpolation: 0,interpolation_duration: 1}
$data merge entity $(bone_chest2) {transformation: [-0.7425f,-0.0118f,0.6698f,-0.2795f,0.0885f,0.9893f,0.1156f,2.5279f,-0.664f,0.1451f,-0.7335f,-0.1601f,0f,0f,0f,1f],start_interpolation: 0,interpolation_duration: 1}
$data merge entity $(bone_chest1lid3) {transformation: [-0.7425f,-0.0118f,0.6698f,0.1942f,0.0885f,0.9893f,0.1156f,2.751f,-0.664f,0.1451f,-0.7335f,-0.5658f,0f,0f,0f,1f],start_interpolation: 0,interpolation_duration: 1}
$data merge entity $(bone_chest3) {transformation: [-0.7425f,-0.0118f,0.6698f,0.196f,0.0885f,0.9893f,0.1156f,2.5965f,-0.664f,0.1451f,-0.7335f,-0.5885f,0f,0f,0f,1f],start_interpolation: 0,interpolation_duration: 1}
$data merge entity $(bone_hugeasssword2) {transformation: [-2.6232f,2.1127f,-1.9989f,-0.5249f,-0.4528f,2.3623f,3.0911f,4.6613f,2.873f,2.3013f,-1.338f,-0.9426f,0f,0f,0f,1f],start_interpolation: 0,interpolation_duration: 1}
$data merge entity $(bone_belt) {transformation: [-0.7425f,-0.0118f,0.6698f,0.167f,0.0885f,0.9893f,0.1156f,2.9617f,-0.664f,0.1451f,-0.7335f,-0.0391f,0f,0f,0f,1f],start_interpolation: 0,interpolation_duration: 1}
$data merge entity $(bone_torn_part) {transformation: [-0.87f,-0.1477f,0.4705f,0.0066f,-0.0238f,0.9656f,0.2591f,2.6684f,-0.4925f,0.2142f,-0.8435f,-0.0857f,0f,0f,0f,1f],start_interpolation: 0,interpolation_duration: 1}
$data merge entity $(bone_lowerbody) {transformation: [-0.87f,0.0006f,0.4931f,0.0219f,-0.0238f,0.9988f,-0.0432f,2.1891f,-0.4925f,-0.0493f,-0.8689f,0.1087f,0f,0f,0f,1f],start_interpolation: 0,interpolation_duration: 1}
$data merge entity $(bone_leftfoot) {transformation: [-0.9545f,-0.2465f,0.1681f,0.57f,-0.1796f,0.9245f,0.3363f,0.2368f,-0.2383f,0.2908f,-0.9266f,-0.1032f,0f,0f,0f,1f],start_interpolation: 0,interpolation_duration: 1}
$data merge entity $(bone_leftlowerleg) {transformation: [-0.9545f,-0.2465f,0.1681f,0.2707f,-0.1796f,0.9245f,0.3363f,1.2107f,-0.2383f,0.2908f,-0.9266f,0.3618f,0f,0f,0f,1f],start_interpolation: 0,interpolation_duration: 1}
$data merge entity $(bone_leftleg) {transformation: [-0.9231f,0.059f,0.3801f,0.2914f,-0.0545f,0.9581f,-0.2812f,2.1774f,-0.3808f,-0.2803f,-0.8812f,0.12f,0f,0f,0f,1f],start_interpolation: 0,interpolation_duration: 1}
$data merge entity $(bone_rightfoot) {transformation: [-0.9055f,0.0107f,0.4243f,-0.4106f,0.1053f,0.9741f,0.2f,0.2048f,-0.4111f,0.2258f,-0.8832f,-0.206f,0f,0f,0f,1f],start_interpolation: 0,interpolation_duration: 1}
$data merge entity $(bone_rightlowerleg) {transformation: [-0.9055f,0.0107f,0.4243f,-0.4639f,0.1053f,0.9741f,0.2f,1.2547f,-0.4111f,0.2258f,-0.8832f,0.1801f,0f,0f,0f,1f],start_interpolation: 0,interpolation_duration: 1}
$data merge entity $(bone_rightleg) {transformation: [-0.8482f,0.2893f,0.4436f,-0.1664f,0.0608f,0.8852f,-0.4611f,2.1496f,-0.5262f,-0.3642f,-0.7685f,-0.1032f,0f,0f,0f,1f],start_interpolation: 0,interpolation_duration: 1}
data modify entity @s data merge value {"cameras":{},"locators":{"lefthand":{"posx":-0.28052952084825955,"posy":3.462923835684098,"posz":0.5167310721048193,"roty":222.8554679685533,"rotx":-35.45375104795118},"sword":{"posx":2.7107651040457506,"posy":3.5358317254717235,"posz":-1.4632681251572344,"roty":246.85234315574598,"rotx":15.444673951630476},"righthand":{"posx":-0.5574296330017843,"posy":4.517841550464639,"posz":-0.06605084987318116,"roty":246.85234315574598,"rotx":15.444673951630476},"chest":{"posx":-0.40842312953315113,"posy":2.6053836324466597,"posz":-0.05260755581431027,"roty":42.39806463668225,"rotx":6.638343320152985}}}