# This file was generated by Animated Java via MC-Build. It is not recommended to edit this file directly.
$data merge entity $(nose) {transformation: [-0.7456f,-0.0086f,0.6664f,0.0473f,0.0891f,0.9897f,0.1125f,4.0877f,-0.6605f,0.1432f,-0.7371f,0.1604f,0f,0f,0f,1f],start_interpolation: 0,interpolation_duration: 1}
$data merge entity $(glowing_eye) {transformation: [-0.7456f,-0.0086f,0.6664f,-0.0698f,0.0891f,0.9897f,0.1125f,4.1619f,-0.6605f,0.1432f,-0.7371f,0.1133f,0f,0f,0f,1f],start_interpolation: 0,interpolation_duration: 1}
$data merge entity $(head) {transformation: [-0.7456f,-0.0086f,0.6664f,0.1731f,0.0891f,0.9897f,0.1125f,3.9866f,-0.6605f,0.1432f,-0.7371f,0.0047f,0f,0f,0f,1f],start_interpolation: 0,interpolation_duration: 1}
$data merge entity $(leftthumb2) {transformation: [0.4353f,0.8649f,-0.2499f,0.0727f,-0.7739f,0.2176f,-0.5948f,3.5405f,-0.4601f,0.4523f,0.764f,0.5834f,0f,0f,0f,1f],start_interpolation: 0,interpolation_duration: 1}
$data merge entity $(leftthumb) {transformation: [0.4353f,0.8649f,-0.2499f,0.2634f,-0.7739f,0.2176f,-0.5948f,3.543f,-0.4601f,0.4523f,0.764f,0.7596f,0f,0f,0f,1f],start_interpolation: 0,interpolation_duration: 1}
$data merge entity $(leftpointerfinger) {transformation: [0.6896f,0.6797f,-0.2499f,-0.0797f,-0.6632f,0.4543f,-0.5948f,3.5284f,-0.2907f,0.5759f,0.764f,0.6973f,0f,0f,0f,1f],start_interpolation: 0,interpolation_duration: 1}
$data merge entity $(leftmidfinger) {transformation: [0.6601f,0.7084f,-0.2499f,-0.1188f,-0.682f,0.4256f,-0.5948f,3.4355f,-0.315f,0.5631f,0.764f,0.8167f,0f,0f,0f,1f],start_interpolation: 0,interpolation_duration: 1}
$data merge entity $(leftringfinger) {transformation: [0.6601f,0.7084f,-0.2499f,-0.1578f,-0.682f,0.4256f,-0.5948f,3.3425f,-0.315f,0.5631f,0.764f,0.9361f,0f,0f,0f,1f],start_interpolation: 0,interpolation_duration: 1}
$data merge entity $(invisibility) {transformation: [0.8398f,0.3244f,-0.4353f,0.1043f,0.1649f,0.6115f,0.7739f,3.4257f,0.5172f,-0.7217f,0.4601f,0.6366f,0f,0f,0f,1f],start_interpolation: 0,interpolation_duration: 1}
$data merge entity $(swiftness) {transformation: [-0.2499f,0.8649f,-0.4353f,-0.037f,-0.5948f,0.2176f,0.7739f,3.2444f,0.764f,0.4523f,0.4601f,0.6947f,0f,0f,0f,1f],start_interpolation: 0,interpolation_duration: 1}
$data merge entity $(suspicious_stew) {transformation: [0.6783f,0.592f,-0.4353f,0.0169f,-0.0542f,0.631f,0.7739f,3.304f,0.7328f,-0.5013f,0.4601f,0.7587f,0f,0f,0f,1f],start_interpolation: 0,interpolation_duration: 1}
$data merge entity $(log) {transformation: [0.4353f,0.8649f,-0.2499f,0.1541f,-0.7739f,0.2176f,-0.5948f,3.2307f,-0.4601f,0.4523f,0.764f,0.8079f,0f,0f,0f,1f],start_interpolation: 0,interpolation_duration: 1}
$data merge entity $(planks) {transformation: [0.4353f,0.8649f,-0.2499f,0.1949f,-0.7739f,0.2176f,-0.5948f,3.1582f,-0.4601f,0.4523f,0.764f,0.7648f,0f,0f,0f,1f],start_interpolation: 0,interpolation_duration: 1}
$data merge entity $(lefthand1) {transformation: [0.4353f,0.8649f,-0.2499f,0.2693f,-0.7739f,0.2176f,-0.5948f,3.4972f,-0.4601f,0.4523f,0.764f,1.0121f,0f,0f,0f,1f],start_interpolation: 0,interpolation_duration: 1}
$data merge entity $(leftforearm) {transformation: [0.0348f,0.8953f,-0.4441f,0.891f,-0.9534f,0.163f,0.2538f,3.5379f,0.2996f,0.4146f,0.8593f,1.3387f,0f,0f,0f,1f],start_interpolation: 0,interpolation_duration: 1}
$data merge entity $(leftelbow) {transformation: [0.0348f,0.8953f,-0.4441f,1.0588f,-0.9534f,0.163f,0.2538f,3.5684f,0.2996f,0.4146f,0.8593f,1.4165f,0f,0f,0f,1f],start_interpolation: 0,interpolation_duration: 1}
$data merge entity $(leftarm) {transformation: [-0.2738f,0.022f,0.9615f,0.7538f,-0.9592f,0.0665f,-0.2747f,3.3999f,-0.07f,-0.9975f,0.0029f,0.6536f,0f,0f,0f,1f],start_interpolation: 0,interpolation_duration: 1}
$data merge entity $(rightthumb2) {transformation: [0.1933f,-0.9267f,-0.3223f,0.2071f,0.6165f,-0.1409f,0.7747f,4.1466f,-0.7633f,-0.3484f,0.5441f,-0.5442f,0f,0f,0f,1f],start_interpolation: 0,interpolation_duration: 1}
$data merge entity $(rightthumb) {transformation: [0.1933f,-0.9267f,-0.3223f,-0.0477f,0.6165f,-0.1409f,0.7747f,4.1782f,-0.7633f,-0.3484f,0.5441f,-0.5832f,0f,0f,0f,1f],start_interpolation: 0,interpolation_duration: 1}
$data merge entity $(rightpointerfinger) {transformation: [-0.0317f,-0.9461f,-0.3223f,0.2624f,0.5656f,-0.2828f,0.7747f,4.3282f,-0.8241f,-0.1577f,0.5441f,-0.5268f,0f,0f,0f,1f],start_interpolation: 0,interpolation_duration: 1}
$data merge entity $(rightmidfinger) {transformation: [0.0096f,-0.9466f,-0.3223f,0.2121f,0.5774f,-0.2579f,0.7747f,4.4492f,-0.8164f,-0.1935f,0.5441f,-0.4418f,0f,0f,0f,1f],start_interpolation: 0,interpolation_duration: 1}
$data merge entity $(rightringfinger) {transformation: [0.0393f,-0.9458f,-0.3223f,0.1617f,0.5852f,-0.2396f,0.7747f,4.5703f,-0.8099f,-0.2191f,0.5441f,-0.3568f,0f,0f,0f,1f],start_interpolation: 0,interpolation_duration: 1}
$data merge entity $(hugeasssword) {transformation: [0.7569f,-3.6296f,-1.2623f,-0.0225f,2.4145f,-0.5517f,3.0342f,4.2448f,-2.9896f,-1.3645f,2.1309f,-0.3183f,0f,0f,0f,1f],start_interpolation: 0,interpolation_duration: 1}
$data merge entity $(whey) {transformation: [0f,0f,0f,0.0765f,0f,0f,0f,4.0431f,0f,0f,0f,-0.231f,0f,0f,0f,1f],start_interpolation: 0,interpolation_duration: 1}
$data merge entity $(ice) {transformation: [0.1933f,-0.9267f,-0.3223f,-0.011f,0.6165f,-0.1409f,0.7747f,4.2373f,-0.7633f,-0.3484f,0.5441f,-0.301f,0f,0f,0f,1f],start_interpolation: 0,interpolation_duration: 1}
$data merge entity $(righthand1) {transformation: [0.1933f,-0.9267f,-0.3223f,-0.2044f,0.6165f,-0.1409f,0.7747f,4.3804f,-0.7633f,-0.3484f,0.5441f,-0.5619f,0f,0f,0f,1f],start_interpolation: 0,interpolation_duration: 1}
$data merge entity $(rightforearm) {transformation: [0.3859f,-0.9224f,0.0142f,-0.8849f,-0.3548f,-0.1342f,0.9252f,4.3293f,-0.8515f,-0.3621f,-0.3791f,-0.7545f,0f,0f,0f,1f],start_interpolation: 0,interpolation_duration: 1}
$data merge entity $(rightelbow) {transformation: [0.3859f,-0.9224f,0.0142f,-1.0578f,-0.3548f,-0.1342f,0.9252f,4.3041f,-0.8515f,-0.3621f,-0.3791f,-0.8224f,0f,0f,0f,1f],start_interpolation: 0,interpolation_duration: 1}
$data merge entity $(rightarm) {transformation: [0.0183f,0.3005f,-0.9536f,-0.6672f,0.0001f,-0.9538f,-0.3005f,3.6748f,-0.9998f,0.0054f,-0.0175f,-0.527f,0f,0f,0f,1f],start_interpolation: 0,interpolation_duration: 1}
$data merge entity $(chest1) {transformation: [-0.8077f,-0.0094f,0.7219f,0.2315f,0.0965f,1.0721f,0.1218f,3.3461f,-0.7155f,0.1551f,-0.7985f,-0.151f,0f,0f,0f,1f],start_interpolation: 0,interpolation_duration: 1}
$data merge entity $(chest1lid) {transformation: [-0.7456f,-0.0086f,0.6664f,-0.2779f,0.0891f,0.9897f,0.1125f,2.6561f,-0.6605f,0.1432f,-0.7371f,-0.186f,0f,0f,0f,1f],start_interpolation: 0,interpolation_duration: 1}
$data merge entity $(chest2) {transformation: [-0.7456f,-0.0086f,0.6664f,-0.2766f,0.0891f,0.9897f,0.1125f,2.5015f,-0.6605f,0.1432f,-0.7371f,-0.2083f,0f,0f,0f,1f],start_interpolation: 0,interpolation_duration: 1}
$data merge entity $(chest1lid3) {transformation: [-0.7456f,-0.0086f,0.6664f,0.1956f,0.0891f,0.9897f,0.1125f,2.7226f,-0.6605f,0.1432f,-0.7371f,-0.6169f,0f,0f,0f,1f],start_interpolation: 0,interpolation_duration: 1}
$data merge entity $(chest3) {transformation: [-0.7456f,-0.0086f,0.6664f,0.1969f,0.0891f,0.9897f,0.1125f,2.568f,-0.6605f,0.1432f,-0.7371f,-0.6392f,0f,0f,0f,1f],start_interpolation: 0,interpolation_duration: 1}
$data merge entity $(hugeasssword2) {transformation: [-2.61f,2.1301f,-1.9977f,-0.5206f,-0.4405f,2.3615f,3.0935f,4.634f,2.8869f,2.2861f,-1.3341f,-0.9938f,0f,0f,0f,1f],start_interpolation: 0,interpolation_duration: 1}
$data merge entity $(belt) {transformation: [-0.7456f,-0.0086f,0.6664f,0.1716f,0.0891f,0.9897f,0.1125f,2.9343f,-0.6605f,0.1432f,-0.7371f,-0.0904f,0f,0f,0f,1f],start_interpolation: 0,interpolation_duration: 1}
$data merge entity $(torn_part) {transformation: [-0.8628f,-0.1029f,0.495f,0.0031f,-0.0223f,0.9859f,0.166f,2.6366f,-0.5051f,0.1322f,-0.8529f,-0.0983f,0f,0f,0f,1f],start_interpolation: 0,interpolation_duration: 1}
$data merge entity $(lowerbody) {transformation: [-0.8628f,0.0507f,0.5031f,-0.0082f,-0.0223f,0.9902f,-0.1381f,2.1747f,-0.5051f,-0.1304f,-0.8532f,0.1347f,0f,0f,0f,1f],start_interpolation: 0,interpolation_duration: 1}
$data merge entity $(leftfoot) {transformation: [-0.9548f,-0.2499f,0.1611f,0.556f,-0.1751f,0.9104f,0.3748f,0.2432f,-0.2403f,0.3296f,-0.913f,-0.1336f,0f,0f,0f,1f],start_interpolation: 0,interpolation_duration: 1}
$data merge entity $(leftlowerleg) {transformation: [-0.9548f,-0.2499f,0.1611f,0.2541f,-0.1751f,0.9104f,0.3748f,1.1957f,-0.2403f,0.3296f,-0.913f,0.3724f,0f,0f,0f,1f],start_interpolation: 0,interpolation_duration: 1}
$data merge entity $(leftleg) {transformation: [-0.9237f,0.0539f,0.3793f,0.2701f,-0.0577f,0.9592f,-0.2767f,2.1583f,-0.3788f,-0.2775f,-0.8829f,0.1355f,0f,0f,0f,1f],start_interpolation: 0,interpolation_duration: 1}
$data merge entity $(rightfoot) {transformation: [-0.9055f,0.0157f,0.424f,-0.4134f,0.1333f,0.9593f,0.249f,0.2155f,-0.4029f,0.2819f,-0.8708f,-0.2384f,0f,0f,0f,1f],start_interpolation: 0,interpolation_duration: 1}
$data merge entity $(rightlowerleg) {transformation: [-0.9055f,0.0157f,0.424f,-0.461f,0.1333f,0.9593f,0.249f,1.2414f,-0.4029f,0.2819f,-0.8708f,0.2081f,0f,0f,0f,1f],start_interpolation: 0,interpolation_duration: 1}
$data merge entity $(rightleg) {transformation: [-0.8485f,0.2709f,0.4546f,-0.1801f,0.0302f,0.8824f,-0.4695f,2.1318f,-0.5283f,-0.3846f,-0.7569f,-0.09f,0f,0f,0f,1f],start_interpolation: 0,interpolation_duration: 1}
data modify entity @s data merge value {"cameras":{},"locators":{"soup":{"px":0.1322745522543437,"py":3.3882268592732716,"pz":0.6581625038324496,"ry":223.4139531859417,"rx":50.70284556296527},"lefthand":{"px":0.04964944555427364,"py":3.2955656909475843,"pz":0.8037796976852515,"ry":198.11301125422318,"rx":-36.49782256375019},"sword":{"px":1.2150365173431452,"py":1.428561473321933,"pz":-2.3817952505937017,"ry":210.64119611999956,"rx":50.77644301529877},"righthand":{"px":0.026619735817513257,"py":4.285210811537059,"pz":-0.37558579944874737,"ry":210.64119611999956,"rx":50.77644301529877},"chest":{"px":-0.404818413002817,"py":2.579495635149884,"pz":-0.10037827232276841,"ry":42.11592354698104,"rx":6.457976437684153}}}