# This file was generated by Animated Java via MC-Build. It is not recommended to edit this file directly.
$data merge entity $(bone_nose) {transformation: [-0.996f,-0.0792f,-0.0407f,-0.0628f,-0.0857f,0.9768f,0.1963f,4.0624f,0.0242f,0.199f,-0.9797f,0.2003f,0f,0f,0f,1f],start_interpolation: 0,interpolation_duration: 1}
$data merge entity $(bone_glowing_eye) {transformation: [-0.996f,-0.0792f,-0.0407f,-0.1912f,-0.0857f,0.9768f,0.1963f,4.111f,0.0242f,0.199f,-0.9797f,0.251f,0f,0f,0f,1f],start_interpolation: 0,interpolation_duration: 1}
$data merge entity $(bone_head) {transformation: [-0.996f,-0.0792f,-0.0407f,-0.0606f,-0.0857f,0.9768f,0.1963f,3.9786f,0.0242f,0.199f,-0.9797f,-0.0077f,0f,0f,0f,1f],start_interpolation: 0,interpolation_duration: 1}
$data merge entity $(bone_leftthumb2) {transformation: [-0.437f,0.8988f,0.033f,0.0759f,-0.6285f,-0.3314f,0.7037f,4.2448f,0.6434f,0.2869f,0.7097f,-0.4939f,0f,0f,0f,1f],start_interpolation: 0,interpolation_duration: 1}
$data merge entity $(bone_leftthumb) {transformation: [-0.437f,0.8988f,0.033f,0.2992f,-0.6285f,-0.3314f,0.7037f,4.2237f,0.6434f,0.2869f,0.7097f,-0.3629f,0f,0f,0f,1f],start_interpolation: 0,interpolation_duration: 1}
$data merge entity $(bone_leftpointerfinger) {transformation: [0.0113f,0.9994f,0.033f,0.0536f,-0.7103f,-0.0152f,0.7037f,4.4341f,0.7038f,-0.0314f,0.7097f,-0.4942f,0f,0f,0f,1f],start_interpolation: 0,interpolation_duration: 1}
$data merge entity $(bone_leftmidfinger) {transformation: [-0.0491f,0.9982f,0.033f,0.0587f,-0.7081f,-0.0581f,0.7037f,4.5441f,0.7044f,0.0112f,0.7097f,-0.3833f,0f,0f,0f,1f],start_interpolation: 0,interpolation_duration: 1}
$data merge entity $(bone_leftringfinger) {transformation: [-0.0491f,0.9982f,0.033f,0.0639f,-0.7081f,-0.0581f,0.7037f,4.654f,0.7044f,0.0112f,0.7097f,-0.2724f,0f,0f,0f,1f],start_interpolation: 0,interpolation_duration: 1}
$data merge entity $(bone_invisibility) {transformation: [0.8983f,0.0455f,0.437f,0.0689f,-0.2688f,-0.7299f,0.6285f,4.2581f,0.3476f,-0.682f,-0.6434f,-0.3643f,0f,0f,0f,1f],start_interpolation: 0,interpolation_duration: 1}
$data merge entity $(bone_swiftness) {transformation: [0.033f,0.8988f,0.437f,-0.0694f,0.7037f,-0.3314f,0.6285f,4.4022f,0.7097f,0.2869f,-0.6434f,-0.2366f,0f,0f,0f,1f],start_interpolation: 0,interpolation_duration: 1}
$data merge entity $(bone_suspicious_stew) {transformation: [0.8285f,0.35f,0.437f,0.033f,-0.0029f,-0.7778f,0.6285f,4.4055f,0.5599f,-0.522f,-0.6434f,-0.2447f,0f,0f,0f,1f],start_interpolation: 0,interpolation_duration: 1}
$data merge entity $(bone_log) {transformation: [-0.437f,0.8988f,0.033f,0.1059f,-0.6285f,-0.3314f,0.7037f,4.3382f,0.6434f,0.2869f,0.7097f,-0.1152f,0f,0f,0f,1f],start_interpolation: 0,interpolation_duration: 1}
$data merge entity $(bone_planks) {transformation: [-0.437f,0.8988f,0.033f,0.0649f,-0.6285f,-0.3314f,0.7037f,4.2793f,0.6434f,0.2869f,0.7097f,-0.0549f,0f,0f,0f,1f],start_interpolation: 0,interpolation_duration: 1}
$data merge entity $(bone_lefthand1) {transformation: [-0.437f,0.8988f,0.033f,0.4388f,-0.6285f,-0.3314f,0.7037f,4.3905f,0.6434f,0.2869f,0.7097f,-0.2266f,0f,0f,0f,1f],start_interpolation: 0,interpolation_duration: 1}
$data merge entity $(bone_leftforearm) {transformation: [0.0469f,0.9619f,0.2695f,1.1293f,0.4621f,-0.2601f,0.8478f,4.2607f,0.8856f,0.0848f,-0.4567f,-0.0876f,0f,0f,0f,1f],start_interpolation: 0,interpolation_duration: 1}
$data merge entity $(bone_leftelbow) {transformation: [0.0469f,0.9619f,0.2695f,1.3096f,0.4621f,-0.2601f,0.8478f,4.212f,0.8856f,0.0848f,-0.4567f,-0.0717f,0f,0f,0f,1f],start_interpolation: 0,interpolation_duration: 1}
$data merge entity $(bone_leftarm) {transformation: [-0.4056f,-0.0666f,0.9116f,0.9314f,-0.0254f,-0.9961f,-0.0841f,3.6386f,0.9137f,-0.0573f,0.4024f,0.0808f,0f,0f,0f,1f],start_interpolation: 0,interpolation_duration: 1}
$data merge entity $(bone_rightthumb2) {transformation: [-0.6139f,-0.2582f,-0.7459f,-0.8167f,0.7797f,-0.0508f,-0.6241f,3.2655f,0.1233f,-0.9647f,0.2325f,0.7954f,0f,0f,0f,1f],start_interpolation: 0,interpolation_duration: 1}
$data merge entity $(bone_rightthumb) {transformation: [-0.6139f,-0.2582f,-0.7459f,-0.9438f,0.7797f,-0.0508f,-0.6241f,3.1997f,0.1233f,-0.9647f,0.2325f,0.5787f,0f,0f,0f,1f],start_interpolation: 0,interpolation_duration: 1}
$data merge entity $(bone_rightpointerfinger) {transformation: [-0.6321f,-0.2099f,-0.7459f,-0.9611f,0.7734f,-0.1111f,-0.6241f,3.2724f,0.0481f,-0.9714f,0.2325f,0.9197f,0f,0f,0f,1f],start_interpolation: 0,interpolation_duration: 1}
$data merge entity $(bone_rightmidfinger) {transformation: [-0.6224f,-0.2372f,-0.7459f,-1.0777f,0.7775f,-0.0773f,-0.6241f,3.1749f,0.0904f,-0.9684f,0.2325f,0.956f,0f,0f,0f,1f],start_interpolation: 0,interpolation_duration: 1}
$data merge entity $(bone_rightringfinger) {transformation: [-0.6191f,-0.2456f,-0.7459f,-1.1942f,0.7785f,-0.0668f,-0.6241f,3.0774f,0.1035f,-0.9671f,0.2325f,0.9923f,0f,0f,0f,1f],start_interpolation: 0,interpolation_duration: 1}
$data merge entity $(bone_hugeasssword) {transformation: [-2.4046f,-1.0115f,-2.9215f,-0.9554f,3.0537f,-0.1989f,-2.4446f,2.9672f,0.4829f,-3.7786f,0.9107f,0.7236f,0f,0f,0f,1f],start_interpolation: 0,interpolation_duration: 1}
$data merge entity $(bone_ice) {transformation: [-0.6139f,-0.2582f,-0.7459f,-0.9418f,0.7797f,-0.0508f,-0.6241f,2.9558f,0.1233f,-0.9647f,0.2325f,0.7368f,0f,0f,0f,1f],start_interpolation: 0,interpolation_duration: 1}
$data merge entity $(bone_righthand1) {transformation: [-0.6139f,-0.2582f,-0.7459f,-1.1831f,0.7797f,-0.0508f,-0.6241f,3.1186f,0.1233f,-0.9647f,0.2325f,0.5337f,0f,0f,0f,1f],start_interpolation: 0,interpolation_duration: 1}
$data merge entity $(bone_rightforearm) {transformation: [-0.307f,-0.5287f,-0.7913f,-1.5123f,0.9204f,0.0466f,-0.3882f,3.0867f,0.2421f,-0.8475f,0.4723f,-0.0987f,0f,0f,0f,1f],start_interpolation: 0,interpolation_duration: 1}
$data merge entity $(bone_rightelbow) {transformation: [-0.307f,-0.5287f,-0.7913f,-1.6115f,0.9204f,0.0466f,-0.3882f,3.0955f,0.2421f,-0.8475f,0.4723f,-0.2576f,0f,0f,0f,1f],start_interpolation: 0,interpolation_duration: 1}
$data merge entity $(bone_rightarm) {transformation: [-0.659f,0.7498f,0.0597f,-0.924f,0.749f,0.6614f,-0.0383f,3.3473f,-0.0682f,0.0195f,-0.9975f,-0.0238f,0f,0f,0f,1f],start_interpolation: 0,interpolation_duration: 1}
$data merge entity $(bone_chest1) {transformation: [-1.079f,-0.0858f,-0.0441f,-0.0143f,-0.0929f,1.0582f,0.2127f,3.353f,0.0263f,0.2156f,-1.0613f,-0.2183f,0f,0f,0f,1f],start_interpolation: 0,interpolation_duration: 1}
$data merge entity $(bone_chest1lid) {transformation: [-0.996f,-0.0792f,-0.0407f,-0.2843f,-0.0857f,0.9768f,0.1963f,2.5794f,0.0242f,0.199f,-0.9797f,0.0373f,0f,0f,0f,1f],start_interpolation: 0,interpolation_duration: 1}
$data merge entity $(bone_chest2) {transformation: [-0.996f,-0.0792f,-0.0407f,-0.2719f,-0.0857f,0.9768f,0.1963f,2.4267f,0.0242f,0.199f,-0.9797f,0.0062f,0f,0f,0f,1f],start_interpolation: 0,interpolation_duration: 1}
$data merge entity $(bone_chest1lid3) {transformation: [-0.996f,-0.0792f,-0.0407f,-0.2481f,-0.0857f,0.9768f,0.1963f,2.7105f,0.0242f,0.199f,-0.9797f,-0.5918f,0f,0f,0f,1f],start_interpolation: 0,interpolation_duration: 1}
$data merge entity $(bone_chest3) {transformation: [-0.996f,-0.0792f,-0.0407f,-0.2357f,-0.0857f,0.9768f,0.1963f,2.5578f,0.0242f,0.199f,-0.9797f,-0.6229f,0f,0f,0f,1f],start_interpolation: 0,interpolation_duration: 1}
$data merge entity $(bone_hugeasssword2) {transformation: [0.1595f,2.6666f,-2.8643f,-1.3441f,-0.7688f,2.8322f,2.5938f,4.4328f,3.8372f,0.4566f,0.6388f,-0.2171f,0f,0f,0f,1f],start_interpolation: 0,interpolation_duration: 1}
$data merge entity $(bone_belt) {transformation: [-0.996f,-0.0792f,-0.0407f,0.0545f,-0.0857f,0.9768f,0.1963f,2.941f,0.0242f,0.199f,-0.9797f,-0.1701f,0f,0f,0f,1f],start_interpolation: 0,interpolation_duration: 1}
$data merge entity $(bone_torn_part) {transformation: [-0.9411f,-0.0554f,0.3337f,-0.0752f,-0.0024f,0.9875f,0.1574f,2.6275f,-0.3382f,0.1474f,-0.9295f,-0.0943f,0f,0f,0f,1f],start_interpolation: 0,interpolation_duration: 1}
$data merge entity $(bone_lowerbody) {transformation: [-0.9411f,0.0475f,0.3349f,-0.0536f,-0.0024f,0.9892f,-0.1468f,2.1654f,-0.3382f,-0.139f,-0.9308f,0.1375f,0f,0f,0f,1f],start_interpolation: 0,interpolation_duration: 1}
$data merge entity $(bone_leftfoot) {transformation: [-0.97f,-0.2401f,0.0387f,0.5404f,-0.2105f,0.9087f,0.3606f,0.2371f,-0.1217f,0.3416f,-0.9319f,-0.1503f,0f,0f,0f,1f],start_interpolation: 0,interpolation_duration: 1}
$data merge entity $(bone_leftlowerleg) {transformation: [-0.97f,-0.2401f,0.0387f,0.2681f,-0.2105f,0.9087f,0.3606f,1.1898f,-0.1217f,0.3416f,-0.9319f,0.3719f,0f,0f,0f,1f],start_interpolation: 0,interpolation_duration: 1}
$data merge entity $(bone_leftleg) {transformation: [-0.96f,-0.0003f,0.2801f,0.2346f,-0.091f,0.946f,-0.311f,2.1373f,-0.2649f,-0.324f,-0.9082f,0.0938f,0f,0f,0f,1f],start_interpolation: 0,interpolation_duration: 1}
$data merge entity $(bone_rightfoot) {transformation: [-0.9083f,-0.0141f,0.4181f,-0.4233f,0.1205f,0.9483f,0.2936f,0.2262f,-0.4007f,0.3171f,-0.8596f,-0.2324f,0f,0f,0f,1f],start_interpolation: 0,interpolation_duration: 1}
$data merge entity $(bone_rightlowerleg) {transformation: [-0.9083f,-0.0141f,0.4181f,-0.5032f,0.1205f,0.9483f,0.2936f,1.2331f,-0.4007f,0.3171f,-0.8596f,0.2514f,0f,0f,0f,1f],start_interpolation: 0,interpolation_duration: 1}
$data merge entity $(bone_rightleg) {transformation: [-0.889f,0.2375f,0.3915f,-0.2581f,0.0424f,0.894f,-0.4461f,2.1291f,-0.456f,-0.38f,-0.8048f,-0.05f,0f,0f,0f,1f],start_interpolation: 0,interpolation_duration: 1}
data modify entity @s data merge value {"cameras":{},"locators":{"lefthand":{"posx":0.07611839186641928,"posy":4.412001539449175,"posz":-0.20906922653427318,"roty":177.34173905340987,"rotx":44.726222803986786},"sword":{"posx":1.766886367054897,"posy":5.341012401444221,"posz":-0.09764635563003321,"roty":252.6857906751851,"rotx":-38.61938305591726},"righthand":{"posx":-0.9836416965372199,"posy":3.0394815934516806,"posz":0.7597960979803604,"roty":252.6857906751851,"rotx":-38.61938305591726},"chest":{"posx":-0.30406970106186354,"posy":2.484956114530968,"posz":0.17869225255778956,"roty":357.6190132209183,"rotx":11.320281617474379}}}