# This file was generated by Animated Java via MC-Build. It is not recommended to edit this file directly.
$data merge entity $(nose) {transformation: [-0.9378f,0.0152f,-0.3468f,-0.0637f,-0.0627f,0.9752f,0.2122f,4.0636f,0.3414f,0.2207f,-0.9136f,0.2344f,0f,0f,0f,1f],start_interpolation: 0,interpolation_duration: 1}
$data merge entity $(glowing_eye) {transformation: [-0.9378f,0.0152f,-0.3468f,-0.1678f,-0.0627f,0.9752f,0.2122f,4.1143f,0.3414f,0.2207f,-0.9136f,0.3239f,0f,0f,0f,1f],start_interpolation: 0,interpolation_duration: 1}
$data merge entity $(head) {transformation: [-0.9378f,0.0152f,-0.3468f,-0.1305f,-0.0627f,0.9752f,0.2122f,3.9829f,0.3414f,0.2207f,-0.9136f,0.036f,0f,0f,0f,1f],start_interpolation: 0,interpolation_duration: 1}
$data merge entity $(leftthumb2) {transformation: [-0.5483f,0.2474f,0.7988f,0.8324f,-0.691f,-0.6721f,-0.2662f,4.1431f,0.4711f,-0.6979f,0.5395f,0.0714f,0f,0f,0f,1f],start_interpolation: 0,interpolation_duration: 1}
$data merge entity $(leftthumb) {transformation: [-0.5483f,0.2474f,0.7988f,0.9613f,-0.691f,-0.6721f,-0.2662f,3.9556f,0.4711f,-0.6979f,0.5395f,-0.0537f,0f,0f,0f,1f],start_interpolation: 0,interpolation_duration: 1}
$data merge entity $(leftpointerfinger) {transformation: [-0.3433f,0.494f,0.7988f,0.9775f,-0.9381f,-0.2215f,-0.2662f,4.2392f,0.0455f,-0.8408f,0.5395f,0.1491f,0f,0f,0f,1f],start_interpolation: 0,interpolation_duration: 1}
$data merge entity $(leftmidfinger) {transformation: [-0.3772f,0.4686f,0.7988f,1.1024f,-0.9202f,-0.287f,-0.2662f,4.1976f,0.1045f,-0.8355f,0.5395f,0.2334f,0f,0f,0f,1f],start_interpolation: 0,interpolation_duration: 1}
$data merge entity $(leftringfinger) {transformation: [-0.3772f,0.4686f,0.7988f,1.2272f,-0.9202f,-0.287f,-0.2662f,4.156f,0.1045f,-0.8355f,0.5395f,0.3176f,0f,0f,0f,1f],start_interpolation: 0,interpolation_duration: 1}
$data merge entity $(invisibility) {transformation: [0.316f,-0.7742f,0.5483f,0.8768f,-0.6927f,0.2066f,0.691f,4.0444f,-0.6482f,-0.5982f,-0.4711f,0.1442f,0f,0f,0f,1f],start_interpolation: 0,interpolation_duration: 1}
$data merge entity $(swiftness) {transformation: [0.7988f,0.2474f,0.5483f,0.9645f,-0.2662f,-0.6721f,0.691f,4.0496f,0.5395f,-0.6979f,-0.4711f,0.3644f,0f,0f,0f,1f],start_interpolation: 0,interpolation_duration: 1}
$data merge entity $(suspicious_stew) {transformation: [0.5618f,-0.6195f,0.5483f,1.015f,-0.7216f,-0.0428f,0.691f,4.026f,-0.4045f,-0.7839f,-0.4711f,0.2781f,0f,0f,0f,1f],start_interpolation: 0,interpolation_duration: 1}
$data merge entity $(log) {transformation: [-0.5483f,0.2474f,0.7988f,1.032f,-0.691f,-0.6721f,-0.2662f,3.8648f,0.4711f,-0.6979f,0.5395f,0.2603f,0f,0f,0f,1f],start_interpolation: 0,interpolation_duration: 1}
$data merge entity $(planks) {transformation: [-0.5483f,0.2474f,0.7988f,0.9806f,-0.691f,-0.6721f,-0.2662f,3.8f,0.4711f,-0.6979f,0.5395f,0.3044f,0f,0f,0f,1f],start_interpolation: 0,interpolation_duration: 1}
$data merge entity $(lefthand1) {transformation: [-0.5483f,0.2474f,0.7988f,1.2059f,-0.691f,-0.6721f,-0.2662f,3.8778f,0.4711f,-0.6979f,0.5395f,-0.0488f,0f,0f,0f,1f],start_interpolation: 0,interpolation_duration: 1}
$data merge entity $(leftforearm) {transformation: [0.3228f,0.3195f,0.8909f,1.4661f,-0.6452f,-0.6144f,0.4541f,3.3969f,0.6924f,-0.7214f,0.0079f,-0.5036f,0f,0f,0f,1f],start_interpolation: 0,interpolation_duration: 1}
$data merge entity $(leftelbow) {transformation: [0.3228f,0.3195f,0.8909f,1.5261f,-0.6452f,-0.6144f,0.4541f,3.2817f,0.6924f,-0.7214f,0.0079f,-0.6388f,0f,0f,0f,1f],start_interpolation: 0,interpolation_duration: 1}
$data merge entity $(leftarm) {transformation: [-0.0247f,-0.9551f,-0.2953f,0.8338f,-0.3347f,0.2863f,-0.8978f,3.6097f,0.942f,0.0767f,-0.3267f,-0.211f,0f,0f,0f,1f],start_interpolation: 0,interpolation_duration: 1}
$data merge entity $(rightthumb2) {transformation: [0.1998f,-0.8829f,-0.4249f,-0.117f,0.7279f,0.4241f,-0.5389f,2.6471f,0.656f,-0.2016f,0.7274f,0.3495f,0f,0f,0f,1f],start_interpolation: 0,interpolation_duration: 1}
$data merge entity $(rightthumb) {transformation: [0.1998f,-0.8829f,-0.4249f,-0.3698f,0.7279f,0.4241f,-0.5389f,2.7051f,0.656f,-0.2016f,0.7274f,0.3622f,0f,0f,0f,1f],start_interpolation: 0,interpolation_duration: 1}
$data merge entity $(rightpointerfinger) {transformation: [0.2241f,-0.8771f,-0.4249f,-0.0782f,0.7159f,0.444f,-0.5389f,2.6203f,0.6613f,-0.1834f,0.7274f,0.5342f,0f,0f,0f,1f],start_interpolation: 0,interpolation_duration: 1}
$data merge entity $(rightmidfinger) {transformation: [0.2621f,-0.8664f,-0.4249f,-0.1446f,0.6958f,0.4748f,-0.5389f,2.5361f,0.6687f,-0.1544f,0.7274f,0.6478f,0f,0f,0f,1f],start_interpolation: 0,interpolation_duration: 1}
$data merge entity $(rightringfinger) {transformation: [0.2637f,-0.866f,-0.4249f,-0.211f,0.695f,0.476f,-0.5389f,2.4519f,0.6689f,-0.1532f,0.7274f,0.7615f,0f,0f,0f,1f],start_interpolation: 0,interpolation_duration: 1}
$data merge entity $(hugeasssword) {transformation: [0.7825f,-3.458f,-1.6643f,-0.3704f,2.8508f,1.6609f,-2.1106f,2.4373f,2.5692f,-0.7897f,2.8488f,0.4213f,0f,0f,0f,1f],start_interpolation: 0,interpolation_duration: 1}
$data merge entity $(whey) {transformation: [0f,0f,0f,-0.2622f,0f,0f,0f,2.3482f,0f,0f,0f,0.2252f,0f,0f,0f,1f],start_interpolation: 0,interpolation_duration: 1}
$data merge entity $(ice) {transformation: [0.1998f,-0.8829f,-0.4249f,-0.3597f,0.7279f,0.4241f,-0.5389f,2.4193f,0.656f,-0.2016f,0.7274f,0.4142f,0f,0f,0f,1f],start_interpolation: 0,interpolation_duration: 1}
$data merge entity $(righthand1) {transformation: [0.1998f,-0.8829f,-0.4249f,-0.5438f,0.7279f,0.4241f,-0.5389f,2.6905f,0.656f,-0.2016f,0.7274f,0.5505f,0f,0f,0f,1f],start_interpolation: 0,interpolation_duration: 1}
$data merge entity $(rightforearm) {transformation: [-0.1127f,-0.9665f,-0.2306f,-1.1939f,0.3453f,0.1795f,-0.9211f,2.8443f,0.9317f,-0.1835f,0.3135f,0.3475f,0f,0f,0f,1f],start_interpolation: 0,interpolation_duration: 1}
$data merge entity $(rightelbow) {transformation: [-0.1127f,-0.9665f,-0.2306f,-1.3751f,0.3453f,0.1795f,-0.9211f,2.878f,0.9317f,-0.1835f,0.3135f,0.3131f,0f,0f,0f,1f],start_interpolation: 0,interpolation_duration: 1}
$data merge entity $(rightarm) {transformation: [-0.5049f,0.2401f,-0.8291f,-0.916f,0.1669f,0.9696f,0.1791f,3.4107f,0.8469f,-0.0479f,-0.5296f,0.1657f,0f,0f,0f,1f],start_interpolation: 0,interpolation_duration: 1}
$data merge entity $(chest1) {transformation: [-1.016f,0.0164f,-0.3757f,-0.171f,-0.0679f,1.0565f,0.2298f,3.3597f,0.3699f,0.2391f,-0.9898f,-0.1827f,0f,0f,0f,1f],start_interpolation: 0,interpolation_duration: 1}
$data merge entity $(chest1lid) {transformation: [-0.9378f,0.0152f,-0.3468f,-0.3658f,-0.0627f,0.9752f,0.2122f,2.5888f,0.3414f,0.2207f,-0.9136f,0.1405f,0f,0f,0f,1f],start_interpolation: 0,interpolation_duration: 1}
$data merge entity $(chest2) {transformation: [-0.9378f,0.0152f,-0.3468f,-0.3682f,-0.0627f,0.9752f,0.2122f,2.4364f,0.3414f,0.2207f,-0.9136f,0.1061f,0f,0f,0f,1f],start_interpolation: 0,interpolation_duration: 1}
$data merge entity $(chest1lid3) {transformation: [-0.9378f,0.0152f,-0.3468f,-0.5294f,-0.0627f,0.9752f,0.2122f,2.7286f,0.3414f,0.2207f,-0.9136f,-0.4661f,0f,0f,0f,1f],start_interpolation: 0,interpolation_duration: 1}
$data merge entity $(chest3) {transformation: [-0.9378f,0.0152f,-0.3468f,-0.5317f,-0.0627f,0.9752f,0.2122f,2.5762f,0.3414f,0.2207f,-0.9136f,-0.5006f,0f,0f,0f,1f],start_interpolation: 0,interpolation_duration: 1}
$data merge entity $(hugeasssword2) {transformation: [1.3583f,2.7482f,-2.4377f,-1.4007f,-0.831f,2.7615f,2.6503f,4.4702f,3.5784f,-0.402f,1.5408f,0.252f,0f,0f,0f,1f],start_interpolation: 0,interpolation_duration: 1}
$data merge entity $(belt) {transformation: [-0.9378f,0.0152f,-0.3468f,-0.1016f,-0.0627f,0.9752f,0.2122f,2.9455f,0.3414f,0.2207f,-0.9136f,-0.162f,0f,0f,0f,1f],start_interpolation: 0,interpolation_duration: 1}
$data merge entity $(torn_part) {transformation: [-0.9783f,-0.1901f,-0.0829f,-0.0869f,-0.2037f,0.9558f,0.212f,2.628f,0.0389f,0.2243f,-0.9737f,-0.0566f,0f,0f,0f,1f],start_interpolation: 0,interpolation_duration: 1}
$data merge entity $(lowerbody) {transformation: [-0.9783f,-0.2062f,-0.0219f,0.1124f,-0.2037f,0.9753f,-0.0852f,2.1836f,0.0389f,-0.0789f,-0.9961f,0.1182f,0f,0f,0f,1f],start_interpolation: 0,interpolation_duration: 1}
$data merge entity $(leftfoot) {transformation: [-0.9825f,-0.1105f,-0.1503f,0.4999f,-0.1462f,0.9565f,0.2526f,0.2381f,0.1158f,0.2701f,-0.9558f,-0.1874f,0f,0f,0f,1f],start_interpolation: 0,interpolation_duration: 1}
$data merge entity $(leftlowerleg) {transformation: [-0.9825f,-0.1105f,-0.1503f,0.4004f,-0.1462f,0.9565f,0.2526f,1.2603f,0.1158f,0.2701f,-0.9558f,0.2592f,0f,0f,0f,1f],start_interpolation: 0,interpolation_duration: 1}
$data merge entity $(leftleg) {transformation: [-0.9978f,-0.0483f,0.045f,0.3298f,-0.0605f,0.9429f,-0.3276f,2.2174f,-0.0266f,-0.3296f,-0.9438f,-0.0231f,0f,0f,0f,1f],start_interpolation: 0,interpolation_duration: 1}
$data merge entity $(rightfoot) {transformation: [-0.9194f,0.1321f,0.3704f,-0.4415f,0.2586f,0.9126f,0.3167f,0.2037f,-0.2962f,0.387f,-0.8732f,-0.2237f,0f,0f,0f,1f],start_interpolation: 0,interpolation_duration: 1}
$data merge entity $(rightlowerleg) {transformation: [-0.9194f,0.1321f,0.3704f,-0.3519f,0.2586f,0.9126f,0.3167f,1.1674f,-0.2962f,0.387f,-0.8732f,0.3398f,0f,0f,0f,1f],start_interpolation: 0,interpolation_duration: 1}
$data merge entity $(rightleg) {transformation: [-0.9803f,0.1587f,0.1176f,-0.1795f,0.1007f,0.9137f,-0.3938f,2.0839f,-0.17f,-0.3742f,-0.9116f,0.0246f,0f,0f,0f,1f],start_interpolation: 0,interpolation_duration: 1}
data modify entity @s data merge value {"cameras":{},"locators":{"soup":{"px":0.8913979632678445,"py":3.9970828440954156,"pz":0.1580536905835877,"ry":49.334236365894526,"rx":43.70651209808762},"lefthand":{"px":1.0515608996437893,"py":3.986213063769116,"pz":0.2622028586327699,"ry":124.03112643048158,"rx":-15.435857579417165},"sword":{"px":1.2463802367546752,"py":4.476480518918276,"pz":-2.2146482858411303,"ry":210.29385439791412,"rx":-32.60772009713313},"righthand":{"px":-0.3205338797455066,"py":2.489344688149395,"pz":0.4674642381941545,"ry":210.29385439791412,"rx":-32.60772009713313},"chest":{"px":-0.3418795815058939,"py":2.4927036861097744,"pz":0.2801795295200181,"ry":339.2132020394456,"rx":12.24889068887531}}}