# This file was generated by Animated Java via MC-Build. It is not recommended to edit this file directly.
$data merge entity $(bone_nose) { transformation: [-0.8106239676453839f,-0.10427536973413909f,0.5762078013578648f,-0.6103826293448777f,0.2225939016304102f,0.8552747455238909f,0.4679284823837881f,3.059620008028211f,-0.5416093961849324f,0.507574385618357f,-0.6700951462503969f,0.587389156549371f,0f,0f,0f,1f], start_interpolation: 0, interpolation_duration: 1 }
$data merge entity $(bone_glowing_eye) { transformation: [-0.8106239676453839f,-0.10427536973413909f,0.5762078013578648f,-0.7388780464271897f,0.2225939016304102f,0.8552747455238909f,0.4679284823837881f,3.129024638263204f,-0.5416093961849324f,0.507574385618357f,-0.6700951462503969f,0.5774382809123745f,0f,0f,0f,1f], start_interpolation: 0, interpolation_duration: 1 }
$data merge entity $(bone_head) { transformation: [-0.8106239676453839f,-0.10427536973413909f,0.5762078013578648f,-0.4896092407073698f,0.2225939016304102f,0.8552747455238909f,0.4679284823837881f,3.0416353031532775f,-0.5416093961849324f,0.507574385618357f,-0.6700951462503969f,0.39923679097205345f,0f,0f,0f,1f], start_interpolation: 0, interpolation_duration: 1 }
$data merge entity $(bone_leftthumb2) { transformation: [0.3210643005879388f,0.2660234878543188f,-0.9089275101996861f,-1.8261220433590277f,-0.8674756012578001f,0.4677002556118414f,-0.1695362855645825f,2.693303112651797f,0.38000499484927186f,0.8429044873592985f,0.3809307405279386f,0.35233454379255347f,0f,0f,0f,1f], start_interpolation: 0, interpolation_duration: 1 }
$data merge entity $(bone_leftthumb) { transformation: [0.3210643005879388f,0.2660234878543188f,-0.9089275101996861f,-1.8385564508418046f,-0.8674756012578001f,0.4677002556118414f,-0.1695362855645825f,2.7935149454650485f,0.38000499484927186f,0.8429044873592985f,0.3809307405279386f,0.5916039362924326f,0f,0f,0f,1f], start_interpolation: 0, interpolation_duration: 1 }
$data merge entity $(bone_leftpointerfinger) { transformation: [-0.01540624774110072f,-0.3357724746985208f,-0.941817122782003f,-1.9390491262475087f,0.13774772460059587f,0.9322349526920627f,-0.3346095595564853f,2.9080802007180973f,0.990347520771319f,-0.13488824342416866f,0.03188965173914515f,0.2957056653500799f,0f,0f,0f,1f], start_interpolation: 0, interpolation_duration: 1 }
$data merge entity $(bone_leftmidfinger) { transformation: [-0.031749198719219995f,-0.33462291555617707f,-0.941817122782003f,-2.086208051682197f,0.18300929409767924f,0.9244155131364268f,-0.3346095595564853f,2.8557974570373963f,0.9825983852289584f,-0.18298487220915105f,0.03188965173914515f,0.30068842343432134f,0f,0f,0f,1f], start_interpolation: 0, interpolation_duration: 1 }
$data merge entity $(bone_leftringfinger) { transformation: [-0.031749198719219995f,-0.33462291555617707f,-0.941817122782003f,-2.2333669771168845f,0.18300929409767924f,0.9244155131364268f,-0.3346095595564853f,2.8035147133566953f,0.9825983852289584f,-0.18298487220915105f,0.03188965173914515f,0.30567118151856276f,0f,0f,0f,1f], start_interpolation: 0, interpolation_duration: 1 }
$data merge entity $(bone_invisibility) { transformation: [0.11402093002825535f,0.9553902499687279f,-0.27244944077788563f,-1.875049216752899f,-0.49956015701546724f,0.2921818632263581f,0.8155178773786963f,2.8278667421589114f,0.8587426139642615f,0.04311877858038923f,0.5105897510678825f,0.3642551934983244f,0f,0f,0f,1f], start_interpolation: 0, interpolation_duration: 1 }
$data merge entity $(bone_swiftness) { transformation: [-0.9418171227820029f,0.1968547928155331f,-0.2724494407778857f,-2.0641073698661616f,-0.33460955955648547f,-0.47219385248980045f,0.8155178773786965f,2.7865957460932007f,0.03188965173914504f,0.8592328882301898f,0.5105897510678826f,0.22728676074947013f,0f,0f,0f,1f], start_interpolation: 0, interpolation_duration: 1 }
$data merge entity $(bone_suspicious_stew) { transformation: [-0.21961808366355312f,0.9367706226968081f,-0.2724494407778855f,-2.0608674956877526f,-0.5693650759239243f,0.10370150429906275f,0.8155178773786969f,2.78726153657753f,0.7922066066665264f,0.3342256699572094f,0.5105897510678828f,0.329957961563624f,0f,0f,0f,1f], start_interpolation: 0, interpolation_duration: 1 }
$data merge entity $(bone_log) { transformation: [0.27244944077788547f,0.1968547928155331f,-0.941817122782003f,-2.054866189143291f,-0.8155178773786966f,-0.47219385248980045f,-0.3346095595564853f,2.6360976809078416f,-0.5105897510678826f,0.8592328882301898f,0.03188965173914515f,0.39098911085505617f,0f,0f,0f,1f], start_interpolation: 0, interpolation_duration: 1 }
$data merge entity $(bone_planks) { transformation: [0.27244944077788547f,0.1968547928155331f,-0.941817122782003f,-2.029324054070364f,-0.8155178773786966f,-0.47219385248980045f,-0.3346095595564853f,2.559642879903589f,-0.5105897510678826f,0.8592328882301898f,0.03188965173914515f,0.34312132169244214f,0f,0f,0f,1f], start_interpolation: 0, interpolation_duration: 1 }
$data merge entity $(bone_lefthand1) { transformation: [0.27244944077788547f,0.1968547928155331f,-0.941817122782003f,-2.044333066046941f,-0.8155178773786966f,-0.47219385248980045f,-0.3346095595564853f,2.732385235866206f,-0.5105897510678826f,0.8592328882301898f,0.03188965173914515f,0.732448219062726f,0f,0f,0f,1f], start_interpolation: 0, interpolation_duration: 1 }
$data merge entity $(bone_leftforearm) { transformation: [0.27120641470547263f,0.4976853082262776f,-0.8238667456563094f,-1.6746726551107696f,-0.9525686918551316f,0.01600967911757234f,-0.3039022498632662f,2.667704711204891f,-0.138057842660263f,0.8672099077791187f,0.47842137068668533f,1.338974192960078f,0f,0f,0f,1f], start_interpolation: 0, interpolation_duration: 1 }
$data merge entity $(bone_leftelbow) { transformation: [0.27120641470547263f,0.4976853082262776f,-0.8238667456563094f,-1.5813566598183426f,-0.9525686918551316f,0.01600967911757234f,-0.3039022498632662f,2.670706526039436f,-0.138057842660263f,0.8672099077791187f,0.47842137068668533f,1.5015760506686628f,0f,0f,0f,1f], start_interpolation: 0, interpolation_duration: 1 }
$data merge entity $(bone_leftarm) { transformation: [-0.057102597635153296f,0.9947639400604019f,0.08475846210746282f,-0.973064431062043f,-0.802453845020793f,0.004777773654252249f,-0.5966950640739819f,2.5058046779745404f,-0.5939756897000606f,-0.10208759197088146f,0.7979793253029328f,1.1078632718331494f,0f,0f,0f,1f], start_interpolation: 0, interpolation_duration: 1 }
$data merge entity $(bone_rightthumb2) { transformation: [-0.10930593607162171f,0.3027995370418092f,0.9467653630687871f,-0.15483523477488445f,-0.37435576452492736f,0.8698026090226806f,-0.32140501381324993f,1.888879503821881f,-0.9208202723151049f,-0.3895585472103059f,0.018280163810317634f,-1.4175402507494261f,0f,0f,0f,1f], start_interpolation: 0, interpolation_duration: 1 }
$data merge entity $(bone_rightthumb) { transformation: [-0.10930593607162171f,0.3027995370418092f,0.9467653630687871f,0.0003322817025423197f,-0.37435576452492736f,0.8698026090226806f,-0.32140501381324993f,2.07472560119718f,-0.9208202723151049f,-0.3895585472103059f,0.018280163810317634f,-1.5115143856648294f,0f,0f,0f,1f], start_interpolation: 0, interpolation_duration: 1 }
$data merge entity $(bone_rightpointerfinger) { transformation: [-0.765355887507292f,0.16477735516264735f,0.6221565628389106f,-0.1517872174232986f,-0.643224069284184f,-0.1624765798729753f,-0.7482407083861957f,1.8329865734440998f,-0.02220725447731109f,-0.9728565075171072f,0.23034116790143377f,-1.6823993256530136f,0f,0f,0f,1f], start_interpolation: 0, interpolation_duration: 1 }
$data merge entity $(bone_rightmidfinger) { transformation: [-0.7724758787922471f,0.12728797272569553f,0.6221565628389106f,-0.05457525447971881f,-0.6345429708362471f,-0.19362608418297822f,-0.7482407083861957f,1.7160739627587567f,0.02522369612992198f,-0.9727829724678309f,0.23034116790143377f,-1.6464085181684147f,0f,0f,0f,1f], start_interpolation: 0, interpolation_duration: 1 }
$data merge entity $(bone_rightringfinger) { transformation: [-0.7724758787922471f,0.12728797272569553f,0.6221565628389106f,0.04263670846386097f,-0.6345429708362471f,-0.19362608418297822f,-0.7482407083861957f,1.5991613520734136f,0.02522369612992198f,-0.9727829724678309f,0.23034116790143377f,-1.6104177106838156f,0f,0f,0f,1f], start_interpolation: 0, interpolation_duration: 1 }
$data merge entity $(bone_hugeasssword) { transformation: [2.3703597603073963f,1.9451931123161468f,2.4367798711190667f,-0.039656218489642514f,1.0693032102314326f,2.3682053807973413f,-2.930609441179267f,1.8161910728347692f,-2.92886719212087f,2.438873676092741f,0.9021695742806157f,-1.4293187045325122f,0f,0f,0f,1f], start_interpolation: 0, interpolation_duration: 1 }
$data merge entity $(bone_ice) { transformation: [0.6051982366742288f,0.4966450499530587f,0.6221565628389106f,-0.05687251984319386f,0.273013585591004f,0.6046481823312361f,-0.7482407083861957f,1.8024776077109843f,-0.747795878839371f,0.6226911513428275f,0.23034116790143377f,-1.4273639431653786f,0f,0f,0f,1f], start_interpolation: 0, interpolation_duration: 1 }
$data merge entity $(bone_righthand1) { transformation: [0.6051982366742288f,0.4966450499530587f,0.6221565628389106f,0.23803069440234392f,0.273013585591004f,0.6046481823312361f,-0.7482407083861957f,1.9985105275544757f,-0.747795878839371f,0.6226911513428275f,0.23034116790143377f,-1.4514419635425948f,0f,0f,0f,1f], start_interpolation: 0, interpolation_duration: 1 }
$data merge entity $(bone_rightforearm) { transformation: [-0.2214614823360139f,0.21440391982721674f,0.9513074008985001f,0.441331274913233f,0.7513899622050876f,0.6593332064684446f,0.026321997368681932f,2.392847890188478f,-0.621585019558043f,0.720632140561857f,-0.3071178624734539f,-0.9138801215222023f,0f,0f,0f,1f], start_interpolation: 0, interpolation_duration: 1 }
$data merge entity $(bone_rightelbow) { transformation: [-0.2214614823360139f,0.21440391982721674f,0.9513074008985001f,0.4815320098808361f,0.7513899622050876f,0.6593332064684446f,0.026321997368681932f,2.5164728664013114f,-0.621585019558043f,0.720632140561857f,-0.3071178624734539f,-0.7787615951668542f,0f,0f,0f,1f], start_interpolation: 0, interpolation_duration: 1 }
$data merge entity $(bone_rightarm) { transformation: [0.17495346640077067f,-0.4292638053144918f,0.8860721584844409f,0.12965925463756978f,0.8271526067719353f,0.552230416581528f,0.10421195762763763f,2.594649397239836f,-0.5340504186916688f,0.7146846524510753f,0.45168130119160227f,-0.33544659208217203f,0f,0f,0f,1f], start_interpolation: 0, interpolation_duration: 1 }
$data merge entity $(bone_chest1) { transformation: [0.5745537802897127f,-0.40709008719988043f,0.8232719633083011f,-0.17957348891445493f,0.10655013969308408f,0.9940863028869029f,0.41719372149535505f,2.4707921831178545f,-0.9122204406815797f,-0.14028968040220685f,0.5672598913077338f,0.5250748835708153f,0f,0f,0f,1f], start_interpolation: 0, interpolation_duration: 1 }
$data merge entity $(bone_chest1lid) { transformation: [0.5303573356520426f,-0.375775465107582f,0.7599433507461242f,-0.039052291450719874f,0.09835397510130839f,0.9176181257417566f,0.38510189676494316f,1.7265295054002752f,-0.8420496375522275f,-0.12949816652511403f,0.5236245150532928f,0.12117753023637816f,0f,0f,0f,1f], start_interpolation: 0, interpolation_duration: 1 }
$data merge entity $(bone_chest2) { transformation: [0.5303573356520426f,-0.375775465107582f,0.7599433507461242f,0.01966262497233981f,0.09835397510130839f,0.9176181257417566f,0.38510189676494316f,1.5831516732531257f,-0.8420496375522275f,-0.12949816652511403f,0.5236245150532928f,0.14141161875592723f,0f,0f,0f,1f], start_interpolation: 0, interpolation_duration: 1 }
$data merge entity $(bone_chest1lid3) { transformation: [0.5303573356520426f,-0.375775465107582f,0.7599433507461242f,0.41463908414276335f,0.09835397510130839f,0.9176181257417566f,0.38510189676494316f,1.967088284571485f,-0.8420496375522275f,-0.12949816652511403f,0.5236245150532928f,0.509252587539408f,0f,0f,0f,1f], start_interpolation: 0, interpolation_duration: 1 }
$data merge entity $(bone_chest3) { transformation: [0.5303573356520426f,-0.375775465107582f,0.7599433507461242f,0.47335400056582305f,0.09835397510130839f,0.9176181257417566f,0.38510189676494316f,1.8237104524243355f,-0.8420496375522275f,-0.12949816652511403f,0.5236245150532928f,0.5294866760589572f,0f,0f,0f,1f], start_interpolation: 0, interpolation_duration: 1 }
$data merge entity $(bone_hugeasssword2) { transformation: [-2.9764447904223195f,-2.525821784864935f,0.31824282937298065f,0.23917402074942035f,-1.5083157623293606f,2.144060347746339f,2.910028619121885f,3.7587075535632355f,-2.050862683958731f,2.0889009823592257f,-2.6020631651099535f,-0.5239065847355303f,0f,0f,0f,1f], start_interpolation: 0, interpolation_duration: 1 }
$data merge entity $(bone_belt) { transformation: [0.5303573356520426f,-0.375775465107582f,0.7599433507461242f,-0.14635601488346167f,0.09835397510130839f,0.9176181257417566f,0.38510189676494316f,2.0517163991698415f,-0.8420496375522275f,-0.12949816652511403f,0.5236245150532928f,0.5350839274897513f,0f,0f,0f,1f], start_interpolation: 0, interpolation_duration: 1 }
$data merge entity $(bone_torn_part) { transformation: [0.043476786914081196f,-0.3573403228954698f,0.9329617691162853f,-0.05026306377138945f,0.30558208697837463f,0.8938447915017365f,0.3281174741204107f,2.0842109808590843f,-0.9511726221446707f,0.2708309109724713f,0.1480583011663062f,0.5224387329220043f,0f,0f,0f,1f], start_interpolation: 0, interpolation_duration: 1 }
$data merge entity $(bone_lowerbody) { transformation: [0.043476786914081196f,-0.06025450844222074f,0.9972357610976522f,-0.16532397594752193f,0.30558208697837463f,0.9511417563799215f,0.04414688424406843f,1.5837361388483966f,-0.9511726221446707f,0.3028180204064884f,0.059765285906844615f,0.4590618294460641f,0f,0f,0f,1f], start_interpolation: 0, interpolation_duration: 1 }
$data merge entity $(bone_leftfoot) { transformation: [-0.5498650982527521f,-0.8285790201596823f,0.10530740515973094f,0.9159076172414149f,-0.2250493444738258f,0.268396244461928f,0.9366689422653274f,0.5303459796474778f,-0.8043391819512107f,0.49134510906310647f,-0.33406816307464476f,0.34858439317990586f,0f,0f,0f,1f], start_interpolation: 0, interpolation_duration: 1 }
$data merge entity $(bone_leftlowerleg) { transformation: [-0.5498650982527521f,-0.8285790201596823f,0.10530740515973094f,-0.019477255331127742f,-0.2250493444738258f,0.268396244461928f,0.9366689422653274f,0.684182978294984f,-0.8043391819512107f,0.49134510906310647f,-0.33406816307464476f,0.9449984852549953f,0f,0f,0f,1f], start_interpolation: 0, interpolation_duration: 1 }
$data merge entity $(bone_leftleg) { transformation: [-0.6058264645147052f,0.03229394597465365f,0.794939855419211f,-0.03237709936797657f,-0.24654401204678286f,0.9423756935067459f,-0.22618677093701367f,1.5115726165316046f,-0.7564062039787143f,-0.333024253532781f,-0.5629655149466716f,0.6315400807953699f,0f,0f,0f,1f], start_interpolation: 0, interpolation_duration: 1 }
$data merge entity $(bone_rightfoot) { transformation: [-0.7307430362421687f,-0.18159579038273396f,0.6580544995850391f,-0.5866064706328217f,-0.07865230317114971f,0.9799362220810462f,0.18307822582607228f,0.26944116867007417f,-0.6781165651610325f,0.08202253515893074f,-0.7303788513373296f,0.24511449403327853f,0f,0f,0f,1f], start_interpolation: 0, interpolation_duration: 1 }
$data merge entity $(bone_rightlowerleg) { transformation: [-0.7307430362421687f,-0.18159579038273396f,0.6580544995850391f,-0.8891714954614728f,-0.07865230317114971f,0.9799362220810462f,0.18307822582607228f,1.3284287466102969f,-0.6781165651610325f,0.08202253515893074f,-0.7303788513373296f,0.4483277590757234f,0f,0f,0f,1f], start_interpolation: 0, interpolation_duration: 1 }
$data merge entity $(bone_rightleg) { transformation: [-0.46060321595474724f,0.8397422237581211f,0.28752011161154434f,-0.12741252594488806f,0.16268801951212208f,0.3983048257327197f,-0.9027088292815498f,1.6985885343152558f,-0.8725808190989346f,-0.3690071320933963f,-0.32007648297870744f,0.18100146608018625f,0f,0f,0f,1f], start_interpolation: 0, interpolation_duration: 1 }
data modify entity @s data merge value {"locators":{"lefthand":{"posx":-2.0810717123614624,"posy":2.7546709010059303,"posz":0.3712310548162624,"roty":268.0607225862251,"rotx":-19.548797218325824},"righthand":{"posx":-0.01761646035485953,"posy":1.8303162645797497,"posz":-1.5107984367947613,"roty":110.31607567060975,"rotx":-48.43821157642707},"chest":{"posx":-0.11773380669645159,"posy":1.6120797628938088,"posz":0.021140783993613688,"roty":124.56804554259409,"rotx":22.650066283259026},"sack":{"posx":0,"posy":-0.4375,"posz":0,"roty":0,"rotx":0}},"cameras":{}}