# This file was generated by Animated Java via MC-Build. It is not recommended to edit this file directly.
$data merge entity $(bone_nose) { transformation: [0.9984340394390135f,-0.021136246727130444f,0.05179505732968259f,0.3848969266941671f,0.00499686172663583f,0.9558710521973003f,0.29374404324872894f,3.971832307844324f,-0.05571804252107319f,-0.293025238922377f,0.9544798107304862f,-0.7920695243131053f,0f,0f,0f,1f], start_interpolation: 0, interpolation_duration: 1 }
$data merge entity $(bone_glowing_eye) { transformation: [0.9984340394390135f,-0.021136246727130444f,0.05179505732968259f,0.5064626650911823f,0.00499686172663583f,0.9558710521973003f,0.29374404324872894f,4.026926770267019f,-0.05571804252107319f,-0.293025238922377f,0.9544798107304862f,-0.8521816386786727f,0f,0f,0f,1f], start_interpolation: 0, interpolation_duration: 1 }
$data merge entity $(bone_head) { transformation: [0.9984340394390135f,-0.021136246727130444f,0.05179505732968259f,0.39720564784953183f,0.00499686172663583f,0.9558710521973003f,0.29374404324872894f,3.9088093782345803f,-0.05571804252107319f,-0.293025238922377f,0.9544798107304862f,-0.5771565665565047f,0f,0f,0f,1f], start_interpolation: 0, interpolation_duration: 1 }
$data merge entity $(bone_leftthumb2) { transformation: [0.12516763475901427f,-0.06240045965361021f,-0.9901713214610152f,-0.4700575072851972f,-0.7422336216500264f,-0.6681424529390265f,-0.051719565668193634f,4.094925446975737f,-0.6583481708800597f,0.7414120616874527f,-0.12994552967778944f,-1.1406131766962093f,0f,0f,0f,1f], start_interpolation: 0, interpolation_duration: 1 }
$data merge entity $(bone_leftthumb) { transformation: [0.12516763475901427f,-0.06240045965361021f,-0.9901713214610152f,-0.5699783177155524f,-0.7422336216500264f,-0.6681424529390265f,-0.051719565668193634f,3.9266486966777485f,-0.6583481708800597f,0.7414120616874527f,-0.12994552967778944f,-0.969892249260264f,0f,0f,0f,1f], start_interpolation: 0, interpolation_duration: 1 }
$data merge entity $(bone_leftpointerfinger) { transformation: [0.12516763475901427f,-0.06240045965361021f,-0.9901713214610152f,-0.6096076576369638f,-0.7422336216500264f,-0.6681424529390265f,-0.051719565668193634f,4.224640386775642f,-0.6583481708800597f,0.7414120616874527f,-0.12994552967778944f,-1.1472524475150991f,0f,0f,0f,1f], start_interpolation: 0, interpolation_duration: 1 }
$data merge entity $(bone_leftmidfinger) { transformation: [0.12516763475901427f,-0.06240045965361021f,-0.9901713214610152f,-0.7643219266152474f,-0.7422336216500264f,-0.6681424529390265f,-0.051719565668193634f,4.216559204639986f,-0.6583481708800597f,0.7414120616874527f,-0.12994552967778944f,-1.1675564365272537f,0f,0f,0f,1f], start_interpolation: 0, interpolation_duration: 1 }
$data merge entity $(bone_leftringfinger) { transformation: [0.12516763475901427f,-0.06240045965361021f,-0.9901713214610152f,-0.919036195593531f,-0.7422336216500264f,-0.6681424529390265f,-0.051719565668193634f,4.208478022504331f,-0.6583481708800597f,0.7414120616874527f,-0.12994552967778944f,-1.1878604255394083f,0f,0f,0f,1f], start_interpolation: 0, interpolation_duration: 1 }
$data merge entity $(bone_invisibility) { transformation: [-0.1484621240347792f,0.9809648622330548f,-0.12516763475901446f,-0.5620209225986056f,-0.6701076263482695f,-0.006709694640880753f,0.7422336216500263f,4.014009738353186f,0.7272652657985046f,0.19406936662417995f,0.6583481708800596f,-1.1855399875056145f,0f,0f,0f,1f], start_interpolation: 0, interpolation_duration: 1 }
$data merge entity $(bone_swiftness) { transformation: [-0.9901713214610152f,-0.06240045965361021f,-0.1251676347590145f,-0.7327088485605824f,-0.0517195656681938f,-0.6681424529390265f,0.7422336216500264f,4.056132236326637f,-0.12994552967778958f,0.7414120616874527f,0.6583481708800597f,-1.3445933088786894f,0f,0f,0f,1f], start_interpolation: 0, interpolation_duration: 1 }
$data merge entity $(bone_suspicious_stew) { transformation: [-0.47501850520007893f,0.8710284053498587f,-0.1251676347590143f,-0.744753023826283f,-0.6274003408890843f,-0.2354953569490211f,0.7422336216500264f,4.035631497271917f,0.6170301710368336f,0.4311049221815222f,0.6583481708800599f,-1.2446584647117993f,0f,0f,0f,1f], start_interpolation: 0, interpolation_duration: 1 }
$data merge entity $(bone_log) { transformation: [0.12516763475901427f,-0.06240045965361021f,-0.9901713214610152f,-0.7872328962178117f,-0.7422336216500264f,-0.6681424529390265f,-0.051719565668193634f,3.8801049339841525f,-0.6583481708800597f,0.7414120616874527f,-0.12994552967778944f,-1.2197932947245196f,0f,0f,0f,1f], start_interpolation: 0, interpolation_duration: 1 }
$data merge entity $(bone_planks) { transformation: [0.12516763475901427f,-0.06240045965361021f,-0.9901713214610152f,-0.7754984304591541f,-0.7422336216500264f,-0.6681424529390265f,-0.051719565668193634f,3.810520531954462f,-0.6583481708800597f,0.7414120616874527f,-0.12994552967778944f,-1.2815134357445253f,0f,0f,0f,1f], start_interpolation: 0, interpolation_duration: 1 }
$data merge entity $(bone_lefthand1) { transformation: [0.12516763475901427f,-0.06240045965361021f,-0.9901713214610152f,-0.8031820660253111f,-0.7422336216500264f,-0.6681424529390265f,-0.051719565668193634f,3.9002439625890335f,-0.6583481708800597f,0.7414120616874527f,-0.12994552967778944f,-0.8657924387802106f,0f,0f,0f,1f], start_interpolation: 0, interpolation_duration: 1 }
$data merge entity $(bone_leftforearm) { transformation: [0.5470592964916859f,-0.03862925576894949f,-0.8362020728991048f,-0.7785103205975642f,-0.7893012042351993f,-0.3565065918551091f,-0.49990665024254183f,3.594179898363604f,-0.2788005292586195f,0.9334938835164333f,-0.22552036343204607f,-0.2267270202710804f,0f,0f,0f,1f], start_interpolation: 0, interpolation_duration: 1 }
$data merge entity $(bone_leftelbow) { transformation: [0.5470592964916859f,-0.03862925576894949f,-0.8362020728991048f,-0.7857533060542422f,-0.7893012042351993f,-0.3565065918551091f,-0.49990665024254183f,3.527334912390771f,-0.2788005292586195f,0.9334938835164333f,-0.22552036343204607f,-0.051696917111749174f,0f,0f,0f,1f], start_interpolation: 0, interpolation_duration: 1 }
$data merge entity $(bone_leftarm) { transformation: [0.4665208150245157f,0.834649602788593f,0.292776996558313f,-0.3755683789899782f,-0.8216117672981247f,0.5315082763864867f,-0.2060413938263829f,3.5919550881163307f,-0.32758576432151987f,-0.144426426589841f,0.9337176095139128f,-0.3220797959779993f,0f,0f,0f,1f], start_interpolation: 0, interpolation_duration: 1 }
$data merge entity $(bone_rightthumb2) { transformation: [0.09645363073272942f,0.07165330893951322f,0.9927550052437377f,1.2702803547507737f,0.22273083565611806f,-0.9736660398390629f,0.04863556015965781f,4.053277597425139f,0.9700967333036447f,0.21642607555961235f,-0.10987302604125987f,-0.9979248632735903f,0f,0f,0f,1f], start_interpolation: 0, interpolation_duration: 1 }
$data merge entity $(bone_rightthumb) { transformation: [0.09645363073272942f,0.07165330893951322f,0.9927550052437377f,1.372691152228989f,0.22273083565611806f,-0.9736660398390629f,0.04863556015965781f,3.818649577032252f,0.9700967333036447f,0.21642607555961235f,-0.10987302604125987f,-0.954237465561083f,0f,0f,0f,1f], start_interpolation: 0, interpolation_duration: 1 }
$data merge entity $(bone_rightpointerfinger) { transformation: [0.09645363073272942f,0.07165330893951322f,0.9927550052437377f,1.4062649169654036f,0.22273083565611806f,-0.9736660398390629f,0.04863556015965781f,4.164774723386817f,0.9700967333036447f,0.21642607555961235f,-0.10987302604125987f,-0.9242982394946787f,0f,0f,0f,1f], start_interpolation: 0, interpolation_duration: 1 }
$data merge entity $(bone_rightmidfinger) { transformation: [0.09645363073272942f,0.07165330893951322f,0.9927550052437377f,1.5613828865347377f,0.22273083565611806f,-0.9736660398390629f,0.04863556015965781f,4.172374029661763f,0.9700967333036447f,0.21642607555961235f,-0.10987302604125987f,-0.9414658998136256f,0f,0f,0f,1f], start_interpolation: 0, interpolation_duration: 1 }
$data merge entity $(bone_rightringfinger) { transformation: [0.09645363073272942f,0.07165330893951322f,0.9927550052437377f,1.7165008561040715f,0.22273083565611806f,-0.9736660398390629f,0.04863556015965781f,4.17997333593671f,0.9700967333036447f,0.21642607555961235f,-0.10987302604125987f,-0.9586335601325724f,0f,0f,0f,1f], start_interpolation: 0, interpolation_duration: 1 }
$data merge entity $(bone_hugeasssword) { transformation: [0.37777672036985693f,0.28064212667976013f,3.8882904372046396f,1.5348051722927616f,0.8723624396531292f,-3.8135253227029966f,0.1904892772919931f,3.914675306470802f,3.7995455387726085f,0.8476687959418151f,-0.4303360186616012f,-1.1534695319674653f,0f,0f,0f,1f], start_interpolation: 0, interpolation_duration: 1 }
$data merge entity $(bone_ice) { transformation: [0.09645363073272942f,0.07165330893951322f,0.9927550052437377f,1.5321785013603828f,0.22273083565611806f,-0.9736660398390629f,0.04863556015965781f,3.9264086690361606f,0.9700967333036447f,0.21642607555961235f,-0.10987302604125987f,-1.1720089508559535f,0f,0f,0f,1f], start_interpolation: 0, interpolation_duration: 1 }
$data merge entity $(bone_righthand1) { transformation: [0.09645363073272942f,0.07165330893951322f,0.9927550052437377f,1.6052288301923103f,0.22273083565611806f,-0.9736660398390629f,0.04863556015965781f,3.7401947292454136f,0.9700967333036447f,0.21642607555961235f,-0.10987302604125987f,-0.8788117807039287f,0f,0f,0f,1f], start_interpolation: 0, interpolation_duration: 1 }
$data merge entity $(bone_rightforearm) { transformation: [0.6073970707283374f,-0.10648502696293372f,0.787229151837849f,1.477540722018973f,0.6659571960198059f,-0.4720094468131991f,-0.5776747313052005f,3.3419018138233625f,0.4330933058130469f,0.8751388582115422f,-0.21578268537611162f,-0.30717216437332884f,0f,0f,0f,1f], start_interpolation: 0, interpolation_duration: 1 }
$data merge entity $(bone_rightelbow) { transformation: [0.6073970707283374f,-0.10648502696293372f,0.787229151837849f,1.4575747794634228f,0.6659571960198059f,-0.4720094468131991f,-0.5776747313052005f,3.2534000425458878f,0.4330933058130469f,0.8751388582115422f,-0.21578268537611162f,-0.14308362845866468f,0f,0f,0f,1f], start_interpolation: 0, interpolation_duration: 1 }
$data merge entity $(bone_rightarm) { transformation: [0.5468957911041332f,-0.7294450754152972f,-0.41087087463697913f,1.1114458596333208f,0.696873990210768f,0.6686177884627341f,-0.25945499555592483f,3.3776356747788987f,0.4639737443436936f,-0.14443038081918289f,0.8739955547118758f,-0.40538640747471283f,0f,0f,0f,1f], start_interpolation: 0, interpolation_duration: 1 }
$data merge entity $(bone_chest1) { transformation: [1.0776601776202928f,0.09598777108695525f,0.05519058329343026f,0.345498400106327f,-0.10771760777777435f,1.0338447001861744f,0.30524279513643576f,3.304969352473393f,-0.025623615223936535f,-0.3091320022414839f,1.0379749258263125f,-0.3115951905056549f,0f,0f,0f,1f], start_interpolation: 0, interpolation_duration: 1 }
$data merge entity $(bone_chest1lid) { transformation: [0.9947632408802703f,0.0886040963879587f,0.05094515380932024f,0.6046450647582178f,-0.09943163794871479f,0.9543181847872378f,0.28176258012594074f,2.5085333953551894f,-0.023652567899018342f,-0.28535261745367746f,0.9581307007627501f,-0.49958185178660347f,0f,0f,0f,1f], start_interpolation: 0, interpolation_duration: 1 }
$data merge entity $(bone_chest2) { transformation: [0.9947632408802703f,0.0886040963879587f,0.05094515380932024f,0.5908006746975992f,-0.09943163794871479f,0.9543181847872378f,0.28176258012594074f,2.3594211789821835f,-0.023652567899018342f,-0.28535261745367746f,0.9581307007627501f,-0.45499550530946636f,0f,0f,0f,1f], start_interpolation: 0, interpolation_duration: 1 }
$data merge entity $(bone_chest1lid3) { transformation: [0.9947632408802703f,0.0886040963879587f,0.05094515380932024f,0.5751091013622966f,-0.09943163794871479f,0.9543181847872378f,0.28176258012594074f,2.6952520256201646f,-0.023652567899018342f,-0.28535261745367746f,0.9581307007627501f,0.11569891388322195f,0f,0f,0f,1f], start_interpolation: 0, interpolation_duration: 1 }
$data merge entity $(bone_chest3) { transformation: [0.9947632408802703f,0.0886040963879587f,0.05094515380932024f,0.5612647113016781f,-0.09943163794871479f,0.9543181847872378f,0.28176258012594074f,2.5461398092471588f,-0.023652567899018342f,-0.28535261745367746f,0.9581307007627501f,0.16028526036035906f,0f,0f,0f,1f], start_interpolation: 0, interpolation_duration: 1 }
$data merge entity $(bone_hugeasssword2) { transformation: [-0.19953518575317006f,-2.6380956380473592f,2.8880642118795996f,1.6874026360698737f,-1.1035701054932678f,2.8123104624354522f,2.492653337894271f,4.364407939216234f,-3.7526785779874383f,-0.6867598162162485f,-0.8865902226635471f,-0.4179930361263297f,0f,0f,0f,1f], start_interpolation: 0, interpolation_duration: 1 }
$data merge entity $(bone_belt) { transformation: [0.9947632408802703f,0.0886040963879587f,0.05094515380932024f,0.27167485924424284f,-0.09943163794871479f,0.9543181847872378f,0.28176258012594074f,2.8911370348561065f,-0.023652567899018342f,-0.28535261745367746f,0.9581307007627501f,-0.3225948242678317f,0f,0f,0f,1f], start_interpolation: 0, interpolation_duration: 1 }
$data merge entity $(bone_torn_part) { transformation: [0.9981842005499266f,0.043553548638482285f,0.041609976850510585f,0.3734873149709582f,-0.059965484334252014f,0.7838296711467122f,0.6180737717445998f,2.6165359713406025f,-0.005695828391309399f,-0.6194466361447389f,0.785018103299475f,-0.22917618758893846f,0f,0f,0f,1f], start_interpolation: 0, interpolation_duration: 1 }
$data merge entity $(bone_lowerbody) { transformation: [0.9981842005499266f,0.054050118957944995f,0.02658733557799021f,0.24587788542291553f,-0.059965484334252014f,0.9334100115571093f,0.3537653049883718f,2.11687712245051f,-0.005695828391309399f,-0.3547172605972102f,0.9349562677330681f,-0.1868963920965808f,0f,0f,0f,1f], start_interpolation: 0, interpolation_duration: 1 }
$data merge entity $(bone_leftfoot) { transformation: [0.9955724954628864f,0.018735420764199796f,0.09211075011414376f,-0.0741623483415526f,-0.05273199367964303f,0.922529707876269f,0.38230651959951706f,0.3178613595740931f,-0.07781222988947128f,-0.38547103924226794f,0.919433159498348f,-0.059051042918508934f,0f,0f,0f,1f], start_interpolation: 0, interpolation_duration: 1 }
$data merge entity $(bone_leftlowerleg) { transformation: [0.9955724954628864f,0.018735420764199796f,0.09211075011414376f,-0.06753015470177488f,-0.05273199367964303f,0.922529707876269f,0.38230651959951706f,1.2825530301038863f,-0.07781222988947128f,-0.38547103924226794f,0.919433159498348f,-0.6279498595147484f,0f,0f,0f,1f], start_interpolation: 0, interpolation_duration: 1 }
$data merge entity $(bone_leftleg) { transformation: [0.9975344521428392f,0.03547345464775705f,-0.060552876095525156f,-0.0014902645290054695f,-0.06340012384808391f,0.8254886740285178f,-0.5608465684540533f,2.143997221564981f,0.03009054808630316f,0.5633028342428196f,0.8257024136151433f,-0.04694962196266019f,0f,0f,0f,1f], start_interpolation: 0, interpolation_duration: 1 }
$data merge entity $(bone_rightfoot) { transformation: [0.9788227044830067f,0.053097713928475856f,-0.19770368222201318f,0.5561924105154026f,0.054549363175072293f,0.8632016783704026f,0.5019036057209734f,0.28873532307700867f,0.19730808439029335f,-0.5020592547041536f,0.8420249548559375f,0.27664046540625215f,0f,0f,0f,1f], start_interpolation: 0, interpolation_duration: 1 }
$data merge entity $(bone_rightlowerleg) { transformation: [0.9788227044830067f,0.053097713928475856f,-0.19770368222201318f,0.645473992724608f,0.054549363175072293f,0.8632016783704026f,0.5019036057209734f,1.1692343918284216f,0.19730808439029335f,-0.5020592547041536f,0.8420249548559375f,-0.4097049707356056f,0f,0f,0f,1f], start_interpolation: 0, interpolation_duration: 1 }
$data merge entity $(bone_rightleg) { transformation: [0.9893590129693443f,-0.11551990247549512f,-0.08845278734091766f,0.49631973680636143f,0.07397663652037029f,0.9228984136794802f,-0.3778703154218814f,2.1314742445569923f,0.1252844791083817f,0.3673059625978748f,0.9216236374652025f,-0.03857687896696194f,0f,0f,0f,1f], start_interpolation: 0, interpolation_duration: 1 }
data modify entity @s data merge value {"locators":{"lefthand":{"posx":-0.7786208991682027,"posy":4.002696083363269,"posz":-1.2139655721226308,"roty":277.4765079665305,"rotx":-2.964635524700268},"righthand":{"posx":1.5245896493324629,"posy":3.9617432861239124,"posz":-1.0827272735074611,"roty":83.68449968608783,"rotx":2.787712086120537},"chest":{"posx":0.6222334797287725,"posy":2.4017558669754115,"posz":-0.6321943779367727,"roty":176.9563691623156,"rotx":16.36542920156193},"sack":{"posx":0,"posy":-0.4375,"posz":0,"roty":0,"rotx":0}},"cameras":{}}