# This file was generated by Animated Java via MC-Build. It is not recommended to edit this file directly.
$data merge entity $(bone_nose) { transformation: [0.8533764242440797f,-0.17737855503770467f,0.49018927646076027f,-0.04638374583075233f,-0.057689560086281844f,0.9024192436217902f,0.42697941800293787f,3.7049300518066572f,-0.5180932282914329f,-0.3926529726791994f,0.7598704164821445f,-0.5285568937594316f,0f,0f,0f,1f], start_interpolation: 0, interpolation_duration: 1 }
$data merge entity $(bone_glowing_eye) { transformation: [0.8533764242440797f,-0.17737855503770467f,0.49018927646076027f,0.031172876652549295f,-0.057689560086281844f,0.9024192436217902f,0.42697941800293787f,3.743920258092073f,-0.5180932282914329f,-0.3926529726791994f,0.7598704164821445f,-0.6464204969538004f,0f,0f,0f,1f], start_interpolation: 0, interpolation_duration: 1 }
$data merge entity $(bone_head) { transformation: [0.8533764242440797f,-0.17737855503770467f,0.49018927646076027f,0.06730879680097857f,-0.057689560086281844f,0.9024192436217902f,0.42697941800293787f,3.6734561745825154f,-0.5180932282914329f,-0.3926529726791994f,0.7598704164821445f,-0.3377837968951799f,0f,0f,0f,1f], start_interpolation: 0, interpolation_duration: 1 }
$data merge entity $(bone_leftthumb2) { transformation: [0.026040471426611866f,-0.07456910689620766f,-0.9968757907305108f,-0.6421002902657315f,-0.8719497460260757f,-0.48939997364415605f,0.013831348530126297f,3.655376956580251f,-0.4889023770170705f,0.8688654177108216f,-0.07776471984940486f,-0.6929200045206889f,0f,0f,0f,1f], start_interpolation: 0, interpolation_duration: 1 }
$data merge entity $(bone_leftthumb) { transformation: [0.026040471426611866f,-0.07456910689620766f,-0.9968757907305108f,-0.7455783173500773f,-0.8719497460260757f,-0.48939997364415605f,0.013831348530126297f,3.5365372760108373f,-0.4889023770170705f,0.8688654177108216f,-0.07776471984940486f,-0.4864828558642732f,0f,0f,0f,1f], start_interpolation: 0, interpolation_duration: 1 }
$data merge entity $(bone_leftpointerfinger) { transformation: [0.026040471426611866f,-0.07456910689620766f,-0.9968757907305108f,-0.7706870584025375f,-0.8719497460260757f,-0.48939997364415605f,0.013831348530126297f,3.793139490296778f,-0.4889023770170705f,0.8688654177108216f,-0.07776471984940486f,-0.7217508448073353f,0f,0f,0f,1f], start_interpolation: 0, interpolation_duration: 1 }
$data merge entity $(bone_leftmidfinger) { transformation: [0.026040471426611866f,-0.07456910689620766f,-0.9968757907305108f,-0.9264489007041797f,-0.8719497460260757f,-0.48939997364415605f,0.013831348530126297f,3.79530063850461f,-0.4889023770170705f,0.8688654177108216f,-0.07776471984940486f,-0.7339015822838049f,0f,0f,0f,1f], start_interpolation: 0, interpolation_duration: 1 }
$data merge entity $(bone_leftringfinger) { transformation: [0.026040471426611866f,-0.07456910689620766f,-0.9968757907305108f,-1.082210743005822f,-0.8719497460260757f,-0.48939997364415605f,0.013831348530126297f,3.7974617867124425f,-0.4889023770170705f,0.8688654177108216f,-0.07776471984940486f,-0.7460523197602744f,0f,0f,0f,1f], start_interpolation: 0, interpolation_duration: 1 }
$data merge entity $(bone_invisibility) { transformation: [-0.1611687988997153f,0.9865832514841826f,-0.026040471426612085f,-0.742808097616492f,-0.4863321775362034f,-0.056432734276811614f,0.8719497460260754f,3.5756885611579925f,0.8587814805607515f,0.15319541244090806f,0.48890237701707046f,-0.715957737940621f,0f,0f,0f,1f], start_interpolation: 0, interpolation_duration: 1 }
$data merge entity $(bone_swiftness) { transformation: [-0.9968757907305108f,-0.07456910689620766f,-0.02604047142661209f,-0.9182681238226662f,0.013831348530126103f,-0.48939997364415605f,0.8719497460260757f,3.599141086447371f,-0.07776471984940497f,0.8688654177108216f,0.4889023770170705f,-0.8736612261893307f,0f,0f,0f,1f], start_interpolation: 0, interpolation_duration: 1 }
$data merge entity $(bone_suspicious_stew) { transformation: [-0.4888804761023152f,0.8719620255113482f,-0.02604047142661188f,-0.926226881492703f,-0.4377016266158982f,-0.21936482503550864f,0.8719497460260759f,3.601222562771961f,0.7545947032306614f,0.43767716367579335f,0.48890237701707073f,-0.7712666893675793f,0f,0f,0f,1f], start_interpolation: 0, interpolation_duration: 1 }
$data merge entity $(bone_log) { transformation: [0.026040471426611866f,-0.07456910689620766f,-0.9968757907305108f,-0.9798352783489769f,-0.8719497460260757f,-0.48939997364415605f,0.013831348530126297f,3.458950621838847f,-0.4889023770170705f,0.8688654177108216f,-0.07776471984940486f,-0.7121383312420178f,0f,0f,0f,1f], start_interpolation: 0, interpolation_duration: 1 }
$data merge entity $(bone_planks) { transformation: [0.026040471426611866f,-0.07456910689620766f,-0.9968757907305108f,-0.9773939841527319f,-0.8719497460260757f,-0.48939997364415605f,0.013831348530126297f,3.3772053331489023f,-0.4889023770170705f,0.8688654177108216f,-0.07776471984940486f,-0.757972929087368f,0f,0f,0f,1f], start_interpolation: 0, interpolation_duration: 1 }
$data merge entity $(bone_lefthand1) { transformation: [0.026040471426611866f,-0.07456910689620766f,-0.9968757907305108f,-0.9738353044693533f,-0.8719497460260757f,-0.48939997364415605f,0.013831348530126297f,3.55415583529276f,-0.4889023770170705f,0.8688654177108216f,-0.07776471984940486f,-0.3702662350647508f,0f,0f,0f,1f], start_interpolation: 0, interpolation_duration: 1 }
$data merge entity $(bone_leftforearm) { transformation: [0.5125408530503552f,0.07562509230080122f,-0.8553260894938893f,-0.8708221343221055f,-0.8003395497719445f,-0.31877855551542444f,-0.5077763657500621f,3.27181346740948f,-0.31106024983153224f,0.9448074290340829f,-0.10286128045455065f,0.2755105295740084f,0f,0f,0f,1f], start_interpolation: 0, interpolation_duration: 1 }
$data merge entity $(bone_leftelbow) { transformation: [0.5125408530503552f,0.07562509230080122f,-0.8553260894938893f,-0.8566424295157054f,-0.8003395497719445f,-0.31877855551542444f,-0.5077763657500621f,3.212042488250338f,-0.31106024983153224f,0.9448074290340829f,-0.10286128045455065f,0.45266192251789894f,0f,0f,0f,1f], start_interpolation: 0, interpolation_duration: 1 }
$data merge entity $(bone_leftarm) { transformation: [0.4257098860010303f,0.8387022913788909f,0.3396315053065411f,-0.4597804925248392f,-0.8331855299965591f,0.5097350943690702f,-0.21441083501751562f,3.2639473041967797f,-0.3529489560337905f,-0.19169924361966734f,0.9157938820664306f,0.16600469423039838f,0f,0f,0f,1f], start_interpolation: 0, interpolation_duration: 1 }
$data merge entity $(bone_rightthumb2) { transformation: [0.740952270423323f,0.4161490604035146f,0.5270765527698933f,0.30952396305972474f,0.45870110075794535f,-0.8868629663322698f,0.05538392466931602f,3.7961402412519547f,0.4904926432862895f,0.2007337502105696f,-0.8480111605447347f,-1.3592381233642206f,0f,0f,0f,1f], start_interpolation: 0, interpolation_duration: 1 }
$data merge entity $(bone_rightthumb) { transformation: [0.740952270423323f,0.4161490604035146f,0.5270765527698933f,0.4566240435140669f,0.45870110075794535f,-0.8868629663322698f,0.05538392466931602f,3.583376721973641f,0.4904926432862895f,0.2007337502105696f,-0.8480111605447347f,-1.3824785903804566f,0f,0f,0f,1f], start_interpolation: 0, interpolation_duration: 1 }
$data merge entity $(bone_rightpointerfinger) { transformation: [0.740952270423323f,0.4161490604035146f,0.5270765527698933f,0.4258235010578033f,0.45870110075794535f,-0.8868629663322698f,0.05538392466931602f,3.9271451871656917f,0.4904926432862895f,0.2007337502105696f,-0.8480111605447347f,-1.4344472424593961f,0f,0f,0f,1f], start_interpolation: 0, interpolation_duration: 1 }
$data merge entity $(bone_rightmidfinger) { transformation: [0.740952270423323f,0.4161490604035146f,0.5270765527698933f,0.5081792124280992f,0.45870110075794535f,-0.8868629663322698f,0.05538392466931602f,3.9357989253952725f,0.4904926432862895f,0.2007337502105696f,-0.8480111605447347f,-1.566948986294511f,0f,0f,0f,1f], start_interpolation: 0, interpolation_duration: 1 }
$data merge entity $(bone_rightringfinger) { transformation: [0.740952270423323f,0.4161490604035146f,0.5270765527698933f,0.590534923798395f,0.45870110075794535f,-0.8868629663322698f,0.05538392466931602f,3.944452663624853f,0.4904926432862895f,0.2007337502105696f,-0.8480111605447347f,-1.6994507301296258f,0f,0f,0f,1f], start_interpolation: 0, interpolation_duration: 1 }
$data merge entity $(bone_hugeasssword) { transformation: [2.9020630591580154f,1.629917153247099f,2.0643831650154154f,0.3876584723543383f,1.7965793113019528f,-3.4735466181347237f,0.21692037162148775f,3.6329470316472428f,1.921096186204634f,0.786207188324731f,-3.321377045466878f,-1.6432118772723983f,0f,0f,0f,1f], start_interpolation: 0, interpolation_duration: 1 }
$data merge entity $(bone_ice) { transformation: [0.740952270423323f,0.4161490604035146f,0.5270765527698933f,0.369578764060169f,0.45870110075794535f,-0.8868629663322698f,0.05538392466931602f,3.639637060796842f,0.4904926432862895f,0.2007337502105696f,-0.8480111605447347f,-1.6540122896707867f,0f,0f,0f,1f], start_interpolation: 0, interpolation_duration: 1 }
$data merge entity $(bone_righthand1) { transformation: [0.740952270423323f,0.4161490604035146f,0.5270765527698933f,0.6753252390409376f,0.45870110075794535f,-0.8868629663322698f,0.05538392466931602f,3.5343273420491768f,0.4904926432862895f,0.2007337502105696f,-0.8480111605447347f,-1.5077060400635949f,0f,0f,0f,1f], start_interpolation: 0, interpolation_duration: 1 }
$data merge entity $(bone_rightforearm) { transformation: [0.7478658956290798f,0.5848877597425598f,0.3140110040400547f,1.0243299779449375f,0.6050836838789991f,-0.40600604215838565f,-0.684859715003228f,3.1882039285729107f,-0.2730756995016823f,0.702186159244265f,-0.6575441126703615f,-0.9934002058947168f,0f,0f,0f,1f], start_interpolation: 0, interpolation_duration: 1 }
$data merge entity $(bone_rightelbow) { transformation: [0.7478658956290798f,0.5848877597425598f,0.3140110040400547f,1.1339964328966674f,0.6050836838789991f,-0.40600604215838565f,-0.684859715003228f,3.1120777956682133f,-0.2730756995016823f,0.702186159244265f,-0.6575441126703615f,-0.8617403010364171f,0f,0f,0f,1f], start_interpolation: 0, interpolation_duration: 1 }
$data merge entity $(bone_rightarm) { transformation: [0.7445740759251129f,-0.3578950715566195f,0.5634896300871433f,0.7839633841012742f,0.6397239946677907f,0.6236965399094528f,-0.44917239090494054f,3.243379731026261f,-0.19068994757602709f,0.6949199550023423f,0.6933423397088866f,-0.6120666195409528f,0f,0f,0f,1f], start_interpolation: 0, interpolation_duration: 1 }
$data merge entity $(bone_chest1) { transformation: [0.8874073309876068f,-0.2455060120350702f,0.5708293423390199f,0.2610474680701622f,0.05734788379349969f,1.0233042926468885f,0.35095677224691013f,3.0798049495189384f,-0.6187330282480232f,-0.25726685331810284f,0.8512310597305188f,-0.11900808785545591f,0f,0f,0f,1f], start_interpolation: 0, interpolation_duration: 1 }
$data merge entity $(bone_chest1lid) { transformation: [0.8191452286039448f,-0.22662093418621865f,0.5269193929283261f,0.4894158319589629f,0.05293650811707664f,0.9445885778278972f,0.3239600974586863f,2.3255285600476765f,-0.5711381799212523f,-0.2374770953705565f,0.7857517474435559f,-0.4591863221261047f,0f,0f,0f,1f], start_interpolation: 0, interpolation_duration: 1 }
$data merge entity $(bone_chest2) { transformation: [0.8191452286039448f,-0.22662093418621865f,0.5269193929283261f,0.5248253529255595f,0.05293650811707664f,0.9445885778278972f,0.3239600974586863f,2.1779365947620675f,-0.5711381799212523f,-0.2374770953705565f,0.7857517474435559f,-0.4220805259744553f,0f,0f,0f,1f], start_interpolation: 0, interpolation_duration: 1 }
$data merge entity $(bone_chest1lid3) { transformation: [0.8191452286039448f,-0.22662093418621865f,0.5269193929283261f,0.7757769912659255f,0.05293650811707664f,0.9445885778278972f,0.3239600974586863f,2.52975696572483f,-0.5711381799212523f,-0.2374770953705565f,0.7857517474435559f,0.07988202732500148f,0f,0f,0f,1f], start_interpolation: 0, interpolation_duration: 1 }
$data merge entity $(bone_chest3) { transformation: [0.8191452286039448f,-0.22662093418621865f,0.5269193929283261f,0.8111865122325221f,0.05293650811707664f,0.9445885778278972f,0.3239600974586863f,2.382165000439221f,-0.5711381799212523f,-0.2374770953705565f,0.7857517474435559f,0.11698782347665093f,0f,0f,0f,1f], start_interpolation: 0, interpolation_duration: 1 }
$data merge entity $(bone_hugeasssword2) { transformation: [-2.06376762230261f,-2.9650737116158057f,1.513102396930909f,1.1469255553877247f,-1.2688437150465213f,2.346576463919383f,2.867732955409958f,4.326859141916896f,-3.0775276774872613f,1.0208793079704592f,-2.197022214415543f,-0.8900550739480999f,0f,0f,0f,1f], start_interpolation: 0, interpolation_duration: 1 }
$data merge entity $(bone_belt) { transformation: [0.8191452286039448f,-0.22662093418621865f,0.5269193929283261f,0.2561061212111099f,0.05293650811707664f,0.9445885778278972f,0.3239600974586863f,2.6594443044708114f,-0.5711381799212523f,-0.2374770953705565f,0.7857517474435559f,-0.10897786259607939f,0f,0f,0f,1f], start_interpolation: 0, interpolation_duration: 1 }
$data merge entity $(bone_torn_part) { transformation: [0.8381472372651911f,-0.3509960675734332f,0.41750565171349757f,0.4236609502588853f,0.07794506999352824f,0.8346604226025464f,0.5452215558877351f,2.397251974165272f,-0.5398460657710032f,-0.4244334335192321f,0.7269267403133853f,-0.1104080872146453f,0f,0f,0f,1f], start_interpolation: 0, interpolation_duration: 1 }
$data merge entity $(bone_lowerbody) { transformation: [0.8381472372651911f,-0.20920452849469348f,0.5037287701948733f,0.37312442449010197f,0.07794506999352824f,0.9599810770249121f,0.2689998100701816f,1.8830712923665267f,-0.5398460657710032f,-0.18619827338459066f,0.8209119491517746f,-0.08221236202759441f,0f,0f,0f,1f], start_interpolation: 0, interpolation_duration: 1 }
$data merge entity $(bone_leftfoot) { transformation: [0.7090034783691459f,-0.1704049764689887f,0.6843071033206176f,-0.0075245755089622945f,-0.2254487190114784f,0.8646721127307473f,0.4489042354019718f,0.26252762666606655f,-0.6681967844553985f,-0.4725508242087286f,0.5746379519167832f,0.23045817083529213f,0f,0f,0f,1f], start_interpolation: 0, interpolation_duration: 1 }
$data merge entity $(bone_leftlowerleg) { transformation: [0.7090034783691459f,-0.1704049764689887f,0.6843071033206176f,-0.3017083888608825f,-0.2254487190114784f,0.8646721127307473f,0.4489042354019718f,1.1528010799132562f,-0.6681967844553985f,-0.4725508242087286f,0.5746379519167832f,-0.3820685070422403f,0f,0f,0f,1f], start_interpolation: 0, interpolation_duration: 1 }
$data merge entity $(bone_leftleg) { transformation: [0.8179676651185345f,0.4912628498720524f,0.2993154041410521f,0.23080057666549186f,-0.1464155627184759f,0.680962601312658f,-0.7175321725242219f,1.8551856097209494f,-0.5563194961659748f,0.5430936824794468f,0.6289339156354572f,0.16898953046923276f,0f,0f,0f,1f], start_interpolation: 0, interpolation_duration: 1 }
$data merge entity $(bone_rightfoot) { transformation: [0.9988907994439294f,-0.01580709341519343f,-0.044354329935533114f,0.6027394663357261f,0.04175149633783158f,0.7328632140357583f,0.6790937505725776f,0.3293592974602292f,0.021771158439982535f,-0.6801923590506889f,0.7327102915540622f,0.2223594062738783f,0f,0f,0f,1f], start_interpolation: 0, interpolation_duration: 1 }
$data merge entity $(bone_rightlowerleg) { transformation: [0.9988907994439294f,-0.01580709341519343f,-0.044354329935533114f,0.592018320822647f,0.04175149633783158f,0.7328632140357583f,0.6790937505725776f,1.0380396417908306f,0.021771158439982535f,-0.6801923590506889f,0.7327102915540622f,-0.6448067227377358f,0f,0f,0f,1f], start_interpolation: 0, interpolation_duration: 1 }
$data merge entity $(bone_rightleg) { transformation: [0.9731817512852668f,0.07895232122071494f,0.2160643652692437f,0.6484756388739562f,0.05007662362702721f,0.8440214591949109f,-0.5339663923737246f,1.9119513716974923f,-0.2245208469863258f,0.5304661227565375f,0.8174326161074f,-0.08308989618372897f,0f,0f,0f,1f], start_interpolation: 0, interpolation_duration: 1 }
data modify entity @s data merge value {"locators":{"lefthand":{"posx":-0.9608746768387912,"posy":3.5787141686489576,"posz":-0.7329687704076784,"roty":274.4605208078189,"rotx":0.7925031655822881},"righthand":{"posx":0.424305139206521,"posy":3.695632149018883,"posz":-1.5979148948262258,"roty":31.862784558857157,"rotx":3.174889647635003},"chest":{"posx":0.4468467735944239,"posy":2.217527274584172,"posz":-0.5849657823260397,"roty":146.15448292539003,"rotx":18.902584714332676},"sack":{"posx":0,"posy":-0.4375,"posz":0,"roty":0,"rotx":0}},"cameras":{}}