# This file was generated by Animated Java via MC-Build. It is not recommended to edit this file directly.
$data merge entity $(bone_nose) { transformation: [-0.8936792649971795f,-0.19972102280842674f,0.4018070237843739f,-0.3154594350441775f,-0.022945889753096964f,0.9146488364432369f,0.40359756210422243f,3.981228383380895f,-0.4481192446855403f,0.35146695298617886f,-0.8219854764538557f,0.528384062039159f,0f,0f,0f,1f], start_interpolation: 0, interpolation_duration: 1 }
$data merge entity $(bone_glowing_eye) { transformation: [-0.8936792649971795f,-0.19972102280842674f,0.4018070237843739f,-0.45471338637061137f,-0.022945889753096964f,0.9146488364432369f,0.40359756210422243f,4.0262055157326575f,-0.4481192446855403f,0.35146695298617886f,-0.8219854764538557f,0.5248500217814039f,0f,0f,0f,1f], start_interpolation: 0, interpolation_duration: 1 }
$data merge entity $(bone_head) { transformation: [-0.8936792649971795f,-0.19972102280842674f,0.4018070237843739f,-0.21555813303724636f,-0.022945889753096964f,0.9146488364432369f,0.40359756210422243f,3.943866064826324f,-0.4481192446855403f,0.35146695298617886f,-0.8219854764538557f,0.3310651306252871f,0f,0f,0f,1f], start_interpolation: 0, interpolation_duration: 1 }
$data merge entity $(bone_leftthumb2) { transformation: [-0.32808894113801423f,-0.17747536075394038f,0.9278254916891403f,0.729221163952022f,-0.2063764579498824f,-0.9450005423318831f,-0.2537375269772043f,4.253418983671078f,0.921827751972676f,-0.27472981512334216f,0.2734174909827408f,1.1405383652846133f,0f,0f,0f,1f], start_interpolation: 0, interpolation_duration: 1 }
$data merge entity $(bone_leftthumb) { transformation: [-0.32808894113801423f,-0.17747536075394038f,0.9278254916891403f,0.7649863097483485f,-0.2063764579498824f,-0.9450005423318831f,-0.2537375269772043f,3.999980913456597f,0.921827751972676f,-0.27472981512334216f,0.2734174909827408f,1.0965285138348846f,0f,0f,0f,1f], start_interpolation: 0, interpolation_duration: 1 }
$data merge entity $(bone_leftpointerfinger) { transformation: [-0.32808894113801423f,-0.17747536075394038f,0.9278254916891403f,0.9025969603556341f,-0.2063764579498824f,-0.9450005423318831f,-0.2537375269772043f,4.320737694920458f,0.921827751972676f,-0.27472981512334216f,0.2734174909827408f,1.0986657689400359f,0f,0f,0f,1f], start_interpolation: 0, interpolation_duration: 1 }
$data merge entity $(bone_leftmidfinger) { transformation: [-0.32808894113801423f,-0.17747536075394038f,0.9278254916891403f,1.0475696934320622f,-0.2063764579498824f,-0.9450005423318831f,-0.2537375269772043f,4.28109120633027f,0.921827751972676f,-0.27472981512334216f,0.2734174909827408f,1.141387251906089f,0f,0f,0f,1f], start_interpolation: 0, interpolation_duration: 1 }
$data merge entity $(bone_leftringfinger) { transformation: [-0.32808894113801423f,-0.17747536075394038f,0.9278254916891403f,1.1925424265084903f,-0.2063764579498824f,-0.9450005423318831f,-0.2537375269772043f,4.241444717740082f,0.921827751972676f,-0.27472981512334216f,0.2734174909827408f,1.1841087348721424f,0f,0f,0f,1f], start_interpolation: 0, interpolation_duration: 1 }
$data merge entity $(bone_invisibility) { transformation: [-0.09593469355661721f,-0.9397628324610066f,0.3280889411380144f,0.7926743696945084f,-0.9635192125914981f,0.17040975491772703f,0.20637645794988224f,4.186611972455343f,-0.24985448072679672f,-0.29632133597455573f,-0.9218277519726756f,1.2329156023125862f,0f,0f,0f,1f], start_interpolation: 0, interpolation_duration: 1 }
$data merge entity $(bone_swiftness) { transformation: [0.9278254916891402f,-0.17747536075394038f,0.32808894113801446f,0.9735869107966096f,-0.25373752697720436f,-0.9450005423318831f,0.20637645794988235f,4.256256475606545f,0.27341749098274104f,-0.27472981512334216f,-0.9218277519726759f,1.3693961049396428f,0f,0f,0f,1f], start_interpolation: 0, interpolation_duration: 1 }
$data merge entity $(bone_suspicious_stew) { transformation: [0.2312686950379395f,-0.9158997965926103f,0.3280889411380143f,0.9749608069215632f,-0.9636954628587331f,-0.16941018998145635f,0.20637645794988235f,4.183333086568924f,-0.1334385460087949f,-0.36390623810545175f,-0.9218277519726762f,1.297059341955757f,0f,0f,0f,1f], start_interpolation: 0, interpolation_duration: 1 }
$data merge entity $(bone_log) { transformation: [-0.32808894113801423f,-0.17747536075394038f,0.9278254916891403f,0.9655098685185602f,-0.2063764579498824f,-0.9450005423318831f,-0.2537375269772043f,4.033966279267581f,0.921827751972676f,-0.27472981512334216f,0.2734174909827408f,1.3619559117025934f,0f,0f,0f,1f], start_interpolation: 0, interpolation_duration: 1 }
$data merge entity $(bone_planks) { transformation: [-0.32808894113801423f,-0.17747536075394038f,0.9278254916891403f,0.9347515302868714f,-0.2063764579498824f,-0.9450005423318831f,-0.2537375269772043f,4.014618486334779f,0.921827751972676f,-0.27472981512334216f,0.2734174909827408f,1.4483772634500318f,0f,0f,0f,1f], start_interpolation: 0, interpolation_duration: 1 }
$data merge entity $(bone_lefthand1) { transformation: [-0.32808894113801423f,-0.17747536075394038f,0.9278254916891403f,0.9741687169992931f,-0.2063764579498824f,-0.9450005423318831f,-0.2537375269772043f,3.8572395558901182f,0.921827751972676f,-0.27472981512334216f,0.2734174909827408f,1.0542722233353783f,0f,0f,0f,1f], start_interpolation: 0, interpolation_duration: 1 }
$data merge entity $(bone_leftforearm) { transformation: [-0.6261946652370818f,0.13493318360723222f,0.7679018669011267f,1.0149803338071124f,-0.741534338449303f,-0.40732044867082284f,-0.533119946161419f,3.5256627033875185f,0.24084656138125304f,-0.9032624690842728f,0.35511948104069113f,0.4294137577576904f,0f,0f,0f,1f], start_interpolation: 0, interpolation_duration: 1 }
$data merge entity $(bone_leftelbow) { transformation: [-0.6261946652370818f,0.13493318360723222f,0.7679018669011267f,1.0402803057334684f,-0.741534338449303f,-0.40732044867082284f,-0.533119946161419f,3.449290119261739f,0.24084656138125304f,-0.9032624690842728f,0.35511948104069113f,0.26005204480438926f,0f,0f,0f,1f], start_interpolation: 0, interpolation_duration: 1 }
$data merge entity $(bone_leftarm) { transformation: [-0.554525297625521f,-0.8247986971029531f,-0.11049345478623651f,0.588522866648024f,-0.7736155474360963f,0.5598690549615701f,-0.29675853157337806f,3.5462566771624493f,0.30662791630651715f,-0.07908065853108001f,-0.948538649917764f,0.42771834074220066f,0f,0f,0f,1f], start_interpolation: 0, interpolation_duration: 1 }
$data merge entity $(bone_rightthumb2) { transformation: [-0.011757215494768936f,-0.31611360944927647f,-0.9486484880105801f,-0.801962350712496f,0.9337201037081834f,-0.3429543171741237f,0.1027088324478968f,3.6368377651881354f,-0.3578107541913591f,-0.8845645947315443f,0.2991938200104244f,0.7447030274016138f,0f,0f,0f,1f], start_interpolation: 0, interpolation_duration: 1 }
$data merge entity $(bone_rightthumb) { transformation: [-0.011757215494768936f,-0.31611360944927647f,-0.9486484880105801f,-0.9605559707420244f,0.9337201037081834f,-0.3429543171741237f,0.1027088324478968f,3.5615080311074765f,-0.3578107541913591f,-0.8845645947315443f,0.2991938200104244f,0.5533385506517039f,0f,0f,0f,1f], start_interpolation: 0, interpolation_duration: 1 }
$data merge entity $(bone_rightpointerfinger) { transformation: [-0.011757215494768936f,-0.31611360944927647f,-0.9486484880105801f,-0.9025850359617169f,0.9337201037081834f,-0.3429543171741237f,0.1027088324478968f,3.7809800292943136f,-0.3578107541913591f,-0.8845645947315443f,0.2991938200104244f,0.8184754673713006f,0f,0f,0f,1f], start_interpolation: 0, interpolation_duration: 1 }
$data merge entity $(bone_rightmidfinger) { transformation: [-0.011757215494768936f,-0.31611360944927647f,-0.9486484880105801f,-1.0508113622133701f,0.9337201037081834f,-0.3429543171741237f,0.1027088324478968f,3.7970282843642975f,-0.3578107541913591f,-0.8845645947315443f,0.2991938200104244f,0.8652245017479294f,0f,0f,0f,1f], start_interpolation: 0, interpolation_duration: 1 }
$data merge entity $(bone_rightringfinger) { transformation: [-0.011757215494768936f,-0.31611360944927647f,-0.9486484880105801f,-1.1990376884650231f,0.9337201037081834f,-0.3429543171741237f,0.1027088324478968f,3.8130765394342814f,-0.3578107541913591f,-0.8845645947315443f,0.2991938200104244f,0.9119735361245582f,0f,0f,0f,1f], start_interpolation: 0, interpolation_duration: 1 }
$data merge entity $(bone_hugeasssword) { transformation: [-0.046049094021178336f,-1.2381116370096663f,-3.7155399113747722f,-1.097076296141791f,3.657070406190385f,-1.3432377422653181f,0.4022762604209292f,3.477741460633819f,-1.4014254539161566f,-3.4645446626985485f,1.1718424617074956f,0.7759158965875013f,0f,0f,0f,1f], start_interpolation: 0, interpolation_duration: 1 }
$data merge entity $(bone_ice) { transformation: [-0.011757215494768936f,-0.31611360944927647f,-0.9486484880105801f,-1.0919533145020401f,0.9337201037081834f,-0.3429543171741237f,0.1027088324478968f,3.4685107452192243f,-0.3578107541913591f,-0.8845645947315443f,0.2991938200104244f,0.7953280114144217f,0f,0f,0f,1f], start_interpolation: 0, interpolation_duration: 1 }
$data merge entity $(bone_righthand1) { transformation: [-0.011757215494768936f,-0.31611360944927647f,-0.9486484880105801f,-1.2035662859883822f,0.9337201037081834f,-0.3429543171741237f,0.1027088324478968f,3.619411842866736f,-0.3578107541913591f,-0.8845645947315443f,0.2991938200104244f,0.4940839810590216f,0f,0f,0f,1f], start_interpolation: 0, interpolation_duration: 1 }
$data merge entity $(bone_rightforearm) { transformation: [-0.7990719466058056f,-0.029470307492924563f,-0.6005127185363194f,-1.1606550464597893f,0.5939935268638941f,-0.19325127230009054f,-0.7809133343708434f,3.4361250702352955f,-0.09303609080029601f,-0.9807066058361538f,0.1719268422263678f,-0.19401552125059732f,0f,0f,0f,1f], start_interpolation: 0, interpolation_duration: 1 }
$data merge entity $(bone_rightelbow) { transformation: [-0.7990719466058056f,-0.029470307492924563f,-0.6005127185363194f,-1.1661807291147126f,0.5939935268638941f,-0.19325127230009054f,-0.7809133343708434f,3.3998904566790284f,-0.09303609080029601f,-0.9807066058361538f,0.1719268422263678f,-0.37789800984487615f,0f,0f,0f,1f], start_interpolation: 0, interpolation_duration: 1 }
$data merge entity $(bone_rightarm) { transformation: [-0.7552886133878427f,0.6017921539739302f,0.25958681380626236f,-0.8040702502780779f,0.6443160444557688f,0.754308301519966f,0.1259992901366355f,3.5217541522431857f,-0.11998310440866927f,0.26242177819967877f,-0.9574648113549538f,-0.13316913238232558f,0f,0f,0f,1f], start_interpolation: 0, interpolation_duration: 1 }
$data merge entity $(bone_chest1) { transformation: [-0.9743539656777556f,-0.18998608783341894f,0.4337634690806662f,-0.06979578713292775f,-0.039761664268145404f,1.0216422687476263f,0.35815805990364225f,3.351556839827843f,-0.47187336302631966f,0.3062082171481786f,-0.9258418699369111f,0.0746623593285692f,0f,0f,0f,1f], start_interpolation: 0, interpolation_duration: 1 }
$data merge entity $(bone_chest1lid) { transformation: [-0.8994036606256206f,-0.17537177338469442f,0.40039704838215345f,-0.413701762156232f,-0.0367030747090573f,0.943054401920886f,0.3306074399110544f,2.565122385386866f,-0.4355754120242951f,0.28265373890601103f,-0.8546232645571488f,0.06719632812451339f,0f,0f,0f,1f], start_interpolation: 0, interpolation_duration: 1 }
$data merge entity $(bone_chest2) { transformation: [-0.8994036606256206f,-0.17537177338469442f,0.40039704838215345f,-0.3862999225648735f,-0.0367030747090573f,0.943054401920886f,0.3306074399110544f,2.4177701350867276f,-0.4355754120242951f,0.28265373890601103f,-0.8546232645571488f,0.02303168142044916f,0f,0f,0f,1f], start_interpolation: 0, interpolation_duration: 1 }
$data merge entity $(bone_chest1lid3) { transformation: [-0.8994036606256206f,-0.17537177338469442f,0.40039704838215345f,-0.10098467424731365f,-0.0367030747090573f,0.943054401920886f,0.3306074399110544f,2.7792117187492016f,-0.4355754120242951f,0.28265373890601103f,-0.8546232645571488f,-0.45307323748089157f,0f,0f,0f,1f], start_interpolation: 0, interpolation_duration: 1 }
$data merge entity $(bone_chest3) { transformation: [-0.8994036606256206f,-0.17537177338469442f,0.40039704838215345f,-0.07358283465595515f,-0.0367030747090573f,0.943054401920886f,0.3306074399110544f,2.631859468449063f,-0.4355754120242951f,0.28265373890601103f,-0.8546232645571488f,-0.4972378841849558f,0f,0f,0f,1f], start_interpolation: 0, interpolation_duration: 1 }
$data merge entity $(bone_hugeasssword2) { transformation: [-1.568221772830102f,2.1331360577603973f,-2.886293264393245f,-1.2753142915781677f,-1.2948791396516297f,2.601366435413253f,2.6261109002055076f,4.488151395457375f,3.3472744528488323f,2.005717080140056f,-0.33634879146174645f,-0.3604417094672954f,0f,0f,0f,1f], start_interpolation: 0, interpolation_duration: 1 }
$data merge entity $(bone_belt) { transformation: [-0.8994036606256206f,-0.17537177338469442f,0.40039704838215345f,-0.02354614827118441f,-0.0367030747090573f,0.943054401920886f,0.3306074399110544f,2.9338081931118274f,-0.4355754120242951f,0.28265373890601103f,-0.8546232645571488f,0.08789615337670313f,0f,0f,0f,1f], start_interpolation: 0, interpolation_duration: 1 }
$data merge entity $(bone_torn_part) { transformation: [-0.8748764817938379f,-0.36614034465462675f,0.31706843050077904f,-0.06982889228003786f,-0.08193310897084054f,0.7570748754058271f,0.6481701926836991f,2.6627913819940563f,-0.4773658002605639f,0.5410904555113151f,-0.692346020206767f,-0.05729198343177613f,0f,0f,0f,1f], start_interpolation: 0, interpolation_duration: 1 }
$data merge entity $(bone_lowerbody) { transformation: [-0.8748764817938379f,-0.2538499371586137f,0.4124940617858687f,0.08155145133473321f,-0.08193310897084054f,0.9169436776659298f,0.3905140940386811f,2.1681502125824834f,-0.4773658002605639f,0.30785467576934306f,-0.8230111732829295f,-0.045257949160167996f,0f,0f,0f,1f], start_interpolation: 0, interpolation_duration: 1 }
$data merge entity $(bone_leftfoot) { transformation: [-0.9157366427519419f,-0.31221331957454945f,0.2528818779621082f,0.6930258859438763f,-0.17236198218310994f,0.8738189657543647f,0.4546776464550263f,0.3571717254024601f,-0.362929398394938f,0.3727777597553439f,-0.854001752698714f,-0.1745338179155128f,0f,0f,0f,1f], start_interpolation: 0, interpolation_duration: 1 }
$data merge entity $(bone_leftlowerleg) { transformation: [-0.9157366427519419f,-0.31221331957454945f,0.2528818779621082f,0.3078100403501987f,-0.17236198218310994f,0.8738189657543647f,0.4546776464550263f,1.256705409373097f,-0.362929398394938f,0.3727777597553439f,-0.854001752698714f,0.37023014235756124f,0f,0f,0f,1f], start_interpolation: 0, interpolation_duration: 1 }
$data merge entity $(bone_leftleg) { transformation: [-0.9005401141491503f,0.07760862403895818f,0.4277901404696174f,0.35844487995500485f,-0.10469512181477131f,0.9162763335720103f,-0.38662205317858467f,2.2126947894526108f,-0.4219791870180632f,-0.3929562087696462f,-0.8170183496794676f,-0.04279298974988674f,0f,0f,0f,1f], start_interpolation: 0, interpolation_duration: 1 }
$data merge entity $(bone_rightfoot) { transformation: [-0.9610443243493724f,0.10032450433895712f,0.25754378358834606f,-0.3881185082415422f,0.16046552900519317f,0.9612045084138408f,0.22435843422075724f,0.3084762125994416f,-0.22504359719161476f,0.2569452993032737f,-0.939858762011085f,-0.1044846337266877f,0f,0f,0f,1f], start_interpolation: 0, interpolation_duration: 1 }
$data merge entity $(bone_rightlowerleg) { transformation: [-0.9610443243493724f,0.10032450433895712f,0.25754378358834606f,-0.31639148683480783f,0.16046552900519317f,0.9612045084138408f,0.22435843422075724f,1.3403407722711767f,-0.22504359719161476f,0.2569452993032737f,-0.939858762011085f,0.32496924458880094f,0f,0f,0f,1f], start_interpolation: 0, interpolation_duration: 1 }
$data merge entity $(bone_rightleg) { transformation: [-0.9602607978801347f,0.1890948925580499f,0.20528595096368926f,-0.09155242022121021f,0.020193012884674157f,0.7806587270248293f,-0.6246312465371968f,2.1598350017867083f,-0.27837284760774716f,-0.5956635573278196f,-0.7534543676868038f,-0.27968181671691605f,0f,0f,0f,1f], start_interpolation: 0, interpolation_duration: 1 }
data modify entity @s data merge value {"locators":{"lefthand":{"posx":0.9956361960015079,"posy":4.13110688842908,"posz":1.292725678465061,"roty":106.41952476055803,"rotx":-14.698790573240013},"righthand":{"posx":-1.0732936456818645,"posy":3.5598008406407136,"posz":0.7709296715639993,"roty":252.4952701046015,"rotx":5.895178575507912},"chest":{"posx":-0.4934094295239507,"posy":2.4533771016960504,"posz":0.16945362290418298,"roty":25.103422729615176,"rotx":19.30564875863284},"sack":{"posx":0,"posy":-0.4375,"posz":0,"roty":0,"rotx":0}},"cameras":{}}