# This file was generated by Animated Java via MC-Build. It is not recommended to edit this file directly.
$data merge entity $(bone_nose) {transformation: [-0.9995f,-0.0003f,-0.032f,0.006f,-0.0028f,0.997f,0.0776f,0.2081f,0.0319f,0.0777f,-0.9965f,1.5963f,0f,0f,0f,1f],start_interpolation: 0,interpolation_duration: 1}
$data merge entity $(bone_glowing_eye) {transformation: [-0.9995f,0f,-0.032f,-0.1178f,-0.0028f,0.9962f,0.0873f,0.2721f,0.0319f,0.0873f,-0.9957f,1.6409f,0f,0f,0f,1f],start_interpolation: 0,interpolation_duration: 1}
$data merge entity $(bone_head) {transformation: [-0.9995f,0f,-0.032f,0f,-0.0028f,0.9962f,0.0873f,0.1014f,0.0319f,0.0873f,-0.9957f,1.399f,0f,0f,0f,1f],start_interpolation: 0,interpolation_duration: 1}
$data merge entity $(bone_leftthumb2) {transformation: [-0.6875f,-0.3096f,0.6568f,1.3598f,-0.6491f,-0.1434f,-0.747f,0.2147f,0.3255f,-0.94f,-0.1024f,2.1147f,0f,0f,0f,1f],start_interpolation: 0,interpolation_duration: 1}
$data merge entity $(bone_leftthumb) {transformation: [-0.6875f,-0.3096f,0.6568f,1.34f,-0.6491f,-0.1434f,-0.747f,0.1157f,0.3255f,-0.94f,-0.1024f,1.8754f,0f,0f,0f,1f],start_interpolation: 0,interpolation_duration: 1}
$data merge entity $(bone_leftpointerfinger) {transformation: [-0.7508f,-0.0702f,0.6568f,1.5363f,-0.6606f,0.0746f,-0.747f,0.1885f,0.0034f,-0.9947f,-0.1024f,2.146f,0f,0f,0f,1f],start_interpolation: 0,interpolation_duration: 1}
$data merge entity $(bone_leftmidfinger) {transformation: [-0.7508f,-0.0702f,0.6568f,1.639f,-0.6606f,0.0746f,-0.747f,0.0718f,0.0034f,-0.9947f,-0.1024f,2.13f,0f,0f,0f,1f],start_interpolation: 0,interpolation_duration: 1}
$data merge entity $(bone_leftringfinger) {transformation: [-0.7508f,-0.0702f,0.6568f,1.7416f,-0.6606f,0.0746f,-0.747f,-0.0449f,0.0034f,-0.9947f,-0.1024f,2.114f,0f,0f,0f,1f],start_interpolation: 0,interpolation_duration: 1}
$data merge entity $(bone_invisibility) {transformation: [-0.2512f,-0.6813f,0.6875f,1.3642f,-0.208f,0.7317f,0.6491f,0.0847f,-0.9453f,0.0201f,-0.3255f,2.1049f,0f,0f,0f,1f],start_interpolation: 0,interpolation_duration: 1}
$data merge entity $(bone_swiftness) {transformation: [0.6568f,-0.3096f,0.6875f,1.4935f,-0.747f,-0.1434f,0.6491f,-0.0698f,-0.1024f,-0.94f,-0.3255f,2.2299f,0f,0f,0f,1f],start_interpolation: 0,interpolation_duration: 1}
$data merge entity $(bone_suspicious_stew) {transformation: [-0.003f,-0.7261f,0.6875f,1.5019f,-0.4457f,0.6165f,0.6491f,-0.0486f,-0.8952f,-0.3045f,-0.3255f,2.1298f,0f,0f,0f,1f],start_interpolation: 0,interpolation_duration: 1}
$data merge entity $(bone_log) {transformation: [-0.6875f,-0.3096f,0.6568f,1.4295f,-0.6491f,-0.1434f,-0.747f,-0.1624f,0.3255f,-0.94f,-0.1024f,2.038f,0f,0f,0f,1f],start_interpolation: 0,interpolation_duration: 1}
$data merge entity $(bone_planks) {transformation: [-0.6875f,-0.3096f,0.6568f,1.3651f,-0.6491f,-0.1434f,-0.747f,-0.2233f,0.3255f,-0.94f,-0.1024f,2.0685f,0f,0f,0f,1f],start_interpolation: 0,interpolation_duration: 1}
$data merge entity $(bone_lefthand1) {transformation: [-0.6875f,-0.3096f,0.6568f,1.5035f,-0.6491f,-0.1434f,-0.747f,-0.0127f,0.3255f,-0.94f,-0.1024f,1.7248f,0f,0f,0f,1f],start_interpolation: 0,interpolation_duration: 1}
$data merge entity $(bone_leftforearm) {transformation: [-0.9992f,0.0343f,-0.0217f,1.4655f,0.016f,-0.1584f,-0.9872f,-0.1076f,-0.0373f,-0.9868f,0.1577f,1.0262f,0f,0f,0f,1f],start_interpolation: 0,interpolation_duration: 1}
$data merge entity $(bone_leftelbow) {transformation: [-0.4141f,-0.91f,-0.0217f,1.2949f,0.1525f,-0.0458f,-0.9872f,-0.1162f,0.8974f,-0.4121f,0.1577f,0.9489f,0f,0f,0f,1f],start_interpolation: 0,interpolation_duration: 1}
$data merge entity $(bone_leftarm) {transformation: [-0.4141f,-0.91f,-0.0217f,0.75f,0.1525f,-0.0458f,-0.9872f,-0.0749f,0.8974f,-0.4121f,0.1577f,0.9342f,0f,0f,0f,1f],start_interpolation: 0,interpolation_duration: 1}
$data merge entity $(bone_rightthumb2) {transformation: [-0.6967f,0.3093f,-0.6473f,-1.3608f,0.642f,-0.1337f,-0.7549f,0.1996f,-0.3201f,-0.9415f,-0.1055f,2.1178f,0f,0f,0f,1f],start_interpolation: 0,interpolation_duration: 1}
$data merge entity $(bone_rightthumb) {transformation: [-0.6967f,0.3093f,-0.6473f,-1.3403f,0.642f,-0.1337f,-0.7549f,0.1023f,-0.3201f,-0.9415f,-0.1055f,1.8779f,0f,0f,0f,1f],start_interpolation: 0,interpolation_duration: 1}
$data merge entity $(bone_rightpointerfinger) {transformation: [-0.7593f,0.067f,-0.6473f,-1.537f,0.6507f,0.0815f,-0.7549f,0.171f,0.0022f,-0.9944f,-0.1055f,2.1493f,0f,0f,0f,1f],start_interpolation: 0,interpolation_duration: 1}
$data merge entity $(bone_rightmidfinger) {transformation: [-0.7593f,0.067f,-0.6473f,-1.6381f,0.6507f,0.0815f,-0.7549f,0.053f,0.0022f,-0.9944f,-0.1055f,2.1328f,0f,0f,0f,1f],start_interpolation: 0,interpolation_duration: 1}
$data merge entity $(bone_rightringfinger) {transformation: [-0.7593f,0.067f,-0.6473f,-1.7392f,0.6507f,0.0815f,-0.7549f,-0.065f,0.0022f,-0.9944f,-0.1055f,2.1164f,0f,0f,0f,1f],start_interpolation: 0,interpolation_duration: 1}
$data merge entity $(bone_hugeasssword) {transformation: [0f,0f,0f,-1.3914f,0f,0f,0f,-0.1228f,0f,0f,0f,2.0258f,0f,0f,0f,1f],start_interpolation: 0,interpolation_duration: 1}
$data merge entity $(bone_ice) {transformation: [-0.6967f,0.3093f,-0.6473f,-1.3854f,0.642f,-0.1337f,-0.7549f,-0.1308f,-0.3201f,-0.9415f,-0.1055f,2.0455f,0f,0f,0f,1f],start_interpolation: 0,interpolation_duration: 1}
$data merge entity $(bone_righthand1) {transformation: [-0.6967f,0.3093f,-0.6473f,-1.5025f,0.642f,-0.1337f,-0.7549f,-0.0273f,-0.3201f,-0.9415f,-0.1055f,1.7268f,0f,0f,0f,1f],start_interpolation: 0,interpolation_duration: 1}
$data merge entity $(bone_rightforearm) {transformation: [-0.9988f,-0.0345f,0.0349f,-1.4648f,-0.0293f,-0.1529f,-0.9878f,-0.1175f,0.0394f,-0.9876f,0.1517f,1.0275f,0f,0f,0f,1f],start_interpolation: 0,interpolation_duration: 1}
$data merge entity $(bone_rightelbow) {transformation: [-0.4141f,0.9096f,0.0349f,-1.2943f,-0.1525f,-0.0315f,-0.9878f,-0.1234f,-0.8974f,-0.4143f,0.1517f,0.9498f,0f,0f,0f,1f],start_interpolation: 0,interpolation_duration: 1}
$data merge entity $(bone_rightarm) {transformation: [-0.4141f,0.9096f,0.0349f,-0.75f,-0.1525f,-0.0315f,-0.9878f,-0.0749f,-0.8974f,-0.4143f,0.1517f,0.9342f,0f,0f,0f,1f],start_interpolation: 0,interpolation_duration: 1}
$data merge entity $(bone_chest1) {transformation: [-1.0833f,0f,0f,-0.0023f,0f,0.3258f,1.0332f,-0.0182f,0f,1.0332f,-0.3258f,0.7483f,0f,0f,0f,1f],start_interpolation: 0,interpolation_duration: 1}
$data merge entity $(bone_chest1lid) {transformation: [-1f,0f,0f,-0.3437f,0f,-0.059f,0.9983f,-0.6531f,0f,0.9983f,0.059f,0.2211f,0f,0f,0f,1f],start_interpolation: 0,interpolation_duration: 1}
$data merge entity $(bone_chest2) {transformation: [-1f,0f,0f,-0.3437f,0f,-0.059f,0.9983f,-0.6439f,0f,0.9983f,0.059f,0.0651f,0f,0f,0f,1f],start_interpolation: 0,interpolation_duration: 1}
$data merge entity $(bone_chest1lid3) {transformation: [-1f,0f,0f,-0.2812f,0f,0.626f,0.7798f,0.0649f,0f,0.7798f,-0.626f,-0.0057f,0f,0f,0f,1f],start_interpolation: 0,interpolation_duration: 1}
$data merge entity $(bone_chest3) {transformation: [-1f,0f,0f,-0.2812f,0f,0.626f,0.7798f,-0.0329f,0f,0.7798f,-0.626f,-0.1275f,0f,0f,0f,1f],start_interpolation: 0,interpolation_duration: 1}
$data merge entity $(bone_hugeasssword2) {transformation: [0f,1.6553f,-3.5497f,-1.7344f,-3.7354f,1.0674f,0.4977f,0.3532f,1.1778f,3.3854f,1.5786f,1.045f,0f,0f,0f,1f],start_interpolation: 0,interpolation_duration: 1}
$data merge entity $(bone_belt) {transformation: [-1f,0f,0f,0.0297f,0f,0.3007f,0.9537f,-0.2628f,0f,0.9537f,-0.3007f,0.4077f,0f,0f,0f,1f],start_interpolation: 0,interpolation_duration: 1}
$data merge entity $(bone_torn_part) {transformation: [-1f,0f,0f,-0.0938f,0f,0f,1f,-0.3436f,0f,1f,0f,0.1342f,0f,0f,0f,1f],start_interpolation: 0,interpolation_duration: 1}
$data merge entity $(bone_lowerbody) {transformation: [-1f,0f,0f,0.0039f,0f,0.3007f,0.9537f,-0.6245f,0f,0.9537f,-0.3007f,-0.2892f,0f,0f,0f,1f],start_interpolation: 0,interpolation_duration: 1}
$data merge entity $(bone_leftfoot) {transformation: [-1f,0f,0f,0.2813f,0f,0.3548f,0.9349f,-1.489f,0f,0.9349f,-0.3548f,-2.1362f,0f,0f,0f,1f],start_interpolation: 0,interpolation_duration: 1}
$data merge entity $(bone_leftlowerleg) {transformation: [-1f,0f,0f,0.2813f,0f,0.3411f,0.94f,-1.255f,0f,0.94f,-0.3411f,-1.041f,0f,0f,0f,1f],start_interpolation: 0,interpolation_duration: 1}
$data merge entity $(bone_leftleg) {transformation: [-1f,0f,0f,0.25f,0f,0.7464f,0.6655f,-0.4793f,0f,0.6655f,-0.7464f,-0.3145f,0f,0f,0f,1f],start_interpolation: 0,interpolation_duration: 1}
$data merge entity $(bone_rightfoot) {transformation: [-1f,0f,0f,-0.2812f,0f,-0.6462f,0.7631f,0.4399f,0f,0.7631f,0.6462f,-2.2699f,0f,0f,0f,1f],start_interpolation: 0,interpolation_duration: 1}
$data merge entity $(bone_rightlowerleg) {transformation: [-1f,0f,0f,-0.2812f,0f,-0.4849f,0.8746f,-0.2324f,0f,0.8746f,0.4849f,-1.3742f,0f,0f,0f,1f],start_interpolation: 0,interpolation_duration: 1}
$data merge entity $(bone_rightleg) {transformation: [-1f,0f,0f,-0.25f,0f,-0.1619f,0.9868f,-0.4302f,0f,0.9868f,0.1619f,-0.33f,0f,0f,0f,1f],start_interpolation: 0,interpolation_duration: 1}
data modify entity @s data merge value {"cameras":{},"locators":{"lefthand":{"posx":1.507922420206185,"posy":-0.0787127281529674,"posz":2.0824922880435857,"roty":81.13958058356467,"rotx":-48.33496646188811},"sword":{"posx":-1.3914233390534008,"posy":-0.1227838699335114,"posz":2.02578232035095,"roty":279.2548170471615,"rotx":-49.01914698693196},"righthand":{"posx":-1.4454273807462819,"posy":-0.05667989477350201,"posz":2.031844435722245,"roty":279.25481704716157,"rotx":-49.01914698693198},"chest":{"posx":-0.375,"posy":-0.8053813061770262,"posz":0.14946478825820042,"roty":180,"rotx":86.62000000000005}}}