# This file was generated by Animated Java via MC-Build. It is not recommended to edit this file directly.
$data merge entity $(nose) {transformation: [-0.9978f,0.0023f,0.0659f,-0.0124f,0.0057f,0.9986f,0.0521f,0.2441f,-0.0657f,0.0524f,-0.9965f,2.0687f,0f,0f,0f,1f],start_interpolation: 0,interpolation_duration: 1}
$data merge entity $(glowing_eye) {transformation: [-0.9978f,0f,0.0659f,-0.1394f,0.0057f,0.9962f,0.0866f,0.3093f,-0.0657f,0.0868f,-0.9941f,2.101f,0f,0f,0f,1f],start_interpolation: 0,interpolation_duration: 1}
$data merge entity $(head) {transformation: [-0.9978f,0f,0.0659f,0f,0.0057f,0.9962f,0.0866f,0.1373f,-0.0657f,0.0868f,-0.9941f,1.8718f,0f,0f,0f,1f],start_interpolation: 0,interpolation_duration: 1}
$data merge entity $(leftthumb2) {transformation: [-0.7729f,-0.1463f,0.6174f,1.2544f,-0.6142f,-0.0717f,-0.7859f,0.1271f,0.1593f,-0.9866f,-0.0345f,2.6183f,0f,0f,0f,1f],start_interpolation: 0,interpolation_duration: 1}
$data merge entity $(leftthumb) {transformation: [-0.7729f,-0.1463f,0.6174f,1.2713f,-0.6142f,-0.0717f,-0.7859f,0.0423f,0.1593f,-0.9866f,-0.0345f,2.3734f,0f,0f,0f,1f],start_interpolation: 0,interpolation_duration: 1}
$data merge entity $(leftpointerfinger) {transformation: [-0.5893f,-0.5211f,0.6174f,1.4503f,-0.4911f,-0.3757f,-0.7859f,0.1104f,0.6415f,-0.7664f,-0.0345f,2.6678f,0f,0f,0f,1f],start_interpolation: 0,interpolation_duration: 1}
$data merge entity $(leftmidfinger) {transformation: [-0.5893f,-0.5211f,0.6174f,1.5468f,-0.4911f,-0.3757f,-0.7859f,-0.0124f,0.6415f,-0.7664f,-0.0345f,2.6624f,0f,0f,0f,1f],start_interpolation: 0,interpolation_duration: 1}
$data merge entity $(leftringfinger) {transformation: [-0.5893f,-0.5211f,0.6174f,1.6433f,-0.4911f,-0.3757f,-0.7859f,-0.1351f,0.6415f,-0.7664f,-0.0345f,2.657f,0f,0f,0f,1f],start_interpolation: 0,interpolation_duration: 1}
$data merge entity $(invisibility) {transformation: [-0.0919f,-0.6278f,0.7729f,1.2525f,-0.1399f,0.7767f,0.6142f,-0.0023f,-0.9859f,-0.0517f,-0.1593f,2.6011f,0f,0f,0f,1f],start_interpolation: 0,interpolation_duration: 1}
$data merge entity $(swiftness) {transformation: [0.6174f,-0.1463f,0.7729f,1.3479f,-0.7859f,-0.0717f,0.6142f,-0.1719f,-0.0345f,-0.9866f,-0.1593f,2.7366f,0f,0f,0f,1f],start_interpolation: 0,interpolation_duration: 1}
$data merge entity $(suspicious_stew) {transformation: [0.1283f,-0.6214f,0.7729f,1.3752f,-0.3971f,0.682f,0.6142f,-0.1462f,-0.9088f,-0.3857f,-0.1593f,2.6409f,0f,0f,0f,1f],start_interpolation: 0,interpolation_duration: 1}
$data merge entity $(log) {transformation: [-0.7729f,-0.1463f,0.6174f,1.3133f,-0.6142f,-0.0717f,-0.7859f,-0.2496f,0.1593f,-0.9866f,-0.0345f,2.5309f,0f,0f,0f,1f],start_interpolation: 0,interpolation_duration: 1}
$data merge entity $(planks) {transformation: [-0.7729f,-0.1463f,0.6174f,1.2409f,-0.6142f,-0.0717f,-0.7859f,-0.3072f,0.1593f,-0.9866f,-0.0345f,2.5458f,0f,0f,0f,1f],start_interpolation: 0,interpolation_duration: 1}
$data merge entity $(lefthand1) {transformation: [-0.7729f,-0.1463f,0.6174f,1.4507f,-0.6142f,-0.0717f,-0.7859f,-0.0894f,0.1593f,-0.9866f,-0.0345f,2.2455f,0f,0f,0f,1f],start_interpolation: 0,interpolation_duration: 1}
$data merge entity $(leftforearm) {transformation: [-0.99f,0.0886f,-0.11f,1.4528f,0.1012f,-0.0982f,-0.99f,-0.1367f,-0.0985f,-0.9912f,0.0882f,1.541f,0f,0f,0f,1f],start_interpolation: 0,interpolation_duration: 1}
$data merge entity $(leftelbow) {transformation: [-0.4607f,-0.8807f,-0.11f,1.2877f,0.1294f,0.0559f,-0.99f,-0.1262f,0.8781f,-0.4703f,0.0882f,1.4529f,0f,0f,0f,1f],start_interpolation: 0,interpolation_duration: 1}
$data merge entity $(leftarm) {transformation: [-0.4607f,-0.8807f,-0.11f,0.75f,0.1294f,0.0559f,-0.99f,-0.039f,0.8781f,-0.4703f,0.0882f,1.407f,0f,0f,0f,1f],start_interpolation: 0,interpolation_duration: 1}
$data merge entity $(rightthumb2) {transformation: [-0.7714f,0.1465f,-0.6193f,-1.2544f,0.6158f,-0.0733f,-0.7845f,0.1298f,-0.1603f,-0.9865f,-0.0337f,2.6179f,0f,0f,0f,1f],start_interpolation: 0,interpolation_duration: 1}
$data merge entity $(rightthumb) {transformation: [-0.7714f,0.1465f,-0.6193f,-1.2714f,0.6158f,-0.0733f,-0.7845f,0.0448f,-0.1603f,-0.9865f,-0.0337f,2.3731f,0f,0f,0f,1f],start_interpolation: 0,interpolation_duration: 1}
$data merge entity $(rightpointerfinger) {transformation: [-0.5879f,0.5204f,-0.6193f,-1.4504f,0.4917f,-0.378f,-0.7845f,0.1137f,-0.6423f,-0.7657f,-0.0337f,2.6674f,0f,0f,0f,1f],start_interpolation: 0,interpolation_duration: 1}
$data merge entity $(rightmidfinger) {transformation: [-0.5879f,0.5204f,-0.6193f,-1.5472f,0.4917f,-0.378f,-0.7845f,-0.0089f,-0.6423f,-0.7657f,-0.0337f,2.6621f,0f,0f,0f,1f],start_interpolation: 0,interpolation_duration: 1}
$data merge entity $(rightringfinger) {transformation: [-0.5879f,0.5204f,-0.6193f,-1.6439f,0.4917f,-0.378f,-0.7845f,-0.1314f,-0.6423f,-0.7657f,-0.0337f,2.6568f,0f,0f,0f,1f],start_interpolation: 0,interpolation_duration: 1}
$data merge entity $(hugeasssword) {transformation: [0f,0f,0f,-1.2853f,0f,0f,0f,-0.1894f,0f,0f,0f,2.5152f,0f,0f,0f,1f],start_interpolation: 0,interpolation_duration: 1}
$data merge entity $(whey) {transformation: [0f,0f,0f,-1.0794f,0f,0f,0f,-0.178f,0f,0f,0f,2.6399f,0f,0f,0f,1f],start_interpolation: 0,interpolation_duration: 1}
$data merge entity $(ice) {transformation: [-0.7714f,0.1465f,-0.6193f,-1.2755f,0.6158f,-0.0733f,-0.7845f,-0.1978f,-0.1603f,-0.9865f,-0.0337f,2.5331f,0f,0f,0f,1f],start_interpolation: 0,interpolation_duration: 1}
$data merge entity $(righthand1) {transformation: [-0.7714f,0.1465f,-0.6193f,-1.4511f,0.6158f,-0.0733f,-0.7845f,-0.0867f,-0.1603f,-0.9865f,-0.0337f,2.2453f,0f,0f,0f,1f],start_interpolation: 0,interpolation_duration: 1}
$data merge entity $(rightforearm) {transformation: [-0.9903f,-0.0885f,0.1076f,-1.4531f,-0.0987f,-0.0992f,-0.9902f,-0.1348f,0.0983f,-0.9911f,0.0895f,1.5409f,0f,0f,0f,1f],start_interpolation: 0,interpolation_duration: 1}
$data merge entity $(rightelbow) {transformation: [-0.4607f,0.881f,0.1076f,-1.2879f,-0.1294f,0.0532f,-0.9902f,-0.1249f,-0.8781f,-0.4701f,0.0895f,1.4528f,0f,0f,0f,1f],start_interpolation: 0,interpolation_duration: 1}
$data merge entity $(rightarm) {transformation: [-0.4607f,0.881f,0.1076f,-0.75f,-0.1294f,0.0532f,-0.9902f,-0.039f,-0.8781f,-0.4701f,0.0895f,1.407f,0f,0f,0f,1f],start_interpolation: 0,interpolation_duration: 1}
$data merge entity $(chest1) {transformation: [-1.0833f,0f,0f,-0.0023f,0f,0.3258f,1.0332f,0.0178f,0f,1.0332f,-0.3258f,1.221f,0f,0f,0f,1f],start_interpolation: 0,interpolation_duration: 1}
$data merge entity $(chest1lid) {transformation: [-1f,0f,0f,-0.3438f,0f,0.5627f,0.8267f,-0.52f,0f,0.8267f,-0.5627f,0.667f,0f,0f,0f,1f],start_interpolation: 0,interpolation_duration: 1}
$data merge entity $(chest2) {transformation: [-1f,0f,0f,-0.3438f,0f,0.5627f,0.8267f,-0.6079f,0f,0.8267f,-0.5627f,0.5379f,0f,0f,0f,1f],start_interpolation: 0,interpolation_duration: 1}
$data merge entity $(chest1lid3) {transformation: [-1f,0f,0f,-0.2813f,0f,0.5813f,0.8137f,0.0939f,0f,0.8137f,-0.5813f,0.4724f,0f,0f,0f,1f],start_interpolation: 0,interpolation_duration: 1}
$data merge entity $(chest3) {transformation: [-1f,0f,0f,-0.2813f,0f,0.5813f,0.8137f,0.003f,0f,0.8137f,-0.5813f,0.3452f,0f,0f,0f,1f],start_interpolation: 0,interpolation_duration: 1}
$data merge entity $(hugeasssword2) {transformation: [0f,1.6553f,-3.5497f,-1.7344f,-3.7354f,1.0674f,0.4977f,0.3891f,1.1778f,3.3854f,1.5786f,1.5178f,0f,0f,0f,1f],start_interpolation: 0,interpolation_duration: 1}
$data merge entity $(belt) {transformation: [-1f,0f,0f,0.0297f,0f,0.3007f,0.9537f,-0.2269f,0f,0.9537f,-0.3007f,0.8805f,0f,0f,0f,1f],start_interpolation: 0,interpolation_duration: 1}
$data merge entity $(torn_part) {transformation: [-1f,0f,0f,-0.0938f,0f,0f,1f,-0.3076f,0f,1f,0f,0.607f,0f,0f,0f,1f],start_interpolation: 0,interpolation_duration: 1}
$data merge entity $(lowerbody) {transformation: [-1f,0f,0f,0.0039f,0f,0.3007f,0.9537f,-0.5886f,0f,0.9537f,-0.3007f,0.1836f,0f,0f,0f,1f],start_interpolation: 0,interpolation_duration: 1}
$data merge entity $(leftfoot) {transformation: [-1f,0f,0f,0.2813f,0f,-0.2798f,0.96f,-0.842f,0f,0.96f,0.2798f,-1.9234f,0f,0f,0f,1f],start_interpolation: 0,interpolation_duration: 1}
$data merge entity $(leftlowerleg) {transformation: [-1f,0f,0f,0.2813f,0f,0.1089f,0.9941f,-0.8739f,0f,0.9941f,-0.1089f,-0.8039f,0f,0f,0f,1f],start_interpolation: 0,interpolation_duration: 1}
$data merge entity $(leftleg) {transformation: [-1f,0f,0f,0.25f,0f,0.481f,0.8767f,-0.3857f,0f,0.8767f,-0.481f,0.1401f,0f,0f,0f,1f],start_interpolation: 0,interpolation_duration: 1}
$data merge entity $(rightfoot) {transformation: [-1f,0f,0f,-0.2812f,0f,0.2909f,0.9567f,-1.4926f,0f,0.9567f,-0.2909f,-1.5819f,0f,0f,0f,1f],start_interpolation: 0,interpolation_duration: 1}
$data merge entity $(rightlowerleg) {transformation: [-1f,0f,0f,-0.2812f,0f,0.3048f,0.9524f,-1.3008f,0f,0.9524f,-0.3048f,-0.4785f,0f,0f,0f,1f],start_interpolation: 0,interpolation_duration: 1}
$data merge entity $(rightleg) {transformation: [-1f,0f,0f,-0.25f,0f,0.8132f,0.5819f,-0.4518f,0f,0.5819f,-0.8132f,0.161f,0f,0f,0f,1f],start_interpolation: 0,interpolation_duration: 1}
data modify entity @s data merge value {"cameras":{},"locators":{"soup":{"px":1.2441989866965095,"py":-0.04822864700048811,"pz":2.5796092216960944,"ry":78.35777128385095,"rx":37.89335175207876},"lefthand":{"px":1.3875899359519188,"py":-0.17416695695065015,"pz":2.5936072671587023,"ry":86.80596601297768,"rx":-51.803261420247594},"sword":{"px":-1.2852798266483798,"py":-0.18933060251540437,"pz":2.5151697971118696,"ry":273.11355971618667,"rx":-51.670231039711084},"righthand":{"px":-1.3404687275524425,"py":-0.12670033603938669,"pz":2.533999460731835,"ry":273.1135597161867,"rx":-51.670231039711105},"chest":{"px":-0.37500000000000006,"py":-0.6843648744951689,"pz":0.7032832778195794,"ry":0,"rx":55.76}}}