# This file was generated by Animated Java via MC-Build. It is not recommended to edit this file directly.
$data merge entity $(bone_nose) {transformation: [-0.9996f,0.0003f,0.029f,-0.0054f,0.0025f,0.997f,0.0772f,0.2313f,-0.0289f,0.0773f,-0.9966f,2.1532f,0f,0f,0f,1f],start_interpolation: 0,interpolation_duration: 1}
$data merge entity $(bone_glowing_eye) {transformation: [-0.9996f,0f,0.029f,-0.1314f,0.0025f,0.9962f,0.0869f,0.296f,-0.0289f,0.0869f,-0.9958f,2.1902f,0f,0f,0f,1f],start_interpolation: 0,interpolation_duration: 1}
$data merge entity $(bone_head) {transformation: [-0.9996f,0f,0.029f,0f,0.0025f,0.9962f,0.0869f,0.1246f,-0.0289f,0.0869f,-0.9958f,1.956f,0f,0f,0f,1f],start_interpolation: 0,interpolation_duration: 1}
$data merge entity $(bone_leftthumb2) {transformation: [-0.7028f,-0.3281f,0.6313f,1.3863f,-0.6286f,-0.1291f,-0.7669f,0.2129f,0.3331f,-0.9358f,-0.1155f,2.6635f,0f,0f,0f,1f],start_interpolation: 0,interpolation_duration: 1}
$data merge entity $(bone_leftthumb) {transformation: [-0.7028f,-0.3281f,0.6313f,1.3598f,-0.6286f,-0.1291f,-0.7669f,0.1157f,0.3331f,-0.9358f,-0.1155f,2.4242f,0f,0f,0f,1f],start_interpolation: 0,interpolation_duration: 1}
$data merge entity $(bone_leftpointerfinger) {transformation: [-0.5237f,-0.572f,0.6313f,1.5853f,-0.5314f,-0.3598f,-0.7669f,0.2017f,0.6658f,-0.7371f,-0.1155f,2.6801f,0f,0f,0f,1f],start_interpolation: 0,interpolation_duration: 1}
$data merge entity $(bone_leftmidfinger) {transformation: [-0.5237f,-0.572f,0.6313f,1.6839f,-0.5314f,-0.3598f,-0.7669f,0.0819f,0.6658f,-0.7371f,-0.1155f,2.662f,0f,0f,0f,1f],start_interpolation: 0,interpolation_duration: 1}
$data merge entity $(bone_leftringfinger) {transformation: [-0.5237f,-0.572f,0.6313f,1.7826f,-0.5314f,-0.3598f,-0.7669f,-0.038f,0.6658f,-0.7371f,-0.1155f,2.644f,0f,0f,0f,1f],start_interpolation: 0,interpolation_duration: 1}
$data merge entity $(bone_invisibility) {transformation: [-0.2718f,-0.6575f,0.7028f,1.3865f,-0.1954f,0.7527f,0.6286f,0.0829f,-0.9423f,0.0335f,-0.3331f,2.6531f,0f,0f,0f,1f],start_interpolation: 0,interpolation_duration: 1}
$data merge entity $(bone_swiftness) {transformation: [0.6313f,-0.3281f,0.7028f,1.5127f,-0.7669f,-0.1291f,0.6286f,-0.0762f,-0.1155f,-0.9358f,-0.3331f,2.7755f,0f,0f,0f,1f],start_interpolation: 0,interpolation_duration: 1}
$data merge entity $(bone_suspicious_stew) {transformation: [-0.0305f,-0.7108f,0.7028f,1.5202f,-0.4411f,0.6405f,0.6286f,-0.0549f,-0.8969f,-0.2908f,-0.3331f,2.6753f,0f,0f,0f,1f],start_interpolation: 0,interpolation_duration: 1}
$data merge entity $(bone_log) {transformation: [-0.7028f,-0.3281f,0.6313f,1.4429f,-0.6286f,-0.1291f,-0.7669f,-0.1659f,0.3331f,-0.9358f,-0.1155f,2.5841f,0f,0f,0f,1f],start_interpolation: 0,interpolation_duration: 1}
$data merge entity $(bone_planks) {transformation: [-0.7028f,-0.3281f,0.6313f,1.377f,-0.6286f,-0.1291f,-0.7669f,-0.2248f,0.3331f,-0.9358f,-0.1155f,2.6154f,0f,0f,0f,1f],start_interpolation: 0,interpolation_duration: 1}
$data merge entity $(bone_lefthand1) {transformation: [-0.7028f,-0.3281f,0.6313f,1.5169f,-0.6286f,-0.1291f,-0.7669f,-0.017f,0.3331f,-0.9358f,-0.1155f,2.2705f,0f,0f,0f,1f],start_interpolation: 0,interpolation_duration: 1}
$data merge entity $(bone_leftforearm) {transformation: [-0.9986f,0.0145f,-0.0506f,1.4654f,0.0477f,-0.1548f,-0.9868f,-0.1075f,-0.0221f,-0.9878f,0.1539f,1.5722f,0f,0f,0f,1f],start_interpolation: 0,interpolation_duration: 1}
$data merge entity $(bone_leftelbow) {transformation: [-0.3955f,-0.9171f,-0.0506f,1.2935f,0.1612f,-0.0151f,-0.9868f,-0.1103f,0.9042f,-0.3985f,0.1539f,1.4974f,0f,0f,0f,1f],start_interpolation: 0,interpolation_duration: 1}
$data merge entity $(bone_leftarm) {transformation: [-0.3955f,-0.9171f,-0.0506f,0.75f,0.1612f,-0.0151f,-0.9868f,-0.0518f,0.9042f,-0.3985f,0.1539f,1.4912f,0f,0f,0f,1f],start_interpolation: 0,interpolation_duration: 1}
$data merge entity $(bone_rightthumb2) {transformation: [-0.7009f,0.3282f,-0.6333f,-1.3861f,0.6302f,-0.1311f,-0.7653f,0.2161f,-0.3342f,-0.9355f,-0.1149f,2.6629f,0f,0f,0f,1f],start_interpolation: 0,interpolation_duration: 1}
$data merge entity $(bone_rightthumb) {transformation: [-0.7009f,0.3282f,-0.6333f,-1.3597f,0.6302f,-0.1311f,-0.7653f,0.1185f,-0.3342f,-0.9355f,-0.1149f,2.4237f,0f,0f,0f,1f],start_interpolation: 0,interpolation_duration: 1}
$data merge entity $(bone_rightpointerfinger) {transformation: [-0.5219f,0.5714f,-0.6333f,-1.5852f,0.532f,-0.3623f,-0.7653f,0.2055f,-0.6667f,-0.7364f,-0.1149f,2.6793f,0f,0f,0f,1f],start_interpolation: 0,interpolation_duration: 1}
$data merge entity $(bone_rightmidfinger) {transformation: [-0.5219f,0.5714f,-0.6333f,-1.6841f,0.532f,-0.3623f,-0.7653f,0.0859f,-0.6667f,-0.7364f,-0.1149f,2.6614f,0f,0f,0f,1f],start_interpolation: 0,interpolation_duration: 1}
$data merge entity $(bone_rightringfinger) {transformation: [-0.5219f,0.5714f,-0.6333f,-1.7831f,0.532f,-0.3623f,-0.7653f,-0.0337f,-0.6667f,-0.7364f,-0.1149f,2.6434f,0f,0f,0f,1f],start_interpolation: 0,interpolation_duration: 1}
$data merge entity $(bone_hugeasssword) {transformation: [0f,0f,0f,-1.41f,0f,0f,0f,-0.107f,0f,0f,0f,2.5713f,0f,0f,0f,1f],start_interpolation: 0,interpolation_duration: 1}
$data merge entity $(bone_ice) {transformation: [-0.7009f,0.3282f,-0.6333f,-1.4042f,0.6302f,-0.1311f,-0.7653f,-0.1148f,-0.3342f,-0.9355f,-0.1149f,2.5911f,0f,0f,0f,1f],start_interpolation: 0,interpolation_duration: 1}
$data merge entity $(bone_righthand1) {transformation: [-0.7009f,0.3282f,-0.6333f,-1.5171f,0.6302f,-0.1311f,-0.7653f,-0.014f,-0.3342f,-0.9355f,-0.1149f,2.2701f,0f,0f,0f,1f],start_interpolation: 0,interpolation_duration: 1}
$data merge entity $(bone_rightforearm) {transformation: [-0.9988f,-0.0144f,0.0477f,-1.4656f,-0.0449f,-0.1559f,-0.9867f,-0.1054f,0.0217f,-0.9877f,0.1551f,1.5719f,0f,0f,0f,1f],start_interpolation: 0,interpolation_duration: 1}
$data merge entity $(bone_rightelbow) {transformation: [-0.3955f,0.9172f,0.0477f,-1.2936f,-0.1612f,-0.0182f,-0.9867f,-0.1088f,-0.9042f,-0.398f,0.1551f,1.4972f,0f,0f,0f,1f],start_interpolation: 0,interpolation_duration: 1}
$data merge entity $(bone_rightarm) {transformation: [-0.3955f,0.9172f,0.0477f,-0.75f,-0.1612f,-0.0182f,-0.9867f,-0.0518f,-0.9042f,-0.398f,0.1551f,1.4912f,0f,0f,0f,1f],start_interpolation: 0,interpolation_duration: 1}
$data merge entity $(bone_chest1) {transformation: [-1.0833f,0f,0f,-0.0023f,0f,0.3258f,1.0332f,0.005f,0f,1.0332f,-0.3258f,1.3052f,0f,0f,0f,1f],start_interpolation: 0,interpolation_duration: 1}
$data merge entity $(bone_chest1lid) {transformation: [-1f,0f,0f,-0.3438f,0f,0.4796f,0.8775f,-0.5458f,0f,0.8775f,-0.4796f,0.7592f,0f,0f,0f,1f],start_interpolation: 0,interpolation_duration: 1}
$data merge entity $(bone_chest2) {transformation: [-1f,0f,0f,-0.3438f,0f,0.4796f,0.8775f,-0.6207f,0f,0.8775f,-0.4796f,0.622f,0f,0f,0f,1f],start_interpolation: 0,interpolation_duration: 1}
$data merge entity $(bone_chest1lid3) {transformation: [-1f,0f,0f,-0.2813f,0f,0.626f,0.7798f,0.0881f,0f,0.7798f,-0.626f,0.5513f,0f,0f,0f,1f],start_interpolation: 0,interpolation_duration: 1}
$data merge entity $(bone_chest3) {transformation: [-1f,0f,0f,-0.2813f,0f,0.626f,0.7798f,-0.0097f,0f,0.7798f,-0.626f,0.4294f,0f,0f,0f,1f],start_interpolation: 0,interpolation_duration: 1}
$data merge entity $(bone_hugeasssword2) {transformation: [0f,1.6553f,-3.5497f,-1.7344f,-3.7354f,1.0674f,0.4977f,0.3764f,1.1778f,3.3854f,1.5786f,1.602f,0f,0f,0f,1f],start_interpolation: 0,interpolation_duration: 1}
$data merge entity $(bone_belt) {transformation: [-1f,0f,0f,0.0297f,0f,0.3007f,0.9537f,-0.2396f,0f,0.9537f,-0.3007f,0.9647f,0f,0f,0f,1f],start_interpolation: 0,interpolation_duration: 1}
$data merge entity $(bone_torn_part) {transformation: [-1f,0f,0f,-0.0938f,0f,0f,1f,-0.3204f,0f,1f,0f,0.6912f,0f,0f,0f,1f],start_interpolation: 0,interpolation_duration: 1}
$data merge entity $(bone_lowerbody) {transformation: [-1f,0f,0f,0.0039f,0f,0.3007f,0.9537f,-0.6013f,0f,0.9537f,-0.3007f,0.2678f,0f,0f,0f,1f],start_interpolation: 0,interpolation_duration: 1}
$data merge entity $(bone_leftfoot) {transformation: [-1f,0f,0f,0.2813f,0f,0.1575f,0.9875f,-1.3058f,0f,0.9875f,-0.1575f,-1.699f,0f,0f,0f,1f],start_interpolation: 0,interpolation_duration: 1}
$data merge entity $(bone_leftlowerleg) {transformation: [-1f,0f,0f,0.2813f,0f,0.3471f,0.9378f,-1.0647f,0f,0.9378f,-0.3471f,-0.6053f,0f,0f,0f,1f],start_interpolation: 0,interpolation_duration: 1}
$data merge entity $(bone_leftleg) {transformation: [-1f,0f,0f,0.25f,0f,0.6428f,0.766f,-0.4017f,0f,0.766f,-0.6428f,0.2253f,0f,0f,0f,1f],start_interpolation: 0,interpolation_duration: 1}
$data merge entity $(bone_rightfoot) {transformation: [-1f,0f,0f,-0.2812f,0f,0.2164f,0.9763f,-1.1982f,0f,0.9763f,-0.2164f,-1.704f,0f,0f,0f,1f],start_interpolation: 0,interpolation_duration: 1}
$data merge entity $(bone_rightlowerleg) {transformation: [-1f,0f,0f,-0.2812f,0f,0.2022f,0.9793f,-1.1244f,0f,0.9793f,-0.2022f,-0.5865f,0f,0f,0f,1f],start_interpolation: 0,interpolation_duration: 1}
$data merge entity $(bone_rightleg) {transformation: [-1f,0f,0f,-0.25f,0f,0.6428f,0.766f,-0.4613f,0f,0.766f,-0.6428f,0.2441f,0f,0f,0f,1f],start_interpolation: 0,interpolation_duration: 1}
data modify entity @s data merge value {"cameras":{},"locators":{"lefthand":{"posx":1.5245640832027318,"posy":-0.08489768280066642,"posz":2.627815452248637,"roty":79.63092374881002,"rotx":-50.07792112996656},"sword":{"posx":-1.4099834432610083,"posy":-0.10699262038781387,"posz":2.571268297774201,"roty":280.28192592220927,"rotx":-49.934017606552004},"righthand":{"posx":-1.4651198554575002,"posy":-0.04173362318444257,"posz":2.5761836439477084,"roty":280.28192592220927,"rotx":-49.934017606552},"chest":{"posx":-0.37500000000000006,"posy":-0.7128423242996794,"posz":0.7792523124938165,"roty":0,"rotx":61.34}}}