# This file was generated by Animated Java via MC-Build. It is not recommended to edit this file directly.
$data merge entity $(nose) {transformation: [-0.9961f,-0.006f,-0.0876f,0.0165f,-0.0076f,0.9998f,0.0187f,0.2715f,0.0875f,0.0193f,-0.996f,0.5067f,0f,0f,0f,1f],start_interpolation: 0,interpolation_duration: 1}
$data merge entity $(glowing_eye) {transformation: [-0.9961f,0f,-0.0878f,-0.105f,-0.0076f,0.9962f,0.0873f,0.335f,0.0875f,0.0876f,-0.9923f,0.5582f,0f,0f,0f,1f],start_interpolation: 0,interpolation_duration: 1}
$data merge entity $(head) {transformation: [-0.9961f,0f,-0.0878f,0f,-0.0076f,0.9962f,0.0873f,0.1649f,0.0875f,0.0876f,-0.9923f,0.31f,0f,0f,0f,1f],start_interpolation: 0,interpolation_duration: 1}
$data merge entity $(leftthumb2) {transformation: [-0.7231f,0.1908f,0.6639f,0.9653f,-0.6792f,-0.0216f,-0.7336f,0.1098f,-0.1256f,-0.9814f,0.1452f,1.0881f,0f,0f,0f,1f],start_interpolation: 0,interpolation_duration: 1}
$data merge entity $(leftthumb) {transformation: [-0.7231f,0.1908f,0.6639f,1.0688f,-0.6792f,-0.0216f,-0.7336f,0.0419f,-0.1256f,-0.9814f,0.1452f,0.8598f,0f,0f,0f,1f],start_interpolation: 0,interpolation_duration: 1}
$data merge entity $(leftpointerfinger) {transformation: [-0.7287f,0.168f,0.6639f,1.1175f,-0.6782f,-0.0429f,-0.7336f,0.0898f,-0.0947f,-0.9849f,0.1452f,1.2026f,0f,0f,0f,1f],start_interpolation: 0,interpolation_duration: 1}
$data merge entity $(leftmidfinger) {transformation: [-0.7287f,0.168f,0.6639f,1.2212f,-0.6782f,-0.0429f,-0.7336f,-0.0248f,-0.0947f,-0.9849f,0.1452f,1.2253f,0f,0f,0f,1f],start_interpolation: 0,interpolation_duration: 1}
$data merge entity $(leftringfinger) {transformation: [-0.7287f,0.168f,0.6639f,1.325f,-0.6782f,-0.0429f,-0.7336f,-0.1394f,-0.0947f,-0.9849f,0.1452f,1.2479f,0f,0f,0f,1f],start_interpolation: 0,interpolation_duration: 1}
$data merge entity $(invisibility) {transformation: [0.2479f,-0.6447f,0.7231f,0.981f,-0.0854f,0.7289f,0.6792f,-0.0179f,-0.965f,-0.2302f,0.1256f,1.067f,0f,0f,0f,1f],start_interpolation: 0,interpolation_duration: 1}
$data merge entity $(swiftness) {transformation: [0.6639f,0.1908f,0.7231f,1.042f,-0.7336f,-0.0216f,0.6792f,-0.188f,0.1452f,-0.9814f,0.1256f,1.2206f,0f,0f,0f,1f],start_interpolation: 0,interpolation_duration: 1}
$data merge entity $(suspicious_stew) {transformation: [0.4535f,-0.521f,0.7231f,1.0965f,-0.3296f,0.6558f,0.6792f,-0.1545f,-0.8281f,-0.5463f,0.1256f,1.1402f,0f,0f,0f,1f],start_interpolation: 0,interpolation_duration: 1}
$data merge entity $(log) {transformation: [-0.7231f,0.1908f,0.6639f,1.0837f,-0.6792f,-0.0216f,-0.7336f,-0.2553f,-0.1256f,-0.9814f,0.1452f,1.0126f,0f,0f,0f,1f],start_interpolation: 0,interpolation_duration: 1}
$data merge entity $(planks) {transformation: [-0.7231f,0.1908f,0.6639f,1.0159f,-0.6792f,-0.0216f,-0.7336f,-0.3189f,-0.1256f,-0.9814f,0.1452f,1.0008f,0f,0f,0f,1f],start_interpolation: 0,interpolation_duration: 1}
$data merge entity $(lefthand1) {transformation: [-0.7231f,0.1908f,0.6639f,1.2914f,-0.6792f,-0.0216f,-0.7336f,-0.0679f,-0.1256f,-0.9814f,0.1452f,0.7941f,0f,0f,0f,1f],start_interpolation: 0,interpolation_duration: 1}
$data merge entity $(leftforearm) {transformation: [-0.9614f,0.272f,-0.0419f,1.4232f,0.0365f,-0.0247f,-0.999f,-0.0674f,-0.2728f,-0.962f,0.0138f,0.1004f,0f,0f,0f,1f],start_interpolation: 0,interpolation_duration: 1}
$data merge entity $(leftelbow) {transformation: [-0.6192f,-0.7841f,-0.0419f,1.2762f,0.0368f,0.0243f,-0.999f,-0.0629f,0.7844f,-0.6201f,0.0138f,-0.0159f,0f,0f,0f,1f],start_interpolation: 0,interpolation_duration: 1}
$data merge entity $(leftarm) {transformation: [-0.6192f,-0.7841f,-0.0419f,0.75f,0.0368f,0.0243f,-0.999f,-0.0114f,0.7844f,-0.6201f,0.0138f,-0.1548f,0f,0f,0f,1f],start_interpolation: 0,interpolation_duration: 1}
$data merge entity $(rightthumb2) {transformation: [-0.7456f,-0.192f,-0.6381f,-0.9668f,0.6504f,-0.0016f,-0.7596f,0.0688f,0.1448f,-0.9814f,0.1261f,1.0912f,0f,0f,0f,1f],start_interpolation: 0,interpolation_duration: 1}
$data merge entity $(rightthumb) {transformation: [-0.7456f,-0.192f,-0.6381f,-1.0684f,0.6504f,-0.0016f,-0.7596f,0.0035f,0.1448f,-0.9814f,0.1261f,0.8613f,0f,0f,0f,1f],start_interpolation: 0,interpolation_duration: 1}
$data merge entity $(rightpointerfinger) {transformation: [-0.7513f,-0.1684f,-0.6381f,-1.118f,0.6501f,-0.022f,-0.7596f,0.0405f,0.1139f,-0.9855f,0.1261f,1.2052f,0f,0f,0f,1f],start_interpolation: 0,interpolation_duration: 1}
$data merge entity $(rightmidfinger) {transformation: [-0.7513f,-0.1684f,-0.6381f,-1.2177f,0.6501f,-0.022f,-0.7596f,-0.0781f,0.1139f,-0.9855f,0.1261f,1.2249f,0f,0f,0f,1f],start_interpolation: 0,interpolation_duration: 1}
$data merge entity $(rightringfinger) {transformation: [-0.7513f,-0.1684f,-0.6381f,-1.3174f,0.6501f,-0.022f,-0.7596f,-0.1968f,0.1139f,-0.9855f,0.1261f,1.2446f,0f,0f,0f,1f],start_interpolation: 0,interpolation_duration: 1}
$data merge entity $(hugeasssword) {transformation: [0f,0f,0f,-1.0475f,0f,0f,0f,-0.2403f,0f,0f,0f,0.985f,0f,0f,0f,1f],start_interpolation: 0,interpolation_duration: 1}
$data merge entity $(whey) {transformation: [0f,0f,0f,-0.8116f,0f,0f,0f,-0.2452f,0f,0f,0f,1.0344f,0f,0f,0f,1f],start_interpolation: 0,interpolation_duration: 1}
$data merge entity $(ice) {transformation: [-0.7456f,-0.192f,-0.6381f,-1.0329f,0.6504f,-0.0016f,-0.7596f,-0.2505f,0.1448f,-0.9814f,0.1261f,0.998f,0f,0f,0f,1f],start_interpolation: 0,interpolation_duration: 1}
$data merge entity $(righthand1) {transformation: [-0.7456f,-0.192f,-0.6381f,-1.2872f,0.6504f,-0.0016f,-0.7596f,-0.112f,0.1448f,-0.9814f,0.1261f,0.7928f,0f,0f,0f,1f],start_interpolation: 0,interpolation_duration: 1}
$data merge entity $(rightforearm) {transformation: [-0.959f,-0.273f,0.0761f,-1.4204f,-0.0768f,-0.0081f,-0.997f,-0.0973f,0.2728f,-0.962f,-0.0132f,0.0996f,0f,0f,0f,1f],start_interpolation: 0,interpolation_duration: 1}
$data merge entity $(rightelbow) {transformation: [-0.6192f,0.7815f,0.0761f,-1.2738f,-0.0368f,0.0678f,-0.997f,-0.0846f,-0.7844f,-0.6201f,-0.0132f,-0.0167f,0f,0f,0f,1f],start_interpolation: 0,interpolation_duration: 1}
$data merge entity $(rightarm) {transformation: [-0.6192f,0.7815f,0.0761f,-0.75f,-0.0368f,0.0678f,-0.997f,-0.0114f,-0.7844f,-0.6201f,-0.0132f,-0.1548f,0f,0f,0f,1f],start_interpolation: 0,interpolation_duration: 1}
$data merge entity $(chest1) {transformation: [-1.0833f,0f,0f,-0.0023f,0f,0.3258f,1.0332f,0.0453f,0f,1.0332f,-0.3258f,-0.3407f,0f,0f,0f,1f],start_interpolation: 0,interpolation_duration: 1}
$data merge entity $(chest1lid) {transformation: [-1f,0f,0f,-0.3437f,0f,0.1104f,0.9939f,-0.5631f,0f,0.9939f,-0.1104f,-0.8686f,0f,0f,0f,1f],start_interpolation: 0,interpolation_duration: 1}
$data merge entity $(chest2) {transformation: [-1f,0f,0f,-0.3437f,0f,0.1104f,0.9939f,-0.5804f,0f,0.9939f,-0.1104f,-1.0239f,0f,0f,0f,1f],start_interpolation: 0,interpolation_duration: 1}
$data merge entity $(chest1lid3) {transformation: [-1f,0f,0f,-0.2812f,0f,0.5172f,0.8559f,0.1114f,0f,0.8559f,-0.5172f,-1.0828f,0f,0f,0f,1f],start_interpolation: 0,interpolation_duration: 1}
$data merge entity $(chest3) {transformation: [-1f,0f,0f,-0.2812f,0f,0.5172f,0.8559f,0.0306f,0f,0.8559f,-0.5172f,-1.2165f,0f,0f,0f,1f],start_interpolation: 0,interpolation_duration: 1}
$data merge entity $(hugeasssword2) {transformation: [0f,1.6553f,-3.5497f,-1.7344f,-3.7354f,1.0674f,0.4977f,0.4167f,1.1778f,3.3854f,1.5786f,-0.044f,0f,0f,0f,1f],start_interpolation: 0,interpolation_duration: 1}
$data merge entity $(belt) {transformation: [-1f,0f,0f,0.0297f,0f,0.3007f,0.9537f,-0.1993f,0f,0.9537f,-0.3007f,-0.6813f,0f,0f,0f,1f],start_interpolation: 0,interpolation_duration: 1}
$data merge entity $(torn_part) {transformation: [-1f,0f,0f,-0.0937f,0f,0f,1f,-0.2801f,0f,1f,0f,-0.9548f,0f,0f,0f,1f],start_interpolation: 0,interpolation_duration: 1}
$data merge entity $(lowerbody) {transformation: [-1f,0f,0f,0.0039f,0f,0.3007f,0.9537f,-0.561f,0f,0.9537f,-0.3007f,-1.3782f,0f,0f,0f,1f],start_interpolation: 0,interpolation_duration: 1}
$data merge entity $(leftfoot) {transformation: [-1f,0f,0f,0.2813f,0f,0.4933f,0.8698f,-1.8175f,0f,0.8698f,-0.4933f,-2.7614f,0f,0f,0f,1f],start_interpolation: 0,interpolation_duration: 1}
$data merge entity $(leftlowerleg) {transformation: [-1f,0f,0f,0.2813f,0f,0.4933f,0.8698f,-1.4039f,0f,0.8698f,-0.4933f,-1.7206f,0f,0f,0f,1f],start_interpolation: 0,interpolation_duration: 1}
$data merge entity $(leftleg) {transformation: [-1f,0f,0f,0.25f,0f,0.9639f,0.2662f,-0.3867f,0f,0.2662f,-0.9639f,-1.4126f,0f,0f,0f,1f],start_interpolation: 0,interpolation_duration: 1}
$data merge entity $(rightfoot) {transformation: [-1f,0f,0f,-0.2812f,0f,-0.9259f,0.3777f,0.7363f,0f,0.3777f,0.9259f,-3.1582f,0f,0f,0f,1f],start_interpolation: 0,interpolation_duration: 1}
$data merge entity $(rightlowerleg) {transformation: [-1f,0f,0f,-0.2812f,0f,-0.6688f,0.7435f,-0.1199f,0f,0.7435f,0.6688f,-2.4362f,0f,0f,0f,1f],start_interpolation: 0,interpolation_duration: 1}
$data merge entity $(rightleg) {transformation: [-1f,0f,0f,-0.25f,0f,-0.2358f,0.9718f,-0.3957f,0f,0.9718f,0.2358f,-1.4098f,0f,0f,0f,1f],start_interpolation: 0,interpolation_duration: 1}
data modify entity @s data merge value {"cameras":{},"locators":{"soup":{"px":0.9843620703142109,"py":-0.06300624773538101,"pz":1.0423774005054949,"ry":99.85596936929893,"rx":42.78245207194983},"lefthand":{"px":1.1262017720452693,"py":-0.17842746851842242,"pz":1.0987405828503607,"ry":102.33669327920133,"rx":-47.190767146725605},"sword":{"px":-1.04748745937823,"py":-0.24030236296632526,"pz":0.9849667542904421,"ry":258.82437097588064,"rx":-49.426174640128636},"righthand":{"px":-1.0897951310416716,"py":-0.1775976582106502,"pz":1.0249805295911874,"ry":258.82437097588064,"rx":-49.426174640128636},"chest":{"px":-0.3749999999999999,"py":-0.7253175505852376,"pz":-0.9134789149196816,"ry":0,"rx":83.66}}}