# This file was generated by Animated Java via MC-Build. It is not recommended to edit this file directly.
$data merge entity $(bone_nose) {transformation: [-0.9962f,-0.0092f,-0.0867f,0.0163f,-0.0076f,0.9998f,-0.0189f,0.3011f,0.0868f,-0.0182f,-0.9961f,0.0611f,0f,0f,0f,1f],start_interpolation: 0,interpolation_duration: 1}
$data merge entity $(bone_glowing_eye) {transformation: [-0.9962f,0f,-0.0872f,-0.1052f,-0.0076f,0.9962f,0.0868f,0.3646f,0.0868f,0.0872f,-0.9924f,0.1125f,0f,0f,0f,1f],start_interpolation: 0,interpolation_duration: 1}
$data merge entity $(bone_head) {transformation: [-0.9962f,0f,-0.0872f,0f,-0.0076f,0.9962f,0.0868f,0.1944f,0.0868f,0.0872f,-0.9924f,-0.1355f,0f,0f,0f,1f],start_interpolation: 0,interpolation_duration: 1}
$data merge entity $(bone_leftthumb2) {transformation: [-0.621f,0.4552f,0.6381f,0.7796f,-0.7063f,0.0282f,-0.7074f,0.1009f,-0.34f,-0.8899f,0.304f,0.5983f,0f,0f,0f,1f],start_interpolation: 0,interpolation_duration: 1}
$data merge entity $(bone_leftthumb) {transformation: [-0.621f,0.4552f,0.6381f,0.9458f,-0.7063f,0.0282f,-0.7074f,0.0474f,-0.34f,-0.8899f,0.304f,0.406f,0f,0f,0f,1f],start_interpolation: 0,interpolation_duration: 1}
$data merge entity $(bone_leftpointerfinger) {transformation: [-0.7101f,0.2977f,0.6381f,0.9017f,-0.6933f,-0.1375f,-0.7074f,0.09f,-0.1228f,-0.9447f,0.304f,0.752f,0f,0f,0f,1f],start_interpolation: 0,interpolation_duration: 1}
$data merge entity $(bone_leftmidfinger) {transformation: [-0.7101f,0.2977f,0.6381f,1.0014f,-0.6933f,-0.1375f,-0.7074f,-0.0205f,-0.1228f,-0.9447f,0.304f,0.7995f,0f,0f,0f,1f],start_interpolation: 0,interpolation_duration: 1}
$data merge entity $(bone_leftringfinger) {transformation: [-0.7101f,0.2977f,0.6381f,1.1011f,-0.6933f,-0.1375f,-0.7074f,-0.1311f,-0.1228f,-0.9447f,0.304f,0.847f,0f,0f,0f,1f],start_interpolation: 0,interpolation_duration: 1}
$data merge entity $(bone_invisibility) {transformation: [0.5091f,-0.596f,0.621f,0.8077f,-0.0336f,0.7071f,0.7063f,-0.025f,-0.8601f,-0.3804f,0.34f,0.5789f,0f,0f,0f,1f],start_interpolation: 0,interpolation_duration: 1}
$data merge entity $(bone_swiftness) {transformation: [0.6381f,0.4552f,0.621f,0.8334f,-0.7074f,0.0282f,0.7063f,-0.1982f,0.304f,-0.8899f,0.34f,0.7387f,0f,0f,0f,1f],start_interpolation: 0,interpolation_duration: 1}
$data merge entity $(bone_suspicious_stew) {transformation: [0.6822f,-0.386f,0.621f,0.906f,-0.2734f,0.653f,0.7063f,-0.159f,-0.6781f,-0.6516f,0.34f,0.6776f,0f,0f,0f,1f],start_interpolation: 0,interpolation_duration: 1}
$data merge entity $(bone_log) {transformation: [-0.621f,0.4552f,0.6381f,0.9346f,-0.7063f,0.0282f,-0.7074f,-0.2548f,-0.34f,-0.8899f,0.304f,0.5487f,0f,0f,0f,1f],start_interpolation: 0,interpolation_duration: 1}
$data merge entity $(bone_planks) {transformation: [-0.621f,0.4552f,0.6381f,0.8764f,-0.7063f,0.0282f,-0.7074f,-0.321f,-0.34f,-0.8899f,0.304f,0.5169f,0f,0f,0f,1f],start_interpolation: 0,interpolation_duration: 1}
$data merge entity $(bone_lefthand1) {transformation: [-0.621f,0.4552f,0.6381f,1.1837f,-0.7063f,0.0282f,-0.7074f,-0.0491f,-0.34f,-0.8899f,0.304f,0.4018f,0f,0f,0f,1f],start_interpolation: 0,interpolation_duration: 1}
$data merge entity $(bone_leftforearm) {transformation: [-0.9252f,0.3793f,0.0121f,1.3924f,-0.0016f,0.0282f,-0.9996f,-0.0138f,-0.3795f,-0.9249f,-0.0255f,-0.2719f,0f,0f,0f,1f],start_interpolation: 0,interpolation_duration: 1}
$data merge entity $(bone_leftelbow) {transformation: [-0.7045f,-0.7096f,0.0121f,1.2593f,-0.0266f,0.0093f,-0.9996f,-0.012f,0.7092f,-0.7045f,-0.0255f,-0.404f,0f,0f,0f,1f],start_interpolation: 0,interpolation_duration: 1}
$data merge entity $(bone_leftarm) {transformation: [-0.7045f,-0.7096f,0.0121f,0.75f,-0.0266f,0.0093f,-0.9996f,0.0181f,0.7092f,-0.7045f,-0.0255f,-0.6003f,0f,0f,0f,1f],start_interpolation: 0,interpolation_duration: 1}
$data merge entity $(bone_rightthumb2) {transformation: [-0.6399f,-0.4552f,-0.6191f,-0.7826f,0.6801f,0.0397f,-0.7321f,0.0681f,0.3578f,-0.8895f,0.2842f,0.6f,0f,0f,0f,1f],start_interpolation: 0,interpolation_duration: 1}
$data merge entity $(bone_rightthumb) {transformation: [-0.6399f,-0.4552f,-0.6191f,-0.9472f,0.6801f,0.0397f,-0.7321f,0.0153f,0.3578f,-0.8895f,0.2842f,0.4062f,0f,0f,0f,1f],start_interpolation: 0,interpolation_duration: 1}
$data merge entity $(bone_rightpointerfinger) {transformation: [-0.7285f,-0.2932f,-0.6191f,-0.9044f,0.6705f,-0.1201f,-0.7321f,0.0498f,0.1403f,-0.9485f,0.2842f,0.7533f,0f,0f,0f,1f],start_interpolation: 0,interpolation_duration: 1}
$data merge entity $(bone_rightmidfinger) {transformation: [-0.7285f,-0.2932f,-0.6191f,-1.0011f,0.6705f,-0.1201f,-0.7321f,-0.0646f,0.1403f,-0.9485f,0.2842f,0.7977f,0f,0f,0f,1f],start_interpolation: 0,interpolation_duration: 1}
$data merge entity $(bone_rightringfinger) {transformation: [-0.7285f,-0.2932f,-0.6191f,-1.0979f,0.6705f,-0.1201f,-0.7321f,-0.179f,0.1403f,-0.9485f,0.2842f,0.8421f,0f,0f,0f,1f],start_interpolation: 0,interpolation_duration: 1}
$data merge entity $(bone_hugeasssword) {transformation: [0f,0f,0f,-0.9064f,0f,0f,0f,-0.2332f,0f,0f,0f,0.5147f,0f,0f,0f,1f],start_interpolation: 0,interpolation_duration: 1}
$data merge entity $(bone_ice) {transformation: [-0.6399f,-0.4552f,-0.6191f,-0.8893f,0.6801f,0.0397f,-0.7321f,-0.2444f,0.3578f,-0.8895f,0.2842f,0.5231f,0f,0f,0f,1f],start_interpolation: 0,interpolation_duration: 1}
$data merge entity $(bone_righthand1) {transformation: [-0.6399f,-0.4552f,-0.6191f,-1.1824f,0.6801f,0.0397f,-0.7321f,-0.0874f,0.3578f,-0.8895f,0.2842f,0.399f,0f,0f,0f,1f],start_interpolation: 0,interpolation_duration: 1}
$data merge entity $(bone_rightforearm) {transformation: [-0.9252f,-0.3793f,0.0147f,-1.3915f,-0.0334f,0.0426f,-0.9985f,-0.0397f,0.3781f,-0.9243f,-0.0521f,-0.2737f,0f,0f,0f,1f],start_interpolation: 0,interpolation_duration: 1}
$data merge entity $(bone_rightelbow) {transformation: [-0.7045f,0.7096f,0.0147f,-1.2584f,0.0266f,0.0471f,-0.9985f,-0.0309f,-0.7092f,-0.703f,-0.0521f,-0.4055f,0f,0f,0f,1f],start_interpolation: 0,interpolation_duration: 1}
$data merge entity $(bone_rightarm) {transformation: [-0.7045f,0.7096f,0.0147f,-0.75f,0.0266f,0.0471f,-0.9985f,0.0181f,-0.7092f,-0.703f,-0.0521f,-0.6003f,0f,0f,0f,1f],start_interpolation: 0,interpolation_duration: 1}
$data merge entity $(bone_chest1) {transformation: [-1.0833f,0f,0f,-0.0023f,0f,0.3258f,1.0332f,0.0748f,0f,1.0332f,-0.3258f,-0.7862f,0f,0f,0f,1f],start_interpolation: 0,interpolation_duration: 1}
$data merge entity $(bone_chest1lid) {transformation: [-1f,0f,0f,-0.3437f,0f,0.2127f,0.9771f,-0.5176f,0f,0.9771f,-0.2127f,-1.3167f,0f,0f,0f,1f],start_interpolation: 0,interpolation_duration: 1}
$data merge entity $(bone_chest2) {transformation: [-1f,0f,0f,-0.3437f,0f,0.2127f,0.9771f,-0.5509f,0f,0.9771f,-0.2127f,-1.4694f,0f,0f,0f,1f],start_interpolation: 0,interpolation_duration: 1}
$data merge entity $(bone_chest1lid3) {transformation: [-1f,0f,0f,-0.2812f,0f,0.4439f,0.8961f,0.1295f,0f,0.8961f,-0.4439f,-1.522f,0f,0f,0f,1f],start_interpolation: 0,interpolation_duration: 1}
$data merge entity $(bone_chest3) {transformation: [-1f,0f,0f,-0.2812f,0f,0.4439f,0.8961f,0.0601f,0f,0.8961f,-0.4439f,-1.662f,0f,0f,0f,1f],start_interpolation: 0,interpolation_duration: 1}
$data merge entity $(bone_hugeasssword2) {transformation: [0f,1.6553f,-3.5497f,-1.7344f,-3.7354f,1.0674f,0.4977f,0.4462f,1.1778f,3.3854f,1.5786f,-0.4895f,0f,0f,0f,1f],start_interpolation: 0,interpolation_duration: 1}
$data merge entity $(bone_belt) {transformation: [-1f,0f,0f,0.0297f,0f,0.3007f,0.9537f,-0.1698f,0f,0.9537f,-0.3007f,-1.1268f,0f,0f,0f,1f],start_interpolation: 0,interpolation_duration: 1}
$data merge entity $(bone_torn_part) {transformation: [-1f,0f,0f,-0.0937f,0f,0f,1f,-0.2506f,0f,1f,0f,-1.4003f,0f,0f,0f,1f],start_interpolation: 0,interpolation_duration: 1}
$data merge entity $(bone_lowerbody) {transformation: [-1f,0f,0f,0.0039f,0f,0.3007f,0.9537f,-0.5315f,0f,0.9537f,-0.3007f,-1.8237f,0f,0f,0f,1f],start_interpolation: 0,interpolation_duration: 1}
$data merge entity $(bone_leftfoot) {transformation: [-1f,0f,0f,0.2813f,0f,0.6169f,0.7871f,-1.8128f,0f,0.7871f,-0.6169f,-3.0408f,0f,0f,0f,1f],start_interpolation: 0,interpolation_duration: 1}
$data merge entity $(bone_leftlowerleg) {transformation: [-1f,0f,0f,0.2813f,0f,0.4963f,0.8682f,-1.3957f,0f,0.8682f,-0.4963f,-2.0014f,0f,0f,0f,1f],start_interpolation: 0,interpolation_duration: 1}
$data merge entity $(bone_leftleg) {transformation: [-1f,0f,0f,0.25f,0f,0.9944f,0.1059f,-0.3419f,0f,0.1059f,-0.9944f,-1.863f,0f,0f,0f,1f],start_interpolation: 0,interpolation_duration: 1}
$data merge entity $(bone_rightfoot) {transformation: [-1f,0f,0f,-0.2812f,0f,-0.9651f,0.262f,0.7843f,0f,0.262f,0.9651f,-3.5123f,0f,0f,0f,1f],start_interpolation: 0,interpolation_duration: 1}
$data merge entity $(bone_rightlowerleg) {transformation: [-1f,0f,0f,-0.2812f,0f,-0.7449f,0.6672f,-0.1445f,0f,0.6672f,0.7449f,-2.8865f,0f,0f,0f,1f],start_interpolation: 0,interpolation_duration: 1}
$data merge entity $(bone_rightleg) {transformation: [-1f,0f,0f,-0.25f,0f,-0.199f,0.98f,-0.3815f,0f,0.98f,0.199f,-1.8505f,0f,0f,0f,1f],start_interpolation: 0,interpolation_duration: 1}
data modify entity @s data merge value {"cameras":{},"locators":{"lefthand":{"posx":0.9472754986479833,"posy":-0.1797463689436805,"posz":0.6453906349307856,"roty":115.47091707712082,"rotx":-45.02176134674906},"sword":{"posx":-0.9063429332013587,"posy":-0.2331706608503675,"posz":0.5147332902911581,"roty":245.34616808860267,"rotx":-47.06162222037944},"righthand":{"posx":-0.9324595453912514,"posy":-0.169871036084885,"posz":0.5660558132822225,"roty":245.34616808860264,"rotx":-47.06162222037944},"chest":{"posx":-0.37499999999999983,"posy":-0.6836111599970524,"posz":-1.344572261248457,"roty":0,"rotx":77.72000000000001}}}