# This file was generated by Animated Java via MC-Build. It is not recommended to edit this file directly.
$data merge entity $(bone_nose) {transformation: [-0.9983f,-0.0081f,-0.057f,0.0108f,-0.005f,0.9985f,-0.0539f,0.3173f,0.0573f,-0.0536f,-0.9969f,-0.1201f,0f,0f,0f,1f],start_interpolation: 0,interpolation_duration: 1}
$data merge entity $(bone_glowing_eye) {transformation: [-0.9983f,-0.0001f,-0.0576f,-0.112f,-0.005f,0.9963f,0.0859f,0.3812f,0.0573f,0.086f,-0.9946f,-0.0724f,0f,0f,0f,1f],start_interpolation: 0,interpolation_duration: 1}
$data merge entity $(bone_head) {transformation: [-0.9983f,-0.0001f,-0.0576f,0f,-0.005f,0.9963f,0.0859f,0.2104f,0.0573f,0.086f,-0.9946f,-0.317f,0f,0f,0f,1f],start_interpolation: 0,interpolation_duration: 1}
$data merge entity $(bone_leftthumb2) {transformation: [-0.4412f,0.6854f,0.5793f,0.595f,-0.7289f,0.1029f,-0.6769f,0.0769f,-0.5235f,-0.7209f,0.4542f,0.3448f,0f,0f,0f,1f],start_interpolation: 0,interpolation_duration: 1}
$data merge entity $(bone_leftthumb) {transformation: [-0.4412f,0.6854f,0.5793f,0.8126f,-0.7289f,0.1029f,-0.6769f,0.0443f,-0.5235f,-0.7209f,0.4542f,0.2068f,0f,0f,0f,1f],start_interpolation: 0,interpolation_duration: 1}
$data merge entity $(bone_leftpointerfinger) {transformation: [-0.6699f,0.4644f,0.5793f,0.6735f,-0.7127f,-0.1839f,-0.6769f,0.072f,-0.2078f,-0.8663f,0.4542f,0.5287f,0f,0f,0f,1f],start_interpolation: 0,interpolation_duration: 1}
$data merge entity $(bone_leftmidfinger) {transformation: [-0.6699f,0.4644f,0.5793f,0.764f,-0.7127f,-0.1839f,-0.6769f,-0.0338f,-0.2078f,-0.8663f,0.4542f,0.5997f,0f,0f,0f,1f],start_interpolation: 0,interpolation_duration: 1}
$data merge entity $(bone_leftringfinger) {transformation: [-0.6699f,0.4644f,0.5793f,0.8545f,-0.7127f,-0.1839f,-0.6769f,-0.1396f,-0.2078f,-0.8663f,0.4542f,0.6707f,0f,0f,0f,1f],start_interpolation: 0,interpolation_duration: 1}
$data merge entity $(bone_invisibility) {transformation: [0.7333f,-0.5173f,0.4412f,0.6373f,0.0435f,0.6833f,0.7289f,-0.0457f,-0.6785f,-0.5153f,0.5235f,0.3307f,0f,0f,0f,1f],start_interpolation: 0,interpolation_duration: 1}
$data merge entity $(bone_swiftness) {transformation: [0.5793f,0.6854f,0.4412f,0.6301f,-0.6769f,0.1029f,0.7289f,-0.2245f,0.4542f,-0.7209f,0.5235f,0.4862f,0f,0f,0f,1f],start_interpolation: 0,interpolation_duration: 1}
$data merge entity $(bone_suspicious_stew) {transformation: [0.866f,-0.2353f,0.4412f,0.7138f,-0.1928f,0.657f,0.7289f,-0.1775f,-0.4614f,-0.7163f,0.5235f,0.4497f,0f,0f,0f,1f],start_interpolation: 0,interpolation_duration: 1}
$data merge entity $(bone_log) {transformation: [-0.4412f,0.6854f,0.5793f,0.7852f,-0.7289f,0.1029f,-0.6769f,-0.2647f,-0.5235f,-0.7209f,0.4542f,0.3318f,0f,0f,0f,1f],start_interpolation: 0,interpolation_duration: 1}
$data merge entity $(bone_planks) {transformation: [-0.4412f,0.6854f,0.5793f,0.7439f,-0.7289f,0.1029f,-0.6769f,-0.333f,-0.5235f,-0.7209f,0.4542f,0.2827f,0f,0f,0f,1f],start_interpolation: 0,interpolation_duration: 1}
$data merge entity $(bone_lefthand1) {transformation: [-0.4412f,0.6854f,0.5793f,1.0488f,-0.7289f,0.1029f,-0.6769f,-0.0356f,-0.5235f,-0.7209f,0.4542f,0.2682f,0f,0f,0f,1f],start_interpolation: 0,interpolation_duration: 1}
$data merge entity $(bone_leftforearm) {transformation: [-0.8624f,0.4968f,0.0976f,1.3427f,-0.0599f,0.0914f,-0.994f,0.0405f,-0.5028f,-0.863f,-0.0491f,-0.3692f,0f,0f,0f,1f],start_interpolation: 0,interpolation_duration: 1}
$data merge entity $(bone_leftelbow) {transformation: [-0.789f,-0.6066f,0.0976f,1.2289f,-0.1073f,-0.0203f,-0.994f,0.0366f,0.6049f,-0.7948f,-0.0491f,-0.5183f,0f,0f,0f,1f],start_interpolation: 0,interpolation_duration: 1}
$data merge entity $(bone_leftarm) {transformation: [-0.789f,-0.6066f,0.0976f,0.75f,-0.1073f,-0.0203f,-0.994f,0.0341f,0.6049f,-0.7948f,-0.0491f,-0.7818f,0f,0f,0f,1f],start_interpolation: 0,interpolation_duration: 1}
$data merge entity $(bone_rightthumb2) {transformation: [-0.4533f,-0.685f,-0.5703f,-0.5985f,0.7119f,0.1067f,-0.6941f,0.0574f,0.5363f,-0.7207f,0.4394f,0.3459f,0f,0f,0f,1f],start_interpolation: 0,interpolation_duration: 1}
$data merge entity $(bone_rightthumb) {transformation: [-0.4533f,-0.685f,-0.5703f,-0.8152f,0.7119f,0.1067f,-0.6941f,0.0242f,0.5363f,-0.7207f,0.4394f,0.2067f,0f,0f,0f,1f],start_interpolation: 0,interpolation_duration: 1}
$data merge entity $(bone_rightpointerfinger) {transformation: [-0.681f,-0.4594f,-0.5703f,-0.6773f,0.6986f,-0.1739f,-0.6941f,0.0477f,0.2197f,-0.871f,0.4394f,0.5294f,0f,0f,0f,1f],start_interpolation: 0,interpolation_duration: 1}
$data merge entity $(bone_rightmidfinger) {transformation: [-0.681f,-0.4594f,-0.5703f,-0.7664f,0.6986f,-0.1739f,-0.6941f,-0.0608f,0.2197f,-0.871f,0.4394f,0.5981f,0f,0f,0f,1f],start_interpolation: 0,interpolation_duration: 1}
$data merge entity $(bone_rightringfinger) {transformation: [-0.681f,-0.4594f,-0.5703f,-0.8556f,0.6986f,-0.1739f,-0.6941f,-0.1692f,0.2197f,-0.871f,0.4394f,0.6667f,0f,0f,0f,1f],start_interpolation: 0,interpolation_duration: 1}
$data merge entity $(bone_hugeasssword) {transformation: [0f,0f,0f,-0.7657f,0f,0f,0f,-0.2305f,0f,0f,0f,0.2953f,0f,0f,0f,1f],start_interpolation: 0,interpolation_duration: 1}
$data merge entity $(bone_ice) {transformation: [-0.4533f,-0.685f,-0.5703f,-0.7479f,0.7119f,0.1067f,-0.6941f,-0.2433f,0.5363f,-0.7207f,0.4394f,0.2982f,0f,0f,0f,1f],start_interpolation: 0,interpolation_duration: 1}
$data merge entity $(bone_righthand1) {transformation: [-0.4533f,-0.685f,-0.5703f,-1.0503f,0.7119f,0.1067f,-0.6941f,-0.0603f,0.5363f,-0.7207f,0.4394f,0.2659f,0f,0f,0f,1f],start_interpolation: 0,interpolation_duration: 1}
$data merge entity $(bone_rightforearm) {transformation: [-0.8644f,-0.496f,-0.0827f,-1.3437f,0.0373f,0.1007f,-0.9942f,0.0237f,0.5014f,-0.8625f,-0.0685f,-0.3708f,0f,0f,0f,1f],start_interpolation: 0,interpolation_duration: 1}
$data merge entity $(bone_rightelbow) {transformation: [-0.789f,0.6088f,-0.0827f,-1.2296f,0.1073f,0.0041f,-0.9942f,0.0244f,-0.6049f,-0.7933f,-0.0685f,-0.5196f,0f,0f,0f,1f],start_interpolation: 0,interpolation_duration: 1}
$data merge entity $(bone_rightarm) {transformation: [-0.789f,0.6088f,-0.0827f,-0.75f,0.1073f,0.0041f,-0.9942f,0.0341f,-0.6049f,-0.7933f,-0.0685f,-0.7818f,0f,0f,0f,1f],start_interpolation: 0,interpolation_duration: 1}
$data merge entity $(bone_chest1) {transformation: [-1.0833f,0f,0f,-0.0023f,0f,0.3258f,1.0332f,0.0908f,0f,1.0332f,-0.3258f,-0.9677f,0f,0f,0f,1f],start_interpolation: 0,interpolation_duration: 1}
$data merge entity $(bone_chest1lid) {transformation: [-1f,0f,0f,-0.3437f,0f,0.3007f,0.9537f,-0.4879f,0f,0.9537f,-0.3007f,-1.5019f,0f,0f,0f,1f],start_interpolation: 0,interpolation_duration: 1}
$data merge entity $(bone_chest2) {transformation: [-1f,0f,0f,-0.3437f,0f,0.3007f,0.9537f,-0.5349f,0f,0.9537f,-0.3007f,-1.6509f,0f,0f,0f,1f],start_interpolation: 0,interpolation_duration: 1}
$data merge entity $(bone_chest1lid3) {transformation: [-1f,0f,0f,-0.2812f,0f,0.374f,0.9274f,0.1345f,0f,0.9274f,-0.374f,-1.6986f,0f,0f,0f,1f],start_interpolation: 0,interpolation_duration: 1}
$data merge entity $(bone_chest3) {transformation: [-1f,0f,0f,-0.2812f,0f,0.374f,0.9274f,0.0761f,0f,0.9274f,-0.374f,-1.8435f,0f,0f,0f,1f],start_interpolation: 0,interpolation_duration: 1}
$data merge entity $(bone_hugeasssword2) {transformation: [0f,1.6553f,-3.5497f,-1.7344f,-3.7354f,1.0674f,0.4977f,0.4622f,1.1778f,3.3854f,1.5786f,-0.671f,0f,0f,0f,1f],start_interpolation: 0,interpolation_duration: 1}
$data merge entity $(bone_belt) {transformation: [-1f,0f,0f,0.0297f,0f,0.3007f,0.9537f,-0.1538f,0f,0.9537f,-0.3007f,-1.3083f,0f,0f,0f,1f],start_interpolation: 0,interpolation_duration: 1}
$data merge entity $(bone_torn_part) {transformation: [-1f,0f,0f,-0.0937f,0f,0f,1f,-0.2346f,0f,1f,0f,-1.5818f,0f,0f,0f,1f],start_interpolation: 0,interpolation_duration: 1}
$data merge entity $(bone_lowerbody) {transformation: [-1f,0f,0f,0.0039f,0f,0.3007f,0.9537f,-0.5155f,0f,0.9537f,-0.3007f,-2.0052f,0f,0f,0f,1f],start_interpolation: 0,interpolation_duration: 1}
$data merge entity $(bone_leftfoot) {transformation: [-1f,0f,0f,0.2813f,0f,0.6539f,0.7566f,-1.6389f,0f,0.7566f,-0.6539f,-3.2539f,0f,0f,0f,1f],start_interpolation: 0,interpolation_duration: 1}
$data merge entity $(bone_leftlowerleg) {transformation: [-1f,0f,0f,0.2813f,0f,0.3692f,0.9293f,-1.3721f,0f,0.9293f,-0.3692f,-2.1662f,0f,0f,0f,1f],start_interpolation: 0,interpolation_duration: 1}
$data merge entity $(bone_leftleg) {transformation: [-1f,0f,0f,0.25f,0f,0.9962f,0.0872f,-0.3159f,0f,0.0872f,-0.9962f,-2.0476f,0f,0f,0f,1f],start_interpolation: 0,interpolation_duration: 1}
$data merge entity $(bone_rightfoot) {transformation: [-1f,0f,0f,-0.2812f,0f,-0.9537f,0.3007f,0.6916f,0f,0.3007f,0.9537f,-3.6804f,0f,0f,0f,1f],start_interpolation: 0,interpolation_duration: 1}
$data merge entity $(bone_rightlowerleg) {transformation: [-1f,0f,0f,-0.2812f,0f,-0.766f,0.6428f,-0.257f,0f,0.6428f,0.766f,-3.085f,0f,0f,0f,1f],start_interpolation: 0,interpolation_duration: 1}
$data merge entity $(bone_rightleg) {transformation: [-1f,0f,0f,-0.25f,0f,-0.0872f,0.9962f,-0.3755f,0f,0.9962f,0.0872f,-2.0288f,0f,0f,0f,1f],start_interpolation: 0,interpolation_duration: 1}
data modify entity @s data merge value {"cameras":{},"locators":{"lefthand":{"posx":0.7639914712505986,"posy":-0.19379426751801107,"posz":0.43007169205419327,"roty":128.09685210346836,"rotx":-42.601870261558965},"sword":{"posx":-0.7656731478031727,"posy":-0.23048243751660577,"posz":0.2953232937281216,"roty":232.3874482292539,"rotx":-43.954446595314806},"righthand":{"posx":-0.7707926112758452,"posy":-0.16737581567878276,"posz":0.3528929616780626,"roty":232.3874482292539,"rotx":-43.95444659531483},"chest":{"posx":-0.3749999999999998,"posy":-0.6557029078938339,"posz":-1.5145137106282736,"roty":0,"rotx":72.49999999999999}}}