# This file was generated by Animated Java via MC-Build. It is not recommended to edit this file directly.
$data merge entity $(nose) {transformation: [-0.9985f,0.0094f,0.0533f,-0.0101f,0.0046f,0.996f,-0.0894f,0.3106f,-0.0539f,-0.0891f,-0.9946f,0.3382f,0f,0f,0f,1f],start_interpolation: 0,interpolation_duration: 1}
$data merge entity $(glowing_eye) {transformation: [-0.9985f,0f,0.0541f,-0.1368f,0.0046f,0.9964f,0.0849f,0.3757f,-0.0539f,0.085f,-0.9949f,0.3719f,0f,0f,0f,1f],start_interpolation: 0,interpolation_duration: 1}
$data merge entity $(head) {transformation: [-0.9985f,0f,0.0541f,0f,0.0046f,0.9964f,0.0849f,0.2034f,-0.0539f,0.085f,-0.9949f,0.1414f,0f,0f,0f,1f],start_interpolation: 0,interpolation_duration: 1}
$data merge entity $(leftthumb2) {transformation: [-0.187f,0.8599f,0.4749f,0.4203f,-0.722f,0.2075f,-0.66f,0.0121f,-0.6661f,-0.4663f,0.5821f,0.695f,0f,0f,0f,1f],start_interpolation: 0,interpolation_duration: 1}
$data merge entity $(leftthumb) {transformation: [-0.187f,0.8599f,0.4749f,0.6718f,-0.722f,0.2075f,-0.66f,0.0066f,-0.6661f,-0.4663f,0.5821f,0.6304f,0f,0f,0f,1f],start_interpolation: 0,interpolation_duration: 1}
$data merge entity $(leftpointerfinger) {transformation: [-0.6765f,0.5629f,0.4749f,0.4462f,-0.6969f,-0.2806f,-0.66f,0.0094f,-0.2383f,-0.7774f,0.5821f,0.8982f,0f,0f,0f,1f],start_interpolation: 0,interpolation_duration: 1}
$data merge entity $(leftmidfinger) {transformation: [-0.6765f,0.5629f,0.4749f,0.5205f,-0.6969f,-0.2806f,-0.66f,-0.0937f,-0.2383f,-0.7774f,0.5821f,0.9891f,0f,0f,0f,1f],start_interpolation: 0,interpolation_duration: 1}
$data merge entity $(leftringfinger) {transformation: [-0.6765f,0.5629f,0.4749f,0.5947f,-0.6969f,-0.2806f,-0.66f,-0.1968f,-0.2383f,-0.7774f,0.5821f,1.0801f,0f,0f,0f,1f],start_interpolation: 0,interpolation_duration: 1}
$data merge entity $(invisibility) {transformation: [0.8981f,-0.3982f,0.187f,0.4765f,0.1492f,0.6756f,0.722f,-0.1055f,-0.4138f,-0.6205f,0.6661f,0.6895f,0f,0f,0f,1f],start_interpolation: 0,interpolation_duration: 1}
$data merge entity $(swiftness) {transformation: [0.4749f,0.8599f,0.187f,0.4393f,-0.66f,0.2075f,0.722f,-0.295f,0.5821f,-0.4663f,0.6661f,0.8271f,0f,0f,0f,1f],start_interpolation: 0,interpolation_duration: 1}
$data merge entity $(suspicious_stew) {transformation: [0.9801f,-0.067f,0.187f,0.5252f,-0.0909f,0.6859f,0.722f,-0.239f,-0.1766f,-0.7246f,0.6661f,0.8205f,0f,0f,0f,1f],start_interpolation: 0,interpolation_duration: 1}
$data merge entity $(log) {transformation: [-0.187f,0.8599f,0.4749f,0.6374f,-0.722f,0.2075f,-0.66f,-0.3117f,-0.6661f,-0.4663f,0.5821f,0.727f,0f,0f,0f,1f],start_interpolation: 0,interpolation_duration: 1}
$data merge entity $(planks) {transformation: [-0.187f,0.8599f,0.4749f,0.6199f,-0.722f,0.2075f,-0.66f,-0.3794f,-0.6661f,-0.4663f,0.5821f,0.6646f,0f,0f,0f,1f],start_interpolation: 0,interpolation_duration: 1}
$data merge entity $(lefthand1) {transformation: [-0.187f,0.8599f,0.4749f,0.8843f,-0.722f,0.2075f,-0.66f,-0.0587f,-0.6661f,-0.4663f,0.5821f,0.7588f,0f,0f,0f,1f],start_interpolation: 0,interpolation_duration: 1}
$data merge entity $(leftforearm) {transformation: [-0.7615f,0.6154f,0.2036f,1.2662f,-0.1199f,0.1749f,-0.9772f,0.0721f,-0.637f,-0.7686f,-0.0594f,0.1795f,0f,0f,0f,1f],start_interpolation: 0,interpolation_duration: 1}
$data merge entity $(leftelbow) {transformation: [-0.8599f,-0.468f,0.2036f,1.1785f,-0.2075f,-0.0438f,-0.9772f,0.0639f,0.4663f,-0.8826f,-0.0594f,0.014f,0f,0f,0f,1f],start_interpolation: 0,interpolation_duration: 1}
$data merge entity $(leftarm) {transformation: [-0.8599f,-0.468f,0.2036f,0.75f,-0.2075f,-0.0438f,-0.9772f,0.0271f,0.4663f,-0.8826f,-0.0594f,-0.3234f,0f,0f,0f,1f],start_interpolation: 0,interpolation_duration: 1}
$data merge entity $(rightthumb2) {transformation: [-0.187f,-0.8599f,-0.4749f,-0.4203f,0.722f,0.2075f,-0.66f,0.0121f,0.6661f,-0.4663f,0.5821f,0.695f,0f,0f,0f,1f],start_interpolation: 0,interpolation_duration: 1}
$data merge entity $(rightthumb) {transformation: [-0.187f,-0.8599f,-0.4749f,-0.6718f,0.722f,0.2075f,-0.66f,0.0066f,0.6661f,-0.4663f,0.5821f,0.6304f,0f,0f,0f,1f],start_interpolation: 0,interpolation_duration: 1}
$data merge entity $(rightpointerfinger) {transformation: [-0.6765f,-0.5629f,-0.4749f,-0.4462f,0.6969f,-0.2806f,-0.66f,0.0094f,0.2383f,-0.7774f,0.5821f,0.8982f,0f,0f,0f,1f],start_interpolation: 0,interpolation_duration: 1}
$data merge entity $(rightmidfinger) {transformation: [-0.6765f,-0.5629f,-0.4749f,-0.5205f,0.6969f,-0.2806f,-0.66f,-0.0937f,0.2383f,-0.7774f,0.5821f,0.9891f,0f,0f,0f,1f],start_interpolation: 0,interpolation_duration: 1}
$data merge entity $(rightringfinger) {transformation: [-0.6765f,-0.5629f,-0.4749f,-0.5947f,0.6969f,-0.2806f,-0.66f,-0.1968f,0.2383f,-0.7774f,0.5821f,1.0801f,0f,0f,0f,1f],start_interpolation: 0,interpolation_duration: 1}
$data merge entity $(hugeasssword) {transformation: [0f,0f,0f,-0.6241f,0f,0f,0f,-0.2559f,0f,0f,0f,0.6938f,0f,0f,0f,1f],start_interpolation: 0,interpolation_duration: 1}
$data merge entity $(whey) {transformation: [0f,0f,0f,-0.4446f,0f,0f,0f,-0.3066f,0f,0f,0f,0.5411f,0f,0f,0f,1f],start_interpolation: 0,interpolation_duration: 1}
$data merge entity $(ice) {transformation: [-0.187f,-0.8599f,-0.4749f,-0.6078f,0.722f,0.2075f,-0.66f,-0.2704f,0.6661f,-0.4663f,0.5821f,0.6907f,0f,0f,0f,1f],start_interpolation: 0,interpolation_duration: 1}
$data merge entity $(righthand1) {transformation: [-0.187f,-0.8599f,-0.4749f,-0.8843f,0.722f,0.2075f,-0.66f,-0.0587f,0.6661f,-0.4663f,0.5821f,0.7588f,0f,0f,0f,1f],start_interpolation: 0,interpolation_duration: 1}
$data merge entity $(rightforearm) {transformation: [-0.7615f,-0.6154f,-0.2036f,-1.2662f,0.1199f,0.1749f,-0.9772f,0.0721f,0.637f,-0.7686f,-0.0594f,0.1795f,0f,0f,0f,1f],start_interpolation: 0,interpolation_duration: 1}
$data merge entity $(rightelbow) {transformation: [-0.8599f,0.468f,-0.2036f,-1.1785f,0.2075f,-0.0438f,-0.9772f,0.0639f,-0.4663f,-0.8826f,-0.0594f,0.014f,0f,0f,0f,1f],start_interpolation: 0,interpolation_duration: 1}
$data merge entity $(rightarm) {transformation: [-0.8599f,0.468f,-0.2036f,-0.75f,0.2075f,-0.0438f,-0.9772f,0.0271f,-0.4663f,-0.8826f,-0.0594f,-0.3234f,0f,0f,0f,1f],start_interpolation: 0,interpolation_duration: 1}
$data merge entity $(chest1) {transformation: [-1.0833f,0f,0f,-0.0023f,0f,0.3258f,1.0332f,0.0839f,0f,1.0332f,-0.3258f,-0.5094f,0f,0f,0f,1f],start_interpolation: 0,interpolation_duration: 1}
$data merge entity $(chest1lid) {transformation: [-1f,0f,0f,-0.3437f,0f,0.4796f,0.8775f,-0.4669f,0f,0.8775f,-0.4796f,-1.0555f,0f,0f,0f,1f],start_interpolation: 0,interpolation_duration: 1}
$data merge entity $(chest2) {transformation: [-1f,0f,0f,-0.3437f,0f,0.4796f,0.8775f,-0.5418f,0f,0.8775f,-0.4796f,-1.1926f,0f,0f,0f,1f],start_interpolation: 0,interpolation_duration: 1}
$data merge entity $(chest1lid3) {transformation: [-1f,0f,0f,-0.2812f,0f,0.3007f,0.9537f,0.1161f,0f,0.9537f,-0.3007f,-1.2362f,0f,0f,0f,1f],start_interpolation: 0,interpolation_duration: 1}
$data merge entity $(chest3) {transformation: [-1f,0f,0f,-0.2812f,0f,0.3007f,0.9537f,0.0692f,0f,0.9537f,-0.3007f,-1.3852f,0f,0f,0f,1f],start_interpolation: 0,interpolation_duration: 1}
$data merge entity $(hugeasssword2) {transformation: [0f,1.6553f,-3.5497f,-1.7344f,-3.7354f,1.0674f,0.4977f,0.4552f,1.1778f,3.3854f,1.5786f,-0.2127f,0f,0f,0f,1f],start_interpolation: 0,interpolation_duration: 1}
$data merge entity $(belt) {transformation: [-1f,0f,0f,0.0297f,0f,0.3007f,0.9537f,-0.1607f,0f,0.9537f,-0.3007f,-0.8499f,0f,0f,0f,1f],start_interpolation: 0,interpolation_duration: 1}
$data merge entity $(torn_part) {transformation: [-1f,0f,0f,-0.0937f,0f,0f,1f,-0.2415f,0f,1f,0f,-1.1234f,0f,0f,0f,1f],start_interpolation: 0,interpolation_duration: 1}
$data merge entity $(lowerbody) {transformation: [-1f,0f,0f,0.0039f,0f,0.3007f,0.9537f,-0.5224f,0f,0.9537f,-0.3007f,-1.5468f,0f,0f,0f,1f],start_interpolation: 0,interpolation_duration: 1}
$data merge entity $(leftfoot) {transformation: [-1f,0f,0f,0.2813f,0f,-0.2164f,0.9763f,-0.3998f,0f,0.9763f,0.2164f,-3.3795f,0f,0f,0f,1f],start_interpolation: 0,interpolation_duration: 1}
$data merge entity $(leftlowerleg) {transformation: [-1f,0f,0f,0.2813f,0f,-0.3961f,0.9182f,-0.9803f,0f,0.9182f,0.3961f,-2.4217f,0f,0f,0f,1f],start_interpolation: 0,interpolation_duration: 1}
$data merge entity $(leftleg) {transformation: [-1f,0f,0f,0.25f,0f,0.6428f,0.766f,-0.3173f,0f,0.766f,-0.6428f,-1.591f,0f,0f,0f,1f],start_interpolation: 0,interpolation_duration: 1}
$data merge entity $(rightfoot) {transformation: [-1f,0f,0f,-0.2812f,0f,-0.1683f,0.9857f,-0.5582f,0f,0.9857f,0.1683f,-3.351f,0f,0f,0f,1f],start_interpolation: 0,interpolation_duration: 1}
$data merge entity $(rightlowerleg) {transformation: [-1f,0f,0f,-0.2812f,0f,-0.3505f,0.9365f,-1.091f,0f,0.9365f,0.3505f,-2.3659f,0f,0f,0f,1f],start_interpolation: 0,interpolation_duration: 1}
$data merge entity $(rightleg) {transformation: [-1f,0f,0f,-0.25f,0f,0.6796f,0.7336f,-0.388f,0f,0.7336f,-0.6796f,-1.5687f,0f,0f,0f,1f],start_interpolation: 0,interpolation_duration: 1}
data modify entity @s data merge value {"cameras":{},"locators":{"soup":{"px":0.5078598661519401,"py":-0.14367282384365415,"pz":0.6751231747624614,"ry":164.3209738398058,"rx":46.22094502597066},"lefthand":{"px":0.580367227308443,"py":-0.24989515270882062,"pz":0.8168160360746131,"ry":140.78988583603268,"rx":-41.30183557159593},"sword":{"px":-0.6240998564783928,"py":-0.255884144200935,"pz":0.6937521288376104,"ry":219.21011416396732,"rx":-41.301835571595944},"righthand":{"px":-0.6044316612946838,"py":-0.19567378252408474,"pz":0.7512916434241524,"ry":219.21011416396732,"rx":-41.30183557159595},"chest":{"px":-0.37499999999999983,"py":-0.6339631535837741,"pz":-1.0353735378463198,"ry":0,"rx":61.34}}}