# This file was generated by Animated Java via MC-Build. It is not recommended to edit this file directly.
$data merge entity $(bone_nose) {transformation: [-0.9886f,-0.0592f,0.1381f,-0.277f,-0.0468f,0.9947f,0.091f,4.4414f,-0.1428f,0.0835f,-0.9862f,1.4728f,0f,0f,0f,1f],start_interpolation: 0,interpolation_duration: 1}
$data merge entity $(bone_glowing_eye) {transformation: [-0.9886f,-0.0592f,0.1381f,-0.4094f,-0.0468f,0.9947f,0.091f,4.4997f,-0.1428f,0.0835f,-0.9862f,1.495f,0f,0f,0f,1f],start_interpolation: 0,interpolation_duration: 1}
$data merge entity $(bone_head) {transformation: [-0.9886f,-0.0592f,0.1381f,-0.2439f,-0.0468f,0.9947f,0.091f,4.3356f,-0.1428f,0.0835f,-0.9862f,1.2778f,0f,0f,0f,1f],start_interpolation: 0,interpolation_duration: 1}
$data merge entity $(bone_leftthumb2) {transformation: [-0.1554f,0.0611f,0.986f,0.0991f,-0.9679f,-0.2091f,-0.1396f,3.9915f,0.1976f,-0.976f,0.0916f,3.5442f,0f,0f,0f,1f],start_interpolation: 0,interpolation_duration: 1}
$data merge entity $(bone_leftthumb) {transformation: [-0.1554f,0.0611f,0.986f,0.1984f,-0.9679f,-0.2091f,-0.1396f,3.9283f,0.1976f,-0.976f,0.0916f,3.3127f,0f,0f,0f,1f],start_interpolation: 0,interpolation_duration: 1}
$data merge entity $(bone_leftpointerfinger) {transformation: [-0.1554f,0.0611f,0.986f,0.2415f,-0.9679f,-0.2091f,-0.1396f,4.0962f,0.1976f,-0.976f,0.0916f,3.6156f,0f,0f,0f,1f],start_interpolation: 0,interpolation_duration: 1}
$data merge entity $(bone_leftmidfinger) {transformation: [-0.1554f,0.0611f,0.986f,0.3956f,-0.9679f,-0.2091f,-0.1396f,4.0744f,0.1976f,-0.976f,0.0916f,3.6299f,0f,0f,0f,1f],start_interpolation: 0,interpolation_duration: 1}
$data merge entity $(bone_leftringfinger) {transformation: [-0.1554f,0.0611f,0.986f,0.5497f,-0.9679f,-0.2091f,-0.1396f,4.0526f,0.1976f,-0.976f,0.0916f,3.6442f,0f,0f,0f,1f],start_interpolation: 0,interpolation_duration: 1}
$data merge entity $(bone_invisibility) {transformation: [0.1468f,-0.9769f,0.1554f,0.1883f,-0.2205f,0.1208f,0.9679f,3.8962f,-0.9643f,-0.1763f,-0.1976f,3.543f,0f,0f,0f,1f],start_interpolation: 0,interpolation_duration: 1}
$data merge entity $(bone_swiftness) {transformation: [0.986f,0.0611f,0.1554f,0.3568f,-0.1396f,-0.2091f,0.9679f,3.848f,0.0916f,-0.976f,-0.1976f,3.7027f,0f,0f,0f,1f],start_interpolation: 0,interpolation_duration: 1}
$data merge entity $(bone_suspicious_stew) {transformation: [0.472f,-0.8678f,0.1554f,0.3703f,-0.2485f,0.0381f,0.9679f,3.8798f,-0.8458f,-0.4955f,-0.1976f,3.606f,0f,0f,0f,1f],start_interpolation: 0,interpolation_duration: 1}
$data merge entity $(bone_log) {transformation: [-0.1554f,0.0611f,0.986f,0.4096f,-0.9679f,-0.2091f,-0.1396f,3.7564f,0.1976f,-0.976f,0.0916f,3.5068f,0f,0f,0f,1f],start_interpolation: 0,interpolation_duration: 1}
$data merge entity $(bone_planks) {transformation: [-0.1554f,0.0611f,0.986f,0.395f,-0.9679f,-0.2091f,-0.1396f,3.6657f,0.1976f,-0.976f,0.0916f,3.5253f,0f,0f,0f,1f],start_interpolation: 0,interpolation_duration: 1}
$data merge entity $(bone_lefthand1) {transformation: [-0.1554f,0.0611f,0.986f,0.4329f,-0.9679f,-0.2091f,-0.1396f,3.9505f,0.1976f,-0.976f,0.0916f,3.2105f,0f,0f,0f,1f],start_interpolation: 0,interpolation_duration: 1}
$data merge entity $(bone_leftforearm) {transformation: [-0.9787f,0.0611f,0.1959f,0.4116f,-0.2045f,-0.2091f,-0.9563f,3.8056f,-0.0174f,-0.976f,0.2171f,2.5198f,0f,0f,0f,1f],start_interpolation: 0,interpolation_duration: 1}
$data merge entity $(bone_leftelbow) {transformation: [-0.9966f,0.0513f,0.064f,0.4212f,-0.0661f,-0.0396f,-0.997f,3.7982f,-0.0487f,-0.9979f,0.0429f,2.3327f,0f,0f,0f,1f],start_interpolation: 0,interpolation_duration: 1}
$data merge entity $(bone_leftarm) {transformation: [-0.9966f,0.0513f,0.064f,0.2269f,-0.0661f,-0.0396f,-0.997f,3.7951f,-0.0487f,-0.9979f,0.0429f,1.8218f,0f,0f,0f,1f],start_interpolation: 0,interpolation_duration: 1}
$data merge entity $(bone_rightthumb2) {transformation: [0.1167f,0.9836f,-0.1376f,-1.0657f,0.2656f,0.1026f,0.9586f,4.671f,0.957f,-0.1484f,-0.2493f,-0.1775f,0f,0f,0f,1f],start_interpolation: 0,interpolation_duration: 1}
$data merge entity $(bone_rightthumb) {transformation: [0.1167f,0.9836f,-0.1376f,-0.8362f,0.2656f,0.1026f,0.9586f,4.7781f,0.957f,-0.1484f,-0.2493f,-0.2352f,0f,0f,0f,1f],start_interpolation: 0,interpolation_duration: 1}
$data merge entity $(bone_rightpointerfinger) {transformation: [0.1245f,0.9633f,-0.238f,-0.8553f,0.9334f,-0.195f,-0.3011f,5.0933f,-0.3364f,-0.1847f,-0.9234f,-0.3838f,0f,0f,0f,1f],start_interpolation: 0,interpolation_duration: 1}
$data merge entity $(bone_rightmidfinger) {transformation: [0.0269f,0.9709f,-0.238f,-0.8924f,0.9483f,-0.1f,-0.3011f,5.0463f,-0.3161f,-0.2176f,-0.9234f,-0.5281f,0f,0f,0f,1f],start_interpolation: 0,interpolation_duration: 1}
$data merge entity $(bone_rightringfinger) {transformation: [0.073f,0.9685f,-0.238f,-0.9296f,0.9425f,-0.145f,-0.3011f,4.9992f,-0.3261f,-0.2023f,-0.9234f,-0.6724f,0f,0f,0f,1f],start_interpolation: 0,interpolation_duration: 1}
$data merge entity $(bone_hugeasssword) {transformation: [3.5797f,1.2873f,-0.9321f,-1.0647f,0.9882f,-3.6018f,-1.1793f,4.7972f,-1.2448f,0.8426f,-3.6167f,-0.3856f,0f,0f,0f,1f],start_interpolation: 0,interpolation_duration: 1}
$data merge entity $(bone_ice) {transformation: [1.371f,0.493f,-0.357f,-1.0841f,0.3785f,-1.3794f,-0.4516f,4.8076f,-0.4767f,0.3227f,-1.3851f,-0.384f,0f,0f,0f,1f],start_interpolation: 0,interpolation_duration: 1}
$data merge entity $(bone_righthand1) {transformation: [0.914f,0.3287f,-0.238f,-0.7809f,0.2523f,-0.9196f,-0.3011f,4.6314f,-0.3178f,0.2151f,-0.9234f,-0.4385f,0f,0f,0f,1f],start_interpolation: 0,interpolation_duration: 1}
$data merge entity $(bone_rightforearm) {transformation: [0.9591f,0.2783f,0.0516f,-0.646f,0.2717f,-0.8544f,-0.443f,4.0206f,-0.0792f,0.4389f,-0.895f,-0.111f,0f,0f,0f,1f],start_interpolation: 0,interpolation_duration: 1}
$data merge entity $(bone_rightelbow) {transformation: [0.8497f,0.4075f,0.3346f,-0.5696f,0.4616f,-0.2683f,-0.8455f,3.9703f,-0.2548f,0.8729f,-0.4161f,0.0527f,0f,0f,0f,1f],start_interpolation: 0,interpolation_duration: 1}
$data merge entity $(bone_rightarm) {transformation: [0.8497f,0.2881f,0.4416f,-0.6253f,0.4616f,-0.0017f,-0.8871f,3.8962f,-0.2548f,0.9576f,-0.1344f,0.5914f,0f,0f,0f,1f],start_interpolation: 0,interpolation_duration: 1}
$data merge entity $(bone_chest1) {transformation: [-0.6154f,-0.1478f,0.8792f,-0.0893f,0.073f,1.0564f,0.2286f,3.7127f,-0.8886f,0.1891f,-0.5902f,1.1168f,0f,0f,0f,1f],start_interpolation: 0,interpolation_duration: 1}
$data merge entity $(bone_chest1lid) {transformation: [-0.5681f,-0.1364f,0.8116f,-0.5077f,0.0674f,0.9752f,0.211f,2.9866f,-0.8202f,0.1746f,-0.5448f,0.9306f,0f,0f,0f,1f],start_interpolation: 0,interpolation_duration: 1}
$data merge entity $(bone_chest2) {transformation: [-0.5681f,-0.1364f,0.8116f,-0.4863f,0.0674f,0.9751f,0.211f,2.8343f,-0.8202f,0.1746f,-0.5448f,0.9033f,0f,0f,0f,1f],start_interpolation: 0,interpolation_duration: 1}
$data merge entity $(bone_chest1lid3) {transformation: [-0.5681f,-0.1364f,0.8116f,0.0478f,0.0674f,0.9751f,0.211f,3.1176f,-0.8202f,0.1746f,-0.5448f,0.6328f,0f,0f,0f,1f],start_interpolation: 0,interpolation_duration: 1}
$data merge entity $(bone_chest3) {transformation: [-0.5681f,-0.1364f,0.8116f,0.0691f,0.0674f,0.9751f,0.211f,2.9653f,-0.8202f,0.1746f,-0.5448f,0.6056f,0f,0f,0f,1f],start_interpolation: 0,interpolation_duration: 1}
$data merge entity $(bone_hugeasssword2) {transformation: [-3.1787f,1.2795f,-1.897f,-0.7325f,-0.8266f,2.3857f,2.9942f,4.9831f,2.1337f,2.8305f,-1.6662f,0.1645f,0f,0f,0f,1f],start_interpolation: 0,interpolation_duration: 1}
$data merge entity $(bone_belt) {transformation: [-0.5681f,-0.1364f,0.8116f,-0.123f,0.0674f,0.9751f,0.211f,3.2945f,-0.8202f,0.1746f,-0.5448f,1.1448f,0f,0f,0f,1f],start_interpolation: 0,interpolation_duration: 1}
$data merge entity $(bone_torn_part) {transformation: [-0.5681f,-0.3405f,0.7492f,-0.1557f,0.0674f,0.8881f,0.4547f,3.0281f,-0.8202f,0.3088f,-0.4815f,0.995f,0f,0f,0f,1f],start_interpolation: 0,interpolation_duration: 1}
$data merge entity $(bone_lowerbody) {transformation: [-0.5681f,-0.0995f,0.8169f,-0.1665f,0.0674f,0.9837f,0.1667f,2.5178f,-0.8202f,0.1497f,-0.5521f,1.0796f,0f,0f,0f,1f],start_interpolation: 0,interpolation_duration: 1}
$data merge entity $(bone_leftfoot) {transformation: [-0.9218f,-0.0855f,0.3781f,0.2471f,-0.0762f,0.9963f,0.0396f,0.4592f,-0.38f,0.0077f,-0.9249f,1.2988f,0f,0f,0f,1f],start_interpolation: 0,interpolation_duration: 1}
$data merge entity $(bone_leftlowerleg) {transformation: [-0.9218f,-0.0855f,0.3781f,0.0941f,-0.0762f,0.9963f,0.0396f,1.5584f,-0.38f,0.0077f,-0.9249f,1.4494f,0f,0f,0f,1f],start_interpolation: 0,interpolation_duration: 1}
$data merge entity $(bone_leftleg) {transformation: [-0.9218f,0.0723f,0.3808f,0.1322f,-0.0762f,0.9294f,-0.361f,2.5529f,-0.38f,-0.3618f,-0.8513f,1.0753f,0f,0f,0f,1f],start_interpolation: 0,interpolation_duration: 1}
$data merge entity $(bone_rightfoot) {transformation: [-0.6296f,-0.0859f,0.7721f,-0.3606f,0.1744f,0.9529f,0.2482f,0.5118f,-0.7571f,0.2909f,-0.585f,0.3503f,0f,0f,0f,1f],start_interpolation: 0,interpolation_duration: 1}
$data merge entity $(bone_rightlowerleg) {transformation: [-0.6296f,-0.0859f,0.7721f,-0.5745f,0.1744f,0.9529f,0.2482f,1.5308f,-0.7571f,0.2909f,-0.585f,0.7629f,0f,0f,0f,1f],start_interpolation: 0,interpolation_duration: 1}
$data merge entity $(bone_rightleg) {transformation: [-0.6296f,0.273f,0.7273f,-0.2837f,0.1744f,0.962f,-0.2101f,2.5529f,-0.7571f,-0.0054f,-0.6533f,0.7978f,0f,0f,0f,1f],start_interpolation: 0,interpolation_duration: 1}
data modify entity @s data merge value {"cameras":{},"locators":{"lefthand":{"posx":0.40395146515908226,"posy":3.865684861779407,"posz":3.5630802733767704,"roty":95.30734331906815,"rotx":-8.023759860536678},"sword":{"posx":-0.12231225197317563,"posy":5.96058800149504,"posz":3.002434262059354,"roty":345.54819584490053,"rotx":-17.522954291217978},"righthand":{"posx":-0.9998811814736704,"posy":4.850326513918727,"posz":-0.40268665402867826,"roty":345.54819584490053,"rotx":-17.522954291217978},"chest":{"posx":-0.6436977696286825,"posy":2.8948295002647373,"posz":0.9791475933062299,"roty":56.12910114499056,"rotx":12.183889536741749}}}