# This file was generated by Animated Java via MC-Build. It is not recommended to edit this file directly.
$data merge entity $(bone_nose) {transformation: [-0.9665f,-0.0583f,0.25f,-0.4193f,-0.049f,0.9979f,0.0432f,4.2715f,-0.252f,0.0295f,-0.9673f,1.9577f,0f,0f,0f,1f],start_interpolation: 0,interpolation_duration: 1}
$data merge entity $(bone_glowing_eye) {transformation: [-0.9665f,-0.0583f,0.25f,-0.5528f,-0.049f,0.9979f,0.0432f,4.3315f,-0.252f,0.0295f,-0.9673f,1.962f,0f,0f,0f,1f],start_interpolation: 0,interpolation_duration: 1}
$data merge entity $(bone_head) {transformation: [-0.9665f,-0.0583f,0.25f,-0.3653f,-0.049f,0.9979f,0.0432f,4.1564f,-0.252f,0.0295f,-0.9673f,1.773f,0f,0f,0f,1f],start_interpolation: 0,interpolation_duration: 1}
$data merge entity $(bone_leftthumb2) {transformation: [-0.1132f,0.0364f,0.9929f,-0.0191f,-0.984f,-0.1423f,-0.1069f,3.6652f,0.1374f,-0.9892f,0.0519f,4.0616f,0f,0f,0f,1f],start_interpolation: 0,interpolation_duration: 1}
$data merge entity $(bone_leftthumb) {transformation: [-0.1132f,0.0364f,0.9929f,0.0747f,-0.984f,-0.1423f,-0.1069f,3.6212f,0.1374f,-0.9892f,0.0519f,3.8234f,0f,0f,0f,1f],start_interpolation: 0,interpolation_duration: 1}
$data merge entity $(bone_leftpointerfinger) {transformation: [-0.1132f,0.0364f,0.9929f,0.1216f,-0.984f,-0.1423f,-0.1069f,3.7705f,0.1374f,-0.9892f,0.0519f,4.1354f,0f,0f,0f,1f],start_interpolation: 0,interpolation_duration: 1}
$data merge entity $(bone_leftmidfinger) {transformation: [-0.1132f,0.0364f,0.9929f,0.2768f,-0.984f,-0.1423f,-0.1069f,3.7538f,0.1374f,-0.9892f,0.0519f,4.1435f,0f,0f,0f,1f],start_interpolation: 0,interpolation_duration: 1}
$data merge entity $(bone_leftringfinger) {transformation: [-0.1132f,0.0364f,0.9929f,0.4319f,-0.984f,-0.1423f,-0.1069f,3.7371f,0.1374f,-0.9892f,0.0519f,4.1516f,0f,0f,0f,1f],start_interpolation: 0,interpolation_duration: 1}
$data merge entity $(bone_invisibility) {transformation: [0.1228f,-0.986f,0.1132f,0.0734f,-0.1511f,0.0941f,0.984f,3.5737f,-0.9809f,-0.1379f,-0.1374f,4.0513f,0f,0f,0f,1f],start_interpolation: 0,interpolation_duration: 1}
$data merge entity $(bone_swiftness) {transformation: [0.9929f,0.0364f,0.1132f,0.2487f,-0.1069f,-0.1423f,0.984f,3.5217f,0.0519f,-0.9892f,-0.1374f,4.2022f,0f,0f,0f,1f],start_interpolation: 0,interpolation_duration: 1}
$data merge entity $(bone_suspicious_stew) {transformation: [0.4526f,-0.8845f,0.1132f,0.2578f,-0.1741f,0.0368f,0.984f,3.5604f,-0.8745f,-0.4651f,-0.1374f,4.1074f,0f,0f,0f,1f],start_interpolation: 0,interpolation_duration: 1}
$data merge entity $(bone_log) {transformation: [-0.1132f,0.0364f,0.9929f,0.2983f,-0.984f,-0.1423f,-0.1069f,3.4453f,0.1374f,-0.9892f,0.0519f,3.9991f,0f,0f,0f,1f],start_interpolation: 0,interpolation_duration: 1}
$data merge entity $(bone_planks) {transformation: [-0.1132f,0.0364f,0.9929f,0.2877f,-0.984f,-0.1423f,-0.1069f,3.3531f,0.1374f,-0.9892f,0.0519f,4.012f,0f,0f,0f,1f],start_interpolation: 0,interpolation_duration: 1}
$data merge entity $(bone_lefthand1) {transformation: [-0.1132f,0.0364f,0.9929f,0.3047f,-0.984f,-0.1423f,-0.1069f,3.6591f,0.1374f,-0.9892f,0.0519f,3.7158f,0f,0f,0f,1f],start_interpolation: 0,interpolation_duration: 1}
$data merge entity $(bone_leftforearm) {transformation: [-0.9784f,0.0364f,0.2035f,0.2659f,-0.2067f,-0.1423f,-0.968f,3.5613f,-0.0063f,-0.9892f,0.1467f,3.0177f,0f,0f,0f,1f],start_interpolation: 0,interpolation_duration: 1}
$data merge entity $(bone_leftelbow) {transformation: [-0.9974f,0.028f,0.0663f,0.2712f,-0.0658f,0.0182f,-0.9977f,3.5647f,-0.0292f,-0.9994f,-0.0163f,2.8303f,0f,0f,0f,1f],start_interpolation: 0,interpolation_duration: 1}
$data merge entity $(bone_leftarm) {transformation: [-0.9974f,0.028f,0.0663f,0.065f,-0.0658f,0.0182f,-0.9977f,3.5906f,-0.0292f,-0.9994f,-0.0163f,2.3247f,0f,0f,0f,1f],start_interpolation: 0,interpolation_duration: 1}
$data merge entity $(bone_rightthumb2) {transformation: [0.1382f,0.99f,-0.0274f,-1.0016f,0.1857f,0.0013f,0.9826f,4.481f,0.9728f,-0.1409f,-0.1836f,0.295f,0f,0f,0f,1f],start_interpolation: 0,interpolation_duration: 1}
$data merge entity $(bone_rightthumb) {transformation: [0.1382f,0.99f,-0.0274f,-0.7611f,0.1857f,0.0013f,0.9826f,4.5653f,0.9728f,-0.1409f,-0.1836f,0.2448f,0f,0f,0f,1f],start_interpolation: 0,interpolation_duration: 1}
$data merge entity $(bone_rightpointerfinger) {transformation: [0.1494f,0.9536f,-0.2615f,-0.7598f,0.954f,-0.2085f,-0.2155f,4.8913f,-0.26f,-0.2172f,-0.9409f,0.1199f,0f,0f,0f,1f],start_interpolation: 0,interpolation_duration: 1}
$data merge entity $(bone_rightmidfinger) {transformation: [0.0504f,0.9639f,-0.2615f,-0.8006f,0.9704f,-0.1092f,-0.2155f,4.8576f,-0.2362f,-0.2429f,-0.9409f,-0.0271f,0f,0f,0f,1f],start_interpolation: 0,interpolation_duration: 1}
$data merge entity $(bone_rightringfinger) {transformation: [0.1038f,0.9596f,-0.2615f,-0.8415f,0.9628f,-0.1629f,-0.2155f,4.8239f,-0.2494f,-0.2294f,-0.9409f,-0.1741f,0f,0f,0f,1f],start_interpolation: 0,interpolation_duration: 1}
$data merge entity $(bone_hugeasssword) {transformation: [3.6322f,1.0483f,-1.024f,-0.9885f,0.839f,-3.7315f,-0.844f,4.6105f,-1.2015f,0.5633f,-3.685f,0.0983f,0f,0f,0f,1f],start_interpolation: 0,interpolation_duration: 1}
$data merge entity $(bone_ice) {transformation: [1.391f,0.4015f,-0.3922f,-1.0072f,0.3213f,-1.4291f,-0.3232f,4.6221f,-0.4602f,0.2157f,-1.4113f,0.1008f,0f,0f,0f,1f],start_interpolation: 0,interpolation_duration: 1}
$data merge entity $(bone_righthand1) {transformation: [0.9274f,0.2676f,-0.2615f,-0.7166f,0.2142f,-0.9527f,-0.2155f,4.4307f,-0.3068f,0.1438f,-0.9409f,0.0307f,0f,0f,0f,1f],start_interpolation: 0,interpolation_duration: 1}
$data merge entity $(bone_rightforearm) {transformation: [0.976f,0.205f,0.0731f,-0.6346f,0.2172f,-0.898f,-0.3828f,3.7917f,-0.0128f,0.3895f,-0.921f,0.3197f,0f,0f,0f,1f],start_interpolation: 0,interpolation_duration: 1}
$data merge entity $(bone_rightelbow) {transformation: [0.8859f,0.3231f,0.3328f,-0.574f,0.4008f,-0.1719f,-0.8999f,3.7595f,-0.2335f,0.9306f,-0.2818f,0.4942f,0f,0f,0f,1f],start_interpolation: 0,interpolation_duration: 1}
$data merge entity $(bone_rightarm) {transformation: [0.8859f,0.2081f,0.4146f,-0.6767f,0.4008f,0.1066f,-0.91f,3.7536f,-0.2335f,0.9723f,0.0111f,1.0311f,0f,0f,0f,1f],start_interpolation: 0,interpolation_duration: 1}
$data merge entity $(bone_chest1) {transformation: [-0.5357f,-0.1825f,0.9238f,-0.1862f,0.1177f,1.0415f,0.274f,3.5461f,-0.9342f,0.2359f,-0.4952f,1.5907f,0f,0f,0f,1f],start_interpolation: 0,interpolation_duration: 1}
$data merge entity $(bone_chest1lid) {transformation: [-0.4945f,-0.1685f,0.8527f,-0.5735f,0.1087f,0.9614f,0.253f,2.8271f,-0.8624f,0.2177f,-0.4571f,1.3263f,0f,0f,0f,1f],start_interpolation: 0,interpolation_duration: 1}
$data merge entity $(bone_chest2) {transformation: [-0.4945f,-0.1685f,0.8527f,-0.5472f,0.1087f,0.9614f,0.253f,2.6769f,-0.8624f,0.2177f,-0.4571f,1.2923f,0f,0f,0f,1f],start_interpolation: 0,interpolation_duration: 1}
$data merge entity $(bone_chest1lid3) {transformation: [-0.4945f,-0.1685f,0.8527f,0.0036f,0.1087f,0.9614f,0.253f,2.9824f,-0.8624f,0.2177f,-0.4571f,1.0874f,0f,0f,0f,1f],start_interpolation: 0,interpolation_duration: 1}
$data merge entity $(bone_chest3) {transformation: [-0.4945f,-0.1685f,0.8527f,0.0299f,0.1087f,0.9614f,0.253f,2.8322f,-0.8624f,0.2177f,-0.4571f,1.0534f,0f,0f,0f,1f],start_interpolation: 0,interpolation_duration: 1}
$data merge entity $(bone_hugeasssword2) {transformation: [-3.3398f,0.9821f,-1.7949f,-0.765f,-0.9907f,2.23f,3.0636f,4.8624f,1.7902f,3.0664f,-1.6531f,0.6597f,0f,0f,0f,1f],start_interpolation: 0,interpolation_duration: 1}
$data merge entity $(bone_belt) {transformation: [-0.4945f,-0.1685f,0.8527f,-0.2149f,0.1087f,0.9614f,0.253f,3.1265f,-0.8624f,0.2177f,-0.4571f,1.5914f,0f,0f,0f,1f],start_interpolation: 0,interpolation_duration: 1}
$data merge entity $(bone_torn_part) {transformation: [-0.4945f,-0.3818f,0.7808f,-0.2295f,0.1087f,0.8642f,0.4913f,2.8691f,-0.8624f,0.3278f,-0.3858f,1.4242f,0f,0f,0f,1f],start_interpolation: 0,interpolation_duration: 1}
$data merge entity $(bone_lowerbody) {transformation: [-0.4945f,-0.1293f,0.8595f,-0.2389f,0.1087f,0.9719f,0.2087f,2.3546f,-0.8624f,0.1966f,-0.4665f,1.478f,0f,0f,0f,1f],start_interpolation: 0,interpolation_duration: 1}
$data merge entity $(bone_leftfoot) {transformation: [-0.8676f,-0.0166f,0.497f,0.0163f,-0.0618f,0.9953f,-0.0746f,0.319f,-0.4935f,-0.0954f,-0.8645f,1.8716f,0f,0f,0f,1f],start_interpolation: 0,interpolation_duration: 1}
$data merge entity $(bone_leftlowerleg) {transformation: [-0.8676f,-0.0166f,0.497f,-0.0785f,-0.0618f,0.9953f,-0.0746f,1.4346f,-0.4935f,-0.0954f,-0.8645f,1.8986f,0f,0f,0f,1f],start_interpolation: 0,interpolation_duration: 1}
$data merge entity $(bone_leftleg) {transformation: [-0.8676f,0.1659f,0.4688f,0.0585f,-0.0618f,0.8995f,-0.4326f,2.3997f,-0.4935f,-0.4043f,-0.7701f,1.4737f,0f,0f,0f,1f],start_interpolation: 0,interpolation_duration: 1}
$data merge entity $(bone_rightfoot) {transformation: [-0.472f,-0.0947f,0.8765f,-0.3159f,0.1727f,0.965f,0.1973f,0.3233f,-0.8645f,0.2445f,-0.4391f,0.7243f,0f,0f,0f,1f],start_interpolation: 0,interpolation_duration: 1}
$data merge entity $(bone_rightlowerleg) {transformation: [-0.472f,-0.0947f,0.8765f,-0.5556f,0.1727f,0.965f,0.1973f,1.3635f,-0.8645f,0.2445f,-0.4391f,1.063f,0f,0f,0f,1f],start_interpolation: 0,interpolation_duration: 1}
$data merge entity $(bone_rightleg) {transformation: [-0.472f,0.192f,0.8604f,-0.3593f,0.1727f,0.9772f,-0.1234f,2.3997f,-0.8645f,0.0904f,-0.4944f,1.1989f,0f,0f,0f,1f],start_interpolation: 0,interpolation_duration: 1}
data modify entity @s data merge value {"cameras":{},"locators":{"lefthand":{"posx":0.2905727890464035,"posy":3.550359161526281,"posz":4.06268416186601,"roty":92.99292996834288,"rotx":-6.138255607740346},"sword":{"posx":0.04381339938007933,"posy":5.455003734543222,"posz":3.553938118242404,"roty":344.46969310745743,"rotx":-12.443888350154332},"righthand":{"posx":-0.920312924398214,"posy":4.660408728892513,"posz":0.08453824812182252,"roty":344.46969310745743,"rotx":-12.443888350154332},"chest":{"posx":-0.7117024730984752,"posy":2.73093479499888,"posz":1.3571389923869703,"roty":61.80804807892446,"rotx":14.652173459513051}}}