# This file was generated by Animated Java via MC-Build. It is not recommended to edit this file directly.
$data merge entity $(bone_nose) {transformation: [-0.9313f,0.0246f,0.3635f,-0.4623f,-0.0074f,0.9963f,-0.0862f,4.1437f,-0.3642f,-0.0829f,-0.9276f,2.3747f,0f,0f,0f,1f],start_interpolation: 0,interpolation_duration: 1}
$data merge entity $(bone_glowing_eye) {transformation: [-0.9313f,0.0246f,0.3635f,-0.5897f,-0.0074f,0.9963f,-0.0862f,4.2132f,-0.3642f,-0.0829f,-0.9276f,2.3559f,0f,0f,0f,1f],start_interpolation: 0,interpolation_duration: 1}
$data merge entity $(bone_head) {transformation: [-0.9313f,0.0246f,0.3635f,-0.3972f,-0.0074f,0.9963f,-0.0862f,4.0045f,-0.3642f,-0.0829f,-0.9276f,2.2112f,0f,0f,0f,1f],start_interpolation: 0,interpolation_duration: 1}
$data merge entity $(bone_leftthumb2) {transformation: [-0.0952f,0.0232f,0.9952f,-0.0424f,-0.9686f,-0.2328f,-0.0872f,3.6494f,0.2296f,-0.9723f,0.0447f,4.4744f,0f,0f,0f,1f],start_interpolation: 0,interpolation_duration: 1}
$data merge entity $(bone_leftthumb) {transformation: [-0.0952f,0.0232f,0.9952f,0.0484f,-0.9686f,-0.2328f,-0.0872f,3.5848f,0.2296f,-0.9723f,0.0447f,4.2398f,0f,0f,0f,1f],start_interpolation: 0,interpolation_duration: 1}
$data merge entity $(bone_leftpointerfinger) {transformation: [-0.0952f,0.0232f,0.9952f,0.0978f,-0.9686f,-0.2328f,-0.0872f,3.7631f,0.2296f,-0.9723f,0.0447f,4.5358f,0f,0f,0f,1f],start_interpolation: 0,interpolation_duration: 1}
$data merge entity $(bone_leftmidfinger) {transformation: [-0.0952f,0.0232f,0.9952f,0.2533f,-0.9686f,-0.2328f,-0.0872f,3.7494f,0.2296f,-0.9723f,0.0447f,4.5428f,0f,0f,0f,1f],start_interpolation: 0,interpolation_duration: 1}
$data merge entity $(bone_leftringfinger) {transformation: [-0.0952f,0.0232f,0.9952f,0.4088f,-0.9686f,-0.2328f,-0.0872f,3.7358f,0.2296f,-0.9723f,0.0447f,4.5498f,0f,0f,0f,1f],start_interpolation: 0,interpolation_duration: 1}
$data merge entity $(bone_invisibility) {transformation: [0.1099f,-0.9894f,0.0952f,0.0514f,-0.2395f,0.0666f,0.9686f,3.5587f,-0.9647f,-0.1292f,-0.2296f,4.4711f,0f,0f,0f,1f],start_interpolation: 0,interpolation_duration: 1}
$data merge entity $(bone_swiftness) {transformation: [0.9952f,0.0232f,0.0952f,0.2299f,-0.0872f,-0.2328f,0.9686f,3.5234f,0.0447f,-0.9723f,-0.2296f,4.6231f,0f,0f,0f,1f],start_interpolation: 0,interpolation_duration: 1}
$data merge entity $(bone_suspicious_stew) {transformation: [0.4416f,-0.8921f,0.0952f,0.2369f,-0.2478f,-0.0193f,0.9686f,3.5533f,-0.8623f,-0.4514f,-0.2296f,4.5251f,0f,0f,0f,1f],start_interpolation: 0,interpolation_duration: 1}
$data merge entity $(bone_log) {transformation: [-0.0952f,0.0232f,0.9952f,0.2775f,-0.9686f,-0.2328f,-0.0872f,3.4293f,0.2296f,-0.9723f,0.0447f,4.4272f,0f,0f,0f,1f],start_interpolation: 0,interpolation_duration: 1}
$data merge entity $(bone_planks) {transformation: [-0.0952f,0.0232f,0.9952f,0.2686f,-0.9686f,-0.2328f,-0.0872f,3.3385f,0.2296f,-0.9723f,0.0447f,4.4487f,0f,0f,0f,1f],start_interpolation: 0,interpolation_duration: 1}
$data merge entity $(bone_lefthand1) {transformation: [-0.0952f,0.0232f,0.9952f,0.2761f,-0.9686f,-0.2328f,-0.0872f,3.616f,0.2296f,-0.9723f,0.0447f,4.1253f,0f,0f,0f,1f],start_interpolation: 0,interpolation_duration: 1}
$data merge entity $(bone_leftforearm) {transformation: [-0.9791f,0.0232f,0.2021f,0.228f,-0.2019f,-0.2328f,-0.9513f,3.4545f,0.0249f,-0.9723f,0.2326f,3.4396f,0f,0f,0f,1f],start_interpolation: 0,interpolation_duration: 1}
$data merge entity $(bone_leftelbow) {transformation: [-0.9978f,0.0165f,0.0644f,0.2311f,-0.0655f,-0.0807f,-0.9946f,3.4394f,-0.0112f,-0.9966f,0.0816f,3.2528f,0f,0f,0f,1f],start_interpolation: 0,interpolation_duration: 1}
$data merge entity $(bone_leftarm) {transformation: [-0.9978f,0.0165f,0.0644f,0.0191f,-0.0655f,-0.0807f,-0.9946f,3.4158f,-0.0112f,-0.9966f,0.0816f,2.7495f,0f,0f,0f,1f],start_interpolation: 0,interpolation_duration: 1}
$data merge entity $(bone_rightthumb2) {transformation: [0.0792f,0.9943f,-0.0715f,-0.9743f,0.1908f,0.0553f,0.9801f,4.23f,0.9784f,-0.0913f,-0.1853f,0.7123f,0f,0f,0f,1f],start_interpolation: 0,interpolation_duration: 1}
$data merge entity $(bone_rightthumb) {transformation: [0.0792f,0.9943f,-0.0715f,-0.7365f,0.1908f,0.0553f,0.9801f,4.3273f,0.9784f,-0.0913f,-0.1853f,0.6741f,0f,0f,0f,1f],start_interpolation: 0,interpolation_duration: 1}
$data merge entity $(bone_rightpointerfinger) {transformation: [0.0264f,0.9794f,-0.2f,-0.7629f,0.9697f,-0.0737f,-0.2331f,4.6527f,-0.243f,-0.1878f,-0.9517f,0.5507f,0f,0f,0f,1f],start_interpolation: 0,interpolation_duration: 1}
$data merge entity $(bone_rightmidfinger) {transformation: [-0.0768f,0.9768f,-0.2f,-0.7942f,0.972f,0.0287f,-0.2331f,4.6163f,-0.2219f,-0.2124f,-0.9517f,0.402f,0f,0f,0f,1f],start_interpolation: 0,interpolation_duration: 1}
$data merge entity $(bone_rightringfinger) {transformation: [-0.0147f,0.9797f,-0.2f,-0.8255f,0.9719f,-0.033f,-0.2331f,4.5799f,-0.235f,-0.1979f,-0.9517f,0.2533f,0f,0f,0f,1f],start_interpolation: 0,interpolation_duration: 1}
$data merge entity $(bone_hugeasssword) {transformation: [3.575f,1.3949f,-0.7835f,-0.9612f,1.2092f,-3.6118f,-0.913f,4.3506f,-1.0477f,0.5914f,-3.7273f,0.5186f,0f,0f,0f,1f],start_interpolation: 0,interpolation_duration: 1}
$data merge entity $(bone_ice) {transformation: [1.3691f,0.5342f,-0.3001f,-0.981f,0.4631f,-1.3832f,-0.3496f,4.3602f,-0.4012f,0.2265f,-1.4275f,0.5204f,0f,0f,0f,1f],start_interpolation: 0,interpolation_duration: 1}
$data merge entity $(bone_righthand1) {transformation: [0.9128f,0.3561f,-0.2f,-0.67f,0.3087f,-0.9221f,-0.2331f,4.1996f,-0.2675f,0.151f,-0.9517f,0.4615f,0f,0f,0f,1f],start_interpolation: 0,interpolation_duration: 1}
$data merge entity $(bone_rightforearm) {transformation: [0.9439f,0.2599f,0.2037f,-0.5495f,0.3194f,-0.875f,-0.3637f,3.57f,0.0837f,0.4083f,-0.909f,0.7576f,0f,0f,0f,1f],start_interpolation: 0,interpolation_duration: 1}
$data merge entity $(bone_rightelbow) {transformation: [0.8779f,0.1814f,0.4431f,-0.5154f,0.4511f,-0.0029f,-0.8925f,3.5695f,-0.1607f,0.9834f,-0.0843f,0.942f,0f,0f,0f,1f],start_interpolation: 0,interpolation_duration: 1}
$data merge entity $(bone_rightarm) {transformation: [0.8779f,0.0398f,0.4772f,-0.7025f,0.4511f,0.2657f,-0.852f,3.6303f,-0.1607f,0.9632f,0.2153f,1.452f,0f,0f,0f,1f],start_interpolation: 0,interpolation_duration: 1}
$data merge entity $(bone_chest1) {transformation: [-0.5211f,-0.1746f,0.9336f,-0.2221f,0.1549f,1.035f,0.2801f,3.3987f,-0.937f,0.2682f,-0.4729f,2.011f,0f,0f,0f,1f],start_interpolation: 0,interpolation_duration: 1}
$data merge entity $(bone_chest1lid) {transformation: [-0.481f,-0.1612f,0.8617f,-0.6134f,0.143f,0.9554f,0.2585f,2.6934f,-0.865f,0.2476f,-0.4365f,1.7173f,0f,0f,0f,1f],start_interpolation: 0,interpolation_duration: 1}
$data merge entity $(bone_chest2) {transformation: [-0.481f,-0.1612f,0.8617f,-0.5882f,0.143f,0.9554f,0.2585f,2.5441f,-0.865f,0.2476f,-0.4365f,1.6786f,0f,0f,0f,1f],start_interpolation: 0,interpolation_duration: 1}
$data merge entity $(bone_chest1lid3) {transformation: [-0.481f,-0.1612f,0.8617f,-0.0313f,0.143f,0.9554f,0.2585f,2.8501f,-0.865f,0.2476f,-0.4365f,1.4917f,0f,0f,0f,1f],start_interpolation: 0,interpolation_duration: 1}
$data merge entity $(bone_chest3) {transformation: [-0.481f,-0.1612f,0.8617f,-0.0061f,0.143f,0.9554f,0.2585f,2.7008f,-0.865f,0.2476f,-0.4365f,1.453f,0f,0f,0f,1f],start_interpolation: 0,interpolation_duration: 1}
$data merge entity $(bone_hugeasssword2) {transformation: [-3.3752f,0.9625f,-1.7384f,-0.7736f,-1.0126f,2.115f,3.1371f,4.7518f,1.7097f,3.1529f,-1.5737f,1.117f,0f,0f,0f,1f],start_interpolation: 0,interpolation_duration: 1}
$data merge entity $(bone_belt) {transformation: [-0.481f,-0.1612f,0.8617f,-0.2553f,0.143f,0.9554f,0.2585f,2.9797f,-0.865f,0.2476f,-0.4365f,1.9972f,0f,0f,0f,1f],start_interpolation: 0,interpolation_duration: 1}
$data merge entity $(bone_torn_part) {transformation: [-0.481f,-0.3768f,0.7916f,-0.2704f,0.143f,0.8571f,0.4949f,2.7282f,-0.865f,0.3513f,-0.3584f,1.8213f,0f,0f,0f,1f],start_interpolation: 0,interpolation_duration: 1}
$data merge entity $(bone_lowerbody) {transformation: [-0.481f,-0.1213f,0.8683f,-0.2862f,0.143f,0.9663f,0.2142f,2.2123f,-0.865f,0.2272f,-0.4475f,1.8577f,0f,0f,0f,1f],start_interpolation: 0,interpolation_duration: 1}
$data merge entity $(bone_leftfoot) {transformation: [-0.8514f,0.0407f,0.5229f,-0.147f,-0.0436f,0.988f,-0.148f,0.2031f,-0.5227f,-0.1488f,-0.8394f,2.3327f,0f,0f,0f,1f],start_interpolation: 0,interpolation_duration: 1}
$data merge entity $(bone_leftlowerleg) {transformation: [-0.8514f,0.0407f,0.5229f,-0.1821f,-0.0436f,0.988f,-0.148f,1.3219f,-0.5227f,-0.1488f,-0.8394f,2.2966f,0f,0f,0f,1f],start_interpolation: 0,interpolation_duration: 1}
$data merge entity $(bone_leftleg) {transformation: [-0.8514f,0.2171f,0.4775f,0.0096f,-0.0436f,0.8778f,-0.477f,2.2657f,-0.5227f,-0.4269f,-0.7379f,1.8459f,0f,0f,0f,1f],start_interpolation: 0,interpolation_duration: 1}
$data merge entity $(bone_rightfoot) {transformation: [-0.3645f,-0.2098f,0.9073f,-0.1522f,0.2103f,0.9306f,0.2997f,0.247f,-0.9072f,0.3001f,-0.295f,0.976f,0f,0f,0f,1f],start_interpolation: 0,interpolation_duration: 1}
$data merge entity $(bone_rightlowerleg) {transformation: [-0.3645f,-0.2098f,0.9073f,-0.5244f,0.2103f,0.9306f,0.2997f,1.2333f,-0.9072f,0.3001f,-0.295f,1.3542f,0f,0f,0f,1f],start_interpolation: 0,interpolation_duration: 1}
$data merge entity $(bone_rightleg) {transformation: [-0.3645f,0.1131f,0.9243f,-0.4169f,0.2103f,0.9769f,-0.0366f,2.2657f,-0.9072f,0.1811f,-0.3799f,1.5848f,0f,0f,0f,1f],start_interpolation: 0,interpolation_duration: 1}
data modify entity @s data merge value {"cameras":{},"locators":{"lefthand":{"posx":0.2691027504251604,"posy":3.5396330457301204,"posz":4.480915111485027,"roty":92.57009284282073,"rotx":-5.003147036676036},"sword":{"posx":-0.16020525408530728,"posy":5.266731162886983,"posz":4.017052719880521,"roty":348.1286240128837,"rotx":-13.479335693419683},"righthand":{"posx":-0.8978847968770314,"posy":4.407194627873654,"posz":0.5078245872103361,"roty":348.1286240128837,"rotx":-13.479335693419683},"chest":{"posx":-0.7530133311635233,"posy":2.597731907920896,"posz":1.7429864726567061,"roty":63.135261938052395,"rotx":14.983858125358845}}}