# This file was generated by Animated Java via MC-Build. It is not recommended to edit this file directly.
$data merge entity $(bone_nose) {transformation: [-0.9204f,0.0631f,0.3859f,-0.4722f,0.0028f,0.9879f,-0.155f,4.1026f,-0.391f,-0.1416f,-0.9095f,2.5606f,0f,0f,0f,1f],start_interpolation: 0,interpolation_duration: 1}
$data merge entity $(bone_glowing_eye) {transformation: [-0.9204f,0.0631f,0.3859f,-0.5965f,0.0028f,0.9879f,-0.155f,4.1752f,-0.391f,-0.1416f,-0.9095f,2.5339f,0f,0f,0f,1f],start_interpolation: 0,interpolation_duration: 1}
$data merge entity $(bone_head) {transformation: [-0.9204f,0.0631f,0.3859f,-0.4078f,0.0028f,0.9879f,-0.155f,3.9516f,-0.391f,-0.1416f,-0.9095f,2.4078f,0f,0f,0f,1f],start_interpolation: 0,interpolation_duration: 1}
$data merge entity $(bone_leftthumb2) {transformation: [-0.0835f,0.018f,0.9963f,-0.0141f,-0.9707f,-0.2274f,-0.0772f,3.584f,0.2252f,-0.9736f,0.0364f,4.6481f,0f,0f,0f,1f],start_interpolation: 0,interpolation_duration: 1}
$data merge entity $(bone_leftthumb) {transformation: [-0.0835f,0.018f,0.9963f,0.0754f,-0.9707f,-0.2274f,-0.0772f,3.5216f,0.2252f,-0.9736f,0.0364f,4.4124f,0f,0f,0f,1f],start_interpolation: 0,interpolation_duration: 1}
$data merge entity $(bone_leftpointerfinger) {transformation: [-0.0835f,0.018f,0.9963f,0.1254f,-0.9707f,-0.2274f,-0.0772f,3.6988f,0.2252f,-0.9736f,0.0364f,4.709f,0f,0f,0f,1f],start_interpolation: 0,interpolation_duration: 1}
$data merge entity $(bone_leftmidfinger) {transformation: [-0.0835f,0.018f,0.9963f,0.2811f,-0.9707f,-0.2274f,-0.0772f,3.6867f,0.2252f,-0.9736f,0.0364f,4.7147f,0f,0f,0f,1f],start_interpolation: 0,interpolation_duration: 1}
$data merge entity $(bone_leftringfinger) {transformation: [-0.0835f,0.018f,0.9963f,0.4367f,-0.9707f,-0.2274f,-0.0772f,3.6747f,0.2252f,-0.9736f,0.0364f,4.7204f,0f,0f,0f,1f],start_interpolation: 0,interpolation_duration: 1}
$data merge entity $(bone_invisibility) {transformation: [0.1048f,-0.991f,0.0835f,0.0806f,-0.2333f,0.0571f,0.9707f,3.4943f,-0.9668f,-0.1212f,-0.2252f,4.6436f,0f,0f,0f,1f],start_interpolation: 0,interpolation_duration: 1}
$data merge entity $(bone_swiftness) {transformation: [0.9963f,0.018f,0.0835f,0.2606f,-0.0772f,-0.2274f,0.9707f,3.4601f,0.0364f,-0.9736f,-0.2252f,4.794f,0f,0f,0f,1f],start_interpolation: 0,interpolation_duration: 1}
$data merge entity $(bone_suspicious_stew) {transformation: [0.4374f,-0.8954f,0.0835f,0.2665f,-0.2387f,-0.0261f,0.9707f,3.4905f,-0.867f,-0.4445f,-0.2252f,4.696f,0f,0f,0f,1f],start_interpolation: 0,interpolation_duration: 1}
$data merge entity $(bone_log) {transformation: [-0.0835f,0.018f,0.9963f,0.3077f,-0.9707f,-0.2274f,-0.0772f,3.3675f,0.2252f,-0.9736f,0.0364f,4.5971f,0f,0f,0f,1f],start_interpolation: 0,interpolation_duration: 1}
$data merge entity $(bone_planks) {transformation: [-0.0835f,0.018f,0.9963f,0.2998f,-0.9707f,-0.2274f,-0.0772f,3.2764f,0.2252f,-0.9736f,0.0364f,4.6183f,0f,0f,0f,1f],start_interpolation: 0,interpolation_duration: 1}
$data merge entity $(bone_lefthand1) {transformation: [-0.0835f,0.018f,0.9963f,0.3019f,-0.9707f,-0.2274f,-0.0772f,3.5557f,0.2252f,-0.9736f,0.0364f,4.2963f,0f,0f,0f,1f],start_interpolation: 0,interpolation_duration: 1}
$data merge entity $(bone_leftforearm) {transformation: [-0.9776f,0.018f,0.2098f,0.2502f,-0.2084f,-0.2274f,-0.9512f,3.3976f,0.0306f,-0.9736f,0.2261f,3.6101f,0f,0f,0f,1f],start_interpolation: 0,interpolation_duration: 1}
$data merge entity $(bone_leftelbow) {transformation: [-0.9973f,0.0099f,0.0724f,0.252f,-0.0729f,-0.0751f,-0.9945f,3.3836f,-0.0044f,-0.9971f,0.0756f,3.4231f,0f,0f,0f,1f],start_interpolation: 0,interpolation_duration: 1}
$data merge entity $(bone_leftarm) {transformation: [-0.9973f,0.0099f,0.0724f,0.0365f,-0.0729f,-0.0751f,-0.9945f,3.3612f,-0.0044f,-0.9971f,0.0756f,2.9213f,0f,0f,0f,1f],start_interpolation: 0,interpolation_duration: 1}
$data merge entity $(bone_rightthumb2) {transformation: [0.1055f,0.99f,-0.0935f,-1.0386f,0.1814f,0.0733f,0.9807f,4.1972f,0.9777f,-0.1204f,-0.1719f,0.9359f,0f,0f,0f,1f],start_interpolation: 0,interpolation_duration: 1}
$data merge entity $(bone_rightthumb) {transformation: [0.1055f,0.99f,-0.0935f,-0.8038f,0.1814f,0.0733f,0.9807f,4.299f,0.9777f,-0.1204f,-0.1719f,0.8917f,0f,0f,0f,1f],start_interpolation: 0,interpolation_duration: 1}
$data merge entity $(bone_rightpointerfinger) {transformation: [-0.0391f,0.9739f,-0.2236f,-0.8475f,0.9734f,-0.0134f,-0.2289f,4.6246f,-0.2259f,-0.2266f,-0.9474f,0.7739f,0f,0f,0f,1f],start_interpolation: 0,interpolation_duration: 1}
$data merge entity $(bone_rightmidfinger) {transformation: [-0.1425f,0.9642f,-0.2236f,-0.8824f,0.9693f,0.0901f,-0.2289f,4.5888f,-0.2005f,-0.2493f,-0.9474f,0.6258f,0f,0f,0f,1f],start_interpolation: 0,interpolation_duration: 1}
$data merge entity $(bone_rightringfinger) {transformation: [-0.0772f,0.9716f,-0.2236f,-0.9174f,0.9731f,0.0246f,-0.2289f,4.5531f,-0.2169f,-0.2352f,-0.9474f,0.4778f,0f,0f,0f,1f],start_interpolation: 0,interpolation_duration: 1}
$data merge entity $(bone_hugeasssword) {transformation: [3.4851f,1.558f,-0.8756f,-1.0345f,1.3661f,-3.5596f,-0.8965f,4.3152f,-1.1524f,0.4923f,-3.7108f,0.7443f,0f,0f,0f,1f],start_interpolation: 0,interpolation_duration: 1}
$data merge entity $(bone_ice) {transformation: [1.3347f,0.5967f,-0.3354f,-1.0546f,0.5232f,-1.3632f,-0.3433f,4.3239f,-0.4413f,0.1885f,-1.4211f,0.7469f,0f,0f,0f,1f],start_interpolation: 0,interpolation_duration: 1}
$data merge entity $(bone_righthand1) {transformation: [0.8898f,0.3978f,-0.2236f,-0.7397f,0.3488f,-0.9088f,-0.2289f,4.1768f,-0.2942f,0.1257f,-0.9474f,0.6752f,0f,0f,0f,1f],start_interpolation: 0,interpolation_duration: 1}
$data merge entity $(bone_rightforearm) {transformation: [0.9297f,0.3f,0.2137f,-0.5902f,0.3588f,-0.8691f,-0.3406f,3.5486f,0.0835f,0.3933f,-0.9156f,0.9608f,0f,0f,0f,1f],start_interpolation: 0,interpolation_duration: 1}
$data merge entity $(bone_rightelbow) {transformation: [0.8571f,0.1883f,0.4795f,-0.5549f,0.4919f,-0.0229f,-0.8703f,3.5443f,-0.1529f,0.9818f,-0.1123f,1.1449f,0f,0f,0f,1f],start_interpolation: 0,interpolation_duration: 1}
$data merge entity $(bone_rightarm) {transformation: [0.8571f,0.0354f,0.5139f,-0.7407f,0.4919f,0.2398f,-0.837f,3.5828f,-0.1529f,0.9702f,0.1881f,1.6576f,0f,0f,0f,1f],start_interpolation: 0,interpolation_duration: 1}
$data merge entity $(bone_chest1) {transformation: [-0.5613f,-0.1736f,0.9102f,-0.2351f,0.1601f,1.03f,0.2951f,3.3499f,-0.9126f,0.2874f,-0.508f,2.1933f,0f,0f,0f,1f],start_interpolation: 0,interpolation_duration: 1}
$data merge entity $(bone_chest1lid) {transformation: [-0.5181f,-0.1602f,0.8402f,-0.6313f,0.1477f,0.9508f,0.2724f,2.6439f,-0.8424f,0.2653f,-0.469f,1.9079f,0f,0f,0f,1f],start_interpolation: 0,interpolation_duration: 1}
$data merge entity $(bone_chest2) {transformation: [-0.5181f,-0.1602f,0.8402f,-0.6063f,0.1477f,0.9508f,0.2724f,2.4954f,-0.8424f,0.2653f,-0.469f,1.8664f,0f,0f,0f,1f],start_interpolation: 0,interpolation_duration: 1}
$data merge entity $(bone_chest1lid3) {transformation: [-0.5181f,-0.1602f,0.8402f,-0.0607f,0.1477f,0.9508f,0.2724f,2.8092f,-0.8424f,0.2653f,-0.469f,1.6601f,0f,0f,0f,1f],start_interpolation: 0,interpolation_duration: 1}
$data merge entity $(bone_chest3) {transformation: [-0.5181f,-0.1602f,0.8402f,-0.0357f,0.1477f,0.9508f,0.2724f,2.6607f,-0.8424f,0.2653f,-0.469f,1.6187f,0f,0f,0f,1f],start_interpolation: 0,interpolation_duration: 1}
$data merge entity $(bone_hugeasssword2) {transformation: [-3.2906f,1.0723f,-1.8337f,-0.8368f,-1.067f,2.0892f,3.1364f,4.7073f,1.8367f,3.1346f,-1.4631f,1.339f,0f,0f,0f,1f],start_interpolation: 0,interpolation_duration: 1}
$data merge entity $(bone_belt) {transformation: [-0.5181f,-0.1602f,0.8402f,-0.2647f,0.1477f,0.9508f,0.2724f,2.9308f,-0.8424f,0.2653f,-0.469f,2.176f,0f,0f,0f,1f],start_interpolation: 0,interpolation_duration: 1}
$data merge entity $(bone_torn_part) {transformation: [-0.5181f,-0.3702f,0.771f,-0.2846f,0.1477f,0.8492f,0.507f,2.6812f,-0.8424f,0.3766f,-0.3853f,1.9979f,0f,0f,0f,1f],start_interpolation: 0,interpolation_duration: 1}
$data merge entity $(bone_lowerbody) {transformation: [-0.5181f,-0.1212f,0.8467f,-0.2939f,0.1477f,0.9624f,0.2281f,2.1648f,-0.8424f,0.2433f,-0.4807f,2.029f,0f,0f,0f,1f],start_interpolation: 0,interpolation_duration: 1}
$data merge entity $(bone_leftfoot) {transformation: [-0.9295f,0.0375f,0.3668f,-0.1105f,-0.0469f,0.9747f,-0.2185f,0.1895f,-0.3658f,-0.2203f,-0.9043f,2.6397f,0f,0f,0f,1f],start_interpolation: 0,interpolation_duration: 1}
$data merge entity $(bone_leftlowerleg) {transformation: [-0.9295f,0.0375f,0.3668f,-0.1252f,-0.0469f,0.9747f,-0.2185f,1.3044f,-0.3658f,-0.2203f,-0.9043f,2.5342f,0f,0f,0f,1f],start_interpolation: 0,interpolation_duration: 1}
$data merge entity $(bone_leftleg) {transformation: [-0.9295f,0.1544f,0.3349f,0.001f,-0.0469f,0.8513f,-0.5226f,2.221f,-0.3658f,-0.5014f,-0.7841f,2.0104f,0f,0f,0f,1f],start_interpolation: 0,interpolation_duration: 1}
$data merge entity $(bone_rightfoot) {transformation: [-0.3156f,-0.2113f,0.9251f,-0.1269f,0.2883f,0.9075f,0.3056f,0.2534f,-0.9041f,0.3631f,-0.2254f,0.992f,0f,0f,0f,1f],start_interpolation: 0,interpolation_duration: 1}
$data merge entity $(bone_rightlowerleg) {transformation: [-0.3156f,-0.2113f,0.9251f,-0.5035f,0.2883f,0.9075f,0.3056f,1.2131f,-0.9041f,0.3631f,-0.2254f,1.4294f,0f,0f,0f,1f],start_interpolation: 0,interpolation_duration: 1}
$data merge entity $(bone_rightleg) {transformation: [-0.3156f,0.0812f,0.9454f,-0.432f,0.2883f,0.9574f,0.014f,2.221f,-0.9041f,0.2769f,-0.3255f,1.7604f,0f,0f,0f,1f],start_interpolation: 0,interpolation_duration: 1}
data modify entity @s data merge value {"cameras":{},"locators":{"lefthand":{"posx":0.2985087300157797,"posy":3.4774301488436383,"posz":4.651527905927913,"roty":92.09489492792184,"rotx":-4.428475525118001},"sword":{"posx":-0.14951968267069526,"posy":5.218423739082266,"posz":4.22585446791924,"roty":346.7226997844949,"rotx":-13.231591163241013},"righthand":{"posx":-0.9739238441391853,"posy":4.374400576203537,"posz":0.732197511508433,"roty":346.7226997844949,"rotx":-13.231591163241013},"chest":{"posx":-0.768768660697426,"posy":2.5465496697854477,"posz":1.9382643316992112,"roty":60.83068809208636,"rotx":15.808756929533768}}}