# This file was generated by Animated Java via MC-Build. It is not recommended to edit this file directly.
$data merge entity $(bone_nose) {transformation: [-0.9303f,-0.0052f,0.3669f,-0.1285f,0.1457f,0.9124f,0.3825f,3.8259f,-0.3367f,0.4093f,-0.848f,3.7803f,0f,0f,0f,1f],start_interpolation: 0,interpolation_duration: 1}
$data merge entity $(bone_glowing_eye) {transformation: [-0.9303f,-0.0052f,0.3669f,-0.258f,0.1457f,0.9124f,0.3825f,3.8925f,-0.3367f,0.4093f,-0.848f,3.7955f,0f,0f,0f,1f],start_interpolation: 0,interpolation_duration: 1}
$data merge entity $(bone_head) {transformation: [-0.9303f,-0.0052f,0.3669f,-0.0592f,0.1457f,0.9124f,0.3825f,3.7848f,-0.3367f,0.4093f,-0.848f,3.5709f,0f,0f,0f,1f],start_interpolation: 0,interpolation_duration: 1}
$data merge entity $(bone_leftthumb2) {transformation: [-0.3817f,-0.1599f,0.9103f,0.9811f,0.3185f,0.9019f,0.2919f,1.9539f,-0.8677f,0.4014f,-0.2934f,2.4612f,0f,0f,0f,1f],start_interpolation: 0,interpolation_duration: 1}
$data merge entity $(bone_leftthumb) {transformation: [-0.3817f,-0.1599f,0.9103f,1.0197f,0.3185f,0.9019f,0.2919f,2.2001f,-0.8677f,0.4014f,-0.2934f,2.5345f,0f,0f,0f,1f],start_interpolation: 0,interpolation_duration: 1}
$data merge entity $(bone_leftpointerfinger) {transformation: [-0.3817f,-0.1599f,0.9103f,1.1566f,0.3185f,0.9019f,0.2919f,1.883f,-0.8677f,0.4014f,-0.2934f,2.484f,0f,0f,0f,1f],start_interpolation: 0,interpolation_duration: 1}
$data merge entity $(bone_leftmidfinger) {transformation: [-0.3817f,-0.1599f,0.9103f,1.2988f,0.3185f,0.9019f,0.2919f,1.9286f,-0.8677f,0.4014f,-0.2934f,2.4381f,0f,0f,0f,1f],start_interpolation: 0,interpolation_duration: 1}
$data merge entity $(bone_leftringfinger) {transformation: [-0.3817f,-0.1599f,0.9103f,1.4411f,0.3185f,0.9019f,0.2919f,1.9742f,-0.8677f,0.4014f,-0.2934f,2.3923f,0f,0f,0f,1f],start_interpolation: 0,interpolation_duration: 1}
$data merge entity $(bone_invisibility) {transformation: [-0.0799f,-0.9208f,0.3817f,1.0391f,0.9239f,-0.2122f,-0.3185f,2.0322f,0.3743f,0.3272f,0.8677f,2.3744f,0f,0f,0f,1f],start_interpolation: 0,interpolation_duration: 1}
$data merge entity $(bone_swiftness) {transformation: [0.9103f,-0.1599f,0.3817f,1.2115f,0.2919f,0.9019f,-0.3185f,1.9814f,-0.2934f,0.4014f,0.8677f,2.2198f,0f,0f,0f,1f],start_interpolation: 0,interpolation_duration: 1}
$data merge entity $(bone_suspicious_stew) {transformation: [0.2398f,-0.8926f,0.3817f,1.2173f,0.9407f,0.1166f,-0.3185f,2.0447f,0.2398f,0.4355f,0.8677f,2.3005f,0f,0f,0f,1f],start_interpolation: 0,interpolation_duration: 1}
$data merge entity $(bone_log) {transformation: [-0.3817f,-0.1599f,0.9103f,1.2042f,0.3185f,0.9019f,0.2919f,2.201f,-0.8677f,0.4014f,-0.2934f,2.2556f,0f,0f,0f,1f],start_interpolation: 0,interpolation_duration: 1}
$data merge entity $(bone_planks) {transformation: [-0.3817f,-0.1599f,0.9103f,1.1684f,0.3185f,0.9019f,0.2919f,2.2308f,-0.8677f,0.4014f,-0.2934f,2.1743f,0f,0f,0f,1f],start_interpolation: 0,interpolation_duration: 1}
$data merge entity $(bone_lefthand1) {transformation: [-0.3817f,-0.1599f,0.9103f,1.2312f,0.3185f,0.9019f,0.2919f,2.3377f,-0.8677f,0.4014f,-0.2934f,2.582f,0f,0f,0f,1f],start_interpolation: 0,interpolation_duration: 1}
$data merge entity $(bone_leftforearm) {transformation: [-0.969f,-0.1599f,0.1882f,1.0553f,-0.0659f,0.9019f,0.427f,2.961f,-0.238f,0.4014f,-0.8845f,2.8632f,0f,0f,0f,1f],start_interpolation: 0,interpolation_duration: 1}
$data merge entity $(bone_leftelbow) {transformation: [-0.9803f,-0.1965f,-0.0182f,1.0184f,-0.1484f,0.6728f,0.7248f,3.0872f,-0.1302f,0.7132f,-0.6887f,2.9969f,0f,0f,0f,1f],start_interpolation: 0,interpolation_duration: 1}
$data merge entity $(bone_leftarm) {transformation: [-0.9803f,-0.1965f,-0.0182f,0.7063f,-0.1484f,0.6728f,0.7248f,3.3685f,-0.1302f,0.7132f,-0.6887f,3.3466f,0f,0f,0f,1f],start_interpolation: 0,interpolation_duration: 1}
$data merge entity $(bone_rightthumb2) {transformation: [-0.7877f,-0.5783f,-0.2126f,-0.3854f,-0.5912f,0.8065f,-0.0034f,1.8134f,0.1734f,0.123f,-0.9771f,3.1086f,0f,0f,0f,1f],start_interpolation: 0,interpolation_duration: 1}
$data merge entity $(bone_rightthumb) {transformation: [-0.7877f,-0.5783f,-0.2126f,-0.5453f,-0.5912f,0.8065f,-0.0034f,2.0109f,0.1734f,0.123f,-0.9771f,3.0552f,0f,0f,0f,1f],start_interpolation: 0,interpolation_duration: 1}
$data merge entity $(bone_rightpointerfinger) {transformation: [-0.7877f,-0.5783f,-0.2126f,-0.4517f,-0.5912f,0.8065f,-0.0034f,1.6814f,0.1734f,0.123f,-0.9771f,2.988f,0f,0f,0f,1f],start_interpolation: 0,interpolation_duration: 1}
$data merge entity $(bone_rightmidfinger) {transformation: [-0.7877f,-0.5783f,-0.2126f,-0.4849f,-0.5912f,0.8065f,-0.0034f,1.6809f,0.1734f,0.123f,-0.9771f,2.8353f,0f,0f,0f,1f],start_interpolation: 0,interpolation_duration: 1}
$data merge entity $(bone_rightringfinger) {transformation: [-0.7877f,-0.5783f,-0.2126f,-0.5181f,-0.5912f,0.8065f,-0.0034f,1.6804f,0.1734f,0.123f,-0.9771f,2.6827f,0f,0f,0f,1f],start_interpolation: 0,interpolation_duration: 1}
$data merge entity $(bone_hugeasssword) {transformation: [-3.0851f,-2.2649f,-0.8325f,-0.3898f,-2.3155f,3.1589f,-0.0133f,2.0018f,0.6791f,0.4817f,-3.8271f,2.8295f,0f,0f,0f,1f],start_interpolation: 0,interpolation_duration: 1}
$data merge entity $(bone_ice) {transformation: [-1.1815f,-0.8674f,-0.3188f,-0.3685f,-0.8868f,1.2098f,-0.0051f,1.9984f,0.2601f,0.1845f,-1.4657f,2.8249f,0f,0f,0f,1f],start_interpolation: 0,interpolation_duration: 1}
$data merge entity $(bone_righthand1) {transformation: [-0.7877f,-0.5783f,-0.2126f,-0.7166f,-0.5912f,0.8065f,-0.0034f,2.0522f,0.1734f,0.123f,-0.9771f,2.8685f,0f,0f,0f,1f],start_interpolation: 0,interpolation_duration: 1}
$data merge entity $(bone_rightforearm) {transformation: [-0.5027f,-0.3076f,-0.8078f,-0.8889f,-0.4422f,0.8945f,-0.0654f,2.7098f,0.7428f,0.3243f,-0.5857f,3.0593f,0f,0f,0f,1f],start_interpolation: 0,interpolation_duration: 1}
$data merge entity $(bone_rightelbow) {transformation: [-0.4321f,-0.2155f,-0.8757f,-0.9293f,-0.4232f,0.9059f,-0.0141f,2.8796f,0.7964f,0.3645f,-0.4826f,3.1276f,0f,0f,0f,1f],start_interpolation: 0,interpolation_duration: 1}
$data merge entity $(bone_rightarm) {transformation: [-0.4321f,0.0578f,-0.9f,-0.7777f,-0.4232f,0.8682f,0.259f,3.3982f,0.7964f,0.4927f,-0.3506f,3.2107f,0f,0f,0f,1f],start_interpolation: 0,interpolation_duration: 1}
$data merge entity $(bone_chest1) {transformation: [-1.0786f,-0.0461f,0.09f,-0.0268f,0.0216f,0.8367f,0.6878f,3.3296f,-0.0988f,0.6865f,-0.8322f,3.0919f,0f,0f,0f,1f],start_interpolation: 0,interpolation_duration: 1}
$data merge entity $(bone_chest1lid) {transformation: [-0.9956f,-0.0425f,0.0831f,-0.3701f,0.02f,0.7724f,0.6348f,2.5601f,-0.0912f,0.6337f,-0.7682f,2.9282f,0f,0f,0f,1f],start_interpolation: 0,interpolation_duration: 1}
$data merge entity $(bone_chest2) {transformation: [-0.9956f,-0.0425f,0.0831f,-0.3635f,0.02f,0.7724f,0.6348f,2.4394f,-0.0912f,0.6337f,-0.7682f,2.8292f,0f,0f,0f,1f],start_interpolation: 0,interpolation_duration: 1}
$data merge entity $(bone_chest1lid3) {transformation: [-0.9956f,-0.0425f,0.0831f,-0.2547f,0.02f,0.7724f,0.6348f,2.9655f,-0.0912f,0.6337f,-0.7682f,2.4418f,0f,0f,0f,1f],start_interpolation: 0,interpolation_duration: 1}
$data merge entity $(bone_chest3) {transformation: [-0.9956f,-0.0425f,0.0831f,-0.2481f,0.02f,0.7724f,0.6348f,2.8448f,-0.0912f,0.6337f,-0.7682f,2.3428f,0f,0f,0f,1f],start_interpolation: 0,interpolation_duration: 1}
$data merge entity $(bone_hugeasssword2) {transformation: [-0.3253f,2.7625f,-2.7573f,-1.2808f,-2.4865f,1.9861f,2.2832f,4.4186f,3.0086f,1.9401f,1.5888f,3.5114f,0f,0f,0f,1f],start_interpolation: 0,interpolation_duration: 1}
$data merge entity $(bone_belt) {transformation: [-0.9956f,-0.0425f,0.0831f,0.0112f,0.02f,0.7724f,0.6348f,2.9382f,-0.0912f,0.6337f,-0.7682f,2.9429f,0f,0f,0f,1f],start_interpolation: 0,interpolation_duration: 1}
$data merge entity $(bone_torn_part) {transformation: [-0.9956f,-0.0624f,0.0694f,-0.0999f,0.02f,0.5836f,0.8118f,2.7226f,-0.0912f,0.8096f,-0.5798f,2.7542f,0f,0f,0f,1f],start_interpolation: 0,interpolation_duration: 1}
$data merge entity $(bone_lowerbody) {transformation: [-0.9956f,-0.0387f,0.0849f,0.0043f,0.02f,0.8007f,0.5987f,2.2454f,-0.0912f,0.5978f,-0.7964f,2.5832f,0f,0f,0f,1f],start_interpolation: 0,interpolation_duration: 1}
$data merge entity $(bone_leftfoot) {transformation: [-0.9905f,0.1183f,0.0706f,0.0278f,0.0993f,0.9684f,-0.2288f,0.1745f,-0.0954f,-0.2196f,-0.9709f,2.8556f,0f,0f,0f,1f],start_interpolation: 0,interpolation_duration: 1}
$data merge entity $(bone_leftlowerleg) {transformation: [-0.9905f,0.1183f,0.0706f,0.1481f,0.0993f,0.9684f,-0.2288f,1.284f,-0.0954f,-0.2196f,-0.9709f,2.7611f,0f,0f,0f,1f],start_interpolation: 0,interpolation_duration: 1}
$data merge entity $(bone_leftleg) {transformation: [-0.9905f,0.1266f,0.0543f,0.2502f,0.0993f,0.9295f,-0.3552f,2.2839f,-0.0954f,-0.3465f,-0.9332f,2.4143f,0f,0f,0f,1f],start_interpolation: 0,interpolation_duration: 1}
$data merge entity $(bone_rightfoot) {transformation: [-0.9756f,0.1262f,0.1798f,-0.5956f,0.214f,0.7308f,0.6482f,0.6647f,-0.0496f,0.6708f,-0.7399f,1.0556f,0f,0f,0f,1f],start_interpolation: 0,interpolation_duration: 1}
$data merge entity $(bone_rightlowerleg) {transformation: [-0.9756f,0.1262f,0.1798f,-0.4833f,0.214f,0.7308f,0.6482f,1.3758f,-0.0496f,0.6708f,-0.7399f,1.9135f,0f,0f,0f,1f],start_interpolation: 0,interpolation_duration: 1}
$data merge entity $(bone_rightleg) {transformation: [-0.9544f,0.1972f,0.2241f,-0.2498f,0.2751f,0.8727f,0.4035f,2.2839f,-0.116f,0.4467f,-0.8871f,2.4149f,0f,0f,0f,1f],start_interpolation: 0,interpolation_duration: 1}
data modify entity @s data merge value {"cameras":{},"locators":{"lefthand":{"posx":1.238228912795462,"posy":2.0960851132435967,"posz":2.3101898642552734,"roty":72.1380045375064,"rotx":16.97306625067287},"sword":{"posx":0.3538012168354947,"posy":1.9429680361873691,"posz":6.4577320627814,"roty":347.7280853526702,"rotx":-0.1943502028235033},"righthand":{"posx":-0.4299776746495196,"posy":1.9304598723282762,"posz":2.8545126071973526,"roty":347.7280853526702,"rotx":-0.1943502028235033},"chest":{"posx":-0.41158196709333783,"posy":2.413232158919245,"posz":3.005782005194513,"roty":6.171775914221655,"rotx":39.40861118342789}}}