# This file was generated by Animated Java via MC-Build. It is not recommended to edit this file directly.
$data merge entity $(bone_nose) {transformation: [-0.9973f,-0.0048f,-0.0737f,0.0195f,-0.0146f,0.9911f,0.1322f,3.7519f,0.0725f,0.1329f,-0.9885f,2.598f,0f,0f,0f,1f],start_interpolation: 0,interpolation_duration: 1}
$data merge entity $(bone_glowing_eye) {transformation: [-0.9973f,-0.0048f,-0.0737f,-0.1029f,-0.0146f,0.9911f,0.1322f,3.8125f,0.0725f,0.1329f,-0.9885f,2.6506f,0f,0f,0f,1f],start_interpolation: 0,interpolation_duration: 1}
$data merge entity $(bone_head) {transformation: [-0.9973f,-0.0048f,-0.0737f,0.0063f,-0.0146f,0.9911f,0.1322f,3.6542f,0.0725f,0.1329f,-0.9885f,2.3965f,0f,0f,0f,1f],start_interpolation: 0,interpolation_duration: 1}
$data merge entity $(bone_leftthumb2) {transformation: [-0.9512f,-0.1452f,0.2721f,1.1288f,-0.2561f,0.8635f,-0.4346f,1.7555f,-0.1719f,-0.4831f,-0.8585f,2.9418f,0f,0f,0f,1f],start_interpolation: 0,interpolation_duration: 1}
$data merge entity $(bone_leftthumb) {transformation: [-0.9512f,-0.1452f,0.2721f,1.1165f,-0.2561f,0.8635f,-0.4346f,1.9302f,-0.1719f,-0.4831f,-0.8585f,2.7499f,0f,0f,0f,1f],start_interpolation: 0,interpolation_duration: 1}
$data merge entity $(bone_leftpointerfinger) {transformation: [-0.9512f,-0.1452f,0.2721f,1.2809f,-0.2561f,0.8635f,-0.4346f,1.6545f,-0.1719f,-0.4831f,-0.8585f,2.887f,0f,0f,0f,1f],start_interpolation: 0,interpolation_duration: 1}
$data merge entity $(bone_leftmidfinger) {transformation: [-0.9512f,-0.1452f,0.2721f,1.3234f,-0.2561f,0.8635f,-0.4346f,1.5866f,-0.1719f,-0.4831f,-0.8585f,2.7528f,0f,0f,0f,1f],start_interpolation: 0,interpolation_duration: 1}
$data merge entity $(bone_leftringfinger) {transformation: [-0.9512f,-0.1452f,0.2721f,1.3659f,-0.2561f,0.8635f,-0.4346f,1.5187f,-0.1719f,-0.4831f,-0.8585f,2.6187f,0f,0f,0f,1f],start_interpolation: 0,interpolation_duration: 1}
$data merge entity $(bone_invisibility) {transformation: [-0.1209f,-0.2838f,0.9512f,1.0782f,0.8223f,0.5082f,0.2561f,1.7145f,-0.5561f,0.8132f,0.1719f,2.8287f,0f,0f,0f,1f],start_interpolation: 0,interpolation_duration: 1}
$data merge entity $(bone_swiftness) {transformation: [0.2721f,-0.1452f,0.9512f,1.0993f,-0.4346f,0.8635f,0.2561f,1.5027f,-0.8585f,-0.4831f,0.1719f,2.7242f,0f,0f,0f,1f],start_interpolation: 0,interpolation_duration: 1}
$data merge entity $(bone_suspicious_stew) {transformation: [-0.0165f,-0.308f,0.9512f,1.136f,0.5989f,0.7588f,0.2561f,1.5925f,-0.8007f,0.5739f,0.1719f,2.6904f,0f,0f,0f,1f],start_interpolation: 0,interpolation_duration: 1}
$data merge entity $(bone_log) {transformation: [-0.9512f,-0.1452f,0.2721f,1.0414f,-0.2561f,0.8635f,-0.4346f,1.6561f,-0.1719f,-0.4831f,-0.8585f,2.5737f,0f,0f,0f,1f],start_interpolation: 0,interpolation_duration: 1}
$data merge entity $(bone_planks) {transformation: [-0.9512f,-0.1452f,0.2721f,0.9522f,-0.2561f,0.8635f,-0.4346f,1.6321f,-0.1719f,-0.4831f,-0.8585f,2.5576f,0f,0f,0f,1f],start_interpolation: 0,interpolation_duration: 1}
$data merge entity $(bone_lefthand1) {transformation: [-0.9512f,-0.1452f,0.2721f,1.2344f,-0.2561f,0.8635f,-0.4346f,1.9495f,-0.1719f,-0.4831f,-0.8585f,2.5227f,0f,0f,0f,1f],start_interpolation: 0,interpolation_duration: 1}
$data merge entity $(bone_leftforearm) {transformation: [-0.9816f,-0.1452f,0.1244f,1.0691f,-0.1871f,0.8635f,-0.4685f,2.5523f,-0.0394f,-0.4831f,-0.8747f,2.1942f,0f,0f,0f,1f],start_interpolation: 0,interpolation_duration: 1}
$data merge entity $(bone_leftelbow) {transformation: [-0.9846f,-0.1579f,-0.0749f,1.0395f,-0.1477f,0.9809f,-0.1266f,2.7362f,0.0935f,-0.1136f,-0.9891f,2.1729f,0f,0f,0f,1f],start_interpolation: 0,interpolation_duration: 1}
$data merge entity $(bone_leftarm) {transformation: [-0.9846f,-0.1579f,-0.0749f,0.7475f,-0.1477f,0.9809f,-0.1266f,3.1983f,0.0935f,-0.1136f,-0.9891f,2.1675f,0f,0f,0f,1f],start_interpolation: 0,interpolation_duration: 1}
$data merge entity $(bone_rightthumb2) {transformation: [-0.8667f,-0.0676f,0.4942f,-1.0613f,-0.1519f,0.9795f,-0.1324f,1.5533f,-0.4751f,-0.1898f,-0.8592f,2.289f,0f,0f,0f,1f],start_interpolation: 0,interpolation_duration: 1}
$data merge entity $(bone_rightthumb) {transformation: [-0.8667f,-0.0676f,0.4942f,-1.0356f,-0.1519f,0.9795f,-0.1324f,1.7822f,-0.4751f,-0.1898f,-0.8592f,2.169f,0f,0f,0f,1f],start_interpolation: 0,interpolation_duration: 1}
$data merge entity $(bone_rightpointerfinger) {transformation: [-0.8667f,-0.0676f,0.4942f,-1.0851f,-0.1519f,0.9795f,-0.1324f,1.438f,-0.4751f,-0.1898f,-0.8592f,2.1391f,0f,0f,0f,1f],start_interpolation: 0,interpolation_duration: 1}
$data merge entity $(bone_rightmidfinger) {transformation: [-0.8667f,-0.0676f,0.4942f,-1.0079f,-0.1519f,0.9795f,-0.1324f,1.4173f,-0.4751f,-0.1898f,-0.8592f,2.0048f,0f,0f,0f,1f],start_interpolation: 0,interpolation_duration: 1}
$data merge entity $(bone_rightringfinger) {transformation: [-0.8667f,-0.0676f,0.4942f,-0.9307f,-0.1519f,0.9795f,-0.1324f,1.3966f,-0.4751f,-0.1898f,-0.8592f,1.8706f,0f,0f,0f,1f],start_interpolation: 0,interpolation_duration: 1}
$data merge entity $(bone_hugeasssword) {transformation: [-3.3947f,-0.2646f,1.9355f,-0.7991f,-0.5948f,3.8363f,-0.5187f,1.6587f,-1.8608f,-0.7435f,-3.3653f,2.1059f,0f,0f,0f,1f],start_interpolation: 0,interpolation_duration: 1}
$data merge entity $(bone_ice) {transformation: [-1.3001f,-0.1013f,0.7413f,-0.7845f,-0.2278f,1.4692f,-0.1986f,1.6457f,-0.7126f,-0.2847f,-1.2888f,2.1163f,0f,0f,0f,1f],start_interpolation: 0,interpolation_duration: 1}
$data merge entity $(bone_righthand1) {transformation: [-0.8667f,-0.0676f,0.4942f,-1.0026f,-0.1519f,0.9795f,-0.1324f,1.8485f,-0.4751f,-0.1898f,-0.8592f,1.9232f,0f,0f,0f,1f],start_interpolation: 0,interpolation_duration: 1}
$data merge entity $(bone_rightforearm) {transformation: [-0.9994f,-0.0144f,-0.0322f,-0.9498f,-0.0186f,0.9907f,0.135f,2.5441f,0.0299f,0.1355f,-0.9903f,2.0321f,0f,0f,0f,1f],start_interpolation: 0,interpolation_duration: 1}
$data merge entity $(bone_rightelbow) {transformation: [-0.9995f,-0.0149f,-0.0281f,-0.9526f,-0.0184f,0.9913f,0.1307f,2.73f,0.0259f,0.1311f,-0.991f,2.0567f,0f,0f,0f,1f],start_interpolation: 0,interpolation_duration: 1}
$data merge entity $(bone_rightarm) {transformation: [-0.9995f,-0.0057f,-0.0313f,-0.7358f,-0.0184f,0.9061f,0.4227f,3.1739f,0.0259f,0.4231f,-0.9057f,2.2908f,0f,0f,0f,1f],start_interpolation: 0,interpolation_duration: 1}
$data merge entity $(bone_chest1) {transformation: [-1.0795f,0.0186f,-0.0896f,-0.014f,-0.0178f,0.998f,0.4212f,3.0811f,0.0897f,0.4211f,-0.9941f,2.0665f,0f,0f,0f,1f],start_interpolation: 0,interpolation_duration: 1}
$data merge entity $(bone_chest1lid) {transformation: [-0.9964f,0.0171f,-0.0827f,-0.3336f,-0.0164f,0.9212f,0.3888f,2.2937f,0.0828f,0.3887f,-0.9176f,2.1882f,0f,0f,0f,1f],start_interpolation: 0,interpolation_duration: 1}
$data merge entity $(bone_chest2) {transformation: [-0.9964f,0.0171f,-0.0827f,-0.3363f,-0.0164f,0.9212f,0.3888f,2.1498f,0.0828f,0.3887f,-0.9176f,2.1274f,0f,0f,0f,1f],start_interpolation: 0,interpolation_duration: 1}
$data merge entity $(bone_chest1lid3) {transformation: [-0.9964f,0.0171f,-0.0827f,-0.3243f,-0.0164f,0.9212f,0.3888f,2.5438f,0.0828f,0.3887f,-0.9176f,1.5952f,0f,0f,0f,1f],start_interpolation: 0,interpolation_duration: 1}
$data merge entity $(bone_chest3) {transformation: [-0.9964f,0.0171f,-0.0827f,-0.327f,-0.0164f,0.9212f,0.3888f,2.3999f,0.0828f,0.3887f,-0.9176f,1.5344f,0f,0f,0f,1f],start_interpolation: 0,interpolation_duration: 1}
$data merge entity $(bone_hugeasssword2) {transformation: [0.3238f,2.9227f,-2.5871f,-1.2437f,-1.5227f,2.4849f,2.6166f,4.2327f,3.594f,0.7895f,1.3417f,2.3765f,0f,0f,0f,1f],start_interpolation: 0,interpolation_duration: 1}
$data merge entity $(bone_belt) {transformation: [-0.9964f,0.0171f,-0.0827f,0.0219f,-0.0164f,0.9212f,0.3888f,2.6638f,0.0828f,0.3887f,-0.9176f,2.0291f,0f,0f,0f,1f],start_interpolation: 0,interpolation_duration: 1}
$data merge entity $(bone_torn_part) {transformation: [-0.9964f,0.0408f,-0.0739f,-0.1064f,-0.0164f,0.7654f,0.6434f,2.4012f,0.0828f,0.6423f,-0.762f,1.9247f,0f,0f,0f,1f],start_interpolation: 0,interpolation_duration: 1}
$data merge entity $(bone_lowerbody) {transformation: [-0.9964f,0.0167f,-0.0828f,-0.0056f,-0.0164f,0.9234f,0.3834f,1.898f,0.0828f,0.3834f,-0.9199f,1.8587f,0f,0f,0f,1f],start_interpolation: 0,interpolation_duration: 1}
$data merge entity $(bone_leftfoot) {transformation: [-0.9947f,0.0284f,0.0985f,0.1864f,-0.018f,0.8977f,-0.4403f,0.363f,-0.1009f,-0.4398f,-0.8924f,3.0075f,0f,0f,0f,1f],start_interpolation: 0,interpolation_duration: 1}
$data merge entity $(bone_leftlowerleg) {transformation: [-0.9947f,0.0284f,0.0985f,0.2027f,-0.018f,0.8977f,-0.4403f,1.4265f,-0.1009f,-0.4398f,-0.8924f,2.6568f,0f,0f,0f,1f],start_interpolation: 0,interpolation_duration: 1}
$data merge entity $(bone_leftleg) {transformation: [-0.9947f,0.0828f,0.0605f,0.258f,-0.018f,0.4401f,-0.8978f,1.9169f,-0.1009f,-0.8941f,-0.4363f,1.715f,0f,0f,0f,1f],start_interpolation: 0,interpolation_duration: 1}
$data merge entity $(bone_rightfoot) {transformation: [-0.9847f,-0.0847f,0.1522f,-0.3324f,0.0553f,0.6768f,0.7341f,0.4532f,-0.1652f,0.7313f,-0.6618f,1.3827f,0f,0f,0f,1f],start_interpolation: 0,interpolation_duration: 1}
$data merge entity $(bone_rightlowerleg) {transformation: [-0.9847f,-0.0847f,0.1522f,-0.4497f,0.0553f,0.6768f,0.7341f,1.0912f,-0.1652f,0.7313f,-0.6618f,2.2957f,0f,0f,0f,1f],start_interpolation: 0,interpolation_duration: 1}
$data merge entity $(bone_rightleg) {transformation: [-0.9695f,0.174f,0.1726f,-0.2389f,0.0215f,0.7619f,-0.6473f,1.9169f,-0.2442f,-0.6238f,-0.7424f,1.6598f,0f,0f,0f,1f],start_interpolation: 0,interpolation_duration: 1}
data modify entity @s data merge value {"cameras":{},"locators":{"lefthand":{"posx":1.1376865202534752,"posy":1.6194101541305588,"posz":2.640943099457024,"roty":17.588336399441374,"rotx":-25.75890011685705},"sword":{"posx":-2.694685128484936,"posy":2.1066192199153084,"posz":5.256471247202027,"roty":29.905210199648764,"rotx":-7.610206900672282},"righthand":{"posx":-0.8724141644069574,"posy":1.6182726530638722,"posz":2.0881116694200594,"roty":29.905210199648764,"rotx":-7.610206900672282},"chest":{"posx":-0.35287420202938996,"posy":2.1749114406845766,"posz":2.309858119307499,"roty":354.8510761881769,"rotx":22.878410687332615}}}