# This file was generated by Animated Java via MC-Build. It is not recommended to edit this file directly.
$data merge entity $(bone_nose) {transformation: [-1f,0f,0f,0f,0f,0.999f,-0.0454f,4.2194f,0f,-0.0454f,-0.999f,-0.0468f,0f,0f,0f,1f],start_interpolation: 0,interpolation_duration: 1}
$data merge entity $(bone_glowing_eye) {transformation: [-1f,0f,0f,-0.125f,0f,0.999f,-0.0454f,4.2887f,0f,-0.0454f,-0.999f,-0.0151f,0f,0f,0f,1f],start_interpolation: 0,interpolation_duration: 1}
$data merge entity $(bone_head) {transformation: [-1f,0f,0f,0f,0f,0.999f,-0.0454f,4.0876f,0f,-0.0454f,-0.999f,-0.2283f,0f,0f,0f,1f],start_interpolation: 0,interpolation_duration: 1}
$data merge entity $(bone_leftthumb2) {transformation: [-1f,0f,0f,0.9531f,0f,0.9991f,0.0418f,1.836f,0f,0.0418f,-0.9991f,-0.0365f,0f,0f,0f,1f],start_interpolation: 0,interpolation_duration: 1}
$data merge entity $(bone_leftthumb) {transformation: [-1f,0f,0f,0.9531f,0f,0.9991f,0.0418f,2.0846f,0f,0.0418f,-0.9991f,-0.1116f,0f,0f,0f,1f],start_interpolation: 0,interpolation_duration: 1}
$data merge entity $(bone_leftpointerfinger) {transformation: [-1f,0f,0f,1.0625f,0f,0.9991f,0.0418f,1.7588f,0f,0.0418f,-0.9991f,-0.1722f,0f,0f,0f,1f],start_interpolation: 0,interpolation_duration: 1}
$data merge entity $(bone_leftmidfinger) {transformation: [-1f,0f,0f,1.0625f,0f,0.9991f,0.0418f,1.7653f,0f,0.0418f,-0.9991f,-0.3283f,0f,0f,0f,1f],start_interpolation: 0,interpolation_duration: 1}
$data merge entity $(bone_leftringfinger) {transformation: [-1f,0f,0f,1.0625f,0f,0.9991f,0.0418f,1.7718f,0f,0.0418f,-0.9991f,-0.4844f,0f,0f,0f,1f],start_interpolation: 0,interpolation_duration: 1}
$data merge entity $(bone_invisibility) {transformation: [0f,0f,1f,0.875f,0.999f,0.0454f,0f,1.8667f,-0.0454f,0.999f,0f,-0.1364f,0f,0f,0f,1f],start_interpolation: 0,interpolation_duration: 1}
$data merge entity $(bone_swiftness) {transformation: [0f,0f,1f,0.8229f,0.0418f,0.9991f,0f,1.7393f,-0.9991f,0.0418f,0f,-0.3294f,0f,0f,0f,1f],start_interpolation: 0,interpolation_duration: 1}
$data merge entity $(bone_suspicious_stew) {transformation: [0f,0f,1f,0.875f,0.9232f,0.3844f,0f,1.8277f,-0.3844f,0.9232f,0f,-0.3257f,0f,0f,0f,1f],start_interpolation: 0,interpolation_duration: 1}
$data merge entity $(bone_log) {transformation: [-1f,0f,0f,0.7813f,0f,0.9991f,0.0418f,1.9546f,0f,0.0418f,-0.9991f,-0.3673f,0f,0f,0f,1f],start_interpolation: 0,interpolation_duration: 1}
$data merge entity $(bone_planks) {transformation: [-1f,0f,0f,0.6875f,0f,0.9991f,0.0418f,1.9546f,0f,0.0418f,-0.9991f,-0.3673f,0f,0f,0f,1f],start_interpolation: 0,interpolation_duration: 1}
$data merge entity $(bone_lefthand1) {transformation: [-1f,0f,0f,1.0313f,0f,0.9991f,0.0418f,2.2031f,0f,0.0418f,-0.9991f,-0.3256f,0f,0f,0f,1f],start_interpolation: 0,interpolation_duration: 1}
$data merge entity $(bone_leftforearm) {transformation: [-1f,0f,0f,0.9688f,0f,0.9991f,0.0418f,2.9049f,0f,0.0418f,-0.9991f,-0.2806f,0f,0f,0f,1f],start_interpolation: 0,interpolation_duration: 1}
$data merge entity $(bone_leftelbow) {transformation: [-1f,0f,0f,0.9688f,0f,0.9991f,0.0418f,3.0923f,0f,0.0418f,-0.9991f,-0.2728f,0f,0f,0f,1f],start_interpolation: 0,interpolation_duration: 1}
$data merge entity $(bone_leftarm) {transformation: [-1f,0f,0f,0.75f,0f,0.9991f,0.0418f,3.5905f,0f,0.0418f,-0.9991f,-0.2207f,0f,0f,0f,1f],start_interpolation: 0,interpolation_duration: 1}
$data merge entity $(bone_rightthumb2) {transformation: [-0.9999f,-0.0048f,0.0158f,-0.9551f,-0.0076f,0.9823f,-0.1873f,1.9333f,-0.0147f,-0.1874f,-0.9822f,0.019f,0f,0f,0f,1f],start_interpolation: 0,interpolation_duration: 1}
$data merge entity $(bone_rightthumb) {transformation: [-0.9999f,-0.0048f,0.0158f,-0.9549f,-0.0076f,0.9823f,-0.1873f,2.1582f,-0.0147f,-0.1874f,-0.9822f,-0.1109f,0f,0f,0f,1f],start_interpolation: 0,interpolation_duration: 1}
$data merge entity $(bone_rightpointerfinger) {transformation: [-0.9999f,-0.0048f,0.0158f,-1.062f,-0.0076f,0.9823f,-0.1873f,1.8262f,-0.0147f,-0.1874f,-0.9822f,-0.097f,0f,0f,0f,1f],start_interpolation: 0,interpolation_duration: 1}
$data merge entity $(bone_rightmidfinger) {transformation: [-0.9999f,-0.0048f,0.0158f,-1.0595f,-0.0076f,0.9823f,-0.1873f,1.797f,-0.0147f,-0.1874f,-0.9822f,-0.2505f,0f,0f,0f,1f],start_interpolation: 0,interpolation_duration: 1}
$data merge entity $(bone_rightringfinger) {transformation: [-0.9999f,-0.0048f,0.0158f,-1.0571f,-0.0076f,0.9823f,-0.1873f,1.7677f,-0.0147f,-0.1874f,-0.9822f,-0.404f,0f,0f,0f,1f],start_interpolation: 0,interpolation_duration: 1}
$data merge entity $(bone_hugeasssword) {transformation: [-3.9161f,-0.0186f,0.062f,-0.7952f,-0.0299f,3.8472f,-0.7336f,2.0015f,-0.0574f,-0.7339f,-3.8469f,-0.2693f,0f,0f,0f,1f],start_interpolation: 0,interpolation_duration: 1}
$data merge entity $(bone_ice) {transformation: [-1.4998f,-0.0071f,0.0237f,-0.7795f,-0.0115f,1.4734f,-0.2809f,1.9862f,-0.022f,-0.2811f,-1.4733f,-0.2662f,0f,0f,0f,1f],start_interpolation: 0,interpolation_duration: 1}
$data merge entity $(bone_righthand1) {transformation: [-0.9999f,-0.0048f,0.0158f,-1.0301f,-0.0076f,0.9823f,-0.1873f,2.224f,-0.0147f,-0.1874f,-0.9822f,-0.3474f,0f,0f,0f,1f],start_interpolation: 0,interpolation_duration: 1}
$data merge entity $(bone_rightforearm) {transformation: [-1f,-0.0006f,0.0015f,-0.968f,-0.0006f,0.9987f,-0.0509f,2.9271f,-0.0014f,-0.0509f,-0.9987f,-0.3675f,0f,0f,0f,1f],start_interpolation: 0,interpolation_duration: 1}
$data merge entity $(bone_rightelbow) {transformation: [-1f,-0.0006f,0.0016f,-0.9681f,-0.0006f,0.9987f,-0.051f,3.1143f,-0.0015f,-0.051f,-0.9987f,-0.3771f,0f,0f,0f,1f],start_interpolation: 0,interpolation_duration: 1}
$data merge entity $(bone_rightarm) {transformation: [-1f,-0.001f,0.0013f,-0.7499f,-0.0006f,0.9678f,0.2516f,3.5905f,-0.0015f,0.2516f,-0.9678f,-0.2207f,0f,0f,0f,1f],start_interpolation: 0,interpolation_duration: 1}
$data merge entity $(bone_chest1) {transformation: [-1.0833f,0f,0f,-0.0023f,0f,1.0824f,0.0453f,3.435f,0f,0.0453f,-1.0824f,-0.3373f,0f,0f,0f,1f],start_interpolation: 0,interpolation_duration: 1}
$data merge entity $(bone_chest1lid) {transformation: [-1f,0f,0f,-0.3438f,0f,0.9991f,0.0418f,2.7358f,0f,0.0418f,-0.9991f,0.0251f,0f,0f,0f,1f],start_interpolation: 0,interpolation_duration: 1}
$data merge entity $(bone_chest2) {transformation: [-1f,0f,0f,-0.3438f,0f,0.9991f,0.0418f,2.5796f,0f,0.0418f,-0.9991f,0.0185f,0f,0f,0f,1f],start_interpolation: 0,interpolation_duration: 1}
$data merge entity $(bone_chest1lid3) {transformation: [-1f,0f,0f,-0.2812f,0f,0.9991f,0.0418f,2.7625f,0f,0.0418f,-0.9991f,-0.615f,0f,0f,0f,1f],start_interpolation: 0,interpolation_duration: 1}
$data merge entity $(bone_chest3) {transformation: [-1f,0f,0f,-0.2812f,0f,0.9991f,0.0418f,2.6064f,0f,0.0418f,-0.9991f,-0.6215f,0f,0f,0f,1f],start_interpolation: 0,interpolation_duration: 1}
$data merge entity $(bone_hugeasssword2) {transformation: [0f,2.8877f,-2.6461f,-1.2344f,-0.1637f,2.6437f,2.8851f,4.6053f,3.9132f,0.1106f,0.1207f,-0.5535f,0f,0f,0f,1f],start_interpolation: 0,interpolation_duration: 1}
$data merge entity $(bone_belt) {transformation: [-1f,0f,0f,0.0297f,0f,0.9991f,0.0418f,3.0315f,0f,0.0418f,-0.9991f,-0.2232f,0f,0f,0f,1f],start_interpolation: 0,interpolation_duration: 1}
$data merge entity $(bone_torn_part) {transformation: [-1f,0f,0f,-0.0937f,0f,0.9537f,0.3007f,2.75f,0f,0.3007f,-0.9537f,-0.2344f,0f,0f,0f,1f],start_interpolation: 0,interpolation_duration: 1}
$data merge entity $(bone_lowerbody) {transformation: [-1f,0f,0f,0.0039f,0f,1f,0f,2.2617f,0f,0f,-1f,-0.0937f,0f,0f,0f,1f],start_interpolation: 0,interpolation_duration: 1}
$data merge entity $(bone_leftfoot) {transformation: [-0.999f,-0.0421f,-0.0113f,0.3723f,-0.043f,0.9953f,0.0869f,0.1716f,0.0076f,0.0873f,-0.9962f,-0.2213f,0f,0f,0f,1f],start_interpolation: 0,interpolation_duration: 1}
$data merge entity $(bone_leftlowerleg) {transformation: [-0.999f,-0.0421f,-0.0113f,0.3273f,-0.043f,0.9953f,0.0869f,1.2624f,0.0076f,0.0873f,-0.9962f,0.0286f,0f,0f,0f,1f],start_interpolation: 0,interpolation_duration: 1}
$data merge entity $(bone_leftleg) {transformation: [-0.999f,-0.0432f,0.0057f,0.25f,-0.043f,0.9528f,-0.3006f,2.2813f,0.0076f,-0.3005f,-0.9537f,-0.2656f,0f,0f,0f,1f],start_interpolation: 0,interpolation_duration: 1}
$data merge entity $(bone_rightfoot) {transformation: [-0.999f,0.0421f,0.0113f,-0.3726f,0.0426f,0.9982f,0.0434f,0.1499f,-0.0094f,0.0438f,-0.999f,-0.2184f,0f,0f,0f,1f],start_interpolation: 0,interpolation_duration: 1}
$data merge entity $(bone_rightlowerleg) {transformation: [-0.999f,0.0421f,0.0113f,-0.3276f,0.0426f,0.9982f,0.0434f,1.2505f,-0.0094f,0.0438f,-0.999f,-0.0163f,0f,0f,0f,1f],start_interpolation: 0,interpolation_duration: 1}
$data merge entity $(bone_rightleg) {transformation: [-0.999f,0.0436f,-0.0019f,-0.25f,0.0426f,0.965f,-0.2588f,2.2813f,-0.0094f,-0.2586f,-0.9659f,-0.2656f,0f,0f,0f,1f],start_interpolation: 0,interpolation_duration: 1}
data modify entity @s data merge value {"cameras":{},"locators":{"lefthand":{"posx":0.875,"posy":1.8758875796766485,"posz":-0.3549512475730576,"roty":0,"rotx":2.395555555555556},"sword":{"posx":-0.9317440220474279,"posy":2.663728724376065,"posz":3.3724967542876123,"roty":0.9233947129553428,"rotx":-10.794816330751285},"righthand":{"posx":-0.8733694135982338,"posy":1.9730878362676436,"posz":-0.24927958043561435,"roty":0.9233947129553428,"rotx":-10.794816330751285},"chest":{"posx":-0.37500000000000006,"posy":2.666778440207055,"posz":0.1785727881830386,"roty":0,"rotx":2.395555555555556}}}