# This file was generated by Animated Java via MC-Build. It is not recommended to edit this file directly.
$data merge entity $(mas) {transformation: [0.2189f,0.8441f,0.4895f,0.5087f,0.4547f,-0.5321f,0.7142f,1.2533f,0.8633f,0.0662f,-0.5003f,0.6027f,0f,0f,0f,1f],start_interpolation: 0,interpolation_duration: 1}
$data merge entity $(head) {transformation: [-0.4852f,0.4561f,0.746f,0.6557f,-0.2342f,-0.8898f,0.3918f,1.5359f,0.8425f,0.0154f,0.5385f,0.4024f,0f,0f,0f,1f],start_interpolation: 0,interpolation_duration: 1}
$data merge entity $(item_display) {transformation: [0f,0f,0f,0.0439f,0f,0f,0f,1.7218f,0f,0f,0f,0.1017f,0f,0f,0f,1f],start_interpolation: 0,interpolation_duration: 1}
$data merge entity $(right_arm) {transformation: [-0.4852f,0.7855f,0.3841f,0.2095f,-0.2342f,-0.5399f,0.8085f,1.6652f,0.8425f,0.3023f,0.4459f,0.5523f,0f,0f,0f,1f],start_interpolation: 0,interpolation_duration: 1}
$data merge entity $(left_arm) {transformation: [-0.4852f,0.7855f,0.3841f,0.5431f,-0.2342f,-0.5399f,0.8085f,1.8262f,0.8425f,0.3023f,0.4459f,-0.0269f,0f,0f,0f,1f],start_interpolation: 0,interpolation_duration: 1}
$data merge entity $(green_right_arm) {transformation: [-0.3346f,0.3575f,0.8719f,0.4321f,0.2181f,-0.8707f,0.4408f,1.6782f,0.9168f,0.3377f,0.2134f,0.6173f,0f,0f,0f,1f],start_interpolation: 0,interpolation_duration: 1}
$data merge entity $(green_left_arm) {transformation: [-0.5228f,0.6631f,0.5357f,0.705f,-0.632f,-0.7232f,0.2785f,1.8099f,0.5721f,-0.1929f,0.7972f,0.1434f,0f,0f,0f,1f],start_interpolation: 0,interpolation_duration: 1}
$data merge entity $(torso) {transformation: [-0.4852f,0.7855f,0.3841f,-0.0343f,-0.2342f,-0.5399f,0.8085f,2.0438f,0.8425f,0.3023f,0.4459f,0.1461f,0f,0f,0f,1f],start_interpolation: 0,interpolation_duration: 1}
$data merge entity $(right_leg) {transformation: [-0.4852f,0.816f,0.3142f,-0.0612f,-0.2342f,-0.4674f,0.8525f,1.8951f,0.8425f,0.3401f,0.4179f,0.2451f,0f,0f,0f,1f],start_interpolation: 0,interpolation_duration: 1}
$data merge entity $(left_leg) {transformation: [-0.4852f,0.816f,0.3142f,-0.1136f,-0.2342f,-0.4674f,0.8525f,2.0852f,0.8425f,0.3401f,0.4179f,-0.1032f,0f,0f,0f,1f],start_interpolation: 0,interpolation_duration: 1}
data modify entity @s data merge value {"cameras":{},"locators":{"locator":{"px":0.31314341409897517,"py":1.6373434132621887,"pz":0.233267161453996,"ry":139.260906890913,"rx":53.94803971989362},"hitbox":{"px":-0.691875,"py":2.388125,"pz":-0.13687500000000008,"ry":143.06425833614577,"rx":58.48079999400723}}}