# This file was generated by Animated Java via MC-Build. It is not recommended to edit this file directly.
$data merge entity $(nose) {transformation: [-1f,0f,0f,0f,0f,0.9955f,0.0944f,4.2f,0f,0.0944f,-0.9955f,0.2747f,0f,0f,0f,1f],start_interpolation: 0,interpolation_duration: 1}
$data merge entity $(glowing_eye) {transformation: [-1f,0f,0f,-0.125f,0f,0.9955f,0.0944f,4.2641f,0f,0.0944f,-0.9955f,0.3158f,0f,0f,0f,1f],start_interpolation: 0,interpolation_duration: 1}
$data merge entity $(head) {transformation: [-1f,0f,0f,0f,0f,0.9955f,0.0944f,4.0947f,0f,0.0944f,-0.9955f,0.0766f,0f,0f,0f,1f],start_interpolation: 0,interpolation_duration: 1}
$data merge entity $(leftthumb2) {transformation: [-1f,0f,0f,1.2379f,0f,0.3184f,-0.9479f,2.6548f,0f,-0.9479f,-0.3184f,1.3289f,0f,0f,0f,1f],start_interpolation: 0,interpolation_duration: 1}
$data merge entity $(leftthumb) {transformation: [-1f,0f,0f,1.2379f,0f,0.3184f,-0.9479f,2.6519f,0f,-0.9479f,-0.3184f,1.0692f,0f,0f,0f,1f],start_interpolation: 0,interpolation_duration: 1}
$data merge entity $(leftpointerfinger) {transformation: [-0.1285f,0.0227f,-0.9914f,1.2057f,0.9096f,0.4011f,-0.1088f,2.375f,0.3952f,-0.9158f,-0.0722f,1.2793f,0f,0f,0f,1f],start_interpolation: 0,interpolation_duration: 1}
$data merge entity $(leftmidfinger) {transformation: [-0.1285f,0.0227f,-0.9914f,1.0508f,0.9096f,0.4011f,-0.1088f,2.358f,0.3952f,-0.9158f,-0.0722f,1.268f,0f,0f,0f,1f],start_interpolation: 0,interpolation_duration: 1}
$data merge entity $(leftringfinger) {transformation: [-0.1261f,0.0338f,-0.9914f,0.8959f,0.9411f,0.3203f,-0.1088f,2.341f,0.3139f,-0.9467f,-0.0722f,1.2567f,0f,0f,0f,1f],start_interpolation: 0,interpolation_duration: 1}
$data merge entity $(invisibility) {transformation: [-0.0864f,0.9877f,0.1305f,1.2122f,0.5413f,0.1565f,-0.8261f,2.5938f,-0.8364f,-0.0007f,-0.5482f,1.2932f,0f,0f,0f,1f],start_interpolation: 0,interpolation_duration: 1}
$data merge entity $(swiftness) {transformation: [-0.9914f,0f,0.1305f,1.0195f,-0.1088f,0.5529f,-0.8261f,2.5416f,-0.0722f,-0.8332f,-0.5482f,1.421f,0f,0f,0f,1f],start_interpolation: 0,interpolation_duration: 1}
$data merge entity $(suspicious_stew) {transformation: [-0.419f,0.8986f,0.1305f,1.0263f,0.4552f,0.3322f,-0.8261f,2.5475f,-0.7857f,-0.2867f,-0.5482f,1.3187f,0f,0f,0f,1f],start_interpolation: 0,interpolation_duration: 1}
$data merge entity $(log) {transformation: [-0.1305f,0f,-0.9914f,0.9676f,0.8261f,0.5529f,-0.1088f,2.689f,0.5482f,-0.8332f,-0.0722f,1.2626f,0f,0f,0f,1f],start_interpolation: 0,interpolation_duration: 1}
$data merge entity $(planks) {transformation: [-0.1305f,0f,-0.9914f,0.9554f,0.8261f,0.5529f,-0.1088f,2.7664f,0.5482f,-0.8332f,-0.0722f,1.314f,0f,0f,0f,1f],start_interpolation: 0,interpolation_duration: 1}
$data merge entity $(lefthand1) {transformation: [-0.1305f,0f,-0.9914f,1.0313f,0.8261f,0.5529f,-0.1088f,2.6241f,0.5482f,-0.8332f,-0.0722f,0.9195f,0f,0f,0f,1f],start_interpolation: 0,interpolation_duration: 1}
$data merge entity $(leftforearm) {transformation: [-1f,0f,0f,0.9688f,0f,0.5529f,-0.8332f,3.0259f,0f,-0.8332f,-0.5529f,0.3422f,0f,0f,0f,1f],start_interpolation: 0,interpolation_duration: 1}
$data merge entity $(leftelbow) {transformation: [-1f,0f,0f,0.9688f,0f,0.4048f,-0.9144f,3.1018f,0f,-0.9144f,-0.4048f,0.1708f,0f,0f,0f,1f],start_interpolation: 0,interpolation_duration: 1}
$data merge entity $(leftarm) {transformation: [-1f,0f,0f,0.75f,0f,0.9812f,-0.1929f,3.5984f,0f,-0.1929f,-0.9812f,0.105f,0f,0f,0f,1f],start_interpolation: 0,interpolation_duration: 1}
$data merge entity $(rightthumb2) {transformation: [0.9727f,-0.0566f,-0.2249f,-1.1351f,0.0758f,0.9941f,0.0778f,2.5577f,0.2192f,-0.0927f,0.9713f,1.0905f,0f,0f,0f,1f],start_interpolation: 0,interpolation_duration: 1}
$data merge entity $(rightthumb) {transformation: [0.9727f,-0.0566f,-0.2249f,-1.1682f,0.0758f,0.9941f,0.0778f,2.8082f,0.2192f,-0.0927f,0.9713f,1.1508f,0f,0f,0f,1f],start_interpolation: 0,interpolation_duration: 1}
$data merge entity $(rightpointerfinger) {transformation: [-0.1853f,0.1002f,-0.9776f,-1.2742f,0.0339f,0.9948f,0.0955f,2.8599f,0.9821f,-0.0155f,-0.1878f,1.4793f,0f,0f,0f,1f],start_interpolation: 0,interpolation_duration: 1}
$data merge entity $(rightmidfinger) {transformation: [-0.1895f,0.092f,-0.9776f,-1.4269f,-0.0095f,0.9954f,0.0955f,2.8748f,0.9818f,0.0274f,-0.1878f,1.4499f,0f,0f,0f,1f],start_interpolation: 0,interpolation_duration: 1}
$data merge entity $(rightringfinger) {transformation: [-0.1968f,0.0752f,-0.9776f,-1.5796f,-0.0962f,0.9908f,0.0955f,2.8898f,0.9757f,0.1128f,-0.1878f,1.4206f,0f,0f,0f,1f],start_interpolation: 0,interpolation_duration: 1}
$data merge entity $(hugeasssword) {transformation: [0.2261f,0.7936f,-3.8288f,-1.3858f,3.8329f,0.7136f,0.3742f,2.6504f,0.7734f,-3.7685f,-0.7355f,1.205f,0f,0f,0f,1f],start_interpolation: 0,interpolation_duration: 1}
$data merge entity $(whey) {transformation: [0f,0f,0f,-1.2772f,0f,0f,0f,2.4517f,0f,0f,0f,1.2877f,0f,0f,0f,1f],start_interpolation: 0,interpolation_duration: 1}
$data merge entity $(ice) {transformation: [0.0577f,0.2026f,-0.9776f,-1.3899f,0.9786f,0.1822f,0.0955f,2.6323f,0.1975f,-0.9622f,-0.1878f,1.2169f,0f,0f,0f,1f],start_interpolation: 0,interpolation_duration: 1}
$data merge entity $(righthand1) {transformation: [0.0577f,0.2026f,-0.9776f,-1.3553f,0.9786f,0.1822f,0.0955f,2.9255f,0.1975f,-0.9622f,-0.1878f,1.0199f,0f,0f,0f,1f],start_interpolation: 0,interpolation_duration: 1}
$data merge entity $(rightforearm) {transformation: [-0.9478f,0.1968f,-0.2509f,-1.1538f,0.304f,0.3207f,-0.8971f,3.1459f,-0.0961f,-0.9265f,-0.3637f,0.3801f,0f,0f,0f,1f],start_interpolation: 0,interpolation_duration: 1}
$data merge entity $(rightelbow) {transformation: [-0.9478f,0.1968f,-0.2509f,-1.1169f,0.304f,0.3207f,-0.8971f,3.2061f,-0.0961f,-0.9265f,-0.3637f,0.2064f,0f,0f,0f,1f],start_interpolation: 0,interpolation_duration: 1}
$data merge entity $(rightarm) {transformation: [-0.9478f,0.3188f,-0.0062f,-0.75f,0.304f,0.8977f,-0.3188f,3.5984f,-0.0961f,-0.304f,-0.9478f,0.105f,0f,0f,0f,1f],start_interpolation: 0,interpolation_duration: 1}
$data merge entity $(chest1) {transformation: [-1.0833f,0f,0f,-0.0023f,0f,1.0833f,0f,3.4381f,0f,0f,-1.0833f,-0.0051f,0f,0f,0f,1f],start_interpolation: 0,interpolation_duration: 1}
$data merge entity $(chest1lid) {transformation: [-1f,0f,0f,-0.3438f,0f,1f,0f,2.7546f,0f,0f,-1f,0.3863f,0f,0f,0f,1f],start_interpolation: 0,interpolation_duration: 1}
$data merge entity $(chest2) {transformation: [-1f,0f,0f,-0.3438f,0f,1f,0f,2.5984f,0f,0f,-1f,0.3863f,0f,0f,0f,1f],start_interpolation: 0,interpolation_duration: 1}
$data merge entity $(chest1lid3) {transformation: [-1f,0f,0f,-0.2812f,0f,1f,0f,2.7546f,0f,0f,-1f,-0.2544f,0f,0f,0f,1f],start_interpolation: 0,interpolation_duration: 1}
$data merge entity $(chest3) {transformation: [-1f,0f,0f,-0.2812f,0f,1f,0f,2.5984f,0f,0f,-1f,-0.2544f,0f,0f,0f,1f],start_interpolation: 0,interpolation_duration: 1}
$data merge entity $(hugeasssword2) {transformation: [0f,2.8877f,-2.6461f,-1.2344f,0f,2.6461f,2.8877f,4.5984f,3.9167f,0f,0f,-0.27f,0f,0f,0f,1f],start_interpolation: 0,interpolation_duration: 1}
$data merge entity $(belt) {transformation: [-1f,0f,0f,0.0297f,0f,1f,0f,3.0398f,0f,0f,-1f,0.1259f,0f,0f,0f,1f],start_interpolation: 0,interpolation_duration: 1}
$data merge entity $(torn_part) {transformation: [-1f,0f,0f,-0.0938f,0f,0.9537f,0.3007f,2.7546f,0f,0.3007f,-0.9537f,0.1206f,0f,0f,0f,1f],start_interpolation: 0,interpolation_duration: 1}
$data merge entity $(lowerbody) {transformation: [-1f,0f,0f,0.0039f,0f,1f,0f,2.2664f,0f,0f,-1f,0.2613f,0f,0f,0f,1f],start_interpolation: 0,interpolation_duration: 1}
$data merge entity $(leftfoot) {transformation: [-0.9769f,-0.024f,-0.2122f,0.3149f,-0.0413f,0.9961f,0.0774f,0.1971f,0.2096f,0.0844f,-0.9741f,-0.1684f,0f,0f,0f,1f],start_interpolation: 0,interpolation_duration: 1}
$data merge entity $(leftlowerleg) {transformation: [-0.9769f,0.0098f,-0.2134f,0.3586f,-0.0413f,0.9715f,0.2335f,1.239f,0.2096f,0.2369f,-0.9487f,0.2402f,0f,0f,0f,1f],start_interpolation: 0,interpolation_duration: 1}
$data merge entity $(leftleg) {transformation: [-0.9769f,-0.0783f,-0.1987f,0.25f,-0.0413f,0.982f,-0.1841f,2.2859f,0.2096f,-0.1717f,-0.9626f,0.0894f,0f,0f,0f,1f],start_interpolation: 0,interpolation_duration: 1}
$data merge entity $(rightfoot) {transformation: [-0.9911f,0.0316f,0.1293f,-0.3293f,0.0419f,0.9961f,0.0779f,0.1717f,-0.1263f,0.0826f,-0.9885f,-0.2368f,0f,0f,0f,1f],start_interpolation: 0,interpolation_duration: 1}
$data merge entity $(rightlowerleg) {transformation: [-0.9911f,0.0154f,0.1322f,-0.3325f,0.0419f,0.9789f,0.1999f,1.227f,-0.1263f,0.2037f,-0.9708f,0.1384f,0f,0f,0f,1f],start_interpolation: 0,interpolation_duration: 1}
$data merge entity $(rightleg) {transformation: [-0.9911f,0.0515f,0.1227f,-0.25f,0.0419f,0.9959f,-0.0799f,2.2859f,-0.1263f,-0.0741f,-0.9892f,0.0894f,0f,0f,0f,1f],start_interpolation: 0,interpolation_duration: 1}
data modify entity @s data merge value {"cameras":{},"locators":{"soup":{"px":1.1767066677471767,"py":2.6304152589864467,"pz":1.2865598840751022,"ry":13.39299949996186,"rx":-55.700841114615464},"lefthand":{"px":0.9953639565066511,"py":2.570014559026006,"pz":1.2773977859274095,"ry":274.1633978979762,"rx":-6.243781893921743},"sword":{"px":2.232382400530697,"py":2.367340427211445,"pz":1.9458424826630851,"ry":280.8733815477818,"rx":5.48297225862157},"righthand":{"px":-1.37234516969337,"py":2.7196807806093948,"pz":1.2534179959254241,"ry":280.8733815477818,"rx":5.48297225862157},"chest":{"px":-0.3750000000000001,"py":2.69214570473251,"pz":0.5425186471193415,"ry":0,"rx":0}}}