# This file was generated by Animated Java via MC-Build. It is not recommended to edit this file directly.
$data merge entity $(nose) {transformation: [-1f,0f,0f,0f,0f,0.8792f,0.4764f,3.9299f,0f,0.4764f,-0.8792f,0.9981f,0f,0f,0f,1f],start_interpolation: 0,interpolation_duration: 1}
$data merge entity $(glowing_eye) {transformation: [-1f,0f,0f,-0.125f,0f,0.8792f,0.4764f,3.9728f,0f,0.4764f,-0.8792f,1.061f,0f,0f,0f,1f],start_interpolation: 0,interpolation_duration: 1}
$data merge entity $(head) {transformation: [-1f,0f,0f,0f,0f,0.8792f,0.4764f,3.9106f,0f,0.4764f,-0.8792f,0.7746f,0f,0f,0f,1f],start_interpolation: 0,interpolation_duration: 1}
$data merge entity $(leftthumb2) {transformation: [-1f,0f,0f,1.2379f,0f,0.2547f,-0.967f,2.5154f,0f,-0.967f,-0.2547f,1.9594f,0f,0f,0f,1f],start_interpolation: 0,interpolation_duration: 1}
$data merge entity $(leftthumb) {transformation: [-1f,0f,0f,1.2379f,0f,0.2547f,-0.967f,2.4952f,0f,-0.967f,-0.2547f,1.7005f,0f,0f,0f,1f],start_interpolation: 0,interpolation_duration: 1}
$data merge entity $(leftpointerfinger) {transformation: [-0.1285f,0.0227f,-0.9914f,1.2057f,0.9338f,0.3393f,-0.1133f,2.2329f,0.3338f,-0.9404f,-0.0648f,1.9285f,0f,0f,0f,1f],start_interpolation: 0,interpolation_duration: 1}
$data merge entity $(leftmidfinger) {transformation: [-0.1285f,0.0227f,-0.9914f,1.0508f,0.9338f,0.3393f,-0.1133f,2.2152f,0.3338f,-0.9404f,-0.0648f,1.9184f,0f,0f,0f,1f],start_interpolation: 0,interpolation_duration: 1}
$data merge entity $(leftringfinger) {transformation: [-0.1261f,0.0338f,-0.9914f,0.8959f,0.9599f,0.2566f,-0.1133f,2.1975f,0.2506f,-0.9659f,-0.0648f,1.9082f,0f,0f,0f,1f],start_interpolation: 0,interpolation_duration: 1}
$data merge entity $(invisibility) {transformation: [-0.0864f,0.9877f,0.1305f,1.2122f,0.4845f,0.1561f,-0.8607f,2.4521f,-0.8705f,-0.0111f,-0.492f,1.9278f,0f,0f,0f,1f],start_interpolation: 0,interpolation_duration: 1}
$data merge entity $(swiftness) {transformation: [-0.9914f,0f,0.1305f,1.0195f,-0.1133f,0.4963f,-0.8607f,2.4085f,-0.0648f,-0.8682f,-0.492f,2.0589f,0f,0f,0f,1f],start_interpolation: 0,interpolation_duration: 1}
$data merge entity $(suspicious_stew) {transformation: [-0.419f,0.8986f,0.1305f,1.0263f,0.4019f,0.3124f,-0.8607f,2.4076f,-0.8142f,-0.3082f,-0.492f,1.9564f,0f,0f,0f,1f],start_interpolation: 0,interpolation_duration: 1}
$data merge entity $(log) {transformation: [-0.1305f,0f,-0.9914f,0.9676f,0.8607f,0.4963f,-0.1133f,2.545f,0.492f,-0.8682f,-0.0648f,1.8909f,0f,0f,0f,1f],start_interpolation: 0,interpolation_duration: 1}
$data merge entity $(planks) {transformation: [-0.1305f,0f,-0.9914f,0.9554f,0.8607f,0.4963f,-0.1133f,2.6257f,0.492f,-0.8682f,-0.0648f,1.9371f,0f,0f,0f,1f],start_interpolation: 0,interpolation_duration: 1}
$data merge entity $(lefthand1) {transformation: [-0.1305f,0f,-0.9914f,1.0312f,0.8607f,0.4963f,-0.1133f,2.4575f,0.492f,-0.8682f,-0.0648f,1.5529f,0f,0f,0f,1f],start_interpolation: 0,interpolation_duration: 1}
$data merge entity $(leftforearm) {transformation: [-1f,0f,0f,0.9687f,0f,0.4963f,-0.8682f,2.82f,0f,-0.8682f,-0.4963f,0.9502f,0f,0f,0f,1f],start_interpolation: 0,interpolation_duration: 1}
$data merge entity $(leftelbow) {transformation: [-1f,0f,0f,0.9687f,0f,0.4946f,-0.8691f,2.9127f,0f,-0.8691f,-0.4946f,0.7873f,0f,0f,0f,1f],start_interpolation: 0,interpolation_duration: 1}
$data merge entity $(leftarm) {transformation: [-1f,0f,0f,0.75f,0f,0.9956f,-0.0934f,3.4134f,0f,-0.0934f,-0.9956f,0.7717f,0f,0f,0f,1f],start_interpolation: 0,interpolation_duration: 1}
$data merge entity $(rightthumb2) {transformation: [0.9621f,-0.1403f,-0.2339f,-1.0842f,0.157f,0.9861f,0.0544f,2.3342f,0.223f,-0.0891f,0.9707f,1.7107f,0f,0f,0f,1f],start_interpolation: 0,interpolation_duration: 1}
$data merge entity $(rightthumb) {transformation: [0.9621f,-0.1403f,-0.2339f,-1.1386f,0.157f,0.9861f,0.0544f,2.5806f,0.223f,-0.0891f,0.9707f,1.7718f,0f,0f,0f,1f],start_interpolation: 0,interpolation_duration: 1}
$data merge entity $(rightpointerfinger) {transformation: [-0.1908f,0.0157f,-0.9815f,-1.2497f,0.0141f,0.9998f,0.0132f,2.6219f,0.9815f,-0.0113f,-0.191f,2.1001f,0f,0f,0f,1f],start_interpolation: 0,interpolation_duration: 1}
$data merge entity $(rightmidfinger) {transformation: [-0.1913f,0.0073f,-0.9815f,-1.403f,-0.0295f,0.9995f,0.0132f,2.6239f,0.9811f,0.0315f,-0.191f,2.0703f,0f,0f,0f,1f],start_interpolation: 0,interpolation_duration: 1}
$data merge entity $(rightringfinger) {transformation: [-0.1912f,-0.0094f,-0.9815f,-1.5564f,-0.1165f,0.9931f,0.0132f,2.626f,0.9746f,0.1169f,-0.191f,2.0405f,0f,0f,0f,1f],start_interpolation: 0,interpolation_duration: 1}
$data merge entity $(hugeasssword) {transformation: [-0.1019f,0.7428f,-3.8442f,-1.3423f,3.8351f,0.7936f,0.0517f,2.4048f,0.7888f,-3.7628f,-0.748f,1.8247f,0f,0f,0f,1f],start_interpolation: 0,interpolation_duration: 1}
$data merge entity $(whey) {transformation: [0f,0f,0f,-1.2176f,0f,0f,0f,2.2156f,0f,0f,0f,1.907f,0f,0f,0f,1f],start_interpolation: 0,interpolation_duration: 1}
$data merge entity $(ice) {transformation: [-0.026f,0.1897f,-0.9815f,-1.3448f,0.9792f,0.2026f,0.0132f,2.3863f,0.2014f,-0.9607f,-0.191f,1.8365f,0f,0f,0f,1f],start_interpolation: 0,interpolation_duration: 1}
$data merge entity $(righthand1) {transformation: [-0.026f,0.1897f,-0.9815f,-1.3346f,0.9792f,0.2026f,0.0132f,2.6822f,0.2014f,-0.9607f,-0.191f,1.6407f,0f,0f,0f,1f],start_interpolation: 0,interpolation_duration: 1}
$data merge entity $(rightforearm) {transformation: [-0.9537f,0.1822f,-0.2393f,-1.1432f,0.292f,0.3696f,-0.8821f,2.9376f,-0.0722f,-0.9112f,-0.4057f,1.0109f,0f,0f,0f,1f],start_interpolation: 0,interpolation_duration: 1}
$data merge entity $(rightelbow) {transformation: [-0.9537f,0.1822f,-0.2393f,-1.109f,0.292f,0.3696f,-0.8821f,3.0069f,-0.0722f,-0.9112f,-0.4057f,0.8401f,0f,0f,0f,1f],start_interpolation: 0,interpolation_duration: 1}
$data merge entity $(rightarm) {transformation: [-0.9537f,0.3008f,0f,-0.75f,0.292f,0.9258f,-0.2401f,3.4134f,-0.0722f,-0.229f,-0.9707f,0.7717f,0f,0f,0f,1f],start_interpolation: 0,interpolation_duration: 1}
$data merge entity $(chest1) {transformation: [-1.0833f,0f,0f,-0.0023f,0f,1.0812f,0.0682f,3.2604f,0f,0.0682f,-1.0812f,0.6518f,0f,0f,0f,1f],start_interpolation: 0,interpolation_duration: 1}
$data merge entity $(chest1lid) {transformation: [-1f,0f,0f,-0.3438f,0f,0.998f,0.063f,2.5537f,0f,0.063f,-0.998f,0.9993f,0f,0f,0f,1f],start_interpolation: 0,interpolation_duration: 1}
$data merge entity $(chest2) {transformation: [-1f,0f,0f,-0.3438f,0f,0.998f,0.063f,2.3977f,0f,0.063f,-0.998f,0.9894f,0f,0f,0f,1f],start_interpolation: 0,interpolation_duration: 1}
$data merge entity $(chest1lid3) {transformation: [-1f,0f,0f,-0.2813f,0f,0.998f,0.063f,2.594f,0f,0.063f,-0.998f,0.3599f,0f,0f,0f,1f],start_interpolation: 0,interpolation_duration: 1}
$data merge entity $(chest3) {transformation: [-1f,0f,0f,-0.2813f,0f,0.998f,0.063f,2.4381f,0f,0.063f,-0.998f,0.3501f,0f,0f,0f,1f],start_interpolation: 0,interpolation_duration: 1}
$data merge entity $(hugeasssword2) {transformation: [0f,2.8877f,-2.6461f,-1.2344f,-0.2467f,2.6408f,2.8819f,4.4351f,3.9089f,0.1667f,0.1819f,0.4604f,0f,0f,0f,1f],start_interpolation: 0,interpolation_duration: 1}
$data merge entity $(belt) {transformation: [-1f,0f,0f,0.0297f,0f,0.998f,0.063f,2.8546f,0f,0.063f,-0.998f,0.7573f,0f,0f,0f,1f],start_interpolation: 0,interpolation_duration: 1}
$data merge entity $(torn_part) {transformation: [-1f,0f,0f,-0.0938f,0f,0.9329f,0.3602f,2.5704f,0f,0.3602f,-0.9329f,0.7342f,0f,0f,0f,1f],start_interpolation: 0,interpolation_duration: 1}
$data merge entity $(lowerbody) {transformation: [-1f,0f,0f,0.0039f,0f,0.998f,0.063f,2.0742f,0f,0.063f,-0.998f,0.8438f,0f,0f,0f,1f],start_interpolation: 0,interpolation_duration: 1}
$data merge entity $(leftfoot) {transformation: [-0.9746f,-0.0685f,-0.2133f,0.1967f,-0.0432f,0.9917f,-0.1209f,0.1391f,0.2198f,-0.1086f,-0.9695f,-0.0911f,0f,0f,0f,1f],start_interpolation: 0,interpolation_duration: 1}
$data merge entity $(leftlowerleg) {transformation: [-0.9746f,0.0689f,-0.2132f,0.3059f,-0.0432f,0.8758f,0.4807f,1.0369f,0.2198f,0.4777f,-0.8506f,0.5695f,0f,0f,0f,1f],start_interpolation: 0,interpolation_duration: 1}
$data merge entity $(leftleg) {transformation: [-0.9746f,-0.0294f,-0.2221f,0.25f,-0.0432f,0.9974f,0.0579f,2.0938f,0.2198f,0.066f,-0.9733f,0.6719f,0f,0f,0f,1f],start_interpolation: 0,interpolation_duration: 1}
$data merge entity $(rightfoot) {transformation: [-0.9905f,0.0315f,0.1338f,-0.3746f,0.0432f,0.9954f,0.0857f,0.2034f,-0.1305f,0.0906f,-0.9873f,0.7516f,0f,0f,0f,1f],start_interpolation: 0,interpolation_duration: 1}
$data merge entity $(rightlowerleg) {transformation: [-0.9905f,0.0002f,0.1375f,-0.3955f,0.0432f,0.9496f,0.3104f,1.2092f,-0.1305f,0.3134f,-0.9406f,1.2437f,0f,0f,0f,1f],start_interpolation: 0,interpolation_duration: 1}
$data merge entity $(rightleg) {transformation: [-0.9905f,0.1099f,0.0827f,-0.25f,0.0432f,0.8197f,-0.5711f,2.0938f,-0.1305f,-0.5621f,-0.8167f,0.6719f,0f,0f,0f,1f],start_interpolation: 0,interpolation_duration: 1}
data modify entity @s data merge value {"cameras":{},"locators":{"soup":{"px":1.1767066677471765,"py":2.4882299054515853,"pz":1.9187693878535161,"ry":14.857449229979693,"rx":-59.39991792410638},"lefthand":{"px":0.9953639565066509,"py":2.4273535354658473,"pz":1.9136453098351227,"ry":273.7381126621699,"rx":-6.506662128039697},"sword":{"px":2.2844121171911165,"py":2.426063422921108,"pz":2.5776348464233703,"ry":281.0110025123874,"rx":0.7565815829969138},"righthand":{"px":-1.3348873735529592,"py":2.474754854188075,"pz":1.873392991077608,"ry":281.0110025123874,"rx":0.7565815829969138},"chest":{"px":-0.37500000000000017,"py":2.48144035817164,"pz":1.1512590196883103,"ry":0,"rx":3.6111111111111147}}}