# This file was generated by Animated Java via MC-Build. It is not recommended to edit this file directly.
$data merge entity $(nose) {transformation: [-1f,0f,0f,0f,0f,0.6925f,0.7214f,3.6527f,0f,0.7214f,-0.6925f,1.2823f,0f,0f,0f,1f],start_interpolation: 0,interpolation_duration: 1}
$data merge entity $(glowing_eye) {transformation: [-1f,0f,0f,-0.125f,0f,0.6925f,0.7214f,3.6744f,0f,0.7214f,-0.6925f,1.3553f,0f,0f,0f,1f],start_interpolation: 0,interpolation_duration: 1}
$data merge entity $(head) {transformation: [-1f,0f,0f,0f,0f,0.6925f,0.7214f,3.7023f,0f,0.7214f,-0.6925f,1.0635f,0f,0f,0f,1f],start_interpolation: 0,interpolation_duration: 1}
$data merge entity $(leftthumb2) {transformation: [-1f,0f,0f,1.2379f,0f,0.2824f,-0.9593f,2.2584f,0f,-0.9593f,-0.2824f,2.001f,0f,0f,0f,1f],start_interpolation: 0,interpolation_duration: 1}
$data merge entity $(leftthumb) {transformation: [-1f,0f,0f,1.2379f,0f,0.2824f,-0.9593f,2.2456f,0f,-0.9593f,-0.2824f,1.7416f,0f,0f,0f,1f],start_interpolation: 0,interpolation_duration: 1}
$data merge entity $(leftpointerfinger) {transformation: [-0.1285f,0.0227f,-0.9914f,1.2057f,0.9238f,0.3662f,-0.1114f,1.9769f,0.3606f,-0.9303f,-0.068f,1.962f,0f,0f,0f,1f],start_interpolation: 0,interpolation_duration: 1}
$data merge entity $(leftmidfinger) {transformation: [-0.1285f,0.0227f,-0.9914f,1.0508f,0.9238f,0.3662f,-0.1114f,1.9595f,0.3606f,-0.9303f,-0.068f,1.9514f,0f,0f,0f,1f],start_interpolation: 0,interpolation_duration: 1}
$data merge entity $(leftringfinger) {transformation: [-0.1261f,0.0338f,-0.9914f,0.8959f,0.9522f,0.2843f,-0.1114f,1.9421f,0.2781f,-0.9581f,-0.068f,1.9407f,0f,0f,0f,1f],start_interpolation: 0,interpolation_duration: 1}
$data merge entity $(invisibility) {transformation: [-0.0864f,0.9877f,0.1305f,1.2122f,0.5094f,0.1564f,-0.8462f,2.196f,-0.8562f,-0.0066f,-0.5166f,1.9676f,0f,0f,0f,1f],start_interpolation: 0,interpolation_duration: 1}
$data merge entity $(swiftness) {transformation: [-0.9914f,0f,0.1305f,1.0195f,-0.1114f,0.5211f,-0.8462f,2.1486f,-0.068f,-0.8535f,-0.5166f,2.0974f,0f,0f,0f,1f],start_interpolation: 0,interpolation_duration: 1}
$data merge entity $(suspicious_stew) {transformation: [-0.419f,0.8986f,0.1305f,1.0263f,0.4252f,0.3212f,-0.8462f,2.1507f,-0.8023f,-0.2991f,-0.5166f,1.9949f,0f,0f,0f,1f],start_interpolation: 0,interpolation_duration: 1}
$data merge entity $(log) {transformation: [-0.1305f,0f,-0.9914f,0.9676f,0.8462f,0.5211f,-0.1114f,2.2899f,0.5166f,-0.8535f,-0.068f,1.9335f,0f,0f,0f,1f],start_interpolation: 0,interpolation_duration: 1}
$data merge entity $(planks) {transformation: [-0.1305f,0f,-0.9914f,0.9554f,0.8462f,0.5211f,-0.1114f,2.3693f,0.5166f,-0.8535f,-0.068f,1.9819f,0f,0f,0f,1f],start_interpolation: 0,interpolation_duration: 1}
$data merge entity $(lefthand1) {transformation: [-0.1305f,0f,-0.9914f,1.0312f,0.8462f,0.5211f,-0.1114f,2.2121f,0.5166f,-0.8535f,-0.068f,1.593f,0f,0f,0f,1f],start_interpolation: 0,interpolation_duration: 1}
$data merge entity $(leftforearm) {transformation: [-1f,0f,0f,0.9687f,0f,0.5211f,-0.8535f,2.5919f,0f,-0.8535f,-0.5211f,1.0011f,0f,0f,0f,1f],start_interpolation: 0,interpolation_duration: 1}
$data merge entity $(leftelbow) {transformation: [-1f,0f,0f,0.9687f,0f,0.7059f,-0.7083f,2.7242f,0f,-0.7083f,-0.7059f,0.8683f,0f,0f,0f,1f],start_interpolation: 0,interpolation_duration: 1}
$data merge entity $(leftarm) {transformation: [-1f,0f,0f,0.75f,0f,0.9851f,0.172f,3.2114f,0f,0.172f,-0.9851f,0.985f,0f,0f,0f,1f],start_interpolation: 0,interpolation_duration: 1}
$data merge entity $(rightthumb2) {transformation: [0.972f,-0.1366f,-0.1913f,-1.0516f,0.1473f,0.9881f,0.0432f,2.1148f,0.1831f,-0.0701f,0.9806f,1.8507f,0f,0f,0f,1f],start_interpolation: 0,interpolation_duration: 1}
$data merge entity $(rightthumb) {transformation: [0.972f,-0.1366f,-0.1913f,-1.1014f,0.1473f,0.9881f,0.0432f,2.3608f,0.1831f,-0.0701f,0.9806f,1.9173f,0f,0f,0f,1f],start_interpolation: 0,interpolation_duration: 1}
$data merge entity $(rightpointerfinger) {transformation: [-0.148f,0.0227f,-0.9887f,-1.1979f,0.0024f,0.9997f,0.0226f,2.3984f,0.989f,0.001f,-0.148f,2.2506f,0f,0f,0f,1f],start_interpolation: 0,interpolation_duration: 1}
$data merge entity $(rightmidfinger) {transformation: [-0.1488f,0.0162f,-0.9887f,-1.3524f,-0.0412f,0.9989f,0.0226f,2.402f,0.988f,0.0441f,-0.148f,2.2275f,0f,0f,0f,1f],start_interpolation: 0,interpolation_duration: 1}
$data merge entity $(rightringfinger) {transformation: [-0.1497f,0.0032f,-0.9887f,-1.5068f,-0.1281f,0.9915f,0.0226f,2.4055f,0.9804f,0.1301f,-0.148f,2.2044f,0f,0f,0f,1f],start_interpolation: 0,interpolation_duration: 1}
$data merge entity $(hugeasssword) {transformation: [-0.0387f,0.5851f,-3.8725f,-1.3039f,3.8249f,0.8383f,0.0885f,2.1857f,0.8421f,-3.7809f,-0.5797f,1.9766f,0f,0f,0f,1f],start_interpolation: 0,interpolation_duration: 1}
$data merge entity $(whey) {transformation: [0f,0f,0f,-1.1772f,0f,0f,0f,1.9946f,0f,0f,0f,2.051f,0f,0f,0f,1f],start_interpolation: 0,interpolation_duration: 1}
$data merge entity $(ice) {transformation: [-0.0099f,0.1494f,-0.9887f,-1.3061f,0.9766f,0.214f,0.0226f,2.1671f,0.215f,-0.9653f,-0.148f,1.9884f,0f,0f,0f,1f],start_interpolation: 0,interpolation_duration: 1}
$data merge entity $(righthand1) {transformation: [-0.0099f,0.1494f,-0.9887f,-1.3021f,0.9766f,0.214f,0.0226f,2.4654f,0.215f,-0.9653f,-0.148f,1.7962f,0f,0f,0f,1f],start_interpolation: 0,interpolation_duration: 1}
$data merge entity $(rightforearm) {transformation: [-0.9537f,0.1453f,-0.2633f,-1.1363f,0.2996f,0.3804f,-0.875f,2.7279f,-0.027f,-0.9133f,-0.4063f,1.162f,0f,0f,0f,1f],start_interpolation: 0,interpolation_duration: 1}
$data merge entity $(rightelbow) {transformation: [-0.9537f,0.1453f,-0.2633f,-1.109f,0.2996f,0.3804f,-0.875f,2.7992f,-0.027f,-0.9133f,-0.4063f,0.9907f,0f,0f,0f,1f],start_interpolation: 0,interpolation_duration: 1}
$data merge entity $(rightarm) {transformation: [-0.9537f,0.3008f,0f,-0.75f,0.2996f,0.9499f,-0.0896f,3.2114f,-0.027f,-0.0855f,-0.996f,0.985f,0f,0f,0f,1f],start_interpolation: 0,interpolation_duration: 1}
$data merge entity $(chest1) {transformation: [-1.0833f,0f,0f,-0.0023f,0f,1.0582f,0.2319f,3.0784f,0f,0.2319f,-1.0582f,0.8432f,0f,0f,0f,1f],start_interpolation: 0,interpolation_duration: 1}
$data merge entity $(chest1lid) {transformation: [-1f,0f,0f,-0.3438f,0f,0.9768f,0.2141f,2.327f,0f,0.2141f,-0.9768f,1.0791f,0f,0f,0f,1f],start_interpolation: 0,interpolation_duration: 1}
$data merge entity $(chest2) {transformation: [-1f,0f,0f,-0.3438f,0f,0.9768f,0.2141f,2.1744f,0f,0.2141f,-0.9768f,1.0457f,0f,0f,0f,1f],start_interpolation: 0,interpolation_duration: 1}
$data merge entity $(chest1lid3) {transformation: [-1f,0f,0f,-0.2813f,0f,0.9768f,0.2141f,2.4641f,0f,0.2141f,-0.9768f,0.4534f,0f,0f,0f,1f],start_interpolation: 0,interpolation_duration: 1}
$data merge entity $(chest3) {transformation: [-1f,0f,0f,-0.2813f,0f,0.9768f,0.2141f,2.3115f,0f,0.2141f,-0.9768f,0.4199f,0f,0f,0f,1f],start_interpolation: 0,interpolation_duration: 1}
$data merge entity $(hugeasssword2) {transformation: [0f,2.8877f,-2.6461f,-1.2344f,-0.8385f,2.5847f,2.8207f,4.2685f,3.8259f,0.5665f,0.6182f,0.8328f,0f,0f,0f,1f],start_interpolation: 0,interpolation_duration: 1}
$data merge entity $(belt) {transformation: [-1f,0f,0f,0.0297f,0f,0.9768f,0.2141f,2.6613f,0f,0.2141f,-0.9768f,0.8858f,0f,0f,0f,1f],start_interpolation: 0,interpolation_duration: 1}
$data merge entity $(torn_part) {transformation: [-1f,0f,0f,-0.0938f,0f,0.8799f,0.4752f,2.3851f,0f,0.4752f,-0.8799f,0.8236f,0f,0f,0f,1f],start_interpolation: 0,interpolation_duration: 1}
$data merge entity $(lowerbody) {transformation: [-1f,0f,0f,0.0039f,0f,0.982f,0.1887f,1.8791f,0f,0.1887f,-0.982f,0.8696f,0f,0f,0f,1f],start_interpolation: 0,interpolation_duration: 1}
$data merge entity $(leftfoot) {transformation: [-0.9754f,0.0908f,-0.2011f,0.0577f,-0.0426f,0.8168f,0.5753f,0.4243f,0.2164f,0.5697f,-0.7928f,-0.6031f,0f,0f,0f,1f],start_interpolation: 0,interpolation_duration: 1}
$data merge entity $(leftlowerleg) {transformation: [-0.9754f,0.1622f,-0.1495f,0.2607f,-0.0426f,0.5264f,0.8492f,0.8777f,0.2164f,0.8346f,-0.5065f,0.4007f,0f,0f,0f,1f],start_interpolation: 0,interpolation_duration: 1}
$data merge entity $(leftleg) {transformation: [-0.9754f,0.0132f,-0.2202f,0.25f,-0.0426f,0.9681f,0.2468f,1.8986f,0.2164f,0.2501f,-0.9437f,0.6977f,0f,0f,0f,1f],start_interpolation: 0,interpolation_duration: 1}
$data merge entity $(rightfoot) {transformation: [-0.9905f,0.0396f,0.1317f,-0.3884f,0.0432f,0.9988f,0.0248f,0.1308f,-0.1305f,0.0302f,-0.991f,0.9227f,0f,0f,0f,1f],start_interpolation: 0,interpolation_duration: 1}
$data merge entity $(rightlowerleg) {transformation: [-0.9905f,-0.0005f,0.1375f,-0.41f,0.0432f,0.9482f,0.3147f,1.1343f,-0.1305f,0.3176f,-0.9392f,1.4194f,0f,0f,0f,1f],start_interpolation: 0,interpolation_duration: 1}
$data merge entity $(rightleg) {transformation: [-0.9905f,0.123f,0.0615f,-0.25f,0.0432f,0.7032f,-0.7097f,1.8986f,-0.1305f,-0.7003f,-0.7018f,0.6977f,0f,0f,0f,1f],start_interpolation: 0,interpolation_duration: 1}
data modify entity @s data merge value {"cameras":{},"locators":{"soup":{"px":1.1767066677471765,"py":2.2323497299265,"pz":1.9596382787062672,"ry":14.179424803734804,"rx":-57.801872415650294},"lefthand":{"px":0.9953639565066509,"py":2.17164623044653,"pz":1.9527626878906066,"ry":273.92436957126165,"rx":-6.396356449509469},"sword":{"px":2.3520008610670633,"py":2.1716246917075694,"pz":2.5716954423140086,"ry":278.51373793416826,"rx":1.2947015927237797},"righthand":{"px":-1.2939333095299272,"py":2.2549433213907184,"pz":2.025913178383649,"ry":278.51373793416826,"rx":1.2947015927237797},"chest":{"px":-0.37500000000000017,"py":2.232493244842973,"pz":1.2183751482363263,"ry":0,"rx":12.361366063180128}}}