# This file was generated by Animated Java via MC-Build. It is not recommended to edit this file directly.
$data merge entity $(bone_nose) {transformation: [-1f,0f,0f,0f,0f,0.0815f,0.9967f,2.7301f,0f,0.9967f,-0.0815f,1.8258f,0f,0f,0f,1f],start_interpolation: 0,interpolation_duration: 1}
$data merge entity $(bone_glowing_eye) {transformation: [-1f,0f,0f,-0.125f,0f,0.0815f,0.9967f,2.7009f,0f,0.9967f,-0.0815f,1.8962f,0f,0f,0f,1f],start_interpolation: 0,interpolation_duration: 1}
$data merge entity $(bone_head) {transformation: [-1f,0f,0f,0f,0f,0.0815f,0.9967f,2.9067f,0f,0.9967f,-0.0815f,1.6875f,0f,0f,0f,1f],start_interpolation: 0,interpolation_duration: 1}
$data merge entity $(bone_leftthumb2) {transformation: [-1f,0f,0f,1.2379f,0f,0.447f,-0.8945f,1.5677f,0f,-0.8945f,-0.447f,1.8749f,0f,0f,0f,1f],start_interpolation: 0,interpolation_duration: 1}
$data merge entity $(bone_leftthumb) {transformation: [-1f,0f,0f,1.2379f,0f,0.447f,-0.8945f,1.6009f,0f,-0.8945f,-0.447f,1.6173f,0f,0f,0f,1f],start_interpolation: 0,interpolation_duration: 1}
$data merge entity $(bone_leftpointerfinger) {transformation: [-0.1285f,0.0227f,-0.9914f,1.2057f,0.8459f,0.5243f,-0.0977f,1.2975f,0.5176f,-0.8512f,-0.0866f,1.7869f,0f,0f,0f,1f],start_interpolation: 0,interpolation_duration: 1}
$data merge entity $(bone_leftmidfinger) {transformation: [-0.1285f,0.0227f,-0.9914f,1.0508f,0.8459f,0.5243f,-0.0977f,1.2823f,0.5176f,-0.8512f,-0.0866f,1.7734f,0f,0f,0f,1f],start_interpolation: 0,interpolation_duration: 1}
$data merge entity $(bone_leftringfinger) {transformation: [-0.1261f,0.0338f,-0.9914f,0.8959f,0.8884f,0.4486f,-0.0977f,1.267f,0.4415f,-0.8931f,-0.0866f,1.7598f,0f,0f,0f,1f],start_interpolation: 0,interpolation_duration: 1}
$data merge entity $(bone_invisibility) {transformation: [-0.0864f,0.9877f,0.1305f,1.2122f,0.6522f,0.1551f,-0.742f,1.5122f,-0.7531f,0.021f,-0.6576f,1.831f,0f,0f,0f,1f],start_interpolation: 0,interpolation_duration: 1}
$data merge entity $(bone_swiftness) {transformation: [-0.9914f,0f,0.1305f,1.0195f,-0.0977f,0.6633f,-0.742f,1.4427f,-0.0866f,-0.7484f,-0.6576f,1.9504f,0f,0f,0f,1f],start_interpolation: 0,interpolation_duration: 1}
$data merge entity $(bone_suspicious_stew) {transformation: [-0.419f,0.8986f,0.1305f,1.0263f,0.5598f,0.3688f,-0.742f,1.4628f,-0.7149f,-0.2378f,-0.6576f,1.8499f,0f,0f,0f,1f],start_interpolation: 0,interpolation_duration: 1}
$data merge entity $(bone_log) {transformation: [-0.1305f,0f,-0.9914f,0.9676f,0.742f,0.6633f,-0.0977f,1.6107f,0.6576f,-0.7484f,-0.0866f,1.8139f,0f,0f,0f,1f],start_interpolation: 0,interpolation_duration: 1}
$data merge entity $(bone_planks) {transformation: [-0.1305f,0f,-0.9914f,0.9554f,0.742f,0.6633f,-0.0977f,1.6803f,0.6576f,-0.7484f,-0.0866f,1.8756f,0f,0f,0f,1f],start_interpolation: 0,interpolation_duration: 1}
$data merge entity $(bone_lefthand1) {transformation: [-0.1305f,0f,-0.9914f,1.0312f,0.742f,0.6633f,-0.0977f,1.5941f,0.6576f,-0.7484f,-0.0866f,1.4651f,0f,0f,0f,1f],start_interpolation: 0,interpolation_duration: 1}
$data merge entity $(bone_leftforearm) {transformation: [-1f,0f,0f,0.9687f,0f,0.6633f,-0.7484f,2.0721f,0f,-0.7484f,-0.6633f,0.9493f,0f,0f,0f,1f],start_interpolation: 0,interpolation_duration: 1}
$data merge entity $(bone_leftelbow) {transformation: [-1f,0f,0f,0.9687f,0f,0.9997f,0.0252f,2.2596f,0f,0.0252f,-0.9997f,0.954f,0f,0f,0f,1f],start_interpolation: 0,interpolation_duration: 1}
$data merge entity $(bone_leftarm) {transformation: [-1f,0f,0f,0.75f,0f,0.5528f,0.8333f,2.5099f,0f,0.8333f,-0.5528f,1.388f,0f,0f,0f,1f],start_interpolation: 0,interpolation_duration: 1}
$data merge entity $(bone_rightthumb2) {transformation: [0.9849f,-0.154f,-0.0792f,-0.9472f,0.1476f,0.9857f,-0.0813f,1.3607f,0.0906f,0.0684f,0.9935f,1.9565f,0f,0f,0f,1f],start_interpolation: 0,interpolation_duration: 1}
$data merge entity $(bone_rightthumb) {transformation: [0.9849f,-0.154f,-0.0792f,-0.9917f,0.1476f,0.9857f,-0.0813f,1.5955f,0.0906f,0.0684f,0.9935f,2.0582f,0f,0f,0f,1f],start_interpolation: 0,interpolation_duration: 1}
$data merge entity $(bone_rightpointerfinger) {transformation: [-0.0348f,0.0121f,-0.9993f,-1.0501f,-0.1218f,0.9924f,0.0163f,1.5898f,0.9919f,0.1222f,-0.0331f,2.4023f,0f,0f,0f,1f],start_interpolation: 0,interpolation_duration: 1}
$data merge entity $(bone_rightmidfinger) {transformation: [-0.0353f,0.0106f,-0.9993f,-1.2063f,-0.1649f,0.9862f,0.0163f,1.5924f,0.9857f,0.1654f,-0.0331f,2.3971f,0f,0f,0f,1f],start_interpolation: 0,interpolation_duration: 1}
$data merge entity $(bone_rightringfinger) {transformation: [-0.0361f,0.0075f,-0.9993f,-1.3624f,-0.2503f,0.968f,0.0163f,1.5949f,0.9675f,0.2507f,-0.0331f,2.392f,0f,0f,0f,1f],start_interpolation: 0,interpolation_duration: 1}
$data merge entity $(bone_hugeasssword) {transformation: [0.0169f,0.1435f,-3.914f,-1.1844f,3.6916f,1.3069f,0.0638f,1.4095f,1.3083f,-3.6894f,-0.1296f,2.1176f,0f,0f,0f,1f],start_interpolation: 0,interpolation_duration: 1}
$data merge entity $(bone_ice) {transformation: [0.0043f,0.0366f,-0.9993f,-1.185f,0.9425f,0.3337f,0.0163f,1.3896f,0.334f,-0.942f,-0.0331f,2.1271f,0f,0f,0f,1f],start_interpolation: 0,interpolation_duration: 1}
$data merge entity $(bone_righthand1) {transformation: [0.0043f,0.0366f,-0.9993f,-1.206f,0.9425f,0.3337f,0.0163f,1.7092f,0.334f,-0.942f,-0.0331f,1.9741f,0f,0f,0f,1f],start_interpolation: 0,interpolation_duration: 1}
$data merge entity $(bone_rightforearm) {transformation: [-0.9537f,0.0367f,-0.2985f,-1.1159f,0.2772f,0.4923f,-0.8251f,2.0509f,0.1167f,-0.8696f,-0.4797f,1.3628f,0f,0f,0f,1f],start_interpolation: 0,interpolation_duration: 1}
$data merge entity $(bone_rightelbow) {transformation: [-0.9537f,0.0367f,-0.2985f,-1.109f,0.2772f,0.4923f,-0.8251f,2.1432f,0.1167f,-0.8696f,-0.4797f,1.1997f,0f,0f,0f,1f],start_interpolation: 0,interpolation_duration: 1}
$data merge entity $(bone_rightarm) {transformation: [-0.9537f,0.3008f,0f,-0.75f,0.2772f,0.879f,0.3879f,2.5099f,0.1167f,0.3699f,-0.9217f,1.388f,0f,0f,0f,1f],start_interpolation: 0,interpolation_duration: 1}
$data merge entity $(bone_chest1) {transformation: [-1.0833f,0f,0f,-0.0023f,0f,0.8259f,0.7011f,2.459f,0f,0.7011f,-0.8259f,1.2003f,0f,0f,0f,1f],start_interpolation: 0,interpolation_duration: 1}
$data merge entity $(bone_chest1lid) {transformation: [-1f,0f,0f,-0.3438f,0f,0.7624f,0.6471f,1.6847f,0f,0.6471f,-0.7624f,1.0564f,0f,0f,0f,1f],start_interpolation: 0,interpolation_duration: 1}
$data merge entity $(bone_chest2) {transformation: [-1f,0f,0f,-0.3438f,0f,0.7624f,0.6471f,1.5656f,0f,0.6471f,-0.7624f,0.9552f,0f,0f,0f,1f],start_interpolation: 0,interpolation_duration: 1}
$data merge entity $(bone_chest1lid3) {transformation: [-1f,0f,0f,-0.2812f,0f,0.7624f,0.6471f,2.0992f,0f,0.6471f,-0.7624f,0.568f,0f,0f,0f,1f],start_interpolation: 0,interpolation_duration: 1}
$data merge entity $(bone_chest3) {transformation: [-1f,0f,0f,-0.2812f,0f,0.7624f,0.6471f,1.9801f,0f,0.6471f,-0.7624f,0.4669f,0f,0f,0f,1f],start_interpolation: 0,interpolation_duration: 1}
$data merge entity $(bone_hugeasssword2) {transformation: [0f,2.8877f,-2.6461f,-1.2344f,-2.5346f,2.0173f,2.2015f,3.515f,2.986f,1.7124f,1.8687f,1.7492f,0f,0f,0f,1f],start_interpolation: 0,interpolation_duration: 1}
$data merge entity $(bone_belt) {transformation: [-1f,0f,0f,0.0297f,0f,0.7624f,0.6471f,2.0706f,0f,0.6471f,-0.7624f,1.0423f,0f,0f,0f,1f],start_interpolation: 0,interpolation_duration: 1}
$data merge entity $(bone_torn_part) {transformation: [-1f,0f,0f,-0.0938f,0f,0.7032f,0.711f,1.8535f,0f,0.711f,-0.7032f,0.8888f,0f,0f,0f,1f],start_interpolation: 0,interpolation_duration: 1}
$data merge entity $(bone_lowerbody) {transformation: [-1f,0f,0f,0.0039f,0f,0.8844f,0.4667f,1.356f,0f,0.4667f,-0.8844f,0.7853f,0f,0f,0f,1f],start_interpolation: 0,interpolation_duration: 1}
$data merge entity $(bone_leftfoot) {transformation: [-0.9754f,0.2053f,0.0806f,-0.0026f,-0.0426f,-0.5339f,0.8445f,0.378f,0.2164f,0.8202f,0.5295f,-0.8655f,0f,0f,0f,1f],start_interpolation: 0,interpolation_duration: 1}
$data merge entity $(bone_leftlowerleg) {transformation: [-0.9754f,0.2085f,-0.0721f,0.2398f,-0.0426f,0.143f,0.9888f,0.3847f,0.2164f,0.9675f,-0.1306f,0.228f,0f,0f,0f,1f],start_interpolation: 0,interpolation_duration: 1}
$data merge entity $(bone_leftleg) {transformation: [-0.9754f,0.033f,-0.2181f,0.25f,-0.0426f,0.942f,0.3328f,1.3756f,0.2164f,0.3339f,-0.9174f,0.6134f,0f,0f,0f,1f],start_interpolation: 0,interpolation_duration: 1}
$data merge entity $(bone_rightfoot) {transformation: [-0.9905f,0.0382f,0.1321f,-0.3779f,0.0432f,0.9984f,0.0357f,0.1558f,-0.1305f,0.041f,-0.9906f,0.9401f,0f,0f,0f,1f],start_interpolation: 0,interpolation_duration: 1}
$data merge entity $(bone_rightlowerleg) {transformation: [-0.9905f,-0.0257f,0.1351f,-0.4271f,0.0432f,0.8744f,0.4832f,1.0516f,-0.1305f,0.4845f,-0.865f,1.6105f,0f,0f,0f,1f],start_interpolation: 0,interpolation_duration: 1}
$data merge entity $(bone_rightleg) {transformation: [-0.9905f,0.1374f,-0.0042f,-0.25f,0.0432f,0.2827f,-0.9582f,1.3756f,-0.1305f,-0.9493f,-0.2859f,0.6134f,0f,0f,0f,1f],start_interpolation: 0,interpolation_duration: 1}
data modify entity @s data merge value {"cameras":{},"locators":{"lefthand":{"posx":0.9953639565066509,"posy":1.4908672034387913,"posz":1.812108078379818,"roty":274.9904518774288,"rotx":-5.605795942093566},"sword":{"posx":2.515443162762815,"posy":1.4123756843782225,"posz":2.295675842416544,"roty":271.8970107077111,"rotx":0.9339586559641865},"righthand":{"posx":-1.169546256273811,"posy":1.4724816827272396,"posz":2.173624621404359,"roty":271.8970107077111,"rotx":0.9339586559641865},"chest":{"posx":-0.3750000000000001,"posy":1.5359081303853228,"posz":1.135035112427668,"roty":0,"rotx":40.32621867088989}}}