# This file was generated by Animated Java via MC-Build. It is not recommended to edit this file directly.
$data merge entity $(nose) {transformation: [-1f,0f,0f,0f,0f,0f,1f,2.5654f,0f,1f,0f,1.8978f,0f,0f,0f,1f],start_interpolation: 0,interpolation_duration: 1}
$data merge entity $(glowing_eye) {transformation: [-1f,0f,0f,-0.125f,0f,0f,1f,2.5305f,0f,1f,0f,1.9656f,0f,0f,0f,1f],start_interpolation: 0,interpolation_duration: 1}
$data merge entity $(head) {transformation: [-1f,0f,0f,0f,0f,0f,1f,2.7527f,0f,1f,0f,1.7744f,0f,0f,0f,1f],start_interpolation: 0,interpolation_duration: 1}
$data merge entity $(leftthumb2) {transformation: [-1f,0f,0f,1.2379f,0f,0.4617f,-0.887f,1.4943f,0f,-0.887f,-0.4617f,1.8617f,0f,0f,0f,1f],start_interpolation: 0,interpolation_duration: 1}
$data merge entity $(leftthumb) {transformation: [-1f,0f,0f,1.2379f,0f,0.4617f,-0.887f,1.5317f,0f,-0.887f,-0.4617f,1.6047f,0f,0f,0f,1f],start_interpolation: 0,interpolation_duration: 1}
$data merge entity $(leftpointerfinger) {transformation: [-0.1285f,0.0227f,-0.9914f,1.2057f,0.8372f,0.5384f,-0.0962f,1.2256f,0.5316f,-0.8424f,-0.0882f,1.7692f,0f,0f,0f,1f],start_interpolation: 0,interpolation_duration: 1}
$data merge entity $(leftmidfinger) {transformation: [-0.1285f,0.0227f,-0.9914f,1.0508f,0.8372f,0.5384f,-0.0962f,1.2105f,0.5316f,-0.8424f,-0.0882f,1.7554f,0f,0f,0f,1f],start_interpolation: 0,interpolation_duration: 1}
$data merge entity $(leftringfinger) {transformation: [-0.1261f,0.0338f,-0.9914f,0.8959f,0.8809f,0.4634f,-0.0962f,1.1955f,0.4562f,-0.8855f,-0.0882f,1.7417f,0f,0f,0f,1f],start_interpolation: 0,interpolation_duration: 1}
$data merge entity $(invisibility) {transformation: [-0.0864f,0.9877f,0.1305f,1.2122f,0.6646f,0.1547f,-0.731f,1.4395f,-0.7422f,0.0236f,-0.6698f,1.8169f,0f,0f,0f,1f],start_interpolation: 0,interpolation_duration: 1}
$data merge entity $(swiftness) {transformation: [-0.9914f,0f,0.1305f,1.0195f,-0.0962f,0.6756f,-0.731f,1.3681f,-0.0882f,-0.7373f,-0.6698f,1.9351f,0f,0f,0f,1f],start_interpolation: 0,interpolation_duration: 1}
$data merge entity $(suspicious_stew) {transformation: [-0.419f,0.8986f,0.1305f,1.0263f,0.5716f,0.3727f,-0.731f,1.3898f,-0.7055f,-0.2317f,-0.6698f,1.8349f,0f,0f,0f,1f],start_interpolation: 0,interpolation_duration: 1}
$data merge entity $(log) {transformation: [-0.1305f,0f,-0.9914f,0.9676f,0.731f,0.6756f,-0.0962f,1.5383f,0.6698f,-0.7373f,-0.0882f,1.8014f,0f,0f,0f,1f],start_interpolation: 0,interpolation_duration: 1}
$data merge entity $(planks) {transformation: [-0.1305f,0f,-0.9914f,0.9554f,0.731f,0.6756f,-0.0962f,1.6068f,0.6698f,-0.7373f,-0.0882f,1.8642f,0f,0f,0f,1f],start_interpolation: 0,interpolation_duration: 1}
$data merge entity $(lefthand1) {transformation: [-0.1305f,0f,-0.9914f,1.0312f,0.731f,0.6756f,-0.0962f,1.5274f,0.6698f,-0.7373f,-0.0882f,1.4524f,0f,0f,0f,1f],start_interpolation: 0,interpolation_duration: 1}
$data merge entity $(leftforearm) {transformation: [-1f,0f,0f,0.9687f,0f,0.6756f,-0.7373f,2.014f,0f,-0.7373f,-0.6756f,0.9446f,0f,0f,0f,1f],start_interpolation: 0,interpolation_duration: 1}
$data merge entity $(leftelbow) {transformation: [-1f,0f,0f,0.9687f,0f,0.9848f,0.1736f,2.1986f,0f,0.1736f,-0.9848f,0.9771f,0f,0f,0f,1f],start_interpolation: 0,interpolation_duration: 1}
$data merge entity $(leftarm) {transformation: [-1f,0f,0f,0.75f,0f,0.4226f,0.9063f,2.3816f,0f,0.9063f,-0.4226f,1.4435f,0f,0f,0f,1f],start_interpolation: 0,interpolation_duration: 1}
$data merge entity $(rightthumb2) {transformation: [0.9851f,-0.1624f,-0.057f,-0.9231f,0.157f,0.9836f,-0.0884f,1.2458f,0.0705f,0.0781f,0.9944f,1.9741f,0f,0f,0f,1f],start_interpolation: 0,interpolation_duration: 1}
$data merge entity $(rightthumb) {transformation: [0.9851f,-0.1624f,-0.057f,-0.9678f,0.157f,0.9836f,-0.0884f,1.4795f,0.0705f,0.0781f,0.9944f,2.0782f,0f,0f,0f,1f],start_interpolation: 0,interpolation_duration: 1}
$data merge entity $(rightpointerfinger) {transformation: [-0.0123f,0.0048f,-0.9999f,-1.0188f,-0.1284f,0.9917f,0.0064f,1.4711f,0.9916f,0.1284f,-0.0116f,2.4234f,0f,0f,0f,1f],start_interpolation: 0,interpolation_duration: 1}
$data merge entity $(rightmidfinger) {transformation: [-0.0125f,0.0043f,-0.9999f,-1.175f,-0.1715f,0.9852f,0.0064f,1.4721f,0.9851f,0.1716f,-0.0116f,2.4216f,0f,0f,0f,1f],start_interpolation: 0,interpolation_duration: 1}
$data merge entity $(rightringfinger) {transformation: [-0.0128f,0.0032f,-0.9999f,-1.3313f,-0.2567f,0.9665f,0.0064f,1.4731f,0.9664f,0.2568f,-0.0116f,2.4198f,0f,0f,0f,1f],start_interpolation: 0,interpolation_duration: 1}
$data merge entity $(hugeasssword) {transformation: [0.008f,0.0512f,-3.9163f,-1.1573f,3.6833f,1.3316f,0.025f,1.2913f,1.3318f,-3.683f,-0.0454f,2.1404f,0f,0f,0f,1f],start_interpolation: 0,interpolation_duration: 1}
$data merge entity $(whey) {transformation: [0f,0f,0f,-1.0183f,0f,0f,0f,1.0969f,0f,0f,0f,2.1718f,0f,0f,0f,1f],start_interpolation: 0,interpolation_duration: 1}
$data merge entity $(ice) {transformation: [0.0021f,0.0131f,-0.9999f,-1.1575f,0.9404f,0.34f,0.0064f,1.2713f,0.34f,-0.9403f,-0.0116f,2.1498f,0f,0f,0f,1f],start_interpolation: 0,interpolation_duration: 1}
$data merge entity $(righthand1) {transformation: [0.0021f,0.0131f,-0.9999f,-1.185f,0.9404f,0.34f,0.0064f,1.5916f,0.34f,-0.9403f,-0.0116f,1.9994f,0f,0f,0f,1f],start_interpolation: 0,interpolation_duration: 1}
$data merge entity $(rightforearm) {transformation: [-0.9537f,0.0131f,-0.3005f,-1.1115f,0.2668f,0.4981f,-0.825f,1.938f,0.1389f,-0.867f,-0.4786f,1.3886f,0f,0f,0f,1f],start_interpolation: 0,interpolation_duration: 1}
$data merge entity $(rightelbow) {transformation: [-0.9537f,0.0131f,-0.3005f,-1.109f,0.2668f,0.4981f,-0.825f,2.0314f,0.1389f,-0.867f,-0.4786f,1.226f,0f,0f,0f,1f],start_interpolation: 0,interpolation_duration: 1}
$data merge entity $(rightarm) {transformation: [-0.9537f,0.3008f,0f,-0.75f,0.2668f,0.846f,0.4617f,2.3816f,0.1389f,0.4403f,-0.887f,1.4435f,0f,0f,0f,1f],start_interpolation: 0,interpolation_duration: 1}
$data merge entity $(chest1) {transformation: [-1.0833f,0f,0f,-0.0023f,0f,0.766f,0.766f,2.3461f,0f,0.766f,-0.766f,1.2523f,0f,0f,0f,1f],start_interpolation: 0,interpolation_duration: 1}
$data merge entity $(chest1lid) {transformation: [-1f,0f,0f,-0.3438f,0f,0.7071f,0.7071f,1.5861f,0f,0.7071f,-0.7071f,1.0458f,0f,0f,0f,1f],start_interpolation: 0,interpolation_duration: 1}
$data merge entity $(chest2) {transformation: [-1f,0f,0f,-0.3438f,0f,0.7071f,0.7071f,1.4756f,0f,0.7071f,-0.7071f,0.9353f,0f,0f,0f,1f],start_interpolation: 0,interpolation_duration: 1}
$data merge entity $(chest1lid3) {transformation: [-1f,0f,0f,-0.2813f,0f,0.7071f,0.7071f,2.0391f,0f,0.7071f,-0.7071f,0.5928f,0f,0f,0f,1f],start_interpolation: 0,interpolation_duration: 1}
$data merge entity $(chest3) {transformation: [-1f,0f,0f,-0.2813f,0f,0.7071f,0.7071f,1.9286f,0f,0.7071f,-0.7071f,0.4823f,0f,0f,0f,1f],start_interpolation: 0,interpolation_duration: 1}
$data merge entity $(hugeasssword2) {transformation: [0f,2.8877f,-2.6461f,-1.2344f,-2.7695f,1.871f,2.0419f,3.3539f,2.7695f,1.871f,2.0419f,1.8854f,0f,0f,0f,1f],start_interpolation: 0,interpolation_duration: 1}
$data merge entity $(belt) {transformation: [-1f,0f,0f,0.0297f,0f,0.7071f,0.7071f,1.9719f,0f,0.7071f,-0.7071f,1.0632f,0f,0f,0f,1f],start_interpolation: 0,interpolation_duration: 1}
$data merge entity $(torn_part) {transformation: [-1f,0f,0f,-0.0938f,0f,0.6756f,0.7373f,1.7678f,0f,0.7373f,-0.6756f,0.8995f,0f,0f,0f,1f],start_interpolation: 0,interpolation_duration: 1}
$data merge entity $(lowerbody) {transformation: [-1f,0f,0f,0.0039f,0f,0.866f,0.5f,1.2746f,0f,0.5f,-0.866f,0.7771f,0f,0f,0f,1f],start_interpolation: 0,interpolation_duration: 1}
$data merge entity $(leftfoot) {transformation: [-0.9754f,0.1991f,0.0949f,-0.0054f,-0.0426f,-0.5922f,0.8047f,0.3755f,0.2164f,0.7808f,0.5861f,-0.8706f,0f,0f,0f,1f],start_interpolation: 0,interpolation_duration: 1}
$data merge entity $(leftlowerleg) {transformation: [-0.9754f,0.213f,-0.0573f,0.2398f,-0.0426f,0.0728f,0.9964f,0.3032f,0.2164f,0.9743f,-0.062f,0.2198f,0f,0f,0f,1f],start_interpolation: 0,interpolation_duration: 1}
$data merge entity $(leftleg) {transformation: [-0.9754f,0.033f,-0.2181f,0.25f,-0.0426f,0.942f,0.3328f,1.2941f,0.2164f,0.3339f,-0.9174f,0.6052f,0f,0f,0f,1f],start_interpolation: 0,interpolation_duration: 1}
$data merge entity $(rightfoot) {transformation: [-0.9905f,0.0354f,0.1329f,-0.3707f,0.0432f,0.9975f,0.0564f,0.1833f,-0.1305f,0.0616f,-0.9895f,0.9139f,0f,0f,0f,1f],start_interpolation: 0,interpolation_duration: 1}
$data merge entity $(rightlowerleg) {transformation: [-0.9905f,-0.0319f,0.1338f,-0.4266f,0.0432f,0.8513f,0.5229f,1.0474f,-0.1305f,0.5238f,-0.8418f,1.6243f,0f,0f,0f,1f],start_interpolation: 0,interpolation_duration: 1}
$data merge entity $(rightleg) {transformation: [-0.9905f,0.1367f,-0.0145f,-0.25f,0.0432f,0.2096f,-0.9768f,1.2941f,-0.1305f,-0.9682f,-0.2135f,0.6052f,0f,0f,0f,1f],start_interpolation: 0,interpolation_duration: 1}
data modify entity @s data merge value {"cameras":{},"locators":{"soup":{"px":1.1767066677471765,"py":1.4767196888849727,"pz":1.8160555633170727,"ry":11.027052334069737,"rx":-46.96775980006869},"lefthand":{"px":0.9953639565066509,"py":1.4184741376022487,"pz":1.7976261207332425,"ry":275.082691734047,"rx":-5.522348441990871},"sword":{"px":2.5452684390111946,"py":1.3304970485530645,"pz":2.239308424477052,"ry":270.66411058133366,"rx":0.3652758403617192},"righthand":{"px":-1.1419089250476016,"py":1.3540056830201106,"pz":2.1965687464493207,"ry":270.66411058133366,"rx":0.3652758403617192},"chest":{"px":-0.3750000000000001,"py":1.4314498474254127,"pz":1.11204837390761,"ry":0,"rx":44.99999999999999}}}