# This file was generated by Animated Java via MC-Build. It is not recommended to edit this file directly.
$data merge entity $(bone_nose) { transformation: [-0.9999858658024777f,0.001794148823367537f,-0.005004920106126724f,0.001189312727038177f,0.0023973260209865415f,0.9923735026431727f,-0.12324400220566634f,0.48072952046816453f,0.004745632014621815f,-0.12325425867579905f,-0.99236377739973f,0.5455320856435153f,0f,0f,0f,1f], start_interpolation: 0, interpolation_duration: 1 }
$data merge entity $(bone_glowing_eye) { transformation: [-0.9999858658024777f,0.002591542940652569f,-0.00464242398493034f,-0.12347145169843383f,0.0023973260209865415f,0.9991413011346162f,0.04136318647028592f,0.5472357760868012f,0.004745632014621815f,0.041351472431018665f,-0.9991333918474392f,0.5837905044765228f,0f,0f,0f,1f], start_interpolation: 0, interpolation_duration: 1 }
$data merge entity $(bone_head) { transformation: [-0.9999858658024777f,0.002591542940652569f,-0.00464242398493034f,-4.2973640519969737e-17f,0.0023973260209865415f,0.9991413011346162f,0.04136318647028592f,0.36510413840312184f,0.004745632014621815f,0.041351472431018665f,-0.9991333918474392f,0.3533334117606922f,0f,0f,0f,1f], start_interpolation: 0, interpolation_duration: 1 }
$data merge entity $(bone_leftthumb2) { transformation: [-0.45048470855249734f,0.824596593515118f,0.3422045957079395f,0.3592973979930669f,-0.712170623071148f,-0.10075122586924491f,-0.6947389395451334f,-0.35802065233419444f,-0.5384018304155583f,-0.5566773288441943f,0.6326403564080214f,0.98258720036367f,0f,0f,0f,1f], start_interpolation: 0, interpolation_duration: 1 }
$data merge entity $(bone_leftthumb) { transformation: [-0.45048470855249734f,0.824596593515118f,0.3422045957079395f,0.5907674773159095f,-0.712170623071148f,-0.10075122586924491f,-0.6947389395451334f,-0.442099787770611f,-0.5384018304155583f,-0.5566773288441943f,0.6326403564080214f,0.9001301238023361f,0f,0f,0f,1f], start_interpolation: 0, interpolation_duration: 1 }
$data merge entity $(bone_leftpointerfinger) { transformation: [-0.5965126848908977f,0.7259949252168488f,0.3422045957079395f,0.40174700706281885f,-0.6808393160061654f,-0.23193885327809904f,-0.6947389395451334f,-0.34730391938729055f,-0.42500640294530695f,-0.6474069330022828f,0.6326403564080214f,1.1805691645311043f,0f,0f,0f,1f], start_interpolation: 0, interpolation_duration: 1 }
$data merge entity $(bone_leftmidfinger) { transformation: [-0.5309681470944793f,0.775221801452604f,0.3422045957079395f,0.45521647514218444f,-0.6984633198872453f,-0.17171719963879653f,-0.6947389395451334f,-0.4558568786912176f,-0.4798143573749562f,-0.6079016054435032f,0.6326403564080214f,1.2794192202198575f,0f,0f,0f,1f], start_interpolation: 0, interpolation_duration: 1 }
$data merge entity $(bone_leftringfinger) { transformation: [-0.6276123908595723f,0.699284421044754f,0.3422045957079395f,0.50868594322155f,-0.6700742771527588f,-0.26141589274164356f,-0.6947389395451334f,-0.5644098379951448f,-0.39636239722978067f,-0.665329263978515f,0.6326403564080214f,1.378269275908611f,0f,0f,0f,1f], start_interpolation: 0, interpolation_duration: 1 }
$data merge entity $(bone_invisibility) { transformation: [0.8512838502348621f,-0.26903407533187956f,0.45048470855249734f,0.3805398014367502f,-0.16091832532896225f,0.6833142002093724f,0.7121706230711478f,-0.4865540829695398f,-0.49942076338757724f,-0.6787505949187412f,0.5384018304155583f,0.9897256520546635f,0f,0f,0f,1f], start_interpolation: 0, interpolation_duration: 1 }
$data merge entity $(bone_swiftness) { transformation: [0.3422045957079394f,0.824596593515118f,0.4504847085524974f,0.309576217916398f,-0.6947389395451335f,-0.10075122586924491f,0.7121706230711479f,-0.6402662895573625f,0.6326403564080213f,-0.5566773288441943f,0.5384018304155584f,1.1556875733028333f,0f,0f,0f,1f], start_interpolation: 0, interpolation_duration: 1 }
$data merge entity $(bone_suspicious_stew) { transformation: [0.891960225264415f,0.03834688913882711f,0.45048470855249756f,0.4060501978109677f,-0.3849209835529263f,0.5870680029222342f,0.7121706230711481f,-0.6120949204216315f,-0.2371556302660806f,-0.8086288864728205f,0.5384018304155583f,1.1344399686707392f,0f,0f,0f,1f], start_interpolation: 0, interpolation_duration: 1 }
$data merge entity $(bone_log) { transformation: [-0.45048470855249734f,0.824596593515118f,0.3422045957079395f,0.4829326709973705f,-0.712170623071148f,-0.10075122586924491f,-0.6947389395451334f,-0.7240207073593853f,-0.5384018304155583f,-0.5566773288441943f,0.6326403564080214f,1.0440351476703822f,0f,0f,0f,1f], start_interpolation: 0, interpolation_duration: 1 }
$data merge entity $(bone_planks) { transformation: [-0.45048470855249734f,0.824596593515118f,0.3422045957079395f,0.44069972957057385f,-0.712170623071148f,-0.10075122586924491f,-0.6947389395451334f,-0.7907867032723055f,-0.5384018304155583f,-0.5566773288441943f,0.6326403564080214f,0.9935599760689235f,0f,0f,0f,1f], start_interpolation: 0, interpolation_duration: 1 }
$data merge entity $(bone_lefthand1) { transformation: [-0.45048470855249734f,0.824596593515118f,0.3422045957079395f,0.7910091028984012f,-0.712170623071148f,-0.10075122586924491f,-0.6947389395451334f,-0.5494552661981241f,-0.5384018304155583f,-0.5566773288441943f,0.6326403564080214f,1.0196962619254726f,0f,0f,0f,1f], start_interpolation: 0, interpolation_duration: 1 }
$data merge entity $(bone_leftforearm) { transformation: [-0.6877054211619522f,0.6271328874421703f,-0.3657397916455189f,1.1946950098030165f,0.5269642539292126f,0.0846794380569623f,-0.8456583635553928f,-0.4437663585131937f,-0.4993695312945011f,-0.7742956375046954f,-0.38871112275815695f,0.45013265739217345f,0f,0f,0f,1f], start_interpolation: 0, interpolation_duration: 1 }
$data merge entity $(bone_leftelbow) { transformation: [-0.8425687098988615f,-0.3953635970931827f,-0.3657397916455189f,1.1205643353480448f,0.1234268897819551f,0.5192569065766653f,-0.8456583635553928f,-0.3464056885300689f,0.5242554453490409f,-0.7576674013483563f,-0.38871112275815695f,0.30807001963935665f,0f,0f,0f,1f], start_interpolation: 0, interpolation_duration: 1 }
$data merge entity $(bone_leftarm) { transformation: [-0.8425687098988615f,-0.3953635970931827f,-0.3657397916455189f,0.75f,0.1234268897819551f,0.5192569065766653f,-0.8456583635553928f,-0.033350779240827605f,0.5242554453490409f,-0.7576674013483563f,-0.38871112275815695f,0.05606442022147354f,0f,0f,0f,1f], start_interpolation: 0, interpolation_duration: 1 }
$data merge entity $(bone_rightthumb2) { transformation: [-0.388921575422295f,-0.8226695361349634f,-0.414674381275868f,-0.39030147161622014f,0.821338974315288f,-0.10573970821555821f,-0.5605545498675385f,-0.29197145356331555f,0.4173036034372938f,-0.5585999896365668f,0.7168150069134134f,1.016803475793096f,0f,0f,0f,1f], start_interpolation: 0, interpolation_duration: 1 }
$data merge entity $(bone_rightthumb) { transformation: [-0.388921575422295f,-0.8226695361349634f,-0.414674381275868f,-0.6274920412696814f,0.821338974315288f,-0.10573970821555821f,-0.5605545498675385f,-0.36580691440067475f,0.4173036034372938f,-0.5585999896365668f,0.7168150069134134f,0.9410682362879532f,0f,0f,0f,1f], start_interpolation: 0, interpolation_duration: 1 }
$data merge entity $(bone_rightpointerfinger) { transformation: [-0.435074987730554f,-0.7992214415071295f,-0.414674381275868f,-0.43427882420550024f,0.8139967471182763f,-0.15227571146990465f,-0.5605545498675385f,-0.2485597246651325f,0.384862378951389f,-0.5814268613777661f,0.7168150069134134f,1.2099228431909155f,0f,0f,0f,1f], start_interpolation: 0, interpolation_duration: 1 }
$data merge entity $(bone_rightmidfinger) { transformation: [-0.5977451535699511f,-0.686109239769522f,-0.414674381275868f,-0.4990716962798546f,0.7617432778174912f,-0.32484731078256623f,-0.5605545498675385f,-0.3361463730819354f,0.2498957984510732f,-0.6509441879149266f,0.7168150069134134f,1.3219251880211362f,0f,0f,0f,1f], start_interpolation: 0, interpolation_duration: 1 }
$data merge entity $(bone_rightringfinger) { transformation: [-0.6552689131945653f,-0.6314014641369539f,-0.414674381275868f,-0.563864568354209f,0.7305323060179784f,-0.39000146985217315f,-0.5605545498675385f,-0.42373302149873826f,0.19221134530736594f,-0.6702470026780091f,0.7168150069134134f,1.4339275328513572f,0f,0f,0f,1f], start_interpolation: 0, interpolation_duration: 1 }
$data merge entity $(bone_hugeasssword) { transformation: [-0.00001523276170403989f,-0.0000322212234986194f,-0.000016241413266638164f,-0.5416407995823026f,0.000032169109827348784f,-0.000004141471905109364f,-0.00002195505320314526f,-0.5860276437106572f,0.000016344391134627343f,-0.000021878499594098868f,0.00002807525443744203f,1.0800923607517119f,0f,0f,0f,1f], start_interpolation: 0, interpolation_duration: 1 }
$data merge entity $(bone_ice) { transformation: [-0.388921575422295f,-0.8226695361349634f,-0.414674381275868f,-0.5227096884642204f,0.821338974315288f,-0.10573970821555821f,-0.5605545498675385f,-0.5972088822434655f,0.4173036034372938f,-0.5585999896365668f,0.7168150069134134f,1.0823001167860755f,0f,0f,0f,1f], start_interpolation: 0, interpolation_duration: 1 }
$data merge entity $(bone_righthand1) { transformation: [-0.388921575422295f,-0.8226695361349634f,-0.414674381275868f,-0.8385660407684059f,0.821338974315288f,-0.10573970821555821f,-0.5605545498675385f,-0.4358263954018936f,0.4173036034372938f,-0.5585999896365668f,0.7168150069134134f,1.0693764892023014f,0f,0f,0f,1f], start_interpolation: 0, interpolation_duration: 1 }
$data merge entity $(bone_rightforearm) { transformation: [-0.728685236014629f,-0.6101584923466532f,0.31100553215588195f,-1.2269003648886678f,-0.4208817443718844f,0.04073862386774346f,-0.9062002658241951f,-0.3667175623181407f,0.5402558505641414f,-0.7912313054616971f,-0.28649020435015643f,0.48375239633225803f,0f,0f,0f,1f], start_interpolation: 0, interpolation_duration: 1 }
$data merge entity $(bone_rightelbow) { transformation: [-0.8425687098988615f,0.43971982905914636f,0.31100553215588195f,-1.1444528969400778f,-0.12342688978195512f,0.4044340256443699f,-0.9062002658241951f,-0.29088618250982134f,-0.5242554453490411f,-0.8019224344244797f,-0.28649020435015643f,0.3333919398776681f,0f,0f,0f,1f], start_interpolation: 0, interpolation_duration: 1 }
$data merge entity $(bone_rightarm) { transformation: [-0.8425687098988615f,0.43971982905914636f,0.31100553215588195f,-0.75f,-0.12342688978195512f,0.4044340256443699f,-0.9062002658241951f,-0.033350779240827605f,-0.5242554453490411f,-0.8019224344244797f,-0.28649020435015643f,0.05606442022147336f,0f,0f,0f,1f], start_interpolation: 0, interpolation_duration: 1 }
$data merge entity $(bone_chest1) { transformation: [-1.0833333333333333f,-8.527867711287151e-17f,1.0163116982094626e-16f,-0.002323124999999984f,0f,0.8298814800455596f,0.6963532438270843f,-0.08539695179463552f,-1.3267006990762992e-16f,0.6963532438270843f,-0.8298814800455596f,-0.13129286842986393f,0f,0f,0f,1f], start_interpolation: 0, interpolation_duration: 1 }
$data merge entity $(bone_chest1lid) { transformation: [-1f,-6.985714745057531e-17f,1.005861659309428e-16f,-0.34374999999999994f,0f,0.8213483757192263f,0.5704268977734035f,-0.8518435538780158f,-1.2246467991473532e-16f,0.5704268977734035f,-0.8213483757192263f,-0.2821439870607591f,0f,0f,0f,1f], start_interpolation: 0, interpolation_duration: 1 }
$data merge entity $(bone_chest2) { transformation: [-1f,-6.985714745057531e-17f,1.005861659309428e-16f,-0.34374999999999994f,0f,0.8213483757192263f,0.5704268977734035f,-0.9801792375841449f,-1.2246467991473532e-16f,0.5704268977734035f,-0.8213483757192263f,-0.3712731898378534f,0f,0f,0f,1f], start_interpolation: 0, interpolation_duration: 1 }
$data merge entity $(bone_chest1lid3) { transformation: [-1f,-7.665351767214054e-17f,9.55083035924386e-17f,-0.2812499999999999f,0f,0.7798844830928819f,0.6259234721840591f,-0.4465364746454429f,-1.2246467991473532e-16f,0.6259234721840591f,-0.7798844830928819f,-0.7642198686821896f,0f,0f,0f,1f], start_interpolation: 0, interpolation_duration: 1 }
$data merge entity $(bone_chest3) { transformation: [-1f,-7.665351767214054e-17f,9.55083035924386e-17f,-0.2812499999999999f,0f,0.7798844830928819f,0.6259234721840591f,-0.5683934251287057f,-1.2246467991473532e-16f,0.6259234721840591f,-0.7798844830928819f,-0.8620204112109489f,0f,0f,0f,1f], start_interpolation: 0, interpolation_duration: 1 }
$data merge entity $(bone_hugeasssword2) { transformation: [-1.6719478217487493e-15f,1.6552548584844062f,-3.549705499226879f,-1.734375f,-2.5175848046056117f,2.719232172391629f,1.2679987862876712f,0.3872362407476352f,3.0003407355493303f,2.2817067129392097f,1.0639773139072208f,-0.08054889992786102f,0f,0f,0f,1f], start_interpolation: 0, interpolation_duration: 1 }
$data merge entity $(bone_belt) { transformation: [-1f,-7.871877887341986e-17f,9.381338752702732e-17f,0.029705625000000038f,0f,0.7660444431189781f,0.6427876096865394f,-0.47467793989921037f,-1.2246467991473532e-16f,0.6427876096865394f,-0.7660444431189781f,-0.2870573242809212f,0f,0f,0f,1f], start_interpolation: 0, interpolation_duration: 1 }
$data merge entity $(bone_torn_part) { transformation: [-1f,-1.0328566345430088e-16f,6.580022455450643e-17f,-0.09374999999999994f,0f,0.537299608346824f,0.8433914458128857f,-0.6897443345238177f,-1.2246467991473532e-16f,0.8433914458128857f,-0.537299608346824f,-0.4743181810278101f,0f,0f,0f,1f], start_interpolation: 0, interpolation_duration: 1 }
$data merge entity $(bone_lowerbody) { transformation: [-1f,-7.871877887341986e-17f,9.381338752702732e-17f,0.003906250000000083f,0f,0.7660444431189781f,0.6427876096865394f,-1.1541814803776758f,-1.2246467991473532e-16f,0.6427876096865394f,-0.7660444431189781f,-0.6804543187564593f,0f,0f,0f,1f], start_interpolation: 0, interpolation_duration: 1 }
$data merge entity $(bone_leftfoot) { transformation: [-1f,-7.838938692975786e-18f,1.2221353798489902e-16f,0.28125000000000017f,0f,0.9979492705161097f,0.0640097920350059f,-2.9814439018042256f,-1.2246467991473532e-16f,0.0640097920350059f,-0.9979492705161097f,-1.2698622426642356f,0f,0f,0f,1f], start_interpolation: 0, interpolation_duration: 1 }
$data merge entity $(bone_leftlowerleg) { transformation: [-1f,-5.401133121259353e-17f,1.099107543749114e-16f,0.2812500000000001f,0f,0.8974894185934714f,0.44103598890878826f,-2.053554828215477f,-1.2246467991473532e-16f,0.44103598890878826f,-0.8974894185934714f,-0.6426926198178683f,0f,0f,0f,1f], start_interpolation: 0, interpolation_duration: 1 }
$data merge entity $(bone_leftleg) { transformation: [-1f,2.4059357865610234e-17f,1.200780792889072e-16f,0.2500000000000001f,0f,0.9805119269695574f,-0.1964595659937322f,-1.0066447303501596f,-1.2246467991473532e-16f,-0.1964595659937322f,-0.9805119269695574f,-0.8258965396480584f,0f,0f,0f,1f], start_interpolation: 0, interpolation_duration: 1 }
$data merge entity $(bone_rightfoot) { transformation: [-1f,-1.1791884323466127e-16f,-3.305668218103512e-17f,-0.2812499999999997f,0f,-0.26992829446049643f,0.9628804265585877f,-1.5141310582547052f,-1.2246467991473532e-16f,0.9628804265585877f,0.26992829446049643f,-2.599723758052092f,0f,0f,0f,1f], start_interpolation: 0, interpolation_duration: 1 }
$data merge entity $(bone_rightlowerleg) { transformation: [-1f,-1.2146387108811554e-16f,-1.562452709390707e-17f,-0.28124999999999983f,0f,-0.12758394587554123f,0.9918277757528408f,-1.8080594967082888f,-1.2246467991473532e-16f,0.9918277757528408f,0.12758394587554123f,-1.519017534430298f,0f,0f,0f,1f], start_interpolation: 0, interpolation_duration: 1 }
$data merge entity $(bone_rightleg) { transformation: [-1f,-8.377049754139183e-17f,8.933141422974477e-17f,-0.24999999999999992f,0f,0.7294463537727023f,0.684038023042367f,-1.050836378516109f,-1.2246467991473532e-16f,0.684038023042367f,-0.7294463537727023f,-0.7732309841836287f,0f,0f,0f,1f], start_interpolation: 0, interpolation_duration: 1 }
$data merge entity $(bone_sack_top) { transformation: [-1f,0f,1.2246467991473532e-16f,-0.0625f,0f,1f,0f,-0.8125f,-1.2246467991473532e-16f,0f,-1f,-7.654042494670958e-18f,0f,0f,0f,1f], start_interpolation: 0, interpolation_duration: 1 }
$data merge entity $(bone_sack_main) { transformation: [-1.1666666666666667f,0f,1.4287545990052456e-16f,-0.0625f,0f,1.1666666666666667f,0f,-0.8125f,-1.4287545990052456e-16f,0f,-1.1666666666666667f,-7.654042494670958e-18f,0f,0f,0f,1f], start_interpolation: 0, interpolation_duration: 1 }
data modify entity @s data merge value {"locators":{"lefthand":{"posx":0.4553970567478619,"posy":-0.6385282259950377,"posz":1.1281157300189182,"roty":151.59038394085405,"rotx":-44.00641771563305},"righthand":{"posx":-0.5398375874505164,"posy":-0.5097975056188588,"posz":1.1189502199633712,"roty":210.0491957771705,"rotx":-34.09415724017587},"chest":{"posx":-0.37499999999999994,"posy":-0.9923070301375618,"posz":-0.18945998446546772,"roty":0,"rotx":34.78},"sack":{"posx":0,"posy":-0.4375,"posz":0,"roty":0,"rotx":0}},"cameras":{}}
execute on vehicle unless entity @s[tag=aj.transforms_only] run function animated_java:wander/variants/sword_back/apply