# This file was generated by Animated Java via MC-Build. It is not recommended to edit this file directly.
$data merge entity $(bone_nose) { transformation: [-0.9999858658024777f,0.001794148823367537f,-0.005004920106126724f,0.001189312727038177f,0.0023973260209865415f,0.9923735026431727f,-0.12324400220566634f,0.5931184093570534f,0.004745632014621815f,-0.12325425867579905f,-0.99236377739973f,0.5455320856435153f,0f,0f,0f,1f], start_interpolation: 0, interpolation_duration: 1 }
$data merge entity $(bone_glowing_eye) { transformation: [-0.9999858658024777f,0.002591542940652569f,-0.00464242398493034f,-0.12347145169843383f,0.0023973260209865415f,0.9991413011346162f,0.04136318647028592f,0.6596246649756901f,0.004745632014621815f,0.041351472431018665f,-0.9991333918474392f,0.5837905044765228f,0f,0f,0f,1f], start_interpolation: 0, interpolation_duration: 1 }
$data merge entity $(bone_head) { transformation: [-0.9999858658024777f,0.002591542940652569f,-0.00464242398493034f,-4.2973640519969737e-17f,0.0023973260209865415f,0.9991413011346162f,0.04136318647028592f,0.4774930272920107f,0.004745632014621815f,0.041351472431018665f,-0.9991333918474392f,0.3533334117606922f,0f,0f,0f,1f], start_interpolation: 0, interpolation_duration: 1 }
$data merge entity $(bone_leftthumb2) { transformation: [-0.7939523013264218f,0.30625249616522593f,0.5252134345302369f,0.9218199756237844f,-0.5369991926736533f,0.05182744797669525f,-0.8419891820588127f,-0.2585747767568145f,-0.2850817607044054f,-0.9505384391116393f,0.12330882160204498f,1.3295353147895435f,0f,0f,0f,1f], start_interpolation: 0, interpolation_duration: 1 }
$data merge entity $(bone_leftthumb) { transformation: [-0.7939523013264218f,0.30625249616522593f,0.5252134345302369f,1.0418095304959525f,-0.5369991926736533f,0.05182744797669525f,-0.8419891820588127f,-0.3178187743721808f,-0.2850817607044054f,-0.9505384391116393f,0.12330882160204498f,1.106960555257764f,0f,0f,0f,1f], start_interpolation: 0, interpolation_duration: 1 }
$data merge entity $(bone_leftpointerfinger) { transformation: [-0.8371688593946857f,0.15264058781580392f,0.5252134345302369f,1.0738320558041818f,-0.5372335320738211f,-0.04933912556398948f,-0.8419891820588127f,-0.3023428736768389f,-0.10260815208982352f,-0.9870493916921417f,0.12330882160204498f,1.4563830856885747f,0f,0f,0f,1f], start_interpolation: 0, interpolation_duration: 1 }
$data merge entity $(bone_leftmidfinger) { transformation: [-0.8206796753319743f,0.22502381804146507f,0.5252134345302369f,1.1558966549495313f,-0.5394893844240918f,-0.0023283877784874563f,-0.8419891820588127f,-0.4339036833735284f,-0.18824471995442651f,-0.9743504810510409f,0.12330882160204498f,1.4756500890638942f,0f,0f,0f,1f], start_interpolation: 0, interpolation_duration: 1 }
$data merge entity $(bone_leftringfinger) { transformation: [-0.8430301490695832f,0.11597851503045503f,0.5252134345302369f,1.2379612540948808f,-0.5345700623622482f,-0.0727259631902833f,-0.8419891820588127f,-0.5654644930702178f,-0.05945600210020019f,-0.990585644116336f,0.12330882160204498f,1.4949170924392137f,0f,0f,0f,1f], start_interpolation: 0, interpolation_duration: 1 }
$data merge entity $(bone_invisibility) { transformation: [0.3508624799446918f,-0.4965231750739734f,0.7939523013264217f,0.9209957333332176f,-0.02175396365781948f,0.8433022187407191f,0.5369991926736529f,-0.384265171514381f,-0.9361742814413537f,-0.2056844779788727f,0.2850817607044053f,1.2945455265959354f,0f,0f,0f,1f], start_interpolation: 0, interpolation_duration: 1 }
$data merge entity $(bone_swiftness) { transformation: [0.5252134345302367f,0.30625249616522593f,0.7939523013264219f,0.936649979361971f,-0.8419891820588128f,0.05182744797669525f,0.536999192673653f,-0.5771250502715585f,0.12330882160204491f,-0.9505384391116393f,0.2850817607044054f,1.431536926660207f,0f,0f,0f,1f], start_interpolation: 0, interpolation_duration: 1 }
$data merge entity $(bone_suspicious_stew) { transformation: [0.49952381081798747f,-0.34657712798791945f,0.793952301326422f,1.0051176665498922f,-0.30886838484265305f,0.7850045782748891f,0.5369991926736534f,-0.544567554774316f,-0.809367829401791f,-0.513470648083325f,0.28508176070440533f,1.3622224199796769f,0f,0f,0f,1f], start_interpolation: 0, interpolation_duration: 1 }
$data merge entity $(bone_log) { transformation: [-0.7939523013264218f,0.30625249616522593f,0.5252134345302369f,0.9935855800647981f,-0.5369991926736533f,0.05182744797669525f,-0.8419891820588127f,-0.6279010409993908f,-0.2850817607044054f,-0.9505384391116393f,0.12330882160204498f,1.2224588010372797f,0f,0f,0f,1f], start_interpolation: 0, interpolation_duration: 1 }
$data merge entity $(bone_planks) { transformation: [-0.7939523013264218f,0.30625249616522593f,0.5252134345302369f,0.9191525518154461f,-0.5369991926736533f,0.05182744797669525f,-0.8419891820588127f,-0.6782447153125459f,-0.2850817607044054f,-0.9505384391116393f,0.12330882160204498f,1.1957323859712417f,0f,0f,0f,1f], start_interpolation: 0, interpolation_duration: 1 }
$data merge entity $(bone_lefthand1) { transformation: [-0.7939523013264218f,0.30625249616522593f,0.5252134345302369f,1.2522238596086401f,-0.5369991926736533f,0.05182744797669525f,-0.8419891820588127f,-0.4543822188974659f,-0.2850817607044054f,-0.9505384391116393f,0.12330882160204498f,1.0522412307604074f,0f,0f,0f,1f], start_interpolation: 0, interpolation_duration: 1 }
$data merge entity $(bone_leftforearm) { transformation: [-0.957630259874435f,0.1295977353845434f,-0.25719391974932104f,1.287514031054828f,0.2784126419643546f,0.18807127627465287f,-0.9418681414268412f,-0.29002712293428407f,-0.07369318942243205f,-0.9735674717366134f,-0.2161843930748203f,0.3664736589984932f,0f,0f,0f,1f], start_interpolation: 0, interpolation_duration: 1 }
$data merge entity $(bone_leftelbow) { transformation: [-0.7650760352581516f,-0.5533733572130719f,-0.32929711174014487f,1.183756526577377f,0.019783628027767453f,0.49093782233427136f,-0.8709699550867085f,-0.19797628124660818f,0.6436359750167221f,-0.6728729316359945f,-0.36465703001019467f,0.24030998431674425f,0f,0f,0f,1f], start_interpolation: 0, interpolation_duration: 1 }
$data merge entity $(bone_leftarm) { transformation: [-0.7650760352581516f,-0.5533733572130719f,-0.32929711174014487f,0.75f,0.019783628027767453f,0.49093782233427136f,-0.8709699550867085f,0.07903810964806127f,0.6436359750167221f,-0.6728729316359945f,-0.36465703001019467f,0.05606442022147354f,0f,0f,0f,1f], start_interpolation: 0, interpolation_duration: 1 }
$data merge entity $(bone_rightthumb2) { transformation: [-0.616983973873357f,-0.3357801167907781f,-0.7117460847461068f,-0.9498413768270393f,0.6875086502362651f,0.2101339592247478f,-0.6951083189193186f,-0.4409003027408048f,0.38296557525938274f,-0.918202282914012f,0.1012024496627765f,1.161844519196471f,0f,0f,0f,1f], start_interpolation: 0, interpolation_duration: 1 }
$data merge entity $(bone_rightthumb) { transformation: [-0.616983973873357f,-0.3357801167907781f,-0.7117460847461068f,-1.093012973156292f,0.6875086502362651f,0.2101339592247478f,-0.6951083189193186f,-0.44876874440967723f,0.38296557525938274f,-0.918202282914012f,0.1012024496627765f,0.9453108041709881f,0f,0f,0f,1f], start_interpolation: 0, interpolation_duration: 1 }
$data merge entity $(bone_rightpointerfinger) { transformation: [-0.6350803670626854f,-0.300150692519795f,-0.7117460847461068f,-1.1006866553112418f,0.6983457926829597f,0.1706973310018869f,-0.6951083189193186f,-0.4572379039806112f,0.33013040031710744f,-0.9384945300686199f,0.1012024496627765f,1.2963527366241723f,0f,0f,0f,1f], start_interpolation: 0, interpolation_duration: 1 }
$data merge entity $(bone_rightmidfinger) { transformation: [-0.6849909265758002f,-0.15557937317464238f,-0.7117460847461068f,-1.2118969810528208f,0.7187378734076912f,0.015501428919573595f,-0.6951083189193186f,-0.5658485788117548f,0.11917759788742383f,-0.987701758803758f,0.1012024496627765f,1.312165619383981f,0f,0f,0f,1f], start_interpolation: 0, interpolation_duration: 1 }
$data merge entity $(bone_rightringfinger) { transformation: [-0.6959439651210153f,-0.09528645370789542f,-0.7117460847461068f,-1.3231073067944001f,0.7173538973576137f,-0.047199691895194365f,-0.6951083189193186f,-0.6744592536428983f,0.03264021074505177f,-0.9943302674789559f,0.1012024496627765f,1.32797850214379f,0f,0f,0f,1f], start_interpolation: 0, interpolation_duration: 1 }
$data merge entity $(bone_hugeasssword) { transformation: [-0.000024165205643373156f,-0.000013151387907638812f,-0.000027876721652555854f,-1.0880891035296276f,0.00002692742213425372f,0.000008230246736302624f,-0.000027225075824339982f,-0.7127915257095594f,0.000014999485030992495f,-0.00003596292274746547f,0.00000396376261179208f,1.0192231777127316f,0f,0f,0f,1f], start_interpolation: 0, interpolation_duration: 1 }
$data merge entity $(bone_ice) { transformation: [-0.616983973873357f,-0.3357801167907781f,-0.7117460847461068f,-1.0732021646130008f,0.6875086502362651f,0.2101339592247478f,-0.6951083189193186f,-0.7268171914823877f,0.38296557525938274f,-0.918202282914012f,0.1012024496627765f,1.0275862512698353f,0f,0f,0f,1f], start_interpolation: 0, interpolation_duration: 1 }
$data merge entity $(bone_righthand1) { transformation: [-0.616983973873357f,-0.3357801167907781f,-0.7117460847461068f,-1.3336352524273503f,0.6875086502362651f,0.2101339592247478f,-0.6951083189193186f,-0.5241286740833632f,0.38296557525938274f,-0.918202282914012f,0.1012024496627765f,0.8969396509081398f,0f,0f,0f,1f], start_interpolation: 0, interpolation_duration: 1 }
$data merge entity $(bone_rightforearm) { transformation: [-0.9443882134891037f,-0.14145424036666876f,0.29685282566475213f,-1.378709327243107f,-0.32854307474662775f,0.3680142764188236f,-0.8698419053988842f,-0.23124341403285603f,0.013796748127398117f,-0.9189973831487325f,-0.39402215611167213f,0.25606391531296985f,0f,0f,0f,1f], start_interpolation: 0, interpolation_duration: 1 }
$data merge entity $(bone_rightelbow) { transformation: [-0.5303863934284471f,0.7880365436252419f,0.31255188301647885f,-1.2309524753133743f,0.07110654582148257f,0.4087351960373528f,-0.9098787823999657f,-0.15460556477585238f,-0.8447686859769967f,-0.4603628410628828f,-0.2728221430918121f,0.16974588261367934f,0f,0f,0f,1f], start_interpolation: 0, interpolation_duration: 1 }
$data merge entity $(bone_rightarm) { transformation: [-0.6410397742739097f,0.7009845420704427f,0.31255188301647885f,-0.75f,0.009910593172090199f,0.41475580946061885f,-0.9098787823999657f,0.07903810964806127f,-0.7674436708591922f,-0.5801709147285468f,-0.2728221430918121f,0.05606442022147336f,0f,0f,0f,1f], start_interpolation: 0, interpolation_duration: 1 }
$data merge entity $(bone_chest1) { transformation: [-1.0833333333333333f,-8.527867711287151e-17f,1.0163116982094626e-16f,-0.002323124999999984f,0f,0.8298814800455596f,0.6963532438270843f,0.02699193709425335f,-1.3267006990762992e-16f,0.6963532438270843f,-0.8298814800455596f,-0.13129286842986393f,0f,0f,0f,1f], start_interpolation: 0, interpolation_duration: 1 }
$data merge entity $(bone_chest1lid) { transformation: [-1f,-6.985714745057531e-17f,1.005861659309428e-16f,-0.34374999999999994f,0f,0.8213483757192263f,0.5704268977734035f,-0.7394546649891269f,-1.2246467991473532e-16f,0.5704268977734035f,-0.8213483757192263f,-0.2821439870607591f,0f,0f,0f,1f], start_interpolation: 0, interpolation_duration: 1 }
$data merge entity $(bone_chest2) { transformation: [-1f,-6.985714745057531e-17f,1.005861659309428e-16f,-0.34374999999999994f,0f,0.8213483757192263f,0.5704268977734035f,-0.8677903486952561f,-1.2246467991473532e-16f,0.5704268977734035f,-0.8213483757192263f,-0.3712731898378534f,0f,0f,0f,1f], start_interpolation: 0, interpolation_duration: 1 }
$data merge entity $(bone_chest1lid3) { transformation: [-1f,-7.665351767214054e-17f,9.55083035924386e-17f,-0.2812499999999999f,0f,0.7798844830928819f,0.6259234721840591f,-0.334147585756554f,-1.2246467991473532e-16f,0.6259234721840591f,-0.7798844830928819f,-0.7642198686821896f,0f,0f,0f,1f], start_interpolation: 0, interpolation_duration: 1 }
$data merge entity $(bone_chest3) { transformation: [-1f,-7.665351767214054e-17f,9.55083035924386e-17f,-0.2812499999999999f,0f,0.7798844830928819f,0.6259234721840591f,-0.4560045362398168f,-1.2246467991473532e-16f,0.6259234721840591f,-0.7798844830928819f,-0.8620204112109489f,0f,0f,0f,1f], start_interpolation: 0, interpolation_duration: 1 }
$data merge entity $(bone_hugeasssword2) { transformation: [-1.6719478217487493e-15f,1.6552548584844062f,-3.549705499226879f,-1.734375f,-2.5175848046056117f,2.719232172391629f,1.2679987862876712f,0.49962512963652406f,3.0003407355493303f,2.2817067129392097f,1.0639773139072208f,-0.08054889992786102f,0f,0f,0f,1f], start_interpolation: 0, interpolation_duration: 1 }
$data merge entity $(bone_belt) { transformation: [-1f,-7.871877887341986e-17f,9.381338752702732e-17f,0.029705625000000038f,0f,0.7660444431189781f,0.6427876096865394f,-0.3622890510103215f,-1.2246467991473532e-16f,0.6427876096865394f,-0.7660444431189781f,-0.2870573242809212f,0f,0f,0f,1f], start_interpolation: 0, interpolation_duration: 1 }
$data merge entity $(bone_torn_part) { transformation: [-1f,-1.0328566345430088e-16f,6.580022455450643e-17f,-0.09374999999999994f,0f,0.537299608346824f,0.8433914458128857f,-0.5773554456349288f,-1.2246467991473532e-16f,0.8433914458128857f,-0.537299608346824f,-0.4743181810278101f,0f,0f,0f,1f], start_interpolation: 0, interpolation_duration: 1 }
$data merge entity $(bone_lowerbody) { transformation: [-1f,-7.871877887341986e-17f,9.381338752702732e-17f,0.003906250000000083f,0f,0.7660444431189781f,0.6427876096865394f,-1.041792591488787f,-1.2246467991473532e-16f,0.6427876096865394f,-0.7660444431189781f,-0.6804543187564593f,0f,0f,0f,1f], start_interpolation: 0, interpolation_duration: 1 }
$data merge entity $(bone_leftfoot) { transformation: [-1f,-7.312550690638433e-17f,9.823572703605811e-17f,0.2812500000000002f,0f,0.8021555856305151f,0.5971150780559517f,-2.364057840448457f,-1.2246467991473532e-16f,0.5971150780559517f,-0.8021555856305151f,-2.106886245330187f,0f,0f,0f,1f], start_interpolation: 0, interpolation_duration: 1 }
$data merge entity $(bone_leftlowerleg) { transformation: [-1f,-1.0515234433835999e-16f,6.277405759360751e-17f,0.2812500000000001f,0f,0.5125890798662378f,0.8586340519696873f,-1.9273296955330144f,-1.2246467991473532e-16f,0.8586340519696873f,-0.5125890798662378f,-1.0755820243820922f,0f,0f,0f,1f], start_interpolation: 0, interpolation_duration: 1 }
$data merge entity $(bone_leftleg) { transformation: [-1f,-2.5844962247241636e-17f,1.197064566055534e-16f,0.2500000000000001f,0f,0.9774773974740936f,0.21104013226700052f,-0.8942558414612707f,-1.2246467991473532e-16f,0.21104013226700052f,-0.9774773974740936f,-0.8258965396480584f,0f,0f,0f,1f], start_interpolation: 0, interpolation_duration: 1 }
$data merge entity $(bone_rightfoot) { transformation: [-1f,-1.1286376250342783e-16f,4.753281961117401e-17f,-0.2812499999999998f,0f,0.3881349271011709f,0.9216025598728385f,-2.3730347002549697f,-1.2246467991473532e-16f,0.9216025598728385f,-0.3881349271011709f,-2.183745428965417f,0f,0f,0f,1f], start_interpolation: 0, interpolation_duration: 1 }
$data merge entity $(bone_rightlowerleg) { transformation: [-1f,-1.0478677379989485e-16f,6.338240973036798e-17f,-0.2812499999999999f,0f,0.5175566520444694f,0.8556489419876122f,-1.930337005865412f,-1.2246467991473532e-16f,0.8556489419876122f,-0.5175566520444694f,-1.1549895686716298f,0f,0f,0f,1f], start_interpolation: 0, interpolation_duration: 1 }
$data merge entity $(bone_rightleg) { transformation: [-1f,-4.117496154039541e-17f,1.153352520644297e-16f,-0.24999999999999992f,0f,0.941783803662661f,0.3362190761374057f,-0.9384474896272202f,-1.2246467991473532e-16f,0.3362190761374057f,-0.941783803662661f,-0.7732309841836287f,0f,0f,0f,1f], start_interpolation: 0, interpolation_duration: 1 }
data modify entity @s data merge value {"locators":{"lefthand":{"posx":1.035886172136707,"posy":-0.5684503050897463,"posz":1.3215193313213827,"roty":103.2125236896236,"rotx":-57.35077229597526},"righthand":{"posx":-1.114676815264614,"posy":-0.6547855311525101,"posz":1.076254896344953,"roty":261.90741841532576,"rotx":-44.03584945567577},"chest":{"posx":-0.37499999999999994,"posy":-0.879918141248673,"posz":-0.18945998446546772,"roty":0,"rotx":34.78},"sack":{"posx":0,"posy":-0.4375,"posz":0,"roty":0,"rotx":0}},"cameras":{}}