# This file was generated by Animated Java via MC-Build. It is not recommended to edit this file directly.
$data merge entity $(bone_nose) {transformation: [-1f,0f,0f,0f,0f,0.7428f,0.6695f,3.9753f,0f,0.6695f,-0.7428f,0.5765f,0f,0f,0f,1f],start_interpolation: 0,interpolation_duration: 1}
$data merge entity $(bone_glowing_eye) {transformation: [-1f,0f,0f,-0.125f,0f,0.7428f,0.6695f,4.0022f,0f,0.6695f,-0.7428f,0.6478f,0f,0f,0f,1f],start_interpolation: 0,interpolation_duration: 1}
$data merge entity $(bone_head) {transformation: [-1f,0f,0f,0f,0f,0.7428f,0.6695f,4.0089f,0f,0.6695f,-0.7428f,0.3547f,0f,0f,0f,1f],start_interpolation: 0,interpolation_duration: 1}
$data merge entity $(bone_leftthumb2) {transformation: [-0.6538f,0.7177f,0.2396f,-0.0918f,0.1824f,0.4568f,-0.8707f,2.6782f,-0.7343f,-0.5255f,-0.4296f,1.1054f,0f,0f,0f,1f],start_interpolation: 0,interpolation_duration: 1}
$data merge entity $(bone_leftthumb) {transformation: [-0.6538f,0.7177f,0.2396f,0.1047f,0.1824f,0.4568f,-0.8707f,2.7158f,-0.7343f,-0.5255f,-0.4296f,0.9398f,0f,0f,0f,1f],start_interpolation: 0,interpolation_duration: 1}
$data merge entity $(bone_leftpointerfinger) {transformation: [-0.6538f,0.7177f,0.2396f,-0.0481f,0.1824f,0.4568f,-0.8707f,2.5051f,-0.7343f,-0.5255f,-0.4296f,1.1724f,0f,0f,0f,1f],start_interpolation: 0,interpolation_duration: 1}
$data merge entity $(bone_leftmidfinger) {transformation: [-0.6538f,0.7177f,0.2396f,-0.0107f,0.1824f,0.4568f,-0.8707f,2.3691f,-0.7343f,-0.5255f,-0.4296f,1.1053f,0f,0f,0f,1f],start_interpolation: 0,interpolation_duration: 1}
$data merge entity $(bone_leftringfinger) {transformation: [-0.6538f,0.7177f,0.2396f,0.0268f,0.1824f,0.4568f,-0.8707f,2.2331f,-0.7343f,-0.5255f,-0.4296f,1.0382f,0f,0f,0f,1f],start_interpolation: 0,interpolation_duration: 1}
$data merge entity $(bone_invisibility) {transformation: [0.7359f,-0.1761f,0.6538f,-0.0997f,0.3792f,0.9072f,-0.1824f,2.6165f,-0.561f,0.3821f,0.7343f,0.9907f,0f,0f,0f,1f],start_interpolation: 0,interpolation_duration: 1}
$data merge entity $(bone_swiftness) {transformation: [0.2396f,0.7177f,0.6538f,-0.186f,-0.8707f,0.4568f,-0.1824f,2.4009f,-0.4296f,-0.5255f,0.7343f,0.9431f,0f,0f,0f,1f],start_interpolation: 0,interpolation_duration: 1}
$data merge entity $(bone_suspicious_stew) {transformation: [0f,0f,0f,-0.0884f,0f,0f,0f,2.4319f,0f,0f,0f,0.9348f,0f,0f,0f,1f],start_interpolation: 0,interpolation_duration: 1}
$data merge entity $(bone_log) {transformation: [-0.5544f,0.6086f,0.2032f,-0.0597f,0.1547f,0.3874f,-0.7383f,2.4801f,-0.6227f,-0.4457f,-0.3643f,0.8323f,0f,0f,0f,1f],start_interpolation: 0,interpolation_duration: 1}
$data merge entity $(bone_planks) {transformation: [0.0182f,-0.0199f,-0.0067f,-0.1117f,-0.0051f,-0.0127f,0.0242f,2.4946f,0.0204f,0.0146f,0.0119f,0.7739f,0f,0f,0f,1f],start_interpolation: 0,interpolation_duration: 1}
$data merge entity $(bone_lefthand1) {transformation: [-0.6538f,0.7177f,0.2396f,0.2866f,0.1824f,0.4568f,-0.8707f,2.5611f,-0.7343f,-0.5255f,-0.4296f,0.8457f,0f,0f,0f,1f],start_interpolation: 0,interpolation_duration: 1}
$data merge entity $(bone_leftforearm) {transformation: [-0.6538f,0.7177f,0.2396f,0.7467f,0.1824f,0.4568f,-0.8707f,2.9073f,-0.7343f,-0.5255f,-0.4296f,0.437f,0f,0f,0f,1f],start_interpolation: 0,interpolation_duration: 1}
$data merge entity $(bone_leftelbow) {transformation: [-0.6538f,0.7177f,0.2396f,0.8813f,0.1824f,0.4568f,-0.8707f,2.9929f,-0.7343f,-0.5255f,-0.4296f,0.3385f,0f,0f,0f,1f],start_interpolation: 0,interpolation_duration: 1}
$data merge entity $(bone_leftarm) {transformation: [-0.9845f,0.1707f,0.0405f,0.75f,0.161f,0.9708f,-0.1778f,3.5191f,-0.0696f,-0.1685f,-0.9832f,0.2697f,0f,0f,0f,1f],start_interpolation: 0,interpolation_duration: 1}
$data merge entity $(bone_rightthumb2) {transformation: [-0.9989f,0.0371f,0.0289f,-1.0125f,0.0379f,0.999f,0.025f,1.8045f,-0.0279f,0.0261f,-0.9993f,0.3399f,0f,0f,0f,1f],start_interpolation: 0,interpolation_duration: 1}
$data merge entity $(bone_rightthumb) {transformation: [-0.9989f,0.0371f,0.0289f,-1.001f,0.0379f,0.999f,0.025f,2.0517f,-0.0279f,0.0261f,-0.9993f,0.2609f,0f,0f,0f,1f],start_interpolation: 0,interpolation_duration: 1}
$data merge entity $(bone_rightpointerfinger) {transformation: [-0.9989f,0.0371f,0.0289f,-1.121f,0.0379f,0.999f,0.025f,1.7292f,-0.0279f,0.0261f,-0.9993f,0.2024f,0f,0f,0f,1f],start_interpolation: 0,interpolation_duration: 1}
$data merge entity $(bone_rightmidfinger) {transformation: [-0.9989f,0.0371f,0.0289f,-1.1165f,0.0379f,0.999f,0.025f,1.7331f,-0.0279f,0.0261f,-0.9993f,0.0463f,0f,0f,0f,1f],start_interpolation: 0,interpolation_duration: 1}
$data merge entity $(bone_rightringfinger) {transformation: [-0.9989f,0.0371f,0.0289f,-1.112f,0.0379f,0.999f,0.025f,1.737f,-0.0279f,0.0261f,-0.9993f,-0.1098f,0f,0f,0f,1f],start_interpolation: 0,interpolation_duration: 1}
$data merge entity $(bone_hugeasssword) {transformation: [-3.9123f,0.1455f,0.1131f,-0.8441f,0.1483f,3.9126f,0.0979f,1.9256f,-0.1093f,0.1021f,-3.9138f,0.0746f,0f,0f,0f,1f],start_interpolation: 0,interpolation_duration: 1}
$data merge entity $(bone_ice) {transformation: [-0.9989f,0.0371f,0.0289f,-0.8291f,0.0379f,0.999f,0.025f,1.9094f,-0.0279f,0.0261f,-0.9993f,0.0746f,0f,0f,0f,1f],start_interpolation: 0,interpolation_duration: 1}
$data merge entity $(bone_righthand1) {transformation: [-0.9989f,0.0371f,0.0289f,-1.0686f,0.0379f,0.999f,0.025f,2.1693f,-0.0279f,0.0261f,-0.9993f,0.043f,0f,0f,0f,1f],start_interpolation: 0,interpolation_duration: 1}
$data merge entity $(bone_rightforearm) {transformation: [-0.9989f,0.0371f,0.0289f,-0.9805f,0.0379f,0.999f,0.025f,2.869f,-0.0279f,0.0261f,-0.9993f,0.0786f,0f,0f,0f,1f],start_interpolation: 0,interpolation_duration: 1}
$data merge entity $(bone_rightelbow) {transformation: [-0.9989f,0.0371f,0.0289f,-0.9736f,0.0379f,0.999f,0.025f,3.0563f,-0.0279f,0.0261f,-0.9993f,0.0835f,0f,0f,0f,1f],start_interpolation: 0,interpolation_duration: 1}
$data merge entity $(bone_rightarm) {transformation: [-0.9999f,0.01f,0.0056f,-0.75f,0.0112f,0.95f,0.312f,3.5191f,-0.0022f,0.312f,-0.9501f,0.2697f,0f,0f,0f,1f],start_interpolation: 0,interpolation_duration: 1}
$data merge entity $(bone_chest1) {transformation: [-1.0833f,0f,0f,-0.0023f,0f,1.055f,0.246f,3.388f,0f,0.246f,-1.055f,0.1261f,0f,0f,0f,1f],start_interpolation: 0,interpolation_duration: 1}
$data merge entity $(bone_chest1lid) {transformation: [-1f,0f,0f,-0.3438f,0f,0.9739f,0.227f,2.6335f,0f,0.227f,-0.9739f,0.352f,0f,0f,0f,1f],start_interpolation: 0,interpolation_duration: 1}
$data merge entity $(bone_chest2) {transformation: [-1f,0f,0f,-0.3438f,0f,0.9739f,0.227f,2.4813f,0f,0.227f,-0.9739f,0.3166f,0f,0f,0f,1f],start_interpolation: 0,interpolation_duration: 1}
$data merge entity $(bone_chest1lid3) {transformation: [-1f,0f,0f,-0.2812f,0f,0.9739f,0.227f,2.779f,0f,0.227f,-0.9739f,-0.2718f,0f,0f,0f,1f],start_interpolation: 0,interpolation_duration: 1}
$data merge entity $(bone_chest3) {transformation: [-1f,0f,0f,-0.2812f,0f,0.9739f,0.227f,2.6268f,0f,0.227f,-0.9739f,-0.3073f,0f,0f,0f,1f],start_interpolation: 0,interpolation_duration: 1}
$data merge entity $(bone_hugeasssword2) {transformation: [0f,2.8877f,-2.6461f,-1.2344f,-0.8893f,2.577f,2.8123f,4.5781f,3.8144f,0.6008f,0.6556f,0.1315f,0f,0f,0f,1f],start_interpolation: 0,interpolation_duration: 1}
$data merge entity $(bone_belt) {transformation: [-1f,0f,0f,0.0297f,0f,0.9739f,0.227f,2.9703f,0f,0.227f,-0.9739f,0.1632f,0f,0f,0f,1f],start_interpolation: 0,interpolation_duration: 1}
$data merge entity $(bone_torn_part) {transformation: [-1f,0f,0f,-0.0938f,0f,0.8605f,0.5094f,2.6938f,0f,0.5094f,-0.8605f,0.0934f,0f,0f,0f,1f],start_interpolation: 0,interpolation_duration: 1}
$data merge entity $(bone_lowerbody) {transformation: [-1f,0f,0f,0.0039f,0f,0.9739f,0.227f,2.1864f,0f,0.227f,-0.9739f,0.1194f,0f,0f,0f,1f],start_interpolation: 0,interpolation_duration: 1}
$data merge entity $(bone_leftfoot) {transformation: [-0.9962f,0.0031f,-0.0871f,0.2734f,0f,0.9994f,0.0356f,0.1634f,0.0872f,0.0354f,-0.9956f,-0.1434f,0f,0f,0f,1f],start_interpolation: 0,interpolation_duration: 1}
$data merge entity $(bone_leftlowerleg) {transformation: [-0.9962f,0.0219f,-0.0844f,0.3107f,0f,0.9679f,0.2513f,1.1986f,0.0872f,0.2504f,-0.9642f,0.2825f,0f,0f,0f,1f],start_interpolation: 0,interpolation_duration: 1}
$data merge entity $(bone_leftleg) {transformation: [-0.9962f,-0.0298f,-0.0819f,0.25f,0f,0.9397f,-0.342f,2.2059f,0.0872f,-0.3407f,-0.9361f,-0.0524f,0f,0f,0f,1f],start_interpolation: 0,interpolation_duration: 1}
$data merge entity $(bone_rightfoot) {transformation: [-0.999f,0.0421f,0.0113f,-0.3656f,0.0416f,0.9982f,-0.0438f,0.1478f,-0.0131f,-0.0433f,-0.999f,-0.1585f,0f,0f,0f,1f],start_interpolation: 0,interpolation_duration: 1}
$data merge entity $(bone_rightlowerleg) {transformation: [-0.999f,0.0374f,0.0225f,-0.3276f,0.0416f,0.9715f,0.2335f,1.1897f,-0.0131f,0.2342f,-0.9721f,0.2507f,0f,0f,0f,1f],start_interpolation: 0,interpolation_duration: 1}
$data merge entity $(bone_rightleg) {transformation: [-0.999f,0.0436f,-0.0004f,-0.25f,0.0416f,0.9501f,-0.3092f,2.2059f,-0.0131f,-0.3089f,-0.951f,-0.0524f,0f,0f,0f,1f],start_interpolation: 0,interpolation_duration: 1}
data modify entity @s data merge value {"cameras":{},"locators":{"lefthand":{"posx":-0.047269558765517805,"posy":2.4260658993316255,"posz":0.8967130314432509,"roty":29.149135453782236,"rotx":-60.53559057801775},"sword":{"posx":-1.0302145911570546,"posy":1.8047348659146918,"posz":3.7720421559388932,"roty":1.6548048655375283,"rotx":1.4322190467341331},"righthand":{"posx":-0.9237610512170579,"posy":1.8969014756619462,"posz":0.0872315488816,"roty":1.6548048655375283,"rotx":1.4322190467341331},"chest":{"posx":-0.3750000000000001,"posy":2.537174897015267,"posz":0.4900242524730346,"roty":0,"rotx":13.12322200728266}}}