# This file was generated by Animated Java via MC-Build. It is not recommended to edit this file directly.
$data merge entity $(bone_nose) {transformation: [-1f,0f,0f,0f,0f,0.7254f,0.6883f,3.9623f,0f,0.6883f,-0.7254f,0.6003f,0f,0f,0f,1f],start_interpolation: 0,interpolation_duration: 1}
$data merge entity $(bone_glowing_eye) {transformation: [-1f,0f,0f,-0.125f,0f,0.7254f,0.6883f,3.9874f,0f,0.6883f,-0.7254f,0.6722f,0f,0f,0f,1f],start_interpolation: 0,interpolation_duration: 1}
$data merge entity $(bone_head) {transformation: [-1f,0f,0f,0f,0f,0.7254f,0.6883f,4.0016f,0f,0.6883f,-0.7254f,0.3794f,0f,0f,0f,1f],start_interpolation: 0,interpolation_duration: 1}
$data merge entity $(bone_leftthumb2) {transformation: [-0.8079f,0.4759f,0.3476f,0.2834f,-0.0043f,0.585f,-0.811f,2.5263f,-0.5893f,-0.6567f,-0.4706f,1.2395f,0f,0f,0f,1f],start_interpolation: 0,interpolation_duration: 1}
$data merge entity $(bone_leftthumb) {transformation: [-0.8079f,0.4759f,0.3476f,0.4298f,-0.0043f,0.585f,-0.811f,2.6004f,-0.5893f,-0.6567f,-0.4706f,1.0382f,0f,0f,0f,1f],start_interpolation: 0,interpolation_duration: 1}
$data merge entity $(bone_leftpointerfinger) {transformation: [-0.8079f,0.4759f,0.3476f,0.3783f,-0.0043f,0.585f,-0.811f,2.3709f,-0.5893f,-0.6567f,-0.4706f,1.2961f,0f,0f,0f,1f],start_interpolation: 0,interpolation_duration: 1}
$data merge entity $(bone_leftmidfinger) {transformation: [-0.8079f,0.4759f,0.3476f,0.4326f,-0.0043f,0.585f,-0.811f,2.2442f,-0.5893f,-0.6567f,-0.4706f,1.2226f,0f,0f,0f,1f],start_interpolation: 0,interpolation_duration: 1}
$data merge entity $(bone_leftringfinger) {transformation: [-0.8079f,0.4759f,0.3476f,0.4869f,-0.0043f,0.585f,-0.811f,2.1175f,-0.5893f,-0.6567f,-0.4706f,1.149f,0f,0f,0f,1f],start_interpolation: 0,interpolation_duration: 1}
$data merge entity $(bone_invisibility) {transformation: [0.5044f,-0.3048f,0.8079f,0.268f,0.5121f,0.8589f,0.0043f,2.4594f,-0.6952f,0.4116f,0.5893f,1.1285f,0f,0f,0f,1f],start_interpolation: 0,interpolation_duration: 1}
$data merge entity $(bone_swiftness) {transformation: [0.3476f,0.4759f,0.8079f,0.2266f,-0.811f,0.585f,0.0043f,2.2279f,-0.4706f,-0.6567f,0.5893f,1.0985f,0f,0f,0f,1f],start_interpolation: 0,interpolation_duration: 1}
$data merge entity $(bone_suspicious_stew) {transformation: [0f,0f,0f,0.3109f,0f,0f,0f,2.28f,0f,0f,0f,1.071f,0f,0f,0f,1f],start_interpolation: 0,interpolation_duration: 1}
$data merge entity $(bone_log) {transformation: [-0.8301f,0.4889f,0.3572f,0.3116f,-0.0045f,0.6011f,-0.8333f,2.3121f,-0.6055f,-0.6747f,-0.4835f,0.902f,0f,0f,0f,1f],start_interpolation: 0,interpolation_duration: 1}
$data merge entity $(bone_planks) {transformation: [0.0555f,-0.0327f,-0.0239f,0.2338f,0.0003f,-0.0402f,0.0558f,2.3117f,0.0405f,0.0451f,0.0324f,0.8452f,0f,0f,0f,1f],start_interpolation: 0,interpolation_duration: 1}
$data merge entity $(bone_lefthand1) {transformation: [-0.8079f,0.4759f,0.3476f,0.621f,-0.0043f,0.585f,-0.811f,2.4874f,-0.5893f,-0.6567f,-0.4706f,0.9095f,0f,0f,0f,1f],start_interpolation: 0,interpolation_duration: 1}
$data merge entity $(bone_leftforearm) {transformation: [-0.8079f,0.4759f,0.3476f,0.8997f,-0.0043f,0.585f,-0.811f,2.9111f,-0.5893f,-0.6567f,-0.4706f,0.4183f,0f,0f,0f,1f],start_interpolation: 0,interpolation_duration: 1}
$data merge entity $(bone_leftelbow) {transformation: [-0.8079f,0.4759f,0.3476f,0.9889f,-0.0043f,0.585f,-0.811f,3.0208f,-0.5893f,-0.6567f,-0.4706f,0.2951f,0f,0f,0f,1f],start_interpolation: 0,interpolation_duration: 1}
$data merge entity $(bone_leftarm) {transformation: [-0.9984f,-0.0383f,0.0425f,0.75f,-0.0405f,0.9978f,-0.0519f,3.5125f,-0.0404f,-0.0536f,-0.9977f,0.2907f,0f,0f,0f,1f],start_interpolation: 0,interpolation_duration: 1}
$data merge entity $(bone_rightthumb2) {transformation: [-0.9998f,0.0158f,0.012f,-0.9783f,0.0158f,0.9999f,-0.0005f,1.7998f,-0.012f,-0.0003f,-0.9999f,0.4024f,0f,0f,0f,1f],start_interpolation: 0,interpolation_duration: 1}
$data merge entity $(bone_rightthumb) {transformation: [-0.9998f,0.0158f,0.012f,-0.9734f,0.0158f,0.9999f,-0.0005f,2.0449f,-0.012f,-0.0003f,-0.9999f,0.3169f,0f,0f,0f,1f],start_interpolation: 0,interpolation_duration: 1}
$data merge entity $(bone_rightpointerfinger) {transformation: [-0.9998f,0.0158f,0.012f,-1.0874f,0.0158f,0.9999f,-0.0005f,1.7185f,-0.012f,-0.0003f,-0.9999f,0.2688f,0f,0f,0f,1f],start_interpolation: 0,interpolation_duration: 1}
$data merge entity $(bone_rightmidfinger) {transformation: [-0.9998f,0.0158f,0.012f,-1.0856f,0.0158f,0.9999f,-0.0005f,1.7185f,-0.012f,-0.0003f,-0.9999f,0.1126f,0f,0f,0f,1f],start_interpolation: 0,interpolation_duration: 1}
$data merge entity $(bone_rightringfinger) {transformation: [-0.9998f,0.0158f,0.012f,-1.0837f,0.0158f,0.9999f,-0.0005f,1.7184f,-0.012f,-0.0003f,-0.9999f,-0.0436f,0f,0f,0f,1f],start_interpolation: 0,interpolation_duration: 1}
$data merge entity $(bone_hugeasssword) {transformation: [-3.9159f,0.062f,0.0468f,-0.817f,0.0619f,3.9162f,-0.002f,1.9174f,-0.0468f,-0.0013f,-3.9164f,0.1313f,0f,0f,0f,1f],start_interpolation: 0,interpolation_duration: 1}
$data merge entity $(bone_ice) {transformation: [-0.9998f,0.0158f,0.012f,-0.8016f,0.0158f,0.9999f,-0.0005f,1.9015f,-0.012f,-0.0003f,-0.9999f,0.1315f,0f,0f,0f,1f],start_interpolation: 0,interpolation_duration: 1}
$data merge entity $(bone_righthand1) {transformation: [-0.9998f,0.0158f,0.012f,-1.0472f,0.0158f,0.9999f,-0.0005f,2.1554f,-0.012f,-0.0003f,-0.9999f,0.0972f,0f,0f,0f,1f],start_interpolation: 0,interpolation_duration: 1}
$data merge entity $(bone_rightforearm) {transformation: [-0.9998f,0.0158f,0.012f,-0.9738f,0.0158f,0.9999f,-0.0005f,2.8575f,-0.012f,-0.0003f,-0.9999f,0.1133f,0f,0f,0f,1f],start_interpolation: 0,interpolation_duration: 1}
$data merge entity $(bone_rightelbow) {transformation: [-0.9998f,0.0158f,0.012f,-0.9708f,0.0158f,0.9999f,-0.0005f,3.0449f,-0.012f,-0.0003f,-0.9999f,0.1133f,0f,0f,0f,1f],start_interpolation: 0,interpolation_duration: 1}
$data merge entity $(bone_rightarm) {transformation: [-1f,0.0043f,0.0022f,-0.75f,0.0048f,0.9556f,0.2947f,3.5125f,-0.0009f,0.2947f,-0.9556f,0.2907f,0f,0f,0f,1f],start_interpolation: 0,interpolation_duration: 1}
$data merge entity $(bone_chest1) {transformation: [-1.0833f,0f,0f,-0.0023f,0f,1.0531f,0.254f,3.3824f,0f,0.254f,-1.0531f,0.1461f,0f,0f,0f,1f],start_interpolation: 0,interpolation_duration: 1}
$data merge entity $(bone_chest1lid) {transformation: [-1f,0f,0f,-0.3438f,0f,0.9721f,0.2344f,2.6263f,0f,0.2344f,-0.9721f,0.3663f,0f,0f,0f,1f],start_interpolation: 0,interpolation_duration: 1}
$data merge entity $(bone_chest2) {transformation: [-1f,0f,0f,-0.3438f,0f,0.9721f,0.2344f,2.4744f,0f,0.2344f,-0.9721f,0.3297f,0f,0f,0f,1f],start_interpolation: 0,interpolation_duration: 1}
$data merge entity $(bone_chest1lid3) {transformation: [-1f,0f,0f,-0.2812f,0f,0.9721f,0.2344f,2.7765f,0f,0.2344f,-0.9721f,-0.2565f,0f,0f,0f,1f],start_interpolation: 0,interpolation_duration: 1}
$data merge entity $(bone_chest3) {transformation: [-1f,0f,0f,-0.2812f,0f,0.9721f,0.2344f,2.6246f,0f,0.2344f,-0.9721f,-0.2931f,0f,0f,0f,1f],start_interpolation: 0,interpolation_duration: 1}
$data merge entity $(bone_hugeasssword2) {transformation: [0f,2.8877f,-2.6461f,-1.2344f,-0.9182f,2.5723f,2.8072f,4.5725f,3.8075f,0.6203f,0.677f,0.1606f,0f,0f,0f,1f],start_interpolation: 0,interpolation_duration: 1}
$data merge entity $(bone_belt) {transformation: [-1f,0f,0f,0.0297f,0f,0.9721f,0.2344f,2.9645f,0f,0.2344f,-0.9721f,0.18f,0f,0f,0f,1f],start_interpolation: 0,interpolation_duration: 1}
$data merge entity $(bone_torn_part) {transformation: [-1f,0f,0f,-0.0938f,0f,0.8566f,0.5159f,2.6886f,0f,0.5159f,-0.8566f,0.1081f,0f,0f,0f,1f],start_interpolation: 0,interpolation_duration: 1}
$data merge entity $(bone_lowerbody) {transformation: [-1f,0f,0f,0.0039f,0f,0.9721f,0.2344f,2.1809f,0f,0.2344f,-0.9721f,0.1303f,0f,0f,0f,1f],start_interpolation: 0,interpolation_duration: 1}
$data merge entity $(bone_leftfoot) {transformation: [-0.9962f,0.0028f,-0.0871f,0.272f,0f,0.9995f,0.0323f,0.1646f,0.0872f,0.0321f,-0.9957f,-0.1481f,0f,0f,0f,1f],start_interpolation: 0,interpolation_duration: 1}
$data merge entity $(bone_leftlowerleg) {transformation: [-0.9962f,0.0232f,-0.084f,0.3107f,0f,0.964f,0.266f,1.1931f,0.0872f,0.265f,-0.9603f,0.2934f,0f,0f,0f,1f],start_interpolation: 0,interpolation_duration: 1}
$data merge entity $(bone_leftleg) {transformation: [-0.9962f,-0.0298f,-0.0819f,0.25f,0f,0.9397f,-0.342f,2.2005f,0.0872f,-0.3407f,-0.9361f,-0.0416f,0f,0f,0f,1f],start_interpolation: 0,interpolation_duration: 1}
$data merge entity $(bone_rightfoot) {transformation: [-0.999f,0.0421f,0.0113f,-0.3653f,0.0416f,0.9982f,-0.0438f,0.1467f,-0.0131f,-0.0433f,-0.999f,-0.1517f,0f,0f,0f,1f],start_interpolation: 0,interpolation_duration: 1}
$data merge entity $(bone_rightlowerleg) {transformation: [-0.999f,0.0372f,0.0228f,-0.3276f,0.0416f,0.9697f,0.2408f,1.1854f,-0.0131f,0.2416f,-0.9703f,0.2654f,0f,0f,0f,1f],start_interpolation: 0,interpolation_duration: 1}
$data merge entity $(bone_rightleg) {transformation: [-0.999f,0.0436f,-0.0006f,-0.25f,0.0416f,0.9489f,-0.3128f,2.2005f,-0.0131f,-0.3125f,-0.9498f,-0.0416f,0f,0f,0f,1f],start_interpolation: 0,interpolation_duration: 1}
data modify entity @s data merge value {"cameras":{},"locators":{"lefthand":{"posx":0.34403180371345615,"posy":2.282032906916544,"posz":1.0255507339726253,"roty":36.4528881803279,"rotx":-54.19295639603947},"sword":{"posx":-0.9398310974465988,"posy":1.889295852414553,"posz":3.833275523639398,"roty":0.6849244066127937,"rotx":-0.02998836431032557},"righthand":{"posx":-0.8957510924010079,"posy":1.8873658308791934,"posz":0.14603950214958122,"roty":0.6849244066127937,"rotx":-0.02998836431032557},"chest":{"posx":-0.3750000000000001,"posy":2.5289175872793246,"posz":0.5035441272226029,"roty":0,"rotx":13.558261265361855}}}