# This file was generated by Animated Java via MC-Build. It is not recommended to edit this file directly.
$data merge entity $(bone_nose) {transformation: [-1f,0f,0f,0f,0f,0.7118f,0.7024f,3.9488f,0f,0.7024f,-0.7118f,0.6248f,0f,0f,0f,1f],start_interpolation: 0,interpolation_duration: 1}
$data merge entity $(bone_glowing_eye) {transformation: [-1f,0f,0f,-0.125f,0f,0.7118f,0.7024f,3.9725f,0f,0.7024f,-0.7118f,0.6972f,0f,0f,0f,1f],start_interpolation: 0,interpolation_duration: 1}
$data merge entity $(bone_head) {transformation: [-1f,0f,0f,0f,0f,0.7118f,0.7024f,3.9924f,0f,0.7024f,-0.7118f,0.4048f,0f,0f,0f,1f],start_interpolation: 0,interpolation_duration: 1}
$data merge entity $(bone_leftthumb2) {transformation: [-0.8253f,0.5006f,0.2612f,0.2316f,0.0552f,0.5319f,-0.845f,2.5749f,-0.562f,-0.683f,-0.4666f,1.2809f,0f,0f,0f,1f],start_interpolation: 0,interpolation_duration: 1}
$data merge entity $(bone_leftthumb) {transformation: [-0.8253f,0.5006f,0.2612f,0.3767f,0.0552f,0.5319f,-0.845f,2.6331f,-0.562f,-0.683f,-0.4666f,1.0735f,0f,0f,0f,1f],start_interpolation: 0,interpolation_duration: 1}
$data merge entity $(bone_leftpointerfinger) {transformation: [-0.8253f,0.5006f,0.2612f,0.315f,0.0552f,0.5319f,-0.845f,2.4129f,-0.562f,-0.683f,-0.4666f,1.3372f,0f,0f,0f,1f],start_interpolation: 0,interpolation_duration: 1}
$data merge entity $(bone_leftmidfinger) {transformation: [-0.8253f,0.5006f,0.2612f,0.3558f,0.0552f,0.5319f,-0.845f,2.2809f,-0.562f,-0.683f,-0.4666f,1.2643f,0f,0f,0f,1f],start_interpolation: 0,interpolation_duration: 1}
$data merge entity $(bone_leftringfinger) {transformation: [-0.8253f,0.5006f,0.2612f,0.3966f,0.0552f,0.5319f,-0.845f,2.1489f,-0.562f,-0.683f,-0.4666f,1.1914f,0f,0f,0f,1f],start_interpolation: 0,interpolation_duration: 1}
$data merge entity $(bone_invisibility) {transformation: [0.5215f,-0.2166f,0.8253f,0.2068f,0.4562f,0.8881f,-0.0552f,2.5079f,-0.7211f,0.4053f,0.562f,1.1717f,0f,0f,0f,1f],start_interpolation: 0,interpolation_duration: 1}
$data merge entity $(bone_swiftness) {transformation: [0.2612f,0.5006f,0.8253f,0.145f,-0.845f,0.5319f,-0.0552f,2.2803f,-0.4666f,-0.683f,0.562f,1.1474f,0f,0f,0f,1f],start_interpolation: 0,interpolation_duration: 1}
$data merge entity $(bone_suspicious_stew) {transformation: [0f,0f,0f,0.2323f,0f,0f,0f,2.3245f,0f,0f,0f,1.1162f,0f,0f,0f,1f],start_interpolation: 0,interpolation_duration: 1}
$data merge entity $(bone_log) {transformation: [-0.8764f,0.5316f,0.2774f,0.23f,0.0586f,0.5648f,-0.8973f,2.3503f,-0.5967f,-0.7253f,-0.4955f,0.9346f,0f,0f,0f,1f],start_interpolation: 0,interpolation_duration: 1}
$data merge entity $(bone_planks) {transformation: [0.0483f,-0.0293f,-0.0153f,0.1479f,-0.0032f,-0.0311f,0.0494f,2.3558f,0.0329f,0.0399f,0.0273f,0.8787f,0f,0f,0f,1f],start_interpolation: 0,interpolation_duration: 1}
$data merge entity $(bone_lefthand1) {transformation: [-0.8253f,0.5006f,0.2612f,0.5531f,0.0552f,0.5319f,-0.845f,2.5021f,-0.562f,-0.683f,-0.4666f,0.9406f,0f,0f,0f,1f],start_interpolation: 0,interpolation_duration: 1}
$data merge entity $(bone_leftforearm) {transformation: [-0.8253f,0.5006f,0.2612f,0.8494f,0.0552f,0.5319f,-0.845f,2.8928f,-0.562f,-0.683f,-0.4666f,0.4326f,0f,0f,0f,1f],start_interpolation: 0,interpolation_duration: 1}
$data merge entity $(bone_leftelbow) {transformation: [-0.8253f,0.5006f,0.2612f,0.9433f,0.0552f,0.5319f,-0.845f,2.9925f,-0.562f,-0.683f,-0.4666f,0.3045f,0f,0f,0f,1f],start_interpolation: 0,interpolation_duration: 1}
$data merge entity $(bone_leftarm) {transformation: [-0.9982f,0.052f,0.0286f,0.75f,0.051f,0.9982f,-0.0328f,3.5038f,-0.0303f,-0.0313f,-0.9991f,0.3135f,0f,0f,0f,1f],start_interpolation: 0,interpolation_duration: 1}
$data merge entity $(bone_rightthumb2) {transformation: [-0.9246f,-0.3487f,-0.1534f,-0.4246f,-0.2051f,0.7951f,-0.5708f,2.1623f,0.321f,-0.4963f,-0.8066f,1.1911f,0f,0f,0f,1f],start_interpolation: 0,interpolation_duration: 1}
$data merge entity $(bone_rightthumb) {transformation: [-0.9246f,-0.3487f,-0.1534f,-0.5232f,-0.2051f,0.7951f,-0.5708f,2.3085f,0.321f,-0.4963f,-0.8066f,1.0004f,0f,0f,0f,1f],start_interpolation: 0,interpolation_duration: 1}
$data merge entity $(bone_rightpointerfinger) {transformation: [-0.9246f,-0.3487f,-0.1534f,-0.5172f,-0.2051f,0.7951f,-0.5708f,1.9984f,0.321f,-0.4963f,-0.8066f,1.1606f,0f,0f,0f,1f],start_interpolation: 0,interpolation_duration: 1}
$data merge entity $(bone_rightmidfinger) {transformation: [-0.9246f,-0.3487f,-0.1534f,-0.5411f,-0.2051f,0.7951f,-0.5708f,1.9092f,0.321f,-0.4963f,-0.8066f,1.0346f,0f,0f,0f,1f],start_interpolation: 0,interpolation_duration: 1}
$data merge entity $(bone_rightringfinger) {transformation: [-0.9246f,-0.3487f,-0.1534f,-0.5651f,-0.2051f,0.7951f,-0.5708f,1.82f,0.321f,-0.4963f,-0.8066f,0.9085f,0f,0f,0f,1f],start_interpolation: 0,interpolation_duration: 1}
$data merge entity $(bone_hugeasssword) {transformation: [-3.6214f,-1.3656f,-0.6007f,-0.3639f,-0.8034f,3.114f,-2.2356f,2.1341f,1.2571f,-1.9438f,-3.1594f,0.8611f,0f,0f,0f,1f],start_interpolation: 0,interpolation_duration: 1}
$data merge entity $(bone_ice) {transformation: [-0.9246f,-0.3487f,-0.1534f,-0.344f,-0.2051f,0.7951f,-0.5708f,2.1249f,0.321f,-0.4963f,-0.8066f,0.8638f,0f,0f,0f,1f],start_interpolation: 0,interpolation_duration: 1}
$data merge entity $(bone_righthand1) {transformation: [-0.9246f,-0.3487f,-0.1534f,-0.6672f,-0.2051f,0.7951f,-0.5708f,2.2546f,0.321f,-0.4963f,-0.8066f,0.7948f,0f,0f,0f,1f],start_interpolation: 0,interpolation_duration: 1}
$data merge entity $(bone_rightforearm) {transformation: [-0.9246f,-0.3487f,-0.1534f,-0.8521f,-0.2051f,0.7951f,-0.5708f,2.8353f,0.321f,-0.4963f,-0.8066f,0.4384f,0f,0f,0f,1f],start_interpolation: 0,interpolation_duration: 1}
$data merge entity $(bone_rightelbow) {transformation: [-0.9246f,-0.3487f,-0.1534f,-0.9175f,-0.2051f,0.7951f,-0.5708f,2.9844f,0.321f,-0.4963f,-0.8066f,0.3453f,0f,0f,0f,1f],start_interpolation: 0,interpolation_duration: 1}
$data merge entity $(bone_rightarm) {transformation: [-0.9949f,-0.1006f,-0.0057f,-0.75f,-0.0992f,0.9879f,-0.1192f,3.5038f,0.0176f,-0.118f,-0.9929f,0.3135f,0f,0f,0f,1f],start_interpolation: 0,interpolation_duration: 1}
$data merge entity $(bone_chest1) {transformation: [-1.0833f,0f,0f,-0.0023f,0f,1.0518f,0.2596f,3.3745f,0f,0.2596f,-1.0518f,0.1682f,0f,0f,0f,1f],start_interpolation: 0,interpolation_duration: 1}
$data merge entity $(bone_chest1lid) {transformation: [-1f,0f,0f,-0.3438f,0f,0.9709f,0.2396f,2.6172f,0f,0.2396f,-0.9709f,0.3843f,0f,0f,0f,1f],start_interpolation: 0,interpolation_duration: 1}
$data merge entity $(bone_chest2) {transformation: [-1f,0f,0f,-0.3438f,0f,0.9709f,0.2396f,2.4655f,0f,0.2396f,-0.9709f,0.3469f,0f,0f,0f,1f],start_interpolation: 0,interpolation_duration: 1}
$data merge entity $(bone_chest1lid3) {transformation: [-1f,0f,0f,-0.2812f,0f,0.9709f,0.2396f,2.7707f,0f,0.2396f,-0.9709f,-0.2376f,0f,0f,0f,1f],start_interpolation: 0,interpolation_duration: 1}
$data merge entity $(bone_chest3) {transformation: [-1f,0f,0f,-0.2812f,0f,0.9709f,0.2396f,2.619f,0f,0.2396f,-0.9709f,-0.2751f,0f,0f,0f,1f],start_interpolation: 0,interpolation_duration: 1}
$data merge entity $(bone_hugeasssword2) {transformation: [0f,2.8877f,-2.6461f,-1.2344f,-0.9386f,2.569f,2.8035f,4.5645f,3.8025f,0.6341f,0.692f,0.189f,0f,0f,0f,1f],start_interpolation: 0,interpolation_duration: 1}
$data merge entity $(bone_belt) {transformation: [-1f,0f,0f,0.0297f,0f,0.9709f,0.2396f,2.9564f,0f,0.2396f,-0.9709f,0.1998f,0f,0f,0f,1f],start_interpolation: 0,interpolation_duration: 1}
$data merge entity $(bone_torn_part) {transformation: [-1f,0f,0f,-0.0938f,0f,0.8539f,0.5205f,2.6809f,0f,0.5205f,-0.8539f,0.1264f,0f,0f,0f,1f],start_interpolation: 0,interpolation_duration: 1}
$data merge entity $(bone_lowerbody) {transformation: [-1f,0f,0f,0.0039f,0f,0.9709f,0.2396f,2.1731f,0f,0.2396f,-0.9709f,0.1459f,0f,0f,0f,1f],start_interpolation: 0,interpolation_duration: 1}
$data merge entity $(bone_leftfoot) {transformation: [-0.9962f,0.0024f,-0.0871f,0.2701f,0f,0.9996f,0.0275f,0.1667f,0.0872f,0.0274f,-0.9958f,-0.1548f,0f,0f,0f,1f],start_interpolation: 0,interpolation_duration: 1}
$data merge entity $(bone_leftlowerleg) {transformation: [-0.9962f,0.025f,-0.0835f,0.3107f,0f,0.9579f,0.287f,1.1853f,0.0872f,0.2859f,-0.9543f,0.309f,0f,0f,0f,1f],start_interpolation: 0,interpolation_duration: 1}
$data merge entity $(bone_leftleg) {transformation: [-0.9962f,-0.0298f,-0.0819f,0.25f,0f,0.9397f,-0.342f,2.1927f,0.0872f,-0.3407f,-0.9361f,-0.0259f,0f,0f,0f,1f],start_interpolation: 0,interpolation_duration: 1}
$data merge entity $(bone_rightfoot) {transformation: [-0.999f,0.0421f,0.0113f,-0.365f,0.0416f,0.9982f,-0.0438f,0.1452f,-0.0131f,-0.0433f,-0.999f,-0.1418f,0f,0f,0f,1f],start_interpolation: 0,interpolation_duration: 1}
$data merge entity $(bone_rightlowerleg) {transformation: [-0.999f,0.0369f,0.0232f,-0.3275f,0.0416f,0.967f,0.2514f,1.1793f,-0.0131f,0.2521f,-0.9676f,0.2866f,0f,0f,0f,1f],start_interpolation: 0,interpolation_duration: 1}
$data merge entity $(bone_rightleg) {transformation: [-0.999f,0.0436f,-0.0008f,-0.25f,0.0416f,0.9472f,-0.318f,2.1927f,-0.0131f,-0.3177f,-0.9481f,-0.0259f,0f,0f,0f,1f],start_interpolation: 0,interpolation_duration: 1}
data modify entity @s data merge value {"cameras":{},"locators":{"lefthand":{"posx":0.26395642030621524,"posy":2.3230158047672465,"posz":1.069626501578291,"roty":29.241576780736267,"rotx":-57.671978706943705},"sword":{"posx":0.14268602736019237,"posy":4.206967995508016,"posz":3.888776559961695,"roty":349.2343111245912,"rotx":-34.805412523786664},"righthand":{"posx":-0.4228838822761903,"posy":2.1021756810825454,"posz":0.9142789149047406,"roty":349.2343111245912,"rotx":-34.805412523786664},"chest":{"posx":-0.3750000000000001,"posy":2.5190943024272645,"posz":0.5210385744699366,"roty":0,"rotx":13.865498406918526}}}