# This file was generated by Animated Java via MC-Build. It is not recommended to edit this file directly.
$data merge entity $(bone_nose) {transformation: [-1f,0f,0f,0f,0f,0.7102f,0.704f,3.9461f,0f,0.704f,-0.7102f,0.6297f,0f,0f,0f,1f],start_interpolation: 0,interpolation_duration: 1}
$data merge entity $(bone_glowing_eye) {transformation: [-1f,0f,0f,-0.125f,0f,0.7102f,0.704f,3.9697f,0f,0.704f,-0.7102f,0.7022f,0f,0f,0f,1f],start_interpolation: 0,interpolation_duration: 1}
$data merge entity $(bone_head) {transformation: [-1f,0f,0f,0f,0f,0.7102f,0.704f,3.9903f,0f,0.704f,-0.7102f,0.4098f,0f,0f,0f,1f],start_interpolation: 0,interpolation_duration: 1}
$data merge entity $(bone_leftthumb2) {transformation: [-0.8236f,0.514f,0.2398f,0.2083f,0.0774f,0.5207f,-0.8502f,2.5839f,-0.5618f,-0.6817f,-0.4686f,1.284f,0f,0f,0f,1f],start_interpolation: 0,interpolation_duration: 1}
$data merge entity $(bone_leftthumb) {transformation: [-0.8236f,0.514f,0.2398f,0.3549f,0.0774f,0.5207f,-0.8502f,2.639f,-0.5618f,-0.6817f,-0.4686f,1.0768f,0f,0f,0f,1f],start_interpolation: 0,interpolation_duration: 1}
$data merge entity $(bone_leftpointerfinger) {transformation: [-0.8236f,0.514f,0.2398f,0.2875f,0.0774f,0.5207f,-0.8502f,2.4198f,-0.5618f,-0.6817f,-0.4686f,1.34f,0f,0f,0f,1f],start_interpolation: 0,interpolation_duration: 1}
$data merge entity $(bone_leftmidfinger) {transformation: [-0.8236f,0.514f,0.2398f,0.325f,0.0774f,0.5207f,-0.8502f,2.2869f,-0.5618f,-0.6817f,-0.4686f,1.2667f,0f,0f,0f,1f],start_interpolation: 0,interpolation_duration: 1}
$data merge entity $(bone_leftringfinger) {transformation: [-0.8236f,0.514f,0.2398f,0.3624f,0.0774f,0.5207f,-0.8502f,2.1541f,-0.5618f,-0.6817f,-0.4686f,1.1935f,0f,0f,0f,1f],start_interpolation: 0,interpolation_duration: 1}
$data merge entity $(bone_invisibility) {transformation: [0.5329f,-0.194f,0.8236f,0.1818f,0.4446f,0.8924f,-0.0774f,2.5178f,-0.72f,0.4074f,0.5618f,1.1747f,0f,0f,0f,1f],start_interpolation: 0,interpolation_duration: 1}
$data merge entity $(bone_swiftness) {transformation: [0.2398f,0.514f,0.8236f,0.1143f,-0.8502f,0.5207f,-0.0774f,2.2919f,-0.4686f,-0.6817f,0.5618f,1.1499f,0f,0f,0f,1f],start_interpolation: 0,interpolation_duration: 1}
$data merge entity $(bone_suspicious_stew) {transformation: [0f,0f,0f,0.2027f,0f,0f,0f,2.334f,0f,0f,0f,1.1188f,0f,0f,0f,1f],start_interpolation: 0,interpolation_duration: 1}
$data merge entity $(bone_log) {transformation: [-0.8786f,0.5483f,0.2558f,0.2011f,0.0826f,0.5554f,-0.907f,2.3598f,-0.5993f,-0.7272f,-0.4999f,0.9355f,0f,0f,0f,1f],start_interpolation: 0,interpolation_duration: 1}
$data merge entity $(bone_planks) {transformation: [0.0288f,-0.018f,-0.0084f,0.1187f,-0.0027f,-0.0182f,0.0297f,2.3675f,0.0196f,0.0238f,0.0164f,0.8794f,0f,0f,0f,1f],start_interpolation: 0,interpolation_duration: 1}
$data merge entity $(bone_lefthand1) {transformation: [-0.8236f,0.514f,0.2398f,0.5279f,0.0774f,0.5207f,-0.8502f,2.5039f,-0.5618f,-0.6817f,-0.4686f,0.9436f,0f,0f,0f,1f],start_interpolation: 0,interpolation_duration: 1}
$data merge entity $(bone_leftforearm) {transformation: [-0.8236f,0.514f,0.2398f,0.834f,0.0774f,0.5207f,-0.8502f,2.8881f,-0.5618f,-0.6817f,-0.4686f,0.4365f,0f,0f,0f,1f],start_interpolation: 0,interpolation_duration: 1}
$data merge entity $(bone_leftelbow) {transformation: [-0.8236f,0.514f,0.2398f,0.9304f,0.0774f,0.5207f,-0.8502f,2.9857f,-0.5618f,-0.6817f,-0.4686f,0.3087f,0f,0f,0f,1f],start_interpolation: 0,interpolation_duration: 1}
$data merge entity $(bone_leftarm) {transformation: [-0.9967f,0.0769f,0.0268f,0.75f,0.076f,0.9966f,-0.0328f,3.5017f,-0.0292f,-0.0306f,-0.9991f,0.3182f,0f,0f,0f,1f],start_interpolation: 0,interpolation_duration: 1}
$data merge entity $(bone_rightthumb2) {transformation: [-0.8743f,-0.4586f,-0.1587f,-0.2684f,-0.2063f,0.6473f,-0.7338f,2.3944f,0.4393f,-0.6089f,-0.6605f,1.3606f,0f,0f,0f,1f],start_interpolation: 0,interpolation_duration: 1}
$data merge entity $(bone_rightthumb) {transformation: [-0.8743f,-0.4586f,-0.1587f,-0.3944f,-0.2063f,0.6473f,-0.7338f,2.4904f,0.4393f,-0.6089f,-0.6605f,1.1548f,0f,0f,0f,1f],start_interpolation: 0,interpolation_duration: 1}
$data merge entity $(bone_rightpointerfinger) {transformation: [-0.8743f,-0.4586f,-0.1587f,-0.347f,-0.2063f,0.6473f,-0.7338f,2.2211f,0.4393f,-0.6089f,-0.6605f,1.3717f,0f,0f,0f,1f],start_interpolation: 0,interpolation_duration: 1}
$data merge entity $(bone_rightmidfinger) {transformation: [-0.8743f,-0.4586f,-0.1587f,-0.3718f,-0.2063f,0.6473f,-0.7338f,2.1064f,0.4393f,-0.6089f,-0.6605f,1.2685f,0f,0f,0f,1f],start_interpolation: 0,interpolation_duration: 1}
$data merge entity $(bone_rightringfinger) {transformation: [-0.8743f,-0.4586f,-0.1587f,-0.3966f,-0.2063f,0.6473f,-0.7338f,1.9917f,0.4393f,-0.6089f,-0.6605f,1.1652f,0f,0f,0f,1f],start_interpolation: 0,interpolation_duration: 1}
$data merge entity $(bone_hugeasssword) {transformation: [-3.4245f,-1.7963f,-0.6217f,-0.2302f,-0.808f,2.5351f,-2.8742f,2.3041f,1.7206f,-2.3847f,-2.5871f,1.0384f,0f,0f,0f,1f],start_interpolation: 0,interpolation_duration: 1}
$data merge entity $(bone_ice) {transformation: [-0.8743f,-0.4586f,-0.1587f,-0.2094f,-0.2063f,0.6473f,-0.7338f,2.2972f,0.4393f,-0.6089f,-0.6605f,1.0411f,0f,0f,0f,1f],start_interpolation: 0,interpolation_duration: 1}
$data merge entity $(bone_righthand1) {transformation: [-0.8743f,-0.4586f,-0.1587f,-0.5476f,-0.2063f,0.6473f,-0.7338f,2.3846f,0.4393f,-0.6089f,-0.6605f,0.978f,0f,0f,0f,1f],start_interpolation: 0,interpolation_duration: 1}
$data merge entity $(bone_rightforearm) {transformation: [-0.8743f,-0.4586f,-0.1587f,-0.8129f,-0.2063f,0.6473f,-0.7338f,2.864f,0.4393f,-0.6089f,-0.6605f,0.5328f,0f,0f,0f,1f],start_interpolation: 0,interpolation_duration: 1}
$data merge entity $(bone_rightelbow) {transformation: [-0.8743f,-0.4586f,-0.1587f,-0.8989f,-0.2063f,0.6473f,-0.7338f,2.9854f,0.4393f,-0.6089f,-0.6605f,0.4186f,0f,0f,0f,1f],start_interpolation: 0,interpolation_duration: 1}
$data merge entity $(bone_rightarm) {transformation: [-0.9908f,-0.135f,0.0106f,-0.75f,-0.1333f,0.9586f,-0.2518f,3.5017f,0.0239f,-0.2509f,-0.9677f,0.3182f,0f,0f,0f,1f],start_interpolation: 0,interpolation_duration: 1}
$data merge entity $(bone_chest1) {transformation: [-1.0833f,0f,0f,-0.0023f,0f,1.0516f,0.2602f,3.3725f,0f,0.2602f,-1.0516f,0.1729f,0f,0f,0f,1f],start_interpolation: 0,interpolation_duration: 1}
$data merge entity $(bone_chest1lid) {transformation: [-1f,0f,0f,-0.3438f,0f,0.9707f,0.2402f,2.6151f,0f,0.2402f,-0.9707f,0.3886f,0f,0f,0f,1f],start_interpolation: 0,interpolation_duration: 1}
$data merge entity $(bone_chest2) {transformation: [-1f,0f,0f,-0.3438f,0f,0.9707f,0.2402f,2.4634f,0f,0.2402f,-0.9707f,0.3511f,0f,0f,0f,1f],start_interpolation: 0,interpolation_duration: 1}
$data merge entity $(bone_chest1lid3) {transformation: [-1f,0f,0f,-0.2812f,0f,0.9707f,0.2402f,2.7689f,0f,0.2402f,-0.9707f,-0.2333f,0f,0f,0f,1f],start_interpolation: 0,interpolation_duration: 1}
$data merge entity $(bone_chest3) {transformation: [-1f,0f,0f,-0.2812f,0f,0.9707f,0.2402f,2.6173f,0f,0.2402f,-0.9707f,-0.2708f,0f,0f,0f,1f],start_interpolation: 0,interpolation_duration: 1}
$data merge entity $(bone_hugeasssword2) {transformation: [0f,2.8877f,-2.6461f,-1.2344f,-0.9407f,2.5686f,2.8032f,4.5625f,3.802f,0.6355f,0.6935f,0.1943f,0f,0f,0f,1f],start_interpolation: 0,interpolation_duration: 1}
$data merge entity $(bone_belt) {transformation: [-1f,0f,0f,0.0297f,0f,0.9707f,0.2402f,2.9544f,0f,0.2402f,-0.9707f,0.2043f,0f,0f,0f,1f],start_interpolation: 0,interpolation_duration: 1}
$data merge entity $(bone_torn_part) {transformation: [-1f,0f,0f,-0.0938f,0f,0.8536f,0.521f,2.6789f,0f,0.521f,-0.8536f,0.1307f,0f,0f,0f,1f],start_interpolation: 0,interpolation_duration: 1}
$data merge entity $(bone_lowerbody) {transformation: [-1f,0f,0f,0.0039f,0f,0.9707f,0.2402f,2.1711f,0f,0.2402f,-0.9707f,0.15f,0f,0f,0f,1f],start_interpolation: 0,interpolation_duration: 1}
$data merge entity $(bone_leftfoot) {transformation: [-0.9962f,0.0023f,-0.0871f,0.2696f,0f,0.9997f,0.0262f,0.1673f,0.0872f,0.0261f,-0.9959f,-0.1564f,0f,0f,0f,1f],start_interpolation: 0,interpolation_duration: 1}
$data merge entity $(bone_leftlowerleg) {transformation: [-0.9962f,0.0255f,-0.0833f,0.3107f,0f,0.9563f,0.2923f,1.1833f,0.0872f,0.2912f,-0.9527f,0.313f,0f,0f,0f,1f],start_interpolation: 0,interpolation_duration: 1}
$data merge entity $(bone_leftleg) {transformation: [-0.9962f,-0.0298f,-0.0819f,0.25f,0f,0.9397f,-0.342f,2.1906f,0.0872f,-0.3407f,-0.9361f,-0.0219f,0f,0f,0f,1f],start_interpolation: 0,interpolation_duration: 1}
$data merge entity $(bone_rightfoot) {transformation: [-0.999f,0.0421f,0.0113f,-0.3649f,0.0416f,0.9982f,-0.0438f,0.1448f,-0.0131f,-0.0433f,-0.999f,-0.1393f,0f,0f,0f,1f],start_interpolation: 0,interpolation_duration: 1}
$data merge entity $(bone_rightlowerleg) {transformation: [-0.999f,0.0369f,0.0233f,-0.3275f,0.0416f,0.9663f,0.2541f,1.1777f,-0.0131f,0.2549f,-0.9669f,0.292f,0f,0f,0f,1f],start_interpolation: 0,interpolation_duration: 1}
$data merge entity $(bone_rightleg) {transformation: [-0.999f,0.0436f,-0.0009f,-0.25f,0.0416f,0.9467f,-0.3193f,2.1906f,-0.0131f,-0.319f,-0.9476f,-0.0219f,0f,0f,0f,1f],start_interpolation: 0,interpolation_duration: 1}
data modify entity @s data merge value {"cameras":{},"locators":{"lefthand":{"posx":0.23426589246595209,"posy":2.3318448892770713,"posz":1.0721846187352875,"roty":27.093638586911197,"rotx":-58.236773958669374},"sword":{"posx":0.3036353945139994,"posy":4.985240781297076,"posz":3.537792035152173,"roty":346.48700395811727,"rotx":-47.20807023369094},"righthand":{"posx":-0.2817114351669511,"posy":2.2792590362006795,"posz":1.1020810231091764,"roty":346.48700395811727,"rotx":-47.20807023369094},"chest":{"posx":-0.3750000000000001,"posy":2.5168824635053317,"posz":0.5252438442090752,"roty":0,"rotx":13.896435480200276}}}