# This file was generated by Animated Java via MC-Build. It is not recommended to edit this file directly.
$data merge entity $(bone_nose) {transformation: [-1f,0f,0f,0f,0f,0.7092f,0.705f,3.9438f,0f,0.705f,-0.7092f,0.6341f,0f,0f,0f,1f],start_interpolation: 0,interpolation_duration: 1}
$data merge entity $(bone_glowing_eye) {transformation: [-1f,0f,0f,-0.125f,0f,0.7092f,0.705f,3.9672f,0f,0.705f,-0.7092f,0.7066f,0f,0f,0f,1f],start_interpolation: 0,interpolation_duration: 1}
$data merge entity $(bone_head) {transformation: [-1f,0f,0f,0f,0f,0.7092f,0.705f,3.9882f,0f,0.705f,-0.7092f,0.4143f,0f,0f,0f,1f],start_interpolation: 0,interpolation_duration: 1}
$data merge entity $(bone_leftthumb2) {transformation: [-0.822f,0.5172f,0.2382f,0.2035f,0.0849f,0.525f,-0.8469f,2.5753f,-0.5631f,-0.6759f,-0.4755f,1.2808f,0f,0f,0f,1f],start_interpolation: 0,interpolation_duration: 1}
$data merge entity $(bone_leftthumb) {transformation: [-0.822f,0.5172f,0.2382f,0.3507f,0.0849f,0.525f,-0.8469f,2.6317f,-0.5631f,-0.6759f,-0.4755f,1.0744f,0f,0f,0f,1f],start_interpolation: 0,interpolation_duration: 1}
$data merge entity $(bone_leftpointerfinger) {transformation: [-0.822f,0.5172f,0.2382f,0.282f,0.0849f,0.525f,-0.8469f,2.4104f,-0.5631f,-0.6759f,-0.4755f,1.3355f,0f,0f,0f,1f],start_interpolation: 0,interpolation_duration: 1}
$data merge entity $(bone_leftmidfinger) {transformation: [-0.822f,0.5172f,0.2382f,0.3193f,0.0849f,0.525f,-0.8469f,2.2781f,-0.5631f,-0.6759f,-0.4755f,1.2612f,0f,0f,0f,1f],start_interpolation: 0,interpolation_duration: 1}
$data merge entity $(bone_leftringfinger) {transformation: [-0.822f,0.5172f,0.2382f,0.3565f,0.0849f,0.525f,-0.8469f,2.1458f,-0.5631f,-0.6759f,-0.4755f,1.1869f,0f,0f,0f,1f],start_interpolation: 0,interpolation_duration: 1}
$data merge entity $(bone_invisibility) {transformation: [0.536f,-0.1922f,0.822f,0.177f,0.4492f,0.8894f,-0.0849f,2.5102f,-0.7148f,0.4148f,0.5631f,1.1708f,0f,0f,0f,1f],start_interpolation: 0,interpolation_duration: 1}
$data merge entity $(bone_swiftness) {transformation: [0.2382f,0.5172f,0.822f,0.1088f,-0.8469f,0.525f,-0.0849f,2.2848f,-0.4755f,-0.6759f,0.5631f,1.1439f,0f,0f,0f,1f],start_interpolation: 0,interpolation_duration: 1}
$data merge entity $(bone_suspicious_stew) {transformation: [0f,0f,0f,0.1975f,0f,0f,0f,2.3269f,0f,0f,0f,1.1133f,0f,0f,0f,1f],start_interpolation: 0,interpolation_duration: 1}
$data merge entity $(bone_log) {transformation: [-0.8798f,0.5536f,0.2549f,0.1964f,0.0909f,0.5619f,-0.9064f,2.3539f,-0.6027f,-0.7235f,-0.5089f,0.9291f,0f,0f,0f,1f],start_interpolation: 0,interpolation_duration: 1}
$data merge entity $(bone_planks) {transformation: [0f,0f,0f,0.1139f,0f,0f,0f,2.3624f,0f,0f,0f,0.8726f,0f,0f,0f,1f],start_interpolation: 0,interpolation_duration: 1}
$data merge entity $(bone_lefthand1) {transformation: [-0.822f,0.5172f,0.2382f,0.5236f,0.0849f,0.525f,-0.8469f,2.4972f,-0.5631f,-0.6759f,-0.4755f,0.9404f,0f,0f,0f,1f],start_interpolation: 0,interpolation_duration: 1}
$data merge entity $(bone_leftforearm) {transformation: [-0.822f,0.5172f,0.2382f,0.8322f,0.0849f,0.525f,-0.8469f,2.8849f,-0.5631f,-0.6759f,-0.4755f,0.4374f,0f,0f,0f,1f],start_interpolation: 0,interpolation_duration: 1}
$data merge entity $(bone_leftelbow) {transformation: [-0.822f,0.5172f,0.2382f,0.9291f,0.0849f,0.525f,-0.8469f,2.9833f,-0.5631f,-0.6759f,-0.4755f,0.3107f,0f,0f,0f,1f],start_interpolation: 0,interpolation_duration: 1}
$data merge entity $(bone_leftarm) {transformation: [-0.9965f,0.0793f,0.0261f,0.75f,0.0786f,0.9965f,-0.0285f,3.4996f,-0.0283f,-0.0263f,-0.9993f,0.3225f,0f,0f,0f,1f],start_interpolation: 0,interpolation_duration: 1}
$data merge entity $(bone_rightthumb2) {transformation: [-0.8422f,-0.5175f,-0.1513f,-0.1868f,-0.1917f,0.5498f,-0.813f,2.542f,0.5039f,-0.6557f,-0.5622f,1.4315f,0f,0f,0f,1f],start_interpolation: 0,interpolation_duration: 1}
$data merge entity $(bone_rightthumb) {transformation: [-0.8422f,-0.5175f,-0.1513f,-0.3267f,-0.1917f,0.5498f,-0.813f,2.6074f,0.5039f,-0.6557f,-0.5622f,1.2227f,0f,0f,0f,1f],start_interpolation: 0,interpolation_duration: 1}
$data merge entity $(bone_rightpointerfinger) {transformation: [-0.8422f,-0.5175f,-0.1513f,-0.2561f,-0.1917f,0.5498f,-0.813f,2.3679f,0.5039f,-0.6557f,-0.5622f,1.4666f,0f,0f,0f,1f],start_interpolation: 0,interpolation_duration: 1}
$data merge entity $(bone_rightmidfinger) {transformation: [-0.8422f,-0.5175f,-0.1513f,-0.2797f,-0.1917f,0.5498f,-0.813f,2.2409f,0.5039f,-0.6557f,-0.5622f,1.3787f,0f,0f,0f,1f],start_interpolation: 0,interpolation_duration: 1}
$data merge entity $(bone_rightringfinger) {transformation: [-0.8422f,-0.5175f,-0.1513f,-0.3034f,-0.1917f,0.5498f,-0.813f,2.1138f,0.5039f,-0.6557f,-0.5622f,1.2909f,0f,0f,0f,1f],start_interpolation: 0,interpolation_duration: 1}
$data merge entity $(bone_hugeasssword) {transformation: [-3.2987f,-2.0268f,-0.5927f,-0.1588f,-0.7509f,2.1533f,-3.1843f,2.4162f,1.9736f,-2.5682f,-2.2021f,1.1205f,0f,0f,0f,1f],start_interpolation: 0,interpolation_duration: 1}
$data merge entity $(bone_ice) {transformation: [-0.8422f,-0.5175f,-0.1513f,-0.1375f,-0.1917f,0.5498f,-0.813f,2.4106f,0.5039f,-0.6557f,-0.5622f,1.1229f,0f,0f,0f,1f],start_interpolation: 0,interpolation_duration: 1}
$data merge entity $(bone_righthand1) {transformation: [-0.8422f,-0.5175f,-0.1513f,-0.4822f,-0.1917f,0.5498f,-0.813f,2.4747f,0.5039f,-0.6557f,-0.5622f,1.0673f,0f,0f,0f,1f],start_interpolation: 0,interpolation_duration: 1}
$data merge entity $(bone_rightforearm) {transformation: [-0.8422f,-0.5175f,-0.1513f,-0.791f,-0.1917f,0.5498f,-0.813f,2.886f,0.5039f,-0.6557f,-0.5622f,0.5836f,0f,0f,0f,1f],start_interpolation: 0,interpolation_duration: 1}
$data merge entity $(bone_rightelbow) {transformation: [-0.8422f,-0.5175f,-0.1513f,-0.8881f,-0.1917f,0.5498f,-0.813f,2.989f,0.5039f,-0.6557f,-0.5622f,0.4606f,0f,0f,0f,1f],start_interpolation: 0,interpolation_duration: 1}
$data merge entity $(bone_rightarm) {transformation: [-0.9877f,-0.1545f,0.0236f,-0.75f,-0.1538f,0.9337f,-0.3234f,3.4996f,0.0279f,-0.3231f,-0.946f,0.3225f,0f,0f,0f,1f],start_interpolation: 0,interpolation_duration: 1}
$data merge entity $(bone_chest1) {transformation: [-1.0833f,0f,0f,-0.0023f,0f,1.0516f,0.2604f,3.3705f,0f,0.2604f,-1.0516f,0.1772f,0f,0f,0f,1f],start_interpolation: 0,interpolation_duration: 1}
$data merge entity $(bone_chest1lid) {transformation: [-1f,0f,0f,-0.3438f,0f,0.9707f,0.2404f,2.613f,0f,0.2404f,-0.9707f,0.3927f,0f,0f,0f,1f],start_interpolation: 0,interpolation_duration: 1}
$data merge entity $(bone_chest2) {transformation: [-1f,0f,0f,-0.3438f,0f,0.9707f,0.2404f,2.4613f,0f,0.2404f,-0.9707f,0.3552f,0f,0f,0f,1f],start_interpolation: 0,interpolation_duration: 1}
$data merge entity $(bone_chest1lid3) {transformation: [-1f,0f,0f,-0.2812f,0f,0.9707f,0.2404f,2.767f,0f,0.2404f,-0.9707f,-0.2291f,0f,0f,0f,1f],start_interpolation: 0,interpolation_duration: 1}
$data merge entity $(bone_chest3) {transformation: [-1f,0f,0f,-0.2812f,0f,0.9707f,0.2404f,2.6153f,0f,0.2404f,-0.9707f,-0.2667f,0f,0f,0f,1f],start_interpolation: 0,interpolation_duration: 1}
$data merge entity $(bone_hugeasssword2) {transformation: [0f,2.8877f,-2.6461f,-1.2344f,-0.9415f,2.5685f,2.803f,4.5604f,3.8018f,0.6361f,0.6942f,0.1989f,0f,0f,0f,1f],start_interpolation: 0,interpolation_duration: 1}
$data merge entity $(bone_belt) {transformation: [-1f,0f,0f,0.0297f,0f,0.9707f,0.2404f,2.9524f,0f,0.2404f,-0.9707f,0.2085f,0f,0f,0f,1f],start_interpolation: 0,interpolation_duration: 1}
$data merge entity $(bone_torn_part) {transformation: [-1f,0f,0f,-0.0938f,0f,0.8535f,0.5212f,2.6769f,0f,0.5212f,-0.8535f,0.1349f,0f,0f,0f,1f],start_interpolation: 0,interpolation_duration: 1}
$data merge entity $(bone_lowerbody) {transformation: [-1f,0f,0f,0.0039f,0f,0.9707f,0.2404f,2.1691f,0f,0.2404f,-0.9707f,0.154f,0f,0f,0f,1f],start_interpolation: 0,interpolation_duration: 1}
$data merge entity $(bone_leftfoot) {transformation: [-0.9962f,0.0022f,-0.0871f,0.2691f,0f,0.9997f,0.025f,0.168f,0.0872f,0.0249f,-0.9959f,-0.1581f,0f,0f,0f,1f],start_interpolation: 0,interpolation_duration: 1}
$data merge entity $(bone_leftlowerleg) {transformation: [-0.9962f,0.0259f,-0.0832f,0.3107f,0f,0.9547f,0.2977f,1.1813f,0.0872f,0.2966f,-0.951f,0.317f,0f,0f,0f,1f],start_interpolation: 0,interpolation_duration: 1}
$data merge entity $(bone_leftleg) {transformation: [-0.9962f,-0.0298f,-0.0819f,0.25f,0f,0.9397f,-0.342f,2.1886f,0.0872f,-0.3407f,-0.9361f,-0.0179f,0f,0f,0f,1f],start_interpolation: 0,interpolation_duration: 1}
$data merge entity $(bone_rightfoot) {transformation: [-0.999f,0.0421f,0.0113f,-0.3648f,0.0416f,0.9982f,-0.0438f,0.1444f,-0.0131f,-0.0433f,-0.999f,-0.1367f,0f,0f,0f,1f],start_interpolation: 0,interpolation_duration: 1}
$data merge entity $(bone_rightlowerleg) {transformation: [-0.999f,0.0368f,0.0234f,-0.3275f,0.0416f,0.9656f,0.2568f,1.1761f,-0.0131f,0.2576f,-0.9662f,0.2975f,0f,0f,0f,1f],start_interpolation: 0,interpolation_duration: 1}
$data merge entity $(bone_rightleg) {transformation: [-0.999f,0.0436f,-0.0009f,-0.25f,0.0416f,0.9463f,-0.3206f,2.1886f,-0.0131f,-0.3204f,-0.9472f,-0.0179f,0f,0f,0f,1f],start_interpolation: 0,interpolation_duration: 1}
data modify entity @s data merge value {"cameras":{},"locators":{"lefthand":{"posx":0.2291423721353371,"posy":2.3249931956963223,"posz":1.066806881695438,"roty":26.60779614989957,"rotx":-57.873301085409054},"sword":{"posx":0.35201416299810906,"posy":5.394672662948374,"posz":3.262419138150803,"roty":344.935044272459,"rotx":-54.390487517613444},"righthand":{"posx":-0.2060408759678798,"posy":2.396720031745078,"posz":1.1891341011754473,"roty":344.935044272459,"rotx":-54.390487517613444},"chest":{"posx":-0.3750000000000001,"posy":2.514777295764903,"posz":0.5293591882037986,"roty":0,"rotx":13.909877105143375}}}