# This file was generated by Animated Java via MC-Build. It is not recommended to edit this file directly.
$data merge entity $(bone_nose) {transformation: [-1f,0f,0f,0f,0f,0.9591f,0.2831f,4.0994f,0f,0.2831f,-0.9591f,0.2937f,0f,0f,0f,1f],start_interpolation: 0,interpolation_duration: 1}
$data merge entity $(bone_glowing_eye) {transformation: [-1f,0f,0f,-0.125f,0f,0.9591f,0.2831f,4.1545f,0f,0.2831f,-0.9591f,0.3463f,0f,0f,0f,1f],start_interpolation: 0,interpolation_duration: 1}
$data merge entity $(bone_head) {transformation: [-1f,0f,0f,0f,0f,0.9591f,0.2831f,4.034f,0f,0.2831f,-0.9591f,0.0791f,0f,0f,0f,1f],start_interpolation: 0,interpolation_duration: 1}
$data merge entity $(bone_leftthumb2) {transformation: [-0.6934f,0.5721f,0.4381f,0.0239f,0.3181f,0.7885f,-0.5263f,2.1864f,-0.6466f,-0.2256f,-0.7287f,0.6289f,0f,0f,0f,1f],start_interpolation: 0,interpolation_duration: 1}
$data merge entity $(bone_leftthumb) {transformation: [-0.6934f,0.5721f,0.4381f,0.2016f,0.3181f,0.7885f,-0.5263f,2.3348f,-0.6466f,-0.2256f,-0.7287f,0.5113f,0f,0f,0f,1f],start_interpolation: 0,interpolation_duration: 1}
$data merge entity $(bone_leftpointerfinger) {transformation: [-0.6934f,0.5721f,0.4381f,0.1103f,0.3181f,0.7885f,-0.5263f,2.0166f,-0.6466f,-0.2256f,-0.7287f,0.6219f,0f,0f,0f,1f],start_interpolation: 0,interpolation_duration: 1}
$data merge entity $(bone_leftmidfinger) {transformation: [-0.6934f,0.5721f,0.4381f,0.1787f,0.3181f,0.7885f,-0.5263f,1.9343f,-0.6466f,-0.2256f,-0.7287f,0.508f,0f,0f,0f,1f],start_interpolation: 0,interpolation_duration: 1}
$data merge entity $(bone_leftringfinger) {transformation: [-0.6934f,0.5721f,0.4381f,0.2472f,0.3181f,0.7885f,-0.5263f,1.8521f,-0.6466f,-0.2256f,-0.7287f,0.3941f,0f,0f,0f,1f],start_interpolation: 0,interpolation_duration: 1}
$data merge entity $(bone_invisibility) {transformation: [0.6081f,-0.3866f,0.6934f,0.0291f,0.7397f,0.5931f,-0.3181f,2.1789f,-0.2882f,0.7063f,0.6466f,0.4987f,0f,0f,0f,1f],start_interpolation: 0,interpolation_duration: 1}
$data merge entity $(bone_swiftness) {transformation: [0.4381f,0.5721f,0.6934f,-0.0023f,-0.5263f,0.7885f,-0.3181f,1.99f,-0.7287f,-0.2256f,0.6466f,0.359f,0f,0f,0f,1f],start_interpolation: 0,interpolation_duration: 1}
$data merge entity $(bone_suspicious_stew) {transformation: [0f,0f,0f,0.0845f,0f,0f,0f,2.0433f,0f,0f,0f,0.3727f,0f,0f,0f,1f],start_interpolation: 0,interpolation_duration: 1}
$data merge entity $(bone_log) {transformation: [0f,0f,0f,0.0247f,0f,0f,0f,2.0711f,0f,0f,0f,0.5954f,0f,0f,0f,1f],start_interpolation: 0,interpolation_duration: 1}
$data merge entity $(bone_planks) {transformation: [0f,0f,0f,0.0247f,0f,0f,0f,2.0711f,0f,0f,0f,0.5954f,0f,0f,0f,1f],start_interpolation: 0,interpolation_duration: 1}
$data merge entity $(bone_lefthand1) {transformation: [-0.6934f,0.5721f,0.4381f,0.4142f,0.3181f,0.7885f,-0.5263f,2.281f,-0.6466f,-0.2256f,-0.7287f,0.3777f,0f,0f,0f,1f],start_interpolation: 0,interpolation_duration: 1}
$data merge entity $(bone_leftforearm) {transformation: [-0.6934f,0.5721f,0.4381f,0.7663f,0.3181f,0.7885f,-0.5263f,2.8636f,-0.6466f,-0.2256f,-0.7287f,0.1901f,0f,0f,0f,1f],start_interpolation: 0,interpolation_duration: 1}
$data merge entity $(bone_leftelbow) {transformation: [-0.6934f,0.5721f,0.4381f,0.8736f,0.3181f,0.7885f,-0.5263f,3.0114f,-0.6466f,-0.2256f,-0.7287f,0.1478f,0f,0f,0f,1f],start_interpolation: 0,interpolation_duration: 1}
$data merge entity $(bone_leftarm) {transformation: [-0.9818f,0.185f,0.0421f,0.75f,0.1726f,0.9629f,-0.2073f,3.5371f,-0.0789f,-0.1962f,-0.9774f,0.0629f,0f,0f,0f,1f],start_interpolation: 0,interpolation_duration: 1}
$data merge entity $(bone_rightthumb2) {transformation: [-0.9999f,0.0093f,0.007f,-0.9679f,0.0081f,0.9876f,-0.157f,1.8628f,-0.0083f,-0.1569f,-0.9876f,0.4404f,0f,0f,0f,1f],start_interpolation: 0,interpolation_duration: 1}
$data merge entity $(bone_rightthumb) {transformation: [-0.9999f,0.0093f,0.007f,-0.965f,0.0081f,0.9876f,-0.157f,2.0916f,-0.0083f,-0.1569f,-0.9876f,0.3175f,0f,0f,0f,1f],start_interpolation: 0,interpolation_duration: 1}
$data merge entity $(bone_rightpointerfinger) {transformation: [-0.9999f,0.0093f,0.007f,-1.0771f,0.0081f,0.9876f,-0.157f,1.7611f,-0.0083f,-0.1569f,-0.9876f,0.3218f,0f,0f,0f,1f],start_interpolation: 0,interpolation_duration: 1}
$data merge entity $(bone_rightmidfinger) {transformation: [-0.9999f,0.0093f,0.007f,-1.076f,0.0081f,0.9876f,-0.157f,1.7366f,-0.0083f,-0.1569f,-0.9876f,0.1675f,0f,0f,0f,1f],start_interpolation: 0,interpolation_duration: 1}
$data merge entity $(bone_rightringfinger) {transformation: [-0.9999f,0.0093f,0.007f,-1.075f,0.0081f,0.9876f,-0.157f,1.712f,-0.0083f,-0.1569f,-0.9876f,0.0132f,0f,0f,0f,1f],start_interpolation: 0,interpolation_duration: 1}
$data merge entity $(bone_hugeasssword) {transformation: [-3.9164f,0.0364f,0.0273f,-0.8087f,0.0316f,3.868f,-0.6149f,1.9375f,-0.0326f,-0.6146f,-3.868f,0.1533f,0f,0f,0f,1f],start_interpolation: 0,interpolation_duration: 1}
$data merge entity $(bone_ice) {transformation: [-0.9999f,0.0093f,0.007f,-0.7932f,0.0081f,0.9876f,-0.157f,1.9219f,-0.0083f,-0.1569f,-0.9876f,0.1559f,0f,0f,0f,1f],start_interpolation: 0,interpolation_duration: 1}
$data merge entity $(bone_righthand1) {transformation: [-0.9999f,0.0093f,0.007f,-1.0406f,0.0081f,0.9876f,-0.157f,2.1659f,-0.0083f,-0.1569f,-0.9876f,0.0837f,0f,0f,0f,1f],start_interpolation: 0,interpolation_duration: 1}
$data merge entity $(bone_rightforearm) {transformation: [-0.9999f,0.0093f,0.007f,-0.9717f,0.0081f,0.9876f,-0.157f,2.8623f,-0.0083f,-0.1569f,-0.9876f,-0.0107f,0f,0f,0f,1f],start_interpolation: 0,interpolation_duration: 1}
$data merge entity $(bone_rightelbow) {transformation: [-0.9999f,0.0093f,0.007f,-0.97f,0.0081f,0.9876f,-0.157f,3.0474f,-0.0083f,-0.1569f,-0.9876f,-0.0401f,0f,0f,0f,1f],start_interpolation: 0,interpolation_duration: 1}
$data merge entity $(bone_rightarm) {transformation: [-1f,0.0025f,0.0013f,-0.75f,0.0027f,0.9896f,0.1439f,3.5371f,-0.0009f,0.1439f,-0.9896f,0.0629f,0f,0f,0f,1f],start_interpolation: 0,interpolation_duration: 1}
$data merge entity $(bone_chest1) {transformation: [-1.0833f,0f,0f,-0.0023f,0f,1.079f,0.097f,3.3873f,0f,0.097f,-1.079f,-0.061f,0f,0f,0f,1f],start_interpolation: 0,interpolation_duration: 1}
$data merge entity $(bone_chest1lid) {transformation: [-1f,0f,0f,-0.3438f,0f,0.996f,0.0896f,2.6716f,0f,0.0896f,-0.996f,0.2675f,0f,0f,0f,1f],start_interpolation: 0,interpolation_duration: 1}
$data merge entity $(bone_chest2) {transformation: [-1f,0f,0f,-0.3438f,0f,0.996f,0.0896f,2.516f,0f,0.0896f,-0.996f,0.2535f,0f,0f,0f,1f],start_interpolation: 0,interpolation_duration: 1}
$data merge entity $(bone_chest1lid3) {transformation: [-1f,0f,0f,-0.2812f,0f,0.996f,0.0896f,2.729f,0f,0.0896f,-0.996f,-0.3706f,0f,0f,0f,1f],start_interpolation: 0,interpolation_duration: 1}
$data merge entity $(bone_chest3) {transformation: [-1f,0f,0f,-0.2812f,0f,0.996f,0.0896f,2.5733f,0f,0.0896f,-0.996f,-0.3846f,0f,0f,0f,1f],start_interpolation: 0,interpolation_duration: 1}
$data merge entity $(bone_hugeasssword2) {transformation: [0f,2.8877f,-2.6461f,-1.2344f,-0.3508f,2.6354f,2.8761f,4.5667f,3.9009f,0.237f,0.2586f,-0.221f,0f,0f,0f,1f],start_interpolation: 0,interpolation_duration: 1}
$data merge entity $(bone_belt) {transformation: [-1f,0f,0f,0.0297f,0f,0.996f,0.0896f,2.9789f,0f,0.0896f,-0.996f,0.0337f,0f,0f,0f,1f],start_interpolation: 0,interpolation_duration: 1}
$data merge entity $(bone_torn_part) {transformation: [-1f,0f,0f,-0.0937f,0f,0.923f,0.3849f,2.6954f,0f,0.3849f,-0.923f,0.0029f,0f,0f,0f,1f],start_interpolation: 0,interpolation_duration: 1}
$data merge entity $(bone_lowerbody) {transformation: [-1f,0f,0f,0.0039f,0f,0.996f,0.0896f,2.1965f,0f,0.0896f,-0.996f,0.0993f,0f,0f,0f,1f],start_interpolation: 0,interpolation_duration: 1}
$data merge entity $(bone_leftfoot) {transformation: [-0.9962f,0.0036f,-0.0871f,0.276f,0f,0.9991f,0.0418f,0.1619f,0.0872f,0.0416f,-0.9953f,-0.1344f,0f,0f,0f,1f],start_interpolation: 0,interpolation_duration: 1}
$data merge entity $(bone_leftlowerleg) {transformation: [-0.9962f,0.0195f,-0.0849f,0.3107f,0f,0.9746f,0.2239f,1.2087f,0.0872f,0.2231f,-0.9709f,0.2623f,0f,0f,0f,1f],start_interpolation: 0,interpolation_duration: 1}
$data merge entity $(bone_leftleg) {transformation: [-0.9962f,-0.0298f,-0.0819f,0.25f,0f,0.9397f,-0.342f,2.216f,0.0872f,-0.3407f,-0.9361f,-0.0726f,0f,0f,0f,1f],start_interpolation: 0,interpolation_duration: 1}
$data merge entity $(bone_rightfoot) {transformation: [-0.999f,0.0421f,0.0113f,-0.366f,0.0416f,0.9982f,-0.0439f,0.1502f,-0.0131f,-0.0433f,-0.999f,-0.1711f,0f,0f,0f,1f],start_interpolation: 0,interpolation_duration: 1}
$data merge entity $(bone_rightlowerleg) {transformation: [-0.999f,0.0377f,0.022f,-0.3276f,0.0416f,0.9747f,0.2197f,1.1977f,-0.0131f,0.2204f,-0.9753f,0.2233f,0f,0f,0f,1f],start_interpolation: 0,interpolation_duration: 1}
$data merge entity $(bone_rightleg) {transformation: [-0.999f,0.0436f,-0.0001f,-0.25f,0.0416f,0.9522f,-0.3025f,2.216f,-0.0131f,-0.3023f,-0.9531f,-0.0726f,0f,0f,0f,1f],start_interpolation: 0,interpolation_duration: 1}
data modify entity @s data merge value {"cameras":{},"locators":{"lefthand":{"posx":0.1249762935645895,"posy":2.0637843890623575,"posz":0.3393112726490711,"roty":31.013106990448534,"rotx":-31.758452464748398},"sword":{"posx":-0.9128408466174064,"posy":2.488573518685865,"posz":3.8146463510893827,"roty":0.4037047840220964,"rotx":-9.031915953816709},"righthand":{"posx":-0.8871811663303646,"posy":1.9096927281893141,"posz":0.1729578881368395,"roty":0.4037047840220964,"rotx":-9.031915953816709},"chest":{"posx":-0.37500000000000006,"posy":2.5953423338378983,"posz":0.41751772848354507,"roty":0,"rotx":5.1384839650145775}}}