# This file was generated by Animated Java via MC-Build. It is not recommended to edit this file directly.
$data merge entity $(bone_nose) {transformation: [-1f,0f,0f,0f,0f,0.9167f,0.3997f,4.0706f,0f,0.3997f,-0.9167f,0.3737f,0f,0f,0f,1f],start_interpolation: 0,interpolation_duration: 1}
$data merge entity $(bone_glowing_eye) {transformation: [-1f,0f,0f,-0.125f,0f,0.9167f,0.3997f,4.1187f,0f,0.3997f,-0.9167f,0.4328f,0f,0f,0f,1f],start_interpolation: 0,interpolation_duration: 1}
$data merge entity $(bone_head) {transformation: [-1f,0f,0f,0f,0f,0.9167f,0.3997f,4.0322f,0f,0.3997f,-0.9167f,0.1527f,0f,0f,0f,1f],start_interpolation: 0,interpolation_duration: 1}
$data merge entity $(bone_leftthumb2) {transformation: [-0.5122f,0.7497f,0.419f,-0.2274f,0.2771f,0.606f,-0.7456f,2.475f,-0.8129f,-0.2658f,-0.5182f,0.7064f,0f,0f,0f,1f],start_interpolation: 0,interpolation_duration: 1}
$data merge entity $(bone_leftthumb) {transformation: [-0.5122f,0.7497f,0.419f,-0.0077f,0.2771f,0.606f,-0.7456f,2.5599f,-0.8129f,-0.2658f,-0.5182f,0.5969f,0f,0f,0f,1f],start_interpolation: 0,interpolation_duration: 1}
$data merge entity $(bone_leftpointerfinger) {transformation: [-0.5122f,0.7497f,0.419f,-0.1781f,0.2771f,0.606f,-0.7456f,2.2958f,-0.8129f,-0.2658f,-0.5182f,0.7488f,0f,0f,0f,1f],start_interpolation: 0,interpolation_duration: 1}
$data merge entity $(bone_leftmidfinger) {transformation: [-0.5122f,0.7497f,0.419f,-0.1126f,0.2771f,0.606f,-0.7456f,2.1793f,-0.8129f,-0.2658f,-0.5182f,0.6678f,0f,0f,0f,1f],start_interpolation: 0,interpolation_duration: 1}
$data merge entity $(bone_leftringfinger) {transformation: [-0.5122f,0.7497f,0.419f,-0.0471f,0.2771f,0.606f,-0.7456f,2.0628f,-0.8129f,-0.2658f,-0.5182f,0.5869f,0f,0f,0f,1f],start_interpolation: 0,interpolation_duration: 1}
$data merge entity $(bone_invisibility) {transformation: [0.7834f,-0.3521f,0.5122f,-0.2052f,0.5387f,0.7956f,-0.2771f,2.4374f,-0.31f,0.493f,0.8129f,0.5835f,0f,0f,0f,1f],start_interpolation: 0,interpolation_duration: 1}
$data merge entity $(bone_swiftness) {transformation: [0.419f,0.7497f,0.5122f,-0.2548f,-0.7456f,0.606f,-0.2771f,2.2299f,-0.5182f,-0.2658f,0.8129f,0.48f,0f,0f,0f,1f],start_interpolation: 0,interpolation_duration: 1}
$data merge entity $(bone_suspicious_stew) {transformation: [0f,0f,0f,-0.1618f,0f,0f,0f,2.2692f,0f,0f,0f,0.4988f,0f,0f,0f,1f],start_interpolation: 0,interpolation_duration: 1}
$data merge entity $(bone_log) {transformation: [0f,0f,0f,-0.2457f,0f,0f,0f,2.3568f,0f,0f,0f,0.6969f,0f,0f,0f,1f],start_interpolation: 0,interpolation_duration: 1}
$data merge entity $(bone_planks) {transformation: [0f,0f,0f,-0.2457f,0f,0f,0f,2.3568f,0f,0f,0f,0.6969f,0f,0f,0f,1f],start_interpolation: 0,interpolation_duration: 1}
$data merge entity $(bone_lefthand1) {transformation: [-0.5122f,0.7497f,0.419f,0.2059f,0.2771f,0.606f,-0.7456f,2.4415f,-0.8129f,-0.2658f,-0.5182f,0.518f,0f,0f,0f,1f],start_interpolation: 0,interpolation_duration: 1}
$data merge entity $(bone_leftforearm) {transformation: [-0.5122f,0.7497f,0.419f,0.6945f,0.2771f,0.606f,-0.7456f,2.8966f,-0.8129f,-0.2658f,-0.5182f,0.2884f,0f,0f,0f,1f],start_interpolation: 0,interpolation_duration: 1}
$data merge entity $(bone_leftelbow) {transformation: [-0.5122f,0.7497f,0.419f,0.8351f,0.2771f,0.606f,-0.7456f,3.0102f,-0.8129f,-0.2658f,-0.5182f,0.2386f,0f,0f,0f,1f],start_interpolation: 0,interpolation_duration: 1}
$data merge entity $(bone_leftarm) {transformation: [-0.9666f,0.2546f,0.0299f,0.75f,0.2368f,0.9315f,-0.276f,3.5364f,-0.0981f,-0.2597f,-0.9607f,0.1173f,0f,0f,0f,1f],start_interpolation: 0,interpolation_duration: 1}
$data merge entity $(bone_rightthumb2) {transformation: [-0.9998f,0.015f,0.0113f,-0.977f,0.0137f,0.9939f,-0.1098f,1.8461f,-0.0129f,-0.1096f,-0.9939f,0.4154f,0f,0f,0f,1f],start_interpolation: 0,interpolation_duration: 1}
$data merge entity $(bone_rightthumb) {transformation: [-0.9998f,0.015f,0.0113f,-0.9724f,0.0137f,0.9939f,-0.1098f,2.0805f,-0.0129f,-0.1096f,-0.9939f,0.3036f,0f,0f,0f,1f],start_interpolation: 0,interpolation_duration: 1}
$data merge entity $(bone_rightpointerfinger) {transformation: [-0.9998f,0.015f,0.0113f,-1.0861f,0.0137f,0.9939f,-0.1098f,1.7507f,-0.0129f,-0.1096f,-0.9939f,0.2915f,0f,0f,0f,1f],start_interpolation: 0,interpolation_duration: 1}
$data merge entity $(bone_rightmidfinger) {transformation: [-0.9998f,0.015f,0.0113f,-1.0843f,0.0137f,0.9939f,-0.1098f,1.7335f,-0.0129f,-0.1096f,-0.9939f,0.1362f,0f,0f,0f,1f],start_interpolation: 0,interpolation_duration: 1}
$data merge entity $(bone_rightringfinger) {transformation: [-0.9998f,0.015f,0.0113f,-1.0826f,0.0137f,0.9939f,-0.1098f,1.7164f,-0.0129f,-0.1096f,-0.9939f,-0.0191f,0f,0f,0f,1f],start_interpolation: 0,interpolation_duration: 1}
$data merge entity $(bone_hugeasssword) {transformation: [-3.916f,0.0587f,0.0443f,-0.8159f,0.0535f,3.8926f,-0.4299f,1.9335f,-0.0505f,-0.4292f,-3.8928f,0.1329f,0f,0f,0f,1f],start_interpolation: 0,interpolation_duration: 1}
$data merge entity $(bone_ice) {transformation: [-0.9998f,0.015f,0.0113f,-0.8005f,0.0137f,0.9939f,-0.1098f,1.9178f,-0.0129f,-0.1096f,-0.9939f,0.1348f,0f,0f,0f,1f],start_interpolation: 0,interpolation_duration: 1}
$data merge entity $(bone_righthand1) {transformation: [-0.9998f,0.015f,0.0113f,-1.0464f,0.0137f,0.9939f,-0.1098f,2.1662f,-0.0129f,-0.1096f,-0.9939f,0.0731f,0f,0f,0f,1f],start_interpolation: 0,interpolation_duration: 1}
$data merge entity $(bone_rightforearm) {transformation: [-0.9998f,0.015f,0.0113f,-0.9735f,0.0137f,0.9939f,-0.1098f,2.8659f,-0.0129f,-0.1096f,-0.9939f,0.0124f,0f,0f,0f,1f],start_interpolation: 0,interpolation_duration: 1}
$data merge entity $(bone_rightelbow) {transformation: [-0.9998f,0.015f,0.0113f,-0.9707f,0.0137f,0.9939f,-0.1098f,3.0522f,-0.0129f,-0.1096f,-0.9939f,-0.0081f,0f,0f,0f,1f],start_interpolation: 0,interpolation_duration: 1}
$data merge entity $(bone_rightarm) {transformation: [-1f,0.0041f,0.0021f,-0.75f,0.0044f,0.982f,0.1888f,3.5364f,-0.0013f,0.1888f,-0.982f,0.1173f,0f,0f,0f,1f],start_interpolation: 0,interpolation_duration: 1}
$data merge entity $(bone_chest1) {transformation: [-1.0833f,0f,0f,-0.0023f,0f,1.0744f,0.1388f,3.3915f,0f,0.1388f,-1.0744f,-0.0124f,0f,0f,0f,1f],start_interpolation: 0,interpolation_duration: 1}
$data merge entity $(bone_chest1lid) {transformation: [-1f,0f,0f,-0.3438f,0f,0.9918f,0.1281f,2.6635f,0f,0.1281f,-0.9918f,0.2881f,0f,0f,0f,1f],start_interpolation: 0,interpolation_duration: 1}
$data merge entity $(bone_chest2) {transformation: [-1f,0f,0f,-0.3438f,0f,0.9918f,0.1281f,2.5086f,0f,0.1281f,-0.9918f,0.2681f,0f,0f,0f,1f],start_interpolation: 0,interpolation_duration: 1}
$data merge entity $(bone_chest1lid3) {transformation: [-1f,0f,0f,-0.2812f,0f,0.9918f,0.1281f,2.7456f,0f,0.1281f,-0.9918f,-0.3472f,0f,0f,0f,1f],start_interpolation: 0,interpolation_duration: 1}
$data merge entity $(bone_chest3) {transformation: [-1f,0f,0f,-0.2812f,0f,0.9918f,0.1281f,2.5907f,0f,0.1281f,-0.9918f,-0.3673f,0f,0f,0f,1f],start_interpolation: 0,interpolation_duration: 1}
$data merge entity $(bone_hugeasssword2) {transformation: [0f,2.8877f,-2.6461f,-1.2344f,-0.5018f,2.6243f,2.8639f,4.5762f,3.8844f,0.339f,0.37f,-0.1265f,0f,0f,0f,1f],start_interpolation: 0,interpolation_duration: 1}
$data merge entity $(bone_belt) {transformation: [-1f,0f,0f,0.0297f,0f,0.9918f,0.1281f,2.9797f,0f,0.1281f,-0.9918f,0.0664f,0f,0f,0f,1f],start_interpolation: 0,interpolation_duration: 1}
$data merge entity $(bone_torn_part) {transformation: [-1f,0f,0f,-0.0938f,0f,0.9073f,0.4204f,2.6976f,0f,0.4204f,-0.9073f,0.0247f,0f,0f,0f,1f],start_interpolation: 0,interpolation_duration: 1}
$data merge entity $(bone_lowerbody) {transformation: [-1f,0f,0f,0.0039f,0f,0.9918f,0.1281f,2.1953f,0f,0.1281f,-0.9918f,0.1016f,0f,0f,0f,1f],start_interpolation: 0,interpolation_duration: 1}
$data merge entity $(bone_leftfoot) {transformation: [-0.9962f,0.0036f,-0.0871f,0.2757f,0f,0.9992f,0.0411f,0.162f,0.0872f,0.0409f,-0.9954f,-0.1354f,0f,0f,0f,1f],start_interpolation: 0,interpolation_duration: 1}
$data merge entity $(bone_leftlowerleg) {transformation: [-0.9962f,0.0198f,-0.0849f,0.3107f,0f,0.9739f,0.2271f,1.2075f,0.0872f,0.2262f,-0.9702f,0.2646f,0f,0f,0f,1f],start_interpolation: 0,interpolation_duration: 1}
$data merge entity $(bone_leftleg) {transformation: [-0.9962f,-0.0298f,-0.0819f,0.25f,0f,0.9397f,-0.342f,2.2148f,0.0872f,-0.3407f,-0.9361f,-0.0703f,0f,0f,0f,1f],start_interpolation: 0,interpolation_duration: 1}
$data merge entity $(bone_rightfoot) {transformation: [-0.999f,0.0421f,0.0113f,-0.366f,0.0416f,0.9982f,-0.0438f,0.1499f,-0.0131f,-0.0433f,-0.999f,-0.1697f,0f,0f,0f,1f],start_interpolation: 0,interpolation_duration: 1}
$data merge entity $(bone_rightlowerleg) {transformation: [-0.999f,0.0377f,0.022f,-0.3276f,0.0416f,0.9743f,0.2213f,1.1968f,-0.0131f,0.222f,-0.975f,0.2264f,0f,0f,0f,1f],start_interpolation: 0,interpolation_duration: 1}
$data merge entity $(bone_rightleg) {transformation: [-0.999f,0.0436f,-0.0001f,-0.25f,0.0416f,0.952f,-0.3033f,2.2148f,-0.0131f,-0.303f,-0.9529f,-0.0703f,0f,0f,0f,1f],start_interpolation: 0,interpolation_duration: 1}
data modify entity @s data merge value {"cameras":{},"locators":{"lefthand":{"posx":-0.11355252615081562,"posy":2.274265476755729,"posz":0.47013835784435165,"roty":38.959132164619575,"rotx":-48.212068470152325},"sword":{"posx":-0.9363502471792068,"posy":2.309943001375022,"posz":3.8158400137898045,"roty":0.6518634164205537,"rotx":-6.301018340188772},"righthand":{"posx":-0.8946512982268819,"posy":1.9052325857132262,"posz":0.1508533934716451,"roty":0.6518634164205537,"rotx":-6.301018340188772},"chest":{"posx":-0.37500000000000006,"posy":2.581540879012089,"posz":0.4350632712807005,"roty":0,"rotx":7.361516034985424}}}