# This file was generated by Animated Java via MC-Build. It is not recommended to edit this file directly.
$data merge entity $(bone_nose) {transformation: [-1f,0f,0f,0f,0f,0.992f,0.1265f,4.1218f,0f,0.1265f,-0.992f,0.0584f,0f,0f,0f,1f],start_interpolation: 0,interpolation_duration: 1}
$data merge entity $(bone_glowing_eye) {transformation: [-1f,0f,0f,-0.125f,0f,0.992f,0.1265f,4.1846f,0f,0.1265f,-0.992f,0.1015f,0f,0f,0f,1f],start_interpolation: 0,interpolation_duration: 1}
$data merge entity $(bone_head) {transformation: [-1f,0f,0f,0f,0f,0.992f,0.1265f,4.023f,0f,0.1265f,-0.992f,-0.143f,0f,0f,0f,1f],start_interpolation: 0,interpolation_duration: 1}
$data merge entity $(bone_leftthumb2) {transformation: [-0.9979f,-0.0309f,-0.0574f,1.0161f,-0.0205f,0.9846f,-0.1736f,1.8561f,0.0619f,-0.172f,-0.9831f,0.3547f,0f,0f,0f,1f],start_interpolation: 0,interpolation_duration: 1}
$data merge entity $(bone_leftthumb) {transformation: [-0.9979f,-0.0309f,-0.0574f,1.0036f,-0.0205f,0.9846f,-0.1736f,2.0828f,0.0619f,-0.172f,-0.9831f,0.2285f,0f,0f,0f,1f],start_interpolation: 0,interpolation_duration: 1}
$data merge entity $(bone_leftpointerfinger) {transformation: [-0.9979f,-0.0309f,-0.0574f,1.1202f,-0.0205f,0.9846f,-0.1736f,1.7538f,0.0619f,-0.172f,-0.9831f,0.2321f,0f,0f,0f,1f],start_interpolation: 0,interpolation_duration: 1}
$data merge entity $(bone_leftmidfinger) {transformation: [-0.9979f,-0.0309f,-0.0574f,1.1112f,-0.0205f,0.9846f,-0.1736f,1.7267f,0.0619f,-0.172f,-0.9831f,0.0785f,0f,0f,0f,1f],start_interpolation: 0,interpolation_duration: 1}
$data merge entity $(bone_leftringfinger) {transformation: [-0.9979f,-0.0309f,-0.0574f,1.1022f,-0.0205f,0.9846f,-0.1736f,1.6996f,0.0619f,-0.172f,-0.9831f,-0.0752f,0f,0f,0f,1f],start_interpolation: 0,interpolation_duration: 1}
$data merge entity $(bone_invisibility) {transformation: [-0.0358f,0.0545f,0.9979f,0.9315f,0.9657f,0.2587f,0.0205f,1.8631f,-0.2571f,0.9644f,-0.0619f,0.2556f,0f,0f,0f,1f],start_interpolation: 0,interpolation_duration: 1}
$data merge entity $(bone_swiftness) {transformation: [-0.0574f,-0.0309f,0.9979f,0.8729f,-0.1736f,0.9846f,0.0205f,1.6961f,-0.9831f,-0.172f,-0.0619f,0.0978f,0f,0f,0f,1f],start_interpolation: 0,interpolation_duration: 1}
$data merge entity $(bone_suspicious_stew) {transformation: [-0.0523f,0.039f,0.9979f,0.9222f,0.819f,0.5734f,0.0205f,1.7844f,-0.5714f,0.8183f,-0.0619f,0.0793f,0f,0f,0f,1f],start_interpolation: 0,interpolation_duration: 1}
$data merge entity $(bone_log) {transformation: [0f,0f,0f,0.8221f,0f,0f,0f,1.8974f,0f,0f,0f,0.0175f,0f,0f,0f,1f],start_interpolation: 0,interpolation_duration: 1}
$data merge entity $(bone_planks) {transformation: [0f,0f,0f,0.7285f,0f,0f,0f,1.8955f,0f,0f,0f,0.0233f,0f,0f,0f,1f],start_interpolation: 0,interpolation_duration: 1}
$data merge entity $(bone_lefthand1) {transformation: [-0.9979f,-0.0309f,-0.0574f,1.0656f,-0.0205f,0.9846f,-0.1736f,2.1541f,0.0619f,-0.172f,-0.9831f,-0.0102f,0f,0f,0f,1f],start_interpolation: 0,interpolation_duration: 1}
$data merge entity $(bone_leftforearm) {transformation: [-0.9979f,-0.0309f,-0.0574f,0.9824f,-0.0205f,0.9846f,-0.1736f,2.8478f,0.0619f,-0.172f,-0.9831f,-0.112f,0f,0f,0f,1f],start_interpolation: 0,interpolation_duration: 1}
$data merge entity $(bone_leftelbow) {transformation: [-0.9979f,-0.0309f,-0.0574f,0.9766f,-0.0205f,0.9846f,-0.1736f,3.0324f,0.0619f,-0.172f,-0.9831f,-0.1442f,0f,0f,0f,1f],start_interpolation: 0,interpolation_duration: 1}
$data merge entity $(bone_leftarm) {transformation: [-0.9979f,-0.0205f,-0.0619f,0.75f,-0.0205f,0.9998f,0f,3.5279f,0.0619f,0.0013f,-0.9981f,-0.0988f,0f,0f,0f,1f],start_interpolation: 0,interpolation_duration: 1}
$data merge entity $(bone_rightthumb2) {transformation: [-1f,0f,0f,-0.9531f,0f,0.9868f,-0.162f,1.8483f,0f,-0.162f,-0.9868f,0.3287f,0f,0f,0f,1f],start_interpolation: 0,interpolation_duration: 1}
$data merge entity $(bone_rightthumb) {transformation: [-1f,0f,0f,-0.9531f,0f,0.9868f,-0.162f,2.0765f,0f,-0.162f,-0.9868f,0.2047f,0f,0f,0f,1f],start_interpolation: 0,interpolation_duration: 1}
$data merge entity $(bone_rightpointerfinger) {transformation: [-1f,0f,0f,-1.0625f,0f,0.9868f,-0.162f,1.7451f,0f,-0.162f,-0.9868f,0.2116f,0f,0f,0f,1f],start_interpolation: 0,interpolation_duration: 1}
$data merge entity $(bone_rightmidfinger) {transformation: [-1f,0f,0f,-1.0625f,0f,0.9868f,-0.162f,1.7198f,0f,-0.162f,-0.9868f,0.0574f,0f,0f,0f,1f],start_interpolation: 0,interpolation_duration: 1}
$data merge entity $(bone_rightringfinger) {transformation: [-1f,0f,0f,-1.0625f,0f,0.9868f,-0.162f,1.6945f,0f,-0.162f,-0.9868f,-0.0968f,0f,0f,0f,1f],start_interpolation: 0,interpolation_duration: 1}
$data merge entity $(bone_hugeasssword) {transformation: [-3.9167f,0f,0f,-0.7969f,0f,3.8649f,-0.6344f,1.9227f,0f,-0.6344f,-3.8649f,0.0399f,0f,0f,0f,1f],start_interpolation: 0,interpolation_duration: 1}
$data merge entity $(bone_ice) {transformation: [-1f,0f,0f,-0.7812f,0f,0.9868f,-0.162f,1.9073f,0f,-0.162f,-0.9868f,0.0424f,0f,0f,0f,1f],start_interpolation: 0,interpolation_duration: 1}
$data merge entity $(bone_righthand1) {transformation: [-1f,0f,0f,-1.0312f,0f,0.9868f,-0.162f,2.149f,0f,-0.162f,-0.9868f,-0.0289f,0f,0f,0f,1f],start_interpolation: 0,interpolation_duration: 1}
$data merge entity $(bone_rightforearm) {transformation: [-1f,0f,0f,-0.9687f,0f,0.9868f,-0.162f,2.8453f,0f,-0.162f,-0.9868f,-0.1274f,0f,0f,0f,1f],start_interpolation: 0,interpolation_duration: 1}
$data merge entity $(bone_rightelbow) {transformation: [-1f,0f,0f,-0.9687f,0f,0.9868f,-0.162f,3.0304f,0f,-0.162f,-0.9868f,-0.1578f,0f,0f,0f,1f],start_interpolation: 0,interpolation_duration: 1}
$data merge entity $(bone_rightarm) {transformation: [-1f,0f,0f,-0.75f,0f,0.9985f,0.0554f,3.5279f,0f,0.0554f,-0.9985f,-0.0988f,0f,0f,0f,1f],start_interpolation: 0,interpolation_duration: 1}
$data merge entity $(bone_chest1) {transformation: [-1.0833f,0f,0f,-0.0023f,0f,1.0828f,-0.0344f,3.3641f,0f,-0.0344f,-1.0828f,-0.2038f,0f,0f,0f,1f],start_interpolation: 0,interpolation_duration: 1}
$data merge entity $(bone_chest1lid) {transformation: [-1f,0f,0f,-0.3438f,0f,0.9995f,-0.0318f,2.6935f,0f,-0.0318f,-0.9995f,0.2091f,0f,0f,0f,1f],start_interpolation: 0,interpolation_duration: 1}
$data merge entity $(bone_chest2) {transformation: [-1f,0f,0f,-0.3438f,0f,0.9995f,-0.0318f,2.5373f,0f,-0.0318f,-0.9995f,0.2141f,0f,0f,0f,1f],start_interpolation: 0,interpolation_duration: 1}
$data merge entity $(bone_chest1lid3) {transformation: [-1f,0f,0f,-0.2812f,0f,0.9995f,-0.0318f,2.6731f,0f,-0.0318f,-0.9995f,-0.4312f,0f,0f,0f,1f],start_interpolation: 0,interpolation_duration: 1}
$data merge entity $(bone_chest3) {transformation: [-1f,0f,0f,-0.2812f,0f,0.9995f,-0.0318f,2.5169f,0f,-0.0318f,-0.9995f,-0.4262f,0f,0f,0f,1f],start_interpolation: 0,interpolation_duration: 1}
$data merge entity $(bone_hugeasssword2) {transformation: [0f,2.8877f,-2.6461f,-1.2344f,0.1245f,2.6447f,2.8862f,4.5154f,3.9147f,-0.0841f,-0.0918f,-0.5054f,0f,0f,0f,1f],start_interpolation: 0,interpolation_duration: 1}
$data merge entity $(bone_belt) {transformation: [-1f,0f,0f,0.0297f,0f,0.9995f,-0.0318f,2.9702f,0f,-0.0318f,-0.9995f,-0.0602f,0f,0f,0f,1f],start_interpolation: 0,interpolation_duration: 1}
$data merge entity $(bone_torn_part) {transformation: [-1f,0f,0f,-0.0937f,0f,0.9602f,0.2794f,2.6842f,0f,0.2794f,-0.9602f,-0.0577f,0f,0f,0f,1f],start_interpolation: 0,interpolation_duration: 1}
$data merge entity $(bone_lowerbody) {transformation: [-1f,0f,0f,0.0039f,0f,0.9998f,-0.0223f,2.1992f,0f,-0.0223f,-0.9998f,0.0938f,0f,0f,0f,1f],start_interpolation: 0,interpolation_duration: 1}
data modify entity @s data merge value {"cameras":{},"locators":{"lefthand":{"posx":0.9189144603539634,"posy":1.8251136327814332,"posz":0.04052622091061294,"roty":356.6572063313519,"rotx":-9.995984688424363},"sword":{"posx":-0.8750000000000004,"posy":2.4917615940026563,"posz":3.699178720396467,"roty":0,"rotx":-9.322157434402335},"righthand":{"posx":-0.875,"posy":1.8944402617520408,"posz":0.06037899026039517,"roty":0,"rotx":-9.322157434402335},"chest":{"posx":-0.37500000000000006,"posy":2.635976144073872,"posz":0.36726073398542525,"roty":0,"rotx":-1.822157434402333}}}