# This file was generated by Animated Java via MC-Build. It is not recommended to edit this file directly.
$data merge entity $(bone_nose) {transformation: [-1f,0f,0f,0f,0f,0.9902f,0.1397f,4.1205f,0f,0.1397f,-0.9902f,0.0742f,0f,0f,0f,1f],start_interpolation: 0,interpolation_duration: 1}
$data merge entity $(bone_glowing_eye) {transformation: [-1f,0f,0f,-0.125f,0f,0.9902f,0.1397f,4.1827f,0f,0.1397f,-0.9902f,0.1183f,0f,0f,0f,1f],start_interpolation: 0,interpolation_duration: 1}
$data merge entity $(bone_head) {transformation: [-1f,0f,0f,0f,0f,0.9902f,0.1397f,4.0244f,0f,0.1397f,-0.9902f,-0.1284f,0f,0f,0f,1f],start_interpolation: 0,interpolation_duration: 1}
$data merge entity $(bone_leftthumb2) {transformation: [-0.9979f,-0.0309f,-0.0574f,1.0161f,-0.0211f,0.9861f,-0.1648f,1.8532f,0.0617f,-0.1633f,-0.9847f,0.35f,0f,0f,0f,1f],start_interpolation: 0,interpolation_duration: 1}
$data merge entity $(bone_leftthumb) {transformation: [-0.9979f,-0.0309f,-0.0574f,1.0036f,-0.0211f,0.9861f,-0.1648f,2.081f,0.0617f,-0.1633f,-0.9847f,0.2258f,0f,0f,0f,1f],start_interpolation: 0,interpolation_duration: 1}
$data merge entity $(bone_leftpointerfinger) {transformation: [-0.9979f,-0.0309f,-0.0574f,1.1202f,-0.0211f,0.9861f,-0.1648f,1.752f,0.0617f,-0.1633f,-0.9847f,0.2264f,0f,0f,0f,1f],start_interpolation: 0,interpolation_duration: 1}
$data merge entity $(bone_leftmidfinger) {transformation: [-0.9979f,-0.0309f,-0.0574f,1.1112f,-0.0211f,0.9861f,-0.1648f,1.7262f,0.0617f,-0.1633f,-0.9847f,0.0726f,0f,0f,0f,1f],start_interpolation: 0,interpolation_duration: 1}
$data merge entity $(bone_leftringfinger) {transformation: [-0.9979f,-0.0309f,-0.0574f,1.1022f,-0.0211f,0.9861f,-0.1648f,1.7005f,0.0617f,-0.1633f,-0.9847f,-0.0813f,0f,0f,0f,1f],start_interpolation: 0,interpolation_duration: 1}
$data merge entity $(bone_invisibility) {transformation: [-0.0358f,0.0545f,0.9979f,0.9315f,0.968f,0.2501f,0.0211f,1.861f,-0.2485f,0.9667f,-0.0617f,0.2509f,0f,0f,0f,1f],start_interpolation: 0,interpolation_duration: 1}
$data merge entity $(bone_swiftness) {transformation: [-0.0574f,-0.0309f,0.9979f,0.8729f,-0.1648f,0.9861f,0.0211f,1.6955f,-0.9847f,-0.1633f,-0.0617f,0.0916f,0f,0f,0f,1f],start_interpolation: 0,interpolation_duration: 1}
$data merge entity $(bone_suspicious_stew) {transformation: [-0.0523f,0.039f,0.9979f,0.9222f,0.8241f,0.5661f,0.0211f,1.7839f,-0.5641f,0.8234f,-0.0617f,0.0739f,0f,0f,0f,1f],start_interpolation: 0,interpolation_duration: 1}
$data merge entity $(bone_log) {transformation: [0f,0f,0f,0.8221f,0f,0f,0f,1.8975f,0f,0f,0f,0.0132f,0f,0f,0f,1f],start_interpolation: 0,interpolation_duration: 1}
$data merge entity $(bone_planks) {transformation: [0f,0f,0f,0.7285f,0f,0f,0f,1.8955f,0f,0f,0f,0.019f,0f,0f,0f,1f],start_interpolation: 0,interpolation_duration: 1}
$data merge entity $(bone_lefthand1) {transformation: [-0.9979f,-0.0309f,-0.0574f,1.0656f,-0.0211f,0.9861f,-0.1648f,2.1544f,0.0617f,-0.1633f,-0.9847f,-0.0123f,0f,0f,0f,1f],start_interpolation: 0,interpolation_duration: 1}
$data merge entity $(bone_leftforearm) {transformation: [-0.9979f,-0.0309f,-0.0574f,0.9824f,-0.0211f,0.9861f,-0.1648f,2.849f,0.0617f,-0.1633f,-0.9847f,-0.1078f,0f,0f,0f,1f],start_interpolation: 0,interpolation_duration: 1}
$data merge entity $(bone_leftelbow) {transformation: [-0.9979f,-0.0309f,-0.0574f,0.9766f,-0.0211f,0.9861f,-0.1648f,3.0339f,0.0617f,-0.1633f,-0.9847f,-0.1385f,0f,0f,0f,1f],start_interpolation: 0,interpolation_duration: 1}
$data merge entity $(bone_leftarm) {transformation: [-0.9979f,-0.0205f,-0.0619f,0.75f,-0.0211f,0.9997f,0.0089f,3.5289f,0.0617f,0.0102f,-0.998f,-0.0887f,0f,0f,0f,1f],start_interpolation: 0,interpolation_duration: 1}
$data merge entity $(bone_rightthumb2) {transformation: [-1f,0f,0f,-0.9531f,0f,0.9882f,-0.1532f,1.8456f,0f,-0.1532f,-0.9882f,0.3239f,0f,0f,0f,1f],start_interpolation: 0,interpolation_duration: 1}
$data merge entity $(bone_rightthumb) {transformation: [-1f,0f,0f,-0.9531f,0f,0.9882f,-0.1532f,2.0749f,0f,-0.1532f,-0.9882f,0.2019f,0f,0f,0f,1f],start_interpolation: 0,interpolation_duration: 1}
$data merge entity $(bone_rightpointerfinger) {transformation: [-1f,0f,0f,-1.0625f,0f,0.9882f,-0.1532f,1.7434f,0f,-0.1532f,-0.9882f,0.2058f,0f,0f,0f,1f],start_interpolation: 0,interpolation_duration: 1}
$data merge entity $(bone_rightmidfinger) {transformation: [-1f,0f,0f,-1.0625f,0f,0.9882f,-0.1532f,1.7195f,0f,-0.1532f,-0.9882f,0.0514f,0f,0f,0f,1f],start_interpolation: 0,interpolation_duration: 1}
$data merge entity $(bone_rightringfinger) {transformation: [-1f,0f,0f,-1.0625f,0f,0.9882f,-0.1532f,1.6956f,0f,-0.1532f,-0.9882f,-0.103f,0f,0f,0f,1f],start_interpolation: 0,interpolation_duration: 1}
$data merge entity $(bone_hugeasssword) {transformation: [-3.9167f,0f,0f,-0.7969f,0f,3.8704f,-0.6f,1.9226f,0f,-0.6f,-3.8704f,0.0358f,0f,0f,0f,1f],start_interpolation: 0,interpolation_duration: 1}
$data merge entity $(bone_ice) {transformation: [-1f,0f,0f,-0.7812f,0f,0.9882f,-0.1532f,1.9072f,0f,-0.1532f,-0.9882f,0.0382f,0f,0f,0f,1f],start_interpolation: 0,interpolation_duration: 1}
$data merge entity $(bone_righthand1) {transformation: [-1f,0f,0f,-1.0312f,0f,0.9882f,-0.1532f,2.1494f,0f,-0.1532f,-0.9882f,-0.031f,0f,0f,0f,1f],start_interpolation: 0,interpolation_duration: 1}
$data merge entity $(bone_rightforearm) {transformation: [-1f,0f,0f,-0.9687f,0f,0.9882f,-0.1532f,2.8467f,0f,-0.1532f,-0.9882f,-0.1233f,0f,0f,0f,1f],start_interpolation: 0,interpolation_duration: 1}
$data merge entity $(bone_rightelbow) {transformation: [-1f,0f,0f,-0.9687f,0f,0.9882f,-0.1532f,3.032f,0f,-0.1532f,-0.9882f,-0.152f,0f,0f,0f,1f],start_interpolation: 0,interpolation_duration: 1}
$data merge entity $(bone_rightarm) {transformation: [-1f,0f,0f,-0.75f,0f,0.9979f,0.0643f,3.5289f,0f,0.0643f,-0.9979f,-0.0887f,0f,0f,0f,1f],start_interpolation: 0,interpolation_duration: 1}
$data merge entity $(bone_chest1) {transformation: [-1.0833f,0f,0f,-0.0023f,0f,1.083f,-0.0248f,3.3661f,0f,-0.0248f,-1.083f,-0.195f,0f,0f,0f,1f],start_interpolation: 0,interpolation_duration: 1}
$data merge entity $(bone_chest1lid) {transformation: [-1f,0f,0f,-0.3438f,0f,0.9997f,-0.0229f,2.6918f,0f,-0.0229f,-0.9997f,0.2118f,0f,0f,0f,1f],start_interpolation: 0,interpolation_duration: 1}
$data merge entity $(bone_chest2) {transformation: [-1f,0f,0f,-0.3438f,0f,0.9997f,-0.0229f,2.5356f,0f,-0.0229f,-0.9997f,0.2154f,0f,0f,0f,1f],start_interpolation: 0,interpolation_duration: 1}
$data merge entity $(bone_chest1lid3) {transformation: [-1f,0f,0f,-0.2812f,0f,0.9997f,-0.0229f,2.6772f,0f,-0.0229f,-0.9997f,-0.4286f,0f,0f,0f,1f],start_interpolation: 0,interpolation_duration: 1}
$data merge entity $(bone_chest3) {transformation: [-1f,0f,0f,-0.2812f,0f,0.9997f,-0.0229f,2.5209f,0f,-0.0229f,-0.9997f,-0.4251f,0f,0f,0f,1f],start_interpolation: 0,interpolation_duration: 1}
$data merge entity $(bone_hugeasssword2) {transformation: [0f,2.8877f,-2.6461f,-1.2344f,0.0897f,2.6454f,2.8869f,4.5201f,3.9156f,-0.0606f,-0.0661f,-0.4865f,0f,0f,0f,1f],start_interpolation: 0,interpolation_duration: 1}
$data merge entity $(bone_belt) {transformation: [-1f,0f,0f,0.0297f,0f,0.9997f,-0.0229f,2.9709f,0f,-0.0229f,-0.9997f,-0.055f,0f,0f,0f,1f],start_interpolation: 0,interpolation_duration: 1}
$data merge entity $(bone_torn_part) {transformation: [-1f,0f,0f,-0.0937f,0f,0.9584f,0.2854f,2.6852f,0f,0.2854f,-0.9584f,-0.0547f,0f,0f,0f,1f],start_interpolation: 0,interpolation_duration: 1}
$data merge entity $(bone_lowerbody) {transformation: [-1f,0f,0f,0.0039f,0f,0.9999f,-0.016f,2.1992f,0f,-0.016f,-0.9999f,0.0938f,0f,0f,0f,1f],start_interpolation: 0,interpolation_duration: 1}
data modify entity @s data merge value {"cameras":{},"locators":{"lefthand":{"posx":0.9189144603539634,"posy":1.824993408094283,"posz":0.03552575932341069,"roty":356.6623097841904,"rotx":-9.486647360152446},"sword":{"posx":-0.8750000000000004,"posy":2.4590360161034597,"posz":3.6999694534499046,"roty":0,"rotx":-8.811953352769677},"righthand":{"posx":-0.875,"posy":1.8941405070413593,"posz":0.055995069094071565,"roty":0,"rotx":-8.811953352769677},"chest":{"posx":-0.37500000000000006,"posy":2.632914323374923,"posz":0.3694677436647156,"roty":0,"rotx":-1.311953352769678}}}