# This file was generated by Animated Java via MC-Build. It is not recommended to edit this file directly.
$data merge entity $(bone_nose) {transformation: [-1f,0f,0f,0f,0f,0.9879f,0.1548f,4.1189f,0f,0.1548f,-0.9879f,0.0924f,0f,0f,0f,1f],start_interpolation: 0,interpolation_duration: 1}
$data merge entity $(bone_glowing_eye) {transformation: [-1f,0f,0f,-0.125f,0f,0.9879f,0.1548f,4.1804f,0f,0.1548f,-0.9879f,0.1373f,0f,0f,0f,1f],start_interpolation: 0,interpolation_duration: 1}
$data merge entity $(bone_head) {transformation: [-1f,0f,0f,0f,0f,0.9879f,0.1548f,4.0259f,0f,0.1548f,-0.9879f,-0.1118f,0f,0f,0f,1f],start_interpolation: 0,interpolation_duration: 1}
$data merge entity $(bone_leftthumb2) {transformation: [-0.9979f,-0.0309f,-0.0574f,1.0161f,-0.0217f,0.9877f,-0.1548f,1.85f,0.0615f,-0.1532f,-0.9863f,0.3445f,0f,0f,0f,1f],start_interpolation: 0,interpolation_duration: 1}
$data merge entity $(bone_leftthumb) {transformation: [-0.9979f,-0.0309f,-0.0574f,1.0036f,-0.0217f,0.9877f,-0.1548f,2.079f,0.0615f,-0.1532f,-0.9863f,0.2226f,0f,0f,0f,1f],start_interpolation: 0,interpolation_duration: 1}
$data merge entity $(bone_leftpointerfinger) {transformation: [-0.9979f,-0.0309f,-0.0574f,1.1202f,-0.0217f,0.9877f,-0.1548f,1.75f,0.0615f,-0.1532f,-0.9863f,0.22f,0f,0f,0f,1f],start_interpolation: 0,interpolation_duration: 1}
$data merge entity $(bone_leftmidfinger) {transformation: [-0.9979f,-0.0309f,-0.0574f,1.1112f,-0.0217f,0.9877f,-0.1548f,1.7258f,0.0615f,-0.1532f,-0.9863f,0.0659f,0f,0f,0f,1f],start_interpolation: 0,interpolation_duration: 1}
$data merge entity $(bone_leftringfinger) {transformation: [-0.9979f,-0.0309f,-0.0574f,1.1022f,-0.0217f,0.9877f,-0.1548f,1.7016f,0.0615f,-0.1532f,-0.9863f,-0.0883f,0f,0f,0f,1f],start_interpolation: 0,interpolation_duration: 1}
$data merge entity $(bone_invisibility) {transformation: [-0.0358f,0.0545f,0.9979f,0.9315f,0.9705f,0.2403f,0.0217f,1.8588f,-0.2386f,0.9692f,-0.0615f,0.2456f,0f,0f,0f,1f],start_interpolation: 0,interpolation_duration: 1}
$data merge entity $(bone_swiftness) {transformation: [-0.0574f,-0.0309f,0.9979f,0.8729f,-0.1548f,0.9877f,0.0217f,1.6949f,-0.9863f,-0.1532f,-0.0615f,0.0846f,0f,0f,0f,1f],start_interpolation: 0,interpolation_duration: 1}
$data merge entity $(bone_suspicious_stew) {transformation: [-0.0523f,0.039f,0.9979f,0.9222f,0.8298f,0.5577f,0.0217f,1.7835f,-0.5557f,0.8291f,-0.0615f,0.0678f,0f,0f,0f,1f],start_interpolation: 0,interpolation_duration: 1}
$data merge entity $(bone_log) {transformation: [0f,0f,0f,0.8221f,0f,0f,0f,1.8976f,0f,0f,0f,0.0082f,0f,0f,0f,1f],start_interpolation: 0,interpolation_duration: 1}
$data merge entity $(bone_planks) {transformation: [0f,0f,0f,0.7285f,0f,0f,0f,1.8956f,0f,0f,0f,0.014f,0f,0f,0f,1f],start_interpolation: 0,interpolation_duration: 1}
$data merge entity $(bone_lefthand1) {transformation: [-0.9979f,-0.0309f,-0.0574f,1.0656f,-0.0217f,0.9877f,-0.1548f,2.1548f,0.0615f,-0.1532f,-0.9863f,-0.0147f,0f,0f,0f,1f],start_interpolation: 0,interpolation_duration: 1}
$data merge entity $(bone_leftforearm) {transformation: [-0.9979f,-0.0309f,-0.0574f,0.9824f,-0.0217f,0.9877f,-0.1548f,2.8504f,0.0615f,-0.1532f,-0.9863f,-0.1031f,0f,0f,0f,1f],start_interpolation: 0,interpolation_duration: 1}
$data merge entity $(bone_leftelbow) {transformation: [-0.9979f,-0.0309f,-0.0574f,0.9766f,-0.0217f,0.9877f,-0.1548f,3.0356f,0.0615f,-0.1532f,-0.9863f,-0.1319f,0f,0f,0f,1f],start_interpolation: 0,interpolation_duration: 1}
$data merge entity $(bone_leftarm) {transformation: [-0.9979f,-0.0205f,-0.0619f,0.75f,-0.0217f,0.9996f,0.0191f,3.53f,0.0615f,0.0204f,-0.9979f,-0.077f,0f,0f,0f,1f],start_interpolation: 0,interpolation_duration: 1}
$data merge entity $(bone_rightthumb2) {transformation: [-1f,0f,0f,-0.9531f,0f,0.9897f,-0.1431f,1.8426f,0f,-0.1431f,-0.9897f,0.3184f,0f,0f,0f,1f],start_interpolation: 0,interpolation_duration: 1}
$data merge entity $(bone_rightthumb) {transformation: [-1f,0f,0f,-0.9531f,0f,0.9897f,-0.1431f,2.0731f,0f,-0.1431f,-0.9897f,0.1987f,0f,0f,0f,1f],start_interpolation: 0,interpolation_duration: 1}
$data merge entity $(bone_rightpointerfinger) {transformation: [-1f,0f,0f,-1.0625f,0f,0.9897f,-0.1431f,1.7416f,0f,-0.1431f,-0.9897f,0.1993f,0f,0f,0f,1f],start_interpolation: 0,interpolation_duration: 1}
$data merge entity $(bone_rightmidfinger) {transformation: [-1f,0f,0f,-1.0625f,0f,0.9897f,-0.1431f,1.7193f,0f,-0.1431f,-0.9897f,0.0446f,0f,0f,0f,1f],start_interpolation: 0,interpolation_duration: 1}
$data merge entity $(bone_rightringfinger) {transformation: [-1f,0f,0f,-1.0625f,0f,0.9897f,-0.1431f,1.6969f,0f,-0.1431f,-0.9897f,-0.11f,0f,0f,0f,1f],start_interpolation: 0,interpolation_duration: 1}
$data merge entity $(bone_hugeasssword) {transformation: [-3.9167f,0f,0f,-0.7969f,0f,3.8763f,-0.5606f,1.9226f,0f,-0.5606f,-3.8763f,0.031f,0f,0f,0f,1f],start_interpolation: 0,interpolation_duration: 1}
$data merge entity $(bone_ice) {transformation: [-1f,0f,0f,-0.7812f,0f,0.9897f,-0.1431f,1.9071f,0f,-0.1431f,-0.9897f,0.0333f,0f,0f,0f,1f],start_interpolation: 0,interpolation_duration: 1}
$data merge entity $(bone_righthand1) {transformation: [-1f,0f,0f,-1.0312f,0f,0.9897f,-0.1431f,2.15f,0f,-0.1431f,-0.9897f,-0.0334f,0f,0f,0f,1f],start_interpolation: 0,interpolation_duration: 1}
$data merge entity $(bone_rightforearm) {transformation: [-1f,0f,0f,-0.9687f,0f,0.9897f,-0.1431f,2.8482f,0f,-0.1431f,-0.9897f,-0.1186f,0f,0f,0f,1f],start_interpolation: 0,interpolation_duration: 1}
$data merge entity $(bone_rightelbow) {transformation: [-1f,0f,0f,-0.9687f,0f,0.9897f,-0.1431f,3.0337f,0f,-0.1431f,-0.9897f,-0.1454f,0f,0f,0f,1f],start_interpolation: 0,interpolation_duration: 1}
$data merge entity $(bone_rightarm) {transformation: [-1f,0f,0f,-0.75f,0f,0.9972f,0.0745f,3.53f,0f,0.0745f,-0.9972f,-0.077f,0f,0f,0f,1f],start_interpolation: 0,interpolation_duration: 1}
$data merge entity $(bone_chest1) {transformation: [-1.0833f,0f,0f,-0.0023f,0f,1.0832f,-0.0138f,3.3683f,0f,-0.0138f,-1.0832f,-0.1851f,0f,0f,0f,1f],start_interpolation: 0,interpolation_duration: 1}
$data merge entity $(bone_chest1lid) {transformation: [-1f,0f,0f,-0.3438f,0f,0.9999f,-0.0127f,2.6899f,0f,-0.0127f,-0.9999f,0.2149f,0f,0f,0f,1f],start_interpolation: 0,interpolation_duration: 1}
$data merge entity $(bone_chest2) {transformation: [-1f,0f,0f,-0.3438f,0f,0.9999f,-0.0127f,2.5337f,0f,-0.0127f,-0.9999f,0.2169f,0f,0f,0f,1f],start_interpolation: 0,interpolation_duration: 1}
$data merge entity $(bone_chest1lid3) {transformation: [-1f,0f,0f,-0.2812f,0f,0.9999f,-0.0127f,2.6818f,0f,-0.0127f,-0.9999f,-0.4257f,0f,0f,0f,1f],start_interpolation: 0,interpolation_duration: 1}
$data merge entity $(bone_chest3) {transformation: [-1f,0f,0f,-0.2812f,0f,0.9999f,-0.0127f,2.5255f,0f,-0.0127f,-0.9999f,-0.4237f,0f,0f,0f,1f],start_interpolation: 0,interpolation_duration: 1}
$data merge entity $(bone_hugeasssword2) {transformation: [0f,2.8877f,-2.6461f,-1.2344f,0.0498f,2.6458f,2.8874f,4.5252f,3.9163f,-0.0337f,-0.0367f,-0.4647f,0f,0f,0f,1f],start_interpolation: 0,interpolation_duration: 1}
$data merge entity $(bone_belt) {transformation: [-1f,0f,0f,0.0297f,0f,0.9999f,-0.0127f,2.9717f,0f,-0.0127f,-0.9999f,-0.0491f,0f,0f,0f,1f],start_interpolation: 0,interpolation_duration: 1}
$data merge entity $(bone_torn_part) {transformation: [-1f,0f,0f,-0.0937f,0f,0.9564f,0.2922f,2.6862f,0f,0.2922f,-0.9564f,-0.0512f,0f,0f,0f,1f],start_interpolation: 0,interpolation_duration: 1}
$data merge entity $(bone_lowerbody) {transformation: [-1f,0f,0f,0.0039f,0f,1f,-0.0089f,2.1992f,0f,-0.0089f,-1f,0.0938f,0f,0f,0f,1f],start_interpolation: 0,interpolation_duration: 1}
data modify entity @s data merge value {"cameras":{},"locators":{"lefthand":{"posx":0.9189144603539634,"posy":1.8249233120043225,"posz":0.029805301843978352,"roty":356.6678010068727,"rotx":-8.904544413778106},"sword":{"posx":-0.8750000000000004,"posy":2.4216412480491343,"posz":3.70051168086654,"roty":0,"rotx":-8.228862973760933},"righthand":{"posx":-0.875,"posy":1.8938585208245706,"posz":0.05097723893515782,"roty":0,"rotx":-8.228862973760933},"chest":{"posx":-0.37500000000000006,"posy":2.6294039723800795,"posz":0.3719519390261985,"roty":0,"rotx":-0.7288629737609336}}}