# This file was generated by Animated Java via MC-Build. It is not recommended to edit this file directly.
$data merge entity $(bone_nose) { transformation: [-0.9866049930220341f,-0.09659330179641072f,0.13145463777311012f,0.27626966429996913f,-0.07906727877137489f,0.9880144822574587f,0.1325735579865599f,4.1665825228820825f,-0.14268480357656088f,0.12040397376163961f,-0.982417390893873f,0.508099512405522f,0f,0f,0f,1f], start_interpolation: 0, interpolation_duration: 1 }
$data merge entity $(bone_glowing_eye) { transformation: [-0.9866049930220341f,-0.09659330179641072f,0.13145463777311012f,0.14181669707577949f,-0.07906727877137489f,0.9880144822574587f,0.1325735579865599f,4.2189694839377445f,-0.14268480357656088f,0.12040397376163961f,-0.982417390893873f,0.5326983081305127f,0f,0f,0f,1f], start_interpolation: 0, interpolation_duration: 1 }
$data merge entity $(bone_head) { transformation: [-0.9866049930220341f,-0.09659330179641072f,0.13145463777311012f,0.31281224154792553f,-0.07906727877137489f,0.9880144822574587f,0.1325735579865599f,4.069410643758962f,-0.14268480357656088f,0.12040397376163961f,-0.982417390893873f,0.30926983745602055f,0f,0f,0f,1f], start_interpolation: 0, interpolation_duration: 1 }
$data merge entity $(bone_leftthumb2) { transformation: [0.2488715238686639f,0.9650851281539372f,-0.08169247225654894f,-0.04444895388275871f,-0.9179592150954456f,0.20813461570307126f,-0.33768455867493885f,3.711230462698298f,-0.3088913142654585f,0.15903042841617746f,0.937707565720318f,0.5503672186316828f,0f,0f,0f,1f], start_interpolation: 0, interpolation_duration: 1 }
$data merge entity $(bone_leftthumb) { transformation: [0.2488715238686639f,0.9650851281539372f,-0.08169247225654894f,0.18524970121066925f,-0.9179592150954456f,0.20813461570307126f,-0.33768455867493885f,3.7334162380168947f,-0.3088913142654585f,0.15903042841617746f,0.937707565720318f,0.6695023827700813f,0f,0f,0f,1f], start_interpolation: 0, interpolation_duration: 1 }
$data merge entity $(bone_leftpointerfinger) { transformation: [0.2488715238686639f,0.9650851281539372f,-0.08169247225654894f,-0.1624685140250022f,-0.9179592150954456f,0.20813461570307126f,-0.33768455867493885f,3.749694892702501f,-0.3088913142654585f,0.15903042841617746f,0.937707565720318f,0.6950605530869476f,0f,0f,0f,1f], start_interpolation: 0, interpolation_duration: 1 }
$data merge entity $(bone_leftmidfinger) { transformation: [0.2488715238686639f,0.9650851281539372f,-0.08169247225654894f,-0.175232962815088f,-0.9179592150954456f,0.20813461570307126f,-0.33768455867493885f,3.696931680409542f,-0.3088913142654585f,0.15903042841617746f,0.937707565720318f,0.8415773602307473f,0f,0f,0f,1f], start_interpolation: 0, interpolation_duration: 1 }
$data merge entity $(bone_leftringfinger) { transformation: [0.2488715238686639f,0.9650851281539372f,-0.08169247225654894f,-0.18799741160517375f,-0.9179592150954456f,0.20813461570307126f,-0.33768455867493885f,3.644168468116583f,-0.3088913142654585f,0.15903042841617746f,0.937707565720318f,0.9880941673745469f,0f,0f,0f,1f], start_interpolation: 0, interpolation_duration: 1 }
$data merge entity $(bone_invisibility) { transformation: [0.9542927197777328f,0.16549431889495636f,-0.24887152386866382f,-0.007696027649773701f,0.17791145212703288f,0.3545396940025246f,0.9179592150954453f,3.61089490592322f,0.2401518689939075f,-0.9202788902230074f,0.3088913142654587f,0.6252340233414336f,0f,0f,0f,1f], start_interpolation: 0, interpolation_duration: 1 }
$data merge entity $(bone_swiftness) { transformation: [-0.08169247225654888f,0.9650851281539372f,-0.24887152386866393f,-0.14074017167486522f,-0.3376845586749391f,0.20813461570307126f,0.9179592150954455f,3.4715839273891156f,0.9377075657203179f,0.15903042841617746f,0.30889131426545874f,0.7634307633356612f,0f,0f,0f,1f], start_interpolation: 0, interpolation_duration: 1 }
$data merge entity $(bone_suspicious_stew) { transformation: [0.8401394361768136f,0.48190112304060284f,-0.24887152386866385f,-0.06825173158009244f,0.04592236175969619f,0.3940076345856322f,0.9179592150954459f,3.537822741060588f,0.5404228570951798f,-0.7826425055543818f,0.30889131426545857f,0.793599640581985f,0f,0f,0f,1f], start_interpolation: 0, interpolation_duration: 1 }
$data merge entity $(bone_log) { transformation: [0.2488715238686639f,0.9650851281539372f,-0.08169247225654894f,0.07188628016481122f,-0.9179592150954456f,0.20813461570307126f,-0.33768455867493885f,3.461951927920386f,-0.3088913142654585f,0.15903042841617746f,0.937707565720318f,0.8284749255647603f,0f,0f,0f,1f], start_interpolation: 0, interpolation_duration: 1 }
$data merge entity $(bone_planks) { transformation: [0.2488715238686639f,0.9650851281539372f,-0.08169247225654894f,0.09521798552749841f,-0.9179592150954456f,0.20813461570307126f,-0.33768455867493885f,3.375893251505188f,-0.3088913142654585f,0.15903042841617746f,0.937707565720318f,0.7995163648523735f,0f,0f,0f,1f], start_interpolation: 0, interpolation_duration: 1 }
$data merge entity $(bone_lefthand1) { transformation: [0.2488715238686639f,0.9650851281539372f,-0.08169247225654894f,0.2534925709941467f,-0.9179592150954456f,0.20813461570307126f,-0.33768455867493885f,3.754028028078607f,-0.3088913142654585f,0.15903042841617746f,0.937707565720318f,0.9161519998064093f,0f,0f,0f,1f], start_interpolation: 0, interpolation_duration: 1 }
$data merge entity $(bone_leftforearm) { transformation: [0.0432856247379517f,0.9974116153642012f,0.05741449492610343f,0.9612979603032152f,-0.9431165335736315f,0.05975536329267405f,-0.3270481625966086f,3.74217122875142f,-0.32963246015995207f,-0.0399920753941941f,0.9432619334599285f,0.8523122482958394f,0f,0f,0f,1f], start_interpolation: 0, interpolation_duration: 1 }
$data merge entity $(bone_leftelbow) { transformation: [0.0432856247379517f,0.9974116153642012f,0.05741449492610343f,1.148312638184003f,-0.9431165335736315f,0.05975536329267405f,-0.3270481625966086f,3.753375359368796f,-0.32963246015995207f,-0.0399920753941941f,0.9432619334599285f,0.844813734159428f,0f,0f,0f,1f], start_interpolation: 0, interpolation_duration: 1 }
$data merge entity $(bone_leftarm) { transformation: [0.00041341716142777665f,-0.032577533896826424f,0.9994691257720026f,1.013470624248554f,-0.9721449654679613f,0.23424254380741155f,0.008037212572104591f,3.6280133685065894f,-0.23438002304280742f,-0.9716322014815244f,-0.0315732456776153f,0.3959275925781893f,0f,0f,0f,1f], start_interpolation: 0, interpolation_duration: 1 }
$data merge entity $(bone_rightthumb2) { transformation: [-0.20248031322863969f,-0.11880424567486887f,-0.9720531230156387f,-0.2888177698504134f,0.8123856027352822f,-0.5746575190427443f,-0.09898670757263156f,4.432470277509531f,-0.546837594924914f,-0.8097248217865519f,0.21287169318505672f,1.4936133130376419f,0f,0f,0f,1f], start_interpolation: 0, interpolation_duration: 1 }
$data merge entity $(bone_rightthumb) { transformation: [-0.20248031322863969f,-0.11880424567486887f,-0.9720531230156387f,-0.4010228498304414f,0.8123856027352822f,-0.5746575190427443f,-0.09898670757263156f,4.283080674333303f,-0.546837594924914f,-0.8097248217865519f,0.21287169318505672f,1.3132258561510155f,0f,0f,0f,1f], start_interpolation: 0, interpolation_duration: 1 }
$data merge entity $(bone_rightpointerfinger) { transformation: [-0.20248031322863969f,-0.11880424567486887f,-0.9720531230156387f,-0.42975148111911554f,0.8123856027352822f,-0.5746575190427443f,-0.09898670757263156f,4.555854846150908f,-0.546837594924914f,-0.8097248217865519f,0.21287169318505672f,1.5290848119728648f,0f,0f,0f,1f], start_interpolation: 0, interpolation_duration: 1 }
$data merge entity $(bone_rightmidfinger) { transformation: [-0.20248031322863969f,-0.11880424567486887f,-0.9720531230156387f,-0.5816347815903091f,0.8123856027352822f,-0.5746575190427443f,-0.09898670757263156f,4.540388173092683f,-0.546837594924914f,-0.8097248217865519f,0.21287169318505672f,1.5623460140330299f,0f,0f,0f,1f], start_interpolation: 0, interpolation_duration: 1 }
$data merge entity $(bone_rightringfinger) { transformation: [-0.20248031322863969f,-0.11880424567486887f,-0.9720531230156387f,-0.7335180820615026f,0.8123856027352822f,-0.5746575190427443f,-0.09898670757263156f,4.52492150003446f,-0.546837594924914f,-0.8097248217865519f,0.21287169318505672f,1.5956072160931951f,0f,0f,0f,1f], start_interpolation: 0, interpolation_duration: 1 }
$data merge entity $(bone_hugeasssword) { transformation: [-0.7930478934788389f,-0.46531662889323644f,-3.8072080651445854f,-0.5367947307445401f,3.1818436107131887f,-2.250741949584082f,-0.387697937992807f,4.20941760611639f,-2.14178058012258f,-3.171422218663995f,0.8337474649748056f,1.5397982755535504f,0f,0f,0f,1f], start_interpolation: 0, interpolation_duration: 1 }
$data merge entity $(bone_ice) { transformation: [-0.20248031322863969f,-0.11880424567486887f,-0.9720531230156387f,-0.5317746595116728f,0.8123856027352822f,-0.5746575190427443f,-0.09898670757263156f,4.205703104808694f,-0.546837594924914f,-0.8097248217865519f,0.21287169318505672f,1.560994563314667f,0f,0f,0f,1f], start_interpolation: 0, interpolation_duration: 1 }
$data merge entity $(bone_righthand1) { transformation: [-0.20248031322863969f,-0.11880424567486887f,-0.9720531230156387f,-0.6424724593317886f,0.8123856027352822f,-0.5746575190427443f,-0.09898670757263156f,4.2620417911201836f,-0.546837594924914f,-0.8097248217865519f,0.21287169318505672f,1.2285061995488336f,0f,0f,0f,1f], start_interpolation: 0, interpolation_duration: 1 }
$data merge entity $(bone_rightforearm) { transformation: [0.1799669647567301f,-0.04400430980377812f,-0.9826879017851711f,-0.6748704007352329f,0.9538994948085271f,-0.23611762771041173f,0.18526796724864114f,4.026529518411367f,-0.24018252517676247f,-0.9707276067997144f,-0.0005176838933808048f,0.5594289364837168f,0f,0f,0f,1f], start_interpolation: 0, interpolation_duration: 1 }
$data merge entity $(bone_rightelbow) { transformation: [0.1799669647567301f,-0.04400430980377812f,-0.9826879017851711f,-0.6831212088234413f,0.9538994948085271f,-0.23611762771041173f,0.18526796724864114f,3.982257463215665f,-0.24018252517676247f,-0.9707276067997144f,-0.0005176838933808048f,0.37741751020877035f,0f,0f,0f,1f], start_interpolation: 0, interpolation_duration: 1 }
$data merge entity $(bone_rightarm) { transformation: [0.2415926492411192f,0.7767160886632349f,-0.5816744015721703f,-0.3642765134306004f,0.9217770189653518f,-0.3710179884382079f,-0.11257344075142518f,3.624840160382772f,-0.3032492689851148f,-0.5089771801043254f,-0.805594259533323f,0.27231908282535255f,0f,0f,0f,1f], start_interpolation: 0, interpolation_duration: 1 }
$data merge entity $(bone_chest1) { transformation: [-1.070750359148948f,-0.1182411017464174f,0.11455924821376534f,0.38875938658266773f,-0.09925823692600709f,1.065050098246649f,0.17154358553514898f,3.434935038085808f,-0.1313490841073906f,0.15905483706479254f,-1.0635130878468555f,0.1359623581228303f,0f,0f,0f,1f], start_interpolation: 0, interpolation_duration: 1 }
$data merge entity $(bone_chest1lid) { transformation: [-0.9883849469067213f,-0.10914563238130838f,0.10574699835116802f,0.08451286779534478f,-0.09162298793169886f,0.9831231676122915f,0.1583479251093683f,2.6697729620991395f,-0.1212453084068221f,0.14681984959827005f,-0.9817043887817127f,0.378381964772363f,0f,0f,0f,1f], start_interpolation: 0, interpolation_duration: 1 }
$data merge entity $(bone_chest2) { transformation: [-0.9883849469067213f,-0.10914563238130838f,0.10574699835116802f,0.10156687285492422f,-0.09162298793169886f,0.9831231676122915f,0.1583479251093683f,2.516159967159719f,-0.1212453084068221f,0.14681984959827005f,-0.9817043887817127f,0.3554413632726333f,0f,0f,0f,1f], start_interpolation: 0, interpolation_duration: 1 }
$data merge entity $(bone_chest1lid3) { transformation: [-0.9883849469067213f,-0.10914563238130838f,0.10574699835116802f,0.2140310977957319f,-0.09162298793169886f,0.9831231676122915f,0.1583479251093683f,2.7769410383680597f,-0.1212453084068221f,0.14681984959827005f,-0.9817043887817127f,-0.24294457751549536f,0f,0f,0f,1f], start_interpolation: 0, interpolation_duration: 1 }
$data merge entity $(bone_chest3) { transformation: [-0.9883849469067213f,-0.10914563238130838f,0.10574699835116802f,0.23108510285531134f,-0.09162298793169886f,0.9831231676122915f,0.1583479251093683f,2.6233280434286392f,-0.1212453084068221f,0.14681984959827005f,-0.9817043887817127f,-0.26588517901522507f,0f,0f,0f,1f], start_interpolation: 0, interpolation_duration: 1 }
$data merge entity $(bone_hugeasssword2) { transformation: [-0.41417574354207565f,2.5653230620846097f,-2.9305040212181908f,-0.9276082675785372f,-0.6201960400116924f,2.865981421686305f,2.5964947795596545f,4.504720404610656f,3.8450088560617086f,0.7386107604574722f,0.10314465144276853f,-0.10314654546865154f,0f,0f,0f,1f], start_interpolation: 0, interpolation_duration: 1 }
$data merge entity $(bone_belt) { transformation: [-0.9883849469067213f,-0.10914563238130838f,0.10574699835116802f,0.45004955424568915f,-0.09162298793169886f,0.9831231676122915f,0.1583479251093683f,3.025534017238892f,-0.1212453084068221f,0.14681984959827005f,-0.9817043887817127f,0.20987050185648454f,0f,0f,0f,1f], start_interpolation: 0, interpolation_duration: 1 }
$data merge entity $(bone_torn_part) { transformation: [-0.995802164396084f,-0.06556284233346599f,0.06387145754741665f,0.3498943190438188f,-0.03656853241135868f,0.9246650936693709f,0.37902138064585866f,2.7363686169611867f,-0.08390942629617829f,0.3750946257340547f,-0.9231810385423195f,0.15950643170942636f,0f,0f,0f,1f], start_interpolation: 0, interpolation_duration: 1 }
$data merge entity $(bone_lowerbody) { transformation: [-0.995802164396084f,-0.04332187636536079f,0.08063041865362452f,0.45695523148148176f,-0.03656853241135868f,0.9958427008940024f,0.08342695915240965f,2.241956527777776f,-0.08390942629617829f,0.08012821041507674f,-0.9932465343882774f,0.26825090277777736f,0f,0f,0f,1f], start_interpolation: 0, interpolation_duration: 1 }
$data merge entity $(bone_leftfoot) { transformation: [-0.9697730374852448f,-0.22524071011719654f,-0.0938449693512818f,1.2710312763615377f,-0.23207851232244298f,0.9702015024085882f,0.06963195273952888f,0.2255647205374025f,0.07536457977620292f,0.0893065911902326f,-0.9931487868819743f,0.14325703322559757f,0f,0f,0f,1f], start_interpolation: 0, interpolation_duration: 1 }
$data merge entity $(bone_leftlowerleg) { transformation: [-0.9697730374852448f,-0.22524071011719654f,-0.0938449693512818f,1.0355737325443564f,-0.23207851232244298f,0.9702015024085882f,0.06963195273952888f,1.2911833673732944f,0.07536457977620292f,0.0893065911902326f,-0.9931487868819743f,0.3949244989057346f,0f,0f,0f,1f], start_interpolation: 0, interpolation_duration: 1 }
$data merge entity $(bone_leftleg) { transformation: [-0.9598586500079821f,-0.28048416791648934f,0.00005960745658317723f,0.7100334156946684f,-0.26831699590046776f,0.9181588178241032f,-0.29153108747232004f,2.25460616164526f,0.08171512537959302f,-0.27984462975022373f,-0.9565613527025633f,0.12361153782351196f,0f,0f,0f,1f], start_interpolation: 0, interpolation_duration: 1 }
$data merge entity $(bone_rightfoot) { transformation: [-0.9550734654068724f,-0.05625055186537066f,0.2909820459934758f,0.2965646820441907f,0.03076103219350483f,0.9577053283057413f,0.28610184031771346f,0.2727287092679058f,-0.2947684422968277f,0.2821991841760593f,-0.9129486217067576f,0.10428608709401066f,0f,0f,0f,1f], start_interpolation: 0, interpolation_duration: 1 }
$data merge entity $(bone_rightlowerleg) { transformation: [-0.9550734654068724f,-0.05625055186537066f,0.2909820459934758f,0.18945360774809875f,0.03076103219350483f,0.9577053283057413f,0.28610184031771346f,1.2912247617878223f,-0.2947684422968277f,0.2821991841760593f,-0.9129486217067576f,0.5576213686143499f,0f,0f,0f,1f], start_interpolation: 0, interpolation_duration: 1 }
$data merge entity $(bone_rightleg) { transformation: [-0.983171647077661f,0.00981443182694218f,0.18242036429772174f,0.22209334830345676f,-0.07446492266695602f,0.8903048735810396f,-0.4492351359478166f,2.234196276350306f,-0.16681872699071731f,-0.45525916685527984f,-0.8745916780529261f,0.09164431466573815f,0f,0f,0f,1f], start_interpolation: 0, interpolation_duration: 1 }
data modify entity @s data merge value {"locators":{"lefthand":{"posx":-0.025566255955893846,"posy":3.537026408713077,"posz":0.8303575533427531,"roty":184.97899987357846,"rotx":-19.735867509755053},"righthand":{"posx":-0.5337125424910686,"posy":4.292389946105992,"posz":1.5190543689248548,"roty":257.64769024505455,"rotx":-5.680823591159291},"chest":{"posx":0.04392447173597151,"posy":2.580722682452167,"posz":0.5188081190319006,"roty":6.148067281669711,"rotx":9.111016881980879},"sack":{"posx":0,"posy":-0.4375,"posz":0,"roty":0,"rotx":0}},"cameras":{}}