# This file was generated by Animated Java via MC-Build. It is not recommended to edit this file directly.
$data merge entity $(bone_nose) { transformation: [-0.9676445186510041f,-0.11821130440020503f,0.22291292702907234f,2.716034911624339f,-0.09384470094676689f,0.9886956036378142f,0.11693663006718712f,4.047412728407279f,-0.23421626252008718f,0.09223389213982201f,-0.967799385984441f,0.22593914272984272f,0f,0f,0f,1f], start_interpolation: 0, interpolation_duration: 1 }
$data merge entity $(bone_glowing_eye) { transformation: [-0.9676445186510041f,-0.11821130440020503f,0.22291292702907234f,2.5792967951089625f,-0.09384470094676689f,0.9886956036378142f,0.11693663006718712f,4.098544289515404f,-0.23421626252008718f,0.09223389213982201f,-0.967799385984441f,0.23667905826161473f,0f,0f,0f,1f], start_interpolation: 0, interpolation_duration: 1 }
$data merge entity $(bone_head) { transformation: [-0.9676445186510041f,-0.11821130440020503f,0.22291292702907234f,2.772372834232179f,-0.09384470094676689f,0.9886956036378142f,0.11693663006718712f,3.947228653607074f,-0.23421626252008718f,0.09223389213982201f,-0.967799385984441f,0.03332511593681395f,0f,0f,0f,1f], start_interpolation: 0, interpolation_duration: 1 }
$data merge entity $(bone_leftthumb2) { transformation: [-0.5534533421954038f,0.8127894197105898f,0.18183167276153914f,3.013625111062662f,0.018151197009494732f,0.23003549133931034f,-0.9730129530337219f,2.620536933067713f,-0.8326823716519162f,-0.5352168083410722f,-0.14206701238970282f,0.3961708802451157f,0f,0f,0f,1f], start_interpolation: 0, interpolation_duration: 1 }
$data merge entity $(bone_leftthumb) { transformation: [-0.5534533421954038f,0.8127894197105898f,0.18183167276153914f,3.2284945005010557f,0.018151197009494732f,0.23003549133931034f,-0.9730129530337219f,2.5938001576186145f,-0.8326823716519162f,-0.5352168083410722f,-0.14206701238970282f,0.25277228041423727f,0f,0f,0f,1f], start_interpolation: 0, interpolation_duration: 1 }
$data merge entity $(bone_leftpointerfinger) { transformation: [-0.5534533421954038f,0.8127894197105898f,0.18183167276153914f,3.030855291121838f,0.018151197009494732f,0.23003549133931034f,-0.9730129530337219f,2.4707244926765344f,-0.8326823716519162f,-0.5352168083410722f,-0.14206701238970282f,0.5128055388448126f,0f,0f,0f,1f], start_interpolation: 0, interpolation_duration: 1 }
$data merge entity $(bone_leftmidfinger) { transformation: [-0.5534533421954038f,0.8127894197105898f,0.18183167276153914f,3.0592664899908284f,0.018151197009494732f,0.23003549133931034f,-0.9730129530337219f,2.3186912187650153f,-0.8326823716519162f,-0.5352168083410722f,-0.14206701238970282f,0.49060756815892154f,0f,0f,0f,1f], start_interpolation: 0, interpolation_duration: 1 }
$data merge entity $(bone_leftringfinger) { transformation: [-0.5534533421954038f,0.8127894197105898f,0.18183167276153914f,3.087677688859819f,0.018151197009494732f,0.23003549133931034f,-0.9730129530337219f,2.166657944853496f,-0.8326823716519162f,-0.5352168083410722f,-0.14206701238970282f,0.46840959747303046f,0f,0f,0f,1f], start_interpolation: 0, interpolation_duration: 1 }
$data merge entity $(bone_invisibility) { transformation: [0.8255441850753368f,-0.11030048277788387f,0.5534533421954037f,3.0102993924672474f,0.14435647022040438f,0.9893592590927862f,-0.01815119700949493f,2.5296946287633553f,-0.5455621027837275f,0.09487918605435908f,0.8326823716519159f,0.30257784988495173f,0f,0f,0f,1f], start_interpolation: 0, interpolation_duration: 1 }
$data merge entity $(bone_swiftness) { transformation: [0.18183167276153903f,0.8127894197105898f,0.5534533421954038f,2.9055018482565336f,-0.9730129530337219f,0.23003549133931034f,-0.018151197009494947f,2.3170493837560184f,-0.142067012389703f,-0.5352168083410722f,0.8326823716519162f,0.30504897264686115f,0f,0f,0f,1f], start_interpolation: 0, interpolation_duration: 1 }
$data merge entity $(bone_suspicious_stew) { transformation: [0.813482765776593f,0.17870419076563843f,0.553453342195404f,3.006293327061102f,-0.20273008576667764f,0.9790664157104755f,-0.01815119700949471f,2.3364717864130022f,-0.5451112749792466f,-0.09743595758568899f,0.8326823716519163f,0.3010285729528702f,0f,0f,0f,1f], start_interpolation: 0, interpolation_duration: 1 }
$data merge entity $(bone_log) { transformation: [-0.5534533421954038f,0.8127894197105898f,0.18183167276153914f,3.064529113354804f,0.018151197009494732f,0.23003549133931034f,-0.9730129530337219f,2.3213179153766004f,-0.8326823716519162f,-0.5352168083410722f,-0.14206701238970282f,0.14940310836210174f,0f,0f,0f,1f], start_interpolation: 0, interpolation_duration: 1 }
$data merge entity $(bone_planks) { transformation: [-0.5534533421954038f,0.8127894197105898f,0.18183167276153914f,3.0126428625239847f,0.018151197009494732f,0.23003549133931034f,-0.9730129530337219f,2.3230195900962407f,-0.8326823716519162f,-0.5352168083410722f,-0.14206701238970282f,0.07133913601973457f,0f,0f,0f,1f], start_interpolation: 0, interpolation_duration: 1 }
$data merge entity $(bone_lefthand1) { transformation: [-0.5534533421954038f,0.8127894197105898f,0.18183167276153914f,3.400407564057504f,0.018151197009494732f,0.23003549133931034f,-0.9730129530337219f,2.4046956437413582f,-0.8326823716519162f,-0.5352168083410722f,-0.14206701238970282f,0.22820909332699096f,0f,0f,0f,1f], start_interpolation: 0, interpolation_duration: 1 }
$data merge entity $(bone_leftforearm) { transformation: [-0.6278224832984027f,0.5617800362129627f,0.538741236938095f,3.7584900687506053f,0.18408371525483175f,0.7796834683871047f,-0.5985038637317492f,2.987057299756838f,-0.7562751584198735f,-0.27658069353520753f,-0.5929173675315798f,-0.01778638521549794f,0f,0f,0f,1f], start_interpolation: 0, interpolation_duration: 1 }
$data merge entity $(bone_leftelbow) { transformation: [-0.6278224832984027f,0.5617800362129627f,0.538741236938095f,3.863823825540536f,0.18408371525483175f,0.7796834683871047f,-0.5985038637317492f,3.1332479500794204f,-0.7562751584198735f,-0.27658069353520753f,-0.5929173675315798f,-0.06964526525334935f,0f,0f,0f,1f], start_interpolation: 0, interpolation_duration: 1 }
$data merge entity $(bone_leftarm) { transformation: [-0.6045144600019288f,-0.5005784010077837f,0.6196640477654537f,3.45793676119097f,0.08100169530306348f,0.735231998055725f,0.672958122317441f,3.3874720718826348f,-0.792465136776758f,0.45700675430400006f,-0.4039106751670686f,-0.020338143327824146f,0f,0f,0f,1f], start_interpolation: 0, interpolation_duration: 1 }
$data merge entity $(bone_rightthumb2) { transformation: [0.1185814040731484f,-0.8825669946514381f,-0.4549878575961879f,2.583344296028939f,-0.059320050156869364f,0.45110572945660876f,-0.8904969132460862f,2.717208113406584f,0.9911708138648085f,0.13258627682889795f,0.0011388323948858803f,0.3613197911749104f,0f,0f,0f,1f], start_interpolation: 0, interpolation_duration: 1 }
$data merge entity $(bone_rightthumb) { transformation: [0.1185814040731484f,-0.8825669946514381f,-0.4549878575961879f,2.3280192350026074f,-0.059320050156869364f,0.45110572945660876f,-0.8904969132460862f,2.751738770299119f,0.9911708138648085f,0.13258627682889795f,0.0011388323948858803f,0.3939329029395074f,0f,0f,0f,1f], start_interpolation: 0, interpolation_duration: 1 }
$data merge entity $(bone_rightpointerfinger) { transformation: [0.1185814040731484f,-0.8825669946514381f,-0.4549878575961879f,2.6092538153682896f,-0.059320050156869364f,0.45110572945660876f,-0.8904969132460862f,2.555489529526852f,0.9911708138648085f,0.13258627682889795f,0.0011388323948858803f,0.458890721389999f,0f,0f,0f,1f], start_interpolation: 0, interpolation_duration: 1 }
$data merge entity $(bone_rightmidfinger) { transformation: [0.1185814040731484f,-0.8825669946514381f,-0.4549878575961879f,2.538161962618885f,-0.059320050156869364f,0.45110572945660876f,-0.8904969132460862f,2.4163493868321506f,0.9911708138648085f,0.13258627682889795f,0.0011388323948858803f,0.4590686639516999f,0f,0f,0f,1f], start_interpolation: 0, interpolation_duration: 1 }
$data merge entity $(bone_rightringfinger) { transformation: [0.1185814040731484f,-0.8825669946514381f,-0.4549878575961879f,2.4670701098694807f,-0.059320050156869364f,0.45110572945660876f,-0.8904969132460862f,2.27720924413745f,0.9911708138648085f,0.13258627682889795f,0.0011388323948858803f,0.4592466065134008f,0f,0f,0f,1f], start_interpolation: 0, interpolation_duration: 1 }
$data merge entity $(bone_hugeasssword) { transformation: [0.4644438326198313f,-3.456720729051466f,-1.7820357755850693f,2.3345015416483226f,-0.23233686311440502f,1.766830773705051f,-3.4877795768805044f,2.537651140720413f,3.882085687637167f,0.5192962509131837f,0.004460426879969698f,0.22270270974355988f,0f,0f,0f,1f], start_interpolation: 0, interpolation_duration: 1 }
$data merge entity $(bone_ice) { transformation: [0.1185814040731484f,-0.8825669946514381f,-0.4549878575961879f,2.346438816501108f,-0.059320050156869364f,0.45110572945660876f,-0.8904969132460862f,2.5315294894813545f,0.9911708138648085f,0.13258627682889795f,0.0011388323948858803f,0.20514400520147075f,0f,0f,0f,1f], start_interpolation: 0, interpolation_duration: 1 }
$data merge entity $(bone_righthand1) { transformation: [0.1185814040731484f,-0.8825669946514381f,-0.4549878575961879f,2.141224048306655f,-0.059320050156869364f,0.45110572945660876f,-0.8904969132460862f,2.601647880767349f,0.9911708138648085f,0.13258627682889795f,0.0011388323948858803f,0.48611886638723756f,0f,0f,0f,1f], start_interpolation: 0, interpolation_duration: 1 }
$data merge entity $(bone_rightforearm) { transformation: [-0.5237105078205125f,-0.5867106748130422f,-0.6176551530253797f,1.7621528377572415f,0.11776434957643457f,0.6682141942970201f,-0.734589237947864f,3.070975327654146f,0.8437172879390465f,-0.45744986020372624f,-0.28085719401925796f,0.13004538288315534f,0f,0f,0f,1f], start_interpolation: 0, interpolation_duration: 1 }
$data merge entity $(bone_rightelbow) { transformation: [-0.5237105078205125f,-0.5867106748130422f,-0.6176551530253797f,1.652144586229796f,0.11776434957643457f,0.6682141942970201f,-0.734589237947864f,3.196265489084837f,0.8437172879390465f,-0.45744986020372624f,-0.28085719401925796f,0.04427353409495667f,0f,0f,0f,1f], start_interpolation: 0, interpolation_duration: 1 }
$data merge entity $(bone_rightarm) { transformation: [-0.4982981595764201f,0.7159311823998148f,-0.4890209466171726f,2.0793886102905335f,0.20064451783985432f,0.6439460945895004f,0.7382920863206801f,3.3230754265449294f,0.8434694550625795f,0.2697702157958386f,-0.4645248206994991f,0.000804114895636341f,0f,0f,0f,1f], start_interpolation: 0, interpolation_duration: 1 }
$data merge entity $(bone_chest1) { transformation: [-1.0753804840556032f,0.0010232692051626274f,-0.13102243526809118f,2.7584552674112026f,-0.023133936760203352f,1.064798847097266f,0.19819017962911f,3.306805351021006f,0.12896800608454131f,0.19953315326425766f,-1.056960209878362f,-0.13904966636638622f,0f,0f,0f,1f], start_interpolation: 0, interpolation_duration: 1 }
$data merge entity $(bone_chest1lid) { transformation: [-0.9926589083590184f,0.0009445561893808869f,-0.12094378640131495f,2.4662169289566833f,-0.021354403163264635f,0.9828912434743995f,0.18294478119610155f,2.556168140398761f,0.11904739023188429f,0.18418444916700707f,-0.9756555783492572f,0.15750849652437618f,0f,0f,0f,1f], start_interpolation: 0, interpolation_duration: 1 }
$data merge entity $(bone_chest2) { transformation: [-0.9926589083590184f,0.0009445561893808869f,-0.12094378640131495f,2.4660693420520925f,-0.021354403163264635f,0.9828912434743995f,0.18294478119610155f,2.4025913836058863f,0.11904739023188429f,0.18418444916700707f,-0.9756555783492572f,0.12872967634203134f,0f,0f,0f,1f], start_interpolation: 0, interpolation_duration: 1 }
$data merge entity $(bone_chest1lid3) { transformation: [-0.9926589083590184f,0.0009445561893808869f,-0.12094378640131495f,2.4507784975657794f,-0.021354403163264635f,0.9828912434743995f,0.18294478119610155f,2.6747017910502175f,0.11904739023188429f,0.18418444916700707f,-0.9756555783492572f,-0.47496132024510945f,0f,0f,0f,1f], start_interpolation: 0, interpolation_duration: 1 }
$data merge entity $(bone_chest3) { transformation: [-0.9926589083590184f,0.0009445561893808869f,-0.12094378640131495f,2.4506309106611885f,-0.021354403163264635f,0.9828912434743995f,0.18294478119610155f,2.521125034257343f,0.11904739023188429f,0.18418444916700707f,-0.9756555783492572f,-0.5037401404274543f,0f,0f,0f,1f], start_interpolation: 0, interpolation_duration: 1 }
$data merge entity $(bone_hugeasssword2) { transformation: [0.47369649673848274f,2.868970276142493f,-2.623909099295616f,1.5045022543477404f,-0.7165337263513976f,2.6624552822154737f,2.7817600663935207f,4.469412617897344f,3.8213176818679244f,0.14359388075949103f,0.8468705623823273f,-0.03714881669038264f,0f,0f,0f,1f], start_interpolation: 0, interpolation_duration: 1 }
$data merge entity $(bone_belt) { transformation: [-0.9926589083590184f,0.0009445561893808869f,-0.12094378640131495f,2.8057044903547887f,-0.021354403163264635f,0.9828912434743995f,0.18294478119610155f,2.892026307627641f,0.11904739023188429f,0.18418444916700707f,-0.9756555783492572f,-0.08851304275810598f,0f,0f,0f,1f], start_interpolation: 0, interpolation_duration: 1 }
$data merge entity $(bone_torn_part) { transformation: [-0.9597992878227997f,0.2260494411932694f,-0.16639404205396627f,2.6615279659593605f,0.13970424665756537f,0.8988882633054396f,0.4153102618014306f,2.623935226237952f,0.2434503040883058f,0.375368539209057f,-0.8943323818421035f,-0.10731170357499242f,0f,0f,0f,1f], start_interpolation: 0, interpolation_duration: 1 }
$data merge entity $(bone_lowerbody) { transformation: [-0.9597992878227997f,0.16555153032459996f,-0.2266671963518972f,2.7062977314814827f,0.13970424665756537f,0.9821711778603613f,0.12578752261743853f,2.113027592592592f,0.2434503040883058f,0.08906440471688758f,-0.9658154488574605f,-0.03875682870370342f,0f,0f,0f,1f], start_interpolation: 0, interpolation_duration: 1 }
$data merge entity $(bone_leftfoot) { transformation: [-0.8014147278564067f,-0.12453016147951049f,-0.5850014297903283f,3.4380668381445387f,-0.24107704242367262f,0.9623704973448071f,0.12539890532442288f,0.1582477386118224f,0.5473721710053373f,0.24152694409153602f,-0.801279253248646f,-0.307676273455603f,0f,0f,0f,1f], start_interpolation: 0, interpolation_duration: 1 }
$data merge entity $(bone_leftlowerleg) { transformation: [-0.8014147278564067f,-0.12453016147951049f,-0.5850014297903283f,3.3897991005592356f,-0.24107704242367262f,0.9623704973448071f,0.12539890532442288f,1.206610515920831f,0.5473721710053373f,0.24152694409153602f,-0.801279253248646f,0.08338073181086625f,0f,0f,0f,1f], start_interpolation: 0, interpolation_duration: 1 }
$data merge entity $(bone_leftleg) { transformation: [-0.8506205484912863f,-0.443728721396719f,-0.2820452167508179f,2.9057951474112946f,-0.26887462548839136f,0.8280935234225911f,-0.4919019742123789f,2.0720671995793984f,0.4518308513734539f,-0.34258712508381195f,-0.823700760879792f,-0.24959256270177493f,0f,0f,0f,1f], start_interpolation: 0, interpolation_duration: 1 }
$data merge entity $(bone_rightfoot) { transformation: [-0.671067177297929f,0.7406879757553146f,-0.03240626675327002f,0.9296361188983489f,0.710837976443272f,0.6552122365647192f,0.25574654699896315f,0.7686484590360654f,0.2106613747211965f,0.14858750831531103f,-0.9662005679843202f,-0.052513395629461f,0f,0f,0f,1f], start_interpolation: 0, interpolation_duration: 1 }
$data merge entity $(bone_rightlowerleg) { transformation: [-0.671067177297929f,0.7406879757553146f,-0.03240626675327002f,1.7563159231111238f,0.710837976443272f,0.6552122365647192f,0.25574654699896315f,1.4562301959198032f,0.2106613747211965f,0.14858750831531103f,-0.9662005679843202f,0.2607783615511431f,0f,0f,0f,1f], start_interpolation: 0, interpolation_duration: 1 }
$data merge entity $(bone_rightleg) { transformation: [-0.6835677394537149f,0.6009585207217308f,-0.41422699326587464f,2.4149269200182655f,0.7004801783686931f,0.6996139401461647f,-0.14095337692202492f,2.1703509964120777f,0.2050918459878448f,-0.38650897935896333f,-0.8991930513433646f,-0.13533409261896862f,0f,0f,0f,1f], start_interpolation: 0, interpolation_duration: 1 }
data modify entity @s data merge value {"locators":{"lefthand":{"posx":3.050075070883834,"posy":2.316848045287229,"posz":0.27150069092470425,"roty":51.99911167957674,"rotx":-76.65873916784028},"righthand":{"posx":2.378455117699335,"posy":2.5328337220258583,"posz":0.2959768141696749,"roty":269.8565892420054,"rotx":-62.93575532990546},"chest":{"posx":2.454034769933833,"posy":2.4654849905208684,"posz":0.3021633835132561,"roty":352.93357405530105,"rotx":10.541332190098004},"sack":{"posx":0,"posy":-0.4375,"posz":0,"roty":0,"rotx":0}},"cameras":{}}