# This file was generated by Animated Java via MC-Build. It is not recommended to edit this file directly.
$data merge entity $(bone_nose) { transformation: [-0.9840316160452885f,-0.03974228101057804f,0.17350022975020638f,-0.012462084741618865f,0.0189102455367081f,0.9458952326440523f,0.3239206870130341f,3.9319792325101917f,-0.17698638715177945f,0.32202912905718767f,-0.9300392780961618f,0.35996060958054626f,0f,0f,0f,1f], start_interpolation: 0, interpolation_duration: 1 }
$data merge entity $(bone_glowing_eye) { transformation: [-0.9840316160452885f,-0.03974228101057804f,0.17350022975020638f,-0.14421131103250634f,0.0189102455367081f,0.9458952326440523f,0.3239206870130341f,3.9870843910272984f,-0.17698638715177945f,0.32202912905718767f,-0.9300392780961618f,0.3920956015941335f,0f,0f,0f,1f], start_interpolation: 0, interpolation_duration: 1 }
$data merge entity $(bone_head) { transformation: [-0.9840316160452885f,-0.03974228101057804f,0.17350022975020638f,0.024933953444814038f,0.0189102455367081f,0.9458952326440523f,0.3239206870130341f,3.875838813352532f,-0.17698638715177945f,0.32202912905718767f,-0.9300392780961618f,0.14604295404569634f,0f,0f,0f,1f], start_interpolation: 0, interpolation_duration: 1 }
$data merge entity $(bone_leftthumb2) { transformation: [0.5629979846867944f,0.8138778627920396f,0.14365268426197356f,-0.5351258539436825f,-0.8198881771994315f,0.5718939525231754f,-0.026845557472577497f,3.2367039984834403f,-0.10400310633438609f,-0.10266514269450039f,0.9892639801126474f,0.6783653206343295f,0f,0f,0f,1f], start_interpolation: 0, interpolation_duration: 1 }
$data merge entity $(bone_leftthumb) { transformation: [0.5629979846867944f,0.8138778627920396f,0.14365268426197356f,-0.3232522129125881f,-0.8198881771994315f,0.5718939525231754f,-0.026845557472577497f,3.3746625469073925f,-0.10400310633438609f,-0.10266514269450039f,0.9892639801126474f,0.7377274909575501f,0f,0f,0f,1f], start_interpolation: 0, interpolation_duration: 1 }
$data merge entity $(bone_leftpointerfinger) { transformation: [0.5629979846867944f,0.8138778627920396f,0.14365268426197356f,-0.6451500716415642f,-0.8198881771994315f,0.5718939525231754f,-0.026845557472577497f,3.2754267276103866f,-0.10400310633438609f,-0.10266514269450039f,0.9892639801126474f,0.8291615797272869f,0f,0f,0f,1f], start_interpolation: 0, interpolation_duration: 1 }
$data merge entity $(bone_leftmidfinger) { transformation: [0.5629979846867944f,0.8138778627920396f,0.14365268426197356f,-0.6227043397256309f,-0.8198881771994315f,0.5718939525231754f,-0.026845557472577497f,3.2712321092552963f,-0.10400310633438609f,-0.10266514269450039f,0.9892639801126474f,0.983734076619888f,0f,0f,0f,1f], start_interpolation: 0, interpolation_duration: 1 }
$data merge entity $(bone_leftringfinger) { transformation: [0.5629979846867944f,0.8138778627920396f,0.14365268426197356f,-0.6002586078096975f,-0.8198881771994315f,0.5718939525231754f,-0.026845557472577497f,3.267037490900206f,-0.10400310633438609f,-0.10266514269450039f,0.9892639801126474f,1.138306573512489f,0f,0f,0f,1f], start_interpolation: 0, interpolation_duration: 1 }
$data merge entity $(bone_invisibility) { transformation: [0.823300968202218f,-0.07217191279090869f,-0.5629979846867943f,-0.4550592046530976f,0.5673779788733221f,0.07658724422655035f,0.8198881771994313f,3.1850875191137336f,-0.016054433870871562f,-0.9944473887671906f,0.10400310633438628f,0.7675174979288583f,0f,0f,0f,1f], start_interpolation: 0, interpolation_duration: 1 }
$data merge entity $(bone_swiftness) { transformation: [0.1436526842619737f,0.8138778627920396f,-0.5629979846867944f,-0.5090144287537639f,-0.026845557472577677f,0.5718939525231754f,0.8198881771994315f,3.0599075467864383f,0.9892639801126474f,-0.10266514269450039f,0.10400310633438631f,0.9614902802074958f,0f,0f,0f,1f], start_interpolation: 0, interpolation_duration: 1 }
$data merge entity $(bone_suspicious_stew) { transformation: [0.7983340924623524f,0.2137661012670633f,-0.5629979846867944f,-0.46627485117235445f,0.5069665196964014f,0.26602316590009945f,0.8198881771994319f,3.1532464480631015f,0.3250348053966385f,-0.9399658127578726f,0.1040031063343861f,0.9578169227637844f,0f,0f,0f,1f], start_interpolation: 0, interpolation_duration: 1 }
$data merge entity $(bone_log) { transformation: [0.5629979846867944f,0.8138778627920396f,0.14365268426197356f,-0.3050253376841825f,-0.8198881771994315f,0.5718939525231754f,-0.026845557472577497f,3.1466102900095247f,-0.10400310633438609f,-0.10266514269450039f,0.9892639801126474f,0.9816052377759035f,0f,0f,0f,1f], start_interpolation: 0, interpolation_duration: 1 }
$data merge entity $(bone_planks) { transformation: [0.5629979846867944f,0.8138778627920396f,0.14365268426197356f,-0.2522442766197955f,-0.8198881771994315f,0.5718939525231754f,-0.026845557472577497f,3.069745773397078f,-0.10400310633438609f,-0.10266514269450039f,0.9892639801126474f,0.9718549465570547f,0f,0f,0f,1f], start_interpolation: 0, interpolation_duration: 1 }
$data merge entity $(bone_lefthand1) { transformation: [0.5629979846867944f,0.8138778627920396f,0.14365268426197356f,-0.24679451454105789f,-0.8198881771994315f,0.5718939525231754f,-0.026845557472577497f,3.4953947461111943f,-0.10400310633438609f,-0.10266514269450039f,0.9892639801126474f,0.9510252293073547f,0f,0f,0f,1f], start_interpolation: 0, interpolation_duration: 1 }
$data merge entity $(bone_leftforearm) { transformation: [-0.17373480123086182f,0.9804007556880043f,0.09290089928339357f,0.43089902721796064f,-0.8648411240482626f,-0.10677214883863625f,-0.49056043296144225f,3.3596359993436145f,-0.4710265905405028f,-0.16557193747362628f,0.8664409296224522f,0.7865159745157205f,0f,0f,0f,1f], start_interpolation: 0, interpolation_duration: 1 }
$data merge entity $(bone_leftelbow) { transformation: [-0.17373480123086182f,0.9804007556880043f,0.09290089928339357f,0.6147241689094615f,-0.8648411240482626f,-0.10677214883863625f,-0.49056043296144225f,3.33961622143637f,-0.4710265905405028f,-0.16557193747362628f,0.8664409296224522f,0.7554712362394156f,0f,0f,0f,1f], start_interpolation: 0, interpolation_duration: 1 }
$data merge entity $(bone_leftarm) { transformation: [-0.2319560454346743f,0.2620813211486449f,0.9367549167692093f,0.5945199761381664f,-0.8964254338371597f,0.316285808749586f,-0.3104589002645607f,3.2951288114433472f,-0.3776477651941919f,-0.9117437514392962f,0.16157195658662823f,0.27395563467595013f,0f,0f,0f,1f], start_interpolation: 0, interpolation_duration: 1 }
$data merge entity $(bone_rightthumb2) { transformation: [0.22688878452733846f,-0.6894976562547617f,-0.6878331639830244f,0.5416579265003102f,0.9714576309545234f,0.21041869938731983f,0.10951731465103695f,3.2682818656609403f,0.06922102798956795f,-0.6930490263807748f,0.7175594026397594f,0.8441937263646002f,0f,0f,0f,1f], start_interpolation: 0, interpolation_duration: 1 }
$data merge entity $(bone_rightthumb) { transformation: [0.22688878452733846f,-0.6894976562547617f,-0.6878331639830244f,0.3137832949251725f,0.9714576309545234f,0.21041869938731983f,0.10951731465103695f,3.329244549462226f,0.06922102798956795f,-0.6930490263807748f,0.7175594026397594f,0.7355494831635003f,0f,0f,0f,1f], start_interpolation: 0, interpolation_duration: 1 }
$data merge entity $(bone_rightpointerfinger) { transformation: [0.22688878452733846f,-0.6894976562547617f,-0.6878331639830244f,0.5325984946297395f,0.9714576309545234f,0.21041869938731983f,0.10951731465103695f,3.3715877162356804f,0.06922102798956795f,-0.6930490263807748f,0.7175594026397594f,1.0041628418797897f,0f,0f,0f,1f], start_interpolation: 0, interpolation_duration: 1 }
$data merge entity $(bone_rightmidfinger) { transformation: [0.22688878452733846f,-0.6894976562547617f,-0.6878331639830244f,0.42512456275739197f,0.9714576309545234f,0.21041869938731983f,0.10951731465103695f,3.3886997966499046f,0.06922102798956795f,-0.6930490263807748f,0.7175594026397594f,1.1162814985422522f,0f,0f,0f,1f], start_interpolation: 0, interpolation_duration: 1 }
$data merge entity $(bone_rightringfinger) { transformation: [0.22688878452733846f,-0.6894976562547617f,-0.6878331639830244f,0.3176506308850444f,0.9714576309545234f,0.21041869938731983f,0.10951731465103695f,3.4058118770641292f,0.06922102798956795f,-0.6930490263807748f,0.7175594026397594f,1.2284001552047146f,0f,0f,0f,1f], start_interpolation: 0, interpolation_duration: 1 }
$data merge entity $(bone_hugeasssword) { transformation: [0.8886477393987424f,-2.7005324869978167f,-2.694013225600179f,0.235550411127804f,3.8048757212385502f,0.8241399059336694f,0.4289428157165614f,3.171686453699236f,0.2711156929591411f,-2.714442019991368f,2.810440993672391f,0.9459072138326821f,0f,0f,0f,1f], start_interpolation: 0, interpolation_duration: 1 }
$data merge entity $(bone_ice) { transformation: [0.22688878452733846f,-0.6894976562547617f,-0.6878331639830244f,0.24277867474854498f,0.9714576309545234f,0.21041869938731983f,0.10951731465103695f,3.153219636037645f,0.06922102798956795f,-0.6930490263807748f,0.7175594026397594f,0.9556545263075447f,0f,0f,0f,1f], start_interpolation: 0, interpolation_duration: 1 }
$data merge entity $(bone_righthand1) { transformation: [0.22688878452733846f,-0.6894976562547617f,-0.6878331639830244f,0.10563167044221966f,0.9714576309545234f,0.21041869938731983f,0.10951731465103695f,3.4521111347059508f,0.06922102798956795f,-0.6930490263807748f,0.7175594026397594f,0.8221212580422355f,0f,0f,0f,1f], start_interpolation: 0, interpolation_duration: 1 }
$data merge entity $(bone_rightforearm) { transformation: [0.08675814222256722f,-0.8446750408589262f,-0.5282017607960625f,-0.472768421317181f,0.954257537602271f,0.22273679161567048f,-0.1994514316569529f,3.5436870769834394f,0.2861216117096709f,-0.4867364759402456f,0.825361754809327f,0.4449395346278057f,0f,0f,0f,1f], start_interpolation: 0, interpolation_duration: 1 }
$data merge entity $(bone_rightelbow) { transformation: [0.08675814222256722f,-0.8446750408589262f,-0.5282017607960625f,-0.6311449914782297f,0.954257537602271f,0.22273679161567048f,-0.1994514316569529f,3.585450225411378f,0.2861216117096709f,-0.4867364759402456f,0.825361754809327f,0.35367644538900966f,0f,0f,0f,1f], start_interpolation: 0, interpolation_duration: 1 }
$data merge entity $(bone_rightarm) { transformation: [0.051010384583742116f,-0.07202724724172777f,-0.9960973929889578f,-0.6307626633227751f,0.9804051944718702f,0.19363586102866426f,0.036205082188315516f,3.447113591830841f,0.1902724239536399f,-0.9784258934525738f,0.08049332707957582f,-0.09870639246596638f,0f,0f,0f,1f], start_interpolation: 0, interpolation_duration: 1 }
$data merge entity $(bone_chest1) { transformation: [-1.0333155432324923f,0.0028554959279725235f,0.32536432712922875f,0.047975950647903776f,0.10146005210040643f,1.0321065699446446f,0.31316608567339277f,3.2785505842802634f,-0.3091536140061009f,0.32917926048160645f,-0.9847213659339684f,-0.13317950404704293f,0f,0f,0f,1f], start_interpolation: 0, interpolation_duration: 1 }
$data merge entity $(bone_chest1lid) { transformation: [-0.9538297322146084f,0.0026358423950515603f,0.3003363019654419f,-0.39701603291664134f,0.09365543270806748f,0.9527137568719796f,0.2890763867754395f,2.546274253308272f,-0.2853725667748624f,0.3038577789060983f,-0.9089735685544325f,-0.08258580807573389f,0f,0f,0f,1f], start_interpolation: 0, interpolation_duration: 1 }
$data merge entity $(bone_chest2) { transformation: [-0.9538297322146084f,0.0026358423950515603f,0.3003363019654419f,-0.39742788329086814f,0.09365543270806748f,0.9527137568719796f,0.2890763867754395f,2.397412728797025f,-0.2853725667748624f,0.3038577789060983f,-0.9089735685544325f,-0.13006358602981175f,0f,0f,0f,1f], start_interpolation: 0, interpolation_duration: 1 }
$data merge entity $(bone_chest1lid3) { transformation: [-0.9538297322146084f,0.0026358423950515603f,0.3003363019654419f,-0.14499873120661705f,0.09365543270806748f,0.9527137568719796f,0.2890763867754395f,2.725610349042034f,-0.2853725667748624f,0.3038577789060983f,-0.9089735685544325f,-0.6470612150074884f,0f,0f,0f,1f], start_interpolation: 0, interpolation_duration: 1 }
$data merge entity $(bone_chest3) { transformation: [-0.9538297322146084f,0.0026358423950515603f,0.3003363019654419f,-0.14541058158084386f,0.09365543270806748f,0.9527137568719796f,0.2890763867754395f,2.576748824530787f,-0.2853725667748624f,0.3038577789060983f,-0.9089735685544325f,-0.6945389929615662f,0f,0f,0f,1f], start_interpolation: 0, interpolation_duration: 1 }
$data merge entity $(bone_hugeasssword2) { transformation: [-1.176317182697982f,2.7613196933562936f,-2.516280829826029f,-1.0445651055895797f,-1.1322158482038047f,2.250493389127978f,2.998940572326366f,4.575958491117989f,3.560146476838194f,1.6280880917050398f,0.12232745759893011f,-0.37302187486532334f,0f,0f,0f,1f], start_interpolation: 0, interpolation_duration: 1 }
$data merge entity $(bone_belt) { transformation: [-0.9538297322146084f,0.0026358423950515603f,0.3003363019654419f,0.03816121681432026f,0.09365543270806748f,0.9527137568719796f,0.2890763867754395f,2.858215625345227f,-0.2853725667748624f,0.3038577789060983f,-0.9089735685544325f,-0.12608813396292212f,0f,0f,0f,1f], start_interpolation: 0, interpolation_duration: 1 }
$data merge entity $(bone_torn_part) { transformation: [-0.9578153074494468f,-0.1045282309951509f,0.26770073914830034f,-0.07669633588706953f,-0.0027622617110816747f,0.9348128032646214f,0.3551301068098563f,2.5786035256493376f,-0.287371200237187f,0.33940959293685974f,-0.8956667468967875f,-0.22216644319729656f,0f,0f,0f,1f], start_interpolation: 0, interpolation_duration: 1 }
$data merge entity $(bone_lowerbody) { transformation: [-0.9578153074494468f,-0.019191180938327116f,0.28674297792572767f,-0.014112222222222418f,-0.0027622617110816747f,0.9983364989462326f,0.05758997119306957f,2.083305694444445f,-0.287371200237187f,0.05436849681544894f,-0.9562749917404864f,-0.08617379629629629f,0f,0f,0f,1f], start_interpolation: 0, interpolation_duration: 1 }
$data merge entity $(bone_leftfoot) { transformation: [-0.9246763597786672f,-0.14239263320500226f,-0.353125994052291f,0.6813018069282459f,-0.27680127517509256f,0.8882267414132639f,0.36665284657263675f,0.244827259526755f,0.26144728670979855f,0.43678094492241837f,-0.8607367323547681f,-0.3881435793606851f,0f,0f,0f,1f], start_interpolation: 0, interpolation_duration: 1 }
$data merge entity $(bone_leftlowerleg) { transformation: [-0.9246763597786672f,-0.14239263320500226f,-0.353125994052291f,0.577591243526357f,-0.27680127517509256f,0.8882267414132639f,0.36665284657263675f,1.1738691950124127f,0.26144728670979855f,0.43678094492241837f,-0.8607367323547681f,0.22865871461572884f,0f,0f,0f,1f], start_interpolation: 0, interpolation_duration: 1 }
$data merge entity $(bone_leftleg) { transformation: [-0.9579220504711687f,-0.286450076087353f,0.018212609111863315f,0.2528180258239544f,-0.2686508702288188f,0.8724425539865075f,-0.40825323013884196f,2.080278902289453f,0.10105471362786694f,-0.39596760461311675f,-0.9126870224510373f,-0.17188377944220462f,0f,0f,0f,1f], start_interpolation: 0, interpolation_duration: 1 }
$data merge entity $(bone_rightfoot) { transformation: [-0.8763714230661035f,-0.05242374339975741f,0.47877435182040523f,-0.31841998457087695f,0.193246194822479f,0.8722630386484503f,0.4492361289949902f,0.9360023006258367f,-0.44116781049814274f,0.4862190273279392f,-0.7542957115379528f,0.07043229700612286f,0f,0f,0f,1f], start_interpolation: 0, interpolation_duration: 1 }
$data merge entity $(bone_rightlowerleg) { transformation: [-0.8763714230661035f,-0.05242374339975741f,0.47877435182040523f,-0.45013915942439886f,0.193246194822479f,0.8722630386484503f,0.4492361289949902f,1.8346459433144453f,-0.44116781049814274f,0.4862190273279392f,-0.7542957115379528f,0.7257257664821238f,0f,0f,0f,1f], start_interpolation: 0, interpolation_duration: 1 }
$data merge entity $(bone_rightleg) { transformation: [-0.9780170121254327f,0.1974885444556438f,0.06694026293668662f,-0.22167704694091817f,-0.024189344547178776f,0.21140320542016136f,-0.9770995652176182f,2.0391610068229205f,-0.20711735707955375f,-0.9572392384074486f,-0.20197881287280678f,-0.27188518165241193f,0f,0f,0f,1f], start_interpolation: 0, interpolation_duration: 1 }
data modify entity @s data merge value {"locators":{"lefthand":{"posx":-0.4236351799707909,"posy":3.1792150534166073,"posz":0.9839189935784999,"roty":171.73773452016457,"rotx":-1.5383219535901183},"righthand":{"posx":0.2855702923641984,"posy":3.239294788720282,"posz":0.9617610230525201,"roty":223.78828582918953,"rotx":6.2874916309489},"chest":{"posx":-0.4739154993801389,"posy":2.4444881903422377,"posz":0.03153230811755059,"roty":18.284204931185627,"rotx":16.802668729818144},"sack":{"posx":0,"posy":-0.4375,"posz":0,"roty":0,"rotx":0}},"cameras":{}}