# This file was generated by Animated Java via MC-Build. It is not recommended to edit this file directly.
$data merge entity $(bone_nose) { transformation: [-0.998593154339004f,0.05226033252602775f,0.008976065482564202f,0.07565936903886114f,0.052728309258794216f,0.9607648729070174f,0.2723060491261109f,4.200447653060522f,0.005606916263618532f,0.2723962492991267f,-0.9621688239897305f,0.467073291443342f,0f,0f,0f,1f], start_interpolation: 0, interpolation_duration: 1 }
$data merge entity $(bone_glowing_eye) { transformation: [-0.998593154339004f,0.05226033252602775f,0.008976065482564202f,-0.0459395515413555f,0.052728309258794216f,0.9607648729070174f,0.2723060491261109f,4.262587990052732f,0.005606916263618532f,0.2723962492991267f,-0.9621688239897305f,0.5197930777420074f,0f,0f,0f,1f], start_interpolation: 0, interpolation_duration: 1 }
$data merge entity $(bone_head) { transformation: [-0.998593154339004f,0.05226033252602775f,0.008976065482564202f,0.07088723963402395f,0.052728309258794216f,0.9607648729070174f,0.2723060491261109f,4.132806078173301f,0.005606916263618532f,0.2723962492991267f,-0.9621688239897305f,0.253267730681968f,0f,0f,0f,1f], start_interpolation: 0, interpolation_duration: 1 }
$data merge entity $(bone_leftthumb2) { transformation: [-0.4627748181009657f,0.7608629367743023f,0.45489235998728533f,-0.43283094370968106f,-0.776711858138649f,-0.5953476524085615f,0.20562067551300017f,3.903815954130047f,0.42726824964935767f,-0.2581642194704734f,0.8664831669610065f,1.0355086103360953f,0f,0f,0f,1f], start_interpolation: 0, interpolation_duration: 1 }
$data merge entity $(bone_leftthumb) { transformation: [-0.4627748181009657f,0.7608629367743023f,0.45489235998728533f,-0.20736105108419578f,-0.776711858138649f,-0.5953476524085615f,0.20562067551300017f,3.7753832363618924f,0.42726824964935767f,-0.2581642194704734f,0.8664831669610065f,1.0462432569831779f,0f,0f,0f,1f], start_interpolation: 0, interpolation_duration: 1 }
$data merge entity $(bone_leftpointerfinger) { transformation: [-0.4627748181009657f,0.7608629367743023f,0.45489235998728533f,-0.3850801271090666f,-0.776711858138649f,-0.5953476524085615f,0.20562067551300017f,4.065323013457038f,0.42726824964935767f,-0.2581642194704734f,0.8664831669610065f,1.1248373251428256f,0f,0f,0f,1f], start_interpolation: 0, interpolation_duration: 1 }
$data merge entity $(bone_leftmidfinger) { transformation: [-0.4627748181009657f,0.7608629367743023f,0.45489235998728533f,-0.31400319586105324f,-0.776711858138649f,-0.5953476524085615f,0.20562067551300017f,4.097451244005945f,0.42726824964935767f,-0.2581642194704734f,0.8664831669610065f,1.260225319980483f,0f,0f,0f,1f], start_interpolation: 0, interpolation_duration: 1 }
$data merge entity $(bone_leftringfinger) { transformation: [-0.4627748181009657f,0.7608629367743023f,0.45489235998728533f,-0.24292626461303993f,-0.776711858138649f,-0.5953476524085615f,0.20562067551300017f,4.129579474554851f,0.42726824964935767f,-0.2581642194704734f,0.8664831669610065f,1.3956133148181402f,0f,0f,0f,1f], start_interpolation: 0, interpolation_duration: 1 }
$data merge entity $(bone_invisibility) { transformation: [0.7976141050940015f,-0.3868477828380464f,0.46277481810096577f,-0.40284640804291105f,-0.5751611521521657f,-0.25672619360283677f,0.7767118581386487f,3.848147744464074f,-0.18166284267864968f,-0.8856864312111178f,-0.4272682496493574f,1.1496358114799656f,0f,0f,0f,1f], start_interpolation: 0, interpolation_duration: 1 }
$data merge entity $(bone_swiftness) { transformation: [0.4548923599872852f,0.7608629367743023f,0.4627748181009658f,-0.4446905304445985f,0.205620675513f,-0.5953476524085615f,0.776711858138649f,3.9268681589540977f,0.8664831669610066f,-0.2581642194704734f,-0.4272682496493575f,1.3693146627776789f,0f,0f,0f,1f], start_interpolation: 0, interpolation_duration: 1 }
$data merge entity $(bone_suspicious_stew) { transformation: [0.8818218229230755f,-0.09071791635747639f,0.46277481810096593f,-0.3532195407065905f,-0.45266916090861553f,-0.43796040938548053f,0.7767118581386491f,3.914608542329413f,0.1322153674083081f,-0.894405355229194f,-0.42726824964935783f,1.324202853072833f,0f,0f,0f,1f], start_interpolation: 0, interpolation_duration: 1 }
$data merge entity $(bone_log) { transformation: [-0.4627748181009657f,0.7608629367743023f,0.45489235998728533f,-0.28017373343236424f,-0.776711858138649f,-0.5953476524085615f,0.20562067551300017f,3.7770118182425163f,0.42726824964935767f,-0.2581642194704734f,0.8664831669610065f,1.372605122494948f,0f,0f,0f,1f], start_interpolation: 0, interpolation_duration: 1 }
$data merge entity $(bone_planks) { transformation: [-0.4627748181009657f,0.7608629367743023f,0.45489235998728533f,-0.32355887262932975f,-0.776711858138649f,-0.5953476524085615f,0.20562067551300017f,3.704195081542018f,0.42726824964935767f,-0.2581642194704734f,0.8664831669610065f,1.4126615208995754f,0f,0f,0f,1f], start_interpolation: 0, interpolation_duration: 1 }
$data merge entity $(bone_lefthand1) { transformation: [-0.4627748181009657f,0.7608629367743023f,0.45489235998728533f,0.011520319036850135f,-0.776711858138649f,-0.5953476524085615f,0.20562067551300017f,3.815927223565257f,0.42726824964935767f,-0.2581642194704734f,0.8664831669610065f,1.174169406247459f,0f,0f,0f,1f], start_interpolation: 0, interpolation_duration: 1 }
$data merge entity $(bone_leftforearm) { transformation: [-0.5329159375681192f,0.8391790423335475f,0.10853173910908509f,0.5558245485389879f,-0.6065060395840768f,-0.289382843674034f,-0.7405457404746639f,3.556746880072305f,-0.5900432420034407f,-0.4604737828533561f,0.6631838869203543f,0.7969392911092605f,0f,0f,0f,1f], start_interpolation: 0, interpolation_duration: 1 }
$data merge entity $(bone_leftelbow) { transformation: [-0.5329159375681192f,0.8391790423335475f,0.10853173910908509f,0.713170618976528f,-0.6065060395840768f,-0.289382843674034f,-0.7405457404746639f,3.502487596883424f,-0.5900432420034407f,-0.4604737828533561f,0.6631838869203543f,0.7106004568242562f,0f,0f,0f,1f], start_interpolation: 0, interpolation_duration: 1 }
$data merge entity $(bone_leftarm) { transformation: [-0.5874353730523145f,0.3092796897269552f,0.7478407290388016f,0.6619890547921244f,-0.6422791809964926f,0.3840169797331716f,-0.6633312995291929f,3.5661106434194747f,-0.49233843659150056f,-0.8699868003590694f,-0.02694125193130073f,0.22978329046512455f,0f,0f,0f,1f], start_interpolation: 0, interpolation_duration: 1 }
$data merge entity $(bone_rightthumb2) { transformation: [-0.6727091676888929f,-0.6215819234865168f,0.4013705122478718f,-0.03543400119711654f,0.3526001839701888f,-0.7462148685708492f,-0.5646560724795044f,4.399744815231934f,0.6504886516854125f,-0.23832600008935823f,0.7211554837272625f,0.9168065281137887f,0f,0f,0f,1f], start_interpolation: 0, interpolation_duration: 1 }
$data merge entity $(bone_rightthumb) { transformation: [-0.6727091676888929f,-0.6215819234865168f,0.4013705122478718f,-0.15357218551733615f,0.3526001839701888f,-0.7462148685708492f,-0.5646560724795044f,4.168487119012529f,0.6504886516854125f,-0.23832600008935823f,0.7211554837272625f,0.9199870087874968f,0f,0f,0f,1f], start_interpolation: 0, interpolation_duration: 1 }
$data merge entity $(bone_rightpointerfinger) { transformation: [-0.6727091676888929f,-0.6215819234865168f,0.4013705122478718f,-0.004378939327676523f,0.3526001839701888f,-0.7462148685708492f,-0.5646560724795044f,4.425436264486602f,0.6504886516854125f,-0.23832600008935823f,0.7211554837272625f,1.103139087144625f,0f,0f,0f,1f], start_interpolation: 0, interpolation_duration: 1 }
$data merge entity $(bone_rightmidfinger) { transformation: [-0.6727091676888929f,-0.6215819234865168f,0.4013705122478718f,0.05833520321105344f,0.3526001839701888f,-0.7462148685708492f,-0.5646560724795044f,4.337208753161679f,0.6504886516854125f,-0.23832600008935823f,0.7211554837272625f,1.2158196314770098f,0f,0f,0f,1f], start_interpolation: 0, interpolation_duration: 1 }
$data merge entity $(bone_rightringfinger) { transformation: [-0.6727091676888929f,-0.6215819234865168f,0.4013705122478718f,0.1210493457497834f,0.3526001839701888f,-0.7462148685708492f,-0.5646560724795044f,4.248981241836757f,0.6504886516854125f,-0.23832600008935823f,0.7211554837272625f,1.3285001758093946f,0f,0f,0f,1f], start_interpolation: 0, interpolation_duration: 1 }
$data merge entity $(bone_hugeasssword) { transformation: [-2.634777573448164f,-2.434529200322191f,1.5720345063041645f,0.10449333341634393f,1.3810173872165727f,-2.922674901902493f,-2.2115696172113926f,4.100797185248637f,2.547747219101199f,-0.9334435003499865f,2.824525644598445f,0.9833555601716827f,0f,0f,0f,1f], start_interpolation: 0, interpolation_duration: 1 }
$data merge entity $(bone_ice) { transformation: [-0.6727091676888929f,-0.6215819234865168f,0.4013705122478718f,0.1247166317159597f,0.3526001839701888f,-0.7462148685708492f,-0.5646560724795044f,4.106947414695521f,0.6504886516854125f,-0.23832600008935823f,0.7211554837272625f,0.9769155187404943f,0f,0f,0f,1f], start_interpolation: 0, interpolation_duration: 1 }
$data merge entity $(bone_righthand1) { transformation: [-0.6727091676888929f,-0.6215819234865168f,0.4013705122478718f,-0.18631331257014672f,0.3526001839701888f,-0.7462148685708492f,-0.5646560724795044f,3.990898241280372f,0.6504886516854125f,-0.23832600008935823f,0.7211554837272625f,1.1024922905059849f,0f,0f,0f,1f], start_interpolation: 0, interpolation_duration: 1 }
$data merge entity $(bone_rightforearm) { transformation: [-0.5535708711859815f,-0.8107676782896659f,-0.1903025549360241f,-0.7270080390446064f,0.6885313932750455f,-0.3170166113278808f,-0.6522461104651466f,3.716669483043761f,0.46849099356243545f,-0.49209373089176073f,0.7337301608683603f,0.7256555546427473f,0f,0f,0f,1f], start_interpolation: 0, interpolation_duration: 1 }
$data merge entity $(bone_rightelbow) { transformation: [-0.5535708711859815f,-0.8107676782896659f,-0.1903025549360241f,-0.8790269787239188f,0.6885313932750455f,-0.3170166113278808f,-0.6522461104651466f,3.6572288684197836f,0.46849099356243545f,-0.49209373089176073f,0.7337301608683603f,0.6333879801005422f,0f,0f,0f,1f], start_interpolation: 0, interpolation_duration: 1 }
$data merge entity $(bone_rightarm) { transformation: [-0.5822535303458682f,0.11622644848160332f,-0.8046565969860225f,-0.6454728980899519f,0.7173182139288216f,0.5392898216717606f,-0.4411587789075562f,3.7367234194895502f,0.3826687946066918f,-0.8340610894380542f,-0.39737475098409025f,0.2555411228378849f,0f,0f,0f,1f], start_interpolation: 0, interpolation_duration: 1 }
$data merge entity $(bone_chest1) { transformation: [-1.0753692550426577f,0.130877700195588f,0.007943803347533777f,0.0019739736458245782f,0.12851713087347405f,1.0390882361123965f,0.2781907542604358f,3.525371091166713f,0.025988910946033082f,0.27708802983069053f,-1.0469756020765224f,0.002237205922858587f,0f,0f,0f,1f], start_interpolation: 0, interpolation_duration: 1 }
$data merge entity $(bone_chest1lid) { transformation: [-0.9926485431162995f,0.1208101847959274f,0.007332741551569641f,-0.42238000553708416f,0.11863119772936068f,0.9591583717960583f,0.25679146547117154f,2.8098513047814095f,0.023989763950184387f,0.2557735659975605f,-0.9664390173014054f,0.2138059844638039f,0f,0f,0f,1f], start_interpolation: 0, interpolation_duration: 1 }
$data merge entity $(bone_chest2) { transformation: [-0.9926485431162995f,0.1208101847959274f,0.007332741551569641f,-0.4412565969114478f,0.11863119772936068f,0.9591583717960583f,0.25679146547117154f,2.6599828091882753f,0.023989763950184387f,0.2557735659975605f,-0.9664390173014054f,0.17384136477668505f,0f,0f,0f,1f], start_interpolation: 0, interpolation_duration: 1 }
$data merge entity $(bone_chest1lid3) { transformation: [-0.9926485431162995f,0.1208101847959274f,0.007332741551569641f,-0.35564193403584116f,0.11863119772936068f,0.9591583717960583f,0.25679146547117154f,2.9669438874907934f,0.023989763950184387f,0.2557735659975605f,-0.9664390173014054f,-0.40681837124179543f,0f,0f,0f,1f], start_interpolation: 0, interpolation_duration: 1 }
$data merge entity $(bone_chest3) { transformation: [-0.9926485431162995f,0.1208101847959274f,0.007332741551569641f,-0.3745185254102048f,0.11863119772936068f,0.9591583717960583f,0.25679146547117154f,2.817075391897659f,0.023989763950184387f,0.2557735659975605f,-0.9664390173014054f,-0.44678299092891427f,0f,0f,0f,1f], start_interpolation: 0, interpolation_duration: 1 }
$data merge entity $(bone_hugeasssword2) { transformation: [-0.028719904410315265f,3.1861121873352736f,-2.2777493441074856f,-1.0789017243893297f,-1.0057665730954217f,2.1954244808862065f,3.0836379046423734f,4.85247486247356f,3.7852194844305047f,0.6075181118427277f,0.8020679374270563f,0.0725287751858918f,0f,0f,0f,1f], start_interpolation: 0, interpolation_duration: 1 }
$data merge entity $(bone_belt) { transformation: [-0.9926485431162995f,0.1208101847959274f,0.007332741551569641f,-0.01531492943955537f,0.11863119772936068f,0.9591583717960583f,0.25679146547117154f,3.105895283146075f,0.023989763950184387f,0.2557735659975605f,-0.9664390173014054f,0.026095842689228058f,0f,0f,0f,1f], start_interpolation: 0, interpolation_duration: 1 }
$data merge entity $(bone_torn_part) { transformation: [-0.991954658435281f,0.12002284067007533f,-0.040255103105454784f,-0.17199482231425925f,0.09014664377311334f,0.8929549062178187f,0.4410273439118829f,2.8397697153798824f,0.08887934644780243f,0.4338502658510336f,-0.896590435257927f,-0.02903506856051069f,0f,0f,0f,1f], start_interpolation: 0, interpolation_duration: 1 }
$data merge entity $(bone_lowerbody) { transformation: [-0.991954658435281f,0.1023628746605518f,-0.07448353844825881f,-0.114631875f,0.09014664377311334f,0.9842457103679957f,0.15209853463673823f,2.32898875f,0.08887934644780243f,0.14416040896663623f,-0.9855547870420922f,0.030488124999999977f,0f,0f,0f,1f], start_interpolation: 0, interpolation_duration: 1 }
$data merge entity $(bone_leftfoot) { transformation: [-0.8860525057649297f,-0.05628575694090801f,-0.4601552679186435f,0.49526302745314565f,-0.1617261611225207f,0.9677717235600716f,0.19303507423818295f,0.35986009472760805f,0.43446013146923157f,0.24545835623004852f,-0.8665994400647745f,-0.19922316485125285f,0f,0f,0f,1f], start_interpolation: 0, interpolation_duration: 1 }
$data merge entity $(bone_leftlowerleg) { transformation: [-0.8860525057649297f,-0.05628575694090801f,-0.4601552679186435f,0.5035218595832283f,-0.1617261611225207f,0.9677717235600716f,0.19303507423818295f,1.4038228559238153f,0.43446013146923157f,0.24545835623004852f,-0.8665994400647745f,0.20623141168485953f,0f,0f,0f,1f], start_interpolation: 0, interpolation_duration: 1 }
$data merge entity $(bone_leftleg) { transformation: [-0.8965136400297378f,-0.35694176599769023f,-0.2624040185040621f,0.10708453909961793f,-0.2082390873599381f,0.8623285329040425f,-0.46154737983771693f,2.3056676333676567f,0.39102400915561436f,-0.3591407482116334f,-0.8474185195273102f,-0.14416492876245657f,0f,0f,0f,1f], start_interpolation: 0, interpolation_duration: 1 }
$data merge entity $(bone_rightfoot) { transformation: [-0.8264613442007354f,0.21981622324451308f,0.5183073166958304f,-0.9300507102094826f,0.3366243906570918f,0.9308746755390598f,0.14197308919225582f,0.6641325159480214f,-0.4512711669901537f,0.2918101547900087f,-0.8433274378346622f,0.15656083458864578f,0f,0f,0f,1f], start_interpolation: 0, interpolation_duration: 1 }
$data merge entity $(bone_rightlowerleg) { transformation: [-0.8264613442007354f,0.21981622324451308f,0.5183073166958304f,-0.7658277391634047f,0.3366243906570918f,0.9308746755390598f,0.14197308919225582f,1.675008065102041f,-0.4512711669901537f,0.2918101547900087f,-0.8433274378346622f,0.609861296324567f,0f,0f,0f,1f], start_interpolation: 0, interpolation_duration: 1 }
$data merge entity $(bone_rightleg) { transformation: [-0.9327280993876025f,0.35855996744559127f,0.0381187927170732f,-0.36947969807084696f,0.214169063178502f,0.6359428792619806f,-0.7414231360655165f,2.3356819481164495f,-0.2900860303255458f,-0.683382326418674f,-0.6699542454142431f,-0.09204573189068002f,0f,0f,0f,1f], start_interpolation: 0, interpolation_duration: 1 }
data modify entity @s data merge value {"locators":{"lefthand":{"posx":-0.30333870429569243,"posy":3.893127267232543,"posz":1.3391790042526859,"roty":152.30111309094076,"rotx":11.865835208746724},"righthand":{"posx":0.06509095054572983,"posy":4.160486040396639,"posz":1.0303546191541595,"roty":150.90118168519552,"rotx":-34.3784117777804},"chest":{"posx":-0.46209664992664673,"posy":2.7134874649933276,"posz":0.3495759131657442,"roty":0.43471659748712455,"rotx":14.879763864566348},"sack":{"posx":0,"posy":-0.4375,"posz":0,"roty":0,"rotx":0}},"cameras":{}}