# This file was generated by Animated Java via MC-Build. It is not recommended to edit this file directly.
$data merge entity $(mas) {transformation: [-0.501f,0.234f,0.8332f,-0.2756f,-0.2924f,0.8604f,-0.4174f,2.5616f,-0.8145f,-0.4528f,-0.3626f,0.1082f,0f,0f,0f,1f],start_interpolation: 0,interpolation_duration: 1}
$data merge entity $(head) {transformation: [-0.9999f,-0.0027f,0.0158f,0.0329f,-0.0027f,1f,0.0005f,2.375f,-0.0158f,0.0005f,-0.9999f,0.0005f,0f,0f,0f,1f],start_interpolation: 0,interpolation_duration: 1}
$data merge entity $(item_display) {transformation: [0f,0f,0f,0.0413f,0f,0f,0f,1.9235f,0f,0f,0f,0.1567f,0f,0f,0f,1f],start_interpolation: 0,interpolation_duration: 1}
$data merge entity $(right_arm) {transformation: [-0.9942f,-0.1062f,0.0159f,-0.2786f,-0.1062f,0.9943f,0.0005f,1.9991f,-0.0159f,-0.0012f,-0.9999f,-0.0046f,0f,0f,0f,1f],start_interpolation: 0,interpolation_duration: 1}
$data merge entity $(left_arm) {transformation: [-0.9942f,-0.1062f,0.0159f,0.4088f,-0.1062f,0.9943f,0.0005f,2.001f,-0.0159f,-0.0012f,-0.9999f,0.0063f,0f,0f,0f,1f],start_interpolation: 0,interpolation_duration: 1}
$data merge entity $(green_right_arm) {transformation: [-0.9917f,0.1259f,0.027f,-0.2209f,0.1278f,0.988f,0.087f,2.1869f,-0.0157f,0.0897f,-0.9958f,-0.1286f,0f,0f,0f,1f],start_interpolation: 0,interpolation_duration: 1}
$data merge entity $(green_left_arm) {transformation: [-0.991f,-0.1341f,0.0042f,0.3416f,-0.1332f,0.9873f,0.0869f,2.1884f,-0.0158f,0.0856f,-0.9962f,-0.1197f,0f,0f,0f,1f],start_interpolation: 0,interpolation_duration: 1}
$data merge entity $(torso) {transformation: [-0.9999f,-0.0027f,0.0159f,0.0358f,-0.0027f,1f,0.0005f,1.4813f,-0.0159f,0.0005f,-0.9999f,-0.0312f,0f,0f,0f,1f],start_interpolation: 0,interpolation_duration: 1}
$data merge entity $(right_leg) {transformation: [-0.9999f,-0.0027f,0.0159f,-0.0971f,-0.0027f,1f,0.0009f,1.5621f,-0.0159f,0.0008f,-0.9999f,0.0605f,0f,0f,0f,1f],start_interpolation: 0,interpolation_duration: 1}
$data merge entity $(left_leg) {transformation: [-0.9999f,-0.0027f,0.0159f,0.216f,-0.0027f,1f,0.0018f,1.313f,-0.0159f,0.0018f,-0.9999f,0.0653f,0f,0f,0f,1f],start_interpolation: 0,interpolation_duration: 1}
data modify entity @s data merge value {"cameras":{},"locators":{"locator":{"px":0.030134863985423532,"py":2.03225268735977,"pz":0.12528897732585909,"ry":0.9102676057513293,"rx":0.029855816956840538},"hitbox":{"px":0.03745498971193417,"py":0.6875,"pz":4.586913326281723e-18,"ry":0.9103286071914738,"rx":0.007385920014885348}}}
execute on vehicle unless entity @s[tag=aj.transforms_only] at @s run function animated_java:fine_print/animations/loop/zzz/frames/1_root_function