# This file was generated by Animated Java via MC-Build. It is not recommended to edit this file directly.
$data merge entity $(mas) {transformation: [-0.3502f,0.2568f,0.9008f,0.0562f,-0.2135f,0.9145f,-0.3437f,2.5262f,-0.912f,-0.3127f,-0.2655f,0.2322f,0f,0f,0f,1f],start_interpolation: 0,interpolation_duration: 1}
$data merge entity $(head) {transformation: [-0.9833f,-0.0555f,0.1732f,0.3873f,-0.0354f,0.9925f,0.1166f,2.3641f,-0.1783f,0.1085f,-0.978f,0.1564f,0f,0f,0f,1f],start_interpolation: 0,interpolation_duration: 1}
$data merge entity $(item_display) {transformation: [0f,0f,0f,0.3948f,0f,0f,0f,1.9069f,0f,0f,0f,0.2631f,0f,0f,0f,1f],start_interpolation: 0,interpolation_duration: 1}
$data merge entity $(right_arm) {transformation: [-0.9662f,-0.1831f,0.1815f,0.1012f,-0.1637f,0.9796f,0.1169f,1.9811f,-0.1992f,0.0832f,-0.9764f,0.0574f,0f,0f,0f,1f],start_interpolation: 0,interpolation_duration: 1}
$data merge entity $(left_arm) {transformation: [-0.9662f,-0.1831f,0.1815f,0.7762f,-0.1637f,0.9796f,0.1169f,2.0048f,-0.1992f,0.0832f,-0.9764f,0.1857f,0f,0f,0f,1f],start_interpolation: 0,interpolation_duration: 1}
$data merge entity $(green_right_arm) {transformation: [-0.9807f,0.0571f,0.1872f,0.1688f,0.0954f,0.9746f,0.2026f,2.1838f,-0.1709f,0.2165f,-0.9612f,-0.0338f,0f,0f,0f,1f],start_interpolation: 0,interpolation_duration: 1}
$data merge entity $(green_left_arm) {transformation: [-0.9662f,-0.1983f,0.1649f,0.721f,-0.1637f,0.9656f,0.2018f,2.2031f,-0.1992f,0.168f,-0.9654f,0.0712f,0f,0f,0f,1f],start_interpolation: 0,interpolation_duration: 1}
$data merge entity $(torso) {transformation: [-0.9818f,-0.0555f,0.1815f,0.4425f,-0.0344f,0.9925f,0.1169f,1.4806f,-0.1867f,0.1085f,-0.9764f,0.0289f,0f,0f,0f,1f],start_interpolation: 0,interpolation_duration: 1}
$data merge entity $(right_leg) {transformation: [-0.9818f,-0.0597f,0.1802f,0.2924f,-0.0344f,0.9895f,0.14f,1.5493f,-0.1867f,0.1313f,-0.9736f,0.1024f,0f,0f,0f,1f],start_interpolation: 0,interpolation_duration: 1}
$data merge entity $(left_leg) {transformation: [-0.9818f,-0.0579f,0.1808f,0.614f,-0.0344f,0.9909f,0.1304f,1.3121f,-0.1867f,0.1218f,-0.9748f,0.1292f,0f,0f,0f,1f],start_interpolation: 0,interpolation_duration: 1}
data modify entity @s data merge value {"cameras":{},"locators":{"locator":{"px":0.380479376932512,"py":2.0176511748248784,"pz":0.24171543245414298,"ry":10.532215496910993,"rx":6.712658909539919},"hitbox":{"px":0.47582304526748953,"py":0.6875,"pz":5.827151693473772e-17,"ry":10.600490456570043,"rx":4.751667886066163}}}