# This file was generated by Animated Java via MC-Build. It is not recommended to edit this file directly.
$data merge entity $(mas) {transformation: [-0.7128f,0.187f,0.676f,-0.7445f,-0.1082f,0.9229f,-0.3695f,2.5169f,-0.693f,-0.3365f,-0.6376f,0.506f,0f,0f,0f,1f],start_interpolation: 0,interpolation_duration: 1}
$data merge entity $(head) {transformation: [-0.9682f,0.0847f,-0.2355f,-0.4904f,0.0381f,0.9799f,0.1957f,2.3435f,0.2473f,0.1805f,-0.952f,0.2893f,0f,0f,0f,1f],start_interpolation: 0,interpolation_duration: 1}
$data merge entity $(item_display) {transformation: [0f,0f,0f,-0.4883f,0f,0f,0f,1.85f,0f,0f,0f,0.3514f,0f,0f,0f,1f],start_interpolation: 0,interpolation_duration: 1}
$data merge entity $(right_arm) {transformation: [-0.9685f,0.0472f,-0.2444f,-0.824f,-0.0017f,0.9806f,0.196f,1.9873f,0.2489f,0.1903f,-0.9497f,0.3017f,0f,0f,0f,1f],start_interpolation: 0,interpolation_duration: 1}
$data merge entity $(left_arm) {transformation: [-0.9685f,0.0472f,-0.2444f,-0.1599f,-0.0017f,0.9806f,0.196f,1.9624f,0.2489f,0.1903f,-0.9497f,0.1256f,0f,0f,0f,1f],start_interpolation: 0,interpolation_duration: 1}
$data merge entity $(green_right_arm) {transformation: [-0.9467f,0.2305f,-0.2251f,-0.7844f,0.1639f,0.946f,0.2795f,2.1935f,0.2774f,0.2277f,-0.9334f,0.2024f,0f,0f,0f,1f],start_interpolation: 0,interpolation_duration: 1}
$data merge entity $(green_left_arm) {transformation: [-0.9688f,-0.0207f,-0.2471f,-0.241f,-0.0919f,0.9555f,0.2804f,2.1731f,0.2303f,0.2943f,-0.9275f,0.0583f,0f,0f,0f,1f],start_interpolation: 0,interpolation_duration: 1}
$data merge entity $(torso) {transformation: [-0.966f,0.0847f,-0.2444f,-0.5737f,0.0363f,0.9799f,0.196f,1.4738f,0.2561f,0.1805f,-0.9497f,0.0983f,0f,0f,0f,1f],start_interpolation: 0,interpolation_duration: 1}
$data merge entity $(right_leg) {transformation: [-0.966f,0.0922f,-0.2417f,-0.671f,0.0363f,0.9734f,0.2261f,1.5419f,0.2561f,0.2097f,-0.9436f,0.2344f,0f,0f,0f,1f],start_interpolation: 0,interpolation_duration: 1}
$data merge entity $(left_leg) {transformation: [-0.966f,0.0822f,-0.2452f,-0.3897f,0.0363f,0.9819f,0.1861f,1.2852f,0.2561f,0.1708f,-0.9514f,0.1113f,0f,0f,0f,1f],start_interpolation: 0,interpolation_duration: 1}
data modify entity @s data merge value {"cameras":{},"locators":{"locator":{"px":-0.49081563795334937,"py":1.9633722905788815,"pz":0.3425814852684227,"ry":345.5687308334802,"rx":11.303968845061837},"hitbox":{"px":-0.6293402777777779,"py":0.6875,"pz":-7.707195567550618e-17,"ry":345.5255473271339,"rx":10.156529100748772}}}