# This file was generated by Animated Java via MC-Build. It is not recommended to edit this file directly.
$data merge entity $(mas) {transformation: [-0.6881f,0.1849f,0.7017f,-0.7119f,-0.146f,0.9119f,-0.3835f,2.5326f,-0.7108f,-0.3664f,-0.6005f,0.435f,0f,0f,0f,1f],start_interpolation: 0,interpolation_duration: 1}
$data merge entity $(head) {transformation: [-0.9762f,0.0648f,-0.207f,-0.4484f,0.0327f,0.9874f,0.1549f,2.3549f,0.2144f,0.1444f,-0.966f,0.2336f,0f,0f,0f,1f],start_interpolation: 0,interpolation_duration: 1}
$data merge entity $(item_display) {transformation: [0f,0f,0f,-0.4612f,0f,0f,0f,1.8214f,0f,0f,0f,0.3126f,0f,0f,0f,1f],start_interpolation: 0,interpolation_duration: 1}
$data merge entity $(right_arm) {transformation: [-0.9629f,0.1654f,-0.2131f,-0.7774f,0.1338f,0.9788f,0.1551f,1.9945f,0.2342f,0.1208f,-0.9647f,0.2483f,0f,0f,0f,1f],start_interpolation: 0,interpolation_duration: 1}
$data merge entity $(left_arm) {transformation: [-0.9629f,0.1654f,-0.2131f,-0.1071f,0.1338f,0.9788f,0.1551f,1.9727f,0.2342f,0.1208f,-0.9647f,0.0967f,0f,0f,0f,1f],start_interpolation: 0,interpolation_duration: 1}
$data merge entity $(green_right_arm) {transformation: [-0.9581f,0.2094f,-0.1956f,-0.737f,0.1604f,0.9576f,0.2394f,2.1973f,0.2374f,0.198f,-0.951f,0.1424f,0f,0f,0f,1f],start_interpolation: 0,interpolation_duration: 1}
$data merge entity $(green_left_arm) {transformation: [-0.975f,-0.0442f,-0.2178f,-0.1886f,-0.0974f,0.9658f,0.2402f,2.1794f,0.1997f,0.2554f,-0.946f,0.0184f,0f,0f,0f,1f],start_interpolation: 0,interpolation_duration: 1}
$data merge entity $(torso) {transformation: [-0.9749f,0.0648f,-0.2131f,-0.513f,0.0318f,0.9874f,0.1551f,1.4772f,0.2204f,0.1444f,-0.9647f,0.0744f,0f,0f,0f,1f],start_interpolation: 0,interpolation_duration: 1}
$data merge entity $(right_leg) {transformation: [-0.9749f,0.0694f,-0.2116f,-0.6159f,0.0318f,0.9838f,0.1762f,1.5485f,0.2204f,0.1651f,-0.9613f,0.2046f,0f,0f,0f,1f],start_interpolation: 0,interpolation_duration: 1}
$data merge entity $(left_leg) {transformation: [-0.9749f,0.0631f,-0.2136f,-0.3271f,0.0318f,0.9886f,0.147f,1.2915f,0.2204f,0.1365f,-0.9658f,0.101f,0f,0f,0f,1f],start_interpolation: 0,interpolation_duration: 1}
data modify entity @s data merge value {"cameras":{},"locators":{"locator":{"px":-0.44980873341918953,"py":1.933334032124847,"pz":0.29569163682040467,"ry":347.5440516551083,"rx":8.92060076580662},"hitbox":{"px":-0.5555555555555551,"py":0.6875,"pz":-6.803593328596402e-17,"ry":347.5196199930899,"rx":8.169035876481306}}}