# This file was generated by Animated Java via MC-Build. It is not recommended to edit this file directly.
$data merge entity $(mas) {transformation: [-0.5577f,0.2133f,0.8022f,-0.409f,-0.2732f,0.8654f,-0.4201f,2.5627f,-0.7838f,-0.4535f,-0.4243f,0.1589f,0f,0f,0f,1f],start_interpolation: 0,interpolation_duration: 1}
$data merge entity $(head) {transformation: [-0.9987f,0.0091f,-0.051f,-0.1106f,0.0082f,0.9998f,0.0173f,2.3747f,0.0512f,0.0169f,-0.9985f,0.0277f,0f,0f,0f,1f],start_interpolation: 0,interpolation_duration: 1}
$data merge entity $(item_display) {transformation: [0f,0f,0f,-0.0991f,0f,0f,0f,1.9126f,0f,0f,0f,0.1756f,0f,0f,0f,1f],start_interpolation: 0,interpolation_duration: 1}
$data merge entity $(right_arm) {transformation: [-0.9962f,-0.0698f,-0.0515f,-0.4261f,-0.0707f,0.9973f,0.0173f,2.0023f,0.0502f,0.0209f,-0.9985f,0.0376f,0f,0f,0f,1f],start_interpolation: 0,interpolation_duration: 1}
$data merge entity $(left_arm) {transformation: [-0.9962f,-0.0698f,-0.0515f,0.2605f,-0.0707f,0.9973f,0.0173f,1.9967f,0.0502f,0.0209f,-0.9985f,0.002f,0f,0f,0f,1f],start_interpolation: 0,interpolation_duration: 1}
$data merge entity $(green_right_arm) {transformation: [-0.9889f,0.1433f,-0.0392f,-0.3747f,0.1386f,0.9849f,0.1035f,2.1915f,0.0534f,0.097f,-0.9939f,-0.087f,0f,0f,0f,1f],start_interpolation: 0,interpolation_duration: 1}
$data merge entity $(green_left_arm) {transformation: [-0.9913f,-0.1164f,-0.0619f,0.1871f,-0.1224f,0.987f,0.1037f,2.1869f,0.049f,0.1104f,-0.9927f,-0.1161f,0f,0f,0f,1f],start_interpolation: 0,interpolation_duration: 1}
$data merge entity $(torso) {transformation: [-0.9986f,0.0091f,-0.0515f,-0.1203f,0.0082f,0.9998f,0.0173f,1.4816f,0.0517f,0.0169f,-0.9985f,-0.0185f,0f,0f,0f,1f],start_interpolation: 0,interpolation_duration: 1}
$data merge entity $(right_leg) {transformation: [-0.9986f,0.0091f,-0.0515f,-0.2458f,0.0082f,0.9998f,0.019f,1.5624f,0.0517f,0.0185f,-0.9985f,0.0832f,0f,0f,0f,1f],start_interpolation: 0,interpolation_duration: 1}
$data merge entity $(left_leg) {transformation: [-0.9986f,0.0089f,-0.0515f,0.064f,0.0082f,0.9999f,0.0151f,1.3099f,0.0517f,0.0147f,-0.9986f,0.0629f,0f,0f,0f,1f],start_interpolation: 0,interpolation_duration: 1}
data modify entity @s data merge value {"cameras":{},"locators":{"locator":{"px":-0.10832570028956928,"py":2.0222468279940164,"pz":0.14670243469412886,"ry":357.0468608874103,"rx":0.990994635194742},"hitbox":{"px":-0.12586805555555503,"py":0.6875,"pz":-1.541439113510117e-17,"ry":357.04645026413317,"rx":0.940794898079666}}}