# This file was generated by Animated Java via MC-Build. It is not recommended to edit this file directly.
$data merge entity $(mas) {transformation: [-0.2843f,0.2279f,0.9312f,0.0977f,-0.1096f,0.9572f,-0.2678f,2.4696f,-0.9525f,-0.1782f,-0.2472f,0.3788f,0f,0f,0f,1f],start_interpolation: 0,interpolation_duration: 1}
$data merge entity $(head) {transformation: [-0.968f,-0.1122f,0.2246f,0.4404f,-0.0545f,0.9671f,0.2484f,2.3329f,-0.2451f,0.2282f,-0.9423f,0.3051f,0f,0f,0f,1f],start_interpolation: 0,interpolation_duration: 1}
$data merge entity $(item_display) {transformation: [0f,0f,0f,0.4621f,0f,0f,0f,1.8578f,0f,0f,0f,0.351f,0f,0f,0f,1f],start_interpolation: 0,interpolation_duration: 1}
$data merge entity $(right_arm) {transformation: [-0.9462f,-0.2113f,0.2451f,0.1816f,-0.149f,0.9568f,0.2495f,1.9548f,-0.2872f,0.1996f,-0.9368f,0.1367f,0f,0f,0f,1f],start_interpolation: 0,interpolation_duration: 1}
$data merge entity $(left_arm) {transformation: [-0.9462f,-0.2113f,0.2451f,0.8436f,-0.149f,0.9568f,0.2495f,1.9887f,-0.2872f,0.1996f,-0.9368f,0.3189f,0f,0f,0f,1f],start_interpolation: 0,interpolation_duration: 1}
$data merge entity $(green_right_arm) {transformation: [-0.9694f,-0.007f,0.2454f,0.2454f,0.0775f,0.9398f,0.3327f,2.1701f,-0.233f,0.3415f,-0.9105f,0.0773f,0f,0f,0f,1f],start_interpolation: 0,interpolation_duration: 1}
$data merge entity $(green_left_arm) {transformation: [-0.9401f,-0.2574f,0.2235f,0.787f,-0.175f,0.927f,0.3316f,2.1978f,-0.2926f,0.2726f,-0.9166f,0.2264f,0f,0f,0f,1f],start_interpolation: 0,interpolation_duration: 1}
$data merge entity $(torso) {transformation: [-0.963f,-0.1122f,0.2451f,0.5484f,-0.0492f,0.9671f,0.2495f,1.4763f,-0.265f,0.2282f,-0.9368f,0.0718f,0f,0f,0f,1f],start_interpolation: 0,interpolation_duration: 1}
$data merge entity $(right_leg) {transformation: [-0.963f,-0.1214f,0.2407f,0.3911f,-0.0492f,0.957f,0.2858f,1.5364f,-0.265f,0.2634f,-0.9276f,0.1371f,0f,0f,0f,1f],start_interpolation: 0,interpolation_duration: 1}
$data merge entity $(left_leg) {transformation: [-0.963f,-0.1167f,0.243f,0.7228f,-0.0492f,0.9624f,0.2672f,1.3102f,-0.265f,0.2453f,-0.9325f,0.1527f,0f,0f,0f,1f],start_interpolation: 0,interpolation_duration: 1}
data modify entity @s data merge value {"cameras":{},"locators":{"locator":{"px":0.4466476684771309,"py":1.970221241438101,"pz":0.34355772550333263,"ry":14.660412541385881,"rx":14.449683092922365},"hitbox":{"px":0.6084824476558944,"py":0.6875,"pz":7.45176081859138e-17,"ry":14.97083980776327,"rx":8.402140086171316}}}