# This file was generated by Animated Java via MC-Build. It is not recommended to edit this file directly.
$data merge entity $(mas) {transformation: [-0.5148f,0.2208f,0.8284f,-0.3563f,-0.1144f,0.9399f,-0.3217f,2.5031f,-0.8496f,-0.2603f,-0.4586f,0.344f,0f,0f,0f,1f],start_interpolation: 0,interpolation_duration: 1}
$data merge entity $(head) {transformation: [-1f,-0.008f,-0.0032f,-0.049f,-0.0085f,0.9763f,0.2164f,2.347f,0.0014f,0.2164f,-0.9763f,0.1932f,0f,0f,0f,1f],start_interpolation: 0,interpolation_duration: 1}
$data merge entity $(item_display) {transformation: [0f,0f,0f,-0.0388f,0f,0f,0f,1.8725f,0f,0f,0f,0.2482f,0f,0f,0f,1f],start_interpolation: 0,interpolation_duration: 1}
$data merge entity $(right_arm) {transformation: [-0.9936f,-0.1114f,0.0194f,-0.3584f,-0.1046f,0.9707f,0.2166f,1.9798f,-0.043f,0.2131f,-0.9761f,0.1055f,0f,0f,0f,1f],start_interpolation: 0,interpolation_duration: 1}
$data merge entity $(left_arm) {transformation: [-0.9936f,-0.1114f,0.0194f,0.3289f,-0.1046f,0.9707f,0.2166f,1.9823f,-0.043f,0.2131f,-0.9761f,0.1198f,0f,0f,0f,1f],start_interpolation: 0,interpolation_duration: 1}
$data merge entity $(green_right_arm) {transformation: [-0.9923f,0.1205f,0.03f,-0.3012f,0.1239f,0.9458f,0.3001f,2.1901f,0.0077f,0.3015f,-0.9534f,0.0253f,0f,0f,0f,1f],start_interpolation: 0,interpolation_duration: 1}
$data merge entity $(green_left_arm) {transformation: [-0.9902f,-0.1395f,0.0073f,0.2611f,-0.131f,0.9449f,0.3001f,2.1921f,-0.0488f,0.2962f,-0.9539f,0.0369f,0f,0f,0f,1f],start_interpolation: 0,interpolation_duration: 1}
$data merge entity $(torso) {transformation: [-0.9998f,-0.008f,0.0194f,-0.0412f,-0.0036f,0.9763f,0.2166f,1.4813f,-0.0207f,0.2164f,-0.9761f,-0.0308f,0f,0f,0f,1f],start_interpolation: 0,interpolation_duration: 1}
$data merge entity $(right_leg) {transformation: [-0.9998f,-0.0069f,0.0198f,-0.1747f,-0.0036f,0.9866f,0.163f,1.562f,-0.0207f,0.1629f,-0.9864f,0.0603f,0f,0f,0f,1f],start_interpolation: 0,interpolation_duration: 1}
$data merge entity $(left_leg) {transformation: [-0.9998f,-0.0078f,0.0195f,0.1399f,-0.0036f,0.9781f,0.208f,1.3131f,-0.0207f,0.2079f,-0.9779f,0.0055f,0f,0f,0f,1f],start_interpolation: 0,interpolation_duration: 1}
data modify entity @s data merge value {"cameras":{},"locators":{"locator":{"px":-0.05034218357540854,"py":1.985430800503337,"pz":0.24097231061825303,"ry":1.1405228366727158,"rx":12.506925518899298},"hitbox":{"px":-0.0390625,"py":0.6875,"pz":-4.783776559169349e-18,"ry":1.1855606309247264,"rx":0.03743270913885027}}}