# This file was generated by Animated Java via MC-Build. It is not recommended to edit this file directly.
$data merge entity $(mas) {transformation: [-0.5936f,0.2174f,0.7748f,-0.5496f,-0.0504f,0.9509f,-0.3054f,2.4825f,-0.8031f,-0.2203f,-0.5536f,0.4598f,0f,0f,0f,1f],start_interpolation: 0,interpolation_duration: 1}
$data merge entity $(head) {transformation: [-0.9955f,0.0345f,-0.0885f,-0.2612f,0.0085f,0.9602f,0.2792f,2.3313f,0.0946f,0.2771f,-0.9562f,0.2713f,0f,0f,0f,1f],start_interpolation: 0,interpolation_duration: 1}
$data merge entity $(item_display) {transformation: [0f,0f,0f,-0.2846f,0f,0f,0f,1.7845f,0f,0f,0f,0.277f,0f,0f,0f,1f],start_interpolation: 0,interpolation_duration: 1}
$data merge entity $(right_arm) {transformation: [-0.9836f,0.1643f,-0.0741f,-0.5856f,0.1377f,0.9504f,0.279f,1.9751f,0.1163f,0.2642f,-0.9574f,0.1926f,0f,0f,0f,1f],start_interpolation: 0,interpolation_duration: 1}
$data merge entity $(left_arm) {transformation: [-0.9836f,0.1643f,-0.0741f,0.0996f,0.1377f,0.9504f,0.279f,1.9665f,0.1163f,0.2642f,-0.9574f,0.1371f,0f,0f,0f,1f],start_interpolation: 0,interpolation_duration: 1}
$data merge entity $(green_right_arm) {transformation: [-0.9836f,0.1702f,-0.0595f,-0.5323f,0.1377f,0.9224f,0.3608f,2.1893f,0.1163f,0.3467f,-0.9308f,0.1204f,0f,0f,0f,1f],start_interpolation: 0,interpolation_duration: 1}
$data merge entity $(green_left_arm) {transformation: [-0.9926f,-0.089f,-0.0822f,0.0283f,-0.1129f,0.9257f,0.3611f,2.1823f,0.0439f,0.3677f,-0.9289f,0.0749f,0f,0f,0f,1f],start_interpolation: 0,interpolation_duration: 1}
$data merge entity $(torso) {transformation: [-0.9967f,0.0345f,-0.0741f,-0.2944f,0.0125f,0.9602f,0.279f,1.4818f,0.0808f,0.2771f,-0.9574f,-0.0063f,0f,0f,0f,1f],start_interpolation: 0,interpolation_duration: 1}
$data merge entity $(right_leg) {transformation: [-0.9967f,0.0262f,-0.0774f,-0.4164f,0.0125f,0.9849f,0.1724f,1.5616f,0.0808f,0.1709f,-0.982f,0.1003f,0f,0f,0f,1f],start_interpolation: 0,interpolation_duration: 1}
$data merge entity $(left_leg) {transformation: [-0.9967f,0.0322f,-0.0751f,-0.1138f,0.0125f,0.9683f,0.2494f,1.3099f,0.0808f,0.2476f,-0.9655f,0.0049f,0f,0f,0f,1f],start_interpolation: 0,interpolation_duration: 1}
data modify entity @s data merge value {"cameras":{},"locators":{"locator":{"px":-0.26895841338472837,"py":1.897165858191098,"pz":0.27598276303625924,"ry":355.5744615547278,"rx":16.2004714393677},"hitbox":{"px":-0.303841175466545,"py":0.6875,"pz":-3.720981229842736e-17,"ry":355.3892979719926,"rx":1.8572385828646631}}}