# This file was generated by Animated Java via MC-Build. It is not recommended to edit this file directly.
$data merge entity $(mas) {transformation: [-0.6154f,0.2191f,0.7572f,-0.5833f,-0.0247f,0.9548f,-0.2964f,2.4716f,-0.7879f,-0.2011f,-0.5821f,0.5074f,0f,0f,0f,1f],start_interpolation: 0,interpolation_duration: 1}
$data merge entity $(head) {transformation: [-0.9925f,0.0497f,-0.1118f,-0.3013f,0.0134f,0.9523f,0.305f,2.3233f,0.1216f,0.3012f,-0.9458f,0.3073f,0f,0f,0f,1f],start_interpolation: 0,interpolation_duration: 1}
$data merge entity $(item_display) {transformation: [0f,0f,0f,-0.3242f,0f,0f,0f,1.7844f,0f,0f,0f,0.3013f,0f,0f,0f,1f],start_interpolation: 0,interpolation_duration: 1}
$data merge entity $(right_arm) {transformation: [-0.9832f,0.1523f,-0.1004f,-0.6304f,0.1153f,0.9454f,0.3048f,1.9714f,0.1414f,0.2881f,-0.9471f,0.229f,0f,0f,0f,1f],start_interpolation: 0,interpolation_duration: 1}
$data merge entity $(left_arm) {transformation: [-0.9832f,0.1523f,-0.1004f,0.0527f,0.1153f,0.9454f,0.3048f,1.9598f,0.1414f,0.2881f,-0.9471f,0.1528f,0f,0f,0f,1f],start_interpolation: 0,interpolation_duration: 1}
$data merge entity $(green_right_arm) {transformation: [-0.9787f,0.1871f,-0.0844f,-0.5778f,0.141f,0.9118f,0.3857f,2.1871f,0.1492f,0.3656f,-0.9187f,0.1609f,0f,0f,0f,1f],start_interpolation: 0,interpolation_duration: 1}
$data merge entity $(green_left_arm) {transformation: [-0.9917f,-0.0713f,-0.1071f,-0.0188f,-0.1076f,0.9162f,0.3861f,2.1776f,0.0705f,0.3944f,-0.9162f,0.0985f,0f,0f,0f,1f],start_interpolation: 0,interpolation_duration: 1}
$data merge entity $(torso) {transformation: [-0.9937f,0.0497f,-0.1004f,-0.3489f,0.0169f,0.9523f,0.3048f,1.4817f,0.1108f,0.3012f,-0.9471f,0.0085f,0f,0f,0f,1f],start_interpolation: 0,interpolation_duration: 1}
$data merge entity $(right_leg) {transformation: [-0.9937f,0.037f,-0.1058f,-0.4672f,0.0169f,0.9826f,0.185f,1.5602f,0.1108f,0.1821f,-0.977f,0.1202f,0f,0f,0f,1f],start_interpolation: 0,interpolation_duration: 1}
$data merge entity $(left_leg) {transformation: [-0.9937f,0.046f,-0.1022f,-0.1691f,0.0169f,0.9629f,0.2694f,1.3085f,0.1108f,0.266f,-0.9576f,0.0112f,0f,0f,0f,1f],start_interpolation: 0,interpolation_duration: 1}
data modify entity @s data merge value {"cameras":{},"locators":{"locator":{"px":-0.31063268336269495,"py":1.8972859268919855,"pz":0.303216764456218,"ry":353.9469499274512,"rx":17.74570909165331},"hitbox":{"px":-0.3632794720072824,"py":0.6875,"pz":-4.4488904258965885e-17,"ry":353.68809516723684,"rx":2.9822664110592565}}}