# This file was generated by Animated Java via MC-Build. It is not recommended to edit this file directly.
$data merge entity $(mas) {transformation: [-0.6714f,0.2345f,0.703f,-0.6438f,0.0585f,0.9624f,-0.2651f,2.4283f,-0.7388f,-0.1368f,-0.6599f,0.6545f,0f,0f,0f,1f],start_interpolation: 0,interpolation_duration: 1}
$data merge entity $(head) {transformation: [-0.9801f,0.1021f,-0.1703f,-0.382f,0.0286f,0.9215f,0.3874f,2.2904f,0.1965f,0.3748f,-0.9061f,0.4221f,0f,0f,0f,1f],start_interpolation: 0,interpolation_duration: 1}
$data merge entity $(item_display) {transformation: [0f,0f,0f,-0.392f,0f,0f,0f,1.8136f,0f,0f,0f,0.3926f,0f,0f,0f,1f],start_interpolation: 0,interpolation_duration: 1}
$data merge entity $(right_arm) {transformation: [-0.9854f,0.0001f,-0.1703f,-0.7265f,-0.0669f,0.9195f,0.3874f,1.9538f,0.1566f,0.3931f,-0.9061f,0.343f,0f,0f,0f,1f],start_interpolation: 0,interpolation_duration: 1}
$data merge entity $(left_arm) {transformation: [-0.9854f,0.0001f,-0.1703f,-0.0527f,-0.0669f,0.9195f,0.3874f,1.9341f,0.1566f,0.3931f,-0.9061f,0.2079f,0f,0f,0f,1f],start_interpolation: 0,interpolation_duration: 1}
$data merge entity $(green_right_arm) {transformation: [-0.9584f,0.2431f,-0.1497f,-0.6736f,0.1487f,0.8726f,0.4652f,2.1734f,0.2437f,0.4236f,-0.8725f,0.2889f,0f,0f,0f,1f],start_interpolation: 0,interpolation_duration: 1}
$data merge entity $(green_left_arm) {transformation: [-0.985f,-0.0118f,-0.172f,-0.1223f,-0.0919f,0.8801f,0.4658f,2.1573f,0.1459f,0.4747f,-0.868f,0.1784f,0f,0f,0f,1f],start_interpolation: 0,interpolation_duration: 1}
$data merge entity $(torso) {transformation: [-0.9801f,0.1021f,-0.1703f,-0.4785f,0.0286f,0.9215f,0.3874f,1.4789f,0.1965f,0.3748f,-0.9061f,0.0588f,0f,0f,0f,1f],start_interpolation: 0,interpolation_duration: 1}
$data merge entity $(right_leg) {transformation: [-0.9801f,0.0726f,-0.1848f,-0.585f,0.0286f,0.9728f,0.2301f,1.552f,0.1965f,0.2202f,-0.9555f,0.1851f,0f,0f,0f,1f],start_interpolation: 0,interpolation_duration: 1}
$data merge entity $(left_leg) {transformation: [-0.9801f,0.0925f,-0.1757f,-0.3034f,0.0286f,0.9414f,0.3361f,1.3024f,0.1965f,0.3243f,-0.9253f,0.0354f,0f,0f,0f,1f],start_interpolation: 0,interpolation_duration: 1}
data modify entity @s data merge value {"cameras":{},"locators":{"locator":{"px":-0.39730166777435877,"py":1.9262510032659197,"pz":0.40727955925182385,"ry":349.35364314116134,"rx":22.791126228822478},"hitbox":{"px":-0.5134309569867999,"py":0.6875,"pz":-6.287715780570468e-17,"ry":348.8629752181526,"rx":6.913143181903305}}}