# This file was generated by Animated Java via MC-Build. It is not recommended to edit this file directly.
$data merge entity $(mas) {transformation: [-0.5019f,0.3806f,0.7767f,-0.6933f,0.1648f,0.9236f,-0.346f,2.4241f,-0.8491f,-0.0456f,-0.5263f,0.6937f,0f,0f,0f,1f],start_interpolation: 0,interpolation_duration: 1}
$data merge entity $(head) {transformation: [-0.9872f,0.1473f,0.0608f,-0.4118f,0.1591f,0.8911f,0.425f,2.2561f,0.0084f,0.4292f,-0.9032f,0.509f,0f,0f,0f,1f],start_interpolation: 0,interpolation_duration: 1}
$data merge entity $(item_display) {transformation: [0f,0f,0f,-0.4442f,0f,0f,0f,1.7645f,0f,0f,0f,0.4406f,0f,0f,0f,1f],start_interpolation: 0,interpolation_duration: 1}
$data merge entity $(right_arm) {transformation: [-0.971f,0.1097f,-0.2126f,-0.7689f,0.0018f,0.8919f,0.4523f,1.9333f,0.2393f,0.4388f,-0.8661f,0.4281f,0f,0f,0f,1f],start_interpolation: 0,interpolation_duration: 1}
$data merge entity $(left_arm) {transformation: [-0.971f,0.1097f,-0.2126f,-0.1048f,0.0018f,0.8919f,0.4523f,1.9083f,0.2393f,0.4388f,-0.8661f,0.252f,0f,0f,0f,1f],start_interpolation: 0,interpolation_duration: 1}
$data merge entity $(green_right_arm) {transformation: [-0.9385f,0.2896f,-0.1881f,-0.7135f,0.1523f,0.836f,0.5272f,2.1549f,0.3099f,0.4661f,-0.8287f,0.3859f,0f,0f,0f,1f],start_interpolation: 0,interpolation_duration: 1}
$data merge entity $(green_left_arm) {transformation: [-0.9769f,0.0384f,-0.2101f,-0.1701f,-0.0803f,0.8454f,0.528f,2.1344f,0.1979f,0.5327f,-0.8228f,0.2418f,0f,0f,0f,1f],start_interpolation: 0,interpolation_duration: 1}
$data merge entity $(torso) {transformation: [-0.966f,0.1473f,-0.2126f,-0.55f,0.0363f,0.8911f,0.4523f,1.4738f,0.2561f,0.4292f,-0.8661f,0.0983f,0f,0f,0f,1f],start_interpolation: 0,interpolation_duration: 1}
$data merge entity $(right_leg) {transformation: [-0.966f,0.1009f,-0.2381f,-0.6473f,0.0363f,0.9645f,0.2614f,1.5419f,0.2561f,0.2439f,-0.9354f,0.2344f,0f,0f,0f,1f],start_interpolation: 0,interpolation_duration: 1}
$data merge entity $(left_leg) {transformation: [-0.966f,0.1317f,-0.2226f,-0.3803f,0.0363f,0.9212f,0.3875f,1.2954f,0.2561f,0.3662f,-0.8946f,0.0562f,0f,0f,0f,1f],start_interpolation: 0,interpolation_duration: 1}
data modify entity @s data merge value {"cameras":{},"locators":{"locator":{"px":-0.4388636091638574,"py":1.8761810134308012,"pz":0.46157287801594893,"ry":346.20833937845,"rx":26.89217736318792},"hitbox":{"px":-0.6056554392353211,"py":0.6875,"pz":-7.417139950457202e-17,"ry":345.5255473271339,"rx":10.156529100748763}}}