# This file was generated by Animated Java via MC-Build. It is not recommended to edit this file directly.
$data merge entity $(mas) {transformation: [-0.3907f,0.4374f,0.81f,-0.7035f,0.1842f,0.8993f,-0.3968f,2.4373f,-0.9019f,-0.0058f,-0.4319f,0.6681f,0f,0f,0f,1f],start_interpolation: 0,interpolation_duration: 1}
$data merge entity $(head) {transformation: [-0.9705f,0.1497f,0.1889f,-0.4131f,0.2166f,0.8858f,0.4104f,2.251f,-0.1059f,0.4392f,-0.8921f,0.5178f,0f,0f,0f,1f],start_interpolation: 0,interpolation_duration: 1}
$data merge entity $(item_display) {transformation: [0f,0f,0f,-0.4699f,0f,0f,0f,1.722f,0f,0f,0f,0.429f,0f,0f,0f,1f],start_interpolation: 0,interpolation_duration: 1}
$data merge entity $(right_arm) {transformation: [-0.9453f,0.2489f,-0.2109f,-0.7711f,0.1278f,0.8773f,0.4626f,1.9302f,0.3002f,0.4103f,-0.8611f,0.4331f,0f,0f,0f,1f],start_interpolation: 0,interpolation_duration: 1}
$data merge entity $(left_arm) {transformation: [-0.9453f,0.2489f,-0.2109f,-0.107f,0.1278f,0.8773f,0.4626f,1.9052f,0.3002f,0.4103f,-0.8611f,0.2571f,0f,0f,0f,1f],start_interpolation: 0,interpolation_duration: 1}
$data merge entity $(green_right_arm) {transformation: [-0.9382f,0.2919f,-0.1862f,-0.715f,0.1516f,0.8299f,0.537f,2.1521f,0.3112f,0.4755f,-0.8228f,0.3934f,0f,0f,0f,1f],start_interpolation: 0,interpolation_duration: 1}
$data merge entity $(green_left_arm) {transformation: [-0.9773f,0.0407f,-0.2081f,-0.1717f,-0.0796f,0.8393f,0.5378f,2.1317f,0.1966f,0.5421f,-0.817f,0.2494f,0f,0f,0f,1f],start_interpolation: 0,interpolation_duration: 1}
$data merge entity $(torso) {transformation: [-0.966f,0.1497f,-0.2109f,-0.5535f,0.0363f,0.8858f,0.4626f,1.4738f,0.2561f,0.4392f,-0.8611f,0.0983f,0f,0f,0f,1f],start_interpolation: 0,interpolation_duration: 1}
$data merge entity $(right_leg) {transformation: [-0.966f,0.0932f,-0.2413f,-0.6507f,0.0363f,0.9724f,0.2304f,1.5419f,0.2561f,0.2138f,-0.9427f,0.2344f,0f,0f,0f,1f],start_interpolation: 0,interpolation_duration: 1}
$data merge entity $(left_leg) {transformation: [-0.966f,0.1305f,-0.2233f,-0.3832f,0.0363f,0.9233f,0.3824f,1.295f,0.2561f,0.3613f,-0.8966f,0.0583f,0f,0f,0f,1f],start_interpolation: 0,interpolation_duration: 1}
data modify entity @s data merge value {"cameras":{},"locators":{"locator":{"px":-0.4492980429769245,"py":1.8324443147774028,"pz":0.4469445884495341,"ry":346.2387952548227,"rx":27.55496341941791},"hitbox":{"px":-0.6090740740740742,"py":0.6875,"pz":-7.459006152584529e-17,"ry":345.5255473271339,"rx":10.156529100748772}}}