# This file was generated by Animated Java via MC-Build. It is not recommended to edit this file directly.
$data merge entity $(mas) {transformation: [-0.3936f,0.3457f,0.8518f,-0.6496f,0.0475f,0.933f,-0.3566f,2.48f,-0.9181f,-0.0999f,-0.3837f,0.4724f,0f,0f,0f,1f],start_interpolation: 0,interpolation_duration: 1}
$data merge entity $(head) {transformation: [-0.9856f,0.0541f,0.1604f,-0.3399f,0.1053f,0.9378f,0.3307f,2.309f,-0.1325f,0.3428f,-0.93f,0.3441f,0f,0f,0f,1f],start_interpolation: 0,interpolation_duration: 1}
$data merge entity $(item_display) {transformation: [0f,0f,0f,-0.3461f,0f,0f,0f,1.812f,0f,0f,0f,0.3275f,0f,0f,0f,1f],start_interpolation: 0,interpolation_duration: 1}
$data merge entity $(right_arm) {transformation: [-0.9951f,0.0156f,-0.0981f,-0.6707f,-0.0195f,0.9378f,0.3467f,1.9626f,0.0974f,0.3469f,-0.9328f,0.2502f,0f,0f,0f,1f],start_interpolation: 0,interpolation_duration: 1}
$data merge entity $(left_arm) {transformation: [-0.9951f,0.0156f,-0.0981f,0.0125f,-0.0195f,0.9378f,0.3467f,1.951f,0.0974f,0.3469f,-0.9328f,0.174f,0f,0f,0f,1f],start_interpolation: 0,interpolation_duration: 1}
$data merge entity $(green_right_arm) {transformation: [-0.9781f,0.1912f,-0.0818f,-0.6169f,0.1391f,0.8939f,0.4262f,2.1809f,0.1546f,0.4055f,-0.9009f,0.1916f,0f,0f,0f,1f],start_interpolation: 0,interpolation_duration: 1}
$data merge entity $(green_left_arm) {transformation: [-0.9923f,-0.0672f,-0.1044f,-0.058f,-0.1057f,0.8983f,0.4266f,2.1714f,0.0651f,0.4343f,-0.8984f,0.1293f,0f,0f,0f,1f],start_interpolation: 0,interpolation_duration: 1}
$data merge entity $(torso) {transformation: [-0.9937f,0.0541f,-0.0981f,-0.3913f,0.0169f,0.9378f,0.3467f,1.4817f,0.1108f,0.3428f,-0.9328f,0.0085f,0f,0f,0f,1f],start_interpolation: 0,interpolation_duration: 1}
$data merge entity $(right_leg) {transformation: [-0.9937f,0.0243f,-0.1094f,-0.5096f,0.0169f,0.9975f,0.0681f,1.5602f,0.1108f,0.0658f,-0.9917f,0.1202f,0f,0f,0f,1f],start_interpolation: 0,interpolation_duration: 1}
$data merge entity $(left_leg) {transformation: [-0.9937f,0.0439f,-0.1031f,-0.2106f,0.0169f,0.9681f,0.2502f,1.3081f,0.1108f,0.2468f,-0.9627f,0.0195f,0f,0f,0f,1f],start_interpolation: 0,interpolation_duration: 1}
data modify entity @s data merge value {"cameras":{},"locators":{"locator":{"px":-0.34747376015468284,"py":1.9253831554704224,"pz":0.33631961158515716,"ry":353.99483014190855,"rx":20.28314722392479},"hitbox":{"px":-0.40574074074074085,"py":0.6875,"pz":-4.9688909943182434e-17,"ry":353.68809516723684,"rx":2.9822664110592525}}}