# This file was generated by Animated Java via MC-Build. It is not recommended to edit this file directly.
$data merge entity $(mas) {transformation: [-0.732f,0.0822f,0.6763f,-0.4436f,-0.1016f,0.9684f,-0.2277f,2.4503f,-0.6737f,-0.2354f,-0.7005f,0.5007f,0f,0f,0f,1f],start_interpolation: 0,interpolation_duration: 1}
$data merge entity $(head) {transformation: [-0.9543f,0f,-0.2988f,-0.185f,-0.0861f,0.9576f,0.275f,2.3281f,0.2861f,0.2882f,-0.9138f,0.2562f,0f,0f,0f,1f],start_interpolation: 0,interpolation_duration: 1}
$data merge entity $(item_display) {transformation: [0f,0f,0f,-0.198f,0f,0f,0f,1.7888f,0f,0f,0f,0.2571f,0f,0f,0f,1f],start_interpolation: 0,interpolation_duration: 1}
$data merge entity $(right_arm) {transformation: [-0.9946f,0.1035f,0f,-0.4975f,0.0991f,0.9524f,0.2882f,1.969f,0.0298f,0.2866f,-0.9576f,0.1482f,0f,0f,0f,1f],start_interpolation: 0,interpolation_duration: 1}
$data merge entity $(left_arm) {transformation: [-0.9946f,0.1035f,0f,0.19f,0.0991f,0.9524f,0.2882f,1.969f,0.0298f,0.2866f,-0.9576f,0.1482f,0f,0f,0f,1f],start_interpolation: 0,interpolation_duration: 1}
$data merge entity $(green_right_arm) {transformation: [-0.9914f,0.13f,0.0114f,-0.4413f,0.125f,0.9207f,0.3698f,2.1846f,0.0376f,0.3681f,-0.929f,0.0825f,0f,0f,0f,1f],start_interpolation: 0,interpolation_duration: 1}
$data merge entity $(green_left_arm) {transformation: [-0.9914f,-0.13f,-0.0114f,0.1212f,-0.125f,0.9207f,0.3698f,2.1846f,-0.0376f,0.3681f,-0.929f,0.0825f,0f,0f,0f,1f],start_interpolation: 0,interpolation_duration: 1}
$data merge entity $(torso) {transformation: [-1f,0f,0f,-0.185f,0f,0.9576f,0.2882f,1.4813f,0f,0.2882f,-0.9576f,-0.0313f,0f,0f,0f,1f],start_interpolation: 0,interpolation_duration: 1}
$data merge entity $(right_leg) {transformation: [-1f,0f,0f,-0.3163f,0f,1f,0.002f,1.5625f,0f,0.002f,-1f,0.0625f,0f,0f,0f,1f],start_interpolation: 0,interpolation_duration: 1}
$data merge entity $(left_leg) {transformation: [-1f,0f,0f,-0.0038f,0f,0.9823f,0.1872f,1.3125f,0f,0.1872f,-0.9823f,0.0121f,0f,0f,0f,1f],start_interpolation: 0,interpolation_duration: 1}
data modify entity @s data merge value {"cameras":{},"locators":{"locator":{"px":-0.18667787125267787,"py":1.9020018130031722,"pz":0.25853782428721206,"ry":0,"rx":16.748046875},"hitbox":{"px":-0.1850000000000005,"py":0.6875,"pz":-2.2655965784226095e-17,"ry":0,"rx":0}}}