# This file was generated by Animated Java via MC-Build. It is not recommended to edit this file directly.
$data merge entity $(mas) {transformation: [-0.7808f,0.0132f,0.6247f,-0.2709f,-0.1426f,0.9696f,-0.1987f,2.44f,-0.6084f,-0.2442f,-0.7552f,0.5242f,0f,0f,0f,1f],start_interpolation: 0,interpolation_duration: 1}
$data merge entity $(head) {transformation: [-0.9209f,-0.0234f,-0.389f,-0.0283f,-0.1314f,0.9584f,0.2534f,2.3291f,0.3669f,0.2845f,-0.8857f,0.2588f,0f,0f,0f,1f],start_interpolation: 0,interpolation_duration: 1}
$data merge entity $(item_display) {transformation: [0f,0f,0f,-0.0154f,0f,0f,0f,1.8519f,0f,0f,0f,0.2805f,0f,0f,0f,1f],start_interpolation: 0,interpolation_duration: 1}
$data merge entity $(right_arm) {transformation: [-0.9908f,-0.1266f,0.0468f,-0.3316f,-0.1082f,0.9523f,0.2853f,1.9669f,-0.0807f,0.2776f,-0.9573f,0.1361f,0f,0f,0f,1f],start_interpolation: 0,interpolation_duration: 1}
$data merge entity $(left_arm) {transformation: [-0.9908f,-0.1266f,0.0468f,0.355f,-0.1082f,0.9523f,0.2853f,1.9731f,-0.0807f,0.2776f,-0.9573f,0.1715f,0f,0f,0f,1f],start_interpolation: 0,interpolation_duration: 1}
$data merge entity $(green_right_arm) {transformation: [-0.9931f,0.1027f,0.0559f,-0.2739f,0.1161f,0.9229f,0.3671f,2.1827f,-0.0139f,0.3711f,-0.9285f,0.0726f,0f,0f,0f,1f],start_interpolation: 0,interpolation_duration: 1}
$data merge entity $(green_left_arm) {transformation: [-0.987f,-0.157f,0.0332f,0.2878f,-0.1341f,0.9205f,0.3669f,2.1878f,-0.0882f,0.3577f,-0.9297f,0.1016f,0f,0f,0f,1f],start_interpolation: 0,interpolation_duration: 1}
$data merge entity $(torso) {transformation: [-0.9986f,-0.0234f,0.0468f,-0.0059f,-0.0091f,0.9584f,0.2853f,1.4814f,-0.0515f,0.2845f,-0.9573f,-0.0253f,0f,0f,0f,1f],start_interpolation: 0,interpolation_duration: 1}
$data merge entity $(right_leg) {transformation: [-0.9986f,-0.0095f,0.0514f,-0.1426f,-0.0091f,0.9999f,0.0086f,1.5608f,-0.0515f,0.0082f,-0.9986f,0.0621f,0f,0f,0f,1f],start_interpolation: 0,interpolation_duration: 1}
$data merge entity $(left_leg) {transformation: [-0.9986f,-0.0184f,0.049f,0.1743f,-0.0091f,0.9827f,0.1849f,1.314f,-0.0515f,0.1842f,-0.9815f,0.0291f,0f,0f,0f,1f],start_interpolation: 0,interpolation_duration: 1}
data modify entity @s data merge value {"cameras":{},"locators":{"locator":{"px":-0.027782547715868022,"py":1.965003942305592,"pz":0.2809375965580541,"ry":2.7980279329745485,"rx":16.577390156718614},"hitbox":{"px":0,"py":0.6875,"pz":0,"ry":2.948744015529485,"rx":0.4512697928945116}}}