# This file was generated by Animated Java via MC-Build. It is not recommended to edit this file directly.
$data merge entity $(mas) {transformation: [-0.7756f,0.0076f,0.6311f,-0.2224f,-0.147f,0.9703f,-0.1923f,2.4369f,-0.6138f,-0.2419f,-0.7515f,0.5298f,0f,0f,0f,1f],start_interpolation: 0,interpolation_duration: 1}
$data merge entity $(head) {transformation: [-0.9223f,-0.0324f,-0.385f,0.0228f,-0.139f,0.9575f,0.2525f,2.3284f,0.3605f,0.2865f,-0.8877f,0.2658f,0f,0f,0f,1f],start_interpolation: 0,interpolation_duration: 1}
$data merge entity $(item_display) {transformation: [0f,0f,0f,0.0387f,0f,0f,0f,1.8597f,0f,0f,0f,0.2891f,0f,0f,0f,1f],start_interpolation: 0,interpolation_duration: 1}
$data merge entity $(right_arm) {transformation: [-0.9847f,-0.1623f,0.0641f,-0.2767f,-0.1375f,0.9477f,0.288f,1.9654f,-0.1075f,0.2748f,-0.9555f,0.1363f,0f,0f,0f,1f],start_interpolation: 0,interpolation_duration: 1}
$data merge entity $(left_arm) {transformation: [-0.9847f,-0.1623f,0.0641f,0.409f,-0.1375f,0.9477f,0.288f,1.974f,-0.1075f,0.2748f,-0.9555f,0.1849f,0f,0f,0f,1f],start_interpolation: 0,interpolation_duration: 1}
$data merge entity $(green_right_arm) {transformation: [-0.9931f,0.0921f,0.0724f,-0.2187f,0.1125f,0.9223f,0.3698f,2.1816f,-0.0327f,0.3754f,-0.9263f,0.0746f,0f,0f,0f,1f],start_interpolation: 0,interpolation_duration: 1}
$data merge entity $(green_left_arm) {transformation: [-0.9847f,-0.1673f,0.0497f,0.3424f,-0.1375f,0.919f,0.3695f,2.1887f,-0.1075f,0.357f,-0.9279f,0.1143f,0f,0f,0f,1f],start_interpolation: 0,interpolation_duration: 1}
$data merge entity $(torso) {transformation: [-0.9974f,-0.0324f,0.0641f,0.0538f,-0.0126f,0.9575f,0.288f,1.4816f,-0.0707f,0.2865f,-0.9555f,-0.0201f,0f,0f,0f,1f],start_interpolation: 0,interpolation_duration: 1}
$data merge entity $(right_leg) {transformation: [-0.9974f,-0.0138f,0.0704f,-0.0848f,-0.0126f,0.9998f,0.0179f,1.5597f,-0.0707f,0.0169f,-0.9974f,0.0653f,0f,0f,0f,1f],start_interpolation: 0,interpolation_duration: 1}
$data merge entity $(left_leg) {transformation: [-0.9974f,-0.0257f,0.0671f,0.2335f,-0.0126f,0.982f,0.1883f,1.3144f,-0.0707f,0.187f,-0.9798f,0.0377f,0f,0f,0f,1f],start_interpolation: 0,interpolation_duration: 1}
data modify entity @s data merge value {"cameras":{},"locators":{"locator":{"px":0.022998387314102642,"py":1.9723114567815854,"pz":0.28934278684592607,"ry":3.8361689706262894,"rx":16.739297880473654},"hitbox":{"px":0.062407407407407134,"py":0.6875,"pz":7.642703172456597e-18,"ry":4.042470119597823,"rx":0.8555874697598653}}}