# This file was generated by Animated Java via MC-Build. It is not recommended to edit this file directly.
$data merge entity $(mas) {transformation: [-0.6898f,0.0236f,0.7236f,-0.0299f,-0.137f,0.9772f,-0.1625f,2.4163f,-0.7109f,-0.2112f,-0.6708f,0.5578f,0f,0f,0f,1f],start_interpolation: 0,interpolation_duration: 1}
$data merge entity $(head) {transformation: [-0.9583f,-0.0825f,-0.2738f,0.2482f,-0.1601f,0.948f,0.275f,2.3185f,0.2369f,0.3073f,-0.9217f,0.3239f,0f,0f,0f,1f],start_interpolation: 0,interpolation_duration: 1}
$data merge entity $(item_display) {transformation: [0f,0f,0f,0.2512f,0f,0f,0f,1.7715f,0f,0f,0f,0.3063f,0f,0f,0f,1f],start_interpolation: 0,interpolation_duration: 1}
$data merge entity $(right_arm) {transformation: [-0.9875f,0.0468f,0.1503f,-0.0288f,0.093f,0.944f,0.3167f,1.9533f,-0.1271f,0.3267f,-0.9365f,0.156f,0f,0f,0f,1f],start_interpolation: 0,interpolation_duration: 1}
$data merge entity $(left_arm) {transformation: [-0.9875f,0.0468f,0.1503f,0.6486f,0.093f,0.944f,0.3167f,1.9746f,-0.1271f,0.3267f,-0.9365f,0.2719f,0f,0f,0f,1f],start_interpolation: 0,interpolation_duration: 1}
$data merge entity $(green_right_arm) {transformation: [-0.9875f,0.0336f,0.1538f,0.03f,0.093f,0.9128f,0.3978f,2.1724f,-0.1271f,0.4071f,-0.9045f,0.106f,0f,0f,0f,1f],start_interpolation: 0,interpolation_duration: 1}
$data merge entity $(green_left_arm) {transformation: [-0.966f,-0.2226f,0.1314f,0.5842f,-0.1545f,0.9047f,0.397f,2.1898f,-0.2073f,0.3632f,-0.9083f,0.2009f,0f,0f,0f,1f],start_interpolation: 0,interpolation_duration: 1}
$data merge entity $(torso) {transformation: [-0.9852f,-0.0825f,0.1503f,0.3266f,-0.031f,0.948f,0.3167f,1.4811f,-0.1686f,0.3073f,-0.9365f,0.02f,0f,0f,0f,1f],start_interpolation: 0,interpolation_duration: 1}
$data merge entity $(right_leg) {transformation: [-0.9852f,-0.0475f,0.1647f,0.1783f,-0.031f,0.9944f,0.1011f,1.5515f,-0.1686f,0.0945f,-0.9811f,0.0952f,0f,0f,0f,1f],start_interpolation: 0,interpolation_duration: 1}
$data merge entity $(left_leg) {transformation: [-0.9852f,-0.0677f,0.1575f,0.5035f,-0.031f,0.9739f,0.2248f,1.3148f,-0.1686f,0.2166f,-0.9616f,0.0919f,0f,0f,0f,1f],start_interpolation: 0,interpolation_duration: 1}
data modify entity @s data merge value {"cameras":{},"locators":{"locator":{"px":0.2610564285360397,"py":1.8846579951322446,"pz":0.31274412857039513,"ry":9.118717829243195,"rx":18.462624499590703},"hitbox":{"px":0.35499999999999965,"py":0.6875,"pz":4.3474961369731e-17,"ry":9.587587970643398,"rx":4.018167266431686}}}