# This file was generated by Animated Java via MC-Build. It is not recommended to edit this file directly.
$data merge entity $(mas) {transformation: [-0.6386f,0.0402f,0.7685f,0.0238f,-0.1237f,0.9803f,-0.1541f,2.4078f,-0.7596f,-0.1935f,-0.621f,0.5642f,0f,0f,0f,1f],start_interpolation: 0,interpolation_duration: 1}
$data merge entity $(head) {transformation: [-0.9728f,-0.102f,-0.208f,0.3175f,-0.161f,0.9433f,0.2902f,2.3128f,0.1666f,0.3158f,-0.9341f,0.3489f,0f,0f,0f,1f],start_interpolation: 0,interpolation_duration: 1}
$data merge entity $(item_display) {transformation: [0f,0f,0f,0.3356f,0f,0f,0f,1.7929f,0f,0f,0f,0.336f,0f,0f,0f,1f],start_interpolation: 0,interpolation_duration: 1}
$data merge entity $(right_arm) {transformation: [-0.9816f,-0.064f,0.1801f,0.05f,-0.0011f,0.9441f,0.3297f,1.9473f,-0.1912f,0.3235f,-0.9267f,0.1668f,0f,0f,0f,1f],start_interpolation: 0,interpolation_duration: 1}
$data merge entity $(left_arm) {transformation: [-0.9816f,-0.064f,0.1801f,0.7226f,-0.0011f,0.9441f,0.3297f,1.9732f,-0.1912f,0.3235f,-0.9267f,0.3068f,0f,0f,0f,1f],start_interpolation: 0,interpolation_duration: 1}
$data merge entity $(green_right_arm) {transformation: [-0.9833f,0.0108f,0.1818f,0.1084f,0.0858f,0.9079f,0.4104f,2.1675f,-0.1606f,0.4192f,-0.8936f,0.1217f,0f,0f,0f,1f],start_interpolation: 0,interpolation_duration: 1}
$data merge entity $(green_left_arm) {transformation: [-0.9567f,-0.2437f,0.1595f,0.6587f,-0.1604f,0.8981f,0.4096f,2.1887f,-0.243f,0.3662f,-0.8982f,0.2361f,0f,0f,0f,1f],start_interpolation: 0,interpolation_duration: 1}
$data merge entity $(torso) {transformation: [-0.9783f,-0.102f,0.1801f,0.4143f,-0.0376f,0.9433f,0.3297f,1.48f,-0.2035f,0.3158f,-0.9267f,0.0377f,0f,0f,0f,1f],start_interpolation: 0,interpolation_duration: 1}
$data merge entity $(right_leg) {transformation: [-0.9783f,-0.0657f,0.1963f,0.2626f,-0.0376f,0.989f,0.1433f,1.547f,-0.2035f,0.1328f,-0.97f,0.1093f,0f,0f,0f,1f],start_interpolation: 0,interpolation_duration: 1}
$data merge entity $(left_leg) {transformation: [-0.9783f,-0.0852f,0.1886f,0.59f,-0.0376f,0.9694f,0.2428f,1.3137f,-0.2035f,0.2304f,-0.9516f,0.114f,0f,0f,0f,1f],start_interpolation: 0,interpolation_duration: 1}
data modify entity @s data merge value {"cameras":{},"locators":{"locator":{"px":0.3342145424607534,"py":1.9064459458037673,"pz":0.34240996813261454,"ry":10.999190609964558,"rx":19.252639431262725},"hitbox":{"px":0.45259259259259266,"py":0.6875,"pz":5.5426606983632066e-17,"ry":11.546170162064783,"rx":5.474237628396258}}}