# This file was generated by Animated Java via MC-Build. It is not recommended to edit this file directly.
$data merge entity $(mas) {transformation: [-0.2562f,0.2194f,0.9414f,0.0881f,-0.0328f,0.9714f,-0.2353f,2.4351f,-0.9661f,-0.0911f,-0.2417f,0.4477f,0f,0f,0f,1f],start_interpolation: 0,interpolation_duration: 1}
$data merge entity $(head) {transformation: [-0.9599f,-0.1321f,0.2471f,0.4346f,-0.0451f,0.9433f,0.329f,2.3091f,-0.2765f,0.3047f,-0.9114f,0.3728f,0f,0f,0f,1f],start_interpolation: 0,interpolation_duration: 1}
$data merge entity $(item_display) {transformation: [0f,0f,0f,0.4508f,0f,0f,0f,1.7625f,0f,0f,0f,0.3515f,0f,0f,0f,1f],start_interpolation: 0,interpolation_duration: 1}
$data merge entity $(right_arm) {transformation: [-0.972f,-0.0052f,0.235f,0.1832f,0.0743f,0.9416f,0.3284f,1.94f,-0.223f,0.3367f,-0.9148f,0.1757f,0f,0f,0f,1f],start_interpolation: 0,interpolation_duration: 1}
$data merge entity $(left_arm) {transformation: [-0.972f,-0.0052f,0.235f,0.8452f,0.0743f,0.9416f,0.3284f,1.9738f,-0.223f,0.3367f,-0.9148f,0.3579f,0f,0f,0f,1f],start_interpolation: 0,interpolation_duration: 1}
$data merge entity $(green_right_arm) {transformation: [-0.972f,-0.0257f,0.2336f,0.242f,0.0743f,0.9094f,0.4092f,2.1607f,-0.223f,0.4151f,-0.882f,0.1334f,0f,0f,0f,1f],start_interpolation: 0,interpolation_duration: 1}
$data merge entity $(green_left_arm) {transformation: [-0.9375f,-0.2761f,0.2117f,0.7836f,-0.1719f,0.8966f,0.4081f,2.1884f,-0.3025f,0.3462f,-0.888f,0.2824f,0f,0f,0f,1f],start_interpolation: 0,interpolation_duration: 1}
$data merge entity $(torso) {transformation: [-0.963f,-0.1321f,0.235f,0.56f,-0.0492f,0.9433f,0.3284f,1.4763f,-0.265f,0.3047f,-0.9148f,0.0718f,0f,0f,0f,1f],start_interpolation: 0,interpolation_duration: 1}
$data merge entity $(right_leg) {transformation: [-0.963f,-0.1172f,0.2427f,0.4026f,-0.0492f,0.9618f,0.2694f,1.5364f,-0.265f,0.2475f,-0.9319f,0.1371f,0f,0f,0f,1f],start_interpolation: 0,interpolation_duration: 1}
$data merge entity $(left_leg) {transformation: [-0.963f,-0.1169f,0.2429f,0.7324f,-0.0492f,0.9622f,0.2679f,1.309f,-0.265f,0.2461f,-0.9323f,0.1603f,0f,0f,0f,1f],start_interpolation: 0,interpolation_duration: 1}
data modify entity @s data merge value {"cameras":{},"locators":{"locator":{"px":0.45755440379286133,"py":1.8757168493166314,"pz":0.3597086248640846,"ry":14.406313236567883,"rx":19.17233484235344},"hitbox":{"px":0.6200394003186164,"py":0.6875,"pz":7.593292669454379e-17,"ry":14.97083980776327,"rx":8.402140086171316}}}