# This file was generated by Animated Java via MC-Build. It is not recommended to edit this file directly.
$data merge entity $(mas) {transformation: [-0.3158f,0.2482f,0.9158f,0.0212f,-0.1064f,0.9498f,-0.2941f,2.4871f,-0.9429f,-0.1903f,-0.2735f,0.3466f,0f,0f,0f,1f],start_interpolation: 0,interpolation_duration: 1}
$data merge entity $(head) {transformation: [-0.976f,-0.0792f,0.2026f,0.3577f,-0.0294f,0.9709f,0.2377f,2.3408f,-0.2156f,0.2261f,-0.95f,0.2634f,0f,0f,0f,1f],start_interpolation: 0,interpolation_duration: 1}
$data merge entity $(item_display) {transformation: [0f,0f,0f,0.3763f,0f,0f,0f,1.8744f,0f,0f,0f,0.3147f,0f,0f,0f,1f],start_interpolation: 0,interpolation_duration: 1}
$data merge entity $(right_arm) {transformation: [-0.9621f,-0.2065f,0.178f,0.0809f,-0.1618f,0.958f,0.2369f,1.9657f,-0.2195f,0.1991f,-0.9551f,0.1187f,0f,0f,0f,1f],start_interpolation: 0,interpolation_duration: 1}
$data merge entity $(left_arm) {transformation: [-0.9621f,-0.2065f,0.178f,0.7552f,-0.1618f,0.958f,0.2369f,1.99f,-0.2195f,0.1991f,-0.9551f,0.2504f,0f,0f,0f,1f],start_interpolation: 0,interpolation_duration: 1}
$data merge entity $(green_right_arm) {transformation: [-0.9828f,0.0338f,0.1817f,0.1435f,0.0916f,0.9429f,0.3203f,2.1793f,-0.1605f,0.3314f,-0.9297f,0.0525f,0f,0f,0f,1f],start_interpolation: 0,interpolation_duration: 1}
$data merge entity $(green_left_arm) {transformation: [-0.9621f,-0.2213f,0.1594f,0.6952f,-0.1618f,0.9337f,0.3195f,2.1992f,-0.2195f,0.2816f,-0.9341f,0.1603f,0f,0f,0f,1f],start_interpolation: 0,interpolation_duration: 1}
$data merge entity $(torso) {transformation: [-0.9808f,-0.0792f,0.178f,0.4341f,-0.0354f,0.9709f,0.2369f,1.4805f,-0.1916f,0.2261f,-0.9551f,0.0315f,0f,0f,0f,1f],start_interpolation: 0,interpolation_duration: 1}
$data merge entity $(right_leg) {transformation: [-0.9808f,-0.0811f,0.1772f,0.2835f,-0.0354f,0.9683f,0.2473f,1.5486f,-0.1916f,0.2363f,-0.9526f,0.1044f,0f,0f,0f,1f],start_interpolation: 0,interpolation_duration: 1}
$data merge entity $(left_leg) {transformation: [-0.9808f,-0.0707f,0.1816f,0.6072f,-0.0354f,0.981f,0.1908f,1.3128f,-0.1916f,0.1807f,-0.9647f,0.1223f,0f,0f,0f,1f],start_interpolation: 0,interpolation_duration: 1}
data modify entity @s data merge value {"cameras":{},"locators":{"locator":{"px":0.3593170889313784,"py":1.986617281749612,"pz":0.30667487228240053,"ry":10.559540745263519,"rx":13.704456661103588},"hitbox":{"px":0.4688211197086939,"py":0.6875,"pz":5.7414028362393e-17,"ry":10.878175154372968,"rx":4.960095654670685}}}