# This file was generated by Animated Java via MC-Build. It is not recommended to edit this file directly.
$data merge entity $(mas) {transformation: [-0.3827f,0.2559f,0.8877f,-0.0801f,-0.159f,0.9283f,-0.3361f,2.5176f,-0.9101f,-0.2698f,-0.3146f,0.2718f,0f,0f,0f,1f],start_interpolation: 0,interpolation_duration: 1}
$data merge entity $(head) {transformation: [-0.9891f,-0.0412f,0.1416f,0.2465f,-0.0168f,0.9854f,0.1697f,2.3571f,-0.1466f,0.1655f,-0.9753f,0.1759f,0f,0f,0f,1f],start_interpolation: 0,interpolation_duration: 1}
$data merge entity $(item_display) {transformation: [0f,0f,0f,0.2448f,0f,0f,0f,1.8414f,0f,0f,0f,0.2462f,0f,0f,0f,1f],start_interpolation: 0,interpolation_duration: 1}
$data merge entity $(right_arm) {transformation: [-0.9935f,-0.0028f,0.1135f,-0.0483f,0.0166f,0.9854f,0.1692f,1.9808f,-0.1123f,0.1699f,-0.979f,0.0768f,0f,0f,0f,1f],start_interpolation: 0,interpolation_duration: 1}
$data merge entity $(left_arm) {transformation: [-0.9935f,-0.0028f,0.1135f,0.6342f,0.0166f,0.9854f,0.1692f,1.9956f,-0.1123f,0.1699f,-0.979f,0.1584f,0f,0f,0f,1f],start_interpolation: 0,interpolation_duration: 1}
$data merge entity $(green_right_arm) {transformation: [-0.9896f,0.0784f,0.1208f,0.014f,0.1072f,0.9613f,0.2539f,2.1879f,-0.0962f,0.2642f,-0.9597f,-0.0079f,0f,0f,0f,1f],start_interpolation: 0,interpolation_duration: 1}
$data merge entity $(green_left_arm) {transformation: [-0.9788f,-0.1797f,0.0982f,0.5724f,-0.15f,0.9557f,0.2534f,2.2001f,-0.1394f,0.2333f,-0.9624f,0.0589f,0f,0f,0f,1f],start_interpolation: 0,interpolation_duration: 1}
$data merge entity $(torso) {transformation: [-0.9927f,-0.0412f,0.1135f,0.2869f,-0.0216f,0.9854f,0.1692f,1.4817f,-0.1188f,0.1655f,-0.979f,-0.0025f,0f,0f,0f,1f],start_interpolation: 0,interpolation_duration: 1}
$data merge entity $(right_leg) {transformation: [-0.9927f,-0.046f,0.1117f,0.1434f,-0.0216f,0.9773f,0.2108f,1.5564f,-0.1188f,0.2069f,-0.9711f,0.0778f,0f,0f,0f,1f],start_interpolation: 0,interpolation_duration: 1}
$data merge entity $(left_leg) {transformation: [-0.9927f,-0.0367f,0.115f,0.4624f,-0.0216f,0.9913f,0.1302f,1.3141f,-0.1188f,0.1268f,-0.9848f,0.0866f,0f,0f,0f,1f],start_interpolation: 0,interpolation_duration: 1}
data modify entity @s data merge value {"cameras":{},"locators":{"locator":{"px":0.2479970930658268,"py":1.9544671967843386,"pz":0.2342354499782366,"ry":6.613464936566771,"rx":9.738816947764393},"hitbox":{"px":0.3038411754665451,"py":0.6875,"pz":3.720981229842738e-17,"ry":6.777997375776209,"rx":2.217458040560801}}}