# This file was generated by Animated Java via MC-Build. It is not recommended to edit this file directly.
$data merge entity $(mas) {transformation: [-0.4064f,0.2554f,0.8773f,-0.1242f,-0.1743f,0.9208f,-0.3488f,2.5255f,-0.8969f,-0.2947f,-0.3297f,0.25f,0f,0f,0f,1f],start_interpolation: 0,interpolation_duration: 1}
$data merge entity $(head) {transformation: [-0.9925f,-0.0304f,0.1184f,0.1988f,-0.0125f,0.9887f,0.1492f,2.3607f,-0.1216f,0.1466f,-0.9817f,0.1493f,0f,0f,0f,1f],start_interpolation: 0,interpolation_duration: 1}
$data merge entity $(item_display) {transformation: [0f,0f,0f,0.1875f,0f,0f,0f,1.8269f,0f,0f,0f,0.2263f,0f,0f,0f,1f],start_interpolation: 0,interpolation_duration: 1}
$data merge entity $(right_arm) {transformation: [-0.9933f,0.0728f,0.0897f,-0.1009f,0.0856f,0.9852f,0.1488f,1.9847f,-0.0775f,0.1554f,-0.9848f,0.0652f,0f,0f,0f,1f],start_interpolation: 0,interpolation_duration: 1}
$data merge entity $(left_arm) {transformation: [-0.9933f,0.0728f,0.0897f,0.5835f,0.0856f,0.9852f,0.1488f,1.9962f,-0.0775f,0.1554f,-0.9848f,0.1293f,0f,0f,0f,1f],start_interpolation: 0,interpolation_duration: 1}
$data merge entity $(green_right_arm) {transformation: [-0.991f,0.0916f,0.098f,-0.0394f,0.1124f,0.9658f,0.2338f,2.1896f,-0.0733f,0.2427f,-0.9673f,-0.0252f,0f,0f,0f,1f],start_interpolation: 0,interpolation_duration: 1}
$data merge entity $(green_left_arm) {transformation: [-0.983f,-0.1673f,0.0754f,0.5205f,-0.1457f,0.9614f,0.2334f,2.1991f,-0.1115f,0.2185f,-0.9694f,0.0272f,0f,0f,0f,1f],start_interpolation: 0,interpolation_duration: 1}
$data merge entity $(torso) {transformation: [-0.9955f,-0.0304f,0.0897f,0.2287f,-0.0168f,0.9887f,0.1488f,1.4817f,-0.0932f,0.1466f,-0.9848f,-0.0125f,0f,0f,0f,1f],start_interpolation: 0,interpolation_duration: 1}
$data merge entity $(right_leg) {transformation: [-0.9955f,-0.0349f,0.0881f,0.0878f,-0.0168f,0.98f,0.1983f,1.5583f,-0.0932f,0.1959f,-0.9762f,0.0705f,0f,0f,0f,1f],start_interpolation: 0,interpolation_duration: 1}
$data merge entity $(left_leg) {transformation: [-0.9955f,-0.0271f,0.0908f,0.4054f,-0.0168f,0.9936f,0.112f,1.3141f,-0.0932f,0.11f,-0.9896f,0.0755f,0f,0f,0f,1f],start_interpolation: 0,interpolation_duration: 1}
data modify entity @s data merge value {"cameras":{},"locators":{"locator":{"px":0.19826235238239673,"py":1.9393282428209426,"pz":0.2125161844492984,"ry":5.203953101101263,"rx":8.55537357539142},"hitbox":{"px":0.24095357305416482,"py":0.6875,"pz":2.950830219839009e-17,"ry":5.3245128078798984,"rx":1.4384656358827226}}}