# This file was generated by Animated Java via MC-Build. It is not recommended to edit this file directly.
$data merge entity $(mas) {transformation: [-0.452f,0.2503f,0.8562f,-0.2255f,-0.1984f,0.9075f,-0.3701f,2.5374f,-0.8697f,-0.3372f,-0.3606f,0.2175f,0f,0f,0f,1f],start_interpolation: 0,interpolation_duration: 1}
$data merge entity $(head) {transformation: [-0.9974f,-0.0126f,0.0713f,0.0904f,-0.0043f,0.9933f,0.1156f,2.3655f,-0.0723f,0.115f,-0.9907f,0.1067f,0f,0f,0f,1f],start_interpolation: 0,interpolation_duration: 1}
$data merge entity $(item_display) {transformation: [0f,0f,0f,0.0773f,0f,0f,0f,1.8347f,0f,0f,0f,0.2018f,0f,0f,0f,1f],start_interpolation: 0,interpolation_duration: 1}
$data merge entity $(right_arm) {transformation: [-0.995f,0.0909f,0.0424f,-0.2171f,0.0952f,0.9887f,0.1155f,1.9907f,-0.0314f,0.1189f,-0.9924f,0.0499f,0f,0f,0f,1f],start_interpolation: 0,interpolation_duration: 1}
$data merge entity $(left_arm) {transformation: [-0.995f,0.0909f,0.0424f,0.4697f,0.0952f,0.9887f,0.1155f,1.9959f,-0.0314f,0.1189f,-0.9924f,0.0798f,0f,0f,0f,1f],start_interpolation: 0,interpolation_duration: 1}
$data merge entity $(green_right_arm) {transformation: [-0.9921f,0.1138f,0.0525f,-0.158f,0.1221f,0.972f,0.2009f,2.1918f,-0.0281f,0.2058f,-0.9782f,-0.0501f,0f,0f,0f,1f],start_interpolation: 0,interpolation_duration: 1}
$data merge entity $(green_left_arm) {transformation: [-0.9888f,-0.146f,0.0297f,0.404f,-0.1372f,0.97f,0.2008f,2.1961f,-0.0582f,0.1944f,-0.9792f,-0.0256f,0f,0f,0f,1f],start_interpolation: 0,interpolation_duration: 1}
$data merge entity $(torso) {transformation: [-0.999f,-0.0126f,0.0424f,0.1029f,-0.0076f,0.9933f,0.1155f,1.4814f,-0.0435f,0.115f,-0.9924f,-0.0272f,0f,0f,0f,1f],start_interpolation: 0,interpolation_duration: 1}
$data merge entity $(right_leg) {transformation: [-0.999f,-0.0152f,0.0415f,-0.0329f,-0.0076f,0.9843f,0.1765f,1.5611f,-0.0435f,0.176f,-0.9834f,0.0612f,0f,0f,0f,1f],start_interpolation: 0,interpolation_duration: 1}
$data merge entity $(left_leg) {transformation: [-0.999f,-0.0112f,0.0427f,0.282f,-0.0076f,0.9965f,0.0829f,1.3136f,-0.0435f,0.0825f,-0.9956f,0.0573f,0f,0f,0f,1f],start_interpolation: 0,interpolation_duration: 1}
data modify entity @s data merge value {"cameras":{},"locators":{"locator":{"px":0.0885190707631934,"py":1.946474649821013,"pz":0.1837840017929261,"ry":2.4440528132867314,"rx":6.630309733591742},"hitbox":{"px":0.10781747837960909,"py":0.6875,"pz":1.3203832978972723e-17,"ry":2.492464753723823,"rx":0.3125927377046353}}}