# This file was generated by Animated Java via MC-Build. It is not recommended to edit this file directly.
$data merge entity $(mas) {transformation: [-0.4916f,0.242f,0.8365f,-0.3395f,-0.2109f,0.8989f,-0.384f,2.5444f,-0.8449f,-0.3652f,-0.3909f,0.2075f,0f,0f,0f,1f],start_interpolation: 0,interpolation_duration: 1}
$data merge entity $(head) {transformation: [-0.9996f,0f,0.0283f,-0.0302f,0.0027f,0.9953f,0.0965f,2.3678f,-0.0281f,0.0965f,-0.9949f,0.0861f,0f,0f,0f,1f],start_interpolation: 0,interpolation_duration: 1}
$data merge entity $(item_display) {transformation: [0f,0f,0f,-0.0262f,0f,0f,0f,1.8828f,0f,0f,0f,0.1961f,0f,0f,0f,1f],start_interpolation: 0,interpolation_duration: 1}
$data merge entity $(right_arm) {transformation: [-0.9992f,-0.0387f,0f,-0.3427f,-0.0386f,0.9946f,0.0965f,1.9946f,-0.0037f,0.0964f,-0.9953f,0.0499f,0f,0f,0f,1f],start_interpolation: 0,interpolation_duration: 1}
$data merge entity $(left_arm) {transformation: [-0.9992f,-0.0387f,0f,0.3448f,-0.0386f,0.9946f,0.0965f,1.9946f,-0.0037f,0.0964f,-0.9953f,0.0499f,0f,0f,0f,1f],start_interpolation: 0,interpolation_duration: 1}
$data merge entity $(green_right_arm) {transformation: [-0.9914f,0.13f,0.0114f,-0.2864f,0.1299f,0.9747f,0.1821f,2.1933f,0.0126f,0.182f,-0.9832f,-0.0564f,0f,0f,0f,1f],start_interpolation: 0,interpolation_duration: 1}
$data merge entity $(green_left_arm) {transformation: [-0.9914f,-0.13f,-0.0114f,0.2761f,-0.1299f,0.9747f,0.1821f,2.1933f,-0.0126f,0.182f,-0.9832f,-0.0564f,0f,0f,0f,1f],start_interpolation: 0,interpolation_duration: 1}
$data merge entity $(torso) {transformation: [-1f,0f,0f,-0.0302f,0f,0.9953f,0.0965f,1.4813f,0f,0.0965f,-0.9953f,-0.0313f,0f,0f,0f,1f],start_interpolation: 0,interpolation_duration: 1}
$data merge entity $(right_leg) {transformation: [-1f,0f,0f,-0.1614f,0f,0.9864f,0.1641f,1.5625f,0f,0.1641f,-0.9864f,0.0625f,0f,0f,0f,1f],start_interpolation: 0,interpolation_duration: 1}
$data merge entity $(left_leg) {transformation: [-1f,0f,0f,0.1511f,0f,0.9977f,0.0678f,1.3125f,0f,0.0678f,-0.9977f,0.0484f,0f,0f,0f,1f],start_interpolation: 0,interpolation_duration: 1}
data modify entity @s data merge value {"cameras":{},"locators":{"locator":{"px":-0.03038930159265185,"py":1.994551545414564,"pz":0.1754933702623861,"ry":0,"rx":5.537109374999994},"hitbox":{"px":-0.030154756486117984,"py":0.6875,"pz":-3.6928926009792276e-18,"ry":0,"rx":0}}}