# This file was generated by Animated Java via MC-Build. It is not recommended to edit this file directly.
$data merge entity $(mas) {transformation: [-0.6381f,0.2052f,0.7421f,-0.6127f,-0.1481f,0.9131f,-0.3799f,2.5344f,-0.7556f,-0.3523f,-0.5523f,0.3893f,0f,0f,0f,1f],start_interpolation: 0,interpolation_duration: 1}
$data merge entity $(head) {transformation: [-0.9885f,0.0508f,-0.1422f,-0.3355f,0.0284f,0.9875f,0.1551f,2.358f,0.1483f,0.1492f,-0.9776f,0.2059f,0f,0f,0f,1f],start_interpolation: 0,interpolation_duration: 1}
$data merge entity $(item_display) {transformation: [0f,0f,0f,-0.3489f,0f,0f,0f,1.8243f,0f,0f,0f,0.2833f,0f,0f,0f,1f],start_interpolation: 0,interpolation_duration: 1}
$data merge entity $(right_arm) {transformation: [-0.9746f,0.1525f,-0.1637f,-0.6624f,0.1271f,0.9796f,0.1557f,1.9955f,0.1841f,0.1309f,-0.9741f,0.203f,0f,0f,0f,1f],start_interpolation: 0,interpolation_duration: 1}
$data merge entity $(left_arm) {transformation: [-0.9746f,0.1525f,-0.1637f,0.015f,0.1271f,0.9796f,0.1557f,1.9783f,0.1841f,0.1309f,-0.9741f,0.0863f,0f,0f,0f,1f],start_interpolation: 0,interpolation_duration: 1}
$data merge entity $(green_right_arm) {transformation: [-0.9701f,0.1925f,-0.1475f,-0.6179f,0.1537f,0.9585f,0.2401f,2.1987f,0.1876f,0.2103f,-0.9595f,0.0996f,0f,0f,0f,1f],start_interpolation: 0,interpolation_duration: 1}
$data merge entity $(green_left_arm) {transformation: [-0.9834f,-0.0637f,-0.1699f,-0.0637f,-0.1041f,0.965f,0.2407f,2.1846f,0.1487f,0.2544f,-0.9556f,0.0042f,0f,0f,0f,1f],start_interpolation: 0,interpolation_duration: 1}
$data merge entity $(torso) {transformation: [-0.9852f,0.0508f,-0.1637f,-0.386f,0.025f,0.9875f,0.1557f,1.4803f,0.1696f,0.1492f,-0.9741f,0.0421f,0f,0f,0f,1f],start_interpolation: 0,interpolation_duration: 1}
$data merge entity $(right_leg) {transformation: [-0.9852f,0.0613f,-0.1601f,-0.4963f,0.025f,0.9754f,0.2192f,1.5553f,0.1696f,0.212f,-0.9624f,0.1638f,0f,0f,0f,1f],start_interpolation: 0,interpolation_duration: 1}
$data merge entity $(left_leg) {transformation: [-0.9852f,0.0476f,-0.1647f,-0.2001f,0.025f,0.9903f,0.1365f,1.2995f,0.1696f,0.1304f,-0.9768f,0.0796f,0f,0f,0f,1f],start_interpolation: 0,interpolation_duration: 1}
data modify entity @s data merge value {"cameras":{},"locators":{"locator":{"px":-0.33732313094875394,"py":1.936325553260014,"pz":0.26717630149747235,"ry":350.458315981684,"rx":8.954533550409055},"hitbox":{"px":-0.41334774692762855,"py":0.6875,"pz":-5.062049952096905e-17,"ry":350.37244640773724,"rx":5.58143253238821}}}