# This file was generated by Animated Java via MC-Build. It is not recommended to edit this file directly.
$data merge entity $(mas) {transformation: [-0.6797f,0.1984f,0.7061f,-0.6618f,-0.1159f,0.9216f,-0.3705f,2.5221f,-0.7243f,-0.3336f,-0.6034f,0.4668f,0f,0f,0f,1f],start_interpolation: 0,interpolation_duration: 1}
$data merge entity $(head) {transformation: [-0.9787f,0.0722f,-0.1923f,-0.3973f,0.0353f,0.9814f,0.1885f,2.3485f,0.2023f,0.1777f,-0.9631f,0.2631f,0f,0f,0f,1f],start_interpolation: 0,interpolation_duration: 1}
$data merge entity $(item_display) {transformation: [0f,0f,0f,-0.4143f,0f,0f,0f,1.8128f,0f,0f,0f,0.3241f,0f,0f,0f,1f],start_interpolation: 0,interpolation_duration: 1}
$data merge entity $(right_arm) {transformation: [-0.9622f,0.1727f,-0.2107f,-0.729f,0.1332f,0.9729f,0.1891f,1.9904f,0.2377f,0.1539f,-0.9591f,0.2654f,0f,0f,0f,1f],start_interpolation: 0,interpolation_duration: 1}
$data merge entity $(left_arm) {transformation: [-0.9622f,0.1727f,-0.2107f,-0.0588f,0.1332f,0.9729f,0.1891f,1.9685f,0.2377f,0.1539f,-0.9591f,0.1138f,0f,0f,0f,1f],start_interpolation: 0,interpolation_duration: 1}
$data merge entity $(green_right_arm) {transformation: [-0.9571f,0.2164f,-0.1926f,-0.687f,0.1596f,0.9487f,0.2729f,2.1962f,0.2418f,0.2304f,-0.9426f,0.1664f,0f,0f,0f,1f],start_interpolation: 0,interpolation_duration: 1}
$data merge entity $(green_left_arm) {transformation: [-0.976f,-0.0371f,-0.2148f,-0.1386f,-0.0966f,0.957f,0.2736f,2.1784f,0.1954f,0.2877f,-0.9376f,0.0424f,0f,0f,0f,1f],start_interpolation: 0,interpolation_duration: 1}
$data merge entity $(torso) {transformation: [-0.9749f,0.0722f,-0.2107f,-0.4684f,0.0318f,0.9814f,0.1891f,1.4772f,0.2204f,0.1777f,-0.9591f,0.0744f,0f,0f,0f,1f],start_interpolation: 0,interpolation_duration: 1}
$data merge entity $(right_leg) {transformation: [-0.9749f,0.0843f,-0.2062f,-0.5712f,0.0318f,0.9688f,0.2458f,1.5485f,0.2204f,0.2331f,-0.9471f,0.2046f,0f,0f,0f,1f],start_interpolation: 0,interpolation_duration: 1}
$data merge entity $(left_leg) {transformation: [-0.9749f,0.0686f,-0.2119f,-0.2835f,0.0318f,0.9845f,0.1727f,1.2922f,0.2204f,0.1616f,-0.9619f,0.0962f,0f,0f,0f,1f],start_interpolation: 0,interpolation_duration: 1}
data modify entity @s data merge value {"cameras":{},"locators":{"locator":{"px":-0.401981046248335,"py":1.9251148983950144,"pz":0.31101042595232775,"ry":347.608969586311,"rx":10.901991048763017},"hitbox":{"px":-0.5109239872553477,"py":0.6875,"pz":-6.257014255998646e-17,"ry":347.5196199930899,"rx":8.169035876481306}}}