# This file was generated by Animated Java via MC-Build. It is not recommended to edit this file directly.
$data merge entity $(mas) {transformation: [-0.7085f,0.1946f,0.6783f,-0.6955f,-0.0928f,0.9272f,-0.3629f,2.5111f,-0.6996f,-0.3201f,-0.6389f,0.5217f,0f,0f,0f,1f],start_interpolation: 0,interpolation_duration: 1}
$data merge entity $(head) {transformation: [-0.9697f,0.0889f,-0.2277f,-0.4408f,0.0396f,0.9764f,0.2125f,2.3398f,0.2412f,0.197f,-0.9503f,0.304f,0f,0f,0f,1f],start_interpolation: 0,interpolation_duration: 1}
$data merge entity $(item_display) {transformation: [0f,0f,0f,-0.441f,0f,0f,0f,1.8453f,0f,0f,0f,0.3578f,0f,0f,0f,1f],start_interpolation: 0,interpolation_duration: 1}
$data merge entity $(right_arm) {transformation: [-0.9687f,0.0514f,-0.2429f,-0.776f,-0.0015f,0.977f,0.213f,1.985f,0.2483f,0.2068f,-0.9464f,0.3101f,0f,0f,0f,1f],start_interpolation: 0,interpolation_duration: 1}
$data merge entity $(left_arm) {transformation: [-0.9687f,0.0514f,-0.2429f,-0.1119f,-0.0015f,0.977f,0.213f,1.96f,0.2483f,0.2068f,-0.9464f,0.1341f,0f,0f,0f,1f],start_interpolation: 0,interpolation_duration: 1}
$data merge entity $(green_right_arm) {transformation: [-0.9461f,0.2346f,-0.2233f,-0.7354f,0.1634f,0.941f,0.2962f,2.1926f,0.2796f,0.2437f,-0.9287f,0.2143f,0f,0f,0f,1f],start_interpolation: 0,interpolation_duration: 1}
$data merge entity $(green_left_arm) {transformation: [-0.9693f,-0.0166f,-0.2453f,-0.192f,-0.0914f,0.9505f,0.297f,2.1722f,0.2282f,0.3103f,-0.9228f,0.0703f,0f,0f,0f,1f],start_interpolation: 0,interpolation_duration: 1}
$data merge entity $(torso) {transformation: [-0.966f,0.0889f,-0.2429f,-0.5278f,0.0363f,0.9764f,0.213f,1.4738f,0.2561f,0.197f,-0.9464f,0.0983f,0f,0f,0f,1f],start_interpolation: 0,interpolation_duration: 1}
$data merge entity $(right_leg) {transformation: [-0.966f,0.1009f,-0.2381f,-0.6251f,0.0363f,0.9645f,0.2614f,1.5419f,0.2561f,0.2439f,-0.9354f,0.2344f,0f,0f,0f,1f],start_interpolation: 0,interpolation_duration: 1}
$data merge entity $(left_leg) {transformation: [-0.966f,0.0854f,-0.2441f,-0.3445f,0.0363f,0.9793f,0.199f,1.2856f,0.2561f,0.1833f,-0.9491f,0.109f,0f,0f,0f,1f],start_interpolation: 0,interpolation_duration: 1}
data modify entity @s data merge value {"cameras":{},"locators":{"locator":{"px":-0.44292563951356323,"py":1.9588205459864965,"pz":0.350830883373633,"ry":345.60653073605016,"rx":12.300902095866638},"hitbox":{"px":-0.583466090122895,"py":0.6875,"pz":-7.145398796800245e-17,"ry":345.5255473271339,"rx":10.156529100748772}}}