# This file was generated by Animated Java via MC-Build. It is not recommended to edit this file directly.
$data merge entity $(bone_nose) { transformation: [-0.9982847424083806f,-0.03262595170708578f,0.048611936289764957f,-0.13929818612375067f,-0.029072174445848725f,0.9969736419957211f,0.07209969374954092f,4.423299163253483f,-0.05081714029363904f,0.07056276951051704f,-0.9962120827471339f,0.9272997765905507f,0f,0f,0f,1f], start_interpolation: 0, interpolation_duration: 1 }
$data merge entity $(bone_glowing_eye) { transformation: [-0.9982847424083806f,-0.03262595170708578f,0.048611936289764957f,-0.2679891648405171f,-0.029072174445848725f,0.9969736419957211f,0.07209969374954092f,4.484652393546005f,-0.05081714029363904f,0.07056276951051704f,-0.9962120827471339f,0.960488750132223f,0f,0f,0f,1f], start_interpolation: 0, interpolation_duration: 1 }
$data merge entity $(bone_head) { transformation: [-0.9982847424083806f,-0.03262595170708578f,0.048611936289764957f,-0.12616680743311887f,-0.029072174445848725f,0.9969736419957211f,0.07209969374954092f,4.313697001635553f,-0.05081714029363904f,0.07056276951051704f,-0.9962120827471339f,0.7320412127652323f,0f,0f,0f,1f], start_interpolation: 0, interpolation_duration: 1 }
$data merge entity $(bone_leftthumb2) { transformation: [-0.18120517288037633f,0.08245955741400043f,0.9799821971405807f,0.2613014107585402f,-0.9691150055579039f,-0.18446366277002732f,-0.16367425918564485f,3.9629016798418255f,0.16727459856145793f,-0.9793740748603431f,0.11333856434396165f,2.944875396052554f,0f,0f,0f,1f], start_interpolation: 0, interpolation_duration: 1 }
$data merge entity $(bone_leftthumb) { transformation: [-0.18120517288037633f,0.08245955741400043f,0.9799821971405807f,0.3652708273797844f,-0.9691150055579039f,-0.18446366277002732f,-0.16367425918564485f,3.90367615702059f,0.16727459856145793f,-0.9793740748603431f,0.11333856434396165f,2.7143768798610406f,0f,0f,0f,1f], start_interpolation: 0, interpolation_duration: 1 }
$data merge entity $(bone_leftpointerfinger) { transformation: [-0.18120517288037633f,0.08245955741400043f,0.9799821971405807f,0.4039697663780713f,-0.9691150055579039f,-0.18446366277002732f,-0.16367425918564485f,4.062528019200573f,0.16727459856145793f,-0.9793740748603431f,0.11333856434396165f,3.0227510841605545f,0f,0f,0f,1f], start_interpolation: 0, interpolation_duration: 1 }
$data merge entity $(bone_leftmidfinger) { transformation: [-0.18120517288037633f,0.08245955741400043f,0.9799821971405807f,0.5570919846812871f,-0.9691150055579039f,-0.18446366277002732f,-0.16367425918564485f,4.036953916202816f,0.16727459856145793f,-0.9793740748603431f,0.11333856434396165f,3.0404602348392986f,0f,0f,0f,1f], start_interpolation: 0, interpolation_duration: 1 }
$data merge entity $(bone_leftringfinger) { transformation: [-0.18120517288037633f,0.08245955741400043f,0.9799821971405807f,0.7102142029845028f,-0.9691150055579039f,-0.18446366277002732f,-0.16367425918564485f,4.0113798132050595f,0.16727459856145793f,-0.9793740748603431f,0.11333856434396165f,3.0581693855180427f,0f,0f,0f,1f], start_interpolation: 0, interpolation_duration: 1 }
$data merge entity $(bone_invisibility) { transformation: [0.16755685017408825f,-0.9690662450426857f,0.18120517288037652f,0.34838836689451397f,-0.1980268744700827f,0.1469743616761583f,0.9691150055579036f,3.865758063142546f,-0.9657691540670307f,-0.1982653518110386f,-0.16727459856145793f,2.943454201817229f,0f,0f,0f,1f], start_interpolation: 0, interpolation_duration: 1 }
$data merge entity $(bone_swiftness) { transformation: [0.9799821971405807f,0.08245955741400043f,0.18120517288037655f,0.5115308816097106f,-0.16367425918564507f,-0.18446366277002732f,0.9691150055579039f,3.8095740943347605f,0.1133385643439617f,-0.9793740748603431f,-0.1672745985614579f,3.106041143131527f,0f,0f,0f,1f], start_interpolation: 0, interpolation_duration: 1 }
$data merge entity $(bone_suspicious_stew) { transformation: [0.4888921116922881f,-0.8533165816075815f,0.18120517288037635f,0.5282697371045916f,-0.23635258490251232f,0.07038154312321349f,0.9691150055579041f,3.8437158737375827f,-0.8397154034165125f,-0.5166209925478706f,-0.16727459856145807f,3.0106133423908004f,0f,0f,0f,1f], start_interpolation: 0, interpolation_duration: 1 }
$data merge entity $(bone_log) { transformation: [-0.18120517288037633f,0.08245955741400043f,0.9799821971405807f,0.5675258623147711f,-0.9691150055579039f,-0.18446366277002732f,-0.16367425918564485f,3.722131153220949f,0.16727459856145793f,-0.9793740748603431f,0.11333856434396165f,2.9091863218520175f,0f,0f,0f,1f], start_interpolation: 0, interpolation_duration: 1 }
$data merge entity $(bone_planks) { transformation: [-0.18120517288037633f,0.08245955741400043f,0.9799821971405807f,0.5505378773572358f,-0.9691150055579039f,-0.18446366277002732f,-0.16367425918564485f,3.6312766214498953f,0.16727459856145793f,-0.9793740748603431f,0.11333856434396165f,2.924868315467154f,0f,0f,0f,1f], start_interpolation: 0, interpolation_duration: 1 }
$data merge entity $(bone_lefthand) { transformation: [-0.18120517288037633f,0.08245955741400043f,0.9799821971405807f,0.6028176012277221f,-0.9691150055579039f,-0.18446366277002732f,-0.16367425918564485f,3.9234088095174693f,0.16727459856145793f,-0.9793740748603431f,0.11333856434396165f,2.6189823233608185f,0f,0f,0f,1f], start_interpolation: 0, interpolation_duration: 1 }
$data merge entity $(bone_leftforearm) { transformation: [-0.972117929736682f,0.08245955741400043f,0.2195157217047432f,0.5966096737742619f,-0.23134775774660565f,-0.18446366277002732f,-0.9552232053834765f,3.794173924357248f,-0.03827460868624143f,-0.9793740748603431f,0.19839726767615104f,1.92486780662431f,0f,0f,0f,1f], start_interpolation: 0, interpolation_duration: 1 }
$data merge entity $(bone_leftelbow) { transformation: [-0.9929970848108272f,0.06602064685645509f,0.09796970830748622f,0.6089885450598472f,-0.0988369816644988f,-0.009992892037295434f,-0.9950534624653f,3.792300257100255f,-0.06471507253067249f,-0.9977682177226264f,0.016448194124693546f,1.7377862658013175f,0f,0f,0f,1f], start_interpolation: 0, interpolation_duration: 1 }
$data merge entity $(bone_leftarm) { transformation: [-0.9929970848108272f,0.06602064685645509f,0.09796970830748622f,0.42171920280109737f,-0.0988369816644988f,-0.009992892037295434f,-0.9950534624653f,3.7967786420445386f,-0.06471507253067249f,-0.9977682177226264f,0.016448194124693546f,1.224231728757523f,0f,0f,0f,1f], start_interpolation: 0, interpolation_duration: 1 }
$data merge entity $(bone_rightthumb2) { transformation: [-0.2682969688904432f,0.8355315800850124f,-0.4794827579432271f,-1.56137000391087f,0.18905759323878443f,0.533720745496249f,0.8242568727439807f,4.211427991859101f,0.9446025423017658f,0.1304957643280843f,-0.30115924785646253f,-0.7141709534175432f,0f,0f,0f,1f], start_interpolation: 0, interpolation_duration: 1 }
$data merge entity $(bone_rightthumb) { transformation: [-0.2682969688904432f,0.8355315800850124f,-0.4794827579432271f,-1.3974375481688046f,0.18905759323878443f,0.533720745496249f,0.8242568727439807f,4.412757933488984f,0.9446025423017658f,0.1304957643280843f,-0.30115924785646253f,-0.7079041623580067f,0f,0f,0f,1f], start_interpolation: 0, interpolation_duration: 1 }
$data merge entity $(bone_rightpointerfinger) { transformation: [-0.575335600689991f,0.7946722242328756f,0.19361044034726343f,-1.5828443674587311f,0.7379796529696535f,0.6064180207874229f,-0.29604596917886694f,4.657517300723774f,-0.3526683688417167f,-0.027445219930598938f,-0.9353458085229678f,-0.8738660115481675f,0f,0f,0f,1f], start_interpolation: 0, interpolation_duration: 1 }
$data merge entity $(bone_rightmidfinger) { transformation: [-0.6741390643616622f,0.7127773279854803f,0.19361044034726343f,-1.5525927361544711f,0.6525126995881884f,0.6975557045921706f,-0.29604596917886694f,4.611260118039576f,-0.34606892200502065f,-0.07324288157083234f,-0.9353458085229678f,-1.0200137941298812f,0f,0f,0f,1f], start_interpolation: 0, interpolation_duration: 1 }
$data merge entity $(bone_rightringfinger) { transformation: [-0.6094511242593523f,0.7688200859287887f,0.19361044034726343f,-1.5223411048502111f,0.7108256773088818f,0.6380310655534844f,-0.29604596917886694f,4.565002935355378f,-0.35113556302001203f,-0.04280227635459591f,-0.9353458085229678f,-1.166161576711595f,0f,0f,0f,1f], start_interpolation: 0, interpolation_duration: 1 }
$data merge entity $(bone_hugeasssword) { transformation: [2.290802006774493f,3.0850402900084126f,0.7583075580267818f,-1.5509827011933692f,3.1343748033107697f,-2.0424252968982723f,-1.1595133792838956f,4.297391552334749f,-0.5178788815025297f,1.285030386174814f,-3.6634377500482906f,-0.903633047763403f,0f,0f,0f,1f], start_interpolation: 0, interpolation_duration: 1 }
$data merge entity $(bone_ice) { transformation: [0.5848856187509344f,0.7876698612787436f,0.19361044034726343f,-1.572428880568833f,0.8002659072282815f,-0.5214702885697716f,-0.29604596917886694f,4.293035370793209f,-0.1322243952772416f,0.32809286455527165f,-0.9353458085229678f,-0.9066934925958723f,0f,0f,0f,1f], start_interpolation: 0, interpolation_duration: 1 }
$data merge entity $(bone_righthand) { transformation: [0.5848856187509344f,0.7876698612787436f,0.19361044034726343f,-1.2232396843005615f,0.8002659072282815f,-0.5214702885697716f,-0.29604596917886694f,4.353482838920997f,-0.1322243952772416f,0.32809286455527165f,-0.9353458085229678f,-0.8869559317927075f,0f,0f,0f,1f], start_interpolation: 0, interpolation_duration: 1 }
$data merge entity $(bone_rightforearm) { transformation: [0.5848856187509344f,0.7556600028712567f,0.29476562390982564f,-0.7330773088272337f,0.8002659072282815f,-0.47836728488260594f,-0.3615787859957209f,3.97276389106733f,-0.1322243952772416f,0.44737311141222613f,-0.8845190831626597f,-0.5503120774517418f,0f,0f,0f,1f], start_interpolation: 0, interpolation_duration: 1 }
$data merge entity $(bone_rightelbow) { transformation: [0.4532037100195636f,0.5285487049106228f,0.7178040566629632f,-0.6339744266564918f,0.8607261180839829f,-0.05002697897526551f,-0.5066042351014112f,3.963383832509468f,-0.23185544391404947f,0.8474276180960306f,-0.477608087468698f,-0.39141939905873613f,0f,0f,0f,1f], start_interpolation: 0, interpolation_duration: 1 }
$data merge entity $(bone_rightarm) { transformation: [0.4532037100195636f,0.28823801642303676f,0.8435195570424057f,-0.6153537161693282f,0.8607261180839829f,0.1046272537049847f,-0.49820044904659644f,3.842982385063795f,-0.23185544391404947f,0.9518256057023609f,-0.20067652941177044f,0.1414829236927604f,0f,0f,0f,1f], start_interpolation: 0, interpolation_duration: 1 }
$data merge entity $(bone_chest) { transformation: [-0.7489971081453073f,-0.1084193121867084f,0.775151401886134f,-0.003623318282835339f,0.03336936995835202f,1.06749075872711f,0.18155185565538062f,3.680441791733228f,-0.7819852481023286f,0.14939827270852427f,-0.7347042527256529f,0.5844261964934963f,0f,0f,0f,1f], start_interpolation: 0, interpolation_duration: 1 }
$data merge entity $(bone_chest1lid) { transformation: [-0.6913819459802837f,-0.10007936509542315f,0.715524370971816f,-0.45127906565139786f,0.030802495346171098f,0.985376084978871f,0.16758632829727443f,2.9519241447948827f,-0.7218325367098418f,0.13790609788479163f,-0.6781885409775258f,0.5091096487907698f,0f,0f,0f,1f], start_interpolation: 0, interpolation_duration: 1 }
$data merge entity $(bone_chest1) { transformation: [-0.6913819459802837f,-0.10007936509542315f,0.715524370971816f,-0.435641664855238f,0.030802495346171098f,0.985376084978871f,0.16758632829727443f,2.7979591315169343f,-0.7218325367098418f,0.13790609788479163f,-0.6781885409775258f,0.4875618209962711f,0f,0f,0f,1f], start_interpolation: 0, interpolation_duration: 1 }
$data merge entity $(bone_chest1lid3) { transformation: [-0.6913819459802837f,-0.10007936509542315f,0.715524370971816f,0.05031510612618949f,0.030802495346171098f,0.985376084978871f,0.16758632829727443f,3.0573589804011885f,-0.7218325367098418f,0.13790609788479163f,-0.6781885409775258f,0.11975964827140738f,0f,0f,0f,1f], start_interpolation: 0, interpolation_duration: 1 }
$data merge entity $(bone_chest3) { transformation: [-0.6913819459802837f,-0.10007936509542315f,0.715524370971816f,0.06595250692234936f,0.030802495346171098f,0.985376084978871f,0.16758632829727443f,2.90339396712324f,-0.7218325367098418f,0.13790609788479163f,-0.6781885409775258f,0.09821182047690868f,0f,0f,0f,1f], start_interpolation: 0, interpolation_duration: 1 }
$data merge entity $(bone_hugeasssword2) { transformation: [-2.8024704529729467f,1.7316664364983294f,-2.1184353874254835f,-0.7819995722345202f,-0.6563797858309913f,2.5184184373699314f,2.9269458363361336f,4.906123301837446f,2.656238452161976f,2.449321886726639f,-1.5117861483145645f,-0.3245693162578498f,0f,0f,0f,1f], start_interpolation: 0, interpolation_duration: 1 }
$data merge entity $(bone_belt) { transformation: [-0.6913819459802837f,-0.10007936509542315f,0.715524370971816f,-0.03527853425319757f,0.030802495346171098f,0.985376084978871f,0.16758632829727443f,3.2650129010408415f,-0.7218325367098418f,0.13790609788479163f,-0.6781885409775258f,0.6413900298685031f,0f,0f,0f,1f], start_interpolation: 0, interpolation_duration: 1 }
$data merge entity $(bone_torn_part) { transformation: [-0.6913819459802837f,-0.281014093023924f,0.6655990416868531f,-0.09319812129567283f,0.030802495346171098f,0.9089552941862894f,0.4157541093617298f,2.9912893683315662f,-0.7218325367098418f,0.30794699656378766f,-0.61977934481102f,0.514154928412371f,0f,0f,0f,1f], start_interpolation: 0, interpolation_duration: 1 }
$data merge entity $(bone_lowerbody) { transformation: [-0.6913819459802837f,-0.06785841193633221f,0.7192956559732548f,-0.09369731455148751f,0.030802495346171098f,0.9919057433906114f,0.12318361298958395f,2.4866296403038093f,-0.7218325367098418f,0.10732302715725799f,-0.6836955146765534f,0.6283872469727019f,0f,0f,0f,1f], start_interpolation: 0, interpolation_duration: 1 }
$data merge entity $(bone_leftfoot) { transformation: [-0.9715456165789902f,-0.1075471286429082f,0.21102779444143216f,0.39998939162380465f,-0.073868243929701f,0.9841112882691818f,0.16145728487718874f,0.4237527628870952f,-0.22503910203538352f,0.14127486479143148f,-0.96405332587636f,0.6028599870434246f,0f,0f,0f,1f], start_interpolation: 0, interpolation_duration: 1 }
$data merge entity $(bone_leftlowerleg) { transformation: [-0.9715456165789902f,-0.1075471286429082f,0.21102779444143216f,0.248255798416253f,-0.073868243929701f,0.9841112882691818f,0.16145728487718874f,1.4906940178649601f,-0.22503910203538352f,0.14127486479143148f,-0.96405332587636f,0.907709365959021f,0f,0f,0f,1f], start_interpolation: 0, interpolation_duration: 1 }
$data merge entity $(bone_leftleg) { transformation: [-0.9715456165789902f,-0.00560841643933635f,0.23678610721744756f,0.20576970122547134f,-0.073868243929701f,0.9570316521731572f,-0.28041736621946084f,2.512534359675053f,-0.22503910203538352f,-0.28992923689024536f,-0.93021419046978f,0.6168516014959697f,0f,0f,0f,1f], start_interpolation: 0, interpolation_duration: 1 }
$data merge entity $(bone_rightfoot) { transformation: [-0.7416365533490497f,-0.15001543654515084f,0.6538123519288314f,-0.2797649620733852f,0.17238941542362374f,0.8993139367723166f,0.40189094612466575f,0.5681441657320226f,-0.6482724058499203f,0.41076734525184155f,-0.6411030150360477f,-0.14420874035402154f,0f,0f,0f,1f], start_interpolation: 0, interpolation_duration: 1 }
$data merge entity $(bone_rightlowerleg) { transformation: [-0.7416365533490497f,-0.15001543654515084f,0.6538123519288314f,-0.5466437444354871f,0.17238941542362374f,0.8993139367723166f,0.40189094612466575f,1.5040717787396458f,-0.6482724058499203f,0.41076734525184155f,-0.6411030150360477f,0.4099889567193382f,0f,0f,0f,1f], start_interpolation: 0, interpolation_duration: 1 }
$data merge entity $(bone_rightleg) { transformation: [-0.7416365533490497f,0.3045097334111384f,0.5977031411950414f,-0.2154913208841034f,0.17238941542362374f,0.9476213135312259f,-0.268878663324659f,2.512534359675053f,-0.6482724058499203f,-0.09637255002972278f,-0.7552848597809472f,0.34752066890337574f,0f,0f,0f,1f], start_interpolation: 0, interpolation_duration: 1 }
data modify entity @s data merge value {"locators":{"lefthand":{"posx":0.5627594725190159,"posy":3.829954318945686,"posz":2.968247012767471,"roty":96.59715888172526,"rotx":-9.420228148834363},"righthand":{"posx":-1.5329283585238391,"posy":4.3808339911231835,"posz":-0.9096012024036184,"roty":11.69469212618111,"rotx":-17.220268857296187},"chest":{"posx":-0.578430474109164,"posy":2.8651153536668224,"posz":0.5839002104285261,"roty":46.53451544105633,"rotx":9.647512629823389},"sack":{"posx":0,"posy":-0.4375,"posz":0,"roty":0,"rotx":0}},"cameras":{}}