# This file was generated by Animated Java via MC-Build. It is not recommended to edit this file directly.
$data merge entity $(bone_nose) { transformation: [-1f,-5.341834311772723e-18f,1.223481206754078e-16f,-1.5657977333453152e-17f,0f,0.9990482215818577f,0.04361938736533601f,4.207216307517321f,-1.2246467991473532e-16f,0.04361938736533601f,-0.9990482215818577f,0.12597394761964928f,0f,0f,0f,1f], start_interpolation: 0, interpolation_duration: 1 }
$data merge entity $(bone_glowing_eye) { transformation: [-1f,-5.341834311772723e-18f,1.223481206754078e-16f,-0.12500000000000003f,0f,0.9990482215818577f,0.04361938736533601f,4.2733378636009824f,-1.2246467991473532e-16f,0.04361938736533601f,-0.9990482215818577f,0.16378974664904225f,0f,0f,0f,1f], start_interpolation: 0, interpolation_duration: 1 }
$data merge entity $(bone_head) { transformation: [-1f,-5.341834311772723e-18f,1.223481206754078e-16f,7.911913011205803e-18f,0f,0.9990482215818577f,0.04361938736533601f,4.092024903523182f,-1.2246467991473532e-16f,0.04361938736533601f,-0.9990482215818577f,-0.06648881275394766f,0f,0f,0f,1f], start_interpolation: 0, interpolation_duration: 1 }
$data merge entity $(bone_leftthumb2) { transformation: [-1f,-5.341834311772723e-18f,1.223481206754078e-16f,0.953125f,0f,0.9990482215818577f,0.04361938736533601f,1.8493859676539959f,-1.2246467991473532e-16f,0.04361938736533601f,-0.9990482215818577f,0.01833707836556256f,0f,0f,0f,1f], start_interpolation: 0, interpolation_duration: 1 }
$data merge entity $(bone_leftthumb) { transformation: [-1f,-5.341834311772723e-18f,1.223481206754078e-16f,0.953125f,0f,0.9990482215818577f,0.04361938736533601f,2.098122654931058f,-1.2246467991473532e-16f,0.04361938736533601f,-0.9990482215818577f,-0.05634175742432562f,0f,0f,0f,1f], start_interpolation: 0, interpolation_duration: 1 }
$data merge entity $(bone_leftpointerfinger) { transformation: [-1f,-5.341834311772723e-18f,1.223481206754078e-16f,1.0625f,0f,0.9990482215818577f,0.04361938736533601f,1.772354616007261f,-1.2246467991473532e-16f,0.04361938736533601f,-0.9990482215818577f,-0.11748475429022603f,0f,0f,0f,1f], start_interpolation: 0, interpolation_duration: 1 }
$data merge entity $(bone_leftmidfinger) { transformation: [-1f,-5.341834311772723e-18f,1.223481206754078e-16f,1.0625f,0f,0.9990482215818577f,0.04361938736533601f,1.7791701452830946f,-1.2246467991473532e-16f,0.04361938736533601f,-0.9990482215818577f,-0.2735860389123913f,0f,0f,0f,1f], start_interpolation: 0, interpolation_duration: 1 }
$data merge entity $(bone_leftringfinger) { transformation: [-1f,-5.341834311772723e-18f,1.223481206754078e-16f,1.0625f,0f,0.9990482215818577f,0.04361938736533601f,1.7859856745589284f,-1.2246467991473532e-16f,0.04361938736533601f,-0.9990482215818577f,-0.4296873235345566f,0f,0f,0f,1f], start_interpolation: 0, interpolation_duration: 1 }
$data merge entity $(bone_invisibility) { transformation: [-2.167027706132586e-16f,-6.683696944414994e-17f,0.9999999999999998f,0.875f,0.9990482215818575f,0.04361938736533607f,6.514376655015761e-17f,1.88026240938761f,-0.0436193873653359f,0.9990482215818575f,-9.694722533881145e-17f,-0.08149362687270939f,0f,0f,0f,1f], start_interpolation: 0, interpolation_duration: 1 }
$data merge entity $(bone_swiftness) { transformation: [-9.969648424962352e-17f,-5.341834311772723e-18f,1f,0.822916875f,0.04361938736533601f,0.9990482215818577f,9.685449634607936e-18f,1.7531530563776878f,-0.9990482215818577f,0.04361938736533601f,-9.936858774746341e-17f,-0.274721969545736f,0f,0f,0f,1f], start_interpolation: 0, interpolation_duration: 1 }
$data merge entity $(bone_suspicious_stew) { transformation: [4.6865204053263004e-17f,-2.120308766254409e-18f,1.0000000000000002f,0.875f,0.9238795325112868f,0.38268343236508967f,1.1091663383109936e-16f,1.841610659131961f,-0.38268343236508984f,0.9238795325112868f,1.2730740473203932e-16f,-0.2708598272020578f,0f,0f,0f,1f], start_interpolation: 0, interpolation_duration: 1 }
$data merge entity $(bone_log) { transformation: [-1f,-5.341834311772723e-18f,1.223481206754078e-16f,0.78125f,0f,0.9990482215818577f,0.04361938736533601f,1.9685363456124432f,-1.2246467991473532e-16f,0.04361938736533601f,-0.9990482215818577f,-0.31223778916804046f,0f,0f,0f,1f], start_interpolation: 0, interpolation_duration: 1 }
$data merge entity $(bone_planks) { transformation: [-1f,-5.341834311772723e-18f,1.223481206754078e-16f,0.6875f,0f,0.9990482215818577f,0.04361938736533601f,1.9685363456124432f,-1.2246467991473532e-16f,0.04361938736533601f,-0.9990482215818577f,-0.31223778916804046f,0f,0f,0f,1f], start_interpolation: 0, interpolation_duration: 1 }
$data merge entity $(bone_lefthand) { transformation: [-1f,-5.341834311772723e-18f,1.223481206754078e-16f,1.03125f,0f,0.9990482215818577f,0.04361938736533601f,2.216935295152741f,-1.2246467991473532e-16f,0.04361938736533601f,-0.9990482215818577f,-0.27011268540227334f,0f,0f,0f,1f], start_interpolation: 0, interpolation_duration: 1 }
$data merge entity $(bone_leftforearm) { transformation: [-1f,-5.341834311772723e-18f,1.223481206754078e-16f,0.96875f,0f,0.9990482215818577f,0.04361938736533601f,2.918709523024901f,-1.2246467991473532e-16f,0.04361938736533601f,-0.9990482215818577f,-0.22383267519880493f,0f,0f,0f,1f], start_interpolation: 0, interpolation_duration: 1 }
$data merge entity $(bone_leftelbow) { transformation: [-1f,-1.5984848350717836e-17f,1.2141697760125285e-16f,0.96875f,0f,0.9914448613738104f,0.1305261922200516f,3.1046054345324903f,-1.2246467991473532e-16f,0.1305261922200516f,-0.9914448613738104f,-0.19935901415754526f,0f,0f,0f,1f], start_interpolation: 0, interpolation_duration: 1 }
$data merge entity $(bone_leftarm) { transformation: [-1f,-1.5984848350717836e-17f,1.2141697760125285e-16f,0.75f,0f,0.9914448613738104f,0.1305261922200516f,3.596248921712519f,-1.2246467991473532e-16f,0.1305261922200516f,-0.9914448613738104f,-0.1031132661295879f,0f,0f,0f,1f], start_interpolation: 0, interpolation_duration: 1 }
$data merge entity $(bone_rightthumb2) { transformation: [0.5315671004161193f,-0.007648495604304181f,0.8469816516726855f,-0.4143436013813659f,0.7728390582810981f,0.41360609837829887f,-0.4813000990852448f,2.744942944776327f,-0.3466355546541423f,0.9104238001608217f,0.22577045056947417f,0.21668047307897864f,0f,0f,0f,1f], start_interpolation: 0, interpolation_duration: 1 }
$data merge entity $(bone_rightthumb) { transformation: [0.5315671004161193f,-0.007648495604304181f,0.8469816516726855f,-0.3438384030667859f,0.7728390582810981f,0.41360609837829887f,-0.4813000990852448f,2.8052460351402897f,-0.3466355546541423f,0.9104238001608217f,0.22577045056947417f,0.4592488601694598f,0f,0f,0f,1f], start_interpolation: 0, interpolation_duration: 1 }
$data merge entity $(bone_rightpointerfinger) { transformation: [0.5493472001219201f,-0.6569318451417877f,-0.5163895860266872f,-0.10782456305347934f,-0.11520506214756518f,0.5525437285365733f,-0.8254836289778722f,2.6592501619089077f,0.8276143107594156f,0.5129678146760359f,0.22785647617021865f,0.6709298564742288f,0f,0f,0f,1f], start_interpolation: 0, interpolation_duration: 1 }
$data merge entity $(bone_rightmidfinger) { transformation: [0.6045121510709238f,-0.6065532578849043f,-0.5163895860266872f,-0.1885104358701492f,-0.16292403116589982f,0.5404003500722179f,-0.8254836289778722f,2.530268344881115f,0.7797568975496514f,0.5831471572348039f,0.22785647617021865f,0.7065324308758254f,0f,0f,0f,1f], start_interpolation: 0, interpolation_duration: 1 }
$data merge entity $(bone_rightringfinger) { transformation: [0.6045121510709238f,-0.6065532578849043f,-0.5163895860266872f,-0.2691963086868191f,-0.16292403116589982f,0.5404003500722179f,-0.8254836289778722f,2.4012865278533226f,0.7797568975496514f,0.5831471572348039f,0.22785647617021865f,0.742135005277422f,0f,0f,0f,1f], start_interpolation: 0, interpolation_duration: 1 }
$data merge entity $(bone_hugeasssword) { transformation: [-0.587991211978906f,-3.3021104134762593f,-2.022525878604525f,-0.31181785166647413f,1.3677809430242367f,1.7367301357466374f,-3.2331442134966664f,2.5404745680731002f,3.6226674432402826f,-1.191684954414922f,0.8924378650000231f,0.3954831404204578f,0f,0f,0f,1f], start_interpolation: 0, interpolation_duration: 1 }
$data merge entity $(bone_ice) { transformation: [-0.0000015012541582440154f,-0.000008430920204620237f,-0.000005163895860266872f,-0.2962988292244987f,0.000003492206663040604f,0.000004434204601906308f,-0.000008254836289778722f,2.5280895504716208f,0.000009249363684868807f,-0.000003042599883612567f,0.0000022785647617021866f,0.38578507198099493f,0f,0f,0f,1f], start_interpolation: 0, interpolation_duration: 1 }
$data merge entity $(bone_righthand) { transformation: [-0.15012541582440153f,-0.8430920204620236f,-0.5163895860266872f,-0.560740362859439f,0.3492206663040604f,0.4434204601906308f,-0.8254836289778722f,2.700453468689735f,0.9249363684868805f,-0.3042599883612567f,0.22785647617021865f,0.5480746818927202f,0f,0f,0f,1f], start_interpolation: 0, interpolation_duration: 1 }
$data merge entity $(bone_rightforearm) { transformation: [-0.15012541582440153f,-0.7684768849861845f,-0.622017392655126f,-1.0819738123660885f,0.3492206663040604f,0.5473741715144826f,-0.7605435178771704f,3.075383133858683f,0.9249363684868805f,-0.33139824018960085f,0.18619323470399535f,0.25434250193672714f,0f,0f,0f,1f], start_interpolation: 0, interpolation_duration: 1 }
$data merge entity $(bone_rightelbow) { transformation: [-0.7455082823403753f,0.07572618191834923f,-0.6621804484685216f,-1.067775153256398f,0.4137614454744133f,0.8314756970515954f,-0.3707420011969074f,3.2312848270558567f,0.5225120737368921f,-0.5503759720269705f,-0.6512045932074956f,0.15114700718167018f,0f,0f,0f,1f], start_interpolation: 0, interpolation_duration: 1 }
$data merge entity $(bone_rightarm) { transformation: [-0.7455082823403753f,0.2713428444837984f,-0.6087614160813286f,-0.75f,0.4137614454744133f,0.9044767362930343f,-0.10355336664553733f,3.596248921712519f,0.5225120737368921f,-0.32908189596533893f,-0.7865661056434038f,-0.10311326612958809f,0f,0f,0f,1f], start_interpolation: 0, interpolation_duration: 1 }
$data merge entity $(bone_chest) { transformation: [-1.0833333333333333f,-1.731691904661099e-17f,1.3153505906802392e-16f,-0.002323124999999972f,0f,1.0740652664882946f,0.1414033749050559f,3.4516866271800497f,-1.3267006990762992e-16f,0.1414033749050559f,-1.0740652664882946f,-0.23316441255970938f,0f,0f,0f,1f], start_interpolation: 0, interpolation_duration: 1 }
$data merge entity $(bone_chest1lid) { transformation: [-1f,9.381338752702732e-17f,7.871877887341988e-17f,-0.34375000000000006f,0f,0.6427876096865393f,-0.7660444431189779f,2.723006828366477f,-1.2246467991473532e-16f,-0.7660444431189779f,-0.6427876096865393f,0.06559912644612757f,0f,0f,0f,1f], start_interpolation: 0, interpolation_duration: 1 }
$data merge entity $(bone_chest1) { transformation: [-1f,-1.5984848350717836e-17f,1.2141697760125285e-16f,-0.34375000000000006f,0f,0.9914448613738104f,0.1305261922200516f,2.568093568776819f,-1.2246467991473532e-16f,0.1305261922200516f,-0.9914448613738104f,0.045204408911744515f,0f,0f,0f,1f], start_interpolation: 0, interpolation_duration: 1 }
$data merge entity $(bone_chest1lid3) { transformation: [-1f,-1.5984848350717836e-17f,1.2141697760125285e-16f,-0.28124999999999994f,0f,0.9914448613738104f,0.1305261922200516f,2.8066251702574476f,-1.2246467991473532e-16f,0.1305261922200516f,-0.9914448613738104f,-0.5695452378714696f,0f,0f,0f,1f], start_interpolation: 0, interpolation_duration: 1 }
$data merge entity $(bone_chest3) { transformation: [-1f,-1.5984848350717836e-17f,1.2141697760125285e-16f,-0.28124999999999994f,0f,0.9914448613738104f,0.1305261922200516f,2.6517119106677898f,-1.2246467991473532e-16f,0.1305261922200516f,-0.9914448613738104f,-0.5899399554058526f,0f,0f,0f,1f], start_interpolation: 0, interpolation_duration: 1 }
$data merge entity $(bone_hugeasssword2) { transformation: [-1.3452245315612796e-15f,2.887669569172986f,-2.646061646494669f,-1.234375f,-0.5112275861952019f,2.6234242222954642f,2.8629651557020814f,4.636641105168849f,3.8831590403807574f,0.34538035109647003f,0.37691651325386555f,-0.34437889692471546f,0f,0f,0f,1f], start_interpolation: 0, interpolation_duration: 1 }
$data merge entity $(bone_belt) { transformation: [-1f,-1.5984848350717836e-17f,1.2141697760125285e-16f,0.029705625000000017f,0f,0.9914448613738104f,0.1305261922200516f,3.0396781906719346f,-1.2246467991473532e-16f,0.1305261922200516f,-0.9914448613738104f,-0.1553742997407373f,0f,0f,0f,1f], start_interpolation: 0, interpolation_duration: 1 }
$data merge entity $(bone_torn_part) { transformation: [-1f,-4.686520405326298e-17f,1.1314261122877005e-16f,-0.09374999999999997f,0f,0.9238795325112867f,0.3826834323650897f,2.7603982187514995f,-1.2246467991473532e-16f,0.3826834323650897f,-0.9238795325112867f,-0.19128336440564675f,0f,0f,0f,1f], start_interpolation: 0, interpolation_duration: 1 }
$data merge entity $(bone_lowerbody) { transformation: [-1f,-1.0673500138322974e-17f,1.2199866483456202e-16f,0.003906250000000011f,0f,0.9961946980917455f,0.08715574274765818f,2.26171875f,-1.2246467991473532e-16f,0.08715574274765818f,-0.9961946980917455f,-0.09375f,0f,0f,0f,1f], start_interpolation: 0, interpolation_duration: 1 }
$data merge entity $(bone_leftfoot) { transformation: [-0.9990482185273852f,-0.04213314834802863f,-0.011289591114866389f,0.37232457591628176f,-0.04295677222313955f,0.9952893091478323f,0.08691321427838128f,0.17163250376753192f,0.007574481990681841f,0.08731545628531939f,-0.9961519152801239f,-0.2212930723402483f,0f,0f,0f,1f], start_interpolation: 0, interpolation_duration: 1 }
$data merge entity $(bone_leftlowerleg) { transformation: [-0.9990482185273852f,-0.04213314834802863f,-0.011289591114866389f,0.32731771075052557f,-0.04295677222313955f,0.9952893091478323f,0.08691321427838128f,1.2624277459748474f,0.007574481990681841f,0.08731545628531939f,-0.9961519152801239f,0.028626895594439594f,0f,0f,0f,1f], start_interpolation: 0, interpolation_duration: 1 }
$data merge entity $(bone_leftleg) { transformation: [-0.9990482185273852f,-0.043246292876840876f,0.00569343566472477f,0.25000000000000006f,-0.04295677222313955f,0.9527876688069145f,-0.30058338924440725f,2.28125f,0.007574481990681841f,-0.3005418711625653f,-0.9537385443090138f,-0.26562499999999994f,0f,0f,0f,1f], start_interpolation: 0, interpolation_duration: 1 }
$data merge entity $(bone_rightfoot) { transformation: [-0.9990482227228229f,0.04213304548537612f,0.011289603735124946f,-0.3725780169698498f,0.04258538911844482f,0.998150671344603f,0.04337881888605008f,0.14987345927921236f,-0.009441043798201662f,0.043818304079976944f,-0.9989949063531581f,-0.21840027955311145f,0f,0f,0f,1f], start_interpolation: 0, interpolation_duration: 1 }
$data merge entity $(bone_rightlowerleg) { transformation: [-0.9990482227228229f,0.04213304548537612f,0.011289603735124946f,-0.3275712678563963f,0.04258538911844482f,0.998150671344603f,0.04337881888605008f,1.2505318945626223f,-0.009441043798201662f,0.043818304079976944f,-0.9989949063531581f,-0.016298151705939568f,0f,0f,0f,1f], start_interpolation: 0, interpolation_duration: 1 }
$data merge entity $(bone_rightleg) { transformation: [-0.9990482227228229f,0.04357784898330644f,-0.0019025646788107735f,-0.24999999999999997f,0.04258538911844482f,0.9649974770767512f,-0.2587785807773425f,2.28125f,-0.009441043798201662f,-0.2586133026615086f,-0.9659347940614352f,-0.26562500000000006f,0f,0f,0f,1f], start_interpolation: 0, interpolation_duration: 1 }
$data merge entity $(bone_sack_top) { transformation: [-1f,0f,1.2246467991473532e-16f,-0.0625f,0f,1f,0f,-0.8125f,-1.2246467991473532e-16f,0f,-1f,-7.654042494670958e-18f,0f,0f,0f,1f], start_interpolation: 0, interpolation_duration: 1 }
$data merge entity $(bone_sack_main) { transformation: [-1.1666666666666667f,0f,1.4287545990052456e-16f,-0.0625f,0f,1.1666666666666667f,0f,-0.8125f,-1.4287545990052456e-16f,0f,-1.1666666666666667f,-7.654042494670958e-18f,0f,0f,0f,1f], start_interpolation: 0, interpolation_duration: 1 }
data modify entity @s data merge value {"locators":{"lefthand":{"posx":0.875,"posy":1.8898041503737772,"posz":-0.3000354253437408,"roty":0,"rotx":2.500000000000001},"righthand":{"posx":-0.28913118685665024,"posy":2.566798724949927,"posz":0.47369166140462493,"roty":246.19056985587966,"rotx":-55.63755455361562},"chest":{"posx":-0.37500000000000006,"posy":2.640646806996231,"posz":0.2123544990220322,"roty":0,"rotx":7.500000000000001},"sack":{"posx":0,"posy":-0.4375,"posz":0,"roty":0,"rotx":0}},"cameras":{}}
execute on vehicle unless entity @s[tag=aj.transforms_only] run function animated_java:wander/variants/ice_on/apply