# This file was generated by Animated Java via MC-Build. It is not recommended to edit this file directly.
$data merge entity $(bone_nose) { transformation: [-0.9302617085176463f,-0.005241839073951881f,0.3668592056756279f,-0.1285146077144387f,0.14571819975610678f,0.9123753615942046f,0.38254072438850706f,3.8258563207092045f,-0.33671851734894126f,0.40932105086223824f,-0.8479840313327626f,3.7802662017620405f,0f,0f,0f,1f], start_interpolation: 0, interpolation_duration: 1 }
$data merge entity $(bone_glowing_eye) { transformation: [-0.9302617085176463f,-0.005241839073951881f,0.3668592056756279f,-0.25795401764344805f,0.14571819975610678f,0.9123753615942046f,0.38254072438850706f,3.892497323042969f,-0.33671851734894126f,0.40932105086223824f,-0.8479840313327626f,3.7954816807337113f,0f,0f,0f,1f], start_interpolation: 0, interpolation_duration: 1 }
$data merge entity $(bone_head) { transformation: [-0.9302617085176463f,-0.005241839073951881f,0.3668592056756279f,-0.059171141247544516f,0.14571819975610678f,0.9123753615942046f,0.38254072438850706f,3.784831725577927f,-0.33671851734894126f,0.40932105086223824f,-0.8479840313327626f,3.570935267742639f,0f,0f,0f,1f], start_interpolation: 0, interpolation_duration: 1 }
$data merge entity $(bone_leftthumb2) { transformation: [-0.3817399337307713f,-0.15986306200347986f,0.9103397302118029f,0.9811312855253392f,0.3184727256700289f,0.9018628459480216f,0.2919221302039936f,1.953945645395879f,-0.8676691454693597f,0.40135670980488936f,-0.2933650379562374f,2.4611712471127f,0f,0f,0f,1f], start_interpolation: 0, interpolation_duration: 1 }
$data merge entity $(bone_leftthumb) { transformation: [-0.3817399337307713f,-0.15986306200347986f,0.9103397302118029f,1.019721426036526f,0.3184727256700289f,0.9018628459480216f,0.2919221302039936f,2.2000676798351946f,-0.8676691454693597f,0.40135670980488936f,-0.2933650379562374f,2.53453072728588f,0f,0f,0f,1f], start_interpolation: 0, interpolation_duration: 1 }
$data merge entity $(bone_leftpointerfinger) { transformation: [-0.3817399337307713f,-0.15986306200347986f,0.9103397302118029f,1.1566014733618992f,0.3184727256700289f,0.9018628459480216f,0.2919221302039936f,1.8829948289916527f,-0.8676691454693597f,0.40135670980488936f,-0.2933650379562374f,2.483985383512663f,0f,0f,0f,1f], start_interpolation: 0, interpolation_duration: 1 }
$data merge entity $(bone_leftmidfinger) { transformation: [-0.3817399337307713f,-0.15986306200347986f,0.9103397302118029f,1.2988420562074934f,0.3184727256700289f,0.9018628459480216f,0.2919221302039936f,1.9286076618360268f,-0.8676691454693597f,0.40135670980488936f,-0.2933650379562374f,2.438147096332001f,0f,0f,0f,1f], start_interpolation: 0, interpolation_duration: 1 }
$data merge entity $(bone_leftringfinger) { transformation: [-0.3817399337307713f,-0.15986306200347986f,0.9103397302118029f,1.4410826390530875f,0.3184727256700289f,0.9018628459480216f,0.2919221302039936f,1.9742204946804007f,-0.8676691454693597f,0.40135670980488936f,-0.2933650379562374f,2.3923088091513387f,0f,0f,0f,1f], start_interpolation: 0, interpolation_duration: 1 }
$data merge entity $(bone_invisibility) { transformation: [-0.0799133994492663f,-0.920808596606096f,0.3817399337307714f,1.03909209681163f,0.9238736756217593f,-0.21220875216974988f,-0.3184727256700287f,2.0322271472614735f,0.3742609785719071f,0.32722923756728883f,0.8676691454693594f,2.3743634663082003f,0f,0f,0f,1f], start_interpolation: 0, interpolation_duration: 1 }
$data merge entity $(bone_swiftness) { transformation: [0.9103397302118028f,-0.15986306200347986f,0.38173993373077153f,1.211546743824794f,0.29192213020399366f,0.9018628459480216f,-0.3184727256700288f,1.9814221531779976f,-0.2933650379562376f,0.40135670980488936f,0.8676691454693596f,2.219816129727222f,0f,0f,0f,1f], start_interpolation: 0, interpolation_duration: 1 }
$data merge entity $(bone_suspicious_stew) { transformation: [0.23984105642233297f,-0.8926090357202564f,0.3817399337307714f,1.2172743772577561f,0.9407369433521806f,0.1165724084708667f,-0.3184727256700288f,2.044687725770909f,0.2397712890790208f,0.43549969337974914f,0.8676691454693599f,2.300543925919302f,0f,0f,0f,1f], start_interpolation: 0, interpolation_duration: 1 }
$data merge entity $(bone_log) { transformation: [-0.3817399337307713f,-0.15986306200347986f,0.9103397302118029f,1.2041755505737397f,0.3184727256700289f,0.9018628459480216f,0.2919221302039936f,2.2009612493992887f,-0.8676691454693597f,0.40135670980488936f,-0.2933650379562374f,2.255618046102962f,0f,0f,0f,1f], start_interpolation: 0, interpolation_duration: 1 }
$data merge entity $(bone_planks) { transformation: [-0.3817399337307713f,-0.15986306200347986f,0.9103397302118029f,1.1683874317864797f,0.3184727256700289f,0.9018628459480216f,0.2919221302039936f,2.230818067430854f,-0.8676691454693597f,0.40135670980488936f,-0.2933650379562374f,2.1742740637152096f,0f,0f,0f,1f], start_interpolation: 0, interpolation_duration: 1 }
$data merge entity $(bone_lefthand) { transformation: [-0.3817399337307713f,-0.15986306200347986f,0.9103397302118029f,1.2311966519364437f,0.3184727256700289f,0.9018628459480216f,0.2919221302039936f,2.337686212899912f,-0.8676691454693597f,0.40135670980488936f,-0.2933650379562374f,2.5820421673576566f,0f,0f,0f,1f], start_interpolation: 0, interpolation_duration: 1 }
$data merge entity $(bone_leftforearm) { transformation: [-0.9690309417551143f,-0.15986306200347986f,0.1882095516387731f,1.0552877283611963f,-0.06585340205778811f,0.9018628459480216f,0.4269739295741019f,2.9610212211789078f,-0.23799656165291913f,0.40135670980488936f,-0.8844605294392631f,2.8631910146084003f,0f,0f,0f,1f], start_interpolation: 0, interpolation_duration: 1 }
$data merge entity $(bone_leftelbow) { transformation: [-0.980331126326091f,-0.19651547556311988f,-0.018235970509371147f,1.0184410766931113f,-0.14835365526359348f,0.6728150843423798f,0.7247834540407825f,3.087174049493104f,-0.13016172911477727f,0.713233152724659f,-0.6887353585582014f,2.996922230744274f,0f,0f,0f,1f], start_interpolation: 0, interpolation_duration: 1 }
$data merge entity $(bone_leftarm) { transformation: [-0.980331126326091f,-0.19651547556311988f,-0.018235970509371147f,0.7063057791061368f,-0.14835365526359348f,0.6728150843423798f,0.7247834540407825f,3.3684797466366083f,-0.13016172911477727f,0.713233152724659f,-0.6887353585582014f,3.3465889088176897f,0f,0f,0f,1f], start_interpolation: 0, interpolation_duration: 1 }
$data merge entity $(bone_rightthumb2) { transformation: [-0.7876736146862475f,-0.5782669676417858f,-0.21255020786034284f,-0.38535717631479943f,-0.5911909330508691f,0.8065245034795809f,-0.0033920444363641916f,1.8133713320826912f,0.1733884581093672f,0.12298593180274484f,-0.9771442591414365f,3.108564730016705f,0f,0f,0f,1f], start_interpolation: 0, interpolation_duration: 1 }
$data merge entity $(bone_rightthumb) { transformation: [-0.7876736146862475f,-0.5782669676417858f,-0.21255020786034284f,-0.5453368225149153f,-0.5911909330508691f,0.8065245034795809f,-0.0033920444363641916f,2.010875541989862f,0.1733884581093672f,0.12298593180274484f,-0.9771442591414365f,3.0552218018712605f,0f,0f,0f,1f], start_interpolation: 0, interpolation_duration: 1 }
$data merge entity $(bone_rightpointerfinger) { transformation: [-0.7876736146862475f,-0.5782669676417858f,-0.21255020786034284f,-0.4517080663572162f,-0.5911909330508691f,0.8065245034795809f,-0.0033920444363641916f,1.6814141789002308f,0.1733884581093672f,0.12298593180274484f,-0.9771442591414365f,2.988027768456942f,0f,0f,0f,1f], start_interpolation: 0, interpolation_duration: 1 }
$data merge entity $(bone_rightmidfinger) { transformation: [-0.7876736146862475f,-0.5782669676417858f,-0.21255020786034284f,-0.4849190363353948f,-0.5911909330508691f,0.8065245034795809f,-0.0033920444363641916f,1.680884171957049f,0.1733884581093672f,0.12298593180274484f,-0.9771442591414365f,2.8353489779660928f,0f,0f,0f,1f], start_interpolation: 0, interpolation_duration: 1 }
$data merge entity $(bone_rightringfinger) { transformation: [-0.7876736146862475f,-0.5782669676417858f,-0.21255020786034284f,-0.5181300063135734f,-0.5911909330508691f,0.8065245034795809f,-0.0033920444363641916f,1.6803541650138671f,0.1733884581093672f,0.12298593180274484f,-0.9771442591414365f,2.682670187475243f,0f,0f,0f,1f], start_interpolation: 0, interpolation_duration: 1 }
$data merge entity $(bone_hugeasssword) { transformation: [-3.0850549908544695f,-2.2648789565969945f,-0.8324883141196762f,-0.38983261323878016f,-2.3154978211159043f,3.158887638628359f,-0.013285507375759752f,2.001797554012294f,0.6791047942616882f,0.4816948995607506f,-3.82714834830396f,2.8295420652273093f,0f,0f,0f,1f], start_interpolation: 0, interpolation_duration: 1 }
$data merge entity $(bone_ice) { transformation: [-1.1815104220293713f,-0.8674004514626786f,-0.31882531179051427f,-0.36848979163990464f,-0.8867863995763037f,1.2097867552193713f,-0.005088066654546287f,1.9984329669743455f,0.2600826871640508f,0.18447889770411724f,-1.465716388712155f,2.8249112153849327f,0f,0f,0f,1f], start_interpolation: 0, interpolation_duration: 1 }
$data merge entity $(bone_righthand) { transformation: [-0.7876736146862475f,-0.5782669676417858f,-0.21255020786034284f,-0.7166171312175487f,-0.5911909330508691f,0.8065245034795809f,-0.0033920444363641916f,2.052160358192887f,0.1733884581093672f,0.12298593180274484f,-0.9771442591414365f,2.8684690547647906f,0f,0f,0f,1f], start_interpolation: 0, interpolation_duration: 1 }
$data merge entity $(bone_rightforearm) { transformation: [-0.5027387698760147f,-0.30762727758419783f,-0.8078484928188494f,-0.8888737549513923f,-0.4422094560632186f,0.894521527521984f,-0.06543725061468407f,2.7097813552765877f,0.7427681510618397f,0.3243403997128194f,-0.5857463434647326f,3.0592501754881383f,0f,0f,0f,1f], start_interpolation: 0, interpolation_duration: 1 }
$data merge entity $(bone_rightelbow) { transformation: [-0.43205094373140834f,-0.21546270503219647f,-0.8757327245004655f,-0.9292730121449292f,-0.4231844158425818f,0.9059336744350291f,-0.014111261907410605f,2.8796439192331555f,0.7963962155916942f,0.36449965742762414f,-0.4825899579626292f,3.127593861255818f,0f,0f,0f,1f], start_interpolation: 0, interpolation_duration: 1 }
$data merge entity $(bone_rightarm) { transformation: [-0.43205094373140834f,0.057847475029696706f,-0.899992028661081f,-0.7777133797931765f,-0.4231844158425818f,0.868247639856195f,0.258961360191284f,3.3982467876208404f,0.7963962155916942f,0.49274710097253294f,-0.3506470622640264f,3.210713460277152f,0f,0f,0f,1f], start_interpolation: 0, interpolation_duration: 1 }
$data merge entity $(bone_chest) { transformation: [-1.0786056992921031f,-0.04607579973298114f,0.08998820614208461f,-0.026773376492857135f,0.021635098080854835f,0.8367450283310048f,0.6877505297747785f,3.3295684585372203f,-0.09875615979135627f,0.6865463490205325f,-0.8321733248914869f,3.0918684632646096f,0f,0f,0f,1f], start_interpolation: 0, interpolation_duration: 1 }
$data merge entity $(bone_chest1lid) { transformation: [-0.9956360301157876f,-0.04253150744582875f,0.08306603643884734f,-0.3701474921740138f,0.019970859766942926f,0.7723800261516969f,0.6348466428690264f,2.5600766091342946f,-0.0911595321150981f,0.6337350914035684f,-0.7681599922075264f,2.928214185003407f,0f,0f,0f,1f], start_interpolation: 0, interpolation_duration: 1 }
$data merge entity $(bone_chest1) { transformation: [-0.9956360301157876f,-0.04253150744582875f,0.08306603643884734f,-0.3635019441356031f,0.019970859766942926f,0.7723800261516969f,0.6348466428690264f,2.439392230048092f,-0.0911595321150981f,0.6337350914035684f,-0.7681599922075264f,2.8291930769715994f,0f,0f,0f,1f], start_interpolation: 0, interpolation_duration: 1 }
$data merge entity $(bone_chest1lid3) { transformation: [-0.9956360301157876f,-0.04253150744582875f,0.08306603643884734f,-0.25470606069814056f,0.019970859766942926f,0.7723800261516969f,0.6348466428690264f,2.9655270609868305f,-0.0911595321150981f,0.6337350914035684f,-0.7681599922075264f,2.441809160752654f,0f,0f,0f,1f], start_interpolation: 0, interpolation_duration: 1 }
$data merge entity $(bone_chest3) { transformation: [-0.9956360301157876f,-0.04253150744582875f,0.08306603643884734f,-0.2480605126597298f,0.019970859766942926f,0.7723800261516969f,0.6348466428690264f,2.844842681900628f,-0.0911595321150981f,0.6337350914035684f,-0.7681599922075264f,2.3427880527208464f,0f,0f,0f,1f], start_interpolation: 0, interpolation_duration: 1 }
$data merge entity $(bone_hugeasssword2) { transformation: [-0.325341976052153f,2.7625268755175485f,-2.757331252939971f,-1.2807912119361404f,-2.4864826845703534f,1.9860959196993329f,2.2832224234321217f,4.418556938714218f,3.008626636146145f,1.9401407262295927f,1.5888037967209843f,3.511369306602538f,0f,0f,0f,1f], start_interpolation: 0, interpolation_duration: 1 }
$data merge entity $(bone_belt) { transformation: [-0.9956360301157876f,-0.04253150744582875f,0.08306603643884734f,0.011183624532674654f,0.019970859766942926f,0.7723800261516969f,0.6348466428690264f,2.9381636683772916f,-0.0911595321150981f,0.6337350914035684f,-0.7681599922075264f,2.9429065535500034f,0f,0f,0f,1f], start_interpolation: 0, interpolation_duration: 1 }
$data merge entity $(bone_torn_part) { transformation: [-0.9956360301157876f,-0.062422672925885006f,0.06937078232269321f,-0.0998623164679599f,0.019970859766942926f,0.5836117641223709f,0.811787209518691f,2.7225536050184393f,-0.0911595321150981f,0.8096299887496522f,-0.5798182655123884f,2.7542241077074707f,0f,0f,0f,1f], start_interpolation: 0, interpolation_duration: 1 }
$data merge entity $(bone_lowerbody) { transformation: [-0.9956360301157876f,-0.038673364719846594f,0.08493095075718997f,0.004307828514917753f,0.019970859766942926f,0.8007095539652419f,0.5987197799880613f,2.245436894786412f,-0.0911595321150981f,0.597803129006556f,-0.7964429412422006f,2.583230135292538f,0f,0f,0f,1f], start_interpolation: 0, interpolation_duration: 1 }
$data merge entity $(bone_leftfoot) { transformation: [-0.9904722412263827f,0.1182540938588962f,0.07057413581190931f,0.0277505189638306f,0.09931197396778545f,0.9683860294433657f,-0.22883537708478302f,0.17449558983454416f,-0.09540372732031153f,-0.21964623207449813f,-0.970903528445987f,2.855574707129449f,0f,0f,0f,1f], start_interpolation: 0, interpolation_duration: 1 }
$data merge entity $(bone_leftlowerleg) { transformation: [-0.9904722412263827f,0.1182540938588962f,0.07057413581190931f,0.14809524713288788f,0.09931197396778545f,0.9683860294433657f,-0.22883537708478302f,1.2839583957825802f,-0.09540372732031153f,-0.21964623207449813f,-0.970903528445987f,2.7610797478645916f,0f,0f,0f,1f], start_interpolation: 0, interpolation_duration: 1 }
$data merge entity $(bone_leftleg) { transformation: [-0.9904722412263827f,0.1265681275435982f,0.054270143265831794f,0.2502083288224756f,0.09931197396778545f,0.929490400159756f,-0.35522489754728404f,2.2838961675176286f,-0.09540372732031153f,-0.3464507253578263f,-0.9332041704324021f,2.4142968720490208f,0f,0f,0f,1f], start_interpolation: 0, interpolation_duration: 1 }
$data merge entity $(bone_rightfoot) { transformation: [-0.9755827104713242f,0.12615623190389486f,0.1797859287631684f,-0.5956400306953109f,0.21395613493324633f,0.7307875119878703f,0.6482070538392841f,0.6646516928408422f,-0.04960995216537517f,0.6708458969647119f,-0.7399355614996217f,1.0556172176517402f,0f,0f,0f,1f], start_interpolation: 0, interpolation_duration: 1 }
$data merge entity $(bone_rightlowerleg) { transformation: [-0.9755827104713242f,0.12615623190389486f,0.1797859287631684f,-0.48330878231795005f,0.21395613493324633f,0.7307875119878703f,0.6482070538392841f,1.3757749110358404f,-0.04960995216537517f,0.6708458969647119f,-0.7399355614996217f,1.9135247464033027f,0f,0f,0f,1f], start_interpolation: 0, interpolation_duration: 1 }
$data merge entity $(bone_rightleg) { transformation: [-0.9544037950141531f,0.19720329844763684f,0.224107686490122f,-0.24979134348125853f,0.27505368320057433f,0.8726807877785503f,0.4034522450055357f,2.2838961675176286f,-0.11601235891223229f,0.44669799834293084f,-0.8871313492691137f,2.4148693195649216f,0f,0f,0f,1f], start_interpolation: 0, interpolation_duration: 1 }
data modify entity @s data merge value {"locators":{"lefthand":{"posx":1.238228912795462,"posy":2.0960851132435967,"posz":2.3101898642552734,"roty":72.1380045375064,"rotx":16.97306625067287},"righthand":{"posx":-0.4299776746495196,"posy":1.9304598723282762,"posz":2.8545126071973526,"roty":347.7280853526702,"rotx":-0.1943502028235033},"chest":{"posx":-0.41158196709333783,"posy":2.413232158919245,"posz":3.005782005194513,"roty":6.171775914221655,"rotx":39.40861118342789},"sack":{"posx":0,"posy":-0.4375,"posz":0,"roty":0,"rotx":0}},"cameras":{}}