# This file was generated by Animated Java via MC-Build. It is not recommended to edit this file directly.
$data merge entity $(nose) {transformation: [-0.9874f,0.0825f,-0.1353f,-0.3105f,0.1584f,0.5114f,-0.8446f,2.5146f,-0.0005f,-0.8554f,-0.518f,-3.5161f,0f,0f,0f,1f],start_interpolation: 0,interpolation_duration: 1}
$data merge entity $(glowing_eye) {transformation: [-0.9874f,0.0825f,-0.1353f,-0.4236f,0.1584f,0.5114f,-0.8446f,2.5985f,-0.0005f,-0.8554f,-0.518f,-3.556f,0f,0f,0f,1f],start_interpolation: 0,interpolation_duration: 1}
$data merge entity $(head) {transformation: [-0.9874f,0.0825f,-0.1353f,-0.346f,0.1584f,0.5114f,-0.8446f,2.2933f,-0.0005f,-0.8554f,-0.518f,-3.5075f,0f,0f,0f,1f],start_interpolation: 0,interpolation_duration: 1}
$data merge entity $(leftthumb2) {transformation: [-0.0656f,0.2871f,0.9557f,-0.0262f,-0.8924f,0.4117f,-0.1849f,0.9284f,-0.4465f,-0.8649f,0.2292f,-1.9323f,0f,0f,0f,1f],start_interpolation: 0,interpolation_duration: 1}
$data merge entity $(leftthumb) {transformation: [-0.0656f,0.2871f,0.9557f,0.1259f,-0.8924f,0.4117f,-0.1849f,1.0136f,-0.4465f,-0.8649f,0.2292f,-2.1248f,0f,0f,0f,1f],start_interpolation: 0,interpolation_duration: 1}
$data merge entity $(leftpointerfinger) {transformation: [-0.0656f,0.2871f,0.9557f,0.0837f,-0.8924f,0.4117f,-0.1849f,0.9675f,-0.4465f,-0.8649f,0.2292f,-1.7815f,0f,0f,0f,1f],start_interpolation: 0,interpolation_duration: 1}
$data merge entity $(leftmidfinger) {transformation: [-0.0656f,0.2871f,0.9557f,0.233f,-0.8924f,0.4117f,-0.1849f,0.9386f,-0.4465f,-0.8649f,0.2292f,-1.7456f,0f,0f,0f,1f],start_interpolation: 0,interpolation_duration: 1}
$data merge entity $(leftringfinger) {transformation: [-0.0656f,0.2871f,0.9557f,0.3823f,-0.8924f,0.4117f,-0.1849f,0.9097f,-0.4465f,-0.8649f,0.2292f,-1.7098f,0f,0f,0f,1f],start_interpolation: 0,interpolation_duration: 1}
$data merge entity $(invisibility) {transformation: [0.3693f,-0.927f,0.0656f,0.0729f,0.394f,0.2201f,0.8924f,0.8509f,-0.8417f,-0.3037f,0.4465f,-1.9669f,0f,0f,0f,1f],start_interpolation: 0,interpolation_duration: 1}
$data merge entity $(swiftness) {transformation: [0.9557f,0.2871f,0.0656f,0.2098f,-0.1849f,0.4117f,0.8924f,0.714f,0.2292f,-0.8649f,0.4465f,-1.8301f,0f,0f,0f,1f],start_interpolation: 0,interpolation_duration: 1}
$data merge entity $(suspicious_stew) {transformation: [0.6641f,-0.7448f,0.0656f,0.2387f,0.2949f,0.3415f,0.8924f,0.797f,-0.687f,-0.5733f,0.4465f,-1.8834f,0f,0f,0f,1f],start_interpolation: 0,interpolation_duration: 1}
$data merge entity $(log) {transformation: [-0.0656f,0.2871f,0.9557f,0.3132f,-0.8924f,0.4117f,-0.1849f,0.7561f,-0.4465f,-0.8649f,0.2292f,-2.0227f,0f,0f,0f,1f],start_interpolation: 0,interpolation_duration: 1}
$data merge entity $(planks) {transformation: [-0.0656f,0.2871f,0.9557f,0.307f,-0.8924f,0.4117f,-0.1849f,0.6724f,-0.4465f,-0.8649f,0.2292f,-2.0645f,0f,0f,0f,1f],start_interpolation: 0,interpolation_duration: 1}
$data merge entity $(lefthand1) {transformation: [-0.0656f,0.2871f,0.9557f,0.3715f,-0.8924f,0.4117f,-0.1849f,1.0879f,-0.4465f,-0.8649f,0.2292f,-2.1344f,0f,0f,0f,1f],start_interpolation: 0,interpolation_duration: 1}
$data merge entity $(leftforearm) {transformation: [-0.0656f,0.2871f,0.9557f,0.5543f,-0.8924f,0.4117f,-0.1849f,1.3245f,-0.4465f,-0.8649f,0.2292f,-2.7741f,0f,0f,0f,1f],start_interpolation: 0,interpolation_duration: 1}
$data merge entity $(leftelbow) {transformation: [-0.0656f,0.2871f,0.9557f,0.6082f,-0.8924f,0.4117f,-0.1849f,1.4016f,-0.4465f,-0.8649f,0.2292f,-2.9362f,0f,0f,0f,1f],start_interpolation: 0,interpolation_duration: 1}
$data merge entity $(leftarm) {transformation: [-0.9885f,-0.1163f,-0.0967f,0.3368f,-0.0377f,0.8084f,-0.5875f,1.8159f,0.1465f,-0.5771f,-0.8035f,-3.1676f,0f,0f,0f,1f],start_interpolation: 0,interpolation_duration: 1}
$data merge entity $(rightthumb2) {transformation: [-0.3185f,-0.6996f,-0.6396f,-0.2955f,0.909f,-0.0341f,-0.4154f,2.0971f,0.2688f,-0.7137f,0.6468f,-1.9775f,0f,0f,0f,1f],start_interpolation: 0,interpolation_duration: 1}
$data merge entity $(rightthumb) {transformation: [-0.3185f,-0.6996f,-0.6396f,-0.5217f,0.909f,-0.0341f,-0.4154f,2.0533f,0.2688f,-0.7137f,0.6468f,-2.0973f,0f,0f,0f,1f],start_interpolation: 0,interpolation_duration: 1}
$data merge entity $(rightpointerfinger) {transformation: [-0.3185f,-0.6996f,-0.6396f,-0.357f,0.909f,-0.0341f,-0.4154f,2.1444f,0.2688f,-0.7137f,0.6468f,-1.8034f,0f,0f,0f,1f],start_interpolation: 0,interpolation_duration: 1}
$data merge entity $(rightmidfinger) {transformation: [-0.3185f,-0.6996f,-0.6396f,-0.4569f,0.909f,-0.0341f,-0.4154f,2.0795f,0.2688f,-0.7137f,0.6468f,-1.7023f,0f,0f,0f,1f],start_interpolation: 0,interpolation_duration: 1}
$data merge entity $(rightringfinger) {transformation: [-0.3185f,-0.6996f,-0.6396f,-0.5568f,0.909f,-0.0341f,-0.4154f,2.0146f,0.2688f,-0.7137f,0.6468f,-1.6013f,0f,0f,0f,1f],start_interpolation: 0,interpolation_duration: 1}
$data merge entity $(hugeasssword) {transformation: [-1.2475f,-2.7401f,-2.5052f,-0.5044f,3.5603f,-0.1335f,-1.6268f,1.8376f,1.0527f,-2.7954f,2.5333f,-1.9288f,0f,0f,0f,1f],start_interpolation: 0,interpolation_duration: 1}
$data merge entity $(whey) {transformation: [-0.3185f,0.473f,-0.8214f,-0.2941f,0.909f,0.3981f,-0.1232f,1.743f,0.2688f,-0.7859f,-0.5568f,-1.999f,0f,0f,0f,1f],start_interpolation: 0,interpolation_duration: 1}
$data merge entity $(ice) {transformation: [-0.3185f,-0.6996f,-0.6396f,-0.4885f,0.909f,-0.0341f,-0.4154f,1.8239f,0.2688f,-0.7137f,0.6468f,-1.9218f,0f,0f,0f,1f],start_interpolation: 0,interpolation_duration: 1}
$data merge entity $(righthand1) {transformation: [-0.3185f,-0.6996f,-0.6396f,-0.763f,0.909f,-0.0341f,-0.4154f,2.0297f,0.2688f,-0.7137f,0.6468f,-2.0129f,0f,0f,0f,1f],start_interpolation: 0,interpolation_duration: 1}
$data merge entity $(rightforearm) {transformation: [-0.3185f,-0.6996f,-0.6396f,-1.225f,0.909f,-0.0341f,-0.4154f,1.9554f,0.2688f,-0.7137f,0.6468f,-2.5416f,0f,0f,0f,1f],start_interpolation: 0,interpolation_duration: 1}
$data merge entity $(rightelbow) {transformation: [-0.3185f,-0.6996f,-0.6396f,-1.3562f,0.909f,-0.0341f,-0.4154f,1.949f,0.2688f,-0.7137f,0.6468f,-2.6754f,0f,0f,0f,1f],start_interpolation: 0,interpolation_duration: 1}
$data merge entity $(rightarm) {transformation: [-0.883f,0.0082f,-0.4693f,-1.1443f,0.442f,0.351f,-0.8255f,2.0536f,0.1579f,-0.9364f,-0.3135f,-3.1684f,0f,0f,0f,1f],start_interpolation: 0,interpolation_duration: 1}
$data merge entity $(chest1) {transformation: [-1.0697f,0.1322f,-0.1095f,-0.4367f,0.1716f,0.8218f,-0.6847f,1.744f,-0.0005f,-0.6934f,-0.8323f,-3.15f,0f,0f,0f,1f],start_interpolation: 0,interpolation_duration: 1}
$data merge entity $(chest1lid) {transformation: [-0.9874f,0.122f,-0.101f,-0.8177f,0.1584f,0.7586f,-0.632f,1.5269f,-0.0005f,-0.6401f,-0.7683f,-2.412f,0f,0f,0f,1f],start_interpolation: 0,interpolation_duration: 1}
$data merge entity $(chest2) {transformation: [-0.9874f,0.122f,-0.101f,-0.8367f,0.1584f,0.7586f,-0.632f,1.4084f,-0.0005f,-0.6401f,-0.7683f,-2.312f,0f,0f,0f,1f],start_interpolation: 0,interpolation_duration: 1}
$data merge entity $(chest1lid3) {transformation: [-0.9874f,0.122f,-0.101f,-0.8207f,0.1584f,0.7586f,-0.632f,1.1121f,-0.0005f,-0.6401f,-0.7683f,-2.9042f,0f,0f,0f,1f],start_interpolation: 0,interpolation_duration: 1}
$data merge entity $(chest3) {transformation: [-0.9874f,0.122f,-0.101f,-0.8398f,0.1584f,0.7586f,-0.632f,0.9936f,-0.0005f,-0.6401f,-0.7683f,-2.8042f,0f,0f,0f,1f],start_interpolation: 0,interpolation_duration: 1}
$data merge entity $(hugeasssword2) {transformation: [0.3957f,3.1741f,-2.2603f,-1.5384f,2.4755f,1.5497f,2.6097f,2.6519f,3.0092f,-1.6923f,-1.8496f,-4.0968f,0f,0f,0f,1f],start_interpolation: 0,interpolation_duration: 1}
$data merge entity $(belt) {transformation: [-0.9874f,0.122f,-0.101f,-0.4405f,0.1584f,0.7586f,-0.632f,1.5195f,-0.0005f,-0.6401f,-0.7683f,-2.7944f,0f,0f,0f,1f],start_interpolation: 0,interpolation_duration: 1}
$data merge entity $(torn_part) {transformation: [-0.9874f,0.1427f,-0.0688f,-0.5962f,0.1584f,0.8882f,-0.4313f,1.3289f,-0.0005f,-0.4367f,-0.8996f,-2.6126f,0f,0f,0f,1f],start_interpolation: 0,interpolation_duration: 1}
$data merge entity $(lowerbody) {transformation: [-0.9874f,0.1154f,-0.1085f,-0.5408f,0.1584f,0.7174f,-0.6784f,1.0585f,-0.0005f,-0.687f,-0.7266f,-2.1749f,0f,0f,0f,1f],start_interpolation: 0,interpolation_duration: 1}
$data merge entity $(leftfoot) {transformation: [-0.3992f,0.8966f,-0.192f,-1.4613f,0.8883f,0.3263f,-0.323f,0.7319f,-0.227f,-0.2995f,-0.9267f,-1.0867f,0f,0f,0f,1f],start_interpolation: 0,interpolation_duration: 1}
$data merge entity $(leftlowerleg) {transformation: [-0.3992f,0.8966f,-0.192f,-0.4372f,0.8883f,0.3263f,-0.323f,1.1436f,-0.227f,-0.2995f,-0.9267f,-1.2765f,0f,0f,0f,1f],start_interpolation: 0,interpolation_duration: 1}
$data merge entity $(leftleg) {transformation: [-0.7372f,0.1198f,-0.665f,-0.3156f,0.6238f,-0.2576f,-0.7379f,0.9086f,-0.2597f,-0.9588f,0.1152f,-2.3063f,0f,0f,0f,1f],start_interpolation: 0,interpolation_duration: 1}
$data merge entity $(rightfoot) {transformation: [-0.7115f,-0.6912f,-0.1269f,0.0354f,-0.5655f,0.6703f,-0.4806f,0.7341f,0.4172f,-0.2701f,-0.8677f,-1.244f,0f,0f,0f,1f],start_interpolation: 0,interpolation_duration: 1}
$data merge entity $(rightlowerleg) {transformation: [-0.7115f,-0.6912f,-0.1269f,-0.7119f,-0.5655f,0.6703f,-0.4806f,1.5515f,0.4172f,-0.2701f,-0.8677f,-1.4103f,0f,0f,0f,1f],start_interpolation: 0,interpolation_duration: 1}
$data merge entity $(rightleg) {transformation: [-0.8092f,-0.1013f,0.5788f,-0.8093f,-0.4342f,-0.5606f,-0.7051f,0.9878f,0.3959f,-0.8218f,0.4097f,-2.3066f,0f,0f,0f,1f],start_interpolation: 0,interpolation_duration: 1}
data modify entity @s data merge value {"cameras":{},"locators":{"soup":{"px":0.1085931192854997,"py":0.827791484137863,"pz":-1.9959073583840803,"ry":171.6459729526961,"rx":63.17450297781846},"lefthand":{"px":0.28197300303181966,"py":0.8104930523683758,"pz":-1.9168026955084145,"ry":103.48800735512499,"rx":-10.655256819354877},"sword":{"px":1.861196766371683,"py":3.4478219967949153,"pz":-4.280676438891341,"ry":224.68050442613207,"rx":-24.541901498944355},"righthand":{"px":-0.4974329616083099,"py":1.9161871453696582,"pz":-1.8955943148988437,"ry":224.68050442613207,"rx":-24.541901498944355},"chest":{"px":-0.8403699698138919,"py":1.583245828563031,"pz":-2.2519743989436134,"ry":352.50850727661646,"rx":-39.20128125949069}}}