# This file was generated by Animated Java via MC-Build. It is not recommended to edit this file directly.
$data merge entity $(nose) {transformation: [-0.9853f,0.0765f,-0.1525f,-0.2879f,0.1706f,0.439f,-0.8822f,2.4214f,-0.0005f,-0.8952f,-0.4456f,-3.7107f,0f,0f,0f,1f],start_interpolation: 0,interpolation_duration: 1}
$data merge entity $(glowing_eye) {transformation: [-0.9853f,0.0765f,-0.1525f,-0.4005f,0.1706f,0.439f,-0.8822f,2.5032f,-0.0005f,-0.8952f,-0.4456f,-3.7558f,0f,0f,0f,1f],start_interpolation: 0,interpolation_duration: 1}
$data merge entity $(head) {transformation: [-0.9853f,0.0765f,-0.1525f,-0.3259f,0.1706f,0.439f,-0.8822f,2.202f,-0.0005f,-0.8952f,-0.4456f,-3.6836f,0f,0f,0f,1f],start_interpolation: 0,interpolation_duration: 1}
$data merge entity $(leftthumb2) {transformation: [-0.0758f,0.2675f,0.9606f,0.0199f,-0.9024f,0.3915f,-0.1802f,0.8857f,-0.4243f,-0.8804f,0.2117f,-2.0497f,0f,0f,0f,1f],start_interpolation: 0,interpolation_duration: 1}
$data merge entity $(leftthumb) {transformation: [-0.0758f,0.2675f,0.9606f,0.1676f,-0.9024f,0.3915f,-0.1802f,0.9663f,-0.4243f,-0.8804f,0.2117f,-2.2475f,0f,0f,0f,1f],start_interpolation: 0,interpolation_duration: 1}
$data merge entity $(leftpointerfinger) {transformation: [-0.0758f,0.2675f,0.9606f,0.1332f,-0.9024f,0.3915f,-0.1802f,0.9281f,-0.4243f,-0.8804f,0.2117f,-1.9023f,0f,0f,0f,1f],start_interpolation: 0,interpolation_duration: 1}
$data merge entity $(leftmidfinger) {transformation: [-0.0758f,0.2675f,0.9606f,0.2832f,-0.9024f,0.3915f,-0.1802f,0.9f,-0.4243f,-0.8804f,0.2117f,-1.8692f,0f,0f,0f,1f],start_interpolation: 0,interpolation_duration: 1}
$data merge entity $(leftringfinger) {transformation: [-0.0758f,0.2675f,0.9606f,0.4333f,-0.9024f,0.3915f,-0.1802f,0.8718f,-0.4243f,-0.8804f,0.2117f,-1.8361f,0f,0f,0f,1f],start_interpolation: 0,interpolation_duration: 1}
$data merge entity $(invisibility) {transformation: [0.3502f,-0.9336f,0.0758f,0.1182f,0.3743f,0.2136f,0.9024f,0.8074f,-0.8586f,-0.2877f,0.4243f,-2.0848f,0f,0f,0f,1f],start_interpolation: 0,interpolation_duration: 1}
$data merge entity $(swiftness) {transformation: [0.9606f,0.2675f,0.0758f,0.2581f,-0.1802f,0.3915f,0.9024f,0.6736f,0.2117f,-0.8804f,0.4243f,-1.9479f,0f,0f,0f,1f],start_interpolation: 0,interpolation_duration: 1}
$data merge entity $(suspicious_stew) {transformation: [0.6484f,-0.7575f,0.0758f,0.2858f,0.2787f,0.3288f,0.9024f,0.7552f,-0.7085f,-0.564f,0.4243f,-2.0038f,0f,0f,0f,1f],start_interpolation: 0,interpolation_duration: 1}
$data merge entity $(log) {transformation: [-0.0758f,0.2675f,0.9606f,0.3571f,-0.9024f,0.3915f,-0.1802f,0.7111f,-0.4243f,-0.8804f,0.2117f,-2.1437f,0f,0f,0f,1f],start_interpolation: 0,interpolation_duration: 1}
$data merge entity $(planks) {transformation: [-0.0758f,0.2675f,0.9606f,0.35f,-0.9024f,0.3915f,-0.1802f,0.6265f,-0.4243f,-0.8804f,0.2117f,-2.1835f,0f,0f,0f,1f],start_interpolation: 0,interpolation_duration: 1}
$data merge entity $(lefthand1) {transformation: [-0.0758f,0.2675f,0.9606f,0.4129f,-0.9024f,0.3915f,-0.1802f,1.0402f,-0.4243f,-0.8804f,0.2117f,-2.2643f,0f,0f,0f,1f],start_interpolation: 0,interpolation_duration: 1}
$data merge entity $(leftforearm) {transformation: [-0.0758f,0.2675f,0.9606f,0.5813f,-0.9024f,0.3915f,-0.1802f,1.262f,-0.4243f,-0.8804f,0.2117f,-2.9132f,0f,0f,0f,1f],start_interpolation: 0,interpolation_duration: 1}
$data merge entity $(leftelbow) {transformation: [-0.0758f,0.2675f,0.9606f,0.6314f,-0.9024f,0.3915f,-0.1802f,1.3354f,-0.4243f,-0.8804f,0.2117f,-3.0783f,0f,0f,0f,1f],start_interpolation: 0,interpolation_duration: 1}
$data merge entity $(leftarm) {transformation: [-0.9846f,-0.1286f,-0.1185f,0.3555f,-0.0287f,0.7872f,-0.616f,1.7419f,0.1725f,-0.6031f,-0.7788f,-3.3178f,0f,0f,0f,1f],start_interpolation: 0,interpolation_duration: 1}
$data merge entity $(rightthumb2) {transformation: [-0.2994f,-0.7351f,-0.6082f,-0.2267f,0.9196f,-0.0524f,-0.3893f,2.104f,0.2544f,-0.6759f,0.6917f,-2.1749f,0f,0f,0f,1f],start_interpolation: 0,interpolation_duration: 1}
$data merge entity $(rightthumb) {transformation: [-0.2994f,-0.7351f,-0.6082f,-0.459f,0.9196f,-0.0524f,-0.3893f,2.0579f,0.2544f,-0.6759f,0.6917f,-2.2815f,0f,0f,0f,1f],start_interpolation: 0,interpolation_duration: 1}
$data merge entity $(rightpointerfinger) {transformation: [-0.2994f,-0.7351f,-0.6082f,-0.279f,0.9196f,-0.0524f,-0.3893f,2.1574f,0.2544f,-0.6759f,0.6917f,-1.9995f,0f,0f,0f,1f],start_interpolation: 0,interpolation_duration: 1}
$data merge entity $(rightmidfinger) {transformation: [-0.2994f,-0.7351f,-0.6082f,-0.3741f,0.9196f,-0.0524f,-0.3893f,2.0966f,0.2544f,-0.6759f,0.6917f,-1.8914f,0f,0f,0f,1f],start_interpolation: 0,interpolation_duration: 1}
$data merge entity $(rightringfinger) {transformation: [-0.2994f,-0.7351f,-0.6082f,-0.4691f,0.9196f,-0.0524f,-0.3893f,2.0357f,0.2544f,-0.6759f,0.6917f,-1.7833f,0f,0f,0f,1f],start_interpolation: 0,interpolation_duration: 1}
$data merge entity $(hugeasssword) {transformation: [-1.1725f,-2.8793f,-2.3823f,-0.4344f,3.6018f,-0.2051f,-1.5249f,1.8477f,0.9962f,-2.6473f,2.7092f,-2.1071f,0f,0f,0f,1f],start_interpolation: 0,interpolation_duration: 1}
$data merge entity $(whey) {transformation: [-0.2994f,0.4347f,-0.8494f,-0.2285f,0.9196f,0.3688f,-0.1354f,1.7493f,0.2544f,-0.8216f,-0.5102f,-2.1847f,0f,0f,0f,1f],start_interpolation: 0,interpolation_duration: 1}
$data merge entity $(ice) {transformation: [-0.2994f,-0.7351f,-0.6082f,-0.4182f,0.9196f,-0.0524f,-0.3893f,1.8342f,0.2544f,-0.6759f,0.6917f,-2.1005f,0f,0f,0f,1f],start_interpolation: 0,interpolation_duration: 1}
$data merge entity $(righthand1) {transformation: [-0.2994f,-0.7351f,-0.6082f,-0.6958f,0.9196f,-0.0524f,-0.3893f,2.0388f,0.2544f,-0.6759f,0.6917f,-2.1843f,0f,0f,0f,1f],start_interpolation: 0,interpolation_duration: 1}
$data merge entity $(rightforearm) {transformation: [-0.2994f,-0.7351f,-0.6082f,-1.1845f,0.9196f,-0.0524f,-0.3893f,1.9506f,0.2544f,-0.6759f,0.6917f,-2.6862f,0f,0f,0f,1f],start_interpolation: 0,interpolation_duration: 1}
$data merge entity $(rightelbow) {transformation: [-0.2994f,-0.7351f,-0.6082f,-1.3223f,0.9196f,-0.0524f,-0.3893f,1.9408f,0.2544f,-0.6759f,0.6917f,-2.8129f,0f,0f,0f,1f],start_interpolation: 0,interpolation_duration: 1}
$data merge entity $(rightarm) {transformation: [-0.8628f,-0.0095f,-0.5055f,-1.1226f,0.484f,0.2737f,-0.8312f,1.9978f,0.1462f,-0.9618f,-0.2316f,-3.3186f,0f,0f,0f,1f],start_interpolation: 0,interpolation_duration: 1}
$data merge entity $(chest1) {transformation: [-1.0675f,0.1332f,-0.128f,-0.4186f,0.1848f,0.7674f,-0.742f,1.6813f,-0.0006f,-0.753f,-0.7788f,-3.2859f,0f,0f,0f,1f],start_interpolation: 0,interpolation_duration: 1}
$data merge entity $(chest1lid) {transformation: [-0.9853f,0.123f,-0.1182f,-0.7928f,0.1706f,0.7083f,-0.685f,1.5235f,-0.0005f,-0.6951f,-0.7189f,-2.5297f,0f,0f,0f,1f],start_interpolation: 0,interpolation_duration: 1}
$data merge entity $(chest2) {transformation: [-0.9853f,0.123f,-0.1182f,-0.812f,0.1706f,0.7083f,-0.685f,1.4128f,-0.0005f,-0.6951f,-0.7189f,-2.4211f,0f,0f,0f,1f],start_interpolation: 0,interpolation_duration: 1}
$data merge entity $(chest1lid3) {transformation: [-0.9853f,0.123f,-0.1182f,-0.8069f,0.1706f,0.7083f,-0.685f,1.074f,-0.0005f,-0.6951f,-0.7189f,-2.9902f,0f,0f,0f,1f],start_interpolation: 0,interpolation_duration: 1}
$data merge entity $(chest3) {transformation: [-0.9853f,0.123f,-0.1182f,-0.8261f,0.1706f,0.7083f,-0.685f,0.9633f,-0.0005f,-0.6951f,-0.7189f,-2.8816f,0f,0f,0f,1f],start_interpolation: 0,interpolation_duration: 1}
$data merge entity $(hugeasssword2) {transformation: [0.4629f,3.1708f,-2.2522f,-1.5212f,2.6828f,1.3818f,2.4967f,2.5319f,2.8158f,-1.8377f,-2.0085f,-4.2835f,0f,0f,0f,1f],start_interpolation: 0,interpolation_duration: 1}
$data merge entity $(belt) {transformation: [-0.9853f,0.123f,-0.1182f,-0.4205f,0.1706f,0.7083f,-0.685f,1.4834f,-0.0005f,-0.6951f,-0.7189f,-2.9149f,0f,0f,0f,1f],start_interpolation: 0,interpolation_duration: 1}
$data merge entity $(torn_part) {transformation: [-0.9853f,0.1482f,-0.0844f,-0.5763f,0.1706f,0.8547f,-0.4902f,1.3077f,-0.0005f,-0.4974f,-0.8675f,-2.7181f,0f,0f,0f,1f],start_interpolation: 0,interpolation_duration: 1}
$data merge entity $(lowerbody) {transformation: [-0.9853f,0.116f,-0.1251f,-0.5191f,0.1706f,0.6678f,-0.7246f,1.0669f,-0.0005f,-0.7353f,-0.6778f,-2.2637f,0f,0f,0f,1f],start_interpolation: 0,interpolation_duration: 1}
$data merge entity $(leftfoot) {transformation: [-0.4336f,0.8786f,-0.2001f,-1.4557f,0.8686f,0.3484f,-0.3524f,0.6996f,-0.2399f,-0.3266f,-0.9142f,-1.1401f,0f,0f,0f,1f],start_interpolation: 0,interpolation_duration: 1}
$data merge entity $(leftlowerleg) {transformation: [-0.4336f,0.8786f,-0.2001f,-0.4503f,0.8686f,0.3484f,-0.3524f,1.1402f,-0.2399f,-0.3266f,-0.9142f,-1.3619f,0f,0f,0f,1f],start_interpolation: 0,interpolation_duration: 1}
$data merge entity $(leftleg) {transformation: [-0.7588f,0.1509f,-0.6337f,-0.2971f,0.589f,-0.2564f,-0.7664f,0.9062f,-0.2781f,-0.9547f,0.1056f,-2.3877f,0f,0f,0f,1f],start_interpolation: 0,interpolation_duration: 1}
$data merge entity $(rightfoot) {transformation: [-0.7509f,-0.6428f,-0.1519f,0.0604f,-0.4957f,0.7004f,-0.5135f,0.7011f,0.4364f,-0.3103f,-0.8446f,-1.2876f,0f,0f,0f,1f],start_interpolation: 0,interpolation_duration: 1}
$data merge entity $(rightlowerleg) {transformation: [-0.7509f,-0.6428f,-0.1519f,-0.6294f,-0.4957f,0.7004f,-0.5135f,1.557f,0.4364f,-0.3103f,-0.8446f,-1.502f,0f,0f,0f,1f],start_interpolation: 0,interpolation_duration: 1}
$data merge entity $(rightleg) {transformation: [-0.8372f,-0.1628f,0.5222f,-0.7898f,-0.3567f,-0.5611f,-0.7469f,0.9914f,0.4146f,-0.8116f,0.4117f,-2.388f,0f,0f,0f,1f],start_interpolation: 0,interpolation_duration: 1}
data modify entity @s data merge value {"cameras":{},"locators":{"soup":{"px":0.1531978301262145,"py":0.7835577078125362,"pz":-2.1139799593861364,"ry":169.876040252629,"rx":64.46874498872512},"lefthand":{"px":0.32832095641783543,"py":0.7679669912123367,"pz":-2.038440647025055,"ry":102.43047518941049,"rx":-10.381805819452955},"sword":{"px":1.817615220356757,"py":3.3629330929721757,"pz":-4.627598033628332,"ry":221.32605434831615,"rx":-22.91251453069054},"righthand":{"px":-0.4252786409177959,"py":1.9272966172582966,"pz":-2.076905718460398,"ry":221.32605434831615,"rx":-22.91251453069054},"chest":{"px":-0.8127937049272994,"py":1.5915526627321626,"pz":-2.373937447139327,"ry":350.66509268009656,"rx":-43.2323407372214}}}