# This file was generated by Animated Java via MC-Build. It is not recommended to edit this file directly.
$data merge entity $(nose) {transformation: [-0.9809f,0.0578f,-0.1856f,-0.2603f,0.1944f,0.2886f,-0.9375f,2.2077f,-0.0006f,-0.9557f,-0.2943f,-4.0503f,0f,0f,0f,1f],start_interpolation: 0,interpolation_duration: 1}
$data merge entity $(glowing_eye) {transformation: [-0.9809f,0.0578f,-0.1856f,-0.3726f,0.1944f,0.2886f,-0.9375f,2.2843f,-0.0006f,-0.9557f,-0.2943f,-4.1049f,0f,0f,0f,1f],start_interpolation: 0,interpolation_duration: 1}
$data merge entity $(head) {transformation: [-0.9809f,0.0578f,-0.1856f,-0.3022f,0.1944f,0.2886f,-0.9375f,1.9965f,-0.0006f,-0.9557f,-0.2943f,-3.9874f,0f,0f,0f,1f],start_interpolation: 0,interpolation_duration: 1}
$data merge entity $(leftthumb2) {transformation: [-0.1027f,0.226f,0.9687f,0.1007f,-0.9194f,0.3502f,-0.1792f,0.7846f,-0.3798f,-0.909f,0.1718f,-2.2473f,0f,0f,0f,1f],start_interpolation: 0,interpolation_duration: 1}
$data merge entity $(leftthumb) {transformation: [-0.1027f,0.226f,0.9687f,0.2389f,-0.9194f,0.3502f,-0.1792f,0.8551f,-0.3798f,-0.909f,0.1718f,-2.4556f,0f,0f,0f,1f],start_interpolation: 0,interpolation_duration: 1}
$data merge entity $(leftpointerfinger) {transformation: [-0.1027f,0.226f,0.9687f,0.2214f,-0.9194f,0.3502f,-0.1792f,0.8324f,-0.3798f,-0.909f,0.1718f,-2.1077f,0f,0f,0f,1f],start_interpolation: 0,interpolation_duration: 1}
$data merge entity $(leftmidfinger) {transformation: [-0.1027f,0.226f,0.9687f,0.3727f,-0.9194f,0.3502f,-0.1792f,0.8044f,-0.3798f,-0.909f,0.1718f,-2.0809f,0f,0f,0f,1f],start_interpolation: 0,interpolation_duration: 1}
$data merge entity $(leftringfinger) {transformation: [-0.1027f,0.226f,0.9687f,0.5241f,-0.9194f,0.3502f,-0.1792f,0.7764f,-0.3798f,-0.909f,0.1718f,-2.054f,0f,0f,0f,1f],start_interpolation: 0,interpolation_duration: 1}
$data merge entity $(invisibility) {transformation: [0.3096f,-0.9453f,0.1027f,0.1965f,0.3333f,0.2091f,0.9194f,0.7039f,-0.8906f,-0.2504f,0.3798f,-2.2837f,0f,0f,0f,1f],start_interpolation: 0,interpolation_duration: 1}
$data merge entity $(swiftness) {transformation: [0.9687f,0.226f,0.1027f,0.3422f,-0.1792f,0.3502f,0.9194f,0.575f,0.1718f,-0.909f,0.3798f,-2.1482f,0f,0f,0f,1f],start_interpolation: 0,interpolation_duration: 1}
$data merge entity $(suspicious_stew) {transformation: [0.6142f,-0.7824f,0.1027f,0.3676f,0.2417f,0.3104f,0.9194f,0.6539f,-0.7512f,-0.5399f,0.3798f,-2.2089f,0f,0f,0f,1f],start_interpolation: 0,interpolation_duration: 1}
$data merge entity $(log) {transformation: [-0.1027f,0.226f,0.9687f,0.4316f,-0.9194f,0.3502f,-0.1792f,0.6031f,-0.3798f,-0.909f,0.1718f,-2.3501f,0f,0f,0f,1f],start_interpolation: 0,interpolation_duration: 1}
$data merge entity $(planks) {transformation: [-0.1027f,0.226f,0.9687f,0.422f,-0.9194f,0.3502f,-0.1792f,0.5169f,-0.3798f,-0.909f,0.1718f,-2.3857f,0f,0f,0f,1f],start_interpolation: 0,interpolation_duration: 1}
$data merge entity $(lefthand1) {transformation: [-0.1027f,0.226f,0.9687f,0.4835f,-0.9194f,0.3502f,-0.1792f,0.9261f,-0.3798f,-0.909f,0.1718f,-2.4877f,0f,0f,0f,1f],start_interpolation: 0,interpolation_duration: 1}
$data merge entity $(leftforearm) {transformation: [-0.1027f,0.226f,0.9687f,0.6209f,-0.9194f,0.3502f,-0.1792f,1.1177f,-0.3798f,-0.909f,0.1718f,-3.1533f,0f,0f,0f,1f],start_interpolation: 0,interpolation_duration: 1}
$data merge entity $(leftelbow) {transformation: [-0.1027f,0.226f,0.9687f,0.6633f,-0.9194f,0.3502f,-0.1792f,1.1833f,-0.3798f,-0.909f,0.1718f,-3.3237f,0f,0f,0f,1f],start_interpolation: 0,interpolation_duration: 1}
$data merge entity $(leftarm) {transformation: [-0.974f,-0.1534f,-0.1667f,0.3787f,-0.0029f,0.7443f,-0.6678f,1.5757f,0.2265f,-0.6499f,-0.7254f,-3.5765f,0f,0f,0f,1f],start_interpolation: 0,interpolation_duration: 1}
$data merge entity $(rightthumb2) {transformation: [-0.2457f,-0.8004f,-0.5468f,-0.1053f,0.9413f,-0.0623f,-0.3317f,2.0634f,0.2314f,-0.5962f,0.7687f,-2.5425f,0f,0f,0f,1f],start_interpolation: 0,interpolation_duration: 1}
$data merge entity $(rightthumb) {transformation: [-0.2457f,-0.8004f,-0.5468f,-0.3483f,0.9413f,-0.0623f,-0.3317f,2.0198f,0.2314f,-0.5962f,0.7687f,-2.623f,0f,0f,0f,1f],start_interpolation: 0,interpolation_duration: 1}
$data merge entity $(rightpointerfinger) {transformation: [-0.2457f,-0.8004f,-0.5468f,-0.1382f,0.9413f,-0.0623f,-0.3317f,2.1277f,0.2314f,-0.5962f,0.7687f,-2.366f,0f,0f,0f,1f],start_interpolation: 0,interpolation_duration: 1}
$data merge entity $(rightmidfinger) {transformation: [-0.2457f,-0.8004f,-0.5468f,-0.2236f,0.9413f,-0.0623f,-0.3317f,2.0758f,0.2314f,-0.5962f,0.7687f,-2.2459f,0f,0f,0f,1f],start_interpolation: 0,interpolation_duration: 1}
$data merge entity $(rightringfinger) {transformation: [-0.2457f,-0.8004f,-0.5468f,-0.309f,0.9413f,-0.0623f,-0.3317f,2.024f,0.2314f,-0.5962f,0.7687f,-2.1258f,0f,0f,0f,1f],start_interpolation: 0,interpolation_duration: 1}
$data merge entity $(hugeasssword) {transformation: [-0.9624f,-3.1348f,-2.1417f,-0.3124f,3.6868f,-0.2442f,-1.2993f,1.8183f,0.9064f,-2.3353f,3.0108f,-2.4405f,0f,0f,0f,1f],start_interpolation: 0,interpolation_duration: 1}
$data merge entity $(whey) {transformation: [-0.2457f,0.3606f,-0.8998f,-0.1182f,0.9413f,0.3104f,-0.1327f,1.709f,0.2314f,-0.8796f,-0.4157f,-2.5325f,0f,0f,0f,1f],start_interpolation: 0,interpolation_duration: 1}
$data merge entity $(ice) {transformation: [-0.2457f,-0.8004f,-0.5468f,-0.296f,0.9413f,-0.0623f,-0.3317f,1.8046f,0.2314f,-0.5962f,0.7687f,-2.4348f,0f,0f,0f,1f],start_interpolation: 0,interpolation_duration: 1}
$data merge entity $(righthand1) {transformation: [-0.2457f,-0.8004f,-0.5468f,-0.5746f,0.9413f,-0.0623f,-0.3317f,2.014f,0.2314f,-0.5962f,0.7687f,-2.502f,0f,0f,0f,1f],start_interpolation: 0,interpolation_duration: 1}
$data merge entity $(rightforearm) {transformation: [-0.2457f,-0.8004f,-0.5468f,-1.1135f,0.9413f,-0.0623f,-0.3317f,1.9165f,0.2314f,-0.5962f,0.7687f,-2.9477f,0f,0f,0f,1f],start_interpolation: 0,interpolation_duration: 1}
$data merge entity $(rightelbow) {transformation: [-0.2457f,-0.8004f,-0.5468f,-1.2636f,0.9413f,-0.0623f,-0.3317f,1.9048f,0.2314f,-0.5962f,0.7687f,-3.0595f,0f,0f,0f,1f],start_interpolation: 0,interpolation_duration: 1}
$data merge entity $(rightarm) {transformation: [-0.8189f,-0.0522f,-0.5716f,-1.0927f,0.5631f,0.1203f,-0.8176f,1.8673f,0.1115f,-0.9914f,-0.0692f,-3.5774f,0f,0f,0f,1f],start_interpolation: 0,interpolation_duration: 1}
$data merge entity $(chest1) {transformation: [-1.0627f,0.129f,-0.1665f,-0.3953f,0.2106f,0.6484f,-0.8419f,1.5405f,-0.0006f,-0.8582f,-0.6611f,-3.5171f,0f,0f,0f,1f],start_interpolation: 0,interpolation_duration: 1}
$data merge entity $(chest1lid) {transformation: [-0.9809f,0.1191f,-0.1536f,-0.7515f,0.1944f,0.5986f,-0.7771f,1.5019f,-0.0006f,-0.7922f,-0.6103f,-2.7371f,0f,0f,0f,1f],start_interpolation: 0,interpolation_duration: 1}
$data merge entity $(chest2) {transformation: [-0.9809f,0.1191f,-0.1536f,-0.7701f,0.1944f,0.5986f,-0.7771f,1.4084f,-0.0006f,-0.7922f,-0.6103f,-2.6133f,0f,0f,0f,1f],start_interpolation: 0,interpolation_duration: 1}
$data merge entity $(chest1lid3) {transformation: [-0.9809f,0.1191f,-0.1536f,-0.7886f,0.1944f,0.5986f,-0.7771f,0.9919f,-0.0006f,-0.7922f,-0.6103f,-3.128f,0f,0f,0f,1f],start_interpolation: 0,interpolation_duration: 1}
$data merge entity $(chest3) {transformation: [-0.9809f,0.1191f,-0.1536f,-0.8072f,0.1944f,0.5986f,-0.7771f,0.8984f,-0.0006f,-0.7922f,-0.6103f,-3.0042f,0f,0f,0f,1f],start_interpolation: 0,interpolation_duration: 1}
$data merge entity $(hugeasssword2) {transformation: [0.6018f,3.1477f,-2.2516f,-1.5063f,3.0438f,1.0224f,2.2428f,2.2686f,2.3903f,-2.0944f,-2.2891f,-4.5987f,0f,0f,0f,1f],start_interpolation: 0,interpolation_duration: 1}
$data merge entity $(belt) {transformation: [-0.9809f,0.1191f,-0.1536f,-0.3912f,0.1944f,0.5986f,-0.7771f,1.3976f,-0.0006f,-0.7922f,-0.6103f,-3.1217f,0f,0f,0f,1f],start_interpolation: 0,interpolation_duration: 1}
$data merge entity $(torn_part) {transformation: [-0.9809f,0.1544f,-0.1181f,-0.5456f,0.1944f,0.7772f,-0.5985f,1.2543f,-0.0006f,-0.61f,-0.7924f,-2.8981f,0f,0f,0f,1f],start_interpolation: 0,interpolation_duration: 1}
$data merge entity $(lowerbody) {transformation: [-0.9809f,0.1117f,-0.1591f,-0.482f,0.1944f,0.5612f,-0.8045f,1.0744f,-0.0006f,-0.8201f,-0.5723f,-2.4171f,0f,0f,0f,1f],start_interpolation: 0,interpolation_duration: 1}
$data merge entity $(leftfoot) {transformation: [-0.5025f,0.8348f,-0.225f,-1.4253f,0.8271f,0.3883f,-0.4065f,0.6203f,-0.2519f,-0.3903f,-0.8855f,-1.2068f,0f,0f,0f,1f],start_interpolation: 0,interpolation_duration: 1}
$data merge entity $(leftlowerleg) {transformation: [-0.5025f,0.8348f,-0.225f,-0.4646f,0.8271f,0.3883f,-0.4065f,1.1135f,-0.2519f,-0.3903f,-0.8855f,-1.5037f,0f,0f,0f,1f],start_interpolation: 0,interpolation_duration: 1}
$data merge entity $(leftleg) {transformation: [-0.8007f,0.1959f,-0.5661f,-0.2668f,0.52f,-0.2419f,-0.8192f,0.8941f,-0.2974f,-0.9503f,0.0918f,-2.5251f,0f,0f,0f,1f],start_interpolation: 0,interpolation_duration: 1}
$data merge entity $(rightfoot) {transformation: [-0.819f,-0.5392f,-0.196f,0.074f,-0.3521f,0.7421f,-0.5704f,0.6298f,0.453f,-0.3981f,-0.7977f,-1.3348f,0f,0f,0f,1f],start_interpolation: 0,interpolation_duration: 1}
$data merge entity $(rightlowerleg) {transformation: [-0.819f,-0.5392f,-0.196f,-0.4941f,-0.3521f,0.7421f,-0.5704f,1.5407f,0.453f,-0.3981f,-0.7977f,-1.654f,0f,0f,0f,1f],start_interpolation: 0,interpolation_duration: 1}
$data merge entity $(rightleg) {transformation: [-0.8809f,-0.2639f,0.393f,-0.7572f,-0.201f,-0.543f,-0.8153f,0.9913f,0.4286f,-0.7972f,0.4252f,-2.5254f,0f,0f,0f,1f],start_interpolation: 0,interpolation_duration: 1}
data modify entity @s data merge value {"cameras":{},"locators":{"soup":{"px":0.22989459506706852,"py":0.6785108904512056,"pz":-2.3135585225170137,"ry":164.8636309835872,"rx":66.83285168545017},"lefthand":{"px":0.4084490290479645,"py":0.6647023846551916,"pz":-2.246141856983282,"ry":100.05720989604585,"rx":-10.323633627242675},"sword":{"px":1.718407595278191,"py":3.122227052003776,"pz":-5.250476840546677,"ry":215.42566466294076,"rx":-19.373452737380077},"righthand":{"px":-0.2980081705493032,"py":1.8989945580530523,"pz":-2.4157941466521002,"ry":215.42566466294076,"rx":-19.373452737380077},"chest":{"px":-0.7655545624001668,"py":1.5919969664003206,"pz":-2.592246450584356,"ry":345.86865483079856,"rx":-50.99899349432583}}}