# This file was generated by Animated Java via MC-Build. It is not recommended to edit this file directly.
$data merge entity $(nose) {transformation: [-0.9999f,0.0117f,-0.0004f,-0.1322f,0.0117f,0.9993f,-0.035f,2.4013f,0f,-0.035f,-0.9994f,-0.4587f,0f,0f,0f,1f],start_interpolation: 0,interpolation_duration: 1}
$data merge entity $(glowing_eye) {transformation: [-0.9999f,0.0117f,-0.0004f,-0.2564f,0.0117f,0.9993f,-0.035f,2.4716f,0f,-0.035f,-0.9994f,-0.4262f,0f,0f,0f,1f],start_interpolation: 0,interpolation_duration: 1}
$data merge entity $(head) {transformation: [-0.9999f,0.0117f,-0.0004f,-0.1337f,0.0117f,0.9993f,-0.035f,2.2713f,0f,-0.035f,-0.9994f,-0.6416f,0f,0f,0f,1f],start_interpolation: 0,interpolation_duration: 1}
$data merge entity $(leftthumb2) {transformation: [-0.1126f,0.4067f,0.9066f,0.062f,-0.7069f,0.6084f,-0.3607f,0.6085f,-0.6983f,-0.6815f,0.219f,0.1202f,0f,0f,0f,1f],start_interpolation: 0,interpolation_duration: 1}
$data merge entity $(leftthumb) {transformation: [-0.1126f,0.4067f,0.9066f,0.2392f,-0.7069f,0.6084f,-0.3607f,0.7269f,-0.6983f,-0.6815f,0.219f,-0.0282f,0f,0f,0f,1f],start_interpolation: 0,interpolation_duration: 1}
$data merge entity $(leftpointerfinger) {transformation: [-0.1126f,0.4067f,0.9066f,0.1606f,-0.7069f,0.6084f,-0.3607f,0.5877f,-0.6983f,-0.6815f,0.219f,0.2821f,0f,0f,0f,1f],start_interpolation: 0,interpolation_duration: 1}
$data merge entity $(leftmidfinger) {transformation: [-0.1126f,0.4067f,0.9066f,0.3022f,-0.7069f,0.6084f,-0.3607f,0.5313f,-0.6983f,-0.6815f,0.219f,0.3163f,0f,0f,0f,1f],start_interpolation: 0,interpolation_duration: 1}
$data merge entity $(leftringfinger) {transformation: [-0.1126f,0.4067f,0.9066f,0.4439f,-0.7069f,0.6084f,-0.3607f,0.4749f,-0.6983f,-0.6815f,0.219f,0.3505f,0f,0f,0f,1f],start_interpolation: 0,interpolation_duration: 1}
$data merge entity $(invisibility) {transformation: [0.4842f,-0.8677f,0.1126f,0.1556f,0.5746f,0.4124f,0.7069f,0.5329f,-0.6598f,-0.2776f,0.6983f,0.0698f,0f,0f,0f,1f],start_interpolation: 0,interpolation_duration: 1}
$data merge entity $(swiftness) {transformation: [0.9066f,0.4067f,0.1126f,0.2647f,-0.3607f,0.6084f,0.7069f,0.3461f,0.219f,-0.6815f,0.6983f,0.1668f,0f,0f,0f,1f],start_interpolation: 0,interpolation_duration: 1}
$data merge entity $(suspicious_stew) {transformation: [0.7518f,-0.6497f,0.1126f,0.3065f,0.3989f,0.5841f,0.7069f,0.4368f,-0.5251f,-0.4865f,0.6983f,0.1428f,0f,0f,0f,1f],start_interpolation: 0,interpolation_duration: 1}
$data merge entity $(log) {transformation: [-0.1126f,0.4067f,0.9066f,0.3893f,-0.7069f,0.6084f,-0.3607f,0.4296f,-0.6983f,-0.6815f,0.219f,0.0024f,0f,0f,0f,1f],start_interpolation: 0,interpolation_duration: 1}
$data merge entity $(planks) {transformation: [-0.1126f,0.4067f,0.9066f,0.3788f,-0.7069f,0.6084f,-0.3607f,0.3634f,-0.6983f,-0.6815f,0.219f,-0.0631f,0f,0f,0f,1f],start_interpolation: 0,interpolation_duration: 1}
$data merge entity $(lefthand1) {transformation: [-0.1126f,0.4067f,0.9066f,0.4908f,-0.7069f,0.6084f,-0.3607f,0.7697f,-0.6983f,-0.6815f,0.219f,-0.0002f,0f,0f,0f,1f],start_interpolation: 0,interpolation_duration: 1}
$data merge entity $(leftforearm) {transformation: [-0.1126f,0.4067f,0.9066f,0.7556f,-0.7069f,0.6084f,-0.3607f,1.159f,-0.6983f,-0.6815f,0.219f,-0.5265f,0f,0f,0f,1f],start_interpolation: 0,interpolation_duration: 1}
$data merge entity $(leftelbow) {transformation: [-0.1126f,0.4067f,0.9066f,0.8319f,-0.7069f,0.6084f,-0.3607f,1.273f,-0.6983f,-0.6815f,0.219f,-0.6542f,0f,0f,0f,1f],start_interpolation: 0,interpolation_duration: 1}
$data merge entity $(leftarm) {transformation: [-1f,-0.0051f,0.0052f,0.6104f,-0.0059f,0.9859f,-0.1674f,1.7699f,-0.0043f,-0.1675f,-0.9859f,-0.7081f,0f,0f,0f,1f],start_interpolation: 0,interpolation_duration: 1}
$data merge entity $(rightthumb2) {transformation: [-0.2791f,-0.306f,-0.9102f,-0.467f,0.6127f,0.6731f,-0.4142f,0.565f,0.7394f,-0.6733f,-0.0003f,0.1791f,0f,0f,0f,1f],start_interpolation: 0,interpolation_duration: 1}
$data merge entity $(rightthumb) {transformation: [-0.2791f,-0.306f,-0.9102f,-0.6199f,0.6127f,0.6731f,-0.4142f,0.6947f,0.7394f,-0.6733f,-0.0003f,0.0139f,0f,0f,0f,1f],start_interpolation: 0,interpolation_duration: 1}
$data merge entity $(rightpointerfinger) {transformation: [-0.2791f,-0.306f,-0.9102f,-0.5926f,0.6127f,0.6731f,-0.4142f,0.5215f,0.7394f,-0.6733f,-0.0003f,0.3157f,0f,0f,0f,1f],start_interpolation: 0,interpolation_duration: 1}
$data merge entity $(rightmidfinger) {transformation: [-0.2791f,-0.306f,-0.9102f,-0.7348f,0.6127f,0.6731f,-0.4142f,0.4567f,0.7394f,-0.6733f,-0.0003f,0.3156f,0f,0f,0f,1f],start_interpolation: 0,interpolation_duration: 1}
$data merge entity $(rightringfinger) {transformation: [-0.2791f,-0.306f,-0.9102f,-0.8771f,0.6127f,0.6731f,-0.4142f,0.392f,0.7394f,-0.6733f,-0.0003f,0.3156f,0f,0f,0f,1f],start_interpolation: 0,interpolation_duration: 1}
$data merge entity $(hugeasssword) {transformation: [-1.0931f,-1.1987f,-3.5649f,-0.7087f,2.3997f,2.6363f,-1.6223f,0.4372f,2.896f,-2.6369f,-0.0013f,-0.0175f,0f,0f,0f,1f],start_interpolation: 0,interpolation_duration: 1}
$data merge entity $(whey) {transformation: [-0.2791f,0.8224f,-0.4958f,-0.504f,0.6127f,0.5501f,0.5675f,0.327f,0.7394f,-0.1454f,-0.6574f,-0.0814f,0f,0f,0f,1f],start_interpolation: 0,interpolation_duration: 1}
$data merge entity $(ice) {transformation: [-0.2791f,-0.306f,-0.9102f,-0.6995f,0.6127f,0.6731f,-0.4142f,0.4171f,0.7394f,-0.6733f,-0.0003f,-0.0185f,0f,0f,0f,1f],start_interpolation: 0,interpolation_duration: 1}
$data merge entity $(righthand1) {transformation: [-0.2791f,-0.306f,-0.9102f,-0.8742f,0.6127f,0.6731f,-0.4142f,0.7256f,0.7394f,-0.6733f,-0.0003f,-0.002f,0f,0f,0f,1f],start_interpolation: 0,interpolation_duration: 1}
$data merge entity $(rightforearm) {transformation: [-0.2791f,-0.306f,-0.9102f,-1.0578f,0.6127f,0.6731f,-0.4142f,1.1671f,0.7394f,-0.6733f,-0.0003f,-0.5216f,0f,0f,0f,1f],start_interpolation: 0,interpolation_duration: 1}
$data merge entity $(rightelbow) {transformation: [-0.2791f,-0.306f,-0.9102f,-1.1152f,0.6127f,0.6731f,-0.4142f,1.2933f,0.7394f,-0.6733f,-0.0003f,-0.6478f,0f,0f,0f,1f],start_interpolation: 0,interpolation_duration: 1}
$data merge entity $(rightarm) {transformation: [-0.9996f,0.0124f,-0.0272f,-0.8894f,0.0169f,0.9851f,-0.171f,1.7875f,0.0247f,-0.1714f,-0.9849f,-0.7082f,0f,0f,0f,1f],start_interpolation: 0,interpolation_duration: 1}
$data merge entity $(chest1) {transformation: [-1.0833f,0.0124f,0.0024f,-0.1434f,0.0127f,1.0635f,0.2062f,1.6423f,0f,0.2062f,-1.0635f,-0.8467f,0f,0f,0f,1f],start_interpolation: 0,interpolation_duration: 1}
$data merge entity $(chest1lid) {transformation: [-0.9999f,0.0115f,0.0023f,-0.4935f,0.0117f,0.9817f,0.1903f,0.9009f,0f,0.1903f,-0.9817f,-0.5926f,0f,0f,0f,1f],start_interpolation: 0,interpolation_duration: 1}
$data merge entity $(chest2) {transformation: [-0.9999f,0.0115f,0.0023f,-0.4953f,0.0117f,0.9817f,0.1903f,0.7475f,0f,0.1903f,-0.9817f,-0.6224f,0f,0f,0f,1f],start_interpolation: 0,interpolation_duration: 1}
$data merge entity $(chest1lid3) {transformation: [-0.9999f,0.0115f,0.0023f,-0.4296f,0.0117f,0.9817f,0.1903f,1.0221f,0f,0.1903f,-0.9817f,-1.2215f,0f,0f,0f,1f],start_interpolation: 0,interpolation_duration: 1}
$data merge entity $(chest3) {transformation: [-0.9999f,0.0115f,0.0023f,-0.4314f,0.0117f,0.9817f,0.1903f,0.8687f,0f,0.1903f,-0.9817f,-1.2513f,0f,0f,0f,1f],start_interpolation: 0,interpolation_duration: 1}
$data merge entity $(hugeasssword2) {transformation: [-0.0089f,2.9178f,-2.6128f,-1.3615f,-0.7454f,2.5637f,2.8656f,2.8462f,3.8451f,0.5037f,0.5495f,-0.886f,0f,0f,0f,1f],start_interpolation: 0,interpolation_duration: 1}
$data merge entity $(belt) {transformation: [-0.9999f,0.0115f,0.0023f,-0.1163f,0.0117f,0.9817f,0.1903f,1.226f,0f,0.1903f,-0.9817f,-0.794f,0f,0f,0f,1f],start_interpolation: 0,interpolation_duration: 1}
$data merge entity $(torn_part) {transformation: [-0.9999f,0.0109f,0.0043f,-0.2429f,0.0117f,0.9319f,0.3626f,0.956f,0f,0.3626f,-0.932f,-0.8346f,0f,0f,0f,1f],start_interpolation: 0,interpolation_duration: 1}
$data merge entity $(lowerbody) {transformation: [-0.9999f,0.0117f,0.0008f,-0.151f,0.0117f,0.9978f,0.0656f,0.4585f,0f,0.0656f,-0.9978f,-0.7263f,0f,0f,0f,1f],start_interpolation: 0,interpolation_duration: 1}
$data merge entity $(leftfoot) {transformation: [-0.1185f,0.9409f,-0.3172f,-0.4337f,0.9791f,0.1638f,0.1202f,0.2421f,0.1651f,-0.2963f,-0.9407f,0.1847f,0f,0f,0f,1f],start_interpolation: 0,interpolation_duration: 1}
$data merge entity $(leftlowerleg) {transformation: [-0.1185f,0.9409f,-0.3172f,0.6589f,0.9791f,0.1638f,0.1202f,0.4053f,0.1651f,-0.2963f,-0.9407f,0.0005f,0f,0f,0f,1f],start_interpolation: 0,interpolation_duration: 1}
$data merge entity $(leftleg) {transformation: [-0.4837f,-0.5334f,-0.6939f,0.0952f,0.8138f,0.0177f,-0.5809f,0.4647f,0.3221f,-0.8457f,0.4255f,-0.899f,0f,0f,0f,1f],start_interpolation: 0,interpolation_duration: 1}
$data merge entity $(rightfoot) {transformation: [-0.0951f,-0.9778f,0.1869f,-0.0646f,-0.9723f,0.1315f,0.1932f,0.285f,-0.2135f,-0.1633f,-0.9632f,-0.1393f,0f,0f,0f,1f],start_interpolation: 0,interpolation_duration: 1}
$data merge entity $(rightlowerleg) {transformation: [-0.0951f,-0.9778f,0.1869f,-1.178f,-0.9723f,0.1315f,0.1932f,0.4013f,-0.2135f,-0.1633f,-0.9632f,-0.1725f,0f,0f,0f,1f],start_interpolation: 0,interpolation_duration: 1}
$data merge entity $(rightleg) {transformation: [-0.2326f,0.7365f,0.6352f,-0.4048f,-0.9274f,0.0288f,-0.373f,0.4706f,-0.293f,-0.6758f,0.6763f,-0.899f,0f,0f,0f,1f],start_interpolation: 0,interpolation_duration: 1}
data modify entity @s data merge value {"cameras":{},"locators":{"soup":{"px":0.19135246232274988,"py":0.5150744439567234,"pz":0.037342178224798184,"ry":170.84210580611088,"rx":44.98434175576277},"lefthand":{"px":0.35394134512428116,"py":0.4540256623763976,"pz":0.11768686675584775,"ry":103.5834607291853,"rx":-21.145631002269795},"sword":{"px":2.649640481187449,"py":1.9978416164482025,"pz":0.0625608553898173,"ry":270.0215588406264,"rx":-24.468647178158985},"righthand":{"px":-0.7066777484239606,"py":0.470496666319364,"pz":0.06129796423390002,"ry":270.0215588406264,"rx":-24.468647178158985},"chest":{"px":-0.5258596991790472,"py":0.8102001957374092,"pz":-0.4511358944528163,"ry":0.13194021943144207,"rx":10.971473477810951}}}