# This file was generated by Animated Java via MC-Build. It is not recommended to edit this file directly.
$data merge entity $(nose) {transformation: [-0.9636f,-0.0536f,-0.2618f,-0.3478f,0.2673f,-0.1963f,-0.9434f,1.3748f,-0.0008f,-0.9791f,0.2035f,-4.6724f,0f,0f,0f,1f],start_interpolation: 0,interpolation_duration: 1}
$data merge entity $(glowing_eye) {transformation: [-0.9636f,-0.0357f,-0.2618f,-0.4628f,0.2673f,-0.1308f,-0.9434f,1.4278f,-0.0008f,-0.6527f,0.2035f,-4.7459f,0f,0f,0f,1f],start_interpolation: 0,interpolation_duration: 1}
$data merge entity $(head) {transformation: [-0.9636f,-0.0536f,-0.2618f,-0.3902f,0.2673f,-0.1963f,-0.9434f,1.2223f,-0.0008f,-0.9791f,0.2035f,-4.5134f,0f,0f,0f,1f],start_interpolation: 0,interpolation_duration: 1}
$data merge entity $(leftthumb2) {transformation: [-0.2407f,0.0837f,0.967f,0.2273f,-0.9432f,0.2151f,-0.2534f,0.3795f,-0.2292f,-0.973f,0.0271f,-2.5441f,0f,0f,0f,1f],start_interpolation: 0,interpolation_duration: 1}
$data merge entity $(leftthumb) {transformation: [-0.2407f,0.0837f,0.967f,0.3305f,-0.9432f,0.2151f,-0.2534f,0.4106f,-0.2292f,-0.973f,0.0271f,-2.7804f,0f,0f,0f,1f],start_interpolation: 0,interpolation_duration: 1}
$data merge entity $(leftpointerfinger) {transformation: [-0.2407f,0.0837f,0.967f,0.3747f,-0.9432f,0.2151f,-0.2534f,0.4313f,-0.2292f,-0.973f,0.0271f,-2.4348f,0f,0f,0f,1f],start_interpolation: 0,interpolation_duration: 1}
$data merge entity $(leftmidfinger) {transformation: [-0.2407f,0.0837f,0.967f,0.5258f,-0.9432f,0.2151f,-0.2534f,0.3917f,-0.2292f,-0.973f,0.0271f,-2.4306f,0f,0f,0f,1f],start_interpolation: 0,interpolation_duration: 1}
$data merge entity $(leftringfinger) {transformation: [-0.2407f,0.0837f,0.967f,0.6769f,-0.9432f,0.2151f,-0.2534f,0.3521f,-0.2292f,-0.973f,0.0271f,-2.4263f,0f,0f,0f,1f],start_interpolation: 0,interpolation_duration: 1}
$data merge entity $(invisibility) {transformation: [0.1676f,-0.956f,0.2407f,0.3085f,0.1922f,0.2711f,0.9432f,0.2859f,-0.9669f,-0.1118f,0.2292f,-2.585f,0f,0f,0f,1f],start_interpolation: 0,interpolation_duration: 1}
$data merge entity $(swiftness) {transformation: [0.967f,0.0837f,0.2407f,0.4659f,-0.2534f,0.2151f,0.9432f,0.1601f,0.0271f,-0.973f,0.2292f,-2.4601f,0f,0f,0f,1f],start_interpolation: 0,interpolation_duration: 1}
$data merge entity $(suspicious_stew) {transformation: [0.4845f,-0.841f,0.2407f,0.4859f,0.0878f,0.3205f,0.9432f,0.2283f,-0.8704f,-0.4358f,0.2292f,-2.5343f,0f,0f,0f,1f],start_interpolation: 0,interpolation_duration: 1}
$data merge entity $(log) {transformation: [-0.2407f,0.0837f,0.967f,0.5191f,-0.9432f,0.2151f,-0.2534f,0.1549f,-0.2292f,-0.973f,0.0271f,-2.6762f,0f,0f,0f,1f],start_interpolation: 0,interpolation_duration: 1}
$data merge entity $(planks) {transformation: [-0.2407f,0.0837f,0.967f,0.4965f,-0.9432f,0.2151f,-0.2534f,0.0665f,-0.2292f,-0.973f,0.0271f,-2.6977f,0f,0f,0f,1f],start_interpolation: 0,interpolation_duration: 1}
$data merge entity $(lefthand1) {transformation: [-0.2407f,0.0837f,0.967f,0.5699f,-0.9432f,0.2151f,-0.2534f,0.4523f,-0.2292f,-0.973f,0.0271f,-2.863f,0f,0f,0f,1f],start_interpolation: 0,interpolation_duration: 1}
$data merge entity $(leftforearm) {transformation: [-0.2407f,0.0837f,0.967f,0.5986f,-0.9432f,0.2151f,-0.2534f,0.5486f,-0.2292f,-0.973f,0.0271f,-3.5619f,0f,0f,0f,1f],start_interpolation: 0,interpolation_duration: 1}
$data merge entity $(leftelbow) {transformation: [-0.2407f,0.0837f,0.967f,0.6143f,-0.9432f,0.2151f,-0.2534f,0.5889f,-0.2292f,-0.973f,0.0271f,-3.7443f,0f,0f,0f,1f],start_interpolation: 0,interpolation_duration: 1}
$data merge entity $(leftarm) {transformation: [-0.9082f,-0.2285f,-0.3506f,0.3124f,0.1465f,0.6112f,-0.7778f,0.9508f,0.392f,-0.7578f,-0.5216f,-4.0212f,0f,0f,0f,1f],start_interpolation: 0,interpolation_duration: 1}
$data merge entity $(rightthumb2) {transformation: [0.0531f,-0.9171f,-0.395f,0.0738f,0.9864f,0.1097f,-0.1222f,1.537f,0.1554f,-0.3832f,0.9105f,-3.3574f,0f,0f,0f,1f],start_interpolation: 0,interpolation_duration: 1}
$data merge entity $(rightthumb) {transformation: [0.0531f,-0.9171f,-0.395f,-0.1849f,0.9864f,0.1097f,-0.1222f,1.5535f,0.1554f,-0.3832f,0.9105f,-3.3735f,0f,0f,0f,1f],start_interpolation: 0,interpolation_duration: 1}
$data merge entity $(rightpointerfinger) {transformation: [0.0531f,-0.9171f,-0.395f,0.1033f,0.9864f,0.1097f,-0.1222f,1.6197f,0.1554f,-0.3832f,0.9105f,-3.1881f,0f,0f,0f,1f],start_interpolation: 0,interpolation_duration: 1}
$data merge entity $(rightmidfinger) {transformation: [0.0531f,-0.9171f,-0.395f,0.0416f,0.9864f,0.1097f,-0.1222f,1.6006f,0.1554f,-0.3832f,0.9105f,-3.0459f,0f,0f,0f,1f],start_interpolation: 0,interpolation_duration: 1}
$data merge entity $(rightringfinger) {transformation: [0.0531f,-0.9171f,-0.395f,-0.0201f,0.9864f,0.1097f,-0.1222f,1.5815f,0.1554f,-0.3832f,0.9105f,-2.9036f,0f,0f,0f,1f],start_interpolation: 0,interpolation_duration: 1}
$data merge entity $(hugeasssword) {transformation: [0.2078f,-3.5921f,-1.5472f,-0.1526f,3.8635f,0.4296f,-0.4785f,1.3628f,0.6086f,-1.5009f,3.5661f,-3.1792f,0f,0f,0f,1f],start_interpolation: 0,interpolation_duration: 1}
$data merge entity $(whey) {transformation: [0.0531f,0.1872f,-0.9809f,-0.0202f,0.9864f,0.143f,0.0806f,1.2001f,0.1554f,-0.9719f,-0.177f,-3.298f,0f,0f,0f,1f],start_interpolation: 0,interpolation_duration: 1}
$data merge entity $(ice) {transformation: [0.0531f,-0.9171f,-0.395f,-0.1391f,0.9864f,0.1097f,-0.1222f,1.3456f,0.1554f,-0.3832f,0.9105f,-3.1756f,0f,0f,0f,1f],start_interpolation: 0,interpolation_duration: 1}
$data merge entity $(righthand1) {transformation: [0.0531f,-0.9171f,-0.395f,-0.3675f,0.9864f,0.1097f,-0.1222f,1.6158f,0.1554f,-0.3832f,0.9105f,-3.2041f,0f,0f,0f,1f],start_interpolation: 0,interpolation_duration: 1}
$data merge entity $(rightforearm) {transformation: [0.0531f,-0.9171f,-0.395f,-1.0095f,0.9864f,0.1097f,-0.1222f,1.6332f,0.1554f,-0.3832f,0.9105f,-3.4975f,0f,0f,0f,1f],start_interpolation: 0,interpolation_duration: 1}
$data merge entity $(rightelbow) {transformation: [0.0531f,-0.9171f,-0.395f,-1.1814f,0.9864f,0.1097f,-0.1222f,1.6538f,0.1554f,-0.3832f,0.9105f,-3.5694f,0f,0f,0f,1f],start_interpolation: 0,interpolation_duration: 1}
$data merge entity $(rightarm) {transformation: [-0.6611f,-0.237f,-0.7119f,-1.1331f,0.7455f,-0.3147f,-0.5876f,1.3517f,-0.0847f,-0.9191f,0.3847f,-4.0224f,0f,0f,0f,1f],start_interpolation: 0,interpolation_duration: 1}
$data merge entity $(chest1) {transformation: [-1.0439f,0.0601f,-0.2832f,-0.4503f,0.2895f,0.2136f,-1.0219f,1.0165f,-0.0009f,-1.0604f,-0.2219f,-3.8874f,0f,0f,0f,1f],start_interpolation: 0,interpolation_duration: 1}
$data merge entity $(chest1lid) {transformation: [-0.9636f,0.0555f,-0.2614f,-0.7149f,0.2673f,0.1971f,-0.9432f,1.3421f,-0.0008f,-0.9788f,-0.2048f,-3.1386f,0f,0f,0f,1f],start_interpolation: 0,interpolation_duration: 1}
$data merge entity $(chest2) {transformation: [-0.9636f,0.0555f,-0.2614f,-0.7236f,0.2673f,0.1971f,-0.9432f,1.3113f,-0.0008f,-0.9788f,-0.2048f,-2.9857f,0f,0f,0f,1f],start_interpolation: 0,interpolation_duration: 1}
$data merge entity $(chest1lid3) {transformation: [-0.9636f,0.0555f,-0.2614f,-0.8222f,0.2673f,0.1971f,-0.9432f,0.7211f,-0.0008f,-0.9788f,-0.2048f,-3.2698f,0f,0f,0f,1f],start_interpolation: 0,interpolation_duration: 1}
$data merge entity $(chest3) {transformation: [-0.9636f,0.0555f,-0.2614f,-0.8308f,0.2673f,0.1971f,-0.9432f,0.6903f,-0.0008f,-0.9788f,-0.2048f,-3.1168f,0f,0f,0f,1f],start_interpolation: 0,interpolation_duration: 1}
$data merge entity $(hugeasssword2) {transformation: [1.0239f,2.9295f,-2.3895f,-1.6424f,3.6944f,-0.2501f,1.2764f,1.3246f,0.8021f,-2.5876f,-2.8286f,-5.0784f,0f,0f,0f,1f],start_interpolation: 0,interpolation_duration: 1}
$data merge entity $(belt) {transformation: [-0.9636f,0.0555f,-0.2614f,-0.4073f,0.2673f,0.1971f,-0.9432f,1.0529f,-0.0008f,-0.9788f,-0.2048f,-3.4707f,0f,0f,0f,1f],start_interpolation: 0,interpolation_duration: 1}
$data merge entity $(torn_part) {transformation: [-0.9636f,0.128f,-0.2346f,-0.5428f,0.2673f,0.4589f,-0.8473f,1.027f,-0.0008f,-0.8792f,-0.4764f,-3.1935f,0f,0f,0f,1f],start_interpolation: 0,interpolation_duration: 1}
$data merge entity $(lowerbody) {transformation: [-0.9636f,0.0516f,-0.2622f,-0.437f,0.2673f,0.1828f,-0.9461f,1.0447f,-0.0008f,-0.9818f,-0.19f,-2.6874f,0f,0f,0f,1f],start_interpolation: 0,interpolation_duration: 1}
$data merge entity $(leftfoot) {transformation: [-0.6892f,0.6232f,-0.3696f,-1.1768f,0.7055f,0.461f,-0.5382f,0.322f,-0.165f,-0.6317f,-0.7574f,-1.1094f,0f,0f,0f,1f],start_interpolation: 0,interpolation_duration: 1}
$data merge entity $(leftlowerleg) {transformation: [-0.6892f,0.6232f,-0.3696f,-0.4287f,0.7055f,0.461f,-0.5382f,0.9162f,-0.165f,-0.6317f,-0.7574f,-1.6938f,0f,0f,0f,1f],start_interpolation: 0,interpolation_duration: 1}
$data merge entity $(leftleg) {transformation: [-0.9127f,0.1917f,-0.3609f,-0.2442f,0.3422f,-0.1242f,-0.9314f,0.8191f,-0.2234f,-0.9736f,0.0478f,-2.7365f,0f,0f,0f,1f],start_interpolation: 0,interpolation_duration: 1}
$data merge entity $(rightfoot) {transformation: [-0.9431f,-0.1826f,-0.2779f,-0.2075f,0.0718f,0.7042f,-0.7063f,0.4963f,0.3247f,-0.6861f,-0.6511f,-1.1735f,0f,0f,0f,1f],start_interpolation: 0,interpolation_duration: 1}
$data merge entity $(rightlowerleg) {transformation: [-0.9431f,-0.1826f,-0.2779f,-0.3674f,0.0718f,0.7042f,-0.7063f,1.3861f,0.3247f,-0.6861f,-0.6511f,-1.8346f,0f,0f,0f,1f],start_interpolation: 0,interpolation_duration: 1}
$data merge entity $(rightleg) {transformation: [-0.9278f,-0.3665f,-0.0697f,-0.726f,0.2327f,-0.4225f,-0.876f,0.9527f,0.2916f,-0.8289f,0.4773f,-2.7369f,0f,0f,0f,1f],start_interpolation: 0,interpolation_duration: 1}
data modify entity @s data merge value {"cameras":{},"locators":{"soup":{"px":0.3337850620092546,"py":0.25390157007618425,"pz":-2.6164140000462885,"ry":133.59449906944678,"rx":70.58990170898494},"lefthand":{"px":0.5199992345303189,"py":0.23045107956003244,"pz":-2.5791081832734193,"ry":91.60820706682264,"rx":-14.676472151390847},"sword":{"px":1.3430823272398287,"py":1.8888085800738792,"pz":-6.526790635501669,"ry":203.45445639552946,"rx":-7.0174899338964325},"righthand":{"px":-0.11362169535265843,"py":1.4382981525961138,"pz":-3.1693049698142244,"ry":203.45445639552946,"rx":-7.0174899338964325},"chest":{"px":-0.7076525234944251,"py":1.4855316059947588,"pz":-3.045458899713321,"ry":308.07398952906993,"rx":-70.60439036169826}}}