# This file was generated by Animated Java via MC-Build. It is not recommended to edit this file directly.
$data merge entity $(nose) {transformation: [-0.9979f,0.0599f,-0.0245f,-0.5856f,0.0647f,0.9222f,-0.3811f,2.831f,-0.0002f,-0.3819f,-0.9242f,-1.6439f,0f,0f,0f,1f],start_interpolation: 0,interpolation_duration: 1}
$data merge entity $(glowing_eye) {transformation: [-0.9979f,0.0599f,-0.0245f,-0.7055f,0.0647f,0.9222f,-0.3811f,2.9148f,-0.0002f,-0.3819f,-0.9242f,-1.6376f,0f,0f,0f,1f],start_interpolation: 0,interpolation_duration: 1}
$data merge entity $(head) {transformation: [-0.9979f,0.0599f,-0.0245f,-0.5976f,0.0647f,0.9222f,-0.3811f,2.6457f,-0.0002f,-0.3819f,-0.9242f,-1.7698f,0f,0f,0f,1f],start_interpolation: 0,interpolation_duration: 1}
$data merge entity $(leftthumb2) {transformation: [-0.0623f,0.3923f,0.9177f,-0.3987f,-0.7878f,0.5452f,-0.2865f,1.0268f,-0.6127f,-0.7409f,0.2751f,-0.7107f,0f,0f,0f,1f],start_interpolation: 0,interpolation_duration: 1}
$data merge entity $(leftthumb) {transformation: [-0.0623f,0.3923f,0.9177f,-0.224f,-0.7878f,0.5452f,-0.2865f,1.136f,-0.6127f,-0.7409f,0.2751f,-0.8689f,0f,0f,0f,1f],start_interpolation: 0,interpolation_duration: 1}
$data merge entity $(leftpointerfinger) {transformation: [-0.0623f,0.3923f,0.9177f,-0.3029f,-0.7878f,0.5452f,-0.2865f,1.0299f,-0.6127f,-0.7409f,0.2751f,-0.5459f,0f,0f,0f,1f],start_interpolation: 0,interpolation_duration: 1}
$data merge entity $(leftmidfinger) {transformation: [-0.0623f,0.3923f,0.9177f,-0.1595f,-0.7878f,0.5452f,-0.2865f,0.9851f,-0.6127f,-0.7409f,0.2751f,-0.5029f,0f,0f,0f,1f],start_interpolation: 0,interpolation_duration: 1}
$data merge entity $(leftringfinger) {transformation: [-0.0623f,0.3923f,0.9177f,-0.0162f,-0.7878f,0.5452f,-0.2865f,0.9403f,-0.6127f,-0.7409f,0.2751f,-0.4599f,0f,0f,0f,1f],start_interpolation: 0,interpolation_duration: 1}
$data merge entity $(invisibility) {transformation: [0.4708f,-0.88f,0.0623f,-0.3004f,0.5181f,0.333f,0.7878f,0.9507f,-0.7141f,-0.3386f,0.6127f,-0.7504f,0f,0f,0f,1f],start_interpolation: 0,interpolation_duration: 1}
$data merge entity $(swiftness) {transformation: [0.9177f,0.3923f,0.0623f,-0.1847f,-0.2865f,0.5452f,0.7878f,0.7822f,0.2751f,-0.7409f,0.6127f,-0.6304f,0f,0f,0f,1f],start_interpolation: 0,interpolation_duration: 1}
$data merge entity $(suspicious_stew) {transformation: [0.7434f,-0.6659f,0.0623f,-0.1467f,0.373f,0.4901f,0.7878f,0.8715f,-0.5552f,-0.5624f,0.6127f,-0.6641f,0f,0f,0f,1f],start_interpolation: 0,interpolation_duration: 1}
$data merge entity $(log) {transformation: [-0.0623f,0.3923f,0.9177f,-0.0605f,-0.7878f,0.5452f,-0.2865f,0.8523f,-0.6127f,-0.7409f,0.2751f,-0.8013f,0f,0f,0f,1f],start_interpolation: 0,interpolation_duration: 1}
$data merge entity $(planks) {transformation: [-0.0623f,0.3923f,0.9177f,-0.0663f,-0.7878f,0.5452f,-0.2865f,0.7785f,-0.6127f,-0.7409f,0.2751f,-0.8587f,0f,0f,0f,1f],start_interpolation: 0,interpolation_duration: 1}
$data merge entity $(lefthand1) {transformation: [-0.0623f,0.3923f,0.9177f,0.0245f,-0.7878f,0.5452f,-0.2865f,1.1945f,-0.6127f,-0.7409f,0.2751f,-0.8419f,0f,0f,0f,1f],start_interpolation: 0,interpolation_duration: 1}
$data merge entity $(leftforearm) {transformation: [-0.0623f,0.3923f,0.9177f,0.2821f,-0.7878f,0.5452f,-0.2865f,1.5331f,-0.6127f,-0.7409f,0.2751f,-1.4054f,0f,0f,0f,1f],start_interpolation: 0,interpolation_duration: 1}
$data merge entity $(leftelbow) {transformation: [-0.0623f,0.3923f,0.9177f,0.3557f,-0.7878f,0.5452f,-0.2865f,1.6353f,-0.6127f,-0.7409f,0.2751f,-1.5443f,0f,0f,0f,1f],start_interpolation: 0,interpolation_duration: 1}
$data merge entity $(leftarm) {transformation: [-0.9994f,-0.0356f,0.004f,0.1191f,-0.0349f,0.9431f,-0.3307f,2.1096f,0.008f,-0.3307f,-0.9437f,-1.6784f,0f,0f,0f,1f],start_interpolation: 0,interpolation_duration: 1}
$data merge entity $(rightthumb2) {transformation: [-0.3297f,-0.4267f,-0.8422f,-0.8442f,0.7944f,0.3567f,-0.4917f,1.4809f,0.5102f,-0.8311f,0.2213f,-0.4523f,0f,0f,0f,1f],start_interpolation: 0,interpolation_duration: 1}
$data merge entity $(rightthumb) {transformation: [-0.3297f,-0.4267f,-0.8422f,-1.0208f,0.7944f,0.3567f,-0.4917f,1.5263f,0.5102f,-0.8311f,0.2213f,-0.6372f,0f,0f,0f,1f],start_interpolation: 0,interpolation_duration: 1}
$data merge entity $(rightpointerfinger) {transformation: [-0.3297f,-0.4267f,-0.8422f,-0.9563f,0.7944f,0.3567f,-0.4917f,1.4731f,0.5102f,-0.8311f,0.2213f,-0.2983f,0f,0f,0f,1f],start_interpolation: 0,interpolation_duration: 1}
$data merge entity $(rightmidfinger) {transformation: [-0.3297f,-0.4267f,-0.8422f,-1.0879f,0.7944f,0.3567f,-0.4917f,1.3963f,0.5102f,-0.8311f,0.2213f,-0.2637f,0f,0f,0f,1f],start_interpolation: 0,interpolation_duration: 1}
$data merge entity $(rightringfinger) {transformation: [-0.3297f,-0.4267f,-0.8422f,-1.2195f,0.7944f,0.3567f,-0.4917f,1.3195f,0.5102f,-0.8311f,0.2213f,-0.2291f,0f,0f,0f,1f],start_interpolation: 0,interpolation_duration: 1}
$data merge entity $(hugeasssword) {transformation: [-1.2912f,-1.6712f,-3.2985f,-1.0739f,3.1112f,1.3971f,-1.9257f,1.2654f,1.9983f,-3.2551f,0.8669f,-0.5715f,0f,0f,0f,1f],start_interpolation: 0,interpolation_duration: 1}
$data merge entity $(whey) {transformation: [-0.3297f,0.7299f,-0.5988f,-0.8588f,0.7944f,0.5572f,0.2418f,1.1646f,0.5102f,-0.396f,-0.7635f,-0.6124f,0f,0f,0f,1f],start_interpolation: 0,interpolation_duration: 1}
$data merge entity $(ice) {transformation: [-0.3297f,-0.4267f,-0.8422f,-1.0621f,0.7944f,0.3567f,-0.4917f,1.2474f,0.5102f,-0.8311f,0.2213f,-0.5665f,0f,0f,0f,1f],start_interpolation: 0,interpolation_duration: 1}
$data merge entity $(righthand1) {transformation: [-0.3297f,-0.4267f,-0.8422f,-1.2775f,0.7944f,0.3567f,-0.4917f,1.5199f,0.5102f,-0.8311f,0.2213f,-0.6398f,0f,0f,0f,1f],start_interpolation: 0,interpolation_duration: 1}
$data merge entity $(rightforearm) {transformation: [-0.3297f,-0.4267f,-0.8422f,-1.5437f,0.7944f,0.3567f,-0.4917f,1.7287f,0.5102f,-0.8311f,0.2213f,-1.2595f,0f,0f,0f,1f],start_interpolation: 0,interpolation_duration: 1}
$data merge entity $(rightelbow) {transformation: [-0.3297f,-0.4267f,-0.8422f,-1.6237f,0.7944f,0.3567f,-0.4917f,1.7956f,0.5102f,-0.8311f,0.2213f,-1.4153f,0f,0f,0f,1f],start_interpolation: 0,interpolation_duration: 1}
$data merge entity $(rightarm) {transformation: [-0.9837f,0.0508f,-0.1727f,-1.3777f,0.1337f,0.8486f,-0.5119f,2.2066f,0.1205f,-0.5266f,-0.8415f,-1.6787f,0f,0f,0f,1f],start_interpolation: 0,interpolation_duration: 1}
$data merge entity $(chest1) {transformation: [-1.0811f,0.0696f,-0.0087f,-0.6428f,0.0701f,1.0723f,-0.1375f,1.9856f,-0.0002f,-0.1378f,-1.0745f,-1.7673f,0f,0f,0f,1f],start_interpolation: 0,interpolation_duration: 1}
$data merge entity $(chest1lid) {transformation: [-0.9979f,0.0642f,-0.008f,-1.0242f,0.0647f,0.9898f,-0.1269f,1.3809f,-0.0002f,-0.1272f,-0.9919f,-1.2924f,0f,0f,0f,1f],start_interpolation: 0,interpolation_duration: 1}
$data merge entity $(chest2) {transformation: [-0.9979f,0.0642f,-0.008f,-1.0343f,0.0647f,0.9898f,-0.1269f,1.2262f,-0.0002f,-0.1272f,-0.9919f,-1.2725f,0f,0f,0f,1f],start_interpolation: 0,interpolation_duration: 1}
$data merge entity $(chest1lid3) {transformation: [-0.9979f,0.0642f,-0.008f,-0.967f,0.0647f,0.9898f,-0.1269f,1.2955f,-0.0002f,-0.1272f,-0.9919f,-1.9278f,0f,0f,0f,1f],start_interpolation: 0,interpolation_duration: 1}
$data merge entity $(chest3) {transformation: [-0.9979f,0.0642f,-0.008f,-0.977f,0.0647f,0.9898f,-0.1269f,1.1409f,-0.0002f,-0.1272f,-0.9919f,-1.9079f,0f,0f,0f,1f],start_interpolation: 0,interpolation_duration: 1}
$data merge entity $(hugeasssword2) {transformation: [0.0315f,3.0515f,-2.4551f,-1.7999f,0.4971f,2.4322f,3.0295f,3.1802f,3.8849f,-0.3359f,-0.3678f,-2.1779f,0f,0f,0f,1f],start_interpolation: 0,interpolation_duration: 1}
$data merge entity $(belt) {transformation: [-0.9979f,0.0642f,-0.008f,-0.6353f,0.0647f,0.9898f,-0.1269f,1.6059f,-0.0002f,-0.1272f,-0.9919f,-1.5868f,0f,0f,0f,1f],start_interpolation: 0,interpolation_duration: 1}
$data merge entity $(torn_part) {transformation: [-0.9979f,0.0645f,0.005f,-0.7762f,0.0647f,0.9951f,0.0745f,1.3415f,-0.0002f,0.0747f,-0.9972f,-1.5429f,0f,0f,0f,1f],start_interpolation: 0,interpolation_duration: 1}
$data merge entity $(lowerbody) {transformation: [-0.9979f,0.063f,-0.0146f,-0.7075f,0.0647f,0.9715f,-0.2282f,0.8929f,-0.0002f,-0.2287f,-0.9735f,-1.2944f,0f,0f,0f,1f],start_interpolation: 0,interpolation_duration: 1}
$data merge entity $(leftfoot) {transformation: [-0.1837f,0.9559f,-0.2291f,-1.2833f,0.9829f,0.1756f,-0.0555f,0.7248f,-0.0128f,-0.2353f,-0.9718f,-0.3286f,0f,0f,0f,1f],start_interpolation: 0,interpolation_duration: 1}
$data merge entity $(leftlowerleg) {transformation: [-0.1837f,0.9559f,-0.2291f,-0.1877f,0.9829f,0.1756f,-0.0555f,0.9282f,-0.0128f,-0.2353f,-0.9718f,-0.4403f,0f,0f,0f,1f],start_interpolation: 0,interpolation_duration: 1}
$data merge entity $(leftleg) {transformation: [-0.5751f,-0.2625f,-0.7749f,-0.4643f,0.8163f,-0.1216f,-0.5646f,0.8392f,0.054f,-0.9572f,0.2842f,-1.4631f,0f,0f,0f,1f],start_interpolation: 0,interpolation_duration: 1}
$data merge entity $(rightfoot) {transformation: [-0.3317f,-0.9393f,0.0879f,-0.4024f,-0.9406f,0.3222f,-0.1068f,0.7565f,0.072f,-0.1181f,-0.9904f,-0.5794f,0f,0f,0f,1f],start_interpolation: 0,interpolation_duration: 1}
$data merge entity $(rightlowerleg) {transformation: [-0.3317f,-0.9393f,0.0879f,-1.4579f,-0.9406f,0.3222f,-0.1068f,1.1304f,0.072f,-0.1181f,-0.9904f,-0.5582f,0f,0f,0f,1f],start_interpolation: 0,interpolation_duration: 1}
$data merge entity $(rightleg) {transformation: [-0.4772f,0.4697f,0.7427f,-0.9633f,-0.8784f,-0.2789f,-0.388f,0.8715f,0.0249f,-0.8376f,0.5457f,-1.4632f,0f,0f,0f,1f],start_interpolation: 0,interpolation_duration: 1}
data modify entity @s data merge value {"cameras":{},"locators":{"soup":{"px":-0.2631104235956473,"py":0.9310769062290684,"pz":-0.7799309799655094,"ry":174.19458741703988,"rx":51.98314593654819},"lefthand":{"px":-0.09963822755695936,"py":0.8880616067273536,"pz":-0.6902432291334683,"ry":106.68813915731293,"rx":-16.6511406567264},"sword":{"px":2.0323943417281356,"py":3.1370946487093825,"pz":-1.3253175398026489,"ry":255.2748990907802,"rx":-29.45097365425625},"righthand":{"px":-1.0731346949504923,"py":1.3240296575790862,"pz":-0.5091429320846677,"ry":255.2748990907802,"rx":-29.45097365425625},"chest":{"px":-1.058176766366736,"py":1.3408804830451744,"pz":-1.1294271773468019,"ry":359.5358681151496,"rx":-7.291744213239308}}}