# This file was generated by Animated Java via MC-Build. It is not recommended to edit this file directly.
$data merge entity $(bone_nose) { transformation: [-1f,-1.187157339571575e-16f,3.0069458552358006e-17f,-2.071417700517314e-16f,0f,0.24553576241977315f,0.9693875331223013f,3.0144035369078255f,-1.2246467991473532e-16f,0.9693875331223013f,-0.24553576241977315f,1.6845641467412786f,0f,0f,0f,1f], start_interpolation: 0, interpolation_duration: 1 }
$data merge entity $(bone_glowing_eye) { transformation: [-1f,-1.187157339571575e-16f,3.0069458552358006e-17f,-0.12500000000000022f,0f,0.24553576241977315f,0.9693875331223013f,2.997200919166203f,-1.2246467991473532e-16f,0.9693875331223013f,-0.24553576241977315f,1.7587676828968548f,0f,0f,0f,1f], start_interpolation: 0, interpolation_duration: 1 }
$data merge entity $(bone_head) { transformation: [-1f,-1.187157339571575e-16f,3.0069458552358006e-17f,-1.8685246574814845e-16f,0f,0.24553576241977315f,0.9693875331223013f,3.165608210778306f,-1.2246467991473532e-16f,0.9693875331223013f,-0.24553576241977315f,1.5188894042954635f,0f,0f,0f,1f], start_interpolation: 0, interpolation_duration: 1 }
$data merge entity $(bone_leftthumb2) { transformation: [-0.13052619222005143f,-0.33909411358656827f,-0.9316534201490777f,1.400708264961973f,0.7768289629390327f,0.5489002293903997f,-0.308618373584972f,1.654782157286468f,0.6160354498595036f,-0.7640181413462026f,0.19177227174514275f,1.826961707327624f,0f,0f,0f,1f], start_interpolation: 0, interpolation_duration: 1 }
$data merge entity $(bone_leftthumb) { transformation: [-0.13052619222005143f,-0.33909411358656827f,-0.9316534201490777f,1.2379312046583293f,0.7768289629390327f,0.5489002293903997f,-0.308618373584972f,1.7630220671321055f,0.6160354498595036f,-0.7640181413462026f,0.19177227174514275f,1.6559803672111886f,0f,0f,0f,1f], start_interpolation: 0, interpolation_duration: 1 }
$data merge entity $(bone_leftpointerfinger) { transformation: [-0.12854320606946837f,0.022665635416815485f,-0.9914448613738105f,1.2057335290555f,0.8729236882517292f,0.47701654087128825f,-0.10227147316915003f,1.4693815629914906f,0.4706175503127564f,-0.8786020081392611f,-0.08110260557637859f,1.841896304905676f,0f,0f,0f,1f], start_interpolation: 0, interpolation_duration: 1 }
$data merge entity $(bone_leftmidfinger) { transformation: [-0.12854320606946837f,0.022665635416815485f,-0.9914448613738105f,1.0508202694658422f,0.8729236882517292f,0.47701654087128825f,-0.10227147316915003f,1.4534016453088108f,0.4706175503127564f,-0.8786020081392611f,-0.08110260557637859f,1.8292240227843668f,0f,0f,0f,1f], start_interpolation: 0, interpolation_duration: 1 }
$data merge entity $(bone_leftringfinger) { transformation: [-0.1260786200725189f,0.03378266443126188f,-0.9914448613738105f,0.8959070098761843f,0.9111766809976203f,0.39912103650643704f,-0.10227147316915003f,1.4374217276261312f,0.39225149785153196f,-0.9162756843886843f,-0.08110260557637859f,1.8165517406630576f,0f,0f,0f,1f], start_interpolation: 0, interpolation_duration: 1 }
$data merge entity $(bone_invisibility) { transformation: [-0.08641011328638329f,0.9876721143508954f,0.13052619222005118f,1.2122425199321718f,0.6100732203765366f,0.15603662428567466f,-0.7768289629390325f,1.68619326408388f,-0.7876191707298875f,0.01250465573946799f,-0.6160354498595035f,1.8742385749588404f,0f,0f,0f,1f], start_interpolation: 0, interpolation_duration: 1 }
$data merge entity $(bone_swiftness) { transformation: [-0.9914448613738105f,9.595501878238636e-17f,0.1305261922200512f,1.0195483964394114f,-0.10227147316914986f,0.6213511954723179f,-0.7768289629390327f,1.6233356056766628f,-0.08110260557637845f,-0.7835321894377545f,-0.6160354498595036f,1.9972203683083019f,0f,0f,0f,1f], start_interpolation: 0, interpolation_duration: 1 }
$data merge entity $(bone_suspicious_stew) { transformation: [-0.4190027039255485f,0.8985541982805565f,0.13052619222005146f,1.0263466084245825f,0.5199136347246867f,0.35528379468592686f,-0.7768289629390328f,1.6378915255768993f,-0.7443967668726432f,-0.25763108893523423f,-0.6160354498595039f,1.8957599077931642f,0f,0f,0f,1f], start_interpolation: 0, interpolation_duration: 1 }
$data merge entity $(bone_log) { transformation: [-0.13052619222005143f,9.595501878238636e-17f,-0.9914448613738105f,0.9676358000270553f,0.7768289629390327f,0.6213511954723179f,-0.10227147316915003f,1.7835941649816696f,0.6160354498595036f,-0.7835321894377545f,-0.08110260557637859f,1.8517700229013805f,0f,0f,0f,1f], start_interpolation: 0, interpolation_duration: 1 }
$data merge entity $(bone_planks) { transformation: [-0.13052619222005143f,9.595501878238636e-17f,-0.9914448613738105f,0.9553989695064254f,0.7768289629390327f,0.6213511954723179f,-0.10227147316915003f,1.8564218802572037f,0.6160354498595036f,-0.7835321894377545f,-0.08110260557637859f,1.909523346325709f,0f,0f,0f,1f], start_interpolation: 0, interpolation_duration: 1 }
$data merge entity $(bone_lefthand) { transformation: [-0.13052619222005143f,9.595501878238636e-17f,-0.9914448613738105f,1.0312499999999998f,0.7768289629390327f,0.6213511954723179f,-0.10227147316915003f,1.7479207066515268f,0.6160354498595036f,-0.7835321894377545f,-0.08110260557637859f,1.5044125695013277f,0f,0f,0f,1f], start_interpolation: 0, interpolation_duration: 1 }
$data merge entity $(bone_leftforearm) { transformation: [-1f,9.595501878238636e-17f,7.609357526815556e-17f,0.9687499999999999f,0f,0.6213511954723179f,-0.7835321894377545f,2.197050956427965f,-1.2246467991473532e-16f,-0.7835321894377545f,-0.6213511954723179f,0.9632001112321614f,0f,0f,0f,1f], start_interpolation: 0, interpolation_duration: 1 }
$data merge entity $(bone_leftelbow) { transformation: [-1f,2.7012567635247294e-17f,1.1944839478356235e-16f,0.9687499999999999f,0f,0.975370162782665f,-0.2205743537978011f,2.379932861949715f,-1.2246467991473532e-16f,-0.2205743537978011f,-0.975370162782665f,0.9218424198950738f,0f,0f,0f,1f], start_interpolation: 0, interpolation_duration: 1 }
$data merge entity $(bone_leftarm) { transformation: [-1f,-8.235262449307687e-17f,9.064018460771606e-17f,0.7499999999999999f,0f,0.740133274923213f,0.672460210980129f,2.7289851178181923f,-1.2246467991473532e-16f,0.672460210980129f,-0.740133274923213f,1.2812016902264887f,0f,0f,0f,1f], start_interpolation: 0, interpolation_duration: 1 }
$data merge entity $(bone_rightthumb2) { transformation: [0.004405863013855371f,0.07120430415733514f,-0.9974520216233822f,-0.9583774487328379f,0.9546106756658754f,0.2967712861334857f,0.025402000539657854f,1.7480434105820506f,0.2978238510862471f,-0.9522902660408463f,-0.06666485526880246f,2.2705584678330943f,0f,0f,0f,1f], start_interpolation: 0, interpolation_duration: 1 }
$data merge entity $(bone_rightthumb) { transformation: [0.004405863013855371f,0.07120430415733514f,-0.9974520216233822f,-1.0261548833084129f,0.9546106756658754f,0.2967712861334857f,0.025402000539657854f,1.8229951341827597f,0.2978238510862471f,-0.9522902660408463f,-0.06666485526880246f,2.0313194103944383f,0f,0f,0f,1f], start_interpolation: 0, interpolation_duration: 1 }
$data merge entity $(bone_rightpointerfinger) { transformation: [0.0012957814834074865f,0.07132871448283933f,-0.9974520216233822f,-1.095792467856494f,0.9407571161382831f,0.33812835847317446f,0.025402000539657854f,1.8312183173464613f,0.3390787067710498f,-0.9383930027906546f,-0.06666485526880246f,2.3732392225609242f,0f,0f,0f,1f], start_interpolation: 0, interpolation_duration: 1 }
$data merge entity $(bone_rightmidfinger) { transformation: [0.0012957814834074865f,0.07132871448283933f,-0.9974520216233822f,-1.2516443462351474f,0.9407571161382831f,0.33812835847317446f,0.025402000539657854f,1.8351873799307827f,0.3390787067710498f,-0.9383930027906546f,-0.06666485526880246f,2.3628228389251738f,0f,0f,0f,1f], start_interpolation: 0, interpolation_duration: 1 }
$data merge entity $(bone_rightringfinger) { transformation: [-0.008025569604208575f,0.07088762086538915f,-0.9974520216233822f,-1.407496224613801f,0.8885742014830255f,0.4580290676664375f,0.025402000539657854f,1.8391564425151044f,0.4586627068896387f,-0.8861062681082096f,-0.06666485526880246f,2.3524064552894233f,0f,0f,0f,1f], start_interpolation: 0, interpolation_duration: 1 }
$data merge entity $(bone_hugeasssword) { transformation: [1.7256296804266875e-7f,0.0000027888352461622937f,-0.00003906687084691581f,-1.222766091478379f,0.00003738891813024679f,0.000011623542040228191f,9.94911687803266e-7f,1.6415036804444667f,0.000011664767500878014f,-0.000037298035419933155f,-0.0000026110401646947636f,2.091321056554418f,0f,0f,0f,1f], start_interpolation: 0, interpolation_duration: 1 }
$data merge entity $(bone_ice) { transformation: [0.004405863013855371f,0.07120430415733514f,-0.9974520216233822f,-1.2239475003404285f,0.9546106756658754f,0.2967712861334857f,0.025402000539657854f,1.6219508372913518f,0.2978238510862471f,-0.9522902660408463f,-0.06666485526880246f,2.101547094288083f,0f,0f,0f,1f], start_interpolation: 0, interpolation_duration: 1 }
$data merge entity $(bone_righthand) { transformation: [0.004405863013855371f,0.07120430415733514f,-0.9974520216233822f,-1.2362153342233617f,0.9546106756658754f,0.2967712861334857f,0.025402000539657854f,1.9355901402580564f,0.2978238510862471f,-0.9522902660408463f,-0.06666485526880246f,1.9358472138222833f,0f,0f,0f,1f], start_interpolation: 0, interpolation_duration: 1 }
$data merge entity $(bone_rightforearm) { transformation: [-0.9536955904735654f,0.07077485097580287f,-0.29232796852273685f,-1.1222781682182348f,0.2914087819898182f,0.45806590321551f,-0.8397955406469897f,2.2525764849047074f,0.07446907069708812f,-0.8860962412631664f,-0.4574798451612925f,1.3153045998461965f,0f,0f,0f,1f], start_interpolation: 0, interpolation_duration: 1 }
$data merge entity $(bone_rightelbow) { transformation: [-0.9536955904735654f,0.07077485097580287f,-0.29232796852273685f,-1.1090078836602717f,0.2914087819898182f,0.45806590321551f,-0.8397955406469897f,2.3384638417576156f,0.07446907069708812f,-0.8860962412631664f,-0.4574798451612925f,1.1491615546093528f,0f,0f,0f,1f], start_interpolation: 0, interpolation_duration: 1 }
$data merge entity $(bone_rightarm) { transformation: [-0.9536955904735654f,0.30077353718103095f,-0.000006548917238932003f,-0.7500000000000001f,0.2914087819898182f,0.924007126226465f,0.2475717117562512f,2.7289851178181923f,0.07446907069708812f,0.23610614141593336f,-0.9688695719730243f,1.2812016902264884f,0f,0f,0f,1f], start_interpolation: 0, interpolation_duration: 1 }
$data merge entity $(bone_chest) { transformation: [-1.0833333333333333f,-6.998590009742673e-17f,1.1270901133826172e-16f,-0.0023231250000001363f,0f,0.9203389207135816f,0.5714782429199475f,2.6508663628847318f,-1.3267006990762992e-16f,0.5714782429199475f,-0.9203389207135816f,1.1031314293294845f,0f,0f,0f,1f], start_interpolation: 0, interpolation_duration: 1 }
$data merge entity $(bone_chest1lid) { transformation: [-1f,-6.46023693207016e-17f,1.0403908738916468e-16f,-0.3437500000000001f,0f,0.8495436191202292f,0.5275183780799516f,1.8638181453505127f,-1.2246467991473532e-16f,0.5275183780799516f,-0.8495436191202292f,1.0750422015990941f,0f,0f,0f,1f], start_interpolation: 0, interpolation_duration: 1 }
$data merge entity $(bone_chest1) { transformation: [-1f,-6.46023693207016e-17f,1.0403908738916468e-16f,-0.3437500000000001f,0f,0.8495436191202292f,0.5275183780799516f,1.731076954862977f,-1.2246467991473532e-16f,0.5275183780799516f,-0.8495436191202292f,0.9926174550241016f,0f,0f,0f,1f], start_interpolation: 0, interpolation_duration: 1 }
$data merge entity $(bone_chest1lid3) { transformation: [-1f,-6.46023693207016e-17f,1.0403908738916468e-16f,-0.28125f,0f,0.8495436191202292f,0.5275183780799516f,2.2017596063079816f,-1.2246467991473532e-16f,0.5275183780799516f,-0.8495436191202292f,0.5308033206001972f,0f,0f,0f,1f], start_interpolation: 0, interpolation_duration: 1 }
$data merge entity $(bone_chest3) { transformation: [-1f,-6.46023693207016e-17f,1.0403908738916468e-16f,-0.28125f,0f,0.8495436191202292f,0.5275183780799516f,2.069018415820446f,-1.2246467991473532e-16f,0.5275183780799516f,-0.8495436191202292f,0.44837857402520476f,0f,0f,0f,1f], start_interpolation: 0, interpolation_duration: 1 }
$data merge entity $(bone_hugeasssword2) { transformation: [-1.277161128230601e-15f,2.887669569172986f,-2.646061646494669f,-1.2343750000000002f,-2.0661136474798107f,2.247944787578314f,2.4532012566185717f,3.7763481287184035f,3.327379174887565f,1.395846148058435f,1.5232987675609653f,1.4901412111363543f,0f,0f,0f,1f], start_interpolation: 0, interpolation_duration: 1 }
$data merge entity $(bone_belt) { transformation: [-1f,-6.46023693207016e-17f,1.0403908738916468e-16f,0.029705624999999874f,0f,0.8495436191202292f,0.5275183780799516f,2.24341417859396f,-1.2246467991473532e-16f,0.5275183780799516f,-0.8495436191202292f,1.0042124173907832f,0f,0f,0f,1f], start_interpolation: 0, interpolation_duration: 1 }
$data merge entity $(bone_torn_part) { transformation: [-1f,-7.954113563528766e-17f,9.31171604403149e-17f,-0.09375000000000011f,0f,0.7603593175203389f,0.6495026622424303f,2.0046465765319263f,-1.2246467991473532e-16f,0.6495026622424303f,-0.7603593175203389f,0.8741502412733875f,0f,0f,0f,1f], start_interpolation: 0, interpolation_duration: 1 }
$data merge entity $(bone_lowerbody) { transformation: [-1f,-4.785885915936512e-17f,1.1272589510215755e-16f,0.0039062499999999003f,0f,0.9204767871082643f,0.3907972420512292f,1.5002391581632653f,-1.2246467991473532e-16f,0.3907972420512292f,-0.9204767871082643f,0.8127733236151604f,0f,0f,0f,1f], start_interpolation: 0, interpolation_duration: 1 }
$data merge entity $(bone_leftfoot) { transformation: [-0.9753667896506382f,0.2144599802211946f,0.0516385759886203f,-0.0004339156966674529f,-0.042585433717795204f,-0.41275559600123346f,0.9098457555018509f,0.47700804732687624f,0.21643961393810277f,0.8852342824660552f,0.41172097185488815f,-0.8372110019032154f,0f,0f,0f,1f], start_interpolation: 0, interpolation_duration: 1 }
$data merge entity $(bone_leftlowerleg) { transformation: [-0.9753667896506382f,0.20537410982656792f,-0.08050528342632243f,0.2397722719800208f,-0.042585433717795204f,0.1827804369934556f,0.982231028163715f,0.5288645943998844f,0.21643961393810277f,0.9614638770465723f,-0.1695320224998771f,0.2554608402498334f,0f,0f,0f,1f], start_interpolation: 0, interpolation_duration: 1 }
$data merge entity $(bone_leftleg) { transformation: [-0.9753667896506382f,0.032967434327222433f,-0.21811183810258436f,0.24999999999999992f,-0.042585433717795204f,0.9420272412718134f,0.3328230123307041f,1.5197704081632653f,0.21643961393810277f,0.3339129002834377f,-0.9174181535933481f,0.6408983236151604f,0f,0f,0f,1f], start_interpolation: 0, interpolation_duration: 1 }
$data merge entity $(bone_rightfoot) { transformation: [-0.9905012255519768f,0.039382629522273976f,0.13174342743356623f,-0.3850592838430217f,0.04324621745963608f,0.998710429649902f,0.026594029103200745f,0.12268471927425006f,-0.13052619222005168f,0.032038823330755084f,-0.9909270543002218f,0.9634980558302607f,0f,0f,0f,1f], start_interpolation: 0, interpolation_duration: 1 }
$data merge entity $(bone_rightlowerleg) { transformation: [-0.9905012255519768f,-0.017783349003759597f,0.13634909122631694f,-0.425737127983717f,0.04324621745963608f,0.9009932819686098f,0.43167217946361425f,1.0558995996493774f,-0.13052619222005168f,0.43346840524499985f,-0.8916658874258286f,1.5813776304636535f,0f,0f,0f,1f], start_interpolation: 0, interpolation_duration: 1 }
$data merge entity $(bone_rightleg) { transformation: [-0.9905012255519768f,0.1366436574473005f,0.015356857082645977f,-0.25000000000000006f,0.04324621745963608f,0.4155883111680375f,-0.908524144035772f,1.5197704081632653f,-0.13052619222005168f,-0.8992301521301002f,-0.4175500528614634f,0.6408983236151604f,0f,0f,0f,1f], start_interpolation: 0, interpolation_duration: 1 }
data modify entity @s data merge value {"locators":{"lefthand":{"posx":0.9953639565066509,"posy":1.6638213793281285,"posz":1.8564973799890074,"roty":274.6765217313785,"rotx":-5.869987076541952},"righthand":{"posx":-1.2090618300974727,"posy":1.7064116305307597,"posz":2.145389254097882,"roty":273.8236853843107,"rotx":1.455583989489948},"chest":{"posx":-0.3750000000000001,"posy":1.728296922580506,"posz":1.1748134934566328,"roty":0,"rotx":31.83793446831995},"sack":{"posx":0,"posy":-0.4375,"posz":0,"roty":0,"rotx":0}},"cameras":{}}