# This file was generated by Animated Java via MC-Build. It is not recommended to edit this file directly.
$data merge entity $(nose) {transformation: [-1f,0f,0f,0f,0f,0.999f,0.0436f,2.3037f,0f,0.0436f,-0.999f,-0.1927f,0f,0f,0f,1f],start_interpolation: 0,interpolation_duration: 1}
$data merge entity $(glowing_eye) {transformation: [-1f,0f,0f,-0.125f,0f,0.999f,0.0436f,2.3699f,0f,0.0436f,-0.999f,-0.1549f,0f,0f,0f,1f],start_interpolation: 0,interpolation_duration: 1}
$data merge entity $(head) {transformation: [-1f,0f,0f,0f,0f,0.999f,0.0436f,2.1885f,0f,0.0436f,-0.999f,-0.3852f,0f,0f,0f,1f],start_interpolation: 0,interpolation_duration: 1}
$data merge entity $(leftthumb2) {transformation: [-0.1279f,0.4048f,0.9054f,0.2014f,-0.6872f,0.6221f,-0.3752f,0.5248f,-0.7151f,-0.6702f,0.1986f,0.3141f,0f,0f,0f,1f],start_interpolation: 0,interpolation_duration: 1}
$data merge entity $(leftthumb) {transformation: [-0.1279f,0.4048f,0.9054f,0.3781f,-0.6872f,0.6221f,-0.3752f,0.6453f,-0.7151f,-0.6702f,0.1986f,0.1668f,0f,0f,0f,1f],start_interpolation: 0,interpolation_duration: 1}
$data merge entity $(leftpointerfinger) {transformation: [-0.1279f,0.4048f,0.9054f,0.3017f,-0.6872f,0.6221f,-0.3752f,0.4988f,-0.7151f,-0.6702f,0.1986f,0.4742f,0f,0f,0f,1f],start_interpolation: 0,interpolation_duration: 1}
$data merge entity $(leftmidfinger) {transformation: [-0.1279f,0.4048f,0.9054f,0.4431f,-0.6872f,0.6221f,-0.3752f,0.4402f,-0.7151f,-0.6702f,0.1986f,0.5052f,0f,0f,0f,1f],start_interpolation: 0,interpolation_duration: 1}
$data merge entity $(leftringfinger) {transformation: [-0.1279f,0.4048f,0.9054f,0.5846f,-0.6872f,0.6221f,-0.3752f,0.3816f,-0.7151f,-0.6702f,0.1986f,0.5363f,0f,0f,0f,1f],start_interpolation: 0,interpolation_duration: 1}
$data merge entity $(invisibility) {transformation: [0.4822f,-0.8667f,0.1279f,0.2937f,0.587f,0.428f,0.6872f,0.4497f,-0.6503f,-0.2563f,0.7151f,0.2606f,0f,0f,0f,1f],start_interpolation: 0,interpolation_duration: 1}
$data merge entity $(swiftness) {transformation: [0.9054f,0.4048f,0.1279f,0.402f,-0.3752f,0.6221f,0.6872f,0.2593f,0.1986f,-0.6702f,0.7151f,0.3513f,0f,0f,0f,1f],start_interpolation: 0,interpolation_duration: 1}
$data merge entity $(suspicious_stew) {transformation: [0f,0f,0f,0.4445f,0f,0f,0f,0.3502f,0f,0f,0f,0.3292f,0f,0f,0f,1f],start_interpolation: 0,interpolation_duration: 1}
$data merge entity $(log) {transformation: [-0.1279f,0.4048f,0.9054f,0.5255f,-0.6872f,0.6221f,-0.3752f,0.346f,-0.7151f,-0.6702f,0.1986f,0.1877f,0f,0f,0f,1f],start_interpolation: 0,interpolation_duration: 1}
$data merge entity $(planks) {transformation: [-0.1279f,0.4048f,0.9054f,0.5135f,-0.6872f,0.6221f,-0.3752f,0.2815f,-0.7151f,-0.6702f,0.1986f,0.1207f,0f,0f,0f,1f],start_interpolation: 0,interpolation_duration: 1}
$data merge entity $(lefthand1) {transformation: [-0.1279f,0.4048f,0.9054f,0.6304f,-0.6872f,0.6221f,-0.3752f,0.685f,-0.7151f,-0.6702f,0.1986f,0.1928f,0f,0f,0f,1f],start_interpolation: 0,interpolation_duration: 1}
$data merge entity $(leftforearm) {transformation: [-0.1279f,0.4048f,0.9054f,0.8929f,-0.6872f,0.6221f,-0.3752f,1.0853f,-0.7151f,-0.6702f,0.1986f,-0.3262f,0f,0f,0f,1f],start_interpolation: 0,interpolation_duration: 1}
$data merge entity $(leftelbow) {transformation: [-0.1279f,0.4048f,0.9054f,0.9688f,-0.6872f,0.6221f,-0.3752f,1.202f,-0.7151f,-0.6702f,0.1986f,-0.4519f,0f,0f,0f,1f],start_interpolation: 0,interpolation_duration: 1}
$data merge entity $(leftarm) {transformation: [-1f,0f,0f,0.75f,0f,0.9914f,-0.1305f,1.7018f,0f,-0.1305f,-0.9914f,-0.4862f,0f,0f,0f,1f],start_interpolation: 0,interpolation_duration: 1}
$data merge entity $(rightthumb2) {transformation: [-0.2659f,-0.284f,-0.9212f,-0.3451f,0.5527f,0.738f,-0.3871f,0.385f,0.7898f,-0.6121f,-0.0393f,0.2875f,0f,0f,0f,1f],start_interpolation: 0,interpolation_duration: 1}
$data merge entity $(rightthumb) {transformation: [-0.2659f,-0.284f,-0.9212f,-0.4935f,0.5527f,0.738f,-0.3871f,0.5329f,0.7898f,-0.6121f,-0.0393f,0.134f,0f,0f,0f,1f],start_interpolation: 0,interpolation_duration: 1}
$data merge entity $(rightpointerfinger) {transformation: [-0.2659f,-0.284f,-0.9212f,-0.4726f,0.5527f,0.738f,-0.3871f,0.3331f,0.7898f,-0.6121f,-0.0393f,0.4194f,0f,0f,0f,1f],start_interpolation: 0,interpolation_duration: 1}
$data merge entity $(rightmidfinger) {transformation: [-0.2659f,-0.284f,-0.9212f,-0.6165f,0.5527f,0.738f,-0.3871f,0.2726f,0.7898f,-0.6121f,-0.0393f,0.4132f,0f,0f,0f,1f],start_interpolation: 0,interpolation_duration: 1}
$data merge entity $(rightringfinger) {transformation: [-0.2659f,-0.284f,-0.9212f,-0.7605f,0.5527f,0.738f,-0.3871f,0.2121f,0.7898f,-0.6121f,-0.0393f,0.4071f,0f,0f,0f,1f],start_interpolation: 0,interpolation_duration: 1}
$data merge entity $(hugeasssword) {transformation: [-1.0415f,-1.1122f,-3.6081f,-0.5892f,2.1648f,2.8906f,-1.516f,0.2817f,3.0934f,-2.3974f,-0.1539f,0.0797f,0f,0f,0f,1f],start_interpolation: 0,interpolation_duration: 1}
$data merge entity $(whey) {transformation: [-0.2659f,0.8379f,-0.4766f,-0.3873f,0.5527f,0.5376f,0.6368f,0.172f,0.7898f,-0.0941f,-0.6061f,0.0069f,0f,0f,0f,1f],start_interpolation: 0,interpolation_duration: 1}
$data merge entity $(ice) {transformation: [-0.2659f,-0.284f,-0.9212f,-0.5806f,0.5527f,0.738f,-0.3871f,0.2616f,0.7898f,-0.6121f,-0.0393f,0.077f,0f,0f,0f,1f],start_interpolation: 0,interpolation_duration: 1}
$data merge entity $(righthand1) {transformation: [-0.2659f,-0.284f,-0.9212f,-0.7468f,0.5527f,0.738f,-0.3871f,0.5722f,0.7898f,-0.6121f,-0.0393f,0.1202f,0f,0f,0f,1f],start_interpolation: 0,interpolation_duration: 1}
$data merge entity $(rightforearm) {transformation: [-0.2659f,-0.284f,-0.9212f,-0.9155f,0.5527f,0.738f,-0.3871f,1.0626f,0.7898f,-0.6121f,-0.0393f,-0.359f,0f,0f,0f,1f],start_interpolation: 0,interpolation_duration: 1}
$data merge entity $(rightelbow) {transformation: [-0.2659f,-0.284f,-0.9212f,-0.9687f,0.5527f,0.738f,-0.3871f,1.201f,0.7898f,-0.6121f,-0.0393f,-0.4737f,0f,0f,0f,1f],start_interpolation: 0,interpolation_duration: 1}
$data merge entity $(rightarm) {transformation: [-1f,0f,0f,-0.75f,0f,0.9962f,-0.0872f,1.7018f,0f,-0.0872f,-0.9962f,-0.4862f,0f,0f,0f,1f],start_interpolation: 0,interpolation_duration: 1}
$data merge entity $(chest1) {transformation: [-1.0833f,0f,0f,-0.0023f,0f,1.0464f,0.2804f,1.5754f,0f,0.2804f,-1.0464f,-0.634f,0f,0f,0f,1f],start_interpolation: 0,interpolation_duration: 1}
$data merge entity $(chest1lid) {transformation: [-1f,0f,0f,-0.3437f,0f,0.9659f,0.2588f,0.814f,0f,0.2588f,-0.9659f,-0.4329f,0f,0f,0f,1f],start_interpolation: 0,interpolation_duration: 1}
$data merge entity $(chest2) {transformation: [-1f,0f,0f,-0.3437f,0f,0.9659f,0.2588f,0.6631f,0f,0.2588f,-0.9659f,-0.4733f,0f,0f,0f,1f],start_interpolation: 0,interpolation_duration: 1}
$data merge entity $(chest1lid3) {transformation: [-1f,0f,0f,-0.2812f,0f,0.9659f,0.2588f,0.9798f,0f,0.2588f,-0.9659f,-1.0517f,0f,0f,0f,1f],start_interpolation: 0,interpolation_duration: 1}
$data merge entity $(chest3) {transformation: [-1f,0f,0f,-0.2812f,0f,0.9659f,0.2588f,0.8289f,0f,0.2588f,-0.9659f,-1.0921f,0f,0f,0f,1f],start_interpolation: 0,interpolation_duration: 1}
$data merge entity $(hugeasssword2) {transformation: [0f,2.8877f,-2.6461f,-1.2344f,-1.0137f,2.5559f,2.7893f,2.7648f,3.7832f,0.6849f,0.7474f,-0.5896f,0f,0f,0f,1f],start_interpolation: 0,interpolation_duration: 1}
$data merge entity $(belt) {transformation: [-1f,0f,0f,0.0297f,0f,0.9659f,0.2588f,1.1568f,0f,0.2588f,-0.9659f,-0.6106f,0f,0f,0f,1f],start_interpolation: 0,interpolation_duration: 1}
$data merge entity $(torn_part) {transformation: [-1f,0f,0f,-0.0937f,0f,0.9063f,0.4226f,0.8892f,0f,0.4226f,-0.9063f,-0.6694f,0f,0f,0f,1f],start_interpolation: 0,interpolation_duration: 1}
$data merge entity $(lowerbody) {transformation: [-1f,0f,0f,0.0039f,0f,0.9914f,0.1305f,0.3867f,0f,0.1305f,-0.9914f,-0.5937f,0f,0f,0f,1f],start_interpolation: 0,interpolation_duration: 1}
$data merge entity $(leftfoot) {transformation: [-0.1098f,0.9334f,-0.3415f,-0.2119f,0.972f,0.1727f,0.1595f,0.1513f,0.2079f,-0.3144f,-0.9262f,0.2958f,0f,0f,0f,1f],start_interpolation: 0,interpolation_duration: 1}
$data merge entity $(leftlowerleg) {transformation: [-0.1098f,0.9334f,-0.3415f,0.8761f,0.972f,0.1727f,0.1595f,0.3184f,0.2079f,-0.3144f,-0.9262f,0.0893f,0f,0f,0f,1f],start_interpolation: 0,interpolation_duration: 1}
$data merge entity $(leftleg) {transformation: [-0.4625f,-0.5918f,-0.6602f,0.25f,0.7991f,0.0445f,-0.5996f,0.4063f,0.3842f,-0.8048f,0.4523f,-0.7656f,0f,0f,0f,1f],start_interpolation: 0,interpolation_duration: 1}
$data merge entity $(rightfoot) {transformation: [-0.0446f,-0.9782f,0.2029f,0.0472f,-0.9594f,0.0986f,0.2641f,0.1979f,-0.2784f,-0.1829f,-0.9429f,-0.0443f,0f,0f,0f,1f],start_interpolation: 0,interpolation_duration: 1}
$data merge entity $(rightlowerleg) {transformation: [-0.0446f,-0.9782f,0.2029f,-1.0692f,-0.9594f,0.0986f,0.2641f,0.2667f,-0.2784f,-0.1829f,-0.9429f,-0.1023f,0f,0f,0f,1f],start_interpolation: 0,interpolation_duration: 1}
$data merge entity $(rightleg) {transformation: [-0.1777f,0.7805f,0.5994f,-0.25f,-0.914f,0.0948f,-0.3945f,0.4063f,-0.3647f,-0.618f,0.6965f,-0.7656f,0f,0f,0f,1f],start_interpolation: 0,interpolation_duration: 1}
$data merge entity $(sack_top) {transformation: [0f,0f,0f,-0.0625f,0f,0f,0f,-1.5625f,0f,0f,0f,0f,0f,0f,0f,1f],start_interpolation: 0,interpolation_duration: 1}
$data merge entity $(sack_main) {transformation: [0f,0f,0f,-0.0625f,0f,0f,0f,-1.5625f,0f,0f,0f,0f,0f,0f,0f,1f],start_interpolation: 0,interpolation_duration: 1}
$data merge entity $(blast_off1) {transformation: [0f,0f,0f,0f,0f,0f,0f,-2.5f,0f,0f,0f,0f,0f,0f,0f,1f],start_interpolation: 0,interpolation_duration: 1}
$data merge entity $(blast_off2) {transformation: [0f,0f,0f,0f,0f,0f,0f,-2.5f,0f,0f,0f,0f,0f,0f,0f,1f],start_interpolation: 0,interpolation_duration: 1}
data modify entity @s data merge value {"cameras":{},"locators":{"soup":{"px":0.4444654530482177,"py":0.3502099725541872,"pz":0.3292440691735721,"ry":169.8624523700609,"rx":43.408492140302734},"lefthand":{"px":0.4917352489152582,"py":0.36764651476388926,"pz":0.3040371101717004,"ry":102.37232100120544,"rx":-22.03438420835421},"sword":{"px":2.810315663385419,"py":1.7351518157623635,"pz":0.3060758707711876,"ry":272.44240634789173,"rx":-22.771252830048784},"righthand":{"px":-0.5866824733782435,"py":0.3078938460094039,"pz":0.1611807480069845,"ry":272.44240634789173,"rx":-22.771252830048784},"chest":{"px":-0.375,"py":0.7131840183802818,"pz":-0.2981495307415447,"ry":0,"rx":15.000000000000002},"sack":{"px":-0.062499375,"py":-1.56248875,"pz":-7.653965954246011e-18,"ry":0,"rx":0}}}
execute on vehicle unless entity @s[tag=aj.transforms_only] run function animated_java:wander/variants/sword_none/apply