# This file was generated by Animated Java via MC-Build. It is not recommended to edit this file directly.
$data merge entity $(nose) {transformation: [-0.4525f,0.0502f,-0.8904f,0.3686f,0.1345f,0.9908f,-0.0125f,2.3192f,0.8816f,-0.1254f,-0.4551f,-0.4882f,0f,0f,0f,1f],start_interpolation: 0,interpolation_duration: 1}
$data merge entity $(glowing_eye) {transformation: [-0.4525f,0.0502f,-0.8904f,0.3465f,0.1345f,0.9908f,-0.0125f,2.4036f,0.8816f,-0.1254f,-0.4551f,-0.3706f,0f,0f,0f,1f],start_interpolation: 0,interpolation_duration: 1}
$data merge entity $(head) {transformation: [-0.4525f,0.0502f,-0.8904f,0.1956f,0.1345f,0.9908f,-0.0125f,2.1945f,0.8816f,-0.1254f,-0.4551f,-0.5579f,0f,0f,0f,1f],start_interpolation: 0,interpolation_duration: 1}
$data merge entity $(leftthumb2) {transformation: [-0.3511f,-0.2768f,0.8945f,1.0428f,-0.7898f,0.6007f,-0.1241f,0.3379f,-0.5029f,-0.75f,-0.4295f,-0.3125f,0f,0f,0f,1f],start_interpolation: 0,interpolation_duration: 1}
$data merge entity $(leftthumb) {transformation: [-0.3511f,-0.2768f,0.8945f,1.0513f,-0.7898f,0.6007f,-0.1241f,0.4747f,-0.5029f,-0.75f,-0.4295f,-0.5332f,0f,0f,0f,1f],start_interpolation: 0,interpolation_duration: 1}
$data merge entity $(leftpointerfinger) {transformation: [-0.4608f,-0.3492f,0.8159f,1.2545f,-0.7119f,0.6943f,-0.105f,0.3198f,-0.5299f,-0.6293f,-0.5686f,-0.2954f,0f,0f,0f,1f],start_interpolation: 0,interpolation_duration: 1}
$data merge entity $(leftmidfinger) {transformation: [-0.4608f,-0.3492f,0.8159f,1.382f,-0.7119f,0.6943f,-0.105f,0.3034f,-0.5299f,-0.6293f,-0.5686f,-0.3842f,0f,0f,0f,1f],start_interpolation: 0,interpolation_duration: 1}
$data merge entity $(leftringfinger) {transformation: [-0.4608f,-0.3492f,0.8159f,1.5095f,-0.7119f,0.6943f,-0.105f,0.287f,-0.5299f,-0.6293f,-0.5686f,-0.4731f,0f,0f,0f,1f],start_interpolation: 0,interpolation_duration: 1}
$data merge entity $(invisibility) {transformation: [-0.2767f,-0.8432f,0.4608f,1.1044f,0.6826f,0.1651f,0.7119f,0.2655f,-0.6764f,0.5116f,0.5299f,-0.4458f,0f,0f,0f,1f],start_interpolation: 0,interpolation_duration: 1}
$data merge entity $(swiftness) {transformation: [0.8159f,-0.3492f,0.4608f,1.2807f,-0.105f,0.6943f,0.7119f,0.1147f,-0.5686f,-0.6293f,0.5299f,-0.4948f,0f,0f,0f,1f],start_interpolation: 0,interpolation_duration: 1}
$data merge entity $(suspicious_stew) {transformation: [0f,0f,0f,1.2736f,0f,0f,0f,0.2179f,0f,0f,0f,-0.5241f,0f,0f,0f,1f],start_interpolation: 0,interpolation_duration: 1}
$data merge entity $(log) {transformation: [-0.4608f,-0.3492f,0.8159f,1.2252f,-0.7119f,0.6943f,-0.105f,0.2284f,-0.5299f,-0.6293f,-0.5686f,-0.6779f,0f,0f,0f,1f],start_interpolation: 0,interpolation_duration: 1}
$data merge entity $(planks) {transformation: [-0.4608f,-0.3492f,0.8159f,1.182f,-0.7119f,0.6943f,-0.105f,0.1617f,-0.5299f,-0.6293f,-0.5686f,-0.7276f,0f,0f,0f,1f],start_interpolation: 0,interpolation_duration: 1}
$data merge entity $(lefthand1) {transformation: [-0.4608f,-0.3492f,0.8159f,1.2276f,-0.7119f,0.6943f,-0.105f,0.5833f,-0.5299f,-0.6293f,-0.5686f,-0.685f,0f,0f,0f,1f],start_interpolation: 0,interpolation_duration: 1}
$data merge entity $(leftforearm) {transformation: [-0.4608f,-0.3492f,0.8159f,0.9406f,-0.7119f,0.6943f,-0.105f,1.0286f,-0.5299f,-0.6293f,-0.5686f,-1.1517f,0f,0f,0f,1f],start_interpolation: 0,interpolation_duration: 1}
$data merge entity $(leftelbow) {transformation: [-0.4608f,-0.3492f,0.8159f,0.8751f,-0.7119f,0.6943f,-0.105f,1.1588f,-0.5299f,-0.6293f,-0.5686f,-1.2696f,0f,0f,0f,1f],start_interpolation: 0,interpolation_duration: 1}
$data merge entity $(leftarm) {transformation: [-0.7738f,-0.0452f,-0.6319f,0.703f,-0.1441f,0.9839f,0.106f,1.6159f,0.6169f,0.1731f,-0.7678f,-1.0242f,0f,0f,0f,1f],start_interpolation: 0,interpolation_duration: 1}
$data merge entity $(rightthumb2) {transformation: [-0.0896f,0.0108f,-0.9959f,-0.5048f,0.3919f,0.9197f,-0.0253f,0.1894f,0.9156f,-0.3925f,-0.0867f,0.299f,0f,0f,0f,1f],start_interpolation: 0,interpolation_duration: 1}
$data merge entity $(rightthumb) {transformation: [-0.0896f,0.0108f,-0.9959f,-0.5873f,0.3919f,0.9197f,-0.0253f,0.4127f,0.9156f,-0.3925f,-0.0867f,0.1953f,0f,0f,0f,1f],start_interpolation: 0,interpolation_duration: 1}
$data merge entity $(rightpointerfinger) {transformation: [-0.0896f,0.0108f,-0.9959f,-0.6473f,0.3919f,0.9197f,-0.0253f,0.1526f,0.9156f,-0.3925f,-0.0867f,0.4202f,0f,0f,0f,1f],start_interpolation: 0,interpolation_duration: 1}
$data merge entity $(rightmidfinger) {transformation: [-0.0896f,0.0108f,-0.9959f,-0.8029f,0.3919f,0.9197f,-0.0253f,0.1487f,0.9156f,-0.3925f,-0.0867f,0.4067f,0f,0f,0f,1f],start_interpolation: 0,interpolation_duration: 1}
$data merge entity $(rightringfinger) {transformation: [-0.0896f,0.0108f,-0.9959f,-0.9585f,0.3919f,0.9197f,-0.0253f,0.1447f,0.9156f,-0.3925f,-0.0867f,0.3931f,0f,0f,0f,1f],start_interpolation: 0,interpolation_duration: 1}
$data merge entity $(hugeasssword) {transformation: [-0.3511f,0.0422f,-3.9007f,-0.7614f,1.5348f,3.602f,-0.0992f,0.2318f,3.5863f,-1.5375f,-0.3394f,0.0851f,0f,0f,0f,1f],start_interpolation: 0,interpolation_duration: 1}
$data merge entity $(whey) {transformation: [-0.0896f,0.9746f,-0.205f,-0.6069f,0.3919f,0.2238f,0.8924f,0.0818f,0.9156f,-0.0004f,-0.402f,-0.0233f,0f,0f,0f,1f],start_interpolation: 0,interpolation_duration: 1}
$data merge entity $(ice) {transformation: [-0.0896f,0.0108f,-0.9959f,-0.7601f,0.3919f,0.9197f,-0.0253f,0.2113f,0.9156f,-0.3925f,-0.0867f,0.0769f,0f,0f,0f,1f],start_interpolation: 0,interpolation_duration: 1}
$data merge entity $(righthand1) {transformation: [-0.0896f,0.0108f,-0.9959f,-0.811f,0.3919f,0.9197f,-0.0253f,0.5384f,0.9156f,-0.3925f,-0.0867f,0.205f,0f,0f,0f,1f],start_interpolation: 0,interpolation_duration: 1}
$data merge entity $(rightforearm) {transformation: [-0.0896f,0.0108f,-0.9959f,-0.7822f,0.3919f,0.9197f,-0.0253f,1.1609f,0.9156f,-0.3925f,-0.0867f,-0.1269f,0f,0f,0f,1f],start_interpolation: 0,interpolation_duration: 1}
$data merge entity $(rightelbow) {transformation: [-0.0896f,0.0108f,-0.9959f,-0.7802f,0.3919f,0.9197f,-0.0253f,1.3334f,0.9156f,-0.3925f,-0.0867f,-0.2005f,0f,0f,0f,1f],start_interpolation: 0,interpolation_duration: 1}
$data merge entity $(rightarm) {transformation: [-0.983f,0.1268f,-0.1325f,-0.4976f,0.1091f,0.985f,0.1337f,1.7978f,0.1475f,0.117f,-0.9821f,-0.1436f,0f,0f,0f,1f],start_interpolation: 0,interpolation_duration: 1}
$data merge entity $(chest1) {transformation: [-0.8671f,0.2375f,-0.6044f,0.0043f,0.1314f,1.0516f,0.2247f,1.5744f,0.636f,0.1065f,-0.8705f,-0.6867f,0f,0f,0f,1f],start_interpolation: 0,interpolation_duration: 1}
$data merge entity $(chest1lid) {transformation: [-0.8004f,0.2192f,-0.5579f,-0.2005f,0.1213f,0.9707f,0.2074f,0.8712f,0.5871f,0.0983f,-0.8036f,-0.2391f,0f,0f,0f,1f],start_interpolation: 0,interpolation_duration: 1}
$data merge entity $(chest2) {transformation: [-0.8004f,0.2192f,-0.5579f,-0.2347f,0.1213f,0.9707f,0.2074f,0.7195f,0.5871f,0.0983f,-0.8036f,-0.2544f,0f,0f,0f,1f],start_interpolation: 0,interpolation_duration: 1}
$data merge entity $(chest1lid3) {transformation: [-0.8004f,0.2192f,-0.5579f,-0.5079f,0.1213f,0.9707f,0.2074f,0.9965f,0.5871f,0.0983f,-0.8036f,-0.7905f,0f,0f,0f,1f],start_interpolation: 0,interpolation_duration: 1}
$data merge entity $(chest3) {transformation: [-0.8004f,0.2192f,-0.5579f,-0.5421f,0.1213f,0.9707f,0.2074f,0.8448f,0.5871f,0.0983f,-0.8036f,-0.8059f,0f,0f,0f,1f],start_interpolation: 0,interpolation_duration: 1}
$data merge entity $(hugeasssword2) {transformation: [2.1852f,2.8914f,-1.4849f,-0.8753f,-0.8123f,2.2183f,3.124f,2.9051f,3.1473f,-1.435f,1.8373f,-0.0622f,0f,0f,0f,1f],start_interpolation: 0,interpolation_duration: 1}
$data merge entity $(belt) {transformation: [-0.8004f,0.2192f,-0.5579f,0.0156f,0.1213f,0.9707f,0.2074f,1.1567f,0.5871f,0.0983f,-0.8036f,-0.6395f,0f,0f,0f,1f],start_interpolation: 0,interpolation_duration: 1}
$data merge entity $(torn_part) {transformation: [-0.9218f,0.1137f,-0.3705f,-0.142f,-0.0573f,0.9054f,0.4206f,0.8826f,0.3833f,0.409f,-0.8282f,-0.6158f,0f,0f,0f,1f],start_interpolation: 0,interpolation_duration: 1}
$data merge entity $(lowerbody) {transformation: [-0.9218f,-0.0029f,-0.3875f,0.0039f,-0.0573f,0.99f,0.1289f,0.3867f,0.3833f,0.141f,-0.9128f,-0.5937f,0f,0f,0f,1f],start_interpolation: 0,interpolation_duration: 1}
data modify entity @s data merge value {"cameras":{},"locators":{"soup":{"px":1.2735493282053967,"py":0.2178860803088984,"pz":-0.524118720543624,"ry":138.90867461581036,"rx":45.636834305736436},"lefthand":{"px":1.2829292386499134,"py":0.2425396858399742,"pz":-0.5701764084291854,"ry":55.129649781868864,"rx":-6.026368874956425},"sword":{"px":2.9192972668637207,"py":0.3274653535532374,"pz":0.48975763091961794,"ry":274.97283808412226,"rx":-1.451435968454394},"righthand":{"px":-0.7531439597443104,"py":0.23406235321713476,"pz":0.1702148847370303,"ry":274.97283808412226,"rx":-1.451435968454394},"chest":{"px":-0.15202749459599613,"py":0.7819129085597528,"pz":-0.10129682461922668,"ry":325.22663332017214,"rx":11.96969480550884}}}