# This file was generated by Animated Java via MC-Build. It is not recommended to edit this file directly.
$data merge entity $(nose) {transformation: [-0.9945f,-0.0657f,0.0814f,-0.0762f,-0.048f,0.978f,0.203f,2.2858f,-0.0929f,0.198f,-0.9758f,-0.4429f,0f,0f,0f,1f],start_interpolation: 0,interpolation_duration: 1}
$data merge entity $(glowing_eye) {transformation: [-0.9945f,-0.0657f,0.0814f,-0.2078f,-0.048f,0.978f,0.203f,2.3389f,-0.0929f,0.198f,-0.9758f,-0.407f,0f,0f,0f,1f],start_interpolation: 0,interpolation_duration: 1}
$data merge entity $(head) {transformation: [-0.9945f,-0.0657f,0.0814f,-0.0528f,-0.048f,0.978f,0.203f,2.2031f,-0.0929f,0.198f,-0.9758f,-0.65f,0f,0f,0f,1f],start_interpolation: 0,interpolation_duration: 1}
$data merge entity $(leftthumb2) {transformation: [-0.1165f,0.7073f,0.6972f,0.3926f,-0.9534f,-0.2764f,0.1211f,1.6744f,0.2783f,-0.6506f,0.7066f,0.463f,0f,0f,0f,1f],start_interpolation: 0,interpolation_duration: 1}
$data merge entity $(leftthumb) {transformation: [-0.1165f,0.7073f,0.6972f,0.6257f,-0.9534f,-0.2764f,0.1211f,1.617f,0.2783f,-0.6506f,0.7066f,0.3638f,0f,0f,0f,1f],start_interpolation: 0,interpolation_duration: 1}
$data merge entity $(leftpointerfinger) {transformation: [-0.9294f,0.3658f,-0.0492f,0.605f,0.0465f,-0.0162f,-0.9988f,1.5704f,-0.3661f,-0.9306f,-0.0019f,0.7091f,0f,0f,0f,1f],start_interpolation: 0,interpolation_duration: 1}
$data merge entity $(leftmidfinger) {transformation: [-0.9294f,0.3658f,-0.0492f,0.5973f,0.0465f,-0.0162f,-0.9988f,1.4144f,-0.3661f,-0.9306f,-0.0019f,0.7088f,0f,0f,0f,1f],start_interpolation: 0,interpolation_duration: 1}
$data merge entity $(leftringfinger) {transformation: [-0.9294f,0.3658f,-0.0492f,0.5896f,0.0465f,-0.0162f,-0.9988f,1.2583f,-0.3661f,-0.9306f,-0.0019f,0.7085f,0f,0f,0f,1f],start_interpolation: 0,interpolation_duration: 1}
$data merge entity $(invisibility) {transformation: [0.3601f,0.0809f,0.9294f,0.4723f,-0.1032f,0.9936f,-0.0465f,1.6086f,-0.9272f,-0.0792f,0.3661f,0.5387f,0f,0f,0f,1f],start_interpolation: 0,interpolation_duration: 1}
$data merge entity $(swiftness) {transformation: [-0.0492f,0.3658f,0.9294f,0.3651f,-0.9988f,-0.0162f,-0.0465f,1.4259f,-0.0019f,-0.9306f,0.3661f,0.6453f,0f,0f,0f,1f],start_interpolation: 0,interpolation_duration: 1}
$data merge entity $(suspicious_stew) {transformation: [2.088f,0.2867f,-0.0947f,-0.3394f,-0.2758f,2.0804f,0.2169f,1.4634f,0.1228f,-0.2023f,2.0964f,0.8128f,0f,0f,0f,1f],start_interpolation: 0,interpolation_duration: 1}
$data merge entity $(log) {transformation: [-0.9294f,0.3658f,-0.0492f,0.4022f,0.0465f,-0.0162f,-0.9988f,1.3776f,-0.3661f,-0.9306f,-0.0019f,0.4312f,0f,0f,0f,1f],start_interpolation: 0,interpolation_duration: 1}
$data merge entity $(planks) {transformation: [-0.9294f,0.3658f,-0.0492f,0.315f,0.0465f,-0.0162f,-0.9988f,1.3819f,-0.3661f,-0.9306f,-0.0019f,0.3969f,0f,0f,0f,1f],start_interpolation: 0,interpolation_duration: 1}
$data merge entity $(lefthand1) {transformation: [-0.9294f,0.3658f,-0.0492f,0.7275f,0.0465f,-0.0162f,-0.9988f,1.3931f,-0.3661f,-0.9306f,-0.0019f,0.2902f,0f,0f,0f,1f],start_interpolation: 0,interpolation_duration: 1}
$data merge entity $(leftforearm) {transformation: [0.2784f,0.3727f,0.8852f,0.9931f,-0.9537f,-0.0016f,0.3006f,1.3277f,0.1135f,-0.928f,0.355f,-0.3607f,0f,0f,0f,1f],start_interpolation: 0,interpolation_duration: 1}
$data merge entity $(leftelbow) {transformation: [0.2784f,0.3727f,0.8852f,1.063f,-0.9537f,-0.0016f,0.3006f,1.3274f,0.1135f,-0.928f,0.355f,-0.5347f,0f,0f,0f,1f],start_interpolation: 0,interpolation_duration: 1}
$data merge entity $(leftarm) {transformation: [-0.9268f,-0.2692f,0.2618f,0.7175f,-0.3029f,0.948f,-0.0976f,1.7382f,-0.2219f,-0.1698f,-0.9602f,-0.6382f,0f,0f,0f,1f],start_interpolation: 0,interpolation_duration: 1}
$data merge entity $(rightthumb2) {transformation: [0.0438f,-0.572f,-0.8191f,-0.7793f,0.9893f,-0.0896f,0.1154f,1.5979f,-0.1394f,-0.8153f,0.562f,0.6595f,0f,0f,0f,1f],start_interpolation: 0,interpolation_duration: 1}
$data merge entity $(rightthumb) {transformation: [0.0438f,-0.572f,-0.8191f,-0.9895f,0.9893f,-0.0896f,0.1154f,1.5858f,-0.1394f,-0.8153f,0.562f,0.5076f,0f,0f,0f,1f],start_interpolation: 0,interpolation_duration: 1}
$data merge entity $(rightpointerfinger) {transformation: [-0.8884f,-0.4579f,-0.0331f,-1.1051f,0.0928f,-0.1085f,-0.9898f,1.5885f,0.4496f,-0.8824f,0.1389f,0.8369f,0f,0f,0f,1f],start_interpolation: 0,interpolation_duration: 1}
$data merge entity $(rightmidfinger) {transformation: [-0.8884f,-0.4579f,-0.0331f,-1.1103f,0.0928f,-0.1085f,-0.9898f,1.4339f,0.4496f,-0.8824f,0.1389f,0.8586f,0f,0f,0f,1f],start_interpolation: 0,interpolation_duration: 1}
$data merge entity $(rightringfinger) {transformation: [-0.8884f,-0.4579f,-0.0331f,-1.1155f,0.0928f,-0.1085f,-0.9898f,1.2792f,0.4496f,-0.8824f,0.1389f,0.8803f,0f,0f,0f,1f],start_interpolation: 0,interpolation_duration: 1}
$data merge entity $(hugeasssword) {transformation: [-3.9141f,0.0565f,-0.1297f,-0.8414f,0.1206f,-0.5462f,-3.8765f,1.4128f,-0.074f,-3.878f,0.5441f,0.6604f,0f,0f,0f,1f],start_interpolation: 0,interpolation_duration: 1}
$data merge entity $(whey) {transformation: [-0.9993f,0.0355f,0.0069f,-0.6663f,0.0308f,0.9361f,-0.3504f,1.5598f,-0.0189f,-0.3499f,-0.9366f,0.7369f,0f,0f,0f,1f],start_interpolation: 0,interpolation_duration: 1}
$data merge entity $(ice) {transformation: [-0.9993f,0.0144f,-0.0331f,-0.826f,0.0308f,-0.1395f,-0.9898f,1.4145f,-0.0189f,-0.9901f,0.1389f,0.6761f,0f,0f,0f,1f],start_interpolation: 0,interpolation_duration: 1}
$data merge entity $(righthand1) {transformation: [-0.9993f,0.0144f,-0.0331f,-1.0733f,0.0308f,-0.1395f,-0.9898f,1.3564f,-0.0189f,-0.9901f,0.1389f,0.4282f,0f,0f,0f,1f],start_interpolation: 0,interpolation_duration: 1}
$data merge entity $(rightforearm) {transformation: [-0.9993f,0.0144f,-0.0331f,-1.0002f,0.0308f,-0.1395f,-0.9898f,1.2719f,-0.0189f,-0.9901f,0.1389f,-0.269f,0f,0f,0f,1f],start_interpolation: 0,interpolation_duration: 1}
$data merge entity $(rightelbow) {transformation: [-0.9993f,0.0144f,-0.0331f,-0.9974f,0.0308f,-0.1395f,-0.9898f,1.2458f,-0.0189f,-0.9901f,0.1389f,-0.4546f,0f,0f,0f,1f],start_interpolation: 0,interpolation_duration: 1}
$data merge entity $(rightarm) {transformation: [-0.9941f,0.0079f,0.1078f,-0.7794f,-0.0588f,0.797f,-0.6011f,1.6759f,-0.0906f,-0.604f,-0.7918f,-0.712f,0f,0f,0f,1f],start_interpolation: 0,interpolation_duration: 1}
$data merge entity $(chest1) {transformation: [-1.0811f,-0.0505f,0.0481f,-0.0209f,-0.045f,1.0759f,0.1185f,1.5598f,-0.0533f,0.1163f,-1.0758f,-0.8017f,0f,0f,0f,1f],start_interpolation: 0,interpolation_duration: 1}
$data merge entity $(chest1lid) {transformation: [-0.9979f,-0.0466f,0.0444f,-0.3472f,-0.0415f,0.9931f,0.1094f,0.8241f,-0.0492f,0.1073f,-0.993f,-0.5033f,0f,0f,0f,1f],start_interpolation: 0,interpolation_duration: 1}
$data merge entity $(chest2) {transformation: [-0.9979f,-0.0466f,0.0444f,-0.3399f,-0.0415f,0.9931f,0.1094f,0.6689f,-0.0492f,0.1073f,-0.993f,-0.5201f,0f,0f,0f,1f],start_interpolation: 0,interpolation_duration: 1}
$data merge entity $(chest1lid3) {transformation: [-0.9979f,-0.0466f,0.0444f,-0.2563f,-0.0415f,0.9931f,0.1094f,0.8967f,-0.0492f,0.1073f,-0.993f,-1.1364f,0f,0f,0f,1f],start_interpolation: 0,interpolation_duration: 1}
$data merge entity $(chest3) {transformation: [-0.9979f,-0.0466f,0.0444f,-0.249f,-0.0415f,0.9931f,0.1094f,0.7416f,-0.0492f,0.1073f,-0.993f,-1.1531f,0f,0f,0f,1f],start_interpolation: 0,interpolation_duration: 1}
$data merge entity $(hugeasssword2) {transformation: [-0.1741f,2.7584f,-2.7751f,-1.2927f,-0.4285f,2.7477f,2.758f,2.69f,3.8893f,0.4262f,0.1797f,-1.0009f,0f,0f,0f,1f],start_interpolation: 0,interpolation_duration: 1}
$data merge entity $(belt) {transformation: [-0.9979f,-0.0466f,0.0444f,0.0238f,-0.0415f,0.9931f,0.1094f,1.1512f,-0.0492f,0.1073f,-0.993f,-0.7129f,0f,0f,0f,1f],start_interpolation: 0,interpolation_duration: 1}
$data merge entity $(torn_part) {transformation: [-0.9999f,-0.0022f,0.0145f,-0.0906f,0.0023f,0.9538f,0.3005f,0.8752f,-0.0145f,0.3005f,-0.9537f,-0.7358f,0f,0f,0f,1f],start_interpolation: 0,interpolation_duration: 1}
$data merge entity $(lowerbody) {transformation: [-0.9999f,0.0023f,0.0145f,0.0039f,0.0023f,1f,-0.0002f,0.3867f,-0.0145f,-0.0001f,-0.9999f,-0.5937f,0f,0f,0f,1f],start_interpolation: 0,interpolation_duration: 1}
execute on vehicle unless entity @s[tag=aj.transforms_only] positioned ^-0.2871328547 ^1.8142038531 ^0.7125423974 rotated ~182.5854949253 ~5.9001291438 run function animated_java:wander/animations/sit_eat/zzz/frames/100_locator_soup
data modify entity @s data merge value {"cameras":{},"locators":{"soup":{"px":-0.2871328547314567,"py":1.8142038531035318,"pz":0.7125423974312889,"ry":182.58549492529164,"rx":5.9001291437792975},"lefthand":{"px":0.4615022766679016,"py":1.3900891880209545,"pz":0.5382845702252582,"ry":272.23555257368594,"rx":-87.17747095553676},"sword":{"px":-0.7972778512755785,"py":5.084772497626982,"pz":0.17539775183376605,"ry":193.4105958214339,"rx":-81.78949206033195},"righthand":{"px":-0.9194141719050141,"py":1.435069164723535,"pz":0.6876521329537084,"ry":193.4105958214339,"rx":-81.78949206033195},"chest":{"px":-0.38237806260087953,"py":0.743593178140603,"pz":-0.3563936185498837,"ry":2.562638177078526,"rx":6.281426820812256}}}