# This file was generated by Animated Java via MC-Build. It is not recommended to edit this file directly.
$data merge entity $(nose) {transformation: [-0.994f,-0.0659f,0.0874f,-0.0745f,-0.0471f,0.9782f,0.2021f,2.2869f,-0.0988f,0.1968f,-0.9755f,-0.4484f,0f,0f,0f,1f],start_interpolation: 0,interpolation_duration: 1}
$data merge entity $(glowing_eye) {transformation: [-0.994f,-0.0659f,0.0874f,-0.2063f,-0.0471f,0.9782f,0.2021f,2.3402f,-0.0988f,0.1968f,-0.9755f,-0.4133f,0f,0f,0f,1f],start_interpolation: 0,interpolation_duration: 1}
$data merge entity $(head) {transformation: [-0.994f,-0.0659f,0.0874f,-0.05f,-0.0471f,0.9782f,0.2021f,2.2039f,-0.0988f,0.1968f,-0.9755f,-0.6553f,0f,0f,0f,1f],start_interpolation: 0,interpolation_duration: 1}
$data merge entity $(leftthumb2) {transformation: [-0.1154f,0.7118f,0.6928f,0.3889f,-0.9548f,-0.2717f,0.1202f,1.6726f,0.2738f,-0.6477f,0.711f,0.4615f,0f,0f,0f,1f],start_interpolation: 0,interpolation_duration: 1}
$data merge entity $(leftthumb) {transformation: [-0.1154f,0.7118f,0.6928f,0.6226f,-0.9548f,-0.2717f,0.1202f,1.6163f,0.2738f,-0.6477f,0.711f,0.3634f,0f,0f,0f,1f],start_interpolation: 0,interpolation_duration: 1}
$data merge entity $(leftpointerfinger) {transformation: [-0.9278f,0.3698f,-0.0494f,0.6005f,0.0468f,-0.0159f,-0.9988f,1.5695f,-0.3701f,-0.929f,-0.0025f,0.7086f,0f,0f,0f,1f],start_interpolation: 0,interpolation_duration: 1}
$data merge entity $(leftmidfinger) {transformation: [-0.9278f,0.3698f,-0.0494f,0.5928f,0.0468f,-0.0159f,-0.9988f,1.4135f,-0.3701f,-0.929f,-0.0025f,0.7082f,0f,0f,0f,1f],start_interpolation: 0,interpolation_duration: 1}
$data merge entity $(leftringfinger) {transformation: [-0.9278f,0.3698f,-0.0494f,0.585f,0.0468f,-0.0159f,-0.9988f,1.2574f,-0.3701f,-0.929f,-0.0025f,0.7078f,0f,0f,0f,1f],start_interpolation: 0,interpolation_duration: 1}
$data merge entity $(invisibility) {transformation: [0.3641f,0.0814f,0.9278f,0.4685f,-0.1029f,0.9936f,-0.0468f,1.6078f,-0.9257f,-0.0784f,0.3701f,0.5377f,0f,0f,0f,1f],start_interpolation: 0,interpolation_duration: 1}
$data merge entity $(swiftness) {transformation: [-0.0494f,0.3698f,0.9278f,0.3608f,-0.9988f,-0.0159f,-0.0468f,1.4251f,-0.0025f,-0.929f,0.3701f,0.6437f,0f,0f,0f,1f],start_interpolation: 0,interpolation_duration: 1}
$data merge entity $(suspicious_stew) {transformation: [2.0803f,0.2896f,-0.1058f,-0.3452f,-0.2781f,2.074f,0.2088f,1.4635f,0.1331f,-0.1926f,2.0899f,0.8086f,0f,0f,0f,1f],start_interpolation: 0,interpolation_duration: 1}
$data merge entity $(log) {transformation: [-0.9278f,0.3698f,-0.0494f,0.3988f,0.0468f,-0.0159f,-0.9988f,1.3769f,-0.3701f,-0.929f,-0.0025f,0.4298f,0f,0f,0f,1f],start_interpolation: 0,interpolation_duration: 1}
$data merge entity $(planks) {transformation: [-0.9278f,0.3698f,-0.0494f,0.3118f,0.0468f,-0.0159f,-0.9988f,1.3812f,-0.3701f,-0.929f,-0.0025f,0.3951f,0f,0f,0f,1f],start_interpolation: 0,interpolation_duration: 1}
$data merge entity $(lefthand1) {transformation: [-0.9278f,0.3698f,-0.0494f,0.7248f,0.0468f,-0.0159f,-0.9988f,1.3924f,-0.3701f,-0.929f,-0.0025f,0.2901f,0f,0f,0f,1f],start_interpolation: 0,interpolation_duration: 1}
$data merge entity $(leftforearm) {transformation: [0.2782f,0.3769f,0.8835f,0.9934f,-0.9537f,-0.0013f,0.3009f,1.3271f,0.1146f,-0.9262f,0.3591f,-0.3596f,0f,0f,0f,1f],start_interpolation: 0,interpolation_duration: 1}
$data merge entity $(leftelbow) {transformation: [0.2782f,0.3769f,0.8835f,1.0641f,-0.9537f,-0.0013f,0.3009f,1.3269f,0.1146f,-0.9262f,0.3591f,-0.5332f,0f,0f,0f,1f],start_interpolation: 0,interpolation_duration: 1}
$data merge entity $(leftarm) {transformation: [-0.9259f,-0.2676f,0.2667f,0.7194f,-0.3028f,0.9478f,-0.1002f,1.7377f,-0.2259f,-0.1735f,-0.9586f,-0.6395f,0f,0f,0f,1f],start_interpolation: 0,interpolation_duration: 1}
$data merge entity $(rightthumb2) {transformation: [0.0206f,-0.5741f,-0.8186f,-0.7858f,0.9897f,-0.104f,0.0979f,1.6112f,-0.1413f,-0.8122f,0.566f,0.655f,0f,0f,0f,1f],start_interpolation: 0,interpolation_duration: 1}
$data merge entity $(rightthumb) {transformation: [0.0206f,-0.5741f,-0.8186f,-0.9965f,0.9897f,-0.104f,0.0979f,1.5941f,-0.1413f,-0.8122f,0.566f,0.5042f,0f,0f,0f,1f],start_interpolation: 0,interpolation_duration: 1}
$data merge entity $(rightpointerfinger) {transformation: [-0.8884f,-0.4576f,-0.0364f,-1.1151f,0.0975f,-0.1106f,-0.9891f,1.5984f,0.4486f,-0.8823f,0.1428f,0.8325f,0f,0f,0f,1f],start_interpolation: 0,interpolation_duration: 1}
$data merge entity $(rightmidfinger) {transformation: [-0.8884f,-0.4576f,-0.0364f,-1.1208f,0.0975f,-0.1106f,-0.9891f,1.4439f,0.4486f,-0.8823f,0.1428f,0.8548f,0f,0f,0f,1f],start_interpolation: 0,interpolation_duration: 1}
$data merge entity $(rightringfinger) {transformation: [-0.8884f,-0.4576f,-0.0364f,-1.1265f,0.0975f,-0.1106f,-0.9891f,1.2893f,0.4486f,-0.8823f,0.1428f,0.8771f,0f,0f,0f,1f],start_interpolation: 0,interpolation_duration: 1}
$data merge entity $(hugeasssword) {transformation: [-3.913f,0.0902f,-0.1426f,-0.8501f,0.1282f,-0.5629f,-3.8739f,1.4214f,-0.1097f,-3.875f,0.5594f,0.6591f,0f,0f,0f,1f],start_interpolation: 0,interpolation_duration: 1}
$data merge entity $(whey) {transformation: [-0.9991f,0.0405f,0.0146f,-0.6755f,0.0327f,0.9345f,-0.3544f,1.5684f,-0.028f,-0.3536f,-0.935f,0.7365f,0f,0f,0f,1f],start_interpolation: 0,interpolation_duration: 1}
$data merge entity $(ice) {transformation: [-0.9991f,0.023f,-0.0364f,-0.8349f,0.0327f,-0.1437f,-0.9891f,1.4232f,-0.028f,-0.9894f,0.1428f,0.675f,0f,0f,0f,1f],start_interpolation: 0,interpolation_duration: 1}
$data merge entity $(righthand1) {transformation: [-0.9991f,0.023f,-0.0364f,-1.08f,0.0327f,-0.1437f,-0.9891f,1.3645f,-0.028f,-0.9894f,0.1428f,0.4251f,0f,0f,0f,1f],start_interpolation: 0,interpolation_duration: 1}
$data merge entity $(rightforearm) {transformation: [-0.9991f,0.023f,-0.0364f,-1.0008f,0.0327f,-0.1437f,-0.9891f,1.2769f,-0.028f,-0.9894f,0.1428f,-0.271f,0f,0f,0f,1f],start_interpolation: 0,interpolation_duration: 1}
$data merge entity $(rightelbow) {transformation: [-0.9991f,0.023f,-0.0364f,-0.9965f,0.0327f,-0.1437f,-0.9891f,1.2499f,-0.028f,-0.9894f,0.1428f,-0.4565f,0f,0f,0f,1f],start_interpolation: 0,interpolation_duration: 1}
$data merge entity $(rightarm) {transformation: [-0.9941f,0.0101f,0.1083f,-0.7774f,-0.0581f,0.7924f,-0.6072f,1.6778f,-0.092f,-0.6099f,-0.7871f,-0.7168f,0f,0f,0f,1f],start_interpolation: 0,interpolation_duration: 1}
$data merge entity $(chest1) {transformation: [-1.081f,-0.0488f,0.051f,-0.0189f,-0.0432f,1.0765f,0.1137f,1.5599f,-0.0558f,0.1114f,-1.0761f,-0.8041f,0f,0f,0f,1f],start_interpolation: 0,interpolation_duration: 1}
$data merge entity $(chest1lid) {transformation: [-0.9979f,-0.045f,0.0471f,-0.3473f,-0.0399f,0.9937f,0.1049f,0.8261f,-0.0515f,0.1028f,-0.9934f,-0.5032f,0f,0f,0f,1f],start_interpolation: 0,interpolation_duration: 1}
$data merge entity $(chest2) {transformation: [-0.9979f,-0.045f,0.0471f,-0.3402f,-0.0399f,0.9937f,0.1049f,0.6708f,-0.0515f,0.1028f,-0.9934f,-0.5193f,0f,0f,0f,1f],start_interpolation: 0,interpolation_duration: 1}
$data merge entity $(chest1lid3) {transformation: [-0.9979f,-0.045f,0.0471f,-0.2547f,-0.0399f,0.9937f,0.1049f,0.8958f,-0.0515f,0.1028f,-0.9934f,-1.1364f,0f,0f,0f,1f],start_interpolation: 0,interpolation_duration: 1}
$data merge entity $(chest3) {transformation: [-0.9979f,-0.045f,0.0471f,-0.2477f,-0.0399f,0.9937f,0.1049f,0.7406f,-0.0515f,0.1028f,-0.9934f,-1.1524f,0f,0f,0f,1f],start_interpolation: 0,interpolation_duration: 1}
$data merge entity $(hugeasssword2) {transformation: [-0.1845f,2.7623f,-2.7705f,-1.2881f,-0.411f,2.7445f,2.7638f,2.6915f,3.8907f,0.4209f,0.1605f,-1.0114f,0f,0f,0f,1f],start_interpolation: 0,interpolation_duration: 1}
$data merge entity $(belt) {transformation: [-0.9979f,-0.045f,0.0471f,0.0248f,-0.0399f,0.9937f,0.1049f,1.1517f,-0.0515f,0.1028f,-0.9934f,-0.7133f,0f,0f,0f,1f],start_interpolation: 0,interpolation_duration: 1}
$data merge entity $(torn_part) {transformation: [-0.9998f,-0.0026f,0.0177f,-0.0899f,0.0028f,0.9537f,0.3007f,0.8753f,-0.0176f,0.3007f,-0.9536f,-0.7361f,0f,0f,0f,1f],start_interpolation: 0,interpolation_duration: 1}
$data merge entity $(lowerbody) {transformation: [-0.9998f,0.0028f,0.0176f,0.0039f,0.0028f,1f,0f,0.3867f,-0.0176f,0f,-0.9998f,-0.5937f,0f,0f,0f,1f],start_interpolation: 0,interpolation_duration: 1}
execute on vehicle unless entity @s[tag=aj.transforms_only] positioned ^-0.2921129257 ^1.813440407 ^0.7101445629 rotated ~182.8985774584 ~5.6992343272 run function animated_java:wander/animations/sit_eat/zzz/frames/101_locator_soup
data modify entity @s data merge value {"cameras":{},"locators":{"soup":{"px":-0.2921129257151914,"py":1.813440406970209,"pz":0.7101445628668035,"ry":182.89857745842383,"rx":5.699234327177624},"lefthand":{"px":0.45768940429845795,"py":1.3893169747817968,"pz":0.5370963796989265,"ry":272.95162252737384,"rx":-87.16461738165974},"sword":{"px":-0.7940544129901006,"py":5.091173628940206,"pz":0.1588806801164686,"ry":194.30403074599357,"rx":-81.523895984785},"righthand":{"px":-0.9283418815847873,"py":1.4439506306270207,"pz":0.6855566016790697,"ry":194.30403074599357,"rx":-81.523895984785},"chest":{"px":-0.38300263092430176,"py":0.7463657241366954,"pz":-0.35604366134973187,"ry":2.7156721226572813,"rx":6.02290699845805}}}