# This file was generated by Animated Java via MC-Build. It is not recommended to edit this file directly.
$data merge entity $(nose) {transformation: [-0.9935f,-0.0636f,0.0942f,-0.0683f,-0.0436f,0.9786f,0.2013f,2.2887f,-0.105f,0.1959f,-0.975f,-0.4585f,0f,0f,0f,1f],start_interpolation: 0,interpolation_duration: 1}
$data merge entity $(glowing_eye) {transformation: [-0.9935f,-0.0636f,0.0942f,-0.2001f,-0.0436f,0.9786f,0.2013f,2.3425f,-0.105f,0.1959f,-0.975f,-0.4244f,0f,0f,0f,1f],start_interpolation: 0,interpolation_duration: 1}
$data merge entity $(head) {transformation: [-0.9935f,-0.0636f,0.0942f,-0.0428f,-0.0436f,0.9786f,0.2013f,2.2056f,-0.105f,0.1959f,-0.975f,-0.6653f,0f,0f,0f,1f],start_interpolation: 0,interpolation_duration: 1}
$data merge entity $(leftthumb2) {transformation: [-0.116f,0.7153f,0.6891f,0.3872f,-0.9561f,-0.2685f,0.1178f,1.6684f,0.2692f,-0.6451f,0.715f,0.4599f,0f,0f,0f,1f],start_interpolation: 0,interpolation_duration: 1}
$data merge entity $(leftthumb) {transformation: [-0.116f,0.7153f,0.6891f,0.6215f,-0.9561f,-0.2685f,0.1178f,1.6126f,0.2692f,-0.6451f,0.715f,0.3628f,0f,0f,0f,1f],start_interpolation: 0,interpolation_duration: 1}
$data merge entity $(leftpointerfinger) {transformation: [-0.9262f,0.3738f,-0.0504f,0.5978f,0.0485f,-0.0144f,-0.9987f,1.5652f,-0.374f,-0.9274f,-0.0048f,0.7078f,0f,0f,0f,1f],start_interpolation: 0,interpolation_duration: 1}
$data merge entity $(leftmidfinger) {transformation: [-0.9262f,0.3738f,-0.0504f,0.59f,0.0485f,-0.0144f,-0.9987f,1.4092f,-0.374f,-0.9274f,-0.0048f,0.707f,0f,0f,0f,1f],start_interpolation: 0,interpolation_duration: 1}
$data merge entity $(leftringfinger) {transformation: [-0.9262f,0.3738f,-0.0504f,0.5821f,0.0485f,-0.0144f,-0.9987f,1.2531f,-0.374f,-0.9274f,-0.0048f,0.7063f,0f,0f,0f,1f],start_interpolation: 0,interpolation_duration: 1}
$data merge entity $(invisibility) {transformation: [0.368f,0.0828f,0.9262f,0.4666f,-0.1014f,0.9937f,-0.0485f,1.604f,-0.9243f,-0.076f,0.374f,0.5364f,0f,0f,0f,1f],start_interpolation: 0,interpolation_duration: 1}
$data merge entity $(swiftness) {transformation: [-0.0504f,0.3738f,0.9262f,0.3583f,-0.9987f,-0.0144f,-0.0485f,1.4212f,-0.0048f,-0.9274f,0.374f,0.6416f,0f,0f,0f,1f],start_interpolation: 0,interpolation_duration: 1}
$data merge entity $(suspicious_stew) {transformation: [2.0647f,0.2955f,-0.1129f,-0.3488f,-0.2846f,2.0607f,0.1891f,1.4615f,0.1381f,-0.1715f,2.0772f,0.8047f,0f,0f,0f,1f],start_interpolation: 0,interpolation_duration: 1}
$data merge entity $(log) {transformation: [-0.9262f,0.3738f,-0.0504f,0.3972f,0.0485f,-0.0144f,-0.9987f,1.3733f,-0.374f,-0.9274f,-0.0048f,0.4277f,0f,0f,0f,1f],start_interpolation: 0,interpolation_duration: 1}
$data merge entity $(planks) {transformation: [-0.9262f,0.3738f,-0.0504f,0.3104f,0.0485f,-0.0144f,-0.9987f,1.3778f,-0.374f,-0.9274f,-0.0048f,0.3927f,0f,0f,0f,1f],start_interpolation: 0,interpolation_duration: 1}
$data merge entity $(lefthand1) {transformation: [-0.9262f,0.3738f,-0.0504f,0.7237f,0.0485f,-0.0144f,-0.9987f,1.3888f,-0.374f,-0.9274f,-0.0048f,0.2895f,0f,0f,0f,1f],start_interpolation: 0,interpolation_duration: 1}
$data merge entity $(leftforearm) {transformation: [0.2775f,0.3814f,0.8818f,0.9955f,-0.9539f,0f,0.3002f,1.3245f,0.1145f,-0.9244f,0.3638f,-0.359f,0f,0f,0f,1f],start_interpolation: 0,interpolation_duration: 1}
$data merge entity $(leftelbow) {transformation: [0.2775f,0.3814f,0.8818f,1.067f,-0.9539f,0f,0.3002f,1.3245f,0.1145f,-0.9244f,0.3638f,-0.5323f,0f,0f,0f,1f],start_interpolation: 0,interpolation_duration: 1}
$data merge entity $(leftarm) {transformation: [-0.9252f,-0.2637f,0.2729f,0.7243f,-0.3013f,0.9477f,-0.1056f,1.7357f,-0.2308f,-0.1799f,-0.9562f,-0.6428f,0f,0f,0f,1f],start_interpolation: 0,interpolation_duration: 1}
$data merge entity $(rightthumb2) {transformation: [-0.008f,-0.5768f,-0.8169f,-0.7926f,0.9906f,-0.1163f,0.0724f,1.6277f,-0.1368f,-0.8086f,0.5723f,0.6492f,0f,0f,0f,1f],start_interpolation: 0,interpolation_duration: 1}
$data merge entity $(rightthumb) {transformation: [-0.008f,-0.5768f,-0.8169f,-1.0038f,0.9906f,-0.1163f,0.0724f,1.6054f,-0.1368f,-0.8086f,0.5723f,0.4998f,0f,0f,0f,1f],start_interpolation: 0,interpolation_duration: 1}
$data merge entity $(rightpointerfinger) {transformation: [-0.8881f,-0.4577f,-0.0429f,-1.1262f,0.1042f,-0.1095f,-0.9885f,1.6112f,0.4477f,-0.8823f,0.1449f,0.8266f,0f,0f,0f,1f],start_interpolation: 0,interpolation_duration: 1}
$data merge entity $(rightmidfinger) {transformation: [-0.8881f,-0.4577f,-0.0429f,-1.1329f,0.1042f,-0.1095f,-0.9885f,1.4567f,0.4477f,-0.8823f,0.1449f,0.8493f,0f,0f,0f,1f],start_interpolation: 0,interpolation_duration: 1}
$data merge entity $(rightringfinger) {transformation: [-0.8881f,-0.4577f,-0.0429f,-1.1396f,0.1042f,-0.1095f,-0.9885f,1.3023f,0.4477f,-0.8823f,0.1449f,0.8719f,0f,0f,0f,1f],start_interpolation: 0,interpolation_duration: 1}
$data merge entity $(hugeasssword) {transformation: [-3.9108f,0.1332f,-0.1682f,-0.8601f,0.147f,-0.5735f,-3.8717f,1.4325f,-0.1563f,-3.8722f,0.5676f,0.6568f,0f,0f,0f,1f],start_interpolation: 0,interpolation_duration: 1}
$data merge entity $(whey) {transformation: [-0.9985f,0.0493f,0.0239f,-0.6857f,0.0375f,0.9334f,-0.3569f,1.5788f,-0.0399f,-0.3555f,-0.9338f,0.7359f,0f,0f,0f,1f],start_interpolation: 0,interpolation_duration: 1}
$data merge entity $(ice) {transformation: [-0.9985f,0.034f,-0.0429f,-0.8451f,0.0375f,-0.1464f,-0.9885f,1.4342f,-0.0399f,-0.9886f,0.1449f,0.6728f,0f,0f,0f,1f],start_interpolation: 0,interpolation_duration: 1}
$data merge entity $(righthand1) {transformation: [-0.9985f,0.034f,-0.0429f,-1.0875f,0.0375f,-0.1464f,-0.9885f,1.3761f,-0.0399f,-0.9886f,0.1449f,0.4202f,0f,0f,0f,1f],start_interpolation: 0,interpolation_duration: 1}
$data merge entity $(rightforearm) {transformation: [-0.9985f,0.034f,-0.0429f,-1.0005f,0.0375f,-0.1464f,-0.9885f,1.2862f,-0.0399f,-0.9886f,0.1449f,-0.2747f,0f,0f,0f,1f],start_interpolation: 0,interpolation_duration: 1}
$data merge entity $(rightelbow) {transformation: [-0.9985f,0.034f,-0.0429f,-0.9942f,0.0375f,-0.1464f,-0.9885f,1.2588f,-0.0399f,-0.9886f,0.1449f,-0.46f,0f,0f,0f,1f],start_interpolation: 0,interpolation_duration: 1}
$data merge entity $(rightarm) {transformation: [-0.9941f,0.015f,0.1075f,-0.7726f,-0.0549f,0.7851f,-0.6169f,1.6826f,-0.0937f,-0.6191f,-0.7797f,-0.7247f,0f,0f,0f,1f],start_interpolation: 0,interpolation_duration: 1}
$data merge entity $(chest1) {transformation: [-1.081f,-0.0438f,0.0552f,-0.0144f,-0.0384f,1.0776f,0.1041f,1.5602f,-0.0592f,0.102f,-1.0769f,-0.8084f,0f,0f,0f,1f],start_interpolation: 0,interpolation_duration: 1}
$data merge entity $(chest1lid) {transformation: [-0.9979f,-0.0404f,0.051f,-0.3474f,-0.0354f,0.9947f,0.0961f,0.8307f,-0.0546f,0.0941f,-0.9941f,-0.5024f,0f,0f,0f,1f],start_interpolation: 0,interpolation_duration: 1}
$data merge entity $(chest2) {transformation: [-0.9979f,-0.0404f,0.051f,-0.3411f,-0.0354f,0.9947f,0.0961f,0.6752f,-0.0546f,0.0941f,-0.9941f,-0.5171f,0f,0f,0f,1f],start_interpolation: 0,interpolation_duration: 1}
$data merge entity $(chest1lid3) {transformation: [-0.9979f,-0.0404f,0.051f,-0.2524f,-0.0354f,0.9947f,0.0961f,0.8945f,-0.0546f,0.0941f,-0.9941f,-1.1358f,0f,0f,0f,1f],start_interpolation: 0,interpolation_duration: 1}
$data merge entity $(chest3) {transformation: [-0.9979f,-0.0404f,0.051f,-0.246f,-0.0354f,0.9947f,0.0961f,0.739f,-0.0546f,0.0941f,-0.9941f,-1.1505f,0f,0f,0f,1f],start_interpolation: 0,interpolation_duration: 1}
$data merge entity $(hugeasssword2) {transformation: [-0.1997f,2.7745f,-2.7573f,-1.2772f,-0.3765f,2.7344f,2.7788f,2.6963f,3.8934f,0.4067f,0.1273f,-1.0298f,0f,0f,0f,1f],start_interpolation: 0,interpolation_duration: 1}
$data merge entity $(belt) {transformation: [-0.9979f,-0.0404f,0.051f,0.027f,-0.0354f,0.9947f,0.0961f,1.1525f,-0.0546f,0.0941f,-0.9941f,-0.714f,0f,0f,0f,1f],start_interpolation: 0,interpolation_duration: 1}
$data merge entity $(torn_part) {transformation: [-0.9997f,-0.0035f,0.0235f,-0.0886f,0.0037f,0.9535f,0.3013f,0.8754f,-0.0235f,0.3013f,-0.9532f,-0.7363f,0f,0f,0f,1f],start_interpolation: 0,interpolation_duration: 1}
$data merge entity $(lowerbody) {transformation: [-0.9997f,0.0037f,0.0235f,0.0039f,0.0037f,1f,0.0006f,0.3867f,-0.0235f,0.0007f,-0.9997f,-0.5937f,0f,0f,0f,1f],start_interpolation: 0,interpolation_duration: 1}
execute on vehicle unless entity @s[tag=aj.transforms_only] positioned ^-0.2944972667 ^1.8097254344 ^0.710336596 rotated ~183.1102508152 ~5.1938601646 run function animated_java:wander/animations/sit_eat/zzz/frames/103_locator_soup
data modify entity @s data merge value {"cameras":{},"locators":{"soup":{"px":-0.2944972667300004,"py":1.8097254343774063,"pz":0.7103365959540969,"ry":183.11025081520222,"rx":5.1938601646406735},"lefthand":{"px":0.45560793396686766,"py":1.3854815383012375,"pz":0.5353361541102425,"ry":275.44657942467137,"rx":-87.09929565350949},"sword":{"px":-0.7801596901896494,"py":5.100570191642948,"pz":0.14790531460402945,"ry":196.50667753909374,"rx":-81.30657375982726},"righthand":{"px":-0.9385196442685905,"py":1.4554350124916435,"pz":0.6822908502032824,"ry":196.50667753909374,"rx":-81.30657375982726},"chest":{"px":-0.3840156327262935,"py":0.7523637096639479,"pz":-0.354669456269959,"ry":2.936167822421737,"rx":5.516534818452354}}}