# This file was generated by Animated Java via MC-Build. It is not recommended to edit this file directly.
$data merge entity $(nose) {transformation: [-0.9937f,-0.0587f,0.0954f,-0.0596f,-0.0384f,0.9786f,0.2019f,2.2902f,-0.1052f,0.197f,-0.9747f,-0.467f,0f,0f,0f,1f],start_interpolation: 0,interpolation_duration: 1}
$data merge entity $(glowing_eye) {transformation: [-0.9937f,-0.0587f,0.0954f,-0.1911f,-0.0384f,0.9786f,0.2019f,2.3446f,-0.1052f,0.197f,-0.9747f,-0.4328f,0f,0f,0f,1f],start_interpolation: 0,interpolation_duration: 1}
$data merge entity $(head) {transformation: [-0.9937f,-0.0587f,0.0954f,-0.0345f,-0.0384f,0.9786f,0.2019f,2.2072f,-0.1052f,0.197f,-0.9747f,-0.6738f,0f,0f,0f,1f],start_interpolation: 0,interpolation_duration: 1}
$data merge entity $(leftthumb2) {transformation: [-0.1199f,0.7132f,0.6906f,0.3911f,-0.9555f,-0.2718f,0.1149f,1.6637f,0.2697f,-0.6461f,0.714f,0.4604f,0f,0f,0f,1f],start_interpolation: 0,interpolation_duration: 1}
$data merge entity $(leftthumb) {transformation: [-0.1199f,0.7132f,0.6906f,0.6251f,-0.9555f,-0.2718f,0.1149f,1.6069f,0.2697f,-0.6461f,0.714f,0.3629f,0f,0f,0f,1f],start_interpolation: 0,interpolation_duration: 1}
$data merge entity $(leftpointerfinger) {transformation: [-0.9261f,0.3737f,-0.0518f,0.6013f,0.0511f,-0.0118f,-0.9986f,1.5584f,-0.3738f,-0.9275f,-0.0081f,0.7078f,0f,0f,0f,1f],start_interpolation: 0,interpolation_duration: 1}
$data merge entity $(leftmidfinger) {transformation: [-0.9261f,0.3737f,-0.0518f,0.5932f,0.0511f,-0.0118f,-0.9986f,1.4024f,-0.3738f,-0.9275f,-0.0081f,0.7065f,0f,0f,0f,1f],start_interpolation: 0,interpolation_duration: 1}
$data merge entity $(leftringfinger) {transformation: [-0.9261f,0.3737f,-0.0518f,0.5851f,0.0511f,-0.0118f,-0.9986f,1.2463f,-0.3738f,-0.9275f,-0.0081f,0.7052f,0f,0f,0f,1f],start_interpolation: 0,interpolation_duration: 1}
$data merge entity $(invisibility) {transformation: [0.3678f,0.0841f,0.9261f,0.4702f,-0.0988f,0.9938f,-0.0511f,1.5979f,-0.9246f,-0.0727f,0.3738f,0.5365f,0f,0f,0f,1f],start_interpolation: 0,interpolation_duration: 1}
$data merge entity $(swiftness) {transformation: [-0.0518f,0.3737f,0.9261f,0.3616f,-0.9986f,-0.0118f,-0.0511f,1.4149f,-0.0081f,-0.9275f,0.3738f,0.6411f,0f,0f,0f,1f],start_interpolation: 0,interpolation_duration: 1}
$data merge entity $(suspicious_stew) {transformation: [2.0495f,0.3009f,-0.1044f,-0.3445f,-0.292f,2.0467f,0.1666f,1.457f,0.1271f,-0.1499f,2.0647f,0.8061f,0f,0f,0f,1f],start_interpolation: 0,interpolation_duration: 1}
$data merge entity $(log) {transformation: [-0.9261f,0.3737f,-0.0518f,0.4004f,0.0511f,-0.0118f,-0.9986f,1.3677f,-0.3738f,-0.9275f,-0.0081f,0.4271f,0f,0f,0f,1f],start_interpolation: 0,interpolation_duration: 1}
$data merge entity $(planks) {transformation: [-0.9261f,0.3737f,-0.0518f,0.3136f,0.0511f,-0.0118f,-0.9986f,1.3725f,-0.3738f,-0.9275f,-0.0081f,0.392f,0f,0f,0f,1f],start_interpolation: 0,interpolation_duration: 1}
$data merge entity $(lefthand1) {transformation: [-0.9261f,0.3737f,-0.0518f,0.727f,0.0511f,-0.0118f,-0.9986f,1.3832f,-0.3738f,-0.9275f,-0.0081f,0.2889f,0f,0f,0f,1f],start_interpolation: 0,interpolation_duration: 1}
$data merge entity $(leftforearm) {transformation: [0.2767f,0.3819f,0.8818f,0.999f,-0.9544f,0.0024f,0.2984f,1.3205f,0.1119f,-0.9242f,0.3651f,-0.3596f,0f,0f,0f,1f],start_interpolation: 0,interpolation_duration: 1}
$data merge entity $(leftelbow) {transformation: [0.2767f,0.3819f,0.8818f,1.0706f,-0.9544f,0.0024f,0.2984f,1.321f,0.1119f,-0.9242f,0.3651f,-0.5329f,0f,0f,0f,1f],start_interpolation: 0,interpolation_duration: 1}
$data merge entity $(leftarm) {transformation: [-0.9256f,-0.2595f,0.2755f,0.7297f,-0.2987f,0.9479f,-0.1107f,1.733f,-0.2324f,-0.1847f,-0.9549f,-0.6463f,0f,0f,0f,1f],start_interpolation: 0,interpolation_duration: 1}
$data merge entity $(rightthumb2) {transformation: [-0.0176f,-0.5783f,-0.8156f,-0.7928f,0.9916f,-0.1147f,0.06f,1.6333f,-0.1283f,-0.8077f,0.5754f,0.6468f,0f,0f,0f,1f],start_interpolation: 0,interpolation_duration: 1}
$data merge entity $(rightthumb) {transformation: [-0.0176f,-0.5783f,-0.8156f,-1.0044f,0.9916f,-0.1147f,0.06f,1.6103f,-0.1283f,-0.8077f,0.5754f,0.4979f,0f,0f,0f,1f],start_interpolation: 0,interpolation_duration: 1}
$data merge entity $(rightpointerfinger) {transformation: [-0.8875f,-0.4581f,-0.0489f,-1.1284f,0.1077f,-0.1031f,-0.9888f,1.6155f,0.448f,-0.8829f,0.1408f,0.8241f,0f,0f,0f,1f],start_interpolation: 0,interpolation_duration: 1}
$data merge entity $(rightmidfinger) {transformation: [-0.8875f,-0.4581f,-0.0489f,-1.1361f,0.1077f,-0.1031f,-0.9888f,1.4609f,0.448f,-0.8829f,0.1408f,0.8461f,0f,0f,0f,1f],start_interpolation: 0,interpolation_duration: 1}
$data merge entity $(rightringfinger) {transformation: [-0.8875f,-0.4581f,-0.0489f,-1.1437f,0.1077f,-0.1031f,-0.9888f,1.3064f,0.448f,-0.8829f,0.1408f,0.8682f,0f,0f,0f,1f],start_interpolation: 0,interpolation_duration: 1}
$data merge entity $(hugeasssword) {transformation: [-3.9091f,0.1504f,-0.1914f,-0.8624f,0.1682f,-0.5592f,-3.8729f,1.436f,-0.176f,-3.8736f,0.5516f,0.655f,0f,0f,0f,1f],start_interpolation: 0,interpolation_duration: 1}
$data merge entity $(whey) {transformation: [-0.9981f,0.056f,0.0269f,-0.6876f,0.0429f,0.9345f,-0.3534f,1.5811f,-0.0449f,-0.3516f,-0.9351f,0.7356f,0f,0f,0f,1f],start_interpolation: 0,interpolation_duration: 1}
$data merge entity $(ice) {transformation: [-0.9981f,0.0384f,-0.0489f,-0.8474f,0.0429f,-0.1428f,-0.9888f,1.4376f,-0.0449f,-0.989f,0.1408f,0.6711f,0f,0f,0f,1f],start_interpolation: 0,interpolation_duration: 1}
$data merge entity $(righthand1) {transformation: [-0.9981f,0.0384f,-0.0489f,-1.0888f,0.0429f,-0.1428f,-0.9888f,1.3817f,-0.0449f,-0.989f,0.1408f,0.4171f,0f,0f,0f,1f],start_interpolation: 0,interpolation_duration: 1}
$data merge entity $(rightforearm) {transformation: [-0.9981f,0.0384f,-0.0489f,-0.9987f,0.0429f,-0.1428f,-0.9888f,1.2941f,-0.0449f,-0.989f,0.1408f,-0.2777f,0f,0f,0f,1f],start_interpolation: 0,interpolation_duration: 1}
$data merge entity $(rightelbow) {transformation: [-0.9981f,0.0384f,-0.0489f,-0.9915f,0.0429f,-0.1428f,-0.9888f,1.2673f,-0.0449f,-0.989f,0.1408f,-0.4632f,0f,0f,0f,1f],start_interpolation: 0,interpolation_duration: 1}
$data merge entity $(rightarm) {transformation: [-0.9942f,0.0202f,0.1053f,-0.7672f,-0.0502f,0.7804f,-0.6232f,1.688f,-0.0948f,-0.6249f,-0.7749f,-0.7307f,0f,0f,0f,1f],start_interpolation: 0,interpolation_duration: 1}
$data merge entity $(chest1) {transformation: [-1.0811f,-0.0378f,0.0579f,-0.0096f,-0.0326f,1.0786f,0.0957f,1.5606f,-0.061f,0.0937f,-1.0775f,-0.812f,0f,0f,0f,1f],start_interpolation: 0,interpolation_duration: 1}
$data merge entity $(chest1lid) {transformation: [-0.998f,-0.0349f,0.0534f,-0.3474f,-0.0301f,0.9956f,0.0883f,0.8353f,-0.0563f,0.0865f,-0.9947f,-0.5011f,0f,0f,0f,1f],start_interpolation: 0,interpolation_duration: 1}
$data merge entity $(chest2) {transformation: [-0.998f,-0.0349f,0.0534f,-0.342f,-0.0301f,0.9956f,0.0883f,0.6797f,-0.0563f,0.0865f,-0.9947f,-0.5146f,0f,0f,0f,1f],start_interpolation: 0,interpolation_duration: 1}
$data merge entity $(chest1lid3) {transformation: [-0.998f,-0.0349f,0.0534f,-0.2508f,-0.0301f,0.9956f,0.0883f,0.8937f,-0.0563f,0.0865f,-0.9947f,-1.1348f,0f,0f,0f,1f],start_interpolation: 0,interpolation_duration: 1}
$data merge entity $(chest3) {transformation: [-0.998f,-0.0349f,0.0534f,-0.2454f,-0.0301f,0.9956f,0.0883f,0.7381f,-0.0563f,0.0865f,-0.9947f,-1.1483f,0f,0f,0f,1f],start_interpolation: 0,interpolation_duration: 1}
$data merge entity $(hugeasssword2) {transformation: [-0.2092f,2.7895f,-2.7413f,-1.2654f,-0.3458f,2.7213f,2.7956f,2.7022f,3.8958f,0.3914f,0.1009f,-1.0444f,0f,0f,0f,1f],start_interpolation: 0,interpolation_duration: 1}
$data merge entity $(belt) {transformation: [-0.998f,-0.0349f,0.0534f,0.0293f,-0.0301f,0.9956f,0.0883f,1.1534f,-0.0563f,0.0865f,-0.9947f,-0.7144f,0f,0f,0f,1f],start_interpolation: 0,interpolation_duration: 1}
$data merge entity $(torn_part) {transformation: [-0.9996f,-0.0044f,0.0288f,-0.0875f,0.0045f,0.9532f,0.3022f,0.8757f,-0.0287f,0.3022f,-0.9528f,-0.7363f,0f,0f,0f,1f],start_interpolation: 0,interpolation_duration: 1}
$data merge entity $(lowerbody) {transformation: [-0.9996f,0.0045f,0.0287f,0.0039f,0.0045f,1f,0.0015f,0.3867f,-0.0287f,0.0017f,-0.9996f,-0.5937f,0f,0f,0f,1f],start_interpolation: 0,interpolation_duration: 1}
execute on vehicle unless entity @s[tag=aj.transforms_only] positioned ^-0.2895035762 ^1.8035906851 ^0.7158501917 rotated ~182.8932669953 ~4.6064531701 run function animated_java:wander/animations/sit_eat/zzz/frames/105_locator_soup
data modify entity @s data merge value {"cameras":{},"locators":{"soup":{"px":-0.289503576239192,"py":1.8035906850671553,"pz":0.7158501916982076,"ry":182.8932669952542,"rx":4.606453170059645},"lefthand":{"px":0.45882592996039706,"py":1.3794286866445111,"pz":0.5346976479803598,"ry":278.9179399501792,"rx":-86.99598403330619},"sword":{"px":-0.7605587285159237,"py":5.1055513458194355,"pz":0.16083631698627032,"ry":199.13905649372637,"rx":-81.42628960878953},"righthand":{"px":-0.9407970945795143,"py":1.4592595647086775,"pz":0.6801884406970149,"ry":199.13905649372637,"rx":-81.42628960878953},"chest":{"px":-0.3847577276806331,"py":0.7583117091065041,"pz":-0.35282626173533393,"ry":3.07437884316181,"rx":5.0655416742921755}}}