# This file was generated by Animated Java via MC-Build. It is not recommended to edit this file directly.
$data merge entity $(nose) {transformation: [-0.996f,-0.0403f,0.0794f,-0.0365f,-0.0225f,0.9768f,0.2128f,2.2905f,-0.0861f,0.2102f,-0.9739f,-0.47f,0f,0f,0f,1f],start_interpolation: 0,interpolation_duration: 1}
$data merge entity $(glowing_eye) {transformation: [-0.996f,-0.0403f,0.0794f,-0.1665f,-0.0225f,0.9768f,0.2128f,2.3464f,-0.0861f,0.2102f,-0.9739f,-0.4326f,0f,0f,0f,1f],start_interpolation: 0,interpolation_duration: 1}
$data merge entity $(head) {transformation: [-0.996f,-0.0403f,0.0794f,-0.0167f,-0.0225f,0.9768f,0.2128f,2.2097f,-0.0861f,0.2102f,-0.9739f,-0.6783f,0f,0f,0f,1f],start_interpolation: 0,interpolation_duration: 1}
$data merge entity $(leftthumb2) {transformation: [-0.1474f,0.6864f,0.7121f,0.4124f,-0.9449f,-0.3106f,0.1038f,1.6522f,0.2924f,-0.6575f,0.6944f,0.4772f,0f,0f,0f,1f],start_interpolation: 0,interpolation_duration: 1}
$data merge entity $(leftthumb) {transformation: [-0.1474f,0.6864f,0.7121f,0.6416f,-0.9449f,-0.3106f,0.1038f,1.5849f,0.2924f,-0.6575f,0.6944f,0.3753f,0f,0f,0f,1f],start_interpolation: 0,interpolation_duration: 1}
$data merge entity $(leftpointerfinger) {transformation: [-0.9298f,0.364f,-0.054f,0.6214f,0.0588f,0.0023f,-0.9983f,1.531f,-0.3633f,-0.9314f,-0.0235f,0.7196f,0f,0f,0f,1f],start_interpolation: 0,interpolation_duration: 1}
$data merge entity $(leftmidfinger) {transformation: [-0.9298f,0.364f,-0.054f,0.6129f,0.0588f,0.0023f,-0.9983f,1.375f,-0.3633f,-0.9314f,-0.0235f,0.7159f,0f,0f,0f,1f],start_interpolation: 0,interpolation_duration: 1}
$data merge entity $(leftringfinger) {transformation: [-0.9298f,0.364f,-0.054f,0.6045f,0.0588f,0.0023f,-0.9983f,1.219f,-0.3633f,-0.9314f,-0.0235f,0.7122f,0f,0f,0f,1f],start_interpolation: 0,interpolation_duration: 1}
$data merge entity $(invisibility) {transformation: [0.3579f,0.0855f,0.9298f,0.4885f,-0.0848f,0.9947f,-0.0588f,1.5734f,-0.9299f,-0.0578f,0.3633f,0.5503f,0f,0f,0f,1f],start_interpolation: 0,interpolation_duration: 1}
$data merge entity $(swiftness) {transformation: [-0.054f,0.364f,0.9298f,0.3807f,-0.9983f,0.0023f,-0.0588f,1.389f,-0.0235f,-0.9314f,0.3633f,0.6531f,0f,0f,0f,1f],start_interpolation: 0,interpolation_duration: 1}
$data merge entity $(suspicious_stew) {transformation: [2.0028f,0.3044f,-0.03f,-0.3132f,-0.3025f,2.0007f,0.1017f,1.4315f,0.0449f,-0.0961f,2.0232f,0.8324f,0f,0f,0f,1f],start_interpolation: 0,interpolation_duration: 1}
$data merge entity $(log) {transformation: [-0.9298f,0.364f,-0.054f,0.4171f,0.0588f,0.0023f,-0.9983f,1.3452f,-0.3633f,-0.9314f,-0.0235f,0.438f,0f,0f,0f,1f],start_interpolation: 0,interpolation_duration: 1}
$data merge entity $(planks) {transformation: [-0.9298f,0.364f,-0.054f,0.33f,0.0588f,0.0023f,-0.9983f,1.3507f,-0.3633f,-0.9314f,-0.0235f,0.4039f,0f,0f,0f,1f],start_interpolation: 0,interpolation_duration: 1}
$data merge entity $(lefthand1) {transformation: [-0.9298f,0.364f,-0.054f,0.7423f,0.0588f,0.0023f,-0.9983f,1.3622f,-0.3633f,-0.9314f,-0.0235f,0.2967f,0f,0f,0f,1f],start_interpolation: 0,interpolation_duration: 1}
$data merge entity $(leftforearm) {transformation: [0.2752f,0.3737f,0.8858f,1.0084f,-0.9567f,0.0152f,0.2908f,1.3086f,0.0952f,-0.9274f,0.3617f,-0.3551f,0f,0f,0f,1f],start_interpolation: 0,interpolation_duration: 1}
$data merge entity $(leftelbow) {transformation: [0.2752f,0.3737f,0.8858f,1.0785f,-0.9567f,0.0152f,0.2908f,1.3114f,0.0952f,-0.9274f,0.3617f,-0.529f,0f,0f,0f,1f],start_interpolation: 0,interpolation_duration: 1}
$data merge entity $(leftarm) {transformation: [-0.9286f,-0.2505f,0.2737f,0.7415f,-0.2902f,0.9501f,-0.1149f,1.7266f,-0.2312f,-0.1861f,-0.9549f,-0.6428f,0f,0f,0f,1f],start_interpolation: 0,interpolation_duration: 1}
$data merge entity $(rightthumb2) {transformation: [0.0329f,-0.5713f,-0.8201f,-0.7791f,0.9944f,-0.0641f,0.0846f,1.5942f,-0.1009f,-0.8182f,0.566f,0.6522f,0f,0f,0f,1f],start_interpolation: 0,interpolation_duration: 1}
$data merge entity $(rightthumb) {transformation: [0.0329f,-0.5713f,-0.8201f,-0.9893f,0.9944f,-0.0641f,0.0846f,1.5857f,-0.1009f,-0.8182f,0.566f,0.4999f,0f,0f,0f,1f],start_interpolation: 0,interpolation_duration: 1}
$data merge entity $(rightpointerfinger) {transformation: [-0.8893f,-0.4537f,-0.0577f,-1.1109f,0.0982f,-0.0663f,-0.993f,1.5797f,0.4467f,-0.8887f,0.1036f,0.8271f,0f,0f,0f,1f],start_interpolation: 0,interpolation_duration: 1}
$data merge entity $(rightmidfinger) {transformation: [-0.8893f,-0.4537f,-0.0577f,-1.1199f,0.0982f,-0.0663f,-0.993f,1.4245f,0.4467f,-0.8887f,0.1036f,0.8432f,0f,0f,0f,1f],start_interpolation: 0,interpolation_duration: 1}
$data merge entity $(rightringfinger) {transformation: [-0.8893f,-0.4537f,-0.0577f,-1.1289f,0.0982f,-0.0663f,-0.993f,1.2694f,0.4467f,-0.8887f,0.1036f,0.8594f,0f,0f,0f,1f],start_interpolation: 0,interpolation_duration: 1}
$data merge entity $(hugeasssword) {transformation: [-3.9084f,0.1162f,-0.2259f,-0.8479f,0.2125f,-0.4127f,-3.8891f,1.4042f,-0.1392f,-3.8931f,0.4056f,0.6492f,0f,0f,0f,1f],start_interpolation: 0,interpolation_duration: 1}
$data merge entity $(whey) {transformation: [-0.9979f,0.0627f,0.0165f,-0.6711f,0.0542f,0.9466f,-0.3178f,1.5444f,-0.0355f,-0.3162f,-0.948f,0.7339f,0f,0f,0f,1f],start_interpolation: 0,interpolation_duration: 1}
$data merge entity $(ice) {transformation: [-0.9979f,0.0297f,-0.0577f,-0.8328f,0.0542f,-0.1054f,-0.993f,1.405f,-0.0355f,-0.994f,0.1036f,0.6652f,0f,0f,0f,1f],start_interpolation: 0,interpolation_duration: 1}
$data merge entity $(righthand1) {transformation: [-0.9979f,0.0297f,-0.0577f,-1.0767f,0.0542f,-0.1054f,-0.993f,1.3612f,-0.0355f,-0.994f,0.1036f,0.4111f,0f,0f,0f,1f],start_interpolation: 0,interpolation_duration: 1}
$data merge entity $(rightforearm) {transformation: [-0.9979f,0.0297f,-0.0577f,-0.9925f,0.0542f,-0.1054f,-0.993f,1.2993f,-0.0355f,-0.994f,0.1036f,-0.2872f,0f,0f,0f,1f],start_interpolation: 0,interpolation_duration: 1}
$data merge entity $(rightelbow) {transformation: [-0.9979f,0.0297f,-0.0577f,-0.987f,0.0542f,-0.1054f,-0.993f,1.2795f,-0.0355f,-0.994f,0.1036f,-0.4736f,0f,0f,0f,1f],start_interpolation: 0,interpolation_duration: 1}
$data merge entity $(rightarm) {transformation: [-0.994f,0.0349f,0.1038f,-0.7553f,-0.0371f,0.7843f,-0.6193f,1.6991f,-0.103f,-0.6194f,-0.7783f,-0.7364f,0f,0f,0f,1f],start_interpolation: 0,interpolation_duration: 1}
$data merge entity $(chest1) {transformation: [-1.081f,-0.0252f,0.0658f,0.0012f,-0.0198f,1.0796f,0.0877f,1.5619f,-0.0676f,0.0863f,-1.0778f,-0.812f,0f,0f,0f,1f],start_interpolation: 0,interpolation_duration: 1}
$data merge entity $(chest1lid) {transformation: [-0.9979f,-0.0233f,0.0608f,-0.3474f,-0.0183f,0.9966f,0.0809f,0.8429f,-0.0624f,0.0796f,-0.9949f,-0.4985f,0f,0f,0f,1f],start_interpolation: 0,interpolation_duration: 1}
$data merge entity $(chest2) {transformation: [-0.9979f,-0.0233f,0.0608f,-0.3437f,-0.0183f,0.9966f,0.0809f,0.6872f,-0.0624f,0.0796f,-0.9949f,-0.5109f,0f,0f,0f,1f],start_interpolation: 0,interpolation_duration: 1}
$data merge entity $(chest1lid3) {transformation: [-0.9979f,-0.0233f,0.0608f,-0.2461f,-0.0183f,0.9966f,0.0809f,0.8959f,-0.0624f,0.0796f,-0.9949f,-1.1319f,0f,0f,0f,1f],start_interpolation: 0,interpolation_duration: 1}
$data merge entity $(chest3) {transformation: [-0.9979f,-0.0233f,0.0608f,-0.2424f,-0.0183f,0.9966f,0.0809f,0.7402f,-0.0624f,0.0796f,-0.9949f,-1.1443f,0f,0f,0f,1f],start_interpolation: 0,interpolation_duration: 1}
$data merge entity $(hugeasssword2) {transformation: [-0.238f,2.82f,-2.7077f,-1.2391f,-0.317f,2.6898f,2.8292f,2.7171f,3.8966f,0.391f,0.0648f,-1.0601f,0f,0f,0f,1f],start_interpolation: 0,interpolation_duration: 1}
$data merge entity $(belt) {transformation: [-0.9979f,-0.0233f,0.0608f,0.0345f,-0.0183f,0.9966f,0.0809f,1.155f,-0.0624f,0.0796f,-0.9949f,-0.7115f,0f,0f,0f,1f],start_interpolation: 0,interpolation_duration: 1}
$data merge entity $(torn_part) {transformation: [-0.9991f,-0.0067f,0.0423f,-0.0846f,0.0067f,0.9515f,0.3075f,0.8766f,-0.0423f,0.3075f,-0.9506f,-0.7347f,0f,0f,0f,1f],start_interpolation: 0,interpolation_duration: 1}
$data merge entity $(lowerbody) {transformation: [-0.9991f,0.0064f,0.0424f,0.0039f,0.0067f,1f,0.0072f,0.3867f,-0.0423f,0.0074f,-0.9991f,-0.5937f,0f,0f,0f,1f],start_interpolation: 0,interpolation_duration: 1}
execute on vehicle unless entity @s[tag=aj.transforms_only] positioned ^-0.2599735358 ^1.772209442 ^0.7526442745 rotated ~180.8492299554 ~2.8773570868 run function animated_java:wander/animations/sit_eat/zzz/frames/112_locator_soup
data modify entity @s data merge value {"cameras":{},"locators":{"soup":{"px":-0.2599735358187919,"py":1.772209442022072,"pz":0.7526442744559749,"ry":180.84922995539682,"rx":2.877357086775687},"lefthand":{"px":0.47670765818375255,"py":1.355078532070793,"pz":0.5451590852523535,"ry":293.5373153234401,"rx":-86.62447831731777},"sword":{"px":-0.7132694444779223,"py":5.0887951290498545,"pz":0.29398831102629736,"ry":209.11333878192895,"rx":-83.19303271983185},"righthand":{"px":-0.925916029462952,"py":1.4272879381820707,"pz":0.6758296015092897,"ry":209.11333878192895,"rx":-83.19303271983185},"chest":{"px":-0.3865829844983599,"py":0.7674312064930562,"pz":-0.34994194028257436,"ry":3.4945309427014593,"rx":4.641676484127058}}}