# This file was generated by Animated Java via MC-Build. It is not recommended to edit this file directly.
$data merge entity $(nose) {transformation: [-0.9974f,-0.0296f,0.0658f,-0.0267f,-0.0138f,0.9736f,0.2278f,2.2847f,-0.0708f,0.2263f,-0.9715f,-0.435f,0f,0f,0f,1f],start_interpolation: 0,interpolation_duration: 1}
$data merge entity $(glowing_eye) {transformation: [-0.9974f,-0.0296f,0.0658f,-0.1556f,-0.0138f,0.9736f,0.2278f,2.341f,-0.0708f,0.2263f,-0.9715f,-0.3946f,0f,0f,0f,1f],start_interpolation: 0,interpolation_duration: 1}
$data merge entity $(head) {transformation: [-0.9974f,-0.0296f,0.0658f,-0.0107f,-0.0138f,0.9736f,0.2278f,2.2071f,-0.0708f,0.2263f,-0.9715f,-0.6448f,0f,0f,0f,1f],start_interpolation: 0,interpolation_duration: 1}
$data merge entity $(leftthumb2) {transformation: [-0.1728f,0.6668f,0.7249f,0.4249f,-0.9376f,-0.3369f,0.0864f,1.6418f,0.3018f,-0.6647f,0.6834f,0.4965f,0f,0f,0f,1f],start_interpolation: 0,interpolation_duration: 1}
$data merge entity $(leftthumb) {transformation: [-0.1728f,0.6668f,0.7249f,0.6504f,-0.9376f,-0.3369f,0.0864f,1.5666f,0.3018f,-0.6647f,0.6834f,0.3919f,0f,0f,0f,1f],start_interpolation: 0,interpolation_duration: 1}
$data merge entity $(leftpointerfinger) {transformation: [-0.9313f,0.3588f,-0.0626f,0.6316f,0.0715f,0.0114f,-0.9974f,1.5083f,-0.3571f,-0.9333f,-0.0362f,0.7355f,0f,0f,0f,1f],start_interpolation: 0,interpolation_duration: 1}
$data merge entity $(leftmidfinger) {transformation: [-0.9313f,0.3588f,-0.0626f,0.6218f,0.0715f,0.0114f,-0.9974f,1.3524f,-0.3571f,-0.9333f,-0.0362f,0.7299f,0f,0f,0f,1f],start_interpolation: 0,interpolation_duration: 1}
$data merge entity $(leftringfinger) {transformation: [-0.9313f,0.3588f,-0.0626f,0.612f,0.0715f,0.0114f,-0.9974f,1.1966f,-0.3571f,-0.9333f,-0.0362f,0.7242f,0f,0f,0f,1f],start_interpolation: 0,interpolation_duration: 1}
$data merge entity $(invisibility) {transformation: [0.352f,0.0937f,0.9313f,0.4982f,-0.0756f,0.9946f,-0.0715f,1.5541f,-0.933f,-0.0452f,0.3571f,0.5676f,0f,0f,0f,1f],start_interpolation: 0,interpolation_duration: 1}
$data merge entity $(swiftness) {transformation: [-0.0626f,0.3588f,0.9313f,0.3893f,-0.9974f,0.0114f,-0.0715f,1.3693f,-0.0362f,-0.9333f,0.3571f,0.6686f,0f,0f,0f,1f],start_interpolation: 0,interpolation_duration: 1}
$data merge entity $(suspicious_stew) {transformation: [1.9832f,0.3091f,0.0092f,-0.2963f,-0.3092f,1.9811f,0.0917f,1.4124f,0.005f,-0.092f,2.0051f,0.8527f,0f,0f,0f,1f],start_interpolation: 0,interpolation_duration: 1}
$data merge entity $(log) {transformation: [-0.9313f,0.3588f,-0.0626f,0.4242f,0.0715f,0.0114f,-0.9974f,1.3279f,-0.3571f,-0.9333f,-0.0362f,0.4527f,0f,0f,0f,1f],start_interpolation: 0,interpolation_duration: 1}
$data merge entity $(planks) {transformation: [-0.9313f,0.3588f,-0.0626f,0.3369f,0.0715f,0.0114f,-0.9974f,1.3346f,-0.3571f,-0.9333f,-0.0362f,0.4192f,0f,0f,0f,1f],start_interpolation: 0,interpolation_duration: 1}
$data merge entity $(lefthand1) {transformation: [-0.9313f,0.3588f,-0.0626f,0.7487f,0.0715f,0.0114f,-0.9974f,1.3441f,-0.3571f,-0.9333f,-0.0362f,0.3098f,0f,0f,0f,1f],start_interpolation: 0,interpolation_duration: 1}
$data merge entity $(leftforearm) {transformation: [0.2657f,0.3693f,0.8905f,1.011f,-0.9606f,0.0233f,0.277f,1.2961f,0.0816f,-0.929f,0.3609f,-0.344f,0f,0f,0f,1f],start_interpolation: 0,interpolation_duration: 1}
$data merge entity $(leftelbow) {transformation: [0.2657f,0.3693f,0.8905f,1.0803f,-0.9606f,0.0233f,0.277f,1.3004f,0.0816f,-0.929f,0.3609f,-0.5182f,0f,0f,0f,1f],start_interpolation: 0,interpolation_duration: 1}
$data merge entity $(leftarm) {transformation: [-0.9322f,-0.2449f,0.2666f,0.7456f,-0.2788f,0.9554f,-0.0973f,1.7202f,-0.2309f,-0.165f,-0.9589f,-0.6212f,0f,0f,0f,1f],start_interpolation: 0,interpolation_duration: 1}
$data merge entity $(rightthumb2) {transformation: [0.0811f,-0.5659f,-0.8204f,-0.7649f,0.9933f,-0.0224f,0.1136f,1.5547f,-0.0827f,-0.8241f,0.5603f,0.6667f,0f,0f,0f,1f],start_interpolation: 0,interpolation_duration: 1}
$data merge entity $(rightthumb) {transformation: [0.0811f,-0.5659f,-0.8204f,-0.9738f,0.9933f,-0.0224f,0.1136f,1.5589f,-0.0827f,-0.8241f,0.5603f,0.5125f,0f,0f,0f,1f],start_interpolation: 0,interpolation_duration: 1}
$data merge entity $(rightpointerfinger) {transformation: [-0.8895f,-0.4529f,-0.06f,-1.0911f,0.0906f,-0.0462f,-0.9948f,1.546f,0.4478f,-0.8903f,0.0822f,0.841f,0f,0f,0f,1f],start_interpolation: 0,interpolation_duration: 1}
$data merge entity $(rightmidfinger) {transformation: [-0.8895f,-0.4529f,-0.06f,-1.1005f,0.0906f,-0.0462f,-0.9948f,1.3906f,0.4478f,-0.8903f,0.0822f,0.8538f,0f,0f,0f,1f],start_interpolation: 0,interpolation_duration: 1}
$data merge entity $(rightringfinger) {transformation: [-0.8895f,-0.4529f,-0.06f,-1.1098f,0.0906f,-0.0462f,-0.9948f,1.2352f,0.4478f,-0.8903f,0.0822f,0.8667f,0f,0f,0f,1f],start_interpolation: 0,interpolation_duration: 1}
$data merge entity $(hugeasssword) {transformation: [-3.9091f,0.0627f,-0.2349f,-0.8311f,0.2289f,-0.3261f,-3.8963f,1.3737f,-0.082f,-3.9026f,0.3218f,0.6557f,0f,0f,0f,1f],start_interpolation: 0,interpolation_duration: 1}
$data merge entity $(whey) {transformation: [-0.9981f,0.062f,0.0027f,-0.6527f,0.0584f,0.9532f,-0.2966f,1.5114f,-0.0209f,-0.2959f,-0.955f,0.7412f,0f,0f,0f,1f],start_interpolation: 0,interpolation_duration: 1}
$data merge entity $(ice) {transformation: [-0.9981f,0.016f,-0.06f,-0.8158f,0.0584f,-0.0833f,-0.9948f,1.3741f,-0.0209f,-0.9964f,0.0822f,0.6716f,0f,0f,0f,1f],start_interpolation: 0,interpolation_duration: 1}
$data merge entity $(righthand1) {transformation: [-0.9981f,0.016f,-0.06f,-1.0632f,0.0584f,-0.0833f,-0.9948f,1.3368f,-0.0209f,-0.9964f,0.0822f,0.4199f,0f,0f,0f,1f],start_interpolation: 0,interpolation_duration: 1}
$data merge entity $(rightforearm) {transformation: [-0.9981f,0.016f,-0.06f,-0.9886f,0.0584f,-0.0833f,-0.9948f,1.2901f,-0.0209f,-0.9964f,0.0822f,-0.2807f,0f,0f,0f,1f],start_interpolation: 0,interpolation_duration: 1}
$data merge entity $(rightelbow) {transformation: [-0.9981f,0.016f,-0.06f,-0.9856f,0.0584f,-0.0833f,-0.9948f,1.2745f,-0.0209f,-0.9964f,0.0822f,-0.4675f,0f,0f,0f,1f],start_interpolation: 0,interpolation_duration: 1}
$data merge entity $(rightarm) {transformation: [-0.9939f,0.0403f,0.1027f,-0.7513f,-0.0289f,0.8034f,-0.5948f,1.7011f,-0.1065f,-0.5941f,-0.7973f,-0.7164f,0f,0f,0f,1f],start_interpolation: 0,interpolation_duration: 1}
$data merge entity $(chest1) {transformation: [-1.0811f,-0.021f,0.0669f,0.0047f,-0.0138f,1.0771f,0.115f,1.5629f,-0.0688f,0.1139f,-1.0751f,-0.795f,0f,0f,0f,1f],start_interpolation: 0,interpolation_duration: 1}
$data merge entity $(chest1lid) {transformation: [-0.9979f,-0.0194f,0.0618f,-0.3469f,-0.0127f,0.9943f,0.1061f,0.8375f,-0.0635f,0.1051f,-0.9924f,-0.5002f,0f,0f,0f,1f],start_interpolation: 0,interpolation_duration: 1}
$data merge entity $(chest2) {transformation: [-0.9979f,-0.0194f,0.0618f,-0.3439f,-0.0127f,0.9943f,0.1061f,0.6822f,-0.0635f,0.1051f,-0.9924f,-0.5166f,0f,0f,0f,1f],start_interpolation: 0,interpolation_duration: 1}
$data merge entity $(chest1lid3) {transformation: [-0.9979f,-0.0194f,0.0618f,-0.245f,-0.0127f,0.9943f,0.1061f,0.9063f,-0.0635f,0.1051f,-0.9924f,-1.132f,0f,0f,0f,1f],start_interpolation: 0,interpolation_duration: 1}
$data merge entity $(chest3) {transformation: [-0.9979f,-0.0194f,0.0618f,-0.2419f,-0.0127f,0.9943f,0.1061f,0.7509f,-0.0635f,0.1051f,-0.9924f,-1.1484f,0f,0f,0f,1f],start_interpolation: 0,interpolation_duration: 1}
$data merge entity $(hugeasssword2) {transformation: [-0.2419f,2.8304f,-2.6964f,-1.2308f,-0.4157f,2.6676f,2.8375f,2.729f,3.887f,0.4614f,0.1356f,-1.0142f,0f,0f,0f,1f],start_interpolation: 0,interpolation_duration: 1}
$data merge entity $(belt) {transformation: [-0.9979f,-0.0194f,0.0618f,0.0363f,-0.0127f,0.9943f,0.1061f,1.1534f,-0.0635f,0.1051f,-0.9924f,-0.705f,0f,0f,0f,1f],start_interpolation: 0,interpolation_duration: 1}
$data merge entity $(torn_part) {transformation: [-0.9989f,-0.0076f,0.0471f,-0.0837f,0.0074f,0.9501f,0.312f,0.8773f,-0.0471f,0.312f,-0.9489f,-0.7328f,0f,0f,0f,1f],start_interpolation: 0,interpolation_duration: 1}
$data merge entity $(lowerbody) {transformation: [-0.9989f,0.0069f,0.0472f,0.0039f,0.0074f,0.9999f,0.0119f,0.3867f,-0.0471f,0.0122f,-0.9988f,-0.5937f,0f,0f,0f,1f],start_interpolation: 0,interpolation_duration: 1}
execute on vehicle unless entity @s[tag=aj.transforms_only] positioned ^-0.2434425102 ^1.7500068072 ^0.7742454022 rotated ~179.7357457132 ~2.6173791836 run function animated_java:wander/animations/sit_eat/zzz/frames/116_locator_soup
data modify entity @s data merge value {"cameras":{},"locators":{"soup":{"px":-0.24344251020934501,"py":1.7500068071596122,"pz":0.7742454021737903,"ry":179.73574571323823,"rx":2.617379183569155},"lefthand":{"px":0.48446278609115456,"py":1.3359222002988238,"pz":0.5596910151174375,"ry":300.0606658300237,"rx":-85.85050484682732},"sword":{"px":-0.687509058900625,"py":5.0647782711327665,"pz":0.3809611880975322,"ry":216.12972020265786,"rx":-84.1613082298882},"righthand":{"px":-0.9086870168675232,"py":1.3964081405848907,"pz":0.6839416267627462,"ry":216.12972020265786,"rx":-84.1613082298882},"chest":{"px":-0.3865259651169699,"py":0.7583949568909553,"pz":-0.3536784858269119,"ry":3.561280254758202,"rx":6.092201066033211}}}