# This file was generated by Animated Java via MC-Build. It is not recommended to edit this file directly.
$data merge entity $(nose) {transformation: [-0.9977f,-0.0265f,0.0628f,-0.0236f,-0.0113f,0.9731f,0.2303f,2.283f,-0.0672f,0.229f,-0.9711f,-0.4232f,0f,0f,0f,1f],start_interpolation: 0,interpolation_duration: 1}
$data merge entity $(glowing_eye) {transformation: [-0.9977f,-0.0265f,0.0628f,-0.1523f,-0.0113f,0.9731f,0.2303f,2.3395f,-0.0672f,0.229f,-0.9711f,-0.3823f,0f,0f,0f,1f],start_interpolation: 0,interpolation_duration: 1}
$data merge entity $(head) {transformation: [-0.9977f,-0.0265f,0.0628f,-0.0086f,-0.0113f,0.9731f,0.2303f,2.206f,-0.0672f,0.229f,-0.9711f,-0.6334f,0f,0f,0f,1f],start_interpolation: 0,interpolation_duration: 1}
$data merge entity $(leftthumb2) {transformation: [-0.1803f,0.6622f,0.7273f,0.4282f,-0.9353f,-0.3443f,0.0816f,1.6409f,0.3045f,-0.6656f,0.6814f,0.5007f,0f,0f,0f,1f],start_interpolation: 0,interpolation_duration: 1}
$data merge entity $(leftthumb) {transformation: [-0.1803f,0.6622f,0.7273f,0.6528f,-0.9353f,-0.3443f,0.0816f,1.5635f,0.3045f,-0.6656f,0.6814f,0.3957f,0f,0f,0f,1f],start_interpolation: 0,interpolation_duration: 1}
$data merge entity $(leftpointerfinger) {transformation: [-0.9313f,0.358f,-0.0671f,0.634f,0.076f,0.011f,-0.997f,1.5048f,-0.3562f,-0.9337f,-0.0375f,0.7393f,0f,0f,0f,1f],start_interpolation: 0,interpolation_duration: 1}
$data merge entity $(leftmidfinger) {transformation: [-0.9313f,0.358f,-0.0671f,0.6235f,0.076f,0.011f,-0.997f,1.349f,-0.3562f,-0.9337f,-0.0375f,0.7334f,0f,0f,0f,1f],start_interpolation: 0,interpolation_duration: 1}
$data merge entity $(leftringfinger) {transformation: [-0.9313f,0.358f,-0.0671f,0.6131f,0.076f,0.011f,-0.997f,1.1932f,-0.3562f,-0.9337f,-0.0375f,0.7276f,0f,0f,0f,1f],start_interpolation: 0,interpolation_duration: 1}
$data merge entity $(invisibility) {transformation: [0.3508f,0.098f,0.9313f,0.5006f,-0.0759f,0.9942f,-0.076f,1.5514f,-0.9334f,-0.044f,0.3562f,0.5716f,0f,0f,0f,1f],start_interpolation: 0,interpolation_duration: 1}
$data merge entity $(swiftness) {transformation: [-0.0671f,0.358f,0.9313f,0.3911f,-0.997f,0.011f,-0.076f,1.367f,-0.0375f,-0.9337f,0.3562f,0.6724f,0f,0f,0f,1f],start_interpolation: 0,interpolation_duration: 1}
$data merge entity $(suspicious_stew) {transformation: [1.9795f,0.3127f,0.016f,-0.2927f,-0.3131f,1.9771f,0.099f,1.4115f,-0.0003f,-0.1002f,2.0016f,0.8566f,0f,0f,0f,1f],start_interpolation: 0,interpolation_duration: 1}
$data merge entity $(log) {transformation: [-0.9313f,0.358f,-0.0671f,0.4256f,0.076f,0.011f,-0.997f,1.3257f,-0.3562f,-0.9337f,-0.0375f,0.4565f,0f,0f,0f,1f],start_interpolation: 0,interpolation_duration: 1}
$data merge entity $(planks) {transformation: [-0.9313f,0.358f,-0.0671f,0.3383f,0.076f,0.011f,-0.997f,1.3329f,-0.3562f,-0.9337f,-0.0375f,0.4231f,0f,0f,0f,1f],start_interpolation: 0,interpolation_duration: 1}
$data merge entity $(lefthand1) {transformation: [-0.9313f,0.358f,-0.0671f,0.75f,0.076f,0.011f,-0.997f,1.3406f,-0.3562f,-0.9337f,-0.0375f,0.3132f,0f,0f,0f,1f],start_interpolation: 0,interpolation_duration: 1}
$data merge entity $(leftforearm) {transformation: [0.2609f,0.3686f,0.8922f,1.0116f,-0.962f,0.0226f,0.272f,1.2921f,0.0801f,-0.9293f,0.3605f,-0.3408f,0f,0f,0f,1f],start_interpolation: 0,interpolation_duration: 1}
$data merge entity $(leftelbow) {transformation: [0.2609f,0.3686f,0.8922f,1.0807f,-0.962f,0.0226f,0.272f,1.2964f,0.0801f,-0.9293f,0.3605f,-0.515f,0f,0f,0f,1f],start_interpolation: 0,interpolation_duration: 1}
$data merge entity $(leftarm) {transformation: [-0.9336f,-0.2424f,0.264f,0.747f,-0.2746f,0.9571f,-0.092f,1.7177f,-0.2303f,-0.1584f,-0.9601f,-0.6146f,0f,0f,0f,1f],start_interpolation: 0,interpolation_duration: 1}
$data merge entity $(rightthumb2) {transformation: [0.0914f,-0.5656f,-0.8196f,-0.7604f,0.9925f,-0.0154f,0.1213f,1.5497f,-0.0813f,-0.8245f,0.5599f,0.6708f,0f,0f,0f,1f],start_interpolation: 0,interpolation_duration: 1}
$data merge entity $(rightthumb) {transformation: [0.0914f,-0.5656f,-0.8196f,-0.9691f,0.9925f,-0.0154f,0.1213f,1.5563f,-0.0813f,-0.8245f,0.5599f,0.5165f,0f,0f,0f,1f],start_interpolation: 0,interpolation_duration: 1}
$data merge entity $(rightpointerfinger) {transformation: [-0.889f,-0.4538f,-0.0612f,-1.0851f,0.0912f,-0.0445f,-0.9948f,1.5431f,0.4487f,-0.89f,0.081f,0.8454f,0f,0f,0f,1f],start_interpolation: 0,interpolation_duration: 1}
$data merge entity $(rightmidfinger) {transformation: [-0.889f,-0.4538f,-0.0612f,-1.0947f,0.0912f,-0.0445f,-0.9948f,1.3876f,0.4487f,-0.89f,0.081f,0.8581f,0f,0f,0f,1f],start_interpolation: 0,interpolation_duration: 1}
$data merge entity $(rightringfinger) {transformation: [-0.889f,-0.4538f,-0.0612f,-1.1043f,0.0912f,-0.0445f,-0.9948f,1.2322f,0.4487f,-0.89f,0.081f,0.8707f,0f,0f,0f,1f],start_interpolation: 0,interpolation_duration: 1}
$data merge entity $(hugeasssword) {transformation: [-3.909f,0.0477f,-0.2397f,-0.8262f,0.235f,-0.3207f,-3.8964f,1.3706f,-0.0671f,-3.9032f,0.3172f,0.6589f,0f,0f,0f,1f],start_interpolation: 0,interpolation_duration: 1}
$data merge entity $(whey) {transformation: [-0.9981f,0.0624f,-0.0014f,-0.6472f,0.06f,0.9535f,-0.2953f,1.5079f,-0.0171f,-0.2948f,-0.9554f,0.7439f,0f,0f,0f,1f],start_interpolation: 0,interpolation_duration: 1}
$data merge entity $(ice) {transformation: [-0.9981f,0.0122f,-0.0612f,-0.8108f,0.06f,-0.0819f,-0.9948f,1.3709f,-0.0171f,-0.9966f,0.081f,0.6748f,0f,0f,0f,1f],start_interpolation: 0,interpolation_duration: 1}
$data merge entity $(righthand1) {transformation: [-0.9981f,0.0122f,-0.0612f,-1.0592f,0.06f,-0.0819f,-0.9948f,1.3344f,-0.0171f,-0.9966f,0.081f,0.4239f,0f,0f,0f,1f],start_interpolation: 0,interpolation_duration: 1}
$data merge entity $(rightforearm) {transformation: [-0.9981f,0.0122f,-0.0612f,-0.9873f,0.06f,-0.0819f,-0.9948f,1.2886f,-0.0171f,-0.9966f,0.081f,-0.277f,0f,0f,0f,1f],start_interpolation: 0,interpolation_duration: 1}
$data merge entity $(rightelbow) {transformation: [-0.9981f,0.0122f,-0.0612f,-0.985f,0.06f,-0.0819f,-0.9948f,1.2733f,-0.0171f,-0.9966f,0.081f,-0.4639f,0f,0f,0f,1f],start_interpolation: 0,interpolation_duration: 1}
$data merge entity $(rightarm) {transformation: [-0.994f,0.0415f,0.1014f,-0.75f,-0.0262f,0.8087f,-0.5877f,1.7017f,-0.1064f,-0.5868f,-0.8027f,-0.7089f,0f,0f,0f,1f],start_interpolation: 0,interpolation_duration: 1}
$data merge entity $(chest1) {transformation: [-1.0811f,-0.0193f,0.0663f,0.0058f,-0.0116f,1.0761f,0.1244f,1.5631f,-0.0681f,0.1235f,-1.0741f,-0.7893f,0f,0f,0f,1f],start_interpolation: 0,interpolation_duration: 1}
$data merge entity $(chest1lid) {transformation: [-0.998f,-0.0178f,0.0612f,-0.3467f,-0.0107f,0.9933f,0.1149f,0.8356f,-0.0629f,0.114f,-0.9915f,-0.5007f,0f,0f,0f,1f],start_interpolation: 0,interpolation_duration: 1}
$data merge entity $(chest2) {transformation: [-0.998f,-0.0178f,0.0612f,-0.3439f,-0.0107f,0.9933f,0.1149f,0.6804f,-0.0629f,0.114f,-0.9915f,-0.5185f,0f,0f,0f,1f],start_interpolation: 0,interpolation_duration: 1}
$data merge entity $(chest1lid3) {transformation: [-0.998f,-0.0178f,0.0612f,-0.2451f,-0.0107f,0.9933f,0.1149f,0.9099f,-0.0629f,0.114f,-0.9915f,-1.1319f,0f,0f,0f,1f],start_interpolation: 0,interpolation_duration: 1}
$data merge entity $(chest3) {transformation: [-0.998f,-0.0178f,0.0612f,-0.2423f,-0.0107f,0.9933f,0.1149f,0.7547f,-0.0629f,0.114f,-0.9915f,-1.1498f,0f,0f,0f,1f],start_interpolation: 0,interpolation_duration: 1}
$data merge entity $(hugeasssword2) {transformation: [-0.2398f,2.8346f,-2.6922f,-1.2282f,-0.4499f,2.6593f,2.8401f,2.7329f,3.8833f,0.4831f,0.1628f,-0.9972f,0f,0f,0f,1f],start_interpolation: 0,interpolation_duration: 1}
$data merge entity $(belt) {transformation: [-0.998f,-0.0178f,0.0612f,0.0368f,-0.0107f,0.9933f,0.1149f,1.1527f,-0.0629f,0.114f,-0.9915f,-0.7029f,0f,0f,0f,1f],start_interpolation: 0,interpolation_duration: 1}
$data merge entity $(torn_part) {transformation: [-0.9988f,-0.0079f,0.0479f,-0.0835f,0.0076f,0.9496f,0.3133f,0.8775f,-0.048f,0.3133f,-0.9485f,-0.7323f,0f,0f,0f,1f],start_interpolation: 0,interpolation_duration: 1}
$data merge entity $(lowerbody) {transformation: [-0.9988f,0.0069f,0.0481f,0.0039f,0.0076f,0.9999f,0.0132f,0.3867f,-0.048f,0.0136f,-0.9988f,-0.5937f,0f,0f,0f,1f],start_interpolation: 0,interpolation_duration: 1}
execute on vehicle unless entity @s[tag=aj.transforms_only] positioned ^-0.2394666964 ^1.7482442101 ^0.7768358866 rotated ~179.5429539258 ~2.8301060837 run function animated_java:wander/animations/sit_eat/zzz/frames/117_locator_soup
data modify entity @s data merge value {"cameras":{},"locators":{"soup":{"px":-0.23946669640688228,"py":1.7482442100551645,"pz":0.7768358865661802,"ry":179.5429539258329,"rx":2.830106083691007},"lefthand":{"px":0.4859703594018571,"py":1.333323639204659,"pz":0.5633699574234361,"ry":299.19330001849346,"rx":-85.59366080434108},"sword":{"px":-0.6779189499799019,"py":5.0618445542567425,"pz":0.3888394885430772,"ry":217.0767456710892,"rx":-84.174354855022},"righthand":{"px":-0.903570742195105,"py":1.3933891009733403,"pz":0.687456477251588,"ry":217.0767456710892,"rx":-84.174354855022},"chest":{"px":-0.38635308372176935,"py":0.7552583343490777,"pz":-0.3548674117011683,"ry":3.533652807773933,"rx":6.595837786100427}}}