# This file was generated by Animated Java via MC-Build. It is not recommended to edit this file directly.
$data merge entity $(nose) {transformation: [-0.9979f,-0.0234f,0.0603f,-0.0205f,-0.0088f,0.9728f,0.2313f,2.2815f,-0.064f,0.2303f,-0.971f,-0.4113f,0f,0f,0f,1f],start_interpolation: 0,interpolation_duration: 1}
$data merge entity $(glowing_eye) {transformation: [-0.9979f,-0.0234f,0.0603f,-0.1489f,-0.0088f,0.9728f,0.2313f,2.3382f,-0.064f,0.2303f,-0.971f,-0.3698f,0f,0f,0f,1f],start_interpolation: 0,interpolation_duration: 1}
$data merge entity $(head) {transformation: [-0.9979f,-0.0234f,0.0603f,-0.0063f,-0.0088f,0.9728f,0.2313f,2.2047f,-0.064f,0.2303f,-0.971f,-0.6216f,0f,0f,0f,1f],start_interpolation: 0,interpolation_duration: 1}
$data merge entity $(leftthumb2) {transformation: [-0.188f,0.658f,0.7292f,0.4312f,-0.9327f,-0.3523f,0.0774f,1.6419f,0.3078f,-0.6656f,0.6799f,0.5041f,0f,0f,0f,1f],start_interpolation: 0,interpolation_duration: 1}
$data merge entity $(leftthumb) {transformation: [-0.188f,0.658f,0.7292f,0.6549f,-0.9327f,-0.3523f,0.0774f,1.5622f,0.3078f,-0.6656f,0.6799f,0.399f,0f,0f,0f,1f],start_interpolation: 0,interpolation_duration: 1}
$data merge entity $(leftpointerfinger) {transformation: [-0.9311f,0.3576f,-0.0725f,0.636f,0.0809f,0.0086f,-0.9967f,1.5038f,-0.3557f,-0.9339f,-0.0369f,0.7426f,0f,0f,0f,1f],start_interpolation: 0,interpolation_duration: 1}
$data merge entity $(leftmidfinger) {transformation: [-0.9311f,0.3576f,-0.0725f,0.6247f,0.0809f,0.0086f,-0.9967f,1.3481f,-0.3557f,-0.9339f,-0.0369f,0.7368f,0f,0f,0f,1f],start_interpolation: 0,interpolation_duration: 1}
$data merge entity $(leftringfinger) {transformation: [-0.9311f,0.3576f,-0.0725f,0.6134f,0.0809f,0.0086f,-0.9967f,1.1923f,-0.3557f,-0.9339f,-0.0369f,0.7311f,0f,0f,0f,1f],start_interpolation: 0,interpolation_duration: 1}
$data merge entity $(invisibility) {transformation: [0.3499f,0.1034f,0.9311f,0.5028f,-0.0783f,0.9936f,-0.0809f,1.551f,-0.9335f,-0.0446f,0.3557f,0.5749f,0f,0f,0f,1f],start_interpolation: 0,interpolation_duration: 1}
$data merge entity $(swiftness) {transformation: [-0.0725f,0.3576f,0.9311f,0.3923f,-0.9967f,0.0086f,-0.0809f,1.3672f,-0.0369f,-0.9339f,0.3557f,0.6759f,0f,0f,0f,1f],start_interpolation: 0,interpolation_duration: 1}
$data merge entity $(suspicious_stew) {transformation: [1.9765f,0.3174f,0.0206f,-0.2899f,-0.3181f,1.9732f,0.1126f,1.414f,-0.0024f,-0.1145f,1.9986f,0.8595f,0f,0f,0f,1f],start_interpolation: 0,interpolation_duration: 1}
$data merge entity $(log) {transformation: [-0.9311f,0.3576f,-0.0725f,0.4265f,0.0809f,0.0086f,-0.9967f,1.3257f,-0.3557f,-0.9339f,-0.0369f,0.4599f,0f,0f,0f,1f],start_interpolation: 0,interpolation_duration: 1}
$data merge entity $(planks) {transformation: [-0.9311f,0.3576f,-0.0725f,0.3392f,0.0809f,0.0086f,-0.9967f,1.3333f,-0.3557f,-0.9339f,-0.0369f,0.4266f,0f,0f,0f,1f],start_interpolation: 0,interpolation_duration: 1}
$data merge entity $(lefthand1) {transformation: [-0.9311f,0.3576f,-0.0725f,0.7509f,0.0809f,0.0086f,-0.9967f,1.3388f,-0.3557f,-0.9339f,-0.0369f,0.3166f,0f,0f,0f,1f],start_interpolation: 0,interpolation_duration: 1}
$data merge entity $(leftforearm) {transformation: [0.2551f,0.3684f,0.894f,1.0119f,-0.9636f,0.0198f,0.2667f,1.2883f,0.0806f,-0.9295f,0.36f,-0.3375f,0f,0f,0f,1f],start_interpolation: 0,interpolation_duration: 1}
$data merge entity $(leftelbow) {transformation: [0.2551f,0.3684f,0.894f,1.081f,-0.9636f,0.0198f,0.2667f,1.292f,0.0806f,-0.9295f,0.36f,-0.5118f,0f,0f,0f,1f],start_interpolation: 0,interpolation_duration: 1}
$data merge entity $(leftarm) {transformation: [-0.9351f,-0.2396f,0.2612f,0.7485f,-0.2701f,0.9589f,-0.0872f,1.7151f,-0.2296f,-0.152f,-0.9613f,-0.608f,0f,0f,0f,1f],start_interpolation: 0,interpolation_duration: 1}
$data merge entity $(rightthumb2) {transformation: [0.0999f,-0.5658f,-0.8185f,-0.7557f,0.9916f,-0.0118f,0.1291f,1.5486f,-0.0827f,-0.8245f,0.5599f,0.6746f,0f,0f,0f,1f],start_interpolation: 0,interpolation_duration: 1}
$data merge entity $(rightthumb) {transformation: [0.0999f,-0.5658f,-0.8185f,-0.9644f,0.9916f,-0.0118f,0.1291f,1.5568f,-0.0827f,-0.8245f,0.5599f,0.5203f,0f,0f,0f,1f],start_interpolation: 0,interpolation_duration: 1}
$data merge entity $(rightpointerfinger) {transformation: [-0.8883f,-0.455f,-0.0626f,-1.0793f,0.0934f,-0.0454f,-0.9946f,1.5443f,0.4497f,-0.8893f,0.0828f,0.8496f,0f,0f,0f,1f],start_interpolation: 0,interpolation_duration: 1}
$data merge entity $(rightmidfinger) {transformation: [-0.8883f,-0.455f,-0.0626f,-1.0891f,0.0934f,-0.0454f,-0.9946f,1.3889f,0.4497f,-0.8893f,0.0828f,0.8626f,0f,0f,0f,1f],start_interpolation: 0,interpolation_duration: 1}
$data merge entity $(rightringfinger) {transformation: [-0.8883f,-0.455f,-0.0626f,-1.0989f,0.0934f,-0.0454f,-0.9946f,1.2335f,0.4497f,-0.8893f,0.0828f,0.8755f,0f,0f,0f,1f],start_interpolation: 0,interpolation_duration: 1}
$data merge entity $(hugeasssword) {transformation: [-3.9088f,0.0333f,-0.2453f,-0.8213f,0.2417f,-0.3271f,-3.8955f,1.3711f,-0.0536f,-3.9028f,0.3244f,0.6625f,0f,0f,0f,1f],start_interpolation: 0,interpolation_duration: 1}
$data merge entity $(whey) {transformation: [-0.998f,0.063f,-0.0053f,-0.6418f,0.0617f,0.9529f,-0.2968f,1.5082f,-0.0137f,-0.2965f,-0.9549f,0.7466f,0f,0f,0f,1f],start_interpolation: 0,interpolation_duration: 1}
$data merge entity $(ice) {transformation: [-0.998f,0.0085f,-0.0626f,-0.8058f,0.0617f,-0.0835f,-0.9946f,1.3714f,-0.0137f,-0.9965f,0.0828f,0.6783f,0f,0f,0f,1f],start_interpolation: 0,interpolation_duration: 1}
$data merge entity $(righthand1) {transformation: [-0.998f,0.0085f,-0.0626f,-1.0552f,0.0617f,-0.0835f,-0.9946f,1.3349f,-0.0137f,-0.9965f,0.0828f,0.4283f,0f,0f,0f,1f],start_interpolation: 0,interpolation_duration: 1}
$data merge entity $(rightforearm) {transformation: [-0.998f,0.0085f,-0.0626f,-0.9858f,0.0617f,-0.0835f,-0.9946f,1.2878f,-0.0137f,-0.9965f,0.0828f,-0.2728f,0f,0f,0f,1f],start_interpolation: 0,interpolation_duration: 1}
$data merge entity $(rightelbow) {transformation: [-0.998f,0.0085f,-0.0626f,-0.9842f,0.0617f,-0.0835f,-0.9946f,1.2722f,-0.0137f,-0.9965f,0.0828f,-0.4596f,0f,0f,0f,1f],start_interpolation: 0,interpolation_duration: 1}
$data merge entity $(rightarm) {transformation: [-0.9941f,0.0426f,0.0998f,-0.7486f,-0.0234f,0.8137f,-0.5808f,1.7023f,-0.106f,-0.5797f,-0.8079f,-0.701f,0f,0f,0f,1f],start_interpolation: 0,interpolation_duration: 1}
$data merge entity $(chest1) {transformation: [-1.0812f,-0.0175f,0.0655f,0.0069f,-0.0093f,1.0749f,0.1342f,1.5633f,-0.0672f,0.1334f,-1.073f,-0.7834f,0f,0f,0f,1f],start_interpolation: 0,interpolation_duration: 1}
$data merge entity $(chest1lid) {transformation: [-0.998f,-0.0161f,0.0605f,-0.3465f,-0.0085f,0.9923f,0.1239f,0.8337f,-0.062f,0.1231f,-0.9905f,-0.5012f,0f,0f,0f,1f],start_interpolation: 0,interpolation_duration: 1}
$data merge entity $(chest2) {transformation: [-0.998f,-0.0161f,0.0605f,-0.344f,-0.0085f,0.9923f,0.1239f,0.6787f,-0.062f,0.1231f,-0.9905f,-0.5204f,0f,0f,0f,1f],start_interpolation: 0,interpolation_duration: 1}
$data merge entity $(chest1lid3) {transformation: [-0.998f,-0.0161f,0.0605f,-0.2454f,-0.0085f,0.9923f,0.1239f,0.9136f,-0.062f,0.1231f,-0.9905f,-1.1318f,0f,0f,0f,1f],start_interpolation: 0,interpolation_duration: 1}
$data merge entity $(chest3) {transformation: [-0.998f,-0.0161f,0.0605f,-0.2429f,-0.0085f,0.9923f,0.1239f,0.7586f,-0.062f,0.1231f,-0.9905f,-1.151f,0f,0f,0f,1f],start_interpolation: 0,interpolation_duration: 1}
$data merge entity $(hugeasssword2) {transformation: [-0.2369f,2.8393f,-2.6875f,-1.2255f,-0.4852f,2.6502f,2.8427f,2.7369f,3.8793f,0.5048f,0.1914f,-0.9794f,0f,0f,0f,1f],start_interpolation: 0,interpolation_duration: 1}
$data merge entity $(belt) {transformation: [-0.998f,-0.0161f,0.0605f,0.0373f,-0.0085f,0.9923f,0.1239f,1.1521f,-0.062f,0.1231f,-0.9905f,-0.7008f,0f,0f,0f,1f],start_interpolation: 0,interpolation_duration: 1}
$data merge entity $(torn_part) {transformation: [-0.9988f,-0.008f,0.0487f,-0.0834f,0.0077f,0.9492f,0.3146f,0.8777f,-0.0487f,0.3146f,-0.948f,-0.7316f,0f,0f,0f,1f],start_interpolation: 0,interpolation_duration: 1}
$data merge entity $(lowerbody) {transformation: [-0.9988f,0.007f,0.0489f,0.0039f,0.0077f,0.9999f,0.0146f,0.3867f,-0.0487f,0.015f,-0.9987f,-0.5937f,0f,0f,0f,1f],start_interpolation: 0,interpolation_duration: 1}
execute on vehicle unless entity @s[tag=aj.transforms_only] positioned ^-0.2360090351 ^1.7496442647 ^0.7773258585 rotated ~179.4096169996 ~3.2249238048 run function animated_java:wander/animations/sit_eat/zzz/frames/118_locator_soup
data modify entity @s data merge value {"cameras":{},"locators":{"soup":{"px":-0.23600903510755983,"py":1.7496442646805168,"pz":0.7773258584841733,"ry":179.40961699955125,"rx":3.224923804776122},"lefthand":{"px":0.4869660541031975,"py":1.3330120143308475,"pz":0.5668351593240382,"ry":296.9834770597167,"rx":-85.33448904316707},"sword":{"px":-0.6675994140031658,"py":5.061608939521093,"pz":0.38587125117272614,"ry":217.09867703992484,"rx":-84.03999733063722},"righthand":{"px":-0.898553780735002,"py":1.3940412679472138,"pz":0.6912623199904728,"ry":217.09867703992484,"rx":-84.03999733063722},"chest":{"px":-0.3861538968629913,"py":0.7520717829932725,"pz":-0.3560345802450474,"ry":3.494551467049888,"rx":7.11565733637205}}}