# This file was generated by Animated Java via MC-Build. It is not recommended to edit this file directly.
$data merge entity $(nose) {transformation: [-0.9982f,-0.0175f,0.0573f,-0.0144f,-0.004f,0.9739f,0.227f,2.2797f,-0.0598f,0.2264f,-0.9722f,-0.3885f,0f,0f,0f,1f],start_interpolation: 0,interpolation_duration: 1}
$data merge entity $(glowing_eye) {transformation: [-0.9982f,-0.0175f,0.0573f,-0.1424f,-0.004f,0.9739f,0.227f,2.3372f,-0.0598f,0.2264f,-0.9722f,-0.3467f,0f,0f,0f,1f],start_interpolation: 0,interpolation_duration: 1}
$data merge entity $(head) {transformation: [-0.9982f,-0.0175f,0.0573f,-0.0015f,-0.004f,0.9739f,0.227f,2.202f,-0.0598f,0.2264f,-0.9722f,-0.5985f,0f,0f,0f,1f],start_interpolation: 0,interpolation_duration: 1}
$data merge entity $(leftthumb2) {transformation: [-0.2036f,0.6518f,0.7306f,0.4359f,-0.9259f,-0.3706f,0.0726f,1.6521f,0.3181f,-0.6617f,0.6789f,0.5072f,0f,0f,0f,1f],start_interpolation: 0,interpolation_duration: 1}
$data merge entity $(leftthumb) {transformation: [-0.2036f,0.6518f,0.7306f,0.6582f,-0.9259f,-0.3706f,0.0726f,1.5675f,0.3181f,-0.6617f,0.6789f,0.4029f,0f,0f,0f,1f],start_interpolation: 0,interpolation_duration: 1}
$data merge entity $(leftpointerfinger) {transformation: [-0.9296f,0.3584f,-0.0863f,0.6382f,0.0908f,-0.0045f,-0.9959f,1.5123f,-0.3573f,-0.9336f,-0.0283f,0.747f,0f,0f,0f,1f],start_interpolation: 0,interpolation_duration: 1}
$data merge entity $(leftmidfinger) {transformation: [-0.9296f,0.3584f,-0.0863f,0.6247f,0.0908f,-0.0045f,-0.9959f,1.3567f,-0.3573f,-0.9336f,-0.0283f,0.7426f,0f,0f,0f,1f],start_interpolation: 0,interpolation_duration: 1}
$data merge entity $(leftringfinger) {transformation: [-0.9296f,0.3584f,-0.0863f,0.6112f,0.0908f,-0.0045f,-0.9959f,1.2011f,-0.3573f,-0.9336f,-0.0283f,0.7382f,0f,0f,0f,1f],start_interpolation: 0,interpolation_duration: 1}
$data merge entity $(invisibility) {transformation: [0.3495f,0.1172f,0.9296f,0.5058f,-0.0913f,0.9917f,-0.0908f,1.56f,-0.9325f,-0.0531f,0.3573f,0.5788f,0f,0f,0f,1f],start_interpolation: 0,interpolation_duration: 1}
$data merge entity $(swiftness) {transformation: [-0.0863f,0.3584f,0.9296f,0.3927f,-0.9959f,-0.0045f,-0.0908f,1.3786f,-0.0283f,-0.9336f,0.3573f,0.6813f,0f,0f,0f,1f],start_interpolation: 0,interpolation_duration: 1}
$data merge entity $(suspicious_stew) {transformation: [1.9724f,0.3301f,0.0222f,-0.2874f,-0.3308f,1.9656f,0.1642f,1.4324f,0.0053f,-0.1656f,1.9931f,0.8607f,0f,0f,0f,1f],start_interpolation: 0,interpolation_duration: 1}
$data merge entity $(log) {transformation: [-0.9296f,0.3584f,-0.0863f,0.4264f,0.0908f,-0.0045f,-0.9959f,1.3347f,-0.3573f,-0.9336f,-0.0283f,0.4657f,0f,0f,0f,1f],start_interpolation: 0,interpolation_duration: 1}
$data merge entity $(planks) {transformation: [-0.9296f,0.3584f,-0.0863f,0.3393f,0.0908f,-0.0045f,-0.9959f,1.3432f,-0.3573f,-0.9336f,-0.0283f,0.4322f,0f,0f,0f,1f],start_interpolation: 0,interpolation_duration: 1}
$data merge entity $(lefthand1) {transformation: [-0.9296f,0.3584f,-0.0863f,0.7511f,0.0908f,-0.0045f,-0.9959f,1.342f,-0.3573f,-0.9336f,-0.0283f,0.3225f,0f,0f,0f,1f],start_interpolation: 0,interpolation_duration: 1}
$data merge entity $(leftforearm) {transformation: [0.24f,0.3696f,0.8977f,1.0119f,-0.9667f,0.0061f,0.256f,1.2819f,0.0892f,-0.9292f,0.3587f,-0.3308f,0f,0f,0f,1f],start_interpolation: 0,interpolation_duration: 1}
$data merge entity $(leftelbow) {transformation: [0.24f,0.3696f,0.8977f,1.0812f,-0.9667f,0.0061f,0.256f,1.283f,0.0892f,-0.9292f,0.3587f,-0.505f,0f,0f,0f,1f],start_interpolation: 0,interpolation_duration: 1}
$data merge entity $(leftarm) {transformation: [-0.9383f,-0.2327f,0.2557f,0.7516f,-0.2604f,0.9622f,-0.0801f,1.7096f,-0.2274f,-0.1417f,-0.9634f,-0.5955f,0f,0f,0f,1f],start_interpolation: 0,interpolation_duration: 1}
$data merge entity $(rightthumb2) {transformation: [0.1096f,-0.5683f,-0.8155f,-0.7467f,0.9892f,-0.0183f,0.1457f,1.5624f,-0.0978f,-0.8226f,0.5601f,0.6798f,0f,0f,0f,1f],start_interpolation: 0,interpolation_duration: 1}
$data merge entity $(rightthumb) {transformation: [0.1096f,-0.5683f,-0.8155f,-0.9558f,0.9892f,-0.0183f,0.1457f,1.5703f,-0.0978f,-0.8226f,0.5601f,0.5259f,0f,0f,0f,1f],start_interpolation: 0,interpolation_duration: 1}
$data merge entity $(rightpointerfinger) {transformation: [-0.8861f,-0.4588f,-0.0661f,-1.0688f,0.1037f,-0.0572f,-0.993f,1.5633f,0.4517f,-0.8867f,0.0983f,0.8561f,0f,0f,0f,1f],start_interpolation: 0,interpolation_duration: 1}
$data merge entity $(rightmidfinger) {transformation: [-0.8861f,-0.4588f,-0.0661f,-1.0791f,0.1037f,-0.0572f,-0.993f,1.4082f,0.4517f,-0.8867f,0.0983f,0.8715f,0f,0f,0f,1f],start_interpolation: 0,interpolation_duration: 1}
$data merge entity $(rightringfinger) {transformation: [-0.8861f,-0.4588f,-0.0661f,-1.0894f,0.1037f,-0.0572f,-0.993f,1.253f,0.4517f,-0.8867f,0.0983f,0.8868f,0f,0f,0f,1f],start_interpolation: 0,interpolation_duration: 1}
$data merge entity $(hugeasssword) {transformation: [-3.9081f,0.0087f,-0.259f,-0.8126f,0.2569f,-0.3862f,-3.8891f,1.3862f,-0.0342f,-3.8976f,0.3848f,0.6701f,0f,0f,0f,1f],start_interpolation: 0,interpolation_duration: 1}
$data merge entity $(whey) {transformation: [-0.9978f,0.0651f,-0.0121f,-0.632f,0.0656f,0.9481f,-0.3112f,1.5238f,-0.0087f,-0.3113f,-0.9503f,0.7511f,0f,0f,0f,1f],start_interpolation: 0,interpolation_duration: 1}
$data merge entity $(ice) {transformation: [-0.9978f,0.0022f,-0.0661f,-0.797f,0.0656f,-0.0986f,-0.993f,1.3867f,-0.0087f,-0.9951f,0.0983f,0.6858f,0f,0f,0f,1f],start_interpolation: 0,interpolation_duration: 1}
$data merge entity $(righthand1) {transformation: [-0.9978f,0.0022f,-0.0661f,-1.048f,0.0656f,-0.0986f,-0.993f,1.3474f,-0.0087f,-0.9951f,0.0983f,0.4379f,0f,0f,0f,1f],start_interpolation: 0,interpolation_duration: 1}
$data merge entity $(rightforearm) {transformation: [-0.9978f,0.0022f,-0.0661f,-0.983f,0.0656f,-0.0986f,-0.993f,1.2895f,-0.0087f,-0.9951f,0.0983f,-0.2628f,0f,0f,0f,1f],start_interpolation: 0,interpolation_duration: 1}
$data merge entity $(rightelbow) {transformation: [-0.9978f,0.0022f,-0.0661f,-0.9826f,0.0656f,-0.0986f,-0.993f,1.271f,-0.0087f,-0.9951f,0.0983f,-0.4494f,0f,0f,0f,1f],start_interpolation: 0,interpolation_duration: 1}
$data merge entity $(rightarm) {transformation: [-0.9944f,0.0448f,0.0958f,-0.7457f,-0.0179f,0.8217f,-0.5697f,1.7036f,-0.1042f,-0.5682f,-0.8163f,-0.6852f,0f,0f,0f,1f],start_interpolation: 0,interpolation_duration: 1}
$data merge entity $(chest1) {transformation: [-1.0814f,-0.0135f,0.0635f,0.0091f,-0.0044f,1.0725f,0.1531f,1.5635f,-0.0647f,0.1525f,-1.0706f,-0.7718f,0f,0f,0f,1f],start_interpolation: 0,interpolation_duration: 1}
$data merge entity $(chest1lid) {transformation: [-0.9982f,-0.0124f,0.0586f,-0.3462f,-0.004f,0.99f,0.1413f,0.8302f,-0.0598f,0.1408f,-0.9882f,-0.5018f,0f,0f,0f,1f],start_interpolation: 0,interpolation_duration: 1}
$data merge entity $(chest2) {transformation: [-0.9982f,-0.0124f,0.0586f,-0.3442f,-0.004f,0.99f,0.1413f,0.6755f,-0.0598f,0.1408f,-0.9882f,-0.5238f,0f,0f,0f,1f],start_interpolation: 0,interpolation_duration: 1}
$data merge entity $(chest1lid3) {transformation: [-0.9982f,-0.0124f,0.0586f,-0.2462f,-0.004f,0.99f,0.1413f,0.921f,-0.0598f,0.1408f,-0.9882f,-1.1311f,0f,0f,0f,1f],start_interpolation: 0,interpolation_duration: 1}
$data merge entity $(chest3) {transformation: [-0.9982f,-0.0124f,0.0586f,-0.2443f,-0.004f,0.99f,0.1413f,0.7663f,-0.0598f,0.1408f,-0.9882f,-1.1531f,0f,0f,0f,1f],start_interpolation: 0,interpolation_duration: 1}
$data merge entity $(hugeasssword2) {transformation: [-0.2295f,2.8496f,-2.6772f,-1.2197f,-0.5534f,2.6311f,2.848f,2.7446f,3.8706f,0.5451f,0.2485f,-0.9439f,0f,0f,0f,1f],start_interpolation: 0,interpolation_duration: 1}
$data merge entity $(belt) {transformation: [-0.9982f,-0.0124f,0.0586f,0.0383f,-0.004f,0.99f,0.1413f,1.1508f,-0.0598f,0.1408f,-0.9882f,-0.6966f,0f,0f,0f,1f],start_interpolation: 0,interpolation_duration: 1}
$data merge entity $(torn_part) {transformation: [-0.9987f,-0.0084f,0.0499f,-0.0832f,0.0079f,0.9483f,0.3174f,0.8781f,-0.05f,0.3174f,-0.947f,-0.7303f,0f,0f,0f,1f],start_interpolation: 0,interpolation_duration: 1}
$data merge entity $(lowerbody) {transformation: [-0.9987f,0.007f,0.0501f,0.0039f,0.0079f,0.9998f,0.0175f,0.3867f,-0.05f,0.0179f,-0.9986f,-0.5937f,0f,0f,0f,1f],start_interpolation: 0,interpolation_duration: 1}
execute on vehicle unless entity @s[tag=aj.transforms_only] positioned ^-0.2313286064 ^1.7651422716 ^0.7699901328 rotated ~179.3624668801 ~4.7079147532 run function animated_java:wander/animations/sit_eat/zzz/frames/120_locator_soup
data modify entity @s data merge value {"cameras":{},"locators":{"soup":{"px":-0.23132860638220296,"py":1.7651422715804004,"pz":0.7699901327842215,"ry":179.36246688009464,"rx":4.707914753179866},"lefthand":{"px":0.4868985899440487,"py":1.3421291439970844,"pz":0.5725983586471228,"ry":288.17637456612124,"rx":-84.78628722390457},"sword":{"px":-0.6456803428996473,"py":5.071481237943603,"pz":0.33669159471679205,"ry":213.94719811748735,"rx":-83.19802430391785},"righthand":{"px":-0.8895689709460178,"py":1.4099359844987556,"pz":0.6989911173291862,"ry":213.94719811748735,"rx":-83.19802430391785},"chest":{"px":-0.38573597940274784,"py":0.7461307334292776,"pz":-0.358012639790393,"ry":3.3926288062162087,"rx":8.123137885373701}}}