# This file was generated by Animated Java via MC-Build. It is not recommended to edit this file directly.
$data merge entity $(nose) {transformation: [-0.9984f,-0.0048f,0.0569f,-0.0079f,0.0004f,0.9959f,0.0901f,2.3056f,-0.0571f,0.09f,-0.9943f,-0.3818f,0f,0f,0f,1f],start_interpolation: 0,interpolation_duration: 1}
$data merge entity $(glowing_eye) {transformation: [-0.9984f,-0.0048f,0.0569f,-0.135f,0.0004f,0.9959f,0.0901f,2.37f,-0.0571f,0.09f,-0.9943f,-0.3482f,0f,0f,0f,1f],start_interpolation: 0,interpolation_duration: 1}
$data merge entity $(head) {transformation: [-0.9984f,-0.0048f,0.0569f,0.0034f,0.0004f,0.9959f,0.0901f,2.1995f,-0.0571f,0.09f,-0.9943f,-0.5791f,0f,0f,0f,1f],start_interpolation: 0,interpolation_duration: 1}
$data merge entity $(leftthumb2) {transformation: [-0.2525f,0.6398f,0.7259f,0.4397f,-0.8813f,-0.4618f,0.1004f,1.7669f,0.3994f,-0.6144f,0.6804f,0.4724f,0f,0f,0f,1f],start_interpolation: 0,interpolation_duration: 1}
$data merge entity $(leftthumb) {transformation: [-0.2525f,0.6398f,0.7259f,0.6586f,-0.8813f,-0.4618f,0.1004f,1.6622f,0.3994f,-0.6144f,0.6804f,0.3799f,0f,0f,0f,1f],start_interpolation: 0,interpolation_duration: 1}
$data merge entity $(leftpointerfinger) {transformation: [-0.92f,0.3675f,-0.1359f,0.6323f,0.1022f,-0.1098f,-0.9887f,1.6407f,-0.3782f,-0.9235f,0.0635f,0.7272f,0f,0f,0f,1f],start_interpolation: 0,interpolation_duration: 1}
$data merge entity $(leftmidfinger) {transformation: [-0.92f,0.3675f,-0.1359f,0.6111f,0.1022f,-0.1098f,-0.9887f,1.4862f,-0.3782f,-0.9235f,0.0635f,0.7372f,0f,0f,0f,1f],start_interpolation: 0,interpolation_duration: 1}
$data merge entity $(leftringfinger) {transformation: [-0.92f,0.3675f,-0.1359f,0.5898f,0.1022f,-0.1098f,-0.9887f,1.3318f,-0.3782f,-0.9235f,0.0635f,0.7471f,0f,0f,0f,1f],start_interpolation: 0,interpolation_duration: 1}
$data merge entity $(invisibility) {transformation: [0.3542f,0.1674f,0.92f,0.5042f,-0.1955f,0.9754f,-0.1022f,1.6788f,-0.9145f,-0.1437f,0.3782f,0.5533f,0f,0f,0f,1f],start_interpolation: 0,interpolation_duration: 1}
$data merge entity $(swiftness) {transformation: [-0.1359f,0.3675f,0.92f,0.3811f,-0.9887f,-0.1098f,-0.1022f,1.5136f,0.0635f,-0.9235f,0.3782f,0.6706f,0f,0f,0f,1f],start_interpolation: 0,interpolation_duration: 1}
$data merge entity $(suspicious_stew) {transformation: [1.9712f,0.3653f,0.0021f,-0.2937f,-0.3537f,1.906f,0.5108f,1.5967f,0.0911f,-0.5026f,1.9386f,0.8197f,0f,0f,0f,1f],start_interpolation: 0,interpolation_duration: 1}
$data merge entity $(log) {transformation: [-0.92f,0.3675f,-0.1359f,0.4149f,0.1022f,-0.1098f,-0.9887f,1.448f,-0.3782f,-0.9235f,0.0635f,0.4606f,0f,0f,0f,1f],start_interpolation: 0,interpolation_duration: 1}
$data merge entity $(planks) {transformation: [-0.92f,0.3675f,-0.1359f,0.3286f,0.1022f,-0.1098f,-0.9887f,1.4576f,-0.3782f,-0.9235f,0.0635f,0.4251f,0f,0f,0f,1f],start_interpolation: 0,interpolation_duration: 1}
$data merge entity $(lefthand1) {transformation: [-0.92f,0.3675f,-0.1359f,0.741f,0.1022f,-0.1098f,-0.9887f,1.426f,-0.3782f,-0.9235f,0.0635f,0.3223f,0f,0f,0f,1f],start_interpolation: 0,interpolation_duration: 1}
$data merge entity $(leftforearm) {transformation: [0.1884f,0.3793f,0.9059f,1.0053f,-0.965f,-0.1f,0.2426f,1.2915f,0.1826f,-0.9199f,0.3471f,-0.3185f,0f,0f,0f,1f],start_interpolation: 0,interpolation_duration: 1}
$data merge entity $(leftelbow) {transformation: [0.1884f,0.3793f,0.9059f,1.0764f,-0.965f,-0.1f,0.2426f,1.2728f,0.1826f,-0.9199f,0.3471f,-0.491f,0f,0f,0f,1f],start_interpolation: 0,interpolation_duration: 1}
$data merge entity $(leftarm) {transformation: [-0.9461f,-0.2142f,0.243f,0.7548f,-0.2446f,0.9642f,-0.1024f,1.7046f,-0.2123f,-0.1563f,-0.9646f,-0.5854f,0f,0f,0f,1f],start_interpolation: 0,interpolation_duration: 1}
$data merge entity $(rightthumb2) {transformation: [0.1135f,-0.5776f,-0.8084f,-0.7317f,0.9696f,-0.1131f,0.2169f,1.698f,-0.2167f,-0.8084f,0.5473f,0.6513f,0f,0f,0f,1f],start_interpolation: 0,interpolation_duration: 1}
$data merge entity $(rightthumb) {transformation: [0.1135f,-0.5776f,-0.8084f,-0.9425f,0.9696f,-0.1131f,0.2169f,1.6888f,-0.2167f,-0.8084f,0.5473f,0.4998f,0f,0f,0f,1f],start_interpolation: 0,interpolation_duration: 1}
$data merge entity $(rightpointerfinger) {transformation: [-0.8804f,-0.4688f,-0.0712f,-1.0519f,0.1636f,-0.1595f,-0.9735f,1.7222f,0.4451f,-0.8688f,0.2171f,0.8295f,0f,0f,0f,1f],start_interpolation: 0,interpolation_duration: 1}
$data merge entity $(rightmidfinger) {transformation: [-0.8804f,-0.4688f,-0.0712f,-1.063f,0.1636f,-0.1595f,-0.9735f,1.5701f,0.4451f,-0.8688f,0.2171f,0.8634f,0f,0f,0f,1f],start_interpolation: 0,interpolation_duration: 1}
$data merge entity $(rightringfinger) {transformation: [-0.8804f,-0.4688f,-0.0712f,-1.0742f,0.1636f,-0.1595f,-0.9735f,1.418f,0.4451f,-0.8688f,0.2171f,0.8974f,0f,0f,0f,1f],start_interpolation: 0,interpolation_duration: 1}
$data merge entity $(hugeasssword) {transformation: [-3.9066f,-0.0354f,-0.2788f,-0.7988f,0.2798f,-0.85f,-3.8131f,1.5223f,-0.026f,-3.8232f,0.8503f,0.6635f,0f,0f,0f,1f],start_interpolation: 0,interpolation_duration: 1}
$data merge entity $(whey) {transformation: [-0.9974f,0.0675f,-0.0242f,-0.6165f,0.0715f,0.9035f,-0.4226f,1.6672f,-0.0066f,-0.4232f,-0.906f,0.7256f,0f,0f,0f,1f],start_interpolation: 0,interpolation_duration: 1}
$data merge entity $(ice) {transformation: [-0.9974f,-0.009f,-0.0712f,-0.7831f,0.0715f,-0.217f,-0.9735f,1.5245f,-0.0066f,-0.9761f,0.2171f,0.6789f,0f,0f,0f,1f],start_interpolation: 0,interpolation_duration: 1}
$data merge entity $(righthand1) {transformation: [-0.9974f,-0.009f,-0.0712f,-1.0369f,0.0715f,-0.217f,-0.9735f,1.4577f,-0.0066f,-0.9761f,0.2171f,0.44f,0f,0f,0f,1f],start_interpolation: 0,interpolation_duration: 1}
$data merge entity $(rightforearm) {transformation: [-0.9974f,-0.009f,-0.0712f,-0.9799f,0.0715f,-0.217f,-0.9735f,1.3159f,-0.0066f,-0.9761f,0.2171f,-0.2493f,0f,0f,0f,1f],start_interpolation: 0,interpolation_duration: 1}
$data merge entity $(rightelbow) {transformation: [-0.9974f,-0.009f,-0.0712f,-0.9815f,0.0715f,-0.217f,-0.9735f,1.2752f,-0.0066f,-0.9761f,0.2171f,-0.4324f,0f,0f,0f,1f],start_interpolation: 0,interpolation_duration: 1}
$data merge entity $(rightarm) {transformation: [-0.9947f,0.048f,0.0906f,-0.7428f,-0.0129f,0.8184f,-0.5745f,1.7051f,-0.1018f,-0.5727f,-0.8135f,-0.671f,0f,0f,0f,1f],start_interpolation: 0,interpolation_duration: 1}
$data merge entity $(chest1) {transformation: [-1.0816f,-0.0092f,0.0611f,0.0112f,0.0004f,1.0701f,0.1686f,1.5636f,-0.0618f,0.1683f,-1.0684f,-0.7618f,0f,0f,0f,1f],start_interpolation: 0,interpolation_duration: 1}
$data merge entity $(chest1lid) {transformation: [-0.9984f,-0.0085f,0.0564f,-0.3459f,0.0004f,0.9878f,0.1556f,0.8277f,-0.0571f,0.1554f,-0.9862f,-0.5016f,0f,0f,0f,1f],start_interpolation: 0,interpolation_duration: 1}
$data merge entity $(chest2) {transformation: [-0.9984f,-0.0085f,0.0564f,-0.3446f,0.0004f,0.9878f,0.1556f,0.6734f,-0.0571f,0.1554f,-0.9862f,-0.5259f,0f,0f,0f,1f],start_interpolation: 0,interpolation_duration: 1}
$data merge entity $(chest1lid3) {transformation: [-0.9984f,-0.0085f,0.0564f,-0.2473f,0.0004f,0.9878f,0.1556f,0.9274f,-0.0571f,0.1554f,-0.9862f,-1.1298f,0f,0f,0f,1f],start_interpolation: 0,interpolation_duration: 1}
$data merge entity $(chest3) {transformation: [-0.9984f,-0.0085f,0.0564f,-0.246f,0.0004f,0.9878f,0.1556f,0.7731f,-0.0571f,0.1554f,-0.9862f,-1.1541f,0f,0f,0f,1f],start_interpolation: 0,interpolation_duration: 1}
$data merge entity $(hugeasssword2) {transformation: [-0.221f,2.8604f,-2.6663f,-1.2137f,-0.6095f,2.6127f,2.8535f,2.7515f,3.8626f,0.5759f,0.2977f,-0.9131f,0f,0f,0f,1f],start_interpolation: 0,interpolation_duration: 1}
$data merge entity $(belt) {transformation: [-0.9984f,-0.0085f,0.0564f,0.0392f,0.0004f,0.9878f,0.1556f,1.1498f,-0.0571f,0.1554f,-0.9862f,-0.6928f,0f,0f,0f,1f],start_interpolation: 0,interpolation_duration: 1}
$data merge entity $(torn_part) {transformation: [-0.9987f,-0.0087f,0.0506f,-0.0831f,0.008f,0.9473f,0.3204f,0.8786f,-0.0507f,0.3203f,-0.9459f,-0.7288f,0f,0f,0f,1f],start_interpolation: 0,interpolation_duration: 1}
$data merge entity $(lowerbody) {transformation: [-0.9987f,0.0069f,0.0509f,0.0039f,0.008f,0.9998f,0.0207f,0.3867f,-0.0507f,0.0211f,-0.9985f,-0.5937f,0f,0f,0f,1f],start_interpolation: 0,interpolation_duration: 1}
execute on vehicle unless entity @s[tag=aj.transforms_only] positioned ^-0.2309875035 ^1.9083244063 ^0.6727635695 rotated ~179.9382841158 ~14.7624705681 run function animated_java:wander/animations/sit_eat/zzz/frames/122_locator_soup
data modify entity @s data merge value {"cameras":{},"locators":{"soup":{"px":-0.2309875035361878,"py":1.9083244062635745,"pz":0.6727635694587445,"ry":179.93828411575709,"rx":14.762470568111127},"lefthand":{"px":0.4745189932705049,"py":1.462494288490665,"pz":0.567212968339167,"ry":244.97100111256776,"rx":-81.3736952709094},"sword":{"px":-0.6128544119545812,"py":5.139790947879726,"pz":-0.11045391952901196,"ry":198.1538140451642,"rx":-76.79254397087408},"righthand":{"px":-0.8753547650503405,"py":1.54982835099737,"pz":0.6901198544670445,"ry":198.1538140451642,"rx":-76.79254397087408},"chest":{"px":-0.3853656752549538,"py":0.7417064415342831,"pz":-0.3589729379832026,"ry":3.2741574275971743,"rx":8.95280628642969}}}