# This file was generated by Animated Java via MC-Build. It is not recommended to edit this file directly.
$data merge entity $(nose) {transformation: [-0.9984f,0.003f,0.0556f,-0.0043f,0.0024f,0.9999f,-0.0112f,2.3243f,-0.0557f,-0.011f,-0.9984f,-0.3862f,0f,0f,0f,1f],start_interpolation: 0,interpolation_duration: 1}
$data merge entity $(glowing_eye) {transformation: [-0.9984f,0.003f,0.0556f,-0.1309f,0.0024f,0.9999f,-0.0112f,2.3927f,-0.0557f,-0.011f,-0.9984f,-0.3591f,0f,0f,0f,1f],start_interpolation: 0,interpolation_duration: 1}
$data merge entity $(head) {transformation: [-0.9984f,0.003f,0.0556f,0.0057f,0.0024f,0.9999f,-0.0112f,2.1987f,-0.0557f,-0.011f,-0.9984f,-0.5718f,0f,0f,0f,1f],start_interpolation: 0,interpolation_duration: 1}
$data merge entity $(leftthumb2) {transformation: [-0.2833f,0.6289f,0.724f,0.4464f,-0.8429f,-0.5234f,0.1248f,1.8493f,0.4575f,-0.5749f,0.6784f,0.4381f,0f,0f,0f,1f],start_interpolation: 0,interpolation_duration: 1}
$data merge entity $(leftthumb) {transformation: [-0.2833f,0.6289f,0.724f,0.6625f,-0.8429f,-0.5234f,0.1248f,1.7316f,0.4575f,-0.5749f,0.6784f,0.355f,0f,0f,0f,1f],start_interpolation: 0,interpolation_duration: 1}
$data merge entity $(leftpointerfinger) {transformation: [-0.9137f,0.3697f,-0.1689f,0.6332f,0.105f,-0.1866f,-0.9768f,1.7355f,-0.3927f,-0.9102f,0.1316f,0.7028f,0f,0f,0f,1f],start_interpolation: 0,interpolation_duration: 1}
$data merge entity $(leftmidfinger) {transformation: [-0.9137f,0.3697f,-0.1689f,0.6068f,0.105f,-0.1866f,-0.9768f,1.5829f,-0.3927f,-0.9102f,0.1316f,0.7234f,0f,0f,0f,1f],start_interpolation: 0,interpolation_duration: 1}
$data merge entity $(leftringfinger) {transformation: [-0.9137f,0.3697f,-0.1689f,0.5804f,0.105f,-0.1866f,-0.9768f,1.4303f,-0.3927f,-0.9102f,0.1316f,0.7439f,0f,0f,0f,1f],start_interpolation: 0,interpolation_duration: 1}
$data merge entity $(invisibility) {transformation: [0.3536f,0.2005f,0.9137f,0.5076f,-0.271f,0.9568f,-0.105f,1.7654f,-0.8953f,-0.2104f,0.3927f,0.5255f,0f,0f,0f,1f],start_interpolation: 0,interpolation_duration: 1}
$data merge entity $(swiftness) {transformation: [-0.1689f,0.3697f,0.9137f,0.3782f,-0.9768f,-0.1866f,-0.105f,1.6129f,0.1316f,-0.9102f,0.3927f,0.653f,0f,0f,0f,1f],start_interpolation: 0,interpolation_duration: 1}
$data merge entity $(suspicious_stew) {transformation: [1.9723f,0.3887f,-0.0017f,-0.2924f,-0.3596f,1.8281f,0.755f,1.7131f,0.1475f,-0.7404f,1.8631f,0.7811f,0f,0f,0f,1f],start_interpolation: 0,interpolation_duration: 1}
$data merge entity $(log) {transformation: [-0.9137f,0.3697f,-0.1689f,0.4112f,0.105f,-0.1866f,-0.9768f,1.5317f,-0.3927f,-0.9102f,0.1316f,0.4484f,0f,0f,0f,1f],start_interpolation: 0,interpolation_duration: 1}
$data merge entity $(planks) {transformation: [-0.9137f,0.3697f,-0.1689f,0.3256f,0.105f,-0.1866f,-0.9768f,1.5415f,-0.3927f,-0.9102f,0.1316f,0.4116f,0f,0f,0f,1f],start_interpolation: 0,interpolation_duration: 1}
$data merge entity $(lefthand1) {transformation: [-0.9137f,0.3697f,-0.1689f,0.7373f,0.105f,-0.1866f,-0.9768f,1.4893f,-0.3927f,-0.9102f,0.1316f,0.315f,0f,0f,0f,1f],start_interpolation: 0,interpolation_duration: 1}
$data merge entity $(leftforearm) {transformation: [0.1543f,0.3819f,0.9112f,1.0013f,-0.9554f,-0.1772f,0.2361f,1.3013f,0.2516f,-0.9071f,0.3375f,-0.3124f,0f,0f,0f,1f],start_interpolation: 0,interpolation_duration: 1}
$data merge entity $(leftelbow) {transformation: [0.1543f,0.3819f,0.9112f,1.0729f,-0.9554f,-0.1772f,0.2361f,1.2681f,0.2516f,-0.9071f,0.3375f,-0.4824f,0f,0f,0f,1f],start_interpolation: 0,interpolation_duration: 1}
$data merge entity $(leftarm) {transformation: [-0.9509f,-0.2025f,0.234f,0.7563f,-0.2354f,0.9642f,-0.122f,1.7025f,-0.2009f,-0.1711f,-0.9646f,-0.5818f,0f,0f,0f,1f],start_interpolation: 0,interpolation_duration: 1}
$data merge entity $(rightthumb2) {transformation: [0.114f,-0.5844f,-0.8034f,-0.7219f,0.9465f,-0.1818f,0.2666f,1.7945f,-0.3018f,-0.7908f,0.5324f,0.6179f,0f,0f,0f,1f],start_interpolation: 0,interpolation_duration: 1}
$data merge entity $(rightthumb) {transformation: [0.114f,-0.5844f,-0.8034f,-0.9339f,0.9465f,-0.1818f,0.2666f,1.7727f,-0.3018f,-0.7908f,0.5324f,0.4695f,0f,0f,0f,1f],start_interpolation: 0,interpolation_duration: 1}
$data merge entity $(rightpointerfinger) {transformation: [-0.8764f,-0.476f,-0.0732f,-1.0409f,0.2059f,-0.2329f,-0.9505f,1.8353f,0.4354f,-0.848f,0.3021f,0.7958f,0f,0f,0f,1f],start_interpolation: 0,interpolation_duration: 1}
$data merge entity $(rightmidfinger) {transformation: [-0.8764f,-0.476f,-0.0732f,-1.0523f,0.2059f,-0.2329f,-0.9505f,1.6868f,0.4354f,-0.848f,0.3021f,0.843f,0f,0f,0f,1f],start_interpolation: 0,interpolation_duration: 1}
$data merge entity $(rightringfinger) {transformation: [-0.8764f,-0.476f,-0.0732f,-1.0637f,0.2059f,-0.2329f,-0.9505f,1.5383f,0.4354f,-0.848f,0.3021f,0.8902f,0f,0f,0f,1f],start_interpolation: 0,interpolation_duration: 1}
$data merge entity $(hugeasssword) {transformation: [-3.9056f,-0.0661f,-0.2866f,-0.7897f,0.2931f,-1.1818f,-3.7226f,1.6205f,-0.0237f,-3.7335f,1.1834f,0.6462f,0f,0f,0f,1f],start_interpolation: 0,interpolation_duration: 1}
$data merge entity $(whey) {transformation: [-0.9972f,0.0678f,-0.0323f,-0.6065f,0.0748f,0.8626f,-0.5003f,1.7696f,-0.006f,-0.5013f,-0.8653f,0.6942f,0f,0f,0f,1f],start_interpolation: 0,interpolation_duration: 1}
$data merge entity $(ice) {transformation: [-0.9972f,-0.0169f,-0.0732f,-0.7739f,0.0748f,-0.3017f,-0.9505f,1.624f,-0.006f,-0.9532f,0.3021f,0.6612f,0f,0f,0f,1f],start_interpolation: 0,interpolation_duration: 1}
$data merge entity $(righthand1) {transformation: [-0.9972f,-0.0169f,-0.0732f,-1.0297f,0.0748f,-0.3017f,-0.9505f,1.5376f,-0.006f,-0.9532f,0.3021f,0.4308f,0f,0f,0f,1f],start_interpolation: 0,interpolation_duration: 1}
$data merge entity $(rightforearm) {transformation: [-0.9972f,-0.0169f,-0.0732f,-0.9781f,0.0748f,-0.3017f,-0.9505f,1.3356f,-0.006f,-0.9532f,0.3021f,-0.2438f,0f,0f,0f,1f],start_interpolation: 0,interpolation_duration: 1}
$data merge entity $(rightelbow) {transformation: [-0.9972f,-0.0169f,-0.0732f,-0.9812f,0.0748f,-0.3017f,-0.9505f,1.2791f,-0.006f,-0.9532f,0.3021f,-0.4225f,0f,0f,0f,1f],start_interpolation: 0,interpolation_duration: 1}
$data merge entity $(rightarm) {transformation: [-0.9949f,0.0499f,0.0878f,-0.7414f,-0.0106f,0.813f,-0.5821f,1.7061f,-0.1004f,-0.5801f,-0.8083f,-0.6653f,0f,0f,0f,1f],start_interpolation: 0,interpolation_duration: 1}
$data merge entity $(chest1) {transformation: [-1.0817f,-0.0071f,0.0599f,0.0123f,0.0026f,1.0692f,0.1741f,1.5638f,-0.0603f,0.174f,-1.0676f,-0.7579f,0f,0f,0f,1f],start_interpolation: 0,interpolation_duration: 1}
$data merge entity $(chest1lid) {transformation: [-0.9984f,-0.0066f,0.0553f,-0.3458f,0.0024f,0.987f,0.1607f,0.8271f,-0.0557f,0.1606f,-0.9854f,-0.501f,0f,0f,0f,1f],start_interpolation: 0,interpolation_duration: 1}
$data merge entity $(chest2) {transformation: [-0.9984f,-0.0066f,0.0553f,-0.3448f,0.0024f,0.987f,0.1607f,0.6729f,-0.0557f,0.1606f,-0.9854f,-0.5261f,0f,0f,0f,1f],start_interpolation: 0,interpolation_duration: 1}
$data merge entity $(chest1lid3) {transformation: [-0.9984f,-0.0066f,0.0553f,-0.2479f,0.0024f,0.987f,0.1607f,0.93f,-0.0557f,0.1606f,-0.9854f,-1.1289f,0f,0f,0f,1f],start_interpolation: 0,interpolation_duration: 1}
$data merge entity $(chest3) {transformation: [-0.9984f,-0.0066f,0.0553f,-0.2469f,0.0024f,0.987f,0.1607f,0.7757f,-0.0557f,0.1606f,-0.9854f,-1.154f,0f,0f,0f,1f],start_interpolation: 0,interpolation_duration: 1}
$data merge entity $(hugeasssword2) {transformation: [-0.2167f,2.8658f,-2.661f,-1.2109f,-0.6296f,2.6047f,2.8564f,2.7545f,3.8597f,0.5858f,0.3165f,-0.9012f,0f,0f,0f,1f],start_interpolation: 0,interpolation_duration: 1}
$data merge entity $(belt) {transformation: [-0.9984f,-0.0066f,0.0553f,0.0396f,0.0024f,0.987f,0.1607f,1.1495f,-0.0557f,0.1606f,-0.9854f,-0.6911f,0f,0f,0f,1f],start_interpolation: 0,interpolation_duration: 1}
$data merge entity $(torn_part) {transformation: [-0.9987f,-0.0088f,0.0508f,-0.0831f,0.008f,0.9467f,0.3219f,0.8788f,-0.051f,0.3219f,-0.9454f,-0.728f,0f,0f,0f,1f],start_interpolation: 0,interpolation_duration: 1}
$data merge entity $(lowerbody) {transformation: [-0.9987f,0.0069f,0.0511f,0.0039f,0.008f,0.9997f,0.0223f,0.3867f,-0.051f,0.0227f,-0.9984f,-0.5937f,0f,0f,0f,1f],start_interpolation: 0,interpolation_duration: 1}
execute on vehicle unless entity @s[tag=aj.transforms_only] positioned ^-0.225502046 ^2.0037255954 ^0.5956289778 rotated ~180.0515864492 ~22.0587025514 run function animated_java:wander/animations/sit_eat/zzz/frames/123_locator_soup
data modify entity @s data merge value {"cameras":{},"locators":{"soup":{"px":-0.2255020460034552,"py":2.003725595356115,"pz":0.5956289778386756,"ry":180.0515864491906,"rx":22.05870255143246},"lefthand":{"px":0.47062066551136694,"py":1.5516860010290825,"pz":0.5543139610920791,"ry":232.06998051077474,"rx":-77.63764317981966},"sword":{"px":-0.5961394762124379,"py":5.155411529231122,"pz":-0.44329696470114377,"ry":193.6136697700365,"rx":-71.8883122818593},"righthand":{"px":-0.8659567644310351,"py":1.650618535706697,"pz":0.670830924511073,"ry":193.6136697700365,"rx":-71.8883122818593},"chest":{"px":-0.38521677172020097,"py":0.7404071297483165,"pz":-0.35885130063780646,"ry":3.2134152411289847,"rx":9.250207952074943}}}