# This file was generated by Animated Java via MC-Build. It is not recommended to edit this file directly.
$data merge entity $(nose) {transformation: [-0.9985f,0.0108f,0.0534f,-0.0007f,0.0042f,0.9927f,-0.1209f,2.3435f,-0.0543f,-0.1205f,-0.9912f,-0.3959f,0f,0f,0f,1f],start_interpolation: 0,interpolation_duration: 1}
$data merge entity $(glowing_eye) {transformation: [-0.9985f,0.0108f,0.0534f,-0.1267f,0.0042f,0.9927f,-0.1209f,2.4155f,-0.0543f,-0.1205f,-0.9912f,-0.3763f,0f,0f,0f,1f],start_interpolation: 0,interpolation_duration: 1}
$data merge entity $(head) {transformation: [-0.9985f,0.0108f,0.0534f,0.008f,0.0042f,0.9927f,-0.1209f,2.1983f,-0.0543f,-0.1205f,-0.9912f,-0.5667f,0f,0f,0f,1f],start_interpolation: 0,interpolation_duration: 1}
$data merge entity $(leftthumb2) {transformation: [-0.3147f,0.6144f,0.7235f,0.4576f,-0.7933f,-0.5888f,0.155f,1.9399f,0.5212f,-0.5252f,0.6727f,0.3911f,0f,0f,0f,1f],start_interpolation: 0,interpolation_duration: 1}
$data merge entity $(leftthumb) {transformation: [-0.3147f,0.6144f,0.7235f,0.6702f,-0.7933f,-0.5888f,0.155f,1.8088f,0.5212f,-0.5252f,0.6727f,0.3198f,0f,0f,0f,1f],start_interpolation: 0,interpolation_duration: 1}
$data merge entity $(leftpointerfinger) {transformation: [-0.907f,0.3684f,-0.2041f,0.6389f,0.1043f,-0.273f,-0.9563f,1.8421f,-0.4081f,-0.8887f,0.2092f,0.6658f,0f,0f,0f,1f],start_interpolation: 0,interpolation_duration: 1}
$data merge entity $(leftmidfinger) {transformation: [-0.907f,0.3684f,-0.2041f,0.607f,0.1043f,-0.273f,-0.9563f,1.6927f,-0.4081f,-0.8887f,0.2092f,0.6985f,0f,0f,0f,1f],start_interpolation: 0,interpolation_duration: 1}
$data merge entity $(leftringfinger) {transformation: [-0.907f,0.3684f,-0.2041f,0.5751f,0.1043f,-0.273f,-0.9563f,1.5433f,-0.4081f,-0.8887f,0.2092f,0.7312f,0f,0f,0f,1f],start_interpolation: 0,interpolation_duration: 1}
$data merge entity $(invisibility) {transformation: [0.3493f,0.2354f,0.907f,0.5155f,-0.3553f,0.9289f,-0.1043f,1.8617f,-0.8671f,-0.2858f,0.4081f,0.4856f,0f,0f,0f,1f],start_interpolation: 0,interpolation_duration: 1}
$data merge entity $(swiftness) {transformation: [-0.2041f,0.3684f,0.907f,0.3801f,-0.9563f,-0.273f,-0.1043f,1.7248f,0.2092f,-0.8887f,0.4081f,0.6239f,0f,0f,0f,1f],start_interpolation: 0,interpolation_duration: 1}
$data merge entity $(suspicious_stew) {transformation: [1.975f,0.412f,0.0039f,-0.2855f,-0.3573f,1.7029f,1.0211f,1.8407f,0.2052f,-1.0003f,1.74f,0.729f,0f,0f,0f,1f],start_interpolation: 0,interpolation_duration: 1}
$data merge entity $(log) {transformation: [-0.907f,0.3684f,-0.2041f,0.4114f,0.1043f,-0.273f,-0.9563f,1.626f,-0.4081f,-0.8887f,0.2092f,0.4269f,0f,0f,0f,1f],start_interpolation: 0,interpolation_duration: 1}
$data merge entity $(planks) {transformation: [-0.907f,0.3684f,-0.2041f,0.3264f,0.1043f,-0.273f,-0.9563f,1.6358f,-0.4081f,-0.8887f,0.2092f,0.3886f,0f,0f,0f,1f],start_interpolation: 0,interpolation_duration: 1}
$data merge entity $(lefthand1) {transformation: [-0.907f,0.3684f,-0.2041f,0.7367f,0.1043f,-0.273f,-0.9563f,1.5616f,-0.4081f,-0.8887f,0.2092f,0.3002f,0f,0f,0f,1f],start_interpolation: 0,interpolation_duration: 1}
$data merge entity $(leftforearm) {transformation: [0.1179f,0.3809f,0.9171f,0.9975f,-0.9366f,-0.2642f,0.2301f,1.3137f,0.3299f,-0.8861f,0.3256f,-0.3073f,0f,0f,0f,1f],start_interpolation: 0,interpolation_duration: 1}
$data merge entity $(leftelbow) {transformation: [0.1179f,0.3809f,0.9171f,1.0689f,-0.9366f,-0.2642f,0.2301f,1.2642f,0.3299f,-0.8861f,0.3256f,-0.4734f,0f,0f,0f,1f],start_interpolation: 0,interpolation_duration: 1}
$data merge entity $(leftarm) {transformation: [-0.9559f,-0.1903f,0.2237f,0.7577f,-0.2259f,0.9632f,-0.1459f,1.7009f,-0.1876f,-0.19f,-0.9637f,-0.5794f,0f,0f,0f,1f],start_interpolation: 0,interpolation_duration: 1}
$data merge entity $(rightthumb2) {transformation: [0.1131f,-0.5923f,-0.7978f,-0.7112f,0.9112f,-0.2583f,0.321f,1.9002f,-0.3962f,-0.7632f,0.5104f,0.5687f,0f,0f,0f,1f],start_interpolation: 0,interpolation_duration: 1}
$data merge entity $(rightthumb) {transformation: [0.1131f,-0.5923f,-0.7978f,-0.9246f,0.9112f,-0.2583f,0.321f,1.8643f,-0.3962f,-0.7632f,0.5104f,0.4252f,0f,0f,0f,1f],start_interpolation: 0,interpolation_duration: 1}
$data merge entity $(rightpointerfinger) {transformation: [-0.8718f,-0.4842f,-0.0742f,-1.0287f,0.2525f,-0.3144f,-0.9151f,1.9597f,0.4197f,-0.8165f,0.3964f,0.7444f,0f,0f,0f,1f],start_interpolation: 0,interpolation_duration: 1}
$data merge entity $(rightmidfinger) {transformation: [-0.8718f,-0.4842f,-0.0742f,-1.0403f,0.2525f,-0.3144f,-0.9151f,1.8167f,0.4197f,-0.8165f,0.3964f,0.8063f,0f,0f,0f,1f],start_interpolation: 0,interpolation_duration: 1}
$data merge entity $(rightringfinger) {transformation: [-0.8718f,-0.4842f,-0.0742f,-1.0519f,0.2525f,-0.3144f,-0.9151f,1.6738f,0.4197f,-0.8165f,0.3964f,0.8682f,0f,0f,0f,1f],start_interpolation: 0,interpolation_duration: 1}
$data merge entity $(hugeasssword) {transformation: [-3.9046f,-0.1009f,-0.2905f,-0.7795f,0.3067f,-1.5494f,-3.5841f,1.7299f,-0.0226f,-3.5958f,1.5525f,0.6152f,0f,0f,0f,1f],start_interpolation: 0,interpolation_duration: 1}
$data merge entity $(whey) {transformation: [-0.9969f,0.0668f,-0.0412f,-0.5953f,0.0783f,0.8078f,-0.5843f,1.8822f,-0.0058f,-0.5857f,-0.8105f,0.6465f,0f,0f,0f,1f],start_interpolation: 0,interpolation_duration: 1}
$data merge entity $(ice) {transformation: [-0.9969f,-0.0258f,-0.0742f,-0.7636f,0.0783f,-0.3956f,-0.9151f,1.7348f,-0.0058f,-0.9181f,0.3964f,0.6296f,0f,0f,0f,1f],start_interpolation: 0,interpolation_duration: 1}
$data merge entity $(righthand1) {transformation: [-0.9969f,-0.0258f,-0.0742f,-1.0215f,0.0783f,-0.3956f,-0.9151f,1.6269f,-0.0058f,-0.9181f,0.3964f,0.411f,0f,0f,0f,1f],start_interpolation: 0,interpolation_duration: 1}
$data merge entity $(rightforearm) {transformation: [-0.9969f,-0.0258f,-0.0742f,-0.9762f,0.0783f,-0.3956f,-0.9151f,1.3582f,-0.0058f,-0.9181f,0.3964f,-0.2403f,0f,0f,0f,1f],start_interpolation: 0,interpolation_duration: 1}
$data merge entity $(rightelbow) {transformation: [-0.9969f,-0.0258f,-0.0742f,-0.981f,0.0783f,-0.3956f,-0.9151f,1.284f,-0.0058f,-0.9181f,0.3964f,-0.4125f,0f,0f,0f,1f],start_interpolation: 0,interpolation_duration: 1}
$data merge entity $(rightarm) {transformation: [-0.995f,0.0518f,0.085f,-0.7401f,-0.0086f,0.8056f,-0.5924f,1.7072f,-0.0991f,-0.5902f,-0.8012f,-0.6608f,0f,0f,0f,1f],start_interpolation: 0,interpolation_duration: 1}
$data merge entity $(chest1) {transformation: [-1.0817f,-0.0051f,0.0588f,0.0132f,0.0046f,1.0686f,0.1777f,1.564f,-0.0588f,0.1777f,-1.067f,-0.7549f,0f,0f,0f,1f],start_interpolation: 0,interpolation_duration: 1}
$data merge entity $(chest1lid) {transformation: [-0.9985f,-0.0047f,0.0543f,-0.3457f,0.0042f,0.9864f,0.1641f,0.8271f,-0.0543f,0.164f,-0.985f,-0.5002f,0f,0f,0f,1f],start_interpolation: 0,interpolation_duration: 1}
$data merge entity $(chest2) {transformation: [-0.9985f,-0.0047f,0.0543f,-0.345f,0.0042f,0.9864f,0.1641f,0.6729f,-0.0543f,0.164f,-0.985f,-0.5258f,0f,0f,0f,1f],start_interpolation: 0,interpolation_duration: 1}
$data merge entity $(chest1lid3) {transformation: [-0.9985f,-0.0047f,0.0543f,-0.2485f,0.0042f,0.9864f,0.1641f,0.9319f,-0.0543f,0.164f,-0.985f,-1.1278f,0f,0f,0f,1f],start_interpolation: 0,interpolation_duration: 1}
$data merge entity $(chest3) {transformation: [-0.9985f,-0.0047f,0.0543f,-0.2478f,0.0042f,0.9864f,0.1641f,0.7778f,-0.0543f,0.164f,-0.985f,-1.1534f,0f,0f,0f,1f],start_interpolation: 0,interpolation_duration: 1}
$data merge entity $(hugeasssword2) {transformation: [-0.2126f,2.8708f,-2.6558f,-1.2082f,-0.6425f,2.598f,2.8597f,2.7572f,3.8578f,0.5909f,0.33f,-0.8925f,0f,0f,0f,1f],start_interpolation: 0,interpolation_duration: 1}
$data merge entity $(belt) {transformation: [-0.9985f,-0.0047f,0.0543f,0.04f,0.0042f,0.9864f,0.1641f,1.1494f,-0.0543f,0.164f,-0.985f,-0.6896f,0f,0f,0f,1f],start_interpolation: 0,interpolation_duration: 1}
$data merge entity $(torn_part) {transformation: [-0.9987f,-0.0089f,0.051f,-0.0831f,0.0081f,0.9462f,0.3235f,0.879f,-0.0511f,0.3235f,-0.9448f,-0.7272f,0f,0f,0f,1f],start_interpolation: 0,interpolation_duration: 1}
$data merge entity $(lowerbody) {transformation: [-0.9987f,0.0068f,0.0513f,0.0039f,0.0081f,0.9997f,0.024f,0.3867f,-0.0511f,0.0244f,-0.9984f,-0.5937f,0f,0f,0f,1f],start_interpolation: 0,interpolation_duration: 1}
execute on vehicle unless entity @s[tag=aj.transforms_only] positioned ^-0.2148453287 ^2.1014657773 ^0.5027152357 rotated ~179.8707877288 ~30.4055829445 run function animated_java:wander/animations/sit_eat/zzz/frames/124_locator_soup
data modify entity @s data merge value {"cameras":{},"locators":{"soup":{"px":-0.21484532870260803,"py":2.1014657772824696,"pz":0.5027152357397097,"ry":179.8707877288243,"rx":30.40558294445564},"lefthand":{"px":0.470873532764185,"py":1.6524983487456717,"pz":0.5313173104596473,"ry":224.29615590961623,"rx":-73.00861555730677},"sword":{"px":-0.5819737522148675,"py":5.137049290523536,"pz":-0.8244414327218887,"ry":190.5977990558825,"rx":-66.21796197023707},"righthand":{"px":-0.8554561146464067,"py":1.7626691768201583,"pz":0.6372091738466061,"ry":190.5977990558825,"rx":-66.21796197023707},"chest":{"px":-0.38509785380625855,"py":0.7398978222258679,"pz":-0.35820706837344496,"ry":3.153793796601718,"rx":9.44218297238508}}}