# This file was generated by Animated Java via MC-Build. It is not recommended to edit this file directly.
$data merge entity $(nose) {transformation: [-0.9986f,0.0235f,0.0469f,0.0059f,0.0071f,0.9465f,-0.3227f,2.3763f,-0.0519f,-0.322f,-0.9453f,-0.4273f,0f,0f,0f,1f],start_interpolation: 0,interpolation_duration: 1}
$data merge entity $(glowing_eye) {transformation: [-0.9986f,0.0235f,0.0469f,-0.1189f,0.0071f,0.9465f,-0.3227f,2.4526f,-0.0519f,-0.322f,-0.9453f,-0.4226f,0f,0f,0f,1f],start_interpolation: 0,interpolation_duration: 1}
$data merge entity $(head) {transformation: [-0.9986f,0.0235f,0.0469f,0.0118f,0.0071f,0.9465f,-0.3227f,2.199f,-0.0519f,-0.322f,-0.9453f,-0.5645f,0f,0f,0f,1f],start_interpolation: 0,interpolation_duration: 1}
$data merge entity $(leftthumb2) {transformation: [-0.37f,0.5776f,0.7276f,0.4931f,-0.6654f,-0.7113f,0.2262f,2.121f,0.6483f,-0.4005f,0.6476f,0.2616f,0f,0f,0f,1f],start_interpolation: 0,interpolation_duration: 1}
$data merge entity $(leftthumb) {transformation: [-0.37f,0.5776f,0.7276f,0.6969f,-0.6654f,-0.7113f,0.2262f,1.9659f,0.6483f,-0.4005f,0.6476f,0.2187f,0f,0f,0f,1f],start_interpolation: 0,interpolation_duration: 1}
$data merge entity $(leftpointerfinger) {transformation: [-0.895f,0.3536f,-0.2718f,0.666f,0.0898f,-0.4541f,-0.8864f,2.0635f,-0.4369f,-0.8178f,0.3747f,0.5524f,0f,0f,0f,1f],start_interpolation: 0,interpolation_duration: 1}
$data merge entity $(leftmidfinger) {transformation: [-0.895f,0.3536f,-0.2718f,0.6236f,0.0898f,-0.4541f,-0.8864f,1.925f,-0.4369f,-0.8178f,0.3747f,0.6109f,0f,0f,0f,1f],start_interpolation: 0,interpolation_duration: 1}
$data merge entity $(leftringfinger) {transformation: [-0.895f,0.3536f,-0.2718f,0.5811f,0.0898f,-0.4541f,-0.8864f,1.7865f,-0.4369f,-0.8178f,0.3747f,0.6694f,0f,0f,0f,1f],start_interpolation: 0,interpolation_duration: 1}
$data merge entity $(invisibility) {transformation: [0.3286f,0.3016f,0.895f,0.5454f,-0.5296f,0.8435f,-0.0898f,2.0584f,-0.782f,-0.4445f,0.4369f,0.3693f,0f,0f,0f,1f],start_interpolation: 0,interpolation_duration: 1}
$data merge entity $(swiftness) {transformation: [-0.2718f,0.3536f,0.895f,0.3999f,-0.8864f,-0.4541f,-0.0898f,1.9584f,0.3747f,-0.8178f,0.4369f,0.5275f,0f,0f,0f,1f],start_interpolation: 0,interpolation_duration: 1}
$data merge entity $(suspicious_stew) {transformation: [1.9867f,0.4433f,0.0449f,-0.2554f,-0.3252f,1.3022f,1.531f,2.0965f,0.3046f,-1.5011f,1.3415f,0.5872f,0f,0f,0f,1f],start_interpolation: 0,interpolation_duration: 1}
$data merge entity $(log) {transformation: [-0.895f,0.3536f,-0.2718f,0.4254f,0.0898f,-0.4541f,-0.8864f,1.8236f,-0.4369f,-0.8178f,0.3747f,0.3523f,0f,0f,0f,1f],start_interpolation: 0,interpolation_duration: 1}
$data merge entity $(planks) {transformation: [-0.895f,0.3536f,-0.2718f,0.3415f,0.0898f,-0.4541f,-0.8864f,1.832f,-0.4369f,-0.8178f,0.3747f,0.3113f,0f,0f,0f,1f],start_interpolation: 0,interpolation_duration: 1}
$data merge entity $(lefthand1) {transformation: [-0.895f,0.3536f,-0.2718f,0.746f,0.0898f,-0.4541f,-0.8864f,1.7153f,-0.4369f,-0.8178f,0.3747f,0.2453f,0f,0f,0f,1f],start_interpolation: 0,interpolation_duration: 1}
$data merge entity $(leftforearm) {transformation: [0.0477f,0.3665f,0.9292f,0.9922f,-0.8672f,-0.4464f,0.2206f,1.3438f,0.4956f,-0.8163f,0.2966f,-0.3023f,0f,0f,0f,1f],start_interpolation: 0,interpolation_duration: 1}
$data merge entity $(leftelbow) {transformation: [0.0477f,0.3665f,0.9292f,1.0609f,-0.8672f,-0.4464f,0.2206f,1.2601f,0.4956f,-0.8163f,0.2966f,-0.4554f,0f,0f,0f,1f],start_interpolation: 0,interpolation_duration: 1}
$data merge entity $(leftarm) {transformation: [-0.9653f,-0.1669f,0.2008f,0.76f,-0.2077f,0.9569f,-0.2032f,1.6995f,-0.1583f,-0.2378f,-0.9583f,-0.579f,0f,0f,0f,1f],start_interpolation: 0,interpolation_duration: 1}
$data merge entity $(rightthumb2) {transformation: [0.1058f,-0.6095f,-0.7857f,-0.6892f,0.802f,-0.4148f,0.4298f,2.1102f,-0.5879f,-0.6756f,0.4449f,0.423f,0f,0f,0f,1f],start_interpolation: 0,interpolation_duration: 1}
$data merge entity $(rightthumb) {transformation: [0.1058f,-0.6095f,-0.7857f,-0.9059f,0.802f,-0.4148f,0.4298f,2.0453f,-0.5879f,-0.6756f,0.4449f,0.2953f,0f,0f,0f,1f],start_interpolation: 0,interpolation_duration: 1}
$data merge entity $(rightpointerfinger) {transformation: [-0.8619f,-0.5019f,-0.0721f,-1.0036f,0.3469f,-0.48f,-0.8057f,2.2091f,0.3698f,-0.7195f,0.5879f,0.5876f,0f,0f,0f,1f],start_interpolation: 0,interpolation_duration: 1}
$data merge entity $(rightmidfinger) {transformation: [-0.8619f,-0.5019f,-0.0721f,-1.0148f,0.3469f,-0.48f,-0.8057f,2.0832f,0.3698f,-0.7195f,0.5879f,0.6794f,0f,0f,0f,1f],start_interpolation: 0,interpolation_duration: 1}
$data merge entity $(rightringfinger) {transformation: [-0.8619f,-0.5019f,-0.0721f,-1.0261f,0.3469f,-0.48f,-0.8057f,1.9573f,0.3698f,-0.7195f,0.5879f,0.7713f,0f,0f,0f,1f],start_interpolation: 0,interpolation_duration: 1}
$data merge entity $(hugeasssword) {transformation: [-3.9025f,-0.1752f,-0.2823f,-0.7581f,0.3314f,-2.2959f,-3.1558f,1.9542f,-0.0243f,-3.1683f,2.3025f,0.5076f,0f,0f,0f,1f],start_interpolation: 0,interpolation_duration: 1}
$data merge entity $(whey) {transformation: [-0.9964f,0.0607f,-0.0593f,-0.5725f,0.0846f,0.6598f,-0.7467f,2.108f,-0.0062f,-0.749f,-0.6625f,0.5018f,0f,0f,0f,1f],start_interpolation: 0,interpolation_duration: 1}
$data merge entity $(ice) {transformation: [-0.9964f,-0.0447f,-0.0721f,-0.7418f,0.0846f,-0.5862f,-0.8057f,1.9621f,-0.0062f,-0.8089f,0.5879f,0.5203f,0f,0f,0f,1f],start_interpolation: 0,interpolation_duration: 1}
$data merge entity $(righthand1) {transformation: [-0.9964f,-0.0447f,-0.0721f,-1.0044f,0.0846f,-0.5862f,-0.8057f,1.8115f,-0.0062f,-0.8089f,0.5879f,0.3349f,0f,0f,0f,1f],start_interpolation: 0,interpolation_duration: 1}
$data merge entity $(rightforearm) {transformation: [-0.9964f,-0.0447f,-0.0721f,-0.9724f,0.0846f,-0.5862f,-0.8057f,1.4066f,-0.0062f,-0.8089f,0.5879f,-0.2427f,0f,0f,0f,1f],start_interpolation: 0,interpolation_duration: 1}
$data merge entity $(rightelbow) {transformation: [-0.9964f,-0.0447f,-0.0721f,-0.9808f,0.0846f,-0.5862f,-0.8057f,1.2967f,-0.0062f,-0.8089f,0.5879f,-0.3943f,0f,0f,0f,1f],start_interpolation: 0,interpolation_duration: 1}
$data merge entity $(rightarm) {transformation: [-0.9953f,0.0554f,0.0796f,-0.7379f,-0.0058f,0.7856f,-0.6187f,1.7101f,-0.0968f,-0.6162f,-0.7816f,-0.6569f,0f,0f,0f,1f],start_interpolation: 0,interpolation_duration: 1}
$data merge entity $(chest1) {transformation: [-1.0818f,-0.0016f,0.0567f,0.0148f,0.0077f,1.0687f,0.1775f,1.5647f,-0.0562f,0.1776f,-1.0672f,-0.7528f,0f,0f,0f,1f],start_interpolation: 0,interpolation_duration: 1}
$data merge entity $(chest1lid) {transformation: [-0.9986f,-0.0015f,0.0524f,-0.3457f,0.0071f,0.9865f,0.1638f,0.8288f,-0.0519f,0.164f,-0.9851f,-0.4971f,0f,0f,0f,1f],start_interpolation: 0,interpolation_duration: 1}
$data merge entity $(chest2) {transformation: [-0.9986f,-0.0015f,0.0524f,-0.3454f,0.0071f,0.9865f,0.1638f,0.6747f,-0.0519f,0.164f,-0.9851f,-0.5227f,0f,0f,0f,1f],start_interpolation: 0,interpolation_duration: 1}
$data merge entity $(chest1lid3) {transformation: [-0.9986f,-0.0015f,0.0524f,-0.2497f,0.0071f,0.9865f,0.1638f,0.9333f,-0.0519f,0.164f,-0.9851f,-1.1249f,0f,0f,0f,1f],start_interpolation: 0,interpolation_duration: 1}
$data merge entity $(chest3) {transformation: [-0.9986f,-0.0015f,0.0524f,-0.2495f,0.0071f,0.9865f,0.1638f,0.7792f,-0.0519f,0.164f,-0.9851f,-1.1505f,0f,0f,0f,1f],start_interpolation: 0,interpolation_duration: 1}
$data merge entity $(hugeasssword2) {transformation: [-0.2052f,2.8797f,-2.6468f,-1.2035f,-0.6416f,2.5897f,2.8674f,2.7615f,3.8583f,0.5838f,0.3361f,-0.8875f,0f,0f,0f,1f],start_interpolation: 0,interpolation_duration: 1}
$data merge entity $(belt) {transformation: [-0.9986f,-0.0015f,0.0524f,0.0405f,0.0071f,0.9865f,0.1638f,1.1501f,-0.0519f,0.164f,-0.9851f,-0.6874f,0f,0f,0f,1f],start_interpolation: 0,interpolation_duration: 1}
$data merge entity $(torn_part) {transformation: [-0.9987f,-0.0091f,0.0509f,-0.0832f,0.0081f,0.945f,0.3268f,0.8795f,-0.0511f,0.3268f,-0.9437f,-0.7255f,0f,0f,0f,1f],start_interpolation: 0,interpolation_duration: 1}
$data merge entity $(lowerbody) {transformation: [-0.9987f,0.0066f,0.0513f,0.0039f,0.0081f,0.9996f,0.0275f,0.3867f,-0.0511f,0.0279f,-0.9983f,-0.5937f,0f,0f,0f,1f],start_interpolation: 0,interpolation_duration: 1}
execute on vehicle unless entity @s[tag=aj.transforms_only] positioned ^-0.1806361579 ^2.2724985979 ^0.2872321496 rotated ~178.0834999603 ~48.7593048716 run function animated_java:wander/animations/sit_eat/zzz/frames/126_locator_soup
data modify entity @s data merge value {"cameras":{},"locators":{"soup":{"px":-0.18063615794851975,"py":2.2724985978563623,"pz":0.2872321496205859,"ry":178.08349996027005,"rx":48.75930487164221},"lefthand":{"px":0.4859146237354267,"py":1.864498657939656,"pz":0.45125500299770993,"ry":215.9611860266367,"rx":-62.42780089404025},"sword":{"px":-0.5676303851398281,"py":4.962922107054566,"pz":-1.644540486451758,"ry":186.9903033642854,"rx":-53.68200076664314},"righthand":{"px":-0.8334239860635629,"py":1.9917475086280838,"pz":0.5232075425804983,"ry":186.9903033642854,"rx":-53.68200076664314},"chest":{"px":-0.3849618585202207,"py":0.7418021333959002,"pz":-0.3549994302717056,"ry":3.0439249981792784,"rx":9.428292361848573}}}