# This file was generated by Animated Java via MC-Build. It is not recommended to edit this file directly.
$data merge entity $(nose) {transformation: [-0.0697f,0.0312f,-0.9971f,0.4104f,0.1651f,0.9861f,0.0193f,2.3059f,0.9838f,-0.1632f,-0.0739f,-0.6672f,0f,0f,0f,1f],start_interpolation: 0,interpolation_duration: 1}
$data merge entity $(glowing_eye) {transformation: [-0.0697f,0.0312f,-0.9971f,0.4386f,0.1651f,0.9861f,0.0193f,2.3927f,0.9838f,-0.1632f,-0.0739f,-0.5527f,0f,0f,0f,1f],start_interpolation: 0,interpolation_duration: 1}
$data merge entity $(head) {transformation: [-0.0697f,0.0312f,-0.9971f,0.2199f,0.1651f,0.9861f,0.0193f,2.1878f,0.9838f,-0.1632f,-0.0739f,-0.6608f,0f,0f,0f,1f],start_interpolation: 0,interpolation_duration: 1}
$data merge entity $(leftthumb2) {transformation: [-0.3821f,-0.4895f,0.7838f,1.1642f,-0.808f,0.5886f,-0.0262f,0.29f,-0.4485f,-0.6434f,-0.6204f,-0.7023f,0f,0f,0f,1f],start_interpolation: 0,interpolation_duration: 1}
$data merge entity $(leftthumb) {transformation: [-0.3821f,-0.4895f,0.7838f,1.1112f,-0.808f,0.5886f,-0.0262f,0.4321f,-0.4485f,-0.6434f,-0.6204f,-0.9131f,0f,0f,0f,1f],start_interpolation: 0,interpolation_duration: 1}
$data merge entity $(leftpointerfinger) {transformation: [-0.5464f,-0.5533f,0.6288f,1.3819f,-0.7151f,0.699f,-0.0064f,0.2806f,-0.436f,-0.4531f,-0.7775f,-0.7532f,0f,0f,0f,1f],start_interpolation: 0,interpolation_duration: 1}
$data merge entity $(leftmidfinger) {transformation: [-0.5464f,-0.5533f,0.6288f,1.4802f,-0.7151f,0.699f,-0.0064f,0.2797f,-0.436f,-0.4531f,-0.7775f,-0.8747f,0f,0f,0f,1f],start_interpolation: 0,interpolation_duration: 1}
$data merge entity $(leftringfinger) {transformation: [-0.5464f,-0.5533f,0.6288f,1.5784f,-0.7151f,0.699f,-0.0064f,0.2787f,-0.436f,-0.4531f,-0.7775f,-0.9962f,0f,0f,0f,1f],start_interpolation: 0,interpolation_duration: 1}
$data merge entity $(invisibility) {transformation: [-0.4964f,-0.6746f,0.5464f,1.1993f,0.6958f,0.0673f,0.7151f,0.2232f,-0.5192f,0.7351f,0.436f,-0.8602f,0f,0f,0f,1f],start_interpolation: 0,interpolation_duration: 1}
$data merge entity $(swiftness) {transformation: [0.6288f,-0.5533f,0.5464f,1.3637f,-0.0064f,0.699f,0.7151f,0.0901f,-0.7775f,-0.4531f,0.436f,-0.9673f,0f,0f,0f,1f],start_interpolation: 0,interpolation_duration: 1}
$data merge entity $(suspicious_stew) {transformation: [0f,0f,0f,1.3418f,0f,0f,0f,0.1967f,0f,0f,0f,-0.9859f,0f,0f,0f,1f],start_interpolation: 0,interpolation_duration: 1}
$data merge entity $(log) {transformation: [-0.5464f,-0.5533f,0.6288f,1.2523f,-0.7151f,0.699f,-0.0064f,0.2093f,-0.436f,-0.4531f,-0.7775f,-1.1187f,0f,0f,0f,1f],start_interpolation: 0,interpolation_duration: 1}
$data merge entity $(planks) {transformation: [-0.5464f,-0.5533f,0.6288f,1.201f,-0.7151f,0.699f,-0.0064f,0.1422f,-0.436f,-0.4531f,-0.7775f,-1.1596f,0f,0f,0f,1f],start_interpolation: 0,interpolation_duration: 1}
$data merge entity $(lefthand1) {transformation: [-0.5464f,-0.5533f,0.6288f,1.2309f,-0.7151f,0.699f,-0.0064f,0.563f,-0.436f,-0.4531f,-0.7775f,-1.0987f,0f,0f,0f,1f],start_interpolation: 0,interpolation_duration: 1}
$data merge entity $(leftforearm) {transformation: [-0.5464f,-0.5533f,0.6288f,0.7979f,-0.7151f,0.699f,-0.0064f,1.0099f,-0.436f,-0.4531f,-0.7775f,-1.4324f,0f,0f,0f,1f],start_interpolation: 0,interpolation_duration: 1}
$data merge entity $(leftelbow) {transformation: [-0.5464f,-0.5533f,0.6288f,0.6942f,-0.7151f,0.699f,-0.0064f,1.1409f,-0.436f,-0.4531f,-0.7775f,-1.5174f,0f,0f,0f,1f],start_interpolation: 0,interpolation_duration: 1}
$data merge entity $(leftarm) {transformation: [-0.6003f,0.0234f,-0.7994f,0.5995f,-0.1911f,0.9664f,0.1718f,1.577f,0.7766f,0.2559f,-0.5757f,-1.2016f,0f,0f,0f,1f],start_interpolation: 0,interpolation_duration: 1}
$data merge entity $(rightthumb2) {transformation: [-0.0301f,0.1177f,-0.9926f,-0.537f,0.3391f,0.9354f,0.1006f,0.1799f,0.9403f,-0.3335f,-0.0681f,0.2623f,0f,0f,0f,1f],start_interpolation: 0,interpolation_duration: 1}
$data merge entity $(rightthumb) {transformation: [-0.0301f,0.1177f,-0.9926f,-0.5929f,0.3391f,0.9354f,0.1006f,0.4179f,0.9403f,-0.3335f,-0.0681f,0.1747f,0f,0f,0f,1f],start_interpolation: 0,interpolation_duration: 1}
$data merge entity $(rightpointerfinger) {transformation: [-0.0301f,0.1177f,-0.9926f,-0.6814f,0.3391f,0.9354f,0.1006f,0.1528f,0.9403f,-0.3335f,-0.0681f,0.3838f,0f,0f,0f,1f],start_interpolation: 0,interpolation_duration: 1}
$data merge entity $(rightmidfinger) {transformation: [-0.0301f,0.1177f,-0.9926f,-0.8365f,0.3391f,0.9354f,0.1006f,0.1685f,0.9403f,-0.3335f,-0.0681f,0.3731f,0f,0f,0f,1f],start_interpolation: 0,interpolation_duration: 1}
$data merge entity $(rightringfinger) {transformation: [-0.0301f,0.1177f,-0.9926f,-0.9916f,0.3391f,0.9354f,0.1006f,0.1842f,0.9403f,-0.3335f,-0.0681f,0.3625f,0f,0f,0f,1f],start_interpolation: 0,interpolation_duration: 1}
$data merge entity $(hugeasssword) {transformation: [-0.118f,0.4609f,-3.8877f,-0.789f,1.3281f,3.6635f,0.394f,0.2668f,3.6827f,-1.3064f,-0.2667f,0.0567f,0f,0f,0f,1f],start_interpolation: 0,interpolation_duration: 1}
$data merge entity $(whey) {transformation: [-0.0301f,0.9945f,-0.1f,-0.6553f,0.3391f,0.1042f,0.935f,0.1067f,0.9403f,-0.0057f,-0.3404f,-0.0641f,0f,0f,0f,1f],start_interpolation: 0,interpolation_duration: 1}
$data merge entity $(ice) {transformation: [-0.0301f,0.1177f,-0.9926f,-0.7904f,0.3391f,0.9354f,0.1006f,0.2469f,0.9403f,-0.3335f,-0.0681f,0.0472f,0f,0f,0f,1f],start_interpolation: 0,interpolation_duration: 1}
$data merge entity $(righthand1) {transformation: [-0.0301f,0.1177f,-0.9926f,-0.7995f,0.3391f,0.9354f,0.1006f,0.5687f,0.9403f,-0.3335f,-0.0681f,0.1968f,0f,0f,0f,1f],start_interpolation: 0,interpolation_duration: 1}
$data merge entity $(rightforearm) {transformation: [-0.0301f,0.1177f,-0.9926f,-0.6994f,0.3391f,0.9354f,0.1006f,1.2036f,0.9403f,-0.3335f,-0.0681f,-0.0954f,0f,0f,0f,1f],start_interpolation: 0,interpolation_duration: 1}
$data merge entity $(rightelbow) {transformation: [-0.0301f,0.1177f,-0.9926f,-0.6774f,0.3391f,0.9354f,0.1006f,1.379f,0.9403f,-0.3335f,-0.0681f,-0.158f,0f,0f,0f,1f],start_interpolation: 0,interpolation_duration: 1}
$data merge entity $(rightarm) {transformation: [-0.9697f,0.1722f,-0.1734f,-0.3737f,0.137f,0.9707f,0.1976f,1.8282f,0.2023f,0.1679f,-0.9648f,-0.0882f,0f,0f,0f,1f],start_interpolation: 0,interpolation_duration: 1}
$data merge entity $(chest1) {transformation: [-0.7029f,0.2779f,-0.7761f,-0.0086f,0.1814f,1.0471f,0.2106f,1.5694f,0.8041f,0.0067f,-0.7259f,-0.7179f,0f,0f,0f,1f],start_interpolation: 0,interpolation_duration: 1}
$data merge entity $(chest1lid) {transformation: [-0.6488f,0.2565f,-0.7164f,-0.1251f,0.1674f,0.9665f,0.1944f,0.89f,0.7423f,0.0062f,-0.6701f,-0.2065f,0f,0f,0f,1f],start_interpolation: 0,interpolation_duration: 1}
$data merge entity $(chest2) {transformation: [-0.6488f,0.2565f,-0.7164f,-0.1651f,0.1674f,0.9665f,0.1944f,0.7389f,0.7423f,0.0062f,-0.6701f,-0.2074f,0f,0f,0f,1f],start_interpolation: 0,interpolation_duration: 1}
$data merge entity $(chest1lid3) {transformation: [-0.6488f,0.2565f,-0.7164f,-0.5434f,0.1674f,0.9665f,0.1944f,1.004f,0.7423f,0.0062f,-0.6701f,-0.6821f,0f,0f,0f,1f],start_interpolation: 0,interpolation_duration: 1}
$data merge entity $(chest3) {transformation: [-0.6488f,0.2565f,-0.7164f,-0.5835f,0.1674f,0.9665f,0.1944f,0.853f,0.7423f,0.0062f,-0.6701f,-0.6831f,0f,0f,0f,1f],start_interpolation: 0,interpolation_duration: 1}
$data merge entity $(hugeasssword2) {transformation: [2.8059f,2.5523f,-0.9762f,-0.7002f,-0.7613f,2.074f,3.2341f,2.9487f,2.6244f,-2.1271f,1.9819f,0.0263f,0f,0f,0f,1f],start_interpolation: 0,interpolation_duration: 1}
$data merge entity $(belt) {transformation: [-0.6488f,0.2565f,-0.7164f,0.0038f,0.1674f,0.9665f,0.1944f,1.1536f,0.7423f,0.0062f,-0.6701f,-0.6564f,0f,0f,0f,1f],start_interpolation: 0,interpolation_duration: 1}
$data merge entity $(torn_part) {transformation: [-0.8599f,0.1519f,-0.4874f,-0.1527f,-0.0721f,0.909f,0.4104f,0.8799f,0.5054f,0.3881f,-0.7707f,-0.5966f,0f,0f,0f,1f],start_interpolation: 0,interpolation_duration: 1}
$data merge entity $(lowerbody) {transformation: [-0.8599f,-0.0017f,-0.5105f,0.0039f,-0.0721f,0.9904f,0.1181f,0.3867f,0.5054f,0.1384f,-0.8517f,-0.5937f,0f,0f,0f,1f],start_interpolation: 0,interpolation_duration: 1}
data modify entity @s data merge value {"cameras":{},"locators":{"soup":{"px":1.3417733231629745,"py":0.19672061788292577,"pz":-0.9859326174469,"ry":128.54558041732452,"rx":46.05339811835392},"lefthand":{"px":1.336870875447656,"py":0.22181878177604802,"pz":-1.0302953083672253,"ry":38.96250744095357,"rx":-0.3644408561017208},"sword":{"px":2.880629820611671,"py":-0.10839752576028477,"pz":0.3927251479360552,"ry":273.92418845642993,"rx":5.773180969509858},"righthand":{"px":-0.7795652375128092,"py":0.2625303190586849,"pz":0.14164563778221112,"ry":273.92418845642993,"rx":5.773180969509858},"chest":{"px":-0.04941979558195364,"py":0.8044050430872876,"pz":-0.07894358320875872,"ry":313.0859104216975,"rx":11.208352858324313}}}