# This file was generated by Animated Java via MC-Build. It is not recommended to edit this file directly.
$data merge entity $(nose) {transformation: [-0.9988f,0.035f,0.0332f,0.0135f,0.009f,0.8115f,-0.5843f,2.4168f,-0.0473f,-0.5833f,-0.8109f,-0.5065f,0f,0f,0f,1f],start_interpolation: 0,interpolation_duration: 1}
$data merge entity $(glowing_eye) {transformation: [-0.9988f,0.035f,0.0332f,-0.1101f,0.009f,0.8115f,-0.5843f,2.4933f,-0.0473f,-0.5833f,-0.8109f,-0.5236f,0f,0f,0f,1f],start_interpolation: 0,interpolation_duration: 1}
$data merge entity $(head) {transformation: [-0.9988f,0.035f,0.0332f,0.0154f,0.009f,0.8115f,-0.5843f,2.2072f,-0.0473f,-0.5833f,-0.8109f,-0.5863f,0f,0f,0f,1f],start_interpolation: 0,interpolation_duration: 1}
$data merge entity $(leftthumb2) {transformation: [-0.4158f,0.5092f,0.7535f,0.5855f,-0.3539f,-0.8538f,0.3817f,2.3914f,0.8377f,-0.108f,0.5353f,-0.0848f,0f,0f,0f,1f],start_interpolation: 0,interpolation_duration: 1}
$data merge entity $(leftthumb) {transformation: [-0.4158f,0.5092f,0.7535f,0.7748f,-0.3539f,-0.8538f,0.3817f,2.2146f,0.8377f,-0.108f,0.5353f,-0.0655f,0f,0f,0f,1f],start_interpolation: 0,interpolation_duration: 1}
$data merge entity $(leftpointerfinger) {transformation: [-0.8879f,0.2895f,-0.3576f,0.7601f,0.0135f,-0.7605f,-0.6492f,2.4323f,-0.4599f,-0.5812f,0.6713f,0.2069f,0f,0f,0f,1f],start_interpolation: 0,interpolation_duration: 1}
$data merge entity $(leftmidfinger) {transformation: [-0.8879f,0.2895f,-0.3576f,0.7042f,0.0135f,-0.7605f,-0.6492f,2.3308f,-0.4599f,-0.5812f,0.6713f,0.3118f,0f,0f,0f,1f],start_interpolation: 0,interpolation_duration: 1}
$data merge entity $(leftringfinger) {transformation: [-0.8879f,0.2895f,-0.3576f,0.6484f,0.0135f,-0.7605f,-0.6492f,2.2294f,-0.4599f,-0.5812f,0.6713f,0.4167f,0f,0f,0f,1f],start_interpolation: 0,interpolation_duration: 1}
$data merge entity $(invisibility) {transformation: [0.2572f,0.3815f,0.8879f,0.6365f,-0.8142f,0.5804f,-0.0135f,2.3719f,-0.5205f,-0.7194f,0.4599f,0.0362f,0f,0f,0f,1f],start_interpolation: 0,interpolation_duration: 1}
$data merge entity $(swiftness) {transformation: [-0.3576f,0.2895f,0.8879f,0.484f,-0.6492f,-0.7605f,-0.0135f,2.3539f,0.6713f,-0.5812f,0.4599f,0.2168f,0f,0f,0f,1f],start_interpolation: 0,interpolation_duration: 1}
$data merge entity $(suspicious_stew) {transformation: [2.0699f,0.3968f,0.1825f,-0.1631f,-0.2059f,0.107f,2.1027f,2.5029f,0.3852f,-2.0752f,0.1433f,0.2121f,0f,0f,0f,1f],start_interpolation: 0,interpolation_duration: 1}
$data merge entity $(log) {transformation: [-0.8879f,0.2895f,-0.3576f,0.492f,0.0135f,-0.7605f,-0.6492f,2.1616f,-0.4599f,-0.5812f,0.6713f,0.105f,0f,0f,0f,1f],start_interpolation: 0,interpolation_duration: 1}
$data merge entity $(planks) {transformation: [-0.8879f,0.2895f,-0.3576f,0.4088f,0.0135f,-0.7605f,-0.6492f,2.1629f,-0.4599f,-0.5812f,0.6713f,0.0619f,0f,0f,0f,1f],start_interpolation: 0,interpolation_duration: 1}
$data merge entity $(lefthand1) {transformation: [-0.8879f,0.2895f,-0.3576f,0.7976f,0.0135f,-0.7605f,-0.6492f,1.9884f,-0.4599f,-0.5812f,0.6713f,0.0537f,0f,0f,0f,1f],start_interpolation: 0,interpolation_duration: 1}
$data merge entity $(leftforearm) {transformation: [-0.0455f,0.3023f,0.9521f,0.9924f,-0.6202f,-0.7557f,0.2103f,1.4149f,0.7831f,-0.5809f,0.2219f,-0.3093f,0f,0f,0f,1f],start_interpolation: 0,interpolation_duration: 1}
$data merge entity $(leftelbow) {transformation: [-0.0455f,0.3023f,0.9521f,1.0491f,-0.6202f,-0.7557f,0.2103f,1.2732f,0.7831f,-0.5809f,0.2219f,-0.4182f,0f,0f,0f,1f],start_interpolation: 0,interpolation_duration: 1}
$data merge entity $(leftarm) {transformation: [-0.9786f,-0.1363f,0.1543f,0.762f,-0.1823f,0.9219f,-0.3418f,1.705f,-0.0956f,-0.3626f,-0.927f,-0.5915f,0f,0f,0f,1f],start_interpolation: 0,interpolation_duration: 1}
$data merge entity $(rightthumb2) {transformation: [0.053f,-0.6395f,-0.767f,-0.6673f,0.4665f,-0.6632f,0.5853f,2.4114f,-0.8829f,-0.3888f,0.2632f,-0.0116f,0f,0f,0f,1f],start_interpolation: 0,interpolation_duration: 1}
$data merge entity $(rightthumb) {transformation: [0.053f,-0.6395f,-0.767f,-0.8897f,0.4665f,-0.6632f,0.5853f,2.2987f,-0.8829f,-0.3888f,0.2632f,-0.0845f,0f,0f,0f,1f],start_interpolation: 0,interpolation_duration: 1}
$data merge entity $(rightpointerfinger) {transformation: [-0.847f,-0.5295f,-0.0476f,-0.9784f,0.4874f,-0.7376f,-0.4673f,2.5747f,0.2123f,-0.419f,0.8828f,0.11f,0f,0f,0f,1f],start_interpolation: 0,interpolation_duration: 1}
$data merge entity $(rightmidfinger) {transformation: [-0.847f,-0.5295f,-0.0476f,-0.9858f,0.4874f,-0.7376f,-0.4673f,2.5017f,0.2123f,-0.419f,0.8828f,0.2479f,0f,0f,0f,1f],start_interpolation: 0,interpolation_duration: 1}
$data merge entity $(rightringfinger) {transformation: [-0.847f,-0.5295f,-0.0476f,-0.9933f,0.4874f,-0.7376f,-0.4673f,2.4287f,0.2123f,-0.419f,0.8828f,0.3858f,0f,0f,0f,1f],start_interpolation: 0,interpolation_duration: 1}
$data merge entity $(hugeasssword) {transformation: [-3.903f,-0.2691f,-0.1866f,-0.7344f,0.3252f,-3.4474f,-1.8303f,2.3082f,-0.0385f,-1.8394f,3.4577f,0.1413f,0f,0f,0f,1f],start_interpolation: 0,interpolation_duration: 1}
$data merge entity $(whey) {transformation: [-0.9965f,0.0316f,-0.0774f,-0.5499f,0.083f,0.2657f,-0.9605f,2.4421f,-0.0098f,-0.9635f,-0.2674f,0.0629f,0f,0f,0f,1f],start_interpolation: 0,interpolation_duration: 1}
$data merge entity $(ice) {transformation: [-0.9965f,-0.0687f,-0.0476f,-0.7177f,0.083f,-0.8802f,-0.4673f,2.3206f,-0.0098f,-0.4696f,0.8828f,0.1488f,0f,0f,0f,1f],start_interpolation: 0,interpolation_duration: 1}
$data merge entity $(righthand1) {transformation: [-0.9965f,-0.0687f,-0.0476f,-0.9855f,0.083f,-0.8802f,-0.4673f,2.1067f,-0.0098f,-0.4696f,0.8828f,0.0565f,0f,0f,0f,1f],start_interpolation: 0,interpolation_duration: 1}
$data merge entity $(rightforearm) {transformation: [-0.9965f,-0.0687f,-0.0476f,-0.9708f,0.083f,-0.8802f,-0.4673f,1.49f,-0.0098f,-0.4696f,0.8828f,-0.2869f,0f,0f,0f,1f],start_interpolation: 0,interpolation_duration: 1}
$data merge entity $(rightelbow) {transformation: [-0.9965f,-0.0687f,-0.0476f,-0.9837f,0.083f,-0.8802f,-0.4673f,1.3249f,-0.0098f,-0.4696f,0.8828f,-0.3749f,0f,0f,0f,1f],start_interpolation: 0,interpolation_duration: 1}
$data merge entity $(rightarm) {transformation: [-0.9955f,0.0637f,0.0698f,-0.7362f,0.001f,0.7459f,-0.666f,1.7185f,-0.0945f,-0.663f,-0.7427f,-0.6625f,0f,0f,0f,1f],start_interpolation: 0,interpolation_duration: 1}
$data merge entity $(chest1) {transformation: [-1.0821f,0.0026f,0.0521f,0.0155f,0.0098f,1.0729f,0.1499f,1.5682f,-0.0513f,0.1502f,-1.0716f,-0.7582f,0f,0f,0f,1f],start_interpolation: 0,interpolation_duration: 1}
$data merge entity $(chest1lid) {transformation: [-0.9988f,0.0024f,0.0481f,-0.346f,0.009f,0.9903f,0.1384f,0.8403f,-0.0473f,0.1386f,-0.9892f,-0.482f,0f,0f,0f,1f],start_interpolation: 0,interpolation_duration: 1}
$data merge entity $(chest2) {transformation: [-0.9988f,0.0024f,0.0481f,-0.3464f,0.009f,0.9903f,0.1384f,0.6856f,-0.0473f,0.1386f,-0.9892f,-0.5037f,0f,0f,0f,1f],start_interpolation: 0,interpolation_duration: 1}
$data merge entity $(chest1lid3) {transformation: [-0.9988f,0.0024f,0.0481f,-0.2527f,0.009f,0.9903f,0.1384f,0.9284f,-0.0473f,0.1386f,-0.9892f,-1.1128f,0f,0f,0f,1f],start_interpolation: 0,interpolation_duration: 1}
$data merge entity $(chest3) {transformation: [-0.9988f,0.0024f,0.0481f,-0.2531f,0.009f,0.9903f,0.1384f,0.7737f,-0.0473f,0.1386f,-0.9892f,-1.1344f,0f,0f,0f,1f],start_interpolation: 0,interpolation_duration: 1}
$data merge entity $(hugeasssword2) {transformation: [-0.1885f,2.8905f,-2.6362f,-1.1997f,-0.5419f,2.5945f,2.8836f,2.7651f,3.8744f,0.5035f,0.275f,-0.9178f,0f,0f,0f,1f],start_interpolation: 0,interpolation_duration: 1}
$data merge entity $(belt) {transformation: [-0.9988f,0.0024f,0.0481f,0.0402f,0.009f,0.9903f,0.1384f,1.1554f,-0.0473f,0.1386f,-0.9892f,-0.6824f,0f,0f,0f,1f],start_interpolation: 0,interpolation_duration: 1}
$data merge entity $(torn_part) {transformation: [-0.9988f,-0.0093f,0.0482f,-0.084f,0.0077f,0.9406f,0.3395f,0.8811f,-0.0485f,0.3395f,-0.9394f,-0.7187f,0f,0f,0f,1f],start_interpolation: 0,interpolation_duration: 1}
$data merge entity $(lowerbody) {transformation: [-0.9988f,0.0057f,0.0488f,0.0039f,0.0077f,0.9991f,0.0409f,0.3867f,-0.0485f,0.0413f,-0.998f,-0.5937f,0f,0f,0f,1f],start_interpolation: 0,interpolation_duration: 1}
execute on vehicle unless entity @s[tag=aj.transforms_only] positioned ^-0.1006188716 ^2.4555641463 ^-0.1490671404 rotated ~128.1483742791 ~83.702233126 run function animated_java:wander/animations/sit_eat/zzz/frames/133_locator_soup
data modify entity @s data merge value {"cameras":{},"locators":{"soup":{"px":-0.10061887163069431,"py":2.455564146333839,"pz":-0.14906714037713906,"ry":128.14837427912502,"rx":83.70223312601644},"lefthand":{"px":0.5582448103081126,"py":2.229883160004537,"pz":0.18301421535576484,"ry":208.04373269221958,"rx":-40.479228955489084},"sword":{"px":-0.633666134205765,"py":4.072653501146659,"pz":-3.1139461787521796,"ry":183.08844015600505,"rx":-27.859383949320804},"righthand":{"px":-0.8093121194414745,"py":2.349472915776997,"pz":0.14142682722972338,"ry":183.08844015600505,"rx":-27.859383949320804},"chest":{"px":-0.384880491101066,"py":0.7571028050564517,"pz":-0.33759936974711324,"ry":2.785882376865345,"rx":7.9524305977388545}}}