# This file was generated by Animated Java via MC-Build. It is not recommended to edit this file directly.
$data merge entity $(nose) {transformation: [-0.9989f,0.035f,0.0308f,0.0145f,0.009f,0.7939f,-0.608f,2.4222f,-0.0457f,-0.6071f,-0.7933f,-0.5245f,0f,0f,0f,1f],start_interpolation: 0,interpolation_duration: 1}
$data merge entity $(glowing_eye) {transformation: [-0.9989f,0.035f,0.0308f,-0.1091f,0.009f,0.7939f,-0.608f,2.4983f,-0.0457f,-0.6071f,-0.7933f,-0.5436f,0f,0f,0f,1f],start_interpolation: 0,interpolation_duration: 1}
$data merge entity $(head) {transformation: [-0.9989f,0.035f,0.0308f,0.0159f,0.009f,0.7939f,-0.608f,2.2103f,-0.0457f,-0.6071f,-0.7933f,-0.5981f,0f,0f,0f,1f],start_interpolation: 0,interpolation_duration: 1}
$data merge entity $(leftthumb2) {transformation: [-0.4045f,0.5095f,0.7595f,0.5966f,-0.3261f,-0.8562f,0.4007f,2.4129f,0.8544f,-0.0856f,0.5125f,-0.1211f,0f,0f,0f,1f],start_interpolation: 0,interpolation_duration: 1}
$data merge entity $(leftthumb) {transformation: [-0.4045f,0.5095f,0.7595f,0.7864f,-0.3261f,-0.8562f,0.4007f,2.2371f,0.8544f,-0.0856f,0.5125f,-0.0983f,0f,0f,0f,1f],start_interpolation: 0,interpolation_duration: 1}
$data merge entity $(leftpointerfinger) {transformation: [-0.8929f,0.2792f,-0.3534f,0.7759f,0.0005f,-0.7842f,-0.6206f,2.4653f,-0.4503f,-0.5542f,0.7f,0.1656f,0f,0f,0f,1f],start_interpolation: 0,interpolation_duration: 1}
$data merge entity $(leftmidfinger) {transformation: [-0.8929f,0.2792f,-0.3534f,0.7207f,0.0005f,-0.7842f,-0.6206f,2.3683f,-0.4503f,-0.5542f,0.7f,0.275f,0f,0f,0f,1f],start_interpolation: 0,interpolation_duration: 1}
$data merge entity $(leftringfinger) {transformation: [-0.8929f,0.2792f,-0.3534f,0.6655f,0.0005f,-0.7842f,-0.6206f,2.2713f,-0.4503f,-0.5542f,0.7f,0.3843f,0f,0f,0f,1f],start_interpolation: 0,interpolation_duration: 1}
$data merge entity $(invisibility) {transformation: [0.2473f,0.3764f,0.8929f,0.6501f,-0.8353f,0.5499f,-0.0005f,2.399f,-0.4911f,-0.7456f,0.4503f,-0.0013f,0f,0f,0f,1f],start_interpolation: 0,interpolation_duration: 1}
$data merge entity $(swiftness) {transformation: [-0.3534f,0.2792f,0.8929f,0.4995f,-0.6206f,-0.7842f,-0.0005f,2.3888f,0.7f,-0.5542f,0.4503f,0.1815f,0f,0f,0f,1f],start_interpolation: 0,interpolation_duration: 1}
$data merge entity $(suspicious_stew) {transformation: [2.0922f,0.3726f,0.1855f,-0.1548f,-0.1846f,-0.0213f,2.1251f,2.5418f,0.3731f,-2.1003f,0.0113f,0.1758f,0f,0f,0f,1f],start_interpolation: 0,interpolation_duration: 1}
$data merge entity $(log) {transformation: [-0.8929f,0.2792f,-0.3534f,0.5053f,0.0005f,-0.7842f,-0.6206f,2.1923f,-0.4503f,-0.5542f,0.7f,0.0772f,0f,0f,0f,1f],start_interpolation: 0,interpolation_duration: 1}
$data merge entity $(planks) {transformation: [-0.8929f,0.2792f,-0.3534f,0.4216f,0.0005f,-0.7842f,-0.6206f,2.1924f,-0.4503f,-0.5542f,0.7f,0.035f,0f,0f,0f,1f],start_interpolation: 0,interpolation_duration: 1}
$data merge entity $(lefthand1) {transformation: [-0.8929f,0.2792f,-0.3534f,0.8094f,0.0005f,-0.7842f,-0.6206f,2.0156f,-0.4503f,-0.5542f,0.7f,0.0294f,0f,0f,0f,1f],start_interpolation: 0,interpolation_duration: 1}
$data merge entity $(leftforearm) {transformation: [-0.0431f,0.2916f,0.9556f,0.9968f,-0.5892f,-0.7799f,0.2114f,1.4271f,0.8068f,-0.5539f,0.2054f,-0.3129f,0f,0f,0f,1f],start_interpolation: 0,interpolation_duration: 1}
$data merge entity $(leftelbow) {transformation: [-0.0431f,0.2916f,0.9556f,1.0515f,-0.5892f,-0.7799f,0.2114f,1.2809f,0.8068f,-0.5539f,0.2054f,-0.4167f,0f,0f,0f,1f],start_interpolation: 0,interpolation_duration: 1}
$data merge entity $(leftarm) {transformation: [-0.9789f,-0.141f,0.1481f,0.7622f,-0.1866f,0.9124f,-0.3643f,1.7077f,-0.0837f,-0.3842f,-0.9194f,-0.5984f,0f,0f,0f,1f],start_interpolation: 0,interpolation_duration: 1}
$data merge entity $(rightthumb2) {transformation: [0.0388f,-0.6378f,-0.7692f,-0.6788f,0.4305f,-0.684f,0.5888f,2.4334f,-0.9017f,-0.354f,0.2481f,-0.0651f,0f,0f,0f,1f],start_interpolation: 0,interpolation_duration: 1}
$data merge entity $(rightthumb) {transformation: [0.0388f,-0.6378f,-0.7692f,-0.9009f,0.4305f,-0.684f,0.5888f,2.316f,-0.9017f,-0.354f,0.2481f,-0.1307f,0f,0f,0f,1f],start_interpolation: 0,interpolation_duration: 1}
$data merge entity $(rightpointerfinger) {transformation: [-0.8492f,-0.5262f,-0.0432f,-0.9916f,0.4913f,-0.7576f,-0.4298f,2.5992f,0.1935f,-0.3862f,0.9019f,0.052f,0f,0f,0f,1f],start_interpolation: 0,interpolation_duration: 1}
$data merge entity $(rightmidfinger) {transformation: [-0.8492f,-0.5262f,-0.0432f,-0.9984f,0.4913f,-0.7576f,-0.4298f,2.5321f,0.1935f,-0.3862f,0.9019f,0.1929f,0f,0f,0f,1f],start_interpolation: 0,interpolation_duration: 1}
$data merge entity $(rightringfinger) {transformation: [-0.8492f,-0.5262f,-0.0432f,-1.0051f,0.4913f,-0.7576f,-0.4298f,2.4649f,0.1935f,-0.3862f,0.9019f,0.3338f,0f,0f,0f,1f],start_interpolation: 0,interpolation_duration: 1}
$data merge entity $(hugeasssword) {transformation: [-3.9055f,-0.2431f,-0.1691f,-0.7455f,0.2922f,-3.5243f,-1.6834f,2.3362f,-0.0477f,-1.6912f,3.5324f,0.0943f,0f,0f,0f,1f],start_interpolation: 0,interpolation_duration: 1}
$data merge entity $(whey) {transformation: [-0.9971f,0.0287f,-0.0699f,-0.5622f,0.0746f,0.2249f,-0.9715f,2.4682f,-0.0122f,-0.974f,-0.2264f,0.0101f,0f,0f,0f,1f],start_interpolation: 0,interpolation_duration: 1}
$data merge entity $(ice) {transformation: [-0.9971f,-0.0621f,-0.0432f,-0.7289f,0.0746f,-0.8998f,-0.4298f,2.3491f,-0.0122f,-0.4318f,0.9019f,0.1012f,0f,0f,0f,1f],start_interpolation: 0,interpolation_duration: 1}
$data merge entity $(righthand1) {transformation: [-0.9971f,-0.0621f,-0.0432f,-0.9951f,0.0746f,-0.8998f,-0.4298f,2.1294f,-0.0122f,-0.4318f,0.9019f,0.0184f,0f,0f,0f,1f],start_interpolation: 0,interpolation_duration: 1}
$data merge entity $(rightforearm) {transformation: [-0.9971f,-0.0621f,-0.0432f,-0.9757f,0.0746f,-0.8998f,-0.4298f,1.4987f,-0.0122f,-0.4318f,0.9019f,-0.2985f,0f,0f,0f,1f],start_interpolation: 0,interpolation_duration: 1}
$data merge entity $(rightelbow) {transformation: [-0.9971f,-0.0621f,-0.0432f,-0.9873f,0.0746f,-0.8998f,-0.4298f,1.33f,-0.0122f,-0.4318f,0.9019f,-0.3795f,0f,0f,0f,1f],start_interpolation: 0,interpolation_duration: 1}
$data merge entity $(rightarm) {transformation: [-0.9953f,0.071f,0.0661f,-0.7362f,0.0088f,0.7445f,-0.6676f,1.7212f,-0.0966f,-0.6638f,-0.7416f,-0.6671f,0f,0f,0f,1f],start_interpolation: 0,interpolation_duration: 1}
$data merge entity $(chest1) {transformation: [-1.0822f,0.0034f,0.0504f,0.0153f,0.0098f,1.0746f,0.1369f,1.5693f,-0.0496f,0.1372f,-1.0735f,-0.7622f,0f,0f,0f,1f],start_interpolation: 0,interpolation_duration: 1}
$data merge entity $(chest1lid) {transformation: [-0.9989f,0.0032f,0.0465f,-0.3461f,0.009f,0.9919f,0.1263f,0.845f,-0.0457f,0.1266f,-0.9909f,-0.4766f,0f,0f,0f,1f],start_interpolation: 0,interpolation_duration: 1}
$data merge entity $(chest2) {transformation: [-0.9989f,0.0032f,0.0465f,-0.3466f,0.009f,0.9919f,0.1263f,0.69f,-0.0457f,0.1266f,-0.9909f,-0.4964f,0f,0f,0f,1f],start_interpolation: 0,interpolation_duration: 1}
$data merge entity $(chest1lid3) {transformation: [-0.9989f,0.0032f,0.0465f,-0.2539f,0.009f,0.9919f,0.1263f,0.9254f,-0.0457f,0.1266f,-0.9909f,-1.1086f,0f,0f,0f,1f],start_interpolation: 0,interpolation_duration: 1}
$data merge entity $(chest3) {transformation: [-0.9989f,0.0032f,0.0465f,-0.2544f,0.009f,0.9919f,0.1263f,0.7704f,-0.0457f,0.1266f,-0.9909f,-1.1283f,0f,0f,0f,1f],start_interpolation: 0,interpolation_duration: 1}
$data merge entity $(hugeasssword2) {transformation: [-0.1822f,2.8929f,-2.6341f,-1.1994f,-0.4948f,2.5987f,2.8883f,2.7649f,3.881f,0.4671f,0.2446f,-0.9342f,0f,0f,0f,1f],start_interpolation: 0,interpolation_duration: 1}
$data merge entity $(belt) {transformation: [-0.9989f,0.0032f,0.0465f,0.04f,0.009f,0.9919f,0.1263f,1.1574f,-0.0457f,0.1266f,-0.9909f,-0.6815f,0f,0f,0f,1f],start_interpolation: 0,interpolation_duration: 1}
$data merge entity $(torn_part) {transformation: [-0.9989f,-0.0092f,0.0468f,-0.0844f,0.0074f,0.9392f,0.3433f,0.8815f,-0.0471f,0.3433f,-0.938f,-0.7165f,0f,0f,0f,1f],start_interpolation: 0,interpolation_duration: 1}
$data merge entity $(lowerbody) {transformation: [-0.9989f,0.0053f,0.0474f,0.0039f,0.0074f,0.999f,0.045f,0.3867f,-0.0471f,0.0453f,-0.9979f,-0.5937f,0f,0f,0f,1f],start_interpolation: 0,interpolation_duration: 1}
execute on vehicle unless entity @s[tag=aj.transforms_only] positioned ^-0.096551882 ^2.4716749879 ^-0.1855801903 rotated ~93.4885052716 ~85.0027546026 run function animated_java:wander/animations/sit_eat/zzz/frames/135_locator_soup
data modify entity @s data merge value {"cameras":{},"locators":{"soup":{"px":-0.09655188201436389,"py":2.471674987935225,"pz":-0.18558019031553274,"ry":93.48850527160273,"rx":85.00275460263038},"lefthand":{"px":0.5727656506866458,"py":2.2632329629718533,"pz":0.1517831151669236,"ry":206.78649143235822,"rx":-38.35766172998012},"sword":{"px":-0.661572463786542,"py":3.961775000858998,"pz":-3.232954698671712,"ry":182.7401375292796,"rx":-25.45516761046087},"righthand":{"px":-0.8207443513747787,"py":2.376870108232737,"pz":0.09276282413910619,"ry":182.7401375292796,"rx":-25.45516761046087},"chest":{"px":-0.3847863974798436,"py":0.7635776887835963,"pz":-0.33113368147231015,"ry":2.687950923469714,"rx":7.257336892575666}}}