# This file was generated by Animated Java via MC-Build. It is not recommended to edit this file directly.
$data merge entity $(nose) {transformation: [-0.9991f,0.0344f,0.0258f,0.0159f,0.0087f,0.749f,-0.6625f,2.4334f,-0.0421f,-0.6617f,-0.7486f,-0.5693f,0f,0f,0f,1f],start_interpolation: 0,interpolation_duration: 1}
$data merge entity $(glowing_eye) {transformation: [-0.9991f,0.0344f,0.0258f,-0.1076f,0.0087f,0.749f,-0.6625f,2.5083f,-0.0421f,-0.6617f,-0.7486f,-0.5932f,0f,0f,0f,1f],start_interpolation: 0,interpolation_duration: 1}
$data merge entity $(head) {transformation: [-0.9991f,0.0344f,0.0258f,0.0165f,0.0087f,0.749f,-0.6625f,2.2168f,-0.0421f,-0.6617f,-0.7486f,-0.6277f,0f,0f,0f,1f],start_interpolation: 0,interpolation_duration: 1}
$data merge entity $(leftthumb2) {transformation: [-0.3773f,0.517f,0.7684f,0.6109f,-0.2887f,-0.854f,0.4328f,2.4461f,0.8799f,-0.0585f,0.4715f,-0.1767f,0f,0f,0f,1f],start_interpolation: 0,interpolation_duration: 1}
$data merge entity $(leftthumb) {transformation: [-0.3773f,0.517f,0.7684f,0.8033f,-0.2887f,-0.854f,0.4328f,2.2736f,0.8799f,-0.0585f,0.4715f,-0.1508f,0f,0f,0f,1f],start_interpolation: 0,interpolation_duration: 1}
$data merge entity $(leftpointerfinger) {transformation: [-0.9034f,0.2642f,-0.3378f,0.7996f,-0.0232f,-0.8166f,-0.5768f,2.5171f,-0.4282f,-0.5132f,0.7438f,0.0993f,0f,0f,0f,1f],start_interpolation: 0,interpolation_duration: 1}
$data merge entity $(leftmidfinger) {transformation: [-0.9034f,0.2642f,-0.3378f,0.7468f,-0.0232f,-0.8166f,-0.5768f,2.4269f,-0.4282f,-0.5132f,0.7438f,0.2155f,0f,0f,0f,1f],start_interpolation: 0,interpolation_duration: 1}
$data merge entity $(leftringfinger) {transformation: [-0.9034f,0.2642f,-0.3378f,0.694f,-0.0232f,-0.8166f,-0.5768f,2.3368f,-0.4282f,-0.5132f,0.7438f,0.3318f,0f,0f,0f,1f],start_interpolation: 0,interpolation_duration: 1}
$data merge entity $(invisibility) {transformation: [0.2338f,0.3595f,0.9034f,0.6697f,-0.8637f,0.5034f,0.0232f,2.4414f,-0.4464f,-0.7857f,0.4282f,-0.0603f,0f,0f,0f,1f],start_interpolation: 0,interpolation_duration: 1}
$data merge entity $(swiftness) {transformation: [-0.3378f,0.2642f,0.9034f,0.5235f,-0.5768f,-0.8166f,0.0232f,2.4427f,0.7438f,-0.5132f,0.4282f,0.1263f,0f,0f,0f,1f],start_interpolation: 0,interpolation_duration: 1}
$data merge entity $(suspicious_stew) {transformation: [2.1175f,0.3229f,0.161f,-0.1469f,-0.1249f,-0.2437f,2.1305f,2.605f,0.3385f,-2.1096f,-0.2215f,0.121f,0f,0f,0f,1f],start_interpolation: 0,interpolation_duration: 1}
$data merge entity $(log) {transformation: [-0.9034f,0.2642f,-0.3378f,0.5264f,-0.0232f,-0.8166f,-0.5768f,2.2403f,-0.4282f,-0.5132f,0.7438f,0.0337f,0f,0f,0f,1f],start_interpolation: 0,interpolation_duration: 1}
$data merge entity $(planks) {transformation: [-0.9034f,0.2642f,-0.3378f,0.4418f,-0.0232f,-0.8166f,-0.5768f,2.2381f,-0.4282f,-0.5132f,0.7438f,-0.0064f,0f,0f,0f,1f],start_interpolation: 0,interpolation_duration: 1}
$data merge entity $(lefthand1) {transformation: [-0.9034f,0.2642f,-0.3378f,0.8289f,-0.0232f,-0.8166f,-0.5768f,2.06f,-0.4282f,-0.5132f,0.7438f,-0.0107f,0f,0f,0f,1f],start_interpolation: 0,interpolation_duration: 1}
$data merge entity $(leftforearm) {transformation: [-0.0319f,0.2757f,0.9607f,1.0058f,-0.5408f,-0.8131f,0.2154f,1.4511f,0.8405f,-0.5127f,0.1751f,-0.3214f,0f,0f,0f,1f],start_interpolation: 0,interpolation_duration: 1}
$data merge entity $(leftelbow) {transformation: [-0.0319f,0.2757f,0.9607f,1.0575f,-0.5408f,-0.8131f,0.2154f,1.2986f,0.8405f,-0.5127f,0.1751f,-0.4176f,0f,0f,0f,1f],start_interpolation: 0,interpolation_duration: 1}
$data merge entity $(leftarm) {transformation: [-0.9783f,-0.1536f,0.1392f,0.7623f,-0.198f,0.8911f,-0.4082f,1.7136f,-0.0613f,-0.4269f,-0.9022f,-0.6163f,0f,0f,0f,1f],start_interpolation: 0,interpolation_duration: 1}
$data merge entity $(rightthumb2) {transformation: [0.0123f,-0.6308f,-0.7759f,-0.7065f,0.3784f,-0.7153f,0.5875f,2.4655f,-0.9256f,-0.3008f,0.2299f,-0.1517f,0f,0f,0f,1f],start_interpolation: 0,interpolation_duration: 1}
$data merge entity $(rightthumb) {transformation: [0.0123f,-0.6308f,-0.7759f,-0.9275f,0.3784f,-0.7153f,0.5875f,2.3403f,-0.9256f,-0.3008f,0.2299f,-0.2058f,0f,0f,0f,1f],start_interpolation: 0,interpolation_duration: 1}
$data merge entity $(rightpointerfinger) {transformation: [-0.8557f,-0.5162f,-0.0366f,-1.0238f,0.4907f,-0.787f,-0.374f,2.6325f,0.1642f,-0.338f,0.9267f,-0.0411f,0f,0f,0f,1f],start_interpolation: 0,interpolation_duration: 1}
$data merge entity $(rightmidfinger) {transformation: [-0.8557f,-0.5162f,-0.0366f,-1.0295f,0.4907f,-0.787f,-0.374f,2.5741f,0.1642f,-0.338f,0.9267f,0.1037f,0f,0f,0f,1f],start_interpolation: 0,interpolation_duration: 1}
$data merge entity $(rightringfinger) {transformation: [-0.8557f,-0.5162f,-0.0366f,-1.0353f,0.4907f,-0.787f,-0.374f,2.5157f,0.1642f,-0.338f,0.9267f,0.2485f,0f,0f,0f,1f],start_interpolation: 0,interpolation_duration: 1}
$data merge entity $(hugeasssword) {transformation: [-3.9102f,-0.1743f,-0.1434f,-0.7728f,0.2153f,-3.6261f,-1.4648f,2.3773f,-0.0676f,-1.4702f,3.6296f,0.0176f,0f,0f,0f,1f],start_interpolation: 0,interpolation_duration: 1}
$data merge entity $(whey) {transformation: [-0.9983f,0.0261f,-0.0514f,-0.5919f,0.055f,0.1647f,-0.9848f,2.5072f,-0.0173f,-0.986f,-0.1659f,-0.0746f,0f,0f,0f,1f],start_interpolation: 0,interpolation_duration: 1}
$data merge entity $(ice) {transformation: [-0.9983f,-0.0445f,-0.0366f,-0.7565f,0.055f,-0.9258f,-0.374f,2.3909f,-0.0173f,-0.3754f,0.9267f,0.0237f,0f,0f,0f,1f],start_interpolation: 0,interpolation_duration: 1}
$data merge entity $(righthand1) {transformation: [-0.9983f,-0.0445f,-0.0366f,-1.0184f,0.055f,-0.9258f,-0.374f,2.1615f,-0.0173f,-0.3754f,0.9267f,-0.0455f,0f,0f,0f,1f],start_interpolation: 0,interpolation_duration: 1}
$data merge entity $(rightforearm) {transformation: [-0.9983f,-0.0445f,-0.0366f,-0.9867f,0.055f,-0.9258f,-0.374f,1.513f,-0.0173f,-0.3754f,0.9267f,-0.3228f,0f,0f,0f,1f],start_interpolation: 0,interpolation_duration: 1}
$data merge entity $(rightelbow) {transformation: [-0.9983f,-0.0445f,-0.0366f,-0.995f,0.055f,-0.9258f,-0.374f,1.3394f,-0.0173f,-0.3754f,0.9267f,-0.3932f,0f,0f,0f,1f],start_interpolation: 0,interpolation_duration: 1}
$data merge entity $(rightarm) {transformation: [-0.9945f,0.0861f,0.0593f,-0.7363f,0.0245f,0.7435f,-0.6683f,1.7266f,-0.1016f,-0.6631f,-0.7416f,-0.6794f,0f,0f,0f,1f],start_interpolation: 0,interpolation_duration: 1}
$data merge entity $(chest1) {transformation: [-1.0823f,0.0049f,0.0463f,0.0147f,0.0094f,1.0782f,0.1051f,1.5713f,-0.0456f,0.1054f,-1.0772f,-0.773f,0f,0f,0f,1f],start_interpolation: 0,interpolation_duration: 1}
$data merge entity $(chest1lid) {transformation: [-0.9991f,0.0045f,0.0427f,-0.3463f,0.0087f,0.9952f,0.097f,0.8561f,-0.0421f,0.0973f,-0.9944f,-0.4647f,0f,0f,0f,1f],start_interpolation: 0,interpolation_duration: 1}
$data merge entity $(chest2) {transformation: [-0.9991f,0.0045f,0.0427f,-0.347f,0.0087f,0.9952f,0.097f,0.7006f,-0.0421f,0.0973f,-0.9944f,-0.4799f,0f,0f,0f,1f],start_interpolation: 0,interpolation_duration: 1}
$data merge entity $(chest1lid3) {transformation: [-0.9991f,0.0045f,0.0427f,-0.2565f,0.0087f,0.9952f,0.097f,0.9177f,-0.0421f,0.0973f,-0.9944f,-1.0991f,0f,0f,0f,1f],start_interpolation: 0,interpolation_duration: 1}
$data merge entity $(chest3) {transformation: [-0.9991f,0.0045f,0.0427f,-0.2572f,0.0087f,0.9952f,0.097f,0.7622f,-0.0421f,0.0973f,-0.9944f,-1.1143f,0f,0f,0f,1f],start_interpolation: 0,interpolation_duration: 1}
$data merge entity $(hugeasssword2) {transformation: [-0.1673f,2.897f,-2.6305f,-1.1997f,-0.3801f,2.6084f,2.8969f,2.7625f,3.8946f,0.379f,0.1697f,-0.9753f,0f,0f,0f,1f],start_interpolation: 0,interpolation_duration: 1}
$data merge entity $(belt) {transformation: [-0.9991f,0.0045f,0.0427f,0.0393f,0.0087f,0.9952f,0.097f,1.1619f,-0.0421f,0.0973f,-0.9944f,-0.6802f,0f,0f,0f,1f],start_interpolation: 0,interpolation_duration: 1}
$data merge entity $(torn_part) {transformation: [-0.999f,-0.0089f,0.0433f,-0.0853f,0.0069f,0.9363f,0.3512f,0.8825f,-0.0437f,0.3512f,-0.9353f,-0.7121f,0f,0f,0f,1f],start_interpolation: 0,interpolation_duration: 1}
$data merge entity $(lowerbody) {transformation: [-0.999f,0.0045f,0.044f,0.0039f,0.0069f,0.9985f,0.0534f,0.3867f,-0.0437f,0.0537f,-0.9976f,-0.5937f,0f,0f,0f,1f],start_interpolation: 0,interpolation_duration: 1}
execute on vehicle unless entity @s[tag=aj.transforms_only] positioned ^-0.096474051 ^2.4965132513 ^-0.2346644243 rotated ~36.0218116387 ~82.6764899129 run function animated_java:wander/animations/sit_eat/zzz/frames/139_locator_soup
data modify entity @s data merge value {"cameras":{},"locators":{"soup":{"px":-0.09647405101842,"py":2.496513251269581,"pz":-0.2346644242836694,"ry":36.02181163870938,"rx":82.67648991289813},"lefthand":{"px":0.5957747183795007,"py":2.31526357686228,"pz":0.10235864591478068,"ry":204.42604100686285,"rx":-35.224154933293185},"sword":{"px":-0.7138535754379383,"py":3.795414378567715,"pz":-3.4037765982000625,"ry":182.26247554908431,"rx":-21.961288046363734},"righthand":{"px":-0.8488631971190846,"py":2.4163629249691985,"pz":0.013480451010798658,"ry":182.26247554908431,"rx":-21.961288046363734},"chest":{"px":-0.38446138743178543,"py":0.7789987475844428,"pz":-0.31675764257179156,"ry":2.4602082523093998,"rx":5.568999935139391}}}
execute on vehicle unless entity @s[tag=aj.transforms_only] at @s run function animated_java:wander/animations/sit_eat/zzz/frames/139_root_function