# This file was generated by Animated Java via MC-Build. It is not recommended to edit this file directly.
$data merge entity $(nose) {transformation: [0.0542f,0.0267f,-0.9982f,0.412f,0.169f,0.985f,0.0355f,2.2997f,0.9841f,-0.1707f,0.0489f,-0.7243f,0f,0f,0f,1f],start_interpolation: 0,interpolation_duration: 1}
$data merge entity $(glowing_eye) {transformation: [0.0542f,0.0267f,-0.9982f,0.4554f,0.169f,0.985f,0.0355f,2.3863f,0.9841f,-0.1707f,0.0489f,-0.6146f,0f,0f,0f,1f],start_interpolation: 0,interpolation_duration: 1}
$data merge entity $(head) {transformation: [0.0542f,0.0267f,-0.9982f,0.2218f,0.169f,0.985f,0.0355f,2.1847f,0.9841f,-0.1707f,0.0489f,-0.6941f,0f,0f,0f,1f],start_interpolation: 0,interpolation_duration: 1}
$data merge entity $(leftthumb2) {transformation: [-0.388f,-0.5441f,0.7439f,1.1769f,-0.8113f,0.5846f,0.0046f,0.2758f,-0.4374f,-0.6017f,-0.6683f,-0.828f,0f,0f,0f,1f],start_interpolation: 0,interpolation_duration: 1}
$data merge entity $(leftthumb) {transformation: [-0.388f,-0.5441f,0.7439f,1.1071f,-0.8113f,0.5846f,0.0046f,0.4196f,-0.4374f,-0.6017f,-0.6683f,-1.0326f,0f,0f,0f,1f],start_interpolation: 0,interpolation_duration: 1}
$data merge entity $(leftpointerfinger) {transformation: [-0.569f,-0.6011f,0.5612f,1.3928f,-0.7147f,0.699f,0.024f,0.2696f,-0.4067f,-0.3875f,-0.8273f,-0.8998f,0f,0f,0f,1f],start_interpolation: 0,interpolation_duration: 1}
$data merge entity $(leftmidfinger) {transformation: [-0.569f,-0.6011f,0.5612f,1.4805f,-0.7147f,0.699f,0.024f,0.2733f,-0.4067f,-0.3875f,-0.8273f,-1.0291f,0f,0f,0f,1f],start_interpolation: 0,interpolation_duration: 1}
$data merge entity $(leftringfinger) {transformation: [-0.569f,-0.6011f,0.5612f,1.5682f,-0.7147f,0.699f,0.024f,0.2771f,-0.4067f,-0.3875f,-0.8273f,-1.1583f,0f,0f,0f,1f],start_interpolation: 0,interpolation_duration: 1}
$data merge entity $(invisibility) {transformation: [-0.5499f,-0.6115f,0.569f,1.2029f,0.6984f,0.037f,0.7147f,0.2112f,-0.4581f,0.7904f,0.4067f,-0.9926f,0f,0f,0f,1f],start_interpolation: 0,interpolation_duration: 1}
$data merge entity $(swiftness) {transformation: [0.5612f,-0.6011f,0.569f,1.3599f,0.024f,0.699f,0.7147f,0.0839f,-0.8273f,-0.3875f,0.4067f,-1.1164f,0f,0f,0f,1f],start_interpolation: 0,interpolation_duration: 1}
$data merge entity $(suspicious_stew) {transformation: [0f,0f,0f,1.3344f,0f,0f,0f,0.1915f,0f,0f,0f,-1.1305f,0f,0f,0f,1f],start_interpolation: 0,interpolation_duration: 1}
$data merge entity $(log) {transformation: [-0.569f,-0.6011f,0.5612f,1.2341f,-0.7147f,0.699f,0.024f,0.2045f,-0.4067f,-0.3875f,-0.8273f,-1.2549f,0f,0f,0f,1f],start_interpolation: 0,interpolation_duration: 1}
$data merge entity $(planks) {transformation: [-0.569f,-0.6011f,0.5612f,1.1808f,-0.7147f,0.699f,0.024f,0.1375f,-0.4067f,-0.3875f,-0.8273f,-1.293f,0f,0f,0f,1f],start_interpolation: 0,interpolation_duration: 1}
$data merge entity $(lefthand1) {transformation: [-0.569f,-0.6011f,0.5612f,1.2085f,-0.7147f,0.699f,0.024f,0.5572f,-0.4067f,-0.3875f,-0.8273f,-1.2242f,0f,0f,0f,1f],start_interpolation: 0,interpolation_duration: 1}
$data merge entity $(leftforearm) {transformation: [-0.569f,-0.6011f,0.5612f,0.7416f,-0.7147f,0.699f,0.024f,1.0036f,-0.4067f,-0.3875f,-0.8273f,-1.5092f,0f,0f,0f,1f],start_interpolation: 0,interpolation_duration: 1}
$data merge entity $(leftelbow) {transformation: [-0.569f,-0.6011f,0.5612f,0.6289f,-0.7147f,0.699f,0.024f,1.1346f,-0.4067f,-0.3875f,-0.8273f,-1.5818f,0f,0f,0f,1f],start_interpolation: 0,interpolation_duration: 1}
$data merge entity $(leftarm) {transformation: [-0.5413f,0.0481f,-0.8395f,0.5607f,-0.2053f,0.9606f,0.1874f,1.5642f,0.8154f,0.2738f,-0.5101f,-1.2506f,0f,0f,0f,1f],start_interpolation: 0,interpolation_duration: 1}
$data merge entity $(rightthumb2) {transformation: [-0.0113f,0.1486f,-0.9888f,-0.5446f,0.3242f,0.936f,0.1369f,0.1823f,0.9459f,-0.3191f,-0.0588f,0.2485f,0f,0f,0f,1f],start_interpolation: 0,interpolation_duration: 1}
$data merge entity $(rightthumb) {transformation: [-0.0113f,0.1486f,-0.9888f,-0.5927f,0.3242f,0.936f,0.1369f,0.4236f,0.9459f,-0.3191f,-0.0588f,0.1653f,0f,0f,0f,1f],start_interpolation: 0,interpolation_duration: 1}
$data merge entity $(rightpointerfinger) {transformation: [-0.0113f,0.1486f,-0.9888f,-0.689f,0.3242f,0.936f,0.1369f,0.1584f,0.9459f,-0.3191f,-0.0588f,0.3707f,0f,0f,0f,1f],start_interpolation: 0,interpolation_duration: 1}
$data merge entity $(rightmidfinger) {transformation: [-0.0113f,0.1486f,-0.9888f,-0.8435f,0.3242f,0.936f,0.1369f,0.1797f,0.9459f,-0.3191f,-0.0588f,0.3615f,0f,0f,0f,1f],start_interpolation: 0,interpolation_duration: 1}
$data merge entity $(rightringfinger) {transformation: [-0.0113f,0.1486f,-0.9888f,-0.998f,0.3242f,0.936f,0.1369f,0.2011f,0.9459f,-0.3191f,-0.0588f,0.3523f,0f,0f,0f,1f],start_interpolation: 0,interpolation_duration: 1}
$data merge entity $(hugeasssword) {transformation: [-0.0443f,0.5819f,-3.8729f,-0.7949f,1.2699f,3.6661f,0.5363f,0.2816f,3.7048f,-1.2497f,-0.2301f,0.0463f,0f,0f,0f,1f],start_interpolation: 0,interpolation_duration: 1}
$data merge entity $(whey) {transformation: [-0.0113f,0.9976f,-0.069f,-0.6678f,0.3242f,0.0689f,0.9435f,0.1189f,0.9459f,-0.0117f,-0.3242f,-0.0781f,0f,0f,0f,1f],start_interpolation: 0,interpolation_duration: 1}
$data merge entity $(ice) {transformation: [-0.0113f,0.1486f,-0.9888f,-0.797f,0.3242f,0.936f,0.1369f,0.2619f,0.9459f,-0.3191f,-0.0588f,0.0365f,0f,0f,0f,1f],start_interpolation: 0,interpolation_duration: 1}
$data merge entity $(righthand1) {transformation: [-0.0113f,0.1486f,-0.9888f,-0.7936f,0.3242f,0.936f,0.1369f,0.5813f,0.9459f,-0.3191f,-0.0588f,0.1914f,0f,0f,0f,1f],start_interpolation: 0,interpolation_duration: 1}
$data merge entity $(rightforearm) {transformation: [-0.0113f,0.1486f,-0.9888f,-0.673f,0.3242f,0.936f,0.1369f,1.217f,0.9459f,-0.3191f,-0.0588f,-0.0911f,0f,0f,0f,1f],start_interpolation: 0,interpolation_duration: 1}
$data merge entity $(rightelbow) {transformation: [-0.0113f,0.1486f,-0.9888f,-0.6451f,0.3242f,0.936f,0.1369f,1.3925f,0.9459f,-0.3191f,-0.0588f,-0.151f,0f,0f,0f,1f],start_interpolation: 0,interpolation_duration: 1}
$data merge entity $(rightarm) {transformation: [-0.9647f,0.1862f,-0.1862f,-0.3351f,0.1449f,0.9658f,0.2151f,1.837f,0.2199f,0.1805f,-0.9587f,-0.0788f,0f,0f,0f,1f],start_interpolation: 0,interpolation_duration: 1}
$data merge entity $(chest1) {transformation: [-0.647f,0.2849f,-0.8209f,-0.0142f,0.197f,1.0449f,0.2074f,1.5674f,0.8463f,-0.0254f,-0.6759f,-0.7278f,0f,0f,0f,1f],start_interpolation: 0,interpolation_duration: 1}
$data merge entity $(chest1lid) {transformation: [-0.5972f,0.263f,-0.7577f,-0.1013f,0.1819f,0.9645f,0.1914f,0.8954f,0.7812f,-0.0235f,-0.6239f,-0.2009f,0f,0f,0f,1f],start_interpolation: 0,interpolation_duration: 1}
$data merge entity $(chest2) {transformation: [-0.5972f,0.263f,-0.7577f,-0.1424f,0.1819f,0.9645f,0.1914f,0.7447f,0.7812f,-0.0235f,-0.6239f,-0.1973f,0f,0f,0f,1f],start_interpolation: 0,interpolation_duration: 1}
$data merge entity $(chest1lid3) {transformation: [-0.5972f,0.263f,-0.7577f,-0.5494f,0.1819f,0.9645f,0.1914f,1.0067f,0.7812f,-0.0235f,-0.6239f,-0.6494f,0f,0f,0f,1f],start_interpolation: 0,interpolation_duration: 1}
$data merge entity $(chest3) {transformation: [-0.5972f,0.263f,-0.7577f,-0.5905f,0.1819f,0.9645f,0.1914f,0.856f,0.7812f,-0.0235f,-0.6239f,-0.6458f,0f,0f,0f,1f],start_interpolation: 0,interpolation_duration: 1}
$data merge entity $(hugeasssword2) {transformation: [2.9677f,2.4206f,-0.8209f,-0.6456f,-0.7498f,2.027f,3.2664f,2.9613f,2.4435f,-2.3178f,1.9992f,0.0421f,0f,0f,0f,1f],start_interpolation: 0,interpolation_duration: 1}
$data merge entity $(belt) {transformation: [-0.5972f,0.263f,-0.7577f,-0.0006f,0.1819f,0.9645f,0.1914f,1.1524f,0.7812f,-0.0235f,-0.6239f,-0.6618f,0f,0f,0f,1f],start_interpolation: 0,interpolation_duration: 1}
$data merge entity $(torn_part) {transformation: [-0.8382f,0.1628f,-0.5206f,-0.1553f,-0.0757f,0.9105f,0.4066f,0.879f,0.5401f,0.3802f,-0.7508f,-0.5909f,0f,0f,0f,1f],start_interpolation: 0,interpolation_duration: 1}
$data merge entity $(lowerbody) {transformation: [-0.8382f,-0.0013f,-0.5454f,0.0039f,-0.0757f,0.9906f,0.114f,0.3867f,0.5401f,0.1369f,-0.8304f,-0.5937f,0f,0f,0f,1f],start_interpolation: 0,interpolation_duration: 1}
data modify entity @s data merge value {"cameras":{},"locators":{"soup":{"px":1.3344471727408829,"py":0.19150055003421543,"pz":-1.1305410988934494,"ry":125.53949709293961,"rx":46.07933880977591},"lefthand":{"px":1.325636374487304,"py":0.21650212098182398,"pz":-1.173567246345497,"ry":34.153103311314396,"rx":1.3773832627097613},"sword":{"px":2.8613862557776586,"py":-0.22939408375692072,"pz":0.3477955439527817,"ry":273.40062965396186,"rx":7.870511090689501},"righthand":{"px":-0.7849458848808323,"py":0.2755527473925439,"pz":0.13112328520011235,"ry":273.40062965396186,"rx":7.870511090689501},"chest":{"px":-0.018018204314826536,"py":0.8109210773087308,"pz":-0.07756529105479652,"ry":309.4673298963613,"rx":11.036143806128791}}}