# This file was generated by Animated Java via MC-Build. It is not recommended to edit this file directly.
$data merge entity $(nose) {transformation: [-0.9992f,0.0337f,0.0232f,0.0163f,0.0084f,0.7224f,-0.6915f,2.4386f,-0.04f,-0.6907f,-0.722f,-0.5949f,0f,0f,0f,1f],start_interpolation: 0,interpolation_duration: 1}
$data merge entity $(glowing_eye) {transformation: [-0.9992f,0.0337f,0.0232f,-0.1071f,0.0084f,0.7224f,-0.6915f,2.5127f,-0.04f,-0.6907f,-0.722f,-0.6215f,0f,0f,0f,1f],start_interpolation: 0,interpolation_duration: 1}
$data merge entity $(head) {transformation: [-0.9992f,0.0337f,0.0232f,0.0165f,0.0084f,0.7224f,-0.6915f,2.22f,-0.04f,-0.6907f,-0.722f,-0.6448f,0f,0f,0f,1f],start_interpolation: 0,interpolation_duration: 1}
$data merge entity $(leftthumb2) {transformation: [-0.366f,0.5233f,0.7695f,0.6123f,-0.2756f,-0.8508f,0.4474f,2.459f,0.8888f,-0.0483f,0.4557f,-0.2004f,0f,0f,0f,1f],start_interpolation: 0,interpolation_duration: 1}
$data merge entity $(leftthumb) {transformation: [-0.366f,0.5233f,0.7695f,0.8064f,-0.2756f,-0.8508f,0.4474f,2.2886f,0.8888f,-0.0483f,0.4557f,-0.1733f,0f,0f,0f,1f],start_interpolation: 0,interpolation_duration: 1}
$data merge entity $(leftpointerfinger) {transformation: [-0.9069f,0.2613f,-0.3305f,0.8044f,-0.0347f,-0.8282f,-0.5594f,2.5379f,-0.4199f,-0.4958f,0.7601f,0.0709f,0f,0f,0f,1f],start_interpolation: 0,interpolation_duration: 1}
$data merge entity $(leftmidfinger) {transformation: [-0.9069f,0.2613f,-0.3305f,0.7527f,-0.0347f,-0.8282f,-0.5594f,2.4505f,-0.4199f,-0.4958f,0.7601f,0.1897f,0f,0f,0f,1f],start_interpolation: 0,interpolation_duration: 1}
$data merge entity $(leftringfinger) {transformation: [-0.9069f,0.2613f,-0.3305f,0.7011f,-0.0347f,-0.8282f,-0.5594f,2.3631f,-0.4199f,-0.4958f,0.7601f,0.3085f,0f,0f,0f,1f],start_interpolation: 0,interpolation_duration: 1}
$data merge entity $(invisibility) {transformation: [0.2315f,0.3521f,0.9069f,0.6733f,-0.8738f,0.4851f,0.0347f,2.4583f,-0.4277f,-0.8005f,0.4199f,-0.0858f,0f,0f,0f,1f],start_interpolation: 0,interpolation_duration: 1}
$data merge entity $(swiftness) {transformation: [-0.3305f,0.2613f,0.9069f,0.5287f,-0.5594f,-0.8282f,0.0347f,2.4638f,0.7601f,-0.4958f,0.4199f,0.102f,0f,0f,0f,1f],start_interpolation: 0,interpolation_duration: 1}
$data merge entity $(suspicious_stew) {transformation: [2.1139f,0.3074f,0.1382f,-0.1467f,-0.0886f,-0.3403f,2.1116f,2.6293f,0.3252f,-2.0909f,-0.3233f,0.0962f,0f,0f,0f,1f],start_interpolation: 0,interpolation_duration: 1}
$data merge entity $(log) {transformation: [-0.9069f,0.2613f,-0.3305f,0.5312f,-0.0347f,-0.8282f,-0.5594f,2.2593f,-0.4199f,-0.4958f,0.7601f,0.0142f,0f,0f,0f,1f],start_interpolation: 0,interpolation_duration: 1}
$data merge entity $(planks) {transformation: [-0.9069f,0.2613f,-0.3305f,0.4462f,-0.0347f,-0.8282f,-0.5594f,2.256f,-0.4199f,-0.4958f,0.7601f,-0.0251f,0f,0f,0f,1f],start_interpolation: 0,interpolation_duration: 1}
$data merge entity $(lefthand1) {transformation: [-0.9069f,0.2613f,-0.3305f,0.8335f,-0.0347f,-0.8282f,-0.5594f,2.0784f,-0.4199f,-0.4958f,0.7601f,-0.0285f,0f,0f,0f,1f],start_interpolation: 0,interpolation_duration: 1}
$data merge entity $(leftforearm) {transformation: [-0.0277f,0.2722f,0.9618f,1.0082f,-0.5211f,-0.825f,0.2185f,1.4623f,0.853f,-0.4952f,0.1647f,-0.3259f,0f,0f,0f,1f],start_interpolation: 0,interpolation_duration: 1}
$data merge entity $(leftelbow) {transformation: [-0.0277f,0.2722f,0.9618f,1.0592f,-0.5211f,-0.825f,0.2185f,1.3076f,0.853f,-0.4952f,0.1647f,-0.4188f,0f,0f,0f,1f],start_interpolation: 0,interpolation_duration: 1}
$data merge entity $(leftarm) {transformation: [-0.9779f,-0.1577f,0.1373f,0.7622f,-0.2022f,0.8799f,-0.4299f,1.7167f,-0.0531f,-0.4482f,-0.8924f,-0.6266f,0f,0f,0f,1f],start_interpolation: 0,interpolation_duration: 1}
$data merge entity $(rightthumb2) {transformation: [-0.0001f,-0.6288f,-0.7775f,-0.7159f,0.3573f,-0.7262f,0.5873f,2.4771f,-0.934f,-0.2777f,0.2247f,-0.1892f,0f,0f,0f,1f],start_interpolation: 0,interpolation_duration: 1}
$data merge entity $(rightthumb) {transformation: [-0.0001f,-0.6288f,-0.7775f,-0.9366f,0.3573f,-0.7262f,0.5873f,2.3492f,-0.934f,-0.2777f,0.2247f,-0.2381f,0f,0f,0f,1f],start_interpolation: 0,interpolation_duration: 1}
$data merge entity $(rightpointerfinger) {transformation: [-0.8577f,-0.5131f,-0.0337f,-1.0349f,0.4909f,-0.7975f,-0.3507f,2.6448f,0.1531f,-0.3173f,0.9359f,-0.0808f,0f,0f,0f,1f],start_interpolation: 0,interpolation_duration: 1}
$data merge entity $(rightmidfinger) {transformation: [-0.8577f,-0.5131f,-0.0337f,-1.0402f,0.4909f,-0.7975f,-0.3507f,2.59f,0.1531f,-0.3173f,0.9359f,0.0654f,0f,0f,0f,1f],start_interpolation: 0,interpolation_duration: 1}
$data merge entity $(rightringfinger) {transformation: [-0.8577f,-0.5131f,-0.0337f,-1.0454f,0.4909f,-0.7975f,-0.3507f,2.5352f,0.1531f,-0.3173f,0.9359f,0.2117f,0f,0f,0f,1f],start_interpolation: 0,interpolation_duration: 1}
$data merge entity $(hugeasssword) {transformation: [-3.9116f,-0.1489f,-0.132f,-0.7821f,0.1858f,-3.6632f,-1.3736f,2.3929f,-0.0712f,-1.3781f,3.6655f,-0.0158f,0f,0f,0f,1f],start_interpolation: 0,interpolation_duration: 1}
$data merge entity $(whey) {transformation: [-0.9987f,0.0247f,-0.0444f,-0.6021f,0.0474f,0.14f,-0.989f,2.5218f,-0.0182f,-0.9898f,-0.141f,-0.1113f,0f,0f,0f,1f],start_interpolation: 0,interpolation_duration: 1}
$data merge entity $(ice) {transformation: [-0.9987f,-0.038f,-0.0337f,-0.7659f,0.0474f,-0.9353f,-0.3507f,2.4068f,-0.0182f,-0.3519f,0.9359f,-0.01f,0f,0f,0f,1f],start_interpolation: 0,interpolation_duration: 1}
$data merge entity $(righthand1) {transformation: [-0.9987f,-0.038f,-0.0337f,-1.0261f,0.0474f,-0.9353f,-0.3507f,2.1739f,-0.0182f,-0.3519f,0.9359f,-0.0733f,0f,0f,0f,1f],start_interpolation: 0,interpolation_duration: 1}
$data merge entity $(rightforearm) {transformation: [-0.9987f,-0.038f,-0.0337f,-0.9899f,0.0474f,-0.9353f,-0.3507f,1.5188f,-0.0182f,-0.3519f,0.9359f,-0.3342f,0f,0f,0f,1f],start_interpolation: 0,interpolation_duration: 1}
$data merge entity $(rightelbow) {transformation: [-0.9987f,-0.038f,-0.0337f,-0.997f,0.0474f,-0.9353f,-0.3507f,1.3434f,-0.0182f,-0.3519f,0.9359f,-0.4002f,0f,0f,0f,1f],start_interpolation: 0,interpolation_duration: 1}
$data merge entity $(rightarm) {transformation: [-0.9943f,0.0895f,0.0572f,-0.7365f,0.0283f,0.7423f,-0.6695f,1.7293f,-0.1024f,-0.6641f,-0.7406f,-0.6866f,0f,0f,0f,1f],start_interpolation: 0,interpolation_duration: 1}
$data merge entity $(chest1) {transformation: [-1.0824f,0.0055f,0.044f,0.0142f,0.009f,1.0798f,0.0872f,1.5721f,-0.0434f,0.0875f,-1.0789f,-0.7793f,0f,0f,0f,1f],start_interpolation: 0,interpolation_duration: 1}
$data merge entity $(chest1lid) {transformation: [-0.9992f,0.0051f,0.0406f,-0.3463f,0.0084f,0.9967f,0.0805f,0.8622f,-0.04f,0.0808f,-0.9959f,-0.4585f,0f,0f,0f,1f],start_interpolation: 0,interpolation_duration: 1}
$data merge entity $(chest2) {transformation: [-0.9992f,0.0051f,0.0406f,-0.3471f,0.0084f,0.9967f,0.0805f,0.7065f,-0.04f,0.0808f,-0.9959f,-0.4711f,0f,0f,0f,1f],start_interpolation: 0,interpolation_duration: 1}
$data merge entity $(chest1lid3) {transformation: [-0.9992f,0.0051f,0.0406f,-0.2579f,0.0084f,0.9967f,0.0805f,0.9133f,-0.04f,0.0808f,-0.9959f,-1.094f,0f,0f,0f,1f],start_interpolation: 0,interpolation_duration: 1}
$data merge entity $(chest3) {transformation: [-0.9992f,0.0051f,0.0406f,-0.2587f,0.0084f,0.9967f,0.0805f,0.7576f,-0.04f,0.0808f,-0.9959f,-1.1066f,0f,0f,0f,1f],start_interpolation: 0,interpolation_duration: 1}
$data merge entity $(hugeasssword2) {transformation: [-0.159f,2.8987f,-2.6291f,-1.2002f,-0.3154f,2.6133f,2.9003f,2.7602f,3.9007f,0.3294f,0.1274f,-0.9987f,0f,0f,0f,1f],start_interpolation: 0,interpolation_duration: 1}
$data merge entity $(belt) {transformation: [-0.9992f,0.0051f,0.0406f,0.0388f,0.0084f,0.9967f,0.0805f,1.1643f,-0.04f,0.0808f,-0.9959f,-0.6798f,0f,0f,0f,1f],start_interpolation: 0,interpolation_duration: 1}
$data merge entity $(torn_part) {transformation: [-0.9991f,-0.0087f,0.0413f,-0.0857f,0.0066f,0.9348f,0.3552f,0.8829f,-0.0416f,0.3552f,-0.9339f,-0.7098f,0f,0f,0f,1f],start_interpolation: 0,interpolation_duration: 1}
$data merge entity $(lowerbody) {transformation: [-0.9991f,0.0042f,0.0419f,0.0039f,0.0066f,0.9983f,0.0577f,0.3867f,-0.0416f,0.0579f,-0.9975f,-0.5937f,0f,0f,0f,1f],start_interpolation: 0,interpolation_duration: 1}
execute on vehicle unless entity @s[tag=aj.transforms_only] positioned ^-0.0982145584 ^2.5048080416 ^-0.2531064107 rotated ~23.1443387946 ~80.5463990765 run function animated_java:wander/animations/sit_eat/zzz/frames/141_locator_soup
data modify entity @s data merge value {"cameras":{},"locators":{"soup":{"px":-0.09821455844601572,"py":2.5048080415934586,"pz":-0.25310641067031814,"ry":23.144338794619472,"rx":80.54639907650142},"lefthand":{"px":0.6009494511005473,"py":2.335947200656847,"pz":0.08047405991363975,"ry":203.50185026442816,"rx":-34.01420312462394},"sword":{"px":-0.7341540216323114,"py":3.7245594341352932,"pz":-3.4719244542378886,"ry":182.06175518510236,"rx":-20.530702607012476},"righthand":{"px":-0.8583916937194855,"py":2.4313190467524772,"pz":-0.02087380968392917,"ry":182.06175518510236,"rx":-20.530702607012476},"chest":{"px":-0.38422485148116786,"py":0.7876206456058623,"pz":-0.3091395793249251,"ry":2.333648310292574,"rx":4.61906622830568}}}