# This file was generated by Animated Java via MC-Build. It is not recommended to edit this file directly.
$data merge entity $(nose) {transformation: [-0.9994f,0.031f,0.0168f,0.0165f,0.0072f,0.6469f,-0.7626f,2.4492f,-0.0345f,-0.762f,-0.6467f,-0.6633f,0f,0f,0f,1f],start_interpolation: 0,interpolation_duration: 1}
$data merge entity $(glowing_eye) {transformation: [-0.9994f,0.031f,0.0168f,-0.1069f,0.0072f,0.6469f,-0.7626f,2.5205f,-0.0345f,-0.762f,-0.6467f,-0.6966f,0f,0f,0f,1f],start_interpolation: 0,interpolation_duration: 1}
$data merge entity $(head) {transformation: [-0.9994f,0.031f,0.0168f,0.0158f,0.0072f,0.6469f,-0.7626f,2.2265f,-0.0345f,-0.762f,-0.6467f,-0.6903f,0f,0f,0f,1f],start_interpolation: 0,interpolation_duration: 1}
$data merge entity $(leftthumb2) {transformation: [-0.3621f,0.5442f,0.7567f,0.5917f,-0.2453f,-0.8389f,0.4859f,2.4813f,0.8993f,-0.0097f,0.4373f,-0.2665f,0f,0f,0f,1f],start_interpolation: 0,interpolation_duration: 1}
$data merge entity $(leftthumb) {transformation: [-0.3621f,0.5442f,0.7567f,0.7898f,-0.2453f,-0.8389f,0.4859f,2.3171f,0.8993f,-0.0097f,0.4373f,-0.2315f,0f,0f,0f,1f],start_interpolation: 0,interpolation_duration: 1}
$data merge entity $(leftpointerfinger) {transformation: [-0.9035f,0.2736f,-0.3299f,0.7834f,-0.0684f,-0.8519f,-0.5192f,2.5798f,-0.4231f,-0.4465f,0.7884f,-0.0018f,0f,0f,0f,1f],start_interpolation: 0,interpolation_duration: 1}
$data merge entity $(leftmidfinger) {transformation: [-0.9035f,0.2736f,-0.3299f,0.7318f,-0.0684f,-0.8519f,-0.5192f,2.4987f,-0.4231f,-0.4465f,0.7884f,0.1214f,0f,0f,0f,1f],start_interpolation: 0,interpolation_duration: 1}
$data merge entity $(leftringfinger) {transformation: [-0.9035f,0.2736f,-0.3299f,0.6803f,-0.0684f,-0.8519f,-0.5192f,2.4176f,-0.4231f,-0.4465f,0.7884f,0.2446f,0f,0f,0f,1f],start_interpolation: 0,interpolation_duration: 1}
$data merge entity $(invisibility) {transformation: [0.2438f,0.3525f,0.9035f,0.6542f,-0.8939f,0.443f,0.0684f,2.49f,-0.3761f,-0.8243f,0.4231f,-0.1546f,0f,0f,0f,1f],start_interpolation: 0,interpolation_duration: 1}
$data merge entity $(swiftness) {transformation: [-0.3299f,0.2736f,0.9035f,0.5082f,-0.5192f,-0.8519f,0.0684f,2.5045f,0.7884f,-0.4465f,0.4231f,0.0317f,0f,0f,0f,1f],start_interpolation: 0,interpolation_duration: 1}
$data merge entity $(suspicious_stew) {transformation: [2.0337f,0.3293f,0.0766f,-0.1545f,0.0135f,-0.5459f,1.9879f,2.6638f,0.3378f,-1.9605f,-0.5407f,0.0152f,0f,0f,0f,1f],start_interpolation: 0,interpolation_duration: 1}
$data merge entity $(log) {transformation: [-0.9035f,0.2736f,-0.3299f,0.5136f,-0.0684f,-0.8519f,-0.5192f,2.2954f,-0.4231f,-0.4465f,0.7884f,-0.0444f,0f,0f,0f,1f],start_interpolation: 0,interpolation_duration: 1}
$data merge entity $(planks) {transformation: [-0.9035f,0.2736f,-0.3299f,0.4289f,-0.0684f,-0.8519f,-0.5192f,2.289f,-0.4231f,-0.4465f,0.7884f,-0.084f,0f,0f,0f,1f],start_interpolation: 0,interpolation_duration: 1}
$data merge entity $(lefthand1) {transformation: [-0.9035f,0.2736f,-0.3299f,0.8182f,-0.0684f,-0.8519f,-0.5192f,2.1157f,-0.4231f,-0.4465f,0.7884f,-0.0749f,0f,0f,0f,1f],start_interpolation: 0,interpolation_duration: 1}
$data merge entity $(leftforearm) {transformation: [-0.0381f,0.2829f,0.9584f,0.9997f,-0.4738f,-0.8495f,0.232f,1.4852f,0.8798f,-0.4453f,0.1664f,-0.3356f,0f,0f,0f,1f],start_interpolation: 0,interpolation_duration: 1}
$data merge entity $(leftelbow) {transformation: [-0.0381f,0.2829f,0.9584f,1.0528f,-0.4738f,-0.8495f,0.232f,1.3259f,0.8798f,-0.4453f,0.1664f,-0.4191f,0f,0f,0f,1f],start_interpolation: 0,interpolation_duration: 1}
$data merge entity $(leftarm) {transformation: [-0.979f,-0.1454f,0.1426f,0.7615f,-0.1971f,0.8523f,-0.4844f,1.7241f,-0.0511f,-0.5024f,-0.8631f,-0.6545f,0f,0f,0f,1f],start_interpolation: 0,interpolation_duration: 1}
$data merge entity $(rightthumb2) {transformation: [-0.0329f,-0.6421f,-0.7659f,-0.6982f,0.2971f,-0.7379f,0.6059f,2.4943f,-0.9543f,-0.2076f,0.2151f,-0.2859f,0f,0f,0f,1f],start_interpolation: 0,interpolation_duration: 1}
$data merge entity $(rightthumb) {transformation: [-0.0329f,-0.6421f,-0.7659f,-0.9211f,0.2971f,-0.7379f,0.6059f,2.3652f,-0.9543f,-0.2076f,0.2151f,-0.3184f,0f,0f,0f,1f],start_interpolation: 0,interpolation_duration: 1}
$data merge entity $(rightpointerfinger) {transformation: [-0.8498f,-0.5267f,-0.0208f,-1.0159f,0.5101f,-0.8119f,-0.2841f,2.6716f,0.1327f,-0.252f,0.9586f,-0.1808f,0f,0f,0f,1f],start_interpolation: 0,interpolation_duration: 1}
$data merge entity $(rightmidfinger) {transformation: [-0.8498f,-0.5267f,-0.0208f,-1.0191f,0.5101f,-0.8119f,-0.2841f,2.6272f,0.1327f,-0.252f,0.9586f,-0.031f,0f,0f,0f,1f],start_interpolation: 0,interpolation_duration: 1}
$data merge entity $(rightringfinger) {transformation: [-0.8498f,-0.5267f,-0.0208f,-1.0224f,0.5101f,-0.8119f,-0.2841f,2.5828f,0.1327f,-0.252f,0.9586f,0.1188f,0f,0f,0f,1f],start_interpolation: 0,interpolation_duration: 1}
$data merge entity $(hugeasssword) {transformation: [-3.9115f,-0.1845f,-0.0815f,-0.7631f,0.2001f,-3.75f,-1.1126f,2.4236f,-0.0256f,-1.1152f,3.7544f,-0.1021f,0f,0f,0f,1f],start_interpolation: 0,interpolation_duration: 1}
$data merge entity $(whey) {transformation: [-0.9987f,0.0101f,-0.0505f,-0.5841f,0.0511f,0.0701f,-0.9962f,2.5445f,-0.0065f,-0.9975f,-0.0705f,-0.209f,0f,0f,0f,1f],start_interpolation: 0,interpolation_duration: 1}
$data merge entity $(ice) {transformation: [-0.9987f,-0.0471f,-0.0208f,-0.7467f,0.0511f,-0.9574f,-0.2841f,2.4378f,-0.0065f,-0.2847f,0.9586f,-0.0975f,0f,0f,0f,1f],start_interpolation: 0,interpolation_duration: 1}
$data merge entity $(righthand1) {transformation: [-0.9987f,-0.0471f,-0.0208f,-1.0088f,0.0511f,-0.9574f,-0.2841f,2.2023f,-0.0065f,-0.2847f,0.9586f,-0.1404f,0f,0f,0f,1f],start_interpolation: 0,interpolation_duration: 1}
$data merge entity $(rightforearm) {transformation: [-0.9987f,-0.0471f,-0.0208f,-0.9792f,0.0511f,-0.9574f,-0.2841f,1.5303f,-0.0065f,-0.2847f,0.9586f,-0.3552f,0f,0f,0f,1f],start_interpolation: 0,interpolation_duration: 1}
$data merge entity $(rightelbow) {transformation: [-0.9987f,-0.0471f,-0.0208f,-0.988f,0.0511f,-0.9574f,-0.2841f,1.3508f,-0.0065f,-0.2847f,0.9586f,-0.4085f,0f,0f,0f,1f],start_interpolation: 0,interpolation_duration: 1}
$data merge entity $(rightarm) {transformation: [-0.9959f,0.0688f,0.0585f,-0.7376f,0.0103f,0.7299f,-0.6834f,1.7349f,-0.0897f,-0.6801f,-0.7277f,-0.7062f,0f,0f,0f,1f],start_interpolation: 0,interpolation_duration: 1}
$data merge entity $(chest1) {transformation: [-1.0827f,0.0064f,0.0376f,0.0125f,0.0078f,1.0826f,0.0399f,1.5734f,-0.0374f,0.0401f,-1.0819f,-0.7963f,0f,0f,0f,1f],start_interpolation: 0,interpolation_duration: 1}
$data merge entity $(chest1lid) {transformation: [-0.9994f,0.0059f,0.0347f,-0.3464f,0.0072f,0.9993f,0.0368f,0.8784f,-0.0345f,0.037f,-0.9987f,-0.4426f,0f,0f,0f,1f],start_interpolation: 0,interpolation_duration: 1}
$data merge entity $(chest2) {transformation: [-0.9994f,0.0059f,0.0347f,-0.3473f,0.0072f,0.9993f,0.0368f,0.7223f,-0.0345f,0.037f,-0.9987f,-0.4483f,0f,0f,0f,1f],start_interpolation: 0,interpolation_duration: 1}
$data merge entity $(chest1lid3) {transformation: [-0.9994f,0.0059f,0.0347f,-0.2617f,0.0072f,0.9993f,0.0368f,0.9016f,-0.0345f,0.037f,-0.9987f,-1.0802f,0f,0f,0f,1f],start_interpolation: 0,interpolation_duration: 1}
$data merge entity $(chest3) {transformation: [-0.9994f,0.0059f,0.0347f,-0.2626f,0.0072f,0.9993f,0.0368f,0.7454f,-0.0345f,0.037f,-0.9987f,-1.086f,0f,0f,0f,1f],start_interpolation: 0,interpolation_duration: 1}
$data merge entity $(hugeasssword2) {transformation: [-0.1361f,2.9015f,-2.6273f,-1.2027f,-0.1442f,2.6234f,2.9047f,2.7515f,3.9116f,0.1976f,0.0156f,-1.0604f,0f,0f,0f,1f],start_interpolation: 0,interpolation_duration: 1}
$data merge entity $(belt) {transformation: [-0.9994f,0.0059f,0.0347f,0.0376f,0.0072f,0.9993f,0.0368f,1.1703f,-0.0345f,0.037f,-0.9987f,-0.6792f,0f,0f,0f,1f],start_interpolation: 0,interpolation_duration: 1}
$data merge entity $(torn_part) {transformation: [-0.9993f,-0.0078f,0.0355f,-0.087f,0.0057f,0.9309f,0.3653f,0.884f,-0.0359f,0.3653f,-0.9302f,-0.7039f,0f,0f,0f,1f],start_interpolation: 0,interpolation_duration: 1}
$data merge entity $(lowerbody) {transformation: [-0.9993f,0.0032f,0.0362f,0.0039f,0.0057f,0.9976f,0.0685f,0.3867f,-0.0359f,0.0687f,-0.997f,-0.5937f,0f,0f,0f,1f],start_interpolation: 0,interpolation_duration: 1}
execute on vehicle unless entity @s[tag=aj.transforms_only] positioned ^-0.1003187585 ^2.5078281411 ^-0.3048784729 rotated ~8.0668080199 ~74.639075904 run function animated_java:wander/animations/sit_eat/zzz/frames/146_locator_soup
data modify entity @s data merge value {"cameras":{},"locators":{"soup":{"px":-0.10031875845768226,"py":2.507828141144263,"pz":-0.3048784728703383,"ry":8.066808019907455,"rx":74.63907590400868},"lefthand":{"px":0.5820417031955402,"py":2.376454887174815,"pz":0.017873527291312863,"ry":202.70698704910887,"rx":-31.280086955697318},"sword":{"px":-0.7625945043763582,"py":3.509405489728027,"pz":-3.643420122421397,"ry":181.24314536087545,"rx":-16.50253965549227},"righthand":{"px":-0.839300356109409,"py":2.4619421883354895,"pz":-0.10865095109694464,"ry":181.24314536087545,"rx":-16.50253965549227},"chest":{"px":-0.3834143392657662,"py":0.8104600769702055,"pz":-0.2898952771623319,"ry":1.9926384684430047,"rx":2.109489739584171}}}