# This file was generated by Animated Java via MC-Build. It is not recommended to edit this file directly.
$data merge entity $(nose) {transformation: [-0.9995f,0.0294f,0.0145f,0.0162f,0.0066f,0.6147f,-0.7887f,2.452f,-0.0322f,-0.7882f,-0.6145f,-0.6908f,0f,0f,0f,1f],start_interpolation: 0,interpolation_duration: 1}
$data merge entity $(glowing_eye) {transformation: [-0.9995f,0.0294f,0.0145f,-0.1073f,0.0066f,0.6147f,-0.7887f,2.522f,-0.0322f,-0.7882f,-0.6145f,-0.7267f,0f,0f,0f,1f],start_interpolation: 0,interpolation_duration: 1}
$data merge entity $(head) {transformation: [-0.9995f,0.0294f,0.0145f,0.0153f,0.0066f,0.6147f,-0.7887f,2.2284f,-0.0322f,-0.7882f,-0.6145f,-0.7085f,0f,0f,0f,1f],start_interpolation: 0,interpolation_duration: 1}
$data merge entity $(leftthumb2) {transformation: [-0.3759f,0.5538f,0.743f,0.5714f,-0.2291f,-0.8325f,0.5045f,2.4858f,0.8979f,0.0194f,0.4398f,-0.3029f,0f,0f,0f,1f],start_interpolation: 0,interpolation_duration: 1}
$data merge entity $(leftthumb) {transformation: [-0.3759f,0.5538f,0.743f,0.7707f,-0.2291f,-0.8325f,0.5045f,2.3247f,0.8979f,0.0194f,0.4398f,-0.2605f,0f,0f,0f,1f],start_interpolation: 0,interpolation_duration: 1}
$data merge entity $(leftpointerfinger) {transformation: [-0.8945f,0.2883f,-0.3417f,0.7579f,-0.0864f,-0.8614f,-0.5006f,2.5933f,-0.4387f,-0.4182f,0.7954f,-0.038f,0f,0f,0f,1f],start_interpolation: 0,interpolation_duration: 1}
$data merge entity $(leftmidfinger) {transformation: [-0.8945f,0.2883f,-0.3417f,0.7045f,-0.0864f,-0.8614f,-0.5006f,2.5151f,-0.4387f,-0.4182f,0.7954f,0.0862f,0f,0f,0f,1f],start_interpolation: 0,interpolation_duration: 1}
$data merge entity $(leftringfinger) {transformation: [-0.8945f,0.2883f,-0.3417f,0.6511f,-0.0864f,-0.8614f,-0.5006f,2.4369f,-0.4387f,-0.4182f,0.7954f,0.2105f,0f,0f,0f,1f],start_interpolation: 0,interpolation_duration: 1}
$data merge entity $(invisibility) {transformation: [0.2575f,0.3655f,0.8945f,0.6324f,-0.9017f,0.4236f,0.0864f,2.4986f,-0.3473f,-0.8288f,0.4387f,-0.1909f,0f,0f,0f,1f],start_interpolation: 0,interpolation_duration: 1}
$data merge entity $(swiftness) {transformation: [-0.3417f,0.2883f,0.8945f,0.4827f,-0.5006f,-0.8614f,0.0864f,2.5169f,0.7954f,-0.4182f,0.4387f,-0.008f,0f,0f,0f,1f],start_interpolation: 0,interpolation_duration: 1}
$data merge entity $(suspicious_stew) {transformation: [1.9649f,0.3681f,0.0605f,-0.1596f,0.0567f,-0.6151f,1.9022f,2.665f,0.3687f,-1.8671f,-0.6148f,-0.0335f,0f,0f,0f,1f],start_interpolation: 0,interpolation_duration: 1}
$data merge entity $(log) {transformation: [-0.8945f,0.2883f,-0.3417f,0.491f,-0.0864f,-0.8614f,-0.5006f,2.3059f,-0.4387f,-0.4182f,0.7954f,-0.0783f,0f,0f,0f,1f],start_interpolation: 0,interpolation_duration: 1}
$data merge entity $(planks) {transformation: [-0.8945f,0.2883f,-0.3417f,0.4071f,-0.0864f,-0.8614f,-0.5006f,2.2978f,-0.4387f,-0.4182f,0.7954f,-0.1194f,0f,0f,0f,1f],start_interpolation: 0,interpolation_duration: 1}
$data merge entity $(lefthand1) {transformation: [-0.8945f,0.2883f,-0.3417f,0.7974f,-0.0864f,-0.8614f,-0.5006f,2.1278f,-0.4387f,-0.4182f,0.7954f,-0.098f,0f,0f,0f,1f],start_interpolation: 0,interpolation_duration: 1}
$data merge entity $(leftforearm) {transformation: [-0.0562f,0.2968f,0.9533f,0.9876f,-0.4513f,-0.8592f,0.2409f,1.4917f,0.8906f,-0.4167f,0.1823f,-0.3382f,0f,0f,0f,1f],start_interpolation: 0,interpolation_duration: 1}
$data merge entity $(leftelbow) {transformation: [-0.0562f,0.2968f,0.9533f,1.0433f,-0.4513f,-0.8592f,0.2409f,1.3305f,0.8906f,-0.4167f,0.1823f,-0.4163f,0f,0f,0f,1f],start_interpolation: 0,interpolation_duration: 1}
$data merge entity $(leftarm) {transformation: [-0.9807f,-0.1263f,0.1493f,0.761f,-0.1856f,0.8418f,-0.5069f,1.7267f,-0.0616f,-0.5248f,-0.849f,-0.6657f,0f,0f,0f,1f],start_interpolation: 0,interpolation_duration: 1}
$data merge entity $(rightthumb2) {transformation: [-0.0486f,-0.6585f,-0.751f,-0.666f,0.2628f,-0.7338f,0.6264f,2.4955f,-0.9636f,-0.167f,0.2087f,-0.3325f,0f,0f,0f,1f],start_interpolation: 0,interpolation_duration: 1}
$data merge entity $(rightthumb) {transformation: [-0.0486f,-0.6585f,-0.751f,-0.8917f,0.2628f,-0.7338f,0.6264f,2.369f,-0.9636f,-0.167f,0.2087f,-0.3556f,0f,0f,0f,1f],start_interpolation: 0,interpolation_duration: 1}
$data merge entity $(rightpointerfinger) {transformation: [-0.8384f,-0.545f,-0.0107f,-0.9795f,0.5304f,-0.8111f,-0.2464f,2.682f,0.1256f,-0.2123f,0.9691f,-0.2286f,0f,0f,0f,1f],start_interpolation: 0,interpolation_duration: 1}
$data merge entity $(rightmidfinger) {transformation: [-0.8384f,-0.545f,-0.0107f,-0.9812f,0.5304f,-0.8111f,-0.2464f,2.6435f,0.1256f,-0.2123f,0.9691f,-0.0772f,0f,0f,0f,1f],start_interpolation: 0,interpolation_duration: 1}
$data merge entity $(rightringfinger) {transformation: [-0.8384f,-0.545f,-0.0107f,-0.9829f,0.5304f,-0.8111f,-0.2464f,2.605f,0.1256f,-0.2123f,0.9691f,0.0742f,0f,0f,0f,1f],start_interpolation: 0,interpolation_duration: 1}
$data merge entity $(hugeasssword) {transformation: [-3.9078f,-0.2602f,-0.0419f,-0.7295f,0.2625f,-3.7868f,-0.9652f,2.4332f,0.0236f,-0.9659f,3.7956f,-0.144f,0f,0f,0f,1f],start_interpolation: 0,interpolation_duration: 1}
$data merge entity $(whey) {transformation: [-0.9977f,-0.0039f,-0.0672f,-0.5503f,0.067f,0.0313f,-0.9973f,2.547f,0.006f,-0.9995f,-0.031f,-0.2582f,0f,0f,0f,1f],start_interpolation: 0,interpolation_duration: 1}
$data merge entity $(ice) {transformation: [-0.9977f,-0.0664f,-0.0107f,-0.7129f,0.067f,-0.9668f,-0.2464f,2.4473f,0.006f,-0.2466f,0.9691f,-0.1403f,0f,0f,0f,1f],start_interpolation: 0,interpolation_duration: 1}
$data merge entity $(righthand1) {transformation: [-0.9977f,-0.0664f,-0.0107f,-0.9793f,0.067f,-0.9668f,-0.2464f,2.2146f,0.006f,-0.2466f,0.9691f,-0.1701f,0f,0f,0f,1f],start_interpolation: 0,interpolation_duration: 1}
$data merge entity $(rightforearm) {transformation: [-0.9977f,-0.0664f,-0.0107f,-0.9634f,0.067f,-0.9668f,-0.2464f,1.5345f,0.006f,-0.2466f,0.9691f,-0.359f,0f,0f,0f,1f],start_interpolation: 0,interpolation_duration: 1}
$data merge entity $(rightelbow) {transformation: [-0.9977f,-0.0664f,-0.0107f,-0.9759f,0.067f,-0.9668f,-0.2464f,1.3532f,0.006f,-0.2466f,0.9691f,-0.4053f,0f,0f,0f,1f],start_interpolation: 0,interpolation_duration: 1}
$data merge entity $(rightarm) {transformation: [-0.9971f,0.043f,0.0624f,-0.7382f,-0.0126f,0.718f,-0.696f,1.7366f,-0.0747f,-0.6948f,-0.7153f,-0.7139f,0f,0f,0f,1f],start_interpolation: 0,interpolation_duration: 1}
$data merge entity $(chest1) {transformation: [-1.0827f,0.0065f,0.035f,0.0116f,0.0072f,1.0831f,0.021f,1.5735f,-0.0348f,0.0212f,-1.0826f,-0.803f,0f,0f,0f,1f],start_interpolation: 0,interpolation_duration: 1}
$data merge entity $(chest1lid) {transformation: [-0.9995f,0.006f,0.0323f,-0.3464f,0.0066f,0.9998f,0.0193f,0.8849f,-0.0322f,0.0196f,-0.9993f,-0.4363f,0f,0f,0f,1f],start_interpolation: 0,interpolation_duration: 1}
$data merge entity $(chest2) {transformation: [-0.9995f,0.006f,0.0323f,-0.3473f,0.0066f,0.9998f,0.0193f,0.7287f,-0.0322f,0.0196f,-0.9993f,-0.4394f,0f,0f,0f,1f],start_interpolation: 0,interpolation_duration: 1}
$data merge entity $(chest1lid3) {transformation: [-0.9995f,0.006f,0.0323f,-0.2632f,0.0066f,0.9998f,0.0193f,0.8969f,-0.0322f,0.0196f,-0.9993f,-1.0745f,0f,0f,0f,1f],start_interpolation: 0,interpolation_duration: 1}
$data merge entity $(chest3) {transformation: [-0.9995f,0.006f,0.0323f,-0.2641f,0.0066f,0.9998f,0.0193f,0.7407f,-0.0322f,0.0196f,-0.9993f,-1.0775f,0f,0f,0f,1f],start_interpolation: 0,interpolation_duration: 1}
$data merge entity $(hugeasssword2) {transformation: [-0.1264f,2.902f,-2.6273f,-1.2042f,-0.0758f,2.6263f,2.9046f,2.7469f,3.9139f,0.1446f,-0.0286f,-1.0847f,0f,0f,0f,1f],start_interpolation: 0,interpolation_duration: 1}
$data merge entity $(belt) {transformation: [-0.9995f,0.006f,0.0323f,0.037f,0.0066f,0.9998f,0.0193f,1.1726f,-0.0322f,0.0196f,-0.9993f,-0.679f,0f,0f,0f,1f],start_interpolation: 0,interpolation_duration: 1}
$data merge entity $(torn_part) {transformation: [-0.9994f,-0.0074f,0.033f,-0.0876f,0.0053f,0.9293f,0.3694f,0.8845f,-0.0334f,0.3693f,-0.9287f,-0.7016f,0f,0f,0f,1f],start_interpolation: 0,interpolation_duration: 1}
$data merge entity $(lowerbody) {transformation: [-0.9994f,0.0028f,0.0337f,0.0039f,0.0053f,0.9973f,0.0728f,0.3867f,-0.0334f,0.073f,-0.9968f,-0.5937f,0f,0f,0f,1f],start_interpolation: 0,interpolation_duration: 1}
execute on vehicle unless entity @s[tag=aj.transforms_only] positioned ^-0.0982170465 ^2.4998053126 ^-0.3352351134 rotated ~5.620590167 ~72.0093458352 run function animated_java:wander/animations/sit_eat/zzz/frames/148_locator_soup
data modify entity @s data merge value {"cameras":{},"locators":{"soup":{"px":-0.09821704652312854,"py":2.4998053126008477,"pz":-0.3352351133803333,"ry":5.620590166951985,"rx":72.00934583523441},"lefthand":{"px":0.5576459141900031,"py":2.389072135866036,"pz":-0.016908868920867265,"ry":203.24902657523788,"rx":-30.03886781263398},"sword":{"px":-0.7657685868899017,"py":3.381249068335887,"pz":-3.724524592394244,"ry":180.6323718630218,"rx":-14.267084934899511},"righthand":{"px":-0.8052113619949567,"py":2.4724931038164346,"pz":-0.1509741010142302,"ry":180.6323718630218,"rx":-14.267084934899511},"chest":{"px":-0.3830071584777836,"py":0.8196336881576605,"pz":-0.28241344609456975,"ry":1.850076535646707,"rx":1.1086404465187214}}}