# This file was generated by Animated Java via MC-Build. It is not recommended to edit this file directly.
$data merge entity $(nose) {transformation: [-0.9996f,0.0268f,0.0114f,0.0152f,0.0057f,0.5666f,-0.824f,2.4548f,-0.0285f,-0.8236f,-0.5665f,-0.73f,0f,0f,0f,1f],start_interpolation: 0,interpolation_duration: 1}
$data merge entity $(glowing_eye) {transformation: [-0.9996f,0.0268f,0.0114f,-0.1083f,0.0057f,0.5666f,-0.824f,2.5227f,-0.0285f,-0.8236f,-0.5665f,-0.7695f,0f,0f,0f,1f],start_interpolation: 0,interpolation_duration: 1}
$data merge entity $(head) {transformation: [-0.9996f,0.0268f,0.0114f,0.0141f,0.0057f,0.5666f,-0.824f,2.2306f,-0.0285f,-0.8236f,-0.5665f,-0.7344f,0f,0f,0f,1f],start_interpolation: 0,interpolation_duration: 1}
$data merge entity $(leftthumb2) {transformation: [-0.4069f,0.5675f,0.7158f,0.5323f,-0.2043f,-0.8203f,0.5342f,2.4863f,0.8903f,0.0711f,0.4498f,-0.3621f,0f,0f,0f,1f],start_interpolation: 0,interpolation_duration: 1}
$data merge entity $(leftthumb) {transformation: [-0.4069f,0.5675f,0.7158f,0.7326f,-0.2043f,-0.8203f,0.5342f,2.3308f,0.8903f,0.0711f,0.4498f,-0.3062f,0f,0f,0f,1f],start_interpolation: 0,interpolation_duration: 1}
$data merge entity $(leftpointerfinger) {transformation: [-0.8745f,0.3168f,-0.3672f,0.7071f,-0.1172f,-0.8728f,-0.4738f,2.6078f,-0.4706f,-0.3713f,0.8004f,-0.0954f,0f,0f,0f,1f],start_interpolation: 0,interpolation_duration: 1}
$data merge entity $(leftmidfinger) {transformation: [-0.8745f,0.3168f,-0.3672f,0.6497f,-0.1172f,-0.8728f,-0.4738f,2.5338f,-0.4706f,-0.3713f,0.8004f,0.0297f,0f,0f,0f,1f],start_interpolation: 0,interpolation_duration: 1}
$data merge entity $(leftringfinger) {transformation: [-0.8745f,0.3168f,-0.3672f,0.5923f,-0.1172f,-0.8728f,-0.4738f,2.4597f,-0.4706f,-0.3713f,0.8004f,0.1547f,0f,0f,0f,1f],start_interpolation: 0,interpolation_duration: 1}
$data merge entity $(invisibility) {transformation: [0.2836f,0.3934f,0.8745f,0.5892f,-0.9107f,0.396f,0.1172f,2.5052f,-0.3002f,-0.8297f,0.4706f,-0.2493f,0f,0f,0f,1f],start_interpolation: 0,interpolation_duration: 1}
$data merge entity $(swiftness) {transformation: [-0.3672f,0.3168f,0.8745f,0.4319f,-0.4738f,-0.8728f,0.1172f,2.5284f,0.8004f,-0.3713f,0.4706f,-0.0734f,0f,0f,0f,1f],start_interpolation: 0,interpolation_duration: 1}
$data merge entity $(suspicious_stew) {transformation: [1.7727f,0.4225f,0.0466f,-0.1706f,0.1145f,-0.6671f,1.6926f,2.6543f,0.4093f,-1.6431f,-0.6753f,-0.1105f,0f,0f,0f,1f],start_interpolation: 0,interpolation_duration: 1}
$data merge entity $(log) {transformation: [-0.8745f,0.3168f,-0.3672f,0.4459f,-0.1172f,-0.8728f,-0.4738f,2.315f,-0.4706f,-0.3713f,0.8004f,-0.1348f,0f,0f,0f,1f],start_interpolation: 0,interpolation_duration: 1}
$data merge entity $(planks) {transformation: [-0.8745f,0.3168f,-0.3672f,0.3639f,-0.1172f,-0.8728f,-0.4738f,2.304f,-0.4706f,-0.3713f,0.8004f,-0.1789f,0f,0f,0f,1f],start_interpolation: 0,interpolation_duration: 1}
$data merge entity $(lefthand1) {transformation: [-0.8745f,0.3168f,-0.3672f,0.7552f,-0.1172f,-0.8728f,-0.4738f,2.1409f,-0.4706f,-0.3713f,0.8004f,-0.135f,0f,0f,0f,1f],start_interpolation: 0,interpolation_duration: 1}
$data merge entity $(leftforearm) {transformation: [-0.0931f,0.324f,0.9415f,0.9625f,-0.4179f,-0.8709f,0.2584f,1.4983f,0.9037f,-0.3694f,0.2165f,-0.3417f,0f,0f,0f,1f],start_interpolation: 0,interpolation_duration: 1}
$data merge entity $(leftelbow) {transformation: [-0.0931f,0.324f,0.9415f,1.0233f,-0.4179f,-0.8709f,0.2584f,1.335f,0.9037f,-0.3694f,0.2165f,-0.4109f,0f,0f,0f,1f],start_interpolation: 0,interpolation_duration: 1}
$data merge entity $(leftarm) {transformation: [-0.9831f,-0.0863f,0.1612f,0.76f,-0.1609f,0.827f,-0.5387f,1.7301f,-0.0868f,-0.5556f,-0.8269f,-0.6819f,0f,0f,0f,1f],start_interpolation: 0,interpolation_duration: 1}
$data merge entity $(rightthumb2) {transformation: [-0.0733f,-0.6889f,-0.7212f,-0.6f,0.2092f,-0.7176f,0.6643f,2.4901f,-0.9751f,-0.1022f,0.1967f,-0.4004f,0f,0f,0f,1f],start_interpolation: 0,interpolation_duration: 1}
$data merge entity $(rightthumb) {transformation: [-0.0733f,-0.6889f,-0.7212f,-0.8305f,0.2092f,-0.7176f,0.6643f,2.3709f,-0.9751f,-0.1022f,0.1967f,-0.4087f,0f,0f,0f,1f],start_interpolation: 0,interpolation_duration: 1}
$data merge entity $(rightpointerfinger) {transformation: [-0.8145f,-0.5801f,0.0093f,-0.9041f,0.5684f,-0.801f,-0.1878f,2.6938f,0.1164f,-0.1477f,0.9822f,-0.2985f,0f,0f,0f,1f],start_interpolation: 0,interpolation_duration: 1}
$data merge entity $(rightmidfinger) {transformation: [-0.8145f,-0.5801f,0.0093f,-0.9027f,0.5684f,-0.801f,-0.1878f,2.6645f,0.1164f,-0.1477f,0.9822f,-0.145f,0f,0f,0f,1f],start_interpolation: 0,interpolation_duration: 1}
$data merge entity $(rightringfinger) {transformation: [-0.8145f,-0.5801f,0.0093f,-0.9012f,0.5684f,-0.801f,-0.1878f,2.6351f,0.1164f,-0.1477f,0.9822f,0.0084f,0f,0f,0f,1f],start_interpolation: 0,interpolation_duration: 1}
$data merge entity $(hugeasssword) {transformation: [-3.8945f,-0.4148f,0.0363f,-0.6602f,0.4006f,-3.8261f,-0.7355f,2.4418f,0.1134f,-0.7276f,3.8468f,-0.2058f,0f,0f,0f,1f],start_interpolation: 0,interpolation_duration: 1}
$data merge entity $(whey) {transformation: [-0.9943f,-0.032f,-0.1014f,-0.4807f,0.1023f,-0.0281f,-0.9944f,2.5422f,0.0289f,-0.9991f,0.0312f,-0.3315f,0f,0f,0f,1f],start_interpolation: 0,interpolation_duration: 1}
$data merge entity $(ice) {transformation: [-0.9943f,-0.1059f,0.0093f,-0.643f,0.1023f,-0.9769f,-0.1878f,2.4555f,0.0289f,-0.1858f,0.9822f,-0.2033f,0f,0f,0f,1f],start_interpolation: 0,interpolation_duration: 1}
$data merge entity $(righthand1) {transformation: [-0.9943f,-0.1059f,0.0093f,-0.9178f,0.1023f,-0.9769f,-0.1878f,2.231f,0.0289f,-0.1858f,0.9822f,-0.2119f,0f,0f,0f,1f],start_interpolation: 0,interpolation_duration: 1}
$data merge entity $(rightforearm) {transformation: [-0.9943f,-0.1059f,0.0093f,-0.9302f,0.1023f,-0.9769f,-0.1878f,1.5406f,0.0289f,-0.1858f,0.9822f,-0.3596f,0f,0f,0f,1f],start_interpolation: 0,interpolation_duration: 1}
$data merge entity $(rightelbow) {transformation: [-0.9943f,-0.1059f,0.0093f,-0.9501f,0.1023f,-0.9769f,-0.1878f,1.3575f,0.0289f,-0.1858f,0.9822f,-0.3945f,0f,0f,0f,1f],start_interpolation: 0,interpolation_duration: 1}
$data merge entity $(rightarm) {transformation: [-0.9973f,-0.0103f,0.0728f,-0.7393f,-0.0596f,0.6915f,-0.7199f,1.7388f,-0.0429f,-0.7223f,-0.6902f,-0.7247f,0f,0f,0f,1f],start_interpolation: 0,interpolation_duration: 1}
$data merge entity $(chest1) {transformation: [-1.0829f,0.0064f,0.0309f,0.0102f,0.0062f,1.0833f,-0.0061f,1.5736f,-0.0309f,-0.0059f,-1.0829f,-0.8125f,0f,0f,0f,1f],start_interpolation: 0,interpolation_duration: 1}
$data merge entity $(chest1lid) {transformation: [-0.9996f,0.0059f,0.0285f,-0.3463f,0.0057f,1f,-0.0056f,0.8943f,-0.0285f,-0.0054f,-0.9996f,-0.4273f,0f,0f,0f,1f],start_interpolation: 0,interpolation_duration: 1}
$data merge entity $(chest2) {transformation: [-0.9996f,0.0059f,0.0285f,-0.3472f,0.0057f,1f,-0.0056f,0.738f,-0.0285f,-0.0054f,-0.9996f,-0.4265f,0f,0f,0f,1f],start_interpolation: 0,interpolation_duration: 1}
$data merge entity $(chest1lid3) {transformation: [-0.9996f,0.0059f,0.0285f,-0.2655f,0.0057f,1f,-0.0056f,0.8903f,-0.0285f,-0.0054f,-0.9996f,-1.0659f,0f,0f,0f,1f],start_interpolation: 0,interpolation_duration: 1}
$data merge entity $(chest3) {transformation: [-0.9996f,0.0059f,0.0285f,-0.2664f,0.0057f,1f,-0.0056f,0.7341f,-0.0285f,-0.0054f,-0.9996f,-1.0651f,0f,0f,0f,1f],start_interpolation: 0,interpolation_duration: 1}
$data merge entity $(hugeasssword2) {transformation: [-0.1116f,2.9021f,-2.6279f,-1.2069f,0.022f,2.6294f,2.9028f,2.7394f,3.915f,0.068f,-0.0912f,-1.1188f,0f,0f,0f,1f],start_interpolation: 0,interpolation_duration: 1}
$data merge entity $(belt) {transformation: [-0.9996f,0.0059f,0.0285f,0.0361f,0.0057f,1f,-0.0056f,1.1758f,-0.0285f,-0.0054f,-0.9996f,-0.6785f,0f,0f,0f,1f],start_interpolation: 0,interpolation_duration: 1}
$data merge entity $(torn_part) {transformation: [-0.9996f,-0.0068f,0.0291f,-0.0884f,0.0047f,0.9269f,0.3754f,0.8851f,-0.0295f,0.3753f,-0.9264f,-0.698f,0f,0f,0f,1f],start_interpolation: 0,interpolation_duration: 1}
$data merge entity $(lowerbody) {transformation: [-0.9996f,0.0023f,0.0298f,0.0039f,0.0047f,0.9968f,0.0793f,0.3867f,-0.0295f,0.0794f,-0.9964f,-0.5937f,0f,0f,0f,1f],start_interpolation: 0,interpolation_duration: 1}
execute on vehicle unless entity @s[tag=aj.transforms_only] positioned ^-0.0994119561 ^2.4867534 ^-0.3718109537 rotated ~3.9470862257 ~68.2033998875 run function animated_java:wander/animations/sit_eat/zzz/frames/151_locator_soup
data modify entity @s data merge value {"cameras":{},"locators":{"soup":{"px":-0.09941195612241839,"py":2.486753399986403,"pz":-0.3718109537367338,"ry":3.9470862257085173,"rx":68.2033998874552},"lefthand":{"px":0.5089025780706826,"py":2.401536205890922,"pz":-0.07418667738746512,"ry":204.64621947507527,"rx":-28.283945957592415},"sword":{"px":-0.7689304596855863,"py":3.1757145663074713,"pz":-3.834815999952949,"ry":179.45884880926945,"rx":-10.82353446273938},"righthand":{"px":-0.7347225924484958,"py":2.4832582009380983,"pz":-0.21307743209931085,"ry":179.45884880926945,"rx":-10.82353446273938},"chest":{"px":-0.3823180864446932,"py":0.832840716251035,"pz":-0.2717131342035814,"ry":1.6335034604145164,"rx":-0.3217074200634805}}}