# This file was generated by Animated Java via MC-Build. It is not recommended to edit this file directly.
$data merge entity $(nose) {transformation: [-0.9996f,0.0248f,0.0097f,0.0144f,0.0051f,0.5358f,-0.8443f,2.4558f,-0.0261f,-0.844f,-0.5358f,-0.7539f,0f,0f,0f,1f],start_interpolation: 0,interpolation_duration: 1}
$data merge entity $(glowing_eye) {transformation: [-0.9996f,0.0248f,0.0097f,-0.1093f,0.0051f,0.5358f,-0.8443f,2.5222f,-0.0261f,-0.844f,-0.5358f,-0.7956f,0f,0f,0f,1f],start_interpolation: 0,interpolation_duration: 1}
$data merge entity $(head) {transformation: [-0.9996f,0.0248f,0.0097f,0.0131f,0.0051f,0.5358f,-0.8443f,2.2316f,-0.0261f,-0.844f,-0.5358f,-0.75f,0f,0f,0f,1f],start_interpolation: 0,interpolation_duration: 1}
$data merge entity $(leftthumb2) {transformation: [-0.4375f,0.5762f,0.6903f,0.4975f,-0.1878f,-0.8093f,0.5565f,2.4817f,0.8794f,0.1139f,0.4623f,-0.406f,0f,0f,0f,1f],start_interpolation: 0,interpolation_duration: 1}
$data merge entity $(leftthumb) {transformation: [-0.4375f,0.5762f,0.6903f,0.6978f,-0.1878f,-0.8093f,0.5565f,2.3308f,0.8794f,0.1139f,0.4623f,-0.3385f,0f,0f,0f,1f],start_interpolation: 0,interpolation_duration: 1}
$data merge entity $(leftpointerfinger) {transformation: [-0.8541f,0.3423f,-0.3917f,0.6605f,-0.1421f,-0.8779f,-0.4573f,2.6129f,-0.5003f,-0.335f,0.7984f,-0.1365f,0f,0f,0f,1f],start_interpolation: 0,interpolation_duration: 1}
$data merge entity $(leftmidfinger) {transformation: [-0.8541f,0.3423f,-0.3917f,0.5993f,-0.1421f,-0.8779f,-0.4573f,2.5415f,-0.5003f,-0.335f,0.7984f,-0.0117f,0f,0f,0f,1f],start_interpolation: 0,interpolation_duration: 1}
$data merge entity $(leftringfinger) {transformation: [-0.8541f,0.3423f,-0.3917f,0.5381f,-0.1421f,-0.8779f,-0.4573f,2.47f,-0.5003f,-0.335f,0.7984f,0.113f,0f,0f,0f,1f],start_interpolation: 0,interpolation_duration: 1}
$data merge entity $(invisibility) {transformation: [0.3068f,0.42f,0.8541f,0.5501f,-0.9144f,0.3791f,0.1421f,2.5046f,-0.2641f,-0.8246f,0.5003f,-0.2919f,0f,0f,0f,1f],start_interpolation: 0,interpolation_duration: 1}
$data merge entity $(swiftness) {transformation: [-0.3917f,0.3423f,0.8541f,0.3858f,-0.4573f,-0.8779f,0.1421f,2.5303f,0.7984f,-0.335f,0.5003f,-0.1229f,0f,0f,0f,1f],start_interpolation: 0,interpolation_duration: 1}
$data merge entity $(suspicious_stew) {transformation: [1.5971f,0.4555f,0.0453f,-0.1815f,0.1467f,-0.665f,1.5154f,2.6376f,0.4336f,-1.4527f,-0.6795f,-0.1655f,0f,0f,0f,1f],start_interpolation: 0,interpolation_duration: 1}
$data merge entity $(log) {transformation: [-0.8541f,0.3423f,-0.3917f,0.4049f,-0.1421f,-0.8779f,-0.4573f,2.3155f,-0.5003f,-0.335f,0.7984f,-0.1778f,0f,0f,0f,1f],start_interpolation: 0,interpolation_duration: 1}
$data merge entity $(planks) {transformation: [-0.8541f,0.3423f,-0.3917f,0.3249f,-0.1421f,-0.8779f,-0.4573f,2.3022f,-0.5003f,-0.335f,0.7984f,-0.2247f,0f,0f,0f,1f],start_interpolation: 0,interpolation_duration: 1}
$data merge entity $(lefthand1) {transformation: [-0.8541f,0.3423f,-0.3917f,0.7163f,-0.1421f,-0.8779f,-0.4573f,2.1458f,-0.5003f,-0.335f,0.7984f,-0.1614f,0f,0f,0f,1f],start_interpolation: 0,interpolation_duration: 1}
$data merge entity $(leftforearm) {transformation: [-0.1268f,0.3485f,0.9287f,0.9388f,-0.3959f,-0.8762f,0.2747f,1.5007f,0.9095f,-0.3329f,0.2491f,-0.3425f,0f,0f,0f,1f],start_interpolation: 0,interpolation_duration: 1}
$data merge entity $(leftelbow) {transformation: [-0.1268f,0.3485f,0.9287f,1.0042f,-0.3959f,-0.8762f,0.2747f,1.3364f,0.9095f,-0.3329f,0.2491f,-0.4049f,0f,0f,0f,1f],start_interpolation: 0,interpolation_duration: 1}
$data merge entity $(leftarm) {transformation: [-0.984f,-0.0486f,0.1717f,0.7593f,-0.138f,0.8169f,-0.5601f,1.7321f,-0.113f,-0.5748f,-0.8105f,-0.6917f,0f,0f,0f,1f],start_interpolation: 0,interpolation_duration: 1}
$data merge entity $(rightthumb2) {transformation: [-0.0915f,-0.7135f,-0.6946f,-0.5405f,0.1711f,-0.6985f,0.6949f,2.48f,-0.981f,-0.0553f,0.186f,-0.446f,0f,0f,0f,1f],start_interpolation: 0,interpolation_duration: 1}
$data merge entity $(rightthumb) {transformation: [-0.0915f,-0.7135f,-0.6946f,-0.7749f,0.1711f,-0.6985f,0.6949f,2.3681f,-0.981f,-0.0553f,0.186f,-0.4437f,0f,0f,0f,1f],start_interpolation: 0,interpolation_duration: 1}
$data merge entity $(rightpointerfinger) {transformation: [-0.7925f,-0.6092f,0.027f,-0.8357f,0.5997f,-0.7866f,-0.1466f,2.6976f,0.1106f,-0.1f,0.9888f,-0.3457f,0f,0f,0f,1f],start_interpolation: 0,interpolation_duration: 1}
$data merge entity $(rightmidfinger) {transformation: [-0.7925f,-0.6092f,0.027f,-0.8315f,0.5997f,-0.7866f,-0.1466f,2.6747f,0.1106f,-0.1f,0.9888f,-0.1912f,0f,0f,0f,1f],start_interpolation: 0,interpolation_duration: 1}
$data merge entity $(rightringfinger) {transformation: [-0.7925f,-0.6092f,0.027f,-0.8272f,0.5997f,-0.7866f,-0.1466f,2.6518f,0.1106f,-0.1f,0.9888f,-0.0367f,0f,0f,0f,1f],start_interpolation: 0,interpolation_duration: 1}
$data merge entity $(hugeasssword) {transformation: [-3.8763f,-0.551f,0.1057f,-0.5976f,0.5299f,-3.8379f,-0.5743f,2.442f,0.1844f,-0.5541f,3.8729f,-0.2479f,0f,0f,0f,1f],start_interpolation: 0,interpolation_duration: 1}
$data merge entity $(whey) {transformation: [-0.9897f,-0.0568f,-0.1315f,-0.4181f,0.1353f,-0.0689f,-0.9884f,2.5312f,0.0471f,-0.996f,0.0759f,-0.3818f,0f,0f,0f,1f],start_interpolation: 0,interpolation_duration: 1}
$data merge entity $(ice) {transformation: [-0.9897f,-0.1407f,0.027f,-0.5799f,0.1353f,-0.9799f,-0.1466f,2.4552f,0.0471f,-0.1415f,0.9888f,-0.2464f,0f,0f,0f,1f],start_interpolation: 0,interpolation_duration: 1}
$data merge entity $(righthand1) {transformation: [-0.9897f,-0.1407f,0.027f,-0.8617f,0.1353f,-0.9799f,-0.1466f,2.2394f,0.0471f,-0.1415f,0.9888f,-0.2391f,0f,0f,0f,1f],start_interpolation: 0,interpolation_duration: 1}
$data merge entity $(rightforearm) {transformation: [-0.9897f,-0.1407f,0.027f,-0.8991f,0.1353f,-0.9799f,-0.1466f,1.5443f,0.0471f,-0.1415f,0.9888f,-0.357f,0f,0f,0f,1f],start_interpolation: 0,interpolation_duration: 1}
$data merge entity $(rightelbow) {transformation: [-0.9897f,-0.1407f,0.027f,-0.9255f,0.1353f,-0.9799f,-0.1466f,1.3606f,0.0471f,-0.1415f,0.9888f,-0.3835f,0f,0f,0f,1f],start_interpolation: 0,interpolation_duration: 1}
$data merge entity $(rightarm) {transformation: [-0.9946f,-0.0592f,0.0848f,-0.7402f,-0.1026f,0.6675f,-0.7375f,1.7398f,-0.013f,-0.7422f,-0.67f,-0.7309f,0f,0f,0f,1f],start_interpolation: 0,interpolation_duration: 1}
$data merge entity $(chest1) {transformation: [-1.083f,0.0061f,0.0281f,0.0092f,0.0055f,1.0831f,-0.0226f,1.5734f,-0.0283f,-0.0225f,-1.0827f,-0.818f,0f,0f,0f,1f],start_interpolation: 0,interpolation_duration: 1}
$data merge entity $(chest1lid) {transformation: [-0.9996f,0.0057f,0.026f,-0.3462f,0.0051f,0.9998f,-0.0209f,0.9001f,-0.0261f,-0.0207f,-0.9994f,-0.4217f,0f,0f,0f,1f],start_interpolation: 0,interpolation_duration: 1}
$data merge entity $(chest2) {transformation: [-0.9996f,0.0057f,0.026f,-0.347f,0.0051f,0.9998f,-0.0209f,0.7438f,-0.0261f,-0.0207f,-0.9994f,-0.4184f,0f,0f,0f,1f],start_interpolation: 0,interpolation_duration: 1}
$data merge entity $(chest1lid3) {transformation: [-0.9996f,0.0057f,0.026f,-0.267f,0.0051f,0.9998f,-0.0209f,0.8864f,-0.0261f,-0.0207f,-0.9994f,-1.0603f,0f,0f,0f,1f],start_interpolation: 0,interpolation_duration: 1}
$data merge entity $(chest3) {transformation: [-0.9996f,0.0057f,0.026f,-0.2679f,0.0051f,0.9998f,-0.0209f,0.7301f,-0.0261f,-0.0207f,-0.9994f,-1.0571f,0f,0f,0f,1f],start_interpolation: 0,interpolation_duration: 1}
$data merge entity $(hugeasssword2) {transformation: [-0.1017f,2.9016f,-2.6288f,-1.209f,0.0818f,2.6307f,2.9006f,2.7342f,3.9145f,0.0205f,-0.1289f,-1.139f,0f,0f,0f,1f],start_interpolation: 0,interpolation_duration: 1}
$data merge entity $(belt) {transformation: [-0.9996f,0.0057f,0.026f,0.0355f,0.0051f,0.9998f,-0.0209f,1.1778f,-0.0261f,-0.0207f,-0.9994f,-0.6781f,0f,0f,0f,1f],start_interpolation: 0,interpolation_duration: 1}
$data merge entity $(torn_part) {transformation: [-0.9996f,-0.0063f,0.0265f,-0.0889f,0.0042f,0.9253f,0.3793f,0.8854f,-0.0269f,0.3793f,-0.9249f,-0.6956f,0f,0f,0f,1f],start_interpolation: 0,interpolation_duration: 1}
$data merge entity $(lowerbody) {transformation: [-0.9996f,0.002f,0.0272f,0.0039f,0.0042f,0.9965f,0.0835f,0.3867f,-0.0269f,0.0836f,-0.9961f,-0.5937f,0f,0f,0f,1f],start_interpolation: 0,interpolation_duration: 1}
execute on vehicle unless entity @s[tag=aj.transforms_only] positioned ^-0.1045967378 ^2.4759813067 ^-0.393951688 rotated ~3.8127777723 ~65.8010724916 run function animated_java:wander/animations/sit_eat/zzz/frames/153_locator_soup
data modify entity @s data merge value {"cameras":{},"locators":{"soup":{"px":-0.10459673777268653,"py":2.4759813066643925,"pz":-0.3939516880152195,"ry":3.8127777722764904,"rx":65.8010724915713},"lefthand":{"px":0.46438858118775006,"py":2.4045327583370923,"pz":-0.11721824786364662,"ry":206.1302024623639,"rx":-27.21555820039637},"sword":{"px":-0.7704187608547125,"py":3.0261697125588465,"pz":-3.9015559143283065,"ry":178.4368251074228,"rx":-8.431888415693189},"righthand":{"px":-0.6709141533163145,"py":2.4854583376754635,"pz":-0.2552720125797932,"ry":178.4368251074228,"rx":-8.431888415693189},"chest":{"px":-0.38181311438938714,"py":0.8409889462992491,"pz":-0.26503625621269133,"ry":1.4888456086673045,"rx":-1.1963717779550842}}}