# This file was generated by Animated Java via MC-Build. It is not recommended to edit this file directly.
$data merge entity $(nose) {transformation: [-0.9997f,0.0237f,0.0089f,0.0138f,0.0048f,0.5212f,-0.8534f,2.4561f,-0.0249f,-0.8531f,-0.5212f,-0.7649f,0f,0f,0f,1f],start_interpolation: 0,interpolation_duration: 1}
$data merge entity $(glowing_eye) {transformation: [-0.9997f,0.0237f,0.0089f,-0.1098f,0.0048f,0.5212f,-0.8534f,2.5218f,-0.0249f,-0.8531f,-0.5212f,-0.8076f,0f,0f,0f,1f],start_interpolation: 0,interpolation_duration: 1}
$data merge entity $(head) {transformation: [-0.9997f,0.0237f,0.0089f,0.0126f,0.0048f,0.5212f,-0.8534f,2.232f,-0.0249f,-0.8531f,-0.5212f,-0.7571f,0f,0f,0f,1f],start_interpolation: 0,interpolation_duration: 1}
$data merge entity $(leftthumb2) {transformation: [-0.455f,0.5799f,0.6758f,0.4785f,-0.1792f,-0.803f,0.5684f,2.4782f,0.8723f,0.1375f,0.4693f,-0.4293f,0f,0f,0f,1f],start_interpolation: 0,interpolation_duration: 1}
$data merge entity $(leftthumb) {transformation: [-0.455f,0.5799f,0.6758f,0.6784f,-0.1792f,-0.803f,0.5684f,2.3298f,0.8723f,0.1375f,0.4693f,-0.3555f,0f,0f,0f,1f],start_interpolation: 0,interpolation_duration: 1}
$data merge entity $(leftpointerfinger) {transformation: [-0.8419f,0.3561f,-0.4054f,0.6347f,-0.1557f,-0.8797f,-0.4493f,2.6144f,-0.5166f,-0.3152f,0.7961f,-0.1582f,0f,0f,0f,1f],start_interpolation: 0,interpolation_duration: 1}
$data merge entity $(leftmidfinger) {transformation: [-0.8419f,0.3561f,-0.4054f,0.5713f,-0.1557f,-0.8797f,-0.4493f,2.5442f,-0.5166f,-0.3152f,0.7961f,-0.0338f,0f,0f,0f,1f],start_interpolation: 0,interpolation_duration: 1}
$data merge entity $(leftringfinger) {transformation: [-0.8419f,0.3561f,-0.4054f,0.508f,-0.1557f,-0.8797f,-0.4493f,2.474f,-0.5166f,-0.3152f,0.7961f,0.0906f,0f,0f,0f,1f],start_interpolation: 0,interpolation_duration: 1}
$data merge entity $(invisibility) {transformation: [0.3194f,0.4349f,0.8419f,0.5284f,-0.9155f,0.3709f,0.1557f,2.503f,-0.2446f,-0.8205f,0.5166f,-0.3144f,0f,0f,0f,1f],start_interpolation: 0,interpolation_duration: 1}
$data merge entity $(swiftness) {transformation: [-0.4054f,0.3561f,0.8419f,0.3604f,-0.4493f,-0.8797f,0.1557f,2.5298f,0.7961f,-0.3152f,0.5166f,-0.1494f,0f,0f,0f,1f],start_interpolation: 0,interpolation_duration: 1}
$data merge entity $(suspicious_stew) {transformation: [1.4987f,0.4669f,0.0467f,-0.1873f,0.1594f,-0.6535f,1.4191f,2.6274f,0.4413f,-1.3496f,-0.671f,-0.1935f,0f,0f,0f,1f],start_interpolation: 0,interpolation_duration: 1}
$data merge entity $(log) {transformation: [-0.8419f,0.3561f,-0.4054f,0.3823f,-0.1557f,-0.8797f,-0.4493f,2.3144f,-0.5166f,-0.3152f,0.7961f,-0.2009f,0f,0f,0f,1f],start_interpolation: 0,interpolation_duration: 1}
$data merge entity $(planks) {transformation: [-0.8419f,0.3561f,-0.4054f,0.3034f,-0.1557f,-0.8797f,-0.4493f,2.2998f,-0.5166f,-0.3152f,0.7961f,-0.2493f,0f,0f,0f,1f],start_interpolation: 0,interpolation_duration: 1}
$data merge entity $(lefthand1) {transformation: [-0.8419f,0.3561f,-0.4054f,0.6945f,-0.1557f,-0.8797f,-0.4493f,2.1474f,-0.5166f,-0.3152f,0.7961f,-0.1754f,0f,0f,0f,1f],start_interpolation: 0,interpolation_duration: 1}
$data merge entity $(leftforearm) {transformation: [-0.1457f,0.3618f,0.9208f,0.9254f,-0.3849f,-0.8782f,0.2841f,1.5015f,0.9114f,-0.313f,0.2672f,-0.3427f,0f,0f,0f,1f],start_interpolation: 0,interpolation_duration: 1}
$data merge entity $(leftelbow) {transformation: [-0.1457f,0.3618f,0.9208f,0.9932f,-0.3849f,-0.8782f,0.2841f,1.3369f,0.9114f,-0.313f,0.2672f,-0.4014f,0f,0f,0f,1f],start_interpolation: 0,interpolation_duration: 1}
$data merge entity $(leftarm) {transformation: [-0.9838f,-0.0271f,0.1774f,0.7589f,-0.1253f,0.8115f,-0.5708f,1.733f,-0.1285f,-0.5837f,-0.8017f,-0.6963f,0f,0f,0f,1f],start_interpolation: 0,interpolation_duration: 1}
$data merge entity $(rightthumb2) {transformation: [-0.1006f,-0.7263f,-0.68f,-0.5077f,0.1518f,-0.6867f,0.7109f,2.4734f,-0.9833f,-0.0318f,0.1793f,-0.4683f,0f,0f,0f,1f],start_interpolation: 0,interpolation_duration: 1}
$data merge entity $(rightthumb) {transformation: [-0.1006f,-0.7263f,-0.68f,-0.7439f,0.1518f,-0.6867f,0.7109f,2.3658f,-0.9833f,-0.0318f,0.1793f,-0.4607f,0f,0f,0f,1f],start_interpolation: 0,interpolation_duration: 1}
$data merge entity $(rightpointerfinger) {transformation: [-0.7801f,-0.6246f,0.0367f,-0.7977f,0.6164f,-0.7773f,-0.1261f,2.6983f,0.1073f,-0.0758f,0.9913f,-0.3692f,0f,0f,0f,1f],start_interpolation: 0,interpolation_duration: 1}
$data merge entity $(rightmidfinger) {transformation: [-0.7801f,-0.6246f,0.0367f,-0.792f,0.6164f,-0.7773f,-0.1261f,2.6786f,0.1073f,-0.0758f,0.9913f,-0.2143f,0f,0f,0f,1f],start_interpolation: 0,interpolation_duration: 1}
$data merge entity $(rightringfinger) {transformation: [-0.7801f,-0.6246f,0.0367f,-0.7863f,0.6164f,-0.7773f,-0.1261f,2.6589f,0.1073f,-0.0758f,0.9913f,-0.0594f,0f,0f,0f,1f],start_interpolation: 0,interpolation_duration: 1}
$data merge entity $(hugeasssword) {transformation: [-3.8638f,-0.6251f,0.1436f,-0.563f,0.6026f,-3.8384f,-0.4939f,2.4406f,0.2196f,-0.4652f,3.8827f,-0.2688f,0f,0f,0f,1f],start_interpolation: 0,interpolation_duration: 1}
$data merge entity $(whey) {transformation: [-0.9865f,-0.0703f,-0.1479f,-0.3836f,0.1539f,-0.089f,-0.9841f,2.5238f,0.0561f,-0.9935f,0.0986f,-0.4067f,0f,0f,0f,1f],start_interpolation: 0,interpolation_duration: 1}
$data merge entity $(ice) {transformation: [-0.9865f,-0.1596f,0.0367f,-0.5451f,0.1539f,-0.98f,-0.1261f,2.4535f,0.0561f,-0.1188f,0.9913f,-0.2678f,0f,0f,0f,1f],start_interpolation: 0,interpolation_duration: 1}
$data merge entity $(righthand1) {transformation: [-0.9865f,-0.1596f,0.0367f,-0.8304f,0.1539f,-0.98f,-0.1261f,2.243f,0.0561f,-0.1188f,0.9913f,-0.2525f,0f,0f,0f,1f],start_interpolation: 0,interpolation_duration: 1}
$data merge entity $(rightforearm) {transformation: [-0.9865f,-0.1596f,0.0367f,-0.8816f,0.1539f,-0.98f,-0.1261f,1.5463f,0.0561f,-0.1188f,0.9913f,-0.355f,0f,0f,0f,1f],start_interpolation: 0,interpolation_duration: 1}
$data merge entity $(rightelbow) {transformation: [-0.9865f,-0.1596f,0.0367f,-0.9115f,0.1539f,-0.98f,-0.1261f,1.3626f,0.0561f,-0.1188f,0.9913f,-0.3772f,0f,0f,0f,1f],start_interpolation: 0,interpolation_duration: 1}
$data merge entity $(rightarm) {transformation: [-0.992f,-0.0865f,0.0924f,-0.7406f,-0.1265f,0.6534f,-0.7464f,1.7403f,0.0042f,-0.7521f,-0.6591f,-0.7336f,0f,0f,0f,1f],start_interpolation: 0,interpolation_duration: 1}
$data merge entity $(chest1) {transformation: [-1.083f,0.006f,0.0268f,0.0086f,0.0052f,1.0829f,-0.0303f,1.5733f,-0.0269f,-0.0301f,-1.0826f,-0.8205f,0f,0f,0f,1f],start_interpolation: 0,interpolation_duration: 1}
$data merge entity $(chest1lid) {transformation: [-0.9997f,0.0055f,0.0247f,-0.3461f,0.0048f,0.9996f,-0.028f,0.9027f,-0.0249f,-0.0278f,-0.9993f,-0.419f,0f,0f,0f,1f],start_interpolation: 0,interpolation_duration: 1}
$data merge entity $(chest2) {transformation: [-0.9997f,0.0055f,0.0247f,-0.347f,0.0048f,0.9996f,-0.028f,0.7466f,-0.0249f,-0.0278f,-0.9993f,-0.4146f,0f,0f,0f,1f],start_interpolation: 0,interpolation_duration: 1}
$data merge entity $(chest1lid3) {transformation: [-0.9997f,0.0055f,0.0247f,-0.2678f,0.0048f,0.9996f,-0.028f,0.8845f,-0.0249f,-0.0278f,-0.9993f,-1.0576f,0f,0f,0f,1f],start_interpolation: 0,interpolation_duration: 1}
$data merge entity $(chest3) {transformation: [-0.9997f,0.0055f,0.0247f,-0.2686f,0.0048f,0.9996f,-0.028f,0.7284f,-0.0249f,-0.0278f,-0.9993f,-1.0532f,0f,0f,0f,1f],start_interpolation: 0,interpolation_duration: 1}
$data merge entity $(hugeasssword2) {transformation: [-0.0968f,2.9013f,-2.6293f,-1.2101f,0.1095f,2.6311f,2.8992f,2.7317f,3.9139f,-0.0018f,-0.1461f,-1.1482f,0f,0f,0f,1f],start_interpolation: 0,interpolation_duration: 1}
$data merge entity $(belt) {transformation: [-0.9997f,0.0055f,0.0247f,0.0352f,0.0048f,0.9996f,-0.028f,1.1787f,-0.0249f,-0.0278f,-0.9993f,-0.6778f,0f,0f,0f,1f],start_interpolation: 0,interpolation_duration: 1}
$data merge entity $(torn_part) {transformation: [-0.9997f,-0.006f,0.0252f,-0.0892f,0.004f,0.9245f,0.3812f,0.8856f,-0.0256f,0.3812f,-0.9241f,-0.6945f,0f,0f,0f,1f],start_interpolation: 0,interpolation_duration: 1}
$data merge entity $(lowerbody) {transformation: [-0.9997f,0.0018f,0.0258f,0.0039f,0.004f,0.9963f,0.0856f,0.3867f,-0.0256f,0.0857f,-0.996f,-0.5937f,0f,0f,0f,1f],start_interpolation: 0,interpolation_duration: 1}
execute on vehicle unless entity @s[tag=aj.transforms_only] positioned ^-0.1085149995 ^2.4706943385 ^-0.4044573302 rotated ~3.978522477 ~64.640762207 run function animated_java:wander/animations/sit_eat/zzz/frames/154_locator_soup
data modify entity @s data merge value {"cameras":{},"locators":{"soup":{"px":-0.10851499948977286,"py":2.4706943384771236,"pz":-0.4044573301743932,"ry":3.9785224769800607,"rx":64.64076220696776},"lefthand":{"px":0.4397614779001588,"py":2.404758816868247,"pz":-0.14029361746712812,"ry":206.9885595814406,"rx":-26.698534649531258},"sword":{"px":-0.7708353499631582,"py":2.9502453910140622,"pz":-3.9317190920570178,"ry":177.8816040644111,"rx":-7.24487814068852},"righthand":{"px":-0.6356167746066028,"py":2.4852136965398595,"pz":-0.2761592566811841,"ry":177.8816040644111,"rx":-7.24487814068852},"chest":{"px":-0.38154882758236486,"py":0.8447909213471546,"pz":-0.2618585760398796,"ry":1.4167869248266811,"rx":-1.6019022883485594}}}