# This file was generated by Animated Java via MC-Build. It is not recommended to edit this file directly.
$data merge entity $(nose) {transformation: [0.2748f,0.0242f,-0.9612f,0.4023f,0.1662f,0.9834f,0.0723f,2.286f,0.947f,-0.1796f,0.2663f,-0.8251f,0f,0f,0f,1f],start_interpolation: 0,interpolation_duration: 1}
$data merge entity $(glowing_eye) {transformation: [0.2748f,0.0242f,-0.9612f,0.4718f,0.1662f,0.9834f,0.0723f,2.3708f,0.947f,-0.1796f,0.2663f,-0.7282f,0f,0f,0f,1f],start_interpolation: 0,interpolation_duration: 1}
$data merge entity $(head) {transformation: [0.2748f,0.0242f,-0.9612f,0.2193f,0.1662f,0.9834f,0.0723f,2.1781f,0.947f,-0.1796f,0.2663f,-0.7531f,0f,0f,0f,1f],start_interpolation: 0,interpolation_duration: 1}
$data merge entity $(leftthumb2) {transformation: [-0.3937f,-0.6259f,0.6733f,1.1733f,-0.8138f,0.5779f,0.0612f,0.2502f,-0.4274f,-0.5238f,-0.7369f,-1.0505f,0f,0f,0f,1f],start_interpolation: 0,interpolation_duration: 1}
$data merge entity $(leftthumb) {transformation: [-0.3937f,-0.6259f,0.6733f,1.0774f,-0.8138f,0.5779f,0.0612f,0.3972f,-0.4274f,-0.5238f,-0.7369f,-1.2419f,0f,0f,0f,1f],start_interpolation: 0,interpolation_duration: 1}
$data merge entity $(leftpointerfinger) {transformation: [-0.6051f,-0.6665f,0.4354f,1.3826f,-0.7117f,0.698f,0.0792f,0.2497f,-0.3567f,-0.262f,-0.8967f,-1.159f,0f,0f,0f,1f],start_interpolation: 0,interpolation_duration: 1}
$data merge entity $(leftmidfinger) {transformation: [-0.6051f,-0.6665f,0.4354f,1.4507f,-0.7117f,0.698f,0.0792f,0.2621f,-0.3567f,-0.262f,-0.8967f,-1.2991f,0f,0f,0f,1f],start_interpolation: 0,interpolation_duration: 1}
$data merge entity $(leftringfinger) {transformation: [-0.6051f,-0.6665f,0.4354f,1.5187f,-0.7117f,0.698f,0.0792f,0.2744f,-0.3567f,-0.262f,-0.8967f,-1.4392f,0f,0f,0f,1f],start_interpolation: 0,interpolation_duration: 1}
$data merge entity $(invisibility) {transformation: [-0.626f,-0.4919f,0.6051f,1.1827f,0.7022f,-0.018f,0.7117f,0.1901f,-0.3392f,0.8705f,0.3567f,-1.2265f,0f,0f,0f,1f],start_interpolation: 0,interpolation_duration: 1}
$data merge entity $(swiftness) {transformation: [0.4354f,-0.6665f,0.6051f,1.3231f,0.0792f,0.698f,0.7117f,0.0734f,-0.8967f,-0.262f,0.3567f,-1.3777f,0f,0f,0f,1f],start_interpolation: 0,interpolation_duration: 1}
$data merge entity $(suspicious_stew) {transformation: [0f,0f,0f,1.2929f,0f,0f,0f,0.183f,0f,0f,0f,-1.3827f,0f,0f,0f,1f],start_interpolation: 0,interpolation_duration: 1}
$data merge entity $(log) {transformation: [-0.6051f,-0.6665f,0.4354f,1.1759f,-0.7117f,0.698f,0.0792f,0.1965f,-0.3567f,-0.262f,-0.8967f,-1.4906f,0f,0f,0f,1f],start_interpolation: 0,interpolation_duration: 1}
$data merge entity $(planks) {transformation: [-0.6051f,-0.6665f,0.4354f,1.1192f,-0.7117f,0.698f,0.0792f,0.1297f,-0.3567f,-0.262f,-0.8967f,-1.524f,0f,0f,0f,1f],start_interpolation: 0,interpolation_duration: 1}
$data merge entity $(lefthand1) {transformation: [-0.6051f,-0.6665f,0.4354f,1.147f,-0.7117f,0.698f,0.0792f,0.5464f,-0.3567f,-0.262f,-0.8967f,-1.4389f,0f,0f,0f,1f],start_interpolation: 0,interpolation_duration: 1}
$data merge entity $(leftforearm) {transformation: [-0.6051f,-0.6665f,0.4354f,0.6338f,-0.7117f,0.698f,0.0792f,0.9915f,-0.3567f,-0.262f,-0.8967f,-1.6314f,0f,0f,0f,1f],start_interpolation: 0,interpolation_duration: 1}
$data merge entity $(leftelbow) {transformation: [-0.6051f,-0.6665f,0.4354f,0.5088f,-0.7117f,0.698f,0.0792f,1.1223f,-0.3567f,-0.262f,-0.8967f,-1.6805f,0f,0f,0f,1f],start_interpolation: 0,interpolation_duration: 1}
$data merge entity $(leftarm) {transformation: [-0.4333f,0.0884f,-0.8969f,0.4862f,-0.2314f,0.9509f,0.2055f,1.5407f,0.871f,0.2966f,-0.3916f,-1.3294f,0f,0f,0f,1f],start_interpolation: 0,interpolation_duration: 1}
$data merge entity $(rightthumb2) {transformation: [0.0244f,0.1987f,-0.9798f,-0.5543f,0.3006f,0.9332f,0.1968f,0.1919f,0.9534f,-0.2993f,-0.037f,0.2245f,0f,0f,0f,1f],start_interpolation: 0,interpolation_duration: 1}
$data merge entity $(rightthumb) {transformation: [0.0244f,0.1987f,-0.9798f,-0.5893f,0.3006f,0.9332f,0.1968f,0.4376f,0.9534f,-0.2993f,-0.037f,0.148f,0f,0f,0f,1f],start_interpolation: 0,interpolation_duration: 1}
$data merge entity $(rightpointerfinger) {transformation: [0.0244f,0.1987f,-0.9798f,-0.6977f,0.3006f,0.9332f,0.1968f,0.1735f,0.9534f,-0.2993f,-0.037f,0.3487f,0f,0f,0f,1f],start_interpolation: 0,interpolation_duration: 1}
$data merge entity $(rightmidfinger) {transformation: [0.0244f,0.1987f,-0.9798f,-0.8508f,0.3006f,0.9332f,0.1968f,0.2042f,0.9534f,-0.2993f,-0.037f,0.3429f,0f,0f,0f,1f],start_interpolation: 0,interpolation_duration: 1}
$data merge entity $(rightringfinger) {transformation: [0.0244f,0.1987f,-0.9798f,-1.0039f,0.3006f,0.9332f,0.1968f,0.235f,0.9534f,-0.2993f,-0.037f,0.3372f,0f,0f,0f,1f],start_interpolation: 0,interpolation_duration: 1}
$data merge entity $(hugeasssword) {transformation: [0.0954f,0.7784f,-3.8374f,-0.8016f,1.1775f,3.6551f,0.7707f,0.3108f,3.7343f,-1.1724f,-0.1449f,0.0295f,0f,0f,0f,1f],start_interpolation: 0,interpolation_duration: 1}
$data merge entity $(whey) {transformation: [0.0244f,0.9995f,-0.018f,-0.6867f,0.3006f,0.0099f,0.9537f,0.144f,0.9534f,-0.0287f,-0.3003f,-0.1011f,0f,0f,0f,1f],start_interpolation: 0,interpolation_duration: 1}
$data merge entity $(ice) {transformation: [0.0244f,0.1987f,-0.9798f,-0.8051f,0.3006f,0.9332f,0.1968f,0.2916f,0.9534f,-0.2993f,-0.037f,0.0192f,0f,0f,0f,1f],start_interpolation: 0,interpolation_duration: 1}
$data merge entity $(righthand1) {transformation: [0.0244f,0.1987f,-0.9798f,-0.78f,0.3006f,0.9332f,0.1968f,0.6062f,0.9534f,-0.2993f,-0.037f,0.1816f,0f,0f,0f,1f],start_interpolation: 0,interpolation_duration: 1}
$data merge entity $(rightforearm) {transformation: [0.0244f,0.1987f,-0.9798f,-0.6264f,0.3006f,0.9332f,0.1968f,1.2405f,0.9534f,-0.2993f,-0.037f,-0.0879f,0f,0f,0f,1f],start_interpolation: 0,interpolation_duration: 1}
$data merge entity $(rightelbow) {transformation: [0.0244f,0.1987f,-0.9798f,-0.5892f,0.3006f,0.9332f,0.1968f,1.4155f,0.9534f,-0.2993f,-0.037f,-0.144f,0f,0f,0f,1f],start_interpolation: 0,interpolation_duration: 1}
$data merge entity $(rightarm) {transformation: [-0.9543f,0.2115f,-0.2111f,-0.2681f,0.1585f,0.9571f,0.2426f,1.8518f,0.2533f,0.1981f,-0.9469f,-0.0708f,0f,0f,0f,1f],start_interpolation: 0,interpolation_duration: 1}
$data merge entity $(chest1) {transformation: [-0.5448f,0.2916f,-0.8898f,-0.0256f,0.2246f,1.0401f,0.2033f,1.5635f,0.9091f,-0.0823f,-0.5835f,-0.7453f,0f,0f,0f,1f],start_interpolation: 0,interpolation_duration: 1}
$data merge entity $(chest1lid) {transformation: [-0.5029f,0.2691f,-0.8214f,-0.0598f,0.2074f,0.9601f,0.1876f,0.9047f,0.8391f,-0.076f,-0.5386f,-0.1961f,0f,0f,0f,1f],start_interpolation: 0,interpolation_duration: 1}
$data merge entity $(chest2) {transformation: [-0.5029f,0.2691f,-0.8214f,-0.1019f,0.2074f,0.9601f,0.1876f,0.7547f,0.8391f,-0.076f,-0.5386f,-0.1842f,0f,0f,0f,1f],start_interpolation: 0,interpolation_duration: 1}
$data merge entity $(chest1lid3) {transformation: [-0.5029f,0.2691f,-0.8214f,-0.5546f,0.2074f,0.9601f,0.1876f,1.0119f,0.8391f,-0.076f,-0.5386f,-0.5936f,0f,0f,0f,1f],start_interpolation: 0,interpolation_duration: 1}
$data merge entity $(chest3) {transformation: [-0.5029f,0.2691f,-0.8214f,-0.5967f,0.2074f,0.9601f,0.1876f,0.8619f,0.8391f,-0.076f,-0.5386f,-0.5817f,0f,0f,0f,1f],start_interpolation: 0,interpolation_duration: 1}
$data merge entity $(hugeasssword2) {transformation: [3.2171f,2.1643f,-0.5534f,-0.5505f,-0.7349f,1.9417f,3.3211f,2.9827f,2.1096f,-2.6241f,2.001f,0.0577f,0f,0f,0f,1f],start_interpolation: 0,interpolation_duration: 1}
$data merge entity $(belt) {transformation: [-0.5029f,0.2691f,-0.8214f,-0.0092f,0.2074f,0.9601f,0.1876f,1.1498f,0.8391f,-0.076f,-0.5386f,-0.6714f,0f,0f,0f,1f],start_interpolation: 0,interpolation_duration: 1}
$data merge entity $(torn_part) {transformation: [-0.7976f,0.1809f,-0.5755f,-0.1591f,-0.081f,0.9132f,0.3993f,0.8777f,0.5978f,0.365f,-0.7137f,-0.5813f,0f,0f,0f,1f],start_interpolation: 0,interpolation_duration: 1}
$data merge entity $(lowerbody) {transformation: [-0.7976f,-0.0005f,-0.6032f,0.0039f,-0.081f,0.991f,0.1062f,0.3867f,0.5978f,0.1335f,-0.7905f,-0.5937f,0f,0f,0f,1f],start_interpolation: 0,interpolation_duration: 1}
data modify entity @s data merge value {"cameras":{},"locators":{"soup":{"px":1.292865194344696,"py":0.18295114723220887,"pz":-1.3826978573428592,"ry":120.55445412974319,"rx":45.954753173859714},"lefthand":{"px":1.2779363097817673,"py":0.20742523475800512,"pz":-1.4226373454949355,"ry":25.900987263456784,"rx":4.540498820157886},"sword":{"px":2.8222122592744814,"py":-0.4234788250320086,"pz":0.2503516821308148,"ry":272.16314825815186,"rx":11.34791168112349},"righthand":{"px":-0.790622479065149,"py":0.30209610190126657,"pz":0.11388766177308869,"ry":272.16314825815186,"rx":11.34791168112349},"chest":{"px":0.035962055179389774,"py":0.821824141153404,"pz":-0.08094659389620813,"ry":303.25378776488697,"rx":10.814876291298486}}}