# This file was generated by Animated Java via MC-Build. It is not recommended to edit this file directly.
$data merge entity $(nose) {transformation: [-0.9998f,0.017f,0.0052f,0.01f,0.003f,0.451f,-0.8925f,2.4561f,-0.0175f,-0.8924f,-0.4509f,-0.8132f,0f,0f,0f,1f],start_interpolation: 0,interpolation_duration: 1}
$data merge entity $(glowing_eye) {transformation: [-0.9998f,0.017f,0.0052f,-0.114f,0.003f,0.451f,-0.8925f,2.5182f,-0.0175f,-0.8924f,-0.4509f,-0.8601f,0f,0f,0f,1f],start_interpolation: 0,interpolation_duration: 1}
$data merge entity $(head) {transformation: [-0.9998f,0.017f,0.0052f,0.0089f,0.003f,0.451f,-0.8925f,2.2333f,-0.0175f,-0.8924f,-0.4509f,-0.7874f,0f,0f,0f,1f],start_interpolation: 0,interpolation_duration: 1}
$data merge entity $(leftthumb2) {transformation: [-0.5736f,0.5819f,0.5765f,0.3628f,-0.1211f,-0.7563f,0.6429f,2.4448f,0.8101f,0.299f,0.5043f,-0.5834f,0f,0f,0f,1f],start_interpolation: 0,interpolation_duration: 1}
$data merge entity $(leftthumb) {transformation: [-0.5736f,0.5819f,0.5765f,0.5548f,-0.1211f,-0.7563f,0.6429f,2.3143f,0.8101f,0.299f,0.5043f,-0.467f,0f,0f,0f,1f],start_interpolation: 0,interpolation_duration: 1}
$data merge entity $(leftpointerfinger) {transformation: [-0.7492f,0.4382f,-0.4967f,0.4696f,-0.2489f,-0.8812f,-0.402f,2.6118f,-0.6138f,-0.1776f,0.7692f,-0.3055f,0f,0f,0f,1f],start_interpolation: 0,interpolation_duration: 1}
$data merge entity $(leftmidfinger) {transformation: [-0.7492f,0.4382f,-0.4967f,0.392f,-0.2489f,-0.8812f,-0.402f,2.549f,-0.6138f,-0.1776f,0.7692f,-0.1853f,0f,0f,0f,1f],start_interpolation: 0,interpolation_duration: 1}
$data merge entity $(leftringfinger) {transformation: [-0.7492f,0.4382f,-0.4967f,0.3144f,-0.2489f,-0.8812f,-0.402f,2.4862f,-0.6138f,-0.1776f,0.7692f,-0.0651f,0f,0f,0f,1f],start_interpolation: 0,interpolation_duration: 1}
$data merge entity $(invisibility) {transformation: [0.3932f,0.533f,0.7492f,0.3926f,-0.9128f,0.3237f,0.2489f,2.4813f,-0.1099f,-0.7818f,0.6138f,-0.4641f,0f,0f,0f,1f],start_interpolation: 0,interpolation_duration: 1}
$data merge entity $(swiftness) {transformation: [-0.4967f,0.4382f,0.7492f,0.2011f,-0.402f,-0.8812f,0.2489f,2.5123f,0.7692f,-0.1776f,0.6138f,-0.3277f,0f,0f,0f,1f],start_interpolation: 0,interpolation_duration: 1}
$data merge entity $(suspicious_stew) {transformation: [0.8473f,0.4154f,0.0622f,-0.2161f,0.1685f,-0.4644f,0.8064f,2.5556f,0.3847f,-0.7114f,-0.4901f,-0.3533f,0f,0f,0f,1f],start_interpolation: 0,interpolation_duration: 1}
$data merge entity $(log) {transformation: [-0.7492f,0.4382f,-0.4967f,0.2402f,-0.2489f,-0.8812f,-0.402f,2.2949f,-0.6138f,-0.1776f,0.7692f,-0.3552f,0f,0f,0f,1f],start_interpolation: 0,interpolation_duration: 1}
$data merge entity $(planks) {transformation: [-0.7492f,0.4382f,-0.4967f,0.17f,-0.2489f,-0.8812f,-0.402f,2.2716f,-0.6138f,-0.1776f,0.7692f,-0.4127f,0f,0f,0f,1f],start_interpolation: 0,interpolation_duration: 1}
$data merge entity $(lefthand1) {transformation: [-0.7492f,0.4382f,-0.4967f,0.5526f,-0.2489f,-0.8812f,-0.402f,2.1494f,-0.6138f,-0.1776f,0.7692f,-0.2702f,0f,0f,0f,1f],start_interpolation: 0,interpolation_duration: 1}
$data merge entity $(leftforearm) {transformation: [-0.2727f,0.4409f,0.8552f,0.8321f,-0.3179f,-0.8802f,0.3524f,1.5051f,0.9081f,-0.1758f,0.3801f,-0.343f,0f,0f,0f,1f],start_interpolation: 0,interpolation_duration: 1}
$data merge entity $(leftelbow) {transformation: [-0.2727f,0.4409f,0.8552f,0.9148f,-0.3179f,-0.8802f,0.3524f,1.3401f,0.9081f,-0.1758f,0.3801f,-0.3759f,0f,0f,0f,1f],start_interpolation: 0,interpolation_duration: 1}
$data merge entity $(leftarm) {transformation: [-0.9699f,0.1205f,0.2117f,0.7563f,-0.0421f,0.7733f,-0.6326f,1.7373f,-0.2399f,-0.6225f,-0.7449f,-0.7164f,0f,0f,0f,1f],start_interpolation: 0,interpolation_duration: 1}
$data merge entity $(rightthumb2) {transformation: [-0.1423f,-0.7962f,-0.588f,-0.2976f,0.043f,-0.5985f,0.8f,2.4244f,-0.9889f,0.0885f,0.1194f,-0.5788f,0f,0f,0f,1f],start_interpolation: 0,interpolation_duration: 1}
$data merge entity $(rightthumb) {transformation: [-0.1423f,-0.7962f,-0.588f,-0.5431f,0.043f,-0.5985f,0.8f,2.346f,-0.9889f,0.0885f,0.1194f,-0.5469f,0f,0f,0f,1f],start_interpolation: 0,interpolation_duration: 1}
$data merge entity $(rightpointerfinger) {transformation: [-0.696f,-0.7118f,0.0948f,-0.5524f,0.7137f,-0.7002f,-0.018f,2.6907f,0.0792f,0.0551f,0.9953f,-0.4926f,0f,0f,0f,1f],start_interpolation: 0,interpolation_duration: 1}
$data merge entity $(rightmidfinger) {transformation: [-0.696f,-0.7118f,0.0948f,-0.5376f,0.7137f,-0.7002f,-0.018f,2.6879f,0.0792f,0.0551f,0.9953f,-0.3371f,0f,0f,0f,1f],start_interpolation: 0,interpolation_duration: 1}
$data merge entity $(rightringfinger) {transformation: [-0.696f,-0.7118f,0.0948f,-0.5228f,0.7137f,-0.7002f,-0.018f,2.685f,0.0792f,0.0551f,0.9953f,-0.1816f,0f,0f,0f,1f],start_interpolation: 0,interpolation_duration: 1}
$data merge entity $(hugeasssword) {transformation: [-3.7453f,-1.0839f,0.3711f,-0.3413f,1.0822f,-3.7635f,-0.0706f,2.4196f,0.3761f,0.0351f,3.8984f,-0.3764f,0f,0f,0f,1f],start_interpolation: 0,interpolation_duration: 1}
$data merge entity $(whey) {transformation: [-0.9563f,-0.1524f,-0.2497f,-0.1644f,0.2763f,-0.1904f,-0.942f,2.4647f,0.096f,-0.9698f,0.2242f,-0.5337f,0f,0f,0f,1f],start_interpolation: 0,interpolation_duration: 1}
$data merge entity $(ice) {transformation: [-0.9563f,-0.2768f,0.0948f,-0.3221f,0.2763f,-0.9609f,-0.018f,2.4303f,0.096f,0.009f,0.9953f,-0.378f,0f,0f,0f,1f],start_interpolation: 0,interpolation_duration: 1}
$data merge entity $(righthand1) {transformation: [-0.9563f,-0.2768f,0.0948f,-0.6274f,0.2763f,-0.9609f,-0.018f,2.2586f,0.096f,0.009f,0.9953f,-0.3207f,0f,0f,0f,1f],start_interpolation: 0,interpolation_duration: 1}
$data merge entity $(rightforearm) {transformation: [-0.9563f,-0.2768f,0.0948f,-0.7637f,0.2763f,-0.9609f,-0.018f,1.5659f,0.096f,0.009f,0.9953f,-0.3359f,0f,0f,0f,1f],start_interpolation: 0,interpolation_duration: 1}
$data merge entity $(rightelbow) {transformation: [-0.9563f,-0.2768f,0.0948f,-0.8156f,0.2763f,-0.9609f,-0.018f,1.3858f,0.096f,0.009f,0.9953f,-0.3342f,0f,0f,0f,1f],start_interpolation: 0,interpolation_duration: 1}
$data merge entity $(rightarm) {transformation: [-0.9521f,-0.2626f,0.1568f,-0.7435f,-0.2797f,0.5402f,-0.7937f,1.7419f,0.1237f,-0.7995f,-0.5878f,-0.7427f,0f,0f,0f,1f],start_interpolation: 0,interpolation_duration: 1}
$data merge entity $(chest1) {transformation: [-1.0832f,0.0044f,0.0188f,0.0053f,0.0033f,1.0814f,-0.0646f,1.573f,-0.019f,-0.0645f,-1.0812f,-0.8299f,0f,0f,0f,1f],start_interpolation: 0,interpolation_duration: 1}
$data merge entity $(chest1lid) {transformation: [-0.9998f,0.0041f,0.0173f,-0.3456f,0.003f,0.9982f,-0.0596f,0.9152f,-0.0175f,-0.0596f,-0.9981f,-0.4046f,0f,0f,0f,1f],start_interpolation: 0,interpolation_duration: 1}
$data merge entity $(chest2) {transformation: [-0.9998f,0.0041f,0.0173f,-0.3463f,0.003f,0.9982f,-0.0596f,0.7592f,-0.0175f,-0.0596f,-0.9981f,-0.3953f,0f,0f,0f,1f],start_interpolation: 0,interpolation_duration: 1}
$data merge entity $(chest1lid3) {transformation: [-0.9998f,0.0041f,0.0173f,-0.272f,0.003f,0.9982f,-0.0596f,0.8768f,-0.0175f,-0.0596f,-0.9981f,-1.0429f,0f,0f,0f,1f],start_interpolation: 0,interpolation_duration: 1}
$data merge entity $(chest3) {transformation: [-0.9998f,0.0041f,0.0173f,-0.2727f,0.003f,0.9982f,-0.0596f,0.7208f,-0.0175f,-0.0596f,-0.9981f,-1.0336f,0f,0f,0f,1f],start_interpolation: 0,interpolation_duration: 1}
$data merge entity $(hugeasssword2) {transformation: [-0.0679f,2.898f,-2.6339f,-1.2172f,0.2336f,2.6326f,2.8906f,2.7192f,3.9091f,-0.107f,-0.2184f,-1.185f,0f,0f,0f,1f],start_interpolation: 0,interpolation_duration: 1}
$data merge entity $(belt) {transformation: [-0.9998f,0.0041f,0.0173f,0.0334f,0.003f,0.9982f,-0.0596f,1.1831f,-0.0175f,-0.0596f,-0.9981f,-0.6749f,0f,0f,0f,1f],start_interpolation: 0,interpolation_duration: 1}
$data merge entity $(torn_part) {transformation: [-0.9998f,-0.0044f,0.0174f,-0.0907f,0.0028f,0.9198f,0.3925f,0.8867f,-0.0178f,0.3924f,-0.9196f,-0.6877f,0f,0f,0f,1f],start_interpolation: 0,interpolation_duration: 1}
$data merge entity $(lowerbody) {transformation: [-0.9998f,0.0011f,0.018f,0.0039f,0.0028f,0.9952f,0.0977f,0.3867f,-0.0178f,0.0977f,-0.9951f,-0.5937f,0f,0f,0f,1f],start_interpolation: 0,interpolation_duration: 1}
execute on vehicle unless entity @s[tag=aj.transforms_only] positioned ^-0.1466451228 ^2.4505943527 ^-0.4602473545 rotated ~7.2294020687 ~58.5069375133 run function animated_java:wander/animations/sit_eat/zzz/frames/160_locator_soup
data modify entity @s data merge value {"cameras":{},"locators":{"soup":{"px":-0.14664512282778014,"py":2.4505943526845684,"pz":-0.46024735454285837,"ry":7.22940206869248,"rx":58.506937513284214},"lefthand":{"px":0.28395968797569365,"py":2.3933628677384755,"pz":-0.29578426259413226,"ry":212.84988201010526,"rx":-23.704569566719986},"sword":{"px":-0.7582616705387831,"py":2.5378960935750516,"pz":-4.055005779905273,"ry":174.56218172210473,"rx":-1.0323085738137623},"righthand":{"px":-0.4088709128254428,"py":2.4714613238497987,"pz":-0.38469669621817104,"ry":174.56218172210473,"rx":-1.0323085738137623},"chest":{"px":-0.3798400886495825,"py":0.8621939763026325,"pz":-0.24545415225106662,"ry":0.9943991285924483,"rx":-3.419064163291802}}}