# This file was generated by Animated Java via MC-Build. It is not recommended to edit this file directly.
$data merge entity $(nose) {transformation: [-0.9999f,0.0136f,0.004f,0.0079f,0.0023f,0.4323f,-0.9017f,2.4562f,-0.014f,-0.9016f,-0.4323f,-0.8223f,0f,0f,0f,1f],start_interpolation: 0,interpolation_duration: 1}
$data merge entity $(glowing_eye) {transformation: [-0.9999f,0.0136f,0.004f,-0.1163f,0.0023f,0.4323f,-0.9017f,2.5172f,-0.014f,-0.9016f,-0.4323f,-0.8701f,0f,0f,0f,1f],start_interpolation: 0,interpolation_duration: 1}
$data merge entity $(head) {transformation: [-0.9999f,0.0136f,0.004f,0.007f,0.0023f,0.4323f,-0.9017f,2.2339f,-0.014f,-0.9016f,-0.4323f,-0.792f,0f,0f,0f,1f],start_interpolation: 0,interpolation_duration: 1}
$data merge entity $(leftthumb2) {transformation: [-0.632f,0.5661f,0.5292f,0.3159f,-0.0883f,-0.7311f,0.6765f,2.4243f,0.7699f,0.3808f,0.5121f,-0.6595f,0f,0f,0f,1f],start_interpolation: 0,interpolation_duration: 1}
$data merge entity $(leftthumb) {transformation: [-0.632f,0.5661f,0.5292f,0.5f,-0.0883f,-0.7311f,0.6765f,2.3028f,0.7699f,0.3808f,0.5121f,-0.5224f,0f,0f,0f,1f],start_interpolation: 0,interpolation_duration: 1}
$data merge entity $(leftpointerfinger) {transformation: [-0.6986f,0.47f,-0.5395f,0.3969f,-0.296f,-0.8763f,-0.3801f,2.6049f,-0.6514f,-0.1058f,0.7513f,-0.3812f,0f,0f,0f,1f],start_interpolation: 0,interpolation_duration: 1}
$data merge entity $(leftmidfinger) {transformation: [-0.6986f,0.47f,-0.5395f,0.3126f,-0.296f,-0.8763f,-0.3801f,2.5455f,-0.6514f,-0.1058f,0.7513f,-0.2638f,0f,0f,0f,1f],start_interpolation: 0,interpolation_duration: 1}
$data merge entity $(leftringfinger) {transformation: [-0.6986f,0.47f,-0.5395f,0.2283f,-0.296f,-0.8763f,-0.3801f,2.4861f,-0.6514f,-0.1058f,0.7513f,-0.1464f,0f,0f,0f,1f],start_interpolation: 0,interpolation_duration: 1}
$data merge entity $(invisibility) {transformation: [0.4212f,0.5784f,0.6986f,0.3342f,-0.9061f,0.3023f,0.296f,2.4654f,-0.0399f,-0.7577f,0.6514f,-0.5384f,0f,0f,0f,1f],start_interpolation: 0,interpolation_duration: 1}
$data merge entity $(swiftness) {transformation: [-0.5395f,0.47f,0.6986f,0.133f,-0.3801f,-0.8763f,0.296f,2.4974f,0.7513f,-0.1058f,0.6514f,-0.4171f,0f,0f,0f,1f],start_interpolation: 0,interpolation_duration: 1}
$data merge entity $(suspicious_stew) {transformation: [0.5403f,0.3119f,0.0586f,-0.2204f,0.1293f,-0.322f,0.5218f,2.5227f,0.2898f,-0.4378f,-0.342f,-0.4162f,0f,0f,0f,1f],start_interpolation: 0,interpolation_duration: 1}
$data merge entity $(log) {transformation: [-0.6986f,0.47f,-0.5395f,0.179f,-0.296f,-0.8763f,-0.3801f,2.2801f,-0.6514f,-0.1058f,0.7513f,-0.4316f,0f,0f,0f,1f],start_interpolation: 0,interpolation_duration: 1}
$data merge entity $(planks) {transformation: [-0.6986f,0.47f,-0.5395f,0.1135f,-0.296f,-0.8763f,-0.3801f,2.2524f,-0.6514f,-0.1058f,0.7513f,-0.4927f,0f,0f,0f,1f],start_interpolation: 0,interpolation_duration: 1}
$data merge entity $(lefthand1) {transformation: [-0.6986f,0.47f,-0.5395f,0.488f,-0.296f,-0.8763f,-0.3801f,2.1469f,-0.6514f,-0.1058f,0.7513f,-0.3187f,0f,0f,0f,1f],start_interpolation: 0,interpolation_duration: 1}
$data merge entity $(leftforearm) {transformation: [-0.334f,0.4713f,0.8163f,0.7857f,-0.2871f,-0.8758f,0.3881f,1.5072f,0.8978f,-0.1047f,0.4278f,-0.3429f,0f,0f,0f,1f],start_interpolation: 0,interpolation_duration: 1}
$data merge entity $(leftelbow) {transformation: [-0.334f,0.4713f,0.8163f,0.874f,-0.2871f,-0.8758f,0.3881f,1.343f,0.8978f,-0.1047f,0.4278f,-0.3626f,0f,0f,0f,1f],start_interpolation: 0,interpolation_duration: 1}
$data merge entity $(leftarm) {transformation: [-0.9547f,0.1935f,0.2259f,0.7549f,-0.0034f,0.7522f,-0.659f,1.7389f,-0.2974f,-0.6299f,-0.7175f,-0.7202f,0f,0f,0f,1f],start_interpolation: 0,interpolation_duration: 1}
$data merge entity $(rightthumb2) {transformation: [-0.1476f,-0.8223f,-0.5496f,-0.2017f,-0.0007f,-0.5556f,0.8314f,2.4031f,-0.9891f,0.1231f,0.0814f,-0.6086f,0f,0f,0f,1f],start_interpolation: 0,interpolation_duration: 1}
$data merge entity $(rightthumb) {transformation: [-0.1476f,-0.8223f,-0.5496f,-0.4504f,-0.0007f,-0.5556f,0.8314f,2.3379f,-0.9891f,0.1231f,0.0814f,-0.5714f,0f,0f,0f,1f],start_interpolation: 0,interpolation_duration: 1}
$data merge entity $(rightpointerfinger) {transformation: [-0.6558f,-0.7459f,0.1168f,-0.4397f,0.7523f,-0.6586f,0.0177f,2.6845f,0.0637f,0.0995f,0.993f,-0.5317f,0f,0f,0f,1f],start_interpolation: 0,interpolation_duration: 1}
$data merge entity $(rightmidfinger) {transformation: [-0.6558f,-0.7459f,0.1168f,-0.4215f,0.7523f,-0.6586f,0.0177f,2.6873f,0.0637f,0.0995f,0.993f,-0.3765f,0f,0f,0f,1f],start_interpolation: 0,interpolation_duration: 1}
$data merge entity $(rightringfinger) {transformation: [-0.6558f,-0.7459f,0.1168f,-0.4032f,0.7523f,-0.6586f,0.0177f,2.6901f,0.0637f,0.0995f,0.993f,-0.2214f,0f,0f,0f,1f],start_interpolation: 0,interpolation_duration: 1}
$data merge entity $(hugeasssword) {transformation: [-3.6713f,-1.2855f,0.4573f,-0.241f,1.3019f,-3.6933f,0.0695f,2.4072f,0.4084f,0.2171f,3.8893f,-0.4085f,0f,0f,0f,1f],start_interpolation: 0,interpolation_duration: 1}
$data merge entity $(whey) {transformation: [-0.9374f,-0.185f,-0.2952f,-0.0655f,0.3324f,-0.2214f,-0.9168f,2.436f,0.1043f,-0.9575f,0.269f,-0.5712f,0f,0f,0f,1f],start_interpolation: 0,interpolation_duration: 1}
$data merge entity $(ice) {transformation: [-0.9374f,-0.3282f,0.1168f,-0.2212f,0.3324f,-0.943f,0.0177f,2.4167f,0.1043f,0.0554f,0.993f,-0.411f,0f,0f,0f,1f],start_interpolation: 0,interpolation_duration: 1}
$data merge entity $(righthand1) {transformation: [-0.9374f,-0.3282f,0.1168f,-0.534f,0.3324f,-0.943f,0.0177f,2.2646f,0.1043f,0.0554f,0.993f,-0.34f,0f,0f,0f,1f],start_interpolation: 0,interpolation_duration: 1}
$data merge entity $(rightforearm) {transformation: [-0.9374f,-0.3282f,0.1168f,-0.708f,0.3324f,-0.943f,0.0177f,1.5806f,0.1043f,0.0554f,0.993f,-0.3231f,0f,0f,0f,1f],start_interpolation: 0,interpolation_duration: 1}
$data merge entity $(rightelbow) {transformation: [-0.9374f,-0.3282f,0.1168f,-0.7695f,0.3324f,-0.943f,0.0177f,1.4037f,0.1043f,0.0554f,0.993f,-0.3127f,0f,0f,0f,1f],start_interpolation: 0,interpolation_duration: 1}
$data merge entity $(rightarm) {transformation: [-0.9194f,-0.3408f,0.1963f,-0.7449f,-0.3484f,0.4742f,-0.8086f,1.7423f,0.1825f,-0.8118f,-0.5547f,-0.7412f,0f,0f,0f,1f],start_interpolation: 0,interpolation_duration: 1}
$data merge entity $(chest1) {transformation: [-1.0832f,0.0035f,0.015f,0.0037f,0.0025f,1.0809f,-0.072f,1.5733f,-0.0152f,-0.0719f,-1.0808f,-0.8299f,0f,0f,0f,1f],start_interpolation: 0,interpolation_duration: 1}
$data merge entity $(chest1lid) {transformation: [-0.9999f,0.0032f,0.0138f,-0.3453f,0.0023f,0.9978f,-0.0664f,0.9182f,-0.014f,-0.0664f,-0.9977f,-0.3988f,0f,0f,0f,1f],start_interpolation: 0,interpolation_duration: 1}
$data merge entity $(chest2) {transformation: [-0.9999f,0.0032f,0.0138f,-0.3458f,0.0023f,0.9978f,-0.0664f,0.7623f,-0.014f,-0.0664f,-0.9977f,-0.3885f,0f,0f,0f,1f],start_interpolation: 0,interpolation_duration: 1}
$data merge entity $(chest1lid3) {transformation: [-0.9999f,0.0032f,0.0138f,-0.274f,0.0023f,0.9978f,-0.0664f,0.8755f,-0.014f,-0.0664f,-0.9977f,-1.0371f,0f,0f,0f,1f],start_interpolation: 0,interpolation_duration: 1}
$data merge entity $(chest3) {transformation: [-0.9999f,0.0032f,0.0138f,-0.2745f,0.0023f,0.9978f,-0.0664f,0.7196f,-0.014f,-0.0664f,-0.9977f,-1.0267f,0f,0f,0f,1f],start_interpolation: 0,interpolation_duration: 1}
$data merge entity $(hugeasssword2) {transformation: [-0.0541f,2.8959f,-2.6365f,-1.2209f,0.2602f,2.6336f,2.8873f,2.7163f,3.9076f,-0.1353f,-0.2288f,-1.1885f,0f,0f,0f,1f],start_interpolation: 0,interpolation_duration: 1}
$data merge entity $(belt) {transformation: [-0.9999f,0.0032f,0.0138f,0.0326f,0.0023f,0.9978f,-0.0664f,1.1845f,-0.014f,-0.0664f,-0.9977f,-0.6724f,0f,0f,0f,1f],start_interpolation: 0,interpolation_duration: 1}
$data merge entity $(torn_part) {transformation: [-0.9999f,-0.0036f,0.0138f,-0.0914f,0.0022f,0.9175f,0.3977f,0.8871f,-0.0141f,0.3977f,-0.9174f,-0.6845f,0f,0f,0f,1f],start_interpolation: 0,interpolation_duration: 1}
$data merge entity $(lowerbody) {transformation: [-0.9999f,0.0008f,0.0142f,0.0039f,0.0022f,0.9946f,0.1034f,0.3867f,-0.0141f,0.1034f,-0.9945f,-0.5937f,0f,0f,0f,1f],start_interpolation: 0,interpolation_duration: 1}
execute on vehicle unless entity @s[tag=aj.transforms_only] positioned ^-0.168674265 ^2.4510138923 ^-0.480744809 rotated ~9.7192879293 ~56.3755529373 run function animated_java:wander/animations/sit_eat/zzz/frames/163_locator_soup
data modify entity @s data merge value {"cameras":{},"locators":{"soup":{"px":-0.1686742649930263,"py":2.4510138923258786,"pz":-0.480744809010992,"ry":9.719287929283638,"rx":56.37555293726755},"lefthand":{"px":0.21616180591028206,"py":2.382278881887855,"pz":-0.37404290851120076,"ry":215.68135106607392,"rx":-22.338408831785564},"sword":{"px":-0.7363153183485686,"py":2.3969460754223992,"pz":-4.079272066623011,"ry":173.2941447822658,"rx":1.0162421192727906},"righthand":{"px":-0.3057854447644808,"py":2.4623469891686,"pz":-0.41757532898445643,"ry":173.2941447822658,"rx":1.0162421192727906},"chest":{"px":-0.378937816898603,"py":0.8662789996792177,"pz":-0.23924003296256788,"ry":0.7933654625814768,"rx":-3.8096081017378167}}}