# This file was generated by Animated Java via MC-Build. It is not recommended to edit this file directly.
$data merge entity $(nose) {transformation: [-1f,0.0092f,0.0028f,0.0052f,0.0015f,0.4328f,-0.9015f,2.4575f,-0.0095f,-0.9014f,-0.4328f,-0.8114f,0f,0f,0f,1f],start_interpolation: 0,interpolation_duration: 1}
$data merge entity $(glowing_eye) {transformation: [-1f,0.0092f,0.0028f,-0.1193f,0.0015f,0.4328f,-0.9015f,2.5184f,-0.0095f,-0.9014f,-0.4328f,-0.8586f,0f,0f,0f,1f],start_interpolation: 0,interpolation_duration: 1}
$data merge entity $(head) {transformation: [-1f,0.0092f,0.0028f,0.0046f,0.0015f,0.4328f,-0.9015f,2.2352f,-0.0095f,-0.9014f,-0.4328f,-0.7812f,0f,0f,0f,1f],start_interpolation: 0,interpolation_duration: 1}
$data merge entity $(leftthumb2) {transformation: [-0.6638f,0.5592f,0.4967f,0.2542f,-0.0261f,-0.681f,0.7319f,2.3832f,0.7475f,0.4729f,0.4666f,-0.7384f,0f,0f,0f,1f],start_interpolation: 0,interpolation_duration: 1}
$data merge entity $(leftthumb) {transformation: [-0.6638f,0.5592f,0.4967f,0.4338f,-0.0261f,-0.681f,0.7319f,2.2787f,0.7475f,0.4729f,0.4666f,-0.5825f,0f,0f,0f,1f],start_interpolation: 0,interpolation_duration: 1}
$data merge entity $(leftpointerfinger) {transformation: [-0.6681f,0.5068f,-0.5447f,0.3151f,-0.3794f,-0.8619f,-0.3365f,2.5873f,-0.64f,-0.0182f,0.7681f,-0.4706f,0f,0f,0f,1f],start_interpolation: 0,interpolation_duration: 1}
$data merge entity $(leftmidfinger) {transformation: [-0.6681f,0.5068f,-0.5447f,0.23f,-0.3794f,-0.8619f,-0.3365f,2.5347f,-0.64f,-0.0182f,0.7681f,-0.3506f,0f,0f,0f,1f],start_interpolation: 0,interpolation_duration: 1}
$data merge entity $(leftringfinger) {transformation: [-0.6681f,0.5068f,-0.5447f,0.1448f,-0.3794f,-0.8619f,-0.3365f,2.4821f,-0.64f,-0.0182f,0.7681f,-0.2305f,0f,0f,0f,1f],start_interpolation: 0,interpolation_duration: 1}
$data merge entity $(invisibility) {transformation: [0.4574f,0.5868f,0.6681f,0.2623f,-0.8879f,0.2601f,0.3794f,2.4324f,0.0489f,-0.7668f,0.64f,-0.6166f,0f,0f,0f,1f],start_interpolation: 0,interpolation_duration: 1}
$data merge entity $(swiftness) {transformation: [-0.5447f,0.5068f,0.6681f,0.0567f,-0.3365f,-0.8619f,0.3794f,2.4662f,0.7681f,-0.0182f,0.64f,-0.5034f,0f,0f,0f,1f],start_interpolation: 0,interpolation_duration: 1}
$data merge entity $(suspicious_stew) {transformation: [0.2148f,0.1336f,0.0242f,-0.2196f,0.0628f,-0.138f,0.2039f,2.4772f,0.1203f,-0.1664f,-0.1497f,-0.4463f,0f,0f,0f,1f],start_interpolation: 0,interpolation_duration: 1}
$data merge entity $(log) {transformation: [-0.6681f,0.5068f,-0.5447f,0.1115f,-0.3794f,-0.8619f,-0.3365f,2.2506f,-0.64f,-0.0182f,0.7681f,-0.498f,0f,0f,0f,1f],start_interpolation: 0,interpolation_duration: 1}
$data merge entity $(planks) {transformation: [-0.6681f,0.5068f,-0.5447f,0.0489f,-0.3794f,-0.8619f,-0.3365f,2.215f,-0.64f,-0.0182f,0.7681f,-0.558f,0f,0f,0f,1f],start_interpolation: 0,interpolation_duration: 1}
$data merge entity $(lefthand1) {transformation: [-0.6681f,0.5068f,-0.5447f,0.4223f,-0.3794f,-0.8619f,-0.3365f,2.1405f,-0.64f,-0.0182f,0.7681f,-0.3665f,0f,0f,0f,1f],start_interpolation: 0,interpolation_duration: 1}
$data merge entity $(leftforearm) {transformation: [-0.4008f,0.4971f,0.7696f,0.7347f,-0.2593f,-0.8672f,0.4251f,1.5079f,0.8787f,-0.0291f,0.4765f,-0.3395f,0f,0f,0f,1f],start_interpolation: 0,interpolation_duration: 1}
$data merge entity $(leftelbow) {transformation: [-0.4008f,0.4971f,0.7696f,0.828f,-0.2593f,-0.8672f,0.4251f,1.3453f,0.8787f,-0.0291f,0.4765f,-0.345f,0f,0f,0f,1f],start_interpolation: 0,interpolation_duration: 1}
$data merge entity $(leftarm) {transformation: [-0.9315f,0.2731f,0.2403f,0.7532f,0.0385f,0.7309f,-0.6814f,1.7404f,-0.3618f,-0.6255f,-0.6913f,-0.7153f,0f,0f,0f,1f],start_interpolation: 0,interpolation_duration: 1}
$data merge entity $(rightthumb2) {transformation: [-0.131f,-0.8344f,-0.5353f,-0.1043f,-0.0392f,-0.5352f,0.8438f,2.3937f,-0.9906f,0.1315f,0.0374f,-0.6098f,0f,0f,0f,1f],start_interpolation: 0,interpolation_duration: 1}
$data merge entity $(rightthumb) {transformation: [-0.131f,-0.8344f,-0.5353f,-0.3547f,-0.0392f,-0.5352f,0.8438f,2.3346f,-0.9906f,0.1315f,0.0374f,-0.5744f,0f,0f,0f,1f],start_interpolation: 0,interpolation_duration: 1}
$data merge entity $(rightpointerfinger) {transformation: [-0.6309f,-0.7642f,0.1338f,-0.3307f,0.7739f,-0.6322f,0.0378f,2.6814f,0.0557f,0.1274f,0.9903f,-0.5435f,0f,0f,0f,1f],start_interpolation: 0,interpolation_duration: 1}
$data merge entity $(rightmidfinger) {transformation: [-0.6309f,-0.7642f,0.1338f,-0.3098f,0.7739f,-0.6322f,0.0378f,2.6873f,0.0557f,0.1274f,0.9903f,-0.3888f,0f,0f,0f,1f],start_interpolation: 0,interpolation_duration: 1}
$data merge entity $(rightringfinger) {transformation: [-0.6309f,-0.7642f,0.1338f,-0.2888f,0.7739f,-0.6322f,0.0378f,2.6932f,0.0557f,0.1274f,0.9903f,-0.234f,0f,0f,0f,1f],start_interpolation: 0,interpolation_duration: 1}
$data merge entity $(hugeasssword) {transformation: [-3.6138f,-1.4164f,0.5242f,-0.1402f,1.4468f,-3.6366f,0.148f,2.4f,0.4332f,0.3302f,3.8786f,-0.4165f,0f,0f,0f,1f],start_interpolation: 0,interpolation_duration: 1}
$data merge entity $(whey) {transformation: [-0.9227f,-0.2089f,-0.3241f,0.0334f,0.3694f,-0.2378f,-0.8983f,2.4182f,0.1106f,-0.9486f,0.2966f,-0.5827f,0f,0f,0f,1f],start_interpolation: 0,interpolation_duration: 1}
$data merge entity $(ice) {transformation: [-0.9227f,-0.3616f,0.1338f,-0.1202f,0.3694f,-0.9285f,0.0378f,2.4087f,0.1106f,0.0843f,0.9903f,-0.4196f,0f,0f,0f,1f],start_interpolation: 0,interpolation_duration: 1}
$data merge entity $(righthand1) {transformation: [-0.9227f,-0.3616f,0.1338f,-0.437f,0.3694f,-0.9285f,0.0378f,2.2701f,0.1106f,0.0843f,0.9903f,-0.3399f,0f,0f,0f,1f],start_interpolation: 0,interpolation_duration: 1}
$data merge entity $(rightforearm) {transformation: [-0.9145f,-0.3818f,0.1338f,-0.6505f,0.3897f,-0.9202f,0.0378f,1.5982f,0.1087f,0.0867f,0.9903f,-0.3012f,0f,0f,0f,1f],start_interpolation: 0,interpolation_duration: 1}
$data merge entity $(rightelbow) {transformation: [-0.9145f,-0.3818f,0.1338f,-0.7221f,0.3897f,-0.9202f,0.0378f,1.4257f,0.1087f,0.0867f,0.9903f,-0.2849f,0f,0f,0f,1f],start_interpolation: 0,interpolation_duration: 1}
$data merge entity $(rightarm) {transformation: [-0.8755f,-0.4171f,0.2441f,-0.7467f,-0.4181f,0.4002f,-0.8155f,1.7427f,0.2424f,-0.816f,-0.5247f,-0.7296f,0f,0f,0f,1f],start_interpolation: 0,interpolation_duration: 1}
$data merge entity $(chest1) {transformation: [-1.0833f,0.0023f,0.0102f,0.0016f,0.0016f,1.0813f,-0.0664f,1.5748f,-0.0103f,-0.0664f,-1.0812f,-0.8225f,0f,0f,0f,1f],start_interpolation: 0,interpolation_duration: 1}
$data merge entity $(chest1lid) {transformation: [-1f,0.0021f,0.0094f,-0.3449f,0.0015f,0.9981f,-0.0613f,0.9172f,-0.0095f,-0.0613f,-0.9981f,-0.3933f,0f,0f,0f,1f],start_interpolation: 0,interpolation_duration: 1}
$data merge entity $(chest2) {transformation: [-1f,0.0021f,0.0094f,-0.3452f,0.0015f,0.9981f,-0.0613f,0.7612f,-0.0095f,-0.0613f,-0.9981f,-0.3837f,0f,0f,0f,1f],start_interpolation: 0,interpolation_duration: 1}
$data merge entity $(chest1lid3) {transformation: [-1f,0.0021f,0.0094f,-0.2763f,0.0015f,0.9981f,-0.0613f,0.8778f,-0.0095f,-0.0613f,-0.9981f,-1.0321f,0f,0f,0f,1f],start_interpolation: 0,interpolation_duration: 1}
$data merge entity $(chest3) {transformation: [-1f,0.0021f,0.0094f,-0.2767f,0.0015f,0.9981f,-0.0613f,0.7219f,-0.0095f,-0.0613f,-0.9981f,-1.0225f,0f,0f,0f,1f],start_interpolation: 0,interpolation_duration: 1}
$data merge entity $(hugeasssword2) {transformation: [-0.0369f,2.8931f,-2.6399f,-1.2254f,0.24f,2.6367f,2.8862f,2.7186f,3.9091f,-0.1345f,-0.2021f,-1.1697f,0f,0f,0f,1f],start_interpolation: 0,interpolation_duration: 1}
$data merge entity $(belt) {transformation: [-1f,0.0021f,0.0094f,0.0316f,0.0015f,0.9981f,-0.0613f,1.1852f,-0.0095f,-0.0613f,-0.9981f,-0.6671f,0f,0f,0f,1f],start_interpolation: 0,interpolation_duration: 1}
$data merge entity $(torn_part) {transformation: [-1f,-0.0025f,0.0093f,-0.0922f,0.0015f,0.9147f,0.4042f,0.8877f,-0.0095f,0.4042f,-0.9146f,-0.6805f,0f,0f,0f,1f],start_interpolation: 0,interpolation_duration: 1}
$data merge entity $(lowerbody) {transformation: [-1f,0.0004f,0.0096f,0.0039f,0.0015f,0.9939f,0.1104f,0.3867f,-0.0095f,0.1105f,-0.9938f,-0.5937f,0f,0f,0f,1f],start_interpolation: 0,interpolation_duration: 1}
execute on vehicle unless entity @s[tag=aj.transforms_only] positioned ^-0.1973622446 ^2.4470554672 ^-0.4702159756 rotated ~9.1907293685 ~53.3587068835 run function animated_java:wander/animations/sit_eat/zzz/frames/167_locator_soup
data modify entity @s data merge value {"cameras":{},"locators":{"soup":{"px":-0.1973622446300098,"py":2.44705546723858,"pz":-0.4702159755770757,"ry":9.190729368456203,"rx":53.358706883511644},"lefthand":{"px":0.14309243609154237,"py":2.3587585503769875,"pz":-0.4485445535520336,"ry":215.34211038134794,"rx":-19.66370839537104},"sword":{"px":-0.6966330409555761,"py":2.3179668661853063,"pz":-4.077640710311756,"ry":172.30281002527715,"rx":2.164894975549751},"righthand":{"px":-0.20309072052833768,"py":2.4572642262420814,"pz":-0.42597417660026365,"ry":172.30281002527715,"rx":2.164894975549751},"chest":{"px":-0.377730963450052,"py":0.8644005590726356,"pz":-0.23381716898333185,"ry":0.5410859825165346,"rx":-3.5128625950891466}}}