# This file was generated by Animated Java via MC-Build. It is not recommended to edit this file directly.
$data merge entity $(nose) {transformation: [-1f,0.0082f,0.0026f,0.0045f,0.0013f,0.4424f,-0.8968f,2.4583f,-0.0085f,-0.8968f,-0.4424f,-0.7972f,0f,0f,0f,1f],start_interpolation: 0,interpolation_duration: 1}
$data merge entity $(glowing_eye) {transformation: [-1f,0.0082f,0.0026f,-0.12f,0.0013f,0.4424f,-0.8968f,2.5197f,-0.0085f,-0.8968f,-0.4424f,-0.8436f,0f,0f,0f,1f],start_interpolation: 0,interpolation_duration: 1}
$data merge entity $(head) {transformation: [-1f,0.0082f,0.0026f,0.004f,0.0013f,0.4424f,-0.8968f,2.2358f,-0.0085f,-0.8968f,-0.4424f,-0.7693f,0f,0f,0f,1f],start_interpolation: 0,interpolation_duration: 1}
$data merge entity $(leftthumb2) {transformation: [-0.6281f,0.5827f,0.5157f,0.2221f,0.0132f,-0.6546f,0.7558f,2.3599f,0.778f,0.4815f,0.4035f,-0.7434f,0f,0f,0f,1f],start_interpolation: 0,interpolation_duration: 1}
$data merge entity $(leftthumb) {transformation: [-0.6281f,0.5827f,0.5157f,0.409f,0.0132f,-0.6546f,0.7558f,2.264f,0.778f,0.4815f,0.4035f,-0.5908f,0f,0f,0f,1f],start_interpolation: 0,interpolation_duration: 1}
$data merge entity $(leftpointerfinger) {transformation: [-0.6971f,0.5141f,-0.4997f,0.2932f,-0.4163f,-0.8577f,-0.3017f,2.5768f,-0.5837f,-0.0023f,0.812f,-0.4881f,0f,0f,0f,1f],start_interpolation: 0,interpolation_duration: 1}
$data merge entity $(leftmidfinger) {transformation: [-0.6971f,0.5141f,-0.4997f,0.2151f,-0.4163f,-0.8577f,-0.3017f,2.5297f,-0.5837f,-0.0023f,0.812f,-0.3613f,0f,0f,0f,1f],start_interpolation: 0,interpolation_duration: 1}
$data merge entity $(leftringfinger) {transformation: [-0.6971f,0.5141f,-0.4997f,0.137f,-0.4163f,-0.8577f,-0.3017f,2.4826f,-0.5837f,-0.0023f,0.812f,-0.2344f,0f,0f,0f,1f],start_interpolation: 0,interpolation_duration: 1}
$data merge entity $(invisibility) {transformation: [0.4686f,0.5426f,0.6971f,0.2343f,-0.8808f,0.2258f,0.4163f,2.4144f,0.0685f,-0.8091f,0.5837f,-0.6232f,0f,0f,0f,1f],start_interpolation: 0,interpolation_duration: 1}
$data merge entity $(swiftness) {transformation: [-0.4997f,0.5141f,0.6971f,0.0347f,-0.3017f,-0.8577f,0.4163f,2.4523f,0.812f,-0.0023f,0.5837f,-0.5011f,0f,0f,0f,1f],start_interpolation: 0,interpolation_duration: 1}
$data merge entity $(suspicious_stew) {transformation: [0.1538f,0.087f,0.011f,-0.2194f,0.0471f,-0.1005f,0.1379f,2.4644f,0.074f,-0.1169f,-0.1105f,-0.4175f,0f,0f,0f,1f],start_interpolation: 0,interpolation_duration: 1}
$data merge entity $(log) {transformation: [-0.6971f,0.5141f,-0.4997f,0.092f,-0.4163f,-0.8577f,-0.3017f,2.2376f,-0.5837f,-0.0023f,0.812f,-0.4878f,0f,0f,0f,1f],start_interpolation: 0,interpolation_duration: 1}
$data merge entity $(planks) {transformation: [-0.6971f,0.5141f,-0.4997f,0.0266f,-0.4163f,-0.8577f,-0.3017f,2.1986f,-0.5837f,-0.0023f,0.812f,-0.5425f,0f,0f,0f,1f],start_interpolation: 0,interpolation_duration: 1}
$data merge entity $(lefthand1) {transformation: [-0.6971f,0.5141f,-0.4997f,0.4104f,-0.4163f,-0.8577f,-0.3017f,2.1367f,-0.5837f,-0.0023f,0.812f,-0.3678f,0f,0f,0f,1f],start_interpolation: 0,interpolation_duration: 1}
$data merge entity $(leftforearm) {transformation: [-0.4138f,0.5011f,0.7601f,0.725f,-0.2603f,-0.8651f,0.4287f,1.5054f,0.8724f,-0.0204f,0.4884f,-0.3353f,0f,0f,0f,1f],start_interpolation: 0,interpolation_duration: 1}
$data merge entity $(leftelbow) {transformation: [-0.4138f,0.5011f,0.7601f,0.819f,-0.2603f,-0.8651f,0.4287f,1.3432f,0.8724f,-0.0204f,0.4884f,-0.3391f,0f,0f,0f,1f],start_interpolation: 0,interpolation_duration: 1}
$data merge entity $(leftarm) {transformation: [-0.9262f,0.288f,0.2435f,0.7528f,0.0484f,0.731f,-0.6806f,1.7406f,-0.374f,-0.6186f,-0.691f,-0.7086f,0f,0f,0f,1f],start_interpolation: 0,interpolation_duration: 1}
$data merge entity $(rightthumb2) {transformation: [-0.1218f,-0.8203f,-0.5589f,-0.0901f,-0.0392f,-0.5586f,0.8285f,2.4027f,-0.9918f,0.1228f,0.0359f,-0.5963f,0f,0f,0f,1f],start_interpolation: 0,interpolation_duration: 1}
$data merge entity $(rightthumb) {transformation: [-0.1218f,-0.8203f,-0.5589f,-0.339f,-0.0392f,-0.5586f,0.8285f,2.3365f,-0.9918f,0.1228f,0.0359f,-0.5631f,0f,0f,0f,1f],start_interpolation: 0,interpolation_duration: 1}
$data merge entity $(rightpointerfinger) {transformation: [-0.649f,-0.7486f,0.1359f,-0.3225f,0.7581f,-0.6513f,0.033f,2.6835f,0.0638f,0.1244f,0.9902f,-0.5296f,0f,0f,0f,1f],start_interpolation: 0,interpolation_duration: 1}
$data merge entity $(rightmidfinger) {transformation: [-0.649f,-0.7486f,0.1359f,-0.3013f,0.7581f,-0.6513f,0.033f,2.6887f,0.0638f,0.1244f,0.9902f,-0.3749f,0f,0f,0f,1f],start_interpolation: 0,interpolation_duration: 1}
$data merge entity $(rightringfinger) {transformation: [-0.649f,-0.7486f,0.1359f,-0.28f,0.7581f,-0.6513f,0.033f,2.6938f,0.0638f,0.1244f,0.9902f,-0.2202f,0f,0f,0f,1f],start_interpolation: 0,interpolation_duration: 1}
$data merge entity $(hugeasssword) {transformation: [-3.6432f,-1.3357f,0.5321f,-0.1256f,1.3641f,-3.6692f,0.1292f,2.4054f,0.4544f,0.3055f,3.8782f,-0.4053f,0f,0f,0f,1f],start_interpolation: 0,interpolation_duration: 1}
$data merge entity $(whey) {transformation: [-0.9302f,-0.2065f,-0.3035f,0.0472f,0.3483f,-0.235f,-0.9075f,2.4287f,0.116f,-0.9498f,0.2905f,-0.5718f,0f,0f,0f,1f],start_interpolation: 0,interpolation_duration: 1}
$data merge entity $(ice) {transformation: [-0.9302f,-0.341f,0.1359f,-0.1057f,0.3483f,-0.9368f,0.033f,2.4146f,0.116f,0.078f,0.9902f,-0.4084f,0f,0f,0f,1f],start_interpolation: 0,interpolation_duration: 1}
$data merge entity $(righthand1) {transformation: [-0.9302f,-0.341f,0.1359f,-0.4193f,0.3483f,-0.9368f,0.033f,2.2685f,0.116f,0.078f,0.9902f,-0.3289f,0f,0f,0f,1f],start_interpolation: 0,interpolation_duration: 1}
$data merge entity $(rightforearm) {transformation: [-0.9098f,-0.3921f,0.1359f,-0.6402f,0.3997f,-0.916f,0.033f,1.5989f,0.1115f,0.0843f,0.9902f,-0.2921f,0f,0f,0f,1f],start_interpolation: 0,interpolation_duration: 1}
$data merge entity $(rightelbow) {transformation: [-0.9098f,-0.3921f,0.1359f,-0.7137f,0.3997f,-0.916f,0.033f,1.4271f,0.1115f,0.0843f,0.9902f,-0.2762f,0f,0f,0f,1f],start_interpolation: 0,interpolation_duration: 1}
$data merge entity $(rightarm) {transformation: [-0.8665f,-0.43f,0.2534f,-0.7471f,-0.4319f,0.3913f,-0.8126f,1.7426f,0.2503f,-0.8136f,-0.5248f,-0.7214f,0f,0f,0f,1f],start_interpolation: 0,interpolation_duration: 1}
$data merge entity $(chest1) {transformation: [-1.0833f,0.0019f,0.0091f,0.0012f,0.0015f,1.0818f,-0.0567f,1.5758f,-0.0092f,-0.0567f,-1.0818f,-0.8166f,0f,0f,0f,1f],start_interpolation: 0,interpolation_duration: 1}
$data merge entity $(chest1lid) {transformation: [-1f,0.0018f,0.0084f,-0.3448f,0.0013f,0.9986f,-0.0523f,0.9142f,-0.0085f,-0.0523f,-0.9986f,-0.3929f,0f,0f,0f,1f],start_interpolation: 0,interpolation_duration: 1}
$data merge entity $(chest2) {transformation: [-1f,0.0018f,0.0084f,-0.345f,0.0013f,0.9986f,-0.0523f,0.7582f,-0.0085f,-0.0523f,-0.9986f,-0.3848f,0f,0f,0f,1f],start_interpolation: 0,interpolation_duration: 1}
$data merge entity $(chest1lid3) {transformation: [-1f,0.0018f,0.0084f,-0.2769f,0.0013f,0.9986f,-0.0523f,0.8806f,-0.0085f,-0.0523f,-0.9986f,-1.0321f,0f,0f,0f,1f],start_interpolation: 0,interpolation_duration: 1}
$data merge entity $(chest3) {transformation: [-1f,0.0018f,0.0084f,-0.2772f,0.0013f,0.9986f,-0.0523f,0.7246f,-0.0085f,-0.0523f,-0.9986f,-1.0239f,0f,0f,0f,1f],start_interpolation: 0,interpolation_duration: 1}
$data merge entity $(hugeasssword2) {transformation: [-0.033f,2.8923f,-2.6408f,-1.2265f,0.205f,2.6386f,2.8873f,2.7223f,3.9112f,-0.1139f,-0.1736f,-1.1523f,0f,0f,0f,1f],start_interpolation: 0,interpolation_duration: 1}
$data merge entity $(belt) {transformation: [-1f,0.0018f,0.0084f,0.0314f,0.0013f,0.9986f,-0.0523f,1.1848f,-0.0085f,-0.0523f,-0.9986f,-0.6647f,0f,0f,0f,1f],start_interpolation: 0,interpolation_duration: 1}
$data merge entity $(torn_part) {transformation: [-1f,-0.0022f,0.0083f,-0.0924f,0.0013f,0.914f,0.4057f,0.8878f,-0.0085f,0.4057f,-0.914f,-0.6796f,0f,0f,0f,1f],start_interpolation: 0,interpolation_duration: 1}
$data merge entity $(lowerbody) {transformation: [-1f,0.0004f,0.0086f,0.0039f,0.0013f,0.9937f,0.1121f,0.3867f,-0.0085f,0.1121f,-0.9937f,-0.5937f,0f,0f,0f,1f],start_interpolation: 0,interpolation_duration: 1}
data modify entity @s data merge value {"cameras":{},"locators":{"soup":{"px":-0.2048099453416,"py":2.4427792062595155,"pz":-0.43410786680777463,"ry":5.666152499640532,"rx":51.17403577000891},"lefthand":{"px":0.125006559538685,"py":2.3483887724097694,"pz":-0.4455933931437469,"ry":211.60892504448086,"rx":-17.557481809607463},"sword":{"px":-0.6906861683654559,"py":2.339654740294642,"pz":-4.065450125128182,"ry":172.18745833318232,"rx":1.890955253131274},"righthand":{"px":-0.18970826821206008,"py":2.461332668106794,"pz":-0.4141665322746722,"ry":172.18745833318232,"rx":1.890955253131274},"chest":{"px":-0.37743754064270907,"py":0.860016495300279,"pz":-0.23389702076506333,"ry":0.4829517174636635,"rx":-3.000344498435666}}}