# This file was generated by Animated Java via MC-Build. It is not recommended to edit this file directly.
$data merge entity $(nose) {transformation: [0.3664f,0.0269f,-0.93f,0.3938f,0.1595f,0.983f,0.0913f,2.2793f,0.9167f,-0.1818f,0.3559f,-0.8662f,0f,0f,0f,1f],start_interpolation: 0,interpolation_duration: 1}
$data merge entity $(glowing_eye) {transformation: [0.3664f,0.0269f,-0.93f,0.4738f,0.1595f,0.983f,0.0913f,2.3626f,0.9167f,-0.1818f,0.3559f,-0.7763f,0f,0f,0f,1f],start_interpolation: 0,interpolation_duration: 1}
$data merge entity $(head) {transformation: [0.3664f,0.0269f,-0.93f,0.2163f,0.1595f,0.983f,0.0913f,2.175f,0.9167f,-0.1818f,0.3559f,-0.7771f,0f,0f,0f,1f],start_interpolation: 0,interpolation_duration: 1}
$data merge entity $(leftthumb2) {transformation: [-0.3931f,-0.6533f,0.647f,1.1638f,-0.8134f,0.5752f,0.0865f,0.2388f,-0.4287f,-0.4923f,-0.7575f,-1.1413f,0f,0f,0f,1f],start_interpolation: 0,interpolation_duration: 1}
$data merge entity $(leftthumb) {transformation: [-0.3931f,-0.6533f,0.647f,1.0589f,-0.8134f,0.5752f,0.0865f,0.3873f,-0.4287f,-0.4923f,-0.7575f,-1.3268f,0f,0f,0f,1f],start_interpolation: 0,interpolation_duration: 1}
$data merge entity $(leftpointerfinger) {transformation: [-0.6188f,-0.6861f,0.3826f,1.3696f,-0.7092f,0.6973f,0.1034f,0.2409f,-0.3377f,-0.2074f,-0.9181f,-1.2649f,0f,0f,0f,1f],start_interpolation: 0,interpolation_duration: 1}
$data merge entity $(leftmidfinger) {transformation: [-0.6188f,-0.6861f,0.3826f,1.4294f,-0.7092f,0.6973f,0.1034f,0.257f,-0.3377f,-0.2074f,-0.9181f,-1.4083f,0f,0f,0f,1f],start_interpolation: 0,interpolation_duration: 1}
$data merge entity $(leftringfinger) {transformation: [-0.6188f,-0.6861f,0.3826f,1.4892f,-0.7092f,0.6973f,0.1034f,0.2732f,-0.3377f,-0.2074f,-0.9181f,-1.5518f,0f,0f,0f,1f],start_interpolation: 0,interpolation_duration: 1}
$data merge entity $(invisibility) {transformation: [-0.6501f,-0.4409f,0.6188f,1.1666f,0.7037f,-0.0422f,0.7092f,0.1809f,-0.2866f,0.8966f,0.3377f,-1.3222f,0f,0f,0f,1f],start_interpolation: 0,interpolation_duration: 1}
$data merge entity $(swiftness) {transformation: [0.3826f,-0.6861f,0.6188f,1.299f,0.1034f,0.6973f,0.7092f,0.069f,-0.9181f,-0.2074f,0.3377f,-1.4838f,0f,0f,0f,1f],start_interpolation: 0,interpolation_duration: 1}
$data merge entity $(suspicious_stew) {transformation: [0f,0f,0f,1.2674f,0f,0f,0f,0.1795f,0f,0f,0f,-1.4846f,0f,0f,0f,1f],start_interpolation: 0,interpolation_duration: 1}
$data merge entity $(log) {transformation: [-0.6188f,-0.6861f,0.3826f,1.1446f,-0.7092f,0.6973f,0.1034f,0.1932f,-0.3377f,-0.2074f,-0.9181f,-1.5852f,0f,0f,0f,1f],start_interpolation: 0,interpolation_duration: 1}
$data merge entity $(planks) {transformation: [-0.6188f,-0.6861f,0.3826f,1.0866f,-0.7092f,0.6973f,0.1034f,0.1267f,-0.3377f,-0.2074f,-0.9181f,-1.6169f,0f,0f,0f,1f],start_interpolation: 0,interpolation_duration: 1}
$data merge entity $(lefthand1) {transformation: [-0.6188f,-0.6861f,0.3826f,1.1159f,-0.7092f,0.6973f,0.1034f,0.5416f,-0.3377f,-0.2074f,-0.9181f,-1.5239f,0f,0f,0f,1f],start_interpolation: 0,interpolation_duration: 1}
$data merge entity $(leftforearm) {transformation: [-0.6188f,-0.6861f,0.3826f,0.5888f,-0.7092f,0.6973f,0.1034f,0.9859f,-0.3377f,-0.2074f,-0.9181f,-1.6765f,0f,0f,0f,1f],start_interpolation: 0,interpolation_duration: 1}
$data merge entity $(leftelbow) {transformation: [-0.6188f,-0.6861f,0.3826f,0.4601f,-0.7092f,0.6973f,0.1034f,1.1167f,-0.3377f,-0.2074f,-0.9181f,-1.7154f,0f,0f,0f,1f],start_interpolation: 0,interpolation_duration: 1}
$data merge entity $(leftarm) {transformation: [-0.3882f,0.1002f,-0.9161f,0.454f,-0.2431f,0.9477f,0.2067f,1.5309f,0.8889f,0.303f,-0.3435f,-1.3587f,0f,0f,0f,1f],start_interpolation: 0,interpolation_duration: 1}
$data merge entity $(rightthumb2) {transformation: [0.0411f,0.2164f,-0.9754f,-0.5557f,0.2925f,0.9309f,0.2189f,0.1975f,0.9554f,-0.2943f,-0.0251f,0.2165f,0f,0f,0f,1f],start_interpolation: 0,interpolation_duration: 1}
$data merge entity $(rightthumb) {transformation: [0.0411f,0.2164f,-0.9754f,-0.5859f,0.2925f,0.9309f,0.2189f,0.4445f,0.9554f,-0.2943f,-0.0251f,0.1421f,0f,0f,0f,1f],start_interpolation: 0,interpolation_duration: 1}
$data merge entity $(rightpointerfinger) {transformation: [0.0411f,0.2164f,-0.9754f,-0.6982f,0.2925f,0.9309f,0.2189f,0.1813f,0.9554f,-0.2943f,-0.0251f,0.342f,0f,0f,0f,1f],start_interpolation: 0,interpolation_duration: 1}
$data merge entity $(rightmidfinger) {transformation: [0.0411f,0.2164f,-0.9754f,-0.8506f,0.2925f,0.9309f,0.2189f,0.2155f,0.9554f,-0.2943f,-0.0251f,0.3381f,0f,0f,0f,1f],start_interpolation: 0,interpolation_duration: 1}
$data merge entity $(rightringfinger) {transformation: [0.0411f,0.2164f,-0.9754f,-1.003f,0.2925f,0.9309f,0.2189f,0.2497f,0.9554f,-0.2943f,-0.0251f,0.3342f,0f,0f,0f,1f],start_interpolation: 0,interpolation_duration: 1}
$data merge entity $(hugeasssword) {transformation: [0.1609f,0.8477f,-3.8204f,-0.8023f,1.1456f,3.646f,0.8573f,0.3235f,3.7419f,-1.1526f,-0.0981f,0.0249f,0f,0f,0f,1f],start_interpolation: 0,interpolation_duration: 1}
$data merge entity $(whey) {transformation: [0.0411f,0.9992f,0.0002f,-0.6925f,0.2925f,-0.0122f,0.9562f,0.1552f,0.9554f,-0.0392f,-0.2927f,-0.1081f,0f,0f,0f,1f],start_interpolation: 0,interpolation_duration: 1}
$data merge entity $(ice) {transformation: [0.0411f,0.2164f,-0.9754f,-0.8063f,0.2925f,0.9309f,0.2189f,0.3044f,0.9554f,-0.2943f,-0.0251f,0.0146f,0f,0f,0f,1f],start_interpolation: 0,interpolation_duration: 1}
$data merge entity $(righthand1) {transformation: [0.0411f,0.2164f,-0.9754f,-0.7724f,0.2925f,0.9309f,0.2189f,0.6171f,0.9554f,-0.2943f,-0.0251f,0.1791f,0f,0f,0f,1f],start_interpolation: 0,interpolation_duration: 1}
$data merge entity $(rightforearm) {transformation: [0.0411f,0.2164f,-0.9754f,-0.6076f,0.2925f,0.9309f,0.2189f,1.2499f,0.9554f,-0.2943f,-0.0251f,-0.0871f,0f,0f,0f,1f],start_interpolation: 0,interpolation_duration: 1}
$data merge entity $(rightelbow) {transformation: [0.0411f,0.2164f,-0.9754f,-0.567f,0.2925f,0.9309f,0.2189f,1.4244f,0.9554f,-0.2943f,-0.0251f,-0.1423f,0f,0f,0f,1f],start_interpolation: 0,interpolation_duration: 1}
$data merge entity $(rightarm) {transformation: [-0.9491f,0.2222f,-0.2233f,-0.2413f,0.164f,0.9537f,0.2522f,1.8575f,0.269f,0.2028f,-0.9416f,-0.0703f,0f,0f,0f,1f],start_interpolation: 0,interpolation_duration: 1}
$data merge entity $(chest1) {transformation: [-0.5021f,0.2923f,-0.9144f,-0.0309f,0.2359f,1.0378f,0.2022f,1.5617f,0.9305f,-0.1054f,-0.5447f,-0.7523f,0f,0f,0f,1f],start_interpolation: 0,interpolation_duration: 1}
$data merge entity $(chest1lid) {transformation: [-0.4635f,0.2698f,-0.844f,-0.0432f,0.2177f,0.958f,0.1866f,0.9083f,0.8589f,-0.0973f,-0.5028f,-0.1958f,0f,0f,0f,1f],start_interpolation: 0,interpolation_duration: 1}
$data merge entity $(chest2) {transformation: [-0.4635f,0.2698f,-0.844f,-0.0854f,0.2177f,0.958f,0.1866f,0.7586f,0.8589f,-0.0973f,-0.5028f,-0.1806f,0f,0f,0f,1f],start_interpolation: 0,interpolation_duration: 1}
$data merge entity $(chest1lid3) {transformation: [-0.4635f,0.2698f,-0.844f,-0.555f,0.2177f,0.958f,0.1866f,1.0142f,0.8589f,-0.0973f,-0.5028f,-0.5716f,0f,0f,0f,1f],start_interpolation: 0,interpolation_duration: 1}
$data merge entity $(chest3) {transformation: [-0.4635f,0.2698f,-0.844f,-0.5971f,0.2177f,0.958f,0.1866f,0.8645f,0.8589f,-0.0973f,-0.5028f,-0.5564f,0f,0f,0f,1f],start_interpolation: 0,interpolation_duration: 1}
$data merge entity $(hugeasssword2) {transformation: [3.3057f,2.0524f,-0.4475f,-0.5125f,-0.731f,1.9061f,3.3425f,2.991f,1.9693f,-2.7377f,1.9918f,0.0599f,0f,0f,0f,1f],start_interpolation: 0,interpolation_duration: 1}
$data merge entity $(belt) {transformation: [-0.4635f,0.2698f,-0.844f,-0.013f,0.2177f,0.958f,0.1866f,1.1487f,0.8589f,-0.0973f,-0.5028f,-0.6752f,0f,0f,0f,1f],start_interpolation: 0,interpolation_duration: 1}
$data merge entity $(torn_part) {transformation: [-0.7803f,0.1879f,-0.5966f,-0.1604f,-0.0827f,0.9145f,0.3961f,0.8771f,0.62f,0.3584f,-0.698f,-0.5776f,0f,0f,0f,1f],start_interpolation: 0,interpolation_duration: 1}
$data merge entity $(lowerbody) {transformation: [-0.7803f,-0.0002f,-0.6255f,0.0039f,-0.0827f,0.9913f,0.1028f,0.3867f,0.62f,0.1319f,-0.7735f,-0.5937f,0f,0f,0f,1f],start_interpolation: 0,interpolation_duration: 1}
data modify entity @s data merge value {"cameras":{},"locators":{"soup":{"px":1.2673534445400465,"py":0.17949870712827182,"pz":-1.4845596184551237,"ry":118.69634495897415,"rx":45.81318180767487},"lefthand":{"px":1.2502628641772577,"py":0.20355353633733503,"pz":-1.523011116026766,"ry":22.620792916274183,"rx":5.933360251492435},"sword":{"px":2.8062767851064656,"py":-0.49327972380834856,"pz":0.20156333339856672,"ry":271.4713511777249,"rx":12.643186524650107},"righthand":{"px":-0.7906226070247057,"py":0.31383575434898364,"pz":0.10917492608859422,"ry":271.4713511777249,"rx":12.643186524650107},"chest":{"px":0.057287636031245356,"py":0.8260369438581868,"pz":-0.08430883797470623,"ry":300.7829669498374,"rx":10.756428407652226}}}