# This file was generated by Animated Java via MC-Build. It is not recommended to edit this file directly.
$data merge entity $(nose) {transformation: [-1f,0.0036f,0.0019f,0.0015f,0.0006f,0.6041f,-0.7969f,2.458f,-0.004f,-0.7969f,-0.6041f,-0.6354f,0f,0f,0f,1f],start_interpolation: 0,interpolation_duration: 1}
$data merge entity $(glowing_eye) {transformation: [-1f,0.0036f,0.0019f,-0.1233f,0.0006f,0.6041f,-0.7969f,2.5268f,-0.004f,-0.7969f,-0.6041f,-0.6688f,0f,0f,0f,1f],start_interpolation: 0,interpolation_duration: 1}
$data merge entity $(head) {transformation: [-1f,0.0036f,0.0019f,0.0014f,0.0006f,0.6041f,-0.7969f,2.2342f,-0.004f,-0.7969f,-0.6041f,-0.6501f,0f,0f,0f,1f],start_interpolation: 0,interpolation_duration: 1}
$data merge entity $(leftthumb2) {transformation: [-0.3177f,0.5268f,0.7884f,0.1169f,0.3373f,-0.7143f,0.6132f,2.3392f,0.8861f,0.4608f,0.0492f,-0.6535f,0f,0f,0f,1f],start_interpolation: 0,interpolation_duration: 1}
$data merge entity $(leftthumb) {transformation: [-0.3177f,0.5268f,0.7884f,0.3135f,0.3373f,-0.7143f,0.6132f,2.2164f,0.8861f,0.4608f,0.0492f,-0.5363f,0f,0f,0f,1f],start_interpolation: 0,interpolation_duration: 1}
$data merge entity $(leftpointerfinger) {transformation: [-0.9426f,0.32f,-0.0954f,0.3071f,-0.3091f,-0.9443f,-0.1131f,2.5548f,-0.1263f,-0.0771f,0.989f,-0.4508f,0f,0f,0f,1f],start_interpolation: 0,interpolation_duration: 1}
$data merge entity $(leftmidfinger) {transformation: [-0.9426f,0.32f,-0.0954f,0.2922f,-0.3091f,-0.9443f,-0.1131f,2.5371f,-0.1263f,-0.0771f,0.989f,-0.2963f,0f,0f,0f,1f],start_interpolation: 0,interpolation_duration: 1}
$data merge entity $(leftringfinger) {transformation: [-0.9426f,0.32f,-0.0954f,0.2773f,-0.3091f,-0.9443f,-0.1131f,2.5194f,-0.1263f,-0.0771f,0.989f,-0.1417f,0f,0f,0f,1f],start_interpolation: 0,interpolation_duration: 1}
$data merge entity $(invisibility) {transformation: [0.3105f,0.123f,0.9426f,0.1684f,-0.9505f,0.0304f,0.3091f,2.3971f,0.0094f,-0.9919f,0.1263f,-0.5138f,0f,0f,0f,1f],start_interpolation: 0,interpolation_duration: 1}
$data merge entity $(swiftness) {transformation: [-0.0954f,0.32f,0.9426f,0.058f,-0.1131f,-0.9443f,0.3091f,2.4876f,0.989f,-0.0771f,0.1263f,-0.3245f,0f,0f,0f,1f],start_interpolation: 0,interpolation_duration: 1}
$data merge entity $(suspicious_stew) {transformation: [0f,0f,0f,-0.0107f,0f,0f,0f,2.5345f,0f,0f,0f,-0.1554f,0f,0f,0f,1f],start_interpolation: 0,interpolation_duration: 1}
$data merge entity $(log) {transformation: [-0.9426f,0.32f,-0.0954f,0.0826f,-0.3091f,-0.9443f,-0.1131f,2.2678f,-0.1263f,-0.0771f,0.989f,-0.2999f,0f,0f,0f,1f],start_interpolation: 0,interpolation_duration: 1}
$data merge entity $(planks) {transformation: [-0.9426f,0.32f,-0.0954f,-0.0057f,-0.3091f,-0.9443f,-0.1131f,2.2388f,-0.1263f,-0.0771f,0.989f,-0.3117f,0f,0f,0f,1f],start_interpolation: 0,interpolation_duration: 1}
$data merge entity $(lefthand1) {transformation: [-0.9426f,0.32f,-0.0954f,0.4013f,-0.3091f,-0.9443f,-0.1131f,2.1125f,-0.1263f,-0.0771f,0.989f,-0.3185f,0f,0f,0f,1f],start_interpolation: 0,interpolation_duration: 1}
$data merge entity $(leftforearm) {transformation: [-0.4601f,0.4962f,0.7363f,0.7099f,-0.286f,-0.8679f,0.4062f,1.4781f,0.8405f,-0.0237f,0.5413f,-0.2911f,0f,0f,0f,1f],start_interpolation: 0,interpolation_duration: 1}
$data merge entity $(leftelbow) {transformation: [-0.4601f,0.4962f,0.7363f,0.8029f,-0.286f,-0.8679f,0.4062f,1.3153f,0.8405f,-0.0237f,0.5413f,-0.2955f,0f,0f,0f,1f],start_interpolation: 0,interpolation_duration: 1}
$data merge entity $(leftarm) {transformation: [-0.9054f,0.3105f,0.2897f,0.7511f,0.0646f,0.775f,-0.6287f,1.7366f,-0.4197f,-0.5505f,-0.7217f,-0.64f,0f,0f,0f,1f],start_interpolation: 0,interpolation_duration: 1}
$data merge entity $(rightthumb2) {transformation: [0.1919f,-0.6984f,-0.6895f,-0.1049f,0.0918f,-0.6867f,0.7211f,2.434f,-0.9771f,-0.2017f,-0.0677f,-0.4036f,0f,0f,0f,1f],start_interpolation: 0,interpolation_duration: 1}
$data merge entity $(rightthumb) {transformation: [0.1919f,-0.6984f,-0.6895f,-0.3351f,0.0918f,-0.6867f,0.7211f,2.3272f,-0.9771f,-0.2017f,-0.0677f,-0.4588f,0f,0f,0f,1f],start_interpolation: 0,interpolation_duration: 1}
$data merge entity $(rightpointerfinger) {transformation: [-0.7007f,-0.7037f,0.1173f,-0.3385f,0.7083f,-0.7059f,-0.0045f,2.6728f,0.0859f,0.0799f,0.9931f,-0.4097f,0f,0f,0f,1f],start_interpolation: 0,interpolation_duration: 1}
$data merge entity $(rightmidfinger) {transformation: [-0.7007f,-0.7037f,0.1173f,-0.3201f,0.7083f,-0.7059f,-0.0045f,2.6721f,0.0859f,0.0799f,0.9931f,-0.2545f,0f,0f,0f,1f],start_interpolation: 0,interpolation_duration: 1}
$data merge entity $(rightringfinger) {transformation: [-0.7007f,-0.7037f,0.1173f,-0.3018f,0.7083f,-0.7059f,-0.0045f,2.6714f,0.0859f,0.0799f,0.9931f,-0.0993f,0f,0f,0f,1f],start_interpolation: 0,interpolation_duration: 1}
$data merge entity $(hugeasssword) {transformation: [-3.7204f,-1.1349f,0.4593f,-0.1285f,1.1408f,-3.7468f,-0.0175f,2.4005f,0.4444f,0.1171f,3.8896f,-0.2941f,0f,0f,0f,1f],start_interpolation: 0,interpolation_duration: 1}
$data merge entity $(whey) {transformation: [-0.9499f,-0.1772f,-0.2575f,0.0454f,0.2913f,-0.2027f,-0.9349f,2.4407f,0.1135f,-0.9631f,0.2441f,-0.4561f,0f,0f,0f,1f],start_interpolation: 0,interpolation_duration: 1}
$data merge entity $(ice) {transformation: [-0.9499f,-0.2898f,0.1173f,-0.1091f,0.2913f,-0.9566f,-0.0045f,2.4109f,0.1135f,0.0299f,0.9931f,-0.2963f,0f,0f,0f,1f],start_interpolation: 0,interpolation_duration: 1}
$data merge entity $(righthand1) {transformation: [-0.9499f,-0.2898f,0.1173f,-0.4154f,0.2913f,-0.9566f,-0.0045f,2.2444f,0.1135f,0.0299f,0.9931f,-0.2295f,0f,0f,0f,1f],start_interpolation: 0,interpolation_duration: 1}
$data merge entity $(rightforearm) {transformation: [-0.9073f,-0.4039f,0.1173f,-0.6445f,0.4062f,-0.9138f,-0.0045f,1.5766f,0.109f,0.0436f,0.9931f,-0.2212f,0f,0f,0f,1f],start_interpolation: 0,interpolation_duration: 1}
$data merge entity $(rightelbow) {transformation: [-0.9073f,-0.4039f,0.1173f,-0.7202f,0.4062f,-0.9138f,-0.0045f,1.4052f,0.109f,0.0436f,0.9931f,-0.213f,0f,0f,0f,1f],start_interpolation: 0,interpolation_duration: 1}
$data merge entity $(rightarm) {transformation: [-0.8707f,-0.4227f,0.2516f,-0.7489f,-0.4354f,0.4245f,-0.7938f,1.7376f,0.2287f,-0.8007f,-0.5537f,-0.6461f,0f,0f,0f,1f],start_interpolation: 0,interpolation_duration: 1}
$data merge entity $(chest1) {transformation: [-1.0833f,0.0005f,0.0044f,-0.0009f,0.0007f,1.0823f,0.0465f,1.5817f,-0.0044f,0.0465f,-1.0823f,-0.7599f,0f,0f,0f,1f],start_interpolation: 0,interpolation_duration: 1}
$data merge entity $(chest1lid) {transformation: [-1f,0.0005f,0.0041f,-0.3442f,0.0006f,0.9991f,0.0429f,0.8823f,-0.004f,0.0429f,-0.9991f,-0.3997f,0f,0f,0f,1f],start_interpolation: 0,interpolation_duration: 1}
$data merge entity $(chest2) {transformation: [-1f,0.0005f,0.0041f,-0.3443f,0.0006f,0.9991f,0.0429f,0.7262f,-0.004f,0.0429f,-0.9991f,-0.4064f,0f,0f,0f,1f],start_interpolation: 0,interpolation_duration: 1}
$data merge entity $(chest1lid3) {transformation: [-1f,0.0005f,0.0041f,-0.2791f,0.0006f,0.9991f,0.0429f,0.9097f,-0.004f,0.0429f,-0.9991f,-1.0394f,0f,0f,0f,1f],start_interpolation: 0,interpolation_duration: 1}
$data merge entity $(chest3) {transformation: [-1f,0.0005f,0.0041f,-0.2792f,0.0006f,0.9991f,0.0429f,0.7536f,-0.004f,0.0429f,-0.9991f,-1.0461f,0f,0f,0f,1f],start_interpolation: 0,interpolation_duration: 1}
$data merge entity $(hugeasssword2) {transformation: [-0.0159f,2.8889f,-2.6447f,-1.2313f,-0.1681f,2.6418f,2.8867f,2.753f,3.913f,0.1252f,0.1132f,-0.9798f,0f,0f,0f,1f],start_interpolation: 0,interpolation_duration: 1}
$data merge entity $(belt) {transformation: [-1f,0.0005f,0.0041f,0.0304f,0.0006f,0.9991f,0.0429f,1.1781f,-0.004f,0.0429f,-0.9991f,-0.6461f,0f,0f,0f,1f],start_interpolation: 0,interpolation_duration: 1}
$data merge entity $(torn_part) {transformation: [-1f,-0.0011f,0.0039f,-0.0931f,0.0006f,0.9109f,0.4127f,0.8884f,-0.004f,0.4127f,-0.9109f,-0.6753f,0f,0f,0f,1f],start_interpolation: 0,interpolation_duration: 1}
$data merge entity $(lowerbody) {transformation: [-1f,0.0001f,0.0041f,0.0039f,0.0006f,0.9928f,0.1197f,0.3867f,-0.004f,0.1197f,-0.9928f,-0.5937f,0f,0f,0f,1f],start_interpolation: 0,interpolation_duration: 1}
data modify entity @s data merge value {"cameras":{},"locators":{"soup":{"px":-0.01069694170497745,"py":2.534459016987124,"pz":-0.1553609171307866,"ry":6.789431136276761,"rx":51.48707855996902},"lefthand":{"px":0.1474799270313727,"py":2.372305402187458,"pz":-0.297473037281086,"ry":185.51111012958086,"rx":-6.495709533905134},"sword":{"px":-0.6278791187522714,"py":2.4697113169051814,"pz":-3.9637127063320086,"ry":173.2660693774032,"rx":-0.25672769494926095},"righthand":{"px":-0.1954913638874054,"py":2.4531886303233166,"pz":-0.30168811872052836,"ry":173.2660693774032,"rx":-0.25672769494926095},"chest":{"px":-0.37613460998980724,"py":0.8131320592625764,"pz":-0.2463604818077345,"ry":0.23303605896447266,"rx":2.4597428109504653}}}