# This file was generated by Animated Java via MC-Build. It is not recommended to edit this file directly.
$data merge entity $(nose) {transformation: [-1f,0.0015f,0.0015f,0.0004f,0.0003f,0.814f,-0.5809f,2.4338f,-0.0021f,-0.5809f,-0.814f,-0.4745f,0f,0f,0f,1f],start_interpolation: 0,interpolation_duration: 1}
$data merge entity $(glowing_eye) {transformation: [-1f,0.0015f,0.0015f,-0.1245f,0.0003f,0.814f,-0.5809f,2.5092f,-0.0021f,-0.5809f,-0.814f,-0.4857f,0f,0f,0f,1f],start_interpolation: 0,interpolation_duration: 1}
$data merge entity $(head) {transformation: [-1f,0.0015f,0.0015f,0.0005f,0.0003f,0.814f,-0.5809f,2.2245f,-0.0021f,-0.5809f,-0.814f,-0.5552f,0f,0f,0f,1f],start_interpolation: 0,interpolation_duration: 1}
$data merge entity $(leftthumb2) {transformation: [-0.3504f,0.4262f,0.834f,0.1504f,0.4283f,-0.719f,0.5474f,2.3328f,0.833f,0.549f,0.0694f,-0.5226f,0f,0f,0f,1f],start_interpolation: 0,interpolation_duration: 1}
$data merge entity $(leftthumb) {transformation: [-0.3504f,0.4262f,0.834f,0.3262f,0.4283f,-0.719f,0.5474f,2.2033f,0.833f,0.549f,0.0694f,-0.3821f,0f,0f,0f,1f],start_interpolation: 0,interpolation_duration: 1}
$data merge entity $(leftpointerfinger) {transformation: [-0.9296f,0.2303f,0.2879f,0.3658f,-0.2623f,-0.9619f,-0.0776f,2.5439f,0.2591f,-0.1477f,0.9545f,-0.3172f,0f,0f,0f,1f],start_interpolation: 0,interpolation_duration: 1}
$data merge entity $(leftmidfinger) {transformation: [-0.9296f,0.2303f,0.2879f,0.4108f,-0.2623f,-0.9619f,-0.0776f,2.5318f,0.2591f,-0.1477f,0.9545f,-0.1681f,0f,0f,0f,1f],start_interpolation: 0,interpolation_duration: 1}
$data merge entity $(leftringfinger) {transformation: [-0.9296f,0.2303f,0.2879f,0.4558f,-0.2623f,-0.9619f,-0.0776f,2.5197f,0.2591f,-0.1477f,0.9545f,-0.0189f,0f,0f,0f,1f],start_interpolation: 0,interpolation_duration: 1}
$data merge entity $(invisibility) {transformation: [0.2545f,-0.2668f,0.9296f,0.2077f,-0.965f,-0.0065f,0.2623f,2.392f,-0.064f,-0.9637f,-0.2591f,-0.3146f,0f,0f,0f,1f],start_interpolation: 0,interpolation_duration: 1}
$data merge entity $(swiftness) {transformation: [0.2879f,0.2303f,0.9296f,0.1821f,-0.0776f,-0.9619f,0.2623f,2.494f,0.9545f,-0.1477f,-0.2591f,-0.1022f,0f,0f,0f,1f],start_interpolation: 0,interpolation_duration: 1}
$data merge entity $(suspicious_stew) {transformation: [0f,0f,0f,0.2224f,0f,0f,0f,2.508f,0f,0f,0f,0.01f,0f,0f,0f,1f],start_interpolation: 0,interpolation_duration: 1}
$data merge entity $(log) {transformation: [-0.9296f,0.2303f,0.2879f,0.206f,-0.2623f,-0.9619f,-0.0776f,2.274f,0.2591f,-0.1477f,0.9545f,-0.0782f,0f,0f,0f,1f],start_interpolation: 0,interpolation_duration: 1}
$data merge entity $(planks) {transformation: [-0.9296f,0.2303f,0.2879f,0.1189f,-0.2623f,-0.9619f,-0.0776f,2.2494f,0.2591f,-0.1477f,0.9545f,-0.0539f,0f,0f,0f,1f],start_interpolation: 0,interpolation_duration: 1}
$data merge entity $(lefthand1) {transformation: [-0.9296f,0.2303f,0.2879f,0.487f,-0.2623f,-0.9619f,-0.0776f,2.1016f,0.2591f,-0.1477f,0.9545f,-0.2097f,0f,0f,0f,1f],start_interpolation: 0,interpolation_duration: 1}
$data merge entity $(leftforearm) {transformation: [-0.4306f,0.4638f,0.7743f,0.7741f,-0.3419f,-0.8778f,0.3356f,1.4578f,0.8353f,-0.1202f,0.5365f,-0.2504f,0f,0f,0f,1f],start_interpolation: 0,interpolation_duration: 1}
$data merge entity $(leftelbow) {transformation: [-0.4306f,0.4638f,0.7743f,0.861f,-0.3419f,-0.8778f,0.3356f,1.2932f,0.8353f,-0.1202f,0.5365f,-0.2729f,0f,0f,0f,1f],start_interpolation: 0,interpolation_duration: 1}
$data merge entity $(leftarm) {transformation: [-0.9133f,0.2005f,0.3546f,0.7504f,-0.0212f,0.8458f,-0.533f,1.7281f,-0.4068f,-0.4943f,-0.7682f,-0.5851f,0f,0f,0f,1f],start_interpolation: 0,interpolation_duration: 1}
$data merge entity $(rightthumb2) {transformation: [0.2212f,-0.5096f,-0.8315f,-0.2751f,0.6399f,-0.5675f,0.5181f,2.4151f,-0.7359f,-0.6466f,0.2006f,-0.2294f,0f,0f,0f,1f],start_interpolation: 0,interpolation_duration: 1}
$data merge entity $(rightthumb) {transformation: [0.2212f,-0.5096f,-0.8315f,-0.4712f,0.6399f,-0.5675f,0.5181f,2.3202f,-0.7359f,-0.6466f,0.2006f,-0.3708f,0f,0f,0f,1f],start_interpolation: 0,interpolation_duration: 1}
$data merge entity $(rightpointerfinger) {transformation: [-0.7301f,-0.6798f,0.0695f,-0.4859f,0.679f,-0.7332f,-0.038f,2.6635f,0.0768f,0.0194f,0.9969f,-0.3097f,0f,0f,0f,1f],start_interpolation: 0,interpolation_duration: 1}
$data merge entity $(rightmidfinger) {transformation: [-0.7301f,-0.6798f,0.0695f,-0.475f,0.679f,-0.7332f,-0.038f,2.6576f,0.0768f,0.0194f,0.9969f,-0.1539f,0f,0f,0f,1f],start_interpolation: 0,interpolation_duration: 1}
$data merge entity $(rightringfinger) {transformation: [-0.7301f,-0.6798f,0.0695f,-0.4642f,0.679f,-0.7332f,-0.038f,2.6517f,0.0768f,0.0194f,0.9969f,0.0018f,0f,0f,0f,1f],start_interpolation: 0,interpolation_duration: 1}
$data merge entity $(hugeasssword) {transformation: [-3.7659f,-1.0411f,0.2722f,-0.2747f,1.0329f,-3.7751f,-0.1489f,2.3924f,0.3019f,-0.0714f,3.9044f,-0.1937f,0f,0f,0f,1f],start_interpolation: 0,interpolation_duration: 1}
$data merge entity $(whey) {transformation: [-0.9615f,-0.1254f,-0.2445f,-0.0943f,0.2637f,-0.1715f,-0.9492f,2.4427f,0.0771f,-0.9772f,0.198f,-0.3454f,0f,0f,0f,1f],start_interpolation: 0,interpolation_duration: 1}
$data merge entity $(ice) {transformation: [-0.9615f,-0.2658f,0.0695f,-0.2555f,0.2637f,-0.9639f,-0.038f,2.4033f,0.0771f,-0.0182f,0.9969f,-0.1946f,0f,0f,0f,1f],start_interpolation: 0,interpolation_duration: 1}
$data merge entity $(righthand1) {transformation: [-0.9615f,-0.2658f,0.0695f,-0.5602f,0.2637f,-0.9639f,-0.038f,2.2271f,0.0771f,-0.0182f,0.9969f,-0.1487f,0f,0f,0f,1f],start_interpolation: 0,interpolation_duration: 1}
$data merge entity $(rightforearm) {transformation: [-0.9343f,-0.3496f,0.0695f,-0.7487f,0.3477f,-0.9368f,-0.038f,1.5472f,0.0784f,-0.0114f,0.9969f,-0.1772f,0f,0f,0f,1f],start_interpolation: 0,interpolation_duration: 1}
$data merge entity $(rightelbow) {transformation: [-0.9343f,-0.3496f,0.0695f,-0.8142f,0.3477f,-0.9368f,-0.038f,1.3716f,0.0784f,-0.0114f,0.9969f,-0.1793f,0f,0f,0f,1f],start_interpolation: 0,interpolation_duration: 1}
$data merge entity $(rightarm) {transformation: [-0.9513f,-0.2787f,0.1321f,-0.7496f,-0.2702f,0.5464f,-0.7928f,1.7286f,0.1487f,-0.7898f,-0.595f,-0.5882f,0f,0f,0f,1f],start_interpolation: 0,interpolation_duration: 1}
$data merge entity $(chest1) {transformation: [-1.0833f,0.0001f,0.0023f,-0.0017f,0.0004f,1.0755f,0.1301f,1.5825f,-0.0022f,0.1301f,-1.0755f,-0.7151f,0f,0f,0f,1f],start_interpolation: 0,interpolation_duration: 1}
$data merge entity $(chest1lid) {transformation: [-1f,0.0001f,0.0021f,-0.344f,0.0003f,0.9928f,0.1201f,0.8571f,-0.0021f,0.1201f,-0.9928f,-0.4094f,0f,0f,0f,1f],start_interpolation: 0,interpolation_duration: 1}
$data merge entity $(chest2) {transformation: [-1f,0.0001f,0.0021f,-0.344f,0.0003f,0.9928f,0.1201f,0.702f,-0.0021f,0.1201f,-0.9928f,-0.4282f,0f,0f,0f,1f],start_interpolation: 0,interpolation_duration: 1}
$data merge entity $(chest1lid3) {transformation: [-1f,0.0001f,0.0021f,-0.2801f,0.0003f,0.9928f,0.1201f,0.934f,-0.0021f,0.1201f,-0.9928f,-1.0453f,0f,0f,0f,1f],start_interpolation: 0,interpolation_duration: 1}
$data merge entity $(chest3) {transformation: [-1f,0.0001f,0.0021f,-0.2802f,0.0003f,0.9928f,0.1201f,0.7788f,-0.0021f,0.1201f,-0.9928f,-1.064f,0f,0f,0f,1f],start_interpolation: 0,interpolation_duration: 1}
$data merge entity $(hugeasssword2) {transformation: [-0.0081f,2.8879f,-2.6458f,-1.2331f,-0.4702f,2.626f,2.8676f,2.7666f,3.8883f,0.3236f,0.3413f,-0.8414f,0f,0f,0f,1f],start_interpolation: 0,interpolation_duration: 1}
$data merge entity $(belt) {transformation: [-1f,0.0001f,0.0021f,0.03f,0.0003f,0.9928f,0.1201f,1.1713f,-0.0021f,0.1201f,-0.9928f,-0.633f,0f,0f,0f,1f],start_interpolation: 0,interpolation_duration: 1}
$data merge entity $(torn_part) {transformation: [-1f,-0.0006f,0.002f,-0.0934f,0.0003f,0.9092f,0.4163f,0.8887f,-0.0021f,0.4163f,-0.9092f,-0.6731f,0f,0f,0f,1f],start_interpolation: 0,interpolation_duration: 1}
$data merge entity $(lowerbody) {transformation: [-1f,0.0001f,0.0021f,0.0039f,0.0003f,0.9923f,0.1236f,0.3867f,-0.0021f,0.1236f,-0.9923f,-0.5937f,0f,0f,0f,1f],start_interpolation: 0,interpolation_duration: 1}
data modify entity @s data merge value {"cameras":{},"locators":{"soup":{"px":0.22237844696136355,"py":2.5080015501433808,"pz":0.010033249106357197,"ry":27.881979419896254,"rx":49.50007722759855},"lefthand":{"px":0.27066399148182674,"py":2.3749719000131755,"pz":-0.10582273342872715,"ry":163.2133739482412,"rx":-4.453110541452856},"sword":{"px":-0.5988683033071782,"py":2.5838312964547394,"pz":-3.8785785571614726,"ry":176.0119635015362,"rx":-2.1783002991461156},"righthand":{"px":-0.3425947170466619,"py":2.4436718025715085,"pz":-0.2026656888715329,"ry":176.0119635015362,"rx":-2.1783002991461156},"chest":{"px":-0.37555689395688663,"py":0.7762769662814945,"pz":-0.2618699248464852,"ry":0.12008726948261028,"rx":6.895729402977903}}}