# This file was generated by Animated Java via MC-Build. It is not recommended to edit this file directly.
$data merge entity $(nose) {transformation: [-1f,0.001f,0.0012f,0.0002f,0.0002f,0.8749f,-0.4843f,2.4184f,-0.0015f,-0.4843f,-0.8749f,-0.4199f,0f,0f,0f,1f],start_interpolation: 0,interpolation_duration: 1}
$data merge entity $(glowing_eye) {transformation: [-1f,0.001f,0.0012f,-0.1248f,0.0002f,0.8749f,-0.4843f,2.4946f,-0.0015f,-0.4843f,-0.8749f,-0.4223f,0f,0f,0f,1f],start_interpolation: 0,interpolation_duration: 1}
$data merge entity $(head) {transformation: [-1f,0.001f,0.0012f,0.0003f,0.0002f,0.8749f,-0.4843f,2.2197f,-0.0015f,-0.4843f,-0.8749f,-0.5239f,0f,0f,0f,1f],start_interpolation: 0,interpolation_duration: 1}
$data merge entity $(leftthumb2) {transformation: [-0.4034f,0.4287f,0.8084f,0.1426f,0.3253f,-0.7585f,0.5646f,2.3191f,0.8552f,0.4908f,0.1665f,-0.4092f,0f,0f,0f,1f],start_interpolation: 0,interpolation_duration: 1}
$data merge entity $(leftthumb) {transformation: [-0.4034f,0.4287f,0.8084f,0.3168f,0.3253f,-0.7585f,0.5646f,2.1813f,0.8552f,0.4908f,0.1665f,-0.2746f,0f,0f,0f,1f],start_interpolation: 0,interpolation_duration: 1}
$data merge entity $(leftpointerfinger) {transformation: [-0.8691f,0.2435f,0.4306f,0.3522f,-0.3118f,-0.9454f,-0.0948f,2.5212f,0.384f,-0.2166f,0.8976f,-0.2035f,0f,0f,0f,1f],start_interpolation: 0,interpolation_duration: 1}
$data merge entity $(leftmidfinger) {transformation: [-0.8691f,0.2435f,0.4306f,0.4194f,-0.3118f,-0.9454f,-0.0948f,2.5064f,0.384f,-0.2166f,0.8976f,-0.0632f,0f,0f,0f,1f],start_interpolation: 0,interpolation_duration: 1}
$data merge entity $(leftringfinger) {transformation: [-0.8691f,0.2435f,0.4306f,0.4867f,-0.3118f,-0.9454f,-0.0948f,2.4916f,0.384f,-0.2166f,0.8976f,0.077f,0f,0f,0f,1f],start_interpolation: 0,interpolation_duration: 1}
$data merge entity $(invisibility) {transformation: [0.2801f,-0.4077f,0.8691f,0.2024f,-0.9501f,0.012f,0.3118f,2.3623f,-0.1376f,-0.913f,-0.384f,-0.1832f,0f,0f,0f,1f],start_interpolation: 0,interpolation_duration: 1}
$data merge entity $(swiftness) {transformation: [0.4306f,0.2435f,0.8691f,0.2049f,-0.0948f,-0.9454f,0.3118f,2.4563f,0.8976f,-0.2166f,-0.384f,0.0344f,0f,0f,0f,1f],start_interpolation: 0,interpolation_duration: 1}
$data merge entity $(suspicious_stew) {transformation: [0f,0f,0f,0.2647f,0f,0f,0f,2.4548f,0f,0f,0f,0.1144f,0f,0f,0f,1f],start_interpolation: 0,interpolation_duration: 1}
$data merge entity $(log) {transformation: [-0.8691f,0.2435f,0.4306f,0.2409f,-0.3118f,-0.9454f,-0.0948f,2.237f,0.384f,-0.2166f,0.8976f,0.0462f,0f,0f,0f,1f],start_interpolation: 0,interpolation_duration: 1}
$data merge entity $(planks) {transformation: [-0.8691f,0.2435f,0.4306f,0.1594f,-0.3118f,-0.9454f,-0.0948f,2.2077f,0.384f,-0.2166f,0.8976f,0.0822f,0f,0f,0f,1f],start_interpolation: 0,interpolation_duration: 1}
$data merge entity $(lefthand1) {transformation: [-0.8691f,0.2435f,0.4306f,0.5055f,-0.3118f,-0.9454f,-0.0948f,2.0815f,0.384f,-0.2166f,0.8976f,-0.132f,0f,0f,0f,1f],start_interpolation: 0,interpolation_duration: 1}
$data merge entity $(leftforearm) {transformation: [-0.405f,0.4664f,0.7864f,0.7959f,-0.4126f,-0.8608f,0.298f,1.4459f,0.8159f,-0.2038f,0.5411f,-0.2327f,0f,0f,0f,1f],start_interpolation: 0,interpolation_duration: 1}
$data merge entity $(leftelbow) {transformation: [-0.405f,0.4664f,0.7864f,0.8833f,-0.4126f,-0.8608f,0.298f,1.2845f,0.8159f,-0.2038f,0.5411f,-0.2709f,0f,0f,0f,1f],start_interpolation: 0,interpolation_duration: 1}
$data merge entity $(leftarm) {transformation: [-0.9187f,0.1584f,0.3618f,0.7503f,-0.0447f,0.8685f,-0.4937f,1.7244f,-0.3924f,-0.4697f,-0.7908f,-0.5669f,0f,0f,0f,1f],start_interpolation: 0,interpolation_duration: 1}
$data merge entity $(rightthumb2) {transformation: [0.0867f,-0.5267f,-0.8456f,-0.2779f,0.8258f,-0.4368f,0.3567f,2.3835f,-0.5572f,-0.7292f,0.3971f,-0.1522f,0f,0f,0f,1f],start_interpolation: 0,interpolation_duration: 1}
$data merge entity $(rightthumb) {transformation: [0.0867f,-0.5267f,-0.8456f,-0.4793f,0.8258f,-0.4368f,0.3567f,2.3068f,-0.5572f,-0.7292f,0.3971f,-0.2971f,0f,0f,0f,1f],start_interpolation: 0,interpolation_duration: 1}
$data merge entity $(rightpointerfinger) {transformation: [-0.7424f,-0.6685f,0.0445f,-0.4845f,0.662f,-0.7421f,-0.1053f,2.6457f,0.1034f,-0.0488f,0.9934f,-0.2137f,0f,0f,0f,1f],start_interpolation: 0,interpolation_duration: 1}
$data merge entity $(rightmidfinger) {transformation: [-0.7424f,-0.6685f,0.0445f,-0.4776f,0.662f,-0.7421f,-0.1053f,2.6293f,0.1034f,-0.0488f,0.9934f,-0.0585f,0f,0f,0f,1f],start_interpolation: 0,interpolation_duration: 1}
$data merge entity $(rightringfinger) {transformation: [-0.7424f,-0.6685f,0.0445f,-0.4706f,0.662f,-0.7421f,-0.1053f,2.6128f,0.1034f,-0.0488f,0.9934f,0.0967f,0f,0f,0f,1f],start_interpolation: 0,interpolation_duration: 1}
$data merge entity $(hugeasssword) {transformation: [-3.7372f,-1.159f,0.1741f,-0.2849f,1.1361f,-3.7255f,-0.4126f,2.3607f,0.2877f,-0.3432f,3.891f,-0.1113f,0f,0f,0f,1f],start_interpolation: 0,interpolation_duration: 1}
$data merge entity $(whey) {transformation: [-0.9542f,-0.1074f,-0.2793f,-0.0994f,0.2901f,-0.103f,-0.9514f,2.4148f,0.0735f,-0.9889f,0.1295f,-0.2555f,0f,0f,0f,1f],start_interpolation: 0,interpolation_duration: 1}
$data merge entity $(ice) {transformation: [-0.9542f,-0.2959f,0.0445f,-0.2654f,0.2901f,-0.9512f,-0.1053f,2.371f,0.0735f,-0.0876f,0.9934f,-0.1111f,0f,0f,0f,1f],start_interpolation: 0,interpolation_duration: 1}
$data merge entity $(righthand1) {transformation: [-0.9542f,-0.2959f,0.0445f,-0.5765f,0.2901f,-0.9512f,-0.1053f,2.2024f,0.0735f,-0.0876f,0.9934f,-0.0836f,0f,0f,0f,1f],start_interpolation: 0,interpolation_duration: 1}
$data merge entity $(rightforearm) {transformation: [-0.9298f,-0.3653f,0.0445f,-0.776f,0.3593f,-0.9273f,-0.1053f,1.5296f,0.0797f,-0.082f,0.9934f,-0.1618f,0f,0f,0f,1f],start_interpolation: 0,interpolation_duration: 1}
$data merge entity $(rightelbow) {transformation: [-0.9298f,-0.3653f,0.0445f,-0.8444f,0.3593f,-0.9273f,-0.1053f,1.3558f,0.0797f,-0.082f,0.9934f,-0.1771f,0f,0f,0f,1f],start_interpolation: 0,interpolation_duration: 1}
$data merge entity $(rightarm) {transformation: [-0.9695f,-0.2292f,0.0873f,-0.7497f,-0.2109f,0.5973f,-0.7738f,1.7247f,0.1252f,-0.7686f,-0.6274f,-0.5692f,0f,0f,0f,1f],start_interpolation: 0,interpolation_duration: 1}
$data merge entity $(chest1) {transformation: [-1.0833f,0f,0.0017f,-0.0019f,0.0003f,1.0718f,0.1578f,1.582f,-0.0017f,0.1578f,-1.0718f,-0.7003f,0f,0f,0f,1f],start_interpolation: 0,interpolation_duration: 1}
$data merge entity $(chest1lid) {transformation: [-1f,0f,0.0015f,-0.3439f,0.0002f,0.9893f,0.1456f,0.8489f,-0.0015f,0.1456f,-0.9893f,-0.4132f,0f,0f,0f,1f],start_interpolation: 0,interpolation_duration: 1}
$data merge entity $(chest2) {transformation: [-1f,0f,0.0015f,-0.3439f,0.0002f,0.9893f,0.1456f,0.6943f,-0.0015f,0.1456f,-0.9893f,-0.436f,0f,0f,0f,1f],start_interpolation: 0,interpolation_duration: 1}
$data merge entity $(chest1lid3) {transformation: [-1f,0f,0.0015f,-0.2804f,0.0002f,0.9893f,0.1456f,0.9422f,-0.0015f,0.1456f,-0.9893f,-1.0469f,0f,0f,0f,1f],start_interpolation: 0,interpolation_duration: 1}
$data merge entity $(chest3) {transformation: [-1f,0f,0.0015f,-0.2804f,0.0002f,0.9893f,0.1456f,0.7876f,-0.0015f,0.1456f,-0.9893f,-1.0697f,0f,0f,0f,1f],start_interpolation: 0,interpolation_duration: 1}
$data merge entity $(hugeasssword2) {transformation: [-0.0061f,2.8877f,-2.646f,-1.2335f,-0.5704f,2.6171f,2.8575f,2.7688f,3.8749f,0.3898f,0.4165f,-0.7953f,0f,0f,0f,1f],start_interpolation: 0,interpolation_duration: 1}
$data merge entity $(belt) {transformation: [-1f,0f,0.0015f,0.0299f,0.0002f,0.9893f,0.1456f,1.1688f,-0.0015f,0.1456f,-0.9893f,-0.6288f,0f,0f,0f,1f],start_interpolation: 0,interpolation_duration: 1}
$data merge entity $(torn_part) {transformation: [-1f,-0.0004f,0.0015f,-0.0935f,0.0002f,0.9087f,0.4174f,0.8888f,-0.0015f,0.4174f,-0.9087f,-0.6725f,0f,0f,0f,1f],start_interpolation: 0,interpolation_duration: 1}
$data merge entity $(lowerbody) {transformation: [-1f,0f,0.0015f,0.0039f,0.0002f,0.9922f,0.1248f,0.3867f,-0.0015f,0.1248f,-0.9922f,-0.5937f,0f,0f,0f,1f],start_interpolation: 0,interpolation_duration: 1}
data modify entity @s data merge value {"cameras":{},"locators":{"soup":{"px":0.26472316748509717,"py":2.454752679273584,"pz":0.11435158321365424,"ry":31.055544457035353,"rx":48.19987695570356},"lefthand":{"px":0.2965773163639639,"py":2.341536273997371,"pz":0.013132157785345322,"ry":154.37119922126226,"rx":-5.43793938217108},"sword":{"px":-0.5148432992671875,"py":2.803157972628665,"pz":-3.7817074940329034,"ry":177.43770978258408,"rx":-6.047223655515127},"righthand":{"px":-0.3509091147429053,"py":2.4146867770121547,"pz":-0.11839315271292541,"ry":177.43770978258408,"rx":-6.047223655515127},"chest":{"px":-0.375407914838058,"py":0.7643163455583422,"pz":-0.26780378420821693,"ry":0.08969389050832888,"rx":8.374703274556682}}}