# This file was generated by Animated Java via MC-Build. It is not recommended to edit this file directly.
$data merge entity $(nose) {transformation: [-1f,0.0006f,0.0009f,0.0001f,0.0002f,0.9244f,-0.3813f,2.3998f,-0.0011f,-0.3813f,-0.9244f,-0.3678f,0f,0f,0f,1f],start_interpolation: 0,interpolation_duration: 1}
$data merge entity $(glowing_eye) {transformation: [-1f,0.0006f,0.0009f,-0.1249f,0.0002f,0.9244f,-0.3813f,2.4758f,-0.0011f,-0.3813f,-0.9244f,-0.3615f,0f,0f,0f,1f],start_interpolation: 0,interpolation_duration: 1}
$data merge entity $(head) {transformation: [-1f,0.0006f,0.0009f,0.0002f,0.0002f,0.9244f,-0.3813f,2.2143f,-0.0011f,-0.3813f,-0.9244f,-0.4938f,0f,0f,0f,1f],start_interpolation: 0,interpolation_duration: 1}
$data merge entity $(leftthumb2) {transformation: [-0.4487f,0.4573f,0.7678f,0.1179f,0.1213f,-0.8201f,0.5593f,2.2821f,0.8854f,0.3441f,0.3125f,-0.2429f,0f,0f,0f,1f],start_interpolation: 0,interpolation_duration: 1}
$data merge entity $(leftthumb) {transformation: [-0.4487f,0.4573f,0.7678f,0.2956f,0.1213f,-0.8201f,0.5593f,2.1288f,0.8854f,0.3441f,0.3125f,-0.1318f,0f,0f,0f,1f],start_interpolation: 0,interpolation_duration: 1}
$data merge entity $(leftpointerfinger) {transformation: [-0.7754f,0.2844f,0.5638f,0.3136f,-0.4162f,-0.9016f,-0.1176f,2.4646f,0.4749f,-0.3258f,0.8175f,-0.0385f,0f,0f,0f,1f],start_interpolation: 0,interpolation_duration: 1}
$data merge entity $(leftmidfinger) {transformation: [-0.7754f,0.2844f,0.5638f,0.4016f,-0.4162f,-0.9016f,-0.1176f,2.4462f,0.4749f,-0.3258f,0.8175f,0.0892f,0f,0f,0f,1f],start_interpolation: 0,interpolation_duration: 1}
$data merge entity $(leftringfinger) {transformation: [-0.7754f,0.2844f,0.5638f,0.4897f,-0.4162f,-0.9016f,-0.1176f,2.4279f,0.4749f,-0.3258f,0.8175f,0.217f,0f,0f,0f,1f],start_interpolation: 0,interpolation_duration: 1}
$data merge entity $(invisibility) {transformation: [0.3325f,-0.5368f,0.7754f,0.1817f,-0.9085f,0.0386f,0.4162f,2.2916f,-0.2533f,-0.8428f,-0.4749f,-0.0106f,0f,0f,0f,1f],start_interpolation: 0,interpolation_duration: 1}
$data merge entity $(swiftness) {transformation: [0.5638f,0.2844f,0.7754f,0.2085f,-0.1176f,-0.9016f,0.4162f,2.37f,0.8175f,-0.3258f,-0.4749f,0.2115f,0f,0f,0f,1f],start_interpolation: 0,interpolation_duration: 1}
$data merge entity $(suspicious_stew) {transformation: [0f,0f,0f,0.2787f,0f,0f,0f,2.3567f,0f,0f,0f,0.2559f,0f,0f,0f,1f],start_interpolation: 0,interpolation_duration: 1}
$data merge entity $(log) {transformation: [-0.7754f,0.2844f,0.5638f,0.2633f,-0.4162f,-0.9016f,-0.1176f,2.1546f,0.4749f,-0.3258f,0.8175f,0.2f,0f,0f,0f,1f],start_interpolation: 0,interpolation_duration: 1}
$data merge entity $(planks) {transformation: [-0.7754f,0.2844f,0.5638f,0.1906f,-0.4162f,-0.9016f,-0.1176f,2.1156f,0.4749f,-0.3258f,0.8175f,0.2445f,0f,0f,0f,1f],start_interpolation: 0,interpolation_duration: 1}
$data merge entity $(lefthand1) {transformation: [-0.7754f,0.2844f,0.5638f,0.5107f,-0.4162f,-0.9016f,-0.1176f,2.0369f,0.4749f,-0.3258f,0.8175f,-0.0257f,0f,0f,0f,1f],start_interpolation: 0,interpolation_duration: 1}
$data merge entity $(leftforearm) {transformation: [-0.3681f,0.4795f,0.7966f,0.8124f,-0.5207f,-0.8161f,0.2506f,1.4267f,0.7703f,-0.3226f,0.5501f,-0.2129f,0f,0f,0f,1f],start_interpolation: 0,interpolation_duration: 1}
$data merge entity $(leftelbow) {transformation: [-0.3681f,0.4795f,0.7966f,0.9023f,-0.5207f,-0.8161f,0.2506f,1.2736f,0.7703f,-0.3226f,0.5501f,-0.2734f,0f,0f,0f,1f],start_interpolation: 0,interpolation_duration: 1}
$data merge entity $(leftarm) {transformation: [-0.9267f,0.1234f,0.355f,0.7502f,-0.0556f,0.8892f,-0.4542f,1.7203f,-0.3718f,-0.4406f,-0.8171f,-0.5495f,0f,0f,0f,1f],start_interpolation: 0,interpolation_duration: 1}
$data merge entity $(rightthumb2) {transformation: [-0.0704f,-0.5861f,-0.8072f,-0.2317f,0.9429f,-0.3032f,0.138f,2.3303f,-0.3256f,-0.7514f,0.5739f,-0.0536f,0f,0f,0f,1f],start_interpolation: 0,interpolation_duration: 1}
$data merge entity $(rightthumb) {transformation: [-0.0704f,-0.5861f,-0.8072f,-0.4444f,0.9429f,-0.3032f,0.138f,2.2677f,-0.3256f,-0.7514f,0.5739f,-0.1888f,0f,0f,0f,1f],start_interpolation: 0,interpolation_duration: 1}
$data merge entity $(rightpointerfinger) {transformation: [-0.7439f,-0.6683f,0.0037f,-0.4282f,0.6524f,-0.7274f,-0.2127f,2.5953f,0.1448f,-0.1558f,0.9771f,-0.0696f,0f,0f,0f,1f],start_interpolation: 0,interpolation_duration: 1}
$data merge entity $(rightmidfinger) {transformation: [-0.7439f,-0.6683f,0.0037f,-0.4276f,0.6524f,-0.7274f,-0.2127f,2.5621f,0.1448f,-0.1558f,0.9771f,0.0831f,0f,0f,0f,1f],start_interpolation: 0,interpolation_duration: 1}
$data merge entity $(rightringfinger) {transformation: [-0.7439f,-0.6683f,0.0037f,-0.427f,0.6524f,-0.7274f,-0.2127f,2.5289f,0.1448f,-0.1558f,0.9771f,0.2358f,0f,0f,0f,1f],start_interpolation: 0,interpolation_duration: 1}
$data merge entity $(hugeasssword) {transformation: [-3.6542f,-1.4095f,0.0143f,-0.2529f,1.3744f,-3.5718f,-0.833f,2.287f,0.3129f,-0.7722f,3.827f,0.0066f,0f,0f,0f,1f],start_interpolation: 0,interpolation_duration: 1}
$data merge entity $(whey) {transformation: [-0.933f,-0.0815f,-0.3505f,-0.0593f,0.3509f,0.0103f,-0.9364f,2.3421f,0.0799f,-0.9966f,0.019f,-0.1261f,0f,0f,0f,1f],start_interpolation: 0,interpolation_duration: 1}
$data merge entity $(ice) {transformation: [-0.933f,-0.3599f,0.0037f,-0.2327f,0.3509f,-0.9119f,-0.2127f,2.2957f,0.0799f,-0.1972f,0.9771f,0.0084f,0f,0f,0f,1f],start_interpolation: 0,interpolation_duration: 1}
$data merge entity $(righthand1) {transformation: [-0.933f,-0.3599f,0.0037f,-0.5558f,0.3509f,-0.9119f,-0.2127f,2.1488f,0.0799f,-0.1972f,0.9771f,0.0096f,0f,0f,0f,1f],start_interpolation: 0,interpolation_duration: 1}
$data merge entity $(rightforearm) {transformation: [-0.9104f,-0.4138f,0.0037f,-0.7899f,0.4036f,-0.8899f,-0.2127f,1.5013f,0.0913f,-0.1921f,0.9771f,-0.1464f,0f,0f,0f,1f],start_interpolation: 0,interpolation_duration: 1}
$data merge entity $(rightelbow) {transformation: [-0.9104f,-0.4138f,0.0037f,-0.8675f,0.4036f,-0.8899f,-0.2127f,1.3344f,0.0913f,-0.1921f,0.9771f,-0.1825f,0f,0f,0f,1f],start_interpolation: 0,interpolation_duration: 1}
$data merge entity $(rightarm) {transformation: [-0.9804f,-0.1903f,0.0516f,-0.7498f,-0.1657f,0.6536f,-0.7385f,1.7205f,0.1068f,-0.7326f,-0.6723f,-0.5511f,0f,0f,0f,1f],start_interpolation: 0,interpolation_duration: 1}
$data merge entity $(chest1) {transformation: [-1.0833f,0f,0.0012f,-0.002f,0.0002f,1.0675f,0.1844f,1.5812f,-0.0012f,0.1844f,-1.0675f,-0.6861f,0f,0f,0f,1f],start_interpolation: 0,interpolation_duration: 1}
$data merge entity $(chest1lid) {transformation: [-1f,0f,0.0011f,-0.3439f,0.0002f,0.9854f,0.1702f,0.8411f,-0.0011f,0.1702f,-0.9854f,-0.4171f,0f,0f,0f,1f],start_interpolation: 0,interpolation_duration: 1}
$data merge entity $(chest2) {transformation: [-1f,0f,0.0011f,-0.3439f,0.0002f,0.9854f,0.1702f,0.6872f,-0.0011f,0.1702f,-0.9854f,-0.4437f,0f,0f,0f,1f],start_interpolation: 0,interpolation_duration: 1}
$data merge entity $(chest1lid3) {transformation: [-1f,0f,0.0011f,-0.2807f,0.0002f,0.9854f,0.1702f,0.9502f,-0.0011f,0.1702f,-0.9854f,-1.0484f,0f,0f,0f,1f],start_interpolation: 0,interpolation_duration: 1}
$data merge entity $(chest3) {transformation: [-1f,0f,0.0011f,-0.2807f,0.0002f,0.9854f,0.1702f,0.7962f,-0.0011f,0.1702f,-0.9854f,-1.075f,0f,0f,0f,1f],start_interpolation: 0,interpolation_duration: 1}
$data merge entity $(hugeasssword2) {transformation: [-0.0043f,2.8876f,-2.6461f,-1.2338f,-0.6667f,2.607f,2.846f,2.7698f,3.8595f,0.4535f,0.4887f,-0.7509f,0f,0f,0f,1f],start_interpolation: 0,interpolation_duration: 1}
$data merge entity $(belt) {transformation: [-1f,0f,0.0011f,0.0299f,0.0002f,0.9854f,0.1702f,1.1664f,-0.0011f,0.1702f,-0.9854f,-0.6248f,0f,0f,0f,1f],start_interpolation: 0,interpolation_duration: 1}
$data merge entity $(torn_part) {transformation: [-1f,-0.0003f,0.001f,-0.0936f,0.0002f,0.9083f,0.4184f,0.8888f,-0.0011f,0.4184f,-0.9083f,-0.6719f,0f,0f,0f,1f],start_interpolation: 0,interpolation_duration: 1}
$data merge entity $(lowerbody) {transformation: [-1f,0f,0.0011f,0.0039f,0.0002f,0.992f,0.1259f,0.3867f,-0.0011f,0.1259f,-0.992f,-0.5937f,0f,0f,0f,1f],start_interpolation: 0,interpolation_duration: 1}
data modify entity @s data merge value {"cameras":{},"locators":{"soup":{"px":0.27871621518148393,"py":2.356695368588794,"pz":0.25591929322992835,"ry":32.11597042266578,"rx":49.10414171627053},"lefthand":{"px":0.30497414464307937,"py":2.265915072848902,"pz":0.1681946885792402,"ry":145.41080089758285,"rx":-6.752635736959737},"sword":{"px":-0.3281365202681851,"py":3.130504495363354,"pz":-3.5993956094023942,"ry":179.7851821745743,"rx":-12.279936808631934},"righthand":{"px":-0.31462741309622394,"py":2.346216601528475,"pz":0.003709475605184781,"ry":179.7851821745743,"rx":-12.279936808631934},"chest":{"px":-0.3752821024827584,"py":0.7529602229256313,"pz":-0.27384929418855974,"ry":0.06330467010712937,"rx":9.800218617581237}}}