# This file was generated by Animated Java via MC-Build. It is not recommended to edit this file directly.
$data merge entity $(nose) {transformation: [-1f,0.0001f,0.0004f,0f,0.0001f,0.9842f,-0.177f,2.3575f,-0.0004f,-0.177f,-0.9842f,-0.2777f,0f,0f,0f,1f],start_interpolation: 0,interpolation_duration: 1}
$data merge entity $(glowing_eye) {transformation: [-1f,0.0001f,0.0004f,-0.125f,0.0001f,0.9842f,-0.177f,2.4303f,-0.0004f,-0.177f,-0.9842f,-0.2554f,0f,0f,0f,1f],start_interpolation: 0,interpolation_duration: 1}
$data merge entity $(head) {transformation: [-1f,0.0001f,0.0004f,0.0001f,0.0001f,0.9842f,-0.177f,2.2028f,-0.0004f,-0.177f,-0.9842f,-0.4401f,0f,0f,0f,1f],start_interpolation: 0,interpolation_duration: 1}
$data merge entity $(leftthumb2) {transformation: [-0.3239f,0.5804f,0.7471f,0.0706f,-0.7369f,-0.6501f,0.1855f,1.7803f,0.5933f,-0.4905f,0.6383f,0.4307f,0f,0f,0f,1f],start_interpolation: 0,interpolation_duration: 1}
$data merge entity $(leftthumb) {transformation: [-0.3239f,0.5804f,0.7471f,0.2767f,-0.7369f,-0.6501f,0.1855f,1.6368f,0.5933f,-0.4905f,0.6383f,0.3649f,0f,0f,0f,1f],start_interpolation: 0,interpolation_duration: 1}
$data merge entity $(leftpointerfinger) {transformation: [-0.4318f,0.3944f,0.8112f,0.2326f,-0.8714f,-0.4147f,-0.2622f,1.8559f,0.233f,-0.82f,0.5227f,0.633f,0f,0f,0f,1f],start_interpolation: 0,interpolation_duration: 1}
$data merge entity $(leftmidfinger) {transformation: [-0.4318f,0.3944f,0.8112f,0.3593f,-0.8714f,-0.4147f,-0.2622f,1.8149f,0.233f,-0.82f,0.5227f,0.7147f,0f,0f,0f,1f],start_interpolation: 0,interpolation_duration: 1}
$data merge entity $(leftringfinger) {transformation: [-0.4318f,0.3944f,0.8112f,0.4861f,-0.8714f,-0.4147f,-0.2622f,1.7739f,0.233f,-0.82f,0.5227f,0.7964f,0f,0f,0f,1f],start_interpolation: 0,interpolation_duration: 1}
$data merge entity $(invisibility) {transformation: [0.4636f,-0.7737f,0.4318f,0.1694f,-0.4359f,0.225f,0.8714f,1.6553f,-0.7714f,-0.5922f,-0.233f,0.5707f,0f,0f,0f,1f],start_interpolation: 0,interpolation_duration: 1}
$data merge entity $(swiftness) {transformation: [0.8112f,0.3944f,0.4318f,0.2456f,-0.2622f,-0.4147f,0.8714f,1.6169f,0.5227f,-0.82f,-0.233f,0.7919f,0f,0f,0f,1f],start_interpolation: 0,interpolation_duration: 1}
$data merge entity $(suspicious_stew) {transformation: [0f,0f,0f,0.3146f,0f,0f,0f,1.6186f,0f,0f,0f,0.7612f,0f,0f,0f,1f],start_interpolation: 0,interpolation_duration: 1}
$data merge entity $(log) {transformation: [-0.4318f,0.3944f,0.8112f,0.3499f,-0.8714f,-0.4147f,-0.2622f,1.4798f,0.233f,-0.82f,0.5227f,0.651f,0f,0f,0f,1f],start_interpolation: 0,interpolation_duration: 1}
$data merge entity $(planks) {transformation: [-0.4318f,0.3944f,0.8112f,0.3094f,-0.8714f,-0.4147f,-0.2622f,1.3981f,0.233f,-0.82f,0.5227f,0.6728f,0f,0f,0f,1f],start_interpolation: 0,interpolation_duration: 1}
$data merge entity $(lefthand1) {transformation: [-0.4318f,0.3944f,0.8112f,0.5311f,-0.8714f,-0.4147f,-0.2622f,1.6021f,0.233f,-0.82f,0.5227f,0.3714f,0f,0f,0f,1f],start_interpolation: 0,interpolation_duration: 1}
$data merge entity $(leftforearm) {transformation: [-0.1795f,0.4974f,0.8487f,0.8563f,-0.94f,-0.3413f,0.0012f,1.3034f,0.2902f,-0.7975f,0.5289f,-0.1795f,0f,0f,0f,1f],start_interpolation: 0,interpolation_duration: 1}
$data merge entity $(leftelbow) {transformation: [-0.1795f,0.4974f,0.8487f,0.9496f,-0.94f,-0.3413f,0.0012f,1.2394f,0.2902f,-0.7975f,0.5289f,-0.3291f,0f,0f,0f,1f],start_interpolation: 0,interpolation_duration: 1}
$data merge entity $(leftarm) {transformation: [-0.9705f,0.0403f,0.2375f,0.7501f,-0.042f,0.9425f,-0.3317f,1.7118f,-0.2372f,-0.3319f,-0.913f,-0.5183f,0f,0f,0f,1f],start_interpolation: 0,interpolation_duration: 1}
$data merge entity $(rightthumb2) {transformation: [-0.1616f,-0.6232f,-0.7652f,0.0107f,0.9108f,0.2043f,-0.3587f,1.7327f,0.3799f,-0.7549f,0.5346f,0.4032f,0f,0f,0f,1f],start_interpolation: 0,interpolation_duration: 1}
$data merge entity $(rightthumb) {transformation: [-0.1616f,-0.6232f,-0.7652f,-0.2075f,0.9108f,0.2043f,-0.3587f,1.7521f,0.3799f,-0.7549f,0.5346f,0.2638f,0f,0f,0f,1f],start_interpolation: 0,interpolation_duration: 1}
$data merge entity $(rightpointerfinger) {transformation: [-0.58f,-0.7375f,-0.3459f,-0.1018f,0.7165f,-0.2598f,-0.6474f,1.9227f,0.3876f,-0.6233f,0.6791f,0.5493f,0f,0f,0f,1f],start_interpolation: 0,interpolation_duration: 1}
$data merge entity $(rightmidfinger) {transformation: [-0.58f,-0.7375f,-0.3459f,-0.1558f,0.7165f,-0.2598f,-0.6474f,1.8216f,0.3876f,-0.6233f,0.6791f,0.6554f,0f,0f,0f,1f],start_interpolation: 0,interpolation_duration: 1}
$data merge entity $(rightringfinger) {transformation: [-0.58f,-0.7375f,-0.3459f,-0.2099f,0.7165f,-0.2598f,-0.6474f,1.7204f,0.3876f,-0.6233f,0.6791f,0.7615f,0f,0f,0f,1f],start_interpolation: 0,interpolation_duration: 1}
$data merge entity $(hugeasssword) {transformation: [-2.794f,-2.3872f,-1.3547f,-0.0847f,2.5522f,-1.5481f,-2.5358f,1.5783f,1.0101f,-2.6917f,2.6599f,0.4367f,0f,0f,0f,1f],start_interpolation: 0,interpolation_duration: 1}
$data merge entity $(whey) {transformation: [-0.7134f,0.2058f,-0.6699f,0.1436f,0.6516f,0.5465f,-0.526f,1.5944f,0.2579f,-0.8118f,-0.524f,0.3613f,0f,0f,0f,1f],start_interpolation: 0,interpolation_duration: 1}
$data merge entity $(ice) {transformation: [-0.7134f,-0.6095f,-0.3459f,-0.0641f,0.6516f,-0.3953f,-0.6474f,1.5743f,0.2579f,-0.6872f,0.6791f,0.4434f,0f,0f,0f,1f],start_interpolation: 0,interpolation_duration: 1}
$data merge entity $(righthand1) {transformation: [-0.7134f,-0.6095f,-0.3459f,-0.4056f,0.6516f,-0.3953f,-0.6474f,1.6182f,0.2579f,-0.6872f,0.6791f,0.3573f,0f,0f,0f,1f],start_interpolation: 0,interpolation_duration: 1}
$data merge entity $(rightforearm) {transformation: [-0.695f,-0.6304f,-0.3459f,-0.8f,0.6631f,-0.3758f,-0.6474f,1.3227f,0.2782f,-0.6793f,0.6791f,-0.1483f,0f,0f,0f,1f],start_interpolation: 0,interpolation_duration: 1}
$data merge entity $(rightelbow) {transformation: [-0.695f,-0.6304f,-0.3459f,-0.9182f,0.6631f,-0.3758f,-0.6474f,1.2522f,0.2782f,-0.6793f,0.6791f,-0.2757f,0f,0f,0f,1f],start_interpolation: 0,interpolation_duration: 1}
$data merge entity $(rightarm) {transformation: [-0.995f,-0.0994f,-0.0089f,-0.7499f,-0.0804f,0.8519f,-0.5174f,1.7119f,0.0591f,-0.5141f,-0.8557f,-0.5189f,0f,0f,0f,1f],start_interpolation: 0,interpolation_duration: 1}
$data merge entity $(chest1) {transformation: [-1.0833f,0f,0.0004f,-0.0022f,0.0001f,1.0582f,0.2319f,1.5789f,-0.0004f,0.2319f,-1.0582f,-0.6605f,0f,0f,0f,1f],start_interpolation: 0,interpolation_duration: 1}
$data merge entity $(chest1lid) {transformation: [-1f,0f,0.0004f,-0.3438f,0.0001f,0.9768f,0.2141f,0.8275f,-0.0004f,0.2141f,-0.9768f,-0.4247f,0f,0f,0f,1f],start_interpolation: 0,interpolation_duration: 1}
$data merge entity $(chest2) {transformation: [-1f,0f,0.0004f,-0.3438f,0.0001f,0.9768f,0.2141f,0.6749f,-0.0004f,0.2141f,-0.9768f,-0.4581f,0f,0f,0f,1f],start_interpolation: 0,interpolation_duration: 1}
$data merge entity $(chest1lid3) {transformation: [-1f,0f,0.0004f,-0.281f,0.0001f,0.9768f,0.2141f,0.9647f,-0.0004f,0.2141f,-0.9768f,-1.0504f,0f,0f,0f,1f],start_interpolation: 0,interpolation_duration: 1}
$data merge entity $(chest3) {transformation: [-1f,0f,0.0004f,-0.281f,0.0001f,0.9768f,0.2141f,0.812f,-0.0004f,0.2141f,-0.9768f,-1.0839f,0f,0f,0f,1f],start_interpolation: 0,interpolation_duration: 1}
$data merge entity $(hugeasssword2) {transformation: [-0.0016f,2.8876f,-2.6461f,-1.2342f,-0.8385f,2.5845f,2.8209f,2.7691f,3.8259f,0.5676f,0.6172f,-0.6713f,0f,0f,0f,1f],start_interpolation: 0,interpolation_duration: 1}
$data merge entity $(belt) {transformation: [-1f,0f,0.0004f,0.0298f,0.0001f,0.9768f,0.2141f,1.1617f,-0.0004f,0.2141f,-0.9768f,-0.6179f,0f,0f,0f,1f],start_interpolation: 0,interpolation_duration: 1}
$data merge entity $(torn_part) {transformation: [-1f,-0.0001f,0.0004f,-0.0937f,0.0001f,0.9074f,0.4203f,0.889f,-0.0004f,0.4203f,-0.9074f,-0.6708f,0f,0f,0f,1f],start_interpolation: 0,interpolation_duration: 1}
$data merge entity $(lowerbody) {transformation: [-1f,0f,0.0004f,0.0039f,0.0001f,0.9918f,0.128f,0.3867f,-0.0004f,0.128f,-0.9918f,-0.5937f,0f,0f,0f,1f],start_interpolation: 0,interpolation_duration: 1}
data modify entity @s data merge value {"cameras":{},"locators":{"soup":{"px":0.3146433769965846,"py":1.6185961448054826,"pz":0.7612150404370561,"ry":52.533671624882984,"rx":75.80475366492037},"lefthand":{"px":0.34684453873700016,"py":1.5979617485680837,"pz":0.6850216379572069,"ry":122.79912494580283,"rx":-15.199517090230705},"sword":{"px":1.1593982367955915,"py":4.039119423600724,"pz":-2.0365348264084533,"ry":206.9899070473566,"rx":-40.34839258405422},"righthand":{"px":-0.11602106149762226,"py":1.651707632814371,"pz":0.4677069360329341,"ry":206.9899070473566,"rx":-40.34839258405422},"chest":{"px":-0.3751006279126481,"py":0.7330099086496211,"pz":-0.28545415887996417,"ry":0.023512144806829838,"rx":12.36219816973121}}}