# This file was generated by Animated Java via MC-Build. It is not recommended to edit this file directly.
$data merge entity $(nose) {transformation: [0.5809f,0.0661f,-0.8113f,0.3749f,0.1084f,0.9815f,0.1576f,2.2592f,0.8067f,-0.1795f,0.563f,-0.9483f,0f,0f,0f,1f],start_interpolation: 0,interpolation_duration: 1}
$data merge entity $(glowing_eye) {transformation: [0.5809f,0.0661f,-0.8113f,0.4803f,0.1084f,0.9815f,0.1576f,2.3337f,0.8067f,-0.1795f,0.563f,-0.8793f,0f,0f,0f,1f],start_interpolation: 0,interpolation_duration: 1}
$data merge entity $(head) {transformation: [0.5809f,0.0661f,-0.8113f,0.2148f,0.1084f,0.9815f,0.1576f,2.1676f,0.8067f,-0.1795f,0.563f,-0.8207f,0f,0f,0f,1f],start_interpolation: 0,interpolation_duration: 1}
$data merge entity $(leftthumb2) {transformation: [-0.3488f,-0.7047f,0.6179f,1.2192f,-0.7657f,0.5944f,0.2458f,0.2015f,-0.5405f,-0.3873f,-0.7469f,-1.4415f,0f,0f,0f,1f],start_interpolation: 0,interpolation_duration: 1}
$data merge entity $(leftthumb) {transformation: [-0.3488f,-0.7047f,0.6179f,1.0992f,-0.7657f,0.5944f,0.2458f,0.3683f,-0.5405f,-0.3873f,-0.7469f,-1.6003f,0f,0f,0f,1f],start_interpolation: 0,interpolation_duration: 1}
$data merge entity $(leftpointerfinger) {transformation: [-0.6367f,-0.7271f,0.2569f,1.4195f,-0.6764f,0.6865f,0.2667f,0.2295f,-0.3703f,-0.004f,-0.9289f,-1.602f,0f,0f,0f,1f],start_interpolation: 0,interpolation_duration: 1}
$data merge entity $(leftmidfinger) {transformation: [-0.6367f,-0.7271f,0.2569f,1.4596f,-0.6764f,0.6865f,0.2667f,0.2712f,-0.3703f,-0.004f,-0.9289f,-1.7472f,0f,0f,0f,1f],start_interpolation: 0,interpolation_duration: 1}
$data merge entity $(leftringfinger) {transformation: [-0.6367f,-0.7271f,0.2569f,1.4998f,-0.6764f,0.6865f,0.2667f,0.3129f,-0.3703f,-0.004f,-0.9289f,-1.8923f,0f,0f,0f,1f],start_interpolation: 0,interpolation_duration: 1}
$data merge entity $(invisibility) {transformation: [-0.7019f,-0.3193f,0.6367f,1.2126f,0.7072f,-0.2058f,0.6764f,0.1694f,-0.0849f,0.925f,0.3703f,-1.6428f,0f,0f,0f,1f],start_interpolation: 0,interpolation_duration: 1}
$data merge entity $(swiftness) {transformation: [0.2569f,-0.7271f,0.6367f,1.326f,0.2667f,0.6865f,0.6764f,0.0912f,-0.9289f,-0.004f,0.3703f,-1.8358f,0f,0f,0f,1f],start_interpolation: 0,interpolation_duration: 1}
$data merge entity $(suspicious_stew) {transformation: [0f,0f,0f,1.29f,0f,0f,0f,0.2036f,0f,0f,0f,-1.8135f,0f,0f,0f,1f],start_interpolation: 0,interpolation_duration: 1}
$data merge entity $(log) {transformation: [-0.6367f,-0.7271f,0.2569f,1.1563f,-0.6764f,0.6865f,0.2667f,0.2222f,-0.3703f,-0.004f,-0.9289f,-1.8956f,0f,0f,0f,1f],start_interpolation: 0,interpolation_duration: 1}
$data merge entity $(planks) {transformation: [-0.6367f,-0.7271f,0.2569f,1.0966f,-0.6764f,0.6865f,0.2667f,0.1587f,-0.3703f,-0.004f,-0.9289f,-1.9303f,0f,0f,0f,1f],start_interpolation: 0,interpolation_duration: 1}
$data merge entity $(lefthand1) {transformation: [-0.6367f,-0.7271f,0.2569f,1.1256f,-0.6764f,0.6865f,0.2667f,0.5546f,-0.3703f,-0.004f,-0.9289f,-1.775f,0f,0f,0f,1f],start_interpolation: 0,interpolation_duration: 1}
$data merge entity $(leftforearm) {transformation: [-0.6367f,-0.7271f,0.2569f,0.5706f,-0.6764f,0.6865f,0.2667f,0.9908f,-0.3703f,-0.004f,-0.9289f,-1.7864f,0f,0f,0f,1f],start_interpolation: 0,interpolation_duration: 1}
$data merge entity $(leftelbow) {transformation: [-0.6367f,-0.7271f,0.2569f,0.4343f,-0.6764f,0.6865f,0.2667f,1.1196f,-0.3703f,-0.004f,-0.9289f,-1.7872f,0f,0f,0f,1f],start_interpolation: 0,interpolation_duration: 1}
$data merge entity $(leftarm) {transformation: [-0.2873f,-0.0003f,-0.9579f,0.4012f,-0.3385f,0.9355f,0.1012f,1.5101f,0.896f,0.3533f,-0.2688f,-1.4061f,0f,0f,0f,1f],start_interpolation: 0,interpolation_duration: 1}
$data merge entity $(rightthumb2) {transformation: [0.0592f,0.2706f,-0.9609f,-0.5916f,0.2642f,0.924f,0.2764f,0.213f,0.9626f,-0.2702f,-0.0168f,0.1688f,0f,0f,0f,1f],start_interpolation: 0,interpolation_duration: 1}
$data merge entity $(rightthumb) {transformation: [0.0592f,0.2706f,-0.9609f,-0.6074f,0.2642f,0.924f,0.2764f,0.4633f,0.9626f,-0.2702f,-0.0168f,0.1011f,0f,0f,0f,1f],start_interpolation: 0,interpolation_duration: 1}
$data merge entity $(rightpointerfinger) {transformation: [0.0592f,0.2706f,-0.9609f,-0.7347f,0.2642f,0.924f,0.2764f,0.2019f,0.9626f,-0.2702f,-0.0168f,0.2942f,0f,0f,0f,1f],start_interpolation: 0,interpolation_duration: 1}
$data merge entity $(rightmidfinger) {transformation: [0.0592f,0.2706f,-0.9609f,-0.8849f,0.2642f,0.924f,0.2764f,0.2451f,0.9626f,-0.2702f,-0.0168f,0.2916f,0f,0f,0f,1f],start_interpolation: 0,interpolation_duration: 1}
$data merge entity $(rightringfinger) {transformation: [0.0592f,0.2706f,-0.9609f,-1.035f,0.2642f,0.924f,0.2764f,0.2883f,0.9626f,-0.2702f,-0.0168f,0.289f,0f,0f,0f,1f],start_interpolation: 0,interpolation_duration: 1}
$data merge entity $(hugeasssword) {transformation: [0.2319f,1.0597f,-3.7635f,-0.8306f,1.0348f,3.619f,1.0827f,0.3583f,3.7704f,-1.0584f,-0.0657f,-0.0187f,0f,0f,0f,1f],start_interpolation: 0,interpolation_duration: 1}
$data merge entity $(whey) {transformation: [0.0592f,0.9967f,0.0562f,-0.731f,0.2642f,-0.0699f,0.9619f,0.1874f,0.9626f,-0.0421f,-0.2675f,-0.1565f,0f,0f,0f,1f],start_interpolation: 0,interpolation_duration: 1}
$data merge entity $(ice) {transformation: [0.0592f,0.2706f,-0.9609f,-0.8358f,0.2642f,0.924f,0.2764f,0.3398f,0.9626f,-0.2702f,-0.0168f,-0.0295f,0f,0f,0f,1f],start_interpolation: 0,interpolation_duration: 1}
$data merge entity $(righthand1) {transformation: [0.0592f,0.2706f,-0.9609f,-0.7834f,0.2642f,0.924f,0.2764f,0.6455f,0.9626f,-0.2702f,-0.0168f,0.143f,0f,0f,0f,1f],start_interpolation: 0,interpolation_duration: 1}
$data merge entity $(rightforearm) {transformation: [0.0592f,0.2706f,-0.9609f,-0.5818f,0.2642f,0.924f,0.2764f,1.2743f,0.9626f,-0.2702f,-0.0168f,-0.1069f,0f,0f,0f,1f],start_interpolation: 0,interpolation_duration: 1}
$data merge entity $(rightelbow) {transformation: [0.0592f,0.2706f,-0.9609f,-0.5311f,0.2642f,0.924f,0.2764f,1.4476f,0.9626f,-0.2702f,-0.0168f,-0.1575f,0f,0f,0f,1f],start_interpolation: 0,interpolation_duration: 1}
$data merge entity $(rightarm) {transformation: [-0.9414f,0.2516f,-0.2249f,-0.1924f,0.1828f,0.9404f,0.2868f,1.8688f,0.2836f,0.2288f,-0.9312f,-0.0761f,0f,0f,0f,1f],start_interpolation: 0,interpolation_duration: 1}
$data merge entity $(chest1) {transformation: [-0.4287f,0.2954f,-0.95f,-0.0367f,0.2591f,1.0319f,0.204f,1.558f,0.9606f,-0.1465f,-0.479f,-0.766f,0f,0f,0f,1f],start_interpolation: 0,interpolation_duration: 1}
$data merge entity $(chest1lid) {transformation: [-0.3957f,0.2727f,-0.877f,-0.015f,0.2391f,0.9526f,0.1883f,0.915f,0.8867f,-0.1352f,-0.4421f,-0.1978f,0f,0f,0f,1f],start_interpolation: 0,interpolation_duration: 1}
$data merge entity $(chest2) {transformation: [-0.3957f,0.2727f,-0.877f,-0.0577f,0.2391f,0.9526f,0.1883f,0.7661f,0.8867f,-0.1352f,-0.4421f,-0.1767f,0f,0f,0f,1f],start_interpolation: 0,interpolation_duration: 1}
$data merge entity $(chest1lid3) {transformation: [-0.3957f,0.2727f,-0.877f,-0.5521f,0.2391f,0.9526f,0.1883f,1.0207f,0.8867f,-0.1352f,-0.4421f,-0.5365f,0f,0f,0f,1f],start_interpolation: 0,interpolation_duration: 1}
$data merge entity $(chest3) {transformation: [-0.3957f,0.2727f,-0.877f,-0.5947f,0.2391f,0.9526f,0.1883f,0.8718f,0.8867f,-0.1352f,-0.4421f,-0.5154f,0f,0f,0f,1f],start_interpolation: 0,interpolation_duration: 1}
$data merge entity $(hugeasssword2) {transformation: [3.4348f,1.8642f,-0.2596f,-0.4402f,-0.7375f,1.83f,3.3834f,3.0078f,1.7317f,-2.9182f,1.9558f,0.0524f,0f,0f,0f,1f],start_interpolation: 0,interpolation_duration: 1}
$data merge entity $(belt) {transformation: [-0.3957f,0.2727f,-0.877f,-0.0179f,0.2391f,0.9526f,0.1883f,1.1463f,0.8867f,-0.1352f,-0.4421f,-0.6827f,0f,0f,0f,1f],start_interpolation: 0,interpolation_duration: 1}
$data merge entity $(torn_part) {transformation: [-0.7558f,0.1971f,-0.6244f,-0.1619f,-0.0847f,0.9162f,0.3917f,0.8764f,0.6493f,0.349f,-0.6758f,-0.5725f,0f,0f,0f,1f],start_interpolation: 0,interpolation_duration: 1}
$data merge entity $(lowerbody) {transformation: [-0.7558f,0.0002f,-0.6548f,0.0039f,-0.0847f,0.9916f,0.0981f,0.3867f,0.6493f,0.1296f,-0.7494f,-0.5937f,0f,0f,0f,1f],start_interpolation: 0,interpolation_duration: 1}
data modify entity @s data merge value {"cameras":{},"locators":{"soup":{"px":1.2899522698149288,"py":0.2036109442869475,"pz":-1.8134810579030887,"ry":120.55413538314448,"rx":43.432427052362485},"lefthand":{"px":1.2687500497491262,"py":0.22777735352635492,"pz":-1.8460499969221222,"ry":15.458840590412052,"rx":15.4657607774143},"sword":{"px":2.7238096620923438,"py":-0.6736152799565652,"pz":0.12706751529000238,"ry":271.0004797057049,"rx":16.048106877880993},"righthand":{"px":-0.8194479328886819,"py":0.34577328422913195,"pz":0.06519004914358145,"ry":271.0004797057049,"rx":16.048106877880993},"chest":{"px":0.09257251493823589,"py":0.8334961426433345,"pz":-0.09260239359492552,"ry":296.7562046366878,"rx":10.85290448585491}}}