# This file was generated by Animated Java via MC-Build. It is not recommended to edit this file directly.
$data merge entity $(nose) {transformation: [0.6757f,0.1109f,-0.7288f,0.3553f,0.0649f,0.9758f,0.2086f,2.2488f,0.7343f,-0.1882f,0.6522f,-0.9765f,0f,0f,0f,1f],start_interpolation: 0,interpolation_duration: 1}
$data merge entity $(glowing_eye) {transformation: [0.6757f,0.1109f,-0.7288f,0.4727f,0.0649f,0.9758f,0.2086f,2.3157f,0.7343f,-0.1882f,0.6522f,-0.9202f,0f,0f,0f,1f],start_interpolation: 0,interpolation_duration: 1}
$data merge entity $(head) {transformation: [0.6757f,0.1109f,-0.7288f,0.2052f,0.0649f,0.9758f,0.2086f,2.1674f,0.7343f,-0.1882f,0.6522f,-0.8311f,0f,0f,0f,1f],start_interpolation: 0,interpolation_duration: 1}
$data merge entity $(leftthumb2) {transformation: [-0.2949f,-0.7926f,0.5338f,1.3983f,-0.5619f,0.5956f,0.574f,0.1959f,-0.7728f,-0.1307f,-0.621f,-1.77f,0f,0f,0f,1f],start_interpolation: 0,interpolation_duration: 1}
$data merge entity $(leftthumb) {transformation: [-0.2949f,-0.7926f,0.5338f,1.2496f,-0.5619f,0.5956f,0.574f,0.391f,-0.7728f,-0.1307f,-0.621f,-1.8552f,0f,0f,0f,1f],start_interpolation: 0,interpolation_duration: 1}
$data merge entity $(leftpointerfinger) {transformation: [-0.6378f,-0.7694f,0.0359f,1.5734f,-0.604f,0.5285f,0.5965f,0.3116f,-0.4779f,0.3588f,-0.8018f,-1.9582f,0f,0f,0f,1f],start_interpolation: 0,interpolation_duration: 1}
$data merge entity $(leftmidfinger) {transformation: [-0.6378f,-0.7694f,0.0359f,1.579f,-0.604f,0.5285f,0.5965f,0.4049f,-0.4779f,0.3588f,-0.8018f,-2.0835f,0f,0f,0f,1f],start_interpolation: 0,interpolation_duration: 1}
$data merge entity $(leftringfinger) {transformation: [-0.6378f,-0.7694f,0.0359f,1.5847f,-0.604f,0.5285f,0.5965f,0.4981f,-0.4779f,0.3588f,-0.8018f,-2.2088f,0f,0f,0f,1f],start_interpolation: 0,interpolation_duration: 1}
$data merge entity $(invisibility) {transformation: [-0.7633f,-0.1028f,0.6378f,1.3686f,0.5785f,-0.5482f,0.604f,0.2376f,0.2876f,0.83f,0.4779f,-1.9835f,0f,0f,0f,1f],start_interpolation: 0,interpolation_duration: 1}
$data merge entity $(swiftness) {transformation: [0.0359f,-0.7694f,0.6378f,1.4463f,0.5965f,0.5285f,0.604f,0.2464f,-0.8018f,0.3588f,0.4779f,-2.2073f,0f,0f,0f,1f],start_interpolation: 0,interpolation_duration: 1}
$data merge entity $(suspicious_stew) {transformation: [0f,0f,0f,1.4038f,0f,0f,0f,0.3431f,0f,0f,0f,-2.1372f,0f,0f,0f,1f],start_interpolation: 0,interpolation_duration: 1}
$data merge entity $(log) {transformation: [-0.6378f,-0.7694f,0.0359f,1.2571f,-0.604f,0.5285f,0.5965f,0.362f,-0.4779f,0.3588f,-0.8018f,-2.1882f,0f,0f,0f,1f],start_interpolation: 0,interpolation_duration: 1}
$data merge entity $(planks) {transformation: [-0.6378f,-0.7694f,0.0359f,1.1973f,-0.604f,0.5285f,0.5965f,0.3054f,-0.4779f,0.3588f,-0.8018f,-2.233f,0f,0f,0f,1f],start_interpolation: 0,interpolation_duration: 1}
$data merge entity $(lefthand1) {transformation: [-0.6378f,-0.7694f,0.0359f,1.2231f,-0.604f,0.5285f,0.5965f,0.6265f,-0.4779f,0.3588f,-0.8018f,-1.954f,0f,0f,0f,1f],start_interpolation: 0,interpolation_duration: 1}
$data merge entity $(leftforearm) {transformation: [-0.6475f,-0.7424f,0.1719f,0.6579f,-0.6271f,0.6472f,0.4335f,1.0356f,-0.4331f,0.1729f,-0.8846f,-1.8456f,0f,0f,0f,1f],start_interpolation: 0,interpolation_duration: 1}
$data merge entity $(leftelbow) {transformation: [-0.6475f,-0.7424f,0.1719f,0.5187f,-0.6271f,0.6472f,0.4335f,1.157f,-0.4331f,0.1729f,-0.8846f,-1.8132f,0f,0f,0f,1f],start_interpolation: 0,interpolation_duration: 1}
$data merge entity $(leftarm) {transformation: [-0.22f,-0.2501f,-0.9429f,0.375f,-0.44f,0.8881f,-0.133f,1.5089f,0.8707f,0.3856f,-0.3054f,-1.4204f,0f,0f,0f,1f],start_interpolation: 0,interpolation_duration: 1}
$data merge entity $(rightthumb2) {transformation: [0.1399f,0.2166f,-0.9662f,-0.5158f,0.2745f,0.929f,0.2481f,0.2145f,0.9513f,-0.2999f,0.0705f,0.2164f,0f,0f,0f,1f],start_interpolation: 0,interpolation_duration: 1}
$data merge entity $(rightthumb) {transformation: [0.1399f,0.2166f,-0.9662f,-0.5452f,0.2745f,0.929f,0.2481f,0.4635f,0.9513f,-0.2999f,0.0705f,0.1489f,0f,0f,0f,1f],start_interpolation: 0,interpolation_duration: 1}
$data merge entity $(rightpointerfinger) {transformation: [0.1399f,0.2166f,-0.9662f,-0.6463f,0.2745f,0.929f,0.2481f,0.2003f,0.9513f,-0.2999f,0.0705f,0.3547f,0f,0f,0f,1f],start_interpolation: 0,interpolation_duration: 1}
$data merge entity $(rightmidfinger) {transformation: [0.1399f,0.2166f,-0.9662f,-0.7973f,0.2745f,0.929f,0.2481f,0.2391f,0.9513f,-0.2999f,0.0705f,0.3657f,0f,0f,0f,1f],start_interpolation: 0,interpolation_duration: 1}
$data merge entity $(rightringfinger) {transformation: [0.1399f,0.2166f,-0.9662f,-0.9482f,0.2745f,0.929f,0.2481f,0.2778f,0.9513f,-0.2999f,0.0705f,0.3767f,0f,0f,0f,1f],start_interpolation: 0,interpolation_duration: 1}
$data merge entity $(hugeasssword) {transformation: [0.5478f,0.8485f,-3.7842f,-0.7753f,1.0753f,3.6387f,0.9716f,0.351f,3.7261f,-1.1748f,0.276f,0.051f,0f,0f,0f,1f],start_interpolation: 0,interpolation_duration: 1}
$data merge entity $(whey) {transformation: [0.1399f,0.9902f,0.0024f,-0.6838f,0.2745f,-0.0411f,0.9607f,0.1818f,0.9513f,-0.1337f,-0.2776f,-0.0943f,0f,0f,0f,1f],start_interpolation: 0,interpolation_duration: 1}
$data merge entity $(ice) {transformation: [0.1399f,0.2166f,-0.9662f,-0.7809f,0.2745f,0.929f,0.2481f,0.3322f,0.9513f,-0.2999f,0.0705f,0.0408f,0f,0f,0f,1f],start_interpolation: 0,interpolation_duration: 1}
$data merge entity $(righthand1) {transformation: [0.1399f,0.2166f,-0.9662f,-0.722f,0.2745f,0.929f,0.2481f,0.6408f,0.9513f,-0.2999f,0.0705f,0.2058f,0f,0f,0f,1f],start_interpolation: 0,interpolation_duration: 1}
$data merge entity $(rightforearm) {transformation: [0.1399f,0.2166f,-0.9662f,-0.5633f,0.2745f,0.929f,0.2481f,1.273f,0.9513f,-0.2999f,0.0705f,-0.0656f,0f,0f,0f,1f],start_interpolation: 0,interpolation_duration: 1}
$data merge entity $(rightelbow) {transformation: [0.1399f,0.2166f,-0.9662f,-0.5227f,0.2745f,0.929f,0.2481f,1.4472f,0.9513f,-0.2999f,0.0705f,-0.1219f,0f,0f,0f,1f],start_interpolation: 0,interpolation_duration: 1}
$data merge entity $(rightarm) {transformation: [-0.9143f,0.2683f,-0.3034f,-0.179f,0.185f,0.9431f,0.2763f,1.8696f,0.3603f,0.1965f,-0.9119f,-0.0739f,0f,0f,0f,1f],start_interpolation: 0,interpolation_duration: 1}
$data merge entity $(chest1) {transformation: [-0.4001f,0.2892f,-0.9643f,-0.0437f,0.2605f,1.0321f,0.2014f,1.5576f,0.9725f,-0.1575f,-0.4507f,-0.7676f,0f,0f,0f,1f],start_interpolation: 0,interpolation_duration: 1}
$data merge entity $(chest1lid) {transformation: [-0.3693f,0.2669f,-0.8901f,-0.0038f,0.2405f,0.9527f,0.1859f,0.9158f,0.8977f,-0.1454f,-0.416f,-0.1989f,0f,0f,0f,1f],start_interpolation: 0,interpolation_duration: 1}
$data merge entity $(chest2) {transformation: [-0.3693f,0.2669f,-0.8901f,-0.0455f,0.2405f,0.9527f,0.1859f,0.767f,0.8977f,-0.1454f,-0.416f,-0.1762f,0f,0f,0f,1f],start_interpolation: 0,interpolation_duration: 1}
$data merge entity $(chest1lid3) {transformation: [-0.3693f,0.2669f,-0.8901f,-0.551f,0.2405f,0.9527f,0.1859f,1.0199f,0.8977f,-0.1454f,-0.416f,-0.5216f,0f,0f,0f,1f],start_interpolation: 0,interpolation_duration: 1}
$data merge entity $(chest3) {transformation: [-0.3693f,0.2669f,-0.8901f,-0.5927f,0.2405f,0.9527f,0.1859f,0.871f,0.8977f,-0.1454f,-0.416f,-0.4988f,0f,0f,0f,1f],start_interpolation: 0,interpolation_duration: 1}
$data merge entity $(hugeasssword2) {transformation: [3.4864f,1.7727f,-0.2065f,-0.4248f,-0.7281f,1.8265f,3.3873f,3.0085f,1.6294f,-2.9768f,1.9554f,0.0595f,0f,0f,0f,1f],start_interpolation: 0,interpolation_duration: 1}
$data merge entity $(belt) {transformation: [-0.3693f,0.2669f,-0.8901f,-0.0216f,0.2405f,0.9527f,0.1859f,1.1461f,0.8977f,-0.1454f,-0.416f,-0.684f,0f,0f,0f,1f],start_interpolation: 0,interpolation_duration: 1}
$data merge entity $(torn_part) {transformation: [-0.7407f,0.2029f,-0.6404f,-0.1624f,-0.0857f,0.917f,0.3897f,0.8761f,0.6663f,0.3435f,-0.6618f,-0.5692f,0f,0f,0f,1f],start_interpolation: 0,interpolation_duration: 1}
$data merge entity $(lowerbody) {transformation: [-0.7407f,0.001f,-0.6718f,0.0039f,-0.0857f,0.9917f,0.0959f,0.3867f,0.6663f,0.1286f,-0.7345f,-0.5937f,0f,0f,0f,1f],start_interpolation: 0,interpolation_duration: 1}
data modify entity @s data merge value {"cameras":{},"locators":{"soup":{"px":1.403802424226715,"py":0.3431360262001162,"pz":-2.137234827997636,"ry":127.9670698605785,"rx":38.046617523552364},"lefthand":{"px":1.3764300615170049,"py":0.36805395770009275,"pz":-2.158897696151711,"ry":2.561602858767259,"rx":36.62231880201445},"sword":{"px":2.806718513759426,"py":-0.5751976742406342,"pz":-0.12625119923278003,"ry":265.8291164472378,"rx":14.362629747241085},"righthand":{"px":-0.756068399607308,"py":0.3395165381222307,"pz":0.13356329159502567,"ry":265.8291164472378,"rx":14.362629747241085},"chest":{"px":0.10702770387752188,"py":0.8347490752576259,"pz":-0.09678961442027098,"ry":295.05006056220816,"rx":10.713624957739958}}}