# This file was generated by Animated Java via MC-Build. It is not recommended to edit this file directly.
$data merge entity $(nose) {transformation: [0.6892f,0.147f,-0.7095f,0.3401f,0.0513f,0.9668f,0.2502f,2.245f,0.7228f,-0.2089f,0.6588f,-0.9682f,0f,0f,0f,1f],start_interpolation: 0,interpolation_duration: 1}
$data merge entity $(glowing_eye) {transformation: [0.6892f,0.147f,-0.7095f,0.461f,0.0513f,0.9668f,0.2502f,2.3081f,0.7228f,-0.2089f,0.6588f,-0.915f,0f,0f,0f,1f],start_interpolation: 0,interpolation_duration: 1}
$data merge entity $(head) {transformation: [0.6892f,0.147f,-0.7095f,0.1891f,0.0513f,0.9668f,0.2502f,2.1725f,0.7228f,-0.2089f,0.6588f,-0.8191f,0f,0f,0f,1f],start_interpolation: 0,interpolation_duration: 1}
$data merge entity $(leftthumb2) {transformation: [-0.214f,-0.7952f,0.5673f,1.4721f,-0.3775f,0.603f,0.7028f,0.2487f,-0.9009f,-0.0638f,-0.4292f,-1.9116f,0f,0f,0f,1f],start_interpolation: 0,interpolation_duration: 1}
$data merge entity $(leftthumb) {transformation: [-0.214f,-0.7952f,0.5673f,1.3256f,-0.3775f,0.603f,0.7028f,0.4566f,-0.9009f,-0.0638f,-0.4292f,-1.9639f,0f,0f,0f,1f],start_interpolation: 0,interpolation_duration: 1}
$data merge entity $(leftpointerfinger) {transformation: [-0.6352f,-0.7693f,-0.0687f,1.6443f,-0.5603f,0.3978f,0.7266f,0.4214f,-0.5316f,0.5f,-0.6837f,-2.1019f,0f,0f,0f,1f],start_interpolation: 0,interpolation_duration: 1}
$data merge entity $(leftmidfinger) {transformation: [-0.6352f,-0.7693f,-0.0687f,1.6335f,-0.5603f,0.3978f,0.7266f,0.5349f,-0.5316f,0.5f,-0.6837f,-2.2087f,0f,0f,0f,1f],start_interpolation: 0,interpolation_duration: 1}
$data merge entity $(leftringfinger) {transformation: [-0.6352f,-0.7693f,-0.0687f,1.6228f,-0.5603f,0.3978f,0.7266f,0.6485f,-0.5316f,0.5f,-0.6837f,-2.3155f,0f,0f,0f,1f],start_interpolation: 0,interpolation_duration: 1}
$data merge entity $(invisibility) {transformation: [-0.7723f,0.0014f,0.6352f,1.4432f,0.4596f,-0.6891f,0.5603f,0.3372f,0.4385f,0.7246f,0.5316f,-2.1255f,0f,0f,0f,1f],start_interpolation: 0,interpolation_duration: 1}
$data merge entity $(swiftness) {transformation: [-0.0687f,-0.7693f,0.6352f,1.5014f,0.7266f,0.3978f,0.5603f,0.3904f,-0.6837f,0.5f,0.5316f,-2.3491f,0f,0f,0f,1f],start_interpolation: 0,interpolation_duration: 1}
$data merge entity $(suspicious_stew) {transformation: [0f,0f,0f,1.4563f,0f,0f,0f,0.4749f,0f,0f,0f,-2.2547f,0f,0f,0f,1f],start_interpolation: 0,interpolation_duration: 1}
$data merge entity $(log) {transformation: [-0.6352f,-0.7693f,-0.0687f,1.3074f,-0.5603f,0.3978f,0.7266f,0.486f,-0.5316f,0.5f,-0.6837f,-2.2965f,0f,0f,0f,1f],start_interpolation: 0,interpolation_duration: 1}
$data merge entity $(planks) {transformation: [-0.6352f,-0.7693f,-0.0687f,1.2479f,-0.5603f,0.3978f,0.7266f,0.4335f,-0.5316f,0.5f,-0.6837f,-2.3464f,0f,0f,0f,1f],start_interpolation: 0,interpolation_duration: 1}
$data merge entity $(lefthand1) {transformation: [-0.6352f,-0.7693f,-0.0687f,1.276f,-0.5603f,0.3978f,0.7266f,0.7028f,-0.5316f,0.5f,-0.6837f,-2.0173f,0f,0f,0f,1f],start_interpolation: 0,interpolation_duration: 1}
$data merge entity $(leftforearm) {transformation: [-0.6487f,-0.7494f,0.1326f,0.7065f,-0.6052f,0.6136f,0.5073f,1.0885f,-0.4615f,0.2488f,-0.8515f,-1.8579f,0f,0f,0f,1f],start_interpolation: 0,interpolation_duration: 1}
$data merge entity $(leftelbow) {transformation: [-0.6487f,-0.7494f,0.1326f,0.566f,-0.6052f,0.6136f,0.5073f,1.2035f,-0.4615f,0.2488f,-0.8515f,-1.8112f,0f,0f,0f,1f],start_interpolation: 0,interpolation_duration: 1}
$data merge entity $(leftarm) {transformation: [-0.1921f,-0.3771f,-0.906f,0.3637f,-0.4919f,0.8358f,-0.2437f,1.5215f,0.8492f,0.3989f,-0.3461f,-1.4152f,0f,0f,0f,1f],start_interpolation: 0,interpolation_duration: 1}
$data merge entity $(rightthumb2) {transformation: [0.1313f,0.1851f,-0.9739f,-0.4698f,0.2523f,0.9438f,0.2134f,0.1903f,0.9587f,-0.2737f,0.0772f,0.1847f,0f,0f,0f,1f],start_interpolation: 0,interpolation_duration: 1}
$data merge entity $(rightthumb) {transformation: [0.1313f,0.1851f,-0.9739f,-0.5077f,0.2523f,0.9438f,0.2134f,0.44f,0.9587f,-0.2737f,0.0772f,0.1242f,0f,0f,0f,1f],start_interpolation: 0,interpolation_duration: 1}
$data merge entity $(rightpointerfinger) {transformation: [0.1313f,0.1851f,-0.9739f,-0.5997f,0.2523f,0.9438f,0.2134f,0.1679f,0.9587f,-0.2737f,0.0772f,0.3225f,0f,0f,0f,1f],start_interpolation: 0,interpolation_duration: 1}
$data merge entity $(rightmidfinger) {transformation: [0.1313f,0.1851f,-0.9739f,-0.7519f,0.2523f,0.9438f,0.2134f,0.2012f,0.9587f,-0.2737f,0.0772f,0.3346f,0f,0f,0f,1f],start_interpolation: 0,interpolation_duration: 1}
$data merge entity $(rightringfinger) {transformation: [0.1313f,0.1851f,-0.9739f,-0.904f,0.2523f,0.9438f,0.2134f,0.2346f,0.9587f,-0.2737f,0.0772f,0.3466f,0f,0f,0f,1f],start_interpolation: 0,interpolation_duration: 1}
$data merge entity $(hugeasssword) {transformation: [0.5142f,0.725f,-3.8145f,-0.7339f,0.9882f,3.6966f,0.8358f,0.3226f,3.7549f,-1.0722f,0.3024f,0.0231f,0f,0f,0f,1f],start_interpolation: 0,interpolation_duration: 1}
$data merge entity $(whey) {transformation: [0.1313f,0.9909f,-0.0301f,-0.6369f,0.2523f,-0.0041f,0.9676f,0.1607f,0.9587f,-0.1346f,-0.2505f,-0.1269f,0f,0f,0f,1f],start_interpolation: 0,interpolation_duration: 1}
$data merge entity $(ice) {transformation: [0.1313f,0.1851f,-0.9739f,-0.7389f,0.2523f,0.9438f,0.2134f,0.3039f,0.9587f,-0.2737f,0.0772f,0.0124f,0f,0f,0f,1f],start_interpolation: 0,interpolation_duration: 1}
$data merge entity $(righthand1) {transformation: [0.1313f,0.1851f,-0.9739f,-0.6902f,0.2523f,0.9438f,0.2134f,0.6096f,0.9587f,-0.2737f,0.0772f,0.1861f,0f,0f,0f,1f],start_interpolation: 0,interpolation_duration: 1}
$data merge entity $(rightforearm) {transformation: [0.1313f,0.1851f,-0.9739f,-0.553f,0.2523f,0.9438f,0.2134f,1.2541f,0.9587f,-0.2737f,0.0772f,-0.0675f,0f,0f,0f,1f],start_interpolation: 0,interpolation_duration: 1}
$data merge entity $(rightelbow) {transformation: [0.1313f,0.1851f,-0.9739f,-0.5183f,0.2523f,0.9438f,0.2134f,1.4311f,0.9587f,-0.2737f,0.0772f,-0.1189f,0f,0f,0f,1f],start_interpolation: 0,interpolation_duration: 1}
$data merge entity $(rightarm) {transformation: [-0.919f,0.2381f,-0.3142f,-0.1884f,0.1482f,0.9472f,0.2844f,1.8634f,0.3653f,0.2149f,-0.9057f,-0.0631f,0f,0f,0f,1f],start_interpolation: 0,interpolation_duration: 1}
$data merge entity $(chest1) {transformation: [-0.3988f,0.2769f,-0.9685f,-0.0526f,0.2469f,1.0367f,0.1947f,1.5593f,0.9765f,-0.1491f,-0.4447f,-0.7601f,0f,0f,0f,1f],start_interpolation: 0,interpolation_duration: 1}
$data merge entity $(chest1lid) {transformation: [-0.3681f,0.2556f,-0.894f,-0.0031f,0.2279f,0.9569f,0.1797f,0.9128f,0.9014f,-0.1376f,-0.4105f,-0.1977f,0f,0f,0f,1f],start_interpolation: 0,interpolation_duration: 1}
$data merge entity $(chest2) {transformation: [-0.3681f,0.2556f,-0.894f,-0.043f,0.2279f,0.9569f,0.1797f,0.7633f,0.9014f,-0.1376f,-0.4105f,-0.1762f,0f,0f,0f,1f],start_interpolation: 0,interpolation_duration: 1}
$data merge entity $(chest1lid3) {transformation: [-0.3681f,0.2556f,-0.894f,-0.5528f,0.2279f,0.9569f,0.1797f,1.0137f,0.9014f,-0.1376f,-0.4105f,-0.517f,0f,0f,0f,1f],start_interpolation: 0,interpolation_duration: 1}
$data merge entity $(chest3) {transformation: [-0.3681f,0.2556f,-0.894f,-0.5927f,0.2279f,0.9569f,0.1797f,0.8642f,0.9014f,-0.1376f,-0.4105f,-0.4955f,0f,0f,0f,1f],start_interpolation: 0,interpolation_duration: 1}
$data merge entity $(hugeasssword2) {transformation: [3.5014f,1.7391f,-0.236f,-0.4464f,-0.7038f,1.8739f,3.3665f,2.9981f,1.6078f,-2.9672f,1.9878f,0.082f,0f,0f,0f,1f],start_interpolation: 0,interpolation_duration: 1}
$data merge entity $(belt) {transformation: [-0.3681f,0.2556f,-0.894f,-0.0256f,0.2279f,0.9569f,0.1797f,1.1473f,0.9014f,-0.1376f,-0.4105f,-0.6805f,0f,0f,0f,1f],start_interpolation: 0,interpolation_duration: 1}
$data merge entity $(torn_part) {transformation: [-0.7261f,0.2089f,-0.6551f,-0.1626f,-0.0865f,0.9174f,0.3884f,0.8758f,0.6821f,0.3387f,-0.6481f,-0.5658f,0f,0f,0f,1f],start_interpolation: 0,interpolation_duration: 1}
$data merge entity $(lowerbody) {transformation: [-0.7261f,0.0023f,-0.6876f,0.0039f,-0.0865f,0.9918f,0.0946f,0.3867f,0.6821f,0.1281f,-0.7199f,-0.5937f,0f,0f,0f,1f],start_interpolation: 0,interpolation_duration: 1}
data modify entity @s data merge value {"cameras":{},"locators":{"soup":{"px":1.4562965752625168,"py":0.4749363511890224,"pz":-2.254691222089629,"ry":131.63633751950184,"rx":34.95670965494625},"lefthand":{"px":1.4281353763057292,"py":0.49610745337377793,"pz":-2.275074774310855,"ry":354.2637724320915,"rx":46.59810511721424},"sword":{"px":2.8770554530314296,"py":-0.47742956686962473,"pz":-0.17932028570039668,"ry":265.4677223013748,"rx":12.321499626542685},"righthand":{"px":-0.7142397847655665,"py":0.309471860075845,"pz":0.10535656486494312,"ry":265.4677223013748,"rx":12.321499626542685},"chest":{"px":0.10912909180449445,"py":0.8320377466516218,"pz":-0.09676297983806485,"ry":294.66328199106727,"rx":10.352392036770148}}}