# This file was generated by Animated Java via MC-Build. It is not recommended to edit this file directly.
$data merge entity $(nose) {transformation: [0.6822f,0.1703f,-0.7111f,0.3391f,0.0501f,0.9593f,0.2778f,2.2404f,0.7295f,-0.2252f,0.6459f,-0.9623f,0f,0f,0f,1f],start_interpolation: 0,interpolation_duration: 1}
$data merge entity $(glowing_eye) {transformation: [0.6822f,0.1703f,-0.7111f,0.4608f,0.0501f,0.9593f,0.2778f,2.3019f,0.7295f,-0.2252f,0.6459f,-0.9089f,0f,0f,0f,1f],start_interpolation: 0,interpolation_duration: 1}
$data merge entity $(head) {transformation: [0.6822f,0.1703f,-0.7111f,0.185f,0.0501f,0.9593f,0.2778f,2.1739f,0.7295f,-0.2252f,0.6459f,-0.8136f,0f,0f,0f,1f],start_interpolation: 0,interpolation_duration: 1}
$data merge entity $(leftthumb2) {transformation: [-0.1317f,-0.7302f,0.6704f,1.4372f,-0.3677f,0.664f,0.651f,0.2395f,-0.9206f,-0.1608f,-0.356f,-1.8738f,0f,0f,0f,1f],start_interpolation: 0,interpolation_duration: 1}
$data merge entity $(leftthumb) {transformation: [-0.1317f,-0.7302f,0.6704f,1.3154f,-0.3677f,0.664f,0.651f,0.458f,-0.9206f,-0.1608f,-0.356f,-1.9436f,0f,0f,0f,1f],start_interpolation: 0,interpolation_duration: 1}
$data merge entity $(leftpointerfinger) {transformation: [-0.6358f,-0.7719f,-0.0022f,1.6381f,-0.5511f,0.4519f,0.7015f,0.4029f,-0.5405f,0.4472f,-0.7127f,-2.0647f,0f,0f,0f,1f],start_interpolation: 0,interpolation_duration: 1}
$data merge entity $(leftmidfinger) {transformation: [-0.6358f,-0.7719f,-0.0022f,1.6378f,-0.5511f,0.4519f,0.7015f,0.5125f,-0.5405f,0.4472f,-0.7127f,-2.176f,0f,0f,0f,1f],start_interpolation: 0,interpolation_duration: 1}
$data merge entity $(leftringfinger) {transformation: [-0.6358f,-0.7719f,-0.0022f,1.6374f,-0.5511f,0.4519f,0.7015f,0.6221f,-0.5405f,0.4472f,-0.7127f,-2.2874f,0f,0f,0f,1f],start_interpolation: 0,interpolation_duration: 1}
$data merge entity $(invisibility) {transformation: [-0.7691f,-0.065f,0.6358f,1.4346f,0.5113f,-0.6595f,0.5511f,0.3271f,0.3834f,0.7489f,0.5405f,-2.0948f,0f,0f,0f,1f],start_interpolation: 0,interpolation_duration: 1}
$data merge entity $(swiftness) {transformation: [-0.0022f,-0.7719f,0.6358f,1.5056f,0.7015f,0.4519f,0.5511f,0.3687f,-0.7127f,0.4472f,0.5405f,-2.3172f,0f,0f,0f,1f],start_interpolation: 0,interpolation_duration: 1}
$data merge entity $(suspicious_stew) {transformation: [0f,0f,0f,1.4591f,0f,0f,0f,0.4612f,0f,0f,0f,-2.2259f,0f,0f,0f,1f],start_interpolation: 0,interpolation_duration: 1}
$data merge entity $(log) {transformation: [-0.6358f,-0.7719f,-0.0022f,1.3141f,-0.5511f,0.4519f,0.7015f,0.4751f,-0.5405f,0.4472f,-0.7127f,-2.2776f,0f,0f,0f,1f],start_interpolation: 0,interpolation_duration: 1}
$data merge entity $(planks) {transformation: [-0.6358f,-0.7719f,-0.0022f,1.2545f,-0.5511f,0.4519f,0.7015f,0.4234f,-0.5405f,0.4472f,-0.7127f,-2.3283f,0f,0f,0f,1f],start_interpolation: 0,interpolation_duration: 1}
$data merge entity $(lefthand1) {transformation: [-0.6358f,-0.7719f,-0.0022f,1.2802f,-0.5511f,0.4519f,0.7015f,0.7039f,-0.5405f,0.4472f,-0.7127f,-2.0084f,0f,0f,0f,1f],start_interpolation: 0,interpolation_duration: 1}
$data merge entity $(leftforearm) {transformation: [-0.652f,-0.7457f,0.1371f,0.713f,-0.6025f,0.6194f,0.5033f,1.0939f,-0.4602f,0.2456f,-0.8532f,-1.8511f,0f,0f,0f,1f],start_interpolation: 0,interpolation_duration: 1}
$data merge entity $(leftelbow) {transformation: [-0.652f,-0.7457f,0.1371f,0.5732f,-0.6025f,0.6194f,0.5033f,1.21f,-0.4602f,0.2456f,-0.8532f,-1.8051f,0f,0f,0f,1f],start_interpolation: 0,interpolation_duration: 1}
$data merge entity $(leftarm) {transformation: [-0.1923f,-0.3944f,-0.8986f,0.362f,-0.4931f,0.8305f,-0.259f,1.5255f,0.8484f,0.3933f,-0.3542f,-1.4118f,0f,0f,0f,1f],start_interpolation: 0,interpolation_duration: 1}
$data merge entity $(rightthumb2) {transformation: [0.1213f,0.1705f,-0.9779f,-0.4462f,0.2408f,0.9507f,0.1956f,0.1796f,0.963f,-0.2592f,0.0743f,0.1661f,0f,0f,0f,1f],start_interpolation: 0,interpolation_duration: 1}
$data merge entity $(rightthumb) {transformation: [0.1213f,0.1705f,-0.9779f,-0.4879f,0.2408f,0.9507f,0.1956f,0.4295f,0.963f,-0.2592f,0.0743f,0.1089f,0f,0f,0f,1f],start_interpolation: 0,interpolation_duration: 1}
$data merge entity $(rightpointerfinger) {transformation: [0.1213f,0.1705f,-0.9779f,-0.5764f,0.2408f,0.9507f,0.1956f,0.153f,0.963f,-0.2592f,0.0743f,0.3027f,0f,0f,0f,1f],start_interpolation: 0,interpolation_duration: 1}
$data merge entity $(rightmidfinger) {transformation: [0.1213f,0.1705f,-0.9779f,-0.7292f,0.2408f,0.9507f,0.1956f,0.1836f,0.963f,-0.2592f,0.0743f,0.3144f,0f,0f,0f,1f],start_interpolation: 0,interpolation_duration: 1}
$data merge entity $(rightringfinger) {transformation: [0.1213f,0.1705f,-0.9779f,-0.882f,0.2408f,0.9507f,0.1956f,0.2142f,0.963f,-0.2592f,0.0743f,0.326f,0f,0f,0f,1f],start_interpolation: 0,interpolation_duration: 1}
$data merge entity $(hugeasssword) {transformation: [0.4752f,0.6676f,-3.83f,-0.7115f,0.9432f,3.7234f,0.7661f,0.3097f,3.7716f,-1.0152f,0.291f,0.0048f,0f,0f,0f,1f],start_interpolation: 0,interpolation_duration: 1}
$data merge entity $(whey) {transformation: [0.1213f,0.9916f,-0.0452f,-0.6109f,0.2408f,0.0148f,0.9705f,0.1517f,0.963f,-0.1286f,-0.237f,-0.1469f,0f,0f,0f,1f],start_interpolation: 0,interpolation_duration: 1}
$data merge entity $(ice) {transformation: [0.1213f,0.1705f,-0.9779f,-0.7161f,0.2408f,0.9507f,0.1956f,0.2911f,0.963f,-0.2592f,0.0743f,-0.0062f,0f,0f,0f,1f],start_interpolation: 0,interpolation_duration: 1}
$data merge entity $(righthand1) {transformation: [0.1213f,0.1705f,-0.9779f,-0.6737f,0.2408f,0.9507f,0.1956f,0.595f,0.963f,-0.2592f,0.0743f,0.172f,0f,0f,0f,1f],start_interpolation: 0,interpolation_duration: 1}
$data merge entity $(rightforearm) {transformation: [0.1213f,0.1705f,-0.9779f,-0.5462f,0.2408f,0.9507f,0.1956f,1.2454f,0.963f,-0.2592f,0.0743f,-0.0716f,0f,0f,0f,1f],start_interpolation: 0,interpolation_duration: 1}
$data merge entity $(rightelbow) {transformation: [0.1213f,0.1705f,-0.9779f,-0.5142f,0.2408f,0.9507f,0.1956f,1.4236f,0.963f,-0.2592f,0.0743f,-0.1202f,0f,0f,0f,1f],start_interpolation: 0,interpolation_duration: 1}
$data merge entity $(rightarm) {transformation: [-0.9232f,0.2204f,-0.3149f,-0.1922f,0.1287f,0.9492f,0.2871f,1.8611f,0.3622f,0.2245f,-0.9047f,-0.0589f,0f,0f,0f,1f],start_interpolation: 0,interpolation_duration: 1}
$data merge entity $(chest1) {transformation: [-0.4002f,0.2739f,-0.9687f,-0.0549f,0.2424f,1.038f,0.1933f,1.5599f,0.9771f,-0.1453f,-0.4448f,-0.7569f,0f,0f,0f,1f],start_interpolation: 0,interpolation_duration: 1}
$data merge entity $(chest1lid) {transformation: [-0.3694f,0.2528f,-0.8942f,-0.0039f,0.2237f,0.9582f,0.1785f,0.9116f,0.9019f,-0.1341f,-0.4105f,-0.1967f,0f,0f,0f,1f],start_interpolation: 0,interpolation_duration: 1}
$data merge entity $(chest2) {transformation: [-0.3694f,0.2528f,-0.8942f,-0.0434f,0.2237f,0.9582f,0.1785f,0.7618f,0.9019f,-0.1341f,-0.4105f,-0.1757f,0f,0f,0f,1f],start_interpolation: 0,interpolation_duration: 1}
$data merge entity $(chest1lid3) {transformation: [-0.3694f,0.2528f,-0.8942f,-0.5537f,0.2237f,0.9582f,0.1785f,1.0119f,0.9019f,-0.1341f,-0.4105f,-0.516f,0f,0f,0f,1f],start_interpolation: 0,interpolation_duration: 1}
$data merge entity $(chest3) {transformation: [-0.3694f,0.2528f,-0.8942f,-0.5932f,0.2237f,0.9582f,0.1785f,0.8622f,0.9019f,-0.1341f,-0.4105f,-0.4951f,0f,0f,0f,1f],start_interpolation: 0,interpolation_duration: 1}
$data merge entity $(hugeasssword2) {transformation: [3.5023f,1.7357f,-0.2476f,-0.4537f,-0.6989f,1.8894f,3.3589f,2.9946f,1.608f,-2.9594f,1.9992f,0.0899f,0f,0f,0f,1f],start_interpolation: 0,interpolation_duration: 1}
$data merge entity $(belt) {transformation: [-0.3694f,0.2528f,-0.8942f,-0.0267f,0.2237f,0.9582f,0.1785f,1.1477f,0.9019f,-0.1341f,-0.4105f,-0.6786f,0f,0f,0f,1f],start_interpolation: 0,interpolation_duration: 1}
$data merge entity $(torn_part) {transformation: [-0.7203f,0.2115f,-0.6607f,-0.1625f,-0.0867f,0.9175f,0.3882f,0.8758f,0.6882f,0.3369f,-0.6425f,-0.5644f,0f,0f,0f,1f],start_interpolation: 0,interpolation_duration: 1}
$data merge entity $(lowerbody) {transformation: [-0.7203f,0.003f,-0.6937f,0.0039f,-0.0867f,0.9918f,0.0944f,0.3867f,0.6882f,0.1281f,-0.7141f,-0.5937f,0f,0f,0f,1f],start_interpolation: 0,interpolation_duration: 1}
data modify entity @s data merge value {"cameras":{},"locators":{"soup":{"px":1.459128807574379,"py":0.4612281527010113,"pz":-2.2259273657842082,"ry":132.16479673998847,"rx":34.52849492608527},"lefthand":{"px":1.4340817508372024,"py":0.4805109213602341,"pz":-2.2507195889976312,"ry":359.8197675623515,"rx":44.54810306753838},"sword":{"px":2.9137767570615427,"py":-0.425513755299336,"pz":-0.187004847027003,"ry":265.65574255289135,"rx":11.279374902113151},"righthand":{"px":-0.6921098102372598,"py":0.29573592611530164,"pz":0.08692436067697712,"ry":265.65574255289135,"rx":11.279374902113151},"chest":{"px":0.10846368555458238,"py":0.8307818940177247,"pz":-0.0959472246229128,"ry":294.6603571666961,"rx":10.279621562175189}}}