# This file was generated by Animated Java via MC-Build. It is not recommended to edit this file directly.
$data merge entity $(nose) {transformation: [0.6719f,0.1995f,-0.7133f,0.3447f,0.0516f,0.9481f,0.3138f,2.2313f,0.7389f,-0.2476f,0.6267f,-0.9626f,0f,0f,0f,1f],start_interpolation: 0,interpolation_duration: 1}
$data merge entity $(glowing_eye) {transformation: [0.6719f,0.1995f,-0.7133f,0.467f,0.0516f,0.9481f,0.3138f,2.291f,0.7389f,-0.2476f,0.6267f,-0.9089f,0f,0f,0f,1f],start_interpolation: 0,interpolation_duration: 1}
$data merge entity $(head) {transformation: [0.6719f,0.1995f,-0.7133f,0.1864f,0.0516f,0.9481f,0.3138f,2.173f,0.7389f,-0.2476f,0.6267f,-0.8147f,0f,0f,0f,1f],start_interpolation: 0,interpolation_duration: 1}
$data merge entity $(leftthumb2) {transformation: [-0.0416f,-0.6375f,0.7693f,1.3822f,-0.3937f,0.7181f,0.5738f,0.2215f,-0.9183f,-0.279f,-0.2809f,-1.819f,0f,0f,0f,1f],start_interpolation: 0,interpolation_duration: 1}
$data merge entity $(leftthumb) {transformation: [-0.0416f,-0.6375f,0.7693f,1.2916f,-0.3937f,0.7181f,0.5738f,0.4467f,-0.9183f,-0.279f,-0.2809f,-1.9114f,0f,0f,0f,1f],start_interpolation: 0,interpolation_duration: 1}
$data merge entity $(leftpointerfinger) {transformation: [-0.6383f,-0.7652f,0.0834f,1.6164f,-0.551f,0.5298f,0.6448f,0.3633f,-0.5376f,0.3656f,-0.7598f,-2.0082f,0f,0f,0f,1f],start_interpolation: 0,interpolation_duration: 1}
$data merge entity $(leftmidfinger) {transformation: [-0.6383f,-0.7652f,0.0834f,1.6294f,-0.551f,0.5298f,0.6448f,0.464f,-0.5376f,0.3656f,-0.7598f,-2.1269f,0f,0f,0f,1f],start_interpolation: 0,interpolation_duration: 1}
$data merge entity $(leftringfinger) {transformation: [-0.6383f,-0.7652f,0.0834f,1.6425f,-0.551f,0.5298f,0.6448f,0.5648f,-0.5376f,0.3656f,-0.7598f,-2.2457f,0f,0f,0f,1f],start_interpolation: 0,interpolation_duration: 1}
$data merge entity $(invisibility) {transformation: [-0.7551f,-0.1498f,0.6383f,1.4104f,0.584f,-0.5961f,0.551f,0.2978f,0.298f,0.7888f,0.5376f,-2.0453f,0f,0f,0f,1f],start_interpolation: 0,interpolation_duration: 1}
$data merge entity $(swiftness) {transformation: [0.0834f,-0.7652f,0.6383f,1.4964f,0.6448f,0.5298f,0.551f,0.3182f,-0.7598f,0.3656f,0.5376f,-2.2653f,0f,0f,0f,1f],start_interpolation: 0,interpolation_duration: 1}
$data merge entity $(suspicious_stew) {transformation: [0f,0f,0f,1.45f,0f,0f,0f,0.4222f,0f,0f,0f,-2.1821f,0f,0f,0f,1f],start_interpolation: 0,interpolation_duration: 1}
$data merge entity $(log) {transformation: [-0.6383f,-0.7652f,0.0834f,1.3103f,-0.551f,0.5298f,0.6448f,0.4387f,-0.5376f,0.3656f,-0.7598f,-2.2452f,0f,0f,0f,1f],start_interpolation: 0,interpolation_duration: 1}
$data merge entity $(planks) {transformation: [-0.6383f,-0.7652f,0.0834f,1.2505f,-0.551f,0.5298f,0.6448f,0.387f,-0.5376f,0.3656f,-0.7598f,-2.2956f,0f,0f,0f,1f],start_interpolation: 0,interpolation_duration: 1}
$data merge entity $(lefthand1) {transformation: [-0.6383f,-0.7652f,0.0834f,1.276f,-0.551f,0.5298f,0.6448f,0.6887f,-0.5376f,0.3656f,-0.7598f,-1.9957f,0f,0f,0f,1f],start_interpolation: 0,interpolation_duration: 1}
$data merge entity $(leftforearm) {transformation: [-0.6564f,-0.7407f,0.1431f,0.7119f,-0.6042f,0.6298f,0.4882f,1.0861f,-0.4517f,0.234f,-0.8609f,-1.8459f,0f,0f,0f,1f],start_interpolation: 0,interpolation_duration: 1}
$data merge entity $(leftelbow) {transformation: [-0.6564f,-0.7407f,0.1431f,0.573f,-0.6042f,0.6298f,0.4882f,1.2042f,-0.4517f,0.234f,-0.8609f,-1.802f,0f,0f,0f,1f],start_interpolation: 0,interpolation_duration: 1}
$data merge entity $(leftarm) {transformation: [-0.1943f,-0.3968f,-0.8971f,0.3602f,-0.4844f,0.8341f,-0.264f,1.5235f,0.853f,0.3832f,-0.3543f,-1.4127f,0f,0f,0f,1f],start_interpolation: 0,interpolation_duration: 1}
$data merge entity $(rightthumb2) {transformation: [0.1153f,0.158f,-0.9807f,-0.4202f,0.2325f,0.9556f,0.1812f,0.1743f,0.9657f,-0.2489f,0.0734f,0.1513f,0f,0f,0f,1f],start_interpolation: 0,interpolation_duration: 1}
$data merge entity $(rightthumb) {transformation: [0.1153f,0.158f,-0.9807f,-0.4652f,0.2325f,0.9556f,0.1812f,0.4241f,0.9657f,-0.2489f,0.0734f,0.0965f,0f,0f,0f,1f],start_interpolation: 0,interpolation_duration: 1}
$data merge entity $(rightpointerfinger) {transformation: [0.1153f,0.158f,-0.9807f,-0.5504f,0.2325f,0.9556f,0.1812f,0.1445f,0.9657f,-0.2489f,0.0734f,0.2873f,0f,0f,0f,1f],start_interpolation: 0,interpolation_duration: 1}
$data merge entity $(rightmidfinger) {transformation: [0.1153f,0.158f,-0.9807f,-0.7037f,0.2325f,0.9556f,0.1812f,0.1728f,0.9657f,-0.2489f,0.0734f,0.2987f,0f,0f,0f,1f],start_interpolation: 0,interpolation_duration: 1}
$data merge entity $(rightringfinger) {transformation: [0.1153f,0.158f,-0.9807f,-0.8569f,0.2325f,0.9556f,0.1812f,0.2011f,0.9657f,-0.2489f,0.0734f,0.3102f,0f,0f,0f,1f],start_interpolation: 0,interpolation_duration: 1}
$data merge entity $(hugeasssword) {transformation: [0.4515f,0.6187f,-3.841f,-0.6869f,0.9105f,3.7426f,0.7099f,0.3023f,3.7825f,-0.9747f,0.2876f,-0.0095f,0f,0f,0f,1f],start_interpolation: 0,interpolation_duration: 1}
$data merge entity $(whey) {transformation: [0.1153f,0.9916f,-0.058f,-0.5836f,0.2325f,0.0299f,0.9721f,0.1473f,0.9657f,-0.1255f,-0.2271f,-0.1625f,0f,0f,0f,1f],start_interpolation: 0,interpolation_duration: 1}
$data merge entity $(ice) {transformation: [0.1153f,0.158f,-0.9807f,-0.6911f,0.2325f,0.9556f,0.1812f,0.2838f,0.9657f,-0.2489f,0.0734f,-0.0207f,0f,0f,0f,1f],start_interpolation: 0,interpolation_duration: 1}
$data merge entity $(righthand1) {transformation: [0.1153f,0.158f,-0.9807f,-0.6535f,0.2325f,0.9556f,0.1812f,0.5864f,0.9657f,-0.2489f,0.0734f,0.1608f,0f,0f,0f,1f],start_interpolation: 0,interpolation_duration: 1}
$data merge entity $(rightforearm) {transformation: [0.1153f,0.158f,-0.9807f,-0.5343f,0.2325f,0.9556f,0.1812f,1.241f,0.9657f,-0.2489f,0.0734f,-0.0757f,0f,0f,0f,1f],start_interpolation: 0,interpolation_duration: 1}
$data merge entity $(rightelbow) {transformation: [0.1153f,0.158f,-0.9807f,-0.5047f,0.2325f,0.9556f,0.1812f,1.4201f,0.9657f,-0.2489f,0.0734f,-0.1223f,0f,0f,0f,1f],start_interpolation: 0,interpolation_duration: 1}
$data merge entity $(rightarm) {transformation: [-0.9255f,0.2065f,-0.3175f,-0.1891f,0.1139f,0.9513f,0.2866f,1.8619f,0.3612f,0.2291f,-0.9039f,-0.0585f,0f,0f,0f,1f],start_interpolation: 0,interpolation_duration: 1}
$data merge entity $(chest1) {transformation: [-0.3967f,0.2757f,-0.9697f,-0.0546f,0.2444f,1.0373f,0.1949f,1.5596f,0.978f,-0.1473f,-0.442f,-0.7566f,0f,0f,0f,1f],start_interpolation: 0,interpolation_duration: 1}
$data merge entity $(chest1lid) {transformation: [-0.3662f,0.2545f,-0.8951f,-0.0033f,0.2256f,0.9575f,0.18f,0.9118f,0.9028f,-0.136f,-0.408f,-0.1958f,0f,0f,0f,1f],start_interpolation: 0,interpolation_duration: 1}
$data merge entity $(chest2) {transformation: [-0.3662f,0.2545f,-0.8951f,-0.0431f,0.2256f,0.9575f,0.18f,0.7622f,0.9028f,-0.136f,-0.408f,-0.1745f,0f,0f,0f,1f],start_interpolation: 0,interpolation_duration: 1}
$data merge entity $(chest1lid3) {transformation: [-0.3662f,0.2545f,-0.8951f,-0.5538f,0.2256f,0.9575f,0.18f,1.013f,0.9028f,-0.136f,-0.408f,-0.5136f,0f,0f,0f,1f],start_interpolation: 0,interpolation_duration: 1}
$data merge entity $(chest3) {transformation: [-0.3662f,0.2545f,-0.8951f,-0.5936f,0.2256f,0.9575f,0.18f,0.8634f,0.9028f,-0.136f,-0.408f,-0.4923f,0f,0f,0f,1f],start_interpolation: 0,interpolation_duration: 1}
$data merge entity $(hugeasssword2) {transformation: [3.5057f,1.7308f,-0.234f,-0.4476f,-0.7048f,1.8822f,3.3617f,2.9961f,1.598f,-2.9668f,1.9961f,0.0898f,0f,0f,0f,1f],start_interpolation: 0,interpolation_duration: 1}
$data merge entity $(belt) {transformation: [-0.3662f,0.2545f,-0.8951f,-0.0271f,0.2256f,0.9575f,0.18f,1.1474f,0.9028f,-0.136f,-0.408f,-0.678f,0f,0f,0f,1f],start_interpolation: 0,interpolation_duration: 1}
$data merge entity $(torn_part) {transformation: [-0.7155f,0.2137f,-0.6651f,-0.1624f,-0.0869f,0.9174f,0.3883f,0.8758f,0.6931f,0.3357f,-0.6379f,-0.5632f,0f,0f,0f,1f],start_interpolation: 0,interpolation_duration: 1}
$data merge entity $(lowerbody) {transformation: [-0.7155f,0.0038f,-0.6986f,0.0039f,-0.0869f,0.9917f,0.0944f,0.3867f,0.6931f,0.1283f,-0.7093f,-0.5937f,0f,0f,0f,1f],start_interpolation: 0,interpolation_duration: 1}
data modify entity @s data merge value {"cameras":{},"locators":{"soup":{"px":1.450014740626927,"py":0.4222427849057412,"pz":-2.182108165370985,"ry":131.87987954972544,"rx":34.79018643919118},"lefthand":{"px":1.4286482879154676,"py":0.43883594024189404,"pz":-2.2115033046939327,"ry":6.264149384674226,"rx":40.14849825616863},"sword":{"px":2.948826729706343,"py":-0.38054668318442914,"pz":-0.19815238692732634,"ry":265.7182366816798,"rx":10.442154167063919},"righthand":{"px":-0.6674807866750034,"py":0.2877859146332485,"pz":0.0726016262618569,"ry":265.7182366816798,"rx":10.442154167063919},"chest":{"px":0.10921392851349221,"py":0.8308629493943152,"pz":-0.09533512948645745,"ry":294.504953631806,"rx":10.366949902926967}}}