# This file was generated by Animated Java via MC-Build. It is not recommended to edit this file directly.
$data merge entity $(nose) {transformation: [0.6637f,0.2232f,-0.7139f,0.3531f,0.0538f,0.9377f,0.3433f,2.222f,0.746f,-0.2662f,0.6104f,-0.9675f,0f,0f,0f,1f],start_interpolation: 0,interpolation_duration: 1}
$data merge entity $(glowing_eye) {transformation: [0.6637f,0.2232f,-0.7139f,0.4761f,0.0538f,0.9377f,0.3433f,2.2803f,0.746f,-0.2662f,0.6104f,-0.9136f,0f,0f,0f,1f],start_interpolation: 0,interpolation_duration: 1}
$data merge entity $(head) {transformation: [0.6637f,0.2232f,-0.7139f,0.1919f,0.0538f,0.9377f,0.3433f,2.1705f,0.746f,-0.2662f,0.6104f,-0.8203f,0f,0f,0f,1f],start_interpolation: 0,interpolation_duration: 1}
$data merge entity $(leftthumb2) {transformation: [0.013f,-0.5751f,0.818f,1.348f,-0.4239f,0.7378f,0.5254f,0.211f,-0.9056f,-0.3536f,-0.2342f,-1.7843f,0f,0f,0f,1f],start_interpolation: 0,interpolation_duration: 1}
$data merge entity $(leftthumb) {transformation: [0.013f,-0.5751f,0.818f,1.2768f,-0.4239f,0.7378f,0.5254f,0.4368f,-0.9056f,-0.3536f,-0.2342f,-1.8911f,0f,0f,0f,1f],start_interpolation: 0,interpolation_duration: 1}
$data merge entity $(leftpointerfinger) {transformation: [-0.6416f,-0.7559f,0.1298f,1.6011f,-0.5598f,0.5772f,0.5946f,0.3365f,-0.5244f,0.3089f,-0.7935f,-1.9723f,0f,0f,0f,1f],start_interpolation: 0,interpolation_duration: 1}
$data merge entity $(leftmidfinger) {transformation: [-0.6416f,-0.7559f,0.1298f,1.6214f,-0.5598f,0.5772f,0.5946f,0.4294f,-0.5244f,0.3089f,-0.7935f,-2.0962f,0f,0f,0f,1f],start_interpolation: 0,interpolation_duration: 1}
$data merge entity $(leftringfinger) {transformation: [-0.6416f,-0.7559f,0.1298f,1.6417f,-0.5598f,0.5772f,0.5946f,0.5223f,-0.5244f,0.3089f,-0.7935f,-2.2202f,0f,0f,0f,1f],start_interpolation: 0,interpolation_duration: 1}
$data merge entity $(invisibility) {transformation: [-0.7418f,-0.1952f,0.6416f,1.3941f,0.6268f,-0.542f,0.5598f,0.2761f,0.2385f,0.8174f,0.5244f,-2.012f,0f,0f,0f,1f],start_interpolation: 0,interpolation_duration: 1}
$data merge entity $(swiftness) {transformation: [0.1298f,-0.7559f,0.6416f,1.4874f,0.5946f,0.5772f,0.5598f,0.2803f,-0.7935f,0.3089f,0.5244f,-2.2299f,0f,0f,0f,1f],start_interpolation: 0,interpolation_duration: 1}
$data merge entity $(suspicious_stew) {transformation: [0f,0f,0f,1.4418f,0f,0f,0f,0.392f,0f,0f,0f,-2.1537f,0f,0f,0f,1f],start_interpolation: 0,interpolation_duration: 1}
$data merge entity $(log) {transformation: [-0.6416f,-0.7559f,0.1298f,1.3053f,-0.5598f,0.5772f,0.5946f,0.4081f,-0.5244f,0.3089f,-0.7935f,-2.223f,0f,0f,0f,1f],start_interpolation: 0,interpolation_duration: 1}
$data merge entity $(planks) {transformation: [-0.6416f,-0.7559f,0.1298f,1.2451f,-0.5598f,0.5772f,0.5946f,0.3556f,-0.5244f,0.3089f,-0.7935f,-2.2722f,0f,0f,0f,1f],start_interpolation: 0,interpolation_duration: 1}
$data merge entity $(lefthand1) {transformation: [-0.6416f,-0.7559f,0.1298f,1.2727f,-0.5598f,0.5772f,0.5946f,0.6737f,-0.5244f,0.3089f,-0.7935f,-1.9899f,0f,0f,0f,1f],start_interpolation: 0,interpolation_duration: 1}
$data merge entity $(leftforearm) {transformation: [-0.6583f,-0.7388f,0.1441f,0.7098f,-0.6078f,0.6346f,0.4773f,1.0745f,-0.4441f,0.2266f,-0.8669f,-1.8448f,0f,0f,0f,1f],start_interpolation: 0,interpolation_duration: 1}
$data merge entity $(leftelbow) {transformation: [-0.6583f,-0.7388f,0.1441f,0.5713f,-0.6078f,0.6346f,0.4773f,1.1935f,-0.4441f,0.2266f,-0.8669f,-1.8023f,0f,0f,0f,1f],start_interpolation: 0,interpolation_duration: 1}
$data merge entity $(leftarm) {transformation: [-0.1957f,-0.3938f,-0.8981f,0.3596f,-0.475f,0.8393f,-0.2645f,1.5175f,0.858f,0.3749f,-0.3513f,-1.4162f,0f,0f,0f,1f],start_interpolation: 0,interpolation_duration: 1}
$data merge entity $(rightthumb2) {transformation: [0.1138f,0.1525f,-0.9817f,-0.4037f,0.2298f,0.9573f,0.1754f,0.1748f,0.9666f,-0.2456f,0.0739f,0.1448f,0f,0f,0f,1f],start_interpolation: 0,interpolation_duration: 1}
$data merge entity $(rightthumb) {transformation: [0.1138f,0.1525f,-0.9817f,-0.4502f,0.2298f,0.9573f,0.1754f,0.4245f,0.9666f,-0.2456f,0.0739f,0.0908f,0f,0f,0f,1f],start_interpolation: 0,interpolation_duration: 1}
$data merge entity $(rightpointerfinger) {transformation: [0.1138f,0.1525f,-0.9817f,-0.5338f,0.2298f,0.9573f,0.1754f,0.1438f,0.9666f,-0.2456f,0.0739f,0.2806f,0f,0f,0f,1f],start_interpolation: 0,interpolation_duration: 1}
$data merge entity $(rightmidfinger) {transformation: [0.1138f,0.1525f,-0.9817f,-0.6872f,0.2298f,0.9573f,0.1754f,0.1712f,0.9666f,-0.2456f,0.0739f,0.2921f,0f,0f,0f,1f],start_interpolation: 0,interpolation_duration: 1}
$data merge entity $(rightringfinger) {transformation: [0.1138f,0.1525f,-0.9817f,-0.8406f,0.2298f,0.9573f,0.1754f,0.1986f,0.9666f,-0.2456f,0.0739f,0.3037f,0f,0f,0f,1f],start_interpolation: 0,interpolation_duration: 1}
$data merge entity $(hugeasssword) {transformation: [0.4457f,0.5975f,-3.8451f,-0.6711f,0.9001f,3.7494f,0.6869f,0.3018f,3.7857f,-0.9618f,0.2893f,-0.0156f,0f,0f,0f,1f],start_interpolation: 0,interpolation_duration: 1}
$data merge entity $(whey) {transformation: [0.1138f,0.9915f,-0.0636f,-0.5669f,0.2298f,0.036f,0.9726f,0.1479f,0.9666f,-0.1253f,-0.2238f,-0.1691f,0f,0f,0f,1f],start_interpolation: 0,interpolation_duration: 1}
$data merge entity $(ice) {transformation: [0.1138f,0.1525f,-0.9817f,-0.6753f,0.2298f,0.9573f,0.1754f,0.2833f,0.9666f,-0.2456f,0.0739f,-0.0269f,0f,0f,0f,1f],start_interpolation: 0,interpolation_duration: 1}
$data merge entity $(righthand1) {transformation: [0.1138f,0.1525f,-0.9817f,-0.6394f,0.2298f,0.9573f,0.1754f,0.5855f,0.9666f,-0.2456f,0.0739f,0.1557f,0f,0f,0f,1f],start_interpolation: 0,interpolation_duration: 1}
$data merge entity $(rightforearm) {transformation: [0.1138f,0.1525f,-0.9817f,-0.5239f,0.2298f,0.9573f,0.1754f,1.2415f,0.9666f,-0.2456f,0.0739f,-0.0786f,0f,0f,0f,1f],start_interpolation: 0,interpolation_duration: 1}
$data merge entity $(rightelbow) {transformation: [0.1138f,0.1525f,-0.9817f,-0.4953f,0.2298f,0.9573f,0.1754f,1.421f,0.9666f,-0.2456f,0.0739f,-0.1246f,0f,0f,0f,1f],start_interpolation: 0,interpolation_duration: 1}
$data merge entity $(rightarm) {transformation: [-0.926f,0.2009f,-0.3197f,-0.1823f,0.1086f,0.9526f,0.2841f,1.8647f,0.3616f,0.2283f,-0.9039f,-0.0613f,0f,0f,0f,1f],start_interpolation: 0,interpolation_duration: 1}
$data merge entity $(chest1) {transformation: [-0.3914f,0.2808f,-0.9704f,-0.0523f,0.2508f,1.0351f,0.1984f,1.5587f,0.9785f,-0.153f,-0.4389f,-0.7586f,0f,0f,0f,1f],start_interpolation: 0,interpolation_duration: 1}
$data merge entity $(chest1lid) {transformation: [-0.3613f,0.2592f,-0.8957f,-0.0023f,0.2315f,0.9555f,0.1831f,0.913f,0.9033f,-0.1412f,-0.4052f,-0.1952f,0f,0f,0f,1f],start_interpolation: 0,interpolation_duration: 1}
$data merge entity $(chest2) {transformation: [-0.3613f,0.2592f,-0.8957f,-0.0428f,0.2315f,0.9555f,0.1831f,0.7637f,0.9033f,-0.1412f,-0.4052f,-0.1731f,0f,0f,0f,1f],start_interpolation: 0,interpolation_duration: 1}
$data merge entity $(chest1lid3) {transformation: [-0.3613f,0.2592f,-0.8957f,-0.5535f,0.2315f,0.9555f,0.1831f,1.0159f,0.9033f,-0.1412f,-0.4052f,-0.5112f,0f,0f,0f,1f],start_interpolation: 0,interpolation_duration: 1}
$data merge entity $(chest3) {transformation: [-0.3613f,0.2592f,-0.8957f,-0.594f,0.2315f,0.9555f,0.1831f,0.8666f,0.9033f,-0.1412f,-0.4052f,-0.4891f,0f,0f,0f,1f],start_interpolation: 0,interpolation_duration: 1}
$data merge entity $(hugeasssword2) {transformation: [3.5082f,1.7291f,-0.2076f,-0.434f,-0.7171f,1.8598f,3.3715f,3.001f,1.587f,-2.9819f,1.9824f,0.0831f,0f,0f,0f,1f],start_interpolation: 0,interpolation_duration: 1}
$data merge entity $(belt) {transformation: [-0.3613f,0.2592f,-0.8957f,-0.0267f,0.2315f,0.9555f,0.1831f,1.1467f,0.9033f,-0.1412f,-0.4052f,-0.6783f,0f,0f,0f,1f],start_interpolation: 0,interpolation_duration: 1}
$data merge entity $(torn_part) {transformation: [-0.713f,0.215f,-0.6674f,-0.1622f,-0.087f,0.9174f,0.3884f,0.8758f,0.6958f,0.335f,-0.6353f,-0.5624f,0f,0f,0f,1f],start_interpolation: 0,interpolation_duration: 1}
$data merge entity $(lowerbody) {transformation: [-0.713f,0.0043f,-0.7012f,0.0039f,-0.087f,0.9917f,0.0946f,0.3867f,0.6958f,0.1285f,-0.7067f,-0.5937f,0f,0f,0f,1f],start_interpolation: 0,interpolation_duration: 1}
data modify entity @s data merge value {"cameras":{},"locators":{"soup":{"px":1.4418243401810202,"py":0.39198086302945195,"pz":-2.153659927662252,"ry":130.97655223360712,"rx":35.58007185021023},"lefthand":{"px":1.4224888831270341,"py":0.40616144181367897,"pz":-2.1855810139414777,"ry":9.288483725060615,"rx":36.48125605870286},"sword":{"px":2.968456757441621,"py":-0.359614869657868,"pz":-0.2060126534279768,"ry":265.69660113419854,"rx":10.101277412047834},"righthand":{"px":-0.6516492214975317,"py":0.28713087158845196,"pz":0.06640044726423666,"ry":265.69660113419854,"rx":10.101277412047834},"chest":{"px":0.11018277894045389,"py":0.8319424710627693,"pz":-0.09481412428574063,"ry":294.34006808698194,"rx":10.549959530559624}}}