# This file was generated by Animated Java via MC-Build. It is not recommended to edit this file directly.
$data merge entity $(nose) {transformation: [0.641f,0.2788f,-0.7151f,0.3783f,0.06f,0.9106f,0.4088f,2.1983f,0.7652f,-0.305f,0.567f,-0.9806f,0f,0f,0f,1f],start_interpolation: 0,interpolation_duration: 1}
$data merge entity $(glowing_eye) {transformation: [0.641f,0.2788f,-0.7151f,0.5022f,0.06f,0.9106f,0.4088f,2.2532f,0.7652f,-0.305f,0.567f,-0.9254f,0f,0f,0f,1f],start_interpolation: 0,interpolation_duration: 1}
$data merge entity $(head) {transformation: [0.641f,0.2788f,-0.7151f,0.2099f,0.06f,0.9106f,0.4088f,2.1624f,0.7652f,-0.305f,0.567f,-0.8368f,0f,0f,0f,1f],start_interpolation: 0,interpolation_duration: 1}
$data merge entity $(leftthumb2) {transformation: [0.0982f,-0.5081f,0.8557f,1.3366f,-0.4802f,0.7289f,0.4879f,0.2148f,-0.8717f,-0.4588f,-0.1724f,-1.7347f,0f,0f,0f,1f],start_interpolation: 0,interpolation_duration: 1}
$data merge entity $(leftthumb) {transformation: [0.0982f,-0.5081f,0.8557f,1.2851f,-0.4802f,0.7289f,0.4879f,0.4352f,-0.8717f,-0.4588f,-0.1724f,-1.862f,0f,0f,0f,1f],start_interpolation: 0,interpolation_duration: 1}
$data merge entity $(leftpointerfinger) {transformation: [-0.6429f,-0.752f,0.1456f,1.609f,-0.6107f,0.6179f,0.4952f,0.3225f,-0.4624f,0.2294f,-0.8565f,-1.9268f,0f,0f,0f,1f],start_interpolation: 0,interpolation_duration: 1}
$data merge entity $(leftmidfinger) {transformation: [-0.6429f,-0.752f,0.1456f,1.6318f,-0.6107f,0.6179f,0.4952f,0.3998f,-0.4624f,0.2294f,-0.8565f,-2.0607f,0f,0f,0f,1f],start_interpolation: 0,interpolation_duration: 1}
$data merge entity $(leftringfinger) {transformation: [-0.6429f,-0.752f,0.1456f,1.6545f,-0.6107f,0.6179f,0.4952f,0.4772f,-0.4624f,0.2294f,-0.8565f,-2.1945f,0f,0f,0f,1f],start_interpolation: 0,interpolation_duration: 1}
$data merge entity $(invisibility) {transformation: [-0.7365f,-0.2106f,0.6429f,1.4017f,0.6588f,-0.4394f,0.6107f,0.2601f,0.1539f,0.8732f,0.4624f,-1.9617f,0f,0f,0f,1f],start_interpolation: 0,interpolation_duration: 1}
$data merge entity $(swiftness) {transformation: [0.1456f,-0.752f,0.6429f,1.4974f,0.4952f,0.6179f,0.6107f,0.2374f,-0.8565f,0.2294f,0.4624f,-2.1774f,0f,0f,0f,1f],start_interpolation: 0,interpolation_duration: 1}
$data merge entity $(suspicious_stew) {transformation: [0f,0f,0f,1.4516f,0f,0f,0f,0.36f,0f,0f,0f,-2.1143f,0f,0f,0f,1f],start_interpolation: 0,interpolation_duration: 1}
$data merge entity $(log) {transformation: [-0.6429f,-0.752f,0.1456f,1.3168f,-0.6107f,0.6179f,0.4952f,0.3672f,-0.4624f,0.2294f,-0.8565f,-2.1878f,0f,0f,0f,1f],start_interpolation: 0,interpolation_duration: 1}
$data merge entity $(planks) {transformation: [-0.6429f,-0.752f,0.1456f,1.2565f,-0.6107f,0.6179f,0.4952f,0.3099f,-0.4624f,0.2294f,-0.8565f,-2.2312f,0f,0f,0f,1f],start_interpolation: 0,interpolation_duration: 1}
$data merge entity $(lefthand1) {transformation: [-0.6429f,-0.752f,0.1456f,1.285f,-0.6107f,0.6179f,0.4952f,0.6588f,-0.4624f,0.2294f,-0.8565f,-1.9881f,0f,0f,0f,1f],start_interpolation: 0,interpolation_duration: 1}
$data merge entity $(leftforearm) {transformation: [-0.6472f,-0.7507f,0.1329f,0.7146f,-0.6252f,0.6223f,0.471f,1.05f,-0.4363f,0.2218f,-0.872f,-1.8458f,0f,0f,0f,1f],start_interpolation: 0,interpolation_duration: 1}
$data merge entity $(leftelbow) {transformation: [-0.6472f,-0.7507f,0.1329f,0.5739f,-0.6252f,0.6223f,0.471f,1.1667f,-0.4363f,0.2218f,-0.872f,-1.8042f,0f,0f,0f,1f],start_interpolation: 0,interpolation_duration: 1}
$data merge entity $(leftarm) {transformation: [-0.199f,-0.3912f,-0.8985f,0.3628f,-0.458f,0.8477f,-0.2676f,1.4987f,0.8664f,0.3583f,-0.3479f,-1.4247f,0f,0f,0f,1f],start_interpolation: 0,interpolation_duration: 1}
$data merge entity $(rightthumb2) {transformation: [0.1106f,0.1482f,-0.9828f,-0.3776f,0.229f,0.9584f,0.1703f,0.1813f,0.9671f,-0.2439f,0.072f,0.1358f,0f,0f,0f,1f],start_interpolation: 0,interpolation_duration: 1}
$data merge entity $(rightthumb) {transformation: [0.1106f,0.1482f,-0.9828f,-0.4252f,0.229f,0.9584f,0.1703f,0.4309f,0.9671f,-0.2439f,0.072f,0.0822f,0f,0f,0f,1f],start_interpolation: 0,interpolation_duration: 1}
$data merge entity $(rightpointerfinger) {transformation: [0.1106f,0.1482f,-0.9828f,-0.5078f,0.229f,0.9584f,0.1703f,0.1494f,0.9671f,-0.2439f,0.072f,0.2713f,0f,0f,0f,1f],start_interpolation: 0,interpolation_duration: 1}
$data merge entity $(rightmidfinger) {transformation: [0.1106f,0.1482f,-0.9828f,-0.6614f,0.229f,0.9584f,0.1703f,0.176f,0.9671f,-0.2439f,0.072f,0.2826f,0f,0f,0f,1f],start_interpolation: 0,interpolation_duration: 1}
$data merge entity $(rightringfinger) {transformation: [0.1106f,0.1482f,-0.9828f,-0.8149f,0.229f,0.9584f,0.1703f,0.2026f,0.9671f,-0.2439f,0.072f,0.2939f,0f,0f,0f,1f],start_interpolation: 0,interpolation_duration: 1}
$data merge entity $(hugeasssword) {transformation: [0.4331f,0.5805f,-3.8491f,-0.6453f,0.8968f,3.7538f,0.667f,0.3072f,3.7879f,-0.9551f,0.2822f,-0.025f,0f,0f,0f,1f],start_interpolation: 0,interpolation_duration: 1}
$data merge entity $(whey) {transformation: [0.1106f,0.9915f,-0.068f,-0.54f,0.229f,0.0412f,0.9726f,0.1541f,0.9671f,-0.1231f,-0.2225f,-0.1784f,0f,0f,0f,1f],start_interpolation: 0,interpolation_duration: 1}
$data merge entity $(ice) {transformation: [0.1106f,0.1482f,-0.9828f,-0.6493f,0.229f,0.9584f,0.1703f,0.2887f,0.9671f,-0.2439f,0.072f,-0.0363f,0f,0f,0f,1f],start_interpolation: 0,interpolation_duration: 1}
$data merge entity $(righthand1) {transformation: [0.1106f,0.1482f,-0.9828f,-0.6153f,0.229f,0.9584f,0.1703f,0.5908f,0.9671f,-0.2439f,0.072f,0.1468f,0f,0f,0f,1f],start_interpolation: 0,interpolation_duration: 1}
$data merge entity $(rightforearm) {transformation: [0.1106f,0.1482f,-0.9828f,-0.5027f,0.229f,0.9584f,0.1703f,1.2477f,0.9671f,-0.2439f,0.072f,-0.0862f,0f,0f,0f,1f],start_interpolation: 0,interpolation_duration: 1}
$data merge entity $(rightelbow) {transformation: [0.1106f,0.1482f,-0.9828f,-0.4749f,0.229f,0.9584f,0.1703f,1.4274f,0.9671f,-0.2439f,0.072f,-0.1319f,0f,0f,0f,1f],start_interpolation: 0,interpolation_duration: 1}
$data merge entity $(rightarm) {transformation: [-0.9269f,0.1953f,-0.3206f,-0.1645f,0.1057f,0.9553f,0.2763f,1.8733f,0.3602f,0.2222f,-0.906f,-0.0713f,0f,0f,0f,1f],start_interpolation: 0,interpolation_duration: 1}
$data merge entity $(chest1) {transformation: [-0.3808f,0.2973f,-0.9697f,-0.0442f,0.2706f,1.028f,0.2089f,1.5557f,0.9774f,-0.1687f,-0.4356f,-0.7652f,0f,0f,0f,1f],start_interpolation: 0,interpolation_duration: 1}
$data merge entity $(chest1lid) {transformation: [-0.3515f,0.2744f,-0.8951f,-0.0015f,0.2497f,0.9489f,0.1928f,0.917f,0.9023f,-0.1558f,-0.4021f,-0.1934f,0f,0f,0f,1f],start_interpolation: 0,interpolation_duration: 1}
$data merge entity $(chest2) {transformation: [-0.3515f,0.2744f,-0.8951f,-0.0443f,0.2497f,0.9489f,0.1928f,0.7687f,0.9023f,-0.1558f,-0.4021f,-0.169f,0f,0f,0f,1f],start_interpolation: 0,interpolation_duration: 1}
$data merge entity $(chest1lid3) {transformation: [-0.3515f,0.2744f,-0.8951f,-0.5529f,0.2497f,0.9489f,0.1928f,1.0249f,0.9023f,-0.1558f,-0.4021f,-0.5074f,0f,0f,0f,1f],start_interpolation: 0,interpolation_duration: 1}
$data merge entity $(chest3) {transformation: [-0.3515f,0.2744f,-0.8951f,-0.5958f,0.2497f,0.9489f,0.1928f,0.8766f,0.9023f,-0.1558f,-0.4021f,-0.483f,0f,0f,0f,1f],start_interpolation: 0,interpolation_duration: 1}
$data merge entity $(hugeasssword2) {transformation: [3.5057f,1.7411f,-0.1378f,-0.396f,-0.7552f,1.7897f,3.401f,3.0155f,1.5749f,-3.0176f,1.9376f,0.0591f,0f,0f,0f,1f],start_interpolation: 0,interpolation_duration: 1}
$data merge entity $(belt) {transformation: [-0.3515f,0.2744f,-0.8951f,-0.025f,0.2497f,0.9489f,0.1928f,1.1445f,0.9023f,-0.1558f,-0.4021f,-0.6794f,0f,0f,0f,1f],start_interpolation: 0,interpolation_duration: 1}
$data merge entity $(torn_part) {transformation: [-0.7093f,0.217f,-0.6707f,-0.1619f,-0.0872f,0.9171f,0.389f,0.8758f,0.6995f,0.3344f,-0.6316f,-0.5613f,0f,0f,0f,1f],start_interpolation: 0,interpolation_duration: 1}
$data merge entity $(lowerbody) {transformation: [-0.7093f,0.0053f,-0.7049f,0.0039f,-0.0872f,0.9916f,0.0952f,0.3867f,0.6995f,0.129f,-0.7029f,-0.5937f,0f,0f,0f,1f],start_interpolation: 0,interpolation_duration: 1}
data modify entity @s data merge value {"cameras":{},"locators":{"soup":{"px":1.4516113604051188,"py":0.36002581052411803,"pz":-2.1143049117869923,"ry":127.37040216178157,"rx":39.45169170681469},"lefthand":{"px":1.4335486758933356,"py":0.36839912445283574,"pz":-2.149022250356951,"ry":9.648928908294323,"rx":29.680840109844322},"sword":{"px":2.998001264278505,"py":-0.3354912371765561,"pz":-0.20854491259165098,"ry":265.8075462408112,"rx":9.80517612468813},"righthand":{"px":-0.6259104537886,"py":0.2924845576579448,"pz":0.05709866583232681,"ry":265.8075462408112,"rx":9.80517612468813},"chest":{"px":0.11026393895460392,"py":0.8353500421849437,"pz":-0.09261458388814606,"ry":294.19128145665695,"rx":11.117013335311096}}}