# This file was generated by Animated Java via MC-Build. It is not recommended to edit this file directly.
$data merge entity $(nose) {transformation: [0.6269f,0.3092f,-0.7151f,0.3932f,0.0639f,0.8944f,0.4428f,2.1848f,0.7764f,-0.3233f,0.5409f,-0.9876f,0f,0f,0f,1f],start_interpolation: 0,interpolation_duration: 1}
$data merge entity $(glowing_eye) {transformation: [0.6269f,0.3092f,-0.7151f,0.5175f,0.0639f,0.8944f,0.4428f,2.2379f,0.7764f,-0.3233f,0.5409f,-0.9313f,0f,0f,0f,1f],start_interpolation: 0,interpolation_duration: 1}
$data merge entity $(head) {transformation: [0.6269f,0.3092f,-0.7151f,0.2211f,0.0639f,0.8944f,0.4428f,2.1573f,0.7764f,-0.3233f,0.5409f,-0.8464f,0f,0f,0f,1f],start_interpolation: 0,interpolation_duration: 1}
$data merge entity $(leftthumb2) {transformation: [0.1113f,-0.5383f,0.8354f,1.3774f,-0.517f,0.6866f,0.5112f,0.2363f,-0.8487f,-0.4888f,-0.2018f,-1.7082f,0f,0f,0f,1f],start_interpolation: 0,interpolation_duration: 1}
$data merge entity $(leftthumb) {transformation: [0.1113f,-0.5383f,0.8354f,1.3168f,-0.517f,0.6866f,0.5112f,0.4484f,-0.8487f,-0.4888f,-0.2018f,-1.8453f,0f,0f,0f,1f],start_interpolation: 0,interpolation_duration: 1}
$data merge entity $(leftpointerfinger) {transformation: [-0.6378f,-0.7662f,0.0791f,1.6417f,-0.6716f,0.6034f,0.4299f,0.344f,-0.3771f,0.2211f,-0.8994f,-1.9188f,0f,0f,0f,1f],start_interpolation: 0,interpolation_duration: 1}
$data merge entity $(leftmidfinger) {transformation: [-0.6378f,-0.7662f,0.0791f,1.654f,-0.6716f,0.6034f,0.4299f,0.4112f,-0.3771f,0.2211f,-0.8994f,-2.0593f,0f,0f,0f,1f],start_interpolation: 0,interpolation_duration: 1}
$data merge entity $(leftringfinger) {transformation: [-0.6378f,-0.7662f,0.0791f,1.6664f,-0.6716f,0.6034f,0.4299f,0.4784f,-0.3771f,0.2211f,-0.8994f,-2.1998f,0f,0f,0f,1f],start_interpolation: 0,interpolation_duration: 1}
$data merge entity $(invisibility) {transformation: [-0.7564f,-0.1456f,0.6378f,1.4358f,0.6386f,-0.3757f,0.6716f,0.2707f,0.1418f,0.9152f,0.3771f,-1.9372f,0f,0f,0f,1f],start_interpolation: 0,interpolation_duration: 1}
$data merge entity $(swiftness) {transformation: [0.0791f,-0.7662f,0.6378f,1.5212f,0.4299f,0.6034f,0.6716f,0.2346f,-0.8994f,0.2211f,0.3771f,-2.1554f,0f,0f,0f,1f],start_interpolation: 0,interpolation_duration: 1}
$data merge entity $(suspicious_stew) {transformation: [0f,0f,0f,1.4731f,0f,0f,0f,0.3605f,0f,0f,0f,-2.0994f,0f,0f,0f,1f],start_interpolation: 0,interpolation_duration: 1}
$data merge entity $(log) {transformation: [-0.6378f,-0.7662f,0.0791f,1.3347f,-0.6716f,0.6034f,0.4299f,0.3556f,-0.3771f,0.2211f,-0.8994f,-2.1661f,0f,0f,0f,1f],start_interpolation: 0,interpolation_duration: 1}
$data merge entity $(planks) {transformation: [-0.6378f,-0.7662f,0.0791f,1.2749f,-0.6716f,0.6034f,0.4299f,0.2926f,-0.3771f,0.2211f,-0.8994f,-2.2014f,0f,0f,0f,1f],start_interpolation: 0,interpolation_duration: 1}
$data merge entity $(lefthand1) {transformation: [-0.6378f,-0.7662f,0.0791f,1.3001f,-0.6716f,0.6034f,0.4299f,0.6609f,-0.3771f,0.2211f,-0.8994f,-1.9884f,0f,0f,0f,1f],start_interpolation: 0,interpolation_duration: 1}
$data merge entity $(leftforearm) {transformation: [-0.6312f,-0.7662f,0.1207f,0.7201f,-0.642f,0.6034f,0.4729f,1.0377f,-0.4352f,0.221f,-0.8728f,-1.8466f,0f,0f,0f,1f],start_interpolation: 0,interpolation_duration: 1}
$data merge entity $(leftelbow) {transformation: [-0.6312f,-0.7662f,0.1207f,0.5764f,-0.642f,0.6034f,0.4729f,1.1508f,-0.4352f,0.221f,-0.8728f,-1.8051f,0f,0f,0f,1f],start_interpolation: 0,interpolation_duration: 1}
$data merge entity $(leftarm) {transformation: [-0.2018f,-0.3889f,-0.8989f,0.3659f,-0.4488f,0.8524f,-0.2681f,1.4873f,0.8705f,0.3494f,-0.3466f,-1.4292f,0f,0f,0f,1f],start_interpolation: 0,interpolation_duration: 1}
$data merge entity $(rightthumb2) {transformation: [0.1088f,0.1487f,-0.9829f,-0.3679f,0.2303f,0.9581f,0.1704f,0.1862f,0.967f,-0.2449f,0.0701f,0.1331f,0f,0f,0f,1f],start_interpolation: 0,interpolation_duration: 1}
$data merge entity $(rightthumb) {transformation: [0.1088f,0.1487f,-0.9829f,-0.4155f,0.2303f,0.9581f,0.1704f,0.4357f,0.967f,-0.2449f,0.0701f,0.079f,0f,0f,0f,1f],start_interpolation: 0,interpolation_duration: 1}
$data merge entity $(rightpointerfinger) {transformation: [0.1088f,0.1487f,-0.9829f,-0.4984f,0.2303f,0.9581f,0.1704f,0.1545f,0.967f,-0.2449f,0.0701f,0.2684f,0f,0f,0f,1f],start_interpolation: 0,interpolation_duration: 1}
$data merge entity $(rightmidfinger) {transformation: [0.1088f,0.1487f,-0.9829f,-0.652f,0.2303f,0.9581f,0.1704f,0.1812f,0.967f,-0.2449f,0.0701f,0.2794f,0f,0f,0f,1f],start_interpolation: 0,interpolation_duration: 1}
$data merge entity $(rightringfinger) {transformation: [0.1088f,0.1487f,-0.9829f,-0.8056f,0.2303f,0.9581f,0.1704f,0.2078f,0.967f,-0.2449f,0.0701f,0.2903f,0f,0f,0f,1f],start_interpolation: 0,interpolation_duration: 1}
$data merge entity $(hugeasssword) {transformation: [0.4263f,0.5823f,-3.8496f,-0.6353f,0.9019f,3.7525f,0.6675f,0.312f,3.7875f,-0.9591f,0.2744f,-0.0283f,0f,0f,0f,1f],start_interpolation: 0,interpolation_duration: 1}
$data merge entity $(whey) {transformation: [0.1088f,0.9918f,-0.0676f,-0.5298f,0.2303f,0.041f,0.9723f,0.1586f,0.967f,-0.1214f,-0.2239f,-0.1814f,0f,0f,0f,1f],start_interpolation: 0,interpolation_duration: 1}
$data merge entity $(ice) {transformation: [0.1088f,0.1487f,-0.9829f,-0.6394f,0.2303f,0.9581f,0.1704f,0.2934f,0.967f,-0.2449f,0.0701f,-0.0396f,0f,0f,0f,1f],start_interpolation: 0,interpolation_duration: 1}
$data merge entity $(righthand1) {transformation: [0.1088f,0.1487f,-0.9829f,-0.6057f,0.2303f,0.9581f,0.1704f,0.5958f,0.967f,-0.2449f,0.0701f,0.1431f,0f,0f,0f,1f],start_interpolation: 0,interpolation_duration: 1}
$data merge entity $(rightforearm) {transformation: [0.1088f,0.1487f,-0.9829f,-0.4926f,0.2303f,0.9581f,0.1704f,1.2524f,0.967f,-0.2449f,0.0701f,-0.0906f,0f,0f,0f,1f],start_interpolation: 0,interpolation_duration: 1}
$data merge entity $(rightelbow) {transformation: [0.1088f,0.1487f,-0.9829f,-0.4647f,0.2303f,0.9581f,0.1704f,1.4321f,0.967f,-0.2449f,0.0701f,-0.1365f,0f,0f,0f,1f],start_interpolation: 0,interpolation_duration: 1}
$data merge entity $(rightarm) {transformation: [-0.9273f,0.1948f,-0.3196f,-0.1545f,0.1073f,0.9564f,0.2716f,1.8783f,0.3586f,0.2175f,-0.9078f,-0.0778f,0f,0f,0f,1f],start_interpolation: 0,interpolation_duration: 1}
$data merge entity $(chest1) {transformation: [-0.3759f,0.3074f,-0.9684f,-0.039f,0.2824f,1.0235f,0.2152f,1.5538f,0.976f,-0.1778f,-0.4352f,-0.7693f,0f,0f,0f,1f],start_interpolation: 0,interpolation_duration: 1}
$data merge entity $(chest1lid) {transformation: [-0.3469f,0.2837f,-0.8939f,-0.0015f,0.2607f,0.9448f,0.1987f,0.9194f,0.9009f,-0.1641f,-0.4017f,-0.1923f,0f,0f,0f,1f],start_interpolation: 0,interpolation_duration: 1}
$data merge entity $(chest2) {transformation: [-0.3469f,0.2837f,-0.8939f,-0.0459f,0.2607f,0.9448f,0.1987f,0.7718f,0.9009f,-0.1641f,-0.4017f,-0.1667f,0f,0f,0f,1f],start_interpolation: 0,interpolation_duration: 1}
$data merge entity $(chest1lid3) {transformation: [-0.3469f,0.2837f,-0.8939f,-0.5525f,0.2607f,0.9448f,0.1987f,1.0304f,0.9009f,-0.1641f,-0.4017f,-0.506f,0f,0f,0f,1f],start_interpolation: 0,interpolation_duration: 1}
$data merge entity $(chest3) {transformation: [-0.3469f,0.2837f,-0.8939f,-0.5969f,0.2607f,0.9448f,0.1987f,0.8827f,0.9009f,-0.1641f,-0.4017f,-0.4803f,0f,0f,0f,1f],start_interpolation: 0,interpolation_duration: 1}
$data merge entity $(hugeasssword2) {transformation: [3.5013f,1.7526f,-0.0987f,-0.3741f,-0.7781f,1.7471f,3.418f,3.0238f,1.5735f,-3.0359f,1.91f,0.0438f,0f,0f,0f,1f],start_interpolation: 0,interpolation_duration: 1}
$data merge entity $(belt) {transformation: [-0.3469f,0.2837f,-0.8939f,-0.0239f,0.2607f,0.9448f,0.1987f,1.1431f,0.9009f,-0.1641f,-0.4017f,-0.6802f,0f,0f,0f,1f],start_interpolation: 0,interpolation_duration: 1}
$data merge entity $(torn_part) {transformation: [-0.7082f,0.2178f,-0.6716f,-0.1617f,-0.0872f,0.9169f,0.3894f,0.8758f,0.7006f,0.3343f,-0.6303f,-0.5609f,0f,0f,0f,1f],start_interpolation: 0,interpolation_duration: 1}
$data merge entity $(lowerbody) {transformation: [-0.7082f,0.0058f,-0.706f,0.0039f,-0.0872f,0.9916f,0.0956f,0.3867f,0.7006f,0.1293f,-0.7017f,-0.5937f,0f,0f,0f,1f],start_interpolation: 0,interpolation_duration: 1}
data modify entity @s data merge value {"cameras":{},"locators":{"soup":{"px":1.4730597248213346,"py":0.3605473710274757,"pz":-2.099427499808385,"ry":122.24817958165275,"rx":44.104908783825195},"lefthand":{"px":1.4531131872864735,"py":0.3647014017257829,"pz":-2.133942679993038,"ry":5.024562714053417,"rx":25.462151491059785},"sword":{"px":3.008242280982635,"py":-0.3310781541855287,"pz":-0.20451494379486926,"ry":265.92332527877585,"rx":9.812289619415049},"righthand":{"px":-0.6161210343242852,"py":0.2973487657687119,"pz":0.05379962206283846,"ry":265.92332527877585,"rx":9.812289619415049},"chest":{"px":0.10958086356453539,"py":0.8374384146831804,"pz":-0.09113393623522409,"ry":294.19925405185415,"rx":11.45903345272618}}}