# This file was generated by Animated Java via MC-Build. It is not recommended to edit this file directly.
$data merge entity $(nose) {transformation: [0.6194f,0.3247f,-0.7148f,0.4009f,0.066f,0.8857f,0.4596f,2.1779f,0.7823f,-0.3318f,0.5271f,-0.9909f,0f,0f,0f,1f],start_interpolation: 0,interpolation_duration: 1}
$data merge entity $(glowing_eye) {transformation: [0.6194f,0.3247f,-0.7148f,0.5253f,0.066f,0.8857f,0.4596f,2.2301f,0.7823f,-0.3318f,0.5271f,-0.934f,0f,0f,0f,1f],start_interpolation: 0,interpolation_duration: 1}
$data merge entity $(head) {transformation: [0.6194f,0.3247f,-0.7148f,0.227f,0.066f,0.8857f,0.4596f,2.1546f,0.7823f,-0.3318f,0.5271f,-0.8512f,0f,0f,0f,1f],start_interpolation: 0,interpolation_duration: 1}
$data merge entity $(leftthumb2) {transformation: [0.0989f,-0.5813f,0.8077f,1.416f,-0.5446f,0.6477f,0.5328f,0.256f,-0.8328f,-0.4926f,-0.2525f,-1.693f,0f,0f,0f,1f],start_interpolation: 0,interpolation_duration: 1}
$data merge entity $(leftthumb) {transformation: [0.0989f,-0.5813f,0.8077f,1.3424f,-0.5446f,0.6477f,0.5328f,0.4603f,-0.8328f,-0.4926f,-0.2525f,-1.8354f,0f,0f,0f,1f],start_interpolation: 0,interpolation_duration: 1}
$data merge entity $(leftpointerfinger) {transformation: [-0.6313f,-0.7755f,0.0092f,1.6664f,-0.7148f,0.5863f,0.3813f,0.364f,-0.3011f,0.2342f,-0.9244f,-1.9226f,0f,0f,0f,1f],start_interpolation: 0,interpolation_duration: 1}
$data merge entity $(leftmidfinger) {transformation: [-0.6313f,-0.7755f,0.0092f,1.6678f,-0.7148f,0.5863f,0.3813f,0.4236f,-0.3011f,0.2342f,-0.9244f,-2.067f,0f,0f,0f,1f],start_interpolation: 0,interpolation_duration: 1}
$data merge entity $(leftringfinger) {transformation: [-0.6313f,-0.7755f,0.0092f,1.6693f,-0.7148f,0.5863f,0.3813f,0.4832f,-0.3011f,0.2342f,-0.9244f,-2.2115f,0f,0f,0f,1f],start_interpolation: 0,interpolation_duration: 1}
$data merge entity $(invisibility) {transformation: [-0.7718f,-0.0767f,0.6313f,1.4629f,0.6173f,-0.3287f,0.7148f,0.2822f,0.1527f,0.9413f,0.3011f,-1.9246f,0f,0f,0f,1f],start_interpolation: 0,interpolation_duration: 1}
$data merge entity $(swiftness) {transformation: [0.0092f,-0.7755f,0.6313f,1.5368f,0.3813f,0.5863f,0.7148f,0.2371f,-0.9244f,0.2342f,0.3011f,-2.1453f,0f,0f,0f,1f],start_interpolation: 0,interpolation_duration: 1}
$data merge entity $(suspicious_stew) {transformation: [0f,0f,0f,1.4869f,0f,0f,0f,0.3643f,0f,0f,0f,-2.0933f,0f,0f,0f,1f],start_interpolation: 0,interpolation_duration: 1}
$data merge entity $(log) {transformation: [-0.6313f,-0.7755f,0.0092f,1.3453f,-0.7148f,0.5863f,0.3813f,0.3504f,-0.3011f,0.2342f,-0.9244f,-2.1511f,0f,0f,0f,1f],start_interpolation: 0,interpolation_duration: 1}
$data merge entity $(planks) {transformation: [-0.6313f,-0.7755f,0.0092f,1.2861f,-0.7148f,0.5863f,0.3813f,0.2834f,-0.3011f,0.2342f,-0.9244f,-2.1794f,0f,0f,0f,1f],start_interpolation: 0,interpolation_duration: 1}
$data merge entity $(lefthand1) {transformation: [-0.6313f,-0.7755f,0.0092f,1.3089f,-0.7148f,0.5863f,0.3813f,0.6637f,-0.3011f,0.2342f,-0.9244f,-1.9885f,0f,0f,0f,1f],start_interpolation: 0,interpolation_duration: 1}
$data merge entity $(leftforearm) {transformation: [-0.6213f,-0.7753f,0.1135f,0.7232f,-0.6518f,0.5918f,0.4743f,1.0316f,-0.4349f,0.2207f,-0.873f,-1.8468f,0f,0f,0f,1f],start_interpolation: 0,interpolation_duration: 1}
$data merge entity $(leftelbow) {transformation: [-0.6213f,-0.7753f,0.1135f,0.5778f,-0.6518f,0.5918f,0.4743f,1.1426f,-0.4349f,0.2207f,-0.873f,-1.8054f,0f,0f,0f,1f],start_interpolation: 0,interpolation_duration: 1}
$data merge entity $(leftarm) {transformation: [-0.2034f,-0.3875f,-0.8992f,0.3677f,-0.4441f,0.855f,-0.268f,1.4813f,0.8726f,0.3448f,-0.346f,-1.4313f,0f,0f,0f,1f],start_interpolation: 0,interpolation_duration: 1}
$data merge entity $(rightthumb2) {transformation: [0.108f,0.1494f,-0.9829f,-0.364f,0.2312f,0.9578f,0.171f,0.1889f,0.9669f,-0.2457f,0.0689f,0.1321f,0f,0f,0f,1f],start_interpolation: 0,interpolation_duration: 1}
$data merge entity $(rightthumb) {transformation: [0.108f,0.1494f,-0.9829f,-0.4113f,0.2312f,0.9578f,0.171f,0.4384f,0.9669f,-0.2457f,0.0689f,0.0778f,0f,0f,0f,1f],start_interpolation: 0,interpolation_duration: 1}
$data merge entity $(rightpointerfinger) {transformation: [0.108f,0.1494f,-0.9829f,-0.4946f,0.2312f,0.9578f,0.171f,0.1575f,0.9669f,-0.2457f,0.0689f,0.2674f,0f,0f,0f,1f],start_interpolation: 0,interpolation_duration: 1}
$data merge entity $(rightmidfinger) {transformation: [0.108f,0.1494f,-0.9829f,-0.6482f,0.2312f,0.9578f,0.171f,0.1842f,0.9669f,-0.2457f,0.0689f,0.2781f,0f,0f,0f,1f],start_interpolation: 0,interpolation_duration: 1}
$data merge entity $(rightringfinger) {transformation: [0.108f,0.1494f,-0.9829f,-0.8017f,0.2312f,0.9578f,0.171f,0.2109f,0.9669f,-0.2457f,0.0689f,0.2889f,0f,0f,0f,1f],start_interpolation: 0,interpolation_duration: 1}
$data merge entity $(hugeasssword) {transformation: [0.4229f,0.5853f,-3.8495f,-0.6311f,0.9056f,3.7512f,0.6698f,0.3146f,3.787f,-0.9624f,0.2697f,-0.0297f,0f,0f,0f,1f],start_interpolation: 0,interpolation_duration: 1}
$data merge entity $(whey) {transformation: [0.108f,0.9919f,-0.0668f,-0.5255f,0.2312f,0.0403f,0.9721f,0.1611f,0.9669f,-0.1204f,-0.225f,-0.1825f,0f,0f,0f,1f],start_interpolation: 0,interpolation_duration: 1}
$data merge entity $(ice) {transformation: [0.108f,0.1494f,-0.9829f,-0.6352f,0.2312f,0.9578f,0.171f,0.2961f,0.9669f,-0.2457f,0.0689f,-0.041f,0f,0f,0f,1f],start_interpolation: 0,interpolation_duration: 1}
$data merge entity $(righthand1) {transformation: [0.108f,0.1494f,-0.9829f,-0.6015f,0.2312f,0.9578f,0.171f,0.5986f,0.9669f,-0.2457f,0.0689f,0.1415f,0f,0f,0f,1f],start_interpolation: 0,interpolation_duration: 1}
$data merge entity $(rightforearm) {transformation: [0.108f,0.1494f,-0.9829f,-0.4879f,0.2312f,0.9578f,0.171f,1.2549f,0.9669f,-0.2457f,0.0689f,-0.0928f,0f,0f,0f,1f],start_interpolation: 0,interpolation_duration: 1}
$data merge entity $(rightelbow) {transformation: [0.108f,0.1494f,-0.9829f,-0.4598f,0.2312f,0.9578f,0.171f,1.4345f,0.9669f,-0.2457f,0.0689f,-0.1389f,0f,0f,0f,1f],start_interpolation: 0,interpolation_duration: 1}
$data merge entity $(rightarm) {transformation: [-0.9275f,0.195f,-0.3188f,-0.1495f,0.1087f,0.9569f,0.2692f,1.8808f,0.3576f,0.215f,-0.9088f,-0.0812f,0f,0f,0f,1f],start_interpolation: 0,interpolation_duration: 1}
$data merge entity $(chest1) {transformation: [-0.3735f,0.3126f,-0.9677f,-0.0363f,0.2885f,1.0211f,0.2185f,1.5528f,0.9751f,-0.1824f,-0.4353f,-0.7714f,0f,0f,0f,1f],start_interpolation: 0,interpolation_duration: 1}
$data merge entity $(chest1lid) {transformation: [-0.3448f,0.2886f,-0.8932f,-0.0017f,0.2663f,0.9425f,0.2017f,0.9206f,0.9001f,-0.1684f,-0.4018f,-0.1918f,0f,0f,0f,1f],start_interpolation: 0,interpolation_duration: 1}
$data merge entity $(chest2) {transformation: [-0.3448f,0.2886f,-0.8932f,-0.0467f,0.2663f,0.9425f,0.2017f,0.7734f,0.9001f,-0.1684f,-0.4018f,-0.1655f,0f,0f,0f,1f],start_interpolation: 0,interpolation_duration: 1}
$data merge entity $(chest1lid3) {transformation: [-0.3448f,0.2886f,-0.8932f,-0.5523f,0.2663f,0.9425f,0.2017f,1.0332f,0.9001f,-0.1684f,-0.4018f,-0.5055f,0f,0f,0f,1f],start_interpolation: 0,interpolation_duration: 1}
$data merge entity $(chest3) {transformation: [-0.3448f,0.2886f,-0.8932f,-0.5974f,0.2663f,0.9425f,0.2017f,0.8859f,0.9001f,-0.1684f,-0.4018f,-0.4792f,0f,0f,0f,1f],start_interpolation: 0,interpolation_duration: 1}
$data merge entity $(hugeasssword2) {transformation: [3.4985f,1.7592f,-0.0791f,-0.3629f,-0.7899f,1.725f,3.4265f,3.028f,1.5739f,-3.0447f,1.8956f,0.0358f,0f,0f,0f,1f],start_interpolation: 0,interpolation_duration: 1}
$data merge entity $(belt) {transformation: [-0.3448f,0.2886f,-0.8932f,-0.0232f,0.2663f,0.9425f,0.2017f,1.1424f,0.9001f,-0.1684f,-0.4018f,-0.6806f,0f,0f,0f,1f],start_interpolation: 0,interpolation_duration: 1}
$data merge entity $(torn_part) {transformation: [-0.7078f,0.2181f,-0.6719f,-0.1616f,-0.0872f,0.9168f,0.3896f,0.8758f,0.701f,0.3344f,-0.6299f,-0.5607f,0f,0f,0f,1f],start_interpolation: 0,interpolation_duration: 1}
$data merge entity $(lowerbody) {transformation: [-0.7078f,0.006f,-0.7064f,0.0039f,-0.0872f,0.9916f,0.0959f,0.3867f,0.701f,0.1295f,-0.7013f,-0.5937f,0f,0f,0f,1f],start_interpolation: 0,interpolation_duration: 1}
data modify entity @s data merge value {"cameras":{},"locators":{"soup":{"px":1.4869262899462157,"py":0.3643404870327975,"pz":-2.0932727003729563,"ry":117.14411644326418,"rx":47.59547637141269},"lefthand":{"px":1.4649227291514275,"py":0.3656107772401879,"pz":-2.12677380147221,"ry":0.5674421431742473,"rx":22.41417445406963},"sword":{"px":3.012276156513204,"py":-0.3304930016018811,"pz":-0.2014656952320475,"ry":265.99260212430346,"rx":9.84646332981349},"righthand":{"px":-0.6120222902874599,"py":0.30010101880745693,"pz":0.05244019273094479,"ry":265.99260212430346,"rx":9.84646332981349},"chest":{"px":0.10910094289361633,"py":0.8385235581648457,"pz":-0.09034197143284003,"ry":294.22166070851233,"rx":11.635585500212919}}}