# This file was generated by Animated Java via MC-Build. It is not recommended to edit this file directly.
$data merge entity $(nose) {transformation: [0.5865f,0.3864f,-0.7118f,0.4309f,0.0749f,0.8492f,0.5227f,2.1506f,0.8065f,-0.3599f,0.4692f,-1.0017f,0f,0f,0f,1f],start_interpolation: 0,interpolation_duration: 1}
$data merge entity $(glowing_eye) {transformation: [0.5865f,0.3864f,-0.7118f,0.5553f,0.0749f,0.8492f,0.5227f,2.1992f,0.8065f,-0.3599f,0.4692f,-0.9416f,0f,0f,0f,1f],start_interpolation: 0,interpolation_duration: 1}
$data merge entity $(head) {transformation: [0.5865f,0.3864f,-0.7118f,0.2499f,0.0749f,0.8492f,0.5227f,2.1436f,0.8065f,-0.3599f,0.4692f,-0.8694f,0f,0f,0f,1f],start_interpolation: 0,interpolation_duration: 1}
$data merge entity $(leftthumb2) {transformation: [-0.0151f,-0.7958f,0.6053f,1.6115f,-0.6882f,0.4475f,0.5711f,0.379f,-0.7254f,-0.4079f,-0.5544f,-1.666f,0f,0f,0f,1f],start_interpolation: 0,interpolation_duration: 1}
$data merge entity $(leftthumb) {transformation: [-0.0151f,-0.7958f,0.6053f,1.468f,-0.6882f,0.4475f,0.5711f,0.5375f,-0.7254f,-0.4079f,-0.5544f,-1.8134f,0f,0f,0f,1f],start_interpolation: 0,interpolation_duration: 1}
$data merge entity $(leftpointerfinger) {transformation: [-0.5256f,-0.7711f,-0.3595f,1.7617f,-0.8424f,0.5306f,0.0937f,0.46f,0.1185f,0.3521f,-0.9284f,-1.9854f,0f,0f,0f,1f],start_interpolation: 0,interpolation_duration: 1}
$data merge entity $(leftmidfinger) {transformation: [-0.5256f,-0.7711f,-0.3595f,1.7055f,-0.8424f,0.5306f,0.0937f,0.4746f,0.1185f,0.3521f,-0.9284f,-2.1305f,0f,0f,0f,1f],start_interpolation: 0,interpolation_duration: 1}
$data merge entity $(leftringfinger) {transformation: [-0.5256f,-0.7711f,-0.3595f,1.6493f,-0.8424f,0.5306f,0.0937f,0.4892f,0.1185f,0.3521f,-0.9284f,-2.2756f,0f,0f,0f,1f],start_interpolation: 0,interpolation_duration: 1}
$data merge entity $(invisibility) {transformation: [-0.7995f,0.2909f,0.5256f,1.59f,0.5367f,-0.0471f,0.8424f,0.3571f,0.2698f,0.9556f,-0.1185f,-1.8957f,0f,0f,0f,1f],start_interpolation: 0,interpolation_duration: 1}
$data merge entity $(swiftness) {transformation: [-0.3595f,-0.7711f,0.5256f,1.5996f,0.0937f,0.5306f,0.8424f,0.2589f,-0.9284f,0.3521f,-0.1185f,-2.1113f,0f,0f,0f,1f],start_interpolation: 0,interpolation_duration: 1}
$data merge entity $(suspicious_stew) {transformation: [0f,0f,0f,1.5425f,0f,0f,0f,0.3887f,0f,0f,0f,-2.0761f,0f,0f,0f,1f],start_interpolation: 0,interpolation_duration: 1}
$data merge entity $(log) {transformation: [-0.5256f,-0.7711f,-0.3595f,1.3962f,-0.8424f,0.5306f,0.0937f,0.3415f,0.1185f,0.3521f,-0.9284f,-2.0747f,0f,0f,0f,1f],start_interpolation: 0,interpolation_duration: 1}
$data merge entity $(planks) {transformation: [-0.5256f,-0.7711f,-0.3595f,1.347f,-0.8424f,0.5306f,0.0937f,0.2625f,0.1185f,0.3521f,-0.9284f,-2.0636f,0f,0f,0f,1f],start_interpolation: 0,interpolation_duration: 1}
$data merge entity $(lefthand1) {transformation: [-0.5256f,-0.7711f,-0.3595f,1.3461f,-0.8424f,0.5306f,0.0937f,0.6819f,0.1185f,0.3521f,-0.9284f,-1.9873f,0f,0f,0f,1f],start_interpolation: 0,interpolation_duration: 1}
$data merge entity $(leftforearm) {transformation: [-0.5755f,-0.8136f,0.0824f,0.7368f,-0.6925f,0.5385f,0.4801f,1.0097f,-0.435f,0.2193f,-0.8733f,-1.8467f,0f,0f,0f,1f],start_interpolation: 0,interpolation_duration: 1}
$data merge entity $(leftelbow) {transformation: [-0.5755f,-0.8136f,0.0824f,0.5842f,-0.6925f,0.5385f,0.4801f,1.1106f,-0.435f,0.2193f,-0.8733f,-1.8056f,0f,0f,0f,1f],start_interpolation: 0,interpolation_duration: 1}
$data merge entity $(leftarm) {transformation: [-0.2109f,-0.3806f,-0.9004f,0.3759f,-0.4256f,0.8649f,-0.2659f,1.4583f,0.88f,0.3272f,-0.3444f,-1.4387f,0f,0f,0f,1f],start_interpolation: 0,interpolation_duration: 1}
$data merge entity $(rightthumb2) {transformation: [0.1044f,0.1551f,-0.9824f,-0.354f,0.2361f,0.9557f,0.1759f,0.2f,0.9661f,-0.2504f,0.0632f,0.1301f,0f,0f,0f,1f],start_interpolation: 0,interpolation_duration: 1}
$data merge entity $(rightthumb) {transformation: [0.1044f,0.1551f,-0.9824f,-0.3999f,0.2361f,0.9557f,0.1759f,0.4494f,0.9661f,-0.2504f,0.0632f,0.0741f,0f,0f,0f,1f],start_interpolation: 0,interpolation_duration: 1}
$data merge entity $(rightpointerfinger) {transformation: [0.1044f,0.1551f,-0.9824f,-0.4854f,0.2361f,0.9557f,0.1759f,0.1699f,0.9661f,-0.2504f,0.0632f,0.2649f,0f,0f,0f,1f],start_interpolation: 0,interpolation_duration: 1}
$data merge entity $(rightmidfinger) {transformation: [0.1044f,0.1551f,-0.9824f,-0.6389f,0.2361f,0.9557f,0.1759f,0.1974f,0.9661f,-0.2504f,0.0632f,0.2747f,0f,0f,0f,1f],start_interpolation: 0,interpolation_duration: 1}
$data merge entity $(rightringfinger) {transformation: [0.1044f,0.1551f,-0.9824f,-0.7924f,0.2361f,0.9557f,0.1759f,0.2249f,0.9661f,-0.2504f,0.0632f,0.2846f,0f,0f,0f,1f],start_interpolation: 0,interpolation_duration: 1}
$data merge entity $(hugeasssword) {transformation: [0.409f,0.6073f,-3.8476f,-0.6198f,0.9249f,3.743f,0.6891f,0.3261f,3.7839f,-0.9805f,0.2475f,-0.0337f,0f,0f,0f,1f],start_interpolation: 0,interpolation_duration: 1}
$data merge entity $(whey) {transformation: [0.1044f,0.9926f,-0.0612f,-0.5141f,0.2361f,0.0351f,0.9711f,0.1711f,0.9661f,-0.1159f,-0.2307f,-0.1852f,0f,0f,0f,1f],start_interpolation: 0,interpolation_duration: 1}
$data merge entity $(ice) {transformation: [0.1044f,0.1551f,-0.9824f,-0.6239f,0.2361f,0.9557f,0.1759f,0.3074f,0.9661f,-0.2504f,0.0632f,-0.0449f,0f,0f,0f,1f],start_interpolation: 0,interpolation_duration: 1}
$data merge entity $(righthand1) {transformation: [0.1044f,0.1551f,-0.9824f,-0.5897f,0.2361f,0.9557f,0.1759f,0.6109f,0.9661f,-0.2504f,0.0632f,0.136f,0f,0f,0f,1f],start_interpolation: 0,interpolation_duration: 1}
$data merge entity $(rightforearm) {transformation: [0.1044f,0.1551f,-0.9824f,-0.4718f,0.2361f,0.9557f,0.1759f,1.2653f,0.9661f,-0.2504f,0.0632f,-0.1014f,0f,0f,0f,1f],start_interpolation: 0,interpolation_duration: 1}
$data merge entity $(rightelbow) {transformation: [0.1044f,0.1551f,-0.9824f,-0.4428f,0.2361f,0.9557f,0.1759f,1.4445f,0.9661f,-0.2504f,0.0632f,-0.1483f,0f,0f,0f,1f],start_interpolation: 0,interpolation_duration: 1}
$data merge entity $(rightarm) {transformation: [-0.9285f,0.1983f,-0.3141f,-0.1307f,0.1167f,0.9585f,0.2601f,1.8901f,0.3526f,0.2048f,-0.9131f,-0.0945f,0f,0f,0f,1f],start_interpolation: 0,interpolation_duration: 1}
$data merge entity $(chest1) {transformation: [-0.3659f,0.3331f,-0.9637f,-0.0254f,0.3119f,1.0114f,0.2311f,1.5487f,0.9708f,-0.1994f,-0.4375f,-0.7795f,0f,0f,0f,1f],start_interpolation: 0,interpolation_duration: 1}
$data merge entity $(chest1lid) {transformation: [-0.3377f,0.3075f,-0.8896f,-0.0027f,0.2879f,0.9336f,0.2134f,0.9254f,0.8961f,-0.184f,-0.4038f,-0.1897f,0f,0f,0f,1f],start_interpolation: 0,interpolation_duration: 1}
$data merge entity $(chest2) {transformation: [-0.3377f,0.3075f,-0.8896f,-0.0507f,0.2879f,0.9336f,0.2134f,0.7796f,0.8961f,-0.184f,-0.4038f,-0.161f,0f,0f,0f,1f],start_interpolation: 0,interpolation_duration: 1}
$data merge entity $(chest1lid3) {transformation: [-0.3377f,0.3075f,-0.8896f,-0.5515f,0.2879f,0.9336f,0.2134f,1.0441f,0.8961f,-0.184f,-0.4038f,-0.5044f,0f,0f,0f,1f],start_interpolation: 0,interpolation_duration: 1}
$data merge entity $(chest3) {transformation: [-0.3377f,0.3075f,-0.8896f,-0.5995f,0.2879f,0.9336f,0.2134f,0.8983f,0.8961f,-0.184f,-0.4038f,-0.4757f,0f,0f,0f,1f],start_interpolation: 0,interpolation_duration: 1}
$data merge entity $(hugeasssword2) {transformation: [3.4843f,1.7888f,-0.0059f,-0.3204f,-0.8357f,1.6391f,3.4576f,3.0432f,1.5817f,-3.0747f,1.8398f,0.0041f,0f,0f,0f,1f],start_interpolation: 0,interpolation_duration: 1}
$data merge entity $(belt) {transformation: [-0.3377f,0.3075f,-0.8896f,-0.0206f,0.2879f,0.9336f,0.2134f,1.1397f,0.8961f,-0.184f,-0.4038f,-0.682f,0f,0f,0f,1f],start_interpolation: 0,interpolation_duration: 1}
$data merge entity $(torn_part) {transformation: [-0.7076f,0.2189f,-0.6719f,-0.1613f,-0.0873f,0.9164f,0.3905f,0.8759f,0.7013f,0.3349f,-0.6293f,-0.5603f,0f,0f,0f,1f],start_interpolation: 0,interpolation_duration: 1}
$data merge entity $(lowerbody) {transformation: [-0.7076f,0.0068f,-0.7066f,0.0039f,-0.0873f,0.9915f,0.0969f,0.3867f,0.7013f,0.1302f,-0.7009f,-0.5937f,0f,0f,0f,1f],start_interpolation: 0,interpolation_duration: 1}
data modify entity @s data merge value {"cameras":{},"locators":{"soup":{"px":1.542470063060268,"py":0.38866668351223965,"pz":-2.076068003102268,"ry":77.77954133778178,"rx":59.650215660867936},"lefthand":{"px":1.5113683439198833,"py":0.37759150842542244,"pz":-2.098804099972871,"ry":338.83555885406133,"rx":5.3752019037498675},"sword":{"px":3.021353027055056,"py":-0.3369148168601376,"pz":-0.18438665714619268,"ry":266.3200053188276,"rx":10.133881711801727},"righthand":{"px":-0.6011347323682751,"py":0.3118966737827375,"pz":0.048599034341302624,"ry":266.3200053188276,"rx":10.133881711801727},"chest":{"px":0.10652204384791103,"py":0.8427381274243085,"pz":-0.08711496863022185,"ry":294.41515163420786,"rx":12.31967399435803}}}